run_id,policy,num_devices,window_id,window_start,window_end,app_id,state_total_0,state_total_1,state_total_2,state_lag_total_0,state_lag_total_1,state_lag_total_2,state_completed_0,state_completed_1,state_completed_2,state_failed_0,state_failed_1,state_failed_2,state_failure_rate_0,state_failure_rate_1,state_failure_rate_2,state_mean_service_time_0,state_mean_service_time_1,state_mean_service_time_2,state_deadline_norm_service_time_0,state_deadline_norm_service_time_1,state_deadline_norm_service_time_2,state_deadline_miss_rate_0,state_deadline_miss_rate_1,state_deadline_miss_rate_2,state_avg_edge_cpu,state_max_edge_cpu,state_sent_edge,state_sent_rsu,state_sent_gsm,state_fail_edge,state_fail_rsu,state_fail_gsm,state_edge_failure_rate,state_rsu_failure_rate,state_gsm_failure_rate,previous_alpha,previous_w_load_0,previous_w_load_1,previous_w_load_2,previous_threshold_0,previous_threshold_1,previous_threshold_2,candidate_alpha,candidate_w_load_0,candidate_w_load_1,candidate_w_load_2,candidate_threshold_0,candidate_threshold_1,candidate_threshold_2,target_generated,target_completed,target_failed,target_finalized,target_failure_rate,target_mean_service_time,target_deadline,target_deadline_norm_service_time,target_deadline_misses,target_deadline_miss_rate,completion_fraction,is_complete
"iteration_1","SCOPE_DATA_COLLECTION",100,0,70.0,130.0,0,677,235,139,0,0,0,670,232,132,0,0,0,0.0,0.0,0.0,0.345977484933632,1.0506326937794157,2.0573841255171863,0.691954969867264,1.0506326937794157,1.3715894170114575,0.0,0.7241379310344828,1.0,42.5,100.0,1051,0,0,0,0,0,0.0,0.0,0.0,0.6,0.5,0.7,0.4,85.0,80.0,90.0,0.25,0.6000000000000001,0.7000000000000001,0.9,50.0,45.0,40.0,705,705,0,705,0.0,0.3467194919421077,0.5,0.6934389838842154,0,0.0,1.0,1
"iteration_1","SCOPE_DATA_COLLECTION",100,0,70.0,130.0,1,677,235,139,0,0,0,670,232,132,0,0,0,0.0,0.0,0.0,0.345977484933632,1.0506326937794157,2.0573841255171863,0.691954969867264,1.0506326937794157,1.3715894170114575,0.0,0.7241379310344828,1.0,42.5,100.0,1051,0,0,0,0,0,0.0,0.0,0.0,0.6,0.5,0.7,0.4,85.0,80.0,90.0,0.25,0.6000000000000001,0.7000000000000001,0.9,50.0,45.0,40.0,302,302,0,302,0.0,1.052445350116172,1.0,1.052445350116172,227,0.7516556291390728,1.0,1
"iteration_1","SCOPE_DATA_COLLECTION",100,0,70.0,130.0,2,677,235,139,0,0,0,670,232,132,0,0,0,0.0,0.0,0.0,0.345977484933632,1.0506326937794157,2.0573841255171863,0.691954969867264,1.0506326937794157,1.3715894170114575,0.0,0.7241379310344828,1.0,42.5,100.0,1051,0,0,0,0,0,0.0,0.0,0.0,0.6,0.5,0.7,0.4,85.0,80.0,90.0,0.25,0.6000000000000001,0.7000000000000001,0.9,50.0,45.0,40.0,157,155,2,157,0.012738853503184714,2.051024033232522,1.5,1.367349355488348,155,1.0,1.0,1
"iteration_1","SCOPE_DATA_COLLECTION",100,1,130.0,190.0,0,705,302,157,677,235,139,709,303,153,0,0,2,0.0,0.0,0.012903225806451613,0.3467945277727105,1.0524313018467248,2.0504846385011435,0.693589055545421,1.0524313018467248,1.3669897590007623,0.0,0.7524752475247525,1.0,35.0,100.0,1164,0,0,2,0,0,0.001718213058419244,0.0,0.0,0.25,0.6000000000000001,0.7000000000000001,0.9,50.0,45.0,40.0,0.25,0.6000000000000001,0.7000000000000001,0.9,40.0,35.0,30.0,744,744,0,744,0.0,0.3471977800691201,0.5,0.6943955601382402,0,0.0,1.0,1
"iteration_1","SCOPE_DATA_COLLECTION",100,1,130.0,190.0,1,705,302,157,677,235,139,709,303,153,0,0,2,0.0,0.0,0.012903225806451613,0.3467945277727105,1.0524313018467248,2.0504846385011435,0.693589055545421,1.0524313018467248,1.3669897590007623,0.0,0.7524752475247525,1.0,35.0,100.0,1164,0,0,2,0,0,0.001718213058419244,0.0,0.0,0.25,0.6000000000000001,0.7000000000000001,0.9,50.0,45.0,40.0,0.25,0.6000000000000001,0.7000000000000001,0.9,40.0,35.0,30.0,265,265,0,265,0.0,1.0531685453896666,1.0,1.0531685453896666,205,0.7735849056603774,1.0,1
"iteration_1","SCOPE_DATA_COLLECTION",100,1,130.0,190.0,2,705,302,157,677,235,139,709,303,153,0,0,2,0.0,0.0,0.012903225806451613,0.3467945277727105,1.0524313018467248,2.0504846385011435,0.693589055545421,1.0524313018467248,1.3669897590007623,0.0,0.7524752475247525,1.0,35.0,100.0,1164,0,0,2,0,0,0.001718213058419244,0.0,0.0,0.25,0.6000000000000001,0.7000000000000001,0.9,50.0,45.0,40.0,0.25,0.6000000000000001,0.7000000000000001,0.9,40.0,35.0,30.0,180,179,1,180,0.005555555555555556,2.0558687308410977,1.5,1.370579153894065,179,1.0,1.0,1
"iteration_1","SCOPE_DATA_COLLECTION",100,2,190.0,250.0,0,744,265,180,705,302,157,739,258,186,0,0,1,0.0,0.0,0.0053475935828877,0.3472004323789801,1.0533200612924822,2.057228780647004,0.6944008647579601,1.0533200612924822,1.3714858537646695,0.0,0.7751937984496124,1.0,47.5,100.0,1189,0,0,1,0,0,8.410428931875525E-4,0.0,0.0,0.25,0.6000000000000001,0.7000000000000001,0.9,40.0,35.0,30.0,0.55,0.9,0.7000000000000001,0.9,95.0,35.0,50.0,712,712,0,712,0.0,0.3492251918901648,0.5,0.6984503837803296,0,0.0,1.0,1
"iteration_1","SCOPE_DATA_COLLECTION",100,2,190.0,250.0,1,744,265,180,705,302,157,739,258,186,0,0,1,0.0,0.0,0.0053475935828877,0.3472004323789801,1.0533200612924822,2.057228780647004,0.6944008647579601,1.0533200612924822,1.3714858537646695,0.0,0.7751937984496124,1.0,47.5,100.0,1189,0,0,1,0,0,8.410428931875525E-4,0.0,0.0,0.25,0.6000000000000001,0.7000000000000001,0.9,40.0,35.0,30.0,0.55,0.9,0.7000000000000001,0.9,95.0,35.0,50.0,245,245,0,245,0.0,1.056675785498876,1.0,1.056675785498876,193,0.7877551020408163,1.0,1
"iteration_1","SCOPE_DATA_COLLECTION",100,2,190.0,250.0,2,744,265,180,705,302,157,739,258,186,0,0,1,0.0,0.0,0.0053475935828877,0.3472004323789801,1.0533200612924822,2.057228780647004,0.6944008647579601,1.0533200612924822,1.3714858537646695,0.0,0.7751937984496124,1.0,47.5,100.0,1189,0,0,1,0,0,8.410428931875525E-4,0.0,0.0,0.25,0.6000000000000001,0.7000000000000001,0.9,40.0,35.0,30.0,0.55,0.9,0.7000000000000001,0.9,95.0,35.0,50.0,145,145,0,145,0.0,2.0710685261821276,1.5,1.380712350788085,145,1.0,1.0,1
"iteration_1","SCOPE_DATA_COLLECTION",100,3,250.0,310.0,0,712,245,145,744,265,180,712,248,139,0,0,0,0.0,0.0,0.0,0.34915417919418335,1.0570907133258134,2.0661979319440413,0.6983083583883667,1.0570907133258134,1.3774652879626943,0.0,0.7903225806451613,1.0,47.5,100.0,1102,0,0,0,0,0,0.0,0.0,0.0,0.55,0.9,0.7000000000000001,0.9,95.0,35.0,50.0,0.55,0.8,0.30000000000000004,0.8,30.0,45.0,70.0,742,742,0,742,0.0,0.3489352527495134,0.5,0.6978705054990268,0,0.0,1.0,1
"iteration_1","SCOPE_DATA_COLLECTION",100,3,250.0,310.0,1,712,245,145,744,265,180,712,248,139,0,0,0,0.0,0.0,0.0,0.34915417919418335,1.0570907133258134,2.0661979319440413,0.6983083583883667,1.0570907133258134,1.3774652879626943,0.0,0.7903225806451613,1.0,47.5,100.0,1102,0,0,0,0,0,0.0,0.0,0.0,0.55,0.9,0.7000000000000001,0.9,95.0,35.0,50.0,0.55,0.8,0.30000000000000004,0.8,30.0,45.0,70.0,287,287,0,287,0.0,1.053834499689114,1.0,1.053834499689114,219,0.7630662020905923,1.0,1
"iteration_1","SCOPE_DATA_COLLECTION",100,3,250.0,310.0,2,712,245,145,744,265,180,712,248,139,0,0,0,0.0,0.0,0.0,0.34915417919418335,1.0570907133258134,2.0661979319440413,0.6983083583883667,1.0570907133258134,1.3774652879626943,0.0,0.7903225806451613,1.0,47.5,100.0,1102,0,0,0,0,0,0.0,0.0,0.0,0.55,0.9,0.7000000000000001,0.9,95.0,35.0,50.0,0.55,0.8,0.30000000000000004,0.8,30.0,45.0,70.0,172,171,1,172,0.005813953488372093,2.065607639927375,1.5,1.3770717599515834,171,1.0,1.0,1
"iteration_1","SCOPE_DATA_COLLECTION",100,4,310.0,370.0,0,742,287,172,712,245,145,746,291,169,0,0,1,0.0,0.0,0.0058823529411764705,0.3490198107526541,1.0535291639876374,2.066625601199463,0.6980396215053082,1.0535291639876374,1.377750400799642,0.0,0.7628865979381443,1.0,40.0,100.0,1201,0,0,1,0,0,8.326394671107411E-4,0.0,0.0,0.55,0.8,0.30000000000000004,0.8,30.0,45.0,70.0,0.55,0.8,0.30000000000000004,0.8,30.0,45.0,70.0,710,709,1,710,0.0014084507042253522,0.34858688604038085,0.5,0.6971737720807617,0,0.0,1.0,1
"iteration_1","SCOPE_DATA_COLLECTION",100,4,310.0,370.0,1,742,287,172,712,245,145,746,291,169,0,0,1,0.0,0.0,0.0058823529411764705,0.3490198107526541,1.0535291639876374,2.066625601199463,0.6980396215053082,1.0535291639876374,1.377750400799642,0.0,0.7628865979381443,1.0,40.0,100.0,1201,0,0,1,0,0,8.326394671107411E-4,0.0,0.0,0.55,0.8,0.30000000000000004,0.8,30.0,45.0,70.0,0.55,0.8,0.30000000000000004,0.8,30.0,45.0,70.0,246,246,0,246,0.0,1.0548267414440724,1.0,1.0548267414440724,196,0.7967479674796748,1.0,1
"iteration_1","SCOPE_DATA_COLLECTION",100,4,310.0,370.0,2,742,287,172,712,245,145,746,291,169,0,0,1,0.0,0.0,0.0058823529411764705,0.3490198107526541,1.0535291639876374,2.066625601199463,0.6980396215053082,1.0535291639876374,1.377750400799642,0.0,0.7628865979381443,1.0,40.0,100.0,1201,0,0,1,0,0,8.326394671107411E-4,0.0,0.0,0.55,0.8,0.30000000000000004,0.8,30.0,45.0,70.0,0.55,0.8,0.30000000000000004,0.8,30.0,45.0,70.0,166,166,0,166,0.0,2.0582614001706774,1.5,1.3721742667804515,166,1.0,1.0,1
"iteration_1","SCOPE_DATA_COLLECTION",100,5,370.0,430.0,0,710,246,166,742,287,172,710,243,169,1,0,0,0.0014064697609001407,0.0,0.0,0.3486227958659861,1.0539592107851241,2.0619019636893863,0.6972455917319722,1.0539592107851241,1.3746013091262574,0.0,0.7942386831275721,1.0,35.0,100.0,1122,0,0,1,0,0,8.9126559714795E-4,0.0,0.0,0.55,0.8,0.30000000000000004,0.8,30.0,45.0,70.0,0.55,0.8,0.2,0.9,20.0,45.0,80.0,757,757,0,757,0.0,0.34819932431450645,0.5,0.6963986486290129,0,0.0,1.0,1
"iteration_1","SCOPE_DATA_COLLECTION",100,5,370.0,430.0,1,710,246,166,742,287,172,710,243,169,1,0,0,0.0014064697609001407,0.0,0.0,0.3486227958659861,1.0539592107851241,2.0619019636893863,0.6972455917319722,1.0539592107851241,1.3746013091262574,0.0,0.7942386831275721,1.0,35.0,100.0,1122,0,0,1,0,0,8.9126559714795E-4,0.0,0.0,0.55,0.8,0.30000000000000004,0.8,30.0,45.0,70.0,0.55,0.8,0.2,0.9,20.0,45.0,80.0,261,261,0,261,0.0,1.0506376915461295,1.0,1.0506376915461295,194,0.7432950191570882,1.0,1
"iteration_1","SCOPE_DATA_COLLECTION",100,5,370.0,430.0,2,710,246,166,742,287,172,710,243,169,1,0,0,0.0014064697609001407,0.0,0.0,0.3486227958659861,1.0539592107851241,2.0619019636893863,0.6972455917319722,1.0539592107851241,1.3746013091262574,0.0,0.7942386831275721,1.0,35.0,100.0,1122,0,0,1,0,0,8.9126559714795E-4,0.0,0.0,0.55,0.8,0.30000000000000004,0.8,30.0,45.0,70.0,0.55,0.8,0.2,0.9,20.0,45.0,80.0,169,168,1,169,0.005917159763313609,2.0660509236340667,1.5,1.3773672824227112,168,1.0,1.0,1
"iteration_1","SCOPE_DATA_COLLECTION",100,6,430.0,490.0,0,757,261,169,710,246,166,757,260,173,0,0,1,0.0,0.0,0.005747126436781609,0.3481409536645113,1.0505186272143239,2.063498903768077,0.6962819073290226,1.0505186272143239,1.3756659358453847,0.0,0.7384615384615385,1.0,27.5,100.0,1187,0,0,1,0,0,8.424599831508003E-4,0.0,0.0,0.55,0.8,0.2,0.9,20.0,45.0,80.0,0.55,0.9,0.2,0.9,20.0,55.0,70.0,691,691,0,691,0.0,0.34903429034407,0.5,0.69806858068814,0,0.0,1.0,1
"iteration_1","SCOPE_DATA_COLLECTION",100,6,430.0,490.0,1,757,261,169,710,246,166,757,260,173,0,0,1,0.0,0.0,0.005747126436781609,0.3481409536645113,1.0505186272143239,2.063498903768077,0.6962819073290226,1.0505186272143239,1.3756659358453847,0.0,0.7384615384615385,1.0,27.5,100.0,1187,0,0,1,0,0,8.424599831508003E-4,0.0,0.0,0.55,0.8,0.2,0.9,20.0,45.0,80.0,0.55,0.9,0.2,0.9,20.0,55.0,70.0,235,235,0,235,0.0,1.0577514267143526,1.0,1.0577514267143526,185,0.7872340425531915,1.0,1
"iteration_1","SCOPE_DATA_COLLECTION",100,6,430.0,490.0,2,757,261,169,710,246,166,757,260,173,0,0,1,0.0,0.0,0.005747126436781609,0.3481409536645113,1.0505186272143239,2.063498903768077,0.6962819073290226,1.0505186272143239,1.3756659358453847,0.0,0.7384615384615385,1.0,27.5,100.0,1187,0,0,1,0,0,8.424599831508003E-4,0.0,0.0,0.55,0.8,0.2,0.9,20.0,45.0,80.0,0.55,0.9,0.2,0.9,20.0,55.0,70.0,162,162,0,162,0.0,2.058644357177042,1.5,1.3724295714513612,162,1.0,1.0,1
"iteration_1","SCOPE_DATA_COLLECTION",100,7,490.0,550.0,0,691,235,162,757,261,169,693,236,156,0,0,0,0.0,0.0,0.0,0.34905262551069355,1.0586919284555425,2.0632820709005744,0.6981052510213871,1.0586919284555425,1.375521380600383,0.0,0.7923728813559322,1.0,32.5,100.0,1088,0,0,0,0,0,0.0,0.0,0.0,0.55,0.9,0.2,0.9,20.0,55.0,70.0,0.55,0.9,0.2,0.9,20.0,55.0,70.0,748,747,1,748,0.001336898395721925,0.34923998391016287,0.5,0.6984799678203257,0,0.0,1.0,1
"iteration_1","SCOPE_DATA_COLLECTION",100,7,490.0,550.0,1,691,235,162,757,261,169,693,236,156,0,0,0,0.0,0.0,0.0,0.34905262551069355,1.0586919284555425,2.0632820709005744,0.6981052510213871,1.0586919284555425,1.375521380600383,0.0,0.7923728813559322,1.0,32.5,100.0,1088,0,0,0,0,0,0.0,0.0,0.0,0.55,0.9,0.2,0.9,20.0,55.0,70.0,0.55,0.9,0.2,0.9,20.0,55.0,70.0,291,291,0,291,0.0,1.0577315746763558,1.0,1.0577315746763558,234,0.8041237113402062,1.0,1
"iteration_1","SCOPE_DATA_COLLECTION",100,7,490.0,550.0,2,691,235,162,757,261,169,693,236,156,0,0,0,0.0,0.0,0.0,0.34905262551069355,1.0586919284555425,2.0632820709005744,0.6981052510213871,1.0586919284555425,1.375521380600383,0.0,0.7923728813559322,1.0,32.5,100.0,1088,0,0,0,0,0,0.0,0.0,0.0,0.55,0.9,0.2,0.9,20.0,55.0,70.0,0.55,0.9,0.2,0.9,20.0,55.0,70.0,149,148,1,149,0.006711409395973154,2.067290946046887,1.5,1.378193964031258,148,1.0,1.0,1
"iteration_1","SCOPE_DATA_COLLECTION",100,8,550.0,610.0,0,748,291,149,691,235,162,743,292,151,1,0,1,0.0013440860215053765,0.0,0.006578947368421052,0.3492892333374143,1.0571485292050777,2.0638021847395356,0.6985784666748286,1.0571485292050777,1.3758681231596903,0.0,0.8013698630136986,1.0,35.0,100.0,1188,0,0,2,0,0,0.0016835016835016834,0.0,0.0,0.55,0.9,0.2,0.9,20.0,55.0,70.0,0.65,0.9,0.1,0.9,20.0,45.0,70.0,708,707,1,708,0.0014124293785310734,0.34903449204449327,0.5,0.6980689840889865,0,0.0,1.0,1
"iteration_1","SCOPE_DATA_COLLECTION",100,8,550.0,610.0,1,748,291,149,691,235,162,743,292,151,1,0,1,0.0013440860215053765,0.0,0.006578947368421052,0.3492892333374143,1.0571485292050777,2.0638021847395356,0.6985784666748286,1.0571485292050777,1.3758681231596903,0.0,0.8013698630136986,1.0,35.0,100.0,1188,0,0,2,0,0,0.0016835016835016834,0.0,0.0,0.55,0.9,0.2,0.9,20.0,55.0,70.0,0.65,0.9,0.1,0.9,20.0,45.0,70.0,258,258,0,258,0.0,1.054641500172709,1.0,1.054641500172709,198,0.7674418604651163,1.0,1
"iteration_1","SCOPE_DATA_COLLECTION",100,8,550.0,610.0,2,748,291,149,691,235,162,743,292,151,1,0,1,0.0013440860215053765,0.0,0.006578947368421052,0.3492892333374143,1.0571485292050777,2.0638021847395356,0.6985784666748286,1.0571485292050777,1.3758681231596903,0.0,0.8013698630136986,1.0,35.0,100.0,1188,0,0,2,0,0,0.0016835016835016834,0.0,0.0,0.55,0.9,0.2,0.9,20.0,55.0,70.0,0.65,0.9,0.1,0.9,20.0,45.0,70.0,161,161,0,161,0.0,2.0613646294650634,1.5,1.3742430863100423,161,1.0,1.0,1
"iteration_1","SCOPE_DATA_COLLECTION",100,9,610.0,670.0,0,708,258,161,748,291,149,705,256,160,1,0,0,0.00141643059490085,0.0,0.0,0.34895938076023064,1.0546876342480278,2.0616586353803505,0.6979187615204613,1.0546876342480278,1.374439090253567,0.0,0.76953125,1.0,45.0,100.0,1127,0,0,1,0,0,8.873114463176575E-4,0.0,0.0,0.65,0.9,0.1,0.9,20.0,45.0,70.0,0.45,0.9,0.5,0.5,70.0,95.0,90.0,802,802,0,802,0.0,0.3490616476917975,0.5,0.698123295383595,0,0.0,1.0,1
"iteration_1","SCOPE_DATA_COLLECTION",100,9,610.0,670.0,1,708,258,161,748,291,149,705,256,160,1,0,0,0.00141643059490085,0.0,0.0,0.34895938076023064,1.0546876342480278,2.0616586353803505,0.6979187615204613,1.0546876342480278,1.374439090253567,0.0,0.76953125,1.0,45.0,100.0,1127,0,0,1,0,0,8.873114463176575E-4,0.0,0.0,0.65,0.9,0.1,0.9,20.0,45.0,70.0,0.45,0.9,0.5,0.5,70.0,95.0,90.0,278,278,0,278,0.0,1.048947160379209,1.0,1.048947160379209,208,0.7482014388489209,1.0,1
"iteration_1","SCOPE_DATA_COLLECTION",100,9,610.0,670.0,2,708,258,161,748,291,149,705,256,160,1,0,0,0.00141643059490085,0.0,0.0,0.34895938076023064,1.0546876342480278,2.0616586353803505,0.6979187615204613,1.0546876342480278,1.374439090253567,0.0,0.76953125,1.0,45.0,100.0,1127,0,0,1,0,0,8.873114463176575E-4,0.0,0.0,0.65,0.9,0.1,0.9,20.0,45.0,70.0,0.45,0.9,0.5,0.5,70.0,95.0,90.0,180,180,0,180,0.0,2.0773364447368667,1.5,1.3848909631579112,180,1.0,1.0,1
"iteration_1","SCOPE_DATA_COLLECTION",100,10,670.0,730.0,0,802,278,180,708,258,161,805,280,183,0,0,0,0.0,0.0,0.0,0.34910529149311803,1.0491574586558357,2.077543788962174,0.6982105829862361,1.0491574586558357,1.3850291926414495,0.0,0.75,1.0,27.5,100.0,1260,0,0,0,0,0,0.0,0.0,0.0,0.45,0.9,0.5,0.5,70.0,95.0,90.0,0.55,0.9,0.4,0.4,60.0,85.0,80.0,739,738,1,739,0.0013531799729364006,0.3482305886594206,0.5,0.6964611773188412,0,0.0,1.0,1
"iteration_1","SCOPE_DATA_COLLECTION",100,10,670.0,730.0,1,802,278,180,708,258,161,805,280,183,0,0,0,0.0,0.0,0.0,0.34910529149311803,1.0491574586558357,2.077543788962174,0.6982105829862361,1.0491574586558357,1.3850291926414495,0.0,0.75,1.0,27.5,100.0,1260,0,0,0,0,0,0.0,0.0,0.0,0.45,0.9,0.5,0.5,70.0,95.0,90.0,0.55,0.9,0.4,0.4,60.0,85.0,80.0,260,260,0,260,0.0,1.0507298928655402,1.0,1.0507298928655402,189,0.7269230769230769,1.0,1
"iteration_1","SCOPE_DATA_COLLECTION",100,10,670.0,730.0,2,802,278,180,708,258,161,805,280,183,0,0,0,0.0,0.0,0.0,0.34910529149311803,1.0491574586558357,2.077543788962174,0.6982105829862361,1.0491574586558357,1.3850291926414495,0.0,0.75,1.0,27.5,100.0,1260,0,0,0,0,0,0.0,0.0,0.0,0.45,0.9,0.5,0.5,70.0,95.0,90.0,0.55,0.9,0.4,0.4,60.0,85.0,80.0,192,192,0,192,0.0,2.079416779157196,1.5,1.3862778527714639,192,1.0,1.0,1
"iteration_1","SCOPE_DATA_COLLECTION",100,11,730.0,790.0,0,739,260,192,802,278,180,737,258,188,1,0,0,0.0013550135501355014,0.0,0.0,0.3482651924984718,1.0522590537665293,2.079599809628001,0.6965303849969436,1.0522590537665293,1.386399873085334,0.0,0.7325581395348837,1.0,45.0,100.0,1191,0,0,1,0,0,8.396305625524769E-4,0.0,0.0,0.55,0.9,0.4,0.4,60.0,85.0,80.0,0.55,0.8,0.30000000000000004,0.4,70.0,85.0,90.0,765,765,0,765,0.0,0.3466798168672981,0.5,0.6933596337345962,0,0.0,1.0,1
"iteration_1","SCOPE_DATA_COLLECTION",100,11,730.0,790.0,1,739,260,192,802,278,180,737,258,188,1,0,0,0.0013550135501355014,0.0,0.0,0.3482651924984718,1.0522590537665293,2.079599809628001,0.6965303849969436,1.0522590537665293,1.386399873085334,0.0,0.7325581395348837,1.0,45.0,100.0,1191,0,0,1,0,0,8.396305625524769E-4,0.0,0.0,0.55,0.9,0.4,0.4,60.0,85.0,80.0,0.55,0.8,0.30000000000000004,0.4,70.0,85.0,90.0,262,262,0,262,0.0,1.0540996848753579,1.0,1.0540996848753579,200,0.7633587786259542,1.0,1
"iteration_1","SCOPE_DATA_COLLECTION",100,11,730.0,790.0,2,739,260,192,802,278,180,737,258,188,1,0,0,0.0013550135501355014,0.0,0.0,0.3482651924984718,1.0522590537665293,2.079599809628001,0.6965303849969436,1.0522590537665293,1.386399873085334,0.0,0.7325581395348837,1.0,45.0,100.0,1191,0,0,1,0,0,8.396305625524769E-4,0.0,0.0,0.55,0.9,0.4,0.4,60.0,85.0,80.0,0.55,0.8,0.30000000000000004,0.4,70.0,85.0,90.0,159,159,0,159,0.0,2.073112612998965,1.5,1.3820750753326434,159,1.0,1.0,1
"iteration_1","SCOPE_DATA_COLLECTION",100,12,790.0,850.0,0,765,262,159,739,260,192,765,260,162,0,0,0,0.0,0.0,0.0,0.3464991991280431,1.052041121119292,2.073013591088858,0.6929983982560862,1.052041121119292,1.3820090607259052,0.0,0.75,1.0,37.5,100.0,1186,0,0,0,0,0,0.0,0.0,0.0,0.55,0.8,0.30000000000000004,0.4,70.0,85.0,90.0,0.55,0.8,0.30000000000000004,0.4,70.0,85.0,90.0,784,783,1,784,0.0012755102040816326,0.3473749098815583,0.5,0.6947498197631166,0,0.0,1.0,1
"iteration_1","SCOPE_DATA_COLLECTION",100,12,790.0,850.0,1,765,262,159,739,260,192,765,260,162,0,0,0,0.0,0.0,0.0,0.3464991991280431,1.052041121119292,2.073013591088858,0.6929983982560862,1.052041121119292,1.3820090607259052,0.0,0.75,1.0,37.5,100.0,1186,0,0,0,0,0,0.0,0.0,0.0,0.55,0.8,0.30000000000000004,0.4,70.0,85.0,90.0,0.55,0.8,0.30000000000000004,0.4,70.0,85.0,90.0,258,258,0,258,0.0,1.0450031419424402,1.0,1.0450031419424402,184,0.7131782945736435,1.0,1
"iteration_1","SCOPE_DATA_COLLECTION",100,12,790.0,850.0,2,765,262,159,739,260,192,765,260,162,0,0,0,0.0,0.0,0.0,0.3464991991280431,1.052041121119292,2.073013591088858,0.6929983982560862,1.052041121119292,1.3820090607259052,0.0,0.75,1.0,37.5,100.0,1186,0,0,0,0,0,0.0,0.0,0.0,0.55,0.8,0.30000000000000004,0.4,70.0,85.0,90.0,0.55,0.8,0.30000000000000004,0.4,70.0,85.0,90.0,150,150,0,150,0.0,2.059593625480746,1.5,1.373062416987164,150,1.0,1.0,1
"iteration_1","SCOPE_DATA_COLLECTION",100,13,850.0,910.0,0,784,258,150,765,262,159,783,260,150,1,0,0,0.0012755102040816326,0.0,0.0,0.34745095987004115,1.0456242927576822,2.0601105748956843,0.6949019197400823,1.0456242927576822,1.3734070499304563,0.0,0.7153846153846154,1.0,32.5,100.0,1192,0,0,1,0,0,8.389261744966443E-4,0.0,0.0,0.55,0.8,0.30000000000000004,0.4,70.0,85.0,90.0,0.55,0.9,0.8,0.4,75.0,55.0,35.0,770,770,0,770,0.0,0.3464262331559547,0.5,0.6928524663119094,0,0.0,1.0,1
"iteration_1","SCOPE_DATA_COLLECTION",100,13,850.0,910.0,1,784,258,150,765,262,159,783,260,150,1,0,0,0.0012755102040816326,0.0,0.0,0.34745095987004115,1.0456242927576822,2.0601105748956843,0.6949019197400823,1.0456242927576822,1.3734070499304563,0.0,0.7153846153846154,1.0,32.5,100.0,1192,0,0,1,0,0,8.389261744966443E-4,0.0,0.0,0.55,0.8,0.30000000000000004,0.4,70.0,85.0,90.0,0.55,0.9,0.8,0.4,75.0,55.0,35.0,291,291,0,291,0.0,1.0495237455222584,1.0,1.0495237455222584,214,0.7353951890034365,1.0,1
"iteration_1","SCOPE_DATA_COLLECTION",100,13,850.0,910.0,2,784,258,150,765,262,159,783,260,150,1,0,0,0.0012755102040816326,0.0,0.0,0.34745095987004115,1.0456242927576822,2.0601105748956843,0.6949019197400823,1.0456242927576822,1.3734070499304563,0.0,0.7153846153846154,1.0,32.5,100.0,1192,0,0,1,0,0,8.389261744966443E-4,0.0,0.0,0.55,0.8,0.30000000000000004,0.4,70.0,85.0,90.0,0.55,0.9,0.8,0.4,75.0,55.0,35.0,164,164,0,164,0.0,2.07100051253705,1.5,1.3806670083580332,164,1.0,1.0,1
"iteration_1","SCOPE_DATA_COLLECTION",100,14,910.0,970.0,0,770,291,164,784,258,150,772,292,158,0,0,0,0.0,0.0,0.0,0.346501415591269,1.0502015422954518,2.0681740523798537,0.693002831182538,1.0502015422954518,1.3787827015865692,0.0,0.7397260273972602,1.0,45.0,100.0,1225,0,0,0,0,0,0.0,0.0,0.0,0.55,0.9,0.8,0.4,75.0,55.0,35.0,0.55,0.9,0.8,0.4,75.0,55.0,35.0,773,773,0,773,0.0,0.3489168749945035,0.5,0.697833749989007,0,0.0,1.0,1
"iteration_1","SCOPE_DATA_COLLECTION",100,14,910.0,970.0,1,770,291,164,784,258,150,772,292,158,0,0,0,0.0,0.0,0.0,0.346501415591269,1.0502015422954518,2.0681740523798537,0.693002831182538,1.0502015422954518,1.3787827015865692,0.0,0.7397260273972602,1.0,45.0,100.0,1225,0,0,0,0,0,0.0,0.0,0.0,0.55,0.9,0.8,0.4,75.0,55.0,35.0,0.55,0.9,0.8,0.4,75.0,55.0,35.0,253,253,0,253,0.0,1.0547546895836806,1.0,1.0547546895836806,193,0.7628458498023716,1.0,1
"iteration_1","SCOPE_DATA_COLLECTION",100,14,910.0,970.0,2,770,291,164,784,258,150,772,292,158,0,0,0,0.0,0.0,0.0,0.346501415591269,1.0502015422954518,2.0681740523798537,0.693002831182538,1.0502015422954518,1.3787827015865692,0.0,0.7397260273972602,1.0,45.0,100.0,1225,0,0,0,0,0,0.0,0.0,0.0,0.55,0.9,0.8,0.4,75.0,55.0,35.0,0.55,0.9,0.8,0.4,75.0,55.0,35.0,180,180,0,180,0.0,2.0742471934942164,1.5,1.3828314623294775,180,1.0,1.0,1
"iteration_1","SCOPE_DATA_COLLECTION",100,15,970.0,1030.0,0,773,253,180,770,291,164,771,254,177,0,0,0,0.0,0.0,0.0,0.34878993637138456,1.0531048041305227,2.075630719902944,0.6975798727427691,1.0531048041305227,1.3837538132686291,0.0,0.7598425196850394,1.0,52.5,100.0,1206,0,0,0,0,0,0.0,0.0,0.0,0.55,0.9,0.8,0.4,75.0,55.0,35.0,0.55,0.8,0.8,0.5,75.0,55.0,35.0,758,758,0,758,0.0,0.35025977673618036,0.5,0.7005195534723607,0,0.0,1.0,1
"iteration_1","SCOPE_DATA_COLLECTION",100,15,970.0,1030.0,1,773,253,180,770,291,164,771,254,177,0,0,0,0.0,0.0,0.0,0.34878993637138456,1.0531048041305227,2.075630719902944,0.6975798727427691,1.0531048041305227,1.3837538132686291,0.0,0.7598425196850394,1.0,52.5,100.0,1206,0,0,0,0,0,0.0,0.0,0.0,0.55,0.9,0.8,0.4,75.0,55.0,35.0,0.55,0.8,0.8,0.5,75.0,55.0,35.0,261,261,0,261,0.0,1.051646225597692,1.0,1.051646225597692,204,0.7816091954022989,1.0,1
"iteration_1","SCOPE_DATA_COLLECTION",100,15,970.0,1030.0,2,773,253,180,770,291,164,771,254,177,0,0,0,0.0,0.0,0.0,0.34878993637138456,1.0531048041305227,2.075630719902944,0.6975798727427691,1.0531048041305227,1.3837538132686291,0.0,0.7598425196850394,1.0,52.5,100.0,1206,0,0,0,0,0,0.0,0.0,0.0,0.55,0.9,0.8,0.4,75.0,55.0,35.0,0.55,0.8,0.8,0.5,75.0,55.0,35.0,168,167,1,168,0.005952380952380952,2.070358988478043,1.5,1.3802393256520287,167,1.0,1.0,1
"iteration_1","SCOPE_DATA_COLLECTION",100,16,1030.0,1090.0,0,758,261,168,773,253,180,761,262,176,0,0,1,0.0,0.0,0.005649717514124294,0.3503694327522719,1.05307577146709,2.0718557526842702,0.7007388655045438,1.05307577146709,1.3812371684561802,0.0,0.7862595419847328,1.0,20.0,100.0,1187,0,0,1,0,0,8.424599831508003E-4,0.0,0.0,0.55,0.8,0.8,0.5,75.0,55.0,35.0,0.05,0.30000000000000004,0.1,0.6000000000000001,95.0,80.0,40.0,725,725,0,725,0.0,0.3486831907857388,0.5,0.6973663815714776,0,0.0,1.0,1
"iteration_1","SCOPE_DATA_COLLECTION",100,16,1030.0,1090.0,1,758,261,168,773,253,180,761,262,176,0,0,1,0.0,0.0,0.005649717514124294,0.3503694327522719,1.05307577146709,2.0718557526842702,0.7007388655045438,1.05307577146709,1.3812371684561802,0.0,0.7862595419847328,1.0,20.0,100.0,1187,0,0,1,0,0,8.424599831508003E-4,0.0,0.0,0.55,0.8,0.8,0.5,75.0,55.0,35.0,0.05,0.30000000000000004,0.1,0.6000000000000001,95.0,80.0,40.0,284,284,0,284,0.0,1.0528817983412542,1.0,1.0528817983412542,218,0.7676056338028169,1.0,1
"iteration_1","SCOPE_DATA_COLLECTION",100,16,1030.0,1090.0,2,758,261,168,773,253,180,761,262,176,0,0,1,0.0,0.0,0.005649717514124294,0.3503694327522719,1.05307577146709,2.0718557526842702,0.7007388655045438,1.05307577146709,1.3812371684561802,0.0,0.7862595419847328,1.0,20.0,100.0,1187,0,0,1,0,0,8.424599831508003E-4,0.0,0.0,0.55,0.8,0.8,0.5,75.0,55.0,35.0,0.05,0.30000000000000004,0.1,0.6000000000000001,95.0,80.0,40.0,167,167,0,167,0.0,2.0624936132195533,1.5,1.3749957421463688,167,1.0,1.0,1
"iteration_1","SCOPE_DATA_COLLECTION",100,17,1090.0,1150.0,0,725,284,167,758,261,168,725,281,164,0,0,0,0.0,0.0,0.0,0.3486279953793624,1.0528105520630533,2.0632093799756492,0.6972559907587248,1.0528105520630533,1.375472919983766,0.0,0.7686832740213523,1.0,35.0,100.0,1176,0,0,0,0,0,0.0,0.0,0.0,0.05,0.30000000000000004,0.1,0.6000000000000001,95.0,80.0,40.0,0.05,0.30000000000000004,0.2,0.5,95.0,70.0,40.0,753,753,0,753,0.0,0.34929679011564113,0.5,0.6985935802312823,0,0.0,1.0,1
"iteration_1","SCOPE_DATA_COLLECTION",100,17,1090.0,1150.0,1,725,284,167,758,261,168,725,281,164,0,0,0,0.0,0.0,0.0,0.3486279953793624,1.0528105520630533,2.0632093799756492,0.6972559907587248,1.0528105520630533,1.375472919983766,0.0,0.7686832740213523,1.0,35.0,100.0,1176,0,0,0,0,0,0.0,0.0,0.0,0.05,0.30000000000000004,0.1,0.6000000000000001,95.0,80.0,40.0,0.05,0.30000000000000004,0.2,0.5,95.0,70.0,40.0,262,262,0,262,0.0,1.0516102414509765,1.0,1.0516102414509765,201,0.767175572519084,1.0,1
"iteration_1","SCOPE_DATA_COLLECTION",100,17,1090.0,1150.0,2,725,284,167,758,261,168,725,281,164,0,0,0,0.0,0.0,0.0,0.3486279953793624,1.0528105520630533,2.0632093799756492,0.6972559907587248,1.0528105520630533,1.375472919983766,0.0,0.7686832740213523,1.0,35.0,100.0,1176,0,0,0,0,0,0.0,0.0,0.0,0.05,0.30000000000000004,0.1,0.6000000000000001,95.0,80.0,40.0,0.05,0.30000000000000004,0.2,0.5,95.0,70.0,40.0,170,170,0,170,0.0,2.0720203787823066,1.5,1.3813469191882044,170,1.0,1.0,1
"iteration_1","SCOPE_DATA_COLLECTION",100,18,1150.0,1210.0,0,753,262,170,725,284,167,754,263,173,0,0,0,0.0,0.0,0.0,0.34937249000242854,1.0520774399840138,2.0692931721713927,0.6987449800048571,1.0520774399840138,1.3795287814475952,0.0,0.7642585551330798,1.0,25.0,100.0,1185,0,0,0,0,0,0.0,0.0,0.0,0.05,0.30000000000000004,0.2,0.5,95.0,70.0,40.0,0.15000000000000002,0.4,0.1,0.6000000000000001,95.0,70.0,30.0,701,700,1,701,0.0014265335235378032,0.34883706483198595,0.5,0.6976741296639719,0,0.0,1.0,1
"iteration_1","SCOPE_DATA_COLLECTION",100,18,1150.0,1210.0,1,753,262,170,725,284,167,754,263,173,0,0,0,0.0,0.0,0.0,0.34937249000242854,1.0520774399840138,2.0692931721713927,0.6987449800048571,1.0520774399840138,1.3795287814475952,0.0,0.7642585551330798,1.0,25.0,100.0,1185,0,0,0,0,0,0.0,0.0,0.0,0.05,0.30000000000000004,0.2,0.5,95.0,70.0,40.0,0.15000000000000002,0.4,0.1,0.6000000000000001,95.0,70.0,30.0,240,240,0,240,0.0,1.0582347954465234,1.0,1.0582347954465234,190,0.7916666666666666,1.0,1
"iteration_1","SCOPE_DATA_COLLECTION",100,18,1150.0,1210.0,2,753,262,170,725,284,167,754,263,173,0,0,0,0.0,0.0,0.0,0.34937249000242854,1.0520774399840138,2.0692931721713927,0.6987449800048571,1.0520774399840138,1.3795287814475952,0.0,0.7642585551330798,1.0,25.0,100.0,1185,0,0,0,0,0,0.0,0.0,0.0,0.05,0.30000000000000004,0.2,0.5,95.0,70.0,40.0,0.15000000000000002,0.4,0.1,0.6000000000000001,95.0,70.0,30.0,185,185,0,185,0.0,2.058450135934093,1.5,1.3723000906227287,185,1.0,1.0,1
"iteration_1","SCOPE_DATA_COLLECTION",100,19,1210.0,1270.0,0,701,240,185,753,262,170,696,238,185,1,0,0,0.0014347202295552368,0.0,0.0,0.348707614061079,1.0579158279288534,2.060655803158117,0.697415228122158,1.0579158279288534,1.3737705354387446,0.0,0.7899159663865546,1.0,37.5,100.0,1126,0,0,1,0,0,8.880994671403197E-4,0.0,0.0,0.15000000000000002,0.4,0.1,0.6000000000000001,95.0,70.0,30.0,0.05,0.30000000000000004,0.2,0.7000000000000001,95.0,70.0,20.0,770,770,0,770,0.0,0.3464193664811921,0.5,0.6928387329623842,0,0.0,1.0,1
"iteration_1","SCOPE_DATA_COLLECTION",100,19,1210.0,1270.0,1,701,240,185,753,262,170,696,238,185,1,0,0,0.0014347202295552368,0.0,0.0,0.348707614061079,1.0579158279288534,2.060655803158117,0.697415228122158,1.0579158279288534,1.3737705354387446,0.0,0.7899159663865546,1.0,37.5,100.0,1126,0,0,1,0,0,8.880994671403197E-4,0.0,0.0,0.15000000000000002,0.4,0.1,0.6000000000000001,95.0,70.0,30.0,0.05,0.30000000000000004,0.2,0.7000000000000001,95.0,70.0,20.0,298,298,0,298,0.0,1.0503788785686274,1.0,1.0503788785686274,225,0.7550335570469798,1.0,1
"iteration_1","SCOPE_DATA_COLLECTION",100,19,1210.0,1270.0,2,701,240,185,753,262,170,696,238,185,1,0,0,0.0014347202295552368,0.0,0.0,0.348707614061079,1.0579158279288534,2.060655803158117,0.697415228122158,1.0579158279288534,1.3737705354387446,0.0,0.7899159663865546,1.0,37.5,100.0,1126,0,0,1,0,0,8.880994671403197E-4,0.0,0.0,0.15000000000000002,0.4,0.1,0.6000000000000001,95.0,70.0,30.0,0.05,0.30000000000000004,0.2,0.7000000000000001,95.0,70.0,20.0,150,150,0,150,0.0,2.071492341945097,1.5,1.3809948946300645,150,1.0,1.0,1
"iteration_1","SCOPE_DATA_COLLECTION",100,20,1270.0,1330.0,0,770,298,150,701,240,185,769,295,149,0,0,0,0.0,0.0,0.0,0.3465174492924261,1.0501248474668015,2.0703636870595705,0.6930348985848522,1.0501248474668015,1.3802424580397137,0.0,0.7559322033898305,1.0,50.0,100.0,1218,0,0,0,0,0,0.0,0.0,0.0,0.05,0.30000000000000004,0.2,0.7000000000000001,95.0,70.0,20.0,0.9500000000000001,0.7000000000000001,0.30000000000000004,0.1,45.0,45.0,40.0,761,760,1,761,0.001314060446780552,0.3455684081325327,0.5,0.6911368162650654,0,0.0,1.0,1
"iteration_1","SCOPE_DATA_COLLECTION",100,20,1270.0,1330.0,1,770,298,150,701,240,185,769,295,149,0,0,0,0.0,0.0,0.0,0.3465174492924261,1.0501248474668015,2.0703636870595705,0.6930348985848522,1.0501248474668015,1.3802424580397137,0.0,0.7559322033898305,1.0,50.0,100.0,1218,0,0,0,0,0,0.0,0.0,0.0,0.05,0.30000000000000004,0.2,0.7000000000000001,95.0,70.0,20.0,0.9500000000000001,0.7000000000000001,0.30000000000000004,0.1,45.0,45.0,40.0,284,284,0,284,0.0,1.0548420473916864,1.0,1.0548420473916864,214,0.7535211267605634,1.0,1
"iteration_1","SCOPE_DATA_COLLECTION",100,20,1270.0,1330.0,2,770,298,150,701,240,185,769,295,149,0,0,0,0.0,0.0,0.0,0.3465174492924261,1.0501248474668015,2.0703636870595705,0.6930348985848522,1.0501248474668015,1.3802424580397137,0.0,0.7559322033898305,1.0,50.0,100.0,1218,0,0,0,0,0,0.0,0.0,0.0,0.05,0.30000000000000004,0.2,0.7000000000000001,95.0,70.0,20.0,0.9500000000000001,0.7000000000000001,0.30000000000000004,0.1,45.0,45.0,40.0,157,157,0,157,0.0,2.05993133960759,1.5,1.3732875597383931,157,1.0,1.0,1
"iteration_1","SCOPE_DATA_COLLECTION",100,21,1330.0,1390.0,0,761,284,157,770,298,150,762,288,152,1,0,0,0.001310615989515072,0.0,0.0,0.3455821434162346,1.0542581453662896,2.0569133549296774,0.6911642868324692,1.0542581453662896,1.3712755699531183,0.0,0.7569444444444444,1.0,45.0,100.0,1202,0,0,1,0,0,8.319467554076539E-4,0.0,0.0,0.9500000000000001,0.7000000000000001,0.30000000000000004,0.1,45.0,45.0,40.0,0.9500000000000001,0.8,0.2,0.1,35.0,35.0,40.0,784,784,0,784,0.0,0.3464305967326131,0.5,0.6928611934652262,0,0.0,1.0,1
"iteration_1","SCOPE_DATA_COLLECTION",100,21,1330.0,1390.0,1,761,284,157,770,298,150,762,288,152,1,0,0,0.001310615989515072,0.0,0.0,0.3455821434162346,1.0542581453662896,2.0569133549296774,0.6911642868324692,1.0542581453662896,1.3712755699531183,0.0,0.7569444444444444,1.0,45.0,100.0,1202,0,0,1,0,0,8.319467554076539E-4,0.0,0.0,0.9500000000000001,0.7000000000000001,0.30000000000000004,0.1,45.0,45.0,40.0,0.9500000000000001,0.8,0.2,0.1,35.0,35.0,40.0,260,260,0,260,0.0,1.0584303029737612,1.0,1.0584303029737612,208,0.8,1.0,1
"iteration_1","SCOPE_DATA_COLLECTION",100,21,1330.0,1390.0,2,761,284,157,770,298,150,762,288,152,1,0,0,0.001310615989515072,0.0,0.0,0.3455821434162346,1.0542581453662896,2.0569133549296774,0.6911642868324692,1.0542581453662896,1.3712755699531183,0.0,0.7569444444444444,1.0,45.0,100.0,1202,0,0,1,0,0,8.319467554076539E-4,0.0,0.0,0.9500000000000001,0.7000000000000001,0.30000000000000004,0.1,45.0,45.0,40.0,0.9500000000000001,0.8,0.2,0.1,35.0,35.0,40.0,169,169,0,169,0.0,2.0731360300813244,1.5,1.3820906867208829,169,1.0,1.0,1
"iteration_1","SCOPE_DATA_COLLECTION",100,22,1390.0,1450.0,0,784,260,169,761,284,157,784,263,174,0,0,0,0.0,0.0,0.0,0.3464490950368756,1.0583448438102077,2.0746048793629592,0.6928981900737512,1.0583448438102077,1.3830699195753062,0.0,0.7946768060836502,1.0,30.0,100.0,1213,0,0,0,0,0,0.0,0.0,0.0,0.9500000000000001,0.8,0.2,0.1,35.0,35.0,40.0,0.9500000000000001,0.7000000000000001,0.2,0.1,25.0,25.0,30.0,715,713,2,715,0.002797202797202797,0.3469511605248603,0.5,0.6939023210497206,0,0.0,1.0,1
"iteration_1","SCOPE_DATA_COLLECTION",100,22,1390.0,1450.0,1,784,260,169,761,284,157,784,263,174,0,0,0,0.0,0.0,0.0,0.3464490950368756,1.0583448438102077,2.0746048793629592,0.6928981900737512,1.0583448438102077,1.3830699195753062,0.0,0.7946768060836502,1.0,30.0,100.0,1213,0,0,0,0,0,0.0,0.0,0.0,0.9500000000000001,0.8,0.2,0.1,35.0,35.0,40.0,0.9500000000000001,0.7000000000000001,0.2,0.1,25.0,25.0,30.0,293,293,0,293,0.0,1.0539665776854656,1.0,1.0539665776854656,224,0.764505119453925,1.0,1
"iteration_1","SCOPE_DATA_COLLECTION",100,22,1390.0,1450.0,2,784,260,169,761,284,157,784,263,174,0,0,0,0.0,0.0,0.0,0.3464490950368756,1.0583448438102077,2.0746048793629592,0.6928981900737512,1.0583448438102077,1.3830699195753062,0.0,0.7946768060836502,1.0,30.0,100.0,1213,0,0,0,0,0,0.0,0.0,0.0,0.9500000000000001,0.8,0.2,0.1,35.0,35.0,40.0,0.9500000000000001,0.7000000000000001,0.2,0.1,25.0,25.0,30.0,190,189,1,190,0.005263157894736842,2.058911551052314,1.5,1.3726077007015427,189,1.0,1.0,1
"iteration_1","SCOPE_DATA_COLLECTION",100,23,1450.0,1510.0,0,715,293,190,784,260,169,713,293,189,2,0,1,0.002797202797202797,0.0,0.005263157894736842,0.34688349524750717,1.0536646367529308,2.0589191674270846,0.6937669904950143,1.0536646367529308,1.372612778284723,0.0,0.764505119453925,1.0,25.0,100.0,1198,0,0,3,0,0,0.0025041736227045075,0.0,0.0,0.9500000000000001,0.7000000000000001,0.2,0.1,25.0,25.0,30.0,0.9500000000000001,0.7000000000000001,0.2,0.1,25.0,25.0,30.0,730,730,0,730,0.0,0.34586818339891756,0.5,0.6917363667978351,0,0.0,1.0,1
"iteration_1","SCOPE_DATA_COLLECTION",100,23,1450.0,1510.0,1,715,293,190,784,260,169,713,293,189,2,0,1,0.002797202797202797,0.0,0.005263157894736842,0.34688349524750717,1.0536646367529308,2.0589191674270846,0.6937669904950143,1.0536646367529308,1.372612778284723,0.0,0.764505119453925,1.0,25.0,100.0,1198,0,0,3,0,0,0.0025041736227045075,0.0,0.0,0.9500000000000001,0.7000000000000001,0.2,0.1,25.0,25.0,30.0,0.9500000000000001,0.7000000000000001,0.2,0.1,25.0,25.0,30.0,252,252,0,252,0.0,1.057000338634521,1.0,1.057000338634521,193,0.7658730158730159,1.0,1
"iteration_1","SCOPE_DATA_COLLECTION",100,23,1450.0,1510.0,2,715,293,190,784,260,169,713,293,189,2,0,1,0.002797202797202797,0.0,0.005263157894736842,0.34688349524750717,1.0536646367529308,2.0589191674270846,0.6937669904950143,1.0536646367529308,1.372612778284723,0.0,0.764505119453925,1.0,25.0,100.0,1198,0,0,3,0,0,0.0025041736227045075,0.0,0.0,0.9500000000000001,0.7000000000000001,0.2,0.1,25.0,25.0,30.0,0.9500000000000001,0.7000000000000001,0.2,0.1,25.0,25.0,30.0,168,167,1,168,0.005952380952380952,2.056567538666959,1.5,1.3710450257779725,167,1.0,1.0,1
"iteration_1","SCOPE_DATA_COLLECTION",100,24,1510.0,1570.0,0,730,252,168,715,293,190,734,248,164,0,0,1,0.0,0.0,0.006060606060606061,0.3458898317807677,1.0577336602423606,2.0558710603815014,0.6917796635615354,1.0577336602423606,1.370580706921001,0.0,0.7701612903225806,1.0,32.5,100.0,1150,0,0,1,0,0,8.695652173913044E-4,0.0,0.0,0.9500000000000001,0.7000000000000001,0.2,0.1,25.0,25.0,30.0,0.9500000000000001,0.8,0.1,0.2,35.0,25.0,40.0,758,758,0,758,0.0,0.3475872279665855,0.5,0.695174455933171,0,0.0,1.0,1
"iteration_1","SCOPE_DATA_COLLECTION",100,24,1510.0,1570.0,1,730,252,168,715,293,190,734,248,164,0,0,1,0.0,0.0,0.006060606060606061,0.3458898317807677,1.0577336602423606,2.0558710603815014,0.6917796635615354,1.0577336602423606,1.370580706921001,0.0,0.7701612903225806,1.0,32.5,100.0,1150,0,0,1,0,0,8.695652173913044E-4,0.0,0.0,0.9500000000000001,0.7000000000000001,0.2,0.1,25.0,25.0,30.0,0.9500000000000001,0.8,0.1,0.2,35.0,25.0,40.0,273,273,0,273,0.0,1.0544871855884923,1.0,1.0544871855884923,218,0.7985347985347986,1.0,1
"iteration_1","SCOPE_DATA_COLLECTION",100,24,1510.0,1570.0,2,730,252,168,715,293,190,734,248,164,0,0,1,0.0,0.0,0.006060606060606061,0.3458898317807677,1.0577336602423606,2.0558710603815014,0.6917796635615354,1.0577336602423606,1.370580706921001,0.0,0.7701612903225806,1.0,32.5,100.0,1150,0,0,1,0,0,8.695652173913044E-4,0.0,0.0,0.9500000000000001,0.7000000000000001,0.2,0.1,25.0,25.0,30.0,0.9500000000000001,0.8,0.1,0.2,35.0,25.0,40.0,140,140,0,140,0.0,2.0633026932195664,1.5,1.3755351288130442,140,1.0,1.0,1
"iteration_1","SCOPE_DATA_COLLECTION",100,25,1570.0,1630.0,0,758,273,140,730,252,168,753,275,140,0,0,0,0.0,0.0,0.0,0.3476272516560135,1.0538690044020769,2.0670044776490255,0.695254503312027,1.0538690044020769,1.3780029850993503,0.0,0.7927272727272727,1.0,45.0,100.0,1171,0,0,0,0,0,0.0,0.0,0.0,0.9500000000000001,0.8,0.1,0.2,35.0,25.0,40.0,0.9500000000000001,0.8,0.1,0.2,35.0,25.0,40.0,757,757,0,757,0.0,0.3480716030023363,0.5,0.6961432060046726,0,0.0,1.0,1
"iteration_1","SCOPE_DATA_COLLECTION",100,25,1570.0,1630.0,1,758,273,140,730,252,168,753,275,140,0,0,0,0.0,0.0,0.0,0.3476272516560135,1.0538690044020769,2.0670044776490255,0.695254503312027,1.0538690044020769,1.3780029850993503,0.0,0.7927272727272727,1.0,45.0,100.0,1171,0,0,0,0,0,0.0,0.0,0.0,0.9500000000000001,0.8,0.1,0.2,35.0,25.0,40.0,0.9500000000000001,0.8,0.1,0.2,35.0,25.0,40.0,279,278,1,279,0.0035842293906810036,1.060437036630615,1.0,1.060437036630615,233,0.8381294964028777,1.0,1
"iteration_1","SCOPE_DATA_COLLECTION",100,25,1570.0,1630.0,2,758,273,140,730,252,168,753,275,140,0,0,0,0.0,0.0,0.0,0.3476272516560135,1.0538690044020769,2.0670044776490255,0.695254503312027,1.0538690044020769,1.3780029850993503,0.0,0.7927272727272727,1.0,45.0,100.0,1171,0,0,0,0,0,0.0,0.0,0.0,0.9500000000000001,0.8,0.1,0.2,35.0,25.0,40.0,0.9500000000000001,0.8,0.1,0.2,35.0,25.0,40.0,161,161,0,161,0.0,2.0659031043264973,1.5,1.3772687362176648,161,1.0,1.0,1
"iteration_1","SCOPE_DATA_COLLECTION",100,26,1630.0,1690.0,0,757,279,161,758,273,140,760,278,165,0,1,0,0.0,0.0035842293906810036,0.0,0.34801746470271,1.0606692341874748,2.062050275638212,0.69603492940542,1.0606692341874748,1.374700183758808,0.0,0.8381294964028777,1.0,25.0,100.0,1197,0,0,1,0,0,8.35421888053467E-4,0.0,0.0,0.9500000000000001,0.8,0.1,0.2,35.0,25.0,40.0,0.9500000000000001,0.7000000000000001,0.2,0.1,35.0,20.0,40.0,718,718,0,718,0.0,0.3474880843149797,0.5,0.6949761686299594,0,0.0,1.0,1
"iteration_1","SCOPE_DATA_COLLECTION",100,26,1630.0,1690.0,1,757,279,161,758,273,140,760,278,165,0,1,0,0.0,0.0035842293906810036,0.0,0.34801746470271,1.0606692341874748,2.062050275638212,0.69603492940542,1.0606692341874748,1.374700183758808,0.0,0.8381294964028777,1.0,25.0,100.0,1197,0,0,1,0,0,8.35421888053467E-4,0.0,0.0,0.9500000000000001,0.8,0.1,0.2,35.0,25.0,40.0,0.9500000000000001,0.7000000000000001,0.2,0.1,35.0,20.0,40.0,259,258,1,259,0.003861003861003861,1.0589290428027696,1.0,1.0589290428027696,211,0.8178294573643411,1.0,1
"iteration_1","SCOPE_DATA_COLLECTION",100,26,1630.0,1690.0,2,757,279,161,758,273,140,760,278,165,0,1,0,0.0,0.0035842293906810036,0.0,0.34801746470271,1.0606692341874748,2.062050275638212,0.69603492940542,1.0606692341874748,1.374700183758808,0.0,0.8381294964028777,1.0,25.0,100.0,1197,0,0,1,0,0,8.35421888053467E-4,0.0,0.0,0.9500000000000001,0.8,0.1,0.2,35.0,25.0,40.0,0.9500000000000001,0.7000000000000001,0.2,0.1,35.0,20.0,40.0,166,166,0,166,0.0,2.061298593609311,1.5,1.3741990624062073,166,1.0,1.0,1
"iteration_1","SCOPE_DATA_COLLECTION",100,27,1690.0,1750.0,0,718,259,166,757,279,161,714,257,164,0,1,0,0.0,0.003875968992248062,0.0,0.3474999930060128,1.0586518085655643,2.059175603802082,0.6949999860120256,1.0586518085655643,1.3727837358680546,0.0,0.8171206225680934,1.0,40.0,100.0,1143,0,0,1,0,0,8.748906386701663E-4,0.0,0.0,0.9500000000000001,0.7000000000000001,0.2,0.1,35.0,20.0,40.0,0.9500000000000001,0.7000000000000001,0.2,0.1,35.0,20.0,40.0,722,722,0,722,0.0,0.34878850960754,0.5,0.69757701921508,0,0.0,1.0,1
"iteration_1","SCOPE_DATA_COLLECTION",100,27,1690.0,1750.0,1,718,259,166,757,279,161,714,257,164,0,1,0,0.0,0.003875968992248062,0.0,0.3474999930060128,1.0586518085655643,2.059175603802082,0.6949999860120256,1.0586518085655643,1.3727837358680546,0.0,0.8171206225680934,1.0,40.0,100.0,1143,0,0,1,0,0,8.748906386701663E-4,0.0,0.0,0.9500000000000001,0.7000000000000001,0.2,0.1,35.0,20.0,40.0,0.9500000000000001,0.7000000000000001,0.2,0.1,35.0,20.0,40.0,281,280,1,281,0.0035587188612099642,1.056183848804357,1.0,1.056183848804357,215,0.7678571428571429,1.0,1
"iteration_1","SCOPE_DATA_COLLECTION",100,27,1690.0,1750.0,2,718,259,166,757,279,161,714,257,164,0,1,0,0.0,0.003875968992248062,0.0,0.3474999930060128,1.0586518085655643,2.059175603802082,0.6949999860120256,1.0586518085655643,1.3727837358680546,0.0,0.8171206225680934,1.0,40.0,100.0,1143,0,0,1,0,0,8.748906386701663E-4,0.0,0.0,0.9500000000000001,0.7000000000000001,0.2,0.1,35.0,20.0,40.0,0.9500000000000001,0.7000000000000001,0.2,0.1,35.0,20.0,40.0,163,162,1,163,0.006134969325153374,2.066946584314953,1.5,1.377964389543302,162,1.0,1.0,1
"iteration_1","SCOPE_DATA_COLLECTION",100,28,1750.0,1810.0,0,722,281,163,718,259,166,719,284,160,0,1,1,0.0,0.0035087719298245615,0.006211180124223602,0.34876277223446733,1.0571408326463994,2.0691390937684475,0.6975255444689347,1.0571408326463994,1.3794260625122983,0.0,0.7711267605633803,1.0,42.5,100.0,1166,0,0,2,0,0,0.0017152658662092624,0.0,0.0,0.9500000000000001,0.7000000000000001,0.2,0.1,35.0,20.0,40.0,0.45,0.2,0.4,0.30000000000000004,60.0,85.0,70.0,747,747,0,747,0.0,0.34625883085864534,0.5,0.6925176617172907,0,0.0,1.0,1
"iteration_1","SCOPE_DATA_COLLECTION",100,28,1750.0,1810.0,1,722,281,163,718,259,166,719,284,160,0,1,1,0.0,0.0035087719298245615,0.006211180124223602,0.34876277223446733,1.0571408326463994,2.0691390937684475,0.6975255444689347,1.0571408326463994,1.3794260625122983,0.0,0.7711267605633803,1.0,42.5,100.0,1166,0,0,2,0,0,0.0017152658662092624,0.0,0.0,0.9500000000000001,0.7000000000000001,0.2,0.1,35.0,20.0,40.0,0.45,0.2,0.4,0.30000000000000004,60.0,85.0,70.0,272,272,0,272,0.0,1.0550594993493798,1.0,1.0550594993493798,215,0.7904411764705882,1.0,1
"iteration_1","SCOPE_DATA_COLLECTION",100,28,1750.0,1810.0,2,722,281,163,718,259,166,719,284,160,0,1,1,0.0,0.0035087719298245615,0.006211180124223602,0.34876277223446733,1.0571408326463994,2.0691390937684475,0.6975255444689347,1.0571408326463994,1.3794260625122983,0.0,0.7711267605633803,1.0,42.5,100.0,1166,0,0,2,0,0,0.0017152658662092624,0.0,0.0,0.9500000000000001,0.7000000000000001,0.2,0.1,35.0,20.0,40.0,0.45,0.2,0.4,0.30000000000000004,60.0,85.0,70.0,164,164,0,164,0.0,2.054071360401465,1.5,1.3693809069343101,164,1.0,1.0,1
"iteration_1","SCOPE_DATA_COLLECTION",100,29,1810.0,1870.0,0,747,272,164,722,281,163,751,267,167,0,0,0,0.0,0.0,0.0,0.3463813452054942,1.0543416968458836,2.054724309941931,0.6927626904109884,1.0543416968458836,1.369816206627954,0.0,0.7902621722846442,1.0,35.0,100.0,1183,0,0,0,0,0,0.0,0.0,0.0,0.45,0.2,0.4,0.30000000000000004,60.0,85.0,70.0,0.35000000000000003,0.30000000000000004,0.30000000000000004,0.4,60.0,85.0,70.0,709,709,0,709,0.0,0.3492295829746597,0.5,0.6984591659493194,0,0.0,1.0,1
"iteration_1","SCOPE_DATA_COLLECTION",100,29,1810.0,1870.0,1,747,272,164,722,281,163,751,267,167,0,0,0,0.0,0.0,0.0,0.3463813452054942,1.0543416968458836,2.054724309941931,0.6927626904109884,1.0543416968458836,1.369816206627954,0.0,0.7902621722846442,1.0,35.0,100.0,1183,0,0,0,0,0,0.0,0.0,0.0,0.45,0.2,0.4,0.30000000000000004,60.0,85.0,70.0,0.35000000000000003,0.30000000000000004,0.30000000000000004,0.4,60.0,85.0,70.0,258,258,0,258,0.0,1.05385092857632,1.0,1.05385092857632,196,0.7596899224806202,1.0,1
"iteration_1","SCOPE_DATA_COLLECTION",100,29,1810.0,1870.0,2,747,272,164,722,281,163,751,267,167,0,0,0,0.0,0.0,0.0,0.3463813452054942,1.0543416968458836,2.054724309941931,0.6927626904109884,1.0543416968458836,1.369816206627954,0.0,0.7902621722846442,1.0,35.0,100.0,1183,0,0,0,0,0,0.0,0.0,0.0,0.45,0.2,0.4,0.30000000000000004,60.0,85.0,70.0,0.35000000000000003,0.30000000000000004,0.30000000000000004,0.4,60.0,85.0,70.0,182,181,1,182,0.005494505494505495,2.0660121661669764,1.5,1.3773414441113176,181,1.0,1.0,1
"iteration_1","SCOPE_DATA_COLLECTION",100,30,1870.0,1930.0,0,709,258,182,747,272,164,713,262,177,0,0,1,0.0,0.0,0.0056179775280898875,0.34913888088274003,1.0547362178366761,2.0708876681177273,0.6982777617654801,1.0547362178366761,1.3805917787451516,0.0,0.7595419847328244,1.0,32.5,100.0,1149,0,0,1,0,0,8.703220191470844E-4,0.0,0.0,0.35000000000000003,0.30000000000000004,0.30000000000000004,0.4,60.0,85.0,70.0,0.75,0.9,0.1,0.30000000000000004,35.0,30.0,75.0,685,684,1,685,0.00145985401459854,0.3508927793425041,0.5,0.7017855586850082,0,0.0,1.0,1
"iteration_1","SCOPE_DATA_COLLECTION",100,30,1870.0,1930.0,1,709,258,182,747,272,164,713,262,177,0,0,1,0.0,0.0,0.0056179775280898875,0.34913888088274003,1.0547362178366761,2.0708876681177273,0.6982777617654801,1.0547362178366761,1.3805917787451516,0.0,0.7595419847328244,1.0,32.5,100.0,1149,0,0,1,0,0,8.703220191470844E-4,0.0,0.0,0.35000000000000003,0.30000000000000004,0.30000000000000004,0.4,60.0,85.0,70.0,0.75,0.9,0.1,0.30000000000000004,35.0,30.0,75.0,265,265,0,265,0.0,1.0511250850368985,1.0,1.0511250850368985,201,0.7584905660377359,1.0,1
"iteration_1","SCOPE_DATA_COLLECTION",100,30,1870.0,1930.0,2,709,258,182,747,272,164,713,262,177,0,0,1,0.0,0.0,0.0056179775280898875,0.34913888088274003,1.0547362178366761,2.0708876681177273,0.6982777617654801,1.0547362178366761,1.3805917787451516,0.0,0.7595419847328244,1.0,32.5,100.0,1149,0,0,1,0,0,8.703220191470844E-4,0.0,0.0,0.35000000000000003,0.30000000000000004,0.30000000000000004,0.4,60.0,85.0,70.0,0.75,0.9,0.1,0.30000000000000004,35.0,30.0,75.0,177,177,0,177,0.0,2.0728961056335393,1.5,1.3819307370890261,177,1.0,1.0,1
"iteration_1","SCOPE_DATA_COLLECTION",100,31,1930.0,1990.0,0,685,265,177,709,258,182,679,264,176,1,0,0,0.0014705882352941176,0.0,0.0,0.3508060544309803,1.0513800770061816,2.066443523077346,0.7016121088619606,1.0513800770061816,1.3776290153848973,0.0,0.7651515151515151,1.0,47.5,100.0,1127,0,0,1,0,0,8.873114463176575E-4,0.0,0.0,0.75,0.9,0.1,0.30000000000000004,35.0,30.0,75.0,0.9,0.5,0.7000000000000001,0.5,55.0,55.0,80.0,735,735,0,735,0.0,0.34686938730446265,0.5,0.6937387746089253,0,0.0,1.0,1
"iteration_1","SCOPE_DATA_COLLECTION",100,31,1930.0,1990.0,1,685,265,177,709,258,182,679,264,176,1,0,0,0.0014705882352941176,0.0,0.0,0.3508060544309803,1.0513800770061816,2.066443523077346,0.7016121088619606,1.0513800770061816,1.3776290153848973,0.0,0.7651515151515151,1.0,47.5,100.0,1127,0,0,1,0,0,8.873114463176575E-4,0.0,0.0,0.75,0.9,0.1,0.30000000000000004,35.0,30.0,75.0,0.9,0.5,0.7000000000000001,0.5,55.0,55.0,80.0,254,254,0,254,0.0,1.0523044703839513,1.0,1.0523044703839513,194,0.7637795275590551,1.0,1
"iteration_1","SCOPE_DATA_COLLECTION",100,31,1930.0,1990.0,2,685,265,177,709,258,182,679,264,176,1,0,0,0.0014705882352941176,0.0,0.0,0.3508060544309803,1.0513800770061816,2.066443523077346,0.7016121088619606,1.0513800770061816,1.3776290153848973,0.0,0.7651515151515151,1.0,47.5,100.0,1127,0,0,1,0,0,8.873114463176575E-4,0.0,0.0,0.75,0.9,0.1,0.30000000000000004,35.0,30.0,75.0,0.9,0.5,0.7000000000000001,0.5,55.0,55.0,80.0,161,161,0,161,0.0,2.064138419151538,1.5,1.3760922794343589,161,1.0,1.0,1
"iteration_1","SCOPE_DATA_COLLECTION",100,32,1990.0,2050.0,0,735,254,161,685,265,177,737,253,167,0,0,0,0.0,0.0,0.0,0.34700313130548677,1.0512956260248085,2.065148843609959,0.6940062626109735,1.0512956260248085,1.3767658957399727,0.0,0.758893280632411,1.0,30.0,100.0,1150,0,0,0,0,0,0.0,0.0,0.0,0.9,0.5,0.7000000000000001,0.5,55.0,55.0,80.0,0.9,0.8,0.2,0.4,60.0,90.0,20.0,750,749,1,750,0.0013333333333333333,0.3466448063209707,0.5,0.6932896126419414,0,0.0,1.0,1
"iteration_1","SCOPE_DATA_COLLECTION",100,32,1990.0,2050.0,1,735,254,161,685,265,177,737,253,167,0,0,0,0.0,0.0,0.0,0.34700313130548677,1.0512956260248085,2.065148843609959,0.6940062626109735,1.0512956260248085,1.3767658957399727,0.0,0.758893280632411,1.0,30.0,100.0,1150,0,0,0,0,0,0.0,0.0,0.0,0.9,0.5,0.7000000000000001,0.5,55.0,55.0,80.0,0.9,0.8,0.2,0.4,60.0,90.0,20.0,292,292,0,292,0.0,1.0457814172135131,1.0,1.0457814172135131,215,0.7363013698630136,1.0,1
"iteration_1","SCOPE_DATA_COLLECTION",100,32,1990.0,2050.0,2,735,254,161,685,265,177,737,253,167,0,0,0,0.0,0.0,0.0,0.34700313130548677,1.0512956260248085,2.065148843609959,0.6940062626109735,1.0512956260248085,1.3767658957399727,0.0,0.758893280632411,1.0,30.0,100.0,1150,0,0,0,0,0,0.0,0.0,0.0,0.9,0.5,0.7000000000000001,0.5,55.0,55.0,80.0,0.9,0.8,0.2,0.4,60.0,90.0,20.0,162,162,0,162,0.0,2.0626435081584304,1.5,1.3750956721056202,162,1.0,1.0,1
"iteration_1","SCOPE_DATA_COLLECTION",100,33,2050.0,2110.0,0,750,292,162,735,254,161,749,294,163,1,0,0,0.0013333333333333333,0.0,0.0,0.3465826361872355,1.0461785796439524,2.064605383157729,0.693165272374471,1.0461785796439524,1.3764035887718193,0.0,0.7346938775510204,1.0,25.0,100.0,1204,0,0,1,0,0,8.305647840531562E-4,0.0,0.0,0.9,0.8,0.2,0.4,60.0,90.0,20.0,0.9500000000000001,0.8,0.30000000000000004,0.4,60.0,90.0,30.0,750,749,1,750,0.0013333333333333333,0.3471567591671863,0.5,0.6943135183343726,0,0.0,1.0,1
"iteration_1","SCOPE_DATA_COLLECTION",100,33,2050.0,2110.0,1,750,292,162,735,254,161,749,294,163,1,0,0,0.0013333333333333333,0.0,0.0,0.3465826361872355,1.0461785796439524,2.064605383157729,0.693165272374471,1.0461785796439524,1.3764035887718193,0.0,0.7346938775510204,1.0,25.0,100.0,1204,0,0,1,0,0,8.305647840531562E-4,0.0,0.0,0.9,0.8,0.2,0.4,60.0,90.0,20.0,0.9500000000000001,0.8,0.30000000000000004,0.4,60.0,90.0,30.0,264,264,0,264,0.0,1.0527695563512345,1.0,1.0527695563512345,196,0.7424242424242424,1.0,1
"iteration_1","SCOPE_DATA_COLLECTION",100,33,2050.0,2110.0,2,750,292,162,735,254,161,749,294,163,1,0,0,0.0013333333333333333,0.0,0.0,0.3465826361872355,1.0461785796439524,2.064605383157729,0.693165272374471,1.0461785796439524,1.3764035887718193,0.0,0.7346938775510204,1.0,25.0,100.0,1204,0,0,1,0,0,8.305647840531562E-4,0.0,0.0,0.9,0.8,0.2,0.4,60.0,90.0,20.0,0.9500000000000001,0.8,0.30000000000000004,0.4,60.0,90.0,30.0,163,163,0,163,0.0,2.0733667528956277,1.5,1.3822445019304184,163,1.0,1.0,1
"iteration_1","SCOPE_DATA_COLLECTION",100,34,2110.0,2170.0,0,750,264,163,750,292,162,749,259,158,1,0,0,0.0013333333333333333,0.0,0.0,0.34711564253651017,1.0530466225948931,2.070942355089367,0.6942312850730203,1.0530466225948931,1.3806282367262446,0.0,0.7451737451737451,1.0,47.5,100.0,1177,0,0,1,0,0,8.496176720475786E-4,0.0,0.0,0.9500000000000001,0.8,0.30000000000000004,0.4,60.0,90.0,30.0,0.9500000000000001,0.7000000000000001,0.2,0.4,60.0,90.0,30.0,734,734,0,734,0.0,0.34774240814703616,0.5,0.6954848162940723,1,0.0013623978201634877,1.0,1
"iteration_1","SCOPE_DATA_COLLECTION",100,34,2110.0,2170.0,1,750,264,163,750,292,162,749,259,158,1,0,0,0.0013333333333333333,0.0,0.0,0.34711564253651017,1.0530466225948931,2.070942355089367,0.6942312850730203,1.0530466225948931,1.3806282367262446,0.0,0.7451737451737451,1.0,47.5,100.0,1177,0,0,1,0,0,8.496176720475786E-4,0.0,0.0,0.9500000000000001,0.8,0.30000000000000004,0.4,60.0,90.0,30.0,0.9500000000000001,0.7000000000000001,0.2,0.4,60.0,90.0,30.0,290,289,1,290,0.0034482758620689655,1.058448115120783,1.0,1.058448115120783,228,0.7889273356401384,1.0,1
"iteration_1","SCOPE_DATA_COLLECTION",100,34,2110.0,2170.0,2,750,264,163,750,292,162,749,259,158,1,0,0,0.0013333333333333333,0.0,0.0,0.34711564253651017,1.0530466225948931,2.070942355089367,0.6942312850730203,1.0530466225948931,1.3806282367262446,0.0,0.7451737451737451,1.0,47.5,100.0,1177,0,0,1,0,0,8.496176720475786E-4,0.0,0.0,0.9500000000000001,0.8,0.30000000000000004,0.4,60.0,90.0,30.0,0.9500000000000001,0.7000000000000001,0.2,0.4,60.0,90.0,30.0,163,163,0,163,0.0,2.0687744780199413,1.5,1.3791829853466275,163,1.0,1.0,1
"iteration_1","SCOPE_DATA_COLLECTION",100,35,2170.0,2230.0,0,734,290,163,750,264,163,731,292,165,0,1,0,0.0,0.0034129692832764505,0.0,0.34788696351065773,1.0579313493171556,2.0729346138845384,0.6957739270213155,1.0579313493171556,1.381956409256359,0.0013679890560875513,0.7842465753424658,1.0,45.0,100.0,1187,0,0,1,0,0,8.424599831508003E-4,0.0,0.0,0.9500000000000001,0.7000000000000001,0.2,0.4,60.0,90.0,30.0,0.9500000000000001,0.8,0.30000000000000004,0.30000000000000004,60.0,90.0,20.0,758,758,0,758,0.0,0.34901448508732497,0.5,0.6980289701746499,0,0.0,1.0,1
"iteration_1","SCOPE_DATA_COLLECTION",100,35,2170.0,2230.0,1,734,290,163,750,264,163,731,292,165,0,1,0,0.0,0.0034129692832764505,0.0,0.34788696351065773,1.0579313493171556,2.0729346138845384,0.6957739270213155,1.0579313493171556,1.381956409256359,0.0013679890560875513,0.7842465753424658,1.0,45.0,100.0,1187,0,0,1,0,0,8.424599831508003E-4,0.0,0.0,0.9500000000000001,0.7000000000000001,0.2,0.4,60.0,90.0,30.0,0.9500000000000001,0.8,0.30000000000000004,0.30000000000000004,60.0,90.0,20.0,258,258,0,258,0.0,1.05576858172761,1.0,1.05576858172761,199,0.7713178294573644,1.0,1
"iteration_1","SCOPE_DATA_COLLECTION",100,35,2170.0,2230.0,2,734,290,163,750,264,163,731,292,165,0,1,0,0.0,0.0034129692832764505,0.0,0.34788696351065773,1.0579313493171556,2.0729346138845384,0.6957739270213155,1.0579313493171556,1.381956409256359,0.0013679890560875513,0.7842465753424658,1.0,45.0,100.0,1187,0,0,1,0,0,8.424599831508003E-4,0.0,0.0,0.9500000000000001,0.7000000000000001,0.2,0.4,60.0,90.0,30.0,0.9500000000000001,0.8,0.30000000000000004,0.30000000000000004,60.0,90.0,20.0,195,195,0,195,0.0,2.0575295000298213,1.5,1.371686333353214,195,1.0,1.0,1
"iteration_1","SCOPE_DATA_COLLECTION",100,36,2230.0,2290.0,0,758,258,195,734,290,163,760,258,195,0,0,0,0.0,0.0,0.0,0.3489750460581382,1.0562751389868588,2.05619852257728,0.6979500921162765,1.0562751389868588,1.37079901505152,0.0,0.7751937984496124,1.0,35.0,100.0,1211,0,0,0,0,0,0.0,0.0,0.0,0.9500000000000001,0.8,0.30000000000000004,0.30000000000000004,60.0,90.0,20.0,0.65,0.8,0.9,0.30000000000000004,60.0,30.0,50.0,780,780,0,780,0.0,0.34828418573355263,0.5,0.6965683714671053,0,0.0,1.0,1
"iteration_1","SCOPE_DATA_COLLECTION",100,36,2230.0,2290.0,1,758,258,195,734,290,163,760,258,195,0,0,0,0.0,0.0,0.0,0.3489750460581382,1.0562751389868588,2.05619852257728,0.6979500921162765,1.0562751389868588,1.37079901505152,0.0,0.7751937984496124,1.0,35.0,100.0,1211,0,0,0,0,0,0.0,0.0,0.0,0.9500000000000001,0.8,0.30000000000000004,0.30000000000000004,60.0,90.0,20.0,0.65,0.8,0.9,0.30000000000000004,60.0,30.0,50.0,236,235,1,236,0.00423728813559322,1.0513321713067543,1.0,1.0513321713067543,184,0.7829787234042553,1.0,1
"iteration_1","SCOPE_DATA_COLLECTION",100,36,2230.0,2290.0,2,758,258,195,734,290,163,760,258,195,0,0,0,0.0,0.0,0.0,0.3489750460581382,1.0562751389868588,2.05619852257728,0.6979500921162765,1.0562751389868588,1.37079901505152,0.0,0.7751937984496124,1.0,35.0,100.0,1211,0,0,0,0,0,0.0,0.0,0.0,0.9500000000000001,0.8,0.30000000000000004,0.30000000000000004,60.0,90.0,20.0,0.65,0.8,0.9,0.30000000000000004,60.0,30.0,50.0,164,164,0,164,0.0,2.062008894414112,1.5,1.3746725962760749,164,1.0,1.0,1
"iteration_1","SCOPE_DATA_COLLECTION",100,37,2290.0,2350.0,0,780,236,164,758,258,195,779,237,164,0,1,0,0.0,0.004201680672268907,0.0,0.34814011894740743,1.0515249684711936,2.0608480019628037,0.6962802378948149,1.0515249684711936,1.3738986679752025,0.0,0.7848101265822784,1.0,32.5,100.0,1180,0,0,1,0,0,8.47457627118644E-4,0.0,0.0,0.65,0.8,0.9,0.30000000000000004,60.0,30.0,50.0,0.55,0.4,0.6000000000000001,0.7000000000000001,80.0,20.0,65.0,742,742,0,742,0.0,0.3491838164533655,0.5,0.698367632906731,2,0.0026954177897574125,1.0,1
"iteration_1","SCOPE_DATA_COLLECTION",100,37,2290.0,2350.0,1,780,236,164,758,258,195,779,237,164,0,1,0,0.0,0.004201680672268907,0.0,0.34814011894740743,1.0515249684711936,2.0608480019628037,0.6962802378948149,1.0515249684711936,1.3738986679752025,0.0,0.7848101265822784,1.0,32.5,100.0,1180,0,0,1,0,0,8.47457627118644E-4,0.0,0.0,0.65,0.8,0.9,0.30000000000000004,60.0,30.0,50.0,0.55,0.4,0.6000000000000001,0.7000000000000001,80.0,20.0,65.0,291,291,0,291,0.0,1.0560515508663841,1.0,1.0560515508663841,231,0.7938144329896907,1.0,1
"iteration_1","SCOPE_DATA_COLLECTION",100,37,2290.0,2350.0,2,780,236,164,758,258,195,779,237,164,0,1,0,0.0,0.004201680672268907,0.0,0.34814011894740743,1.0515249684711936,2.0608480019628037,0.6962802378948149,1.0515249684711936,1.3738986679752025,0.0,0.7848101265822784,1.0,32.5,100.0,1180,0,0,1,0,0,8.47457627118644E-4,0.0,0.0,0.65,0.8,0.9,0.30000000000000004,60.0,30.0,50.0,0.55,0.4,0.6000000000000001,0.7000000000000001,80.0,20.0,65.0,142,142,0,142,0.0,2.05058191110561,1.5,1.36705460740374,142,1.0,1.0,1
"iteration_1","SCOPE_DATA_COLLECTION",100,38,2350.0,2410.0,0,742,291,142,780,236,164,738,291,139,0,0,0,0.0,0.0,0.0,0.3491015928178848,1.055421293280658,2.049542868230412,0.6982031856357696,1.055421293280658,1.3663619121536081,0.0027100271002710027,0.7903780068728522,1.0,45.0,100.0,1175,0,0,0,0,0,0.0,0.0,0.0,0.55,0.4,0.6000000000000001,0.7000000000000001,80.0,20.0,65.0,0.45,0.30000000000000004,0.5,0.6000000000000001,80.0,20.0,65.0,726,725,1,726,0.0013774104683195593,0.3458786762264584,0.5,0.6917573524529168,0,0.0,1.0,1
"iteration_1","SCOPE_DATA_COLLECTION",100,38,2350.0,2410.0,1,742,291,142,780,236,164,738,291,139,0,0,0,0.0,0.0,0.0,0.3491015928178848,1.055421293280658,2.049542868230412,0.6982031856357696,1.055421293280658,1.3663619121536081,0.0027100271002710027,0.7903780068728522,1.0,45.0,100.0,1175,0,0,0,0,0,0.0,0.0,0.0,0.55,0.4,0.6000000000000001,0.7000000000000001,80.0,20.0,65.0,0.45,0.30000000000000004,0.5,0.6000000000000001,80.0,20.0,65.0,245,245,0,245,0.0,1.0591174153655036,1.0,1.0591174153655036,189,0.7714285714285715,1.0,1
"iteration_1","SCOPE_DATA_COLLECTION",100,38,2350.0,2410.0,2,742,291,142,780,236,164,738,291,139,0,0,0,0.0,0.0,0.0,0.3491015928178848,1.055421293280658,2.049542868230412,0.6982031856357696,1.055421293280658,1.3663619121536081,0.0027100271002710027,0.7903780068728522,1.0,45.0,100.0,1175,0,0,0,0,0,0.0,0.0,0.0,0.55,0.4,0.6000000000000001,0.7000000000000001,80.0,20.0,65.0,0.45,0.30000000000000004,0.5,0.6000000000000001,80.0,20.0,65.0,143,143,0,143,0.0,2.070392643449195,1.5,1.3802617622994633,143,1.0,1.0,1
"iteration_1","SCOPE_DATA_COLLECTION",100,39,2410.0,2470.0,0,726,245,143,742,291,142,732,247,146,1,0,0,0.001364256480218281,0.0,0.0,0.34624950924499587,1.0593333735737194,2.07137018962293,0.6924990184899917,1.0593333735737194,1.3809134597486201,0.0,0.7732793522267206,1.0,25.0,100.0,1114,0,0,1,0,0,8.976660682226212E-4,0.0,0.0,0.45,0.30000000000000004,0.5,0.6000000000000001,80.0,20.0,65.0,0.45,0.4,0.4,0.6000000000000001,90.0,30.0,55.0,733,733,0,733,0.0,0.349079332757605,0.5,0.69815866551521,0,0.0,1.0,1
"iteration_1","SCOPE_DATA_COLLECTION",100,39,2410.0,2470.0,1,726,245,143,742,291,142,732,247,146,1,0,0,0.001364256480218281,0.0,0.0,0.34624950924499587,1.0593333735737194,2.07137018962293,0.6924990184899917,1.0593333735737194,1.3809134597486201,0.0,0.7732793522267206,1.0,25.0,100.0,1114,0,0,1,0,0,8.976660682226212E-4,0.0,0.0,0.45,0.30000000000000004,0.5,0.6000000000000001,80.0,20.0,65.0,0.45,0.4,0.4,0.6000000000000001,90.0,30.0,55.0,266,266,0,266,0.0,1.0566156713315926,1.0,1.0566156713315926,217,0.8157894736842105,1.0,1
"iteration_1","SCOPE_DATA_COLLECTION",100,39,2410.0,2470.0,2,726,245,143,742,291,142,732,247,146,1,0,0,0.001364256480218281,0.0,0.0,0.34624950924499587,1.0593333735737194,2.07137018962293,0.6924990184899917,1.0593333735737194,1.3809134597486201,0.0,0.7732793522267206,1.0,25.0,100.0,1114,0,0,1,0,0,8.976660682226212E-4,0.0,0.0,0.45,0.30000000000000004,0.5,0.6000000000000001,80.0,20.0,65.0,0.45,0.4,0.4,0.6000000000000001,90.0,30.0,55.0,177,177,0,177,0.0,2.0566294706180495,1.5,1.3710863137453664,177,1.0,1.0,1
"iteration_1","SCOPE_DATA_COLLECTION",100,40,2470.0,2530.0,0,733,266,177,726,245,143,733,262,172,0,0,0,0.0,0.0,0.0,0.34888023271744284,1.0561254477418547,2.0551614250066765,0.6977604654348857,1.0561254477418547,1.3701076166711177,0.0,0.8129770992366412,1.0,45.0,100.0,1176,0,0,0,0,0,0.0,0.0,0.0,0.45,0.4,0.4,0.6000000000000001,90.0,30.0,55.0,0.45,0.30000000000000004,0.30000000000000004,0.5,95.0,20.0,55.0,762,762,0,762,0.0,0.3490362829051607,0.5,0.6980725658103214,0,0.0,1.0,1
"iteration_1","SCOPE_DATA_COLLECTION",100,40,2470.0,2530.0,1,733,266,177,726,245,143,733,262,172,0,0,0,0.0,0.0,0.0,0.34888023271744284,1.0561254477418547,2.0551614250066765,0.6977604654348857,1.0561254477418547,1.3701076166711177,0.0,0.8129770992366412,1.0,45.0,100.0,1176,0,0,0,0,0,0.0,0.0,0.0,0.45,0.4,0.4,0.6000000000000001,90.0,30.0,55.0,0.45,0.30000000000000004,0.30000000000000004,0.5,95.0,20.0,55.0,244,244,0,244,0.0,1.050909852781749,1.0,1.050909852781749,183,0.75,1.0,1
"iteration_1","SCOPE_DATA_COLLECTION",100,40,2470.0,2530.0,2,733,266,177,726,245,143,733,262,172,0,0,0,0.0,0.0,0.0,0.34888023271744284,1.0561254477418547,2.0551614250066765,0.6977604654348857,1.0561254477418547,1.3701076166711177,0.0,0.8129770992366412,1.0,45.0,100.0,1176,0,0,0,0,0,0.0,0.0,0.0,0.45,0.4,0.4,0.6000000000000001,90.0,30.0,55.0,0.45,0.30000000000000004,0.30000000000000004,0.5,95.0,20.0,55.0,147,147,0,147,0.0,2.068263077734222,1.5,1.3788420518228148,147,1.0,1.0,1
"iteration_1","SCOPE_DATA_COLLECTION",100,41,2530.0,2590.0,0,762,244,147,733,266,177,763,246,153,0,0,0,0.0,0.0,0.0,0.3489742566652452,1.051193262088187,2.068906469465314,0.6979485133304903,1.051193262088187,1.3792709796435425,0.0,0.7520325203252033,1.0,25.0,100.0,1153,0,0,0,0,0,0.0,0.0,0.0,0.45,0.30000000000000004,0.30000000000000004,0.5,95.0,20.0,55.0,0.45,0.4,0.30000000000000004,0.6000000000000001,85.0,20.0,45.0,740,740,0,740,0.0,0.3474437754409472,0.5,0.6948875508818944,0,0.0,1.0,1
"iteration_1","SCOPE_DATA_COLLECTION",100,41,2530.0,2590.0,1,762,244,147,733,266,177,763,246,153,0,0,0,0.0,0.0,0.0,0.3489742566652452,1.051193262088187,2.068906469465314,0.6979485133304903,1.051193262088187,1.3792709796435425,0.0,0.7520325203252033,1.0,25.0,100.0,1153,0,0,0,0,0,0.0,0.0,0.0,0.45,0.30000000000000004,0.30000000000000004,0.5,95.0,20.0,55.0,0.45,0.4,0.30000000000000004,0.6000000000000001,85.0,20.0,45.0,253,253,0,253,0.0,1.053214628360119,1.0,1.053214628360119,197,0.7786561264822134,1.0,1
"iteration_1","SCOPE_DATA_COLLECTION",100,41,2530.0,2590.0,2,762,244,147,733,266,177,763,246,153,0,0,0,0.0,0.0,0.0,0.3489742566652452,1.051193262088187,2.068906469465314,0.6979485133304903,1.051193262088187,1.3792709796435425,0.0,0.7520325203252033,1.0,25.0,100.0,1153,0,0,0,0,0,0.0,0.0,0.0,0.45,0.30000000000000004,0.30000000000000004,0.5,95.0,20.0,55.0,0.45,0.4,0.30000000000000004,0.6000000000000001,85.0,20.0,45.0,169,169,0,169,0.0,2.0553155603907114,1.5,1.3702103735938076,169,1.0,1.0,1
"iteration_1","SCOPE_DATA_COLLECTION",100,42,2590.0,2650.0,0,740,253,169,762,244,147,739,247,169,0,0,0,0.0,0.0,0.0,0.3475611026439583,1.0534885437237083,2.059676994100806,0.6951222052879166,1.0534885437237083,1.3731179960672042,0.0,0.7813765182186235,1.0,37.5,100.0,1162,0,0,0,0,0,0.0,0.0,0.0,0.45,0.4,0.30000000000000004,0.6000000000000001,85.0,20.0,45.0,0.55,0.30000000000000004,0.4,0.5,95.0,20.0,55.0,730,730,0,730,0.0,0.34651863834897084,0.5,0.6930372766979417,0,0.0,1.0,1
"iteration_1","SCOPE_DATA_COLLECTION",100,42,2590.0,2650.0,1,740,253,169,762,244,147,739,247,169,0,0,0,0.0,0.0,0.0,0.3475611026439583,1.0534885437237083,2.059676994100806,0.6951222052879166,1.0534885437237083,1.3731179960672042,0.0,0.7813765182186235,1.0,37.5,100.0,1162,0,0,0,0,0,0.0,0.0,0.0,0.45,0.4,0.30000000000000004,0.6000000000000001,85.0,20.0,45.0,0.55,0.30000000000000004,0.4,0.5,95.0,20.0,55.0,288,288,0,288,0.0,1.0491390727061558,1.0,1.0491390727061558,220,0.7638888888888888,1.0,1
"iteration_1","SCOPE_DATA_COLLECTION",100,42,2590.0,2650.0,2,740,253,169,762,244,147,739,247,169,0,0,0,0.0,0.0,0.0,0.3475611026439583,1.0534885437237083,2.059676994100806,0.6951222052879166,1.0534885437237083,1.3731179960672042,0.0,0.7813765182186235,1.0,37.5,100.0,1162,0,0,0,0,0,0.0,0.0,0.0,0.45,0.4,0.30000000000000004,0.6000000000000001,85.0,20.0,45.0,0.55,0.30000000000000004,0.4,0.5,95.0,20.0,55.0,176,176,0,176,0.0,2.060873106771231,1.5,1.373915404514154,176,1.0,1.0,1
"iteration_1","SCOPE_DATA_COLLECTION",100,43,2650.0,2710.0,0,730,288,176,740,253,169,730,290,171,0,0,0,0.0,0.0,0.0,0.3465677241239562,1.048645537249963,2.0540827757664846,0.6931354482479124,1.048645537249963,1.3693885171776563,0.0,0.7586206896551724,1.0,45.0,100.0,1194,0,0,0,0,0,0.0,0.0,0.0,0.55,0.30000000000000004,0.4,0.5,95.0,20.0,55.0,0.55,0.30000000000000004,0.4,0.5,95.0,20.0,55.0,688,686,2,688,0.0029069767441860465,0.34726752148820356,0.5,0.6945350429764071,0,0.0,1.0,1
"iteration_1","SCOPE_DATA_COLLECTION",100,43,2650.0,2710.0,1,730,288,176,740,253,169,730,290,171,0,0,0,0.0,0.0,0.0,0.3465677241239562,1.048645537249963,2.0540827757664846,0.6931354482479124,1.048645537249963,1.3693885171776563,0.0,0.7586206896551724,1.0,45.0,100.0,1194,0,0,0,0,0,0.0,0.0,0.0,0.55,0.30000000000000004,0.4,0.5,95.0,20.0,55.0,0.55,0.30000000000000004,0.4,0.5,95.0,20.0,55.0,259,258,1,259,0.003861003861003861,1.0523277190294167,1.0,1.0523277190294167,201,0.7790697674418605,1.0,1
"iteration_1","SCOPE_DATA_COLLECTION",100,43,2650.0,2710.0,2,730,288,176,740,253,169,730,290,171,0,0,0,0.0,0.0,0.0,0.3465677241239562,1.048645537249963,2.0540827757664846,0.6931354482479124,1.048645537249963,1.3693885171776563,0.0,0.7586206896551724,1.0,45.0,100.0,1194,0,0,0,0,0,0.0,0.0,0.0,0.55,0.30000000000000004,0.4,0.5,95.0,20.0,55.0,0.55,0.30000000000000004,0.4,0.5,95.0,20.0,55.0,173,173,0,173,0.0,2.074544050558521,1.5,1.383029367039014,173,1.0,1.0,1
"iteration_1","SCOPE_DATA_COLLECTION",100,44,2710.0,2770.0,0,688,259,173,730,288,176,686,264,177,2,1,0,0.0029069767441860465,0.0037735849056603774,0.0,0.34727543880160117,1.0530448313811076,2.0768518132330542,0.6945508776032023,1.0530448313811076,1.3845678754887027,0.0,0.7840909090909091,1.0,22.5,100.0,1120,0,0,3,0,0,0.0026785714285714286,0.0,0.0,0.55,0.30000000000000004,0.4,0.5,95.0,20.0,55.0,0.55,0.2,0.30000000000000004,0.4,95.0,20.0,65.0,787,786,1,787,0.0012706480304955528,0.34628294958832795,0.5,0.6925658991766559,0,0.0,1.0,1
"iteration_1","SCOPE_DATA_COLLECTION",100,44,2710.0,2770.0,1,688,259,173,730,288,176,686,264,177,2,1,0,0.0029069767441860465,0.0037735849056603774,0.0,0.34727543880160117,1.0530448313811076,2.0768518132330542,0.6945508776032023,1.0530448313811076,1.3845678754887027,0.0,0.7840909090909091,1.0,22.5,100.0,1120,0,0,3,0,0,0.0026785714285714286,0.0,0.0,0.55,0.30000000000000004,0.4,0.5,95.0,20.0,55.0,0.55,0.2,0.30000000000000004,0.4,95.0,20.0,65.0,238,237,1,238,0.004201680672268907,1.0579405800361044,1.0,1.0579405800361044,191,0.8059071729957806,1.0,1
"iteration_1","SCOPE_DATA_COLLECTION",100,44,2710.0,2770.0,2,688,259,173,730,288,176,686,264,177,2,1,0,0.0029069767441860465,0.0037735849056603774,0.0,0.34727543880160117,1.0530448313811076,2.0768518132330542,0.6945508776032023,1.0530448313811076,1.3845678754887027,0.0,0.7840909090909091,1.0,22.5,100.0,1120,0,0,3,0,0,0.0026785714285714286,0.0,0.0,0.55,0.30000000000000004,0.4,0.5,95.0,20.0,55.0,0.55,0.2,0.30000000000000004,0.4,95.0,20.0,65.0,188,188,0,188,0.0,2.052993987792794,1.5,1.3686626585285293,188,1.0,1.0,1
"iteration_1","SCOPE_DATA_COLLECTION",100,45,2770.0,2830.0,0,787,238,188,688,259,173,787,233,190,1,1,0,0.0012690355329949238,0.004273504273504274,0.0,0.3462826591002377,1.0571490358436504,2.0529184141435413,0.6925653182004754,1.0571490358436504,1.3686122760956942,0.0,0.8025751072961373,1.0,25.0,100.0,1213,0,0,2,0,0,0.0016488046166529267,0.0,0.0,0.55,0.2,0.30000000000000004,0.4,95.0,20.0,65.0,0.45,0.30000000000000004,0.30000000000000004,0.30000000000000004,95.0,30.0,75.0,702,700,2,702,0.002849002849002849,0.34653431473023244,0.5,0.6930686294604649,0,0.0,1.0,1
"iteration_1","SCOPE_DATA_COLLECTION",100,45,2770.0,2830.0,1,787,238,188,688,259,173,787,233,190,1,1,0,0.0012690355329949238,0.004273504273504274,0.0,0.3462826591002377,1.0571490358436504,2.0529184141435413,0.6925653182004754,1.0571490358436504,1.3686122760956942,0.0,0.8025751072961373,1.0,25.0,100.0,1213,0,0,2,0,0,0.0016488046166529267,0.0,0.0,0.55,0.2,0.30000000000000004,0.4,95.0,20.0,65.0,0.45,0.30000000000000004,0.30000000000000004,0.30000000000000004,95.0,30.0,75.0,243,243,0,243,0.0,1.04396919618257,1.0,1.04396919618257,173,0.7119341563786008,1.0,1
"iteration_1","SCOPE_DATA_COLLECTION",100,45,2770.0,2830.0,2,787,238,188,688,259,173,787,233,190,1,1,0,0.0012690355329949238,0.004273504273504274,0.0,0.3462826591002377,1.0571490358436504,2.0529184141435413,0.6925653182004754,1.0571490358436504,1.3686122760956942,0.0,0.8025751072961373,1.0,25.0,100.0,1213,0,0,2,0,0,0.0016488046166529267,0.0,0.0,0.55,0.2,0.30000000000000004,0.4,95.0,20.0,65.0,0.45,0.30000000000000004,0.30000000000000004,0.30000000000000004,95.0,30.0,75.0,157,157,0,157,0.0,2.069723474853832,1.5,1.3798156499025547,157,1.0,1.0,1
"iteration_1","SCOPE_DATA_COLLECTION",100,46,2830.0,2890.0,0,702,243,157,787,238,188,698,244,155,2,0,0,0.002857142857142857,0.0,0.0,0.3464166329982705,1.0449550302812924,2.0717257380571263,0.692833265996541,1.0449550302812924,1.3811504920380842,0.0,0.7172131147540983,1.0,32.5,100.0,1102,0,0,2,0,0,0.0018148820326678765,0.0,0.0,0.45,0.30000000000000004,0.30000000000000004,0.30000000000000004,95.0,30.0,75.0,0.35000000000000003,0.30000000000000004,0.4,0.2,85.0,40.0,75.0,725,724,1,725,0.001379310344827586,0.3461229359644474,0.5,0.6922458719288948,0,0.0,1.0,1
"iteration_1","SCOPE_DATA_COLLECTION",100,46,2830.0,2890.0,1,702,243,157,787,238,188,698,244,155,2,0,0,0.002857142857142857,0.0,0.0,0.3464166329982705,1.0449550302812924,2.0717257380571263,0.692833265996541,1.0449550302812924,1.3811504920380842,0.0,0.7172131147540983,1.0,32.5,100.0,1102,0,0,2,0,0,0.0018148820326678765,0.0,0.0,0.45,0.30000000000000004,0.30000000000000004,0.30000000000000004,95.0,30.0,75.0,0.35000000000000003,0.30000000000000004,0.4,0.2,85.0,40.0,75.0,280,280,0,280,0.0,1.0516843594046155,1.0,1.0516843594046155,207,0.7392857142857143,1.0,1
"iteration_1","SCOPE_DATA_COLLECTION",100,46,2830.0,2890.0,2,702,243,157,787,238,188,698,244,155,2,0,0,0.002857142857142857,0.0,0.0,0.3464166329982705,1.0449550302812924,2.0717257380571263,0.692833265996541,1.0449550302812924,1.3811504920380842,0.0,0.7172131147540983,1.0,32.5,100.0,1102,0,0,2,0,0,0.0018148820326678765,0.0,0.0,0.45,0.30000000000000004,0.30000000000000004,0.30000000000000004,95.0,30.0,75.0,0.35000000000000003,0.30000000000000004,0.4,0.2,85.0,40.0,75.0,150,150,0,150,0.0,2.0709330263991705,1.5,1.380622017599447,150,1.0,1.0,1
"iteration_1","SCOPE_DATA_COLLECTION",100,47,2890.0,2950.0,0,725,280,150,702,243,157,726,280,152,1,0,0,0.001375515818431912,0.0,0.0,0.34618445129561876,1.0521069009653274,2.069250509002712,0.6923689025912375,1.0521069009653274,1.3795003393351413,0.0,0.7392857142857143,1.0,22.5,100.0,1155,0,0,1,0,0,8.658008658008658E-4,0.0,0.0,0.35000000000000003,0.30000000000000004,0.4,0.2,85.0,40.0,75.0,0.35000000000000003,0.30000000000000004,0.4,0.2,75.0,50.0,85.0,739,739,0,739,0.0,0.34772654761487876,0.5,0.6954530952297575,0,0.0,1.0,1
"iteration_1","SCOPE_DATA_COLLECTION",100,47,2890.0,2950.0,1,725,280,150,702,243,157,726,280,152,1,0,0,0.001375515818431912,0.0,0.0,0.34618445129561876,1.0521069009653274,2.069250509002712,0.6923689025912375,1.0521069009653274,1.3795003393351413,0.0,0.7392857142857143,1.0,22.5,100.0,1155,0,0,1,0,0,8.658008658008658E-4,0.0,0.0,0.35000000000000003,0.30000000000000004,0.4,0.2,85.0,40.0,75.0,0.35000000000000003,0.30000000000000004,0.4,0.2,75.0,50.0,85.0,257,257,0,257,0.0,1.056314742772358,1.0,1.056314742772358,206,0.8015564202334631,1.0,1
"iteration_1","SCOPE_DATA_COLLECTION",100,47,2890.0,2950.0,2,725,280,150,702,243,157,726,280,152,1,0,0,0.001375515818431912,0.0,0.0,0.34618445129561876,1.0521069009653274,2.069250509002712,0.6923689025912375,1.0521069009653274,1.3795003393351413,0.0,0.7392857142857143,1.0,22.5,100.0,1155,0,0,1,0,0,8.658008658008658E-4,0.0,0.0,0.35000000000000003,0.30000000000000004,0.4,0.2,85.0,40.0,75.0,0.35000000000000003,0.30000000000000004,0.4,0.2,75.0,50.0,85.0,164,163,1,164,0.006097560975609756,2.0472694925124024,1.5,1.3648463283416017,163,1.0,1.0,1
"iteration_1","SCOPE_DATA_COLLECTION",100,48,2950.0,3010.0,0,739,257,164,725,280,150,738,256,162,0,0,1,0.0,0.0,0.006134969325153374,0.3476851602677644,1.0550646992830366,2.0457382064321727,0.6953703205355288,1.0550646992830366,1.363825470954782,0.0,0.796875,1.0,30.0,100.0,1160,0,0,1,0,0,8.620689655172414E-4,0.0,0.0,0.35000000000000003,0.30000000000000004,0.4,0.2,75.0,50.0,85.0,0.25,0.4,0.5,0.30000000000000004,65.0,50.0,75.0,734,733,1,734,0.0013623978201634877,0.3481131723738914,0.5,0.6962263447477828,0,0.0,1.0,1
"iteration_1","SCOPE_DATA_COLLECTION",100,48,2950.0,3010.0,1,739,257,164,725,280,150,738,256,162,0,0,1,0.0,0.0,0.006134969325153374,0.3476851602677644,1.0550646992830366,2.0457382064321727,0.6953703205355288,1.0550646992830366,1.363825470954782,0.0,0.796875,1.0,30.0,100.0,1160,0,0,1,0,0,8.620689655172414E-4,0.0,0.0,0.35000000000000003,0.30000000000000004,0.4,0.2,75.0,50.0,85.0,0.25,0.4,0.5,0.30000000000000004,65.0,50.0,75.0,271,271,0,271,0.0,1.0528405591361027,1.0,1.0528405591361027,204,0.7527675276752768,1.0,1
"iteration_1","SCOPE_DATA_COLLECTION",100,48,2950.0,3010.0,2,739,257,164,725,280,150,738,256,162,0,0,1,0.0,0.0,0.006134969325153374,0.3476851602677644,1.0550646992830366,2.0457382064321727,0.6953703205355288,1.0550646992830366,1.363825470954782,0.0,0.796875,1.0,30.0,100.0,1160,0,0,1,0,0,8.620689655172414E-4,0.0,0.0,0.35000000000000003,0.30000000000000004,0.4,0.2,75.0,50.0,85.0,0.25,0.4,0.5,0.30000000000000004,65.0,50.0,75.0,172,172,0,172,0.0,2.077897719633037,1.5,1.3852651464220245,172,1.0,1.0,1
"iteration_1","SCOPE_DATA_COLLECTION",100,49,3010.0,3070.0,0,734,271,172,739,257,164,731,273,168,1,0,0,0.001366120218579235,0.0,0.0,0.34825704284309106,1.052981318837621,2.076502122567436,0.6965140856861821,1.052981318837621,1.3843347483782906,0.0,0.7545787545787546,1.0,40.0,100.0,1177,0,0,1,0,0,8.496176720475786E-4,0.0,0.0,0.25,0.4,0.5,0.30000000000000004,65.0,50.0,75.0,0.1,0.6000000000000001,0.30000000000000004,0.8,50.0,65.0,25.0,758,758,0,758,0.0,0.34872009066908616,0.5,0.6974401813381723,1,0.0013192612137203166,1.0,1
"iteration_1","SCOPE_DATA_COLLECTION",100,49,3010.0,3070.0,1,734,271,172,739,257,164,731,273,168,1,0,0,0.001366120218579235,0.0,0.0,0.34825704284309106,1.052981318837621,2.076502122567436,0.6965140856861821,1.052981318837621,1.3843347483782906,0.0,0.7545787545787546,1.0,40.0,100.0,1177,0,0,1,0,0,8.496176720475786E-4,0.0,0.0,0.25,0.4,0.5,0.30000000000000004,65.0,50.0,75.0,0.1,0.6000000000000001,0.30000000000000004,0.8,50.0,65.0,25.0,262,262,0,262,0.0,1.0538854589522488,1.0,1.0538854589522488,201,0.767175572519084,1.0,1
"iteration_1","SCOPE_DATA_COLLECTION",100,49,3010.0,3070.0,2,734,271,172,739,257,164,731,273,168,1,0,0,0.001366120218579235,0.0,0.0,0.34825704284309106,1.052981318837621,2.076502122567436,0.6965140856861821,1.052981318837621,1.3843347483782906,0.0,0.7545787545787546,1.0,40.0,100.0,1177,0,0,1,0,0,8.496176720475786E-4,0.0,0.0,0.25,0.4,0.5,0.30000000000000004,65.0,50.0,75.0,0.1,0.6000000000000001,0.30000000000000004,0.8,50.0,65.0,25.0,151,150,1,151,0.006622516556291391,2.0672679736568957,1.5,1.378178649104597,150,1.0,1.0,1
"iteration_1","SCOPE_DATA_COLLECTION",100,50,3070.0,3130.0,0,758,262,151,734,271,172,760,265,153,0,0,1,0.0,0.0,0.006493506493506494,0.34862151334079056,1.0544018664156163,2.073010793161825,0.6972430266815811,1.0544018664156163,1.3820071954412168,0.0013157894736842105,0.769811320754717,1.0,20.0,100.0,1171,0,0,1,0,0,8.539709649871904E-4,0.0,0.0,0.1,0.6000000000000001,0.30000000000000004,0.8,50.0,65.0,25.0,0.05,0.6000000000000001,0.30000000000000004,0.7000000000000001,50.0,65.0,35.0,747,746,1,747,0.0013386880856760374,0.3480966270391145,0.5,0.696193254078229,0,0.0,1.0,1
"iteration_1","SCOPE_DATA_COLLECTION",100,50,3070.0,3130.0,1,758,262,151,734,271,172,760,265,153,0,0,1,0.0,0.0,0.006493506493506494,0.34862151334079056,1.0544018664156163,2.073010793161825,0.6972430266815811,1.0544018664156163,1.3820071954412168,0.0013157894736842105,0.769811320754717,1.0,20.0,100.0,1171,0,0,1,0,0,8.539709649871904E-4,0.0,0.0,0.1,0.6000000000000001,0.30000000000000004,0.8,50.0,65.0,25.0,0.05,0.6000000000000001,0.30000000000000004,0.7000000000000001,50.0,65.0,35.0,254,254,0,254,0.0,1.0551928195187361,1.0,1.0551928195187361,196,0.7716535433070866,1.0,1
"iteration_1","SCOPE_DATA_COLLECTION",100,50,3070.0,3130.0,2,758,262,151,734,271,172,760,265,153,0,0,1,0.0,0.0,0.006493506493506494,0.34862151334079056,1.0544018664156163,2.073010793161825,0.6972430266815811,1.0544018664156163,1.3820071954412168,0.0013157894736842105,0.769811320754717,1.0,20.0,100.0,1171,0,0,1,0,0,8.539709649871904E-4,0.0,0.0,0.1,0.6000000000000001,0.30000000000000004,0.8,50.0,65.0,25.0,0.05,0.6000000000000001,0.30000000000000004,0.7000000000000001,50.0,65.0,35.0,165,165,0,165,0.0,2.0512503057282245,1.5,1.3675002038188164,165,1.0,1.0,1
"iteration_1","SCOPE_DATA_COLLECTION",100,51,3130.0,3190.0,0,747,254,165,758,262,151,746,249,165,1,0,0,0.0013386880856760374,0.0,0.0,0.34799063418073267,1.055715947648686,2.0496632999576585,0.6959812683614653,1.055715947648686,1.3664421999717724,0.0,0.7751004016064257,1.0,35.0,100.0,1166,0,0,1,0,0,8.576329331046312E-4,0.0,0.0,0.05,0.6000000000000001,0.30000000000000004,0.7000000000000001,50.0,65.0,35.0,0.05,0.7000000000000001,0.4,0.6000000000000001,60.0,55.0,45.0,749,749,0,749,0.0,0.3478096610481659,0.5,0.6956193220963318,0,0.0,1.0,1
"iteration_1","SCOPE_DATA_COLLECTION",100,51,3130.0,3190.0,1,747,254,165,758,262,151,746,249,165,1,0,0,0.0013386880856760374,0.0,0.0,0.34799063418073267,1.055715947648686,2.0496632999576585,0.6959812683614653,1.055715947648686,1.3664421999717724,0.0,0.7751004016064257,1.0,35.0,100.0,1166,0,0,1,0,0,8.576329331046312E-4,0.0,0.0,0.05,0.6000000000000001,0.30000000000000004,0.7000000000000001,50.0,65.0,35.0,0.05,0.7000000000000001,0.4,0.6000000000000001,60.0,55.0,45.0,251,251,0,251,0.0,1.0552378697130766,1.0,1.0552378697130766,188,0.749003984063745,1.0,1
"iteration_1","SCOPE_DATA_COLLECTION",100,51,3130.0,3190.0,2,747,254,165,758,262,151,746,249,165,1,0,0,0.0013386880856760374,0.0,0.0,0.34799063418073267,1.055715947648686,2.0496632999576585,0.6959812683614653,1.055715947648686,1.3664421999717724,0.0,0.7751004016064257,1.0,35.0,100.0,1166,0,0,1,0,0,8.576329331046312E-4,0.0,0.0,0.05,0.6000000000000001,0.30000000000000004,0.7000000000000001,50.0,65.0,35.0,0.05,0.7000000000000001,0.4,0.6000000000000001,60.0,55.0,45.0,186,186,0,186,0.0,2.0633228642854,1.5,1.3755485761902666,186,1.0,1.0,1
"iteration_1","SCOPE_DATA_COLLECTION",100,52,3190.0,3250.0,0,749,251,186,747,254,165,748,250,187,0,0,0,0.0,0.0,0.0,0.34783945503290475,1.0546631898440628,2.0669617552757944,0.6956789100658095,1.0546631898440628,1.3779745035171962,0.0,0.748,1.0,32.5,100.0,1186,0,0,0,0,0,0.0,0.0,0.0,0.05,0.7000000000000001,0.4,0.6000000000000001,60.0,55.0,45.0,0.05,0.7000000000000001,0.4,0.6000000000000001,50.0,55.0,45.0,742,740,2,742,0.0026954177897574125,0.3469117216151081,0.5,0.6938234432302162,0,0.0,1.0,1
"iteration_1","SCOPE_DATA_COLLECTION",100,52,3190.0,3250.0,1,749,251,186,747,254,165,748,250,187,0,0,0,0.0,0.0,0.0,0.34783945503290475,1.0546631898440628,2.0669617552757944,0.6956789100658095,1.0546631898440628,1.3779745035171962,0.0,0.748,1.0,32.5,100.0,1186,0,0,0,0,0,0.0,0.0,0.0,0.05,0.7000000000000001,0.4,0.6000000000000001,60.0,55.0,45.0,0.05,0.7000000000000001,0.4,0.6000000000000001,50.0,55.0,45.0,260,260,0,260,0.0,1.0491808484512866,1.0,1.0491808484512866,187,0.7192307692307692,1.0,1
"iteration_1","SCOPE_DATA_COLLECTION",100,52,3190.0,3250.0,2,749,251,186,747,254,165,748,250,187,0,0,0,0.0,0.0,0.0,0.34783945503290475,1.0546631898440628,2.0669617552757944,0.6956789100658095,1.0546631898440628,1.3779745035171962,0.0,0.748,1.0,32.5,100.0,1186,0,0,0,0,0,0.0,0.0,0.0,0.05,0.7000000000000001,0.4,0.6000000000000001,60.0,55.0,45.0,0.05,0.7000000000000001,0.4,0.6000000000000001,50.0,55.0,45.0,177,177,0,177,0.0,2.064622566392304,1.5,1.3764150442615362,177,1.0,1.0,1
"iteration_1","SCOPE_DATA_COLLECTION",100,53,3250.0,3310.0,0,742,260,177,749,251,186,738,261,175,2,0,0,0.002702702702702703,0.0,0.0,0.34693586773942003,1.0499712856033048,2.0609638380916295,0.6938717354788401,1.0499712856033048,1.3739758920610863,0.0,0.7203065134099617,1.0,42.5,100.0,1179,0,0,2,0,0,0.0016963528413910093,0.0,0.0,0.05,0.7000000000000001,0.4,0.6000000000000001,50.0,55.0,45.0,0.15000000000000002,0.7000000000000001,0.5,0.7000000000000001,50.0,55.0,35.0,771,770,1,771,0.0012970168612191958,0.34751874034641983,0.5,0.6950374806928397,0,0.0,1.0,1
"iteration_1","SCOPE_DATA_COLLECTION",100,53,3250.0,3310.0,1,742,260,177,749,251,186,738,261,175,2,0,0,0.002702702702702703,0.0,0.0,0.34693586773942003,1.0499712856033048,2.0609638380916295,0.6938717354788401,1.0499712856033048,1.3739758920610863,0.0,0.7203065134099617,1.0,42.5,100.0,1179,0,0,2,0,0,0.0016963528413910093,0.0,0.0,0.05,0.7000000000000001,0.4,0.6000000000000001,50.0,55.0,45.0,0.15000000000000002,0.7000000000000001,0.5,0.7000000000000001,50.0,55.0,35.0,238,238,0,238,0.0,1.052027703717074,1.0,1.052027703717074,176,0.7394957983193278,1.0,1
"iteration_1","SCOPE_DATA_COLLECTION",100,53,3250.0,3310.0,2,742,260,177,749,251,186,738,261,175,2,0,0,0.002702702702702703,0.0,0.0,0.34693586773942003,1.0499712856033048,2.0609638380916295,0.6938717354788401,1.0499712856033048,1.3739758920610863,0.0,0.7203065134099617,1.0,42.5,100.0,1179,0,0,2,0,0,0.0016963528413910093,0.0,0.0,0.05,0.7000000000000001,0.4,0.6000000000000001,50.0,55.0,45.0,0.15000000000000002,0.7000000000000001,0.5,0.7000000000000001,50.0,55.0,35.0,166,166,0,166,0.0,2.040340004983158,1.5,1.360226669988772,166,1.0,1.0,1
"iteration_1","SCOPE_DATA_COLLECTION",100,54,3310.0,3370.0,0,771,238,166,742,260,177,772,240,170,1,0,0,0.00129366106080207,0.0,0.0,0.3476419804894244,1.05103034123134,2.041226098247398,0.6952839609788488,1.05103034123134,1.3608173988315988,0.0,0.7333333333333333,1.0,22.5,100.0,1175,0,0,1,0,0,8.51063829787234E-4,0.0,0.0,0.15000000000000002,0.7000000000000001,0.5,0.7000000000000001,50.0,55.0,35.0,0.05,0.6000000000000001,0.5,0.8,60.0,65.0,25.0,758,755,3,758,0.00395778364116095,0.34718533071603247,0.5,0.6943706614320649,0,0.0,1.0,1
"iteration_1","SCOPE_DATA_COLLECTION",100,54,3310.0,3370.0,1,771,238,166,742,260,177,772,240,170,1,0,0,0.00129366106080207,0.0,0.0,0.3476419804894244,1.05103034123134,2.041226098247398,0.6952839609788488,1.05103034123134,1.3608173988315988,0.0,0.7333333333333333,1.0,22.5,100.0,1175,0,0,1,0,0,8.51063829787234E-4,0.0,0.0,0.15000000000000002,0.7000000000000001,0.5,0.7000000000000001,50.0,55.0,35.0,0.05,0.6000000000000001,0.5,0.8,60.0,65.0,25.0,269,269,0,269,0.0,1.0484542205844851,1.0,1.0484542205844851,204,0.758364312267658,1.0,1
"iteration_1","SCOPE_DATA_COLLECTION",100,54,3310.0,3370.0,2,771,238,166,742,260,177,772,240,170,1,0,0,0.00129366106080207,0.0,0.0,0.3476419804894244,1.05103034123134,2.041226098247398,0.6952839609788488,1.05103034123134,1.3608173988315988,0.0,0.7333333333333333,1.0,22.5,100.0,1175,0,0,1,0,0,8.51063829787234E-4,0.0,0.0,0.15000000000000002,0.7000000000000001,0.5,0.7000000000000001,50.0,55.0,35.0,0.05,0.6000000000000001,0.5,0.8,60.0,65.0,25.0,182,182,0,182,0.0,2.0729082309039466,1.5,1.381938820602631,182,1.0,1.0,1
"iteration_1","SCOPE_DATA_COLLECTION",100,55,3370.0,3430.0,0,758,269,182,771,238,166,754,269,177,3,0,0,0.003963011889035667,0.0,0.0,0.3471002941313695,1.0487620615650066,2.0733898913802267,0.694200588262739,1.0487620615650066,1.3822599275868177,0.0,0.7620817843866171,1.0,32.5,100.0,1209,0,0,3,0,0,0.0024813895781637717,0.0,0.0,0.05,0.6000000000000001,0.5,0.8,60.0,65.0,25.0,0.15000000000000002,0.6000000000000001,0.4,0.7000000000000001,70.0,75.0,35.0,771,771,0,771,0.0,0.34543223782894317,0.5,0.6908644756578863,0,0.0,1.0,1
"iteration_1","SCOPE_DATA_COLLECTION",100,55,3370.0,3430.0,1,758,269,182,771,238,166,754,269,177,3,0,0,0.003963011889035667,0.0,0.0,0.3471002941313695,1.0487620615650066,2.0733898913802267,0.694200588262739,1.0487620615650066,1.3822599275868177,0.0,0.7620817843866171,1.0,32.5,100.0,1209,0,0,3,0,0,0.0024813895781637717,0.0,0.0,0.05,0.6000000000000001,0.5,0.8,60.0,65.0,25.0,0.15000000000000002,0.6000000000000001,0.4,0.7000000000000001,70.0,75.0,35.0,303,303,0,303,0.0,1.0466351838148702,1.0,1.0466351838148702,231,0.7623762376237624,1.0,1
"iteration_1","SCOPE_DATA_COLLECTION",100,55,3370.0,3430.0,2,758,269,182,771,238,166,754,269,177,3,0,0,0.003963011889035667,0.0,0.0,0.3471002941313695,1.0487620615650066,2.0733898913802267,0.694200588262739,1.0487620615650066,1.3822599275868177,0.0,0.7620817843866171,1.0,32.5,100.0,1209,0,0,3,0,0,0.0024813895781637717,0.0,0.0,0.05,0.6000000000000001,0.5,0.8,60.0,65.0,25.0,0.15000000000000002,0.6000000000000001,0.4,0.7000000000000001,70.0,75.0,35.0,152,151,1,152,0.006578947368421052,2.0658376047410476,1.5,1.3772250698273651,151,1.0,1.0,1
"iteration_1","SCOPE_DATA_COLLECTION",100,56,3430.0,3490.0,0,771,303,152,758,269,182,773,299,153,0,0,1,0.0,0.0,0.006493506493506494,0.3453010214053736,1.0468414084211386,2.06485468995939,0.6906020428107472,1.0468414084211386,1.37656979330626,0.0,0.7658862876254181,1.0,32.5,100.0,1226,0,0,1,0,0,8.156606851549756E-4,0.0,0.0,0.15000000000000002,0.6000000000000001,0.4,0.7000000000000001,70.0,75.0,35.0,0.25,0.5,0.30000000000000004,0.7000000000000001,80.0,65.0,35.0,753,752,1,753,0.0013280212483399733,0.3468133450754743,0.5,0.6936266901509486,0,0.0,1.0,1
"iteration_1","SCOPE_DATA_COLLECTION",100,56,3430.0,3490.0,1,771,303,152,758,269,182,773,299,153,0,0,1,0.0,0.0,0.006493506493506494,0.3453010214053736,1.0468414084211386,2.06485468995939,0.6906020428107472,1.0468414084211386,1.37656979330626,0.0,0.7658862876254181,1.0,32.5,100.0,1226,0,0,1,0,0,8.156606851549756E-4,0.0,0.0,0.15000000000000002,0.6000000000000001,0.4,0.7000000000000001,70.0,75.0,35.0,0.25,0.5,0.30000000000000004,0.7000000000000001,80.0,65.0,35.0,277,277,0,277,0.0,1.0625152930019204,1.0,1.0625152930019204,219,0.7906137184115524,1.0,1
"iteration_1","SCOPE_DATA_COLLECTION",100,56,3430.0,3490.0,2,771,303,152,758,269,182,773,299,153,0,0,1,0.0,0.0,0.006493506493506494,0.3453010214053736,1.0468414084211386,2.06485468995939,0.6906020428107472,1.0468414084211386,1.37656979330626,0.0,0.7658862876254181,1.0,32.5,100.0,1226,0,0,1,0,0,8.156606851549756E-4,0.0,0.0,0.15000000000000002,0.6000000000000001,0.4,0.7000000000000001,70.0,75.0,35.0,0.25,0.5,0.30000000000000004,0.7000000000000001,80.0,65.0,35.0,181,181,0,181,0.0,2.079315635108174,1.5,1.3862104234054493,181,1.0,1.0,1
"iteration_1","SCOPE_DATA_COLLECTION",100,57,3490.0,3550.0,0,753,277,181,771,303,152,748,279,180,1,0,0,0.0013351134846461949,0.0,0.0,0.34675121996151803,1.0615013761757184,2.0773464023147525,0.6935024399230361,1.0615013761757184,1.3848976015431684,0.0,0.7813620071684588,1.0,45.0,100.0,1211,0,0,1,0,0,8.257638315441783E-4,0.0,0.0,0.25,0.5,0.30000000000000004,0.7000000000000001,80.0,65.0,35.0,0.45,0.4,0.7000000000000001,0.30000000000000004,60.0,70.0,30.0,744,744,0,744,0.0,0.3467431927325129,0.5,0.6934863854650258,0,0.0,1.0,1
"iteration_1","SCOPE_DATA_COLLECTION",100,57,3490.0,3550.0,1,753,277,181,771,303,152,748,279,180,1,0,0,0.0013351134846461949,0.0,0.0,0.34675121996151803,1.0615013761757184,2.0773464023147525,0.6935024399230361,1.0615013761757184,1.3848976015431684,0.0,0.7813620071684588,1.0,45.0,100.0,1211,0,0,1,0,0,8.257638315441783E-4,0.0,0.0,0.25,0.5,0.30000000000000004,0.7000000000000001,80.0,65.0,35.0,0.45,0.4,0.7000000000000001,0.30000000000000004,60.0,70.0,30.0,270,270,0,270,0.0,1.0558140081412553,1.0,1.0558140081412553,211,0.7814814814814814,1.0,1
"iteration_1","SCOPE_DATA_COLLECTION",100,57,3490.0,3550.0,2,753,277,181,771,303,152,748,279,180,1,0,0,0.0013351134846461949,0.0,0.0,0.34675121996151803,1.0615013761757184,2.0773464023147525,0.6935024399230361,1.0615013761757184,1.3848976015431684,0.0,0.7813620071684588,1.0,45.0,100.0,1211,0,0,1,0,0,8.257638315441783E-4,0.0,0.0,0.25,0.5,0.30000000000000004,0.7000000000000001,80.0,65.0,35.0,0.45,0.4,0.7000000000000001,0.30000000000000004,60.0,70.0,30.0,177,177,0,177,0.0,2.05811792760261,1.5,1.37207861840174,177,1.0,1.0,1
"iteration_1","SCOPE_DATA_COLLECTION",100,58,3550.0,3617.7861178034705,0,744,270,177,753,277,181,750,269,179,0,0,0,0.0,0.0,0.0,0.3469688024002929,1.056601353146634,2.0619939289368383,0.6939376048005858,1.056601353146634,1.3746626192912255,0.0,0.7881040892193308,1.0,30.0,100.0,1191,0,0,0,0,0,0.0,0.0,0.0,0.45,0.4,0.7000000000000001,0.30000000000000004,60.0,70.0,30.0,0.45,0.5,0.7000000000000001,0.30000000000000004,60.0,70.0,20.0,635,632,0,632,0.0,0.34580652536542733,0.5,0.6916130507308547,0,0.0,0.9952755905511811,0
"iteration_1","SCOPE_DATA_COLLECTION",100,58,3550.0,3617.7861178034705,1,744,270,177,753,277,181,750,269,179,0,0,0,0.0,0.0,0.0,0.3469688024002929,1.056601353146634,2.0619939289368383,0.6939376048005858,1.056601353146634,1.3746626192912255,0.0,0.7881040892193308,1.0,30.0,100.0,1191,0,0,0,0,0,0.0,0.0,0.0,0.45,0.4,0.7000000000000001,0.30000000000000004,60.0,70.0,30.0,0.45,0.5,0.7000000000000001,0.30000000000000004,60.0,70.0,20.0,224,223,0,223,0.0,1.053135312522055,1.0,1.053135312522055,166,0.7443946188340808,0.9955357142857143,0
"iteration_1","SCOPE_DATA_COLLECTION",100,58,3550.0,3617.7861178034705,2,744,270,177,753,277,181,750,269,179,0,0,0,0.0,0.0,0.0,0.3469688024002929,1.056601353146634,2.0619939289368383,0.6939376048005858,1.056601353146634,1.3746626192912255,0.0,0.7881040892193308,1.0,30.0,100.0,1191,0,0,0,0,0,0.0,0.0,0.0,0.45,0.4,0.7000000000000001,0.30000000000000004,60.0,70.0,30.0,0.45,0.5,0.7000000000000001,0.30000000000000004,60.0,70.0,20.0,109,109,0,109,0.0,2.0638106279289046,1.5,1.375873751952603,109,1.0,1.0,0
"iteration_1","SCOPE_DATA_COLLECTION",200,0,70.0,130.0,0,1167,750,262,0,0,0,1162,738,249,0,0,0,0.0,0.0,0.0,0.3522719584062585,1.0599362554571254,2.0500050182632,0.704543916812517,1.0599362554571254,1.3666700121754667,0.0017211703958691911,0.8062330623306233,1.0,65.0,100.0,2179,0,0,0,0,0,0.0,0.0,0.0,0.6,0.5,0.7,0.4,85.0,80.0,90.0,0.7000000000000001,0.4,0.6000000000000001,0.4,75.0,90.0,80.0,1311,1309,2,1311,0.0015255530129672007,0.35249627217093604,0.5,0.7049925443418721,3,0.002291825821237586,1.0,1
"iteration_1","SCOPE_DATA_COLLECTION",200,0,70.0,130.0,1,1167,750,262,0,0,0,1162,738,249,0,0,0,0.0,0.0,0.0,0.3522719584062585,1.0599362554571254,2.0500050182632,0.704543916812517,1.0599362554571254,1.3666700121754667,0.0017211703958691911,0.8062330623306233,1.0,65.0,100.0,2179,0,0,0,0,0,0.0,0.0,0.0,0.6,0.5,0.7,0.4,85.0,80.0,90.0,0.7000000000000001,0.4,0.6000000000000001,0.4,75.0,90.0,80.0,803,803,0,803,0.0,1.0607018637925616,1.0,1.0607018637925616,635,0.7907845579078456,1.0,1
"iteration_1","SCOPE_DATA_COLLECTION",200,0,70.0,130.0,2,1167,750,262,0,0,0,1162,738,249,0,0,0,0.0,0.0,0.0,0.3522719584062585,1.0599362554571254,2.0500050182632,0.704543916812517,1.0599362554571254,1.3666700121754667,0.0017211703958691911,0.8062330623306233,1.0,65.0,100.0,2179,0,0,0,0,0,0.0,0.0,0.0,0.6,0.5,0.7,0.4,85.0,80.0,90.0,0.7000000000000001,0.4,0.6000000000000001,0.4,75.0,90.0,80.0,252,251,1,252,0.003968253968253968,2.0582243924622396,1.5,1.3721495949748264,250,0.9960159362549801,1.0,1
"iteration_1","SCOPE_DATA_COLLECTION",200,1,130.0,190.0,0,1311,803,252,1167,750,262,1306,799,250,2,0,1,0.0015290519877675841,0.0,0.00398406374501992,0.3523685443686842,1.0604571744362319,2.0606100961871543,0.7047370887373684,1.0604571744362319,1.3737400641247695,0.002297090352220521,0.7909887359198998,0.996,87.5,100.0,2364,2,0,3,0,0,0.0012690355329949238,0.0,0.0,0.7000000000000001,0.4,0.6000000000000001,0.4,75.0,90.0,80.0,0.6000000000000001,0.4,0.6000000000000001,0.5,65.0,95.0,90.0,1219,1219,0,1219,0.0,0.35381138723977473,0.5,0.7076227744795495,10,0.008203445447087777,1.0,1
"iteration_1","SCOPE_DATA_COLLECTION",200,1,130.0,190.0,1,1311,803,252,1167,750,262,1306,799,250,2,0,1,0.0015290519877675841,0.0,0.00398406374501992,0.3523685443686842,1.0604571744362319,2.0606100961871543,0.7047370887373684,1.0604571744362319,1.3737400641247695,0.002297090352220521,0.7909887359198998,0.996,87.5,100.0,2364,2,0,3,0,0,0.0012690355329949238,0.0,0.0,0.7000000000000001,0.4,0.6000000000000001,0.4,75.0,90.0,80.0,0.6000000000000001,0.4,0.6000000000000001,0.5,65.0,95.0,90.0,815,814,1,815,0.001226993865030675,1.0581265387047545,1.0,1.0581265387047545,640,0.7862407862407862,1.0,1
"iteration_1","SCOPE_DATA_COLLECTION",200,1,130.0,190.0,2,1311,803,252,1167,750,262,1306,799,250,2,0,1,0.0015290519877675841,0.0,0.00398406374501992,0.3523685443686842,1.0604571744362319,2.0606100961871543,0.7047370887373684,1.0604571744362319,1.3737400641247695,0.002297090352220521,0.7909887359198998,0.996,87.5,100.0,2364,2,0,3,0,0,0.0012690355329949238,0.0,0.0,0.7000000000000001,0.4,0.6000000000000001,0.4,75.0,90.0,80.0,0.6000000000000001,0.4,0.6000000000000001,0.5,65.0,95.0,90.0,292,292,0,292,0.0,2.0674149681162644,1.5,1.3782766454108428,291,0.9965753424657534,1.0,1
"iteration_1","SCOPE_DATA_COLLECTION",200,2,190.0,250.0,0,1219,815,292,1311,803,252,1218,814,287,0,1,0,0.0,0.001226993865030675,0.0,0.3537618636305605,1.0582110834802465,2.0641906382683057,0.707523727261121,1.0582110834802465,1.3761270921788704,0.008210180623973728,0.7886977886977887,0.9965156794425087,92.5,100.0,2321,4,1,1,0,0,4.3084877208099956E-4,0.0,0.0,0.6000000000000001,0.4,0.6000000000000001,0.5,65.0,95.0,90.0,0.9,0.6000000000000001,0.6000000000000001,0.9,25.0,40.0,65.0,1261,1259,2,1261,0.0015860428231562252,0.35352574357518873,0.5,0.7070514871503775,2,0.0015885623510722795,1.0,1
"iteration_1","SCOPE_DATA_COLLECTION",200,2,190.0,250.0,1,1219,815,292,1311,803,252,1218,814,287,0,1,0,0.0,0.001226993865030675,0.0,0.3537618636305605,1.0582110834802465,2.0641906382683057,0.707523727261121,1.0582110834802465,1.3761270921788704,0.008210180623973728,0.7886977886977887,0.9965156794425087,92.5,100.0,2321,4,1,1,0,0,4.3084877208099956E-4,0.0,0.0,0.6000000000000001,0.4,0.6000000000000001,0.5,65.0,95.0,90.0,0.9,0.6000000000000001,0.6000000000000001,0.9,25.0,40.0,65.0,794,794,0,794,0.0,1.058243873918088,1.0,1.058243873918088,630,0.7934508816120907,1.0,1
"iteration_1","SCOPE_DATA_COLLECTION",200,2,190.0,250.0,2,1219,815,292,1311,803,252,1218,814,287,0,1,0,0.0,0.001226993865030675,0.0,0.3537618636305605,1.0582110834802465,2.0641906382683057,0.707523727261121,1.0582110834802465,1.3761270921788704,0.008210180623973728,0.7886977886977887,0.9965156794425087,92.5,100.0,2321,4,1,1,0,0,4.3084877208099956E-4,0.0,0.0,0.6000000000000001,0.4,0.6000000000000001,0.5,65.0,95.0,90.0,0.9,0.6000000000000001,0.6000000000000001,0.9,25.0,40.0,65.0,268,267,1,268,0.0037313432835820895,2.058765619718574,1.5,1.372510413145716,265,0.9925093632958801,1.0,1
"iteration_1","SCOPE_DATA_COLLECTION",200,3,250.0,310.0,0,1261,794,268,1219,815,292,1263,795,276,2,0,1,0.0015810276679841897,0.0,0.0036101083032490976,0.3535193877994198,1.058088523745504,2.0606062481373444,0.7070387755988397,1.058088523745504,1.3737374987582296,0.001583531274742676,0.7937106918238994,0.9927536231884058,72.5,100.0,2319,4,0,3,0,0,0.00129366106080207,0.0,0.0,0.9,0.6000000000000001,0.6000000000000001,0.9,25.0,40.0,65.0,0.4,0.8,0.2,0.9,30.0,85.0,85.0,1279,1279,0,1279,0.0,0.35443921106162757,0.5,0.7088784221232551,7,0.00547302580140735,1.0,1
"iteration_1","SCOPE_DATA_COLLECTION",200,3,250.0,310.0,1,1261,794,268,1219,815,292,1263,795,276,2,0,1,0.0015810276679841897,0.0,0.0036101083032490976,0.3535193877994198,1.058088523745504,2.0606062481373444,0.7070387755988397,1.058088523745504,1.3737374987582296,0.001583531274742676,0.7937106918238994,0.9927536231884058,72.5,100.0,2319,4,0,3,0,0,0.00129366106080207,0.0,0.0,0.9,0.6000000000000001,0.6000000000000001,0.9,25.0,40.0,65.0,0.4,0.8,0.2,0.9,30.0,85.0,85.0,789,788,1,789,0.0012674271229404308,1.0571015072831371,1.0,1.0571015072831371,611,0.7753807106598984,1.0,1
"iteration_1","SCOPE_DATA_COLLECTION",200,3,250.0,310.0,2,1261,794,268,1219,815,292,1263,795,276,2,0,1,0.0015810276679841897,0.0,0.0036101083032490976,0.3535193877994198,1.058088523745504,2.0606062481373444,0.7070387755988397,1.058088523745504,1.3737374987582296,0.001583531274742676,0.7937106918238994,0.9927536231884058,72.5,100.0,2319,4,0,3,0,0,0.00129366106080207,0.0,0.0,0.9,0.6000000000000001,0.6000000000000001,0.9,25.0,40.0,65.0,0.4,0.8,0.2,0.9,30.0,85.0,85.0,272,272,0,272,0.0,2.059350994989683,1.5,1.3729006633264553,272,1.0,1.0,1
"iteration_1","SCOPE_DATA_COLLECTION",200,4,310.0,370.0,0,1279,789,272,1261,794,268,1273,795,276,0,1,0,0.0,0.001256281407035176,0.0,0.35448727478266295,1.0578306793926804,2.060193596303092,0.7089745495653259,1.0578306793926804,1.3734623975353948,0.0054988216810683424,0.7748427672955975,1.0,57.5,100.0,2336,2,2,1,0,0,4.280821917808219E-4,0.0,0.0,0.4,0.8,0.2,0.9,30.0,85.0,85.0,0.5,0.7000000000000001,0.30000000000000004,0.8,40.0,85.0,75.0,1292,1291,1,1292,7.739938080495357E-4,0.35490625804910947,0.5,0.7098125160982189,9,0.006971340046475601,1.0,1
"iteration_1","SCOPE_DATA_COLLECTION",200,4,310.0,370.0,1,1279,789,272,1261,794,268,1273,795,276,0,1,0,0.0,0.001256281407035176,0.0,0.35448727478266295,1.0578306793926804,2.060193596303092,0.7089745495653259,1.0578306793926804,1.3734623975353948,0.0054988216810683424,0.7748427672955975,1.0,57.5,100.0,2336,2,2,1,0,0,4.280821917808219E-4,0.0,0.0,0.4,0.8,0.2,0.9,30.0,85.0,85.0,0.5,0.7000000000000001,0.30000000000000004,0.8,40.0,85.0,75.0,788,788,0,788,0.0,1.06079617630031,1.0,1.06079617630031,627,0.7956852791878173,1.0,1
"iteration_1","SCOPE_DATA_COLLECTION",200,4,310.0,370.0,2,1279,789,272,1261,794,268,1273,795,276,0,1,0,0.0,0.001256281407035176,0.0,0.35448727478266295,1.0578306793926804,2.060193596303092,0.7089745495653259,1.0578306793926804,1.3734623975353948,0.0054988216810683424,0.7748427672955975,1.0,57.5,100.0,2336,2,2,1,0,0,4.280821917808219E-4,0.0,0.0,0.4,0.8,0.2,0.9,30.0,85.0,85.0,0.5,0.7000000000000001,0.30000000000000004,0.8,40.0,85.0,75.0,299,299,0,299,0.0,2.0618965707070847,1.5,1.3745977138047232,298,0.9966555183946488,1.0,1
"iteration_1","SCOPE_DATA_COLLECTION",200,5,370.0,430.0,0,1292,788,299,1279,789,272,1299,781,298,1,0,0,7.692307692307692E-4,0.0,0.0,0.3549194595665531,1.0605673496986043,2.0613639410529268,0.7098389191331061,1.0605673496986043,1.374242627368618,0.006928406466512702,0.793854033290653,0.9966442953020134,57.5,100.0,2377,2,0,1,0,0,4.2069835927639884E-4,0.0,0.0,0.5,0.7000000000000001,0.30000000000000004,0.8,40.0,85.0,75.0,0.15000000000000002,0.7000000000000001,0.8,0.5,75.0,55.0,30.0,1317,1315,2,1317,0.0015186028853454822,0.3551481017795226,0.5,0.7102962035590452,17,0.012927756653992395,1.0,1
"iteration_1","SCOPE_DATA_COLLECTION",200,5,370.0,430.0,1,1292,788,299,1279,789,272,1299,781,298,1,0,0,7.692307692307692E-4,0.0,0.0,0.3549194595665531,1.0605673496986043,2.0613639410529268,0.7098389191331061,1.0605673496986043,1.374242627368618,0.006928406466512702,0.793854033290653,0.9966442953020134,57.5,100.0,2377,2,0,1,0,0,4.2069835927639884E-4,0.0,0.0,0.5,0.7000000000000001,0.30000000000000004,0.8,40.0,85.0,75.0,0.15000000000000002,0.7000000000000001,0.8,0.5,75.0,55.0,30.0,869,869,0,869,0.0,1.0550448908495051,1.0,1.0550448908495051,660,0.759493670886076,1.0,1
"iteration_1","SCOPE_DATA_COLLECTION",200,5,370.0,430.0,2,1292,788,299,1279,789,272,1299,781,298,1,0,0,7.692307692307692E-4,0.0,0.0,0.3549194595665531,1.0605673496986043,2.0613639410529268,0.7098389191331061,1.0605673496986043,1.374242627368618,0.006928406466512702,0.793854033290653,0.9966442953020134,57.5,100.0,2377,2,0,1,0,0,4.2069835927639884E-4,0.0,0.0,0.5,0.7000000000000001,0.30000000000000004,0.8,40.0,85.0,75.0,0.15000000000000002,0.7000000000000001,0.8,0.5,75.0,55.0,30.0,268,268,0,268,0.0,2.063721492590479,1.5,1.3758143283936528,268,1.0,1.0,1
"iteration_1","SCOPE_DATA_COLLECTION",200,6,430.0,490.0,0,1317,869,268,1292,788,299,1311,867,266,2,0,0,0.0015232292460015233,0.0,0.0,0.35508518698465885,1.0548318325998771,2.0638047730103284,0.7101703739693177,1.0548318325998771,1.3758698486735523,0.012967200610221205,0.7600922722029988,1.0,75.0,100.0,2448,1,5,2,0,0,8.169934640522876E-4,0.0,0.0,0.15000000000000002,0.7000000000000001,0.8,0.5,75.0,55.0,30.0,0.25,0.6000000000000001,0.9,0.4,75.0,65.0,20.0,1265,1264,1,1265,7.905138339920949E-4,0.35272770338401277,0.5,0.7054554067680255,5,0.003955696202531646,1.0,1
"iteration_1","SCOPE_DATA_COLLECTION",200,6,430.0,490.0,1,1317,869,268,1292,788,299,1311,867,266,2,0,0,0.0015232292460015233,0.0,0.0,0.35508518698465885,1.0548318325998771,2.0638047730103284,0.7101703739693177,1.0548318325998771,1.3758698486735523,0.012967200610221205,0.7600922722029988,1.0,75.0,100.0,2448,1,5,2,0,0,8.169934640522876E-4,0.0,0.0,0.15000000000000002,0.7000000000000001,0.8,0.5,75.0,55.0,30.0,0.25,0.6000000000000001,0.9,0.4,75.0,65.0,20.0,800,799,1,800,0.00125,1.061393502019344,1.0,1.061393502019344,649,0.8122653316645807,1.0,1
"iteration_1","SCOPE_DATA_COLLECTION",200,6,430.0,490.0,2,1317,869,268,1292,788,299,1311,867,266,2,0,0,0.0015232292460015233,0.0,0.0,0.35508518698465885,1.0548318325998771,2.0638047730103284,0.7101703739693177,1.0548318325998771,1.3758698486735523,0.012967200610221205,0.7600922722029988,1.0,75.0,100.0,2448,1,5,2,0,0,8.169934640522876E-4,0.0,0.0,0.15000000000000002,0.7000000000000001,0.8,0.5,75.0,55.0,30.0,0.25,0.6000000000000001,0.9,0.4,75.0,65.0,20.0,280,279,1,280,0.0035714285714285713,2.058763149271812,1.5,1.372508766181208,279,1.0,1.0,1
"iteration_1","SCOPE_DATA_COLLECTION",200,7,490.0,550.0,0,1265,800,280,1317,869,268,1262,798,277,1,1,1,7.91765637371338E-4,0.0012515644555694619,0.0035971223021582736,0.35271160576869515,1.0608690336800164,2.057655995246652,0.7054232115373903,1.0608690336800164,1.3717706634977682,0.003961965134706815,0.8095238095238095,1.0,75.0,100.0,2340,1,4,3,0,0,0.001282051282051282,0.0,0.0,0.25,0.6000000000000001,0.9,0.4,75.0,65.0,20.0,0.25,0.7000000000000001,0.8,0.4,75.0,55.0,20.0,1293,1292,1,1293,7.733952049497294E-4,0.3523695304568475,0.5,0.704739060913695,2,0.0015479876160990713,1.0,1
"iteration_1","SCOPE_DATA_COLLECTION",200,7,490.0,550.0,1,1265,800,280,1317,869,268,1262,798,277,1,1,1,7.91765637371338E-4,0.0012515644555694619,0.0035971223021582736,0.35271160576869515,1.0608690336800164,2.057655995246652,0.7054232115373903,1.0608690336800164,1.3717706634977682,0.003961965134706815,0.8095238095238095,1.0,75.0,100.0,2340,1,4,3,0,0,0.001282051282051282,0.0,0.0,0.25,0.6000000000000001,0.9,0.4,75.0,65.0,20.0,0.25,0.7000000000000001,0.8,0.4,75.0,55.0,20.0,822,822,0,822,0.0,1.057257242642565,1.0,1.057257242642565,633,0.7700729927007299,1.0,1
"iteration_1","SCOPE_DATA_COLLECTION",200,7,490.0,550.0,2,1265,800,280,1317,869,268,1262,798,277,1,1,1,7.91765637371338E-4,0.0012515644555694619,0.0035971223021582736,0.35271160576869515,1.0608690336800164,2.057655995246652,0.7054232115373903,1.0608690336800164,1.3717706634977682,0.003961965134706815,0.8095238095238095,1.0,75.0,100.0,2340,1,4,3,0,0,0.001282051282051282,0.0,0.0,0.25,0.6000000000000001,0.9,0.4,75.0,65.0,20.0,0.25,0.7000000000000001,0.8,0.4,75.0,55.0,20.0,261,261,0,261,0.0,2.075347183610006,1.5,1.3835647890733374,261,1.0,1.0,1
"iteration_1","SCOPE_DATA_COLLECTION",200,8,550.0,610.0,0,1293,822,261,1265,800,280,1297,824,260,1,0,0,7.704160246533128E-4,0.0,0.0,0.352446766773597,1.0581991899174497,2.0735316693266186,0.704893533547194,1.0581991899174497,1.3823544462177457,0.0015420200462606013,0.7730582524271845,1.0,75.0,100.0,2375,0,1,1,0,0,4.210526315789474E-4,0.0,0.0,0.25,0.7000000000000001,0.8,0.4,75.0,55.0,20.0,0.25,0.7000000000000001,0.8,0.4,75.0,55.0,20.0,1248,1247,1,1248,8.012820512820513E-4,0.35417158062516413,0.5,0.7083431612503283,5,0.00400962309542903,1.0,1
"iteration_1","SCOPE_DATA_COLLECTION",200,8,550.0,610.0,1,1293,822,261,1265,800,280,1297,824,260,1,0,0,7.704160246533128E-4,0.0,0.0,0.352446766773597,1.0581991899174497,2.0735316693266186,0.704893533547194,1.0581991899174497,1.3823544462177457,0.0015420200462606013,0.7730582524271845,1.0,75.0,100.0,2375,0,1,1,0,0,4.210526315789474E-4,0.0,0.0,0.25,0.7000000000000001,0.8,0.4,75.0,55.0,20.0,0.25,0.7000000000000001,0.8,0.4,75.0,55.0,20.0,821,821,0,821,0.0,1.0614442090177585,1.0,1.0614442090177585,664,0.8087697929354446,1.0,1
"iteration_1","SCOPE_DATA_COLLECTION",200,8,550.0,610.0,2,1293,822,261,1265,800,280,1297,824,260,1,0,0,7.704160246533128E-4,0.0,0.0,0.352446766773597,1.0581991899174497,2.0735316693266186,0.704893533547194,1.0581991899174497,1.3823544462177457,0.0015420200462606013,0.7730582524271845,1.0,75.0,100.0,2375,0,1,1,0,0,4.210526315789474E-4,0.0,0.0,0.25,0.7000000000000001,0.8,0.4,75.0,55.0,20.0,0.25,0.7000000000000001,0.8,0.4,75.0,55.0,20.0,286,286,0,286,0.0,2.07222717610577,1.5,1.3814847840705131,286,1.0,1.0,1
"iteration_1","SCOPE_DATA_COLLECTION",200,9,610.0,670.0,0,1248,821,286,1293,822,261,1244,820,286,1,0,0,8.032128514056225E-4,0.0,0.0,0.35420718898870496,1.0610784411926,2.0723266534890143,0.7084143779774099,1.0610784411926,1.3815511023260096,0.0040192926045016075,0.8060975609756098,1.0,85.0,100.0,2354,0,1,1,0,0,4.248088360237893E-4,0.0,0.0,0.25,0.7000000000000001,0.8,0.4,75.0,55.0,20.0,0.45,0.9,0.4,0.30000000000000004,85.0,75.0,90.0,1303,1303,0,1303,0.0,0.3542820580444348,0.5,0.7085641160888696,2,0.0015349194167306216,1.0,1
"iteration_1","SCOPE_DATA_COLLECTION",200,9,610.0,670.0,1,1248,821,286,1293,822,261,1244,820,286,1,0,0,8.032128514056225E-4,0.0,0.0,0.35420718898870496,1.0610784411926,2.0723266534890143,0.7084143779774099,1.0610784411926,1.3815511023260096,0.0040192926045016075,0.8060975609756098,1.0,85.0,100.0,2354,0,1,1,0,0,4.248088360237893E-4,0.0,0.0,0.25,0.7000000000000001,0.8,0.4,75.0,55.0,20.0,0.45,0.9,0.4,0.30000000000000004,85.0,75.0,90.0,809,809,0,809,0.0,1.0533031564515916,1.0,1.0533031564515916,610,0.754017305315204,1.0,1
"iteration_1","SCOPE_DATA_COLLECTION",200,9,610.0,670.0,2,1248,821,286,1293,822,261,1244,820,286,1,0,0,8.032128514056225E-4,0.0,0.0,0.35420718898870496,1.0610784411926,2.0723266534890143,0.7084143779774099,1.0610784411926,1.3815511023260096,0.0040192926045016075,0.8060975609756098,1.0,85.0,100.0,2354,0,1,1,0,0,4.248088360237893E-4,0.0,0.0,0.25,0.7000000000000001,0.8,0.4,75.0,55.0,20.0,0.45,0.9,0.4,0.30000000000000004,85.0,75.0,90.0,287,287,0,287,0.0,2.04965465129918,1.5,1.3664364341994533,287,1.0,1.0,1
"iteration_1","SCOPE_DATA_COLLECTION",200,10,670.0,730.0,0,1303,809,287,1248,821,286,1301,807,290,0,0,0,0.0,0.0,0.0,0.3542519329483626,1.0542772493474128,2.0519103784848753,0.7085038658967252,1.0542772493474128,1.3679402523232502,0.0015372790161414297,0.7596034696406444,1.0,77.5,100.0,2398,1,0,0,0,0,0.0,0.0,0.0,0.45,0.9,0.4,0.30000000000000004,85.0,75.0,90.0,0.35000000000000003,0.9,0.4,0.4,75.0,75.0,95.0,1221,1219,2,1221,0.001638001638001638,0.35461329350667575,0.5,0.7092265870133515,4,0.003281378178835111,1.0,1
"iteration_1","SCOPE_DATA_COLLECTION",200,10,670.0,730.0,1,1303,809,287,1248,821,286,1301,807,290,0,0,0,0.0,0.0,0.0,0.3542519329483626,1.0542772493474128,2.0519103784848753,0.7085038658967252,1.0542772493474128,1.3679402523232502,0.0015372790161414297,0.7596034696406444,1.0,77.5,100.0,2398,1,0,0,0,0,0.0,0.0,0.0,0.45,0.9,0.4,0.30000000000000004,85.0,75.0,90.0,0.35000000000000003,0.9,0.4,0.4,75.0,75.0,95.0,819,819,0,819,0.0,1.0614393083592994,1.0,1.0614393083592994,653,0.7973137973137974,1.0,1
"iteration_1","SCOPE_DATA_COLLECTION",200,10,670.0,730.0,2,1303,809,287,1248,821,286,1301,807,290,0,0,0,0.0,0.0,0.0,0.3542519329483626,1.0542772493474128,2.0519103784848753,0.7085038658967252,1.0542772493474128,1.3679402523232502,0.0015372790161414297,0.7596034696406444,1.0,77.5,100.0,2398,1,0,0,0,0,0.0,0.0,0.0,0.45,0.9,0.4,0.30000000000000004,85.0,75.0,90.0,0.35000000000000003,0.9,0.4,0.4,75.0,75.0,95.0,296,296,0,296,0.0,2.077013647609459,1.5,1.3846757650729726,296,1.0,1.0,1
"iteration_1","SCOPE_DATA_COLLECTION",200,11,730.0,790.0,0,1221,819,296,1303,809,287,1223,823,298,2,0,0,0.0016326530612244899,0.0,0.0,0.35469944182894747,1.060529459481513,2.076672747193001,0.7093988836578949,1.060529459481513,1.3844484981286673,0.003270645952575634,0.7922235722964763,1.0,62.5,100.0,2335,0,1,2,0,0,8.565310492505353E-4,0.0,0.0,0.35000000000000003,0.9,0.4,0.4,75.0,75.0,95.0,0.05,0.1,0.9,0.30000000000000004,65.0,80.0,45.0,1304,1304,0,1304,0.0,0.35562079802224766,0.5,0.7112415960444953,10,0.007668711656441718,1.0,1
"iteration_1","SCOPE_DATA_COLLECTION",200,11,730.0,790.0,1,1221,819,296,1303,809,287,1223,823,298,2,0,0,0.0016326530612244899,0.0,0.0,0.35469944182894747,1.060529459481513,2.076672747193001,0.7093988836578949,1.060529459481513,1.3844484981286673,0.003270645952575634,0.7922235722964763,1.0,62.5,100.0,2335,0,1,2,0,0,8.565310492505353E-4,0.0,0.0,0.35000000000000003,0.9,0.4,0.4,75.0,75.0,95.0,0.05,0.1,0.9,0.30000000000000004,65.0,80.0,45.0,792,792,0,792,0.0,1.055294105095766,1.0,1.055294105095766,630,0.7954545454545454,1.0,1
"iteration_1","SCOPE_DATA_COLLECTION",200,11,730.0,790.0,2,1221,819,296,1303,809,287,1223,823,298,2,0,0,0.0016326530612244899,0.0,0.0,0.35469944182894747,1.060529459481513,2.076672747193001,0.7093988836578949,1.060529459481513,1.3844484981286673,0.003270645952575634,0.7922235722964763,1.0,62.5,100.0,2335,0,1,2,0,0,8.565310492505353E-4,0.0,0.0,0.35000000000000003,0.9,0.4,0.4,75.0,75.0,95.0,0.05,0.1,0.9,0.30000000000000004,65.0,80.0,45.0,285,284,1,285,0.0035087719298245615,2.0586493695946384,1.5,1.3724329130630923,284,1.0,1.0,1
"iteration_1","SCOPE_DATA_COLLECTION",200,12,790.0,850.0,0,1304,792,285,1221,819,296,1302,794,285,0,0,1,0.0,0.0,0.0034965034965034965,0.35546584140655096,1.0550985131191395,2.058416934854271,0.7109316828131019,1.0550985131191395,1.372277956569514,0.007680491551459293,0.7947103274559194,1.0,57.5,100.0,2370,0,11,1,0,0,4.219409282700422E-4,0.0,0.0,0.05,0.1,0.9,0.30000000000000004,65.0,80.0,45.0,0.05,0.1,0.9,0.30000000000000004,65.0,80.0,45.0,1242,1241,1,1242,8.051529790660225E-4,0.3544190897934911,0.5,0.7088381795869823,5,0.0040290088638195,1.0,1
"iteration_1","SCOPE_DATA_COLLECTION",200,12,790.0,850.0,1,1304,792,285,1221,819,296,1302,794,285,0,0,1,0.0,0.0,0.0034965034965034965,0.35546584140655096,1.0550985131191395,2.058416934854271,0.7109316828131019,1.0550985131191395,1.372277956569514,0.007680491551459293,0.7947103274559194,1.0,57.5,100.0,2370,0,11,1,0,0,4.219409282700422E-4,0.0,0.0,0.05,0.1,0.9,0.30000000000000004,65.0,80.0,45.0,0.05,0.1,0.9,0.30000000000000004,65.0,80.0,45.0,850,850,0,850,0.0,1.0634422548375597,1.0,1.0634422548375597,679,0.7988235294117647,1.0,1
"iteration_1","SCOPE_DATA_COLLECTION",200,12,790.0,850.0,2,1304,792,285,1221,819,296,1302,794,285,0,0,1,0.0,0.0,0.0034965034965034965,0.35546584140655096,1.0550985131191395,2.058416934854271,0.7109316828131019,1.0550985131191395,1.372277956569514,0.007680491551459293,0.7947103274559194,1.0,57.5,100.0,2370,0,11,1,0,0,4.219409282700422E-4,0.0,0.0,0.05,0.1,0.9,0.30000000000000004,65.0,80.0,45.0,0.05,0.1,0.9,0.30000000000000004,65.0,80.0,45.0,250,250,0,250,0.0,2.051844327894425,1.5,1.3678962185962833,250,1.0,1.0,1
"iteration_1","SCOPE_DATA_COLLECTION",200,13,850.0,910.0,0,1242,850,250,1304,792,285,1237,850,242,1,0,0,8.077544426494346E-4,0.0,0.0,0.35458539540512624,1.0638752219912064,2.056251084062963,0.7091707908102525,1.0638752219912064,1.3708340560419752,0.004042037186742118,0.8035294117647059,1.0,80.0,100.0,2341,0,1,1,0,0,4.2716787697565144E-4,0.0,0.0,0.05,0.1,0.9,0.30000000000000004,65.0,80.0,45.0,0.15000000000000002,0.1,0.8,0.4,75.0,80.0,35.0,1305,1304,1,1305,7.662835249042146E-4,0.35648372114854354,0.5,0.7129674422970871,12,0.009202453987730062,1.0,1
"iteration_1","SCOPE_DATA_COLLECTION",200,13,850.0,910.0,1,1242,850,250,1304,792,285,1237,850,242,1,0,0,8.077544426494346E-4,0.0,0.0,0.35458539540512624,1.0638752219912064,2.056251084062963,0.7091707908102525,1.0638752219912064,1.3708340560419752,0.004042037186742118,0.8035294117647059,1.0,80.0,100.0,2341,0,1,1,0,0,4.2716787697565144E-4,0.0,0.0,0.05,0.1,0.9,0.30000000000000004,65.0,80.0,45.0,0.15000000000000002,0.1,0.8,0.4,75.0,80.0,35.0,794,793,1,794,0.0012594458438287153,1.0591852289264336,1.0,1.0591852289264336,625,0.7881462799495587,1.0,1
"iteration_1","SCOPE_DATA_COLLECTION",200,13,850.0,910.0,2,1242,850,250,1304,792,285,1237,850,242,1,0,0,8.077544426494346E-4,0.0,0.0,0.35458539540512624,1.0638752219912064,2.056251084062963,0.7091707908102525,1.0638752219912064,1.3708340560419752,0.004042037186742118,0.8035294117647059,1.0,80.0,100.0,2341,0,1,1,0,0,4.2716787697565144E-4,0.0,0.0,0.05,0.1,0.9,0.30000000000000004,65.0,80.0,45.0,0.15000000000000002,0.1,0.8,0.4,75.0,80.0,35.0,266,266,0,266,0.0,2.064018585463653,1.5,1.376012390309102,266,1.0,1.0,1
"iteration_1","SCOPE_DATA_COLLECTION",200,14,910.0,970.0,0,1305,794,266,1242,850,250,1311,792,269,1,1,0,7.621951219512195E-4,0.0012610340479192938,0.0,0.3563651098986491,1.0586225213536071,2.059648818198327,0.7127302197972982,1.0586225213536071,1.373099212132218,0.009153318077803204,0.7866161616161617,1.0,67.5,100.0,2365,0,0,2,0,0,8.456659619450317E-4,0.0,0.0,0.15000000000000002,0.1,0.8,0.4,75.0,80.0,35.0,0.05,0.1,0.7000000000000001,0.4,65.0,80.0,35.0,1236,1236,0,1236,0.0,0.36125813827262476,0.5,0.7225162765452495,29,0.023462783171521034,1.0,1
"iteration_1","SCOPE_DATA_COLLECTION",200,14,910.0,970.0,1,1305,794,266,1242,850,250,1311,792,269,1,1,0,7.621951219512195E-4,0.0012610340479192938,0.0,0.3563651098986491,1.0586225213536071,2.059648818198327,0.7127302197972982,1.0586225213536071,1.373099212132218,0.009153318077803204,0.7866161616161617,1.0,67.5,100.0,2365,0,0,2,0,0,8.456659619450317E-4,0.0,0.0,0.15000000000000002,0.1,0.8,0.4,75.0,80.0,35.0,0.05,0.1,0.7000000000000001,0.4,65.0,80.0,35.0,803,803,0,803,0.0,1.061853260838798,1.0,1.061853260838798,628,0.7820672478206725,1.0,1
"iteration_1","SCOPE_DATA_COLLECTION",200,14,910.0,970.0,2,1305,794,266,1242,850,250,1311,792,269,1,1,0,7.621951219512195E-4,0.0012610340479192938,0.0,0.3563651098986491,1.0586225213536071,2.059648818198327,0.7127302197972982,1.0586225213536071,1.373099212132218,0.009153318077803204,0.7866161616161617,1.0,67.5,100.0,2365,0,0,2,0,0,8.456659619450317E-4,0.0,0.0,0.15000000000000002,0.1,0.8,0.4,75.0,80.0,35.0,0.05,0.1,0.7000000000000001,0.4,65.0,80.0,35.0,275,275,0,275,0.0,2.0651971813322048,1.5,1.3767981208881366,275,1.0,1.0,1
"iteration_1","SCOPE_DATA_COLLECTION",200,15,970.0,1030.0,0,1236,803,275,1305,794,266,1234,800,278,0,0,0,0.0,0.0,0.0,0.36131112294383655,1.0616858506368094,2.0639975029298023,0.7226222458876731,1.0616858506368094,1.3759983352865348,0.023500810372771474,0.7775,1.0,70.0,100.0,2312,0,2,0,0,0,0.0,0.0,0.0,0.05,0.1,0.7000000000000001,0.4,65.0,80.0,35.0,0.15000000000000002,0.2,0.6000000000000001,0.30000000000000004,75.0,70.0,35.0,1320,1319,1,1320,7.575757575757576E-4,0.3554275502923128,0.5,0.7108551005846256,12,0.009097801364670205,1.0,1
"iteration_1","SCOPE_DATA_COLLECTION",200,15,970.0,1030.0,1,1236,803,275,1305,794,266,1234,800,278,0,0,0,0.0,0.0,0.0,0.36131112294383655,1.0616858506368094,2.0639975029298023,0.7226222458876731,1.0616858506368094,1.3759983352865348,0.023500810372771474,0.7775,1.0,70.0,100.0,2312,0,2,0,0,0,0.0,0.0,0.0,0.05,0.1,0.7000000000000001,0.4,65.0,80.0,35.0,0.15000000000000002,0.2,0.6000000000000001,0.30000000000000004,75.0,70.0,35.0,815,815,0,815,0.0,1.0592161988305546,1.0,1.0592161988305546,649,0.7963190184049079,1.0,1
"iteration_1","SCOPE_DATA_COLLECTION",200,15,970.0,1030.0,2,1236,803,275,1305,794,266,1234,800,278,0,0,0,0.0,0.0,0.0,0.36131112294383655,1.0616858506368094,2.0639975029298023,0.7226222458876731,1.0616858506368094,1.3759983352865348,0.023500810372771474,0.7775,1.0,70.0,100.0,2312,0,2,0,0,0,0.0,0.0,0.0,0.05,0.1,0.7000000000000001,0.4,65.0,80.0,35.0,0.15000000000000002,0.2,0.6000000000000001,0.30000000000000004,75.0,70.0,35.0,279,279,0,279,0.0,2.0413005117743643,1.5,1.3608670078495761,277,0.992831541218638,1.0,1
"iteration_1","SCOPE_DATA_COLLECTION",200,16,1030.0,1090.0,0,1320,815,279,1236,803,275,1321,818,279,1,0,0,7.564296520423601E-4,0.0,0.0,0.3553485736964667,1.0601919205291699,2.0433985099688754,0.7106971473929334,1.0601919205291699,1.3622656733125835,0.009084027252081756,0.8031784841075794,0.992831541218638,62.5,100.0,2407,0,7,1,0,0,4.154549231408392E-4,0.0,0.0,0.15000000000000002,0.2,0.6000000000000001,0.30000000000000004,75.0,70.0,35.0,0.15000000000000002,0.1,0.7000000000000001,0.30000000000000004,65.0,70.0,35.0,1273,1273,0,1273,0.0,0.36016027410774243,0.5,0.7203205482154849,12,0.009426551453260016,1.0,1
"iteration_1","SCOPE_DATA_COLLECTION",200,16,1030.0,1090.0,1,1320,815,279,1236,803,275,1321,818,279,1,0,0,7.564296520423601E-4,0.0,0.0,0.3553485736964667,1.0601919205291699,2.0433985099688754,0.7106971473929334,1.0601919205291699,1.3622656733125835,0.009084027252081756,0.8031784841075794,0.992831541218638,62.5,100.0,2407,0,7,1,0,0,4.154549231408392E-4,0.0,0.0,0.15000000000000002,0.2,0.6000000000000001,0.30000000000000004,75.0,70.0,35.0,0.15000000000000002,0.1,0.7000000000000001,0.30000000000000004,65.0,70.0,35.0,800,798,2,800,0.0025,1.0588272537645733,1.0,1.0588272537645733,632,0.7919799498746867,1.0,1
"iteration_1","SCOPE_DATA_COLLECTION",200,16,1030.0,1090.0,2,1320,815,279,1236,803,275,1321,818,279,1,0,0,7.564296520423601E-4,0.0,0.0,0.3553485736964667,1.0601919205291699,2.0433985099688754,0.7106971473929334,1.0601919205291699,1.3622656733125835,0.009084027252081756,0.8031784841075794,0.992831541218638,62.5,100.0,2407,0,7,1,0,0,4.154549231408392E-4,0.0,0.0,0.15000000000000002,0.2,0.6000000000000001,0.30000000000000004,75.0,70.0,35.0,0.15000000000000002,0.1,0.7000000000000001,0.30000000000000004,65.0,70.0,35.0,288,287,1,288,0.003472222222222222,2.0684958632933235,1.5,1.378997242195549,287,1.0,1.0,1
"iteration_1","SCOPE_DATA_COLLECTION",200,17,1090.0,1150.0,0,1273,800,288,1320,815,279,1270,797,284,0,2,1,0.0,0.0025031289111389237,0.0035087719298245615,0.360254104143309,1.0586358452220304,2.0659759434457805,0.720508208286618,1.0586358452220304,1.3773172956305204,0.009448818897637795,0.7892095357590966,1.0,70.0,100.0,2361,0,0,3,0,0,0.0012706480304955528,0.0,0.0,0.15000000000000002,0.1,0.7000000000000001,0.30000000000000004,65.0,70.0,35.0,0.05,0.2,0.8,0.30000000000000004,65.0,60.0,25.0,1291,1291,0,1291,0.0,0.35408056661817616,0.5,0.7081611332363523,3,0.0023237800154918666,1.0,1
"iteration_1","SCOPE_DATA_COLLECTION",200,17,1090.0,1150.0,1,1273,800,288,1320,815,279,1270,797,284,0,2,1,0.0,0.0025031289111389237,0.0035087719298245615,0.360254104143309,1.0586358452220304,2.0659759434457805,0.720508208286618,1.0586358452220304,1.3773172956305204,0.009448818897637795,0.7892095357590966,1.0,70.0,100.0,2361,0,0,3,0,0,0.0012706480304955528,0.0,0.0,0.15000000000000002,0.1,0.7000000000000001,0.30000000000000004,65.0,70.0,35.0,0.05,0.2,0.8,0.30000000000000004,65.0,60.0,25.0,846,845,1,846,0.001182033096926714,1.0590501165951633,1.0,1.0590501165951633,649,0.7680473372781065,1.0,1
"iteration_1","SCOPE_DATA_COLLECTION",200,17,1090.0,1150.0,2,1273,800,288,1320,815,279,1270,797,284,0,2,1,0.0,0.0025031289111389237,0.0035087719298245615,0.360254104143309,1.0586358452220304,2.0659759434457805,0.720508208286618,1.0586358452220304,1.3773172956305204,0.009448818897637795,0.7892095357590966,1.0,70.0,100.0,2361,0,0,3,0,0,0.0012706480304955528,0.0,0.0,0.15000000000000002,0.1,0.7000000000000001,0.30000000000000004,65.0,70.0,35.0,0.05,0.2,0.8,0.30000000000000004,65.0,60.0,25.0,262,262,0,262,0.0,2.052349359235779,1.5,1.3682329061571858,262,1.0,1.0,1
"iteration_1","SCOPE_DATA_COLLECTION",200,18,1150.0,1210.0,0,1291,846,262,1273,800,288,1288,847,266,0,1,0,0.0,0.0011792452830188679,0.0,0.3541610744296883,1.059116723510363,2.056327169106171,0.7083221488593766,1.059116723510363,1.370884779404114,0.002329192546583851,0.768595041322314,1.0,70.0,100.0,2399,0,0,1,0,0,4.1684035014589413E-4,0.0,0.0,0.05,0.2,0.8,0.30000000000000004,65.0,60.0,25.0,0.05,0.2,0.8,0.30000000000000004,65.0,60.0,25.0,1273,1273,0,1273,0.0,0.3533608959105516,0.5,0.7067217918211032,4,0.003142183817753339,1.0,1
"iteration_1","SCOPE_DATA_COLLECTION",200,18,1150.0,1210.0,1,1291,846,262,1273,800,288,1288,847,266,0,1,0,0.0,0.0011792452830188679,0.0,0.3541610744296883,1.059116723510363,2.056327169106171,0.7083221488593766,1.059116723510363,1.370884779404114,0.002329192546583851,0.768595041322314,1.0,70.0,100.0,2399,0,0,1,0,0,4.1684035014589413E-4,0.0,0.0,0.05,0.2,0.8,0.30000000000000004,65.0,60.0,25.0,0.05,0.2,0.8,0.30000000000000004,65.0,60.0,25.0,816,816,0,816,0.0,1.0620800028401511,1.0,1.0620800028401511,649,0.7953431372549019,1.0,1
"iteration_1","SCOPE_DATA_COLLECTION",200,18,1150.0,1210.0,2,1291,846,262,1273,800,288,1288,847,266,0,1,0,0.0,0.0011792452830188679,0.0,0.3541610744296883,1.059116723510363,2.056327169106171,0.7083221488593766,1.059116723510363,1.370884779404114,0.002329192546583851,0.768595041322314,1.0,70.0,100.0,2399,0,0,1,0,0,4.1684035014589413E-4,0.0,0.0,0.05,0.2,0.8,0.30000000000000004,65.0,60.0,25.0,0.05,0.2,0.8,0.30000000000000004,65.0,60.0,25.0,262,261,1,262,0.003816793893129771,2.0704838434828083,1.5,1.3803225623218722,261,1.0,1.0,1
"iteration_1","SCOPE_DATA_COLLECTION",200,19,1210.0,1270.0,0,1273,816,262,1291,846,262,1278,810,259,0,0,1,0.0,0.0,0.0038461538461538464,0.35331570446905736,1.0609984721455619,2.0699008618725583,0.7066314089381147,1.0609984721455619,1.3799339079150388,0.003129890453834116,0.7888888888888889,1.0,77.5,100.0,2350,0,1,1,0,0,4.25531914893617E-4,0.0,0.0,0.05,0.2,0.8,0.30000000000000004,65.0,60.0,25.0,0.05,0.2,0.8,0.30000000000000004,65.0,60.0,25.0,1230,1229,1,1230,8.130081300813008E-4,0.3558808787836379,0.5,0.7117617575672758,7,0.005695687550854353,1.0,1
"iteration_1","SCOPE_DATA_COLLECTION",200,19,1210.0,1270.0,1,1273,816,262,1291,846,262,1278,810,259,0,0,1,0.0,0.0,0.0038461538461538464,0.35331570446905736,1.0609984721455619,2.0699008618725583,0.7066314089381147,1.0609984721455619,1.3799339079150388,0.003129890453834116,0.7888888888888889,1.0,77.5,100.0,2350,0,1,1,0,0,4.25531914893617E-4,0.0,0.0,0.05,0.2,0.8,0.30000000000000004,65.0,60.0,25.0,0.05,0.2,0.8,0.30000000000000004,65.0,60.0,25.0,829,827,2,829,0.0024125452352231603,1.0576316557581396,1.0,1.0576316557581396,647,0.7823458282950423,1.0,1
"iteration_1","SCOPE_DATA_COLLECTION",200,19,1210.0,1270.0,2,1273,816,262,1291,846,262,1278,810,259,0,0,1,0.0,0.0,0.0038461538461538464,0.35331570446905736,1.0609984721455619,2.0699008618725583,0.7066314089381147,1.0609984721455619,1.3799339079150388,0.003129890453834116,0.7888888888888889,1.0,77.5,100.0,2350,0,1,1,0,0,4.25531914893617E-4,0.0,0.0,0.05,0.2,0.8,0.30000000000000004,65.0,60.0,25.0,0.05,0.2,0.8,0.30000000000000004,65.0,60.0,25.0,304,304,0,304,0.0,2.0535990232015564,1.5,1.3690660154677043,302,0.993421052631579,1.0,1
"iteration_1","SCOPE_DATA_COLLECTION",200,20,1270.0,1330.0,0,1230,829,304,1273,816,262,1227,831,303,1,2,0,8.143322475570033E-4,0.0024009603841536613,0.0,0.355561690391726,1.0583780648302779,2.055581784410656,0.711123380783452,1.0583780648302779,1.3703878562737708,0.004889975550122249,0.7870036101083032,0.9933993399339934,72.5,100.0,2359,0,4,3,0,0,0.001271725307333616,0.0,0.0,0.05,0.2,0.8,0.30000000000000004,65.0,60.0,25.0,0.05,0.30000000000000004,0.8,0.4,75.0,50.0,20.0,1235,1234,1,1235,8.097165991902834E-4,0.35377298117917544,0.5,0.7075459623583509,1,8.103727714748784E-4,1.0,1
"iteration_1","SCOPE_DATA_COLLECTION",200,20,1270.0,1330.0,1,1230,829,304,1273,816,262,1227,831,303,1,2,0,8.143322475570033E-4,0.0024009603841536613,0.0,0.355561690391726,1.0583780648302779,2.055581784410656,0.711123380783452,1.0583780648302779,1.3703878562737708,0.004889975550122249,0.7870036101083032,0.9933993399339934,72.5,100.0,2359,0,4,3,0,0,0.001271725307333616,0.0,0.0,0.05,0.2,0.8,0.30000000000000004,65.0,60.0,25.0,0.05,0.30000000000000004,0.8,0.4,75.0,50.0,20.0,797,797,0,797,0.0,1.0597293189978008,1.0,1.0597293189978008,637,0.7992471769134254,1.0,1
"iteration_1","SCOPE_DATA_COLLECTION",200,20,1270.0,1330.0,2,1230,829,304,1273,816,262,1227,831,303,1,2,0,8.143322475570033E-4,0.0024009603841536613,0.0,0.355561690391726,1.0583780648302779,2.055581784410656,0.711123380783452,1.0583780648302779,1.3703878562737708,0.004889975550122249,0.7870036101083032,0.9933993399339934,72.5,100.0,2359,0,4,3,0,0,0.001271725307333616,0.0,0.0,0.05,0.2,0.8,0.30000000000000004,65.0,60.0,25.0,0.05,0.30000000000000004,0.8,0.4,75.0,50.0,20.0,306,306,0,306,0.0,2.06369565964454,1.5,1.3757971064296932,306,1.0,1.0,1
"iteration_1","SCOPE_DATA_COLLECTION",200,21,1330.0,1390.0,0,1235,797,306,1230,829,304,1234,790,309,1,0,0,8.097165991902834E-4,0.0,0.0,0.35387085821715175,1.0590167686921372,2.060665174985816,0.7077417164343035,1.0590167686921372,1.3737767833238772,0.0016207455429497568,0.7936708860759494,1.0,85.0,100.0,2336,0,2,1,0,0,4.280821917808219E-4,0.0,0.0,0.05,0.30000000000000004,0.8,0.4,75.0,50.0,20.0,0.05,0.30000000000000004,0.7000000000000001,0.5,65.0,60.0,30.0,1311,1309,2,1311,0.0015255530129672007,0.3527530963337679,0.5,0.7055061926675358,1,7.639419404125286E-4,1.0,1
"iteration_1","SCOPE_DATA_COLLECTION",200,21,1330.0,1390.0,1,1235,797,306,1230,829,304,1234,790,309,1,0,0,8.097165991902834E-4,0.0,0.0,0.35387085821715175,1.0590167686921372,2.060665174985816,0.7077417164343035,1.0590167686921372,1.3737767833238772,0.0016207455429497568,0.7936708860759494,1.0,85.0,100.0,2336,0,2,1,0,0,4.280821917808219E-4,0.0,0.0,0.05,0.30000000000000004,0.8,0.4,75.0,50.0,20.0,0.05,0.30000000000000004,0.7000000000000001,0.5,65.0,60.0,30.0,855,854,1,855,0.0011695906432748538,1.0570132119183016,1.0,1.0570132119183016,675,0.7903981264637002,1.0,1
"iteration_1","SCOPE_DATA_COLLECTION",200,21,1330.0,1390.0,2,1235,797,306,1230,829,304,1234,790,309,1,0,0,8.097165991902834E-4,0.0,0.0,0.35387085821715175,1.0590167686921372,2.060665174985816,0.7077417164343035,1.0590167686921372,1.3737767833238772,0.0016207455429497568,0.7936708860759494,1.0,85.0,100.0,2336,0,2,1,0,0,4.280821917808219E-4,0.0,0.0,0.05,0.30000000000000004,0.8,0.4,75.0,50.0,20.0,0.05,0.30000000000000004,0.7000000000000001,0.5,65.0,60.0,30.0,296,296,0,296,0.0,2.056241946847511,1.5,1.3708279645650074,295,0.9966216216216216,1.0,1
"iteration_1","SCOPE_DATA_COLLECTION",200,22,1390.0,1450.0,0,1311,855,296,1235,797,306,1301,862,291,2,1,0,0.0015349194167306216,0.0011587485515643105,0.0,0.3528534649868457,1.0578411100130305,2.0556434896401825,0.7057069299736914,1.0578411100130305,1.370428993093455,7.686395080707148E-4,0.796983758700696,0.9965635738831615,90.0,100.0,2460,0,2,3,0,0,0.0012195121951219512,0.0,0.0,0.05,0.30000000000000004,0.7000000000000001,0.5,65.0,60.0,30.0,0.4,0.8,0.6000000000000001,0.4,20.0,20.0,30.0,1255,1255,0,1255,0.0,0.3534057226098301,0.5,0.7068114452196602,9,0.007171314741035857,1.0,1
"iteration_1","SCOPE_DATA_COLLECTION",200,22,1390.0,1450.0,1,1311,855,296,1235,797,306,1301,862,291,2,1,0,0.0015349194167306216,0.0011587485515643105,0.0,0.3528534649868457,1.0578411100130305,2.0556434896401825,0.7057069299736914,1.0578411100130305,1.370428993093455,7.686395080707148E-4,0.796983758700696,0.9965635738831615,90.0,100.0,2460,0,2,3,0,0,0.0012195121951219512,0.0,0.0,0.05,0.30000000000000004,0.7000000000000001,0.5,65.0,60.0,30.0,0.4,0.8,0.6000000000000001,0.4,20.0,20.0,30.0,823,822,1,823,0.001215066828675577,1.0564409733464137,1.0,1.0564409733464137,632,0.7688564476885644,1.0,1
"iteration_1","SCOPE_DATA_COLLECTION",200,22,1390.0,1450.0,2,1311,855,296,1235,797,306,1301,862,291,2,1,0,0.0015349194167306216,0.0011587485515643105,0.0,0.3528534649868457,1.0578411100130305,2.0556434896401825,0.7057069299736914,1.0578411100130305,1.370428993093455,7.686395080707148E-4,0.796983758700696,0.9965635738831615,90.0,100.0,2460,0,2,3,0,0,0.0012195121951219512,0.0,0.0,0.05,0.30000000000000004,0.7000000000000001,0.5,65.0,60.0,30.0,0.4,0.8,0.6000000000000001,0.4,20.0,20.0,30.0,283,283,0,283,0.0,2.055179280309545,1.5,1.3701195202063634,281,0.9929328621908127,1.0,1
"iteration_1","SCOPE_DATA_COLLECTION",200,23,1450.0,1510.0,0,1255,823,283,1311,855,296,1262,823,288,0,1,0,0.0,0.0012135922330097086,0.0,0.3534833085867476,1.0561423255255453,2.0556403150740996,0.7069666171734952,1.0561423255255453,1.3704268767160663,0.0071315372424722665,0.7654921020656136,0.9930555555555556,65.0,100.0,2355,3,3,1,0,0,4.246284501061571E-4,0.0,0.0,0.4,0.8,0.6000000000000001,0.4,20.0,20.0,30.0,0.4,0.8,0.6000000000000001,0.4,20.0,20.0,30.0,1187,1187,0,1187,0.0,0.3553789578544203,0.5,0.7107579157088406,6,0.005054759898904802,1.0,1
"iteration_1","SCOPE_DATA_COLLECTION",200,23,1450.0,1510.0,1,1255,823,283,1311,855,296,1262,823,288,0,1,0,0.0,0.0012135922330097086,0.0,0.3534833085867476,1.0561423255255453,2.0556403150740996,0.7069666171734952,1.0561423255255453,1.3704268767160663,0.0071315372424722665,0.7654921020656136,0.9930555555555556,65.0,100.0,2355,3,3,1,0,0,4.246284501061571E-4,0.0,0.0,0.4,0.8,0.6000000000000001,0.4,20.0,20.0,30.0,0.4,0.8,0.6000000000000001,0.4,20.0,20.0,30.0,861,860,1,861,0.0011614401858304297,1.0619391055191647,1.0,1.0619391055191647,681,0.791860465116279,1.0,1
"iteration_1","SCOPE_DATA_COLLECTION",200,23,1450.0,1510.0,2,1255,823,283,1311,855,296,1262,823,288,0,1,0,0.0,0.0012135922330097086,0.0,0.3534833085867476,1.0561423255255453,2.0556403150740996,0.7069666171734952,1.0561423255255453,1.3704268767160663,0.0071315372424722665,0.7654921020656136,0.9930555555555556,65.0,100.0,2355,3,3,1,0,0,4.246284501061571E-4,0.0,0.0,0.4,0.8,0.6000000000000001,0.4,20.0,20.0,30.0,0.4,0.8,0.6000000000000001,0.4,20.0,20.0,30.0,268,268,0,268,0.0,2.0507747008509263,1.5,1.3671831339006175,268,1.0,1.0,1
"iteration_1","SCOPE_DATA_COLLECTION",200,24,1510.0,1570.0,0,1187,861,268,1255,823,283,1192,857,264,0,1,0,0.0,0.0011655011655011655,0.0,0.35535334436948857,1.0624470523112828,2.0525080488761103,0.7107066887389771,1.0624470523112828,1.3683386992507403,0.0050335570469798654,0.79463243873979,1.0,70.0,100.0,2313,1,2,1,0,0,4.3233895373973193E-4,0.0,0.0,0.4,0.8,0.6000000000000001,0.4,20.0,20.0,30.0,0.4,0.9,0.7000000000000001,0.30000000000000004,30.0,30.0,40.0,1260,1260,0,1260,0.0,0.3537302081768001,0.5,0.7074604163536002,6,0.004761904761904762,1.0,1
"iteration_1","SCOPE_DATA_COLLECTION",200,24,1510.0,1570.0,1,1187,861,268,1255,823,283,1192,857,264,0,1,0,0.0,0.0011655011655011655,0.0,0.35535334436948857,1.0624470523112828,2.0525080488761103,0.7107066887389771,1.0624470523112828,1.3683386992507403,0.0050335570469798654,0.79463243873979,1.0,70.0,100.0,2313,1,2,1,0,0,4.3233895373973193E-4,0.0,0.0,0.4,0.8,0.6000000000000001,0.4,20.0,20.0,30.0,0.4,0.9,0.7000000000000001,0.30000000000000004,30.0,30.0,40.0,803,802,1,803,0.0012453300124533001,1.0565742969477618,1.0,1.0565742969477618,639,0.7967581047381546,1.0,1
"iteration_1","SCOPE_DATA_COLLECTION",200,24,1510.0,1570.0,2,1187,861,268,1255,823,283,1192,857,264,0,1,0,0.0,0.0011655011655011655,0.0,0.35535334436948857,1.0624470523112828,2.0525080488761103,0.7107066887389771,1.0624470523112828,1.3683386992507403,0.0050335570469798654,0.79463243873979,1.0,70.0,100.0,2313,1,2,1,0,0,4.3233895373973193E-4,0.0,0.0,0.4,0.8,0.6000000000000001,0.4,20.0,20.0,30.0,0.4,0.9,0.7000000000000001,0.30000000000000004,30.0,30.0,40.0,264,263,1,264,0.003787878787878788,2.055399931413281,1.5,1.3702666209421874,262,0.9961977186311787,1.0,1
"iteration_1","SCOPE_DATA_COLLECTION",200,25,1570.0,1630.0,0,1260,803,264,1187,861,268,1249,800,267,0,1,1,0.0,0.0012484394506866417,0.0037313432835820895,0.3538218797605598,1.0559929297994137,2.054367222450044,0.7076437595211196,1.0559929297994137,1.3695781483000296,0.004803843074459567,0.79625,0.9962546816479401,87.5,100.0,2322,2,3,2,0,0,8.613264427217916E-4,0.0,0.0,0.4,0.9,0.7000000000000001,0.30000000000000004,30.0,30.0,40.0,0.4,0.9,0.7000000000000001,0.30000000000000004,30.0,30.0,40.0,1274,1273,1,1274,7.849293563579278E-4,0.35580980180046495,0.5,0.7116196036009299,12,0.009426551453260016,1.0,1
"iteration_1","SCOPE_DATA_COLLECTION",200,25,1570.0,1630.0,1,1260,803,264,1187,861,268,1249,800,267,0,1,1,0.0,0.0012484394506866417,0.0037313432835820895,0.3538218797605598,1.0559929297994137,2.054367222450044,0.7076437595211196,1.0559929297994137,1.3695781483000296,0.004803843074459567,0.79625,0.9962546816479401,87.5,100.0,2322,2,3,2,0,0,8.613264427217916E-4,0.0,0.0,0.4,0.9,0.7000000000000001,0.30000000000000004,30.0,30.0,40.0,0.4,0.9,0.7000000000000001,0.30000000000000004,30.0,30.0,40.0,883,883,0,883,0.0,1.060987809111214,1.0,1.060987809111214,707,0.8006795016987542,1.0,1
"iteration_1","SCOPE_DATA_COLLECTION",200,25,1570.0,1630.0,2,1260,803,264,1187,861,268,1249,800,267,0,1,1,0.0,0.0012484394506866417,0.0037313432835820895,0.3538218797605598,1.0559929297994137,2.054367222450044,0.7076437595211196,1.0559929297994137,1.3695781483000296,0.004803843074459567,0.79625,0.9962546816479401,87.5,100.0,2322,2,3,2,0,0,8.613264427217916E-4,0.0,0.0,0.4,0.9,0.7000000000000001,0.30000000000000004,30.0,30.0,40.0,0.4,0.9,0.7000000000000001,0.30000000000000004,30.0,30.0,40.0,272,272,0,272,0.0,2.04377028002903,1.5,1.3625135200193534,268,0.9852941176470589,1.0,1
"iteration_1","SCOPE_DATA_COLLECTION",200,26,1630.0,1690.0,0,1274,883,272,1260,803,264,1278,894,272,1,0,0,7.818608287724785E-4,0.0,0.0,0.35577088423308384,1.0613058826165913,2.0449996825314862,0.7115417684661677,1.0613058826165913,1.3633331216876574,0.009389671361502348,0.8008948545861297,0.9852941176470589,55.0,100.0,2417,8,4,1,0,0,4.137360364087712E-4,0.0,0.0,0.4,0.9,0.7000000000000001,0.30000000000000004,30.0,30.0,40.0,0.5,0.9,0.6000000000000001,0.2,20.0,40.0,30.0,1267,1267,0,1267,0.0,0.35488170585641216,0.5,0.7097634117128243,5,0.003946329913180742,1.0,1
"iteration_1","SCOPE_DATA_COLLECTION",200,26,1630.0,1690.0,1,1274,883,272,1260,803,264,1278,894,272,1,0,0,7.818608287724785E-4,0.0,0.0,0.35577088423308384,1.0613058826165913,2.0449996825314862,0.7115417684661677,1.0613058826165913,1.3633331216876574,0.009389671361502348,0.8008948545861297,0.9852941176470589,55.0,100.0,2417,8,4,1,0,0,4.137360364087712E-4,0.0,0.0,0.4,0.9,0.7000000000000001,0.30000000000000004,30.0,30.0,40.0,0.5,0.9,0.6000000000000001,0.2,20.0,40.0,30.0,766,766,0,766,0.0,1.0584413814185283,1.0,1.0584413814185283,595,0.7767624020887729,1.0,1
"iteration_1","SCOPE_DATA_COLLECTION",200,26,1630.0,1690.0,2,1274,883,272,1260,803,264,1278,894,272,1,0,0,7.818608287724785E-4,0.0,0.0,0.35577088423308384,1.0613058826165913,2.0449996825314862,0.7115417684661677,1.0613058826165913,1.3633331216876574,0.009389671361502348,0.8008948545861297,0.9852941176470589,55.0,100.0,2417,8,4,1,0,0,4.137360364087712E-4,0.0,0.0,0.4,0.9,0.7000000000000001,0.30000000000000004,30.0,30.0,40.0,0.5,0.9,0.6000000000000001,0.2,20.0,40.0,30.0,278,278,0,278,0.0,2.055220887529952,1.5,1.3701472583533014,278,1.0,1.0,1
"iteration_1","SCOPE_DATA_COLLECTION",200,27,1690.0,1750.0,0,1267,766,278,1274,883,272,1272,760,274,0,0,0,0.0,0.0,0.0,0.3547837417307462,1.0583154346967059,2.053724156318523,0.7095674834614925,1.0583154346967059,1.3691494375456819,0.003930817610062893,0.7723684210526316,1.0,62.5,100.0,2310,0,1,0,0,0,0.0,0.0,0.0,0.5,0.9,0.6000000000000001,0.2,20.0,40.0,30.0,0.6000000000000001,0.8,0.7000000000000001,0.2,20.0,30.0,20.0,1288,1286,2,1288,0.0015527950310559005,0.35206326546450056,0.5,0.7041265309290011,6,0.004665629860031105,1.0,1
"iteration_1","SCOPE_DATA_COLLECTION",200,27,1690.0,1750.0,1,1267,766,278,1274,883,272,1272,760,274,0,0,0,0.0,0.0,0.0,0.3547837417307462,1.0583154346967059,2.053724156318523,0.7095674834614925,1.0583154346967059,1.3691494375456819,0.003930817610062893,0.7723684210526316,1.0,62.5,100.0,2310,0,1,0,0,0,0.0,0.0,0.0,0.5,0.9,0.6000000000000001,0.2,20.0,40.0,30.0,0.6000000000000001,0.8,0.7000000000000001,0.2,20.0,30.0,20.0,730,729,1,730,0.0013698630136986301,1.0581604094099566,1.0,1.0581604094099566,580,0.7956104252400549,1.0,1
"iteration_1","SCOPE_DATA_COLLECTION",200,27,1690.0,1750.0,2,1267,766,278,1274,883,272,1272,760,274,0,0,0,0.0,0.0,0.0,0.3547837417307462,1.0583154346967059,2.053724156318523,0.7095674834614925,1.0583154346967059,1.3691494375456819,0.003930817610062893,0.7723684210526316,1.0,62.5,100.0,2310,0,1,0,0,0,0.0,0.0,0.0,0.5,0.9,0.6000000000000001,0.2,20.0,40.0,30.0,0.6000000000000001,0.8,0.7000000000000001,0.2,20.0,30.0,20.0,276,275,1,276,0.0036231884057971015,2.071784727186299,1.5,1.3811898181241993,274,0.9963636363636363,1.0,1
"iteration_1","SCOPE_DATA_COLLECTION",200,28,1750.0,1810.0,0,1288,730,276,1267,766,278,1287,735,273,2,1,1,0.0015515903801396431,0.001358695652173913,0.0036496350364963502,0.35212495121566983,1.0579512928808266,2.0720457885878285,0.7042499024313397,1.0579512928808266,1.3813638590585524,0.004662004662004662,0.7986394557823129,0.9963369963369964,55.0,100.0,2288,2,4,4,0,0,0.0017482517482517483,0.0,0.0,0.6000000000000001,0.8,0.7000000000000001,0.2,20.0,30.0,20.0,0.6000000000000001,0.8,0.6000000000000001,0.30000000000000004,20.0,40.0,20.0,1295,1295,0,1295,0.0,0.35448311277601063,0.5,0.7089662255520213,3,0.0023166023166023165,1.0,1
"iteration_1","SCOPE_DATA_COLLECTION",200,28,1750.0,1810.0,1,1288,730,276,1267,766,278,1287,735,273,2,1,1,0.0015515903801396431,0.001358695652173913,0.0036496350364963502,0.35212495121566983,1.0579512928808266,2.0720457885878285,0.7042499024313397,1.0579512928808266,1.3813638590585524,0.004662004662004662,0.7986394557823129,0.9963369963369964,55.0,100.0,2288,2,4,4,0,0,0.0017482517482517483,0.0,0.0,0.6000000000000001,0.8,0.7000000000000001,0.2,20.0,30.0,20.0,0.6000000000000001,0.8,0.6000000000000001,0.30000000000000004,20.0,40.0,20.0,812,811,1,812,0.0012315270935960591,1.0592549401410614,1.0,1.0592549401410614,648,0.7990135635018496,1.0,1
"iteration_1","SCOPE_DATA_COLLECTION",200,28,1750.0,1810.0,2,1288,730,276,1267,766,278,1287,735,273,2,1,1,0.0015515903801396431,0.001358695652173913,0.0036496350364963502,0.35212495121566983,1.0579512928808266,2.0720457885878285,0.7042499024313397,1.0579512928808266,1.3813638590585524,0.004662004662004662,0.7986394557823129,0.9963369963369964,55.0,100.0,2288,2,4,4,0,0,0.0017482517482517483,0.0,0.0,0.6000000000000001,0.8,0.7000000000000001,0.2,20.0,30.0,20.0,0.6000000000000001,0.8,0.6000000000000001,0.30000000000000004,20.0,40.0,20.0,282,282,0,282,0.0,2.063290137803744,1.5,1.3755267585358293,282,1.0,1.0,1
"iteration_1","SCOPE_DATA_COLLECTION",200,29,1810.0,1870.0,0,1295,812,282,1288,730,276,1297,809,283,0,1,0,0.0,0.0012345679012345679,0.0,0.3544647658017984,1.059257403517817,2.0635658999135895,0.7089295316035968,1.059257403517817,1.375710599942393,0.002313030069390902,0.799752781211372,1.0,55.0,100.0,2388,0,1,1,0,0,4.187604690117253E-4,0.0,0.0,0.6000000000000001,0.8,0.6000000000000001,0.30000000000000004,20.0,40.0,20.0,0.5,0.8,0.7000000000000001,0.2,20.0,50.0,20.0,1266,1264,2,1266,0.001579778830963665,0.3541929543747433,0.5,0.7083859087494866,7,0.005537974683544304,1.0,1
"iteration_1","SCOPE_DATA_COLLECTION",200,29,1810.0,1870.0,1,1295,812,282,1288,730,276,1297,809,283,0,1,0,0.0,0.0012345679012345679,0.0,0.3544647658017984,1.059257403517817,2.0635658999135895,0.7089295316035968,1.059257403517817,1.375710599942393,0.002313030069390902,0.799752781211372,1.0,55.0,100.0,2388,0,1,1,0,0,4.187604690117253E-4,0.0,0.0,0.6000000000000001,0.8,0.6000000000000001,0.30000000000000004,20.0,40.0,20.0,0.5,0.8,0.7000000000000001,0.2,20.0,50.0,20.0,800,798,2,800,0.0025,1.061351154719561,1.0,1.061351154719561,643,0.8057644110275689,1.0,1
"iteration_1","SCOPE_DATA_COLLECTION",200,29,1810.0,1870.0,2,1295,812,282,1288,730,276,1297,809,283,0,1,0,0.0,0.0012345679012345679,0.0,0.3544647658017984,1.059257403517817,2.0635658999135895,0.7089295316035968,1.059257403517817,1.375710599942393,0.002313030069390902,0.799752781211372,1.0,55.0,100.0,2388,0,1,1,0,0,4.187604690117253E-4,0.0,0.0,0.6000000000000001,0.8,0.6000000000000001,0.30000000000000004,20.0,40.0,20.0,0.5,0.8,0.7000000000000001,0.2,20.0,50.0,20.0,302,300,2,302,0.006622516556291391,2.06754163853472,1.5,1.37836109235648,300,1.0,1.0,1
"iteration_1","SCOPE_DATA_COLLECTION",200,30,1870.0,1930.0,0,1266,800,302,1295,812,282,1258,792,306,2,2,2,0.0015873015873015873,0.0025188916876574307,0.006493506493506494,0.35425562486279877,1.0617016705998759,2.067135447828851,0.7085112497255975,1.0617016705998759,1.3780902985525672,0.005564387917329093,0.8055555555555556,1.0,55.0,100.0,2368,0,0,6,0,0,0.002533783783783784,0.0,0.0,0.5,0.8,0.7000000000000001,0.2,20.0,50.0,20.0,0.75,0.5,0.6000000000000001,0.1,70.0,35.0,25.0,1217,1215,2,1217,0.0016433853738701725,0.3523885812846018,0.5,0.7047771625692036,1,8.230452674897119E-4,1.0,1
"iteration_1","SCOPE_DATA_COLLECTION",200,30,1870.0,1930.0,1,1266,800,302,1295,812,282,1258,792,306,2,2,2,0.0015873015873015873,0.0025188916876574307,0.006493506493506494,0.35425562486279877,1.0617016705998759,2.067135447828851,0.7085112497255975,1.0617016705998759,1.3780902985525672,0.005564387917329093,0.8055555555555556,1.0,55.0,100.0,2368,0,0,6,0,0,0.002533783783783784,0.0,0.0,0.5,0.8,0.7000000000000001,0.2,20.0,50.0,20.0,0.75,0.5,0.6000000000000001,0.1,70.0,35.0,25.0,817,816,1,817,0.0012239902080783353,1.0570367956685487,1.0,1.0570367956685487,631,0.7732843137254902,1.0,1
"iteration_1","SCOPE_DATA_COLLECTION",200,30,1870.0,1930.0,2,1266,800,302,1295,812,282,1258,792,306,2,2,2,0.0015873015873015873,0.0025188916876574307,0.006493506493506494,0.35425562486279877,1.0617016705998759,2.067135447828851,0.7085112497255975,1.0617016705998759,1.3780902985525672,0.005564387917329093,0.8055555555555556,1.0,55.0,100.0,2368,0,0,6,0,0,0.002533783783783784,0.0,0.0,0.5,0.8,0.7000000000000001,0.2,20.0,50.0,20.0,0.75,0.5,0.6000000000000001,0.1,70.0,35.0,25.0,243,243,0,243,0.0,2.0692673895722433,1.5,1.3795115930481623,243,1.0,1.0,1
"iteration_1","SCOPE_DATA_COLLECTION",200,31,1930.0,1990.0,0,1217,817,243,1266,800,302,1215,807,241,2,1,0,0.0016433853738701725,0.0012376237623762376,0.0,0.35234488540604597,1.0569502311270924,2.068096389598292,0.7046897708120919,1.0569502311270924,1.3787309263988614,8.230452674897119E-4,0.7757125154894672,1.0,92.5,100.0,2275,1,1,3,0,0,0.0013186813186813187,0.0,0.0,0.75,0.5,0.6000000000000001,0.1,70.0,35.0,25.0,0.75,0.5,0.6000000000000001,0.1,70.0,35.0,25.0,1271,1268,3,1271,0.0023603461841070024,0.3530285741593168,0.5,0.7060571483186336,4,0.0031545741324921135,1.0,1
"iteration_1","SCOPE_DATA_COLLECTION",200,31,1930.0,1990.0,1,1217,817,243,1266,800,302,1215,807,241,2,1,0,0.0016433853738701725,0.0012376237623762376,0.0,0.35234488540604597,1.0569502311270924,2.068096389598292,0.7046897708120919,1.0569502311270924,1.3787309263988614,8.230452674897119E-4,0.7757125154894672,1.0,92.5,100.0,2275,1,1,3,0,0,0.0013186813186813187,0.0,0.0,0.75,0.5,0.6000000000000001,0.1,70.0,35.0,25.0,0.75,0.5,0.6000000000000001,0.1,70.0,35.0,25.0,832,832,0,832,0.0,1.0622086864454494,1.0,1.0622086864454494,664,0.7980769230769231,1.0,1
"iteration_1","SCOPE_DATA_COLLECTION",200,31,1930.0,1990.0,2,1217,817,243,1266,800,302,1215,807,241,2,1,0,0.0016433853738701725,0.0012376237623762376,0.0,0.35234488540604597,1.0569502311270924,2.068096389598292,0.7046897708120919,1.0569502311270924,1.3787309263988614,8.230452674897119E-4,0.7757125154894672,1.0,92.5,100.0,2275,1,1,3,0,0,0.0013186813186813187,0.0,0.0,0.75,0.5,0.6000000000000001,0.1,70.0,35.0,25.0,0.75,0.5,0.6000000000000001,0.1,70.0,35.0,25.0,265,264,1,265,0.0037735849056603774,2.072525092794858,1.5,1.3816833951965721,264,1.0,1.0,1
"iteration_1","SCOPE_DATA_COLLECTION",200,32,1990.0,2050.0,0,1271,832,265,1217,817,243,1272,839,257,3,0,1,0.002352941176470588,0.0,0.003875968992248062,0.3529617019645646,1.0623515158704742,2.071522614584431,0.7059234039291292,1.0623515158704742,1.3810150763896207,0.0031446540880503146,0.797377830750894,1.0,80.0,100.0,2367,0,1,4,0,0,0.0016899028305872412,0.0,0.0,0.75,0.5,0.6000000000000001,0.1,70.0,35.0,25.0,0.65,0.6000000000000001,0.7000000000000001,0.2,70.0,25.0,35.0,1163,1163,0,1163,0.0,0.3513071515241626,0.5,0.7026143030483252,0,0.0,1.0,1
"iteration_1","SCOPE_DATA_COLLECTION",200,32,1990.0,2050.0,1,1271,832,265,1217,817,243,1272,839,257,3,0,1,0.002352941176470588,0.0,0.003875968992248062,0.3529617019645646,1.0623515158704742,2.071522614584431,0.7059234039291292,1.0623515158704742,1.3810150763896207,0.0031446540880503146,0.797377830750894,1.0,80.0,100.0,2367,0,1,4,0,0,0.0016899028305872412,0.0,0.0,0.75,0.5,0.6000000000000001,0.1,70.0,35.0,25.0,0.65,0.6000000000000001,0.7000000000000001,0.2,70.0,25.0,35.0,788,788,0,788,0.0,1.055025148875056,1.0,1.055025148875056,609,0.7728426395939086,1.0,1
"iteration_1","SCOPE_DATA_COLLECTION",200,32,1990.0,2050.0,2,1271,832,265,1217,817,243,1272,839,257,3,0,1,0.002352941176470588,0.0,0.003875968992248062,0.3529617019645646,1.0623515158704742,2.071522614584431,0.7059234039291292,1.0623515158704742,1.3810150763896207,0.0031446540880503146,0.797377830750894,1.0,80.0,100.0,2367,0,1,4,0,0,0.0016899028305872412,0.0,0.0,0.75,0.5,0.6000000000000001,0.1,70.0,35.0,25.0,0.65,0.6000000000000001,0.7000000000000001,0.2,70.0,25.0,35.0,272,271,1,272,0.003676470588235294,2.075303515719353,1.5,1.3835356771462353,271,1.0,1.0,1
"iteration_1","SCOPE_DATA_COLLECTION",200,33,2050.0,2110.0,0,1163,788,272,1271,832,265,1161,796,275,0,0,0,0.0,0.0,0.0,0.35133905908632507,1.0548658566649745,2.0757244675430453,0.7026781181726501,1.0548658566649745,1.3838163116953635,0.0,0.7713567839195979,1.0,52.5,100.0,2223,0,0,0,0,0,0.0,0.0,0.0,0.65,0.6000000000000001,0.7000000000000001,0.2,70.0,25.0,35.0,0.55,0.5,0.7000000000000001,0.30000000000000004,60.0,35.0,35.0,1227,1221,6,1227,0.004889975550122249,0.3522599312784583,0.5,0.7045198625569166,5,0.004095004095004095,1.0,1
"iteration_1","SCOPE_DATA_COLLECTION",200,33,2050.0,2110.0,1,1163,788,272,1271,832,265,1161,796,275,0,0,0,0.0,0.0,0.0,0.35133905908632507,1.0548658566649745,2.0757244675430453,0.7026781181726501,1.0548658566649745,1.3838163116953635,0.0,0.7713567839195979,1.0,52.5,100.0,2223,0,0,0,0,0,0.0,0.0,0.0,0.65,0.6000000000000001,0.7000000000000001,0.2,70.0,25.0,35.0,0.55,0.5,0.7000000000000001,0.30000000000000004,60.0,35.0,35.0,767,764,3,767,0.003911342894393742,1.062363364770105,1.0,1.062363364770105,595,0.7787958115183246,1.0,1
"iteration_1","SCOPE_DATA_COLLECTION",200,33,2050.0,2110.0,2,1163,788,272,1271,832,265,1161,796,275,0,0,0,0.0,0.0,0.0,0.35133905908632507,1.0548658566649745,2.0757244675430453,0.7026781181726501,1.0548658566649745,1.3838163116953635,0.0,0.7713567839195979,1.0,52.5,100.0,2223,0,0,0,0,0,0.0,0.0,0.0,0.65,0.6000000000000001,0.7000000000000001,0.2,70.0,25.0,35.0,0.55,0.5,0.7000000000000001,0.30000000000000004,60.0,35.0,35.0,284,283,1,284,0.0035211267605633804,2.0566136317378914,1.5,1.3710757544919276,283,1.0,1.0,1
"iteration_1","SCOPE_DATA_COLLECTION",200,34,2110.0,2170.0,0,1227,767,284,1163,788,272,1218,752,277,6,3,2,0.004901960784313725,0.003973509933774834,0.007168458781362007,0.3518929814027897,1.062087544221838,2.0538696422317715,0.7037859628055794,1.062087544221838,1.3692464281545143,0.0024630541871921183,0.7805851063829787,1.0,87.5,100.0,2278,0,0,11,0,0,0.004828797190517998,0.0,0.0,0.55,0.5,0.7000000000000001,0.30000000000000004,60.0,35.0,35.0,0.55,0.6000000000000001,0.7000000000000001,0.2,50.0,35.0,25.0,1244,1243,1,1244,8.038585209003215E-4,0.35322259471057765,0.5,0.7064451894211553,2,0.0016090104585679806,1.0,1
"iteration_1","SCOPE_DATA_COLLECTION",200,34,2110.0,2170.0,1,1227,767,284,1163,788,272,1218,752,277,6,3,2,0.004901960784313725,0.003973509933774834,0.007168458781362007,0.3518929814027897,1.062087544221838,2.0538696422317715,0.7037859628055794,1.062087544221838,1.3692464281545143,0.0024630541871921183,0.7805851063829787,1.0,87.5,100.0,2278,0,0,11,0,0,0.004828797190517998,0.0,0.0,0.55,0.5,0.7000000000000001,0.30000000000000004,60.0,35.0,35.0,0.55,0.6000000000000001,0.7000000000000001,0.2,50.0,35.0,25.0,764,764,0,764,0.0,1.0577650625937494,1.0,1.0577650625937494,585,0.7657068062827225,1.0,1
"iteration_1","SCOPE_DATA_COLLECTION",200,34,2110.0,2170.0,2,1227,767,284,1163,788,272,1218,752,277,6,3,2,0.004901960784313725,0.003973509933774834,0.007168458781362007,0.3518929814027897,1.062087544221838,2.0538696422317715,0.7037859628055794,1.062087544221838,1.3692464281545143,0.0024630541871921183,0.7805851063829787,1.0,87.5,100.0,2278,0,0,11,0,0,0.004828797190517998,0.0,0.0,0.55,0.5,0.7000000000000001,0.30000000000000004,60.0,35.0,35.0,0.55,0.6000000000000001,0.7000000000000001,0.2,50.0,35.0,25.0,293,293,0,293,0.0,2.0496758459650275,1.5,1.366450563976685,293,1.0,1.0,1
"iteration_1","SCOPE_DATA_COLLECTION",200,35,2170.0,2230.0,0,1244,764,293,1227,767,284,1240,774,297,1,0,0,8.058017727639E-4,0.0,0.0,0.3535926044448036,1.0573208492062314,2.0559079226379886,0.7071852088896072,1.0573208492062314,1.3706052817586591,0.0032258064516129032,0.7622739018087855,1.0,77.5,100.0,2300,1,0,1,0,0,4.347826086956522E-4,0.0,0.0,0.55,0.6000000000000001,0.7000000000000001,0.2,50.0,35.0,25.0,0.25,0.30000000000000004,0.5,0.30000000000000004,35.0,80.0,20.0,1220,1220,0,1220,0.0,0.3557228003203654,0.5,0.7114456006407308,7,0.005737704918032787,1.0,1
"iteration_1","SCOPE_DATA_COLLECTION",200,35,2170.0,2230.0,1,1244,764,293,1227,767,284,1240,774,297,1,0,0,8.058017727639E-4,0.0,0.0,0.3535926044448036,1.0573208492062314,2.0559079226379886,0.7071852088896072,1.0573208492062314,1.3706052817586591,0.0032258064516129032,0.7622739018087855,1.0,77.5,100.0,2300,1,0,1,0,0,4.347826086956522E-4,0.0,0.0,0.55,0.6000000000000001,0.7000000000000001,0.2,50.0,35.0,25.0,0.25,0.30000000000000004,0.5,0.30000000000000004,35.0,80.0,20.0,790,790,0,790,0.0,1.055223527284818,1.0,1.055223527284818,617,0.7810126582278482,1.0,1
"iteration_1","SCOPE_DATA_COLLECTION",200,35,2170.0,2230.0,2,1244,764,293,1227,767,284,1240,774,297,1,0,0,8.058017727639E-4,0.0,0.0,0.3535926044448036,1.0573208492062314,2.0559079226379886,0.7071852088896072,1.0573208492062314,1.3706052817586591,0.0032258064516129032,0.7622739018087855,1.0,77.5,100.0,2300,1,0,1,0,0,4.347826086956522E-4,0.0,0.0,0.55,0.6000000000000001,0.7000000000000001,0.2,50.0,35.0,25.0,0.25,0.30000000000000004,0.5,0.30000000000000004,35.0,80.0,20.0,281,281,0,281,0.0,2.072594012127003,1.5,1.381729341418002,281,1.0,1.0,1
"iteration_1","SCOPE_DATA_COLLECTION",200,36,2230.0,2290.0,0,1220,790,281,1244,764,293,1222,789,280,0,0,0,0.0,0.0,0.0,0.35561112004798956,1.0551683509630432,2.069375355438917,0.7112222400959791,1.0551683509630432,1.3795835702926114,0.0057283142389525366,0.7820025348542459,1.0,82.5,100.0,2291,0,0,0,0,0,0.0,0.0,0.0,0.25,0.30000000000000004,0.5,0.30000000000000004,35.0,80.0,20.0,0.25,0.30000000000000004,0.5,0.30000000000000004,35.0,80.0,20.0,1246,1244,2,1246,0.0016051364365971107,0.35417707394626385,0.5,0.7083541478925277,3,0.002411575562700965,1.0,1
"iteration_1","SCOPE_DATA_COLLECTION",200,36,2230.0,2290.0,1,1220,790,281,1244,764,293,1222,789,280,0,0,0,0.0,0.0,0.0,0.35561112004798956,1.0551683509630432,2.069375355438917,0.7112222400959791,1.0551683509630432,1.3795835702926114,0.0057283142389525366,0.7820025348542459,1.0,82.5,100.0,2291,0,0,0,0,0,0.0,0.0,0.0,0.25,0.30000000000000004,0.5,0.30000000000000004,35.0,80.0,20.0,0.25,0.30000000000000004,0.5,0.30000000000000004,35.0,80.0,20.0,813,813,0,813,0.0,1.0609480259555208,1.0,1.0609480259555208,641,0.7884378843788438,1.0,1
"iteration_1","SCOPE_DATA_COLLECTION",200,36,2230.0,2290.0,2,1220,790,281,1244,764,293,1222,789,280,0,0,0,0.0,0.0,0.0,0.35561112004798956,1.0551683509630432,2.069375355438917,0.7112222400959791,1.0551683509630432,1.3795835702926114,0.0057283142389525366,0.7820025348542459,1.0,82.5,100.0,2291,0,0,0,0,0,0.0,0.0,0.0,0.25,0.30000000000000004,0.5,0.30000000000000004,35.0,80.0,20.0,0.25,0.30000000000000004,0.5,0.30000000000000004,35.0,80.0,20.0,262,262,0,262,0.0,2.073239666975135,1.5,1.3821597779834234,262,1.0,1.0,1
"iteration_1","SCOPE_DATA_COLLECTION",200,37,2290.0,2350.0,0,1246,813,262,1220,790,281,1248,812,272,2,0,0,0.0016,0.0,0.0,0.35436679907693847,1.0617048376072513,2.073617423801763,0.7087335981538769,1.0617048376072513,1.3824116158678421,0.002403846153846154,0.7894088669950738,1.0,52.5,100.0,2319,0,2,2,0,0,8.624407072013799E-4,0.0,0.0,0.25,0.30000000000000004,0.5,0.30000000000000004,35.0,80.0,20.0,0.4,0.2,0.6000000000000001,0.1,30.0,40.0,75.0,1278,1277,1,1278,7.82472613458529E-4,0.35549418063173616,0.5,0.7109883612634723,14,0.01096319498825372,1.0,1
"iteration_1","SCOPE_DATA_COLLECTION",200,37,2290.0,2350.0,1,1246,813,262,1220,790,281,1248,812,272,2,0,0,0.0016,0.0,0.0,0.35436679907693847,1.0617048376072513,2.073617423801763,0.7087335981538769,1.0617048376072513,1.3824116158678421,0.002403846153846154,0.7894088669950738,1.0,52.5,100.0,2319,0,2,2,0,0,8.624407072013799E-4,0.0,0.0,0.25,0.30000000000000004,0.5,0.30000000000000004,35.0,80.0,20.0,0.4,0.2,0.6000000000000001,0.1,30.0,40.0,75.0,814,814,0,814,0.0,1.0586392485303433,1.0,1.0586392485303433,637,0.7825552825552825,1.0,1
"iteration_1","SCOPE_DATA_COLLECTION",200,37,2290.0,2350.0,2,1246,813,262,1220,790,281,1248,812,272,2,0,0,0.0016,0.0,0.0,0.35436679907693847,1.0617048376072513,2.073617423801763,0.7087335981538769,1.0617048376072513,1.3824116158678421,0.002403846153846154,0.7894088669950738,1.0,52.5,100.0,2319,0,2,2,0,0,8.624407072013799E-4,0.0,0.0,0.25,0.30000000000000004,0.5,0.30000000000000004,35.0,80.0,20.0,0.4,0.2,0.6000000000000001,0.1,30.0,40.0,75.0,249,249,0,249,0.0,2.073343576773147,1.5,1.382229051182098,249,1.0,1.0,1
"iteration_1","SCOPE_DATA_COLLECTION",200,38,2350.0,2410.0,0,1278,814,249,1246,813,262,1277,812,245,1,0,0,7.82472613458529E-4,0.0,0.0,0.355440628393831,1.0584984157976942,2.074430307229259,0.710881256787662,1.0584984157976942,1.3829535381528393,0.01096319498825372,0.7820197044334976,1.0,67.5,100.0,2341,0,0,1,0,0,4.2716787697565144E-4,0.0,0.0,0.4,0.2,0.6000000000000001,0.1,30.0,40.0,75.0,0.1,0.30000000000000004,0.4,0.30000000000000004,30.0,85.0,85.0,1283,1280,3,1283,0.002338269680436477,0.3524433422922385,0.5,0.704886684584477,2,0.0015625,1.0,1
"iteration_1","SCOPE_DATA_COLLECTION",200,38,2350.0,2410.0,1,1278,814,249,1246,813,262,1277,812,245,1,0,0,7.82472613458529E-4,0.0,0.0,0.355440628393831,1.0584984157976942,2.074430307229259,0.710881256787662,1.0584984157976942,1.3829535381528393,0.01096319498825372,0.7820197044334976,1.0,67.5,100.0,2341,0,0,1,0,0,4.2716787697565144E-4,0.0,0.0,0.4,0.2,0.6000000000000001,0.1,30.0,40.0,75.0,0.1,0.30000000000000004,0.4,0.30000000000000004,30.0,85.0,85.0,784,783,1,784,0.0012755102040816326,1.0606489618627295,1.0,1.0606489618627295,622,0.7943805874840357,1.0,1
"iteration_1","SCOPE_DATA_COLLECTION",200,38,2350.0,2410.0,2,1278,814,249,1246,813,262,1277,812,245,1,0,0,7.82472613458529E-4,0.0,0.0,0.355440628393831,1.0584984157976942,2.074430307229259,0.710881256787662,1.0584984157976942,1.3829535381528393,0.01096319498825372,0.7820197044334976,1.0,67.5,100.0,2341,0,0,1,0,0,4.2716787697565144E-4,0.0,0.0,0.4,0.2,0.6000000000000001,0.1,30.0,40.0,75.0,0.1,0.30000000000000004,0.4,0.30000000000000004,30.0,85.0,85.0,267,267,0,267,0.0,2.056963817821505,1.5,1.3713092118810033,267,1.0,1.0,1
"iteration_1","SCOPE_DATA_COLLECTION",200,39,2410.0,2470.0,0,1283,784,267,1278,814,249,1280,784,265,3,1,0,0.002338269680436477,0.0012738853503184713,0.0,0.35244775246646753,1.0604118014590302,2.057024240957917,0.7048955049329351,1.0604118014590302,1.3713494939719446,0.0015625,0.7933673469387755,1.0,70.0,100.0,2333,0,1,4,0,0,0.0017145306472353193,0.0,0.0,0.1,0.30000000000000004,0.4,0.30000000000000004,30.0,85.0,85.0,0.30000000000000004,0.9,0.8,0.9,85.0,75.0,50.0,1276,1275,1,1276,7.836990595611285E-4,0.3531240628928822,0.5,0.7062481257857643,4,0.003137254901960784,1.0,1
"iteration_1","SCOPE_DATA_COLLECTION",200,39,2410.0,2470.0,1,1283,784,267,1278,814,249,1280,784,265,3,1,0,0.002338269680436477,0.0012738853503184713,0.0,0.35244775246646753,1.0604118014590302,2.057024240957917,0.7048955049329351,1.0604118014590302,1.3713494939719446,0.0015625,0.7933673469387755,1.0,70.0,100.0,2333,0,1,4,0,0,0.0017145306472353193,0.0,0.0,0.1,0.30000000000000004,0.4,0.30000000000000004,30.0,85.0,85.0,0.30000000000000004,0.9,0.8,0.9,85.0,75.0,50.0,844,844,0,844,0.0,1.0551212026223515,1.0,1.0551212026223515,656,0.7772511848341233,1.0,1
"iteration_1","SCOPE_DATA_COLLECTION",200,39,2410.0,2470.0,2,1283,784,267,1278,814,249,1280,784,265,3,1,0,0.002338269680436477,0.0012738853503184713,0.0,0.35244775246646753,1.0604118014590302,2.057024240957917,0.7048955049329351,1.0604118014590302,1.3713494939719446,0.0015625,0.7933673469387755,1.0,70.0,100.0,2333,0,1,4,0,0,0.0017145306472353193,0.0,0.0,0.1,0.30000000000000004,0.4,0.30000000000000004,30.0,85.0,85.0,0.30000000000000004,0.9,0.8,0.9,85.0,75.0,50.0,269,269,0,269,0.0,2.0636442720589496,1.5,1.3757628480392998,268,0.9962825278810409,1.0,1
"iteration_1","SCOPE_DATA_COLLECTION",200,40,2470.0,2530.0,0,1276,844,269,1283,784,267,1271,844,273,1,0,0,7.861635220125787E-4,0.0,0.0,0.3531782274873796,1.055561903188229,2.0631941044861852,0.7063564549747592,1.055561903188229,1.3754627363241234,0.003147128245476003,0.7784360189573459,0.9963369963369964,62.5,100.0,2384,1,4,1,0,0,4.1946308724832214E-4,0.0,0.0,0.30000000000000004,0.9,0.8,0.9,85.0,75.0,50.0,0.7000000000000001,0.9,0.9,0.7000000000000001,50.0,75.0,55.0,1324,1323,1,1324,7.552870090634441E-4,0.354738360605447,0.5,0.709476721210894,6,0.0045351473922902496,1.0,1
"iteration_1","SCOPE_DATA_COLLECTION",200,40,2470.0,2530.0,1,1276,844,269,1283,784,267,1271,844,273,1,0,0,7.861635220125787E-4,0.0,0.0,0.3531782274873796,1.055561903188229,2.0631941044861852,0.7063564549747592,1.055561903188229,1.3754627363241234,0.003147128245476003,0.7784360189573459,0.9963369963369964,62.5,100.0,2384,1,4,1,0,0,4.1946308724832214E-4,0.0,0.0,0.30000000000000004,0.9,0.8,0.9,85.0,75.0,50.0,0.7000000000000001,0.9,0.9,0.7000000000000001,50.0,75.0,55.0,826,826,0,826,0.0,1.065678993188967,1.0,1.065678993188967,651,0.788135593220339,1.0,1
"iteration_1","SCOPE_DATA_COLLECTION",200,40,2470.0,2530.0,2,1276,844,269,1283,784,267,1271,844,273,1,0,0,7.861635220125787E-4,0.0,0.0,0.3531782274873796,1.055561903188229,2.0631941044861852,0.7063564549747592,1.055561903188229,1.3754627363241234,0.003147128245476003,0.7784360189573459,0.9963369963369964,62.5,100.0,2384,1,4,1,0,0,4.1946308724832214E-4,0.0,0.0,0.30000000000000004,0.9,0.8,0.9,85.0,75.0,50.0,0.7000000000000001,0.9,0.9,0.7000000000000001,50.0,75.0,55.0,284,282,2,284,0.007042253521126761,2.0590626138238517,1.5,1.3727084092159012,281,0.9964539007092199,1.0,1
"iteration_1","SCOPE_DATA_COLLECTION",200,41,2530.0,2590.0,0,1324,826,284,1276,844,269,1325,832,280,1,0,2,7.541478129713424E-4,0.0,0.0070921985815602835,0.35456910212766607,1.0654606707235208,2.0595922270398823,0.7091382042553321,1.0654606707235208,1.373061484693255,0.004528301886792453,0.7896634615384616,0.9964285714285714,50.0,100.0,2428,6,0,3,0,0,0.0012355848434925864,0.0,0.0,0.7000000000000001,0.9,0.9,0.7000000000000001,50.0,75.0,55.0,0.4,0.4,0.4,0.30000000000000004,70.0,65.0,95.0,1284,1284,0,1284,0.0,0.35498745754658434,0.5,0.7099749150931687,5,0.003894080996884735,1.0,1
"iteration_1","SCOPE_DATA_COLLECTION",200,41,2530.0,2590.0,1,1324,826,284,1276,844,269,1325,832,280,1,0,2,7.541478129713424E-4,0.0,0.0070921985815602835,0.35456910212766607,1.0654606707235208,2.0595922270398823,0.7091382042553321,1.0654606707235208,1.373061484693255,0.004528301886792453,0.7896634615384616,0.9964285714285714,50.0,100.0,2428,6,0,3,0,0,0.0012355848434925864,0.0,0.0,0.7000000000000001,0.9,0.9,0.7000000000000001,50.0,75.0,55.0,0.4,0.4,0.4,0.30000000000000004,70.0,65.0,95.0,790,789,1,790,0.0012658227848101266,1.0603361765643773,1.0,1.0603361765643773,639,0.8098859315589354,1.0,1
"iteration_1","SCOPE_DATA_COLLECTION",200,41,2530.0,2590.0,2,1324,826,284,1276,844,269,1325,832,280,1,0,2,7.541478129713424E-4,0.0,0.0070921985815602835,0.35456910212766607,1.0654606707235208,2.0595922270398823,0.7091382042553321,1.0654606707235208,1.373061484693255,0.004528301886792453,0.7896634615384616,0.9964285714285714,50.0,100.0,2428,6,0,3,0,0,0.0012355848434925864,0.0,0.0,0.7000000000000001,0.9,0.9,0.7000000000000001,50.0,75.0,55.0,0.4,0.4,0.4,0.30000000000000004,70.0,65.0,95.0,290,290,0,290,0.0,2.051209958631624,1.5,1.367473305754416,289,0.996551724137931,1.0,1
"iteration_1","SCOPE_DATA_COLLECTION",200,42,2590.0,2650.0,0,1284,790,290,1324,826,284,1282,784,291,0,1,0,0.0,0.0012738853503184713,0.0,0.3549016430450662,1.0605532456510596,2.050475702570458,0.7098032860901324,1.0605532456510596,1.3669838017136386,0.0039001560062402497,0.8086734693877551,0.9965635738831615,62.5,100.0,2362,1,1,1,0,0,4.233700254022015E-4,0.0,0.0,0.4,0.4,0.4,0.30000000000000004,70.0,65.0,95.0,0.5,0.5,0.4,0.2,70.0,75.0,95.0,1204,1203,1,1204,8.305647840531562E-4,0.3546993573563177,0.5,0.7093987147126354,6,0.004987531172069825,1.0,1
"iteration_1","SCOPE_DATA_COLLECTION",200,42,2590.0,2650.0,1,1284,790,290,1324,826,284,1282,784,291,0,1,0,0.0,0.0012738853503184713,0.0,0.3549016430450662,1.0605532456510596,2.050475702570458,0.7098032860901324,1.0605532456510596,1.3669838017136386,0.0039001560062402497,0.8086734693877551,0.9965635738831615,62.5,100.0,2362,1,1,1,0,0,4.233700254022015E-4,0.0,0.0,0.4,0.4,0.4,0.30000000000000004,70.0,65.0,95.0,0.5,0.5,0.4,0.2,70.0,75.0,95.0,820,819,1,820,0.0012195121951219512,1.0641033791686187,1.0,1.0641033791686187,662,0.8083028083028083,1.0,1
"iteration_1","SCOPE_DATA_COLLECTION",200,42,2590.0,2650.0,2,1284,790,290,1324,826,284,1282,784,291,0,1,0,0.0,0.0012738853503184713,0.0,0.3549016430450662,1.0605532456510596,2.050475702570458,0.7098032860901324,1.0605532456510596,1.3669838017136386,0.0039001560062402497,0.8086734693877551,0.9965635738831615,62.5,100.0,2362,1,1,1,0,0,4.233700254022015E-4,0.0,0.0,0.4,0.4,0.4,0.30000000000000004,70.0,65.0,95.0,0.5,0.5,0.4,0.2,70.0,75.0,95.0,288,288,0,288,0.0,2.063370322226435,1.5,1.3755802148176233,288,1.0,1.0,1
"iteration_1","SCOPE_DATA_COLLECTION",200,43,2650.0,2710.0,0,1204,820,288,1284,790,290,1207,817,285,1,1,0,8.278145695364238E-4,0.0012224938875305623,0.0,0.35481126086414183,1.063324055073283,2.062232049844396,0.7096225217282837,1.063324055073283,1.3748213665629307,0.004971002485501243,0.806609547123623,1.0,67.5,100.0,2311,1,0,2,0,0,8.654262224145391E-4,0.0,0.0,0.5,0.5,0.4,0.2,70.0,75.0,95.0,0.5,0.4,0.5,0.2,70.0,85.0,85.0,1280,1280,0,1280,0.0,0.35163462588515343,0.5,0.7032692517703069,1,7.8125E-4,1.0,1
"iteration_1","SCOPE_DATA_COLLECTION",200,43,2650.0,2710.0,1,1204,820,288,1284,790,290,1207,817,285,1,1,0,8.278145695364238E-4,0.0012224938875305623,0.0,0.35481126086414183,1.063324055073283,2.062232049844396,0.7096225217282837,1.063324055073283,1.3748213665629307,0.004971002485501243,0.806609547123623,1.0,67.5,100.0,2311,1,0,2,0,0,8.654262224145391E-4,0.0,0.0,0.5,0.5,0.4,0.2,70.0,75.0,95.0,0.5,0.4,0.5,0.2,70.0,85.0,85.0,802,801,1,802,0.0012468827930174563,1.05498939988489,1.0,1.05498939988489,620,0.7740324594257179,1.0,1
"iteration_1","SCOPE_DATA_COLLECTION",200,43,2650.0,2710.0,2,1204,820,288,1284,790,290,1207,817,285,1,1,0,8.278145695364238E-4,0.0012224938875305623,0.0,0.35481126086414183,1.063324055073283,2.062232049844396,0.7096225217282837,1.063324055073283,1.3748213665629307,0.004971002485501243,0.806609547123623,1.0,67.5,100.0,2311,1,0,2,0,0,8.654262224145391E-4,0.0,0.0,0.5,0.5,0.4,0.2,70.0,75.0,95.0,0.5,0.4,0.5,0.2,70.0,85.0,85.0,259,259,0,259,0.0,2.0679753213360783,1.5,1.3786502142240522,259,1.0,1.0,1
"iteration_1","SCOPE_DATA_COLLECTION",200,44,2710.0,2770.0,0,1280,802,259,1204,820,288,1277,806,263,0,1,0,0.0,0.0012391573729863693,0.0,0.35177650713257197,1.0556641476683404,2.0703502744283933,0.7035530142651439,1.0556641476683404,1.3802335162855954,7.830853563038371E-4,0.7766749379652605,1.0,52.5,100.0,2337,3,1,1,0,0,4.278990158322636E-4,0.0,0.0,0.5,0.4,0.5,0.2,70.0,85.0,85.0,0.5,0.4,0.5,0.2,70.0,85.0,85.0,1344,1344,0,1344,0.0,0.35322497972398786,0.5,0.7064499594479757,5,0.003720238095238095,1.0,1
"iteration_1","SCOPE_DATA_COLLECTION",200,44,2710.0,2770.0,1,1280,802,259,1204,820,288,1277,806,263,0,1,0,0.0,0.0012391573729863693,0.0,0.35177650713257197,1.0556641476683404,2.0703502744283933,0.7035530142651439,1.0556641476683404,1.3802335162855954,7.830853563038371E-4,0.7766749379652605,1.0,52.5,100.0,2337,3,1,1,0,0,4.278990158322636E-4,0.0,0.0,0.5,0.4,0.5,0.2,70.0,85.0,85.0,0.5,0.4,0.5,0.2,70.0,85.0,85.0,876,875,1,876,0.001141552511415525,1.0616659115644747,1.0,1.0616659115644747,685,0.7828571428571428,1.0,1
"iteration_1","SCOPE_DATA_COLLECTION",200,44,2710.0,2770.0,2,1280,802,259,1204,820,288,1277,806,263,0,1,0,0.0,0.0012391573729863693,0.0,0.35177650713257197,1.0556641476683404,2.0703502744283933,0.7035530142651439,1.0556641476683404,1.3802335162855954,7.830853563038371E-4,0.7766749379652605,1.0,52.5,100.0,2337,3,1,1,0,0,4.278990158322636E-4,0.0,0.0,0.5,0.4,0.5,0.2,70.0,85.0,85.0,0.5,0.4,0.5,0.2,70.0,85.0,85.0,266,266,0,266,0.0,2.044786995477383,1.5,1.3631913303182552,266,1.0,1.0,1
"iteration_1","SCOPE_DATA_COLLECTION",200,45,2770.0,2830.0,0,1344,876,266,1280,802,259,1350,873,263,0,1,0,0.0,0.0011441647597254005,0.0,0.35315538475586333,1.0616805713249724,2.0444953099328758,0.7063107695117267,1.0616805713249724,1.3629968732885838,0.003703703703703704,0.7800687285223368,1.0,57.5,100.0,2485,1,0,1,0,0,4.0241448692152917E-4,0.0,0.0,0.5,0.4,0.5,0.2,70.0,85.0,85.0,0.6000000000000001,0.30000000000000004,0.5,0.1,70.0,75.0,75.0,1255,1255,0,1255,0.0,0.35408328368350983,0.5,0.7081665673670197,8,0.006374501992031873,1.0,1
"iteration_1","SCOPE_DATA_COLLECTION",200,45,2770.0,2830.0,1,1344,876,266,1280,802,259,1350,873,263,0,1,0,0.0,0.0011441647597254005,0.0,0.35315538475586333,1.0616805713249724,2.0444953099328758,0.7063107695117267,1.0616805713249724,1.3629968732885838,0.003703703703703704,0.7800687285223368,1.0,57.5,100.0,2485,1,0,1,0,0,4.0241448692152917E-4,0.0,0.0,0.5,0.4,0.5,0.2,70.0,85.0,85.0,0.6000000000000001,0.30000000000000004,0.5,0.1,70.0,75.0,75.0,768,768,0,768,0.0,1.055889176507837,1.0,1.055889176507837,590,0.7682291666666666,1.0,1
"iteration_1","SCOPE_DATA_COLLECTION",200,45,2770.0,2830.0,2,1344,876,266,1280,802,259,1350,873,263,0,1,0,0.0,0.0011441647597254005,0.0,0.35315538475586333,1.0616805713249724,2.0444953099328758,0.7063107695117267,1.0616805713249724,1.3629968732885838,0.003703703703703704,0.7800687285223368,1.0,57.5,100.0,2485,1,0,1,0,0,4.0241448692152917E-4,0.0,0.0,0.5,0.4,0.5,0.2,70.0,85.0,85.0,0.6000000000000001,0.30000000000000004,0.5,0.1,70.0,75.0,75.0,316,316,0,316,0.0,2.0431321653232306,1.5,1.3620881102154871,315,0.9968354430379747,1.0,1
"iteration_1","SCOPE_DATA_COLLECTION",200,46,2830.0,2890.0,0,1255,768,316,1344,876,266,1247,763,312,0,0,0,0.0,0.0,0.0,0.3539959216154011,1.0563389707177213,2.042186062505798,0.7079918432308022,1.0563389707177213,1.3614573750038652,0.006415396952686447,0.7719528178243774,0.9967948717948718,95.0,100.0,2328,7,4,0,0,0,0.0,0.0,0.0,0.6000000000000001,0.30000000000000004,0.5,0.1,70.0,75.0,75.0,0.5,0.4,0.6000000000000001,0.1,70.0,85.0,65.0,1298,1296,2,1298,0.0015408320493066256,0.3553799665479991,0.5,0.7107599330959982,8,0.006172839506172839,1.0,1
"iteration_1","SCOPE_DATA_COLLECTION",200,46,2830.0,2890.0,1,1255,768,316,1344,876,266,1247,763,312,0,0,0,0.0,0.0,0.0,0.3539959216154011,1.0563389707177213,2.042186062505798,0.7079918432308022,1.0563389707177213,1.3614573750038652,0.006415396952686447,0.7719528178243774,0.9967948717948718,95.0,100.0,2328,7,4,0,0,0,0.0,0.0,0.0,0.6000000000000001,0.30000000000000004,0.5,0.1,70.0,75.0,75.0,0.5,0.4,0.6000000000000001,0.1,70.0,85.0,65.0,764,763,1,764,0.0013089005235602095,1.0611619065237536,1.0,1.0611619065237536,600,0.7863695937090432,1.0,1
"iteration_1","SCOPE_DATA_COLLECTION",200,46,2830.0,2890.0,2,1255,768,316,1344,876,266,1247,763,312,0,0,0,0.0,0.0,0.0,0.3539959216154011,1.0563389707177213,2.042186062505798,0.7079918432308022,1.0563389707177213,1.3614573750038652,0.006415396952686447,0.7719528178243774,0.9967948717948718,95.0,100.0,2328,7,4,0,0,0,0.0,0.0,0.0,0.6000000000000001,0.30000000000000004,0.5,0.1,70.0,75.0,75.0,0.5,0.4,0.6000000000000001,0.1,70.0,85.0,65.0,277,276,1,277,0.0036101083032490976,2.0728032037823914,1.5,1.3818688025215942,276,1.0,1.0,1
"iteration_1","SCOPE_DATA_COLLECTION",200,47,2890.0,2950.0,0,1298,764,277,1255,768,316,1300,769,284,2,1,1,0.0015360983102918587,0.0012987012987012987,0.0035087719298245615,0.35550275824934874,1.0607628434287595,2.072558094595732,0.7110055164986975,1.0607628434287595,1.3817053963971546,0.006153846153846154,0.7854356306892067,1.0,52.5,100.0,2338,1,0,4,0,0,0.001710863986313088,0.0,0.0,0.5,0.4,0.6000000000000001,0.1,70.0,85.0,65.0,0.5,0.4,0.6000000000000001,0.1,70.0,85.0,65.0,1324,1324,0,1324,0.0,0.3548054360190131,0.5,0.7096108720380262,6,0.004531722054380665,1.0,1
"iteration_1","SCOPE_DATA_COLLECTION",200,47,2890.0,2950.0,1,1298,764,277,1255,768,316,1300,769,284,2,1,1,0.0015360983102918587,0.0012987012987012987,0.0035087719298245615,0.35550275824934874,1.0607628434287595,2.072558094595732,0.7110055164986975,1.0607628434287595,1.3817053963971546,0.006153846153846154,0.7854356306892067,1.0,52.5,100.0,2338,1,0,4,0,0,0.001710863986313088,0.0,0.0,0.5,0.4,0.6000000000000001,0.1,70.0,85.0,65.0,0.5,0.4,0.6000000000000001,0.1,70.0,85.0,65.0,783,783,0,783,0.0,1.0616744654483123,1.0,1.0616744654483123,620,0.7918263090676884,1.0,1
"iteration_1","SCOPE_DATA_COLLECTION",200,47,2890.0,2950.0,2,1298,764,277,1255,768,316,1300,769,284,2,1,1,0.0015360983102918587,0.0012987012987012987,0.0035087719298245615,0.35550275824934874,1.0607628434287595,2.072558094595732,0.7110055164986975,1.0607628434287595,1.3817053963971546,0.006153846153846154,0.7854356306892067,1.0,52.5,100.0,2338,1,0,4,0,0,0.001710863986313088,0.0,0.0,0.5,0.4,0.6000000000000001,0.1,70.0,85.0,65.0,0.5,0.4,0.6000000000000001,0.1,70.0,85.0,65.0,273,273,0,273,0.0,2.0610821386074587,1.5,1.3740547590716392,272,0.9963369963369964,1.0,1
"iteration_1","SCOPE_DATA_COLLECTION",200,48,2950.0,3010.0,0,1324,783,273,1298,764,277,1318,786,269,0,0,0,0.0,0.0,0.0,0.35470002421968727,1.0618695804555223,2.0594038270790973,0.7094000484393745,1.0618695804555223,1.3729358847193982,0.004552352048558422,0.7926208651399491,0.9962825278810409,67.5,100.0,2379,1,0,0,0,0,0.0,0.0,0.0,0.5,0.4,0.6000000000000001,0.1,70.0,85.0,65.0,0.65,0.7000000000000001,0.1,0.9,60.0,95.0,80.0,1314,1314,0,1314,0.0,0.3551587947425159,0.5,0.7103175894850318,7,0.00532724505327245,1.0,1
"iteration_1","SCOPE_DATA_COLLECTION",200,48,2950.0,3010.0,1,1324,783,273,1298,764,277,1318,786,269,0,0,0,0.0,0.0,0.0,0.35470002421968727,1.0618695804555223,2.0594038270790973,0.7094000484393745,1.0618695804555223,1.3729358847193982,0.004552352048558422,0.7926208651399491,0.9962825278810409,67.5,100.0,2379,1,0,0,0,0,0.0,0.0,0.0,0.5,0.4,0.6000000000000001,0.1,70.0,85.0,65.0,0.65,0.7000000000000001,0.1,0.9,60.0,95.0,80.0,859,859,0,859,0.0,1.0617289291091223,1.0,1.0617289291091223,680,0.7916181606519208,1.0,1
"iteration_1","SCOPE_DATA_COLLECTION",200,48,2950.0,3010.0,2,1324,783,273,1298,764,277,1318,786,269,0,0,0,0.0,0.0,0.0,0.35470002421968727,1.0618695804555223,2.0594038270790973,0.7094000484393745,1.0618695804555223,1.3729358847193982,0.004552352048558422,0.7926208651399491,0.9962825278810409,67.5,100.0,2379,1,0,0,0,0,0.0,0.0,0.0,0.5,0.4,0.6000000000000001,0.1,70.0,85.0,65.0,0.65,0.7000000000000001,0.1,0.9,60.0,95.0,80.0,291,290,1,291,0.003436426116838488,2.0466210715683495,1.5,1.364414047712233,289,0.996551724137931,1.0,1
"iteration_1","SCOPE_DATA_COLLECTION",200,49,3010.0,3070.0,0,1314,859,291,1324,783,273,1318,848,292,0,0,1,0.0,0.0,0.0034129692832764505,0.35518706666766153,1.0610713137280217,2.0485161260964935,0.7103741333353231,1.0610713137280217,1.3656774173976622,0.005311077389984826,0.7877358490566038,0.9965753424657534,75.0,100.0,2455,6,3,1,0,0,4.073319755600815E-4,0.0,0.0,0.65,0.7000000000000001,0.1,0.9,60.0,95.0,80.0,0.05,0.8,0.30000000000000004,0.2,20.0,35.0,95.0,1286,1284,2,1286,0.0015552099533437014,0.3543744526498365,0.5,0.708748905299673,6,0.004672897196261682,1.0,1
"iteration_1","SCOPE_DATA_COLLECTION",200,49,3010.0,3070.0,1,1314,859,291,1324,783,273,1318,848,292,0,0,1,0.0,0.0,0.0034129692832764505,0.35518706666766153,1.0610713137280217,2.0485161260964935,0.7103741333353231,1.0610713137280217,1.3656774173976622,0.005311077389984826,0.7877358490566038,0.9965753424657534,75.0,100.0,2455,6,3,1,0,0,4.073319755600815E-4,0.0,0.0,0.65,0.7000000000000001,0.1,0.9,60.0,95.0,80.0,0.05,0.8,0.30000000000000004,0.2,20.0,35.0,95.0,807,806,1,807,0.0012391573729863693,1.0586836021157013,1.0,1.0586836021157013,637,0.7903225806451613,1.0,1
"iteration_1","SCOPE_DATA_COLLECTION",200,49,3010.0,3070.0,2,1314,859,291,1324,783,273,1318,848,292,0,0,1,0.0,0.0,0.0034129692832764505,0.35518706666766153,1.0610713137280217,2.0485161260964935,0.7103741333353231,1.0610713137280217,1.3656774173976622,0.005311077389984826,0.7877358490566038,0.9965753424657534,75.0,100.0,2455,6,3,1,0,0,4.073319755600815E-4,0.0,0.0,0.65,0.7000000000000001,0.1,0.9,60.0,95.0,80.0,0.05,0.8,0.30000000000000004,0.2,20.0,35.0,95.0,275,275,0,275,0.0,2.070553354711564,1.5,1.3803689031410427,275,1.0,1.0,1
"iteration_1","SCOPE_DATA_COLLECTION",200,50,3070.0,3130.0,0,1286,807,275,1314,859,291,1285,809,271,2,1,0,0.001554001554001554,0.0012345679012345679,0.0,0.35417527996641457,1.0593231360642275,2.071082135901214,0.7083505599328291,1.0593231360642275,1.3807214239341425,0.004669260700389105,0.792336217552534,1.0,77.5,100.0,2367,0,1,3,0,0,0.0012674271229404308,0.0,0.0,0.05,0.8,0.30000000000000004,0.2,20.0,35.0,95.0,0.05,0.8,0.4,0.1,20.0,25.0,95.0,1241,1240,1,1241,8.058017727639E-4,0.3534758350049148,0.5,0.7069516700098296,6,0.004838709677419355,1.0,1
"iteration_1","SCOPE_DATA_COLLECTION",200,50,3070.0,3130.0,1,1286,807,275,1314,859,291,1285,809,271,2,1,0,0.001554001554001554,0.0012345679012345679,0.0,0.35417527996641457,1.0593231360642275,2.071082135901214,0.7083505599328291,1.0593231360642275,1.3807214239341425,0.004669260700389105,0.792336217552534,1.0,77.5,100.0,2367,0,1,3,0,0,0.0012674271229404308,0.0,0.0,0.05,0.8,0.30000000000000004,0.2,20.0,35.0,95.0,0.05,0.8,0.4,0.1,20.0,25.0,95.0,813,813,0,813,0.0,1.06249943467941,1.0,1.06249943467941,646,0.7945879458794588,1.0,1
"iteration_1","SCOPE_DATA_COLLECTION",200,50,3070.0,3130.0,2,1286,807,275,1314,859,291,1285,809,271,2,1,0,0.001554001554001554,0.0012345679012345679,0.0,0.35417527996641457,1.0593231360642275,2.071082135901214,0.7083505599328291,1.0593231360642275,1.3807214239341425,0.004669260700389105,0.792336217552534,1.0,77.5,100.0,2367,0,1,3,0,0,0.0012674271229404308,0.0,0.0,0.05,0.8,0.30000000000000004,0.2,20.0,35.0,95.0,0.05,0.8,0.4,0.1,20.0,25.0,95.0,283,283,0,283,0.0,2.066300982898421,1.5,1.3775339885989473,283,1.0,1.0,1
"iteration_1","SCOPE_DATA_COLLECTION",200,51,3130.0,3190.0,0,1241,813,283,1286,807,275,1239,818,280,1,0,0,8.064516129032258E-4,0.0,0.0,0.35366638062201194,1.062192437116415,2.0642724773902876,0.7073327612440239,1.062192437116415,1.376181651593525,0.004842615012106538,0.7946210268948656,1.0,77.5,100.0,2334,1,2,1,0,0,4.284490145672665E-4,0.0,0.0,0.05,0.8,0.4,0.1,20.0,25.0,95.0,0.15000000000000002,0.7000000000000001,0.30000000000000004,0.1,20.0,20.0,95.0,1236,1234,2,1236,0.0016181229773462784,0.35503634404390555,0.5,0.7100726880878111,13,0.01053484602917342,1.0,1
"iteration_1","SCOPE_DATA_COLLECTION",200,51,3130.0,3190.0,1,1241,813,283,1286,807,275,1239,818,280,1,0,0,8.064516129032258E-4,0.0,0.0,0.35366638062201194,1.062192437116415,2.0642724773902876,0.7073327612440239,1.062192437116415,1.376181651593525,0.004842615012106538,0.7946210268948656,1.0,77.5,100.0,2334,1,2,1,0,0,4.284490145672665E-4,0.0,0.0,0.05,0.8,0.4,0.1,20.0,25.0,95.0,0.15000000000000002,0.7000000000000001,0.30000000000000004,0.1,20.0,20.0,95.0,797,797,0,797,0.0,1.0573307958516798,1.0,1.0573307958516798,641,0.8042659974905897,1.0,1
"iteration_1","SCOPE_DATA_COLLECTION",200,51,3130.0,3190.0,2,1241,813,283,1286,807,275,1239,818,280,1,0,0,8.064516129032258E-4,0.0,0.0,0.35366638062201194,1.062192437116415,2.0642724773902876,0.7073327612440239,1.062192437116415,1.376181651593525,0.004842615012106538,0.7946210268948656,1.0,77.5,100.0,2334,1,2,1,0,0,4.284490145672665E-4,0.0,0.0,0.05,0.8,0.4,0.1,20.0,25.0,95.0,0.15000000000000002,0.7000000000000001,0.30000000000000004,0.1,20.0,20.0,95.0,279,279,0,279,0.0,2.045158320478828,1.5,1.3634388803192188,277,0.992831541218638,1.0,1
"iteration_1","SCOPE_DATA_COLLECTION",200,52,3190.0,3250.0,0,1236,797,279,1241,813,283,1232,799,287,2,0,0,0.0016207455429497568,0.0,0.0,0.355128456311176,1.057465844056452,2.0466722202080594,0.710256912622352,1.057465844056452,1.3644481468053729,0.010551948051948052,0.8035043804755945,0.9930313588850174,60.0,100.0,2304,1,7,2,0,0,8.680555555555555E-4,0.0,0.0,0.15000000000000002,0.7000000000000001,0.30000000000000004,0.1,20.0,20.0,95.0,0.15000000000000002,0.7000000000000001,0.30000000000000004,0.1,20.0,20.0,95.0,1285,1283,2,1285,0.0015564202334630351,0.35251731407067893,0.5,0.7050346281413579,3,0.002338269680436477,1.0,1
"iteration_1","SCOPE_DATA_COLLECTION",200,52,3190.0,3250.0,1,1236,797,279,1241,813,283,1232,799,287,2,0,0,0.0016207455429497568,0.0,0.0,0.355128456311176,1.057465844056452,2.0466722202080594,0.710256912622352,1.057465844056452,1.3644481468053729,0.010551948051948052,0.8035043804755945,0.9930313588850174,60.0,100.0,2304,1,7,2,0,0,8.680555555555555E-4,0.0,0.0,0.15000000000000002,0.7000000000000001,0.30000000000000004,0.1,20.0,20.0,95.0,0.15000000000000002,0.7000000000000001,0.30000000000000004,0.1,20.0,20.0,95.0,787,787,0,787,0.0,1.0621107705162336,1.0,1.0621107705162336,628,0.7979669631512071,1.0,1
"iteration_1","SCOPE_DATA_COLLECTION",200,52,3190.0,3250.0,2,1236,797,279,1241,813,283,1232,799,287,2,0,0,0.0016207455429497568,0.0,0.0,0.355128456311176,1.057465844056452,2.0466722202080594,0.710256912622352,1.057465844056452,1.3644481468053729,0.010551948051948052,0.8035043804755945,0.9930313588850174,60.0,100.0,2304,1,7,2,0,0,8.680555555555555E-4,0.0,0.0,0.15000000000000002,0.7000000000000001,0.30000000000000004,0.1,20.0,20.0,95.0,0.15000000000000002,0.7000000000000001,0.30000000000000004,0.1,20.0,20.0,95.0,265,265,0,265,0.0,2.050966056846903,1.5,1.367310704564602,265,1.0,1.0,1
"iteration_1","SCOPE_DATA_COLLECTION",200,53,3250.0,3310.0,0,1285,787,265,1236,797,279,1285,782,261,2,0,0,0.001554001554001554,0.0,0.0,0.3524783735937688,1.0616143399356315,2.0532431505163573,0.7049567471875376,1.0616143399356315,1.368828767010905,0.0023346303501945525,0.7979539641943734,1.0,70.0,100.0,2336,0,1,2,0,0,8.561643835616438E-4,0.0,0.0,0.15000000000000002,0.7000000000000001,0.30000000000000004,0.1,20.0,20.0,95.0,0.15000000000000002,0.7000000000000001,0.30000000000000004,0.1,20.0,20.0,95.0,1266,1264,2,1266,0.001579778830963665,0.35329875678757494,0.5,0.7065975135751499,5,0.003955696202531646,1.0,1
"iteration_1","SCOPE_DATA_COLLECTION",200,53,3250.0,3310.0,1,1285,787,265,1236,797,279,1285,782,261,2,0,0,0.001554001554001554,0.0,0.0,0.3524783735937688,1.0616143399356315,2.0532431505163573,0.7049567471875376,1.0616143399356315,1.368828767010905,0.0023346303501945525,0.7979539641943734,1.0,70.0,100.0,2336,0,1,2,0,0,8.561643835616438E-4,0.0,0.0,0.15000000000000002,0.7000000000000001,0.30000000000000004,0.1,20.0,20.0,95.0,0.15000000000000002,0.7000000000000001,0.30000000000000004,0.1,20.0,20.0,95.0,759,759,0,759,0.0,1.0587785349470573,1.0,1.0587785349470573,594,0.782608695652174,1.0,1
"iteration_1","SCOPE_DATA_COLLECTION",200,53,3250.0,3310.0,2,1285,787,265,1236,797,279,1285,782,261,2,0,0,0.001554001554001554,0.0,0.0,0.3524783735937688,1.0616143399356315,2.0532431505163573,0.7049567471875376,1.0616143399356315,1.368828767010905,0.0023346303501945525,0.7979539641943734,1.0,70.0,100.0,2336,0,1,2,0,0,8.561643835616438E-4,0.0,0.0,0.15000000000000002,0.7000000000000001,0.30000000000000004,0.1,20.0,20.0,95.0,0.15000000000000002,0.7000000000000001,0.30000000000000004,0.1,20.0,20.0,95.0,287,286,1,287,0.003484320557491289,2.0429682916450207,1.5,1.3619788610966805,285,0.9965034965034965,1.0,1
"iteration_1","SCOPE_DATA_COLLECTION",200,54,3310.0,3370.0,0,1266,759,287,1285,787,265,1264,760,287,1,0,1,7.905138339920949E-4,0.0,0.003472222222222222,0.353298788397331,1.0594277382482704,2.0372505907603116,0.706597576794662,1.0594277382482704,1.3581670605068743,0.003955696202531646,0.7842105263157895,0.9965156794425087,70.0,100.0,2308,0,4,2,0,0,8.665511265164644E-4,0.0,0.0,0.15000000000000002,0.7000000000000001,0.30000000000000004,0.1,20.0,20.0,95.0,0.9,0.7000000000000001,0.9,0.30000000000000004,90.0,75.0,40.0,1219,1218,1,1219,8.203445447087777E-4,0.35228282595410154,0.5,0.7045656519082031,0,0.0,1.0,1
"iteration_1","SCOPE_DATA_COLLECTION",200,54,3310.0,3370.0,1,1266,759,287,1285,787,265,1264,760,287,1,0,1,7.905138339920949E-4,0.0,0.003472222222222222,0.353298788397331,1.0594277382482704,2.0372505907603116,0.706597576794662,1.0594277382482704,1.3581670605068743,0.003955696202531646,0.7842105263157895,0.9965156794425087,70.0,100.0,2308,0,4,2,0,0,8.665511265164644E-4,0.0,0.0,0.15000000000000002,0.7000000000000001,0.30000000000000004,0.1,20.0,20.0,95.0,0.9,0.7000000000000001,0.9,0.30000000000000004,90.0,75.0,40.0,789,789,0,789,0.0,1.05114815211837,1.0,1.05114815211837,614,0.7782002534854245,1.0,1
"iteration_1","SCOPE_DATA_COLLECTION",200,54,3310.0,3370.0,2,1266,759,287,1285,787,265,1264,760,287,1,0,1,7.905138339920949E-4,0.0,0.003472222222222222,0.353298788397331,1.0594277382482704,2.0372505907603116,0.706597576794662,1.0594277382482704,1.3581670605068743,0.003955696202531646,0.7842105263157895,0.9965156794425087,70.0,100.0,2308,0,4,2,0,0,8.665511265164644E-4,0.0,0.0,0.15000000000000002,0.7000000000000001,0.30000000000000004,0.1,20.0,20.0,95.0,0.9,0.7000000000000001,0.9,0.30000000000000004,90.0,75.0,40.0,286,286,0,286,0.0,2.0615183847526377,1.5,1.3743455898350918,286,1.0,1.0,1
"iteration_1","SCOPE_DATA_COLLECTION",200,55,3370.0,3430.0,0,1219,789,286,1266,759,287,1219,786,289,2,0,0,0.001638001638001638,0.0,0.0,0.35232918349692144,1.050757433472919,2.064663202806061,0.7046583669938429,1.050757433472919,1.3764421352040408,0.0,0.7760814249363868,1.0,67.5,100.0,2282,12,0,2,0,0,8.764241893076249E-4,0.0,0.0,0.9,0.7000000000000001,0.9,0.30000000000000004,90.0,75.0,40.0,0.5,0.2,0.2,0.5,20.0,20.0,45.0,1295,1293,2,1295,0.0015444015444015444,0.3557140612731939,0.5,0.7114281225463878,9,0.0069605568445475635,1.0,1
"iteration_1","SCOPE_DATA_COLLECTION",200,55,3370.0,3430.0,1,1219,789,286,1266,759,287,1219,786,289,2,0,0,0.001638001638001638,0.0,0.0,0.35232918349692144,1.050757433472919,2.064663202806061,0.7046583669938429,1.050757433472919,1.3764421352040408,0.0,0.7760814249363868,1.0,67.5,100.0,2282,12,0,2,0,0,8.764241893076249E-4,0.0,0.0,0.9,0.7000000000000001,0.9,0.30000000000000004,90.0,75.0,40.0,0.5,0.2,0.2,0.5,20.0,20.0,45.0,824,823,1,824,0.0012135922330097086,1.0595292632463442,1.0,1.0595292632463442,637,0.7739975698663426,1.0,1
"iteration_1","SCOPE_DATA_COLLECTION",200,55,3370.0,3430.0,2,1219,789,286,1266,759,287,1219,786,289,2,0,0,0.001638001638001638,0.0,0.0,0.35232918349692144,1.050757433472919,2.064663202806061,0.7046583669938429,1.050757433472919,1.3764421352040408,0.0,0.7760814249363868,1.0,67.5,100.0,2282,12,0,2,0,0,8.764241893076249E-4,0.0,0.0,0.9,0.7000000000000001,0.9,0.30000000000000004,90.0,75.0,40.0,0.5,0.2,0.2,0.5,20.0,20.0,45.0,274,274,0,274,0.0,2.0633413357121135,1.5,1.3755608904747423,274,1.0,1.0,1
"iteration_1","SCOPE_DATA_COLLECTION",200,56,3430.0,3490.0,0,1295,824,274,1219,789,286,1291,824,268,2,1,0,0.0015467904098994587,0.0012121212121212121,0.0,0.3555095309677173,1.0600101638143238,2.06381875692395,0.7110190619354346,1.0600101638143238,1.3758791712826335,0.006971340046475601,0.7779126213592233,1.0,80.0,100.0,2393,0,0,3,0,0,0.0012536564981195152,0.0,0.0,0.5,0.2,0.2,0.5,20.0,20.0,45.0,0.5,0.2,0.2,0.5,20.0,20.0,45.0,1263,1263,0,1263,0.0,0.35434481350976504,0.5,0.7086896270195301,13,0.010292953285827395,1.0,1
"iteration_1","SCOPE_DATA_COLLECTION",200,56,3430.0,3490.0,1,1295,824,274,1219,789,286,1291,824,268,2,1,0,0.0015467904098994587,0.0012121212121212121,0.0,0.3555095309677173,1.0600101638143238,2.06381875692395,0.7110190619354346,1.0600101638143238,1.3758791712826335,0.006971340046475601,0.7779126213592233,1.0,80.0,100.0,2393,0,0,3,0,0,0.0012536564981195152,0.0,0.0,0.5,0.2,0.2,0.5,20.0,20.0,45.0,0.5,0.2,0.2,0.5,20.0,20.0,45.0,759,758,1,759,0.0013175230566534915,1.0559959144797109,1.0,1.0559959144797109,599,0.7902374670184696,1.0,1
"iteration_1","SCOPE_DATA_COLLECTION",200,56,3430.0,3490.0,2,1295,824,274,1219,789,286,1291,824,268,2,1,0,0.0015467904098994587,0.0012121212121212121,0.0,0.3555095309677173,1.0600101638143238,2.06381875692395,0.7110190619354346,1.0600101638143238,1.3758791712826335,0.006971340046475601,0.7779126213592233,1.0,80.0,100.0,2393,0,0,3,0,0,0.0012536564981195152,0.0,0.0,0.5,0.2,0.2,0.5,20.0,20.0,45.0,0.5,0.2,0.2,0.5,20.0,20.0,45.0,276,276,0,276,0.0,2.0664438880598426,1.5,1.3776292587065617,276,1.0,1.0,1
"iteration_1","SCOPE_DATA_COLLECTION",200,57,3490.0,3550.0,0,1263,759,276,1295,824,274,1264,759,274,0,1,0,0.0,0.0013157894736842105,0.0,0.3545345031510568,1.0559062420713432,2.064850519708302,0.7090690063021136,1.0559062420713432,1.376567013138868,0.010284810126582278,0.7878787878787878,1.0,82.5,100.0,2295,1,2,1,0,0,4.3572984749455336E-4,0.0,0.0,0.5,0.2,0.2,0.5,20.0,20.0,45.0,0.5,0.2,0.2,0.5,20.0,20.0,45.0,1251,1251,0,1251,0.0,0.35238476579626504,0.5,0.7047695315925301,2,0.0015987210231814548,1.0,1
"iteration_1","SCOPE_DATA_COLLECTION",200,57,3490.0,3550.0,1,1263,759,276,1295,824,274,1264,759,274,0,1,0,0.0,0.0013157894736842105,0.0,0.3545345031510568,1.0559062420713432,2.064850519708302,0.7090690063021136,1.0559062420713432,1.376567013138868,0.010284810126582278,0.7878787878787878,1.0,82.5,100.0,2295,1,2,1,0,0,4.3572984749455336E-4,0.0,0.0,0.5,0.2,0.2,0.5,20.0,20.0,45.0,0.5,0.2,0.2,0.5,20.0,20.0,45.0,781,780,1,781,0.0012804097311139564,1.0568760327048459,1.0,1.0568760327048459,607,0.7782051282051282,1.0,1
"iteration_1","SCOPE_DATA_COLLECTION",200,57,3490.0,3550.0,2,1263,759,276,1295,824,274,1264,759,274,0,1,0,0.0,0.0013157894736842105,0.0,0.3545345031510568,1.0559062420713432,2.064850519708302,0.7090690063021136,1.0559062420713432,1.376567013138868,0.010284810126582278,0.7878787878787878,1.0,82.5,100.0,2295,1,2,1,0,0,4.3572984749455336E-4,0.0,0.0,0.5,0.2,0.2,0.5,20.0,20.0,45.0,0.5,0.2,0.2,0.5,20.0,20.0,45.0,235,235,0,235,0.0,2.0733473845147445,1.5,1.3822315896764963,235,1.0,1.0,1
"iteration_1","SCOPE_DATA_COLLECTION",200,58,3550.0,3617.1337546086816,0,1251,781,235,1263,759,276,1249,778,239,0,1,0,0.0,0.0012836970474967907,0.0,0.3523755622268214,1.0561191930584917,2.075937476469529,0.7047511244536429,1.0561191930584917,1.3839583176463526,0.0016012810248198558,0.7750642673521851,1.0,82.5,100.0,2267,0,0,1,0,0,4.411116012351125E-4,0.0,0.0,0.5,0.2,0.2,0.5,20.0,20.0,45.0,0.4,0.1,0.1,0.5,20.0,20.0,35.0,1054,1041,1,1042,9.596928982725527E-4,0.3584062168814269,0.5,0.7168124337628538,12,0.011527377521613832,0.9886148007590133,0
"iteration_1","SCOPE_DATA_COLLECTION",200,58,3550.0,3617.1337546086816,1,1251,781,235,1263,759,276,1249,778,239,0,1,0,0.0,0.0012836970474967907,0.0,0.3523755622268214,1.0561191930584917,2.075937476469529,0.7047511244536429,1.0561191930584917,1.3839583176463526,0.0016012810248198558,0.7750642673521851,1.0,82.5,100.0,2267,0,0,1,0,0,4.411116012351125E-4,0.0,0.0,0.5,0.2,0.2,0.5,20.0,20.0,45.0,0.4,0.1,0.1,0.5,20.0,20.0,35.0,686,668,0,668,0.0,1.0591828372948444,1.0,1.0591828372948444,535,0.8008982035928144,0.9737609329446064,0
"iteration_1","SCOPE_DATA_COLLECTION",200,58,3550.0,3617.1337546086816,2,1251,781,235,1263,759,276,1249,778,239,0,1,0,0.0,0.0012836970474967907,0.0,0.3523755622268214,1.0561191930584917,2.075937476469529,0.7047511244536429,1.0561191930584917,1.3839583176463526,0.0016012810248198558,0.7750642673521851,1.0,82.5,100.0,2267,0,0,1,0,0,4.411116012351125E-4,0.0,0.0,0.5,0.2,0.2,0.5,20.0,20.0,45.0,0.4,0.1,0.1,0.5,20.0,20.0,35.0,223,211,0,211,0.0,2.058850312874741,1.5,1.3725668752498272,211,1.0,0.9461883408071748,0
"iteration_1","SCOPE_DATA_COLLECTION",300,0,70.0,130.0,0,1751,1129,387,0,0,0,1737,1107,369,0,1,1,0.0,9.025270758122744E-4,0.002702702702702703,0.34902702489966936,1.0008052381089614,1.949903499457217,0.6980540497993387,1.0008052381089614,1.2999356663048114,0.028785261945883708,0.7028003613369467,0.9295392953929539,100.0,100.0,3056,134,77,2,0,0,6.544502617801048E-4,0.0,0.0,0.6,0.5,0.7,0.4,85.0,80.0,90.0,0.35000000000000003,0.30000000000000004,0.6000000000000001,0.6000000000000001,30.0,75.0,95.0,1977,1975,2,1977,0.0010116337885685382,0.34844101097582514,0.5,0.6968820219516503,54,0.027341772151898733,1.0,1
"iteration_1","SCOPE_DATA_COLLECTION",300,0,70.0,130.0,1,1751,1129,387,0,0,0,1737,1107,369,0,1,1,0.0,9.025270758122744E-4,0.002702702702702703,0.34902702489966936,1.0008052381089614,1.949903499457217,0.6980540497993387,1.0008052381089614,1.2999356663048114,0.028785261945883708,0.7028003613369467,0.9295392953929539,100.0,100.0,3056,134,77,2,0,0,6.544502617801048E-4,0.0,0.0,0.6,0.5,0.7,0.4,85.0,80.0,90.0,0.35000000000000003,0.30000000000000004,0.6000000000000001,0.6000000000000001,30.0,75.0,95.0,1171,1170,1,1171,8.539709649871904E-4,1.0230850996942973,1.0,1.0230850996942973,878,0.7504273504273504,1.0,1
"iteration_1","SCOPE_DATA_COLLECTION",300,0,70.0,130.0,2,1751,1129,387,0,0,0,1737,1107,369,0,1,1,0.0,9.025270758122744E-4,0.002702702702702703,0.34902702489966936,1.0008052381089614,1.949903499457217,0.6980540497993387,1.0008052381089614,1.2999356663048114,0.028785261945883708,0.7028003613369467,0.9295392953929539,100.0,100.0,3056,134,77,2,0,0,6.544502617801048E-4,0.0,0.0,0.6,0.5,0.7,0.4,85.0,80.0,90.0,0.35000000000000003,0.30000000000000004,0.6000000000000001,0.6000000000000001,30.0,75.0,95.0,415,415,0,415,0.0,1.9259926148673254,1.5,1.2839950765782169,381,0.9180722891566265,1.0,1
"iteration_1","SCOPE_DATA_COLLECTION",300,1,130.0,190.0,0,1977,1171,415,1751,1129,387,1977,1181,418,2,1,0,0.001010611419909045,8.460236886632825E-4,0.0,0.34820064877469264,1.0218589192714127,1.9296818790759545,0.6964012975493853,1.0218589192714127,1.2864545860506362,0.027314112291350532,0.7476714648602879,0.9186602870813397,70.0,100.0,3339,84,140,3,0,0,8.984725965858042E-4,0.0,0.0,0.35000000000000003,0.30000000000000004,0.6000000000000001,0.6000000000000001,30.0,75.0,95.0,0.5,0.30000000000000004,0.9,0.5,25.0,20.0,60.0,1861,1861,0,1861,0.0,0.3532024699919859,0.5,0.7064049399839718,64,0.03439011284255777,1.0,1
"iteration_1","SCOPE_DATA_COLLECTION",300,1,130.0,190.0,1,1977,1171,415,1751,1129,387,1977,1181,418,2,1,0,0.001010611419909045,8.460236886632825E-4,0.0,0.34820064877469264,1.0218589192714127,1.9296818790759545,0.6964012975493853,1.0218589192714127,1.2864545860506362,0.027314112291350532,0.7476714648602879,0.9186602870813397,70.0,100.0,3339,84,140,3,0,0,8.984725965858042E-4,0.0,0.0,0.35000000000000003,0.30000000000000004,0.6000000000000001,0.6000000000000001,30.0,75.0,95.0,0.5,0.30000000000000004,0.9,0.5,25.0,20.0,60.0,1203,1203,0,1203,0.0,1.0219380453791895,1.0,1.0219380453791895,898,0.7464671654197839,1.0,1
"iteration_1","SCOPE_DATA_COLLECTION",300,1,130.0,190.0,2,1977,1171,415,1751,1129,387,1977,1181,418,2,1,0,0.001010611419909045,8.460236886632825E-4,0.0,0.34820064877469264,1.0218589192714127,1.9296818790759545,0.6964012975493853,1.0218589192714127,1.2864545860506362,0.027314112291350532,0.7476714648602879,0.9186602870813397,70.0,100.0,3339,84,140,3,0,0,8.984725965858042E-4,0.0,0.0,0.35000000000000003,0.30000000000000004,0.6000000000000001,0.6000000000000001,30.0,75.0,95.0,0.5,0.30000000000000004,0.9,0.5,25.0,20.0,60.0,423,422,1,423,0.002364066193853428,1.964929282193307,1.5,1.3099528547955381,396,0.9383886255924171,1.0,1
"iteration_1","SCOPE_DATA_COLLECTION",300,2,190.0,250.0,0,1861,1203,423,1977,1171,415,1860,1198,429,0,0,1,0.0,0.0,0.002325581395348837,0.3533392870905689,1.022135983170786,1.9659152085926919,0.7066785741811378,1.022135983170786,1.3106101390617946,0.034408602150537634,0.7479131886477463,0.9393939393939394,80.0,100.0,3275,115,97,1,0,0,3.053435114503817E-4,0.0,0.0,0.5,0.30000000000000004,0.9,0.5,25.0,20.0,60.0,0.6000000000000001,0.7000000000000001,0.5,0.8,90.0,50.0,90.0,1954,1954,0,1954,0.0,0.353992892201028,0.5,0.707985784402056,102,0.052200614124872056,1.0,1
"iteration_1","SCOPE_DATA_COLLECTION",300,2,190.0,250.0,1,1861,1203,423,1977,1171,415,1860,1198,429,0,0,1,0.0,0.0,0.002325581395348837,0.3533392870905689,1.022135983170786,1.9659152085926919,0.7066785741811378,1.022135983170786,1.3106101390617946,0.034408602150537634,0.7479131886477463,0.9393939393939394,80.0,100.0,3275,115,97,1,0,0,3.053435114503817E-4,0.0,0.0,0.5,0.30000000000000004,0.9,0.5,25.0,20.0,60.0,0.6000000000000001,0.7000000000000001,0.5,0.8,90.0,50.0,90.0,1153,1152,1,1153,8.673026886383347E-4,1.0215694119323813,1.0,1.0215694119323813,866,0.7517361111111112,1.0,1
"iteration_1","SCOPE_DATA_COLLECTION",300,2,190.0,250.0,2,1861,1203,423,1977,1171,415,1860,1198,429,0,0,1,0.0,0.0,0.002325581395348837,0.3533392870905689,1.022135983170786,1.9659152085926919,0.7066785741811378,1.022135983170786,1.3106101390617946,0.034408602150537634,0.7479131886477463,0.9393939393939394,80.0,100.0,3275,115,97,1,0,0,3.053435114503817E-4,0.0,0.0,0.5,0.30000000000000004,0.9,0.5,25.0,20.0,60.0,0.6000000000000001,0.7000000000000001,0.5,0.8,90.0,50.0,90.0,447,447,0,447,0.0,1.9672100633430938,1.5,1.3114733755620624,420,0.9395973154362416,1.0,1
"iteration_1","SCOPE_DATA_COLLECTION",300,3,250.0,310.0,0,1954,1153,447,1861,1203,423,1960,1150,427,0,1,0,0.0,8.688097306689834E-4,0.0,0.3539638048360989,1.0218066205434901,1.9606042228740657,0.7079276096721978,1.0218066205434901,1.3070694819160438,0.05153061224489796,0.7495652173913043,0.936768149882904,100.0,100.0,3301,152,101,1,0,0,3.029385034837928E-4,0.0,0.0,0.6000000000000001,0.7000000000000001,0.5,0.8,90.0,50.0,90.0,0.6000000000000001,0.8,0.4,0.7000000000000001,95.0,60.0,95.0,1858,1857,1,1858,5.382131324004305E-4,0.34692253332604733,0.5,0.6938450666520947,69,0.03715670436187399,1.0,1
"iteration_1","SCOPE_DATA_COLLECTION",300,3,250.0,310.0,1,1954,1153,447,1861,1203,423,1960,1150,427,0,1,0,0.0,8.688097306689834E-4,0.0,0.3539638048360989,1.0218066205434901,1.9606042228740657,0.7079276096721978,1.0218066205434901,1.3070694819160438,0.05153061224489796,0.7495652173913043,0.936768149882904,100.0,100.0,3301,152,101,1,0,0,3.029385034837928E-4,0.0,0.0,0.6000000000000001,0.7000000000000001,0.5,0.8,90.0,50.0,90.0,0.6000000000000001,0.8,0.4,0.7000000000000001,95.0,60.0,95.0,1211,1210,1,1211,8.257638315441783E-4,0.998201930913814,1.0,0.998201930913814,874,0.7223140495867768,1.0,1
"iteration_1","SCOPE_DATA_COLLECTION",300,3,250.0,310.0,2,1954,1153,447,1861,1203,423,1960,1150,427,0,1,0,0.0,8.688097306689834E-4,0.0,0.3539638048360989,1.0218066205434901,1.9606042228740657,0.7079276096721978,1.0218066205434901,1.3070694819160438,0.05153061224489796,0.7495652173913043,0.936768149882904,100.0,100.0,3301,152,101,1,0,0,3.029385034837928E-4,0.0,0.0,0.6000000000000001,0.7000000000000001,0.5,0.8,90.0,50.0,90.0,0.6000000000000001,0.8,0.4,0.7000000000000001,95.0,60.0,95.0,432,432,0,432,0.0,1.9137697801615434,1.5,1.2758465201076956,393,0.9097222222222222,1.0,1
"iteration_1","SCOPE_DATA_COLLECTION",300,4,310.0,370.0,0,1858,1211,432,1954,1153,447,1850,1202,440,1,1,0,5.402485143165856E-4,8.312551953449709E-4,0.0,0.3470814959843591,0.9980285921007908,1.9281096389149888,0.6941629919687182,0.9980285921007908,1.2854064259433258,0.0372972972972973,0.7229617304492513,0.9159090909090909,100.0,100.0,3206,168,127,2,0,0,6.238303181534623E-4,0.0,0.0,0.6000000000000001,0.8,0.4,0.7000000000000001,95.0,60.0,95.0,0.5,0.7000000000000001,0.5,0.6000000000000001,85.0,70.0,95.0,2035,2035,0,2035,0.0,0.34770152923328373,0.5,0.6954030584665675,91,0.04471744471744472,1.0,1
"iteration_1","SCOPE_DATA_COLLECTION",300,4,310.0,370.0,1,1858,1211,432,1954,1153,447,1850,1202,440,1,1,0,5.402485143165856E-4,8.312551953449709E-4,0.0,0.3470814959843591,0.9980285921007908,1.9281096389149888,0.6941629919687182,0.9980285921007908,1.2854064259433258,0.0372972972972973,0.7229617304492513,0.9159090909090909,100.0,100.0,3206,168,127,2,0,0,6.238303181534623E-4,0.0,0.0,0.6000000000000001,0.8,0.4,0.7000000000000001,95.0,60.0,95.0,0.5,0.7000000000000001,0.5,0.6000000000000001,85.0,70.0,95.0,1163,1160,3,1163,0.0025795356835769563,0.9897260159901456,1.0,0.9897260159901456,855,0.7370689655172413,1.0,1
"iteration_1","SCOPE_DATA_COLLECTION",300,4,310.0,370.0,2,1858,1211,432,1954,1153,447,1850,1202,440,1,1,0,5.402485143165856E-4,8.312551953449709E-4,0.0,0.3470814959843591,0.9980285921007908,1.9281096389149888,0.6941629919687182,0.9980285921007908,1.2854064259433258,0.0372972972972973,0.7229617304492513,0.9159090909090909,100.0,100.0,3206,168,127,2,0,0,6.238303181534623E-4,0.0,0.0,0.6000000000000001,0.8,0.4,0.7000000000000001,95.0,60.0,95.0,0.5,0.7000000000000001,0.5,0.6000000000000001,85.0,70.0,95.0,437,436,1,437,0.002288329519450801,1.927547169030203,1.5,1.2850314460201353,402,0.9220183486238532,1.0,1
"iteration_1","SCOPE_DATA_COLLECTION",300,5,370.0,430.0,0,2035,1163,437,1858,1211,432,2042,1163,438,0,3,1,0.0,0.002572898799313894,0.002277904328018223,0.34743724705898194,0.9895791948782655,1.9140384922009794,0.6948744941179639,0.9895791948782655,1.2760256614673195,0.04505386875612145,0.7360275150472915,0.9178082191780822,95.0,100.0,3326,151,158,4,0,0,0.0012026458208057728,0.0,0.0,0.5,0.7000000000000001,0.5,0.6000000000000001,85.0,70.0,95.0,0.6000000000000001,0.8,0.4,0.7000000000000001,95.0,70.0,95.0,1912,1910,2,1912,0.0010460251046025104,0.34563230154573216,0.5,0.6912646030914643,58,0.030366492146596858,1.0,1
"iteration_1","SCOPE_DATA_COLLECTION",300,5,370.0,430.0,1,2035,1163,437,1858,1211,432,2042,1163,438,0,3,1,0.0,0.002572898799313894,0.002277904328018223,0.34743724705898194,0.9895791948782655,1.9140384922009794,0.6948744941179639,0.9895791948782655,1.2760256614673195,0.04505386875612145,0.7360275150472915,0.9178082191780822,95.0,100.0,3326,151,158,4,0,0,0.0012026458208057728,0.0,0.0,0.5,0.7000000000000001,0.5,0.6000000000000001,85.0,70.0,95.0,0.6000000000000001,0.8,0.4,0.7000000000000001,95.0,70.0,95.0,1150,1148,2,1150,0.0017391304347826088,1.00418630245435,1.0,1.00418630245435,841,0.7325783972125436,1.0,1
"iteration_1","SCOPE_DATA_COLLECTION",300,5,370.0,430.0,2,2035,1163,437,1858,1211,432,2042,1163,438,0,3,1,0.0,0.002572898799313894,0.002277904328018223,0.34743724705898194,0.9895791948782655,1.9140384922009794,0.6948744941179639,0.9895791948782655,1.2760256614673195,0.04505386875612145,0.7360275150472915,0.9178082191780822,95.0,100.0,3326,151,158,4,0,0,0.0012026458208057728,0.0,0.0,0.5,0.7000000000000001,0.5,0.6000000000000001,85.0,70.0,95.0,0.6000000000000001,0.8,0.4,0.7000000000000001,95.0,70.0,95.0,422,422,0,422,0.0,1.9566495054170183,1.5,1.3044330036113456,395,0.9360189573459715,1.0,1
"iteration_1","SCOPE_DATA_COLLECTION",300,6,430.0,490.0,0,1912,1150,422,2035,1163,437,1904,1156,420,2,2,0,0.001049317943336831,0.0017271157167530224,0.0,0.34545389997966675,1.003765851311389,1.9609521770121046,0.6909077999593335,1.003765851311389,1.307301451341403,0.029936974789915968,0.7309688581314879,0.9357142857142857,87.5,100.0,3235,146,103,4,0,0,0.0012364760432766616,0.0,0.0,0.6000000000000001,0.8,0.4,0.7000000000000001,95.0,70.0,95.0,0.5,0.7000000000000001,0.30000000000000004,0.6000000000000001,95.0,70.0,95.0,1907,1907,0,1907,0.0,0.34618715101056907,0.5,0.6923743020211381,62,0.032511798636601995,1.0,1
"iteration_1","SCOPE_DATA_COLLECTION",300,6,430.0,490.0,1,1912,1150,422,2035,1163,437,1904,1156,420,2,2,0,0.001049317943336831,0.0017271157167530224,0.0,0.34545389997966675,1.003765851311389,1.9609521770121046,0.6909077999593335,1.003765851311389,1.307301451341403,0.029936974789915968,0.7309688581314879,0.9357142857142857,87.5,100.0,3235,146,103,4,0,0,0.0012364760432766616,0.0,0.0,0.6000000000000001,0.8,0.4,0.7000000000000001,95.0,70.0,95.0,0.5,0.7000000000000001,0.30000000000000004,0.6000000000000001,95.0,70.0,95.0,1154,1153,1,1154,8.665511265164644E-4,1.0177032163345963,1.0,1.0177032163345963,872,0.7562879444926279,1.0,1
"iteration_1","SCOPE_DATA_COLLECTION",300,6,430.0,490.0,2,1912,1150,422,2035,1163,437,1904,1156,420,2,2,0,0.001049317943336831,0.0017271157167530224,0.0,0.34545389997966675,1.003765851311389,1.9609521770121046,0.6909077999593335,1.003765851311389,1.307301451341403,0.029936974789915968,0.7309688581314879,0.9357142857142857,87.5,100.0,3235,146,103,4,0,0,0.0012364760432766616,0.0,0.0,0.6000000000000001,0.8,0.4,0.7000000000000001,95.0,70.0,95.0,0.5,0.7000000000000001,0.30000000000000004,0.6000000000000001,95.0,70.0,95.0,404,402,2,404,0.0049504950495049506,1.9531458456064374,1.5,1.3020972304042917,377,0.9378109452736318,1.0,1
"iteration_1","SCOPE_DATA_COLLECTION",300,7,490.0,550.0,0,1907,1154,404,1912,1150,422,1912,1139,409,0,1,2,0.0,8.771929824561404E-4,0.004866180048661801,0.346420320346742,1.0181274837916063,1.9608104418054435,0.692840640693484,1.0181274837916063,1.307206961203629,0.03294979079497908,0.7585601404741001,0.941320293398533,90.0,100.0,3238,103,124,3,0,0,9.264978381717109E-4,0.0,0.0,0.5,0.7000000000000001,0.30000000000000004,0.6000000000000001,95.0,70.0,95.0,0.6000000000000001,0.7000000000000001,0.4,0.5,95.0,80.0,95.0,1940,1939,1,1940,5.154639175257732E-4,0.3486443641088869,0.5,0.6972887282177738,60,0.030943785456420837,1.0,1
"iteration_1","SCOPE_DATA_COLLECTION",300,7,490.0,550.0,1,1907,1154,404,1912,1150,422,1912,1139,409,0,1,2,0.0,8.771929824561404E-4,0.004866180048661801,0.346420320346742,1.0181274837916063,1.9608104418054435,0.692840640693484,1.0181274837916063,1.307206961203629,0.03294979079497908,0.7585601404741001,0.941320293398533,90.0,100.0,3238,103,124,3,0,0,9.264978381717109E-4,0.0,0.0,0.5,0.7000000000000001,0.30000000000000004,0.6000000000000001,95.0,70.0,95.0,0.6000000000000001,0.7000000000000001,0.4,0.5,95.0,80.0,95.0,1190,1189,1,1190,8.403361344537816E-4,0.9965041750627054,1.0,0.9965041750627054,859,0.7224558452481077,1.0,1
"iteration_1","SCOPE_DATA_COLLECTION",300,7,490.0,550.0,2,1907,1154,404,1912,1150,422,1912,1139,409,0,1,2,0.0,8.771929824561404E-4,0.004866180048661801,0.346420320346742,1.0181274837916063,1.9608104418054435,0.692840640693484,1.0181274837916063,1.307206961203629,0.03294979079497908,0.7585601404741001,0.941320293398533,90.0,100.0,3238,103,124,3,0,0,9.264978381717109E-4,0.0,0.0,0.5,0.7000000000000001,0.30000000000000004,0.6000000000000001,95.0,70.0,95.0,0.6000000000000001,0.7000000000000001,0.4,0.5,95.0,80.0,95.0,405,405,0,405,0.0,1.9346137353748631,1.5,1.2897424902499088,374,0.9234567901234568,1.0,1
"iteration_1","SCOPE_DATA_COLLECTION",300,8,550.0,610.0,0,1940,1190,405,1907,1154,404,1936,1201,409,1,1,0,5.162622612287042E-4,8.319467554076539E-4,0.0,0.34869367075494184,0.996882962878821,1.9313887104488567,0.6973873415098837,0.996882962878821,1.2875924736325712,0.030991735537190084,0.7243963363863447,0.921760391198044,77.5,100.0,3273,158,104,2,0,0,6.110601894286587E-4,0.0,0.0,0.6000000000000001,0.7000000000000001,0.4,0.5,95.0,80.0,95.0,0.5,0.7000000000000001,0.30000000000000004,0.6000000000000001,95.0,70.0,95.0,1921,1919,2,1921,0.001041124414367517,0.3499933916451796,0.5,0.6999867832903592,63,0.03282959874934862,1.0,1
"iteration_1","SCOPE_DATA_COLLECTION",300,8,550.0,610.0,1,1940,1190,405,1907,1154,404,1936,1201,409,1,1,0,5.162622612287042E-4,8.319467554076539E-4,0.0,0.34869367075494184,0.996882962878821,1.9313887104488567,0.6973873415098837,0.996882962878821,1.2875924736325712,0.030991735537190084,0.7243963363863447,0.921760391198044,77.5,100.0,3273,158,104,2,0,0,6.110601894286587E-4,0.0,0.0,0.6000000000000001,0.7000000000000001,0.4,0.5,95.0,80.0,95.0,0.5,0.7000000000000001,0.30000000000000004,0.6000000000000001,95.0,70.0,95.0,1226,1225,1,1226,8.156606851549756E-4,0.9992919504585019,1.0,0.9992919504585019,901,0.7355102040816327,1.0,1
"iteration_1","SCOPE_DATA_COLLECTION",300,8,550.0,610.0,2,1940,1190,405,1907,1154,404,1936,1201,409,1,1,0,5.162622612287042E-4,8.319467554076539E-4,0.0,0.34869367075494184,0.996882962878821,1.9313887104488567,0.6973873415098837,0.996882962878821,1.2875924736325712,0.030991735537190084,0.7243963363863447,0.921760391198044,77.5,100.0,3273,158,104,2,0,0,6.110601894286587E-4,0.0,0.0,0.6000000000000001,0.7000000000000001,0.4,0.5,95.0,80.0,95.0,0.5,0.7000000000000001,0.30000000000000004,0.6000000000000001,95.0,70.0,95.0,401,400,1,401,0.0024937655860349127,1.9520934782983181,1.5,1.3013956521988788,373,0.9325,1.0,1
"iteration_1","SCOPE_DATA_COLLECTION",300,9,610.0,670.0,0,1921,1226,401,1940,1190,405,1918,1220,400,2,1,1,0.0010416666666666667,8.19000819000819E-4,0.0024937655860349127,0.3497613266357032,0.9983554270772439,1.951318428006434,0.6995226532714064,0.9983554270772439,1.3008789520042894,0.03180396246089677,0.7344262295081967,0.9325,85.0,100.0,3310,114,124,4,0,0,0.0012084592145015106,0.0,0.0,0.5,0.7000000000000001,0.30000000000000004,0.6000000000000001,95.0,70.0,95.0,0.5,0.7000000000000001,0.30000000000000004,0.7000000000000001,85.0,70.0,85.0,1894,1892,2,1894,0.0010559662090813093,0.34367312069913075,0.5,0.6873462413982615,45,0.023784355179704016,1.0,1
"iteration_1","SCOPE_DATA_COLLECTION",300,9,610.0,670.0,1,1921,1226,401,1940,1190,405,1918,1220,400,2,1,1,0.0010416666666666667,8.19000819000819E-4,0.0024937655860349127,0.3497613266357032,0.9983554270772439,1.951318428006434,0.6995226532714064,0.9983554270772439,1.3008789520042894,0.03180396246089677,0.7344262295081967,0.9325,85.0,100.0,3310,114,124,4,0,0,0.0012084592145015106,0.0,0.0,0.5,0.7000000000000001,0.30000000000000004,0.6000000000000001,95.0,70.0,95.0,0.5,0.7000000000000001,0.30000000000000004,0.7000000000000001,85.0,70.0,85.0,1191,1190,1,1191,8.396305625524769E-4,0.9942982126274017,1.0,0.9942982126274017,843,0.7084033613445379,1.0,1
"iteration_1","SCOPE_DATA_COLLECTION",300,9,610.0,670.0,2,1921,1226,401,1940,1190,405,1918,1220,400,2,1,1,0.0010416666666666667,8.19000819000819E-4,0.0024937655860349127,0.3497613266357032,0.9983554270772439,1.951318428006434,0.6995226532714064,0.9983554270772439,1.3008789520042894,0.03180396246089677,0.7344262295081967,0.9325,85.0,100.0,3310,114,124,4,0,0,0.0012084592145015106,0.0,0.0,0.5,0.7000000000000001,0.30000000000000004,0.6000000000000001,95.0,70.0,95.0,0.5,0.7000000000000001,0.30000000000000004,0.7000000000000001,85.0,70.0,85.0,412,411,1,412,0.0024271844660194173,1.9557885982256198,1.5,1.3038590654837465,384,0.9343065693430657,1.0,1
"iteration_1","SCOPE_DATA_COLLECTION",300,10,670.0,730.0,0,1894,1191,412,1921,1226,401,1896,1191,409,2,1,1,0.001053740779768177,8.389261744966443E-4,0.0024390243902439024,0.34378336859091235,0.9948864103496662,1.9529690888628959,0.6875667371818247,0.9948864103496662,1.3019793925752638,0.024789029535864978,0.709487825356843,0.9339853300733496,80.0,100.0,3239,119,139,4,0,0,0.001234949058351343,0.0,0.0,0.5,0.7000000000000001,0.30000000000000004,0.7000000000000001,85.0,70.0,85.0,0.6000000000000001,0.7000000000000001,0.2,0.7000000000000001,85.0,60.0,85.0,1947,1947,0,1947,0.0,0.35123538966360446,0.5,0.7024707793272089,64,0.03287108371854135,1.0,1
"iteration_1","SCOPE_DATA_COLLECTION",300,10,670.0,730.0,1,1894,1191,412,1921,1226,401,1896,1191,409,2,1,1,0.001053740779768177,8.389261744966443E-4,0.0024390243902439024,0.34378336859091235,0.9948864103496662,1.9529690888628959,0.6875667371818247,0.9948864103496662,1.3019793925752638,0.024789029535864978,0.709487825356843,0.9339853300733496,80.0,100.0,3239,119,139,4,0,0,0.001234949058351343,0.0,0.0,0.5,0.7000000000000001,0.30000000000000004,0.7000000000000001,85.0,70.0,85.0,0.6000000000000001,0.7000000000000001,0.2,0.7000000000000001,85.0,60.0,85.0,1092,1092,0,1092,0.0,1.0261330851483,1.0,1.0261330851483,830,0.76007326007326,1.0,1
"iteration_1","SCOPE_DATA_COLLECTION",300,10,670.0,730.0,2,1894,1191,412,1921,1226,401,1896,1191,409,2,1,1,0.001053740779768177,8.389261744966443E-4,0.0024390243902439024,0.34378336859091235,0.9948864103496662,1.9529690888628959,0.6875667371818247,0.9948864103496662,1.3019793925752638,0.024789029535864978,0.709487825356843,0.9339853300733496,80.0,100.0,3239,119,139,4,0,0,0.001234949058351343,0.0,0.0,0.5,0.7000000000000001,0.30000000000000004,0.7000000000000001,85.0,70.0,85.0,0.6000000000000001,0.7000000000000001,0.2,0.7000000000000001,85.0,60.0,85.0,426,426,0,426,0.0,1.9760789978223836,1.5,1.3173859985482557,404,0.9483568075117371,1.0,1
"iteration_1","SCOPE_DATA_COLLECTION",300,11,730.0,790.0,0,1947,1092,426,1894,1191,412,1942,1096,417,0,0,0,0.0,0.0,0.0,0.35110056005097307,1.0255011873962572,1.9736904186352013,0.7022011201019461,1.0255011873962572,1.3157936124234675,0.03244078269824923,0.7572992700729927,0.947242206235012,95.0,100.0,3273,110,82,0,0,0,0.0,0.0,0.0,0.6000000000000001,0.7000000000000001,0.2,0.7000000000000001,85.0,60.0,85.0,0.65,0.4,0.8,0.6000000000000001,80.0,85.0,80.0,1970,1969,1,1970,5.076142131979696E-4,0.34528316853833524,0.5,0.6905663370766705,56,0.028440832910106652,1.0,1
"iteration_1","SCOPE_DATA_COLLECTION",300,11,730.0,790.0,1,1947,1092,426,1894,1191,412,1942,1096,417,0,0,0,0.0,0.0,0.0,0.35110056005097307,1.0255011873962572,1.9736904186352013,0.7022011201019461,1.0255011873962572,1.3157936124234675,0.03244078269824923,0.7572992700729927,0.947242206235012,95.0,100.0,3273,110,82,0,0,0,0.0,0.0,0.0,0.6000000000000001,0.7000000000000001,0.2,0.7000000000000001,85.0,60.0,85.0,0.65,0.4,0.8,0.6000000000000001,80.0,85.0,80.0,1219,1217,2,1219,0.0016406890894175555,1.0144240951695884,1.0,1.0144240951695884,927,0.761709120788825,1.0,1
"iteration_1","SCOPE_DATA_COLLECTION",300,11,730.0,790.0,2,1947,1092,426,1894,1191,412,1942,1096,417,0,0,0,0.0,0.0,0.0,0.35110056005097307,1.0255011873962572,1.9736904186352013,0.7022011201019461,1.0255011873962572,1.3157936124234675,0.03244078269824923,0.7572992700729927,0.947242206235012,95.0,100.0,3273,110,82,0,0,0,0.0,0.0,0.0,0.6000000000000001,0.7000000000000001,0.2,0.7000000000000001,85.0,60.0,85.0,0.65,0.4,0.8,0.6000000000000001,80.0,85.0,80.0,396,395,1,396,0.0025252525252525255,1.9949690593755225,1.5,1.329979372917015,376,0.9518987341772152,1.0,1
"iteration_1","SCOPE_DATA_COLLECTION",300,12,790.0,850.0,0,1970,1219,396,1947,1092,426,1970,1216,404,1,2,1,5.073566717402334E-4,0.0016420361247947454,0.0024691358024691358,0.34530877365762674,1.015249100785604,1.9992449071193932,0.6906175473152535,1.015249100785604,1.3328299380795954,0.028934010152284265,0.7623355263157895,0.9529702970297029,80.0,100.0,3332,166,87,3,1,0,9.00360144057623E-4,0.006024096385542169,0.0,0.65,0.4,0.8,0.6000000000000001,80.0,85.0,80.0,0.55,0.6000000000000001,0.8,0.9,90.0,90.0,40.0,1918,1914,4,1918,0.0020855057351407717,0.3488228071256628,0.5,0.6976456142513257,71,0.03709508881922675,1.0,1
"iteration_1","SCOPE_DATA_COLLECTION",300,12,790.0,850.0,1,1970,1219,396,1947,1092,426,1970,1216,404,1,2,1,5.073566717402334E-4,0.0016420361247947454,0.0024691358024691358,0.34530877365762674,1.015249100785604,1.9992449071193932,0.6906175473152535,1.015249100785604,1.3328299380795954,0.028934010152284265,0.7623355263157895,0.9529702970297029,80.0,100.0,3332,166,87,3,1,0,9.00360144057623E-4,0.006024096385542169,0.0,0.65,0.4,0.8,0.6000000000000001,80.0,85.0,80.0,0.55,0.6000000000000001,0.8,0.9,90.0,90.0,40.0,1148,1147,1,1148,8.710801393728223E-4,1.0150427811103673,1.0,1.0150427811103673,848,0.7393199651264167,1.0,1
"iteration_1","SCOPE_DATA_COLLECTION",300,12,790.0,850.0,2,1970,1219,396,1947,1092,426,1970,1216,404,1,2,1,5.073566717402334E-4,0.0016420361247947454,0.0024691358024691358,0.34530877365762674,1.015249100785604,1.9992449071193932,0.6906175473152535,1.015249100785604,1.3328299380795954,0.028934010152284265,0.7623355263157895,0.9529702970297029,80.0,100.0,3332,166,87,3,1,0,9.00360144057623E-4,0.006024096385542169,0.0,0.65,0.4,0.8,0.6000000000000001,80.0,85.0,80.0,0.55,0.6000000000000001,0.8,0.9,90.0,90.0,40.0,387,387,0,387,0.0,1.9775041828012054,1.5,1.3183361218674703,367,0.9483204134366925,1.0,1
"iteration_1","SCOPE_DATA_COLLECTION",300,13,850.0,910.0,0,1918,1148,387,1970,1219,396,1917,1142,386,4,1,0,0.002082248828735034,8.748906386701663E-4,0.0,0.3489056782794259,1.0125732087778785,1.976644123068477,0.6978113565588518,1.0125732087778785,1.317762748712318,0.037037037037037035,0.7390542907180385,0.9481865284974094,87.5,100.0,3237,118,98,5,0,0,0.0015446400988569664,0.0,0.0,0.55,0.6000000000000001,0.8,0.9,90.0,90.0,40.0,0.15000000000000002,0.9,0.2,0.5,45.0,85.0,50.0,2013,2011,2,2013,9.935419771485345E-4,0.3390844571195754,0.5,0.6781689142391508,50,0.02486325211337643,1.0,1
"iteration_1","SCOPE_DATA_COLLECTION",300,13,850.0,910.0,1,1918,1148,387,1970,1219,396,1917,1142,386,4,1,0,0.002082248828735034,8.748906386701663E-4,0.0,0.3489056782794259,1.0125732087778785,1.976644123068477,0.6978113565588518,1.0125732087778785,1.317762748712318,0.037037037037037035,0.7390542907180385,0.9481865284974094,87.5,100.0,3237,118,98,5,0,0,0.0015446400988569664,0.0,0.0,0.55,0.6000000000000001,0.8,0.9,90.0,90.0,40.0,0.15000000000000002,0.9,0.2,0.5,45.0,85.0,50.0,1192,1191,1,1192,8.389261744966443E-4,1.0071591239560986,1.0,1.0071591239560986,886,0.7439126784214946,1.0,1
"iteration_1","SCOPE_DATA_COLLECTION",300,13,850.0,910.0,2,1918,1148,387,1970,1219,396,1917,1142,386,4,1,0,0.002082248828735034,8.748906386701663E-4,0.0,0.3489056782794259,1.0125732087778785,1.976644123068477,0.6978113565588518,1.0125732087778785,1.317762748712318,0.037037037037037035,0.7390542907180385,0.9481865284974094,87.5,100.0,3237,118,98,5,0,0,0.0015446400988569664,0.0,0.0,0.55,0.6000000000000001,0.8,0.9,90.0,90.0,40.0,0.15000000000000002,0.9,0.2,0.5,45.0,85.0,50.0,430,428,2,430,0.004651162790697674,1.9023527475547872,1.5,1.268235165036525,388,0.9065420560747663,1.0,1
"iteration_1","SCOPE_DATA_COLLECTION",300,14,910.0,970.0,0,2013,1192,430,1918,1148,387,2004,1194,421,2,1,2,9.970089730807576E-4,8.368200836820083E-4,0.004728132387706856,0.33885154597161216,1.0097181230720118,1.8987520902193997,0.6777030919432243,1.0097181230720118,1.265834726812933,0.02445109780439122,0.7453936348408711,0.9049881235154394,100.0,100.0,3331,43,261,5,0,0,0.0015010507355148605,0.0,0.0,0.15000000000000002,0.9,0.2,0.5,45.0,85.0,50.0,0.15000000000000002,0.9,0.1,0.5,35.0,95.0,40.0,1973,1973,0,1973,0.0,0.352741407742221,0.5,0.705482815484442,50,0.025342118601115054,1.0,1
"iteration_1","SCOPE_DATA_COLLECTION",300,14,910.0,970.0,1,2013,1192,430,1918,1148,387,2004,1194,421,2,1,2,9.970089730807576E-4,8.368200836820083E-4,0.004728132387706856,0.33885154597161216,1.0097181230720118,1.8987520902193997,0.6777030919432243,1.0097181230720118,1.265834726812933,0.02445109780439122,0.7453936348408711,0.9049881235154394,100.0,100.0,3331,43,261,5,0,0,0.0015010507355148605,0.0,0.0,0.15000000000000002,0.9,0.2,0.5,45.0,85.0,50.0,0.15000000000000002,0.9,0.1,0.5,35.0,95.0,40.0,1114,1114,0,1114,0.0,1.0201165184392202,1.0,1.0201165184392202,837,0.751346499102334,1.0,1
"iteration_1","SCOPE_DATA_COLLECTION",300,14,910.0,970.0,2,2013,1192,430,1918,1148,387,2004,1194,421,2,1,2,9.970089730807576E-4,8.368200836820083E-4,0.004728132387706856,0.33885154597161216,1.0097181230720118,1.8987520902193997,0.6777030919432243,1.0097181230720118,1.265834726812933,0.02445109780439122,0.7453936348408711,0.9049881235154394,100.0,100.0,3331,43,261,5,0,0,0.0015010507355148605,0.0,0.0,0.15000000000000002,0.9,0.2,0.5,45.0,85.0,50.0,0.15000000000000002,0.9,0.1,0.5,35.0,95.0,40.0,401,401,0,401,0.0,1.9562627939607593,1.5,1.3041751959738395,378,0.942643391521197,1.0,1
"iteration_1","SCOPE_DATA_COLLECTION",300,15,970.0,1030.0,0,1973,1114,401,2013,1192,430,1977,1112,410,0,0,0,0.0,0.0,0.0,0.3530724183557609,1.0198397420323968,1.9611789598818496,0.7061448367115218,1.0198397420323968,1.3074526399212332,0.025796661608497723,0.7526978417266187,0.9439024390243902,87.5,100.0,3314,31,143,0,0,0,0.0,0.0,0.0,0.15000000000000002,0.9,0.1,0.5,35.0,95.0,40.0,0.15000000000000002,0.8,0.1,0.6000000000000001,35.0,85.0,30.0,1925,1922,3,1925,0.0015584415584415584,0.34691161628553346,0.5,0.6938232325710669,31,0.016129032258064516,1.0,1
"iteration_1","SCOPE_DATA_COLLECTION",300,15,970.0,1030.0,1,1973,1114,401,2013,1192,430,1977,1112,410,0,0,0,0.0,0.0,0.0,0.3530724183557609,1.0198397420323968,1.9611789598818496,0.7061448367115218,1.0198397420323968,1.3074526399212332,0.025796661608497723,0.7526978417266187,0.9439024390243902,87.5,100.0,3314,31,143,0,0,0,0.0,0.0,0.0,0.15000000000000002,0.9,0.1,0.5,35.0,95.0,40.0,0.15000000000000002,0.8,0.1,0.6000000000000001,35.0,85.0,30.0,1147,1146,1,1147,8.718395815170009E-4,1.0084592504846484,1.0,1.0084592504846484,858,0.7486910994764397,1.0,1
"iteration_1","SCOPE_DATA_COLLECTION",300,15,970.0,1030.0,2,1973,1114,401,2013,1192,430,1977,1112,410,0,0,0,0.0,0.0,0.0,0.3530724183557609,1.0198397420323968,1.9611789598818496,0.7061448367115218,1.0198397420323968,1.3074526399212332,0.025796661608497723,0.7526978417266187,0.9439024390243902,87.5,100.0,3314,31,143,0,0,0,0.0,0.0,0.0,0.15000000000000002,0.9,0.1,0.5,35.0,95.0,40.0,0.15000000000000002,0.8,0.1,0.6000000000000001,35.0,85.0,30.0,431,431,0,431,0.0,1.932368559961968,1.5,1.288245706641312,400,0.9280742459396751,1.0,1
"iteration_1","SCOPE_DATA_COLLECTION",300,16,1030.0,1090.0,0,1925,1147,431,1973,1114,401,1919,1144,429,3,1,0,0.0015608740894901144,8.733624454148472E-4,0.0,0.3468014644871002,1.0082277782674813,1.931407445533613,0.6936029289742004,1.0082277782674813,1.2876049636890754,0.01615424700364773,0.7465034965034965,0.9277389277389277,92.5,100.0,3288,32,183,4,0,0,0.0012165450121654502,0.0,0.0,0.15000000000000002,0.8,0.1,0.6000000000000001,35.0,85.0,30.0,0.15000000000000002,0.9,0.1,0.6000000000000001,35.0,95.0,20.0,1910,1909,1,1910,5.235602094240838E-4,0.35254654984672884,0.5,0.7050930996934577,61,0.03195390256678889,1.0,1
"iteration_1","SCOPE_DATA_COLLECTION",300,16,1030.0,1090.0,1,1925,1147,431,1973,1114,401,1919,1144,429,3,1,0,0.0015608740894901144,8.733624454148472E-4,0.0,0.3468014644871002,1.0082277782674813,1.931407445533613,0.6936029289742004,1.0082277782674813,1.2876049636890754,0.01615424700364773,0.7465034965034965,0.9277389277389277,92.5,100.0,3288,32,183,4,0,0,0.0012165450121654502,0.0,0.0,0.15000000000000002,0.8,0.1,0.6000000000000001,35.0,85.0,30.0,0.15000000000000002,0.9,0.1,0.6000000000000001,35.0,95.0,20.0,1176,1176,0,1176,0.0,1.0130177993897485,1.0,1.0130177993897485,882,0.75,1.0,1
"iteration_1","SCOPE_DATA_COLLECTION",300,16,1030.0,1090.0,2,1925,1147,431,1973,1114,401,1919,1144,429,3,1,0,0.0015608740894901144,8.733624454148472E-4,0.0,0.3468014644871002,1.0082277782674813,1.931407445533613,0.6936029289742004,1.0082277782674813,1.2876049636890754,0.01615424700364773,0.7465034965034965,0.9277389277389277,92.5,100.0,3288,32,183,4,0,0,0.0012165450121654502,0.0,0.0,0.15000000000000002,0.8,0.1,0.6000000000000001,35.0,85.0,30.0,0.15000000000000002,0.9,0.1,0.6000000000000001,35.0,95.0,20.0,385,385,0,385,0.0,1.9822366215207268,1.5,1.3214910810138178,367,0.9532467532467532,1.0,1
"iteration_1","SCOPE_DATA_COLLECTION",300,17,1090.0,1150.0,0,1910,1176,385,1925,1147,431,1914,1174,384,1,0,0,5.221932114882506E-4,0.0,0.0,0.35236395738393567,1.012015015649641,1.9814251405655483,0.7047279147678713,1.012015015649641,1.3209500937103655,0.03134796238244514,0.7461669505962522,0.953125,95.0,100.0,3295,32,144,1,0,0,3.0349013657056146E-4,0.0,0.0,0.15000000000000002,0.9,0.1,0.6000000000000001,35.0,95.0,20.0,0.15000000000000002,0.5,0.9,0.30000000000000004,75.0,90.0,35.0,1889,1884,5,1889,0.0026469031233456856,0.34906994720015533,0.5,0.6981398944003107,73,0.038747346072186835,1.0,1
"iteration_1","SCOPE_DATA_COLLECTION",300,17,1090.0,1150.0,1,1910,1176,385,1925,1147,431,1914,1174,384,1,0,0,5.221932114882506E-4,0.0,0.0,0.35236395738393567,1.012015015649641,1.9814251405655483,0.7047279147678713,1.012015015649641,1.3209500937103655,0.03134796238244514,0.7461669505962522,0.953125,95.0,100.0,3295,32,144,1,0,0,3.0349013657056146E-4,0.0,0.0,0.15000000000000002,0.9,0.1,0.6000000000000001,35.0,95.0,20.0,0.15000000000000002,0.5,0.9,0.30000000000000004,75.0,90.0,35.0,1183,1183,0,1183,0.0,1.017064097870156,1.0,1.017064097870156,881,0.7447168216398986,1.0,1
"iteration_1","SCOPE_DATA_COLLECTION",300,17,1090.0,1150.0,2,1910,1176,385,1925,1147,431,1914,1174,384,1,0,0,5.221932114882506E-4,0.0,0.0,0.35236395738393567,1.012015015649641,1.9814251405655483,0.7047279147678713,1.012015015649641,1.3209500937103655,0.03134796238244514,0.7461669505962522,0.953125,95.0,100.0,3295,32,144,1,0,0,3.0349013657056146E-4,0.0,0.0,0.15000000000000002,0.9,0.1,0.6000000000000001,35.0,95.0,20.0,0.15000000000000002,0.5,0.9,0.30000000000000004,75.0,90.0,35.0,419,419,0,419,0.0,1.9332595984857017,1.5,1.2888397323238012,385,0.918854415274463,1.0,1
"iteration_1","SCOPE_DATA_COLLECTION",300,18,1150.0,1210.0,0,1889,1183,419,1910,1176,385,1883,1192,416,5,0,0,0.0026483050847457626,0.0,0.0,0.34932416038933056,1.0180989699980214,1.9314532346080568,0.6986483207786611,1.0180989699980214,1.2876354897387046,0.03929899097185342,0.7483221476510067,0.9182692307692307,90.0,100.0,3256,24,211,5,0,0,0.0015356265356265355,0.0,0.0,0.15000000000000002,0.5,0.9,0.30000000000000004,75.0,90.0,35.0,0.05,0.6000000000000001,0.9,0.30000000000000004,85.0,90.0,45.0,1861,1860,1,1861,5.373455131649651E-4,0.34578850151908697,0.5,0.6915770030381739,83,0.044623655913978495,1.0,1
"iteration_1","SCOPE_DATA_COLLECTION",300,18,1150.0,1210.0,1,1889,1183,419,1910,1176,385,1883,1192,416,5,0,0,0.0026483050847457626,0.0,0.0,0.34932416038933056,1.0180989699980214,1.9314532346080568,0.6986483207786611,1.0180989699980214,1.2876354897387046,0.03929899097185342,0.7483221476510067,0.9182692307692307,90.0,100.0,3256,24,211,5,0,0,0.0015356265356265355,0.0,0.0,0.15000000000000002,0.5,0.9,0.30000000000000004,75.0,90.0,35.0,0.05,0.6000000000000001,0.9,0.30000000000000004,85.0,90.0,45.0,1178,1178,0,1178,0.0,1.0110373163539872,1.0,1.0110373163539872,885,0.7512733446519525,1.0,1
"iteration_1","SCOPE_DATA_COLLECTION",300,18,1150.0,1210.0,2,1889,1183,419,1910,1176,385,1883,1192,416,5,0,0,0.0026483050847457626,0.0,0.0,0.34932416038933056,1.0180989699980214,1.9314532346080568,0.6986483207786611,1.0180989699980214,1.2876354897387046,0.03929899097185342,0.7483221476510067,0.9182692307692307,90.0,100.0,3256,24,211,5,0,0,0.0015356265356265355,0.0,0.0,0.15000000000000002,0.5,0.9,0.30000000000000004,75.0,90.0,35.0,0.05,0.6000000000000001,0.9,0.30000000000000004,85.0,90.0,45.0,463,463,0,463,0.0,1.9378842441262634,1.5,1.291922829417509,429,0.9265658747300216,1.0,1
"iteration_1","SCOPE_DATA_COLLECTION",300,19,1210.0,1270.0,0,1861,1178,463,1889,1183,419,1861,1178,459,1,0,0,5.370569280343716E-4,0.0,0.0,0.3456345982626294,1.011415586553034,1.940505739392366,0.6912691965252588,1.011415586553034,1.2936704929282439,0.043524986566362174,0.7546689303904923,0.9259259259259259,95.0,100.0,3221,18,263,1,0,0,3.104625892579944E-4,0.0,0.0,0.05,0.6000000000000001,0.9,0.30000000000000004,85.0,90.0,45.0,0.05,0.5,0.9,0.30000000000000004,95.0,90.0,35.0,1886,1883,3,1886,0.0015906680805938495,0.3448422126136721,0.5,0.6896844252273442,57,0.03027084439723845,1.0,1
"iteration_1","SCOPE_DATA_COLLECTION",300,19,1210.0,1270.0,1,1861,1178,463,1889,1183,419,1861,1178,459,1,0,0,5.370569280343716E-4,0.0,0.0,0.3456345982626294,1.011415586553034,1.940505739392366,0.6912691965252588,1.011415586553034,1.2936704929282439,0.043524986566362174,0.7546689303904923,0.9259259259259259,95.0,100.0,3221,18,263,1,0,0,3.104625892579944E-4,0.0,0.0,0.05,0.6000000000000001,0.9,0.30000000000000004,85.0,90.0,45.0,0.05,0.5,0.9,0.30000000000000004,95.0,90.0,35.0,1178,1178,0,1178,0.0,1.018004089012518,1.0,1.018004089012518,869,0.7376910016977929,1.0,1
"iteration_1","SCOPE_DATA_COLLECTION",300,19,1210.0,1270.0,2,1861,1178,463,1889,1183,419,1861,1178,459,1,0,0,5.370569280343716E-4,0.0,0.0,0.3456345982626294,1.011415586553034,1.940505739392366,0.6912691965252588,1.011415586553034,1.2936704929282439,0.043524986566362174,0.7546689303904923,0.9259259259259259,95.0,100.0,3221,18,263,1,0,0,3.104625892579944E-4,0.0,0.0,0.05,0.6000000000000001,0.9,0.30000000000000004,85.0,90.0,45.0,0.05,0.5,0.9,0.30000000000000004,95.0,90.0,35.0,399,399,0,399,0.0,1.8989940545694106,1.5,1.265996036379607,364,0.9122807017543859,1.0,1
"iteration_1","SCOPE_DATA_COLLECTION",300,20,1270.0,1330.0,0,1886,1178,399,1861,1178,463,1884,1175,406,3,0,0,0.001589825119236884,0.0,0.0,0.3449723784690936,1.0176344139693216,1.899081543756168,0.6899447569381872,1.0176344139693216,1.2660543625041119,0.03131634819532909,0.7353191489361702,0.9137931034482759,85.0,100.0,3225,9,229,3,0,0,9.302325581395349E-4,0.0,0.0,0.05,0.5,0.9,0.30000000000000004,95.0,90.0,35.0,0.25,0.8,0.6000000000000001,0.30000000000000004,60.0,95.0,55.0,1930,1930,0,1930,0.0,0.35026546984657175,0.5,0.7005309396931435,59,0.030569948186528497,1.0,1
"iteration_1","SCOPE_DATA_COLLECTION",300,20,1270.0,1330.0,1,1886,1178,399,1861,1178,463,1884,1175,406,3,0,0,0.001589825119236884,0.0,0.0,0.3449723784690936,1.0176344139693216,1.899081543756168,0.6899447569381872,1.0176344139693216,1.2660543625041119,0.03131634819532909,0.7353191489361702,0.9137931034482759,85.0,100.0,3225,9,229,3,0,0,9.302325581395349E-4,0.0,0.0,0.05,0.5,0.9,0.30000000000000004,95.0,90.0,35.0,0.25,0.8,0.6000000000000001,0.30000000000000004,60.0,95.0,55.0,1175,1173,2,1175,0.001702127659574468,1.0015114017675526,1.0,1.0015114017675526,863,0.7357203751065644,1.0,1
"iteration_1","SCOPE_DATA_COLLECTION",300,20,1270.0,1330.0,2,1886,1178,399,1861,1178,463,1884,1175,406,3,0,0,0.001589825119236884,0.0,0.0,0.3449723784690936,1.0176344139693216,1.899081543756168,0.6899447569381872,1.0176344139693216,1.2660543625041119,0.03131634819532909,0.7353191489361702,0.9137931034482759,85.0,100.0,3225,9,229,3,0,0,9.302325581395349E-4,0.0,0.0,0.05,0.5,0.9,0.30000000000000004,95.0,90.0,35.0,0.25,0.8,0.6000000000000001,0.30000000000000004,60.0,95.0,55.0,387,387,0,387,0.0,1.9215508828579826,1.5,1.2810339219053217,353,0.9121447028423773,1.0,1
"iteration_1","SCOPE_DATA_COLLECTION",300,21,1330.0,1390.0,0,1930,1175,387,1886,1178,399,1929,1176,383,0,2,0,0.0,0.001697792869269949,0.0,0.35026401226956017,1.0013356750450628,1.918144979197593,0.7005280245391203,1.0013356750450628,1.278763319465062,0.030585795749092794,0.7346938775510204,0.9112271540469974,90.0,100.0,3259,72,161,2,0,0,6.13685179502915E-4,0.0,0.0,0.25,0.8,0.6000000000000001,0.30000000000000004,60.0,95.0,55.0,0.25,0.8,0.6000000000000001,0.30000000000000004,60.0,95.0,55.0,1936,1936,0,1936,0.0,0.3505202720044988,0.5,0.7010405440089976,75,0.038739669421487606,1.0,1
"iteration_1","SCOPE_DATA_COLLECTION",300,21,1330.0,1390.0,1,1930,1175,387,1886,1178,399,1929,1176,383,0,2,0,0.0,0.001697792869269949,0.0,0.35026401226956017,1.0013356750450628,1.918144979197593,0.7005280245391203,1.0013356750450628,1.278763319465062,0.030585795749092794,0.7346938775510204,0.9112271540469974,90.0,100.0,3259,72,161,2,0,0,6.13685179502915E-4,0.0,0.0,0.25,0.8,0.6000000000000001,0.30000000000000004,60.0,95.0,55.0,0.25,0.8,0.6000000000000001,0.30000000000000004,60.0,95.0,55.0,1204,1203,1,1204,8.305647840531562E-4,1.0131383837734549,1.0,1.0131383837734549,893,0.742310889443059,1.0,1
"iteration_1","SCOPE_DATA_COLLECTION",300,21,1330.0,1390.0,2,1930,1175,387,1886,1178,399,1929,1176,383,0,2,0,0.0,0.001697792869269949,0.0,0.35026401226956017,1.0013356750450628,1.918144979197593,0.7005280245391203,1.0013356750450628,1.278763319465062,0.030585795749092794,0.7346938775510204,0.9112271540469974,90.0,100.0,3259,72,161,2,0,0,6.13685179502915E-4,0.0,0.0,0.25,0.8,0.6000000000000001,0.30000000000000004,60.0,95.0,55.0,0.25,0.8,0.6000000000000001,0.30000000000000004,60.0,95.0,55.0,392,392,0,392,0.0,1.9357069734072134,1.5,1.2904713156048089,363,0.9260204081632653,1.0,1
"iteration_1","SCOPE_DATA_COLLECTION",300,22,1390.0,1450.0,0,1936,1204,392,1930,1175,387,1938,1191,392,0,1,0,0.0,8.389261744966443E-4,0.0,0.35091241783919064,1.0132719887508246,1.9356638815899863,0.7018248356783813,1.0132719887508246,1.2904425877266574,0.03869969040247678,0.7405541561712846,0.9260204081632653,95.0,100.0,3294,65,173,1,0,0,3.0358227079538557E-4,0.0,0.0,0.25,0.8,0.6000000000000001,0.30000000000000004,60.0,95.0,55.0,0.35000000000000003,0.8,0.7000000000000001,0.30000000000000004,60.0,95.0,55.0,2002,2002,0,2002,0.0,0.3449959299293084,0.5,0.6899918598586168,96,0.04795204795204795,1.0,1
"iteration_1","SCOPE_DATA_COLLECTION",300,22,1390.0,1450.0,1,1936,1204,392,1930,1175,387,1938,1191,392,0,1,0,0.0,8.389261744966443E-4,0.0,0.35091241783919064,1.0132719887508246,1.9356638815899863,0.7018248356783813,1.0132719887508246,1.2904425877266574,0.03869969040247678,0.7405541561712846,0.9260204081632653,95.0,100.0,3294,65,173,1,0,0,3.0358227079538557E-4,0.0,0.0,0.25,0.8,0.6000000000000001,0.30000000000000004,60.0,95.0,55.0,0.35000000000000003,0.8,0.7000000000000001,0.30000000000000004,60.0,95.0,55.0,1208,1208,0,1208,0.0,0.9792086488047419,1.0,0.9792086488047419,863,0.7144039735099338,1.0,1
"iteration_1","SCOPE_DATA_COLLECTION",300,22,1390.0,1450.0,2,1936,1204,392,1930,1175,387,1938,1191,392,0,1,0,0.0,8.389261744966443E-4,0.0,0.35091241783919064,1.0132719887508246,1.9356638815899863,0.7018248356783813,1.0132719887508246,1.2904425877266574,0.03869969040247678,0.7405541561712846,0.9260204081632653,95.0,100.0,3294,65,173,1,0,0,3.0358227079538557E-4,0.0,0.0,0.25,0.8,0.6000000000000001,0.30000000000000004,60.0,95.0,55.0,0.35000000000000003,0.8,0.7000000000000001,0.30000000000000004,60.0,95.0,55.0,429,428,1,429,0.002331002331002331,1.9783144199417988,1.5,1.3188762799611993,405,0.9462616822429907,1.0,1
"iteration_1","SCOPE_DATA_COLLECTION",300,23,1450.0,1510.0,0,2002,1208,429,1936,1204,392,2000,1213,429,0,0,1,0.0,0.0,0.002325581395348837,0.34476302830186556,0.9786817711223866,1.9804285355541178,0.6895260566037311,0.9786817711223866,1.3202856903694118,0.048,0.7164056059356966,0.9463869463869464,95.0,100.0,3299,126,214,0,1,0,0.0,0.007936507936507936,0.0,0.35000000000000003,0.8,0.7000000000000001,0.30000000000000004,60.0,95.0,55.0,0.35000000000000003,0.7000000000000001,0.6000000000000001,0.4,70.0,95.0,45.0,1936,1934,2,1936,0.0010330578512396695,0.34197518786815895,0.5,0.6839503757363179,81,0.04188210961737332,1.0,1
"iteration_1","SCOPE_DATA_COLLECTION",300,23,1450.0,1510.0,1,2002,1208,429,1936,1204,392,2000,1213,429,0,0,1,0.0,0.0,0.002325581395348837,0.34476302830186556,0.9786817711223866,1.9804285355541178,0.6895260566037311,0.9786817711223866,1.3202856903694118,0.048,0.7164056059356966,0.9463869463869464,95.0,100.0,3299,126,214,0,1,0,0.0,0.007936507936507936,0.0,0.35000000000000003,0.8,0.7000000000000001,0.30000000000000004,60.0,95.0,55.0,0.35000000000000003,0.7000000000000001,0.6000000000000001,0.4,70.0,95.0,45.0,1253,1252,1,1253,7.980845969672786E-4,0.9940892726074455,1.0,0.9940892726074455,908,0.7252396166134185,1.0,1
"iteration_1","SCOPE_DATA_COLLECTION",300,23,1450.0,1510.0,2,2002,1208,429,1936,1204,392,2000,1213,429,0,0,1,0.0,0.0,0.002325581395348837,0.34476302830186556,0.9786817711223866,1.9804285355541178,0.6895260566037311,0.9786817711223866,1.3202856903694118,0.048,0.7164056059356966,0.9463869463869464,95.0,100.0,3299,126,214,0,1,0,0.0,0.007936507936507936,0.0,0.35000000000000003,0.8,0.7000000000000001,0.30000000000000004,60.0,95.0,55.0,0.35000000000000003,0.7000000000000001,0.6000000000000001,0.4,70.0,95.0,45.0,432,432,0,432,0.0,1.918719723242743,1.5,1.2791464821618288,393,0.9097222222222222,1.0,1
"iteration_1","SCOPE_DATA_COLLECTION",300,24,1510.0,1570.0,0,1936,1253,432,2002,1208,429,1925,1259,433,2,1,0,0.0010378827192527244,7.936507936507937E-4,0.0,0.34163422447886804,0.9945571079946998,1.9180986528677444,0.6832684489577361,0.9945571079946998,1.278732435245163,0.04103896103896104,0.7235901509134234,0.9099307159353349,100.0,100.0,3295,125,201,3,0,0,9.104704097116844E-4,0.0,0.0,0.35000000000000003,0.7000000000000001,0.6000000000000001,0.4,70.0,95.0,45.0,0.35000000000000003,0.30000000000000004,0.5,0.1,60.0,95.0,55.0,1881,1881,0,1881,0.0,0.35846623969710667,0.5,0.7169324793942133,92,0.04891015417331207,1.0,1
"iteration_1","SCOPE_DATA_COLLECTION",300,24,1510.0,1570.0,1,1936,1253,432,2002,1208,429,1925,1259,433,2,1,0,0.0010378827192527244,7.936507936507937E-4,0.0,0.34163422447886804,0.9945571079946998,1.9180986528677444,0.6832684489577361,0.9945571079946998,1.278732435245163,0.04103896103896104,0.7235901509134234,0.9099307159353349,100.0,100.0,3295,125,201,3,0,0,9.104704097116844E-4,0.0,0.0,0.35000000000000003,0.7000000000000001,0.6000000000000001,0.4,70.0,95.0,45.0,0.35000000000000003,0.30000000000000004,0.5,0.1,60.0,95.0,55.0,1179,1179,0,1179,0.0,1.017049275563121,1.0,1.017049275563121,895,0.7591178965224766,1.0,1
"iteration_1","SCOPE_DATA_COLLECTION",300,24,1510.0,1570.0,2,1936,1253,432,2002,1208,429,1925,1259,433,2,1,0,0.0010378827192527244,7.936507936507937E-4,0.0,0.34163422447886804,0.9945571079946998,1.9180986528677444,0.6832684489577361,0.9945571079946998,1.278732435245163,0.04103896103896104,0.7235901509134234,0.9099307159353349,100.0,100.0,3295,125,201,3,0,0,9.104704097116844E-4,0.0,0.0,0.35000000000000003,0.7000000000000001,0.6000000000000001,0.4,70.0,95.0,45.0,0.35000000000000003,0.30000000000000004,0.5,0.1,60.0,95.0,55.0,465,465,0,465,0.0,1.923114665343782,1.5,1.2820764435625214,426,0.9161290322580645,1.0,1
"iteration_1","SCOPE_DATA_COLLECTION",300,25,1570.0,1630.0,0,1881,1179,465,1936,1253,432,1890,1177,464,0,0,0,0.0,0.0,0.0,0.3580681670736978,1.017743682706064,1.922017683222307,0.7161363341473956,1.017743682706064,1.2813451221482046,0.04814814814814815,0.7638062871707731,0.915948275862069,87.5,100.0,3290,80,155,0,0,0,0.0,0.0,0.0,0.35000000000000003,0.30000000000000004,0.5,0.1,60.0,95.0,55.0,0.35000000000000003,0.2,0.6000000000000001,0.1,70.0,95.0,45.0,1927,1927,0,1927,0.0,0.3683945920525079,0.5,0.7367891841050158,136,0.07057602490918526,1.0,1
"iteration_1","SCOPE_DATA_COLLECTION",300,25,1570.0,1630.0,1,1881,1179,465,1936,1253,432,1890,1177,464,0,0,0,0.0,0.0,0.0,0.3580681670736978,1.017743682706064,1.922017683222307,0.7161363341473956,1.017743682706064,1.2813451221482046,0.04814814814814815,0.7638062871707731,0.915948275862069,87.5,100.0,3290,80,155,0,0,0,0.0,0.0,0.0,0.35000000000000003,0.30000000000000004,0.5,0.1,60.0,95.0,55.0,0.35000000000000003,0.2,0.6000000000000001,0.1,70.0,95.0,45.0,1129,1127,2,1129,0.001771479185119575,1.012434248737469,1.0,1.012434248737469,826,0.7329192546583851,1.0,1
"iteration_1","SCOPE_DATA_COLLECTION",300,25,1570.0,1630.0,2,1881,1179,465,1936,1253,432,1890,1177,464,0,0,0,0.0,0.0,0.0,0.3580681670736978,1.017743682706064,1.922017683222307,0.7161363341473956,1.017743682706064,1.2813451221482046,0.04814814814814815,0.7638062871707731,0.915948275862069,87.5,100.0,3290,80,155,0,0,0,0.0,0.0,0.0,0.35000000000000003,0.30000000000000004,0.5,0.1,60.0,95.0,55.0,0.35000000000000003,0.2,0.6000000000000001,0.1,70.0,95.0,45.0,482,482,0,482,0.0,1.9708132121915216,1.5,1.3138754747943477,453,0.9398340248962656,1.0,1
"iteration_1","SCOPE_DATA_COLLECTION",300,26,1630.0,1690.0,0,1927,1129,482,1881,1179,465,1922,1119,488,0,2,0,0.0,0.001784121320249777,0.0,0.36880709115549964,1.0116090240102316,1.9727467560508183,0.7376141823109993,1.0116090240102316,1.3151645040338789,0.07232049947970863,0.7283288650580876,0.9405737704918032,87.5,100.0,3322,74,142,2,0,0,6.020469596628537E-4,0.0,0.0,0.35000000000000003,0.2,0.6000000000000001,0.1,70.0,95.0,45.0,0.25,0.30000000000000004,0.6000000000000001,0.2,70.0,95.0,55.0,1906,1906,0,1906,0.0,0.3539649821952132,0.5,0.7079299643904264,62,0.03252885624344176,1.0,1
"iteration_1","SCOPE_DATA_COLLECTION",300,26,1630.0,1690.0,1,1927,1129,482,1881,1179,465,1922,1119,488,0,2,0,0.0,0.001784121320249777,0.0,0.36880709115549964,1.0116090240102316,1.9727467560508183,0.7376141823109993,1.0116090240102316,1.3151645040338789,0.07232049947970863,0.7283288650580876,0.9405737704918032,87.5,100.0,3322,74,142,2,0,0,6.020469596628537E-4,0.0,0.0,0.35000000000000003,0.2,0.6000000000000001,0.1,70.0,95.0,45.0,0.25,0.30000000000000004,0.6000000000000001,0.2,70.0,95.0,55.0,1208,1208,0,1208,0.0,1.023859470975106,1.0,1.023859470975106,940,0.7781456953642384,1.0,1
"iteration_1","SCOPE_DATA_COLLECTION",300,26,1630.0,1690.0,2,1927,1129,482,1881,1179,465,1922,1119,488,0,2,0,0.0,0.001784121320249777,0.0,0.36880709115549964,1.0116090240102316,1.9727467560508183,0.7376141823109993,1.0116090240102316,1.3151645040338789,0.07232049947970863,0.7283288650580876,0.9405737704918032,87.5,100.0,3322,74,142,2,0,0,6.020469596628537E-4,0.0,0.0,0.35000000000000003,0.2,0.6000000000000001,0.1,70.0,95.0,45.0,0.25,0.30000000000000004,0.6000000000000001,0.2,70.0,95.0,55.0,425,425,0,425,0.0,1.9310563485602839,1.5,1.2873708990401893,393,0.9247058823529412,1.0,1
"iteration_1","SCOPE_DATA_COLLECTION",300,27,1690.0,1750.0,0,1906,1208,425,1927,1129,482,1911,1211,421,0,0,0,0.0,0.0,0.0,0.3540756136086093,1.0238561938344748,1.929434610528928,0.7081512272172186,1.0238561938344748,1.2862897403526186,0.032443746729461015,0.7762180016515277,0.9239904988123515,90.0,100.0,3327,48,164,0,0,0,0.0,0.0,0.0,0.25,0.30000000000000004,0.6000000000000001,0.2,70.0,95.0,55.0,0.7000000000000001,0.5,0.8,0.7000000000000001,60.0,55.0,50.0,1920,1920,0,1920,0.0,0.34584790235686974,0.5,0.6916958047137395,63,0.0328125,1.0,1
"iteration_1","SCOPE_DATA_COLLECTION",300,27,1690.0,1750.0,1,1906,1208,425,1927,1129,482,1911,1211,421,0,0,0,0.0,0.0,0.0,0.3540756136086093,1.0238561938344748,1.929434610528928,0.7081512272172186,1.0238561938344748,1.2862897403526186,0.032443746729461015,0.7762180016515277,0.9239904988123515,90.0,100.0,3327,48,164,0,0,0,0.0,0.0,0.0,0.25,0.30000000000000004,0.6000000000000001,0.2,70.0,95.0,55.0,0.7000000000000001,0.5,0.8,0.7000000000000001,60.0,55.0,50.0,1155,1154,1,1155,8.658008658008658E-4,1.0113741894299795,1.0,1.0113741894299795,861,0.7461005199306759,1.0,1
"iteration_1","SCOPE_DATA_COLLECTION",300,27,1690.0,1750.0,2,1906,1208,425,1927,1129,482,1911,1211,421,0,0,0,0.0,0.0,0.0,0.3540756136086093,1.0238561938344748,1.929434610528928,0.7081512272172186,1.0238561938344748,1.2862897403526186,0.032443746729461015,0.7762180016515277,0.9239904988123515,90.0,100.0,3327,48,164,0,0,0,0.0,0.0,0.0,0.25,0.30000000000000004,0.6000000000000001,0.2,70.0,95.0,55.0,0.7000000000000001,0.5,0.8,0.7000000000000001,60.0,55.0,50.0,432,432,0,432,0.0,1.9783170596944404,1.5,1.3188780397962936,405,0.9375,1.0,1
"iteration_1","SCOPE_DATA_COLLECTION",300,28,1750.0,1810.0,0,1920,1155,432,1906,1208,425,1915,1166,430,0,1,0,0.0,8.56898029134533E-4,0.0,0.34578135332450627,1.0111083877329117,1.9762986188921727,0.6915627066490125,1.0111083877329117,1.3175324125947818,0.03289817232375979,0.7487135506003431,0.9372093023255814,80.0,100.0,3252,177,78,1,0,0,3.075030750307503E-4,0.0,0.0,0.7000000000000001,0.5,0.8,0.7000000000000001,60.0,55.0,50.0,0.7000000000000001,0.5,0.8,0.7000000000000001,60.0,55.0,50.0,2005,2002,3,2005,0.0014962593516209476,0.3458766751674951,0.5,0.6917533503349902,71,0.035464535464535464,1.0,1
"iteration_1","SCOPE_DATA_COLLECTION",300,28,1750.0,1810.0,1,1920,1155,432,1906,1208,425,1915,1166,430,0,1,0,0.0,8.56898029134533E-4,0.0,0.34578135332450627,1.0111083877329117,1.9762986188921727,0.6915627066490125,1.0111083877329117,1.3175324125947818,0.03289817232375979,0.7487135506003431,0.9372093023255814,80.0,100.0,3252,177,78,1,0,0,3.075030750307503E-4,0.0,0.0,0.7000000000000001,0.5,0.8,0.7000000000000001,60.0,55.0,50.0,0.7000000000000001,0.5,0.8,0.7000000000000001,60.0,55.0,50.0,1197,1196,1,1197,8.35421888053467E-4,1.014057529557829,1.0,1.014057529557829,885,0.7399665551839465,1.0,1
"iteration_1","SCOPE_DATA_COLLECTION",300,28,1750.0,1810.0,2,1920,1155,432,1906,1208,425,1915,1166,430,0,1,0,0.0,8.56898029134533E-4,0.0,0.34578135332450627,1.0111083877329117,1.9762986188921727,0.6915627066490125,1.0111083877329117,1.3175324125947818,0.03289817232375979,0.7487135506003431,0.9372093023255814,80.0,100.0,3252,177,78,1,0,0,3.075030750307503E-4,0.0,0.0,0.7000000000000001,0.5,0.8,0.7000000000000001,60.0,55.0,50.0,0.7000000000000001,0.5,0.8,0.7000000000000001,60.0,55.0,50.0,448,446,2,448,0.004464285714285714,1.9255596786127251,1.5,1.2837064524084834,406,0.9103139013452914,1.0,1
"iteration_1","SCOPE_DATA_COLLECTION",300,29,1810.0,1870.0,0,2005,1197,448,1920,1155,432,2004,1183,442,3,1,2,0.0014947683109118087,8.445945945945946E-4,0.0045045045045045045,0.34565128714894544,1.0120922281886924,1.9294666217152225,0.6913025742978909,1.0120922281886924,1.2863110811434817,0.03493013972055888,0.7379543533389687,0.9117647058823529,95.0,100.0,3354,220,76,6,0,0,0.0017889087656529517,0.0,0.0,0.7000000000000001,0.5,0.8,0.7000000000000001,60.0,55.0,50.0,0.6000000000000001,0.6000000000000001,0.9,0.6000000000000001,60.0,55.0,60.0,1917,1916,1,1917,5.216484089723526E-4,0.3451417233226209,0.5,0.6902834466452418,65,0.03392484342379958,1.0,1
"iteration_1","SCOPE_DATA_COLLECTION",300,29,1810.0,1870.0,1,2005,1197,448,1920,1155,432,2004,1183,442,3,1,2,0.0014947683109118087,8.445945945945946E-4,0.0045045045045045045,0.34565128714894544,1.0120922281886924,1.9294666217152225,0.6913025742978909,1.0120922281886924,1.2863110811434817,0.03493013972055888,0.7379543533389687,0.9117647058823529,95.0,100.0,3354,220,76,6,0,0,0.0017889087656529517,0.0,0.0,0.7000000000000001,0.5,0.8,0.7000000000000001,60.0,55.0,50.0,0.6000000000000001,0.6000000000000001,0.9,0.6000000000000001,60.0,55.0,60.0,1192,1192,0,1192,0.0,1.0048974124789707,1.0,1.0048974124789707,891,0.74748322147651,1.0,1
"iteration_1","SCOPE_DATA_COLLECTION",300,29,1810.0,1870.0,2,2005,1197,448,1920,1155,432,2004,1183,442,3,1,2,0.0014947683109118087,8.445945945945946E-4,0.0045045045045045045,0.34565128714894544,1.0120922281886924,1.9294666217152225,0.6913025742978909,1.0120922281886924,1.2863110811434817,0.03493013972055888,0.7379543533389687,0.9117647058823529,95.0,100.0,3354,220,76,6,0,0,0.0017889087656529517,0.0,0.0,0.7000000000000001,0.5,0.8,0.7000000000000001,60.0,55.0,50.0,0.6000000000000001,0.6000000000000001,0.9,0.6000000000000001,60.0,55.0,60.0,433,431,2,433,0.004618937644341801,1.9638239293444417,1.5,1.3092159528962946,407,0.9443155452436195,1.0,1
"iteration_1","SCOPE_DATA_COLLECTION",300,30,1870.0,1930.0,0,1917,1192,433,2005,1197,448,1919,1194,434,1,0,2,5.208333333333333E-4,0.0,0.0045871559633027525,0.3452282204630772,1.006905426462813,1.9616311698741051,0.6904564409261544,1.006905426462813,1.3077541132494035,0.03335070349140177,0.7479061976549414,0.9423963133640553,87.5,100.0,3273,155,114,3,0,0,9.165902841429881E-4,0.0,0.0,0.6000000000000001,0.6000000000000001,0.9,0.6000000000000001,60.0,55.0,60.0,0.2,0.30000000000000004,0.2,0.9,65.0,20.0,65.0,1924,1923,1,1924,5.197505197505198E-4,0.35558606325290504,0.5,0.7111721265058101,80,0.04160166406656266,1.0,1
"iteration_1","SCOPE_DATA_COLLECTION",300,30,1870.0,1930.0,1,1917,1192,433,2005,1197,448,1919,1194,434,1,0,2,5.208333333333333E-4,0.0,0.0045871559633027525,0.3452282204630772,1.006905426462813,1.9616311698741051,0.6904564409261544,1.006905426462813,1.3077541132494035,0.03335070349140177,0.7479061976549414,0.9423963133640553,87.5,100.0,3273,155,114,3,0,0,9.165902841429881E-4,0.0,0.0,0.6000000000000001,0.6000000000000001,0.9,0.6000000000000001,60.0,55.0,60.0,0.2,0.30000000000000004,0.2,0.9,65.0,20.0,65.0,1230,1228,2,1230,0.0016260162601626016,1.0193293487580972,1.0,1.0193293487580972,927,0.754885993485342,1.0,1
"iteration_1","SCOPE_DATA_COLLECTION",300,30,1870.0,1930.0,2,1917,1192,433,2005,1197,448,1919,1194,434,1,0,2,5.208333333333333E-4,0.0,0.0045871559633027525,0.3452282204630772,1.006905426462813,1.9616311698741051,0.6904564409261544,1.006905426462813,1.3077541132494035,0.03335070349140177,0.7479061976549414,0.9423963133640553,87.5,100.0,3273,155,114,3,0,0,9.165902841429881E-4,0.0,0.0,0.6000000000000001,0.6000000000000001,0.9,0.6000000000000001,60.0,55.0,60.0,0.2,0.30000000000000004,0.2,0.9,65.0,20.0,65.0,407,405,2,407,0.004914004914004914,1.9700695267298367,1.5,1.3133796844865577,382,0.9432098765432099,1.0,1
"iteration_1","SCOPE_DATA_COLLECTION",300,31,1930.0,1990.0,0,1924,1230,407,1917,1192,433,1926,1233,397,1,2,2,5.189413596263622E-4,0.0016194331983805667,0.005012531328320802,0.35582793428457604,1.0197735687302012,1.9631634276857561,0.7116558685691521,1.0197735687302012,1.3087756184571708,0.04257528556593977,0.7575020275750203,0.9420654911838791,92.5,100.0,3351,38,172,5,0,0,0.0014920919128618322,0.0,0.0,0.2,0.30000000000000004,0.2,0.9,65.0,20.0,65.0,0.30000000000000004,0.2,0.30000000000000004,0.9,55.0,30.0,55.0,1843,1843,0,1843,0.0,0.3656878147491685,0.5,0.731375629498337,96,0.05208898534997287,1.0,1
"iteration_1","SCOPE_DATA_COLLECTION",300,31,1930.0,1990.0,1,1924,1230,407,1917,1192,433,1926,1233,397,1,2,2,5.189413596263622E-4,0.0016194331983805667,0.005012531328320802,0.35582793428457604,1.0197735687302012,1.9631634276857561,0.7116558685691521,1.0197735687302012,1.3087756184571708,0.04257528556593977,0.7575020275750203,0.9420654911838791,92.5,100.0,3351,38,172,5,0,0,0.0014920919128618322,0.0,0.0,0.2,0.30000000000000004,0.2,0.9,65.0,20.0,65.0,0.30000000000000004,0.2,0.30000000000000004,0.9,55.0,30.0,55.0,1186,1183,3,1186,0.002529510961214165,1.013989022106351,1.0,1.013989022106351,895,0.7565511411665258,1.0,1
"iteration_1","SCOPE_DATA_COLLECTION",300,31,1930.0,1990.0,2,1924,1230,407,1917,1192,433,1926,1233,397,1,2,2,5.189413596263622E-4,0.0016194331983805667,0.005012531328320802,0.35582793428457604,1.0197735687302012,1.9631634276857561,0.7116558685691521,1.0197735687302012,1.3087756184571708,0.04257528556593977,0.7575020275750203,0.9420654911838791,92.5,100.0,3351,38,172,5,0,0,0.0014920919128618322,0.0,0.0,0.2,0.30000000000000004,0.2,0.9,65.0,20.0,65.0,0.30000000000000004,0.2,0.30000000000000004,0.9,55.0,30.0,55.0,445,444,1,445,0.0022471910112359553,1.97112452250648,1.5,1.31408301500432,419,0.9436936936936937,1.0,1
"iteration_1","SCOPE_DATA_COLLECTION",300,32,1990.0,2050.0,0,1843,1186,445,1924,1230,407,1837,1182,453,0,3,1,0.0,0.002531645569620253,0.0022026431718061676,0.3654553663296825,1.0138240279000645,1.9775129108210157,0.730910732659365,1.0138240279000645,1.3183419405473438,0.05117038649972782,0.7538071065989848,0.9448123620309051,92.5,100.0,3284,61,129,4,0,0,0.001218026796589525,0.0,0.0,0.30000000000000004,0.2,0.30000000000000004,0.9,55.0,30.0,55.0,0.30000000000000004,0.2,0.30000000000000004,0.9,55.0,30.0,55.0,1838,1837,1,1838,5.44069640914037E-4,0.35997099441648833,0.5,0.7199419888329767,49,0.026673924877517692,1.0,1
"iteration_1","SCOPE_DATA_COLLECTION",300,32,1990.0,2050.0,1,1843,1186,445,1924,1230,407,1837,1182,453,0,3,1,0.0,0.002531645569620253,0.0022026431718061676,0.3654553663296825,1.0138240279000645,1.9775129108210157,0.730910732659365,1.0138240279000645,1.3183419405473438,0.05117038649972782,0.7538071065989848,0.9448123620309051,92.5,100.0,3284,61,129,4,0,0,0.001218026796589525,0.0,0.0,0.30000000000000004,0.2,0.30000000000000004,0.9,55.0,30.0,55.0,0.30000000000000004,0.2,0.30000000000000004,0.9,55.0,30.0,55.0,1187,1186,1,1187,8.424599831508003E-4,1.0229023178509522,1.0,1.0229023178509522,905,0.7630691399662732,1.0,1
"iteration_1","SCOPE_DATA_COLLECTION",300,32,1990.0,2050.0,2,1843,1186,445,1924,1230,407,1837,1182,453,0,3,1,0.0,0.002531645569620253,0.0022026431718061676,0.3654553663296825,1.0138240279000645,1.9775129108210157,0.730910732659365,1.0138240279000645,1.3183419405473438,0.05117038649972782,0.7538071065989848,0.9448123620309051,92.5,100.0,3284,61,129,4,0,0,0.001218026796589525,0.0,0.0,0.30000000000000004,0.2,0.30000000000000004,0.9,55.0,30.0,55.0,0.30000000000000004,0.2,0.30000000000000004,0.9,55.0,30.0,55.0,379,379,0,379,0.0,1.9967509882675853,1.5,1.3311673255117236,364,0.9604221635883905,1.0,1
"iteration_1","SCOPE_DATA_COLLECTION",300,33,2050.0,2110.0,0,1838,1187,379,1843,1186,445,1839,1188,382,1,1,0,5.434782608695652E-4,8.410428931875525E-4,0.0,0.3602761170573336,1.0233858438106198,1.996269010848167,0.7205522341146672,1.0233858438106198,1.3308460072321113,0.02773246329526917,0.7643097643097643,0.9607329842931938,87.5,100.0,3273,30,101,2,0,0,6.110601894286587E-4,0.0,0.0,0.30000000000000004,0.2,0.30000000000000004,0.9,55.0,30.0,55.0,0.30000000000000004,0.2,0.30000000000000004,0.9,55.0,30.0,55.0,1937,1935,2,1937,0.0010325245224574084,0.35673076684306815,0.5,0.7134615336861363,79,0.04082687338501292,1.0,1
"iteration_1","SCOPE_DATA_COLLECTION",300,33,2050.0,2110.0,1,1838,1187,379,1843,1186,445,1839,1188,382,1,1,0,5.434782608695652E-4,8.410428931875525E-4,0.0,0.3602761170573336,1.0233858438106198,1.996269010848167,0.7205522341146672,1.0233858438106198,1.3308460072321113,0.02773246329526917,0.7643097643097643,0.9607329842931938,87.5,100.0,3273,30,101,2,0,0,6.110601894286587E-4,0.0,0.0,0.30000000000000004,0.2,0.30000000000000004,0.9,55.0,30.0,55.0,0.30000000000000004,0.2,0.30000000000000004,0.9,55.0,30.0,55.0,1261,1261,0,1261,0.0,1.0176476241502834,1.0,1.0176476241502834,957,0.7589214908802537,1.0,1
"iteration_1","SCOPE_DATA_COLLECTION",300,33,2050.0,2110.0,2,1838,1187,379,1843,1186,445,1839,1188,382,1,1,0,5.434782608695652E-4,8.410428931875525E-4,0.0,0.3602761170573336,1.0233858438106198,1.996269010848167,0.7205522341146672,1.0233858438106198,1.3308460072321113,0.02773246329526917,0.7643097643097643,0.9607329842931938,87.5,100.0,3273,30,101,2,0,0,6.110601894286587E-4,0.0,0.0,0.30000000000000004,0.2,0.30000000000000004,0.9,55.0,30.0,55.0,0.30000000000000004,0.2,0.30000000000000004,0.9,55.0,30.0,55.0,406,406,0,406,0.0,1.9458464241964004,1.5,1.2972309494642669,378,0.9310344827586207,1.0,1
"iteration_1","SCOPE_DATA_COLLECTION",300,34,2110.0,2170.0,0,1937,1261,406,1838,1187,379,1938,1250,407,2,0,0,0.0010309278350515464,0.0,0.0,0.3566640908843008,1.0167279594382008,1.9463053608367034,0.7133281817686016,1.0167279594382008,1.297536907224469,0.04076367389060888,0.7576,0.9312039312039312,97.5,100.0,3383,56,165,2,0,0,5.911912503694946E-4,0.0,0.0,0.30000000000000004,0.2,0.30000000000000004,0.9,55.0,30.0,55.0,0.75,0.30000000000000004,0.5,0.7000000000000001,80.0,45.0,20.0,1945,1943,2,1945,0.0010282776349614395,0.3491210810047529,0.5,0.6982421620095058,76,0.0391147709727226,1.0,1
"iteration_1","SCOPE_DATA_COLLECTION",300,34,2110.0,2170.0,1,1937,1261,406,1838,1187,379,1938,1250,407,2,0,0,0.0010309278350515464,0.0,0.0,0.3566640908843008,1.0167279594382008,1.9463053608367034,0.7133281817686016,1.0167279594382008,1.297536907224469,0.04076367389060888,0.7576,0.9312039312039312,97.5,100.0,3383,56,165,2,0,0,5.911912503694946E-4,0.0,0.0,0.30000000000000004,0.2,0.30000000000000004,0.9,55.0,30.0,55.0,0.75,0.30000000000000004,0.5,0.7000000000000001,80.0,45.0,20.0,1167,1167,0,1167,0.0,1.0033814971487878,1.0,1.0033814971487878,866,0.7420736932305055,1.0,1
"iteration_1","SCOPE_DATA_COLLECTION",300,34,2110.0,2170.0,2,1937,1261,406,1838,1187,379,1938,1250,407,2,0,0,0.0010309278350515464,0.0,0.0,0.3566640908843008,1.0167279594382008,1.9463053608367034,0.7133281817686016,1.0167279594382008,1.297536907224469,0.04076367389060888,0.7576,0.9312039312039312,97.5,100.0,3383,56,165,2,0,0,5.911912503694946E-4,0.0,0.0,0.30000000000000004,0.2,0.30000000000000004,0.9,55.0,30.0,55.0,0.75,0.30000000000000004,0.5,0.7000000000000001,80.0,45.0,20.0,453,453,0,453,0.0,1.955100361780534,1.5,1.3034002411870227,420,0.9271523178807947,1.0,1
"iteration_1","SCOPE_DATA_COLLECTION",300,35,2170.0,2230.0,0,1945,1167,453,1937,1261,406,1944,1176,453,2,0,0,0.0010277492291880781,0.0,0.0,0.34915334781774343,1.0045266420622774,1.955640364072819,0.6983066956354869,1.0045266420622774,1.3037602427152126,0.03909465020576132,0.7465986394557823,0.9271523178807947,82.5,100.0,3268,233,64,2,0,0,6.119951040391676E-4,0.0,0.0,0.75,0.30000000000000004,0.5,0.7000000000000001,80.0,45.0,20.0,0.35000000000000003,0.2,0.5,0.2,25.0,60.0,80.0,1999,1999,0,1999,0.0,0.3664333415539019,0.5,0.7328666831078038,110,0.05502751375687844,1.0,1
"iteration_1","SCOPE_DATA_COLLECTION",300,35,2170.0,2230.0,1,1945,1167,453,1937,1261,406,1944,1176,453,2,0,0,0.0010277492291880781,0.0,0.0,0.34915334781774343,1.0045266420622774,1.955640364072819,0.6983066956354869,1.0045266420622774,1.3037602427152126,0.03909465020576132,0.7465986394557823,0.9271523178807947,82.5,100.0,3268,233,64,2,0,0,6.119951040391676E-4,0.0,0.0,0.75,0.30000000000000004,0.5,0.7000000000000001,80.0,45.0,20.0,0.35000000000000003,0.2,0.5,0.2,25.0,60.0,80.0,1113,1111,2,1113,0.0017969451931716084,1.0087784339827703,1.0,1.0087784339827703,818,0.7362736273627363,1.0,1
"iteration_1","SCOPE_DATA_COLLECTION",300,35,2170.0,2230.0,2,1945,1167,453,1937,1261,406,1944,1176,453,2,0,0,0.0010277492291880781,0.0,0.0,0.34915334781774343,1.0045266420622774,1.955640364072819,0.6983066956354869,1.0045266420622774,1.3037602427152126,0.03909465020576132,0.7465986394557823,0.9271523178807947,82.5,100.0,3268,233,64,2,0,0,6.119951040391676E-4,0.0,0.0,0.75,0.30000000000000004,0.5,0.7000000000000001,80.0,45.0,20.0,0.35000000000000003,0.2,0.5,0.2,25.0,60.0,80.0,441,441,0,441,0.0,1.988806664376821,1.5,1.3258711095845472,420,0.9523809523809523,1.0,1
"iteration_1","SCOPE_DATA_COLLECTION",300,36,2230.0,2290.0,0,1999,1113,441,1945,1167,453,1991,1118,436,0,2,0,0.0,0.0017857142857142857,0.0,0.36626626713386107,1.0085961364181395,1.985391869938378,0.7325325342677221,1.0085961364181395,1.3235945799589186,0.055248618784530384,0.7343470483005367,0.9518348623853211,85.0,100.0,3359,63,131,2,0,0,5.954153021732659E-4,0.0,0.0,0.35000000000000003,0.2,0.5,0.2,25.0,60.0,80.0,0.45,0.2,0.4,0.2,20.0,60.0,90.0,1891,1889,2,1891,0.0010576414595452142,0.3642361976801368,0.5,0.7284723953602736,96,0.05082053996823716,1.0,1
"iteration_1","SCOPE_DATA_COLLECTION",300,36,2230.0,2290.0,1,1999,1113,441,1945,1167,453,1991,1118,436,0,2,0,0.0,0.0017857142857142857,0.0,0.36626626713386107,1.0085961364181395,1.985391869938378,0.7325325342677221,1.0085961364181395,1.3235945799589186,0.055248618784530384,0.7343470483005367,0.9518348623853211,85.0,100.0,3359,63,131,2,0,0,5.954153021732659E-4,0.0,0.0,0.35000000000000003,0.2,0.5,0.2,25.0,60.0,80.0,0.45,0.2,0.4,0.2,20.0,60.0,90.0,1193,1193,0,1193,0.0,1.0150921994636275,1.0,1.0150921994636275,886,0.7426655490360435,1.0,1
"iteration_1","SCOPE_DATA_COLLECTION",300,36,2230.0,2290.0,2,1999,1113,441,1945,1167,453,1991,1118,436,0,2,0,0.0,0.0017857142857142857,0.0,0.36626626713386107,1.0085961364181395,1.985391869938378,0.7325325342677221,1.0085961364181395,1.3235945799589186,0.055248618784530384,0.7343470483005367,0.9518348623853211,85.0,100.0,3359,63,131,2,0,0,5.954153021732659E-4,0.0,0.0,0.35000000000000003,0.2,0.5,0.2,25.0,60.0,80.0,0.45,0.2,0.4,0.2,20.0,60.0,90.0,408,407,1,408,0.0024509803921568627,1.9748604666721437,1.5,1.3165736444480958,382,0.9385749385749386,1.0,1
"iteration_1","SCOPE_DATA_COLLECTION",300,37,2290.0,2350.0,0,1891,1193,408,1999,1113,441,1892,1181,409,2,0,1,0.0010559662090813093,0.0,0.0024390243902439024,0.3641495224372817,1.0131334005556958,1.9815646256499597,0.7282990448745634,1.0131334005556958,1.3210430837666398,0.0507399577167019,0.7417442845046571,0.941320293398533,92.5,100.0,3296,82,114,3,0,0,9.101941747572816E-4,0.0,0.0,0.45,0.2,0.4,0.2,20.0,60.0,90.0,0.65,0.1,0.8,0.30000000000000004,30.0,80.0,75.0,1968,1967,1,1968,5.081300813008131E-4,0.36878158095416935,0.5,0.7375631619083387,138,0.07015760040671072,1.0,1
"iteration_1","SCOPE_DATA_COLLECTION",300,37,2290.0,2350.0,1,1891,1193,408,1999,1113,441,1892,1181,409,2,0,1,0.0010559662090813093,0.0,0.0024390243902439024,0.3641495224372817,1.0131334005556958,1.9815646256499597,0.7282990448745634,1.0131334005556958,1.3210430837666398,0.0507399577167019,0.7417442845046571,0.941320293398533,92.5,100.0,3296,82,114,3,0,0,9.101941747572816E-4,0.0,0.0,0.45,0.2,0.4,0.2,20.0,60.0,90.0,0.65,0.1,0.8,0.30000000000000004,30.0,80.0,75.0,1247,1246,1,1247,8.019246190858059E-4,1.0117929805655723,1.0,1.0117929805655723,911,0.7311396468699839,1.0,1
"iteration_1","SCOPE_DATA_COLLECTION",300,37,2290.0,2350.0,2,1891,1193,408,1999,1113,441,1892,1181,409,2,0,1,0.0010559662090813093,0.0,0.0024390243902439024,0.3641495224372817,1.0131334005556958,1.9815646256499597,0.7282990448745634,1.0131334005556958,1.3210430837666398,0.0507399577167019,0.7417442845046571,0.941320293398533,92.5,100.0,3296,82,114,3,0,0,9.101941747572816E-4,0.0,0.0,0.45,0.2,0.4,0.2,20.0,60.0,90.0,0.65,0.1,0.8,0.30000000000000004,30.0,80.0,75.0,406,406,0,406,0.0,1.9598336392490494,1.5,1.3065557594993662,379,0.9334975369458128,1.0,1
"iteration_1","SCOPE_DATA_COLLECTION",300,38,2350.0,2410.0,0,1968,1247,406,1891,1193,408,1965,1247,408,1,1,0,5.08646998982706E-4,8.012820512820513E-4,0.0,0.36866833017824174,1.0133408360925875,1.9572484050916905,0.7373366603564835,1.0133408360925875,1.304832270061127,0.06870229007633588,0.7297514033680834,0.9313725490196079,95.0,100.0,3404,151,66,1,1,0,2.937720329024677E-4,0.006622516556291391,0.0,0.65,0.1,0.8,0.30000000000000004,30.0,80.0,75.0,0.55,0.1,0.9,0.2,30.0,80.0,85.0,1966,1966,0,1966,0.0,0.3769896845501632,0.5,0.7539793691003264,191,0.09715157680569685,1.0,1
"iteration_1","SCOPE_DATA_COLLECTION",300,38,2350.0,2410.0,1,1968,1247,406,1891,1193,408,1965,1247,408,1,1,0,5.08646998982706E-4,8.012820512820513E-4,0.0,0.36866833017824174,1.0133408360925875,1.9572484050916905,0.7373366603564835,1.0133408360925875,1.304832270061127,0.06870229007633588,0.7297514033680834,0.9313725490196079,95.0,100.0,3404,151,66,1,1,0,2.937720329024677E-4,0.006622516556291391,0.0,0.65,0.1,0.8,0.30000000000000004,30.0,80.0,75.0,0.55,0.1,0.9,0.2,30.0,80.0,85.0,1165,1164,1,1165,8.583690987124463E-4,1.008751703243165,1.0,1.008751703243165,869,0.7465635738831615,1.0,1
"iteration_1","SCOPE_DATA_COLLECTION",300,38,2350.0,2410.0,2,1968,1247,406,1891,1193,408,1965,1247,408,1,1,0,5.08646998982706E-4,8.012820512820513E-4,0.0,0.36866833017824174,1.0133408360925875,1.9572484050916905,0.7373366603564835,1.0133408360925875,1.304832270061127,0.06870229007633588,0.7297514033680834,0.9313725490196079,95.0,100.0,3404,151,66,1,1,0,2.937720329024677E-4,0.006622516556291391,0.0,0.65,0.1,0.8,0.30000000000000004,30.0,80.0,75.0,0.55,0.1,0.9,0.2,30.0,80.0,85.0,427,425,2,427,0.00468384074941452,1.9767867843813078,1.5,1.3178578562542052,404,0.9505882352941176,1.0,1
"iteration_1","SCOPE_DATA_COLLECTION",300,39,2410.0,2470.0,0,1966,1165,427,1968,1247,406,1966,1171,421,0,1,2,0.0,8.532423208191126E-4,0.004728132387706856,0.37718506502322885,1.0092105001130944,1.976399996672236,0.7543701300464577,1.0092105001130944,1.3175999977814907,0.09816887080366225,0.7497865072587532,0.9501187648456056,85.0,100.0,3350,118,90,3,0,0,8.955223880597015E-4,0.0,0.0,0.55,0.1,0.9,0.2,30.0,80.0,85.0,0.55,0.1,0.9,0.2,20.0,70.0,75.0,1895,1893,2,1895,0.0010554089709762533,0.38170277112276024,0.5,0.7634055422455205,176,0.09297411516111992,1.0,1
"iteration_1","SCOPE_DATA_COLLECTION",300,39,2410.0,2470.0,1,1966,1165,427,1968,1247,406,1966,1171,421,0,1,2,0.0,8.532423208191126E-4,0.004728132387706856,0.37718506502322885,1.0092105001130944,1.976399996672236,0.7543701300464577,1.0092105001130944,1.3175999977814907,0.09816887080366225,0.7497865072587532,0.9501187648456056,85.0,100.0,3350,118,90,3,0,0,8.955223880597015E-4,0.0,0.0,0.55,0.1,0.9,0.2,30.0,80.0,85.0,0.55,0.1,0.9,0.2,20.0,70.0,75.0,1122,1121,1,1122,8.9126559714795E-4,1.0365644192100394,1.0,1.0365644192100394,865,0.7716324710080286,1.0,1
"iteration_1","SCOPE_DATA_COLLECTION",300,39,2410.0,2470.0,2,1966,1165,427,1968,1247,406,1966,1171,421,0,1,2,0.0,8.532423208191126E-4,0.004728132387706856,0.37718506502322885,1.0092105001130944,1.976399996672236,0.7543701300464577,1.0092105001130944,1.3175999977814907,0.09816887080366225,0.7497865072587532,0.9501187648456056,85.0,100.0,3350,118,90,3,0,0,8.955223880597015E-4,0.0,0.0,0.55,0.1,0.9,0.2,30.0,80.0,85.0,0.55,0.1,0.9,0.2,20.0,70.0,75.0,443,443,0,443,0.0,1.9721370732004218,1.5,1.3147580488002812,419,0.945823927765237,1.0,1
"iteration_1","SCOPE_DATA_COLLECTION",300,40,2470.0,2530.0,0,1895,1122,443,1966,1165,427,1891,1107,442,2,1,0,0.0010565240359218173,9.025270758122744E-4,0.0,0.38154656858722613,1.037216246174202,1.9781500203770637,0.7630931371744523,1.037216246174202,1.3187666802513758,0.09095716552088842,0.7723577235772358,0.9502262443438914,97.5,100.0,3319,86,55,3,0,0,9.038867128653209E-4,0.0,0.0,0.55,0.1,0.9,0.2,20.0,70.0,75.0,0.65,0.1,0.9,0.30000000000000004,20.0,70.0,65.0,1893,1892,1,1893,5.282620179609086E-4,0.36856520707456314,0.5,0.7371304141491263,113,0.05972515856236787,1.0,1
"iteration_1","SCOPE_DATA_COLLECTION",300,40,2470.0,2530.0,1,1895,1122,443,1966,1165,427,1891,1107,442,2,1,0,0.0010565240359218173,9.025270758122744E-4,0.0,0.38154656858722613,1.037216246174202,1.9781500203770637,0.7630931371744523,1.037216246174202,1.3187666802513758,0.09095716552088842,0.7723577235772358,0.9502262443438914,97.5,100.0,3319,86,55,3,0,0,9.038867128653209E-4,0.0,0.0,0.55,0.1,0.9,0.2,20.0,70.0,75.0,0.65,0.1,0.9,0.30000000000000004,20.0,70.0,65.0,1121,1121,0,1121,0.0,1.0267389735141368,1.0,1.0267389735141368,849,0.7573595004460303,1.0,1
"iteration_1","SCOPE_DATA_COLLECTION",300,40,2470.0,2530.0,2,1895,1122,443,1966,1165,427,1891,1107,442,2,1,0,0.0010565240359218173,9.025270758122744E-4,0.0,0.38154656858722613,1.037216246174202,1.9781500203770637,0.7630931371744523,1.037216246174202,1.3187666802513758,0.09095716552088842,0.7723577235772358,0.9502262443438914,97.5,100.0,3319,86,55,3,0,0,9.038867128653209E-4,0.0,0.0,0.55,0.1,0.9,0.2,20.0,70.0,75.0,0.65,0.1,0.9,0.30000000000000004,20.0,70.0,65.0,446,446,0,446,0.0,1.9624656352533996,1.5,1.3083104235022665,420,0.9417040358744395,1.0,1
"iteration_1","SCOPE_DATA_COLLECTION",300,41,2530.0,2590.0,0,1893,1121,446,1895,1122,443,1898,1131,445,1,0,0,5.26592943654555E-4,0.0,0.0,0.36874523871430787,1.0246708829454838,1.954120566997561,0.7374904774286157,1.0246708829454838,1.3027470446650407,0.06217070600632244,0.7541998231653404,0.9370786516853933,87.5,100.0,3283,109,68,1,0,0,3.045994517209869E-4,0.0,0.0,0.65,0.1,0.9,0.30000000000000004,20.0,70.0,65.0,0.65,0.1,0.9,0.4,20.0,80.0,55.0,1937,1935,2,1937,0.0010325245224574084,0.3609936021867636,0.5,0.7219872043735271,122,0.06304909560723514,1.0,1
"iteration_1","SCOPE_DATA_COLLECTION",300,41,2530.0,2590.0,1,1893,1121,446,1895,1122,443,1898,1131,445,1,0,0,5.26592943654555E-4,0.0,0.0,0.36874523871430787,1.0246708829454838,1.954120566997561,0.7374904774286157,1.0246708829454838,1.3027470446650407,0.06217070600632244,0.7541998231653404,0.9370786516853933,87.5,100.0,3283,109,68,1,0,0,3.045994517209869E-4,0.0,0.0,0.65,0.1,0.9,0.30000000000000004,20.0,70.0,65.0,0.65,0.1,0.9,0.4,20.0,80.0,55.0,1167,1165,2,1167,0.001713796058269066,1.012424153992609,1.0,1.012424153992609,880,0.7553648068669528,1.0,1
"iteration_1","SCOPE_DATA_COLLECTION",300,41,2530.0,2590.0,2,1893,1121,446,1895,1122,443,1898,1131,445,1,0,0,5.26592943654555E-4,0.0,0.0,0.36874523871430787,1.0246708829454838,1.954120566997561,0.7374904774286157,1.0246708829454838,1.3027470446650407,0.06217070600632244,0.7541998231653404,0.9370786516853933,87.5,100.0,3283,109,68,1,0,0,3.045994517209869E-4,0.0,0.0,0.65,0.1,0.9,0.30000000000000004,20.0,70.0,65.0,0.65,0.1,0.9,0.4,20.0,80.0,55.0,436,436,0,436,0.0,1.9764013885350962,1.5,1.317600925690064,413,0.9472477064220184,1.0,1
"iteration_1","SCOPE_DATA_COLLECTION",300,42,2590.0,2650.0,0,1937,1167,436,1893,1121,446,1935,1162,439,2,2,0,0.0010325245224574084,0.001718213058419244,0.0,0.3610449851038118,1.0119254901807175,1.9774121613356985,0.7220899702076236,1.0119254901807175,1.318274774223799,0.06304909560723514,0.7538726333907056,0.9476082004555809,90.0,100.0,3294,171,75,4,0,0,0.0012143290831815423,0.0,0.0,0.65,0.1,0.9,0.4,20.0,80.0,55.0,0.55,0.2,0.8,0.5,30.0,90.0,65.0,1942,1942,0,1942,0.0,0.3538326974087752,0.5,0.7076653948175504,49,0.025231719876416064,1.0,1
"iteration_1","SCOPE_DATA_COLLECTION",300,42,2590.0,2650.0,1,1937,1167,436,1893,1121,446,1935,1162,439,2,2,0,0.0010325245224574084,0.001718213058419244,0.0,0.3610449851038118,1.0119254901807175,1.9774121613356985,0.7220899702076236,1.0119254901807175,1.318274774223799,0.06304909560723514,0.7538726333907056,0.9476082004555809,90.0,100.0,3294,171,75,4,0,0,0.0012143290831815423,0.0,0.0,0.65,0.1,0.9,0.4,20.0,80.0,55.0,0.55,0.2,0.8,0.5,30.0,90.0,65.0,1163,1163,0,1163,0.0,1.0161788360249662,1.0,1.0161788360249662,884,0.7601031814273431,1.0,1
"iteration_1","SCOPE_DATA_COLLECTION",300,42,2590.0,2650.0,2,1937,1167,436,1893,1121,446,1935,1162,439,2,2,0,0.0010325245224574084,0.001718213058419244,0.0,0.3610449851038118,1.0119254901807175,1.9774121613356985,0.7220899702076236,1.0119254901807175,1.318274774223799,0.06304909560723514,0.7538726333907056,0.9476082004555809,90.0,100.0,3294,171,75,4,0,0,0.0012143290831815423,0.0,0.0,0.65,0.1,0.9,0.4,20.0,80.0,55.0,0.55,0.2,0.8,0.5,30.0,90.0,65.0,400,400,0,400,0.0,1.9629830219456335,1.5,1.3086553479637557,378,0.945,1.0,1
"iteration_1","SCOPE_DATA_COLLECTION",300,43,2650.0,2710.0,0,1942,1163,400,1937,1167,436,1943,1168,400,0,0,0,0.0,0.0,0.0,0.3539387591070903,1.0181172195891592,1.9644075287770557,0.7078775182141805,1.0181172195891592,1.3096050191847037,0.025218733916623777,0.7628424657534246,0.945,87.5,100.0,3312,118,75,0,0,0,0.0,0.0,0.0,0.55,0.2,0.8,0.5,30.0,90.0,65.0,0.55,0.30000000000000004,0.7000000000000001,0.6000000000000001,20.0,95.0,65.0,1902,1901,1,1902,5.257623554153522E-4,0.34940342300928456,0.5,0.6988068460185691,39,0.020515518148342977,1.0,1
"iteration_1","SCOPE_DATA_COLLECTION",300,43,2650.0,2710.0,1,1942,1163,400,1937,1167,436,1943,1168,400,0,0,0,0.0,0.0,0.0,0.3539387591070903,1.0181172195891592,1.9644075287770557,0.7078775182141805,1.0181172195891592,1.3096050191847037,0.025218733916623777,0.7628424657534246,0.945,87.5,100.0,3312,118,75,0,0,0,0.0,0.0,0.0,0.55,0.2,0.8,0.5,30.0,90.0,65.0,0.55,0.30000000000000004,0.7000000000000001,0.6000000000000001,20.0,95.0,65.0,1119,1119,0,1119,0.0,1.0117012715442946,1.0,1.0117012715442946,829,0.7408400357462019,1.0,1
"iteration_1","SCOPE_DATA_COLLECTION",300,43,2650.0,2710.0,2,1942,1163,400,1937,1167,436,1943,1168,400,0,0,0,0.0,0.0,0.0,0.3539387591070903,1.0181172195891592,1.9644075287770557,0.7078775182141805,1.0181172195891592,1.3096050191847037,0.025218733916623777,0.7628424657534246,0.945,87.5,100.0,3312,118,75,0,0,0,0.0,0.0,0.0,0.55,0.2,0.8,0.5,30.0,90.0,65.0,0.55,0.30000000000000004,0.7000000000000001,0.6000000000000001,20.0,95.0,65.0,423,423,0,423,0.0,1.9621222218191825,1.5,1.3080814812127883,398,0.9408983451536643,1.0,1
"iteration_1","SCOPE_DATA_COLLECTION",300,44,2710.0,2770.0,0,1902,1119,423,1942,1163,400,1894,1118,429,1,0,0,5.277044854881266E-4,0.0,0.0,0.34935070886808933,1.0112871180444511,1.961797155958273,0.6987014177361787,1.0112871180444511,1.3078647706388487,0.020591341077085535,0.7397137745974955,0.9417249417249417,92.5,100.0,3239,112,93,1,0,0,3.0873726458783575E-4,0.0,0.0,0.55,0.30000000000000004,0.7000000000000001,0.6000000000000001,20.0,95.0,65.0,0.05,0.5,0.7000000000000001,0.5,35.0,40.0,30.0,1911,1911,0,1911,0.0,0.3426624916086366,0.5,0.6853249832172732,48,0.02511773940345369,1.0,1
"iteration_1","SCOPE_DATA_COLLECTION",300,44,2710.0,2770.0,1,1902,1119,423,1942,1163,400,1894,1118,429,1,0,0,5.277044854881266E-4,0.0,0.0,0.34935070886808933,1.0112871180444511,1.961797155958273,0.6987014177361787,1.0112871180444511,1.3078647706388487,0.020591341077085535,0.7397137745974955,0.9417249417249417,92.5,100.0,3239,112,93,1,0,0,3.0873726458783575E-4,0.0,0.0,0.55,0.30000000000000004,0.7000000000000001,0.6000000000000001,20.0,95.0,65.0,0.05,0.5,0.7000000000000001,0.5,35.0,40.0,30.0,1146,1145,1,1146,8.726003490401396E-4,1.0110310512075653,1.0,1.0110310512075653,846,0.7388646288209607,1.0,1
"iteration_1","SCOPE_DATA_COLLECTION",300,44,2710.0,2770.0,2,1902,1119,423,1942,1163,400,1894,1118,429,1,0,0,5.277044854881266E-4,0.0,0.0,0.34935070886808933,1.0112871180444511,1.961797155958273,0.6987014177361787,1.0112871180444511,1.3078647706388487,0.020591341077085535,0.7397137745974955,0.9417249417249417,92.5,100.0,3239,112,93,1,0,0,3.0873726458783575E-4,0.0,0.0,0.55,0.30000000000000004,0.7000000000000001,0.6000000000000001,20.0,95.0,65.0,0.05,0.5,0.7000000000000001,0.5,35.0,40.0,30.0,423,423,0,423,0.0,1.9492855440279244,1.5,1.2995236960186163,393,0.9290780141843972,1.0,1
"iteration_1","SCOPE_DATA_COLLECTION",300,45,2770.0,2830.0,0,1911,1146,423,1902,1119,423,1915,1139,422,0,1,0,0.0,8.771929824561404E-4,0.0,0.3427433603276288,1.0109103655140237,1.9486171215102444,0.6854867206552576,1.0109103655140237,1.2990780810068296,0.025065274151436032,0.7401229148375769,0.9289099526066351,100.0,100.0,3239,8,233,1,0,0,3.0873726458783575E-4,0.0,0.0,0.05,0.5,0.7000000000000001,0.5,35.0,40.0,30.0,0.6000000000000001,0.7000000000000001,0.4,0.4,55.0,30.0,55.0,1986,1986,0,1986,0.0,0.34733516977933027,0.5,0.6946703395586605,59,0.029707955689828803,1.0,1
"iteration_1","SCOPE_DATA_COLLECTION",300,45,2770.0,2830.0,1,1911,1146,423,1902,1119,423,1915,1139,422,0,1,0,0.0,8.771929824561404E-4,0.0,0.3427433603276288,1.0109103655140237,1.9486171215102444,0.6854867206552576,1.0109103655140237,1.2990780810068296,0.025065274151436032,0.7401229148375769,0.9289099526066351,100.0,100.0,3239,8,233,1,0,0,3.0873726458783575E-4,0.0,0.0,0.05,0.5,0.7000000000000001,0.5,35.0,40.0,30.0,0.6000000000000001,0.7000000000000001,0.4,0.4,55.0,30.0,55.0,1156,1153,3,1156,0.0025951557093425604,0.9964051281253354,1.0,0.9964051281253354,847,0.7346053772766695,1.0,1
"iteration_1","SCOPE_DATA_COLLECTION",300,45,2770.0,2830.0,2,1911,1146,423,1902,1119,423,1915,1139,422,0,1,0,0.0,8.771929824561404E-4,0.0,0.3427433603276288,1.0109103655140237,1.9486171215102444,0.6854867206552576,1.0109103655140237,1.2990780810068296,0.025065274151436032,0.7401229148375769,0.9289099526066351,100.0,100.0,3239,8,233,1,0,0,3.0873726458783575E-4,0.0,0.0,0.05,0.5,0.7000000000000001,0.5,35.0,40.0,30.0,0.6000000000000001,0.7000000000000001,0.4,0.4,55.0,30.0,55.0,418,418,0,418,0.0,1.9290334159821183,1.5,1.2860222773214123,385,0.9210526315789473,1.0,1
"iteration_1","SCOPE_DATA_COLLECTION",300,46,2830.0,2890.0,0,1986,1156,418,1911,1146,423,1986,1159,417,0,3,0,0.0,0.0025817555938037868,0.0,0.34725803242981296,0.9971310365026499,1.9300256337309276,0.6945160648596259,0.9971310365026499,1.2866837558206183,0.029707955689828803,0.7359792924935289,0.920863309352518,87.5,100.0,3300,149,111,3,0,0,9.090909090909091E-4,0.0,0.0,0.6000000000000001,0.7000000000000001,0.4,0.4,55.0,30.0,55.0,0.75,0.2,0.5,0.4,20.0,30.0,60.0,1915,1914,1,1915,5.221932114882506E-4,0.3635951779120311,0.5,0.7271903558240622,69,0.03605015673981191,1.0,1
"iteration_1","SCOPE_DATA_COLLECTION",300,46,2830.0,2890.0,1,1986,1156,418,1911,1146,423,1986,1159,417,0,3,0,0.0,0.0025817555938037868,0.0,0.34725803242981296,0.9971310365026499,1.9300256337309276,0.6945160648596259,0.9971310365026499,1.2866837558206183,0.029707955689828803,0.7359792924935289,0.920863309352518,87.5,100.0,3300,149,111,3,0,0,9.090909090909091E-4,0.0,0.0,0.6000000000000001,0.7000000000000001,0.4,0.4,55.0,30.0,55.0,0.75,0.2,0.5,0.4,20.0,30.0,60.0,1172,1172,0,1172,0.0,1.0182583681132162,1.0,1.0182583681132162,897,0.765358361774744,1.0,1
"iteration_1","SCOPE_DATA_COLLECTION",300,46,2830.0,2890.0,2,1986,1156,418,1911,1146,423,1986,1159,417,0,3,0,0.0,0.0025817555938037868,0.0,0.34725803242981296,0.9971310365026499,1.9300256337309276,0.6945160648596259,0.9971310365026499,1.2866837558206183,0.029707955689828803,0.7359792924935289,0.920863309352518,87.5,100.0,3300,149,111,3,0,0,9.090909090909091E-4,0.0,0.0,0.6000000000000001,0.7000000000000001,0.4,0.4,55.0,30.0,55.0,0.75,0.2,0.5,0.4,20.0,30.0,60.0,417,417,0,417,0.0,1.9899174332658394,1.5,1.3266116221772262,399,0.9568345323741008,1.0,1
"iteration_1","SCOPE_DATA_COLLECTION",300,47,2890.0,2950.0,0,1915,1172,417,1986,1156,418,1914,1170,417,1,0,0,5.221932114882506E-4,0.0,0.0,0.36368704180838574,1.0179218220235609,1.9907029089190518,0.7273740836167715,1.0179218220235609,1.3271352726127013,0.03605015673981191,0.7615384615384615,0.9568345323741008,90.0,100.0,3345,110,49,1,0,0,2.9895366218236175E-4,0.0,0.0,0.75,0.2,0.5,0.4,20.0,30.0,60.0,0.75,0.30000000000000004,0.5,0.4,20.0,20.0,50.0,1949,1949,0,1949,0.0,0.3548254535041214,0.5,0.7096509070082428,77,0.03950743971267317,1.0,1
"iteration_1","SCOPE_DATA_COLLECTION",300,47,2890.0,2950.0,1,1915,1172,417,1986,1156,418,1914,1170,417,1,0,0,5.221932114882506E-4,0.0,0.0,0.36368704180838574,1.0179218220235609,1.9907029089190518,0.7273740836167715,1.0179218220235609,1.3271352726127013,0.03605015673981191,0.7615384615384615,0.9568345323741008,90.0,100.0,3345,110,49,1,0,0,2.9895366218236175E-4,0.0,0.0,0.75,0.2,0.5,0.4,20.0,30.0,60.0,0.75,0.30000000000000004,0.5,0.4,20.0,20.0,50.0,1184,1184,0,1184,0.0,1.013541033274289,1.0,1.013541033274289,865,0.7305743243243243,1.0,1
"iteration_1","SCOPE_DATA_COLLECTION",300,47,2890.0,2950.0,2,1915,1172,417,1986,1156,418,1914,1170,417,1,0,0,5.221932114882506E-4,0.0,0.0,0.36368704180838574,1.0179218220235609,1.9907029089190518,0.7273740836167715,1.0179218220235609,1.3271352726127013,0.03605015673981191,0.7615384615384615,0.9568345323741008,90.0,100.0,3345,110,49,1,0,0,2.9895366218236175E-4,0.0,0.0,0.75,0.2,0.5,0.4,20.0,30.0,60.0,0.75,0.30000000000000004,0.5,0.4,20.0,20.0,50.0,427,427,0,427,0.0,1.9609896193766534,1.5,1.3073264129177689,401,0.9391100702576113,1.0,1
"iteration_1","SCOPE_DATA_COLLECTION",300,48,2950.0,3010.0,0,1949,1184,427,1915,1172,417,1946,1187,431,0,0,0,0.0,0.0,0.0,0.3546741861934706,1.0135417238889346,1.9609291027828917,0.7093483723869412,1.0135417238889346,1.3072860685219279,0.039568345323741004,0.7337826453243471,0.9396751740139211,65.0,100.0,3321,181,58,0,0,0,0.0,0.0,0.0,0.75,0.30000000000000004,0.5,0.4,20.0,20.0,50.0,0.65,0.4,0.4,0.4,20.0,30.0,50.0,1909,1907,2,1909,0.0010476689366160294,0.3545882962852206,0.5,0.7091765925704412,69,0.03618248557944415,1.0,1
"iteration_1","SCOPE_DATA_COLLECTION",300,48,2950.0,3010.0,1,1949,1184,427,1915,1172,417,1946,1187,431,0,0,0,0.0,0.0,0.0,0.3546741861934706,1.0135417238889346,1.9609291027828917,0.7093483723869412,1.0135417238889346,1.3072860685219279,0.039568345323741004,0.7337826453243471,0.9396751740139211,65.0,100.0,3321,181,58,0,0,0,0.0,0.0,0.0,0.75,0.30000000000000004,0.5,0.4,20.0,20.0,50.0,0.65,0.4,0.4,0.4,20.0,30.0,50.0,1181,1179,2,1181,0.001693480101608806,1.0169126058788431,1.0,1.0169126058788431,873,0.7404580152671756,1.0,1
"iteration_1","SCOPE_DATA_COLLECTION",300,48,2950.0,3010.0,2,1949,1184,427,1915,1172,417,1946,1187,431,0,0,0,0.0,0.0,0.0,0.3546741861934706,1.0135417238889346,1.9609291027828917,0.7093483723869412,1.0135417238889346,1.3072860685219279,0.039568345323741004,0.7337826453243471,0.9396751740139211,65.0,100.0,3321,181,58,0,0,0,0.0,0.0,0.0,0.75,0.30000000000000004,0.5,0.4,20.0,20.0,50.0,0.65,0.4,0.4,0.4,20.0,30.0,50.0,419,417,2,419,0.00477326968973747,1.947753964819642,1.5,1.2985026432130946,387,0.9280575539568345,1.0,1
"iteration_1","SCOPE_DATA_COLLECTION",300,49,3010.0,3070.0,0,1909,1181,419,1949,1184,427,1911,1178,413,2,2,2,0.0010454783063251437,0.001694915254237288,0.004819277108433735,0.3547366145508505,1.0169514014440164,1.9475414293408366,0.709473229101701,1.0169514014440164,1.298360952893891,0.03610675039246468,0.7385398981324278,0.927360774818402,80.0,100.0,3289,142,78,5,1,0,0.0015202189115232593,0.007042253521126761,0.0,0.65,0.4,0.4,0.4,20.0,30.0,50.0,0.35000000000000003,0.1,0.6000000000000001,0.5,50.0,85.0,25.0,1828,1827,1,1828,5.470459518599562E-4,0.36575982014254443,0.5,0.7315196402850889,98,0.05363984674329502,1.0,1
"iteration_1","SCOPE_DATA_COLLECTION",300,49,3010.0,3070.0,1,1909,1181,419,1949,1184,427,1911,1178,413,2,2,2,0.0010454783063251437,0.001694915254237288,0.004819277108433735,0.3547366145508505,1.0169514014440164,1.9475414293408366,0.709473229101701,1.0169514014440164,1.298360952893891,0.03610675039246468,0.7385398981324278,0.927360774818402,80.0,100.0,3289,142,78,5,1,0,0.0015202189115232593,0.007042253521126761,0.0,0.65,0.4,0.4,0.4,20.0,30.0,50.0,0.35000000000000003,0.1,0.6000000000000001,0.5,50.0,85.0,25.0,1201,1200,1,1201,8.326394671107411E-4,1.0211869960052986,1.0,1.0211869960052986,909,0.7575,1.0,1
"iteration_1","SCOPE_DATA_COLLECTION",300,49,3010.0,3070.0,2,1909,1181,419,1949,1184,427,1911,1178,413,2,2,2,0.0010454783063251437,0.001694915254237288,0.004819277108433735,0.3547366145508505,1.0169514014440164,1.9475414293408366,0.709473229101701,1.0169514014440164,1.298360952893891,0.03610675039246468,0.7385398981324278,0.927360774818402,80.0,100.0,3289,142,78,5,1,0,0.0015202189115232593,0.007042253521126761,0.0,0.65,0.4,0.4,0.4,20.0,30.0,50.0,0.35000000000000003,0.1,0.6000000000000001,0.5,50.0,85.0,25.0,461,461,0,461,0.0,1.9568839906860267,1.5,1.3045893271240179,429,0.93058568329718,1.0,1
"iteration_1","SCOPE_DATA_COLLECTION",300,50,3070.0,3130.0,0,1828,1201,461,1909,1181,419,1826,1192,454,1,1,0,5.473453749315818E-4,8.382229673093043E-4,0.0,0.3652745704427466,1.0197635791096806,1.954537670191089,0.7305491408854932,1.0197635791096806,1.303025113460726,0.05312157721796276,0.7583892617449665,0.9295154185022027,100.0,100.0,3292,69,129,2,0,0,6.075334143377885E-4,0.0,0.0,0.35000000000000003,0.1,0.6000000000000001,0.5,50.0,85.0,25.0,0.30000000000000004,0.4,0.7000000000000001,0.6000000000000001,85.0,85.0,85.0,1931,1930,1,1931,5.178663904712584E-4,0.34901917003588406,0.5,0.6980383400717681,66,0.03419689119170984,1.0,1
"iteration_1","SCOPE_DATA_COLLECTION",300,50,3070.0,3130.0,1,1828,1201,461,1909,1181,419,1826,1192,454,1,1,0,5.473453749315818E-4,8.382229673093043E-4,0.0,0.3652745704427466,1.0197635791096806,1.954537670191089,0.7305491408854932,1.0197635791096806,1.303025113460726,0.05312157721796276,0.7583892617449665,0.9295154185022027,100.0,100.0,3292,69,129,2,0,0,6.075334143377885E-4,0.0,0.0,0.35000000000000003,0.1,0.6000000000000001,0.5,50.0,85.0,25.0,0.30000000000000004,0.4,0.7000000000000001,0.6000000000000001,85.0,85.0,85.0,1171,1169,2,1171,0.0017079419299743809,1.0259213340683992,1.0,1.0259213340683992,882,0.7544910179640718,1.0,1
"iteration_1","SCOPE_DATA_COLLECTION",300,50,3070.0,3130.0,2,1828,1201,461,1909,1181,419,1826,1192,454,1,1,0,5.473453749315818E-4,8.382229673093043E-4,0.0,0.3652745704427466,1.0197635791096806,1.954537670191089,0.7305491408854932,1.0197635791096806,1.303025113460726,0.05312157721796276,0.7583892617449665,0.9295154185022027,100.0,100.0,3292,69,129,2,0,0,6.075334143377885E-4,0.0,0.0,0.35000000000000003,0.1,0.6000000000000001,0.5,50.0,85.0,25.0,0.30000000000000004,0.4,0.7000000000000001,0.6000000000000001,85.0,85.0,85.0,400,400,0,400,0.0,1.9787760821005953,1.5,1.3191840547337301,379,0.9475,1.0,1
"iteration_1","SCOPE_DATA_COLLECTION",300,51,3130.0,3190.0,0,1931,1171,400,1828,1201,461,1930,1175,402,1,2,0,5.178663904712584E-4,0.0016992353440951572,0.0,0.34943459680342603,1.0262776874918536,1.9795186962087168,0.6988691936068521,1.0262776874918536,1.3196791308058111,0.03471502590673575,0.7540425531914894,0.9477611940298507,90.0,100.0,3299,61,142,3,0,0,9.093664746892998E-4,0.0,0.0,0.30000000000000004,0.4,0.7000000000000001,0.6000000000000001,85.0,85.0,85.0,0.55,0.7000000000000001,0.5,0.8,85.0,70.0,50.0,1963,1962,1,1963,5.094243504839531E-4,0.34826432996890216,0.5,0.6965286599378043,83,0.042303771661569824,1.0,1
"iteration_1","SCOPE_DATA_COLLECTION",300,51,3130.0,3190.0,1,1931,1171,400,1828,1201,461,1930,1175,402,1,2,0,5.178663904712584E-4,0.0016992353440951572,0.0,0.34943459680342603,1.0262776874918536,1.9795186962087168,0.6988691936068521,1.0262776874918536,1.3196791308058111,0.03471502590673575,0.7540425531914894,0.9477611940298507,90.0,100.0,3299,61,142,3,0,0,9.093664746892998E-4,0.0,0.0,0.30000000000000004,0.4,0.7000000000000001,0.6000000000000001,85.0,85.0,85.0,0.55,0.7000000000000001,0.5,0.8,85.0,70.0,50.0,1169,1169,0,1169,0.0,1.009522587894873,1.0,1.009522587894873,857,0.7331052181351583,1.0,1
"iteration_1","SCOPE_DATA_COLLECTION",300,51,3130.0,3190.0,2,1931,1171,400,1828,1201,461,1930,1175,402,1,2,0,5.178663904712584E-4,0.0016992353440951572,0.0,0.34943459680342603,1.0262776874918536,1.9795186962087168,0.6988691936068521,1.0262776874918536,1.3196791308058111,0.03471502590673575,0.7540425531914894,0.9477611940298507,90.0,100.0,3299,61,142,3,0,0,9.093664746892998E-4,0.0,0.0,0.30000000000000004,0.4,0.7000000000000001,0.6000000000000001,85.0,85.0,85.0,0.55,0.7000000000000001,0.5,0.8,85.0,70.0,50.0,448,448,0,448,0.0,1.9191431470089444,1.5,1.2794287646726297,409,0.9129464285714286,1.0,1
"iteration_1","SCOPE_DATA_COLLECTION",300,52,3190.0,3250.0,0,1963,1169,448,1931,1171,400,1965,1161,451,1,0,0,5.08646998982706E-4,0.0,0.0,0.3481222342237322,1.008954666319687,1.9185070079977498,0.6962444684474643,1.008954666319687,1.2790046719984998,0.04173027989821883,0.7321274763135228,0.9135254988913526,90.0,100.0,3304,169,107,1,0,0,3.026634382566586E-4,0.0,0.0,0.55,0.7000000000000001,0.5,0.8,85.0,70.0,50.0,0.6000000000000001,0.6000000000000001,0.2,0.1,35.0,35.0,75.0,1937,1935,2,1937,0.0010325245224574084,0.3507094532742927,0.5,0.7014189065485854,54,0.027906976744186046,1.0,1
"iteration_1","SCOPE_DATA_COLLECTION",300,52,3190.0,3250.0,1,1963,1169,448,1931,1171,400,1965,1161,451,1,0,0,5.08646998982706E-4,0.0,0.0,0.3481222342237322,1.008954666319687,1.9185070079977498,0.6962444684474643,1.008954666319687,1.2790046719984998,0.04173027989821883,0.7321274763135228,0.9135254988913526,90.0,100.0,3304,169,107,1,0,0,3.026634382566586E-4,0.0,0.0,0.55,0.7000000000000001,0.5,0.8,85.0,70.0,50.0,0.6000000000000001,0.6000000000000001,0.2,0.1,35.0,35.0,75.0,1141,1141,0,1141,0.0,1.014965478594288,1.0,1.014965478594288,847,0.7423312883435583,1.0,1
"iteration_1","SCOPE_DATA_COLLECTION",300,52,3190.0,3250.0,2,1963,1169,448,1931,1171,400,1965,1161,451,1,0,0,5.08646998982706E-4,0.0,0.0,0.3481222342237322,1.008954666319687,1.9185070079977498,0.6962444684474643,1.008954666319687,1.2790046719984998,0.04173027989821883,0.7321274763135228,0.9135254988913526,90.0,100.0,3304,169,107,1,0,0,3.026634382566586E-4,0.0,0.0,0.55,0.7000000000000001,0.5,0.8,85.0,70.0,50.0,0.6000000000000001,0.6000000000000001,0.2,0.1,35.0,35.0,75.0,392,392,0,392,0.0,2.0244288764601053,1.5,1.3496192509734035,383,0.9770408163265306,1.0,1
"iteration_1","SCOPE_DATA_COLLECTION",300,53,3250.0,3310.0,0,1937,1141,392,1963,1169,448,1933,1153,393,2,0,0,0.0010335917312661498,0.0,0.0,0.35077835801908064,1.015844138796913,2.0254289882018535,0.7015567160381613,1.015844138796913,1.350285992134569,0.02793585100879462,0.7415437987857763,0.9770992366412213,80.0,100.0,3287,113,70,2,0,0,6.08457560085184E-4,0.0,0.0,0.6000000000000001,0.6000000000000001,0.2,0.1,35.0,35.0,75.0,0.6000000000000001,0.6000000000000001,0.30000000000000004,0.1,25.0,25.0,65.0,1884,1882,2,1884,0.0010615711252653928,0.352355395973465,0.5,0.70471079194693,69,0.036663124335812966,1.0,1
"iteration_1","SCOPE_DATA_COLLECTION",300,53,3250.0,3310.0,1,1937,1141,392,1963,1169,448,1933,1153,393,2,0,0,0.0010335917312661498,0.0,0.0,0.35077835801908064,1.015844138796913,2.0254289882018535,0.7015567160381613,1.015844138796913,1.350285992134569,0.02793585100879462,0.7415437987857763,0.9770992366412213,80.0,100.0,3287,113,70,2,0,0,6.08457560085184E-4,0.0,0.0,0.6000000000000001,0.6000000000000001,0.2,0.1,35.0,35.0,75.0,0.6000000000000001,0.6000000000000001,0.30000000000000004,0.1,25.0,25.0,65.0,1133,1133,0,1133,0.0,1.01521741153799,1.0,1.01521741153799,816,0.7202118270079435,1.0,1
"iteration_1","SCOPE_DATA_COLLECTION",300,53,3250.0,3310.0,2,1937,1141,392,1963,1169,448,1933,1153,393,2,0,0,0.0010335917312661498,0.0,0.0,0.35077835801908064,1.015844138796913,2.0254289882018535,0.7015567160381613,1.015844138796913,1.350285992134569,0.02793585100879462,0.7415437987857763,0.9770992366412213,80.0,100.0,3287,113,70,2,0,0,6.08457560085184E-4,0.0,0.0,0.6000000000000001,0.6000000000000001,0.2,0.1,35.0,35.0,75.0,0.6000000000000001,0.6000000000000001,0.30000000000000004,0.1,25.0,25.0,65.0,451,450,1,451,0.0022172949002217295,1.9461759717034188,1.5,1.2974506478022791,419,0.9311111111111111,1.0,1
"iteration_1","SCOPE_DATA_COLLECTION",300,54,3310.0,3370.0,0,1884,1133,451,1937,1141,392,1886,1130,448,2,0,1,0.001059322033898305,0.0,0.0022271714922048997,0.3524457788745174,1.0154885606728714,1.9468069145374522,0.7048915577490348,1.0154885606728714,1.2978712763583016,0.03711558854718982,0.720353982300885,0.9308035714285714,85.0,100.0,3253,127,88,3,0,0,9.222256378727329E-4,0.0,0.0,0.6000000000000001,0.6000000000000001,0.30000000000000004,0.1,25.0,25.0,65.0,0.6000000000000001,0.6000000000000001,0.30000000000000004,0.1,25.0,25.0,65.0,1859,1858,1,1859,5.379236148466917E-4,0.35088223183238537,0.5,0.7017644636647707,58,0.031216361679224973,1.0,1
"iteration_1","SCOPE_DATA_COLLECTION",300,54,3310.0,3370.0,1,1884,1133,451,1937,1141,392,1886,1130,448,2,0,1,0.001059322033898305,0.0,0.0022271714922048997,0.3524457788745174,1.0154885606728714,1.9468069145374522,0.7048915577490348,1.0154885606728714,1.2978712763583016,0.03711558854718982,0.720353982300885,0.9308035714285714,85.0,100.0,3253,127,88,3,0,0,9.222256378727329E-4,0.0,0.0,0.6000000000000001,0.6000000000000001,0.30000000000000004,0.1,25.0,25.0,65.0,0.6000000000000001,0.6000000000000001,0.30000000000000004,0.1,25.0,25.0,65.0,1149,1147,2,1149,0.0017406440382941688,1.014503549641056,1.0,1.014503549641056,857,0.7471665213600698,1.0,1
"iteration_1","SCOPE_DATA_COLLECTION",300,54,3310.0,3370.0,2,1884,1133,451,1937,1141,392,1886,1130,448,2,0,1,0.001059322033898305,0.0,0.0022271714922048997,0.3524457788745174,1.0154885606728714,1.9468069145374522,0.7048915577490348,1.0154885606728714,1.2978712763583016,0.03711558854718982,0.720353982300885,0.9308035714285714,85.0,100.0,3253,127,88,3,0,0,9.222256378727329E-4,0.0,0.0,0.6000000000000001,0.6000000000000001,0.30000000000000004,0.1,25.0,25.0,65.0,0.6000000000000001,0.6000000000000001,0.30000000000000004,0.1,25.0,25.0,65.0,428,427,1,428,0.002336448598130841,1.9879230646685087,1.5,1.325282043112339,406,0.9508196721311475,1.0,1
"iteration_1","SCOPE_DATA_COLLECTION",300,55,3370.0,3430.0,0,1859,1149,428,1884,1133,451,1854,1147,424,1,2,1,5.390835579514825E-4,0.0017406440382941688,0.002352941176470588,0.35069699167604207,1.014574545119625,1.9874937397606864,0.7013939833520841,1.014574545119625,1.3249958265071242,0.030744336569579287,0.7489102005231038,0.9504716981132075,92.5,100.0,3245,120,71,4,0,0,0.0012326656394453005,0.0,0.0,0.6000000000000001,0.6000000000000001,0.30000000000000004,0.1,25.0,25.0,65.0,0.6000000000000001,0.7000000000000001,0.4,0.1,25.0,20.0,65.0,1863,1862,1,1863,5.367686527106817E-4,0.3458338956582269,0.5,0.6916677913164538,75,0.040279269602577876,1.0,1
"iteration_1","SCOPE_DATA_COLLECTION",300,55,3370.0,3430.0,1,1859,1149,428,1884,1133,451,1854,1147,424,1,2,1,5.390835579514825E-4,0.0017406440382941688,0.002352941176470588,0.35069699167604207,1.014574545119625,1.9874937397606864,0.7013939833520841,1.014574545119625,1.3249958265071242,0.030744336569579287,0.7489102005231038,0.9504716981132075,92.5,100.0,3245,120,71,4,0,0,0.0012326656394453005,0.0,0.0,0.6000000000000001,0.6000000000000001,0.30000000000000004,0.1,25.0,25.0,65.0,0.6000000000000001,0.7000000000000001,0.4,0.1,25.0,20.0,65.0,1179,1179,0,1179,0.0,0.9931245917983365,1.0,0.9931245917983365,881,0.7472434266327396,1.0,1
"iteration_1","SCOPE_DATA_COLLECTION",300,55,3370.0,3430.0,2,1859,1149,428,1884,1133,451,1854,1147,424,1,2,1,5.390835579514825E-4,0.0017406440382941688,0.002352941176470588,0.35069699167604207,1.014574545119625,1.9874937397606864,0.7013939833520841,1.014574545119625,1.3249958265071242,0.030744336569579287,0.7489102005231038,0.9504716981132075,92.5,100.0,3245,120,71,4,0,0,0.0012326656394453005,0.0,0.0,0.6000000000000001,0.6000000000000001,0.30000000000000004,0.1,25.0,25.0,65.0,0.6000000000000001,0.7000000000000001,0.4,0.1,25.0,20.0,65.0,447,447,0,447,0.0,1.8908220509247502,1.5,1.2605480339498334,401,0.8970917225950783,1.0,1
"iteration_1","SCOPE_DATA_COLLECTION",300,56,3430.0,3490.0,0,1863,1179,447,1859,1149,428,1866,1170,454,1,0,0,5.356186395286556E-4,0.0,0.0,0.3457348334246933,0.9929045693202057,1.893852084666481,0.6914696668493866,0.9929045693202057,1.2625680564443207,0.03965702036441586,0.7487179487179487,0.8986784140969163,90.0,100.0,3180,179,130,1,0,0,3.1446540880503143E-4,0.0,0.0,0.6000000000000001,0.7000000000000001,0.4,0.1,25.0,20.0,65.0,0.9500000000000001,0.7000000000000001,0.9,0.1,95.0,95.0,25.0,1894,1893,1,1894,5.279831045406547E-4,0.3473241823803213,0.5,0.6946483647606426,62,0.032752245113576335,1.0,1
"iteration_1","SCOPE_DATA_COLLECTION",300,56,3430.0,3490.0,1,1863,1179,447,1859,1149,428,1866,1170,454,1,0,0,5.356186395286556E-4,0.0,0.0,0.3457348334246933,0.9929045693202057,1.893852084666481,0.6914696668493866,0.9929045693202057,1.2625680564443207,0.03965702036441586,0.7487179487179487,0.8986784140969163,90.0,100.0,3180,179,130,1,0,0,3.1446540880503143E-4,0.0,0.0,0.6000000000000001,0.7000000000000001,0.4,0.1,25.0,20.0,65.0,0.9500000000000001,0.7000000000000001,0.9,0.1,95.0,95.0,25.0,1229,1229,0,1229,0.0,1.0136044618419777,1.0,1.0136044618419777,926,0.7534580960130187,1.0,1
"iteration_1","SCOPE_DATA_COLLECTION",300,56,3430.0,3490.0,2,1863,1179,447,1859,1149,428,1866,1170,454,1,0,0,5.356186395286556E-4,0.0,0.0,0.3457348334246933,0.9929045693202057,1.893852084666481,0.6914696668493866,0.9929045693202057,1.2625680564443207,0.03965702036441586,0.7487179487179487,0.8986784140969163,90.0,100.0,3180,179,130,1,0,0,3.1446540880503143E-4,0.0,0.0,0.6000000000000001,0.7000000000000001,0.4,0.1,25.0,20.0,65.0,0.9500000000000001,0.7000000000000001,0.9,0.1,95.0,95.0,25.0,402,402,0,402,0.0,1.9026778030915412,1.5,1.2684518687276942,363,0.9029850746268657,1.0,1
"iteration_1","SCOPE_DATA_COLLECTION",300,57,3490.0,3550.0,0,1894,1229,402,1863,1179,447,1888,1235,402,1,0,0,5.293806246691371E-4,0.0,0.0,0.34739799838040963,1.0136876979352152,1.9016530600590602,0.6947959967608193,1.0136876979352152,1.2677687067060401,0.03283898305084746,0.7522267206477733,0.9029850746268657,92.5,100.0,3255,256,14,1,0,0,3.0721966205837174E-4,0.0,0.0,0.9500000000000001,0.7000000000000001,0.9,0.1,95.0,95.0,25.0,0.8500000000000001,0.6000000000000001,0.8,0.2,95.0,85.0,35.0,1943,1942,1,1943,5.14668039114771E-4,0.34547260922553025,0.5,0.6909452184510605,70,0.03604531410916581,1.0,1
"iteration_1","SCOPE_DATA_COLLECTION",300,57,3490.0,3550.0,1,1894,1229,402,1863,1179,447,1888,1235,402,1,0,0,5.293806246691371E-4,0.0,0.0,0.34739799838040963,1.0136876979352152,1.9016530600590602,0.6947959967608193,1.0136876979352152,1.2677687067060401,0.03283898305084746,0.7522267206477733,0.9029850746268657,92.5,100.0,3255,256,14,1,0,0,3.0721966205837174E-4,0.0,0.0,0.9500000000000001,0.7000000000000001,0.9,0.1,95.0,95.0,25.0,0.8500000000000001,0.6000000000000001,0.8,0.2,95.0,85.0,35.0,1221,1221,0,1221,0.0,0.9928934040478726,1.0,0.9928934040478726,878,0.719082719082719,1.0,1
"iteration_1","SCOPE_DATA_COLLECTION",300,57,3490.0,3550.0,2,1894,1229,402,1863,1179,447,1888,1235,402,1,0,0,5.293806246691371E-4,0.0,0.0,0.34739799838040963,1.0136876979352152,1.9016530600590602,0.6947959967608193,1.0136876979352152,1.2677687067060401,0.03283898305084746,0.7522267206477733,0.9029850746268657,92.5,100.0,3255,256,14,1,0,0,3.0721966205837174E-4,0.0,0.0,0.9500000000000001,0.7000000000000001,0.9,0.1,95.0,95.0,25.0,0.8500000000000001,0.6000000000000001,0.8,0.2,95.0,85.0,35.0,419,419,0,419,0.0,1.8884624188398098,1.5,1.2589749458932065,375,0.8949880668257757,1.0,1
"iteration_1","SCOPE_DATA_COLLECTION",300,58,3550.0,3615.867543162663,0,1943,1221,419,1894,1229,402,1947,1223,420,1,0,0,5.13347022587269E-4,0.0,0.0,0.345585376238428,0.9915911743455897,1.8883427685615157,0.691170752476856,0.9915911743455897,1.2588951790410106,0.03697996918335902,0.7179067865903516,0.8952380952380953,82.5,100.0,3264,257,62,1,0,0,3.0637254901960784E-4,0.0,0.0,0.8500000000000001,0.6000000000000001,0.8,0.2,95.0,85.0,35.0,0.1,0.2,0.1,0.7000000000000001,70.0,55.0,65.0,1563,1556,1,1557,6.422607578676942E-4,0.36699242123237685,0.5,0.7339848424647537,83,0.05334190231362468,0.9961612284069098,0
"iteration_1","SCOPE_DATA_COLLECTION",300,58,3550.0,3615.867543162663,1,1943,1221,419,1894,1229,402,1947,1223,420,1,0,0,5.13347022587269E-4,0.0,0.0,0.345585376238428,0.9915911743455897,1.8883427685615157,0.691170752476856,0.9915911743455897,1.2588951790410106,0.03697996918335902,0.7179067865903516,0.8952380952380953,82.5,100.0,3264,257,62,1,0,0,3.0637254901960784E-4,0.0,0.0,0.8500000000000001,0.6000000000000001,0.8,0.2,95.0,85.0,35.0,0.1,0.2,0.1,0.7000000000000001,70.0,55.0,65.0,1005,981,0,981,0.0,1.0350622591189562,1.0,1.0350622591189562,756,0.7706422018348624,0.9761194029850746,0
"iteration_1","SCOPE_DATA_COLLECTION",300,58,3550.0,3615.867543162663,2,1943,1221,419,1894,1229,402,1947,1223,420,1,0,0,5.13347022587269E-4,0.0,0.0,0.345585376238428,0.9915911743455897,1.8883427685615157,0.691170752476856,0.9915911743455897,1.2588951790410106,0.03697996918335902,0.7179067865903516,0.8952380952380953,82.5,100.0,3264,257,62,1,0,0,3.0637254901960784E-4,0.0,0.0,0.8500000000000001,0.6000000000000001,0.8,0.2,95.0,85.0,35.0,0.1,0.2,0.1,0.7000000000000001,70.0,55.0,65.0,385,361,2,363,0.005509641873278237,1.9663407442444774,1.5,1.3108938294963182,338,0.9362880886426593,0.9428571428571428,0
"iteration_1","SCOPE_DATA_COLLECTION",400,0,70.0,130.0,0,2220,1488,523,0,0,0,2206,1464,504,1,1,2,4.5310376076121433E-4,6.825938566552901E-4,0.003952569169960474,0.33511223823763875,0.9270354749805861,1.7339617183979643,0.6702244764752775,0.9270354749805861,1.1559744789319761,0.08930190389845875,0.6693989071038251,0.7996031746031746,97.5,100.0,3431,483,317,3,1,0,8.743806470416788E-4,0.002070393374741201,0.0,0.6,0.5,0.7,0.4,85.0,80.0,90.0,0.6,0.5,0.7,0.4,85.0,80.0,90.0,2369,2367,2,2369,8.442380751371887E-4,0.33663906088118983,0.5,0.6732781217623797,237,0.10012674271229405,1.0,1
"iteration_1","SCOPE_DATA_COLLECTION",400,0,70.0,130.0,1,2220,1488,523,0,0,0,2206,1464,504,1,1,2,4.5310376076121433E-4,6.825938566552901E-4,0.003952569169960474,0.33511223823763875,0.9270354749805861,1.7339617183979643,0.6702244764752775,0.9270354749805861,1.1559744789319761,0.08930190389845875,0.6693989071038251,0.7996031746031746,97.5,100.0,3431,483,317,3,1,0,8.743806470416788E-4,0.002070393374741201,0.0,0.6,0.5,0.7,0.4,85.0,80.0,90.0,0.6,0.5,0.7,0.4,85.0,80.0,90.0,1647,1642,5,1647,0.0030358227079538553,0.8934118572389269,1.0,0.8934118572389269,1073,0.6534713763702802,1.0,1
"iteration_1","SCOPE_DATA_COLLECTION",400,0,70.0,130.0,2,2220,1488,523,0,0,0,2206,1464,504,1,1,2,4.5310376076121433E-4,6.825938566552901E-4,0.003952569169960474,0.33511223823763875,0.9270354749805861,1.7339617183979643,0.6702244764752775,0.9270354749805861,1.1559744789319761,0.08930190389845875,0.6693989071038251,0.7996031746031746,97.5,100.0,3431,483,317,3,1,0,8.743806470416788E-4,0.002070393374741201,0.0,0.6,0.5,0.7,0.4,85.0,80.0,90.0,0.6,0.5,0.7,0.4,85.0,80.0,90.0,593,592,1,593,0.0016863406408094434,1.71187713082026,1.5,1.14125142054684,468,0.7905405405405406,1.0,1
"iteration_1","SCOPE_DATA_COLLECTION",400,1,130.0,190.0,0,2369,1647,593,2220,1488,523,2370,1635,595,2,5,1,8.431703204047217E-4,0.003048780487804878,0.0016778523489932886,0.3365606797220701,0.8927554380188208,1.7151344834758515,0.6731213594441402,0.8927554380188208,1.143422988983901,0.09873417721518987,0.652599388379205,0.7915966386554621,95.0,100.0,3628,583,398,8,0,0,0.002205071664829107,0.0,0.0,0.6,0.5,0.7,0.4,85.0,80.0,90.0,0.75,0.7000000000000001,0.8,0.9,60.0,40.0,30.0,2367,2365,2,2367,8.449514152936206E-4,0.3302157962942719,0.5,0.6604315925885438,203,0.08583509513742071,1.0,1
"iteration_1","SCOPE_DATA_COLLECTION",400,1,130.0,190.0,1,2369,1647,593,2220,1488,523,2370,1635,595,2,5,1,8.431703204047217E-4,0.003048780487804878,0.0016778523489932886,0.3365606797220701,0.8927554380188208,1.7151344834758515,0.6731213594441402,0.8927554380188208,1.143422988983901,0.09873417721518987,0.652599388379205,0.7915966386554621,95.0,100.0,3628,583,398,8,0,0,0.002205071664829107,0.0,0.0,0.6,0.5,0.7,0.4,85.0,80.0,90.0,0.75,0.7000000000000001,0.8,0.9,60.0,40.0,30.0,1549,1547,2,1549,0.0012911555842479018,0.9176314920654441,1.0,0.9176314920654441,1023,0.6612798965740142,1.0,1
"iteration_1","SCOPE_DATA_COLLECTION",400,1,130.0,190.0,2,2369,1647,593,2220,1488,523,2370,1635,595,2,5,1,8.431703204047217E-4,0.003048780487804878,0.0016778523489932886,0.3365606797220701,0.8927554380188208,1.7151344834758515,0.6731213594441402,0.8927554380188208,1.143422988983901,0.09873417721518987,0.652599388379205,0.7915966386554621,95.0,100.0,3628,583,398,8,0,0,0.002205071664829107,0.0,0.0,0.6,0.5,0.7,0.4,85.0,80.0,90.0,0.75,0.7000000000000001,0.8,0.9,60.0,40.0,30.0,572,568,4,572,0.006993006993006993,1.7763248159237766,1.5,1.1842165439491843,467,0.8221830985915493,1.0,1
"iteration_1","SCOPE_DATA_COLLECTION",400,2,190.0,250.0,0,2367,1549,572,2369,1647,593,2360,1560,563,2,2,4,8.46740050804403E-4,0.0012804097311139564,0.007054673721340388,0.32944785312961866,0.9176636924664866,1.7695000096076021,0.6588957062592373,0.9176636924664866,1.1796666730717347,0.08432203389830509,0.6608974358974359,0.8188277087033747,92.5,100.0,3593,665,230,7,1,0,0.0019482326746451434,0.0015037593984962407,0.0,0.75,0.7000000000000001,0.8,0.9,60.0,40.0,30.0,0.2,0.7000000000000001,0.4,0.30000000000000004,25.0,35.0,55.0,2341,2339,2,2341,8.543357539513029E-4,0.32837450803206464,0.5,0.6567490160641293,189,0.0808037622915776,1.0,1
"iteration_1","SCOPE_DATA_COLLECTION",400,2,190.0,250.0,1,2367,1549,572,2369,1647,593,2360,1560,563,2,2,4,8.46740050804403E-4,0.0012804097311139564,0.007054673721340388,0.32944785312961866,0.9176636924664866,1.7695000096076021,0.6588957062592373,0.9176636924664866,1.1796666730717347,0.08432203389830509,0.6608974358974359,0.8188277087033747,92.5,100.0,3593,665,230,7,1,0,0.0019482326746451434,0.0015037593984962407,0.0,0.75,0.7000000000000001,0.8,0.9,60.0,40.0,30.0,0.2,0.7000000000000001,0.4,0.30000000000000004,25.0,35.0,55.0,1571,1570,1,1571,6.365372374283895E-4,0.8981384900843715,1.0,0.8981384900843715,1045,0.6656050955414012,1.0,1
"iteration_1","SCOPE_DATA_COLLECTION",400,2,190.0,250.0,2,2367,1549,572,2369,1647,593,2360,1560,563,2,2,4,8.46740050804403E-4,0.0012804097311139564,0.007054673721340388,0.32944785312961866,0.9176636924664866,1.7695000096076021,0.6588957062592373,0.9176636924664866,1.1796666730717347,0.08432203389830509,0.6608974358974359,0.8188277087033747,92.5,100.0,3593,665,230,7,1,0,0.0019482326746451434,0.0015037593984962407,0.0,0.75,0.7000000000000001,0.8,0.9,60.0,40.0,30.0,0.2,0.7000000000000001,0.4,0.30000000000000004,25.0,35.0,55.0,597,593,4,597,0.006700167504187605,1.695712041681953,1.5,1.1304746944546353,464,0.7824620573355818,1.0,1
"iteration_1","SCOPE_DATA_COLLECTION",400,3,250.0,310.0,0,2341,1571,597,2367,1549,572,2343,1562,598,2,1,4,8.528784648187633E-4,6.397952655150352E-4,0.006644518272425249,0.32897443774471735,0.8969001501249018,1.6984248510991038,0.6579488754894347,0.8969001501249018,1.1322832340660691,0.08237302603499787,0.6651728553137004,0.7842809364548495,97.5,100.0,3575,180,754,7,0,0,0.001958041958041958,0.0,0.0,0.2,0.7000000000000001,0.4,0.30000000000000004,25.0,35.0,55.0,0.30000000000000004,0.8,0.4,0.4,25.0,25.0,45.0,2316,2314,2,2316,8.635578583765112E-4,0.33170613544318284,0.5,0.6634122708863657,203,0.08772687986171132,1.0,1
"iteration_1","SCOPE_DATA_COLLECTION",400,3,250.0,310.0,1,2341,1571,597,2367,1549,572,2343,1562,598,2,1,4,8.528784648187633E-4,6.397952655150352E-4,0.006644518272425249,0.32897443774471735,0.8969001501249018,1.6984248510991038,0.6579488754894347,0.8969001501249018,1.1322832340660691,0.08237302603499787,0.6651728553137004,0.7842809364548495,97.5,100.0,3575,180,754,7,0,0,0.001958041958041958,0.0,0.0,0.2,0.7000000000000001,0.4,0.30000000000000004,25.0,35.0,55.0,0.30000000000000004,0.8,0.4,0.4,25.0,25.0,45.0,1476,1475,1,1476,6.775067750677507E-4,0.9127772742667283,1.0,0.9127772742667283,976,0.6616949152542373,1.0,1
"iteration_1","SCOPE_DATA_COLLECTION",400,3,250.0,310.0,2,2341,1571,597,2367,1549,572,2343,1562,598,2,1,4,8.528784648187633E-4,6.397952655150352E-4,0.006644518272425249,0.32897443774471735,0.8969001501249018,1.6984248510991038,0.6579488754894347,0.8969001501249018,1.1322832340660691,0.08237302603499787,0.6651728553137004,0.7842809364548495,97.5,100.0,3575,180,754,7,0,0,0.001958041958041958,0.0,0.0,0.2,0.7000000000000001,0.4,0.30000000000000004,25.0,35.0,55.0,0.30000000000000004,0.8,0.4,0.4,25.0,25.0,45.0,574,572,2,574,0.003484320557491289,1.7290932512801305,1.5,1.1527288341867536,460,0.8041958041958042,1.0,1
"iteration_1","SCOPE_DATA_COLLECTION",400,4,310.0,370.0,0,2316,1476,574,2341,1571,597,2310,1480,575,1,1,2,4.3271311120726956E-4,6.752194463200541E-4,0.0034662045060658577,0.33173628723213067,0.9137859396336762,1.7318749933183415,0.6634725744642613,0.9137859396336762,1.1545833288788943,0.08874458874458875,0.6621621621621622,0.8052173913043478,92.5,100.0,3518,258,590,4,0,0,0.0011370096645821489,0.0,0.0,0.30000000000000004,0.8,0.4,0.4,25.0,25.0,45.0,0.9500000000000001,0.7000000000000001,0.5,0.7000000000000001,90.0,45.0,20.0,2349,2346,3,2349,0.001277139208173691,0.33602697955756106,0.5,0.6720539591151221,210,0.08951406649616368,1.0,1
"iteration_1","SCOPE_DATA_COLLECTION",400,4,310.0,370.0,1,2316,1476,574,2341,1571,597,2310,1480,575,1,1,2,4.3271311120726956E-4,6.752194463200541E-4,0.0034662045060658577,0.33173628723213067,0.9137859396336762,1.7318749933183415,0.6634725744642613,0.9137859396336762,1.1545833288788943,0.08874458874458875,0.6621621621621622,0.8052173913043478,92.5,100.0,3518,258,590,4,0,0,0.0011370096645821489,0.0,0.0,0.30000000000000004,0.8,0.4,0.4,25.0,25.0,45.0,0.9500000000000001,0.7000000000000001,0.5,0.7000000000000001,90.0,45.0,20.0,1498,1497,1,1498,6.675567423230974E-4,0.9273629787852895,1.0,0.9273629787852895,1007,0.6726786907147628,1.0,1
"iteration_1","SCOPE_DATA_COLLECTION",400,4,310.0,370.0,2,2316,1476,574,2341,1571,597,2310,1480,575,1,1,2,4.3271311120726956E-4,6.752194463200541E-4,0.0034662045060658577,0.33173628723213067,0.9137859396336762,1.7318749933183415,0.6634725744642613,0.9137859396336762,1.1545833288788943,0.08874458874458875,0.6621621621621622,0.8052173913043478,92.5,100.0,3518,258,590,4,0,0,0.0011370096645821489,0.0,0.0,0.30000000000000004,0.8,0.4,0.4,25.0,25.0,45.0,0.9500000000000001,0.7000000000000001,0.5,0.7000000000000001,90.0,45.0,20.0,591,589,2,591,0.00338409475465313,1.7785444116841043,1.5,1.1856962744560695,481,0.8166383701188455,1.0,1
"iteration_1","SCOPE_DATA_COLLECTION",400,5,370.0,430.0,0,2349,1498,591,2316,1476,574,2349,1489,583,3,1,2,0.0012755102040816326,6.711409395973154E-4,0.003418803418803419,0.3357056168274413,0.9257150352607605,1.7804844953438286,0.6714112336548826,0.9257150352607605,1.1869896635625523,0.0885483184333759,0.6736064472800537,0.8181818181818182,92.5,100.0,3565,825,48,3,3,0,8.415147265077139E-4,0.0036363636363636364,0.0,0.9500000000000001,0.7000000000000001,0.5,0.7000000000000001,90.0,45.0,20.0,0.8500000000000001,0.6000000000000001,0.6000000000000001,0.8,90.0,45.0,20.0,2375,2372,3,2375,0.0012631578947368421,0.3369288002039216,0.5,0.6738576004078431,255,0.10750421585160203,1.0,1
"iteration_1","SCOPE_DATA_COLLECTION",400,5,370.0,430.0,1,2349,1498,591,2316,1476,574,2349,1489,583,3,1,2,0.0012755102040816326,6.711409395973154E-4,0.003418803418803419,0.3357056168274413,0.9257150352607605,1.7804844953438286,0.6714112336548826,0.9257150352607605,1.1869896635625523,0.0885483184333759,0.6736064472800537,0.8181818181818182,92.5,100.0,3565,825,48,3,3,0,8.415147265077139E-4,0.0036363636363636364,0.0,0.9500000000000001,0.7000000000000001,0.5,0.7000000000000001,90.0,45.0,20.0,0.8500000000000001,0.6000000000000001,0.6000000000000001,0.8,90.0,45.0,20.0,1600,1600,0,1600,0.0,0.9195609615605163,1.0,0.9195609615605163,1059,0.661875,1.0,1
"iteration_1","SCOPE_DATA_COLLECTION",400,5,370.0,430.0,2,2349,1498,591,2316,1476,574,2349,1489,583,3,1,2,0.0012755102040816326,6.711409395973154E-4,0.003418803418803419,0.3357056168274413,0.9257150352607605,1.7804844953438286,0.6714112336548826,0.9257150352607605,1.1869896635625523,0.0885483184333759,0.6736064472800537,0.8181818181818182,92.5,100.0,3565,825,48,3,3,0,8.415147265077139E-4,0.0036363636363636364,0.0,0.9500000000000001,0.7000000000000001,0.5,0.7000000000000001,90.0,45.0,20.0,0.8500000000000001,0.6000000000000001,0.6000000000000001,0.8,90.0,45.0,20.0,600,599,1,600,0.0016666666666666668,1.7531487866800928,1.5,1.1687658577867286,478,0.7979966611018364,1.0,1
"iteration_1","SCOPE_DATA_COLLECTION",400,6,430.0,490.0,0,2375,1600,600,2349,1498,591,2377,1606,603,4,0,1,0.0016799664006719867,0.0,0.0016556291390728477,0.337367390696822,0.9207996971076071,1.7503009792788937,0.674734781393644,0.9207996971076071,1.1668673195192625,0.1081194783340345,0.660024906600249,0.7960199004975125,82.5,100.0,3598,806,171,3,2,0,8.337965536409116E-4,0.0024813895781637717,0.0,0.8500000000000001,0.6000000000000001,0.6000000000000001,0.8,90.0,45.0,20.0,0.9500000000000001,0.4,0.30000000000000004,0.8,70.0,70.0,75.0,2360,2356,4,2360,0.001694915254237288,0.33648397073056835,0.5,0.6729679414611367,240,0.10186757215619695,1.0,1
"iteration_1","SCOPE_DATA_COLLECTION",400,6,430.0,490.0,1,2375,1600,600,2349,1498,591,2377,1606,603,4,0,1,0.0016799664006719867,0.0,0.0016556291390728477,0.337367390696822,0.9207996971076071,1.7503009792788937,0.674734781393644,0.9207996971076071,1.1668673195192625,0.1081194783340345,0.660024906600249,0.7960199004975125,82.5,100.0,3598,806,171,3,2,0,8.337965536409116E-4,0.0024813895781637717,0.0,0.8500000000000001,0.6000000000000001,0.6000000000000001,0.8,90.0,45.0,20.0,0.9500000000000001,0.4,0.30000000000000004,0.8,70.0,70.0,75.0,1629,1627,2,1629,0.0012277470841006752,0.9147562485750629,1.0,0.9147562485750629,1078,0.6625691456668715,1.0,1
"iteration_1","SCOPE_DATA_COLLECTION",400,6,430.0,490.0,2,2375,1600,600,2349,1498,591,2377,1606,603,4,0,1,0.0016799664006719867,0.0,0.0016556291390728477,0.337367390696822,0.9207996971076071,1.7503009792788937,0.674734781393644,0.9207996971076071,1.1668673195192625,0.1081194783340345,0.660024906600249,0.7960199004975125,82.5,100.0,3598,806,171,3,2,0,8.337965536409116E-4,0.0024813895781637717,0.0,0.8500000000000001,0.6000000000000001,0.6000000000000001,0.8,90.0,45.0,20.0,0.9500000000000001,0.4,0.30000000000000004,0.8,70.0,70.0,75.0,604,604,0,604,0.0,1.714142105309776,1.5,1.1427614035398508,474,0.7847682119205298,1.0,1
"iteration_1","SCOPE_DATA_COLLECTION",400,7,490.0,550.0,0,2360,1629,604,2375,1600,600,2348,1626,596,4,2,0,0.0017006802721088435,0.0012285012285012285,0.0,0.3362110490483443,0.9146998095500757,1.7112368070932826,0.6724220980966886,0.9146998095500757,1.1408245380621884,0.10221465076660988,0.6629766297662977,0.7835570469798657,92.5,100.0,3607,938,48,6,0,0,0.0016634322151372332,0.0,0.0,0.9500000000000001,0.4,0.30000000000000004,0.8,70.0,70.0,75.0,0.9500000000000001,0.4,0.2,0.9,80.0,60.0,75.0,2377,2375,2,2377,8.413967185527977E-4,0.34121086990060817,0.5,0.6824217398012163,238,0.10021052631578947,1.0,1
"iteration_1","SCOPE_DATA_COLLECTION",400,7,490.0,550.0,1,2360,1629,604,2375,1600,600,2348,1626,596,4,2,0,0.0017006802721088435,0.0012285012285012285,0.0,0.3362110490483443,0.9146998095500757,1.7112368070932826,0.6724220980966886,0.9146998095500757,1.1408245380621884,0.10221465076660988,0.6629766297662977,0.7835570469798657,92.5,100.0,3607,938,48,6,0,0,0.0016634322151372332,0.0,0.0,0.9500000000000001,0.4,0.30000000000000004,0.8,70.0,70.0,75.0,0.9500000000000001,0.4,0.2,0.9,80.0,60.0,75.0,1569,1568,1,1569,6.373486297004461E-4,0.8869620238822483,1.0,0.8869620238822483,1003,0.6396683673469388,1.0,1
"iteration_1","SCOPE_DATA_COLLECTION",400,7,490.0,550.0,2,2360,1629,604,2375,1600,600,2348,1626,596,4,2,0,0.0017006802721088435,0.0012285012285012285,0.0,0.3362110490483443,0.9146998095500757,1.7112368070932826,0.6724220980966886,0.9146998095500757,1.1408245380621884,0.10221465076660988,0.6629766297662977,0.7835570469798657,92.5,100.0,3607,938,48,6,0,0,0.0016634322151372332,0.0,0.0,0.9500000000000001,0.4,0.30000000000000004,0.8,70.0,70.0,75.0,0.9500000000000001,0.4,0.2,0.9,80.0,60.0,75.0,598,598,0,598,0.0,1.7477148693207571,1.5,1.165143246213838,482,0.8060200668896321,1.0,1
"iteration_1","SCOPE_DATA_COLLECTION",400,8,550.0,610.0,0,2377,1569,598,2360,1629,604,2375,1565,597,2,1,0,8.413967185527977E-4,6.385696040868455E-4,0.0,0.34091968725348026,0.8874032685952553,1.7479892072016712,0.6818393745069605,0.8874032685952553,1.1653261381344475,0.09852631578947368,0.6408945686900959,0.8056951423785594,95.0,100.0,3611,886,47,3,0,0,8.307947936859596E-4,0.0,0.0,0.9500000000000001,0.4,0.2,0.9,80.0,60.0,75.0,0.9500000000000001,0.30000000000000004,0.1,0.8,80.0,50.0,75.0,2371,2368,3,2371,0.0012652889076339097,0.35202710468360743,0.5,0.7040542093672149,254,0.10726351351351351,1.0,1
"iteration_1","SCOPE_DATA_COLLECTION",400,8,550.0,610.0,1,2377,1569,598,2360,1629,604,2375,1565,597,2,1,0,8.413967185527977E-4,6.385696040868455E-4,0.0,0.34091968725348026,0.8874032685952553,1.7479892072016712,0.6818393745069605,0.8874032685952553,1.1653261381344475,0.09852631578947368,0.6408945686900959,0.8056951423785594,95.0,100.0,3611,886,47,3,0,0,8.307947936859596E-4,0.0,0.0,0.9500000000000001,0.4,0.2,0.9,80.0,60.0,75.0,0.9500000000000001,0.30000000000000004,0.1,0.8,80.0,50.0,75.0,1534,1531,3,1534,0.001955671447196871,0.9129045975327393,1.0,0.9129045975327393,1008,0.6583932070542129,1.0,1
"iteration_1","SCOPE_DATA_COLLECTION",400,8,550.0,610.0,2,2377,1569,598,2360,1629,604,2375,1565,597,2,1,0,8.413967185527977E-4,6.385696040868455E-4,0.0,0.34091968725348026,0.8874032685952553,1.7479892072016712,0.6818393745069605,0.8874032685952553,1.1653261381344475,0.09852631578947368,0.6408945686900959,0.8056951423785594,95.0,100.0,3611,886,47,3,0,0,8.307947936859596E-4,0.0,0.0,0.9500000000000001,0.4,0.2,0.9,80.0,60.0,75.0,0.9500000000000001,0.30000000000000004,0.1,0.8,80.0,50.0,75.0,614,614,0,614,0.0,1.7640599955530765,1.5,1.1760399970353843,502,0.8175895765472313,1.0,1
"iteration_1","SCOPE_DATA_COLLECTION",400,9,610.0,670.0,0,2371,1534,614,2377,1569,598,2366,1533,620,3,3,0,0.001266357112705783,0.001953125,0.0,0.35252861893892073,0.9133149000578269,1.7647566804900179,0.7050572378778415,0.9133149000578269,1.176504453660012,0.10946745562130178,0.6581865622961514,0.817741935483871,100.0,100.0,3708,775,36,5,1,0,0.001348435814455232,0.0012903225806451613,0.0,0.9500000000000001,0.30000000000000004,0.1,0.8,80.0,50.0,75.0,0.25,0.6000000000000001,0.2,0.30000000000000004,85.0,50.0,25.0,2382,2381,1,2382,4.1981528127623844E-4,0.32992644532480037,0.5,0.6598528906496007,178,0.0747585048299034,1.0,1
"iteration_1","SCOPE_DATA_COLLECTION",400,9,610.0,670.0,1,2371,1534,614,2377,1569,598,2366,1533,620,3,3,0,0.001266357112705783,0.001953125,0.0,0.35252861893892073,0.9133149000578269,1.7647566804900179,0.7050572378778415,0.9133149000578269,1.176504453660012,0.10946745562130178,0.6581865622961514,0.817741935483871,100.0,100.0,3708,775,36,5,1,0,0.001348435814455232,0.0012903225806451613,0.0,0.9500000000000001,0.30000000000000004,0.1,0.8,80.0,50.0,75.0,0.25,0.6000000000000001,0.2,0.30000000000000004,85.0,50.0,25.0,1609,1605,4,1609,0.002486016159105034,0.9087528468390814,1.0,0.9087528468390814,1065,0.6635514018691588,1.0,1
"iteration_1","SCOPE_DATA_COLLECTION",400,9,610.0,670.0,2,2371,1534,614,2377,1569,598,2366,1533,620,3,3,0,0.001266357112705783,0.001953125,0.0,0.35252861893892073,0.9133149000578269,1.7647566804900179,0.7050572378778415,0.9133149000578269,1.176504453660012,0.10946745562130178,0.6581865622961514,0.817741935483871,100.0,100.0,3708,775,36,5,1,0,0.001348435814455232,0.0012903225806451613,0.0,0.9500000000000001,0.30000000000000004,0.1,0.8,80.0,50.0,75.0,0.25,0.6000000000000001,0.2,0.30000000000000004,85.0,50.0,25.0,564,561,3,564,0.005319148936170213,1.6979893904130092,1.5,1.1319929269420062,443,0.7896613190730838,1.0,1
"iteration_1","SCOPE_DATA_COLLECTION",400,10,670.0,730.0,0,2382,1609,564,2371,1534,614,2381,1604,560,1,4,3,4.1981528127623844E-4,0.0024875621890547263,0.0053285968028419185,0.32940788765061774,0.9078806840010395,1.7048548009449302,0.6588157753012355,0.9078806840010395,1.1365698672966202,0.0734985300293994,0.6608478802992519,0.7928571428571428,97.5,100.0,3642,222,691,8,0,0,0.002196595277320154,0.0,0.0,0.25,0.6000000000000001,0.2,0.30000000000000004,85.0,50.0,25.0,0.7000000000000001,0.1,0.8,0.5,30.0,65.0,90.0,2404,2404,0,2404,0.0,0.33620647980652585,0.5,0.6724129596130517,180,0.07487520798668885,1.0,1
"iteration_1","SCOPE_DATA_COLLECTION",400,10,670.0,730.0,1,2382,1609,564,2371,1534,614,2381,1604,560,1,4,3,4.1981528127623844E-4,0.0024875621890547263,0.0053285968028419185,0.32940788765061774,0.9078806840010395,1.7048548009449302,0.6588157753012355,0.9078806840010395,1.1365698672966202,0.0734985300293994,0.6608478802992519,0.7928571428571428,97.5,100.0,3642,222,691,8,0,0,0.002196595277320154,0.0,0.0,0.25,0.6000000000000001,0.2,0.30000000000000004,85.0,50.0,25.0,0.7000000000000001,0.1,0.8,0.5,30.0,65.0,90.0,1596,1595,1,1596,6.265664160401002E-4,0.920425052618573,1.0,0.920425052618573,1044,0.6545454545454545,1.0,1
"iteration_1","SCOPE_DATA_COLLECTION",400,10,670.0,730.0,2,2382,1609,564,2371,1534,614,2381,1604,560,1,4,3,4.1981528127623844E-4,0.0024875621890547263,0.0053285968028419185,0.32940788765061774,0.9078806840010395,1.7048548009449302,0.6588157753012355,0.9078806840010395,1.1365698672966202,0.0734985300293994,0.6608478802992519,0.7928571428571428,97.5,100.0,3642,222,691,8,0,0,0.002196595277320154,0.0,0.0,0.25,0.6000000000000001,0.2,0.30000000000000004,85.0,50.0,25.0,0.7000000000000001,0.1,0.8,0.5,30.0,65.0,90.0,588,587,1,588,0.0017006802721088435,1.7525613993576894,1.5,1.1683742662384595,480,0.817717206132879,1.0,1
"iteration_1","SCOPE_DATA_COLLECTION",400,11,730.0,790.0,0,2404,1596,588,2382,1609,564,2406,1590,590,0,1,1,0.0,6.285355122564425E-4,0.001692047377326565,0.3364780359381016,0.9215865812183748,1.7464702724469139,0.6729560718762032,0.9215865812183748,1.1643135149646093,0.07564422277639235,0.6566037735849056,0.8152542372881356,97.5,100.0,3720,595,273,2,0,0,5.376344086021505E-4,0.0,0.0,0.7000000000000001,0.1,0.8,0.5,30.0,65.0,90.0,0.7000000000000001,0.1,0.8,0.5,20.0,65.0,95.0,2366,2364,2,2366,8.453085376162299E-4,0.3318421087263336,0.5,0.6636842174526671,173,0.07318104906937395,1.0,1
"iteration_1","SCOPE_DATA_COLLECTION",400,11,730.0,790.0,1,2404,1596,588,2382,1609,564,2406,1590,590,0,1,1,0.0,6.285355122564425E-4,0.001692047377326565,0.3364780359381016,0.9215865812183748,1.7464702724469139,0.6729560718762032,0.9215865812183748,1.1643135149646093,0.07564422277639235,0.6566037735849056,0.8152542372881356,97.5,100.0,3720,595,273,2,0,0,5.376344086021505E-4,0.0,0.0,0.7000000000000001,0.1,0.8,0.5,30.0,65.0,90.0,0.7000000000000001,0.1,0.8,0.5,20.0,65.0,95.0,1573,1573,0,1573,0.0,0.9343858267132686,1.0,0.9343858267132686,1066,0.6776859504132231,1.0,1
"iteration_1","SCOPE_DATA_COLLECTION",400,11,730.0,790.0,2,2404,1596,588,2382,1609,564,2406,1590,590,0,1,1,0.0,6.285355122564425E-4,0.001692047377326565,0.3364780359381016,0.9215865812183748,1.7464702724469139,0.6729560718762032,0.9215865812183748,1.1643135149646093,0.07564422277639235,0.6566037735849056,0.8152542372881356,97.5,100.0,3720,595,273,2,0,0,5.376344086021505E-4,0.0,0.0,0.7000000000000001,0.1,0.8,0.5,30.0,65.0,90.0,0.7000000000000001,0.1,0.8,0.5,20.0,65.0,95.0,618,618,0,618,0.0,1.7505507500253084,1.5,1.1670338333502055,500,0.8090614886731392,1.0,1
"iteration_1","SCOPE_DATA_COLLECTION",400,12,790.0,850.0,0,2366,1573,618,2404,1596,588,2363,1576,616,1,0,0,4.2301184433164127E-4,0.0,0.0,0.33179576007539213,0.9322264298226951,1.7540247599737608,0.6635915201507843,0.9322264298226951,1.1693498399825073,0.07363520947947524,0.6782994923857868,0.810064935064935,87.5,100.0,3664,612,281,1,0,0,2.729257641921397E-4,0.0,0.0,0.7000000000000001,0.1,0.8,0.5,20.0,65.0,95.0,0.7000000000000001,0.1,0.8,0.5,20.0,65.0,95.0,2408,2406,2,2408,8.305647840531562E-4,0.34378073302477624,0.5,0.6875614660495525,218,0.09060681629260182,1.0,1
"iteration_1","SCOPE_DATA_COLLECTION",400,12,790.0,850.0,1,2366,1573,618,2404,1596,588,2363,1576,616,1,0,0,4.2301184433164127E-4,0.0,0.0,0.33179576007539213,0.9322264298226951,1.7540247599737608,0.6635915201507843,0.9322264298226951,1.1693498399825073,0.07363520947947524,0.6782994923857868,0.810064935064935,87.5,100.0,3664,612,281,1,0,0,2.729257641921397E-4,0.0,0.0,0.7000000000000001,0.1,0.8,0.5,20.0,65.0,95.0,0.7000000000000001,0.1,0.8,0.5,20.0,65.0,95.0,1593,1592,1,1593,6.277463904582549E-4,0.941397725901991,1.0,0.941397725901991,1089,0.6840452261306532,1.0,1
"iteration_1","SCOPE_DATA_COLLECTION",400,12,790.0,850.0,2,2366,1573,618,2404,1596,588,2363,1576,616,1,0,0,4.2301184433164127E-4,0.0,0.0,0.33179576007539213,0.9322264298226951,1.7540247599737608,0.6635915201507843,0.9322264298226951,1.1693498399825073,0.07363520947947524,0.6782994923857868,0.810064935064935,87.5,100.0,3664,612,281,1,0,0,2.729257641921397E-4,0.0,0.0,0.7000000000000001,0.1,0.8,0.5,20.0,65.0,95.0,0.7000000000000001,0.1,0.8,0.5,20.0,65.0,95.0,590,589,1,590,0.001694915254237288,1.746817193042723,1.5,1.1645447953618153,473,0.8030560271646859,1.0,1
"iteration_1","SCOPE_DATA_COLLECTION",400,13,850.0,910.0,0,2408,1593,590,2366,1573,618,2406,1591,587,3,1,1,0.0012453300124533001,6.28140703517588E-4,0.0017006802721088435,0.34381451844714633,0.9437654373814259,1.7414091973663646,0.6876290368942927,0.9437654373814259,1.1609394649109097,0.0889443059019119,0.6863607793840352,0.8006814310051107,97.5,100.0,3752,602,237,4,1,0,0.0010660980810234541,0.0016611295681063123,0.0,0.7000000000000001,0.1,0.8,0.5,20.0,65.0,95.0,0.7000000000000001,0.1,0.7000000000000001,0.6000000000000001,20.0,55.0,95.0,2402,2401,1,2402,4.1631973355537054E-4,0.3429491547520497,0.5,0.6858983095040994,236,0.0982923781757601,1.0,1
"iteration_1","SCOPE_DATA_COLLECTION",400,13,850.0,910.0,1,2408,1593,590,2366,1573,618,2406,1591,587,3,1,1,0.0012453300124533001,6.28140703517588E-4,0.0017006802721088435,0.34381451844714633,0.9437654373814259,1.7414091973663646,0.6876290368942927,0.9437654373814259,1.1609394649109097,0.0889443059019119,0.6863607793840352,0.8006814310051107,97.5,100.0,3752,602,237,4,1,0,0.0010660980810234541,0.0016611295681063123,0.0,0.7000000000000001,0.1,0.8,0.5,20.0,65.0,95.0,0.7000000000000001,0.1,0.7000000000000001,0.6000000000000001,20.0,55.0,95.0,1616,1615,1,1616,6.188118811881188E-4,0.9283135794661601,1.0,0.9283135794661601,1101,0.6817337461300309,1.0,1
"iteration_1","SCOPE_DATA_COLLECTION",400,13,850.0,910.0,2,2408,1593,590,2366,1573,618,2406,1591,587,3,1,1,0.0012453300124533001,6.28140703517588E-4,0.0017006802721088435,0.34381451844714633,0.9437654373814259,1.7414091973663646,0.6876290368942927,0.9437654373814259,1.1609394649109097,0.0889443059019119,0.6863607793840352,0.8006814310051107,97.5,100.0,3752,602,237,4,1,0,0.0010660980810234541,0.0016611295681063123,0.0,0.7000000000000001,0.1,0.8,0.5,20.0,65.0,95.0,0.7000000000000001,0.1,0.7000000000000001,0.6000000000000001,20.0,55.0,95.0,572,570,2,572,0.0034965034965034965,1.7590576467043657,1.5,1.1727050978029105,465,0.8157894736842105,1.0,1
"iteration_1","SCOPE_DATA_COLLECTION",400,14,910.0,970.0,0,2402,1616,572,2408,1593,590,2403,1613,574,1,1,2,4.1597337770382697E-4,6.195786864931846E-4,0.003472222222222222,0.3431807197565234,0.9277169981577671,1.760797906754724,0.6863614395130468,0.9277169981577671,1.1738652711698159,0.0986267166042447,0.6800991940483571,0.8170731707317073,100.0,100.0,3735,609,246,4,0,0,0.00107095046854083,0.0,0.0,0.7000000000000001,0.1,0.7000000000000001,0.6000000000000001,20.0,55.0,95.0,0.45,0.7000000000000001,0.6000000000000001,0.8,35.0,70.0,50.0,2411,2411,0,2411,0.0,0.3352817286288698,0.5,0.6705634572577396,240,0.09954375777685608,1.0,1
"iteration_1","SCOPE_DATA_COLLECTION",400,14,910.0,970.0,1,2402,1616,572,2408,1593,590,2403,1613,574,1,1,2,4.1597337770382697E-4,6.195786864931846E-4,0.003472222222222222,0.3431807197565234,0.9277169981577671,1.760797906754724,0.6863614395130468,0.9277169981577671,1.1738652711698159,0.0986267166042447,0.6800991940483571,0.8170731707317073,100.0,100.0,3735,609,246,4,0,0,0.00107095046854083,0.0,0.0,0.7000000000000001,0.1,0.7000000000000001,0.6000000000000001,20.0,55.0,95.0,0.45,0.7000000000000001,0.6000000000000001,0.8,35.0,70.0,50.0,1581,1581,0,1581,0.0,0.9106689419571513,1.0,0.9106689419571513,1050,0.6641366223908919,1.0,1
"iteration_1","SCOPE_DATA_COLLECTION",400,14,910.0,970.0,2,2402,1616,572,2408,1593,590,2403,1613,574,1,1,2,4.1597337770382697E-4,6.195786864931846E-4,0.003472222222222222,0.3431807197565234,0.9277169981577671,1.760797906754724,0.6863614395130468,0.9277169981577671,1.1738652711698159,0.0986267166042447,0.6800991940483571,0.8170731707317073,100.0,100.0,3735,609,246,4,0,0,0.00107095046854083,0.0,0.0,0.7000000000000001,0.1,0.7000000000000001,0.6000000000000001,20.0,55.0,95.0,0.45,0.7000000000000001,0.6000000000000001,0.8,35.0,70.0,50.0,575,574,1,575,0.0017391304347826088,1.7372512865575986,1.5,1.1581675243717324,457,0.7961672473867596,1.0,1
"iteration_1","SCOPE_DATA_COLLECTION",400,15,970.0,1030.0,0,2411,1581,575,2402,1616,572,2413,1581,573,0,0,1,0.0,0.0,0.0017421602787456446,0.334943728606323,0.9084248505368856,1.7355948291252836,0.669887457212646,0.9084248505368856,1.1570632194168557,0.09904682967260671,0.661606578115117,0.7958115183246073,90.0,100.0,3651,406,510,1,0,0,2.738975623116954E-4,0.0,0.0,0.45,0.7000000000000001,0.6000000000000001,0.8,35.0,70.0,50.0,0.2,0.1,0.4,0.2,80.0,85.0,75.0,2453,2450,3,2453,0.0012229922543823889,0.35884886981781644,0.5,0.7176977396356329,392,0.16,1.0,1
"iteration_1","SCOPE_DATA_COLLECTION",400,15,970.0,1030.0,1,2411,1581,575,2402,1616,572,2413,1581,573,0,0,1,0.0,0.0,0.0017421602787456446,0.334943728606323,0.9084248505368856,1.7355948291252836,0.669887457212646,0.9084248505368856,1.1570632194168557,0.09904682967260671,0.661606578115117,0.7958115183246073,90.0,100.0,3651,406,510,1,0,0,2.738975623116954E-4,0.0,0.0,0.45,0.7000000000000001,0.6000000000000001,0.8,35.0,70.0,50.0,0.2,0.1,0.4,0.2,80.0,85.0,75.0,1591,1591,0,1591,0.0,0.9300860657641445,1.0,0.9300860657641445,1106,0.6951602765556254,1.0,1
"iteration_1","SCOPE_DATA_COLLECTION",400,15,970.0,1030.0,2,2411,1581,575,2402,1616,572,2413,1581,573,0,0,1,0.0,0.0,0.0017421602787456446,0.334943728606323,0.9084248505368856,1.7355948291252836,0.669887457212646,0.9084248505368856,1.1570632194168557,0.09904682967260671,0.661606578115117,0.7958115183246073,90.0,100.0,3651,406,510,1,0,0,2.738975623116954E-4,0.0,0.0,0.45,0.7000000000000001,0.6000000000000001,0.8,35.0,70.0,50.0,0.2,0.1,0.4,0.2,80.0,85.0,75.0,633,632,1,633,0.001579778830963665,1.7402463713802625,1.5,1.1601642475868417,507,0.8022151898734177,1.0,1
"iteration_1","SCOPE_DATA_COLLECTION",400,16,1030.0,1090.0,0,2453,1591,633,2411,1581,575,2452,1592,626,3,0,1,0.0012219959266802445,0.0,0.001594896331738437,0.359140522938056,0.9315783963302023,1.7440422986638755,0.718281045876112,0.9315783963302023,1.162694865775917,0.16109298531810767,0.6940954773869347,0.8035143769968051,92.5,100.0,3806,192,679,4,0,0,0.0010509721492380452,0.0,0.0,0.2,0.1,0.4,0.2,80.0,85.0,75.0,0.2,0.2,0.30000000000000004,0.30000000000000004,80.0,75.0,65.0,2371,2368,3,2371,0.0012652889076339097,0.3459166552225487,0.5,0.6918333104450974,237,0.10008445945945946,1.0,1
"iteration_1","SCOPE_DATA_COLLECTION",400,16,1030.0,1090.0,1,2453,1591,633,2411,1581,575,2452,1592,626,3,0,1,0.0012219959266802445,0.0,0.001594896331738437,0.359140522938056,0.9315783963302023,1.7440422986638755,0.718281045876112,0.9315783963302023,1.162694865775917,0.16109298531810767,0.6940954773869347,0.8035143769968051,92.5,100.0,3806,192,679,4,0,0,0.0010509721492380452,0.0,0.0,0.2,0.1,0.4,0.2,80.0,85.0,75.0,0.2,0.2,0.30000000000000004,0.30000000000000004,80.0,75.0,65.0,1557,1556,1,1557,6.422607578676942E-4,0.9171725303856281,1.0,0.9171725303856281,1046,0.6722365038560412,1.0,1
"iteration_1","SCOPE_DATA_COLLECTION",400,16,1030.0,1090.0,2,2453,1591,633,2411,1581,575,2452,1592,626,3,0,1,0.0012219959266802445,0.0,0.001594896331738437,0.359140522938056,0.9315783963302023,1.7440422986638755,0.718281045876112,0.9315783963302023,1.162694865775917,0.16109298531810767,0.6940954773869347,0.8035143769968051,92.5,100.0,3806,192,679,4,0,0,0.0010509721492380452,0.0,0.0,0.2,0.1,0.4,0.2,80.0,85.0,75.0,0.2,0.2,0.30000000000000004,0.30000000000000004,80.0,75.0,65.0,594,594,0,594,0.0,1.7771288120995135,1.5,1.1847525413996756,490,0.8249158249158249,1.0,1
"iteration_1","SCOPE_DATA_COLLECTION",400,17,1090.0,1150.0,0,2371,1557,594,2453,1591,633,2365,1561,594,3,1,0,0.001266891891891892,6.402048655569782E-4,0.0,0.3456622513565109,0.918402413726708,1.7717657710119448,0.6913245027130218,0.918402413726708,1.1811771806746298,0.09978858350951374,0.6758488148622678,0.8215488215488216,95.0,100.0,3693,159,670,4,0,0,0.001083130246412131,0.0,0.0,0.2,0.2,0.30000000000000004,0.30000000000000004,80.0,75.0,65.0,0.1,0.2,0.4,0.30000000000000004,70.0,85.0,55.0,2393,2392,1,2393,4.178854993731718E-4,0.349301808292033,0.5,0.698603616584066,272,0.11371237458193979,1.0,1
"iteration_1","SCOPE_DATA_COLLECTION",400,17,1090.0,1150.0,1,2371,1557,594,2453,1591,633,2365,1561,594,3,1,0,0.001266891891891892,6.402048655569782E-4,0.0,0.3456622513565109,0.918402413726708,1.7717657710119448,0.6913245027130218,0.918402413726708,1.1811771806746298,0.09978858350951374,0.6758488148622678,0.8215488215488216,95.0,100.0,3693,159,670,4,0,0,0.001083130246412131,0.0,0.0,0.2,0.2,0.30000000000000004,0.30000000000000004,80.0,75.0,65.0,0.1,0.2,0.4,0.30000000000000004,70.0,85.0,55.0,1593,1592,1,1593,6.277463904582549E-4,0.929141778663434,1.0,0.929141778663434,1080,0.678391959798995,1.0,1
"iteration_1","SCOPE_DATA_COLLECTION",400,17,1090.0,1150.0,2,2371,1557,594,2453,1591,633,2365,1561,594,3,1,0,0.001266891891891892,6.402048655569782E-4,0.0,0.3456622513565109,0.918402413726708,1.7717657710119448,0.6913245027130218,0.918402413726708,1.1811771806746298,0.09978858350951374,0.6758488148622678,0.8215488215488216,95.0,100.0,3693,159,670,4,0,0,0.001083130246412131,0.0,0.0,0.2,0.2,0.30000000000000004,0.30000000000000004,80.0,75.0,65.0,0.1,0.2,0.4,0.30000000000000004,70.0,85.0,55.0,534,533,1,534,0.0018726591760299626,1.7488398115465769,1.5,1.165893207697718,432,0.8105065666041276,1.0,1
"iteration_1","SCOPE_DATA_COLLECTION",400,18,1150.0,1210.0,0,2393,1593,534,2371,1557,594,2397,1598,540,1,1,1,4.170141784820684E-4,6.253908692933083E-4,0.0018484288354898336,0.34962832306882374,0.9286929452460988,1.7537162703073674,0.6992566461376475,0.9286929452460988,1.1691441802049116,0.11389236545682102,0.6777221526908636,0.812962962962963,82.5,100.0,3725,79,716,3,0,0,8.053691275167785E-4,0.0,0.0,0.1,0.2,0.4,0.30000000000000004,70.0,85.0,55.0,0.9500000000000001,0.9,0.1,0.4,85.0,90.0,35.0,2443,2441,2,2443,8.186655751125665E-4,0.3275338350337672,0.5,0.6550676700675344,188,0.07701761573125768,1.0,1
"iteration_1","SCOPE_DATA_COLLECTION",400,18,1150.0,1210.0,1,2393,1593,534,2371,1557,594,2397,1598,540,1,1,1,4.170141784820684E-4,6.253908692933083E-4,0.0018484288354898336,0.34962832306882374,0.9286929452460988,1.7537162703073674,0.6992566461376475,0.9286929452460988,1.1691441802049116,0.11389236545682102,0.6777221526908636,0.812962962962963,82.5,100.0,3725,79,716,3,0,0,8.053691275167785E-4,0.0,0.0,0.1,0.2,0.4,0.30000000000000004,70.0,85.0,55.0,0.9500000000000001,0.9,0.1,0.4,85.0,90.0,35.0,1564,1564,0,1564,0.0,0.892822671543255,1.0,0.892822671543255,1022,0.6534526854219949,1.0,1
"iteration_1","SCOPE_DATA_COLLECTION",400,18,1150.0,1210.0,2,2393,1593,534,2371,1557,594,2397,1598,540,1,1,1,4.170141784820684E-4,6.253908692933083E-4,0.0018484288354898336,0.34962832306882374,0.9286929452460988,1.7537162703073674,0.6992566461376475,0.9286929452460988,1.1691441802049116,0.11389236545682102,0.6777221526908636,0.812962962962963,82.5,100.0,3725,79,716,3,0,0,8.053691275167785E-4,0.0,0.0,0.1,0.2,0.4,0.30000000000000004,70.0,85.0,55.0,0.9500000000000001,0.9,0.1,0.4,85.0,90.0,35.0,599,599,0,599,0.0,1.764156651303136,1.5,1.1761044342020905,488,0.8146911519198664,1.0,1
"iteration_1","SCOPE_DATA_COLLECTION",400,19,1210.0,1270.0,0,2443,1564,599,2393,1593,534,2435,1567,600,2,0,0,8.206811653672548E-4,0.0,0.0,0.3275246778029488,0.8930076851478599,1.7640667431639228,0.6550493556058976,0.8930076851478599,1.1760444954426152,0.07761806981519508,0.6522016592214422,0.815,92.5,100.0,3639,910,57,2,0,0,5.496015388843089E-4,0.0,0.0,0.9500000000000001,0.9,0.1,0.4,85.0,90.0,35.0,0.9500000000000001,0.9,0.1,0.30000000000000004,95.0,90.0,45.0,2426,2424,2,2426,8.244023083264633E-4,0.33011312384491537,0.5,0.6602262476898307,218,0.08993399339933994,1.0,1
"iteration_1","SCOPE_DATA_COLLECTION",400,19,1210.0,1270.0,1,2443,1564,599,2393,1593,534,2435,1567,600,2,0,0,8.206811653672548E-4,0.0,0.0,0.3275246778029488,0.8930076851478599,1.7640667431639228,0.6550493556058976,0.8930076851478599,1.1760444954426152,0.07761806981519508,0.6522016592214422,0.815,92.5,100.0,3639,910,57,2,0,0,5.496015388843089E-4,0.0,0.0,0.9500000000000001,0.9,0.1,0.4,85.0,90.0,35.0,0.9500000000000001,0.9,0.1,0.30000000000000004,95.0,90.0,45.0,1633,1629,4,1633,0.002449479485609308,0.8849464691676728,1.0,0.8849464691676728,1061,0.6513198281154082,1.0,1
"iteration_1","SCOPE_DATA_COLLECTION",400,19,1210.0,1270.0,2,2443,1564,599,2393,1593,534,2435,1567,600,2,0,0,8.206811653672548E-4,0.0,0.0,0.3275246778029488,0.8930076851478599,1.7640667431639228,0.6550493556058976,0.8930076851478599,1.1760444954426152,0.07761806981519508,0.6522016592214422,0.815,92.5,100.0,3639,910,57,2,0,0,5.496015388843089E-4,0.0,0.0,0.9500000000000001,0.9,0.1,0.4,85.0,90.0,35.0,0.9500000000000001,0.9,0.1,0.30000000000000004,95.0,90.0,45.0,646,644,2,646,0.0030959752321981426,1.662002980908359,1.5,1.1080019872722393,488,0.7577639751552795,1.0,1
"iteration_1","SCOPE_DATA_COLLECTION",400,20,1270.0,1330.0,0,2426,1633,646,2443,1564,599,2420,1621,639,2,4,2,8.257638315441783E-4,0.0024615384615384616,0.0031201248049922,0.3298094947849206,0.8850587603485036,1.6590049385279955,0.6596189895698412,0.8850587603485036,1.106003292351997,0.08925619834710743,0.6533004318322023,0.755868544600939,97.5,100.0,3650,1008,47,7,1,0,0.0019178082191780822,9.92063492063492E-4,0.0,0.9500000000000001,0.9,0.1,0.30000000000000004,95.0,90.0,45.0,0.9500000000000001,0.9,0.1,0.4,95.0,95.0,55.0,2368,2366,2,2368,8.445945945945946E-4,0.331107318646259,0.5,0.662214637292518,154,0.0650887573964497,1.0,1
"iteration_1","SCOPE_DATA_COLLECTION",400,20,1270.0,1330.0,1,2426,1633,646,2443,1564,599,2420,1621,639,2,4,2,8.257638315441783E-4,0.0024615384615384616,0.0031201248049922,0.3298094947849206,0.8850587603485036,1.6590049385279955,0.6596189895698412,0.8850587603485036,1.106003292351997,0.08925619834710743,0.6533004318322023,0.755868544600939,97.5,100.0,3650,1008,47,7,1,0,0.0019178082191780822,9.92063492063492E-4,0.0,0.9500000000000001,0.9,0.1,0.30000000000000004,95.0,90.0,45.0,0.9500000000000001,0.9,0.1,0.4,95.0,95.0,55.0,1544,1544,0,1544,0.0,0.921519472094347,1.0,0.921519472094347,1044,0.6761658031088082,1.0,1
"iteration_1","SCOPE_DATA_COLLECTION",400,20,1270.0,1330.0,2,2426,1633,646,2443,1564,599,2420,1621,639,2,4,2,8.257638315441783E-4,0.0024615384615384616,0.0031201248049922,0.3298094947849206,0.8850587603485036,1.6590049385279955,0.6596189895698412,0.8850587603485036,1.106003292351997,0.08925619834710743,0.6533004318322023,0.755868544600939,97.5,100.0,3650,1008,47,7,1,0,0.0019178082191780822,9.92063492063492E-4,0.0,0.9500000000000001,0.9,0.1,0.30000000000000004,95.0,90.0,45.0,0.9500000000000001,0.9,0.1,0.4,95.0,95.0,55.0,587,586,1,587,0.0017035775127768314,1.693630237883933,1.5,1.1290868252559554,459,0.7832764505119454,1.0,1
"iteration_1","SCOPE_DATA_COLLECTION",400,21,1330.0,1390.0,0,2368,1544,587,2426,1633,646,2367,1539,594,2,0,1,8.442380751371887E-4,0.0,0.0016806722689075631,0.33149656668520483,0.9205702067098872,1.6982972892828552,0.6629931333704097,0.9205702067098872,1.1321981928552367,0.06590621039290241,0.6744639376218323,0.7861952861952862,92.5,100.0,3622,832,45,2,1,0,5.521811154058532E-4,0.001201923076923077,0.0,0.9500000000000001,0.9,0.1,0.4,95.0,95.0,55.0,0.9500000000000001,0.9,0.1,0.4,95.0,95.0,55.0,2377,2373,4,2377,0.0016827934371055953,0.33473610659328057,0.5,0.6694722131865611,192,0.08091024020227561,1.0,1
"iteration_1","SCOPE_DATA_COLLECTION",400,21,1330.0,1390.0,1,2368,1544,587,2426,1633,646,2367,1539,594,2,0,1,8.442380751371887E-4,0.0,0.0016806722689075631,0.33149656668520483,0.9205702067098872,1.6982972892828552,0.6629931333704097,0.9205702067098872,1.1321981928552367,0.06590621039290241,0.6744639376218323,0.7861952861952862,92.5,100.0,3622,832,45,2,1,0,5.521811154058532E-4,0.001201923076923077,0.0,0.9500000000000001,0.9,0.1,0.4,95.0,95.0,55.0,0.9500000000000001,0.9,0.1,0.4,95.0,95.0,55.0,1628,1627,1,1628,6.142506142506142E-4,0.8939112067565536,1.0,0.8939112067565536,1051,0.6459741856177013,1.0,1
"iteration_1","SCOPE_DATA_COLLECTION",400,21,1330.0,1390.0,2,2368,1544,587,2426,1633,646,2367,1539,594,2,0,1,8.442380751371887E-4,0.0,0.0016806722689075631,0.33149656668520483,0.9205702067098872,1.6982972892828552,0.6629931333704097,0.9205702067098872,1.1321981928552367,0.06590621039290241,0.6744639376218323,0.7861952861952862,92.5,100.0,3622,832,45,2,1,0,5.521811154058532E-4,0.001201923076923077,0.0,0.9500000000000001,0.9,0.1,0.4,95.0,95.0,55.0,0.9500000000000001,0.9,0.1,0.4,95.0,95.0,55.0,607,606,1,607,0.0016474464579901153,1.6979462402347303,1.5,1.131964160156487,475,0.7838283828382838,1.0,1
"iteration_1","SCOPE_DATA_COLLECTION",400,22,1390.0,1450.0,0,2377,1628,607,2368,1544,587,2377,1631,594,4,1,1,0.0016799664006719867,6.127450980392157E-4,0.0016806722689075631,0.3343590090700166,0.8931081762443442,1.6947157873186751,0.6687180181400332,0.8931081762443442,1.1298105248791168,0.07993268826251577,0.6443899448191294,0.7811447811447811,97.5,100.0,3664,900,48,5,1,0,0.0013646288209606986,0.0011111111111111111,0.0,0.9500000000000001,0.9,0.1,0.4,95.0,95.0,55.0,0.8500000000000001,0.9,0.2,0.30000000000000004,95.0,95.0,45.0,2293,2293,0,2293,0.0,0.3325302474734181,0.5,0.6650604949468362,225,0.09812472743131269,1.0,1
"iteration_1","SCOPE_DATA_COLLECTION",400,22,1390.0,1450.0,1,2377,1628,607,2368,1544,587,2377,1631,594,4,1,1,0.0016799664006719867,6.127450980392157E-4,0.0016806722689075631,0.3343590090700166,0.8931081762443442,1.6947157873186751,0.6687180181400332,0.8931081762443442,1.1298105248791168,0.07993268826251577,0.6443899448191294,0.7811447811447811,97.5,100.0,3664,900,48,5,1,0,0.0013646288209606986,0.0011111111111111111,0.0,0.9500000000000001,0.9,0.1,0.4,95.0,95.0,55.0,0.8500000000000001,0.9,0.2,0.30000000000000004,95.0,95.0,45.0,1636,1635,1,1636,6.112469437652812E-4,0.882502415921556,1.0,0.882502415921556,1049,0.6415902140672783,1.0,1
"iteration_1","SCOPE_DATA_COLLECTION",400,22,1390.0,1450.0,2,2377,1628,607,2368,1544,587,2377,1631,594,4,1,1,0.0016799664006719867,6.127450980392157E-4,0.0016806722689075631,0.3343590090700166,0.8931081762443442,1.6947157873186751,0.6687180181400332,0.8931081762443442,1.1298105248791168,0.07993268826251577,0.6443899448191294,0.7811447811447811,97.5,100.0,3664,900,48,5,1,0,0.0013646288209606986,0.0011111111111111111,0.0,0.9500000000000001,0.9,0.1,0.4,95.0,95.0,55.0,0.8500000000000001,0.9,0.2,0.30000000000000004,95.0,95.0,45.0,590,589,1,590,0.001694915254237288,1.7481675706794948,1.5,1.1654450471196631,476,0.8081494057724957,1.0,1
"iteration_1","SCOPE_DATA_COLLECTION",400,23,1450.0,1510.0,0,2293,1636,590,2377,1628,607,2294,1641,591,0,1,1,0.0,6.090133982947625E-4,0.0016891891891891893,0.3327049107142495,0.8841556397409129,1.7438082665613843,0.665409821428499,0.8841556397409129,1.1625388443742561,0.0989537925021796,0.643510054844607,0.8071065989847716,97.5,100.0,3535,840,144,2,0,0,5.657708628005657E-4,0.0,0.0,0.8500000000000001,0.9,0.2,0.30000000000000004,95.0,95.0,45.0,0.9500000000000001,0.9,0.1,0.4,85.0,95.0,45.0,2395,2393,2,2395,8.350730688935282E-4,0.3367056059534439,0.5,0.6734112119068878,203,0.08483075637275386,1.0,1
"iteration_1","SCOPE_DATA_COLLECTION",400,23,1450.0,1510.0,1,2293,1636,590,2377,1628,607,2294,1641,591,0,1,1,0.0,6.090133982947625E-4,0.0016891891891891893,0.3327049107142495,0.8841556397409129,1.7438082665613843,0.665409821428499,0.8841556397409129,1.1625388443742561,0.0989537925021796,0.643510054844607,0.8071065989847716,97.5,100.0,3535,840,144,2,0,0,5.657708628005657E-4,0.0,0.0,0.8500000000000001,0.9,0.2,0.30000000000000004,95.0,95.0,45.0,0.9500000000000001,0.9,0.1,0.4,85.0,95.0,45.0,1598,1597,1,1598,6.257822277847309E-4,0.8958694542070192,1.0,0.8958694542070192,1010,0.6324358171571697,1.0,1
"iteration_1","SCOPE_DATA_COLLECTION",400,23,1450.0,1510.0,2,2293,1636,590,2377,1628,607,2294,1641,591,0,1,1,0.0,6.090133982947625E-4,0.0016891891891891893,0.3327049107142495,0.8841556397409129,1.7438082665613843,0.665409821428499,0.8841556397409129,1.1625388443742561,0.0989537925021796,0.643510054844607,0.8071065989847716,97.5,100.0,3535,840,144,2,0,0,5.657708628005657E-4,0.0,0.0,0.8500000000000001,0.9,0.2,0.30000000000000004,95.0,95.0,45.0,0.9500000000000001,0.9,0.1,0.4,85.0,95.0,45.0,585,584,1,585,0.0017094017094017094,1.7143360765592024,1.5,1.142890717706135,463,0.7928082191780822,1.0,1
"iteration_1","SCOPE_DATA_COLLECTION",400,24,1510.0,1570.0,0,2395,1598,585,2293,1636,590,2393,1591,590,2,1,1,8.350730688935282E-4,6.28140703517588E-4,0.001692047377326565,0.3367536386351307,0.895260255972806,1.718761548878176,0.6735072772702614,0.895260255972806,1.1458410325854507,0.08399498537400753,0.6329352608422376,0.7949152542372881,85.0,100.0,3688,839,51,4,0,0,0.0010845986984815619,0.0,0.0,0.9500000000000001,0.9,0.1,0.4,85.0,95.0,45.0,0.9500000000000001,0.9,0.1,0.4,85.0,95.0,45.0,2394,2394,0,2394,0.0,0.33413483972981767,0.5,0.6682696794596353,185,0.0772765246449457,1.0,1
"iteration_1","SCOPE_DATA_COLLECTION",400,24,1510.0,1570.0,1,2395,1598,585,2293,1636,590,2393,1591,590,2,1,1,8.350730688935282E-4,6.28140703517588E-4,0.001692047377326565,0.3367536386351307,0.895260255972806,1.718761548878176,0.6735072772702614,0.895260255972806,1.1458410325854507,0.08399498537400753,0.6329352608422376,0.7949152542372881,85.0,100.0,3688,839,51,4,0,0,0.0010845986984815619,0.0,0.0,0.9500000000000001,0.9,0.1,0.4,85.0,95.0,45.0,0.9500000000000001,0.9,0.1,0.4,85.0,95.0,45.0,1620,1617,3,1620,0.001851851851851852,0.8851381078635814,1.0,0.8851381078635814,1039,0.642547928262214,1.0,1
"iteration_1","SCOPE_DATA_COLLECTION",400,24,1510.0,1570.0,2,2395,1598,585,2293,1636,590,2393,1591,590,2,1,1,8.350730688935282E-4,6.28140703517588E-4,0.001692047377326565,0.3367536386351307,0.895260255972806,1.718761548878176,0.6735072772702614,0.895260255972806,1.1458410325854507,0.08399498537400753,0.6329352608422376,0.7949152542372881,85.0,100.0,3688,839,51,4,0,0,0.0010845986984815619,0.0,0.0,0.9500000000000001,0.9,0.1,0.4,85.0,95.0,45.0,0.9500000000000001,0.9,0.1,0.4,85.0,95.0,45.0,585,584,1,585,0.0017094017094017094,1.7212268292398034,1.5,1.1474845528265356,463,0.7928082191780822,1.0,1
"iteration_1","SCOPE_DATA_COLLECTION",400,25,1570.0,1630.0,0,2394,1620,585,2395,1598,585,2397,1617,585,0,3,1,0.0,0.001851851851851852,0.0017064846416382253,0.33425651605896306,0.8856927444221411,1.7260729112239743,0.6685130321179261,0.8856927444221411,1.1507152741493163,0.07801418439716312,0.6413110698824984,0.7948717948717948,92.5,100.0,3647,914,38,3,1,0,8.225939128050452E-4,0.0010940919037199124,0.0,0.9500000000000001,0.9,0.1,0.4,85.0,95.0,45.0,0.7000000000000001,0.5,0.8,0.2,85.0,20.0,70.0,2305,2303,2,2305,8.676789587852494E-4,0.3365836597561562,0.5,0.6731673195123123,218,0.09465914025184542,1.0,1
"iteration_1","SCOPE_DATA_COLLECTION",400,25,1570.0,1630.0,1,2394,1620,585,2395,1598,585,2397,1617,585,0,3,1,0.0,0.001851851851851852,0.0017064846416382253,0.33425651605896306,0.8856927444221411,1.7260729112239743,0.6685130321179261,0.8856927444221411,1.1507152741493163,0.07801418439716312,0.6413110698824984,0.7948717948717948,92.5,100.0,3647,914,38,3,1,0,8.225939128050452E-4,0.0010940919037199124,0.0,0.9500000000000001,0.9,0.1,0.4,85.0,95.0,45.0,0.7000000000000001,0.5,0.8,0.2,85.0,20.0,70.0,1546,1542,4,1546,0.00258732212160414,0.9037322527375256,1.0,0.9037322527375256,1002,0.6498054474708171,1.0,1
"iteration_1","SCOPE_DATA_COLLECTION",400,25,1570.0,1630.0,2,2394,1620,585,2395,1598,585,2397,1617,585,0,3,1,0.0,0.001851851851851852,0.0017064846416382253,0.33425651605896306,0.8856927444221411,1.7260729112239743,0.6685130321179261,0.8856927444221411,1.1507152741493163,0.07801418439716312,0.6413110698824984,0.7948717948717948,92.5,100.0,3647,914,38,3,1,0,8.225939128050452E-4,0.0010940919037199124,0.0,0.9500000000000001,0.9,0.1,0.4,85.0,95.0,45.0,0.7000000000000001,0.5,0.8,0.2,85.0,20.0,70.0,600,599,1,600,0.0016666666666666668,1.7652767867856962,1.5,1.1768511911904642,489,0.8163606010016694,1.0,1
"iteration_1","SCOPE_DATA_COLLECTION",400,26,1630.0,1690.0,0,2305,1546,600,2394,1620,585,2298,1546,595,1,4,1,4.3497172683775554E-4,0.0025806451612903226,0.0016778523489932886,0.3360184915842481,0.9038599599982836,1.7592862140828203,0.6720369831684962,0.9038599599982836,1.1728574760552135,0.09355961705831158,0.6526520051746443,0.8134453781512605,90.0,100.0,3550,617,284,6,0,0,0.0016901408450704226,0.0,0.0,0.7000000000000001,0.5,0.8,0.2,85.0,20.0,70.0,0.7000000000000001,0.4,0.8,0.30000000000000004,95.0,20.0,60.0,2483,2481,2,2483,8.054772452678212E-4,0.33503979633880887,0.5,0.6700795926776177,240,0.09673518742442563,1.0,1
"iteration_1","SCOPE_DATA_COLLECTION",400,26,1630.0,1690.0,1,2305,1546,600,2394,1620,585,2298,1546,595,1,4,1,4.3497172683775554E-4,0.0025806451612903226,0.0016778523489932886,0.3360184915842481,0.9038599599982836,1.7592862140828203,0.6720369831684962,0.9038599599982836,1.1728574760552135,0.09355961705831158,0.6526520051746443,0.8134453781512605,90.0,100.0,3550,617,284,6,0,0,0.0016901408450704226,0.0,0.0,0.7000000000000001,0.5,0.8,0.2,85.0,20.0,70.0,0.7000000000000001,0.4,0.8,0.30000000000000004,95.0,20.0,60.0,1621,1618,3,1621,0.001850709438618137,0.9018980528955699,1.0,0.9018980528955699,1022,0.6316440049443758,1.0,1
"iteration_1","SCOPE_DATA_COLLECTION",400,26,1630.0,1690.0,2,2305,1546,600,2394,1620,585,2298,1546,595,1,4,1,4.3497172683775554E-4,0.0025806451612903226,0.0016778523489932886,0.3360184915842481,0.9038599599982836,1.7592862140828203,0.6720369831684962,0.9038599599982836,1.1728574760552135,0.09355961705831158,0.6526520051746443,0.8134453781512605,90.0,100.0,3550,617,284,6,0,0,0.0016901408450704226,0.0,0.0,0.7000000000000001,0.5,0.8,0.2,85.0,20.0,70.0,0.7000000000000001,0.4,0.8,0.30000000000000004,95.0,20.0,60.0,614,612,2,614,0.003257328990228013,1.6909432184308977,1.5,1.1272954789539318,475,0.7761437908496732,1.0,1
"iteration_1","SCOPE_DATA_COLLECTION",400,27,1690.0,1750.0,0,2483,1621,614,2305,1546,600,2485,1615,607,3,2,2,0.0012057877813504824,0.0012368583797155227,0.003284072249589491,0.3350126461018349,0.9024616356272,1.6912175058878565,0.6700252922036698,0.9024616356272,1.127478337258571,0.09577464788732394,0.631578947368421,0.7759472817133443,100.0,100.0,3702,711,305,5,2,0,0.001350621285791464,0.0028129395218002813,0.0,0.7000000000000001,0.4,0.8,0.30000000000000004,95.0,20.0,60.0,0.8,0.5,0.7000000000000001,0.4,95.0,30.0,60.0,2424,2424,0,2424,0.0,0.34039417132750105,0.5,0.6807883426550021,243,0.10024752475247525,1.0,1
"iteration_1","SCOPE_DATA_COLLECTION",400,27,1690.0,1750.0,1,2483,1621,614,2305,1546,600,2485,1615,607,3,2,2,0.0012057877813504824,0.0012368583797155227,0.003284072249589491,0.3350126461018349,0.9024616356272,1.6912175058878565,0.6700252922036698,0.9024616356272,1.127478337258571,0.09577464788732394,0.631578947368421,0.7759472817133443,100.0,100.0,3702,711,305,5,2,0,0.001350621285791464,0.0028129395218002813,0.0,0.7000000000000001,0.4,0.8,0.30000000000000004,95.0,20.0,60.0,0.8,0.5,0.7000000000000001,0.4,95.0,30.0,60.0,1537,1535,2,1537,0.0013012361743656475,0.9166573394494407,1.0,0.9166573394494407,1031,0.6716612377850163,1.0,1
"iteration_1","SCOPE_DATA_COLLECTION",400,27,1690.0,1750.0,2,2483,1621,614,2305,1546,600,2485,1615,607,3,2,2,0.0012057877813504824,0.0012368583797155227,0.003284072249589491,0.3350126461018349,0.9024616356272,1.6912175058878565,0.6700252922036698,0.9024616356272,1.127478337258571,0.09577464788732394,0.631578947368421,0.7759472817133443,100.0,100.0,3702,711,305,5,2,0,0.001350621285791464,0.0028129395218002813,0.0,0.7000000000000001,0.4,0.8,0.30000000000000004,95.0,20.0,60.0,0.8,0.5,0.7000000000000001,0.4,95.0,30.0,60.0,569,568,1,569,0.0017574692442882249,1.719471147093453,1.5,1.146314098062302,448,0.7887323943661971,1.0,1
"iteration_1","SCOPE_DATA_COLLECTION",400,28,1750.0,1810.0,0,2424,1537,569,2483,1621,614,2419,1533,569,0,3,1,0.0,0.001953125,0.0017543859649122807,0.3410015993259629,0.9167922512718323,1.7255307141685499,0.6820031986519258,0.9167922512718323,1.1503538094457,0.1016949152542373,0.6705805609915199,0.7926186291739895,97.5,100.0,3648,711,171,4,0,0,0.0010964912280701754,0.0,0.0,0.8,0.5,0.7000000000000001,0.4,95.0,30.0,60.0,0.7000000000000001,0.5,0.8,0.4,95.0,30.0,60.0,2399,2398,1,2399,4.1684035014589413E-4,0.33264965552495546,0.5,0.6652993110499109,230,0.09591326105087573,1.0,1
"iteration_1","SCOPE_DATA_COLLECTION",400,28,1750.0,1810.0,1,2424,1537,569,2483,1621,614,2419,1533,569,0,3,1,0.0,0.001953125,0.0017543859649122807,0.3410015993259629,0.9167922512718323,1.7255307141685499,0.6820031986519258,0.9167922512718323,1.1503538094457,0.1016949152542373,0.6705805609915199,0.7926186291739895,97.5,100.0,3648,711,171,4,0,0,0.0010964912280701754,0.0,0.0,0.8,0.5,0.7000000000000001,0.4,95.0,30.0,60.0,0.7000000000000001,0.5,0.8,0.4,95.0,30.0,60.0,1518,1517,1,1518,6.587615283267457E-4,0.9201075246884943,1.0,0.9201075246884943,997,0.6572181938035596,1.0,1
"iteration_1","SCOPE_DATA_COLLECTION",400,28,1750.0,1810.0,2,2424,1537,569,2483,1621,614,2419,1533,569,0,3,1,0.0,0.001953125,0.0017543859649122807,0.3410015993259629,0.9167922512718323,1.7255307141685499,0.6820031986519258,0.9167922512718323,1.1503538094457,0.1016949152542373,0.6705805609915199,0.7926186291739895,97.5,100.0,3648,711,171,4,0,0,0.0010964912280701754,0.0,0.0,0.8,0.5,0.7000000000000001,0.4,95.0,30.0,60.0,0.7000000000000001,0.5,0.8,0.4,95.0,30.0,60.0,632,632,0,632,0.0,1.7252604294972795,1.5,1.150173619664853,497,0.7863924050632911,1.0,1
"iteration_1","SCOPE_DATA_COLLECTION",400,29,1810.0,1870.0,0,2399,1518,632,2424,1537,569,2401,1530,632,1,1,0,4.1631973355537054E-4,6.531678641410843E-4,0.0,0.33245975097071634,0.9194061414344358,1.7158834171186952,0.6649195019414327,0.9194061414344358,1.14392227807913,0.09662640566430654,0.6562091503267974,0.7816455696202531,92.5,100.0,3588,670,291,2,0,0,5.574136008918618E-4,0.0,0.0,0.7000000000000001,0.5,0.8,0.4,95.0,30.0,60.0,0.8,0.5,0.8,0.30000000000000004,95.0,30.0,60.0,2424,2422,2,2424,8.250825082508251E-4,0.34157889562518673,0.5,0.6831577912503735,221,0.09124690338563171,1.0,1
"iteration_1","SCOPE_DATA_COLLECTION",400,29,1810.0,1870.0,1,2399,1518,632,2424,1537,569,2401,1530,632,1,1,0,4.1631973355537054E-4,6.531678641410843E-4,0.0,0.33245975097071634,0.9194061414344358,1.7158834171186952,0.6649195019414327,0.9194061414344358,1.14392227807913,0.09662640566430654,0.6562091503267974,0.7816455696202531,92.5,100.0,3588,670,291,2,0,0,5.574136008918618E-4,0.0,0.0,0.7000000000000001,0.5,0.8,0.4,95.0,30.0,60.0,0.8,0.5,0.8,0.30000000000000004,95.0,30.0,60.0,1600,1598,2,1600,0.00125,0.9186672713512751,1.0,0.9186672713512751,1061,0.6639549436795995,1.0,1
"iteration_1","SCOPE_DATA_COLLECTION",400,29,1810.0,1870.0,2,2399,1518,632,2424,1537,569,2401,1530,632,1,1,0,4.1631973355537054E-4,6.531678641410843E-4,0.0,0.33245975097071634,0.9194061414344358,1.7158834171186952,0.6649195019414327,0.9194061414344358,1.14392227807913,0.09662640566430654,0.6562091503267974,0.7816455696202531,92.5,100.0,3588,670,291,2,0,0,5.574136008918618E-4,0.0,0.0,0.7000000000000001,0.5,0.8,0.4,95.0,30.0,60.0,0.8,0.5,0.8,0.30000000000000004,95.0,30.0,60.0,572,572,0,572,0.0,1.7091519452314874,1.5,1.139434630154325,448,0.7832167832167832,1.0,1
"iteration_1","SCOPE_DATA_COLLECTION",400,30,1870.0,1930.0,0,2424,1600,572,2399,1518,632,2425,1591,571,2,2,0,8.240626287597857E-4,0.0012554927809165098,0.0,0.34179767968591057,0.9180659997611316,1.7120424752753751,0.6835953593718211,0.9180659997611316,1.1413616501835835,0.0911340206185567,0.6643620364550598,0.7845884413309983,100.0,100.0,3694,725,177,3,1,0,8.121277747698972E-4,0.001379310344827586,0.0,0.8,0.5,0.8,0.30000000000000004,95.0,30.0,60.0,0.1,0.8,0.7000000000000001,0.8,45.0,30.0,35.0,2410,2408,2,2410,8.298755186721991E-4,0.3351063052161659,0.5,0.6702126104323318,251,0.1042358803986711,1.0,1
"iteration_1","SCOPE_DATA_COLLECTION",400,30,1870.0,1930.0,1,2424,1600,572,2399,1518,632,2425,1591,571,2,2,0,8.240626287597857E-4,0.0012554927809165098,0.0,0.34179767968591057,0.9180659997611316,1.7120424752753751,0.6835953593718211,0.9180659997611316,1.1413616501835835,0.0911340206185567,0.6643620364550598,0.7845884413309983,100.0,100.0,3694,725,177,3,1,0,8.121277747698972E-4,0.001379310344827586,0.0,0.8,0.5,0.8,0.30000000000000004,95.0,30.0,60.0,0.1,0.8,0.7000000000000001,0.8,45.0,30.0,35.0,1573,1571,2,1573,0.0012714558169103624,0.9170804229708437,1.0,0.9170804229708437,1024,0.6518141311266709,1.0,1
"iteration_1","SCOPE_DATA_COLLECTION",400,30,1870.0,1930.0,2,2424,1600,572,2399,1518,632,2425,1591,571,2,2,0,8.240626287597857E-4,0.0012554927809165098,0.0,0.34179767968591057,0.9180659997611316,1.7120424752753751,0.6835953593718211,0.9180659997611316,1.1413616501835835,0.0911340206185567,0.6643620364550598,0.7845884413309983,100.0,100.0,3694,725,177,3,1,0,8.121277747698972E-4,0.001379310344827586,0.0,0.8,0.5,0.8,0.30000000000000004,95.0,30.0,60.0,0.1,0.8,0.7000000000000001,0.8,45.0,30.0,35.0,595,590,5,595,0.008403361344537815,1.7525780962845448,1.5,1.1683853975230298,470,0.7966101694915254,1.0,1
"iteration_1","SCOPE_DATA_COLLECTION",400,31,1930.0,1990.0,0,2410,1573,595,2424,1600,572,2402,1563,593,2,2,5,8.319467554076539E-4,0.0012779552715654952,0.008361204013377926,0.33468761708341116,0.9163663360725576,1.7565535466671052,0.6693752341668223,0.9163663360725576,1.17103569777807,0.10241465445462115,0.6513115802943058,0.7993254637436762,97.5,100.0,3677,82,819,9,0,0,0.0024476475387544194,0.0,0.0,0.1,0.8,0.7000000000000001,0.8,45.0,30.0,35.0,0.05,0.8,0.6000000000000001,0.7000000000000001,35.0,40.0,35.0,2380,2378,2,2380,8.403361344537816E-4,0.32373974342893597,0.5,0.6474794868578719,210,0.08830950378469302,1.0,1
"iteration_1","SCOPE_DATA_COLLECTION",400,31,1930.0,1990.0,1,2410,1573,595,2424,1600,572,2402,1563,593,2,2,5,8.319467554076539E-4,0.0012779552715654952,0.008361204013377926,0.33468761708341116,0.9163663360725576,1.7565535466671052,0.6693752341668223,0.9163663360725576,1.17103569777807,0.10241465445462115,0.6513115802943058,0.7993254637436762,97.5,100.0,3677,82,819,9,0,0,0.0024476475387544194,0.0,0.0,0.1,0.8,0.7000000000000001,0.8,45.0,30.0,35.0,0.05,0.8,0.6000000000000001,0.7000000000000001,35.0,40.0,35.0,1611,1611,0,1611,0.0,0.8926001663554844,1.0,0.8926001663554844,1044,0.6480446927374302,1.0,1
"iteration_1","SCOPE_DATA_COLLECTION",400,31,1930.0,1990.0,2,2410,1573,595,2424,1600,572,2402,1563,593,2,2,5,8.319467554076539E-4,0.0012779552715654952,0.008361204013377926,0.33468761708341116,0.9163663360725576,1.7565535466671052,0.6693752341668223,0.9163663360725576,1.17103569777807,0.10241465445462115,0.6513115802943058,0.7993254637436762,97.5,100.0,3677,82,819,9,0,0,0.0024476475387544194,0.0,0.0,0.1,0.8,0.7000000000000001,0.8,45.0,30.0,35.0,0.05,0.8,0.6000000000000001,0.7000000000000001,35.0,40.0,35.0,588,587,1,588,0.0017006802721088435,1.7143170629160318,1.5,1.1428780419440212,460,0.7836456558773425,1.0,1
"iteration_1","SCOPE_DATA_COLLECTION",400,32,1990.0,2050.0,0,2380,1611,588,2410,1573,595,2374,1614,592,2,0,1,8.417508417508417E-4,0.0,0.0016863406408094434,0.32402074123910146,0.8929883439463411,1.7191772343598972,0.6480414824782029,0.8929883439463411,1.1461181562399314,0.09056444818871104,0.6474597273853779,0.785472972972973,95.0,100.0,3577,55,947,3,0,0,8.386916410399776E-4,0.0,0.0,0.05,0.8,0.6000000000000001,0.7000000000000001,35.0,40.0,35.0,0.05,0.7000000000000001,0.6000000000000001,0.8,25.0,40.0,35.0,2393,2391,2,2393,8.357709987463436E-4,0.33207607281313495,0.5,0.6641521456262699,230,0.09619406106231702,1.0,1
"iteration_1","SCOPE_DATA_COLLECTION",400,32,1990.0,2050.0,1,2380,1611,588,2410,1573,595,2374,1614,592,2,0,1,8.417508417508417E-4,0.0,0.0016863406408094434,0.32402074123910146,0.8929883439463411,1.7191772343598972,0.6480414824782029,0.8929883439463411,1.1461181562399314,0.09056444818871104,0.6474597273853779,0.785472972972973,95.0,100.0,3577,55,947,3,0,0,8.386916410399776E-4,0.0,0.0,0.05,0.8,0.6000000000000001,0.7000000000000001,35.0,40.0,35.0,0.05,0.7000000000000001,0.6000000000000001,0.8,25.0,40.0,35.0,1547,1543,4,1547,0.002585649644473174,0.8996786347529888,1.0,0.8996786347529888,1016,0.6584575502268308,1.0,1
"iteration_1","SCOPE_DATA_COLLECTION",400,32,1990.0,2050.0,2,2380,1611,588,2410,1573,595,2374,1614,592,2,0,1,8.417508417508417E-4,0.0,0.0016863406408094434,0.32402074123910146,0.8929883439463411,1.7191772343598972,0.6480414824782029,0.8929883439463411,1.1461181562399314,0.09056444818871104,0.6474597273853779,0.785472972972973,95.0,100.0,3577,55,947,3,0,0,8.386916410399776E-4,0.0,0.0,0.05,0.8,0.6000000000000001,0.7000000000000001,35.0,40.0,35.0,0.05,0.7000000000000001,0.6000000000000001,0.8,25.0,40.0,35.0,577,576,1,577,0.0017331022530329288,1.7597685030156596,1.5,1.1731790020104398,468,0.8125,1.0,1
"iteration_1","SCOPE_DATA_COLLECTION",400,33,2050.0,2110.0,0,2393,1547,577,2380,1611,588,2394,1541,571,2,3,1,8.347245409015025E-4,0.0019430051813471502,0.0017482517482517483,0.3320339631691577,0.8974991758684894,1.7507598353217517,0.6640679263383154,0.8974991758684894,1.1671732235478345,0.09523809523809523,0.6560674886437379,0.8073555166374781,100.0,100.0,3609,31,877,6,0,0,0.0016625103906899418,0.0,0.0,0.05,0.7000000000000001,0.6000000000000001,0.8,25.0,40.0,35.0,0.05,0.8,0.7000000000000001,0.9,20.0,40.0,35.0,2369,2367,2,2369,8.442380751371887E-4,0.32706482609464566,0.5,0.6541296521892913,220,0.09294465568229827,1.0,1
"iteration_1","SCOPE_DATA_COLLECTION",400,33,2050.0,2110.0,1,2393,1547,577,2380,1611,588,2394,1541,571,2,3,1,8.347245409015025E-4,0.0019430051813471502,0.0017482517482517483,0.3320339631691577,0.8974991758684894,1.7507598353217517,0.6640679263383154,0.8974991758684894,1.1671732235478345,0.09523809523809523,0.6560674886437379,0.8073555166374781,100.0,100.0,3609,31,877,6,0,0,0.0016625103906899418,0.0,0.0,0.05,0.7000000000000001,0.6000000000000001,0.8,25.0,40.0,35.0,0.05,0.8,0.7000000000000001,0.9,20.0,40.0,35.0,1625,1624,1,1625,6.153846153846154E-4,0.890412558856171,1.0,0.890412558856171,1051,0.6471674876847291,1.0,1
"iteration_1","SCOPE_DATA_COLLECTION",400,33,2050.0,2110.0,2,2393,1547,577,2380,1611,588,2394,1541,571,2,3,1,8.347245409015025E-4,0.0019430051813471502,0.0017482517482517483,0.3320339631691577,0.8974991758684894,1.7507598353217517,0.6640679263383154,0.8974991758684894,1.1671732235478345,0.09523809523809523,0.6560674886437379,0.8073555166374781,100.0,100.0,3609,31,877,6,0,0,0.0016625103906899418,0.0,0.0,0.05,0.7000000000000001,0.6000000000000001,0.8,25.0,40.0,35.0,0.05,0.8,0.7000000000000001,0.9,20.0,40.0,35.0,597,597,0,597,0.0,1.7306104583911344,1.5,1.1537403055940896,477,0.7989949748743719,1.0,1
"iteration_1","SCOPE_DATA_COLLECTION",400,34,2110.0,2170.0,0,2369,1625,597,2393,1547,577,2366,1617,595,2,2,0,8.445945945945946E-4,0.0012353304508956147,0.0,0.32588162465884957,0.8895921633611593,1.7330120382957857,0.6517632493176991,0.8895921633611593,1.155341358863857,0.08960270498732037,0.6499690785405071,0.8016806722689076,97.5,100.0,3608,54,929,4,0,0,0.0011086474501108647,0.0,0.0,0.05,0.8,0.7000000000000001,0.9,20.0,40.0,35.0,0.15000000000000002,0.9,0.8,0.9,20.0,50.0,25.0,2399,2399,0,2399,0.0,0.3214229501574489,0.5,0.6428459003148977,184,0.07669862442684452,1.0,1
"iteration_1","SCOPE_DATA_COLLECTION",400,34,2110.0,2170.0,1,2369,1625,597,2393,1547,577,2366,1617,595,2,2,0,8.445945945945946E-4,0.0012353304508956147,0.0,0.32588162465884957,0.8895921633611593,1.7330120382957857,0.6517632493176991,0.8895921633611593,1.155341358863857,0.08960270498732037,0.6499690785405071,0.8016806722689076,97.5,100.0,3608,54,929,4,0,0,0.0011086474501108647,0.0,0.0,0.05,0.8,0.7000000000000001,0.9,20.0,40.0,35.0,0.15000000000000002,0.9,0.8,0.9,20.0,50.0,25.0,1542,1542,0,1542,0.0,0.8901613398820464,1.0,0.8901613398820464,982,0.6368352788586251,1.0,1
"iteration_1","SCOPE_DATA_COLLECTION",400,34,2110.0,2170.0,2,2369,1625,597,2393,1547,577,2366,1617,595,2,2,0,8.445945945945946E-4,0.0012353304508956147,0.0,0.32588162465884957,0.8895921633611593,1.7330120382957857,0.6517632493176991,0.8895921633611593,1.155341358863857,0.08960270498732037,0.6499690785405071,0.8016806722689076,97.5,100.0,3608,54,929,4,0,0,0.0011086474501108647,0.0,0.0,0.05,0.8,0.7000000000000001,0.9,20.0,40.0,35.0,0.15000000000000002,0.9,0.8,0.9,20.0,50.0,25.0,631,628,3,631,0.004754358161648178,1.7296868423402039,1.5,1.153124561560136,499,0.7945859872611465,1.0,1
"iteration_1","SCOPE_DATA_COLLECTION",400,35,2170.0,2230.0,0,2399,1542,631,2369,1625,597,2402,1548,632,0,0,3,0.0,0.0,0.004724409448818898,0.32238005649873613,0.8930243167208354,1.727938858394666,0.6447601129974723,0.8930243167208354,1.1519592389297773,0.07951706910907577,0.6375968992248062,0.7927215189873418,97.5,100.0,3562,156,854,3,0,0,8.422234699606962E-4,0.0,0.0,0.15000000000000002,0.9,0.8,0.9,20.0,50.0,25.0,0.7000000000000001,0.2,0.9,0.5,30.0,45.0,75.0,2406,2404,2,2406,8.312551953449709E-4,0.33716741625140306,0.5,0.6743348325028061,193,0.0802828618968386,1.0,1
"iteration_1","SCOPE_DATA_COLLECTION",400,35,2170.0,2230.0,1,2399,1542,631,2369,1625,597,2402,1548,632,0,0,3,0.0,0.0,0.004724409448818898,0.32238005649873613,0.8930243167208354,1.727938858394666,0.6447601129974723,0.8930243167208354,1.1519592389297773,0.07951706910907577,0.6375968992248062,0.7927215189873418,97.5,100.0,3562,156,854,3,0,0,8.422234699606962E-4,0.0,0.0,0.15000000000000002,0.9,0.8,0.9,20.0,50.0,25.0,0.7000000000000001,0.2,0.9,0.5,30.0,45.0,75.0,1603,1602,1,1603,6.238303181534623E-4,0.911290839249967,1.0,0.911290839249967,1056,0.6591760299625468,1.0,1
"iteration_1","SCOPE_DATA_COLLECTION",400,35,2170.0,2230.0,2,2399,1542,631,2369,1625,597,2402,1548,632,0,0,3,0.0,0.0,0.004724409448818898,0.32238005649873613,0.8930243167208354,1.727938858394666,0.6447601129974723,0.8930243167208354,1.1519592389297773,0.07951706910907577,0.6375968992248062,0.7927215189873418,97.5,100.0,3562,156,854,3,0,0,8.422234699606962E-4,0.0,0.0,0.15000000000000002,0.9,0.8,0.9,20.0,50.0,25.0,0.7000000000000001,0.2,0.9,0.5,30.0,45.0,75.0,612,612,0,612,0.0,1.6987337287150672,1.5,1.1324891524767116,477,0.7794117647058824,1.0,1
"iteration_1","SCOPE_DATA_COLLECTION",400,36,2230.0,2290.0,0,2406,1603,612,2399,1542,631,2409,1609,610,2,1,0,8.295313148071339E-4,6.211180124223603E-4,0.0,0.3374935022152725,0.9119432861440712,1.701173610748577,0.674987004430545,0.9119432861440712,1.1341157404990514,0.0813615608136156,0.6606587942821628,0.780327868852459,87.5,100.0,3697,657,267,2,1,0,5.409791723018664E-4,0.0015220700152207,0.0,0.7000000000000001,0.2,0.9,0.5,30.0,45.0,75.0,0.6000000000000001,0.30000000000000004,0.9,0.5,30.0,45.0,65.0,2381,2380,1,2381,4.1999160016799666E-4,0.3386191933977917,0.5,0.6772383867955833,190,0.07983193277310924,1.0,1
"iteration_1","SCOPE_DATA_COLLECTION",400,36,2230.0,2290.0,1,2406,1603,612,2399,1542,631,2409,1609,610,2,1,0,8.295313148071339E-4,6.211180124223603E-4,0.0,0.3374935022152725,0.9119432861440712,1.701173610748577,0.674987004430545,0.9119432861440712,1.1341157404990514,0.0813615608136156,0.6606587942821628,0.780327868852459,87.5,100.0,3697,657,267,2,1,0,5.409791723018664E-4,0.0015220700152207,0.0,0.7000000000000001,0.2,0.9,0.5,30.0,45.0,75.0,0.6000000000000001,0.30000000000000004,0.9,0.5,30.0,45.0,65.0,1519,1518,1,1519,6.583278472679394E-4,0.9102396760111839,1.0,0.9102396760111839,995,0.6554677206851119,1.0,1
"iteration_1","SCOPE_DATA_COLLECTION",400,36,2230.0,2290.0,2,2406,1603,612,2399,1542,631,2409,1609,610,2,1,0,8.295313148071339E-4,6.211180124223603E-4,0.0,0.3374935022152725,0.9119432861440712,1.701173610748577,0.674987004430545,0.9119432861440712,1.1341157404990514,0.0813615608136156,0.6606587942821628,0.780327868852459,87.5,100.0,3697,657,267,2,1,0,5.409791723018664E-4,0.0015220700152207,0.0,0.7000000000000001,0.2,0.9,0.5,30.0,45.0,75.0,0.6000000000000001,0.30000000000000004,0.9,0.5,30.0,45.0,65.0,572,568,4,572,0.006993006993006993,1.7711116804645608,1.5,1.1807411203097071,464,0.8169014084507042,1.0,1
"iteration_1","SCOPE_DATA_COLLECTION",400,37,2290.0,2350.0,0,2381,1519,572,2406,1603,612,2382,1514,566,1,1,4,4.19639110365086E-4,6.600660066006601E-4,0.007017543859649123,0.3385580639862093,0.9078085163763043,1.7701544853034197,0.6771161279724186,0.9078085163763043,1.1801029902022797,0.07976490344248531,0.6512549537648613,0.8180212014134276,92.5,100.0,3640,470,362,5,1,0,0.0013736263736263737,0.002127659574468085,0.0,0.6000000000000001,0.30000000000000004,0.9,0.5,30.0,45.0,65.0,0.6000000000000001,0.2,0.8,0.4,20.0,45.0,75.0,2452,2450,2,2452,8.156606851549756E-4,0.33800999998947096,0.5,0.6760199999789419,225,0.09183673469387756,1.0,1
"iteration_1","SCOPE_DATA_COLLECTION",400,37,2290.0,2350.0,1,2381,1519,572,2406,1603,612,2382,1514,566,1,1,4,4.19639110365086E-4,6.600660066006601E-4,0.007017543859649123,0.3385580639862093,0.9078085163763043,1.7701544853034197,0.6771161279724186,0.9078085163763043,1.1801029902022797,0.07976490344248531,0.6512549537648613,0.8180212014134276,92.5,100.0,3640,470,362,5,1,0,0.0013736263736263737,0.002127659574468085,0.0,0.6000000000000001,0.30000000000000004,0.9,0.5,30.0,45.0,65.0,0.6000000000000001,0.2,0.8,0.4,20.0,45.0,75.0,1670,1669,1,1670,5.988023952095808E-4,0.9063858023449156,1.0,0.9063858023449156,1084,0.6494907130017975,1.0,1
"iteration_1","SCOPE_DATA_COLLECTION",400,37,2290.0,2350.0,2,2381,1519,572,2406,1603,612,2382,1514,566,1,1,4,4.19639110365086E-4,6.600660066006601E-4,0.007017543859649123,0.3385580639862093,0.9078085163763043,1.7701544853034197,0.6771161279724186,0.9078085163763043,1.1801029902022797,0.07976490344248531,0.6512549537648613,0.8180212014134276,92.5,100.0,3640,470,362,5,1,0,0.0013736263736263737,0.002127659574468085,0.0,0.6000000000000001,0.30000000000000004,0.9,0.5,30.0,45.0,65.0,0.6000000000000001,0.2,0.8,0.4,20.0,45.0,75.0,595,593,2,595,0.0033613445378151263,1.724481587926508,1.5,1.1496543919510054,467,0.7875210792580101,1.0,1
"iteration_1","SCOPE_DATA_COLLECTION",400,38,2350.0,2410.0,0,2452,1670,595,2381,1519,572,2435,1672,597,2,1,2,8.206811653672548E-4,5.977286312014345E-4,0.00333889816360601,0.33757946473016864,0.9088472266278186,1.726174707508605,0.6751589294603373,0.9088472266278186,1.1507831383390699,0.09117043121149897,0.652511961722488,0.7872696817420436,95.0,100.0,3741,560,416,5,0,0,0.0013365410318096765,0.0,0.0,0.6000000000000001,0.2,0.8,0.4,20.0,45.0,75.0,0.6000000000000001,0.2,0.9,0.4,30.0,35.0,85.0,2400,2397,3,2400,0.00125,0.3422566902848932,0.5,0.6845133805697864,267,0.1113892365456821,1.0,1
"iteration_1","SCOPE_DATA_COLLECTION",400,38,2350.0,2410.0,1,2452,1670,595,2381,1519,572,2435,1672,597,2,1,2,8.206811653672548E-4,5.977286312014345E-4,0.00333889816360601,0.33757946473016864,0.9088472266278186,1.726174707508605,0.6751589294603373,0.9088472266278186,1.1507831383390699,0.09117043121149897,0.652511961722488,0.7872696817420436,95.0,100.0,3741,560,416,5,0,0,0.0013365410318096765,0.0,0.0,0.6000000000000001,0.2,0.8,0.4,20.0,45.0,75.0,0.6000000000000001,0.2,0.9,0.4,30.0,35.0,85.0,1557,1555,2,1557,0.0012845215157353885,0.9032720781628969,1.0,0.9032720781628969,1002,0.6443729903536978,1.0,1
"iteration_1","SCOPE_DATA_COLLECTION",400,38,2350.0,2410.0,2,2452,1670,595,2381,1519,572,2435,1672,597,2,1,2,8.206811653672548E-4,5.977286312014345E-4,0.00333889816360601,0.33757946473016864,0.9088472266278186,1.726174707508605,0.6751589294603373,0.9088472266278186,1.1507831383390699,0.09117043121149897,0.652511961722488,0.7872696817420436,95.0,100.0,3741,560,416,5,0,0,0.0013365410318096765,0.0,0.0,0.6000000000000001,0.2,0.8,0.4,20.0,45.0,75.0,0.6000000000000001,0.2,0.9,0.4,30.0,35.0,85.0,594,589,5,594,0.008417508417508417,1.767962183856042,1.5,1.178641455904028,480,0.8149405772495756,1.0,1
"iteration_1","SCOPE_DATA_COLLECTION",400,39,2410.0,2470.0,0,2400,1557,594,2452,1670,595,2405,1551,586,3,2,5,0.0012458471760797341,0.00128783000643915,0.008460236886632826,0.34211429660003406,0.9035654254078085,1.7625070616370204,0.6842285932000681,0.9035654254078085,1.1750047077580137,0.10935550935550936,0.6434558349451966,0.8122866894197952,90.0,100.0,3636,548,367,10,0,0,0.0027502750275027505,0.0,0.0,0.6000000000000001,0.2,0.9,0.4,30.0,35.0,85.0,0.9,0.8,0.8,0.2,50.0,45.0,25.0,2383,2380,3,2383,0.001258917331095258,0.3313108626602295,0.5,0.662621725320459,203,0.08529411764705883,1.0,1
"iteration_1","SCOPE_DATA_COLLECTION",400,39,2410.0,2470.0,1,2400,1557,594,2452,1670,595,2405,1551,586,3,2,5,0.0012458471760797341,0.00128783000643915,0.008460236886632826,0.34211429660003406,0.9035654254078085,1.7625070616370204,0.6842285932000681,0.9035654254078085,1.1750047077580137,0.10935550935550936,0.6434558349451966,0.8122866894197952,90.0,100.0,3636,548,367,10,0,0,0.0027502750275027505,0.0,0.0,0.6000000000000001,0.2,0.9,0.4,30.0,35.0,85.0,0.9,0.8,0.8,0.2,50.0,45.0,25.0,1580,1579,1,1580,6.329113924050633E-4,0.8896604102270247,1.0,0.8896604102270247,1021,0.6466117796073464,1.0,1
"iteration_1","SCOPE_DATA_COLLECTION",400,39,2410.0,2470.0,2,2400,1557,594,2452,1670,595,2405,1551,586,3,2,5,0.0012458471760797341,0.00128783000643915,0.008460236886632826,0.34211429660003406,0.9035654254078085,1.7625070616370204,0.6842285932000681,0.9035654254078085,1.1750047077580137,0.10935550935550936,0.6434558349451966,0.8122866894197952,90.0,100.0,3636,548,367,10,0,0,0.0027502750275027505,0.0,0.0,0.6000000000000001,0.2,0.9,0.4,30.0,35.0,85.0,0.9,0.8,0.8,0.2,50.0,45.0,25.0,593,592,1,593,0.0016863406408094434,1.744074954238387,1.5,1.1627166361589247,477,0.8057432432432432,1.0,1
"iteration_1","SCOPE_DATA_COLLECTION",400,40,2470.0,2530.0,0,2383,1580,593,2400,1557,594,2382,1582,599,3,1,1,0.0012578616352201257,6.317119393556538E-4,0.0016666666666666668,0.3319398533974371,0.8875122188761839,1.749163484167187,0.6638797067948742,0.8875122188761839,1.1661089894447914,0.08816120906801007,0.6447534766118836,0.8080133555926544,85.0,100.0,3576,882,98,5,0,0,0.0013982102908277406,0.0,0.0,0.9,0.8,0.8,0.2,50.0,45.0,25.0,0.2,0.7000000000000001,0.7000000000000001,0.7000000000000001,75.0,90.0,60.0,2531,2526,5,2531,0.0019755037534571317,0.3349873079419855,0.5,0.669974615883971,242,0.0958036421219319,1.0,1
"iteration_1","SCOPE_DATA_COLLECTION",400,40,2470.0,2530.0,1,2383,1580,593,2400,1557,594,2382,1582,599,3,1,1,0.0012578616352201257,6.317119393556538E-4,0.0016666666666666668,0.3319398533974371,0.8875122188761839,1.749163484167187,0.6638797067948742,0.8875122188761839,1.1661089894447914,0.08816120906801007,0.6447534766118836,0.8080133555926544,85.0,100.0,3576,882,98,5,0,0,0.0013982102908277406,0.0,0.0,0.9,0.8,0.8,0.2,50.0,45.0,25.0,0.2,0.7000000000000001,0.7000000000000001,0.7000000000000001,75.0,90.0,60.0,1592,1592,0,1592,0.0,0.8994924506098991,1.0,0.8994924506098991,1030,0.6469849246231156,1.0,1
"iteration_1","SCOPE_DATA_COLLECTION",400,40,2470.0,2530.0,2,2383,1580,593,2400,1557,594,2382,1582,599,3,1,1,0.0012578616352201257,6.317119393556538E-4,0.0016666666666666668,0.3319398533974371,0.8875122188761839,1.749163484167187,0.6638797067948742,0.8875122188761839,1.1661089894447914,0.08816120906801007,0.6447534766118836,0.8080133555926544,85.0,100.0,3576,882,98,5,0,0,0.0013982102908277406,0.0,0.0,0.9,0.8,0.8,0.2,50.0,45.0,25.0,0.2,0.7000000000000001,0.7000000000000001,0.7000000000000001,75.0,90.0,60.0,606,604,2,606,0.0033003300330033004,1.6912885621897489,1.5,1.1275257081264993,462,0.7649006622516556,1.0,1
"iteration_1","SCOPE_DATA_COLLECTION",400,41,2530.0,2590.0,0,2531,1592,606,2383,1580,593,2520,1588,602,5,0,2,0.0019801980198019802,0.0,0.0033112582781456954,0.3346786157642997,0.8991947485151072,1.6907210384602565,0.6693572315285994,0.8991947485151072,1.1271473589735044,0.09563492063492063,0.6479848866498741,0.7641196013289037,100.0,100.0,3721,204,804,7,0,0,0.0018812147272238647,0.0,0.0,0.2,0.7000000000000001,0.7000000000000001,0.7000000000000001,75.0,90.0,60.0,0.2,0.7000000000000001,0.7000000000000001,0.7000000000000001,75.0,90.0,60.0,2358,2355,3,2358,0.001272264631043257,0.3224774605984818,0.5,0.6449549211969636,201,0.08535031847133757,1.0,1
"iteration_1","SCOPE_DATA_COLLECTION",400,41,2530.0,2590.0,1,2531,1592,606,2383,1580,593,2520,1588,602,5,0,2,0.0019801980198019802,0.0,0.0033112582781456954,0.3346786157642997,0.8991947485151072,1.6907210384602565,0.6693572315285994,0.8991947485151072,1.1271473589735044,0.09563492063492063,0.6479848866498741,0.7641196013289037,100.0,100.0,3721,204,804,7,0,0,0.0018812147272238647,0.0,0.0,0.2,0.7000000000000001,0.7000000000000001,0.7000000000000001,75.0,90.0,60.0,0.2,0.7000000000000001,0.7000000000000001,0.7000000000000001,75.0,90.0,60.0,1601,1601,0,1601,0.0,0.9000793854357658,1.0,0.9000793854357658,1017,0.6352279825109307,1.0,1
"iteration_1","SCOPE_DATA_COLLECTION",400,41,2530.0,2590.0,2,2531,1592,606,2383,1580,593,2520,1588,602,5,0,2,0.0019801980198019802,0.0,0.0033112582781456954,0.3346786157642997,0.8991947485151072,1.6907210384602565,0.6693572315285994,0.8991947485151072,1.1271473589735044,0.09563492063492063,0.6479848866498741,0.7641196013289037,100.0,100.0,3721,204,804,7,0,0,0.0018812147272238647,0.0,0.0,0.2,0.7000000000000001,0.7000000000000001,0.7000000000000001,75.0,90.0,60.0,0.2,0.7000000000000001,0.7000000000000001,0.7000000000000001,75.0,90.0,60.0,585,584,1,585,0.0017094017094017094,1.76102107897514,1.5,1.1740140526500933,471,0.8065068493150684,1.0,1
"iteration_1","SCOPE_DATA_COLLECTION",400,42,2590.0,2650.0,0,2358,1601,585,2531,1592,606,2361,1604,588,3,0,1,0.0012690355329949238,0.0,0.001697792869269949,0.32274852828457146,0.9015316552122922,1.761732340647414,0.6454970565691429,0.9015316552122922,1.174488227098276,0.08513341804320203,0.635286783042394,0.8078231292517006,90.0,100.0,3553,189,802,4,0,0,0.001125809175344779,0.0,0.0,0.2,0.7000000000000001,0.7000000000000001,0.7000000000000001,75.0,90.0,60.0,0.2,0.7000000000000001,0.7000000000000001,0.7000000000000001,75.0,90.0,60.0,2400,2399,1,2400,4.166666666666667E-4,0.328819122122544,0.5,0.657638244245088,179,0.07461442267611505,1.0,1
"iteration_1","SCOPE_DATA_COLLECTION",400,42,2590.0,2650.0,1,2358,1601,585,2531,1592,606,2361,1604,588,3,0,1,0.0012690355329949238,0.0,0.001697792869269949,0.32274852828457146,0.9015316552122922,1.761732340647414,0.6454970565691429,0.9015316552122922,1.174488227098276,0.08513341804320203,0.635286783042394,0.8078231292517006,90.0,100.0,3553,189,802,4,0,0,0.001125809175344779,0.0,0.0,0.2,0.7000000000000001,0.7000000000000001,0.7000000000000001,75.0,90.0,60.0,0.2,0.7000000000000001,0.7000000000000001,0.7000000000000001,75.0,90.0,60.0,1554,1553,1,1554,6.435006435006435E-4,0.9184187908601246,1.0,0.9184187908601246,1032,0.6645202833226014,1.0,1
"iteration_1","SCOPE_DATA_COLLECTION",400,42,2590.0,2650.0,2,2358,1601,585,2531,1592,606,2361,1604,588,3,0,1,0.0012690355329949238,0.0,0.001697792869269949,0.32274852828457146,0.9015316552122922,1.761732340647414,0.6454970565691429,0.9015316552122922,1.174488227098276,0.08513341804320203,0.635286783042394,0.8078231292517006,90.0,100.0,3553,189,802,4,0,0,0.001125809175344779,0.0,0.0,0.2,0.7000000000000001,0.7000000000000001,0.7000000000000001,75.0,90.0,60.0,0.2,0.7000000000000001,0.7000000000000001,0.7000000000000001,75.0,90.0,60.0,547,547,0,547,0.0,1.7151494286328448,1.5,1.1434329524218965,430,0.7861060329067642,1.0,1
"iteration_1","SCOPE_DATA_COLLECTION",400,43,2650.0,2710.0,0,2400,1554,547,2358,1601,585,2397,1553,547,1,1,0,4.170141784820684E-4,6.435006435006435E-4,0.0,0.32889370037740273,0.9181434540385524,1.7179788872970592,0.6577874007548055,0.9181434540385524,1.1453192581980394,0.07467667918231122,0.6645202833226014,0.7879341864716636,92.5,100.0,3657,153,691,2,0,0,5.468963631391851E-4,0.0,0.0,0.2,0.7000000000000001,0.7000000000000001,0.7000000000000001,75.0,90.0,60.0,0.9,0.4,0.5,0.6000000000000001,35.0,35.0,85.0,2323,2322,1,2323,4.3047783039173483E-4,0.3423842375834192,0.5,0.6847684751668384,242,0.10422049956933678,1.0,1
"iteration_1","SCOPE_DATA_COLLECTION",400,43,2650.0,2710.0,1,2400,1554,547,2358,1601,585,2397,1553,547,1,1,0,4.170141784820684E-4,6.435006435006435E-4,0.0,0.32889370037740273,0.9181434540385524,1.7179788872970592,0.6577874007548055,0.9181434540385524,1.1453192581980394,0.07467667918231122,0.6645202833226014,0.7879341864716636,92.5,100.0,3657,153,691,2,0,0,5.468963631391851E-4,0.0,0.0,0.2,0.7000000000000001,0.7000000000000001,0.7000000000000001,75.0,90.0,60.0,0.9,0.4,0.5,0.6000000000000001,35.0,35.0,85.0,1546,1544,2,1546,0.00129366106080207,0.9086945873139245,1.0,0.9086945873139245,1001,0.6483160621761658,1.0,1
"iteration_1","SCOPE_DATA_COLLECTION",400,43,2650.0,2710.0,2,2400,1554,547,2358,1601,585,2397,1553,547,1,1,0,4.170141784820684E-4,6.435006435006435E-4,0.0,0.32889370037740273,0.9181434540385524,1.7179788872970592,0.6577874007548055,0.9181434540385524,1.1453192581980394,0.07467667918231122,0.6645202833226014,0.7879341864716636,92.5,100.0,3657,153,691,2,0,0,5.468963631391851E-4,0.0,0.0,0.2,0.7000000000000001,0.7000000000000001,0.7000000000000001,75.0,90.0,60.0,0.9,0.4,0.5,0.6000000000000001,35.0,35.0,85.0,632,628,4,632,0.006329113924050633,1.7525467350192412,1.5,1.1683644900128274,509,0.8105095541401274,1.0,1
"iteration_1","SCOPE_DATA_COLLECTION",400,44,2710.0,2770.0,0,2323,1546,632,2400,1554,547,2321,1541,623,1,2,4,4.306632213608958E-4,0.0012961762799740765,0.006379585326953748,0.3423410313075328,0.9095033319219574,1.7504412507611622,0.6846820626150656,0.9095033319219574,1.1669608338407749,0.1046962516156829,0.6476314081765088,0.8089887640449438,100.0,100.0,3613,790,98,7,0,0,0.0019374481040686411,0.0,0.0,0.9,0.4,0.5,0.6000000000000001,35.0,35.0,85.0,0.9,0.4,0.5,0.6000000000000001,35.0,35.0,85.0,2380,2379,1,2380,4.201680672268908E-4,0.339819995464698,0.5,0.679639990929396,263,0.1105506515342581,1.0,1
"iteration_1","SCOPE_DATA_COLLECTION",400,44,2710.0,2770.0,1,2323,1546,632,2400,1554,547,2321,1541,623,1,2,4,4.306632213608958E-4,0.0012961762799740765,0.006379585326953748,0.3423410313075328,0.9095033319219574,1.7504412507611622,0.6846820626150656,0.9095033319219574,1.1669608338407749,0.1046962516156829,0.6476314081765088,0.8089887640449438,100.0,100.0,3613,790,98,7,0,0,0.0019374481040686411,0.0,0.0,0.9,0.4,0.5,0.6000000000000001,35.0,35.0,85.0,0.9,0.4,0.5,0.6000000000000001,35.0,35.0,85.0,1535,1533,2,1535,0.0013029315960912053,0.9281911780433064,1.0,0.9281911780433064,1010,0.6588388780169602,1.0,1
"iteration_1","SCOPE_DATA_COLLECTION",400,44,2710.0,2770.0,2,2323,1546,632,2400,1554,547,2321,1541,623,1,2,4,4.306632213608958E-4,0.0012961762799740765,0.006379585326953748,0.3423410313075328,0.9095033319219574,1.7504412507611622,0.6846820626150656,0.9095033319219574,1.1669608338407749,0.1046962516156829,0.6476314081765088,0.8089887640449438,100.0,100.0,3613,790,98,7,0,0,0.0019374481040686411,0.0,0.0,0.9,0.4,0.5,0.6000000000000001,35.0,35.0,85.0,0.9,0.4,0.5,0.6000000000000001,35.0,35.0,85.0,613,612,1,613,0.0016313213703099511,1.7285975601112538,1.5,1.1523983734075025,482,0.7875816993464052,1.0,1
"iteration_1","SCOPE_DATA_COLLECTION",400,45,2770.0,2830.0,0,2380,1535,613,2323,1546,632,2382,1542,614,1,2,1,4.19639110365086E-4,0.0012953367875647669,0.0016260162601626016,0.33978742503886333,0.9275099716108905,1.726633437279669,0.6795748500777267,0.9275099716108905,1.151088958186446,0.10999160369437448,0.6595330739299611,0.7866449511400652,87.5,100.0,3602,844,82,3,1,0,8.32870627429206E-4,0.001184834123222749,0.0,0.9,0.4,0.5,0.6000000000000001,35.0,35.0,85.0,0.8,0.5,0.4,0.7000000000000001,35.0,35.0,95.0,2387,2384,3,2387,0.0012568077084206116,0.3321095784950049,0.5,0.6642191569900098,206,0.08640939597315436,1.0,1
"iteration_1","SCOPE_DATA_COLLECTION",400,45,2770.0,2830.0,1,2380,1535,613,2323,1546,632,2382,1542,614,1,2,1,4.19639110365086E-4,0.0012953367875647669,0.0016260162601626016,0.33978742503886333,0.9275099716108905,1.726633437279669,0.6795748500777267,0.9275099716108905,1.151088958186446,0.10999160369437448,0.6595330739299611,0.7866449511400652,87.5,100.0,3602,844,82,3,1,0,8.32870627429206E-4,0.001184834123222749,0.0,0.9,0.4,0.5,0.6000000000000001,35.0,35.0,85.0,0.8,0.5,0.4,0.7000000000000001,35.0,35.0,95.0,1626,1624,2,1626,0.0012300123001230013,0.9013528924650731,1.0,0.9013528924650731,1060,0.6527093596059114,1.0,1
"iteration_1","SCOPE_DATA_COLLECTION",400,45,2770.0,2830.0,2,2380,1535,613,2323,1546,632,2382,1542,614,1,2,1,4.19639110365086E-4,0.0012953367875647669,0.0016260162601626016,0.33978742503886333,0.9275099716108905,1.726633437279669,0.6795748500777267,0.9275099716108905,1.151088958186446,0.10999160369437448,0.6595330739299611,0.7866449511400652,87.5,100.0,3602,844,82,3,1,0,8.32870627429206E-4,0.001184834123222749,0.0,0.9,0.4,0.5,0.6000000000000001,35.0,35.0,85.0,0.8,0.5,0.4,0.7000000000000001,35.0,35.0,95.0,584,582,2,584,0.003424657534246575,1.6992075667593254,1.5,1.132805044506217,452,0.7766323024054983,1.0,1
"iteration_1","SCOPE_DATA_COLLECTION",400,46,2830.0,2890.0,0,2387,1626,584,2380,1535,613,2385,1611,584,3,2,2,0.001256281407035176,0.0012399256044637321,0.0034129692832764505,0.33207734845400105,0.9001460587786974,1.7027248346163013,0.6641546969080021,0.9001460587786974,1.135149889744201,0.08637316561844864,0.6511483550589696,0.7791095890410958,92.5,100.0,3630,775,192,6,1,0,0.001652892561983471,0.0012903225806451613,0.0,0.8,0.5,0.4,0.7000000000000001,35.0,35.0,95.0,0.8,0.8,0.30000000000000004,0.2,35.0,80.0,40.0,2371,2368,3,2371,0.0012652889076339097,0.33204669855987096,0.5,0.6640933971197419,220,0.0929054054054054,1.0,1
"iteration_1","SCOPE_DATA_COLLECTION",400,46,2830.0,2890.0,1,2387,1626,584,2380,1535,613,2385,1611,584,3,2,2,0.001256281407035176,0.0012399256044637321,0.0034129692832764505,0.33207734845400105,0.9001460587786974,1.7027248346163013,0.6641546969080021,0.9001460587786974,1.135149889744201,0.08637316561844864,0.6511483550589696,0.7791095890410958,92.5,100.0,3630,775,192,6,1,0,0.001652892561983471,0.0012903225806451613,0.0,0.8,0.5,0.4,0.7000000000000001,35.0,35.0,95.0,0.8,0.8,0.30000000000000004,0.2,35.0,80.0,40.0,1572,1570,2,1572,0.001272264631043257,0.9019868389072538,1.0,0.9019868389072538,1010,0.643312101910828,1.0,1
"iteration_1","SCOPE_DATA_COLLECTION",400,46,2830.0,2890.0,2,2387,1626,584,2380,1535,613,2385,1611,584,3,2,2,0.001256281407035176,0.0012399256044637321,0.0034129692832764505,0.33207734845400105,0.9001460587786974,1.7027248346163013,0.6641546969080021,0.9001460587786974,1.135149889744201,0.08637316561844864,0.6511483550589696,0.7791095890410958,92.5,100.0,3630,775,192,6,1,0,0.001652892561983471,0.0012903225806451613,0.0,0.8,0.5,0.4,0.7000000000000001,35.0,35.0,95.0,0.8,0.8,0.30000000000000004,0.2,35.0,80.0,40.0,589,589,0,589,0.0,1.7449744520698056,1.5,1.1633163013798704,472,0.801358234295416,1.0,1
"iteration_1","SCOPE_DATA_COLLECTION",400,47,2890.0,2950.0,0,2371,1572,589,2387,1626,584,2366,1574,584,3,2,0,0.001266357112705783,0.0012690355329949238,0.0,0.331738617807392,0.902718568740811,1.742682364869033,0.663477235614784,0.902718568740811,1.161788243246022,0.09213863060016907,0.644853875476493,0.7996575342465754,100.0,100.0,3581,744,207,4,1,0,0.001117006422786931,0.0013440860215053765,0.0,0.8,0.8,0.30000000000000004,0.2,35.0,80.0,40.0,0.6000000000000001,0.9,0.6000000000000001,0.1,35.0,40.0,25.0,2373,2372,1,2373,4.2140750105351877E-4,0.3330155757131473,0.5,0.6660311514262947,240,0.10118043844856661,1.0,1
"iteration_1","SCOPE_DATA_COLLECTION",400,47,2890.0,2950.0,1,2371,1572,589,2387,1626,584,2366,1574,584,3,2,0,0.001266357112705783,0.0012690355329949238,0.0,0.331738617807392,0.902718568740811,1.742682364869033,0.663477235614784,0.902718568740811,1.161788243246022,0.09213863060016907,0.644853875476493,0.7996575342465754,100.0,100.0,3581,744,207,4,1,0,0.001117006422786931,0.0013440860215053765,0.0,0.8,0.8,0.30000000000000004,0.2,35.0,80.0,40.0,0.6000000000000001,0.9,0.6000000000000001,0.1,35.0,40.0,25.0,1666,1665,1,1666,6.002400960384153E-4,0.9002876656610538,1.0,0.9002876656610538,1072,0.6438438438438439,1.0,1
"iteration_1","SCOPE_DATA_COLLECTION",400,47,2890.0,2950.0,2,2371,1572,589,2387,1626,584,2366,1574,584,3,2,0,0.001266357112705783,0.0012690355329949238,0.0,0.331738617807392,0.902718568740811,1.742682364869033,0.663477235614784,0.902718568740811,1.161788243246022,0.09213863060016907,0.644853875476493,0.7996575342465754,100.0,100.0,3581,744,207,4,1,0,0.001117006422786931,0.0013440860215053765,0.0,0.8,0.8,0.30000000000000004,0.2,35.0,80.0,40.0,0.6000000000000001,0.9,0.6000000000000001,0.1,35.0,40.0,25.0,566,565,1,566,0.0017667844522968198,1.7254104259861491,1.5,1.1502736173240995,451,0.7982300884955752,1.0,1
"iteration_1","SCOPE_DATA_COLLECTION",400,48,2950.0,3010.0,0,2373,1666,566,2371,1572,589,2372,1672,561,1,1,1,4.2140750105351877E-4,5.977286312014345E-4,0.0017793594306049821,0.33302987452089733,0.899116841447223,1.717962859143374,0.6660597490417947,0.899116841447223,1.1453085727622494,0.10118043844856661,0.6429425837320574,0.7950089126559715,95.0,100.0,3617,592,396,3,0,0,8.294166436273154E-4,0.0,0.0,0.6000000000000001,0.9,0.6000000000000001,0.1,35.0,40.0,25.0,0.6000000000000001,0.8,0.5,0.1,35.0,50.0,25.0,2377,2377,0,2377,0.0,0.3289044241813282,0.5,0.6578088483626564,240,0.10096760622633572,1.0,1
"iteration_1","SCOPE_DATA_COLLECTION",400,48,2950.0,3010.0,1,2373,1666,566,2371,1572,589,2372,1672,561,1,1,1,4.2140750105351877E-4,5.977286312014345E-4,0.0017793594306049821,0.33302987452089733,0.899116841447223,1.717962859143374,0.6660597490417947,0.899116841447223,1.1453085727622494,0.10118043844856661,0.6429425837320574,0.7950089126559715,95.0,100.0,3617,592,396,3,0,0,8.294166436273154E-4,0.0,0.0,0.6000000000000001,0.9,0.6000000000000001,0.1,35.0,40.0,25.0,0.6000000000000001,0.8,0.5,0.1,35.0,50.0,25.0,1633,1631,2,1633,0.001224739742804654,0.8815689229600002,1.0,0.8815689229600002,1035,0.6345800122624157,1.0,1
"iteration_1","SCOPE_DATA_COLLECTION",400,48,2950.0,3010.0,2,2373,1666,566,2371,1572,589,2372,1672,561,1,1,1,4.2140750105351877E-4,5.977286312014345E-4,0.0017793594306049821,0.33302987452089733,0.899116841447223,1.717962859143374,0.6660597490417947,0.899116841447223,1.1453085727622494,0.10118043844856661,0.6429425837320574,0.7950089126559715,95.0,100.0,3617,592,396,3,0,0,8.294166436273154E-4,0.0,0.0,0.6000000000000001,0.9,0.6000000000000001,0.1,35.0,40.0,25.0,0.6000000000000001,0.8,0.5,0.1,35.0,50.0,25.0,652,651,1,652,0.0015337423312883436,1.6670066986820244,1.5,1.1113377991213496,497,0.7634408602150538,1.0,1
"iteration_1","SCOPE_DATA_COLLECTION",400,49,3010.0,3070.0,0,2377,1633,652,2373,1666,566,2379,1631,647,0,2,1,0.0,0.001224739742804654,0.0015432098765432098,0.32905481991135205,0.884027573815931,1.6727377785429676,0.6581096398227041,0.884027573815931,1.115158519028645,0.10172341319882304,0.6370324954015941,0.7650695517774343,97.5,100.0,3572,647,443,3,0,0,8.398656215005599E-4,0.0,0.0,0.6000000000000001,0.8,0.5,0.1,35.0,50.0,25.0,0.6000000000000001,0.8,0.5,0.1,35.0,50.0,25.0,2365,2364,1,2365,4.2283298097251583E-4,0.33424517492667444,0.5,0.6684903498533489,252,0.1065989847715736,1.0,1
"iteration_1","SCOPE_DATA_COLLECTION",400,49,3010.0,3070.0,1,2377,1633,652,2373,1666,566,2379,1631,647,0,2,1,0.0,0.001224739742804654,0.0015432098765432098,0.32905481991135205,0.884027573815931,1.6727377785429676,0.6581096398227041,0.884027573815931,1.115158519028645,0.10172341319882304,0.6370324954015941,0.7650695517774343,97.5,100.0,3572,647,443,3,0,0,8.398656215005599E-4,0.0,0.0,0.6000000000000001,0.8,0.5,0.1,35.0,50.0,25.0,0.6000000000000001,0.8,0.5,0.1,35.0,50.0,25.0,1604,1601,3,1604,0.0018703241895261845,0.9154479872040392,1.0,0.9154479872040392,1064,0.6645846346033729,1.0,1
"iteration_1","SCOPE_DATA_COLLECTION",400,49,3010.0,3070.0,2,2377,1633,652,2373,1666,566,2379,1631,647,0,2,1,0.0,0.001224739742804654,0.0015432098765432098,0.32905481991135205,0.884027573815931,1.6727377785429676,0.6581096398227041,0.884027573815931,1.115158519028645,0.10172341319882304,0.6370324954015941,0.7650695517774343,97.5,100.0,3572,647,443,3,0,0,8.398656215005599E-4,0.0,0.0,0.6000000000000001,0.8,0.5,0.1,35.0,50.0,25.0,0.6000000000000001,0.8,0.5,0.1,35.0,50.0,25.0,600,599,1,600,0.0016666666666666668,1.7059367612306453,1.5,1.1372911741537635,472,0.7879799666110183,1.0,1
"iteration_1","SCOPE_DATA_COLLECTION",400,50,3070.0,3130.0,0,2365,1604,600,2377,1633,652,2367,1590,610,1,3,1,4.222972972972973E-4,0.0018832391713747645,0.0016366612111292963,0.33442942405793774,0.9128298410066774,1.708935998828366,0.6688588481158755,0.9128298410066774,1.1392906658855775,0.10688635403464301,0.6622641509433962,0.7901639344262295,95.0,100.0,3611,597,361,5,0,0,0.0013846579894765993,0.0,0.0,0.6000000000000001,0.8,0.5,0.1,35.0,50.0,25.0,0.5,0.9,0.4,0.1,35.0,40.0,20.0,2332,2331,1,2332,4.288164665523156E-4,0.32686427784524313,0.5,0.6537285556904863,147,0.06306306306306306,1.0,1
"iteration_1","SCOPE_DATA_COLLECTION",400,50,3070.0,3130.0,1,2365,1604,600,2377,1633,652,2367,1590,610,1,3,1,4.222972972972973E-4,0.0018832391713747645,0.0016366612111292963,0.33442942405793774,0.9128298410066774,1.708935998828366,0.6688588481158755,0.9128298410066774,1.1392906658855775,0.10688635403464301,0.6622641509433962,0.7901639344262295,95.0,100.0,3611,597,361,5,0,0,0.0013846579894765993,0.0,0.0,0.6000000000000001,0.8,0.5,0.1,35.0,50.0,25.0,0.5,0.9,0.4,0.1,35.0,40.0,20.0,1547,1547,0,1547,0.0,0.884582548489073,1.0,0.884582548489073,988,0.6386554621848739,1.0,1
"iteration_1","SCOPE_DATA_COLLECTION",400,50,3070.0,3130.0,2,2365,1604,600,2377,1633,652,2367,1590,610,1,3,1,4.222972972972973E-4,0.0018832391713747645,0.0016366612111292963,0.33442942405793774,0.9128298410066774,1.708935998828366,0.6688588481158755,0.9128298410066774,1.1392906658855775,0.10688635403464301,0.6622641509433962,0.7901639344262295,95.0,100.0,3611,597,361,5,0,0,0.0013846579894765993,0.0,0.0,0.6000000000000001,0.8,0.5,0.1,35.0,50.0,25.0,0.5,0.9,0.4,0.1,35.0,40.0,20.0,631,630,1,631,0.001584786053882726,1.6884416273170317,1.5,1.1256277515446877,492,0.780952380952381,1.0,1
"iteration_1","SCOPE_DATA_COLLECTION",400,51,3130.0,3190.0,0,2332,1547,631,2365,1604,600,2323,1548,621,1,0,1,4.302925989672978E-4,0.0,0.001607717041800643,0.32662945229271717,0.8899618927850717,1.6949536669153062,0.6532589045854343,0.8899618927850717,1.1299691112768708,0.061988807576409816,0.6440568475452196,0.784219001610306,95.0,100.0,3535,499,476,2,0,0,5.657708628005657E-4,0.0,0.0,0.5,0.9,0.4,0.1,35.0,40.0,20.0,0.6000000000000001,0.9,0.5,0.4,40.0,35.0,90.0,2318,2318,0,2318,0.0,0.3263805938994968,0.5,0.6527611877989936,149,0.0642795513373598,1.0,1
"iteration_1","SCOPE_DATA_COLLECTION",400,51,3130.0,3190.0,1,2332,1547,631,2365,1604,600,2323,1548,621,1,0,1,4.302925989672978E-4,0.0,0.001607717041800643,0.32662945229271717,0.8899618927850717,1.6949536669153062,0.6532589045854343,0.8899618927850717,1.1299691112768708,0.061988807576409816,0.6440568475452196,0.784219001610306,95.0,100.0,3535,499,476,2,0,0,5.657708628005657E-4,0.0,0.0,0.5,0.9,0.4,0.1,35.0,40.0,20.0,0.6000000000000001,0.9,0.5,0.4,40.0,35.0,90.0,1580,1579,1,1580,6.329113924050633E-4,0.9142600760271674,1.0,0.9142600760271674,1048,0.6637112096263458,1.0,1
"iteration_1","SCOPE_DATA_COLLECTION",400,51,3130.0,3190.0,2,2332,1547,631,2365,1604,600,2323,1548,621,1,0,1,4.302925989672978E-4,0.0,0.001607717041800643,0.32662945229271717,0.8899618927850717,1.6949536669153062,0.6532589045854343,0.8899618927850717,1.1299691112768708,0.061988807576409816,0.6440568475452196,0.784219001610306,95.0,100.0,3535,499,476,2,0,0,5.657708628005657E-4,0.0,0.0,0.5,0.9,0.4,0.1,35.0,40.0,20.0,0.6000000000000001,0.9,0.5,0.4,40.0,35.0,90.0,566,565,1,566,0.0017667844522968198,1.730364726901841,1.5,1.1535764846012273,451,0.7982300884955752,1.0,1
"iteration_1","SCOPE_DATA_COLLECTION",400,52,3190.0,3250.0,0,2318,1580,566,2332,1547,631,2318,1584,578,0,1,1,0.0,6.309148264984228E-4,0.0017271157167530224,0.32612693767497186,0.9109570233127932,1.7221219802136847,0.6522538753499437,0.9109570233127932,1.1480813201424565,0.0638481449525453,0.6609848484848485,0.7941176470588235,92.5,100.0,3570,543,351,2,0,0,5.602240896358543E-4,0.0,0.0,0.6000000000000001,0.9,0.5,0.4,40.0,35.0,90.0,0.8500000000000001,0.9,0.2,0.9,95.0,40.0,75.0,2387,2386,1,2387,4.1893590280687055E-4,0.3392942220201836,0.5,0.6785884440403672,225,0.09430008382229674,1.0,1
"iteration_1","SCOPE_DATA_COLLECTION",400,52,3190.0,3250.0,1,2318,1580,566,2332,1547,631,2318,1584,578,0,1,1,0.0,6.309148264984228E-4,0.0017271157167530224,0.32612693767497186,0.9109570233127932,1.7221219802136847,0.6522538753499437,0.9109570233127932,1.1480813201424565,0.0638481449525453,0.6609848484848485,0.7941176470588235,92.5,100.0,3570,543,351,2,0,0,5.602240896358543E-4,0.0,0.0,0.6000000000000001,0.9,0.5,0.4,40.0,35.0,90.0,0.8500000000000001,0.9,0.2,0.9,95.0,40.0,75.0,1533,1533,0,1533,0.0,0.8966330142857868,1.0,0.8966330142857868,1005,0.6555772994129159,1.0,1
"iteration_1","SCOPE_DATA_COLLECTION",400,52,3190.0,3250.0,2,2318,1580,566,2332,1547,631,2318,1584,578,0,1,1,0.0,6.309148264984228E-4,0.0017271157167530224,0.32612693767497186,0.9109570233127932,1.7221219802136847,0.6522538753499437,0.9109570233127932,1.1480813201424565,0.0638481449525453,0.6609848484848485,0.7941176470588235,92.5,100.0,3570,543,351,2,0,0,5.602240896358543E-4,0.0,0.0,0.6000000000000001,0.9,0.5,0.4,40.0,35.0,90.0,0.8500000000000001,0.9,0.2,0.9,95.0,40.0,75.0,610,610,0,610,0.0,1.6631159308435906,1.5,1.108743953895727,464,0.760655737704918,1.0,1
"iteration_1","SCOPE_DATA_COLLECTION",400,53,3250.0,3310.0,0,2387,1533,610,2318,1580,566,2390,1539,606,1,0,0,4.182350480970305E-4,0.0,0.0,0.33972673631727496,0.8969152294890427,1.6594215842317481,0.6794534726345499,0.8969152294890427,1.1062810561544987,0.09581589958158995,0.6523716699155295,0.759075907590759,92.5,100.0,3593,800,137,1,0,0,2.7831895352073476E-4,0.0,0.0,0.8500000000000001,0.9,0.2,0.9,95.0,40.0,75.0,0.9500000000000001,0.8,0.1,0.8,95.0,40.0,65.0,2379,2379,0,2379,0.0,0.33472644581858924,0.5,0.6694528916371785,195,0.08196721311475409,1.0,1
"iteration_1","SCOPE_DATA_COLLECTION",400,53,3250.0,3310.0,1,2387,1533,610,2318,1580,566,2390,1539,606,1,0,0,4.182350480970305E-4,0.0,0.0,0.33972673631727496,0.8969152294890427,1.6594215842317481,0.6794534726345499,0.8969152294890427,1.1062810561544987,0.09581589958158995,0.6523716699155295,0.759075907590759,92.5,100.0,3593,800,137,1,0,0,2.7831895352073476E-4,0.0,0.0,0.8500000000000001,0.9,0.2,0.9,95.0,40.0,75.0,0.9500000000000001,0.8,0.1,0.8,95.0,40.0,65.0,1600,1599,1,1600,6.25E-4,0.8802845214544651,1.0,0.8802845214544651,1006,0.6291432145090682,1.0,1
"iteration_1","SCOPE_DATA_COLLECTION",400,53,3250.0,3310.0,2,2387,1533,610,2318,1580,566,2390,1539,606,1,0,0,4.182350480970305E-4,0.0,0.0,0.33972673631727496,0.8969152294890427,1.6594215842317481,0.6794534726345499,0.8969152294890427,1.1062810561544987,0.09581589958158995,0.6523716699155295,0.759075907590759,92.5,100.0,3593,800,137,1,0,0,2.7831895352073476E-4,0.0,0.0,0.8500000000000001,0.9,0.2,0.9,95.0,40.0,75.0,0.9500000000000001,0.8,0.1,0.8,95.0,40.0,65.0,590,588,2,590,0.003389830508474576,1.7553477957726593,1.5,1.1702318638484395,478,0.8129251700680272,1.0,1
"iteration_1","SCOPE_DATA_COLLECTION",400,54,3310.0,3370.0,0,2379,1600,590,2387,1533,610,2380,1589,585,0,1,2,0.0,6.289308176100629E-4,0.0034071550255536627,0.3344720404515426,0.8791963706133176,1.758955386259143,0.6689440809030852,0.8791963706133176,1.1726369241727619,0.08067226890756303,0.631214600377596,0.8136752136752137,95.0,100.0,3642,870,57,3,0,0,8.237232289950577E-4,0.0,0.0,0.9500000000000001,0.8,0.1,0.8,95.0,40.0,65.0,0.9500000000000001,0.9,0.1,0.7000000000000001,95.0,40.0,75.0,2360,2359,1,2360,4.23728813559322E-4,0.33416013755102414,0.5,0.6683202751020483,202,0.08562950402713014,1.0,1
"iteration_1","SCOPE_DATA_COLLECTION",400,54,3310.0,3370.0,1,2379,1600,590,2387,1533,610,2380,1589,585,0,1,2,0.0,6.289308176100629E-4,0.0034071550255536627,0.3344720404515426,0.8791963706133176,1.758955386259143,0.6689440809030852,0.8791963706133176,1.1726369241727619,0.08067226890756303,0.631214600377596,0.8136752136752137,95.0,100.0,3642,870,57,3,0,0,8.237232289950577E-4,0.0,0.0,0.9500000000000001,0.8,0.1,0.8,95.0,40.0,65.0,0.9500000000000001,0.9,0.1,0.7000000000000001,95.0,40.0,75.0,1567,1565,2,1567,0.0012763241863433313,0.8858254212527501,1.0,0.8858254212527501,988,0.6313099041533546,1.0,1
"iteration_1","SCOPE_DATA_COLLECTION",400,54,3310.0,3370.0,2,2379,1600,590,2387,1533,610,2380,1589,585,0,1,2,0.0,6.289308176100629E-4,0.0034071550255536627,0.3344720404515426,0.8791963706133176,1.758955386259143,0.6689440809030852,0.8791963706133176,1.1726369241727619,0.08067226890756303,0.631214600377596,0.8136752136752137,95.0,100.0,3642,870,57,3,0,0,8.237232289950577E-4,0.0,0.0,0.9500000000000001,0.8,0.1,0.8,95.0,40.0,65.0,0.9500000000000001,0.9,0.1,0.7000000000000001,95.0,40.0,75.0,626,623,3,626,0.004792332268370607,1.7558174258291726,1.5,1.1705449505527816,505,0.8105939004815409,1.0,1
"iteration_1","SCOPE_DATA_COLLECTION",400,55,3370.0,3430.0,0,2360,1567,626,2379,1600,590,2356,1570,625,1,2,3,4.2426813746287653E-4,0.001272264631043257,0.004777070063694267,0.3342401737091113,0.8861792598013546,1.7510934399634148,0.6684803474182226,0.8861792598013546,1.1673956266422765,0.08701188455008489,0.6292993630573248,0.8096,97.5,100.0,3609,904,40,6,0,0,0.0016625103906899418,0.0,0.0,0.9500000000000001,0.9,0.1,0.7000000000000001,95.0,40.0,75.0,0.9500000000000001,0.9,0.1,0.7000000000000001,95.0,40.0,75.0,2264,2263,1,2264,4.4169611307420494E-4,0.328175455563062,0.5,0.656350911126124,187,0.0826336721166593,1.0,1
"iteration_1","SCOPE_DATA_COLLECTION",400,55,3370.0,3430.0,1,2360,1567,626,2379,1600,590,2356,1570,625,1,2,3,4.2426813746287653E-4,0.001272264631043257,0.004777070063694267,0.3342401737091113,0.8861792598013546,1.7510934399634148,0.6684803474182226,0.8861792598013546,1.1673956266422765,0.08701188455008489,0.6292993630573248,0.8096,97.5,100.0,3609,904,40,6,0,0,0.0016625103906899418,0.0,0.0,0.9500000000000001,0.9,0.1,0.7000000000000001,95.0,40.0,75.0,0.9500000000000001,0.9,0.1,0.7000000000000001,95.0,40.0,75.0,1650,1648,2,1650,0.0012121212121212121,0.906462863361433,1.0,0.906462863361433,1075,0.6523058252427184,1.0,1
"iteration_1","SCOPE_DATA_COLLECTION",400,55,3370.0,3430.0,2,2360,1567,626,2379,1600,590,2356,1570,625,1,2,3,4.2426813746287653E-4,0.001272264631043257,0.004777070063694267,0.3342401737091113,0.8861792598013546,1.7510934399634148,0.6684803474182226,0.8861792598013546,1.1673956266422765,0.08701188455008489,0.6292993630573248,0.8096,97.5,100.0,3609,904,40,6,0,0,0.0016625103906899418,0.0,0.0,0.9500000000000001,0.9,0.1,0.7000000000000001,95.0,40.0,75.0,0.9500000000000001,0.9,0.1,0.7000000000000001,95.0,40.0,75.0,607,606,1,607,0.0016474464579901153,1.7213882338518047,1.5,1.1475921559012032,484,0.7986798679867987,1.0,1
"iteration_1","SCOPE_DATA_COLLECTION",400,56,3430.0,3490.0,0,2264,1650,607,2360,1567,626,2264,1643,610,1,2,1,4.415011037527594E-4,0.0012158054711246201,0.0016366612111292963,0.32855250475786696,0.9064085449020196,1.7254801606457522,0.6571050095157339,0.9064085449020196,1.150320107097168,0.08259717314487633,0.6536822884966524,0.8,92.5,100.0,3584,886,51,2,2,0,5.580357142857143E-4,0.002257336343115124,0.0,0.9500000000000001,0.9,0.1,0.7000000000000001,95.0,40.0,75.0,0.9500000000000001,0.9,0.2,0.6000000000000001,95.0,30.0,75.0,2395,2395,0,2395,0.0,0.3335369661567893,0.5,0.6670739323135786,245,0.1022964509394572,1.0,1
"iteration_1","SCOPE_DATA_COLLECTION",400,56,3430.0,3490.0,1,2264,1650,607,2360,1567,626,2264,1643,610,1,2,1,4.415011037527594E-4,0.0012158054711246201,0.0016366612111292963,0.32855250475786696,0.9064085449020196,1.7254801606457522,0.6571050095157339,0.9064085449020196,1.150320107097168,0.08259717314487633,0.6536822884966524,0.8,92.5,100.0,3584,886,51,2,2,0,5.580357142857143E-4,0.002257336343115124,0.0,0.9500000000000001,0.9,0.1,0.7000000000000001,95.0,40.0,75.0,0.9500000000000001,0.9,0.2,0.6000000000000001,95.0,30.0,75.0,1650,1648,2,1650,0.0012121212121212121,0.8786661742576093,1.0,0.8786661742576093,1058,0.6419902912621359,1.0,1
"iteration_1","SCOPE_DATA_COLLECTION",400,56,3430.0,3490.0,2,2264,1650,607,2360,1567,626,2264,1643,610,1,2,1,4.415011037527594E-4,0.0012158054711246201,0.0016366612111292963,0.32855250475786696,0.9064085449020196,1.7254801606457522,0.6571050095157339,0.9064085449020196,1.150320107097168,0.08259717314487633,0.6536822884966524,0.8,92.5,100.0,3584,886,51,2,2,0,5.580357142857143E-4,0.002257336343115124,0.0,0.9500000000000001,0.9,0.1,0.7000000000000001,95.0,40.0,75.0,0.9500000000000001,0.9,0.2,0.6000000000000001,95.0,30.0,75.0,625,624,1,625,0.0016,1.6881352279504211,1.5,1.1254234853002807,479,0.7676282051282052,1.0,1
"iteration_1","SCOPE_DATA_COLLECTION",400,57,3490.0,3550.0,0,2395,1650,625,2264,1650,607,2400,1644,616,0,2,1,0.0,0.001215066828675577,0.0016207455429497568,0.3335291303730147,0.8791238170482474,1.6880260584983544,0.6670582607460294,0.8791238170482474,1.1253507056655696,0.10166666666666667,0.6405109489051095,0.7678571428571429,100.0,100.0,3612,1005,53,3,0,0,8.305647840531562E-4,0.0,0.0,0.9500000000000001,0.9,0.2,0.6000000000000001,95.0,30.0,75.0,0.9500000000000001,0.9,0.2,0.6000000000000001,95.0,30.0,75.0,2248,2247,1,2248,4.4483985765124553E-4,0.33391789092062635,0.5,0.6678357818412527,179,0.0796617712505563,1.0,1
"iteration_1","SCOPE_DATA_COLLECTION",400,57,3490.0,3550.0,1,2395,1650,625,2264,1650,607,2400,1644,616,0,2,1,0.0,0.001215066828675577,0.0016207455429497568,0.3335291303730147,0.8791238170482474,1.6880260584983544,0.6670582607460294,0.8791238170482474,1.1253507056655696,0.10166666666666667,0.6405109489051095,0.7678571428571429,100.0,100.0,3612,1005,53,3,0,0,8.305647840531562E-4,0.0,0.0,0.9500000000000001,0.9,0.2,0.6000000000000001,95.0,30.0,75.0,0.9500000000000001,0.9,0.2,0.6000000000000001,95.0,30.0,75.0,1572,1569,3,1572,0.0019083969465648854,0.8937643127396743,1.0,0.8937643127396743,1017,0.6481835564053537,1.0,1
"iteration_1","SCOPE_DATA_COLLECTION",400,57,3490.0,3550.0,2,2395,1650,625,2264,1650,607,2400,1644,616,0,2,1,0.0,0.001215066828675577,0.0016207455429497568,0.3335291303730147,0.8791238170482474,1.6880260584983544,0.6670582607460294,0.8791238170482474,1.1253507056655696,0.10166666666666667,0.6405109489051095,0.7678571428571429,100.0,100.0,3612,1005,53,3,0,0,8.305647840531562E-4,0.0,0.0,0.9500000000000001,0.9,0.2,0.6000000000000001,95.0,30.0,75.0,0.9500000000000001,0.9,0.2,0.6000000000000001,95.0,30.0,75.0,572,569,3,572,0.005244755244755245,1.7604256146659312,1.5,1.1736170764439542,464,0.8154657293497364,1.0,1
"iteration_1","SCOPE_DATA_COLLECTION",400,58,3550.0,3617.498600444009,0,2248,1572,572,2395,1650,625,2245,1580,571,1,3,3,4.452359750667854E-4,0.0018951358180669614,0.005226480836236934,0.3336859005496508,0.8938388633436773,1.7568157857788476,0.6673718010993016,0.8938388633436773,1.171210523852565,0.07973273942093541,0.65,0.8143607705779334,90.0,100.0,3512,842,38,6,1,0,0.0017084282460136675,0.0011876484560570072,0.0,0.9500000000000001,0.9,0.2,0.6000000000000001,95.0,30.0,75.0,0.55,0.1,0.4,0.30000000000000004,65.0,95.0,90.0,1946,1937,1,1938,5.159958720330237E-4,0.35822140318157736,0.5,0.7164428063631547,256,0.13216313887454828,0.9958890030832477,0
"iteration_1","SCOPE_DATA_COLLECTION",400,58,3550.0,3617.498600444009,1,2248,1572,572,2395,1650,625,2245,1580,571,1,3,3,4.452359750667854E-4,0.0018951358180669614,0.005226480836236934,0.3336859005496508,0.8938388633436773,1.7568157857788476,0.6673718010993016,0.8938388633436773,1.171210523852565,0.07973273942093541,0.65,0.8143607705779334,90.0,100.0,3512,842,38,6,1,0,0.0017084282460136675,0.0011876484560570072,0.0,0.9500000000000001,0.9,0.2,0.6000000000000001,95.0,30.0,75.0,0.55,0.1,0.4,0.30000000000000004,65.0,95.0,90.0,1331,1305,0,1305,0.0,0.9119277519172456,1.0,0.9119277519172456,873,0.6689655172413793,0.980465815176559,0
"iteration_1","SCOPE_DATA_COLLECTION",400,58,3550.0,3617.498600444009,2,2248,1572,572,2395,1650,625,2245,1580,571,1,3,3,4.452359750667854E-4,0.0018951358180669614,0.005226480836236934,0.3336859005496508,0.8938388633436773,1.7568157857788476,0.6673718010993016,0.8938388633436773,1.171210523852565,0.07973273942093541,0.65,0.8143607705779334,90.0,100.0,3512,842,38,6,1,0,0.0017084282460136675,0.0011876484560570072,0.0,0.9500000000000001,0.9,0.2,0.6000000000000001,95.0,30.0,75.0,0.55,0.1,0.4,0.30000000000000004,65.0,95.0,90.0,495,481,1,482,0.002074688796680498,1.787690836435606,1.5,1.1917938909570707,400,0.8316008316008316,0.9737373737373738,0
"iteration_1","SCOPE_DATA_COLLECTION",500,0,70.0,130.0,0,2628,1906,672,0,0,0,2613,1875,652,1,3,1,3.8255547054322876E-4,0.001597444089456869,0.0015313935681470138,0.325832229976247,0.8439948239151186,1.5634065280568115,0.651664459952494,0.8439948239151186,1.042271018704541,0.1511672407194795,0.5802666666666667,0.696319018404908,100.0,100.0,3624,939,643,5,0,0,0.0013796909492273732,0.0,0.0,0.6,0.5,0.7,0.4,85.0,80.0,90.0,0.6,0.5,0.7,0.4,85.0,80.0,90.0,2878,2875,3,2878,0.0010423905489923557,0.3224080301362436,0.5,0.6448160602724872,403,0.14017391304347826,1.0,1
"iteration_1","SCOPE_DATA_COLLECTION",500,0,70.0,130.0,1,2628,1906,672,0,0,0,2613,1875,652,1,3,1,3.8255547054322876E-4,0.001597444089456869,0.0015313935681470138,0.325832229976247,0.8439948239151186,1.5634065280568115,0.651664459952494,0.8439948239151186,1.042271018704541,0.1511672407194795,0.5802666666666667,0.696319018404908,100.0,100.0,3624,939,643,5,0,0,0.0013796909492273732,0.0,0.0,0.6,0.5,0.7,0.4,85.0,80.0,90.0,0.6,0.5,0.7,0.4,85.0,80.0,90.0,2040,2037,3,2040,0.0014705882352941176,0.8498801810076292,1.0,0.8498801810076292,1201,0.5895925380461463,1.0,1
"iteration_1","SCOPE_DATA_COLLECTION",500,0,70.0,130.0,2,2628,1906,672,0,0,0,2613,1875,652,1,3,1,3.8255547054322876E-4,0.001597444089456869,0.0015313935681470138,0.325832229976247,0.8439948239151186,1.5634065280568115,0.651664459952494,0.8439948239151186,1.042271018704541,0.1511672407194795,0.5802666666666667,0.696319018404908,100.0,100.0,3624,939,643,5,0,0,0.0013796909492273732,0.0,0.0,0.6,0.5,0.7,0.4,85.0,80.0,90.0,0.6,0.5,0.7,0.4,85.0,80.0,90.0,728,725,3,728,0.004120879120879121,1.5370007860826778,1.5,1.0246671907217852,491,0.6772413793103448,1.0,1
"iteration_1","SCOPE_DATA_COLLECTION",500,1,130.0,190.0,0,2878,2040,728,2628,1906,672,2869,2027,719,3,3,3,0.0010445682451253482,0.001477832512315271,0.004155124653739612,0.32244119168681323,0.8472270339391716,1.5395130380767854,0.6448823833736265,0.8472270339391716,1.0263420253845237,0.1387242941791565,0.5890478539713863,0.6801112656467315,95.0,100.0,3908,1047,691,8,1,0,0.0020470829068577278,9.551098376313276E-4,0.0,0.6,0.5,0.7,0.4,85.0,80.0,90.0,0.30000000000000004,0.7000000000000001,0.5,0.2,20.0,85.0,95.0,2901,2899,2,2901,6.894174422612892E-4,0.31790188208192455,0.5,0.6358037641638491,458,0.15798551224560192,1.0,1
"iteration_1","SCOPE_DATA_COLLECTION",500,1,130.0,190.0,1,2878,2040,728,2628,1906,672,2869,2027,719,3,3,3,0.0010445682451253482,0.001477832512315271,0.004155124653739612,0.32244119168681323,0.8472270339391716,1.5395130380767854,0.6448823833736265,0.8472270339391716,1.0263420253845237,0.1387242941791565,0.5890478539713863,0.6801112656467315,95.0,100.0,3908,1047,691,8,1,0,0.0020470829068577278,9.551098376313276E-4,0.0,0.6,0.5,0.7,0.4,85.0,80.0,90.0,0.30000000000000004,0.7000000000000001,0.5,0.2,20.0,85.0,95.0,2042,2039,3,2042,0.0014691478942213516,0.8152748508899503,1.0,0.8152748508899503,1145,0.5615497793035802,1.0,1
"iteration_1","SCOPE_DATA_COLLECTION",500,1,130.0,190.0,2,2878,2040,728,2628,1906,672,2869,2027,719,3,3,3,0.0010445682451253482,0.001477832512315271,0.004155124653739612,0.32244119168681323,0.8472270339391716,1.5395130380767854,0.6448823833736265,0.8472270339391716,1.0263420253845237,0.1387242941791565,0.5890478539713863,0.6801112656467315,95.0,100.0,3908,1047,691,8,1,0,0.0020470829068577278,9.551098376313276E-4,0.0,0.6,0.5,0.7,0.4,85.0,80.0,90.0,0.30000000000000004,0.7000000000000001,0.5,0.2,20.0,85.0,95.0,754,754,0,754,0.0,1.521291745127028,1.5,1.014194496751352,514,0.6816976127320955,1.0,1
"iteration_1","SCOPE_DATA_COLLECTION",500,2,190.0,250.0,0,2901,2042,754,2878,2040,728,2904,2042,769,2,3,0,6.882312456985547E-4,0.001466992665036675,0.0,0.3184181777314494,0.8146672454225463,1.5251159810710557,0.6368363554628989,0.8146672454225463,1.0167439873807038,0.16012396694214875,0.558765915768854,0.682704811443433,100.0,100.0,3800,584,1313,4,1,0,0.0010526315789473684,0.0017123287671232876,0.0,0.30000000000000004,0.7000000000000001,0.5,0.2,20.0,85.0,95.0,0.2,0.8,0.5,0.30000000000000004,20.0,75.0,85.0,2829,2826,3,2829,0.0010604453870625664,0.31866867962926876,0.5,0.6373373592585375,468,0.16560509554140126,1.0,1
"iteration_1","SCOPE_DATA_COLLECTION",500,2,190.0,250.0,1,2901,2042,754,2878,2040,728,2904,2042,769,2,3,0,6.882312456985547E-4,0.001466992665036675,0.0,0.3184181777314494,0.8146672454225463,1.5251159810710557,0.6368363554628989,0.8146672454225463,1.0167439873807038,0.16012396694214875,0.558765915768854,0.682704811443433,100.0,100.0,3800,584,1313,4,1,0,0.0010526315789473684,0.0017123287671232876,0.0,0.30000000000000004,0.7000000000000001,0.5,0.2,20.0,85.0,95.0,0.2,0.8,0.5,0.30000000000000004,20.0,75.0,85.0,2004,2003,1,2004,4.99001996007984E-4,0.82572312841447,1.0,0.82572312841447,1168,0.5831253120319521,1.0,1
"iteration_1","SCOPE_DATA_COLLECTION",500,2,190.0,250.0,2,2901,2042,754,2878,2040,728,2904,2042,769,2,3,0,6.882312456985547E-4,0.001466992665036675,0.0,0.3184181777314494,0.8146672454225463,1.5251159810710557,0.6368363554628989,0.8146672454225463,1.0167439873807038,0.16012396694214875,0.558765915768854,0.682704811443433,100.0,100.0,3800,584,1313,4,1,0,0.0010526315789473684,0.0017123287671232876,0.0,0.30000000000000004,0.7000000000000001,0.5,0.2,20.0,85.0,95.0,0.2,0.8,0.5,0.30000000000000004,20.0,75.0,85.0,742,742,0,742,0.0,1.5861937818457124,1.5,1.057462521230475,525,0.7075471698113207,1.0,1
"iteration_1","SCOPE_DATA_COLLECTION",500,3,250.0,310.0,0,2829,2004,742,2901,2042,754,2828,2015,728,3,1,0,0.0010596962204168139,4.96031746031746E-4,0.0,0.3186993127159773,0.8306221203351148,1.580454396212339,0.6373986254319546,0.8306221203351148,1.0536362641415593,0.16478076379066478,0.5861042183622829,0.7046703296703297,100.0,100.0,3781,354,1440,4,0,0,0.0010579211848717272,0.0,0.0,0.2,0.8,0.5,0.30000000000000004,20.0,75.0,85.0,0.05,0.6000000000000001,0.2,0.8,90.0,90.0,85.0,2889,2889,0,2889,0.0,0.31362751682793744,0.5,0.6272550336558749,385,0.13326410522672205,1.0,1
"iteration_1","SCOPE_DATA_COLLECTION",500,3,250.0,310.0,1,2829,2004,742,2901,2042,754,2828,2015,728,3,1,0,0.0010596962204168139,4.96031746031746E-4,0.0,0.3186993127159773,0.8306221203351148,1.580454396212339,0.6373986254319546,0.8306221203351148,1.0536362641415593,0.16478076379066478,0.5861042183622829,0.7046703296703297,100.0,100.0,3781,354,1440,4,0,0,0.0010579211848717272,0.0,0.0,0.2,0.8,0.5,0.30000000000000004,20.0,75.0,85.0,0.05,0.6000000000000001,0.2,0.8,90.0,90.0,85.0,1965,1963,2,1965,0.0010178117048346056,0.8003979910867359,1.0,0.8003979910867359,1111,0.5659704533876719,1.0,1
"iteration_1","SCOPE_DATA_COLLECTION",500,3,250.0,310.0,2,2829,2004,742,2901,2042,754,2828,2015,728,3,1,0,0.0010596962204168139,4.96031746031746E-4,0.0,0.3186993127159773,0.8306221203351148,1.580454396212339,0.6373986254319546,0.8306221203351148,1.0536362641415593,0.16478076379066478,0.5861042183622829,0.7046703296703297,100.0,100.0,3781,354,1440,4,0,0,0.0010579211848717272,0.0,0.0,0.2,0.8,0.5,0.30000000000000004,20.0,75.0,85.0,0.05,0.6000000000000001,0.2,0.8,90.0,90.0,85.0,765,759,6,765,0.00784313725490196,1.5566032999190578,1.5,1.0377355332793718,523,0.689064558629776,1.0,1
"iteration_1","SCOPE_DATA_COLLECTION",500,4,310.0,370.0,0,2889,1965,765,2829,2004,742,2893,1963,759,0,2,6,0.0,0.0010178117048346056,0.00784313725490196,0.31371030185534343,0.799547349070945,1.5539174211812883,0.6274206037106869,0.799547349070945,1.0359449474541922,0.1341168337366056,0.5659704533876719,0.6877470355731226,97.5,100.0,3819,89,1711,8,0,0,0.002094789211835559,0.0,0.0,0.05,0.6000000000000001,0.2,0.8,90.0,90.0,85.0,0.6000000000000001,0.1,0.6000000000000001,0.5,75.0,55.0,90.0,2859,2858,1,2859,3.497726477789437E-4,0.3272562357870891,0.5,0.6545124715741782,421,0.14730580825752274,1.0,1
"iteration_1","SCOPE_DATA_COLLECTION",500,4,310.0,370.0,1,2889,1965,765,2829,2004,742,2893,1963,759,0,2,6,0.0,0.0010178117048346056,0.00784313725490196,0.31371030185534343,0.799547349070945,1.5539174211812883,0.6274206037106869,0.799547349070945,1.0359449474541922,0.1341168337366056,0.5659704533876719,0.6877470355731226,97.5,100.0,3819,89,1711,8,0,0,0.002094789211835559,0.0,0.0,0.05,0.6000000000000001,0.2,0.8,90.0,90.0,85.0,0.6000000000000001,0.1,0.6000000000000001,0.5,75.0,55.0,90.0,2069,2066,3,2069,0.0014499758337361043,0.8519111369915552,1.0,0.8519111369915552,1243,0.6016456921587608,1.0,1
"iteration_1","SCOPE_DATA_COLLECTION",500,4,310.0,370.0,2,2889,1965,765,2829,2004,742,2893,1963,759,0,2,6,0.0,0.0010178117048346056,0.00784313725490196,0.31371030185534343,0.799547349070945,1.5539174211812883,0.6274206037106869,0.799547349070945,1.0359449474541922,0.1341168337366056,0.5659704533876719,0.6877470355731226,97.5,100.0,3819,89,1711,8,0,0,0.002094789211835559,0.0,0.0,0.05,0.6000000000000001,0.2,0.8,90.0,90.0,85.0,0.6000000000000001,0.1,0.6000000000000001,0.5,75.0,55.0,90.0,778,772,6,778,0.007712082262210797,1.5361056826975463,1.5,1.0240704551316975,521,0.6748704663212435,1.0,1
"iteration_1","SCOPE_DATA_COLLECTION",500,5,370.0,430.0,0,2859,2069,778,2889,1965,765,2860,2060,775,1,3,6,3.495281370150297E-4,0.001454192922927775,0.0076824583866837385,0.3273587013894398,0.8511320118139933,1.5356351908457861,0.6547174027788796,0.8511320118139933,1.0237567938971908,0.1479020979020979,0.6014563106796117,0.6761290322580645,95.0,100.0,3972,1044,690,8,2,0,0.002014098690835851,0.0019157088122605363,0.0,0.6000000000000001,0.1,0.6000000000000001,0.5,75.0,55.0,90.0,0.1,0.30000000000000004,0.1,0.5,25.0,40.0,95.0,2852,2849,3,2852,0.0010518934081346423,0.3247663321606076,0.5,0.6495326643212151,416,0.14601614601614601,1.0,1
"iteration_1","SCOPE_DATA_COLLECTION",500,5,370.0,430.0,1,2859,2069,778,2889,1965,765,2860,2060,775,1,3,6,3.495281370150297E-4,0.001454192922927775,0.0076824583866837385,0.3273587013894398,0.8511320118139933,1.5356351908457861,0.6547174027788796,0.8511320118139933,1.0237567938971908,0.1479020979020979,0.6014563106796117,0.6761290322580645,95.0,100.0,3972,1044,690,8,2,0,0.002014098690835851,0.0019157088122605363,0.0,0.6000000000000001,0.1,0.6000000000000001,0.5,75.0,55.0,90.0,0.1,0.30000000000000004,0.1,0.5,25.0,40.0,95.0,2001,1999,2,2001,9.995002498750624E-4,0.8206252377345303,1.0,0.8206252377345303,1190,0.5952976488244122,1.0,1
"iteration_1","SCOPE_DATA_COLLECTION",500,5,370.0,430.0,2,2859,2069,778,2889,1965,765,2860,2060,775,1,3,6,3.495281370150297E-4,0.001454192922927775,0.0076824583866837385,0.3273587013894398,0.8511320118139933,1.5356351908457861,0.6547174027788796,0.8511320118139933,1.0237567938971908,0.1479020979020979,0.6014563106796117,0.6761290322580645,95.0,100.0,3972,1044,690,8,2,0,0.002014098690835851,0.0019157088122605363,0.0,0.6000000000000001,0.1,0.6000000000000001,0.5,75.0,55.0,90.0,0.1,0.30000000000000004,0.1,0.5,25.0,40.0,95.0,777,776,1,777,0.001287001287001287,1.57491152573528,1.5,1.0499410171568533,550,0.7087628865979382,1.0,1
"iteration_1","SCOPE_DATA_COLLECTION",500,6,430.0,490.0,0,2852,2001,777,2859,2069,778,2837,2011,773,3,2,1,0.001056338028169014,9.935419771485345E-4,0.0012919896640826874,0.3238891797057524,0.8215476751894712,1.5744137890919228,0.6477783594115047,0.8215476751894712,1.0496091927279485,0.1445188579485372,0.5947289905519642,0.7063389391979301,92.5,100.0,3935,178,1517,5,1,0,0.0012706480304955528,0.0056179775280898875,0.0,0.1,0.30000000000000004,0.1,0.5,25.0,40.0,95.0,0.30000000000000004,0.9,0.9,0.4,90.0,45.0,60.0,2843,2840,3,2843,0.001055223355610271,0.31971239221362224,0.5,0.6394247844272445,433,0.15246478873239436,1.0,1
"iteration_1","SCOPE_DATA_COLLECTION",500,6,430.0,490.0,1,2852,2001,777,2859,2069,778,2837,2011,773,3,2,1,0.001056338028169014,9.935419771485345E-4,0.0012919896640826874,0.3238891797057524,0.8215476751894712,1.5744137890919228,0.6477783594115047,0.8215476751894712,1.0496091927279485,0.1445188579485372,0.5947289905519642,0.7063389391979301,92.5,100.0,3935,178,1517,5,1,0,0.0012706480304955528,0.0056179775280898875,0.0,0.1,0.30000000000000004,0.1,0.5,25.0,40.0,95.0,0.30000000000000004,0.9,0.9,0.4,90.0,45.0,60.0,2025,2023,2,2025,9.876543209876543E-4,0.824399563522269,1.0,0.824399563522269,1164,0.5753830944142363,1.0,1
"iteration_1","SCOPE_DATA_COLLECTION",500,6,430.0,490.0,2,2852,2001,777,2859,2069,778,2837,2011,773,3,2,1,0.001056338028169014,9.935419771485345E-4,0.0012919896640826874,0.3238891797057524,0.8215476751894712,1.5744137890919228,0.6477783594115047,0.8215476751894712,1.0496091927279485,0.1445188579485372,0.5947289905519642,0.7063389391979301,92.5,100.0,3935,178,1517,5,1,0,0.0012706480304955528,0.0056179775280898875,0.0,0.1,0.30000000000000004,0.1,0.5,25.0,40.0,95.0,0.30000000000000004,0.9,0.9,0.4,90.0,45.0,60.0,773,767,6,773,0.007761966364812419,1.4919222337918294,1.5,0.9946148225278862,499,0.6505867014341591,1.0,1
"iteration_1","SCOPE_DATA_COLLECTION",500,7,490.0,550.0,0,2843,2025,773,2852,2001,777,2849,2018,777,3,2,6,0.0010518934081346423,9.900990099009901E-4,0.007662835249042145,0.3208276423878155,0.8245854654456852,1.5005349586521928,0.641655284775631,0.8245854654456852,1.0003566391014618,0.15444015444015444,0.5763131813676908,0.6550836550836551,97.5,100.0,3795,562,1284,10,1,0,0.002635046113306983,0.0017793594306049821,0.0,0.30000000000000004,0.9,0.9,0.4,90.0,45.0,60.0,0.30000000000000004,0.8,0.8,0.30000000000000004,80.0,55.0,50.0,2856,2855,1,2856,3.5014005602240897E-4,0.3194072145279948,0.5,0.6388144290559896,437,0.15306479859894923,1.0,1
"iteration_1","SCOPE_DATA_COLLECTION",500,7,490.0,550.0,1,2843,2025,773,2852,2001,777,2849,2018,777,3,2,6,0.0010518934081346423,9.900990099009901E-4,0.007662835249042145,0.3208276423878155,0.8245854654456852,1.5005349586521928,0.641655284775631,0.8245854654456852,1.0003566391014618,0.15444015444015444,0.5763131813676908,0.6550836550836551,97.5,100.0,3795,562,1284,10,1,0,0.002635046113306983,0.0017793594306049821,0.0,0.30000000000000004,0.9,0.9,0.4,90.0,45.0,60.0,0.30000000000000004,0.8,0.8,0.30000000000000004,80.0,55.0,50.0,1977,1976,1,1977,5.058168942842691E-4,0.8279110909938899,1.0,0.8279110909938899,1126,0.569838056680162,1.0,1
"iteration_1","SCOPE_DATA_COLLECTION",500,7,490.0,550.0,2,2843,2025,773,2852,2001,777,2849,2018,777,3,2,6,0.0010518934081346423,9.900990099009901E-4,0.007662835249042145,0.3208276423878155,0.8245854654456852,1.5005349586521928,0.641655284775631,0.8245854654456852,1.0003566391014618,0.15444015444015444,0.5763131813676908,0.6550836550836551,97.5,100.0,3795,562,1284,10,1,0,0.002635046113306983,0.0017793594306049821,0.0,0.30000000000000004,0.9,0.9,0.4,90.0,45.0,60.0,0.30000000000000004,0.8,0.8,0.30000000000000004,80.0,55.0,50.0,776,776,0,776,0.0,1.5209268861376821,1.5,1.0139512574251215,524,0.6752577319587629,1.0,1
"iteration_1","SCOPE_DATA_COLLECTION",500,8,550.0,610.0,0,2856,1977,776,2843,2025,773,2846,1975,766,1,1,0,3.5124692658939234E-4,5.060728744939271E-4,0.0,0.3193579810296253,0.830314747742619,1.5196681981370592,0.6387159620592506,0.830314747742619,1.0131121320913727,0.1528460997891778,0.5711392405063291,0.674934725848564,100.0,100.0,3793,576,1240,2,0,0,5.272871078302136E-4,0.0,0.0,0.30000000000000004,0.8,0.8,0.30000000000000004,80.0,55.0,50.0,0.30000000000000004,0.8,0.8,0.30000000000000004,80.0,55.0,50.0,2901,2896,5,2901,0.001723543605653223,0.3236644732868695,0.5,0.647328946573739,449,0.1550414364640884,1.0,1
"iteration_1","SCOPE_DATA_COLLECTION",500,8,550.0,610.0,1,2856,1977,776,2843,2025,773,2846,1975,766,1,1,0,3.5124692658939234E-4,5.060728744939271E-4,0.0,0.3193579810296253,0.830314747742619,1.5196681981370592,0.6387159620592506,0.830314747742619,1.0131121320913727,0.1528460997891778,0.5711392405063291,0.674934725848564,100.0,100.0,3793,576,1240,2,0,0,5.272871078302136E-4,0.0,0.0,0.30000000000000004,0.8,0.8,0.30000000000000004,80.0,55.0,50.0,0.30000000000000004,0.8,0.8,0.30000000000000004,80.0,55.0,50.0,1979,1975,4,1979,0.00202122283981809,0.8210449550916742,1.0,0.8210449550916742,1140,0.5772151898734177,1.0,1
"iteration_1","SCOPE_DATA_COLLECTION",500,8,550.0,610.0,2,2856,1977,776,2843,2025,773,2846,1975,766,1,1,0,3.5124692658939234E-4,5.060728744939271E-4,0.0,0.3193579810296253,0.830314747742619,1.5196681981370592,0.6387159620592506,0.830314747742619,1.0131121320913727,0.1528460997891778,0.5711392405063291,0.674934725848564,100.0,100.0,3793,576,1240,2,0,0,5.272871078302136E-4,0.0,0.0,0.30000000000000004,0.8,0.8,0.30000000000000004,80.0,55.0,50.0,0.30000000000000004,0.8,0.8,0.30000000000000004,80.0,55.0,50.0,696,694,2,696,0.0028735632183908046,1.5343394622461841,1.5,1.0228929748307893,477,0.6873198847262247,1.0,1
"iteration_1","SCOPE_DATA_COLLECTION",500,9,610.0,670.0,0,2901,1979,696,2856,1977,776,2894,1980,698,5,4,2,0.0017247326664367024,0.0020161290322580645,0.002857142857142857,0.32406082551988274,0.8201212605460441,1.5335256494858454,0.6481216510397655,0.8201212605460441,1.0223504329905635,0.1551485832757429,0.5777777777777777,0.6862464183381088,95.0,100.0,3850,541,1185,11,0,0,0.002857142857142857,0.0,0.0,0.30000000000000004,0.8,0.8,0.30000000000000004,80.0,55.0,50.0,0.9,0.9,0.2,0.8,65.0,85.0,40.0,2856,2854,2,2856,7.002801120448179E-4,0.3265374973414855,0.5,0.653074994682971,432,0.1513665031534688,1.0,1
"iteration_1","SCOPE_DATA_COLLECTION",500,9,610.0,670.0,1,2901,1979,696,2856,1977,776,2894,1980,698,5,4,2,0.0017247326664367024,0.0020161290322580645,0.002857142857142857,0.32406082551988274,0.8201212605460441,1.5335256494858454,0.6481216510397655,0.8201212605460441,1.0223504329905635,0.1551485832757429,0.5777777777777777,0.6862464183381088,95.0,100.0,3850,541,1185,11,0,0,0.002857142857142857,0.0,0.0,0.30000000000000004,0.8,0.8,0.30000000000000004,80.0,55.0,50.0,0.9,0.9,0.2,0.8,65.0,85.0,40.0,2007,2004,3,2007,0.0014947683109118087,0.8181138823627874,1.0,0.8181138823627874,1166,0.5818363273453094,1.0,1
"iteration_1","SCOPE_DATA_COLLECTION",500,9,610.0,670.0,2,2901,1979,696,2856,1977,776,2894,1980,698,5,4,2,0.0017247326664367024,0.0020161290322580645,0.002857142857142857,0.32406082551988274,0.8201212605460441,1.5335256494858454,0.6481216510397655,0.8201212605460441,1.0223504329905635,0.1551485832757429,0.5777777777777777,0.6862464183381088,95.0,100.0,3850,541,1185,11,0,0,0.002857142857142857,0.0,0.0,0.30000000000000004,0.8,0.8,0.30000000000000004,80.0,55.0,50.0,0.9,0.9,0.2,0.8,65.0,85.0,40.0,754,753,1,754,0.001326259946949602,1.4960455188154769,1.5,0.9973636792103179,493,0.6547144754316069,1.0,1
"iteration_1","SCOPE_DATA_COLLECTION",500,10,670.0,730.0,0,2856,2007,754,2901,1979,696,2851,2006,757,2,3,1,7.010164738871364E-4,0.0014932802389248383,0.0013192612137203166,0.32569733428210373,0.817068117503808,1.4981143605314111,0.6513946685642075,0.817068117503808,0.9987429070209407,0.1511750263065591,0.5797607178464607,0.6565389696169088,97.5,100.0,3841,1612,164,3,3,0,7.810466024472793E-4,0.0018610421836228288,0.0,0.9,0.9,0.2,0.8,65.0,85.0,40.0,0.9,0.9,0.2,0.8,55.0,95.0,30.0,2857,2856,1,2857,3.5001750087504374E-4,0.32049895937650563,0.5,0.6409979187530113,364,0.12745098039215685,1.0,1
"iteration_1","SCOPE_DATA_COLLECTION",500,10,670.0,730.0,1,2856,2007,754,2901,1979,696,2851,2006,757,2,3,1,7.010164738871364E-4,0.0014932802389248383,0.0013192612137203166,0.32569733428210373,0.817068117503808,1.4981143605314111,0.6513946685642075,0.817068117503808,0.9987429070209407,0.1511750263065591,0.5797607178464607,0.6565389696169088,97.5,100.0,3841,1612,164,3,3,0,7.810466024472793E-4,0.0018610421836228288,0.0,0.9,0.9,0.2,0.8,65.0,85.0,40.0,0.9,0.9,0.2,0.8,55.0,95.0,30.0,2009,2006,3,2009,0.0014932802389248383,0.8070467844996855,1.0,0.8070467844996855,1134,0.5653040877367896,1.0,1
"iteration_1","SCOPE_DATA_COLLECTION",500,10,670.0,730.0,2,2856,2007,754,2901,1979,696,2851,2006,757,2,3,1,7.010164738871364E-4,0.0014932802389248383,0.0013192612137203166,0.32569733428210373,0.817068117503808,1.4981143605314111,0.6513946685642075,0.817068117503808,0.9987429070209407,0.1511750263065591,0.5797607178464607,0.6565389696169088,97.5,100.0,3841,1612,164,3,3,0,7.810466024472793E-4,0.0018610421836228288,0.0,0.9,0.9,0.2,0.8,65.0,85.0,40.0,0.9,0.9,0.2,0.8,55.0,95.0,30.0,722,718,4,722,0.00554016620498615,1.5286662679427505,1.5,1.019110845295167,485,0.6754874651810585,1.0,1
"iteration_1","SCOPE_DATA_COLLECTION",500,11,730.0,790.0,0,2857,2009,722,2856,2007,754,2867,1992,713,1,3,4,3.486750348675035E-4,0.0015037593984962407,0.005578800557880056,0.3206370747213813,0.8058845035229721,1.5263955642362084,0.6412741494427626,0.8058845035229721,1.017597042824139,0.12661318451342868,0.5637550200803213,0.6746143057503506,92.5,100.0,3818,1587,183,8,0,0,0.0020953378732320588,0.0,0.0,0.9,0.9,0.2,0.8,55.0,95.0,30.0,0.9,0.9,0.30000000000000004,0.9,65.0,95.0,20.0,2798,2796,2,2798,7.147962830593281E-4,0.32818825979041893,0.5,0.6563765195808379,421,0.1505722460658083,1.0,1
"iteration_1","SCOPE_DATA_COLLECTION",500,11,730.0,790.0,1,2857,2009,722,2856,2007,754,2867,1992,713,1,3,4,3.486750348675035E-4,0.0015037593984962407,0.005578800557880056,0.3206370747213813,0.8058845035229721,1.5263955642362084,0.6412741494427626,0.8058845035229721,1.017597042824139,0.12661318451342868,0.5637550200803213,0.6746143057503506,92.5,100.0,3818,1587,183,8,0,0,0.0020953378732320588,0.0,0.0,0.9,0.9,0.2,0.8,55.0,95.0,30.0,0.9,0.9,0.30000000000000004,0.9,65.0,95.0,20.0,1997,1995,2,1997,0.00100150225338007,0.81753720607316,1.0,0.81753720607316,1135,0.568922305764411,1.0,1
"iteration_1","SCOPE_DATA_COLLECTION",500,11,730.0,790.0,2,2857,2009,722,2856,2007,754,2867,1992,713,1,3,4,3.486750348675035E-4,0.0015037593984962407,0.005578800557880056,0.3206370747213813,0.8058845035229721,1.5263955642362084,0.6412741494427626,0.8058845035229721,1.017597042824139,0.12661318451342868,0.5637550200803213,0.6746143057503506,92.5,100.0,3818,1587,183,8,0,0,0.0020953378732320588,0.0,0.0,0.9,0.9,0.2,0.8,55.0,95.0,30.0,0.9,0.9,0.30000000000000004,0.9,65.0,95.0,20.0,792,791,1,792,0.0012626262626262627,1.5097882584167859,1.5,1.0065255056111906,523,0.661188369152971,1.0,1
"iteration_1","SCOPE_DATA_COLLECTION",500,12,790.0,850.0,0,2798,1997,792,2857,2009,722,2785,2002,796,2,2,1,7.176175098672408E-4,9.98003992015968E-4,0.0012547051442910915,0.3275655753893522,0.8180067449926542,1.5087956360389907,0.6551311507787044,0.8180067449926542,1.0058637573593272,0.1504488330341113,0.5704295704295704,0.6608040201005025,97.5,100.0,3771,1637,179,4,1,0,0.0010607265977194379,6.108735491753207E-4,0.0,0.9,0.9,0.30000000000000004,0.9,65.0,95.0,20.0,0.8,0.9,0.30000000000000004,0.9,75.0,95.0,20.0,2887,2885,2,2887,6.927606511950121E-4,0.3254567105780318,0.5,0.6509134211560637,472,0.1636048526863085,1.0,1
"iteration_1","SCOPE_DATA_COLLECTION",500,12,790.0,850.0,1,2798,1997,792,2857,2009,722,2785,2002,796,2,2,1,7.176175098672408E-4,9.98003992015968E-4,0.0012547051442910915,0.3275655753893522,0.8180067449926542,1.5087956360389907,0.6551311507787044,0.8180067449926542,1.0058637573593272,0.1504488330341113,0.5704295704295704,0.6608040201005025,97.5,100.0,3771,1637,179,4,1,0,0.0010607265977194379,6.108735491753207E-4,0.0,0.9,0.9,0.30000000000000004,0.9,65.0,95.0,20.0,0.8,0.9,0.30000000000000004,0.9,75.0,95.0,20.0,2057,2056,1,2057,4.861448711716091E-4,0.8052241725438984,1.0,0.8052241725438984,1182,0.5749027237354085,1.0,1
"iteration_1","SCOPE_DATA_COLLECTION",500,12,790.0,850.0,2,2798,1997,792,2857,2009,722,2785,2002,796,2,2,1,7.176175098672408E-4,9.98003992015968E-4,0.0012547051442910915,0.3275655753893522,0.8180067449926542,1.5087956360389907,0.6551311507787044,0.8180067449926542,1.0058637573593272,0.1504488330341113,0.5704295704295704,0.6608040201005025,97.5,100.0,3771,1637,179,4,1,0,0.0010607265977194379,6.108735491753207E-4,0.0,0.9,0.9,0.30000000000000004,0.9,65.0,95.0,20.0,0.8,0.9,0.30000000000000004,0.9,75.0,95.0,20.0,763,760,3,763,0.003931847968545216,1.5221705862113535,1.5,1.014780390807569,506,0.6657894736842105,1.0,1
"iteration_1","SCOPE_DATA_COLLECTION",500,13,850.0,910.0,0,2887,2057,763,2798,1997,792,2882,2052,758,2,1,3,6.934812760055479E-4,4.870920603994155E-4,0.003942181340341655,0.3242799782084807,0.8038285354954477,1.520110500731271,0.6485599564169614,0.8038285354954477,1.013407000487514,0.1596113809854268,0.5730994152046783,0.6662269129287599,95.0,100.0,3811,1502,394,5,1,0,0.0013119916032537393,6.657789613848203E-4,0.0,0.8,0.9,0.30000000000000004,0.9,75.0,95.0,20.0,0.7000000000000001,0.9,0.4,0.8,75.0,95.0,20.0,2713,2713,0,2713,0.0,0.32637762190828906,0.5,0.6527552438165781,456,0.1680796166605234,1.0,1
"iteration_1","SCOPE_DATA_COLLECTION",500,13,850.0,910.0,1,2887,2057,763,2798,1997,792,2882,2052,758,2,1,3,6.934812760055479E-4,4.870920603994155E-4,0.003942181340341655,0.3242799782084807,0.8038285354954477,1.520110500731271,0.6485599564169614,0.8038285354954477,1.013407000487514,0.1596113809854268,0.5730994152046783,0.6662269129287599,95.0,100.0,3811,1502,394,5,1,0,0.0013119916032537393,6.657789613848203E-4,0.0,0.8,0.9,0.30000000000000004,0.9,75.0,95.0,20.0,0.7000000000000001,0.9,0.4,0.8,75.0,95.0,20.0,2115,2111,4,2115,0.0018912529550827422,0.7983942360299403,1.0,0.7983942360299403,1195,0.56608242539081,1.0,1
"iteration_1","SCOPE_DATA_COLLECTION",500,13,850.0,910.0,2,2887,2057,763,2798,1997,792,2882,2052,758,2,1,3,6.934812760055479E-4,4.870920603994155E-4,0.003942181340341655,0.3242799782084807,0.8038285354954477,1.520110500731271,0.6485599564169614,0.8038285354954477,1.013407000487514,0.1596113809854268,0.5730994152046783,0.6662269129287599,95.0,100.0,3811,1502,394,5,1,0,0.0013119916032537393,6.657789613848203E-4,0.0,0.8,0.9,0.30000000000000004,0.9,75.0,95.0,20.0,0.7000000000000001,0.9,0.4,0.8,75.0,95.0,20.0,829,825,4,829,0.0048250904704463205,1.5011037787140258,1.5,1.0007358524760173,539,0.6533333333333333,1.0,1
"iteration_1","SCOPE_DATA_COLLECTION",500,14,910.0,970.0,0,2713,2115,829,2887,2057,763,2725,2120,815,0,4,4,0.0,0.0018832391713747645,0.004884004884004884,0.3276880901138769,0.799499387173259,1.4991371861455838,0.6553761802277538,0.799499387173259,0.9994247907637225,0.1710091743119266,0.5674528301886792,0.6503067484662577,100.0,100.0,3735,1376,546,8,0,0,0.00214190093708166,0.0,0.0,0.7000000000000001,0.9,0.4,0.8,75.0,95.0,20.0,0.6000000000000001,0.8,0.30000000000000004,0.9,75.0,95.0,20.0,2845,2839,6,2845,0.00210896309314587,0.33026636359964573,0.5,0.6605327271992915,513,0.18069742867206762,1.0,1
"iteration_1","SCOPE_DATA_COLLECTION",500,14,910.0,970.0,1,2713,2115,829,2887,2057,763,2725,2120,815,0,4,4,0.0,0.0018832391713747645,0.004884004884004884,0.3276880901138769,0.799499387173259,1.4991371861455838,0.6553761802277538,0.799499387173259,0.9994247907637225,0.1710091743119266,0.5674528301886792,0.6503067484662577,100.0,100.0,3735,1376,546,8,0,0,0.00214190093708166,0.0,0.0,0.7000000000000001,0.9,0.4,0.8,75.0,95.0,20.0,0.6000000000000001,0.8,0.30000000000000004,0.9,75.0,95.0,20.0,2109,2109,0,2109,0.0,0.8134709318856483,1.0,0.8134709318856483,1212,0.5746799431009957,1.0,1
"iteration_1","SCOPE_DATA_COLLECTION",500,14,910.0,970.0,2,2713,2115,829,2887,2057,763,2725,2120,815,0,4,4,0.0,0.0018832391713747645,0.004884004884004884,0.3276880901138769,0.799499387173259,1.4991371861455838,0.6553761802277538,0.799499387173259,0.9994247907637225,0.1710091743119266,0.5674528301886792,0.6503067484662577,100.0,100.0,3735,1376,546,8,0,0,0.00214190093708166,0.0,0.0,0.7000000000000001,0.9,0.4,0.8,75.0,95.0,20.0,0.6000000000000001,0.8,0.30000000000000004,0.9,75.0,95.0,20.0,719,718,1,719,0.0013908205841446453,1.5267265604450106,1.5,1.0178177069633405,483,0.6727019498607242,1.0,1
"iteration_1","SCOPE_DATA_COLLECTION",500,15,970.0,1030.0,0,2845,2109,719,2713,2115,829,2841,2098,735,6,0,1,0.002107481559536354,0.0,0.001358695652173913,0.33105010258592377,0.8143492600698073,1.5360211555689312,0.6621002051718475,0.8143492600698073,1.0240141037126207,0.1833861316437874,0.5753098188751191,0.6775510204081633,92.5,100.0,3857,1098,718,5,2,0,0.0012963443090484833,0.0018214936247723133,0.0,0.6000000000000001,0.8,0.30000000000000004,0.9,75.0,95.0,20.0,0.5,0.9,0.30000000000000004,0.9,75.0,95.0,20.0,2871,2870,1,2871,3.4831069313827936E-4,0.3211489962462599,0.5,0.6422979924925198,491,0.1710801393728223,1.0,1
"iteration_1","SCOPE_DATA_COLLECTION",500,15,970.0,1030.0,1,2845,2109,719,2713,2115,829,2841,2098,735,6,0,1,0.002107481559536354,0.0,0.001358695652173913,0.33105010258592377,0.8143492600698073,1.5360211555689312,0.6621002051718475,0.8143492600698073,1.0240141037126207,0.1833861316437874,0.5753098188751191,0.6775510204081633,92.5,100.0,3857,1098,718,5,2,0,0.0012963443090484833,0.0018214936247723133,0.0,0.6000000000000001,0.8,0.30000000000000004,0.9,75.0,95.0,20.0,0.5,0.9,0.30000000000000004,0.9,75.0,95.0,20.0,2018,2015,3,2018,0.0014866204162537165,0.8134885088623469,1.0,0.8134885088623469,1154,0.5727047146401986,1.0,1
"iteration_1","SCOPE_DATA_COLLECTION",500,15,970.0,1030.0,2,2845,2109,719,2713,2115,829,2841,2098,735,6,0,1,0.002107481559536354,0.0,0.001358695652173913,0.33105010258592377,0.8143492600698073,1.5360211555689312,0.6621002051718475,0.8143492600698073,1.0240141037126207,0.1833861316437874,0.5753098188751191,0.6775510204081633,92.5,100.0,3857,1098,718,5,2,0,0.0012963443090484833,0.0018214936247723133,0.0,0.6000000000000001,0.8,0.30000000000000004,0.9,75.0,95.0,20.0,0.5,0.9,0.30000000000000004,0.9,75.0,95.0,20.0,804,798,6,804,0.007462686567164179,1.5497904722993814,1.5,1.0331936481995876,546,0.6842105263157895,1.0,1
"iteration_1","SCOPE_DATA_COLLECTION",500,16,1030.0,1090.0,0,2871,2018,804,2845,2109,719,2866,2015,788,1,3,6,3.487966515521451E-4,0.0014866204162537165,0.007556675062972292,0.31997207726822086,0.8106244633686759,1.542755186390732,0.6399441545364417,0.8106244633686759,1.0285034575938214,0.16713189113747384,0.569727047146402,0.6814720812182741,97.5,100.0,3783,971,939,9,1,0,0.0023790642347343376,0.0010298661174047373,0.0,0.5,0.9,0.30000000000000004,0.9,75.0,95.0,20.0,0.6000000000000001,0.9,0.4,0.9,75.0,85.0,20.0,2821,2818,3,2821,0.0010634526763559022,0.3252662511460124,0.5,0.6505325022920248,482,0.1710432931156849,1.0,1
"iteration_1","SCOPE_DATA_COLLECTION",500,16,1030.0,1090.0,1,2871,2018,804,2845,2109,719,2866,2015,788,1,3,6,3.487966515521451E-4,0.0014866204162537165,0.007556675062972292,0.31997207726822086,0.8106244633686759,1.542755186390732,0.6399441545364417,0.8106244633686759,1.0285034575938214,0.16713189113747384,0.569727047146402,0.6814720812182741,97.5,100.0,3783,971,939,9,1,0,0.0023790642347343376,0.0010298661174047373,0.0,0.5,0.9,0.30000000000000004,0.9,75.0,95.0,20.0,0.6000000000000001,0.9,0.4,0.9,75.0,85.0,20.0,2068,2063,5,2068,0.0024177949709864605,0.8160235787401233,1.0,0.8160235787401233,1189,0.5763451284537082,1.0,1
"iteration_1","SCOPE_DATA_COLLECTION",500,16,1030.0,1090.0,2,2871,2018,804,2845,2109,719,2866,2015,788,1,3,6,3.487966515521451E-4,0.0014866204162537165,0.007556675062972292,0.31997207726822086,0.8106244633686759,1.542755186390732,0.6399441545364417,0.8106244633686759,1.0285034575938214,0.16713189113747384,0.569727047146402,0.6814720812182741,97.5,100.0,3783,971,939,9,1,0,0.0023790642347343376,0.0010298661174047373,0.0,0.5,0.9,0.30000000000000004,0.9,75.0,95.0,20.0,0.6000000000000001,0.9,0.4,0.9,75.0,85.0,20.0,760,754,6,760,0.007894736842105263,1.5734679077092653,1.5,1.0489786051395102,522,0.6923076923076923,1.0,1
"iteration_1","SCOPE_DATA_COLLECTION",500,17,1090.0,1150.0,0,2821,2068,760,2871,2018,804,2823,2069,755,3,5,6,0.0010615711252653928,0.0024108003857280617,0.00788436268068331,0.3263314543467352,0.8188070660042938,1.5749942630861222,0.6526629086934704,0.8188070660042938,1.049996175390748,0.17463691108749557,0.5799903334944417,0.6927152317880795,92.5,100.0,3801,1117,731,13,1,0,0.0034201525914233097,8.952551477170994E-4,0.0,0.6000000000000001,0.9,0.4,0.9,75.0,85.0,20.0,0.5,0.9,0.4,0.8,85.0,95.0,20.0,2866,2865,1,2866,3.489183531053733E-4,0.3220819355377615,0.5,0.644163871075523,400,0.13961605584642234,1.0,1
"iteration_1","SCOPE_DATA_COLLECTION",500,17,1090.0,1150.0,1,2821,2068,760,2871,2018,804,2823,2069,755,3,5,6,0.0010615711252653928,0.0024108003857280617,0.00788436268068331,0.3263314543467352,0.8188070660042938,1.5749942630861222,0.6526629086934704,0.8188070660042938,1.049996175390748,0.17463691108749557,0.5799903334944417,0.6927152317880795,92.5,100.0,3801,1117,731,13,1,0,0.0034201525914233097,8.952551477170994E-4,0.0,0.6000000000000001,0.9,0.4,0.9,75.0,85.0,20.0,0.5,0.9,0.4,0.8,85.0,95.0,20.0,2061,2060,1,2061,4.8520135856380397E-4,0.8382545711748851,1.0,0.8382545711748851,1203,0.5839805825242719,1.0,1
"iteration_1","SCOPE_DATA_COLLECTION",500,17,1090.0,1150.0,2,2821,2068,760,2871,2018,804,2823,2069,755,3,5,6,0.0010615711252653928,0.0024108003857280617,0.00788436268068331,0.3263314543467352,0.8188070660042938,1.5749942630861222,0.6526629086934704,0.8188070660042938,1.049996175390748,0.17463691108749557,0.5799903334944417,0.6927152317880795,92.5,100.0,3801,1117,731,13,1,0,0.0034201525914233097,8.952551477170994E-4,0.0,0.6000000000000001,0.9,0.4,0.9,75.0,85.0,20.0,0.5,0.9,0.4,0.8,85.0,95.0,20.0,706,706,0,706,0.0,1.527738948300665,1.5,1.0184926322004433,477,0.6756373937677054,1.0,1
"iteration_1","SCOPE_DATA_COLLECTION",500,18,1150.0,1210.0,0,2866,2061,706,2821,2068,760,2862,2045,707,1,1,0,3.4928396786587494E-4,4.887585532746823E-4,0.0,0.32162878144362816,0.836024326927715,1.5301694903350025,0.6432575628872563,0.836024326927715,1.0201129935566684,0.13801537386443047,0.5828850855745721,0.6760961810466761,97.5,100.0,3899,876,858,2,0,0,5.129520389843549E-4,0.0,0.0,0.5,0.9,0.4,0.8,85.0,95.0,20.0,0.4,0.9,0.5,0.7000000000000001,75.0,95.0,20.0,2852,2851,1,2852,3.506311360448808E-4,0.3207066776871362,0.5,0.6414133553742724,488,0.1711680112241319,1.0,1
"iteration_1","SCOPE_DATA_COLLECTION",500,18,1150.0,1210.0,1,2866,2061,706,2821,2068,760,2862,2045,707,1,1,0,3.4928396786587494E-4,4.887585532746823E-4,0.0,0.32162878144362816,0.836024326927715,1.5301694903350025,0.6432575628872563,0.836024326927715,1.0201129935566684,0.13801537386443047,0.5828850855745721,0.6760961810466761,97.5,100.0,3899,876,858,2,0,0,5.129520389843549E-4,0.0,0.0,0.5,0.9,0.4,0.8,85.0,95.0,20.0,0.4,0.9,0.5,0.7000000000000001,75.0,95.0,20.0,2073,2067,6,2073,0.002894356005788712,0.8121722116072885,1.0,0.8121722116072885,1164,0.5631349782293179,1.0,1
"iteration_1","SCOPE_DATA_COLLECTION",500,18,1150.0,1210.0,2,2866,2061,706,2821,2068,760,2862,2045,707,1,1,0,3.4928396786587494E-4,4.887585532746823E-4,0.0,0.32162878144362816,0.836024326927715,1.5301694903350025,0.6432575628872563,0.836024326927715,1.0201129935566684,0.13801537386443047,0.5828850855745721,0.6760961810466761,97.5,100.0,3899,876,858,2,0,0,5.129520389843549E-4,0.0,0.0,0.5,0.9,0.4,0.8,85.0,95.0,20.0,0.4,0.9,0.5,0.7000000000000001,75.0,95.0,20.0,794,788,6,794,0.007556675062972292,1.5411159774872043,1.5,1.0274106516581363,529,0.6713197969543148,1.0,1
"iteration_1","SCOPE_DATA_COLLECTION",500,19,1210.0,1270.0,0,2852,2073,794,2866,2061,706,2859,2076,785,1,6,6,3.4965034965034965E-4,0.002881844380403458,0.007585335018963337,0.32098454250160163,0.8139153573669657,1.5395649802597218,0.6419690850032033,0.8139153573669657,1.026376653506481,0.17103882476390347,0.5635838150289018,0.6713375796178344,92.5,100.0,3812,749,1158,13,0,0,0.003410283315844701,0.0,0.0,0.4,0.9,0.5,0.7000000000000001,75.0,95.0,20.0,0.30000000000000004,0.9,0.4,0.8,85.0,85.0,30.0,2779,2777,2,2779,7.196833393306944E-4,0.31758899503200744,0.5,0.6351779900640149,374,0.13467770975873244,1.0,1
"iteration_1","SCOPE_DATA_COLLECTION",500,19,1210.0,1270.0,1,2852,2073,794,2866,2061,706,2859,2076,785,1,6,6,3.4965034965034965E-4,0.002881844380403458,0.007585335018963337,0.32098454250160163,0.8139153573669657,1.5395649802597218,0.6419690850032033,0.8139153573669657,1.026376653506481,0.17103882476390347,0.5635838150289018,0.6713375796178344,92.5,100.0,3812,749,1158,13,0,0,0.003410283315844701,0.0,0.0,0.4,0.9,0.5,0.7000000000000001,75.0,95.0,20.0,0.30000000000000004,0.9,0.4,0.8,85.0,85.0,30.0,1884,1883,1,1884,5.307855626326964E-4,0.8054974134583295,1.0,0.8054974134583295,1052,0.5586829527349974,1.0,1
"iteration_1","SCOPE_DATA_COLLECTION",500,19,1210.0,1270.0,2,2852,2073,794,2866,2061,706,2859,2076,785,1,6,6,3.4965034965034965E-4,0.002881844380403458,0.007585335018963337,0.32098454250160163,0.8139153573669657,1.5395649802597218,0.6419690850032033,0.8139153573669657,1.026376653506481,0.17103882476390347,0.5635838150289018,0.6713375796178344,92.5,100.0,3812,749,1158,13,0,0,0.003410283315844701,0.0,0.0,0.4,0.9,0.5,0.7000000000000001,75.0,95.0,20.0,0.30000000000000004,0.9,0.4,0.8,85.0,85.0,30.0,784,779,5,784,0.006377551020408163,1.5658024911521526,1.5,1.0438683274347684,544,0.6983311938382541,1.0,1
"iteration_1","SCOPE_DATA_COLLECTION",500,20,1270.0,1330.0,0,2779,1884,784,2852,2073,794,2766,1884,779,2,1,5,7.22543352601156E-4,5.305039787798408E-4,0.006377551020408163,0.31731803591077773,0.8051728052178972,1.566945803984263,0.6346360718215555,0.8051728052178972,1.0446305359895087,0.13485177151120753,0.5567940552016986,0.6983311938382541,97.5,100.0,3700,512,1235,7,1,0,0.0018918918918918919,0.001953125,0.0,0.30000000000000004,0.9,0.4,0.8,85.0,85.0,30.0,0.9,0.5,0.8,0.6000000000000001,65.0,40.0,40.0,2860,2856,4,2860,0.0013986013986013986,0.3247638905365649,0.5,0.6495277810731298,429,0.15021008403361344,1.0,1
"iteration_1","SCOPE_DATA_COLLECTION",500,20,1270.0,1330.0,1,2779,1884,784,2852,2073,794,2766,1884,779,2,1,5,7.22543352601156E-4,5.305039787798408E-4,0.006377551020408163,0.31731803591077773,0.8051728052178972,1.566945803984263,0.6346360718215555,0.8051728052178972,1.0446305359895087,0.13485177151120753,0.5567940552016986,0.6983311938382541,97.5,100.0,3700,512,1235,7,1,0,0.0018918918918918919,0.001953125,0.0,0.30000000000000004,0.9,0.4,0.8,85.0,85.0,30.0,0.9,0.5,0.8,0.6000000000000001,65.0,40.0,40.0,1949,1946,3,1949,0.0015392508978963571,0.828090746805758,1.0,0.828090746805758,1103,0.5668036998972251,1.0,1
"iteration_1","SCOPE_DATA_COLLECTION",500,20,1270.0,1330.0,2,2779,1884,784,2852,2073,794,2766,1884,779,2,1,5,7.22543352601156E-4,5.305039787798408E-4,0.006377551020408163,0.31731803591077773,0.8051728052178972,1.566945803984263,0.6346360718215555,0.8051728052178972,1.0446305359895087,0.13485177151120753,0.5567940552016986,0.6983311938382541,97.5,100.0,3700,512,1235,7,1,0,0.0018918918918918919,0.001953125,0.0,0.30000000000000004,0.9,0.4,0.8,85.0,85.0,30.0,0.9,0.5,0.8,0.6000000000000001,65.0,40.0,40.0,779,775,4,779,0.005134788189987163,1.5572538974535473,1.5,1.0381692649690315,530,0.6838709677419355,1.0,1
"iteration_1","SCOPE_DATA_COLLECTION",500,21,1330.0,1390.0,0,2860,1949,779,2779,1884,784,2853,1936,777,4,3,4,0.001400070003500175,0.0015471892728210418,0.005121638924455826,0.3240299989662888,0.8251828534456608,1.558557653715543,0.6480599979325776,0.8251828534456608,1.039038435810362,0.14896600070101648,0.5681818181818182,0.685971685971686,100.0,100.0,3805,1590,193,10,1,0,0.002628120893561104,6.289308176100629E-4,0.0,0.9,0.5,0.8,0.6000000000000001,65.0,40.0,40.0,0.8,0.5,0.9,0.7000000000000001,75.0,50.0,30.0,2884,2883,1,2884,3.4674063800277393E-4,0.31969647837738585,0.5,0.6393929567547717,408,0.14151925078043703,1.0,1
"iteration_1","SCOPE_DATA_COLLECTION",500,21,1330.0,1390.0,1,2860,1949,779,2779,1884,784,2853,1936,777,4,3,4,0.001400070003500175,0.0015471892728210418,0.005121638924455826,0.3240299989662888,0.8251828534456608,1.558557653715543,0.6480599979325776,0.8251828534456608,1.039038435810362,0.14896600070101648,0.5681818181818182,0.685971685971686,100.0,100.0,3805,1590,193,10,1,0,0.002628120893561104,6.289308176100629E-4,0.0,0.9,0.5,0.8,0.6000000000000001,65.0,40.0,40.0,0.8,0.5,0.9,0.7000000000000001,75.0,50.0,30.0,2052,2050,2,2052,9.746588693957114E-4,0.8266903357916356,1.0,0.8266903357916356,1198,0.584390243902439,1.0,1
"iteration_1","SCOPE_DATA_COLLECTION",500,21,1330.0,1390.0,2,2860,1949,779,2779,1884,784,2853,1936,777,4,3,4,0.001400070003500175,0.0015471892728210418,0.005121638924455826,0.3240299989662888,0.8251828534456608,1.558557653715543,0.6480599979325776,0.8251828534456608,1.039038435810362,0.14896600070101648,0.5681818181818182,0.685971685971686,100.0,100.0,3805,1590,193,10,1,0,0.002628120893561104,6.289308176100629E-4,0.0,0.9,0.5,0.8,0.6000000000000001,65.0,40.0,40.0,0.8,0.5,0.9,0.7000000000000001,75.0,50.0,30.0,765,761,4,765,0.00522875816993464,1.523527606612258,1.5,1.0156850710748386,507,0.6662286465177398,1.0,1
"iteration_1","SCOPE_DATA_COLLECTION",500,22,1390.0,1450.0,0,2884,2052,765,2860,1949,779,2883,2061,762,1,2,4,3.4674063800277393E-4,9.694619486185168E-4,0.005221932114882507,0.32066888180497416,0.8287863141879477,1.520739505016157,0.6413377636099483,0.8287863141879477,1.013826336677438,0.14394727714186611,0.5836972343522562,0.6627296587926509,97.5,100.0,3850,1503,348,5,2,0,0.0012987012987012987,0.0013306719893546241,0.0,0.8,0.5,0.9,0.7000000000000001,75.0,50.0,30.0,0.9,0.5,0.8,0.7000000000000001,65.0,60.0,20.0,2848,2841,7,2848,0.0024578651685393258,0.320819077762729,0.5,0.641638155525458,422,0.14853924674410418,1.0,1
"iteration_1","SCOPE_DATA_COLLECTION",500,22,1390.0,1450.0,1,2884,2052,765,2860,1949,779,2883,2061,762,1,2,4,3.4674063800277393E-4,9.694619486185168E-4,0.005221932114882507,0.32066888180497416,0.8287863141879477,1.520739505016157,0.6413377636099483,0.8287863141879477,1.013826336677438,0.14394727714186611,0.5836972343522562,0.6627296587926509,97.5,100.0,3850,1503,348,5,2,0,0.0012987012987012987,0.0013306719893546241,0.0,0.8,0.5,0.9,0.7000000000000001,75.0,50.0,30.0,0.9,0.5,0.8,0.7000000000000001,65.0,60.0,20.0,2090,2087,3,2090,0.0014354066985645933,0.8308474387320065,1.0,0.8308474387320065,1225,0.5869669381887878,1.0,1
"iteration_1","SCOPE_DATA_COLLECTION",500,22,1390.0,1450.0,2,2884,2052,765,2860,1949,779,2883,2061,762,1,2,4,3.4674063800277393E-4,9.694619486185168E-4,0.005221932114882507,0.32066888180497416,0.8287863141879477,1.520739505016157,0.6413377636099483,0.8287863141879477,1.013826336677438,0.14394727714186611,0.5836972343522562,0.6627296587926509,97.5,100.0,3850,1503,348,5,2,0,0.0012987012987012987,0.0013306719893546241,0.0,0.8,0.5,0.9,0.7000000000000001,75.0,50.0,30.0,0.9,0.5,0.8,0.7000000000000001,65.0,60.0,20.0,745,741,4,745,0.005369127516778523,1.5474335436380149,1.5,1.0316223624253433,503,0.6788124156545209,1.0,1
"iteration_1","SCOPE_DATA_COLLECTION",500,23,1450.0,1510.0,0,2848,2090,745,2884,2052,765,2848,2086,744,7,3,4,0.0024518388791593695,0.0014360938247965534,0.0053475935828877,0.321032287090109,0.8307936699118319,1.5540275469347626,0.642064574180218,0.8307936699118319,1.036018364623175,0.14922752808988765,0.5877277085330777,0.6827956989247311,97.5,100.0,3816,1690,177,12,2,0,0.0031446540880503146,0.001183431952662722,0.0,0.9,0.5,0.8,0.7000000000000001,65.0,60.0,20.0,0.2,0.9,0.9,0.7000000000000001,20.0,90.0,85.0,2798,2797,1,2798,3.5739814152966406E-4,0.3191553262093003,0.5,0.6383106524186006,446,0.15945656060064356,1.0,1
"iteration_1","SCOPE_DATA_COLLECTION",500,23,1450.0,1510.0,1,2848,2090,745,2884,2052,765,2848,2086,744,7,3,4,0.0024518388791593695,0.0014360938247965534,0.0053475935828877,0.321032287090109,0.8307936699118319,1.5540275469347626,0.642064574180218,0.8307936699118319,1.036018364623175,0.14922752808988765,0.5877277085330777,0.6827956989247311,97.5,100.0,3816,1690,177,12,2,0,0.0031446540880503146,0.001183431952662722,0.0,0.9,0.5,0.8,0.7000000000000001,65.0,60.0,20.0,0.2,0.9,0.9,0.7000000000000001,20.0,90.0,85.0,2062,2062,0,2062,0.0,0.8413151674795485,1.0,0.8413151674795485,1235,0.5989330746847721,1.0,1
"iteration_1","SCOPE_DATA_COLLECTION",500,23,1450.0,1510.0,2,2848,2090,745,2884,2052,765,2848,2086,744,7,3,4,0.0024518388791593695,0.0014360938247965534,0.0053475935828877,0.321032287090109,0.8307936699118319,1.5540275469347626,0.642064574180218,0.8307936699118319,1.036018364623175,0.14922752808988765,0.5877277085330777,0.6827956989247311,97.5,100.0,3816,1690,177,12,2,0,0.0031446540880503146,0.001183431952662722,0.0,0.9,0.5,0.8,0.7000000000000001,65.0,60.0,20.0,0.2,0.9,0.9,0.7000000000000001,20.0,90.0,85.0,704,699,5,704,0.007102272727272727,1.5667024093759685,1.5,1.0444682729173123,483,0.6909871244635193,1.0,1
"iteration_1","SCOPE_DATA_COLLECTION",500,24,1510.0,1570.0,0,2798,2062,704,2848,2090,745,2792,2070,687,1,0,5,3.5803795202291446E-4,0.0,0.0072254335260115606,0.31862992717168154,0.8427841786118423,1.5605143903303156,0.6372598543433631,0.8427841786118423,1.0403429268868771,0.1579512893982808,0.5985507246376811,0.6885007278020379,100.0,100.0,3816,347,1401,6,0,0,0.0015723270440251573,0.0,0.0,0.2,0.9,0.9,0.7000000000000001,20.0,90.0,85.0,0.30000000000000004,0.9,0.8,0.7000000000000001,20.0,95.0,85.0,2864,2864,0,2864,0.0,0.32190790190693747,0.5,0.6438158038138749,497,0.1735335195530726,1.0,1
"iteration_1","SCOPE_DATA_COLLECTION",500,24,1510.0,1570.0,1,2798,2062,704,2848,2090,745,2792,2070,687,1,0,5,3.5803795202291446E-4,0.0,0.0072254335260115606,0.31862992717168154,0.8427841786118423,1.5605143903303156,0.6372598543433631,0.8427841786118423,1.0403429268868771,0.1579512893982808,0.5985507246376811,0.6885007278020379,100.0,100.0,3816,347,1401,6,0,0,0.0015723270440251573,0.0,0.0,0.2,0.9,0.9,0.7000000000000001,20.0,90.0,85.0,0.30000000000000004,0.9,0.8,0.7000000000000001,20.0,95.0,85.0,2075,2074,1,2075,4.8192771084337347E-4,0.8286904891912071,1.0,0.8286904891912071,1201,0.5790742526518804,1.0,1
"iteration_1","SCOPE_DATA_COLLECTION",500,24,1510.0,1570.0,2,2798,2062,704,2848,2090,745,2792,2070,687,1,0,5,3.5803795202291446E-4,0.0,0.0072254335260115606,0.31862992717168154,0.8427841786118423,1.5605143903303156,0.6372598543433631,0.8427841786118423,1.0403429268868771,0.1579512893982808,0.5985507246376811,0.6885007278020379,100.0,100.0,3816,347,1401,6,0,0,0.0015723270440251573,0.0,0.0,0.2,0.9,0.9,0.7000000000000001,20.0,90.0,85.0,0.30000000000000004,0.9,0.8,0.7000000000000001,20.0,95.0,85.0,767,758,9,767,0.011734028683181226,1.5684326840931415,1.5,1.0456217893954276,522,0.6886543535620053,1.0,1
"iteration_1","SCOPE_DATA_COLLECTION",500,25,1570.0,1630.0,0,2864,2075,767,2798,2062,704,2872,2066,768,0,1,9,0.0,4.837929366231253E-4,0.011583011583011582,0.3221722442964199,0.8262071855644468,1.568243259646527,0.6443444885928398,0.8262071855644468,1.045495506431018,0.1737465181058496,0.5769603097773476,0.6888020833333334,97.5,100.0,3841,557,1308,10,0,0,0.0026034886748242643,0.0,0.0,0.30000000000000004,0.9,0.8,0.7000000000000001,20.0,95.0,85.0,0.30000000000000004,0.9,0.8,0.7000000000000001,20.0,95.0,85.0,2904,2903,1,2904,3.443526170798898E-4,0.32466839350602644,0.5,0.6493367870120529,420,0.14467791939373062,1.0,1
"iteration_1","SCOPE_DATA_COLLECTION",500,25,1570.0,1630.0,1,2864,2075,767,2798,2062,704,2872,2066,768,0,1,9,0.0,4.837929366231253E-4,0.011583011583011582,0.3221722442964199,0.8262071855644468,1.568243259646527,0.6443444885928398,0.8262071855644468,1.045495506431018,0.1737465181058496,0.5769603097773476,0.6888020833333334,97.5,100.0,3841,557,1308,10,0,0,0.0026034886748242643,0.0,0.0,0.30000000000000004,0.9,0.8,0.7000000000000001,20.0,95.0,85.0,0.30000000000000004,0.9,0.8,0.7000000000000001,20.0,95.0,85.0,1967,1965,2,1967,0.0010167768174885613,0.8461141099182814,1.0,0.8461141099182814,1189,0.605089058524173,1.0,1
"iteration_1","SCOPE_DATA_COLLECTION",500,25,1570.0,1630.0,2,2864,2075,767,2798,2062,704,2872,2066,768,0,1,9,0.0,4.837929366231253E-4,0.011583011583011582,0.3221722442964199,0.8262071855644468,1.568243259646527,0.6443444885928398,0.8262071855644468,1.045495506431018,0.1737465181058496,0.5769603097773476,0.6888020833333334,97.5,100.0,3841,557,1308,10,0,0,0.0026034886748242643,0.0,0.0,0.30000000000000004,0.9,0.8,0.7000000000000001,20.0,95.0,85.0,0.30000000000000004,0.9,0.8,0.7000000000000001,20.0,95.0,85.0,730,725,5,730,0.00684931506849315,1.5250640511798694,1.5,1.0167093674532464,484,0.6675862068965517,1.0,1
"iteration_1","SCOPE_DATA_COLLECTION",500,26,1630.0,1690.0,0,2904,1967,730,2864,2075,767,2901,1963,728,1,2,5,3.4458993797381116E-4,0.0010178117048346056,0.0068212824010914054,0.325011321125996,0.8471289575630279,1.527121232755624,0.650022642251992,0.8471289575630279,1.0180808218370827,0.145467080317132,0.6072338257768721,0.6689560439560439,92.5,100.0,3935,449,1217,8,0,0,0.0020330368487928843,0.0,0.0,0.30000000000000004,0.9,0.8,0.7000000000000001,20.0,95.0,85.0,0.30000000000000004,0.9,0.8,0.8,20.0,95.0,75.0,2793,2790,3,2793,0.0010741138560687433,0.32911258541562827,0.5,0.6582251708312565,448,0.16057347670250896,1.0,1
"iteration_1","SCOPE_DATA_COLLECTION",500,26,1630.0,1690.0,1,2904,1967,730,2864,2075,767,2901,1963,728,1,2,5,3.4458993797381116E-4,0.0010178117048346056,0.0068212824010914054,0.325011321125996,0.8471289575630279,1.527121232755624,0.650022642251992,0.8471289575630279,1.0180808218370827,0.145467080317132,0.6072338257768721,0.6689560439560439,92.5,100.0,3935,449,1217,8,0,0,0.0020330368487928843,0.0,0.0,0.30000000000000004,0.9,0.8,0.7000000000000001,20.0,95.0,85.0,0.30000000000000004,0.9,0.8,0.8,20.0,95.0,75.0,1958,1955,3,1958,0.0015321756894790602,0.8348550564290848,1.0,0.8348550564290848,1139,0.5826086956521739,1.0,1
"iteration_1","SCOPE_DATA_COLLECTION",500,26,1630.0,1690.0,2,2904,1967,730,2864,2075,767,2901,1963,728,1,2,5,3.4458993797381116E-4,0.0010178117048346056,0.0068212824010914054,0.325011321125996,0.8471289575630279,1.527121232755624,0.650022642251992,0.8471289575630279,1.0180808218370827,0.145467080317132,0.6072338257768721,0.6689560439560439,92.5,100.0,3935,449,1217,8,0,0,0.0020330368487928843,0.0,0.0,0.30000000000000004,0.9,0.8,0.7000000000000001,20.0,95.0,85.0,0.30000000000000004,0.9,0.8,0.8,20.0,95.0,75.0,756,755,1,756,0.0013227513227513227,1.5537949861759197,1.5,1.0358633241172799,516,0.6834437086092715,1.0,1
"iteration_1","SCOPE_DATA_COLLECTION",500,27,1690.0,1750.0,0,2793,1958,756,2904,1967,730,2791,1962,745,3,3,1,0.0010737294201861132,0.0015267175572519084,0.0013404825737265416,0.32863944015634616,0.8362293132477255,1.546202019102464,0.6572788803126923,0.8362293132477255,1.0308013460683092,0.1587244715155858,0.5835881753312946,0.6791946308724832,97.5,100.0,3842,497,1168,7,0,0,0.0018219677251431546,0.0,0.0,0.30000000000000004,0.9,0.8,0.8,20.0,95.0,75.0,0.4,0.9,0.7000000000000001,0.8,30.0,85.0,75.0,2841,2838,3,2841,0.0010559662090813093,0.32683801446097815,0.5,0.6536760289219563,429,0.1511627906976744,1.0,1
"iteration_1","SCOPE_DATA_COLLECTION",500,27,1690.0,1750.0,1,2793,1958,756,2904,1967,730,2791,1962,745,3,3,1,0.0010737294201861132,0.0015267175572519084,0.0013404825737265416,0.32863944015634616,0.8362293132477255,1.546202019102464,0.6572788803126923,0.8362293132477255,1.0308013460683092,0.1587244715155858,0.5835881753312946,0.6791946308724832,97.5,100.0,3842,497,1168,7,0,0,0.0018219677251431546,0.0,0.0,0.30000000000000004,0.9,0.8,0.8,20.0,95.0,75.0,0.4,0.9,0.7000000000000001,0.8,30.0,85.0,75.0,2049,2044,5,2049,0.002440214738897023,0.835801882882854,1.0,0.835801882882854,1199,0.5865949119373777,1.0,1
"iteration_1","SCOPE_DATA_COLLECTION",500,27,1690.0,1750.0,2,2793,1958,756,2904,1967,730,2791,1962,745,3,3,1,0.0010737294201861132,0.0015267175572519084,0.0013404825737265416,0.32863944015634616,0.8362293132477255,1.546202019102464,0.6572788803126923,0.8362293132477255,1.0308013460683092,0.1587244715155858,0.5835881753312946,0.6791946308724832,97.5,100.0,3842,497,1168,7,0,0,0.0018219677251431546,0.0,0.0,0.30000000000000004,0.9,0.8,0.8,20.0,95.0,75.0,0.4,0.9,0.7000000000000001,0.8,30.0,85.0,75.0,732,730,2,732,0.00273224043715847,1.5166770190483085,1.5,1.0111180126988724,484,0.663013698630137,1.0,1
"iteration_1","SCOPE_DATA_COLLECTION",500,28,1750.0,1810.0,0,2841,2049,732,2793,1958,756,2834,2040,739,3,5,2,0.0010574550581600281,0.0024449877750611247,0.002699055330634278,0.3269675504269229,0.8339176858898046,1.5247600351541002,0.6539351008538458,0.8339176858898046,1.0165066901027335,0.1524347212420607,0.5848039215686275,0.6671177266576455,95.0,100.0,3888,696,1038,10,0,0,0.00257201646090535,0.0,0.0,0.4,0.9,0.7000000000000001,0.8,30.0,85.0,75.0,0.4,0.9,0.7000000000000001,0.8,30.0,85.0,75.0,2933,2928,5,2933,0.0017047391749062393,0.31716332821310145,0.5,0.6343266564262029,411,0.1403688524590164,1.0,1
"iteration_1","SCOPE_DATA_COLLECTION",500,28,1750.0,1810.0,1,2841,2049,732,2793,1958,756,2834,2040,739,3,5,2,0.0010574550581600281,0.0024449877750611247,0.002699055330634278,0.3269675504269229,0.8339176858898046,1.5247600351541002,0.6539351008538458,0.8339176858898046,1.0165066901027335,0.1524347212420607,0.5848039215686275,0.6671177266576455,95.0,100.0,3888,696,1038,10,0,0,0.00257201646090535,0.0,0.0,0.4,0.9,0.7000000000000001,0.8,30.0,85.0,75.0,0.4,0.9,0.7000000000000001,0.8,30.0,85.0,75.0,2043,2038,5,2043,0.0024473813020068525,0.8217140528630651,1.0,0.8217140528630651,1182,0.5799803729146222,1.0,1
"iteration_1","SCOPE_DATA_COLLECTION",500,28,1750.0,1810.0,2,2841,2049,732,2793,1958,756,2834,2040,739,3,5,2,0.0010574550581600281,0.0024449877750611247,0.002699055330634278,0.3269675504269229,0.8339176858898046,1.5247600351541002,0.6539351008538458,0.8339176858898046,1.0165066901027335,0.1524347212420607,0.5848039215686275,0.6671177266576455,95.0,100.0,3888,696,1038,10,0,0,0.00257201646090535,0.0,0.0,0.4,0.9,0.7000000000000001,0.8,30.0,85.0,75.0,0.4,0.9,0.7000000000000001,0.8,30.0,85.0,75.0,764,761,3,764,0.003926701570680628,1.535121250952725,1.5,1.0234141673018167,513,0.6741130091984231,1.0,1
"iteration_1","SCOPE_DATA_COLLECTION",500,29,1810.0,1870.0,0,2933,2043,764,2841,2049,732,2930,2038,764,5,5,3,0.0017035775127768314,0.0024473813020068525,0.003911342894393742,0.3173640555183224,0.8237618347696408,1.535810680672004,0.6347281110366448,0.8237618347696408,1.0238737871146693,0.14061433447098975,0.5819430814524044,0.6740837696335078,97.5,100.0,3881,744,1115,12,1,0,0.003091986601391394,0.0013440860215053765,0.0,0.4,0.9,0.7000000000000001,0.8,30.0,85.0,75.0,0.4,0.9,0.6000000000000001,0.9,20.0,85.0,85.0,2861,2860,1,2861,3.495281370150297E-4,0.3265286863713752,0.5,0.6530573727427504,436,0.15244755244755245,1.0,1
"iteration_1","SCOPE_DATA_COLLECTION",500,29,1810.0,1870.0,1,2933,2043,764,2841,2049,732,2930,2038,764,5,5,3,0.0017035775127768314,0.0024473813020068525,0.003911342894393742,0.3173640555183224,0.8237618347696408,1.535810680672004,0.6347281110366448,0.8237618347696408,1.0238737871146693,0.14061433447098975,0.5819430814524044,0.6740837696335078,97.5,100.0,3881,744,1115,12,1,0,0.003091986601391394,0.0013440860215053765,0.0,0.4,0.9,0.7000000000000001,0.8,30.0,85.0,75.0,0.4,0.9,0.6000000000000001,0.9,20.0,85.0,85.0,2075,2073,2,2075,9.638554216867469E-4,0.8192939795127548,1.0,0.8192939795127548,1176,0.5672937771345875,1.0,1
"iteration_1","SCOPE_DATA_COLLECTION",500,29,1810.0,1870.0,2,2933,2043,764,2841,2049,732,2930,2038,764,5,5,3,0.0017035775127768314,0.0024473813020068525,0.003911342894393742,0.3173640555183224,0.8237618347696408,1.535810680672004,0.6347281110366448,0.8237618347696408,1.0238737871146693,0.14061433447098975,0.5819430814524044,0.6740837696335078,97.5,100.0,3881,744,1115,12,1,0,0.003091986601391394,0.0013440860215053765,0.0,0.4,0.9,0.7000000000000001,0.8,30.0,85.0,75.0,0.4,0.9,0.6000000000000001,0.9,20.0,85.0,85.0,739,736,3,739,0.0040595399188092015,1.5301168626519677,1.5,1.0200779084346452,493,0.6698369565217391,1.0,1
"iteration_1","SCOPE_DATA_COLLECTION",500,30,1870.0,1930.0,0,2861,2075,739,2933,2043,764,2865,2072,725,1,2,3,3.489183531053733E-4,9.643201542912247E-4,0.004120879120879121,0.32624092077533273,0.8165744208183877,1.5235541405528257,0.6524818415506655,0.8165744208183877,1.0157027603685505,0.1511343804537522,0.5651544401544402,0.6662068965517242,92.5,100.0,3890,718,1067,6,0,0,0.0015424164524421595,0.0,0.0,0.4,0.9,0.6000000000000001,0.9,20.0,85.0,85.0,0.4,0.9,0.5,0.9,30.0,95.0,85.0,2920,2917,3,2920,0.0010273972602739725,0.3233723131545264,0.5,0.6467446263090528,497,0.17038052793966404,1.0,1
"iteration_1","SCOPE_DATA_COLLECTION",500,30,1870.0,1930.0,1,2861,2075,739,2933,2043,764,2865,2072,725,1,2,3,3.489183531053733E-4,9.643201542912247E-4,0.004120879120879121,0.32624092077533273,0.8165744208183877,1.5235541405528257,0.6524818415506655,0.8165744208183877,1.0157027603685505,0.1511343804537522,0.5651544401544402,0.6662068965517242,92.5,100.0,3890,718,1067,6,0,0,0.0015424164524421595,0.0,0.0,0.4,0.9,0.6000000000000001,0.9,20.0,85.0,85.0,0.4,0.9,0.5,0.9,30.0,95.0,85.0,2009,2007,2,2009,9.955201592832255E-4,0.8273891542481252,1.0,0.8273891542481252,1136,0.5660189337319382,1.0,1
"iteration_1","SCOPE_DATA_COLLECTION",500,30,1870.0,1930.0,2,2861,2075,739,2933,2043,764,2865,2072,725,1,2,3,3.489183531053733E-4,9.643201542912247E-4,0.004120879120879121,0.32624092077533273,0.8165744208183877,1.5235541405528257,0.6524818415506655,0.8165744208183877,1.0157027603685505,0.1511343804537522,0.5651544401544402,0.6662068965517242,92.5,100.0,3890,718,1067,6,0,0,0.0015424164524421595,0.0,0.0,0.4,0.9,0.6000000000000001,0.9,20.0,85.0,85.0,0.4,0.9,0.5,0.9,30.0,95.0,85.0,770,765,5,770,0.006493506493506494,1.5100121569005946,1.5,1.0066747712670632,503,0.657516339869281,1.0,1
"iteration_1","SCOPE_DATA_COLLECTION",500,31,1930.0,1990.0,0,2920,2009,770,2861,2075,739,2914,2009,773,3,2,5,0.0010284538909838875,9.94530084535057E-4,0.006426735218508998,0.323272731449827,0.8295134817495448,1.5151939264452405,0.646545462899654,0.8295134817495448,1.010129284296827,0.17055593685655457,0.566948730711797,0.6597671410090556,95.0,100.0,3823,772,1104,10,0,0,0.0026157467957101752,0.0,0.0,0.4,0.9,0.5,0.9,30.0,95.0,85.0,0.35000000000000003,0.8,0.7000000000000001,0.4,65.0,70.0,85.0,2888,2884,4,2888,0.0013850415512465374,0.31410467573512213,0.5,0.6282093514702443,436,0.15117891816920942,1.0,1
"iteration_1","SCOPE_DATA_COLLECTION",500,31,1930.0,1990.0,1,2920,2009,770,2861,2075,739,2914,2009,773,3,2,5,0.0010284538909838875,9.94530084535057E-4,0.006426735218508998,0.323272731449827,0.8295134817495448,1.5151939264452405,0.646545462899654,0.8295134817495448,1.010129284296827,0.17055593685655457,0.566948730711797,0.6597671410090556,95.0,100.0,3823,772,1104,10,0,0,0.0026157467957101752,0.0,0.0,0.4,0.9,0.5,0.9,30.0,95.0,85.0,0.35000000000000003,0.8,0.7000000000000001,0.4,65.0,70.0,85.0,2013,2009,4,2013,0.001987083954297069,0.8226395893092141,1.0,0.8226395893092141,1163,0.5788949726231957,1.0,1
"iteration_1","SCOPE_DATA_COLLECTION",500,31,1930.0,1990.0,2,2920,2009,770,2861,2075,739,2914,2009,773,3,2,5,0.0010284538909838875,9.94530084535057E-4,0.006426735218508998,0.323272731449827,0.8295134817495448,1.5151939264452405,0.646545462899654,0.8295134817495448,1.010129284296827,0.17055593685655457,0.566948730711797,0.6597671410090556,95.0,100.0,3823,772,1104,10,0,0,0.0026157467957101752,0.0,0.0,0.4,0.9,0.5,0.9,30.0,95.0,85.0,0.35000000000000003,0.8,0.7000000000000001,0.4,65.0,70.0,85.0,760,760,0,760,0.0,1.5430772665336256,1.5,1.0287181776890837,518,0.6815789473684211,1.0,1
"iteration_1","SCOPE_DATA_COLLECTION",500,32,1990.0,2050.0,0,2888,2013,760,2920,2009,770,2887,2003,761,4,4,0,0.0013836042891732965,0.001993024414549078,0.0,0.31471298878989157,0.8228411151689375,1.54852787450353,0.6294259775797831,0.8228411151689375,1.0323519163356867,0.15240734326290267,0.5791313030454318,0.6846254927726675,100.0,100.0,3795,651,1215,7,1,0,0.001844532279314888,0.0015360983102918587,0.0,0.35000000000000003,0.8,0.7000000000000001,0.4,65.0,70.0,85.0,0.8500000000000001,0.7000000000000001,0.2,0.4,80.0,55.0,40.0,2815,2814,1,2815,3.5523978685612787E-4,0.3229991527979755,0.5,0.645998305595951,418,0.14854299928926795,1.0,1
"iteration_1","SCOPE_DATA_COLLECTION",500,32,1990.0,2050.0,1,2888,2013,760,2920,2009,770,2887,2003,761,4,4,0,0.0013836042891732965,0.001993024414549078,0.0,0.31471298878989157,0.8228411151689375,1.54852787450353,0.6294259775797831,0.8228411151689375,1.0323519163356867,0.15240734326290267,0.5791313030454318,0.6846254927726675,100.0,100.0,3795,651,1215,7,1,0,0.001844532279314888,0.0015360983102918587,0.0,0.35000000000000003,0.8,0.7000000000000001,0.4,65.0,70.0,85.0,0.8500000000000001,0.7000000000000001,0.2,0.4,80.0,55.0,40.0,2088,2088,0,2088,0.0,0.8028101985711881,1.0,0.8028101985711881,1167,0.5589080459770115,1.0,1
"iteration_1","SCOPE_DATA_COLLECTION",500,32,1990.0,2050.0,2,2888,2013,760,2920,2009,770,2887,2003,761,4,4,0,0.0013836042891732965,0.001993024414549078,0.0,0.31471298878989157,0.8228411151689375,1.54852787450353,0.6294259775797831,0.8228411151689375,1.0323519163356867,0.15240734326290267,0.5791313030454318,0.6846254927726675,100.0,100.0,3795,651,1215,7,1,0,0.001844532279314888,0.0015360983102918587,0.0,0.35000000000000003,0.8,0.7000000000000001,0.4,65.0,70.0,85.0,0.8500000000000001,0.7000000000000001,0.2,0.4,80.0,55.0,40.0,759,759,0,759,0.0,1.4858179996230998,1.5,0.9905453330820665,494,0.6508563899868248,1.0,1
"iteration_1","SCOPE_DATA_COLLECTION",500,33,2050.0,2110.0,0,2815,2088,759,2888,2013,760,2811,2093,757,1,0,0,3.5561877667140827E-4,0.0,0.0,0.32307048975699637,0.8034669247236086,1.4802962089553768,0.6461409795139927,0.8034669247236086,0.9868641393035845,0.14905727499110638,0.5609173435260392,0.6486129458388376,100.0,100.0,3812,1582,268,1,0,0,2.6232948583420777E-4,0.0,0.0,0.8500000000000001,0.7000000000000001,0.2,0.4,80.0,55.0,40.0,0.9500000000000001,0.7000000000000001,0.1,0.4,90.0,65.0,40.0,2820,2816,4,2820,0.0014184397163120568,0.3165957124152898,0.5,0.6331914248305796,374,0.1328125,1.0,1
"iteration_1","SCOPE_DATA_COLLECTION",500,33,2050.0,2110.0,1,2815,2088,759,2888,2013,760,2811,2093,757,1,0,0,3.5561877667140827E-4,0.0,0.0,0.32307048975699637,0.8034669247236086,1.4802962089553768,0.6461409795139927,0.8034669247236086,0.9868641393035845,0.14905727499110638,0.5609173435260392,0.6486129458388376,100.0,100.0,3812,1582,268,1,0,0,2.6232948583420777E-4,0.0,0.0,0.8500000000000001,0.7000000000000001,0.2,0.4,80.0,55.0,40.0,0.9500000000000001,0.7000000000000001,0.1,0.4,90.0,65.0,40.0,2086,2084,2,2086,9.587727708533077E-4,0.8148636380393471,1.0,0.8148636380393471,1218,0.5844529750479847,1.0,1
"iteration_1","SCOPE_DATA_COLLECTION",500,33,2050.0,2110.0,2,2815,2088,759,2888,2013,760,2811,2093,757,1,0,0,3.5561877667140827E-4,0.0,0.0,0.32307048975699637,0.8034669247236086,1.4802962089553768,0.6461409795139927,0.8034669247236086,0.9868641393035845,0.14905727499110638,0.5609173435260392,0.6486129458388376,100.0,100.0,3812,1582,268,1,0,0,2.6232948583420777E-4,0.0,0.0,0.8500000000000001,0.7000000000000001,0.2,0.4,80.0,55.0,40.0,0.9500000000000001,0.7000000000000001,0.1,0.4,90.0,65.0,40.0,737,736,1,737,0.0013568521031207597,1.5497247032857189,1.5,1.0331498021904792,511,0.6942934782608695,1.0,1
"iteration_1","SCOPE_DATA_COLLECTION",500,34,2110.0,2170.0,0,2820,2086,737,2815,2088,759,2815,2084,730,4,2,1,0.001418942887548776,9.587727708533077E-4,0.0013679890560875513,0.31631647886442676,0.8147507185972801,1.5529408709412655,0.6326329577288535,0.8147507185972801,1.0352939139608437,0.1321492007104796,0.5830134357005758,0.6958904109589041,95.0,100.0,3832,1704,107,6,1,0,0.0015657620041753654,5.868544600938967E-4,0.0,0.9500000000000001,0.7000000000000001,0.1,0.4,90.0,65.0,40.0,0.9500000000000001,0.8,0.2,0.4,90.0,55.0,30.0,2780,2779,1,2780,3.5971223021582735E-4,0.31933258376777246,0.5,0.6386651675355449,377,0.13566030946383592,1.0,1
"iteration_1","SCOPE_DATA_COLLECTION",500,34,2110.0,2170.0,1,2820,2086,737,2815,2088,759,2815,2084,730,4,2,1,0.001418942887548776,9.587727708533077E-4,0.0013679890560875513,0.31631647886442676,0.8147507185972801,1.5529408709412655,0.6326329577288535,0.8147507185972801,1.0352939139608437,0.1321492007104796,0.5830134357005758,0.6958904109589041,95.0,100.0,3832,1704,107,6,1,0,0.0015657620041753654,5.868544600938967E-4,0.0,0.9500000000000001,0.7000000000000001,0.1,0.4,90.0,65.0,40.0,0.9500000000000001,0.8,0.2,0.4,90.0,55.0,30.0,2086,2082,4,2086,0.0019175455417066154,0.8078938406981593,1.0,0.8078938406981593,1177,0.5653218059558117,1.0,1
"iteration_1","SCOPE_DATA_COLLECTION",500,34,2110.0,2170.0,2,2820,2086,737,2815,2088,759,2815,2084,730,4,2,1,0.001418942887548776,9.587727708533077E-4,0.0013679890560875513,0.31631647886442676,0.8147507185972801,1.5529408709412655,0.6326329577288535,0.8147507185972801,1.0352939139608437,0.1321492007104796,0.5830134357005758,0.6958904109589041,95.0,100.0,3832,1704,107,6,1,0,0.0015657620041753654,5.868544600938967E-4,0.0,0.9500000000000001,0.7000000000000001,0.1,0.4,90.0,65.0,40.0,0.9500000000000001,0.8,0.2,0.4,90.0,55.0,30.0,738,737,1,738,0.0013550135501355014,1.525643896083587,1.5,1.0170959307223912,496,0.6729986431478969,1.0,1
"iteration_1","SCOPE_DATA_COLLECTION",500,35,2170.0,2230.0,0,2780,2086,738,2820,2086,737,2773,2081,735,1,4,1,3.604902667627974E-4,0.0019184652278177458,0.001358695652173913,0.31934073665037227,0.8079877922851672,1.521059706225902,0.6386814733007445,0.8079877922851672,1.0140398041506014,0.13523260007212407,0.565112926477655,0.6707482993197279,97.5,100.0,3770,1731,103,4,2,0,0.0010610079575596816,0.0011554015020219526,0.0,0.9500000000000001,0.8,0.2,0.4,90.0,55.0,30.0,0.9500000000000001,0.1,0.8,0.1,70.0,30.0,45.0,2856,2855,1,2856,3.5014005602240897E-4,0.34065189297028675,0.5,0.6813037859405735,506,0.17723292469352014,1.0,1
"iteration_1","SCOPE_DATA_COLLECTION",500,35,2170.0,2230.0,1,2780,2086,738,2820,2086,737,2773,2081,735,1,4,1,3.604902667627974E-4,0.0019184652278177458,0.001358695652173913,0.31934073665037227,0.8079877922851672,1.521059706225902,0.6386814733007445,0.8079877922851672,1.0140398041506014,0.13523260007212407,0.565112926477655,0.6707482993197279,97.5,100.0,3770,1731,103,4,2,0,0.0010610079575596816,0.0011554015020219526,0.0,0.9500000000000001,0.8,0.2,0.4,90.0,55.0,30.0,0.9500000000000001,0.1,0.8,0.1,70.0,30.0,45.0,2026,2026,0,2026,0.0,0.8600164546889139,1.0,0.8600164546889139,1230,0.6071076011846002,1.0,1
"iteration_1","SCOPE_DATA_COLLECTION",500,35,2170.0,2230.0,2,2780,2086,738,2820,2086,737,2773,2081,735,1,4,1,3.604902667627974E-4,0.0019184652278177458,0.001358695652173913,0.31934073665037227,0.8079877922851672,1.521059706225902,0.6386814733007445,0.8079877922851672,1.0140398041506014,0.13523260007212407,0.565112926477655,0.6707482993197279,97.5,100.0,3770,1731,103,4,2,0,0.0010610079575596816,0.0011554015020219526,0.0,0.9500000000000001,0.8,0.2,0.4,90.0,55.0,30.0,0.9500000000000001,0.1,0.8,0.1,70.0,30.0,45.0,734,732,2,734,0.0027247956403269754,1.6113273275240971,1.5,1.074218218349398,529,0.7226775956284153,1.0,1
"iteration_1","SCOPE_DATA_COLLECTION",500,36,2230.0,2290.0,0,2856,2026,734,2780,2086,738,2861,2024,732,1,0,2,3.4940600978336826E-4,0.0,0.0027247956403269754,0.34101269994381583,0.8579864059715663,1.6167425798611479,0.6820253998876317,0.8579864059715663,1.0778283865740985,0.17790982174065012,0.6057312252964426,0.7254098360655737,95.0,100.0,3979,1561,76,3,0,0,7.539582809751194E-4,0.0,0.0,0.9500000000000001,0.1,0.8,0.1,70.0,30.0,45.0,0.9500000000000001,0.2,0.8,0.1,80.0,40.0,45.0,2848,2844,4,2848,0.0014044943820224719,0.33476762956451306,0.5,0.6695352591290261,410,0.1441631504922644,1.0,1
"iteration_1","SCOPE_DATA_COLLECTION",500,36,2230.0,2290.0,1,2856,2026,734,2780,2086,738,2861,2024,732,1,0,2,3.4940600978336826E-4,0.0,0.0027247956403269754,0.34101269994381583,0.8579864059715663,1.6167425798611479,0.6820253998876317,0.8579864059715663,1.0778283865740985,0.17790982174065012,0.6057312252964426,0.7254098360655737,95.0,100.0,3979,1561,76,3,0,0,7.539582809751194E-4,0.0,0.0,0.9500000000000001,0.1,0.8,0.1,70.0,30.0,45.0,0.9500000000000001,0.2,0.8,0.1,80.0,40.0,45.0,1973,1971,2,1973,0.0010136847440446021,0.8603272428094878,1.0,0.8603272428094878,1182,0.5996955859969558,1.0,1
"iteration_1","SCOPE_DATA_COLLECTION",500,36,2230.0,2290.0,2,2856,2026,734,2780,2086,738,2861,2024,732,1,0,2,3.4940600978336826E-4,0.0,0.0027247956403269754,0.34101269994381583,0.8579864059715663,1.6167425798611479,0.6820253998876317,0.8579864059715663,1.0778283865740985,0.17790982174065012,0.6057312252964426,0.7254098360655737,95.0,100.0,3979,1561,76,3,0,0,7.539582809751194E-4,0.0,0.0,0.9500000000000001,0.1,0.8,0.1,70.0,30.0,45.0,0.9500000000000001,0.2,0.8,0.1,80.0,40.0,45.0,738,736,2,738,0.0027100271002710027,1.5309815629691086,1.5,1.020654375312739,499,0.6779891304347826,1.0,1
"iteration_1","SCOPE_DATA_COLLECTION",500,37,2290.0,2350.0,0,2848,1973,738,2856,2026,734,2837,1977,739,4,2,2,0.0014079549454417458,0.001010611419909045,0.002699055330634278,0.33420186008904496,0.862470966824126,1.5213873046401993,0.6684037201780899,0.862470966824126,1.0142582030934661,0.14381388790976382,0.601416287303996,0.6725304465493911,100.0,100.0,3948,1524,87,8,0,0,0.002026342451874367,0.0,0.0,0.9500000000000001,0.2,0.8,0.1,80.0,40.0,45.0,0.9500000000000001,0.30000000000000004,0.9,0.2,80.0,40.0,55.0,2844,2844,0,2844,0.0,0.3393870536367616,0.5,0.6787741072735232,482,0.16947960618846694,1.0,1
"iteration_1","SCOPE_DATA_COLLECTION",500,37,2290.0,2350.0,1,2848,1973,738,2856,2026,734,2837,1977,739,4,2,2,0.0014079549454417458,0.001010611419909045,0.002699055330634278,0.33420186008904496,0.862470966824126,1.5213873046401993,0.6684037201780899,0.862470966824126,1.0142582030934661,0.14381388790976382,0.601416287303996,0.6725304465493911,100.0,100.0,3948,1524,87,8,0,0,0.002026342451874367,0.0,0.0,0.9500000000000001,0.2,0.8,0.1,80.0,40.0,45.0,0.9500000000000001,0.30000000000000004,0.9,0.2,80.0,40.0,55.0,1959,1958,1,1959,5.104645227156713E-4,0.8454489688828755,1.0,0.8454489688828755,1150,0.5873340143003064,1.0,1
"iteration_1","SCOPE_DATA_COLLECTION",500,37,2290.0,2350.0,2,2848,1973,738,2856,2026,734,2837,1977,739,4,2,2,0.0014079549454417458,0.001010611419909045,0.002699055330634278,0.33420186008904496,0.862470966824126,1.5213873046401993,0.6684037201780899,0.862470966824126,1.0142582030934661,0.14381388790976382,0.601416287303996,0.6725304465493911,100.0,100.0,3948,1524,87,8,0,0,0.002026342451874367,0.0,0.0,0.9500000000000001,0.2,0.8,0.1,80.0,40.0,45.0,0.9500000000000001,0.30000000000000004,0.9,0.2,80.0,40.0,55.0,728,726,2,728,0.0027472527472527475,1.588274518468781,1.5,1.0588496789791872,515,0.709366391184573,1.0,1
"iteration_1","SCOPE_DATA_COLLECTION",500,38,2350.0,2410.0,0,2844,1959,728,2848,1973,738,2840,1955,729,0,1,2,0.0,5.112474437627812E-4,0.0027359781121751026,0.33891943591794255,0.8446946984957926,1.5917821964812333,0.6778388718358851,0.8446946984957926,1.0611881309874889,0.1676056338028169,0.5851662404092072,0.7119341563786008,100.0,100.0,3850,1599,82,2,1,0,5.194805194805195E-4,6.253908692933083E-4,0.0,0.9500000000000001,0.30000000000000004,0.9,0.2,80.0,40.0,55.0,0.9500000000000001,0.4,0.9,0.30000000000000004,90.0,50.0,55.0,2852,2852,0,2852,0.0,0.33522739714282507,0.5,0.6704547942856501,471,0.16514726507713884,1.0,1
"iteration_1","SCOPE_DATA_COLLECTION",500,38,2350.0,2410.0,1,2844,1959,728,2848,1973,738,2840,1955,729,0,1,2,0.0,5.112474437627812E-4,0.0027359781121751026,0.33891943591794255,0.8446946984957926,1.5917821964812333,0.6778388718358851,0.8446946984957926,1.0611881309874889,0.1676056338028169,0.5851662404092072,0.7119341563786008,100.0,100.0,3850,1599,82,2,1,0,5.194805194805195E-4,6.253908692933083E-4,0.0,0.9500000000000001,0.30000000000000004,0.9,0.2,80.0,40.0,55.0,0.9500000000000001,0.4,0.9,0.30000000000000004,90.0,50.0,55.0,2024,2019,5,2024,0.0024703557312252965,0.850589203399444,1.0,0.850589203399444,1190,0.5894006934125805,1.0,1
"iteration_1","SCOPE_DATA_COLLECTION",500,38,2350.0,2410.0,2,2844,1959,728,2848,1973,738,2840,1955,729,0,1,2,0.0,5.112474437627812E-4,0.0027359781121751026,0.33891943591794255,0.8446946984957926,1.5917821964812333,0.6778388718358851,0.8446946984957926,1.0611881309874889,0.1676056338028169,0.5851662404092072,0.7119341563786008,100.0,100.0,3850,1599,82,2,1,0,5.194805194805195E-4,6.253908692933083E-4,0.0,0.9500000000000001,0.30000000000000004,0.9,0.2,80.0,40.0,55.0,0.9500000000000001,0.4,0.9,0.30000000000000004,90.0,50.0,55.0,747,745,2,747,0.002677376171352075,1.5592166995841832,1.5,1.0394777997227889,514,0.6899328859060403,1.0,1
"iteration_1","SCOPE_DATA_COLLECTION",500,39,2410.0,2470.0,0,2852,2024,747,2844,1959,728,2861,2020,744,0,5,2,0.0,0.0024691358024691358,0.002680965147453083,0.33561558416921156,0.8502138062668686,1.5594782221834593,0.6712311683384231,0.8502138062668686,1.0396521481223062,0.16672492135616918,0.5900990099009901,0.6895161290322581,95.0,100.0,3894,1647,82,6,1,0,0.0015408320493066256,6.071645415907711E-4,0.0,0.9500000000000001,0.4,0.9,0.30000000000000004,90.0,50.0,55.0,0.9500000000000001,0.4,0.9,0.30000000000000004,90.0,50.0,55.0,2881,2875,6,2881,0.0020826102047900035,0.3256246160317004,0.5,0.6512492320634008,438,0.15234782608695652,1.0,1
"iteration_1","SCOPE_DATA_COLLECTION",500,39,2410.0,2470.0,1,2852,2024,747,2844,1959,728,2861,2020,744,0,5,2,0.0,0.0024691358024691358,0.002680965147453083,0.33561558416921156,0.8502138062668686,1.5594782221834593,0.6712311683384231,0.8502138062668686,1.0396521481223062,0.16672492135616918,0.5900990099009901,0.6895161290322581,95.0,100.0,3894,1647,82,6,1,0,0.0015408320493066256,6.071645415907711E-4,0.0,0.9500000000000001,0.4,0.9,0.30000000000000004,90.0,50.0,55.0,0.9500000000000001,0.4,0.9,0.30000000000000004,90.0,50.0,55.0,2045,2044,1,2045,4.889975550122249E-4,0.8194322754261683,1.0,0.8194322754261683,1171,0.5728962818003914,1.0,1
"iteration_1","SCOPE_DATA_COLLECTION",500,39,2410.0,2470.0,2,2852,2024,747,2844,1959,728,2861,2020,744,0,5,2,0.0,0.0024691358024691358,0.002680965147453083,0.33561558416921156,0.8502138062668686,1.5594782221834593,0.6712311683384231,0.8502138062668686,1.0396521481223062,0.16672492135616918,0.5900990099009901,0.6895161290322581,95.0,100.0,3894,1647,82,6,1,0,0.0015408320493066256,6.071645415907711E-4,0.0,0.9500000000000001,0.4,0.9,0.30000000000000004,90.0,50.0,55.0,0.9500000000000001,0.4,0.9,0.30000000000000004,90.0,50.0,55.0,766,764,2,766,0.0026109660574412533,1.5228707261301326,1.5,1.0152471507534218,509,0.6662303664921466,1.0,1
"iteration_1","SCOPE_DATA_COLLECTION",500,40,2470.0,2530.0,0,2881,2045,766,2852,2024,747,2874,2045,767,6,1,2,0.0020833333333333333,4.887585532746823E-4,0.002600780234070221,0.3257371058839159,0.8199590378866326,1.5230784799555597,0.6514742117678318,0.8199590378866326,1.0153856533037064,0.1524008350730689,0.5745721271393643,0.666232073011734,100.0,100.0,3811,1798,83,8,1,0,0.0020991865652059826,5.561735261401557E-4,0.0,0.9500000000000001,0.4,0.9,0.30000000000000004,90.0,50.0,55.0,0.9500000000000001,0.5,0.8,0.2,90.0,50.0,55.0,2887,2886,1,2887,3.4638032559750607E-4,0.3267307155976154,0.5,0.6534614311952308,472,0.16354816354816354,1.0,1
"iteration_1","SCOPE_DATA_COLLECTION",500,40,2470.0,2530.0,1,2881,2045,766,2852,2024,747,2874,2045,767,6,1,2,0.0020833333333333333,4.887585532746823E-4,0.002600780234070221,0.3257371058839159,0.8199590378866326,1.5230784799555597,0.6514742117678318,0.8199590378866326,1.0153856533037064,0.1524008350730689,0.5745721271393643,0.666232073011734,100.0,100.0,3811,1798,83,8,1,0,0.0020991865652059826,5.561735261401557E-4,0.0,0.9500000000000001,0.4,0.9,0.30000000000000004,90.0,50.0,55.0,0.9500000000000001,0.5,0.8,0.2,90.0,50.0,55.0,2060,2058,2,2060,9.70873786407767E-4,0.8128251550308043,1.0,0.8128251550308043,1144,0.5558794946550049,1.0,1
"iteration_1","SCOPE_DATA_COLLECTION",500,40,2470.0,2530.0,2,2881,2045,766,2852,2024,747,2874,2045,767,6,1,2,0.0020833333333333333,4.887585532746823E-4,0.002600780234070221,0.3257371058839159,0.8199590378866326,1.5230784799555597,0.6514742117678318,0.8199590378866326,1.0153856533037064,0.1524008350730689,0.5745721271393643,0.666232073011734,100.0,100.0,3811,1798,83,8,1,0,0.0020991865652059826,5.561735261401557E-4,0.0,0.9500000000000001,0.4,0.9,0.30000000000000004,90.0,50.0,55.0,0.9500000000000001,0.5,0.8,0.2,90.0,50.0,55.0,770,769,1,770,0.0012987012987012987,1.5349739828448663,1.5,1.0233159885632441,524,0.6814044213263979,1.0,1
"iteration_1","SCOPE_DATA_COLLECTION",500,41,2530.0,2590.0,0,2887,2060,770,2881,2045,766,2886,2055,768,1,2,1,3.4638032559750607E-4,9.722897423432182E-4,0.0013003901170351106,0.32692623567885776,0.81166524001566,1.537043660956665,0.6538524713577155,0.81166524001566,1.02469577397111,0.1638946638946639,0.5547445255474452,0.6822916666666666,97.5,100.0,3805,1809,103,3,1,0,7.884362680683311E-4,5.52791597567717E-4,0.0,0.9500000000000001,0.5,0.8,0.2,90.0,50.0,55.0,0.8500000000000001,0.6000000000000001,0.9,0.30000000000000004,95.0,40.0,45.0,2889,2887,2,2889,6.922810661128419E-4,0.32249810034047666,0.5,0.6449962006809533,440,0.15240734326290267,1.0,1
"iteration_1","SCOPE_DATA_COLLECTION",500,41,2530.0,2590.0,1,2887,2060,770,2881,2045,766,2886,2055,768,1,2,1,3.4638032559750607E-4,9.722897423432182E-4,0.0013003901170351106,0.32692623567885776,0.81166524001566,1.537043660956665,0.6538524713577155,0.81166524001566,1.02469577397111,0.1638946638946639,0.5547445255474452,0.6822916666666666,97.5,100.0,3805,1809,103,3,1,0,7.884362680683311E-4,5.52791597567717E-4,0.0,0.9500000000000001,0.5,0.8,0.2,90.0,50.0,55.0,0.8500000000000001,0.6000000000000001,0.9,0.30000000000000004,95.0,40.0,45.0,2056,2055,1,2056,4.8638132295719845E-4,0.8164812214123114,1.0,0.8164812214123114,1172,0.570316301703163,1.0,1
"iteration_1","SCOPE_DATA_COLLECTION",500,41,2530.0,2590.0,2,2887,2060,770,2881,2045,766,2886,2055,768,1,2,1,3.4638032559750607E-4,9.722897423432182E-4,0.0013003901170351106,0.32692623567885776,0.81166524001566,1.537043660956665,0.6538524713577155,0.81166524001566,1.02469577397111,0.1638946638946639,0.5547445255474452,0.6822916666666666,97.5,100.0,3805,1809,103,3,1,0,7.884362680683311E-4,5.52791597567717E-4,0.0,0.9500000000000001,0.5,0.8,0.2,90.0,50.0,55.0,0.8500000000000001,0.6000000000000001,0.9,0.30000000000000004,95.0,40.0,45.0,780,776,4,780,0.005128205128205128,1.4748433702075991,1.5,0.9832289134717328,501,0.645618556701031,1.0,1
"iteration_1","SCOPE_DATA_COLLECTION",500,42,2590.0,2650.0,0,2889,2056,780,2887,2060,770,2888,2051,774,2,1,3,6.920415224913495E-4,4.873294346978557E-4,0.003861003861003861,0.3222782645206347,0.8153285845258378,1.4762384925041423,0.6445565290412694,0.8153285845258378,0.9841589950027615,0.1523545706371191,0.568015602145295,0.6472868217054264,100.0,100.0,3814,1616,295,5,1,0,0.0013109596224436288,6.188118811881188E-4,0.0,0.8500000000000001,0.6000000000000001,0.9,0.30000000000000004,95.0,40.0,45.0,0.2,0.1,0.6000000000000001,0.6000000000000001,25.0,55.0,45.0,2950,2947,3,2950,0.001016949152542373,0.3112030084534361,0.5,0.6224060169068723,298,0.1011197828299966,1.0,1
"iteration_1","SCOPE_DATA_COLLECTION",500,42,2590.0,2650.0,1,2889,2056,780,2887,2060,770,2888,2051,774,2,1,3,6.920415224913495E-4,4.873294346978557E-4,0.003861003861003861,0.3222782645206347,0.8153285845258378,1.4762384925041423,0.6445565290412694,0.8153285845258378,0.9841589950027615,0.1523545706371191,0.568015602145295,0.6472868217054264,100.0,100.0,3814,1616,295,5,1,0,0.0013109596224436288,6.188118811881188E-4,0.0,0.8500000000000001,0.6000000000000001,0.9,0.30000000000000004,95.0,40.0,45.0,0.2,0.1,0.6000000000000001,0.6000000000000001,25.0,55.0,45.0,2100,2097,3,2100,0.0014285714285714286,0.8166793607791405,1.0,0.8166793607791405,1198,0.5712923223652837,1.0,1
"iteration_1","SCOPE_DATA_COLLECTION",500,42,2590.0,2650.0,2,2889,2056,780,2887,2060,770,2888,2051,774,2,1,3,6.920415224913495E-4,4.873294346978557E-4,0.003861003861003861,0.3222782645206347,0.8153285845258378,1.4762384925041423,0.6445565290412694,0.8153285845258378,0.9841589950027615,0.1523545706371191,0.568015602145295,0.6472868217054264,100.0,100.0,3814,1616,295,5,1,0,0.0013109596224436288,6.188118811881188E-4,0.0,0.8500000000000001,0.6000000000000001,0.9,0.30000000000000004,95.0,40.0,45.0,0.2,0.1,0.6000000000000001,0.6000000000000001,25.0,55.0,45.0,757,755,2,757,0.002642007926023778,1.4992252040020582,1.5,0.9994834693347054,504,0.6675496688741722,1.0,1
"iteration_1","SCOPE_DATA_COLLECTION",500,43,2650.0,2710.0,0,2950,2100,757,2889,2056,780,2943,2112,749,3,3,3,0.0010183299389002036,0.0014184397163120568,0.003989361702127659,0.3111011467242206,0.8189199151656572,1.4900557166740123,0.6222022934484412,0.8189199151656572,0.9933704777826748,0.10125722052327557,0.5743371212121212,0.6622162883845126,97.5,100.0,3977,374,1456,7,2,0,0.001760120693990445,0.0053475935828877,0.0,0.2,0.1,0.6000000000000001,0.6000000000000001,25.0,55.0,45.0,0.1,0.1,0.6000000000000001,0.6000000000000001,25.0,55.0,45.0,2960,2958,2,2960,6.756756756756757E-4,0.31201012062792544,0.5,0.6240202412558509,310,0.10480054090601758,1.0,1
"iteration_1","SCOPE_DATA_COLLECTION",500,43,2650.0,2710.0,1,2950,2100,757,2889,2056,780,2943,2112,749,3,3,3,0.0010183299389002036,0.0014184397163120568,0.003989361702127659,0.3111011467242206,0.8189199151656572,1.4900557166740123,0.6222022934484412,0.8189199151656572,0.9933704777826748,0.10125722052327557,0.5743371212121212,0.6622162883845126,97.5,100.0,3977,374,1456,7,2,0,0.001760120693990445,0.0053475935828877,0.0,0.2,0.1,0.6000000000000001,0.6000000000000001,25.0,55.0,45.0,0.1,0.1,0.6000000000000001,0.6000000000000001,25.0,55.0,45.0,2013,2013,0,2013,0.0,0.8397495966982672,1.0,0.8397495966982672,1199,0.5956284153005464,1.0,1
"iteration_1","SCOPE_DATA_COLLECTION",500,43,2650.0,2710.0,2,2950,2100,757,2889,2056,780,2943,2112,749,3,3,3,0.0010183299389002036,0.0014184397163120568,0.003989361702127659,0.3111011467242206,0.8189199151656572,1.4900557166740123,0.6222022934484412,0.8189199151656572,0.9933704777826748,0.10125722052327557,0.5743371212121212,0.6622162883845126,97.5,100.0,3977,374,1456,7,2,0,0.001760120693990445,0.0053475935828877,0.0,0.2,0.1,0.6000000000000001,0.6000000000000001,25.0,55.0,45.0,0.1,0.1,0.6000000000000001,0.6000000000000001,25.0,55.0,45.0,731,730,1,731,0.0013679890560875513,1.5515234333225698,1.5,1.0343489555483798,503,0.689041095890411,1.0,1
"iteration_1","SCOPE_DATA_COLLECTION",500,44,2710.0,2770.0,0,2960,2013,731,2950,2100,757,2965,1998,739,2,0,1,6.740815638692282E-4,0.0,0.0013513513513513514,0.3121775744333132,0.8370403269331841,1.5593127198314556,0.6243551488666264,0.8370403269331841,1.0395418132209704,0.10421585160202361,0.5930930930930931,0.6941813261163735,95.0,100.0,3973,160,1571,3,0,0,7.550969041026932E-4,0.0,0.0,0.1,0.1,0.6000000000000001,0.6000000000000001,25.0,55.0,45.0,0.1,0.1,0.6000000000000001,0.7000000000000001,20.0,45.0,55.0,2859,2848,11,2859,0.0038474991255683807,0.30588388841681374,0.5,0.6117677768336275,279,0.09796348314606741,1.0,1
"iteration_1","SCOPE_DATA_COLLECTION",500,44,2710.0,2770.0,1,2960,2013,731,2950,2100,757,2965,1998,739,2,0,1,6.740815638692282E-4,0.0,0.0013513513513513514,0.3121775744333132,0.8370403269331841,1.5593127198314556,0.6243551488666264,0.8370403269331841,1.0395418132209704,0.10421585160202361,0.5930930930930931,0.6941813261163735,95.0,100.0,3973,160,1571,3,0,0,7.550969041026932E-4,0.0,0.0,0.1,0.1,0.6000000000000001,0.6000000000000001,25.0,55.0,45.0,0.1,0.1,0.6000000000000001,0.7000000000000001,20.0,45.0,55.0,2049,2036,13,2049,0.00634455832113226,0.8401404683908037,1.0,0.8401404683908037,1229,0.6036345776031434,1.0,1
"iteration_1","SCOPE_DATA_COLLECTION",500,44,2710.0,2770.0,2,2960,2013,731,2950,2100,757,2965,1998,739,2,0,1,6.740815638692282E-4,0.0,0.0013513513513513514,0.3121775744333132,0.8370403269331841,1.5593127198314556,0.6243551488666264,0.8370403269331841,1.0395418132209704,0.10421585160202361,0.5930930930930931,0.6941813261163735,95.0,100.0,3973,160,1571,3,0,0,7.550969041026932E-4,0.0,0.0,0.1,0.1,0.6000000000000001,0.6000000000000001,25.0,55.0,45.0,0.1,0.1,0.6000000000000001,0.7000000000000001,20.0,45.0,55.0,729,723,6,729,0.00823045267489712,1.561754500825537,1.5,1.0411696672170245,504,0.6970954356846473,1.0,1
"iteration_1","SCOPE_DATA_COLLECTION",500,45,2770.0,2830.0,0,2859,2049,729,2960,2013,731,2839,2043,714,11,13,6,0.0038596491228070177,0.00632295719844358,0.008333333333333333,0.3058744871769431,0.8408267523437862,1.5557788675489277,0.6117489743538862,0.8408267523437862,1.0371859116992852,0.09756956674885522,0.604992657856094,0.6918767507002801,97.5,100.0,3913,164,1560,13,0,17,0.0033222591362126247,0.0,0.010897435897435897,0.1,0.1,0.6000000000000001,0.7000000000000001,20.0,45.0,55.0,0.05,0.1,0.7000000000000001,0.7000000000000001,20.0,35.0,45.0,2803,2803,0,2803,0.0,0.3079929821879758,0.5,0.6159859643759515,268,0.09561184445237246,1.0,1
"iteration_1","SCOPE_DATA_COLLECTION",500,45,2770.0,2830.0,1,2859,2049,729,2960,2013,731,2839,2043,714,11,13,6,0.0038596491228070177,0.00632295719844358,0.008333333333333333,0.3058744871769431,0.8408267523437862,1.5557788675489277,0.6117489743538862,0.8408267523437862,1.0371859116992852,0.09756956674885522,0.604992657856094,0.6918767507002801,97.5,100.0,3913,164,1560,13,0,17,0.0033222591362126247,0.0,0.010897435897435897,0.1,0.1,0.6000000000000001,0.7000000000000001,20.0,45.0,55.0,0.05,0.1,0.7000000000000001,0.7000000000000001,20.0,35.0,45.0,2087,2086,1,2087,4.791566842357451E-4,0.8233197120422888,1.0,0.8233197120422888,1230,0.5896452540747843,1.0,1
"iteration_1","SCOPE_DATA_COLLECTION",500,45,2770.0,2830.0,2,2859,2049,729,2960,2013,731,2839,2043,714,11,13,6,0.0038596491228070177,0.00632295719844358,0.008333333333333333,0.3058744871769431,0.8408267523437862,1.5557788675489277,0.6117489743538862,0.8408267523437862,1.0371859116992852,0.09756956674885522,0.604992657856094,0.6918767507002801,97.5,100.0,3913,164,1560,13,0,17,0.0033222591362126247,0.0,0.010897435897435897,0.1,0.1,0.6000000000000001,0.7000000000000001,20.0,45.0,55.0,0.05,0.1,0.7000000000000001,0.7000000000000001,20.0,35.0,45.0,768,766,2,768,0.0026041666666666665,1.5797201164271983,1.5,1.0531467442847988,539,0.7036553524804178,1.0,1
"iteration_1","SCOPE_DATA_COLLECTION",500,46,2830.0,2890.0,0,2803,2087,768,2859,2049,729,2814,2088,772,0,1,2,0.0,4.786979415988511E-4,0.002583979328165375,0.30801857388619075,0.825010044031955,1.581854479909455,0.6160371477723815,0.825010044031955,1.05456965327297,0.09594882729211088,0.5890804597701149,0.7046632124352331,97.5,100.0,3906,93,1659,3,0,0,7.680491551459293E-4,0.0,0.0,0.05,0.1,0.7000000000000001,0.7000000000000001,20.0,35.0,45.0,0.05,0.1,0.7000000000000001,0.7000000000000001,20.0,35.0,45.0,2840,2834,6,2840,0.002112676056338028,0.31686471117661347,0.5,0.6337294223532269,287,0.10127028934368384,1.0,1
"iteration_1","SCOPE_DATA_COLLECTION",500,46,2830.0,2890.0,1,2803,2087,768,2859,2049,729,2814,2088,772,0,1,2,0.0,4.786979415988511E-4,0.002583979328165375,0.30801857388619075,0.825010044031955,1.581854479909455,0.6160371477723815,0.825010044031955,1.05456965327297,0.09594882729211088,0.5890804597701149,0.7046632124352331,97.5,100.0,3906,93,1659,3,0,0,7.680491551459293E-4,0.0,0.0,0.05,0.1,0.7000000000000001,0.7000000000000001,20.0,35.0,45.0,0.05,0.1,0.7000000000000001,0.7000000000000001,20.0,35.0,45.0,2099,2099,0,2099,0.0,0.8185443325354771,1.0,0.8185443325354771,1182,0.5631252977608385,1.0,1
"iteration_1","SCOPE_DATA_COLLECTION",500,46,2830.0,2890.0,2,2803,2087,768,2859,2049,729,2814,2088,772,0,1,2,0.0,4.786979415988511E-4,0.002583979328165375,0.30801857388619075,0.825010044031955,1.581854479909455,0.6160371477723815,0.825010044031955,1.05456965327297,0.09594882729211088,0.5890804597701149,0.7046632124352331,97.5,100.0,3906,93,1659,3,0,0,7.680491551459293E-4,0.0,0.0,0.05,0.1,0.7000000000000001,0.7000000000000001,20.0,35.0,45.0,0.05,0.1,0.7000000000000001,0.7000000000000001,20.0,35.0,45.0,744,738,6,744,0.008064516129032258,1.5679400529978837,1.5,1.045293368665256,515,0.6978319783197832,1.0,1
"iteration_1","SCOPE_DATA_COLLECTION",500,47,2890.0,2950.0,0,2840,2099,744,2803,2087,768,2826,2084,734,6,0,6,0.00211864406779661,0.0,0.008108108108108109,0.31675226589935435,0.8184740065364834,1.565566822946944,0.6335045317987087,0.8184740065364834,1.0437112152979626,0.10120311394196745,0.5628598848368522,0.6989100817438693,100.0,100.0,3981,87,1615,12,0,0,0.003014318010550113,0.0,0.0,0.05,0.1,0.7000000000000001,0.7000000000000001,20.0,35.0,45.0,0.05,0.1,0.7000000000000001,0.7000000000000001,20.0,25.0,55.0,2787,2787,0,2787,0.0,0.3241871068099102,0.5,0.6483742136198204,399,0.14316469321851452,1.0,1
"iteration_1","SCOPE_DATA_COLLECTION",500,47,2890.0,2950.0,1,2840,2099,744,2803,2087,768,2826,2084,734,6,0,6,0.00211864406779661,0.0,0.008108108108108109,0.31675226589935435,0.8184740065364834,1.565566822946944,0.6335045317987087,0.8184740065364834,1.0437112152979626,0.10120311394196745,0.5628598848368522,0.6989100817438693,100.0,100.0,3981,87,1615,12,0,0,0.003014318010550113,0.0,0.0,0.05,0.1,0.7000000000000001,0.7000000000000001,20.0,35.0,45.0,0.05,0.1,0.7000000000000001,0.7000000000000001,20.0,25.0,55.0,1992,1989,3,1992,0.0015060240963855422,0.840837969506426,1.0,0.840837969506426,1169,0.5877325289089995,1.0,1
"iteration_1","SCOPE_DATA_COLLECTION",500,47,2890.0,2950.0,2,2840,2099,744,2803,2087,768,2826,2084,734,6,0,6,0.00211864406779661,0.0,0.008108108108108109,0.31675226589935435,0.8184740065364834,1.565566822946944,0.6335045317987087,0.8184740065364834,1.0437112152979626,0.10120311394196745,0.5628598848368522,0.6989100817438693,100.0,100.0,3981,87,1615,12,0,0,0.003014318010550113,0.0,0.0,0.05,0.1,0.7000000000000001,0.7000000000000001,20.0,35.0,45.0,0.05,0.1,0.7000000000000001,0.7000000000000001,20.0,25.0,55.0,762,758,4,762,0.005249343832020997,1.616418059474212,1.5,1.0776120396494746,551,0.7269129287598944,1.0,1
"iteration_1","SCOPE_DATA_COLLECTION",500,48,2950.0,3010.0,0,2787,1992,762,2840,2099,744,2793,2007,768,0,3,4,0.0,0.0014925373134328358,0.0051813471502590676,0.3242004967394937,0.8416661306341379,1.6205500689427357,0.6484009934789874,0.8416661306341379,1.0803667126284904,0.1435732187611887,0.5904334828101644,0.7278645833333334,97.5,100.0,3916,77,1548,6,1,0,0.0015321756894790602,0.012987012987012988,0.0,0.05,0.1,0.7000000000000001,0.7000000000000001,20.0,25.0,55.0,0.15000000000000002,0.1,0.8,0.6000000000000001,20.0,20.0,65.0,2888,2884,4,2888,0.0013850415512465374,0.3270616130808018,0.5,0.6541232261616036,407,0.14112343966712898,1.0,1
"iteration_1","SCOPE_DATA_COLLECTION",500,48,2950.0,3010.0,1,2787,1992,762,2840,2099,744,2793,2007,768,0,3,4,0.0,0.0014925373134328358,0.0051813471502590676,0.3242004967394937,0.8416661306341379,1.6205500689427357,0.6484009934789874,0.8416661306341379,1.0803667126284904,0.1435732187611887,0.5904334828101644,0.7278645833333334,97.5,100.0,3916,77,1548,6,1,0,0.0015321756894790602,0.012987012987012988,0.0,0.05,0.1,0.7000000000000001,0.7000000000000001,20.0,25.0,55.0,0.15000000000000002,0.1,0.8,0.6000000000000001,20.0,20.0,65.0,1982,1979,3,1982,0.0015136226034308778,0.8429371628332865,1.0,0.8429371628332865,1189,0.6008084891359272,1.0,1
"iteration_1","SCOPE_DATA_COLLECTION",500,48,2950.0,3010.0,2,2787,1992,762,2840,2099,744,2793,2007,768,0,3,4,0.0,0.0014925373134328358,0.0051813471502590676,0.3242004967394937,0.8416661306341379,1.6205500689427357,0.6484009934789874,0.8416661306341379,1.0803667126284904,0.1435732187611887,0.5904334828101644,0.7278645833333334,97.5,100.0,3916,77,1548,6,1,0,0.0015321756894790602,0.012987012987012988,0.0,0.05,0.1,0.7000000000000001,0.7000000000000001,20.0,25.0,55.0,0.15000000000000002,0.1,0.8,0.6000000000000001,20.0,20.0,65.0,763,761,2,763,0.002621231979030144,1.5920122859981154,1.5,1.0613415239987436,540,0.709592641261498,1.0,1
"iteration_1","SCOPE_DATA_COLLECTION",500,49,3010.0,3070.0,0,2888,1982,763,2787,1992,762,2878,1973,755,4,3,2,0.0013879250520471894,0.0015182186234817814,0.002642007926023778,0.3268661628150283,0.8413039785993899,1.588654076741805,0.6537323256300566,0.8413039785993899,1.05910271782787,0.14037526059763725,0.5990876837303598,0.7072847682119205,100.0,100.0,3980,245,1408,9,0,0,0.0022613065326633165,0.0,0.0,0.15000000000000002,0.1,0.8,0.6000000000000001,20.0,20.0,65.0,0.15000000000000002,0.1,0.8,0.6000000000000001,20.0,20.0,65.0,2950,2948,2,2950,6.779661016949153E-4,0.32369179931244574,0.5,0.6473835986248915,438,0.1485753052917232,1.0,1
"iteration_1","SCOPE_DATA_COLLECTION",500,49,3010.0,3070.0,1,2888,1982,763,2787,1992,762,2878,1973,755,4,3,2,0.0013879250520471894,0.0015182186234817814,0.002642007926023778,0.3268661628150283,0.8413039785993899,1.588654076741805,0.6537323256300566,0.8413039785993899,1.05910271782787,0.14037526059763725,0.5990876837303598,0.7072847682119205,100.0,100.0,3980,245,1408,9,0,0,0.0022613065326633165,0.0,0.0,0.15000000000000002,0.1,0.8,0.6000000000000001,20.0,20.0,65.0,0.15000000000000002,0.1,0.8,0.6000000000000001,20.0,20.0,65.0,2051,2050,1,2051,4.8756704046806434E-4,0.852188446832048,1.0,0.852188446832048,1240,0.6048780487804878,1.0,1
"iteration_1","SCOPE_DATA_COLLECTION",500,49,3010.0,3070.0,2,2888,1982,763,2787,1992,762,2878,1973,755,4,3,2,0.0013879250520471894,0.0015182186234817814,0.002642007926023778,0.3268661628150283,0.8413039785993899,1.588654076741805,0.6537323256300566,0.8413039785993899,1.05910271782787,0.14037526059763725,0.5990876837303598,0.7072847682119205,100.0,100.0,3980,245,1408,9,0,0,0.0022613065326633165,0.0,0.0,0.15000000000000002,0.1,0.8,0.6000000000000001,20.0,20.0,65.0,0.15000000000000002,0.1,0.8,0.6000000000000001,20.0,20.0,65.0,764,757,7,764,0.009162303664921465,1.5796695933091376,1.5,1.0531130622060918,531,0.7014531043593131,1.0,1
"iteration_1","SCOPE_DATA_COLLECTION",500,50,3070.0,3130.0,0,2950,2051,764,2888,1982,763,2942,2047,754,2,1,7,6.793478260869565E-4,4.8828125E-4,0.009198423127463863,0.3236678688198511,0.8512128685589958,1.5757384598856015,0.6473357376397022,0.8512128685589958,1.050492306590401,0.14751869476546567,0.6038104543234001,0.7002652519893899,97.5,100.0,4028,265,1472,10,0,0,0.0024826216484607746,0.0,0.0,0.15000000000000002,0.1,0.8,0.6000000000000001,20.0,20.0,65.0,0.05,0.2,0.8,0.7000000000000001,30.0,30.0,55.0,2837,2837,0,2837,0.0,0.31814931409746544,0.5,0.6362986281949309,350,0.12336975678533663,1.0,1
"iteration_1","SCOPE_DATA_COLLECTION",500,50,3070.0,3130.0,1,2950,2051,764,2888,1982,763,2942,2047,754,2,1,7,6.793478260869565E-4,4.8828125E-4,0.009198423127463863,0.3236678688198511,0.8512128685589958,1.5757384598856015,0.6473357376397022,0.8512128685589958,1.050492306590401,0.14751869476546567,0.6038104543234001,0.7002652519893899,97.5,100.0,4028,265,1472,10,0,0,0.0024826216484607746,0.0,0.0,0.15000000000000002,0.1,0.8,0.6000000000000001,20.0,20.0,65.0,0.05,0.2,0.8,0.7000000000000001,30.0,30.0,55.0,1907,1904,3,1907,0.0015731515469323545,0.8503298469667436,1.0,0.8503298469667436,1131,0.5940126050420168,1.0,1
"iteration_1","SCOPE_DATA_COLLECTION",500,50,3070.0,3130.0,2,2950,2051,764,2888,1982,763,2942,2047,754,2,1,7,6.793478260869565E-4,4.8828125E-4,0.009198423127463863,0.3236678688198511,0.8512128685589958,1.5757384598856015,0.6473357376397022,0.8512128685589958,1.050492306590401,0.14751869476546567,0.6038104543234001,0.7002652519893899,97.5,100.0,4028,265,1472,10,0,0,0.0024826216484607746,0.0,0.0,0.15000000000000002,0.1,0.8,0.6000000000000001,20.0,20.0,65.0,0.05,0.2,0.8,0.7000000000000001,30.0,30.0,55.0,695,693,2,695,0.0028776978417266188,1.6638101967719503,1.5,1.109206797847967,519,0.7489177489177489,1.0,1
"iteration_1","SCOPE_DATA_COLLECTION",500,51,3130.0,3190.0,0,2837,1907,695,2950,2051,764,2841,1911,699,0,3,2,0.0,0.001567398119122257,0.0028530670470756064,0.31796312282229167,0.8515577755733426,1.6684421277127552,0.6359262456445833,0.8515577755733426,1.1122947518085036,0.1246040126715945,0.5954997383568812,0.7510729613733905,97.5,100.0,3900,95,1444,5,0,0,0.001282051282051282,0.0,0.0,0.05,0.2,0.8,0.7000000000000001,30.0,30.0,55.0,0.05,0.30000000000000004,0.9,0.8,30.0,40.0,55.0,2795,2795,0,2795,0.0,0.32281501338032015,0.5,0.6456300267606403,380,0.13595706618962433,1.0,1
"iteration_1","SCOPE_DATA_COLLECTION",500,51,3130.0,3190.0,1,2837,1907,695,2950,2051,764,2841,1911,699,0,3,2,0.0,0.001567398119122257,0.0028530670470756064,0.31796312282229167,0.8515577755733426,1.6684421277127552,0.6359262456445833,0.8515577755733426,1.1122947518085036,0.1246040126715945,0.5954997383568812,0.7510729613733905,97.5,100.0,3900,95,1444,5,0,0,0.001282051282051282,0.0,0.0,0.05,0.2,0.8,0.7000000000000001,30.0,30.0,55.0,0.05,0.30000000000000004,0.9,0.8,30.0,40.0,55.0,2008,2004,4,2008,0.00199203187250996,0.820836463845081,1.0,0.820836463845081,1136,0.5668662674650699,1.0,1
"iteration_1","SCOPE_DATA_COLLECTION",500,51,3130.0,3190.0,2,2837,1907,695,2950,2051,764,2841,1911,699,0,3,2,0.0,0.001567398119122257,0.0028530670470756064,0.31796312282229167,0.8515577755733426,1.6684421277127552,0.6359262456445833,0.8515577755733426,1.1122947518085036,0.1246040126715945,0.5954997383568812,0.7510729613733905,97.5,100.0,3900,95,1444,5,0,0,0.001282051282051282,0.0,0.0,0.05,0.2,0.8,0.7000000000000001,30.0,30.0,55.0,0.05,0.30000000000000004,0.9,0.8,30.0,40.0,55.0,769,763,6,769,0.007802340702210663,1.5763054916816017,1.5,1.0508703277877345,534,0.6998689384010485,1.0,1
"iteration_1","SCOPE_DATA_COLLECTION",500,52,3190.0,3250.0,0,2795,2008,769,2837,1907,695,2802,1990,763,0,4,6,0.0,0.0020060180541624875,0.007802340702210663,0.32277171941376265,0.8179331511759096,1.581418542926001,0.6455434388275253,0.8179331511759096,1.054279028617334,0.13418986438258387,0.5658291457286432,0.7024901703800787,95.0,100.0,3870,82,1620,10,0,0,0.002583979328165375,0.0,0.0,0.05,0.30000000000000004,0.9,0.8,30.0,40.0,55.0,0.05,0.30000000000000004,0.9,0.8,30.0,40.0,55.0,2859,2859,0,2859,0.0,0.32001865447949474,0.5,0.6400373089589895,381,0.13326337880377753,1.0,1
"iteration_1","SCOPE_DATA_COLLECTION",500,52,3190.0,3250.0,1,2795,2008,769,2837,1907,695,2802,1990,763,0,4,6,0.0,0.0020060180541624875,0.007802340702210663,0.32277171941376265,0.8179331511759096,1.581418542926001,0.6455434388275253,0.8179331511759096,1.054279028617334,0.13418986438258387,0.5658291457286432,0.7024901703800787,95.0,100.0,3870,82,1620,10,0,0,0.002583979328165375,0.0,0.0,0.05,0.30000000000000004,0.9,0.8,30.0,40.0,55.0,0.05,0.30000000000000004,0.9,0.8,30.0,40.0,55.0,1912,1908,4,1912,0.0020920502092050207,0.8641714532528593,1.0,0.8641714532528593,1165,0.610587002096436,1.0,1
"iteration_1","SCOPE_DATA_COLLECTION",500,52,3190.0,3250.0,2,2795,2008,769,2837,1907,695,2802,1990,763,0,4,6,0.0,0.0020060180541624875,0.007802340702210663,0.32277171941376265,0.8179331511759096,1.581418542926001,0.6455434388275253,0.8179331511759096,1.054279028617334,0.13418986438258387,0.5658291457286432,0.7024901703800787,95.0,100.0,3870,82,1620,10,0,0,0.002583979328165375,0.0,0.0,0.05,0.30000000000000004,0.9,0.8,30.0,40.0,55.0,0.05,0.30000000000000004,0.9,0.8,30.0,40.0,55.0,747,740,7,747,0.009370816599732263,1.5718795984281608,1.5,1.0479197322854406,516,0.6972972972972973,1.0,1
"iteration_1","SCOPE_DATA_COLLECTION",500,53,3250.0,3310.0,0,2859,1912,747,2795,2008,769,2857,1917,735,0,4,7,0.0,0.002082248828735034,0.009433962264150943,0.3202744360701908,0.8666476958834838,1.5647889881138686,0.6405488721403816,0.8666476958834838,1.043192658742579,0.1344067203360168,0.6113719353155973,0.6952380952380952,97.5,100.0,3903,87,1528,11,0,0,0.002818344862925954,0.0,0.0,0.05,0.30000000000000004,0.9,0.8,30.0,40.0,55.0,0.55,0.7000000000000001,0.7000000000000001,0.1,35.0,65.0,60.0,2864,2862,2,2864,6.983240223463687E-4,0.32392595379390593,0.5,0.6478519075878119,404,0.14116002795248078,1.0,1
"iteration_1","SCOPE_DATA_COLLECTION",500,53,3250.0,3310.0,1,2859,1912,747,2795,2008,769,2857,1917,735,0,4,7,0.0,0.002082248828735034,0.009433962264150943,0.3202744360701908,0.8666476958834838,1.5647889881138686,0.6405488721403816,0.8666476958834838,1.043192658742579,0.1344067203360168,0.6113719353155973,0.6952380952380952,97.5,100.0,3903,87,1528,11,0,0,0.002818344862925954,0.0,0.0,0.05,0.30000000000000004,0.9,0.8,30.0,40.0,55.0,0.55,0.7000000000000001,0.7000000000000001,0.1,35.0,65.0,60.0,2056,2055,1,2056,4.8638132295719845E-4,0.8326226266805459,1.0,0.8326226266805459,1220,0.5936739659367397,1.0,1
"iteration_1","SCOPE_DATA_COLLECTION",500,53,3250.0,3310.0,2,2859,1912,747,2795,2008,769,2857,1917,735,0,4,7,0.0,0.002082248828735034,0.009433962264150943,0.3202744360701908,0.8666476958834838,1.5647889881138686,0.6405488721403816,0.8666476958834838,1.043192658742579,0.1344067203360168,0.6113719353155973,0.6952380952380952,97.5,100.0,3903,87,1528,11,0,0,0.002818344862925954,0.0,0.0,0.05,0.30000000000000004,0.9,0.8,30.0,40.0,55.0,0.55,0.7000000000000001,0.7000000000000001,0.1,35.0,65.0,60.0,725,725,0,725,0.0,1.5066113015479397,1.5,1.0044075343652932,491,0.6772413793103448,1.0,1
"iteration_1","SCOPE_DATA_COLLECTION",500,54,3310.0,3370.0,0,2864,2056,725,2859,1912,747,2864,2051,728,2,1,0,6.978367062107466E-4,4.873294346978557E-4,0.0,0.32422680576812285,0.8338642261353372,1.5157954346882703,0.6484536115362457,0.8338642261353372,1.0105302897921802,0.1428072625698324,0.5948317893710385,0.679945054945055,97.5,100.0,3871,974,800,3,0,0,7.749935417204857E-4,0.0,0.0,0.55,0.7000000000000001,0.7000000000000001,0.1,35.0,65.0,60.0,0.4,0.6000000000000001,0.8,0.8,20.0,70.0,90.0,2842,2842,0,2842,0.0,0.31358113435986634,0.5,0.6271622687197327,372,0.13089373680506686,1.0,1
"iteration_1","SCOPE_DATA_COLLECTION",500,54,3310.0,3370.0,1,2864,2056,725,2859,1912,747,2864,2051,728,2,1,0,6.978367062107466E-4,4.873294346978557E-4,0.0,0.32422680576812285,0.8338642261353372,1.5157954346882703,0.6484536115362457,0.8338642261353372,1.0105302897921802,0.1428072625698324,0.5948317893710385,0.679945054945055,97.5,100.0,3871,974,800,3,0,0,7.749935417204857E-4,0.0,0.0,0.55,0.7000000000000001,0.7000000000000001,0.1,35.0,65.0,60.0,0.4,0.6000000000000001,0.8,0.8,20.0,70.0,90.0,2003,1999,4,2003,0.00199700449326011,0.8338982416640722,1.0,0.8338982416640722,1178,0.5892946473236619,1.0,1
"iteration_1","SCOPE_DATA_COLLECTION",500,54,3310.0,3370.0,2,2864,2056,725,2859,1912,747,2864,2051,728,2,1,0,6.978367062107466E-4,4.873294346978557E-4,0.0,0.32422680576812285,0.8338642261353372,1.5157954346882703,0.6484536115362457,0.8338642261353372,1.0105302897921802,0.1428072625698324,0.5948317893710385,0.679945054945055,97.5,100.0,3871,974,800,3,0,0,7.749935417204857E-4,0.0,0.0,0.55,0.7000000000000001,0.7000000000000001,0.1,35.0,65.0,60.0,0.4,0.6000000000000001,0.8,0.8,20.0,70.0,90.0,711,706,5,711,0.007032348804500703,1.5796935238222534,1.5,1.0531290158815023,496,0.7025495750708215,1.0,1
"iteration_1","SCOPE_DATA_COLLECTION",500,55,3370.0,3430.0,0,2842,2003,711,2864,2056,725,2839,2006,706,0,4,5,0.0,0.001990049751243781,0.007032348804500703,0.3132781518616255,0.8346412488161822,1.571665284406851,0.626556303723251,0.8346412488161822,1.047776856271234,0.12962310672772104,0.5892323030907278,0.6983002832861189,100.0,100.0,3834,723,999,8,1,0,0.0020865936358894104,0.0013831258644536654,0.0,0.4,0.6000000000000001,0.8,0.8,20.0,70.0,90.0,0.4,0.6000000000000001,0.8,0.8,20.0,70.0,90.0,2929,2925,4,2929,0.0013656538067599864,0.3176694763734784,0.5,0.6353389527469568,414,0.14153846153846153,1.0,1
"iteration_1","SCOPE_DATA_COLLECTION",500,55,3370.0,3430.0,1,2842,2003,711,2864,2056,725,2839,2006,706,0,4,5,0.0,0.001990049751243781,0.007032348804500703,0.3132781518616255,0.8346412488161822,1.571665284406851,0.626556303723251,0.8346412488161822,1.047776856271234,0.12962310672772104,0.5892323030907278,0.6983002832861189,100.0,100.0,3834,723,999,8,1,0,0.0020865936358894104,0.0013831258644536654,0.0,0.4,0.6000000000000001,0.8,0.8,20.0,70.0,90.0,0.4,0.6000000000000001,0.8,0.8,20.0,70.0,90.0,2117,2112,5,2117,0.0023618327822390174,0.8391075947393368,1.0,0.8391075947393368,1229,0.5819128787878788,1.0,1
"iteration_1","SCOPE_DATA_COLLECTION",500,55,3370.0,3430.0,2,2842,2003,711,2864,2056,725,2839,2006,706,0,4,5,0.0,0.001990049751243781,0.007032348804500703,0.3132781518616255,0.8346412488161822,1.571665284406851,0.626556303723251,0.8346412488161822,1.047776856271234,0.12962310672772104,0.5892323030907278,0.6983002832861189,100.0,100.0,3834,723,999,8,1,0,0.0020865936358894104,0.0013831258644536654,0.0,0.4,0.6000000000000001,0.8,0.8,20.0,70.0,90.0,0.4,0.6000000000000001,0.8,0.8,20.0,70.0,90.0,717,712,5,717,0.00697350069735007,1.5430097183243574,1.5,1.0286731455495717,483,0.6783707865168539,1.0,1
"iteration_1","SCOPE_DATA_COLLECTION",500,56,3430.0,3490.0,0,2929,2117,717,2842,2003,711,2921,2099,720,4,4,5,0.0013675213675213675,0.0019020446980504042,0.006896551724137931,0.31720780946067434,0.8372274661817245,1.5502457971864265,0.6344156189213487,0.8372274661817245,1.0334971981242844,0.14036288942143102,0.580276322058123,0.6833333333333333,100.0,100.0,3921,715,1127,13,0,0,0.0033154807447079828,0.0,0.0,0.4,0.6000000000000001,0.8,0.8,20.0,70.0,90.0,0.15000000000000002,0.9,0.8,0.5,60.0,80.0,80.0,2913,2910,3,2913,0.0010298661174047373,0.31451475269041723,0.5,0.6290295053808345,427,0.14673539518900344,1.0,1
"iteration_1","SCOPE_DATA_COLLECTION",500,56,3430.0,3490.0,1,2929,2117,717,2842,2003,711,2921,2099,720,4,4,5,0.0013675213675213675,0.0019020446980504042,0.006896551724137931,0.31720780946067434,0.8372274661817245,1.5502457971864265,0.6344156189213487,0.8372274661817245,1.0334971981242844,0.14036288942143102,0.580276322058123,0.6833333333333333,100.0,100.0,3921,715,1127,13,0,0,0.0033154807447079828,0.0,0.0,0.4,0.6000000000000001,0.8,0.8,20.0,70.0,90.0,0.15000000000000002,0.9,0.8,0.5,60.0,80.0,80.0,2076,2072,4,2076,0.0019267822736030828,0.8326758901022588,1.0,0.8326758901022588,1172,0.5656370656370656,1.0,1
"iteration_1","SCOPE_DATA_COLLECTION",500,56,3430.0,3490.0,2,2929,2117,717,2842,2003,711,2921,2099,720,4,4,5,0.0013675213675213675,0.0019020446980504042,0.006896551724137931,0.31720780946067434,0.8372274661817245,1.5502457971864265,0.6344156189213487,0.8372274661817245,1.0334971981242844,0.14036288942143102,0.580276322058123,0.6833333333333333,100.0,100.0,3921,715,1127,13,0,0,0.0033154807447079828,0.0,0.0,0.4,0.6000000000000001,0.8,0.8,20.0,70.0,90.0,0.15000000000000002,0.9,0.8,0.5,60.0,80.0,80.0,736,734,2,736,0.002717391304347826,1.4954939468318014,1.5,0.9969959645545342,480,0.6539509536784741,1.0,1
"iteration_1","SCOPE_DATA_COLLECTION",500,57,3490.0,3550.0,0,2913,2076,736,2929,2117,717,2920,2080,732,3,5,2,0.0010263427984946972,0.002398081534772182,0.0027247956403269754,0.3157374981935652,0.8334315255395562,1.497152246957688,0.6314749963871304,0.8334315255395562,0.9981014979717919,0.14931506849315068,0.5677884615384615,0.6543715846994536,97.5,100.0,3882,289,1554,9,1,0,0.00231839258114374,0.0034602076124567475,0.0,0.15000000000000002,0.9,0.8,0.5,60.0,80.0,80.0,0.15000000000000002,0.9,0.8,0.5,60.0,80.0,80.0,2824,2822,2,2824,7.08215297450425E-4,0.3230428849065663,0.5,0.6460857698131326,448,0.15875265768958186,1.0,1
"iteration_1","SCOPE_DATA_COLLECTION",500,57,3490.0,3550.0,1,2913,2076,736,2929,2117,717,2920,2080,732,3,5,2,0.0010263427984946972,0.002398081534772182,0.0027247956403269754,0.3157374981935652,0.8334315255395562,1.497152246957688,0.6314749963871304,0.8334315255395562,0.9981014979717919,0.14931506849315068,0.5677884615384615,0.6543715846994536,97.5,100.0,3882,289,1554,9,1,0,0.00231839258114374,0.0034602076124567475,0.0,0.15000000000000002,0.9,0.8,0.5,60.0,80.0,80.0,0.15000000000000002,0.9,0.8,0.5,60.0,80.0,80.0,1993,1990,3,1993,0.0015052684395383843,0.8254578260005336,1.0,0.8254578260005336,1147,0.5763819095477387,1.0,1
"iteration_1","SCOPE_DATA_COLLECTION",500,57,3490.0,3550.0,2,2913,2076,736,2929,2117,717,2920,2080,732,3,5,2,0.0010263427984946972,0.002398081534772182,0.0027247956403269754,0.3157374981935652,0.8334315255395562,1.497152246957688,0.6314749963871304,0.8334315255395562,0.9981014979717919,0.14931506849315068,0.5677884615384615,0.6543715846994536,97.5,100.0,3882,289,1554,9,1,0,0.00231839258114374,0.0034602076124567475,0.0,0.15000000000000002,0.9,0.8,0.5,60.0,80.0,80.0,0.15000000000000002,0.9,0.8,0.5,60.0,80.0,80.0,722,717,5,722,0.006925207756232687,1.5769946585006707,1.5,1.0513297723337804,505,0.704323570432357,1.0,1
"iteration_1","SCOPE_DATA_COLLECTION",500,58,3550.0,3619.393309760091,0,2824,1993,722,2913,2076,736,2819,1991,715,2,3,5,7.089684509039348E-4,0.0015045135406218655,0.006944444444444444,0.3223967518531175,0.824862734671702,1.5713994252528858,0.644793503706235,0.824862734671702,1.0475996168352573,0.15714792479602696,0.5740833751883475,0.7006993006993008,92.5,100.0,3813,261,1465,10,0,0,0.0026226068712300026,0.0,0.0,0.15000000000000002,0.9,0.8,0.5,60.0,80.0,80.0,0.9,0.1,0.30000000000000004,0.6000000000000001,30.0,90.0,90.0,2472,2465,0,2465,0.0,0.3380761043401208,0.5,0.6761522086802416,407,0.16511156186612577,0.997168284789644,0
"iteration_1","SCOPE_DATA_COLLECTION",500,58,3550.0,3619.393309760091,1,2824,1993,722,2913,2076,736,2819,1991,715,2,3,5,7.089684509039348E-4,0.0015045135406218655,0.006944444444444444,0.3223967518531175,0.824862734671702,1.5713994252528858,0.644793503706235,0.824862734671702,1.0475996168352573,0.15714792479602696,0.5740833751883475,0.7006993006993008,92.5,100.0,3813,261,1465,10,0,0,0.0026226068712300026,0.0,0.0,0.15000000000000002,0.9,0.8,0.5,60.0,80.0,80.0,0.9,0.1,0.30000000000000004,0.6000000000000001,30.0,90.0,90.0,1647,1618,0,1618,0.0,0.8201344597107318,1.0,0.8201344597107318,939,0.5803461063040791,0.9823922282938676,0
"iteration_1","SCOPE_DATA_COLLECTION",500,58,3550.0,3619.393309760091,2,2824,1993,722,2913,2076,736,2819,1991,715,2,3,5,7.089684509039348E-4,0.0015045135406218655,0.006944444444444444,0.3223967518531175,0.824862734671702,1.5713994252528858,0.644793503706235,0.824862734671702,1.0475996168352573,0.15714792479602696,0.5740833751883475,0.7006993006993008,92.5,100.0,3813,261,1465,10,0,0,0.0026226068712300026,0.0,0.0,0.15000000000000002,0.9,0.8,0.5,60.0,80.0,80.0,0.9,0.1,0.30000000000000004,0.6000000000000001,30.0,90.0,90.0,641,618,0,618,0.0,1.5990136690172514,1.5,1.0660091126781677,444,0.7184466019417476,0.9641185647425897,0
"iteration_1","SCOPE_DATA_COLLECTION",600,0,70.0,130.0,0,3194,2473,731,0,0,0,3169,2433,707,3,5,5,9.457755359394704E-4,0.002050861361771944,0.007022471910112359,0.31473448425561396,0.7655411964632797,1.4316224586943878,0.6294689685112279,0.7655411964632797,0.9544149724629252,0.1811296939097507,0.5125359638306617,0.6152758132956153,100.0,100.0,3933,1491,974,13,0,0,0.0033053648614289346,0.0,0.0,0.6,0.5,0.7,0.4,85.0,80.0,90.0,0.6,0.5,0.7,0.4,85.0,80.0,90.0,3575,3572,3,3575,8.391608391608392E-4,0.31644298940722443,0.5,0.6328859788144489,740,0.20716685330347145,1.0,1
"iteration_1","SCOPE_DATA_COLLECTION",600,0,70.0,130.0,1,3194,2473,731,0,0,0,3169,2433,707,3,5,5,9.457755359394704E-4,0.002050861361771944,0.007022471910112359,0.31473448425561396,0.7655411964632797,1.4316224586943878,0.6294689685112279,0.7655411964632797,0.9544149724629252,0.1811296939097507,0.5125359638306617,0.6152758132956153,100.0,100.0,3933,1491,974,13,0,0,0.0033053648614289346,0.0,0.0,0.6,0.5,0.7,0.4,85.0,80.0,90.0,0.6,0.5,0.7,0.4,85.0,80.0,90.0,2664,2659,5,2664,0.0018768768768768769,0.7613859079656793,1.0,0.7613859079656793,1356,0.5099661526889808,1.0,1
"iteration_1","SCOPE_DATA_COLLECTION",600,0,70.0,130.0,2,3194,2473,731,0,0,0,3169,2433,707,3,5,5,9.457755359394704E-4,0.002050861361771944,0.007022471910112359,0.31473448425561396,0.7655411964632797,1.4316224586943878,0.6294689685112279,0.7655411964632797,0.9544149724629252,0.1811296939097507,0.5125359638306617,0.6152758132956153,100.0,100.0,3933,1491,974,13,0,0,0.0033053648614289346,0.0,0.0,0.6,0.5,0.7,0.4,85.0,80.0,90.0,0.6,0.5,0.7,0.4,85.0,80.0,90.0,854,853,1,854,0.00117096018735363,1.416370471228888,1.5,0.9442469808192587,507,0.5943728018757327,1.0,1
"iteration_1","SCOPE_DATA_COLLECTION",600,1,130.0,190.0,0,3575,2664,854,3194,2473,731,3577,2649,850,3,5,1,8.379888268156424E-4,0.0018839487565938207,0.0011750881316098707,0.3167686836242255,0.7625993753550367,1.411796272047301,0.633537367248451,0.7625993753550367,0.9411975146982007,0.20659770757618115,0.5111362778406946,0.5929411764705882,100.0,100.0,4164,1742,1187,9,0,0,0.002161383285302594,0.0,0.0,0.6,0.5,0.7,0.4,85.0,80.0,90.0,0.5,0.6000000000000001,0.8,0.5,95.0,80.0,80.0,3595,3593,2,3595,5.563282336578582E-4,0.31674892905370683,0.5,0.6334978581074137,746,0.20762593932646814,1.0,1
"iteration_1","SCOPE_DATA_COLLECTION",600,1,130.0,190.0,1,3575,2664,854,3194,2473,731,3577,2649,850,3,5,1,8.379888268156424E-4,0.0018839487565938207,0.0011750881316098707,0.3167686836242255,0.7625993753550367,1.411796272047301,0.633537367248451,0.7625993753550367,0.9411975146982007,0.20659770757618115,0.5111362778406946,0.5929411764705882,100.0,100.0,4164,1742,1187,9,0,0,0.002161383285302594,0.0,0.0,0.6,0.5,0.7,0.4,85.0,80.0,90.0,0.5,0.6000000000000001,0.8,0.5,95.0,80.0,80.0,2679,2676,3,2679,0.0011198208286674132,0.7746667387547405,1.0,0.7746667387547405,1384,0.5171898355754858,1.0,1
"iteration_1","SCOPE_DATA_COLLECTION",600,1,130.0,190.0,2,3575,2664,854,3194,2473,731,3577,2649,850,3,5,1,8.379888268156424E-4,0.0018839487565938207,0.0011750881316098707,0.3167686836242255,0.7625993753550367,1.411796272047301,0.633537367248451,0.7625993753550367,0.9411975146982007,0.20659770757618115,0.5111362778406946,0.5929411764705882,100.0,100.0,4164,1742,1187,9,0,0,0.002161383285302594,0.0,0.0,0.6,0.5,0.7,0.4,85.0,80.0,90.0,0.5,0.6000000000000001,0.8,0.5,95.0,80.0,80.0,801,792,9,801,0.011235955056179775,1.4185141430637591,1.5,0.9456760953758394,473,0.5972222222222222,1.0,1
"iteration_1","SCOPE_DATA_COLLECTION",600,2,190.0,250.0,0,3595,2679,801,3575,2664,854,3582,2683,795,2,3,8,5.580357142857143E-4,0.0011169024571854058,0.009962640099626401,0.31651161071550427,0.7738167909820566,1.4241817732475524,0.6330232214310085,0.7738167909820566,0.9494545154983682,0.20714684533780012,0.5158404770778979,0.6,97.5,100.0,4196,1422,1457,12,1,0,0.002859866539561487,7.032348804500703E-4,0.0,0.5,0.6000000000000001,0.8,0.5,95.0,80.0,80.0,0.5,0.5,0.9,0.6000000000000001,95.0,70.0,90.0,3502,3499,3,3502,8.566533409480297E-4,0.3155308603329395,0.5,0.631061720665879,722,0.20634466990568734,1.0,1
"iteration_1","SCOPE_DATA_COLLECTION",600,2,190.0,250.0,1,3595,2679,801,3575,2664,854,3582,2683,795,2,3,8,5.580357142857143E-4,0.0011169024571854058,0.009962640099626401,0.31651161071550427,0.7738167909820566,1.4241817732475524,0.6330232214310085,0.7738167909820566,0.9494545154983682,0.20714684533780012,0.5158404770778979,0.6,97.5,100.0,4196,1422,1457,12,1,0,0.002859866539561487,7.032348804500703E-4,0.0,0.5,0.6000000000000001,0.8,0.5,95.0,80.0,80.0,0.5,0.5,0.9,0.6000000000000001,95.0,70.0,90.0,2727,2719,8,2727,0.0029336266960029336,0.7569054654898012,1.0,0.7569054654898012,1389,0.5108495770503861,1.0,1
"iteration_1","SCOPE_DATA_COLLECTION",600,2,190.0,250.0,2,3595,2679,801,3575,2664,854,3582,2683,795,2,3,8,5.580357142857143E-4,0.0011169024571854058,0.009962640099626401,0.31651161071550427,0.7738167909820566,1.4241817732475524,0.6330232214310085,0.7738167909820566,0.9494545154983682,0.20714684533780012,0.5158404770778979,0.6,97.5,100.0,4196,1422,1457,12,1,0,0.002859866539561487,7.032348804500703E-4,0.0,0.5,0.6000000000000001,0.8,0.5,95.0,80.0,80.0,0.5,0.5,0.9,0.6000000000000001,95.0,70.0,90.0,774,771,3,774,0.003875968992248062,1.424170368001816,1.5,0.9494469120012107,466,0.6044098573281452,1.0,1
"iteration_1","SCOPE_DATA_COLLECTION",600,3,250.0,310.0,0,3502,2727,774,3595,2679,801,3510,2718,779,3,8,4,8.539709649871904E-4,0.00293470286133529,0.005108556832694764,0.31660820914324744,0.7578883235298471,1.4271959999014379,0.6332164182864949,0.7578883235298471,0.9514639999342919,0.20883190883190883,0.5125091979396615,0.6046213093709885,95.0,100.0,4153,1425,1425,15,0,0,0.003611846857693234,0.0,0.0,0.5,0.5,0.9,0.6000000000000001,95.0,70.0,90.0,0.1,0.8,0.9,0.5,40.0,75.0,20.0,3459,3454,5,3459,0.0014455044810638912,0.3367164143334363,0.5,0.6734328286668726,788,0.22814128546612622,1.0,1
"iteration_1","SCOPE_DATA_COLLECTION",600,3,250.0,310.0,1,3502,2727,774,3595,2679,801,3510,2718,779,3,8,4,8.539709649871904E-4,0.00293470286133529,0.005108556832694764,0.31660820914324744,0.7578883235298471,1.4271959999014379,0.6332164182864949,0.7578883235298471,0.9514639999342919,0.20883190883190883,0.5125091979396615,0.6046213093709885,95.0,100.0,4153,1425,1425,15,0,0,0.003611846857693234,0.0,0.0,0.5,0.5,0.9,0.6000000000000001,95.0,70.0,90.0,0.1,0.8,0.9,0.5,40.0,75.0,20.0,2600,2598,2,2600,7.692307692307692E-4,0.7957998551559861,1.0,0.7957998551559861,1396,0.5373364126250962,1.0,1
"iteration_1","SCOPE_DATA_COLLECTION",600,3,250.0,310.0,2,3502,2727,774,3595,2679,801,3510,2718,779,3,8,4,8.539709649871904E-4,0.00293470286133529,0.005108556832694764,0.31660820914324744,0.7578883235298471,1.4271959999014379,0.6332164182864949,0.7578883235298471,0.9514639999342919,0.20883190883190883,0.5125091979396615,0.6046213093709885,95.0,100.0,4153,1425,1425,15,0,0,0.003611846857693234,0.0,0.0,0.5,0.5,0.9,0.6000000000000001,95.0,70.0,90.0,0.1,0.8,0.9,0.5,40.0,75.0,20.0,832,824,8,832,0.009615384615384616,1.4051941033459465,1.5,0.9367960688972977,484,0.587378640776699,1.0,1
"iteration_1","SCOPE_DATA_COLLECTION",600,4,310.0,370.0,0,3459,2600,832,3502,2727,774,3454,2609,819,5,2,8,0.0014455044810638912,7.659900421294523E-4,0.009673518742442563,0.33596412281901594,0.7961317662733279,1.4011630134609236,0.6719282456380319,0.7961317662733279,0.9341086756406157,0.22727272727272727,0.5354541970103488,0.5848595848595849,100.0,100.0,4209,241,2441,15,0,0,0.003563791874554526,0.0,0.0,0.1,0.8,0.9,0.5,40.0,75.0,20.0,0.1,0.8,0.9,0.5,40.0,75.0,20.0,3559,3553,6,3559,0.0016858668165214948,0.3374741798616924,0.5,0.6749483597233848,894,0.2516183506895581,1.0,1
"iteration_1","SCOPE_DATA_COLLECTION",600,4,310.0,370.0,1,3459,2600,832,3502,2727,774,3454,2609,819,5,2,8,0.0014455044810638912,7.659900421294523E-4,0.009673518742442563,0.33596412281901594,0.7961317662733279,1.4011630134609236,0.6719282456380319,0.7961317662733279,0.9341086756406157,0.22727272727272727,0.5354541970103488,0.5848595848595849,100.0,100.0,4209,241,2441,15,0,0,0.003563791874554526,0.0,0.0,0.1,0.8,0.9,0.5,40.0,75.0,20.0,0.1,0.8,0.9,0.5,40.0,75.0,20.0,2663,2656,7,2663,0.0026286143447239955,0.7791056049916568,1.0,0.7791056049916568,1376,0.5180722891566265,1.0,1
"iteration_1","SCOPE_DATA_COLLECTION",600,4,310.0,370.0,2,3459,2600,832,3502,2727,774,3454,2609,819,5,2,8,0.0014455044810638912,7.659900421294523E-4,0.009673518742442563,0.33596412281901594,0.7961317662733279,1.4011630134609236,0.6719282456380319,0.7961317662733279,0.9341086756406157,0.22727272727272727,0.5354541970103488,0.5848595848595849,100.0,100.0,4209,241,2441,15,0,0,0.003563791874554526,0.0,0.0,0.1,0.8,0.9,0.5,40.0,75.0,20.0,0.1,0.8,0.9,0.5,40.0,75.0,20.0,826,817,9,826,0.010895883777239709,1.4504751274501442,1.5,0.9669834183000962,498,0.609547123623011,1.0,1
"iteration_1","SCOPE_DATA_COLLECTION",600,5,370.0,430.0,0,3559,2663,826,3459,2600,832,3553,2651,816,6,7,9,0.0016858668165214948,0.0026335590669676447,0.01090909090909091,0.337478255249391,0.7798567572467304,1.4496504154433798,0.674956510498782,0.7798567572467304,0.9664336102955865,0.25049254151421335,0.5194266314598265,0.6102941176470589,97.5,100.0,4182,291,2575,14,0,8,0.003347680535628886,0.0,0.0031067961165048546,0.1,0.8,0.9,0.5,40.0,75.0,20.0,0.1,0.8,0.9,0.5,40.0,75.0,20.0,3568,3554,14,3568,0.003923766816143498,0.33118334294265767,0.5,0.6623666858853153,836,0.23522791221159256,1.0,1
"iteration_1","SCOPE_DATA_COLLECTION",600,5,370.0,430.0,1,3559,2663,826,3459,2600,832,3553,2651,816,6,7,9,0.0016858668165214948,0.0026335590669676447,0.01090909090909091,0.337478255249391,0.7798567572467304,1.4496504154433798,0.674956510498782,0.7798567572467304,0.9664336102955865,0.25049254151421335,0.5194266314598265,0.6102941176470589,97.5,100.0,4182,291,2575,14,0,8,0.003347680535628886,0.0,0.0031067961165048546,0.1,0.8,0.9,0.5,40.0,75.0,20.0,0.1,0.8,0.9,0.5,40.0,75.0,20.0,2701,2693,8,2701,0.002961865975564606,0.7845575982455077,1.0,0.7845575982455077,1402,0.5206089862606759,1.0,1
"iteration_1","SCOPE_DATA_COLLECTION",600,5,370.0,430.0,2,3559,2663,826,3459,2600,832,3553,2651,816,6,7,9,0.0016858668165214948,0.0026335590669676447,0.01090909090909091,0.337478255249391,0.7798567572467304,1.4496504154433798,0.674956510498782,0.7798567572467304,0.9664336102955865,0.25049254151421335,0.5194266314598265,0.6102941176470589,97.5,100.0,4182,291,2575,14,0,8,0.003347680535628886,0.0,0.0031067961165048546,0.1,0.8,0.9,0.5,40.0,75.0,20.0,0.1,0.8,0.9,0.5,40.0,75.0,20.0,803,795,8,803,0.009962640099626401,1.4032437778962992,1.5,0.9354958519308662,470,0.5911949685534591,1.0,1
"iteration_1","SCOPE_DATA_COLLECTION",600,6,430.0,490.0,0,3568,2701,803,3559,2663,826,3554,2691,796,14,8,8,0.003923766816143498,0.0029640607632456465,0.009950248756218905,0.3312901665264352,0.7818722641960293,1.4052814176882396,0.6625803330528705,0.7818722641960293,0.9368542784588264,0.23607203151378728,0.5198810850984764,0.5917085427135679,97.5,100.0,4215,265,2592,11,0,19,0.0026097271648873074,0.0,0.0073302469135802465,0.1,0.8,0.9,0.5,40.0,75.0,20.0,0.6000000000000001,0.4,0.9,0.4,20.0,50.0,40.0,3536,3529,7,3536,0.0019796380090497737,0.32366726874890345,0.5,0.6473345374978069,727,0.2060073675262114,1.0,1
"iteration_1","SCOPE_DATA_COLLECTION",600,6,430.0,490.0,1,3568,2701,803,3559,2663,826,3554,2691,796,14,8,8,0.003923766816143498,0.0029640607632456465,0.009950248756218905,0.3312901665264352,0.7818722641960293,1.4052814176882396,0.6625803330528705,0.7818722641960293,0.9368542784588264,0.23607203151378728,0.5198810850984764,0.5917085427135679,97.5,100.0,4215,265,2592,11,0,19,0.0026097271648873074,0.0,0.0073302469135802465,0.1,0.8,0.9,0.5,40.0,75.0,20.0,0.6000000000000001,0.4,0.9,0.4,20.0,50.0,40.0,2634,2630,4,2634,0.0015186028853454822,0.7887901820382678,1.0,0.7887901820382678,1393,0.5296577946768061,1.0,1
"iteration_1","SCOPE_DATA_COLLECTION",600,6,430.0,490.0,2,3568,2701,803,3559,2663,826,3554,2691,796,14,8,8,0.003923766816143498,0.0029640607632456465,0.009950248756218905,0.3312901665264352,0.7818722641960293,1.4052814176882396,0.6625803330528705,0.7818722641960293,0.9368542784588264,0.23607203151378728,0.5198810850984764,0.5917085427135679,97.5,100.0,4215,265,2592,11,0,19,0.0026097271648873074,0.0,0.0073302469135802465,0.1,0.8,0.9,0.5,40.0,75.0,20.0,0.6000000000000001,0.4,0.9,0.4,20.0,50.0,40.0,769,765,4,769,0.005201560468140442,1.4196244378283216,1.5,0.9464162918855478,461,0.6026143790849673,1.0,1
"iteration_1","SCOPE_DATA_COLLECTION",600,7,490.0,550.0,0,3536,2634,769,3568,2701,803,3525,2628,764,7,4,4,0.0019818799546998866,0.001519756838905775,0.005208333333333333,0.323039226300901,0.789518706830928,1.4181284634098004,0.646078452601802,0.789518706830928,0.9454189756065335,0.20539007092198583,0.5300608828006088,0.6020942408376964,100.0,100.0,4244,1625,1070,13,2,0,0.003063147973609802,0.0012307692307692308,0.0,0.6000000000000001,0.4,0.9,0.4,20.0,50.0,40.0,0.5,0.5,0.9,0.30000000000000004,30.0,60.0,30.0,3482,3480,2,3482,5.743825387708214E-4,0.32195162690369206,0.5,0.6439032538073841,759,0.21810344827586206,1.0,1
"iteration_1","SCOPE_DATA_COLLECTION",600,7,490.0,550.0,1,3536,2634,769,3568,2701,803,3525,2628,764,7,4,4,0.0019818799546998866,0.001519756838905775,0.005208333333333333,0.323039226300901,0.789518706830928,1.4181284634098004,0.646078452601802,0.789518706830928,0.9454189756065335,0.20539007092198583,0.5300608828006088,0.6020942408376964,100.0,100.0,4244,1625,1070,13,2,0,0.003063147973609802,0.0012307692307692308,0.0,0.6000000000000001,0.4,0.9,0.4,20.0,50.0,40.0,0.5,0.5,0.9,0.30000000000000004,30.0,60.0,30.0,2662,2656,6,2662,0.002253944402704733,0.7694378040724634,1.0,0.7694378040724634,1355,0.5101656626506024,1.0,1
"iteration_1","SCOPE_DATA_COLLECTION",600,7,490.0,550.0,2,3536,2634,769,3568,2701,803,3525,2628,764,7,4,4,0.0019818799546998866,0.001519756838905775,0.005208333333333333,0.323039226300901,0.789518706830928,1.4181284634098004,0.646078452601802,0.789518706830928,0.9454189756065335,0.20539007092198583,0.5300608828006088,0.6020942408376964,100.0,100.0,4244,1625,1070,13,2,0,0.003063147973609802,0.0012307692307692308,0.0,0.6000000000000001,0.4,0.9,0.4,20.0,50.0,40.0,0.5,0.5,0.9,0.30000000000000004,30.0,60.0,30.0,788,787,1,788,0.0012690355329949238,1.4316523663197358,1.5,0.9544349108798239,484,0.6149936467598475,1.0,1
"iteration_1","SCOPE_DATA_COLLECTION",600,8,550.0,610.0,0,3482,2662,788,3536,2634,769,3484,2661,782,2,6,1,5.737234652897303E-4,0.0022497187851518562,0.001277139208173691,0.32242417830690673,0.7722496056451642,1.4306999033909125,0.6448483566138135,0.7722496056451642,0.9537999355939416,0.21871412169919632,0.5114618564449455,0.6138107416879796,97.5,100.0,4168,1406,1358,8,1,0,0.0019193857965451055,7.112375533428165E-4,0.0,0.5,0.5,0.9,0.30000000000000004,30.0,60.0,30.0,0.5,0.4,0.9,0.30000000000000004,20.0,50.0,30.0,3531,3531,0,3531,0.0,0.3196466281833267,0.5,0.6392932563666534,758,0.21467006513735487,1.0,1
"iteration_1","SCOPE_DATA_COLLECTION",600,8,550.0,610.0,1,3482,2662,788,3536,2634,769,3484,2661,782,2,6,1,5.737234652897303E-4,0.0022497187851518562,0.001277139208173691,0.32242417830690673,0.7722496056451642,1.4306999033909125,0.6448483566138135,0.7722496056451642,0.9537999355939416,0.21871412169919632,0.5114618564449455,0.6138107416879796,97.5,100.0,4168,1406,1358,8,1,0,0.0019193857965451055,7.112375533428165E-4,0.0,0.5,0.5,0.9,0.30000000000000004,30.0,60.0,30.0,0.5,0.4,0.9,0.30000000000000004,20.0,50.0,30.0,2693,2690,3,2693,0.0011139992573338284,0.7695065875884701,1.0,0.7695065875884701,1420,0.5278810408921933,1.0,1
"iteration_1","SCOPE_DATA_COLLECTION",600,8,550.0,610.0,2,3482,2662,788,3536,2634,769,3484,2661,782,2,6,1,5.737234652897303E-4,0.0022497187851518562,0.001277139208173691,0.32242417830690673,0.7722496056451642,1.4306999033909125,0.6448483566138135,0.7722496056451642,0.9537999355939416,0.21871412169919632,0.5114618564449455,0.6138107416879796,97.5,100.0,4168,1406,1358,8,1,0,0.0019193857965451055,7.112375533428165E-4,0.0,0.5,0.5,0.9,0.30000000000000004,30.0,60.0,30.0,0.5,0.4,0.9,0.30000000000000004,20.0,50.0,30.0,776,774,2,776,0.002577319587628866,1.4337572393385283,1.5,0.9558381595590189,476,0.6149870801033591,1.0,1
"iteration_1","SCOPE_DATA_COLLECTION",600,9,610.0,670.0,0,3531,2693,776,3482,2662,788,3525,2695,773,0,3,2,0.0,0.001111934766493699,0.0025806451612903226,0.3193021373933294,0.7679330309440805,1.4289306132997373,0.6386042747866588,0.7679330309440805,0.9526204088664915,0.21361702127659574,0.5269016697588126,0.6131953428201811,100.0,100.0,4161,1437,1402,5,0,0,0.001201634222542658,0.0,0.0,0.5,0.4,0.9,0.30000000000000004,20.0,50.0,30.0,0.5,0.4,0.9,0.30000000000000004,20.0,50.0,30.0,3477,3473,4,3477,0.0011504170261719873,0.3210484917128297,0.5,0.6420969834256594,722,0.20788943276706018,1.0,1
"iteration_1","SCOPE_DATA_COLLECTION",600,9,610.0,670.0,1,3531,2693,776,3482,2662,788,3525,2695,773,0,3,2,0.0,0.001111934766493699,0.0025806451612903226,0.3193021373933294,0.7679330309440805,1.4289306132997373,0.6386042747866588,0.7679330309440805,0.9526204088664915,0.21361702127659574,0.5269016697588126,0.6131953428201811,100.0,100.0,4161,1437,1402,5,0,0,0.001201634222542658,0.0,0.0,0.5,0.4,0.9,0.30000000000000004,20.0,50.0,30.0,0.5,0.4,0.9,0.30000000000000004,20.0,50.0,30.0,2721,2715,6,2721,0.002205071664829107,0.7769184539784276,1.0,0.7769184539784276,1421,0.5233885819521179,1.0,1
"iteration_1","SCOPE_DATA_COLLECTION",600,9,610.0,670.0,2,3531,2693,776,3482,2662,788,3525,2695,773,0,3,2,0.0,0.001111934766493699,0.0025806451612903226,0.3193021373933294,0.7679330309440805,1.4289306132997373,0.6386042747866588,0.7679330309440805,0.9526204088664915,0.21361702127659574,0.5269016697588126,0.6131953428201811,100.0,100.0,4161,1437,1402,5,0,0,0.001201634222542658,0.0,0.0,0.5,0.4,0.9,0.30000000000000004,20.0,50.0,30.0,0.5,0.4,0.9,0.30000000000000004,20.0,50.0,30.0,751,749,2,751,0.002663115845539281,1.4036176107096585,1.5,0.935745073806439,448,0.5981308411214953,1.0,1
"iteration_1","SCOPE_DATA_COLLECTION",600,10,670.0,730.0,0,3477,2721,751,3531,2693,776,3486,2704,752,4,6,2,0.001146131805157593,0.002214022140221402,0.002652519893899204,0.32181846620505766,0.7762428021319324,1.416064094817578,0.6436369324101153,0.7762428021319324,0.9440427298783853,0.20940906483075158,0.522189349112426,0.6037234042553191,97.5,100.0,4189,1388,1372,10,2,0,0.0023872045834328003,0.001440922190201729,0.0,0.5,0.4,0.9,0.30000000000000004,20.0,50.0,30.0,0.9500000000000001,0.2,0.4,0.8,35.0,70.0,45.0,3484,3480,4,3484,0.001148105625717566,0.314292579002856,0.5,0.628585158005712,607,0.17442528735632185,1.0,1
"iteration_1","SCOPE_DATA_COLLECTION",600,10,670.0,730.0,1,3477,2721,751,3531,2693,776,3486,2704,752,4,6,2,0.001146131805157593,0.002214022140221402,0.002652519893899204,0.32181846620505766,0.7762428021319324,1.416064094817578,0.6436369324101153,0.7762428021319324,0.9440427298783853,0.20940906483075158,0.522189349112426,0.6037234042553191,97.5,100.0,4189,1388,1372,10,2,0,0.0023872045834328003,0.001440922190201729,0.0,0.5,0.4,0.9,0.30000000000000004,20.0,50.0,30.0,0.9500000000000001,0.2,0.4,0.8,35.0,70.0,45.0,2705,2699,6,2705,0.0022181146025878,0.7701210266170418,1.0,0.7701210266170418,1432,0.5305668766209707,1.0,1
"iteration_1","SCOPE_DATA_COLLECTION",600,10,670.0,730.0,2,3477,2721,751,3531,2693,776,3486,2704,752,4,6,2,0.001146131805157593,0.002214022140221402,0.002652519893899204,0.32181846620505766,0.7762428021319324,1.416064094817578,0.6436369324101153,0.7762428021319324,0.9440427298783853,0.20940906483075158,0.522189349112426,0.6037234042553191,97.5,100.0,4189,1388,1372,10,2,0,0.0023872045834328003,0.001440922190201729,0.0,0.5,0.4,0.9,0.30000000000000004,20.0,50.0,30.0,0.9500000000000001,0.2,0.4,0.8,35.0,70.0,45.0,819,815,4,819,0.004884004884004884,1.4006934675659761,1.5,0.933795645043984,484,0.5938650306748466,1.0,1
"iteration_1","SCOPE_DATA_COLLECTION",600,11,730.0,790.0,0,3484,2705,819,3477,2721,751,3474,2706,813,4,6,4,0.0011500862564692352,0.0022123893805309734,0.004895960832313341,0.3141705145547965,0.7705306926673654,1.3875006026124568,0.628341029109593,0.7705306926673654,0.9250004017416379,0.17415083477259644,0.5310421286031042,0.5891758917589176,100.0,100.0,4235,2636,137,12,2,0,0.002833530106257379,7.587253414264037E-4,0.0,0.9500000000000001,0.2,0.4,0.8,35.0,70.0,45.0,0.45,0.8,0.6000000000000001,0.2,40.0,35.0,50.0,3536,3536,0,3536,0.0,0.32400023161861713,0.5,0.6480004632372343,765,0.21634615384615385,1.0,1
"iteration_1","SCOPE_DATA_COLLECTION",600,11,730.0,790.0,1,3484,2705,819,3477,2721,751,3474,2706,813,4,6,4,0.0011500862564692352,0.0022123893805309734,0.004895960832313341,0.3141705145547965,0.7705306926673654,1.3875006026124568,0.628341029109593,0.7705306926673654,0.9250004017416379,0.17415083477259644,0.5310421286031042,0.5891758917589176,100.0,100.0,4235,2636,137,12,2,0,0.002833530106257379,7.587253414264037E-4,0.0,0.9500000000000001,0.2,0.4,0.8,35.0,70.0,45.0,0.45,0.8,0.6000000000000001,0.2,40.0,35.0,50.0,2651,2649,2,2651,7.544322897019992E-4,0.7485101353824254,1.0,0.7485101353824254,1331,0.5024537561343904,1.0,1
"iteration_1","SCOPE_DATA_COLLECTION",600,11,730.0,790.0,2,3484,2705,819,3477,2721,751,3474,2706,813,4,6,4,0.0011500862564692352,0.0022123893805309734,0.004895960832313341,0.3141705145547965,0.7705306926673654,1.3875006026124568,0.628341029109593,0.7705306926673654,0.9250004017416379,0.17415083477259644,0.5310421286031042,0.5891758917589176,100.0,100.0,4235,2636,137,12,2,0,0.002833530106257379,7.587253414264037E-4,0.0,0.9500000000000001,0.2,0.4,0.8,35.0,70.0,45.0,0.45,0.8,0.6000000000000001,0.2,40.0,35.0,50.0,825,821,4,825,0.0048484848484848485,1.3511075208324939,1.5,0.9007383472216626,473,0.5761266747868453,1.0,1
"iteration_1","SCOPE_DATA_COLLECTION",600,12,790.0,850.0,0,3536,2651,825,3484,2705,819,3524,2646,822,0,2,4,0.0,7.552870090634441E-4,0.004842615012106538,0.3231625403621006,0.749896749194844,1.359810878219813,0.6463250807242013,0.749896749194844,0.9065405854798754,0.21424517593643586,0.5037792894935752,0.5790754257907542,100.0,100.0,4157,1273,1582,6,0,0,0.0014433485686793362,0.0,0.0,0.45,0.8,0.6000000000000001,0.2,40.0,35.0,50.0,0.35000000000000003,0.7000000000000001,0.5,0.30000000000000004,30.0,35.0,60.0,3570,3567,3,3570,8.403361344537816E-4,0.3174092812213918,0.5,0.6348185624427836,711,0.19932716568544995,1.0,1
"iteration_1","SCOPE_DATA_COLLECTION",600,12,790.0,850.0,1,3536,2651,825,3484,2705,819,3524,2646,822,0,2,4,0.0,7.552870090634441E-4,0.004842615012106538,0.3231625403621006,0.749896749194844,1.359810878219813,0.6463250807242013,0.749896749194844,0.9065405854798754,0.21424517593643586,0.5037792894935752,0.5790754257907542,100.0,100.0,4157,1273,1582,6,0,0,0.0014433485686793362,0.0,0.0,0.45,0.8,0.6000000000000001,0.2,40.0,35.0,50.0,0.35000000000000003,0.7000000000000001,0.5,0.30000000000000004,30.0,35.0,60.0,2648,2645,3,2648,0.0011329305135951663,0.7713448476069522,1.0,0.7713448476069522,1393,0.5266540642722117,1.0,1
"iteration_1","SCOPE_DATA_COLLECTION",600,12,790.0,850.0,2,3536,2651,825,3484,2705,819,3524,2646,822,0,2,4,0.0,7.552870090634441E-4,0.004842615012106538,0.3231625403621006,0.749896749194844,1.359810878219813,0.6463250807242013,0.749896749194844,0.9065405854798754,0.21424517593643586,0.5037792894935752,0.5790754257907542,100.0,100.0,4157,1273,1582,6,0,0,0.0014433485686793362,0.0,0.0,0.45,0.8,0.6000000000000001,0.2,40.0,35.0,50.0,0.35000000000000003,0.7000000000000001,0.5,0.30000000000000004,30.0,35.0,60.0,756,748,8,756,0.010582010582010581,1.4456378239008574,1.5,0.9637585492672383,467,0.6243315508021391,1.0,1
"iteration_1","SCOPE_DATA_COLLECTION",600,13,850.0,910.0,0,3570,2648,756,3536,2651,825,3564,2639,756,3,3,8,8.410428931875525E-4,0.0011355034065102195,0.010471204188481676,0.3178283000708703,0.7688142287425076,1.4509985359799646,0.6356566001417406,0.7688142287425076,0.9673323573199765,0.2000561167227834,0.5244410761652141,0.626984126984127,95.0,100.0,4208,918,1848,14,0,0,0.003326996197718631,0.0,0.0,0.35000000000000003,0.7000000000000001,0.5,0.30000000000000004,30.0,35.0,60.0,0.45,0.7000000000000001,0.4,0.30000000000000004,30.0,45.0,50.0,3536,3536,0,3536,0.0,0.318849960886219,0.5,0.637699921772438,754,0.21323529411764705,1.0,1
"iteration_1","SCOPE_DATA_COLLECTION",600,13,850.0,910.0,1,3570,2648,756,3536,2651,825,3564,2639,756,3,3,8,8.410428931875525E-4,0.0011355034065102195,0.010471204188481676,0.3178283000708703,0.7688142287425076,1.4509985359799646,0.6356566001417406,0.7688142287425076,0.9673323573199765,0.2000561167227834,0.5244410761652141,0.626984126984127,95.0,100.0,4208,918,1848,14,0,0,0.003326996197718631,0.0,0.0,0.35000000000000003,0.7000000000000001,0.5,0.30000000000000004,30.0,35.0,60.0,0.45,0.7000000000000001,0.4,0.30000000000000004,30.0,45.0,50.0,2718,2714,4,2718,0.0014716703458425313,0.7758051518706702,1.0,0.7758051518706702,1445,0.5324244657332351,1.0,1
"iteration_1","SCOPE_DATA_COLLECTION",600,13,850.0,910.0,2,3570,2648,756,3536,2651,825,3564,2639,756,3,3,8,8.410428931875525E-4,0.0011355034065102195,0.010471204188481676,0.3178283000708703,0.7688142287425076,1.4509985359799646,0.6356566001417406,0.7688142287425076,0.9673323573199765,0.2000561167227834,0.5244410761652141,0.626984126984127,95.0,100.0,4208,918,1848,14,0,0,0.003326996197718631,0.0,0.0,0.35000000000000003,0.7000000000000001,0.5,0.30000000000000004,30.0,35.0,60.0,0.45,0.7000000000000001,0.4,0.30000000000000004,30.0,45.0,50.0,752,747,5,752,0.006648936170212766,1.3563748671931877,1.5,0.9042499114621251,428,0.5729585006693441,1.0,1
"iteration_1","SCOPE_DATA_COLLECTION",600,14,910.0,970.0,0,3536,2718,752,3570,2648,756,3552,2720,743,0,4,5,0.0,0.0014684287812041115,0.0066844919786096255,0.3191079362973766,0.7784735442231039,1.347438465782795,0.6382158725947532,0.7784735442231039,0.8982923105218633,0.21452702702702703,0.5349264705882353,0.5679676985195155,97.5,100.0,4201,1258,1547,8,1,0,0.0019043084979766722,7.94912559618442E-4,0.0,0.45,0.7000000000000001,0.4,0.30000000000000004,30.0,45.0,50.0,0.55,0.7000000000000001,0.5,0.4,30.0,55.0,40.0,3581,3579,2,3581,5.585032113934655E-4,0.3208207019132539,0.5,0.6416414038265078,813,0.22715842414082146,1.0,1
"iteration_1","SCOPE_DATA_COLLECTION",600,14,910.0,970.0,1,3536,2718,752,3570,2648,756,3552,2720,743,0,4,5,0.0,0.0014684287812041115,0.0066844919786096255,0.3191079362973766,0.7784735442231039,1.347438465782795,0.6382158725947532,0.7784735442231039,0.8982923105218633,0.21452702702702703,0.5349264705882353,0.5679676985195155,97.5,100.0,4201,1258,1547,8,1,0,0.0019043084979766722,7.94912559618442E-4,0.0,0.45,0.7000000000000001,0.4,0.30000000000000004,30.0,45.0,50.0,0.55,0.7000000000000001,0.5,0.4,30.0,55.0,40.0,2657,2651,6,2657,0.002258185923974407,0.7618848493530723,1.0,0.7618848493530723,1386,0.5228215767634855,1.0,1
"iteration_1","SCOPE_DATA_COLLECTION",600,14,910.0,970.0,2,3536,2718,752,3570,2648,756,3552,2720,743,0,4,5,0.0,0.0014684287812041115,0.0066844919786096255,0.3191079362973766,0.7784735442231039,1.347438465782795,0.6382158725947532,0.7784735442231039,0.8982923105218633,0.21452702702702703,0.5349264705882353,0.5679676985195155,97.5,100.0,4201,1258,1547,8,1,0,0.0019043084979766722,7.94912559618442E-4,0.0,0.45,0.7000000000000001,0.4,0.30000000000000004,30.0,45.0,50.0,0.55,0.7000000000000001,0.5,0.4,30.0,55.0,40.0,820,815,5,820,0.006097560975609756,1.4229168482953891,1.5,0.9486112321969261,494,0.6061349693251534,1.0,1
"iteration_1","SCOPE_DATA_COLLECTION",600,15,970.0,1030.0,0,3581,2657,820,3536,2718,752,3573,2646,810,2,6,5,5.594405594405594E-4,0.0022624434389140274,0.006134969325153374,0.32018690526602944,0.7580660730323099,1.428239849536381,0.6403738105320589,0.7580660730323099,0.9521598996909207,0.2258606213266163,0.5192743764172335,0.6098765432098765,97.5,100.0,4170,1654,1234,11,2,0,0.0026378896882494006,0.0012091898428053204,0.0,0.55,0.7000000000000001,0.5,0.4,30.0,55.0,40.0,0.65,0.7000000000000001,0.7000000000000001,0.8,75.0,60.0,95.0,3529,3524,5,3529,0.0014168319637291016,0.319971450923885,0.5,0.63994290184777,812,0.2304199772985244,1.0,1
"iteration_1","SCOPE_DATA_COLLECTION",600,15,970.0,1030.0,1,3581,2657,820,3536,2718,752,3573,2646,810,2,6,5,5.594405594405594E-4,0.0022624434389140274,0.006134969325153374,0.32018690526602944,0.7580660730323099,1.428239849536381,0.6403738105320589,0.7580660730323099,0.9521598996909207,0.2258606213266163,0.5192743764172335,0.6098765432098765,97.5,100.0,4170,1654,1234,11,2,0,0.0026378896882494006,0.0012091898428053204,0.0,0.55,0.7000000000000001,0.5,0.4,30.0,55.0,40.0,0.65,0.7000000000000001,0.7000000000000001,0.8,75.0,60.0,95.0,2642,2637,5,2642,0.0018925056775170325,0.764119687527655,1.0,0.764119687527655,1362,0.5164960182025028,1.0,1
"iteration_1","SCOPE_DATA_COLLECTION",600,15,970.0,1030.0,2,3581,2657,820,3536,2718,752,3573,2646,810,2,6,5,5.594405594405594E-4,0.0022624434389140274,0.006134969325153374,0.32018690526602944,0.7580660730323099,1.428239849536381,0.6403738105320589,0.7580660730323099,0.9521598996909207,0.2258606213266163,0.5192743764172335,0.6098765432098765,97.5,100.0,4170,1654,1234,11,2,0,0.0026378896882494006,0.0012091898428053204,0.0,0.55,0.7000000000000001,0.5,0.4,30.0,55.0,40.0,0.65,0.7000000000000001,0.7000000000000001,0.8,75.0,60.0,95.0,847,838,9,847,0.010625737898465172,1.4327050430689998,1.5,0.9551366953793332,508,0.6062052505966588,1.0,1
"iteration_1","SCOPE_DATA_COLLECTION",600,16,1030.0,1090.0,0,3529,2642,847,3581,2657,820,3522,2644,835,5,5,9,0.001417635384179189,0.001887504718761797,0.01066350710900474,0.31948072893605667,0.7670348856946941,1.4243939271863386,0.6389614578721133,0.7670348856946941,0.949595951457559,0.22941510505394663,0.5196671709531013,0.6023952095808384,97.5,100.0,4109,1890,1019,19,0,0,0.004623996106108542,0.0,0.0,0.65,0.7000000000000001,0.7000000000000001,0.8,75.0,60.0,95.0,0.75,0.6000000000000001,0.8,0.9,75.0,70.0,95.0,3515,3509,6,3515,0.0017069701280227596,0.33535235459100493,0.5,0.6707047091820099,857,0.24422912510686806,1.0,1
"iteration_1","SCOPE_DATA_COLLECTION",600,16,1030.0,1090.0,1,3529,2642,847,3581,2657,820,3522,2644,835,5,5,9,0.001417635384179189,0.001887504718761797,0.01066350710900474,0.31948072893605667,0.7670348856946941,1.4243939271863386,0.6389614578721133,0.7670348856946941,0.949595951457559,0.22941510505394663,0.5196671709531013,0.6023952095808384,97.5,100.0,4109,1890,1019,19,0,0,0.004623996106108542,0.0,0.0,0.65,0.7000000000000001,0.7000000000000001,0.8,75.0,60.0,95.0,0.75,0.6000000000000001,0.8,0.9,75.0,70.0,95.0,2734,2720,14,2734,0.005120702267739576,0.8056818219890428,1.0,0.8056818219890428,1459,0.5363970588235294,1.0,1
"iteration_1","SCOPE_DATA_COLLECTION",600,16,1030.0,1090.0,2,3529,2642,847,3581,2657,820,3522,2644,835,5,5,9,0.001417635384179189,0.001887504718761797,0.01066350710900474,0.31948072893605667,0.7670348856946941,1.4243939271863386,0.6389614578721133,0.7670348856946941,0.949595951457559,0.22941510505394663,0.5196671709531013,0.6023952095808384,97.5,100.0,4109,1890,1019,19,0,0,0.004623996106108542,0.0,0.0,0.65,0.7000000000000001,0.7000000000000001,0.8,75.0,60.0,95.0,0.75,0.6000000000000001,0.8,0.9,75.0,70.0,95.0,807,800,7,807,0.008674101610904586,1.452821914587702,1.5,0.9685479430584679,485,0.60625,1.0,1
"iteration_1","SCOPE_DATA_COLLECTION",600,17,1090.0,1150.0,0,3515,2734,807,3529,2642,847,3518,2701,809,6,14,7,0.00170261066969353,0.005156537753222836,0.00857843137254902,0.3367900152273681,0.8006480545047175,1.458211505303892,0.6735800304547362,0.8006480545047175,0.972141003535928,0.24616259238203525,0.5323954091077379,0.6093943139678616,95.0,100.0,4263,2107,686,25,2,0,0.005864414731409805,9.492168960607499E-4,0.0,0.75,0.6000000000000001,0.8,0.9,75.0,70.0,95.0,0.65,0.7000000000000001,0.9,0.9,65.0,80.0,95.0,3502,3496,6,3502,0.0017133066818960593,0.3224153628139831,0.5,0.6448307256279662,742,0.2122425629290618,1.0,1
"iteration_1","SCOPE_DATA_COLLECTION",600,17,1090.0,1150.0,1,3515,2734,807,3529,2642,847,3518,2701,809,6,14,7,0.00170261066969353,0.005156537753222836,0.00857843137254902,0.3367900152273681,0.8006480545047175,1.458211505303892,0.6735800304547362,0.8006480545047175,0.972141003535928,0.24616259238203525,0.5323954091077379,0.6093943139678616,95.0,100.0,4263,2107,686,25,2,0,0.005864414731409805,9.492168960607499E-4,0.0,0.75,0.6000000000000001,0.8,0.9,75.0,70.0,95.0,0.65,0.7000000000000001,0.9,0.9,65.0,80.0,95.0,2712,2709,3,2712,0.0011061946902654867,0.7707070273937847,1.0,0.7707070273937847,1413,0.521594684385382,1.0,1
"iteration_1","SCOPE_DATA_COLLECTION",600,17,1090.0,1150.0,2,3515,2734,807,3529,2642,847,3518,2701,809,6,14,7,0.00170261066969353,0.005156537753222836,0.00857843137254902,0.3367900152273681,0.8006480545047175,1.458211505303892,0.6735800304547362,0.8006480545047175,0.972141003535928,0.24616259238203525,0.5323954091077379,0.6093943139678616,95.0,100.0,4263,2107,686,25,2,0,0.005864414731409805,9.492168960607499E-4,0.0,0.75,0.6000000000000001,0.8,0.9,75.0,70.0,95.0,0.65,0.7000000000000001,0.9,0.9,65.0,80.0,95.0,752,751,1,752,0.0013297872340425532,1.4230532677816474,1.5,0.9487021785210983,451,0.6005326231691078,1.0,1
"iteration_1","SCOPE_DATA_COLLECTION",600,18,1150.0,1210.0,0,3502,2712,752,3515,2734,807,3488,2717,747,6,3,1,0.0017172295363480253,0.0011029411764705882,0.001336898395721925,0.3210912962236248,0.77412521948167,1.4215886024929523,0.6421825924472496,0.77412521948167,0.9477257349953015,0.21100917431192662,0.5230033124769967,0.5997322623828648,100.0,100.0,4155,1847,964,7,3,0,0.0016847172081829122,0.0016242555495397943,0.0,0.65,0.7000000000000001,0.9,0.9,65.0,80.0,95.0,0.25,0.7000000000000001,0.30000000000000004,0.7000000000000001,30.0,50.0,25.0,3479,3478,1,3479,2.874389192296637E-4,0.32240783747028257,0.5,0.6448156749405651,734,0.21104082806210467,1.0,1
"iteration_1","SCOPE_DATA_COLLECTION",600,18,1150.0,1210.0,1,3502,2712,752,3515,2734,807,3488,2717,747,6,3,1,0.0017172295363480253,0.0011029411764705882,0.001336898395721925,0.3210912962236248,0.77412521948167,1.4215886024929523,0.6421825924472496,0.77412521948167,0.9477257349953015,0.21100917431192662,0.5230033124769967,0.5997322623828648,100.0,100.0,4155,1847,964,7,3,0,0.0016847172081829122,0.0016242555495397943,0.0,0.65,0.7000000000000001,0.9,0.9,65.0,80.0,95.0,0.25,0.7000000000000001,0.30000000000000004,0.7000000000000001,30.0,50.0,25.0,2703,2701,2,2703,7.399186089530152E-4,0.7607868046590234,1.0,0.7607868046590234,1407,0.520918178452425,1.0,1
"iteration_1","SCOPE_DATA_COLLECTION",600,18,1150.0,1210.0,2,3502,2712,752,3515,2734,807,3488,2717,747,6,3,1,0.0017172295363480253,0.0011029411764705882,0.001336898395721925,0.3210912962236248,0.77412521948167,1.4215886024929523,0.6421825924472496,0.77412521948167,0.9477257349953015,0.21100917431192662,0.5230033124769967,0.5997322623828648,100.0,100.0,4155,1847,964,7,3,0,0.0016847172081829122,0.0016242555495397943,0.0,0.65,0.7000000000000001,0.9,0.9,65.0,80.0,95.0,0.25,0.7000000000000001,0.30000000000000004,0.7000000000000001,30.0,50.0,25.0,800,789,11,800,0.01375,1.4174461026780234,1.5,0.9449640684520156,471,0.596958174904943,1.0,1
"iteration_1","SCOPE_DATA_COLLECTION",600,19,1210.0,1270.0,0,3479,2703,800,3502,2712,752,3484,2706,788,1,1,11,2.8694404591104734E-4,3.694126339120798E-4,0.01376720901126408,0.32325525524592874,0.7620900235111359,1.4184795920806168,0.6465105104918575,0.7620900235111359,0.9456530613870778,0.2129735935706085,0.5218033998521804,0.5964467005076142,100.0,100.0,4212,687,2083,13,0,0,0.0030864197530864196,0.0,0.0,0.25,0.7000000000000001,0.30000000000000004,0.7000000000000001,30.0,50.0,25.0,0.25,0.7000000000000001,0.30000000000000004,0.7000000000000001,30.0,50.0,25.0,3402,3400,2,3402,5.878894767783657E-4,0.3229004383075778,0.5,0.6458008766151556,787,0.23147058823529412,1.0,1
"iteration_1","SCOPE_DATA_COLLECTION",600,19,1210.0,1270.0,1,3479,2703,800,3502,2712,752,3484,2706,788,1,1,11,2.8694404591104734E-4,3.694126339120798E-4,0.01376720901126408,0.32325525524592874,0.7620900235111359,1.4184795920806168,0.6465105104918575,0.7620900235111359,0.9456530613870778,0.2129735935706085,0.5218033998521804,0.5964467005076142,100.0,100.0,4212,687,2083,13,0,0,0.0030864197530864196,0.0,0.0,0.25,0.7000000000000001,0.30000000000000004,0.7000000000000001,30.0,50.0,25.0,0.25,0.7000000000000001,0.30000000000000004,0.7000000000000001,30.0,50.0,25.0,2607,2601,6,2607,0.0023014959723820483,0.7569116602083585,1.0,0.7569116602083585,1338,0.5144175317185697,1.0,1
"iteration_1","SCOPE_DATA_COLLECTION",600,19,1210.0,1270.0,2,3479,2703,800,3502,2712,752,3484,2706,788,1,1,11,2.8694404591104734E-4,3.694126339120798E-4,0.01376720901126408,0.32325525524592874,0.7620900235111359,1.4184795920806168,0.6465105104918575,0.7620900235111359,0.9456530613870778,0.2129735935706085,0.5218033998521804,0.5964467005076142,100.0,100.0,4212,687,2083,13,0,0,0.0030864197530864196,0.0,0.0,0.25,0.7000000000000001,0.30000000000000004,0.7000000000000001,30.0,50.0,25.0,0.25,0.7000000000000001,0.30000000000000004,0.7000000000000001,30.0,50.0,25.0,829,827,2,829,0.0024125452352231603,1.4327414446506261,1.5,0.9551609631004174,505,0.6106408706166868,1.0,1
"iteration_1","SCOPE_DATA_COLLECTION",600,20,1270.0,1330.0,0,3402,2607,829,3479,2703,800,3396,2604,832,2,7,2,5.885815185403178E-4,0.002680965147453083,0.002398081534772182,0.3230048010230477,0.7557320692132747,1.4321874620159507,0.6460096020460954,0.7557320692132747,0.9547916413439671,0.2326266195524146,0.5149769585253456,0.6105769230769231,100.0,100.0,4072,692,2074,11,0,0,0.0027013752455795677,0.0,0.0,0.25,0.7000000000000001,0.30000000000000004,0.7000000000000001,30.0,50.0,25.0,0.35000000000000003,0.7000000000000001,0.30000000000000004,0.8,30.0,40.0,25.0,3548,3546,2,3548,5.636978579481398E-4,0.32287908744248034,0.5,0.6457581748849607,801,0.22588832487309646,1.0,1
"iteration_1","SCOPE_DATA_COLLECTION",600,20,1270.0,1330.0,1,3402,2607,829,3479,2703,800,3396,2604,832,2,7,2,5.885815185403178E-4,0.002680965147453083,0.002398081534772182,0.3230048010230477,0.7557320692132747,1.4321874620159507,0.6460096020460954,0.7557320692132747,0.9547916413439671,0.2326266195524146,0.5149769585253456,0.6105769230769231,100.0,100.0,4072,692,2074,11,0,0,0.0027013752455795677,0.0,0.0,0.25,0.7000000000000001,0.30000000000000004,0.7000000000000001,30.0,50.0,25.0,0.35000000000000003,0.7000000000000001,0.30000000000000004,0.8,30.0,40.0,25.0,2705,2701,4,2705,0.0014787430683918669,0.7511465418663803,1.0,0.7511465418663803,1376,0.5094409477971121,1.0,1
"iteration_1","SCOPE_DATA_COLLECTION",600,20,1270.0,1330.0,2,3402,2607,829,3479,2703,800,3396,2604,832,2,7,2,5.885815185403178E-4,0.002680965147453083,0.002398081534772182,0.3230048010230477,0.7557320692132747,1.4321874620159507,0.6460096020460954,0.7557320692132747,0.9547916413439671,0.2326266195524146,0.5149769585253456,0.6105769230769231,100.0,100.0,4072,692,2074,11,0,0,0.0027013752455795677,0.0,0.0,0.25,0.7000000000000001,0.30000000000000004,0.7000000000000001,30.0,50.0,25.0,0.35000000000000003,0.7000000000000001,0.30000000000000004,0.8,30.0,40.0,25.0,834,829,5,834,0.005995203836930456,1.374479681274058,1.5,0.9163197875160387,478,0.5765983112183354,1.0,1
"iteration_1","SCOPE_DATA_COLLECTION",600,21,1330.0,1390.0,0,3548,2705,834,3402,2607,829,3548,2694,831,2,4,5,5.633802816901409E-4,0.0014825796886582653,0.005980861244019139,0.32297683431609625,0.7515706013839292,1.379965123105295,0.6459536686321925,0.7515706013839292,0.9199767487368633,0.22519729425028184,0.508166295471418,0.5788206979542719,100.0,100.0,4207,991,1889,11,0,0,0.002614689802709769,0.0,0.0,0.35000000000000003,0.7000000000000001,0.30000000000000004,0.8,30.0,40.0,25.0,0.35000000000000003,0.8,0.30000000000000004,0.30000000000000004,65.0,65.0,60.0,3454,3450,4,3454,0.0011580775911986102,0.32266313498825855,0.5,0.6453262699765171,764,0.22144927536231884,1.0,1
"iteration_1","SCOPE_DATA_COLLECTION",600,21,1330.0,1390.0,1,3548,2705,834,3402,2607,829,3548,2694,831,2,4,5,5.633802816901409E-4,0.0014825796886582653,0.005980861244019139,0.32297683431609625,0.7515706013839292,1.379965123105295,0.6459536686321925,0.7515706013839292,0.9199767487368633,0.22519729425028184,0.508166295471418,0.5788206979542719,100.0,100.0,4207,991,1889,11,0,0,0.002614689802709769,0.0,0.0,0.35000000000000003,0.7000000000000001,0.30000000000000004,0.8,30.0,40.0,25.0,0.35000000000000003,0.8,0.30000000000000004,0.30000000000000004,65.0,65.0,60.0,2711,2707,4,2711,0.0014754703061600886,0.757800169641194,1.0,0.757800169641194,1394,0.5149612116734392,1.0,1
"iteration_1","SCOPE_DATA_COLLECTION",600,21,1330.0,1390.0,2,3548,2705,834,3402,2607,829,3548,2694,831,2,4,5,5.633802816901409E-4,0.0014825796886582653,0.005980861244019139,0.32297683431609625,0.7515706013839292,1.379965123105295,0.6459536686321925,0.7515706013839292,0.9199767487368633,0.22519729425028184,0.508166295471418,0.5788206979542719,100.0,100.0,4207,991,1889,11,0,0,0.002614689802709769,0.0,0.0,0.35000000000000003,0.7000000000000001,0.30000000000000004,0.8,30.0,40.0,25.0,0.35000000000000003,0.8,0.30000000000000004,0.30000000000000004,65.0,65.0,60.0,823,820,3,823,0.0036452004860267314,1.3251758970989769,1.5,0.8834505980659846,459,0.5597560975609757,1.0,1
"iteration_1","SCOPE_DATA_COLLECTION",600,22,1390.0,1450.0,0,3454,2711,823,3548,2705,834,3453,2712,812,4,4,3,0.0011570726063060456,0.0014727540500736377,0.0036809815950920245,0.32216892611849896,0.7563233309025588,1.3199373931741176,0.6443378522369979,0.7563233309025588,0.8799582621160784,0.21980886185925283,0.515117994100295,0.5578817733990148,92.5,100.0,4177,992,1819,9,2,0,0.0021546564519990424,0.0020161290322580645,0.0,0.35000000000000003,0.8,0.30000000000000004,0.30000000000000004,65.0,65.0,60.0,0.25,0.9,0.2,0.2,75.0,55.0,70.0,3591,3591,0,3591,0.0,0.3121858690805724,0.5,0.6243717381611448,664,0.18490671122250069,1.0,1
"iteration_1","SCOPE_DATA_COLLECTION",600,22,1390.0,1450.0,1,3454,2711,823,3548,2705,834,3453,2712,812,4,4,3,0.0011570726063060456,0.0014727540500736377,0.0036809815950920245,0.32216892611849896,0.7563233309025588,1.3199373931741176,0.6443378522369979,0.7563233309025588,0.8799582621160784,0.21980886185925283,0.515117994100295,0.5578817733990148,92.5,100.0,4177,992,1819,9,2,0,0.0021546564519990424,0.0020161290322580645,0.0,0.35000000000000003,0.8,0.30000000000000004,0.30000000000000004,65.0,65.0,60.0,0.25,0.9,0.2,0.2,75.0,55.0,70.0,2654,2651,3,2654,0.0011303692539562924,0.7423449925463446,1.0,0.7423449925463446,1362,0.5137683892870615,1.0,1
"iteration_1","SCOPE_DATA_COLLECTION",600,22,1390.0,1450.0,2,3454,2711,823,3548,2705,834,3453,2712,812,4,4,3,0.0011570726063060456,0.0014727540500736377,0.0036809815950920245,0.32216892611849896,0.7563233309025588,1.3199373931741176,0.6443378522369979,0.7563233309025588,0.8799582621160784,0.21980886185925283,0.515117994100295,0.5578817733990148,92.5,100.0,4177,992,1819,9,2,0,0.0021546564519990424,0.0020161290322580645,0.0,0.35000000000000003,0.8,0.30000000000000004,0.30000000000000004,65.0,65.0,60.0,0.25,0.9,0.2,0.2,75.0,55.0,70.0,807,805,2,807,0.0024783147459727386,1.3524823601927074,1.5,0.9016549067951383,465,0.577639751552795,1.0,1
"iteration_1","SCOPE_DATA_COLLECTION",600,23,1450.0,1510.0,0,3591,2654,807,3454,2711,823,3583,2654,808,0,3,2,0.0,0.0011290929619872036,0.0024691358024691358,0.31269480877540673,0.7447470440339793,1.3525827098972574,0.6253896175508135,0.7447470440339793,0.9017218065981716,0.18531956461066146,0.5165787490580256,0.5767326732673267,92.5,100.0,4194,729,2129,5,0,0,0.0011921793037672865,0.0,0.0,0.25,0.9,0.2,0.2,75.0,55.0,70.0,0.25,0.9,0.2,0.2,75.0,55.0,70.0,3562,3561,1,3562,2.8074115665356543E-4,0.32549876879893797,0.5,0.6509975375978759,745,0.2092108958157821,1.0,1
"iteration_1","SCOPE_DATA_COLLECTION",600,23,1450.0,1510.0,1,3591,2654,807,3454,2711,823,3583,2654,808,0,3,2,0.0,0.0011290929619872036,0.0024691358024691358,0.31269480877540673,0.7447470440339793,1.3525827098972574,0.6253896175508135,0.7447470440339793,0.9017218065981716,0.18531956461066146,0.5165787490580256,0.5767326732673267,92.5,100.0,4194,729,2129,5,0,0,0.0011921793037672865,0.0,0.0,0.25,0.9,0.2,0.2,75.0,55.0,70.0,0.25,0.9,0.2,0.2,75.0,55.0,70.0,2662,2662,0,2662,0.0,0.7531437542431942,1.0,0.7531437542431942,1362,0.5116453794139745,1.0,1
"iteration_1","SCOPE_DATA_COLLECTION",600,23,1450.0,1510.0,2,3591,2654,807,3454,2711,823,3583,2654,808,0,3,2,0.0,0.0011290929619872036,0.0024691358024691358,0.31269480877540673,0.7447470440339793,1.3525827098972574,0.6253896175508135,0.7447470440339793,0.9017218065981716,0.18531956461066146,0.5165787490580256,0.5767326732673267,92.5,100.0,4194,729,2129,5,0,0,0.0011921793037672865,0.0,0.0,0.25,0.9,0.2,0.2,75.0,55.0,70.0,0.25,0.9,0.2,0.2,75.0,55.0,70.0,739,738,1,739,0.0013531799729364006,1.4023055043250718,1.5,0.9348703362167146,445,0.6029810298102981,1.0,1
"iteration_1","SCOPE_DATA_COLLECTION",600,24,1510.0,1570.0,0,3562,2662,739,3591,2654,807,3572,2659,737,1,0,1,2.79876854184159E-4,0.0,0.0013550135501355014,0.3256247362228864,0.7528957198413588,1.3978222248419083,0.6512494724457728,0.7528957198413588,0.9318814832279388,0.20996640537513997,0.5114704776231666,0.5997286295793759,100.0,100.0,4247,686,2030,2,0,0,4.709206498704968E-4,0.0,0.0,0.25,0.9,0.2,0.2,75.0,55.0,70.0,0.25,0.9,0.2,0.2,75.0,55.0,70.0,3525,3525,0,3525,0.0,0.31300310842241985,0.5,0.6260062168448397,666,0.18893617021276596,1.0,1
"iteration_1","SCOPE_DATA_COLLECTION",600,24,1510.0,1570.0,1,3562,2662,739,3591,2654,807,3572,2659,737,1,0,1,2.79876854184159E-4,0.0,0.0013550135501355014,0.3256247362228864,0.7528957198413588,1.3978222248419083,0.6512494724457728,0.7528957198413588,0.9318814832279388,0.20996640537513997,0.5114704776231666,0.5997286295793759,100.0,100.0,4247,686,2030,2,0,0,4.709206498704968E-4,0.0,0.0,0.25,0.9,0.2,0.2,75.0,55.0,70.0,0.25,0.9,0.2,0.2,75.0,55.0,70.0,2757,2754,3,2757,0.001088139281828074,0.7405802682938282,1.0,0.7405802682938282,1383,0.5021786492374728,1.0,1
"iteration_1","SCOPE_DATA_COLLECTION",600,24,1510.0,1570.0,2,3562,2662,739,3591,2654,807,3572,2659,737,1,0,1,2.79876854184159E-4,0.0,0.0013550135501355014,0.3256247362228864,0.7528957198413588,1.3978222248419083,0.6512494724457728,0.7528957198413588,0.9318814832279388,0.20996640537513997,0.5114704776231666,0.5997286295793759,100.0,100.0,4247,686,2030,2,0,0,4.709206498704968E-4,0.0,0.0,0.25,0.9,0.2,0.2,75.0,55.0,70.0,0.25,0.9,0.2,0.2,75.0,55.0,70.0,781,781,0,781,0.0,1.3854855291445405,1.5,0.9236570194296937,464,0.5941101152368758,1.0,1
"iteration_1","SCOPE_DATA_COLLECTION",600,25,1570.0,1630.0,0,3525,2757,781,3562,2662,739,3519,2757,787,0,3,0,0.0,0.0010869565217391304,0.0,0.31250549906982517,0.7404974561941025,1.3998690250711652,0.6250109981396503,0.7404974561941025,0.9332460167141101,0.18783745382210856,0.500544069640914,0.602287166454892,97.5,100.0,4142,715,2206,3,0,0,7.242877836793819E-4,0.0,0.0,0.25,0.9,0.2,0.2,75.0,55.0,70.0,0.15000000000000002,0.9,0.30000000000000004,0.30000000000000004,85.0,55.0,60.0,3434,3433,1,3434,2.9120559114735004E-4,0.32664592404123466,0.5,0.6532918480824693,783,0.2280803961549665,1.0,1
"iteration_1","SCOPE_DATA_COLLECTION",600,25,1570.0,1630.0,1,3525,2757,781,3562,2662,739,3519,2757,787,0,3,0,0.0,0.0010869565217391304,0.0,0.31250549906982517,0.7404974561941025,1.3998690250711652,0.6250109981396503,0.7404974561941025,0.9332460167141101,0.18783745382210856,0.500544069640914,0.602287166454892,97.5,100.0,4142,715,2206,3,0,0,7.242877836793819E-4,0.0,0.0,0.25,0.9,0.2,0.2,75.0,55.0,70.0,0.15000000000000002,0.9,0.30000000000000004,0.30000000000000004,85.0,55.0,60.0,2675,2674,1,2675,3.7383177570093456E-4,0.748462207389223,1.0,0.748462207389223,1344,0.5026178010471204,1.0,1
"iteration_1","SCOPE_DATA_COLLECTION",600,25,1570.0,1630.0,2,3525,2757,781,3562,2662,739,3519,2757,787,0,3,0,0.0,0.0010869565217391304,0.0,0.31250549906982517,0.7404974561941025,1.3998690250711652,0.6250109981396503,0.7404974561941025,0.9332460167141101,0.18783745382210856,0.500544069640914,0.602287166454892,97.5,100.0,4142,715,2206,3,0,0,7.242877836793819E-4,0.0,0.0,0.25,0.9,0.2,0.2,75.0,55.0,70.0,0.15000000000000002,0.9,0.30000000000000004,0.30000000000000004,85.0,55.0,60.0,815,809,6,815,0.007361963190184049,1.393885447948599,1.5,0.929256965299066,480,0.5933250927070457,1.0,1
"iteration_1","SCOPE_DATA_COLLECTION",600,26,1630.0,1690.0,0,3434,2675,815,3525,2757,781,3433,2678,803,1,1,6,2.9120559114735004E-4,3.732736095558044E-4,0.007416563658838072,0.32564236473424163,0.7486913681372882,1.380863125588382,0.6512847294684833,0.7486913681372882,0.9205754170589214,0.22604136323914945,0.5041075429424944,0.5865504358655044,95.0,100.0,4094,407,2423,8,0,0,0.0019540791402051783,0.0,0.0,0.15000000000000002,0.9,0.30000000000000004,0.30000000000000004,85.0,55.0,60.0,0.15000000000000002,0.9,0.30000000000000004,0.30000000000000004,85.0,55.0,60.0,3487,3485,2,3487,5.735589331803843E-4,0.3217142117661955,0.5,0.643428423532391,736,0.21119081779053084,1.0,1
"iteration_1","SCOPE_DATA_COLLECTION",600,26,1630.0,1690.0,1,3434,2675,815,3525,2757,781,3433,2678,803,1,1,6,2.9120559114735004E-4,3.732736095558044E-4,0.007416563658838072,0.32564236473424163,0.7486913681372882,1.380863125588382,0.6512847294684833,0.7486913681372882,0.9205754170589214,0.22604136323914945,0.5041075429424944,0.5865504358655044,95.0,100.0,4094,407,2423,8,0,0,0.0019540791402051783,0.0,0.0,0.15000000000000002,0.9,0.30000000000000004,0.30000000000000004,85.0,55.0,60.0,0.15000000000000002,0.9,0.30000000000000004,0.30000000000000004,85.0,55.0,60.0,2637,2634,3,2637,0.0011376564277588168,0.7664563694859209,1.0,0.7664563694859209,1383,0.5250569476082004,1.0,1
"iteration_1","SCOPE_DATA_COLLECTION",600,26,1630.0,1690.0,2,3434,2675,815,3525,2757,781,3433,2678,803,1,1,6,2.9120559114735004E-4,3.732736095558044E-4,0.007416563658838072,0.32564236473424163,0.7486913681372882,1.380863125588382,0.6512847294684833,0.7486913681372882,0.9205754170589214,0.22604136323914945,0.5041075429424944,0.5865504358655044,95.0,100.0,4094,407,2423,8,0,0,0.0019540791402051783,0.0,0.0,0.15000000000000002,0.9,0.30000000000000004,0.30000000000000004,85.0,55.0,60.0,0.15000000000000002,0.9,0.30000000000000004,0.30000000000000004,85.0,55.0,60.0,804,803,1,804,0.0012437810945273632,1.4057752914180375,1.5,0.937183527612025,479,0.5965130759651308,1.0,1
"iteration_1","SCOPE_DATA_COLLECTION",600,27,1690.0,1750.0,0,3487,2637,804,3434,2675,815,3488,2631,800,2,3,1,5.730659025787965E-4,0.0011389521640091116,0.0012484394506866417,0.3224708129503037,0.7648874741904728,1.4035745831152762,0.6449416259006074,0.7648874741904728,0.9357163887435175,0.2121559633027523,0.5226149752945648,0.595,97.5,100.0,4145,408,2375,6,0,0,0.0014475271411338963,0.0,0.0,0.15000000000000002,0.9,0.30000000000000004,0.30000000000000004,85.0,55.0,60.0,0.05,0.8,0.2,0.4,85.0,45.0,70.0,3522,3520,2,3522,5.678591709256105E-4,0.31760461188069605,0.5,0.6352092237613921,715,0.203125,1.0,1
"iteration_1","SCOPE_DATA_COLLECTION",600,27,1690.0,1750.0,1,3487,2637,804,3434,2675,815,3488,2631,800,2,3,1,5.730659025787965E-4,0.0011389521640091116,0.0012484394506866417,0.3224708129503037,0.7648874741904728,1.4035745831152762,0.6449416259006074,0.7648874741904728,0.9357163887435175,0.2121559633027523,0.5226149752945648,0.595,97.5,100.0,4145,408,2375,6,0,0,0.0014475271411338963,0.0,0.0,0.15000000000000002,0.9,0.30000000000000004,0.30000000000000004,85.0,55.0,60.0,0.05,0.8,0.2,0.4,85.0,45.0,70.0,2612,2612,0,2612,0.0,0.7651883290464332,1.0,0.7651883290464332,1347,0.5156967840735069,1.0,1
"iteration_1","SCOPE_DATA_COLLECTION",600,27,1690.0,1750.0,2,3487,2637,804,3434,2675,815,3488,2631,800,2,3,1,5.730659025787965E-4,0.0011389521640091116,0.0012484394506866417,0.3224708129503037,0.7648874741904728,1.4035745831152762,0.6449416259006074,0.7648874741904728,0.9357163887435175,0.2121559633027523,0.5226149752945648,0.595,97.5,100.0,4145,408,2375,6,0,0,0.0014475271411338963,0.0,0.0,0.15000000000000002,0.9,0.30000000000000004,0.30000000000000004,85.0,55.0,60.0,0.05,0.8,0.2,0.4,85.0,45.0,70.0,819,817,2,819,0.002442002442002442,1.3912751220973867,1.5,0.9275167480649245,480,0.587515299877601,1.0,1
"iteration_1","SCOPE_DATA_COLLECTION",600,28,1750.0,1810.0,0,3522,2612,819,3487,2637,804,3513,2614,825,2,0,2,5.689900426742532E-4,0.0,0.0024183796856106408,0.3172736558390512,0.7665040220204373,1.3959426481774586,0.6345473116781024,0.7665040220204373,0.9306284321183057,0.20296043267862227,0.5164498852333589,0.5903030303030303,97.5,100.0,4144,137,2672,4,0,0,9.652509652509653E-4,0.0,0.0,0.05,0.8,0.2,0.4,85.0,45.0,70.0,0.05,0.7000000000000001,0.1,0.30000000000000004,85.0,45.0,80.0,3515,3509,6,3515,0.0017069701280227596,0.3153208926866563,0.5,0.6306417853733126,582,0.1658592191507552,1.0,1
"iteration_1","SCOPE_DATA_COLLECTION",600,28,1750.0,1810.0,1,3522,2612,819,3487,2637,804,3513,2614,825,2,0,2,5.689900426742532E-4,0.0,0.0024183796856106408,0.3172736558390512,0.7665040220204373,1.3959426481774586,0.6345473116781024,0.7665040220204373,0.9306284321183057,0.20296043267862227,0.5164498852333589,0.5903030303030303,97.5,100.0,4144,137,2672,4,0,0,9.652509652509653E-4,0.0,0.0,0.05,0.8,0.2,0.4,85.0,45.0,70.0,0.05,0.7000000000000001,0.1,0.30000000000000004,85.0,45.0,80.0,2716,2708,8,2716,0.0029455081001472753,0.7415270985451574,1.0,0.7415270985451574,1379,0.5092319054652881,1.0,1
"iteration_1","SCOPE_DATA_COLLECTION",600,28,1750.0,1810.0,2,3522,2612,819,3487,2637,804,3513,2614,825,2,0,2,5.689900426742532E-4,0.0,0.0024183796856106408,0.3172736558390512,0.7665040220204373,1.3959426481774586,0.6345473116781024,0.7665040220204373,0.9306284321183057,0.20296043267862227,0.5164498852333589,0.5903030303030303,97.5,100.0,4144,137,2672,4,0,0,9.652509652509653E-4,0.0,0.0,0.05,0.8,0.2,0.4,85.0,45.0,70.0,0.05,0.7000000000000001,0.1,0.30000000000000004,85.0,45.0,80.0,794,792,2,794,0.0025188916876574307,1.4073449450902171,1.5,0.9382299633934781,476,0.601010101010101,1.0,1
"iteration_1","SCOPE_DATA_COLLECTION",600,29,1810.0,1870.0,0,3515,2716,794,3522,2612,819,3514,2714,787,6,8,2,0.0017045454545454545,0.0029390154298310064,0.0025348542458808617,0.31596805669667505,0.7436858063954965,1.405549297820293,0.6319361133933501,0.7436858063954965,0.9370328652135287,0.1670461013090495,0.5110537951363301,0.5997458703939009,97.5,100.0,4223,145,2657,6,0,10,0.0014207909069381957,0.0,0.003763643206624012,0.05,0.7000000000000001,0.1,0.30000000000000004,85.0,45.0,80.0,0.8500000000000001,0.2,0.30000000000000004,0.8,95.0,55.0,40.0,3499,3496,3,3499,8.573878250928837E-4,0.3169191118114305,0.5,0.633838223622861,590,0.16876430205949658,1.0,1
"iteration_1","SCOPE_DATA_COLLECTION",600,29,1810.0,1870.0,1,3515,2716,794,3522,2612,819,3514,2714,787,6,8,2,0.0017045454545454545,0.0029390154298310064,0.0025348542458808617,0.31596805669667505,0.7436858063954965,1.405549297820293,0.6319361133933501,0.7436858063954965,0.9370328652135287,0.1670461013090495,0.5110537951363301,0.5997458703939009,97.5,100.0,4223,145,2657,6,0,10,0.0014207909069381957,0.0,0.003763643206624012,0.05,0.7000000000000001,0.1,0.30000000000000004,85.0,45.0,80.0,0.8500000000000001,0.2,0.30000000000000004,0.8,95.0,55.0,40.0,2731,2725,6,2731,0.0021969974368363236,0.7627958180527106,1.0,0.7627958180527106,1411,0.5177981651376147,1.0,1
"iteration_1","SCOPE_DATA_COLLECTION",600,29,1810.0,1870.0,2,3515,2716,794,3522,2612,819,3514,2714,787,6,8,2,0.0017045454545454545,0.0029390154298310064,0.0025348542458808617,0.31596805669667505,0.7436858063954965,1.405549297820293,0.6319361133933501,0.7436858063954965,0.9370328652135287,0.1670461013090495,0.5110537951363301,0.5997458703939009,97.5,100.0,4223,145,2657,6,0,10,0.0014207909069381957,0.0,0.003763643206624012,0.05,0.7000000000000001,0.1,0.30000000000000004,85.0,45.0,80.0,0.8500000000000001,0.2,0.30000000000000004,0.8,95.0,55.0,40.0,792,789,3,792,0.003787878787878788,1.3904577035165462,1.5,0.9269718023443642,465,0.5893536121673004,1.0,1
"iteration_1","SCOPE_DATA_COLLECTION",600,30,1870.0,1930.0,0,3499,2731,792,3515,2716,794,3503,2717,793,3,5,3,8.556759840273817E-4,0.0018368846436443791,0.0037688442211055275,0.31756836212084955,0.7623189394065983,1.3905221837452042,0.6351367242416991,0.7623189394065983,0.9270147891634695,0.1707108192977448,0.5178505704821494,0.5901639344262295,100.0,100.0,4305,2317,400,10,1,0,0.0023228803716608595,4.3159257660768235E-4,0.0,0.8500000000000001,0.2,0.30000000000000004,0.8,95.0,55.0,40.0,0.8500000000000001,0.30000000000000004,0.30000000000000004,0.7000000000000001,95.0,55.0,30.0,3684,3678,6,3684,0.0016286644951140066,0.3181192122988305,0.5,0.636238424597661,714,0.19412724306688417,1.0,1
"iteration_1","SCOPE_DATA_COLLECTION",600,30,1870.0,1930.0,1,3499,2731,792,3515,2716,794,3503,2717,793,3,5,3,8.556759840273817E-4,0.0018368846436443791,0.0037688442211055275,0.31756836212084955,0.7623189394065983,1.3905221837452042,0.6351367242416991,0.7623189394065983,0.9270147891634695,0.1707108192977448,0.5178505704821494,0.5901639344262295,100.0,100.0,4305,2317,400,10,1,0,0.0023228803716608595,4.3159257660768235E-4,0.0,0.8500000000000001,0.2,0.30000000000000004,0.8,95.0,55.0,40.0,0.8500000000000001,0.30000000000000004,0.30000000000000004,0.7000000000000001,95.0,55.0,30.0,2772,2766,6,2772,0.0021645021645021645,0.7467214919905552,1.0,0.7467214919905552,1409,0.5093998553868402,1.0,1
"iteration_1","SCOPE_DATA_COLLECTION",600,30,1870.0,1930.0,2,3499,2731,792,3515,2716,794,3503,2717,793,3,5,3,8.556759840273817E-4,0.0018368846436443791,0.0037688442211055275,0.31756836212084955,0.7623189394065983,1.3905221837452042,0.6351367242416991,0.7623189394065983,0.9270147891634695,0.1707108192977448,0.5178505704821494,0.5901639344262295,100.0,100.0,4305,2317,400,10,1,0,0.0023228803716608595,4.3159257660768235E-4,0.0,0.8500000000000001,0.2,0.30000000000000004,0.8,95.0,55.0,40.0,0.8500000000000001,0.30000000000000004,0.30000000000000004,0.7000000000000001,95.0,55.0,30.0,809,804,5,809,0.006180469715698393,1.4034473094279634,1.5,0.9356315396186422,481,0.5982587064676617,1.0,1
"iteration_1","SCOPE_DATA_COLLECTION",600,31,1930.0,1990.0,0,3684,2772,809,3499,2731,792,3668,2766,803,6,7,5,0.001633097441480675,0.0025243418680129825,0.006188118811881188,0.31784579597515744,0.7473615403143645,1.4099075322272168,0.6356915919503149,0.7473615403143645,0.9399383548181445,0.1941112322791712,0.5097613882863341,0.6014943960149439,95.0,100.0,4298,2501,466,16,2,0,0.0037226617031177293,7.996801279488205E-4,0.0,0.8500000000000001,0.30000000000000004,0.30000000000000004,0.7000000000000001,95.0,55.0,30.0,0.75,0.30000000000000004,0.4,0.6000000000000001,85.0,45.0,30.0,3549,3544,5,3549,0.0014088475626937165,0.3102193493769079,0.5,0.6204386987538159,647,0.18256207674943567,1.0,1
"iteration_1","SCOPE_DATA_COLLECTION",600,31,1930.0,1990.0,1,3684,2772,809,3499,2731,792,3668,2766,803,6,7,5,0.001633097441480675,0.0025243418680129825,0.006188118811881188,0.31784579597515744,0.7473615403143645,1.4099075322272168,0.6356915919503149,0.7473615403143645,0.9399383548181445,0.1941112322791712,0.5097613882863341,0.6014943960149439,95.0,100.0,4298,2501,466,16,2,0,0.0037226617031177293,7.996801279488205E-4,0.0,0.8500000000000001,0.30000000000000004,0.30000000000000004,0.7000000000000001,95.0,55.0,30.0,0.75,0.30000000000000004,0.4,0.6000000000000001,85.0,45.0,30.0,2743,2736,7,2743,0.0025519504192489974,0.7685713041012177,1.0,0.7685713041012177,1440,0.5263157894736842,1.0,1
"iteration_1","SCOPE_DATA_COLLECTION",600,31,1930.0,1990.0,2,3684,2772,809,3499,2731,792,3668,2766,803,6,7,5,0.001633097441480675,0.0025243418680129825,0.006188118811881188,0.31784579597515744,0.7473615403143645,1.4099075322272168,0.6356915919503149,0.7473615403143645,0.9399383548181445,0.1941112322791712,0.5097613882863341,0.6014943960149439,95.0,100.0,4298,2501,466,16,2,0,0.0037226617031177293,7.996801279488205E-4,0.0,0.8500000000000001,0.30000000000000004,0.30000000000000004,0.7000000000000001,95.0,55.0,30.0,0.75,0.30000000000000004,0.4,0.6000000000000001,85.0,45.0,30.0,799,796,3,799,0.0037546933667083854,1.4285199991478872,1.5,0.9523466660985914,478,0.6005025125628141,1.0,1
"iteration_1","SCOPE_DATA_COLLECTION",600,32,1990.0,2050.0,0,3549,2743,799,3684,2772,809,3549,2723,793,5,7,3,0.0014068655036578502,0.002564102564102564,0.0037688442211055275,0.3104364775004777,0.7649058310170492,1.4260564933725932,0.6208729550009554,0.7649058310170492,0.9507043289150622,0.18230487461256692,0.5236871098053617,0.6002522068095839,100.0,100.0,4214,2153,724,13,2,0,0.003084954912197437,9.289363678588017E-4,0.0,0.75,0.30000000000000004,0.4,0.6000000000000001,85.0,45.0,30.0,0.75,0.30000000000000004,0.4,0.6000000000000001,85.0,45.0,30.0,3636,3631,5,3636,0.0013751375137513752,0.3135255716123404,0.5,0.6270511432246808,708,0.19498760671991186,1.0,1
"iteration_1","SCOPE_DATA_COLLECTION",600,32,1990.0,2050.0,1,3549,2743,799,3684,2772,809,3549,2723,793,5,7,3,0.0014068655036578502,0.002564102564102564,0.0037688442211055275,0.3104364775004777,0.7649058310170492,1.4260564933725932,0.6208729550009554,0.7649058310170492,0.9507043289150622,0.18230487461256692,0.5236871098053617,0.6002522068095839,100.0,100.0,4214,2153,724,13,2,0,0.003084954912197437,9.289363678588017E-4,0.0,0.75,0.30000000000000004,0.4,0.6000000000000001,85.0,45.0,30.0,0.75,0.30000000000000004,0.4,0.6000000000000001,85.0,45.0,30.0,2612,2607,5,2612,0.0019142419601837673,0.7627849316346057,1.0,0.7627849316346057,1335,0.5120828538550057,1.0,1
"iteration_1","SCOPE_DATA_COLLECTION",600,32,1990.0,2050.0,2,3549,2743,799,3684,2772,809,3549,2723,793,5,7,3,0.0014068655036578502,0.002564102564102564,0.0037688442211055275,0.3104364775004777,0.7649058310170492,1.4260564933725932,0.6208729550009554,0.7649058310170492,0.9507043289150622,0.18230487461256692,0.5236871098053617,0.6002522068095839,100.0,100.0,4214,2153,724,13,2,0,0.003084954912197437,9.289363678588017E-4,0.0,0.75,0.30000000000000004,0.4,0.6000000000000001,85.0,45.0,30.0,0.75,0.30000000000000004,0.4,0.6000000000000001,85.0,45.0,30.0,821,818,3,821,0.0036540803897685747,1.4236972198316356,1.5,0.949131479887757,497,0.6075794621026895,1.0,1
"iteration_1","SCOPE_DATA_COLLECTION",600,33,2050.0,2110.0,0,3636,2612,821,3549,2743,799,3619,2628,826,5,5,3,0.0013796909492273732,0.0018989745537409798,0.0036188178528347406,0.31262353786943237,0.765691682313979,1.4228760317819962,0.6252470757388647,0.765691682313979,0.9485840211879975,0.19397623652942803,0.5144596651445966,0.6065375302663438,95.0,100.0,4221,2144,704,11,2,0,0.002606017531390666,9.328358208955224E-4,0.0,0.75,0.30000000000000004,0.4,0.6000000000000001,85.0,45.0,30.0,0.75,0.30000000000000004,0.4,0.6000000000000001,85.0,45.0,30.0,3508,3503,5,3508,0.0014253135689851768,0.31580219954682165,0.5,0.6316043990936433,700,0.19982871824150727,1.0,1
"iteration_1","SCOPE_DATA_COLLECTION",600,33,2050.0,2110.0,1,3636,2612,821,3549,2743,799,3619,2628,826,5,5,3,0.0013796909492273732,0.0018989745537409798,0.0036188178528347406,0.31262353786943237,0.765691682313979,1.4228760317819962,0.6252470757388647,0.765691682313979,0.9485840211879975,0.19397623652942803,0.5144596651445966,0.6065375302663438,95.0,100.0,4221,2144,704,11,2,0,0.002606017531390666,9.328358208955224E-4,0.0,0.75,0.30000000000000004,0.4,0.6000000000000001,85.0,45.0,30.0,0.75,0.30000000000000004,0.4,0.6000000000000001,85.0,45.0,30.0,2710,2695,15,2710,0.005535055350553505,0.767474195067186,1.0,0.767474195067186,1393,0.5168831168831168,1.0,1
"iteration_1","SCOPE_DATA_COLLECTION",600,33,2050.0,2110.0,2,3636,2612,821,3549,2743,799,3619,2628,826,5,5,3,0.0013796909492273732,0.0018989745537409798,0.0036188178528347406,0.31262353786943237,0.765691682313979,1.4228760317819962,0.6252470757388647,0.765691682313979,0.9485840211879975,0.19397623652942803,0.5144596651445966,0.6065375302663438,95.0,100.0,4221,2144,704,11,2,0,0.002606017531390666,9.328358208955224E-4,0.0,0.75,0.30000000000000004,0.4,0.6000000000000001,85.0,45.0,30.0,0.75,0.30000000000000004,0.4,0.6000000000000001,85.0,45.0,30.0,821,817,4,821,0.0048721071863581,1.4370148060360415,1.5,0.9580098706906943,497,0.6083231334149327,1.0,1
"iteration_1","SCOPE_DATA_COLLECTION",600,34,2110.0,2170.0,0,3508,2710,821,3636,2612,821,3516,2687,810,5,15,4,0.0014200511218403862,0.0055514433752775726,0.004914004914004914,0.31725920084038967,0.7651803886449428,1.4379130941484093,0.6345184016807793,0.7651803886449428,0.9586087294322728,0.20136518771331058,0.5154447339039822,0.608641975308642,97.5,100.0,4211,2091,737,23,1,0,0.005461885537876989,4.7824007651841227E-4,0.0,0.75,0.30000000000000004,0.4,0.6000000000000001,85.0,45.0,30.0,0.65,0.2,0.5,0.5,85.0,35.0,40.0,3575,3572,3,3575,8.391608391608392E-4,0.311741603813618,0.5,0.623483207627236,620,0.17357222844344905,1.0,1
"iteration_1","SCOPE_DATA_COLLECTION",600,34,2110.0,2170.0,1,3508,2710,821,3636,2612,821,3516,2687,810,5,15,4,0.0014200511218403862,0.0055514433752775726,0.004914004914004914,0.31725920084038967,0.7651803886449428,1.4379130941484093,0.6345184016807793,0.7651803886449428,0.9586087294322728,0.20136518771331058,0.5154447339039822,0.608641975308642,97.5,100.0,4211,2091,737,23,1,0,0.005461885537876989,4.7824007651841227E-4,0.0,0.75,0.30000000000000004,0.4,0.6000000000000001,85.0,45.0,30.0,0.65,0.2,0.5,0.5,85.0,35.0,40.0,2673,2668,5,2673,0.0018705574261129816,0.7813136963298246,1.0,0.7813136963298246,1428,0.5352323838080959,1.0,1
"iteration_1","SCOPE_DATA_COLLECTION",600,34,2110.0,2170.0,2,3508,2710,821,3636,2612,821,3516,2687,810,5,15,4,0.0014200511218403862,0.0055514433752775726,0.004914004914004914,0.31725920084038967,0.7651803886449428,1.4379130941484093,0.6345184016807793,0.7651803886449428,0.9586087294322728,0.20136518771331058,0.5154447339039822,0.608641975308642,97.5,100.0,4211,2091,737,23,1,0,0.005461885537876989,4.7824007651841227E-4,0.0,0.75,0.30000000000000004,0.4,0.6000000000000001,85.0,45.0,30.0,0.65,0.2,0.5,0.5,85.0,35.0,40.0,795,792,3,795,0.0037735849056603774,1.395398993525848,1.5,0.9302659956838987,472,0.5959595959595959,1.0,1
"iteration_1","SCOPE_DATA_COLLECTION",600,35,2170.0,2230.0,0,3575,2673,795,3508,2710,821,3559,2675,796,3,5,3,8.422234699606962E-4,0.0018656716417910447,0.0037546933667083854,0.31080513738260745,0.7831993057148043,1.391407089801853,0.6216102747652149,0.7831993057148043,0.9276047265345686,0.17223939308794606,0.5360747663551402,0.5942211055276382,95.0,100.0,4338,1761,944,9,2,0,0.002074688796680498,0.001135718341851221,0.0,0.65,0.2,0.5,0.5,85.0,35.0,40.0,0.65,0.2,0.5,0.6000000000000001,85.0,45.0,40.0,3452,3449,3,3452,8.690614136732329E-4,0.31472278755771127,0.5,0.6294455751154225,564,0.16352565961148158,1.0,1
"iteration_1","SCOPE_DATA_COLLECTION",600,35,2170.0,2230.0,1,3575,2673,795,3508,2710,821,3559,2675,796,3,5,3,8.422234699606962E-4,0.0018656716417910447,0.0037546933667083854,0.31080513738260745,0.7831993057148043,1.391407089801853,0.6216102747652149,0.7831993057148043,0.9276047265345686,0.17223939308794606,0.5360747663551402,0.5942211055276382,95.0,100.0,4338,1761,944,9,2,0,0.002074688796680498,0.001135718341851221,0.0,0.65,0.2,0.5,0.5,85.0,35.0,40.0,0.65,0.2,0.5,0.6000000000000001,85.0,45.0,40.0,2624,2621,3,2624,0.0011432926829268292,0.7727659825539265,1.0,0.7727659825539265,1379,0.5261350629530713,1.0,1
"iteration_1","SCOPE_DATA_COLLECTION",600,35,2170.0,2230.0,2,3575,2673,795,3508,2710,821,3559,2675,796,3,5,3,8.422234699606962E-4,0.0018656716417910447,0.0037546933667083854,0.31080513738260745,0.7831993057148043,1.391407089801853,0.6216102747652149,0.7831993057148043,0.9276047265345686,0.17223939308794606,0.5360747663551402,0.5942211055276382,95.0,100.0,4338,1761,944,9,2,0,0.002074688796680498,0.001135718341851221,0.0,0.65,0.2,0.5,0.5,85.0,35.0,40.0,0.65,0.2,0.5,0.6000000000000001,85.0,45.0,40.0,812,805,7,812,0.008620689655172414,1.4375246157754864,1.5,0.9583497438503242,492,0.6111801242236025,1.0,1
"iteration_1","SCOPE_DATA_COLLECTION",600,36,2230.0,2290.0,0,3452,2624,812,3575,2673,795,3455,2607,805,3,3,7,8.675534991324465E-4,0.0011494252873563218,0.008620689655172414,0.3147540306116592,0.7684752189951918,1.4400501695819143,0.6295080612233184,0.7684752189951918,0.9600334463879429,0.1638205499276411,0.5239739163789797,0.613664596273292,100.0,100.0,4255,1709,924,11,2,0,0.0025851938895417154,0.0011702750146284377,0.0,0.65,0.2,0.5,0.6000000000000001,85.0,45.0,40.0,0.75,0.1,0.4,0.6000000000000001,95.0,55.0,30.0,3642,3636,6,3642,0.0016474464579901153,0.3011604384738967,0.5,0.6023208769477933,504,0.13861386138613863,1.0,1
"iteration_1","SCOPE_DATA_COLLECTION",600,36,2230.0,2290.0,1,3452,2624,812,3575,2673,795,3455,2607,805,3,3,7,8.675534991324465E-4,0.0011494252873563218,0.008620689655172414,0.3147540306116592,0.7684752189951918,1.4400501695819143,0.6295080612233184,0.7684752189951918,0.9600334463879429,0.1638205499276411,0.5239739163789797,0.613664596273292,100.0,100.0,4255,1709,924,11,2,0,0.0025851938895417154,0.0011702750146284377,0.0,0.65,0.2,0.5,0.6000000000000001,85.0,45.0,40.0,0.75,0.1,0.4,0.6000000000000001,95.0,55.0,30.0,2638,2633,5,2638,0.0018953752843062926,0.781090320606954,1.0,0.781090320606954,1413,0.5366502088872009,1.0,1
"iteration_1","SCOPE_DATA_COLLECTION",600,36,2230.0,2290.0,2,3452,2624,812,3575,2673,795,3455,2607,805,3,3,7,8.675534991324465E-4,0.0011494252873563218,0.008620689655172414,0.3147540306116592,0.7684752189951918,1.4400501695819143,0.6295080612233184,0.7684752189951918,0.9600334463879429,0.1638205499276411,0.5239739163789797,0.613664596273292,100.0,100.0,4255,1709,924,11,2,0,0.0025851938895417154,0.0011702750146284377,0.0,0.65,0.2,0.5,0.6000000000000001,85.0,45.0,40.0,0.75,0.1,0.4,0.6000000000000001,95.0,55.0,30.0,821,817,4,821,0.0048721071863581,1.4486015362215978,1.5,0.9657343574810652,505,0.6181150550795593,1.0,1
"iteration_1","SCOPE_DATA_COLLECTION",600,37,2290.0,2350.0,0,3642,2638,821,3452,2624,812,3641,2637,812,6,5,4,0.0016451878256100905,0.0018925056775170325,0.004901960784313725,0.301049827591669,0.783729966920844,1.443472774095498,0.602099655183338,0.783729966920844,0.962315182730332,0.13787421038176326,0.5388699279484263,0.6145320197044335,92.5,100.0,4353,2044,704,12,3,0,0.0027567195037904893,0.0014677103718199608,0.0,0.75,0.1,0.4,0.6000000000000001,95.0,55.0,30.0,0.75,0.1,0.30000000000000004,0.5,85.0,65.0,30.0,3489,3486,3,3489,8.598452278589854E-4,0.31694855006152545,0.5,0.6338971001230509,576,0.16523235800344235,1.0,1
"iteration_1","SCOPE_DATA_COLLECTION",600,37,2290.0,2350.0,1,3642,2638,821,3452,2624,812,3641,2637,812,6,5,4,0.0016451878256100905,0.0018925056775170325,0.004901960784313725,0.301049827591669,0.783729966920844,1.443472774095498,0.602099655183338,0.783729966920844,0.962315182730332,0.13787421038176326,0.5388699279484263,0.6145320197044335,92.5,100.0,4353,2044,704,12,3,0,0.0027567195037904893,0.0014677103718199608,0.0,0.75,0.1,0.4,0.6000000000000001,95.0,55.0,30.0,0.75,0.1,0.30000000000000004,0.5,85.0,65.0,30.0,2661,2656,5,2661,0.0018789928598271326,0.7954189888547897,1.0,0.7954189888547897,1450,0.545933734939759,1.0,1
"iteration_1","SCOPE_DATA_COLLECTION",600,37,2290.0,2350.0,2,3642,2638,821,3452,2624,812,3641,2637,812,6,5,4,0.0016451878256100905,0.0018925056775170325,0.004901960784313725,0.301049827591669,0.783729966920844,1.443472774095498,0.602099655183338,0.783729966920844,0.962315182730332,0.13787421038176326,0.5388699279484263,0.6145320197044335,92.5,100.0,4353,2044,704,12,3,0,0.0027567195037904893,0.0014677103718199608,0.0,0.75,0.1,0.4,0.6000000000000001,95.0,55.0,30.0,0.75,0.1,0.30000000000000004,0.5,85.0,65.0,30.0,794,790,4,794,0.005037783375314861,1.4833109585414,1.5,0.9888739723609333,507,0.6417721518987342,1.0,1
"iteration_1","SCOPE_DATA_COLLECTION",600,38,2350.0,2410.0,0,3489,2661,794,3642,2638,821,3490,2644,791,3,5,4,8.588605782994561E-4,0.001887504718761797,0.005031446540880503,0.3172825862635021,0.7923432386381573,1.485414781562611,0.6345651725270042,0.7923432386381573,0.9902765210417407,0.16590257879656162,0.5431164901664145,0.6422250316055625,95.0,100.0,4383,1917,644,10,2,0,0.0022815423226100846,0.0010432968179447052,0.0,0.75,0.1,0.30000000000000004,0.5,85.0,65.0,30.0,0.65,0.2,0.30000000000000004,0.4,85.0,55.0,30.0,3462,3457,5,3462,0.0014442518775274408,0.32198686966034606,0.5,0.6439737393206921,657,0.190049175585768,1.0,1
"iteration_1","SCOPE_DATA_COLLECTION",600,38,2350.0,2410.0,1,3489,2661,794,3642,2638,821,3490,2644,791,3,5,4,8.588605782994561E-4,0.001887504718761797,0.005031446540880503,0.3172825862635021,0.7923432386381573,1.485414781562611,0.6345651725270042,0.7923432386381573,0.9902765210417407,0.16590257879656162,0.5431164901664145,0.6422250316055625,95.0,100.0,4383,1917,644,10,2,0,0.0022815423226100846,0.0010432968179447052,0.0,0.75,0.1,0.30000000000000004,0.5,85.0,65.0,30.0,0.65,0.2,0.30000000000000004,0.4,85.0,55.0,30.0,2670,2667,3,2670,0.0011235955056179776,0.7730903065124645,1.0,0.7730903065124645,1425,0.5343082114735658,1.0,1
"iteration_1","SCOPE_DATA_COLLECTION",600,38,2350.0,2410.0,2,3489,2661,794,3642,2638,821,3490,2644,791,3,5,4,8.588605782994561E-4,0.001887504718761797,0.005031446540880503,0.3172825862635021,0.7923432386381573,1.485414781562611,0.6345651725270042,0.7923432386381573,0.9902765210417407,0.16590257879656162,0.5431164901664145,0.6422250316055625,95.0,100.0,4383,1917,644,10,2,0,0.0022815423226100846,0.0010432968179447052,0.0,0.75,0.1,0.30000000000000004,0.5,85.0,65.0,30.0,0.65,0.2,0.30000000000000004,0.4,85.0,55.0,30.0,804,801,3,804,0.0037313432835820895,1.369300274812123,1.5,0.9128668498747486,465,0.5805243445692884,1.0,1
"iteration_1","SCOPE_DATA_COLLECTION",600,39,2410.0,2470.0,0,3462,2670,804,3489,2661,794,3457,2680,805,5,3,3,0.0014442518775274408,0.0011181513231457323,0.0037128712871287127,0.3221366057615103,0.775737573388454,1.3741683932821909,0.6442732115230206,0.775737573388454,0.9161122621881272,0.19091698004049754,0.5369402985074627,0.5826086956521739,97.5,100.0,4318,1690,928,11,0,0,0.0025474756831866605,0.0,0.0,0.65,0.2,0.30000000000000004,0.4,85.0,55.0,30.0,0.35000000000000003,0.6000000000000001,0.6000000000000001,0.7000000000000001,90.0,55.0,45.0,3525,3523,2,3525,5.673758865248227E-4,0.3172943831269423,0.5,0.6345887662538846,723,0.20522282145898382,1.0,1
"iteration_1","SCOPE_DATA_COLLECTION",600,39,2410.0,2470.0,1,3462,2670,804,3489,2661,794,3457,2680,805,5,3,3,0.0014442518775274408,0.0011181513231457323,0.0037128712871287127,0.3221366057615103,0.775737573388454,1.3741683932821909,0.6442732115230206,0.775737573388454,0.9161122621881272,0.19091698004049754,0.5369402985074627,0.5826086956521739,97.5,100.0,4318,1690,928,11,0,0,0.0025474756831866605,0.0,0.0,0.65,0.2,0.30000000000000004,0.4,85.0,55.0,30.0,0.35000000000000003,0.6000000000000001,0.6000000000000001,0.7000000000000001,90.0,55.0,45.0,2635,2629,6,2635,0.0022770398481973433,0.7930327717214393,1.0,0.7930327717214393,1443,0.5488779003423355,1.0,1
"iteration_1","SCOPE_DATA_COLLECTION",600,39,2410.0,2470.0,2,3462,2670,804,3489,2661,794,3457,2680,805,5,3,3,0.0014442518775274408,0.0011181513231457323,0.0037128712871287127,0.3221366057615103,0.775737573388454,1.3741683932821909,0.6442732115230206,0.775737573388454,0.9161122621881272,0.19091698004049754,0.5369402985074627,0.5826086956521739,97.5,100.0,4318,1690,928,11,0,0,0.0025474756831866605,0.0,0.0,0.65,0.2,0.30000000000000004,0.4,85.0,55.0,30.0,0.35000000000000003,0.6000000000000001,0.6000000000000001,0.7000000000000001,90.0,55.0,45.0,752,749,3,752,0.003989361702127659,1.4257298659525524,1.5,0.9504865773017016,456,0.6088117489986649,1.0,1
"iteration_1","SCOPE_DATA_COLLECTION",600,40,2470.0,2530.0,0,3525,2635,752,3462,2670,804,3525,2631,742,2,6,3,5.670541536716756E-4,0.0022753128555176336,0.004026845637583893,0.31723862850730805,0.7936142058877876,1.4225133609644987,0.6344772570146161,0.7936142058877876,0.9483422406429991,0.20453900709219858,0.5480805777271,0.6064690026954178,100.0,100.0,4209,947,1756,10,1,0,0.0023758612497030173,0.0010559662090813093,0.0,0.35000000000000003,0.6000000000000001,0.6000000000000001,0.7000000000000001,90.0,55.0,45.0,0.25,0.6000000000000001,0.7000000000000001,0.7000000000000001,95.0,55.0,55.0,3565,3560,5,3565,0.001402524544179523,0.3181199001828699,0.5,0.6362398003657398,725,0.20365168539325842,1.0,1
"iteration_1","SCOPE_DATA_COLLECTION",600,40,2470.0,2530.0,1,3525,2635,752,3462,2670,804,3525,2631,742,2,6,3,5.670541536716756E-4,0.0022753128555176336,0.004026845637583893,0.31723862850730805,0.7936142058877876,1.4225133609644987,0.6344772570146161,0.7936142058877876,0.9483422406429991,0.20453900709219858,0.5480805777271,0.6064690026954178,100.0,100.0,4209,947,1756,10,1,0,0.0023758612497030173,0.0010559662090813093,0.0,0.35000000000000003,0.6000000000000001,0.6000000000000001,0.7000000000000001,90.0,55.0,45.0,0.25,0.6000000000000001,0.7000000000000001,0.7000000000000001,95.0,55.0,55.0,2704,2698,6,2704,0.0022189349112426036,0.7967596123649151,1.0,0.7967596123649151,1436,0.5322461082283173,1.0,1
"iteration_1","SCOPE_DATA_COLLECTION",600,40,2470.0,2530.0,2,3525,2635,752,3462,2670,804,3525,2631,742,2,6,3,5.670541536716756E-4,0.0022753128555176336,0.004026845637583893,0.31723862850730805,0.7936142058877876,1.4225133609644987,0.6344772570146161,0.7936142058877876,0.9483422406429991,0.20453900709219858,0.5480805777271,0.6064690026954178,100.0,100.0,4209,947,1756,10,1,0,0.0023758612497030173,0.0010559662090813093,0.0,0.35000000000000003,0.6000000000000001,0.6000000000000001,0.7000000000000001,90.0,55.0,45.0,0.25,0.6000000000000001,0.7000000000000001,0.7000000000000001,95.0,55.0,55.0,724,719,5,724,0.006906077348066298,1.4820169061052206,1.5,0.9880112707368137,452,0.6286509040333796,1.0,1
"iteration_1","SCOPE_DATA_COLLECTION",600,41,2530.0,2590.0,0,3565,2704,724,3525,2635,752,3550,2691,722,5,6,5,0.0014064697609001407,0.002224694104560623,0.0068775790921595595,0.31721004588489476,0.7965254643782977,1.477211539581981,0.6344200917697895,0.7965254643782977,0.984807693054654,0.20140845070422536,0.5321441843180974,0.628808864265928,95.0,100.0,4245,656,2092,16,0,0,0.003769140164899882,0.0,0.0,0.25,0.6000000000000001,0.7000000000000001,0.7000000000000001,95.0,55.0,55.0,0.25,0.7000000000000001,0.8,0.7000000000000001,85.0,55.0,65.0,3482,3477,5,3482,0.0014359563469270534,0.32223860806862703,0.5,0.6444772161372541,728,0.2093758987633017,1.0,1
"iteration_1","SCOPE_DATA_COLLECTION",600,41,2530.0,2590.0,1,3565,2704,724,3525,2635,752,3550,2691,722,5,6,5,0.0014064697609001407,0.002224694104560623,0.0068775790921595595,0.31721004588489476,0.7965254643782977,1.477211539581981,0.6344200917697895,0.7965254643782977,0.984807693054654,0.20140845070422536,0.5321441843180974,0.628808864265928,95.0,100.0,4245,656,2092,16,0,0,0.003769140164899882,0.0,0.0,0.25,0.6000000000000001,0.7000000000000001,0.7000000000000001,95.0,55.0,55.0,0.25,0.7000000000000001,0.8,0.7000000000000001,85.0,55.0,65.0,2609,2598,11,2609,0.004216174779609045,0.7967248277878862,1.0,0.7967248277878862,1396,0.5373364126250962,1.0,1
"iteration_1","SCOPE_DATA_COLLECTION",600,41,2530.0,2590.0,2,3565,2704,724,3525,2635,752,3550,2691,722,5,6,5,0.0014064697609001407,0.002224694104560623,0.0068775790921595595,0.31721004588489476,0.7965254643782977,1.477211539581981,0.6344200917697895,0.7965254643782977,0.984807693054654,0.20140845070422536,0.5321441843180974,0.628808864265928,95.0,100.0,4245,656,2092,16,0,0,0.003769140164899882,0.0,0.0,0.25,0.6000000000000001,0.7000000000000001,0.7000000000000001,95.0,55.0,55.0,0.25,0.7000000000000001,0.8,0.7000000000000001,85.0,55.0,65.0,804,797,7,804,0.008706467661691543,1.4407567289478167,1.5,0.9605044859652111,483,0.6060225846925973,1.0,1
"iteration_1","SCOPE_DATA_COLLECTION",600,42,2590.0,2650.0,0,3482,2609,804,3565,2704,724,3476,2598,796,5,11,7,0.0014363688595231256,0.004216174779609045,0.008717310087173101,0.3217944205639558,0.7951357368225049,1.4364341749986738,0.6435888411279116,0.7951357368225049,0.9576227833324492,0.20857307249712312,0.5373364126250962,0.6042713567839196,100.0,100.0,4197,685,2013,23,0,0,0.005480104836788182,0.0,0.0,0.25,0.7000000000000001,0.8,0.7000000000000001,85.0,55.0,65.0,0.35000000000000003,0.8,0.8,0.7000000000000001,95.0,65.0,75.0,3472,3471,1,3472,2.880184331797235E-4,0.325154596174958,0.5,0.650309192349916,763,0.21982137712474792,1.0,1
"iteration_1","SCOPE_DATA_COLLECTION",600,42,2590.0,2650.0,1,3482,2609,804,3565,2704,724,3476,2598,796,5,11,7,0.0014363688595231256,0.004216174779609045,0.008717310087173101,0.3217944205639558,0.7951357368225049,1.4364341749986738,0.6435888411279116,0.7951357368225049,0.9576227833324492,0.20857307249712312,0.5373364126250962,0.6042713567839196,100.0,100.0,4197,685,2013,23,0,0,0.005480104836788182,0.0,0.0,0.25,0.7000000000000001,0.8,0.7000000000000001,85.0,55.0,65.0,0.35000000000000003,0.8,0.8,0.7000000000000001,95.0,65.0,75.0,2631,2626,5,2631,0.0019004180919802356,0.771169102209529,1.0,0.771169102209529,1351,0.5144706778370145,1.0,1
"iteration_1","SCOPE_DATA_COLLECTION",600,42,2590.0,2650.0,2,3482,2609,804,3565,2704,724,3476,2598,796,5,11,7,0.0014363688595231256,0.004216174779609045,0.008717310087173101,0.3217944205639558,0.7951357368225049,1.4364341749986738,0.6435888411279116,0.7951357368225049,0.9576227833324492,0.20857307249712312,0.5373364126250962,0.6042713567839196,100.0,100.0,4197,685,2013,23,0,0,0.005480104836788182,0.0,0.0,0.25,0.7000000000000001,0.8,0.7000000000000001,85.0,55.0,65.0,0.35000000000000003,0.8,0.8,0.7000000000000001,95.0,65.0,75.0,811,803,8,811,0.009864364981504316,1.458421305592779,1.5,0.9722808703951861,499,0.6214196762141968,1.0,1
"iteration_1","SCOPE_DATA_COLLECTION",600,43,2650.0,2710.0,0,3472,2631,811,3482,2609,804,3463,2633,801,1,5,8,2.886836027713626E-4,0.0018953752843062926,0.009888751545117428,0.3244604598300764,0.772881480912115,1.4595982012767335,0.6489209196601528,0.772881480912115,0.9730654675178223,0.21830782558475312,0.5161412837067983,0.6204744069912609,95.0,100.0,4160,959,1795,14,0,0,0.0033653846153846156,0.0,0.0,0.35000000000000003,0.8,0.8,0.7000000000000001,95.0,65.0,75.0,0.35000000000000003,0.7000000000000001,0.9,0.7000000000000001,95.0,75.0,85.0,3520,3513,7,3520,0.0019886363636363634,0.3280025361834448,0.5,0.6560050723668897,760,0.21633931113008825,1.0,1
"iteration_1","SCOPE_DATA_COLLECTION",600,43,2650.0,2710.0,1,3472,2631,811,3482,2609,804,3463,2633,801,1,5,8,2.886836027713626E-4,0.0018953752843062926,0.009888751545117428,0.3244604598300764,0.772881480912115,1.4595982012767335,0.6489209196601528,0.772881480912115,0.9730654675178223,0.21830782558475312,0.5161412837067983,0.6204744069912609,95.0,100.0,4160,959,1795,14,0,0,0.0033653846153846156,0.0,0.0,0.35000000000000003,0.8,0.8,0.7000000000000001,95.0,65.0,75.0,0.35000000000000003,0.7000000000000001,0.9,0.7000000000000001,95.0,75.0,85.0,2698,2691,7,2698,0.0025945144551519643,0.7965866796937782,1.0,0.7965866796937782,1447,0.5377183203270159,1.0,1
"iteration_1","SCOPE_DATA_COLLECTION",600,43,2650.0,2710.0,2,3472,2631,811,3482,2609,804,3463,2633,801,1,5,8,2.886836027713626E-4,0.0018953752843062926,0.009888751545117428,0.3244604598300764,0.772881480912115,1.4595982012767335,0.6489209196601528,0.772881480912115,0.9730654675178223,0.21830782558475312,0.5161412837067983,0.6204744069912609,95.0,100.0,4160,959,1795,14,0,0,0.0033653846153846156,0.0,0.0,0.35000000000000003,0.8,0.8,0.7000000000000001,95.0,65.0,75.0,0.35000000000000003,0.7000000000000001,0.9,0.7000000000000001,95.0,75.0,85.0,757,751,6,757,0.007926023778071334,1.4270002222435776,1.5,0.9513334814957184,448,0.596537949400799,1.0,1
"iteration_1","SCOPE_DATA_COLLECTION",600,44,2710.0,2770.0,0,3520,2698,757,3472,2631,811,3522,2690,756,7,7,6,0.0019835647492207425,0.0025954764553207266,0.007874015748031496,0.32946093686484174,0.7975184047102177,1.4347875600226927,0.6589218737296835,0.7975184047102177,0.9565250400151285,0.21947756956274844,0.5368029739776952,0.6005291005291006,100.0,100.0,4231,949,1795,18,2,0,0.004254313401087214,0.002107481559536354,0.0,0.35000000000000003,0.7000000000000001,0.9,0.7000000000000001,95.0,75.0,85.0,0.25,0.8,0.9,0.6000000000000001,85.0,75.0,75.0,3602,3602,0,3602,0.0,0.3271182946973665,0.5,0.654236589394733,759,0.21071626873958912,1.0,1
"iteration_1","SCOPE_DATA_COLLECTION",600,44,2710.0,2770.0,1,3520,2698,757,3472,2631,811,3522,2690,756,7,7,6,0.0019835647492207425,0.0025954764553207266,0.007874015748031496,0.32946093686484174,0.7975184047102177,1.4347875600226927,0.6589218737296835,0.7975184047102177,0.9565250400151285,0.21947756956274844,0.5368029739776952,0.6005291005291006,100.0,100.0,4231,949,1795,18,2,0,0.004254313401087214,0.002107481559536354,0.0,0.35000000000000003,0.7000000000000001,0.9,0.7000000000000001,95.0,75.0,85.0,0.25,0.8,0.9,0.6000000000000001,85.0,75.0,75.0,2637,2635,2,2637,7.584376185058779E-4,0.7742362666057315,1.0,0.7742362666057315,1351,0.5127134724857685,1.0,1
"iteration_1","SCOPE_DATA_COLLECTION",600,44,2710.0,2770.0,2,3520,2698,757,3472,2631,811,3522,2690,756,7,7,6,0.0019835647492207425,0.0025954764553207266,0.007874015748031496,0.32946093686484174,0.7975184047102177,1.4347875600226927,0.6589218737296835,0.7975184047102177,0.9565250400151285,0.21947756956274844,0.5368029739776952,0.6005291005291006,100.0,100.0,4231,949,1795,18,2,0,0.004254313401087214,0.002107481559536354,0.0,0.35000000000000003,0.7000000000000001,0.9,0.7000000000000001,95.0,75.0,85.0,0.25,0.8,0.9,0.6000000000000001,85.0,75.0,75.0,811,805,6,811,0.007398273736128237,1.46753222489325,1.5,0.9783548165955,496,0.6161490683229813,1.0,1
"iteration_1","SCOPE_DATA_COLLECTION",600,45,2770.0,2830.0,0,3602,2637,811,3520,2698,757,3602,2632,808,0,2,6,0.0,7.593014426727411E-4,0.007371007371007371,0.3268262100896681,0.7715100339209595,1.4692121288087396,0.6536524201793362,0.7715100339209595,0.9794747525391597,0.21127151582454193,0.5098784194528876,0.6175742574257426,97.5,100.0,4200,716,2134,8,0,0,0.0019047619047619048,0.0,0.0,0.25,0.8,0.9,0.6000000000000001,85.0,75.0,75.0,0.45,0.9,0.8,0.9,85.0,25.0,70.0,3471,3466,5,3471,0.0014405070584845865,0.32056164203011883,0.5,0.6411232840602377,724,0.2088863242931333,1.0,1
"iteration_1","SCOPE_DATA_COLLECTION",600,45,2770.0,2830.0,1,3602,2637,811,3520,2698,757,3602,2632,808,0,2,6,0.0,7.593014426727411E-4,0.007371007371007371,0.3268262100896681,0.7715100339209595,1.4692121288087396,0.6536524201793362,0.7715100339209595,0.9794747525391597,0.21127151582454193,0.5098784194528876,0.6175742574257426,97.5,100.0,4200,716,2134,8,0,0,0.0019047619047619048,0.0,0.0,0.25,0.8,0.9,0.6000000000000001,85.0,75.0,75.0,0.45,0.9,0.8,0.9,85.0,25.0,70.0,2677,2669,8,2677,0.0029884198729921555,0.777255734329721,1.0,0.777255734329721,1403,0.5256650430872987,1.0,1
"iteration_1","SCOPE_DATA_COLLECTION",600,45,2770.0,2830.0,2,3602,2637,811,3520,2698,757,3602,2632,808,0,2,6,0.0,7.593014426727411E-4,0.007371007371007371,0.3268262100896681,0.7715100339209595,1.4692121288087396,0.6536524201793362,0.7715100339209595,0.9794747525391597,0.21127151582454193,0.5098784194528876,0.6175742574257426,97.5,100.0,4200,716,2134,8,0,0,0.0019047619047619048,0.0,0.0,0.25,0.8,0.9,0.6000000000000001,85.0,75.0,75.0,0.45,0.9,0.8,0.9,85.0,25.0,70.0,767,758,9,767,0.011734028683181226,1.460690363167854,1.5,0.973793575445236,468,0.6174142480211082,1.0,1
"iteration_1","SCOPE_DATA_COLLECTION",600,46,2830.0,2890.0,0,3471,2677,767,3602,2637,811,3475,2682,751,5,8,9,0.0014367816091954023,0.002973977695167286,0.011842105263157895,0.3211710748377487,0.7806659579701956,1.4538369432165148,0.6423421496754974,0.7806659579701956,0.9692246288110099,0.2092086330935252,0.5298284862043251,0.6138482023968043,97.5,100.0,4168,1231,1516,21,1,0,0.005038387715930902,8.123476848090983E-4,0.0,0.45,0.9,0.8,0.9,85.0,25.0,70.0,0.55,0.9,0.7000000000000001,0.9,75.0,20.0,60.0,3403,3401,2,3403,5.877167205406994E-4,0.32107854972369476,0.5,0.6421570994473895,709,0.20846809761834756,1.0,1
"iteration_1","SCOPE_DATA_COLLECTION",600,46,2830.0,2890.0,1,3471,2677,767,3602,2637,811,3475,2682,751,5,8,9,0.0014367816091954023,0.002973977695167286,0.011842105263157895,0.3211710748377487,0.7806659579701956,1.4538369432165148,0.6423421496754974,0.7806659579701956,0.9692246288110099,0.2092086330935252,0.5298284862043251,0.6138482023968043,97.5,100.0,4168,1231,1516,21,1,0,0.005038387715930902,8.123476848090983E-4,0.0,0.45,0.9,0.8,0.9,85.0,25.0,70.0,0.55,0.9,0.7000000000000001,0.9,75.0,20.0,60.0,2613,2609,4,2613,0.0015308075009567547,0.7973051495824539,1.0,0.7973051495824539,1406,0.5389037945573016,1.0,1
"iteration_1","SCOPE_DATA_COLLECTION",600,46,2830.0,2890.0,2,3471,2677,767,3602,2637,811,3475,2682,751,5,8,9,0.0014367816091954023,0.002973977695167286,0.011842105263157895,0.3211710748377487,0.7806659579701956,1.4538369432165148,0.6423421496754974,0.7806659579701956,0.9692246288110099,0.2092086330935252,0.5298284862043251,0.6138482023968043,97.5,100.0,4168,1231,1516,21,1,0,0.005038387715930902,8.123476848090983E-4,0.0,0.45,0.9,0.8,0.9,85.0,25.0,70.0,0.55,0.9,0.7000000000000001,0.9,75.0,20.0,60.0,832,822,10,832,0.01201923076923077,1.4510023478203389,1.5,0.9673348985468926,507,0.6167883211678832,1.0,1
"iteration_1","SCOPE_DATA_COLLECTION",600,47,2890.0,2950.0,0,3403,2613,832,3471,2677,767,3388,2597,825,2,4,9,5.899705014749262E-4,0.0015378700499807767,0.01079136690647482,0.3199406471710598,0.7953143829083572,1.4562357540461204,0.6398812943421196,0.7953143829083572,0.970823836030747,0.20631641086186542,0.5379283788987294,0.6193939393939394,97.5,100.0,4143,1466,1239,14,1,0,0.0033791938209027277,6.821282401091405E-4,0.0,0.55,0.9,0.7000000000000001,0.9,75.0,20.0,60.0,0.65,0.8,0.6000000000000001,0.8,75.0,30.0,60.0,3430,3425,5,3430,0.0014577259475218659,0.32410937509812093,0.5,0.6482187501962419,716,0.20905109489051094,1.0,1
"iteration_1","SCOPE_DATA_COLLECTION",600,47,2890.0,2950.0,1,3403,2613,832,3471,2677,767,3388,2597,825,2,4,9,5.899705014749262E-4,0.0015378700499807767,0.01079136690647482,0.3199406471710598,0.7953143829083572,1.4562357540461204,0.6398812943421196,0.7953143829083572,0.970823836030747,0.20631641086186542,0.5379283788987294,0.6193939393939394,97.5,100.0,4143,1466,1239,14,1,0,0.0033791938209027277,6.821282401091405E-4,0.0,0.55,0.9,0.7000000000000001,0.9,75.0,20.0,60.0,0.65,0.8,0.6000000000000001,0.8,75.0,30.0,60.0,2690,2683,7,2690,0.0026022304832713753,0.7825358855488146,1.0,0.7825358855488146,1429,0.5326127469250839,1.0,1
"iteration_1","SCOPE_DATA_COLLECTION",600,47,2890.0,2950.0,2,3403,2613,832,3471,2677,767,3388,2597,825,2,4,9,5.899705014749262E-4,0.0015378700499807767,0.01079136690647482,0.3199406471710598,0.7953143829083572,1.4562357540461204,0.6398812943421196,0.7953143829083572,0.970823836030747,0.20631641086186542,0.5379283788987294,0.6193939393939394,97.5,100.0,4143,1466,1239,14,1,0,0.0033791938209027277,6.821282401091405E-4,0.0,0.55,0.9,0.7000000000000001,0.9,75.0,20.0,60.0,0.65,0.8,0.6000000000000001,0.8,75.0,30.0,60.0,770,764,6,770,0.007792207792207792,1.4195531697380297,1.5,0.9463687798253532,458,0.599476439790576,1.0,1
"iteration_1","SCOPE_DATA_COLLECTION",600,48,2950.0,3010.0,0,3430,2690,770,3403,2613,832,3436,2695,763,5,7,7,0.0014530659691950015,0.0025906735751295338,0.00909090909090909,0.32533137626914815,0.7842358855478512,1.4182446021617403,0.6506627525382963,0.7842358855478512,0.9454964014411602,0.21158323632130385,0.5320964749536178,0.5976408912188729,95.0,100.0,4175,1784,931,18,1,0,0.004311377245508982,5.605381165919282E-4,0.0,0.65,0.8,0.6000000000000001,0.8,75.0,30.0,60.0,0.75,0.7000000000000001,0.7000000000000001,0.7000000000000001,65.0,40.0,50.0,3526,3526,0,3526,0.0,0.32542136994044624,0.5,0.6508427398808925,714,0.20249574588769143,1.0,1
"iteration_1","SCOPE_DATA_COLLECTION",600,48,2950.0,3010.0,1,3430,2690,770,3403,2613,832,3436,2695,763,5,7,7,0.0014530659691950015,0.0025906735751295338,0.00909090909090909,0.32533137626914815,0.7842358855478512,1.4182446021617403,0.6506627525382963,0.7842358855478512,0.9454964014411602,0.21158323632130385,0.5320964749536178,0.5976408912188729,95.0,100.0,4175,1784,931,18,1,0,0.004311377245508982,5.605381165919282E-4,0.0,0.65,0.8,0.6000000000000001,0.8,75.0,30.0,60.0,0.75,0.7000000000000001,0.7000000000000001,0.7000000000000001,65.0,40.0,50.0,2616,2607,9,2616,0.0034403669724770644,0.791137120065169,1.0,0.791137120065169,1413,0.5420023014959724,1.0,1
"iteration_1","SCOPE_DATA_COLLECTION",600,48,2950.0,3010.0,2,3430,2690,770,3403,2613,832,3436,2695,763,5,7,7,0.0014530659691950015,0.0025906735751295338,0.00909090909090909,0.32533137626914815,0.7842358855478512,1.4182446021617403,0.6506627525382963,0.7842358855478512,0.9454964014411602,0.21158323632130385,0.5320964749536178,0.5976408912188729,95.0,100.0,4175,1784,931,18,1,0,0.004311377245508982,5.605381165919282E-4,0.0,0.65,0.8,0.6000000000000001,0.8,75.0,30.0,60.0,0.75,0.7000000000000001,0.7000000000000001,0.7000000000000001,65.0,40.0,50.0,779,776,3,779,0.0038510911424903724,1.3921465526906889,1.5,0.9280977017937926,448,0.5773195876288659,1.0,1
"iteration_1","SCOPE_DATA_COLLECTION",600,49,3010.0,3070.0,0,3526,2616,779,3430,2690,770,3523,2592,782,0,9,3,0.0,0.0034602076124567475,0.003821656050955414,0.32534358936433744,0.7897700117018395,1.3915706915189139,0.6506871787286749,0.7897700117018395,0.9277137943459426,0.2029520295202952,0.5412808641975309,0.5792838874680307,95.0,100.0,4262,1939,720,12,0,0,0.0028155795401220087,0.0,0.0,0.75,0.7000000000000001,0.7000000000000001,0.7000000000000001,65.0,40.0,50.0,0.75,0.6000000000000001,0.6000000000000001,0.6000000000000001,55.0,30.0,60.0,3589,3585,4,3589,0.0011145165784341043,0.3239555773852114,0.5,0.6479111547704228,789,0.2200836820083682,1.0,1
"iteration_1","SCOPE_DATA_COLLECTION",600,49,3010.0,3070.0,1,3526,2616,779,3430,2690,770,3523,2592,782,0,9,3,0.0,0.0034602076124567475,0.003821656050955414,0.32534358936433744,0.7897700117018395,1.3915706915189139,0.6506871787286749,0.7897700117018395,0.9277137943459426,0.2029520295202952,0.5412808641975309,0.5792838874680307,95.0,100.0,4262,1939,720,12,0,0,0.0028155795401220087,0.0,0.0,0.75,0.7000000000000001,0.7000000000000001,0.7000000000000001,65.0,40.0,50.0,0.75,0.6000000000000001,0.6000000000000001,0.6000000000000001,55.0,30.0,60.0,2617,2611,6,2617,0.0022927015666794038,0.7767443742532733,1.0,0.7767443742532733,1359,0.5204902336269629,1.0,1
"iteration_1","SCOPE_DATA_COLLECTION",600,49,3010.0,3070.0,2,3526,2616,779,3430,2690,770,3523,2592,782,0,9,3,0.0,0.0034602076124567475,0.003821656050955414,0.32534358936433744,0.7897700117018395,1.3915706915189139,0.6506871787286749,0.7897700117018395,0.9277137943459426,0.2029520295202952,0.5412808641975309,0.5792838874680307,95.0,100.0,4262,1939,720,12,0,0,0.0028155795401220087,0.0,0.0,0.75,0.7000000000000001,0.7000000000000001,0.7000000000000001,65.0,40.0,50.0,0.75,0.6000000000000001,0.6000000000000001,0.6000000000000001,55.0,30.0,60.0,804,799,5,804,0.006218905472636816,1.456447827026005,1.5,0.9709652180173367,492,0.6157697121401752,1.0,1
"iteration_1","SCOPE_DATA_COLLECTION",600,50,3070.0,3130.0,0,3589,2617,804,3526,2616,779,3581,2610,792,4,6,5,0.0011157601115760112,0.0022935779816513763,0.006273525721455458,0.3238252327312387,0.7786600632885803,1.4580626905232268,0.6476504654624774,0.7786600632885803,0.9720417936821512,0.2192125104719352,0.5222222222222223,0.61489898989899,100.0,100.0,4170,2159,681,14,1,0,0.003357314148681055,4.631773969430292E-4,0.0,0.75,0.6000000000000001,0.6000000000000001,0.6000000000000001,55.0,30.0,60.0,0.8,0.9,0.6000000000000001,0.6000000000000001,30.0,95.0,35.0,3499,3497,2,3499,5.715918833952558E-4,0.33880871549894365,0.5,0.6776174309978873,857,0.24506720045753502,1.0,1
"iteration_1","SCOPE_DATA_COLLECTION",600,50,3070.0,3130.0,1,3589,2617,804,3526,2616,779,3581,2610,792,4,6,5,0.0011157601115760112,0.0022935779816513763,0.006273525721455458,0.3238252327312387,0.7786600632885803,1.4580626905232268,0.6476504654624774,0.7786600632885803,0.9720417936821512,0.2192125104719352,0.5222222222222223,0.61489898989899,100.0,100.0,4170,2159,681,14,1,0,0.003357314148681055,4.631773969430292E-4,0.0,0.75,0.6000000000000001,0.6000000000000001,0.6000000000000001,55.0,30.0,60.0,0.8,0.9,0.6000000000000001,0.6000000000000001,30.0,95.0,35.0,2667,2659,8,2667,0.0029996250468691415,0.7808114603192537,1.0,0.7808114603192537,1377,0.5178638585934562,1.0,1
"iteration_1","SCOPE_DATA_COLLECTION",600,50,3070.0,3130.0,2,3589,2617,804,3526,2616,779,3581,2610,792,4,6,5,0.0011157601115760112,0.0022935779816513763,0.006273525721455458,0.3238252327312387,0.7786600632885803,1.4580626905232268,0.6476504654624774,0.7786600632885803,0.9720417936821512,0.2192125104719352,0.5222222222222223,0.61489898989899,100.0,100.0,4170,2159,681,14,1,0,0.003357314148681055,4.631773969430292E-4,0.0,0.75,0.6000000000000001,0.6000000000000001,0.6000000000000001,55.0,30.0,60.0,0.8,0.9,0.6000000000000001,0.6000000000000001,30.0,95.0,35.0,849,841,8,849,0.009422850412249705,1.4241681639522752,1.5,0.9494454426348501,500,0.5945303210463734,1.0,1
"iteration_1","SCOPE_DATA_COLLECTION",600,51,3130.0,3190.0,0,3499,2667,849,3589,2617,804,3492,2658,847,2,8,8,5.724098454493417E-4,0.003000750187546887,0.00935672514619883,0.3378206688363678,0.7778224065659416,1.4286945143012773,0.6756413376727356,0.7778224065659416,0.9524630095341848,0.2434135166093929,0.5150489089541008,0.5974025974025974,97.5,100.0,4200,2258,557,18,0,0,0.004285714285714286,0.0,0.0,0.8,0.9,0.6000000000000001,0.6000000000000001,30.0,95.0,35.0,0.9,0.9,0.5,0.7000000000000001,30.0,95.0,35.0,3482,3480,2,3482,5.743825387708214E-4,0.33320830305925514,0.5,0.6664166061185103,795,0.22844827586206898,1.0,1
"iteration_1","SCOPE_DATA_COLLECTION",600,51,3130.0,3190.0,1,3499,2667,849,3589,2617,804,3492,2658,847,2,8,8,5.724098454493417E-4,0.003000750187546887,0.00935672514619883,0.3378206688363678,0.7778224065659416,1.4286945143012773,0.6756413376727356,0.7778224065659416,0.9524630095341848,0.2434135166093929,0.5150489089541008,0.5974025974025974,97.5,100.0,4200,2258,557,18,0,0,0.004285714285714286,0.0,0.0,0.8,0.9,0.6000000000000001,0.6000000000000001,30.0,95.0,35.0,0.9,0.9,0.5,0.7000000000000001,30.0,95.0,35.0,2714,2709,5,2714,0.0018422991893883567,0.7795301341519613,1.0,0.7795301341519613,1420,0.5241786637135475,1.0,1
"iteration_1","SCOPE_DATA_COLLECTION",600,51,3130.0,3190.0,2,3499,2667,849,3589,2617,804,3492,2658,847,2,8,8,5.724098454493417E-4,0.003000750187546887,0.00935672514619883,0.3378206688363678,0.7778224065659416,1.4286945143012773,0.6756413376727356,0.7778224065659416,0.9524630095341848,0.2434135166093929,0.5150489089541008,0.5974025974025974,97.5,100.0,4200,2258,557,18,0,0,0.004285714285714286,0.0,0.0,0.8,0.9,0.6000000000000001,0.6000000000000001,30.0,95.0,35.0,0.9,0.9,0.5,0.7000000000000001,30.0,95.0,35.0,800,796,4,800,0.005,1.4237742149230954,1.5,0.9491828099487303,476,0.5979899497487438,1.0,1
"iteration_1","SCOPE_DATA_COLLECTION",600,52,3190.0,3250.0,0,3482,2714,800,3499,2667,849,3476,2723,785,2,5,4,5.750431282346176E-4,0.0018328445747800588,0.005069708491761723,0.33247589908524744,0.7812689613419801,1.4140691828619618,0.6649517981704949,0.7812689613419801,0.9427127885746412,0.22756041426927504,0.5262578038927653,0.5936305732484076,100.0,100.0,4164,2555,277,9,2,0,0.002161383285302594,7.827788649706458E-4,0.0,0.9,0.9,0.5,0.7000000000000001,30.0,95.0,35.0,0.30000000000000004,0.8,0.5,0.9,70.0,25.0,85.0,3510,3509,1,3510,2.849002849002849E-4,0.3178304656731361,0.5,0.6356609313462722,718,0.20461669991450557,1.0,1
"iteration_1","SCOPE_DATA_COLLECTION",600,52,3190.0,3250.0,1,3482,2714,800,3499,2667,849,3476,2723,785,2,5,4,5.750431282346176E-4,0.0018328445747800588,0.005069708491761723,0.33247589908524744,0.7812689613419801,1.4140691828619618,0.6649517981704949,0.7812689613419801,0.9427127885746412,0.22756041426927504,0.5262578038927653,0.5936305732484076,100.0,100.0,4164,2555,277,9,2,0,0.002161383285302594,7.827788649706458E-4,0.0,0.9,0.9,0.5,0.7000000000000001,30.0,95.0,35.0,0.30000000000000004,0.8,0.5,0.9,70.0,25.0,85.0,2738,2733,5,2738,0.0018261504747991235,0.7720833230236352,1.0,0.7720833230236352,1414,0.5173801683132089,1.0,1
"iteration_1","SCOPE_DATA_COLLECTION",600,52,3190.0,3250.0,2,3482,2714,800,3499,2667,849,3476,2723,785,2,5,4,5.750431282346176E-4,0.0018328445747800588,0.005069708491761723,0.33247589908524744,0.7812689613419801,1.4140691828619618,0.6649517981704949,0.7812689613419801,0.9427127885746412,0.22756041426927504,0.5262578038927653,0.5936305732484076,100.0,100.0,4164,2555,277,9,2,0,0.002161383285302594,7.827788649706458E-4,0.0,0.9,0.9,0.5,0.7000000000000001,30.0,95.0,35.0,0.30000000000000004,0.8,0.5,0.9,70.0,25.0,85.0,749,741,8,749,0.010680907877169559,1.4152636124009201,1.5,0.9435090749339468,442,0.5964912280701754,1.0,1
"iteration_1","SCOPE_DATA_COLLECTION",600,53,3250.0,3310.0,0,3510,2738,749,3482,2714,800,3519,2730,742,1,5,8,2.840909090909091E-4,0.0018281535648994515,0.010666666666666666,0.3196326412184763,0.7716375159786553,1.4209990630983833,0.6392652824369526,0.7716375159786553,0.9473327087322555,0.20744529695936345,0.5175824175824176,0.5983827493261455,100.0,100.0,4180,817,2000,14,0,0,0.0033492822966507177,0.0,0.0,0.30000000000000004,0.8,0.5,0.9,70.0,25.0,85.0,0.30000000000000004,0.9,0.5,0.9,60.0,25.0,75.0,3516,3512,4,3516,0.0011376564277588168,0.3195525871551185,0.5,0.639105174310237,748,0.21298405466970388,1.0,1
"iteration_1","SCOPE_DATA_COLLECTION",600,53,3250.0,3310.0,1,3510,2738,749,3482,2714,800,3519,2730,742,1,5,8,2.840909090909091E-4,0.0018281535648994515,0.010666666666666666,0.3196326412184763,0.7716375159786553,1.4209990630983833,0.6392652824369526,0.7716375159786553,0.9473327087322555,0.20744529695936345,0.5175824175824176,0.5983827493261455,100.0,100.0,4180,817,2000,14,0,0,0.0033492822966507177,0.0,0.0,0.30000000000000004,0.8,0.5,0.9,70.0,25.0,85.0,0.30000000000000004,0.9,0.5,0.9,60.0,25.0,75.0,2725,2721,4,2725,0.0014678899082568807,0.7783010231209052,1.0,0.7783010231209052,1403,0.5156192576258728,1.0,1
"iteration_1","SCOPE_DATA_COLLECTION",600,53,3250.0,3310.0,2,3510,2738,749,3482,2714,800,3519,2730,742,1,5,8,2.840909090909091E-4,0.0018281535648994515,0.010666666666666666,0.3196326412184763,0.7716375159786553,1.4209990630983833,0.6392652824369526,0.7716375159786553,0.9473327087322555,0.20744529695936345,0.5175824175824176,0.5983827493261455,100.0,100.0,4180,817,2000,14,0,0,0.0033492822966507177,0.0,0.0,0.30000000000000004,0.8,0.5,0.9,70.0,25.0,85.0,0.30000000000000004,0.9,0.5,0.9,60.0,25.0,75.0,838,836,2,838,0.002386634844868735,1.353428928454922,1.5,0.9022859523032812,470,0.562200956937799,1.0,1
"iteration_1","SCOPE_DATA_COLLECTION",600,54,3310.0,3370.0,0,3516,2725,838,3510,2738,749,3514,2716,844,3,4,2,8.529997156667614E-4,0.0014705882352941176,0.002364066193853428,0.3195087675357964,0.777981898937205,1.3533571640540798,0.6390175350715928,0.777981898937205,0.9022381093693865,0.21314741035856574,0.5147275405007363,0.5616113744075829,95.0,100.0,4177,836,2066,8,1,0,0.0019152501795547043,0.0011961722488038277,0.0,0.30000000000000004,0.9,0.5,0.9,60.0,25.0,75.0,0.2,0.8,0.4,0.9,70.0,20.0,75.0,3482,3478,4,3482,0.0011487650775416428,0.32158386951517864,0.5,0.6431677390303573,741,0.2130534790109258,1.0,1
"iteration_1","SCOPE_DATA_COLLECTION",600,54,3310.0,3370.0,1,3516,2725,838,3510,2738,749,3514,2716,844,3,4,2,8.529997156667614E-4,0.0014705882352941176,0.002364066193853428,0.3195087675357964,0.777981898937205,1.3533571640540798,0.6390175350715928,0.777981898937205,0.9022381093693865,0.21314741035856574,0.5147275405007363,0.5616113744075829,95.0,100.0,4177,836,2066,8,1,0,0.0019152501795547043,0.0011961722488038277,0.0,0.30000000000000004,0.9,0.5,0.9,60.0,25.0,75.0,0.2,0.8,0.4,0.9,70.0,20.0,75.0,2627,2622,5,2627,0.001903311762466692,0.7799685116381954,1.0,0.7799685116381954,1387,0.5289855072463768,1.0,1
"iteration_1","SCOPE_DATA_COLLECTION",600,54,3310.0,3370.0,2,3516,2725,838,3510,2738,749,3514,2716,844,3,4,2,8.529997156667614E-4,0.0014705882352941176,0.002364066193853428,0.3195087675357964,0.777981898937205,1.3533571640540798,0.6390175350715928,0.777981898937205,0.9022381093693865,0.21314741035856574,0.5147275405007363,0.5616113744075829,95.0,100.0,4177,836,2066,8,1,0,0.0019152501795547043,0.0011961722488038277,0.0,0.30000000000000004,0.9,0.5,0.9,60.0,25.0,75.0,0.2,0.8,0.4,0.9,70.0,20.0,75.0,796,791,5,796,0.00628140703517588,1.4146590521898983,1.5,0.9431060347932655,475,0.6005056890012642,1.0,1
"iteration_1","SCOPE_DATA_COLLECTION",600,55,3370.0,3430.0,0,3482,2627,796,3516,2725,838,3479,2628,791,5,5,4,0.0014351320321469576,0.0018989745537409798,0.005031446540880503,0.3220585975066258,0.7801882783008504,1.4154371044822585,0.6441171950132516,0.7801882783008504,0.9436247363215057,0.21356711698764014,0.5308219178082192,0.6017699115044248,100.0,100.0,4140,581,2184,14,0,0,0.003381642512077295,0.0,0.0,0.2,0.8,0.4,0.9,70.0,20.0,75.0,0.55,0.30000000000000004,0.30000000000000004,0.8,35.0,25.0,70.0,3493,3490,3,3493,8.588605782994561E-4,0.3125382132224412,0.5,0.6250764264448824,665,0.19054441260744986,1.0,1
"iteration_1","SCOPE_DATA_COLLECTION",600,55,3370.0,3430.0,1,3482,2627,796,3516,2725,838,3479,2628,791,5,5,4,0.0014351320321469576,0.0018989745537409798,0.005031446540880503,0.3220585975066258,0.7801882783008504,1.4154371044822585,0.6441171950132516,0.7801882783008504,0.9436247363215057,0.21356711698764014,0.5308219178082192,0.6017699115044248,100.0,100.0,4140,581,2184,14,0,0,0.003381642512077295,0.0,0.0,0.2,0.8,0.4,0.9,70.0,20.0,75.0,0.55,0.30000000000000004,0.30000000000000004,0.8,35.0,25.0,70.0,2530,2528,2,2530,7.905138339920949E-4,0.7766009816543629,1.0,0.7766009816543629,1363,0.5391613924050633,1.0,1
"iteration_1","SCOPE_DATA_COLLECTION",600,55,3370.0,3430.0,2,3482,2627,796,3516,2725,838,3479,2628,791,5,5,4,0.0014351320321469576,0.0018989745537409798,0.005031446540880503,0.3220585975066258,0.7801882783008504,1.4154371044822585,0.6441171950132516,0.7801882783008504,0.9436247363215057,0.21356711698764014,0.5308219178082192,0.6017699115044248,100.0,100.0,4140,581,2184,14,0,0,0.003381642512077295,0.0,0.0,0.2,0.8,0.4,0.9,70.0,20.0,75.0,0.55,0.30000000000000004,0.30000000000000004,0.8,35.0,25.0,70.0,796,794,2,796,0.002512562814070352,1.413574167006741,1.5,0.942382778004494,481,0.6057934508816121,1.0,1
"iteration_1","SCOPE_DATA_COLLECTION",600,56,3430.0,3490.0,0,3493,2530,796,3482,2627,796,3480,2523,792,3,2,3,8.613264427217916E-4,7.920792079207921E-4,0.0037735849056603774,0.3113892968436148,0.7769288203640591,1.4099668357142823,0.6227785936872297,0.7769288203640591,0.9399778904761882,0.18908045977011495,0.5374554102259215,0.6035353535353535,97.5,100.0,4170,1466,1183,6,2,0,0.0014388489208633094,0.001364256480218281,0.0,0.55,0.30000000000000004,0.30000000000000004,0.8,35.0,25.0,70.0,0.45,0.4,0.4,0.7000000000000001,35.0,25.0,60.0,3551,3550,1,3551,2.81610813855252E-4,0.32900427304481433,0.5,0.6580085460896287,803,0.22619718309859155,1.0,1
"iteration_1","SCOPE_DATA_COLLECTION",600,56,3430.0,3490.0,1,3493,2530,796,3482,2627,796,3480,2523,792,3,2,3,8.613264427217916E-4,7.920792079207921E-4,0.0037735849056603774,0.3113892968436148,0.7769288203640591,1.4099668357142823,0.6227785936872297,0.7769288203640591,0.9399778904761882,0.18908045977011495,0.5374554102259215,0.6035353535353535,97.5,100.0,4170,1466,1183,6,2,0,0.0014388489208633094,0.001364256480218281,0.0,0.55,0.30000000000000004,0.30000000000000004,0.8,35.0,25.0,70.0,0.45,0.4,0.4,0.7000000000000001,35.0,25.0,60.0,2672,2664,8,2672,0.0029940119760479044,0.7759597960888832,1.0,0.7759597960888832,1396,0.524024024024024,1.0,1
"iteration_1","SCOPE_DATA_COLLECTION",600,56,3430.0,3490.0,2,3493,2530,796,3482,2627,796,3480,2523,792,3,2,3,8.613264427217916E-4,7.920792079207921E-4,0.0037735849056603774,0.3113892968436148,0.7769288203640591,1.4099668357142823,0.6227785936872297,0.7769288203640591,0.9399778904761882,0.18908045977011495,0.5374554102259215,0.6035353535353535,97.5,100.0,4170,1466,1183,6,2,0,0.0014388489208633094,0.001364256480218281,0.0,0.55,0.30000000000000004,0.30000000000000004,0.8,35.0,25.0,70.0,0.45,0.4,0.4,0.7000000000000001,35.0,25.0,60.0,851,848,3,851,0.0035252643948296123,1.3736791564752855,1.5,0.915786104316857,489,0.5766509433962265,1.0,1
"iteration_1","SCOPE_DATA_COLLECTION",600,57,3490.0,3550.0,0,3551,2672,851,3493,2530,796,3565,2653,852,1,8,3,2.8042624789680314E-4,0.003006388575723412,0.0035087719298245615,0.3303435189231941,0.7748750110922736,1.3802392815972253,0.6606870378463882,0.7748750110922736,0.9201595210648169,0.22805049088359047,0.5246890312853374,0.5809859154929577,100.0,100.0,4292,1313,1469,10,2,0,0.002329916123019571,0.0015232292460015233,0.0,0.45,0.4,0.4,0.7000000000000001,35.0,25.0,60.0,0.45,0.4,0.5,0.6000000000000001,45.0,20.0,60.0,3628,3628,0,3628,0.0,0.3161086525077534,0.5,0.6322173050155068,728,0.20066152149944874,1.0,1
"iteration_1","SCOPE_DATA_COLLECTION",600,57,3490.0,3550.0,1,3551,2672,851,3493,2530,796,3565,2653,852,1,8,3,2.8042624789680314E-4,0.003006388575723412,0.0035087719298245615,0.3303435189231941,0.7748750110922736,1.3802392815972253,0.6606870378463882,0.7748750110922736,0.9201595210648169,0.22805049088359047,0.5246890312853374,0.5809859154929577,100.0,100.0,4292,1313,1469,10,2,0,0.002329916123019571,0.0015232292460015233,0.0,0.45,0.4,0.4,0.7000000000000001,35.0,25.0,60.0,0.45,0.4,0.5,0.6000000000000001,45.0,20.0,60.0,2664,2663,1,2664,3.7537537537537537E-4,0.7688059502952063,1.0,0.7688059502952063,1389,0.5215921892602329,1.0,1
"iteration_1","SCOPE_DATA_COLLECTION",600,57,3490.0,3550.0,2,3551,2672,851,3493,2530,796,3565,2653,852,1,8,3,2.8042624789680314E-4,0.003006388575723412,0.0035087719298245615,0.3303435189231941,0.7748750110922736,1.3802392815972253,0.6606870378463882,0.7748750110922736,0.9201595210648169,0.22805049088359047,0.5246890312853374,0.5809859154929577,100.0,100.0,4292,1313,1469,10,2,0,0.002329916123019571,0.0015232292460015233,0.0,0.45,0.4,0.4,0.7000000000000001,35.0,25.0,60.0,0.45,0.4,0.5,0.6000000000000001,45.0,20.0,60.0,803,796,7,803,0.008717310087173101,1.4273023529148277,1.5,0.9515349019432184,482,0.6055276381909548,1.0,1
"iteration_1","SCOPE_DATA_COLLECTION",600,58,3550.0,3618.1464134556245,0,3628,2664,803,3551,2672,851,3617,2672,793,0,1,7,0.0,3.741114852225963E-4,0.00875,0.3158484615286104,0.768352148755379,1.425058998322946,0.6316969230572208,0.768352148755379,0.9500393322152973,0.20071882775781033,0.5202095808383234,0.6040353089533418,100.0,100.0,4248,1289,1558,8,0,0,0.0018832391713747645,0.0,0.0,0.45,0.4,0.5,0.6000000000000001,45.0,20.0,60.0,0.45,0.5,0.4,0.5,35.0,30.0,60.0,2871,2852,1,2853,3.505082369435682E-4,0.32059126233388063,0.5,0.6411825246677613,612,0.21458625525946703,0.9937304075235109,0
"iteration_1","SCOPE_DATA_COLLECTION",600,58,3550.0,3618.1464134556245,1,3628,2664,803,3551,2672,851,3617,2672,793,0,1,7,0.0,3.741114852225963E-4,0.00875,0.3158484615286104,0.768352148755379,1.425058998322946,0.6316969230572208,0.768352148755379,0.9500393322152973,0.20071882775781033,0.5202095808383234,0.6040353089533418,100.0,100.0,4248,1289,1558,8,0,0,0.0018832391713747645,0.0,0.0,0.45,0.4,0.5,0.6000000000000001,45.0,20.0,60.0,0.45,0.5,0.4,0.5,35.0,30.0,60.0,2224,2191,4,2195,0.0018223234624145787,0.7566748767049676,1.0,0.7566748767049676,1102,0.5029666818804199,0.9869604316546763,0
"iteration_1","SCOPE_DATA_COLLECTION",600,58,3550.0,3618.1464134556245,2,3628,2664,803,3551,2672,851,3617,2672,793,0,1,7,0.0,3.741114852225963E-4,0.00875,0.3158484615286104,0.768352148755379,1.425058998322946,0.6316969230572208,0.768352148755379,0.9500393322152973,0.20071882775781033,0.5202095808383234,0.6040353089533418,100.0,100.0,4248,1289,1558,8,0,0,0.0018832391713747645,0.0,0.0,0.45,0.4,0.5,0.6000000000000001,45.0,20.0,60.0,0.45,0.5,0.4,0.5,35.0,30.0,60.0,731,702,2,704,0.002840909090909091,1.37577587757859,1.5,0.9171839183857267,406,0.5783475783475783,0.9630642954856361,0
"iteration_1","SCOPE_DATA_COLLECTION",700,0,70.0,130.0,0,3983,2802,903,0,0,0,3955,2757,879,3,4,3,7.579585649317837E-4,0.0014487504527345165,0.003401360544217687,0.31309488518370787,0.7496095324749011,1.2533662549170295,0.6261897703674157,0.7496095324749011,0.8355775032780196,0.22225031605562579,0.4961915125136017,0.5039817974971559,100.0,100.0,4270,2027,1391,9,1,0,0.002107728337236534,4.93339911198816E-4,0.0,0.6,0.5,0.7,0.4,85.0,80.0,90.0,0.6,0.5,0.7,0.4,85.0,80.0,90.0,4199,4197,2,4199,4.763038818766373E-4,0.31396371638225845,0.5,0.6279274327645169,1020,0.24303073624017155,1.0,1
"iteration_1","SCOPE_DATA_COLLECTION",700,0,70.0,130.0,1,3983,2802,903,0,0,0,3955,2757,879,3,4,3,7.579585649317837E-4,0.0014487504527345165,0.003401360544217687,0.31309488518370787,0.7496095324749011,1.2533662549170295,0.6261897703674157,0.7496095324749011,0.8355775032780196,0.22225031605562579,0.4961915125136017,0.5039817974971559,100.0,100.0,4270,2027,1391,9,1,0,0.002107728337236534,4.93339911198816E-4,0.0,0.6,0.5,0.7,0.4,85.0,80.0,90.0,0.6,0.5,0.7,0.4,85.0,80.0,90.0,3089,3081,8,3089,0.002589834898025251,0.7361143650486218,1.0,0.7361143650486218,1471,0.4774423888347939,1.0,1
"iteration_1","SCOPE_DATA_COLLECTION",700,0,70.0,130.0,2,3983,2802,903,0,0,0,3955,2757,879,3,4,3,7.579585649317837E-4,0.0014487504527345165,0.003401360544217687,0.31309488518370787,0.7496095324749011,1.2533662549170295,0.6261897703674157,0.7496095324749011,0.8355775032780196,0.22225031605562579,0.4961915125136017,0.5039817974971559,100.0,100.0,4270,2027,1391,9,1,0,0.002107728337236534,4.93339911198816E-4,0.0,0.6,0.5,0.7,0.4,85.0,80.0,90.0,0.6,0.5,0.7,0.4,85.0,80.0,90.0,941,924,17,941,0.018065887353878853,1.273460990124475,1.5,0.8489739934163166,475,0.5140692640692641,1.0,1
"iteration_1","SCOPE_DATA_COLLECTION",700,1,130.0,190.0,0,4199,3089,941,3983,2802,903,4204,3080,925,2,8,17,4.7551117451260106E-4,0.0025906735751295338,0.018046709129511677,0.3153836968630239,0.734989893224455,1.2765399105908635,0.6307673937260478,0.734989893224455,0.8510266070605756,0.24524262607040914,0.4766233766233766,0.5167567567567568,97.5,100.0,4426,2342,1461,23,4,0,0.005196565747853593,0.0017079419299743809,0.0,0.6,0.5,0.7,0.4,85.0,80.0,90.0,0.30000000000000004,0.7000000000000001,0.30000000000000004,0.2,30.0,85.0,90.0,4194,4191,3,4194,7.15307582260372E-4,0.3298555907572039,0.5,0.6597111815144078,1099,0.2622285850632307,1.0,1
"iteration_1","SCOPE_DATA_COLLECTION",700,1,130.0,190.0,1,4199,3089,941,3983,2802,903,4204,3080,925,2,8,17,4.7551117451260106E-4,0.0025906735751295338,0.018046709129511677,0.3153836968630239,0.734989893224455,1.2765399105908635,0.6307673937260478,0.734989893224455,0.8510266070605756,0.24524262607040914,0.4766233766233766,0.5167567567567568,97.5,100.0,4426,2342,1461,23,4,0,0.005196565747853593,0.0017079419299743809,0.0,0.6,0.5,0.7,0.4,85.0,80.0,90.0,0.30000000000000004,0.7000000000000001,0.30000000000000004,0.2,30.0,85.0,90.0,3072,3069,3,3072,9.765625E-4,0.7117621780981555,1.0,0.7117621780981555,1443,0.4701857282502444,1.0,1
"iteration_1","SCOPE_DATA_COLLECTION",700,1,130.0,190.0,2,4199,3089,941,3983,2802,903,4204,3080,925,2,8,17,4.7551117451260106E-4,0.0025906735751295338,0.018046709129511677,0.3153836968630239,0.734989893224455,1.2765399105908635,0.6307673937260478,0.734989893224455,0.8510266070605756,0.24524262607040914,0.4766233766233766,0.5167567567567568,97.5,100.0,4426,2342,1461,23,4,0,0.005196565747853593,0.0017079419299743809,0.0,0.6,0.5,0.7,0.4,85.0,80.0,90.0,0.30000000000000004,0.7000000000000001,0.30000000000000004,0.2,30.0,85.0,90.0,856,853,3,856,0.0035046728971962616,1.2721037423781891,1.5,0.8480691615854594,450,0.5275498241500586,1.0,1
"iteration_1","SCOPE_DATA_COLLECTION",700,2,190.0,250.0,0,4194,3072,856,4199,3089,941,4196,3075,854,3,3,3,7.144558228149559E-4,9.746588693957114E-4,0.003500583430571762,0.3301339465823676,0.7132568963939792,1.2745736892107355,0.6602678931647352,0.7132568963939792,0.849715792807157,0.2631077216396568,0.46991869918699186,0.5281030444964872,97.5,100.0,4470,1078,2574,9,0,0,0.0020134228187919465,0.0,0.0,0.30000000000000004,0.7000000000000001,0.30000000000000004,0.2,30.0,85.0,90.0,0.2,0.7000000000000001,0.4,0.1,40.0,95.0,80.0,4169,4140,29,4169,0.006956104581434397,0.331714780347826,0.5,0.663429560695652,1038,0.25072463768115943,1.0,1
"iteration_1","SCOPE_DATA_COLLECTION",700,2,190.0,250.0,1,4194,3072,856,4199,3089,941,4196,3075,854,3,3,3,7.144558228149559E-4,9.746588693957114E-4,0.003500583430571762,0.3301339465823676,0.7132568963939792,1.2745736892107355,0.6602678931647352,0.7132568963939792,0.849715792807157,0.2631077216396568,0.46991869918699186,0.5281030444964872,97.5,100.0,4470,1078,2574,9,0,0,0.0020134228187919465,0.0,0.0,0.30000000000000004,0.7000000000000001,0.30000000000000004,0.2,30.0,85.0,90.0,0.2,0.7000000000000001,0.4,0.1,40.0,95.0,80.0,3070,3054,16,3070,0.005211726384364821,0.7240046513168397,1.0,0.7240046513168397,1415,0.4633267845448592,1.0,1
"iteration_1","SCOPE_DATA_COLLECTION",700,2,190.0,250.0,2,4194,3072,856,4199,3089,941,4196,3075,854,3,3,3,7.144558228149559E-4,9.746588693957114E-4,0.003500583430571762,0.3301339465823676,0.7132568963939792,1.2745736892107355,0.6602678931647352,0.7132568963939792,0.849715792807157,0.2631077216396568,0.46991869918699186,0.5281030444964872,97.5,100.0,4470,1078,2574,9,0,0,0.0020134228187919465,0.0,0.0,0.30000000000000004,0.7000000000000001,0.30000000000000004,0.2,30.0,85.0,90.0,0.2,0.7000000000000001,0.4,0.1,40.0,95.0,80.0,919,913,6,919,0.006528835690968444,1.2855847025794163,1.5,0.8570564683862775,482,0.5279299014238773,1.0,1
"iteration_1","SCOPE_DATA_COLLECTION",700,3,250.0,310.0,0,4169,3070,919,4194,3072,856,4126,3052,913,29,16,6,0.0069795427196149215,0.005215123859191656,0.006528835690968444,0.3305945557340843,0.726076912807153,1.2869556622762417,0.6611891114681686,0.726076912807153,0.8579704415174945,0.2484246243334949,0.46559633027522934,0.5279299014238773,100.0,100.0,4340,732,3086,6,0,45,0.0013824884792626728,0.0,0.01458198314970836,0.2,0.7000000000000001,0.4,0.1,40.0,95.0,80.0,0.2,0.7000000000000001,0.4,0.1,40.0,95.0,80.0,4143,4090,53,4143,0.012792662321988897,0.33233540564892144,0.5,0.6646708112978429,1071,0.2618581907090465,1.0,1
"iteration_1","SCOPE_DATA_COLLECTION",700,3,250.0,310.0,1,4169,3070,919,4194,3072,856,4126,3052,913,29,16,6,0.0069795427196149215,0.005215123859191656,0.006528835690968444,0.3305945557340843,0.726076912807153,1.2869556622762417,0.6611891114681686,0.726076912807153,0.8579704415174945,0.2484246243334949,0.46559633027522934,0.5279299014238773,100.0,100.0,4340,732,3086,6,0,45,0.0013824884792626728,0.0,0.01458198314970836,0.2,0.7000000000000001,0.4,0.1,40.0,95.0,80.0,0.2,0.7000000000000001,0.4,0.1,40.0,95.0,80.0,3038,2998,40,3038,0.013166556945358789,0.7359114883357447,1.0,0.7359114883357447,1432,0.47765176784523017,1.0,1
"iteration_1","SCOPE_DATA_COLLECTION",700,3,250.0,310.0,2,4169,3070,919,4194,3072,856,4126,3052,913,29,16,6,0.0069795427196149215,0.005215123859191656,0.006528835690968444,0.3305945557340843,0.726076912807153,1.2869556622762417,0.6611891114681686,0.726076912807153,0.8579704415174945,0.2484246243334949,0.46559633027522934,0.5279299014238773,100.0,100.0,4340,732,3086,6,0,45,0.0013824884792626728,0.0,0.01458198314970836,0.2,0.7000000000000001,0.4,0.1,40.0,95.0,80.0,0.2,0.7000000000000001,0.4,0.1,40.0,95.0,80.0,945,937,8,945,0.008465608465608466,1.301462836722128,1.5,0.8676418911480853,507,0.5410885805763074,1.0,1
"iteration_1","SCOPE_DATA_COLLECTION",700,4,310.0,370.0,0,4143,3038,945,4169,3070,919,4080,3001,936,53,40,8,0.012823614807645777,0.013153567905294311,0.00847457627118644,0.33136816966443533,0.7335706499607804,1.3049406214604717,0.6627363393288707,0.7335706499607804,0.8699604143069811,0.26053921568627453,0.47550816394535156,0.5438034188034188,100.0,100.0,4325,757,3044,3,0,98,6.936416184971098E-4,0.0,0.032194480946123524,0.2,0.7000000000000001,0.4,0.1,40.0,95.0,80.0,0.1,0.7000000000000001,0.5,0.2,40.0,95.0,90.0,4289,4085,204,4289,0.04756353462345535,0.3810974292447214,0.5,0.7621948584894428,1182,0.2893512851897185,1.0,1
"iteration_1","SCOPE_DATA_COLLECTION",700,4,310.0,370.0,1,4143,3038,945,4169,3070,919,4080,3001,936,53,40,8,0.012823614807645777,0.013153567905294311,0.00847457627118644,0.33136816966443533,0.7335706499607804,1.3049406214604717,0.6627363393288707,0.7335706499607804,0.8699604143069811,0.26053921568627453,0.47550816394535156,0.5438034188034188,100.0,100.0,4325,757,3044,3,0,98,6.936416184971098E-4,0.0,0.032194480946123524,0.2,0.7000000000000001,0.4,0.1,40.0,95.0,80.0,0.1,0.7000000000000001,0.5,0.2,40.0,95.0,90.0,3120,2943,177,3120,0.05673076923076923,0.8149215395844748,1.0,0.8149215395844748,1528,0.5191980971797485,1.0,1
"iteration_1","SCOPE_DATA_COLLECTION",700,4,310.0,370.0,2,4143,3038,945,4169,3070,919,4080,3001,936,53,40,8,0.012823614807645777,0.013153567905294311,0.00847457627118644,0.33136816966443533,0.7335706499607804,1.3049406214604717,0.6627363393288707,0.7335706499607804,0.8699604143069811,0.26053921568627453,0.47550816394535156,0.5438034188034188,100.0,100.0,4325,757,3044,3,0,98,6.936416184971098E-4,0.0,0.032194480946123524,0.2,0.7000000000000001,0.4,0.1,40.0,95.0,80.0,0.1,0.7000000000000001,0.5,0.2,40.0,95.0,90.0,932,881,51,932,0.05472103004291846,1.3663464902290083,1.5,0.9108976601526723,486,0.5516458569807038,1.0,1
"iteration_1","SCOPE_DATA_COLLECTION",700,5,370.0,430.0,0,4289,3120,932,4143,3038,945,4073,2928,875,204,177,50,0.04769698386719663,0.057004830917874394,0.05405405405405406,0.3640690028516927,0.7983444391864942,1.349249285561585,0.7281380057033854,0.7983444391864942,0.8994995237077233,0.28774858826417876,0.516051912568306,0.5474285714285714,97.5,100.0,4430,367,3544,14,0,417,0.003160270880361174,0.0,0.11766365688487584,0.1,0.7000000000000001,0.5,0.2,40.0,95.0,90.0,0.1,0.7000000000000001,0.4,0.2,30.0,95.0,80.0,4337,4158,179,4337,0.04127276919529629,0.3524942575130074,0.5,0.7049885150260148,1117,0.2686387686387686,1.0,1
"iteration_1","SCOPE_DATA_COLLECTION",700,5,370.0,430.0,1,4289,3120,932,4143,3038,945,4073,2928,875,204,177,50,0.04769698386719663,0.057004830917874394,0.05405405405405406,0.3640690028516927,0.7983444391864942,1.349249285561585,0.7281380057033854,0.7983444391864942,0.8994995237077233,0.28774858826417876,0.516051912568306,0.5474285714285714,97.5,100.0,4430,367,3544,14,0,417,0.003160270880361174,0.0,0.11766365688487584,0.1,0.7000000000000001,0.5,0.2,40.0,95.0,90.0,0.1,0.7000000000000001,0.4,0.2,30.0,95.0,80.0,2976,2864,112,2976,0.03763440860215054,0.7594283796420228,1.0,0.7594283796420228,1389,0.48498603351955305,1.0,1
"iteration_1","SCOPE_DATA_COLLECTION",700,5,370.0,430.0,2,4289,3120,932,4143,3038,945,4073,2928,875,204,177,50,0.04769698386719663,0.057004830917874394,0.05405405405405406,0.3640690028516927,0.7983444391864942,1.349249285561585,0.7281380057033854,0.7983444391864942,0.8994995237077233,0.28774858826417876,0.516051912568306,0.5474285714285714,97.5,100.0,4430,367,3544,14,0,417,0.003160270880361174,0.0,0.11766365688487584,0.1,0.7000000000000001,0.5,0.2,40.0,95.0,90.0,0.1,0.7000000000000001,0.4,0.2,30.0,95.0,80.0,945,910,35,945,0.037037037037037035,1.3687098178402366,1.5,0.9124732118934911,508,0.5582417582417583,1.0,1
"iteration_1","SCOPE_DATA_COLLECTION",700,6,430.0,490.0,0,4337,2976,945,4289,3120,932,4188,2863,914,179,112,36,0.0409892374627891,0.03764705882352941,0.037894736842105266,0.37036221830566174,0.7732875460787673,1.379249630463053,0.7407244366113235,0.7732875460787673,0.9194997536420354,0.2724450811843362,0.48655256723716384,0.5590809628008753,97.5,100.0,4340,361,3557,13,0,314,0.0029953917050691246,0.0,0.08827663761596852,0.1,0.7000000000000001,0.4,0.2,30.0,95.0,80.0,0.05,0.6000000000000001,0.4,0.30000000000000004,40.0,85.0,90.0,4249,4046,203,4249,0.047775947281713346,0.38016338680688083,0.5,0.7603267736137617,1147,0.28348986653484926,1.0,1
"iteration_1","SCOPE_DATA_COLLECTION",700,6,430.0,490.0,1,4337,2976,945,4289,3120,932,4188,2863,914,179,112,36,0.0409892374627891,0.03764705882352941,0.037894736842105266,0.37036221830566174,0.7732875460787673,1.379249630463053,0.7407244366113235,0.7732875460787673,0.9194997536420354,0.2724450811843362,0.48655256723716384,0.5590809628008753,97.5,100.0,4340,361,3557,13,0,314,0.0029953917050691246,0.0,0.08827663761596852,0.1,0.7000000000000001,0.4,0.2,30.0,95.0,80.0,0.05,0.6000000000000001,0.4,0.30000000000000004,40.0,85.0,90.0,3099,2965,134,3099,0.043239754759599874,0.8085787362299554,1.0,0.8085787362299554,1482,0.49983136593591904,1.0,1
"iteration_1","SCOPE_DATA_COLLECTION",700,6,430.0,490.0,2,4337,2976,945,4289,3120,932,4188,2863,914,179,112,36,0.0409892374627891,0.03764705882352941,0.037894736842105266,0.37036221830566174,0.7732875460787673,1.379249630463053,0.7407244366113235,0.7732875460787673,0.9194997536420354,0.2724450811843362,0.48655256723716384,0.5590809628008753,97.5,100.0,4340,361,3557,13,0,314,0.0029953917050691246,0.0,0.08827663761596852,0.1,0.7000000000000001,0.4,0.2,30.0,95.0,80.0,0.05,0.6000000000000001,0.4,0.30000000000000004,40.0,85.0,90.0,911,859,52,911,0.0570801317233809,1.3967387552645179,1.5,0.9311591701763452,482,0.5611175785797439,1.0,1
"iteration_1","SCOPE_DATA_COLLECTION",700,7,490.0,550.0,0,4249,3099,911,4337,2976,945,4028,2983,859,203,134,52,0.047979201134483576,0.04299005453962143,0.0570801317233809,0.3810003553427241,0.8133540054119683,1.3948299486993208,0.7620007106854482,0.8133540054119683,0.9298866324662138,0.28475670307845086,0.5028494803888702,0.559953434225844,97.5,100.0,4446,167,3646,12,0,377,0.002699055330634278,0.0,0.1034009873834339,0.05,0.6000000000000001,0.4,0.30000000000000004,40.0,85.0,90.0,0.05,0.6000000000000001,0.5,0.2,30.0,85.0,95.0,4242,4030,212,4242,0.04997642621404998,0.35588383854404965,0.5,0.7117676770880993,1097,0.27220843672456574,1.0,1
"iteration_1","SCOPE_DATA_COLLECTION",700,7,490.0,550.0,1,4249,3099,911,4337,2976,945,4028,2983,859,203,134,52,0.047979201134483576,0.04299005453962143,0.0570801317233809,0.3810003553427241,0.8133540054119683,1.3948299486993208,0.7620007106854482,0.8133540054119683,0.9298866324662138,0.28475670307845086,0.5028494803888702,0.559953434225844,97.5,100.0,4446,167,3646,12,0,377,0.002699055330634278,0.0,0.1034009873834339,0.05,0.6000000000000001,0.4,0.30000000000000004,40.0,85.0,90.0,0.05,0.6000000000000001,0.5,0.2,30.0,85.0,95.0,3043,2895,148,3043,0.04863621426224121,0.7897993556026627,1.0,0.7897993556026627,1495,0.5164075993091537,1.0,1
"iteration_1","SCOPE_DATA_COLLECTION",700,7,490.0,550.0,2,4249,3099,911,4337,2976,945,4028,2983,859,203,134,52,0.047979201134483576,0.04299005453962143,0.0570801317233809,0.3810003553427241,0.8133540054119683,1.3948299486993208,0.7620007106854482,0.8133540054119683,0.9298866324662138,0.28475670307845086,0.5028494803888702,0.559953434225844,97.5,100.0,4446,167,3646,12,0,377,0.002699055330634278,0.0,0.1034009873834339,0.05,0.6000000000000001,0.4,0.30000000000000004,40.0,85.0,90.0,0.05,0.6000000000000001,0.5,0.2,30.0,85.0,95.0,907,853,54,907,0.05953693495038589,1.3324232678555468,1.5,0.8882821785703645,467,0.5474794841735052,1.0,1
"iteration_1","SCOPE_DATA_COLLECTION",700,8,550.0,610.0,0,4242,3043,907,4249,3099,911,4028,2899,852,212,148,54,0.05,0.04857236626189695,0.059602649006622516,0.35540974265894293,0.7899697784808551,1.3290572683654138,0.7108194853178859,0.7899697784808551,0.8860381789102759,0.27358490566037735,0.5170748533977233,0.5446009389671361,100.0,100.0,4461,178,3553,6,0,408,0.0013449899125756557,0.0,0.11483253588516747,0.05,0.6000000000000001,0.5,0.2,30.0,85.0,95.0,0.05,0.5,0.6000000000000001,0.1,40.0,75.0,85.0,4242,4031,211,4242,0.04974068835454974,0.36575640388064834,0.5,0.7315128077612967,976,0.24212354254527413,1.0,1
"iteration_1","SCOPE_DATA_COLLECTION",700,8,550.0,610.0,1,4242,3043,907,4249,3099,911,4028,2899,852,212,148,54,0.05,0.04857236626189695,0.059602649006622516,0.35540974265894293,0.7899697784808551,1.3290572683654138,0.7108194853178859,0.7899697784808551,0.8860381789102759,0.27358490566037735,0.5170748533977233,0.5446009389671361,100.0,100.0,4461,178,3553,6,0,408,0.0013449899125756557,0.0,0.11483253588516747,0.05,0.6000000000000001,0.5,0.2,30.0,85.0,95.0,0.05,0.5,0.6000000000000001,0.1,40.0,75.0,85.0,3069,2910,159,3069,0.05180840664711633,0.7761852463940164,1.0,0.7761852463940164,1427,0.4903780068728522,1.0,1
"iteration_1","SCOPE_DATA_COLLECTION",700,8,550.0,610.0,2,4242,3043,907,4249,3099,911,4028,2899,852,212,148,54,0.05,0.04857236626189695,0.059602649006622516,0.35540974265894293,0.7899697784808551,1.3290572683654138,0.7108194853178859,0.7899697784808551,0.8860381789102759,0.27358490566037735,0.5170748533977233,0.5446009389671361,100.0,100.0,4461,178,3553,6,0,408,0.0013449899125756557,0.0,0.11483253588516747,0.05,0.6000000000000001,0.5,0.2,30.0,85.0,95.0,0.05,0.5,0.6000000000000001,0.1,40.0,75.0,85.0,921,865,56,921,0.06080347448425624,1.3787688796419062,1.5,0.9191792530946041,499,0.576878612716763,1.0,1
"iteration_1","SCOPE_DATA_COLLECTION",700,9,610.0,670.0,0,4242,3069,921,4242,3043,907,4042,2896,861,211,159,56,0.04961203856101575,0.05204582651391162,0.061068702290076333,0.3656775052174021,0.7748507643569936,1.3777561986530937,0.7313550104348042,0.7748507643569936,0.9185041324353959,0.24072241464621474,0.48964088397790057,0.5772357723577236,97.5,100.0,4372,188,3672,8,0,418,0.0018298261665141812,0.0,0.11383442265795207,0.05,0.5,0.6000000000000001,0.1,40.0,75.0,85.0,0.05,0.5,0.6000000000000001,0.1,40.0,75.0,85.0,4179,4014,165,4179,0.03948312993539124,0.3563951759990844,0.5,0.7127903519981688,1049,0.26133532635774787,1.0,1
"iteration_1","SCOPE_DATA_COLLECTION",700,9,610.0,670.0,1,4242,3069,921,4242,3043,907,4042,2896,861,211,159,56,0.04961203856101575,0.05204582651391162,0.061068702290076333,0.3656775052174021,0.7748507643569936,1.3777561986530937,0.7313550104348042,0.7748507643569936,0.9185041324353959,0.24072241464621474,0.48964088397790057,0.5772357723577236,97.5,100.0,4372,188,3672,8,0,418,0.0018298261665141812,0.0,0.11383442265795207,0.05,0.5,0.6000000000000001,0.1,40.0,75.0,85.0,0.05,0.5,0.6000000000000001,0.1,40.0,75.0,85.0,3051,2919,132,3051,0.043264503441494594,0.7953124998003048,1.0,0.7953124998003048,1472,0.5042822884549504,1.0,1
"iteration_1","SCOPE_DATA_COLLECTION",700,9,610.0,670.0,2,4242,3069,921,4242,3043,907,4042,2896,861,211,159,56,0.04961203856101575,0.05204582651391162,0.061068702290076333,0.3656775052174021,0.7748507643569936,1.3777561986530937,0.7313550104348042,0.7748507643569936,0.9185041324353959,0.24072241464621474,0.48964088397790057,0.5772357723577236,97.5,100.0,4372,188,3672,8,0,418,0.0018298261665141812,0.0,0.11383442265795207,0.05,0.5,0.6000000000000001,0.1,40.0,75.0,85.0,0.05,0.5,0.6000000000000001,0.1,40.0,75.0,85.0,925,885,40,925,0.043243243243243246,1.332908761014259,1.5,0.8886058406761727,484,0.5468926553672316,1.0,1
"iteration_1","SCOPE_DATA_COLLECTION",700,10,670.0,730.0,0,4179,3051,925,4242,3069,921,4020,2918,891,165,132,40,0.03942652329749104,0.043278688524590166,0.04296455424274973,0.35769234463757504,0.7966303547550705,1.342590777418381,0.7153846892751501,0.7966303547550705,0.8950605182789206,0.26343283582089555,0.5047978067169294,0.5510662177328844,97.5,100.0,4377,200,3578,9,1,327,0.00205620287868403,0.005,0.09139183901621017,0.05,0.5,0.6000000000000001,0.1,40.0,75.0,85.0,0.05,0.5,0.6000000000000001,0.1,40.0,75.0,85.0,4204,3975,229,4204,0.05447193149381541,0.353276095041476,0.5,0.706552190082952,956,0.24050314465408806,1.0,1
"iteration_1","SCOPE_DATA_COLLECTION",700,10,670.0,730.0,1,4179,3051,925,4242,3069,921,4020,2918,891,165,132,40,0.03942652329749104,0.043278688524590166,0.04296455424274973,0.35769234463757504,0.7966303547550705,1.342590777418381,0.7153846892751501,0.7966303547550705,0.8950605182789206,0.26343283582089555,0.5047978067169294,0.5510662177328844,97.5,100.0,4377,200,3578,9,1,327,0.00205620287868403,0.005,0.09139183901621017,0.05,0.5,0.6000000000000001,0.1,40.0,75.0,85.0,0.05,0.5,0.6000000000000001,0.1,40.0,75.0,85.0,3084,2930,154,3084,0.04993514915693904,0.798026979155295,1.0,0.798026979155295,1463,0.4993174061433447,1.0,1
"iteration_1","SCOPE_DATA_COLLECTION",700,10,670.0,730.0,2,4179,3051,925,4242,3069,921,4020,2918,891,165,132,40,0.03942652329749104,0.043278688524590166,0.04296455424274973,0.35769234463757504,0.7966303547550705,1.342590777418381,0.7153846892751501,0.7966303547550705,0.8950605182789206,0.26343283582089555,0.5047978067169294,0.5510662177328844,97.5,100.0,4377,200,3578,9,1,327,0.00205620287868403,0.005,0.09139183901621017,0.05,0.5,0.6000000000000001,0.1,40.0,75.0,85.0,0.05,0.5,0.6000000000000001,0.1,40.0,75.0,85.0,973,913,60,973,0.06166495375128469,1.3505761613980578,1.5,0.9003841075987052,502,0.5498357064622125,1.0,1
"iteration_1","SCOPE_DATA_COLLECTION",700,11,730.0,790.0,0,4204,3084,973,4179,3051,925,3978,2944,912,227,152,58,0.0539833531510107,0.04909560723514212,0.05979381443298969,0.35250799571546604,0.7963437147674572,1.349799821030339,0.7050159914309321,0.7963437147674572,0.8998665473535593,0.2395676219205631,0.4969429347826087,0.5504385964912281,97.5,100.0,4303,202,3756,5,0,432,0.0011619800139437602,0.0,0.11501597444089456,0.05,0.5,0.6000000000000001,0.1,40.0,75.0,85.0,0.05,0.5,0.6000000000000001,0.1,40.0,75.0,85.0,4251,4016,235,4251,0.05528111032698189,0.3700324726488225,0.5,0.740064945297645,1072,0.26693227091633465,1.0,1
"iteration_1","SCOPE_DATA_COLLECTION",700,11,730.0,790.0,1,4204,3084,973,4179,3051,925,3978,2944,912,227,152,58,0.0539833531510107,0.04909560723514212,0.05979381443298969,0.35250799571546604,0.7963437147674572,1.349799821030339,0.7050159914309321,0.7963437147674572,0.8998665473535593,0.2395676219205631,0.4969429347826087,0.5504385964912281,97.5,100.0,4303,202,3756,5,0,432,0.0011619800139437602,0.0,0.11501597444089456,0.05,0.5,0.6000000000000001,0.1,40.0,75.0,85.0,0.05,0.5,0.6000000000000001,0.1,40.0,75.0,85.0,3051,2906,145,3051,0.047525401507702396,0.8056266920424214,1.0,0.8056266920424214,1485,0.5110116999311769,1.0,1
"iteration_1","SCOPE_DATA_COLLECTION",700,11,730.0,790.0,2,4204,3084,973,4179,3051,925,3978,2944,912,227,152,58,0.0539833531510107,0.04909560723514212,0.05979381443298969,0.35250799571546604,0.7963437147674572,1.349799821030339,0.7050159914309321,0.7963437147674572,0.8998665473535593,0.2395676219205631,0.4969429347826087,0.5504385964912281,97.5,100.0,4303,202,3756,5,0,432,0.0011619800139437602,0.0,0.11501597444089456,0.05,0.5,0.6000000000000001,0.1,40.0,75.0,85.0,0.05,0.5,0.6000000000000001,0.1,40.0,75.0,85.0,932,874,58,932,0.06223175965665236,1.3257495455636834,1.5,0.883833030375789,474,0.5423340961098398,1.0,1
"iteration_1","SCOPE_DATA_COLLECTION",700,12,790.0,850.0,0,4251,3051,932,4204,3084,973,4015,2901,872,237,147,60,0.055738476011288805,0.04822834645669291,0.06437768240343347,0.36986284865015967,0.8063040991294664,1.3222810402294078,0.7397256973003193,0.8063040991294664,0.8815206934862719,0.26550435865504357,0.5129265770423992,0.5401376146788991,97.5,100.0,4419,198,3617,3,0,441,6.788866259334691E-4,0.0,0.12192424661321537,0.05,0.5,0.6000000000000001,0.1,40.0,75.0,85.0,0.25,0.30000000000000004,0.4,0.4,40.0,80.0,75.0,4139,4135,4,4139,9.664170089393573E-4,0.3142395071152436,0.5,0.6284790142304872,943,0.22805320435308343,1.0,1
"iteration_1","SCOPE_DATA_COLLECTION",700,12,790.0,850.0,1,4251,3051,932,4204,3084,973,4015,2901,872,237,147,60,0.055738476011288805,0.04822834645669291,0.06437768240343347,0.36986284865015967,0.8063040991294664,1.3222810402294078,0.7397256973003193,0.8063040991294664,0.8815206934862719,0.26550435865504357,0.5129265770423992,0.5401376146788991,97.5,100.0,4419,198,3617,3,0,441,6.788866259334691E-4,0.0,0.12192424661321537,0.05,0.5,0.6000000000000001,0.1,40.0,75.0,85.0,0.25,0.30000000000000004,0.4,0.4,40.0,80.0,75.0,2967,2960,7,2967,0.0023592854735422987,0.7188862808082342,1.0,0.7188862808082342,1401,0.47331081081081083,1.0,1
"iteration_1","SCOPE_DATA_COLLECTION",700,12,790.0,850.0,2,4251,3051,932,4204,3084,973,4015,2901,872,237,147,60,0.055738476011288805,0.04822834645669291,0.06437768240343347,0.36986284865015967,0.8063040991294664,1.3222810402294078,0.7397256973003193,0.8063040991294664,0.8815206934862719,0.26550435865504357,0.5129265770423992,0.5401376146788991,97.5,100.0,4419,198,3617,3,0,441,6.788866259334691E-4,0.0,0.12192424661321537,0.05,0.5,0.6000000000000001,0.1,40.0,75.0,85.0,0.25,0.30000000000000004,0.4,0.4,40.0,80.0,75.0,952,949,3,952,0.0031512605042016808,1.3281711449819429,1.5,0.8854474299879619,514,0.541622760800843,1.0,1
"iteration_1","SCOPE_DATA_COLLECTION",700,13,850.0,910.0,0,4139,2967,952,4251,3051,932,4142,2960,954,4,7,3,9.64785335262904E-4,0.0023592854735422987,0.003134796238244514,0.3143968429833899,0.7166025017810786,1.3301352204236816,0.6287936859667798,0.7166025017810786,0.8867568136157877,0.22863351038145824,0.47094594594594597,0.5429769392033543,95.0,100.0,4357,933,2768,14,0,0,0.003213220105577232,0.0,0.0,0.25,0.30000000000000004,0.4,0.4,40.0,80.0,75.0,0.35000000000000003,0.2,0.5,0.5,30.0,70.0,85.0,4009,4006,3,4009,7.483162883512097E-4,0.3016780259577366,0.5,0.6033560519154731,751,0.1874687968047928,1.0,1
"iteration_1","SCOPE_DATA_COLLECTION",700,13,850.0,910.0,1,4139,2967,952,4251,3051,932,4142,2960,954,4,7,3,9.64785335262904E-4,0.0023592854735422987,0.003134796238244514,0.3143968429833899,0.7166025017810786,1.3301352204236816,0.6287936859667798,0.7166025017810786,0.8867568136157877,0.22863351038145824,0.47094594594594597,0.5429769392033543,95.0,100.0,4357,933,2768,14,0,0,0.003213220105577232,0.0,0.0,0.25,0.30000000000000004,0.4,0.4,40.0,80.0,75.0,0.35000000000000003,0.2,0.5,0.5,30.0,70.0,85.0,3106,3100,6,3106,0.0019317450096587251,0.761104485949925,1.0,0.761104485949925,1574,0.5077419354838709,1.0,1
"iteration_1","SCOPE_DATA_COLLECTION",700,13,850.0,910.0,2,4139,2967,952,4251,3051,932,4142,2960,954,4,7,3,9.64785335262904E-4,0.0023592854735422987,0.003134796238244514,0.3143968429833899,0.7166025017810786,1.3301352204236816,0.6287936859667798,0.7166025017810786,0.8867568136157877,0.22863351038145824,0.47094594594594597,0.5429769392033543,95.0,100.0,4357,933,2768,14,0,0,0.003213220105577232,0.0,0.0,0.25,0.30000000000000004,0.4,0.4,40.0,80.0,75.0,0.35000000000000003,0.2,0.5,0.5,30.0,70.0,85.0,899,893,6,899,0.006674082313681869,1.2897983411166014,1.5,0.8598655607444009,472,0.528555431131019,1.0,1
"iteration_1","SCOPE_DATA_COLLECTION",700,14,910.0,970.0,0,4009,3106,899,4139,2967,952,4006,3087,891,3,6,6,7.483162883512097E-4,0.0019398642095053346,0.006688963210702341,0.30162671451030554,0.7599951583326231,1.2915936784542676,0.6032534290206111,0.7599951583326231,0.8610624523028451,0.18696954568147778,0.5066407515387107,0.5297418630751964,95.0,100.0,4487,1270,2257,15,0,0,0.0033429908624916425,0.0,0.0,0.35000000000000003,0.2,0.5,0.5,30.0,70.0,85.0,0.45,0.30000000000000004,0.6000000000000001,0.6000000000000001,20.0,70.0,75.0,4310,4308,2,4310,4.640371229698376E-4,0.312241327334902,0.5,0.624482654669804,972,0.22562674094707522,1.0,1
"iteration_1","SCOPE_DATA_COLLECTION",700,14,910.0,970.0,1,4009,3106,899,4139,2967,952,4006,3087,891,3,6,6,7.483162883512097E-4,0.0019398642095053346,0.006688963210702341,0.30162671451030554,0.7599951583326231,1.2915936784542676,0.6032534290206111,0.7599951583326231,0.8610624523028451,0.18696954568147778,0.5066407515387107,0.5297418630751964,95.0,100.0,4487,1270,2257,15,0,0,0.0033429908624916425,0.0,0.0,0.35000000000000003,0.2,0.5,0.5,30.0,70.0,85.0,0.45,0.30000000000000004,0.6000000000000001,0.6000000000000001,20.0,70.0,75.0,3092,3085,7,3092,0.002263906856403622,0.7626485485112183,1.0,0.7626485485112183,1551,0.5027552674230146,1.0,1
"iteration_1","SCOPE_DATA_COLLECTION",700,14,910.0,970.0,2,4009,3106,899,4139,2967,952,4006,3087,891,3,6,6,7.483162883512097E-4,0.0019398642095053346,0.006688963210702341,0.30162671451030554,0.7599951583326231,1.2915936784542676,0.6032534290206111,0.7599951583326231,0.8610624523028451,0.18696954568147778,0.5066407515387107,0.5297418630751964,95.0,100.0,4487,1270,2257,15,0,0,0.0033429908624916425,0.0,0.0,0.35000000000000003,0.2,0.5,0.5,30.0,70.0,85.0,0.45,0.30000000000000004,0.6000000000000001,0.6000000000000001,20.0,70.0,75.0,906,902,4,906,0.004415011037527594,1.3276237491870098,1.5,0.8850824994580065,485,0.5376940133037694,1.0,1
"iteration_1","SCOPE_DATA_COLLECTION",700,15,970.0,1030.0,0,4310,3092,906,4009,3106,899,4305,3086,897,2,7,4,4.643603436266543E-4,0.0022631749110895573,0.004439511653718091,0.3122392854075417,0.7602704849658812,1.317590803802539,0.6244785708150834,0.7602704849658812,0.8783938692016927,0.22555168408826945,0.5022683084899546,0.5328874024526199,95.0,100.0,4590,1625,2093,12,1,0,0.00261437908496732,6.153846153846154E-4,0.0,0.45,0.30000000000000004,0.6000000000000001,0.6000000000000001,20.0,70.0,75.0,0.55,0.2,0.6000000000000001,0.7000000000000001,30.0,80.0,65.0,4228,4222,6,4228,0.0014191106906338694,0.302946410735739,0.5,0.605892821471478,814,0.19279962103268594,1.0,1
"iteration_1","SCOPE_DATA_COLLECTION",700,15,970.0,1030.0,1,4310,3092,906,4009,3106,899,4305,3086,897,2,7,4,4.643603436266543E-4,0.0022631749110895573,0.004439511653718091,0.3122392854075417,0.7602704849658812,1.317590803802539,0.6244785708150834,0.7602704849658812,0.8783938692016927,0.22555168408826945,0.5022683084899546,0.5328874024526199,95.0,100.0,4590,1625,2093,12,1,0,0.00261437908496732,6.153846153846154E-4,0.0,0.45,0.30000000000000004,0.6000000000000001,0.6000000000000001,20.0,70.0,75.0,0.55,0.2,0.6000000000000001,0.7000000000000001,30.0,80.0,65.0,3093,3084,9,3093,0.002909796314258002,0.7377124597102165,1.0,0.7377124597102165,1506,0.4883268482490272,1.0,1
"iteration_1","SCOPE_DATA_COLLECTION",700,15,970.0,1030.0,2,4310,3092,906,4009,3106,899,4305,3086,897,2,7,4,4.643603436266543E-4,0.0022631749110895573,0.004439511653718091,0.3122392854075417,0.7602704849658812,1.317590803802539,0.6244785708150834,0.7602704849658812,0.8783938692016927,0.22555168408826945,0.5022683084899546,0.5328874024526199,95.0,100.0,4590,1625,2093,12,1,0,0.00261437908496732,6.153846153846154E-4,0.0,0.45,0.30000000000000004,0.6000000000000001,0.6000000000000001,20.0,70.0,75.0,0.55,0.2,0.6000000000000001,0.7000000000000001,30.0,80.0,65.0,933,926,7,933,0.007502679528403001,1.3386464381825465,1.5,0.8924309587883643,508,0.5485961123110151,1.0,1
"iteration_1","SCOPE_DATA_COLLECTION",700,16,1030.0,1090.0,0,4228,3093,933,4310,3092,906,4214,3094,926,6,9,7,0.0014218009478672985,0.0029004189494038026,0.007502679528403001,0.3029046417390436,0.7418832589229656,1.3373253734030426,0.6058092834780872,0.7418832589229656,0.8915502489353617,0.19269102990033224,0.48998060762766643,0.5475161987041036,100.0,100.0,4553,1976,1725,22,0,0,0.004831978915001098,0.0,0.0,0.55,0.2,0.6000000000000001,0.7000000000000001,30.0,80.0,65.0,0.55,0.1,0.6000000000000001,0.7000000000000001,30.0,70.0,55.0,4306,4303,3,4306,6.967022758941013E-4,0.2953318745249034,0.5,0.5906637490498068,773,0.17964211015570533,1.0,1
"iteration_1","SCOPE_DATA_COLLECTION",700,16,1030.0,1090.0,1,4228,3093,933,4310,3092,906,4214,3094,926,6,9,7,0.0014218009478672985,0.0029004189494038026,0.007502679528403001,0.3029046417390436,0.7418832589229656,1.3373253734030426,0.6058092834780872,0.7418832589229656,0.8915502489353617,0.19269102990033224,0.48998060762766643,0.5475161987041036,100.0,100.0,4553,1976,1725,22,0,0,0.004831978915001098,0.0,0.0,0.55,0.2,0.6000000000000001,0.7000000000000001,30.0,80.0,65.0,0.55,0.1,0.6000000000000001,0.7000000000000001,30.0,70.0,55.0,3056,3049,7,3056,0.0022905759162303663,0.7404357045746401,1.0,0.7404357045746401,1508,0.4945883896359462,1.0,1
"iteration_1","SCOPE_DATA_COLLECTION",700,16,1030.0,1090.0,2,4228,3093,933,4310,3092,906,4214,3094,926,6,9,7,0.0014218009478672985,0.0029004189494038026,0.007502679528403001,0.3029046417390436,0.7418832589229656,1.3373253734030426,0.6058092834780872,0.7418832589229656,0.8915502489353617,0.19269102990033224,0.48998060762766643,0.5475161987041036,100.0,100.0,4553,1976,1725,22,0,0,0.004831978915001098,0.0,0.0,0.55,0.2,0.6000000000000001,0.7000000000000001,30.0,80.0,65.0,0.55,0.1,0.6000000000000001,0.7000000000000001,30.0,70.0,55.0,971,964,7,971,0.007209062821833162,1.3294895657477435,1.5,0.8863263771651623,531,0.5508298755186722,1.0,1
"iteration_1","SCOPE_DATA_COLLECTION",700,17,1090.0,1150.0,0,4306,3056,971,4228,3093,933,4310,3049,959,3,7,7,6.955715279387897E-4,0.0022905759162303663,0.007246376811594203,0.2954012396395912,0.7410451673606254,1.33145531186458,0.5908024792791824,0.7410451673606254,0.8876368745763866,0.1802784222737819,0.4955723187930469,0.5505735140771637,100.0,100.0,4548,2058,1727,15,2,0,0.0032981530343007917,9.718172983479105E-4,0.0,0.55,0.1,0.6000000000000001,0.7000000000000001,30.0,70.0,55.0,0.55,0.2,0.5,0.8,30.0,70.0,45.0,4148,4146,2,4148,4.8216007714561236E-4,0.3106784445684896,0.5,0.6213568891369792,876,0.21128798842257598,1.0,1
"iteration_1","SCOPE_DATA_COLLECTION",700,17,1090.0,1150.0,1,4306,3056,971,4228,3093,933,4310,3049,959,3,7,7,6.955715279387897E-4,0.0022905759162303663,0.007246376811594203,0.2954012396395912,0.7410451673606254,1.33145531186458,0.5908024792791824,0.7410451673606254,0.8876368745763866,0.1802784222737819,0.4955723187930469,0.5505735140771637,100.0,100.0,4548,2058,1727,15,2,0,0.0032981530343007917,9.718172983479105E-4,0.0,0.55,0.1,0.6000000000000001,0.7000000000000001,30.0,70.0,55.0,0.55,0.2,0.5,0.8,30.0,70.0,45.0,3010,3002,8,3010,0.0026578073089701,0.7327055689709452,1.0,0.7327055689709452,1446,0.4816788807461692,1.0,1
"iteration_1","SCOPE_DATA_COLLECTION",700,17,1090.0,1150.0,2,4306,3056,971,4228,3093,933,4310,3049,959,3,7,7,6.955715279387897E-4,0.0022905759162303663,0.007246376811594203,0.2954012396395912,0.7410451673606254,1.33145531186458,0.5908024792791824,0.7410451673606254,0.8876368745763866,0.1802784222737819,0.4955723187930469,0.5505735140771637,100.0,100.0,4548,2058,1727,15,2,0,0.0032981530343007917,9.718172983479105E-4,0.0,0.55,0.1,0.6000000000000001,0.7000000000000001,30.0,70.0,55.0,0.55,0.2,0.5,0.8,30.0,70.0,45.0,877,872,5,877,0.005701254275940707,1.368690214778588,1.5,0.9124601431857253,496,0.5688073394495413,1.0,1
"iteration_1","SCOPE_DATA_COLLECTION",700,18,1150.0,1210.0,0,4148,3010,877,4306,3056,971,4144,3001,881,2,8,5,4.82392667631452E-4,0.0026586905948820204,0.0056433408577878106,0.31040271460188895,0.734245046258479,1.3745554230448822,0.6208054292037779,0.734245046258479,0.9163702820299214,0.20994208494208494,0.4828390536487837,0.5732122587968218,100.0,100.0,4550,1918,1567,14,1,0,0.003076923076923077,5.213764337851929E-4,0.0,0.55,0.2,0.5,0.8,30.0,70.0,45.0,0.8500000000000001,0.2,0.1,0.6000000000000001,90.0,80.0,30.0,4220,4216,4,4220,9.478672985781991E-4,0.3039300007538875,0.5,0.607860001507775,855,0.2027988614800759,1.0,1
"iteration_1","SCOPE_DATA_COLLECTION",700,18,1150.0,1210.0,1,4148,3010,877,4306,3056,971,4144,3001,881,2,8,5,4.82392667631452E-4,0.0026586905948820204,0.0056433408577878106,0.31040271460188895,0.734245046258479,1.3745554230448822,0.6208054292037779,0.734245046258479,0.9163702820299214,0.20994208494208494,0.4828390536487837,0.5732122587968218,100.0,100.0,4550,1918,1567,14,1,0,0.003076923076923077,5.213764337851929E-4,0.0,0.55,0.2,0.5,0.8,30.0,70.0,45.0,0.8500000000000001,0.2,0.1,0.6000000000000001,90.0,80.0,30.0,3121,3119,2,3121,6.408202499198974E-4,0.7183217076441781,1.0,0.7183217076441781,1522,0.487976915678102,1.0,1
"iteration_1","SCOPE_DATA_COLLECTION",700,18,1150.0,1210.0,2,4148,3010,877,4306,3056,971,4144,3001,881,2,8,5,4.82392667631452E-4,0.0026586905948820204,0.0056433408577878106,0.31040271460188895,0.734245046258479,1.3745554230448822,0.6208054292037779,0.734245046258479,0.9163702820299214,0.20994208494208494,0.4828390536487837,0.5732122587968218,100.0,100.0,4550,1918,1567,14,1,0,0.003076923076923077,5.213764337851929E-4,0.0,0.55,0.2,0.5,0.8,30.0,70.0,45.0,0.8500000000000001,0.2,0.1,0.6000000000000001,90.0,80.0,30.0,948,944,4,948,0.004219409282700422,1.2925881148140899,1.5,0.86172540987606,511,0.5413135593220338,1.0,1
"iteration_1","SCOPE_DATA_COLLECTION",700,19,1210.0,1270.0,0,4220,3121,948,4148,3010,877,4213,3117,948,4,2,4,9.485416172634575E-4,6.412311638345624E-4,0.004201680672268907,0.30355762719063983,0.7151341193680285,1.289935752645449,0.6071152543812797,0.7151341193680285,0.8599571684302992,0.20270591027771184,0.4850818094321463,0.5390295358649789,95.0,100.0,4502,3186,601,8,2,0,0.001776988005330964,6.277463904582549E-4,0.0,0.8500000000000001,0.2,0.1,0.6000000000000001,90.0,80.0,30.0,0.75,0.30000000000000004,0.1,0.7000000000000001,90.0,80.0,30.0,4206,4201,5,4206,0.0011887779362815027,0.29794411855924574,0.5,0.5958882371184915,836,0.19900023803856226,1.0,1
"iteration_1","SCOPE_DATA_COLLECTION",700,19,1210.0,1270.0,1,4220,3121,948,4148,3010,877,4213,3117,948,4,2,4,9.485416172634575E-4,6.412311638345624E-4,0.004201680672268907,0.30355762719063983,0.7151341193680285,1.289935752645449,0.6071152543812797,0.7151341193680285,0.8599571684302992,0.20270591027771184,0.4850818094321463,0.5390295358649789,95.0,100.0,4502,3186,601,8,2,0,0.001776988005330964,6.277463904582549E-4,0.0,0.8500000000000001,0.2,0.1,0.6000000000000001,90.0,80.0,30.0,0.75,0.30000000000000004,0.1,0.7000000000000001,90.0,80.0,30.0,3155,3151,4,3155,0.0012678288431061807,0.692826445048524,1.0,0.692826445048524,1457,0.46239289114566806,1.0,1
"iteration_1","SCOPE_DATA_COLLECTION",700,19,1210.0,1270.0,2,4220,3121,948,4148,3010,877,4213,3117,948,4,2,4,9.485416172634575E-4,6.412311638345624E-4,0.004201680672268907,0.30355762719063983,0.7151341193680285,1.289935752645449,0.6071152543812797,0.7151341193680285,0.8599571684302992,0.20270591027771184,0.4850818094321463,0.5390295358649789,95.0,100.0,4502,3186,601,8,2,0,0.001776988005330964,6.277463904582549E-4,0.0,0.8500000000000001,0.2,0.1,0.6000000000000001,90.0,80.0,30.0,0.75,0.30000000000000004,0.1,0.7000000000000001,90.0,80.0,30.0,987,984,3,987,0.00303951367781155,1.2630610974812206,1.5,0.8420407316541471,510,0.5182926829268293,1.0,1
"iteration_1","SCOPE_DATA_COLLECTION",700,20,1270.0,1330.0,0,4206,3155,987,4220,3121,948,4213,3157,978,5,4,3,0.0011853959222380276,0.0012654223347042075,0.0030581039755351682,0.29875568130813523,0.6960792097330574,1.2572138321635977,0.5975113626162705,0.6960792097330574,0.8381425547757319,0.20056966532162354,0.46436490338929365,0.516359918200409,97.5,100.0,4411,2921,1016,8,4,0,0.001813647698934482,0.0013693940431359123,0.0,0.75,0.30000000000000004,0.1,0.7000000000000001,90.0,80.0,30.0,0.8500000000000001,0.2,0.1,0.7000000000000001,90.0,90.0,40.0,4255,4252,3,4255,7.050528789659225E-4,0.31145006546863047,0.5,0.6229001309372609,887,0.2086077140169332,1.0,1
"iteration_1","SCOPE_DATA_COLLECTION",700,20,1270.0,1330.0,1,4206,3155,987,4220,3121,948,4213,3157,978,5,4,3,0.0011853959222380276,0.0012654223347042075,0.0030581039755351682,0.29875568130813523,0.6960792097330574,1.2572138321635977,0.5975113626162705,0.6960792097330574,0.8381425547757319,0.20056966532162354,0.46436490338929365,0.516359918200409,97.5,100.0,4411,2921,1016,8,4,0,0.001813647698934482,0.0013693940431359123,0.0,0.75,0.30000000000000004,0.1,0.7000000000000001,90.0,80.0,30.0,0.8500000000000001,0.2,0.1,0.7000000000000001,90.0,90.0,40.0,3039,3037,2,3039,6.581112207963146E-4,0.7186169481589904,1.0,0.7186169481589904,1488,0.48995719459993414,1.0,1
"iteration_1","SCOPE_DATA_COLLECTION",700,20,1270.0,1330.0,2,4206,3155,987,4220,3121,948,4213,3157,978,5,4,3,0.0011853959222380276,0.0012654223347042075,0.0030581039755351682,0.29875568130813523,0.6960792097330574,1.2572138321635977,0.5975113626162705,0.6960792097330574,0.8381425547757319,0.20056966532162354,0.46436490338929365,0.516359918200409,97.5,100.0,4411,2921,1016,8,4,0,0.001813647698934482,0.0013693940431359123,0.0,0.75,0.30000000000000004,0.1,0.7000000000000001,90.0,80.0,30.0,0.8500000000000001,0.2,0.1,0.7000000000000001,90.0,90.0,40.0,910,904,6,910,0.006593406593406593,1.2941031296511487,1.5,0.8627354197674325,490,0.5420353982300885,1.0,1
"iteration_1","SCOPE_DATA_COLLECTION",700,21,1330.0,1390.0,0,4255,3039,910,4206,3155,987,4248,3039,906,3,2,6,7.057163020465773E-4,6.576783952647156E-4,0.006578947368421052,0.3113043940631196,0.7179442639362102,1.300664649039388,0.6226087881262392,0.7179442639362102,0.8671097660262587,0.208804143126177,0.49029285949325435,0.5441501103752759,100.0,100.0,4601,3056,547,10,1,0,0.0021734405564007822,3.272251308900524E-4,0.0,0.8500000000000001,0.2,0.1,0.7000000000000001,90.0,90.0,40.0,0.9500000000000001,0.1,0.1,0.7000000000000001,80.0,95.0,50.0,4311,4308,3,4311,6.958942240779402E-4,0.31625475834656025,0.5,0.6325095166931205,852,0.1977715877437326,1.0,1
"iteration_1","SCOPE_DATA_COLLECTION",700,21,1330.0,1390.0,1,4255,3039,910,4206,3155,987,4248,3039,906,3,2,6,7.057163020465773E-4,6.576783952647156E-4,0.006578947368421052,0.3113043940631196,0.7179442639362102,1.300664649039388,0.6226087881262392,0.7179442639362102,0.8671097660262587,0.208804143126177,0.49029285949325435,0.5441501103752759,100.0,100.0,4601,3056,547,10,1,0,0.0021734405564007822,3.272251308900524E-4,0.0,0.8500000000000001,0.2,0.1,0.7000000000000001,90.0,90.0,40.0,0.9500000000000001,0.1,0.1,0.7000000000000001,80.0,95.0,50.0,3059,3054,5,3059,0.0016345210853220007,0.7429787878019027,1.0,0.7429787878019027,1562,0.5114603798297315,1.0,1
"iteration_1","SCOPE_DATA_COLLECTION",700,21,1330.0,1390.0,2,4255,3039,910,4206,3155,987,4248,3039,906,3,2,6,7.057163020465773E-4,6.576783952647156E-4,0.006578947368421052,0.3113043940631196,0.7179442639362102,1.300664649039388,0.6226087881262392,0.7179442639362102,0.8671097660262587,0.208804143126177,0.49029285949325435,0.5441501103752759,100.0,100.0,4601,3056,547,10,1,0,0.0021734405564007822,3.272251308900524E-4,0.0,0.8500000000000001,0.2,0.1,0.7000000000000001,90.0,90.0,40.0,0.9500000000000001,0.1,0.1,0.7000000000000001,80.0,95.0,50.0,944,939,5,944,0.005296610169491525,1.2904820999134843,1.5,0.8603213999423228,504,0.536741214057508,1.0,1
"iteration_1","SCOPE_DATA_COLLECTION",700,22,1390.0,1450.0,0,4311,3059,944,4255,3039,910,4299,3048,947,3,5,5,6.97350069735007E-4,0.0016377333770062235,0.005252100840336135,0.3163239211642861,0.7427992528175206,1.2978853104749957,0.6326478423285722,0.7427992528175206,0.8652568736499971,0.19748778785764132,0.510498687664042,0.5406546990496304,97.5,100.0,4734,3409,171,10,3,0,0.0021123785382340513,8.800234672924611E-4,0.0,0.9500000000000001,0.1,0.1,0.7000000000000001,80.0,95.0,50.0,0.2,0.5,0.1,0.6000000000000001,65.0,75.0,35.0,4305,4238,67,4305,0.01556329849012776,0.31606452758070414,0.5,0.6321290551614083,921,0.2173194903256253,1.0,1
"iteration_1","SCOPE_DATA_COLLECTION",700,22,1390.0,1450.0,1,4311,3059,944,4255,3039,910,4299,3048,947,3,5,5,6.97350069735007E-4,0.0016377333770062235,0.005252100840336135,0.3163239211642861,0.7427992528175206,1.2978853104749957,0.6326478423285722,0.7427992528175206,0.8652568736499971,0.19748778785764132,0.510498687664042,0.5406546990496304,97.5,100.0,4734,3409,171,10,3,0,0.0021123785382340513,8.800234672924611E-4,0.0,0.9500000000000001,0.1,0.1,0.7000000000000001,80.0,95.0,50.0,0.2,0.5,0.1,0.6000000000000001,65.0,75.0,35.0,3172,3104,68,3172,0.021437578814627996,0.6982957975188334,1.0,0.6982957975188334,1406,0.4529639175257732,1.0,1
"iteration_1","SCOPE_DATA_COLLECTION",700,22,1390.0,1450.0,2,4311,3059,944,4255,3039,910,4299,3048,947,3,5,5,6.97350069735007E-4,0.0016377333770062235,0.005252100840336135,0.3163239211642861,0.7427992528175206,1.2978853104749957,0.6326478423285722,0.7427992528175206,0.8652568736499971,0.19748778785764132,0.510498687664042,0.5406546990496304,97.5,100.0,4734,3409,171,10,3,0,0.0021123785382340513,8.800234672924611E-4,0.0,0.9500000000000001,0.1,0.1,0.7000000000000001,80.0,95.0,50.0,0.2,0.5,0.1,0.6000000000000001,65.0,75.0,35.0,942,924,18,942,0.01910828025477707,1.338416777616842,1.5,0.8922778517445614,507,0.5487012987012987,1.0,1
"iteration_1","SCOPE_DATA_COLLECTION",700,23,1450.0,1510.0,0,4305,3172,942,4311,3059,944,4238,3114,918,67,68,18,0.01556329849012776,0.021370207416719043,0.019230769230769232,0.3151289200167423,0.6983070615696503,1.32712668380516,0.6302578400334846,0.6983070615696503,0.8847511225367733,0.21637564889098632,0.45375722543352603,0.5435729847494554,97.5,100.0,4380,783,3256,11,0,142,0.002511415525114155,0.0,0.04361179361179361,0.2,0.5,0.1,0.6000000000000001,65.0,75.0,35.0,0.1,0.4,0.2,0.5,55.0,85.0,45.0,4335,4161,174,4335,0.04013840830449827,0.33276555322607076,0.5,0.6655311064521415,972,0.2335976928622927,1.0,1
"iteration_1","SCOPE_DATA_COLLECTION",700,23,1450.0,1510.0,1,4305,3172,942,4311,3059,944,4238,3114,918,67,68,18,0.01556329849012776,0.021370207416719043,0.019230769230769232,0.3151289200167423,0.6983070615696503,1.32712668380516,0.6302578400334846,0.6983070615696503,0.8847511225367733,0.21637564889098632,0.45375722543352603,0.5435729847494554,97.5,100.0,4380,783,3256,11,0,142,0.002511415525114155,0.0,0.04361179361179361,0.2,0.5,0.1,0.6000000000000001,65.0,75.0,35.0,0.1,0.4,0.2,0.5,55.0,85.0,45.0,3047,2946,101,3047,0.03314735805710535,0.7169146310906078,1.0,0.7169146310906078,1356,0.46028513238289204,1.0,1
"iteration_1","SCOPE_DATA_COLLECTION",700,23,1450.0,1510.0,2,4305,3172,942,4311,3059,944,4238,3114,918,67,68,18,0.01556329849012776,0.021370207416719043,0.019230769230769232,0.3151289200167423,0.6983070615696503,1.32712668380516,0.6302578400334846,0.6983070615696503,0.8847511225367733,0.21637564889098632,0.45375722543352603,0.5435729847494554,97.5,100.0,4380,783,3256,11,0,142,0.002511415525114155,0.0,0.04361179361179361,0.2,0.5,0.1,0.6000000000000001,65.0,75.0,35.0,0.1,0.4,0.2,0.5,55.0,85.0,45.0,976,939,37,976,0.03790983606557377,1.395338753023731,1.5,0.9302258353491539,538,0.5729499467518637,1.0,1
"iteration_1","SCOPE_DATA_COLLECTION",700,24,1510.0,1570.0,0,4335,3047,976,4305,3172,942,4164,2933,929,174,101,37,0.040110650069156296,0.033289386947923535,0.038302277432712216,0.3330345852744418,0.715862614350125,1.3964504505722497,0.6660691705488836,0.715862614350125,0.9309669670481665,0.23439000960614795,0.45959768155472214,0.5780409041980624,100.0,100.0,4299,399,3660,11,0,301,0.0025587345894394044,0.0,0.08224043715846995,0.1,0.4,0.2,0.5,55.0,85.0,45.0,0.1,0.4,0.2,0.5,55.0,85.0,45.0,4244,3994,250,4244,0.0589066918001885,0.3579141728523145,0.5,0.715828345704629,1007,0.25212819228843264,1.0,1
"iteration_1","SCOPE_DATA_COLLECTION",700,24,1510.0,1570.0,1,4335,3047,976,4305,3172,942,4164,2933,929,174,101,37,0.040110650069156296,0.033289386947923535,0.038302277432712216,0.3330345852744418,0.715862614350125,1.3964504505722497,0.6660691705488836,0.715862614350125,0.9309669670481665,0.23439000960614795,0.45959768155472214,0.5780409041980624,100.0,100.0,4299,399,3660,11,0,301,0.0025587345894394044,0.0,0.08224043715846995,0.1,0.4,0.2,0.5,55.0,85.0,45.0,0.1,0.4,0.2,0.5,55.0,85.0,45.0,3175,2977,198,3175,0.06236220472440945,0.7769132937171976,1.0,0.7769132937171976,1494,0.5018474974806852,1.0,1
"iteration_1","SCOPE_DATA_COLLECTION",700,24,1510.0,1570.0,2,4335,3047,976,4305,3172,942,4164,2933,929,174,101,37,0.040110650069156296,0.033289386947923535,0.038302277432712216,0.3330345852744418,0.715862614350125,1.3964504505722497,0.6660691705488836,0.715862614350125,0.9309669670481665,0.23439000960614795,0.45959768155472214,0.5780409041980624,100.0,100.0,4299,399,3660,11,0,301,0.0025587345894394044,0.0,0.08224043715846995,0.1,0.4,0.2,0.5,55.0,85.0,45.0,0.1,0.4,0.2,0.5,55.0,85.0,45.0,983,913,70,983,0.07121057985757884,1.3348654054813394,1.5,0.8899102703208929,493,0.5399780941949617,1.0,1
"iteration_1","SCOPE_DATA_COLLECTION",700,25,1570.0,1630.0,0,4244,3175,983,4335,3047,976,3993,2980,930,250,198,70,0.05892057506481263,0.062303335431088736,0.07,0.3584737802899069,0.7764029742897746,1.343502540015573,0.7169475605798138,0.7764029742897746,0.895668360010382,0.25194089656899576,0.5013422818791946,0.5397849462365591,92.5,100.0,4378,378,3646,14,0,504,0.0031978072179077205,0.0,0.13823368074602305,0.1,0.4,0.2,0.5,55.0,85.0,45.0,0.1,0.4,0.2,0.5,55.0,85.0,45.0,4132,4019,113,4132,0.02734753146176186,0.32848108992557623,0.5,0.6569621798511525,864,0.2149788504603135,1.0,1
"iteration_1","SCOPE_DATA_COLLECTION",700,25,1570.0,1630.0,1,4244,3175,983,4335,3047,976,3993,2980,930,250,198,70,0.05892057506481263,0.062303335431088736,0.07,0.3584737802899069,0.7764029742897746,1.343502540015573,0.7169475605798138,0.7764029742897746,0.895668360010382,0.25194089656899576,0.5013422818791946,0.5397849462365591,92.5,100.0,4378,378,3646,14,0,504,0.0031978072179077205,0.0,0.13823368074602305,0.1,0.4,0.2,0.5,55.0,85.0,45.0,0.1,0.4,0.2,0.5,55.0,85.0,45.0,3147,3030,117,3147,0.037178265014299335,0.7327038451736749,1.0,0.7327038451736749,1437,0.47425742574257423,1.0,1
"iteration_1","SCOPE_DATA_COLLECTION",700,25,1570.0,1630.0,2,4244,3175,983,4335,3047,976,3993,2980,930,250,198,70,0.05892057506481263,0.062303335431088736,0.07,0.3584737802899069,0.7764029742897746,1.343502540015573,0.7169475605798138,0.7764029742897746,0.895668360010382,0.25194089656899576,0.5013422818791946,0.5397849462365591,92.5,100.0,4378,378,3646,14,0,504,0.0031978072179077205,0.0,0.13823368074602305,0.1,0.4,0.2,0.5,55.0,85.0,45.0,0.1,0.4,0.2,0.5,55.0,85.0,45.0,941,901,40,941,0.04250797024442083,1.360650595488425,1.5,0.9071003969922833,506,0.5615982241953386,1.0,1
"iteration_1","SCOPE_DATA_COLLECTION",700,26,1630.0,1690.0,0,4132,3147,941,4244,3175,983,4012,3030,889,113,117,40,0.027393939393939394,0.037178265014299335,0.04305705059203445,0.3284319289013995,0.7353917760556672,1.35465456108734,0.656863857802799,0.7353917760556672,0.9031030407248933,0.2146061814556331,0.4765676567656766,0.5579302587176603,97.5,100.0,4336,408,3476,10,1,259,0.0023062730627306273,0.0024509803921568627,0.07451093210586882,0.1,0.4,0.2,0.5,55.0,85.0,45.0,0.25,0.30000000000000004,0.9,0.30000000000000004,80.0,30.0,60.0,4266,4246,20,4266,0.0046882325363338025,0.31698775667348755,0.5,0.6339755133469751,934,0.21997173810645312,1.0,1
"iteration_1","SCOPE_DATA_COLLECTION",700,26,1630.0,1690.0,1,4132,3147,941,4244,3175,983,4012,3030,889,113,117,40,0.027393939393939394,0.037178265014299335,0.04305705059203445,0.3284319289013995,0.7353917760556672,1.35465456108734,0.656863857802799,0.7353917760556672,0.9031030407248933,0.2146061814556331,0.4765676567656766,0.5579302587176603,97.5,100.0,4336,408,3476,10,1,259,0.0023062730627306273,0.0024509803921568627,0.07451093210586882,0.1,0.4,0.2,0.5,55.0,85.0,45.0,0.25,0.30000000000000004,0.9,0.30000000000000004,80.0,30.0,60.0,3020,3000,20,3020,0.006622516556291391,0.7648149636355613,1.0,0.7648149636355613,1508,0.5026666666666667,1.0,1
"iteration_1","SCOPE_DATA_COLLECTION",700,26,1630.0,1690.0,2,4132,3147,941,4244,3175,983,4012,3030,889,113,117,40,0.027393939393939394,0.037178265014299335,0.04305705059203445,0.3284319289013995,0.7353917760556672,1.35465456108734,0.656863857802799,0.7353917760556672,0.9031030407248933,0.2146061814556331,0.4765676567656766,0.5579302587176603,97.5,100.0,4336,408,3476,10,1,259,0.0023062730627306273,0.0024509803921568627,0.07451093210586882,0.1,0.4,0.2,0.5,55.0,85.0,45.0,0.25,0.30000000000000004,0.9,0.30000000000000004,80.0,30.0,60.0,893,883,10,893,0.011198208286674132,1.3730769683711106,1.5,0.9153846455807404,498,0.5639864099660249,1.0,1
"iteration_1","SCOPE_DATA_COLLECTION",700,27,1690.0,1750.0,0,4266,3020,893,4132,3147,941,4250,2998,887,20,20,10,0.00468384074941452,0.0066269052352551355,0.011148272017837236,0.3165738231218383,0.7625027988079901,1.376595460172436,0.6331476462436766,0.7625027988079901,0.9177303067816239,0.21976470588235295,0.5010006671114076,0.5659526493799324,100.0,100.0,4514,868,2797,16,0,34,0.003544528134692069,0.0,0.01215588130139435,0.25,0.30000000000000004,0.9,0.30000000000000004,80.0,30.0,60.0,0.25,0.30000000000000004,0.8,0.2,90.0,30.0,60.0,4281,4270,11,4281,0.002569493109086662,0.3263531735941857,0.5,0.6527063471883714,1028,0.24074941451990634,1.0,1
"iteration_1","SCOPE_DATA_COLLECTION",700,27,1690.0,1750.0,1,4266,3020,893,4132,3147,941,4250,2998,887,20,20,10,0.00468384074941452,0.0066269052352551355,0.011148272017837236,0.3165738231218383,0.7625027988079901,1.376595460172436,0.6331476462436766,0.7625027988079901,0.9177303067816239,0.21976470588235295,0.5010006671114076,0.5659526493799324,100.0,100.0,4514,868,2797,16,0,34,0.003544528134692069,0.0,0.01215588130139435,0.25,0.30000000000000004,0.9,0.30000000000000004,80.0,30.0,60.0,0.25,0.30000000000000004,0.8,0.2,90.0,30.0,60.0,3102,3092,10,3102,0.003223726627981947,0.7198917058896438,1.0,0.7198917058896438,1431,0.4628072445019405,1.0,1
"iteration_1","SCOPE_DATA_COLLECTION",700,27,1690.0,1750.0,2,4266,3020,893,4132,3147,941,4250,2998,887,20,20,10,0.00468384074941452,0.0066269052352551355,0.011148272017837236,0.3165738231218383,0.7625027988079901,1.376595460172436,0.6331476462436766,0.7625027988079901,0.9177303067816239,0.21976470588235295,0.5010006671114076,0.5659526493799324,100.0,100.0,4514,868,2797,16,0,34,0.003544528134692069,0.0,0.01215588130139435,0.25,0.30000000000000004,0.9,0.30000000000000004,80.0,30.0,60.0,0.25,0.30000000000000004,0.8,0.2,90.0,30.0,60.0,1006,998,8,1006,0.007952286282306162,1.3057994117468439,1.5,0.8705329411645626,534,0.5350701402805611,1.0,1
"iteration_1","SCOPE_DATA_COLLECTION",700,28,1750.0,1810.0,0,4281,3102,1006,4266,3020,893,4245,3085,993,11,6,4,0.0025845864661654134,0.0019411193788417987,0.004012036108324975,0.3208121852023275,0.718561416819265,1.3086561396657903,0.641624370404655,0.718561416819265,0.8724374264438602,0.2365135453474676,0.4619124797406807,0.5367573011077543,97.5,100.0,4383,1023,2983,10,0,11,0.0022815423226100846,0.0,0.0036875628561850488,0.25,0.30000000000000004,0.8,0.2,90.0,30.0,60.0,0.25,0.4,0.9,0.1,95.0,40.0,60.0,4253,4218,35,4253,0.008229485069362802,0.32127582496502505,0.5,0.6425516499300501,1015,0.24063537221431958,1.0,1
"iteration_1","SCOPE_DATA_COLLECTION",700,28,1750.0,1810.0,1,4281,3102,1006,4266,3020,893,4245,3085,993,11,6,4,0.0025845864661654134,0.0019411193788417987,0.004012036108324975,0.3208121852023275,0.718561416819265,1.3086561396657903,0.641624370404655,0.718561416819265,0.8724374264438602,0.2365135453474676,0.4619124797406807,0.5367573011077543,97.5,100.0,4383,1023,2983,10,0,11,0.0022815423226100846,0.0,0.0036875628561850488,0.25,0.30000000000000004,0.8,0.2,90.0,30.0,60.0,0.25,0.4,0.9,0.1,95.0,40.0,60.0,3046,3017,29,3046,0.009520682862770847,0.76010293779461,1.0,0.76010293779461,1499,0.49685117666556183,1.0,1
"iteration_1","SCOPE_DATA_COLLECTION",700,28,1750.0,1810.0,2,4281,3102,1006,4266,3020,893,4245,3085,993,11,6,4,0.0025845864661654134,0.0019411193788417987,0.004012036108324975,0.3208121852023275,0.718561416819265,1.3086561396657903,0.641624370404655,0.718561416819265,0.8724374264438602,0.2365135453474676,0.4619124797406807,0.5367573011077543,97.5,100.0,4383,1023,2983,10,0,11,0.0022815423226100846,0.0,0.0036875628561850488,0.25,0.30000000000000004,0.8,0.2,90.0,30.0,60.0,0.25,0.4,0.9,0.1,95.0,40.0,60.0,959,951,8,959,0.008342022940563087,1.3120345540123353,1.5,0.8746897026748902,514,0.5404837013669821,1.0,1
"iteration_1","SCOPE_DATA_COLLECTION",700,29,1810.0,1870.0,0,4253,3046,959,4281,3102,1006,4240,3032,955,35,33,12,0.008187134502923977,0.010766721044045677,0.012409513960703205,0.32671098546937044,0.761531020031578,1.3008101473856328,0.6534219709387409,0.761531020031578,0.8672067649237553,0.2436320754716981,0.49769129287598945,0.5350785340314136,95.0,100.0,4384,960,2914,7,0,73,0.0015967153284671533,0.0,0.025051475634866163,0.25,0.4,0.9,0.1,95.0,40.0,60.0,0.15000000000000002,0.2,0.7000000000000001,0.6000000000000001,80.0,55.0,95.0,4196,4151,45,4196,0.010724499523355576,0.312856992430911,0.5,0.625713984861822,773,0.18622018790652856,1.0,1
"iteration_1","SCOPE_DATA_COLLECTION",700,29,1810.0,1870.0,1,4253,3046,959,4281,3102,1006,4240,3032,955,35,33,12,0.008187134502923977,0.010766721044045677,0.012409513960703205,0.32671098546937044,0.761531020031578,1.3008101473856328,0.6534219709387409,0.761531020031578,0.8672067649237553,0.2436320754716981,0.49769129287598945,0.5350785340314136,95.0,100.0,4384,960,2914,7,0,73,0.0015967153284671533,0.0,0.025051475634866163,0.25,0.4,0.9,0.1,95.0,40.0,60.0,0.15000000000000002,0.2,0.7000000000000001,0.6000000000000001,80.0,55.0,95.0,3007,2973,34,3007,0.011306950448952444,0.7383999590648067,1.0,0.7383999590648067,1420,0.477632021527077,1.0,1
"iteration_1","SCOPE_DATA_COLLECTION",700,29,1810.0,1870.0,2,4253,3046,959,4281,3102,1006,4240,3032,955,35,33,12,0.008187134502923977,0.010766721044045677,0.012409513960703205,0.32671098546937044,0.761531020031578,1.3008101473856328,0.6534219709387409,0.761531020031578,0.8672067649237553,0.2436320754716981,0.49769129287598945,0.5350785340314136,95.0,100.0,4384,960,2914,7,0,73,0.0015967153284671533,0.0,0.025051475634866163,0.25,0.4,0.9,0.1,95.0,40.0,60.0,0.15000000000000002,0.2,0.7000000000000001,0.6000000000000001,80.0,55.0,95.0,907,888,19,907,0.020948180815876516,1.3786743512994322,1.5,0.9191162341996214,503,0.5664414414414415,1.0,1
"iteration_1","SCOPE_DATA_COLLECTION",700,30,1870.0,1930.0,0,4196,3007,907,4253,3046,959,4154,2971,891,45,34,19,0.010716837342224339,0.011314475873544094,0.020879120879120878,0.31335754438129476,0.7388696047831833,1.3858201280758926,0.6267150887625895,0.7388696047831833,0.9238800853839284,0.1875300914780934,0.47829013800067316,0.5701459034792368,100.0,100.0,4509,555,3046,17,0,81,0.003770237303171435,0.0,0.02659225213394616,0.15000000000000002,0.2,0.7000000000000001,0.6000000000000001,80.0,55.0,95.0,0.05,0.30000000000000004,0.8,0.5,80.0,45.0,95.0,4138,4004,134,4138,0.032382793620106334,0.3319338202290957,0.5,0.6638676404581914,858,0.21428571428571427,1.0,1
"iteration_1","SCOPE_DATA_COLLECTION",700,30,1870.0,1930.0,1,4196,3007,907,4253,3046,959,4154,2971,891,45,34,19,0.010716837342224339,0.011314475873544094,0.020879120879120878,0.31335754438129476,0.7388696047831833,1.3858201280758926,0.6267150887625895,0.7388696047831833,0.9238800853839284,0.1875300914780934,0.47829013800067316,0.5701459034792368,100.0,100.0,4509,555,3046,17,0,81,0.003770237303171435,0.0,0.02659225213394616,0.15000000000000002,0.2,0.7000000000000001,0.6000000000000001,80.0,55.0,95.0,0.05,0.30000000000000004,0.8,0.5,80.0,45.0,95.0,3059,2971,88,3059,0.02876757110166721,0.7832477546724069,1.0,0.7832477546724069,1455,0.4897340962638842,1.0,1
"iteration_1","SCOPE_DATA_COLLECTION",700,30,1870.0,1930.0,2,4196,3007,907,4253,3046,959,4154,2971,891,45,34,19,0.010716837342224339,0.011314475873544094,0.020879120879120878,0.31335754438129476,0.7388696047831833,1.3858201280758926,0.6267150887625895,0.7388696047831833,0.9238800853839284,0.1875300914780934,0.47829013800067316,0.5701459034792368,100.0,100.0,4509,555,3046,17,0,81,0.003770237303171435,0.0,0.02659225213394616,0.15000000000000002,0.2,0.7000000000000001,0.6000000000000001,80.0,55.0,95.0,0.05,0.30000000000000004,0.8,0.5,80.0,45.0,95.0,907,875,32,907,0.03528114663726571,1.3776464274115308,1.5,0.9184309516076872,486,0.5554285714285714,1.0,1
"iteration_1","SCOPE_DATA_COLLECTION",700,31,1930.0,1990.0,0,4138,3059,907,4196,3007,907,4012,2974,867,134,88,32,0.032320308731307285,0.028739386022207707,0.035595105672969966,0.3323457686018515,0.7839098710434802,1.3757464633214733,0.664691537203703,0.7839098710434802,0.9171643088809822,0.21510468594217347,0.49159381304640215,0.5536332179930796,97.5,100.0,4433,181,3490,19,0,235,0.00428603654410106,0.0,0.0673352435530086,0.05,0.30000000000000004,0.8,0.5,80.0,45.0,95.0,0.7000000000000001,0.9,0.6000000000000001,0.1,80.0,45.0,95.0,4262,4259,3,4262,7.038948850305022E-4,0.31409192482114784,0.5,0.6281838496422957,1000,0.23479690068091102,1.0,1
"iteration_1","SCOPE_DATA_COLLECTION",700,31,1930.0,1990.0,1,4138,3059,907,4196,3007,907,4012,2974,867,134,88,32,0.032320308731307285,0.028739386022207707,0.035595105672969966,0.3323457686018515,0.7839098710434802,1.3757464633214733,0.664691537203703,0.7839098710434802,0.9171643088809822,0.21510468594217347,0.49159381304640215,0.5536332179930796,97.5,100.0,4433,181,3490,19,0,235,0.00428603654410106,0.0,0.0673352435530086,0.05,0.30000000000000004,0.8,0.5,80.0,45.0,95.0,0.7000000000000001,0.9,0.6000000000000001,0.1,80.0,45.0,95.0,3016,3015,1,3016,3.315649867374005E-4,0.718789899883518,1.0,0.718789899883518,1410,0.46766169154228854,1.0,1
"iteration_1","SCOPE_DATA_COLLECTION",700,31,1930.0,1990.0,2,4138,3059,907,4196,3007,907,4012,2974,867,134,88,32,0.032320308731307285,0.028739386022207707,0.035595105672969966,0.3323457686018515,0.7839098710434802,1.3757464633214733,0.664691537203703,0.7839098710434802,0.9171643088809822,0.21510468594217347,0.49159381304640215,0.5536332179930796,97.5,100.0,4433,181,3490,19,0,235,0.00428603654410106,0.0,0.0673352435530086,0.05,0.30000000000000004,0.8,0.5,80.0,45.0,95.0,0.7000000000000001,0.9,0.6000000000000001,0.1,80.0,45.0,95.0,884,881,3,884,0.003393665158371041,1.3028564962709461,1.5,0.868570997513964,484,0.5493757094211124,1.0,1
"iteration_1","SCOPE_DATA_COLLECTION",700,32,1990.0,2050.0,0,4262,3016,884,4138,3059,907,4263,3005,886,3,1,3,7.032348804500703E-4,3.3266799733865603E-4,0.003374578177727784,0.3137840412057937,0.7179398300264297,1.30879040453339,0.6275680824115873,0.7179398300264297,0.8725269363555933,0.23410743607787943,0.46589018302828616,0.5519187358916479,100.0,100.0,4357,2688,1117,4,3,0,9.180628873077806E-4,0.0011160714285714285,0.0,0.7000000000000001,0.9,0.6000000000000001,0.1,80.0,45.0,95.0,0.8,0.9,0.7000000000000001,0.1,80.0,45.0,95.0,4295,4290,5,4295,0.0011641443538998836,0.3310991829647052,0.5,0.6621983659294104,1125,0.26223776223776224,1.0,1
"iteration_1","SCOPE_DATA_COLLECTION",700,32,1990.0,2050.0,1,4262,3016,884,4138,3059,907,4263,3005,886,3,1,3,7.032348804500703E-4,3.3266799733865603E-4,0.003374578177727784,0.3137840412057937,0.7179398300264297,1.30879040453339,0.6275680824115873,0.7179398300264297,0.8725269363555933,0.23410743607787943,0.46589018302828616,0.5519187358916479,100.0,100.0,4357,2688,1117,4,3,0,9.180628873077806E-4,0.0011160714285714285,0.0,0.7000000000000001,0.9,0.6000000000000001,0.1,80.0,45.0,95.0,0.8,0.9,0.7000000000000001,0.1,80.0,45.0,95.0,3057,3053,4,3057,0.0013084723585214263,0.7301011965451232,1.0,0.7301011965451232,1441,0.47199475925319356,1.0,1
"iteration_1","SCOPE_DATA_COLLECTION",700,32,1990.0,2050.0,2,4262,3016,884,4138,3059,907,4263,3005,886,3,1,3,7.032348804500703E-4,3.3266799733865603E-4,0.003374578177727784,0.3137840412057937,0.7179398300264297,1.30879040453339,0.6275680824115873,0.7179398300264297,0.8725269363555933,0.23410743607787943,0.46589018302828616,0.5519187358916479,100.0,100.0,4357,2688,1117,4,3,0,9.180628873077806E-4,0.0011160714285714285,0.0,0.7000000000000001,0.9,0.6000000000000001,0.1,80.0,45.0,95.0,0.8,0.9,0.7000000000000001,0.1,80.0,45.0,95.0,916,915,1,916,0.001091703056768559,1.275495647142757,1.5,0.8503304314285046,490,0.5355191256830601,1.0,1
"iteration_1","SCOPE_DATA_COLLECTION",700,33,2050.0,2110.0,0,4295,3057,916,4262,3016,884,4279,3053,917,5,4,1,0.0011671335200746965,0.0013084723585214263,0.0010893246187363835,0.33105010693634374,0.7276744157721942,1.269955130363371,0.6621002138726875,0.7276744157721942,0.8466367535755807,0.2622107969151671,0.46937438584998364,0.5321701199563795,97.5,100.0,4459,3039,770,6,4,0,0.0013455931823278763,0.0013162224415926291,0.0,0.8,0.9,0.7000000000000001,0.1,80.0,45.0,95.0,0.9,0.8,0.7000000000000001,0.2,90.0,55.0,95.0,4303,4297,6,4303,0.0013943760167325122,0.34507927584328046,0.5,0.6901585516865609,1194,0.2778682801954852,1.0,1
"iteration_1","SCOPE_DATA_COLLECTION",700,33,2050.0,2110.0,1,4295,3057,916,4262,3016,884,4279,3053,917,5,4,1,0.0011671335200746965,0.0013084723585214263,0.0010893246187363835,0.33105010693634374,0.7276744157721942,1.269955130363371,0.6621002138726875,0.7276744157721942,0.8466367535755807,0.2622107969151671,0.46937438584998364,0.5321701199563795,97.5,100.0,4459,3039,770,6,4,0,0.0013455931823278763,0.0013162224415926291,0.0,0.8,0.9,0.7000000000000001,0.1,80.0,45.0,95.0,0.9,0.8,0.7000000000000001,0.2,90.0,55.0,95.0,2938,2927,11,2938,0.0037440435670524166,0.7473026138981729,1.0,0.7473026138981729,1407,0.4806969593440383,1.0,1
"iteration_1","SCOPE_DATA_COLLECTION",700,33,2050.0,2110.0,2,4295,3057,916,4262,3016,884,4279,3053,917,5,4,1,0.0011671335200746965,0.0013084723585214263,0.0010893246187363835,0.33105010693634374,0.7276744157721942,1.269955130363371,0.6621002138726875,0.7276744157721942,0.8466367535755807,0.2622107969151671,0.46937438584998364,0.5321701199563795,97.5,100.0,4459,3039,770,6,4,0,0.0013455931823278763,0.0013162224415926291,0.0,0.8,0.9,0.7000000000000001,0.1,80.0,45.0,95.0,0.9,0.8,0.7000000000000001,0.2,90.0,55.0,95.0,900,896,4,900,0.0044444444444444444,1.3339899841600935,1.5,0.889326656106729,495,0.5524553571428571,1.0,1
"iteration_1","SCOPE_DATA_COLLECTION",700,34,2110.0,2170.0,0,4303,2938,900,4295,3057,916,4301,2928,904,6,11,4,0.0013930810308799629,0.00374276964954066,0.004405286343612335,0.34513218480900043,0.7486247870279218,1.3416963097238845,0.6902643696180009,0.7486247870279218,0.8944642064825897,0.27784236224133924,0.4812158469945355,0.5575221238938053,97.5,100.0,4488,3300,353,15,6,0,0.0033422459893048127,0.0018181818181818182,0.0,0.9,0.8,0.7000000000000001,0.2,90.0,55.0,95.0,0.9,0.8,0.7000000000000001,0.2,90.0,55.0,95.0,4190,4187,3,4190,7.159904534606205E-4,0.33072190938442797,0.5,0.6614438187688559,1064,0.25411989491282544,1.0,1
"iteration_1","SCOPE_DATA_COLLECTION",700,34,2110.0,2170.0,1,4303,2938,900,4295,3057,916,4301,2928,904,6,11,4,0.0013930810308799629,0.00374276964954066,0.004405286343612335,0.34513218480900043,0.7486247870279218,1.3416963097238845,0.6902643696180009,0.7486247870279218,0.8944642064825897,0.27784236224133924,0.4812158469945355,0.5575221238938053,97.5,100.0,4488,3300,353,15,6,0,0.0033422459893048127,0.0018181818181818182,0.0,0.9,0.8,0.7000000000000001,0.2,90.0,55.0,95.0,0.9,0.8,0.7000000000000001,0.2,90.0,55.0,95.0,3062,3054,8,3062,0.002612671456564337,0.7282333056748407,1.0,0.7282333056748407,1432,0.46889325474787164,1.0,1
"iteration_1","SCOPE_DATA_COLLECTION",700,34,2110.0,2170.0,2,4303,2938,900,4295,3057,916,4301,2928,904,6,11,4,0.0013930810308799629,0.00374276964954066,0.004405286343612335,0.34513218480900043,0.7486247870279218,1.3416963097238845,0.6902643696180009,0.7486247870279218,0.8944642064825897,0.27784236224133924,0.4812158469945355,0.5575221238938053,97.5,100.0,4488,3300,353,15,6,0,0.0033422459893048127,0.0018181818181818182,0.0,0.9,0.8,0.7000000000000001,0.2,90.0,55.0,95.0,0.9,0.8,0.7000000000000001,0.2,90.0,55.0,95.0,926,925,1,926,0.0010799136069114472,1.2828215546847719,1.5,0.8552143697898479,491,0.5308108108108108,1.0,1
"iteration_1","SCOPE_DATA_COLLECTION",700,35,2170.0,2230.0,0,4190,3062,926,4303,2938,900,4191,3059,918,3,7,1,7.15307582260372E-4,0.00228310502283105,0.001088139281828074,0.330724331598379,0.7288056917834852,1.2771178184798209,0.661448663196758,0.7288056917834852,0.8514118789865472,0.25435456931519923,0.47139588100686497,0.5272331154684096,100.0,100.0,4402,3414,362,9,2,0,0.002044525215810995,5.858230814294083E-4,0.0,0.9,0.8,0.7000000000000001,0.2,90.0,55.0,95.0,0.9,0.9,0.6000000000000001,0.1,90.0,65.0,95.0,4219,4215,4,4219,9.480919649205973E-4,0.33080982910894413,0.5,0.6616196582178883,1108,0.262870699881376,1.0,1
"iteration_1","SCOPE_DATA_COLLECTION",700,35,2170.0,2230.0,1,4190,3062,926,4303,2938,900,4191,3059,918,3,7,1,7.15307582260372E-4,0.00228310502283105,0.001088139281828074,0.330724331598379,0.7288056917834852,1.2771178184798209,0.661448663196758,0.7288056917834852,0.8514118789865472,0.25435456931519923,0.47139588100686497,0.5272331154684096,100.0,100.0,4402,3414,362,9,2,0,0.002044525215810995,5.858230814294083E-4,0.0,0.9,0.8,0.7000000000000001,0.2,90.0,55.0,95.0,0.9,0.9,0.6000000000000001,0.1,90.0,65.0,95.0,2980,2974,6,2980,0.0020134228187919465,0.7482880360024273,1.0,0.7482880360024273,1467,0.4932750504371217,1.0,1
"iteration_1","SCOPE_DATA_COLLECTION",700,35,2170.0,2230.0,2,4190,3062,926,4303,2938,900,4191,3059,918,3,7,1,7.15307582260372E-4,0.00228310502283105,0.001088139281828074,0.330724331598379,0.7288056917834852,1.2771178184798209,0.661448663196758,0.7288056917834852,0.8514118789865472,0.25435456931519923,0.47139588100686497,0.5272331154684096,100.0,100.0,4402,3414,362,9,2,0,0.002044525215810995,5.858230814294083E-4,0.0,0.9,0.8,0.7000000000000001,0.2,90.0,55.0,95.0,0.9,0.9,0.6000000000000001,0.1,90.0,65.0,95.0,900,896,4,900,0.0044444444444444444,1.3000043492095175,1.5,0.8666695661396783,487,0.5435267857142857,1.0,1
"iteration_1","SCOPE_DATA_COLLECTION",700,36,2230.0,2290.0,0,4219,2980,900,4190,3062,926,4212,2963,897,4,7,4,9.487666034155598E-4,0.0023569023569023568,0.004439511653718091,0.33084549583867723,0.7473595360235745,1.3032611503401395,0.6616909916773545,0.7473595360235745,0.8688407668934263,0.26282051282051283,0.49206884913938576,0.5462653288740246,100.0,100.0,4384,3366,349,10,5,0,0.002281021897810219,0.0014854426619132501,0.0,0.9,0.9,0.6000000000000001,0.1,90.0,65.0,95.0,0.9,0.9,0.6000000000000001,0.1,90.0,65.0,95.0,4216,4211,5,4216,0.0011859582542694497,0.33229932033377196,0.5,0.6645986406675439,1146,0.27214438375682737,1.0,1
"iteration_1","SCOPE_DATA_COLLECTION",700,36,2230.0,2290.0,1,4219,2980,900,4190,3062,926,4212,2963,897,4,7,4,9.487666034155598E-4,0.0023569023569023568,0.004439511653718091,0.33084549583867723,0.7473595360235745,1.3032611503401395,0.6616909916773545,0.7473595360235745,0.8688407668934263,0.26282051282051283,0.49206884913938576,0.5462653288740246,100.0,100.0,4384,3366,349,10,5,0,0.002281021897810219,0.0014854426619132501,0.0,0.9,0.9,0.6000000000000001,0.1,90.0,65.0,95.0,0.9,0.9,0.6000000000000001,0.1,90.0,65.0,95.0,3078,3073,5,3078,0.0016244314489928524,0.7497288558662756,1.0,0.7497288558662756,1495,0.486495281483892,1.0,1
"iteration_1","SCOPE_DATA_COLLECTION",700,36,2230.0,2290.0,2,4219,2980,900,4190,3062,926,4212,2963,897,4,7,4,9.487666034155598E-4,0.0023569023569023568,0.004439511653718091,0.33084549583867723,0.7473595360235745,1.3032611503401395,0.6616909916773545,0.7473595360235745,0.8688407668934263,0.26282051282051283,0.49206884913938576,0.5462653288740246,100.0,100.0,4384,3366,349,10,5,0,0.002281021897810219,0.0014854426619132501,0.0,0.9,0.9,0.6000000000000001,0.1,90.0,65.0,95.0,0.9,0.9,0.6000000000000001,0.1,90.0,65.0,95.0,969,964,5,969,0.005159958720330237,1.2461265736509606,1.5,0.8307510491006403,487,0.5051867219917012,1.0,1
"iteration_1","SCOPE_DATA_COLLECTION",700,37,2290.0,2350.0,0,4216,3078,969,4219,2980,900,4206,3083,965,5,5,5,0.0011873664212776064,0.0016191709844559584,0.005154639175257732,0.3308230385716886,0.7497429237002657,1.2431038288266045,0.6616460771433772,0.7497429237002657,0.8287358858844031,0.2717546362339515,0.4855660071359066,0.5036269430051813,95.0,100.0,4413,3492,358,11,4,0,0.002492635395422615,0.001145475372279496,0.0,0.9,0.9,0.6000000000000001,0.1,90.0,65.0,95.0,0.75,0.8,0.2,0.7000000000000001,45.0,70.0,55.0,4251,4246,5,4251,0.0011761938367442955,0.32347247722055555,0.5,0.6469449544411111,1063,0.25035327366933585,1.0,1
"iteration_1","SCOPE_DATA_COLLECTION",700,37,2290.0,2350.0,1,4216,3078,969,4219,2980,900,4206,3083,965,5,5,5,0.0011873664212776064,0.0016191709844559584,0.005154639175257732,0.3308230385716886,0.7497429237002657,1.2431038288266045,0.6616460771433772,0.7497429237002657,0.8287358858844031,0.2717546362339515,0.4855660071359066,0.5036269430051813,95.0,100.0,4413,3492,358,11,4,0,0.002492635395422615,0.001145475372279496,0.0,0.9,0.9,0.6000000000000001,0.1,90.0,65.0,95.0,0.75,0.8,0.2,0.7000000000000001,45.0,70.0,55.0,3073,3069,4,3073,0.0013016596160104132,0.7178241625487275,1.0,0.7178241625487275,1448,0.47181492342782666,1.0,1
"iteration_1","SCOPE_DATA_COLLECTION",700,37,2290.0,2350.0,2,4216,3078,969,4219,2980,900,4206,3083,965,5,5,5,0.0011873664212776064,0.0016191709844559584,0.005154639175257732,0.3308230385716886,0.7497429237002657,1.2431038288266045,0.6616460771433772,0.7497429237002657,0.8287358858844031,0.2717546362339515,0.4855660071359066,0.5036269430051813,95.0,100.0,4413,3492,358,11,4,0,0.002492635395422615,0.001145475372279496,0.0,0.9,0.9,0.6000000000000001,0.1,90.0,65.0,95.0,0.75,0.8,0.2,0.7000000000000001,45.0,70.0,55.0,905,896,9,905,0.009944751381215469,1.3021747551735285,1.5,0.868116503449019,475,0.5301339285714286,1.0,1
"iteration_1","SCOPE_DATA_COLLECTION",700,38,2350.0,2410.0,0,4251,3073,905,4216,3078,969,4249,3067,887,5,4,9,0.0011753643629525152,0.0013025073266037122,0.010044642857142858,0.32516532372940876,0.7211547135528844,1.296952666540994,0.6503306474588175,0.7211547135528844,0.8646351110273294,0.2515886090844905,0.4747310074991849,0.5276211950394588,100.0,100.0,4469,2829,931,17,1,0,0.00380398299395838,3.534817956875221E-4,0.0,0.75,0.8,0.2,0.7000000000000001,45.0,70.0,55.0,0.75,0.7000000000000001,0.1,0.8,35.0,60.0,45.0,4211,4205,6,4211,0.0014248397055331276,0.31118961746042334,0.5,0.6223792349208467,925,0.21997621878715815,1.0,1
"iteration_1","SCOPE_DATA_COLLECTION",700,38,2350.0,2410.0,1,4251,3073,905,4216,3078,969,4249,3067,887,5,4,9,0.0011753643629525152,0.0013025073266037122,0.010044642857142858,0.32516532372940876,0.7211547135528844,1.296952666540994,0.6503306474588175,0.7211547135528844,0.8646351110273294,0.2515886090844905,0.4747310074991849,0.5276211950394588,100.0,100.0,4469,2829,931,17,1,0,0.00380398299395838,3.534817956875221E-4,0.0,0.75,0.8,0.2,0.7000000000000001,45.0,70.0,55.0,0.75,0.7000000000000001,0.1,0.8,35.0,60.0,45.0,3086,3083,3,3086,9.721322099805574E-4,0.7022663995022251,1.0,0.7022663995022251,1437,0.4661044437236458,1.0,1
"iteration_1","SCOPE_DATA_COLLECTION",700,38,2350.0,2410.0,2,4251,3073,905,4216,3078,969,4249,3067,887,5,4,9,0.0011753643629525152,0.0013025073266037122,0.010044642857142858,0.32516532372940876,0.7211547135528844,1.296952666540994,0.6503306474588175,0.7211547135528844,0.8646351110273294,0.2515886090844905,0.4747310074991849,0.5276211950394588,100.0,100.0,4469,2829,931,17,1,0,0.00380398299395838,3.534817956875221E-4,0.0,0.75,0.8,0.2,0.7000000000000001,45.0,70.0,55.0,0.75,0.7000000000000001,0.1,0.8,35.0,60.0,45.0,932,929,3,932,0.003218884120171674,1.3249035673642606,1.5,0.8832690449095071,507,0.5457481162540366,1.0,1
"iteration_1","SCOPE_DATA_COLLECTION",700,39,2410.0,2470.0,0,4211,3086,932,4251,3073,905,4205,3082,935,6,3,3,0.0014248397055331276,9.724473257698541E-4,0.0031982942430703624,0.31086664004917824,0.7012782807683978,1.3314761074779977,0.6217332800983565,0.7012782807683978,0.8876507383186651,0.2202140309155767,0.4652822842310188,0.5486631016042781,100.0,100.0,4459,2860,910,9,3,0,0.002018389773491814,0.001048951048951049,0.0,0.75,0.7000000000000001,0.1,0.8,35.0,60.0,45.0,0.8500000000000001,0.7000000000000001,0.1,0.8,45.0,70.0,55.0,4271,4268,3,4271,7.024116132053383E-4,0.31825674498514583,0.5,0.6365134899702917,996,0.23336457357075913,1.0,1
"iteration_1","SCOPE_DATA_COLLECTION",700,39,2410.0,2470.0,1,4211,3086,932,4251,3073,905,4205,3082,935,6,3,3,0.0014248397055331276,9.724473257698541E-4,0.0031982942430703624,0.31086664004917824,0.7012782807683978,1.3314761074779977,0.6217332800983565,0.7012782807683978,0.8876507383186651,0.2202140309155767,0.4652822842310188,0.5486631016042781,100.0,100.0,4459,2860,910,9,3,0,0.002018389773491814,0.001048951048951049,0.0,0.75,0.7000000000000001,0.1,0.8,35.0,60.0,45.0,0.8500000000000001,0.7000000000000001,0.1,0.8,45.0,70.0,55.0,3080,3074,6,3080,0.001948051948051948,0.6829337189739061,1.0,0.6829337189739061,1384,0.450227716330514,1.0,1
"iteration_1","SCOPE_DATA_COLLECTION",700,39,2410.0,2470.0,2,4211,3086,932,4251,3073,905,4205,3082,935,6,3,3,0.0014248397055331276,9.724473257698541E-4,0.0031982942430703624,0.31086664004917824,0.7012782807683978,1.3314761074779977,0.6217332800983565,0.7012782807683978,0.8876507383186651,0.2202140309155767,0.4652822842310188,0.5486631016042781,100.0,100.0,4459,2860,910,9,3,0,0.002018389773491814,0.001048951048951049,0.0,0.75,0.7000000000000001,0.1,0.8,35.0,60.0,45.0,0.8500000000000001,0.7000000000000001,0.1,0.8,45.0,70.0,55.0,936,933,3,936,0.003205128205128205,1.3038947375267762,1.5,0.8692631583511842,495,0.5305466237942122,1.0,1
"iteration_1","SCOPE_DATA_COLLECTION",700,40,2470.0,2530.0,0,4271,3080,936,4211,3086,932,4269,3079,933,3,6,3,7.022471910112359E-4,0.0019448946515397082,0.003205128205128205,0.31752626977088527,0.6825920423853378,1.3019779397170825,0.6350525395417705,0.6825920423853378,0.8679852931447217,0.23167018037011008,0.44949658980188373,0.5305466237942122,92.5,100.0,4444,3270,573,9,3,0,0.0020252025202520253,9.174311926605505E-4,0.0,0.8500000000000001,0.7000000000000001,0.1,0.8,45.0,70.0,55.0,0.9500000000000001,0.7000000000000001,0.1,0.8,45.0,60.0,55.0,4238,4234,4,4238,9.438414346389807E-4,0.3203622509110574,0.5,0.6407245018221148,1031,0.2435049598488427,1.0,1
"iteration_1","SCOPE_DATA_COLLECTION",700,40,2470.0,2530.0,1,4271,3080,936,4211,3086,932,4269,3079,933,3,6,3,7.022471910112359E-4,0.0019448946515397082,0.003205128205128205,0.31752626977088527,0.6825920423853378,1.3019779397170825,0.6350525395417705,0.6825920423853378,0.8679852931447217,0.23167018037011008,0.44949658980188373,0.5305466237942122,92.5,100.0,4444,3270,573,9,3,0,0.0020252025202520253,9.174311926605505E-4,0.0,0.8500000000000001,0.7000000000000001,0.1,0.8,45.0,70.0,55.0,0.9500000000000001,0.7000000000000001,0.1,0.8,45.0,60.0,55.0,3130,3128,2,3130,6.389776357827476E-4,0.6964135975783614,1.0,0.6964135975783614,1419,0.45364450127877237,1.0,1
"iteration_1","SCOPE_DATA_COLLECTION",700,40,2470.0,2530.0,2,4271,3080,936,4211,3086,932,4269,3079,933,3,6,3,7.022471910112359E-4,0.0019448946515397082,0.003205128205128205,0.31752626977088527,0.6825920423853378,1.3019779397170825,0.6350525395417705,0.6825920423853378,0.8679852931447217,0.23167018037011008,0.44949658980188373,0.5305466237942122,92.5,100.0,4444,3270,573,9,3,0,0.0020252025202520253,9.174311926605505E-4,0.0,0.8500000000000001,0.7000000000000001,0.1,0.8,45.0,70.0,55.0,0.9500000000000001,0.7000000000000001,0.1,0.8,45.0,60.0,55.0,953,948,5,953,0.005246589716684155,1.3316061479818724,1.5,0.8877374319879149,517,0.5453586497890295,1.0,1
"iteration_1","SCOPE_DATA_COLLECTION",700,41,2530.0,2590.0,0,4238,3130,953,4271,3080,936,4241,3121,948,4,2,5,9.422850412249705E-4,6.404098623118795E-4,0.005246589716684155,0.32161242498435255,0.696543751485714,1.3300108588946138,0.6432248499687051,0.696543751485714,0.8866739059297425,0.24522518273991983,0.4543415571932073,0.5432489451476793,100.0,100.0,4420,3718,183,9,2,0,0.0020361990950226246,5.379236148466917E-4,0.0,0.9500000000000001,0.7000000000000001,0.1,0.8,45.0,60.0,55.0,0.8500000000000001,0.8,0.1,0.7000000000000001,45.0,60.0,65.0,4205,4201,4,4205,9.512485136741974E-4,0.31290935292139627,0.5,0.6258187058427925,953,0.22685074982147108,1.0,1
"iteration_1","SCOPE_DATA_COLLECTION",700,41,2530.0,2590.0,1,4238,3130,953,4271,3080,936,4241,3121,948,4,2,5,9.422850412249705E-4,6.404098623118795E-4,0.005246589716684155,0.32161242498435255,0.696543751485714,1.3300108588946138,0.6432248499687051,0.696543751485714,0.8866739059297425,0.24522518273991983,0.4543415571932073,0.5432489451476793,100.0,100.0,4420,3718,183,9,2,0,0.0020361990950226246,5.379236148466917E-4,0.0,0.9500000000000001,0.7000000000000001,0.1,0.8,45.0,60.0,55.0,0.8500000000000001,0.8,0.1,0.7000000000000001,45.0,60.0,65.0,3049,3046,3,3049,9.839291571006887E-4,0.6999750417704167,1.0,0.6999750417704167,1428,0.46881155613919895,1.0,1
"iteration_1","SCOPE_DATA_COLLECTION",700,41,2530.0,2590.0,2,4238,3130,953,4271,3080,936,4241,3121,948,4,2,5,9.422850412249705E-4,6.404098623118795E-4,0.005246589716684155,0.32161242498435255,0.696543751485714,1.3300108588946138,0.6432248499687051,0.696543751485714,0.8866739059297425,0.24522518273991983,0.4543415571932073,0.5432489451476793,100.0,100.0,4420,3718,183,9,2,0,0.0020361990950226246,5.379236148466917E-4,0.0,0.9500000000000001,0.7000000000000001,0.1,0.8,45.0,60.0,55.0,0.8500000000000001,0.8,0.1,0.7000000000000001,45.0,60.0,65.0,911,902,9,911,0.009879253567508232,1.3534541481456974,1.5,0.902302765430465,507,0.5620842572062085,1.0,1
"iteration_1","SCOPE_DATA_COLLECTION",700,42,2590.0,2650.0,0,4205,3049,911,4238,3130,953,4187,3063,899,4,3,9,9.54426151276545E-4,9.784735812133072E-4,0.009911894273127754,0.3121003299247674,0.7011964010039669,1.3468118229354815,0.6242006598495348,0.7011964010039669,0.8978745486236543,0.2249820874134225,0.4694743715311786,0.5595105672969967,100.0,100.0,4406,3163,596,14,2,0,0.0031774852473899226,6.323110970597534E-4,0.0,0.8500000000000001,0.8,0.1,0.7000000000000001,45.0,60.0,65.0,0.65,0.30000000000000004,0.8,0.9,45.0,80.0,25.0,4233,4227,6,4233,0.001417434443656981,0.30943759328145654,0.5,0.6188751865629131,894,0.21149751596877217,1.0,1
"iteration_1","SCOPE_DATA_COLLECTION",700,42,2590.0,2650.0,1,4205,3049,911,4238,3130,953,4187,3063,899,4,3,9,9.54426151276545E-4,9.784735812133072E-4,0.009911894273127754,0.3121003299247674,0.7011964010039669,1.3468118229354815,0.6242006598495348,0.7011964010039669,0.8978745486236543,0.2249820874134225,0.4694743715311786,0.5595105672969967,100.0,100.0,4406,3163,596,14,2,0,0.0031774852473899226,6.323110970597534E-4,0.0,0.8500000000000001,0.8,0.1,0.7000000000000001,45.0,60.0,65.0,0.65,0.30000000000000004,0.8,0.9,45.0,80.0,25.0,3079,3072,7,3079,0.0022734654108476776,0.7393144566532904,1.0,0.7393144566532904,1484,0.4830729166666667,1.0,1
"iteration_1","SCOPE_DATA_COLLECTION",700,42,2590.0,2650.0,2,4205,3049,911,4238,3130,953,4187,3063,899,4,3,9,9.54426151276545E-4,9.784735812133072E-4,0.009911894273127754,0.3121003299247674,0.7011964010039669,1.3468118229354815,0.6242006598495348,0.7011964010039669,0.8978745486236543,0.2249820874134225,0.4694743715311786,0.5595105672969967,100.0,100.0,4406,3163,596,14,2,0,0.0031774852473899226,6.323110970597534E-4,0.0,0.8500000000000001,0.8,0.1,0.7000000000000001,45.0,60.0,65.0,0.65,0.30000000000000004,0.8,0.9,45.0,80.0,25.0,954,947,7,954,0.007337526205450734,1.2781662125869342,1.5,0.8521108083912895,488,0.515311510031679,1.0,1
"iteration_1","SCOPE_DATA_COLLECTION",700,43,2650.0,2710.0,0,4233,3079,954,4205,3049,911,4232,3051,952,5,7,7,0.001180080245456691,0.002289077828646174,0.0072992700729927005,0.30968082952026277,0.7342009184200381,1.285074827606858,0.6193616590405255,0.7342009184200381,0.8567165517379053,0.21313799621928167,0.4801704359226483,0.5189075630252101,95.0,100.0,4520,2458,1288,16,3,0,0.0035398230088495575,0.0012205044751830757,0.0,0.65,0.30000000000000004,0.8,0.9,45.0,80.0,25.0,0.30000000000000004,0.8,0.1,0.9,20.0,35.0,75.0,4329,4302,27,4329,0.006237006237006237,0.31811585961623495,0.5,0.6362317192324699,981,0.2280334728033473,1.0,1
"iteration_1","SCOPE_DATA_COLLECTION",700,43,2650.0,2710.0,1,4233,3079,954,4205,3049,911,4232,3051,952,5,7,7,0.001180080245456691,0.002289077828646174,0.0072992700729927005,0.30968082952026277,0.7342009184200381,1.285074827606858,0.6193616590405255,0.7342009184200381,0.8567165517379053,0.21313799621928167,0.4801704359226483,0.5189075630252101,95.0,100.0,4520,2458,1288,16,3,0,0.0035398230088495575,0.0012205044751830757,0.0,0.65,0.30000000000000004,0.8,0.9,45.0,80.0,25.0,0.30000000000000004,0.8,0.1,0.9,20.0,35.0,75.0,3027,3007,20,3027,0.006607201850016518,0.6864173971170958,1.0,0.6864173971170958,1363,0.45327569005653473,1.0,1
"iteration_1","SCOPE_DATA_COLLECTION",700,43,2650.0,2710.0,2,4233,3079,954,4205,3049,911,4232,3051,952,5,7,7,0.001180080245456691,0.002289077828646174,0.0072992700729927005,0.30968082952026277,0.7342009184200381,1.285074827606858,0.6193616590405255,0.7342009184200381,0.8567165517379053,0.21313799621928167,0.4801704359226483,0.5189075630252101,95.0,100.0,4520,2458,1288,16,3,0,0.0035398230088495575,0.0012205044751830757,0.0,0.65,0.30000000000000004,0.8,0.9,45.0,80.0,25.0,0.30000000000000004,0.8,0.1,0.9,20.0,35.0,75.0,932,923,9,932,0.009656652360515022,1.2630144428657695,1.5,0.8420096285771796,478,0.5178764897074756,1.0,1
"iteration_1","SCOPE_DATA_COLLECTION",700,44,2710.0,2770.0,0,4329,3027,932,4233,3079,954,4294,3021,914,28,20,9,0.006478482184173994,0.006576783952647156,0.009750812567713976,0.3175111594302467,0.69190393390698,1.2629101668394593,0.6350223188604934,0.69190393390698,0.8419401112263062,0.22519795062878434,0.45547831843760345,0.5175054704595186,100.0,100.0,4457,1188,2643,12,0,45,0.0026923939869867622,0.0,0.0170261066969353,0.30000000000000004,0.8,0.1,0.9,20.0,35.0,75.0,0.9,0.2,0.30000000000000004,0.9,25.0,70.0,40.0,4243,4239,4,4243,9.427292010370022E-4,0.2983352426443084,0.5,0.5966704852886168,816,0.19249823071479122,1.0,1
"iteration_1","SCOPE_DATA_COLLECTION",700,44,2710.0,2770.0,1,4329,3027,932,4233,3079,954,4294,3021,914,28,20,9,0.006478482184173994,0.006576783952647156,0.009750812567713976,0.3175111594302467,0.69190393390698,1.2629101668394593,0.6350223188604934,0.69190393390698,0.8419401112263062,0.22519795062878434,0.45547831843760345,0.5175054704595186,100.0,100.0,4457,1188,2643,12,0,45,0.0026923939869867622,0.0,0.0170261066969353,0.30000000000000004,0.8,0.1,0.9,20.0,35.0,75.0,0.9,0.2,0.30000000000000004,0.9,25.0,70.0,40.0,3202,3197,5,3202,0.001561524047470331,0.716229483198904,1.0,0.716229483198904,1529,0.4782608695652174,1.0,1
"iteration_1","SCOPE_DATA_COLLECTION",700,44,2710.0,2770.0,2,4329,3027,932,4233,3079,954,4294,3021,914,28,20,9,0.006478482184173994,0.006576783952647156,0.009750812567713976,0.3175111594302467,0.69190393390698,1.2629101668394593,0.6350223188604934,0.69190393390698,0.8419401112263062,0.22519795062878434,0.45547831843760345,0.5175054704595186,100.0,100.0,4457,1188,2643,12,0,45,0.0026923939869867622,0.0,0.0170261066969353,0.30000000000000004,0.8,0.1,0.9,20.0,35.0,75.0,0.9,0.2,0.30000000000000004,0.9,25.0,70.0,40.0,911,903,8,911,0.008781558726673985,1.305626164590312,1.5,0.870417443060208,485,0.5370985603543743,1.0,1
"iteration_1","SCOPE_DATA_COLLECTION",700,45,2770.0,2830.0,0,4243,3202,911,4329,3027,932,4254,3189,908,4,5,8,9.394081728511038E-4,0.0015654351909830933,0.008733624454148471,0.29942168947093983,0.7148776861037953,1.3023357152399397,0.5988433789418797,0.7148776861037953,0.8682238101599599,0.19534555712270804,0.477892756349953,0.5352422907488987,100.0,100.0,4520,3458,378,16,1,0,0.0035398230088495575,2.891844997108155E-4,0.0,0.9,0.2,0.30000000000000004,0.9,25.0,70.0,40.0,0.7000000000000001,0.30000000000000004,0.30000000000000004,0.9,30.0,35.0,30.0,4219,4215,4,4219,9.480919649205973E-4,0.3142975239282592,0.5,0.6285950478565184,987,0.23416370106761566,1.0,1
"iteration_1","SCOPE_DATA_COLLECTION",700,45,2770.0,2830.0,1,4243,3202,911,4329,3027,932,4254,3189,908,4,5,8,9.394081728511038E-4,0.0015654351909830933,0.008733624454148471,0.29942168947093983,0.7148776861037953,1.3023357152399397,0.5988433789418797,0.7148776861037953,0.8682238101599599,0.19534555712270804,0.477892756349953,0.5352422907488987,100.0,100.0,4520,3458,378,16,1,0,0.0035398230088495575,2.891844997108155E-4,0.0,0.9,0.2,0.30000000000000004,0.9,25.0,70.0,40.0,0.7000000000000001,0.30000000000000004,0.30000000000000004,0.9,30.0,35.0,30.0,3069,3060,9,3069,0.002932551319648094,0.7269211653943326,1.0,0.7269211653943326,1467,0.47941176470588237,1.0,1
"iteration_1","SCOPE_DATA_COLLECTION",700,45,2770.0,2830.0,2,4243,3202,911,4329,3027,932,4254,3189,908,4,5,8,9.394081728511038E-4,0.0015654351909830933,0.008733624454148471,0.29942168947093983,0.7148776861037953,1.3023357152399397,0.5988433789418797,0.7148776861037953,0.8682238101599599,0.19534555712270804,0.477892756349953,0.5352422907488987,100.0,100.0,4520,3458,378,16,1,0,0.0035398230088495575,2.891844997108155E-4,0.0,0.9,0.2,0.30000000000000004,0.9,25.0,70.0,40.0,0.7000000000000001,0.30000000000000004,0.30000000000000004,0.9,30.0,35.0,30.0,888,882,6,888,0.006756756756756757,1.324964506571924,1.5,0.8833096710479493,479,0.5430839002267573,1.0,1
"iteration_1","SCOPE_DATA_COLLECTION",700,46,2830.0,2890.0,0,4219,3069,888,4243,3202,911,4202,3064,890,4,9,6,9.510223490252021E-4,0.00292873413602343,0.006696428571428571,0.3137057316432221,0.7271196734623584,1.3299185292702904,0.6274114632864441,0.7271196734623584,0.8866123528468602,0.2339362208472156,0.47976501305483027,0.5460674157303371,100.0,100.0,4473,2559,1144,16,3,0,0.003577017661524704,0.0011723329425556857,0.0,0.7000000000000001,0.30000000000000004,0.30000000000000004,0.9,30.0,35.0,30.0,0.6000000000000001,0.2,0.30000000000000004,0.9,20.0,35.0,30.0,4187,4183,4,4187,9.553379508000956E-4,0.29952931264578336,0.5,0.5990586252915667,761,0.18192684676069806,1.0,1
"iteration_1","SCOPE_DATA_COLLECTION",700,46,2830.0,2890.0,1,4219,3069,888,4243,3202,911,4202,3064,890,4,9,6,9.510223490252021E-4,0.00292873413602343,0.006696428571428571,0.3137057316432221,0.7271196734623584,1.3299185292702904,0.6274114632864441,0.7271196734623584,0.8866123528468602,0.2339362208472156,0.47976501305483027,0.5460674157303371,100.0,100.0,4473,2559,1144,16,3,0,0.003577017661524704,0.0011723329425556857,0.0,0.7000000000000001,0.30000000000000004,0.30000000000000004,0.9,30.0,35.0,30.0,0.6000000000000001,0.2,0.30000000000000004,0.9,20.0,35.0,30.0,2968,2962,6,2968,0.0020215633423180594,0.7427902620110545,1.0,0.7427902620110545,1491,0.5033760972316003,1.0,1
"iteration_1","SCOPE_DATA_COLLECTION",700,46,2830.0,2890.0,2,4219,3069,888,4243,3202,911,4202,3064,890,4,9,6,9.510223490252021E-4,0.00292873413602343,0.006696428571428571,0.3137057316432221,0.7271196734623584,1.3299185292702904,0.6274114632864441,0.7271196734623584,0.8866123528468602,0.2339362208472156,0.47976501305483027,0.5460674157303371,100.0,100.0,4473,2559,1144,16,3,0,0.003577017661524704,0.0011723329425556857,0.0,0.7000000000000001,0.30000000000000004,0.30000000000000004,0.9,30.0,35.0,30.0,0.6000000000000001,0.2,0.30000000000000004,0.9,20.0,35.0,30.0,879,872,7,879,0.007963594994311717,1.3091751462765164,1.5,0.872783430851011,475,0.5447247706422018,1.0,1
"iteration_1","SCOPE_DATA_COLLECTION",700,47,2890.0,2950.0,0,4187,2968,879,4219,3069,888,4197,2960,869,4,6,7,9.521542489883361E-4,0.0020229265003371545,0.007990867579908675,0.3002024544377332,0.7419467185231647,1.3098313110107953,0.6004049088754664,0.7419467185231647,0.8732208740071968,0.182987848463188,0.5020270270270271,0.5454545454545454,100.0,100.0,4525,2099,1410,15,2,0,0.0033149171270718232,9.528346831824678E-4,0.0,0.6000000000000001,0.2,0.30000000000000004,0.9,20.0,35.0,30.0,0.5,0.1,0.4,0.8,20.0,45.0,20.0,4151,4149,2,4151,4.81811611659841E-4,0.3070429277686251,0.5,0.6140858555372501,767,0.1848638226078573,1.0,1
"iteration_1","SCOPE_DATA_COLLECTION",700,47,2890.0,2950.0,1,4187,2968,879,4219,3069,888,4197,2960,869,4,6,7,9.521542489883361E-4,0.0020229265003371545,0.007990867579908675,0.3002024544377332,0.7419467185231647,1.3098313110107953,0.6004049088754664,0.7419467185231647,0.8732208740071968,0.182987848463188,0.5020270270270271,0.5454545454545454,100.0,100.0,4525,2099,1410,15,2,0,0.0033149171270718232,9.528346831824678E-4,0.0,0.6000000000000001,0.2,0.30000000000000004,0.9,20.0,35.0,30.0,0.5,0.1,0.4,0.8,20.0,45.0,20.0,3014,3005,9,3014,0.0029860650298606504,0.7322335036605983,1.0,0.7322335036605983,1469,0.4888519134775374,1.0,1
"iteration_1","SCOPE_DATA_COLLECTION",700,47,2890.0,2950.0,2,4187,2968,879,4219,3069,888,4197,2960,869,4,6,7,9.521542489883361E-4,0.0020229265003371545,0.007990867579908675,0.3002024544377332,0.7419467185231647,1.3098313110107953,0.6004049088754664,0.7419467185231647,0.8732208740071968,0.182987848463188,0.5020270270270271,0.5454545454545454,100.0,100.0,4525,2099,1410,15,2,0,0.0033149171270718232,9.528346831824678E-4,0.0,0.6000000000000001,0.2,0.30000000000000004,0.9,20.0,35.0,30.0,0.5,0.1,0.4,0.8,20.0,45.0,20.0,916,911,5,916,0.0054585152838427945,1.359569477468743,1.5,0.9063796516458287,514,0.5642151481888035,1.0,1
"iteration_1","SCOPE_DATA_COLLECTION",700,48,2950.0,3010.0,0,4151,3014,916,4187,2968,879,4141,2993,913,2,9,5,4.827419744146754E-4,0.0029980013324450365,0.0054466230936819175,0.30678846000860166,0.7274463638897702,1.3556374983778825,0.6135769200172033,0.7274463638897702,0.9037583322519217,0.1835305481767689,0.4868025392582693,0.5629791894852135,95.0,100.0,4571,1729,1781,15,1,0,0.003281557646029315,5.78368999421631E-4,0.0,0.5,0.1,0.4,0.8,20.0,45.0,20.0,0.6000000000000001,0.2,0.5,0.9,30.0,45.0,20.0,4269,4266,3,4269,7.027406886858749E-4,0.3051135368071553,0.5,0.6102270736143106,888,0.20815752461322082,1.0,1
"iteration_1","SCOPE_DATA_COLLECTION",700,48,2950.0,3010.0,1,4151,3014,916,4187,2968,879,4141,2993,913,2,9,5,4.827419744146754E-4,0.0029980013324450365,0.0054466230936819175,0.30678846000860166,0.7274463638897702,1.3556374983778825,0.6135769200172033,0.7274463638897702,0.9037583322519217,0.1835305481767689,0.4868025392582693,0.5629791894852135,95.0,100.0,4571,1729,1781,15,1,0,0.003281557646029315,5.78368999421631E-4,0.0,0.5,0.1,0.4,0.8,20.0,45.0,20.0,0.6000000000000001,0.2,0.5,0.9,30.0,45.0,20.0,3097,3093,4,3097,0.0012915724895059735,0.749619568975227,1.0,0.749619568975227,1539,0.49757516973811833,1.0,1
"iteration_1","SCOPE_DATA_COLLECTION",700,48,2950.0,3010.0,2,4151,3014,916,4187,2968,879,4141,2993,913,2,9,5,4.827419744146754E-4,0.0029980013324450365,0.0054466230936819175,0.30678846000860166,0.7274463638897702,1.3556374983778825,0.6135769200172033,0.7274463638897702,0.9037583322519217,0.1835305481767689,0.4868025392582693,0.5629791894852135,95.0,100.0,4571,1729,1781,15,1,0,0.003281557646029315,5.78368999421631E-4,0.0,0.5,0.1,0.4,0.8,20.0,45.0,20.0,0.6000000000000001,0.2,0.5,0.9,30.0,45.0,20.0,885,879,6,885,0.006779661016949152,1.3145302613270566,1.5,0.8763535075513711,474,0.5392491467576792,1.0,1
"iteration_1","SCOPE_DATA_COLLECTION",700,49,3010.0,3070.0,0,4269,3097,885,4151,3014,916,4262,3103,878,3,4,6,7.033997655334115E-4,0.001287415513356936,0.006787330316742082,0.30544624530039094,0.7534921251659866,1.3147903156218987,0.6108924906007819,0.7534921251659866,0.8765268770812659,0.20905678085405913,0.4988720592974541,0.5387243735763098,100.0,100.0,4563,2183,1505,11,2,0,0.002410694718387026,9.161704076958314E-4,0.0,0.6000000000000001,0.2,0.5,0.9,30.0,45.0,20.0,0.7000000000000001,0.30000000000000004,0.4,0.9,30.0,45.0,20.0,4278,4274,4,4278,9.350163627863488E-4,0.30558260350552546,0.5,0.6111652070110509,901,0.21080954609265326,1.0,1
"iteration_1","SCOPE_DATA_COLLECTION",700,49,3010.0,3070.0,1,4269,3097,885,4151,3014,916,4262,3103,878,3,4,6,7.033997655334115E-4,0.001287415513356936,0.006787330316742082,0.30544624530039094,0.7534921251659866,1.3147903156218987,0.6108924906007819,0.7534921251659866,0.8765268770812659,0.20905678085405913,0.4988720592974541,0.5387243735763098,100.0,100.0,4563,2183,1505,11,2,0,0.002410694718387026,9.161704076958314E-4,0.0,0.6000000000000001,0.2,0.5,0.9,30.0,45.0,20.0,0.7000000000000001,0.30000000000000004,0.4,0.9,30.0,45.0,20.0,3006,2999,7,3006,0.002328675981370592,0.7355186571273723,1.0,0.7355186571273723,1454,0.48482827609203066,1.0,1
"iteration_1","SCOPE_DATA_COLLECTION",700,49,3010.0,3070.0,2,4269,3097,885,4151,3014,916,4262,3103,878,3,4,6,7.033997655334115E-4,0.001287415513356936,0.006787330316742082,0.30544624530039094,0.7534921251659866,1.3147903156218987,0.6108924906007819,0.7534921251659866,0.8765268770812659,0.20905678085405913,0.4988720592974541,0.5387243735763098,100.0,100.0,4563,2183,1505,11,2,0,0.002410694718387026,9.161704076958314E-4,0.0,0.6000000000000001,0.2,0.5,0.9,30.0,45.0,20.0,0.7000000000000001,0.30000000000000004,0.4,0.9,30.0,45.0,20.0,920,909,11,920,0.011956521739130435,1.3792032403348322,1.5,0.9194688268898882,517,0.5687568756875687,1.0,1
"iteration_1","SCOPE_DATA_COLLECTION",700,50,3070.0,3130.0,0,4278,3006,920,4269,3097,885,4270,3010,905,4,7,11,9.358914365933552E-4,0.002320185614849188,0.012008733624454149,0.30502843601732277,0.7373638430637106,1.3778582360382623,0.6100568720346455,0.7373638430637106,0.9185721573588416,0.20960187353629978,0.4870431893687708,0.569060773480663,100.0,100.0,4474,2605,1125,17,5,0,0.003799731783638802,0.0019193857965451055,0.0,0.7000000000000001,0.30000000000000004,0.4,0.9,30.0,45.0,20.0,0.05,0.2,0.4,0.5,80.0,90.0,85.0,4192,4068,124,4192,0.029580152671755726,0.34359054492304014,0.5,0.6871810898460803,906,0.22271386430678466,1.0,1
"iteration_1","SCOPE_DATA_COLLECTION",700,50,3070.0,3130.0,1,4278,3006,920,4269,3097,885,4270,3010,905,4,7,11,9.358914365933552E-4,0.002320185614849188,0.012008733624454149,0.30502843601732277,0.7373638430637106,1.3778582360382623,0.6100568720346455,0.7373638430637106,0.9185721573588416,0.20960187353629978,0.4870431893687708,0.569060773480663,100.0,100.0,4474,2605,1125,17,5,0,0.003799731783638802,0.0019193857965451055,0.0,0.7000000000000001,0.30000000000000004,0.4,0.9,30.0,45.0,20.0,0.05,0.2,0.4,0.5,80.0,90.0,85.0,3077,2993,84,3077,0.027299317517062074,0.7721817776578644,1.0,0.7721817776578644,1508,0.5038422986969596,1.0,1
"iteration_1","SCOPE_DATA_COLLECTION",700,50,3070.0,3130.0,2,4278,3006,920,4269,3097,885,4270,3010,905,4,7,11,9.358914365933552E-4,0.002320185614849188,0.012008733624454149,0.30502843601732277,0.7373638430637106,1.3778582360382623,0.6100568720346455,0.7373638430637106,0.9185721573588416,0.20960187353629978,0.4870431893687708,0.569060773480663,100.0,100.0,4474,2605,1125,17,5,0,0.003799731783638802,0.0019193857965451055,0.0,0.7000000000000001,0.30000000000000004,0.4,0.9,30.0,45.0,20.0,0.05,0.2,0.4,0.5,80.0,90.0,85.0,935,903,32,935,0.034224598930481284,1.3959147489126675,1.5,0.930609832608445,519,0.574750830564784,1.0,1
"iteration_1","SCOPE_DATA_COLLECTION",700,51,3130.0,3190.0,0,4192,3077,935,4278,3006,920,4077,2988,902,124,84,32,0.02951678171863842,0.02734375,0.034261241970021415,0.34367582188807516,0.7717561565843317,1.3974058289843954,0.6873516437761503,0.7717561565843317,0.9316038859895969,0.22320333578611723,0.5030120481927711,0.573170731707317,97.5,100.0,4493,207,3504,20,0,220,0.00445136879590474,0.0,0.06278538812785388,0.05,0.2,0.4,0.5,80.0,90.0,85.0,0.05,0.2,0.4,0.5,80.0,90.0,85.0,4302,4049,253,4302,0.05880985588098559,0.3404219866297907,0.5,0.6808439732595813,856,0.21141022474685106,1.0,1
"iteration_1","SCOPE_DATA_COLLECTION",700,51,3130.0,3190.0,1,4192,3077,935,4278,3006,920,4077,2988,902,124,84,32,0.02951678171863842,0.02734375,0.034261241970021415,0.34367582188807516,0.7717561565843317,1.3974058289843954,0.6873516437761503,0.7717561565843317,0.9316038859895969,0.22320333578611723,0.5030120481927711,0.573170731707317,97.5,100.0,4493,207,3504,20,0,220,0.00445136879590474,0.0,0.06278538812785388,0.05,0.2,0.4,0.5,80.0,90.0,85.0,0.05,0.2,0.4,0.5,80.0,90.0,85.0,3013,2836,177,3013,0.058745436442084305,0.8008791412967752,1.0,0.8008791412967752,1498,0.5282087447108603,1.0,1
"iteration_1","SCOPE_DATA_COLLECTION",700,51,3130.0,3190.0,2,4192,3077,935,4278,3006,920,4077,2988,902,124,84,32,0.02951678171863842,0.02734375,0.034261241970021415,0.34367582188807516,0.7717561565843317,1.3974058289843954,0.6873516437761503,0.7717561565843317,0.9316038859895969,0.22320333578611723,0.5030120481927711,0.573170731707317,97.5,100.0,4493,207,3504,20,0,220,0.00445136879590474,0.0,0.06278538812785388,0.05,0.2,0.4,0.5,80.0,90.0,85.0,0.05,0.2,0.4,0.5,80.0,90.0,85.0,936,868,68,936,0.07264957264957266,1.4000201574108626,1.5,0.9333467716072418,501,0.5771889400921659,1.0,1
"iteration_1","SCOPE_DATA_COLLECTION",700,52,3190.0,3250.0,0,4302,3013,936,4192,3077,935,4048,2833,868,252,177,68,0.0586046511627907,0.05880398671096346,0.07264957264957266,0.34054472477329595,0.7993152606903372,1.3981713307455548,0.6810894495465919,0.7993152606903372,0.9321142204970365,0.21220355731225296,0.5273561595481822,0.5771889400921659,100.0,100.0,4543,180,3528,19,0,478,0.004182258419546555,0.0,0.1354875283446712,0.05,0.2,0.4,0.5,80.0,90.0,85.0,0.65,0.9,0.9,0.2,90.0,75.0,45.0,4206,4201,5,4206,0.0011887779362815027,0.3253263010018904,0.5,0.6506526020037808,1115,0.2654129969054987,1.0,1
"iteration_1","SCOPE_DATA_COLLECTION",700,52,3190.0,3250.0,1,4302,3013,936,4192,3077,935,4048,2833,868,252,177,68,0.0586046511627907,0.05880398671096346,0.07264957264957266,0.34054472477329595,0.7993152606903372,1.3981713307455548,0.6810894495465919,0.7993152606903372,0.9321142204970365,0.21220355731225296,0.5273561595481822,0.5771889400921659,100.0,100.0,4543,180,3528,19,0,478,0.004182258419546555,0.0,0.1354875283446712,0.05,0.2,0.4,0.5,80.0,90.0,85.0,0.65,0.9,0.9,0.2,90.0,75.0,45.0,2961,2954,7,2961,0.002364066193853428,0.7322531809820538,1.0,0.7322531809820538,1428,0.4834123222748815,1.0,1
"iteration_1","SCOPE_DATA_COLLECTION",700,52,3190.0,3250.0,2,4302,3013,936,4192,3077,935,4048,2833,868,252,177,68,0.0586046511627907,0.05880398671096346,0.07264957264957266,0.34054472477329595,0.7993152606903372,1.3981713307455548,0.6810894495465919,0.7993152606903372,0.9321142204970365,0.21220355731225296,0.5273561595481822,0.5771889400921659,100.0,100.0,4543,180,3528,19,0,478,0.004182258419546555,0.0,0.1354875283446712,0.05,0.2,0.4,0.5,80.0,90.0,85.0,0.65,0.9,0.9,0.2,90.0,75.0,45.0,921,913,8,921,0.008686210640608035,1.2835396747972185,1.5,0.8556931165314791,487,0.5334063526834611,1.0,1
"iteration_1","SCOPE_DATA_COLLECTION",700,53,3250.0,3310.0,0,4206,2961,921,4302,3013,936,4196,2963,913,6,7,8,0.0014278914802475012,0.0023569023569023568,0.008686210640608035,0.3243726210428199,0.7352017379383247,1.2857539411790588,0.6487452420856398,0.7352017379383247,0.8571692941193726,0.2638226882745472,0.48599392507593653,0.5345016429353778,95.0,100.0,4368,2456,1264,19,2,0,0.00434981684981685,8.143322475570033E-4,0.0,0.65,0.9,0.9,0.2,90.0,75.0,45.0,0.65,0.9,0.9,0.2,90.0,75.0,45.0,4116,4108,8,4116,0.001943634596695821,0.3215531009969769,0.5,0.6431062019939539,1031,0.2509737098344693,1.0,1
"iteration_1","SCOPE_DATA_COLLECTION",700,53,3250.0,3310.0,1,4206,2961,921,4302,3013,936,4196,2963,913,6,7,8,0.0014278914802475012,0.0023569023569023568,0.008686210640608035,0.3243726210428199,0.7352017379383247,1.2857539411790588,0.6487452420856398,0.7352017379383247,0.8571692941193726,0.2638226882745472,0.48599392507593653,0.5345016429353778,95.0,100.0,4368,2456,1264,19,2,0,0.00434981684981685,8.143322475570033E-4,0.0,0.65,0.9,0.9,0.2,90.0,75.0,45.0,0.65,0.9,0.9,0.2,90.0,75.0,45.0,3063,3055,8,3063,0.002611818478615736,0.7470634037187286,1.0,0.7470634037187286,1469,0.4808510638297872,1.0,1
"iteration_1","SCOPE_DATA_COLLECTION",700,53,3250.0,3310.0,2,4206,2961,921,4302,3013,936,4196,2963,913,6,7,8,0.0014278914802475012,0.0023569023569023568,0.008686210640608035,0.3243726210428199,0.7352017379383247,1.2857539411790588,0.6487452420856398,0.7352017379383247,0.8571692941193726,0.2638226882745472,0.48599392507593653,0.5345016429353778,95.0,100.0,4368,2456,1264,19,2,0,0.00434981684981685,8.143322475570033E-4,0.0,0.65,0.9,0.9,0.2,90.0,75.0,45.0,0.65,0.9,0.9,0.2,90.0,75.0,45.0,903,896,7,903,0.007751937984496124,1.3534166598064397,1.5,0.9022777732042931,506,0.5647321428571429,1.0,1
"iteration_1","SCOPE_DATA_COLLECTION",700,54,3310.0,3370.0,0,4116,3063,903,4206,2961,921,4114,3046,899,8,8,7,0.0019408054342552159,0.0026195153896529143,0.00772626931567329,0.3218585640573627,0.7440543620043901,1.3543701641274442,0.6437171281147254,0.7440543620043901,0.9029134427516294,0.25133689839572193,0.4783322390019698,0.5650723025583982,97.5,100.0,4378,2369,1335,21,2,0,0.004796710826861581,8.442380751371887E-4,0.0,0.65,0.9,0.9,0.2,90.0,75.0,45.0,0.65,0.9,0.8,0.2,90.0,75.0,55.0,4189,4186,3,4189,7.161613750298401E-4,0.3221980346576898,0.5,0.6443960693153796,1046,0.24988055422838032,1.0,1
"iteration_1","SCOPE_DATA_COLLECTION",700,54,3310.0,3370.0,1,4116,3063,903,4206,2961,921,4114,3046,899,8,8,7,0.0019408054342552159,0.0026195153896529143,0.00772626931567329,0.3218585640573627,0.7440543620043901,1.3543701641274442,0.6437171281147254,0.7440543620043901,0.9029134427516294,0.25133689839572193,0.4783322390019698,0.5650723025583982,97.5,100.0,4378,2369,1335,21,2,0,0.004796710826861581,8.442380751371887E-4,0.0,0.65,0.9,0.9,0.2,90.0,75.0,45.0,0.65,0.9,0.8,0.2,90.0,75.0,55.0,3079,3076,3,3079,9.74342318934719E-4,0.7328590366449397,1.0,0.7328590366449397,1474,0.47919375812743825,1.0,1
"iteration_1","SCOPE_DATA_COLLECTION",700,54,3310.0,3370.0,2,4116,3063,903,4206,2961,921,4114,3046,899,8,8,7,0.0019408054342552159,0.0026195153896529143,0.00772626931567329,0.3218585640573627,0.7440543620043901,1.3543701641274442,0.6437171281147254,0.7440543620043901,0.9029134427516294,0.25133689839572193,0.4783322390019698,0.5650723025583982,97.5,100.0,4378,2369,1335,21,2,0,0.004796710826861581,8.442380751371887E-4,0.0,0.65,0.9,0.9,0.2,90.0,75.0,45.0,0.65,0.9,0.8,0.2,90.0,75.0,55.0,946,942,4,946,0.004228329809725159,1.2692418035473823,1.5,0.8461612023649215,490,0.5201698513800425,1.0,1
"iteration_1","SCOPE_DATA_COLLECTION",700,55,3370.0,3430.0,0,4189,3079,946,4116,3063,903,4176,3080,938,3,3,4,7.178750897343862E-4,9.730781706130393E-4,0.004246284501061571,0.3213795426776735,0.7329308526080537,1.268134323036078,0.642759085355347,0.7329308526080537,0.845422882024052,0.24808429118773948,0.48084415584415585,0.5202558635394456,97.5,100.0,4367,2470,1377,9,1,0,0.002060911380810625,4.048582995951417E-4,0.0,0.65,0.9,0.8,0.2,90.0,75.0,55.0,0.65,0.8,0.9,0.30000000000000004,80.0,65.0,45.0,4262,4255,7,4262,0.001642421398404505,0.32030079667079603,0.5,0.6406015933415921,1056,0.2481786133960047,1.0,1
"iteration_1","SCOPE_DATA_COLLECTION",700,55,3370.0,3430.0,1,4189,3079,946,4116,3063,903,4176,3080,938,3,3,4,7.178750897343862E-4,9.730781706130393E-4,0.004246284501061571,0.3213795426776735,0.7329308526080537,1.268134323036078,0.642759085355347,0.7329308526080537,0.845422882024052,0.24808429118773948,0.48084415584415585,0.5202558635394456,97.5,100.0,4367,2470,1377,9,1,0,0.002060911380810625,4.048582995951417E-4,0.0,0.65,0.9,0.8,0.2,90.0,75.0,55.0,0.65,0.8,0.9,0.30000000000000004,80.0,65.0,45.0,3093,3083,10,3093,0.0032331070158422245,0.7233100970615829,1.0,0.7233100970615829,1434,0.46513136555303275,1.0,1
"iteration_1","SCOPE_DATA_COLLECTION",700,55,3370.0,3430.0,2,4189,3079,946,4116,3063,903,4176,3080,938,3,3,4,7.178750897343862E-4,9.730781706130393E-4,0.004246284501061571,0.3213795426776735,0.7329308526080537,1.268134323036078,0.642759085355347,0.7329308526080537,0.845422882024052,0.24808429118773948,0.48084415584415585,0.5202558635394456,97.5,100.0,4367,2470,1377,9,1,0,0.002060911380810625,4.048582995951417E-4,0.0,0.65,0.9,0.8,0.2,90.0,75.0,55.0,0.65,0.8,0.9,0.30000000000000004,80.0,65.0,45.0,903,899,4,903,0.004429678848283499,1.314897276372309,1.5,0.876598184248206,484,0.5383759733036707,1.0,1
"iteration_1","SCOPE_DATA_COLLECTION",700,56,3430.0,3490.0,0,4262,3093,903,4189,3079,946,4265,3080,904,7,10,4,0.0016385767790262173,0.003236245954692557,0.004405286343612335,0.3215278596089272,0.7252195284872371,1.3147529946706111,0.6430557192178544,0.7252195284872371,0.876501996447074,0.25017584994138337,0.4646103896103896,0.5376106194690266,100.0,100.0,4399,2514,1345,19,2,0,0.004319163446237781,7.955449482895784E-4,0.0,0.65,0.8,0.9,0.30000000000000004,80.0,65.0,45.0,0.65,0.8,0.9,0.30000000000000004,80.0,65.0,45.0,4056,4049,7,4056,0.0017258382642998027,0.3225923690093651,0.5,0.6451847380187302,1021,0.25216102741417634,1.0,1
"iteration_1","SCOPE_DATA_COLLECTION",700,56,3430.0,3490.0,1,4262,3093,903,4189,3079,946,4265,3080,904,7,10,4,0.0016385767790262173,0.003236245954692557,0.004405286343612335,0.3215278596089272,0.7252195284872371,1.3147529946706111,0.6430557192178544,0.7252195284872371,0.876501996447074,0.25017584994138337,0.4646103896103896,0.5376106194690266,100.0,100.0,4399,2514,1345,19,2,0,0.004319163446237781,7.955449482895784E-4,0.0,0.65,0.8,0.9,0.30000000000000004,80.0,65.0,45.0,0.65,0.8,0.9,0.30000000000000004,80.0,65.0,45.0,2977,2975,2,2977,6.718172657037286E-4,0.7356089228191727,1.0,0.7356089228191727,1410,0.47394957983193275,1.0,1
"iteration_1","SCOPE_DATA_COLLECTION",700,56,3430.0,3490.0,2,4262,3093,903,4189,3079,946,4265,3080,904,7,10,4,0.0016385767790262173,0.003236245954692557,0.004405286343612335,0.3215278596089272,0.7252195284872371,1.3147529946706111,0.6430557192178544,0.7252195284872371,0.876501996447074,0.25017584994138337,0.4646103896103896,0.5376106194690266,100.0,100.0,4399,2514,1345,19,2,0,0.004319163446237781,7.955449482895784E-4,0.0,0.65,0.8,0.9,0.30000000000000004,80.0,65.0,45.0,0.65,0.8,0.9,0.30000000000000004,80.0,65.0,45.0,945,939,6,945,0.006349206349206349,1.2933709156325564,1.5,0.8622472770883709,497,0.5292864749733759,1.0,1
"iteration_1","SCOPE_DATA_COLLECTION",700,57,3490.0,3550.0,0,4056,2977,945,4262,3093,903,4035,2969,932,6,2,6,0.0014847809948032665,6.731740154830024E-4,0.006396588486140725,0.3206383609371321,0.7352270253565589,1.2930620066803933,0.6412767218742642,0.7352270253565589,0.8620413377869288,0.24857496902106568,0.4749073762209498,0.5300429184549357,100.0,100.0,4252,2433,1293,9,5,0,0.0021166509877704608,0.002055076037813399,0.0,0.65,0.8,0.9,0.30000000000000004,80.0,65.0,45.0,0.65,0.8,0.9,0.30000000000000004,80.0,65.0,45.0,4325,4319,6,4325,0.0013872832369942196,0.32168537681827375,0.5,0.6433707536365475,1149,0.2660338041213244,1.0,1
"iteration_1","SCOPE_DATA_COLLECTION",700,57,3490.0,3550.0,1,4056,2977,945,4262,3093,903,4035,2969,932,6,2,6,0.0014847809948032665,6.731740154830024E-4,0.006396588486140725,0.3206383609371321,0.7352270253565589,1.2930620066803933,0.6412767218742642,0.7352270253565589,0.8620413377869288,0.24857496902106568,0.4749073762209498,0.5300429184549357,100.0,100.0,4252,2433,1293,9,5,0,0.0021166509877704608,0.002055076037813399,0.0,0.65,0.8,0.9,0.30000000000000004,80.0,65.0,45.0,0.65,0.8,0.9,0.30000000000000004,80.0,65.0,45.0,3126,3118,8,3126,0.0025591810620601407,0.7324375642227642,1.0,0.7324375642227642,1454,0.4663245670301475,1.0,1
"iteration_1","SCOPE_DATA_COLLECTION",700,57,3490.0,3550.0,2,4056,2977,945,4262,3093,903,4035,2969,932,6,2,6,0.0014847809948032665,6.731740154830024E-4,0.006396588486140725,0.3206383609371321,0.7352270253565589,1.2930620066803933,0.6412767218742642,0.7352270253565589,0.8620413377869288,0.24857496902106568,0.4749073762209498,0.5300429184549357,100.0,100.0,4252,2433,1293,9,5,0,0.0021166509877704608,0.002055076037813399,0.0,0.65,0.8,0.9,0.30000000000000004,80.0,65.0,45.0,0.65,0.8,0.9,0.30000000000000004,80.0,65.0,45.0,948,943,5,948,0.005274261603375527,1.2715325771131616,1.5,0.8476883847421077,490,0.5196182396606575,1.0,1
"iteration_1","SCOPE_DATA_COLLECTION",700,58,3550.0,3619.943555881109,0,4325,3126,948,4056,2977,945,4325,3124,947,7,8,5,0.001615881809787627,0.002554278416347382,0.005252100840336135,0.32349581426813784,0.7304437917429119,1.2715048021772963,0.6469916285362757,0.7304437917429119,0.8476698681181976,0.2705202312138728,0.4651088348271447,0.5195353748680043,97.5,100.0,4401,2588,1410,18,2,0,0.00408997955010225,7.727975270479134E-4,0.0,0.65,0.8,0.9,0.30000000000000004,80.0,65.0,45.0,0.8500000000000001,0.4,0.4,0.2,70.0,50.0,25.0,3599,3564,5,3569,0.0014009526478005044,0.3122484899020211,0.5,0.6244969798040422,848,0.23793490460157127,0.991664351208669,0
"iteration_1","SCOPE_DATA_COLLECTION",700,58,3550.0,3619.943555881109,1,4325,3126,948,4056,2977,945,4325,3124,947,7,8,5,0.001615881809787627,0.002554278416347382,0.005252100840336135,0.32349581426813784,0.7304437917429119,1.2715048021772963,0.6469916285362757,0.7304437917429119,0.8476698681181976,0.2705202312138728,0.4651088348271447,0.5195353748680043,97.5,100.0,4401,2588,1410,18,2,0,0.00408997955010225,7.727975270479134E-4,0.0,0.65,0.8,0.9,0.30000000000000004,80.0,65.0,45.0,0.8500000000000001,0.4,0.4,0.2,70.0,50.0,25.0,2543,2510,2,2512,7.961783439490446E-4,0.7304233915638371,1.0,0.7304233915638371,1220,0.4860557768924303,0.9878096736138419,0
"iteration_1","SCOPE_DATA_COLLECTION",700,58,3550.0,3619.943555881109,2,4325,3126,948,4056,2977,945,4325,3124,947,7,8,5,0.001615881809787627,0.002554278416347382,0.005252100840336135,0.32349581426813784,0.7304437917429119,1.2715048021772963,0.6469916285362757,0.7304437917429119,0.8476698681181976,0.2705202312138728,0.4651088348271447,0.5195353748680043,97.5,100.0,4401,2588,1410,18,2,0,0.00408997955010225,7.727975270479134E-4,0.0,0.65,0.8,0.9,0.30000000000000004,80.0,65.0,45.0,0.8500000000000001,0.4,0.4,0.2,70.0,50.0,25.0,750,725,4,729,0.0054869684499314125,1.279832297355845,1.5,0.8532215315705632,384,0.5296551724137931,0.972,0
"iteration_1","SCOPE_DATA_COLLECTION",800,0,70.0,130.0,0,4497,3045,1016,0,0,0,4468,3004,976,7,5,10,0.0015642458100558658,0.001661681621801263,0.010141987829614604,0.3124310149683981,0.7042868656102605,1.2113686319688688,0.6248620299367962,0.7042868656102605,0.8075790879792458,0.2421665174574754,0.4437416777629827,0.47848360655737704,100.0,100.0,4391,2558,1609,20,2,0,0.004554771122751082,7.818608287724785E-4,0.0,0.6,0.5,0.7,0.4,85.0,80.0,90.0,0.6,0.5,0.7,0.4,85.0,80.0,90.0,5012,5002,10,5012,0.0019952114924181963,0.3181445103652861,0.5,0.6362890207305723,1364,0.27269092363054775,1.0,1
"iteration_1","SCOPE_DATA_COLLECTION",800,0,70.0,130.0,1,4497,3045,1016,0,0,0,4468,3004,976,7,5,10,0.0015642458100558658,0.001661681621801263,0.010141987829614604,0.3124310149683981,0.7042868656102605,1.2113686319688688,0.6248620299367962,0.7042868656102605,0.8075790879792458,0.2421665174574754,0.4437416777629827,0.47848360655737704,100.0,100.0,4391,2558,1609,20,2,0,0.004554771122751082,7.818608287724785E-4,0.0,0.6,0.5,0.7,0.4,85.0,80.0,90.0,0.6,0.5,0.7,0.4,85.0,80.0,90.0,3302,3291,11,3302,0.003331314354936402,0.6936896151484896,1.0,0.6936896151484896,1430,0.4345183834700699,1.0,1
"iteration_1","SCOPE_DATA_COLLECTION",800,0,70.0,130.0,2,4497,3045,1016,0,0,0,4468,3004,976,7,5,10,0.0015642458100558658,0.001661681621801263,0.010141987829614604,0.3124310149683981,0.7042868656102605,1.2113686319688688,0.6248620299367962,0.7042868656102605,0.8075790879792458,0.2421665174574754,0.4437416777629827,0.47848360655737704,100.0,100.0,4391,2558,1609,20,2,0,0.004554771122751082,7.818608287724785E-4,0.0,0.6,0.5,0.7,0.4,85.0,80.0,90.0,0.6,0.5,0.7,0.4,85.0,80.0,90.0,1134,1124,10,1134,0.008818342151675485,1.268717703564875,1.5,0.8458118023765833,567,0.5044483985765125,1.0,1
"iteration_1","SCOPE_DATA_COLLECTION",800,1,130.0,190.0,0,5012,3302,1134,4497,3045,1016,4997,3285,1124,10,11,10,0.0019972039145196726,0.003337378640776699,0.008818342151675485,0.3171811276886031,0.6909573313680538,1.267655441256914,0.6343622553772063,0.6909573313680538,0.8451036275046094,0.26996197718631176,0.4328767123287671,0.505338078291815,97.5,100.0,4659,2862,1927,25,6,0,0.0053659583601631256,0.0020964360587002098,0.0,0.6,0.5,0.7,0.4,85.0,80.0,90.0,0.4,0.8,0.6000000000000001,0.2,20.0,25.0,75.0,5026,5011,15,5026,0.0029844807003581377,0.32327670499397343,0.5,0.6465534099879469,1393,0.2779884254639792,1.0,1
"iteration_1","SCOPE_DATA_COLLECTION",800,1,130.0,190.0,1,5012,3302,1134,4497,3045,1016,4997,3285,1124,10,11,10,0.0019972039145196726,0.003337378640776699,0.008818342151675485,0.3171811276886031,0.6909573313680538,1.267655441256914,0.6343622553772063,0.6909573313680538,0.8451036275046094,0.26996197718631176,0.4328767123287671,0.505338078291815,97.5,100.0,4659,2862,1927,25,6,0,0.0053659583601631256,0.0020964360587002098,0.0,0.6,0.5,0.7,0.4,85.0,80.0,90.0,0.4,0.8,0.6000000000000001,0.2,20.0,25.0,75.0,3316,3299,17,3316,0.005126658624849216,0.7127566451727343,1.0,0.7127566451727343,1460,0.4425583510154592,1.0,1
"iteration_1","SCOPE_DATA_COLLECTION",800,1,130.0,190.0,2,5012,3302,1134,4497,3045,1016,4997,3285,1124,10,11,10,0.0019972039145196726,0.003337378640776699,0.008818342151675485,0.3171811276886031,0.6909573313680538,1.267655441256914,0.6343622553772063,0.6909573313680538,0.8451036275046094,0.26996197718631176,0.4328767123287671,0.505338078291815,97.5,100.0,4659,2862,1927,25,6,0,0.0053659583601631256,0.0020964360587002098,0.0,0.6,0.5,0.7,0.4,85.0,80.0,90.0,0.4,0.8,0.6000000000000001,0.2,20.0,25.0,75.0,1083,1072,11,1083,0.010156971375807941,1.2387119372073916,1.5,0.825807958138261,533,0.49720149253731344,1.0,1
"iteration_1","SCOPE_DATA_COLLECTION",800,2,190.0,250.0,0,5026,3316,1083,5012,3302,1134,5019,3306,1081,15,17,11,0.0029797377830750892,0.00511585916340656,0.010073260073260074,0.3241097144783015,0.7142229344259796,1.2400100970111143,0.648219428956603,0.7142229344259796,0.8266733980074096,0.28053397091053994,0.44313369630973987,0.4976873265494912,100.0,100.0,4592,1897,2936,17,1,25,0.0037020905923344947,5.271481286241434E-4,0.0085149863760218,0.4,0.8,0.6000000000000001,0.2,20.0,25.0,75.0,0.4,0.8,0.6000000000000001,0.1,20.0,35.0,85.0,5069,5045,24,5069,0.004734661668968239,0.3237154283282614,0.5,0.6474308566565228,1413,0.2800792864222002,1.0,1
"iteration_1","SCOPE_DATA_COLLECTION",800,2,190.0,250.0,1,5026,3316,1083,5012,3302,1134,5019,3306,1081,15,17,11,0.0029797377830750892,0.00511585916340656,0.010073260073260074,0.3241097144783015,0.7142229344259796,1.2400100970111143,0.648219428956603,0.7142229344259796,0.8266733980074096,0.28053397091053994,0.44313369630973987,0.4976873265494912,100.0,100.0,4592,1897,2936,17,1,25,0.0037020905923344947,5.271481286241434E-4,0.0085149863760218,0.4,0.8,0.6000000000000001,0.2,20.0,25.0,75.0,0.4,0.8,0.6000000000000001,0.1,20.0,35.0,85.0,3356,3341,15,3356,0.004469606674612634,0.7156406406785881,1.0,0.7156406406785881,1513,0.45285842562107154,1.0,1
"iteration_1","SCOPE_DATA_COLLECTION",800,2,190.0,250.0,2,5026,3316,1083,5012,3302,1134,5019,3306,1081,15,17,11,0.0029797377830750892,0.00511585916340656,0.010073260073260074,0.3241097144783015,0.7142229344259796,1.2400100970111143,0.648219428956603,0.7142229344259796,0.8266733980074096,0.28053397091053994,0.44313369630973987,0.4976873265494912,100.0,100.0,4592,1897,2936,17,1,25,0.0037020905923344947,5.271481286241434E-4,0.0085149863760218,0.4,0.8,0.6000000000000001,0.2,20.0,25.0,75.0,0.4,0.8,0.6000000000000001,0.1,20.0,35.0,85.0,1127,1121,6,1127,0.005323868677905945,1.1816633832296468,1.5,0.7877755888197645,526,0.46922390722569135,1.0,1
"iteration_1","SCOPE_DATA_COLLECTION",800,3,250.0,310.0,0,5069,3356,1127,5026,3316,1083,5027,3339,1121,24,15,6,0.004751534349633736,0.004472271914132379,0.005323868677905945,0.32274336848194785,0.7142112138442069,1.1832420289530037,0.6454867369638957,0.7142112138442069,0.7888280193020024,0.2778993435448578,0.4525306978137167,0.46922390722569135,100.0,100.0,4583,2005,2964,14,2,29,0.0030547676194632336,9.97506234413965E-4,0.009784075573549258,0.4,0.8,0.6000000000000001,0.1,20.0,35.0,85.0,0.30000000000000004,0.7000000000000001,0.6000000000000001,0.2,20.0,45.0,95.0,5011,4971,40,5011,0.007982438635002993,0.3457946789716368,0.5,0.6915893579432736,1448,0.29128947897807284,1.0,1
"iteration_1","SCOPE_DATA_COLLECTION",800,3,250.0,310.0,1,5069,3356,1127,5026,3316,1083,5027,3339,1121,24,15,6,0.004751534349633736,0.004472271914132379,0.005323868677905945,0.32274336848194785,0.7142112138442069,1.1832420289530037,0.6454867369638957,0.7142112138442069,0.7888280193020024,0.2778993435448578,0.4525306978137167,0.46922390722569135,100.0,100.0,4583,2005,2964,14,2,29,0.0030547676194632336,9.97506234413965E-4,0.009784075573549258,0.4,0.8,0.6000000000000001,0.1,20.0,35.0,85.0,0.30000000000000004,0.7000000000000001,0.6000000000000001,0.2,20.0,45.0,95.0,3305,3270,35,3305,0.01059001512859304,0.7228843674214808,1.0,0.7228843674214808,1454,0.44464831804281346,1.0,1
"iteration_1","SCOPE_DATA_COLLECTION",800,3,250.0,310.0,2,5069,3356,1127,5026,3316,1083,5027,3339,1121,24,15,6,0.004751534349633736,0.004472271914132379,0.005323868677905945,0.32274336848194785,0.7142112138442069,1.1832420289530037,0.6454867369638957,0.7142112138442069,0.7888280193020024,0.2778993435448578,0.4525306978137167,0.46922390722569135,100.0,100.0,4583,2005,2964,14,2,29,0.0030547676194632336,9.97506234413965E-4,0.009784075573549258,0.4,0.8,0.6000000000000001,0.1,20.0,35.0,85.0,0.30000000000000004,0.7000000000000001,0.6000000000000001,0.2,20.0,45.0,95.0,1098,1083,15,1098,0.01366120218579235,1.246682084654009,1.5,0.8311213897693394,532,0.49122807017543857,1.0,1
"iteration_1","SCOPE_DATA_COLLECTION",800,4,310.0,370.0,0,5011,3305,1098,5069,3356,1127,4990,3271,1075,40,35,15,0.007952286282306162,0.01058681185722928,0.013761467889908258,0.3470510729956151,0.7245155764604485,1.2460626592890427,0.6941021459912302,0.7245155764604485,0.8307084395260285,0.293186372745491,0.4448180984408438,0.49209302325581394,97.5,100.0,4590,1416,3408,11,0,79,0.0023965141612200436,0.0,0.02318075117370892,0.30000000000000004,0.7000000000000001,0.6000000000000001,0.2,20.0,45.0,95.0,0.2,0.6000000000000001,0.5,0.1,30.0,55.0,85.0,4922,4483,439,4922,0.08919138561560341,0.386890235994222,0.5,0.773780471988444,1461,0.3258978362703547,1.0,1
"iteration_1","SCOPE_DATA_COLLECTION",800,4,310.0,370.0,1,5011,3305,1098,5069,3356,1127,4990,3271,1075,40,35,15,0.007952286282306162,0.01058681185722928,0.013761467889908258,0.3470510729956151,0.7245155764604485,1.2460626592890427,0.6941021459912302,0.7245155764604485,0.8307084395260285,0.293186372745491,0.4448180984408438,0.49209302325581394,97.5,100.0,4590,1416,3408,11,0,79,0.0023965141612200436,0.0,0.02318075117370892,0.30000000000000004,0.7000000000000001,0.6000000000000001,0.2,20.0,45.0,95.0,0.2,0.6000000000000001,0.5,0.1,30.0,55.0,85.0,3379,3060,319,3379,0.09440662918023084,0.7998444866089521,1.0,0.7998444866089521,1515,0.4950980392156863,1.0,1
"iteration_1","SCOPE_DATA_COLLECTION",800,4,310.0,370.0,2,5011,3305,1098,5069,3356,1127,4990,3271,1075,40,35,15,0.007952286282306162,0.01058681185722928,0.013761467889908258,0.3470510729956151,0.7245155764604485,1.2460626592890427,0.6941021459912302,0.7245155764604485,0.8307084395260285,0.293186372745491,0.4448180984408438,0.49209302325581394,97.5,100.0,4590,1416,3408,11,0,79,0.0023965141612200436,0.0,0.02318075117370892,0.30000000000000004,0.7000000000000001,0.6000000000000001,0.2,20.0,45.0,95.0,0.2,0.6000000000000001,0.5,0.1,30.0,55.0,85.0,1147,1051,96,1147,0.08369659982563209,1.3056167776167151,1.5,0.8704111850778101,552,0.5252140818268316,1.0,1
"iteration_1","SCOPE_DATA_COLLECTION",800,5,370.0,430.0,0,4922,3379,1147,5011,3305,1098,4486,3066,1056,433,306,94,0.08802602154909535,0.09074733096085409,0.0817391304347826,0.38672971630374736,0.7994638442420661,1.3034605442686527,0.7734594326074947,0.7994638442420661,0.8689736961791018,0.326125724476148,0.49478147423352903,0.5227272727272727,97.5,100.0,4504,972,3972,6,1,826,0.0013321492007104796,0.00102880658436214,0.2079556898288016,0.2,0.6000000000000001,0.5,0.1,30.0,55.0,85.0,0.8500000000000001,0.2,0.30000000000000004,0.1,75.0,75.0,60.0,4849,4845,4,4849,8.249123530624871E-4,0.3081715232773822,0.5,0.6163430465547644,1186,0.24478844169246647,1.0,1
"iteration_1","SCOPE_DATA_COLLECTION",800,5,370.0,430.0,1,4922,3379,1147,5011,3305,1098,4486,3066,1056,433,306,94,0.08802602154909535,0.09074733096085409,0.0817391304347826,0.38672971630374736,0.7994638442420661,1.3034605442686527,0.7734594326074947,0.7994638442420661,0.8689736961791018,0.326125724476148,0.49478147423352903,0.5227272727272727,97.5,100.0,4504,972,3972,6,1,826,0.0013321492007104796,0.00102880658436214,0.2079556898288016,0.2,0.6000000000000001,0.5,0.1,30.0,55.0,85.0,0.8500000000000001,0.2,0.30000000000000004,0.1,75.0,75.0,60.0,3225,3217,8,3225,0.00248062015503876,0.6965959567087497,1.0,0.6965959567087497,1458,0.45321728318308985,1.0,1
"iteration_1","SCOPE_DATA_COLLECTION",800,5,370.0,430.0,2,4922,3379,1147,5011,3305,1098,4486,3066,1056,433,306,94,0.08802602154909535,0.09074733096085409,0.0817391304347826,0.38672971630374736,0.7994638442420661,1.3034605442686527,0.7734594326074947,0.7994638442420661,0.8689736961791018,0.326125724476148,0.49478147423352903,0.5227272727272727,97.5,100.0,4504,972,3972,6,1,826,0.0013321492007104796,0.00102880658436214,0.2079556898288016,0.2,0.6000000000000001,0.5,0.1,30.0,55.0,85.0,0.8500000000000001,0.2,0.30000000000000004,0.1,75.0,75.0,60.0,1118,1115,3,1118,0.0026833631484794273,1.2571465896001972,1.5,0.8380977264001315,571,0.5121076233183857,1.0,1
"iteration_1","SCOPE_DATA_COLLECTION",800,6,430.0,490.0,0,4849,3225,1118,4922,3379,1147,4829,3211,1115,10,21,5,0.0020665426741062203,0.006497524752475247,0.004464285714285714,0.3071753230196709,0.6964700925913231,1.2570461364520693,0.6143506460393418,0.6964700925913231,0.8380307576347129,0.24352868088631185,0.45375272500778574,0.5139013452914798,95.0,100.0,4616,3909,667,7,3,26,0.0015164644714038128,7.674597083653108E-4,0.038980509745127435,0.8500000000000001,0.2,0.30000000000000004,0.1,75.0,75.0,60.0,0.8500000000000001,0.2,0.4,0.2,75.0,75.0,50.0,5095,5088,7,5095,0.0013738959764474975,0.29880362800672855,0.5,0.5976072560134571,1103,0.21678459119496854,1.0,1
"iteration_1","SCOPE_DATA_COLLECTION",800,6,430.0,490.0,1,4849,3225,1118,4922,3379,1147,4829,3211,1115,10,21,5,0.0020665426741062203,0.006497524752475247,0.004464285714285714,0.3071753230196709,0.6964700925913231,1.2570461364520693,0.6143506460393418,0.6964700925913231,0.8380307576347129,0.24352868088631185,0.45375272500778574,0.5139013452914798,95.0,100.0,4616,3909,667,7,3,26,0.0015164644714038128,7.674597083653108E-4,0.038980509745127435,0.8500000000000001,0.2,0.30000000000000004,0.1,75.0,75.0,60.0,0.8500000000000001,0.2,0.4,0.2,75.0,75.0,50.0,3329,3323,6,3329,0.0018023430459597476,0.6907213548019541,1.0,0.6907213548019541,1477,0.44447788143244055,1.0,1
"iteration_1","SCOPE_DATA_COLLECTION",800,6,430.0,490.0,2,4849,3225,1118,4922,3379,1147,4829,3211,1115,10,21,5,0.0020665426741062203,0.006497524752475247,0.004464285714285714,0.3071753230196709,0.6964700925913231,1.2570461364520693,0.6143506460393418,0.6964700925913231,0.8380307576347129,0.24352868088631185,0.45375272500778574,0.5139013452914798,95.0,100.0,4616,3909,667,7,3,26,0.0015164644714038128,7.674597083653108E-4,0.038980509745127435,0.8500000000000001,0.2,0.30000000000000004,0.1,75.0,75.0,60.0,0.8500000000000001,0.2,0.4,0.2,75.0,75.0,50.0,1077,1069,8,1077,0.007428040854224698,1.252780401511965,1.5,0.83518693434131,540,0.5051449953227315,1.0,1
"iteration_1","SCOPE_DATA_COLLECTION",800,7,490.0,550.0,0,5095,3329,1077,4849,3225,1118,5093,3327,1079,7,6,8,0.0013725490196078432,0.0018001800180018,0.007359705611775529,0.2996294009918658,0.6913897257622594,1.258750074921908,0.5992588019837316,0.6913897257622594,0.8391667166146054,0.21814254859611232,0.44484520589119325,0.5069508804448564,100.0,100.0,4710,4095,696,18,3,0,0.003821656050955414,7.326007326007326E-4,0.0,0.8500000000000001,0.2,0.4,0.2,75.0,75.0,50.0,0.8500000000000001,0.2,0.5,0.1,85.0,85.0,50.0,5031,5028,3,5031,5.963029218843172E-4,0.3010143918621499,0.5,0.6020287837242998,1070,0.21280827366746222,1.0,1
"iteration_1","SCOPE_DATA_COLLECTION",800,7,490.0,550.0,1,5095,3329,1077,4849,3225,1118,5093,3327,1079,7,6,8,0.0013725490196078432,0.0018001800180018,0.007359705611775529,0.2996294009918658,0.6913897257622594,1.258750074921908,0.5992588019837316,0.6913897257622594,0.8391667166146054,0.21814254859611232,0.44484520589119325,0.5069508804448564,100.0,100.0,4710,4095,696,18,3,0,0.003821656050955414,7.326007326007326E-4,0.0,0.8500000000000001,0.2,0.4,0.2,75.0,75.0,50.0,0.8500000000000001,0.2,0.5,0.1,85.0,85.0,50.0,3249,3244,5,3249,0.0015389350569405972,0.7111304932919849,1.0,0.7111304932919849,1490,0.4593094944512947,1.0,1
"iteration_1","SCOPE_DATA_COLLECTION",800,7,490.0,550.0,2,5095,3329,1077,4849,3225,1118,5093,3327,1079,7,6,8,0.0013725490196078432,0.0018001800180018,0.007359705611775529,0.2996294009918658,0.6913897257622594,1.258750074921908,0.5992588019837316,0.6913897257622594,0.8391667166146054,0.21814254859611232,0.44484520589119325,0.5069508804448564,100.0,100.0,4710,4095,696,18,3,0,0.003821656050955414,7.326007326007326E-4,0.0,0.8500000000000001,0.2,0.4,0.2,75.0,75.0,50.0,0.8500000000000001,0.2,0.5,0.1,85.0,85.0,50.0,1038,1034,4,1038,0.0038535645472061657,1.2399187675221206,1.5,0.8266125116814137,520,0.5029013539651838,1.0,1
"iteration_1","SCOPE_DATA_COLLECTION",800,8,550.0,610.0,0,5031,3249,1038,5095,3329,1077,5035,3237,1023,3,5,3,5.954743946010321E-4,0.0015422578655151142,0.0029239766081871343,0.30087691438107117,0.7102314555300064,1.231459631336416,0.6017538287621423,0.7102314555300064,0.8209730875576106,0.21251241310824232,0.4584491813407476,0.49853372434017595,100.0,100.0,4717,3925,676,8,3,0,0.0016959932160271359,7.643312101910828E-4,0.0,0.8500000000000001,0.2,0.5,0.1,85.0,85.0,50.0,0.75,0.30000000000000004,0.5,0.1,85.0,95.0,40.0,4957,4954,3,4957,6.052047609441194E-4,0.29777979312355213,0.5,0.5955595862471043,1163,0.2347597900686314,1.0,1
"iteration_1","SCOPE_DATA_COLLECTION",800,8,550.0,610.0,1,5031,3249,1038,5095,3329,1077,5035,3237,1023,3,5,3,5.954743946010321E-4,0.0015422578655151142,0.0029239766081871343,0.30087691438107117,0.7102314555300064,1.231459631336416,0.6017538287621423,0.7102314555300064,0.8209730875576106,0.21251241310824232,0.4584491813407476,0.49853372434017595,100.0,100.0,4717,3925,676,8,3,0,0.0016959932160271359,7.643312101910828E-4,0.0,0.8500000000000001,0.2,0.5,0.1,85.0,85.0,50.0,0.75,0.30000000000000004,0.5,0.1,85.0,95.0,40.0,3331,3321,10,3331,0.003002101471029721,0.690539031381353,1.0,0.690539031381353,1463,0.4405299608551641,1.0,1
"iteration_1","SCOPE_DATA_COLLECTION",800,8,550.0,610.0,2,5031,3249,1038,5095,3329,1077,5035,3237,1023,3,5,3,5.954743946010321E-4,0.0015422578655151142,0.0029239766081871343,0.30087691438107117,0.7102314555300064,1.231459631336416,0.6017538287621423,0.7102314555300064,0.8209730875576106,0.21251241310824232,0.4584491813407476,0.49853372434017595,100.0,100.0,4717,3925,676,8,3,0,0.0016959932160271359,7.643312101910828E-4,0.0,0.8500000000000001,0.2,0.5,0.1,85.0,85.0,50.0,0.75,0.30000000000000004,0.5,0.1,85.0,95.0,40.0,1153,1149,4,1153,0.003469210754553339,1.184392379972288,1.5,0.7895949199815253,545,0.47432550043516103,1.0,1
"iteration_1","SCOPE_DATA_COLLECTION",800,9,610.0,670.0,0,4957,3331,1153,5031,3249,1038,4952,3314,1164,3,10,5,6.054490413723512E-4,0.0030084235860409147,0.00427715996578272,0.2977867481539064,0.6877839554510286,1.1937093500687903,0.5955734963078128,0.6877839554510286,0.7958062333791935,0.23505654281098545,0.4384429692214846,0.4793814432989691,100.0,100.0,4550,3655,1236,16,2,0,0.0035164835164835165,5.471956224350205E-4,0.0,0.75,0.30000000000000004,0.5,0.1,85.0,95.0,40.0,0.8500000000000001,0.30000000000000004,0.5,0.1,95.0,95.0,50.0,4931,4924,7,4931,0.001419590346785642,0.3067790222169648,0.5,0.6135580444339296,1180,0.239642567018684,1.0,1
"iteration_1","SCOPE_DATA_COLLECTION",800,9,610.0,670.0,1,4957,3331,1153,5031,3249,1038,4952,3314,1164,3,10,5,6.054490413723512E-4,0.0030084235860409147,0.00427715996578272,0.2977867481539064,0.6877839554510286,1.1937093500687903,0.5955734963078128,0.6877839554510286,0.7958062333791935,0.23505654281098545,0.4384429692214846,0.4793814432989691,100.0,100.0,4550,3655,1236,16,2,0,0.0035164835164835165,5.471956224350205E-4,0.0,0.75,0.30000000000000004,0.5,0.1,85.0,95.0,40.0,0.8500000000000001,0.30000000000000004,0.5,0.1,95.0,95.0,50.0,3315,3309,6,3315,0.0018099547511312218,0.7179132307833112,1.0,0.7179132307833112,1516,0.45814445451798125,1.0,1
"iteration_1","SCOPE_DATA_COLLECTION",800,9,610.0,670.0,2,4957,3331,1153,5031,3249,1038,4952,3314,1164,3,10,5,6.054490413723512E-4,0.0030084235860409147,0.00427715996578272,0.2977867481539064,0.6877839554510286,1.1937093500687903,0.5955734963078128,0.6877839554510286,0.7958062333791935,0.23505654281098545,0.4384429692214846,0.4793814432989691,100.0,100.0,4550,3655,1236,16,2,0,0.0035164835164835165,5.471956224350205E-4,0.0,0.75,0.30000000000000004,0.5,0.1,85.0,95.0,40.0,0.8500000000000001,0.30000000000000004,0.5,0.1,95.0,95.0,50.0,1144,1141,3,1144,0.0026223776223776225,1.2147468501125196,1.5,0.8098312334083464,553,0.48466257668711654,1.0,1
"iteration_1","SCOPE_DATA_COLLECTION",800,10,670.0,730.0,0,4931,3315,1144,4957,3331,1153,4915,3319,1131,7,6,3,0.0014221861032100772,0.0018045112781954887,0.0026455026455026454,0.3058904557948435,0.7203267103319694,1.2108155065962065,0.611780911589687,0.7203267103319694,0.8072103377308043,0.23784333672431332,0.46037963241940344,0.4827586206896552,97.5,100.0,4614,4034,742,10,6,0,0.002167316861725184,0.001487357461576599,0.0,0.8500000000000001,0.30000000000000004,0.5,0.1,95.0,95.0,50.0,0.75,0.4,0.5,0.1,95.0,85.0,40.0,4983,4976,7,4983,0.0014047762392133253,0.31238827563667876,0.5,0.6247765512733575,1320,0.2652733118971061,1.0,1
"iteration_1","SCOPE_DATA_COLLECTION",800,10,670.0,730.0,1,4931,3315,1144,4957,3331,1153,4915,3319,1131,7,6,3,0.0014221861032100772,0.0018045112781954887,0.0026455026455026454,0.3058904557948435,0.7203267103319694,1.2108155065962065,0.611780911589687,0.7203267103319694,0.8072103377308043,0.23784333672431332,0.46037963241940344,0.4827586206896552,97.5,100.0,4614,4034,742,10,6,0,0.002167316861725184,0.001487357461576599,0.0,0.8500000000000001,0.30000000000000004,0.5,0.1,95.0,95.0,50.0,0.75,0.4,0.5,0.1,95.0,85.0,40.0,3399,3395,4,3399,0.0011768167107972932,0.6996704045907176,1.0,0.6996704045907176,1507,0.4438880706921944,1.0,1
"iteration_1","SCOPE_DATA_COLLECTION",800,10,670.0,730.0,2,4931,3315,1144,4957,3331,1153,4915,3319,1131,7,6,3,0.0014221861032100772,0.0018045112781954887,0.0026455026455026454,0.3058904557948435,0.7203267103319694,1.2108155065962065,0.611780911589687,0.7203267103319694,0.8072103377308043,0.23784333672431332,0.46037963241940344,0.4827586206896552,97.5,100.0,4614,4034,742,10,6,0,0.002167316861725184,0.001487357461576599,0.0,0.8500000000000001,0.30000000000000004,0.5,0.1,95.0,95.0,50.0,0.75,0.4,0.5,0.1,95.0,85.0,40.0,1048,1047,1,1048,9.541984732824427E-4,1.1850072913731717,1.5,0.7900048609154479,501,0.4785100286532951,1.0,1
"iteration_1","SCOPE_DATA_COLLECTION",800,11,730.0,790.0,0,4983,3399,1048,4931,3315,1144,4975,3396,1046,7,4,1,0.0014050582095543958,0.001176470588235294,9.551098376313276E-4,0.31247043457603746,0.7018439403687144,1.1829497802080062,0.6249408691520749,0.7018439403687144,0.7886331868053374,0.2651256281407035,0.4464075382803298,0.4770554493307839,95.0,100.0,4667,3593,1170,10,2,0,0.002142704092564817,5.566379070414695E-4,0.0,0.75,0.4,0.5,0.1,95.0,85.0,40.0,0.6000000000000001,0.8,0.8,0.6000000000000001,85.0,25.0,75.0,4939,4932,7,4939,0.0014172909495849362,0.3174798239044913,0.5,0.6349596478089826,1334,0.2704785077047851,1.0,1
"iteration_1","SCOPE_DATA_COLLECTION",800,11,730.0,790.0,1,4983,3399,1048,4931,3315,1144,4975,3396,1046,7,4,1,0.0014050582095543958,0.001176470588235294,9.551098376313276E-4,0.31247043457603746,0.7018439403687144,1.1829497802080062,0.6249408691520749,0.7018439403687144,0.7886331868053374,0.2651256281407035,0.4464075382803298,0.4770554493307839,95.0,100.0,4667,3593,1170,10,2,0,0.002142704092564817,5.566379070414695E-4,0.0,0.75,0.4,0.5,0.1,95.0,85.0,40.0,0.6000000000000001,0.8,0.8,0.6000000000000001,85.0,25.0,75.0,3259,3253,6,3259,0.001841055538508745,0.7273915133854453,1.0,0.7273915133854453,1471,0.45219797110359666,1.0,1
"iteration_1","SCOPE_DATA_COLLECTION",800,11,730.0,790.0,2,4983,3399,1048,4931,3315,1144,4975,3396,1046,7,4,1,0.0014050582095543958,0.001176470588235294,9.551098376313276E-4,0.31247043457603746,0.7018439403687144,1.1829497802080062,0.6249408691520749,0.7018439403687144,0.7886331868053374,0.2651256281407035,0.4464075382803298,0.4770554493307839,95.0,100.0,4667,3593,1170,10,2,0,0.002142704092564817,5.566379070414695E-4,0.0,0.75,0.4,0.5,0.1,95.0,85.0,40.0,0.6000000000000001,0.8,0.8,0.6000000000000001,85.0,25.0,75.0,1117,1101,16,1117,0.01432408236347359,1.252056163279493,1.5,0.8347041088529954,536,0.4868301544050863,1.0,1
"iteration_1","SCOPE_DATA_COLLECTION",800,12,790.0,850.0,0,4939,3259,1117,4983,3399,1048,4929,3260,1100,7,6,16,0.0014181523500810373,0.001837109614206981,0.014336917562724014,0.3176680082872465,0.7273959742468147,1.2502563484985425,0.635336016574493,0.7273959742468147,0.8335042323323617,0.2716575370257659,0.4512269938650307,0.48727272727272725,97.5,100.0,4596,2842,1877,26,3,0,0.005657093124456049,0.001055594651653765,0.0,0.6000000000000001,0.8,0.8,0.6000000000000001,85.0,25.0,75.0,0.75,0.5,0.8,0.2,70.0,45.0,75.0,4870,4863,7,4870,0.001437371663244353,0.3192849291068845,0.5,0.638569858213769,1342,0.27596134073617107,1.0,1
"iteration_1","SCOPE_DATA_COLLECTION",800,12,790.0,850.0,1,4939,3259,1117,4983,3399,1048,4929,3260,1100,7,6,16,0.0014181523500810373,0.001837109614206981,0.014336917562724014,0.3176680082872465,0.7273959742468147,1.2502563484985425,0.635336016574493,0.7273959742468147,0.8335042323323617,0.2716575370257659,0.4512269938650307,0.48727272727272725,97.5,100.0,4596,2842,1877,26,3,0,0.005657093124456049,0.001055594651653765,0.0,0.6000000000000001,0.8,0.8,0.6000000000000001,85.0,25.0,75.0,0.75,0.5,0.8,0.2,70.0,45.0,75.0,3359,3353,6,3359,0.0017862459065197975,0.7191557161675903,1.0,0.7191557161675903,1508,0.44974649567551445,1.0,1
"iteration_1","SCOPE_DATA_COLLECTION",800,12,790.0,850.0,2,4939,3259,1117,4983,3399,1048,4929,3260,1100,7,6,16,0.0014181523500810373,0.001837109614206981,0.014336917562724014,0.3176680082872465,0.7273959742468147,1.2502563484985425,0.635336016574493,0.7273959742468147,0.8335042323323617,0.2716575370257659,0.4512269938650307,0.48727272727272725,97.5,100.0,4596,2842,1877,26,3,0,0.005657093124456049,0.001055594651653765,0.0,0.6000000000000001,0.8,0.8,0.6000000000000001,85.0,25.0,75.0,0.75,0.5,0.8,0.2,70.0,45.0,75.0,1119,1113,6,1119,0.005361930294906166,1.2220296829324888,1.5,0.8146864552883258,543,0.48787061994609165,1.0,1
"iteration_1","SCOPE_DATA_COLLECTION",800,13,850.0,910.0,0,4870,3359,1119,4939,3259,1117,4875,3334,1111,7,6,6,0.0014338385907414993,0.0017964071856287425,0.005371530886302597,0.31993559274397965,0.714618151676243,1.227299187040866,0.6398711854879593,0.714618151676243,0.818199458027244,0.2763076923076923,0.4466106778644271,0.4896489648964896,100.0,100.0,4565,3561,1222,15,4,0,0.0032858707557502738,0.0011232799775344005,0.0,0.75,0.5,0.8,0.2,70.0,45.0,75.0,0.30000000000000004,0.6000000000000001,0.30000000000000004,0.4,45.0,75.0,45.0,4989,4888,101,4989,0.02024453798356384,0.33937023760466806,0.5,0.6787404752093361,1400,0.2864157119476268,1.0,1
"iteration_1","SCOPE_DATA_COLLECTION",800,13,850.0,910.0,1,4870,3359,1119,4939,3259,1117,4875,3334,1111,7,6,6,0.0014338385907414993,0.0017964071856287425,0.005371530886302597,0.31993559274397965,0.714618151676243,1.227299187040866,0.6398711854879593,0.714618151676243,0.818199458027244,0.2763076923076923,0.4466106778644271,0.4896489648964896,100.0,100.0,4565,3561,1222,15,4,0,0.0032858707557502738,0.0011232799775344005,0.0,0.75,0.5,0.8,0.2,70.0,45.0,75.0,0.30000000000000004,0.6000000000000001,0.30000000000000004,0.4,45.0,75.0,45.0,3453,3368,85,3453,0.024616275702287867,0.7142748088311384,1.0,0.7142748088311384,1519,0.45100950118764843,1.0,1
"iteration_1","SCOPE_DATA_COLLECTION",800,13,850.0,910.0,2,4870,3359,1119,4939,3259,1117,4875,3334,1111,7,6,6,0.0014338385907414993,0.0017964071856287425,0.005371530886302597,0.31993559274397965,0.714618151676243,1.227299187040866,0.6398711854879593,0.714618151676243,0.818199458027244,0.2763076923076923,0.4466106778644271,0.4896489648964896,100.0,100.0,4565,3561,1222,15,4,0,0.0032858707557502738,0.0011232799775344005,0.0,0.75,0.5,0.8,0.2,70.0,45.0,75.0,0.30000000000000004,0.6000000000000001,0.30000000000000004,0.4,45.0,75.0,45.0,1119,1088,31,1119,0.02770330652368186,1.2449781973761518,1.5,0.8299854649174345,523,0.4806985294117647,1.0,1
"iteration_1","SCOPE_DATA_COLLECTION",800,14,910.0,970.0,0,4989,3453,1119,4870,3359,1119,4889,3373,1079,101,85,31,0.020240480961923848,0.024580682475419318,0.027927927927927927,0.3392290271357724,0.7186587873526158,1.2433376495901067,0.6784580542715448,0.7186587873526158,0.8288917663934044,0.285743505829413,0.453898606581678,0.4810009267840593,100.0,100.0,4641,1528,3392,22,0,195,0.004740357681534152,0.0,0.05748820754716981,0.30000000000000004,0.6000000000000001,0.30000000000000004,0.4,45.0,75.0,45.0,0.30000000000000004,0.6000000000000001,0.30000000000000004,0.4,45.0,75.0,45.0,4956,4823,133,4956,0.026836158192090395,0.33648493026822807,0.5,0.6729698605364561,1300,0.2695417789757412,1.0,1
"iteration_1","SCOPE_DATA_COLLECTION",800,14,910.0,970.0,1,4989,3453,1119,4870,3359,1119,4889,3373,1079,101,85,31,0.020240480961923848,0.024580682475419318,0.027927927927927927,0.3392290271357724,0.7186587873526158,1.2433376495901067,0.6784580542715448,0.7186587873526158,0.8288917663934044,0.285743505829413,0.453898606581678,0.4810009267840593,100.0,100.0,4641,1528,3392,22,0,195,0.004740357681534152,0.0,0.05748820754716981,0.30000000000000004,0.6000000000000001,0.30000000000000004,0.4,45.0,75.0,45.0,0.30000000000000004,0.6000000000000001,0.30000000000000004,0.4,45.0,75.0,45.0,3391,3301,90,3391,0.026540843409023886,0.712107853891782,1.0,0.712107853891782,1440,0.4362314450166616,1.0,1
"iteration_1","SCOPE_DATA_COLLECTION",800,14,910.0,970.0,2,4989,3453,1119,4870,3359,1119,4889,3373,1079,101,85,31,0.020240480961923848,0.024580682475419318,0.027927927927927927,0.3392290271357724,0.7186587873526158,1.2433376495901067,0.6784580542715448,0.7186587873526158,0.8288917663934044,0.285743505829413,0.453898606581678,0.4810009267840593,100.0,100.0,4641,1528,3392,22,0,195,0.004740357681534152,0.0,0.05748820754716981,0.30000000000000004,0.6000000000000001,0.30000000000000004,0.4,45.0,75.0,45.0,0.30000000000000004,0.6000000000000001,0.30000000000000004,0.4,45.0,75.0,45.0,1168,1123,45,1168,0.038527397260273974,1.2583637547109325,1.5,0.8389091698072884,550,0.4897595725734639,1.0,1
"iteration_1","SCOPE_DATA_COLLECTION",800,15,970.0,1030.0,0,4956,3391,1168,4989,3453,1119,4817,3304,1134,133,90,45,0.026868686868686868,0.026517383618149676,0.03816793893129771,0.33552283574123704,0.7109074748373467,1.2558063902488406,0.6710456714824741,0.7109074748373467,0.8372042601658937,0.26842433049615944,0.4349273607748184,0.48677248677248675,97.5,100.0,4486,1515,3514,24,2,242,0.005349977708426215,0.0013201320132013201,0.0688673875924872,0.30000000000000004,0.6000000000000001,0.30000000000000004,0.4,45.0,75.0,45.0,0.1,0.4,0.2,0.30000000000000004,70.0,80.0,40.0,5008,4367,641,5008,0.12799520766773162,0.42758689106867487,0.5,0.8551737821373497,1459,0.3340966338447447,1.0,1
"iteration_1","SCOPE_DATA_COLLECTION",800,15,970.0,1030.0,1,4956,3391,1168,4989,3453,1119,4817,3304,1134,133,90,45,0.026868686868686868,0.026517383618149676,0.03816793893129771,0.33552283574123704,0.7109074748373467,1.2558063902488406,0.6710456714824741,0.7109074748373467,0.8372042601658937,0.26842433049615944,0.4349273607748184,0.48677248677248675,97.5,100.0,4486,1515,3514,24,2,242,0.005349977708426215,0.0013201320132013201,0.0688673875924872,0.30000000000000004,0.6000000000000001,0.30000000000000004,0.4,45.0,75.0,45.0,0.1,0.4,0.2,0.30000000000000004,70.0,80.0,40.0,3319,2848,471,3319,0.14191021391985537,0.8285293924674763,1.0,0.8285293924674763,1474,0.5175561797752809,1.0,1
"iteration_1","SCOPE_DATA_COLLECTION",800,15,970.0,1030.0,2,4956,3391,1168,4989,3453,1119,4817,3304,1134,133,90,45,0.026868686868686868,0.026517383618149676,0.03816793893129771,0.33552283574123704,0.7109074748373467,1.2558063902488406,0.6710456714824741,0.7109074748373467,0.8372042601658937,0.26842433049615944,0.4349273607748184,0.48677248677248675,97.5,100.0,4486,1515,3514,24,2,242,0.005349977708426215,0.0013201320132013201,0.0688673875924872,0.30000000000000004,0.6000000000000001,0.30000000000000004,0.4,45.0,75.0,45.0,0.1,0.4,0.2,0.30000000000000004,70.0,80.0,40.0,1076,895,181,1076,0.16821561338289961,1.4593818426268528,1.5,0.9729212284179019,529,0.5910614525139665,1.0,1
"iteration_1","SCOPE_DATA_COLLECTION",800,16,1030.0,1090.0,0,5008,3319,1076,4956,3391,1168,4364,2855,900,640,471,178,0.1278976818545164,0.14161154539987975,0.16512059369202226,0.4279791610933602,0.8288625141091528,1.4643453657146026,0.8559583221867204,0.8288625141091528,0.9762302438097351,0.33524289642529786,0.5183887915936952,0.5944444444444444,100.0,100.0,4591,467,4345,15,1,1273,0.00326726203441516,0.0021413276231263384,0.29298043728423473,0.1,0.4,0.2,0.30000000000000004,70.0,80.0,40.0,0.05,0.4,0.2,0.30000000000000004,60.0,70.0,40.0,4849,3757,1092,4849,0.225201072386059,0.4570833255958495,0.5,0.914166651191699,1322,0.3518764972052169,1.0,1
"iteration_1","SCOPE_DATA_COLLECTION",800,16,1030.0,1090.0,1,5008,3319,1076,4956,3391,1168,4364,2855,900,640,471,178,0.1278976818545164,0.14161154539987975,0.16512059369202226,0.4279791610933602,0.8288625141091528,1.4643453657146026,0.8559583221867204,0.8288625141091528,0.9762302438097351,0.33524289642529786,0.5183887915936952,0.5944444444444444,100.0,100.0,4591,467,4345,15,1,1273,0.00326726203441516,0.0021413276231263384,0.29298043728423473,0.1,0.4,0.2,0.30000000000000004,70.0,80.0,40.0,0.05,0.4,0.2,0.30000000000000004,60.0,70.0,40.0,3384,2596,788,3384,0.23286052009456265,0.9215002352213538,1.0,0.9215002352213538,1524,0.5870570107858244,1.0,1
"iteration_1","SCOPE_DATA_COLLECTION",800,16,1030.0,1090.0,2,5008,3319,1076,4956,3391,1168,4364,2855,900,640,471,178,0.1278976818545164,0.14161154539987975,0.16512059369202226,0.4279791610933602,0.8288625141091528,1.4643453657146026,0.8559583221867204,0.8288625141091528,0.9762302438097351,0.33524289642529786,0.5183887915936952,0.5944444444444444,100.0,100.0,4591,467,4345,15,1,1273,0.00326726203441516,0.0021413276231263384,0.29298043728423473,0.1,0.4,0.2,0.30000000000000004,70.0,80.0,40.0,0.05,0.4,0.2,0.30000000000000004,60.0,70.0,40.0,1142,849,293,1142,0.2565674255691769,1.5375179558191012,1.5,1.0250119705460674,532,0.6266195524146054,1.0,1
"iteration_1","SCOPE_DATA_COLLECTION",800,17,1090.0,1150.0,0,4849,3384,1142,5008,3319,1076,3762,2589,851,1093,788,296,0.22512873326467558,0.23334320402724312,0.25806451612903225,0.4583259134746212,0.9222897602397871,1.5400525404433565,0.9166518269492424,0.9222897602397871,1.0267016936289044,0.3538011695906433,0.5878717651602936,0.627497062279671,97.5,100.0,4531,246,4598,12,0,2165,0.0026484219819024497,0.0,0.4708568943018704,0.05,0.4,0.2,0.30000000000000004,60.0,70.0,40.0,0.05,0.4,0.2,0.30000000000000004,60.0,70.0,40.0,5025,3997,1028,5025,0.2045771144278607,0.48422515592163307,0.5,0.9684503118432661,1528,0.3822867150362772,1.0,1
"iteration_1","SCOPE_DATA_COLLECTION",800,17,1090.0,1150.0,1,4849,3384,1142,5008,3319,1076,3762,2589,851,1093,788,296,0.22512873326467558,0.23334320402724312,0.25806451612903225,0.4583259134746212,0.9222897602397871,1.5400525404433565,0.9166518269492424,0.9222897602397871,1.0267016936289044,0.3538011695906433,0.5878717651602936,0.627497062279671,97.5,100.0,4531,246,4598,12,0,2165,0.0026484219819024497,0.0,0.4708568943018704,0.05,0.4,0.2,0.30000000000000004,60.0,70.0,40.0,0.05,0.4,0.2,0.30000000000000004,60.0,70.0,40.0,3331,2590,741,3331,0.2224557190033023,0.8970928629524563,1.0,0.8970928629524563,1474,0.5691119691119692,1.0,1
"iteration_1","SCOPE_DATA_COLLECTION",800,17,1090.0,1150.0,2,4849,3384,1142,5008,3319,1076,3762,2589,851,1093,788,296,0.22512873326467558,0.23334320402724312,0.25806451612903225,0.4583259134746212,0.9222897602397871,1.5400525404433565,0.9166518269492424,0.9222897602397871,1.0267016936289044,0.3538011695906433,0.5878717651602936,0.627497062279671,97.5,100.0,4531,246,4598,12,0,2165,0.0026484219819024497,0.0,0.4708568943018704,0.05,0.4,0.2,0.30000000000000004,60.0,70.0,40.0,0.05,0.4,0.2,0.30000000000000004,60.0,70.0,40.0,1111,853,258,1111,0.23222322232223222,1.5732212177197624,1.5,1.0488141451465083,545,0.6389214536928488,1.0,1
"iteration_1","SCOPE_DATA_COLLECTION",800,18,1150.0,1210.0,0,5025,3331,1111,4849,3384,1142,3991,2583,853,1028,741,258,0.2048216776250249,0.22292418772563177,0.23222322232223222,0.4823780718034506,0.892445148065508,1.5647029981289384,0.9647561436069012,0.892445148065508,1.0431353320859589,0.37860185417188674,0.5652342237708091,0.6354044548651817,97.5,100.0,4653,243,4571,12,0,2015,0.0025789813023855577,0.0,0.44082257711660466,0.05,0.4,0.2,0.30000000000000004,60.0,70.0,40.0,0.05,0.4,0.30000000000000004,0.2,60.0,80.0,30.0,4955,3920,1035,4955,0.20887991927346114,0.43941360322735507,0.5,0.8788272064547101,1267,0.32321428571428573,1.0,1
"iteration_1","SCOPE_DATA_COLLECTION",800,18,1150.0,1210.0,1,5025,3331,1111,4849,3384,1142,3991,2583,853,1028,741,258,0.2048216776250249,0.22292418772563177,0.23222322232223222,0.4823780718034506,0.892445148065508,1.5647029981289384,0.9647561436069012,0.892445148065508,1.0431353320859589,0.37860185417188674,0.5652342237708091,0.6354044548651817,97.5,100.0,4653,243,4571,12,0,2015,0.0025789813023855577,0.0,0.44082257711660466,0.05,0.4,0.2,0.30000000000000004,60.0,70.0,40.0,0.05,0.4,0.30000000000000004,0.2,60.0,80.0,30.0,3191,2547,644,3191,0.20181761203384518,0.8931332867235584,1.0,0.8931332867235584,1452,0.5700824499411072,1.0,1
"iteration_1","SCOPE_DATA_COLLECTION",800,18,1150.0,1210.0,2,5025,3331,1111,4849,3384,1142,3991,2583,853,1028,741,258,0.2048216776250249,0.22292418772563177,0.23222322232223222,0.4823780718034506,0.892445148065508,1.5647029981289384,0.9647561436069012,0.892445148065508,1.0431353320859589,0.37860185417188674,0.5652342237708091,0.6354044548651817,97.5,100.0,4653,243,4571,12,0,2015,0.0025789813023855577,0.0,0.44082257711660466,0.05,0.4,0.2,0.30000000000000004,60.0,70.0,40.0,0.05,0.4,0.30000000000000004,0.2,60.0,80.0,30.0,1107,875,232,1107,0.20957542908762422,1.5089589301294177,1.5,1.0059726200862784,535,0.6114285714285714,1.0,1
"iteration_1","SCOPE_DATA_COLLECTION",800,19,1210.0,1270.0,0,4955,3191,1107,5025,3331,1111,3932,2562,871,1035,644,232,0.2083752768270586,0.20087336244541484,0.21033544877606528,0.4402797454949214,0.8926369889332093,1.508281632551465,0.8805594909898428,0.8926369889332093,1.0055210883676433,0.3257884028484232,0.5710382513661202,0.6096440872560276,95.0,100.0,4599,243,4411,14,0,1897,0.0030441400304414,0.0,0.43006121060983904,0.05,0.4,0.30000000000000004,0.2,60.0,80.0,30.0,0.05,0.4,0.30000000000000004,0.2,60.0,80.0,30.0,5040,3889,1151,5040,0.22837301587301587,0.4940511142540523,0.5,0.9881022285081046,1481,0.38081769092311646,1.0,1
"iteration_1","SCOPE_DATA_COLLECTION",800,19,1210.0,1270.0,1,4955,3191,1107,5025,3331,1111,3932,2562,871,1035,644,232,0.2083752768270586,0.20087336244541484,0.21033544877606528,0.4402797454949214,0.8926369889332093,1.508281632551465,0.8805594909898428,0.8926369889332093,1.0055210883676433,0.3257884028484232,0.5710382513661202,0.6096440872560276,95.0,100.0,4599,243,4411,14,0,1897,0.0030441400304414,0.0,0.43006121060983904,0.05,0.4,0.30000000000000004,0.2,60.0,80.0,30.0,0.05,0.4,0.30000000000000004,0.2,60.0,80.0,30.0,3335,2513,822,3335,0.2464767616191904,0.9479277372735897,1.0,0.9479277372735897,1482,0.589733386390768,1.0,1
"iteration_1","SCOPE_DATA_COLLECTION",800,19,1210.0,1270.0,2,4955,3191,1107,5025,3331,1111,3932,2562,871,1035,644,232,0.2083752768270586,0.20087336244541484,0.21033544877606528,0.4402797454949214,0.8926369889332093,1.508281632551465,0.8805594909898428,0.8926369889332093,1.0055210883676433,0.3257884028484232,0.5710382513661202,0.6096440872560276,95.0,100.0,4599,243,4411,14,0,1897,0.0030441400304414,0.0,0.43006121060983904,0.05,0.4,0.30000000000000004,0.2,60.0,80.0,30.0,0.05,0.4,0.30000000000000004,0.2,60.0,80.0,30.0,1104,823,281,1104,0.2545289855072464,1.6381461619530764,1.5,1.092097441302051,558,0.6780072904009721,1.0,1
"iteration_1","SCOPE_DATA_COLLECTION",800,20,1270.0,1330.0,0,5040,3335,1104,4955,3191,1107,3859,2510,824,1151,822,281,0.22974051896207584,0.24669867947178872,0.25429864253393664,0.46551818090419145,0.9343256137343924,1.6265077110829473,0.9310363618083829,0.9343256137343924,1.0843384740552982,0.3780772220782586,0.5900398406374502,0.6783980582524272,100.0,100.0,4572,233,4674,18,0,2236,0.003937007874015748,0.0,0.47839109970047067,0.05,0.4,0.30000000000000004,0.2,60.0,80.0,30.0,0.15000000000000002,0.30000000000000004,0.30000000000000004,0.30000000000000004,60.0,90.0,30.0,4898,4480,418,4898,0.08534095549203756,0.3749032774248194,0.5,0.7498065548496388,1162,0.259375,1.0,1
"iteration_1","SCOPE_DATA_COLLECTION",800,20,1270.0,1330.0,1,5040,3335,1104,4955,3191,1107,3859,2510,824,1151,822,281,0.22974051896207584,0.24669867947178872,0.25429864253393664,0.46551818090419145,0.9343256137343924,1.6265077110829473,0.9310363618083829,0.9343256137343924,1.0843384740552982,0.3780772220782586,0.5900398406374502,0.6783980582524272,100.0,100.0,4572,233,4674,18,0,2236,0.003937007874015748,0.0,0.47839109970047067,0.05,0.4,0.30000000000000004,0.2,60.0,80.0,30.0,0.15000000000000002,0.30000000000000004,0.30000000000000004,0.30000000000000004,60.0,90.0,30.0,3315,3009,306,3315,0.09230769230769231,0.7918742332173868,1.0,0.7918742332173868,1458,0.48454636091724823,1.0,1
"iteration_1","SCOPE_DATA_COLLECTION",800,20,1270.0,1330.0,2,5040,3335,1104,4955,3191,1107,3859,2510,824,1151,822,281,0.22974051896207584,0.24669867947178872,0.25429864253393664,0.46551818090419145,0.9343256137343924,1.6265077110829473,0.9310363618083829,0.9343256137343924,1.0843384740552982,0.3780772220782586,0.5900398406374502,0.6783980582524272,100.0,100.0,4572,233,4674,18,0,2236,0.003937007874015748,0.0,0.47839109970047067,0.05,0.4,0.30000000000000004,0.2,60.0,80.0,30.0,0.15000000000000002,0.30000000000000004,0.30000000000000004,0.30000000000000004,60.0,90.0,30.0,1176,1061,115,1176,0.0977891156462585,1.3463814600101784,1.5,0.8975876400067856,564,0.5315739868049011,1.0,1
"iteration_1","SCOPE_DATA_COLLECTION",800,21,1330.0,1390.0,0,4898,3315,1176,5040,3335,1104,4506,3010,1054,416,302,113,0.08451848841934173,0.09118357487922706,0.09682947729220223,0.4008135612868714,0.8061556626364312,1.3510968589372594,0.8016271225737428,0.8061556626364312,0.9007312392915062,0.26342654238792723,0.4863787375415282,0.5294117647058824,97.5,100.0,4558,748,4083,16,1,814,0.0035103115401491883,0.001336898395721925,0.19936321332353663,0.15000000000000002,0.30000000000000004,0.30000000000000004,0.30000000000000004,60.0,90.0,30.0,0.1,0.9,0.7000000000000001,0.2,20.0,50.0,65.0,4992,4221,771,4992,0.1544471153846154,0.41417850305113396,0.5,0.8283570061022679,1449,0.34328358208955223,1.0,1
"iteration_1","SCOPE_DATA_COLLECTION",800,21,1330.0,1390.0,1,4898,3315,1176,5040,3335,1104,4506,3010,1054,416,302,113,0.08451848841934173,0.09118357487922706,0.09682947729220223,0.4008135612868714,0.8061556626364312,1.3510968589372594,0.8016271225737428,0.8061556626364312,0.9007312392915062,0.26342654238792723,0.4863787375415282,0.5294117647058824,97.5,100.0,4558,748,4083,16,1,814,0.0035103115401491883,0.001336898395721925,0.19936321332353663,0.15000000000000002,0.30000000000000004,0.30000000000000004,0.30000000000000004,60.0,90.0,30.0,0.1,0.9,0.7000000000000001,0.2,20.0,50.0,65.0,3373,2802,571,3373,0.16928550252001187,0.8394027099190607,1.0,0.8394027099190607,1437,0.512847965738758,1.0,1
"iteration_1","SCOPE_DATA_COLLECTION",800,21,1330.0,1390.0,2,4898,3315,1176,5040,3335,1104,4506,3010,1054,416,302,113,0.08451848841934173,0.09118357487922706,0.09682947729220223,0.4008135612868714,0.8061556626364312,1.3510968589372594,0.8016271225737428,0.8061556626364312,0.9007312392915062,0.26342654238792723,0.4863787375415282,0.5294117647058824,97.5,100.0,4558,748,4083,16,1,814,0.0035103115401491883,0.001336898395721925,0.19936321332353663,0.15000000000000002,0.30000000000000004,0.30000000000000004,0.30000000000000004,60.0,90.0,30.0,0.1,0.9,0.7000000000000001,0.2,20.0,50.0,65.0,1125,911,214,1125,0.1902222222222222,1.4454677708411623,1.5,0.9636451805607749,537,0.5894621295279913,1.0,1
"iteration_1","SCOPE_DATA_COLLECTION",800,22,1390.0,1450.0,0,4992,3373,1125,4898,3315,1176,4214,2791,918,766,570,212,0.1538152610441767,0.16959238321927997,0.18761061946902655,0.4097175825199238,0.8359369911941881,1.4506863147000268,0.8194351650398476,0.8359369911941881,0.9671242098000179,0.3395823445657333,0.5091365102113937,0.5915032679738562,100.0,100.0,4556,502,4432,14,0,1534,0.0030728709394205445,0.0,0.3461191335740072,0.1,0.9,0.7000000000000001,0.2,20.0,50.0,65.0,0.1,0.9,0.6000000000000001,0.1,30.0,50.0,75.0,4983,4093,890,4983,0.17860726469997992,0.4722341695533353,0.5,0.9444683391066706,1594,0.38944539457610555,1.0,1
"iteration_1","SCOPE_DATA_COLLECTION",800,22,1390.0,1450.0,1,4992,3373,1125,4898,3315,1176,4214,2791,918,766,570,212,0.1538152610441767,0.16959238321927997,0.18761061946902655,0.4097175825199238,0.8359369911941881,1.4506863147000268,0.8194351650398476,0.8359369911941881,0.9671242098000179,0.3395823445657333,0.5091365102113937,0.5915032679738562,100.0,100.0,4556,502,4432,14,0,1534,0.0030728709394205445,0.0,0.3461191335740072,0.1,0.9,0.7000000000000001,0.2,20.0,50.0,65.0,0.1,0.9,0.6000000000000001,0.1,30.0,50.0,75.0,3237,2604,633,3237,0.19555143651529194,0.9124931615845032,1.0,0.9124931615845032,1511,0.5802611367127496,1.0,1
"iteration_1","SCOPE_DATA_COLLECTION",800,22,1390.0,1450.0,2,4992,3373,1125,4898,3315,1176,4214,2791,918,766,570,212,0.1538152610441767,0.16959238321927997,0.18761061946902655,0.4097175825199238,0.8359369911941881,1.4506863147000268,0.8194351650398476,0.8359369911941881,0.9671242098000179,0.3395823445657333,0.5091365102113937,0.5915032679738562,100.0,100.0,4556,502,4432,14,0,1534,0.0030728709394205445,0.0,0.3461191335740072,0.1,0.9,0.7000000000000001,0.2,20.0,50.0,65.0,0.1,0.9,0.6000000000000001,0.1,30.0,50.0,75.0,1114,863,251,1114,0.2253141831238779,1.529523830646587,1.5,1.0196825537643914,552,0.6396292004634995,1.0,1
"iteration_1","SCOPE_DATA_COLLECTION",800,23,1450.0,1510.0,0,4983,3237,1114,4992,3373,1125,4097,2605,864,897,638,255,0.17961553864637564,0.1967314215232809,0.22788203753351208,0.47668048258300716,0.9171307973392345,1.5323323097189911,0.9533609651660143,0.9171307973392345,1.021554873145994,0.39297046619477666,0.5834932821497121,0.6423611111111112,97.5,100.0,4460,477,4397,5,0,1785,0.0011210762331838565,0.0,0.4059586081419149,0.1,0.9,0.6000000000000001,0.1,30.0,50.0,75.0,0.2,0.9,0.6000000000000001,0.1,40.0,50.0,65.0,4858,4512,346,4858,0.07122272540139975,0.3755037342714306,0.5,0.7510074685428612,1419,0.31449468085106386,1.0,1
"iteration_1","SCOPE_DATA_COLLECTION",800,23,1450.0,1510.0,1,4983,3237,1114,4992,3373,1125,4097,2605,864,897,638,255,0.17961553864637564,0.1967314215232809,0.22788203753351208,0.47668048258300716,0.9171307973392345,1.5323323097189911,0.9533609651660143,0.9171307973392345,1.021554873145994,0.39297046619477666,0.5834932821497121,0.6423611111111112,97.5,100.0,4460,477,4397,5,0,1785,0.0011210762331838565,0.0,0.4059586081419149,0.1,0.9,0.6000000000000001,0.1,30.0,50.0,75.0,0.2,0.9,0.6000000000000001,0.1,40.0,50.0,65.0,3283,3064,219,3283,0.06670727992689614,0.7774640102987109,1.0,0.7774640102987109,1479,0.4827023498694517,1.0,1
"iteration_1","SCOPE_DATA_COLLECTION",800,23,1450.0,1510.0,2,4983,3237,1114,4992,3373,1125,4097,2605,864,897,638,255,0.17961553864637564,0.1967314215232809,0.22788203753351208,0.47668048258300716,0.9171307973392345,1.5323323097189911,0.9533609651660143,0.9171307973392345,1.021554873145994,0.39297046619477666,0.5834932821497121,0.6423611111111112,97.5,100.0,4460,477,4397,5,0,1785,0.0011210762331838565,0.0,0.4059586081419149,0.1,0.9,0.6000000000000001,0.1,30.0,50.0,75.0,0.2,0.9,0.6000000000000001,0.1,40.0,50.0,65.0,1099,1017,82,1099,0.0746132848043676,1.297061137179587,1.5,0.8647074247863914,528,0.5191740412979351,1.0,1
"iteration_1","SCOPE_DATA_COLLECTION",800,24,1510.0,1570.0,0,4858,3283,1099,4983,3237,1114,4506,3074,1012,346,219,82,0.07131079967023908,0.06650470695414516,0.07495429616087751,0.3736198020525492,0.7757082274534486,1.295729303976647,0.7472396041050984,0.7757082274534486,0.8638195359844314,0.3118064802485575,0.48243331164606373,0.5177865612648221,95.0,100.0,4518,973,3749,8,2,637,0.0017706949977866313,0.0020554984583761563,0.16991197652707388,0.2,0.9,0.6000000000000001,0.1,40.0,50.0,65.0,0.2,0.9,0.6000000000000001,0.1,40.0,50.0,65.0,4951,4544,407,4951,0.08220561502726721,0.3998405187670467,0.5,0.7996810375340934,1549,0.34088908450704225,1.0,1
"iteration_1","SCOPE_DATA_COLLECTION",800,24,1510.0,1570.0,1,4858,3283,1099,4983,3237,1114,4506,3074,1012,346,219,82,0.07131079967023908,0.06650470695414516,0.07495429616087751,0.3736198020525492,0.7757082274534486,1.295729303976647,0.7472396041050984,0.7757082274534486,0.8638195359844314,0.3118064802485575,0.48243331164606373,0.5177865612648221,95.0,100.0,4518,973,3749,8,2,637,0.0017706949977866313,0.0020554984583761563,0.16991197652707388,0.2,0.9,0.6000000000000001,0.1,40.0,50.0,65.0,0.2,0.9,0.6000000000000001,0.1,40.0,50.0,65.0,3405,3134,271,3405,0.07958883994126285,0.8038804540975089,1.0,0.8038804540975089,1559,0.49744735162731335,1.0,1
"iteration_1","SCOPE_DATA_COLLECTION",800,24,1510.0,1570.0,2,4858,3283,1099,4983,3237,1114,4506,3074,1012,346,219,82,0.07131079967023908,0.06650470695414516,0.07495429616087751,0.3736198020525492,0.7757082274534486,1.295729303976647,0.7472396041050984,0.7757082274534486,0.8638195359844314,0.3118064802485575,0.48243331164606373,0.5177865612648221,95.0,100.0,4518,973,3749,8,2,637,0.0017706949977866313,0.0020554984583761563,0.16991197652707388,0.2,0.9,0.6000000000000001,0.1,40.0,50.0,65.0,0.2,0.9,0.6000000000000001,0.1,40.0,50.0,65.0,1090,988,102,1090,0.09357798165137615,1.3204112132267647,1.5,0.8802741421511765,518,0.5242914979757085,1.0,1
"iteration_1","SCOPE_DATA_COLLECTION",800,25,1570.0,1630.0,0,4951,3405,1090,4858,3283,1099,4553,3136,990,407,271,102,0.08205645161290323,0.07954211916642208,0.09340659340659341,0.40098284172229337,0.8037387066594897,1.3206717795073886,0.8019656834445867,0.8037387066594897,0.8804478530049257,0.3421919613441687,0.49744897959183676,0.5242424242424243,97.5,100.0,4578,948,3920,8,0,772,0.0017474879860200961,0.0,0.19693877551020408,0.2,0.9,0.6000000000000001,0.1,40.0,50.0,65.0,0.30000000000000004,0.9,0.5,0.1,30.0,60.0,75.0,4987,4851,136,4987,0.027270904351313414,0.3449298574417757,0.5,0.6898597148835514,1392,0.28695114409400124,1.0,1
"iteration_1","SCOPE_DATA_COLLECTION",800,25,1570.0,1630.0,1,4951,3405,1090,4858,3283,1099,4553,3136,990,407,271,102,0.08205645161290323,0.07954211916642208,0.09340659340659341,0.40098284172229337,0.8037387066594897,1.3206717795073886,0.8019656834445867,0.8037387066594897,0.8804478530049257,0.3421919613441687,0.49744897959183676,0.5242424242424243,97.5,100.0,4578,948,3920,8,0,772,0.0017474879860200961,0.0,0.19693877551020408,0.2,0.9,0.6000000000000001,0.1,40.0,50.0,65.0,0.30000000000000004,0.9,0.5,0.1,30.0,60.0,75.0,3283,3202,81,3283,0.024672555589399937,0.7350845448622608,1.0,0.7350845448622608,1439,0.44940662086196126,1.0,1
"iteration_1","SCOPE_DATA_COLLECTION",800,25,1570.0,1630.0,2,4951,3405,1090,4858,3283,1099,4553,3136,990,407,271,102,0.08205645161290323,0.07954211916642208,0.09340659340659341,0.40098284172229337,0.8037387066594897,1.3206717795073886,0.8019656834445867,0.8037387066594897,0.8804478530049257,0.3421919613441687,0.49744897959183676,0.5242424242424243,97.5,100.0,4578,948,3920,8,0,772,0.0017474879860200961,0.0,0.19693877551020408,0.2,0.9,0.6000000000000001,0.1,40.0,50.0,65.0,0.30000000000000004,0.9,0.5,0.1,30.0,60.0,75.0,1151,1112,39,1151,0.03388357949609035,1.2309517692019425,1.5,0.820634512801295,544,0.4892086330935252,1.0,1
"iteration_1","SCOPE_DATA_COLLECTION",800,26,1630.0,1690.0,0,4987,3283,1151,4951,3405,1090,4846,3203,1110,128,74,36,0.025733815842380377,0.022581629539212694,0.031413612565445025,0.34482256279138074,0.7364614020557955,1.2322724584608555,0.6896451255827615,0.7364614020557955,0.821514972307237,0.28600907965332234,0.4489541055260693,0.4900900900900901,100.0,100.0,4516,1445,3460,11,2,225,0.002435783879539415,0.001384083044982699,0.06502890173410404,0.30000000000000004,0.9,0.5,0.1,30.0,60.0,75.0,0.25,0.8,0.5,0.6000000000000001,85.0,20.0,35.0,4872,4693,179,4872,0.03674055829228243,0.3442841392560019,0.5,0.6885682785120038,1363,0.29043255913062005,1.0,1
"iteration_1","SCOPE_DATA_COLLECTION",800,26,1630.0,1690.0,1,4987,3283,1151,4951,3405,1090,4846,3203,1110,128,74,36,0.025733815842380377,0.022581629539212694,0.031413612565445025,0.34482256279138074,0.7364614020557955,1.2322724584608555,0.6896451255827615,0.7364614020557955,0.821514972307237,0.28600907965332234,0.4489541055260693,0.4900900900900901,100.0,100.0,4516,1445,3460,11,2,225,0.002435783879539415,0.001384083044982699,0.06502890173410404,0.30000000000000004,0.9,0.5,0.1,30.0,60.0,75.0,0.25,0.8,0.5,0.6000000000000001,85.0,20.0,35.0,3211,3091,120,3211,0.03737153534724385,0.7520485357189333,1.0,0.7520485357189333,1453,0.47007440957618896,1.0,1
"iteration_1","SCOPE_DATA_COLLECTION",800,26,1630.0,1690.0,2,4987,3283,1151,4951,3405,1090,4846,3203,1110,128,74,36,0.025733815842380377,0.022581629539212694,0.031413612565445025,0.34482256279138074,0.7364614020557955,1.2322724584608555,0.6896451255827615,0.7364614020557955,0.821514972307237,0.28600907965332234,0.4489541055260693,0.4900900900900901,100.0,100.0,4516,1445,3460,11,2,225,0.002435783879539415,0.001384083044982699,0.06502890173410404,0.30000000000000004,0.9,0.5,0.1,30.0,60.0,75.0,0.25,0.8,0.5,0.6000000000000001,85.0,20.0,35.0,1069,1021,48,1069,0.04490177736202058,1.3030935937140184,1.5,0.8687290624760123,526,0.515181194906954,1.0,1
"iteration_1","SCOPE_DATA_COLLECTION",800,27,1690.0,1750.0,0,4872,3211,1069,4987,3283,1151,4696,3078,1018,187,127,51,0.03829612942862994,0.03962558502340094,0.047708138447146865,0.34389373606251156,0.7490386678306127,1.2943714554933274,0.6877874721250231,0.7490386678306127,0.8629143036622183,0.2900340715502555,0.46881091617933723,0.5117878192534381,95.0,100.0,4595,1123,3434,22,0,343,0.004787812840043526,0.0,0.09988351776354105,0.25,0.8,0.5,0.6000000000000001,85.0,20.0,35.0,0.45,0.9,0.7000000000000001,0.9,35.0,45.0,70.0,5074,5068,6,5074,0.0011824990145841545,0.3390417043329234,0.5,0.6780834086658468,1541,0.30406471981057615,1.0,1
"iteration_1","SCOPE_DATA_COLLECTION",800,27,1690.0,1750.0,1,4872,3211,1069,4987,3283,1151,4696,3078,1018,187,127,51,0.03829612942862994,0.03962558502340094,0.047708138447146865,0.34389373606251156,0.7490386678306127,1.2943714554933274,0.6877874721250231,0.7490386678306127,0.8629143036622183,0.2900340715502555,0.46881091617933723,0.5117878192534381,95.0,100.0,4595,1123,3434,22,0,343,0.004787812840043526,0.0,0.09988351776354105,0.25,0.8,0.5,0.6000000000000001,85.0,20.0,35.0,0.45,0.9,0.7000000000000001,0.9,35.0,45.0,70.0,3286,3267,19,3286,0.005782105903834449,0.717448024739664,1.0,0.717448024739664,1433,0.4386287113559841,1.0,1
"iteration_1","SCOPE_DATA_COLLECTION",800,27,1690.0,1750.0,2,4872,3211,1069,4987,3283,1151,4696,3078,1018,187,127,51,0.03829612942862994,0.03962558502340094,0.047708138447146865,0.34389373606251156,0.7490386678306127,1.2943714554933274,0.6877874721250231,0.7490386678306127,0.8629143036622183,0.2900340715502555,0.46881091617933723,0.5117878192534381,95.0,100.0,4595,1123,3434,22,0,343,0.004787812840043526,0.0,0.09988351776354105,0.25,0.8,0.5,0.6000000000000001,85.0,20.0,35.0,0.45,0.9,0.7000000000000001,0.9,35.0,45.0,70.0,1095,1079,16,1095,0.014611872146118721,1.2998858234357977,1.5,0.8665905489571984,549,0.5088044485634847,1.0,1
"iteration_1","SCOPE_DATA_COLLECTION",800,28,1750.0,1810.0,0,5074,3286,1095,4872,3211,1069,5058,3273,1084,6,19,15,0.001184834123222749,0.005771567436208992,0.01364877161055505,0.3388932628067791,0.7211703208124228,1.3012880121391257,0.6777865256135582,0.7211703208124228,0.8675253414260838,0.3040727560300514,0.44149098686220595,0.5101476014760148,100.0,100.0,4720,2085,2650,37,3,0,0.007838983050847457,0.0014388489208633094,0.0,0.45,0.9,0.7000000000000001,0.9,35.0,45.0,70.0,0.55,0.9,0.6000000000000001,0.8,25.0,55.0,80.0,5079,5071,8,5079,0.0015751132112620594,0.33591467141321296,0.5,0.6718293428264259,1611,0.3176888187734175,1.0,1
"iteration_1","SCOPE_DATA_COLLECTION",800,28,1750.0,1810.0,1,5074,3286,1095,4872,3211,1069,5058,3273,1084,6,19,15,0.001184834123222749,0.005771567436208992,0.01364877161055505,0.3388932628067791,0.7211703208124228,1.3012880121391257,0.6777865256135582,0.7211703208124228,0.8675253414260838,0.3040727560300514,0.44149098686220595,0.5101476014760148,100.0,100.0,4720,2085,2650,37,3,0,0.007838983050847457,0.0014388489208633094,0.0,0.45,0.9,0.7000000000000001,0.9,35.0,45.0,70.0,0.55,0.9,0.6000000000000001,0.8,25.0,55.0,80.0,3391,3375,16,3391,0.004718372161604247,0.7043670720435092,1.0,0.7043670720435092,1482,0.4391111111111111,1.0,1
"iteration_1","SCOPE_DATA_COLLECTION",800,28,1750.0,1810.0,2,5074,3286,1095,4872,3211,1069,5058,3273,1084,6,19,15,0.001184834123222749,0.005771567436208992,0.01364877161055505,0.3388932628067791,0.7211703208124228,1.3012880121391257,0.6777865256135582,0.7211703208124228,0.8675253414260838,0.3040727560300514,0.44149098686220595,0.5101476014760148,100.0,100.0,4720,2085,2650,37,3,0,0.007838983050847457,0.0014388489208633094,0.0,0.45,0.9,0.7000000000000001,0.9,35.0,45.0,70.0,0.55,0.9,0.6000000000000001,0.8,25.0,55.0,80.0,1145,1126,19,1145,0.016593886462882096,1.2791896670516487,1.5,0.8527931113677658,564,0.5008880994671403,1.0,1
"iteration_1","SCOPE_DATA_COLLECTION",800,29,1810.0,1870.0,0,5079,3391,1145,5074,3286,1095,5079,3382,1125,8,16,20,0.001572636131315117,0.004708652148322542,0.017467248908296942,0.3364193694613352,0.7038524920143012,1.2783198355339314,0.6728387389226704,0.7038524920143012,0.8522132236892875,0.318172868674936,0.43820224719101125,0.49955555555555553,100.0,100.0,4699,2707,2209,39,5,0,0.008299638220898064,0.001847063169560399,0.0,0.55,0.9,0.6000000000000001,0.8,25.0,55.0,80.0,0.55,0.8,0.5,0.9,25.0,55.0,80.0,5011,5007,4,5011,7.982438635002994E-4,0.32254381421069017,0.5,0.6450876284213803,1366,0.27281805472338727,1.0,1
"iteration_1","SCOPE_DATA_COLLECTION",800,29,1810.0,1870.0,1,5079,3391,1145,5074,3286,1095,5079,3382,1125,8,16,20,0.001572636131315117,0.004708652148322542,0.017467248908296942,0.3364193694613352,0.7038524920143012,1.2783198355339314,0.6728387389226704,0.7038524920143012,0.8522132236892875,0.318172868674936,0.43820224719101125,0.49955555555555553,100.0,100.0,4699,2707,2209,39,5,0,0.008299638220898064,0.001847063169560399,0.0,0.55,0.9,0.6000000000000001,0.8,25.0,55.0,80.0,0.55,0.8,0.5,0.9,25.0,55.0,80.0,3206,3198,8,3206,0.002495321272613849,0.6896049277338242,1.0,0.6896049277338242,1381,0.4318323952470294,1.0,1
"iteration_1","SCOPE_DATA_COLLECTION",800,29,1810.0,1870.0,2,5079,3391,1145,5074,3286,1095,5079,3382,1125,8,16,20,0.001572636131315117,0.004708652148322542,0.017467248908296942,0.3364193694613352,0.7038524920143012,1.2783198355339314,0.6728387389226704,0.7038524920143012,0.8522132236892875,0.318172868674936,0.43820224719101125,0.49955555555555553,100.0,100.0,4699,2707,2209,39,5,0,0.008299638220898064,0.001847063169560399,0.0,0.55,0.9,0.6000000000000001,0.8,25.0,55.0,80.0,0.55,0.8,0.5,0.9,25.0,55.0,80.0,1137,1123,14,1137,0.012313104661389622,1.2365935830502166,1.5,0.8243957220334778,547,0.4870881567230632,1.0,1
"iteration_1","SCOPE_DATA_COLLECTION",800,30,1870.0,1930.0,0,5011,3206,1137,5079,3391,1145,5001,3196,1122,4,8,14,7.992007992007992E-4,0.0024968789013732834,0.01232394366197183,0.32156747786644807,0.6892008460205271,1.2454474820306158,0.6431349557328961,0.6892008460205271,0.8302983213537439,0.2725454909018196,0.4311639549436796,0.4910873440285205,92.5,100.0,4569,2610,2175,24,2,0,0.005252790544977019,7.662835249042146E-4,0.0,0.55,0.8,0.5,0.9,25.0,55.0,80.0,0.45,0.7000000000000001,0.6000000000000001,0.9,20.0,45.0,70.0,4891,4886,5,4891,0.0010222858311183807,0.31926493397568,0.5,0.63852986795136,1328,0.2717969709373721,1.0,1
"iteration_1","SCOPE_DATA_COLLECTION",800,30,1870.0,1930.0,1,5011,3206,1137,5079,3391,1145,5001,3196,1122,4,8,14,7.992007992007992E-4,0.0024968789013732834,0.01232394366197183,0.32156747786644807,0.6892008460205271,1.2454474820306158,0.6431349557328961,0.6892008460205271,0.8302983213537439,0.2725454909018196,0.4311639549436796,0.4910873440285205,92.5,100.0,4569,2610,2175,24,2,0,0.005252790544977019,7.662835249042146E-4,0.0,0.55,0.8,0.5,0.9,25.0,55.0,80.0,0.45,0.7000000000000001,0.6000000000000001,0.9,20.0,45.0,70.0,3382,3372,10,3382,0.0029568302779420462,0.7052295690962029,1.0,0.7052295690962029,1482,0.4395017793594306,1.0,1
"iteration_1","SCOPE_DATA_COLLECTION",800,30,1870.0,1930.0,2,5011,3206,1137,5079,3391,1145,5001,3196,1122,4,8,14,7.992007992007992E-4,0.0024968789013732834,0.01232394366197183,0.32156747786644807,0.6892008460205271,1.2454474820306158,0.6431349557328961,0.6892008460205271,0.8302983213537439,0.2725454909018196,0.4311639549436796,0.4910873440285205,92.5,100.0,4569,2610,2175,24,2,0,0.005252790544977019,7.662835249042146E-4,0.0,0.55,0.8,0.5,0.9,25.0,55.0,80.0,0.45,0.7000000000000001,0.6000000000000001,0.9,20.0,45.0,70.0,1047,1036,11,1047,0.010506208213944603,1.2702038812679668,1.5,0.8468025875119779,517,0.49903474903474904,1.0,1
"iteration_1","SCOPE_DATA_COLLECTION",800,31,1930.0,1990.0,0,4891,3382,1047,5011,3206,1137,4902,3364,1041,5,10,11,0.0010189525168127166,0.002963841138114997,0.010456273764258554,0.320864576265468,0.7042981112470142,1.2655146364424,0.641729152530936,0.7042981112470142,0.8436764242949333,0.273765809873521,0.43846611177170036,0.49759846301633043,100.0,100.0,4559,2179,2582,23,3,0,0.005044966001316078,0.0013767783386874712,0.0,0.45,0.7000000000000001,0.6000000000000001,0.9,20.0,45.0,70.0,0.45,0.6000000000000001,0.6000000000000001,0.8,20.0,45.0,60.0,4911,4895,16,4911,0.003257992262268377,0.311727880716198,0.5,0.623455761432396,1289,0.2633299284984678,1.0,1
"iteration_1","SCOPE_DATA_COLLECTION",800,31,1930.0,1990.0,1,4891,3382,1047,5011,3206,1137,4902,3364,1041,5,10,11,0.0010189525168127166,0.002963841138114997,0.010456273764258554,0.320864576265468,0.7042981112470142,1.2655146364424,0.641729152530936,0.7042981112470142,0.8436764242949333,0.273765809873521,0.43846611177170036,0.49759846301633043,100.0,100.0,4559,2179,2582,23,3,0,0.005044966001316078,0.0013767783386874712,0.0,0.45,0.7000000000000001,0.6000000000000001,0.9,20.0,45.0,70.0,0.45,0.6000000000000001,0.6000000000000001,0.8,20.0,45.0,60.0,3360,3345,15,3360,0.004464285714285714,0.7000911197999342,1.0,0.7000911197999342,1485,0.4439461883408072,1.0,1
"iteration_1","SCOPE_DATA_COLLECTION",800,31,1930.0,1990.0,2,4891,3382,1047,5011,3206,1137,4902,3364,1041,5,10,11,0.0010189525168127166,0.002963841138114997,0.010456273764258554,0.320864576265468,0.7042981112470142,1.2655146364424,0.641729152530936,0.7042981112470142,0.8436764242949333,0.273765809873521,0.43846611177170036,0.49759846301633043,100.0,100.0,4559,2179,2582,23,3,0,0.005044966001316078,0.0013767783386874712,0.0,0.45,0.7000000000000001,0.6000000000000001,0.9,20.0,45.0,70.0,0.45,0.6000000000000001,0.6000000000000001,0.8,20.0,45.0,60.0,1123,1107,16,1123,0.014247551202137132,1.2311699551043065,1.5,0.8207799700695376,535,0.4832881662149955,1.0,1
"iteration_1","SCOPE_DATA_COLLECTION",800,32,1990.0,2050.0,0,4911,3360,1123,4891,3382,1047,4871,3348,1101,16,15,16,0.0032739922242684674,0.0044603033006244425,0.01432408236347359,0.30976682189407767,0.6991251829105786,1.2299896014929734,0.6195336437881553,0.6991251829105786,0.8199930676619823,0.2603161568466434,0.4447431302270012,0.4822888283378747,100.0,100.0,4564,2182,2648,27,2,18,0.005915863277826468,9.165902841429881E-4,0.006797583081570997,0.45,0.6000000000000001,0.6000000000000001,0.8,20.0,45.0,60.0,0.45,0.7000000000000001,0.7000000000000001,0.8,20.0,55.0,60.0,4936,4930,6,4936,0.0012155591572123178,0.3246365629028537,0.5,0.6492731258057074,1333,0.27038539553752533,1.0,1
"iteration_1","SCOPE_DATA_COLLECTION",800,32,1990.0,2050.0,1,4911,3360,1123,4891,3382,1047,4871,3348,1101,16,15,16,0.0032739922242684674,0.0044603033006244425,0.01432408236347359,0.30976682189407767,0.6991251829105786,1.2299896014929734,0.6195336437881553,0.6991251829105786,0.8199930676619823,0.2603161568466434,0.4447431302270012,0.4822888283378747,100.0,100.0,4564,2182,2648,27,2,18,0.005915863277826468,9.165902841429881E-4,0.006797583081570997,0.45,0.6000000000000001,0.6000000000000001,0.8,20.0,45.0,60.0,0.45,0.7000000000000001,0.7000000000000001,0.8,20.0,55.0,60.0,3389,3379,10,3389,0.0029507229271171437,0.7257917035275823,1.0,0.7257917035275823,1534,0.4539804675939627,1.0,1
"iteration_1","SCOPE_DATA_COLLECTION",800,32,1990.0,2050.0,2,4911,3360,1123,4891,3382,1047,4871,3348,1101,16,15,16,0.0032739922242684674,0.0044603033006244425,0.01432408236347359,0.30976682189407767,0.6991251829105786,1.2299896014929734,0.6195336437881553,0.6991251829105786,0.8199930676619823,0.2603161568466434,0.4447431302270012,0.4822888283378747,100.0,100.0,4564,2182,2648,27,2,18,0.005915863277826468,9.165902841429881E-4,0.006797583081570997,0.45,0.6000000000000001,0.6000000000000001,0.8,20.0,45.0,60.0,0.45,0.7000000000000001,0.7000000000000001,0.8,20.0,55.0,60.0,1004,989,15,1004,0.014940239043824702,1.2704464229007753,1.5,0.8469642819338502,494,0.4994944388270981,1.0,1
"iteration_1","SCOPE_DATA_COLLECTION",800,33,2050.0,2110.0,0,4936,3389,1004,4911,3360,1123,4945,3376,994,6,10,15,0.001211876388608362,0.0029533372711163615,0.014866204162537165,0.32639409171596406,0.7267071512873277,1.274780769299937,0.6527881834319281,0.7267071512873277,0.8498538461999581,0.2730030333670374,0.4549763033175355,0.5020120724346077,100.0,100.0,4730,2061,2538,29,2,0,0.00613107822410148,9.704027171276079E-4,0.0,0.45,0.7000000000000001,0.7000000000000001,0.8,20.0,55.0,60.0,0.35000000000000003,0.8,0.7000000000000001,0.9,20.0,55.0,60.0,5008,5000,8,5008,0.001597444089456869,0.33416080933969605,0.5,0.6683216186793921,1371,0.2742,1.0,1
"iteration_1","SCOPE_DATA_COLLECTION",800,33,2050.0,2110.0,1,4936,3389,1004,4911,3360,1123,4945,3376,994,6,10,15,0.001211876388608362,0.0029533372711163615,0.014866204162537165,0.32639409171596406,0.7267071512873277,1.274780769299937,0.6527881834319281,0.7267071512873277,0.8498538461999581,0.2730030333670374,0.4549763033175355,0.5020120724346077,100.0,100.0,4730,2061,2538,29,2,0,0.00613107822410148,9.704027171276079E-4,0.0,0.45,0.7000000000000001,0.7000000000000001,0.8,20.0,55.0,60.0,0.35000000000000003,0.8,0.7000000000000001,0.9,20.0,55.0,60.0,3402,3389,13,3402,0.003821281599059377,0.7166228072408417,1.0,0.7166228072408417,1518,0.44791974033638243,1.0,1
"iteration_1","SCOPE_DATA_COLLECTION",800,33,2050.0,2110.0,2,4936,3389,1004,4911,3360,1123,4945,3376,994,6,10,15,0.001211876388608362,0.0029533372711163615,0.014866204162537165,0.32639409171596406,0.7267071512873277,1.274780769299937,0.6527881834319281,0.7267071512873277,0.8498538461999581,0.2730030333670374,0.4549763033175355,0.5020120724346077,100.0,100.0,4730,2061,2538,29,2,0,0.00613107822410148,9.704027171276079E-4,0.0,0.45,0.7000000000000001,0.7000000000000001,0.8,20.0,55.0,60.0,0.35000000000000003,0.8,0.7000000000000001,0.9,20.0,55.0,60.0,1115,1101,14,1115,0.012556053811659192,1.2164127595724774,1.5,0.8109418397149849,515,0.4677565849227975,1.0,1
"iteration_1","SCOPE_DATA_COLLECTION",800,34,2110.0,2170.0,0,5008,3402,1115,4936,3389,1004,5002,3393,1104,8,13,14,0.0015968063872255488,0.003816793893129771,0.012522361359570662,0.334385203218984,0.7168653172203004,1.219586820835306,0.668770406437968,0.7168653172203004,0.8130578805568707,0.2746901239504198,0.4465075154730327,0.4692028985507246,100.0,100.0,4712,1730,3083,35,0,0,0.007427843803056027,0.0,0.0,0.35000000000000003,0.8,0.7000000000000001,0.9,20.0,55.0,60.0,0.35000000000000003,0.9,0.8,0.9,30.0,55.0,70.0,4980,4936,44,4980,0.008835341365461847,0.33317380479453845,0.5,0.6663476095890769,1386,0.2807941653160454,1.0,1
"iteration_1","SCOPE_DATA_COLLECTION",800,34,2110.0,2170.0,1,5008,3402,1115,4936,3389,1004,5002,3393,1104,8,13,14,0.0015968063872255488,0.003816793893129771,0.012522361359570662,0.334385203218984,0.7168653172203004,1.219586820835306,0.668770406437968,0.7168653172203004,0.8130578805568707,0.2746901239504198,0.4465075154730327,0.4692028985507246,100.0,100.0,4712,1730,3083,35,0,0,0.007427843803056027,0.0,0.0,0.35000000000000003,0.8,0.7000000000000001,0.9,20.0,55.0,60.0,0.35000000000000003,0.9,0.8,0.9,30.0,55.0,70.0,3313,3278,35,3313,0.01056444310292786,0.7383103777207168,1.0,0.7383103777207168,1532,0.4673581452104942,1.0,1
"iteration_1","SCOPE_DATA_COLLECTION",800,34,2110.0,2170.0,2,5008,3402,1115,4936,3389,1004,5002,3393,1104,8,13,14,0.0015968063872255488,0.003816793893129771,0.012522361359570662,0.334385203218984,0.7168653172203004,1.219586820835306,0.668770406437968,0.7168653172203004,0.8130578805568707,0.2746901239504198,0.4465075154730327,0.4692028985507246,100.0,100.0,4712,1730,3083,35,0,0,0.007427843803056027,0.0,0.0,0.35000000000000003,0.8,0.7000000000000001,0.9,20.0,55.0,60.0,0.35000000000000003,0.9,0.8,0.9,30.0,55.0,70.0,1103,1083,20,1103,0.01813236627379873,1.233690061788566,1.5,0.8224600411923774,519,0.4792243767313019,1.0,1
"iteration_1","SCOPE_DATA_COLLECTION",800,35,2170.0,2230.0,0,4980,3313,1103,5008,3402,1115,4933,3274,1078,44,35,20,0.00884066706851517,0.010577213659715926,0.018214936247723135,0.3333617919778476,0.738847245729872,1.2237722133041848,0.6667235839556952,0.738847245729872,0.8158481422027899,0.28076221366308535,0.468540012217471,0.4749536178107607,95.0,100.0,4650,1654,3092,36,3,60,0.007741935483870968,0.0018137847642079807,0.019404915912031046,0.35000000000000003,0.9,0.8,0.9,30.0,55.0,70.0,0.30000000000000004,0.8,0.8,0.8,65.0,25.0,90.0,4938,4920,18,4938,0.0036452004860267314,0.33482634521616994,0.5,0.6696526904323399,1369,0.2782520325203252,1.0,1
"iteration_1","SCOPE_DATA_COLLECTION",800,35,2170.0,2230.0,1,4980,3313,1103,5008,3402,1115,4933,3274,1078,44,35,20,0.00884066706851517,0.010577213659715926,0.018214936247723135,0.3333617919778476,0.738847245729872,1.2237722133041848,0.6667235839556952,0.738847245729872,0.8158481422027899,0.28076221366308535,0.468540012217471,0.4749536178107607,95.0,100.0,4650,1654,3092,36,3,60,0.007741935483870968,0.0018137847642079807,0.019404915912031046,0.35000000000000003,0.9,0.8,0.9,30.0,55.0,70.0,0.30000000000000004,0.8,0.8,0.8,65.0,25.0,90.0,3351,3326,25,3351,0.007460459564309161,0.7130585600255738,1.0,0.7130585600255738,1444,0.43415514131088395,1.0,1
"iteration_1","SCOPE_DATA_COLLECTION",800,35,2170.0,2230.0,2,4980,3313,1103,5008,3402,1115,4933,3274,1078,44,35,20,0.00884066706851517,0.010577213659715926,0.018214936247723135,0.3333617919778476,0.738847245729872,1.2237722133041848,0.6667235839556952,0.738847245729872,0.8158481422027899,0.28076221366308535,0.468540012217471,0.4749536178107607,95.0,100.0,4650,1654,3092,36,3,60,0.007741935483870968,0.0018137847642079807,0.019404915912031046,0.35000000000000003,0.9,0.8,0.9,30.0,55.0,70.0,0.30000000000000004,0.8,0.8,0.8,65.0,25.0,90.0,1100,1082,18,1100,0.016363636363636365,1.2947459376030477,1.5,0.8631639584020318,552,0.5101663585951941,1.0,1
"iteration_1","SCOPE_DATA_COLLECTION",800,36,2230.0,2290.0,0,4938,3351,1100,4980,3313,1103,4913,3332,1078,18,25,18,0.0036503751774487935,0.0074471254095918975,0.016423357664233577,0.3335548643162936,0.7135060672405592,1.2948666433050793,0.6671097286325872,0.7135060672405592,0.8632444288700528,0.27559535925096684,0.43487394957983194,0.5092764378478665,100.0,100.0,4592,1477,3320,27,1,33,0.005879790940766551,6.770480704129993E-4,0.009939759036144578,0.30000000000000004,0.8,0.8,0.8,65.0,25.0,90.0,0.30000000000000004,0.7000000000000001,0.8,0.7000000000000001,55.0,35.0,95.0,4939,4819,120,4939,0.024296416278598906,0.34416219687723854,0.5,0.6883243937544771,1407,0.2919692882340735,1.0,1
"iteration_1","SCOPE_DATA_COLLECTION",800,36,2230.0,2290.0,1,4938,3351,1100,4980,3313,1103,4913,3332,1078,18,25,18,0.0036503751774487935,0.0074471254095918975,0.016423357664233577,0.3335548643162936,0.7135060672405592,1.2948666433050793,0.6671097286325872,0.7135060672405592,0.8632444288700528,0.27559535925096684,0.43487394957983194,0.5092764378478665,100.0,100.0,4592,1477,3320,27,1,33,0.005879790940766551,6.770480704129993E-4,0.009939759036144578,0.30000000000000004,0.8,0.8,0.8,65.0,25.0,90.0,0.30000000000000004,0.7000000000000001,0.8,0.7000000000000001,55.0,35.0,95.0,3282,3189,93,3282,0.0283363802559415,0.7214179683563534,1.0,0.7214179683563534,1417,0.44433991846973975,1.0,1
"iteration_1","SCOPE_DATA_COLLECTION",800,36,2230.0,2290.0,2,4938,3351,1100,4980,3313,1103,4913,3332,1078,18,25,18,0.0036503751774487935,0.0074471254095918975,0.016423357664233577,0.3335548643162936,0.7135060672405592,1.2948666433050793,0.6671097286325872,0.7135060672405592,0.8632444288700528,0.27559535925096684,0.43487394957983194,0.5092764378478665,100.0,100.0,4592,1477,3320,27,1,33,0.005879790940766551,6.770480704129993E-4,0.009939759036144578,0.30000000000000004,0.8,0.8,0.8,65.0,25.0,90.0,0.30000000000000004,0.7000000000000001,0.8,0.7000000000000001,55.0,35.0,95.0,1140,1097,43,1140,0.037719298245614034,1.2959397826940307,1.5,0.8639598551293538,555,0.5059252506836828,1.0,1
"iteration_1","SCOPE_DATA_COLLECTION",800,37,2290.0,2350.0,0,4939,3282,1140,4938,3351,1100,4824,3190,1097,120,93,43,0.024271844660194174,0.02832774901005178,0.037719298245614034,0.3446343797252965,0.7213337455935415,1.3019933011174099,0.689268759450593,0.7213337455935415,0.8679955340782732,0.29270315091210614,0.4445141065830721,0.5086599817684594,95.0,100.0,4593,1427,3341,27,2,227,0.005878510777269758,0.001401541695865452,0.06794372942232864,0.30000000000000004,0.7000000000000001,0.8,0.7000000000000001,55.0,35.0,95.0,0.30000000000000004,0.7000000000000001,0.8,0.7000000000000001,55.0,35.0,95.0,5018,4986,32,5018,0.006377042646472699,0.3394558684534084,0.5,0.6789117369068168,1424,0.28559967910148415,1.0,1
"iteration_1","SCOPE_DATA_COLLECTION",800,37,2290.0,2350.0,1,4939,3282,1140,4938,3351,1100,4824,3190,1097,120,93,43,0.024271844660194174,0.02832774901005178,0.037719298245614034,0.3446343797252965,0.7213337455935415,1.3019933011174099,0.689268759450593,0.7213337455935415,0.8679955340782732,0.29270315091210614,0.4445141065830721,0.5086599817684594,95.0,100.0,4593,1427,3341,27,2,227,0.005878510777269758,0.001401541695865452,0.06794372942232864,0.30000000000000004,0.7000000000000001,0.8,0.7000000000000001,55.0,35.0,95.0,0.30000000000000004,0.7000000000000001,0.8,0.7000000000000001,55.0,35.0,95.0,3234,3201,33,3234,0.01020408163265306,0.750483401908774,1.0,0.750483401908774,1476,0.4611059044048735,1.0,1
"iteration_1","SCOPE_DATA_COLLECTION",800,37,2290.0,2350.0,2,4939,3282,1140,4938,3351,1100,4824,3190,1097,120,93,43,0.024271844660194174,0.02832774901005178,0.037719298245614034,0.3446343797252965,0.7213337455935415,1.3019933011174099,0.689268759450593,0.7213337455935415,0.8679955340782732,0.29270315091210614,0.4445141065830721,0.5086599817684594,95.0,100.0,4593,1427,3341,27,2,227,0.005878510777269758,0.001401541695865452,0.06794372942232864,0.30000000000000004,0.7000000000000001,0.8,0.7000000000000001,55.0,35.0,95.0,0.30000000000000004,0.7000000000000001,0.8,0.7000000000000001,55.0,35.0,95.0,1123,1101,22,1123,0.019590382902938557,1.24470811037018,1.5,0.8298054069134534,527,0.4786557674841054,1.0,1
"iteration_1","SCOPE_DATA_COLLECTION",800,38,2350.0,2410.0,0,5018,3234,1123,4939,3282,1140,4996,3185,1102,32,33,22,0.006364359586316627,0.010254816656308266,0.019572953736654804,0.33953129173266644,0.7479766911713525,1.2446683658320579,0.6790625834653329,0.7479766911713525,0.8297789105547052,0.2862289831865492,0.4574568288854003,0.4791288566243194,97.5,100.0,4678,1393,3304,22,0,65,0.00470286447199658,0.0,0.01967312348668281,0.30000000000000004,0.7000000000000001,0.8,0.7000000000000001,55.0,35.0,95.0,0.65,0.1,0.4,0.4,25.0,20.0,60.0,4919,4915,4,4919,8.131734092295182E-4,0.30043313573208863,0.5,0.6008662714641773,1103,0.2244150559511699,1.0,1
"iteration_1","SCOPE_DATA_COLLECTION",800,38,2350.0,2410.0,1,5018,3234,1123,4939,3282,1140,4996,3185,1102,32,33,22,0.006364359586316627,0.010254816656308266,0.019572953736654804,0.33953129173266644,0.7479766911713525,1.2446683658320579,0.6790625834653329,0.7479766911713525,0.8297789105547052,0.2862289831865492,0.4574568288854003,0.4791288566243194,97.5,100.0,4678,1393,3304,22,0,65,0.00470286447199658,0.0,0.01967312348668281,0.30000000000000004,0.7000000000000001,0.8,0.7000000000000001,55.0,35.0,95.0,0.65,0.1,0.4,0.4,25.0,20.0,60.0,3346,3338,8,3346,0.002390914524805738,0.7038471279733254,1.0,0.7038471279733254,1508,0.4517675254643499,1.0,1
"iteration_1","SCOPE_DATA_COLLECTION",800,38,2350.0,2410.0,2,5018,3234,1123,4939,3282,1140,4996,3185,1102,32,33,22,0.006364359586316627,0.010254816656308266,0.019572953736654804,0.33953129173266644,0.7479766911713525,1.2446683658320579,0.6790625834653329,0.7479766911713525,0.8297789105547052,0.2862289831865492,0.4574568288854003,0.4791288566243194,97.5,100.0,4678,1393,3304,22,0,65,0.00470286447199658,0.0,0.01967312348668281,0.30000000000000004,0.7000000000000001,0.8,0.7000000000000001,55.0,35.0,95.0,0.65,0.1,0.4,0.4,25.0,20.0,60.0,1113,1105,8,1113,0.0071877807726864335,1.2569028508850635,1.5,0.8379352339233757,558,0.5049773755656108,1.0,1
"iteration_1","SCOPE_DATA_COLLECTION",800,39,2410.0,2470.0,0,4919,3346,1113,5018,3234,1123,4900,3340,1101,4,8,8,8.156606851549756E-4,0.0023894862604540022,0.007213706041478809,0.2999809149960836,0.7050813868113419,1.2556024624141322,0.5999618299921672,0.7050813868113419,0.8370683082760881,0.22387755102040816,0.45239520958083834,0.5031789282470481,97.5,100.0,4743,3004,1631,18,2,0,0.003795066413662239,6.657789613848203E-4,0.0,0.65,0.1,0.4,0.4,25.0,20.0,60.0,0.65,0.1,0.4,0.4,25.0,20.0,60.0,5093,5086,7,5093,0.0013744354997054782,0.29048428185871894,0.5,0.5809685637174379,1037,0.20389303971686984,1.0,1
"iteration_1","SCOPE_DATA_COLLECTION",800,39,2410.0,2470.0,1,4919,3346,1113,5018,3234,1123,4900,3340,1101,4,8,8,8.156606851549756E-4,0.0023894862604540022,0.007213706041478809,0.2999809149960836,0.7050813868113419,1.2556024624141322,0.5999618299921672,0.7050813868113419,0.8370683082760881,0.22387755102040816,0.45239520958083834,0.5031789282470481,97.5,100.0,4743,3004,1631,18,2,0,0.003795066413662239,6.657789613848203E-4,0.0,0.65,0.1,0.4,0.4,25.0,20.0,60.0,0.65,0.1,0.4,0.4,25.0,20.0,60.0,3380,3371,9,3380,0.0026627218934911242,0.6926926721352513,1.0,0.6926926721352513,1505,0.4464550578463364,1.0,1
"iteration_1","SCOPE_DATA_COLLECTION",800,39,2410.0,2470.0,2,4919,3346,1113,5018,3234,1123,4900,3340,1101,4,8,8,8.156606851549756E-4,0.0023894862604540022,0.007213706041478809,0.2999809149960836,0.7050813868113419,1.2556024624141322,0.5999618299921672,0.7050813868113419,0.8370683082760881,0.22387755102040816,0.45239520958083834,0.5031789282470481,97.5,100.0,4743,3004,1631,18,2,0,0.003795066413662239,6.657789613848203E-4,0.0,0.65,0.1,0.4,0.4,25.0,20.0,60.0,0.65,0.1,0.4,0.4,25.0,20.0,60.0,1150,1143,7,1150,0.00608695652173913,1.2291972758637761,1.5,0.8194648505758507,567,0.49606299212598426,1.0,1
"iteration_1","SCOPE_DATA_COLLECTION",800,40,2470.0,2530.0,0,5093,3380,1150,4919,3346,1113,5093,3377,1151,7,9,7,0.0013725490196078432,0.0026580035440047253,0.006044905008635579,0.2908168513281643,0.6938075787001553,1.2377830172924187,0.5816337026563286,0.6938075787001553,0.8251886781949458,0.20380914981346948,0.44832691738229197,0.5004344048653345,100.0,100.0,4742,3193,1688,21,2,0,0.004428511176718684,6.263701847792045E-4,0.0,0.65,0.1,0.4,0.4,25.0,20.0,60.0,0.65,0.1,0.5,0.30000000000000004,35.0,20.0,50.0,5022,5019,3,5022,5.973715651135006E-4,0.29401113239953597,0.5,0.5880222647990719,1019,0.2030284917314206,1.0,1
"iteration_1","SCOPE_DATA_COLLECTION",800,40,2470.0,2530.0,1,5093,3380,1150,4919,3346,1113,5093,3377,1151,7,9,7,0.0013725490196078432,0.0026580035440047253,0.006044905008635579,0.2908168513281643,0.6938075787001553,1.2377830172924187,0.5816337026563286,0.6938075787001553,0.8251886781949458,0.20380914981346948,0.44832691738229197,0.5004344048653345,100.0,100.0,4742,3193,1688,21,2,0,0.004428511176718684,6.263701847792045E-4,0.0,0.65,0.1,0.4,0.4,25.0,20.0,60.0,0.65,0.1,0.5,0.30000000000000004,35.0,20.0,50.0,3422,3417,5,3422,0.0014611338398597311,0.7111422960001251,1.0,0.7111422960001251,1549,0.453321627158326,1.0,1
"iteration_1","SCOPE_DATA_COLLECTION",800,40,2470.0,2530.0,2,5093,3380,1150,4919,3346,1113,5093,3377,1151,7,9,7,0.0013725490196078432,0.0026580035440047253,0.006044905008635579,0.2908168513281643,0.6938075787001553,1.2377830172924187,0.5816337026563286,0.6938075787001553,0.8251886781949458,0.20380914981346948,0.44832691738229197,0.5004344048653345,100.0,100.0,4742,3193,1688,21,2,0,0.004428511176718684,6.263701847792045E-4,0.0,0.65,0.1,0.4,0.4,25.0,20.0,60.0,0.65,0.1,0.5,0.30000000000000004,35.0,20.0,50.0,1124,1115,9,1124,0.00800711743772242,1.2095225689939935,1.5,0.806348379329329,537,0.48161434977578477,1.0,1
"iteration_1","SCOPE_DATA_COLLECTION",800,41,2530.0,2590.0,0,5022,3422,1124,5093,3380,1150,5025,3419,1108,3,5,9,5.966587112171838E-4,0.0014602803738317756,0.008057296329453895,0.2951000431134272,0.7111360503775872,1.1980902432229485,0.5902000862268544,0.7111360503775872,0.798726828815299,0.20577114427860696,0.454226381983036,0.47653429602888087,100.0,100.0,4825,3094,1649,15,2,0,0.0031088082901554403,6.464124111182935E-4,0.0,0.65,0.1,0.5,0.30000000000000004,35.0,20.0,50.0,0.55,0.1,0.6000000000000001,0.2,45.0,20.0,50.0,5065,5063,2,5065,3.948667324777887E-4,0.29353028109701884,0.5,0.5870605621940377,967,0.1909934821252222,1.0,1
"iteration_1","SCOPE_DATA_COLLECTION",800,41,2530.0,2590.0,1,5022,3422,1124,5093,3380,1150,5025,3419,1108,3,5,9,5.966587112171838E-4,0.0014602803738317756,0.008057296329453895,0.2951000431134272,0.7111360503775872,1.1980902432229485,0.5902000862268544,0.7111360503775872,0.798726828815299,0.20577114427860696,0.454226381983036,0.47653429602888087,100.0,100.0,4825,3094,1649,15,2,0,0.0031088082901554403,6.464124111182935E-4,0.0,0.65,0.1,0.5,0.30000000000000004,35.0,20.0,50.0,0.55,0.1,0.6000000000000001,0.2,45.0,20.0,50.0,3240,3237,3,3240,9.25925925925926E-4,0.697412139724367,1.0,0.697412139724367,1432,0.44238492431263515,1.0,1
"iteration_1","SCOPE_DATA_COLLECTION",800,41,2530.0,2590.0,2,5022,3422,1124,5093,3380,1150,5025,3419,1108,3,5,9,5.966587112171838E-4,0.0014602803738317756,0.008057296329453895,0.2951000431134272,0.7111360503775872,1.1980902432229485,0.5902000862268544,0.7111360503775872,0.798726828815299,0.20577114427860696,0.454226381983036,0.47653429602888087,100.0,100.0,4825,3094,1649,15,2,0,0.0031088082901554403,6.464124111182935E-4,0.0,0.65,0.1,0.5,0.30000000000000004,35.0,20.0,50.0,0.55,0.1,0.6000000000000001,0.2,45.0,20.0,50.0,1122,1119,3,1122,0.00267379679144385,1.2114432888473523,1.5,0.8076288592315682,544,0.48614834673815904,1.0,1
"iteration_1","SCOPE_DATA_COLLECTION",800,42,2590.0,2650.0,0,5065,3240,1122,5022,3422,1124,5058,3238,1118,2,3,3,3.952569169960474E-4,9.256402344955261E-4,0.0026761819803746653,0.2922520719065983,0.6962276326214891,1.2132442631982066,0.5845041438131966,0.6962276326214891,0.8088295087988043,0.18861209964412812,0.4416306361951822,0.4874776386404293,87.5,100.0,4781,2554,2092,8,0,0,0.0016732901066722444,0.0,0.0,0.55,0.1,0.6000000000000001,0.2,45.0,20.0,50.0,0.55,0.2,0.30000000000000004,0.7000000000000001,50.0,35.0,55.0,4906,4902,4,4906,8.153281695882593E-4,0.287159420364385,0.5,0.57431884072877,981,0.20012239902080783,1.0,1
"iteration_1","SCOPE_DATA_COLLECTION",800,42,2590.0,2650.0,1,5065,3240,1122,5022,3422,1124,5058,3238,1118,2,3,3,3.952569169960474E-4,9.256402344955261E-4,0.0026761819803746653,0.2922520719065983,0.6962276326214891,1.2132442631982066,0.5845041438131966,0.6962276326214891,0.8088295087988043,0.18861209964412812,0.4416306361951822,0.4874776386404293,87.5,100.0,4781,2554,2092,8,0,0,0.0016732901066722444,0.0,0.0,0.55,0.1,0.6000000000000001,0.2,45.0,20.0,50.0,0.55,0.2,0.30000000000000004,0.7000000000000001,50.0,35.0,55.0,3319,3309,10,3319,0.0030129557095510697,0.6868379449761951,1.0,0.6868379449761951,1453,0.4391054699304926,1.0,1
"iteration_1","SCOPE_DATA_COLLECTION",800,42,2590.0,2650.0,2,5065,3240,1122,5022,3422,1124,5058,3238,1118,2,3,3,3.952569169960474E-4,9.256402344955261E-4,0.0026761819803746653,0.2922520719065983,0.6962276326214891,1.2132442631982066,0.5845041438131966,0.6962276326214891,0.8088295087988043,0.18861209964412812,0.4416306361951822,0.4874776386404293,87.5,100.0,4781,2554,2092,8,0,0,0.0016732901066722444,0.0,0.0,0.55,0.1,0.6000000000000001,0.2,45.0,20.0,50.0,0.55,0.2,0.30000000000000004,0.7000000000000001,50.0,35.0,55.0,1115,1106,9,1115,0.008071748878923767,1.265966781175743,1.5,0.843977854117162,565,0.5108499095840868,1.0,1
"iteration_1","SCOPE_DATA_COLLECTION",800,43,2650.0,2710.0,0,4906,3319,1115,5065,3240,1122,4923,3297,1110,4,10,9,8.118530545971179E-4,0.0030238887208950713,0.00804289544235925,0.28850942663934215,0.6873191820454335,1.269000962769664,0.5770188532786843,0.6873191820454335,0.8460006418464426,0.20211253300832827,0.4388838337882924,0.5117117117117117,95.0,100.0,4611,2591,2138,20,3,0,0.004337453914552158,0.0011578541103820917,0.0,0.55,0.2,0.30000000000000004,0.7000000000000001,50.0,35.0,55.0,0.65,0.30000000000000004,0.4,0.8,50.0,45.0,55.0,4951,4945,6,4951,0.001211876388608362,0.3053446955745559,0.5,0.6106893911491118,1160,0.2345803842264914,1.0,1
"iteration_1","SCOPE_DATA_COLLECTION",800,43,2650.0,2710.0,1,4906,3319,1115,5065,3240,1122,4923,3297,1110,4,10,9,8.118530545971179E-4,0.0030238887208950713,0.00804289544235925,0.28850942663934215,0.6873191820454335,1.269000962769664,0.5770188532786843,0.6873191820454335,0.8460006418464426,0.20211253300832827,0.4388838337882924,0.5117117117117117,95.0,100.0,4611,2591,2138,20,3,0,0.004337453914552158,0.0011578541103820917,0.0,0.55,0.2,0.30000000000000004,0.7000000000000001,50.0,35.0,55.0,0.65,0.30000000000000004,0.4,0.8,50.0,45.0,55.0,3345,3337,8,3345,0.002391629297458894,0.6982211552248224,1.0,0.6982211552248224,1488,0.44590949955049447,1.0,1
"iteration_1","SCOPE_DATA_COLLECTION",800,43,2650.0,2710.0,2,4906,3319,1115,5065,3240,1122,4923,3297,1110,4,10,9,8.118530545971179E-4,0.0030238887208950713,0.00804289544235925,0.28850942663934215,0.6873191820454335,1.269000962769664,0.5770188532786843,0.6873191820454335,0.8460006418464426,0.20211253300832827,0.4388838337882924,0.5117117117117117,95.0,100.0,4611,2591,2138,20,3,0,0.004337453914552158,0.0011578541103820917,0.0,0.55,0.2,0.30000000000000004,0.7000000000000001,50.0,35.0,55.0,0.65,0.30000000000000004,0.4,0.8,50.0,45.0,55.0,1118,1101,17,1118,0.01520572450805009,1.199700108051347,1.5,0.7998000720342313,519,0.4713896457765668,1.0,1
"iteration_1","SCOPE_DATA_COLLECTION",800,44,2710.0,2770.0,0,4951,3345,1118,4906,3319,1115,4923,3352,1102,6,8,17,0.0012172854534388314,0.002380952380952381,0.01519213583556747,0.30450395722174345,0.6975259775312082,1.1949284211742202,0.6090079144434869,0.6975259775312082,0.7966189474494801,0.23339427178549665,0.44630071599045346,0.47005444646098005,100.0,100.0,4738,3044,1632,29,2,0,0.006120726044744618,6.57030223390276E-4,0.0,0.65,0.30000000000000004,0.4,0.8,50.0,45.0,55.0,0.75,0.4,0.4,0.8,40.0,45.0,45.0,4949,4944,5,4949,0.0010103051121438675,0.3197145017974838,0.5,0.6394290035949676,1332,0.26941747572815533,1.0,1
"iteration_1","SCOPE_DATA_COLLECTION",800,44,2710.0,2770.0,1,4951,3345,1118,4906,3319,1115,4923,3352,1102,6,8,17,0.0012172854534388314,0.002380952380952381,0.01519213583556747,0.30450395722174345,0.6975259775312082,1.1949284211742202,0.6090079144434869,0.6975259775312082,0.7966189474494801,0.23339427178549665,0.44630071599045346,0.47005444646098005,100.0,100.0,4738,3044,1632,29,2,0,0.006120726044744618,6.57030223390276E-4,0.0,0.65,0.30000000000000004,0.4,0.8,50.0,45.0,55.0,0.75,0.4,0.4,0.8,40.0,45.0,45.0,3331,3322,9,3331,0.002701891323926749,0.6939669503098292,1.0,0.6939669503098292,1466,0.44130042143287174,1.0,1
"iteration_1","SCOPE_DATA_COLLECTION",800,44,2710.0,2770.0,2,4951,3345,1118,4906,3319,1115,4923,3352,1102,6,8,17,0.0012172854534388314,0.002380952380952381,0.01519213583556747,0.30450395722174345,0.6975259775312082,1.1949284211742202,0.6090079144434869,0.6975259775312082,0.7966189474494801,0.23339427178549665,0.44630071599045346,0.47005444646098005,100.0,100.0,4738,3044,1632,29,2,0,0.006120726044744618,6.57030223390276E-4,0.0,0.65,0.30000000000000004,0.4,0.8,50.0,45.0,55.0,0.75,0.4,0.4,0.8,40.0,45.0,45.0,1131,1121,10,1131,0.008841732979664015,1.2143874911543155,1.5,0.8095916607695437,533,0.47546833184656556,1.0,1
"iteration_1","SCOPE_DATA_COLLECTION",800,45,2770.0,2830.0,0,4949,3331,1131,4951,3345,1118,4951,3317,1110,5,9,10,0.0010088781275221952,0.0027059530968129887,0.008928571428571428,0.31941646337083857,0.6919964371412692,1.2091846731419407,0.6388329267416771,0.6919964371412692,0.8061231154279604,0.26923853766915773,0.4398552909255351,0.4720720720720721,100.0,100.0,4695,3492,1224,21,3,0,0.0044728434504792336,8.59106529209622E-4,0.0,0.75,0.4,0.4,0.8,40.0,45.0,45.0,0.8500000000000001,0.5,0.5,0.9,50.0,55.0,35.0,4880,4873,7,4880,0.0014344262295081967,0.32273768332401903,0.5,0.6454753666480381,1302,0.26718653806689924,1.0,1
"iteration_1","SCOPE_DATA_COLLECTION",800,45,2770.0,2830.0,1,4949,3331,1131,4951,3345,1118,4951,3317,1110,5,9,10,0.0010088781275221952,0.0027059530968129887,0.008928571428571428,0.31941646337083857,0.6919964371412692,1.2091846731419407,0.6388329267416771,0.6919964371412692,0.8061231154279604,0.26923853766915773,0.4398552909255351,0.4720720720720721,100.0,100.0,4695,3492,1224,21,3,0,0.0044728434504792336,8.59106529209622E-4,0.0,0.75,0.4,0.4,0.8,40.0,45.0,45.0,0.8500000000000001,0.5,0.5,0.9,50.0,55.0,35.0,3349,3340,9,3349,0.0026873693639892504,0.7201533878754741,1.0,0.7201533878754741,1510,0.45209580838323354,1.0,1
"iteration_1","SCOPE_DATA_COLLECTION",800,45,2770.0,2830.0,2,4949,3331,1131,4951,3345,1118,4951,3317,1110,5,9,10,0.0010088781275221952,0.0027059530968129887,0.008928571428571428,0.31941646337083857,0.6919964371412692,1.2091846731419407,0.6388329267416771,0.6919964371412692,0.8061231154279604,0.26923853766915773,0.4398552909255351,0.4720720720720721,100.0,100.0,4695,3492,1224,21,3,0,0.0044728434504792336,8.59106529209622E-4,0.0,0.75,0.4,0.4,0.8,40.0,45.0,45.0,0.8500000000000001,0.5,0.5,0.9,50.0,55.0,35.0,1132,1122,10,1132,0.0088339222614841,1.1994938808826145,1.5,0.7996625872550763,520,0.46345811051693403,1.0,1
"iteration_1","SCOPE_DATA_COLLECTION",800,46,2830.0,2890.0,0,4880,3349,1132,4949,3331,1131,4874,3334,1141,7,9,10,0.0014341323499282934,0.0026921926413401138,0.008688097306689836,0.32308536212212696,0.7232689667302209,1.2100510506338436,0.6461707242442539,0.7232689667302209,0.8067007004225624,0.2669265490356996,0.45350929814037194,0.4688869412795793,97.5,100.0,4633,4034,694,26,0,0,0.005611914526224908,0.0,0.0,0.8500000000000001,0.5,0.5,0.9,50.0,55.0,35.0,0.9500000000000001,0.4,0.5,0.9,40.0,55.0,45.0,4996,4987,9,4996,0.001801441152922338,0.3155278224733071,0.5,0.6310556449466141,1303,0.26127932624824546,1.0,1
"iteration_1","SCOPE_DATA_COLLECTION",800,46,2830.0,2890.0,1,4880,3349,1132,4949,3331,1131,4874,3334,1141,7,9,10,0.0014341323499282934,0.0026921926413401138,0.008688097306689836,0.32308536212212696,0.7232689667302209,1.2100510506338436,0.6461707242442539,0.7232689667302209,0.8067007004225624,0.2669265490356996,0.45350929814037194,0.4688869412795793,97.5,100.0,4633,4034,694,26,0,0,0.005611914526224908,0.0,0.0,0.8500000000000001,0.5,0.5,0.9,50.0,55.0,35.0,0.9500000000000001,0.4,0.5,0.9,40.0,55.0,45.0,3294,3285,9,3294,0.00273224043715847,0.7010579504471316,1.0,0.7010579504471316,1451,0.44170471841704717,1.0,1
"iteration_1","SCOPE_DATA_COLLECTION",800,46,2830.0,2890.0,2,4880,3349,1132,4949,3331,1131,4874,3334,1141,7,9,10,0.0014341323499282934,0.0026921926413401138,0.008688097306689836,0.32308536212212696,0.7232689667302209,1.2100510506338436,0.6461707242442539,0.7232689667302209,0.8067007004225624,0.2669265490356996,0.45350929814037194,0.4688869412795793,97.5,100.0,4633,4034,694,26,0,0,0.005611914526224908,0.0,0.0,0.8500000000000001,0.5,0.5,0.9,50.0,55.0,35.0,0.9500000000000001,0.4,0.5,0.9,40.0,55.0,45.0,1134,1116,18,1134,0.015873015873015872,1.2647384583235177,1.5,0.8431589722156785,550,0.492831541218638,1.0,1
"iteration_1","SCOPE_DATA_COLLECTION",800,47,2890.0,2950.0,0,4996,3294,1134,4880,3349,1132,4985,3294,1105,9,9,18,0.001802162595114137,0.0027247956403269754,0.016028495102404273,0.3154214280263346,0.701724630391286,1.259529474205545,0.6308428560526692,0.701724630391286,0.8396863161370299,0.2619859578736209,0.4411050394656952,0.49049773755656106,97.5,100.0,4655,4540,229,29,7,0,0.006229860365198711,0.0015418502202643172,0.0,0.9500000000000001,0.4,0.5,0.9,40.0,55.0,45.0,0.8500000000000001,0.4,0.5,0.8,50.0,55.0,55.0,4988,4980,8,4988,0.0016038492381716118,0.31336508843297417,0.5,0.6267301768659483,1284,0.25783132530120484,1.0,1
"iteration_1","SCOPE_DATA_COLLECTION",800,47,2890.0,2950.0,1,4996,3294,1134,4880,3349,1132,4985,3294,1105,9,9,18,0.001802162595114137,0.0027247956403269754,0.016028495102404273,0.3154214280263346,0.701724630391286,1.259529474205545,0.6308428560526692,0.701724630391286,0.8396863161370299,0.2619859578736209,0.4411050394656952,0.49049773755656106,97.5,100.0,4655,4540,229,29,7,0,0.006229860365198711,0.0015418502202643172,0.0,0.9500000000000001,0.4,0.5,0.9,40.0,55.0,45.0,0.8500000000000001,0.4,0.5,0.8,50.0,55.0,55.0,3371,3361,10,3371,0.0029664787896766538,0.7061672448464706,1.0,0.7061672448464706,1491,0.4436179708420113,1.0,1
"iteration_1","SCOPE_DATA_COLLECTION",800,47,2890.0,2950.0,2,4996,3294,1134,4880,3349,1132,4985,3294,1105,9,9,18,0.001802162595114137,0.0027247956403269754,0.016028495102404273,0.3154214280263346,0.701724630391286,1.259529474205545,0.6308428560526692,0.701724630391286,0.8396863161370299,0.2619859578736209,0.4411050394656952,0.49049773755656106,97.5,100.0,4655,4540,229,29,7,0,0.006229860365198711,0.0015418502202643172,0.0,0.9500000000000001,0.4,0.5,0.9,40.0,55.0,45.0,0.8500000000000001,0.4,0.5,0.8,50.0,55.0,55.0,1094,1077,17,1094,0.015539305301645339,1.2459352978341278,1.5,0.8306235318894185,522,0.48467966573816157,1.0,1
"iteration_1","SCOPE_DATA_COLLECTION",800,48,2950.0,3010.0,0,4988,3371,1094,4996,3294,1134,4974,3372,1079,8,10,17,0.0016057808109193096,0.0029568302779420462,0.01551094890510949,0.3130255925400647,0.70753001995013,1.245475288455992,0.6260511850801294,0.70753001995013,0.8303168589706614,0.2565339766787294,0.44513641755634636,0.48378127896200185,97.5,100.0,4609,4121,723,33,2,0,0.007159904534606206,4.85319097306479E-4,0.0,0.8500000000000001,0.4,0.5,0.8,50.0,55.0,55.0,0.30000000000000004,0.4,0.2,0.2,55.0,55.0,70.0,4931,4816,115,4931,0.023321841411478403,0.33903174386421575,0.5,0.6780634877284315,1365,0.28343023255813954,1.0,1
"iteration_1","SCOPE_DATA_COLLECTION",800,48,2950.0,3010.0,1,4988,3371,1094,4996,3294,1134,4974,3372,1079,8,10,17,0.0016057808109193096,0.0029568302779420462,0.01551094890510949,0.3130255925400647,0.70753001995013,1.245475288455992,0.6260511850801294,0.70753001995013,0.8303168589706614,0.2565339766787294,0.44513641755634636,0.48378127896200185,97.5,100.0,4609,4121,723,33,2,0,0.007159904534606206,4.85319097306479E-4,0.0,0.8500000000000001,0.4,0.5,0.8,50.0,55.0,55.0,0.30000000000000004,0.4,0.2,0.2,55.0,55.0,70.0,3314,3249,65,3314,0.019613759806879905,0.7002743281849413,1.0,0.7002743281849413,1451,0.4465989535241613,1.0,1
"iteration_1","SCOPE_DATA_COLLECTION",800,48,2950.0,3010.0,2,4988,3371,1094,4996,3294,1134,4974,3372,1079,8,10,17,0.0016057808109193096,0.0029568302779420462,0.01551094890510949,0.3130255925400647,0.70753001995013,1.245475288455992,0.6260511850801294,0.70753001995013,0.8303168589706614,0.2565339766787294,0.44513641755634636,0.48378127896200185,97.5,100.0,4609,4121,723,33,2,0,0.007159904534606206,4.85319097306479E-4,0.0,0.8500000000000001,0.4,0.5,0.8,50.0,55.0,55.0,0.30000000000000004,0.4,0.2,0.2,55.0,55.0,70.0,1072,1045,27,1072,0.025186567164179104,1.2448676896600146,1.5,0.8299117931066764,514,0.49186602870813395,1.0,1
"iteration_1","SCOPE_DATA_COLLECTION",800,49,3010.0,3070.0,0,4931,3314,1072,4988,3371,1094,4806,3227,1048,115,65,27,0.023369233895549686,0.01974483596597813,0.025116279069767444,0.33034654116917184,0.6915656344308315,1.2406466244144836,0.6606930823383437,0.6915656344308315,0.8270977496096558,0.2833957553058677,0.44313603966532383,0.49236641221374045,100.0,100.0,4661,1414,3242,13,2,192,0.0027891010512765503,0.0014144271570014145,0.05922270203578038,0.30000000000000004,0.4,0.2,0.2,55.0,55.0,70.0,0.30000000000000004,0.4,0.2,0.2,55.0,55.0,70.0,5009,4933,76,5009,0.015172689159512876,0.3294469135379644,0.5,0.6588938270759288,1295,0.2625177376849787,1.0,1
"iteration_1","SCOPE_DATA_COLLECTION",800,49,3010.0,3070.0,1,4931,3314,1072,4988,3371,1094,4806,3227,1048,115,65,27,0.023369233895549686,0.01974483596597813,0.025116279069767444,0.33034654116917184,0.6915656344308315,1.2406466244144836,0.6606930823383437,0.6915656344308315,0.8270977496096558,0.2833957553058677,0.44313603966532383,0.49236641221374045,100.0,100.0,4661,1414,3242,13,2,192,0.0027891010512765503,0.0014144271570014145,0.05922270203578038,0.30000000000000004,0.4,0.2,0.2,55.0,55.0,70.0,0.30000000000000004,0.4,0.2,0.2,55.0,55.0,70.0,3340,3285,55,3340,0.016467065868263474,0.7032844827149555,1.0,0.7032844827149555,1450,0.441400304414003,1.0,1
"iteration_1","SCOPE_DATA_COLLECTION",800,49,3010.0,3070.0,2,4931,3314,1072,4988,3371,1094,4806,3227,1048,115,65,27,0.023369233895549686,0.01974483596597813,0.025116279069767444,0.33034654116917184,0.6915656344308315,1.2406466244144836,0.6606930823383437,0.6915656344308315,0.8270977496096558,0.2833957553058677,0.44313603966532383,0.49236641221374045,100.0,100.0,4661,1414,3242,13,2,192,0.0027891010512765503,0.0014144271570014145,0.05922270203578038,0.30000000000000004,0.4,0.2,0.2,55.0,55.0,70.0,0.30000000000000004,0.4,0.2,0.2,55.0,55.0,70.0,1106,1083,23,1106,0.020795660036166366,1.2591790475386848,1.5,0.8394526983591232,539,0.4976915974145891,1.0,1
"iteration_1","SCOPE_DATA_COLLECTION",800,50,3070.0,3130.0,0,5009,3340,1106,4931,3314,1072,4937,3304,1074,76,55,23,0.015160582485537602,0.01637392080976481,0.020966271649954422,0.33867962531451135,0.7129149691979119,1.2620307234508317,0.6773592506290227,0.7129149691979119,0.8413538156338878,0.2639254608061576,0.4452179176755448,0.4962756052141527,92.5,100.0,4631,1454,3370,17,2,135,0.0036709134096307495,0.001375515818431912,0.040059347181008904,0.30000000000000004,0.4,0.2,0.2,55.0,55.0,70.0,0.30000000000000004,0.4,0.2,0.2,55.0,55.0,70.0,4918,4821,97,4918,0.01972346482309882,0.3216684988997718,0.5,0.6433369977995436,1223,0.25368180875337065,1.0,1
"iteration_1","SCOPE_DATA_COLLECTION",800,50,3070.0,3130.0,1,5009,3340,1106,4931,3314,1072,4937,3304,1074,76,55,23,0.015160582485537602,0.01637392080976481,0.020966271649954422,0.33867962531451135,0.7129149691979119,1.2620307234508317,0.6773592506290227,0.7129149691979119,0.8413538156338878,0.2639254608061576,0.4452179176755448,0.4962756052141527,92.5,100.0,4631,1454,3370,17,2,135,0.0036709134096307495,0.001375515818431912,0.040059347181008904,0.30000000000000004,0.4,0.2,0.2,55.0,55.0,70.0,0.30000000000000004,0.4,0.2,0.2,55.0,55.0,70.0,3364,3282,82,3364,0.02437574316290131,0.7129803137088149,1.0,0.7129803137088149,1497,0.45612431444241314,1.0,1
"iteration_1","SCOPE_DATA_COLLECTION",800,50,3070.0,3130.0,2,5009,3340,1106,4931,3314,1072,4937,3304,1074,76,55,23,0.015160582485537602,0.01637392080976481,0.020966271649954422,0.33867962531451135,0.7129149691979119,1.2620307234508317,0.6773592506290227,0.7129149691979119,0.8413538156338878,0.2639254608061576,0.4452179176755448,0.4962756052141527,92.5,100.0,4631,1454,3370,17,2,135,0.0036709134096307495,0.001375515818431912,0.040059347181008904,0.30000000000000004,0.4,0.2,0.2,55.0,55.0,70.0,0.30000000000000004,0.4,0.2,0.2,55.0,55.0,70.0,1071,1055,16,1071,0.014939309056956116,1.2247577671201457,1.5,0.8165051780800971,508,0.4815165876777251,1.0,1
"iteration_1","SCOPE_DATA_COLLECTION",800,51,3130.0,3190.0,0,4918,3364,1071,5009,3340,1106,4814,3272,1064,97,82,16,0.019751578090002036,0.024448419797257006,0.014814814814814815,0.3208756966364419,0.7087608988469033,1.2297090280100265,0.6417513932728838,0.7087608988469033,0.819806018673351,0.2523888658080598,0.45354523227383864,0.4849624060150376,100.0,100.0,4612,1387,3354,8,1,186,0.0017346053772766695,7.209805335255948E-4,0.055456171735241505,0.30000000000000004,0.4,0.2,0.2,55.0,55.0,70.0,0.2,0.5,0.30000000000000004,0.30000000000000004,65.0,55.0,80.0,4964,4797,167,4964,0.03364222401289283,0.3492953699244995,0.5,0.698590739848999,1278,0.26641651031894936,1.0,1
"iteration_1","SCOPE_DATA_COLLECTION",800,51,3130.0,3190.0,1,4918,3364,1071,5009,3340,1106,4814,3272,1064,97,82,16,0.019751578090002036,0.024448419797257006,0.014814814814814815,0.3208756966364419,0.7087608988469033,1.2297090280100265,0.6417513932728838,0.7087608988469033,0.819806018673351,0.2523888658080598,0.45354523227383864,0.4849624060150376,100.0,100.0,4612,1387,3354,8,1,186,0.0017346053772766695,7.209805335255948E-4,0.055456171735241505,0.30000000000000004,0.4,0.2,0.2,55.0,55.0,70.0,0.2,0.5,0.30000000000000004,0.30000000000000004,65.0,55.0,80.0,3248,3120,128,3248,0.03940886699507389,0.7207666289226717,1.0,0.7207666289226717,1389,0.44519230769230766,1.0,1
"iteration_1","SCOPE_DATA_COLLECTION",800,51,3130.0,3190.0,2,4918,3364,1071,5009,3340,1106,4814,3272,1064,97,82,16,0.019751578090002036,0.024448419797257006,0.014814814814814815,0.3208756966364419,0.7087608988469033,1.2297090280100265,0.6417513932728838,0.7087608988469033,0.819806018673351,0.2523888658080598,0.45354523227383864,0.4849624060150376,100.0,100.0,4612,1387,3354,8,1,186,0.0017346053772766695,7.209805335255948E-4,0.055456171735241505,0.30000000000000004,0.4,0.2,0.2,55.0,55.0,70.0,0.2,0.5,0.30000000000000004,0.30000000000000004,65.0,55.0,80.0,1057,1021,36,1057,0.03405865657521287,1.309459794385762,1.5,0.8729731962571746,527,0.5161606268364348,1.0,1
"iteration_1","SCOPE_DATA_COLLECTION",800,52,3190.0,3250.0,0,4964,3248,1057,4918,3364,1071,4804,3122,1015,167,128,36,0.0335948501307584,0.039384615384615386,0.03425309229305423,0.34974024558223643,0.7202946568854001,1.3102580622955327,0.6994804911644729,0.7202946568854001,0.8735053748636884,0.2672772689425479,0.4458680333119795,0.5152709359605911,100.0,100.0,4620,879,3770,14,2,315,0.0030303030303030303,0.0022753128555176336,0.08355437665782493,0.2,0.5,0.30000000000000004,0.30000000000000004,65.0,55.0,80.0,0.30000000000000004,0.5,0.30000000000000004,0.30000000000000004,65.0,45.0,80.0,4930,4822,108,4930,0.021906693711967545,0.3354445840908203,0.5,0.6708891681816406,1299,0.26939029448361673,1.0,1
"iteration_1","SCOPE_DATA_COLLECTION",800,52,3190.0,3250.0,1,4964,3248,1057,4918,3364,1071,4804,3122,1015,167,128,36,0.0335948501307584,0.039384615384615386,0.03425309229305423,0.34974024558223643,0.7202946568854001,1.3102580622955327,0.6994804911644729,0.7202946568854001,0.8735053748636884,0.2672772689425479,0.4458680333119795,0.5152709359605911,100.0,100.0,4620,879,3770,14,2,315,0.0030303030303030303,0.0022753128555176336,0.08355437665782493,0.2,0.5,0.30000000000000004,0.30000000000000004,65.0,55.0,80.0,0.30000000000000004,0.5,0.30000000000000004,0.30000000000000004,65.0,45.0,80.0,3420,3322,98,3420,0.02865497076023392,0.7056051909713448,1.0,0.7056051909713448,1462,0.44009632751354605,1.0,1
"iteration_1","SCOPE_DATA_COLLECTION",800,52,3190.0,3250.0,2,4964,3248,1057,4918,3364,1071,4804,3122,1015,167,128,36,0.0335948501307584,0.039384615384615386,0.03425309229305423,0.34974024558223643,0.7202946568854001,1.3102580622955327,0.6994804911644729,0.7202946568854001,0.8735053748636884,0.2672772689425479,0.4458680333119795,0.5152709359605911,100.0,100.0,4620,879,3770,14,2,315,0.0030303030303030303,0.0022753128555176336,0.08355437665782493,0.2,0.5,0.30000000000000004,0.30000000000000004,65.0,55.0,80.0,0.30000000000000004,0.5,0.30000000000000004,0.30000000000000004,65.0,45.0,80.0,1113,1075,38,1113,0.034141958670260555,1.2621023859397542,1.5,0.8414015906265028,535,0.49767441860465117,1.0,1
"iteration_1","SCOPE_DATA_COLLECTION",800,53,3250.0,3310.0,0,4930,3420,1113,4964,3248,1057,4826,3326,1076,108,98,38,0.02188893392784759,0.028621495327102803,0.03411131059245961,0.33420255865776083,0.7085650063516252,1.2576670819776963,0.6684051173155217,0.7085650063516252,0.8384447213184641,0.2673021135515955,0.4407696933253157,0.49535315985130113,100.0,100.0,4633,1460,3370,21,3,220,0.0045327001942585795,0.002054794520547945,0.06528189910979229,0.30000000000000004,0.5,0.30000000000000004,0.30000000000000004,65.0,45.0,80.0,0.30000000000000004,0.8,0.2,0.1,85.0,45.0,65.0,4933,4824,109,4933,0.022096087573484694,0.33937129898112467,0.5,0.6787425979622493,1324,0.2744610281923715,1.0,1
"iteration_1","SCOPE_DATA_COLLECTION",800,53,3250.0,3310.0,1,4930,3420,1113,4964,3248,1057,4826,3326,1076,108,98,38,0.02188893392784759,0.028621495327102803,0.03411131059245961,0.33420255865776083,0.7085650063516252,1.2576670819776963,0.6684051173155217,0.7085650063516252,0.8384447213184641,0.2673021135515955,0.4407696933253157,0.49535315985130113,100.0,100.0,4633,1460,3370,21,3,220,0.0045327001942585795,0.002054794520547945,0.06528189910979229,0.30000000000000004,0.5,0.30000000000000004,0.30000000000000004,65.0,45.0,80.0,0.30000000000000004,0.8,0.2,0.1,85.0,45.0,65.0,3170,3107,63,3170,0.019873817034700314,0.6983274165342198,1.0,0.6983274165342198,1385,0.44576762149983906,1.0,1
"iteration_1","SCOPE_DATA_COLLECTION",800,53,3250.0,3310.0,2,4930,3420,1113,4964,3248,1057,4826,3326,1076,108,98,38,0.02188893392784759,0.028621495327102803,0.03411131059245961,0.33420255865776083,0.7085650063516252,1.2576670819776963,0.6684051173155217,0.7085650063516252,0.8384447213184641,0.2673021135515955,0.4407696933253157,0.49535315985130113,100.0,100.0,4633,1460,3370,21,3,220,0.0045327001942585795,0.002054794520547945,0.06528189910979229,0.30000000000000004,0.5,0.30000000000000004,0.30000000000000004,65.0,45.0,80.0,0.30000000000000004,0.8,0.2,0.1,85.0,45.0,65.0,1124,1089,35,1124,0.03113879003558719,1.2229921089777471,1.5,0.8153280726518314,535,0.49127640036730946,1.0,1
"iteration_1","SCOPE_DATA_COLLECTION",800,54,3310.0,3370.0,0,4933,3170,1124,4930,3420,1113,4822,3108,1094,109,63,35,0.022105049685662136,0.019867549668874173,0.03100088573959256,0.3402689068648361,0.6977613009771116,1.2292380470583055,0.6805378137296721,0.6977613009771116,0.8194920313722037,0.27747822480298634,0.4453024453024453,0.4945155393053016,97.5,100.0,4517,1361,3349,6,2,199,0.0013283152534868275,0.0014695077149155032,0.05942072260376232,0.30000000000000004,0.8,0.2,0.1,85.0,45.0,65.0,0.30000000000000004,0.7000000000000001,0.1,0.2,85.0,55.0,75.0,4931,4844,87,4931,0.017643480024335835,0.32078651070103414,0.5,0.6415730214020683,1222,0.25227085053674647,1.0,1
"iteration_1","SCOPE_DATA_COLLECTION",800,54,3310.0,3370.0,1,4933,3170,1124,4930,3420,1113,4822,3108,1094,109,63,35,0.022105049685662136,0.019867549668874173,0.03100088573959256,0.3402689068648361,0.6977613009771116,1.2292380470583055,0.6805378137296721,0.6977613009771116,0.8194920313722037,0.27747822480298634,0.4453024453024453,0.4945155393053016,97.5,100.0,4517,1361,3349,6,2,199,0.0013283152534868275,0.0014695077149155032,0.05942072260376232,0.30000000000000004,0.8,0.2,0.1,85.0,45.0,65.0,0.30000000000000004,0.7000000000000001,0.1,0.2,85.0,55.0,75.0,3261,3197,64,3261,0.01962588163140141,0.6629535058276382,1.0,0.6629535058276382,1370,0.4285267438223334,1.0,1
"iteration_1","SCOPE_DATA_COLLECTION",800,54,3310.0,3370.0,2,4933,3170,1124,4930,3420,1113,4822,3108,1094,109,63,35,0.022105049685662136,0.019867549668874173,0.03100088573959256,0.3402689068648361,0.6977613009771116,1.2292380470583055,0.6805378137296721,0.6977613009771116,0.8194920313722037,0.27747822480298634,0.4453024453024453,0.4945155393053016,97.5,100.0,4517,1361,3349,6,2,199,0.0013283152534868275,0.0014695077149155032,0.05942072260376232,0.30000000000000004,0.8,0.2,0.1,85.0,45.0,65.0,0.30000000000000004,0.7000000000000001,0.1,0.2,85.0,55.0,75.0,1094,1068,26,1094,0.02376599634369287,1.2614320807251234,1.5,0.8409547204834156,541,0.5065543071161048,1.0,1
"iteration_1","SCOPE_DATA_COLLECTION",800,55,3370.0,3430.0,0,4931,3261,1094,4933,3170,1124,4853,3184,1064,87,64,26,0.017611336032388663,0.019704433497536946,0.023853211009174313,0.32080513773651015,0.6625107090149972,1.25488188330961,0.6416102754730203,0.6625107090149972,0.8365879222064067,0.25056665979806303,0.4280778894472362,0.5037593984962406,97.5,100.0,4426,1424,3436,7,0,170,0.0015815634884771804,0.0,0.04947613504074505,0.30000000000000004,0.7000000000000001,0.1,0.2,85.0,55.0,75.0,0.30000000000000004,0.7000000000000001,0.1,0.2,95.0,65.0,75.0,4972,4867,105,4972,0.021118262268704748,0.3177468137041053,0.5,0.6354936274082106,1181,0.24265461269776042,1.0,1
"iteration_1","SCOPE_DATA_COLLECTION",800,55,3370.0,3430.0,1,4931,3261,1094,4933,3170,1124,4853,3184,1064,87,64,26,0.017611336032388663,0.019704433497536946,0.023853211009174313,0.32080513773651015,0.6625107090149972,1.25488188330961,0.6416102754730203,0.6625107090149972,0.8365879222064067,0.25056665979806303,0.4280778894472362,0.5037593984962406,97.5,100.0,4426,1424,3436,7,0,170,0.0015815634884771804,0.0,0.04947613504074505,0.30000000000000004,0.7000000000000001,0.1,0.2,85.0,55.0,75.0,0.30000000000000004,0.7000000000000001,0.1,0.2,95.0,65.0,75.0,3369,3297,72,3369,0.0213713268032057,0.6799931724390083,1.0,0.6799931724390083,1444,0.43797391568092203,1.0,1
"iteration_1","SCOPE_DATA_COLLECTION",800,55,3370.0,3430.0,2,4931,3261,1094,4933,3170,1124,4853,3184,1064,87,64,26,0.017611336032388663,0.019704433497536946,0.023853211009174313,0.32080513773651015,0.6625107090149972,1.25488188330961,0.6416102754730203,0.6625107090149972,0.8365879222064067,0.25056665979806303,0.4280778894472362,0.5037593984962406,97.5,100.0,4426,1424,3436,7,0,170,0.0015815634884771804,0.0,0.04947613504074505,0.30000000000000004,0.7000000000000001,0.1,0.2,85.0,55.0,75.0,0.30000000000000004,0.7000000000000001,0.1,0.2,95.0,65.0,75.0,1115,1086,29,1115,0.02600896860986547,1.2270873347861746,1.5,0.818058223190783,536,0.49355432780847147,1.0,1
"iteration_1","SCOPE_DATA_COLLECTION",800,56,3430.0,3490.0,0,4972,3369,1115,4931,3261,1094,4860,3301,1088,105,72,29,0.021148036253776436,0.021345982804624963,0.025962399283795883,0.317277687126813,0.6810307225224382,1.230135945302574,0.634555374253626,0.6810307225224382,0.820090630201716,0.2419753086419753,0.43895789154801573,0.4944852941176471,100.0,100.0,4567,1481,3408,10,0,196,0.0021896211955331727,0.0,0.057511737089201875,0.30000000000000004,0.7000000000000001,0.1,0.2,95.0,65.0,75.0,0.4,0.9,0.6000000000000001,0.8,35.0,20.0,85.0,4912,4899,13,4912,0.0026465798045602605,0.3259107276666227,0.5,0.6518214553332454,1368,0.27924066135946113,1.0,1
"iteration_1","SCOPE_DATA_COLLECTION",800,56,3430.0,3490.0,1,4972,3369,1115,4931,3261,1094,4860,3301,1088,105,72,29,0.021148036253776436,0.021345982804624963,0.025962399283795883,0.317277687126813,0.6810307225224382,1.230135945302574,0.634555374253626,0.6810307225224382,0.820090630201716,0.2419753086419753,0.43895789154801573,0.4944852941176471,100.0,100.0,4567,1481,3408,10,0,196,0.0021896211955331727,0.0,0.057511737089201875,0.30000000000000004,0.7000000000000001,0.1,0.2,95.0,65.0,75.0,0.4,0.9,0.6000000000000001,0.8,35.0,20.0,85.0,3305,3293,12,3305,0.003630862329803328,0.7195631222848335,1.0,0.7195631222848335,1489,0.4521712723959915,1.0,1
"iteration_1","SCOPE_DATA_COLLECTION",800,56,3430.0,3490.0,2,4972,3369,1115,4931,3261,1094,4860,3301,1088,105,72,29,0.021148036253776436,0.021345982804624963,0.025962399283795883,0.317277687126813,0.6810307225224382,1.230135945302574,0.634555374253626,0.6810307225224382,0.820090630201716,0.2419753086419753,0.43895789154801573,0.4944852941176471,100.0,100.0,4567,1481,3408,10,0,196,0.0021896211955331727,0.0,0.057511737089201875,0.30000000000000004,0.7000000000000001,0.1,0.2,95.0,65.0,75.0,0.4,0.9,0.6000000000000001,0.8,35.0,20.0,85.0,1125,1111,14,1125,0.012444444444444444,1.2472517442598947,1.5,0.8315011628399298,539,0.48514851485148514,1.0,1
"iteration_1","SCOPE_DATA_COLLECTION",800,57,3490.0,3550.0,0,4912,3305,1125,4972,3369,1115,4899,3296,1105,13,12,14,0.0026465798045602605,0.0036275695284159614,0.012511170688114389,0.32657228688020845,0.7184725676016078,1.243582957311626,0.6531445737604169,0.7184725676016078,0.8290553048744173,0.2802612778117983,0.4529733009708738,0.4841628959276018,100.0,100.0,4615,1945,2782,35,4,0,0.007583965330444204,0.002056555269922879,0.0,0.4,0.9,0.6000000000000001,0.8,35.0,20.0,85.0,0.30000000000000004,0.8,0.5,0.8,60.0,20.0,30.0,5029,4956,73,5029,0.014515808311791608,0.3412782305859227,0.5,0.6825564611718454,1414,0.2853107344632768,1.0,1
"iteration_1","SCOPE_DATA_COLLECTION",800,57,3490.0,3550.0,1,4912,3305,1125,4972,3369,1115,4899,3296,1105,13,12,14,0.0026465798045602605,0.0036275695284159614,0.012511170688114389,0.32657228688020845,0.7184725676016078,1.243582957311626,0.6531445737604169,0.7184725676016078,0.8290553048744173,0.2802612778117983,0.4529733009708738,0.4841628959276018,100.0,100.0,4615,1945,2782,35,4,0,0.007583965330444204,0.002056555269922879,0.0,0.4,0.9,0.6000000000000001,0.8,35.0,20.0,85.0,0.30000000000000004,0.8,0.5,0.8,60.0,20.0,30.0,3288,3232,56,3288,0.0170316301703163,0.7425777347863323,1.0,0.7425777347863323,1492,0.46163366336633666,1.0,1
"iteration_1","SCOPE_DATA_COLLECTION",800,57,3490.0,3550.0,2,4912,3305,1125,4972,3369,1115,4899,3296,1105,13,12,14,0.0026465798045602605,0.0036275695284159614,0.012511170688114389,0.32657228688020845,0.7184725676016078,1.243582957311626,0.6531445737604169,0.7184725676016078,0.8290553048744173,0.2802612778117983,0.4529733009708738,0.4841628959276018,100.0,100.0,4615,1945,2782,35,4,0,0.007583965330444204,0.002056555269922879,0.0,0.4,0.9,0.6000000000000001,0.8,35.0,20.0,85.0,0.30000000000000004,0.8,0.5,0.8,60.0,20.0,30.0,1069,1045,24,1069,0.02245088868101029,1.2741709241321235,1.5,0.849447282754749,518,0.49569377990430624,1.0,1
"iteration_1","SCOPE_DATA_COLLECTION",800,58,3550.0,3619.3046430489744,0,5029,3288,1069,4912,3305,1125,4954,3236,1045,73,56,24,0.014521583449373383,0.01701093560145808,0.02245088868101029,0.340833212171929,0.7434287381502849,1.27654902383747,0.681666424343858,0.7434287381502849,0.8510326825583133,0.2852240613645539,0.46137206427688504,0.4966507177033493,92.5,100.0,4666,1400,3320,24,0,129,0.005143591941705958,0.0,0.03885542168674699,0.30000000000000004,0.8,0.5,0.8,60.0,20.0,30.0,0.30000000000000004,0.8,0.5,0.8,60.0,20.0,30.0,4158,4084,45,4129,0.010898522644708163,0.3384477321142045,0.5,0.676895464228409,1189,0.29113614103819785,0.993025493025493,0
"iteration_1","SCOPE_DATA_COLLECTION",800,58,3550.0,3619.3046430489744,1,5029,3288,1069,4912,3305,1125,4954,3236,1045,73,56,24,0.014521583449373383,0.01701093560145808,0.02245088868101029,0.340833212171929,0.7434287381502849,1.27654902383747,0.681666424343858,0.7434287381502849,0.8510326825583133,0.2852240613645539,0.46137206427688504,0.4966507177033493,92.5,100.0,4666,1400,3320,24,0,129,0.005143591941705958,0.0,0.03885542168674699,0.30000000000000004,0.8,0.5,0.8,60.0,20.0,30.0,0.30000000000000004,0.8,0.5,0.8,60.0,20.0,30.0,2735,2679,22,2701,0.008145131432802665,0.7148049553505073,1.0,0.7148049553505073,1206,0.4501679731243001,0.9875685557586837,0
"iteration_1","SCOPE_DATA_COLLECTION",800,58,3550.0,3619.3046430489744,2,5029,3288,1069,4912,3305,1125,4954,3236,1045,73,56,24,0.014521583449373383,0.01701093560145808,0.02245088868101029,0.340833212171929,0.7434287381502849,1.27654902383747,0.681666424343858,0.7434287381502849,0.8510326825583133,0.2852240613645539,0.46137206427688504,0.4966507177033493,92.5,100.0,4666,1400,3320,24,0,129,0.005143591941705958,0.0,0.03885542168674699,0.30000000000000004,0.8,0.5,0.8,60.0,20.0,30.0,0.30000000000000004,0.8,0.5,0.8,60.0,20.0,30.0,879,845,15,860,0.01744186046511628,1.275287187404862,1.5,0.8501914582699079,419,0.4958579881656805,0.9783845278725825,0
"iteration_1","SCOPE_DATA_COLLECTION",900,0,70.0,130.0,0,4171,3844,1232,0,0,0,4139,3767,1193,6,20,15,0.0014475271411338963,0.0052812252442566675,0.012417218543046357,0.3012561599755561,0.658582869974285,1.2202656035681367,0.6025123199511122,0.658582869974285,0.8135104023787578,0.23991302246919546,0.39686753384656226,0.47359597652975693,92.5,100.0,4209,3071,1967,38,3,0,0.009028272748871465,9.768804949527841E-4,0.0,0.6,0.5,0.7,0.4,85.0,80.0,90.0,0.6000000000000001,0.5,0.6000000000000001,0.4,85.0,80.0,95.0,4535,4526,9,4535,0.001984564498346196,0.30301383813835114,0.5,0.6060276762767023,1141,0.2520989836500221,1.0,1
"iteration_1","SCOPE_DATA_COLLECTION",900,0,70.0,130.0,1,4171,3844,1232,0,0,0,4139,3767,1193,6,20,15,0.0014475271411338963,0.0052812252442566675,0.012417218543046357,0.3012561599755561,0.658582869974285,1.2202656035681367,0.6025123199511122,0.658582869974285,0.8135104023787578,0.23991302246919546,0.39686753384656226,0.47359597652975693,92.5,100.0,4209,3071,1967,38,3,0,0.009028272748871465,9.768804949527841E-4,0.0,0.6,0.5,0.7,0.4,85.0,80.0,90.0,0.6000000000000001,0.5,0.6000000000000001,0.4,85.0,80.0,95.0,4162,4153,9,4162,0.002162421912542047,0.6656141722427538,1.0,0.6656141722427538,1687,0.40621237659523235,1.0,1
"iteration_1","SCOPE_DATA_COLLECTION",900,0,70.0,130.0,2,4171,3844,1232,0,0,0,4139,3767,1193,6,20,15,0.0014475271411338963,0.0052812252442566675,0.012417218543046357,0.3012561599755561,0.658582869974285,1.2202656035681367,0.6025123199511122,0.658582869974285,0.8135104023787578,0.23991302246919546,0.39686753384656226,0.47359597652975693,92.5,100.0,4209,3071,1967,38,3,0,0.009028272748871465,9.768804949527841E-4,0.0,0.6,0.5,0.7,0.4,85.0,80.0,90.0,0.6000000000000001,0.5,0.6000000000000001,0.4,85.0,80.0,95.0,1255,1238,17,1255,0.013545816733067729,1.1543062466595746,1.5,0.7695374977730497,546,0.4410339256865913,1.0,1
"iteration_1","SCOPE_DATA_COLLECTION",900,1,130.0,190.0,0,4535,4162,1255,4171,3844,1232,4532,4153,1248,9,9,17,0.001981942303457388,0.002162421912542047,0.013438735177865613,0.302888235924516,0.6634513514677602,1.156159725103875,0.605776471849032,0.6634513514677602,0.7707731500692501,0.2524271844660194,0.4045268480616422,0.44310897435897434,100.0,100.0,4457,3298,2197,30,5,0,0.006730984967466906,0.0015160703456640388,0.0,0.6000000000000001,0.5,0.6000000000000001,0.4,85.0,80.0,95.0,0.7000000000000001,0.4,0.6000000000000001,0.5,85.0,90.0,95.0,4597,4585,12,4597,0.0026103980857080703,0.2983691227577983,0.5,0.5967382455155966,1145,0.24972737186477645,1.0,1
"iteration_1","SCOPE_DATA_COLLECTION",900,1,130.0,190.0,1,4535,4162,1255,4171,3844,1232,4532,4153,1248,9,9,17,0.001981942303457388,0.002162421912542047,0.013438735177865613,0.302888235924516,0.6634513514677602,1.156159725103875,0.605776471849032,0.6634513514677602,0.7707731500692501,0.2524271844660194,0.4045268480616422,0.44310897435897434,100.0,100.0,4457,3298,2197,30,5,0,0.006730984967466906,0.0015160703456640388,0.0,0.6000000000000001,0.5,0.6000000000000001,0.4,85.0,80.0,95.0,0.7000000000000001,0.4,0.6000000000000001,0.5,85.0,90.0,95.0,4241,4215,26,4241,0.0061306295684979955,0.6687231833922923,1.0,0.6687231833922923,1671,0.39644128113879,1.0,1
"iteration_1","SCOPE_DATA_COLLECTION",900,1,130.0,190.0,2,4535,4162,1255,4171,3844,1232,4532,4153,1248,9,9,17,0.001981942303457388,0.002162421912542047,0.013438735177865613,0.302888235924516,0.6634513514677602,1.156159725103875,0.605776471849032,0.6634513514677602,0.7707731500692501,0.2524271844660194,0.4045268480616422,0.44310897435897434,100.0,100.0,4457,3298,2197,30,5,0,0.006730984967466906,0.0015160703456640388,0.0,0.6000000000000001,0.5,0.6000000000000001,0.4,85.0,80.0,95.0,0.7000000000000001,0.4,0.6000000000000001,0.5,85.0,90.0,95.0,1334,1316,18,1334,0.013493253373313344,1.1903027158625141,1.5,0.7935351439083428,596,0.45288753799392095,1.0,1
"iteration_1","SCOPE_DATA_COLLECTION",900,2,190.0,250.0,0,4597,4241,1334,4535,4162,1255,4587,4229,1306,12,26,18,0.002609262883235486,0.006110458284371328,0.013595166163141994,0.2982481522029778,0.6710409510906599,1.181699597127338,0.5964963044059556,0.6710409510906599,0.7877997314182253,0.24961848702855896,0.39938519744620476,0.44869831546707506,100.0,100.0,4456,3980,1736,53,3,0,0.01189407540394973,7.537688442211055E-4,0.0,0.7000000000000001,0.4,0.6000000000000001,0.5,85.0,90.0,95.0,0.6000000000000001,0.30000000000000004,0.7000000000000001,0.6000000000000001,85.0,95.0,95.0,4558,4551,7,4558,0.00153576129881527,0.2954370755640941,0.5,0.5908741511281882,1086,0.23862887277521425,1.0,1
"iteration_1","SCOPE_DATA_COLLECTION",900,2,190.0,250.0,1,4597,4241,1334,4535,4162,1255,4587,4229,1306,12,26,18,0.002609262883235486,0.006110458284371328,0.013595166163141994,0.2982481522029778,0.6710409510906599,1.181699597127338,0.5964963044059556,0.6710409510906599,0.7877997314182253,0.24961848702855896,0.39938519744620476,0.44869831546707506,100.0,100.0,4456,3980,1736,53,3,0,0.01189407540394973,7.537688442211055E-4,0.0,0.7000000000000001,0.4,0.6000000000000001,0.5,85.0,90.0,95.0,0.6000000000000001,0.30000000000000004,0.7000000000000001,0.6000000000000001,85.0,95.0,95.0,4164,4144,20,4164,0.004803073967339097,0.6819881142302853,1.0,0.6819881142302853,1718,0.41457528957528955,1.0,1
"iteration_1","SCOPE_DATA_COLLECTION",900,2,190.0,250.0,2,4597,4241,1334,4535,4162,1255,4587,4229,1306,12,26,18,0.002609262883235486,0.006110458284371328,0.013595166163141994,0.2982481522029778,0.6710409510906599,1.181699597127338,0.5964963044059556,0.6710409510906599,0.7877997314182253,0.24961848702855896,0.39938519744620476,0.44869831546707506,100.0,100.0,4456,3980,1736,53,3,0,0.01189407540394973,7.537688442211055E-4,0.0,0.7000000000000001,0.4,0.6000000000000001,0.5,85.0,90.0,95.0,0.6000000000000001,0.30000000000000004,0.7000000000000001,0.6000000000000001,85.0,95.0,95.0,1329,1314,15,1329,0.011286681715575621,1.1373434385308143,1.5,0.7582289590205429,564,0.4292237442922374,1.0,1
"iteration_1","SCOPE_DATA_COLLECTION",900,3,250.0,310.0,0,4558,4164,1329,4597,4241,1334,4541,4141,1314,7,20,15,0.0015391380826737027,0.004806536890170632,0.011286681715575621,0.2953702210646954,0.6829886691798225,1.1407168523514188,0.5907404421293908,0.6829886691798225,0.7604779015676125,0.23805329222638186,0.41366819608790145,0.4299847792998478,95.0,100.0,4512,3370,2169,39,3,0,0.008643617021276596,8.902077151335311E-4,0.0,0.6000000000000001,0.30000000000000004,0.7000000000000001,0.6000000000000001,85.0,95.0,95.0,0.6000000000000001,0.30000000000000004,0.7000000000000001,0.6000000000000001,85.0,95.0,95.0,4383,4377,6,4383,0.0013689253935660506,0.3038019189955123,0.5,0.6076038379910246,1100,0.2513136851724926,1.0,1
"iteration_1","SCOPE_DATA_COLLECTION",900,3,250.0,310.0,1,4558,4164,1329,4597,4241,1334,4541,4141,1314,7,20,15,0.0015391380826737027,0.004806536890170632,0.011286681715575621,0.2953702210646954,0.6829886691798225,1.1407168523514188,0.5907404421293908,0.6829886691798225,0.7604779015676125,0.23805329222638186,0.41366819608790145,0.4299847792998478,95.0,100.0,4512,3370,2169,39,3,0,0.008643617021276596,8.902077151335311E-4,0.0,0.6000000000000001,0.30000000000000004,0.7000000000000001,0.6000000000000001,85.0,95.0,95.0,0.6000000000000001,0.30000000000000004,0.7000000000000001,0.6000000000000001,85.0,95.0,95.0,4250,4229,21,4250,0.004941176470588235,0.6935172859293931,1.0,0.6935172859293931,1783,0.421612674391109,1.0,1
"iteration_1","SCOPE_DATA_COLLECTION",900,3,250.0,310.0,2,4558,4164,1329,4597,4241,1334,4541,4141,1314,7,20,15,0.0015391380826737027,0.004806536890170632,0.011286681715575621,0.2953702210646954,0.6829886691798225,1.1407168523514188,0.5907404421293908,0.6829886691798225,0.7604779015676125,0.23805329222638186,0.41366819608790145,0.4299847792998478,95.0,100.0,4512,3370,2169,39,3,0,0.008643617021276596,8.902077151335311E-4,0.0,0.6000000000000001,0.30000000000000004,0.7000000000000001,0.6000000000000001,85.0,95.0,95.0,0.6000000000000001,0.30000000000000004,0.7000000000000001,0.6000000000000001,85.0,95.0,95.0,1334,1308,26,1334,0.019490254872563718,1.1831080614264786,1.5,0.7887387076176524,581,0.4441896024464832,1.0,1
"iteration_1","SCOPE_DATA_COLLECTION",900,4,310.0,370.0,0,4383,4250,1334,4558,4164,1329,4383,4236,1306,6,21,26,0.001367053998632946,0.004933051444679351,0.01951951951951952,0.3035188171766088,0.6924757699052293,1.1821753334730547,0.6070376343532176,0.6924757699052293,0.7881168889820365,0.2509696554871093,0.4213881019830028,0.4448698315467075,97.5,100.0,4502,3244,2221,49,4,0,0.010884051532652154,0.0012330456226880395,0.0,0.6000000000000001,0.30000000000000004,0.7000000000000001,0.6000000000000001,85.0,95.0,95.0,0.5,0.30000000000000004,0.6000000000000001,0.5,85.0,85.0,85.0,4484,4455,29,4484,0.006467439785905442,0.3033235661748943,0.5,0.6066471323497886,1073,0.24085297418630752,1.0,1
"iteration_1","SCOPE_DATA_COLLECTION",900,4,310.0,370.0,1,4383,4250,1334,4558,4164,1329,4383,4236,1306,6,21,26,0.001367053998632946,0.004933051444679351,0.01951951951951952,0.3035188171766088,0.6924757699052293,1.1821753334730547,0.6070376343532176,0.6924757699052293,0.7881168889820365,0.2509696554871093,0.4213881019830028,0.4448698315467075,97.5,100.0,4502,3244,2221,49,4,0,0.010884051532652154,0.0012330456226880395,0.0,0.6000000000000001,0.30000000000000004,0.7000000000000001,0.6000000000000001,85.0,95.0,95.0,0.5,0.30000000000000004,0.6000000000000001,0.5,85.0,85.0,85.0,4182,4148,34,4182,0.008130081300813009,0.6700849623221657,1.0,0.6700849623221657,1677,0.40429122468659595,1.0,1
"iteration_1","SCOPE_DATA_COLLECTION",900,4,310.0,370.0,2,4383,4250,1334,4558,4164,1329,4383,4236,1306,6,21,26,0.001367053998632946,0.004933051444679351,0.01951951951951952,0.3035188171766088,0.6924757699052293,1.1821753334730547,0.6070376343532176,0.6924757699052293,0.7881168889820365,0.2509696554871093,0.4213881019830028,0.4448698315467075,97.5,100.0,4502,3244,2221,49,4,0,0.010884051532652154,0.0012330456226880395,0.0,0.6000000000000001,0.30000000000000004,0.7000000000000001,0.6000000000000001,85.0,95.0,95.0,0.5,0.30000000000000004,0.6000000000000001,0.5,85.0,85.0,85.0,1373,1351,22,1373,0.016023306627822288,1.1480668847886815,1.5,0.7653779231924543,579,0.42857142857142855,1.0,1
"iteration_1","SCOPE_DATA_COLLECTION",900,5,370.0,430.0,0,4484,4182,1373,4383,4250,1334,4449,4137,1347,29,34,22,0.006476105404198303,0.008151522416686647,0.016070124178232285,0.30422920701733486,0.674254456440694,1.1533281137496214,0.6084584140346697,0.674254456440694,0.7688854091664142,0.24207687120701282,0.4065748126661832,0.4305864884929473,100.0,100.0,4488,2707,2844,51,6,28,0.011363636363636364,0.002216475803472479,0.009845288326300985,0.5,0.30000000000000004,0.6000000000000001,0.5,85.0,85.0,85.0,0.8500000000000001,0.9,0.2,0.6000000000000001,70.0,40.0,35.0,4528,4521,7,4528,0.0015459363957597172,0.3028142864876469,0.5,0.6056285729752938,1164,0.25746516257465163,1.0,1
"iteration_1","SCOPE_DATA_COLLECTION",900,5,370.0,430.0,1,4484,4182,1373,4383,4250,1334,4449,4137,1347,29,34,22,0.006476105404198303,0.008151522416686647,0.016070124178232285,0.30422920701733486,0.674254456440694,1.1533281137496214,0.6084584140346697,0.674254456440694,0.7688854091664142,0.24207687120701282,0.4065748126661832,0.4305864884929473,100.0,100.0,4488,2707,2844,51,6,28,0.011363636363636364,0.002216475803472479,0.009845288326300985,0.5,0.30000000000000004,0.6000000000000001,0.5,85.0,85.0,85.0,0.8500000000000001,0.9,0.2,0.6000000000000001,70.0,40.0,35.0,4171,4162,9,4171,0.002157755933828818,0.6344581944144759,1.0,0.6344581944144759,1614,0.3877943296492071,1.0,1
"iteration_1","SCOPE_DATA_COLLECTION",900,5,370.0,430.0,2,4484,4182,1373,4383,4250,1334,4449,4137,1347,29,34,22,0.006476105404198303,0.008151522416686647,0.016070124178232285,0.30422920701733486,0.674254456440694,1.1533281137496214,0.6084584140346697,0.674254456440694,0.7688854091664142,0.24207687120701282,0.4065748126661832,0.4305864884929473,100.0,100.0,4488,2707,2844,51,6,28,0.011363636363636364,0.002216475803472479,0.009845288326300985,0.5,0.30000000000000004,0.6000000000000001,0.5,85.0,85.0,85.0,0.8500000000000001,0.9,0.2,0.6000000000000001,70.0,40.0,35.0,1378,1360,18,1378,0.013062409288824383,1.1429594359778295,1.5,0.761972957318553,590,0.4338235294117647,1.0,1
"iteration_1","SCOPE_DATA_COLLECTION",900,6,430.0,490.0,0,4528,4171,1378,4484,4182,1373,4523,4154,1361,7,9,18,0.0015452538631346578,0.002161902474177276,0.01305293691080493,0.3019640349810404,0.6280426020300524,1.140248351913954,0.6039280699620808,0.6280426020300524,0.7601655679426359,0.2571302233031174,0.38444872412132886,0.432035268185158,100.0,100.0,4320,4891,866,31,3,0,0.007175925925925926,6.133714986710284E-4,0.0,0.8500000000000001,0.9,0.2,0.6000000000000001,70.0,40.0,35.0,0.8500000000000001,0.9,0.1,0.5,70.0,30.0,25.0,4485,4481,4,4485,8.918617614269788E-4,0.3030554669847443,0.5,0.6061109339694886,1120,0.249944208881946,1.0,1
"iteration_1","SCOPE_DATA_COLLECTION",900,6,430.0,490.0,1,4528,4171,1378,4484,4182,1373,4523,4154,1361,7,9,18,0.0015452538631346578,0.002161902474177276,0.01305293691080493,0.3019640349810404,0.6280426020300524,1.140248351913954,0.6039280699620808,0.6280426020300524,0.7601655679426359,0.2571302233031174,0.38444872412132886,0.432035268185158,100.0,100.0,4320,4891,866,31,3,0,0.007175925925925926,6.133714986710284E-4,0.0,0.8500000000000001,0.9,0.2,0.6000000000000001,70.0,40.0,35.0,0.8500000000000001,0.9,0.1,0.5,70.0,30.0,25.0,4188,4185,3,4188,7.163323782234957E-4,0.6175504785809163,1.0,0.6175504785809163,1606,0.3837514934289128,1.0,1
"iteration_1","SCOPE_DATA_COLLECTION",900,6,430.0,490.0,2,4528,4171,1378,4484,4182,1373,4523,4154,1361,7,9,18,0.0015452538631346578,0.002161902474177276,0.01305293691080493,0.3019640349810404,0.6280426020300524,1.140248351913954,0.6039280699620808,0.6280426020300524,0.7601655679426359,0.2571302233031174,0.38444872412132886,0.432035268185158,100.0,100.0,4320,4891,866,31,3,0,0.007175925925925926,6.133714986710284E-4,0.0,0.8500000000000001,0.9,0.2,0.6000000000000001,70.0,40.0,35.0,0.8500000000000001,0.9,0.1,0.5,70.0,30.0,25.0,1308,1297,11,1308,0.008409785932721712,1.1574499002935597,1.5,0.7716332668623731,577,0.4448727833461835,1.0,1
"iteration_1","SCOPE_DATA_COLLECTION",900,7,490.0,550.0,0,4485,4188,1308,4528,4171,1378,4481,4207,1302,4,3,11,8.918617614269788E-4,7.125890736342043E-4,0.008377760853008377,0.3036017931151907,0.6247297130561436,1.1560082336011444,0.6072035862303814,0.6247297130561436,0.7706721557340962,0.24972104440972998,0.3874494889469931,0.44393241167434716,97.5,100.0,4301,4818,862,16,2,0,0.00372006510113927,4.1511000415110004E-4,0.0,0.8500000000000001,0.9,0.1,0.5,70.0,30.0,25.0,0.75,0.4,0.30000000000000004,0.6000000000000001,35.0,85.0,85.0,4672,4661,11,4672,0.0023544520547945204,0.30019214022258206,0.5,0.6003842804451641,1150,0.24672816992061788,1.0,1
"iteration_1","SCOPE_DATA_COLLECTION",900,7,490.0,550.0,1,4485,4188,1308,4528,4171,1378,4481,4207,1302,4,3,11,8.918617614269788E-4,7.125890736342043E-4,0.008377760853008377,0.3036017931151907,0.6247297130561436,1.1560082336011444,0.6072035862303814,0.6247297130561436,0.7706721557340962,0.24972104440972998,0.3874494889469931,0.44393241167434716,97.5,100.0,4301,4818,862,16,2,0,0.00372006510113927,4.1511000415110004E-4,0.0,0.8500000000000001,0.9,0.1,0.5,70.0,30.0,25.0,0.75,0.4,0.30000000000000004,0.6000000000000001,35.0,85.0,85.0,4157,4144,13,4157,0.0031272552321385616,0.6657653687081116,1.0,0.6657653687081116,1691,0.40805984555984554,1.0,1
"iteration_1","SCOPE_DATA_COLLECTION",900,7,490.0,550.0,2,4485,4188,1308,4528,4171,1378,4481,4207,1302,4,3,11,8.918617614269788E-4,7.125890736342043E-4,0.008377760853008377,0.3036017931151907,0.6247297130561436,1.1560082336011444,0.6072035862303814,0.6247297130561436,0.7706721557340962,0.24972104440972998,0.3874494889469931,0.44393241167434716,97.5,100.0,4301,4818,862,16,2,0,0.00372006510113927,4.1511000415110004E-4,0.0,0.8500000000000001,0.9,0.1,0.5,70.0,30.0,25.0,0.75,0.4,0.30000000000000004,0.6000000000000001,35.0,85.0,85.0,1317,1302,15,1317,0.011389521640091117,1.159832077529707,1.5,0.7732213850198048,570,0.4377880184331797,1.0,1
"iteration_1","SCOPE_DATA_COLLECTION",900,8,550.0,610.0,0,4672,4157,1317,4485,4188,1308,4669,4142,1298,10,13,15,0.0021372088053002777,0.003128760529482551,0.011424219345011425,0.30049546928509985,0.6651986792083716,1.161315852119891,0.6009909385701997,0.6651986792083716,0.7742105680799273,0.24801884771899765,0.4080154514727185,0.4391371340523883,100.0,100.0,4517,4235,1394,36,2,0,0.007969891520920966,4.722550177095632E-4,0.0,0.75,0.4,0.30000000000000004,0.6000000000000001,35.0,85.0,85.0,0.8500000000000001,0.5,0.2,0.6000000000000001,35.0,75.0,95.0,4553,4547,6,4553,0.001317812431363936,0.3012305984816715,0.5,0.602461196963343,1132,0.24895535517923906,1.0,1
"iteration_1","SCOPE_DATA_COLLECTION",900,8,550.0,610.0,1,4672,4157,1317,4485,4188,1308,4669,4142,1298,10,13,15,0.0021372088053002777,0.003128760529482551,0.011424219345011425,0.30049546928509985,0.6651986792083716,1.161315852119891,0.6009909385701997,0.6651986792083716,0.7742105680799273,0.24801884771899765,0.4080154514727185,0.4391371340523883,100.0,100.0,4517,4235,1394,36,2,0,0.007969891520920966,4.722550177095632E-4,0.0,0.75,0.4,0.30000000000000004,0.6000000000000001,35.0,85.0,85.0,0.8500000000000001,0.5,0.2,0.6000000000000001,35.0,75.0,95.0,4133,4124,9,4133,0.0021775949673360755,0.6441455745132985,1.0,0.6441455745132985,1663,0.4032492725509214,1.0,1
"iteration_1","SCOPE_DATA_COLLECTION",900,8,550.0,610.0,2,4672,4157,1317,4485,4188,1308,4669,4142,1298,10,13,15,0.0021372088053002777,0.003128760529482551,0.011424219345011425,0.30049546928509985,0.6651986792083716,1.161315852119891,0.6009909385701997,0.6651986792083716,0.7742105680799273,0.24801884771899765,0.4080154514727185,0.4391371340523883,100.0,100.0,4517,4235,1394,36,2,0,0.007969891520920966,4.722550177095632E-4,0.0,0.75,0.4,0.30000000000000004,0.6000000000000001,35.0,85.0,85.0,0.8500000000000001,0.5,0.2,0.6000000000000001,35.0,75.0,95.0,1275,1258,17,1275,0.013333333333333334,1.1387712448428513,1.5,0.7591808298952342,543,0.431637519872814,1.0,1
"iteration_1","SCOPE_DATA_COLLECTION",900,9,610.0,670.0,0,4553,4133,1275,4672,4157,1317,4542,4127,1260,7,9,17,0.0015387997362057595,0.0021760154738878143,0.01331245105716523,0.30066438274417334,0.6429776683405576,1.1422198018129837,0.6013287654883467,0.6429776683405576,0.7614798678753224,0.24790841039189784,0.40198691543494064,0.43333333333333335,95.0,100.0,4412,4753,796,29,4,0,0.00657298277425204,8.415737428992215E-4,0.0,0.8500000000000001,0.5,0.2,0.6000000000000001,35.0,75.0,95.0,0.8500000000000001,0.4,0.1,0.6000000000000001,35.0,65.0,95.0,4482,4475,7,4482,0.0015618027666220438,0.29474276740976396,0.5,0.5894855348195279,1027,0.2294972067039106,1.0,1
"iteration_1","SCOPE_DATA_COLLECTION",900,9,610.0,670.0,1,4553,4133,1275,4672,4157,1317,4542,4127,1260,7,9,17,0.0015387997362057595,0.0021760154738878143,0.01331245105716523,0.30066438274417334,0.6429776683405576,1.1422198018129837,0.6013287654883467,0.6429776683405576,0.7614798678753224,0.24790841039189784,0.40198691543494064,0.43333333333333335,95.0,100.0,4412,4753,796,29,4,0,0.00657298277425204,8.415737428992215E-4,0.0,0.8500000000000001,0.5,0.2,0.6000000000000001,35.0,75.0,95.0,0.8500000000000001,0.4,0.1,0.6000000000000001,35.0,65.0,95.0,4180,4175,5,4180,0.0011961722488038277,0.6274164396854235,1.0,0.6274164396854235,1654,0.39616766467065867,1.0,1
"iteration_1","SCOPE_DATA_COLLECTION",900,9,610.0,670.0,2,4553,4133,1275,4672,4157,1317,4542,4127,1260,7,9,17,0.0015387997362057595,0.0021760154738878143,0.01331245105716523,0.30066438274417334,0.6429776683405576,1.1422198018129837,0.6013287654883467,0.6429776683405576,0.7614798678753224,0.24790841039189784,0.40198691543494064,0.43333333333333335,95.0,100.0,4412,4753,796,29,4,0,0.00657298277425204,8.415737428992215E-4,0.0,0.8500000000000001,0.5,0.2,0.6000000000000001,35.0,75.0,95.0,0.8500000000000001,0.4,0.1,0.6000000000000001,35.0,65.0,95.0,1297,1285,12,1297,0.009252120277563608,1.1617043842705306,1.5,0.774469589513687,574,0.4466926070038911,1.0,1
"iteration_1","SCOPE_DATA_COLLECTION",900,10,670.0,730.0,0,4482,4180,1297,4553,4133,1275,4474,4160,1286,7,5,12,0.0015621513055121626,0.0012004801920768306,0.009244992295839754,0.2948122439478593,0.6261912162416448,1.1540818182103332,0.5896244878957186,0.6261912162416448,0.7693878788068887,0.2293249888243183,0.39471153846153845,0.44245723172628304,100.0,100.0,4426,4642,891,21,3,0,0.004744690465431541,6.462731581214993E-4,0.0,0.8500000000000001,0.4,0.1,0.6000000000000001,35.0,65.0,95.0,0.9500000000000001,0.4,0.2,0.5,35.0,55.0,85.0,4573,4565,8,4573,0.0017493986442160508,0.29833156068234024,0.5,0.5966631213646805,1148,0.2514786418400876,1.0,1
"iteration_1","SCOPE_DATA_COLLECTION",900,10,670.0,730.0,1,4482,4180,1297,4553,4133,1275,4474,4160,1286,7,5,12,0.0015621513055121626,0.0012004801920768306,0.009244992295839754,0.2948122439478593,0.6261912162416448,1.1540818182103332,0.5896244878957186,0.6261912162416448,0.7693878788068887,0.2293249888243183,0.39471153846153845,0.44245723172628304,100.0,100.0,4426,4642,891,21,3,0,0.004744690465431541,6.462731581214993E-4,0.0,0.8500000000000001,0.4,0.1,0.6000000000000001,35.0,65.0,95.0,0.9500000000000001,0.4,0.2,0.5,35.0,55.0,85.0,4149,4139,10,4149,0.002410219329959026,0.6341192450505273,1.0,0.6341192450505273,1621,0.39164049287267455,1.0,1
"iteration_1","SCOPE_DATA_COLLECTION",900,10,670.0,730.0,2,4482,4180,1297,4553,4133,1275,4474,4160,1286,7,5,12,0.0015621513055121626,0.0012004801920768306,0.009244992295839754,0.2948122439478593,0.6261912162416448,1.1540818182103332,0.5896244878957186,0.6261912162416448,0.7693878788068887,0.2293249888243183,0.39471153846153845,0.44245723172628304,100.0,100.0,4426,4642,891,21,3,0,0.004744690465431541,6.462731581214993E-4,0.0,0.8500000000000001,0.4,0.1,0.6000000000000001,35.0,65.0,95.0,0.9500000000000001,0.4,0.2,0.5,35.0,55.0,85.0,1321,1305,16,1321,0.012112036336109008,1.1617713730422052,1.5,0.7745142486948035,578,0.442911877394636,1.0,1
"iteration_1","SCOPE_DATA_COLLECTION",900,11,730.0,790.0,0,4573,4149,1321,4482,4180,1297,4563,4146,1314,8,10,16,0.0017501640778823015,0.002406159769008662,0.012030075187969926,0.2987029054372318,0.635090280940848,1.1704405268361306,0.5974058108744636,0.635090280940848,0.7802936845574204,0.2518080210387903,0.3921852387843705,0.4474885844748858,100.0,100.0,4360,5404,279,25,9,0,0.005733944954128441,0.0016654330125832717,0.0,0.9500000000000001,0.4,0.2,0.5,35.0,55.0,85.0,0.9500000000000001,0.30000000000000004,0.30000000000000004,0.6000000000000001,35.0,65.0,75.0,4394,4387,7,4394,0.0015930814747382794,0.29885975617141286,0.5,0.5977195123428257,1038,0.2366081604741281,1.0,1
"iteration_1","SCOPE_DATA_COLLECTION",900,11,730.0,790.0,1,4573,4149,1321,4482,4180,1297,4563,4146,1314,8,10,16,0.0017501640778823015,0.002406159769008662,0.012030075187969926,0.2987029054372318,0.635090280940848,1.1704405268361306,0.5974058108744636,0.635090280940848,0.7802936845574204,0.2518080210387903,0.3921852387843705,0.4474885844748858,100.0,100.0,4360,5404,279,25,9,0,0.005733944954128441,0.0016654330125832717,0.0,0.9500000000000001,0.4,0.2,0.5,35.0,55.0,85.0,0.9500000000000001,0.30000000000000004,0.30000000000000004,0.6000000000000001,35.0,65.0,75.0,4124,4108,16,4124,0.0038797284190106693,0.6660883469366158,1.0,0.6660883469366158,1711,0.41650438169425513,1.0,1
"iteration_1","SCOPE_DATA_COLLECTION",900,11,730.0,790.0,2,4573,4149,1321,4482,4180,1297,4563,4146,1314,8,10,16,0.0017501640778823015,0.002406159769008662,0.012030075187969926,0.2987029054372318,0.635090280940848,1.1704405268361306,0.5974058108744636,0.635090280940848,0.7802936845574204,0.2518080210387903,0.3921852387843705,0.4474885844748858,100.0,100.0,4360,5404,279,25,9,0,0.005733944954128441,0.0016654330125832717,0.0,0.9500000000000001,0.4,0.2,0.5,35.0,55.0,85.0,0.9500000000000001,0.30000000000000004,0.30000000000000004,0.6000000000000001,35.0,65.0,75.0,1325,1304,21,1325,0.015849056603773583,1.170135561548718,1.5,0.780090374365812,582,0.44631901840490795,1.0,1
"iteration_1","SCOPE_DATA_COLLECTION",900,12,790.0,850.0,0,4394,4124,1325,4573,4149,1321,4393,4103,1294,7,16,21,0.001590909090909091,0.0038844379703811605,0.01596958174904943,0.29906865868066,0.6667105535200583,1.161088109831868,0.59813731736132,0.6667105535200583,0.774058739887912,0.23674026860915093,0.4179868388983671,0.4420401854714065,97.5,100.0,4414,5158,271,33,11,0,0.0074762120525600365,0.0021326095385808454,0.0,0.9500000000000001,0.30000000000000004,0.30000000000000004,0.6000000000000001,35.0,65.0,75.0,0.9500000000000001,0.30000000000000004,0.30000000000000004,0.6000000000000001,35.0,65.0,75.0,4462,4459,3,4462,6.723442402510085E-4,0.2978451291456563,0.5,0.5956902582913126,995,0.22314420273603947,1.0,1
"iteration_1","SCOPE_DATA_COLLECTION",900,12,790.0,850.0,1,4394,4124,1325,4573,4149,1321,4393,4103,1294,7,16,21,0.001590909090909091,0.0038844379703811605,0.01596958174904943,0.29906865868066,0.6667105535200583,1.161088109831868,0.59813731736132,0.6667105535200583,0.774058739887912,0.23674026860915093,0.4179868388983671,0.4420401854714065,97.5,100.0,4414,5158,271,33,11,0,0.0074762120525600365,0.0021326095385808454,0.0,0.9500000000000001,0.30000000000000004,0.30000000000000004,0.6000000000000001,35.0,65.0,75.0,0.9500000000000001,0.30000000000000004,0.30000000000000004,0.6000000000000001,35.0,65.0,75.0,4025,4012,13,4025,0.003229813664596273,0.6719791399352959,1.0,0.6719791399352959,1679,0.41849451645064806,1.0,1
"iteration_1","SCOPE_DATA_COLLECTION",900,12,790.0,850.0,2,4394,4124,1325,4573,4149,1321,4393,4103,1294,7,16,21,0.001590909090909091,0.0038844379703811605,0.01596958174904943,0.29906865868066,0.6667105535200583,1.161088109831868,0.59813731736132,0.6667105535200583,0.774058739887912,0.23674026860915093,0.4179868388983671,0.4420401854714065,97.5,100.0,4414,5158,271,33,11,0,0.0074762120525600365,0.0021326095385808454,0.0,0.9500000000000001,0.30000000000000004,0.30000000000000004,0.6000000000000001,35.0,65.0,75.0,0.9500000000000001,0.30000000000000004,0.30000000000000004,0.6000000000000001,35.0,65.0,75.0,1297,1279,18,1297,0.013878180416345412,1.152055763458617,1.5,0.768037175639078,561,0.43862392494136043,1.0,1
"iteration_1","SCOPE_DATA_COLLECTION",900,13,850.0,910.0,0,4462,4025,1297,4394,4124,1325,4450,4020,1292,3,13,18,6.737031214911295E-4,0.003223406893131664,0.013740458015267175,0.2978192627818074,0.6709265409603744,1.161878839975569,0.5956385255636149,0.6709265409603744,0.7745858933170461,0.2242696629213483,0.41691542288557215,0.44427244582043346,97.5,100.0,4470,5061,253,30,4,0,0.006711409395973154,7.903576368306659E-4,0.0,0.9500000000000001,0.30000000000000004,0.30000000000000004,0.6000000000000001,35.0,65.0,75.0,0.8500000000000001,0.4,0.4,0.5,35.0,55.0,85.0,4537,4530,7,4537,0.0015428697377121445,0.2995429016608038,0.5,0.5990858033216075,1130,0.24944812362030905,1.0,1
"iteration_1","SCOPE_DATA_COLLECTION",900,13,850.0,910.0,1,4462,4025,1297,4394,4124,1325,4450,4020,1292,3,13,18,6.737031214911295E-4,0.003223406893131664,0.013740458015267175,0.2978192627818074,0.6709265409603744,1.161878839975569,0.5956385255636149,0.6709265409603744,0.7745858933170461,0.2242696629213483,0.41691542288557215,0.44427244582043346,97.5,100.0,4470,5061,253,30,4,0,0.006711409395973154,7.903576368306659E-4,0.0,0.9500000000000001,0.30000000000000004,0.30000000000000004,0.6000000000000001,35.0,65.0,75.0,0.8500000000000001,0.4,0.4,0.5,35.0,55.0,85.0,4195,4180,15,4195,0.003575685339690107,0.6724950254264624,1.0,0.6724950254264624,1699,0.4064593301435407,1.0,1
"iteration_1","SCOPE_DATA_COLLECTION",900,13,850.0,910.0,2,4462,4025,1297,4394,4124,1325,4450,4020,1292,3,13,18,6.737031214911295E-4,0.003223406893131664,0.013740458015267175,0.2978192627818074,0.6709265409603744,1.161878839975569,0.5956385255636149,0.6709265409603744,0.7745858933170461,0.2242696629213483,0.41691542288557215,0.44427244582043346,97.5,100.0,4470,5061,253,30,4,0,0.006711409395973154,7.903576368306659E-4,0.0,0.9500000000000001,0.30000000000000004,0.30000000000000004,0.6000000000000001,35.0,65.0,75.0,0.8500000000000001,0.4,0.4,0.5,35.0,55.0,85.0,1321,1305,16,1321,0.012112036336109008,1.196290609353469,1.5,0.7975270729023127,598,0.4582375478927203,1.0,1
"iteration_1","SCOPE_DATA_COLLECTION",900,14,910.0,970.0,0,4537,4195,1321,4462,4025,1297,4540,4171,1291,7,15,16,0.0015394765779634925,0.00358337314859054,0.01224177505738332,0.29911996017275505,0.6710529774418931,1.1880456287087915,0.5982399203455101,0.6710529774418931,0.7920304191391944,0.24823788546255507,0.4070966195157037,0.45313710302091403,97.5,100.0,4435,4779,839,33,5,0,0.007440811724915446,0.0010462439840970914,0.0,0.8500000000000001,0.4,0.4,0.5,35.0,55.0,85.0,0.8500000000000001,0.4,0.4,0.5,35.0,55.0,85.0,4548,4543,5,4548,0.0010993843447669306,0.29899877177943135,0.5,0.5979975435588627,1082,0.23816861104996698,1.0,1
"iteration_1","SCOPE_DATA_COLLECTION",900,14,910.0,970.0,1,4537,4195,1321,4462,4025,1297,4540,4171,1291,7,15,16,0.0015394765779634925,0.00358337314859054,0.01224177505738332,0.29911996017275505,0.6710529774418931,1.1880456287087915,0.5982399203455101,0.6710529774418931,0.7920304191391944,0.24823788546255507,0.4070966195157037,0.45313710302091403,97.5,100.0,4435,4779,839,33,5,0,0.007440811724915446,0.0010462439840970914,0.0,0.8500000000000001,0.4,0.4,0.5,35.0,55.0,85.0,0.8500000000000001,0.4,0.4,0.5,35.0,55.0,85.0,4123,4111,12,4123,0.002910502061605627,0.6737882463679806,1.0,0.6737882463679806,1686,0.4101191924106057,1.0,1
"iteration_1","SCOPE_DATA_COLLECTION",900,14,910.0,970.0,2,4537,4195,1321,4462,4025,1297,4540,4171,1291,7,15,16,0.0015394765779634925,0.00358337314859054,0.01224177505738332,0.29911996017275505,0.6710529774418931,1.1880456287087915,0.5982399203455101,0.6710529774418931,0.7920304191391944,0.24823788546255507,0.4070966195157037,0.45313710302091403,97.5,100.0,4435,4779,839,33,5,0,0.007440811724915446,0.0010462439840970914,0.0,0.8500000000000001,0.4,0.4,0.5,35.0,55.0,85.0,0.8500000000000001,0.4,0.4,0.5,35.0,55.0,85.0,1339,1325,14,1339,0.010455563853622106,1.1413611050281498,1.5,0.7609074033520998,566,0.4271698113207547,1.0,1
"iteration_1","SCOPE_DATA_COLLECTION",900,15,970.0,1030.0,0,4548,4123,1339,4537,4195,1321,4541,4114,1324,5,12,14,0.0010998680158380994,0.00290838584585555,0.01046337817638266,0.29904036270312323,0.6747984197185547,1.1462456240086525,0.5980807254062465,0.6747984197185547,0.7641637493391017,0.2384937238493724,0.4095770539620807,0.43051359516616317,100.0,100.0,4418,4719,873,29,2,0,0.006564056133997284,4.238186056367875E-4,0.0,0.8500000000000001,0.4,0.4,0.5,35.0,55.0,85.0,0.75,0.5,0.7000000000000001,0.7000000000000001,40.0,95.0,40.0,4570,4560,10,4570,0.002188183807439825,0.3166080886598102,0.5,0.6332161773196204,1228,0.2692982456140351,1.0,1
"iteration_1","SCOPE_DATA_COLLECTION",900,15,970.0,1030.0,1,4548,4123,1339,4537,4195,1321,4541,4114,1324,5,12,14,0.0010998680158380994,0.00290838584585555,0.01046337817638266,0.29904036270312323,0.6747984197185547,1.1462456240086525,0.5980807254062465,0.6747984197185547,0.7641637493391017,0.2384937238493724,0.4095770539620807,0.43051359516616317,100.0,100.0,4418,4719,873,29,2,0,0.006564056133997284,4.238186056367875E-4,0.0,0.8500000000000001,0.4,0.4,0.5,35.0,55.0,85.0,0.75,0.5,0.7000000000000001,0.7000000000000001,40.0,95.0,40.0,4184,4166,18,4184,0.004302103250478011,0.6966393094910528,1.0,0.6966393094910528,1751,0.42030724915986556,1.0,1
"iteration_1","SCOPE_DATA_COLLECTION",900,15,970.0,1030.0,2,4548,4123,1339,4537,4195,1321,4541,4114,1324,5,12,14,0.0010998680158380994,0.00290838584585555,0.01046337817638266,0.29904036270312323,0.6747984197185547,1.1462456240086525,0.5980807254062465,0.6747984197185547,0.7641637493391017,0.2384937238493724,0.4095770539620807,0.43051359516616317,100.0,100.0,4418,4719,873,29,2,0,0.006564056133997284,4.238186056367875E-4,0.0,0.8500000000000001,0.4,0.4,0.5,35.0,55.0,85.0,0.75,0.5,0.7000000000000001,0.7000000000000001,40.0,95.0,40.0,1297,1272,25,1297,0.01927525057825752,1.1814226580285503,1.5,0.7876151053523669,560,0.44025157232704404,1.0,1
"iteration_1","SCOPE_DATA_COLLECTION",900,16,1030.0,1090.0,0,4570,4184,1297,4548,4123,1339,4556,4157,1270,10,18,25,0.002190100744634253,0.004311377245508982,0.019305019305019305,0.3165724178742357,0.6962813299274219,1.1770658026242555,0.6331448357484714,0.6962813299274219,0.7847105350828371,0.2684372256365233,0.4197738753909069,0.43700787401574803,100.0,100.0,4581,4114,1356,53,0,0,0.011569526304300371,0.0,0.0,0.75,0.5,0.7000000000000001,0.7000000000000001,40.0,95.0,40.0,0.55,0.30000000000000004,0.7000000000000001,0.5,25.0,85.0,70.0,4416,4410,6,4416,0.001358695652173913,0.2953278793783172,0.5,0.5906557587566345,1002,0.2272108843537415,1.0,1
"iteration_1","SCOPE_DATA_COLLECTION",900,16,1030.0,1090.0,1,4570,4184,1297,4548,4123,1339,4556,4157,1270,10,18,25,0.002190100744634253,0.004311377245508982,0.019305019305019305,0.3165724178742357,0.6962813299274219,1.1770658026242555,0.6331448357484714,0.6962813299274219,0.7847105350828371,0.2684372256365233,0.4197738753909069,0.43700787401574803,100.0,100.0,4581,4114,1356,53,0,0,0.011569526304300371,0.0,0.0,0.75,0.5,0.7000000000000001,0.7000000000000001,40.0,95.0,40.0,0.55,0.30000000000000004,0.7000000000000001,0.5,25.0,85.0,70.0,4253,4235,18,4253,0.00423230660710087,0.7063088882752844,1.0,0.7063088882752844,1810,0.42739079102715466,1.0,1
"iteration_1","SCOPE_DATA_COLLECTION",900,16,1030.0,1090.0,2,4570,4184,1297,4548,4123,1339,4556,4157,1270,10,18,25,0.002190100744634253,0.004311377245508982,0.019305019305019305,0.3165724178742357,0.6962813299274219,1.1770658026242555,0.6331448357484714,0.6962813299274219,0.7847105350828371,0.2684372256365233,0.4197738753909069,0.43700787401574803,100.0,100.0,4581,4114,1356,53,0,0,0.011569526304300371,0.0,0.0,0.75,0.5,0.7000000000000001,0.7000000000000001,40.0,95.0,40.0,0.55,0.30000000000000004,0.7000000000000001,0.5,25.0,85.0,70.0,1295,1270,25,1295,0.019305019305019305,1.1537163708413933,1.5,0.7691442472275956,547,0.43070866141732284,1.0,1
"iteration_1","SCOPE_DATA_COLLECTION",900,17,1090.0,1150.0,0,4416,4253,1295,4570,4184,1297,4416,4251,1277,6,18,25,0.0013568521031207597,0.004216444132115249,0.019201228878648235,0.29549115003690546,0.7070661246537727,1.1584868392319954,0.5909823000738109,0.7070661246537727,0.7723245594879969,0.22758152173913043,0.42836979534227243,0.4330462020360219,95.0,100.0,4520,2955,2489,45,4,0,0.00995575221238938,0.0013536379018612521,0.0,0.55,0.30000000000000004,0.7000000000000001,0.5,25.0,85.0,70.0,0.65,0.2,0.6000000000000001,0.6000000000000001,20.0,75.0,70.0,4588,4582,6,4588,0.0013077593722755014,0.29324643484083884,0.5,0.5864928696816777,1003,0.21890004364906154,1.0,1
"iteration_1","SCOPE_DATA_COLLECTION",900,17,1090.0,1150.0,1,4416,4253,1295,4570,4184,1297,4416,4251,1277,6,18,25,0.0013568521031207597,0.004216444132115249,0.019201228878648235,0.29549115003690546,0.7070661246537727,1.1584868392319954,0.5909823000738109,0.7070661246537727,0.7723245594879969,0.22758152173913043,0.42836979534227243,0.4330462020360219,95.0,100.0,4520,2955,2489,45,4,0,0.00995575221238938,0.0013536379018612521,0.0,0.55,0.30000000000000004,0.7000000000000001,0.5,25.0,85.0,70.0,0.65,0.2,0.6000000000000001,0.6000000000000001,20.0,75.0,70.0,4190,4174,16,4190,0.0038186157517899762,0.691590323132655,1.0,0.691590323132655,1755,0.4204599904168663,1.0,1
"iteration_1","SCOPE_DATA_COLLECTION",900,17,1090.0,1150.0,2,4416,4253,1295,4570,4184,1297,4416,4251,1277,6,18,25,0.0013568521031207597,0.004216444132115249,0.019201228878648235,0.29549115003690546,0.7070661246537727,1.1584868392319954,0.5909823000738109,0.7070661246537727,0.7723245594879969,0.22758152173913043,0.42836979534227243,0.4330462020360219,95.0,100.0,4520,2955,2489,45,4,0,0.00995575221238938,0.0013536379018612521,0.0,0.55,0.30000000000000004,0.7000000000000001,0.5,25.0,85.0,70.0,0.65,0.2,0.6000000000000001,0.6000000000000001,20.0,75.0,70.0,1295,1272,23,1295,0.01776061776061776,1.1572804353497483,1.5,0.7715202902331656,558,0.4386792452830189,1.0,1
"iteration_1","SCOPE_DATA_COLLECTION",900,18,1150.0,1210.0,0,4588,4190,1295,4416,4253,1295,4580,4160,1266,6,16,23,0.0013083296990841692,0.0038314176245210726,0.017843289371605897,0.293705931024803,0.6894358661049768,1.150992732811759,0.587411862049606,0.6894358661049768,0.7673284885411727,0.2200873362445415,0.41971153846153847,0.4352290679304897,97.5,100.0,4674,3459,1940,42,3,0,0.008985879332477536,8.673026886383347E-4,0.0,0.65,0.2,0.6000000000000001,0.6000000000000001,20.0,75.0,70.0,0.65,0.2,0.6000000000000001,0.6000000000000001,20.0,75.0,70.0,4537,4531,6,4537,0.0013224597751818382,0.2844237267438516,0.5,0.5688474534877032,965,0.212977267711322,1.0,1
"iteration_1","SCOPE_DATA_COLLECTION",900,18,1150.0,1210.0,1,4588,4190,1295,4416,4253,1295,4580,4160,1266,6,16,23,0.0013083296990841692,0.0038314176245210726,0.017843289371605897,0.293705931024803,0.6894358661049768,1.150992732811759,0.587411862049606,0.6894358661049768,0.7673284885411727,0.2200873362445415,0.41971153846153847,0.4352290679304897,97.5,100.0,4674,3459,1940,42,3,0,0.008985879332477536,8.673026886383347E-4,0.0,0.65,0.2,0.6000000000000001,0.6000000000000001,20.0,75.0,70.0,0.65,0.2,0.6000000000000001,0.6000000000000001,20.0,75.0,70.0,4100,4081,19,4100,0.004634146341463414,0.6984694211401787,1.0,0.6984694211401787,1730,0.42391570693457487,1.0,1
"iteration_1","SCOPE_DATA_COLLECTION",900,18,1150.0,1210.0,2,4588,4190,1295,4416,4253,1295,4580,4160,1266,6,16,23,0.0013083296990841692,0.0038314176245210726,0.017843289371605897,0.293705931024803,0.6894358661049768,1.150992732811759,0.587411862049606,0.6894358661049768,0.7673284885411727,0.2200873362445415,0.41971153846153847,0.4352290679304897,97.5,100.0,4674,3459,1940,42,3,0,0.008985879332477536,8.673026886383347E-4,0.0,0.65,0.2,0.6000000000000001,0.6000000000000001,20.0,75.0,70.0,0.65,0.2,0.6000000000000001,0.6000000000000001,20.0,75.0,70.0,1257,1240,17,1257,0.013524264120922832,1.2040094531969765,1.5,0.8026729687979843,576,0.4645161290322581,1.0,1
"iteration_1","SCOPE_DATA_COLLECTION",900,19,1210.0,1270.0,0,4537,4100,1257,4588,4190,1295,4533,4089,1249,6,19,17,0.0013218770654329147,0.0046251217137293086,0.013428120063191154,0.2840667789965243,0.7001244527275355,1.2060916426370174,0.5681335579930487,0.7001244527275355,0.8040610950913449,0.21222148687403486,0.42528735632183906,0.46597277822257804,92.5,100.0,4544,3473,1877,38,4,0,0.008362676056338027,0.001151742009789807,0.0,0.65,0.2,0.6000000000000001,0.6000000000000001,20.0,75.0,70.0,0.75,0.30000000000000004,0.5,0.7000000000000001,20.0,75.0,60.0,4651,4647,4,4651,8.600301010535369E-4,0.29433743839491194,0.5,0.5886748767898239,1088,0.23412954594361954,1.0,1
"iteration_1","SCOPE_DATA_COLLECTION",900,19,1210.0,1270.0,1,4537,4100,1257,4588,4190,1295,4533,4089,1249,6,19,17,0.0013218770654329147,0.0046251217137293086,0.013428120063191154,0.2840667789965243,0.7001244527275355,1.2060916426370174,0.5681335579930487,0.7001244527275355,0.8040610950913449,0.21222148687403486,0.42528735632183906,0.46597277822257804,92.5,100.0,4544,3473,1877,38,4,0,0.008362676056338027,0.001151742009789807,0.0,0.65,0.2,0.6000000000000001,0.6000000000000001,20.0,75.0,70.0,0.75,0.30000000000000004,0.5,0.7000000000000001,20.0,75.0,60.0,4052,4037,15,4052,0.0037018756169792696,0.68317768102999,1.0,0.68317768102999,1671,0.4139212286351251,1.0,1
"iteration_1","SCOPE_DATA_COLLECTION",900,19,1210.0,1270.0,2,4537,4100,1257,4588,4190,1295,4533,4089,1249,6,19,17,0.0013218770654329147,0.0046251217137293086,0.013428120063191154,0.2840667789965243,0.7001244527275355,1.2060916426370174,0.5681335579930487,0.7001244527275355,0.8040610950913449,0.21222148687403486,0.42528735632183906,0.46597277822257804,92.5,100.0,4544,3473,1877,38,4,0,0.008362676056338027,0.001151742009789807,0.0,0.65,0.2,0.6000000000000001,0.6000000000000001,20.0,75.0,70.0,0.75,0.30000000000000004,0.5,0.7000000000000001,20.0,75.0,60.0,1323,1307,16,1323,0.012093726379440665,1.1721079263497884,1.5,0.7814052842331923,585,0.4475899005355777,1.0,1
"iteration_1","SCOPE_DATA_COLLECTION",900,20,1270.0,1330.0,0,4651,4052,1323,4537,4100,1257,4640,4030,1304,4,15,16,8.613264427217916E-4,0.003708281829419036,0.012121212121212121,0.2940839187619341,0.6823066980204723,1.1736035054050438,0.5881678375238683,0.6823066980204723,0.7824023369366958,0.2338362068965517,0.4129032258064516,0.44785276073619634,100.0,100.0,4532,4061,1433,32,3,0,0.00706090026478376,7.387343018960847E-4,0.0,0.75,0.30000000000000004,0.5,0.7000000000000001,20.0,75.0,60.0,0.8500000000000001,0.2,0.4,0.7000000000000001,20.0,75.0,60.0,4483,4479,4,4483,8.922596475574393E-4,0.2790540271503162,0.5,0.5581080543006324,832,0.1857557490511275,1.0,1
"iteration_1","SCOPE_DATA_COLLECTION",900,20,1270.0,1330.0,1,4651,4052,1323,4537,4100,1257,4640,4030,1304,4,15,16,8.613264427217916E-4,0.003708281829419036,0.012121212121212121,0.2940839187619341,0.6823066980204723,1.1736035054050438,0.5881678375238683,0.6823066980204723,0.7824023369366958,0.2338362068965517,0.4129032258064516,0.44785276073619634,100.0,100.0,4532,4061,1433,32,3,0,0.00706090026478376,7.387343018960847E-4,0.0,0.75,0.30000000000000004,0.5,0.7000000000000001,20.0,75.0,60.0,0.8500000000000001,0.2,0.4,0.7000000000000001,20.0,75.0,60.0,4100,4085,15,4100,0.003658536585365854,0.6642275238989723,1.0,0.6642275238989723,1673,0.409547123623011,1.0,1
"iteration_1","SCOPE_DATA_COLLECTION",900,20,1270.0,1330.0,2,4651,4052,1323,4537,4100,1257,4640,4030,1304,4,15,16,8.613264427217916E-4,0.003708281829419036,0.012121212121212121,0.2940839187619341,0.6823066980204723,1.1736035054050438,0.5881678375238683,0.6823066980204723,0.7824023369366958,0.2338362068965517,0.4129032258064516,0.44785276073619634,100.0,100.0,4532,4061,1433,32,3,0,0.00706090026478376,7.387343018960847E-4,0.0,0.75,0.30000000000000004,0.5,0.7000000000000001,20.0,75.0,60.0,0.8500000000000001,0.2,0.4,0.7000000000000001,20.0,75.0,60.0,1309,1290,19,1309,0.014514896867838044,1.1143843805336815,1.5,0.7429229203557877,545,0.42248062015503873,1.0,1
"iteration_1","SCOPE_DATA_COLLECTION",900,21,1330.0,1390.0,0,4483,4100,1309,4651,4052,1323,4481,4098,1286,4,15,19,8.918617614269788E-4,0.0036469730123997084,0.014559386973180077,0.27927463006780673,0.665306272063005,1.1128099814709487,0.5585492601356135,0.665306272063005,0.7418733209806324,0.18522651193929926,0.40946803318692043,0.42223950233281493,97.5,100.0,4477,4616,799,34,4,0,0.007594371230734867,8.665511265164644E-4,0.0,0.8500000000000001,0.2,0.4,0.7000000000000001,20.0,75.0,60.0,0.6000000000000001,0.5,0.4,0.2,95.0,75.0,95.0,4470,4464,6,4470,0.0013422818791946308,0.30119707156121805,0.5,0.6023941431224361,1124,0.2517921146953405,1.0,1
"iteration_1","SCOPE_DATA_COLLECTION",900,21,1330.0,1390.0,1,4483,4100,1309,4651,4052,1323,4481,4098,1286,4,15,19,8.918617614269788E-4,0.0036469730123997084,0.014559386973180077,0.27927463006780673,0.665306272063005,1.1128099814709487,0.5585492601356135,0.665306272063005,0.7418733209806324,0.18522651193929926,0.40946803318692043,0.42223950233281493,97.5,100.0,4477,4616,799,34,4,0,0.007594371230734867,8.665511265164644E-4,0.0,0.8500000000000001,0.2,0.4,0.7000000000000001,20.0,75.0,60.0,0.6000000000000001,0.5,0.4,0.2,95.0,75.0,95.0,4121,4113,8,4121,0.001941276389225916,0.6644312406727625,1.0,0.6644312406727625,1670,0.4060296620471675,1.0,1
"iteration_1","SCOPE_DATA_COLLECTION",900,21,1330.0,1390.0,2,4483,4100,1309,4651,4052,1323,4481,4098,1286,4,15,19,8.918617614269788E-4,0.0036469730123997084,0.014559386973180077,0.27927463006780673,0.665306272063005,1.1128099814709487,0.5585492601356135,0.665306272063005,0.7418733209806324,0.18522651193929926,0.40946803318692043,0.42223950233281493,97.5,100.0,4477,4616,799,34,4,0,0.007594371230734867,8.665511265164644E-4,0.0,0.8500000000000001,0.2,0.4,0.7000000000000001,20.0,75.0,60.0,0.6000000000000001,0.5,0.4,0.2,95.0,75.0,95.0,1325,1316,9,1325,0.006792452830188679,1.1057048929241498,1.5,0.7371365952827665,556,0.42249240121580545,1.0,1
"iteration_1","SCOPE_DATA_COLLECTION",900,22,1390.0,1450.0,0,4470,4121,1325,4483,4100,1309,4467,4111,1324,6,8,9,0.0013413816230717639,0.0019422189851905803,0.006751687921980495,0.30086683260700253,0.6658409592778162,1.1098327558936427,0.6017336652140051,0.6658409592778162,0.7398885039290951,0.25162301320796954,0.40720019459985407,0.42371601208459214,100.0,100.0,4362,3344,2210,18,5,0,0.0041265474552957355,0.0014952153110047847,0.0,0.6000000000000001,0.5,0.4,0.2,95.0,75.0,95.0,0.4,0.30000000000000004,0.2,0.1,40.0,75.0,20.0,4437,4395,42,4437,0.009465855307640297,0.3116437258658949,0.5,0.6232874517317898,1043,0.2373151308304892,1.0,1
"iteration_1","SCOPE_DATA_COLLECTION",900,22,1390.0,1450.0,1,4470,4121,1325,4483,4100,1309,4467,4111,1324,6,8,9,0.0013413816230717639,0.0019422189851905803,0.006751687921980495,0.30086683260700253,0.6658409592778162,1.1098327558936427,0.6017336652140051,0.6658409592778162,0.7398885039290951,0.25162301320796954,0.40720019459985407,0.42371601208459214,100.0,100.0,4362,3344,2210,18,5,0,0.0041265474552957355,0.0014952153110047847,0.0,0.6000000000000001,0.5,0.4,0.2,95.0,75.0,95.0,0.4,0.30000000000000004,0.2,0.1,40.0,75.0,20.0,4287,4242,45,4287,0.010496850944716585,0.6689948123175228,1.0,0.6689948123175228,1710,0.4031117397454031,1.0,1
"iteration_1","SCOPE_DATA_COLLECTION",900,22,1390.0,1450.0,2,4470,4121,1325,4483,4100,1309,4467,4111,1324,6,8,9,0.0013413816230717639,0.0019422189851905803,0.006751687921980495,0.30086683260700253,0.6658409592778162,1.1098327558936427,0.6017336652140051,0.6658409592778162,0.7398885039290951,0.25162301320796954,0.40720019459985407,0.42371601208459214,100.0,100.0,4362,3344,2210,18,5,0,0.0041265474552957355,0.0014952153110047847,0.0,0.6000000000000001,0.5,0.4,0.2,95.0,75.0,95.0,0.4,0.30000000000000004,0.2,0.1,40.0,75.0,20.0,1288,1278,10,1288,0.007763975155279503,1.1628832319031488,1.5,0.7752554879354325,575,0.44992175273865415,1.0,1
"iteration_1","SCOPE_DATA_COLLECTION",900,23,1450.0,1510.0,0,4437,4287,1288,4470,4121,1325,4397,4231,1278,42,45,10,0.009461590448299166,0.010523854069223574,0.007763975155279503,0.3121161060413783,0.6671113393927619,1.1635819807417516,0.6242322120827566,0.6671113393927619,0.775721320494501,0.2383443256765977,0.401559914913732,0.4507042253521127,100.0,100.0,4368,2262,3382,7,2,88,0.0016025641025641025,8.841732979664014E-4,0.026020106445890007,0.4,0.30000000000000004,0.2,0.1,40.0,75.0,20.0,0.4,0.4,0.1,0.2,50.0,85.0,20.0,4570,4399,171,4570,0.037417943107221005,0.31719700318358207,0.5,0.6343940063671641,1058,0.24050920663787223,1.0,1
"iteration_1","SCOPE_DATA_COLLECTION",900,23,1450.0,1510.0,1,4437,4287,1288,4470,4121,1325,4397,4231,1278,42,45,10,0.009461590448299166,0.010523854069223574,0.007763975155279503,0.3121161060413783,0.6671113393927619,1.1635819807417516,0.6242322120827566,0.6671113393927619,0.775721320494501,0.2383443256765977,0.401559914913732,0.4507042253521127,100.0,100.0,4368,2262,3382,7,2,88,0.0016025641025641025,8.841732979664014E-4,0.026020106445890007,0.4,0.30000000000000004,0.2,0.1,40.0,75.0,20.0,0.4,0.4,0.1,0.2,50.0,85.0,20.0,4119,3957,162,4119,0.03932993445010925,0.6618961704649865,1.0,0.6618961704649865,1631,0.4121809451604751,1.0,1
"iteration_1","SCOPE_DATA_COLLECTION",900,23,1450.0,1510.0,2,4437,4287,1288,4470,4121,1325,4397,4231,1278,42,45,10,0.009461590448299166,0.010523854069223574,0.007763975155279503,0.3121161060413783,0.6671113393927619,1.1635819807417516,0.6242322120827566,0.6671113393927619,0.775721320494501,0.2383443256765977,0.401559914913732,0.4507042253521127,100.0,100.0,4368,2262,3382,7,2,88,0.0016025641025641025,8.841732979664014E-4,0.026020106445890007,0.4,0.30000000000000004,0.2,0.1,40.0,75.0,20.0,0.4,0.4,0.1,0.2,50.0,85.0,20.0,1279,1231,48,1279,0.03752931978107897,1.1719046877826755,1.5,0.781269791855117,561,0.45572705117790413,1.0,1
"iteration_1","SCOPE_DATA_COLLECTION",900,24,1510.0,1570.0,0,4570,4119,1279,4437,4287,1288,4403,3979,1216,171,162,48,0.03738522081329252,0.03912098526925863,0.0379746835443038,0.3174455444887128,0.6663313065300934,1.1611184846780604,0.6348910889774256,0.6663313065300934,0.7740789897853736,0.24142630024982967,0.4161849710982659,0.4498355263157895,100.0,100.0,4429,2210,3329,9,1,371,0.0020320614134116052,4.5248868778280545E-4,0.1114448783418444,0.4,0.4,0.1,0.2,50.0,85.0,20.0,0.4,0.4,0.1,0.2,50.0,85.0,20.0,4512,4397,115,4512,0.025487588652482268,0.30876763410583574,0.5,0.6175352682116715,1001,0.22765521946781897,1.0,1
"iteration_1","SCOPE_DATA_COLLECTION",900,24,1510.0,1570.0,1,4570,4119,1279,4437,4287,1288,4403,3979,1216,171,162,48,0.03738522081329252,0.03912098526925863,0.0379746835443038,0.3174455444887128,0.6663313065300934,1.1611184846780604,0.6348910889774256,0.6663313065300934,0.7740789897853736,0.24142630024982967,0.4161849710982659,0.4498355263157895,100.0,100.0,4429,2210,3329,9,1,371,0.0020320614134116052,4.5248868778280545E-4,0.1114448783418444,0.4,0.4,0.1,0.2,50.0,85.0,20.0,0.4,0.4,0.1,0.2,50.0,85.0,20.0,4145,4056,89,4145,0.02147165259348613,0.658922506290929,1.0,0.658922506290929,1658,0.40877712031558183,1.0,1
"iteration_1","SCOPE_DATA_COLLECTION",900,24,1510.0,1570.0,2,4570,4119,1279,4437,4287,1288,4403,3979,1216,171,162,48,0.03738522081329252,0.03912098526925863,0.0379746835443038,0.3174455444887128,0.6663313065300934,1.1611184846780604,0.6348910889774256,0.6663313065300934,0.7740789897853736,0.24142630024982967,0.4161849710982659,0.4498355263157895,100.0,100.0,4429,2210,3329,9,1,371,0.0020320614134116052,4.5248868778280545E-4,0.1114448783418444,0.4,0.4,0.1,0.2,50.0,85.0,20.0,0.4,0.4,0.1,0.2,50.0,85.0,20.0,1267,1235,32,1267,0.025256511444356748,1.1756460760893868,1.5,0.7837640507262579,557,0.45101214574898785,1.0,1
"iteration_1","SCOPE_DATA_COLLECTION",900,25,1570.0,1630.0,0,4512,4145,1267,4570,4119,1279,4390,4032,1240,115,89,32,0.025527192008879023,0.021596699830138316,0.025157232704402517,0.30878020099843584,0.6562624532707277,1.185792589069082,0.6175604019968717,0.6562624532707277,0.7905283927127212,0.22710706150341686,0.40625,0.45645161290322583,100.0,100.0,4371,2181,3372,7,4,225,0.001601464195836193,0.0018340210912425492,0.06672597864768683,0.4,0.4,0.1,0.2,50.0,85.0,20.0,0.4,0.30000000000000004,0.1,0.2,50.0,85.0,30.0,4573,4377,196,4573,0.042860266783293244,0.3287567946628604,0.5,0.6575135893257208,1144,0.2613662325793923,1.0,1
"iteration_1","SCOPE_DATA_COLLECTION",900,25,1570.0,1630.0,1,4512,4145,1267,4570,4119,1279,4390,4032,1240,115,89,32,0.025527192008879023,0.021596699830138316,0.025157232704402517,0.30878020099843584,0.6562624532707277,1.185792589069082,0.6175604019968717,0.6562624532707277,0.7905283927127212,0.22710706150341686,0.40625,0.45645161290322583,100.0,100.0,4371,2181,3372,7,4,225,0.001601464195836193,0.0018340210912425492,0.06672597864768683,0.4,0.4,0.1,0.2,50.0,85.0,20.0,0.4,0.30000000000000004,0.1,0.2,50.0,85.0,30.0,4251,4056,195,4251,0.045871559633027525,0.694540952170495,1.0,0.694540952170495,1748,0.43096646942800787,1.0,1
"iteration_1","SCOPE_DATA_COLLECTION",900,25,1570.0,1630.0,2,4512,4145,1267,4570,4119,1279,4390,4032,1240,115,89,32,0.025527192008879023,0.021596699830138316,0.025157232704402517,0.30878020099843584,0.6562624532707277,1.185792589069082,0.6175604019968717,0.6562624532707277,0.7905283927127212,0.22710706150341686,0.40625,0.45645161290322583,100.0,100.0,4371,2181,3372,7,4,225,0.001601464195836193,0.0018340210912425492,0.06672597864768683,0.4,0.4,0.1,0.2,50.0,85.0,20.0,0.4,0.30000000000000004,0.1,0.2,50.0,85.0,30.0,1325,1243,82,1325,0.061886792452830186,1.1477919682571107,1.5,0.7651946455047405,542,0.4360418342719228,1.0,1
"iteration_1","SCOPE_DATA_COLLECTION",900,26,1630.0,1690.0,0,4573,4251,1325,4512,4145,1267,4368,4064,1240,196,195,82,0.04294478527607362,0.04578539563277765,0.06202723146747353,0.3284525477916534,0.6941224794081425,1.1417535407465238,0.6569050955833068,0.6941224794081425,0.7611690271643492,0.263507326007326,0.4318405511811024,0.43306451612903224,100.0,100.0,4558,2181,3410,14,2,457,0.00307152259763054,9.170105456212746E-4,0.13401759530791788,0.4,0.30000000000000004,0.1,0.2,50.0,85.0,30.0,0.5,0.30000000000000004,0.1,0.2,50.0,95.0,40.0,4551,4536,15,4551,0.0032959789057350032,0.30461062082472273,0.5,0.6092212416494455,1073,0.2365520282186949,1.0,1
"iteration_1","SCOPE_DATA_COLLECTION",900,26,1630.0,1690.0,1,4573,4251,1325,4512,4145,1267,4368,4064,1240,196,195,82,0.04294478527607362,0.04578539563277765,0.06202723146747353,0.3284525477916534,0.6941224794081425,1.1417535407465238,0.6569050955833068,0.6941224794081425,0.7611690271643492,0.263507326007326,0.4318405511811024,0.43306451612903224,100.0,100.0,4558,2181,3410,14,2,457,0.00307152259763054,9.170105456212746E-4,0.13401759530791788,0.4,0.30000000000000004,0.1,0.2,50.0,85.0,30.0,0.5,0.30000000000000004,0.1,0.2,50.0,95.0,40.0,4140,4124,16,4140,0.003864734299516908,0.6485509197766538,1.0,0.6485509197766538,1671,0.4051891367604268,1.0,1
"iteration_1","SCOPE_DATA_COLLECTION",900,26,1630.0,1690.0,2,4573,4251,1325,4512,4145,1267,4368,4064,1240,196,195,82,0.04294478527607362,0.04578539563277765,0.06202723146747353,0.3284525477916534,0.6941224794081425,1.1417535407465238,0.6569050955833068,0.6941224794081425,0.7611690271643492,0.263507326007326,0.4318405511811024,0.43306451612903224,100.0,100.0,4558,2181,3410,14,2,457,0.00307152259763054,9.170105456212746E-4,0.13401759530791788,0.4,0.30000000000000004,0.1,0.2,50.0,85.0,30.0,0.5,0.30000000000000004,0.1,0.2,50.0,95.0,40.0,1352,1333,19,1352,0.014053254437869823,1.1248920186464917,1.5,0.7499280124309945,575,0.43135783945986494,1.0,1
"iteration_1","SCOPE_DATA_COLLECTION",900,27,1690.0,1750.0,0,4551,4140,1352,4573,4251,1325,4535,4116,1339,15,16,19,0.0032967032967032967,0.003872216844143272,0.013991163475699559,0.29840943115836227,0.6403917624115084,1.1263586482156975,0.5968188623167245,0.6403917624115084,0.7509057654771317,0.23241455347298787,0.4013605442176871,0.4324122479462285,100.0,100.0,4461,2817,2765,15,4,31,0.0033624747814391394,0.0014199503017394391,0.011211573236889693,0.5,0.30000000000000004,0.1,0.2,50.0,95.0,40.0,0.6000000000000001,0.4,0.2,0.2,40.0,95.0,40.0,4524,4520,4,4524,8.841732979664014E-4,0.30044034149944926,0.5,0.6008806829988985,1147,0.2537610619469027,1.0,1
"iteration_1","SCOPE_DATA_COLLECTION",900,27,1690.0,1750.0,1,4551,4140,1352,4573,4251,1325,4535,4116,1339,15,16,19,0.0032967032967032967,0.003872216844143272,0.013991163475699559,0.29840943115836227,0.6403917624115084,1.1263586482156975,0.5968188623167245,0.6403917624115084,0.7509057654771317,0.23241455347298787,0.4013605442176871,0.4324122479462285,100.0,100.0,4461,2817,2765,15,4,31,0.0033624747814391394,0.0014199503017394391,0.011211573236889693,0.5,0.30000000000000004,0.1,0.2,50.0,95.0,40.0,0.6000000000000001,0.4,0.2,0.2,40.0,95.0,40.0,4126,4115,11,4126,0.002666020358700921,0.6422434785904113,1.0,0.6422434785904113,1621,0.3939246658566221,1.0,1
"iteration_1","SCOPE_DATA_COLLECTION",900,27,1690.0,1750.0,2,4551,4140,1352,4573,4251,1325,4535,4116,1339,15,16,19,0.0032967032967032967,0.003872216844143272,0.013991163475699559,0.29840943115836227,0.6403917624115084,1.1263586482156975,0.5968188623167245,0.6403917624115084,0.7509057654771317,0.23241455347298787,0.4013605442176871,0.4324122479462285,100.0,100.0,4461,2817,2765,15,4,31,0.0033624747814391394,0.0014199503017394391,0.011211573236889693,0.5,0.30000000000000004,0.1,0.2,50.0,95.0,40.0,0.6000000000000001,0.4,0.2,0.2,40.0,95.0,40.0,1328,1314,14,1328,0.010542168674698794,1.1448307193032803,1.5,0.7632204795355202,578,0.4398782343987823,1.0,1
"iteration_1","SCOPE_DATA_COLLECTION",900,28,1750.0,1810.0,0,4524,4126,1328,4551,4140,1352,4538,4143,1317,4,11,14,8.806693086745927E-4,0.0026480500722195475,0.010518407212622089,0.30685730116915116,0.651063480913334,1.146918104299978,0.6137146023383023,0.651063480913334,0.7646120695333187,0.255839576906126,0.39681390296886315,0.4403948367501898,95.0,100.0,4348,3418,2212,28,1,0,0.006439742410303588,2.925687536571094E-4,0.0,0.6000000000000001,0.4,0.2,0.2,40.0,95.0,40.0,0.5,0.30000000000000004,0.1,0.2,50.0,95.0,50.0,4658,4653,5,4658,0.00107342206955775,0.30124408256284224,0.5,0.6024881651256845,1118,0.24027509133892114,1.0,1
"iteration_1","SCOPE_DATA_COLLECTION",900,28,1750.0,1810.0,1,4524,4126,1328,4551,4140,1352,4538,4143,1317,4,11,14,8.806693086745927E-4,0.0026480500722195475,0.010518407212622089,0.30685730116915116,0.651063480913334,1.146918104299978,0.6137146023383023,0.651063480913334,0.7646120695333187,0.255839576906126,0.39681390296886315,0.4403948367501898,95.0,100.0,4348,3418,2212,28,1,0,0.006439742410303588,2.925687536571094E-4,0.0,0.6000000000000001,0.4,0.2,0.2,40.0,95.0,40.0,0.5,0.30000000000000004,0.1,0.2,50.0,95.0,50.0,4232,4226,6,4232,0.0014177693761814746,0.6481831468265987,1.0,0.6481831468265987,1728,0.4088973024136299,1.0,1
"iteration_1","SCOPE_DATA_COLLECTION",900,28,1750.0,1810.0,2,4524,4126,1328,4551,4140,1352,4538,4143,1317,4,11,14,8.806693086745927E-4,0.0026480500722195475,0.010518407212622089,0.30685730116915116,0.651063480913334,1.146918104299978,0.6137146023383023,0.651063480913334,0.7646120695333187,0.255839576906126,0.39681390296886315,0.4403948367501898,95.0,100.0,4348,3418,2212,28,1,0,0.006439742410303588,2.925687536571094E-4,0.0,0.6000000000000001,0.4,0.2,0.2,40.0,95.0,40.0,0.5,0.30000000000000004,0.1,0.2,50.0,95.0,50.0,1314,1306,8,1314,0.0060882800608828,1.10857890302984,1.5,0.7390526020198934,550,0.4211332312404288,1.0,1
"iteration_1","SCOPE_DATA_COLLECTION",900,29,1810.0,1870.0,0,4658,4232,1314,4524,4126,1328,4646,4217,1296,5,6,8,0.0010750376263169211,0.0014207909069381957,0.006134969325153374,0.30107723927803104,0.647484319332422,1.1039958413234,0.6021544785560621,0.647484319332422,0.7359972275489333,0.23999139044339216,0.4083471662319184,0.41898148148148145,97.5,100.0,4588,2777,2839,15,4,0,0.003269398430688753,0.0014404033129276198,0.0,0.5,0.30000000000000004,0.1,0.2,50.0,95.0,50.0,0.55,0.2,0.4,0.4,20.0,25.0,60.0,4428,4422,6,4428,0.0013550135501355014,0.2838330406700891,0.5,0.5676660813401782,907,0.20511080958842154,1.0,1
"iteration_1","SCOPE_DATA_COLLECTION",900,29,1810.0,1870.0,1,4658,4232,1314,4524,4126,1328,4646,4217,1296,5,6,8,0.0010750376263169211,0.0014207909069381957,0.006134969325153374,0.30107723927803104,0.647484319332422,1.1039958413234,0.6021544785560621,0.647484319332422,0.7359972275489333,0.23999139044339216,0.4083471662319184,0.41898148148148145,97.5,100.0,4588,2777,2839,15,4,0,0.003269398430688753,0.0014404033129276198,0.0,0.5,0.30000000000000004,0.1,0.2,50.0,95.0,50.0,0.55,0.2,0.4,0.4,20.0,25.0,60.0,3958,3939,19,3958,0.004800404244567963,0.6733628114297759,1.0,0.6733628114297759,1653,0.41964965727341963,1.0,1
"iteration_1","SCOPE_DATA_COLLECTION",900,29,1810.0,1870.0,2,4658,4232,1314,4524,4126,1328,4646,4217,1296,5,6,8,0.0010750376263169211,0.0014207909069381957,0.006134969325153374,0.30107723927803104,0.647484319332422,1.1039958413234,0.6021544785560621,0.647484319332422,0.7359972275489333,0.23999139044339216,0.4083471662319184,0.41898148148148145,97.5,100.0,4588,2777,2839,15,4,0,0.003269398430688753,0.0014404033129276198,0.0,0.5,0.30000000000000004,0.1,0.2,50.0,95.0,50.0,0.55,0.2,0.4,0.4,20.0,25.0,60.0,1317,1306,11,1317,0.008352315869400152,1.1466911735124912,1.5,0.7644607823416608,574,0.43950995405819293,1.0,1
"iteration_1","SCOPE_DATA_COLLECTION",900,30,1870.0,1930.0,0,4428,3958,1317,4658,4232,1314,4421,3924,1315,6,19,11,0.0013553196295459679,0.004818665990362668,0.008295625942684766,0.28347983786031533,0.670518858678689,1.1536019349547102,0.5669596757206307,0.670518858678689,0.7690679566364734,0.20560959059036418,0.4181957186544342,0.44258555133079847,100.0,100.0,4403,2895,2405,34,2,0,0.007722007722007722,6.90846286701209E-4,0.0,0.55,0.2,0.4,0.4,20.0,25.0,60.0,0.9,0.4,0.9,0.5,30.0,25.0,45.0,4491,4483,8,4491,0.0017813404586951682,0.3068436378824815,0.5,0.613687275764963,1118,0.24938657149230425,1.0,1
"iteration_1","SCOPE_DATA_COLLECTION",900,30,1870.0,1930.0,1,4428,3958,1317,4658,4232,1314,4421,3924,1315,6,19,11,0.0013553196295459679,0.004818665990362668,0.008295625942684766,0.28347983786031533,0.670518858678689,1.1536019349547102,0.5669596757206307,0.670518858678689,0.7690679566364734,0.20560959059036418,0.4181957186544342,0.44258555133079847,100.0,100.0,4403,2895,2405,34,2,0,0.007722007722007722,6.90846286701209E-4,0.0,0.55,0.2,0.4,0.4,20.0,25.0,60.0,0.9,0.4,0.9,0.5,30.0,25.0,45.0,4168,4157,11,4168,0.00263915547024952,0.684533456873873,1.0,0.684533456873873,1712,0.41183545826317053,1.0,1
"iteration_1","SCOPE_DATA_COLLECTION",900,30,1870.0,1930.0,2,4428,3958,1317,4658,4232,1314,4421,3924,1315,6,19,11,0.0013553196295459679,0.004818665990362668,0.008295625942684766,0.28347983786031533,0.670518858678689,1.1536019349547102,0.5669596757206307,0.670518858678689,0.7690679566364734,0.20560959059036418,0.4181957186544342,0.44258555133079847,100.0,100.0,4403,2895,2405,34,2,0,0.007722007722007722,6.90846286701209E-4,0.0,0.55,0.2,0.4,0.4,20.0,25.0,60.0,0.9,0.4,0.9,0.5,30.0,25.0,45.0,1272,1257,15,1272,0.01179245283018868,1.1645862138757979,1.5,0.7763908092505319,559,0.4447096260938743,1.0,1
"iteration_1","SCOPE_DATA_COLLECTION",900,31,1930.0,1990.0,0,4491,4168,1272,4428,3958,1317,4472,4165,1265,8,10,15,0.0017857142857142857,0.0023952095808383233,0.01171875,0.30621470805122286,0.685721291205803,1.1663522954720356,0.6124294161024457,0.685721291205803,0.777568196981357,0.24798747763864043,0.4129651860744298,0.44664031620553357,100.0,100.0,4487,4889,555,29,4,0,0.006463115667483842,8.181632235631009E-4,0.0,0.9,0.4,0.9,0.5,30.0,25.0,45.0,0.15000000000000002,0.5,0.6000000000000001,0.2,90.0,90.0,45.0,4473,3194,1279,4473,0.285937849318131,0.47225804665054594,0.5,0.9445160933010919,1222,0.382592360676268,1.0,1
"iteration_1","SCOPE_DATA_COLLECTION",900,31,1930.0,1990.0,1,4491,4168,1272,4428,3958,1317,4472,4165,1265,8,10,15,0.0017857142857142857,0.0023952095808383233,0.01171875,0.30621470805122286,0.685721291205803,1.1663522954720356,0.6124294161024457,0.685721291205803,0.777568196981357,0.24798747763864043,0.4129651860744298,0.44664031620553357,100.0,100.0,4487,4889,555,29,4,0,0.006463115667483842,8.181632235631009E-4,0.0,0.9,0.4,0.9,0.5,30.0,25.0,45.0,0.15000000000000002,0.5,0.6000000000000001,0.2,90.0,90.0,45.0,4167,2977,1190,4167,0.2855771538276938,0.9603002338499949,1.0,0.9603002338499949,1765,0.5928787369835404,1.0,1
"iteration_1","SCOPE_DATA_COLLECTION",900,31,1930.0,1990.0,2,4491,4168,1272,4428,3958,1317,4472,4165,1265,8,10,15,0.0017857142857142857,0.0023952095808383233,0.01171875,0.30621470805122286,0.685721291205803,1.1663522954720356,0.6124294161024457,0.685721291205803,0.777568196981357,0.24798747763864043,0.4129651860744298,0.44664031620553357,100.0,100.0,4487,4889,555,29,4,0,0.006463115667483842,8.181632235631009E-4,0.0,0.9,0.4,0.9,0.5,30.0,25.0,45.0,0.15000000000000002,0.5,0.6000000000000001,0.2,90.0,90.0,45.0,1272,882,390,1272,0.30660377358490565,1.6108594347360679,1.5,1.0739062898240452,573,0.6496598639455783,1.0,1
"iteration_1","SCOPE_DATA_COLLECTION",900,32,1990.0,2050.0,0,4473,4167,1272,4491,4168,1272,3215,2978,872,1279,1189,390,0.2846016911437472,0.2853371730261579,0.3090332805071315,0.4724928507564439,0.9573230300105154,1.6042025056772353,0.9449857015128879,0.9573230300105154,1.0694683371181568,0.38227060653188183,0.5913364674278039,0.6456422018348624,95.0,100.0,4375,796,4741,22,0,2836,0.005028571428571428,0.0,0.5981860367011179,0.15000000000000002,0.5,0.6000000000000001,0.2,90.0,90.0,45.0,0.15000000000000002,0.5,0.6000000000000001,0.2,90.0,90.0,45.0,4441,3161,1280,4441,0.28822337311416346,0.44510835523958353,0.5,0.8902167104791671,1194,0.3777285669092059,1.0,1
"iteration_1","SCOPE_DATA_COLLECTION",900,32,1990.0,2050.0,1,4473,4167,1272,4491,4168,1272,3215,2978,872,1279,1189,390,0.2846016911437472,0.2853371730261579,0.3090332805071315,0.4724928507564439,0.9573230300105154,1.6042025056772353,0.9449857015128879,0.9573230300105154,1.0694683371181568,0.38227060653188183,0.5913364674278039,0.6456422018348624,95.0,100.0,4375,796,4741,22,0,2836,0.005028571428571428,0.0,0.5981860367011179,0.15000000000000002,0.5,0.6000000000000001,0.2,90.0,90.0,45.0,0.15000000000000002,0.5,0.6000000000000001,0.2,90.0,90.0,45.0,4182,2935,1247,4182,0.29818268770923,0.9324938956504324,1.0,0.9324938956504324,1748,0.5955706984667802,1.0,1
"iteration_1","SCOPE_DATA_COLLECTION",900,32,1990.0,2050.0,2,4473,4167,1272,4491,4168,1272,3215,2978,872,1279,1189,390,0.2846016911437472,0.2853371730261579,0.3090332805071315,0.4724928507564439,0.9573230300105154,1.6042025056772353,0.9449857015128879,0.9573230300105154,1.0694683371181568,0.38227060653188183,0.5913364674278039,0.6456422018348624,95.0,100.0,4375,796,4741,22,0,2836,0.005028571428571428,0.0,0.5981860367011179,0.15000000000000002,0.5,0.6000000000000001,0.2,90.0,90.0,45.0,0.15000000000000002,0.5,0.6000000000000001,0.2,90.0,90.0,45.0,1357,944,413,1357,0.30434782608695654,1.5516428080692004,1.5,1.0344285387128003,599,0.6345338983050848,1.0,1
"iteration_1","SCOPE_DATA_COLLECTION",900,33,2050.0,2110.0,0,4441,4182,1357,4473,4167,1272,3153,2938,952,1269,1231,402,0.28697421981004073,0.29527464619812904,0.2968980797636632,0.4447973526648472,0.9352042742021187,1.5527741871530896,0.8895947053296944,0.9352042742021187,1.035182791435393,0.377418331747542,0.5963240299523486,0.6355042016806722,100.0,100.0,4262,851,4867,28,1,2873,0.00656968559361802,0.0011750881316098707,0.5903020341072529,0.15000000000000002,0.5,0.6000000000000001,0.2,90.0,90.0,45.0,0.7000000000000001,0.8,0.9,0.1,20.0,65.0,65.0,4551,4526,25,4551,0.005493298176225006,0.31606208131746755,0.5,0.6321241626349351,1217,0.26889085285019887,1.0,1
"iteration_1","SCOPE_DATA_COLLECTION",900,33,2050.0,2110.0,1,4441,4182,1357,4473,4167,1272,3153,2938,952,1269,1231,402,0.28697421981004073,0.29527464619812904,0.2968980797636632,0.4447973526648472,0.9352042742021187,1.5527741871530896,0.8895947053296944,0.9352042742021187,1.035182791435393,0.377418331747542,0.5963240299523486,0.6355042016806722,100.0,100.0,4262,851,4867,28,1,2873,0.00656968559361802,0.0011750881316098707,0.5903020341072529,0.15000000000000002,0.5,0.6000000000000001,0.2,90.0,90.0,45.0,0.7000000000000001,0.8,0.9,0.1,20.0,65.0,65.0,4240,4226,14,4240,0.0033018867924528303,0.6795948324232889,1.0,0.6795948324232889,1733,0.410080454330336,1.0,1
"iteration_1","SCOPE_DATA_COLLECTION",900,33,2050.0,2110.0,2,4441,4182,1357,4473,4167,1272,3153,2938,952,1269,1231,402,0.28697421981004073,0.29527464619812904,0.2968980797636632,0.4447973526648472,0.9352042742021187,1.5527741871530896,0.8895947053296944,0.9352042742021187,1.035182791435393,0.377418331747542,0.5963240299523486,0.6355042016806722,100.0,100.0,4262,851,4867,28,1,2873,0.00656968559361802,0.0011750881316098707,0.5903020341072529,0.15000000000000002,0.5,0.6000000000000001,0.2,90.0,90.0,45.0,0.7000000000000001,0.8,0.9,0.1,20.0,65.0,65.0,1266,1256,10,1266,0.007898894154818325,1.1250594844224826,1.5,0.750039656281655,553,0.44028662420382164,1.0,1
"iteration_1","SCOPE_DATA_COLLECTION",900,34,2110.0,2170.0,0,4551,4240,1266,4441,4182,1357,4522,4208,1247,36,32,21,0.007898200965335674,0.007547169811320755,0.016561514195583597,0.316890010630141,0.6769686849275446,1.1217790769224276,0.633780021260282,0.6769686849275446,0.7478527179482851,0.27001326846528084,0.4089828897338403,0.43785084202085006,100.0,100.0,4472,3872,1713,19,3,67,0.00424865831842576,7.747933884297521E-4,0.03911266783420899,0.7000000000000001,0.8,0.9,0.1,20.0,65.0,65.0,0.8500000000000001,0.6000000000000001,0.4,0.8,75.0,50.0,25.0,4555,4544,11,4555,0.002414928649835346,0.3106148566906754,0.5,0.6212297133813508,1202,0.26452464788732394,1.0,1
"iteration_1","SCOPE_DATA_COLLECTION",900,34,2110.0,2170.0,1,4551,4240,1266,4441,4182,1357,4522,4208,1247,36,32,21,0.007898200965335674,0.007547169811320755,0.016561514195583597,0.316890010630141,0.6769686849275446,1.1217790769224276,0.633780021260282,0.6769686849275446,0.7478527179482851,0.27001326846528084,0.4089828897338403,0.43785084202085006,100.0,100.0,4472,3872,1713,19,3,67,0.00424865831842576,7.747933884297521E-4,0.03911266783420899,0.7000000000000001,0.8,0.9,0.1,20.0,65.0,65.0,0.8500000000000001,0.6000000000000001,0.4,0.8,75.0,50.0,25.0,4153,4137,16,4153,0.003852636648206116,0.6712618400478306,1.0,0.6712618400478306,1689,0.4082668600435098,1.0,1
"iteration_1","SCOPE_DATA_COLLECTION",900,34,2110.0,2170.0,2,4551,4240,1266,4441,4182,1357,4522,4208,1247,36,32,21,0.007898200965335674,0.007547169811320755,0.016561514195583597,0.316890010630141,0.6769686849275446,1.1217790769224276,0.633780021260282,0.6769686849275446,0.7478527179482851,0.27001326846528084,0.4089828897338403,0.43785084202085006,100.0,100.0,4472,3872,1713,19,3,67,0.00424865831842576,7.747933884297521E-4,0.03911266783420899,0.7000000000000001,0.8,0.9,0.1,20.0,65.0,65.0,0.8500000000000001,0.6000000000000001,0.4,0.8,75.0,50.0,25.0,1276,1253,23,1276,0.018025078369905956,1.1791507208542242,1.5,0.7861004805694828,554,0.4421388667198723,1.0,1
"iteration_1","SCOPE_DATA_COLLECTION",900,35,2170.0,2230.0,0,4555,4153,1276,4551,4240,1266,4552,4152,1256,11,16,23,0.002410694718387026,0.003838771593090211,0.017982799061767005,0.31063122692066614,0.6745093725742841,1.1827507568528466,0.6212624538413323,0.6745093725742841,0.7885005045685644,0.2647188049209139,0.4099229287090559,0.4450636942675159,95.0,100.0,4460,4686,838,43,7,0,0.009641255605381167,0.0014938113529662826,0.0,0.8500000000000001,0.6000000000000001,0.4,0.8,75.0,50.0,25.0,0.8500000000000001,0.6000000000000001,0.4,0.8,75.0,50.0,25.0,4520,4512,8,4520,0.0017699115044247787,0.31126740693157123,0.5,0.6225348138631425,1200,0.26595744680851063,1.0,1
"iteration_1","SCOPE_DATA_COLLECTION",900,35,2170.0,2230.0,1,4555,4153,1276,4551,4240,1266,4552,4152,1256,11,16,23,0.002410694718387026,0.003838771593090211,0.017982799061767005,0.31063122692066614,0.6745093725742841,1.1827507568528466,0.6212624538413323,0.6745093725742841,0.7885005045685644,0.2647188049209139,0.4099229287090559,0.4450636942675159,95.0,100.0,4460,4686,838,43,7,0,0.009641255605381167,0.0014938113529662826,0.0,0.8500000000000001,0.6000000000000001,0.4,0.8,75.0,50.0,25.0,0.8500000000000001,0.6000000000000001,0.4,0.8,75.0,50.0,25.0,4159,4145,14,4159,0.003366193796585718,0.6607866450725496,1.0,0.6607866450725496,1667,0.4021712907117008,1.0,1
"iteration_1","SCOPE_DATA_COLLECTION",900,35,2170.0,2230.0,2,4555,4153,1276,4551,4240,1266,4552,4152,1256,11,16,23,0.002410694718387026,0.003838771593090211,0.017982799061767005,0.31063122692066614,0.6745093725742841,1.1827507568528466,0.6212624538413323,0.6745093725742841,0.7885005045685644,0.2647188049209139,0.4099229287090559,0.4450636942675159,95.0,100.0,4460,4686,838,43,7,0,0.009641255605381167,0.0014938113529662826,0.0,0.8500000000000001,0.6000000000000001,0.4,0.8,75.0,50.0,25.0,0.8500000000000001,0.6000000000000001,0.4,0.8,75.0,50.0,25.0,1314,1291,23,1314,0.01750380517503805,1.1618414845104408,1.5,0.7745609896736272,561,0.4345468628969791,1.0,1
"iteration_1","SCOPE_DATA_COLLECTION",900,36,2230.0,2290.0,0,4520,4159,1314,4555,4153,1276,4502,4149,1290,8,14,23,0.0017738359201773836,0.0033629594042757626,0.017517136329017517,0.310635002800352,0.6599411664033936,1.1564863273174801,0.621270005600704,0.6599411664033936,0.7709908848783201,0.26610395379831187,0.4022656061701615,0.4325581395348837,100.0,100.0,4439,4704,850,43,2,0,0.009686866411353908,4.2517006802721087E-4,0.0,0.8500000000000001,0.6000000000000001,0.4,0.8,75.0,50.0,25.0,0.75,0.5,0.4,0.9,65.0,50.0,20.0,4596,4588,8,4596,0.0017406440382941688,0.3115480257695209,0.5,0.6230960515390418,1262,0.2750653879686138,1.0,1
"iteration_1","SCOPE_DATA_COLLECTION",900,36,2230.0,2290.0,1,4520,4159,1314,4555,4153,1276,4502,4149,1290,8,14,23,0.0017738359201773836,0.0033629594042757626,0.017517136329017517,0.310635002800352,0.6599411664033936,1.1564863273174801,0.621270005600704,0.6599411664033936,0.7709908848783201,0.26610395379831187,0.4022656061701615,0.4325581395348837,100.0,100.0,4439,4704,850,43,2,0,0.009686866411353908,4.2517006802721087E-4,0.0,0.8500000000000001,0.6000000000000001,0.4,0.8,75.0,50.0,25.0,0.75,0.5,0.4,0.9,65.0,50.0,20.0,4260,4242,18,4260,0.004225352112676056,0.6791382891644854,1.0,0.6791382891644854,1769,0.417020273455917,1.0,1
"iteration_1","SCOPE_DATA_COLLECTION",900,36,2230.0,2290.0,2,4520,4159,1314,4555,4153,1276,4502,4149,1290,8,14,23,0.0017738359201773836,0.0033629594042757626,0.017517136329017517,0.310635002800352,0.6599411664033936,1.1564863273174801,0.621270005600704,0.6599411664033936,0.7709908848783201,0.26610395379831187,0.4022656061701615,0.4325581395348837,100.0,100.0,4439,4704,850,43,2,0,0.009686866411353908,4.2517006802721087E-4,0.0,0.8500000000000001,0.6000000000000001,0.4,0.8,75.0,50.0,25.0,0.75,0.5,0.4,0.9,65.0,50.0,20.0,1306,1293,13,1306,0.009954058192955589,1.134507737436429,1.5,0.756338491624286,542,0.4191802010827533,1.0,1
"iteration_1","SCOPE_DATA_COLLECTION",900,37,2290.0,2350.0,0,4596,4260,1306,4520,4159,1314,4588,4238,1295,8,18,13,0.0017406440382941688,0.0042293233082706765,0.009938837920489297,0.31118189967528387,0.6791482744549288,1.136473603276214,0.6223637993505677,0.6791482744549288,0.7576490688508093,0.273539668700959,0.41670599339310993,0.4193050193050193,100.0,100.0,4519,4214,1429,37,2,0,0.008187652135428191,4.7460844803037496E-4,0.0,0.75,0.5,0.4,0.9,65.0,50.0,20.0,0.8500000000000001,0.5,0.5,0.9,55.0,50.0,20.0,4439,4430,9,4439,0.0020274836674926784,0.31873215513789555,0.5,0.6374643102757911,1188,0.2681715575620767,1.0,1
"iteration_1","SCOPE_DATA_COLLECTION",900,37,2290.0,2350.0,1,4596,4260,1306,4520,4159,1314,4588,4238,1295,8,18,13,0.0017406440382941688,0.0042293233082706765,0.009938837920489297,0.31118189967528387,0.6791482744549288,1.136473603276214,0.6223637993505677,0.6791482744549288,0.7576490688508093,0.273539668700959,0.41670599339310993,0.4193050193050193,100.0,100.0,4519,4214,1429,37,2,0,0.008187652135428191,4.7460844803037496E-4,0.0,0.75,0.5,0.4,0.9,65.0,50.0,20.0,0.8500000000000001,0.5,0.5,0.9,55.0,50.0,20.0,4214,4189,25,4214,0.005932605600379687,0.6982385635824618,1.0,0.6982385635824618,1763,0.4208641680592027,1.0,1
"iteration_1","SCOPE_DATA_COLLECTION",900,37,2290.0,2350.0,2,4596,4260,1306,4520,4159,1314,4588,4238,1295,8,18,13,0.0017406440382941688,0.0042293233082706765,0.009938837920489297,0.31118189967528387,0.6791482744549288,1.136473603276214,0.6223637993505677,0.6791482744549288,0.7576490688508093,0.273539668700959,0.41670599339310993,0.4193050193050193,100.0,100.0,4519,4214,1429,37,2,0,0.008187652135428191,4.7460844803037496E-4,0.0,0.75,0.5,0.4,0.9,65.0,50.0,20.0,0.8500000000000001,0.5,0.5,0.9,55.0,50.0,20.0,1240,1221,19,1240,0.01532258064516129,1.1654270607380661,1.5,0.7769513738253774,532,0.4357084357084357,1.0,1
"iteration_1","SCOPE_DATA_COLLECTION",900,38,2350.0,2410.0,0,4439,4214,1240,4596,4260,1306,4428,4190,1223,9,25,19,0.002028397565922921,0.005931198102016607,0.015297906602254429,0.3179847288752244,0.6995811715703278,1.167427387509811,0.6359694577504488,0.6995811715703278,0.7782849250065406,0.2676151761517615,0.42219570405727924,0.4358135731807032,92.5,100.0,4519,4554,820,50,3,0,0.011064394777605666,6.587615283267457E-4,0.0,0.8500000000000001,0.5,0.5,0.9,55.0,50.0,20.0,0.4,0.30000000000000004,0.4,0.6000000000000001,35.0,70.0,70.0,4535,4419,116,4535,0.02557883131201764,0.3301365298351132,0.5,0.6602730596702264,1081,0.2446254808780267,1.0,1
"iteration_1","SCOPE_DATA_COLLECTION",900,38,2350.0,2410.0,1,4439,4214,1240,4596,4260,1306,4428,4190,1223,9,25,19,0.002028397565922921,0.005931198102016607,0.015297906602254429,0.3179847288752244,0.6995811715703278,1.167427387509811,0.6359694577504488,0.6995811715703278,0.7782849250065406,0.2676151761517615,0.42219570405727924,0.4358135731807032,92.5,100.0,4519,4554,820,50,3,0,0.011064394777605666,6.587615283267457E-4,0.0,0.8500000000000001,0.5,0.5,0.9,55.0,50.0,20.0,0.4,0.30000000000000004,0.4,0.6000000000000001,35.0,70.0,70.0,4205,4090,115,4205,0.027348394768133173,0.714311801784558,1.0,0.714311801784558,1766,0.4317848410757946,1.0,1
"iteration_1","SCOPE_DATA_COLLECTION",900,38,2350.0,2410.0,2,4439,4214,1240,4596,4260,1306,4428,4190,1223,9,25,19,0.002028397565922921,0.005931198102016607,0.015297906602254429,0.3179847288752244,0.6995811715703278,1.167427387509811,0.6359694577504488,0.6995811715703278,0.7782849250065406,0.2676151761517615,0.42219570405727924,0.4358135731807032,92.5,100.0,4519,4554,820,50,3,0,0.011064394777605666,6.587615283267457E-4,0.0,0.8500000000000001,0.5,0.5,0.9,55.0,50.0,20.0,0.4,0.30000000000000004,0.4,0.6000000000000001,35.0,70.0,70.0,1273,1223,50,1273,0.03927729772191673,1.219262569203162,1.5,0.812841712802108,562,0.45952575633687653,1.0,1
"iteration_1","SCOPE_DATA_COLLECTION",900,39,2410.0,2470.0,0,4535,4205,1273,4439,4214,1240,4428,4083,1220,116,115,50,0.025528169014084508,0.02739399714149595,0.03937007874015748,0.3310538013223342,0.7132792989533591,1.2205718787227133,0.6621076026446684,0.7132792989533591,0.8137145858151422,0.245483288166215,0.4298310066127847,0.46147540983606555,100.0,100.0,4470,2163,3380,34,2,245,0.007606263982102908,9.246417013407304E-4,0.07248520710059171,0.4,0.30000000000000004,0.4,0.6000000000000001,35.0,70.0,70.0,0.5,0.2,0.4,0.5,35.0,80.0,60.0,4483,4469,14,4483,0.0031229087664510374,0.29677871564237235,0.5,0.5935574312847447,989,0.22130230476616694,1.0,1
"iteration_1","SCOPE_DATA_COLLECTION",900,39,2410.0,2470.0,1,4535,4205,1273,4439,4214,1240,4428,4083,1220,116,115,50,0.025528169014084508,0.02739399714149595,0.03937007874015748,0.3310538013223342,0.7132792989533591,1.2205718787227133,0.6621076026446684,0.7132792989533591,0.8137145858151422,0.245483288166215,0.4298310066127847,0.46147540983606555,100.0,100.0,4470,2163,3380,34,2,245,0.007606263982102908,9.246417013407304E-4,0.07248520710059171,0.4,0.30000000000000004,0.4,0.6000000000000001,35.0,70.0,70.0,0.5,0.2,0.4,0.5,35.0,80.0,60.0,4227,4205,22,4227,0.005204636858291933,0.6815221182033848,1.0,0.6815221182033848,1760,0.41854934601664684,1.0,1
"iteration_1","SCOPE_DATA_COLLECTION",900,39,2410.0,2470.0,2,4535,4205,1273,4439,4214,1240,4428,4083,1220,116,115,50,0.025528169014084508,0.02739399714149595,0.03937007874015748,0.3310538013223342,0.7132792989533591,1.2205718787227133,0.6621076026446684,0.7132792989533591,0.8137145858151422,0.245483288166215,0.4298310066127847,0.46147540983606555,100.0,100.0,4470,2163,3380,34,2,245,0.007606263982102908,9.246417013407304E-4,0.07248520710059171,0.4,0.30000000000000004,0.4,0.6000000000000001,35.0,70.0,70.0,0.5,0.2,0.4,0.5,35.0,80.0,60.0,1236,1221,15,1236,0.012135922330097087,1.1776500163349983,1.5,0.7851000108899989,548,0.4488124488124488,1.0,1
"iteration_1","SCOPE_DATA_COLLECTION",900,40,2470.0,2530.0,0,4483,4227,1236,4535,4205,1273,4464,4206,1226,14,22,15,0.0031263957123715946,0.005203405865657522,0.012087026591458501,0.297179478865595,0.6804731880164617,1.1793651196467727,0.59435895773119,0.6804731880164617,0.7862434130978485,0.2217741935483871,0.41821207798383264,0.44942903752039154,95.0,100.0,4609,2627,2710,33,2,16,0.007159904534606206,7.613247049866769E-4,0.005904059040590406,0.5,0.2,0.4,0.5,35.0,80.0,60.0,0.15000000000000002,0.4,0.2,0.7000000000000001,25.0,65.0,85.0,4564,3358,1206,4564,0.2642418930762489,0.4253837668345205,0.5,0.850767533669041,1238,0.368671828469327,1.0,1
"iteration_1","SCOPE_DATA_COLLECTION",900,40,2470.0,2530.0,1,4483,4227,1236,4535,4205,1273,4464,4206,1226,14,22,15,0.0031263957123715946,0.005203405865657522,0.012087026591458501,0.297179478865595,0.6804731880164617,1.1793651196467727,0.59435895773119,0.6804731880164617,0.7862434130978485,0.2217741935483871,0.41821207798383264,0.44942903752039154,95.0,100.0,4609,2627,2710,33,2,16,0.007159904534606206,7.613247049866769E-4,0.005904059040590406,0.5,0.2,0.4,0.5,35.0,80.0,60.0,0.15000000000000002,0.4,0.2,0.7000000000000001,25.0,65.0,85.0,4183,3001,1182,4183,0.2825723165192446,0.8608928631519946,1.0,0.8608928631519946,1652,0.550483172275908,1.0,1
"iteration_1","SCOPE_DATA_COLLECTION",900,40,2470.0,2530.0,2,4483,4227,1236,4535,4205,1273,4464,4206,1226,14,22,15,0.0031263957123715946,0.005203405865657522,0.012087026591458501,0.297179478865595,0.6804731880164617,1.1793651196467727,0.59435895773119,0.6804731880164617,0.7862434130978485,0.2217741935483871,0.41821207798383264,0.44942903752039154,95.0,100.0,4609,2627,2710,33,2,16,0.007159904534606206,7.613247049866769E-4,0.005904059040590406,0.5,0.2,0.4,0.5,35.0,80.0,60.0,0.15000000000000002,0.4,0.2,0.7000000000000001,25.0,65.0,85.0,1268,926,342,1268,0.2697160883280757,1.5541471323038543,1.5,1.0360980882025694,574,0.6198704103671706,1.0,1
"iteration_1","SCOPE_DATA_COLLECTION",900,41,2530.0,2590.0,0,4564,4183,1268,4483,4227,1236,3366,3017,920,1206,1181,342,0.2637795275590551,0.2813244402096236,0.27099841521394613,0.4249035589294804,0.8597280255552195,1.5317513192013383,0.8498071178589608,0.8597280255552195,1.0211675461342256,0.3680926916221034,0.5512098110706,0.616304347826087,95.0,100.0,4438,871,4706,21,1,2707,0.00473186119873817,0.001148105625717566,0.5752231194220144,0.15000000000000002,0.4,0.2,0.7000000000000001,25.0,65.0,85.0,0.25,0.4,0.2,0.8,25.0,65.0,75.0,4592,3938,654,4592,0.14242160278745644,0.3921341581034149,0.5,0.7842683162068298,1318,0.33468765871000505,1.0,1
"iteration_1","SCOPE_DATA_COLLECTION",900,41,2530.0,2590.0,1,4564,4183,1268,4483,4227,1236,3366,3017,920,1206,1181,342,0.2637795275590551,0.2813244402096236,0.27099841521394613,0.4249035589294804,0.8597280255552195,1.5317513192013383,0.8498071178589608,0.8597280255552195,1.0211675461342256,0.3680926916221034,0.5512098110706,0.616304347826087,95.0,100.0,4438,871,4706,21,1,2707,0.00473186119873817,0.001148105625717566,0.5752231194220144,0.15000000000000002,0.4,0.2,0.7000000000000001,25.0,65.0,85.0,0.25,0.4,0.2,0.8,25.0,65.0,75.0,4176,3544,632,4176,0.15134099616858238,0.7961506848195137,1.0,0.7961506848195137,1730,0.4881489841986456,1.0,1
"iteration_1","SCOPE_DATA_COLLECTION",900,41,2530.0,2590.0,2,4564,4183,1268,4483,4227,1236,3366,3017,920,1206,1181,342,0.2637795275590551,0.2813244402096236,0.27099841521394613,0.4249035589294804,0.8597280255552195,1.5317513192013383,0.8498071178589608,0.8597280255552195,1.0211675461342256,0.3680926916221034,0.5512098110706,0.616304347826087,95.0,100.0,4438,871,4706,21,1,2707,0.00473186119873817,0.001148105625717566,0.5752231194220144,0.15000000000000002,0.4,0.2,0.7000000000000001,25.0,65.0,85.0,0.25,0.4,0.2,0.8,25.0,65.0,75.0,1357,1094,263,1357,0.19380987472365513,1.372705732948779,1.5,0.915137155299186,581,0.5310786106032906,1.0,1
"iteration_1","SCOPE_DATA_COLLECTION",900,42,2590.0,2650.0,0,4592,4176,1357,4564,4183,1268,3912,3513,1094,654,632,263,0.14323258869908015,0.15247285886610373,0.19380987472365513,0.3855258009955493,0.7927043170327909,1.3865919394820765,0.7710516019910986,0.7927043170327909,0.9243946263213844,0.33307770961145194,0.4884713919726729,0.5319926873857403,97.5,100.0,4463,1373,4289,36,1,1512,0.008066323101053104,7.283321194464676E-4,0.35252972720913966,0.25,0.4,0.2,0.8,25.0,65.0,75.0,0.65,0.9,0.4,0.6000000000000001,35.0,35.0,75.0,4609,4604,5,4609,0.0010848340203948796,0.3048363234543295,0.5,0.609672646908659,1187,0.25781928757602085,1.0,1
"iteration_1","SCOPE_DATA_COLLECTION",900,42,2590.0,2650.0,1,4592,4176,1357,4564,4183,1268,3912,3513,1094,654,632,263,0.14323258869908015,0.15247285886610373,0.19380987472365513,0.3855258009955493,0.7927043170327909,1.3865919394820765,0.7710516019910986,0.7927043170327909,0.9243946263213844,0.33307770961145194,0.4884713919726729,0.5319926873857403,97.5,100.0,4463,1373,4289,36,1,1512,0.008066323101053104,7.283321194464676E-4,0.35252972720913966,0.25,0.4,0.2,0.8,25.0,65.0,75.0,0.65,0.9,0.4,0.6000000000000001,35.0,35.0,75.0,4296,4284,12,4296,0.002793296089385475,0.664918354333237,1.0,0.664918354333237,1706,0.39822595704948643,1.0,1
"iteration_1","SCOPE_DATA_COLLECTION",900,42,2590.0,2650.0,2,4592,4176,1357,4564,4183,1268,3912,3513,1094,654,632,263,0.14323258869908015,0.15247285886610373,0.19380987472365513,0.3855258009955493,0.7927043170327909,1.3865919394820765,0.7710516019910986,0.7927043170327909,0.9243946263213844,0.33307770961145194,0.4884713919726729,0.5319926873857403,97.5,100.0,4463,1373,4289,36,1,1512,0.008066323101053104,7.283321194464676E-4,0.35252972720913966,0.25,0.4,0.2,0.8,25.0,65.0,75.0,0.65,0.9,0.4,0.6000000000000001,35.0,35.0,75.0,1318,1296,22,1318,0.01669195751138088,1.1464350590803443,1.5,0.7642900393868962,560,0.43209876543209874,1.0,1
"iteration_1","SCOPE_DATA_COLLECTION",900,43,2650.0,2710.0,0,4609,4296,1318,4592,4176,1357,4624,4299,1296,5,13,22,0.001080146899978397,0.0030148423005565863,0.01669195751138088,0.3106669607086089,0.6698527913713175,1.1530035646053953,0.6213339214172178,0.6698527913713175,0.7686690430702635,0.25951557093425603,0.39869737148173995,0.43441358024691357,100.0,100.0,4476,3789,1958,36,4,0,0.00804289544235925,0.0010556875164951175,0.0,0.65,0.9,0.4,0.6000000000000001,35.0,35.0,75.0,0.75,0.9,0.5,0.6000000000000001,25.0,25.0,65.0,4547,4540,7,4547,0.0015394765779634925,0.3110722076473687,0.5,0.6221444152947374,1222,0.2691629955947137,1.0,1
"iteration_1","SCOPE_DATA_COLLECTION",900,43,2650.0,2710.0,1,4609,4296,1318,4592,4176,1357,4624,4299,1296,5,13,22,0.001080146899978397,0.0030148423005565863,0.01669195751138088,0.3106669607086089,0.6698527913713175,1.1530035646053953,0.6213339214172178,0.6698527913713175,0.7686690430702635,0.25951557093425603,0.39869737148173995,0.43441358024691357,100.0,100.0,4476,3789,1958,36,4,0,0.00804289544235925,0.0010556875164951175,0.0,0.65,0.9,0.4,0.6000000000000001,35.0,35.0,75.0,0.75,0.9,0.5,0.6000000000000001,25.0,25.0,65.0,4249,4224,25,4249,0.005883737349964698,0.6744142034244196,1.0,0.6744142034244196,1702,0.4029356060606061,1.0,1
"iteration_1","SCOPE_DATA_COLLECTION",900,43,2650.0,2710.0,2,4609,4296,1318,4592,4176,1357,4624,4299,1296,5,13,22,0.001080146899978397,0.0030148423005565863,0.01669195751138088,0.3106669607086089,0.6698527913713175,1.1530035646053953,0.6213339214172178,0.6698527913713175,0.7686690430702635,0.25951557093425603,0.39869737148173995,0.43441358024691357,100.0,100.0,4476,3789,1958,36,4,0,0.00804289544235925,0.0010556875164951175,0.0,0.65,0.9,0.4,0.6000000000000001,35.0,35.0,75.0,0.75,0.9,0.5,0.6000000000000001,25.0,25.0,65.0,1315,1291,24,1315,0.018250950570342206,1.196831800507328,1.5,0.7978878670048853,589,0.4562354763749032,1.0,1
"iteration_1","SCOPE_DATA_COLLECTION",900,44,2710.0,2770.0,0,4547,4249,1315,4609,4296,1318,4535,4219,1294,7,25,24,0.0015411712901805372,0.00589066918001885,0.018209408194233688,0.31071920637210665,0.674100171229514,1.1920335990105315,0.6214384127442133,0.674100171229514,0.794689066007021,0.26923925027563395,0.403176108082484,0.45440494590417313,100.0,100.0,4455,4307,1349,49,7,0,0.010998877665544332,0.00162526120269329,0.0,0.75,0.9,0.5,0.6000000000000001,25.0,25.0,65.0,0.75,0.8,0.5,0.6000000000000001,35.0,25.0,65.0,4495,4484,11,4495,0.002447163515016685,0.30864455201819024,0.5,0.6172891040363805,1226,0.2734165923282783,1.0,1
"iteration_1","SCOPE_DATA_COLLECTION",900,44,2710.0,2770.0,1,4547,4249,1315,4609,4296,1318,4535,4219,1294,7,25,24,0.0015411712901805372,0.00589066918001885,0.018209408194233688,0.31071920637210665,0.674100171229514,1.1920335990105315,0.6214384127442133,0.674100171229514,0.794689066007021,0.26923925027563395,0.403176108082484,0.45440494590417313,100.0,100.0,4455,4307,1349,49,7,0,0.010998877665544332,0.00162526120269329,0.0,0.75,0.9,0.5,0.6000000000000001,25.0,25.0,65.0,0.75,0.8,0.5,0.6000000000000001,35.0,25.0,65.0,4202,4187,15,4202,0.003569728700618753,0.6555075174032633,1.0,0.6555075174032633,1642,0.3921662288034392,1.0,1
"iteration_1","SCOPE_DATA_COLLECTION",900,44,2710.0,2770.0,2,4547,4249,1315,4609,4296,1318,4535,4219,1294,7,25,24,0.0015411712901805372,0.00589066918001885,0.018209408194233688,0.31071920637210665,0.674100171229514,1.1920335990105315,0.6214384127442133,0.674100171229514,0.794689066007021,0.26923925027563395,0.403176108082484,0.45440494590417313,100.0,100.0,4455,4307,1349,49,7,0,0.010998877665544332,0.00162526120269329,0.0,0.75,0.9,0.5,0.6000000000000001,25.0,25.0,65.0,0.75,0.8,0.5,0.6000000000000001,35.0,25.0,65.0,1347,1325,22,1347,0.016332590942835932,1.1764363173775445,1.5,0.7842908782516963,594,0.4483018867924528,1.0,1
"iteration_1","SCOPE_DATA_COLLECTION",900,45,2770.0,2830.0,0,4495,4202,1347,4547,4249,1315,4484,4206,1320,11,15,22,0.002447163515016685,0.0035536602700781805,0.01639344262295082,0.3088470045563502,0.6573255420816442,1.1774756019020767,0.6176940091127004,0.6573255420816442,0.7849837346013845,0.27274754683318464,0.3927722301474085,0.4492424242424242,100.0,100.0,4406,4271,1367,47,1,0,0.010667271901951884,2.3413720440177945E-4,0.0,0.75,0.8,0.5,0.6000000000000001,35.0,25.0,65.0,0.4,0.6000000000000001,0.4,0.4,70.0,40.0,65.0,4545,4505,40,4545,0.0088008800880088,0.32255194581904234,0.5,0.6451038916380847,1179,0.26170921198668146,1.0,1
"iteration_1","SCOPE_DATA_COLLECTION",900,45,2770.0,2830.0,1,4495,4202,1347,4547,4249,1315,4484,4206,1320,11,15,22,0.002447163515016685,0.0035536602700781805,0.01639344262295082,0.3088470045563502,0.6573255420816442,1.1774756019020767,0.6176940091127004,0.6573255420816442,0.7849837346013845,0.27274754683318464,0.3927722301474085,0.4492424242424242,100.0,100.0,4406,4271,1367,47,1,0,0.010667271901951884,2.3413720440177945E-4,0.0,0.75,0.8,0.5,0.6000000000000001,35.0,25.0,65.0,0.4,0.6000000000000001,0.4,0.4,70.0,40.0,65.0,4139,4096,43,4139,0.01038898284609809,0.6771076584731944,1.0,0.6771076584731944,1634,0.39892578125,1.0,1
"iteration_1","SCOPE_DATA_COLLECTION",900,45,2770.0,2830.0,2,4495,4202,1347,4547,4249,1315,4484,4206,1320,11,15,22,0.002447163515016685,0.0035536602700781805,0.01639344262295082,0.3088470045563502,0.6573255420816442,1.1774756019020767,0.6176940091127004,0.6573255420816442,0.7849837346013845,0.27274754683318464,0.3927722301474085,0.4492424242424242,100.0,100.0,4406,4271,1367,47,1,0,0.010667271901951884,2.3413720440177945E-4,0.0,0.75,0.8,0.5,0.6000000000000001,35.0,25.0,65.0,0.4,0.6000000000000001,0.4,0.4,70.0,40.0,65.0,1256,1234,22,1256,0.01751592356687898,1.1846665468174464,1.5,0.7897776978782977,545,0.44165316045380876,1.0,1
"iteration_1","SCOPE_DATA_COLLECTION",900,46,2830.0,2890.0,0,4545,4139,1256,4495,4202,1347,4497,4084,1235,40,43,22,0.008816398501212255,0.010419190695420402,0.017501988862370723,0.3220772321819922,0.6770906801035439,1.1819919622999848,0.6441544643639844,0.6770906801035439,0.7879946415333232,0.2606181899043807,0.398873653281097,0.4404858299595142,100.0,100.0,4439,2225,3276,28,2,75,0.0063077269655327775,8.988764044943821E-4,0.022893772893772892,0.4,0.6000000000000001,0.4,0.4,70.0,40.0,65.0,0.4,0.6000000000000001,0.4,0.4,70.0,40.0,65.0,4487,4421,66,4487,0.014709159794963227,0.3403577969524227,0.5,0.6807155939048454,1176,0.2660031667043655,1.0,1
"iteration_1","SCOPE_DATA_COLLECTION",900,46,2830.0,2890.0,1,4545,4139,1256,4495,4202,1347,4497,4084,1235,40,43,22,0.008816398501212255,0.010419190695420402,0.017501988862370723,0.3220772321819922,0.6770906801035439,1.1819919622999848,0.6441544643639844,0.6770906801035439,0.7879946415333232,0.2606181899043807,0.398873653281097,0.4404858299595142,100.0,100.0,4439,2225,3276,28,2,75,0.0063077269655327775,8.988764044943821E-4,0.022893772893772892,0.4,0.6000000000000001,0.4,0.4,70.0,40.0,65.0,0.4,0.6000000000000001,0.4,0.4,70.0,40.0,65.0,4157,4101,56,4157,0.013471253307673804,0.6973498558538606,1.0,0.6973498558538606,1731,0.42209217264081933,1.0,1
"iteration_1","SCOPE_DATA_COLLECTION",900,46,2830.0,2890.0,2,4545,4139,1256,4495,4202,1347,4497,4084,1235,40,43,22,0.008816398501212255,0.010419190695420402,0.017501988862370723,0.3220772321819922,0.6770906801035439,1.1819919622999848,0.6441544643639844,0.6770906801035439,0.7879946415333232,0.2606181899043807,0.398873653281097,0.4404858299595142,100.0,100.0,4439,2225,3276,28,2,75,0.0063077269655327775,8.988764044943821E-4,0.022893772893772892,0.4,0.6000000000000001,0.4,0.4,70.0,40.0,65.0,0.4,0.6000000000000001,0.4,0.4,70.0,40.0,65.0,1262,1235,27,1262,0.021394611727416798,1.212790628063318,1.5,0.8085270853755454,562,0.45506072874493925,1.0,1
"iteration_1","SCOPE_DATA_COLLECTION",900,47,2890.0,2950.0,0,4487,4157,1262,4545,4139,1256,4431,4095,1241,66,56,27,0.01467645096731154,0.013490725126475547,0.021293375394321766,0.34086974313303964,0.6950683245129284,1.219873359345827,0.6817394862660793,0.6950683245129284,0.8132489062305513,0.2676596705032724,0.4205128205128205,0.45769540692989524,97.5,100.0,4434,2147,3325,26,1,122,0.005863779882724403,4.657661853749418E-4,0.03669172932330827,0.4,0.6000000000000001,0.4,0.4,70.0,40.0,65.0,0.30000000000000004,0.7000000000000001,0.4,0.5,80.0,30.0,75.0,4478,4041,437,4478,0.09758820902188477,0.36833036286949167,0.5,0.7366607257389833,1238,0.30635981192774064,1.0,1
"iteration_1","SCOPE_DATA_COLLECTION",900,47,2890.0,2950.0,1,4487,4157,1262,4545,4139,1256,4431,4095,1241,66,56,27,0.01467645096731154,0.013490725126475547,0.021293375394321766,0.34086974313303964,0.6950683245129284,1.219873359345827,0.6817394862660793,0.6950683245129284,0.8132489062305513,0.2676596705032724,0.4205128205128205,0.45769540692989524,97.5,100.0,4434,2147,3325,26,1,122,0.005863779882724403,4.657661853749418E-4,0.03669172932330827,0.4,0.6000000000000001,0.4,0.4,70.0,40.0,65.0,0.30000000000000004,0.7000000000000001,0.4,0.5,80.0,30.0,75.0,4256,3815,441,4256,0.10361842105263158,0.7784431885519779,1.0,0.7784431885519779,1780,0.46657929226736566,1.0,1
"iteration_1","SCOPE_DATA_COLLECTION",900,47,2890.0,2950.0,2,4487,4157,1262,4545,4139,1256,4431,4095,1241,66,56,27,0.01467645096731154,0.013490725126475547,0.021293375394321766,0.34086974313303964,0.6950683245129284,1.219873359345827,0.6817394862660793,0.6950683245129284,0.8132489062305513,0.2676596705032724,0.4205128205128205,0.45769540692989524,97.5,100.0,4434,2147,3325,26,1,122,0.005863779882724403,4.657661853749418E-4,0.03669172932330827,0.4,0.6000000000000001,0.4,0.4,70.0,40.0,65.0,0.30000000000000004,0.7000000000000001,0.4,0.5,80.0,30.0,75.0,1328,1192,136,1328,0.10240963855421686,1.2815976086440841,1.5,0.8543984057627227,567,0.47567114093959734,1.0,1
"iteration_1","SCOPE_DATA_COLLECTION",900,48,2950.0,3010.0,0,4478,4256,1328,4487,4157,1262,4049,3808,1192,437,441,136,0.09741417744092733,0.10378912685337727,0.10240963855421686,0.3641990796700319,0.7709423816406384,1.2706290773281355,0.7283981593400638,0.7709423816406384,0.8470860515520903,0.3067424055322302,0.4653361344537815,0.473993288590604,100.0,100.0,4378,1714,3970,39,1,974,0.008908177249885792,5.834305717619603E-4,0.24534005037783374,0.30000000000000004,0.7000000000000001,0.4,0.5,80.0,30.0,75.0,0.30000000000000004,0.7000000000000001,0.4,0.5,80.0,30.0,75.0,4411,3958,453,4411,0.10269780095216505,0.3756511851729876,0.5,0.7513023703459752,1146,0.28954017180394137,1.0,1
"iteration_1","SCOPE_DATA_COLLECTION",900,48,2950.0,3010.0,1,4478,4256,1328,4487,4157,1262,4049,3808,1192,437,441,136,0.09741417744092733,0.10378912685337727,0.10240963855421686,0.3641990796700319,0.7709423816406384,1.2706290773281355,0.7283981593400638,0.7709423816406384,0.8470860515520903,0.3067424055322302,0.4653361344537815,0.473993288590604,100.0,100.0,4378,1714,3970,39,1,974,0.008908177249885792,5.834305717619603E-4,0.24534005037783374,0.30000000000000004,0.7000000000000001,0.4,0.5,80.0,30.0,75.0,0.30000000000000004,0.7000000000000001,0.4,0.5,80.0,30.0,75.0,4249,3781,468,4249,0.11014356319133914,0.7771441350305699,1.0,0.7771441350305699,1737,0.4594022745305475,1.0,1
"iteration_1","SCOPE_DATA_COLLECTION",900,48,2950.0,3010.0,2,4478,4256,1328,4487,4157,1262,4049,3808,1192,437,441,136,0.09741417744092733,0.10378912685337727,0.10240963855421686,0.3641990796700319,0.7709423816406384,1.2706290773281355,0.7283981593400638,0.7709423816406384,0.8470860515520903,0.3067424055322302,0.4653361344537815,0.473993288590604,100.0,100.0,4378,1714,3970,39,1,974,0.008908177249885792,5.834305717619603E-4,0.24534005037783374,0.30000000000000004,0.7000000000000001,0.4,0.5,80.0,30.0,75.0,0.30000000000000004,0.7000000000000001,0.4,0.5,80.0,30.0,75.0,1345,1191,154,1345,0.11449814126394052,1.3050114842312648,1.5,0.8700076561541765,576,0.4836272040302267,1.0,1
"iteration_1","SCOPE_DATA_COLLECTION",900,49,3010.0,3070.0,0,4411,4249,1345,4478,4256,1328,3964,3794,1187,450,462,146,0.10194834617127323,0.10855263157894737,0.10952738184546136,0.3802251293351125,0.7851515608776038,1.3068513958215742,0.760450258670225,0.7851515608776038,0.8712342638810494,0.28935418768920285,0.46151818661043753,0.481044650379107,97.5,100.0,4379,1648,3978,44,2,1012,0.010047956154373145,0.0012135922330097086,0.25439919557566615,0.30000000000000004,0.7000000000000001,0.4,0.5,80.0,30.0,75.0,0.30000000000000004,0.6000000000000001,0.30000000000000004,0.4,70.0,30.0,65.0,4437,3947,490,4437,0.1104349785891368,0.3561975437305233,0.5,0.7123950874610466,1146,0.29034709906257916,1.0,1
"iteration_1","SCOPE_DATA_COLLECTION",900,49,3010.0,3070.0,1,4411,4249,1345,4478,4256,1328,3964,3794,1187,450,462,146,0.10194834617127323,0.10855263157894737,0.10952738184546136,0.3802251293351125,0.7851515608776038,1.3068513958215742,0.760450258670225,0.7851515608776038,0.8712342638810494,0.28935418768920285,0.46151818661043753,0.481044650379107,97.5,100.0,4379,1648,3978,44,2,1012,0.010047956154373145,0.0012135922330097086,0.25439919557566615,0.30000000000000004,0.7000000000000001,0.4,0.5,80.0,30.0,75.0,0.30000000000000004,0.6000000000000001,0.30000000000000004,0.4,70.0,30.0,65.0,4186,3683,503,4186,0.12016244624940277,0.740573375832596,1.0,0.740573375832596,1655,0.44936193320662504,1.0,1
"iteration_1","SCOPE_DATA_COLLECTION",900,49,3010.0,3070.0,2,4411,4249,1345,4478,4256,1328,3964,3794,1187,450,462,146,0.10194834617127323,0.10855263157894737,0.10952738184546136,0.3802251293351125,0.7851515608776038,1.3068513958215742,0.760450258670225,0.7851515608776038,0.8712342638810494,0.28935418768920285,0.46151818661043753,0.481044650379107,97.5,100.0,4379,1648,3978,44,2,1012,0.010047956154373145,0.0012135922330097086,0.25439919557566615,0.30000000000000004,0.7000000000000001,0.4,0.5,80.0,30.0,75.0,0.30000000000000004,0.6000000000000001,0.30000000000000004,0.4,70.0,30.0,65.0,1317,1160,157,1317,0.11921032649962035,1.3005607617473955,1.5,0.867040507831597,588,0.506896551724138,1.0,1
"iteration_1","SCOPE_DATA_COLLECTION",900,50,3070.0,3130.0,0,4437,4186,1317,4411,4249,1345,3895,3646,1158,493,509,165,0.11235186873290794,0.12250300842358604,0.12471655328798185,0.3481743684621667,0.7359397563735187,1.308999783615876,0.6963487369243334,0.7359397563735187,0.872666522410584,0.28369704749679076,0.44679100383982445,0.5103626943005182,100.0,100.0,4316,1677,3947,34,0,1133,0.007877664504170528,0.0,0.2870534583227768,0.30000000000000004,0.6000000000000001,0.30000000000000004,0.4,70.0,30.0,65.0,0.30000000000000004,0.7000000000000001,0.8,0.30000000000000004,55.0,40.0,95.0,4495,4095,400,4495,0.08898776418242492,0.38570632242191527,0.5,0.7714126448438305,1324,0.32332112332112334,1.0,1
"iteration_1","SCOPE_DATA_COLLECTION",900,50,3070.0,3130.0,1,4437,4186,1317,4411,4249,1345,3895,3646,1158,493,509,165,0.11235186873290794,0.12250300842358604,0.12471655328798185,0.3481743684621667,0.7359397563735187,1.308999783615876,0.6963487369243334,0.7359397563735187,0.872666522410584,0.28369704749679076,0.44679100383982445,0.5103626943005182,100.0,100.0,4316,1677,3947,34,0,1133,0.007877664504170528,0.0,0.2870534583227768,0.30000000000000004,0.6000000000000001,0.30000000000000004,0.4,70.0,30.0,65.0,0.30000000000000004,0.7000000000000001,0.8,0.30000000000000004,55.0,40.0,95.0,4149,3761,388,4149,0.09351651000241022,0.8004884625358041,1.0,0.8004884625358041,1816,0.4828503057697421,1.0,1
"iteration_1","SCOPE_DATA_COLLECTION",900,50,3070.0,3130.0,2,4437,4186,1317,4411,4249,1345,3895,3646,1158,493,509,165,0.11235186873290794,0.12250300842358604,0.12471655328798185,0.3481743684621667,0.7359397563735187,1.308999783615876,0.6963487369243334,0.7359397563735187,0.872666522410584,0.28369704749679076,0.44679100383982445,0.5103626943005182,100.0,100.0,4316,1677,3947,34,0,1133,0.007877664504170528,0.0,0.2870534583227768,0.30000000000000004,0.6000000000000001,0.30000000000000004,0.4,70.0,30.0,65.0,0.30000000000000004,0.7000000000000001,0.8,0.30000000000000004,55.0,40.0,95.0,1293,1177,116,1293,0.0897138437741686,1.270433414919027,1.5,0.846955609946018,575,0.48853016142735767,1.0,1
"iteration_1","SCOPE_DATA_COLLECTION",900,51,3130.0,3190.0,0,4495,4149,1293,4437,4186,1317,4121,3784,1180,400,388,114,0.08847600088476001,0.09300095877277086,0.08809891808346214,0.3902180247657092,0.8002292422143104,1.2667487763221534,0.7804360495314184,0.8002292422143104,0.844499184214769,0.3261344333899539,0.48070824524312894,0.48559322033898306,100.0,100.0,4497,1572,3868,36,1,865,0.008005336891260841,6.361323155216285E-4,0.22362978283350568,0.30000000000000004,0.7000000000000001,0.8,0.30000000000000004,55.0,40.0,95.0,0.4,0.6000000000000001,0.8,0.30000000000000004,65.0,30.0,95.0,4536,4366,170,4536,0.03747795414462081,0.3303178318223225,0.5,0.660635663644645,1187,0.27187356848373795,1.0,1
"iteration_1","SCOPE_DATA_COLLECTION",900,51,3130.0,3190.0,1,4495,4149,1293,4437,4186,1317,4121,3784,1180,400,388,114,0.08847600088476001,0.09300095877277086,0.08809891808346214,0.3902180247657092,0.8002292422143104,1.2667487763221534,0.7804360495314184,0.8002292422143104,0.844499184214769,0.3261344333899539,0.48070824524312894,0.48559322033898306,100.0,100.0,4497,1572,3868,36,1,865,0.008005336891260841,6.361323155216285E-4,0.22362978283350568,0.30000000000000004,0.7000000000000001,0.8,0.30000000000000004,55.0,40.0,95.0,0.4,0.6000000000000001,0.8,0.30000000000000004,65.0,30.0,95.0,4208,4019,189,4208,0.04491444866920152,0.7038600493923318,1.0,0.7038600493923318,1657,0.4122916148295596,1.0,1
"iteration_1","SCOPE_DATA_COLLECTION",900,51,3130.0,3190.0,2,4495,4149,1293,4437,4186,1317,4121,3784,1180,400,388,114,0.08847600088476001,0.09300095877277086,0.08809891808346214,0.3902180247657092,0.8002292422143104,1.2667487763221534,0.7804360495314184,0.8002292422143104,0.844499184214769,0.3261344333899539,0.48070824524312894,0.48559322033898306,100.0,100.0,4497,1572,3868,36,1,865,0.008005336891260841,6.361323155216285E-4,0.22362978283350568,0.30000000000000004,0.7000000000000001,0.8,0.30000000000000004,55.0,40.0,95.0,0.4,0.6000000000000001,0.8,0.30000000000000004,65.0,30.0,95.0,1354,1283,71,1354,0.05243722304283604,1.1969471491919879,1.5,0.7979647661279919,578,0.4505066250974279,1.0,1
"iteration_1","SCOPE_DATA_COLLECTION",900,52,3190.0,3250.0,0,4536,4208,1354,4495,4149,1293,4376,4030,1275,170,189,73,0.03739551253849538,0.04479734534249822,0.05415430267062315,0.33218847576816835,0.7097212002921378,1.1954586743580762,0.6643769515363367,0.7097212002921378,0.7969724495720508,0.273308957952468,0.41712158808933003,0.45019607843137255,100.0,100.0,4439,2207,3452,31,1,400,0.006983554854697004,4.5310376076121433E-4,0.11587485515643106,0.4,0.6000000000000001,0.8,0.30000000000000004,65.0,30.0,95.0,0.4,0.2,0.9,0.2,65.0,45.0,45.0,4473,4393,80,4473,0.017885088307623517,0.3103512482628488,0.5,0.6207024965256976,983,0.22376508081038016,1.0,1
"iteration_1","SCOPE_DATA_COLLECTION",900,52,3190.0,3250.0,1,4536,4208,1354,4495,4149,1293,4376,4030,1275,170,189,73,0.03739551253849538,0.04479734534249822,0.05415430267062315,0.33218847576816835,0.7097212002921378,1.1954586743580762,0.6643769515363367,0.7097212002921378,0.7969724495720508,0.273308957952468,0.41712158808933003,0.45019607843137255,100.0,100.0,4439,2207,3452,31,1,400,0.006983554854697004,4.5310376076121433E-4,0.11587485515643106,0.4,0.6000000000000001,0.8,0.30000000000000004,65.0,30.0,95.0,0.4,0.2,0.9,0.2,65.0,45.0,45.0,4199,4104,95,4199,0.02262443438914027,0.7086107837556624,1.0,0.7086107837556624,1734,0.42251461988304095,1.0,1
"iteration_1","SCOPE_DATA_COLLECTION",900,52,3190.0,3250.0,2,4536,4208,1354,4495,4149,1293,4376,4030,1275,170,189,73,0.03739551253849538,0.04479734534249822,0.05415430267062315,0.33218847576816835,0.7097212002921378,1.1954586743580762,0.6643769515363367,0.7097212002921378,0.7969724495720508,0.273308957952468,0.41712158808933003,0.45019607843137255,100.0,100.0,4439,2207,3452,31,1,400,0.006983554854697004,4.5310376076121433E-4,0.11587485515643106,0.4,0.6000000000000001,0.8,0.30000000000000004,65.0,30.0,95.0,0.4,0.2,0.9,0.2,65.0,45.0,45.0,1335,1285,50,1335,0.03745318352059925,1.206965261055023,1.5,0.8046435073700153,597,0.46459143968871597,1.0,1
"iteration_1","SCOPE_DATA_COLLECTION",900,53,3250.0,3310.0,0,4473,4199,1335,4536,4208,1354,4392,4110,1295,80,95,50,0.017889087656529516,0.022592152199762187,0.03717472118959108,0.3115981787220305,0.7101387802350033,1.2128880731260732,0.623196357444061,0.7101387802350033,0.8085920487507154,0.2260928961748634,0.42384428223844284,0.46795366795366794,100.0,100.0,4436,2156,3415,28,2,195,0.0063119927862939585,9.276437847866419E-4,0.05710102489019034,0.4,0.2,0.9,0.2,65.0,45.0,45.0,0.4,0.1,0.9,0.1,65.0,55.0,35.0,4496,4469,27,4496,0.006005338078291815,0.2936331519651933,0.5,0.5872663039303866,886,0.19825464309688967,1.0,1
"iteration_1","SCOPE_DATA_COLLECTION",900,53,3250.0,3310.0,1,4473,4199,1335,4536,4208,1354,4392,4110,1295,80,95,50,0.017889087656529516,0.022592152199762187,0.03717472118959108,0.3115981787220305,0.7101387802350033,1.2128880731260732,0.623196357444061,0.7101387802350033,0.8085920487507154,0.2260928961748634,0.42384428223844284,0.46795366795366794,100.0,100.0,4436,2156,3415,28,2,195,0.0063119927862939585,9.276437847866419E-4,0.05710102489019034,0.4,0.2,0.9,0.2,65.0,45.0,45.0,0.4,0.1,0.9,0.1,65.0,55.0,35.0,4136,4104,32,4136,0.007736943907156673,0.6911398643784182,1.0,0.6911398643784182,1642,0.40009746588693956,1.0,1
"iteration_1","SCOPE_DATA_COLLECTION",900,53,3250.0,3310.0,2,4473,4199,1335,4536,4208,1354,4392,4110,1295,80,95,50,0.017889087656529516,0.022592152199762187,0.03717472118959108,0.3115981787220305,0.7101387802350033,1.2128880731260732,0.623196357444061,0.7101387802350033,0.8085920487507154,0.2260928961748634,0.42384428223844284,0.46795366795366794,100.0,100.0,4436,2156,3415,28,2,195,0.0063119927862939585,9.276437847866419E-4,0.05710102489019034,0.4,0.2,0.9,0.2,65.0,45.0,45.0,0.4,0.1,0.9,0.1,65.0,55.0,35.0,1354,1335,19,1354,0.014032496307237814,1.1933841512020036,1.5,0.7955894341346691,624,0.46741573033707867,1.0,1
"iteration_1","SCOPE_DATA_COLLECTION",900,54,3310.0,3370.0,0,4496,4136,1354,4473,4199,1335,4470,4098,1331,27,32,18,0.00600400266844563,0.00774818401937046,0.013343217197924388,0.29270134769749173,0.6882131621066764,1.1930604292272065,0.5854026953949835,0.6882131621066764,0.7953736194848043,0.1970917225950783,0.39824304538799415,0.4673178061607814,97.5,100.0,4417,2299,3270,19,2,56,0.004301562146253113,8.699434536755111E-4,0.01712538226299694,0.4,0.1,0.9,0.1,65.0,55.0,35.0,0.4,0.1,0.9,0.2,75.0,45.0,25.0,4443,4383,60,4443,0.01350438892640108,0.2908080944252231,0.5,0.5816161888504462,815,0.18594569929272187,1.0,1
"iteration_1","SCOPE_DATA_COLLECTION",900,54,3310.0,3370.0,1,4496,4136,1354,4473,4199,1335,4470,4098,1331,27,32,18,0.00600400266844563,0.00774818401937046,0.013343217197924388,0.29270134769749173,0.6882131621066764,1.1930604292272065,0.5854026953949835,0.6882131621066764,0.7953736194848043,0.1970917225950783,0.39824304538799415,0.4673178061607814,97.5,100.0,4417,2299,3270,19,2,56,0.004301562146253113,8.699434536755111E-4,0.01712538226299694,0.4,0.1,0.9,0.1,65.0,55.0,35.0,0.4,0.1,0.9,0.2,75.0,45.0,25.0,4201,4136,65,4201,0.015472506546060461,0.7085696040230878,1.0,0.7085696040230878,1738,0.42021276595744683,1.0,1
"iteration_1","SCOPE_DATA_COLLECTION",900,54,3310.0,3370.0,2,4496,4136,1354,4473,4199,1335,4470,4098,1331,27,32,18,0.00600400266844563,0.00774818401937046,0.013343217197924388,0.29270134769749173,0.6882131621066764,1.1930604292272065,0.5854026953949835,0.6882131621066764,0.7953736194848043,0.1970917225950783,0.39824304538799415,0.4673178061607814,97.5,100.0,4417,2299,3270,19,2,56,0.004301562146253113,8.699434536755111E-4,0.01712538226299694,0.4,0.1,0.9,0.1,65.0,55.0,35.0,0.4,0.1,0.9,0.2,75.0,45.0,25.0,1296,1268,28,1296,0.021604938271604937,1.1887814867758701,1.5,0.7925209911839134,585,0.4613564668769716,1.0,1
"iteration_1","SCOPE_DATA_COLLECTION",900,55,3370.0,3430.0,0,4443,4201,1296,4496,4136,1354,4390,4133,1259,60,65,29,0.01348314606741573,0.015483563601715102,0.02251552795031056,0.2922236383075817,0.7080534455277485,1.1869614212384172,0.5844472766151634,0.7080534455277485,0.7913076141589448,0.1888382687927107,0.4195499637067505,0.4598888006354249,97.5,100.0,4406,2224,3310,25,1,128,0.005674080798910576,4.496402877697842E-4,0.03867069486404834,0.4,0.1,0.9,0.2,75.0,45.0,25.0,0.4,0.1,0.9,0.1,75.0,55.0,35.0,4490,4414,76,4490,0.016926503340757237,0.29350826243015254,0.5,0.5870165248603051,882,0.19981875849569553,1.0,1
"iteration_1","SCOPE_DATA_COLLECTION",900,55,3370.0,3430.0,1,4443,4201,1296,4496,4136,1354,4390,4133,1259,60,65,29,0.01348314606741573,0.015483563601715102,0.02251552795031056,0.2922236383075817,0.7080534455277485,1.1869614212384172,0.5844472766151634,0.7080534455277485,0.7913076141589448,0.1888382687927107,0.4195499637067505,0.4598888006354249,97.5,100.0,4406,2224,3310,25,1,128,0.005674080798910576,4.496402877697842E-4,0.03867069486404834,0.4,0.1,0.9,0.2,75.0,45.0,25.0,0.4,0.1,0.9,0.1,75.0,55.0,35.0,4180,4095,85,4180,0.02033492822966507,0.7072381706649011,1.0,0.7072381706649011,1750,0.42735042735042733,1.0,1
"iteration_1","SCOPE_DATA_COLLECTION",900,55,3370.0,3430.0,2,4443,4201,1296,4496,4136,1354,4390,4133,1259,60,65,29,0.01348314606741573,0.015483563601715102,0.02251552795031056,0.2922236383075817,0.7080534455277485,1.1869614212384172,0.5844472766151634,0.7080534455277485,0.7913076141589448,0.1888382687927107,0.4195499637067505,0.4598888006354249,97.5,100.0,4406,2224,3310,25,1,128,0.005674080798910576,4.496402877697842E-4,0.03867069486404834,0.4,0.1,0.9,0.2,75.0,45.0,25.0,0.4,0.1,0.9,0.1,75.0,55.0,35.0,1278,1247,31,1278,0.024256651017214397,1.180136421679345,1.5,0.7867576144528967,567,0.454691259021652,1.0,1
"iteration_1","SCOPE_DATA_COLLECTION",900,56,3430.0,3490.0,0,4490,4180,1278,4443,4201,1296,4409,4099,1263,75,85,31,0.01672613737734166,0.02031548757170172,0.023956723338485315,0.29315390990942086,0.7081988941097115,1.1831521167462968,0.5863078198188417,0.7081988941097115,0.7887680778308646,0.1991381265593105,0.4279092461575994,0.4568487727632621,97.5,100.0,4498,2248,3202,17,1,173,0.00377945753668297,4.4483985765124553E-4,0.05402873204247345,0.4,0.1,0.9,0.1,75.0,55.0,35.0,0.5,0.1,0.8,0.1,75.0,55.0,45.0,4668,4623,45,4668,0.009640102827763496,0.2880028847218444,0.5,0.5760057694436888,983,0.21263248972528662,1.0,1
"iteration_1","SCOPE_DATA_COLLECTION",900,56,3430.0,3490.0,1,4490,4180,1278,4443,4201,1296,4409,4099,1263,75,85,31,0.01672613737734166,0.02031548757170172,0.023956723338485315,0.29315390990942086,0.7081988941097115,1.1831521167462968,0.5863078198188417,0.7081988941097115,0.7887680778308646,0.1991381265593105,0.4279092461575994,0.4568487727632621,97.5,100.0,4498,2248,3202,17,1,173,0.00377945753668297,4.4483985765124553E-4,0.05402873204247345,0.4,0.1,0.9,0.1,75.0,55.0,35.0,0.5,0.1,0.8,0.1,75.0,55.0,45.0,4166,4133,33,4166,0.007921267402784446,0.6970797404354493,1.0,0.6970797404354493,1728,0.4180982337285265,1.0,1
"iteration_1","SCOPE_DATA_COLLECTION",900,56,3430.0,3490.0,2,4490,4180,1278,4443,4201,1296,4409,4099,1263,75,85,31,0.01672613737734166,0.02031548757170172,0.023956723338485315,0.29315390990942086,0.7081988941097115,1.1831521167462968,0.5863078198188417,0.7081988941097115,0.7887680778308646,0.1991381265593105,0.4279092461575994,0.4568487727632621,97.5,100.0,4498,2248,3202,17,1,173,0.00377945753668297,4.4483985765124553E-4,0.05402873204247345,0.4,0.1,0.9,0.1,75.0,55.0,35.0,0.5,0.1,0.8,0.1,75.0,55.0,45.0,1312,1291,21,1312,0.01600609756097561,1.1933236261079048,1.5,0.7955490840719365,607,0.4701781564678544,1.0,1
"iteration_1","SCOPE_DATA_COLLECTION",900,57,3490.0,3550.0,0,4668,4166,1312,4490,4180,1278,4633,4129,1282,46,33,21,0.009831160504381278,0.007928880345987505,0.016116653875671526,0.28794740410831327,0.6936431134766651,1.1832832557127964,0.5758948082166265,0.6936431134766651,0.7888555038085309,0.21174185193179365,0.4163235650278518,0.4656786271450858,97.5,100.0,4572,2785,2789,13,3,84,0.0028433945756780404,0.0010771992818671453,0.030118321979204016,0.5,0.1,0.8,0.1,75.0,55.0,45.0,0.5,0.1,0.8,0.1,75.0,55.0,45.0,4435,4426,9,4435,0.002029312288613303,0.2883340620746238,0.5,0.5766681241492476,914,0.20650700406687755,1.0,1
"iteration_1","SCOPE_DATA_COLLECTION",900,57,3490.0,3550.0,1,4668,4166,1312,4490,4180,1278,4633,4129,1282,46,33,21,0.009831160504381278,0.007928880345987505,0.016116653875671526,0.28794740410831327,0.6936431134766651,1.1832832557127964,0.5758948082166265,0.6936431134766651,0.7888555038085309,0.21174185193179365,0.4163235650278518,0.4656786271450858,97.5,100.0,4572,2785,2789,13,3,84,0.0028433945756780404,0.0010771992818671453,0.030118321979204016,0.5,0.1,0.8,0.1,75.0,55.0,45.0,0.5,0.1,0.8,0.1,75.0,55.0,45.0,4319,4303,16,4319,0.0037045612410280156,0.6800679720865953,1.0,0.6800679720865953,1772,0.4118057169416686,1.0,1
"iteration_1","SCOPE_DATA_COLLECTION",900,57,3490.0,3550.0,2,4668,4166,1312,4490,4180,1278,4633,4129,1282,46,33,21,0.009831160504381278,0.007928880345987505,0.016116653875671526,0.28794740410831327,0.6936431134766651,1.1832832557127964,0.5758948082166265,0.6936431134766651,0.7888555038085309,0.21174185193179365,0.4163235650278518,0.4656786271450858,97.5,100.0,4572,2785,2789,13,3,84,0.0028433945756780404,0.0010771992818671453,0.030118321979204016,0.5,0.1,0.8,0.1,75.0,55.0,45.0,0.5,0.1,0.8,0.1,75.0,55.0,45.0,1381,1376,5,1381,0.003620564808110065,1.1306776234212532,1.5,0.7537850822808355,596,0.4331395348837209,1.0,1
"iteration_1","SCOPE_DATA_COLLECTION",900,58,3550.0,3618.658107232039,0,4435,4319,1381,4668,4166,1312,4423,4308,1380,9,16,5,0.002030685920577617,0.0037002775208140612,0.0036101083032490976,0.2886190103102805,0.6847352330532059,1.1390325198008036,0.577238020620561,0.6847352330532059,0.7593550132005357,0.20687316301153064,0.4141132776230269,0.43623188405797103,100.0,100.0,4468,2886,2781,12,2,16,0.0026857654431512983,6.93000693000693E-4,0.005753326141675656,0.5,0.1,0.8,0.1,75.0,55.0,45.0,0.6000000000000001,0.1,0.8,0.1,85.0,45.0,45.0,3819,3801,2,3803,5.259006047856955E-4,0.291496041997158,0.5,0.582992083994316,831,0.21862667719021311,0.9958104215763289,0
"iteration_1","SCOPE_DATA_COLLECTION",900,58,3550.0,3618.658107232039,1,4435,4319,1381,4668,4166,1312,4423,4308,1380,9,16,5,0.002030685920577617,0.0037002775208140612,0.0036101083032490976,0.2886190103102805,0.6847352330532059,1.1390325198008036,0.577238020620561,0.6847352330532059,0.7593550132005357,0.20687316301153064,0.4141132776230269,0.43623188405797103,100.0,100.0,4468,2886,2781,12,2,16,0.0026857654431512983,6.93000693000693E-4,0.005753326141675656,0.5,0.1,0.8,0.1,75.0,55.0,45.0,0.6000000000000001,0.1,0.8,0.1,85.0,45.0,45.0,3427,3377,13,3390,0.0038348082595870206,0.6807147928172382,1.0,0.6807147928172382,1414,0.4187148356529464,0.9892033848847388,0
"iteration_1","SCOPE_DATA_COLLECTION",900,58,3550.0,3618.658107232039,2,4435,4319,1381,4668,4166,1312,4423,4308,1380,9,16,5,0.002030685920577617,0.0037002775208140612,0.0036101083032490976,0.2886190103102805,0.6847352330532059,1.1390325198008036,0.577238020620561,0.6847352330532059,0.7593550132005357,0.20687316301153064,0.4141132776230269,0.43623188405797103,100.0,100.0,4468,2886,2781,12,2,16,0.0026857654431512983,6.93000693000693E-4,0.005753326141675656,0.5,0.1,0.8,0.1,75.0,55.0,45.0,0.6000000000000001,0.1,0.8,0.1,85.0,45.0,45.0,1095,1065,8,1073,0.007455731593662628,1.124424321530462,1.5,0.7496162143536412,461,0.4328638497652582,0.9799086757990868,0
"iteration_1","SCOPE_DATA_COLLECTION",1000,0,70.0,130.0,0,5765,3878,1205,0,0,0,5706,3796,1163,23,32,22,0.004014662244719846,0.008359456635318705,0.018565400843881856,0.304895207452758,0.665675865382115,1.164428930052624,0.609790414905516,0.665675865382115,0.776285953368416,0.24903610234840518,0.3951527924130664,0.43852106620808257,100.0,100.0,4782,3679,2387,50,8,19,0.010455876202425763,0.0021745039412883935,0.007959782153330541,0.6,0.5,0.7,0.4,85.0,80.0,90.0,0.7000000000000001,0.6000000000000001,0.7000000000000001,0.5,75.0,70.0,95.0,6239,6235,4,6239,6.411283859592883E-4,0.30937064959256294,0.5,0.6187412991851259,1705,0.2734562951082598,1.0,1
"iteration_1","SCOPE_DATA_COLLECTION",1000,0,70.0,130.0,1,5765,3878,1205,0,0,0,5706,3796,1163,23,32,22,0.004014662244719846,0.008359456635318705,0.018565400843881856,0.304895207452758,0.665675865382115,1.164428930052624,0.609790414905516,0.665675865382115,0.776285953368416,0.24903610234840518,0.3951527924130664,0.43852106620808257,100.0,100.0,4782,3679,2387,50,8,19,0.010455876202425763,0.0021745039412883935,0.007959782153330541,0.6,0.5,0.7,0.4,85.0,80.0,90.0,0.7000000000000001,0.6000000000000001,0.7000000000000001,0.5,75.0,70.0,95.0,4099,4085,14,4099,0.0034154671871188093,0.6933795975310798,1.0,0.6933795975310798,1668,0.4083231334149327,1.0,1
"iteration_1","SCOPE_DATA_COLLECTION",1000,0,70.0,130.0,2,5765,3878,1205,0,0,0,5706,3796,1163,23,32,22,0.004014662244719846,0.008359456635318705,0.018565400843881856,0.304895207452758,0.665675865382115,1.164428930052624,0.609790414905516,0.665675865382115,0.776285953368416,0.24903610234840518,0.3951527924130664,0.43852106620808257,100.0,100.0,4782,3679,2387,50,8,19,0.010455876202425763,0.0021745039412883935,0.007959782153330541,0.6,0.5,0.7,0.4,85.0,80.0,90.0,0.7000000000000001,0.6000000000000001,0.7000000000000001,0.5,75.0,70.0,95.0,1328,1300,28,1328,0.02108433734939759,1.0982913968194967,1.5,0.7321942645463312,523,0.4023076923076923,1.0,1
"iteration_1","SCOPE_DATA_COLLECTION",1000,1,130.0,190.0,0,6239,4099,1328,5765,3878,1205,6220,4085,1302,4,14,28,6.426735218508997E-4,0.0034154671871188093,0.021052631578947368,0.30815239544070083,0.6935136522167313,1.1010562286134624,0.6163047908814017,0.6935136522167313,0.7340374857423083,0.27186495176848874,0.40758873929008566,0.4039938556067588,100.0,100.0,4990,4674,2002,43,3,0,0.008617234468937876,6.418485237483953E-4,0.0,0.7000000000000001,0.6000000000000001,0.7000000000000001,0.5,75.0,70.0,95.0,0.6000000000000001,0.7000000000000001,0.6000000000000001,0.6000000000000001,65.0,60.0,85.0,6422,6413,9,6422,0.0014014325755216444,0.31685080715875985,0.5,0.6337016143175197,1871,0.2917511305161391,1.0,1
"iteration_1","SCOPE_DATA_COLLECTION",1000,1,130.0,190.0,1,6239,4099,1328,5765,3878,1205,6220,4085,1302,4,14,28,6.426735218508997E-4,0.0034154671871188093,0.021052631578947368,0.30815239544070083,0.6935136522167313,1.1010562286134624,0.6163047908814017,0.6935136522167313,0.7340374857423083,0.27186495176848874,0.40758873929008566,0.4039938556067588,100.0,100.0,4990,4674,2002,43,3,0,0.008617234468937876,6.418485237483953E-4,0.0,0.7000000000000001,0.6000000000000001,0.7000000000000001,0.5,75.0,70.0,95.0,0.6000000000000001,0.7000000000000001,0.6000000000000001,0.6000000000000001,65.0,60.0,85.0,4144,4126,18,4144,0.004343629343629344,0.6595345317646628,1.0,0.6595345317646628,1577,0.38221037324285023,1.0,1
"iteration_1","SCOPE_DATA_COLLECTION",1000,1,130.0,190.0,2,6239,4099,1328,5765,3878,1205,6220,4085,1302,4,14,28,6.426735218508997E-4,0.0034154671871188093,0.021052631578947368,0.30815239544070083,0.6935136522167313,1.1010562286134624,0.6163047908814017,0.6935136522167313,0.7340374857423083,0.27186495176848874,0.40758873929008566,0.4039938556067588,100.0,100.0,4990,4674,2002,43,3,0,0.008617234468937876,6.418485237483953E-4,0.0,0.7000000000000001,0.6000000000000001,0.7000000000000001,0.5,75.0,70.0,95.0,0.6000000000000001,0.7000000000000001,0.6000000000000001,0.6000000000000001,65.0,60.0,85.0,1359,1338,21,1359,0.01545253863134658,1.1401193683798179,1.5,0.7600795789198785,559,0.41778774289985054,1.0,1
"iteration_1","SCOPE_DATA_COLLECTION",1000,2,190.0,250.0,0,6422,4144,1359,6239,4099,1328,6417,4125,1338,9,18,21,0.0014005602240896359,0.004344677769732078,0.01545253863134658,0.31684181707599796,0.6592822422398241,1.131458329066075,0.6336836341519959,0.6592822422398241,0.7543055527107166,0.2917251051893408,0.3823030303030303,0.4147982062780269,100.0,100.0,5025,4165,2735,44,4,0,0.008756218905472637,9.603841536614646E-4,0.0,0.6000000000000001,0.7000000000000001,0.6000000000000001,0.6000000000000001,65.0,60.0,85.0,0.7000000000000001,0.6000000000000001,0.7000000000000001,0.6000000000000001,65.0,70.0,75.0,6197,6185,12,6197,0.0019364208487978054,0.3110485246669878,0.5,0.6220970493339756,1719,0.27793047696038803,1.0,1
"iteration_1","SCOPE_DATA_COLLECTION",1000,2,190.0,250.0,1,6422,4144,1359,6239,4099,1328,6417,4125,1338,9,18,21,0.0014005602240896359,0.004344677769732078,0.01545253863134658,0.31684181707599796,0.6592822422398241,1.131458329066075,0.6336836341519959,0.6592822422398241,0.7543055527107166,0.2917251051893408,0.3823030303030303,0.4147982062780269,100.0,100.0,5025,4165,2735,44,4,0,0.008756218905472637,9.603841536614646E-4,0.0,0.6000000000000001,0.7000000000000001,0.6000000000000001,0.6000000000000001,65.0,60.0,85.0,0.7000000000000001,0.6000000000000001,0.7000000000000001,0.6000000000000001,65.0,70.0,75.0,4192,4177,15,4192,0.00357824427480916,0.6867035566856512,1.0,0.6867035566856512,1677,0.4014843188891549,1.0,1
"iteration_1","SCOPE_DATA_COLLECTION",1000,2,190.0,250.0,2,6422,4144,1359,6239,4099,1328,6417,4125,1338,9,18,21,0.0014005602240896359,0.004344677769732078,0.01545253863134658,0.31684181707599796,0.6592822422398241,1.131458329066075,0.6336836341519959,0.6592822422398241,0.7543055527107166,0.2917251051893408,0.3823030303030303,0.4147982062780269,100.0,100.0,5025,4165,2735,44,4,0,0.008756218905472637,9.603841536614646E-4,0.0,0.6000000000000001,0.7000000000000001,0.6000000000000001,0.6000000000000001,65.0,60.0,85.0,0.7000000000000001,0.6000000000000001,0.7000000000000001,0.6000000000000001,65.0,70.0,75.0,1308,1289,19,1308,0.01452599388379205,1.1207960902745577,1.5,0.7471973935163718,530,0.41117145073700545,1.0,1
"iteration_1","SCOPE_DATA_COLLECTION",1000,3,250.0,310.0,0,6197,4192,1308,6422,4144,1359,6209,4178,1285,12,15,19,0.0019289503295290146,0.0035773908895778677,0.014570552147239263,0.31284768246190053,0.68732542051775,1.1258476616652555,0.6256953649238011,0.68732542051775,0.750565107776837,0.2807215332581736,0.40114887505983726,0.41245136186770426,100.0,100.0,4977,4717,2003,44,2,0,0.00884066706851517,4.2399830400678397E-4,0.0,0.7000000000000001,0.6000000000000001,0.7000000000000001,0.6000000000000001,65.0,70.0,75.0,0.6000000000000001,0.5,0.7000000000000001,0.6000000000000001,55.0,60.0,85.0,6347,6337,10,6347,0.001575547502757208,0.3121119659912816,0.5,0.6242239319825632,1733,0.27347325232759984,1.0,1
"iteration_1","SCOPE_DATA_COLLECTION",1000,3,250.0,310.0,1,6197,4192,1308,6422,4144,1359,6209,4178,1285,12,15,19,0.0019289503295290146,0.0035773908895778677,0.014570552147239263,0.31284768246190053,0.68732542051775,1.1258476616652555,0.6256953649238011,0.68732542051775,0.750565107776837,0.2807215332581736,0.40114887505983726,0.41245136186770426,100.0,100.0,4977,4717,2003,44,2,0,0.00884066706851517,4.2399830400678397E-4,0.0,0.7000000000000001,0.6000000000000001,0.7000000000000001,0.6000000000000001,65.0,70.0,75.0,0.6000000000000001,0.5,0.7000000000000001,0.6000000000000001,55.0,60.0,85.0,4133,4116,17,4133,0.004113234938301476,0.6738119265064977,1.0,0.6738119265064977,1645,0.39965986394557823,1.0,1
"iteration_1","SCOPE_DATA_COLLECTION",1000,3,250.0,310.0,2,6197,4192,1308,6422,4144,1359,6209,4178,1285,12,15,19,0.0019289503295290146,0.0035773908895778677,0.014570552147239263,0.31284768246190053,0.68732542051775,1.1258476616652555,0.6256953649238011,0.68732542051775,0.750565107776837,0.2807215332581736,0.40114887505983726,0.41245136186770426,100.0,100.0,4977,4717,2003,44,2,0,0.00884066706851517,4.2399830400678397E-4,0.0,0.7000000000000001,0.6000000000000001,0.7000000000000001,0.6000000000000001,65.0,70.0,75.0,0.6000000000000001,0.5,0.7000000000000001,0.6000000000000001,55.0,60.0,85.0,1371,1341,30,1371,0.02188183807439825,1.1509578104651748,1.5,0.7673052069767832,568,0.4235645041014168,1.0,1
"iteration_1","SCOPE_DATA_COLLECTION",1000,4,310.0,370.0,0,6347,4133,1371,6197,4192,1308,6327,4120,1334,10,17,30,0.0015780337699226763,0.004109257916364515,0.021994134897360705,0.3111983996056888,0.6729137000752242,1.1473200281173175,0.6223967992113776,0.6729137000752242,0.7648800187448783,0.27232495653548283,0.39975728155339807,0.42128935532233885,95.0,100.0,5006,4120,2725,51,6,0,0.010187774670395526,0.0014563106796116505,0.0,0.6000000000000001,0.5,0.7000000000000001,0.6000000000000001,55.0,60.0,85.0,0.5,0.4,0.8,0.7000000000000001,45.0,50.0,95.0,6249,6161,88,6249,0.014082253160505681,0.3260673657309215,0.5,0.652134731461843,1765,0.28647946761889304,1.0,1
"iteration_1","SCOPE_DATA_COLLECTION",1000,4,310.0,370.0,1,6347,4133,1371,6197,4192,1308,6327,4120,1334,10,17,30,0.0015780337699226763,0.004109257916364515,0.021994134897360705,0.3111983996056888,0.6729137000752242,1.1473200281173175,0.6223967992113776,0.6729137000752242,0.7648800187448783,0.27232495653548283,0.39975728155339807,0.42128935532233885,95.0,100.0,5006,4120,2725,51,6,0,0.010187774670395526,0.0014563106796116505,0.0,0.6000000000000001,0.5,0.7000000000000001,0.6000000000000001,55.0,60.0,85.0,0.5,0.4,0.8,0.7000000000000001,45.0,50.0,95.0,4306,4245,61,4306,0.014166279609846726,0.7019611050434545,1.0,0.7019611050434545,1735,0.408716136631331,1.0,1
"iteration_1","SCOPE_DATA_COLLECTION",1000,4,310.0,370.0,2,6347,4133,1371,6197,4192,1308,6327,4120,1334,10,17,30,0.0015780337699226763,0.004109257916364515,0.021994134897360705,0.3111983996056888,0.6729137000752242,1.1473200281173175,0.6223967992113776,0.6729137000752242,0.7648800187448783,0.27232495653548283,0.39975728155339807,0.42128935532233885,95.0,100.0,5006,4120,2725,51,6,0,0.010187774670395526,0.0014563106796116505,0.0,0.6000000000000001,0.5,0.7000000000000001,0.6000000000000001,55.0,60.0,85.0,0.5,0.4,0.8,0.7000000000000001,45.0,50.0,95.0,1353,1314,39,1353,0.028824833702882482,1.1399486967206014,1.5,0.7599657978137343,537,0.408675799086758,1.0,1
"iteration_1","SCOPE_DATA_COLLECTION",1000,5,370.0,430.0,0,6249,4306,1353,6347,4133,1371,6165,4255,1325,88,61,39,0.014073244842475612,0.014133456904541241,0.028592375366568914,0.3263189982473815,0.7027278527527548,1.1431983301310806,0.652637996494763,0.7027278527527548,0.7621322200873871,0.28629359286293593,0.408930669800235,0.41132075471698115,97.5,100.0,5037,3507,3364,52,0,136,0.010323605320627358,0.0,0.04042806183115339,0.5,0.4,0.8,0.7000000000000001,45.0,50.0,95.0,0.4,0.30000000000000004,0.7000000000000001,0.7000000000000001,35.0,40.0,95.0,6197,5845,352,6197,0.056801678231402294,0.34637519730326405,0.5,0.6927503946065281,1714,0.2932420872540633,1.0,1
"iteration_1","SCOPE_DATA_COLLECTION",1000,5,370.0,430.0,1,6249,4306,1353,6347,4133,1371,6165,4255,1325,88,61,39,0.014073244842475612,0.014133456904541241,0.028592375366568914,0.3263189982473815,0.7027278527527548,1.1431983301310806,0.652637996494763,0.7027278527527548,0.7621322200873871,0.28629359286293593,0.408930669800235,0.41132075471698115,97.5,100.0,5037,3507,3364,52,0,136,0.010323605320627358,0.0,0.04042806183115339,0.5,0.4,0.8,0.7000000000000001,45.0,50.0,95.0,0.4,0.30000000000000004,0.7000000000000001,0.7000000000000001,35.0,40.0,95.0,4200,3961,239,4200,0.0569047619047619,0.7331927689078775,1.0,0.7331927689078775,1690,0.4266599343600101,1.0,1
"iteration_1","SCOPE_DATA_COLLECTION",1000,5,370.0,430.0,2,6249,4306,1353,6347,4133,1371,6165,4255,1325,88,61,39,0.014073244842475612,0.014133456904541241,0.028592375366568914,0.3263189982473815,0.7027278527527548,1.1431983301310806,0.652637996494763,0.7027278527527548,0.7621322200873871,0.28629359286293593,0.408930669800235,0.41132075471698115,97.5,100.0,5037,3507,3364,52,0,136,0.010323605320627358,0.0,0.04042806183115339,0.5,0.4,0.8,0.7000000000000001,45.0,50.0,95.0,0.4,0.30000000000000004,0.7000000000000001,0.7000000000000001,35.0,40.0,95.0,1387,1271,116,1387,0.083633741888969,1.1911890307057085,1.5,0.7941260204704723,550,0.43273013375295044,1.0,1
"iteration_1","SCOPE_DATA_COLLECTION",1000,6,430.0,490.0,0,6197,4200,1387,6249,4306,1353,5840,3960,1259,352,239,116,0.056847545219638244,0.05691831388425816,0.08436363636363636,0.34529322896112435,0.7315467196927509,1.1846718930644227,0.6905864579222487,0.7315467196927509,0.7897812620429484,0.29212328767123286,0.4265151515151515,0.4289118347895155,97.5,100.0,5068,2739,3977,61,3,643,0.012036306235201263,0.001095290251916758,0.16167965803369375,0.4,0.30000000000000004,0.7000000000000001,0.7000000000000001,35.0,40.0,95.0,0.5,0.4,0.6000000000000001,0.7000000000000001,25.0,40.0,95.0,6209,6124,85,6209,0.013689805121597681,0.31747001852360457,0.5,0.6349400370472091,1651,0.2695950359242325,1.0,1
"iteration_1","SCOPE_DATA_COLLECTION",1000,6,430.0,490.0,1,6197,4200,1387,6249,4306,1353,5840,3960,1259,352,239,116,0.056847545219638244,0.05691831388425816,0.08436363636363636,0.34529322896112435,0.7315467196927509,1.1846718930644227,0.6905864579222487,0.7315467196927509,0.7897812620429484,0.29212328767123286,0.4265151515151515,0.4289118347895155,97.5,100.0,5068,2739,3977,61,3,643,0.012036306235201263,0.001095290251916758,0.16167965803369375,0.4,0.30000000000000004,0.7000000000000001,0.7000000000000001,35.0,40.0,95.0,0.5,0.4,0.6000000000000001,0.7000000000000001,25.0,40.0,95.0,4335,4248,87,4335,0.020069204152249134,0.6804166657284645,1.0,0.6804166657284645,1644,0.3870056497175141,1.0,1
"iteration_1","SCOPE_DATA_COLLECTION",1000,6,430.0,490.0,2,6197,4200,1387,6249,4306,1353,5840,3960,1259,352,239,116,0.056847545219638244,0.05691831388425816,0.08436363636363636,0.34529322896112435,0.7315467196927509,1.1846718930644227,0.6905864579222487,0.7315467196927509,0.7897812620429484,0.29212328767123286,0.4265151515151515,0.4289118347895155,97.5,100.0,5068,2739,3977,61,3,643,0.012036306235201263,0.001095290251916758,0.16167965803369375,0.4,0.30000000000000004,0.7000000000000001,0.7000000000000001,35.0,40.0,95.0,0.5,0.4,0.6000000000000001,0.7000000000000001,25.0,40.0,95.0,1305,1262,43,1305,0.03295019157088123,1.1624280889152996,1.5,0.7749520592768664,536,0.4247226624405705,1.0,1
"iteration_1","SCOPE_DATA_COLLECTION",1000,7,490.0,550.0,0,6209,4335,1305,6197,4200,1387,6130,4243,1259,85,87,43,0.013676588897827836,0.020092378752886837,0.03302611367127496,0.31878474989657785,0.6824636750233465,1.1639143542038008,0.6375694997931557,0.6824636750233465,0.7759429028025339,0.27112561174551386,0.38816874852698563,0.4257347100873709,100.0,100.0,4984,3465,3400,55,7,153,0.011035313001605136,0.00202020202020202,0.045,0.5,0.4,0.6000000000000001,0.7000000000000001,25.0,40.0,95.0,0.6000000000000001,0.5,0.6000000000000001,0.7000000000000001,20.0,30.0,95.0,6237,6228,9,6237,0.001443001443001443,0.31301848603543636,0.5,0.6260369720708727,1718,0.2758509955041747,1.0,1
"iteration_1","SCOPE_DATA_COLLECTION",1000,7,490.0,550.0,1,6209,4335,1305,6197,4200,1387,6130,4243,1259,85,87,43,0.013676588897827836,0.020092378752886837,0.03302611367127496,0.31878474989657785,0.6824636750233465,1.1639143542038008,0.6375694997931557,0.6824636750233465,0.7759429028025339,0.27112561174551386,0.38816874852698563,0.4257347100873709,100.0,100.0,4984,3465,3400,55,7,153,0.011035313001605136,0.00202020202020202,0.045,0.5,0.4,0.6000000000000001,0.7000000000000001,25.0,40.0,95.0,0.6000000000000001,0.5,0.6000000000000001,0.7000000000000001,20.0,30.0,95.0,4183,4168,15,4183,0.0035859431030360986,0.6747473720010582,1.0,0.6747473720010582,1658,0.3977927063339731,1.0,1
"iteration_1","SCOPE_DATA_COLLECTION",1000,7,490.0,550.0,2,6209,4335,1305,6197,4200,1387,6130,4243,1259,85,87,43,0.013676588897827836,0.020092378752886837,0.03302611367127496,0.31878474989657785,0.6824636750233465,1.1639143542038008,0.6375694997931557,0.6824636750233465,0.7759429028025339,0.27112561174551386,0.38816874852698563,0.4257347100873709,100.0,100.0,4984,3465,3400,55,7,153,0.011035313001605136,0.00202020202020202,0.045,0.5,0.4,0.6000000000000001,0.7000000000000001,25.0,40.0,95.0,0.6000000000000001,0.5,0.6000000000000001,0.7000000000000001,20.0,30.0,95.0,1327,1298,29,1327,0.02185380557648832,1.1271836500267902,1.5,0.7514557666845268,539,0.4152542372881356,1.0,1
"iteration_1","SCOPE_DATA_COLLECTION",1000,8,550.0,610.0,0,6237,4183,1327,6209,4335,1305,6219,4173,1299,9,15,29,0.001445086705202312,0.0035816618911174787,0.021837349397590362,0.31246060372680634,0.6766282428915336,1.1306616609772586,0.6249212074536127,0.6766282428915336,0.7537744406515058,0.27528541566168196,0.39851425832734244,0.41647421093148573,100.0,100.0,5001,4075,2671,50,3,0,0.009998000399920015,7.36196319018405E-4,0.0,0.6000000000000001,0.5,0.6000000000000001,0.7000000000000001,20.0,30.0,95.0,0.9500000000000001,0.9,0.4,0.5,40.0,80.0,85.0,6312,6297,15,6312,0.002376425855513308,0.32441129711128674,0.5,0.6488225942225735,1830,0.2906145783706527,1.0,1
"iteration_1","SCOPE_DATA_COLLECTION",1000,8,550.0,610.0,1,6237,4183,1327,6209,4335,1305,6219,4173,1299,9,15,29,0.001445086705202312,0.0035816618911174787,0.021837349397590362,0.31246060372680634,0.6766282428915336,1.1306616609772586,0.6249212074536127,0.6766282428915336,0.7537744406515058,0.27528541566168196,0.39851425832734244,0.41647421093148573,100.0,100.0,5001,4075,2671,50,3,0,0.009998000399920015,7.36196319018405E-4,0.0,0.6000000000000001,0.5,0.6000000000000001,0.7000000000000001,20.0,30.0,95.0,0.9500000000000001,0.9,0.4,0.5,40.0,80.0,85.0,4176,4156,20,4176,0.004789272030651341,0.6568915734611563,1.0,0.6568915734611563,1589,0.38233878729547643,1.0,1
"iteration_1","SCOPE_DATA_COLLECTION",1000,8,550.0,610.0,2,6237,4183,1327,6209,4335,1305,6219,4173,1299,9,15,29,0.001445086705202312,0.0035816618911174787,0.021837349397590362,0.31246060372680634,0.6766282428915336,1.1306616609772586,0.6249212074536127,0.6766282428915336,0.7537744406515058,0.27528541566168196,0.39851425832734244,0.41647421093148573,100.0,100.0,5001,4075,2671,50,3,0,0.009998000399920015,7.36196319018405E-4,0.0,0.6000000000000001,0.5,0.6000000000000001,0.7000000000000001,20.0,30.0,95.0,0.9500000000000001,0.9,0.4,0.5,40.0,80.0,85.0,1316,1300,16,1316,0.0121580547112462,1.1485609565703252,1.5,0.7657073043802168,551,0.4238461538461539,1.0,1
"iteration_1","SCOPE_DATA_COLLECTION",1000,9,610.0,670.0,0,6312,4176,1316,6237,4183,1327,6299,4147,1308,15,20,16,0.0023756731073804245,0.004799616030717543,0.012084592145015106,0.3247069895095441,0.6553726704063993,1.1530927131420527,0.6494139790190882,0.6553726704063993,0.7687284754280351,0.2905223051277981,0.38123945020496747,0.42660550458715596,100.0,100.0,4978,6492,334,46,5,0,0.009240658899156288,7.701786814540973E-4,0.0,0.9500000000000001,0.9,0.4,0.5,40.0,80.0,85.0,0.45,0.30000000000000004,0.2,0.30000000000000004,35.0,90.0,40.0,6181,5975,206,6181,0.0333279404627083,0.30849183573160266,0.5,0.6169836714632053,1473,0.24652719665271966,1.0,1
"iteration_1","SCOPE_DATA_COLLECTION",1000,9,610.0,670.0,1,6312,4176,1316,6237,4183,1327,6299,4147,1308,15,20,16,0.0023756731073804245,0.004799616030717543,0.012084592145015106,0.3247069895095441,0.6553726704063993,1.1530927131420527,0.6494139790190882,0.6553726704063993,0.7687284754280351,0.2905223051277981,0.38123945020496747,0.42660550458715596,100.0,100.0,4978,6492,334,46,5,0,0.009240658899156288,7.701786814540973E-4,0.0,0.9500000000000001,0.9,0.4,0.5,40.0,80.0,85.0,0.45,0.30000000000000004,0.2,0.30000000000000004,35.0,90.0,40.0,4165,4028,137,4165,0.03289315726290516,0.6475126286357952,1.0,0.6475126286357952,1562,0.38778550148957297,1.0,1
"iteration_1","SCOPE_DATA_COLLECTION",1000,9,610.0,670.0,2,6312,4176,1316,6237,4183,1327,6299,4147,1308,15,20,16,0.0023756731073804245,0.004799616030717543,0.012084592145015106,0.3247069895095441,0.6553726704063993,1.1530927131420527,0.6494139790190882,0.6553726704063993,0.7687284754280351,0.2905223051277981,0.38123945020496747,0.42660550458715596,100.0,100.0,4978,6492,334,46,5,0,0.009240658899156288,7.701786814540973E-4,0.0,0.9500000000000001,0.9,0.4,0.5,40.0,80.0,85.0,0.45,0.30000000000000004,0.2,0.30000000000000004,35.0,90.0,40.0,1332,1264,68,1332,0.05105105105105105,1.1337680202126532,1.5,0.7558453468084355,533,0.42167721518987344,1.0,1
"iteration_1","SCOPE_DATA_COLLECTION",1000,10,670.0,730.0,0,6181,4165,1332,6312,4176,1316,5968,4033,1263,206,137,68,0.03336572724327826,0.0328537170263789,0.05108940646130729,0.3091170210285585,0.6486123443474727,1.133099409850509,0.618234042057117,0.6486123443474727,0.755399606567006,0.24849195710455765,0.3885445078105629,0.42042755344418054,97.5,100.0,4844,3060,3774,23,1,387,0.004748142031379026,3.26797385620915E-4,0.10254372019077901,0.45,0.30000000000000004,0.2,0.30000000000000004,35.0,90.0,40.0,0.35000000000000003,0.4,0.1,0.2,25.0,90.0,50.0,6131,4778,1353,6131,0.2206817811123797,0.38820738137033484,0.5,0.7764147627406697,1584,0.33151946421096695,1.0,1
"iteration_1","SCOPE_DATA_COLLECTION",1000,10,670.0,730.0,1,6181,4165,1332,6312,4176,1316,5968,4033,1263,206,137,68,0.03336572724327826,0.0328537170263789,0.05108940646130729,0.3091170210285585,0.6486123443474727,1.133099409850509,0.618234042057117,0.6486123443474727,0.755399606567006,0.24849195710455765,0.3885445078105629,0.42042755344418054,97.5,100.0,4844,3060,3774,23,1,387,0.004748142031379026,3.26797385620915E-4,0.10254372019077901,0.45,0.30000000000000004,0.2,0.30000000000000004,35.0,90.0,40.0,0.35000000000000003,0.4,0.1,0.2,25.0,90.0,50.0,4298,3358,940,4298,0.2187063750581666,0.7390733760196511,1.0,0.7390733760196511,1547,0.46069088743299585,1.0,1
"iteration_1","SCOPE_DATA_COLLECTION",1000,10,670.0,730.0,2,6181,4165,1332,6312,4176,1316,5968,4033,1263,206,137,68,0.03336572724327826,0.0328537170263789,0.05108940646130729,0.3091170210285585,0.6486123443474727,1.133099409850509,0.618234042057117,0.6486123443474727,0.755399606567006,0.24849195710455765,0.3885445078105629,0.42042755344418054,97.5,100.0,4844,3060,3774,23,1,387,0.004748142031379026,3.26797385620915E-4,0.10254372019077901,0.45,0.30000000000000004,0.2,0.30000000000000004,35.0,90.0,40.0,0.35000000000000003,0.4,0.1,0.2,25.0,90.0,50.0,1426,1108,318,1426,0.22300140252454417,1.3491735620562442,1.5,0.8994490413708295,594,0.5361010830324909,1.0,1
"iteration_1","SCOPE_DATA_COLLECTION",1000,11,730.0,790.0,0,6131,4298,1426,6181,4165,1332,4789,3359,1106,1353,940,318,0.22028655161185282,0.21865550127936728,0.22331460674157302,0.38731055178824614,0.7399365923182304,1.3433079146485194,0.7746211035764923,0.7399365923182304,0.8955386097656796,0.32866986844852786,0.4617445668353677,0.5334538878842676,100.0,100.0,4681,2426,4748,17,2,2592,0.003631702627643666,8.244023083264633E-4,0.5459140690817186,0.35000000000000003,0.4,0.1,0.2,25.0,90.0,50.0,0.45,0.4,0.2,0.30000000000000004,20.0,95.0,60.0,6312,6166,146,6312,0.023130544993662863,0.32480308249675993,0.5,0.6496061649935199,1684,0.2731106065520597,1.0,1
"iteration_1","SCOPE_DATA_COLLECTION",1000,11,730.0,790.0,1,6131,4298,1426,6181,4165,1332,4789,3359,1106,1353,940,318,0.22028655161185282,0.21865550127936728,0.22331460674157302,0.38731055178824614,0.7399365923182304,1.3433079146485194,0.7746211035764923,0.7399365923182304,0.8955386097656796,0.32866986844852786,0.4617445668353677,0.5334538878842676,100.0,100.0,4681,2426,4748,17,2,2592,0.003631702627643666,8.244023083264633E-4,0.5459140690817186,0.35000000000000003,0.4,0.1,0.2,25.0,90.0,50.0,0.45,0.4,0.2,0.30000000000000004,20.0,95.0,60.0,4127,4035,92,4127,0.022292221952992488,0.640962338652709,1.0,0.640962338652709,1541,0.381908302354399,1.0,1
"iteration_1","SCOPE_DATA_COLLECTION",1000,11,730.0,790.0,2,6131,4298,1426,6181,4165,1332,4789,3359,1106,1353,940,318,0.22028655161185282,0.21865550127936728,0.22331460674157302,0.38731055178824614,0.7399365923182304,1.3433079146485194,0.7746211035764923,0.7399365923182304,0.8955386097656796,0.32866986844852786,0.4617445668353677,0.5334538878842676,100.0,100.0,4681,2426,4748,17,2,2592,0.003631702627643666,8.244023083264633E-4,0.5459140690817186,0.35000000000000003,0.4,0.1,0.2,25.0,90.0,50.0,0.45,0.4,0.2,0.30000000000000004,20.0,95.0,60.0,1329,1289,40,1329,0.030097817908201655,1.1174063771634475,1.5,0.7449375847756317,531,0.41194724592707527,1.0,1
"iteration_1","SCOPE_DATA_COLLECTION",1000,12,790.0,850.0,0,6312,4127,1329,6131,4298,1426,6166,4033,1285,146,92,40,0.023130544993662863,0.022303030303030304,0.03018867924528302,0.32489234499445924,0.6416927928516847,1.125639185620126,0.6497846899889185,0.6416927928516847,0.7504261237467507,0.2742458644177749,0.3813538308951153,0.4155642023346304,100.0,100.0,4934,3071,3763,25,1,252,0.005066882853668423,3.2562683165092806E-4,0.06696784480467712,0.45,0.4,0.2,0.30000000000000004,20.0,95.0,60.0,0.35000000000000003,0.5,0.2,0.2,20.0,85.0,70.0,6204,5315,889,6204,0.14329464861379754,0.38634337785716255,0.5,0.7726867557143251,1768,0.3326434619002822,1.0,1
"iteration_1","SCOPE_DATA_COLLECTION",1000,12,790.0,850.0,1,6312,4127,1329,6131,4298,1426,6166,4033,1285,146,92,40,0.023130544993662863,0.022303030303030304,0.03018867924528302,0.32489234499445924,0.6416927928516847,1.125639185620126,0.6497846899889185,0.6416927928516847,0.7504261237467507,0.2742458644177749,0.3813538308951153,0.4155642023346304,100.0,100.0,4934,3071,3763,25,1,252,0.005066882853668423,3.2562683165092806E-4,0.06696784480467712,0.45,0.4,0.2,0.30000000000000004,20.0,95.0,60.0,0.35000000000000003,0.5,0.2,0.2,20.0,85.0,70.0,4244,3622,622,4244,0.146559849198869,0.7457655383749866,1.0,0.7457655383749866,1659,0.45803423522915515,1.0,1
"iteration_1","SCOPE_DATA_COLLECTION",1000,12,790.0,850.0,2,6312,4127,1329,6131,4298,1426,6166,4033,1285,146,92,40,0.023130544993662863,0.022303030303030304,0.03018867924528302,0.32489234499445924,0.6416927928516847,1.125639185620126,0.6497846899889185,0.6416927928516847,0.7504261237467507,0.2742458644177749,0.3813538308951153,0.4155642023346304,100.0,100.0,4934,3071,3763,25,1,252,0.005066882853668423,3.2562683165092806E-4,0.06696784480467712,0.45,0.4,0.2,0.30000000000000004,20.0,95.0,60.0,0.35000000000000003,0.5,0.2,0.2,20.0,85.0,70.0,1326,1090,236,1326,0.1779788838612368,1.296430466507225,1.5,0.8642869776714833,543,0.4981651376146789,1.0,1
"iteration_1","SCOPE_DATA_COLLECTION",1000,13,850.0,910.0,0,6204,4244,1326,6312,4127,1329,5322,3623,1098,884,615,232,0.14244279729294232,0.1451156205757433,0.17443609022556392,0.386148478699926,0.7411587657644577,1.2852855629981719,0.772296957399852,0.7411587657644577,0.8568570419987812,0.33183013904547165,0.4551476676787193,0.49271402550091076,100.0,100.0,4863,2365,4546,20,5,1706,0.004112687641373638,0.0021141649048625794,0.3752749670039595,0.35000000000000003,0.5,0.2,0.2,20.0,85.0,70.0,0.35000000000000003,0.5,0.2,0.2,20.0,85.0,70.0,6139,5445,694,6139,0.11304772764293859,0.39329951584836503,0.5,0.7865990316967301,1866,0.3426997245179063,1.0,1
"iteration_1","SCOPE_DATA_COLLECTION",1000,13,850.0,910.0,1,6204,4244,1326,6312,4127,1329,5322,3623,1098,884,615,232,0.14244279729294232,0.1451156205757433,0.17443609022556392,0.386148478699926,0.7411587657644577,1.2852855629981719,0.772296957399852,0.7411587657644577,0.8568570419987812,0.33183013904547165,0.4551476676787193,0.49271402550091076,100.0,100.0,4863,2365,4546,20,5,1706,0.004112687641373638,0.0021141649048625794,0.3752749670039595,0.35000000000000003,0.5,0.2,0.2,20.0,85.0,70.0,0.35000000000000003,0.5,0.2,0.2,20.0,85.0,70.0,4074,3594,480,4074,0.11782032400589101,0.7331299277147122,1.0,0.7331299277147122,1565,0.43544796883695047,1.0,1
"iteration_1","SCOPE_DATA_COLLECTION",1000,13,850.0,910.0,2,6204,4244,1326,6312,4127,1329,5322,3623,1098,884,615,232,0.14244279729294232,0.1451156205757433,0.17443609022556392,0.386148478699926,0.7411587657644577,1.2852855629981719,0.772296957399852,0.7411587657644577,0.8568570419987812,0.33183013904547165,0.4551476676787193,0.49271402550091076,100.0,100.0,4863,2365,4546,20,5,1706,0.004112687641373638,0.0021141649048625794,0.3752749670039595,0.35000000000000003,0.5,0.2,0.2,20.0,85.0,70.0,0.35000000000000003,0.5,0.2,0.2,20.0,85.0,70.0,1315,1127,188,1315,0.1429657794676806,1.2957524334226753,1.5,0.8638349556151169,558,0.4951197870452529,1.0,1
"iteration_1","SCOPE_DATA_COLLECTION",1000,14,910.0,970.0,0,6139,4074,1315,6204,4244,1326,5415,3573,1132,699,485,188,0.11432777232580962,0.11951700344997536,0.14242424242424243,0.38506242761403425,0.7273415851369597,1.2975267954219116,0.7701248552280685,0.7273415851369597,0.8650178636146078,0.33924284395198523,0.4346487545479989,0.49646643109540634,97.5,100.0,4864,2380,4284,15,2,1355,0.0030838815789473685,8.403361344537816E-4,0.31629318394024275,0.35000000000000003,0.5,0.2,0.2,20.0,85.0,70.0,0.45,0.6000000000000001,0.2,0.1,30.0,75.0,60.0,6237,5954,283,6237,0.04537437870771204,0.3562094612725046,0.5,0.7124189225450092,1869,0.3139066174000672,1.0,1
"iteration_1","SCOPE_DATA_COLLECTION",1000,14,910.0,970.0,1,6139,4074,1315,6204,4244,1326,5415,3573,1132,699,485,188,0.11432777232580962,0.11951700344997536,0.14242424242424243,0.38506242761403425,0.7273415851369597,1.2975267954219116,0.7701248552280685,0.7273415851369597,0.8650178636146078,0.33924284395198523,0.4346487545479989,0.49646643109540634,97.5,100.0,4864,2380,4284,15,2,1355,0.0030838815789473685,8.403361344537816E-4,0.31629318394024275,0.35000000000000003,0.5,0.2,0.2,20.0,85.0,70.0,0.45,0.6000000000000001,0.2,0.1,30.0,75.0,60.0,4150,3977,173,4150,0.04168674698795181,0.6730840223111264,1.0,0.6730840223111264,1558,0.3917525773195876,1.0,1
"iteration_1","SCOPE_DATA_COLLECTION",1000,14,910.0,970.0,2,6139,4074,1315,6204,4244,1326,5415,3573,1132,699,485,188,0.11432777232580962,0.11951700344997536,0.14242424242424243,0.38506242761403425,0.7273415851369597,1.2975267954219116,0.7701248552280685,0.7273415851369597,0.8650178636146078,0.33924284395198523,0.4346487545479989,0.49646643109540634,97.5,100.0,4864,2380,4284,15,2,1355,0.0030838815789473685,8.403361344537816E-4,0.31629318394024275,0.35000000000000003,0.5,0.2,0.2,20.0,85.0,70.0,0.45,0.6000000000000001,0.2,0.1,30.0,75.0,60.0,1347,1301,46,1347,0.03414996288047513,1.1608693992809085,1.5,0.773912932853939,571,0.4388931591083782,1.0,1
"iteration_1","SCOPE_DATA_COLLECTION",1000,15,970.0,1030.0,0,6237,4150,1347,6139,4074,1315,5976,3995,1282,283,175,50,0.04521489055759706,0.04196642685851319,0.03753753753753754,0.3639623797818721,0.6804329877725411,1.1563577079034932,0.7279247595637443,0.6804329877725411,0.7709051386023288,0.3176037483266399,0.39474342928660827,0.437597503900156,100.0,100.0,4871,3040,3823,13,0,495,0.0026688564976390886,0.0,0.12947946638765367,0.45,0.6000000000000001,0.2,0.1,30.0,75.0,60.0,0.7000000000000001,0.1,0.8,0.4,40.0,35.0,85.0,6237,6221,16,6237,0.002565335898669232,0.2953441352400309,0.5,0.5906882704800618,1515,0.24352997910303809,1.0,1
"iteration_1","SCOPE_DATA_COLLECTION",1000,15,970.0,1030.0,1,6237,4150,1347,6139,4074,1315,5976,3995,1282,283,175,50,0.04521489055759706,0.04196642685851319,0.03753753753753754,0.3639623797818721,0.6804329877725411,1.1563577079034932,0.7279247595637443,0.6804329877725411,0.7709051386023288,0.3176037483266399,0.39474342928660827,0.437597503900156,100.0,100.0,4871,3040,3823,13,0,495,0.0026688564976390886,0.0,0.12947946638765367,0.45,0.6000000000000001,0.2,0.1,30.0,75.0,60.0,0.7000000000000001,0.1,0.8,0.4,40.0,35.0,85.0,4123,4093,30,4123,0.007276255154014068,0.6732871745703032,1.0,0.6732871745703032,1635,0.3994624969460054,1.0,1
"iteration_1","SCOPE_DATA_COLLECTION",1000,15,970.0,1030.0,2,6237,4150,1347,6139,4074,1315,5976,3995,1282,283,175,50,0.04521489055759706,0.04196642685851319,0.03753753753753754,0.3639623797818721,0.6804329877725411,1.1563577079034932,0.7279247595637443,0.6804329877725411,0.7709051386023288,0.3176037483266399,0.39474342928660827,0.437597503900156,100.0,100.0,4871,3040,3823,13,0,495,0.0026688564976390886,0.0,0.12947946638765367,0.45,0.6000000000000001,0.2,0.1,30.0,75.0,60.0,0.7000000000000001,0.1,0.8,0.4,40.0,35.0,85.0,1398,1378,20,1398,0.01430615164520744,1.142725522663361,1.5,0.7618170151089073,591,0.4288824383164006,1.0,1
"iteration_1","SCOPE_DATA_COLLECTION",1000,16,1030.0,1090.0,0,6237,4123,1398,6237,4150,1347,6220,4087,1385,14,30,20,0.002245749117741418,0.0072868593636142825,0.014234875444839857,0.29556888580396085,0.6719113445392104,1.1458924644952042,0.5911377716079217,0.6719113445392104,0.7639283096634695,0.24356913183279744,0.3980915096647908,0.43032490974729243,97.5,100.0,5075,4664,2019,40,3,21,0.007881773399014778,6.432246998284735E-4,0.010401188707280832,0.7000000000000001,0.1,0.8,0.4,40.0,35.0,85.0,0.8,0.2,0.7000000000000001,0.5,40.0,25.0,95.0,6322,6312,10,6322,0.0015817779183802593,0.2923957955333935,0.5,0.584791591066787,1525,0.24160329531051963,1.0,1
"iteration_1","SCOPE_DATA_COLLECTION",1000,16,1030.0,1090.0,1,6237,4123,1398,6237,4150,1347,6220,4087,1385,14,30,20,0.002245749117741418,0.0072868593636142825,0.014234875444839857,0.29556888580396085,0.6719113445392104,1.1458924644952042,0.5911377716079217,0.6719113445392104,0.7639283096634695,0.24356913183279744,0.3980915096647908,0.43032490974729243,97.5,100.0,5075,4664,2019,40,3,21,0.007881773399014778,6.432246998284735E-4,0.010401188707280832,0.7000000000000001,0.1,0.8,0.4,40.0,35.0,85.0,0.8,0.2,0.7000000000000001,0.5,40.0,25.0,95.0,4223,4202,21,4223,0.0049727681742836845,0.6591991999566884,1.0,0.6591991999566884,1632,0.38838648262732034,1.0,1
"iteration_1","SCOPE_DATA_COLLECTION",1000,16,1030.0,1090.0,2,6237,4123,1398,6237,4150,1347,6220,4087,1385,14,30,20,0.002245749117741418,0.0072868593636142825,0.014234875444839857,0.29556888580396085,0.6719113445392104,1.1458924644952042,0.5911377716079217,0.6719113445392104,0.7639283096634695,0.24356913183279744,0.3980915096647908,0.43032490974729243,97.5,100.0,5075,4664,2019,40,3,21,0.007881773399014778,6.432246998284735E-4,0.010401188707280832,0.7000000000000001,0.1,0.8,0.4,40.0,35.0,85.0,0.8,0.2,0.7000000000000001,0.5,40.0,25.0,95.0,1377,1359,18,1377,0.013071895424836602,1.133353713642245,1.5,0.7555691424281633,574,0.42236938925680645,1.0,1
"iteration_1","SCOPE_DATA_COLLECTION",1000,17,1090.0,1150.0,0,6322,4223,1377,6237,4123,1398,6311,4214,1367,12,21,18,0.0018978333069745374,0.0049586776859504135,0.012996389891696752,0.29219653616571656,0.6601601327784008,1.1397516597203576,0.5843930723314331,0.6601601327784008,0.7598344398135718,0.24084931072730154,0.38870431893687707,0.4250182882223848,100.0,100.0,5025,5493,1404,44,7,0,0.008756218905472637,0.0012743491716730383,0.0,0.8,0.2,0.7000000000000001,0.5,40.0,25.0,95.0,0.7000000000000001,0.30000000000000004,0.7000000000000001,0.6000000000000001,30.0,35.0,95.0,6295,6283,12,6295,0.0019062748212867356,0.30053654170185945,0.5,0.6010730834037189,1613,0.25672449466815217,1.0,1
"iteration_1","SCOPE_DATA_COLLECTION",1000,17,1090.0,1150.0,1,6322,4223,1377,6237,4123,1398,6311,4214,1367,12,21,18,0.0018978333069745374,0.0049586776859504135,0.012996389891696752,0.29219653616571656,0.6601601327784008,1.1397516597203576,0.5843930723314331,0.6601601327784008,0.7598344398135718,0.24084931072730154,0.38870431893687707,0.4250182882223848,100.0,100.0,5025,5493,1404,44,7,0,0.008756218905472637,0.0012743491716730383,0.0,0.8,0.2,0.7000000000000001,0.5,40.0,25.0,95.0,0.7000000000000001,0.30000000000000004,0.7000000000000001,0.6000000000000001,30.0,35.0,95.0,4125,4101,24,4125,0.005818181818181818,0.657754774181685,1.0,0.657754774181685,1581,0.38551572787125093,1.0,1
"iteration_1","SCOPE_DATA_COLLECTION",1000,17,1090.0,1150.0,2,6322,4223,1377,6237,4123,1398,6311,4214,1367,12,21,18,0.0018978333069745374,0.0049586776859504135,0.012996389891696752,0.29219653616571656,0.6601601327784008,1.1397516597203576,0.5843930723314331,0.6601601327784008,0.7598344398135718,0.24084931072730154,0.38870431893687707,0.4250182882223848,100.0,100.0,5025,5493,1404,44,7,0,0.008756218905472637,0.0012743491716730383,0.0,0.8,0.2,0.7000000000000001,0.5,40.0,25.0,95.0,0.7000000000000001,0.30000000000000004,0.7000000000000001,0.6000000000000001,30.0,35.0,95.0,1383,1366,17,1383,0.012292118582791034,1.1835365003482672,1.5,0.7890243335655115,604,0.44216691068814057,1.0,1
"iteration_1","SCOPE_DATA_COLLECTION",1000,18,1150.0,1210.0,0,6295,4125,1383,6322,4223,1377,6283,4093,1355,12,24,17,0.0019062748212867356,0.005829487490891426,0.01239067055393586,0.2994354176172612,0.655389030553742,1.17219949225544,0.5988708352345224,0.655389030553742,0.7814663281702933,0.25561037720833996,0.38529196188614706,0.43690036900369006,97.5,100.0,4974,4734,2095,49,4,0,0.009851226377161239,8.449514152936206E-4,0.0,0.7000000000000001,0.30000000000000004,0.7000000000000001,0.6000000000000001,30.0,35.0,95.0,0.6000000000000001,0.4,0.8,0.7000000000000001,30.0,25.0,95.0,6214,6177,37,6214,0.005954296749275828,0.311253218565843,0.5,0.622506437131686,1657,0.2682531973449895,1.0,1
"iteration_1","SCOPE_DATA_COLLECTION",1000,18,1150.0,1210.0,1,6295,4125,1383,6322,4223,1377,6283,4093,1355,12,24,17,0.0019062748212867356,0.005829487490891426,0.01239067055393586,0.2994354176172612,0.655389030553742,1.17219949225544,0.5988708352345224,0.655389030553742,0.7814663281702933,0.25561037720833996,0.38529196188614706,0.43690036900369006,97.5,100.0,4974,4734,2095,49,4,0,0.009851226377161239,8.449514152936206E-4,0.0,0.7000000000000001,0.30000000000000004,0.7000000000000001,0.6000000000000001,30.0,35.0,95.0,0.6000000000000001,0.4,0.8,0.7000000000000001,30.0,25.0,95.0,4081,4030,51,4081,0.012496937025238911,0.6737997076831945,1.0,0.6737997076831945,1598,0.3965260545905707,1.0,1
"iteration_1","SCOPE_DATA_COLLECTION",1000,18,1150.0,1210.0,2,6295,4125,1383,6322,4223,1377,6283,4093,1355,12,24,17,0.0019062748212867356,0.005829487490891426,0.01239067055393586,0.2994354176172612,0.655389030553742,1.17219949225544,0.5988708352345224,0.655389030553742,0.7814663281702933,0.25561037720833996,0.38529196188614706,0.43690036900369006,97.5,100.0,4974,4734,2095,49,4,0,0.009851226377161239,8.449514152936206E-4,0.0,0.7000000000000001,0.30000000000000004,0.7000000000000001,0.6000000000000001,30.0,35.0,95.0,0.6000000000000001,0.4,0.8,0.7000000000000001,30.0,25.0,95.0,1361,1330,31,1361,0.022777369581190303,1.121463054682272,1.5,0.747642036454848,548,0.4120300751879699,1.0,1
"iteration_1","SCOPE_DATA_COLLECTION",1000,19,1210.0,1270.0,0,6214,4081,1361,6295,4125,1383,6177,4032,1343,37,51,31,0.005954296749275828,0.012490815576781777,0.022561863173216887,0.3126159872668787,0.6754414819569776,1.1308909252946344,0.6252319745337575,0.6754414819569776,0.7539272835297562,0.27068156062813664,0.39657738095238093,0.4162323157110946,100.0,100.0,4986,3950,2720,61,3,55,0.012234255916566386,7.594936708860759E-4,0.02022058823529412,0.6000000000000001,0.4,0.8,0.7000000000000001,30.0,25.0,95.0,0.8500000000000001,0.30000000000000004,0.8,0.9,40.0,50.0,35.0,6328,6316,12,6328,0.0018963337547408343,0.2952761638636467,0.5,0.5905523277272934,1574,0.24920835972134261,1.0,1
"iteration_1","SCOPE_DATA_COLLECTION",1000,19,1210.0,1270.0,1,6214,4081,1361,6295,4125,1383,6177,4032,1343,37,51,31,0.005954296749275828,0.012490815576781777,0.022561863173216887,0.3126159872668787,0.6754414819569776,1.1308909252946344,0.6252319745337575,0.6754414819569776,0.7539272835297562,0.27068156062813664,0.39657738095238093,0.4162323157110946,100.0,100.0,4986,3950,2720,61,3,55,0.012234255916566386,7.594936708860759E-4,0.02022058823529412,0.6000000000000001,0.4,0.8,0.7000000000000001,30.0,25.0,95.0,0.8500000000000001,0.30000000000000004,0.8,0.9,40.0,50.0,35.0,4270,4251,19,4270,0.004449648711943794,0.6676147915221026,1.0,0.6676147915221026,1663,0.39120207010115265,1.0,1
"iteration_1","SCOPE_DATA_COLLECTION",1000,19,1210.0,1270.0,2,6214,4081,1361,6295,4125,1383,6177,4032,1343,37,51,31,0.005954296749275828,0.012490815576781777,0.022561863173216887,0.3126159872668787,0.6754414819569776,1.1308909252946344,0.6252319745337575,0.6754414819569776,0.7539272835297562,0.27068156062813664,0.39657738095238093,0.4162323157110946,100.0,100.0,4986,3950,2720,61,3,55,0.012234255916566386,7.594936708860759E-4,0.02022058823529412,0.6000000000000001,0.4,0.8,0.7000000000000001,30.0,25.0,95.0,0.8500000000000001,0.30000000000000004,0.8,0.9,40.0,50.0,35.0,1327,1310,17,1327,0.01281085154483798,1.1375224620723796,1.5,0.758348308048253,549,0.41908396946564885,1.0,1
"iteration_1","SCOPE_DATA_COLLECTION",1000,20,1270.0,1330.0,0,6328,4270,1327,6214,4081,1361,6308,4243,1310,12,19,17,0.0018987341772151898,0.004458000938526514,0.01281085154483798,0.29409955092289725,0.6667069359691017,1.141590844251977,0.5881991018457945,0.6667069359691017,0.7610605628346514,0.2482561826252378,0.3909969361300966,0.4213740458015267,97.5,100.0,5027,5872,1026,41,7,0,0.008155957827730256,0.0011920980926430518,0.0,0.8500000000000001,0.30000000000000004,0.8,0.9,40.0,50.0,35.0,0.8500000000000001,0.4,0.7000000000000001,0.8,40.0,40.0,35.0,6136,6124,12,6136,0.001955671447196871,0.29921913924445476,0.5,0.5984382784889095,1519,0.24804049640757675,1.0,1
"iteration_1","SCOPE_DATA_COLLECTION",1000,20,1270.0,1330.0,1,6328,4270,1327,6214,4081,1361,6308,4243,1310,12,19,17,0.0018987341772151898,0.004458000938526514,0.01281085154483798,0.29409955092289725,0.6667069359691017,1.141590844251977,0.5881991018457945,0.6667069359691017,0.7610605628346514,0.2482561826252378,0.3909969361300966,0.4213740458015267,97.5,100.0,5027,5872,1026,41,7,0,0.008155957827730256,0.0011920980926430518,0.0,0.8500000000000001,0.30000000000000004,0.8,0.9,40.0,50.0,35.0,0.8500000000000001,0.4,0.7000000000000001,0.8,40.0,40.0,35.0,4191,4175,16,4191,0.00381770460510618,0.6678253275281523,1.0,0.6678253275281523,1662,0.39808383233532935,1.0,1
"iteration_1","SCOPE_DATA_COLLECTION",1000,20,1270.0,1330.0,2,6328,4270,1327,6214,4081,1361,6308,4243,1310,12,19,17,0.0018987341772151898,0.004458000938526514,0.01281085154483798,0.29409955092289725,0.6667069359691017,1.141590844251977,0.5881991018457945,0.6667069359691017,0.7610605628346514,0.2482561826252378,0.3909969361300966,0.4213740458015267,97.5,100.0,5027,5872,1026,41,7,0,0.008155957827730256,0.0011920980926430518,0.0,0.8500000000000001,0.30000000000000004,0.8,0.9,40.0,50.0,35.0,0.8500000000000001,0.4,0.7000000000000001,0.8,40.0,40.0,35.0,1361,1347,14,1361,0.010286554004408524,1.0980656755761475,1.5,0.7320437837174317,536,0.3979213066072754,1.0,1
"iteration_1","SCOPE_DATA_COLLECTION",1000,21,1330.0,1390.0,0,6136,4191,1361,6328,4270,1327,6127,4167,1339,12,16,14,0.0019547157517510994,0.0038250059765718384,0.010347376201034738,0.30012137714580844,0.6689443291842767,1.087310224854776,0.6002427542916169,0.6689443291842767,0.7248734832365172,0.24759262281703934,0.39908807295416365,0.3928304705003734,97.5,100.0,4956,5697,1035,37,5,0,0.007465698143664245,8.77654906090925E-4,0.0,0.8500000000000001,0.4,0.7000000000000001,0.8,40.0,40.0,35.0,0.9500000000000001,0.9,0.8,0.1,70.0,95.0,25.0,6217,6214,3,6217,4.8254785266205565E-4,0.31549866119445147,0.5,0.6309973223889029,1686,0.27132281943997427,1.0,1
"iteration_1","SCOPE_DATA_COLLECTION",1000,21,1330.0,1390.0,1,6136,4191,1361,6328,4270,1327,6127,4167,1339,12,16,14,0.0019547157517510994,0.0038250059765718384,0.010347376201034738,0.30012137714580844,0.6689443291842767,1.087310224854776,0.6002427542916169,0.6689443291842767,0.7248734832365172,0.24759262281703934,0.39908807295416365,0.3928304705003734,97.5,100.0,4956,5697,1035,37,5,0,0.007465698143664245,8.77654906090925E-4,0.0,0.8500000000000001,0.4,0.7000000000000001,0.8,40.0,40.0,35.0,0.9500000000000001,0.9,0.8,0.1,70.0,95.0,25.0,4167,4146,21,4167,0.005039596832253419,0.6684125817005336,1.0,0.6684125817005336,1611,0.3885672937771346,1.0,1
"iteration_1","SCOPE_DATA_COLLECTION",1000,21,1330.0,1390.0,2,6136,4191,1361,6328,4270,1327,6127,4167,1339,12,16,14,0.0019547157517510994,0.0038250059765718384,0.010347376201034738,0.30012137714580844,0.6689443291842767,1.087310224854776,0.6002427542916169,0.6689443291842767,0.7248734832365172,0.24759262281703934,0.39908807295416365,0.3928304705003734,97.5,100.0,4956,5697,1035,37,5,0,0.007465698143664245,8.77654906090925E-4,0.0,0.8500000000000001,0.4,0.7000000000000001,0.8,40.0,40.0,35.0,0.9500000000000001,0.9,0.8,0.1,70.0,95.0,25.0,1350,1342,8,1350,0.005925925925925926,1.080934335163016,1.5,0.7206228901086774,544,0.40536512667660207,1.0,1
"iteration_1","SCOPE_DATA_COLLECTION",1000,22,1390.0,1450.0,0,6217,4167,1350,6136,4191,1361,6222,4169,1339,3,21,8,4.8192771084337347E-4,0.005011933174224344,0.005939123979213066,0.31489845494523105,0.6683690179110251,1.0840733216586955,0.6297969098904621,0.6683690179110251,0.7227155477724637,0.2708132433301189,0.38834252818421683,0.40627333831217327,100.0,100.0,4857,6517,360,27,5,0,0.005558987029030266,7.672241829062452E-4,0.0,0.9500000000000001,0.9,0.8,0.1,70.0,95.0,25.0,0.9500000000000001,0.8,0.8,0.1,80.0,85.0,20.0,6127,6118,9,6127,0.0014689081116370166,0.3289149719875056,0.5,0.6578299439750112,1816,0.29682902909447534,1.0,1
"iteration_1","SCOPE_DATA_COLLECTION",1000,22,1390.0,1450.0,1,6217,4167,1350,6136,4191,1361,6222,4169,1339,3,21,8,4.8192771084337347E-4,0.005011933174224344,0.005939123979213066,0.31489845494523105,0.6683690179110251,1.0840733216586955,0.6297969098904621,0.6683690179110251,0.7227155477724637,0.2708132433301189,0.38834252818421683,0.40627333831217327,100.0,100.0,4857,6517,360,27,5,0,0.005558987029030266,7.672241829062452E-4,0.0,0.9500000000000001,0.9,0.8,0.1,70.0,95.0,25.0,0.9500000000000001,0.8,0.8,0.1,80.0,85.0,20.0,4305,4283,22,4305,0.005110336817653891,0.6518313052358254,1.0,0.6518313052358254,1586,0.3703011907541443,1.0,1
"iteration_1","SCOPE_DATA_COLLECTION",1000,22,1390.0,1450.0,2,6217,4167,1350,6136,4191,1361,6222,4169,1339,3,21,8,4.8192771084337347E-4,0.005011933174224344,0.005939123979213066,0.31489845494523105,0.6683690179110251,1.0840733216586955,0.6297969098904621,0.6683690179110251,0.7227155477724637,0.2708132433301189,0.38834252818421683,0.40627333831217327,100.0,100.0,4857,6517,360,27,5,0,0.005558987029030266,7.672241829062452E-4,0.0,0.9500000000000001,0.9,0.8,0.1,70.0,95.0,25.0,0.9500000000000001,0.8,0.8,0.1,80.0,85.0,20.0,1385,1377,8,1385,0.005776173285198556,1.1122814974310538,1.5,0.7415209982873692,582,0.4226579520697168,1.0,1
"iteration_1","SCOPE_DATA_COLLECTION",1000,23,1450.0,1510.0,0,6127,4305,1385,6217,4167,1350,6103,4267,1380,9,22,8,0.0014725130890052356,0.005129400792725577,0.005763688760806916,0.3284555761051621,0.6497966498264155,1.1151104221227244,0.6569111522103241,0.6497966498264155,0.7434069480818163,0.2969031623791578,0.36840871806890085,0.4246376811594203,100.0,100.0,4851,6617,349,32,7,0,0.006596578025149453,0.0010578812150521385,0.0,0.9500000000000001,0.8,0.8,0.1,80.0,85.0,20.0,0.9500000000000001,0.8,0.9,0.1,90.0,95.0,20.0,6370,6366,4,6370,6.279434850863422E-4,0.3243719955496084,0.5,0.6487439910992168,1804,0.2833804586867735,1.0,1
"iteration_1","SCOPE_DATA_COLLECTION",1000,23,1450.0,1510.0,1,6127,4305,1385,6217,4167,1350,6103,4267,1380,9,22,8,0.0014725130890052356,0.005129400792725577,0.005763688760806916,0.3284555761051621,0.6497966498264155,1.1151104221227244,0.6569111522103241,0.6497966498264155,0.7434069480818163,0.2969031623791578,0.36840871806890085,0.4246376811594203,100.0,100.0,4851,6617,349,32,7,0,0.006596578025149453,0.0010578812150521385,0.0,0.9500000000000001,0.8,0.8,0.1,80.0,85.0,20.0,0.9500000000000001,0.8,0.9,0.1,90.0,95.0,20.0,4157,4150,7,4157,0.0016839066634592255,0.6619400120679381,1.0,0.6619400120679381,1569,0.3780722891566265,1.0,1
"iteration_1","SCOPE_DATA_COLLECTION",1000,23,1450.0,1510.0,2,6127,4305,1385,6217,4167,1350,6103,4267,1380,9,22,8,0.0014725130890052356,0.005129400792725577,0.005763688760806916,0.3284555761051621,0.6497966498264155,1.1151104221227244,0.6569111522103241,0.6497966498264155,0.7434069480818163,0.2969031623791578,0.36840871806890085,0.4246376811594203,100.0,100.0,4851,6617,349,32,7,0,0.006596578025149453,0.0010578812150521385,0.0,0.9500000000000001,0.8,0.8,0.1,80.0,85.0,20.0,0.9500000000000001,0.8,0.9,0.1,90.0,95.0,20.0,1405,1398,7,1405,0.00498220640569395,1.104523590322833,1.5,0.736349060215222,581,0.4155937052932761,1.0,1
"iteration_1","SCOPE_DATA_COLLECTION",1000,24,1510.0,1570.0,0,6370,4157,1405,6127,4305,1385,6364,4161,1394,4,7,7,6.28140703517588E-4,0.0016794625719769674,0.004996431120628123,0.3235549112258342,0.6622377609245459,1.095630606410404,0.6471098224516684,0.6622377609245459,0.7304204042736027,0.2822124450031427,0.3797164143234799,0.41104734576757535,97.5,100.0,4883,6652,397,15,3,0,0.0030718820397296746,4.509921828021648E-4,0.0,0.9500000000000001,0.8,0.9,0.1,90.0,95.0,20.0,0.4,0.2,0.5,0.4,25.0,95.0,25.0,6308,5674,634,6308,0.10050729232720355,0.3367729765145867,0.5,0.6735459530291734,1513,0.26665491716602047,1.0,1
"iteration_1","SCOPE_DATA_COLLECTION",1000,24,1510.0,1570.0,1,6370,4157,1405,6127,4305,1385,6364,4161,1394,4,7,7,6.28140703517588E-4,0.0016794625719769674,0.004996431120628123,0.3235549112258342,0.6622377609245459,1.095630606410404,0.6471098224516684,0.6622377609245459,0.7304204042736027,0.2822124450031427,0.3797164143234799,0.41104734576757535,97.5,100.0,4883,6652,397,15,3,0,0.0030718820397296746,4.509921828021648E-4,0.0,0.9500000000000001,0.8,0.9,0.1,90.0,95.0,20.0,0.4,0.2,0.5,0.4,25.0,95.0,25.0,4250,3805,445,4250,0.10470588235294118,0.7389126082371599,1.0,0.7389126082371599,1650,0.4336399474375821,1.0,1
"iteration_1","SCOPE_DATA_COLLECTION",1000,24,1510.0,1570.0,2,6370,4157,1405,6127,4305,1385,6364,4161,1394,4,7,7,6.28140703517588E-4,0.0016794625719769674,0.004996431120628123,0.3235549112258342,0.6622377609245459,1.095630606410404,0.6471098224516684,0.6622377609245459,0.7304204042736027,0.2822124450031427,0.3797164143234799,0.41104734576757535,97.5,100.0,4883,6652,397,15,3,0,0.0030718820397296746,4.509921828021648E-4,0.0,0.9500000000000001,0.8,0.9,0.1,90.0,95.0,20.0,0.4,0.2,0.5,0.4,25.0,95.0,25.0,1388,1207,181,1388,0.1304034582132565,1.2164604490714739,1.5,0.8109736327143159,550,0.45567522783761394,1.0,1
"iteration_1","SCOPE_DATA_COLLECTION",1000,25,1570.0,1630.0,0,6308,4250,1388,6370,4157,1405,5678,3791,1211,634,445,181,0.10044359949302915,0.1050519357884797,0.1300287356321839,0.33862544674656403,0.7423079130325528,1.2215909568183392,0.6772508934931281,0.7423079130325528,0.8143939712122261,0.2696371961958436,0.4352413611184384,0.458298926507019,95.0,100.0,4964,2767,4215,38,2,1220,0.007655116841257051,7.228044813877846E-4,0.28944246737841045,0.4,0.2,0.5,0.4,25.0,95.0,25.0,0.30000000000000004,0.5,0.5,0.5,25.0,80.0,60.0,6203,4845,1358,6203,0.2189263259713042,0.4324923596114185,0.5,0.864984719222837,1783,0.36800825593395253,1.0,1
"iteration_1","SCOPE_DATA_COLLECTION",1000,25,1570.0,1630.0,1,6308,4250,1388,6370,4157,1405,5678,3791,1211,634,445,181,0.10044359949302915,0.1050519357884797,0.1300287356321839,0.33862544674656403,0.7423079130325528,1.2215909568183392,0.6772508934931281,0.7423079130325528,0.8143939712122261,0.2696371961958436,0.4352413611184384,0.458298926507019,95.0,100.0,4964,2767,4215,38,2,1220,0.007655116841257051,7.228044813877846E-4,0.28944246737841045,0.4,0.2,0.5,0.4,25.0,95.0,25.0,0.30000000000000004,0.5,0.5,0.5,25.0,80.0,60.0,4215,3266,949,4215,0.2251482799525504,0.8731968798804125,1.0,0.8731968798804125,1706,0.5223515003061849,1.0,1
"iteration_1","SCOPE_DATA_COLLECTION",1000,25,1570.0,1630.0,2,6308,4250,1388,6370,4157,1405,5678,3791,1211,634,445,181,0.10044359949302915,0.1050519357884797,0.1300287356321839,0.33862544674656403,0.7423079130325528,1.2215909568183392,0.6772508934931281,0.7423079130325528,0.8143939712122261,0.2696371961958436,0.4352413611184384,0.458298926507019,95.0,100.0,4964,2767,4215,38,2,1220,0.007655116841257051,7.228044813877846E-4,0.28944246737841045,0.4,0.2,0.5,0.4,25.0,95.0,25.0,0.30000000000000004,0.5,0.5,0.5,25.0,80.0,60.0,1388,1028,360,1388,0.25936599423631124,1.4316069174001822,1.5,0.9544046116001215,564,0.5486381322957199,1.0,1
"iteration_1","SCOPE_DATA_COLLECTION",1000,26,1630.0,1690.0,0,6203,4215,1388,6308,4250,1388,4865,3274,1036,1352,941,352,0.2174682322663664,0.2232502965599051,0.25360230547550433,0.4327095599860055,0.8677139474170835,1.4269649966540958,0.865419119972011,0.8677139474170835,0.9513099977693972,0.3675231243576567,0.5183262064752596,0.5472972972972973,97.5,100.0,4928,2013,4865,62,1,2582,0.012581168831168832,4.967709885742673E-4,0.5307297019527235,0.30000000000000004,0.5,0.5,0.5,25.0,80.0,60.0,0.4,0.4,0.4,0.6000000000000001,20.0,70.0,50.0,6248,5835,413,6248,0.066101152368758,0.35276546945638226,0.5,0.7055309389127645,1749,0.2997429305912596,1.0,1
"iteration_1","SCOPE_DATA_COLLECTION",1000,26,1630.0,1690.0,1,6203,4215,1388,6308,4250,1388,4865,3274,1036,1352,941,352,0.2174682322663664,0.2232502965599051,0.25360230547550433,0.4327095599860055,0.8677139474170835,1.4269649966540958,0.865419119972011,0.8677139474170835,0.9513099977693972,0.3675231243576567,0.5183262064752596,0.5472972972972973,97.5,100.0,4928,2013,4865,62,1,2582,0.012581168831168832,4.967709885742673E-4,0.5307297019527235,0.30000000000000004,0.5,0.5,0.5,25.0,80.0,60.0,0.4,0.4,0.4,0.6000000000000001,20.0,70.0,50.0,4123,3864,259,4123,0.06281833616298811,0.7265905366631669,1.0,0.7265905366631669,1674,0.4332298136645963,1.0,1
"iteration_1","SCOPE_DATA_COLLECTION",1000,26,1630.0,1690.0,2,6203,4215,1388,6308,4250,1388,4865,3274,1036,1352,941,352,0.2174682322663664,0.2232502965599051,0.25360230547550433,0.4327095599860055,0.8677139474170835,1.4269649966540958,0.865419119972011,0.8677139474170835,0.9513099977693972,0.3675231243576567,0.5183262064752596,0.5472972972972973,97.5,100.0,4928,2013,4865,62,1,2582,0.012581168831168832,4.967709885742673E-4,0.5307297019527235,0.30000000000000004,0.5,0.5,0.5,25.0,80.0,60.0,0.4,0.4,0.4,0.6000000000000001,20.0,70.0,50.0,1290,1165,125,1290,0.09689922480620156,1.2090226193523756,1.5,0.8060150795682505,524,0.4497854077253219,1.0,1
"iteration_1","SCOPE_DATA_COLLECTION",1000,27,1690.0,1750.0,0,6248,4123,1290,6203,4215,1388,5812,3853,1152,419,267,133,0.06724442304606003,0.06480582524271844,0.10350194552529182,0.34743974733032523,0.7265199020825879,1.2059404480755829,0.6948794946606505,0.7265199020825879,0.8039602987170552,0.2981761871988988,0.43368803529717104,0.4470486111111111,100.0,100.0,5014,2661,3986,50,1,768,0.00997207818109294,3.757985719654265E-4,0.1926743602609132,0.4,0.4,0.4,0.6000000000000001,20.0,70.0,50.0,0.15000000000000002,0.6000000000000001,0.6000000000000001,0.6000000000000001,30.0,95.0,20.0,6066,3621,2445,6066,0.4030662710187933,0.5150613038462019,0.5,1.0301226076924037,1843,0.5089754211543772,1.0,1
"iteration_1","SCOPE_DATA_COLLECTION",1000,27,1690.0,1750.0,1,6248,4123,1290,6203,4215,1388,5812,3853,1152,419,267,133,0.06724442304606003,0.06480582524271844,0.10350194552529182,0.34743974733032523,0.7265199020825879,1.2059404480755829,0.6948794946606505,0.7265199020825879,0.8039602987170552,0.2981761871988988,0.43368803529717104,0.4470486111111111,100.0,100.0,5014,2661,3986,50,1,768,0.00997207818109294,3.757985719654265E-4,0.1926743602609132,0.4,0.4,0.4,0.6000000000000001,20.0,70.0,50.0,0.15000000000000002,0.6000000000000001,0.6000000000000001,0.6000000000000001,30.0,95.0,20.0,4154,2365,1789,4154,0.4306692344727973,1.0539539878274213,1.0,1.0539539878274213,1652,0.6985200845665962,1.0,1
"iteration_1","SCOPE_DATA_COLLECTION",1000,27,1690.0,1750.0,2,6248,4123,1290,6203,4215,1388,5812,3853,1152,419,267,133,0.06724442304606003,0.06480582524271844,0.10350194552529182,0.34743974733032523,0.7265199020825879,1.2059404480755829,0.6948794946606505,0.7265199020825879,0.8039602987170552,0.2981761871988988,0.43368803529717104,0.4470486111111111,100.0,100.0,5014,2661,3986,50,1,768,0.00997207818109294,3.757985719654265E-4,0.1926743602609132,0.4,0.4,0.4,0.6000000000000001,20.0,70.0,50.0,0.15000000000000002,0.6000000000000001,0.6000000000000001,0.6000000000000001,30.0,95.0,20.0,1379,777,602,1379,0.4365482233502538,1.7131728972822597,1.5,1.1421152648548398,544,0.7001287001287001,1.0,1
"iteration_1","SCOPE_DATA_COLLECTION",1000,28,1750.0,1810.0,0,6066,4154,1379,6248,4123,1290,3636,2386,790,2445,1789,602,0.40207202762703503,0.42850299401197606,0.4324712643678161,0.5212732355754623,1.0535238331751482,1.7116245428006558,1.0425464711509247,1.0535238331751482,1.1410830285337705,0.5085258525852585,0.6974015088013411,0.7,97.5,100.0,4920,990,5689,44,0,4792,0.00894308943089431,0.0,0.8423272982949552,0.15000000000000002,0.6000000000000001,0.6000000000000001,0.6000000000000001,30.0,95.0,20.0,0.15000000000000002,0.6000000000000001,0.6000000000000001,0.6000000000000001,30.0,95.0,20.0,6170,3538,2632,6170,0.426580226904376,0.5331344648639861,0.5,1.0662689297279722,1821,0.5146975692481628,1.0,1
"iteration_1","SCOPE_DATA_COLLECTION",1000,28,1750.0,1810.0,1,6066,4154,1379,6248,4123,1290,3636,2386,790,2445,1789,602,0.40207202762703503,0.42850299401197606,0.4324712643678161,0.5212732355754623,1.0535238331751482,1.7116245428006558,1.0425464711509247,1.0535238331751482,1.1410830285337705,0.5085258525852585,0.6974015088013411,0.7,97.5,100.0,4920,990,5689,44,0,4792,0.00894308943089431,0.0,0.8423272982949552,0.15000000000000002,0.6000000000000001,0.6000000000000001,0.6000000000000001,30.0,95.0,20.0,0.15000000000000002,0.6000000000000001,0.6000000000000001,0.6000000000000001,30.0,95.0,20.0,4159,2332,1827,4159,0.4392882904544362,1.0774880743447213,1.0,1.0774880743447213,1692,0.725557461406518,1.0,1
"iteration_1","SCOPE_DATA_COLLECTION",1000,28,1750.0,1810.0,2,6066,4154,1379,6248,4123,1290,3636,2386,790,2445,1789,602,0.40207202762703503,0.42850299401197606,0.4324712643678161,0.5212732355754623,1.0535238331751482,1.7116245428006558,1.0425464711509247,1.0535238331751482,1.1410830285337705,0.5085258525852585,0.6974015088013411,0.7,97.5,100.0,4920,990,5689,44,0,4792,0.00894308943089431,0.0,0.8423272982949552,0.15000000000000002,0.6000000000000001,0.6000000000000001,0.6000000000000001,30.0,95.0,20.0,0.15000000000000002,0.6000000000000001,0.6000000000000001,0.6000000000000001,30.0,95.0,20.0,1369,755,614,1369,0.44850255661066474,1.8246769155293197,1.5,1.2164512770195464,577,0.7642384105960265,1.0,1
"iteration_1","SCOPE_DATA_COLLECTION",1000,29,1810.0,1870.0,0,6170,4159,1369,6066,4154,1379,3520,2301,731,2631,1823,608,0.4277353275890099,0.4420465567410281,0.4540702016430172,0.5271108555492805,1.073013023168009,1.8171566524206,1.054221711098561,1.073013023168009,1.2114377682804,0.5122159090909091,0.7292481529769665,0.7674418604651163,100.0,100.0,4929,1017,5752,50,2,5010,0.010144045445323595,0.0019665683382497543,0.8710013908205841,0.15000000000000002,0.6000000000000001,0.6000000000000001,0.6000000000000001,30.0,95.0,20.0,0.15000000000000002,0.7000000000000001,0.7000000000000001,0.5,40.0,95.0,20.0,6220,3537,2683,6220,0.4313504823151125,0.532361566272114,0.5,1.064723132544228,1862,0.5264348317783433,1.0,1
"iteration_1","SCOPE_DATA_COLLECTION",1000,29,1810.0,1870.0,1,6170,4159,1369,6066,4154,1379,3520,2301,731,2631,1823,608,0.4277353275890099,0.4420465567410281,0.4540702016430172,0.5271108555492805,1.073013023168009,1.8171566524206,1.054221711098561,1.073013023168009,1.2114377682804,0.5122159090909091,0.7292481529769665,0.7674418604651163,100.0,100.0,4929,1017,5752,50,2,5010,0.010144045445323595,0.0019665683382497543,0.8710013908205841,0.15000000000000002,0.6000000000000001,0.6000000000000001,0.6000000000000001,30.0,95.0,20.0,0.15000000000000002,0.7000000000000001,0.7000000000000001,0.5,40.0,95.0,20.0,4189,2376,1813,4189,0.4328001909763667,1.0634450956913852,1.0,1.0634450956913852,1628,0.6851851851851852,1.0,1
"iteration_1","SCOPE_DATA_COLLECTION",1000,29,1810.0,1870.0,2,6170,4159,1369,6066,4154,1379,3520,2301,731,2631,1823,608,0.4277353275890099,0.4420465567410281,0.4540702016430172,0.5271108555492805,1.073013023168009,1.8171566524206,1.054221711098561,1.073013023168009,1.2114377682804,0.5122159090909091,0.7292481529769665,0.7674418604651163,100.0,100.0,4929,1017,5752,50,2,5010,0.010144045445323595,0.0019665683382497543,0.8710013908205841,0.15000000000000002,0.6000000000000001,0.6000000000000001,0.6000000000000001,30.0,95.0,20.0,0.15000000000000002,0.7000000000000001,0.7000000000000001,0.5,40.0,95.0,20.0,1321,762,559,1321,0.4231642694928085,1.7855839865217324,1.5,1.1903893243478216,564,0.7401574803149606,1.0,1
"iteration_1","SCOPE_DATA_COLLECTION",1000,30,1870.0,1930.0,0,6220,4189,1321,6170,4159,1369,3561,2405,783,2683,1817,565,0.4296925048046124,0.4303647560397916,0.41913946587537093,0.5388039091597895,1.0689232971797413,1.794941548519425,1.077607818319579,1.0689232971797413,1.1966276990129499,0.5304689693906206,0.6806652806652806,0.7381864623243933,100.0,100.0,4929,1030,5771,53,0,5012,0.010752688172043012,0.0,0.8684803326979726,0.15000000000000002,0.7000000000000001,0.7000000000000001,0.5,40.0,95.0,20.0,0.6000000000000001,0.1,0.8,0.7000000000000001,80.0,25.0,30.0,6283,6272,11,6283,0.001750756008276301,0.2853260458108664,0.5,0.5706520916217328,1382,0.22034438775510204,1.0,1
"iteration_1","SCOPE_DATA_COLLECTION",1000,30,1870.0,1930.0,1,6220,4189,1321,6170,4159,1369,3561,2405,783,2683,1817,565,0.4296925048046124,0.4303647560397916,0.41913946587537093,0.5388039091597895,1.0689232971797413,1.794941548519425,1.077607818319579,1.0689232971797413,1.1966276990129499,0.5304689693906206,0.6806652806652806,0.7381864623243933,100.0,100.0,4929,1030,5771,53,0,5012,0.010752688172043012,0.0,0.8684803326979726,0.15000000000000002,0.7000000000000001,0.7000000000000001,0.5,40.0,95.0,20.0,0.6000000000000001,0.1,0.8,0.7000000000000001,80.0,25.0,30.0,4148,4120,28,4148,0.006750241080038573,0.6778069339070506,1.0,0.6778069339070506,1668,0.40485436893203886,1.0,1
"iteration_1","SCOPE_DATA_COLLECTION",1000,30,1870.0,1930.0,2,6220,4189,1321,6170,4159,1369,3561,2405,783,2683,1817,565,0.4296925048046124,0.4303647560397916,0.41913946587537093,0.5388039091597895,1.0689232971797413,1.794941548519425,1.077607818319579,1.0689232971797413,1.1966276990129499,0.5304689693906206,0.6806652806652806,0.7381864623243933,100.0,100.0,4929,1030,5771,53,0,5012,0.010752688172043012,0.0,0.8684803326979726,0.15000000000000002,0.7000000000000001,0.7000000000000001,0.5,40.0,95.0,20.0,0.6000000000000001,0.1,0.8,0.7000000000000001,80.0,25.0,30.0,1315,1288,27,1315,0.02053231939163498,1.155359934544205,1.5,0.7702399563628033,563,0.43711180124223603,1.0,1
"iteration_1","SCOPE_DATA_COLLECTION",1000,31,1930.0,1990.0,0,6283,4148,1315,6220,4189,1321,6263,4114,1290,12,28,27,0.0019123505976095618,0.006760019314340898,0.02050113895216401,0.2855312795411087,0.6807858302159188,1.1613912746425525,0.5710625590822174,0.6807858302159188,0.7742608497617017,0.21986268561392305,0.40738940204180846,0.43953488372093025,100.0,100.0,5149,4009,2588,64,3,0,0.012429597980190329,7.483162883512097E-4,0.0,0.6000000000000001,0.1,0.8,0.7000000000000001,80.0,25.0,30.0,0.7000000000000001,0.2,0.7000000000000001,0.7000000000000001,70.0,35.0,40.0,6239,6227,12,6239,0.001923385157877865,0.2923079558066204,0.5,0.5846159116132408,1495,0.24008350730688935,1.0,1
"iteration_1","SCOPE_DATA_COLLECTION",1000,31,1930.0,1990.0,1,6283,4148,1315,6220,4189,1321,6263,4114,1290,12,28,27,0.0019123505976095618,0.006760019314340898,0.02050113895216401,0.2855312795411087,0.6807858302159188,1.1613912746425525,0.5710625590822174,0.6807858302159188,0.7742608497617017,0.21986268561392305,0.40738940204180846,0.43953488372093025,100.0,100.0,5149,4009,2588,64,3,0,0.012429597980190329,7.483162883512097E-4,0.0,0.6000000000000001,0.1,0.8,0.7000000000000001,80.0,25.0,30.0,0.7000000000000001,0.2,0.7000000000000001,0.7000000000000001,70.0,35.0,40.0,4198,4172,26,4198,0.006193425440686041,0.6736617749387145,1.0,0.6736617749387145,1665,0.39908916586768933,1.0,1
"iteration_1","SCOPE_DATA_COLLECTION",1000,31,1930.0,1990.0,2,6283,4148,1315,6220,4189,1321,6263,4114,1290,12,28,27,0.0019123505976095618,0.006760019314340898,0.02050113895216401,0.2855312795411087,0.6807858302159188,1.1613912746425525,0.5710625590822174,0.6807858302159188,0.7742608497617017,0.21986268561392305,0.40738940204180846,0.43953488372093025,100.0,100.0,5149,4009,2588,64,3,0,0.012429597980190329,7.483162883512097E-4,0.0,0.6000000000000001,0.1,0.8,0.7000000000000001,80.0,25.0,30.0,0.7000000000000001,0.2,0.7000000000000001,0.7000000000000001,70.0,35.0,40.0,1348,1330,18,1348,0.013353115727002967,1.1218070108347475,1.5,0.7478713405564984,551,0.4142857142857143,1.0,1
"iteration_1","SCOPE_DATA_COLLECTION",1000,32,1990.0,2050.0,0,6239,4198,1348,6283,4148,1315,6222,4164,1322,12,26,18,0.0019249278152069298,0.006205250596658711,0.013432835820895522,0.29307698879717464,0.6706687731531787,1.1191246421741334,0.5861539775943493,0.6706687731531787,0.7460830947827556,0.24172291867566698,0.39721421709894333,0.41376701966717094,100.0,100.0,5121,4686,1978,51,5,0,0.00995899238429994,0.0010670081092616305,0.0,0.7000000000000001,0.2,0.7000000000000001,0.7000000000000001,70.0,35.0,40.0,0.7000000000000001,0.1,0.8,0.8,80.0,35.0,40.0,6156,6150,6,6156,9.746588693957114E-4,0.27610981115662087,0.5,0.5522196223132417,1224,0.19902439024390245,1.0,1
"iteration_1","SCOPE_DATA_COLLECTION",1000,32,1990.0,2050.0,1,6239,4198,1348,6283,4148,1315,6222,4164,1322,12,26,18,0.0019249278152069298,0.006205250596658711,0.013432835820895522,0.29307698879717464,0.6706687731531787,1.1191246421741334,0.5861539775943493,0.6706687731531787,0.7460830947827556,0.24172291867566698,0.39721421709894333,0.41376701966717094,100.0,100.0,5121,4686,1978,51,5,0,0.00995899238429994,0.0010670081092616305,0.0,0.7000000000000001,0.2,0.7000000000000001,0.7000000000000001,70.0,35.0,40.0,0.7000000000000001,0.1,0.8,0.8,80.0,35.0,40.0,4178,4155,23,4178,0.005505026328386788,0.6810608617908649,1.0,0.6810608617908649,1693,0.40746089049338147,1.0,1
"iteration_1","SCOPE_DATA_COLLECTION",1000,32,1990.0,2050.0,2,6239,4198,1348,6283,4148,1315,6222,4164,1322,12,26,18,0.0019249278152069298,0.006205250596658711,0.013432835820895522,0.29307698879717464,0.6706687731531787,1.1191246421741334,0.5861539775943493,0.6706687731531787,0.7460830947827556,0.24172291867566698,0.39721421709894333,0.41376701966717094,100.0,100.0,5121,4686,1978,51,5,0,0.00995899238429994,0.0010670081092616305,0.0,0.7000000000000001,0.2,0.7000000000000001,0.7000000000000001,70.0,35.0,40.0,0.7000000000000001,0.1,0.8,0.8,80.0,35.0,40.0,1314,1292,22,1314,0.0167427701674277,1.1314420603537518,1.5,0.7542947069025012,547,0.423374613003096,1.0,1
"iteration_1","SCOPE_DATA_COLLECTION",1000,33,2050.0,2110.0,0,6156,4178,1314,6239,4198,1348,6166,4162,1300,6,23,22,9.721322099805574E-4,0.005495818399044205,0.01664145234493192,0.2759645809317158,0.6828959386039144,1.1358154579198918,0.5519291618634315,0.6828959386039144,0.7572103052799278,0.19899448589036653,0.4089380105718405,0.42538461538461536,100.0,100.0,5083,4567,1998,51,0,0,0.010033444816053512,0.0,0.0,0.7000000000000001,0.1,0.8,0.8,80.0,35.0,40.0,0.7000000000000001,0.7000000000000001,0.6000000000000001,0.6000000000000001,40.0,30.0,95.0,6275,6258,17,6275,0.0027091633466135457,0.316755416148953,0.5,0.633510832297906,1785,0.28523489932885904,1.0,1
"iteration_1","SCOPE_DATA_COLLECTION",1000,33,2050.0,2110.0,1,6156,4178,1314,6239,4198,1348,6166,4162,1300,6,23,22,9.721322099805574E-4,0.005495818399044205,0.01664145234493192,0.2759645809317158,0.6828959386039144,1.1358154579198918,0.5519291618634315,0.6828959386039144,0.7572103052799278,0.19899448589036653,0.4089380105718405,0.42538461538461536,100.0,100.0,5083,4567,1998,51,0,0,0.010033444816053512,0.0,0.0,0.7000000000000001,0.1,0.8,0.8,80.0,35.0,40.0,0.7000000000000001,0.7000000000000001,0.6000000000000001,0.6000000000000001,40.0,30.0,95.0,4118,4098,20,4118,0.0048567265662943174,0.6739762555731841,1.0,0.6739762555731841,1611,0.3931185944363104,1.0,1
"iteration_1","SCOPE_DATA_COLLECTION",1000,33,2050.0,2110.0,2,6156,4178,1314,6239,4198,1348,6166,4162,1300,6,23,22,9.721322099805574E-4,0.005495818399044205,0.01664145234493192,0.2759645809317158,0.6828959386039144,1.1358154579198918,0.5519291618634315,0.6828959386039144,0.7572103052799278,0.19899448589036653,0.4089380105718405,0.42538461538461536,100.0,100.0,5083,4567,1998,51,0,0,0.010033444816053512,0.0,0.0,0.7000000000000001,0.1,0.8,0.8,80.0,35.0,40.0,0.7000000000000001,0.7000000000000001,0.6000000000000001,0.6000000000000001,40.0,30.0,95.0,1334,1310,24,1334,0.017991004497751123,1.1635471231665397,1.5,0.7756980821110265,567,0.43282442748091604,1.0,1
"iteration_1","SCOPE_DATA_COLLECTION",1000,34,2110.0,2170.0,0,6275,4118,1334,6156,4178,1314,6235,4094,1310,17,20,24,0.0027191298784388996,0.004861448711716091,0.017991004497751123,0.31426688498005334,0.6693142572616336,1.1566771261080198,0.6285337699601067,0.6693142572616336,0.7711180840720132,0.28131515637530075,0.3910600879335613,0.4305343511450382,97.5,100.0,5020,4740,1967,54,7,0,0.010756972111553785,0.0014767932489451476,0.0,0.7000000000000001,0.7000000000000001,0.6000000000000001,0.6000000000000001,40.0,30.0,95.0,0.35000000000000003,0.7000000000000001,0.8,0.4,70.0,20.0,65.0,6150,5407,743,6150,0.1208130081300813,0.4869248381805709,0.5,0.9738496763611418,1918,0.3547253560199741,1.0,1
"iteration_1","SCOPE_DATA_COLLECTION",1000,34,2110.0,2170.0,1,6275,4118,1334,6156,4178,1314,6235,4094,1310,17,20,24,0.0027191298784388996,0.004861448711716091,0.017991004497751123,0.31426688498005334,0.6693142572616336,1.1566771261080198,0.6285337699601067,0.6693142572616336,0.7711180840720132,0.28131515637530075,0.3910600879335613,0.4305343511450382,97.5,100.0,5020,4740,1967,54,7,0,0.010756972111553785,0.0014767932489451476,0.0,0.7000000000000001,0.7000000000000001,0.6000000000000001,0.6000000000000001,40.0,30.0,95.0,0.35000000000000003,0.7000000000000001,0.8,0.4,70.0,20.0,65.0,4140,3633,507,4140,0.12246376811594203,0.8557831414488205,1.0,0.8557831414488205,1706,0.46958436553812277,1.0,1
"iteration_1","SCOPE_DATA_COLLECTION",1000,34,2110.0,2170.0,2,6275,4118,1334,6156,4178,1314,6235,4094,1310,17,20,24,0.0027191298784388996,0.004861448711716091,0.017991004497751123,0.31426688498005334,0.6693142572616336,1.1566771261080198,0.6285337699601067,0.6693142572616336,0.7711180840720132,0.28131515637530075,0.3910600879335613,0.4305343511450382,97.5,100.0,5020,4740,1967,54,7,0,0.010756972111553785,0.0014767932489451476,0.0,0.7000000000000001,0.7000000000000001,0.6000000000000001,0.6000000000000001,40.0,30.0,95.0,0.35000000000000003,0.7000000000000001,0.8,0.4,70.0,20.0,65.0,1354,1184,170,1354,0.1255539143279173,1.348787151637969,1.5,0.8991914344253127,586,0.49493243243243246,1.0,1
"iteration_1","SCOPE_DATA_COLLECTION",1000,35,2170.0,2230.0,0,6150,4140,1354,6275,4118,1334,5402,3636,1174,743,507,170,0.1209113100081367,0.1223750905141202,0.12648809523809523,0.4886790085967003,0.8592366034933703,1.3489055653594149,0.9773580171934007,0.8592366034933703,0.8992703769062765,0.35801554979637173,0.47084708470847086,0.49318568994889267,100.0,100.0,4874,2347,4423,43,1,1376,0.00882232252769799,4.2607584149978694E-4,0.31110106262717613,0.35000000000000003,0.7000000000000001,0.8,0.4,70.0,20.0,65.0,0.25,0.8,0.9,0.4,70.0,30.0,65.0,6191,4534,1657,6191,0.26764658375060574,0.45237194572843004,0.5,0.9047438914568601,1894,0.4177326863696515,1.0,1
"iteration_1","SCOPE_DATA_COLLECTION",1000,35,2170.0,2230.0,1,6150,4140,1354,6275,4118,1334,5402,3636,1174,743,507,170,0.1209113100081367,0.1223750905141202,0.12648809523809523,0.4886790085967003,0.8592366034933703,1.3489055653594149,0.9773580171934007,0.8592366034933703,0.8992703769062765,0.35801554979637173,0.47084708470847086,0.49318568994889267,100.0,100.0,4874,2347,4423,43,1,1376,0.00882232252769799,4.2607584149978694E-4,0.31110106262717613,0.35000000000000003,0.7000000000000001,0.8,0.4,70.0,20.0,65.0,0.25,0.8,0.9,0.4,70.0,30.0,65.0,4177,3010,1167,4177,0.2793871199425425,0.9472797657733155,1.0,0.9472797657733155,1766,0.5867109634551495,1.0,1
"iteration_1","SCOPE_DATA_COLLECTION",1000,35,2170.0,2230.0,2,6150,4140,1354,6275,4118,1334,5402,3636,1174,743,507,170,0.1209113100081367,0.1223750905141202,0.12648809523809523,0.4886790085967003,0.8592366034933703,1.3489055653594149,0.9773580171934007,0.8592366034933703,0.8992703769062765,0.35801554979637173,0.47084708470847086,0.49318568994889267,100.0,100.0,4874,2347,4423,43,1,1376,0.00882232252769799,4.2607584149978694E-4,0.31110106262717613,0.35000000000000003,0.7000000000000001,0.8,0.4,70.0,20.0,65.0,0.25,0.8,0.9,0.4,70.0,30.0,65.0,1316,914,402,1316,0.30547112462006076,1.4946074177384459,1.5,0.9964049451589639,545,0.5962800875273523,1.0,1
"iteration_1","SCOPE_DATA_COLLECTION",1000,36,2230.0,2290.0,0,6191,4177,1316,6150,4140,1354,4555,3016,921,1657,1167,402,0.26674179008370896,0.27898637341620847,0.30385487528344673,0.45155467269000066,0.9454264076645337,1.4899581323521829,0.9031093453800013,0.9454264076645337,0.993305421568122,0.41602634467618005,0.5858753315649867,0.5950054288816504,97.5,100.0,4958,1641,5085,46,1,3179,0.00927793465106898,6.093845216331506E-4,0.6251720747295969,0.25,0.8,0.9,0.4,70.0,30.0,65.0,0.25,0.8,0.9,0.4,70.0,30.0,65.0,6299,4433,1866,6299,0.29623749801555804,0.5143888658180683,0.5,1.0287777316361366,2058,0.46424543198736745,1.0,1
"iteration_1","SCOPE_DATA_COLLECTION",1000,36,2230.0,2290.0,1,6191,4177,1316,6150,4140,1354,4555,3016,921,1657,1167,402,0.26674179008370896,0.27898637341620847,0.30385487528344673,0.45155467269000066,0.9454264076645337,1.4899581323521829,0.9031093453800013,0.9454264076645337,0.993305421568122,0.41602634467618005,0.5858753315649867,0.5950054288816504,97.5,100.0,4958,1641,5085,46,1,3179,0.00927793465106898,6.093845216331506E-4,0.6251720747295969,0.25,0.8,0.9,0.4,70.0,30.0,65.0,0.25,0.8,0.9,0.4,70.0,30.0,65.0,4163,2883,1280,4163,0.3074705741052126,0.9283934833668074,1.0,0.9283934833668074,1590,0.5515088449531738,1.0,1
"iteration_1","SCOPE_DATA_COLLECTION",1000,36,2230.0,2290.0,2,6191,4177,1316,6150,4140,1354,4555,3016,921,1657,1167,402,0.26674179008370896,0.27898637341620847,0.30385487528344673,0.45155467269000066,0.9454264076645337,1.4899581323521829,0.9031093453800013,0.9454264076645337,0.993305421568122,0.41602634467618005,0.5858753315649867,0.5950054288816504,97.5,100.0,4958,1641,5085,46,1,3179,0.00927793465106898,6.093845216331506E-4,0.6251720747295969,0.25,0.8,0.9,0.4,70.0,30.0,65.0,0.25,0.8,0.9,0.4,70.0,30.0,65.0,1396,935,461,1396,0.3302292263610315,1.5408253101872802,1.5,1.0272168734581868,562,0.6010695187165775,1.0,1
"iteration_1","SCOPE_DATA_COLLECTION",1000,37,2290.0,2350.0,0,6299,4163,1396,6191,4177,1316,4442,2881,941,1866,1280,461,0.2958148383005707,0.30761836097092043,0.3288159771754636,0.5147480858123394,0.9258708038406039,1.5444614431989856,1.0294961716246789,0.9258708038406039,1.029640962132657,0.464880684376407,0.5494619923637626,0.6025504782146652,97.5,100.0,4982,1700,5176,44,1,3562,0.008831794460056202,5.88235294117647E-4,0.6881761978361669,0.25,0.8,0.9,0.4,70.0,30.0,65.0,0.25,0.8,0.9,0.4,70.0,30.0,65.0,6182,4412,1770,6182,0.2863151083791653,0.471755671691105,0.5,0.94351134338221,1998,0.4528558476881233,1.0,1
"iteration_1","SCOPE_DATA_COLLECTION",1000,37,2290.0,2350.0,1,6299,4163,1396,6191,4177,1316,4442,2881,941,1866,1280,461,0.2958148383005707,0.30761836097092043,0.3288159771754636,0.5147480858123394,0.9258708038406039,1.5444614431989856,1.0294961716246789,0.9258708038406039,1.029640962132657,0.464880684376407,0.5494619923637626,0.6025504782146652,97.5,100.0,4982,1700,5176,44,1,3562,0.008831794460056202,5.88235294117647E-4,0.6881761978361669,0.25,0.8,0.9,0.4,70.0,30.0,65.0,0.25,0.8,0.9,0.4,70.0,30.0,65.0,4227,3014,1213,4227,0.2869647504140052,0.9298423913270375,1.0,0.9298423913270375,1711,0.5676841406768414,1.0,1
"iteration_1","SCOPE_DATA_COLLECTION",1000,37,2290.0,2350.0,2,6299,4163,1396,6191,4177,1316,4442,2881,941,1866,1280,461,0.2958148383005707,0.30761836097092043,0.3288159771754636,0.5147480858123394,0.9258708038406039,1.5444614431989856,1.0294961716246789,0.9258708038406039,1.029640962132657,0.464880684376407,0.5494619923637626,0.6025504782146652,97.5,100.0,4982,1700,5176,44,1,3562,0.008831794460056202,5.88235294117647E-4,0.6881761978361669,0.25,0.8,0.9,0.4,70.0,30.0,65.0,0.25,0.8,0.9,0.4,70.0,30.0,65.0,1372,981,391,1372,0.2849854227405248,1.5275776859436587,1.5,1.018385123962439,588,0.599388379204893,1.0,1
"iteration_1","SCOPE_DATA_COLLECTION",1000,38,2350.0,2410.0,0,6182,4227,1372,6299,4163,1396,4405,3016,973,1770,1213,391,0.28663967611336033,0.2868290375975408,0.2866568914956012,0.47139802347810317,0.9338369447521087,1.5246163979912202,0.9427960469562063,0.9338369447521087,1.0164109319941468,0.4540295119182747,0.5689655172413793,0.5971223021582733,100.0,100.0,4902,1738,5141,53,3,3318,0.010811913504691963,0.0017261219792865361,0.6453997276794398,0.25,0.8,0.9,0.4,70.0,30.0,65.0,0.15000000000000002,0.9,0.9,0.30000000000000004,70.0,20.0,75.0,6287,3359,2928,6287,0.46572292031175444,0.5991940389965271,0.5,1.1983880779930542,1927,0.5736826436439416,1.0,1
"iteration_1","SCOPE_DATA_COLLECTION",1000,38,2350.0,2410.0,1,6182,4227,1372,6299,4163,1396,4405,3016,973,1770,1213,391,0.28663967611336033,0.2868290375975408,0.2866568914956012,0.47139802347810317,0.9338369447521087,1.5246163979912202,0.9427960469562063,0.9338369447521087,1.0164109319941468,0.4540295119182747,0.5689655172413793,0.5971223021582733,100.0,100.0,4902,1738,5141,53,3,3318,0.010811913504691963,0.0017261219792865361,0.6453997276794398,0.25,0.8,0.9,0.4,70.0,30.0,65.0,0.15000000000000002,0.9,0.9,0.30000000000000004,70.0,20.0,75.0,4222,2222,2000,4222,0.4737091425864519,1.188472001873515,1.0,1.188472001873515,1641,0.7385238523852385,1.0,1
"iteration_1","SCOPE_DATA_COLLECTION",1000,38,2350.0,2410.0,2,6182,4227,1372,6299,4163,1396,4405,3016,973,1770,1213,391,0.28663967611336033,0.2868290375975408,0.2866568914956012,0.47139802347810317,0.9338369447521087,1.5246163979912202,0.9427960469562063,0.9338369447521087,1.0164109319941468,0.4540295119182747,0.5689655172413793,0.5971223021582733,100.0,100.0,4902,1738,5141,53,3,3318,0.010811913504691963,0.0017261219792865361,0.6453997276794398,0.25,0.8,0.9,0.4,70.0,30.0,65.0,0.15000000000000002,0.9,0.9,0.30000000000000004,70.0,20.0,75.0,1424,733,691,1424,0.48525280898876405,1.9117334336718483,1.5,1.2744889557812322,585,0.7980900409276944,1.0,1
"iteration_1","SCOPE_DATA_COLLECTION",1000,39,2410.0,2470.0,0,6287,4222,1424,6182,4227,1372,3363,2216,739,2928,2000,691,0.46542680019074867,0.47438330170777987,0.48321678321678324,0.5996860133865534,1.1834795181667426,1.9116274342058142,1.1993720267731067,1.1834795181667426,1.2744182894705427,0.5709188224799286,0.7364620938628159,0.7983761840324763,95.0,100.0,4905,1001,6027,45,0,5574,0.009174311926605505,0.0,0.9248382279741165,0.15000000000000002,0.9,0.9,0.30000000000000004,70.0,20.0,75.0,0.25,0.8,0.9,0.4,70.0,30.0,75.0,6382,4510,1872,6382,0.2933249764963961,0.46948177645584116,0.5,0.9389635529116823,1937,0.429490022172949,1.0,1
"iteration_1","SCOPE_DATA_COLLECTION",1000,39,2410.0,2470.0,1,6287,4222,1424,6182,4227,1372,3363,2216,739,2928,2000,691,0.46542680019074867,0.47438330170777987,0.48321678321678324,0.5996860133865534,1.1834795181667426,1.9116274342058142,1.1993720267731067,1.1834795181667426,1.2744182894705427,0.5709188224799286,0.7364620938628159,0.7983761840324763,95.0,100.0,4905,1001,6027,45,0,5574,0.009174311926605505,0.0,0.9248382279741165,0.15000000000000002,0.9,0.9,0.30000000000000004,70.0,20.0,75.0,0.25,0.8,0.9,0.4,70.0,30.0,75.0,4171,2909,1262,4171,0.3025653320546631,0.9400828531225114,1.0,0.9400828531225114,1656,0.5692677896184256,1.0,1
"iteration_1","SCOPE_DATA_COLLECTION",1000,39,2410.0,2470.0,2,6287,4222,1424,6182,4227,1372,3363,2216,739,2928,2000,691,0.46542680019074867,0.47438330170777987,0.48321678321678324,0.5996860133865534,1.1834795181667426,1.9116274342058142,1.1993720267731067,1.1834795181667426,1.2744182894705427,0.5709188224799286,0.7364620938628159,0.7983761840324763,95.0,100.0,4905,1001,6027,45,0,5574,0.009174311926605505,0.0,0.9248382279741165,0.15000000000000002,0.9,0.9,0.30000000000000004,70.0,20.0,75.0,0.25,0.8,0.9,0.4,70.0,30.0,75.0,1348,933,415,1348,0.3078635014836795,1.5045429043112828,1.5,1.0030286028741886,541,0.579849946409432,1.0,1
"iteration_1","SCOPE_DATA_COLLECTION",1000,40,2470.0,2530.0,0,6382,4171,1348,6287,4222,1424,4516,2918,926,1872,1261,415,0.29304946775203505,0.30174682938502034,0.3094705443698732,0.4692924538869762,0.9435610260929032,1.4987225693069575,0.9385849077739524,0.9435610260929032,0.9991483795379716,0.4304694419840567,0.5719671007539411,0.5766738660907127,97.5,100.0,5063,1683,5155,44,1,3503,0.008690499703732965,5.941770647653001E-4,0.6795344325897187,0.25,0.8,0.9,0.4,70.0,30.0,75.0,0.25,0.9,0.9,0.30000000000000004,70.0,30.0,65.0,6171,4204,1967,6171,0.31874898719818506,0.4860080215986387,0.5,0.9720160431972774,1815,0.43173168411037105,1.0,1
"iteration_1","SCOPE_DATA_COLLECTION",1000,40,2470.0,2530.0,1,6382,4171,1348,6287,4222,1424,4516,2918,926,1872,1261,415,0.29304946775203505,0.30174682938502034,0.3094705443698732,0.4692924538869762,0.9435610260929032,1.4987225693069575,0.9385849077739524,0.9435610260929032,0.9991483795379716,0.4304694419840567,0.5719671007539411,0.5766738660907127,97.5,100.0,5063,1683,5155,44,1,3503,0.008690499703732965,5.941770647653001E-4,0.6795344325897187,0.25,0.8,0.9,0.4,70.0,30.0,75.0,0.25,0.9,0.9,0.30000000000000004,70.0,30.0,65.0,4244,2904,1340,4244,0.3157398680490104,0.9489379086079837,1.0,0.9489379086079837,1672,0.5757575757575758,1.0,1
"iteration_1","SCOPE_DATA_COLLECTION",1000,40,2470.0,2530.0,2,6382,4171,1348,6287,4222,1424,4516,2918,926,1872,1261,415,0.29304946775203505,0.30174682938502034,0.3094705443698732,0.4692924538869762,0.9435610260929032,1.4987225693069575,0.9385849077739524,0.9435610260929032,0.9991483795379716,0.4304694419840567,0.5719671007539411,0.5766738660907127,97.5,100.0,5063,1683,5155,44,1,3503,0.008690499703732965,5.941770647653001E-4,0.6795344325897187,0.25,0.8,0.9,0.4,70.0,30.0,75.0,0.25,0.9,0.9,0.30000000000000004,70.0,30.0,65.0,1352,926,426,1352,0.3150887573964497,1.5201454606506704,1.5,1.013430307100447,564,0.6090712742980562,1.0,1
"iteration_1","SCOPE_DATA_COLLECTION",1000,41,2530.0,2590.0,0,6171,4244,1352,6382,4171,1348,4198,2901,932,1967,1341,426,0.31905920519059205,0.3161244695898161,0.3136966126656848,0.48559425773840537,0.9491415405281625,1.5266217083745104,0.9711885154768107,0.9491415405281625,1.017747805583007,0.4311576941400667,0.5753188555670459,0.6126609442060086,97.5,100.0,4847,1721,5199,45,3,3686,0.009284093253558903,0.0017431725740848344,0.7089824966339681,0.25,0.9,0.9,0.30000000000000004,70.0,30.0,65.0,0.35000000000000003,0.8,0.8,0.30000000000000004,70.0,40.0,75.0,6137,5212,925,6137,0.1507251099885938,0.4386835768929813,0.5,0.8773671537859626,1927,0.3697237145049885,1.0,1
"iteration_1","SCOPE_DATA_COLLECTION",1000,41,2530.0,2590.0,1,6171,4244,1352,6382,4171,1348,4198,2901,932,1967,1341,426,0.31905920519059205,0.3161244695898161,0.3136966126656848,0.48559425773840537,0.9491415405281625,1.5266217083745104,0.9711885154768107,0.9491415405281625,1.017747805583007,0.4311576941400667,0.5753188555670459,0.6126609442060086,97.5,100.0,4847,1721,5199,45,3,3686,0.009284093253558903,0.0017431725740848344,0.7089824966339681,0.25,0.9,0.9,0.30000000000000004,70.0,30.0,65.0,0.35000000000000003,0.8,0.8,0.30000000000000004,70.0,40.0,75.0,4239,3587,652,4239,0.15380986081623024,0.8488665618875185,1.0,0.8488665618875185,1768,0.4928909952606635,1.0,1
"iteration_1","SCOPE_DATA_COLLECTION",1000,41,2530.0,2590.0,2,6171,4244,1352,6382,4171,1348,4198,2901,932,1967,1341,426,0.31905920519059205,0.3161244695898161,0.3136966126656848,0.48559425773840537,0.9491415405281625,1.5266217083745104,0.9711885154768107,0.9491415405281625,1.017747805583007,0.4311576941400667,0.5753188555670459,0.6126609442060086,97.5,100.0,4847,1721,5199,45,3,3686,0.009284093253558903,0.0017431725740848344,0.7089824966339681,0.25,0.9,0.9,0.30000000000000004,70.0,30.0,65.0,0.35000000000000003,0.8,0.8,0.30000000000000004,70.0,40.0,75.0,1361,1096,265,1361,0.1947097722263042,1.3270110611564983,1.5,0.8846740407709989,550,0.5018248175182481,1.0,1
"iteration_1","SCOPE_DATA_COLLECTION",1000,42,2590.0,2650.0,0,6137,4239,1361,6171,4244,1352,5203,3564,1098,925,652,265,0.15094647519582247,0.15464895635673626,0.19442406456346295,0.4397051771929303,0.8505968371904722,1.3327854382808135,0.8794103543858606,0.8505968371904722,0.8885236255205423,0.37113203920814913,0.494668911335578,0.5045537340619308,100.0,100.0,4894,2361,4482,40,1,1801,0.008173273395995096,4.2354934349851756E-4,0.40182954038375723,0.35000000000000003,0.8,0.8,0.30000000000000004,70.0,40.0,75.0,0.25,0.9,0.8,0.30000000000000004,80.0,40.0,85.0,6253,4620,1633,6253,0.2611546457700304,0.49117494632743613,0.5,0.9823498926548723,2037,0.4409090909090909,1.0,1
"iteration_1","SCOPE_DATA_COLLECTION",1000,42,2590.0,2650.0,1,6137,4239,1361,6171,4244,1352,5203,3564,1098,925,652,265,0.15094647519582247,0.15464895635673626,0.19442406456346295,0.4397051771929303,0.8505968371904722,1.3327854382808135,0.8794103543858606,0.8505968371904722,0.8885236255205423,0.37113203920814913,0.494668911335578,0.5045537340619308,100.0,100.0,4894,2361,4482,40,1,1801,0.008173273395995096,4.2354934349851756E-4,0.40182954038375723,0.35000000000000003,0.8,0.8,0.30000000000000004,70.0,40.0,75.0,0.25,0.9,0.8,0.30000000000000004,80.0,40.0,85.0,4126,3009,1117,4126,0.2707222491517208,0.9211718486534797,1.0,0.9211718486534797,1655,0.550016616816218,1.0,1
"iteration_1","SCOPE_DATA_COLLECTION",1000,42,2590.0,2650.0,2,6137,4239,1361,6171,4244,1352,5203,3564,1098,925,652,265,0.15094647519582247,0.15464895635673626,0.19442406456346295,0.4397051771929303,0.8505968371904722,1.3327854382808135,0.8794103543858606,0.8505968371904722,0.8885236255205423,0.37113203920814913,0.494668911335578,0.5045537340619308,100.0,100.0,4894,2361,4482,40,1,1801,0.008173273395995096,4.2354934349851756E-4,0.40182954038375723,0.35000000000000003,0.8,0.8,0.30000000000000004,70.0,40.0,75.0,0.25,0.9,0.8,0.30000000000000004,80.0,40.0,85.0,1337,945,392,1337,0.2931937172774869,1.491636530729606,1.5,0.9944243538197374,552,0.5841269841269842,1.0,1
"iteration_1","SCOPE_DATA_COLLECTION",1000,43,2650.0,2710.0,0,6253,4126,1337,6137,4239,1361,4606,3005,946,1633,1117,392,0.26174066356787945,0.27098495875788453,0.2929745889387145,0.4890581847145266,0.913426107755953,1.4981914162726968,0.9781163694290532,0.913426107755953,0.9987942775151312,0.43834129396439425,0.5477537437603993,0.587737843551797,97.5,100.0,4942,1642,5132,29,1,3112,0.005868069607446378,6.090133982947625E-4,0.6063912704598597,0.25,0.9,0.8,0.30000000000000004,80.0,40.0,85.0,0.15000000000000002,0.8,0.7000000000000001,0.4,70.0,40.0,85.0,6292,3505,2787,6292,0.44294342021614747,0.598943964417576,0.5,1.197887928835152,1889,0.538944365192582,1.0,1
"iteration_1","SCOPE_DATA_COLLECTION",1000,43,2650.0,2710.0,1,6253,4126,1337,6137,4239,1361,4606,3005,946,1633,1117,392,0.26174066356787945,0.27098495875788453,0.2929745889387145,0.4890581847145266,0.913426107755953,1.4981914162726968,0.9781163694290532,0.913426107755953,0.9987942775151312,0.43834129396439425,0.5477537437603993,0.587737843551797,97.5,100.0,4942,1642,5132,29,1,3112,0.005868069607446378,6.090133982947625E-4,0.6063912704598597,0.25,0.9,0.8,0.30000000000000004,80.0,40.0,85.0,0.15000000000000002,0.8,0.7000000000000001,0.4,70.0,40.0,85.0,4236,2406,1830,4236,0.43201133144475923,1.1447487641119076,1.0,1.1447487641119076,1703,0.7078137988362427,1.0,1
"iteration_1","SCOPE_DATA_COLLECTION",1000,43,2650.0,2710.0,2,6253,4126,1337,6137,4239,1361,4606,3005,946,1633,1117,392,0.26174066356787945,0.27098495875788453,0.2929745889387145,0.4890581847145266,0.913426107755953,1.4981914162726968,0.9781163694290532,0.913426107755953,0.9987942775151312,0.43834129396439425,0.5477537437603993,0.587737843551797,97.5,100.0,4942,1642,5132,29,1,3112,0.005868069607446378,6.090133982947625E-4,0.6063912704598597,0.25,0.9,0.8,0.30000000000000004,80.0,40.0,85.0,0.15000000000000002,0.8,0.7000000000000001,0.4,70.0,40.0,85.0,1311,712,599,1311,0.4569031273836766,1.8854131613644394,1.5,1.256942107576293,557,0.7823033707865169,1.0,1
"iteration_1","SCOPE_DATA_COLLECTION",1000,44,2710.0,2770.0,0,6292,4236,1311,6253,4126,1337,3514,2428,711,2787,1830,599,0.4423107443262974,0.42977923907938,0.45725190839694657,0.5990754075141359,1.14555125059574,1.8720083505454759,1.1981508150282718,1.14555125059574,1.2480055670303172,0.5378486055776892,0.7030477759472817,0.7763713080168776,100.0,100.0,4970,1022,5847,41,4,5171,0.008249496981891348,0.003913894324853229,0.8843851547802292,0.15000000000000002,0.8,0.7000000000000001,0.4,70.0,40.0,85.0,0.15000000000000002,0.8,0.7000000000000001,0.4,70.0,40.0,85.0,6202,3488,2714,6202,0.4376007739438891,0.5719329563090272,0.5,1.1438659126180544,1854,0.5315366972477065,1.0,1
"iteration_1","SCOPE_DATA_COLLECTION",1000,44,2710.0,2770.0,1,6292,4236,1311,6253,4126,1337,3514,2428,711,2787,1830,599,0.4423107443262974,0.42977923907938,0.45725190839694657,0.5990754075141359,1.14555125059574,1.8720083505454759,1.1981508150282718,1.14555125059574,1.2480055670303172,0.5378486055776892,0.7030477759472817,0.7763713080168776,100.0,100.0,4970,1022,5847,41,4,5171,0.008249496981891348,0.003913894324853229,0.8843851547802292,0.15000000000000002,0.8,0.7000000000000001,0.4,70.0,40.0,85.0,0.15000000000000002,0.8,0.7000000000000001,0.4,70.0,40.0,85.0,4231,2383,1848,4231,0.43677617584495393,1.1300997796753065,1.0,1.1300997796753065,1747,0.7331095258078053,1.0,1
"iteration_1","SCOPE_DATA_COLLECTION",1000,44,2710.0,2770.0,2,6292,4236,1311,6253,4126,1337,3514,2428,711,2787,1830,599,0.4423107443262974,0.42977923907938,0.45725190839694657,0.5990754075141359,1.14555125059574,1.8720083505454759,1.1981508150282718,1.14555125059574,1.2480055670303172,0.5378486055776892,0.7030477759472817,0.7763713080168776,100.0,100.0,4970,1022,5847,41,4,5171,0.008249496981891348,0.003913894324853229,0.8843851547802292,0.15000000000000002,0.8,0.7000000000000001,0.4,70.0,40.0,85.0,0.15000000000000002,0.8,0.7000000000000001,0.4,70.0,40.0,85.0,1324,722,602,1324,0.45468277945619334,1.8487768621414118,1.5,1.2325179080942745,546,0.7562326869806094,1.0,1
"iteration_1","SCOPE_DATA_COLLECTION",1000,45,2770.0,2830.0,0,6202,4231,1324,6292,4236,1311,3489,2391,723,2714,1848,602,0.4375302273093664,0.4359518754423213,0.45433962264150946,0.5716378182188384,1.1325398817873105,1.849169238582484,1.1432756364376768,1.1325398817873105,1.2327794923883226,0.531957580968759,0.7344207444583856,0.7551867219917012,100.0,100.0,4921,990,5846,54,0,5110,0.010973379394432025,0.0,0.8741019500513172,0.15000000000000002,0.8,0.7000000000000001,0.4,70.0,40.0,85.0,0.25,0.9,0.7000000000000001,0.30000000000000004,60.0,50.0,95.0,6334,4306,2028,6334,0.32017682349226395,0.4824454515318986,0.5,0.9648909030637972,1964,0.45610775661867164,1.0,1
"iteration_1","SCOPE_DATA_COLLECTION",1000,45,2770.0,2830.0,1,6202,4231,1324,6292,4236,1311,3489,2391,723,2714,1848,602,0.4375302273093664,0.4359518754423213,0.45433962264150946,0.5716378182188384,1.1325398817873105,1.849169238582484,1.1432756364376768,1.1325398817873105,1.2327794923883226,0.531957580968759,0.7344207444583856,0.7551867219917012,100.0,100.0,4921,990,5846,54,0,5110,0.010973379394432025,0.0,0.8741019500513172,0.15000000000000002,0.8,0.7000000000000001,0.4,70.0,40.0,85.0,0.25,0.9,0.7000000000000001,0.30000000000000004,60.0,50.0,95.0,4250,2874,1376,4250,0.32376470588235295,0.9504266808509035,1.0,0.9504266808509035,1703,0.592553931802366,1.0,1
"iteration_1","SCOPE_DATA_COLLECTION",1000,45,2770.0,2830.0,2,6202,4231,1324,6292,4236,1311,3489,2391,723,2714,1848,602,0.4375302273093664,0.4359518754423213,0.45433962264150946,0.5716378182188384,1.1325398817873105,1.849169238582484,1.1432756364376768,1.1325398817873105,1.2327794923883226,0.531957580968759,0.7344207444583856,0.7551867219917012,100.0,100.0,4921,990,5846,54,0,5110,0.010973379394432025,0.0,0.8741019500513172,0.15000000000000002,0.8,0.7000000000000001,0.4,70.0,40.0,85.0,0.25,0.9,0.7000000000000001,0.30000000000000004,60.0,50.0,95.0,1382,890,492,1382,0.35600578871201155,1.512160940476369,1.5,1.0081072936509126,534,0.6,1.0,1
"iteration_1","SCOPE_DATA_COLLECTION",1000,46,2830.0,2890.0,0,6334,4250,1382,6202,4231,1324,4318,2877,882,2028,1376,492,0.3195713835486921,0.3235363272983776,0.35807860262008734,0.4835779262242972,0.9519018551622059,1.502875676947772,0.9671558524485944,0.9519018551622059,1.0019171179651813,0.4576192681797128,0.5950643030935002,0.5952380952380952,100.0,100.0,4951,1761,5254,42,4,3850,0.008483134720258533,0.002271436683702442,0.7327750285496765,0.25,0.9,0.7000000000000001,0.30000000000000004,60.0,50.0,95.0,0.8500000000000001,0.9,0.2,0.6000000000000001,85.0,95.0,25.0,6292,6280,12,6292,0.0019071837253655435,0.31408407405157485,0.5,0.6281681481031497,1753,0.27914012738853505,1.0,1
"iteration_1","SCOPE_DATA_COLLECTION",1000,46,2830.0,2890.0,1,6334,4250,1382,6202,4231,1324,4318,2877,882,2028,1376,492,0.3195713835486921,0.3235363272983776,0.35807860262008734,0.4835779262242972,0.9519018551622059,1.502875676947772,0.9671558524485944,0.9519018551622059,1.0019171179651813,0.4576192681797128,0.5950643030935002,0.5952380952380952,100.0,100.0,4951,1761,5254,42,4,3850,0.008483134720258533,0.002271436683702442,0.7327750285496765,0.25,0.9,0.7000000000000001,0.30000000000000004,60.0,50.0,95.0,0.8500000000000001,0.9,0.2,0.6000000000000001,85.0,95.0,25.0,4210,4200,10,4210,0.0023752969121140144,0.6379016923804353,1.0,0.6379016923804353,1636,0.38952380952380955,1.0,1
"iteration_1","SCOPE_DATA_COLLECTION",1000,46,2830.0,2890.0,2,6334,4250,1382,6202,4231,1324,4318,2877,882,2028,1376,492,0.3195713835486921,0.3235363272983776,0.35807860262008734,0.4835779262242972,0.9519018551622059,1.502875676947772,0.9671558524485944,0.9519018551622059,1.0019171179651813,0.4576192681797128,0.5950643030935002,0.5952380952380952,100.0,100.0,4951,1761,5254,42,4,3850,0.008483134720258533,0.002271436683702442,0.7327750285496765,0.25,0.9,0.7000000000000001,0.30000000000000004,60.0,50.0,95.0,0.8500000000000001,0.9,0.2,0.6000000000000001,85.0,95.0,25.0,1399,1378,21,1399,0.01501072194424589,1.0855446197829592,1.5,0.7236964131886395,536,0.3889695210449927,1.0,1
"iteration_1","SCOPE_DATA_COLLECTION",1000,47,2890.0,2950.0,0,6292,4210,1399,6334,4250,1382,6286,4195,1373,12,10,21,0.001905366783105748,0.0023781212841854932,0.015064562410329985,0.3147225149016761,0.6372978622711981,1.084351001745234,0.6294450298033522,0.6372978622711981,0.722900667830156,0.28046452433980273,0.3883194278903456,0.3889293517844137,100.0,100.0,4896,5926,1079,29,1,13,0.005923202614379085,1.6874789065136686E-4,0.012048192771084338,0.8500000000000001,0.9,0.2,0.6000000000000001,85.0,95.0,25.0,0.9500000000000001,0.9,0.1,0.5,85.0,85.0,35.0,6170,6164,6,6170,9.724473257698541E-4,0.3207585929624099,0.5,0.6415171859248198,1787,0.2899091499026606,1.0,1
"iteration_1","SCOPE_DATA_COLLECTION",1000,47,2890.0,2950.0,1,6292,4210,1399,6334,4250,1382,6286,4195,1373,12,10,21,0.001905366783105748,0.0023781212841854932,0.015064562410329985,0.3147225149016761,0.6372978622711981,1.084351001745234,0.6294450298033522,0.6372978622711981,0.722900667830156,0.28046452433980273,0.3883194278903456,0.3889293517844137,100.0,100.0,4896,5926,1079,29,1,13,0.005923202614379085,1.6874789065136686E-4,0.012048192771084338,0.8500000000000001,0.9,0.2,0.6000000000000001,85.0,95.0,25.0,0.9500000000000001,0.9,0.1,0.5,85.0,85.0,35.0,4175,4170,5,4175,0.0011976047904191617,0.6169805817457487,1.0,0.6169805817457487,1579,0.3786570743405276,1.0,1
"iteration_1","SCOPE_DATA_COLLECTION",1000,47,2890.0,2950.0,2,6292,4210,1399,6334,4250,1382,6286,4195,1373,12,10,21,0.001905366783105748,0.0023781212841854932,0.015064562410329985,0.3147225149016761,0.6372978622711981,1.084351001745234,0.6294450298033522,0.6372978622711981,0.722900667830156,0.28046452433980273,0.3883194278903456,0.3889293517844137,100.0,100.0,4896,5926,1079,29,1,13,0.005923202614379085,1.6874789065136686E-4,0.012048192771084338,0.8500000000000001,0.9,0.2,0.6000000000000001,85.0,95.0,25.0,0.9500000000000001,0.9,0.1,0.5,85.0,85.0,35.0,1331,1323,8,1331,0.006010518407212622,1.1492141532210804,1.5,0.7661427688140536,564,0.42630385487528344,1.0,1
"iteration_1","SCOPE_DATA_COLLECTION",1000,48,2950.0,3010.0,0,6170,4175,1331,6292,4210,1399,6149,4172,1333,6,5,8,9.748172217709179E-4,0.0011970313622216902,0.005965697240865026,0.32044538074979223,0.6196247338357094,1.15906644643554,0.6408907614995845,0.6196247338357094,0.77271096429036,0.28833956740933486,0.38015340364333655,0.4298574643660915,100.0,100.0,4847,6507,322,15,4,0,0.0030946977511863006,6.147226064238512E-4,0.0,0.9500000000000001,0.9,0.1,0.5,85.0,85.0,35.0,0.8500000000000001,0.9,0.1,0.4,75.0,75.0,25.0,6167,6163,4,6167,6.486135884546781E-4,0.30697116415146275,0.5,0.6139423283029255,1695,0.2750283952620477,1.0,1
"iteration_1","SCOPE_DATA_COLLECTION",1000,48,2950.0,3010.0,1,6170,4175,1331,6292,4210,1399,6149,4172,1333,6,5,8,9.748172217709179E-4,0.0011970313622216902,0.005965697240865026,0.32044538074979223,0.6196247338357094,1.15906644643554,0.6408907614995845,0.6196247338357094,0.77271096429036,0.28833956740933486,0.38015340364333655,0.4298574643660915,100.0,100.0,4847,6507,322,15,4,0,0.0030946977511863006,6.147226064238512E-4,0.0,0.9500000000000001,0.9,0.1,0.5,85.0,85.0,35.0,0.8500000000000001,0.9,0.1,0.4,75.0,75.0,25.0,4341,4337,4,4341,9.214466712739E-4,0.6077057847357301,1.0,0.6077057847357301,1623,0.3742218123126585,1.0,1
"iteration_1","SCOPE_DATA_COLLECTION",1000,48,2950.0,3010.0,2,6170,4175,1331,6292,4210,1399,6149,4172,1333,6,5,8,9.748172217709179E-4,0.0011970313622216902,0.005965697240865026,0.32044538074979223,0.6196247338357094,1.15906644643554,0.6408907614995845,0.6196247338357094,0.77271096429036,0.28833956740933486,0.38015340364333655,0.4298574643660915,100.0,100.0,4847,6507,322,15,4,0,0.0030946977511863006,6.147226064238512E-4,0.0,0.9500000000000001,0.9,0.1,0.5,85.0,85.0,35.0,0.8500000000000001,0.9,0.1,0.4,75.0,75.0,25.0,1320,1314,6,1320,0.004545454545454545,1.1103945808204136,1.5,0.7402630538802758,546,0.4155251141552511,1.0,1
"iteration_1","SCOPE_DATA_COLLECTION",1000,49,3010.0,3070.0,0,6167,4341,1320,6170,4175,1331,6172,4327,1310,4,4,6,6.476683937823834E-4,9.235742322789194E-4,0.004559270516717325,0.30709555458391036,0.6057111166959575,1.113026409719041,0.6141911091678207,0.6057111166959575,0.7420176064793607,0.27576150356448476,0.37254448809798935,0.41755725190839693,100.0,100.0,4765,5992,1071,10,4,0,0.002098635886673662,6.675567423230974E-4,0.0,0.8500000000000001,0.9,0.1,0.4,75.0,75.0,25.0,0.8500000000000001,0.9,0.1,0.4,65.0,85.0,35.0,6300,6291,9,6300,0.0014285714285714286,0.3191770344312774,0.5,0.6383540688625547,1811,0.28787156254967416,1.0,1
"iteration_1","SCOPE_DATA_COLLECTION",1000,49,3010.0,3070.0,1,6167,4341,1320,6170,4175,1331,6172,4327,1310,4,4,6,6.476683937823834E-4,9.235742322789194E-4,0.004559270516717325,0.30709555458391036,0.6057111166959575,1.113026409719041,0.6141911091678207,0.6057111166959575,0.7420176064793607,0.27576150356448476,0.37254448809798935,0.41755725190839693,100.0,100.0,4765,5992,1071,10,4,0,0.002098635886673662,6.675567423230974E-4,0.0,0.8500000000000001,0.9,0.1,0.4,75.0,75.0,25.0,0.8500000000000001,0.9,0.1,0.4,65.0,85.0,35.0,4179,4165,14,4179,0.0033500837520938024,0.6146132254326815,1.0,0.6146132254326815,1573,0.37767106842737097,1.0,1
"iteration_1","SCOPE_DATA_COLLECTION",1000,49,3010.0,3070.0,2,6167,4341,1320,6170,4175,1331,6172,4327,1310,4,4,6,6.476683937823834E-4,9.235742322789194E-4,0.004559270516717325,0.30709555458391036,0.6057111166959575,1.113026409719041,0.6141911091678207,0.6057111166959575,0.7420176064793607,0.27576150356448476,0.37254448809798935,0.41755725190839693,100.0,100.0,4765,5992,1071,10,4,0,0.002098635886673662,6.675567423230974E-4,0.0,0.8500000000000001,0.9,0.1,0.4,75.0,75.0,25.0,0.8500000000000001,0.9,0.1,0.4,65.0,85.0,35.0,1343,1332,11,1343,0.008190618019359643,1.0827636282547324,1.5,0.7218424188364883,533,0.40015015015015015,1.0,1
"iteration_1","SCOPE_DATA_COLLECTION",1000,50,3070.0,3130.0,0,6300,4179,1343,6167,4341,1320,6279,4168,1332,9,14,11,0.0014312977099236641,0.003347680535628886,0.008190618019359643,0.318480685231897,0.6169743971425499,1.0802999260671284,0.636961370463794,0.6169743971425499,0.720199950711419,0.28651059085841696,0.3797984644913628,0.39864864864864863,100.0,100.0,4945,5908,969,28,6,0,0.005662285136501517,0.001015572105619499,0.0,0.8500000000000001,0.9,0.1,0.4,65.0,85.0,35.0,0.25,0.9,0.4,0.7000000000000001,70.0,65.0,70.0,6114,4405,1709,6114,0.27952240758913965,0.47044252459202784,0.5,0.9408850491840557,1902,0.43178206583427925,1.0,1
"iteration_1","SCOPE_DATA_COLLECTION",1000,50,3070.0,3130.0,1,6300,4179,1343,6167,4341,1320,6279,4168,1332,9,14,11,0.0014312977099236641,0.003347680535628886,0.008190618019359643,0.318480685231897,0.6169743971425499,1.0802999260671284,0.636961370463794,0.6169743971425499,0.720199950711419,0.28651059085841696,0.3797984644913628,0.39864864864864863,100.0,100.0,4945,5908,969,28,6,0,0.005662285136501517,0.001015572105619499,0.0,0.8500000000000001,0.9,0.1,0.4,65.0,85.0,35.0,0.25,0.9,0.4,0.7000000000000001,70.0,65.0,70.0,4179,2938,1241,4179,0.2969609954534578,0.8912566408853779,1.0,0.8912566408853779,1624,0.5527569775357386,1.0,1
"iteration_1","SCOPE_DATA_COLLECTION",1000,50,3070.0,3130.0,2,6300,4179,1343,6167,4341,1320,6279,4168,1332,9,14,11,0.0014312977099236641,0.003347680535628886,0.008190618019359643,0.318480685231897,0.6169743971425499,1.0802999260671284,0.636961370463794,0.6169743971425499,0.720199950711419,0.28651059085841696,0.3797984644913628,0.39864864864864863,100.0,100.0,4945,5908,969,28,6,0,0.005662285136501517,0.001015572105619499,0.0,0.8500000000000001,0.9,0.1,0.4,65.0,85.0,35.0,0.25,0.9,0.4,0.7000000000000001,70.0,65.0,70.0,1359,933,426,1359,0.31346578366445915,1.5926668571183002,1.5,1.0617779047455336,593,0.6355841371918542,1.0,1
"iteration_1","SCOPE_DATA_COLLECTION",1000,51,3130.0,3190.0,0,6114,4179,1359,6300,4179,1343,4401,2932,936,1709,1241,426,0.2797054009819967,0.29738797028516656,0.31277533039647576,0.47099420733018155,0.8902145261386241,1.5866200878188803,0.9419884146603631,0.8902145261386241,1.057746725212587,0.4335378323108384,0.5521828103683493,0.6346153846153846,97.5,100.0,4871,1693,5088,50,1,3325,0.010264832683227263,5.906674542232723E-4,0.653498427672956,0.25,0.9,0.4,0.7000000000000001,70.0,65.0,70.0,0.65,0.9,0.9,0.9,70.0,25.0,30.0,6230,6219,11,6230,0.001765650080256822,0.32569139793295543,0.5,0.6513827958659109,1787,0.2873452323524682,1.0,1
"iteration_1","SCOPE_DATA_COLLECTION",1000,51,3130.0,3190.0,1,6114,4179,1359,6300,4179,1343,4401,2932,936,1709,1241,426,0.2797054009819967,0.29738797028516656,0.31277533039647576,0.47099420733018155,0.8902145261386241,1.5866200878188803,0.9419884146603631,0.8902145261386241,1.057746725212587,0.4335378323108384,0.5521828103683493,0.6346153846153846,97.5,100.0,4871,1693,5088,50,1,3325,0.010264832683227263,5.906674542232723E-4,0.653498427672956,0.25,0.9,0.4,0.7000000000000001,70.0,65.0,70.0,0.65,0.9,0.9,0.9,70.0,25.0,30.0,4247,4223,24,4247,0.0056510477984459614,0.6749940670055781,1.0,0.6749940670055781,1673,0.3961638645512669,1.0,1
"iteration_1","SCOPE_DATA_COLLECTION",1000,51,3130.0,3190.0,2,6114,4179,1359,6300,4179,1343,4401,2932,936,1709,1241,426,0.2797054009819967,0.29738797028516656,0.31277533039647576,0.47099420733018155,0.8902145261386241,1.5866200878188803,0.9419884146603631,0.8902145261386241,1.057746725212587,0.4335378323108384,0.5521828103683493,0.6346153846153846,97.5,100.0,4871,1693,5088,50,1,3325,0.010264832683227263,5.906674542232723E-4,0.653498427672956,0.25,0.9,0.4,0.7000000000000001,70.0,65.0,70.0,0.65,0.9,0.9,0.9,70.0,25.0,30.0,1296,1275,21,1296,0.016203703703703703,1.1458890061442928,1.5,0.7639260040961952,536,0.4203921568627451,1.0,1
"iteration_1","SCOPE_DATA_COLLECTION",1000,52,3190.0,3250.0,0,6230,4247,1296,6114,4179,1359,6227,4236,1273,11,24,21,0.0017633857005450466,0.005633802816901409,0.01622874806800618,0.3259253184337682,0.6732980919629651,1.1471190364444508,0.6518506368675364,0.6732980919629651,0.7647460242963006,0.2868154809699695,0.3949480642115203,0.42026708562450904,100.0,100.0,5061,4349,2363,54,2,0,0.01066982809721399,4.598758335249483E-4,0.0,0.65,0.9,0.9,0.9,70.0,25.0,30.0,0.6000000000000001,0.7000000000000001,0.2,0.1,45.0,70.0,75.0,6113,6104,9,6113,0.0014722722067724522,0.3116334744833365,0.5,0.623266948966673,1686,0.2762123197903014,1.0,1
"iteration_1","SCOPE_DATA_COLLECTION",1000,52,3190.0,3250.0,1,6230,4247,1296,6114,4179,1359,6227,4236,1273,11,24,21,0.0017633857005450466,0.005633802816901409,0.01622874806800618,0.3259253184337682,0.6732980919629651,1.1471190364444508,0.6518506368675364,0.6732980919629651,0.7647460242963006,0.2868154809699695,0.3949480642115203,0.42026708562450904,100.0,100.0,5061,4349,2363,54,2,0,0.01066982809721399,4.598758335249483E-4,0.0,0.65,0.9,0.9,0.9,70.0,25.0,30.0,0.6000000000000001,0.7000000000000001,0.2,0.1,45.0,70.0,75.0,4242,4236,6,4242,0.0014144271570014145,0.6136621063134784,1.0,0.6136621063134784,1550,0.3659112370160529,1.0,1
"iteration_1","SCOPE_DATA_COLLECTION",1000,52,3190.0,3250.0,2,6230,4247,1296,6114,4179,1359,6227,4236,1273,11,24,21,0.0017633857005450466,0.005633802816901409,0.01622874806800618,0.3259253184337682,0.6732980919629651,1.1471190364444508,0.6518506368675364,0.6732980919629651,0.7647460242963006,0.2868154809699695,0.3949480642115203,0.42026708562450904,100.0,100.0,5061,4349,2363,54,2,0,0.01066982809721399,4.598758335249483E-4,0.0,0.65,0.9,0.9,0.9,70.0,25.0,30.0,0.6000000000000001,0.7000000000000001,0.2,0.1,45.0,70.0,75.0,1361,1351,10,1361,0.0073475385745775165,1.1262199391688643,1.5,0.7508132927792429,585,0.43301258327165065,1.0,1
"iteration_1","SCOPE_DATA_COLLECTION",1000,53,3250.0,3310.0,0,6113,4242,1361,6230,4247,1296,6108,4234,1357,9,6,10,0.0014713094654242277,0.0014150943396226414,0.0073152889539136795,0.3112204117591121,0.614386908606242,1.1330041242383408,0.6224408235182242,0.614386908606242,0.7553360828255605,0.27619515389652916,0.36702881435994333,0.4355195283714075,97.5,100.0,4822,4133,2761,20,5,0,0.00414765657403567,0.0012097749818533753,0.0,0.6000000000000001,0.7000000000000001,0.2,0.1,45.0,70.0,75.0,0.2,0.4,0.8,0.6000000000000001,45.0,80.0,65.0,6137,4109,2028,6137,0.3304546195209386,0.5132075699349395,0.5,1.026415139869879,1762,0.42881479678753953,1.0,1
"iteration_1","SCOPE_DATA_COLLECTION",1000,53,3250.0,3310.0,1,6113,4242,1361,6230,4247,1296,6108,4234,1357,9,6,10,0.0014713094654242277,0.0014150943396226414,0.0073152889539136795,0.3112204117591121,0.614386908606242,1.1330041242383408,0.6224408235182242,0.614386908606242,0.7553360828255605,0.27619515389652916,0.36702881435994333,0.4355195283714075,97.5,100.0,4822,4133,2761,20,5,0,0.00414765657403567,0.0012097749818533753,0.0,0.6000000000000001,0.7000000000000001,0.2,0.1,45.0,70.0,75.0,0.2,0.4,0.8,0.6000000000000001,45.0,80.0,65.0,4145,2697,1448,4145,0.3493365500603136,1.0223676171903955,1.0,1.0223676171903955,1688,0.6258806080830552,1.0,1
"iteration_1","SCOPE_DATA_COLLECTION",1000,53,3250.0,3310.0,2,6113,4242,1361,6230,4247,1296,6108,4234,1357,9,6,10,0.0014713094654242277,0.0014150943396226414,0.0073152889539136795,0.3112204117591121,0.614386908606242,1.1330041242383408,0.6224408235182242,0.614386908606242,0.7553360828255605,0.27619515389652916,0.36702881435994333,0.4355195283714075,97.5,100.0,4822,4133,2761,20,5,0,0.00414765657403567,0.0012097749818533753,0.0,0.6000000000000001,0.7000000000000001,0.2,0.1,45.0,70.0,75.0,0.2,0.4,0.8,0.6000000000000001,45.0,80.0,65.0,1382,913,469,1382,0.3393632416787265,1.6348100707663267,1.5,1.0898733805108844,581,0.6363636363636364,1.0,1
"iteration_1","SCOPE_DATA_COLLECTION",1000,54,3310.0,3370.0,0,6137,4145,1382,6113,4242,1361,4106,2687,901,2028,1448,469,0.3306162373655038,0.3501813784764208,0.34233576642335767,0.5130737883202655,1.0184016137869696,1.6255184098911077,1.026147576640531,1.0184016137869696,1.0836789399274052,0.42815392109108624,0.6252326014142165,0.632630410654828,100.0,100.0,4960,1337,5367,66,0,3879,0.013306451612903225,0.0,0.7227501397428732,0.2,0.4,0.8,0.6000000000000001,45.0,80.0,65.0,0.2,0.4,0.8,0.6000000000000001,45.0,80.0,65.0,6350,4025,2325,6350,0.3661417322834646,0.5257989891521676,0.5,1.0515979783043352,1830,0.4546583850931677,1.0,1
"iteration_1","SCOPE_DATA_COLLECTION",1000,54,3310.0,3370.0,1,6137,4145,1382,6113,4242,1361,4106,2687,901,2028,1448,469,0.3306162373655038,0.3501813784764208,0.34233576642335767,0.5130737883202655,1.0184016137869696,1.6255184098911077,1.026147576640531,1.0184016137869696,1.0836789399274052,0.42815392109108624,0.6252326014142165,0.632630410654828,100.0,100.0,4960,1337,5367,66,0,3879,0.013306451612903225,0.0,0.7227501397428732,0.2,0.4,0.8,0.6000000000000001,45.0,80.0,65.0,0.2,0.4,0.8,0.6000000000000001,45.0,80.0,65.0,4210,2680,1530,4210,0.36342042755344417,1.0008548884517414,1.0,1.0008548884517414,1681,0.6272388059701492,1.0,1
"iteration_1","SCOPE_DATA_COLLECTION",1000,54,3310.0,3370.0,2,6137,4145,1382,6113,4242,1361,4106,2687,901,2028,1448,469,0.3306162373655038,0.3501813784764208,0.34233576642335767,0.5130737883202655,1.0184016137869696,1.6255184098911077,1.026147576640531,1.0184016137869696,1.0836789399274052,0.42815392109108624,0.6252326014142165,0.632630410654828,100.0,100.0,4960,1337,5367,66,0,3879,0.013306451612903225,0.0,0.7227501397428732,0.2,0.4,0.8,0.6000000000000001,45.0,80.0,65.0,0.2,0.4,0.8,0.6000000000000001,45.0,80.0,65.0,1333,823,510,1333,0.3825956489122281,1.7017709772500367,1.5,1.1345139848333579,572,0.6950182260024301,1.0,1
"iteration_1","SCOPE_DATA_COLLECTION",1000,55,3370.0,3430.0,0,6350,4210,1333,6137,4145,1382,3999,2660,828,2325,1530,510,0.36764705882352944,0.36515513126491644,0.3811659192825112,0.5230182858272137,0.9964478943655526,1.7047623122549276,1.0460365716544273,0.9964478943655526,1.1365082081699518,0.4536134033508377,0.6236842105263158,0.6968599033816425,97.5,100.0,4956,1350,5587,50,1,4314,0.010088781275221953,7.407407407407407E-4,0.7721496330767854,0.2,0.4,0.8,0.6000000000000001,45.0,80.0,65.0,0.8,0.8,0.7000000000000001,0.8,30.0,90.0,90.0,6087,6069,18,6087,0.002957121734844751,0.32320179490524675,0.5,0.6464035898104935,1771,0.2918108419838524,1.0,1
"iteration_1","SCOPE_DATA_COLLECTION",1000,55,3370.0,3430.0,1,6350,4210,1333,6137,4145,1382,3999,2660,828,2325,1530,510,0.36764705882352944,0.36515513126491644,0.3811659192825112,0.5230182858272137,0.9964478943655526,1.7047623122549276,1.0460365716544273,0.9964478943655526,1.1365082081699518,0.4536134033508377,0.6236842105263158,0.6968599033816425,97.5,100.0,4956,1350,5587,50,1,4314,0.010088781275221953,7.407407407407407E-4,0.7721496330767854,0.2,0.4,0.8,0.6000000000000001,45.0,80.0,65.0,0.8,0.8,0.7000000000000001,0.8,30.0,90.0,90.0,4292,4260,32,4292,0.007455731593662628,0.680980571701301,1.0,0.680980571701301,1693,0.39741784037558686,1.0,1
"iteration_1","SCOPE_DATA_COLLECTION",1000,55,3370.0,3430.0,2,6350,4210,1333,6137,4145,1382,3999,2660,828,2325,1530,510,0.36764705882352944,0.36515513126491644,0.3811659192825112,0.5230182858272137,0.9964478943655526,1.7047623122549276,1.0460365716544273,0.9964478943655526,1.1365082081699518,0.4536134033508377,0.6236842105263158,0.6968599033816425,97.5,100.0,4956,1350,5587,50,1,4314,0.010088781275221953,7.407407407407407E-4,0.7721496330767854,0.2,0.4,0.8,0.6000000000000001,45.0,80.0,65.0,0.8,0.8,0.7000000000000001,0.8,30.0,90.0,90.0,1279,1261,18,1279,0.014073494917904612,1.1263368691538223,1.5,0.7508912461025482,519,0.4115781126090404,1.0,1
"iteration_1","SCOPE_DATA_COLLECTION",1000,56,3430.0,3490.0,0,6087,4292,1279,6350,4210,1333,6091,4278,1269,17,32,17,0.002783235101506221,0.007424593967517401,0.013219284603421462,0.3260972868978487,0.6852254606573205,1.130405897044259,0.6521945737956975,0.6852254606573205,0.7536039313628393,0.2935478574946643,0.3999532491818607,0.41371158392434987,95.0,100.0,4971,5382,1305,53,0,13,0.010661838664252665,0.0,0.00996168582375479,0.8,0.8,0.7000000000000001,0.8,30.0,90.0,90.0,0.8,0.8,0.7000000000000001,0.8,30.0,90.0,90.0,6356,6338,18,6356,0.0028319697923222154,0.3220969463256094,0.5,0.6441938926512188,1812,0.2858946039760177,1.0,1
"iteration_1","SCOPE_DATA_COLLECTION",1000,56,3430.0,3490.0,1,6087,4292,1279,6350,4210,1333,6091,4278,1269,17,32,17,0.002783235101506221,0.007424593967517401,0.013219284603421462,0.3260972868978487,0.6852254606573205,1.130405897044259,0.6521945737956975,0.6852254606573205,0.7536039313628393,0.2935478574946643,0.3999532491818607,0.41371158392434987,95.0,100.0,4971,5382,1305,53,0,13,0.010661838664252665,0.0,0.00996168582375479,0.8,0.8,0.7000000000000001,0.8,30.0,90.0,90.0,0.8,0.8,0.7000000000000001,0.8,30.0,90.0,90.0,4151,4115,36,4151,0.008672609009877139,0.6659080738633502,1.0,0.6659080738633502,1576,0.3829890643985419,1.0,1
"iteration_1","SCOPE_DATA_COLLECTION",1000,56,3430.0,3490.0,2,6087,4292,1279,6350,4210,1333,6091,4278,1269,17,32,17,0.002783235101506221,0.007424593967517401,0.013219284603421462,0.3260972868978487,0.6852254606573205,1.130405897044259,0.6521945737956975,0.6852254606573205,0.7536039313628393,0.2935478574946643,0.3999532491818607,0.41371158392434987,95.0,100.0,4971,5382,1305,53,0,13,0.010661838664252665,0.0,0.00996168582375479,0.8,0.8,0.7000000000000001,0.8,30.0,90.0,90.0,0.8,0.8,0.7000000000000001,0.8,30.0,90.0,90.0,1342,1318,24,1342,0.01788375558867362,1.1509677253127528,1.5,0.7673118168751686,556,0.4218512898330804,1.0,1
"iteration_1","SCOPE_DATA_COLLECTION",1000,57,3490.0,3550.0,0,6356,4151,1342,6087,4292,1279,6338,4120,1315,17,33,25,0.0026750590086546027,0.007946063086925114,0.018656716417910446,0.3224526815325401,0.6665026947123235,1.1452679446847285,0.6449053630650802,0.6665026947123235,0.7635119631231523,0.2862101609340486,0.3825242718446602,0.41825095057034223,100.0,100.0,5015,5451,1383,72,3,0,0.014356929212362911,5.50357732526142E-4,0.0,0.8,0.8,0.7000000000000001,0.8,30.0,90.0,90.0,0.9,0.8,0.8,0.8,30.0,80.0,90.0,6260,6245,15,6260,0.0023961661341853034,0.3168754318023652,0.5,0.6337508636047304,1708,0.2734987990392314,1.0,1
"iteration_1","SCOPE_DATA_COLLECTION",1000,57,3490.0,3550.0,1,6356,4151,1342,6087,4292,1279,6338,4120,1315,17,33,25,0.0026750590086546027,0.007946063086925114,0.018656716417910446,0.3224526815325401,0.6665026947123235,1.1452679446847285,0.6449053630650802,0.6665026947123235,0.7635119631231523,0.2862101609340486,0.3825242718446602,0.41825095057034223,100.0,100.0,5015,5451,1383,72,3,0,0.014356929212362911,5.50357732526142E-4,0.0,0.8,0.8,0.7000000000000001,0.8,30.0,90.0,90.0,0.9,0.8,0.8,0.8,30.0,80.0,90.0,4251,4217,34,4251,0.007998118089861209,0.6782620350538169,1.0,0.6782620350538169,1669,0.3957789898031776,1.0,1
"iteration_1","SCOPE_DATA_COLLECTION",1000,57,3490.0,3550.0,2,6356,4151,1342,6087,4292,1279,6338,4120,1315,17,33,25,0.0026750590086546027,0.007946063086925114,0.018656716417910446,0.3224526815325401,0.6665026947123235,1.1452679446847285,0.6449053630650802,0.6665026947123235,0.7635119631231523,0.2862101609340486,0.3825242718446602,0.41825095057034223,100.0,100.0,5015,5451,1383,72,3,0,0.014356929212362911,5.50357732526142E-4,0.0,0.8,0.8,0.7000000000000001,0.8,30.0,90.0,90.0,0.9,0.8,0.8,0.8,30.0,80.0,90.0,1363,1344,19,1363,0.013939838591342627,1.100283224755078,1.5,0.7335221498367187,532,0.3958333333333333,1.0,1
"iteration_1","SCOPE_DATA_COLLECTION",1000,58,3550.0,3618.231267441922,0,6260,4251,1363,6356,4151,1342,6246,4217,1330,17,37,19,0.002714354143381766,0.008697696285848613,0.014084507042253521,0.3161111448424052,0.6801308826812892,1.0974848450202221,0.6322222896848104,0.6801308826812892,0.7316565633468147,0.2734550112071726,0.3979132084420204,0.39473684210526316,100.0,100.0,4974,6223,677,69,4,0,0.013872135102533172,6.427767957576731E-4,0.0,0.9,0.8,0.8,0.8,30.0,80.0,90.0,0.8500000000000001,0.4,0.2,0.2,85.0,85.0,85.0,5206,5163,4,5167,7.74143603638475E-4,0.30656162252772606,0.5,0.6131232450554521,1357,0.26283168700368004,0.9925086438724549,0
"iteration_1","SCOPE_DATA_COLLECTION",1000,58,3550.0,3618.231267441922,1,6260,4251,1363,6356,4151,1342,6246,4217,1330,17,37,19,0.002714354143381766,0.008697696285848613,0.014084507042253521,0.3161111448424052,0.6801308826812892,1.0974848450202221,0.6322222896848104,0.6801308826812892,0.7316565633468147,0.2734550112071726,0.3979132084420204,0.39473684210526316,100.0,100.0,4974,6223,677,69,4,0,0.013872135102533172,6.427767957576731E-4,0.0,0.9,0.8,0.8,0.8,30.0,80.0,90.0,0.8500000000000001,0.4,0.2,0.2,85.0,85.0,85.0,3504,3450,7,3457,0.00202487706103558,0.6318549281896787,1.0,0.6318549281896787,1289,0.3736231884057971,0.9865867579908676,0
"iteration_1","SCOPE_DATA_COLLECTION",1000,58,3550.0,3618.231267441922,2,6260,4251,1363,6356,4151,1342,6246,4217,1330,17,37,19,0.002714354143381766,0.008697696285848613,0.014084507042253521,0.3161111448424052,0.6801308826812892,1.0974848450202221,0.6322222896848104,0.6801308826812892,0.7316565633468147,0.2734550112071726,0.3979132084420204,0.39473684210526316,100.0,100.0,4974,6223,677,69,4,0,0.013872135102533172,6.427767957576731E-4,0.0,0.9,0.8,0.8,0.8,30.0,80.0,90.0,0.8500000000000001,0.4,0.2,0.2,85.0,85.0,85.0,1172,1130,9,1139,0.007901668129938543,1.054834059868978,1.5,0.7032227065793187,435,0.38495575221238937,0.9718430034129693,0
"iteration_1","SCOPE_DATA_COLLECTION",1100,0,70.0,130.0,0,6228,4434,1316,0,0,0,6185,4378,1282,6,15,10,9.691487643353255E-4,0.0034145231049396768,0.007739938080495356,0.313651863474906,0.672816290324168,1.045790880329004,0.627303726949812,0.672816290324168,0.6971939202193359,0.27469684721099435,0.38305162174508905,0.37285491419656785,97.5,100.0,4958,4189,2831,29,2,0,0.005849132714804356,4.7744091668656003E-4,0.0,0.6,0.5,0.7,0.4,85.0,80.0,90.0,0.15000000000000002,0.7000000000000001,0.7000000000000001,0.9,60.0,80.0,80.0,6954,3931,3023,6954,0.4347138337647397,0.48669546155161797,0.5,0.9733909231032359,1902,0.4838463495293818,1.0,1
"iteration_1","SCOPE_DATA_COLLECTION",1100,0,70.0,130.0,1,6228,4434,1316,0,0,0,6185,4378,1282,6,15,10,9.691487643353255E-4,0.0034145231049396768,0.007739938080495356,0.313651863474906,0.672816290324168,1.045790880329004,0.627303726949812,0.672816290324168,0.6971939202193359,0.27469684721099435,0.38305162174508905,0.37285491419656785,97.5,100.0,4958,4189,2831,29,2,0,0.005849132714804356,4.7744091668656003E-4,0.0,0.6,0.5,0.7,0.4,85.0,80.0,90.0,0.15000000000000002,0.7000000000000001,0.7000000000000001,0.9,60.0,80.0,80.0,4886,2714,2172,4886,0.4445354072861236,1.0107905684051928,1.0,1.0107905684051928,1756,0.6470154753131908,1.0,1
"iteration_1","SCOPE_DATA_COLLECTION",1100,0,70.0,130.0,2,6228,4434,1316,0,0,0,6185,4378,1282,6,15,10,9.691487643353255E-4,0.0034145231049396768,0.007739938080495356,0.313651863474906,0.672816290324168,1.045790880329004,0.627303726949812,0.672816290324168,0.6971939202193359,0.27469684721099435,0.38305162174508905,0.37285491419656785,97.5,100.0,4958,4189,2831,29,2,0,0.005849132714804356,4.7744091668656003E-4,0.0,0.6,0.5,0.7,0.4,85.0,80.0,90.0,0.15000000000000002,0.7000000000000001,0.7000000000000001,0.9,60.0,80.0,80.0,1424,757,667,1424,0.4683988764044944,1.639733833565078,1.5,1.0931558890433852,501,0.6618229854689565,1.0,1
"iteration_1","SCOPE_DATA_COLLECTION",1100,1,130.0,190.0,0,6954,4886,1424,6228,4434,1316,3943,2709,758,3023,2172,667,0.43396497272466267,0.44499078057775043,0.46807017543859647,0.48716189427348827,1.006779148139267,1.6334093378879648,0.9743237885469765,1.006779148139267,1.0889395585919766,0.48516358102967283,0.64562569213732,0.6596306068601583,97.5,100.0,5181,1261,6822,65,2,5795,0.012545840571318278,0.0015860428231562252,0.8494576370565816,0.15000000000000002,0.7000000000000001,0.7000000000000001,0.9,60.0,80.0,80.0,0.1,0.30000000000000004,0.30000000000000004,0.8,35.0,65.0,40.0,6754,3213,3541,6754,0.5242819070180633,0.5294032193865832,0.5,1.0588064387731664,1677,0.5219421101774043,1.0,1
"iteration_1","SCOPE_DATA_COLLECTION",1100,1,130.0,190.0,1,6954,4886,1424,6228,4434,1316,3943,2709,758,3023,2172,667,0.43396497272466267,0.44499078057775043,0.46807017543859647,0.48716189427348827,1.006779148139267,1.6334093378879648,0.9743237885469765,1.006779148139267,1.0889395585919766,0.48516358102967283,0.64562569213732,0.6596306068601583,97.5,100.0,5181,1261,6822,65,2,5795,0.012545840571318278,0.0015860428231562252,0.8494576370565816,0.15000000000000002,0.7000000000000001,0.7000000000000001,0.9,60.0,80.0,80.0,0.1,0.30000000000000004,0.30000000000000004,0.8,35.0,65.0,40.0,4966,2358,2608,4966,0.5251711639146194,1.1084558273024427,1.0,1.1084558273024427,1788,0.7582697201017812,1.0,1
"iteration_1","SCOPE_DATA_COLLECTION",1100,1,130.0,190.0,2,6954,4886,1424,6228,4434,1316,3943,2709,758,3023,2172,667,0.43396497272466267,0.44499078057775043,0.46807017543859647,0.48716189427348827,1.006779148139267,1.6334093378879648,0.9743237885469765,1.006779148139267,1.0889395585919766,0.48516358102967283,0.64562569213732,0.6596306068601583,97.5,100.0,5181,1261,6822,65,2,5795,0.012545840571318278,0.0015860428231562252,0.8494576370565816,0.15000000000000002,0.7000000000000001,0.7000000000000001,0.9,60.0,80.0,80.0,0.1,0.30000000000000004,0.30000000000000004,0.8,35.0,65.0,40.0,1484,717,767,1484,0.5168463611859838,1.8875450067639246,1.5,1.2583633378426164,578,0.806136680613668,1.0,1
"iteration_1","SCOPE_DATA_COLLECTION",1100,2,190.0,250.0,0,6754,4966,1484,6954,4886,1424,3209,2357,724,3541,2608,767,0.5245925925925926,0.5252769385699899,0.5144198524480215,0.5288286266457055,1.106606137031114,1.887980208944882,1.057657253291411,1.106606137031114,1.2586534726299214,0.5213462137737613,0.7573186253712346,0.8066298342541437,100.0,100.0,5016,811,7377,55,0,6861,0.010964912280701754,0.0,0.9300528670191135,0.1,0.30000000000000004,0.30000000000000004,0.8,35.0,65.0,40.0,0.2,0.2,0.4,0.7000000000000001,45.0,75.0,50.0,6749,3581,3168,6749,0.4694028744999259,0.44076755272135054,0.5,0.8815351054427011,1506,0.42055291817927953,1.0,1
"iteration_1","SCOPE_DATA_COLLECTION",1100,2,190.0,250.0,1,6754,4966,1484,6954,4886,1424,3209,2357,724,3541,2608,767,0.5245925925925926,0.5252769385699899,0.5144198524480215,0.5288286266457055,1.106606137031114,1.887980208944882,1.057657253291411,1.106606137031114,1.2586534726299214,0.5213462137737613,0.7573186253712346,0.8066298342541437,100.0,100.0,5016,811,7377,55,0,6861,0.010964912280701754,0.0,0.9300528670191135,0.1,0.30000000000000004,0.30000000000000004,0.8,35.0,65.0,40.0,0.2,0.2,0.4,0.7000000000000001,45.0,75.0,50.0,4769,2500,2269,4769,0.47578108618158943,1.0054594420706795,1.0,1.0054594420706795,1682,0.6728,1.0,1
"iteration_1","SCOPE_DATA_COLLECTION",1100,2,190.0,250.0,2,6754,4966,1484,6954,4886,1424,3209,2357,724,3541,2608,767,0.5245925925925926,0.5252769385699899,0.5144198524480215,0.5288286266457055,1.106606137031114,1.887980208944882,1.057657253291411,1.106606137031114,1.2586534726299214,0.5213462137737613,0.7573186253712346,0.8066298342541437,100.0,100.0,5016,811,7377,55,0,6861,0.010964912280701754,0.0,0.9300528670191135,0.1,0.30000000000000004,0.30000000000000004,0.8,35.0,65.0,40.0,0.2,0.2,0.4,0.7000000000000001,45.0,75.0,50.0,1380,723,657,1380,0.47608695652173916,1.756692892713884,1.5,1.1711285951425894,539,0.7455048409405256,1.0,1
"iteration_1","SCOPE_DATA_COLLECTION",1100,3,250.0,310.0,0,6749,4769,1380,6754,4966,1484,3582,2510,715,3168,2269,657,0.4693333333333333,0.4747855199832601,0.47886297376093295,0.4411118410408504,1.010056130131858,1.7571354138658397,0.8822236820817008,1.010056130131858,1.1714236092438932,0.4204355108877722,0.6745019920318726,0.7440559440559441,100.0,100.0,5111,1564,6223,48,1,6045,0.009391508511054587,6.393861892583121E-4,0.9713964325887835,0.2,0.2,0.4,0.7000000000000001,45.0,75.0,50.0,0.1,0.2,0.4,0.6000000000000001,35.0,85.0,50.0,6830,3164,3666,6830,0.5367496339677892,0.5001478624811366,0.5,1.0002957249622733,1577,0.4984197218710493,1.0,1
"iteration_1","SCOPE_DATA_COLLECTION",1100,3,250.0,310.0,1,6749,4769,1380,6754,4966,1484,3582,2510,715,3168,2269,657,0.4693333333333333,0.4747855199832601,0.47886297376093295,0.4411118410408504,1.010056130131858,1.7571354138658397,0.8822236820817008,1.010056130131858,1.1714236092438932,0.4204355108877722,0.6745019920318726,0.7440559440559441,100.0,100.0,5111,1564,6223,48,1,6045,0.009391508511054587,6.393861892583121E-4,0.9713964325887835,0.2,0.2,0.4,0.7000000000000001,45.0,75.0,50.0,0.1,0.2,0.4,0.6000000000000001,35.0,85.0,50.0,4860,2208,2652,4860,0.5456790123456791,1.1632670113193333,1.0,1.1632670113193333,1757,0.7957427536231884,1.0,1
"iteration_1","SCOPE_DATA_COLLECTION",1100,3,250.0,310.0,2,6749,4769,1380,6754,4966,1484,3582,2510,715,3168,2269,657,0.4693333333333333,0.4747855199832601,0.47886297376093295,0.4411118410408504,1.010056130131858,1.7571354138658397,0.8822236820817008,1.010056130131858,1.1714236092438932,0.4204355108877722,0.6745019920318726,0.7440559440559441,100.0,100.0,5111,1564,6223,48,1,6045,0.009391508511054587,6.393861892583121E-4,0.9713964325887835,0.2,0.2,0.4,0.7000000000000001,45.0,75.0,50.0,0.1,0.2,0.4,0.6000000000000001,35.0,85.0,50.0,1435,615,820,1435,0.5714285714285714,1.9789219839153607,1.5,1.3192813226102404,533,0.8666666666666667,1.0,1
"iteration_1","SCOPE_DATA_COLLECTION",1100,4,310.0,370.0,0,6830,4860,1435,6749,4769,1380,3155,2186,614,3666,2652,820,0.5374578507550213,0.5481603968582058,0.5718270571827058,0.4980826376879913,1.16047660729653,1.9838405706780826,0.9961652753759827,1.16047660729653,1.3225603804520552,0.4957210776545166,0.8010064043915828,0.8713355048859935,100.0,100.0,5199,781,7145,50,1,7087,0.009617234083477592,0.0012804097311139564,0.9918824352694192,0.1,0.2,0.4,0.6000000000000001,35.0,85.0,50.0,0.05,0.30000000000000004,0.5,0.6000000000000001,35.0,85.0,50.0,6758,2874,3884,6758,0.574726250369932,0.5422825860190843,0.5,1.0845651720381686,1642,0.5713291579679889,1.0,1
"iteration_1","SCOPE_DATA_COLLECTION",1100,4,310.0,370.0,1,6830,4860,1435,6749,4769,1380,3155,2186,614,3666,2652,820,0.5374578507550213,0.5481603968582058,0.5718270571827058,0.4980826376879913,1.16047660729653,1.9838405706780826,0.9961652753759827,1.16047660729653,1.3225603804520552,0.4957210776545166,0.8010064043915828,0.8713355048859935,100.0,100.0,5199,781,7145,50,1,7087,0.009617234083477592,0.0012804097311139564,0.9918824352694192,0.1,0.2,0.4,0.6000000000000001,35.0,85.0,50.0,0.05,0.30000000000000004,0.5,0.6000000000000001,35.0,85.0,50.0,4784,1983,2801,4784,0.5854933110367893,1.2553634301425718,1.0,1.2553634301425718,1740,0.8774583963691377,1.0,1
"iteration_1","SCOPE_DATA_COLLECTION",1100,4,310.0,370.0,2,6830,4860,1435,6749,4769,1380,3155,2186,614,3666,2652,820,0.5374578507550213,0.5481603968582058,0.5718270571827058,0.4980826376879913,1.16047660729653,1.9838405706780826,0.9961652753759827,1.16047660729653,1.3225603804520552,0.4957210776545166,0.8010064043915828,0.8713355048859935,100.0,100.0,5199,781,7145,50,1,7087,0.009617234083477592,0.0012804097311139564,0.9918824352694192,0.1,0.2,0.4,0.6000000000000001,35.0,85.0,50.0,0.05,0.30000000000000004,0.5,0.6000000000000001,35.0,85.0,50.0,1450,595,855,1450,0.5896551724137931,2.1309469569691517,1.5,1.4206313046461012,553,0.9294117647058824,1.0,1
"iteration_1","SCOPE_DATA_COLLECTION",1100,5,370.0,430.0,0,6758,4784,1450,6830,4860,1435,2885,1992,602,3884,2801,855,0.5737922883734673,0.5843939077821824,0.5868222374742622,0.5447076077334344,1.2527465754609752,2.120759998479797,1.0894152154668688,1.2527465754609752,1.4138399989865313,0.5753899480069324,0.8684738955823293,0.9235880398671097,100.0,100.0,5121,388,7483,57,0,7483,0.011130638547158758,0.0,1.0,0.05,0.30000000000000004,0.5,0.6000000000000001,35.0,85.0,50.0,0.05,0.1,0.30000000000000004,0.30000000000000004,25.0,60.0,40.0,6800,2947,3853,6800,0.5666176470588236,0.5045889027749354,0.5,1.0091778055498708,1482,0.502884289107567,1.0,1
"iteration_1","SCOPE_DATA_COLLECTION",1100,5,370.0,430.0,1,6758,4784,1450,6830,4860,1435,2885,1992,602,3884,2801,855,0.5737922883734673,0.5843939077821824,0.5868222374742622,0.5447076077334344,1.2527465754609752,2.120759998479797,1.0894152154668688,1.2527465754609752,1.4138399989865313,0.5753899480069324,0.8684738955823293,0.9235880398671097,100.0,100.0,5121,388,7483,57,0,7483,0.011130638547158758,0.0,1.0,0.05,0.30000000000000004,0.5,0.6000000000000001,35.0,85.0,50.0,0.05,0.1,0.30000000000000004,0.30000000000000004,25.0,60.0,40.0,4753,2055,2698,4753,0.567641489585525,1.2185100002178892,1.0,1.2185100002178892,1787,0.8695863746958638,1.0,1
"iteration_1","SCOPE_DATA_COLLECTION",1100,5,370.0,430.0,2,6758,4784,1450,6830,4860,1435,2885,1992,602,3884,2801,855,0.5737922883734673,0.5843939077821824,0.5868222374742622,0.5447076077334344,1.2527465754609752,2.120759998479797,1.0894152154668688,1.2527465754609752,1.4138399989865313,0.5753899480069324,0.8684738955823293,0.9235880398671097,100.0,100.0,5121,388,7483,57,0,7483,0.011130638547158758,0.0,1.0,0.05,0.30000000000000004,0.5,0.6000000000000001,35.0,85.0,50.0,0.05,0.1,0.30000000000000004,0.30000000000000004,25.0,60.0,40.0,1466,574,892,1466,0.6084583901773534,2.097376410144484,1.5,1.3982509400963226,540,0.9407665505226481,1.0,1
"iteration_1","SCOPE_DATA_COLLECTION",1100,6,430.0,490.0,0,6800,4753,1466,6758,4784,1450,2946,2063,574,3853,2698,892,0.5667009854390351,0.5666876706574249,0.6084583901773534,0.5052957255129407,1.2178681530520934,2.1032145139425222,1.0105914510258813,1.2178681530520934,1.402143009295015,0.5044127630685675,0.8700920988851187,0.9442508710801394,100.0,100.0,5231,381,7407,36,0,7407,0.006882049321353469,0.0,1.0,0.05,0.1,0.30000000000000004,0.30000000000000004,25.0,60.0,40.0,0.65,0.6000000000000001,0.30000000000000004,0.2,25.0,90.0,85.0,6869,6850,19,6869,0.0027660503712330763,0.30492757251235536,0.5,0.6098551450247107,1832,0.2674452554744526,1.0,1
"iteration_1","SCOPE_DATA_COLLECTION",1100,6,430.0,490.0,1,6800,4753,1466,6758,4784,1450,2946,2063,574,3853,2698,892,0.5667009854390351,0.5666876706574249,0.6084583901773534,0.5052957255129407,1.2178681530520934,2.1032145139425222,1.0105914510258813,1.2178681530520934,1.402143009295015,0.5044127630685675,0.8700920988851187,0.9442508710801394,100.0,100.0,5231,381,7407,36,0,7407,0.006882049321353469,0.0,1.0,0.05,0.1,0.30000000000000004,0.30000000000000004,25.0,60.0,40.0,0.65,0.6000000000000001,0.30000000000000004,0.2,25.0,90.0,85.0,4846,4830,16,4846,0.0033016921172100704,0.6154074290914776,1.0,0.6154074290914776,1694,0.3507246376811594,1.0,1
"iteration_1","SCOPE_DATA_COLLECTION",1100,6,430.0,490.0,2,6800,4753,1466,6758,4784,1450,2946,2063,574,3853,2698,892,0.5667009854390351,0.5666876706574249,0.6084583901773534,0.5052957255129407,1.2178681530520934,2.1032145139425222,1.0105914510258813,1.2178681530520934,1.402143009295015,0.5044127630685675,0.8700920988851187,0.9442508710801394,100.0,100.0,5231,381,7407,36,0,7407,0.006882049321353469,0.0,1.0,0.05,0.1,0.30000000000000004,0.30000000000000004,25.0,60.0,40.0,0.65,0.6000000000000001,0.30000000000000004,0.2,25.0,90.0,85.0,1430,1414,16,1430,0.011188811188811189,1.0470859525271605,1.5,0.6980573016847736,534,0.37765205091937765,1.0,1
"iteration_1","SCOPE_DATA_COLLECTION",1100,7,490.0,550.0,0,6869,4846,1430,6800,4753,1466,6849,4815,1404,19,16,16,0.002766453115899825,0.0033119436969571516,0.011267605633802818,0.30527347630892204,0.6159180955955359,1.0561756292833002,0.6105469526178441,0.6159180955955359,0.7041170861888668,0.26763031099430573,0.34994807892004154,0.3817663817663818,100.0,100.0,5019,5181,2945,24,7,20,0.004781829049611476,0.0013510905230650454,0.006791171477079796,0.65,0.6000000000000001,0.30000000000000004,0.2,25.0,90.0,85.0,0.15000000000000002,0.8,0.8,0.8,50.0,80.0,60.0,6851,3364,3487,6851,0.5089767917092395,0.5280581815543874,0.5,1.0561163631087749,1862,0.5535077288941737,1.0,1
"iteration_1","SCOPE_DATA_COLLECTION",1100,7,490.0,550.0,1,6869,4846,1430,6800,4753,1466,6849,4815,1404,19,16,16,0.002766453115899825,0.0033119436969571516,0.011267605633802818,0.30527347630892204,0.6159180955955359,1.0561756292833002,0.6105469526178441,0.6159180955955359,0.7041170861888668,0.26763031099430573,0.34994807892004154,0.3817663817663818,100.0,100.0,5019,5181,2945,24,7,20,0.004781829049611476,0.0013510905230650454,0.006791171477079796,0.65,0.6000000000000001,0.30000000000000004,0.2,25.0,90.0,85.0,0.15000000000000002,0.8,0.8,0.8,50.0,80.0,60.0,4962,2353,2609,4962,0.5257960499798469,1.126878952594987,1.0,1.126878952594987,1774,0.753931151721207,1.0,1
"iteration_1","SCOPE_DATA_COLLECTION",1100,7,490.0,550.0,2,6869,4846,1430,6800,4753,1466,6849,4815,1404,19,16,16,0.002766453115899825,0.0033119436969571516,0.011267605633802818,0.30527347630892204,0.6159180955955359,1.0561756292833002,0.6105469526178441,0.6159180955955359,0.7041170861888668,0.26763031099430573,0.34994807892004154,0.3817663817663818,100.0,100.0,5019,5181,2945,24,7,20,0.004781829049611476,0.0013510905230650454,0.006791171477079796,0.65,0.6000000000000001,0.30000000000000004,0.2,25.0,90.0,85.0,0.15000000000000002,0.8,0.8,0.8,50.0,80.0,60.0,1424,682,742,1424,0.5210674157303371,1.809579547133486,1.5,1.2063863647556572,517,0.7580645161290323,1.0,1
"iteration_1","SCOPE_DATA_COLLECTION",1100,8,550.0,610.0,0,6851,4962,1424,6869,4846,1430,3365,2364,689,3487,2609,741,0.5089025102159953,0.5246330182988136,0.5181818181818182,0.5243544640526824,1.1200578415524938,1.7732933680921472,1.0487089281053648,1.1200578415524938,1.1821955787280982,0.5506686478454681,0.7516920473773265,0.7402031930333817,100.0,100.0,5184,1197,6856,68,1,6768,0.013117283950617283,8.35421888053467E-4,0.9871645274212368,0.15000000000000002,0.8,0.8,0.8,50.0,80.0,60.0,0.15000000000000002,0.9,0.8,0.7000000000000001,50.0,80.0,60.0,6732,3315,3417,6732,0.5075757575757576,0.5290613185719792,0.5,1.0581226371439585,1796,0.5417797888386123,1.0,1
"iteration_1","SCOPE_DATA_COLLECTION",1100,8,550.0,610.0,1,6851,4962,1424,6869,4846,1430,3365,2364,689,3487,2609,741,0.5089025102159953,0.5246330182988136,0.5181818181818182,0.5243544640526824,1.1200578415524938,1.7732933680921472,1.0487089281053648,1.1200578415524938,1.1821955787280982,0.5506686478454681,0.7516920473773265,0.7402031930333817,100.0,100.0,5184,1197,6856,68,1,6768,0.013117283950617283,8.35421888053467E-4,0.9871645274212368,0.15000000000000002,0.8,0.8,0.8,50.0,80.0,60.0,0.15000000000000002,0.9,0.8,0.7000000000000001,50.0,80.0,60.0,4784,2342,2442,4784,0.5104515050167224,1.1453844018461423,1.0,1.1453844018461423,1781,0.7604611443210931,1.0,1
"iteration_1","SCOPE_DATA_COLLECTION",1100,8,550.0,610.0,2,6851,4962,1424,6869,4846,1430,3365,2364,689,3487,2609,741,0.5089025102159953,0.5246330182988136,0.5181818181818182,0.5243544640526824,1.1200578415524938,1.7732933680921472,1.0487089281053648,1.1200578415524938,1.1821955787280982,0.5506686478454681,0.7516920473773265,0.7402031930333817,100.0,100.0,5184,1197,6856,68,1,6768,0.013117283950617283,8.35421888053467E-4,0.9871645274212368,0.15000000000000002,0.8,0.8,0.8,50.0,80.0,60.0,0.15000000000000002,0.9,0.8,0.7000000000000001,50.0,80.0,60.0,1423,646,777,1423,0.5460295151089248,1.853765111390293,1.5,1.2358434075935287,505,0.781733746130031,1.0,1
"iteration_1","SCOPE_DATA_COLLECTION",1100,9,610.0,670.0,0,6732,4784,1423,6851,4962,1424,3305,2344,638,3417,2442,778,0.5083308539125261,0.5102381947346427,0.5494350282485876,0.5287517150701115,1.1473620534746882,1.8569519571442328,1.057503430140223,1.1473620534746882,1.2379679714294884,0.540090771558245,0.761518771331058,0.7821316614420063,97.5,100.0,5120,1174,6645,58,1,6578,0.011328125,8.517887563884157E-4,0.9899172310007525,0.15000000000000002,0.9,0.8,0.7000000000000001,50.0,80.0,60.0,0.9500000000000001,0.2,0.8,0.7000000000000001,30.0,95.0,60.0,6720,6706,14,6720,0.0020833333333333333,0.29086486197015826,0.5,0.5817297239403165,1508,0.22487324783775722,1.0,1
"iteration_1","SCOPE_DATA_COLLECTION",1100,9,610.0,670.0,1,6732,4784,1423,6851,4962,1424,3305,2344,638,3417,2442,778,0.5083308539125261,0.5102381947346427,0.5494350282485876,0.5287517150701115,1.1473620534746882,1.8569519571442328,1.057503430140223,1.1473620534746882,1.2379679714294884,0.540090771558245,0.761518771331058,0.7821316614420063,97.5,100.0,5120,1174,6645,58,1,6578,0.011328125,8.517887563884157E-4,0.9899172310007525,0.15000000000000002,0.9,0.8,0.7000000000000001,50.0,80.0,60.0,0.9500000000000001,0.2,0.8,0.7000000000000001,30.0,95.0,60.0,4839,4804,35,4839,0.007232899359371771,0.6620833343262572,1.0,0.6620833343262572,1802,0.37510407993338885,1.0,1
"iteration_1","SCOPE_DATA_COLLECTION",1100,9,610.0,670.0,2,6732,4784,1423,6851,4962,1424,3305,2344,638,3417,2442,778,0.5083308539125261,0.5102381947346427,0.5494350282485876,0.5287517150701115,1.1473620534746882,1.8569519571442328,1.057503430140223,1.1473620534746882,1.2379679714294884,0.540090771558245,0.761518771331058,0.7821316614420063,97.5,100.0,5120,1174,6645,58,1,6578,0.011328125,8.517887563884157E-4,0.9899172310007525,0.15000000000000002,0.9,0.8,0.7000000000000001,50.0,80.0,60.0,0.9500000000000001,0.2,0.8,0.7000000000000001,30.0,95.0,60.0,1436,1414,22,1436,0.01532033426183844,1.0848660629052194,1.5,0.7232440419368129,543,0.384016973125884,1.0,1
"iteration_1","SCOPE_DATA_COLLECTION",1100,10,670.0,730.0,0,6720,4839,1436,6732,4784,1423,6706,4799,1413,14,35,22,0.0020833333333333333,0.007240380637153496,0.015331010452961672,0.2912315773563356,0.6633169533932818,1.0919054833667798,0.5824631547126712,0.6633169533932818,0.7279369889111865,0.22591708917387415,0.3761200250052094,0.3878273177636235,97.5,100.0,5144,7460,391,56,6,9,0.01088646967340591,8.042895442359249E-4,0.023017902813299233,0.9500000000000001,0.2,0.8,0.7000000000000001,30.0,95.0,60.0,0.9500000000000001,0.2,0.8,0.7000000000000001,30.0,95.0,60.0,6675,6663,12,6675,0.0017977528089887641,0.28947479919575014,0.5,0.5789495983915003,1557,0.23367852318775326,1.0,1
"iteration_1","SCOPE_DATA_COLLECTION",1100,10,670.0,730.0,1,6720,4839,1436,6732,4784,1423,6706,4799,1413,14,35,22,0.0020833333333333333,0.007240380637153496,0.015331010452961672,0.2912315773563356,0.6633169533932818,1.0919054833667798,0.5824631547126712,0.6633169533932818,0.7279369889111865,0.22591708917387415,0.3761200250052094,0.3878273177636235,97.5,100.0,5144,7460,391,56,6,9,0.01088646967340591,8.042895442359249E-4,0.023017902813299233,0.9500000000000001,0.2,0.8,0.7000000000000001,30.0,95.0,60.0,0.9500000000000001,0.2,0.8,0.7000000000000001,30.0,95.0,60.0,4914,4882,32,4914,0.006512006512006512,0.6605127152159872,1.0,0.6605127152159872,1857,0.38037689471528063,1.0,1
"iteration_1","SCOPE_DATA_COLLECTION",1100,10,670.0,730.0,2,6720,4839,1436,6732,4784,1423,6706,4799,1413,14,35,22,0.0020833333333333333,0.007240380637153496,0.015331010452961672,0.2912315773563356,0.6633169533932818,1.0919054833667798,0.5824631547126712,0.6633169533932818,0.7279369889111865,0.22591708917387415,0.3761200250052094,0.3878273177636235,97.5,100.0,5144,7460,391,56,6,9,0.01088646967340591,8.042895442359249E-4,0.023017902813299233,0.9500000000000001,0.2,0.8,0.7000000000000001,30.0,95.0,60.0,0.9500000000000001,0.2,0.8,0.7000000000000001,30.0,95.0,60.0,1443,1414,29,1443,0.020097020097020097,1.0860435450390205,1.5,0.7240290300260136,544,0.38472418670438474,1.0,1
"iteration_1","SCOPE_DATA_COLLECTION",1100,11,730.0,790.0,0,6675,4914,1443,6720,4839,1436,6665,4878,1415,12,32,29,0.0017972143178073986,0.006517311608961304,0.02008310249307479,0.29111059517493965,0.6612565398145787,1.0818952595144933,0.5822211903498793,0.6612565398145787,0.7212635063429955,0.23405851462865718,0.3804838048380484,0.38303886925795055,100.0,100.0,5167,7467,398,64,9,0,0.0123862976582156,0.0012053033346725592,0.0,0.9500000000000001,0.2,0.8,0.7000000000000001,30.0,95.0,60.0,0.9500000000000001,0.30000000000000004,0.9,0.8,30.0,85.0,70.0,6582,6563,19,6582,0.0028866605894864784,0.30246628913473034,0.5,0.6049325782694607,1651,0.25156178576870336,1.0,1
"iteration_1","SCOPE_DATA_COLLECTION",1100,11,730.0,790.0,1,6675,4914,1443,6720,4839,1436,6665,4878,1415,12,32,29,0.0017972143178073986,0.006517311608961304,0.02008310249307479,0.29111059517493965,0.6612565398145787,1.0818952595144933,0.5822211903498793,0.6612565398145787,0.7212635063429955,0.23405851462865718,0.3804838048380484,0.38303886925795055,100.0,100.0,5167,7467,398,64,9,0,0.0123862976582156,0.0012053033346725592,0.0,0.9500000000000001,0.2,0.8,0.7000000000000001,30.0,95.0,60.0,0.9500000000000001,0.30000000000000004,0.9,0.8,30.0,85.0,70.0,4878,4846,32,4878,0.006560065600656006,0.6585414125013564,1.0,0.6585414125013564,1806,0.37267849773008666,1.0,1
"iteration_1","SCOPE_DATA_COLLECTION",1100,11,730.0,790.0,2,6675,4914,1443,6720,4839,1436,6665,4878,1415,12,32,29,0.0017972143178073986,0.006517311608961304,0.02008310249307479,0.29111059517493965,0.6612565398145787,1.0818952595144933,0.5822211903498793,0.6612565398145787,0.7212635063429955,0.23405851462865718,0.3804838048380484,0.38303886925795055,100.0,100.0,5167,7467,398,64,9,0,0.0123862976582156,0.0012053033346725592,0.0,0.9500000000000001,0.2,0.8,0.7000000000000001,30.0,95.0,60.0,0.9500000000000001,0.30000000000000004,0.9,0.8,30.0,85.0,70.0,1413,1384,29,1413,0.020523708421797595,1.1150249322731676,1.5,0.7433499548487784,545,0.39378612716763006,1.0,1
"iteration_1","SCOPE_DATA_COLLECTION",1100,12,790.0,850.0,0,6582,4878,1413,6675,4914,1443,6569,4843,1389,19,32,29,0.0028840315725561626,0.006564102564102564,0.020451339915373765,0.3020483577880378,0.6552747557340833,1.1163116394332953,0.6040967155760756,0.6552747557340833,0.7442077596221969,0.251636474349216,0.3710510014453851,0.3952483801295896,100.0,100.0,5161,7348,364,73,7,0,0.014144545630691726,9.526401741970605E-4,0.0,0.9500000000000001,0.30000000000000004,0.9,0.8,30.0,85.0,70.0,0.9500000000000001,0.30000000000000004,0.9,0.8,30.0,85.0,70.0,6654,6641,13,6654,0.001953712052900511,0.30321693429493374,0.5,0.6064338685898675,1671,0.2516187321186568,1.0,1
"iteration_1","SCOPE_DATA_COLLECTION",1100,12,790.0,850.0,1,6582,4878,1413,6675,4914,1443,6569,4843,1389,19,32,29,0.0028840315725561626,0.006564102564102564,0.020451339915373765,0.3020483577880378,0.6552747557340833,1.1163116394332953,0.6040967155760756,0.6552747557340833,0.7442077596221969,0.251636474349216,0.3710510014453851,0.3952483801295896,100.0,100.0,5161,7348,364,73,7,0,0.014144545630691726,9.526401741970605E-4,0.0,0.9500000000000001,0.30000000000000004,0.9,0.8,30.0,85.0,70.0,0.9500000000000001,0.30000000000000004,0.9,0.8,30.0,85.0,70.0,4830,4802,28,4830,0.005797101449275362,0.6735359592441302,1.0,0.6735359592441302,1817,0.37838400666389005,1.0,1
"iteration_1","SCOPE_DATA_COLLECTION",1100,12,790.0,850.0,2,6582,4878,1413,6675,4914,1443,6569,4843,1389,19,32,29,0.0028840315725561626,0.006564102564102564,0.020451339915373765,0.3020483577880378,0.6552747557340833,1.1163116394332953,0.6040967155760756,0.6552747557340833,0.7442077596221969,0.251636474349216,0.3710510014453851,0.3952483801295896,100.0,100.0,5161,7348,364,73,7,0,0.014144545630691726,9.526401741970605E-4,0.0,0.9500000000000001,0.30000000000000004,0.9,0.8,30.0,85.0,70.0,0.9500000000000001,0.30000000000000004,0.9,0.8,30.0,85.0,70.0,1401,1376,25,1401,0.017844396859386154,1.1305123240601687,1.5,0.7536748827067791,555,0.40334302325581395,1.0,1
"iteration_1","SCOPE_DATA_COLLECTION",1100,13,850.0,910.0,0,6654,4830,1401,6582,4878,1413,6628,4812,1364,13,28,25,0.0019575365155850024,0.005785123966942148,0.017998560115190784,0.30265717183536434,0.6778389348986755,1.1274914197041055,0.6053143436707287,0.6778389348986755,0.7516609464694036,0.25090525045262524,0.38113050706566914,0.4010263929618768,95.0,100.0,5123,7374,388,58,8,0,0.011321491313683388,0.0010848928668294006,0.0,0.9500000000000001,0.30000000000000004,0.9,0.8,30.0,85.0,70.0,0.9500000000000001,0.30000000000000004,0.9,0.8,30.0,85.0,70.0,6837,6822,15,6837,0.002193944712593243,0.3085841024537115,0.5,0.617168204907423,1747,0.2560832600410437,1.0,1
"iteration_1","SCOPE_DATA_COLLECTION",1100,13,850.0,910.0,1,6654,4830,1401,6582,4878,1413,6628,4812,1364,13,28,25,0.0019575365155850024,0.005785123966942148,0.017998560115190784,0.30265717183536434,0.6778389348986755,1.1274914197041055,0.6053143436707287,0.6778389348986755,0.7516609464694036,0.25090525045262524,0.38113050706566914,0.4010263929618768,95.0,100.0,5123,7374,388,58,8,0,0.011321491313683388,0.0010848928668294006,0.0,0.9500000000000001,0.30000000000000004,0.9,0.8,30.0,85.0,70.0,0.9500000000000001,0.30000000000000004,0.9,0.8,30.0,85.0,70.0,4794,4762,32,4794,0.006675010429703796,0.6541446437077562,1.0,0.6541446437077562,1723,0.3618227635447291,1.0,1
"iteration_1","SCOPE_DATA_COLLECTION",1100,13,850.0,910.0,2,6654,4830,1401,6582,4878,1413,6628,4812,1364,13,28,25,0.0019575365155850024,0.005785123966942148,0.017998560115190784,0.30265717183536434,0.6778389348986755,1.1274914197041055,0.6053143436707287,0.6778389348986755,0.7516609464694036,0.25090525045262524,0.38113050706566914,0.4010263929618768,95.0,100.0,5123,7374,388,58,8,0,0.011321491313683388,0.0010848928668294006,0.0,0.9500000000000001,0.30000000000000004,0.9,0.8,30.0,85.0,70.0,0.9500000000000001,0.30000000000000004,0.9,0.8,30.0,85.0,70.0,1456,1418,38,1456,0.0260989010989011,1.0956459197498944,1.5,0.7304306131665963,553,0.3899858956276446,1.0,1
"iteration_1","SCOPE_DATA_COLLECTION",1100,14,910.0,970.0,0,6837,4794,1456,6654,4830,1401,6824,4748,1434,15,32,38,0.0021933031144904225,0.0066945606694560665,0.025815217391304348,0.3092664568648725,0.6504083680524899,1.1045777759293163,0.618532913729745,0.6504083680524899,0.7363851839528776,0.2571805392731536,0.3599410278011794,0.39400278940027894,97.5,100.0,5182,7495,410,79,6,0,0.015245079120030876,8.005336891260841E-4,0.0,0.9500000000000001,0.30000000000000004,0.9,0.8,30.0,85.0,70.0,0.8500000000000001,0.4,0.4,0.2,75.0,75.0,55.0,6731,6722,9,6731,0.0013370970138166691,0.29863781221435415,0.5,0.5972756244287083,1694,0.2520083308539125,1.0,1
"iteration_1","SCOPE_DATA_COLLECTION",1100,14,910.0,970.0,1,6837,4794,1456,6654,4830,1401,6824,4748,1434,15,32,38,0.0021933031144904225,0.0066945606694560665,0.025815217391304348,0.3092664568648725,0.6504083680524899,1.1045777759293163,0.618532913729745,0.6504083680524899,0.7363851839528776,0.2571805392731536,0.3599410278011794,0.39400278940027894,97.5,100.0,5182,7495,410,79,6,0,0.015245079120030876,8.005336891260841E-4,0.0,0.9500000000000001,0.30000000000000004,0.9,0.8,30.0,85.0,70.0,0.8500000000000001,0.4,0.4,0.2,75.0,75.0,55.0,4969,4946,23,4969,0.004628697927148319,0.6321022373373911,1.0,0.6321022373373911,1782,0.36029114435907805,1.0,1
"iteration_1","SCOPE_DATA_COLLECTION",1100,14,910.0,970.0,2,6837,4794,1456,6654,4830,1401,6824,4748,1434,15,32,38,0.0021933031144904225,0.0066945606694560665,0.025815217391304348,0.3092664568648725,0.6504083680524899,1.1045777759293163,0.618532913729745,0.6504083680524899,0.7363851839528776,0.2571805392731536,0.3599410278011794,0.39400278940027894,97.5,100.0,5182,7495,410,79,6,0,0.015245079120030876,8.005336891260841E-4,0.0,0.9500000000000001,0.30000000000000004,0.9,0.8,30.0,85.0,70.0,0.8500000000000001,0.4,0.4,0.2,75.0,75.0,55.0,1414,1404,10,1414,0.007072135785007072,1.038233649068639,1.5,0.6921557660457593,522,0.3717948717948718,1.0,1
"iteration_1","SCOPE_DATA_COLLECTION",1100,15,970.0,1030.0,0,6731,4969,1414,6837,4794,1456,6742,4943,1393,9,23,10,0.0013331358317286328,0.004631494160289972,0.007127583749109052,0.29899990470076704,0.6321220039239748,1.0359042856311071,0.5979998094015341,0.6321220039239748,0.6906028570874048,0.25200237318303176,0.3594982803965203,0.3704235463029433,100.0,100.0,5044,6858,1212,33,9,0,0.006542426645519429,0.0013123359580052493,0.0,0.8500000000000001,0.4,0.4,0.2,75.0,75.0,55.0,0.75,0.30000000000000004,0.4,0.1,75.0,65.0,55.0,6754,6748,6,6754,8.883624518803672E-4,0.2996383964378728,0.5,0.5992767928757456,1756,0.26022525192649676,1.0,1
"iteration_1","SCOPE_DATA_COLLECTION",1100,15,970.0,1030.0,1,6731,4969,1414,6837,4794,1456,6742,4943,1393,9,23,10,0.0013331358317286328,0.004631494160289972,0.007127583749109052,0.29899990470076704,0.6321220039239748,1.0359042856311071,0.5979998094015341,0.6321220039239748,0.6906028570874048,0.25200237318303176,0.3594982803965203,0.3704235463029433,100.0,100.0,5044,6858,1212,33,9,0,0.006542426645519429,0.0013123359580052493,0.0,0.8500000000000001,0.4,0.4,0.2,75.0,75.0,55.0,0.75,0.30000000000000004,0.4,0.1,75.0,65.0,55.0,4937,4924,13,4937,0.0026331780433461616,0.630160926767762,1.0,0.630160926767762,1778,0.36108854589764416,1.0,1
"iteration_1","SCOPE_DATA_COLLECTION",1100,15,970.0,1030.0,2,6731,4969,1414,6837,4794,1456,6742,4943,1393,9,23,10,0.0013331358317286328,0.004631494160289972,0.007127583749109052,0.29899990470076704,0.6321220039239748,1.0359042856311071,0.5979998094015341,0.6321220039239748,0.6906028570874048,0.25200237318303176,0.3594982803965203,0.3704235463029433,100.0,100.0,5044,6858,1212,33,9,0,0.006542426645519429,0.0013123359580052493,0.0,0.8500000000000001,0.4,0.4,0.2,75.0,75.0,55.0,0.75,0.30000000000000004,0.4,0.1,75.0,65.0,55.0,1432,1421,11,1432,0.007681564245810056,1.0482580796157788,1.5,0.6988387197438525,547,0.38494018296973964,1.0,1
"iteration_1","SCOPE_DATA_COLLECTION",1100,16,1030.0,1090.0,0,6754,4937,1432,6731,4969,1414,6728,4944,1427,6,13,11,8.91000891000891E-4,0.002622553964091184,0.0076495132127955496,0.2995742762876267,0.6331931569128618,1.0495843656674373,0.5991485525752533,0.6331931569128618,0.6997229104449582,0.2608501783590963,0.36245954692556637,0.3854239663629993,95.0,100.0,5072,6129,1922,25,5,0,0.004929022082018927,8.157937673356176E-4,0.0,0.75,0.30000000000000004,0.4,0.1,75.0,65.0,55.0,0.75,0.4,0.30000000000000004,0.1,75.0,55.0,55.0,6747,6735,12,6747,0.0017785682525566918,0.2980671083440199,0.5,0.5961342166880398,1791,0.265924276169265,1.0,1
"iteration_1","SCOPE_DATA_COLLECTION",1100,16,1030.0,1090.0,1,6754,4937,1432,6731,4969,1414,6728,4944,1427,6,13,11,8.91000891000891E-4,0.002622553964091184,0.0076495132127955496,0.2995742762876267,0.6331931569128618,1.0495843656674373,0.5991485525752533,0.6331931569128618,0.6997229104449582,0.2608501783590963,0.36245954692556637,0.3854239663629993,95.0,100.0,5072,6129,1922,25,5,0,0.004929022082018927,8.157937673356176E-4,0.0,0.75,0.30000000000000004,0.4,0.1,75.0,65.0,55.0,0.75,0.4,0.30000000000000004,0.1,75.0,55.0,55.0,4811,4803,8,4811,0.0016628559551028891,0.6342771150660614,1.0,0.6342771150660614,1786,0.37185092650426815,1.0,1
"iteration_1","SCOPE_DATA_COLLECTION",1100,16,1030.0,1090.0,2,6754,4937,1432,6731,4969,1414,6728,4944,1427,6,13,11,8.91000891000891E-4,0.002622553964091184,0.0076495132127955496,0.2995742762876267,0.6331931569128618,1.0495843656674373,0.5991485525752533,0.6331931569128618,0.6997229104449582,0.2608501783590963,0.36245954692556637,0.3854239663629993,95.0,100.0,5072,6129,1922,25,5,0,0.004929022082018927,8.157937673356176E-4,0.0,0.75,0.30000000000000004,0.4,0.1,75.0,65.0,55.0,0.75,0.4,0.30000000000000004,0.1,75.0,55.0,55.0,1427,1421,6,1427,0.004204625087596356,0.9958040071854396,1.5,0.6638693381236264,509,0.35819845179451093,1.0,1
"iteration_1","SCOPE_DATA_COLLECTION",1100,17,1090.0,1150.0,0,6747,4811,1427,6754,4937,1432,6743,4792,1426,12,8,6,0.001776461880088823,0.0016666666666666668,0.004189944134078212,0.2977649023709911,0.6335201249170898,0.9974723364669169,0.5955298047419822,0.6335201249170898,0.6649815576446113,0.2653121755895002,0.371661101836394,0.3597475455820477,95.0,100.0,5044,5997,1944,19,7,0,0.003766851704996035,0.001167250291812573,0.0,0.75,0.4,0.30000000000000004,0.1,75.0,55.0,55.0,0.75,0.4,0.30000000000000004,0.1,85.0,55.0,65.0,6919,6910,9,6919,0.0013007660066483597,0.2893965419564378,0.5,0.5787930839128756,1694,0.2451519536903039,1.0,1
"iteration_1","SCOPE_DATA_COLLECTION",1100,17,1090.0,1150.0,1,6747,4811,1427,6754,4937,1432,6743,4792,1426,12,8,6,0.001776461880088823,0.0016666666666666668,0.004189944134078212,0.2977649023709911,0.6335201249170898,0.9974723364669169,0.5955298047419822,0.6335201249170898,0.6649815576446113,0.2653121755895002,0.371661101836394,0.3597475455820477,95.0,100.0,5044,5997,1944,19,7,0,0.003766851704996035,0.001167250291812573,0.0,0.75,0.4,0.30000000000000004,0.1,75.0,55.0,55.0,0.75,0.4,0.30000000000000004,0.1,85.0,55.0,65.0,4863,4856,7,4863,0.0014394406744807733,0.6184312205128969,1.0,0.6184312205128969,1718,0.35378912685337727,1.0,1
"iteration_1","SCOPE_DATA_COLLECTION",1100,17,1090.0,1150.0,2,6747,4811,1427,6754,4937,1432,6743,4792,1426,12,8,6,0.001776461880088823,0.0016666666666666668,0.004189944134078212,0.2977649023709911,0.6335201249170898,0.9974723364669169,0.5955298047419822,0.6335201249170898,0.6649815576446113,0.2653121755895002,0.371661101836394,0.3597475455820477,95.0,100.0,5044,5997,1944,19,7,0,0.003766851704996035,0.001167250291812573,0.0,0.75,0.4,0.30000000000000004,0.1,75.0,55.0,55.0,0.75,0.4,0.30000000000000004,0.1,85.0,55.0,65.0,1411,1405,6,1411,0.004252303330970942,1.0453739171346517,1.5,0.6969159447564345,543,0.38647686832740213,1.0,1
"iteration_1","SCOPE_DATA_COLLECTION",1100,18,1150.0,1210.0,0,6919,4863,1411,6747,4811,1427,6916,4856,1397,9,7,6,0.001299638989169675,0.0014394406744807733,0.0042765502494654314,0.28963429802236923,0.6205001928040477,1.0426676848756897,0.5792685960447385,0.6205001928040477,0.6951117899171265,0.2458068247541932,0.35502471169686983,0.3836793128131711,97.5,100.0,4946,6161,2086,16,6,0,0.003234937323089365,9.738678785911378E-4,0.0,0.75,0.4,0.30000000000000004,0.1,85.0,55.0,65.0,0.75,0.30000000000000004,0.2,0.1,95.0,45.0,65.0,6766,6754,12,6766,0.0017735737511084836,0.28513724973218085,0.5,0.5702744994643617,1622,0.2401539828249926,1.0,1
"iteration_1","SCOPE_DATA_COLLECTION",1100,18,1150.0,1210.0,1,6919,4863,1411,6747,4811,1427,6916,4856,1397,9,7,6,0.001299638989169675,0.0014394406744807733,0.0042765502494654314,0.28963429802236923,0.6205001928040477,1.0426676848756897,0.5792685960447385,0.6205001928040477,0.6951117899171265,0.2458068247541932,0.35502471169686983,0.3836793128131711,97.5,100.0,4946,6161,2086,16,6,0,0.003234937323089365,9.738678785911378E-4,0.0,0.75,0.4,0.30000000000000004,0.1,85.0,55.0,65.0,0.75,0.30000000000000004,0.2,0.1,95.0,45.0,65.0,4787,4779,8,4787,0.0016711928138709003,0.6222737831013159,1.0,0.6222737831013159,1723,0.3605356769198577,1.0,1
"iteration_1","SCOPE_DATA_COLLECTION",1100,18,1150.0,1210.0,2,6919,4863,1411,6747,4811,1427,6916,4856,1397,9,7,6,0.001299638989169675,0.0014394406744807733,0.0042765502494654314,0.28963429802236923,0.6205001928040477,1.0426676848756897,0.5792685960447385,0.6205001928040477,0.6951117899171265,0.2458068247541932,0.35502471169686983,0.3836793128131711,97.5,100.0,4946,6161,2086,16,6,0,0.003234937323089365,9.738678785911378E-4,0.0,0.75,0.4,0.30000000000000004,0.1,85.0,55.0,65.0,0.75,0.30000000000000004,0.2,0.1,95.0,45.0,65.0,1440,1431,9,1440,0.00625,1.0555307674841934,1.5,0.7036871783227956,560,0.3913347309573725,1.0,1
"iteration_1","SCOPE_DATA_COLLECTION",1100,19,1210.0,1270.0,0,6766,4787,1440,6919,4863,1411,6745,4779,1432,12,8,9,0.0017759360663016132,0.0016711928138709003,0.006245662734212352,0.2845740586722875,0.6206759383208549,1.0535298523111243,0.569148117344575,0.6206759383208549,0.7023532348740829,0.23884358784284657,0.35990793052939946,0.39106145251396646,97.5,100.0,5024,5959,2010,21,8,0,0.004179936305732484,0.0013425071320691392,0.0,0.75,0.30000000000000004,0.2,0.1,95.0,45.0,65.0,0.65,0.30000000000000004,0.2,0.2,85.0,45.0,55.0,6850,6843,7,6850,0.0010218978102189782,0.2950753805633414,0.5,0.5901507611266829,1768,0.2583662136489844,1.0,1
"iteration_1","SCOPE_DATA_COLLECTION",1100,19,1210.0,1270.0,1,6766,4787,1440,6919,4863,1411,6745,4779,1432,12,8,9,0.0017759360663016132,0.0016711928138709003,0.006245662734212352,0.2845740586722875,0.6206759383208549,1.0535298523111243,0.569148117344575,0.6206759383208549,0.7023532348740829,0.23884358784284657,0.35990793052939946,0.39106145251396646,97.5,100.0,5024,5959,2010,21,8,0,0.004179936305732484,0.0013425071320691392,0.0,0.75,0.30000000000000004,0.2,0.1,95.0,45.0,65.0,0.65,0.30000000000000004,0.2,0.2,85.0,45.0,55.0,4821,4811,10,4821,0.0020742584526031943,0.6264832695368563,1.0,0.6264832695368563,1776,0.3691540220328414,1.0,1
"iteration_1","SCOPE_DATA_COLLECTION",1100,19,1210.0,1270.0,2,6766,4787,1440,6919,4863,1411,6745,4779,1432,12,8,9,0.0017759360663016132,0.0016711928138709003,0.006245662734212352,0.2845740586722875,0.6206759383208549,1.0535298523111243,0.569148117344575,0.6206759383208549,0.7023532348740829,0.23884358784284657,0.35990793052939946,0.39106145251396646,97.5,100.0,5024,5959,2010,21,8,0,0.004179936305732484,0.0013425071320691392,0.0,0.75,0.30000000000000004,0.2,0.1,95.0,45.0,65.0,0.65,0.30000000000000004,0.2,0.2,85.0,45.0,55.0,1339,1321,18,1339,0.01344286781179985,1.101592118812425,1.5,0.7343947458749499,537,0.4065102195306586,1.0,1
"iteration_1","SCOPE_DATA_COLLECTION",1100,20,1270.0,1330.0,0,6850,4821,1339,6766,4787,1440,6841,4808,1330,7,10,18,0.0010221962616822429,0.0020755500207555004,0.013353115727002967,0.2950267544736277,0.6273998477466137,1.1067455420357084,0.5900535089472554,0.6273998477466137,0.737830361357139,0.25814939336354337,0.3687603993344426,0.40902255639097745,97.5,100.0,5144,5152,2714,28,7,0,0.005443234836702955,0.001358695652173913,0.0,0.65,0.30000000000000004,0.2,0.2,85.0,45.0,55.0,0.55,0.4,0.1,0.30000000000000004,75.0,55.0,55.0,6715,6661,54,6715,0.008041697691734922,0.3036284009925183,0.5,0.6072568019850366,1708,0.2564179552619727,1.0,1
"iteration_1","SCOPE_DATA_COLLECTION",1100,20,1270.0,1330.0,1,6850,4821,1339,6766,4787,1440,6841,4808,1330,7,10,18,0.0010221962616822429,0.0020755500207555004,0.013353115727002967,0.2950267544736277,0.6273998477466137,1.1067455420357084,0.5900535089472554,0.6273998477466137,0.737830361357139,0.25814939336354337,0.3687603993344426,0.40902255639097745,97.5,100.0,5144,5152,2714,28,7,0,0.005443234836702955,0.001358695652173913,0.0,0.65,0.30000000000000004,0.2,0.2,85.0,45.0,55.0,0.55,0.4,0.1,0.30000000000000004,75.0,55.0,55.0,4938,4891,47,4938,0.009518023491292021,0.5970229793203347,1.0,0.5970229793203347,1678,0.34307912492332854,1.0,1
"iteration_1","SCOPE_DATA_COLLECTION",1100,20,1270.0,1330.0,2,6850,4821,1339,6766,4787,1440,6841,4808,1330,7,10,18,0.0010221962616822429,0.0020755500207555004,0.013353115727002967,0.2950267544736277,0.6273998477466137,1.1067455420357084,0.5900535089472554,0.6273998477466137,0.737830361357139,0.25814939336354337,0.3687603993344426,0.40902255639097745,97.5,100.0,5144,5152,2714,28,7,0,0.005443234836702955,0.001358695652173913,0.0,0.65,0.30000000000000004,0.2,0.2,85.0,45.0,55.0,0.55,0.4,0.1,0.30000000000000004,75.0,55.0,55.0,1447,1428,19,1447,0.013130615065653075,1.0504409262472898,1.5,0.7002939508315266,537,0.3760504201680672,1.0,1
"iteration_1","SCOPE_DATA_COLLECTION",1100,21,1330.0,1390.0,0,6715,4938,1447,6850,4821,1339,6664,4884,1424,53,46,19,0.00789042727408069,0.009330628803245436,0.013167013167013167,0.3040059599452521,0.5959472683892907,1.0527013483417331,0.6080119198905042,0.5959472683892907,0.7018008988944887,0.2576530612244898,0.34275184275184273,0.37780898876404495,100.0,100.0,4961,4527,3612,13,2,103,0.002620439427534771,4.417936823503424E-4,0.02851605758582503,0.55,0.4,0.1,0.30000000000000004,75.0,55.0,55.0,0.45,0.6000000000000001,0.9,0.6000000000000001,70.0,90.0,20.0,6939,6034,905,6939,0.13042225104481914,0.4248663724078702,0.5,0.8497327448157403,2177,0.36078886310904873,1.0,1
"iteration_1","SCOPE_DATA_COLLECTION",1100,21,1330.0,1390.0,1,6715,4938,1447,6850,4821,1339,6664,4884,1424,53,46,19,0.00789042727408069,0.009330628803245436,0.013167013167013167,0.3040059599452521,0.5959472683892907,1.0527013483417331,0.6080119198905042,0.5959472683892907,0.7018008988944887,0.2576530612244898,0.34275184275184273,0.37780898876404495,100.0,100.0,4961,4527,3612,13,2,103,0.002620439427534771,4.417936823503424E-4,0.02851605758582503,0.55,0.4,0.1,0.30000000000000004,75.0,55.0,55.0,0.45,0.6000000000000001,0.9,0.6000000000000001,70.0,90.0,20.0,4815,4151,664,4815,0.13790238836967808,0.7996135478566762,1.0,0.7996135478566762,1854,0.4466393640086726,1.0,1
"iteration_1","SCOPE_DATA_COLLECTION",1100,21,1330.0,1390.0,2,6715,4938,1447,6850,4821,1339,6664,4884,1424,53,46,19,0.00789042727408069,0.009330628803245436,0.013167013167013167,0.3040059599452521,0.5959472683892907,1.0527013483417331,0.6080119198905042,0.5959472683892907,0.7018008988944887,0.2576530612244898,0.34275184275184273,0.37780898876404495,100.0,100.0,4961,4527,3612,13,2,103,0.002620439427534771,4.417936823503424E-4,0.02851605758582503,0.55,0.4,0.1,0.30000000000000004,75.0,55.0,55.0,0.45,0.6000000000000001,0.9,0.6000000000000001,70.0,90.0,20.0,1435,1199,236,1435,0.16445993031358885,1.2459707823408235,1.5,0.8306471882272156,539,0.44954128440366975,1.0,1
"iteration_1","SCOPE_DATA_COLLECTION",1100,22,1390.0,1450.0,0,6939,4815,1435,6715,4938,1447,6014,4166,1206,906,665,236,0.13092485549132948,0.13765265990478162,0.1636615811373093,0.42238562357465564,0.7977509789280633,1.2389841329219198,0.8447712471493113,0.7977509789280633,0.8259894219479466,0.3563352178250748,0.4467114738358137,0.4461028192371476,100.0,100.0,5277,3486,4426,74,3,1730,0.014023119196513171,8.605851979345956E-4,0.39087211929507454,0.45,0.6000000000000001,0.9,0.6000000000000001,70.0,90.0,20.0,0.35000000000000003,0.6000000000000001,0.9,0.5,80.0,95.0,20.0,6896,5127,1769,6896,0.2565255220417633,0.47610374142109446,0.5,0.9522074828421889,2195,0.4281256095182368,1.0,1
"iteration_1","SCOPE_DATA_COLLECTION",1100,22,1390.0,1450.0,1,6939,4815,1435,6715,4938,1447,6014,4166,1206,906,665,236,0.13092485549132948,0.13765265990478162,0.1636615811373093,0.42238562357465564,0.7977509789280633,1.2389841329219198,0.8447712471493113,0.7977509789280633,0.8259894219479466,0.3563352178250748,0.4467114738358137,0.4461028192371476,100.0,100.0,5277,3486,4426,74,3,1730,0.014023119196513171,8.605851979345956E-4,0.39087211929507454,0.45,0.6000000000000001,0.9,0.6000000000000001,70.0,90.0,20.0,0.35000000000000003,0.6000000000000001,0.9,0.5,80.0,95.0,20.0,4892,3548,1344,4892,0.2747342600163532,0.9393178607529854,1.0,0.9393178607529854,1905,0.5369222096956031,1.0,1
"iteration_1","SCOPE_DATA_COLLECTION",1100,22,1390.0,1450.0,2,6939,4815,1435,6715,4938,1447,6014,4166,1206,906,665,236,0.13092485549132948,0.13765265990478162,0.1636615811373093,0.42238562357465564,0.7977509789280633,1.2389841329219198,0.8447712471493113,0.7977509789280633,0.8259894219479466,0.3563352178250748,0.4467114738358137,0.4461028192371476,100.0,100.0,5277,3486,4426,74,3,1730,0.014023119196513171,8.605851979345956E-4,0.39087211929507454,0.45,0.6000000000000001,0.9,0.6000000000000001,70.0,90.0,20.0,0.35000000000000003,0.6000000000000001,0.9,0.5,80.0,95.0,20.0,1436,1001,435,1436,0.30292479108635095,1.4285847793462307,1.5,0.9523898528974871,541,0.5404595404595405,1.0,1
"iteration_1","SCOPE_DATA_COLLECTION",1100,23,1450.0,1510.0,0,6896,4892,1436,6939,4815,1435,5150,3554,995,1769,1344,435,0.25567278508454977,0.2743977133523887,0.3041958041958042,0.4789305754542123,0.9410685180940283,1.4268378117039047,0.9578611509084246,0.9410685180940283,0.9512252078026031,0.4330097087378641,0.5365785030951041,0.5386934673366834,100.0,100.0,5243,2780,5201,68,4,3476,0.01296967385084875,0.0014388489208633094,0.6683330128821381,0.35000000000000003,0.6000000000000001,0.9,0.5,80.0,95.0,20.0,0.45,0.5,0.9,0.6000000000000001,70.0,95.0,20.0,6779,6048,731,6779,0.10783301371883759,0.39498065727956444,0.5,0.7899613145591289,2026,0.3349867724867725,1.0,1
"iteration_1","SCOPE_DATA_COLLECTION",1100,23,1450.0,1510.0,1,6896,4892,1436,6939,4815,1435,5150,3554,995,1769,1344,435,0.25567278508454977,0.2743977133523887,0.3041958041958042,0.4789305754542123,0.9410685180940283,1.4268378117039047,0.9578611509084246,0.9410685180940283,0.9512252078026031,0.4330097087378641,0.5365785030951041,0.5386934673366834,100.0,100.0,5243,2780,5201,68,4,3476,0.01296967385084875,0.0014388489208633094,0.6683330128821381,0.35000000000000003,0.6000000000000001,0.9,0.5,80.0,95.0,20.0,0.45,0.5,0.9,0.6000000000000001,70.0,95.0,20.0,4889,4324,565,4889,0.115565555328288,0.7715854476260205,1.0,0.7715854476260205,1844,0.42645698427382056,1.0,1
"iteration_1","SCOPE_DATA_COLLECTION",1100,23,1450.0,1510.0,2,6896,4892,1436,6939,4815,1435,5150,3554,995,1769,1344,435,0.25567278508454977,0.2743977133523887,0.3041958041958042,0.4789305754542123,0.9410685180940283,1.4268378117039047,0.9578611509084246,0.9410685180940283,0.9512252078026031,0.4330097087378641,0.5365785030951041,0.5386934673366834,100.0,100.0,5243,2780,5201,68,4,3476,0.01296967385084875,0.0014388489208633094,0.6683330128821381,0.35000000000000003,0.6000000000000001,0.9,0.5,80.0,95.0,20.0,0.45,0.5,0.9,0.6000000000000001,70.0,95.0,20.0,1422,1216,206,1422,0.14486638537271448,1.2883099694760396,1.5,0.8588733129840264,557,0.45805921052631576,1.0,1
"iteration_1","SCOPE_DATA_COLLECTION",1100,24,1510.0,1570.0,0,6779,4889,1422,6896,4892,1436,6036,4317,1212,731,565,206,0.10802423525934683,0.11573125768127816,0.14527503526093088,0.39433214670532823,0.7738214662975204,1.2962830559198766,0.7886642934106565,0.7738214662975204,0.8641887039465844,0.3336646785950961,0.4285383368079685,0.4628712871287129,100.0,100.0,5124,3616,4350,82,2,1418,0.01600312256049961,5.530973451327434E-4,0.3259770114942529,0.45,0.5,0.9,0.6000000000000001,70.0,95.0,20.0,0.65,0.4,0.7000000000000001,0.7000000000000001,20.0,45.0,30.0,6620,6607,13,6620,0.001963746223564955,0.3046418625704505,0.5,0.609283725140901,1743,0.26381110942939306,1.0,1
"iteration_1","SCOPE_DATA_COLLECTION",1100,24,1510.0,1570.0,1,6779,4889,1422,6896,4892,1436,6036,4317,1212,731,565,206,0.10802423525934683,0.11573125768127816,0.14527503526093088,0.39433214670532823,0.7738214662975204,1.2962830559198766,0.7886642934106565,0.7738214662975204,0.8641887039465844,0.3336646785950961,0.4285383368079685,0.4628712871287129,100.0,100.0,5124,3616,4350,82,2,1418,0.01600312256049961,5.530973451327434E-4,0.3259770114942529,0.45,0.5,0.9,0.6000000000000001,70.0,95.0,20.0,0.65,0.4,0.7000000000000001,0.7000000000000001,20.0,45.0,30.0,4760,4732,28,4760,0.0058823529411764705,0.656774861563997,1.0,0.656774861563997,1764,0.3727810650887574,1.0,1
"iteration_1","SCOPE_DATA_COLLECTION",1100,24,1510.0,1570.0,2,6779,4889,1422,6896,4892,1436,6036,4317,1212,731,565,206,0.10802423525934683,0.11573125768127816,0.14527503526093088,0.39433214670532823,0.7738214662975204,1.2962830559198766,0.7886642934106565,0.7738214662975204,0.8641887039465844,0.3336646785950961,0.4285383368079685,0.4628712871287129,100.0,100.0,5124,3616,4350,82,2,1418,0.01600312256049961,5.530973451327434E-4,0.3259770114942529,0.45,0.5,0.9,0.6000000000000001,70.0,95.0,20.0,0.65,0.4,0.7000000000000001,0.7000000000000001,20.0,45.0,30.0,1426,1404,22,1426,0.015427769985974754,1.1043388216967926,1.5,0.7362258811311951,556,0.396011396011396,1.0,1
"iteration_1","SCOPE_DATA_COLLECTION",1100,25,1570.0,1630.0,0,6620,4760,1426,6779,4889,1422,6617,4737,1403,13,28,22,0.00196078431372549,0.005876180482686254,0.015438596491228071,0.30516622104942165,0.6543683013904789,1.096536831909625,0.6103324420988433,0.6543683013904789,0.7310245546064166,0.26537705909022213,0.37112096263457883,0.3920171062009979,97.5,100.0,5102,5001,2703,59,4,0,0.011564092512740102,7.998400319936012E-4,0.0,0.65,0.4,0.7000000000000001,0.7000000000000001,20.0,45.0,30.0,0.65,0.5,0.8,0.6000000000000001,30.0,35.0,20.0,6733,6716,17,6733,0.0025248774691816428,0.3179653232731341,0.5,0.6359306465462682,1860,0.27695056581298394,1.0,1
"iteration_1","SCOPE_DATA_COLLECTION",1100,25,1570.0,1630.0,1,6620,4760,1426,6779,4889,1422,6617,4737,1403,13,28,22,0.00196078431372549,0.005876180482686254,0.015438596491228071,0.30516622104942165,0.6543683013904789,1.096536831909625,0.6103324420988433,0.6543683013904789,0.7310245546064166,0.26537705909022213,0.37112096263457883,0.3920171062009979,97.5,100.0,5102,5001,2703,59,4,0,0.011564092512740102,7.998400319936012E-4,0.0,0.65,0.4,0.7000000000000001,0.7000000000000001,20.0,45.0,30.0,0.65,0.5,0.8,0.6000000000000001,30.0,35.0,20.0,4876,4833,43,4876,0.00881870385561936,0.6739892202722918,1.0,0.6739892202722918,1808,0.37409476515621765,1.0,1
"iteration_1","SCOPE_DATA_COLLECTION",1100,25,1570.0,1630.0,2,6620,4760,1426,6779,4889,1422,6617,4737,1403,13,28,22,0.00196078431372549,0.005876180482686254,0.015438596491228071,0.30516622104942165,0.6543683013904789,1.096536831909625,0.6103324420988433,0.6543683013904789,0.7310245546064166,0.26537705909022213,0.37112096263457883,0.3920171062009979,97.5,100.0,5102,5001,2703,59,4,0,0.011564092512740102,7.998400319936012E-4,0.0,0.65,0.4,0.7000000000000001,0.7000000000000001,20.0,45.0,30.0,0.65,0.5,0.8,0.6000000000000001,30.0,35.0,20.0,1483,1452,31,1483,0.020903573836817263,1.073571082383191,1.5,0.7157140549221274,543,0.3739669421487603,1.0,1
"iteration_1","SCOPE_DATA_COLLECTION",1100,26,1630.0,1690.0,0,6733,4876,1483,6620,4760,1426,6716,4817,1454,17,42,31,0.0025248774691816428,0.008643753858818687,0.020875420875420877,0.3178503634402665,0.6690528603992754,1.0712572903722895,0.635700726880533,0.6690528603992754,0.7141715269148596,0.27635497319833235,0.372223375544945,0.3734525447042641,97.5,100.0,5156,5147,2789,60,7,23,0.011636927851047323,0.0013600155430347775,0.008246683399067766,0.65,0.5,0.8,0.6000000000000001,30.0,35.0,20.0,0.55,0.5,0.9,0.7000000000000001,40.0,25.0,30.0,6737,6640,97,6737,0.014398100044530206,0.320283233390024,0.5,0.640566466780048,1877,0.28268072289156626,1.0,1
"iteration_1","SCOPE_DATA_COLLECTION",1100,26,1630.0,1690.0,1,6733,4876,1483,6620,4760,1426,6716,4817,1454,17,42,31,0.0025248774691816428,0.008643753858818687,0.020875420875420877,0.3178503634402665,0.6690528603992754,1.0712572903722895,0.635700726880533,0.6690528603992754,0.7141715269148596,0.27635497319833235,0.372223375544945,0.3734525447042641,97.5,100.0,5156,5147,2789,60,7,23,0.011636927851047323,0.0013600155430347775,0.008246683399067766,0.65,0.5,0.8,0.6000000000000001,30.0,35.0,20.0,0.55,0.5,0.9,0.7000000000000001,40.0,25.0,30.0,4889,4781,108,4889,0.022090407036203723,0.6792273891895128,1.0,0.6792273891895128,1802,0.376908596527923,1.0,1
"iteration_1","SCOPE_DATA_COLLECTION",1100,26,1630.0,1690.0,2,6733,4876,1483,6620,4760,1426,6716,4817,1454,17,42,31,0.0025248774691816428,0.008643753858818687,0.020875420875420877,0.3178503634402665,0.6690528603992754,1.0712572903722895,0.635700726880533,0.6690528603992754,0.7141715269148596,0.27635497319833235,0.372223375544945,0.3734525447042641,97.5,100.0,5156,5147,2789,60,7,23,0.011636927851047323,0.0013600155430347775,0.008246683399067766,0.65,0.5,0.8,0.6000000000000001,30.0,35.0,20.0,0.55,0.5,0.9,0.7000000000000001,40.0,25.0,30.0,1389,1347,42,1389,0.03023758099352052,1.135086321817827,1.5,0.7567242145452181,546,0.4053452115812918,1.0,1
"iteration_1","SCOPE_DATA_COLLECTION",1100,27,1690.0,1750.0,0,6737,4889,1389,6733,4876,1483,6651,4780,1345,97,109,42,0.014374629519857735,0.022294947842094497,0.03028118240807498,0.32054508943190685,0.6818160674858427,1.1366924816793456,0.6410901788638137,0.6818160674858427,0.7577949877862303,0.282964967674034,0.37740585774058577,0.40594795539033457,95.0,100.0,5114,4380,3521,63,4,181,0.012319123973406336,9.132420091324201E-4,0.05140585061062198,0.55,0.5,0.9,0.7000000000000001,40.0,25.0,30.0,0.05,0.30000000000000004,0.30000000000000004,0.8,25.0,85.0,75.0,6735,2866,3869,6735,0.5744617668893838,0.5304018947826952,0.5,1.0608037895653903,1613,0.5628053035589672,1.0,1
"iteration_1","SCOPE_DATA_COLLECTION",1100,27,1690.0,1750.0,1,6737,4889,1389,6733,4876,1483,6651,4780,1345,97,109,42,0.014374629519857735,0.022294947842094497,0.03028118240807498,0.32054508943190685,0.6818160674858427,1.1366924816793456,0.6410901788638137,0.6818160674858427,0.7577949877862303,0.282964967674034,0.37740585774058577,0.40594795539033457,95.0,100.0,5114,4380,3521,63,4,181,0.012319123973406336,9.132420091324201E-4,0.05140585061062198,0.55,0.5,0.9,0.7000000000000001,40.0,25.0,30.0,0.05,0.30000000000000004,0.30000000000000004,0.8,25.0,85.0,75.0,4842,2044,2798,4842,0.5778603882693102,1.1882513246958748,1.0,1.1882513246958748,1744,0.8532289628180039,1.0,1
"iteration_1","SCOPE_DATA_COLLECTION",1100,27,1690.0,1750.0,2,6737,4889,1389,6733,4876,1483,6651,4780,1345,97,109,42,0.014374629519857735,0.022294947842094497,0.03028118240807498,0.32054508943190685,0.6818160674858427,1.1366924816793456,0.6410901788638137,0.6818160674858427,0.7577949877862303,0.282964967674034,0.37740585774058577,0.40594795539033457,95.0,100.0,5114,4380,3521,63,4,181,0.012319123973406336,9.132420091324201E-4,0.05140585061062198,0.55,0.5,0.9,0.7000000000000001,40.0,25.0,30.0,0.05,0.30000000000000004,0.30000000000000004,0.8,25.0,85.0,75.0,1402,592,810,1402,0.5777460770328102,2.0687654999342397,1.5,1.3791769999561598,537,0.9070945945945946,1.0,1
"iteration_1","SCOPE_DATA_COLLECTION",1100,28,1750.0,1810.0,0,6735,4842,1402,6737,4889,1389,2865,2050,603,3869,2798,810,0.5745470745470745,0.5771452145214522,0.5732484076433121,0.5297945085453203,1.1846578136673152,2.064721399776799,1.0595890170906406,1.1846578136673152,1.3764809331845325,0.5616055846422339,0.848780487804878,0.9038142620232172,100.0,100.0,5112,405,7462,51,1,7425,0.009976525821596244,0.0024691358024691358,0.9950415438220316,0.05,0.30000000000000004,0.30000000000000004,0.8,25.0,85.0,75.0,0.15000000000000002,0.2,0.4,0.8,25.0,75.0,75.0,6775,3203,3572,6775,0.5272324723247233,0.45886320329702834,0.5,0.9177264065940567,1421,0.4436465813300031,1.0,1
"iteration_1","SCOPE_DATA_COLLECTION",1100,28,1750.0,1810.0,1,6735,4842,1402,6737,4889,1389,2865,2050,603,3869,2798,810,0.5745470745470745,0.5771452145214522,0.5732484076433121,0.5297945085453203,1.1846578136673152,2.064721399776799,1.0595890170906406,1.1846578136673152,1.3764809331845325,0.5616055846422339,0.848780487804878,0.9038142620232172,100.0,100.0,5112,405,7462,51,1,7425,0.009976525821596244,0.0024691358024691358,0.9950415438220316,0.05,0.30000000000000004,0.30000000000000004,0.8,25.0,85.0,75.0,0.15000000000000002,0.2,0.4,0.8,25.0,75.0,75.0,4906,2260,2646,4906,0.5393395841826335,1.089049112969773,1.0,1.089049112969773,1710,0.7566371681415929,1.0,1
"iteration_1","SCOPE_DATA_COLLECTION",1100,28,1750.0,1810.0,2,6735,4842,1402,6737,4889,1389,2865,2050,603,3869,2798,810,0.5745470745470745,0.5771452145214522,0.5732484076433121,0.5297945085453203,1.1846578136673152,2.064721399776799,1.0595890170906406,1.1846578136673152,1.3764809331845325,0.5616055846422339,0.848780487804878,0.9038142620232172,100.0,100.0,5112,405,7462,51,1,7425,0.009976525821596244,0.0024691358024691358,0.9950415438220316,0.05,0.30000000000000004,0.30000000000000004,0.8,25.0,85.0,75.0,0.15000000000000002,0.2,0.4,0.8,25.0,75.0,75.0,1463,704,759,1463,0.518796992481203,1.8649240444236967,1.5,1.2432826962824646,565,0.8025568181818182,1.0,1
"iteration_1","SCOPE_DATA_COLLECTION",1100,29,1810.0,1870.0,0,6775,4906,1463,6735,4842,1402,3200,2279,693,3572,2646,759,0.5274660366213821,0.537258883248731,0.5227272727272727,0.45913444274922743,1.092967670562281,1.856318323572003,0.9182688854984549,1.092967670562281,1.237545549048002,0.4453125,0.759104870557262,0.797979797979798,95.0,100.0,5032,1191,6921,56,0,6921,0.011128775834658187,0.0,1.0,0.15000000000000002,0.2,0.4,0.8,25.0,75.0,75.0,0.35000000000000003,0.30000000000000004,0.7000000000000001,0.5,40.0,75.0,60.0,6703,4805,1898,6703,0.2831567954647173,0.4078739601915096,0.5,0.8157479203830192,1802,0.37502601456815815,1.0,1
"iteration_1","SCOPE_DATA_COLLECTION",1100,29,1810.0,1870.0,1,6775,4906,1463,6735,4842,1402,3200,2279,693,3572,2646,759,0.5274660366213821,0.537258883248731,0.5227272727272727,0.45913444274922743,1.092967670562281,1.856318323572003,0.9182688854984549,1.092967670562281,1.237545549048002,0.4453125,0.759104870557262,0.797979797979798,95.0,100.0,5032,1191,6921,56,0,6921,0.011128775834658187,0.0,1.0,0.15000000000000002,0.2,0.4,0.8,25.0,75.0,75.0,0.35000000000000003,0.30000000000000004,0.7000000000000001,0.5,40.0,75.0,60.0,4824,3440,1384,4824,0.28689883913764513,0.8702532863138048,1.0,0.8702532863138048,1845,0.5363372093023255,1.0,1
"iteration_1","SCOPE_DATA_COLLECTION",1100,29,1810.0,1870.0,2,6775,4906,1463,6735,4842,1402,3200,2279,693,3572,2646,759,0.5274660366213821,0.537258883248731,0.5227272727272727,0.45913444274922743,1.092967670562281,1.856318323572003,0.9182688854984549,1.092967670562281,1.237545549048002,0.4453125,0.759104870557262,0.797979797979798,95.0,100.0,5032,1191,6921,56,0,6921,0.011128775834658187,0.0,1.0,0.15000000000000002,0.2,0.4,0.8,25.0,75.0,75.0,0.35000000000000003,0.30000000000000004,0.7000000000000001,0.5,40.0,75.0,60.0,1446,976,470,1446,0.32503457814661135,1.4562168121386225,1.5,0.9708112080924151,549,0.5625,1.0,1
"iteration_1","SCOPE_DATA_COLLECTION",1100,30,1870.0,1930.0,0,6703,4824,1446,6775,4906,1463,4807,3428,973,1898,1384,470,0.2830723340790455,0.2876142975893599,0.3257103257103257,0.4083843847464659,0.8709084605101354,1.4632221955648126,0.8167687694929318,0.8709084605101354,0.9754814637098751,0.3746619513209902,0.5379229871645275,0.5652620760534429,97.5,100.0,5186,2627,5160,73,0,3679,0.014076359429232549,0.0,0.712984496124031,0.35000000000000003,0.30000000000000004,0.7000000000000001,0.5,40.0,75.0,60.0,0.45,0.30000000000000004,0.7000000000000001,0.4,50.0,75.0,60.0,6849,6007,842,6849,0.12293765513213607,0.37431456367677074,0.5,0.7486291273535415,1882,0.3133011486598968,1.0,1
"iteration_1","SCOPE_DATA_COLLECTION",1100,30,1870.0,1930.0,1,6703,4824,1446,6775,4906,1463,4807,3428,973,1898,1384,470,0.2830723340790455,0.2876142975893599,0.3257103257103257,0.4083843847464659,0.8709084605101354,1.4632221955648126,0.8167687694929318,0.8709084605101354,0.9754814637098751,0.3746619513209902,0.5379229871645275,0.5652620760534429,97.5,100.0,5186,2627,5160,73,0,3679,0.014076359429232549,0.0,0.712984496124031,0.35000000000000003,0.30000000000000004,0.7000000000000001,0.5,40.0,75.0,60.0,0.45,0.30000000000000004,0.7000000000000001,0.4,50.0,75.0,60.0,4933,4332,601,4933,0.12183255625380093,0.7703678178635791,1.0,0.7703678178635791,1827,0.42174515235457066,1.0,1
"iteration_1","SCOPE_DATA_COLLECTION",1100,30,1870.0,1930.0,2,6703,4824,1446,6775,4906,1463,4807,3428,973,1898,1384,470,0.2830723340790455,0.2876142975893599,0.3257103257103257,0.4083843847464659,0.8709084605101354,1.4632221955648126,0.8167687694929318,0.8709084605101354,0.9754814637098751,0.3746619513209902,0.5379229871645275,0.5652620760534429,97.5,100.0,5186,2627,5160,73,0,3679,0.014076359429232549,0.0,0.712984496124031,0.35000000000000003,0.30000000000000004,0.7000000000000001,0.5,40.0,75.0,60.0,0.45,0.30000000000000004,0.7000000000000001,0.4,50.0,75.0,60.0,1484,1290,194,1484,0.1307277628032345,1.1928053435568775,1.5,0.7952035623712517,550,0.4263565891472868,1.0,1
"iteration_1","SCOPE_DATA_COLLECTION",1100,31,1930.0,1990.0,0,6849,4933,1484,6703,4824,1446,6002,4341,1298,842,601,194,0.12302746931618937,0.12161068393363011,0.13002680965147453,0.37401256848568576,0.7696012898151273,1.1973610409875217,0.7480251369713715,0.7696012898151273,0.7982406939916812,0.3133955348217261,0.42087076710435384,0.4283513097072419,100.0,100.0,5170,3662,4434,69,2,1566,0.013346228239845262,5.461496450027307E-4,0.3531799729364005,0.45,0.30000000000000004,0.7000000000000001,0.4,50.0,75.0,60.0,0.9500000000000001,0.4,0.7000000000000001,0.30000000000000004,95.0,55.0,45.0,6740,6729,11,6740,0.0016320474777448072,0.30541482817368326,0.5,0.6108296563473665,1728,0.2567989300044583,1.0,1
"iteration_1","SCOPE_DATA_COLLECTION",1100,31,1930.0,1990.0,1,6849,4933,1484,6703,4824,1446,6002,4341,1298,842,601,194,0.12302746931618937,0.12161068393363011,0.13002680965147453,0.37401256848568576,0.7696012898151273,1.1973610409875217,0.7480251369713715,0.7696012898151273,0.7982406939916812,0.3133955348217261,0.42087076710435384,0.4283513097072419,100.0,100.0,5170,3662,4434,69,2,1566,0.013346228239845262,5.461496450027307E-4,0.3531799729364005,0.45,0.30000000000000004,0.7000000000000001,0.4,50.0,75.0,60.0,0.9500000000000001,0.4,0.7000000000000001,0.30000000000000004,95.0,55.0,45.0,4911,4885,26,4911,0.005294237426186113,0.6605805560301117,1.0,0.6605805560301117,1794,0.36724667349027634,1.0,1
"iteration_1","SCOPE_DATA_COLLECTION",1100,31,1930.0,1990.0,2,6849,4933,1484,6703,4824,1446,6002,4341,1298,842,601,194,0.12302746931618937,0.12161068393363011,0.13002680965147453,0.37401256848568576,0.7696012898151273,1.1973610409875217,0.7480251369713715,0.7696012898151273,0.7982406939916812,0.3133955348217261,0.42087076710435384,0.4283513097072419,100.0,100.0,5170,3662,4434,69,2,1566,0.013346228239845262,5.461496450027307E-4,0.3531799729364005,0.45,0.30000000000000004,0.7000000000000001,0.4,50.0,75.0,60.0,0.9500000000000001,0.4,0.7000000000000001,0.30000000000000004,95.0,55.0,45.0,1483,1461,22,1483,0.014834794335805798,1.0720745301933323,1.5,0.7147163534622215,551,0.37713894592744696,1.0,1
"iteration_1","SCOPE_DATA_COLLECTION",1100,32,1990.0,2050.0,0,6740,4911,1483,6849,4933,1484,6730,4878,1452,11,26,22,0.001631805370123127,0.005301794453507341,0.014925373134328358,0.30571985314694444,0.6606219469588036,1.0712964371345564,0.6114397062938889,0.6606219469588036,0.7141976247563709,0.25690936106983653,0.3671586715867159,0.3774104683195592,97.5,100.0,5029,7727,378,52,5,2,0.010340027838536488,6.470816617057072E-4,0.005291005291005291,0.9500000000000001,0.4,0.7000000000000001,0.30000000000000004,95.0,55.0,45.0,0.9500000000000001,0.5,0.6000000000000001,0.4,95.0,65.0,35.0,6705,6694,11,6705,0.0016405667412378823,0.31529493567732597,0.5,0.6305898713546519,1797,0.2684493576337018,1.0,1
"iteration_1","SCOPE_DATA_COLLECTION",1100,32,1990.0,2050.0,1,6740,4911,1483,6849,4933,1484,6730,4878,1452,11,26,22,0.001631805370123127,0.005301794453507341,0.014925373134328358,0.30571985314694444,0.6606219469588036,1.0712964371345564,0.6114397062938889,0.6606219469588036,0.7141976247563709,0.25690936106983653,0.3671586715867159,0.3774104683195592,97.5,100.0,5029,7727,378,52,5,2,0.010340027838536488,6.470816617057072E-4,0.005291005291005291,0.9500000000000001,0.4,0.7000000000000001,0.30000000000000004,95.0,55.0,45.0,0.9500000000000001,0.5,0.6000000000000001,0.4,95.0,65.0,35.0,4890,4856,34,4890,0.006952965235173824,0.6655525305322018,1.0,0.6655525305322018,1794,0.3694398682042834,1.0,1
"iteration_1","SCOPE_DATA_COLLECTION",1100,32,1990.0,2050.0,2,6740,4911,1483,6849,4933,1484,6730,4878,1452,11,26,22,0.001631805370123127,0.005301794453507341,0.014925373134328358,0.30571985314694444,0.6606219469588036,1.0712964371345564,0.6114397062938889,0.6606219469588036,0.7141976247563709,0.25690936106983653,0.3671586715867159,0.3774104683195592,97.5,100.0,5029,7727,378,52,5,2,0.010340027838536488,6.470816617057072E-4,0.005291005291005291,0.9500000000000001,0.4,0.7000000000000001,0.30000000000000004,95.0,55.0,45.0,0.9500000000000001,0.5,0.6000000000000001,0.4,95.0,65.0,35.0,1371,1347,24,1371,0.0175054704595186,1.0954378469985673,1.5,0.7302918979990448,528,0.39198218262806234,1.0,1
"iteration_1","SCOPE_DATA_COLLECTION",1100,33,2050.0,2110.0,0,6705,4890,1371,6740,4911,1483,6687,4840,1349,11,34,24,0.0016422812779934308,0.006975789905621666,0.01747997086671522,0.31484476541483825,0.6608033214838176,1.0932950324723005,0.6296895308296765,0.6608033214838176,0.7288633549815337,0.2676835651263646,0.36735537190082646,0.3921423276501112,97.5,100.0,5124,7463,379,59,10,0,0.011514441842310695,0.0013399437223636608,0.0,0.9500000000000001,0.5,0.6000000000000001,0.4,95.0,65.0,35.0,0.8500000000000001,0.5,0.6000000000000001,0.5,85.0,65.0,45.0,6826,6816,10,6826,0.001464986815118664,0.3086106121448129,0.5,0.6172212242896258,1810,0.26555164319248825,1.0,1
"iteration_1","SCOPE_DATA_COLLECTION",1100,33,2050.0,2110.0,1,6705,4890,1371,6740,4911,1483,6687,4840,1349,11,34,24,0.0016422812779934308,0.006975789905621666,0.01747997086671522,0.31484476541483825,0.6608033214838176,1.0932950324723005,0.6296895308296765,0.6608033214838176,0.7288633549815337,0.2676835651263646,0.36735537190082646,0.3921423276501112,97.5,100.0,5124,7463,379,59,10,0,0.011514441842310695,0.0013399437223636608,0.0,0.9500000000000001,0.5,0.6000000000000001,0.4,95.0,65.0,35.0,0.8500000000000001,0.5,0.6000000000000001,0.5,85.0,65.0,45.0,4826,4795,31,4826,0.0064235391628678,0.635161528931421,1.0,0.635161528931421,1751,0.36517205422314913,1.0,1
"iteration_1","SCOPE_DATA_COLLECTION",1100,33,2050.0,2110.0,2,6705,4890,1371,6740,4911,1483,6687,4840,1349,11,34,24,0.0016422812779934308,0.006975789905621666,0.01747997086671522,0.31484476541483825,0.6608033214838176,1.0932950324723005,0.6296895308296765,0.6608033214838176,0.7288633549815337,0.2676835651263646,0.36735537190082646,0.3921423276501112,97.5,100.0,5124,7463,379,59,10,0,0.011514441842310695,0.0013399437223636608,0.0,0.9500000000000001,0.5,0.6000000000000001,0.4,95.0,65.0,35.0,0.8500000000000001,0.5,0.6000000000000001,0.5,85.0,65.0,45.0,1458,1432,26,1458,0.01783264746227709,1.058195484462357,1.5,0.7054636563082379,529,0.36941340782122906,1.0,1
"iteration_1","SCOPE_DATA_COLLECTION",1100,34,2110.0,2170.0,0,6826,4826,1458,6705,4890,1371,6826,4813,1434,10,31,26,0.001462843768285547,0.006399669694467382,0.01780821917808219,0.30890283874846636,0.6409763378872125,1.0556054959863834,0.6178056774969327,0.6409763378872125,0.7037369973242557,0.2658951069440375,0.3671306877207563,0.36750348675034866,97.5,100.0,5152,6760,1198,61,6,0,0.011840062111801242,8.875739644970414E-4,0.0,0.8500000000000001,0.5,0.6000000000000001,0.5,85.0,65.0,45.0,0.9500000000000001,0.6000000000000001,0.7000000000000001,0.4,85.0,65.0,35.0,6778,6763,15,6778,0.0022130421953378576,0.32207481085984097,0.5,0.6441496217196819,1931,0.2855241756616886,1.0,1
"iteration_1","SCOPE_DATA_COLLECTION",1100,34,2110.0,2170.0,1,6826,4826,1458,6705,4890,1371,6826,4813,1434,10,31,26,0.001462843768285547,0.006399669694467382,0.01780821917808219,0.30890283874846636,0.6409763378872125,1.0556054959863834,0.6178056774969327,0.6409763378872125,0.7037369973242557,0.2658951069440375,0.3671306877207563,0.36750348675034866,97.5,100.0,5152,6760,1198,61,6,0,0.011840062111801242,8.875739644970414E-4,0.0,0.8500000000000001,0.5,0.6000000000000001,0.5,85.0,65.0,45.0,0.9500000000000001,0.6000000000000001,0.7000000000000001,0.4,85.0,65.0,35.0,4770,4731,39,4770,0.008176100628930818,0.6681706583091649,1.0,0.6681706583091649,1784,0.37708729655463963,1.0,1
"iteration_1","SCOPE_DATA_COLLECTION",1100,34,2110.0,2170.0,2,6826,4826,1458,6705,4890,1371,6826,4813,1434,10,31,26,0.001462843768285547,0.006399669694467382,0.01780821917808219,0.30890283874846636,0.6409763378872125,1.0556054959863834,0.6178056774969327,0.6409763378872125,0.7037369973242557,0.2658951069440375,0.3671306877207563,0.36750348675034866,97.5,100.0,5152,6760,1198,61,6,0,0.011840062111801242,8.875739644970414E-4,0.0,0.8500000000000001,0.5,0.6000000000000001,0.5,85.0,65.0,45.0,0.9500000000000001,0.6000000000000001,0.7000000000000001,0.4,85.0,65.0,35.0,1449,1417,32,1449,0.022084195997239476,1.1034638866664226,1.5,0.7356425911109484,554,0.39096683133380383,1.0,1
"iteration_1","SCOPE_DATA_COLLECTION",1100,35,2170.0,2230.0,0,6778,4770,1449,6826,4826,1458,6744,4735,1409,15,39,31,0.0022192632046160675,0.008169250104733976,0.021527777777777778,0.32048795498927934,0.6672146164811489,1.1005444254469443,0.6409759099785587,0.6672146164811489,0.7336962836312962,0.2842526690391459,0.37719112988384373,0.38963804116394607,97.5,100.0,5198,7422,377,78,7,0,0.015005771450557906,9.431420102398275E-4,0.0,0.9500000000000001,0.6000000000000001,0.7000000000000001,0.4,85.0,65.0,35.0,0.9500000000000001,0.7000000000000001,0.6000000000000001,0.4,95.0,55.0,35.0,6840,6826,14,6840,0.0020467836257309943,0.3082153491461229,0.5,0.6164306982922458,1782,0.2610606504541459,1.0,1
"iteration_1","SCOPE_DATA_COLLECTION",1100,35,2170.0,2230.0,1,6778,4770,1449,6826,4826,1458,6744,4735,1409,15,39,31,0.0022192632046160675,0.008169250104733976,0.021527777777777778,0.32048795498927934,0.6672146164811489,1.1005444254469443,0.6409759099785587,0.6672146164811489,0.7336962836312962,0.2842526690391459,0.37719112988384373,0.38963804116394607,97.5,100.0,5198,7422,377,78,7,0,0.015005771450557906,9.431420102398275E-4,0.0,0.9500000000000001,0.6000000000000001,0.7000000000000001,0.4,85.0,65.0,35.0,0.9500000000000001,0.7000000000000001,0.6000000000000001,0.4,95.0,55.0,35.0,4890,4864,26,4890,0.005316973415132925,0.6634529887857535,1.0,0.6634529887857535,1810,0.37212171052631576,1.0,1
"iteration_1","SCOPE_DATA_COLLECTION",1100,35,2170.0,2230.0,2,6778,4770,1449,6826,4826,1458,6744,4735,1409,15,39,31,0.0022192632046160675,0.008169250104733976,0.021527777777777778,0.32048795498927934,0.6672146164811489,1.1005444254469443,0.6409759099785587,0.6672146164811489,0.7336962836312962,0.2842526690391459,0.37719112988384373,0.38963804116394607,97.5,100.0,5198,7422,377,78,7,0,0.015005771450557906,9.431420102398275E-4,0.0,0.9500000000000001,0.6000000000000001,0.7000000000000001,0.4,85.0,65.0,35.0,0.9500000000000001,0.7000000000000001,0.6000000000000001,0.4,95.0,55.0,35.0,1373,1357,16,1373,0.011653313911143482,1.0930060851646977,1.5,0.7286707234431318,527,0.3883566691230656,1.0,1
"iteration_1","SCOPE_DATA_COLLECTION",1100,36,2230.0,2290.0,0,6840,4890,1373,6778,4770,1449,6826,4858,1368,13,26,17,0.0019008626992250328,0.005323505323505323,0.01227436823104693,0.3085955776741829,0.6627238872430946,1.1006246588757287,0.6171911553483658,0.6627238872430946,0.7337497725838191,0.26135364781716963,0.37175792507204614,0.391812865497076,100.0,100.0,5042,7681,380,48,8,0,0.009520031733439112,0.0010415310506444472,0.0,0.9500000000000001,0.7000000000000001,0.6000000000000001,0.4,95.0,55.0,35.0,0.9500000000000001,0.8,0.5,0.5,85.0,65.0,35.0,6813,6797,16,6813,0.0023484514897989138,0.319525475649927,0.5,0.639050951299854,1917,0.2820361924378402,1.0,1
"iteration_1","SCOPE_DATA_COLLECTION",1100,36,2230.0,2290.0,1,6840,4890,1373,6778,4770,1449,6826,4858,1368,13,26,17,0.0019008626992250328,0.005323505323505323,0.01227436823104693,0.3085955776741829,0.6627238872430946,1.1006246588757287,0.6171911553483658,0.6627238872430946,0.7337497725838191,0.26135364781716963,0.37175792507204614,0.391812865497076,100.0,100.0,5042,7681,380,48,8,0,0.009520031733439112,0.0010415310506444472,0.0,0.9500000000000001,0.7000000000000001,0.6000000000000001,0.4,95.0,55.0,35.0,0.9500000000000001,0.8,0.5,0.5,85.0,65.0,35.0,4700,4677,23,4700,0.004893617021276595,0.6514646206027672,1.0,0.6514646206027672,1717,0.36711567243959803,1.0,1
"iteration_1","SCOPE_DATA_COLLECTION",1100,36,2230.0,2290.0,2,6840,4890,1373,6778,4770,1449,6826,4858,1368,13,26,17,0.0019008626992250328,0.005323505323505323,0.01227436823104693,0.3085955776741829,0.6627238872430946,1.1006246588757287,0.6171911553483658,0.6627238872430946,0.7337497725838191,0.26135364781716963,0.37175792507204614,0.391812865497076,100.0,100.0,5042,7681,380,48,8,0,0.009520031733439112,0.0010415310506444472,0.0,0.9500000000000001,0.7000000000000001,0.6000000000000001,0.4,95.0,55.0,35.0,0.9500000000000001,0.8,0.5,0.5,85.0,65.0,35.0,1402,1389,13,1402,0.009272467902995721,1.0942683076473467,1.5,0.7295122050982311,536,0.3858891288696904,1.0,1
"iteration_1","SCOPE_DATA_COLLECTION",1100,37,2290.0,2350.0,0,6813,4700,1402,6840,4890,1373,6795,4674,1389,17,23,13,0.0024955960070463887,0.0048967426016606344,0.009272467902995721,0.32015896162986923,0.6513992818966066,1.0958185773333893,0.6403179232597385,0.6513992818966066,0.7305457182222596,0.28211920529801326,0.3673513050919983,0.38660907127429806,100.0,100.0,5058,7426,431,44,9,0,0.008699090549624358,0.0012119579854565042,0.0,0.9500000000000001,0.8,0.5,0.5,85.0,65.0,35.0,0.9500000000000001,0.9,0.5,0.4,85.0,55.0,45.0,6840,6818,22,6840,0.003216374269005848,0.3183451991623079,0.5,0.6366903983246158,1867,0.2738339689058375,1.0,1
"iteration_1","SCOPE_DATA_COLLECTION",1100,37,2290.0,2350.0,1,6813,4700,1402,6840,4890,1373,6795,4674,1389,17,23,13,0.0024955960070463887,0.0048967426016606344,0.009272467902995721,0.32015896162986923,0.6513992818966066,1.0958185773333893,0.6403179232597385,0.6513992818966066,0.7305457182222596,0.28211920529801326,0.3673513050919983,0.38660907127429806,100.0,100.0,5058,7426,431,44,9,0,0.008699090549624358,0.0012119579854565042,0.0,0.9500000000000001,0.8,0.5,0.5,85.0,65.0,35.0,0.9500000000000001,0.9,0.5,0.4,85.0,55.0,45.0,4923,4896,27,4923,0.005484460694698354,0.6588222634947681,1.0,0.6588222634947681,1810,0.36968954248366015,1.0,1
"iteration_1","SCOPE_DATA_COLLECTION",1100,37,2290.0,2350.0,2,6813,4700,1402,6840,4890,1373,6795,4674,1389,17,23,13,0.0024955960070463887,0.0048967426016606344,0.009272467902995721,0.32015896162986923,0.6513992818966066,1.0958185773333893,0.6403179232597385,0.6513992818966066,0.7305457182222596,0.28211920529801326,0.3673513050919983,0.38660907127429806,100.0,100.0,5058,7426,431,44,9,0,0.008699090549624358,0.0012119579854565042,0.0,0.9500000000000001,0.8,0.5,0.5,85.0,65.0,35.0,0.9500000000000001,0.9,0.5,0.4,85.0,55.0,45.0,1487,1463,24,1487,0.01613987895090787,1.0439932290295957,1.5,0.6959954860197305,523,0.3574846206425154,1.0,1
"iteration_1","SCOPE_DATA_COLLECTION",1100,38,2350.0,2410.0,0,6840,4923,1487,6813,4700,1402,6826,4891,1462,22,27,24,0.0032126168224299065,0.005490036600244001,0.016150740242261104,0.3190222380759074,0.6599235415556284,1.0427385173990709,0.6380444761518148,0.6599235415556284,0.6951590115993805,0.2751245238792851,0.3698630136986301,0.35704514363885087,100.0,100.0,5090,7755,405,58,15,0,0.011394891944990177,0.0019342359767891683,0.0,0.9500000000000001,0.9,0.5,0.4,85.0,55.0,45.0,0.9500000000000001,0.9,0.5,0.4,85.0,55.0,45.0,6698,6687,11,6698,0.0016422812779934308,0.32062256204170625,0.5,0.6412451240834125,1800,0.2691790040376851,1.0,1
"iteration_1","SCOPE_DATA_COLLECTION",1100,38,2350.0,2410.0,1,6840,4923,1487,6813,4700,1402,6826,4891,1462,22,27,24,0.0032126168224299065,0.005490036600244001,0.016150740242261104,0.3190222380759074,0.6599235415556284,1.0427385173990709,0.6380444761518148,0.6599235415556284,0.6951590115993805,0.2751245238792851,0.3698630136986301,0.35704514363885087,100.0,100.0,5090,7755,405,58,15,0,0.011394891944990177,0.0019342359767891683,0.0,0.9500000000000001,0.9,0.5,0.4,85.0,55.0,45.0,0.9500000000000001,0.9,0.5,0.4,85.0,55.0,45.0,4933,4903,30,4933,0.00608149199270221,0.6570883209279318,1.0,0.6570883209279318,1813,0.36977360799510506,1.0,1
"iteration_1","SCOPE_DATA_COLLECTION",1100,38,2350.0,2410.0,2,6840,4923,1487,6813,4700,1402,6826,4891,1462,22,27,24,0.0032126168224299065,0.005490036600244001,0.016150740242261104,0.3190222380759074,0.6599235415556284,1.0427385173990709,0.6380444761518148,0.6599235415556284,0.6951590115993805,0.2751245238792851,0.3698630136986301,0.35704514363885087,100.0,100.0,5090,7755,405,58,15,0,0.011394891944990177,0.0019342359767891683,0.0,0.9500000000000001,0.9,0.5,0.4,85.0,55.0,45.0,0.9500000000000001,0.9,0.5,0.4,85.0,55.0,45.0,1468,1446,22,1468,0.014986376021798364,1.070934097340798,1.5,0.7139560648938653,539,0.3727524204702628,1.0,1
"iteration_1","SCOPE_DATA_COLLECTION",1100,39,2410.0,2470.0,0,6698,4933,1468,6840,4923,1487,6684,4898,1440,11,30,22,0.0016430171769977594,0.006087662337662338,0.015047879616963064,0.31949545106867844,0.6565357396809859,1.0780203609942427,0.6389909021373569,0.6565357396809859,0.7186802406628284,0.267803710353082,0.3689260922825643,0.3763888888888889,97.5,100.0,5073,7633,393,60,3,0,0.011827321111768185,3.930302633302764E-4,0.0,0.9500000000000001,0.9,0.5,0.4,85.0,55.0,45.0,0.8500000000000001,0.9,0.4,0.5,75.0,65.0,55.0,6662,6642,20,6662,0.003002101471029721,0.3109760036894934,0.5,0.6219520073789868,1814,0.2731105088828666,1.0,1
"iteration_1","SCOPE_DATA_COLLECTION",1100,39,2410.0,2470.0,1,6698,4933,1468,6840,4923,1487,6684,4898,1440,11,30,22,0.0016430171769977594,0.006087662337662338,0.015047879616963064,0.31949545106867844,0.6565357396809859,1.0780203609942427,0.6389909021373569,0.6565357396809859,0.7186802406628284,0.267803710353082,0.3689260922825643,0.3763888888888889,97.5,100.0,5073,7633,393,60,3,0,0.011827321111768185,3.930302633302764E-4,0.0,0.9500000000000001,0.9,0.5,0.4,85.0,55.0,45.0,0.8500000000000001,0.9,0.4,0.5,75.0,65.0,55.0,4795,4777,18,4795,0.003753910323253389,0.6486633249406106,1.0,0.6486633249406106,1794,0.37554950805945153,1.0,1
"iteration_1","SCOPE_DATA_COLLECTION",1100,39,2410.0,2470.0,2,6698,4933,1468,6840,4923,1487,6684,4898,1440,11,30,22,0.0016430171769977594,0.006087662337662338,0.015047879616963064,0.31949545106867844,0.6565357396809859,1.0780203609942427,0.6389909021373569,0.6565357396809859,0.7186802406628284,0.267803710353082,0.3689260922825643,0.3763888888888889,97.5,100.0,5073,7633,393,60,3,0,0.011827321111768185,3.930302633302764E-4,0.0,0.9500000000000001,0.9,0.5,0.4,85.0,55.0,45.0,0.8500000000000001,0.9,0.4,0.5,75.0,65.0,55.0,1468,1455,13,1468,0.008855585831062671,1.0447664505115668,1.5,0.6965109670077112,532,0.3656357388316151,1.0,1
"iteration_1","SCOPE_DATA_COLLECTION",1100,40,2470.0,2530.0,0,6662,4795,1468,6698,4933,1468,6660,4796,1458,20,18,13,0.0029940119760479044,0.003739094308267553,0.008837525492861998,0.312543361253426,0.6510215650248662,1.033590588259634,0.625086722506852,0.6510215650248662,0.6890603921730892,0.27492492492492493,0.377814845704754,0.35939643347050754,100.0,100.0,5034,6675,1216,45,6,0,0.008939213349225268,8.988764044943821E-4,0.0,0.8500000000000001,0.9,0.4,0.5,75.0,65.0,55.0,0.75,0.9,0.4,0.5,85.0,65.0,65.0,6873,6857,16,6873,0.002327949949076095,0.31445917380957966,0.5,0.6289183476191593,1874,0.2732973603616742,1.0,1
"iteration_1","SCOPE_DATA_COLLECTION",1100,40,2470.0,2530.0,1,6662,4795,1468,6698,4933,1468,6660,4796,1458,20,18,13,0.0029940119760479044,0.003739094308267553,0.008837525492861998,0.312543361253426,0.6510215650248662,1.033590588259634,0.625086722506852,0.6510215650248662,0.6890603921730892,0.27492492492492493,0.377814845704754,0.35939643347050754,100.0,100.0,5034,6675,1216,45,6,0,0.008939213349225268,8.988764044943821E-4,0.0,0.8500000000000001,0.9,0.4,0.5,75.0,65.0,55.0,0.75,0.9,0.4,0.5,85.0,65.0,65.0,4796,4768,28,4796,0.005838198498748957,0.6496312085594497,1.0,0.6496312085594497,1758,0.3687080536912752,1.0,1
"iteration_1","SCOPE_DATA_COLLECTION",1100,40,2470.0,2530.0,2,6662,4795,1468,6698,4933,1468,6660,4796,1458,20,18,13,0.0029940119760479044,0.003739094308267553,0.008837525492861998,0.312543361253426,0.6510215650248662,1.033590588259634,0.625086722506852,0.6510215650248662,0.6890603921730892,0.27492492492492493,0.377814845704754,0.35939643347050754,100.0,100.0,5034,6675,1216,45,6,0,0.008939213349225268,8.988764044943821E-4,0.0,0.8500000000000001,0.9,0.4,0.5,75.0,65.0,55.0,0.75,0.9,0.4,0.5,85.0,65.0,65.0,1412,1394,18,1412,0.012747875354107648,1.0713298713953667,1.5,0.7142199142635778,532,0.381635581061693,1.0,1
"iteration_1","SCOPE_DATA_COLLECTION",1100,41,2530.0,2590.0,0,6873,4796,1412,6662,4795,1468,6853,4758,1393,16,28,18,0.002329305575775222,0.0058503969912244045,0.012756909992912827,0.3133367634645249,0.6446165631295206,1.0706959712729864,0.6266735269290498,0.6446165631295206,0.713797314181991,0.2718517437618561,0.3671710802858344,0.38190954773869346,97.5,100.0,5121,5979,1981,55,7,0,0.010740089826205819,0.0011707643418631879,0.0,0.75,0.9,0.4,0.5,85.0,65.0,65.0,0.8,0.8,0.1,0.1,35.0,35.0,65.0,6703,6696,7,6703,0.001044308518573773,0.30612939320725885,0.5,0.6122587864145177,1897,0.28330346475507767,1.0,1
"iteration_1","SCOPE_DATA_COLLECTION",1100,41,2530.0,2590.0,1,6873,4796,1412,6662,4795,1468,6853,4758,1393,16,28,18,0.002329305575775222,0.0058503969912244045,0.012756909992912827,0.3133367634645249,0.6446165631295206,1.0706959712729864,0.6266735269290498,0.6446165631295206,0.713797314181991,0.2718517437618561,0.3671710802858344,0.38190954773869346,97.5,100.0,5121,5979,1981,55,7,0,0.010740089826205819,0.0011707643418631879,0.0,0.75,0.9,0.4,0.5,85.0,65.0,65.0,0.8,0.8,0.1,0.1,35.0,35.0,65.0,4903,4901,2,4903,4.079135223332653E-4,0.58972619815909,1.0,0.58972619815909,1692,0.34523566619057333,1.0,1
"iteration_1","SCOPE_DATA_COLLECTION",1100,41,2530.0,2590.0,2,6873,4796,1412,6662,4795,1468,6853,4758,1393,16,28,18,0.002329305575775222,0.0058503969912244045,0.012756909992912827,0.3133367634645249,0.6446165631295206,1.0706959712729864,0.6266735269290498,0.6446165631295206,0.713797314181991,0.2718517437618561,0.3671710802858344,0.38190954773869346,97.5,100.0,5121,5979,1981,55,7,0,0.010740089826205819,0.0011707643418631879,0.0,0.75,0.9,0.4,0.5,85.0,65.0,65.0,0.8,0.8,0.1,0.1,35.0,35.0,65.0,1431,1426,5,1431,0.0034940600978336828,1.0482635451516373,1.5,0.6988423634344249,550,0.3856942496493689,1.0,1
"iteration_1","SCOPE_DATA_COLLECTION",1100,42,2590.0,2650.0,0,6703,4903,1431,6873,4796,1412,6679,4902,1436,7,2,5,0.0010469638049655997,4.078303425774878E-4,0.0034698126301179735,0.3052882539437806,0.5945828126201375,1.059870948508993,0.6105765078875612,0.5945828126201375,0.7065806323393287,0.2822278784249139,0.34618523051815586,0.3906685236768802,95.0,100.0,4952,6465,1620,8,6,0,0.0016155088852988692,9.280742459396752E-4,0.0,0.8,0.8,0.1,0.1,35.0,35.0,65.0,0.75,0.8,0.4,0.6000000000000001,60.0,85.0,45.0,6886,6868,18,6886,0.00261399941911124,0.3039805732678943,0.5,0.6079611465357886,1872,0.2725684333139196,1.0,1
"iteration_1","SCOPE_DATA_COLLECTION",1100,42,2590.0,2650.0,1,6703,4903,1431,6873,4796,1412,6679,4902,1436,7,2,5,0.0010469638049655997,4.078303425774878E-4,0.0034698126301179735,0.3052882539437806,0.5945828126201375,1.059870948508993,0.6105765078875612,0.5945828126201375,0.7065806323393287,0.2822278784249139,0.34618523051815586,0.3906685236768802,95.0,100.0,4952,6465,1620,8,6,0,0.0016155088852988692,9.280742459396752E-4,0.0,0.8,0.8,0.1,0.1,35.0,35.0,65.0,0.75,0.8,0.4,0.6000000000000001,60.0,85.0,45.0,4824,4802,22,4824,0.004560530679933665,0.6203867870126287,1.0,0.6203867870126287,1715,0.35714285714285715,1.0,1
"iteration_1","SCOPE_DATA_COLLECTION",1100,42,2590.0,2650.0,2,6703,4903,1431,6873,4796,1412,6679,4902,1436,7,2,5,0.0010469638049655997,4.078303425774878E-4,0.0034698126301179735,0.3052882539437806,0.5945828126201375,1.059870948508993,0.6105765078875612,0.5945828126201375,0.7065806323393287,0.2822278784249139,0.34618523051815586,0.3906685236768802,95.0,100.0,4952,6465,1620,8,6,0,0.0016155088852988692,9.280742459396752E-4,0.0,0.8,0.8,0.1,0.1,35.0,35.0,65.0,0.75,0.8,0.4,0.6000000000000001,60.0,85.0,45.0,1478,1453,25,1478,0.016914749661705007,1.0684573509111566,1.5,0.7123049006074377,548,0.37715072264280797,1.0,1
"iteration_1","SCOPE_DATA_COLLECTION",1100,43,2650.0,2710.0,0,6886,4824,1478,6703,4903,1431,6877,4820,1444,18,22,25,0.002610587382160986,0.004543577034283354,0.01701837985023826,0.30475741828911135,0.6202674702688928,1.0567861643827798,0.6095148365782227,0.6202674702688928,0.7045241095885199,0.2735204304202414,0.35726141078838175,0.37119113573407203,95.0,100.0,5075,6057,2056,62,3,0,0.012216748768472906,4.952947003467063E-4,0.0,0.75,0.8,0.4,0.6000000000000001,60.0,85.0,45.0,0.75,0.8,0.4,0.6000000000000001,60.0,85.0,45.0,6637,6620,17,6637,0.002561398222088293,0.3064968910830467,0.5,0.6129937821660933,1776,0.2682779456193353,1.0,1
"iteration_1","SCOPE_DATA_COLLECTION",1100,43,2650.0,2710.0,1,6886,4824,1478,6703,4903,1431,6877,4820,1444,18,22,25,0.002610587382160986,0.004543577034283354,0.01701837985023826,0.30475741828911135,0.6202674702688928,1.0567861643827798,0.6095148365782227,0.6202674702688928,0.7045241095885199,0.2735204304202414,0.35726141078838175,0.37119113573407203,95.0,100.0,5075,6057,2056,62,3,0,0.012216748768472906,4.952947003467063E-4,0.0,0.75,0.8,0.4,0.6000000000000001,60.0,85.0,45.0,0.75,0.8,0.4,0.6000000000000001,60.0,85.0,45.0,4933,4905,28,4933,0.005676059193188729,0.6346535889896182,1.0,0.6346535889896182,1812,0.3694189602446483,1.0,1
"iteration_1","SCOPE_DATA_COLLECTION",1100,43,2650.0,2710.0,2,6886,4824,1478,6703,4903,1431,6877,4820,1444,18,22,25,0.002610587382160986,0.004543577034283354,0.01701837985023826,0.30475741828911135,0.6202674702688928,1.0567861643827798,0.6095148365782227,0.6202674702688928,0.7045241095885199,0.2735204304202414,0.35726141078838175,0.37119113573407203,95.0,100.0,5075,6057,2056,62,3,0,0.012216748768472906,4.952947003467063E-4,0.0,0.75,0.8,0.4,0.6000000000000001,60.0,85.0,45.0,0.75,0.8,0.4,0.6000000000000001,60.0,85.0,45.0,1433,1405,28,1433,0.019539427773900907,1.0756185163403345,1.5,0.7170790108935563,534,0.3800711743772242,1.0,1
"iteration_1","SCOPE_DATA_COLLECTION",1100,44,2710.0,2770.0,0,6637,4933,1433,6886,4824,1478,6618,4890,1408,17,28,28,0.002562170308967596,0.0056933712891419274,0.019498607242339833,0.30662916528724893,0.6338560665443447,1.0841983487114826,0.6132583305744979,0.6338560665443447,0.7227988991409884,0.26835902085222124,0.36912065439672803,0.3849431818181818,100.0,100.0,5066,5966,1971,69,4,0,0.013620213185945518,6.704659738518271E-4,0.0,0.75,0.8,0.4,0.6000000000000001,60.0,85.0,45.0,0.8500000000000001,0.8,0.4,0.7000000000000001,70.0,95.0,45.0,6875,6859,16,6875,0.0023272727272727273,0.30986323611644606,0.5,0.6197264722328921,1830,0.266802740924333,1.0,1
"iteration_1","SCOPE_DATA_COLLECTION",1100,44,2710.0,2770.0,1,6637,4933,1433,6886,4824,1478,6618,4890,1408,17,28,28,0.002562170308967596,0.0056933712891419274,0.019498607242339833,0.30662916528724893,0.6338560665443447,1.0841983487114826,0.6132583305744979,0.6338560665443447,0.7227988991409884,0.26835902085222124,0.36912065439672803,0.3849431818181818,100.0,100.0,5066,5966,1971,69,4,0,0.013620213185945518,6.704659738518271E-4,0.0,0.75,0.8,0.4,0.6000000000000001,60.0,85.0,45.0,0.8500000000000001,0.8,0.4,0.7000000000000001,70.0,95.0,45.0,4852,4831,21,4852,0.004328112118713932,0.6407042453031514,1.0,0.6407042453031514,1787,0.3699027116539019,1.0,1
"iteration_1","SCOPE_DATA_COLLECTION",1100,44,2710.0,2770.0,2,6637,4933,1433,6886,4824,1478,6618,4890,1408,17,28,28,0.002562170308967596,0.0056933712891419274,0.019498607242339833,0.30662916528724893,0.6338560665443447,1.0841983487114826,0.6132583305744979,0.6338560665443447,0.7227988991409884,0.26835902085222124,0.36912065439672803,0.3849431818181818,100.0,100.0,5066,5966,1971,69,4,0,0.013620213185945518,6.704659738518271E-4,0.0,0.75,0.8,0.4,0.6000000000000001,60.0,85.0,45.0,0.8500000000000001,0.8,0.4,0.7000000000000001,70.0,95.0,45.0,1415,1384,31,1415,0.021908127208480566,1.055547179549264,1.5,0.7036981196995092,511,0.36921965317919075,1.0,1
"iteration_1","SCOPE_DATA_COLLECTION",1100,45,2770.0,2830.0,0,6875,4852,1415,6637,4933,1433,6852,4830,1393,15,21,31,0.00218435998252512,0.004329004329004329,0.021769662921348316,0.30941427745869726,0.6398985237223006,1.0573659144801644,0.6188285549173945,0.6398985237223006,0.7049106096534429,0.2660537069468768,0.36977225672877845,0.3704235463029433,100.0,100.0,5134,6797,1211,56,11,0,0.01090767432800935,0.0016183610416360158,0.0,0.8500000000000001,0.8,0.4,0.7000000000000001,70.0,95.0,45.0,0.8500000000000001,0.8,0.30000000000000004,0.8,60.0,95.0,35.0,6736,6726,10,6736,0.0014845605700712589,0.3029824013948786,0.5,0.6059648027897572,1768,0.26286054118346713,1.0,1
"iteration_1","SCOPE_DATA_COLLECTION",1100,45,2770.0,2830.0,1,6875,4852,1415,6637,4933,1433,6852,4830,1393,15,21,31,0.00218435998252512,0.004329004329004329,0.021769662921348316,0.30941427745869726,0.6398985237223006,1.0573659144801644,0.6188285549173945,0.6398985237223006,0.7049106096534429,0.2660537069468768,0.36977225672877845,0.3704235463029433,100.0,100.0,5134,6797,1211,56,11,0,0.01090767432800935,0.0016183610416360158,0.0,0.8500000000000001,0.8,0.4,0.7000000000000001,70.0,95.0,45.0,0.8500000000000001,0.8,0.30000000000000004,0.8,60.0,95.0,35.0,5001,4984,17,5001,0.0033993201359728054,0.6218914762755746,1.0,0.6218914762755746,1779,0.3569422150882825,1.0,1
"iteration_1","SCOPE_DATA_COLLECTION",1100,45,2770.0,2830.0,2,6875,4852,1415,6637,4933,1433,6852,4830,1393,15,21,31,0.00218435998252512,0.004329004329004329,0.021769662921348316,0.30941427745869726,0.6398985237223006,1.0573659144801644,0.6188285549173945,0.6398985237223006,0.7049106096534429,0.2660537069468768,0.36977225672877845,0.3704235463029433,100.0,100.0,5134,6797,1211,56,11,0,0.01090767432800935,0.0016183610416360158,0.0,0.8500000000000001,0.8,0.4,0.7000000000000001,70.0,95.0,45.0,0.8500000000000001,0.8,0.30000000000000004,0.8,60.0,95.0,35.0,1445,1419,26,1445,0.017993079584775088,1.0904382593257955,1.5,0.7269588395505303,550,0.3875968992248062,1.0,1
"iteration_1","SCOPE_DATA_COLLECTION",1100,46,2830.0,2890.0,0,6736,5001,1445,6875,4852,1415,6744,4980,1408,11,17,26,0.001628423390081421,0.0034020412247348407,0.01813110181311018,0.30397801122785406,0.6220228326984032,1.0863362116443982,0.6079560224557081,0.6220228326984032,0.7242241410962654,0.26423487544483987,0.3566265060240964,0.38423295454545453,100.0,100.0,4999,6983,1200,48,6,0,0.009601920384076815,8.592295574967779E-4,0.0,0.8500000000000001,0.8,0.30000000000000004,0.8,60.0,95.0,35.0,0.8500000000000001,0.8,0.30000000000000004,0.8,60.0,95.0,35.0,6794,6783,11,6794,0.0016190756549896968,0.3069213068251047,0.5,0.6138426136502094,1780,0.2624207577767949,1.0,1
"iteration_1","SCOPE_DATA_COLLECTION",1100,46,2830.0,2890.0,1,6736,5001,1445,6875,4852,1415,6744,4980,1408,11,17,26,0.001628423390081421,0.0034020412247348407,0.01813110181311018,0.30397801122785406,0.6220228326984032,1.0863362116443982,0.6079560224557081,0.6220228326984032,0.7242241410962654,0.26423487544483987,0.3566265060240964,0.38423295454545453,100.0,100.0,4999,6983,1200,48,6,0,0.009601920384076815,8.592295574967779E-4,0.0,0.8500000000000001,0.8,0.30000000000000004,0.8,60.0,95.0,35.0,0.8500000000000001,0.8,0.30000000000000004,0.8,60.0,95.0,35.0,4707,4687,20,4707,0.004248990864669641,0.6405414206127806,1.0,0.6405414206127806,1756,0.3746532963516108,1.0,1
"iteration_1","SCOPE_DATA_COLLECTION",1100,46,2830.0,2890.0,2,6736,5001,1445,6875,4852,1415,6744,4980,1408,11,17,26,0.001628423390081421,0.0034020412247348407,0.01813110181311018,0.30397801122785406,0.6220228326984032,1.0863362116443982,0.6079560224557081,0.6220228326984032,0.7242241410962654,0.26423487544483987,0.3566265060240964,0.38423295454545453,100.0,100.0,4999,6983,1200,48,6,0,0.009601920384076815,8.592295574967779E-4,0.0,0.8500000000000001,0.8,0.30000000000000004,0.8,60.0,95.0,35.0,0.8500000000000001,0.8,0.30000000000000004,0.8,60.0,95.0,35.0,1423,1405,18,1423,0.012649332396345749,1.0779477655684708,1.5,0.7186318437123139,537,0.3822064056939502,1.0,1
"iteration_1","SCOPE_DATA_COLLECTION",1100,47,2890.0,2950.0,0,6794,4707,1423,6736,5001,1445,6773,4679,1402,11,20,18,0.0016214622641509435,0.004256224728665673,0.01267605633802817,0.30625050621489347,0.6363982801192613,1.076130965819977,0.6125010124297869,0.6363982801192613,0.7174206438799846,0.2616270485752252,0.37251549476383844,0.3830242510699001,100.0,100.0,5061,6671,1192,44,5,0,0.008693934005137325,7.49512816669165E-4,0.0,0.8500000000000001,0.8,0.30000000000000004,0.8,60.0,95.0,35.0,0.75,0.7000000000000001,0.2,0.9,70.0,95.0,25.0,6753,6742,11,6753,0.0016289056715533836,0.3111489985527039,0.5,0.6222979971054078,1877,0.27840403441115397,1.0,1
"iteration_1","SCOPE_DATA_COLLECTION",1100,47,2890.0,2950.0,1,6794,4707,1423,6736,5001,1445,6773,4679,1402,11,20,18,0.0016214622641509435,0.004256224728665673,0.01267605633802817,0.30625050621489347,0.6363982801192613,1.076130965819977,0.6125010124297869,0.6363982801192613,0.7174206438799846,0.2616270485752252,0.37251549476383844,0.3830242510699001,100.0,100.0,5061,6671,1192,44,5,0,0.008693934005137325,7.49512816669165E-4,0.0,0.8500000000000001,0.8,0.30000000000000004,0.8,60.0,95.0,35.0,0.75,0.7000000000000001,0.2,0.9,70.0,95.0,25.0,4789,4776,13,4789,0.002714554186677803,0.6217166733419865,1.0,0.6217166733419865,1749,0.36620603015075376,1.0,1
"iteration_1","SCOPE_DATA_COLLECTION",1100,47,2890.0,2950.0,2,6794,4707,1423,6736,5001,1445,6773,4679,1402,11,20,18,0.0016214622641509435,0.004256224728665673,0.01267605633802817,0.30625050621489347,0.6363982801192613,1.076130965819977,0.6125010124297869,0.6363982801192613,0.7174206438799846,0.2616270485752252,0.37251549476383844,0.3830242510699001,100.0,100.0,5061,6671,1192,44,5,0,0.008693934005137325,7.49512816669165E-4,0.0,0.8500000000000001,0.8,0.30000000000000004,0.8,60.0,95.0,35.0,0.75,0.7000000000000001,0.2,0.9,70.0,95.0,25.0,1464,1445,19,1464,0.012978142076502733,1.0535184707820506,1.5,0.7023456471880337,530,0.36678200692041524,1.0,1
"iteration_1","SCOPE_DATA_COLLECTION",1100,48,2950.0,3010.0,0,6753,4789,1464,6794,4707,1423,6745,4775,1454,11,13,19,0.0016281823564239194,0.0027151211361737676,0.012898845892735914,0.3112628267940438,0.6223695242870023,1.0585318164918724,0.6225256535880876,0.6223695242870023,0.7056878776612483,0.27902149740548554,0.36649214659685864,0.36795048143053644,100.0,100.0,5070,5926,2010,42,1,0,0.008284023668639054,1.6874789065136686E-4,0.0,0.75,0.7000000000000001,0.2,0.9,70.0,95.0,25.0,0.15000000000000002,0.6000000000000001,0.8,0.4,85.0,40.0,35.0,6636,3310,3326,6636,0.5012055455093429,0.5271425994786152,0.5,1.0542851989572304,1781,0.5380664652567976,1.0,1
"iteration_1","SCOPE_DATA_COLLECTION",1100,48,2950.0,3010.0,1,6753,4789,1464,6794,4707,1423,6745,4775,1454,11,13,19,0.0016281823564239194,0.0027151211361737676,0.012898845892735914,0.3112628267940438,0.6223695242870023,1.0585318164918724,0.6225256535880876,0.6223695242870023,0.7056878776612483,0.27902149740548554,0.36649214659685864,0.36795048143053644,100.0,100.0,5070,5926,2010,42,1,0,0.008284023668639054,1.6874789065136686E-4,0.0,0.75,0.7000000000000001,0.2,0.9,70.0,95.0,25.0,0.15000000000000002,0.6000000000000001,0.8,0.4,85.0,40.0,35.0,4872,2351,2521,4872,0.5174466338259441,1.135824161250357,1.0,1.135824161250357,1765,0.7507443641003828,1.0,1
"iteration_1","SCOPE_DATA_COLLECTION",1100,48,2950.0,3010.0,2,6753,4789,1464,6794,4707,1423,6745,4775,1454,11,13,19,0.0016281823564239194,0.0027151211361737676,0.012898845892735914,0.3112628267940438,0.6223695242870023,1.0585318164918724,0.6225256535880876,0.6223695242870023,0.7056878776612483,0.27902149740548554,0.36649214659685864,0.36795048143053644,100.0,100.0,5070,5926,2010,42,1,0,0.008284023668639054,1.6874789065136686E-4,0.0,0.75,0.7000000000000001,0.2,0.9,70.0,95.0,25.0,0.15000000000000002,0.6000000000000001,0.8,0.4,85.0,40.0,35.0,1408,656,752,1408,0.5340909090909091,1.8194576817770023,1.5,1.2129717878513349,508,0.774390243902439,1.0,1
"iteration_1","SCOPE_DATA_COLLECTION",1100,49,3010.0,3070.0,0,6636,4872,1408,6753,4789,1464,3295,2367,651,3326,2521,752,0.5023410360972663,0.5157528641571195,0.5359942979330007,0.5245924858387307,1.1319268884754312,1.8127827971782653,1.0491849716774615,1.1319268884754312,1.2085218647855103,0.5347496206373293,0.7494719053654415,0.7726574500768049,100.0,100.0,5104,1191,6621,55,0,6544,0.010775862068965518,0.0,0.9883703368071288,0.15000000000000002,0.6000000000000001,0.8,0.4,85.0,40.0,35.0,0.15000000000000002,0.1,0.4,0.1,80.0,30.0,45.0,6795,3309,3486,6795,0.5130242825607064,0.46109727085997476,0.5,0.9221945417199495,1483,0.448171653067392,1.0,1
"iteration_1","SCOPE_DATA_COLLECTION",1100,49,3010.0,3070.0,1,6636,4872,1408,6753,4789,1464,3295,2367,651,3326,2521,752,0.5023410360972663,0.5157528641571195,0.5359942979330007,0.5245924858387307,1.1319268884754312,1.8127827971782653,1.0491849716774615,1.1319268884754312,1.2085218647855103,0.5347496206373293,0.7494719053654415,0.7726574500768049,100.0,100.0,5104,1191,6621,55,0,6544,0.010775862068965518,0.0,0.9883703368071288,0.15000000000000002,0.6000000000000001,0.8,0.4,85.0,40.0,35.0,0.15000000000000002,0.1,0.4,0.1,80.0,30.0,45.0,4835,2287,2548,4835,0.5269906928645295,1.126300955885994,1.0,1.126300955885994,1755,0.7673808482728465,1.0,1
"iteration_1","SCOPE_DATA_COLLECTION",1100,49,3010.0,3070.0,2,6636,4872,1408,6753,4789,1464,3295,2367,651,3326,2521,752,0.5023410360972663,0.5157528641571195,0.5359942979330007,0.5245924858387307,1.1319268884754312,1.8127827971782653,1.0491849716774615,1.1319268884754312,1.2085218647855103,0.5347496206373293,0.7494719053654415,0.7726574500768049,100.0,100.0,5104,1191,6621,55,0,6544,0.010775862068965518,0.0,0.9883703368071288,0.15000000000000002,0.6000000000000001,0.8,0.4,85.0,40.0,35.0,0.15000000000000002,0.1,0.4,0.1,80.0,30.0,45.0,1430,712,718,1430,0.5020979020979021,1.8201871658380668,1.5,1.2134581105587112,571,0.8019662921348315,1.0,1
"iteration_1","SCOPE_DATA_COLLECTION",1100,50,3070.0,3130.0,0,6795,4835,1430,6636,4872,1408,3338,2289,713,3486,2548,718,0.5108440797186401,0.5267727930535456,0.5017470300489169,0.4651474945913673,1.1330051651884423,1.8178333024070576,0.9302949891827346,1.1330051651884423,1.2118888682713718,0.45266626722588377,0.7671472258628222,0.7994389901823282,100.0,100.0,5108,1221,6731,20,1,6731,0.003915426781519186,8.19000819000819E-4,1.0,0.15000000000000002,0.1,0.4,0.1,80.0,30.0,45.0,0.15000000000000002,0.1,0.4,0.1,80.0,30.0,45.0,6662,3231,3431,6662,0.5150105073551486,0.4631232918461984,0.5,0.9262465836923968,1485,0.4596100278551532,1.0,1
"iteration_1","SCOPE_DATA_COLLECTION",1100,50,3070.0,3130.0,1,6795,4835,1430,6636,4872,1408,3338,2289,713,3486,2548,718,0.5108440797186401,0.5267727930535456,0.5017470300489169,0.4651474945913673,1.1330051651884423,1.8178333024070576,0.9302949891827346,1.1330051651884423,1.2118888682713718,0.45266626722588377,0.7671472258628222,0.7994389901823282,100.0,100.0,5108,1221,6731,20,1,6731,0.003915426781519186,8.19000819000819E-4,1.0,0.15000000000000002,0.1,0.4,0.1,80.0,30.0,45.0,0.15000000000000002,0.1,0.4,0.1,80.0,30.0,45.0,4823,2327,2496,4823,0.5175202156334232,1.1323000845869005,1.0,1.1323000845869005,1810,0.7778255264288784,1.0,1
"iteration_1","SCOPE_DATA_COLLECTION",1100,50,3070.0,3130.0,2,6795,4835,1430,6636,4872,1408,3338,2289,713,3486,2548,718,0.5108440797186401,0.5267727930535456,0.5017470300489169,0.4651474945913673,1.1330051651884423,1.8178333024070576,0.9302949891827346,1.1330051651884423,1.2118888682713718,0.45266626722588377,0.7671472258628222,0.7994389901823282,100.0,100.0,5108,1221,6731,20,1,6731,0.003915426781519186,8.19000819000819E-4,1.0,0.15000000000000002,0.1,0.4,0.1,80.0,30.0,45.0,0.15000000000000002,0.1,0.4,0.1,80.0,30.0,45.0,1421,697,724,1421,0.5095003518648838,1.8095975035041272,1.5,1.2063983356694181,553,0.793400286944046,1.0,1
"iteration_1","SCOPE_DATA_COLLECTION",1100,51,3130.0,3190.0,0,6662,4823,1421,6795,4835,1430,3233,2322,692,3431,2496,724,0.5148559423769508,0.5180572851805728,0.5112994350282486,0.46257959340078614,1.1307903893913909,1.8073277551640445,0.9251591868015723,1.1307903893913909,1.204885170109363,0.45901639344262296,0.7786391042204995,0.7933526011560693,97.5,100.0,5125,1157,6624,24,3,6624,0.0046829268292682925,0.0025929127052722557,1.0,0.15000000000000002,0.1,0.4,0.1,80.0,30.0,45.0,0.25,0.1,0.30000000000000004,0.1,80.0,40.0,35.0,6741,3767,2974,6741,0.4411808337041982,0.4273421777297168,0.5,0.8546843554594336,1510,0.400849482346695,1.0,1
"iteration_1","SCOPE_DATA_COLLECTION",1100,51,3130.0,3190.0,1,6662,4823,1421,6795,4835,1430,3233,2322,692,3431,2496,724,0.5148559423769508,0.5180572851805728,0.5112994350282486,0.46257959340078614,1.1307903893913909,1.8073277551640445,0.9251591868015723,1.1307903893913909,1.204885170109363,0.45901639344262296,0.7786391042204995,0.7933526011560693,97.5,100.0,5125,1157,6624,24,3,6624,0.0046829268292682925,0.0025929127052722557,1.0,0.15000000000000002,0.1,0.4,0.1,80.0,30.0,45.0,0.25,0.1,0.30000000000000004,0.1,80.0,40.0,35.0,4768,2645,2123,4768,0.44526006711409394,1.007318167101304,1.0,1.007318167101304,1767,0.6680529300567107,1.0,1
"iteration_1","SCOPE_DATA_COLLECTION",1100,51,3130.0,3190.0,2,6662,4823,1421,6795,4835,1430,3233,2322,692,3431,2496,724,0.5148559423769508,0.5180572851805728,0.5112994350282486,0.46257959340078614,1.1307903893913909,1.8073277551640445,0.9251591868015723,1.1307903893913909,1.204885170109363,0.45901639344262296,0.7786391042204995,0.7933526011560693,97.5,100.0,5125,1157,6624,24,3,6624,0.0046829268292682925,0.0025929127052722557,1.0,0.15000000000000002,0.1,0.4,0.1,80.0,30.0,45.0,0.25,0.1,0.30000000000000004,0.1,80.0,40.0,35.0,1476,819,657,1476,0.4451219512195122,1.6476786982593306,1.5,1.0984524655062204,578,0.7057387057387058,1.0,1
"iteration_1","SCOPE_DATA_COLLECTION",1100,52,3190.0,3250.0,0,6741,4768,1476,6662,4823,1421,3755,2653,824,2974,2123,656,0.44196760291276566,0.4445142378559464,0.44324324324324327,0.4268563645811437,1.0082258527482004,1.65217959311569,0.8537127291622874,1.0082258527482004,1.1014530620771266,0.4,0.6698077647945722,0.7063106796116505,97.5,100.0,5061,1905,6019,28,1,5724,0.005532503457814661,5.249343832020997E-4,0.9509885363017112,0.25,0.1,0.30000000000000004,0.1,80.0,40.0,35.0,0.25,0.1,0.30000000000000004,0.1,80.0,40.0,35.0,6801,3825,2976,6801,0.43758270842523156,0.44224335028660233,0.5,0.8844867005732047,1548,0.4047058823529412,1.0,1
"iteration_1","SCOPE_DATA_COLLECTION",1100,52,3190.0,3250.0,1,6741,4768,1476,6662,4823,1421,3755,2653,824,2974,2123,656,0.44196760291276566,0.4445142378559464,0.44324324324324327,0.4268563645811437,1.0082258527482004,1.65217959311569,0.8537127291622874,1.0082258527482004,1.1014530620771266,0.4,0.6698077647945722,0.7063106796116505,97.5,100.0,5061,1905,6019,28,1,5724,0.005532503457814661,5.249343832020997E-4,0.9509885363017112,0.25,0.1,0.30000000000000004,0.1,80.0,40.0,35.0,0.25,0.1,0.30000000000000004,0.1,80.0,40.0,35.0,4916,2723,2193,4916,0.4460943856794142,1.0016927418149455,1.0,1.0016927418149455,1813,0.6658097686375322,1.0,1
"iteration_1","SCOPE_DATA_COLLECTION",1100,52,3190.0,3250.0,2,6741,4768,1476,6662,4823,1421,3755,2653,824,2974,2123,656,0.44196760291276566,0.4445142378559464,0.44324324324324327,0.4268563645811437,1.0082258527482004,1.65217959311569,0.8537127291622874,1.0082258527482004,1.1014530620771266,0.4,0.6698077647945722,0.7063106796116505,97.5,100.0,5061,1905,6019,28,1,5724,0.005532503457814661,5.249343832020997E-4,0.9509885363017112,0.25,0.1,0.30000000000000004,0.1,80.0,40.0,35.0,0.25,0.1,0.30000000000000004,0.1,80.0,40.0,35.0,1373,756,617,1373,0.4493809176984705,1.6980727412773426,1.5,1.1320484941848952,555,0.7341269841269841,1.0,1
"iteration_1","SCOPE_DATA_COLLECTION",1100,53,3250.0,3310.0,0,6801,4916,1373,6741,4768,1476,3822,2718,757,2976,2193,618,0.43777581641659313,0.44654856444715946,0.44945454545454544,0.4420621859923399,1.0006804767814796,1.6949109148308088,0.8841243719846797,1.0006804767814796,1.1299406098872058,0.4031920460491889,0.6644591611479028,0.7331571994715984,97.5,100.0,5174,1972,5944,22,1,5764,0.004252029377657518,5.070993914807302E-4,0.9697173620457604,0.25,0.1,0.30000000000000004,0.1,80.0,40.0,35.0,0.15000000000000002,0.2,0.30000000000000004,0.1,70.0,50.0,35.0,6806,3232,3574,6806,0.5251248898031149,0.47886390866064554,0.5,0.9577278173212911,1589,0.4916460396039604,1.0,1
"iteration_1","SCOPE_DATA_COLLECTION",1100,53,3250.0,3310.0,1,6801,4916,1373,6741,4768,1476,3822,2718,757,2976,2193,618,0.43777581641659313,0.44654856444715946,0.44945454545454544,0.4420621859923399,1.0006804767814796,1.6949109148308088,0.8841243719846797,1.0006804767814796,1.1299406098872058,0.4031920460491889,0.6644591611479028,0.7331571994715984,97.5,100.0,5174,1972,5944,22,1,5764,0.004252029377657518,5.070993914807302E-4,0.9697173620457604,0.25,0.1,0.30000000000000004,0.1,80.0,40.0,35.0,0.15000000000000002,0.2,0.30000000000000004,0.1,70.0,50.0,35.0,4836,2306,2530,4836,0.5231596360628619,1.0884552450697267,1.0,1.0884552450697267,1742,0.7554206418039896,1.0,1
"iteration_1","SCOPE_DATA_COLLECTION",1100,53,3250.0,3310.0,2,6801,4916,1373,6741,4768,1476,3822,2718,757,2976,2193,618,0.43777581641659313,0.44654856444715946,0.44945454545454544,0.4420621859923399,1.0006804767814796,1.6949109148308088,0.8841243719846797,1.0006804767814796,1.1299406098872058,0.4031920460491889,0.6644591611479028,0.7331571994715984,97.5,100.0,5174,1972,5944,22,1,5764,0.004252029377657518,5.070993914807302E-4,0.9697173620457604,0.25,0.1,0.30000000000000004,0.1,80.0,40.0,35.0,0.15000000000000002,0.2,0.30000000000000004,0.1,70.0,50.0,35.0,1472,669,803,1472,0.545516304347826,1.847163176586407,1.5,1.2314421177242714,547,0.8176382660687593,1.0,1
"iteration_1","SCOPE_DATA_COLLECTION",1100,54,3310.0,3370.0,0,6806,4836,1472,6801,4916,1373,3247,2300,675,3574,2530,803,0.5239700923618238,0.5238095238095238,0.5433017591339648,0.47927986256879274,1.0838653459273326,1.8509430155784632,0.9585597251375855,1.0838653459273326,1.2339620103856421,0.4936864798275331,0.7543478260869565,0.8192592592592592,100.0,100.0,5044,1183,6887,17,3,6887,0.0033703409992069788,0.00253592561284869,1.0,0.15000000000000002,0.2,0.30000000000000004,0.1,70.0,50.0,35.0,0.15000000000000002,0.2,0.30000000000000004,0.2,70.0,50.0,35.0,6720,3233,3487,6720,0.5188988095238095,0.46291765384431255,0.5,0.9258353076886251,1458,0.450974327250232,1.0,1
"iteration_1","SCOPE_DATA_COLLECTION",1100,54,3310.0,3370.0,1,6806,4836,1472,6801,4916,1373,3247,2300,675,3574,2530,803,0.5239700923618238,0.5238095238095238,0.5433017591339648,0.47927986256879274,1.0838653459273326,1.8509430155784632,0.9585597251375855,1.0838653459273326,1.2339620103856421,0.4936864798275331,0.7543478260869565,0.8192592592592592,100.0,100.0,5044,1183,6887,17,3,6887,0.0033703409992069788,0.00253592561284869,1.0,0.15000000000000002,0.2,0.30000000000000004,0.1,70.0,50.0,35.0,0.15000000000000002,0.2,0.30000000000000004,0.2,70.0,50.0,35.0,4919,2302,2617,4919,0.5320187029884123,1.077120201293842,1.0,1.077120201293842,1734,0.7532580364900087,1.0,1
"iteration_1","SCOPE_DATA_COLLECTION",1100,54,3310.0,3370.0,2,6806,4836,1472,6801,4916,1373,3247,2300,675,3574,2530,803,0.5239700923618238,0.5238095238095238,0.5433017591339648,0.47927986256879274,1.0838653459273326,1.8509430155784632,0.9585597251375855,1.0838653459273326,1.2339620103856421,0.4936864798275331,0.7543478260869565,0.8192592592592592,100.0,100.0,5044,1183,6887,17,3,6887,0.0033703409992069788,0.00253592561284869,1.0,0.15000000000000002,0.2,0.30000000000000004,0.1,70.0,50.0,35.0,0.15000000000000002,0.2,0.30000000000000004,0.2,70.0,50.0,35.0,1434,653,781,1434,0.5446304044630405,1.8761979621584863,1.5,1.2507986414389909,536,0.8208269525267994,1.0,1
"iteration_1","SCOPE_DATA_COLLECTION",1100,55,3370.0,3430.0,0,6720,4919,1434,6806,4836,1472,3228,2322,648,3487,2617,781,0.5192851824274013,0.5298643450091112,0.5465360391882436,0.46339728751535497,1.0841144472379471,1.87670923024639,0.9267945750307099,1.0841144472379471,1.2511394868309267,0.4519826517967782,0.7540913006029285,0.8209876543209876,100.0,100.0,5071,1159,6843,39,3,6843,0.007690790771051075,0.0025884383088869713,1.0,0.15000000000000002,0.2,0.30000000000000004,0.2,70.0,50.0,35.0,0.25,0.30000000000000004,0.30000000000000004,0.1,60.0,60.0,35.0,6743,3719,3024,6743,0.4484650748924811,0.45267819857947056,0.5,0.9053563971589411,1684,0.45280989513310027,1.0,1
"iteration_1","SCOPE_DATA_COLLECTION",1100,55,3370.0,3430.0,1,6720,4919,1434,6806,4836,1472,3228,2322,648,3487,2617,781,0.5192851824274013,0.5298643450091112,0.5465360391882436,0.46339728751535497,1.0841144472379471,1.87670923024639,0.9267945750307099,1.0841144472379471,1.2511394868309267,0.4519826517967782,0.7540913006029285,0.8209876543209876,100.0,100.0,5071,1159,6843,39,3,6843,0.007690790771051075,0.0025884383088869713,1.0,0.15000000000000002,0.2,0.30000000000000004,0.2,70.0,50.0,35.0,0.25,0.30000000000000004,0.30000000000000004,0.1,60.0,60.0,35.0,4922,2770,2152,4922,0.43722064201544086,0.966184267992908,1.0,0.966184267992908,1785,0.644404332129964,1.0,1
"iteration_1","SCOPE_DATA_COLLECTION",1100,55,3370.0,3430.0,2,6720,4919,1434,6806,4836,1472,3228,2322,648,3487,2617,781,0.5192851824274013,0.5298643450091112,0.5465360391882436,0.46339728751535497,1.0841144472379471,1.87670923024639,0.9267945750307099,1.0841144472379471,1.2511394868309267,0.4519826517967782,0.7540913006029285,0.8209876543209876,100.0,100.0,5071,1159,6843,39,3,6843,0.007690790771051075,0.0025884383088869713,1.0,0.15000000000000002,0.2,0.30000000000000004,0.2,70.0,50.0,35.0,0.25,0.30000000000000004,0.30000000000000004,0.1,60.0,60.0,35.0,1401,776,625,1401,0.44610992148465384,1.6246276263065946,1.5,1.0830850842043964,541,0.6971649484536082,1.0,1
"iteration_1","SCOPE_DATA_COLLECTION",1100,56,3430.0,3490.0,0,6743,4922,1401,6720,4919,1434,3715,2754,778,3024,2152,625,0.4487312657664342,0.4386465552384835,0.44547398431931573,0.45208526492485973,0.9643055928573399,1.618878459937768,0.9041705298497195,0.9643055928573399,1.0792523066251787,0.4508748317631225,0.6434277414669571,0.6953727506426736,100.0,100.0,5031,1990,6045,26,2,5773,0.00516795865633075,0.0010050251256281408,0.955004135649297,0.25,0.30000000000000004,0.30000000000000004,0.1,60.0,60.0,35.0,0.25,0.30000000000000004,0.2,0.1,50.0,50.0,45.0,6762,3745,3017,6762,0.44616977225672877,0.4295537670656931,0.5,0.8591075341313862,1525,0.40720961281708945,1.0,1
"iteration_1","SCOPE_DATA_COLLECTION",1100,56,3430.0,3490.0,1,6743,4922,1401,6720,4919,1434,3715,2754,778,3024,2152,625,0.4487312657664342,0.4386465552384835,0.44547398431931573,0.45208526492485973,0.9643055928573399,1.618878459937768,0.9041705298497195,0.9643055928573399,1.0792523066251787,0.4508748317631225,0.6434277414669571,0.6953727506426736,100.0,100.0,5031,1990,6045,26,2,5773,0.00516795865633075,0.0010050251256281408,0.955004135649297,0.25,0.30000000000000004,0.30000000000000004,0.1,60.0,60.0,35.0,0.25,0.30000000000000004,0.2,0.1,50.0,50.0,45.0,4787,2656,2131,4787,0.4451639857948611,0.9376687127295049,1.0,0.9376687127295049,1720,0.6475903614457831,1.0,1
"iteration_1","SCOPE_DATA_COLLECTION",1100,56,3430.0,3490.0,2,6743,4922,1401,6720,4919,1434,3715,2754,778,3024,2152,625,0.4487312657664342,0.4386465552384835,0.44547398431931573,0.45208526492485973,0.9643055928573399,1.618878459937768,0.9041705298497195,0.9643055928573399,1.0792523066251787,0.4508748317631225,0.6434277414669571,0.6953727506426736,100.0,100.0,5031,1990,6045,26,2,5773,0.00516795865633075,0.0010050251256281408,0.955004135649297,0.25,0.30000000000000004,0.30000000000000004,0.1,60.0,60.0,35.0,0.25,0.30000000000000004,0.2,0.1,50.0,50.0,45.0,1468,819,649,1468,0.4420980926430518,1.5601066510238535,1.5,1.040071100682569,543,0.663003663003663,1.0,1
"iteration_1","SCOPE_DATA_COLLECTION",1100,57,3490.0,3550.0,0,6762,4787,1468,6743,4922,1401,3739,2654,829,3017,2131,649,0.4465660153937241,0.44535005224660396,0.439106901217862,0.42950650342897945,0.9386223987275844,1.5693123600805126,0.8590130068579589,0.9386223987275844,1.046208240053675,0.40786306499063923,0.646948003014318,0.6670687575392038,97.5,100.0,4934,2038,6045,17,2,5778,0.003445480340494528,9.813542688910696E-4,0.9558312655086849,0.25,0.30000000000000004,0.2,0.1,50.0,50.0,45.0,0.9500000000000001,0.8,0.7000000000000001,0.6000000000000001,20.0,35.0,45.0,6719,6699,20,6719,0.002976633427593392,0.32197157220238565,0.5,0.6439431444047713,1868,0.27884758919241676,1.0,1
"iteration_1","SCOPE_DATA_COLLECTION",1100,57,3490.0,3550.0,1,6762,4787,1468,6743,4922,1401,3739,2654,829,3017,2131,649,0.4465660153937241,0.44535005224660396,0.439106901217862,0.42950650342897945,0.9386223987275844,1.5693123600805126,0.8590130068579589,0.9386223987275844,1.046208240053675,0.40786306499063923,0.646948003014318,0.6670687575392038,97.5,100.0,4934,2038,6045,17,2,5778,0.003445480340494528,9.813542688910696E-4,0.9558312655086849,0.25,0.30000000000000004,0.2,0.1,50.0,50.0,45.0,0.9500000000000001,0.8,0.7000000000000001,0.6000000000000001,20.0,35.0,45.0,4851,4821,30,4851,0.006184291898577613,0.6594588912258882,1.0,0.6594588912258882,1811,0.3756482057664385,1.0,1
"iteration_1","SCOPE_DATA_COLLECTION",1100,57,3490.0,3550.0,2,6762,4787,1468,6743,4922,1401,3739,2654,829,3017,2131,649,0.4465660153937241,0.44535005224660396,0.439106901217862,0.42950650342897945,0.9386223987275844,1.5693123600805126,0.8590130068579589,0.9386223987275844,1.046208240053675,0.40786306499063923,0.646948003014318,0.6670687575392038,97.5,100.0,4934,2038,6045,17,2,5778,0.003445480340494528,9.813542688910696E-4,0.9558312655086849,0.25,0.30000000000000004,0.2,0.1,50.0,50.0,45.0,0.9500000000000001,0.8,0.7000000000000001,0.6000000000000001,20.0,35.0,45.0,1358,1329,29,1358,0.021354933726067747,1.0788681875966584,1.5,0.7192454583977722,500,0.3762227238525207,1.0,1
"iteration_1","SCOPE_DATA_COLLECTION",1100,58,3550.0,3618.51916818852,0,6719,4851,1358,6762,4787,1468,6693,4820,1320,20,30,29,0.0029792939073439596,0.006185567010309278,0.021497405485544848,0.3215207607876183,0.66035101827238,1.0754697328337184,0.6430415215752366,0.66035101827238,0.7169798218891456,0.27820110563275063,0.37697095435684647,0.375,100.0,100.0,5130,7394,404,60,13,6,0.011695906432748537,0.0017581823099810658,0.01485148514851485,0.9500000000000001,0.8,0.7000000000000001,0.6000000000000001,20.0,35.0,45.0,0.9500000000000001,0.8,0.8,0.6000000000000001,30.0,35.0,55.0,5660,5584,23,5607,0.004102015337970394,0.3360724073335845,0.5,0.672144814667169,1663,0.29781518624641834,0.9906360424028269,0
"iteration_1","SCOPE_DATA_COLLECTION",1100,58,3550.0,3618.51916818852,1,6719,4851,1358,6762,4787,1468,6693,4820,1320,20,30,29,0.0029792939073439596,0.006185567010309278,0.021497405485544848,0.3215207607876183,0.66035101827238,1.0754697328337184,0.6430415215752366,0.66035101827238,0.7169798218891456,0.27820110563275063,0.37697095435684647,0.375,100.0,100.0,5130,7394,404,60,13,6,0.011695906432748537,0.0017581823099810658,0.01485148514851485,0.9500000000000001,0.8,0.7000000000000001,0.6000000000000001,20.0,35.0,45.0,0.9500000000000001,0.8,0.8,0.6000000000000001,30.0,35.0,55.0,4072,3972,42,4014,0.01046337817638266,0.6688878322025548,1.0,0.6688878322025548,1488,0.37462235649546827,0.9857563850687623,0
"iteration_1","SCOPE_DATA_COLLECTION",1100,58,3550.0,3618.51916818852,2,6719,4851,1358,6762,4787,1468,6693,4820,1320,20,30,29,0.0029792939073439596,0.006185567010309278,0.021497405485544848,0.3215207607876183,0.66035101827238,1.0754697328337184,0.6430415215752366,0.66035101827238,0.7169798218891456,0.27820110563275063,0.37697095435684647,0.375,100.0,100.0,5130,7394,404,60,13,6,0.011695906432748537,0.0017581823099810658,0.01485148514851485,0.9500000000000001,0.8,0.7000000000000001,0.6000000000000001,20.0,35.0,45.0,0.9500000000000001,0.8,0.8,0.6000000000000001,30.0,35.0,55.0,1206,1156,18,1174,0.015332197614991482,1.0643472657073925,1.5,0.7095648438049283,419,0.3624567474048443,0.9734660033167496,0
"iteration_1","SCOPE_DATA_COLLECTION",1200,0,70.0,130.0,0,6484,5000,1417,0,0,0,6367,4858,1346,82,74,42,0.012715149635602418,0.015004055150040552,0.03025936599423631,0.3057882279209995,0.658634723098963,1.0605700342963305,0.611576455841999,0.658634723098963,0.707046689530887,0.25820637662949586,0.35446685878962536,0.37147102526002973,100.0,100.0,4904,4831,3166,69,7,122,0.014070146818923327,0.001448975367418754,0.03853442830069488,0.6,0.5,0.7,0.4,85.0,80.0,90.0,0.35000000000000003,0.4,0.8,0.30000000000000004,60.0,65.0,20.0,7273,5324,1949,7273,0.26797745084559327,0.38780790518625596,0.5,0.7756158103725119,1871,0.351427498121713,1.0,1
"iteration_1","SCOPE_DATA_COLLECTION",1200,0,70.0,130.0,1,6484,5000,1417,0,0,0,6367,4858,1346,82,74,42,0.012715149635602418,0.015004055150040552,0.03025936599423631,0.3057882279209995,0.658634723098963,1.0605700342963305,0.611576455841999,0.658634723098963,0.707046689530887,0.25820637662949586,0.35446685878962536,0.37147102526002973,100.0,100.0,4904,4831,3166,69,7,122,0.014070146818923327,0.001448975367418754,0.03853442830069488,0.6,0.5,0.7,0.4,85.0,80.0,90.0,0.35000000000000003,0.4,0.8,0.30000000000000004,60.0,65.0,20.0,5347,3849,1498,5347,0.2801570974378156,0.8216551031212621,1.0,0.8216551031212621,1855,0.481943361912185,1.0,1
"iteration_1","SCOPE_DATA_COLLECTION",1200,0,70.0,130.0,2,6484,5000,1417,0,0,0,6367,4858,1346,82,74,42,0.012715149635602418,0.015004055150040552,0.03025936599423631,0.3057882279209995,0.658634723098963,1.0605700342963305,0.611576455841999,0.658634723098963,0.707046689530887,0.25820637662949586,0.35446685878962536,0.37147102526002973,100.0,100.0,4904,4831,3166,69,7,122,0.014070146818923327,0.001448975367418754,0.03853442830069488,0.6,0.5,0.7,0.4,85.0,80.0,90.0,0.35000000000000003,0.4,0.8,0.30000000000000004,60.0,65.0,20.0,1580,1122,458,1580,0.289873417721519,1.3481175442566626,1.5,0.8987450295044418,573,0.5106951871657754,1.0,1
"iteration_1","SCOPE_DATA_COLLECTION",1200,1,130.0,190.0,0,7273,5347,1580,6484,5000,1417,5324,3864,1119,1949,1498,458,0.26797745084559327,0.2793733681462141,0.29042485732403295,0.38653097624252747,0.8188226401091161,1.3356599577100174,0.7730619524850549,0.8188226401091161,0.8904399718066783,0.3489857250187829,0.48007246376811596,0.5058087578194816,100.0,100.0,5191,3170,5839,81,2,3822,0.0156039298786361,6.309148264984228E-4,0.6545641376948108,0.35000000000000003,0.4,0.8,0.30000000000000004,60.0,65.0,20.0,0.35000000000000003,0.4,0.7000000000000001,0.2,70.0,65.0,20.0,7147,5121,2026,7147,0.2834755841611865,0.40044210579963607,0.5,0.8008842115992721,1921,0.3751220464752978,1.0,1
"iteration_1","SCOPE_DATA_COLLECTION",1200,1,130.0,190.0,1,7273,5347,1580,6484,5000,1417,5324,3864,1119,1949,1498,458,0.26797745084559327,0.2793733681462141,0.29042485732403295,0.38653097624252747,0.8188226401091161,1.3356599577100174,0.7730619524850549,0.8188226401091161,0.8904399718066783,0.3489857250187829,0.48007246376811596,0.5058087578194816,100.0,100.0,5191,3170,5839,81,2,3822,0.0156039298786361,6.309148264984228E-4,0.6545641376948108,0.35000000000000003,0.4,0.8,0.30000000000000004,60.0,65.0,20.0,0.35000000000000003,0.4,0.7000000000000001,0.2,70.0,65.0,20.0,5363,3764,1599,5363,0.29815401827335447,0.8470171254964857,1.0,0.8470171254964857,1841,0.48910733262486716,1.0,1
"iteration_1","SCOPE_DATA_COLLECTION",1200,1,130.0,190.0,2,7273,5347,1580,6484,5000,1417,5324,3864,1119,1949,1498,458,0.26797745084559327,0.2793733681462141,0.29042485732403295,0.38653097624252747,0.8188226401091161,1.3356599577100174,0.7730619524850549,0.8188226401091161,0.8904399718066783,0.3489857250187829,0.48007246376811596,0.5058087578194816,100.0,100.0,5191,3170,5839,81,2,3822,0.0156039298786361,6.309148264984228E-4,0.6545641376948108,0.35000000000000003,0.4,0.8,0.30000000000000004,60.0,65.0,20.0,0.35000000000000003,0.4,0.7000000000000001,0.2,70.0,65.0,20.0,1593,1103,490,1593,0.3075957313245449,1.3443784383478363,1.5,0.8962522922318908,573,0.5194922937443336,1.0,1
"iteration_1","SCOPE_DATA_COLLECTION",1200,2,190.0,250.0,0,7147,5363,1593,7273,5347,1580,5129,3766,1113,2026,1599,490,0.28315863032844163,0.29804287045666356,0.3056768558951965,0.4013425313790471,0.8489926389204223,1.3561556641360368,0.8026850627580941,0.8489926389204223,0.9041037760906913,0.3759017352310392,0.48964418481147104,0.522911051212938,100.0,100.0,5099,3198,5806,60,3,4052,0.011767013139831339,9.380863039399625E-4,0.6978987254564244,0.35000000000000003,0.4,0.7000000000000001,0.2,70.0,65.0,20.0,0.45,0.4,0.8,0.1,60.0,55.0,20.0,7292,5856,1436,7292,0.19692814042786616,0.43012490105022294,0.5,0.8602498021004459,2256,0.38524590163934425,1.0,1
"iteration_1","SCOPE_DATA_COLLECTION",1200,2,190.0,250.0,1,7147,5363,1593,7273,5347,1580,5129,3766,1113,2026,1599,490,0.28315863032844163,0.29804287045666356,0.3056768558951965,0.4013425313790471,0.8489926389204223,1.3561556641360368,0.8026850627580941,0.8489926389204223,0.9041037760906913,0.3759017352310392,0.48964418481147104,0.522911051212938,100.0,100.0,5099,3198,5806,60,3,4052,0.011767013139831339,9.380863039399625E-4,0.6978987254564244,0.35000000000000003,0.4,0.7000000000000001,0.2,70.0,65.0,20.0,0.45,0.4,0.8,0.1,60.0,55.0,20.0,5468,4332,1136,5468,0.2077542062911485,0.8151816650084689,1.0,0.8151816650084689,1909,0.44067405355494,1.0,1
"iteration_1","SCOPE_DATA_COLLECTION",1200,2,190.0,250.0,2,7147,5363,1593,7273,5347,1580,5129,3766,1113,2026,1599,490,0.28315863032844163,0.29804287045666356,0.3056768558951965,0.4013425313790471,0.8489926389204223,1.3561556641360368,0.8026850627580941,0.8489926389204223,0.9041037760906913,0.3759017352310392,0.48964418481147104,0.522911051212938,100.0,100.0,5099,3198,5806,60,3,4052,0.011767013139831339,9.380863039399625E-4,0.6978987254564244,0.35000000000000003,0.4,0.7000000000000001,0.2,70.0,65.0,20.0,0.45,0.4,0.8,0.1,60.0,55.0,20.0,1568,1245,323,1568,0.2059948979591837,1.2664408281875656,1.5,0.8442938854583771,584,0.46907630522088356,1.0,1
"iteration_1","SCOPE_DATA_COLLECTION",1200,3,250.0,310.0,0,7292,5468,1568,7147,5363,1593,5857,4314,1249,1436,1136,323,0.19690113807760867,0.20844036697247706,0.205470737913486,0.4294638527804199,0.8152381420181793,1.2696201667375537,0.8589277055608397,0.8152381420181793,0.8464134444917025,0.3844971828581185,0.44042651831247104,0.4707766212970376,100.0,100.0,5084,4244,5000,49,5,2841,0.00963808025177026,0.00117813383600377,0.5682,0.45,0.4,0.8,0.1,60.0,55.0,20.0,0.15000000000000002,0.5,0.2,0.6000000000000001,50.0,60.0,20.0,7217,3310,3907,7217,0.5413606761812387,0.5127241403190627,0.5,1.0254482806381253,1819,0.549546827794562,1.0,1
"iteration_1","SCOPE_DATA_COLLECTION",1200,3,250.0,310.0,1,7292,5468,1568,7147,5363,1593,5857,4314,1249,1436,1136,323,0.19690113807760867,0.20844036697247706,0.205470737913486,0.4294638527804199,0.8152381420181793,1.2696201667375537,0.8589277055608397,0.8152381420181793,0.8464134444917025,0.3844971828581185,0.44042651831247104,0.4707766212970376,100.0,100.0,5084,4244,5000,49,5,2841,0.00963808025177026,0.00117813383600377,0.5682,0.45,0.4,0.8,0.1,60.0,55.0,20.0,0.15000000000000002,0.5,0.2,0.6000000000000001,50.0,60.0,20.0,5353,2444,2909,5353,0.5434335886418831,1.0489339524062666,1.0,1.0489339524062666,1767,0.7229950900163666,1.0,1
"iteration_1","SCOPE_DATA_COLLECTION",1200,3,250.0,310.0,2,7292,5468,1568,7147,5363,1593,5857,4314,1249,1436,1136,323,0.19690113807760867,0.20844036697247706,0.205470737913486,0.4294638527804199,0.8152381420181793,1.2696201667375537,0.8589277055608397,0.8152381420181793,0.8464134444917025,0.3844971828581185,0.44042651831247104,0.4707766212970376,100.0,100.0,5084,4244,5000,49,5,2841,0.00963808025177026,0.00117813383600377,0.5682,0.45,0.4,0.8,0.1,60.0,55.0,20.0,0.15000000000000002,0.5,0.2,0.6000000000000001,50.0,60.0,20.0,1540,675,865,1540,0.5616883116883117,1.8339225927709106,1.5,1.2226150618472738,521,0.7718518518518519,1.0,1
"iteration_1","SCOPE_DATA_COLLECTION",1200,4,310.0,370.0,0,7217,5353,1540,7292,5468,1568,3299,2469,675,3907,2909,865,0.5421870663336109,0.5409074005206397,0.5616883116883117,0.5117874611431986,1.0497740501439143,1.8283411876237632,1.0235749222863972,1.0497740501439143,1.2188941250825087,0.5498635950287966,0.7225597407857433,0.7703703703703704,95.0,100.0,5099,1374,7637,44,0,7637,0.00862914296920965,0.0,1.0,0.15000000000000002,0.5,0.2,0.6000000000000001,50.0,60.0,20.0,0.65,0.5,0.5,0.8,50.0,65.0,75.0,7293,7252,41,7293,0.005621829151240916,0.3218349770291128,0.5,0.6436699540582256,2014,0.27771649200220627,1.0,1
"iteration_1","SCOPE_DATA_COLLECTION",1200,4,310.0,370.0,1,7217,5353,1540,7292,5468,1568,3299,2469,675,3907,2909,865,0.5421870663336109,0.5409074005206397,0.5616883116883117,0.5117874611431986,1.0497740501439143,1.8283411876237632,1.0235749222863972,1.0497740501439143,1.2188941250825087,0.5498635950287966,0.7225597407857433,0.7703703703703704,95.0,100.0,5099,1374,7637,44,0,7637,0.00862914296920965,0.0,1.0,0.15000000000000002,0.5,0.2,0.6000000000000001,50.0,60.0,20.0,0.65,0.5,0.5,0.8,50.0,65.0,75.0,5301,5258,43,5301,0.008111677042067535,0.656524226649783,1.0,0.656524226649783,1863,0.35431723088626854,1.0,1
"iteration_1","SCOPE_DATA_COLLECTION",1200,4,310.0,370.0,2,7217,5353,1540,7292,5468,1568,3299,2469,675,3907,2909,865,0.5421870663336109,0.5409074005206397,0.5616883116883117,0.5117874611431986,1.0497740501439143,1.8283411876237632,1.0235749222863972,1.0497740501439143,1.2188941250825087,0.5498635950287966,0.7225597407857433,0.7703703703703704,95.0,100.0,5099,1374,7637,44,0,7637,0.00862914296920965,0.0,1.0,0.15000000000000002,0.5,0.2,0.6000000000000001,50.0,60.0,20.0,0.65,0.5,0.5,0.8,50.0,65.0,75.0,1639,1598,41,1639,0.025015253203172667,1.0121745287250903,1.5,0.6747830191500602,536,0.3354192740926158,1.0,1
"iteration_1","SCOPE_DATA_COLLECTION",1200,5,370.0,430.0,0,7293,5301,1639,7217,5353,1540,7241,5241,1594,41,43,41,0.005630321340291129,0.00813777441332324,0.02507645259938838,0.3222876092368858,0.6567632137213356,1.0160072135052942,0.6445752184737716,0.6567632137213356,0.6773381423368628,0.27786217373290983,0.35451249761495895,0.33751568381430364,100.0,100.0,5215,5873,3145,72,0,53,0.013806327900287631,0.0,0.01685214626391097,0.65,0.5,0.5,0.8,50.0,65.0,75.0,0.7000000000000001,0.8,0.9,0.7000000000000001,70.0,30.0,25.0,7113,7102,11,7113,0.0015464642204414453,0.31751750560711456,0.5,0.6350350112142291,1928,0.271472824556463,1.0,1
"iteration_1","SCOPE_DATA_COLLECTION",1200,5,370.0,430.0,1,7293,5301,1639,7217,5353,1540,7241,5241,1594,41,43,41,0.005630321340291129,0.00813777441332324,0.02507645259938838,0.3222876092368858,0.6567632137213356,1.0160072135052942,0.6445752184737716,0.6567632137213356,0.6773381423368628,0.27786217373290983,0.35451249761495895,0.33751568381430364,100.0,100.0,5215,5873,3145,72,0,53,0.013806327900287631,0.0,0.01685214626391097,0.65,0.5,0.5,0.8,50.0,65.0,75.0,0.7000000000000001,0.8,0.9,0.7000000000000001,70.0,30.0,25.0,5311,5264,47,5311,0.008849557522123894,0.6474078384952688,1.0,0.6474078384952688,1866,0.354483282674772,1.0,1
"iteration_1","SCOPE_DATA_COLLECTION",1200,5,370.0,430.0,2,7293,5301,1639,7217,5353,1540,7241,5241,1594,41,43,41,0.005630321340291129,0.00813777441332324,0.02507645259938838,0.3222876092368858,0.6567632137213356,1.0160072135052942,0.6445752184737716,0.6567632137213356,0.6773381423368628,0.27786217373290983,0.35451249761495895,0.33751568381430364,100.0,100.0,5215,5873,3145,72,0,53,0.013806327900287631,0.0,0.01685214626391097,0.65,0.5,0.5,0.8,50.0,65.0,75.0,0.7000000000000001,0.8,0.9,0.7000000000000001,70.0,30.0,25.0,1593,1556,37,1593,0.02322661644695543,1.0677496599522078,1.5,0.7118331066348053,565,0.36311053984575836,1.0,1
"iteration_1","SCOPE_DATA_COLLECTION",1200,6,430.0,490.0,0,7113,5311,1593,7293,5301,1639,7103,5278,1546,11,47,37,0.0015462468372223785,0.008826291079812207,0.02337334175615919,0.3175560761055065,0.6483680003433769,1.058724697857818,0.635112152211013,0.6483680003433769,0.7058164652385454,0.2707306771786569,0.3550587343690792,0.3589909443725744,97.5,100.0,5182,6209,2626,92,3,0,0.01775376302585874,4.8316959252697695E-4,0.0,0.7000000000000001,0.8,0.9,0.7000000000000001,70.0,30.0,25.0,0.8,0.8,0.8,0.7000000000000001,60.0,20.0,35.0,7185,7169,16,7185,0.0022268615170494086,0.3160308644304653,0.5,0.6320617288609306,1975,0.2754917003766216,1.0,1
"iteration_1","SCOPE_DATA_COLLECTION",1200,6,430.0,490.0,1,7113,5311,1593,7293,5301,1639,7103,5278,1546,11,47,37,0.0015462468372223785,0.008826291079812207,0.02337334175615919,0.3175560761055065,0.6483680003433769,1.058724697857818,0.635112152211013,0.6483680003433769,0.7058164652385454,0.2707306771786569,0.3550587343690792,0.3589909443725744,97.5,100.0,5182,6209,2626,92,3,0,0.01775376302585874,4.8316959252697695E-4,0.0,0.7000000000000001,0.8,0.9,0.7000000000000001,70.0,30.0,25.0,0.8,0.8,0.8,0.7000000000000001,60.0,20.0,35.0,5290,5258,32,5290,0.0060491493383742915,0.6747141388034853,1.0,0.6747141388034853,1949,0.3706732597945987,1.0,1
"iteration_1","SCOPE_DATA_COLLECTION",1200,6,430.0,490.0,2,7113,5311,1593,7293,5301,1639,7103,5278,1546,11,47,37,0.0015462468372223785,0.008826291079812207,0.02337334175615919,0.3175560761055065,0.6483680003433769,1.058724697857818,0.635112152211013,0.6483680003433769,0.7058164652385454,0.2707306771786569,0.3550587343690792,0.3589909443725744,97.5,100.0,5182,6209,2626,92,3,0,0.01775376302585874,4.8316959252697695E-4,0.0,0.7000000000000001,0.8,0.9,0.7000000000000001,70.0,30.0,25.0,0.8,0.8,0.8,0.7000000000000001,60.0,20.0,35.0,1511,1476,35,1511,0.02316346790205162,1.0161546403400452,1.5,0.6774364268933635,504,0.34146341463414637,1.0,1
"iteration_1","SCOPE_DATA_COLLECTION",1200,7,490.0,550.0,0,7185,5290,1511,7113,5311,1593,7169,5230,1486,16,32,35,0.0022268615170494086,0.006081337894336754,0.023011176857330704,0.31541619354364037,0.6676896814287018,1.024855978190786,0.6308323870872807,0.6676896814287018,0.6832373187938573,0.2757706793137118,0.3667304015296367,0.34589502018842533,100.0,100.0,5300,6895,1791,77,6,0,0.014528301886792452,8.701957940536621E-4,0.0,0.8,0.8,0.8,0.7000000000000001,60.0,20.0,35.0,0.6000000000000001,0.8,0.9,0.2,85.0,50.0,70.0,7426,7289,137,7426,0.018448693778615674,0.33416382005368916,0.5,0.6683276401073783,2080,0.2853615036356153,1.0,1
"iteration_1","SCOPE_DATA_COLLECTION",1200,7,490.0,550.0,1,7185,5290,1511,7113,5311,1593,7169,5230,1486,16,32,35,0.0022268615170494086,0.006081337894336754,0.023011176857330704,0.31541619354364037,0.6676896814287018,1.024855978190786,0.6308323870872807,0.6676896814287018,0.6832373187938573,0.2757706793137118,0.3667304015296367,0.34589502018842533,100.0,100.0,5300,6895,1791,77,6,0,0.014528301886792452,8.701957940536621E-4,0.0,0.8,0.8,0.8,0.7000000000000001,60.0,20.0,35.0,0.6000000000000001,0.8,0.9,0.2,85.0,50.0,70.0,5345,5231,114,5345,0.021328344246959775,0.6636618384466171,1.0,0.6636618384466171,1830,0.34983750716880135,1.0,1
"iteration_1","SCOPE_DATA_COLLECTION",1200,7,490.0,550.0,2,7185,5290,1511,7113,5311,1593,7169,5230,1486,16,32,35,0.0022268615170494086,0.006081337894336754,0.023011176857330704,0.31541619354364037,0.6676896814287018,1.024855978190786,0.6308323870872807,0.6676896814287018,0.6832373187938573,0.2757706793137118,0.3667304015296367,0.34589502018842533,100.0,100.0,5300,6895,1791,77,6,0,0.014528301886792452,8.701957940536621E-4,0.0,0.8,0.8,0.8,0.7000000000000001,60.0,20.0,35.0,0.6000000000000001,0.8,0.9,0.2,85.0,50.0,70.0,1540,1499,41,1540,0.026623376623376622,1.0371403313366157,1.5,0.6914268875577437,540,0.3602401601067378,1.0,1
"iteration_1","SCOPE_DATA_COLLECTION",1200,8,550.0,610.0,0,7426,5345,1540,7185,5290,1511,7302,5256,1500,137,114,41,0.01841645382443877,0.021229050279329607,0.026606099935107073,0.3349035063370815,0.6702895088891002,1.0336563848574336,0.669807012674163,0.6702895088891002,0.6891042565716224,0.2866337989591893,0.3535007610350076,0.35733333333333334,100.0,100.0,5167,5468,3676,43,2,247,0.008322043739113605,3.65764447695684E-4,0.06719260065288357,0.6000000000000001,0.8,0.9,0.2,85.0,50.0,70.0,0.6000000000000001,0.8,0.9,0.1,85.0,60.0,80.0,7273,7111,162,7273,0.022274164718823045,0.3360350794208937,0.5,0.6720701588417874,2010,0.2826606665729152,1.0,1
"iteration_1","SCOPE_DATA_COLLECTION",1200,8,550.0,610.0,1,7426,5345,1540,7185,5290,1511,7302,5256,1500,137,114,41,0.01841645382443877,0.021229050279329607,0.026606099935107073,0.3349035063370815,0.6702895088891002,1.0336563848574336,0.669807012674163,0.6702895088891002,0.6891042565716224,0.2866337989591893,0.3535007610350076,0.35733333333333334,100.0,100.0,5167,5468,3676,43,2,247,0.008322043739113605,3.65764447695684E-4,0.06719260065288357,0.6000000000000001,0.8,0.9,0.2,85.0,50.0,70.0,0.6000000000000001,0.8,0.9,0.1,85.0,60.0,80.0,5347,5189,158,5347,0.02954927997007668,0.6766601435746781,1.0,0.6766601435746781,1860,0.35845056851031026,1.0,1
"iteration_1","SCOPE_DATA_COLLECTION",1200,8,550.0,610.0,2,7426,5345,1540,7185,5290,1511,7302,5256,1500,137,114,41,0.01841645382443877,0.021229050279329607,0.026606099935107073,0.3349035063370815,0.6702895088891002,1.0336563848574336,0.669807012674163,0.6702895088891002,0.6891042565716224,0.2866337989591893,0.3535007610350076,0.35733333333333334,100.0,100.0,5167,5468,3676,43,2,247,0.008322043739113605,3.65764447695684E-4,0.06719260065288357,0.6000000000000001,0.8,0.9,0.2,85.0,50.0,70.0,0.6000000000000001,0.8,0.9,0.1,85.0,60.0,80.0,1562,1518,44,1562,0.028169014084507043,1.0245590347565527,1.5,0.6830393565043685,539,0.35507246376811596,1.0,1
"iteration_1","SCOPE_DATA_COLLECTION",1200,9,610.0,670.0,0,7273,5347,1562,7426,5345,1540,7109,5180,1519,162,158,44,0.022280291569247695,0.02959910078681154,0.02815099168266155,0.3365439334351073,0.6750810858512073,1.028813574384614,0.6730878668702146,0.6750810858512073,0.6858757162564094,0.28330285553523704,0.3584942084942085,0.3568136932192232,97.5,100.0,5091,5343,3748,37,3,324,0.007267727362011393,5.614823133071309E-4,0.0864461045891142,0.6000000000000001,0.8,0.9,0.1,85.0,60.0,80.0,0.7000000000000001,0.8,0.8,0.1,85.0,60.0,80.0,7138,7131,7,7138,9.80666853460353E-4,0.31406508967049057,0.5,0.6281301793409811,1977,0.2772402187631468,1.0,1
"iteration_1","SCOPE_DATA_COLLECTION",1200,9,610.0,670.0,1,7273,5347,1562,7426,5345,1540,7109,5180,1519,162,158,44,0.022280291569247695,0.02959910078681154,0.02815099168266155,0.3365439334351073,0.6750810858512073,1.028813574384614,0.6730878668702146,0.6750810858512073,0.6858757162564094,0.28330285553523704,0.3584942084942085,0.3568136932192232,97.5,100.0,5091,5343,3748,37,3,324,0.007267727362011393,5.614823133071309E-4,0.0864461045891142,0.6000000000000001,0.8,0.9,0.1,85.0,60.0,80.0,0.7000000000000001,0.8,0.8,0.1,85.0,60.0,80.0,5288,5268,20,5288,0.0037821482602118004,0.6270568664080236,1.0,0.6270568664080236,1760,0.3340926347760061,1.0,1
"iteration_1","SCOPE_DATA_COLLECTION",1200,9,610.0,670.0,2,7273,5347,1562,7426,5345,1540,7109,5180,1519,162,158,44,0.022280291569247695,0.02959910078681154,0.02815099168266155,0.3365439334351073,0.6750810858512073,1.028813574384614,0.6730878668702146,0.6750810858512073,0.6858757162564094,0.28330285553523704,0.3584942084942085,0.3568136932192232,97.5,100.0,5091,5343,3748,37,3,324,0.007267727362011393,5.614823133071309E-4,0.0864461045891142,0.6000000000000001,0.8,0.9,0.1,85.0,60.0,80.0,0.7000000000000001,0.8,0.8,0.1,85.0,60.0,80.0,1595,1582,13,1595,0.008150470219435737,0.9794376303689147,1.5,0.6529584202459432,552,0.34892541087231355,1.0,1
"iteration_1","SCOPE_DATA_COLLECTION",1200,10,670.0,730.0,0,7138,5288,1595,7273,5347,1562,7116,5272,1573,7,20,13,9.827319949459498E-4,0.003779289493575208,0.00819672131147541,0.31289066037174107,0.6285420945742936,0.9799341262374167,0.6257813207434821,0.6285420945742936,0.6532894174916112,0.27515458122540754,0.334597875569044,0.34965034965034963,100.0,100.0,5070,6274,2677,38,2,0,0.007495069033530572,3.18775900541919E-4,0.0,0.7000000000000001,0.8,0.8,0.1,85.0,60.0,80.0,0.7000000000000001,0.7000000000000001,0.9,0.2,75.0,60.0,70.0,7198,7187,11,7198,0.0015282022784106697,0.30716948669527644,0.5,0.6143389733905529,1906,0.2652010574648671,1.0,1
"iteration_1","SCOPE_DATA_COLLECTION",1200,10,670.0,730.0,1,7138,5288,1595,7273,5347,1562,7116,5272,1573,7,20,13,9.827319949459498E-4,0.003779289493575208,0.00819672131147541,0.31289066037174107,0.6285420945742936,0.9799341262374167,0.6257813207434821,0.6285420945742936,0.6532894174916112,0.27515458122540754,0.334597875569044,0.34965034965034963,100.0,100.0,5070,6274,2677,38,2,0,0.007495069033530572,3.18775900541919E-4,0.0,0.7000000000000001,0.8,0.8,0.1,85.0,60.0,80.0,0.7000000000000001,0.7000000000000001,0.9,0.2,75.0,60.0,70.0,5354,5324,30,5354,0.0056032872618602915,0.6530113962445341,1.0,0.6530113962445341,1892,0.35537190082644626,1.0,1
"iteration_1","SCOPE_DATA_COLLECTION",1200,10,670.0,730.0,2,7138,5288,1595,7273,5347,1562,7116,5272,1573,7,20,13,9.827319949459498E-4,0.003779289493575208,0.00819672131147541,0.31289066037174107,0.6285420945742936,0.9799341262374167,0.6257813207434821,0.6285420945742936,0.6532894174916112,0.27515458122540754,0.334597875569044,0.34965034965034963,100.0,100.0,5070,6274,2677,38,2,0,0.007495069033530572,3.18775900541919E-4,0.0,0.7000000000000001,0.8,0.8,0.1,85.0,60.0,80.0,0.7000000000000001,0.7000000000000001,0.9,0.2,75.0,60.0,70.0,1495,1482,13,1495,0.008695652173913044,1.0118162425076056,1.5,0.674544161671737,526,0.3549257759784076,1.0,1
"iteration_1","SCOPE_DATA_COLLECTION",1200,11,730.0,790.0,0,7198,5354,1495,7138,5288,1595,7204,5314,1485,11,29,13,0.0015246015246015245,0.005427662361968931,0.008678237650200267,0.30844057660242014,0.6513212344088134,1.010268052904691,0.6168811532048403,0.6513212344088134,0.673512035269794,0.2667962243198223,0.35434700790365076,0.35353535353535354,100.0,100.0,5170,6154,2723,52,1,0,0.010058027079303675,1.6249593760155997E-4,0.0,0.7000000000000001,0.7000000000000001,0.9,0.2,75.0,60.0,70.0,0.05,0.30000000000000004,0.4,0.6000000000000001,80.0,25.0,30.0,7150,2860,4290,7150,0.6,0.5429162887569686,0.5,1.0858325775139372,1615,0.5646853146853147,1.0,1
"iteration_1","SCOPE_DATA_COLLECTION",1200,11,730.0,790.0,1,7198,5354,1495,7138,5288,1595,7204,5314,1485,11,29,13,0.0015246015246015245,0.005427662361968931,0.008678237650200267,0.30844057660242014,0.6513212344088134,1.010268052904691,0.6168811532048403,0.6513212344088134,0.673512035269794,0.2667962243198223,0.35434700790365076,0.35353535353535354,100.0,100.0,5170,6154,2723,52,1,0,0.010058027079303675,1.6249593760155997E-4,0.0,0.7000000000000001,0.7000000000000001,0.9,0.2,75.0,60.0,70.0,0.05,0.30000000000000004,0.4,0.6000000000000001,80.0,25.0,30.0,5256,2165,3091,5256,0.588089802130898,1.2584769439334729,1.0,1.2584769439334729,1869,0.8632794457274827,1.0,1
"iteration_1","SCOPE_DATA_COLLECTION",1200,11,730.0,790.0,2,7198,5354,1495,7138,5288,1595,7204,5314,1485,11,29,13,0.0015246015246015245,0.005427662361968931,0.008678237650200267,0.30844057660242014,0.6513212344088134,1.010268052904691,0.6168811532048403,0.6513212344088134,0.673512035269794,0.2667962243198223,0.35434700790365076,0.35353535353535354,100.0,100.0,5170,6154,2723,52,1,0,0.010058027079303675,1.6249593760155997E-4,0.0,0.7000000000000001,0.7000000000000001,0.9,0.2,75.0,60.0,70.0,0.05,0.30000000000000004,0.4,0.6000000000000001,80.0,25.0,30.0,1586,597,989,1586,0.6235813366960908,2.0996608953626557,1.5,1.3997739302417704,544,0.9112227805695142,1.0,1
"iteration_1","SCOPE_DATA_COLLECTION",1200,12,790.0,850.0,0,7150,5256,1586,7198,5354,1495,2877,2195,598,4290,3092,989,0.5985768103809125,0.5848307168526574,0.6231884057971014,0.5428828665597643,1.2555747412694034,2.0770167753108293,1.0857657331195285,1.2555747412694034,1.3846778502072195,0.5655196385123392,0.8578587699316629,0.9013377926421404,97.5,100.0,5194,461,8337,87,0,8284,0.016750096264921063,0.0,0.9936427971692455,0.05,0.30000000000000004,0.4,0.6000000000000001,80.0,25.0,30.0,0.25,0.30000000000000004,0.30000000000000004,0.4,55.0,25.0,95.0,7047,3738,3309,7047,0.46956151553852704,0.439270970696669,0.5,0.878541941393338,1671,0.44703049759229535,1.0,1
"iteration_1","SCOPE_DATA_COLLECTION",1200,12,790.0,850.0,1,7150,5256,1586,7198,5354,1495,2877,2195,598,4290,3092,989,0.5985768103809125,0.5848307168526574,0.6231884057971014,0.5428828665597643,1.2555747412694034,2.0770167753108293,1.0857657331195285,1.2555747412694034,1.3846778502072195,0.5655196385123392,0.8578587699316629,0.9013377926421404,97.5,100.0,5194,461,8337,87,0,8284,0.016750096264921063,0.0,0.9936427971692455,0.05,0.30000000000000004,0.4,0.6000000000000001,80.0,25.0,30.0,0.25,0.30000000000000004,0.30000000000000004,0.4,55.0,25.0,95.0,5377,2788,2589,5377,0.4814952575785754,0.9990121883443082,1.0,0.9990121883443082,1879,0.6739598278335724,1.0,1
"iteration_1","SCOPE_DATA_COLLECTION",1200,12,790.0,850.0,2,7150,5256,1586,7198,5354,1495,2877,2195,598,4290,3092,989,0.5985768103809125,0.5848307168526574,0.6231884057971014,0.5428828665597643,1.2555747412694034,2.0770167753108293,1.0857657331195285,1.2555747412694034,1.3846778502072195,0.5655196385123392,0.8578587699316629,0.9013377926421404,97.5,100.0,5194,461,8337,87,0,8284,0.016750096264921063,0.0,0.9936427971692455,0.05,0.30000000000000004,0.4,0.6000000000000001,80.0,25.0,30.0,0.25,0.30000000000000004,0.30000000000000004,0.4,55.0,25.0,95.0,1602,777,825,1602,0.5149812734082397,1.6356785855435694,1.5,1.0904523903623795,526,0.676962676962677,1.0,1
"iteration_1","SCOPE_DATA_COLLECTION",1200,13,850.0,910.0,0,7047,5377,1602,7150,5256,1586,3716,2778,783,3309,2589,825,0.4710320284697509,0.4823923979877026,0.5130597014925373,0.43797487700970517,0.9985920674382437,1.6454384680387881,0.8759497540194103,0.9985920674382437,1.0969589786925253,0.4448331539289559,0.6731461483081354,0.6819923371647509,100.0,100.0,5159,2193,6674,47,2,6674,0.009110292692382244,9.119927040583675E-4,1.0,0.25,0.30000000000000004,0.30000000000000004,0.4,55.0,25.0,95.0,0.25,0.30000000000000004,0.30000000000000004,0.4,55.0,25.0,95.0,7084,3771,3313,7084,0.467673630717109,0.4446971115292451,0.5,0.8893942230584903,1727,0.45796870856536726,1.0,1
"iteration_1","SCOPE_DATA_COLLECTION",1200,13,850.0,910.0,1,7047,5377,1602,7150,5256,1586,3716,2778,783,3309,2589,825,0.4710320284697509,0.4823923979877026,0.5130597014925373,0.43797487700970517,0.9985920674382437,1.6454384680387881,0.8759497540194103,0.9985920674382437,1.0969589786925253,0.4448331539289559,0.6731461483081354,0.6819923371647509,100.0,100.0,5159,2193,6674,47,2,6674,0.009110292692382244,9.119927040583675E-4,1.0,0.25,0.30000000000000004,0.30000000000000004,0.4,55.0,25.0,95.0,0.25,0.30000000000000004,0.30000000000000004,0.4,55.0,25.0,95.0,5191,2771,2420,5191,0.4661914852629551,0.9736071221629304,1.0,0.9736071221629304,1818,0.6560808372428726,1.0,1
"iteration_1","SCOPE_DATA_COLLECTION",1200,13,850.0,910.0,2,7047,5377,1602,7150,5256,1586,3716,2778,783,3309,2589,825,0.4710320284697509,0.4823923979877026,0.5130597014925373,0.43797487700970517,0.9985920674382437,1.6454384680387881,0.8759497540194103,0.9985920674382437,1.0969589786925253,0.4448331539289559,0.6731461483081354,0.6819923371647509,100.0,100.0,5159,2193,6674,47,2,6674,0.009110292692382244,9.119927040583675E-4,1.0,0.25,0.30000000000000004,0.30000000000000004,0.4,55.0,25.0,95.0,0.25,0.30000000000000004,0.30000000000000004,0.4,55.0,25.0,95.0,1602,836,766,1602,0.4781523096129838,1.5942449894739434,1.5,1.062829992982629,547,0.6543062200956937,1.0,1
"iteration_1","SCOPE_DATA_COLLECTION",1200,14,910.0,970.0,0,7084,5191,1602,7047,5377,1602,3787,2779,833,3313,2420,766,0.46661971830985915,0.4654741296403154,0.4790494058786742,0.4465896136106999,0.9744745900784557,1.587269907380151,0.8931792272213998,0.9744745900784557,1.058179938253434,0.46157908634803274,0.6567110471392588,0.6506602641056423,97.5,100.0,5128,2247,6502,56,1,6442,0.0109204368174727,4.450378282153983E-4,0.990772070132267,0.25,0.30000000000000004,0.30000000000000004,0.4,55.0,25.0,95.0,0.25,0.30000000000000004,0.30000000000000004,0.4,55.0,25.0,95.0,7076,3738,3338,7076,0.47173544375353305,0.442127929595746,0.5,0.884255859191492,1670,0.4467629748528625,1.0,1
"iteration_1","SCOPE_DATA_COLLECTION",1200,14,910.0,970.0,1,7084,5191,1602,7047,5377,1602,3787,2779,833,3313,2420,766,0.46661971830985915,0.4654741296403154,0.4790494058786742,0.4465896136106999,0.9744745900784557,1.587269907380151,0.8931792272213998,0.9744745900784557,1.058179938253434,0.46157908634803274,0.6567110471392588,0.6506602641056423,97.5,100.0,5128,2247,6502,56,1,6442,0.0109204368174727,4.450378282153983E-4,0.990772070132267,0.25,0.30000000000000004,0.30000000000000004,0.4,55.0,25.0,95.0,0.25,0.30000000000000004,0.30000000000000004,0.4,55.0,25.0,95.0,5347,2786,2561,5347,0.4789601645782682,1.010447303037035,1.0,1.010447303037035,1867,0.6701363962670496,1.0,1
"iteration_1","SCOPE_DATA_COLLECTION",1200,14,910.0,970.0,2,7084,5191,1602,7047,5377,1602,3787,2779,833,3313,2420,766,0.46661971830985915,0.4654741296403154,0.4790494058786742,0.4465896136106999,0.9744745900784557,1.587269907380151,0.8931792272213998,0.9744745900784557,1.058179938253434,0.46157908634803274,0.6567110471392588,0.6506602641056423,97.5,100.0,5128,2247,6502,56,1,6442,0.0109204368174727,4.450378282153983E-4,0.990772070132267,0.25,0.30000000000000004,0.30000000000000004,0.4,55.0,25.0,95.0,0.25,0.30000000000000004,0.30000000000000004,0.4,55.0,25.0,95.0,1597,814,783,1597,0.49029430181590483,1.6541403000141501,1.5,1.1027602000094334,551,0.6769041769041769,1.0,1
"iteration_1","SCOPE_DATA_COLLECTION",1200,15,970.0,1030.0,0,7076,5347,1597,7084,5191,1602,3741,2775,810,3338,2561,782,0.47153552761689504,0.4799475262368816,0.49120603015075376,0.4411541534279187,1.009034029163175,1.6500724869542347,0.8823083068558374,1.009034029163175,1.1000483246361565,0.4445335471798984,0.6691891891891892,0.6753086419753086,100.0,100.0,5152,2195,6673,54,1,6626,0.01048136645962733,4.5558086560364467E-4,0.9929566911434138,0.25,0.30000000000000004,0.30000000000000004,0.4,55.0,25.0,95.0,0.25,0.30000000000000004,0.30000000000000004,0.30000000000000004,65.0,35.0,85.0,7254,3806,3448,7254,0.4753239591949269,0.45540051057317404,0.5,0.9108010211463481,1841,0.4837099316868103,1.0,1
"iteration_1","SCOPE_DATA_COLLECTION",1200,15,970.0,1030.0,1,7076,5347,1597,7084,5191,1602,3741,2775,810,3338,2561,782,0.47153552761689504,0.4799475262368816,0.49120603015075376,0.4411541534279187,1.009034029163175,1.6500724869542347,0.8823083068558374,1.009034029163175,1.1000483246361565,0.4445335471798984,0.6691891891891892,0.6753086419753086,100.0,100.0,5152,2195,6673,54,1,6626,0.01048136645962733,4.5558086560364467E-4,0.9929566911434138,0.25,0.30000000000000004,0.30000000000000004,0.4,55.0,25.0,95.0,0.25,0.30000000000000004,0.30000000000000004,0.30000000000000004,65.0,35.0,85.0,5345,2770,2575,5345,0.48175865294667913,1.0015408680624331,1.0,1.0015408680624331,1803,0.6509025270758123,1.0,1
"iteration_1","SCOPE_DATA_COLLECTION",1200,15,970.0,1030.0,2,7076,5347,1597,7084,5191,1602,3741,2775,810,3338,2561,782,0.47153552761689504,0.4799475262368816,0.49120603015075376,0.4411541534279187,1.009034029163175,1.6500724869542347,0.8823083068558374,1.009034029163175,1.1000483246361565,0.4445335471798984,0.6691891891891892,0.6753086419753086,100.0,100.0,5152,2195,6673,54,1,6626,0.01048136645962733,4.5558086560364467E-4,0.9929566911434138,0.25,0.30000000000000004,0.30000000000000004,0.4,55.0,25.0,95.0,0.25,0.30000000000000004,0.30000000000000004,0.30000000000000004,65.0,35.0,85.0,1652,837,815,1652,0.4933414043583535,1.6717447171275153,1.5,1.1144964780850102,580,0.6929510155316607,1.0,1
"iteration_1","SCOPE_DATA_COLLECTION",1200,16,1030.0,1090.0,0,7254,5345,1652,7076,5347,1597,3791,2779,834,3448,2574,816,0.4763088824423263,0.48085185877078274,0.49454545454545457,0.4543596440549112,1.0002984398476524,1.6702521147443228,0.9087192881098224,1.0002984398476524,1.1135014098295486,0.48087575837509894,0.6516732637639439,0.6918465227817746,100.0,100.0,5113,2280,6858,50,1,6787,0.009778994719342852,4.385964912280702E-4,0.989647127442403,0.25,0.30000000000000004,0.30000000000000004,0.30000000000000004,65.0,35.0,85.0,0.15000000000000002,0.2,0.30000000000000004,0.4,75.0,35.0,85.0,7248,3363,3885,7248,0.5360099337748344,0.4917672238992985,0.5,0.983534447798597,1788,0.5316681534344335,1.0,1
"iteration_1","SCOPE_DATA_COLLECTION",1200,16,1030.0,1090.0,1,7254,5345,1652,7076,5347,1597,3791,2779,834,3448,2574,816,0.4763088824423263,0.48085185877078274,0.49454545454545457,0.4543596440549112,1.0002984398476524,1.6702521147443228,0.9087192881098224,1.0002984398476524,1.1135014098295486,0.48087575837509894,0.6516732637639439,0.6918465227817746,100.0,100.0,5113,2280,6858,50,1,6787,0.009778994719342852,4.385964912280702E-4,0.989647127442403,0.25,0.30000000000000004,0.30000000000000004,0.30000000000000004,65.0,35.0,85.0,0.15000000000000002,0.2,0.30000000000000004,0.4,75.0,35.0,85.0,5332,2454,2878,5332,0.5397599399849963,1.1088675161467303,1.0,1.1088675161467303,1850,0.7538712306438468,1.0,1
"iteration_1","SCOPE_DATA_COLLECTION",1200,16,1030.0,1090.0,2,7254,5345,1652,7076,5347,1597,3791,2779,834,3448,2574,816,0.4763088824423263,0.48085185877078274,0.49454545454545457,0.4543596440549112,1.0002984398476524,1.6702521147443228,0.9087192881098224,1.0002984398476524,1.1135014098295486,0.48087575837509894,0.6516732637639439,0.6918465227817746,100.0,100.0,5113,2280,6858,50,1,6787,0.009778994719342852,4.385964912280702E-4,0.989647127442403,0.25,0.30000000000000004,0.30000000000000004,0.30000000000000004,65.0,35.0,85.0,0.15000000000000002,0.2,0.30000000000000004,0.4,75.0,35.0,85.0,1536,691,845,1536,0.5501302083333334,1.8840287307022443,1.5,1.2560191538014962,557,0.8060781476121563,1.0,1
"iteration_1","SCOPE_DATA_COLLECTION",1200,17,1090.0,1150.0,0,7248,5332,1536,7254,5345,1652,3363,2438,698,3885,2879,845,0.5360099337748344,0.5414707541846906,0.5476344782890473,0.49001346655074657,1.105818186433903,1.8878764941463364,0.9800269331014931,1.105818186433903,1.258584329430891,0.5307760927743087,0.7518457752255947,0.8094555873925502,97.5,100.0,5220,1334,7562,47,0,7562,0.00900383141762452,0.0,1.0,0.15000000000000002,0.2,0.30000000000000004,0.4,75.0,35.0,85.0,0.05,0.30000000000000004,0.30000000000000004,0.30000000000000004,85.0,35.0,85.0,7317,2924,4393,7317,0.6003826704933716,0.549229528021518,0.5,1.098459056043036,1682,0.5752393980848153,1.0,1
"iteration_1","SCOPE_DATA_COLLECTION",1200,17,1090.0,1150.0,1,7248,5332,1536,7254,5345,1652,3363,2438,698,3885,2879,845,0.5360099337748344,0.5414707541846906,0.5476344782890473,0.49001346655074657,1.105818186433903,1.8878764941463364,0.9800269331014931,1.105818186433903,1.258584329430891,0.5307760927743087,0.7518457752255947,0.8094555873925502,97.5,100.0,5220,1334,7562,47,0,7562,0.00900383141762452,0.0,1.0,0.15000000000000002,0.2,0.30000000000000004,0.4,75.0,35.0,85.0,0.05,0.30000000000000004,0.30000000000000004,0.30000000000000004,85.0,35.0,85.0,5427,2129,3298,5427,0.6077022295927769,1.2236883479197547,1.0,1.2236883479197547,1825,0.8572099577266322,1.0,1
"iteration_1","SCOPE_DATA_COLLECTION",1200,17,1090.0,1150.0,2,7248,5332,1536,7254,5345,1652,3363,2438,698,3885,2879,845,0.5360099337748344,0.5414707541846906,0.5476344782890473,0.49001346655074657,1.105818186433903,1.8878764941463364,0.9800269331014931,1.105818186433903,1.258584329430891,0.5307760927743087,0.7518457752255947,0.8094555873925502,97.5,100.0,5220,1334,7562,47,0,7562,0.00900383141762452,0.0,1.0,0.15000000000000002,0.2,0.30000000000000004,0.4,75.0,35.0,85.0,0.05,0.30000000000000004,0.30000000000000004,0.30000000000000004,85.0,35.0,85.0,1571,582,989,1571,0.6295353278166773,2.051149535096902,1.5,1.3674330233979346,521,0.8951890034364262,1.0,1
"iteration_1","SCOPE_DATA_COLLECTION",1200,18,1150.0,1210.0,0,7317,5427,1571,7248,5332,1536,2935,2143,581,4393,3298,989,0.5994814410480349,0.6061385774673773,0.629936305732484,0.5520242903253854,1.2270950162655294,2.0455285573741238,1.1040485806507707,1.2270950162655294,1.3636857049160824,0.5775127768313458,0.8576761549230051,0.891566265060241,97.5,100.0,5220,480,8615,65,0,8615,0.012452107279693486,0.0,1.0,0.05,0.30000000000000004,0.30000000000000004,0.30000000000000004,85.0,35.0,85.0,0.9,0.5,0.1,0.4,60.0,35.0,45.0,7118,7100,18,7118,0.002528800224782242,0.3106259673279128,0.5,0.6212519346558256,1954,0.2752112676056338,1.0,1
"iteration_1","SCOPE_DATA_COLLECTION",1200,18,1150.0,1210.0,1,7317,5427,1571,7248,5332,1536,2935,2143,581,4393,3298,989,0.5994814410480349,0.6061385774673773,0.629936305732484,0.5520242903253854,1.2270950162655294,2.0455285573741238,1.1040485806507707,1.2270950162655294,1.3636857049160824,0.5775127768313458,0.8576761549230051,0.891566265060241,97.5,100.0,5220,480,8615,65,0,8615,0.012452107279693486,0.0,1.0,0.05,0.30000000000000004,0.30000000000000004,0.30000000000000004,85.0,35.0,85.0,0.9,0.5,0.1,0.4,60.0,35.0,45.0,5319,5304,15,5319,0.0028200789622109417,0.5927892986144935,1.0,0.5927892986144935,1816,0.34238310708898945,1.0,1
"iteration_1","SCOPE_DATA_COLLECTION",1200,18,1150.0,1210.0,2,7317,5427,1571,7248,5332,1536,2935,2143,581,4393,3298,989,0.5994814410480349,0.6061385774673773,0.629936305732484,0.5520242903253854,1.2270950162655294,2.0455285573741238,1.1040485806507707,1.2270950162655294,1.3636857049160824,0.5775127768313458,0.8576761549230051,0.891566265060241,97.5,100.0,5220,480,8615,65,0,8615,0.012452107279693486,0.0,1.0,0.05,0.30000000000000004,0.30000000000000004,0.30000000000000004,85.0,35.0,85.0,0.9,0.5,0.1,0.4,60.0,35.0,45.0,1532,1511,21,1532,0.01370757180156658,1.0142262533187998,1.5,0.6761508355458665,527,0.3487756452680344,1.0,1
"iteration_1","SCOPE_DATA_COLLECTION",1200,19,1210.0,1270.0,0,7118,5319,1532,7317,5427,1571,7092,5284,1511,18,15,21,0.002531645569620253,0.0028307227778826194,0.01370757180156658,0.3100917426468505,0.5936856404843671,1.0191087282929092,0.620183485293701,0.5936856404843671,0.6794058188619395,0.27509870276367737,0.3425435276305829,0.3500992720052945,100.0,100.0,5192,7900,877,36,9,9,0.006933744221879815,0.001139240506329114,0.010262257696693273,0.9,0.5,0.1,0.4,60.0,35.0,45.0,0.8,0.4,0.1,0.4,70.0,25.0,55.0,7316,7307,9,7316,0.0012301804264625478,0.289378913590737,0.5,0.578757827181474,1837,0.2514027644724237,1.0,1
"iteration_1","SCOPE_DATA_COLLECTION",1200,19,1210.0,1270.0,1,7118,5319,1532,7317,5427,1571,7092,5284,1511,18,15,21,0.002531645569620253,0.0028307227778826194,0.01370757180156658,0.3100917426468505,0.5936856404843671,1.0191087282929092,0.620183485293701,0.5936856404843671,0.6794058188619395,0.27509870276367737,0.3425435276305829,0.3500992720052945,100.0,100.0,5192,7900,877,36,9,9,0.006933744221879815,0.001139240506329114,0.010262257696693273,0.9,0.5,0.1,0.4,60.0,35.0,45.0,0.8,0.4,0.1,0.4,70.0,25.0,55.0,5261,5244,17,5261,0.003231324843185706,0.5817475382370971,1.0,0.5817475382370971,1749,0.33352402745995424,1.0,1
"iteration_1","SCOPE_DATA_COLLECTION",1200,19,1210.0,1270.0,2,7118,5319,1532,7317,5427,1571,7092,5284,1511,18,15,21,0.002531645569620253,0.0028307227778826194,0.01370757180156658,0.3100917426468505,0.5936856404843671,1.0191087282929092,0.620183485293701,0.5936856404843671,0.6794058188619395,0.27509870276367737,0.3425435276305829,0.3500992720052945,100.0,100.0,5192,7900,877,36,9,9,0.006933744221879815,0.001139240506329114,0.010262257696693273,0.9,0.5,0.1,0.4,60.0,35.0,45.0,0.8,0.4,0.1,0.4,70.0,25.0,55.0,1556,1541,15,1556,0.009640102827763496,1.0449760197310207,1.5,0.6966506798206805,570,0.3698896820246593,1.0,1
"iteration_1","SCOPE_DATA_COLLECTION",1200,20,1270.0,1330.0,0,7316,5261,1556,7118,5319,1532,7286,5251,1538,9,17,15,0.001233721727210418,0.0032270311313591497,0.009658725048293626,0.2884144050411604,0.5819836775000532,1.0412462574974457,0.5768288100823208,0.5819836775000532,0.6941641716649638,0.2504803733186934,0.334793372690916,0.36866059817945385,97.5,100.0,5031,7312,1790,33,8,0,0.00655933214072749,0.0010940919037199124,0.0,0.8,0.4,0.1,0.4,70.0,25.0,55.0,0.8,0.30000000000000004,0.1,0.5,70.0,35.0,45.0,7277,7268,9,7277,0.0012367733956300674,0.27882089021254036,0.5,0.5576417804250807,1627,0.22385800770500824,1.0,1
"iteration_1","SCOPE_DATA_COLLECTION",1200,20,1270.0,1330.0,1,7316,5261,1556,7118,5319,1532,7286,5251,1538,9,17,15,0.001233721727210418,0.0032270311313591497,0.009658725048293626,0.2884144050411604,0.5819836775000532,1.0412462574974457,0.5768288100823208,0.5819836775000532,0.6941641716649638,0.2504803733186934,0.334793372690916,0.36866059817945385,97.5,100.0,5031,7312,1790,33,8,0,0.00655933214072749,0.0010940919037199124,0.0,0.8,0.4,0.1,0.4,70.0,25.0,55.0,0.8,0.30000000000000004,0.1,0.5,70.0,35.0,45.0,5483,5470,13,5483,0.0023709648002918113,0.5857864135182251,1.0,0.5857864135182251,1880,0.3436928702010969,1.0,1
"iteration_1","SCOPE_DATA_COLLECTION",1200,20,1270.0,1330.0,2,7316,5261,1556,7118,5319,1532,7286,5251,1538,9,17,15,0.001233721727210418,0.0032270311313591497,0.009658725048293626,0.2884144050411604,0.5819836775000532,1.0412462574974457,0.5768288100823208,0.5819836775000532,0.6941641716649638,0.2504803733186934,0.334793372690916,0.36866059817945385,97.5,100.0,5031,7312,1790,33,8,0,0.00655933214072749,0.0010940919037199124,0.0,0.8,0.4,0.1,0.4,70.0,25.0,55.0,0.8,0.30000000000000004,0.1,0.5,70.0,35.0,45.0,1566,1546,20,1566,0.01277139208173691,0.9981500131302969,1.5,0.6654333420868647,536,0.34670116429495473,1.0,1
"iteration_1","SCOPE_DATA_COLLECTION",1200,21,1330.0,1390.0,0,7277,5483,1566,7316,5261,1556,7300,5473,1549,9,13,20,0.0012313585989875496,0.002369668246445498,0.012746972594008922,0.2809069225866376,0.5859632600206018,1.0033410472741142,0.5618138451732752,0.5859632600206018,0.6688940315160762,0.22657534246575342,0.34332176137401793,0.3486120077469335,100.0,100.0,5127,7409,1790,35,7,0,0.00682660425199922,9.447968686732353E-4,0.0,0.8,0.30000000000000004,0.1,0.5,70.0,35.0,45.0,0.2,0.8,0.9,0.6000000000000001,35.0,60.0,80.0,7080,3542,3538,7080,0.49971751412429377,0.5124210452588639,0.5,1.0248420905177278,1897,0.5355731225296443,1.0,1
"iteration_1","SCOPE_DATA_COLLECTION",1200,21,1330.0,1390.0,1,7277,5483,1566,7316,5261,1556,7300,5473,1549,9,13,20,0.0012313585989875496,0.002369668246445498,0.012746972594008922,0.2809069225866376,0.5859632600206018,1.0033410472741142,0.5618138451732752,0.5859632600206018,0.6688940315160762,0.22657534246575342,0.34332176137401793,0.3486120077469335,100.0,100.0,5127,7409,1790,35,7,0,0.00682660425199922,9.447968686732353E-4,0.0,0.8,0.30000000000000004,0.1,0.5,70.0,35.0,45.0,0.2,0.8,0.9,0.6000000000000001,35.0,60.0,80.0,5412,2607,2805,5412,0.5182926829268293,1.0838158312837727,1.0,1.0838158312837727,1808,0.6935174530111239,1.0,1
"iteration_1","SCOPE_DATA_COLLECTION",1200,21,1330.0,1390.0,2,7277,5483,1566,7316,5261,1556,7300,5473,1549,9,13,20,0.0012313585989875496,0.002369668246445498,0.012746972594008922,0.2809069225866376,0.5859632600206018,1.0033410472741142,0.5618138451732752,0.5859632600206018,0.6688940315160762,0.22657534246575342,0.34332176137401793,0.3486120077469335,100.0,100.0,5127,7409,1790,35,7,0,0.00682660425199922,9.447968686732353E-4,0.0,0.8,0.30000000000000004,0.1,0.5,70.0,35.0,45.0,0.2,0.8,0.9,0.6000000000000001,35.0,60.0,80.0,1615,777,838,1615,0.5188854489164086,1.775483702059524,1.5,1.183655801373016,567,0.7297297297297297,1.0,1
"iteration_1","SCOPE_DATA_COLLECTION",1200,22,1390.0,1450.0,0,7080,5412,1615,7277,5483,1566,3517,2617,773,3538,2805,838,0.5014883061658398,0.517336776097381,0.5201738050900062,0.5072197121814424,1.0777411136726491,1.7595398343265567,1.0144394243628847,1.0777411136726491,1.1730265562177045,0.5294284901905033,0.6904852884982805,0.7244501940491591,100.0,100.0,5153,1799,7155,79,1,7101,0.015330875218319426,5.558643690939411E-4,0.9924528301886792,0.2,0.8,0.9,0.6000000000000001,35.0,60.0,80.0,0.25,0.2,0.6000000000000001,0.7000000000000001,60.0,75.0,30.0,7146,3749,3397,7146,0.475370836831794,0.4317622578640498,0.5,0.8635245157280996,1606,0.428380901573753,1.0,1
"iteration_1","SCOPE_DATA_COLLECTION",1200,22,1390.0,1450.0,1,7080,5412,1615,7277,5483,1566,3517,2617,773,3538,2805,838,0.5014883061658398,0.517336776097381,0.5201738050900062,0.5072197121814424,1.0777411136726491,1.7595398343265567,1.0144394243628847,1.0777411136726491,1.1730265562177045,0.5294284901905033,0.6904852884982805,0.7244501940491591,100.0,100.0,5153,1799,7155,79,1,7101,0.015330875218319426,5.558643690939411E-4,0.9924528301886792,0.2,0.8,0.9,0.6000000000000001,35.0,60.0,80.0,0.25,0.2,0.6000000000000001,0.7000000000000001,60.0,75.0,30.0,5423,2893,2530,5423,0.4665314401622718,1.018658795098441,1.0,1.018658795098441,1889,0.652955409609402,1.0,1
"iteration_1","SCOPE_DATA_COLLECTION",1200,22,1390.0,1450.0,2,7080,5412,1615,7277,5483,1566,3517,2617,773,3538,2805,838,0.5014883061658398,0.517336776097381,0.5201738050900062,0.5072197121814424,1.0777411136726491,1.7595398343265567,1.0144394243628847,1.0777411136726491,1.1730265562177045,0.5294284901905033,0.6904852884982805,0.7244501940491591,100.0,100.0,5153,1799,7155,79,1,7101,0.015330875218319426,5.558643690939411E-4,0.9924528301886792,0.2,0.8,0.9,0.6000000000000001,35.0,60.0,80.0,0.25,0.2,0.6000000000000001,0.7000000000000001,60.0,75.0,30.0,1546,813,733,1546,0.4741267787839586,1.652325485713135,1.5,1.1015503238087567,550,0.6765067650676507,1.0,1
"iteration_1","SCOPE_DATA_COLLECTION",1200,23,1450.0,1510.0,0,7146,5423,1546,7080,5412,1615,3772,2876,818,3397,2529,733,0.47384572464778907,0.46790009250693804,0.47259832366215343,0.435946020810486,1.0158972748064659,1.6646635331598743,0.871892041620972,1.0158972748064659,1.1097756887732495,0.4323966065747614,0.6522948539638387,0.6821515892420538,100.0,100.0,5202,2268,6645,79,3,6577,0.01518646674356017,0.0013227513227513227,0.9897667419112114,0.25,0.2,0.6000000000000001,0.7000000000000001,60.0,75.0,30.0,0.5,0.5,0.4,0.8,55.0,20.0,60.0,7237,6291,946,7237,0.1307171479894984,0.4309172681303649,0.5,0.8618345362607298,2030,0.3226831982196789,1.0,1
"iteration_1","SCOPE_DATA_COLLECTION",1200,23,1450.0,1510.0,1,7146,5423,1546,7080,5412,1615,3772,2876,818,3397,2529,733,0.47384572464778907,0.46790009250693804,0.47259832366215343,0.435946020810486,1.0158972748064659,1.6646635331598743,0.871892041620972,1.0158972748064659,1.1097756887732495,0.4323966065747614,0.6522948539638387,0.6821515892420538,100.0,100.0,5202,2268,6645,79,3,6577,0.01518646674356017,0.0013227513227513227,0.9897667419112114,0.25,0.2,0.6000000000000001,0.7000000000000001,60.0,75.0,30.0,0.5,0.5,0.4,0.8,55.0,20.0,60.0,5478,4745,733,5478,0.13380795910916393,0.7935118365659386,1.0,0.7935118365659386,1965,0.41412012644889357,1.0,1
"iteration_1","SCOPE_DATA_COLLECTION",1200,23,1450.0,1510.0,2,7146,5423,1546,7080,5412,1615,3772,2876,818,3397,2529,733,0.47384572464778907,0.46790009250693804,0.47259832366215343,0.435946020810486,1.0158972748064659,1.6646635331598743,0.871892041620972,1.0158972748064659,1.1097756887732495,0.4323966065747614,0.6522948539638387,0.6821515892420538,100.0,100.0,5202,2268,6645,79,3,6577,0.01518646674356017,0.0013227513227513227,0.9897667419112114,0.25,0.2,0.6000000000000001,0.7000000000000001,60.0,75.0,30.0,0.5,0.5,0.4,0.8,55.0,20.0,60.0,1678,1399,279,1678,0.16626936829559,1.228849999083461,1.5,0.8192333327223073,597,0.4267333809864189,1.0,1
"iteration_1","SCOPE_DATA_COLLECTION",1200,24,1510.0,1570.0,0,7237,5478,1678,7146,5423,1546,6266,4728,1382,946,734,279,0.13117027176927343,0.13438300988648846,0.16797110174593619,0.4190010316087263,0.7787008590048077,1.205838876435128,0.8380020632174526,0.7787008590048077,0.8038925842900854,0.3220555378231727,0.41349407783417935,0.4189580318379161,97.5,100.0,5200,4591,4602,83,3,1873,0.01596153846153846,6.53452406883032E-4,0.4069969578444155,0.5,0.5,0.4,0.8,55.0,20.0,60.0,0.5,0.5,0.4,0.8,55.0,20.0,60.0,7174,6335,839,7174,0.11695009757457485,0.3836495159478576,0.5,0.7672990318957152,2178,0.34380426203630626,1.0,1
"iteration_1","SCOPE_DATA_COLLECTION",1200,24,1510.0,1570.0,1,7237,5478,1678,7146,5423,1546,6266,4728,1382,946,734,279,0.13117027176927343,0.13438300988648846,0.16797110174593619,0.4190010316087263,0.7787008590048077,1.205838876435128,0.8380020632174526,0.7787008590048077,0.8038925842900854,0.3220555378231727,0.41349407783417935,0.4189580318379161,97.5,100.0,5200,4591,4602,83,3,1873,0.01596153846153846,6.53452406883032E-4,0.4069969578444155,0.5,0.5,0.4,0.8,55.0,20.0,60.0,0.5,0.5,0.4,0.8,55.0,20.0,60.0,5327,4646,681,5327,0.12783930917965083,0.7478736793370311,1.0,0.7478736793370311,1894,0.4076625053809729,1.0,1
"iteration_1","SCOPE_DATA_COLLECTION",1200,24,1510.0,1570.0,2,7237,5478,1678,7146,5423,1546,6266,4728,1382,946,734,279,0.13117027176927343,0.13438300988648846,0.16797110174593619,0.4190010316087263,0.7787008590048077,1.205838876435128,0.8380020632174526,0.7787008590048077,0.8038925842900854,0.3220555378231727,0.41349407783417935,0.4189580318379161,97.5,100.0,5200,4591,4602,83,3,1873,0.01596153846153846,6.53452406883032E-4,0.4069969578444155,0.5,0.5,0.4,0.8,55.0,20.0,60.0,0.5,0.5,0.4,0.8,55.0,20.0,60.0,1578,1313,265,1578,0.1679340937896071,1.1958082386156244,1.5,0.7972054924104163,545,0.4150799695354151,1.0,1
"iteration_1","SCOPE_DATA_COLLECTION",1200,25,1570.0,1630.0,0,7174,5327,1578,7237,5478,1678,6323,4665,1327,839,681,265,0.1171460485897794,0.12738496071829405,0.16645728643216082,0.39388718593784966,0.7639937172794339,1.2213258495880996,0.7877743718756993,0.7639937172794339,0.8142172330587331,0.3420844535821604,0.40921757770632367,0.4235116804822909,100.0,100.0,5215,4412,4452,75,1,1709,0.014381591562799617,2.2665457842248413E-4,0.3838724168912848,0.5,0.5,0.4,0.8,55.0,20.0,60.0,0.5,0.5,0.4,0.8,55.0,20.0,60.0,7238,6499,739,7238,0.10210002763194252,0.4208769474680746,0.5,0.8417538949361492,2125,0.32697338052008,1.0,1
"iteration_1","SCOPE_DATA_COLLECTION",1200,25,1570.0,1630.0,1,7174,5327,1578,7237,5478,1678,6323,4665,1327,839,681,265,0.1171460485897794,0.12738496071829405,0.16645728643216082,0.39388718593784966,0.7639937172794339,1.2213258495880996,0.7877743718756993,0.7639937172794339,0.8142172330587331,0.3420844535821604,0.40921757770632367,0.4235116804822909,100.0,100.0,5215,4412,4452,75,1,1709,0.014381591562799617,2.2665457842248413E-4,0.3838724168912848,0.5,0.5,0.4,0.8,55.0,20.0,60.0,0.5,0.5,0.4,0.8,55.0,20.0,60.0,5142,4617,525,5142,0.10210035005834306,0.7786240056062775,1.0,0.7786240056062775,1886,0.40849036170673597,1.0,1
"iteration_1","SCOPE_DATA_COLLECTION",1200,25,1570.0,1630.0,2,7174,5327,1578,7237,5478,1678,6323,4665,1327,839,681,265,0.1171460485897794,0.12738496071829405,0.16645728643216082,0.39388718593784966,0.7639937172794339,1.2213258495880996,0.7877743718756993,0.7639937172794339,0.8142172330587331,0.3420844535821604,0.40921757770632367,0.4235116804822909,100.0,100.0,5215,4412,4452,75,1,1709,0.014381591562799617,2.2665457842248413E-4,0.3838724168912848,0.5,0.5,0.4,0.8,55.0,20.0,60.0,0.5,0.5,0.4,0.8,55.0,20.0,60.0,1557,1353,204,1557,0.13102119460500963,1.247498245605583,1.5,0.8316654970703886,583,0.43089430894308944,1.0,1
"iteration_1","SCOPE_DATA_COLLECTION",1200,26,1630.0,1690.0,0,7238,5142,1557,7174,5327,1578,6506,4621,1344,739,525,204,0.10200138026224982,0.10202098717450447,0.13178294573643412,0.42293130070827967,0.7834947120029091,1.2440216376288376,0.8458626014165593,0.7834947120029091,0.829347758419225,0.3306178911773747,0.4111664141960615,0.42931547619047616,97.5,100.0,5176,4395,4366,61,2,1405,0.01178516228748068,4.550625711035267E-4,0.3218048557031608,0.5,0.5,0.4,0.8,55.0,20.0,60.0,0.6000000000000001,0.4,0.4,0.9,65.0,20.0,60.0,7095,7052,43,7095,0.006060606060606061,0.31882682542049456,0.5,0.6376536508409891,1919,0.2721213840045377,1.0,1
"iteration_1","SCOPE_DATA_COLLECTION",1200,26,1630.0,1690.0,1,7238,5142,1557,7174,5327,1578,6506,4621,1344,739,525,204,0.10200138026224982,0.10202098717450447,0.13178294573643412,0.42293130070827967,0.7834947120029091,1.2440216376288376,0.8458626014165593,0.7834947120029091,0.829347758419225,0.3306178911773747,0.4111664141960615,0.42931547619047616,97.5,100.0,5176,4395,4366,61,2,1405,0.01178516228748068,4.550625711035267E-4,0.3218048557031608,0.5,0.5,0.4,0.8,55.0,20.0,60.0,0.6000000000000001,0.4,0.4,0.9,65.0,20.0,60.0,5353,5307,46,5353,0.00859331216140482,0.6388026923598736,1.0,0.6388026923598736,1871,0.3525532315809308,1.0,1
"iteration_1","SCOPE_DATA_COLLECTION",1200,26,1630.0,1690.0,2,7238,5142,1557,7174,5327,1578,6506,4621,1344,739,525,204,0.10200138026224982,0.10202098717450447,0.13178294573643412,0.42293130070827967,0.7834947120029091,1.2440216376288376,0.8458626014165593,0.7834947120029091,0.829347758419225,0.3306178911773747,0.4111664141960615,0.42931547619047616,97.5,100.0,5176,4395,4366,61,2,1405,0.01178516228748068,4.550625711035267E-4,0.3218048557031608,0.5,0.5,0.4,0.8,55.0,20.0,60.0,0.6000000000000001,0.4,0.4,0.9,65.0,20.0,60.0,1524,1489,35,1524,0.022965879265091863,1.0658416399880393,1.5,0.7105610933253595,545,0.36601746138347885,1.0,1
"iteration_1","SCOPE_DATA_COLLECTION",1200,27,1690.0,1750.0,0,7095,5353,1524,7238,5142,1557,7070,5304,1490,43,46,35,0.006045269225362014,0.008598130841121496,0.022950819672131147,0.3175053170870781,0.6342448458317188,1.0626552044066593,0.6350106341741562,0.6342448458317188,0.7084368029377729,0.26973125884016974,0.3495475113122172,0.3651006711409396,97.5,100.0,5192,5326,3454,74,4,46,0.014252696456086287,7.510326699211416E-4,0.013317892298784018,0.6000000000000001,0.4,0.4,0.9,65.0,20.0,60.0,0.7000000000000001,0.4,0.4,0.8,55.0,20.0,70.0,7329,7313,16,7329,0.0021831082003001775,0.2953554945888252,0.5,0.5907109891776504,1810,0.24750444414057157,1.0,1
"iteration_1","SCOPE_DATA_COLLECTION",1200,27,1690.0,1750.0,1,7095,5353,1524,7238,5142,1557,7070,5304,1490,43,46,35,0.006045269225362014,0.008598130841121496,0.022950819672131147,0.3175053170870781,0.6342448458317188,1.0626552044066593,0.6350106341741562,0.6342448458317188,0.7084368029377729,0.26973125884016974,0.3495475113122172,0.3651006711409396,97.5,100.0,5192,5326,3454,74,4,46,0.014252696456086287,7.510326699211416E-4,0.013317892298784018,0.6000000000000001,0.4,0.4,0.9,65.0,20.0,60.0,0.7000000000000001,0.4,0.4,0.8,55.0,20.0,70.0,5387,5365,22,5387,0.0040839056989047705,0.6163749224472259,1.0,0.6163749224472259,1823,0.33979496738117426,1.0,1
"iteration_1","SCOPE_DATA_COLLECTION",1200,27,1690.0,1750.0,2,7095,5353,1524,7238,5142,1557,7070,5304,1490,43,46,35,0.006045269225362014,0.008598130841121496,0.022950819672131147,0.3175053170870781,0.6342448458317188,1.0626552044066593,0.6350106341741562,0.6342448458317188,0.7084368029377729,0.26973125884016974,0.3495475113122172,0.3651006711409396,97.5,100.0,5192,5326,3454,74,4,46,0.014252696456086287,7.510326699211416E-4,0.013317892298784018,0.6000000000000001,0.4,0.4,0.9,65.0,20.0,60.0,0.7000000000000001,0.4,0.4,0.8,55.0,20.0,70.0,1631,1602,29,1631,0.017780502759043533,1.0397429137796905,1.5,0.6931619425197937,564,0.352059925093633,1.0,1
"iteration_1","SCOPE_DATA_COLLECTION",1200,28,1750.0,1810.0,0,7329,5387,1631,7095,5353,1524,7299,5359,1601,16,22,29,0.0021872863978127134,0.004088459394164653,0.017791411042944787,0.2954273374537412,0.6199112990666995,1.0443932627670744,0.5908546749074824,0.6199112990666995,0.6962621751780497,0.24852719550623373,0.3420414256391118,0.3541536539662711,100.0,100.0,5122,6471,2754,62,5,0,0.01210464662241312,7.726781023025807E-4,0.0,0.7000000000000001,0.4,0.4,0.8,55.0,20.0,70.0,0.7000000000000001,0.30000000000000004,0.30000000000000004,0.8,65.0,20.0,80.0,7174,7157,17,7174,0.002369668246445498,0.2907700458510999,0.5,0.5815400917021998,1736,0.2425597317311723,1.0,1
"iteration_1","SCOPE_DATA_COLLECTION",1200,28,1750.0,1810.0,1,7329,5387,1631,7095,5353,1524,7299,5359,1601,16,22,29,0.0021872863978127134,0.004088459394164653,0.017791411042944787,0.2954273374537412,0.6199112990666995,1.0443932627670744,0.5908546749074824,0.6199112990666995,0.6962621751780497,0.24852719550623373,0.3420414256391118,0.3541536539662711,100.0,100.0,5122,6471,2754,62,5,0,0.01210464662241312,7.726781023025807E-4,0.0,0.7000000000000001,0.4,0.4,0.8,55.0,20.0,70.0,0.7000000000000001,0.30000000000000004,0.30000000000000004,0.8,65.0,20.0,80.0,5274,5245,29,5274,0.005498672734167614,0.6053373791190529,1.0,0.6053373791190529,1802,0.34356530028598664,1.0,1
"iteration_1","SCOPE_DATA_COLLECTION",1200,28,1750.0,1810.0,2,7329,5387,1631,7095,5353,1524,7299,5359,1601,16,22,29,0.0021872863978127134,0.004088459394164653,0.017791411042944787,0.2954273374537412,0.6199112990666995,1.0443932627670744,0.5908546749074824,0.6199112990666995,0.6962621751780497,0.24852719550623373,0.3420414256391118,0.3541536539662711,100.0,100.0,5122,6471,2754,62,5,0,0.01210464662241312,7.726781023025807E-4,0.0,0.7000000000000001,0.4,0.4,0.8,55.0,20.0,70.0,0.7000000000000001,0.30000000000000004,0.30000000000000004,0.8,65.0,20.0,80.0,1590,1558,32,1590,0.02012578616352201,1.0430486984874143,1.5,0.6953657989916096,567,0.36392811296534017,1.0,1
"iteration_1","SCOPE_DATA_COLLECTION",1200,29,1810.0,1870.0,0,7174,5274,1590,7329,5387,1631,7179,5253,1560,17,29,32,0.0023624235686492494,0.005490344566452102,0.020100502512562814,0.2922089141001085,0.6033004848858774,1.0419179959534817,0.584417828200217,0.6033004848858774,0.6946119973023211,0.2429307703022705,0.34189986674281364,0.3628205128205128,97.5,100.0,5180,6244,2614,52,11,15,0.010038610038610039,0.0017616912235746316,0.005738332058148432,0.7000000000000001,0.30000000000000004,0.30000000000000004,0.8,65.0,20.0,80.0,0.7000000000000001,0.2,0.30000000000000004,0.8,55.0,20.0,70.0,7225,7214,11,7225,0.0015224913494809689,0.28073050034812647,0.5,0.5614610006962529,1699,0.23551427779317993,1.0,1
"iteration_1","SCOPE_DATA_COLLECTION",1200,29,1810.0,1870.0,1,7174,5274,1590,7329,5387,1631,7179,5253,1560,17,29,32,0.0023624235686492494,0.005490344566452102,0.020100502512562814,0.2922089141001085,0.6033004848858774,1.0419179959534817,0.584417828200217,0.6033004848858774,0.6946119973023211,0.2429307703022705,0.34189986674281364,0.3628205128205128,97.5,100.0,5180,6244,2614,52,11,15,0.010038610038610039,0.0017616912235746316,0.005738332058148432,0.7000000000000001,0.30000000000000004,0.30000000000000004,0.8,65.0,20.0,80.0,0.7000000000000001,0.2,0.30000000000000004,0.8,55.0,20.0,70.0,5342,5306,36,5342,0.0067390490453013855,0.6365022926233955,1.0,0.6365022926233955,1914,0.36072370900866946,1.0,1
"iteration_1","SCOPE_DATA_COLLECTION",1200,29,1810.0,1870.0,2,7174,5274,1590,7329,5387,1631,7179,5253,1560,17,29,32,0.0023624235686492494,0.005490344566452102,0.020100502512562814,0.2922089141001085,0.6033004848858774,1.0419179959534817,0.584417828200217,0.6033004848858774,0.6946119973023211,0.2429307703022705,0.34189986674281364,0.3628205128205128,97.5,100.0,5180,6244,2614,52,11,15,0.010038610038610039,0.0017616912235746316,0.005738332058148432,0.7000000000000001,0.30000000000000004,0.30000000000000004,0.8,65.0,20.0,80.0,0.7000000000000001,0.2,0.30000000000000004,0.8,55.0,20.0,70.0,1586,1550,36,1586,0.02269861286254729,1.0472436055633865,1.5,0.6981624037089244,564,0.3638709677419355,1.0,1
"iteration_1","SCOPE_DATA_COLLECTION",1200,30,1870.0,1930.0,0,7225,5342,1586,7174,5274,1590,7216,5301,1553,11,35,36,0.0015220700152207,0.006559220389805097,0.022655758338577723,0.2808121463227098,0.6365327828319325,1.051536331532372,0.5616242926454196,0.6365327828319325,0.7010242210215814,0.2361419068736142,0.36106395019807586,0.36509980682549903,100.0,100.0,5229,6231,2693,76,6,0,0.014534327787339835,9.629272989889263E-4,0.0,0.7000000000000001,0.2,0.30000000000000004,0.8,55.0,20.0,70.0,0.8,0.1,0.2,0.8,55.0,30.0,70.0,7277,7269,8,7277,0.0010993541294489488,0.26637305327740324,0.5,0.5327461065548065,1530,0.21048287247214198,1.0,1
"iteration_1","SCOPE_DATA_COLLECTION",1200,30,1870.0,1930.0,1,7225,5342,1586,7174,5274,1590,7216,5301,1553,11,35,36,0.0015220700152207,0.006559220389805097,0.022655758338577723,0.2808121463227098,0.6365327828319325,1.051536331532372,0.5616242926454196,0.6365327828319325,0.7010242210215814,0.2361419068736142,0.36106395019807586,0.36509980682549903,100.0,100.0,5229,6231,2693,76,6,0,0.014534327787339835,9.629272989889263E-4,0.0,0.7000000000000001,0.2,0.30000000000000004,0.8,55.0,20.0,70.0,0.8,0.1,0.2,0.8,55.0,30.0,70.0,5278,5268,10,5278,0.0018946570670708603,0.6223398678190217,1.0,0.6223398678190217,1898,0.36028853454821563,1.0,1
"iteration_1","SCOPE_DATA_COLLECTION",1200,30,1870.0,1930.0,2,7225,5342,1586,7174,5274,1590,7216,5301,1553,11,35,36,0.0015220700152207,0.006559220389805097,0.022655758338577723,0.2808121463227098,0.6365327828319325,1.051536331532372,0.5616242926454196,0.6365327828319325,0.7010242210215814,0.2361419068736142,0.36106395019807586,0.36509980682549903,100.0,100.0,5229,6231,2693,76,6,0,0.014534327787339835,9.629272989889263E-4,0.0,0.7000000000000001,0.2,0.30000000000000004,0.8,55.0,20.0,70.0,0.8,0.1,0.2,0.8,55.0,30.0,70.0,1588,1569,19,1588,0.011964735516372796,1.0087387622877533,1.5,0.6724925081918355,554,0.35309114085404714,1.0,1
"iteration_1","SCOPE_DATA_COLLECTION",1200,31,1930.0,1990.0,0,7277,5278,1588,7225,5342,1586,7253,5270,1582,7,11,19,9.641873278236915E-4,0.0020829388373414127,0.011867582760774516,0.2662900319616859,0.6243343920605876,1.0143879967692886,0.5325800639233718,0.6243343920605876,0.6762586645128591,0.21011995036536604,0.3601518026565465,0.3558786346396966,100.0,100.0,5203,7171,1769,31,6,0,0.005958101095521814,8.36703388648724E-4,0.0,0.8,0.1,0.2,0.8,55.0,30.0,70.0,0.8,0.1,0.1,0.7000000000000001,65.0,30.0,80.0,7170,7163,7,7170,9.762900976290098E-4,0.2705191404363195,0.5,0.541038280872639,1493,0.20843222113639537,1.0,1
"iteration_1","SCOPE_DATA_COLLECTION",1200,31,1930.0,1990.0,1,7277,5278,1588,7225,5342,1586,7253,5270,1582,7,11,19,9.641873278236915E-4,0.0020829388373414127,0.011867582760774516,0.2662900319616859,0.6243343920605876,1.0143879967692886,0.5325800639233718,0.6243343920605876,0.6762586645128591,0.21011995036536604,0.3601518026565465,0.3558786346396966,100.0,100.0,5203,7171,1769,31,6,0,0.005958101095521814,8.36703388648724E-4,0.0,0.8,0.1,0.2,0.8,55.0,30.0,70.0,0.8,0.1,0.1,0.7000000000000001,65.0,30.0,80.0,5332,5318,14,5332,0.002625656414103526,0.615533796373911,1.0,0.615533796373911,1913,0.3597216998871756,1.0,1
"iteration_1","SCOPE_DATA_COLLECTION",1200,31,1930.0,1990.0,2,7277,5278,1588,7225,5342,1586,7253,5270,1582,7,11,19,9.641873278236915E-4,0.0020829388373414127,0.011867582760774516,0.2662900319616859,0.6243343920605876,1.0143879967692886,0.5325800639233718,0.6243343920605876,0.6762586645128591,0.21011995036536604,0.3601518026565465,0.3558786346396966,100.0,100.0,5203,7171,1769,31,6,0,0.005958101095521814,8.36703388648724E-4,0.0,0.8,0.1,0.2,0.8,55.0,30.0,70.0,0.8,0.1,0.1,0.7000000000000001,65.0,30.0,80.0,1543,1518,25,1543,0.016202203499675955,1.0268144919876867,1.5,0.6845429946584578,559,0.3682476943346509,1.0,1
"iteration_1","SCOPE_DATA_COLLECTION",1200,32,1990.0,2050.0,0,7170,5332,1543,7277,5278,1588,7169,5327,1508,8,14,25,0.0011146718684687195,0.002621231979030144,0.016307893020221786,0.2704430705759554,0.6168542835368939,1.0264142490345172,0.5408861411519108,0.6168542835368939,0.6842761660230114,0.2088157344120519,0.36042800825980853,0.3680371352785146,97.5,100.0,5265,6998,1782,41,6,0,0.00778727445394112,8.573878250928837E-4,0.0,0.8,0.1,0.1,0.7000000000000001,65.0,30.0,80.0,0.9,0.2,0.1,0.6000000000000001,65.0,20.0,70.0,7341,7308,33,7341,0.004495300367797303,0.27782289300186513,0.5,0.5556457860037303,1568,0.21455938697318008,1.0,1
"iteration_1","SCOPE_DATA_COLLECTION",1200,32,1990.0,2050.0,1,7170,5332,1543,7277,5278,1588,7169,5327,1508,8,14,25,0.0011146718684687195,0.002621231979030144,0.016307893020221786,0.2704430705759554,0.6168542835368939,1.0264142490345172,0.5408861411519108,0.6168542835368939,0.6842761660230114,0.2088157344120519,0.36042800825980853,0.3680371352785146,97.5,100.0,5265,6998,1782,41,6,0,0.00778727445394112,8.573878250928837E-4,0.0,0.8,0.1,0.1,0.7000000000000001,65.0,30.0,80.0,0.9,0.2,0.1,0.6000000000000001,65.0,20.0,70.0,5372,5352,20,5372,0.0037230081906180195,0.5840788767028731,1.0,0.5840788767028731,1795,0.33538863976083705,1.0,1
"iteration_1","SCOPE_DATA_COLLECTION",1200,32,1990.0,2050.0,2,7170,5332,1543,7277,5278,1588,7169,5327,1508,8,14,25,0.0011146718684687195,0.002621231979030144,0.016307893020221786,0.2704430705759554,0.6168542835368939,1.0264142490345172,0.5408861411519108,0.6168542835368939,0.6842761660230114,0.2088157344120519,0.36042800825980853,0.3680371352785146,97.5,100.0,5265,6998,1782,41,6,0,0.00778727445394112,8.573878250928837E-4,0.0,0.8,0.1,0.1,0.7000000000000001,65.0,30.0,80.0,0.9,0.2,0.1,0.6000000000000001,65.0,20.0,70.0,1565,1539,26,1565,0.016613418530351438,1.0179089408362934,1.5,0.6786059605575289,554,0.3599740090968161,1.0,1
"iteration_1","SCOPE_DATA_COLLECTION",1200,33,2050.0,2110.0,0,7341,5372,1565,7170,5332,1543,7314,5349,1541,33,20,26,0.00449162923642303,0.003725088470851183,0.016592214422463305,0.27761354501278546,0.5836456885908208,1.0130748972690975,0.5552270900255709,0.5836456885908208,0.675383264846065,0.21410992616899097,0.335763694148439,0.3582089552238806,95.0,100.0,5123,8256,899,22,57,0,0.004294358774155768,0.006904069767441861,0.0,0.9,0.2,0.1,0.6000000000000001,65.0,20.0,70.0,0.8,0.1,0.2,0.6000000000000001,55.0,20.0,80.0,7214,7205,9,7214,0.001247574161352925,0.26902247624175984,0.5,0.5380449524835197,1471,0.20416377515614156,1.0,1
"iteration_1","SCOPE_DATA_COLLECTION",1200,33,2050.0,2110.0,1,7341,5372,1565,7170,5332,1543,7314,5349,1541,33,20,26,0.00449162923642303,0.003725088470851183,0.016592214422463305,0.27761354501278546,0.5836456885908208,1.0130748972690975,0.5552270900255709,0.5836456885908208,0.675383264846065,0.21410992616899097,0.335763694148439,0.3582089552238806,95.0,100.0,5123,8256,899,22,57,0,0.004294358774155768,0.006904069767441861,0.0,0.9,0.2,0.1,0.6000000000000001,65.0,20.0,70.0,0.8,0.1,0.2,0.6000000000000001,55.0,20.0,80.0,5264,5252,12,5264,0.0022796352583586625,0.6115463128971249,1.0,0.6115463128971249,1851,0.35243716679360243,1.0,1
"iteration_1","SCOPE_DATA_COLLECTION",1200,33,2050.0,2110.0,2,7341,5372,1565,7170,5332,1543,7314,5349,1541,33,20,26,0.00449162923642303,0.003725088470851183,0.016592214422463305,0.27761354501278546,0.5836456885908208,1.0130748972690975,0.5552270900255709,0.5836456885908208,0.675383264846065,0.21410992616899097,0.335763694148439,0.3582089552238806,95.0,100.0,5123,8256,899,22,57,0,0.004294358774155768,0.006904069767441861,0.0,0.9,0.2,0.1,0.6000000000000001,65.0,20.0,70.0,0.8,0.1,0.2,0.6000000000000001,55.0,20.0,80.0,1577,1564,13,1577,0.008243500317057704,1.0120337462655435,1.5,0.6746891641770291,558,0.3567774936061381,1.0,1
"iteration_1","SCOPE_DATA_COLLECTION",1200,34,2110.0,2170.0,0,7214,5264,1577,7341,5372,1565,7197,5247,1560,9,12,13,0.0012489592006661116,0.0022818026240730175,0.008264462809917356,0.2693671850221163,0.6104000934999816,1.0128088654012732,0.5387343700442326,0.6104000934999816,0.6752059102675155,0.204807558705016,0.3520106727653897,0.35705128205128206,95.0,100.0,5203,7063,1789,28,6,0,0.005381510666922929,8.494973807164094E-4,0.0,0.8,0.1,0.2,0.6000000000000001,55.0,20.0,80.0,0.9,0.1,0.30000000000000004,0.6000000000000001,45.0,30.0,70.0,7305,7300,5,7305,6.844626967830253E-4,0.2824691918842378,0.5,0.5649383837684756,1612,0.22082191780821916,1.0,1
"iteration_1","SCOPE_DATA_COLLECTION",1200,34,2110.0,2170.0,1,7214,5264,1577,7341,5372,1565,7197,5247,1560,9,12,13,0.0012489592006661116,0.0022818026240730175,0.008264462809917356,0.2693671850221163,0.6104000934999816,1.0128088654012732,0.5387343700442326,0.6104000934999816,0.6752059102675155,0.204807558705016,0.3520106727653897,0.35705128205128206,95.0,100.0,5203,7063,1789,28,6,0,0.005381510666922929,8.494973807164094E-4,0.0,0.8,0.1,0.2,0.6000000000000001,55.0,20.0,80.0,0.9,0.1,0.30000000000000004,0.6000000000000001,45.0,30.0,70.0,5237,5214,23,5237,0.004391827382088982,0.6250109971336556,1.0,0.6250109971336556,1799,0.34503260452627543,1.0,1
"iteration_1","SCOPE_DATA_COLLECTION",1200,34,2110.0,2170.0,2,7214,5264,1577,7341,5372,1565,7197,5247,1560,9,12,13,0.0012489592006661116,0.0022818026240730175,0.008264462809917356,0.2693671850221163,0.6104000934999816,1.0128088654012732,0.5387343700442326,0.6104000934999816,0.6752059102675155,0.204807558705016,0.3520106727653897,0.35705128205128206,95.0,100.0,5203,7063,1789,28,6,0,0.005381510666922929,8.494973807164094E-4,0.0,0.8,0.1,0.2,0.6000000000000001,55.0,20.0,80.0,0.9,0.1,0.30000000000000004,0.6000000000000001,45.0,30.0,70.0,1607,1579,28,1607,0.017423771001866834,1.0563154551859466,1.5,0.7042103034572977,590,0.3736542115262825,1.0,1
"iteration_1","SCOPE_DATA_COLLECTION",1200,35,2170.0,2230.0,0,7305,5237,1607,7214,5264,1577,7299,5209,1585,5,23,28,6.845564074479737E-4,0.004396024464831804,0.01735895846249225,0.2829297868788212,0.6261722899818973,1.0548641785862043,0.5658595737576424,0.6261722899818973,0.7032427857241362,0.22153719687628443,0.34574774428873106,0.3728706624605678,100.0,100.0,5243,8004,902,53,3,0,0.010108716383749761,3.748125937031484E-4,0.0,0.9,0.1,0.30000000000000004,0.6000000000000001,45.0,30.0,70.0,0.2,0.5,0.8,0.5,45.0,80.0,80.0,7184,3550,3634,7184,0.5058463251670379,0.5021201876904771,0.5,1.0042403753809541,1883,0.5304225352112676,1.0,1
"iteration_1","SCOPE_DATA_COLLECTION",1200,35,2170.0,2230.0,1,7305,5237,1607,7214,5264,1577,7299,5209,1585,5,23,28,6.845564074479737E-4,0.004396024464831804,0.01735895846249225,0.2829297868788212,0.6261722899818973,1.0548641785862043,0.5658595737576424,0.6261722899818973,0.7032427857241362,0.22153719687628443,0.34574774428873106,0.3728706624605678,100.0,100.0,5243,8004,902,53,3,0,0.010108716383749761,3.748125937031484E-4,0.0,0.9,0.1,0.30000000000000004,0.6000000000000001,45.0,30.0,70.0,0.2,0.5,0.8,0.5,45.0,80.0,80.0,5412,2686,2726,5412,0.5036954915003695,1.0950766925986306,1.0,1.0950766925986306,1887,0.7025316455696202,1.0,1
"iteration_1","SCOPE_DATA_COLLECTION",1200,35,2170.0,2230.0,2,7305,5237,1607,7214,5264,1577,7299,5209,1585,5,23,28,6.845564074479737E-4,0.004396024464831804,0.01735895846249225,0.2829297868788212,0.6261722899818973,1.0548641785862043,0.5658595737576424,0.6261722899818973,0.7032427857241362,0.22153719687628443,0.34574774428873106,0.3728706624605678,100.0,100.0,5243,8004,902,53,3,0,0.010108716383749761,3.748125937031484E-4,0.0,0.9,0.1,0.30000000000000004,0.6000000000000001,45.0,30.0,70.0,0.2,0.5,0.8,0.5,45.0,80.0,80.0,1620,771,849,1620,0.524074074074074,1.7391917169321458,1.5,1.1594611446214305,553,0.7172503242542153,1.0,1
"iteration_1","SCOPE_DATA_COLLECTION",1200,36,2230.0,2290.0,0,7184,5412,1620,7305,5237,1607,3557,2697,771,3634,2726,849,0.5053539146154916,0.5026737967914439,0.524074074074074,0.49854035215436254,1.0864526589724093,1.731568760448737,0.9970807043087251,1.0864526589724093,1.1543791736324913,0.5257239246556087,0.6978123841305154,0.7146562905317769,97.5,100.0,5254,1809,7153,101,0,7108,0.01922344880091359,0.0,0.9937089333146931,0.2,0.5,0.8,0.5,45.0,80.0,80.0,0.30000000000000004,0.4,0.8,0.6000000000000001,55.0,70.0,90.0,7135,4037,3098,7135,0.43419761737911705,0.4732153419651221,0.5,0.9464306839302442,1941,0.4808025761704236,1.0,1
"iteration_1","SCOPE_DATA_COLLECTION",1200,36,2230.0,2290.0,1,7184,5412,1620,7305,5237,1607,3557,2697,771,3634,2726,849,0.5053539146154916,0.5026737967914439,0.524074074074074,0.49854035215436254,1.0864526589724093,1.731568760448737,0.9970807043087251,1.0864526589724093,1.1543791736324913,0.5257239246556087,0.6978123841305154,0.7146562905317769,97.5,100.0,5254,1809,7153,101,0,7108,0.01922344880091359,0.0,0.9937089333146931,0.2,0.5,0.8,0.5,45.0,80.0,80.0,0.30000000000000004,0.4,0.8,0.6000000000000001,55.0,70.0,90.0,5297,2856,2441,5297,0.4608268831414008,0.9980996850398678,1.0,0.9980996850398678,1797,0.6292016806722689,1.0,1
"iteration_1","SCOPE_DATA_COLLECTION",1200,36,2230.0,2290.0,2,7184,5412,1620,7305,5237,1607,3557,2697,771,3634,2726,849,0.5053539146154916,0.5026737967914439,0.524074074074074,0.49854035215436254,1.0864526589724093,1.731568760448737,0.9970807043087251,1.0864526589724093,1.1543791736324913,0.5257239246556087,0.6978123841305154,0.7146562905317769,97.5,100.0,5254,1809,7153,101,0,7108,0.01922344880091359,0.0,0.9937089333146931,0.2,0.5,0.8,0.5,45.0,80.0,80.0,0.30000000000000004,0.4,0.8,0.6000000000000001,55.0,70.0,90.0,1636,887,749,1636,0.4578239608801956,1.6235507569139789,1.5,1.082367171275986,576,0.649379932356257,1.0,1
"iteration_1","SCOPE_DATA_COLLECTION",1200,37,2290.0,2350.0,0,7135,5297,1636,7184,5412,1620,4041,2864,881,3098,2441,749,0.4339543353410842,0.46013195098963244,0.45950920245398774,0.47344479571880727,0.9988905825526256,1.6270138484219232,0.9468895914376145,0.9988905825526256,1.0846758989479488,0.48007918831972285,0.630586592178771,0.6492622020431328,100.0,100.0,5200,2560,6308,92,2,6194,0.01769230769230769,7.8125E-4,0.9819277108433735,0.30000000000000004,0.4,0.8,0.6000000000000001,55.0,70.0,90.0,0.30000000000000004,0.4,0.8,0.6000000000000001,55.0,70.0,90.0,7097,4183,2914,7097,0.4105960264900662,0.44001277264083194,0.5,0.8800255452816639,1887,0.4511116423619412,1.0,1
"iteration_1","SCOPE_DATA_COLLECTION",1200,37,2290.0,2350.0,1,7135,5297,1636,7184,5412,1620,4041,2864,881,3098,2441,749,0.4339543353410842,0.46013195098963244,0.45950920245398774,0.47344479571880727,0.9988905825526256,1.6270138484219232,0.9468895914376145,0.9988905825526256,1.0846758989479488,0.48007918831972285,0.630586592178771,0.6492622020431328,100.0,100.0,5200,2560,6308,92,2,6194,0.01769230769230769,7.8125E-4,0.9819277108433735,0.30000000000000004,0.4,0.8,0.6000000000000001,55.0,70.0,90.0,0.30000000000000004,0.4,0.8,0.6000000000000001,55.0,70.0,90.0,5343,3106,2237,5343,0.4186786449560172,0.9733363281213658,1.0,0.9733363281213658,1889,0.6081777205408886,1.0,1
"iteration_1","SCOPE_DATA_COLLECTION",1200,37,2290.0,2350.0,2,7135,5297,1636,7184,5412,1620,4041,2864,881,3098,2441,749,0.4339543353410842,0.46013195098963244,0.45950920245398774,0.47344479571880727,0.9988905825526256,1.6270138484219232,0.9468895914376145,0.9988905825526256,1.0846758989479488,0.48007918831972285,0.630586592178771,0.6492622020431328,100.0,100.0,5200,2560,6308,92,2,6194,0.01769230769230769,7.8125E-4,0.9819277108433735,0.30000000000000004,0.4,0.8,0.6000000000000001,55.0,70.0,90.0,0.30000000000000004,0.4,0.8,0.6000000000000001,55.0,70.0,90.0,1589,891,698,1589,0.4392699811202014,1.5805325603018578,1.5,1.053688373534572,547,0.6139169472502806,1.0,1
"iteration_1","SCOPE_DATA_COLLECTION",1200,38,2350.0,2410.0,0,7097,5343,1589,7135,5297,1636,4175,3094,899,2914,2237,698,0.41105938778389056,0.41962108422434813,0.4370695053224796,0.4403226539302004,0.9739690724929065,1.5776966548184947,0.8806453078604008,0.9739690724929065,1.0517977698789964,0.4517365269461078,0.6069812540400775,0.6151279199110122,100.0,100.0,5187,2700,6142,93,2,5754,0.017929438982070563,7.407407407407407E-4,0.93682839465972,0.30000000000000004,0.4,0.8,0.6000000000000001,55.0,70.0,90.0,0.15000000000000002,0.8,0.8,0.2,30.0,45.0,75.0,7113,3263,3850,7113,0.5412624771545058,0.5432594436967854,0.5,1.0865188873935707,1887,0.5783021759117377,1.0,1
"iteration_1","SCOPE_DATA_COLLECTION",1200,38,2350.0,2410.0,1,7097,5343,1589,7135,5297,1636,4175,3094,899,2914,2237,698,0.41105938778389056,0.41962108422434813,0.4370695053224796,0.4403226539302004,0.9739690724929065,1.5776966548184947,0.8806453078604008,0.9739690724929065,1.0517977698789964,0.4517365269461078,0.6069812540400775,0.6151279199110122,100.0,100.0,5187,2700,6142,93,2,5754,0.017929438982070563,7.407407407407407E-4,0.93682839465972,0.30000000000000004,0.4,0.8,0.6000000000000001,55.0,70.0,90.0,0.15000000000000002,0.8,0.8,0.2,30.0,45.0,75.0,5290,2406,2884,5290,0.545179584120983,1.1759372039144498,1.0,1.1759372039144498,1853,0.7701579384871156,1.0,1
"iteration_1","SCOPE_DATA_COLLECTION",1200,38,2350.0,2410.0,2,7097,5343,1589,7135,5297,1636,4175,3094,899,2914,2237,698,0.41105938778389056,0.41962108422434813,0.4370695053224796,0.4403226539302004,0.9739690724929065,1.5776966548184947,0.8806453078604008,0.9739690724929065,1.0517977698789964,0.4517365269461078,0.6069812540400775,0.6151279199110122,100.0,100.0,5187,2700,6142,93,2,5754,0.017929438982070563,7.407407407407407E-4,0.93682839465972,0.30000000000000004,0.4,0.8,0.6000000000000001,55.0,70.0,90.0,0.15000000000000002,0.8,0.8,0.2,30.0,45.0,75.0,1583,709,874,1583,0.5521162349968415,1.7867268866461972,1.5,1.1911512577641314,545,0.768688293370945,1.0,1
"iteration_1","SCOPE_DATA_COLLECTION",1200,39,2410.0,2470.0,0,7113,5290,1583,7097,5343,1589,3271,2409,709,3850,2884,874,0.5406544024715629,0.5448705837899112,0.5521162349968415,0.5432055119726761,1.174512289066631,1.7905094399921748,1.0864110239453522,1.174512289066631,1.1936729599947833,0.5774992357077346,0.7691988376919884,0.768688293370945,100.0,100.0,5115,1317,7554,53,1,7554,0.010361681329423266,7.593014426727411E-4,1.0,0.15000000000000002,0.8,0.8,0.2,30.0,45.0,75.0,0.05,0.7000000000000001,0.7000000000000001,0.30000000000000004,30.0,55.0,85.0,7256,2784,4472,7256,0.6163175303197354,0.6067429231149667,0.5,1.2134858462299334,1842,0.6616379310344828,1.0,1
"iteration_1","SCOPE_DATA_COLLECTION",1200,39,2410.0,2470.0,1,7113,5290,1583,7097,5343,1589,3271,2409,709,3850,2884,874,0.5406544024715629,0.5448705837899112,0.5521162349968415,0.5432055119726761,1.174512289066631,1.7905094399921748,1.0864110239453522,1.174512289066631,1.1936729599947833,0.5774992357077346,0.7691988376919884,0.768688293370945,100.0,100.0,5115,1317,7554,53,1,7554,0.010361681329423266,7.593014426727411E-4,1.0,0.15000000000000002,0.8,0.8,0.2,30.0,45.0,75.0,0.05,0.7000000000000001,0.7000000000000001,0.30000000000000004,30.0,55.0,85.0,5260,2011,3249,5260,0.617680608365019,1.3105988430576698,1.0,1.3105988430576698,1795,0.8925907508702138,1.0,1
"iteration_1","SCOPE_DATA_COLLECTION",1200,39,2410.0,2470.0,2,7113,5290,1583,7097,5343,1589,3271,2409,709,3850,2884,874,0.5406544024715629,0.5448705837899112,0.5521162349968415,0.5432055119726761,1.174512289066631,1.7905094399921748,1.0864110239453522,1.174512289066631,1.1936729599947833,0.5774992357077346,0.7691988376919884,0.768688293370945,100.0,100.0,5115,1317,7554,53,1,7554,0.010361681329423266,7.593014426727411E-4,1.0,0.15000000000000002,0.8,0.8,0.2,30.0,45.0,75.0,0.05,0.7000000000000001,0.7000000000000001,0.30000000000000004,30.0,55.0,85.0,1627,610,1017,1627,0.6250768285187461,2.108223808039201,1.5,1.4054825386928007,562,0.921311475409836,1.0,1
"iteration_1","SCOPE_DATA_COLLECTION",1200,40,2470.0,2530.0,0,7256,5260,1627,7113,5290,1583,2776,2009,612,4472,3249,1017,0.6169977924944813,0.6179155572461011,0.6243093922651933,0.6066640687213233,1.3084679871549876,2.1040538467439807,1.2133281374426466,1.3084679871549876,1.4027025644959872,0.6613832853025937,0.8924838227974117,0.9199346405228758,97.5,100.0,5070,412,8661,76,1,8661,0.014990138067061143,0.0024271844660194173,1.0,0.05,0.7000000000000001,0.7000000000000001,0.30000000000000004,30.0,55.0,85.0,0.15000000000000002,0.8,0.8,0.4,20.0,65.0,85.0,7238,3313,3925,7238,0.5422768720641061,0.5624747065826525,0.5,1.124949413165305,1953,0.5894959251433746,1.0,1
"iteration_1","SCOPE_DATA_COLLECTION",1200,40,2470.0,2530.0,1,7256,5260,1627,7113,5290,1583,2776,2009,612,4472,3249,1017,0.6169977924944813,0.6179155572461011,0.6243093922651933,0.6066640687213233,1.3084679871549876,2.1040538467439807,1.2133281374426466,1.3084679871549876,1.4027025644959872,0.6613832853025937,0.8924838227974117,0.9199346405228758,97.5,100.0,5070,412,8661,76,1,8661,0.014990138067061143,0.0024271844660194173,1.0,0.05,0.7000000000000001,0.7000000000000001,0.30000000000000004,30.0,55.0,85.0,0.15000000000000002,0.8,0.8,0.4,20.0,65.0,85.0,5407,2454,2953,5407,0.5461438875531718,1.1779170497344063,1.0,1.1779170497344063,1838,0.7489812550937245,1.0,1
"iteration_1","SCOPE_DATA_COLLECTION",1200,40,2470.0,2530.0,2,7256,5260,1627,7113,5290,1583,2776,2009,612,4472,3249,1017,0.6169977924944813,0.6179155572461011,0.6243093922651933,0.6066640687213233,1.3084679871549876,2.1040538467439807,1.2133281374426466,1.3084679871549876,1.4027025644959872,0.6613832853025937,0.8924838227974117,0.9199346405228758,97.5,100.0,5070,412,8661,76,1,8661,0.014990138067061143,0.0024271844660194173,1.0,0.05,0.7000000000000001,0.7000000000000001,0.30000000000000004,30.0,55.0,85.0,0.15000000000000002,0.8,0.8,0.4,20.0,65.0,85.0,1560,709,851,1560,0.5455128205128205,1.9093769832764906,1.5,1.2729179888509938,567,0.7997179125528914,1.0,1
"iteration_1","SCOPE_DATA_COLLECTION",1200,41,2530.0,2590.0,0,7238,5407,1560,7256,5260,1627,3319,2454,703,3925,2953,851,0.5418277194919934,0.5461438875531718,0.5476190476190477,0.5621242820998187,1.1790358139540216,1.9058547672927864,1.1242485641996374,1.1790358139540216,1.2705698448618576,0.5899367279300994,0.7493887530562348,0.7994310099573257,100.0,100.0,5225,1361,7619,108,2,7619,0.020669856459330144,0.0014695077149155032,1.0,0.15000000000000002,0.8,0.8,0.4,20.0,65.0,85.0,0.2,0.7000000000000001,0.5,0.30000000000000004,90.0,70.0,55.0,7254,3608,3646,7254,0.5026192445547284,0.49169077036483794,0.5,0.9833815407296759,1883,0.5218957871396895,1.0,1
"iteration_1","SCOPE_DATA_COLLECTION",1200,41,2530.0,2590.0,1,7238,5407,1560,7256,5260,1627,3319,2454,703,3925,2953,851,0.5418277194919934,0.5461438875531718,0.5476190476190477,0.5621242820998187,1.1790358139540216,1.9058547672927864,1.1242485641996374,1.1790358139540216,1.2705698448618576,0.5899367279300994,0.7493887530562348,0.7994310099573257,100.0,100.0,5225,1361,7619,108,2,7619,0.020669856459330144,0.0014695077149155032,1.0,0.15000000000000002,0.8,0.8,0.4,20.0,65.0,85.0,0.2,0.7000000000000001,0.5,0.30000000000000004,90.0,70.0,55.0,5256,2612,2644,5256,0.5030441400304414,1.0627970920839793,1.0,1.0627970920839793,1804,0.6906584992343032,1.0,1
"iteration_1","SCOPE_DATA_COLLECTION",1200,41,2530.0,2590.0,2,7238,5407,1560,7256,5260,1627,3319,2454,703,3925,2953,851,0.5418277194919934,0.5461438875531718,0.5476190476190477,0.5621242820998187,1.1790358139540216,1.9058547672927864,1.1242485641996374,1.1790358139540216,1.2705698448618576,0.5899367279300994,0.7493887530562348,0.7994310099573257,100.0,100.0,5225,1361,7619,108,2,7619,0.020669856459330144,0.0014695077149155032,1.0,0.15000000000000002,0.8,0.8,0.4,20.0,65.0,85.0,0.2,0.7000000000000001,0.5,0.30000000000000004,90.0,70.0,55.0,1581,719,862,1581,0.545224541429475,1.7341332320807592,1.5,1.1560888213871727,522,0.7260083449235049,1.0,1
"iteration_1","SCOPE_DATA_COLLECTION",1200,42,2590.0,2650.0,0,7254,5256,1581,7238,5407,1560,3607,2621,723,3646,2644,862,0.5026885426719978,0.5021842355175689,0.5438485804416404,0.4917605142869737,1.064636508315722,1.7405963721591362,0.9835210285739474,1.064636508315722,1.160397581439424,0.5220404768505683,0.6924837848149561,0.7275242047026279,100.0,100.0,5092,1901,7098,51,3,7098,0.010015710919088767,0.0015781167806417674,1.0,0.2,0.7000000000000001,0.5,0.30000000000000004,90.0,70.0,55.0,0.30000000000000004,0.7000000000000001,0.5,0.4,95.0,60.0,45.0,7172,3990,3182,7172,0.4436698271054099,0.45670534288223313,0.5,0.9134106857644663,1884,0.47218045112781953,1.0,1
"iteration_1","SCOPE_DATA_COLLECTION",1200,42,2590.0,2650.0,1,7254,5256,1581,7238,5407,1560,3607,2621,723,3646,2644,862,0.5026885426719978,0.5021842355175689,0.5438485804416404,0.4917605142869737,1.064636508315722,1.7405963721591362,0.9835210285739474,1.064636508315722,1.160397581439424,0.5220404768505683,0.6924837848149561,0.7275242047026279,100.0,100.0,5092,1901,7098,51,3,7098,0.010015710919088767,0.0015781167806417674,1.0,0.2,0.7000000000000001,0.5,0.30000000000000004,90.0,70.0,55.0,0.30000000000000004,0.7000000000000001,0.5,0.4,95.0,60.0,45.0,5321,2921,2400,5321,0.45104303702311593,0.9717118239192643,1.0,0.9717118239192643,1825,0.62478603218076,1.0,1
"iteration_1","SCOPE_DATA_COLLECTION",1200,42,2590.0,2650.0,2,7254,5256,1581,7238,5407,1560,3607,2621,723,3646,2644,862,0.5026885426719978,0.5021842355175689,0.5438485804416404,0.4917605142869737,1.064636508315722,1.7405963721591362,0.9835210285739474,1.064636508315722,1.160397581439424,0.5220404768505683,0.6924837848149561,0.7275242047026279,100.0,100.0,5092,1901,7098,51,3,7098,0.010015710919088767,0.0015781167806417674,1.0,0.2,0.7000000000000001,0.5,0.30000000000000004,90.0,70.0,55.0,0.30000000000000004,0.7000000000000001,0.5,0.4,95.0,60.0,45.0,1620,855,765,1620,0.4722222222222222,1.5625839268037442,1.5,1.0417226178691628,541,0.632748538011696,1.0,1
"iteration_1","SCOPE_DATA_COLLECTION",1200,43,2650.0,2710.0,0,7172,5321,1620,7254,5256,1581,3996,2921,847,3182,2400,765,0.44329896907216493,0.45104303702311593,0.47456575682382135,0.4575597220177494,0.9718574709098226,1.5599305598884932,0.9151194440354988,0.9718574709098226,1.0399537065923288,0.47397397397397395,0.6241013351591921,0.6304604486422668,92.5,100.0,5169,2665,6279,66,2,6279,0.012768427161926872,7.5046904315197E-4,1.0,0.30000000000000004,0.7000000000000001,0.5,0.4,95.0,60.0,45.0,0.25,0.6000000000000001,0.30000000000000004,0.4,60.0,90.0,60.0,7214,3731,3483,7214,0.48281120044358194,0.46301531031003473,0.5,0.9260306206200695,1821,0.48807290270704906,1.0,1
"iteration_1","SCOPE_DATA_COLLECTION",1200,43,2650.0,2710.0,1,7172,5321,1620,7254,5256,1581,3996,2921,847,3182,2400,765,0.44329896907216493,0.45104303702311593,0.47456575682382135,0.4575597220177494,0.9718574709098226,1.5599305598884932,0.9151194440354988,0.9718574709098226,1.0399537065923288,0.47397397397397395,0.6241013351591921,0.6304604486422668,92.5,100.0,5169,2665,6279,66,2,6279,0.012768427161926872,7.5046904315197E-4,1.0,0.30000000000000004,0.7000000000000001,0.5,0.4,95.0,60.0,45.0,0.25,0.6000000000000001,0.30000000000000004,0.4,60.0,90.0,60.0,5345,2791,2554,5345,0.47782974742750234,0.9594354036043049,1.0,0.9594354036043049,1781,0.6381225367251881,1.0,1
"iteration_1","SCOPE_DATA_COLLECTION",1200,43,2650.0,2710.0,2,7172,5321,1620,7254,5256,1581,3996,2921,847,3182,2400,765,0.44329896907216493,0.45104303702311593,0.47456575682382135,0.4575597220177494,0.9718574709098226,1.5599305598884932,0.9151194440354988,0.9718574709098226,1.0399537065923288,0.47397397397397395,0.6241013351591921,0.6304604486422668,92.5,100.0,5169,2665,6279,66,2,6279,0.012768427161926872,7.5046904315197E-4,1.0,0.30000000000000004,0.7000000000000001,0.5,0.4,95.0,60.0,45.0,0.25,0.6000000000000001,0.30000000000000004,0.4,60.0,90.0,60.0,1602,788,814,1602,0.5081148564294632,1.6412145697094354,1.5,1.094143046472957,537,0.6814720812182741,1.0,1
"iteration_1","SCOPE_DATA_COLLECTION",1200,44,2710.0,2770.0,0,7214,5345,1602,7172,5321,1620,3728,2797,796,3483,2554,814,0.4830120649008459,0.47729396374509436,0.5055900621118012,0.4632113344370183,0.9619629728541914,1.6402869073687465,0.9264226688740366,0.9619629728541914,1.0935246049124976,0.48685622317596566,0.6385412942438327,0.6821608040201005,100.0,100.0,5051,2275,6835,58,1,6792,0.011482874678281529,4.3956043956043956E-4,0.9937088514996343,0.25,0.6000000000000001,0.30000000000000004,0.4,60.0,90.0,60.0,0.25,0.6000000000000001,0.30000000000000004,0.4,60.0,90.0,60.0,7243,3669,3574,7243,0.49344194394587876,0.47810290005699957,0.5,0.9562058001139991,1825,0.49741073862087765,1.0,1
"iteration_1","SCOPE_DATA_COLLECTION",1200,44,2710.0,2770.0,1,7214,5345,1602,7172,5321,1620,3728,2797,796,3483,2554,814,0.4830120649008459,0.47729396374509436,0.5055900621118012,0.4632113344370183,0.9619629728541914,1.6402869073687465,0.9264226688740366,0.9619629728541914,1.0935246049124976,0.48685622317596566,0.6385412942438327,0.6821608040201005,100.0,100.0,5051,2275,6835,58,1,6792,0.011482874678281529,4.3956043956043956E-4,0.9937088514996343,0.25,0.6000000000000001,0.30000000000000004,0.4,60.0,90.0,60.0,0.25,0.6000000000000001,0.30000000000000004,0.4,60.0,90.0,60.0,5257,2753,2504,5257,0.47631729123073996,0.9966956116484009,1.0,0.9966956116484009,1808,0.6567381038866691,1.0,1
"iteration_1","SCOPE_DATA_COLLECTION",1200,44,2710.0,2770.0,2,7214,5345,1602,7172,5321,1620,3728,2797,796,3483,2554,814,0.4830120649008459,0.47729396374509436,0.5055900621118012,0.4632113344370183,0.9619629728541914,1.6402869073687465,0.9264226688740366,0.9619629728541914,1.0935246049124976,0.48685622317596566,0.6385412942438327,0.6821608040201005,100.0,100.0,5051,2275,6835,58,1,6792,0.011482874678281529,4.3956043956043956E-4,0.9937088514996343,0.25,0.6000000000000001,0.30000000000000004,0.4,60.0,90.0,60.0,0.25,0.6000000000000001,0.30000000000000004,0.4,60.0,90.0,60.0,1573,814,759,1573,0.4825174825174825,1.696327438500211,1.5,1.1308849590001406,571,0.7014742014742015,1.0,1
"iteration_1","SCOPE_DATA_COLLECTION",1200,45,2770.0,2830.0,0,7243,5257,1573,7214,5345,1602,3663,2743,807,3574,2504,759,0.4938510432499655,0.4772250809986659,0.4846743295019157,0.4769891932317966,0.991787025189681,1.6991231620323541,0.9539783864635932,0.991787025189681,1.132748774688236,0.4968604968604969,0.6543930003645644,0.7038413878562577,100.0,100.0,5089,2214,6770,64,3,6770,0.012576144625663196,0.0013550135501355014,1.0,0.25,0.6000000000000001,0.30000000000000004,0.4,60.0,90.0,60.0,0.25,0.6000000000000001,0.30000000000000004,0.4,60.0,90.0,60.0,7317,3819,3498,7317,0.4780647806478065,0.45781197954933195,0.5,0.9156239590986639,1839,0.48153967007069914,1.0,1
"iteration_1","SCOPE_DATA_COLLECTION",1200,45,2770.0,2830.0,1,7243,5257,1573,7214,5345,1602,3663,2743,807,3574,2504,759,0.4938510432499655,0.4772250809986659,0.4846743295019157,0.4769891932317966,0.991787025189681,1.6991231620323541,0.9539783864635932,0.991787025189681,1.132748774688236,0.4968604968604969,0.6543930003645644,0.7038413878562577,100.0,100.0,5089,2214,6770,64,3,6770,0.012576144625663196,0.0013550135501355014,1.0,0.25,0.6000000000000001,0.30000000000000004,0.4,60.0,90.0,60.0,0.25,0.6000000000000001,0.30000000000000004,0.4,60.0,90.0,60.0,5283,2714,2569,5283,0.4862767367026311,0.9762482192936902,1.0,0.9762482192936902,1743,0.6422254974207812,1.0,1
"iteration_1","SCOPE_DATA_COLLECTION",1200,45,2770.0,2830.0,2,7243,5257,1573,7214,5345,1602,3663,2743,807,3574,2504,759,0.4938510432499655,0.4772250809986659,0.4846743295019157,0.4769891932317966,0.991787025189681,1.6991231620323541,0.9539783864635932,0.991787025189681,1.132748774688236,0.4968604968604969,0.6543930003645644,0.7038413878562577,100.0,100.0,5089,2214,6770,64,3,6770,0.012576144625663196,0.0013550135501355014,1.0,0.25,0.6000000000000001,0.30000000000000004,0.4,60.0,90.0,60.0,0.25,0.6000000000000001,0.30000000000000004,0.4,60.0,90.0,60.0,1586,838,748,1586,0.47162673392181587,1.6821768805473034,1.5,1.1214512536982022,584,0.6968973747016707,1.0,1
"iteration_1","SCOPE_DATA_COLLECTION",1200,46,2830.0,2890.0,0,7317,5283,1586,7243,5257,1573,3831,2715,844,3498,2569,748,0.47728203029062627,0.48618470855412566,0.46984924623115576,0.4576718587924616,0.977933928879325,1.6762917789843905,0.9153437175849232,0.977933928879325,1.1175278526562604,0.48264160793526495,0.6445672191528545,0.6943127962085308,100.0,100.0,5066,2397,6723,89,3,6723,0.017568101065929726,0.0012515644555694619,1.0,0.25,0.6000000000000001,0.30000000000000004,0.4,60.0,90.0,60.0,0.35000000000000003,0.7000000000000001,0.2,0.5,50.0,90.0,70.0,7162,4632,2530,7162,0.35325328120636695,0.44668404600111056,0.5,0.8933680920022211,2011,0.43415371329879104,1.0,1
"iteration_1","SCOPE_DATA_COLLECTION",1200,46,2830.0,2890.0,1,7317,5283,1586,7243,5257,1573,3831,2715,844,3498,2569,748,0.47728203029062627,0.48618470855412566,0.46984924623115576,0.4576718587924616,0.977933928879325,1.6762917789843905,0.9153437175849232,0.977933928879325,1.1175278526562604,0.48264160793526495,0.6445672191528545,0.6943127962085308,100.0,100.0,5066,2397,6723,89,3,6723,0.017568101065929726,0.0012515644555694619,1.0,0.25,0.6000000000000001,0.30000000000000004,0.4,60.0,90.0,60.0,0.35000000000000003,0.7000000000000001,0.2,0.5,50.0,90.0,70.0,5309,3475,1834,5309,0.3454511207383688,0.8565518058464557,1.0,0.8565518058464557,1874,0.5392805755395683,1.0,1
"iteration_1","SCOPE_DATA_COLLECTION",1200,46,2830.0,2890.0,2,7317,5283,1586,7243,5257,1573,3831,2715,844,3498,2569,748,0.47728203029062627,0.48618470855412566,0.46984924623115576,0.4576718587924616,0.977933928879325,1.6762917789843905,0.9153437175849232,0.977933928879325,1.1175278526562604,0.48264160793526495,0.6445672191528545,0.6943127962085308,100.0,100.0,5066,2397,6723,89,3,6723,0.017568101065929726,0.0012515644555694619,1.0,0.25,0.6000000000000001,0.30000000000000004,0.4,60.0,90.0,60.0,0.35000000000000003,0.7000000000000001,0.2,0.5,50.0,90.0,70.0,1545,949,596,1545,0.3857605177993528,1.4193197405473508,1.5,0.9462131603649006,523,0.5511064278187566,1.0,1
"iteration_1","SCOPE_DATA_COLLECTION",1200,47,2890.0,2950.0,0,7162,5309,1545,7317,5283,1586,4622,3484,948,2529,1834,596,0.35365683121241787,0.344866491162091,0.3860103626943005,0.44694423616692075,0.8582972016802783,1.426791872410117,0.8938884723338415,0.8582972016802783,0.9511945816067446,0.43314582431847687,0.5387485648679678,0.5537974683544303,97.5,100.0,5222,3116,5678,60,5,4894,0.011489850631941785,0.0016046213093709885,0.8619232123987319,0.35000000000000003,0.7000000000000001,0.2,0.5,50.0,90.0,70.0,0.25,0.6000000000000001,0.2,0.4,50.0,90.0,60.0,7068,3800,3268,7068,0.46236559139784944,0.46636953207770016,0.5,0.9327390641554003,1839,0.4839473684210526,1.0,1
"iteration_1","SCOPE_DATA_COLLECTION",1200,47,2890.0,2950.0,1,7162,5309,1545,7317,5283,1586,4622,3484,948,2529,1834,596,0.35365683121241787,0.344866491162091,0.3860103626943005,0.44694423616692075,0.8582972016802783,1.426791872410117,0.8938884723338415,0.8582972016802783,0.9511945816067446,0.43314582431847687,0.5387485648679678,0.5537974683544303,97.5,100.0,5222,3116,5678,60,5,4894,0.011489850631941785,0.0016046213093709885,0.8619232123987319,0.35000000000000003,0.7000000000000001,0.2,0.5,50.0,90.0,70.0,0.25,0.6000000000000001,0.2,0.4,50.0,90.0,60.0,5311,2828,2483,5311,0.4675202410092261,0.9347605684401386,1.0,0.9347605684401386,1789,0.6326025459688827,1.0,1
"iteration_1","SCOPE_DATA_COLLECTION",1200,47,2890.0,2950.0,2,7162,5309,1545,7317,5283,1586,4622,3484,948,2529,1834,596,0.35365683121241787,0.344866491162091,0.3860103626943005,0.44694423616692075,0.8582972016802783,1.426791872410117,0.8938884723338415,0.8582972016802783,0.9511945816067446,0.43314582431847687,0.5387485648679678,0.5537974683544303,97.5,100.0,5222,3116,5678,60,5,4894,0.011489850631941785,0.0016046213093709885,0.8619232123987319,0.35000000000000003,0.7000000000000001,0.2,0.5,50.0,90.0,70.0,0.25,0.6000000000000001,0.2,0.4,50.0,90.0,60.0,1527,772,755,1527,0.49443352979698757,1.7007673012259545,1.5,1.1338448674839696,543,0.7033678756476683,1.0,1
"iteration_1","SCOPE_DATA_COLLECTION",1200,48,2950.0,3010.0,0,7068,5311,1527,7162,5309,1545,3801,2832,769,3269,2483,755,0.4623762376237624,0.4671683913452493,0.4954068241469816,0.46578747749982935,0.9377891044848958,1.6929378718194263,0.9315749549996587,0.9377891044848958,1.1286252478796175,0.4843462246777164,0.634180790960452,0.6996098829648895,97.5,100.0,5101,2227,6578,46,2,6459,0.009017839639286415,8.98069151324652E-4,0.9819093949528732,0.25,0.6000000000000001,0.2,0.4,50.0,90.0,60.0,0.8500000000000001,0.8,0.1,0.2,30.0,85.0,20.0,7224,7204,20,7224,0.0027685492801771874,0.3052340722242707,0.5,0.6104681444485414,1906,0.2645752359800111,1.0,1
"iteration_1","SCOPE_DATA_COLLECTION",1200,48,2950.0,3010.0,1,7068,5311,1527,7162,5309,1545,3801,2832,769,3269,2483,755,0.4623762376237624,0.4671683913452493,0.4954068241469816,0.46578747749982935,0.9377891044848958,1.6929378718194263,0.9315749549996587,0.9377891044848958,1.1286252478796175,0.4843462246777164,0.634180790960452,0.6996098829648895,97.5,100.0,5101,2227,6578,46,2,6459,0.009017839639286415,8.98069151324652E-4,0.9819093949528732,0.25,0.6000000000000001,0.2,0.4,50.0,90.0,60.0,0.8500000000000001,0.8,0.1,0.2,30.0,85.0,20.0,5202,5192,10,5202,0.0019223375624759708,0.5730043082535459,1.0,0.5730043082535459,1705,0.3283898305084746,1.0,1
"iteration_1","SCOPE_DATA_COLLECTION",1200,48,2950.0,3010.0,2,7068,5311,1527,7162,5309,1545,3801,2832,769,3269,2483,755,0.4623762376237624,0.4671683913452493,0.4954068241469816,0.46578747749982935,0.9377891044848958,1.6929378718194263,0.9315749549996587,0.9377891044848958,1.1286252478796175,0.4843462246777164,0.634180790960452,0.6996098829648895,97.5,100.0,5101,2227,6578,46,2,6459,0.009017839639286415,8.98069151324652E-4,0.9819093949528732,0.25,0.6000000000000001,0.2,0.4,50.0,90.0,60.0,0.8500000000000001,0.8,0.1,0.2,30.0,85.0,20.0,1600,1586,14,1600,0.00875,0.9895403840393729,1.5,0.659693589359582,547,0.34489281210592687,1.0,1
"iteration_1","SCOPE_DATA_COLLECTION",1200,49,3010.0,3070.0,0,7224,5202,1600,7068,5311,1527,7202,5183,1586,20,10,14,0.0027693159789531985,0.0019256691700365878,0.00875,0.30638960298100626,0.5738435575671673,0.9938633737059234,0.6127792059620125,0.5738435575671673,0.6625755824706155,0.2656206609275201,0.32934593864557205,0.34615384615384615,100.0,100.0,4933,7762,1331,19,12,13,0.003851611595378066,0.001545993300695697,0.009767092411720512,0.8500000000000001,0.8,0.1,0.2,30.0,85.0,20.0,0.75,0.9,0.2,0.30000000000000004,20.0,85.0,20.0,7055,7045,10,7055,0.001417434443656981,0.30672084824918766,0.5,0.6134416964983753,1899,0.26955287437899217,1.0,1
"iteration_1","SCOPE_DATA_COLLECTION",1200,49,3010.0,3070.0,1,7224,5202,1600,7068,5311,1527,7202,5183,1586,20,10,14,0.0027693159789531985,0.0019256691700365878,0.00875,0.30638960298100626,0.5738435575671673,0.9938633737059234,0.6127792059620125,0.5738435575671673,0.6625755824706155,0.2656206609275201,0.32934593864557205,0.34615384615384615,100.0,100.0,4933,7762,1331,19,12,13,0.003851611595378066,0.001545993300695697,0.009767092411720512,0.8500000000000001,0.8,0.1,0.2,30.0,85.0,20.0,0.75,0.9,0.2,0.30000000000000004,20.0,85.0,20.0,5367,5348,19,5367,0.003540152785541271,0.6124068131547818,1.0,0.6124068131547818,1847,0.34536275243081527,1.0,1
"iteration_1","SCOPE_DATA_COLLECTION",1200,49,3010.0,3070.0,2,7224,5202,1600,7068,5311,1527,7202,5183,1586,20,10,14,0.0027693159789531985,0.0019256691700365878,0.00875,0.30638960298100626,0.5738435575671673,0.9938633737059234,0.6127792059620125,0.5738435575671673,0.6625755824706155,0.2656206609275201,0.32934593864557205,0.34615384615384615,100.0,100.0,4933,7762,1331,19,12,13,0.003851611595378066,0.001545993300695697,0.009767092411720512,0.8500000000000001,0.8,0.1,0.2,30.0,85.0,20.0,0.75,0.9,0.2,0.30000000000000004,20.0,85.0,20.0,1574,1558,16,1574,0.010165184243964422,1.0373881675993224,1.5,0.6915921117328816,560,0.3594351732991014,1.0,1
"iteration_1","SCOPE_DATA_COLLECTION",1200,50,3070.0,3130.0,0,7055,5367,1574,7224,5202,1600,7045,5333,1550,10,19,16,0.001417434443656981,0.0035500747384155456,0.010217113665389528,0.30605474483739237,0.6094902072426305,1.034262363324435,0.6121094896747847,0.6094902072426305,0.68950824221629,0.26912704045422287,0.34445902868929307,0.35935483870967744,97.5,100.0,5045,6718,2233,41,4,0,0.008126858275520317,5.954153021732659E-4,0.0,0.75,0.9,0.2,0.30000000000000004,20.0,85.0,20.0,0.75,0.9,0.2,0.30000000000000004,30.0,75.0,30.0,7149,7139,10,7149,0.0013987970345502867,0.30643361765739874,0.5,0.6128672353147975,1913,0.2679647009385068,1.0,1
"iteration_1","SCOPE_DATA_COLLECTION",1200,50,3070.0,3130.0,1,7055,5367,1574,7224,5202,1600,7045,5333,1550,10,19,16,0.001417434443656981,0.0035500747384155456,0.010217113665389528,0.30605474483739237,0.6094902072426305,1.034262363324435,0.6121094896747847,0.6094902072426305,0.68950824221629,0.26912704045422287,0.34445902868929307,0.35935483870967744,97.5,100.0,5045,6718,2233,41,4,0,0.008126858275520317,5.954153021732659E-4,0.0,0.75,0.9,0.2,0.30000000000000004,20.0,85.0,20.0,0.75,0.9,0.2,0.30000000000000004,30.0,75.0,30.0,5281,5262,19,5281,0.0035978034463169852,0.5938028646824045,1.0,0.5938028646824045,1754,0.3333333333333333,1.0,1
"iteration_1","SCOPE_DATA_COLLECTION",1200,50,3070.0,3130.0,2,7055,5367,1574,7224,5202,1600,7045,5333,1550,10,19,16,0.001417434443656981,0.0035500747384155456,0.010217113665389528,0.30605474483739237,0.6094902072426305,1.034262363324435,0.6121094896747847,0.6094902072426305,0.68950824221629,0.26912704045422287,0.34445902868929307,0.35935483870967744,97.5,100.0,5045,6718,2233,41,4,0,0.008126858275520317,5.954153021732659E-4,0.0,0.75,0.9,0.2,0.30000000000000004,20.0,85.0,20.0,0.75,0.9,0.2,0.30000000000000004,30.0,75.0,30.0,1593,1572,21,1593,0.013182674199623353,1.041095768392358,1.5,0.6940638455949054,579,0.3683206106870229,1.0,1
"iteration_1","SCOPE_DATA_COLLECTION",1200,51,3130.0,3190.0,0,7149,5281,1593,7055,5367,1574,7143,5279,1577,10,19,21,0.001398014818957081,0.003586258965647414,0.013141426783479349,0.30679545671682423,0.595834251736738,1.0419686529212082,0.6135909134336485,0.595834251736738,0.6946457686141388,0.26823463530729386,0.3333964766054177,0.36715282181357006,100.0,100.0,5009,6712,2302,39,11,0,0.007785985226592134,0.0016388557806912992,0.0,0.75,0.9,0.2,0.30000000000000004,30.0,75.0,30.0,0.05,0.8,0.4,0.1,85.0,75.0,60.0,7131,2755,4376,7131,0.6136586733978404,0.613405772601003,0.5,1.226811545202006,1867,0.6776769509981851,1.0,1
"iteration_1","SCOPE_DATA_COLLECTION",1200,51,3130.0,3190.0,1,7149,5281,1593,7055,5367,1574,7143,5279,1577,10,19,21,0.001398014818957081,0.003586258965647414,0.013141426783479349,0.30679545671682423,0.595834251736738,1.0419686529212082,0.6135909134336485,0.595834251736738,0.6946457686141388,0.26823463530729386,0.3333964766054177,0.36715282181357006,100.0,100.0,5009,6712,2302,39,11,0,0.007785985226592134,0.0016388557806912992,0.0,0.75,0.9,0.2,0.30000000000000004,30.0,75.0,30.0,0.05,0.8,0.4,0.1,85.0,75.0,60.0,5286,2108,3178,5286,0.6012107453651154,1.2707757054009858,1.0,1.2707757054009858,1804,0.855787476280835,1.0,1
"iteration_1","SCOPE_DATA_COLLECTION",1200,51,3130.0,3190.0,2,7149,5281,1593,7055,5367,1574,7143,5279,1577,10,19,21,0.001398014818957081,0.003586258965647414,0.013141426783479349,0.30679545671682423,0.595834251736738,1.0419686529212082,0.6135909134336485,0.595834251736738,0.6946457686141388,0.26823463530729386,0.3333964766054177,0.36715282181357006,100.0,100.0,5009,6712,2302,39,11,0,0.007785985226592134,0.0016388557806912992,0.0,0.75,0.9,0.2,0.30000000000000004,30.0,75.0,30.0,0.05,0.8,0.4,0.1,85.0,75.0,60.0,1603,622,981,1603,0.6119775421085465,2.0485537240601515,1.5,1.3657024827067676,572,0.9196141479099679,1.0,1
"iteration_1","SCOPE_DATA_COLLECTION",1200,52,3190.0,3250.0,0,7131,5286,1603,7149,5281,1593,2748,2095,633,4376,3178,981,0.6142616507580011,0.6026929641570263,0.6078066914498141,0.6093788318493848,1.2646937036372008,2.0415363719054667,1.2187576636987696,1.2646937036372008,1.3610242479369778,0.673216885007278,0.8529832935560859,0.9162717219589257,100.0,100.0,4995,474,8551,49,1,8485,0.00980980980980981,0.002109704641350211,0.9922816044907028,0.05,0.8,0.4,0.1,85.0,75.0,60.0,0.05,0.9,0.5,0.1,85.0,75.0,50.0,7233,2797,4436,7233,0.6133001520807411,0.6093521728421448,0.5,1.2187043456842896,1845,0.6596353235609582,1.0,1
"iteration_1","SCOPE_DATA_COLLECTION",1200,52,3190.0,3250.0,1,7131,5286,1603,7149,5281,1593,2748,2095,633,4376,3178,981,0.6142616507580011,0.6026929641570263,0.6078066914498141,0.6093788318493848,1.2646937036372008,2.0415363719054667,1.2187576636987696,1.2646937036372008,1.3610242479369778,0.673216885007278,0.8529832935560859,0.9162717219589257,100.0,100.0,4995,474,8551,49,1,8485,0.00980980980980981,0.002109704641350211,0.9922816044907028,0.05,0.8,0.4,0.1,85.0,75.0,60.0,0.05,0.9,0.5,0.1,85.0,75.0,50.0,5355,2081,3274,5355,0.6113912231559291,1.2678629796800358,1.0,1.2678629796800358,1783,0.8567996155694377,1.0,1
"iteration_1","SCOPE_DATA_COLLECTION",1200,52,3190.0,3250.0,2,7131,5286,1603,7149,5281,1593,2748,2095,633,4376,3178,981,0.6142616507580011,0.6026929641570263,0.6078066914498141,0.6093788318493848,1.2646937036372008,2.0415363719054667,1.2187576636987696,1.2646937036372008,1.3610242479369778,0.673216885007278,0.8529832935560859,0.9162717219589257,100.0,100.0,4995,474,8551,49,1,8485,0.00980980980980981,0.002109704641350211,0.9922816044907028,0.05,0.8,0.4,0.1,85.0,75.0,60.0,0.05,0.9,0.5,0.1,85.0,75.0,50.0,1545,572,973,1545,0.6297734627831715,2.0366580352937262,1.5,1.3577720235291508,523,0.9143356643356644,1.0,1
"iteration_1","SCOPE_DATA_COLLECTION",1200,53,3250.0,3310.0,0,7233,5355,1545,7131,5286,1603,2797,2096,566,4436,3274,973,0.6133001520807411,0.609683426443203,0.6322287199480182,0.6115024230568585,1.2655816755244533,2.037702116813157,1.223004846113717,1.2655816755244533,1.3584680778754379,0.6617804790847337,0.8563931297709924,0.9151943462897526,95.0,100.0,5055,433,8645,37,1,8645,0.00731948565776459,0.0023094688221709007,1.0,0.05,0.9,0.5,0.1,85.0,75.0,50.0,0.15000000000000002,0.9,0.5,0.2,95.0,85.0,40.0,7304,3275,4029,7304,0.5516155531215772,0.540939785247304,0.5,1.081879570494608,1864,0.5691603053435115,1.0,1
"iteration_1","SCOPE_DATA_COLLECTION",1200,53,3250.0,3310.0,1,7233,5355,1545,7131,5286,1603,2797,2096,566,4436,3274,973,0.6133001520807411,0.609683426443203,0.6322287199480182,0.6115024230568585,1.2655816755244533,2.037702116813157,1.223004846113717,1.2655816755244533,1.3584680778754379,0.6617804790847337,0.8563931297709924,0.9151943462897526,95.0,100.0,5055,433,8645,37,1,8645,0.00731948565776459,0.0023094688221709007,1.0,0.05,0.9,0.5,0.1,85.0,75.0,50.0,0.15000000000000002,0.9,0.5,0.2,95.0,85.0,40.0,5309,2378,2931,5309,0.5520813712563571,1.1190291416329976,1.0,1.1190291416329976,1782,0.7493692178301093,1.0,1
"iteration_1","SCOPE_DATA_COLLECTION",1200,53,3250.0,3310.0,2,7233,5355,1545,7131,5286,1603,2797,2096,566,4436,3274,973,0.6133001520807411,0.609683426443203,0.6322287199480182,0.6115024230568585,1.2655816755244533,2.037702116813157,1.223004846113717,1.2655816755244533,1.3584680778754379,0.6617804790847337,0.8563931297709924,0.9151943462897526,95.0,100.0,5055,433,8645,37,1,8645,0.00731948565776459,0.0023094688221709007,1.0,0.05,0.9,0.5,0.1,85.0,75.0,50.0,0.15000000000000002,0.9,0.5,0.2,95.0,85.0,40.0,1572,692,880,1572,0.5597964376590331,1.7939460767580047,1.5,1.195964051172003,537,0.7760115606936416,1.0,1
"iteration_1","SCOPE_DATA_COLLECTION",1200,54,3310.0,3370.0,0,7304,5309,1572,7233,5355,1545,3284,2378,691,4029,2931,880,0.5509366880897033,0.5520813712563571,0.5601527689369828,0.5418091603233277,1.1211654543534522,1.791902886615689,1.0836183206466554,1.1211654543534522,1.1946019244104593,0.5697320341047503,0.7502102607232969,0.7742402315484804,100.0,100.0,5040,1343,7802,38,0,7802,0.00753968253968254,0.0,1.0,0.15000000000000002,0.9,0.5,0.2,95.0,85.0,40.0,0.15000000000000002,0.9,0.5,0.2,95.0,85.0,40.0,7174,3266,3908,7174,0.5447449121828827,0.5186364667223964,0.5,1.0372729334447928,1808,0.5535823637477036,1.0,1
"iteration_1","SCOPE_DATA_COLLECTION",1200,54,3310.0,3370.0,1,7304,5309,1572,7233,5355,1545,3284,2378,691,4029,2931,880,0.5509366880897033,0.5520813712563571,0.5601527689369828,0.5418091603233277,1.1211654543534522,1.791902886615689,1.0836183206466554,1.1211654543534522,1.1946019244104593,0.5697320341047503,0.7502102607232969,0.7742402315484804,100.0,100.0,5040,1343,7802,38,0,7802,0.00753968253968254,0.0,1.0,0.15000000000000002,0.9,0.5,0.2,95.0,85.0,40.0,0.15000000000000002,0.9,0.5,0.2,95.0,85.0,40.0,5336,2368,2968,5336,0.5562218890554723,1.1179899253025176,1.0,1.1179899253025176,1774,0.7491554054054054,1.0,1
"iteration_1","SCOPE_DATA_COLLECTION",1200,54,3310.0,3370.0,2,7304,5309,1572,7233,5355,1545,3284,2378,691,4029,2931,880,0.5509366880897033,0.5520813712563571,0.5601527689369828,0.5418091603233277,1.1211654543534522,1.791902886615689,1.0836183206466554,1.1211654543534522,1.1946019244104593,0.5697320341047503,0.7502102607232969,0.7742402315484804,100.0,100.0,5040,1343,7802,38,0,7802,0.00753968253968254,0.0,1.0,0.15000000000000002,0.9,0.5,0.2,95.0,85.0,40.0,0.15000000000000002,0.9,0.5,0.2,95.0,85.0,40.0,1659,706,953,1659,0.5744424352019288,1.8201037535186915,1.5,1.2134025023457944,559,0.7917847025495751,1.0,1
"iteration_1","SCOPE_DATA_COLLECTION",1200,55,3370.0,3430.0,0,7174,5336,1659,7304,5309,1572,3274,2362,708,3908,2968,953,0.5441381230854915,0.5568480300187617,0.5737507525586996,0.5183531899810762,1.118116249336946,1.8227450188435657,1.0367063799621523,1.118116249336946,1.2151633458957105,0.5537568723274282,0.7493649449618967,0.7951977401129944,95.0,100.0,5019,1366,7784,43,2,7784,0.008567443713887228,0.0014641288433382138,1.0,0.15000000000000002,0.9,0.5,0.2,95.0,85.0,40.0,0.15000000000000002,0.9,0.5,0.2,95.0,85.0,40.0,7165,3291,3874,7165,0.5406838799720866,0.5585574104947426,0.5,1.1171148209894852,1952,0.5931327863871164,1.0,1
"iteration_1","SCOPE_DATA_COLLECTION",1200,55,3370.0,3430.0,1,7174,5336,1659,7304,5309,1572,3274,2362,708,3908,2968,953,0.5441381230854915,0.5568480300187617,0.5737507525586996,0.5183531899810762,1.118116249336946,1.8227450188435657,1.0367063799621523,1.118116249336946,1.2151633458957105,0.5537568723274282,0.7493649449618967,0.7951977401129944,95.0,100.0,5019,1366,7784,43,2,7784,0.008567443713887228,0.0014641288433382138,1.0,0.15000000000000002,0.9,0.5,0.2,95.0,85.0,40.0,0.15000000000000002,0.9,0.5,0.2,95.0,85.0,40.0,5364,2444,2920,5364,0.5443698732289336,1.1685005663139099,1.0,1.1685005663139099,1858,0.7602291325695582,1.0,1
"iteration_1","SCOPE_DATA_COLLECTION",1200,55,3370.0,3430.0,2,7174,5336,1659,7304,5309,1572,3274,2362,708,3908,2968,953,0.5441381230854915,0.5568480300187617,0.5737507525586996,0.5183531899810762,1.118116249336946,1.8227450188435657,1.0367063799621523,1.118116249336946,1.2151633458957105,0.5537568723274282,0.7493649449618967,0.7951977401129944,95.0,100.0,5019,1366,7784,43,2,7784,0.008567443713887228,0.0014641288433382138,1.0,0.15000000000000002,0.9,0.5,0.2,95.0,85.0,40.0,0.15000000000000002,0.9,0.5,0.2,95.0,85.0,40.0,1587,706,881,1587,0.5551354757403907,1.7934322976084873,1.5,1.1956215317389915,545,0.7719546742209632,1.0,1
"iteration_1","SCOPE_DATA_COLLECTION",1200,56,3430.0,3490.0,0,7165,5364,1587,7174,5336,1659,3273,2447,705,3874,2919,881,0.5420456135441444,0.5439806187103988,0.5554854981084489,0.5571666329595744,1.1689255884487297,1.795540234211365,1.1143332659191487,1.1689255884487297,1.1970268228075767,0.5912007332722273,0.7613404168369432,0.7730496453900709,100.0,100.0,5145,1347,7624,49,1,7624,0.009523809523809525,7.423904974016332E-4,1.0,0.15000000000000002,0.9,0.5,0.2,95.0,85.0,40.0,0.15000000000000002,0.8,0.5,0.30000000000000004,95.0,75.0,30.0,7171,3261,3910,7171,0.5452517082694185,0.5648772088138052,0.5,1.1297544176276104,1998,0.6126954921803128,1.0,1
"iteration_1","SCOPE_DATA_COLLECTION",1200,56,3430.0,3490.0,1,7165,5364,1587,7174,5336,1659,3273,2447,705,3874,2919,881,0.5420456135441444,0.5439806187103988,0.5554854981084489,0.5571666329595744,1.1689255884487297,1.795540234211365,1.1143332659191487,1.1689255884487297,1.1970268228075767,0.5912007332722273,0.7613404168369432,0.7730496453900709,100.0,100.0,5145,1347,7624,49,1,7624,0.009523809523809525,7.423904974016332E-4,1.0,0.15000000000000002,0.9,0.5,0.2,95.0,85.0,40.0,0.15000000000000002,0.8,0.5,0.30000000000000004,95.0,75.0,30.0,5447,2408,3039,5447,0.5579217918120066,1.1582604205943066,1.0,1.1582604205943066,1818,0.7549833887043189,1.0,1
"iteration_1","SCOPE_DATA_COLLECTION",1200,56,3430.0,3490.0,2,7165,5364,1587,7174,5336,1659,3273,2447,705,3874,2919,881,0.5420456135441444,0.5439806187103988,0.5554854981084489,0.5571666329595744,1.1689255884487297,1.795540234211365,1.1143332659191487,1.1689255884487297,1.1970268228075767,0.5912007332722273,0.7613404168369432,0.7730496453900709,100.0,100.0,5145,1347,7624,49,1,7624,0.009523809523809525,7.423904974016332E-4,1.0,0.15000000000000002,0.9,0.5,0.2,95.0,85.0,40.0,0.15000000000000002,0.8,0.5,0.30000000000000004,95.0,75.0,30.0,1589,728,861,1589,0.5418502202643172,1.8327513187244435,1.5,1.2218342124829624,563,0.7733516483516484,1.0,1
"iteration_1","SCOPE_DATA_COLLECTION",1200,57,3490.0,3550.0,0,7171,5447,1589,7165,5364,1587,3281,2403,731,3910,3039,860,0.5437352245862884,0.5584343991179713,0.5405405405405406,0.5672578991631473,1.1573925448369353,1.832829810081167,1.1345157983262946,1.1573925448369353,1.2218865400541115,0.6144468149954282,0.7523928422804828,0.771545827633379,97.5,100.0,5148,1309,7750,57,2,7750,0.011072261072261072,0.0015278838808250573,1.0,0.15000000000000002,0.8,0.5,0.30000000000000004,95.0,75.0,30.0,0.5,0.2,0.9,0.2,45.0,80.0,70.0,7356,6564,792,7356,0.10766721044045677,0.37165755862760835,0.5,0.7433151172552167,1984,0.30225472273004267,1.0,1
"iteration_1","SCOPE_DATA_COLLECTION",1200,57,3490.0,3550.0,1,7171,5447,1589,7165,5364,1587,3281,2403,731,3910,3039,860,0.5437352245862884,0.5584343991179713,0.5405405405405406,0.5672578991631473,1.1573925448369353,1.832829810081167,1.1345157983262946,1.1573925448369353,1.2218865400541115,0.6144468149954282,0.7523928422804828,0.771545827633379,97.5,100.0,5148,1309,7750,57,2,7750,0.011072261072261072,0.0015278838808250573,1.0,0.15000000000000002,0.8,0.5,0.30000000000000004,95.0,75.0,30.0,0.5,0.2,0.9,0.2,45.0,80.0,70.0,5355,4694,661,5355,0.12343604108309991,0.7576504366208301,1.0,0.7576504366208301,1964,0.4184064763527908,1.0,1
"iteration_1","SCOPE_DATA_COLLECTION",1200,57,3490.0,3550.0,2,7171,5447,1589,7165,5364,1587,3281,2403,731,3910,3039,860,0.5437352245862884,0.5584343991179713,0.5405405405405406,0.5672578991631473,1.1573925448369353,1.832829810081167,1.1345157983262946,1.1573925448369353,1.2218865400541115,0.6144468149954282,0.7523928422804828,0.771545827633379,97.5,100.0,5148,1309,7750,57,2,7750,0.011072261072261072,0.0015278838808250573,1.0,0.15000000000000002,0.8,0.5,0.30000000000000004,95.0,75.0,30.0,0.5,0.2,0.9,0.2,45.0,80.0,70.0,1512,1296,216,1512,0.14285714285714285,1.1970190148083548,1.5,0.7980126765389032,564,0.4351851851851852,1.0,1
"iteration_1","SCOPE_DATA_COLLECTION",1200,58,3550.0,3619.0432429979605,0,7356,5355,1512,7171,5447,1589,6561,4693,1289,792,662,217,0.10771113831089352,0.12362278244631186,0.14409030544488713,0.37175711876446144,0.7575685978042818,1.1973309512764354,0.7435142375289229,0.7575685978042818,0.7982206341842902,0.3030025910684347,0.41913488173875985,0.4352211016291699,97.5,100.0,5235,4486,4502,46,5,1620,0.008787010506208214,0.0011145786892554615,0.3598400710795202,0.5,0.2,0.9,0.2,45.0,80.0,70.0,0.35000000000000003,0.6000000000000001,0.2,0.6000000000000001,80.0,55.0,45.0,5857,3661,2172,5833,0.3723641350934339,0.4688381571393289,0.5,0.9376763142786578,1520,0.4151871073477192,0.995902339081441,0
"iteration_1","SCOPE_DATA_COLLECTION",1200,58,3550.0,3619.0432429979605,1,7356,5355,1512,7171,5447,1589,6561,4693,1289,792,662,217,0.10771113831089352,0.12362278244631186,0.14409030544488713,0.37175711876446144,0.7575685978042818,1.1973309512764354,0.7435142375289229,0.7575685978042818,0.7982206341842902,0.3030025910684347,0.41913488173875985,0.4352211016291699,97.5,100.0,5235,4486,4502,46,5,1620,0.008787010506208214,0.0011145786892554615,0.3598400710795202,0.5,0.2,0.9,0.2,45.0,80.0,70.0,0.35000000000000003,0.6000000000000001,0.2,0.6000000000000001,80.0,55.0,45.0,4297,2717,1528,4245,0.35995288574793877,0.8891631211310367,1.0,0.8891631211310367,1499,0.5517114464482885,0.9878985338608332,0
"iteration_1","SCOPE_DATA_COLLECTION",1200,58,3550.0,3619.0432429979605,2,7356,5355,1512,7171,5447,1589,6561,4693,1289,792,662,217,0.10771113831089352,0.12362278244631186,0.14409030544488713,0.37175711876446144,0.7575685978042818,1.1973309512764354,0.7435142375289229,0.7575685978042818,0.7982206341842902,0.3030025910684347,0.41913488173875985,0.4352211016291699,97.5,100.0,5235,4486,4502,46,5,1620,0.008787010506208214,0.0011145786892554615,0.3598400710795202,0.5,0.2,0.9,0.2,45.0,80.0,70.0,0.35000000000000003,0.6000000000000001,0.2,0.6000000000000001,80.0,55.0,45.0,1293,793,478,1271,0.3760818253343824,1.530468357142278,1.5,1.020312238094852,474,0.5977301387137453,0.982985305491106,0
"iteration_1","SCOPE_DATA_COLLECTION",1300,0,70.0,130.0,0,6688,5040,1751,0,0,0,6448,4826,1632,206,155,83,0.03095882176134656,0.03111824934752058,0.04839650145772595,0.31758259862366234,0.6709344882648542,1.0674168211658872,0.6351651972473247,0.6709344882648542,0.7116112141105915,0.2720223325062035,0.34977206796518856,0.36519607843137253,97.5,100.0,4905,5147,3427,110,1,333,0.022426095820591234,1.9428793471925395E-4,0.09716953603735046,0.6,0.5,0.7,0.4,85.0,80.0,90.0,0.2,0.30000000000000004,0.8,0.7000000000000001,25.0,25.0,65.0,7406,3811,3595,7406,0.48541722927356196,0.46386877391523096,0.5,0.9277375478304619,1821,0.4778273419050118,1.0,1
"iteration_1","SCOPE_DATA_COLLECTION",1300,0,70.0,130.0,1,6688,5040,1751,0,0,0,6448,4826,1632,206,155,83,0.03095882176134656,0.03111824934752058,0.04839650145772595,0.31758259862366234,0.6709344882648542,1.0674168211658872,0.6351651972473247,0.6709344882648542,0.7116112141105915,0.2720223325062035,0.34977206796518856,0.36519607843137253,97.5,100.0,4905,5147,3427,110,1,333,0.022426095820591234,1.9428793471925395E-4,0.09716953603735046,0.6,0.5,0.7,0.4,85.0,80.0,90.0,0.2,0.30000000000000004,0.8,0.7000000000000001,25.0,25.0,65.0,5504,2788,2716,5504,0.4934593023255814,1.0455148248803652,1.0,1.0455148248803652,1830,0.6563845050215208,1.0,1
"iteration_1","SCOPE_DATA_COLLECTION",1300,0,70.0,130.0,2,6688,5040,1751,0,0,0,6448,4826,1632,206,155,83,0.03095882176134656,0.03111824934752058,0.04839650145772595,0.31758259862366234,0.6709344882648542,1.0674168211658872,0.6351651972473247,0.6709344882648542,0.7116112141105915,0.2720223325062035,0.34977206796518856,0.36519607843137253,97.5,100.0,4905,5147,3427,110,1,333,0.022426095820591234,1.9428793471925395E-4,0.09716953603735046,0.6,0.5,0.7,0.4,85.0,80.0,90.0,0.2,0.30000000000000004,0.8,0.7000000000000001,25.0,25.0,65.0,1796,857,939,1796,0.5228285077951003,1.7347759009642412,1.5,1.1565172673094941,601,0.7012835472578763,1.0,1
"iteration_1","SCOPE_DATA_COLLECTION",1300,1,130.0,190.0,0,7406,5504,1796,6688,5040,1751,3818,2804,867,3595,2716,939,0.48495885606367195,0.4920289855072464,0.5199335548172758,0.4628739719628272,1.0449364621976576,1.7151331336407698,0.9257479439256544,1.0449364621976576,1.1434220890938465,0.47616553169198533,0.6562054208273894,0.6920415224913494,100.0,100.0,5190,1927,7589,99,1,7150,0.01907514450867052,5.189413596263622E-4,0.9421531163526157,0.2,0.30000000000000004,0.8,0.7000000000000001,25.0,25.0,65.0,0.2,0.4,0.9,0.7000000000000001,20.0,20.0,55.0,7358,3647,3711,7358,0.5043490078825767,0.49389164560921117,0.5,0.9877832912184223,1884,0.5165889772415684,1.0,1
"iteration_1","SCOPE_DATA_COLLECTION",1300,1,130.0,190.0,1,7406,5504,1796,6688,5040,1751,3818,2804,867,3595,2716,939,0.48495885606367195,0.4920289855072464,0.5199335548172758,0.4628739719628272,1.0449364621976576,1.7151331336407698,0.9257479439256544,1.0449364621976576,1.1434220890938465,0.47616553169198533,0.6562054208273894,0.6920415224913494,100.0,100.0,5190,1927,7589,99,1,7150,0.01907514450867052,5.189413596263622E-4,0.9421531163526157,0.2,0.30000000000000004,0.8,0.7000000000000001,25.0,25.0,65.0,0.2,0.4,0.9,0.7000000000000001,20.0,20.0,55.0,5483,2659,2824,5483,0.5150465073864673,1.071741939827394,1.0,1.071741939827394,1804,0.6784505453177886,1.0,1
"iteration_1","SCOPE_DATA_COLLECTION",1300,1,130.0,190.0,2,7406,5504,1796,6688,5040,1751,3818,2804,867,3595,2716,939,0.48495885606367195,0.4920289855072464,0.5199335548172758,0.4628739719628272,1.0449364621976576,1.7151331336407698,0.9257479439256544,1.0449364621976576,1.1434220890938465,0.47616553169198533,0.6562054208273894,0.6920415224913494,100.0,100.0,5190,1927,7589,99,1,7150,0.01907514450867052,5.189413596263622E-4,0.9421531163526157,0.2,0.30000000000000004,0.8,0.7000000000000001,25.0,25.0,65.0,0.2,0.4,0.9,0.7000000000000001,20.0,20.0,55.0,1797,852,945,1797,0.5258764607679466,1.7424521224240805,1.5,1.1616347482827203,602,0.7065727699530516,1.0,1
"iteration_1","SCOPE_DATA_COLLECTION",1300,2,190.0,250.0,0,7358,5483,1797,7406,5504,1796,3630,2668,852,3711,2824,945,0.5055169595422967,0.5142024763292061,0.5258764607679466,0.49117423430451784,1.0742732427001636,1.7447851922516155,0.9823484686090357,1.0742732427001636,1.1631901281677437,0.5151515151515151,0.679160419790105,0.7053990610328639,97.5,100.0,5170,1891,7577,131,2,7347,0.025338491295938105,0.0010576414595452142,0.9696449782235713,0.2,0.4,0.9,0.7000000000000001,20.0,20.0,55.0,0.4,0.5,0.30000000000000004,0.30000000000000004,60.0,40.0,85.0,7266,4776,2490,7266,0.342691990090834,0.45054963210428634,0.5,0.9010992642085727,2015,0.42190117252931325,1.0,1
"iteration_1","SCOPE_DATA_COLLECTION",1300,2,190.0,250.0,1,7358,5483,1797,7406,5504,1796,3630,2668,852,3711,2824,945,0.5055169595422967,0.5142024763292061,0.5258764607679466,0.49117423430451784,1.0742732427001636,1.7447851922516155,0.9823484686090357,1.0742732427001636,1.1631901281677437,0.5151515151515151,0.679160419790105,0.7053990610328639,97.5,100.0,5170,1891,7577,131,2,7347,0.025338491295938105,0.0010576414595452142,0.9696449782235713,0.2,0.4,0.9,0.7000000000000001,20.0,20.0,55.0,0.4,0.5,0.30000000000000004,0.30000000000000004,60.0,40.0,85.0,5625,3684,1941,5625,0.3450666666666667,0.8548190224087422,1.0,0.8548190224087422,1879,0.510043431053203,1.0,1
"iteration_1","SCOPE_DATA_COLLECTION",1300,2,190.0,250.0,2,7358,5483,1797,7406,5504,1796,3630,2668,852,3711,2824,945,0.5055169595422967,0.5142024763292061,0.5258764607679466,0.49117423430451784,1.0742732427001636,1.7447851922516155,0.9823484686090357,1.0742732427001636,1.1631901281677437,0.5151515151515151,0.679160419790105,0.7053990610328639,97.5,100.0,5170,1891,7577,131,2,7347,0.025338491295938105,0.0010576414595452142,0.9696449782235713,0.2,0.4,0.9,0.7000000000000001,20.0,20.0,55.0,0.4,0.5,0.30000000000000004,0.30000000000000004,60.0,40.0,85.0,1875,1191,684,1875,0.3648,1.3178256525242578,1.5,0.8785504350161718,588,0.49370277078085645,1.0,1
"iteration_1","SCOPE_DATA_COLLECTION",1300,3,250.0,310.0,0,7266,5625,1875,7358,5483,1797,4802,3674,1183,2490,1941,684,0.3414701042238069,0.3456812110418522,0.36636314943760045,0.45150997222148975,0.8511478179561126,1.320884026361736,0.9030199444429795,0.8511478179561126,0.8805893509078241,0.42378175760099956,0.5087098530212303,0.49619611158072696,97.5,100.0,5124,3924,5718,69,6,5040,0.013466042154566744,0.0015290519877675841,0.881427072402938,0.4,0.5,0.30000000000000004,0.30000000000000004,60.0,40.0,85.0,0.7000000000000001,0.6000000000000001,0.4,0.5,30.0,45.0,30.0,7384,7353,31,7384,0.004198266522210184,0.31780477637148014,0.5,0.6356095527429603,1983,0.2696858425132599,1.0,1
"iteration_1","SCOPE_DATA_COLLECTION",1300,3,250.0,310.0,1,7266,5625,1875,7358,5483,1797,4802,3674,1183,2490,1941,684,0.3414701042238069,0.3456812110418522,0.36636314943760045,0.45150997222148975,0.8511478179561126,1.320884026361736,0.9030199444429795,0.8511478179561126,0.8805893509078241,0.42378175760099956,0.5087098530212303,0.49619611158072696,97.5,100.0,5124,3924,5718,69,6,5040,0.013466042154566744,0.0015290519877675841,0.881427072402938,0.4,0.5,0.30000000000000004,0.30000000000000004,60.0,40.0,85.0,0.7000000000000001,0.6000000000000001,0.4,0.5,30.0,45.0,30.0,5567,5512,55,5567,0.009879647925273936,0.6441206982233523,1.0,0.6441206982233523,1851,0.33581277213352684,1.0,1
"iteration_1","SCOPE_DATA_COLLECTION",1300,3,250.0,310.0,2,7266,5625,1875,7358,5483,1797,4802,3674,1183,2490,1941,684,0.3414701042238069,0.3456812110418522,0.36636314943760045,0.45150997222148975,0.8511478179561126,1.320884026361736,0.9030199444429795,0.8511478179561126,0.8805893509078241,0.42378175760099956,0.5087098530212303,0.49619611158072696,97.5,100.0,5124,3924,5718,69,6,5040,0.013466042154566744,0.0015290519877675841,0.881427072402938,0.4,0.5,0.30000000000000004,0.30000000000000004,60.0,40.0,85.0,0.7000000000000001,0.6000000000000001,0.4,0.5,30.0,45.0,30.0,1886,1843,43,1886,0.022799575821845174,1.0118697647961514,1.5,0.6745798431974342,618,0.33532284319045036,1.0,1
"iteration_1","SCOPE_DATA_COLLECTION",1300,4,310.0,370.0,0,7384,5567,1886,7266,5625,1875,7339,5502,1840,31,54,43,0.004206241519674355,0.009719222462203024,0.022835900159320233,0.31795971215699265,0.6445301812687929,1.0106599600370172,0.6359194243139853,0.6445301812687929,0.6737733066913448,0.26992778307671345,0.33696837513631406,0.3347826086956522,97.5,100.0,5099,6824,2914,84,5,39,0.016473818395763874,7.327080890973036E-4,0.013383665065202471,0.7000000000000001,0.6000000000000001,0.4,0.5,30.0,45.0,30.0,0.8500000000000001,0.8,0.9,0.9,95.0,35.0,70.0,7356,7321,35,7356,0.0047580206634040235,0.3251525079632828,0.5,0.6503050159265656,2020,0.2759185903565087,1.0,1
"iteration_1","SCOPE_DATA_COLLECTION",1300,4,310.0,370.0,1,7384,5567,1886,7266,5625,1875,7339,5502,1840,31,54,43,0.004206241519674355,0.009719222462203024,0.022835900159320233,0.31795971215699265,0.6445301812687929,1.0106599600370172,0.6359194243139853,0.6445301812687929,0.6737733066913448,0.26992778307671345,0.33696837513631406,0.3347826086956522,97.5,100.0,5099,6824,2914,84,5,39,0.016473818395763874,7.327080890973036E-4,0.013383665065202471,0.7000000000000001,0.6000000000000001,0.4,0.5,30.0,45.0,30.0,0.8500000000000001,0.8,0.9,0.9,95.0,35.0,70.0,5724,5658,66,5724,0.011530398322851153,0.6485115379465783,1.0,0.6485115379465783,1838,0.3248497702368328,1.0,1
"iteration_1","SCOPE_DATA_COLLECTION",1300,4,310.0,370.0,2,7384,5567,1886,7266,5625,1875,7339,5502,1840,31,54,43,0.004206241519674355,0.009719222462203024,0.022835900159320233,0.31795971215699265,0.6445301812687929,1.0106599600370172,0.6359194243139853,0.6445301812687929,0.6737733066913448,0.26992778307671345,0.33696837513631406,0.3347826086956522,97.5,100.0,5099,6824,2914,84,5,39,0.016473818395763874,7.327080890973036E-4,0.013383665065202471,0.7000000000000001,0.6000000000000001,0.4,0.5,30.0,45.0,30.0,0.8500000000000001,0.8,0.9,0.9,95.0,35.0,70.0,1921,1867,54,1921,0.028110359187922956,1.0333328241271076,1.5,0.6888885494180718,627,0.33583288698446706,1.0,1
"iteration_1","SCOPE_DATA_COLLECTION",1300,5,370.0,430.0,0,7356,5724,1921,7384,5567,1886,7315,5655,1869,35,67,54,0.004761904761904762,0.011709192590003496,0.028081123244929798,0.32476526293484625,0.6471800680971315,1.032900228979589,0.6495305258696925,0.6471800680971315,0.6886001526530593,0.27518796992481204,0.3230769230769231,0.33600856072766183,95.0,100.0,5200,8277,1524,143,13,0,0.0275,0.0015706173734444848,0.0,0.8500000000000001,0.8,0.9,0.9,95.0,35.0,70.0,0.75,0.8,0.5,0.5,85.0,50.0,75.0,7373,7356,17,7373,0.0023057100230571004,0.3169468575744973,0.5,0.6338937151489946,1980,0.26916802610114193,1.0,1
"iteration_1","SCOPE_DATA_COLLECTION",1300,5,370.0,430.0,1,7356,5724,1921,7384,5567,1886,7315,5655,1869,35,67,54,0.004761904761904762,0.011709192590003496,0.028081123244929798,0.32476526293484625,0.6471800680971315,1.032900228979589,0.6495305258696925,0.6471800680971315,0.6886001526530593,0.27518796992481204,0.3230769230769231,0.33600856072766183,95.0,100.0,5200,8277,1524,143,13,0,0.0275,0.0015706173734444848,0.0,0.8500000000000001,0.8,0.9,0.9,95.0,35.0,70.0,0.75,0.8,0.5,0.5,85.0,50.0,75.0,5609,5566,43,5609,0.007666250668568372,0.6354124909064133,1.0,0.6354124909064133,1825,0.32788357887172115,1.0,1
"iteration_1","SCOPE_DATA_COLLECTION",1300,5,370.0,430.0,2,7356,5724,1921,7384,5567,1886,7315,5655,1869,35,67,54,0.004761904761904762,0.011709192590003496,0.028081123244929798,0.32476526293484625,0.6471800680971315,1.032900228979589,0.6495305258696925,0.6471800680971315,0.6886001526530593,0.27518796992481204,0.3230769230769231,0.33600856072766183,95.0,100.0,5200,8277,1524,143,13,0,0.0275,0.0015706173734444848,0.0,0.8500000000000001,0.8,0.9,0.9,95.0,35.0,70.0,0.75,0.8,0.5,0.5,85.0,50.0,75.0,1860,1809,51,1860,0.027419354838709678,1.0039493684474812,1.5,0.6692995789649875,597,0.33001658374792703,1.0,1
"iteration_1","SCOPE_DATA_COLLECTION",1300,6,430.0,490.0,0,7373,5609,1860,7356,5724,1921,7360,5563,1816,17,43,51,0.0023044598075098277,0.007670353193007492,0.027316550615961437,0.3177476712773513,0.6363161955873732,1.008953038711205,0.6354953425547026,0.6363161955873732,0.6726353591408033,0.26942934782608696,0.32895919467913,0.33204845814977973,95.0,100.0,5139,7318,2385,106,5,0,0.020626581046896283,6.83246788740093E-4,0.0,0.75,0.8,0.5,0.5,85.0,50.0,75.0,0.75,0.7000000000000001,0.6000000000000001,0.6000000000000001,75.0,60.0,65.0,7391,7371,20,7391,0.002705993776214315,0.30619526739241404,0.5,0.6123905347848281,1945,0.2638719305385972,1.0,1
"iteration_1","SCOPE_DATA_COLLECTION",1300,6,430.0,490.0,1,7373,5609,1860,7356,5724,1921,7360,5563,1816,17,43,51,0.0023044598075098277,0.007670353193007492,0.027316550615961437,0.3177476712773513,0.6363161955873732,1.008953038711205,0.6354953425547026,0.6363161955873732,0.6726353591408033,0.26942934782608696,0.32895919467913,0.33204845814977973,95.0,100.0,5139,7318,2385,106,5,0,0.020626581046896283,6.83246788740093E-4,0.0,0.75,0.8,0.5,0.5,85.0,50.0,75.0,0.75,0.7000000000000001,0.6000000000000001,0.6000000000000001,75.0,60.0,65.0,5441,5387,54,5441,0.009924646204741776,0.6322142444509922,1.0,0.6322142444509922,1765,0.3276406162984964,1.0,1
"iteration_1","SCOPE_DATA_COLLECTION",1300,6,430.0,490.0,2,7373,5609,1860,7356,5724,1921,7360,5563,1816,17,43,51,0.0023044598075098277,0.007670353193007492,0.027316550615961437,0.3177476712773513,0.6363161955873732,1.008953038711205,0.6354953425547026,0.6363161955873732,0.6726353591408033,0.26942934782608696,0.32895919467913,0.33204845814977973,95.0,100.0,5139,7318,2385,106,5,0,0.020626581046896283,6.83246788740093E-4,0.0,0.75,0.8,0.5,0.5,85.0,50.0,75.0,0.75,0.7000000000000001,0.6000000000000001,0.6000000000000001,75.0,60.0,65.0,1864,1810,54,1864,0.028969957081545063,1.0463946810140017,1.5,0.6975964540093345,637,0.3519337016574586,1.0,1
"iteration_1","SCOPE_DATA_COLLECTION",1300,7,490.0,550.0,0,7391,5441,1864,7373,5609,1860,7366,5382,1800,20,54,54,0.0027078256160303275,0.009933774834437087,0.02912621359223301,0.30566055070822895,0.6304121565403144,1.0404779946291252,0.6113211014164579,0.6304121565403144,0.6936519964194168,0.26323649199022536,0.3264585655890004,0.35,100.0,100.0,5110,7199,2387,123,5,0,0.02407045009784736,6.945409084595083E-4,0.0,0.75,0.7000000000000001,0.6000000000000001,0.6000000000000001,75.0,60.0,65.0,0.65,0.7000000000000001,0.6000000000000001,0.5,75.0,50.0,55.0,7272,7175,97,7272,0.01333883388338834,0.3213622003942161,0.5,0.6427244007884322,1929,0.26885017421602786,1.0,1
"iteration_1","SCOPE_DATA_COLLECTION",1300,7,490.0,550.0,1,7391,5441,1864,7373,5609,1860,7366,5382,1800,20,54,54,0.0027078256160303275,0.009933774834437087,0.02912621359223301,0.30566055070822895,0.6304121565403144,1.0404779946291252,0.6113211014164579,0.6304121565403144,0.6936519964194168,0.26323649199022536,0.3264585655890004,0.35,100.0,100.0,5110,7199,2387,123,5,0,0.02407045009784736,6.945409084595083E-4,0.0,0.75,0.7000000000000001,0.6000000000000001,0.6000000000000001,75.0,60.0,65.0,0.65,0.7000000000000001,0.6000000000000001,0.5,75.0,50.0,55.0,5582,5478,104,5582,0.018631314940881404,0.6492430252169674,1.0,0.6492430252169674,1818,0.33187294633077763,1.0,1
"iteration_1","SCOPE_DATA_COLLECTION",1300,7,490.0,550.0,2,7391,5441,1864,7373,5609,1860,7366,5382,1800,20,54,54,0.0027078256160303275,0.009933774834437087,0.02912621359223301,0.30566055070822895,0.6304121565403144,1.0404779946291252,0.6113211014164579,0.6304121565403144,0.6936519964194168,0.26323649199022536,0.3264585655890004,0.35,100.0,100.0,5110,7199,2387,123,5,0,0.02407045009784736,6.945409084595083E-4,0.0,0.75,0.7000000000000001,0.6000000000000001,0.6000000000000001,75.0,60.0,65.0,0.65,0.7000000000000001,0.6000000000000001,0.5,75.0,50.0,55.0,1959,1877,82,1959,0.04185809086268504,1.0474790388953945,1.5,0.6983193592635963,645,0.3436334576451785,1.0,1
"iteration_1","SCOPE_DATA_COLLECTION",1300,8,550.0,610.0,0,7272,5582,1959,7391,5441,1864,7173,5488,1879,97,104,82,0.013342503438789547,0.01859799713876967,0.041815400305966345,0.3214016862646484,0.6500746756687436,1.052164104498975,0.6428033725292968,0.6500746756687436,0.70144273633265,0.2686463125609926,0.33145043731778423,0.34486428951569986,100.0,100.0,5127,6280,3406,136,7,140,0.026526233664911254,0.0011146496815286624,0.041103934233705224,0.65,0.7000000000000001,0.6000000000000001,0.5,75.0,50.0,55.0,0.35000000000000003,0.9,0.8,0.4,65.0,65.0,45.0,7307,4268,3039,7307,0.415902559189818,0.4501258580995891,0.5,0.9002517161991782,1938,0.45407685098406747,1.0,1
"iteration_1","SCOPE_DATA_COLLECTION",1300,8,550.0,610.0,1,7272,5582,1959,7391,5441,1864,7173,5488,1879,97,104,82,0.013342503438789547,0.01859799713876967,0.041815400305966345,0.3214016862646484,0.6500746756687436,1.052164104498975,0.6428033725292968,0.6500746756687436,0.70144273633265,0.2686463125609926,0.33145043731778423,0.34486428951569986,100.0,100.0,5127,6280,3406,136,7,140,0.026526233664911254,0.0011146496815286624,0.041103934233705224,0.65,0.7000000000000001,0.6000000000000001,0.5,75.0,50.0,55.0,0.35000000000000003,0.9,0.8,0.4,65.0,65.0,45.0,5549,3268,2281,5549,0.411065056766985,0.9397756051978421,1.0,0.9397756051978421,1825,0.5584455324357405,1.0,1
"iteration_1","SCOPE_DATA_COLLECTION",1300,8,550.0,610.0,2,7272,5582,1959,7391,5441,1864,7173,5488,1879,97,104,82,0.013342503438789547,0.01859799713876967,0.041815400305966345,0.3214016862646484,0.6500746756687436,1.052164104498975,0.6428033725292968,0.6500746756687436,0.70144273633265,0.2686463125609926,0.33145043731778423,0.34486428951569986,100.0,100.0,5127,6280,3406,136,7,140,0.026526233664911254,0.0011146496815286624,0.041103934233705224,0.65,0.7000000000000001,0.6000000000000001,0.5,75.0,50.0,55.0,0.35000000000000003,0.9,0.8,0.4,65.0,65.0,45.0,1900,1089,811,1900,0.4268421052631579,1.481558494183959,1.5,0.987705662789306,627,0.5757575757575758,1.0,1
"iteration_1","SCOPE_DATA_COLLECTION",1300,9,610.0,670.0,0,7307,5549,1900,7272,5582,1959,4277,3279,1093,3039,2281,811,0.41539092400218697,0.41025179856115107,0.4259453781512605,0.4495493861608497,0.9386235780730932,1.4688533192609887,0.8990987723216994,0.9386235780730932,0.9792355461739924,0.45475800794949733,0.5599268069533394,0.5699908508691675,100.0,100.0,5056,3441,6259,110,3,6018,0.021756329113924052,8.718395815170009E-4,0.961495446556958,0.35000000000000003,0.9,0.8,0.4,65.0,65.0,45.0,0.25,0.7000000000000001,0.30000000000000004,0.9,65.0,70.0,80.0,7208,3705,3503,7208,0.4859877913429523,0.4814892283528961,0.5,0.9629784567057922,1849,0.499055330634278,1.0,1
"iteration_1","SCOPE_DATA_COLLECTION",1300,9,610.0,670.0,1,7307,5549,1900,7272,5582,1959,4277,3279,1093,3039,2281,811,0.41539092400218697,0.41025179856115107,0.4259453781512605,0.4495493861608497,0.9386235780730932,1.4688533192609887,0.8990987723216994,0.9386235780730932,0.9792355461739924,0.45475800794949733,0.5599268069533394,0.5699908508691675,100.0,100.0,5056,3441,6259,110,3,6018,0.021756329113924052,8.718395815170009E-4,0.961495446556958,0.35000000000000003,0.9,0.8,0.4,65.0,65.0,45.0,0.25,0.7000000000000001,0.30000000000000004,0.9,65.0,70.0,80.0,5545,2787,2758,5545,0.49738503155996394,0.9977550685347498,1.0,0.9977550685347498,1783,0.6397560100466452,1.0,1
"iteration_1","SCOPE_DATA_COLLECTION",1300,9,610.0,670.0,2,7307,5549,1900,7272,5582,1959,4277,3279,1093,3039,2281,811,0.41539092400218697,0.41025179856115107,0.4259453781512605,0.4495493861608497,0.9386235780730932,1.4688533192609887,0.8990987723216994,0.9386235780730932,0.9792355461739924,0.45475800794949733,0.5599268069533394,0.5699908508691675,100.0,100.0,5056,3441,6259,110,3,6018,0.021756329113924052,8.718395815170009E-4,0.961495446556958,0.35000000000000003,0.9,0.8,0.4,65.0,65.0,45.0,0.25,0.7000000000000001,0.30000000000000004,0.9,65.0,70.0,80.0,1992,953,1039,1992,0.5215863453815262,1.6132993706758623,1.5,1.0755329137839083,619,0.6495278069254984,1.0,1
"iteration_1","SCOPE_DATA_COLLECTION",1300,10,670.0,730.0,0,7208,5545,1992,7307,5549,1900,3708,2795,954,3503,2758,1039,0.4857856053251976,0.4966684674950477,0.5213246362267938,0.4815016249188208,1.0020480144409705,1.618164344147248,0.9630032498376416,1.0020480144409705,1.0787762294314986,0.4989212513484358,0.6400715563506261,0.649895178197065,100.0,100.0,5058,2416,7271,86,1,7213,0.017002767892447607,4.139072847682119E-4,0.9920231054875533,0.25,0.7000000000000001,0.30000000000000004,0.9,65.0,70.0,80.0,0.25,0.6000000000000001,0.2,0.9,55.0,60.0,90.0,7332,3630,3702,7332,0.5049099836333879,0.4705562548224903,0.5,0.9411125096449806,1789,0.4928374655647383,1.0,1
"iteration_1","SCOPE_DATA_COLLECTION",1300,10,670.0,730.0,1,7208,5545,1992,7307,5549,1900,3708,2795,954,3503,2758,1039,0.4857856053251976,0.4966684674950477,0.5213246362267938,0.4815016249188208,1.0020480144409705,1.618164344147248,0.9630032498376416,1.0020480144409705,1.0787762294314986,0.4989212513484358,0.6400715563506261,0.649895178197065,100.0,100.0,5058,2416,7271,86,1,7213,0.017002767892447607,4.139072847682119E-4,0.9920231054875533,0.25,0.7000000000000001,0.30000000000000004,0.9,65.0,70.0,80.0,0.25,0.6000000000000001,0.2,0.9,55.0,60.0,90.0,5652,2819,2833,5652,0.501238499646143,0.955340247827378,1.0,0.955340247827378,1788,0.6342674707343029,1.0,1
"iteration_1","SCOPE_DATA_COLLECTION",1300,10,670.0,730.0,2,7208,5545,1992,7307,5549,1900,3708,2795,954,3503,2758,1039,0.4857856053251976,0.4966684674950477,0.5213246362267938,0.4815016249188208,1.0020480144409705,1.618164344147248,0.9630032498376416,1.0020480144409705,1.0787762294314986,0.4989212513484358,0.6400715563506261,0.649895178197065,100.0,100.0,5058,2416,7271,86,1,7213,0.017002767892447607,4.139072847682119E-4,0.9920231054875533,0.25,0.7000000000000001,0.30000000000000004,0.9,65.0,70.0,80.0,0.25,0.6000000000000001,0.2,0.9,55.0,60.0,90.0,1895,933,962,1895,0.5076517150395778,1.5941731432445305,1.5,1.0627820954963536,594,0.6366559485530546,1.0,1
"iteration_1","SCOPE_DATA_COLLECTION",1300,11,730.0,790.0,0,7332,5652,1895,7208,5545,1992,3632,2804,938,3702,2833,962,0.5047722934278702,0.5025722902252971,0.5063157894736842,0.47094640811877353,0.9541078717727262,1.5967212567273847,0.9418928162375471,0.9541078717727262,1.0644808378182564,0.49256607929515417,0.6326676176890157,0.6385927505330491,97.5,100.0,4990,2477,7412,81,4,7412,0.01623246492985972,0.0016148566814695195,1.0,0.25,0.6000000000000001,0.2,0.9,55.0,60.0,90.0,0.35000000000000003,0.7000000000000001,0.30000000000000004,0.8,45.0,50.0,80.0,7432,4278,3154,7432,0.42438105489773953,0.425151261998862,0.5,0.850302523997724,1808,0.42262739597942967,1.0,1
"iteration_1","SCOPE_DATA_COLLECTION",1300,11,730.0,790.0,1,7332,5652,1895,7208,5545,1992,3632,2804,938,3702,2833,962,0.5047722934278702,0.5025722902252971,0.5063157894736842,0.47094640811877353,0.9541078717727262,1.5967212567273847,0.9418928162375471,0.9541078717727262,1.0644808378182564,0.49256607929515417,0.6326676176890157,0.6385927505330491,97.5,100.0,4990,2477,7412,81,4,7412,0.01623246492985972,0.0016148566814695195,1.0,0.25,0.6000000000000001,0.2,0.9,55.0,60.0,90.0,0.35000000000000003,0.7000000000000001,0.30000000000000004,0.8,45.0,50.0,80.0,5553,3159,2394,5553,0.43111831442463533,0.8767908107905457,1.0,0.8767908107905457,1737,0.5498575498575499,1.0,1
"iteration_1","SCOPE_DATA_COLLECTION",1300,11,730.0,790.0,2,7332,5652,1895,7208,5545,1992,3632,2804,938,3702,2833,962,0.5047722934278702,0.5025722902252971,0.5063157894736842,0.47094640811877353,0.9541078717727262,1.5967212567273847,0.9418928162375471,0.9541078717727262,1.0644808378182564,0.49256607929515417,0.6326676176890157,0.6385927505330491,97.5,100.0,4990,2477,7412,81,4,7412,0.01623246492985972,0.0016148566814695195,1.0,0.25,0.6000000000000001,0.2,0.9,55.0,60.0,90.0,0.35000000000000003,0.7000000000000001,0.30000000000000004,0.8,45.0,50.0,80.0,1811,1023,788,1811,0.43511871893981224,1.4646422245203856,1.5,0.976428149680257,591,0.5777126099706745,1.0,1
"iteration_1","SCOPE_DATA_COLLECTION",1300,12,790.0,850.0,0,7432,5553,1811,7332,5652,1895,4283,3168,1027,3154,2394,788,0.4240957375285733,0.43042071197411,0.43415977961432506,0.42605607460504913,0.880094946807002,1.4671010459686658,0.8521121492100983,0.880094946807002,0.9780673639791105,0.4237683866448751,0.5514520202020202,0.5793573515092503,97.5,100.0,5017,3470,6309,80,2,6254,0.015945784333266894,5.763688760806917E-4,0.9912822951339356,0.35000000000000003,0.7000000000000001,0.30000000000000004,0.8,45.0,50.0,80.0,0.25,0.30000000000000004,0.2,0.4,95.0,60.0,55.0,7375,3784,3591,7375,0.48691525423728815,0.44680526690901085,0.5,0.8936105338180217,1746,0.46141649048625794,1.0,1
"iteration_1","SCOPE_DATA_COLLECTION",1300,12,790.0,850.0,1,7432,5553,1811,7332,5652,1895,4283,3168,1027,3154,2394,788,0.4240957375285733,0.43042071197411,0.43415977961432506,0.42605607460504913,0.880094946807002,1.4671010459686658,0.8521121492100983,0.880094946807002,0.9780673639791105,0.4237683866448751,0.5514520202020202,0.5793573515092503,97.5,100.0,5017,3470,6309,80,2,6254,0.015945784333266894,5.763688760806917E-4,0.9912822951339356,0.35000000000000003,0.7000000000000001,0.30000000000000004,0.8,45.0,50.0,80.0,0.25,0.30000000000000004,0.2,0.4,95.0,60.0,55.0,5503,2769,2734,5503,0.49681991640923134,0.9446927672176918,1.0,0.9446927672176918,1753,0.6330805344889852,1.0,1
"iteration_1","SCOPE_DATA_COLLECTION",1300,12,790.0,850.0,2,7432,5553,1811,7332,5652,1895,4283,3168,1027,3154,2394,788,0.4240957375285733,0.43042071197411,0.43415977961432506,0.42605607460504913,0.880094946807002,1.4671010459686658,0.8521121492100983,0.880094946807002,0.9780673639791105,0.4237683866448751,0.5514520202020202,0.5793573515092503,97.5,100.0,5017,3470,6309,80,2,6254,0.015945784333266894,5.763688760806917E-4,0.9912822951339356,0.35000000000000003,0.7000000000000001,0.30000000000000004,0.8,45.0,50.0,80.0,0.25,0.30000000000000004,0.2,0.4,95.0,60.0,55.0,1878,893,985,1878,0.5244941427050053,1.6177555114996638,1.5,1.0785036743331091,600,0.671892497200448,1.0,1
"iteration_1","SCOPE_DATA_COLLECTION",1300,13,850.0,910.0,0,7375,5503,1878,7432,5553,1811,3770,2780,887,3591,2734,985,0.4878413259068061,0.49582879941965907,0.5261752136752137,0.44728674190756135,0.9461366307981686,1.6171142854311262,0.8945734838151227,0.9461366307981686,1.0780761902874174,0.4625994694960212,0.6345323741007194,0.6696730552423901,100.0,100.0,5103,2403,7250,58,2,7250,0.01136586321771507,8.322929671244278E-4,1.0,0.25,0.30000000000000004,0.2,0.4,95.0,60.0,55.0,0.25,0.2,0.30000000000000004,0.30000000000000004,95.0,50.0,65.0,7279,3579,3700,7279,0.5083115812611623,0.43904818110583266,0.5,0.8780963622116653,1632,0.4559932942162615,1.0,1
"iteration_1","SCOPE_DATA_COLLECTION",1300,13,850.0,910.0,1,7375,5503,1878,7432,5553,1811,3770,2780,887,3591,2734,985,0.4878413259068061,0.49582879941965907,0.5261752136752137,0.44728674190756135,0.9461366307981686,1.6171142854311262,0.8945734838151227,0.9461366307981686,1.0780761902874174,0.4625994694960212,0.6345323741007194,0.6696730552423901,100.0,100.0,5103,2403,7250,58,2,7250,0.01136586321771507,8.322929671244278E-4,1.0,0.25,0.30000000000000004,0.2,0.4,95.0,60.0,55.0,0.25,0.2,0.30000000000000004,0.30000000000000004,95.0,50.0,65.0,5608,2822,2786,5608,0.49679029957203996,1.0019353116872354,1.0,1.0019353116872354,1851,0.6559177888022679,1.0,1
"iteration_1","SCOPE_DATA_COLLECTION",1300,13,850.0,910.0,2,7375,5503,1878,7432,5553,1811,3770,2780,887,3591,2734,985,0.4878413259068061,0.49582879941965907,0.5261752136752137,0.44728674190756135,0.9461366307981686,1.6171142854311262,0.8945734838151227,0.9461366307981686,1.0780761902874174,0.4625994694960212,0.6345323741007194,0.6696730552423901,100.0,100.0,5103,2403,7250,58,2,7250,0.01136586321771507,8.322929671244278E-4,1.0,0.25,0.30000000000000004,0.2,0.4,95.0,60.0,55.0,0.25,0.2,0.30000000000000004,0.30000000000000004,95.0,50.0,65.0,1881,924,957,1881,0.5087719298245614,1.6357896710761428,1.5,1.0905264473840952,621,0.672077922077922,1.0,1
"iteration_1","SCOPE_DATA_COLLECTION",1300,14,910.0,970.0,0,7279,5608,1881,7375,5503,1878,3592,2803,922,3699,2786,957,0.5073378137429708,0.4984791554839864,0.5093134646088345,0.4383376769857603,0.9965964165438275,1.6278392375997461,0.8766753539715206,0.9965964165438275,1.0852261583998308,0.45462138084632514,0.6539422047805922,0.6702819956616052,97.5,100.0,5021,2366,7381,61,0,7381,0.012148974307906792,0.0,1.0,0.25,0.2,0.30000000000000004,0.30000000000000004,95.0,50.0,65.0,0.25,0.9,0.4,0.7000000000000001,30.0,65.0,70.0,7257,3655,3602,7257,0.4963483533140416,0.4916311181981528,0.5,0.9832622363963056,1921,0.5255813953488372,1.0,1
"iteration_1","SCOPE_DATA_COLLECTION",1300,14,910.0,970.0,1,7279,5608,1881,7375,5503,1878,3592,2803,922,3699,2786,957,0.5073378137429708,0.4984791554839864,0.5093134646088345,0.4383376769857603,0.9965964165438275,1.6278392375997461,0.8766753539715206,0.9965964165438275,1.0852261583998308,0.45462138084632514,0.6539422047805922,0.6702819956616052,97.5,100.0,5021,2366,7381,61,0,7381,0.012148974307906792,0.0,1.0,0.25,0.2,0.30000000000000004,0.30000000000000004,95.0,50.0,65.0,0.25,0.9,0.4,0.7000000000000001,30.0,65.0,70.0,5612,2804,2808,5612,0.5003563791874555,1.011754363831757,1.0,1.011754363831757,1765,0.6294579172610556,1.0,1
"iteration_1","SCOPE_DATA_COLLECTION",1300,14,910.0,970.0,2,7279,5608,1881,7375,5503,1878,3592,2803,922,3699,2786,957,0.5073378137429708,0.4984791554839864,0.5093134646088345,0.4383376769857603,0.9965964165438275,1.6278392375997461,0.8766753539715206,0.9965964165438275,1.0852261583998308,0.45462138084632514,0.6539422047805922,0.6702819956616052,97.5,100.0,5021,2366,7381,61,0,7381,0.012148974307906792,0.0,1.0,0.25,0.2,0.30000000000000004,0.30000000000000004,95.0,50.0,65.0,0.25,0.9,0.4,0.7000000000000001,30.0,65.0,70.0,1926,950,976,1926,0.5067497403946002,1.689030328316557,1.5,1.1260202188777046,645,0.6789473684210526,1.0,1
"iteration_1","SCOPE_DATA_COLLECTION",1300,15,970.0,1030.0,0,7257,5612,1926,7279,5608,1881,3646,2810,954,3603,2808,976,0.49703407366533314,0.49982200071199717,0.505699481865285,0.4910057897047718,1.010594291274793,1.6936798709173475,0.9820115794095436,1.010594291274793,1.1291199139448984,0.523861766319254,0.6284697508896797,0.6802935010482181,100.0,100.0,5063,2464,7268,117,2,7268,0.023108828757653566,8.116883116883117E-4,1.0,0.25,0.9,0.4,0.7000000000000001,30.0,65.0,70.0,0.15000000000000002,0.9,0.5,0.7000000000000001,40.0,55.0,60.0,7471,3276,4195,7471,0.5615044840048187,0.5515639902505666,0.5,1.1031279805011331,1959,0.597985347985348,1.0,1
"iteration_1","SCOPE_DATA_COLLECTION",1300,15,970.0,1030.0,1,7257,5612,1926,7279,5608,1881,3646,2810,954,3603,2808,976,0.49703407366533314,0.49982200071199717,0.505699481865285,0.4910057897047718,1.010594291274793,1.6936798709173475,0.9820115794095436,1.010594291274793,1.1291199139448984,0.523861766319254,0.6284697508896797,0.6802935010482181,100.0,100.0,5063,2464,7268,117,2,7268,0.023108828757653566,8.116883116883117E-4,1.0,0.25,0.9,0.4,0.7000000000000001,30.0,65.0,70.0,0.15000000000000002,0.9,0.5,0.7000000000000001,40.0,55.0,60.0,5478,2410,3068,5478,0.5600584154801023,1.1504959741173257,1.0,1.1504959741173257,1792,0.7435684647302905,1.0,1
"iteration_1","SCOPE_DATA_COLLECTION",1300,15,970.0,1030.0,2,7257,5612,1926,7279,5608,1881,3646,2810,954,3603,2808,976,0.49703407366533314,0.49982200071199717,0.505699481865285,0.4910057897047718,1.010594291274793,1.6936798709173475,0.9820115794095436,1.010594291274793,1.1291199139448984,0.523861766319254,0.6284697508896797,0.6802935010482181,100.0,100.0,5063,2464,7268,117,2,7268,0.023108828757653566,8.116883116883117E-4,1.0,0.25,0.9,0.4,0.7000000000000001,30.0,65.0,70.0,0.15000000000000002,0.9,0.5,0.7000000000000001,40.0,55.0,60.0,1894,800,1094,1894,0.5776135163674763,1.850152330651111,1.5,1.2334348871007406,610,0.7625,1.0,1
"iteration_1","SCOPE_DATA_COLLECTION",1300,16,1030.0,1090.0,0,7471,5478,1894,7257,5612,1926,3277,2406,804,4195,3068,1094,0.5614293361884368,0.5604676653270003,0.5763962065331928,0.5502263916193577,1.1488008232374831,1.8575745979977583,1.1004527832387154,1.1488008232374831,1.2383830653318388,0.5978028684772658,0.7427265170407316,0.7674129353233831,100.0,100.0,5093,1503,8247,110,0,8247,0.02159827213822894,0.0,1.0,0.15000000000000002,0.9,0.5,0.7000000000000001,40.0,55.0,60.0,0.45,0.9,0.8,0.4,55.0,25.0,80.0,7389,5401,1988,7389,0.26904858573555285,0.42003150738544526,0.5,0.8400630147708905,2075,0.3841881133123496,1.0,1
"iteration_1","SCOPE_DATA_COLLECTION",1300,16,1030.0,1090.0,1,7471,5478,1894,7257,5612,1926,3277,2406,804,4195,3068,1094,0.5614293361884368,0.5604676653270003,0.5763962065331928,0.5502263916193577,1.1488008232374831,1.8575745979977583,1.1004527832387154,1.1488008232374831,1.2383830653318388,0.5978028684772658,0.7427265170407316,0.7674129353233831,100.0,100.0,5093,1503,8247,110,0,8247,0.02159827213822894,0.0,1.0,0.15000000000000002,0.9,0.5,0.7000000000000001,40.0,55.0,60.0,0.45,0.9,0.8,0.4,55.0,25.0,80.0,5629,4043,1586,5629,0.2817551963048499,0.8305123978003136,1.0,0.8305123978003136,1873,0.46326984912193914,1.0,1
"iteration_1","SCOPE_DATA_COLLECTION",1300,16,1030.0,1090.0,2,7471,5478,1894,7257,5612,1926,3277,2406,804,4195,3068,1094,0.5614293361884368,0.5604676653270003,0.5763962065331928,0.5502263916193577,1.1488008232374831,1.8575745979977583,1.1004527832387154,1.1488008232374831,1.2383830653318388,0.5978028684772658,0.7427265170407316,0.7674129353233831,100.0,100.0,5093,1503,8247,110,0,8247,0.02159827213822894,0.0,1.0,0.15000000000000002,0.9,0.5,0.7000000000000001,40.0,55.0,60.0,0.45,0.9,0.8,0.4,55.0,25.0,80.0,1890,1337,553,1890,0.29259259259259257,1.2628646475250813,1.5,0.8419097650167209,608,0.45474943904263276,1.0,1
"iteration_1","SCOPE_DATA_COLLECTION",1300,17,1090.0,1150.0,0,7389,5629,1890,7471,5478,1894,5378,4034,1333,1988,1586,553,0.2698886777083899,0.28220640569395017,0.2932131495227996,0.41953627181179837,0.8336432831507831,1.2659045732682375,0.8390725436235967,0.8336432831507831,0.8439363821788249,0.38508739308293044,0.46554288547347544,0.4553638409602401,100.0,100.0,5134,4472,5302,107,3,4017,0.020841449162446436,6.708407871198568E-4,0.7576386269332327,0.45,0.9,0.8,0.4,55.0,25.0,80.0,0.25,0.7000000000000001,0.4,0.1,95.0,20.0,95.0,7264,3677,3587,7264,0.49380506607929514,0.4946739158055551,0.5,0.9893478316111102,1931,0.5251563774816427,1.0,1
"iteration_1","SCOPE_DATA_COLLECTION",1300,17,1090.0,1150.0,1,7389,5629,1890,7471,5478,1894,5378,4034,1333,1988,1586,553,0.2698886777083899,0.28220640569395017,0.2932131495227996,0.41953627181179837,0.8336432831507831,1.2659045732682375,0.8390725436235967,0.8336432831507831,0.8439363821788249,0.38508739308293044,0.46554288547347544,0.4553638409602401,100.0,100.0,5134,4472,5302,107,3,4017,0.020841449162446436,6.708407871198568E-4,0.7576386269332327,0.45,0.9,0.8,0.4,55.0,25.0,80.0,0.25,0.7000000000000001,0.4,0.1,95.0,20.0,95.0,5735,2902,2833,5735,0.4939843068875327,1.0205360115327202,1.0,1.0205360115327202,1903,0.6557546519641626,1.0,1
"iteration_1","SCOPE_DATA_COLLECTION",1300,17,1090.0,1150.0,2,7389,5629,1890,7471,5478,1894,5378,4034,1333,1988,1586,553,0.2698886777083899,0.28220640569395017,0.2932131495227996,0.41953627181179837,0.8336432831507831,1.2659045732682375,0.8390725436235967,0.8336432831507831,0.8439363821788249,0.38508739308293044,0.46554288547347544,0.4553638409602401,100.0,100.0,5134,4472,5302,107,3,4017,0.020841449162446436,6.708407871198568E-4,0.7576386269332327,0.45,0.9,0.8,0.4,55.0,25.0,80.0,0.25,0.7000000000000001,0.4,0.1,95.0,20.0,95.0,1800,835,965,1800,0.5361111111111111,1.5464090269438302,1.5,1.0309393512958869,548,0.6562874251497006,1.0,1
"iteration_1","SCOPE_DATA_COLLECTION",1300,18,1150.0,1210.0,0,7264,5735,1800,7389,5629,1890,3698,2910,844,3587,2833,965,0.49238160603980785,0.49329618666202335,0.5334438916528469,0.4958371450322334,1.0188963052117954,1.5442432243243542,0.9916742900644668,1.0188963052117954,1.0294954828829028,0.5224445646295295,0.6536082474226804,0.6540284360189573,97.5,100.0,5098,2361,7340,44,1,7340,0.008630835621812475,4.2354934349851756E-4,1.0,0.25,0.7000000000000001,0.4,0.1,95.0,20.0,95.0,0.25,0.7000000000000001,0.4,0.1,95.0,20.0,95.0,7276,3652,3624,7276,0.49807586586036284,0.48815410742343757,0.5,0.9763082148468751,1877,0.5139649507119387,1.0,1
"iteration_1","SCOPE_DATA_COLLECTION",1300,18,1150.0,1210.0,1,7264,5735,1800,7389,5629,1890,3698,2910,844,3587,2833,965,0.49238160603980785,0.49329618666202335,0.5334438916528469,0.4958371450322334,1.0188963052117954,1.5442432243243542,0.9916742900644668,1.0188963052117954,1.0294954828829028,0.5224445646295295,0.6536082474226804,0.6540284360189573,97.5,100.0,5098,2361,7340,44,1,7340,0.008630835621812475,4.2354934349851756E-4,1.0,0.25,0.7000000000000001,0.4,0.1,95.0,20.0,95.0,0.25,0.7000000000000001,0.4,0.1,95.0,20.0,95.0,5514,2699,2815,5514,0.5105186797243381,1.0187223876858331,1.0,1.0187223876858331,1742,0.6454242311967395,1.0,1
"iteration_1","SCOPE_DATA_COLLECTION",1300,18,1150.0,1210.0,2,7264,5735,1800,7389,5629,1890,3698,2910,844,3587,2833,965,0.49238160603980785,0.49329618666202335,0.5334438916528469,0.4958371450322334,1.0188963052117954,1.5442432243243542,0.9916742900644668,1.0188963052117954,1.0294954828829028,0.5224445646295295,0.6536082474226804,0.6540284360189573,97.5,100.0,5098,2361,7340,44,1,7340,0.008630835621812475,4.2354934349851756E-4,1.0,0.25,0.7000000000000001,0.4,0.1,95.0,20.0,95.0,0.25,0.7000000000000001,0.4,0.1,95.0,20.0,95.0,1844,917,927,1844,0.5027114967462039,1.6024309668832954,1.5,1.0682873112555302,628,0.6848418756815703,1.0,1
"iteration_1","SCOPE_DATA_COLLECTION",1300,19,1210.0,1270.0,0,7276,5514,1844,7264,5735,1800,3667,2708,903,3624,2815,927,0.4970511589631052,0.5096867644396161,0.5065573770491804,0.48882227305098497,1.0191683287047675,1.5971418751475506,0.9776445461019699,1.0191683287047675,1.064761250098367,0.5162257976547586,0.6462333825701625,0.6832779623477298,97.5,100.0,4969,2348,7317,47,2,7317,0.00945864359025961,8.517887563884157E-4,1.0,0.25,0.7000000000000001,0.4,0.1,95.0,20.0,95.0,0.25,0.7000000000000001,0.4,0.1,95.0,20.0,95.0,7437,3730,3707,7437,0.4984536775581552,0.4938508849436024,0.5,0.9877017698872048,1943,0.5209115281501341,1.0,1
"iteration_1","SCOPE_DATA_COLLECTION",1300,19,1210.0,1270.0,1,7276,5514,1844,7264,5735,1800,3667,2708,903,3624,2815,927,0.4970511589631052,0.5096867644396161,0.5065573770491804,0.48882227305098497,1.0191683287047675,1.5971418751475506,0.9776445461019699,1.0191683287047675,1.064761250098367,0.5162257976547586,0.6462333825701625,0.6832779623477298,97.5,100.0,4969,2348,7317,47,2,7317,0.00945864359025961,8.517887563884157E-4,1.0,0.25,0.7000000000000001,0.4,0.1,95.0,20.0,95.0,0.25,0.7000000000000001,0.4,0.1,95.0,20.0,95.0,5621,2801,2820,5621,0.5016900907311866,1.045877018544488,1.0,1.045877018544488,1838,0.6561942163513032,1.0,1
"iteration_1","SCOPE_DATA_COLLECTION",1300,19,1210.0,1270.0,2,7276,5514,1844,7264,5735,1800,3667,2708,903,3624,2815,927,0.4970511589631052,0.5096867644396161,0.5065573770491804,0.48882227305098497,1.0191683287047675,1.5971418751475506,0.9776445461019699,1.0191683287047675,1.064761250098367,0.5162257976547586,0.6462333825701625,0.6832779623477298,97.5,100.0,4969,2348,7317,47,2,7317,0.00945864359025961,8.517887563884157E-4,1.0,0.25,0.7000000000000001,0.4,0.1,95.0,20.0,95.0,0.25,0.7000000000000001,0.4,0.1,95.0,20.0,95.0,1850,884,966,1850,0.5221621621621622,1.6009417191088102,1.5,1.0672944794058734,597,0.6753393665158371,1.0,1
"iteration_1","SCOPE_DATA_COLLECTION",1300,20,1270.0,1330.0,0,7437,5621,1850,7276,5514,1844,3704,2790,901,3707,2820,966,0.50020240183511,0.5026737967914439,0.5174076057846813,0.4928495656398406,1.045748807482277,1.601474087838125,0.9856991312796812,1.045748807482277,1.0676493918920833,0.5178185745140389,0.6548387096774193,0.6759156492785794,97.5,100.0,5065,2398,7445,46,2,7445,0.009081934846989142,8.340283569641367E-4,1.0,0.25,0.7000000000000001,0.4,0.1,95.0,20.0,95.0,0.8500000000000001,0.7000000000000001,0.5,0.30000000000000004,25.0,60.0,80.0,7448,7417,31,7448,0.00416219119226638,0.3110427965187021,0.5,0.6220855930374042,1953,0.26331400835917484,1.0,1
"iteration_1","SCOPE_DATA_COLLECTION",1300,20,1270.0,1330.0,1,7437,5621,1850,7276,5514,1844,3704,2790,901,3707,2820,966,0.50020240183511,0.5026737967914439,0.5174076057846813,0.4928495656398406,1.045748807482277,1.601474087838125,0.9856991312796812,1.045748807482277,1.0676493918920833,0.5178185745140389,0.6548387096774193,0.6759156492785794,97.5,100.0,5065,2398,7445,46,2,7445,0.009081934846989142,8.340283569641367E-4,1.0,0.25,0.7000000000000001,0.4,0.1,95.0,20.0,95.0,0.8500000000000001,0.7000000000000001,0.5,0.30000000000000004,25.0,60.0,80.0,5619,5588,31,5619,0.005516995906744973,0.6363712065662126,1.0,0.6363712065662126,1891,0.33840372226199,1.0,1
"iteration_1","SCOPE_DATA_COLLECTION",1300,20,1270.0,1330.0,2,7437,5621,1850,7276,5514,1844,3704,2790,901,3707,2820,966,0.50020240183511,0.5026737967914439,0.5174076057846813,0.4928495656398406,1.045748807482277,1.601474087838125,0.9856991312796812,1.045748807482277,1.0676493918920833,0.5178185745140389,0.6548387096774193,0.6759156492785794,97.5,100.0,5065,2398,7445,46,2,7445,0.009081934846989142,8.340283569641367E-4,1.0,0.25,0.7000000000000001,0.4,0.1,95.0,20.0,95.0,0.8500000000000001,0.7000000000000001,0.5,0.30000000000000004,25.0,60.0,80.0,1821,1777,44,1821,0.02416254805052169,0.9864864256653633,1.5,0.6576576171102422,578,0.325267304445695,1.0,1
"iteration_1","SCOPE_DATA_COLLECTION",1300,21,1330.0,1390.0,0,7448,5619,1821,7437,5621,1850,7433,5594,1763,31,31,44,0.004153269024651661,0.005511111111111111,0.024349750968456003,0.31227642016846796,0.6394304609943507,0.9806223956502691,0.6245528403369359,0.6394304609943507,0.653748263766846,0.26597605273779096,0.34054343939935644,0.3227453204764606,97.5,100.0,5171,8222,1495,89,8,9,0.01721137110810288,9.729992702505473E-4,0.006020066889632107,0.8500000000000001,0.7000000000000001,0.5,0.30000000000000004,25.0,60.0,80.0,0.35000000000000003,0.8,0.1,0.1,80.0,95.0,65.0,7356,4273,3083,7356,0.4191136487221316,0.4321984899465791,0.5,0.8643969798931582,1889,0.44207816522349636,1.0,1
"iteration_1","SCOPE_DATA_COLLECTION",1300,21,1330.0,1390.0,1,7448,5619,1821,7437,5621,1850,7433,5594,1763,31,31,44,0.004153269024651661,0.005511111111111111,0.024349750968456003,0.31227642016846796,0.6394304609943507,0.9806223956502691,0.6245528403369359,0.6394304609943507,0.653748263766846,0.26597605273779096,0.34054343939935644,0.3227453204764606,97.5,100.0,5171,8222,1495,89,8,9,0.01721137110810288,9.729992702505473E-4,0.006020066889632107,0.8500000000000001,0.7000000000000001,0.5,0.30000000000000004,25.0,60.0,80.0,0.35000000000000003,0.8,0.1,0.1,80.0,95.0,65.0,5591,3262,2329,5591,0.41656233231979967,0.8220698163830272,1.0,0.8220698163830272,1784,0.5469037400367872,1.0,1
"iteration_1","SCOPE_DATA_COLLECTION",1300,21,1330.0,1390.0,2,7448,5619,1821,7437,5621,1850,7433,5594,1763,31,31,44,0.004153269024651661,0.005511111111111111,0.024349750968456003,0.31227642016846796,0.6394304609943507,0.9806223956502691,0.6245528403369359,0.6394304609943507,0.653748263766846,0.26597605273779096,0.34054343939935644,0.3227453204764606,97.5,100.0,5171,8222,1495,89,8,9,0.01721137110810288,9.729992702505473E-4,0.006020066889632107,0.8500000000000001,0.7000000000000001,0.5,0.30000000000000004,25.0,60.0,80.0,0.35000000000000003,0.8,0.1,0.1,80.0,95.0,65.0,1819,1048,771,1819,0.4238592633315008,1.4128990463079092,1.5,0.9419326975386061,607,0.5791984732824428,1.0,1
"iteration_1","SCOPE_DATA_COLLECTION",1300,22,1390.0,1450.0,0,7356,5591,1819,7448,5619,1821,4260,3258,1044,3083,2329,771,0.4198556448318126,0.41686056917845,0.42479338842975206,0.42955055516283763,0.8220785343543907,1.4148847456182485,0.8591011103256753,0.8220785343543907,0.9432564970788323,0.43779342723004694,0.5466543891958257,0.578544061302682,100.0,100.0,4967,3476,6323,16,5,6162,0.0032212603180994566,0.0014384349827387803,0.974537403131425,0.35000000000000003,0.8,0.1,0.1,80.0,95.0,65.0,0.35000000000000003,0.7000000000000001,0.2,0.1,80.0,95.0,55.0,7383,4193,3190,7383,0.4320736827847758,0.4378582331373634,0.5,0.8757164662747268,1905,0.4543286429763892,1.0,1
"iteration_1","SCOPE_DATA_COLLECTION",1300,22,1390.0,1450.0,1,7356,5591,1819,7448,5619,1821,4260,3258,1044,3083,2329,771,0.4198556448318126,0.41686056917845,0.42479338842975206,0.42955055516283763,0.8220785343543907,1.4148847456182485,0.8591011103256753,0.8220785343543907,0.9432564970788323,0.43779342723004694,0.5466543891958257,0.578544061302682,100.0,100.0,4967,3476,6323,16,5,6162,0.0032212603180994566,0.0014384349827387803,0.974537403131425,0.35000000000000003,0.8,0.1,0.1,80.0,95.0,65.0,0.35000000000000003,0.7000000000000001,0.2,0.1,80.0,95.0,55.0,5549,3088,2461,5549,0.4435033339340422,0.8528590872157962,1.0,0.8528590872157962,1700,0.5505181347150259,1.0,1
"iteration_1","SCOPE_DATA_COLLECTION",1300,22,1390.0,1450.0,2,7356,5591,1819,7448,5619,1821,4260,3258,1044,3083,2329,771,0.4198556448318126,0.41686056917845,0.42479338842975206,0.42955055516283763,0.8220785343543907,1.4148847456182485,0.8591011103256753,0.8220785343543907,0.9432564970788323,0.43779342723004694,0.5466543891958257,0.578544061302682,100.0,100.0,4967,3476,6323,16,5,6162,0.0032212603180994566,0.0014384349827387803,0.974537403131425,0.35000000000000003,0.8,0.1,0.1,80.0,95.0,65.0,0.35000000000000003,0.7000000000000001,0.2,0.1,80.0,95.0,55.0,1819,1028,791,1819,0.4348543155579989,1.428303067023122,1.5,0.9522020446820814,601,0.5846303501945526,1.0,1
"iteration_1","SCOPE_DATA_COLLECTION",1300,23,1450.0,1510.0,0,7383,5549,1819,7356,5591,1819,4207,3093,1033,3190,2461,791,0.43125591455995677,0.443104069139359,0.4336622807017544,0.43926560081888294,0.8500753029502494,1.4241671409371761,0.8785312016377659,0.8500753029502494,0.9494447606247841,0.4568576182552888,0.5493048819915939,0.5818005808325266,100.0,100.0,4908,3370,6473,20,0,6422,0.004074979625101874,0.0,0.9921211184921984,0.35000000000000003,0.7000000000000001,0.2,0.1,80.0,95.0,55.0,0.45,0.8,0.30000000000000004,0.2,80.0,95.0,55.0,7275,5294,1981,7275,0.2723024054982818,0.44250648284260025,0.5,0.8850129656852005,2171,0.410086890819796,1.0,1
"iteration_1","SCOPE_DATA_COLLECTION",1300,23,1450.0,1510.0,1,7383,5549,1819,7356,5591,1819,4207,3093,1033,3190,2461,791,0.43125591455995677,0.443104069139359,0.4336622807017544,0.43926560081888294,0.8500753029502494,1.4241671409371761,0.8785312016377659,0.8500753029502494,0.9494447606247841,0.4568576182552888,0.5493048819915939,0.5818005808325266,100.0,100.0,4908,3370,6473,20,0,6422,0.004074979625101874,0.0,0.9921211184921984,0.35000000000000003,0.7000000000000001,0.2,0.1,80.0,95.0,55.0,0.45,0.8,0.30000000000000004,0.2,80.0,95.0,55.0,5567,4006,1561,5567,0.2804023711155021,0.8259674334931989,1.0,0.8259674334931989,1907,0.4760359460808787,1.0,1
"iteration_1","SCOPE_DATA_COLLECTION",1300,23,1450.0,1510.0,2,7383,5549,1819,7356,5591,1819,4207,3093,1033,3190,2461,791,0.43125591455995677,0.443104069139359,0.4336622807017544,0.43926560081888294,0.8500753029502494,1.4241671409371761,0.8785312016377659,0.8500753029502494,0.9494447606247841,0.4568576182552888,0.5493048819915939,0.5818005808325266,100.0,100.0,4908,3370,6473,20,0,6422,0.004074979625101874,0.0,0.9921211184921984,0.35000000000000003,0.7000000000000001,0.2,0.1,80.0,95.0,55.0,0.45,0.8,0.30000000000000004,0.2,80.0,95.0,55.0,1885,1316,569,1885,0.30185676392572947,1.2662463630055054,1.5,0.8441642420036702,623,0.4734042553191489,1.0,1
"iteration_1","SCOPE_DATA_COLLECTION",1300,24,1510.0,1570.0,0,7275,5567,1885,7383,5549,1819,5289,3994,1305,1981,1561,569,0.2724896836313618,0.281008100810081,0.30362860192102453,0.4404717654429598,0.8231392173810185,1.2618819825381613,0.8809435308859196,0.8231392173810185,0.8412546550254408,0.4095292115711855,0.4749624436654982,0.4697318007662835,100.0,100.0,5021,4317,5389,44,5,4062,0.00876319458275244,0.0011582117211026176,0.7537576544813509,0.45,0.8,0.30000000000000004,0.2,80.0,95.0,55.0,0.45,0.7000000000000001,0.2,0.2,80.0,95.0,55.0,7411,5185,2226,7411,0.30036432330319796,0.4129765764974108,0.5,0.8259531529948216,2042,0.39382835101253616,1.0,1
"iteration_1","SCOPE_DATA_COLLECTION",1300,24,1510.0,1570.0,1,7275,5567,1885,7383,5549,1819,5289,3994,1305,1981,1561,569,0.2724896836313618,0.281008100810081,0.30362860192102453,0.4404717654429598,0.8231392173810185,1.2618819825381613,0.8809435308859196,0.8231392173810185,0.8412546550254408,0.4095292115711855,0.4749624436654982,0.4697318007662835,100.0,100.0,5021,4317,5389,44,5,4062,0.00876319458275244,0.0011582117211026176,0.7537576544813509,0.45,0.8,0.30000000000000004,0.2,80.0,95.0,55.0,0.45,0.7000000000000001,0.2,0.2,80.0,95.0,55.0,5567,3900,1667,5567,0.2994431471169391,0.801517307373828,1.0,0.801517307373828,1833,0.47,1.0,1
"iteration_1","SCOPE_DATA_COLLECTION",1300,24,1510.0,1570.0,2,7275,5567,1885,7383,5549,1819,5289,3994,1305,1981,1561,569,0.2724896836313618,0.281008100810081,0.30362860192102453,0.4404717654429598,0.8231392173810185,1.2618819825381613,0.8809435308859196,0.8231392173810185,0.8412546550254408,0.4095292115711855,0.4749624436654982,0.4697318007662835,100.0,100.0,5021,4317,5389,44,5,4062,0.00876319458275244,0.0011582117211026176,0.7537576544813509,0.45,0.8,0.30000000000000004,0.2,80.0,95.0,55.0,0.45,0.7000000000000001,0.2,0.2,80.0,95.0,55.0,1897,1290,607,1897,0.319978914074855,1.2893554027667127,1.5,0.8595702685111418,620,0.4806201550387597,1.0,1
"iteration_1","SCOPE_DATA_COLLECTION",1300,25,1570.0,1630.0,0,7411,5567,1897,7275,5567,1885,5199,3919,1296,2226,1667,607,0.2997979797979798,0.29842463301109917,0.31897004729374673,0.41680999427994564,0.8045232037973161,1.296206067720489,0.8336199885598913,0.8045232037973161,0.864137378480326,0.39623004423927677,0.47078336310283236,0.4861111111111111,97.5,100.0,5050,4403,5422,60,3,4437,0.011881188118811881,6.813536225300931E-4,0.8183327185540391,0.45,0.7000000000000001,0.2,0.2,80.0,95.0,55.0,0.35000000000000003,0.7000000000000001,0.1,0.1,90.0,95.0,55.0,7483,4299,3184,7483,0.4254977950020045,0.43769685476670095,0.5,0.8753937095334019,1947,0.4528960223307746,1.0,1
"iteration_1","SCOPE_DATA_COLLECTION",1300,25,1570.0,1630.0,1,7411,5567,1897,7275,5567,1885,5199,3919,1296,2226,1667,607,0.2997979797979798,0.29842463301109917,0.31897004729374673,0.41680999427994564,0.8045232037973161,1.296206067720489,0.8336199885598913,0.8045232037973161,0.864137378480326,0.39623004423927677,0.47078336310283236,0.4861111111111111,97.5,100.0,5050,4403,5422,60,3,4437,0.011881188118811881,6.813536225300931E-4,0.8183327185540391,0.45,0.7000000000000001,0.2,0.2,80.0,95.0,55.0,0.35000000000000003,0.7000000000000001,0.1,0.1,90.0,95.0,55.0,5589,3194,2395,5589,0.4285203077473609,0.837186550859137,1.0,0.837186550859137,1776,0.5560425798371947,1.0,1
"iteration_1","SCOPE_DATA_COLLECTION",1300,25,1570.0,1630.0,2,7411,5567,1897,7275,5567,1885,5199,3919,1296,2226,1667,607,0.2997979797979798,0.29842463301109917,0.31897004729374673,0.41680999427994564,0.8045232037973161,1.296206067720489,0.8336199885598913,0.8045232037973161,0.864137378480326,0.39623004423927677,0.47078336310283236,0.4861111111111111,97.5,100.0,5050,4403,5422,60,3,4437,0.011881188118811881,6.813536225300931E-4,0.8183327185540391,0.45,0.7000000000000001,0.2,0.2,80.0,95.0,55.0,0.35000000000000003,0.7000000000000001,0.1,0.1,90.0,95.0,55.0,1828,1015,813,1828,0.4447483588621444,1.4466842172027214,1.5,0.9644561448018143,600,0.5911330049261084,1.0,1
"iteration_1","SCOPE_DATA_COLLECTION",1300,26,1630.0,1690.0,0,7483,5589,1828,7411,5567,1897,4298,3191,1026,3184,2395,813,0.425554664528201,0.42875044754744,0.44208809135399674,0.43600350321407194,0.838192687179355,1.4498313191452683,0.8720070064281439,0.838192687179355,0.9665542127635122,0.4516053978594695,0.5562519586336572,0.5925925925925926,97.5,100.0,4989,3490,6421,15,5,6372,0.003006614552014432,0.0014326647564469914,0.992368789908114,0.35000000000000003,0.7000000000000001,0.1,0.1,90.0,95.0,55.0,0.9,0.6000000000000001,0.7000000000000001,0.30000000000000004,30.0,75.0,60.0,7500,7444,56,7500,0.007466666666666667,0.320465594102423,0.5,0.640931188204846,1956,0.26276195593766793,1.0,1
"iteration_1","SCOPE_DATA_COLLECTION",1300,26,1630.0,1690.0,1,7483,5589,1828,7411,5567,1897,4298,3191,1026,3184,2395,813,0.425554664528201,0.42875044754744,0.44208809135399674,0.43600350321407194,0.838192687179355,1.4498313191452683,0.8720070064281439,0.838192687179355,0.9665542127635122,0.4516053978594695,0.5562519586336572,0.5925925925925926,97.5,100.0,4989,3490,6421,15,5,6372,0.003006614552014432,0.0014326647564469914,0.992368789908114,0.35000000000000003,0.7000000000000001,0.1,0.1,90.0,95.0,55.0,0.9,0.6000000000000001,0.7000000000000001,0.30000000000000004,30.0,75.0,60.0,5591,5520,71,5591,0.012698980504382043,0.6553360163718587,1.0,0.6553360163718587,1864,0.33768115942028987,1.0,1
"iteration_1","SCOPE_DATA_COLLECTION",1300,26,1630.0,1690.0,2,7483,5589,1828,7411,5567,1897,4298,3191,1026,3184,2395,813,0.425554664528201,0.42875044754744,0.44208809135399674,0.43600350321407194,0.838192687179355,1.4498313191452683,0.8720070064281439,0.838192687179355,0.9665542127635122,0.4516053978594695,0.5562519586336572,0.5925925925925926,97.5,100.0,4989,3490,6421,15,5,6372,0.003006614552014432,0.0014326647564469914,0.992368789908114,0.35000000000000003,0.7000000000000001,0.1,0.1,90.0,95.0,55.0,0.9,0.6000000000000001,0.7000000000000001,0.30000000000000004,30.0,75.0,60.0,1838,1792,46,1838,0.025027203482045703,1.011941120904055,1.5,0.6746274139360366,596,0.3325892857142857,1.0,1
"iteration_1","SCOPE_DATA_COLLECTION",1300,27,1690.0,1750.0,0,7500,5591,1838,7483,5589,1828,7429,5492,1784,56,71,46,0.0074816299265197065,0.01276289771705914,0.025136612021857924,0.32042071855716225,0.6513581391440574,1.0075350255498996,0.6408414371143245,0.6513581391440574,0.6716900170332664,0.2626194642616772,0.33576110706482154,0.3312780269058296,97.5,100.0,5130,8803,996,86,82,5,0.01676413255360624,0.009315006247870045,0.0050200803212851405,0.9,0.6000000000000001,0.7000000000000001,0.30000000000000004,30.0,75.0,60.0,0.05,0.2,0.9,0.2,45.0,95.0,25.0,7379,2842,4537,7379,0.6148529611058409,0.5617219823994345,0.5,1.123443964798869,1763,0.6203377902885292,1.0,1
"iteration_1","SCOPE_DATA_COLLECTION",1300,27,1690.0,1750.0,1,7500,5591,1838,7483,5589,1828,7429,5492,1784,56,71,46,0.0074816299265197065,0.01276289771705914,0.025136612021857924,0.32042071855716225,0.6513581391440574,1.0075350255498996,0.6408414371143245,0.6513581391440574,0.6716900170332664,0.2626194642616772,0.33576110706482154,0.3312780269058296,97.5,100.0,5130,8803,996,86,82,5,0.01676413255360624,0.009315006247870045,0.0050200803212851405,0.9,0.6000000000000001,0.7000000000000001,0.30000000000000004,30.0,75.0,60.0,0.05,0.2,0.9,0.2,45.0,95.0,25.0,5671,2110,3561,5671,0.627931581731617,1.3357406640333647,1.0,1.3357406640333647,1834,0.8691943127962085,1.0,1
"iteration_1","SCOPE_DATA_COLLECTION",1300,27,1690.0,1750.0,2,7500,5591,1838,7483,5589,1828,7429,5492,1784,56,71,46,0.0074816299265197065,0.01276289771705914,0.025136612021857924,0.32042071855716225,0.6513581391440574,1.0075350255498996,0.6408414371143245,0.6513581391440574,0.6716900170332664,0.2626194642616772,0.33576110706482154,0.3312780269058296,97.5,100.0,5130,8803,996,86,82,5,0.01676413255360624,0.009315006247870045,0.0050200803212851405,0.9,0.6000000000000001,0.7000000000000001,0.30000000000000004,30.0,75.0,60.0,0.05,0.2,0.9,0.2,45.0,95.0,25.0,1819,649,1170,1819,0.6432105552501375,2.0913128925937947,1.5,1.3942085950625298,593,0.9137134052388289,1.0,1
"iteration_1","SCOPE_DATA_COLLECTION",1300,28,1750.0,1810.0,0,7379,5671,1819,7500,5591,1838,2860,2132,658,4537,3561,1170,0.6133567662565905,0.6255050061479009,0.6400437636761488,0.5625537594145348,1.3345207572424485,2.08559455417075,1.1251075188290696,1.3345207572424485,1.3903963694471668,0.6213286713286713,0.8672607879924953,0.9072948328267477,100.0,100.0,5139,468,9262,68,0,9200,0.0132321463319712,0.0,0.9933059814294969,0.05,0.2,0.9,0.2,45.0,95.0,25.0,0.05,0.30000000000000004,0.9,0.2,35.0,95.0,25.0,7254,2749,4505,7254,0.6210366694237662,0.6037119161769888,0.5,1.2074238323539777,1840,0.6693343033830483,1.0,1
"iteration_1","SCOPE_DATA_COLLECTION",1300,28,1750.0,1810.0,1,7379,5671,1819,7500,5591,1838,2860,2132,658,4537,3561,1170,0.6133567662565905,0.6255050061479009,0.6400437636761488,0.5625537594145348,1.3345207572424485,2.08559455417075,1.1251075188290696,1.3345207572424485,1.3903963694471668,0.6213286713286713,0.8672607879924953,0.9072948328267477,100.0,100.0,5139,468,9262,68,0,9200,0.0132321463319712,0.0,0.9933059814294969,0.05,0.2,0.9,0.2,45.0,95.0,25.0,0.05,0.30000000000000004,0.9,0.2,35.0,95.0,25.0,5440,2061,3379,5440,0.6211397058823529,1.3376045811468162,1.0,1.3376045811468162,1802,0.8743328481319748,1.0,1
"iteration_1","SCOPE_DATA_COLLECTION",1300,28,1750.0,1810.0,2,7379,5671,1819,7500,5591,1838,2860,2132,658,4537,3561,1170,0.6133567662565905,0.6255050061479009,0.6400437636761488,0.5625537594145348,1.3345207572424485,2.08559455417075,1.1251075188290696,1.3345207572424485,1.3903963694471668,0.6213286713286713,0.8672607879924953,0.9072948328267477,100.0,100.0,5139,468,9262,68,0,9200,0.0132321463319712,0.0,0.9933059814294969,0.05,0.2,0.9,0.2,45.0,95.0,25.0,0.05,0.30000000000000004,0.9,0.2,35.0,95.0,25.0,1891,686,1205,1891,0.6372289793759915,2.0966260257551985,1.5,1.397750683836799,628,0.9154518950437318,1.0,1
"iteration_1","SCOPE_DATA_COLLECTION",1300,29,1810.0,1870.0,0,7254,5440,1891,7379,5671,1819,2740,2063,680,4505,3379,1204,0.621808143547274,0.6209114296214627,0.6390658174097664,0.6005659567485262,1.3325179960109619,2.088118000312555,1.2011319134970524,1.3325179960109619,1.3920786668750367,0.666058394160584,0.8734852157052836,0.913235294117647,95.0,100.0,5062,513,9010,76,2,9010,0.0150138285262742,0.003898635477582846,1.0,0.05,0.30000000000000004,0.9,0.2,35.0,95.0,25.0,0.15000000000000002,0.30000000000000004,0.9,0.1,25.0,95.0,35.0,7330,3153,4177,7330,0.569849931787176,0.5199028605454653,0.5,1.0398057210909306,1770,0.5613701236917221,1.0,1
"iteration_1","SCOPE_DATA_COLLECTION",1300,29,1810.0,1870.0,1,7254,5440,1891,7379,5671,1819,2740,2063,680,4505,3379,1204,0.621808143547274,0.6209114296214627,0.6390658174097664,0.6005659567485262,1.3325179960109619,2.088118000312555,1.2011319134970524,1.3325179960109619,1.3920786668750367,0.666058394160584,0.8734852157052836,0.913235294117647,95.0,100.0,5062,513,9010,76,2,9010,0.0150138285262742,0.003898635477582846,1.0,0.05,0.30000000000000004,0.9,0.2,35.0,95.0,25.0,0.15000000000000002,0.30000000000000004,0.9,0.1,25.0,95.0,35.0,5599,2373,3226,5599,0.5761743168422933,1.164086467491065,1.0,1.164086467491065,1778,0.7492625368731564,1.0,1
"iteration_1","SCOPE_DATA_COLLECTION",1300,29,1810.0,1870.0,2,7254,5440,1891,7379,5671,1819,2740,2063,680,4505,3379,1204,0.621808143547274,0.6209114296214627,0.6390658174097664,0.6005659567485262,1.3325179960109619,2.088118000312555,1.2011319134970524,1.3325179960109619,1.3920786668750367,0.666058394160584,0.8734852157052836,0.913235294117647,95.0,100.0,5062,513,9010,76,2,9010,0.0150138285262742,0.003898635477582846,1.0,0.05,0.30000000000000004,0.9,0.2,35.0,95.0,25.0,0.15000000000000002,0.30000000000000004,0.9,0.1,25.0,95.0,35.0,1883,814,1069,1883,0.5677110993096123,1.77289293677598,1.5,1.18192862451732,628,0.7714987714987716,1.0,1
"iteration_1","SCOPE_DATA_COLLECTION",1300,30,1870.0,1930.0,0,7330,5599,1883,7254,5440,1891,3153,2367,818,4177,3226,1070,0.569849931787176,0.5767924190952977,0.5667372881355932,0.5211147233869645,1.1657894983442445,1.7845757160917617,1.042229446773929,1.1657894983442445,1.1897171440611745,0.5610529654297495,0.7490494296577946,0.7750611246943765,100.0,100.0,4955,1435,8422,50,1,8422,0.010090817356205853,6.968641114982578E-4,1.0,0.15000000000000002,0.30000000000000004,0.9,0.1,25.0,95.0,35.0,0.15000000000000002,0.2,0.8,0.1,25.0,85.0,25.0,7323,3112,4211,7323,0.5750375529154718,0.4862510886300134,0.5,0.9725021772600267,1627,0.5228149100257069,1.0,1
"iteration_1","SCOPE_DATA_COLLECTION",1300,30,1870.0,1930.0,1,7330,5599,1883,7254,5440,1891,3153,2367,818,4177,3226,1070,0.569849931787176,0.5767924190952977,0.5667372881355932,0.5211147233869645,1.1657894983442445,1.7845757160917617,1.042229446773929,1.1657894983442445,1.1897171440611745,0.5610529654297495,0.7490494296577946,0.7750611246943765,100.0,100.0,4955,1435,8422,50,1,8422,0.010090817356205853,6.968641114982578E-4,1.0,0.15000000000000002,0.30000000000000004,0.9,0.1,25.0,95.0,35.0,0.15000000000000002,0.2,0.8,0.1,25.0,85.0,25.0,5771,2429,3342,5771,0.5791024085946976,1.1471351803887844,1.0,1.1471351803887844,1785,0.7348703170028819,1.0,1
"iteration_1","SCOPE_DATA_COLLECTION",1300,30,1870.0,1930.0,2,7330,5599,1883,7254,5440,1891,3153,2367,818,4177,3226,1070,0.569849931787176,0.5767924190952977,0.5667372881355932,0.5211147233869645,1.1657894983442445,1.7845757160917617,1.042229446773929,1.1657894983442445,1.1897171440611745,0.5610529654297495,0.7490494296577946,0.7750611246943765,100.0,100.0,4955,1435,8422,50,1,8422,0.010090817356205853,6.968641114982578E-4,1.0,0.15000000000000002,0.30000000000000004,0.9,0.1,25.0,95.0,35.0,0.15000000000000002,0.2,0.8,0.1,25.0,85.0,25.0,1967,847,1120,1967,0.5693950177935944,1.7435318268722755,1.5,1.1623545512481837,641,0.7567886658795749,1.0,1
"iteration_1","SCOPE_DATA_COLLECTION",1300,31,1930.0,1990.0,0,7323,5771,1967,7330,5599,1883,3114,2429,851,4211,3342,1120,0.5748805460750853,0.5791024085946976,0.5682394723490614,0.48792145954201865,1.1475488917633094,1.7441972232918186,0.9758429190840373,1.1475488917633094,1.1627981488612125,0.525369299935774,0.7356937011115685,0.7567567567567568,100.0,100.0,4908,1517,8636,36,1,8636,0.007334963325183374,6.591957811470006E-4,1.0,0.15000000000000002,0.2,0.8,0.1,25.0,85.0,25.0,0.15000000000000002,0.2,0.8,0.1,25.0,85.0,25.0,7394,3210,4184,7394,0.5658642142277522,0.4887230131513311,0.5,0.9774460263026622,1642,0.5115264797507788,1.0,1
"iteration_1","SCOPE_DATA_COLLECTION",1300,31,1930.0,1990.0,1,7323,5771,1967,7330,5599,1883,3114,2429,851,4211,3342,1120,0.5748805460750853,0.5791024085946976,0.5682394723490614,0.48792145954201865,1.1475488917633094,1.7441972232918186,0.9758429190840373,1.1475488917633094,1.1627981488612125,0.525369299935774,0.7356937011115685,0.7567567567567568,100.0,100.0,4908,1517,8636,36,1,8636,0.007334963325183374,6.591957811470006E-4,1.0,0.15000000000000002,0.2,0.8,0.1,25.0,85.0,25.0,0.15000000000000002,0.2,0.8,0.1,25.0,85.0,25.0,5586,2464,3122,5586,0.5588972431077694,1.151914584767253,1.0,1.151914584767253,1839,0.7463474025974026,1.0,1
"iteration_1","SCOPE_DATA_COLLECTION",1300,31,1930.0,1990.0,2,7323,5771,1967,7330,5599,1883,3114,2429,851,4211,3342,1120,0.5748805460750853,0.5791024085946976,0.5682394723490614,0.48792145954201865,1.1475488917633094,1.7441972232918186,0.9758429190840373,1.1475488917633094,1.1627981488612125,0.525369299935774,0.7356937011115685,0.7567567567567568,100.0,100.0,4908,1517,8636,36,1,8636,0.007334963325183374,6.591957811470006E-4,1.0,0.15000000000000002,0.2,0.8,0.1,25.0,85.0,25.0,0.15000000000000002,0.2,0.8,0.1,25.0,85.0,25.0,1862,804,1058,1862,0.5682062298603652,1.7348848896017834,1.5,1.156589926401189,600,0.746268656716418,1.0,1
"iteration_1","SCOPE_DATA_COLLECTION",1300,32,1990.0,2050.0,0,7394,5586,1862,7323,5771,1967,3205,2463,803,4184,3122,1058,0.566247124103397,0.5589973142345569,0.5685115529285331,0.48733578873191347,1.1556450542202321,1.7304523213440404,0.9746715774638269,1.1556450542202321,1.1536348808960268,0.5095163806552262,0.7462444173771823,0.7447073474470735,100.0,100.0,5040,1482,8320,43,1,8320,0.008531746031746031,6.747638326585695E-4,1.0,0.15000000000000002,0.2,0.8,0.1,25.0,85.0,25.0,0.25,0.2,0.7000000000000001,0.1,20.0,85.0,25.0,7341,3642,3699,7341,0.5038823048630977,0.4514676710881746,0.5,0.9029353421763492,1698,0.46622734761120266,1.0,1
"iteration_1","SCOPE_DATA_COLLECTION",1300,32,1990.0,2050.0,1,7394,5586,1862,7323,5771,1967,3205,2463,803,4184,3122,1058,0.566247124103397,0.5589973142345569,0.5685115529285331,0.48733578873191347,1.1556450542202321,1.7304523213440404,0.9746715774638269,1.1556450542202321,1.1536348808960268,0.5095163806552262,0.7462444173771823,0.7447073474470735,100.0,100.0,5040,1482,8320,43,1,8320,0.008531746031746031,6.747638326585695E-4,1.0,0.15000000000000002,0.2,0.8,0.1,25.0,85.0,25.0,0.25,0.2,0.7000000000000001,0.1,20.0,85.0,25.0,5773,2935,2838,5773,0.4915988221028928,1.0361136409077298,1.0,1.0361136409077298,1901,0.6477001703577513,1.0,1
"iteration_1","SCOPE_DATA_COLLECTION",1300,32,1990.0,2050.0,2,7394,5586,1862,7323,5771,1967,3205,2463,803,4184,3122,1058,0.566247124103397,0.5589973142345569,0.5685115529285331,0.48733578873191347,1.1556450542202321,1.7304523213440404,0.9746715774638269,1.1556450542202321,1.1536348808960268,0.5095163806552262,0.7462444173771823,0.7447073474470735,100.0,100.0,5040,1482,8320,43,1,8320,0.008531746031746031,6.747638326585695E-4,1.0,0.15000000000000002,0.2,0.8,0.1,25.0,85.0,25.0,0.25,0.2,0.7000000000000001,0.1,20.0,85.0,25.0,1859,891,968,1859,0.5207100591715976,1.576179119608193,1.5,1.0507860797387953,593,0.6655443322109988,1.0,1
"iteration_1","SCOPE_DATA_COLLECTION",1300,33,2050.0,2110.0,0,7341,5773,1859,7394,5586,1862,3647,2930,890,3699,2838,968,0.5035393411380343,0.4920249653259362,0.5209903121636168,0.4524476739864576,1.0310050102713888,1.5805324802654788,0.9048953479729152,1.0310050102713888,1.0536883201769858,0.4666849465313957,0.6457337883959045,0.6674157303370787,100.0,100.0,5101,2411,7461,44,0,7461,0.008625759654969613,0.0,1.0,0.25,0.2,0.7000000000000001,0.1,20.0,85.0,25.0,0.25,0.1,0.8,0.2,30.0,85.0,20.0,7212,3715,3497,7212,0.4848863006100943,0.421278174017563,0.5,0.842556348035126,1562,0.4204576043068641,1.0,1
"iteration_1","SCOPE_DATA_COLLECTION",1300,33,2050.0,2110.0,1,7341,5773,1859,7394,5586,1862,3647,2930,890,3699,2838,968,0.5035393411380343,0.4920249653259362,0.5209903121636168,0.4524476739864576,1.0310050102713888,1.5805324802654788,0.9048953479729152,1.0310050102713888,1.0536883201769858,0.4666849465313957,0.6457337883959045,0.6674157303370787,100.0,100.0,5101,2411,7461,44,0,7461,0.008625759654969613,0.0,1.0,0.25,0.2,0.7000000000000001,0.1,20.0,85.0,25.0,0.25,0.1,0.8,0.2,30.0,85.0,20.0,5575,2829,2746,5575,0.4925560538116592,1.0374748244749001,1.0,1.0374748244749001,1815,0.6415694591728526,1.0,1
"iteration_1","SCOPE_DATA_COLLECTION",1300,33,2050.0,2110.0,2,7341,5773,1859,7394,5586,1862,3647,2930,890,3699,2838,968,0.5035393411380343,0.4920249653259362,0.5209903121636168,0.4524476739864576,1.0310050102713888,1.5805324802654788,0.9048953479729152,1.0310050102713888,1.0536883201769858,0.4666849465313957,0.6457337883959045,0.6674157303370787,100.0,100.0,5101,2411,7461,44,0,7461,0.008625759654969613,0.0,1.0,0.25,0.2,0.7000000000000001,0.1,20.0,85.0,25.0,0.25,0.1,0.8,0.2,30.0,85.0,20.0,1878,933,945,1878,0.5031948881789138,1.6908595321863034,1.5,1.1272396881242022,661,0.7084673097534834,1.0,1
"iteration_1","SCOPE_DATA_COLLECTION",1300,34,2110.0,2170.0,0,7212,5575,1878,7341,5773,1859,3709,2840,920,3497,2746,945,0.4852900360810436,0.4915861081274615,0.5067024128686327,0.4198575392510163,1.0379638874975001,1.6752963884156098,0.8397150785020326,1.0379638874975001,1.1168642589437399,0.419789700727959,0.6426056338028169,0.7021739130434783,100.0,100.0,5135,2423,7107,80,1,7107,0.01557935735150925,4.127115146512588E-4,1.0,0.25,0.1,0.8,0.2,30.0,85.0,20.0,0.15000000000000002,0.1,0.9,0.30000000000000004,40.0,95.0,20.0,7338,3260,4078,7338,0.5557372581084764,0.464455649575364,0.5,0.928911299150728,1520,0.4662576687116564,1.0,1
"iteration_1","SCOPE_DATA_COLLECTION",1300,34,2110.0,2170.0,1,7212,5575,1878,7341,5773,1859,3709,2840,920,3497,2746,945,0.4852900360810436,0.4915861081274615,0.5067024128686327,0.4198575392510163,1.0379638874975001,1.6752963884156098,0.8397150785020326,1.0379638874975001,1.1168642589437399,0.419789700727959,0.6426056338028169,0.7021739130434783,100.0,100.0,5135,2423,7107,80,1,7107,0.01557935735150925,4.127115146512588E-4,1.0,0.25,0.1,0.8,0.2,30.0,85.0,20.0,0.15000000000000002,0.1,0.9,0.30000000000000004,40.0,95.0,20.0,5623,2409,3214,5623,0.5715810065801173,1.1744203850727137,1.0,1.1744203850727137,1814,0.7530095475300955,1.0,1
"iteration_1","SCOPE_DATA_COLLECTION",1300,34,2110.0,2170.0,2,7212,5575,1878,7341,5773,1859,3709,2840,920,3497,2746,945,0.4852900360810436,0.4915861081274615,0.5067024128686327,0.4198575392510163,1.0379638874975001,1.6752963884156098,0.8397150785020326,1.0379638874975001,1.1168642589437399,0.419789700727959,0.6426056338028169,0.7021739130434783,100.0,100.0,5135,2423,7107,80,1,7107,0.01557935735150925,4.127115146512588E-4,1.0,0.25,0.1,0.8,0.2,30.0,85.0,20.0,0.15000000000000002,0.1,0.9,0.30000000000000004,40.0,95.0,20.0,1886,818,1068,1886,0.5662778366914104,1.8377706229038966,1.5,1.2251804152692645,643,0.7860635696821516,1.0,1
"iteration_1","SCOPE_DATA_COLLECTION",1300,35,2170.0,2230.0,0,7338,5623,1886,7212,5575,1878,3263,2397,830,4078,3214,1068,0.5555101484811333,0.5728034218499376,0.5626975763962065,0.466003499983188,1.1744599166032894,1.8473241527956614,0.932006999966376,1.1744599166032894,1.2315494351971077,0.46858718970272756,0.752607425949103,0.7903614457831325,100.0,100.0,5121,1445,8281,77,2,8281,0.015036125756688147,0.001384083044982699,1.0,0.15000000000000002,0.1,0.9,0.30000000000000004,40.0,95.0,20.0,0.05,0.1,0.9,0.30000000000000004,50.0,85.0,20.0,7198,2694,4504,7198,0.6257293692692415,0.5262413683440393,0.5,1.0524827366880787,1469,0.5452858203414996,1.0,1
"iteration_1","SCOPE_DATA_COLLECTION",1300,35,2170.0,2230.0,1,7338,5623,1886,7212,5575,1878,3263,2397,830,4078,3214,1068,0.5555101484811333,0.5728034218499376,0.5626975763962065,0.466003499983188,1.1744599166032894,1.8473241527956614,0.932006999966376,1.1744599166032894,1.2315494351971077,0.46858718970272756,0.752607425949103,0.7903614457831325,100.0,100.0,5121,1445,8281,77,2,8281,0.015036125756688147,0.001384083044982699,1.0,0.15000000000000002,0.1,0.9,0.30000000000000004,40.0,95.0,20.0,0.05,0.1,0.9,0.30000000000000004,50.0,85.0,20.0,5663,2186,3477,5663,0.6139855200423804,1.3121940999496102,1.0,1.3121940999496102,1903,0.8705397987191217,1.0,1
"iteration_1","SCOPE_DATA_COLLECTION",1300,35,2170.0,2230.0,2,7338,5623,1886,7212,5575,1878,3263,2397,830,4078,3214,1068,0.5555101484811333,0.5728034218499376,0.5626975763962065,0.466003499983188,1.1744599166032894,1.8473241527956614,0.932006999966376,1.1744599166032894,1.2315494351971077,0.46858718970272756,0.752607425949103,0.7903614457831325,100.0,100.0,5121,1445,8281,77,2,8281,0.015036125756688147,0.001384083044982699,1.0,0.15000000000000002,0.1,0.9,0.30000000000000004,40.0,95.0,20.0,0.05,0.1,0.9,0.30000000000000004,50.0,85.0,20.0,1843,665,1178,1843,0.6391752577319587,2.095561358104675,1.5,1.3970409054031165,608,0.9142857142857143,1.0,1
"iteration_1","SCOPE_DATA_COLLECTION",1300,36,2230.0,2290.0,0,7198,5663,1843,7338,5623,1886,2702,2200,660,4504,3477,1178,0.6250346933111296,0.6124713757266161,0.6409140369967355,0.5257781337426523,1.3121270337219553,2.0889672904127385,1.0515562674853045,1.3121270337219553,1.392644860275159,0.5436713545521835,0.8713636363636363,0.9121212121212121,97.5,100.0,5136,494,9074,85,0,9074,0.016549844236760123,0.0,1.0,0.05,0.1,0.9,0.30000000000000004,50.0,85.0,20.0,0.8500000000000001,0.30000000000000004,0.8,0.8,45.0,30.0,90.0,7456,7425,31,7456,0.004157725321888412,0.3075752486154159,0.5,0.6151504972308318,1971,0.26545454545454544,1.0,1
"iteration_1","SCOPE_DATA_COLLECTION",1300,36,2230.0,2290.0,1,7198,5663,1843,7338,5623,1886,2702,2200,660,4504,3477,1178,0.6250346933111296,0.6124713757266161,0.6409140369967355,0.5257781337426523,1.3121270337219553,2.0889672904127385,1.0515562674853045,1.3121270337219553,1.392644860275159,0.5436713545521835,0.8713636363636363,0.9121212121212121,97.5,100.0,5136,494,9074,85,0,9074,0.016549844236760123,0.0,1.0,0.05,0.1,0.9,0.30000000000000004,50.0,85.0,20.0,0.8500000000000001,0.30000000000000004,0.8,0.8,45.0,30.0,90.0,5695,5644,51,5695,0.008955223880597015,0.6481617631486878,1.0,0.6481617631486878,1890,0.33486888731396175,1.0,1
"iteration_1","SCOPE_DATA_COLLECTION",1300,36,2230.0,2290.0,2,7198,5663,1843,7338,5623,1886,2702,2200,660,4504,3477,1178,0.6250346933111296,0.6124713757266161,0.6409140369967355,0.5257781337426523,1.3121270337219553,2.0889672904127385,1.0515562674853045,1.3121270337219553,1.392644860275159,0.5436713545521835,0.8713636363636363,0.9121212121212121,97.5,100.0,5136,494,9074,85,0,9074,0.016549844236760123,0.0,1.0,0.05,0.1,0.9,0.30000000000000004,50.0,85.0,20.0,0.8500000000000001,0.30000000000000004,0.8,0.8,45.0,30.0,90.0,1807,1759,48,1807,0.026563364692861097,1.032835720182405,1.5,0.68855714678827,603,0.3428084138715179,1.0,1
"iteration_1","SCOPE_DATA_COLLECTION",1300,37,2290.0,2350.0,0,7456,5695,1807,7198,5663,1843,7407,5621,1757,31,51,48,0.004167787039526754,0.008991537376586742,0.026592797783933517,0.30737155138796285,0.647405001309466,1.0374400471089547,0.6147431027759257,0.647405001309466,0.6916266980726364,0.26528959092750104,0.3335705390499911,0.3454752418895845,100.0,100.0,5247,8179,1532,103,14,13,0.01963026491328378,0.0017117006969067123,0.008485639686684074,0.8500000000000001,0.30000000000000004,0.8,0.8,45.0,30.0,90.0,0.75,0.2,0.9,0.7000000000000001,55.0,30.0,80.0,7319,7301,18,7319,0.0024593523705424237,0.2904683382172463,0.5,0.5809366764344926,1775,0.24311738118066017,1.0,1
"iteration_1","SCOPE_DATA_COLLECTION",1300,37,2290.0,2350.0,1,7456,5695,1807,7198,5663,1843,7407,5621,1757,31,51,48,0.004167787039526754,0.008991537376586742,0.026592797783933517,0.30737155138796285,0.647405001309466,1.0374400471089547,0.6147431027759257,0.647405001309466,0.6916266980726364,0.26528959092750104,0.3335705390499911,0.3454752418895845,100.0,100.0,5247,8179,1532,103,14,13,0.01963026491328378,0.0017117006969067123,0.008485639686684074,0.8500000000000001,0.30000000000000004,0.8,0.8,45.0,30.0,90.0,0.75,0.2,0.9,0.7000000000000001,55.0,30.0,80.0,5871,5821,50,5871,0.008516436722875149,0.6429481999802424,1.0,0.6429481999802424,1951,0.3351657790757602,1.0,1
"iteration_1","SCOPE_DATA_COLLECTION",1300,37,2290.0,2350.0,2,7456,5695,1807,7198,5663,1843,7407,5621,1757,31,51,48,0.004167787039526754,0.008991537376586742,0.026592797783933517,0.30737155138796285,0.647405001309466,1.0374400471089547,0.6147431027759257,0.647405001309466,0.6916266980726364,0.26528959092750104,0.3335705390499911,0.3454752418895845,100.0,100.0,5247,8179,1532,103,14,13,0.01963026491328378,0.0017117006969067123,0.008485639686684074,0.8500000000000001,0.30000000000000004,0.8,0.8,45.0,30.0,90.0,0.75,0.2,0.9,0.7000000000000001,55.0,30.0,80.0,1884,1841,43,1884,0.022823779193205943,1.0003684571879123,1.5,0.6669123047919415,600,0.32590983161325365,1.0,1
"iteration_1","SCOPE_DATA_COLLECTION",1300,38,2350.0,2410.0,0,7319,5871,1884,7456,5695,1807,7312,5838,1834,18,50,43,0.0024556616643929058,0.008491847826086956,0.02290889717634523,0.2911013807840607,0.6467785971573458,0.9964512615014306,0.5822027615681215,0.6467785971573458,0.6643008410009538,0.24370897155361052,0.33761562178828364,0.3238822246455834,100.0,100.0,5180,7447,2447,108,3,0,0.02084942084942085,4.0284678393984153E-4,0.0,0.75,0.2,0.9,0.7000000000000001,55.0,30.0,80.0,0.65,0.2,0.9,0.7000000000000001,45.0,30.0,80.0,7278,7236,42,7278,0.005770816158285243,0.30499750937880626,0.5,0.6099950187576125,1890,0.26119402985074625,1.0,1
"iteration_1","SCOPE_DATA_COLLECTION",1300,38,2350.0,2410.0,1,7319,5871,1884,7456,5695,1807,7312,5838,1834,18,50,43,0.0024556616643929058,0.008491847826086956,0.02290889717634523,0.2911013807840607,0.6467785971573458,0.9964512615014306,0.5822027615681215,0.6467785971573458,0.6643008410009538,0.24370897155361052,0.33761562178828364,0.3238822246455834,100.0,100.0,5180,7447,2447,108,3,0,0.02084942084942085,4.0284678393984153E-4,0.0,0.75,0.2,0.9,0.7000000000000001,55.0,30.0,80.0,0.65,0.2,0.9,0.7000000000000001,45.0,30.0,80.0,5629,5558,71,5629,0.012613252798010304,0.6491893478049067,1.0,0.6491893478049067,1874,0.3371716444764304,1.0,1
"iteration_1","SCOPE_DATA_COLLECTION",1300,38,2350.0,2410.0,2,7319,5871,1884,7456,5695,1807,7312,5838,1834,18,50,43,0.0024556616643929058,0.008491847826086956,0.02290889717634523,0.2911013807840607,0.6467785971573458,0.9964512615014306,0.5822027615681215,0.6467785971573458,0.6643008410009538,0.24370897155361052,0.33761562178828364,0.3238822246455834,100.0,100.0,5180,7447,2447,108,3,0,0.02084942084942085,4.0284678393984153E-4,0.0,0.75,0.2,0.9,0.7000000000000001,55.0,30.0,80.0,0.65,0.2,0.9,0.7000000000000001,45.0,30.0,80.0,1812,1746,66,1812,0.03642384105960265,1.0399398193885105,1.5,0.6932932129256737,610,0.34936998854524626,1.0,1
"iteration_1","SCOPE_DATA_COLLECTION",1300,39,2410.0,2470.0,0,7278,5629,1812,7319,5871,1884,7221,5545,1751,42,71,65,0.0057827344072697235,0.012642450142450143,0.03579295154185022,0.30377119740319586,0.6454841679008985,1.0448343774450628,0.6075423948063917,0.6454841679008985,0.6965562516300419,0.26007478188616534,0.3352569882777277,0.35179897201599086,100.0,100.0,5283,6173,3263,110,5,63,0.02082150293393905,8.099789405475458E-4,0.01930738584125038,0.65,0.2,0.9,0.7000000000000001,45.0,30.0,80.0,0.75,0.2,0.9,0.8,35.0,30.0,70.0,7276,7255,21,7276,0.002886201209455745,0.289119070528591,0.5,0.578238141057182,1739,0.23969676085458305,1.0,1
"iteration_1","SCOPE_DATA_COLLECTION",1300,39,2410.0,2470.0,1,7278,5629,1812,7319,5871,1884,7221,5545,1751,42,71,65,0.0057827344072697235,0.012642450142450143,0.03579295154185022,0.30377119740319586,0.6454841679008985,1.0448343774450628,0.6075423948063917,0.6454841679008985,0.6965562516300419,0.26007478188616534,0.3352569882777277,0.35179897201599086,100.0,100.0,5283,6173,3263,110,5,63,0.02082150293393905,8.099789405475458E-4,0.01930738584125038,0.65,0.2,0.9,0.7000000000000001,45.0,30.0,80.0,0.75,0.2,0.9,0.8,35.0,30.0,70.0,5473,5414,59,5473,0.01078019367805591,0.6410561782678271,1.0,0.6410561782678271,1838,0.33949021056520134,1.0,1
"iteration_1","SCOPE_DATA_COLLECTION",1300,39,2410.0,2470.0,2,7278,5629,1812,7319,5871,1884,7221,5545,1751,42,71,65,0.0057827344072697235,0.012642450142450143,0.03579295154185022,0.30377119740319586,0.6454841679008985,1.0448343774450628,0.6075423948063917,0.6454841679008985,0.6965562516300419,0.26007478188616534,0.3352569882777277,0.35179897201599086,100.0,100.0,5283,6173,3263,110,5,63,0.02082150293393905,8.099789405475458E-4,0.01930738584125038,0.65,0.2,0.9,0.7000000000000001,45.0,30.0,80.0,0.75,0.2,0.9,0.8,35.0,30.0,70.0,1888,1838,50,1888,0.026483050847457626,1.0124302255151953,1.5,0.6749534836767969,624,0.3394994559303591,1.0,1
"iteration_1","SCOPE_DATA_COLLECTION",1300,40,2470.0,2530.0,0,7276,5473,1888,7278,5629,1812,7262,5421,1837,21,59,51,0.002883427159137718,0.010766423357664234,0.02701271186440678,0.2898598349290415,0.6425907254576063,1.0079826856090868,0.579719669858083,0.6425907254576063,0.6719884570727245,0.2398788212613605,0.34015864231691567,0.33750680457267285,100.0,100.0,5214,7085,2338,123,8,0,0.023590333716915997,0.0011291460832745237,0.0,0.75,0.2,0.9,0.8,35.0,30.0,70.0,0.75,0.30000000000000004,0.9,0.9,45.0,20.0,70.0,7327,7302,25,7327,0.0034120376688958646,0.29502362988761494,0.5,0.5900472597752299,1882,0.2577376061353054,1.0,1
"iteration_1","SCOPE_DATA_COLLECTION",1300,40,2470.0,2530.0,1,7276,5473,1888,7278,5629,1812,7262,5421,1837,21,59,51,0.002883427159137718,0.010766423357664234,0.02701271186440678,0.2898598349290415,0.6425907254576063,1.0079826856090868,0.579719669858083,0.6425907254576063,0.6719884570727245,0.2398788212613605,0.34015864231691567,0.33750680457267285,100.0,100.0,5214,7085,2338,123,8,0,0.023590333716915997,0.0011291460832745237,0.0,0.75,0.2,0.9,0.8,35.0,30.0,70.0,0.75,0.30000000000000004,0.9,0.9,45.0,20.0,70.0,5451,5396,55,5451,0.01008989176297927,0.6609279959705995,1.0,0.6609279959705995,1856,0.34395848776871757,1.0,1
"iteration_1","SCOPE_DATA_COLLECTION",1300,40,2470.0,2530.0,2,7276,5473,1888,7278,5629,1812,7262,5421,1837,21,59,51,0.002883427159137718,0.010766423357664234,0.02701271186440678,0.2898598349290415,0.6425907254576063,1.0079826856090868,0.579719669858083,0.6425907254576063,0.6719884570727245,0.2398788212613605,0.34015864231691567,0.33750680457267285,100.0,100.0,5214,7085,2338,123,8,0,0.023590333716915997,0.0011291460832745237,0.0,0.75,0.2,0.9,0.8,35.0,30.0,70.0,0.75,0.30000000000000004,0.9,0.9,45.0,20.0,70.0,1850,1788,62,1850,0.03351351351351351,1.0331239571087718,1.5,0.6887493047391812,619,0.34619686800894856,1.0,1
"iteration_1","SCOPE_DATA_COLLECTION",1300,41,2530.0,2590.0,0,7327,5451,1850,7276,5473,1888,7296,5381,1793,25,54,62,0.0034148340390657015,0.009935602575896964,0.033423180592991916,0.29378238422858877,0.6583534915831744,1.0383317540729144,0.5875647684571775,0.6583534915831744,0.692221169381943,0.25699013157894735,0.3426872328563464,0.3485778025655326,100.0,100.0,5133,7163,2332,132,9,0,0.02571595558153127,0.0012564567918469914,0.0,0.75,0.30000000000000004,0.9,0.9,45.0,20.0,70.0,0.75,0.2,0.8,0.4,35.0,65.0,95.0,7139,7123,16,7139,0.0022412102535369098,0.2855324309410241,0.5,0.5710648618820482,1706,0.23950582619682717,1.0,1
"iteration_1","SCOPE_DATA_COLLECTION",1300,41,2530.0,2590.0,1,7327,5451,1850,7276,5473,1888,7296,5381,1793,25,54,62,0.0034148340390657015,0.009935602575896964,0.033423180592991916,0.29378238422858877,0.6583534915831744,1.0383317540729144,0.5875647684571775,0.6583534915831744,0.692221169381943,0.25699013157894735,0.3426872328563464,0.3485778025655326,100.0,100.0,5133,7163,2332,132,9,0,0.02571595558153127,0.0012564567918469914,0.0,0.75,0.30000000000000004,0.9,0.9,45.0,20.0,70.0,0.75,0.2,0.8,0.4,35.0,65.0,95.0,5615,5571,44,5615,0.007836153161175422,0.6630106982680573,1.0,0.6630106982680573,1945,0.34912942021181115,1.0,1
"iteration_1","SCOPE_DATA_COLLECTION",1300,41,2530.0,2590.0,2,7327,5451,1850,7276,5473,1888,7296,5381,1793,25,54,62,0.0034148340390657015,0.009935602575896964,0.033423180592991916,0.29378238422858877,0.6583534915831744,1.0383317540729144,0.5875647684571775,0.6583534915831744,0.692221169381943,0.25699013157894735,0.3426872328563464,0.3485778025655326,100.0,100.0,5133,7163,2332,132,9,0,0.02571595558153127,0.0012564567918469914,0.0,0.75,0.30000000000000004,0.9,0.9,45.0,20.0,70.0,0.75,0.2,0.8,0.4,35.0,65.0,95.0,1815,1773,42,1815,0.023140495867768594,1.0031664735420422,1.5,0.6687776490280282,597,0.33671742808798644,1.0,1
"iteration_1","SCOPE_DATA_COLLECTION",1300,42,2590.0,2650.0,0,7139,5615,1815,7327,5451,1850,7134,5581,1774,16,45,42,0.0022377622377622378,0.007998578030572343,0.023127753303964757,0.2871119741380635,0.6646464851550554,1.0050061082145143,0.574223948276127,0.6646464851550554,0.6700040721430095,0.24081861508270255,0.34939974914889804,0.3370913190529876,97.5,100.0,5145,6994,2430,95,8,0,0.0184645286686103,0.001143837575064341,0.0,0.75,0.2,0.8,0.4,35.0,65.0,95.0,0.8500000000000001,0.2,0.7000000000000001,0.4,35.0,55.0,85.0,7267,7226,41,7267,0.005641943030136232,0.2941883534552596,0.5,0.5883767069105192,1825,0.25256019928037643,1.0,1
"iteration_1","SCOPE_DATA_COLLECTION",1300,42,2590.0,2650.0,1,7139,5615,1815,7327,5451,1850,7134,5581,1774,16,45,42,0.0022377622377622378,0.007998578030572343,0.023127753303964757,0.2871119741380635,0.6646464851550554,1.0050061082145143,0.574223948276127,0.6646464851550554,0.6700040721430095,0.24081861508270255,0.34939974914889804,0.3370913190529876,97.5,100.0,5145,6994,2430,95,8,0,0.0184645286686103,0.001143837575064341,0.0,0.75,0.2,0.8,0.4,35.0,65.0,95.0,0.8500000000000001,0.2,0.7000000000000001,0.4,35.0,55.0,85.0,5568,5508,60,5568,0.010775862068965518,0.644496855393004,1.0,0.644496855393004,1870,0.3395061728395062,1.0,1
"iteration_1","SCOPE_DATA_COLLECTION",1300,42,2590.0,2650.0,2,7139,5615,1815,7327,5451,1850,7134,5581,1774,16,45,42,0.0022377622377622378,0.007998578030572343,0.023127753303964757,0.2871119741380635,0.6646464851550554,1.0050061082145143,0.574223948276127,0.6646464851550554,0.6700040721430095,0.24081861508270255,0.34939974914889804,0.3370913190529876,97.5,100.0,5145,6994,2430,95,8,0,0.0184645286686103,0.001143837575064341,0.0,0.75,0.2,0.8,0.4,35.0,65.0,95.0,0.8500000000000001,0.2,0.7000000000000001,0.4,35.0,55.0,85.0,1855,1805,50,1855,0.026954177897574125,1.0069978082698248,1.5,0.6713318721798832,608,0.3368421052631579,1.0,1
"iteration_1","SCOPE_DATA_COLLECTION",1300,43,2650.0,2710.0,0,7267,5568,1855,7139,5615,1815,7213,5505,1794,41,59,50,0.005652054039150814,0.010603882099209202,0.027114967462039046,0.2933352949479852,0.6442142996855332,0.9943209907104824,0.5866705898959704,0.6442142996855332,0.6628806604736549,0.2516290031886871,0.3407811080835604,0.33166109253065773,100.0,100.0,5226,8047,1417,96,54,0,0.018369690011481057,0.006710575369702995,0.0,0.8500000000000001,0.2,0.7000000000000001,0.4,35.0,55.0,85.0,0.75,0.1,0.7000000000000001,0.30000000000000004,45.0,45.0,75.0,7364,7344,20,7364,0.0027159152634437804,0.273237089662457,0.5,0.546474179324914,1590,0.21650326797385622,1.0,1
"iteration_1","SCOPE_DATA_COLLECTION",1300,43,2650.0,2710.0,1,7267,5568,1855,7139,5615,1815,7213,5505,1794,41,59,50,0.005652054039150814,0.010603882099209202,0.027114967462039046,0.2933352949479852,0.6442142996855332,0.9943209907104824,0.5866705898959704,0.6442142996855332,0.6628806604736549,0.2516290031886871,0.3407811080835604,0.33166109253065773,100.0,100.0,5226,8047,1417,96,54,0,0.018369690011481057,0.006710575369702995,0.0,0.8500000000000001,0.2,0.7000000000000001,0.4,35.0,55.0,85.0,0.75,0.1,0.7000000000000001,0.30000000000000004,45.0,45.0,75.0,5543,5514,29,5543,0.0052318239220638645,0.6448425396116237,1.0,0.6448425396116237,1875,0.3400435255712731,1.0,1
"iteration_1","SCOPE_DATA_COLLECTION",1300,43,2650.0,2710.0,2,7267,5568,1855,7139,5615,1815,7213,5505,1794,41,59,50,0.005652054039150814,0.010603882099209202,0.027114967462039046,0.2933352949479852,0.6442142996855332,0.9943209907104824,0.5866705898959704,0.6442142996855332,0.6628806604736549,0.2516290031886871,0.3407811080835604,0.33166109253065773,100.0,100.0,5226,8047,1417,96,54,0,0.018369690011481057,0.006710575369702995,0.0,0.8500000000000001,0.2,0.7000000000000001,0.4,35.0,55.0,85.0,0.75,0.1,0.7000000000000001,0.30000000000000004,45.0,45.0,75.0,1889,1852,37,1889,0.019587083112758072,0.9851195681601441,1.5,0.6567463787734295,609,0.32883369330453566,1.0,1
"iteration_1","SCOPE_DATA_COLLECTION",1300,44,2710.0,2770.0,0,7364,5543,1889,7267,5568,1855,7342,5539,1862,20,30,37,0.0027166530834012497,0.0053869635482133235,0.019483938915218536,0.2734377111550817,0.6495050073720118,0.9928244154023227,0.5468754223101634,0.6495050073720118,0.6618829436015484,0.21656224461999454,0.3419389781549016,0.3313641245972073,97.5,100.0,5208,7196,2392,80,7,0,0.015360983102918587,9.727626459143969E-4,0.0,0.75,0.1,0.7000000000000001,0.30000000000000004,45.0,45.0,75.0,0.65,0.2,0.7000000000000001,0.2,35.0,45.0,65.0,7538,7486,52,7538,0.00689838153356328,0.28905172189036,0.5,0.57810344378072,1747,0.23336895538338231,1.0,1
"iteration_1","SCOPE_DATA_COLLECTION",1300,44,2710.0,2770.0,1,7364,5543,1889,7267,5568,1855,7342,5539,1862,20,30,37,0.0027166530834012497,0.0053869635482133235,0.019483938915218536,0.2734377111550817,0.6495050073720118,0.9928244154023227,0.5468754223101634,0.6495050073720118,0.6618829436015484,0.21656224461999454,0.3419389781549016,0.3313641245972073,97.5,100.0,5208,7196,2392,80,7,0,0.015360983102918587,9.727626459143969E-4,0.0,0.75,0.1,0.7000000000000001,0.30000000000000004,45.0,45.0,75.0,0.65,0.2,0.7000000000000001,0.2,35.0,45.0,65.0,5683,5631,52,5683,0.009150096779869787,0.6392562632186769,1.0,0.6392562632186769,1836,0.32605221097496007,1.0,1
"iteration_1","SCOPE_DATA_COLLECTION",1300,44,2710.0,2770.0,2,7364,5543,1889,7267,5568,1855,7342,5539,1862,20,30,37,0.0027166530834012497,0.0053869635482133235,0.019483938915218536,0.2734377111550817,0.6495050073720118,0.9928244154023227,0.5468754223101634,0.6495050073720118,0.6618829436015484,0.21656224461999454,0.3419389781549016,0.3313641245972073,97.5,100.0,5208,7196,2392,80,7,0,0.015360983102918587,9.727626459143969E-4,0.0,0.75,0.1,0.7000000000000001,0.30000000000000004,45.0,45.0,75.0,0.65,0.2,0.7000000000000001,0.2,35.0,45.0,65.0,1917,1879,38,1917,0.0198226395409494,1.0130205820726188,1.5,0.6753470547150792,643,0.34220329962746143,1.0,1
"iteration_1","SCOPE_DATA_COLLECTION",1300,45,2770.0,2830.0,0,7538,5683,1917,7364,5543,1889,7481,5608,1886,52,52,38,0.006902960307978229,0.009187279151943463,0.01975051975051975,0.28825825203186467,0.6351355304116746,1.0197617411892066,0.5765165040637293,0.6351355304116746,0.6798411607928044,0.23258922603929955,0.3232881597717546,0.3457051961823966,95.0,100.0,5093,6555,3490,62,5,75,0.012173571568819949,7.627765064836003E-4,0.02148997134670487,0.65,0.2,0.7000000000000001,0.2,35.0,45.0,65.0,0.55,0.1,0.6000000000000001,0.2,25.0,35.0,65.0,7541,6532,1009,7541,0.1338018830393847,0.34430560429190726,0.5,0.6886112085838145,1813,0.2775566442131047,1.0,1
"iteration_1","SCOPE_DATA_COLLECTION",1300,45,2770.0,2830.0,1,7538,5683,1917,7364,5543,1889,7481,5608,1886,52,52,38,0.006902960307978229,0.009187279151943463,0.01975051975051975,0.28825825203186467,0.6351355304116746,1.0197617411892066,0.5765165040637293,0.6351355304116746,0.6798411607928044,0.23258922603929955,0.3232881597717546,0.3457051961823966,95.0,100.0,5093,6555,3490,62,5,75,0.012173571568819949,7.627765064836003E-4,0.02148997134670487,0.65,0.2,0.7000000000000001,0.2,35.0,45.0,65.0,0.55,0.1,0.6000000000000001,0.2,25.0,35.0,65.0,5632,4797,835,5632,0.14825994318181818,0.731039981783187,1.0,0.731039981783187,1903,0.39670627475505527,1.0,1
"iteration_1","SCOPE_DATA_COLLECTION",1300,45,2770.0,2830.0,2,7538,5683,1917,7364,5543,1889,7481,5608,1886,52,52,38,0.006902960307978229,0.009187279151943463,0.01975051975051975,0.28825825203186467,0.6351355304116746,1.0197617411892066,0.5765165040637293,0.6351355304116746,0.6798411607928044,0.23258922603929955,0.3232881597717546,0.3457051961823966,95.0,100.0,5093,6555,3490,62,5,75,0.012173571568819949,7.627765064836003E-4,0.02148997134670487,0.65,0.2,0.7000000000000001,0.2,35.0,45.0,65.0,0.55,0.1,0.6000000000000001,0.2,25.0,35.0,65.0,1892,1600,292,1892,0.1543340380549683,1.167836088825807,1.5,0.778557392550538,663,0.414375,1.0,1
"iteration_1","SCOPE_DATA_COLLECTION",1300,46,2830.0,2890.0,0,7541,5632,1892,7538,5683,1917,6521,4765,1577,1009,835,292,0.13399734395750332,0.14910714285714285,0.15623327982878546,0.34199203445115695,0.7265733755725264,1.1629938014135535,0.6839840689023139,0.7265733755725264,0.775329200942369,0.2771047385370342,0.39391395592864636,0.4109067850348763,100.0,100.0,5173,5288,4604,83,5,2048,0.016044848250531606,9.455370650529501E-4,0.4448305821025195,0.55,0.1,0.6000000000000001,0.2,25.0,35.0,65.0,0.55,0.1,0.7000000000000001,0.1,35.0,45.0,75.0,7340,6639,701,7340,0.09550408719346049,0.34515646321393306,0.5,0.6903129264278661,1708,0.257267660792288,1.0,1
"iteration_1","SCOPE_DATA_COLLECTION",1300,46,2830.0,2890.0,1,7541,5632,1892,7538,5683,1917,6521,4765,1577,1009,835,292,0.13399734395750332,0.14910714285714285,0.15623327982878546,0.34199203445115695,0.7265733755725264,1.1629938014135535,0.6839840689023139,0.7265733755725264,0.775329200942369,0.2771047385370342,0.39391395592864636,0.4109067850348763,100.0,100.0,5173,5288,4604,83,5,2048,0.016044848250531606,9.455370650529501E-4,0.4448305821025195,0.55,0.1,0.6000000000000001,0.2,25.0,35.0,65.0,0.55,0.1,0.7000000000000001,0.1,35.0,45.0,75.0,5485,4953,532,5485,0.09699179580674568,0.7228555859787746,1.0,0.7228555859787746,1837,0.3708863315162528,1.0,1
"iteration_1","SCOPE_DATA_COLLECTION",1300,46,2830.0,2890.0,2,7541,5632,1892,7538,5683,1917,6521,4765,1577,1009,835,292,0.13399734395750332,0.14910714285714285,0.15623327982878546,0.34199203445115695,0.7265733755725264,1.1629938014135535,0.6839840689023139,0.7265733755725264,0.775329200942369,0.2771047385370342,0.39391395592864636,0.4109067850348763,100.0,100.0,5173,5288,4604,83,5,2048,0.016044848250531606,9.455370650529501E-4,0.4448305821025195,0.55,0.1,0.6000000000000001,0.2,25.0,35.0,65.0,0.55,0.1,0.7000000000000001,0.1,35.0,45.0,75.0,1865,1672,193,1865,0.10348525469168901,1.113106936355947,1.5,0.7420712909039646,647,0.3869617224880383,1.0,1
"iteration_1","SCOPE_DATA_COLLECTION",1300,47,2890.0,2950.0,0,7340,5485,1865,7541,5632,1892,6676,5008,1682,689,520,184,0.09355057705363204,0.09406657018813314,0.09860664523043944,0.34866381666677587,0.7296791279732548,1.1108479535896316,0.6973276333335517,0.7296791279732548,0.7405653023930877,0.26003594967046134,0.37559904153354634,0.3864447086801427,100.0,100.0,5081,5355,4254,35,2,1356,0.0068884077937413895,3.7348272642390287E-4,0.31875881523272215,0.55,0.1,0.7000000000000001,0.1,35.0,45.0,75.0,0.65,0.1,0.6000000000000001,0.2,35.0,55.0,85.0,7318,7215,103,7318,0.014074883848045915,0.2856139986793444,0.5,0.5712279973586888,1606,0.22259182259182259,1.0,1
"iteration_1","SCOPE_DATA_COLLECTION",1300,47,2890.0,2950.0,1,7340,5485,1865,7541,5632,1892,6676,5008,1682,689,520,184,0.09355057705363204,0.09406657018813314,0.09860664523043944,0.34866381666677587,0.7296791279732548,1.1108479535896316,0.6973276333335517,0.7296791279732548,0.7405653023930877,0.26003594967046134,0.37559904153354634,0.3864447086801427,100.0,100.0,5081,5355,4254,35,2,1356,0.0068884077937413895,3.7348272642390287E-4,0.31875881523272215,0.55,0.1,0.7000000000000001,0.1,35.0,45.0,75.0,0.65,0.1,0.6000000000000001,0.2,35.0,55.0,85.0,5511,5413,98,5511,0.017782616585011794,0.6497431288465078,1.0,0.6497431288465078,1828,0.3377055237391465,1.0,1
"iteration_1","SCOPE_DATA_COLLECTION",1300,47,2890.0,2950.0,2,7340,5485,1865,7541,5632,1892,6676,5008,1682,689,520,184,0.09355057705363204,0.09406657018813314,0.09860664523043944,0.34866381666677587,0.7296791279732548,1.1108479535896316,0.6973276333335517,0.7296791279732548,0.7405653023930877,0.26003594967046134,0.37559904153354634,0.3864447086801427,100.0,100.0,5081,5355,4254,35,2,1356,0.0068884077937413895,3.7348272642390287E-4,0.31875881523272215,0.55,0.1,0.7000000000000001,0.1,35.0,45.0,75.0,0.65,0.1,0.6000000000000001,0.2,35.0,55.0,85.0,1836,1791,45,1836,0.024509803921568627,1.035556212421319,1.5,0.6903708082808793,639,0.35678391959798994,1.0,1
"iteration_1","SCOPE_DATA_COLLECTION",1300,48,2950.0,3010.0,0,7318,5511,1836,7340,5485,1865,7210,5387,1792,115,110,54,0.015699658703071672,0.020010915044569765,0.02925243770314193,0.28489522067531703,0.6457464378909319,1.0387206709659125,0.5697904413506341,0.6457464378909319,0.6924804473106083,0.22205270457697643,0.3358084276963059,0.35825892857142855,100.0,100.0,5117,6163,3385,76,6,197,0.014852452608950557,9.735518416355671E-4,0.05819793205317578,0.65,0.1,0.6000000000000001,0.2,35.0,55.0,85.0,0.75,0.2,0.7000000000000001,0.2,25.0,65.0,75.0,7366,7353,13,7366,0.0017648655986967146,0.28884247544664565,0.5,0.5776849508932913,1761,0.2394940840473276,1.0,1
"iteration_1","SCOPE_DATA_COLLECTION",1300,48,2950.0,3010.0,1,7318,5511,1836,7340,5485,1865,7210,5387,1792,115,110,54,0.015699658703071672,0.020010915044569765,0.02925243770314193,0.28489522067531703,0.6457464378909319,1.0387206709659125,0.5697904413506341,0.6457464378909319,0.6924804473106083,0.22205270457697643,0.3358084276963059,0.35825892857142855,100.0,100.0,5117,6163,3385,76,6,197,0.014852452608950557,9.735518416355671E-4,0.05819793205317578,0.65,0.1,0.6000000000000001,0.2,35.0,55.0,85.0,0.75,0.2,0.7000000000000001,0.2,25.0,65.0,75.0,5609,5583,26,5609,0.00463540738099483,0.6484436276443746,1.0,0.6484436276443746,1895,0.3394232491492029,1.0,1
"iteration_1","SCOPE_DATA_COLLECTION",1300,48,2950.0,3010.0,2,7318,5511,1836,7340,5485,1865,7210,5387,1792,115,110,54,0.015699658703071672,0.020010915044569765,0.02925243770314193,0.28489522067531703,0.6457464378909319,1.0387206709659125,0.5697904413506341,0.6457464378909319,0.6924804473106083,0.22205270457697643,0.3358084276963059,0.35825892857142855,100.0,100.0,5117,6163,3385,76,6,197,0.014852452608950557,9.735518416355671E-4,0.05819793205317578,0.65,0.1,0.6000000000000001,0.2,35.0,55.0,85.0,0.75,0.2,0.7000000000000001,0.2,25.0,65.0,75.0,1904,1873,31,1904,0.016281512605042018,0.9724236090114563,1.5,0.6482824060076375,602,0.3214095034703684,1.0,1
"iteration_1","SCOPE_DATA_COLLECTION",1300,49,3010.0,3070.0,0,7366,5609,1904,7318,5511,1836,7347,5587,1869,13,26,31,0.001766304347826087,0.0046321040441831465,0.01631578947368421,0.2890028165528028,0.6496207912532032,0.9686149234299164,0.5780056331056056,0.6496207912532032,0.6457432822866109,0.2387368994147271,0.3393592267764453,0.32049224184055647,97.5,100.0,5117,7361,2401,64,6,0,0.012507328512800469,8.151066431191414E-4,0.0,0.75,0.2,0.7000000000000001,0.2,25.0,65.0,75.0,0.65,0.1,0.8,0.2,35.0,65.0,65.0,7480,7432,48,7480,0.006417112299465241,0.2916743588329098,0.5,0.5833487176658196,1719,0.23129709364908504,1.0,1
"iteration_1","SCOPE_DATA_COLLECTION",1300,49,3010.0,3070.0,1,7366,5609,1904,7318,5511,1836,7347,5587,1869,13,26,31,0.001766304347826087,0.0046321040441831465,0.01631578947368421,0.2890028165528028,0.6496207912532032,0.9686149234299164,0.5780056331056056,0.6496207912532032,0.6457432822866109,0.2387368994147271,0.3393592267764453,0.32049224184055647,97.5,100.0,5117,7361,2401,64,6,0,0.012507328512800469,8.151066431191414E-4,0.0,0.75,0.2,0.7000000000000001,0.2,25.0,65.0,75.0,0.65,0.1,0.8,0.2,35.0,65.0,65.0,5537,5485,52,5537,0.009391367166335561,0.6525429882501071,1.0,0.6525429882501071,1868,0.3405651777575205,1.0,1
"iteration_1","SCOPE_DATA_COLLECTION",1300,49,3010.0,3070.0,2,7366,5609,1904,7318,5511,1836,7347,5587,1869,13,26,31,0.001766304347826087,0.0046321040441831465,0.01631578947368421,0.2890028165528028,0.6496207912532032,0.9686149234299164,0.5780056331056056,0.6496207912532032,0.6457432822866109,0.2387368994147271,0.3393592267764453,0.32049224184055647,97.5,100.0,5117,7361,2401,64,6,0,0.012507328512800469,8.151066431191414E-4,0.0,0.75,0.2,0.7000000000000001,0.2,25.0,65.0,75.0,0.65,0.1,0.8,0.2,35.0,65.0,65.0,1887,1848,39,1887,0.02066772655007949,1.018308366284511,1.5,0.678872244189674,629,0.3403679653679654,1.0,1
"iteration_1","SCOPE_DATA_COLLECTION",1300,50,3070.0,3130.0,0,7480,5537,1887,7366,5609,1904,7436,5471,1846,48,52,39,0.006413682522715126,0.009415172913271772,0.020689655172413793,0.29256371021397615,0.6495333526202639,1.0166797396517397,0.5851274204279523,0.6495333526202639,0.6777864931011598,0.23278644432490586,0.3403399744105282,0.3391115926327194,97.5,100.0,5236,6250,3418,65,4,70,0.01241405653170359,6.4E-4,0.02047981275599766,0.65,0.1,0.8,0.2,35.0,65.0,65.0,0.65,0.1,0.8,0.2,35.0,75.0,75.0,7393,7283,110,7393,0.014878939537400243,0.2948107743894932,0.5,0.5896215487789864,1693,0.23245915144857887,1.0,1
"iteration_1","SCOPE_DATA_COLLECTION",1300,50,3070.0,3130.0,1,7480,5537,1887,7366,5609,1904,7436,5471,1846,48,52,39,0.006413682522715126,0.009415172913271772,0.020689655172413793,0.29256371021397615,0.6495333526202639,1.0166797396517397,0.5851274204279523,0.6495333526202639,0.6777864931011598,0.23278644432490586,0.3403399744105282,0.3391115926327194,97.5,100.0,5236,6250,3418,65,4,70,0.01241405653170359,6.4E-4,0.02047981275599766,0.65,0.1,0.8,0.2,35.0,65.0,65.0,0.65,0.1,0.8,0.2,35.0,75.0,75.0,5683,5614,69,5683,0.012141474573288756,0.6510945109160747,1.0,0.6510945109160747,1919,0.34182401140007124,1.0,1
"iteration_1","SCOPE_DATA_COLLECTION",1300,50,3070.0,3130.0,2,7480,5537,1887,7366,5609,1904,7436,5471,1846,48,52,39,0.006413682522715126,0.009415172913271772,0.020689655172413793,0.29256371021397615,0.6495333526202639,1.0166797396517397,0.5851274204279523,0.6495333526202639,0.6777864931011598,0.23278644432490586,0.3403399744105282,0.3391115926327194,97.5,100.0,5236,6250,3418,65,4,70,0.01241405653170359,6.4E-4,0.02047981275599766,0.65,0.1,0.8,0.2,35.0,65.0,65.0,0.65,0.1,0.8,0.2,35.0,75.0,75.0,1862,1805,57,1862,0.030612244897959183,0.9808497599939469,1.5,0.6538998399959646,591,0.32742382271468146,1.0,1
"iteration_1","SCOPE_DATA_COLLECTION",1300,51,3130.0,3190.0,0,7393,5683,1862,7480,5537,1887,7275,5617,1821,110,69,57,0.014895057549085985,0.012135068589518115,0.03035143769968051,0.29400968008738754,0.6537679236679541,0.9898407028786128,0.5880193601747751,0.6537679236679541,0.6598938019190752,0.2316151202749141,0.3421755385437066,0.3316858868753432,100.0,100.0,5166,6276,3496,47,3,186,0.009097948122338367,4.780114722753346E-4,0.05320366132723112,0.65,0.1,0.8,0.2,35.0,75.0,75.0,0.65,0.1,0.7000000000000001,0.2,45.0,75.0,75.0,7342,7268,74,7342,0.010078997548351948,0.2820815818566354,0.5,0.5641631637132708,1586,0.2182168409466153,1.0,1
"iteration_1","SCOPE_DATA_COLLECTION",1300,51,3130.0,3190.0,1,7393,5683,1862,7480,5537,1887,7275,5617,1821,110,69,57,0.014895057549085985,0.012135068589518115,0.03035143769968051,0.29400968008738754,0.6537679236679541,0.9898407028786128,0.5880193601747751,0.6537679236679541,0.6598938019190752,0.2316151202749141,0.3421755385437066,0.3316858868753432,100.0,100.0,5166,6276,3496,47,3,186,0.009097948122338367,4.780114722753346E-4,0.05320366132723112,0.65,0.1,0.8,0.2,35.0,75.0,75.0,0.65,0.1,0.7000000000000001,0.2,45.0,75.0,75.0,5523,5444,79,5523,0.014303820387470578,0.6606180727060289,1.0,0.6606180727060289,1905,0.3499265246142542,1.0,1
"iteration_1","SCOPE_DATA_COLLECTION",1300,51,3130.0,3190.0,2,7393,5683,1862,7480,5537,1887,7275,5617,1821,110,69,57,0.014895057549085985,0.012135068589518115,0.03035143769968051,0.29400968008738754,0.6537679236679541,0.9898407028786128,0.5880193601747751,0.6537679236679541,0.6598938019190752,0.2316151202749141,0.3421755385437066,0.3316858868753432,100.0,100.0,5166,6276,3496,47,3,186,0.009097948122338367,4.780114722753346E-4,0.05320366132723112,0.65,0.1,0.8,0.2,35.0,75.0,75.0,0.65,0.1,0.7000000000000001,0.2,45.0,75.0,75.0,1839,1794,45,1839,0.024469820554649267,1.0291646106860244,1.5,0.6861097404573496,625,0.34838350055741363,1.0,1
"iteration_1","SCOPE_DATA_COLLECTION",1300,52,3190.0,3250.0,0,7342,5523,1839,7393,5683,1862,7273,5472,1780,71,75,42,0.009667755991285403,0.01352082206598161,0.02305159165751921,0.2820180107373736,0.6618244658582805,1.0201041918585885,0.5640360214747472,0.6618244658582805,0.680069461239059,0.21765433796232642,0.3505116959064328,0.34438202247191013,100.0,100.0,5160,6142,3402,74,5,109,0.01434108527131783,8.140670791273201E-4,0.03203997648442093,0.65,0.1,0.7000000000000001,0.2,45.0,75.0,75.0,0.65,0.1,0.6000000000000001,0.1,55.0,75.0,65.0,7369,7307,62,7369,0.008413624643777989,0.29025685134948753,0.5,0.5805137026989751,1608,0.22006295333242096,1.0,1
"iteration_1","SCOPE_DATA_COLLECTION",1300,52,3190.0,3250.0,1,7342,5523,1839,7393,5683,1862,7273,5472,1780,71,75,42,0.009667755991285403,0.01352082206598161,0.02305159165751921,0.2820180107373736,0.6618244658582805,1.0201041918585885,0.5640360214747472,0.6618244658582805,0.680069461239059,0.21765433796232642,0.3505116959064328,0.34438202247191013,100.0,100.0,5160,6142,3402,74,5,109,0.01434108527131783,8.140670791273201E-4,0.03203997648442093,0.65,0.1,0.7000000000000001,0.2,45.0,75.0,75.0,0.65,0.1,0.6000000000000001,0.1,55.0,75.0,65.0,5669,5594,75,5669,0.013229846533780208,0.6466377503313686,1.0,0.6466377503313686,1892,0.33821952091526636,1.0,1
"iteration_1","SCOPE_DATA_COLLECTION",1300,52,3190.0,3250.0,2,7342,5523,1839,7393,5683,1862,7273,5472,1780,71,75,42,0.009667755991285403,0.01352082206598161,0.02305159165751921,0.2820180107373736,0.6618244658582805,1.0201041918585885,0.5640360214747472,0.6618244658582805,0.680069461239059,0.21765433796232642,0.3505116959064328,0.34438202247191013,100.0,100.0,5160,6142,3402,74,5,109,0.01434108527131783,8.140670791273201E-4,0.03203997648442093,0.65,0.1,0.7000000000000001,0.2,45.0,75.0,75.0,0.65,0.1,0.6000000000000001,0.1,55.0,75.0,65.0,1831,1807,24,1831,0.013107591480065538,1.020397075318238,1.5,0.6802647168788254,634,0.350857775318207,1.0,1
"iteration_1","SCOPE_DATA_COLLECTION",1300,53,3250.0,3310.0,0,7369,5669,1831,7342,5523,1839,7292,5583,1807,65,79,27,0.008835123012097322,0.013952666902154716,0.014721919302071973,0.2897594900715684,0.6463173782312196,1.0269095195926217,0.5795189801431369,0.6463173782312196,0.6846063463950811,0.21996708721886998,0.3376320974386531,0.35528500276701713,100.0,100.0,5115,6249,3505,54,1,116,0.010557184750733138,1.6002560409665546E-4,0.033095577746077035,0.65,0.1,0.6000000000000001,0.1,55.0,75.0,65.0,0.55,0.2,0.6000000000000001,0.1,45.0,75.0,65.0,7203,6332,871,7203,0.1209218381230043,0.3556117814216425,0.5,0.711223562843285,1885,0.29769425142135186,1.0,1
"iteration_1","SCOPE_DATA_COLLECTION",1300,53,3250.0,3310.0,1,7369,5669,1831,7342,5523,1839,7292,5583,1807,65,79,27,0.008835123012097322,0.013952666902154716,0.014721919302071973,0.2897594900715684,0.6463173782312196,1.0269095195926217,0.5795189801431369,0.6463173782312196,0.6846063463950811,0.21996708721886998,0.3376320974386531,0.35528500276701713,100.0,100.0,5115,6249,3505,54,1,116,0.010557184750733138,1.6002560409665546E-4,0.033095577746077035,0.65,0.1,0.6000000000000001,0.1,55.0,75.0,65.0,0.55,0.2,0.6000000000000001,0.1,45.0,75.0,65.0,5743,4987,756,5743,0.13163851645481456,0.7311733279739674,1.0,0.7311733279739674,1910,0.382995789051534,1.0,1
"iteration_1","SCOPE_DATA_COLLECTION",1300,53,3250.0,3310.0,2,7369,5669,1831,7342,5523,1839,7292,5583,1807,65,79,27,0.008835123012097322,0.013952666902154716,0.014721919302071973,0.2897594900715684,0.6463173782312196,1.0269095195926217,0.5795189801431369,0.6463173782312196,0.6846063463950811,0.21996708721886998,0.3376320974386531,0.35528500276701713,100.0,100.0,5115,6249,3505,54,1,116,0.010557184750733138,1.6002560409665546E-4,0.033095577746077035,0.65,0.1,0.6000000000000001,0.1,55.0,75.0,65.0,0.55,0.2,0.6000000000000001,0.1,45.0,75.0,65.0,1911,1652,259,1911,0.13553113553113552,1.0872770697678165,1.5,0.724851379845211,624,0.37772397094430993,1.0,1
"iteration_1","SCOPE_DATA_COLLECTION",1300,54,3310.0,3370.0,0,7203,5743,1911,7369,5669,1831,6354,4982,1666,862,740,254,0.11945676274944568,0.129325410695561,0.13229166666666667,0.35308097693205653,0.7301927049277206,1.086945261808438,0.7061619538641131,0.7301927049277206,0.7246301745389587,0.2991816178785017,0.38398233641107987,0.375750300120048,100.0,100.0,4947,5475,4435,48,4,1804,0.009702850212249849,7.305936073059361E-4,0.40676437429537765,0.55,0.2,0.6000000000000001,0.1,45.0,75.0,65.0,0.55,0.1,0.7000000000000001,0.1,35.0,65.0,75.0,7362,6627,735,7362,0.09983700081499593,0.3418803736634375,0.5,0.683760747326875,1792,0.27040893315225595,1.0,1
"iteration_1","SCOPE_DATA_COLLECTION",1300,54,3310.0,3370.0,1,7203,5743,1911,7369,5669,1831,6354,4982,1666,862,740,254,0.11945676274944568,0.129325410695561,0.13229166666666667,0.35308097693205653,0.7301927049277206,1.086945261808438,0.7061619538641131,0.7301927049277206,0.7246301745389587,0.2991816178785017,0.38398233641107987,0.375750300120048,100.0,100.0,4947,5475,4435,48,4,1804,0.009702850212249849,7.305936073059361E-4,0.40676437429537765,0.55,0.2,0.6000000000000001,0.1,45.0,75.0,65.0,0.55,0.1,0.7000000000000001,0.1,35.0,65.0,75.0,5490,4911,579,5490,0.10546448087431694,0.7323447694277994,1.0,0.7323447694277994,1944,0.39584605986560784,1.0,1
"iteration_1","SCOPE_DATA_COLLECTION",1300,54,3310.0,3370.0,2,7203,5743,1911,7369,5669,1831,6354,4982,1666,862,740,254,0.11945676274944568,0.129325410695561,0.13229166666666667,0.35308097693205653,0.7301927049277206,1.086945261808438,0.7061619538641131,0.7301927049277206,0.7246301745389587,0.2991816178785017,0.38398233641107987,0.375750300120048,100.0,100.0,4947,5475,4435,48,4,1804,0.009702850212249849,7.305936073059361E-4,0.40676437429537765,0.55,0.2,0.6000000000000001,0.1,45.0,75.0,65.0,0.55,0.1,0.7000000000000001,0.1,35.0,65.0,75.0,1893,1687,206,1893,0.10882197569994717,1.0746829261773916,1.5,0.7164552841182611,632,0.3746295198577356,1.0,1
"iteration_1","SCOPE_DATA_COLLECTION",1300,55,3370.0,3430.0,0,7362,5490,1893,7203,5743,1911,6616,4908,1681,744,595,211,0.10108695652173913,0.10812284208613483,0.11152219873150106,0.3454898866905351,0.7328204442408865,1.0813296614458965,0.6909797733810702,0.7328204442408865,0.720886440963931,0.2702539298669891,0.3946617766911165,0.37775133848899467,100.0,100.0,5160,5338,4247,30,3,1517,0.005813953488372093,5.620082427875609E-4,0.35719331292677187,0.55,0.1,0.7000000000000001,0.1,35.0,65.0,75.0,0.65,0.2,0.6000000000000001,0.2,35.0,75.0,65.0,7201,7087,114,7201,0.0158311345646438,0.29151156851860377,0.5,0.5830231370372075,1665,0.23493720897417808,1.0,1
"iteration_1","SCOPE_DATA_COLLECTION",1300,55,3370.0,3430.0,1,7362,5490,1893,7203,5743,1911,6616,4908,1681,744,595,211,0.10108695652173913,0.10812284208613483,0.11152219873150106,0.3454898866905351,0.7328204442408865,1.0813296614458965,0.6909797733810702,0.7328204442408865,0.720886440963931,0.2702539298669891,0.3946617766911165,0.37775133848899467,100.0,100.0,5160,5338,4247,30,3,1517,0.005813953488372093,5.620082427875609E-4,0.35719331292677187,0.55,0.1,0.7000000000000001,0.1,35.0,65.0,75.0,0.65,0.2,0.6000000000000001,0.2,35.0,75.0,65.0,5621,5521,100,5621,0.01779042874933286,0.6328505854618859,1.0,0.6328505854618859,1833,0.33200507154500997,1.0,1
"iteration_1","SCOPE_DATA_COLLECTION",1300,55,3370.0,3430.0,2,7362,5490,1893,7203,5743,1911,6616,4908,1681,744,595,211,0.10108695652173913,0.10812284208613483,0.11152219873150106,0.3454898866905351,0.7328204442408865,1.0813296614458965,0.6909797733810702,0.7328204442408865,0.720886440963931,0.2702539298669891,0.3946617766911165,0.37775133848899467,100.0,100.0,5160,5338,4247,30,3,1517,0.005813953488372093,5.620082427875609E-4,0.35719331292677187,0.55,0.1,0.7000000000000001,0.1,35.0,65.0,75.0,0.65,0.2,0.6000000000000001,0.2,35.0,75.0,65.0,1884,1836,48,1884,0.025477707006369428,0.9834831626124247,1.5,0.6556554417416165,607,0.33061002178649235,1.0,1
"iteration_1","SCOPE_DATA_COLLECTION",1300,56,3430.0,3490.0,0,7201,5621,1884,7362,5490,1893,7094,5520,1831,114,100,48,0.015815760266370698,0.017793594306049824,0.025545502927088876,0.2909512047043061,0.6345171517064759,0.9718273071575035,0.5819024094086122,0.6345171517064759,0.6478848714383357,0.23470538483225262,0.3333333333333333,0.3249590387766248,100.0,100.0,5068,6209,3429,60,3,199,0.011838989739542225,4.8316959252697695E-4,0.058034412365121024,0.65,0.2,0.6000000000000001,0.2,35.0,75.0,65.0,0.65,0.2,0.6000000000000001,0.2,35.0,75.0,65.0,7322,7197,125,7322,0.017071838295547665,0.2993383840282119,0.5,0.5986767680564238,1804,0.25065999722106436,1.0,1
"iteration_1","SCOPE_DATA_COLLECTION",1300,56,3430.0,3490.0,1,7201,5621,1884,7362,5490,1893,7094,5520,1831,114,100,48,0.015815760266370698,0.017793594306049824,0.025545502927088876,0.2909512047043061,0.6345171517064759,0.9718273071575035,0.5819024094086122,0.6345171517064759,0.6478848714383357,0.23470538483225262,0.3333333333333333,0.3249590387766248,100.0,100.0,5068,6209,3429,60,3,199,0.011838989739542225,4.8316959252697695E-4,0.058034412365121024,0.65,0.2,0.6000000000000001,0.2,35.0,75.0,65.0,0.65,0.2,0.6000000000000001,0.2,35.0,75.0,65.0,5674,5532,142,5674,0.025026436376454,0.6711203283076237,1.0,0.6711203283076237,1910,0.3452639190166305,1.0,1
"iteration_1","SCOPE_DATA_COLLECTION",1300,56,3430.0,3490.0,2,7201,5621,1884,7362,5490,1893,7094,5520,1831,114,100,48,0.015815760266370698,0.017793594306049824,0.025545502927088876,0.2909512047043061,0.6345171517064759,0.9718273071575035,0.5819024094086122,0.6345171517064759,0.6478848714383357,0.23470538483225262,0.3333333333333333,0.3249590387766248,100.0,100.0,5068,6209,3429,60,3,199,0.011838989739542225,4.8316959252697695E-4,0.058034412365121024,0.65,0.2,0.6000000000000001,0.2,35.0,75.0,65.0,0.65,0.2,0.6000000000000001,0.2,35.0,75.0,65.0,1877,1821,56,1877,0.02983484283431007,0.9981151742684129,1.5,0.665410116178942,615,0.33772652388797364,1.0,1
"iteration_1","SCOPE_DATA_COLLECTION",1300,57,3490.0,3550.0,0,7322,5674,1877,7201,5621,1884,7197,5547,1817,122,140,55,0.01666894384478754,0.024617548795498507,0.02938034188034188,0.2995685833102463,0.6713665446829247,0.9980050678683597,0.5991371666204925,0.6713665446829247,0.6653367119122399,0.25093789078782824,0.34613304488912927,0.33791964777105116,95.0,100.0,5150,6285,3438,73,8,236,0.014174757281553398,0.0012728719172633255,0.06864456079115765,0.65,0.2,0.6000000000000001,0.2,35.0,75.0,65.0,0.15000000000000002,0.30000000000000004,0.5,0.8,65.0,20.0,55.0,7412,3378,4034,7412,0.5442525634106854,0.5249598029530651,0.5,1.0499196059061302,1918,0.5677915926583778,1.0,1
"iteration_1","SCOPE_DATA_COLLECTION",1300,57,3490.0,3550.0,1,7322,5674,1877,7201,5621,1884,7197,5547,1817,122,140,55,0.01666894384478754,0.024617548795498507,0.02938034188034188,0.2995685833102463,0.6713665446829247,0.9980050678683597,0.5991371666204925,0.6713665446829247,0.6653367119122399,0.25093789078782824,0.34613304488912927,0.33791964777105116,95.0,100.0,5150,6285,3438,73,8,236,0.014174757281553398,0.0012728719172633255,0.06864456079115765,0.65,0.2,0.6000000000000001,0.2,35.0,75.0,65.0,0.15000000000000002,0.30000000000000004,0.5,0.8,65.0,20.0,55.0,5698,2499,3199,5698,0.5614250614250614,1.1659914126900475,1.0,1.1659914126900475,1864,0.7458983593437375,1.0,1
"iteration_1","SCOPE_DATA_COLLECTION",1300,57,3490.0,3550.0,2,7322,5674,1877,7201,5621,1884,7197,5547,1817,122,140,55,0.01666894384478754,0.024617548795498507,0.02938034188034188,0.2995685833102463,0.6713665446829247,0.9980050678683597,0.5991371666204925,0.6713665446829247,0.6653367119122399,0.25093789078782824,0.34613304488912927,0.33791964777105116,95.0,100.0,5150,6285,3438,73,8,236,0.014174757281553398,0.0012728719172633255,0.06864456079115765,0.65,0.2,0.6000000000000001,0.2,35.0,75.0,65.0,0.15000000000000002,0.30000000000000004,0.5,0.8,65.0,20.0,55.0,1798,751,1047,1798,0.582313681868743,1.8752609967850367,1.5,1.250173997856691,580,0.7723035952063915,1.0,1
"iteration_1","SCOPE_DATA_COLLECTION",1300,58,3550.0,3619.464599541789,0,7412,5698,1798,7322,5674,1877,3378,2487,766,4037,3201,1048,0.5444369521240728,0.5627637130801688,0.577728776185226,0.5233931451058215,1.152912803685729,1.8648185972863154,1.046786290211643,1.152912803685729,1.243212398190877,0.5648312611012434,0.7386409328508243,0.7676240208877284,100.0,100.0,5275,1450,8183,95,2,8189,0.01800947867298578,0.001379310344827586,1.0007332274227057,0.15000000000000002,0.30000000000000004,0.5,0.8,65.0,20.0,55.0,0.6000000000000001,0.6000000000000001,0.7000000000000001,0.2,65.0,90.0,70.0,6133,5959,130,6089,0.02134997536541304,0.33363499859439866,0.5,0.6672699971887973,1697,0.28477932539016615,0.9928256970487527,0
"iteration_1","SCOPE_DATA_COLLECTION",1300,58,3550.0,3619.464599541789,1,7412,5698,1798,7322,5674,1877,3378,2487,766,4037,3201,1048,0.5444369521240728,0.5627637130801688,0.577728776185226,0.5233931451058215,1.152912803685729,1.8648185972863154,1.046786290211643,1.152912803685729,1.243212398190877,0.5648312611012434,0.7386409328508243,0.7676240208877284,100.0,100.0,5275,1450,8183,95,2,8189,0.01800947867298578,0.001379310344827586,1.0007332274227057,0.15000000000000002,0.30000000000000004,0.5,0.8,65.0,20.0,55.0,0.6000000000000001,0.6000000000000001,0.7000000000000001,0.2,65.0,90.0,70.0,4743,4554,141,4695,0.030031948881789138,0.6447232383462778,1.0,0.6447232383462778,1513,0.33223539745278874,0.9898798228969007,0
"iteration_1","SCOPE_DATA_COLLECTION",1300,58,3550.0,3619.464599541789,2,7412,5698,1798,7322,5674,1877,3378,2487,766,4037,3201,1048,0.5444369521240728,0.5627637130801688,0.577728776185226,0.5233931451058215,1.152912803685729,1.8648185972863154,1.046786290211643,1.152912803685729,1.243212398190877,0.5648312611012434,0.7386409328508243,0.7676240208877284,100.0,100.0,5275,1450,8183,95,2,8189,0.01800947867298578,0.001379310344827586,1.0007332274227057,0.15000000000000002,0.30000000000000004,0.5,0.8,65.0,20.0,55.0,0.6000000000000001,0.6000000000000001,0.7000000000000001,0.2,65.0,90.0,70.0,1528,1418,72,1490,0.04832214765100671,1.0219950848668788,1.5,0.6813300565779192,485,0.34203102961918197,0.975130890052356,0
"iteration_1","SCOPE_DATA_COLLECTION",1400,0,70.0,130.0,0,8029,5136,1871,0,0,0,7694,4840,1709,288,250,127,0.03608118266098722,0.04911591355599214,0.06917211328976035,0.33286688205942494,0.6601011412522371,1.0142873471308087,0.6657337641188499,0.6601011412522371,0.6761915647538724,0.27462958149207173,0.34049586776859503,0.33118782913984784,100.0,100.0,5162,5928,3946,92,6,567,0.017822549399457575,0.0010121457489878543,0.14368981246832235,0.6,0.5,0.7,0.4,85.0,80.0,90.0,0.35000000000000003,0.2,0.1,0.2,25.0,95.0,85.0,8823,5468,3355,8823,0.3802561487022555,0.39472292751193944,0.5,0.7894458550238789,2021,0.36960497439648865,1.0,1
"iteration_1","SCOPE_DATA_COLLECTION",1400,0,70.0,130.0,1,8029,5136,1871,0,0,0,7694,4840,1709,288,250,127,0.03608118266098722,0.04911591355599214,0.06917211328976035,0.33286688205942494,0.6601011412522371,1.0142873471308087,0.6657337641188499,0.6601011412522371,0.6761915647538724,0.27462958149207173,0.34049586776859503,0.33118782913984784,100.0,100.0,5162,5928,3946,92,6,567,0.017822549399457575,0.0010121457489878543,0.14368981246832235,0.6,0.5,0.7,0.4,85.0,80.0,90.0,0.35000000000000003,0.2,0.1,0.2,25.0,95.0,85.0,5416,3370,2046,5416,0.3777695716395864,0.8062215026266851,1.0,0.8062215026266851,1696,0.5032640949554896,1.0,1
"iteration_1","SCOPE_DATA_COLLECTION",1400,0,70.0,130.0,2,8029,5136,1871,0,0,0,7694,4840,1709,288,250,127,0.03608118266098722,0.04911591355599214,0.06917211328976035,0.33286688205942494,0.6601011412522371,1.0142873471308087,0.6657337641188499,0.6601011412522371,0.6761915647538724,0.27462958149207173,0.34049586776859503,0.33118782913984784,100.0,100.0,5162,5928,3946,92,6,567,0.017822549399457575,0.0010121457489878543,0.14368981246832235,0.6,0.5,0.7,0.4,85.0,80.0,90.0,0.35000000000000003,0.2,0.1,0.2,25.0,95.0,85.0,2032,1190,842,2032,0.41437007874015747,1.3499402272168886,1.5,0.8999601514779257,625,0.5252100840336135,1.0,1
"iteration_1","SCOPE_DATA_COLLECTION",1400,1,130.0,190.0,0,8823,5416,2032,8029,5136,1871,5450,3351,1195,3355,2046,842,0.38103350369108463,0.3790994997220678,0.41335297005400096,0.3960423036064706,0.809297810286843,1.3598519348216949,0.7920846072129412,0.809297810286843,0.9065679565477965,0.37027522935779816,0.5055207400775887,0.5305439330543933,95.0,100.0,5220,3886,7165,20,3,6220,0.0038314176245210726,7.720020586721565E-4,0.8681088625261689,0.35000000000000003,0.2,0.1,0.2,25.0,95.0,85.0,0.35000000000000003,0.30000000000000004,0.1,0.1,25.0,95.0,85.0,8926,5310,3616,8926,0.40510867129733363,0.4258845442359053,0.5,0.8517690884718107,2292,0.43163841807909603,1.0,1
"iteration_1","SCOPE_DATA_COLLECTION",1400,1,130.0,190.0,1,8823,5416,2032,8029,5136,1871,5450,3351,1195,3355,2046,842,0.38103350369108463,0.3790994997220678,0.41335297005400096,0.3960423036064706,0.809297810286843,1.3598519348216949,0.7920846072129412,0.809297810286843,0.9065679565477965,0.37027522935779816,0.5055207400775887,0.5305439330543933,95.0,100.0,5220,3886,7165,20,3,6220,0.0038314176245210726,7.720020586721565E-4,0.8681088625261689,0.35000000000000003,0.2,0.1,0.2,25.0,95.0,85.0,0.35000000000000003,0.30000000000000004,0.1,0.1,25.0,95.0,85.0,5392,3140,2252,5392,0.4176557863501484,0.8080251968017463,1.0,0.8080251968017463,1612,0.513375796178344,1.0,1
"iteration_1","SCOPE_DATA_COLLECTION",1400,1,130.0,190.0,2,8823,5416,2032,8029,5136,1871,5450,3351,1195,3355,2046,842,0.38103350369108463,0.3790994997220678,0.41335297005400096,0.3960423036064706,0.809297810286843,1.3598519348216949,0.7920846072129412,0.809297810286843,0.9065679565477965,0.37027522935779816,0.5055207400775887,0.5305439330543933,95.0,100.0,5220,3886,7165,20,3,6220,0.0038314176245210726,7.720020586721565E-4,0.8681088625261689,0.35000000000000003,0.2,0.1,0.2,25.0,95.0,85.0,0.35000000000000003,0.30000000000000004,0.1,0.1,25.0,95.0,85.0,2000,1173,827,2000,0.4135,1.3708185670397137,1.5,0.9138790446931425,635,0.5413469735720375,1.0,1
"iteration_1","SCOPE_DATA_COLLECTION",1400,2,190.0,250.0,0,8926,5392,2000,8823,5416,2032,5345,3158,1177,3616,2252,827,0.403526392143734,0.4162661737523105,0.4126746506986028,0.4260282493195191,0.8010156531540843,1.3623879937983108,0.8520564986390382,0.8010156531540843,0.9082586625322072,0.43199251637043967,0.5075997466751109,0.5369583687340697,97.5,100.0,5266,3789,7263,26,4,6665,0.004937333839726547,0.0010556875164951175,0.9176648767726835,0.35000000000000003,0.30000000000000004,0.1,0.1,25.0,95.0,85.0,0.1,0.6000000000000001,0.6000000000000001,0.6000000000000001,80.0,50.0,60.0,8681,3449,5232,8681,0.6026955419882501,0.6022315949662835,0.5,1.204463189932567,2232,0.6471440997390548,1.0,1
"iteration_1","SCOPE_DATA_COLLECTION",1400,2,190.0,250.0,1,8926,5392,2000,8823,5416,2032,5345,3158,1177,3616,2252,827,0.403526392143734,0.4162661737523105,0.4126746506986028,0.4260282493195191,0.8010156531540843,1.3623879937983108,0.8520564986390382,0.8010156531540843,0.9082586625322072,0.43199251637043967,0.5075997466751109,0.5369583687340697,97.5,100.0,5266,3789,7263,26,4,6665,0.004937333839726547,0.0010556875164951175,0.9176648767726835,0.35000000000000003,0.30000000000000004,0.1,0.1,25.0,95.0,85.0,0.1,0.6000000000000001,0.6000000000000001,0.6000000000000001,80.0,50.0,60.0,5449,2131,3318,5449,0.6089190677188475,1.2566379520734514,1.0,1.2566379520734514,1704,0.7996245893946504,1.0,1
"iteration_1","SCOPE_DATA_COLLECTION",1400,2,190.0,250.0,2,8926,5392,2000,8823,5416,2032,5345,3158,1177,3616,2252,827,0.403526392143734,0.4162661737523105,0.4126746506986028,0.4260282493195191,0.8010156531540843,1.3623879937983108,0.8520564986390382,0.8010156531540843,0.9082586625322072,0.43199251637043967,0.5075997466751109,0.5369583687340697,97.5,100.0,5266,3789,7263,26,4,6665,0.004937333839726547,0.0010556875164951175,0.9176648767726835,0.35000000000000003,0.30000000000000004,0.1,0.1,25.0,95.0,85.0,0.1,0.6000000000000001,0.6000000000000001,0.6000000000000001,80.0,50.0,60.0,1985,745,1240,1985,0.6246851385390428,2.0259571856302836,1.5,1.3506381237535223,625,0.8389261744966443,1.0,1
"iteration_1","SCOPE_DATA_COLLECTION",1400,3,250.0,310.0,0,8681,5449,1985,8926,5392,2000,3454,2130,743,5232,3318,1240,0.6023486069537186,0.6090308370044053,0.6253151790216843,0.6022167482049289,1.255139004178738,2.0156801278516294,1.2044334964098578,1.255139004178738,1.3437867519010862,0.6473653734800232,0.7985915492957747,0.8358008075370121,100.0,100.0,5371,1069,9675,115,0,9675,0.021411282815118227,0.0,1.0,0.1,0.6000000000000001,0.6000000000000001,0.6000000000000001,80.0,50.0,60.0,0.2,0.6000000000000001,0.5,0.7000000000000001,90.0,60.0,60.0,8801,4046,4755,8801,0.540279513691626,0.5286631435092367,0.5,1.0573262870184734,2235,0.5523974295600593,1.0,1
"iteration_1","SCOPE_DATA_COLLECTION",1400,3,250.0,310.0,1,8681,5449,1985,8926,5392,2000,3454,2130,743,5232,3318,1240,0.6023486069537186,0.6090308370044053,0.6253151790216843,0.6022167482049289,1.255139004178738,2.0156801278516294,1.2044334964098578,1.255139004178738,1.3437867519010862,0.6473653734800232,0.7985915492957747,0.8358008075370121,100.0,100.0,5371,1069,9675,115,0,9675,0.021411282815118227,0.0,1.0,0.1,0.6000000000000001,0.6000000000000001,0.6000000000000001,80.0,50.0,60.0,0.2,0.6000000000000001,0.5,0.7000000000000001,90.0,60.0,60.0,5414,2459,2955,5414,0.5458071666050979,1.0819477347158,1.0,1.0819477347158,1672,0.6799511996746646,1.0,1
"iteration_1","SCOPE_DATA_COLLECTION",1400,3,250.0,310.0,2,8681,5449,1985,8926,5392,2000,3454,2130,743,5232,3318,1240,0.6023486069537186,0.6090308370044053,0.6253151790216843,0.6022167482049289,1.255139004178738,2.0156801278516294,1.2044334964098578,1.255139004178738,1.3437867519010862,0.6473653734800232,0.7985915492957747,0.8358008075370121,100.0,100.0,5371,1069,9675,115,0,9675,0.021411282815118227,0.0,1.0,0.1,0.6000000000000001,0.6000000000000001,0.6000000000000001,80.0,50.0,60.0,0.2,0.6000000000000001,0.5,0.7000000000000001,90.0,60.0,60.0,2077,905,1172,2077,0.5642753972075109,1.7233310936541524,1.5,1.148887395769435,630,0.6961325966850829,1.0,1
"iteration_1","SCOPE_DATA_COLLECTION",1400,4,310.0,370.0,0,8801,5414,2077,8681,5449,1985,4025,2473,906,4755,2955,1172,0.5415717539863326,0.5443994104642594,0.5640038498556305,0.527258209050029,1.0852193469971994,1.7208355002735636,1.054516418100058,1.0852193469971994,1.1472236668490423,0.5500621118012422,0.6817630408410837,0.695364238410596,100.0,100.0,5350,2200,8742,137,3,8742,0.02560747663551402,0.0013636363636363637,1.0,0.2,0.6000000000000001,0.5,0.7000000000000001,90.0,60.0,60.0,0.30000000000000004,0.6000000000000001,0.5,0.8,90.0,50.0,50.0,8832,4711,4121,8832,0.466598731884058,0.4737216829667228,0.5,0.9474433659334456,2330,0.49458713648906816,1.0,1
"iteration_1","SCOPE_DATA_COLLECTION",1400,4,310.0,370.0,1,8801,5414,2077,8681,5449,1985,4025,2473,906,4755,2955,1172,0.5415717539863326,0.5443994104642594,0.5640038498556305,0.527258209050029,1.0852193469971994,1.7208355002735636,1.054516418100058,1.0852193469971994,1.1472236668490423,0.5500621118012422,0.6817630408410837,0.695364238410596,100.0,100.0,5350,2200,8742,137,3,8742,0.02560747663551402,0.0013636363636363637,1.0,0.2,0.6000000000000001,0.5,0.7000000000000001,90.0,60.0,60.0,0.30000000000000004,0.6000000000000001,0.5,0.8,90.0,50.0,50.0,5392,2799,2593,5392,0.48089762611275966,0.9938582861997522,1.0,0.9938582861997522,1697,0.6062879599857092,1.0,1
"iteration_1","SCOPE_DATA_COLLECTION",1400,4,310.0,370.0,2,8801,5414,2077,8681,5449,1985,4025,2473,906,4755,2955,1172,0.5415717539863326,0.5443994104642594,0.5640038498556305,0.527258209050029,1.0852193469971994,1.7208355002735636,1.054516418100058,1.0852193469971994,1.1472236668490423,0.5500621118012422,0.6817630408410837,0.695364238410596,100.0,100.0,5350,2200,8742,137,3,8742,0.02560747663551402,0.0013636363636363637,1.0,0.2,0.6000000000000001,0.5,0.7000000000000001,90.0,60.0,60.0,0.30000000000000004,0.6000000000000001,0.5,0.8,90.0,50.0,50.0,2020,1028,992,2020,0.4910891089108911,1.5356437801830631,1.5,1.0237625201220422,614,0.5972762645914397,1.0,1
"iteration_1","SCOPE_DATA_COLLECTION",1400,5,370.0,430.0,0,8832,5392,2020,8801,5414,2077,4727,2793,1022,4121,2593,992,0.46575497287522605,0.48143334571110286,0.4925521350546177,0.4747854556599973,0.9931036162811785,1.5468155145038047,0.9495709113199946,0.9931036162811785,1.0312103430025366,0.4948170086735773,0.6072323666308629,0.6007827788649707,100.0,100.0,5411,3264,7569,135,2,7569,0.024949177601182777,6.127450980392157E-4,1.0,0.30000000000000004,0.6000000000000001,0.5,0.8,90.0,50.0,50.0,0.30000000000000004,0.6000000000000001,0.5,0.8,90.0,50.0,50.0,8775,4623,4152,8775,0.47316239316239317,0.4849482321900627,0.5,0.9698964643801254,2334,0.5048669695003245,1.0,1
"iteration_1","SCOPE_DATA_COLLECTION",1400,5,370.0,430.0,1,8832,5392,2020,8801,5414,2077,4727,2793,1022,4121,2593,992,0.46575497287522605,0.48143334571110286,0.4925521350546177,0.4747854556599973,0.9931036162811785,1.5468155145038047,0.9495709113199946,0.9931036162811785,1.0312103430025366,0.4948170086735773,0.6072323666308629,0.6007827788649707,100.0,100.0,5411,3264,7569,135,2,7569,0.024949177601182777,6.127450980392157E-4,1.0,0.30000000000000004,0.6000000000000001,0.5,0.8,90.0,50.0,50.0,0.30000000000000004,0.6000000000000001,0.5,0.8,90.0,50.0,50.0,5473,2890,2583,5473,0.47195322492234604,0.9837550071234876,1.0,0.9837550071234876,1704,0.5896193771626298,1.0,1
"iteration_1","SCOPE_DATA_COLLECTION",1400,5,370.0,430.0,2,8832,5392,2020,8801,5414,2077,4727,2793,1022,4121,2593,992,0.46575497287522605,0.48143334571110286,0.4925521350546177,0.4747854556599973,0.9931036162811785,1.5468155145038047,0.9495709113199946,0.9931036162811785,1.0312103430025366,0.4948170086735773,0.6072323666308629,0.6007827788649707,100.0,100.0,5411,3264,7569,135,2,7569,0.024949177601182777,6.127450980392157E-4,1.0,0.30000000000000004,0.6000000000000001,0.5,0.8,90.0,50.0,50.0,0.30000000000000004,0.6000000000000001,0.5,0.8,90.0,50.0,50.0,2036,1056,980,2036,0.481335952848723,1.5410380474871657,1.5,1.027358698324777,634,0.6003787878787878,1.0,1
"iteration_1","SCOPE_DATA_COLLECTION",1400,6,430.0,490.0,0,8775,5473,2036,8832,5392,2020,4631,2883,1066,4152,2583,980,0.47273141295684845,0.4725576289791438,0.4789833822091887,0.4856110293432038,0.9828255117854713,1.539653254924485,0.9712220586864077,0.9828255117854713,1.02643550328299,0.5074497948607213,0.5886229621921609,0.6013133208255159,100.0,100.0,5427,3297,7560,153,2,7560,0.028192371475953566,6.066120715802245E-4,1.0,0.30000000000000004,0.6000000000000001,0.5,0.8,90.0,50.0,50.0,0.2,0.6000000000000001,0.5,0.8,90.0,50.0,40.0,8725,4100,4625,8725,0.5300859598853869,0.5399625988073105,0.5,1.079925197614621,2351,0.5734146341463414,1.0,1
"iteration_1","SCOPE_DATA_COLLECTION",1400,6,430.0,490.0,1,8775,5473,2036,8832,5392,2020,4631,2883,1066,4152,2583,980,0.47273141295684845,0.4725576289791438,0.4789833822091887,0.4856110293432038,0.9828255117854713,1.539653254924485,0.9712220586864077,0.9828255117854713,1.02643550328299,0.5074497948607213,0.5886229621921609,0.6013133208255159,100.0,100.0,5427,3297,7560,153,2,7560,0.028192371475953566,6.066120715802245E-4,1.0,0.30000000000000004,0.6000000000000001,0.5,0.8,90.0,50.0,50.0,0.2,0.6000000000000001,0.5,0.8,90.0,50.0,40.0,5454,2579,2875,5454,0.5271360469380272,1.085992847959789,1.0,1.085992847959789,1727,0.6696393951143854,1.0,1
"iteration_1","SCOPE_DATA_COLLECTION",1400,6,430.0,490.0,2,8775,5473,2036,8832,5392,2020,4631,2883,1066,4152,2583,980,0.47273141295684845,0.4725576289791438,0.4789833822091887,0.4856110293432038,0.9828255117854713,1.539653254924485,0.9712220586864077,0.9828255117854713,1.02643550328299,0.5074497948607213,0.5886229621921609,0.6013133208255159,100.0,100.0,5427,3297,7560,153,2,7560,0.028192371475953566,6.066120715802245E-4,1.0,0.30000000000000004,0.6000000000000001,0.5,0.8,90.0,50.0,50.0,0.2,0.6000000000000001,0.5,0.8,90.0,50.0,40.0,1983,873,1110,1983,0.5597579425113465,1.7333452374694802,1.5,1.1555634916463202,606,0.6941580756013745,1.0,1
"iteration_1","SCOPE_DATA_COLLECTION",1400,7,490.0,550.0,0,8725,5454,1983,8775,5473,2036,4082,2579,873,4625,2875,1110,0.5311818077408982,0.5271360469380272,0.5597579425113465,0.5382975720468781,1.0849295055868189,1.7264896143744115,1.0765951440937562,1.0849295055868189,1.1509930762496077,0.5698187163155316,0.6692516479255526,0.6907216494845361,100.0,100.0,5486,2190,8486,119,5,8486,0.02169157856361648,0.00228310502283105,1.0,0.2,0.6000000000000001,0.5,0.8,90.0,50.0,40.0,0.1,0.5,0.5,0.7000000000000001,80.0,60.0,40.0,8737,3483,5254,8737,0.6013505780016024,0.5737180440200993,0.5,1.1474360880401986,2218,0.6368073499856446,1.0,1
"iteration_1","SCOPE_DATA_COLLECTION",1400,7,490.0,550.0,1,8725,5454,1983,8775,5473,2036,4082,2579,873,4625,2875,1110,0.5311818077408982,0.5271360469380272,0.5597579425113465,0.5382975720468781,1.0849295055868189,1.7264896143744115,1.0765951440937562,1.0849295055868189,1.1509930762496077,0.5698187163155316,0.6692516479255526,0.6907216494845361,100.0,100.0,5486,2190,8486,119,5,8486,0.02169157856361648,0.00228310502283105,1.0,0.2,0.6000000000000001,0.5,0.8,90.0,50.0,40.0,0.1,0.5,0.5,0.7000000000000001,80.0,60.0,40.0,5283,2134,3149,5283,0.5960628430815824,1.2463450122141193,1.0,1.2463450122141193,1722,0.8069353327085286,1.0,1
"iteration_1","SCOPE_DATA_COLLECTION",1400,7,490.0,550.0,2,8725,5454,1983,8775,5473,2036,4082,2579,873,4625,2875,1110,0.5311818077408982,0.5271360469380272,0.5597579425113465,0.5382975720468781,1.0849295055868189,1.7264896143744115,1.0765951440937562,1.0849295055868189,1.1509930762496077,0.5698187163155316,0.6692516479255526,0.6907216494845361,100.0,100.0,5486,2190,8486,119,5,8486,0.02169157856361648,0.00228310502283105,1.0,0.2,0.6000000000000001,0.5,0.8,90.0,50.0,40.0,0.1,0.5,0.5,0.7000000000000001,80.0,60.0,40.0,1955,737,1218,1955,0.6230179028132993,1.9448225954104272,1.5,1.296548396940285,596,0.8086838534599728,1.0,1
"iteration_1","SCOPE_DATA_COLLECTION",1400,8,550.0,610.0,0,8737,5283,1955,8725,5454,1983,3479,2127,741,5254,3149,1218,0.6016260162601627,0.5968536770280516,0.6217457886676876,0.5732721192096966,1.2468170708110204,1.9489939204389972,1.1465442384193931,1.2468170708110204,1.2993292802926648,0.637539522851394,0.8067700987306065,0.8097165991902834,100.0,100.0,5403,1061,9511,109,1,9511,0.020173977419951878,9.42507068803016E-4,1.0,0.1,0.5,0.5,0.7000000000000001,80.0,60.0,40.0,0.8,0.2,0.30000000000000004,0.2,45.0,40.0,20.0,8883,8856,27,8883,0.00303951367781155,0.2883965663965161,0.5,0.5767931327930322,2113,0.23859530261969286,1.0,1
"iteration_1","SCOPE_DATA_COLLECTION",1400,8,550.0,610.0,1,8737,5283,1955,8725,5454,1983,3479,2127,741,5254,3149,1218,0.6016260162601627,0.5968536770280516,0.6217457886676876,0.5732721192096966,1.2468170708110204,1.9489939204389972,1.1465442384193931,1.2468170708110204,1.2993292802926648,0.637539522851394,0.8067700987306065,0.8097165991902834,100.0,100.0,5403,1061,9511,109,1,9511,0.020173977419951878,9.42507068803016E-4,1.0,0.1,0.5,0.5,0.7000000000000001,80.0,60.0,40.0,0.8,0.2,0.30000000000000004,0.2,45.0,40.0,20.0,5505,5457,48,5505,0.008719346049046322,0.6118480547629238,1.0,0.6118480547629238,1715,0.3142752428074033,1.0,1
"iteration_1","SCOPE_DATA_COLLECTION",1400,8,550.0,610.0,2,8737,5283,1955,8725,5454,1983,3479,2127,741,5254,3149,1218,0.6016260162601627,0.5968536770280516,0.6217457886676876,0.5732721192096966,1.2468170708110204,1.9489939204389972,1.1465442384193931,1.2468170708110204,1.2993292802926648,0.637539522851394,0.8067700987306065,0.8097165991902834,100.0,100.0,5403,1061,9511,109,1,9511,0.020173977419951878,9.42507068803016E-4,1.0,0.1,0.5,0.5,0.7000000000000001,80.0,60.0,40.0,0.8,0.2,0.30000000000000004,0.2,45.0,40.0,20.0,2009,1968,41,2009,0.02040816326530612,0.9678251697149988,1.5,0.6452167798099991,623,0.3165650406504065,1.0,1
"iteration_1","SCOPE_DATA_COLLECTION",1400,9,610.0,670.0,0,8883,5505,2009,8737,5283,1955,8841,5468,1954,27,48,41,0.003044654939106901,0.00870195794053662,0.02055137844611529,0.2887854133820838,0.6154521751840545,0.9682532061394342,0.5775708267641676,0.6154521751840545,0.6455021374262895,0.2387738943558421,0.3162033650329188,0.31678607983623336,100.0,100.0,5311,8957,2129,64,6,46,0.012050461306721898,6.69867143016635E-4,0.02160638797557539,0.8,0.2,0.30000000000000004,0.2,45.0,40.0,20.0,0.75,0.7000000000000001,0.30000000000000004,0.6000000000000001,80.0,75.0,25.0,8946,8914,32,8946,0.003577017661524704,0.300885651133163,0.5,0.601771302266326,2254,0.25286066861117346,1.0,1
"iteration_1","SCOPE_DATA_COLLECTION",1400,9,610.0,670.0,1,8883,5505,2009,8737,5283,1955,8841,5468,1954,27,48,41,0.003044654939106901,0.00870195794053662,0.02055137844611529,0.2887854133820838,0.6154521751840545,0.9682532061394342,0.5775708267641676,0.6154521751840545,0.6455021374262895,0.2387738943558421,0.3162033650329188,0.31678607983623336,100.0,100.0,5311,8957,2129,64,6,46,0.012050461306721898,6.69867143016635E-4,0.02160638797557539,0.8,0.2,0.30000000000000004,0.2,45.0,40.0,20.0,0.75,0.7000000000000001,0.30000000000000004,0.6000000000000001,80.0,75.0,25.0,5482,5445,37,5482,0.0067493615468807,0.6058295374368718,1.0,0.6058295374368718,1698,0.31184573002754823,1.0,1
"iteration_1","SCOPE_DATA_COLLECTION",1400,9,610.0,670.0,2,8883,5505,2009,8737,5283,1955,8841,5468,1954,27,48,41,0.003044654939106901,0.00870195794053662,0.02055137844611529,0.2887854133820838,0.6154521751840545,0.9682532061394342,0.5775708267641676,0.6154521751840545,0.6455021374262895,0.2387738943558421,0.3162033650329188,0.31678607983623336,100.0,100.0,5311,8957,2129,64,6,46,0.012050461306721898,6.69867143016635E-4,0.02160638797557539,0.8,0.2,0.30000000000000004,0.2,45.0,40.0,20.0,0.75,0.7000000000000001,0.30000000000000004,0.6000000000000001,80.0,75.0,25.0,2046,1992,54,2046,0.026392961876832845,0.9803937421015797,1.5,0.6535958280677198,622,0.31224899598393574,1.0,1
"iteration_1","SCOPE_DATA_COLLECTION",1400,10,670.0,730.0,0,8946,5482,2046,8883,5505,2009,8913,5435,1998,32,37,54,0.003577417551704863,0.006761695906432748,0.02631578947368421,0.30012815184917696,0.6035532089488811,0.9818425637071981,0.6002563036983539,0.6035532089488811,0.654561709138132,0.25221586446763156,0.31039558417663293,0.3128128128128128,97.5,100.0,5300,8361,2813,111,12,0,0.020943396226415095,0.0014352350197344816,0.0,0.75,0.7000000000000001,0.30000000000000004,0.6000000000000001,80.0,75.0,25.0,0.65,0.7000000000000001,0.30000000000000004,0.6000000000000001,90.0,65.0,20.0,8802,8550,252,8802,0.028629856850715747,0.33740440125700494,0.5,0.6748088025140099,2383,0.27871345029239764,1.0,1
"iteration_1","SCOPE_DATA_COLLECTION",1400,10,670.0,730.0,1,8946,5482,2046,8883,5505,2009,8913,5435,1998,32,37,54,0.003577417551704863,0.006761695906432748,0.02631578947368421,0.30012815184917696,0.6035532089488811,0.9818425637071981,0.6002563036983539,0.6035532089488811,0.654561709138132,0.25221586446763156,0.31039558417663293,0.3128128128128128,97.5,100.0,5300,8361,2813,111,12,0,0.020943396226415095,0.0014352350197344816,0.0,0.75,0.7000000000000001,0.30000000000000004,0.6000000000000001,80.0,75.0,25.0,0.65,0.7000000000000001,0.30000000000000004,0.6000000000000001,90.0,65.0,20.0,5545,5368,177,5545,0.031920649233543735,0.6346766729448495,1.0,0.6346766729448495,1783,0.33215350223546947,1.0,1
"iteration_1","SCOPE_DATA_COLLECTION",1400,10,670.0,730.0,2,8946,5482,2046,8883,5505,2009,8913,5435,1998,32,37,54,0.003577417551704863,0.006761695906432748,0.02631578947368421,0.30012815184917696,0.6035532089488811,0.9818425637071981,0.6002563036983539,0.6035532089488811,0.654561709138132,0.25221586446763156,0.31039558417663293,0.3128128128128128,97.5,100.0,5300,8361,2813,111,12,0,0.020943396226415095,0.0014352350197344816,0.0,0.75,0.7000000000000001,0.30000000000000004,0.6000000000000001,80.0,75.0,25.0,0.65,0.7000000000000001,0.30000000000000004,0.6000000000000001,90.0,65.0,20.0,1937,1846,91,1937,0.04697986577181208,1.0083413124058036,1.5,0.6722275416038691,602,0.3261105092091008,1.0,1
"iteration_1","SCOPE_DATA_COLLECTION",1400,11,730.0,790.0,0,8802,5545,1937,8946,5482,2046,8549,5374,1841,247,173,88,0.02808094588449295,0.031188029565530916,0.04561949196474858,0.3375472534032156,0.6348973974519815,1.0061368007004619,0.6750945068064312,0.6348973974519815,0.6707578671336413,0.2793309158965961,0.3325269817640491,0.32590983161325365,97.5,100.0,5425,7001,3858,100,2,406,0.018433179723502304,2.8567347521782604E-4,0.10523587350959046,0.65,0.7000000000000001,0.30000000000000004,0.6000000000000001,90.0,65.0,20.0,0.65,0.7000000000000001,0.2,0.5,80.0,75.0,30.0,8792,8500,292,8792,0.033212010919017286,0.32308881438333165,0.5,0.6461776287666633,2307,0.27141176470588235,1.0,1
"iteration_1","SCOPE_DATA_COLLECTION",1400,11,730.0,790.0,1,8802,5545,1937,8946,5482,2046,8549,5374,1841,247,173,88,0.02808094588449295,0.031188029565530916,0.04561949196474858,0.3375472534032156,0.6348973974519815,1.0061368007004619,0.6750945068064312,0.6348973974519815,0.6707578671336413,0.2793309158965961,0.3325269817640491,0.32590983161325365,97.5,100.0,5425,7001,3858,100,2,406,0.018433179723502304,2.8567347521782604E-4,0.10523587350959046,0.65,0.7000000000000001,0.30000000000000004,0.6000000000000001,90.0,65.0,20.0,0.65,0.7000000000000001,0.2,0.5,80.0,75.0,30.0,5445,5278,167,5445,0.030670339761248853,0.617637940951186,1.0,0.617637940951186,1692,0.32057597574838953,1.0,1
"iteration_1","SCOPE_DATA_COLLECTION",1400,11,730.0,790.0,2,8802,5545,1937,8946,5482,2046,8549,5374,1841,247,173,88,0.02808094588449295,0.031188029565530916,0.04561949196474858,0.3375472534032156,0.6348973974519815,1.0061368007004619,0.6750945068064312,0.6348973974519815,0.6707578671336413,0.2793309158965961,0.3325269817640491,0.32590983161325365,97.5,100.0,5425,7001,3858,100,2,406,0.018433179723502304,2.8567347521782604E-4,0.10523587350959046,0.65,0.7000000000000001,0.30000000000000004,0.6000000000000001,90.0,65.0,20.0,0.65,0.7000000000000001,0.2,0.5,80.0,75.0,30.0,2047,1955,92,2047,0.0449438202247191,0.9960134829671022,1.5,0.6640089886447348,623,0.31867007672634273,1.0,1
"iteration_1","SCOPE_DATA_COLLECTION",1400,12,790.0,850.0,0,8792,5445,2047,8802,5545,1937,8526,5274,1945,297,171,95,0.033662019721183274,0.03140495867768595,0.04656862745098039,0.32474354781081083,0.6182712609264682,0.9912587451216612,0.6494870956216217,0.6182712609264682,0.6608391634144408,0.27292986159981236,0.3213879408418658,0.3161953727506427,100.0,100.0,5277,7105,3902,78,6,479,0.014781125639567936,8.44475721323012E-4,0.12275756022552538,0.65,0.7000000000000001,0.2,0.5,80.0,75.0,30.0,0.65,0.7000000000000001,0.2,0.5,80.0,75.0,30.0,8839,8623,216,8839,0.024437153524154317,0.33082582962614965,0.5,0.6616516592522993,2384,0.2764699060651745,1.0,1
"iteration_1","SCOPE_DATA_COLLECTION",1400,12,790.0,850.0,1,8792,5445,2047,8802,5545,1937,8526,5274,1945,297,171,95,0.033662019721183274,0.03140495867768595,0.04656862745098039,0.32474354781081083,0.6182712609264682,0.9912587451216612,0.6494870956216217,0.6182712609264682,0.6608391634144408,0.27292986159981236,0.3213879408418658,0.3161953727506427,100.0,100.0,5277,7105,3902,78,6,479,0.014781125639567936,8.44475721323012E-4,0.12275756022552538,0.65,0.7000000000000001,0.2,0.5,80.0,75.0,30.0,0.65,0.7000000000000001,0.2,0.5,80.0,75.0,30.0,5421,5256,165,5421,0.030437188710570006,0.6119273151142811,1.0,0.6119273151142811,1686,0.3207762557077626,1.0,1
"iteration_1","SCOPE_DATA_COLLECTION",1400,12,790.0,850.0,2,8792,5445,2047,8802,5545,1937,8526,5274,1945,297,171,95,0.033662019721183274,0.03140495867768595,0.04656862745098039,0.32474354781081083,0.6182712609264682,0.9912587451216612,0.6494870956216217,0.6182712609264682,0.6608391634144408,0.27292986159981236,0.3213879408418658,0.3161953727506427,100.0,100.0,5277,7105,3902,78,6,479,0.014781125639567936,8.44475721323012E-4,0.12275756022552538,0.65,0.7000000000000001,0.2,0.5,80.0,75.0,30.0,0.65,0.7000000000000001,0.2,0.5,80.0,75.0,30.0,2006,1929,77,2006,0.03838484546360917,1.034927107396431,1.5,0.689951404930954,643,0.3333333333333333,1.0,1
"iteration_1","SCOPE_DATA_COLLECTION",1400,13,850.0,910.0,0,8839,5421,2006,8792,5445,2047,8615,5251,1944,216,165,77,0.024459291133506963,0.030465288035450518,0.03809995051954478,0.33044810344537323,0.6124746058728097,1.0424241404464296,0.6608962068907465,0.6124746058728097,0.6949494269642864,0.27614625652930935,0.3205103789754333,0.3369341563786008,100.0,100.0,5285,7215,3766,80,6,372,0.015137180700094607,8.316008316008316E-4,0.09877854487519915,0.65,0.7000000000000001,0.2,0.5,80.0,75.0,30.0,0.55,0.8,0.30000000000000004,0.6000000000000001,80.0,85.0,40.0,8731,7283,1448,8731,0.16584583667392053,0.397759341719985,0.5,0.79551868343997,2640,0.36248798572017027,1.0,1
"iteration_1","SCOPE_DATA_COLLECTION",1400,13,850.0,910.0,1,8839,5421,2006,8792,5445,2047,8615,5251,1944,216,165,77,0.024459291133506963,0.030465288035450518,0.03809995051954478,0.33044810344537323,0.6124746058728097,1.0424241404464296,0.6608962068907465,0.6124746058728097,0.6949494269642864,0.27614625652930935,0.3205103789754333,0.3369341563786008,100.0,100.0,5285,7215,3766,80,6,372,0.015137180700094607,8.316008316008316E-4,0.09877854487519915,0.65,0.7000000000000001,0.2,0.5,80.0,75.0,30.0,0.55,0.8,0.30000000000000004,0.6000000000000001,80.0,85.0,40.0,5584,4563,1021,5584,0.1828438395415473,0.7444752455519044,1.0,0.7444752455519044,1786,0.39140916063992987,1.0,1
"iteration_1","SCOPE_DATA_COLLECTION",1400,13,850.0,910.0,2,8839,5421,2006,8792,5445,2047,8615,5251,1944,216,165,77,0.024459291133506963,0.030465288035450518,0.03809995051954478,0.33044810344537323,0.6124746058728097,1.0424241404464296,0.6608962068907465,0.6124746058728097,0.6949494269642864,0.27614625652930935,0.3205103789754333,0.3369341563786008,100.0,100.0,5285,7215,3766,80,6,372,0.015137180700094607,8.316008316008316E-4,0.09877854487519915,0.65,0.7000000000000001,0.2,0.5,80.0,75.0,30.0,0.55,0.8,0.30000000000000004,0.6000000000000001,80.0,85.0,40.0,2032,1626,406,2032,0.19980314960629922,1.1777391760947,1.5,0.7851594507298,643,0.39544895448954487,1.0,1
"iteration_1","SCOPE_DATA_COLLECTION",1400,14,910.0,970.0,0,8731,5584,2032,8839,5421,2006,7276,4576,1624,1440,1016,402,0.16521340064249657,0.18168812589413447,0.19842053307008883,0.39646410052929293,0.7419924550612912,1.1729708308758733,0.7929282010585859,0.7419924550612912,0.7819805539172489,0.36022539857064323,0.3902972027972028,0.3934729064039409,100.0,100.0,5417,5915,5015,116,3,2739,0.021414066826656822,5.071851225697379E-4,0.5461615154536391,0.55,0.8,0.30000000000000004,0.6000000000000001,80.0,85.0,40.0,0.75,0.30000000000000004,0.8,0.1,50.0,40.0,40.0,8735,8697,38,8735,0.004350314825414997,0.31253721010038865,0.5,0.6250744202007773,2190,0.25181096929975855,1.0,1
"iteration_1","SCOPE_DATA_COLLECTION",1400,14,910.0,970.0,1,8731,5584,2032,8839,5421,2006,7276,4576,1624,1440,1016,402,0.16521340064249657,0.18168812589413447,0.19842053307008883,0.39646410052929293,0.7419924550612912,1.1729708308758733,0.7929282010585859,0.7419924550612912,0.7819805539172489,0.36022539857064323,0.3902972027972028,0.3934729064039409,100.0,100.0,5417,5915,5015,116,3,2739,0.021414066826656822,5.071851225697379E-4,0.5461615154536391,0.55,0.8,0.30000000000000004,0.6000000000000001,80.0,85.0,40.0,0.75,0.30000000000000004,0.8,0.1,50.0,40.0,40.0,5450,5410,40,5450,0.007339449541284404,0.637893511150297,1.0,0.637893511150297,1702,0.3146025878003697,1.0,1
"iteration_1","SCOPE_DATA_COLLECTION",1400,14,910.0,970.0,2,8731,5584,2032,8839,5421,2006,7276,4576,1624,1440,1016,402,0.16521340064249657,0.18168812589413447,0.19842053307008883,0.39646410052929293,0.7419924550612912,1.1729708308758733,0.7929282010585859,0.7419924550612912,0.7819805539172489,0.36022539857064323,0.3902972027972028,0.3934729064039409,100.0,100.0,5417,5915,5015,116,3,2739,0.021414066826656822,5.071851225697379E-4,0.5461615154536391,0.55,0.8,0.30000000000000004,0.6000000000000001,80.0,85.0,40.0,0.75,0.30000000000000004,0.8,0.1,50.0,40.0,40.0,2111,2086,25,2111,0.011842728564661297,0.9733499551467876,1.5,0.6488999700978584,665,0.3187919463087248,1.0,1
"iteration_1","SCOPE_DATA_COLLECTION",1400,15,970.0,1030.0,0,8735,5450,2111,8731,5584,2032,8708,5391,2082,46,45,29,0.0052547406899703,0.008278145695364239,0.013737565135007106,0.3138444376254842,0.6364455385666088,0.9730899263965962,0.6276888752509684,0.6364455385666088,0.6487266175977308,0.2541341295360588,0.31385642737896496,0.3174831892411143,100.0,100.0,5194,8366,2736,66,19,35,0.012706969580284944,0.002271097298589529,0.012792397660818713,0.75,0.30000000000000004,0.8,0.1,50.0,40.0,40.0,0.75,0.4,0.9,0.1,50.0,40.0,50.0,8894,8857,37,8894,0.004160107937935687,0.30569282620878124,0.5,0.6113856524175625,2253,0.2543750705656543,1.0,1
"iteration_1","SCOPE_DATA_COLLECTION",1400,15,970.0,1030.0,1,8735,5450,2111,8731,5584,2032,8708,5391,2082,46,45,29,0.0052547406899703,0.008278145695364239,0.013737565135007106,0.3138444376254842,0.6364455385666088,0.9730899263965962,0.6276888752509684,0.6364455385666088,0.6487266175977308,0.2541341295360588,0.31385642737896496,0.3174831892411143,100.0,100.0,5194,8366,2736,66,19,35,0.012706969580284944,0.002271097298589529,0.012792397660818713,0.75,0.30000000000000004,0.8,0.1,50.0,40.0,40.0,0.75,0.4,0.9,0.1,50.0,40.0,50.0,5381,5335,46,5381,0.008548596915071548,0.6428227693382185,1.0,0.6428227693382185,1715,0.32146204311152765,1.0,1
"iteration_1","SCOPE_DATA_COLLECTION",1400,15,970.0,1030.0,2,8735,5450,2111,8731,5584,2032,8708,5391,2082,46,45,29,0.0052547406899703,0.008278145695364239,0.013737565135007106,0.3138444376254842,0.6364455385666088,0.9730899263965962,0.6276888752509684,0.6364455385666088,0.6487266175977308,0.2541341295360588,0.31385642737896496,0.3174831892411143,100.0,100.0,5194,8366,2736,66,19,35,0.012706969580284944,0.002271097298589529,0.012792397660818713,0.75,0.30000000000000004,0.8,0.1,50.0,40.0,40.0,0.75,0.4,0.9,0.1,50.0,40.0,50.0,2049,2021,28,2049,0.013665202537823329,0.9811162275267108,1.5,0.6540774850178072,662,0.3275606135576447,1.0,1
"iteration_1","SCOPE_DATA_COLLECTION",1400,16,1030.0,1090.0,0,8894,5381,2049,8735,5450,2111,8866,5340,2023,37,46,28,0.004155902504773672,0.008540660972892685,0.013651877133105802,0.30635733097286577,0.6437244717699018,0.9834266162461365,0.6127146619457315,0.6437244717699018,0.655617744164091,0.25524475524475526,0.32172284644194754,0.328719723183391,100.0,100.0,5206,8327,2791,64,16,31,0.012293507491356128,0.001921460309835475,0.011107130060910068,0.75,0.4,0.9,0.1,50.0,40.0,50.0,0.65,0.4,0.8,0.1,40.0,50.0,40.0,8697,8476,221,8697,0.025411061285500747,0.33058281167748316,0.5,0.6611656233549663,2349,0.2771354412458707,1.0,1
"iteration_1","SCOPE_DATA_COLLECTION",1400,16,1030.0,1090.0,1,8894,5381,2049,8735,5450,2111,8866,5340,2023,37,46,28,0.004155902504773672,0.008540660972892685,0.013651877133105802,0.30635733097286577,0.6437244717699018,0.9834266162461365,0.6127146619457315,0.6437244717699018,0.655617744164091,0.25524475524475526,0.32172284644194754,0.328719723183391,100.0,100.0,5206,8327,2791,64,16,31,0.012293507491356128,0.001921460309835475,0.011107130060910068,0.75,0.4,0.9,0.1,50.0,40.0,50.0,0.65,0.4,0.8,0.1,40.0,50.0,40.0,5368,5235,133,5368,0.02477645305514158,0.6560564893803896,1.0,0.6560564893803896,1704,0.32550143266475645,1.0,1
"iteration_1","SCOPE_DATA_COLLECTION",1400,16,1030.0,1090.0,2,8894,5381,2049,8735,5450,2111,8866,5340,2023,37,46,28,0.004155902504773672,0.008540660972892685,0.013651877133105802,0.30635733097286577,0.6437244717699018,0.9834266162461365,0.6127146619457315,0.6437244717699018,0.655617744164091,0.25524475524475526,0.32172284644194754,0.328719723183391,100.0,100.0,5206,8327,2791,64,16,31,0.012293507491356128,0.001921460309835475,0.011107130060910068,0.75,0.4,0.9,0.1,50.0,40.0,50.0,0.65,0.4,0.8,0.1,40.0,50.0,40.0,2022,1952,70,2022,0.03461918892185954,0.9861844234785736,1.5,0.6574562823190491,646,0.33094262295081966,1.0,1
"iteration_1","SCOPE_DATA_COLLECTION",1400,17,1090.0,1150.0,0,8697,5368,2022,8894,5381,2049,8472,5226,1957,221,133,70,0.025422753939951685,0.024818063071468558,0.03453379378391712,0.3294553015879603,0.6551917007173546,0.9870946159533416,0.6589106031759207,0.6551917007173546,0.6580630773022277,0.2753777148253069,0.3243398392652124,0.3311190597853858,100.0,100.0,5214,7033,3840,50,6,368,0.009589566551591868,8.531210009953079E-4,0.09583333333333334,0.65,0.4,0.8,0.1,40.0,50.0,40.0,0.5,0.6000000000000001,0.5,0.30000000000000004,80.0,25.0,65.0,8739,6660,2079,8739,0.23789907312049433,0.45109018395497613,0.5,0.9021803679099523,2726,0.4093093093093093,1.0,1
"iteration_1","SCOPE_DATA_COLLECTION",1400,17,1090.0,1150.0,1,8697,5368,2022,8894,5381,2049,8472,5226,1957,221,133,70,0.025422753939951685,0.024818063071468558,0.03453379378391712,0.3294553015879603,0.6551917007173546,0.9870946159533416,0.6589106031759207,0.6551917007173546,0.6580630773022277,0.2753777148253069,0.3243398392652124,0.3311190597853858,100.0,100.0,5214,7033,3840,50,6,368,0.009589566551591868,8.531210009953079E-4,0.09583333333333334,0.65,0.4,0.8,0.1,40.0,50.0,40.0,0.5,0.6000000000000001,0.5,0.30000000000000004,80.0,25.0,65.0,5434,4066,1368,5434,0.2517482517482518,0.8133105962556214,1.0,0.8133105962556214,1836,0.4515494343334973,1.0,1
"iteration_1","SCOPE_DATA_COLLECTION",1400,17,1090.0,1150.0,2,8697,5368,2022,8894,5381,2049,8472,5226,1957,221,133,70,0.025422753939951685,0.024818063071468558,0.03453379378391712,0.3294553015879603,0.6551917007173546,0.9870946159533416,0.6589106031759207,0.6551917007173546,0.6580630773022277,0.2753777148253069,0.3243398392652124,0.3311190597853858,100.0,100.0,5214,7033,3840,50,6,368,0.009589566551591868,8.531210009953079E-4,0.09583333333333334,0.65,0.4,0.8,0.1,40.0,50.0,40.0,0.5,0.6000000000000001,0.5,0.30000000000000004,80.0,25.0,65.0,2056,1467,589,2056,0.28647859922178986,1.2290258005701402,1.5,0.8193505337134268,629,0.4287661895023858,1.0,1
"iteration_1","SCOPE_DATA_COLLECTION",1400,18,1150.0,1210.0,0,8739,5434,2056,8697,5368,2022,6656,4087,1468,2079,1368,589,0.23800801373783628,0.2507791017415215,0.28633932912007776,0.4513255951512799,0.8151085665483029,1.2213455140732372,0.9026511903025598,0.8151085665483029,0.8142303427154914,0.40955528846153844,0.4531441154881331,0.4257493188010899,95.0,100.0,5454,5386,5389,106,9,3921,0.019435276861019434,0.0016709988860007428,0.7275932455000927,0.5,0.6000000000000001,0.5,0.30000000000000004,80.0,25.0,65.0,0.5,0.6000000000000001,0.5,0.30000000000000004,80.0,25.0,65.0,8752,6218,2534,8752,0.28953382084095064,0.39999357617403175,0.5,0.7999871523480635,2346,0.37729173367642327,1.0,1
"iteration_1","SCOPE_DATA_COLLECTION",1400,18,1150.0,1210.0,1,8739,5434,2056,8697,5368,2022,6656,4087,1468,2079,1368,589,0.23800801373783628,0.2507791017415215,0.28633932912007776,0.4513255951512799,0.8151085665483029,1.2213455140732372,0.9026511903025598,0.8151085665483029,0.8142303427154914,0.40955528846153844,0.4531441154881331,0.4257493188010899,95.0,100.0,5454,5386,5389,106,9,3921,0.019435276861019434,0.0016709988860007428,0.7275932455000927,0.5,0.6000000000000001,0.5,0.30000000000000004,80.0,25.0,65.0,0.5,0.6000000000000001,0.5,0.30000000000000004,80.0,25.0,65.0,5621,3854,1767,5621,0.3143568760007116,0.8271007353562779,1.0,0.8271007353562779,1788,0.4639335755059678,1.0,1
"iteration_1","SCOPE_DATA_COLLECTION",1400,18,1150.0,1210.0,2,8739,5434,2056,8697,5368,2022,6656,4087,1468,2079,1368,589,0.23800801373783628,0.2507791017415215,0.28633932912007776,0.4513255951512799,0.8151085665483029,1.2213455140732372,0.9026511903025598,0.8151085665483029,0.8142303427154914,0.40955528846153844,0.4531441154881331,0.4257493188010899,95.0,100.0,5454,5386,5389,106,9,3921,0.019435276861019434,0.0016709988860007428,0.7275932455000927,0.5,0.6000000000000001,0.5,0.30000000000000004,80.0,25.0,65.0,0.5,0.6000000000000001,0.5,0.30000000000000004,80.0,25.0,65.0,1979,1311,668,1979,0.337544214249621,1.3056056975842216,1.5,0.8704037983894811,630,0.4805491990846682,1.0,1
"iteration_1","SCOPE_DATA_COLLECTION",1400,19,1210.0,1270.0,0,8752,5621,1979,8739,5434,2056,6196,3821,1305,2534,1767,668,0.2902634593356243,0.3162133142448103,0.3385707045108971,0.3984095722711774,0.8238266213289338,1.312870609523935,0.7968191445423548,0.8238266213289338,0.8752470730159567,0.3749193027759845,0.4634912326616069,0.48582375478927203,100.0,100.0,5293,5411,5648,98,6,4865,0.018515019837521254,0.0011088523378303455,0.8613668555240793,0.5,0.6000000000000001,0.5,0.30000000000000004,80.0,25.0,65.0,0.9500000000000001,0.2,0.2,0.5,30.0,25.0,75.0,8658,8254,404,8658,0.04666204666204666,0.3168048081820891,0.5,0.6336096163641782,2140,0.259268233583717,1.0,1
"iteration_1","SCOPE_DATA_COLLECTION",1400,19,1210.0,1270.0,1,8752,5621,1979,8739,5434,2056,6196,3821,1305,2534,1767,668,0.2902634593356243,0.3162133142448103,0.3385707045108971,0.3984095722711774,0.8238266213289338,1.312870609523935,0.7968191445423548,0.8238266213289338,0.8752470730159567,0.3749193027759845,0.4634912326616069,0.48582375478927203,100.0,100.0,5293,5411,5648,98,6,4865,0.018515019837521254,0.0011088523378303455,0.8613668555240793,0.5,0.6000000000000001,0.5,0.30000000000000004,80.0,25.0,65.0,0.9500000000000001,0.2,0.2,0.5,30.0,25.0,75.0,5455,5165,290,5455,0.05316223648029331,0.6261602966009744,1.0,0.6261602966009744,1695,0.3281703775411423,1.0,1
"iteration_1","SCOPE_DATA_COLLECTION",1400,19,1210.0,1270.0,2,8752,5621,1979,8739,5434,2056,6196,3821,1305,2534,1767,668,0.2902634593356243,0.3162133142448103,0.3385707045108971,0.3984095722711774,0.8238266213289338,1.312870609523935,0.7968191445423548,0.8238266213289338,0.8752470730159567,0.3749193027759845,0.4634912326616069,0.48582375478927203,100.0,100.0,5293,5411,5648,98,6,4865,0.018515019837521254,0.0011088523378303455,0.8613668555240793,0.5,0.6000000000000001,0.5,0.30000000000000004,80.0,25.0,65.0,0.9500000000000001,0.2,0.2,0.5,30.0,25.0,75.0,2010,1870,140,2010,0.06965174129353234,1.0442643033899648,1.5,0.6961762022599766,649,0.34705882352941175,1.0,1
"iteration_1","SCOPE_DATA_COLLECTION",1400,20,1270.0,1330.0,0,8658,5455,2010,8752,5621,1979,8267,5183,1868,404,290,140,0.04659208857109907,0.052987392654851084,0.0697211155378486,0.31758297354050813,0.6311817048214892,1.043149747752246,0.6351659470810163,0.6311817048214892,0.695433165168164,0.26091689851215677,0.3301176924561065,0.34582441113490364,100.0,100.0,5420,10178,525,94,734,6,0.01734317343173432,0.07211632933778739,0.011428571428571429,0.9500000000000001,0.2,0.2,0.5,30.0,25.0,75.0,0.9500000000000001,0.2,0.2,0.6000000000000001,20.0,35.0,75.0,8632,7764,868,8632,0.10055607043558851,0.3383663528269837,0.5,0.6767327056539674,2190,0.2820710973724884,1.0,1
"iteration_1","SCOPE_DATA_COLLECTION",1400,20,1270.0,1330.0,1,8658,5455,2010,8752,5621,1979,8267,5183,1868,404,290,140,0.04659208857109907,0.052987392654851084,0.0697211155378486,0.31758297354050813,0.6311817048214892,1.043149747752246,0.6351659470810163,0.6311817048214892,0.695433165168164,0.26091689851215677,0.3301176924561065,0.34582441113490364,100.0,100.0,5420,10178,525,94,734,6,0.01734317343173432,0.07211632933778739,0.011428571428571429,0.9500000000000001,0.2,0.2,0.5,30.0,25.0,75.0,0.9500000000000001,0.2,0.2,0.6000000000000001,20.0,35.0,75.0,5383,4825,558,5383,0.10365966932937024,0.6719857033677061,1.0,0.6719857033677061,1782,0.3693264248704663,1.0,1
"iteration_1","SCOPE_DATA_COLLECTION",1400,20,1270.0,1330.0,2,8658,5455,2010,8752,5621,1979,8267,5183,1868,404,290,140,0.04659208857109907,0.052987392654851084,0.0697211155378486,0.31758297354050813,0.6311817048214892,1.043149747752246,0.6351659470810163,0.6311817048214892,0.695433165168164,0.26091689851215677,0.3301176924561065,0.34582441113490364,100.0,100.0,5420,10178,525,94,734,6,0.01734317343173432,0.07211632933778739,0.011428571428571429,0.9500000000000001,0.2,0.2,0.5,30.0,25.0,75.0,0.9500000000000001,0.2,0.2,0.6000000000000001,20.0,35.0,75.0,1988,1758,230,1988,0.11569416498993963,1.0293490757339632,1.5,0.6862327171559754,610,0.34698521046643915,1.0,1
"iteration_1","SCOPE_DATA_COLLECTION",1400,21,1330.0,1390.0,0,8632,5383,1988,8658,5455,2010,7721,4815,1756,862,544,220,0.10043108470231854,0.10151147602164583,0.11133603238866396,0.33534955008510114,0.6688871133753088,1.0356741055575478,0.6706991001702023,0.6688871133753088,0.6904494037050318,0.2785908561067219,0.36656282450674976,0.35022779043280183,100.0,100.0,5385,10057,561,54,1572,0,0.010027855153203343,0.15630903848066025,0.0,0.9500000000000001,0.2,0.2,0.6000000000000001,20.0,35.0,75.0,0.9500000000000001,0.1,0.1,0.7000000000000001,20.0,45.0,65.0,8975,8382,593,8975,0.0660724233983287,0.30117098587823443,0.5,0.6023419717564689,1896,0.22619899785254116,1.0,1
"iteration_1","SCOPE_DATA_COLLECTION",1400,21,1330.0,1390.0,1,8632,5383,1988,8658,5455,2010,7721,4815,1756,862,544,220,0.10043108470231854,0.10151147602164583,0.11133603238866396,0.33534955008510114,0.6688871133753088,1.0356741055575478,0.6706991001702023,0.6688871133753088,0.6904494037050318,0.2785908561067219,0.36656282450674976,0.35022779043280183,100.0,100.0,5385,10057,561,54,1572,0,0.010027855153203343,0.15630903848066025,0.0,0.9500000000000001,0.2,0.2,0.6000000000000001,20.0,35.0,75.0,0.9500000000000001,0.1,0.1,0.7000000000000001,20.0,45.0,65.0,5385,4985,400,5385,0.07428040854224698,0.6357872931327329,1.0,0.6357872931327329,1736,0.3482447342026078,1.0,1
"iteration_1","SCOPE_DATA_COLLECTION",1400,21,1330.0,1390.0,2,8632,5383,1988,8658,5455,2010,7721,4815,1756,862,544,220,0.10043108470231854,0.10151147602164583,0.11133603238866396,0.33534955008510114,0.6688871133753088,1.0356741055575478,0.6706991001702023,0.6688871133753088,0.6904494037050318,0.2785908561067219,0.36656282450674976,0.35022779043280183,100.0,100.0,5385,10057,561,54,1572,0,0.010027855153203343,0.15630903848066025,0.0,0.9500000000000001,0.2,0.2,0.6000000000000001,20.0,35.0,75.0,0.9500000000000001,0.1,0.1,0.7000000000000001,20.0,45.0,65.0,2048,1868,180,2048,0.087890625,1.0277544910467178,1.5,0.6851696606978118,656,0.3511777301927195,1.0,1
"iteration_1","SCOPE_DATA_COLLECTION",1400,22,1390.0,1450.0,0,8975,5385,2048,8632,5383,1988,8428,4995,1865,599,414,190,0.06635648609726376,0.07653910149750416,0.09245742092457421,0.3051630575894638,0.639210542897721,1.0196610936883794,0.6103261151789277,0.639210542897721,0.6797740624589196,0.23089700996677742,0.35155155155155154,0.3463806970509383,100.0,100.0,5439,10397,572,40,1163,0,0.007354293068578783,0.1118591901510051,0.0,0.9500000000000001,0.1,0.1,0.7000000000000001,20.0,45.0,65.0,0.9500000000000001,0.1,0.1,0.7000000000000001,20.0,35.0,55.0,8748,8418,330,8748,0.03772290809327846,0.3050716111191521,0.5,0.6101432222383042,1865,0.22154906153480636,1.0,1
"iteration_1","SCOPE_DATA_COLLECTION",1400,22,1390.0,1450.0,1,8975,5385,2048,8632,5383,1988,8428,4995,1865,599,414,190,0.06635648609726376,0.07653910149750416,0.09245742092457421,0.3051630575894638,0.639210542897721,1.0196610936883794,0.6103261151789277,0.639210542897721,0.6797740624589196,0.23089700996677742,0.35155155155155154,0.3463806970509383,100.0,100.0,5439,10397,572,40,1163,0,0.007354293068578783,0.1118591901510051,0.0,0.9500000000000001,0.1,0.1,0.7000000000000001,20.0,45.0,65.0,0.9500000000000001,0.1,0.1,0.7000000000000001,20.0,35.0,55.0,5438,5227,211,5438,0.0388010297903641,0.6177152900417802,1.0,0.6177152900417802,1685,0.32236464511191887,1.0,1
"iteration_1","SCOPE_DATA_COLLECTION",1400,22,1390.0,1450.0,2,8975,5385,2048,8632,5383,1988,8428,4995,1865,599,414,190,0.06635648609726376,0.07653910149750416,0.09245742092457421,0.3051630575894638,0.639210542897721,1.0196610936883794,0.6103261151789277,0.639210542897721,0.6797740624589196,0.23089700996677742,0.35155155155155154,0.3463806970509383,100.0,100.0,5439,10397,572,40,1163,0,0.007354293068578783,0.1118591901510051,0.0,0.9500000000000001,0.1,0.1,0.7000000000000001,20.0,45.0,65.0,0.9500000000000001,0.1,0.1,0.7000000000000001,20.0,35.0,55.0,2096,2000,96,2096,0.04580152671755725,1.0061589246252147,1.5,0.6707726164168099,663,0.3315,1.0,1
"iteration_1","SCOPE_DATA_COLLECTION",1400,23,1450.0,1510.0,0,8748,5438,2096,8975,5385,2048,8406,5226,2010,330,211,96,0.03777472527472527,0.03880816626816259,0.045584045584045586,0.3044443000390338,0.6164743850051105,1.0071391349497396,0.6088886000780676,0.6164743850051105,0.6714260899664931,0.22055674518201285,0.3214695752009185,0.33134328358208953,100.0,100.0,5387,10318,577,45,592,0,0.008353443475032486,0.05737546036053499,0.0,0.9500000000000001,0.1,0.1,0.7000000000000001,20.0,35.0,55.0,0.9500000000000001,0.1,0.1,0.7000000000000001,20.0,35.0,55.0,8668,8411,257,8668,0.02964928472542686,0.3066094168684646,0.5,0.6132188337369292,1997,0.23742717869456664,1.0,1
"iteration_1","SCOPE_DATA_COLLECTION",1400,23,1450.0,1510.0,1,8748,5438,2096,8975,5385,2048,8406,5226,2010,330,211,96,0.03777472527472527,0.03880816626816259,0.045584045584045586,0.3044443000390338,0.6164743850051105,1.0071391349497396,0.6088886000780676,0.6164743850051105,0.6714260899664931,0.22055674518201285,0.3214695752009185,0.33134328358208953,100.0,100.0,5387,10318,577,45,592,0,0.008353443475032486,0.05737546036053499,0.0,0.9500000000000001,0.1,0.1,0.7000000000000001,20.0,35.0,55.0,0.9500000000000001,0.1,0.1,0.7000000000000001,20.0,35.0,55.0,5419,5242,177,5419,0.03266285292489389,0.6347586596767979,1.0,0.6347586596767979,1755,0.33479587943533,1.0,1
"iteration_1","SCOPE_DATA_COLLECTION",1400,23,1450.0,1510.0,2,8748,5438,2096,8975,5385,2048,8406,5226,2010,330,211,96,0.03777472527472527,0.03880816626816259,0.045584045584045586,0.3044443000390338,0.6164743850051105,1.0071391349497396,0.6088886000780676,0.6164743850051105,0.6714260899664931,0.22055674518201285,0.3214695752009185,0.33134328358208953,100.0,100.0,5387,10318,577,45,592,0,0.008353443475032486,0.05737546036053499,0.0,0.9500000000000001,0.1,0.1,0.7000000000000001,20.0,35.0,55.0,0.9500000000000001,0.1,0.1,0.7000000000000001,20.0,35.0,55.0,1977,1866,111,1977,0.05614567526555387,1.0086689988933124,1.5,0.6724459992622083,626,0.3354769560557342,1.0,1
"iteration_1","SCOPE_DATA_COLLECTION",1400,24,1510.0,1570.0,0,8668,5419,1977,8748,5438,2096,8429,5242,1859,257,177,111,0.02958784250518075,0.03266285292489389,0.05634517766497462,0.3082519721366509,0.6383427252657631,1.0121735498366082,0.6165039442733018,0.6383427252657631,0.6747823665577388,0.23988610748606004,0.3372758489126288,0.3378160301237224,92.5,100.0,5397,10134,533,38,507,0,0.0070409486751899205,0.050029603315571346,0.0,0.9500000000000001,0.1,0.1,0.7000000000000001,20.0,35.0,55.0,0.9500000000000001,0.1,0.1,0.7000000000000001,20.0,35.0,55.0,8862,8572,290,8862,0.032723990069961635,0.32121754427717186,0.5,0.6424350885543437,2073,0.2418338777414839,1.0,1
"iteration_1","SCOPE_DATA_COLLECTION",1400,24,1510.0,1570.0,1,8668,5419,1977,8748,5438,2096,8429,5242,1859,257,177,111,0.02958784250518075,0.03266285292489389,0.05634517766497462,0.3082519721366509,0.6383427252657631,1.0121735498366082,0.6165039442733018,0.6383427252657631,0.6747823665577388,0.23988610748606004,0.3372758489126288,0.3378160301237224,92.5,100.0,5397,10134,533,38,507,0,0.0070409486751899205,0.050029603315571346,0.0,0.9500000000000001,0.1,0.1,0.7000000000000001,20.0,35.0,55.0,0.9500000000000001,0.1,0.1,0.7000000000000001,20.0,35.0,55.0,5526,5353,173,5526,0.03130655085052479,0.6512131940659127,1.0,0.6512131940659127,1831,0.3420511862507005,1.0,1
"iteration_1","SCOPE_DATA_COLLECTION",1400,24,1510.0,1570.0,2,8668,5419,1977,8748,5438,2096,8429,5242,1859,257,177,111,0.02958784250518075,0.03266285292489389,0.05634517766497462,0.3082519721366509,0.6383427252657631,1.0121735498366082,0.6165039442733018,0.6383427252657631,0.6747823665577388,0.23988610748606004,0.3372758489126288,0.3378160301237224,92.5,100.0,5397,10134,533,38,507,0,0.0070409486751899205,0.050029603315571346,0.0,0.9500000000000001,0.1,0.1,0.7000000000000001,20.0,35.0,55.0,0.9500000000000001,0.1,0.1,0.7000000000000001,20.0,35.0,55.0,2019,1916,103,2019,0.05101535413571075,1.0145083436150195,1.5,0.6763388957433464,642,0.33507306889352817,1.0,1
"iteration_1","SCOPE_DATA_COLLECTION",1400,25,1570.0,1630.0,0,8862,5526,2019,8668,5419,1977,8559,5353,1922,290,172,103,0.032772064640072325,0.031131221719457012,0.0508641975308642,0.32002165982324976,0.6477136319359378,1.014101403793918,0.6400433196464995,0.6477136319359378,0.6760676025292787,0.23939712583245706,0.33943583037549035,0.3350676378772112,97.5,100.0,5517,10373,517,45,520,0,0.008156606851549755,0.050130145570230406,0.0,0.9500000000000001,0.1,0.1,0.7000000000000001,20.0,35.0,55.0,0.8500000000000001,0.1,0.1,0.8,20.0,25.0,65.0,8801,8760,41,8801,0.004658561527099194,0.2950430406705726,0.5,0.5900860813411452,2051,0.2341324200913242,1.0,1
"iteration_1","SCOPE_DATA_COLLECTION",1400,25,1570.0,1630.0,1,8862,5526,2019,8668,5419,1977,8559,5353,1922,290,172,103,0.032772064640072325,0.031131221719457012,0.0508641975308642,0.32002165982324976,0.6477136319359378,1.014101403793918,0.6400433196464995,0.6477136319359378,0.6760676025292787,0.23939712583245706,0.33943583037549035,0.3350676378772112,97.5,100.0,5517,10373,517,45,520,0,0.008156606851549755,0.050130145570230406,0.0,0.9500000000000001,0.1,0.1,0.7000000000000001,20.0,35.0,55.0,0.8500000000000001,0.1,0.1,0.8,20.0,25.0,65.0,5528,5490,38,5528,0.006874095513748191,0.6223893290169529,1.0,0.6223893290169529,1788,0.3256830601092896,1.0,1
"iteration_1","SCOPE_DATA_COLLECTION",1400,25,1570.0,1630.0,2,8862,5526,2019,8668,5419,1977,8559,5353,1922,290,172,103,0.032772064640072325,0.031131221719457012,0.0508641975308642,0.32002165982324976,0.6477136319359378,1.014101403793918,0.6400433196464995,0.6477136319359378,0.6760676025292787,0.23939712583245706,0.33943583037549035,0.3350676378772112,97.5,100.0,5517,10373,517,45,520,0,0.008156606851549755,0.050130145570230406,0.0,0.9500000000000001,0.1,0.1,0.7000000000000001,20.0,35.0,55.0,0.8500000000000001,0.1,0.1,0.8,20.0,25.0,65.0,2005,1966,39,2005,0.01945137157107232,0.9837257512351603,1.5,0.6558171674901069,642,0.32655137334689727,1.0,1
"iteration_1","SCOPE_DATA_COLLECTION",1400,26,1630.0,1690.0,0,8801,5528,2005,8862,5526,2019,8750,5492,1967,41,39,39,0.004663860766693209,0.007051166154402459,0.019441674975074777,0.2945056654659048,0.6232922477145851,0.9803670602672185,0.5890113309318096,0.6232922477145851,0.6535780401781457,0.23405714285714285,0.3264748725418791,0.32486019318759535,100.0,100.0,5422,9272,1640,47,72,0,0.00866838804869052,0.007765314926660914,0.0,0.8500000000000001,0.1,0.1,0.8,20.0,25.0,65.0,0.9,0.4,0.1,0.8,65.0,25.0,35.0,8902,8661,241,8902,0.027072567962255673,0.3486684910098301,0.5,0.6973369820196602,2323,0.2682138321210022,1.0,1
"iteration_1","SCOPE_DATA_COLLECTION",1400,26,1630.0,1690.0,1,8801,5528,2005,8862,5526,2019,8750,5492,1967,41,39,39,0.004663860766693209,0.007051166154402459,0.019441674975074777,0.2945056654659048,0.6232922477145851,0.9803670602672185,0.5890113309318096,0.6232922477145851,0.6535780401781457,0.23405714285714285,0.3264748725418791,0.32486019318759535,100.0,100.0,5422,9272,1640,47,72,0,0.00866838804869052,0.007765314926660914,0.0,0.8500000000000001,0.1,0.1,0.8,20.0,25.0,65.0,0.9,0.4,0.1,0.8,65.0,25.0,35.0,5540,5379,161,5540,0.029061371841155235,0.6123381823105519,1.0,0.6123381823105519,1721,0.3199479457148169,1.0,1
"iteration_1","SCOPE_DATA_COLLECTION",1400,26,1630.0,1690.0,2,8801,5528,2005,8862,5526,2019,8750,5492,1967,41,39,39,0.004663860766693209,0.007051166154402459,0.019441674975074777,0.2945056654659048,0.6232922477145851,0.9803670602672185,0.5890113309318096,0.6232922477145851,0.6535780401781457,0.23405714285714285,0.3264748725418791,0.32486019318759535,100.0,100.0,5422,9272,1640,47,72,0,0.00866838804869052,0.007765314926660914,0.0,0.8500000000000001,0.1,0.1,0.8,20.0,25.0,65.0,0.9,0.4,0.1,0.8,65.0,25.0,35.0,2031,1946,85,2031,0.041851304775972424,1.013648928607842,1.5,0.6757659524052281,619,0.3180883864337102,1.0,1
"iteration_1","SCOPE_DATA_COLLECTION",1400,27,1690.0,1750.0,0,8902,5540,2031,8801,5528,2005,8694,5389,1938,241,161,85,0.026972579742585337,0.029009009009009008,0.04201680672268908,0.3497045433820489,0.6145121869804179,1.017526461572988,0.6994090867640979,0.6145121869804179,0.678350974381992,0.2696112261329653,0.32158099832993137,0.31991744066047473,95.0,100.0,5257,10096,1120,80,407,0,0.015217804831653034,0.04031299524564184,0.0,0.9,0.4,0.1,0.8,65.0,25.0,35.0,0.8,0.5,0.1,0.8,55.0,20.0,25.0,8926,8908,18,8926,0.002016580775263276,0.3023713474600557,0.5,0.6047426949201113,2267,0.25449034575662327,1.0,1
"iteration_1","SCOPE_DATA_COLLECTION",1400,27,1690.0,1750.0,1,8902,5540,2031,8801,5528,2005,8694,5389,1938,241,161,85,0.026972579742585337,0.029009009009009008,0.04201680672268908,0.3497045433820489,0.6145121869804179,1.017526461572988,0.6994090867640979,0.6145121869804179,0.678350974381992,0.2696112261329653,0.32158099832993137,0.31991744066047473,95.0,100.0,5257,10096,1120,80,407,0,0.015217804831653034,0.04031299524564184,0.0,0.9,0.4,0.1,0.8,65.0,25.0,35.0,0.8,0.5,0.1,0.8,55.0,20.0,25.0,5453,5438,15,5453,0.002750779387493123,0.5774604954377104,1.0,0.5774604954377104,1699,0.3124310408238323,1.0,1
"iteration_1","SCOPE_DATA_COLLECTION",1400,27,1690.0,1750.0,2,8902,5540,2031,8801,5528,2005,8694,5389,1938,241,161,85,0.026972579742585337,0.029009009009009008,0.04201680672268908,0.3497045433820489,0.6145121869804179,1.017526461572988,0.6994090867640979,0.6145121869804179,0.678350974381992,0.2696112261329653,0.32158099832993137,0.31991744066047473,95.0,100.0,5257,10096,1120,80,407,0,0.015217804831653034,0.04031299524564184,0.0,0.9,0.4,0.1,0.8,65.0,25.0,35.0,0.8,0.5,0.1,0.8,55.0,20.0,25.0,2029,1995,34,2029,0.016757023164120255,0.9649022047662987,1.5,0.6432681365108658,616,0.3087719298245614,1.0,1
"iteration_1","SCOPE_DATA_COLLECTION",1400,28,1750.0,1810.0,0,8926,5453,2029,8902,5540,2031,8912,5429,1992,18,15,34,0.002015677491601344,0.002755326965466569,0.01678183613030602,0.30216296300578066,0.5736962263684631,0.9583040581297542,0.6043259260115613,0.5736962263684631,0.6388693720865027,0.2544883303411131,0.30926505802173515,0.30622489959839355,100.0,100.0,5310,8807,2291,59,8,0,0.011111111111111112,9.083683433632338E-4,0.0,0.8,0.5,0.1,0.8,55.0,20.0,25.0,0.9,0.5,0.1,0.9,55.0,20.0,25.0,8805,8650,155,8805,0.017603634298693924,0.3171164729096644,0.5,0.6342329458193288,2189,0.2530635838150289,1.0,1
"iteration_1","SCOPE_DATA_COLLECTION",1400,28,1750.0,1810.0,1,8926,5453,2029,8902,5540,2031,8912,5429,1992,18,15,34,0.002015677491601344,0.002755326965466569,0.01678183613030602,0.30216296300578066,0.5736962263684631,0.9583040581297542,0.6043259260115613,0.5736962263684631,0.6388693720865027,0.2544883303411131,0.30926505802173515,0.30622489959839355,100.0,100.0,5310,8807,2291,59,8,0,0.011111111111111112,9.083683433632338E-4,0.0,0.8,0.5,0.1,0.8,55.0,20.0,25.0,0.9,0.5,0.1,0.9,55.0,20.0,25.0,5472,5373,99,5472,0.018092105263157895,0.5924010024795234,1.0,0.5924010024795234,1680,0.3126744835287549,1.0,1
"iteration_1","SCOPE_DATA_COLLECTION",1400,28,1750.0,1810.0,2,8926,5453,2029,8902,5540,2031,8912,5429,1992,18,15,34,0.002015677491601344,0.002755326965466569,0.01678183613030602,0.30216296300578066,0.5736962263684631,0.9583040581297542,0.6043259260115613,0.5736962263684631,0.6388693720865027,0.2544883303411131,0.30926505802173515,0.30622489959839355,100.0,100.0,5310,8807,2291,59,8,0,0.011111111111111112,9.083683433632338E-4,0.0,0.8,0.5,0.1,0.8,55.0,20.0,25.0,0.9,0.5,0.1,0.9,55.0,20.0,25.0,1996,1944,52,1996,0.026052104208416832,0.9742710124721881,1.5,0.649514008314792,596,0.3065843621399177,1.0,1
"iteration_1","SCOPE_DATA_COLLECTION",1400,29,1810.0,1870.0,0,8805,5472,1996,8926,5453,2029,8629,5384,1954,155,99,52,0.017645719489981785,0.018055808863760715,0.0259222333000997,0.31732291982232175,0.5956089362340028,0.98297709822376,0.6346458396446435,0.5956089362340028,0.6553180654825067,0.25333178815621743,0.31463595839524516,0.3101330603889457,100.0,100.0,5220,9948,1105,55,251,0,0.01053639846743295,0.025231202251708888,0.0,0.9,0.5,0.1,0.9,55.0,20.0,25.0,0.9500000000000001,0.4,0.1,0.9,55.0,30.0,35.0,8602,8514,88,8602,0.010230179028132993,0.33153558467096533,0.5,0.6630711693419307,2278,0.26755931407094197,1.0,1
"iteration_1","SCOPE_DATA_COLLECTION",1400,29,1810.0,1870.0,1,8805,5472,1996,8926,5453,2029,8629,5384,1954,155,99,52,0.017645719489981785,0.018055808863760715,0.0259222333000997,0.31732291982232175,0.5956089362340028,0.98297709822376,0.6346458396446435,0.5956089362340028,0.6553180654825067,0.25333178815621743,0.31463595839524516,0.3101330603889457,100.0,100.0,5220,9948,1105,55,251,0,0.01053639846743295,0.025231202251708888,0.0,0.9,0.5,0.1,0.9,55.0,20.0,25.0,0.9500000000000001,0.4,0.1,0.9,55.0,30.0,35.0,5391,5326,65,5391,0.012057132257466147,0.6028532327056467,1.0,0.6028532327056467,1692,0.3176868193766429,1.0,1
"iteration_1","SCOPE_DATA_COLLECTION",1400,29,1810.0,1870.0,2,8805,5472,1996,8926,5453,2029,8629,5384,1954,155,99,52,0.017645719489981785,0.018055808863760715,0.0259222333000997,0.31732291982232175,0.5956089362340028,0.98297709822376,0.6346458396446435,0.5956089362340028,0.6553180654825067,0.25333178815621743,0.31463595839524516,0.3101330603889457,100.0,100.0,5220,9948,1105,55,251,0,0.01053639846743295,0.025231202251708888,0.0,0.9,0.5,0.1,0.9,55.0,20.0,25.0,0.9500000000000001,0.4,0.1,0.9,55.0,30.0,35.0,1958,1892,66,1958,0.033707865168539325,0.9867270017400976,1.5,0.6578180011600651,591,0.3123678646934461,1.0,1
"iteration_1","SCOPE_DATA_COLLECTION",1400,30,1870.0,1930.0,0,8602,5391,1958,8805,5472,1996,8503,5306,1883,88,65,66,0.010243277848911651,0.012102029417240737,0.03386351975371986,0.3288563475164937,0.6007771951942803,0.981268211383903,0.6577126950329873,0.6007771951942803,0.6541788075892686,0.2653181230154063,0.317188088955899,0.3101433882103027,100.0,100.0,5371,10027,553,67,152,0,0.012474399553155838,0.015159070509624015,0.0,0.9500000000000001,0.4,0.1,0.9,55.0,30.0,35.0,0.9500000000000001,0.5,0.2,0.9,55.0,40.0,25.0,8763,8518,245,8763,0.027958461714024878,0.3676819142983989,0.5,0.7353638285967978,2455,0.28821319558581826,1.0,1
"iteration_1","SCOPE_DATA_COLLECTION",1400,30,1870.0,1930.0,1,8602,5391,1958,8805,5472,1996,8503,5306,1883,88,65,66,0.010243277848911651,0.012102029417240737,0.03386351975371986,0.3288563475164937,0.6007771951942803,0.981268211383903,0.6577126950329873,0.6007771951942803,0.6541788075892686,0.2653181230154063,0.317188088955899,0.3101433882103027,100.0,100.0,5371,10027,553,67,152,0,0.012474399553155838,0.015159070509624015,0.0,0.9500000000000001,0.4,0.1,0.9,55.0,30.0,35.0,0.9500000000000001,0.5,0.2,0.9,55.0,40.0,25.0,5476,5312,164,5476,0.029948867786705625,0.6429938075787645,1.0,0.6429938075787645,1798,0.3384789156626506,1.0,1
"iteration_1","SCOPE_DATA_COLLECTION",1400,30,1870.0,1930.0,2,8602,5391,1958,8805,5472,1996,8503,5306,1883,88,65,66,0.010243277848911651,0.012102029417240737,0.03386351975371986,0.3288563475164937,0.6007771951942803,0.981268211383903,0.6577126950329873,0.6007771951942803,0.6541788075892686,0.2653181230154063,0.317188088955899,0.3101433882103027,100.0,100.0,5371,10027,553,67,152,0,0.012474399553155838,0.015159070509624015,0.0,0.9500000000000001,0.4,0.1,0.9,55.0,30.0,35.0,0.9500000000000001,0.5,0.2,0.9,55.0,40.0,25.0,1982,1872,110,1982,0.055499495459132187,1.0359723355320003,1.5,0.6906482236880002,627,0.3349358974358974,1.0,1
"iteration_1","SCOPE_DATA_COLLECTION",1400,31,1930.0,1990.0,0,8763,5476,1982,8602,5391,1958,8454,5283,1872,245,164,110,0.02816415679963214,0.030108316504497887,0.055499495459132187,0.35941324911972083,0.6357973017975516,1.032880877722449,0.7188264982394417,0.6357973017975516,0.6885872518149659,0.2827064111663118,0.3327654741624077,0.3327991452991453,100.0,100.0,5322,10358,541,82,437,0,0.015407741450582487,0.042189611894188066,0.0,0.9500000000000001,0.5,0.2,0.9,55.0,40.0,25.0,0.8500000000000001,0.4,0.1,0.9,45.0,30.0,25.0,8776,8706,70,8776,0.007976298997265268,0.3038700696846981,0.5,0.6077401393693962,2219,0.2548816907879623,1.0,1
"iteration_1","SCOPE_DATA_COLLECTION",1400,31,1930.0,1990.0,1,8763,5476,1982,8602,5391,1958,8454,5283,1872,245,164,110,0.02816415679963214,0.030108316504497887,0.055499495459132187,0.35941324911972083,0.6357973017975516,1.032880877722449,0.7188264982394417,0.6357973017975516,0.6885872518149659,0.2827064111663118,0.3327654741624077,0.3327991452991453,100.0,100.0,5322,10358,541,82,437,0,0.015407741450582487,0.042189611894188066,0.0,0.9500000000000001,0.5,0.2,0.9,55.0,40.0,25.0,0.8500000000000001,0.4,0.1,0.9,45.0,30.0,25.0,5405,5374,31,5405,0.005735430157261794,0.5754603810130161,1.0,0.5754603810130161,1667,0.3101972459992557,1.0,1
"iteration_1","SCOPE_DATA_COLLECTION",1400,31,1930.0,1990.0,2,8763,5476,1982,8602,5391,1958,8454,5283,1872,245,164,110,0.02816415679963214,0.030108316504497887,0.055499495459132187,0.35941324911972083,0.6357973017975516,1.032880877722449,0.7188264982394417,0.6357973017975516,0.6885872518149659,0.2827064111663118,0.3327654741624077,0.3327991452991453,100.0,100.0,5322,10358,541,82,437,0,0.015407741450582487,0.042189611894188066,0.0,0.9500000000000001,0.5,0.2,0.9,55.0,40.0,25.0,0.8500000000000001,0.4,0.1,0.9,45.0,30.0,25.0,2008,1955,53,2008,0.026394422310756973,0.9910719806172985,1.5,0.6607146537448657,626,0.3202046035805627,1.0,1
"iteration_1","SCOPE_DATA_COLLECTION",1400,32,1990.0,2050.0,0,8776,5405,2008,8763,5476,1982,8760,5411,1959,70,31,53,0.007927519818799546,0.00569643513414186,0.026341948310139165,0.31429941385536436,0.5845739728115391,0.9976780677807439,0.6285988277107287,0.5845739728115391,0.6651187118538292,0.26267123287671235,0.3165773424505637,0.32414497192445124,100.0,100.0,5223,9390,1576,69,85,0,0.013210798391728892,0.009052183173588925,0.0,0.8500000000000001,0.4,0.1,0.9,45.0,30.0,25.0,0.8500000000000001,0.4,0.1,0.9,45.0,30.0,20.0,8848,8738,110,8848,0.012432188065099457,0.29404339106515753,0.5,0.5880867821303151,2113,0.24181734950789655,1.0,1
"iteration_1","SCOPE_DATA_COLLECTION",1400,32,1990.0,2050.0,1,8776,5405,2008,8763,5476,1982,8760,5411,1959,70,31,53,0.007927519818799546,0.00569643513414186,0.026341948310139165,0.31429941385536436,0.5845739728115391,0.9976780677807439,0.6285988277107287,0.5845739728115391,0.6651187118538292,0.26267123287671235,0.3165773424505637,0.32414497192445124,100.0,100.0,5223,9390,1576,69,85,0,0.013210798391728892,0.009052183173588925,0.0,0.8500000000000001,0.4,0.1,0.9,45.0,30.0,25.0,0.8500000000000001,0.4,0.1,0.9,45.0,30.0,20.0,5428,5339,89,5428,0.016396462785556374,0.5634618234763599,1.0,0.5634618234763599,1642,0.30754823000561904,1.0,1
"iteration_1","SCOPE_DATA_COLLECTION",1400,32,1990.0,2050.0,2,8776,5405,2008,8763,5476,1982,8760,5411,1959,70,31,53,0.007927519818799546,0.00569643513414186,0.026341948310139165,0.31429941385536436,0.5845739728115391,0.9976780677807439,0.6285988277107287,0.5845739728115391,0.6651187118538292,0.26267123287671235,0.3165773424505637,0.32414497192445124,100.0,100.0,5223,9390,1576,69,85,0,0.013210798391728892,0.009052183173588925,0.0,0.8500000000000001,0.4,0.1,0.9,45.0,30.0,25.0,0.8500000000000001,0.4,0.1,0.9,45.0,30.0,20.0,2036,1981,55,2036,0.027013752455795677,0.9876386248780628,1.5,0.6584257499187085,642,0.32407874810701665,1.0,1
"iteration_1","SCOPE_DATA_COLLECTION",1400,33,2050.0,2110.0,0,8848,5428,2036,8776,5405,2008,8752,5354,1984,110,89,55,0.012412547957571655,0.01635127686937351,0.026974006866110838,0.2931311482869004,0.5638323957383926,0.9863094738816914,0.5862622965738008,0.5638323957383926,0.657539649254461,0.23891681901279707,0.307807246918192,0.3230846774193548,97.5,100.0,5247,9369,1696,67,187,0,0.012769201448446732,0.019959440708720248,0.0,0.8500000000000001,0.4,0.1,0.9,45.0,30.0,20.0,0.8500000000000001,0.4,0.2,0.9,45.0,40.0,20.0,8942,8809,133,8942,0.014873630060389175,0.3114003649943151,0.5,0.6228007299886302,2270,0.257690997843115,1.0,1
"iteration_1","SCOPE_DATA_COLLECTION",1400,33,2050.0,2110.0,1,8848,5428,2036,8776,5405,2008,8752,5354,1984,110,89,55,0.012412547957571655,0.01635127686937351,0.026974006866110838,0.2931311482869004,0.5638323957383926,0.9863094738816914,0.5862622965738008,0.5638323957383926,0.657539649254461,0.23891681901279707,0.307807246918192,0.3230846774193548,97.5,100.0,5247,9369,1696,67,187,0,0.012769201448446732,0.019959440708720248,0.0,0.8500000000000001,0.4,0.1,0.9,45.0,30.0,20.0,0.8500000000000001,0.4,0.2,0.9,45.0,40.0,20.0,5422,5327,95,5422,0.017521209885651052,0.5936894952220574,1.0,0.5936894952220574,1650,0.30974281959827293,1.0,1
"iteration_1","SCOPE_DATA_COLLECTION",1400,33,2050.0,2110.0,2,8848,5428,2036,8776,5405,2008,8752,5354,1984,110,89,55,0.012412547957571655,0.01635127686937351,0.026974006866110838,0.2931311482869004,0.5638323957383926,0.9863094738816914,0.5862622965738008,0.5638323957383926,0.657539649254461,0.23891681901279707,0.307807246918192,0.3230846774193548,97.5,100.0,5247,9369,1696,67,187,0,0.012769201448446732,0.019959440708720248,0.0,0.8500000000000001,0.4,0.1,0.9,45.0,30.0,20.0,0.8500000000000001,0.4,0.2,0.9,45.0,40.0,20.0,2008,1951,57,2008,0.02838645418326693,1.0139823155270284,1.5,0.6759882103513523,645,0.3305996924654024,1.0,1
"iteration_1","SCOPE_DATA_COLLECTION",1400,34,2110.0,2170.0,0,8942,5422,2008,8848,5428,2036,8820,5319,1944,133,95,57,0.014855355746677092,0.01754710011082379,0.02848575712143928,0.31221998424503433,0.5907167320400456,1.0114476083670099,0.6244399684900687,0.5907167320400456,0.6742984055780066,0.25884353741496596,0.30757661214514004,0.33024691358024694,100.0,100.0,5313,9405,1654,75,210,0,0.014116318464144552,0.022328548644338118,0.0,0.8500000000000001,0.4,0.2,0.9,45.0,40.0,20.0,0.8500000000000001,0.4,0.2,0.9,45.0,40.0,20.0,9005,8945,60,9005,0.006662965019433648,0.3059503729283694,0.5,0.6119007458567388,2198,0.24572386808272778,1.0,1
"iteration_1","SCOPE_DATA_COLLECTION",1400,34,2110.0,2170.0,1,8942,5422,2008,8848,5428,2036,8820,5319,1944,133,95,57,0.014855355746677092,0.01754710011082379,0.02848575712143928,0.31221998424503433,0.5907167320400456,1.0114476083670099,0.6244399684900687,0.5907167320400456,0.6742984055780066,0.25884353741496596,0.30757661214514004,0.33024691358024694,100.0,100.0,5313,9405,1654,75,210,0,0.014116318464144552,0.022328548644338118,0.0,0.8500000000000001,0.4,0.2,0.9,45.0,40.0,20.0,0.8500000000000001,0.4,0.2,0.9,45.0,40.0,20.0,5414,5369,45,5414,0.008311784263021796,0.5881787445019825,1.0,0.5881787445019825,1638,0.3050847457627119,1.0,1
"iteration_1","SCOPE_DATA_COLLECTION",1400,34,2110.0,2170.0,2,8942,5422,2008,8848,5428,2036,8820,5319,1944,133,95,57,0.014855355746677092,0.01754710011082379,0.02848575712143928,0.31221998424503433,0.5907167320400456,1.0114476083670099,0.6244399684900687,0.5907167320400456,0.6742984055780066,0.25884353741496596,0.30757661214514004,0.33024691358024694,100.0,100.0,5313,9405,1654,75,210,0,0.014116318464144552,0.022328548644338118,0.0,0.8500000000000001,0.4,0.2,0.9,45.0,40.0,20.0,0.8500000000000001,0.4,0.2,0.9,45.0,40.0,20.0,2059,2009,50,2059,0.02428363283147159,0.9894205123088036,1.5,0.6596136748725357,639,0.31806869089099055,1.0,1
"iteration_1","SCOPE_DATA_COLLECTION",1400,35,2170.0,2230.0,0,9005,5414,2059,8942,5422,2008,8944,5367,2013,58,45,49,0.006443012663852477,0.008314855875831485,0.02376333656644035,0.30526245400126173,0.586830206598415,0.9887425245203892,0.6105249080025235,0.586830206598415,0.6591616830135928,0.24552772808586762,0.30463946338736725,0.3164431197218082,97.5,100.0,5232,9574,1672,65,87,0,0.01242354740061162,0.00908711092542302,0.0,0.8500000000000001,0.4,0.2,0.9,45.0,40.0,20.0,0.9500000000000001,0.5,0.1,0.9,35.0,50.0,20.0,8672,8363,309,8672,0.035631918819188195,0.3298208349270197,0.5,0.6596416698540394,2201,0.2631830682769341,1.0,1
"iteration_1","SCOPE_DATA_COLLECTION",1400,35,2170.0,2230.0,1,9005,5414,2059,8942,5422,2008,8944,5367,2013,58,45,49,0.006443012663852477,0.008314855875831485,0.02376333656644035,0.30526245400126173,0.586830206598415,0.9887425245203892,0.6105249080025235,0.586830206598415,0.6591616830135928,0.24552772808586762,0.30463946338736725,0.3164431197218082,97.5,100.0,5232,9574,1672,65,87,0,0.01242354740061162,0.00908711092542302,0.0,0.8500000000000001,0.4,0.2,0.9,45.0,40.0,20.0,0.9500000000000001,0.5,0.1,0.9,35.0,50.0,20.0,5412,5212,200,5412,0.03695491500369549,0.6116356900055072,1.0,0.6116356900055072,1715,0.329048349961627,1.0,1
"iteration_1","SCOPE_DATA_COLLECTION",1400,35,2170.0,2230.0,2,9005,5414,2059,8942,5422,2008,8944,5367,2013,58,45,49,0.006443012663852477,0.008314855875831485,0.02376333656644035,0.30526245400126173,0.586830206598415,0.9887425245203892,0.6105249080025235,0.586830206598415,0.6591616830135928,0.24552772808586762,0.30463946338736725,0.3164431197218082,97.5,100.0,5232,9574,1672,65,87,0,0.01242354740061162,0.00908711092542302,0.0,0.8500000000000001,0.4,0.2,0.9,45.0,40.0,20.0,0.9500000000000001,0.5,0.1,0.9,35.0,50.0,20.0,1970,1852,118,1970,0.05989847715736041,1.0468912667882428,1.5,0.6979275111921619,629,0.3396328293736501,1.0,1
"iteration_1","SCOPE_DATA_COLLECTION",1400,36,2230.0,2290.0,0,8672,5412,1970,9005,5414,2059,8363,5203,1865,311,200,119,0.03585427715010376,0.037016472330186935,0.05997983870967742,0.330361510547624,0.6144021819200539,1.0526198566892022,0.660723021095248,0.6144021819200539,0.7017465711261348,0.2633026425923712,0.32942533153949644,0.34316353887399464,97.5,100.0,5212,10315,527,65,565,0,0.0124712202609363,0.054774600096946194,0.0,0.9500000000000001,0.5,0.1,0.9,35.0,50.0,20.0,0.9500000000000001,0.5,0.1,0.9,35.0,50.0,20.0,8844,8138,706,8844,0.07982813206693803,0.34908579362629627,0.5,0.6981715872525925,2335,0.2869255345293684,1.0,1
"iteration_1","SCOPE_DATA_COLLECTION",1400,36,2230.0,2290.0,1,8672,5412,1970,9005,5414,2059,8363,5203,1865,311,200,119,0.03585427715010376,0.037016472330186935,0.05997983870967742,0.330361510547624,0.6144021819200539,1.0526198566892022,0.660723021095248,0.6144021819200539,0.7017465711261348,0.2633026425923712,0.32942533153949644,0.34316353887399464,97.5,100.0,5212,10315,527,65,565,0,0.0124712202609363,0.054774600096946194,0.0,0.9500000000000001,0.5,0.1,0.9,35.0,50.0,20.0,0.9500000000000001,0.5,0.1,0.9,35.0,50.0,20.0,5324,4881,443,5324,0.08320811419984973,0.6375055399530809,1.0,0.6375055399530809,1684,0.34501126818274946,1.0,1
"iteration_1","SCOPE_DATA_COLLECTION",1400,36,2230.0,2290.0,2,8672,5412,1970,9005,5414,2059,8363,5203,1865,311,200,119,0.03585427715010376,0.037016472330186935,0.05997983870967742,0.330361510547624,0.6144021819200539,1.0526198566892022,0.660723021095248,0.6144021819200539,0.7017465711261348,0.2633026425923712,0.32942533153949644,0.34316353887399464,97.5,100.0,5212,10315,527,65,565,0,0.0124712202609363,0.054774600096946194,0.0,0.9500000000000001,0.5,0.1,0.9,35.0,50.0,20.0,0.9500000000000001,0.5,0.1,0.9,35.0,50.0,20.0,2075,1837,238,2075,0.11469879518072289,1.0514055739221722,1.5,0.7009370492814481,621,0.33805117038649973,1.0,1
"iteration_1","SCOPE_DATA_COLLECTION",1400,37,2290.0,2350.0,0,8844,5324,2075,8672,5412,1970,8136,4882,1818,706,443,238,0.07984618864510291,0.0831924882629108,0.11575875486381323,0.3496304998581547,0.6387597574914363,1.0517595540739118,0.6992609997163094,0.6387597574914363,0.7011730360492745,0.28785644051130777,0.3465792707906596,0.33828382838283827,97.5,100.0,5265,10413,565,73,1314,0,0.013865147198480532,0.12618841832324978,0.0,0.9500000000000001,0.5,0.1,0.9,35.0,50.0,20.0,0.9500000000000001,0.5,0.2,0.9,35.0,60.0,30.0,8732,8284,448,8732,0.05130554283096656,0.3454418984504412,0.5,0.6908837969008824,2247,0.2712457749879285,1.0,1
"iteration_1","SCOPE_DATA_COLLECTION",1400,37,2290.0,2350.0,1,8844,5324,2075,8672,5412,1970,8136,4882,1818,706,443,238,0.07984618864510291,0.0831924882629108,0.11575875486381323,0.3496304998581547,0.6387597574914363,1.0517595540739118,0.6992609997163094,0.6387597574914363,0.7011730360492745,0.28785644051130777,0.3465792707906596,0.33828382838283827,97.5,100.0,5265,10413,565,73,1314,0,0.013865147198480532,0.12618841832324978,0.0,0.9500000000000001,0.5,0.1,0.9,35.0,50.0,20.0,0.9500000000000001,0.5,0.2,0.9,35.0,60.0,30.0,5558,5271,287,5558,0.05163727959697733,0.6453915554523754,1.0,0.6453915554523754,1734,0.3289698349459306,1.0,1
"iteration_1","SCOPE_DATA_COLLECTION",1400,37,2290.0,2350.0,2,8844,5324,2075,8672,5412,1970,8136,4882,1818,706,443,238,0.07984618864510291,0.0831924882629108,0.11575875486381323,0.3496304998581547,0.6387597574914363,1.0517595540739118,0.6992609997163094,0.6387597574914363,0.7011730360492745,0.28785644051130777,0.3465792707906596,0.33828382838283827,97.5,100.0,5265,10413,565,73,1314,0,0.013865147198480532,0.12618841832324978,0.0,0.9500000000000001,0.5,0.1,0.9,35.0,50.0,20.0,0.9500000000000001,0.5,0.2,0.9,35.0,60.0,30.0,2005,1869,136,2005,0.06783042394014963,1.0398273435167331,1.5,0.6932182290111554,608,0.32530765115034777,1.0,1
"iteration_1","SCOPE_DATA_COLLECTION",1400,38,2350.0,2410.0,0,8732,5558,2005,8844,5324,2075,8278,5275,1877,448,287,136,0.05134082053632821,0.05160014383315354,0.06756085444610035,0.3449166598498072,0.6447124497145416,1.036552460282591,0.6898333196996144,0.6447124497145416,0.6910349735217274,0.27047596037690264,0.32872037914691943,0.3239211507725093,97.5,100.0,5248,10465,582,85,786,0,0.016196646341463415,0.07510750119445772,0.0,0.9500000000000001,0.5,0.2,0.9,35.0,60.0,30.0,0.9500000000000001,0.4,0.30000000000000004,0.8,45.0,60.0,30.0,8928,8301,627,8928,0.07022849462365591,0.38503227112329735,0.5,0.7700645422465947,2420,0.29153114082640647,1.0,1
"iteration_1","SCOPE_DATA_COLLECTION",1400,38,2350.0,2410.0,1,8732,5558,2005,8844,5324,2075,8278,5275,1877,448,287,136,0.05134082053632821,0.05160014383315354,0.06756085444610035,0.3449166598498072,0.6447124497145416,1.036552460282591,0.6898333196996144,0.6447124497145416,0.6910349735217274,0.27047596037690264,0.32872037914691943,0.3239211507725093,97.5,100.0,5248,10465,582,85,786,0,0.016196646341463415,0.07510750119445772,0.0,0.9500000000000001,0.5,0.2,0.9,35.0,60.0,30.0,0.9500000000000001,0.4,0.30000000000000004,0.8,45.0,60.0,30.0,5475,5109,366,5475,0.06684931506849315,0.6903928951476322,1.0,0.6903928951476322,1707,0.3341162654139753,1.0,1
"iteration_1","SCOPE_DATA_COLLECTION",1400,38,2350.0,2410.0,2,8732,5558,2005,8844,5324,2075,8278,5275,1877,448,287,136,0.05134082053632821,0.05160014383315354,0.06756085444610035,0.3449166598498072,0.6447124497145416,1.036552460282591,0.6898333196996144,0.6447124497145416,0.6910349735217274,0.27047596037690264,0.32872037914691943,0.3239211507725093,97.5,100.0,5248,10465,582,85,786,0,0.016196646341463415,0.07510750119445772,0.0,0.9500000000000001,0.5,0.2,0.9,35.0,60.0,30.0,0.9500000000000001,0.4,0.30000000000000004,0.8,45.0,60.0,30.0,1976,1830,146,1976,0.07388663967611336,1.0794051560531428,1.5,0.7196034373687619,617,0.3371584699453552,1.0,1
"iteration_1","SCOPE_DATA_COLLECTION",1400,39,2410.0,2470.0,0,8928,5475,1976,8732,5558,2005,8313,5113,1826,627,366,145,0.07013422818791946,0.06680051104216098,0.07356671740233384,0.3858120544993154,0.6882528852939784,1.0841794929260704,0.7716241089986308,0.6882528852939784,0.7227863286173802,0.2927944183808493,0.33287698024643064,0.33953997809419495,100.0,100.0,5366,10431,582,90,1048,0,0.016772269847185987,0.10046975361902023,0.0,0.9500000000000001,0.4,0.30000000000000004,0.8,45.0,60.0,30.0,0.9500000000000001,0.5,0.4,0.7000000000000001,45.0,60.0,20.0,8762,8425,337,8762,0.038461538461538464,0.3495062052907297,0.5,0.6990124105814594,2430,0.2884272997032641,1.0,1
"iteration_1","SCOPE_DATA_COLLECTION",1400,39,2410.0,2470.0,1,8928,5475,1976,8732,5558,2005,8313,5113,1826,627,366,145,0.07013422818791946,0.06680051104216098,0.07356671740233384,0.3858120544993154,0.6882528852939784,1.0841794929260704,0.7716241089986308,0.6882528852939784,0.7227863286173802,0.2927944183808493,0.33287698024643064,0.33953997809419495,100.0,100.0,5366,10431,582,90,1048,0,0.016772269847185987,0.10046975361902023,0.0,0.9500000000000001,0.4,0.30000000000000004,0.8,45.0,60.0,30.0,0.9500000000000001,0.5,0.4,0.7000000000000001,45.0,60.0,20.0,5414,5167,247,5414,0.045622460288141854,0.6765145529767008,1.0,0.6765145529767008,1753,0.33926843429456166,1.0,1
"iteration_1","SCOPE_DATA_COLLECTION",1400,39,2410.0,2470.0,2,8928,5475,1976,8732,5558,2005,8313,5113,1826,627,366,145,0.07013422818791946,0.06680051104216098,0.07356671740233384,0.3858120544993154,0.6882528852939784,1.0841794929260704,0.7716241089986308,0.6882528852939784,0.7227863286173802,0.2927944183808493,0.33287698024643064,0.33953997809419495,100.0,100.0,5366,10431,582,90,1048,0,0.016772269847185987,0.10046975361902023,0.0,0.9500000000000001,0.4,0.30000000000000004,0.8,45.0,60.0,30.0,0.9500000000000001,0.5,0.4,0.7000000000000001,45.0,60.0,20.0,2010,1863,147,2010,0.07313432835820896,1.0377466423190382,1.5,0.6918310948793588,623,0.3344068706387547,1.0,1
"iteration_1","SCOPE_DATA_COLLECTION",1400,40,2470.0,2530.0,0,8762,5414,2010,8928,5475,1976,8415,5172,1868,337,247,148,0.0385054844606947,0.04558036538106662,0.07341269841269842,0.3490930528141779,0.6781226658174441,1.0344596870275882,0.6981861056283558,0.6781226658174441,0.6896397913517255,0.2880570409982175,0.3404872389791183,0.33244111349036404,95.0,100.0,5462,10182,542,120,612,0,0.021969974368363236,0.060106069534472596,0.0,0.9500000000000001,0.5,0.4,0.7000000000000001,45.0,60.0,20.0,0.9500000000000001,0.4,0.4,0.6000000000000001,35.0,70.0,30.0,8717,8562,155,8717,0.017781346793621658,0.3429663541848699,0.5,0.6859327083697399,2430,0.28381219341275404,1.0,1
"iteration_1","SCOPE_DATA_COLLECTION",1400,40,2470.0,2530.0,1,8762,5414,2010,8928,5475,1976,8415,5172,1868,337,247,148,0.0385054844606947,0.04558036538106662,0.07341269841269842,0.3490930528141779,0.6781226658174441,1.0344596870275882,0.6981861056283558,0.6781226658174441,0.6896397913517255,0.2880570409982175,0.3404872389791183,0.33244111349036404,95.0,100.0,5462,10182,542,120,612,0,0.021969974368363236,0.060106069534472596,0.0,0.9500000000000001,0.5,0.4,0.7000000000000001,45.0,60.0,20.0,0.9500000000000001,0.4,0.4,0.6000000000000001,35.0,70.0,30.0,5347,5257,90,5347,0.01683186833738545,0.6718293208714305,1.0,0.6718293208714305,1751,0.3330797032528058,1.0,1
"iteration_1","SCOPE_DATA_COLLECTION",1400,40,2470.0,2530.0,2,8762,5414,2010,8928,5475,1976,8415,5172,1868,337,247,148,0.0385054844606947,0.04558036538106662,0.07341269841269842,0.3490930528141779,0.6781226658174441,1.0344596870275882,0.6981861056283558,0.6781226658174441,0.6896397913517255,0.2880570409982175,0.3404872389791183,0.33244111349036404,95.0,100.0,5462,10182,542,120,612,0,0.021969974368363236,0.060106069534472596,0.0,0.9500000000000001,0.5,0.4,0.7000000000000001,45.0,60.0,20.0,0.9500000000000001,0.4,0.4,0.6000000000000001,35.0,70.0,30.0,2028,1954,74,2028,0.03648915187376726,1.0163636082205747,1.5,0.6775757388137165,625,0.31985670419651996,1.0,1
"iteration_1","SCOPE_DATA_COLLECTION",1400,41,2530.0,2590.0,0,8717,5347,2028,8762,5414,2010,8560,5250,1954,155,90,74,0.01778542742398164,0.016853932584269662,0.03648915187376726,0.34258683692315883,0.6704386741465856,1.0152652502033848,0.6851736738463177,0.6704386741465856,0.6768435001355898,0.28294392523364487,0.3333333333333333,0.31985670419651996,100.0,100.0,5425,10112,555,106,213,0,0.019539170506912444,0.021064082278481014,0.0,0.9500000000000001,0.4,0.4,0.6000000000000001,35.0,70.0,30.0,0.8500000000000001,0.4,0.5,0.5,35.0,60.0,30.0,8662,8586,76,8662,0.008773955206649734,0.3195570470053752,0.5,0.6391140940107504,2300,0.2678779408339157,1.0,1
"iteration_1","SCOPE_DATA_COLLECTION",1400,41,2530.0,2590.0,1,8717,5347,2028,8762,5414,2010,8560,5250,1954,155,90,74,0.01778542742398164,0.016853932584269662,0.03648915187376726,0.34258683692315883,0.6704386741465856,1.0152652502033848,0.6851736738463177,0.6704386741465856,0.6768435001355898,0.28294392523364487,0.3333333333333333,0.31985670419651996,100.0,100.0,5425,10112,555,106,213,0,0.019539170506912444,0.021064082278481014,0.0,0.9500000000000001,0.4,0.4,0.6000000000000001,35.0,70.0,30.0,0.8500000000000001,0.4,0.5,0.5,35.0,60.0,30.0,5518,5445,73,5518,0.013229430953243929,0.6292648098238691,1.0,0.6292648098238691,1695,0.31129476584022037,1.0,1
"iteration_1","SCOPE_DATA_COLLECTION",1400,41,2530.0,2590.0,2,8717,5347,2028,8762,5414,2010,8560,5250,1954,155,90,74,0.01778542742398164,0.016853932584269662,0.03648915187376726,0.34258683692315883,0.6704386741465856,1.0152652502033848,0.6851736738463177,0.6704386741465856,0.6768435001355898,0.28294392523364487,0.3333333333333333,0.31985670419651996,100.0,100.0,5425,10112,555,106,213,0,0.019539170506912444,0.021064082278481014,0.0,0.9500000000000001,0.4,0.4,0.6000000000000001,35.0,70.0,30.0,0.8500000000000001,0.4,0.5,0.5,35.0,60.0,30.0,2056,1995,61,2056,0.029669260700389104,0.9995531024047773,1.5,0.6663687349365183,636,0.318796992481203,1.0,1
"iteration_1","SCOPE_DATA_COLLECTION",1400,42,2590.0,2650.0,0,8662,5518,2056,8717,5347,2028,8596,5457,1990,76,73,61,0.008763837638376383,0.013200723327305606,0.029741589468551925,0.31931129471059927,0.6295879893731893,0.9942806716390028,0.6386225894211985,0.6295879893731893,0.6628537810926686,0.26733364355514194,0.31115997800989553,0.3155778894472362,97.5,100.0,5416,9173,1647,131,79,0,0.02418759231905465,0.008612231549111523,0.0,0.8500000000000001,0.4,0.5,0.5,35.0,60.0,30.0,0.4,0.5,0.2,0.2,35.0,80.0,90.0,8795,5252,3543,8795,0.4028425241614554,0.42348462853159086,0.5,0.8469692570631817,2269,0.432025894897182,1.0,1
"iteration_1","SCOPE_DATA_COLLECTION",1400,42,2590.0,2650.0,1,8662,5518,2056,8717,5347,2028,8596,5457,1990,76,73,61,0.008763837638376383,0.013200723327305606,0.029741589468551925,0.31931129471059927,0.6295879893731893,0.9942806716390028,0.6386225894211985,0.6295879893731893,0.6628537810926686,0.26733364355514194,0.31115997800989553,0.3155778894472362,97.5,100.0,5416,9173,1647,131,79,0,0.02418759231905465,0.008612231549111523,0.0,0.8500000000000001,0.4,0.5,0.5,35.0,60.0,30.0,0.4,0.5,0.2,0.2,35.0,80.0,90.0,5423,3231,2192,5423,0.40420431495482206,0.8317769420879786,1.0,0.8317769420879786,1651,0.5109873104302074,1.0,1
"iteration_1","SCOPE_DATA_COLLECTION",1400,42,2590.0,2650.0,2,8662,5518,2056,8717,5347,2028,8596,5457,1990,76,73,61,0.008763837638376383,0.013200723327305606,0.029741589468551925,0.31931129471059927,0.6295879893731893,0.9942806716390028,0.6386225894211985,0.6295879893731893,0.6628537810926686,0.26733364355514194,0.31115997800989553,0.3155778894472362,97.5,100.0,5416,9173,1647,131,79,0,0.02418759231905465,0.008612231549111523,0.0,0.8500000000000001,0.4,0.5,0.5,35.0,60.0,30.0,0.4,0.5,0.2,0.2,35.0,80.0,90.0,2105,1212,893,2105,0.42422802850356295,1.3737854349196699,1.5,0.9158569566131133,649,0.5354785478547854,1.0,1
"iteration_1","SCOPE_DATA_COLLECTION",1400,43,2650.0,2710.0,0,8795,5423,2105,8662,5518,2056,5264,3241,1219,3543,2191,893,0.40229363006699215,0.40335051546391754,0.4228219696969697,0.4236706231530553,0.834362295249658,1.3787844698670155,0.8473412463061106,0.834362295249658,0.9191896465780104,0.4333206686930091,0.5118790496760259,0.5373256767842494,95.0,100.0,5246,4404,6673,64,0,6563,0.012199771254288982,0.0,0.9835156601228833,0.4,0.5,0.2,0.2,35.0,80.0,90.0,0.4,0.5,0.30000000000000004,0.1,35.0,80.0,80.0,8828,5316,3512,8828,0.3978251019483462,0.4497176325881911,0.5,0.8994352651763822,2329,0.4381113619262603,1.0,1
"iteration_1","SCOPE_DATA_COLLECTION",1400,43,2650.0,2710.0,1,8795,5423,2105,8662,5518,2056,5264,3241,1219,3543,2191,893,0.40229363006699215,0.40335051546391754,0.4228219696969697,0.4236706231530553,0.834362295249658,1.3787844698670155,0.8473412463061106,0.834362295249658,0.9191896465780104,0.4333206686930091,0.5118790496760259,0.5373256767842494,95.0,100.0,5246,4404,6673,64,0,6563,0.012199771254288982,0.0,0.9835156601228833,0.4,0.5,0.2,0.2,35.0,80.0,90.0,0.4,0.5,0.30000000000000004,0.1,35.0,80.0,80.0,5379,3182,2197,5379,0.4084402305261201,0.8741090303697809,1.0,0.8741090303697809,1669,0.5245128849780013,1.0,1
"iteration_1","SCOPE_DATA_COLLECTION",1400,43,2650.0,2710.0,2,8795,5423,2105,8662,5518,2056,5264,3241,1219,3543,2191,893,0.40229363006699215,0.40335051546391754,0.4228219696969697,0.4236706231530553,0.834362295249658,1.3787844698670155,0.8473412463061106,0.834362295249658,0.9191896465780104,0.4333206686930091,0.5118790496760259,0.5373256767842494,95.0,100.0,5246,4404,6673,64,0,6563,0.012199771254288982,0.0,0.9835156601228833,0.4,0.5,0.2,0.2,35.0,80.0,90.0,0.4,0.5,0.30000000000000004,0.1,35.0,80.0,80.0,2085,1208,877,2085,0.4206235011990408,1.3387651700642371,1.5,0.892510113376158,638,0.5281456953642384,1.0,1
"iteration_1","SCOPE_DATA_COLLECTION",1400,44,2710.0,2770.0,0,8828,5379,2085,8795,5423,2105,5262,3158,1194,3512,2198,877,0.4002735354456348,0.41038088125466765,0.42346692419121196,0.4283600764464098,0.8580388487698458,1.3174632813618734,0.8567201528928196,0.8580388487698458,0.8783088542412489,0.43329532497149376,0.5215326155794807,0.5217755443886097,100.0,100.0,5252,4433,6607,33,4,6550,0.006283320639756283,9.023234829686443E-4,0.9913727864386257,0.4,0.5,0.30000000000000004,0.1,35.0,80.0,80.0,0.4,0.5,0.30000000000000004,0.1,35.0,80.0,80.0,8953,5461,3492,8953,0.3900368591533564,0.428287318041487,0.5,0.856574636082974,2357,0.4316059329793078,1.0,1
"iteration_1","SCOPE_DATA_COLLECTION",1400,44,2710.0,2770.0,1,8828,5379,2085,8795,5423,2105,5262,3158,1194,3512,2198,877,0.4002735354456348,0.41038088125466765,0.42346692419121196,0.4283600764464098,0.8580388487698458,1.3174632813618734,0.8567201528928196,0.8580388487698458,0.8783088542412489,0.43329532497149376,0.5215326155794807,0.5217755443886097,100.0,100.0,5252,4433,6607,33,4,6550,0.006283320639756283,9.023234829686443E-4,0.9913727864386257,0.4,0.5,0.30000000000000004,0.1,35.0,80.0,80.0,0.4,0.5,0.30000000000000004,0.1,35.0,80.0,80.0,5400,3214,2186,5400,0.4048148148148148,0.8545695639806815,1.0,0.8545695639806815,1672,0.5202240199128811,1.0,1
"iteration_1","SCOPE_DATA_COLLECTION",1400,44,2710.0,2770.0,2,8828,5379,2085,8795,5423,2105,5262,3158,1194,3512,2198,877,0.4002735354456348,0.41038088125466765,0.42346692419121196,0.4283600764464098,0.8580388487698458,1.3174632813618734,0.8567201528928196,0.8580388487698458,0.8783088542412489,0.43329532497149376,0.5215326155794807,0.5217755443886097,100.0,100.0,5252,4433,6607,33,4,6550,0.006283320639756283,9.023234829686443E-4,0.9913727864386257,0.4,0.5,0.30000000000000004,0.1,35.0,80.0,80.0,0.4,0.5,0.30000000000000004,0.1,35.0,80.0,80.0,2032,1188,844,2032,0.4153543307086614,1.3160640751079014,1.5,0.8773760500719342,616,0.5185185185185185,1.0,1
"iteration_1","SCOPE_DATA_COLLECTION",1400,45,2770.0,2830.0,0,8953,5400,2032,8828,5379,2085,5504,3222,1202,3492,2186,844,0.388172521120498,0.40421597633136097,0.4125122189638319,0.4487367400622702,0.8674518000232408,1.3331348284774767,0.8974734801245404,0.8674518000232408,0.8887565523183177,0.43586482558139533,0.521415270018622,0.5232945091514143,100.0,100.0,5266,4444,6675,36,5,6481,0.006836308393467528,0.0011251125112511251,0.970936329588015,0.4,0.5,0.30000000000000004,0.1,35.0,80.0,80.0,0.4,0.5,0.30000000000000004,0.1,35.0,80.0,80.0,8671,5344,3327,8671,0.38369276900011534,0.4479626693284727,0.5,0.8959253386569453,2327,0.4354416167664671,1.0,1
"iteration_1","SCOPE_DATA_COLLECTION",1400,45,2770.0,2830.0,1,8953,5400,2032,8828,5379,2085,5504,3222,1202,3492,2186,844,0.388172521120498,0.40421597633136097,0.4125122189638319,0.4487367400622702,0.8674518000232408,1.3331348284774767,0.8974734801245404,0.8674518000232408,0.8887565523183177,0.43586482558139533,0.521415270018622,0.5232945091514143,100.0,100.0,5266,4444,6675,36,5,6481,0.006836308393467528,0.0011251125112511251,0.970936329588015,0.4,0.5,0.30000000000000004,0.1,35.0,80.0,80.0,0.4,0.5,0.30000000000000004,0.1,35.0,80.0,80.0,5279,3285,1994,5279,0.377723053608638,0.8929999325052236,1.0,0.8929999325052236,1748,0.5321156773211567,1.0,1
"iteration_1","SCOPE_DATA_COLLECTION",1400,45,2770.0,2830.0,2,8953,5400,2032,8828,5379,2085,5504,3222,1202,3492,2186,844,0.388172521120498,0.40421597633136097,0.4125122189638319,0.4487367400622702,0.8674518000232408,1.3331348284774767,0.8974734801245404,0.8674518000232408,0.8887565523183177,0.43586482558139533,0.521415270018622,0.5232945091514143,100.0,100.0,5266,4444,6675,36,5,6481,0.006836308393467528,0.0011251125112511251,0.970936329588015,0.4,0.5,0.30000000000000004,0.1,35.0,80.0,80.0,0.4,0.5,0.30000000000000004,0.1,35.0,80.0,80.0,1951,1153,798,1951,0.4090210148641722,1.344063034012348,1.5,0.8960420226748987,609,0.5281873373807459,1.0,1
"iteration_1","SCOPE_DATA_COLLECTION",1400,46,2830.0,2890.0,0,8671,5279,1951,8953,5400,2032,5341,3296,1158,3327,1994,798,0.3838255652976465,0.37693761814744803,0.40797546012269936,0.4477320383075841,0.8944606160429991,1.348729189746617,0.8954640766151682,0.8944606160429991,0.8991527931644113,0.4341883542407789,0.5327669902912622,0.5293609671848014,100.0,100.0,5213,4299,6389,34,5,6080,0.00652215614809131,0.0011630611770179111,0.951635623728283,0.4,0.5,0.30000000000000004,0.1,35.0,80.0,80.0,0.5,0.5,0.30000000000000004,0.2,25.0,90.0,90.0,8721,6494,2227,8721,0.2553606237816764,0.43177256268138,0.5,0.86354512536276,2467,0.3798891284262396,1.0,1
"iteration_1","SCOPE_DATA_COLLECTION",1400,46,2830.0,2890.0,1,8671,5279,1951,8953,5400,2032,5341,3296,1158,3327,1994,798,0.3838255652976465,0.37693761814744803,0.40797546012269936,0.4477320383075841,0.8944606160429991,1.348729189746617,0.8954640766151682,0.8944606160429991,0.8991527931644113,0.4341883542407789,0.5327669902912622,0.5293609671848014,100.0,100.0,5213,4299,6389,34,5,6080,0.00652215614809131,0.0011630611770179111,0.951635623728283,0.4,0.5,0.30000000000000004,0.1,35.0,80.0,80.0,0.5,0.5,0.30000000000000004,0.2,25.0,90.0,90.0,5395,3962,1433,5395,0.2656163113994439,0.7978269307816903,1.0,0.7978269307816903,1706,0.43059061080262495,1.0,1
"iteration_1","SCOPE_DATA_COLLECTION",1400,46,2830.0,2890.0,2,8671,5279,1951,8953,5400,2032,5341,3296,1158,3327,1994,798,0.3838255652976465,0.37693761814744803,0.40797546012269936,0.4477320383075841,0.8944606160429991,1.348729189746617,0.8954640766151682,0.8944606160429991,0.8991527931644113,0.4341883542407789,0.5327669902912622,0.5293609671848014,100.0,100.0,5213,4299,6389,34,5,6080,0.00652215614809131,0.0011630611770179111,0.951635623728283,0.4,0.5,0.30000000000000004,0.1,35.0,80.0,80.0,0.5,0.5,0.30000000000000004,0.2,25.0,90.0,90.0,2100,1461,639,2100,0.30428571428571427,1.2767800006144105,1.5,0.8511866670762737,671,0.45927446954141,1.0,1
"iteration_1","SCOPE_DATA_COLLECTION",1400,47,2890.0,2950.0,0,8721,5395,2100,8671,5279,1951,6490,3946,1451,2199,1415,636,0.2530786051329267,0.263943294161537,0.30474365117393387,0.4321222037652085,0.7955632400971012,1.269635716801694,0.864244407530417,0.7955632400971012,0.8464238112011294,0.3802773497688752,0.4308160162189559,0.45899379738111645,97.5,100.0,5245,5508,5463,67,7,4176,0.012774070543374642,0.001270878721859114,0.7644151565074135,0.5,0.5,0.30000000000000004,0.2,25.0,90.0,90.0,0.35000000000000003,0.8,0.5,0.4,40.0,50.0,25.0,8862,5020,3842,8862,0.4335364477544572,0.47586927089190056,0.5,0.9517385417838011,2403,0.47868525896414343,1.0,1
"iteration_1","SCOPE_DATA_COLLECTION",1400,47,2890.0,2950.0,1,8721,5395,2100,8671,5279,1951,6490,3946,1451,2199,1415,636,0.2530786051329267,0.263943294161537,0.30474365117393387,0.4321222037652085,0.7955632400971012,1.269635716801694,0.864244407530417,0.7955632400971012,0.8464238112011294,0.3802773497688752,0.4308160162189559,0.45899379738111645,97.5,100.0,5245,5508,5463,67,7,4176,0.012774070543374642,0.001270878721859114,0.7644151565074135,0.5,0.5,0.30000000000000004,0.2,25.0,90.0,90.0,0.35000000000000003,0.8,0.5,0.4,40.0,50.0,25.0,5401,2936,2465,5401,0.4563969635252731,0.9458648820448969,1.0,0.9458648820448969,1648,0.5613079019073569,1.0,1
"iteration_1","SCOPE_DATA_COLLECTION",1400,47,2890.0,2950.0,2,8721,5395,2100,8671,5279,1951,6490,3946,1451,2199,1415,636,0.2530786051329267,0.263943294161537,0.30474365117393387,0.4321222037652085,0.7955632400971012,1.269635716801694,0.864244407530417,0.7955632400971012,0.8464238112011294,0.3802773497688752,0.4308160162189559,0.45899379738111645,97.5,100.0,5245,5508,5463,67,7,4176,0.012774070543374642,0.001270878721859114,0.7644151565074135,0.5,0.5,0.30000000000000004,0.2,25.0,90.0,90.0,0.35000000000000003,0.8,0.5,0.4,40.0,50.0,25.0,1986,1098,888,1986,0.4471299093655589,1.5052594134180695,1.5,1.0035062756120463,641,0.5837887067395264,1.0,1
"iteration_1","SCOPE_DATA_COLLECTION",1400,48,2950.0,3010.0,0,8862,5401,1986,8721,5395,2100,5023,2952,1100,3870,2483,891,0.43517373214888116,0.45685372585096595,0.44751381215469616,0.4758716419979259,0.9464979726417156,1.5030881266967118,0.9517432839958518,0.9464979726417156,1.0020587511311412,0.4793947839936293,0.5592818428184282,0.5809090909090909,97.5,100.0,5451,3712,7086,148,1,7095,0.02715098147128967,2.6939655172413793E-4,1.0012701100762067,0.35000000000000003,0.8,0.5,0.4,40.0,50.0,25.0,0.25,0.9,0.5,0.30000000000000004,40.0,60.0,20.0,8834,4307,4527,8834,0.5124518904233643,0.504447015045869,0.5,1.008894030091738,2293,0.5323891339679592,1.0,1
"iteration_1","SCOPE_DATA_COLLECTION",1400,48,2950.0,3010.0,1,8862,5401,1986,8721,5395,2100,5023,2952,1100,3870,2483,891,0.43517373214888116,0.45685372585096595,0.44751381215469616,0.4758716419979259,0.9464979726417156,1.5030881266967118,0.9517432839958518,0.9464979726417156,1.0020587511311412,0.4793947839936293,0.5592818428184282,0.5809090909090909,97.5,100.0,5451,3712,7086,148,1,7095,0.02715098147128967,2.6939655172413793E-4,1.0012701100762067,0.35000000000000003,0.8,0.5,0.4,40.0,50.0,25.0,0.25,0.9,0.5,0.30000000000000004,40.0,60.0,20.0,5465,2653,2812,5465,0.5145471180237877,1.005982615704733,1.0,1.005982615704733,1643,0.6192989068978515,1.0,1
"iteration_1","SCOPE_DATA_COLLECTION",1400,48,2950.0,3010.0,2,8862,5401,1986,8721,5395,2100,5023,2952,1100,3870,2483,891,0.43517373214888116,0.45685372585096595,0.44751381215469616,0.4758716419979259,0.9464979726417156,1.5030881266967118,0.9517432839958518,0.9464979726417156,1.0020587511311412,0.4793947839936293,0.5592818428184282,0.5809090909090909,97.5,100.0,5451,3712,7086,148,1,7095,0.02715098147128967,2.6939655172413793E-4,1.0012701100762067,0.35000000000000003,0.8,0.5,0.4,40.0,50.0,25.0,0.25,0.9,0.5,0.30000000000000004,40.0,60.0,20.0,1989,977,1012,1989,0.5087983911513323,1.6039372895702149,1.5,1.0692915263801432,636,0.6509723643807575,1.0,1
"iteration_1","SCOPE_DATA_COLLECTION",1400,49,3010.0,3070.0,0,8834,5465,1989,8862,5401,1986,4327,2656,984,4527,2812,1012,0.5112943302462164,0.5142648134601316,0.5070140280561122,0.5051051812692042,1.007254324840224,1.6122850721532418,1.0102103625384085,1.007254324840224,1.074856714768828,0.5333949618673446,0.6204819277108434,0.6524390243902439,100.0,100.0,5230,2788,8270,81,0,8270,0.015487571701720841,0.0,1.0,0.25,0.9,0.5,0.30000000000000004,40.0,60.0,20.0,0.5,0.6000000000000001,0.9,0.30000000000000004,20.0,20.0,90.0,8683,6613,2070,8683,0.2383968674421283,0.4680789838951605,0.5,0.936157967790321,2534,0.3831846363223953,1.0,1
"iteration_1","SCOPE_DATA_COLLECTION",1400,49,3010.0,3070.0,1,8834,5465,1989,8862,5401,1986,4327,2656,984,4527,2812,1012,0.5112943302462164,0.5142648134601316,0.5070140280561122,0.5051051812692042,1.007254324840224,1.6122850721532418,1.0102103625384085,1.007254324840224,1.074856714768828,0.5333949618673446,0.6204819277108434,0.6524390243902439,100.0,100.0,5230,2788,8270,81,0,8270,0.015487571701720841,0.0,1.0,0.25,0.9,0.5,0.30000000000000004,40.0,60.0,20.0,0.5,0.6000000000000001,0.9,0.30000000000000004,20.0,20.0,90.0,5400,4090,1310,5400,0.24259259259259258,0.8788495710568345,1.0,0.8788495710568345,1855,0.45354523227383864,1.0,1
"iteration_1","SCOPE_DATA_COLLECTION",1400,49,3010.0,3070.0,2,8834,5465,1989,8862,5401,1986,4327,2656,984,4527,2812,1012,0.5112943302462164,0.5142648134601316,0.5070140280561122,0.5051051812692042,1.007254324840224,1.6122850721532418,1.0102103625384085,1.007254324840224,1.074856714768828,0.5333949618673446,0.6204819277108434,0.6524390243902439,100.0,100.0,5230,2788,8270,81,0,8270,0.015487571701720841,0.0,1.0,0.25,0.9,0.5,0.30000000000000004,40.0,60.0,20.0,0.5,0.6000000000000001,0.9,0.30000000000000004,20.0,20.0,90.0,2032,1490,542,2032,0.26673228346456695,1.2573166930584594,1.5,0.8382111287056396,648,0.4348993288590604,1.0,1
"iteration_1","SCOPE_DATA_COLLECTION",1400,50,3070.0,3130.0,0,8683,5400,2032,8834,5465,1989,6583,4070,1488,2070,1310,542,0.2392233907315382,0.24349442379182157,0.26699507389162563,0.46547195737034286,0.8717798228364663,1.2525752859270507,0.9309439147406857,0.8717798228364663,0.8350501906180338,0.38037368980707886,0.4506142506142506,0.4334677419354839,97.5,100.0,5391,5360,5364,104,5,3813,0.019291411611945836,9.328358208955224E-4,0.7108501118568232,0.5,0.6000000000000001,0.9,0.30000000000000004,20.0,20.0,90.0,0.15000000000000002,0.2,0.5,0.8,45.0,55.0,70.0,8858,3901,4957,8858,0.5596071347934071,0.5171991657570848,0.5,1.0343983315141696,2225,0.5703665726736734,1.0,1
"iteration_1","SCOPE_DATA_COLLECTION",1400,50,3070.0,3130.0,1,8683,5400,2032,8834,5465,1989,6583,4070,1488,2070,1310,542,0.2392233907315382,0.24349442379182157,0.26699507389162563,0.46547195737034286,0.8717798228364663,1.2525752859270507,0.9309439147406857,0.8717798228364663,0.8350501906180338,0.38037368980707886,0.4506142506142506,0.4334677419354839,97.5,100.0,5391,5360,5364,104,5,3813,0.019291411611945836,9.328358208955224E-4,0.7108501118568232,0.5,0.6000000000000001,0.9,0.30000000000000004,20.0,20.0,90.0,0.15000000000000002,0.2,0.5,0.8,45.0,55.0,70.0,5426,2323,3103,5426,0.571876151861408,1.1737987122645868,1.0,1.1737987122645868,1720,0.7404218682737839,1.0,1
"iteration_1","SCOPE_DATA_COLLECTION",1400,50,3070.0,3130.0,2,8683,5400,2032,8834,5465,1989,6583,4070,1488,2070,1310,542,0.2392233907315382,0.24349442379182157,0.26699507389162563,0.46547195737034286,0.8717798228364663,1.2525752859270507,0.9309439147406857,0.8717798228364663,0.8350501906180338,0.38037368980707886,0.4506142506142506,0.4334677419354839,97.5,100.0,5391,5360,5364,104,5,3813,0.019291411611945836,9.328358208955224E-4,0.7108501118568232,0.5,0.6000000000000001,0.9,0.30000000000000004,20.0,20.0,90.0,0.15000000000000002,0.2,0.5,0.8,45.0,55.0,70.0,2049,810,1239,2049,0.6046852122986823,1.87620391246211,1.5,1.2508026083080732,624,0.7703703703703704,1.0,1
"iteration_1","SCOPE_DATA_COLLECTION",1400,51,3130.0,3190.0,0,8858,5426,2049,8683,5400,2032,3928,2337,817,4957,3103,1239,0.5579065841305572,0.5704044117647059,0.6026264591439688,0.5208490552003795,1.1827129488314243,1.8791732312046876,1.041698110400759,1.1827129488314243,1.2527821541364583,0.5728105906313645,0.7411210954214805,0.7711138310893513,92.5,100.0,5460,1679,9194,105,0,9194,0.019230769230769232,0.0,1.0,0.15000000000000002,0.2,0.5,0.8,45.0,55.0,70.0,0.05,0.2,0.6000000000000001,0.8,55.0,45.0,80.0,8794,3262,5532,8794,0.6290652717762111,0.5897233971564758,0.5,1.1794467943129516,2150,0.6591048436541999,1.0,1
"iteration_1","SCOPE_DATA_COLLECTION",1400,51,3130.0,3190.0,1,8858,5426,2049,8683,5400,2032,3928,2337,817,4957,3103,1239,0.5579065841305572,0.5704044117647059,0.6026264591439688,0.5208490552003795,1.1827129488314243,1.8791732312046876,1.041698110400759,1.1827129488314243,1.2527821541364583,0.5728105906313645,0.7411210954214805,0.7711138310893513,92.5,100.0,5460,1679,9194,105,0,9194,0.019230769230769232,0.0,1.0,0.15000000000000002,0.2,0.5,0.8,45.0,55.0,70.0,0.05,0.2,0.6000000000000001,0.8,55.0,45.0,80.0,5473,1928,3545,5473,0.6477251964187831,1.3519630171959596,1.0,1.3519630171959596,1707,0.8853734439834025,1.0,1
"iteration_1","SCOPE_DATA_COLLECTION",1400,51,3130.0,3190.0,2,8858,5426,2049,8683,5400,2032,3928,2337,817,4957,3103,1239,0.5579065841305572,0.5704044117647059,0.6026264591439688,0.5208490552003795,1.1827129488314243,1.8791732312046876,1.041698110400759,1.1827129488314243,1.2527821541364583,0.5728105906313645,0.7411210954214805,0.7711138310893513,92.5,100.0,5460,1679,9194,105,0,9194,0.019230769230769232,0.0,1.0,0.15000000000000002,0.2,0.5,0.8,45.0,55.0,70.0,0.05,0.2,0.6000000000000001,0.8,55.0,45.0,80.0,2054,713,1341,2054,0.6528724440116845,2.1644842019885977,1.5,1.4429894679923985,653,0.9158485273492286,1.0,1
"iteration_1","SCOPE_DATA_COLLECTION",1400,52,3190.0,3250.0,0,8794,5473,2054,8858,5426,2049,3259,1929,711,5532,3545,1341,0.6292799453987032,0.6476068688344904,0.6535087719298246,0.5895284066177637,1.3490874191909892,2.1616059729514396,1.1790568132355275,1.3490874191909892,1.441070648634293,0.6590978827861307,0.8849144634525661,0.9156118143459916,100.0,100.0,5494,547,10280,138,0,10280,0.025118310884601383,0.0,1.0,0.05,0.2,0.6000000000000001,0.8,55.0,45.0,80.0,0.15000000000000002,0.2,0.5,0.8,55.0,35.0,90.0,8803,3769,5034,8803,0.5718505055094854,0.5052654896869163,0.5,1.0105309793738326,2073,0.5500132661183338,1.0,1
"iteration_1","SCOPE_DATA_COLLECTION",1400,52,3190.0,3250.0,1,8794,5473,2054,8858,5426,2049,3259,1929,711,5532,3545,1341,0.6292799453987032,0.6476068688344904,0.6535087719298246,0.5895284066177637,1.3490874191909892,2.1616059729514396,1.1790568132355275,1.3490874191909892,1.441070648634293,0.6590978827861307,0.8849144634525661,0.9156118143459916,100.0,100.0,5494,547,10280,138,0,10280,0.025118310884601383,0.0,1.0,0.05,0.2,0.6000000000000001,0.8,55.0,45.0,80.0,0.15000000000000002,0.2,0.5,0.8,55.0,35.0,90.0,5473,2300,3173,5473,0.5797551617029052,1.1364964237423631,1.0,1.1364964237423631,1701,0.7395652173913043,1.0,1
"iteration_1","SCOPE_DATA_COLLECTION",1400,52,3190.0,3250.0,2,8794,5473,2054,8858,5426,2049,3259,1929,711,5532,3545,1341,0.6292799453987032,0.6476068688344904,0.6535087719298246,0.5895284066177637,1.3490874191909892,2.1616059729514396,1.1790568132355275,1.3490874191909892,1.441070648634293,0.6590978827861307,0.8849144634525661,0.9156118143459916,100.0,100.0,5494,547,10280,138,0,10280,0.025118310884601383,0.0,1.0,0.05,0.2,0.6000000000000001,0.8,55.0,45.0,80.0,0.15000000000000002,0.2,0.5,0.8,55.0,35.0,90.0,2052,815,1237,2052,0.6028265107212476,1.8670069852984859,1.5,1.244671323532324,639,0.7840490797546013,1.0,1
"iteration_1","SCOPE_DATA_COLLECTION",1400,53,3250.0,3310.0,0,8803,5473,2052,8794,5473,2054,3780,2300,811,5034,3173,1237,0.5711368277739959,0.5797551617029052,0.60400390625,0.5063749181916413,1.140079518310745,1.869549225662647,1.0127498363832825,1.140079518310745,1.2463661504417647,0.5515873015873016,0.7404347826086957,0.782983970406905,100.0,100.0,5448,1548,9332,112,0,9332,0.020558002936857563,0.0,1.0,0.15000000000000002,0.2,0.5,0.8,55.0,35.0,90.0,0.25,0.2,0.6000000000000001,0.8,55.0,25.0,90.0,8744,4515,4229,8744,0.4836459286367795,0.4589480716283277,0.5,0.9178961432566554,2192,0.48549280177187154,1.0,1
"iteration_1","SCOPE_DATA_COLLECTION",1400,53,3250.0,3310.0,1,8803,5473,2052,8794,5473,2054,3780,2300,811,5034,3173,1237,0.5711368277739959,0.5797551617029052,0.60400390625,0.5063749181916413,1.140079518310745,1.869549225662647,1.0127498363832825,1.140079518310745,1.2463661504417647,0.5515873015873016,0.7404347826086957,0.782983970406905,100.0,100.0,5448,1548,9332,112,0,9332,0.020558002936857563,0.0,1.0,0.15000000000000002,0.2,0.5,0.8,55.0,35.0,90.0,0.25,0.2,0.6000000000000001,0.8,55.0,25.0,90.0,5484,2762,2722,5484,0.4963530269876003,1.0142769970950296,1.0,1.0142769970950296,1741,0.6303403330919624,1.0,1
"iteration_1","SCOPE_DATA_COLLECTION",1400,53,3250.0,3310.0,2,8803,5473,2052,8794,5473,2054,3780,2300,811,5034,3173,1237,0.5711368277739959,0.5797551617029052,0.60400390625,0.5063749181916413,1.140079518310745,1.869549225662647,1.0127498363832825,1.140079518310745,1.2463661504417647,0.5515873015873016,0.7404347826086957,0.782983970406905,100.0,100.0,5448,1548,9332,112,0,9332,0.020558002936857563,0.0,1.0,0.15000000000000002,0.2,0.5,0.8,55.0,35.0,90.0,0.25,0.2,0.6000000000000001,0.8,55.0,25.0,90.0,1983,971,1012,1983,0.5103378719112456,1.5930595895246245,1.5,1.0620397263497496,615,0.6333676622039135,1.0,1
"iteration_1","SCOPE_DATA_COLLECTION",1400,54,3310.0,3370.0,0,8744,5484,1983,8803,5473,2052,4482,2764,965,4229,2722,1012,0.48547813109861093,0.4961720743711265,0.5118866970156803,0.45679615657835104,1.013435289089098,1.5890530123718085,0.9135923131567021,1.013435289089098,1.059368674914539,0.4830432842481035,0.6309696092619392,0.633160621761658,100.0,100.0,5580,2770,7861,101,1,7861,0.01810035842293907,3.6101083032490973E-4,1.0,0.25,0.2,0.6000000000000001,0.8,55.0,25.0,90.0,0.25,0.2,0.7000000000000001,0.8,55.0,20.0,90.0,8684,4269,4415,8684,0.5084062643942884,0.4528302977179892,0.5,0.9056605954359784,2026,0.4745842117591942,1.0,1
"iteration_1","SCOPE_DATA_COLLECTION",1400,54,3310.0,3370.0,1,8744,5484,1983,8803,5473,2052,4482,2764,965,4229,2722,1012,0.48547813109861093,0.4961720743711265,0.5118866970156803,0.45679615657835104,1.013435289089098,1.5890530123718085,0.9135923131567021,1.013435289089098,1.059368674914539,0.4830432842481035,0.6309696092619392,0.633160621761658,100.0,100.0,5580,2770,7861,101,1,7861,0.01810035842293907,3.6101083032490973E-4,1.0,0.25,0.2,0.6000000000000001,0.8,55.0,25.0,90.0,0.25,0.2,0.7000000000000001,0.8,55.0,20.0,90.0,5440,2667,2773,5440,0.5097426470588236,1.0444883666730163,1.0,1.0444883666730163,1723,0.6460442444694413,1.0,1
"iteration_1","SCOPE_DATA_COLLECTION",1400,54,3310.0,3370.0,2,8744,5484,1983,8803,5473,2052,4482,2764,965,4229,2722,1012,0.48547813109861093,0.4961720743711265,0.5118866970156803,0.45679615657835104,1.013435289089098,1.5890530123718085,0.9135923131567021,1.013435289089098,1.059368674914539,0.4830432842481035,0.6309696092619392,0.633160621761658,100.0,100.0,5580,2770,7861,101,1,7861,0.01810035842293907,3.6101083032490973E-4,1.0,0.25,0.2,0.6000000000000001,0.8,55.0,25.0,90.0,0.25,0.2,0.7000000000000001,0.8,55.0,20.0,90.0,2073,989,1084,2073,0.5229136517124939,1.6645695739898743,1.5,1.1097130493265828,658,0.6653185035389282,1.0,1
"iteration_1","SCOPE_DATA_COLLECTION",1400,55,3370.0,3430.0,0,8684,5440,2073,8744,5484,1983,4297,2660,993,4415,2773,1084,0.5067722681359045,0.5103994110068102,0.5219065960519981,0.45440549191574453,1.0448682857323337,1.661982316722405,0.9088109838314891,1.0448682857323337,1.10798821114827,0.47661158948103327,0.6462406015037594,0.6646525679758308,100.0,100.0,5425,2639,8133,137,2,8133,0.025253456221198158,7.578628268283441E-4,1.0,0.25,0.2,0.7000000000000001,0.8,55.0,20.0,90.0,0.35000000000000003,0.2,0.8,0.8,45.0,20.0,90.0,8816,5027,3789,8816,0.4297867513611615,0.40697643099384573,0.5,0.8139528619876915,2037,0.4052118559777203,1.0,1
"iteration_1","SCOPE_DATA_COLLECTION",1400,55,3370.0,3430.0,1,8684,5440,2073,8744,5484,1983,4297,2660,993,4415,2773,1084,0.5067722681359045,0.5103994110068102,0.5219065960519981,0.45440549191574453,1.0448682857323337,1.661982316722405,0.9088109838314891,1.0448682857323337,1.10798821114827,0.47661158948103327,0.6462406015037594,0.6646525679758308,100.0,100.0,5425,2639,8133,137,2,8133,0.025253456221198158,7.578628268283441E-4,1.0,0.25,0.2,0.7000000000000001,0.8,55.0,20.0,90.0,0.35000000000000003,0.2,0.8,0.8,45.0,20.0,90.0,5394,3077,2317,5394,0.42955135335558026,0.9317518495786553,1.0,0.9317518495786553,1754,0.5700357491062723,1.0,1
"iteration_1","SCOPE_DATA_COLLECTION",1400,55,3370.0,3430.0,2,8684,5440,2073,8744,5484,1983,4297,2660,993,4415,2773,1084,0.5067722681359045,0.5103994110068102,0.5219065960519981,0.45440549191574453,1.0448682857323337,1.661982316722405,0.9088109838314891,1.0448682857323337,1.10798821114827,0.47661158948103327,0.6462406015037594,0.6646525679758308,100.0,100.0,5425,2639,8133,137,2,8133,0.025253456221198158,7.578628268283441E-4,1.0,0.25,0.2,0.7000000000000001,0.8,55.0,20.0,90.0,0.35000000000000003,0.2,0.8,0.8,45.0,20.0,90.0,2051,1139,912,2051,0.4446611409068747,1.4246502073911271,1.5,0.949766804927418,627,0.5504828797190519,1.0,1
"iteration_1","SCOPE_DATA_COLLECTION",1400,56,3430.0,3490.0,0,8816,5394,2051,8684,5440,2073,5018,3072,1134,3789,2317,912,0.43022595662541163,0.4299498979402487,0.44574780058651026,0.40735820333488626,0.9318006649272035,1.4257289940996491,0.8147164066697725,0.9318006649272035,0.9504859960664328,0.40534077321642087,0.5703125,0.5502645502645502,100.0,100.0,5522,3779,6960,118,4,6896,0.021369069177834116,0.0010584810796507012,0.9908045977011494,0.35000000000000003,0.2,0.8,0.8,45.0,20.0,90.0,0.25,0.2,0.9,0.8,55.0,20.0,80.0,8762,4321,4441,8762,0.5068477516548733,0.4479715568945795,0.5,0.895943113789159,1996,0.4619301087711178,1.0,1
"iteration_1","SCOPE_DATA_COLLECTION",1400,56,3430.0,3490.0,1,8816,5394,2051,8684,5440,2073,5018,3072,1134,3789,2317,912,0.43022595662541163,0.4299498979402487,0.44574780058651026,0.40735820333488626,0.9318006649272035,1.4257289940996491,0.8147164066697725,0.9318006649272035,0.9504859960664328,0.40534077321642087,0.5703125,0.5502645502645502,100.0,100.0,5522,3779,6960,118,4,6896,0.021369069177834116,0.0010584810796507012,0.9908045977011494,0.35000000000000003,0.2,0.8,0.8,45.0,20.0,90.0,0.25,0.2,0.9,0.8,55.0,20.0,80.0,5544,2717,2827,5544,0.5099206349206349,1.0503296438036023,1.0,1.0503296438036023,1750,0.6440927493559072,1.0,1
"iteration_1","SCOPE_DATA_COLLECTION",1400,56,3430.0,3490.0,2,8816,5394,2051,8684,5440,2073,5018,3072,1134,3789,2317,912,0.43022595662541163,0.4299498979402487,0.44574780058651026,0.40735820333488626,0.9318006649272035,1.4257289940996491,0.8147164066697725,0.9318006649272035,0.9504859960664328,0.40534077321642087,0.5703125,0.5502645502645502,100.0,100.0,5522,3779,6960,118,4,6896,0.021369069177834116,0.0010584810796507012,0.9908045977011494,0.35000000000000003,0.2,0.8,0.8,45.0,20.0,90.0,0.25,0.2,0.9,0.8,55.0,20.0,80.0,2031,945,1086,2031,0.534711964549483,1.6679289710852374,1.5,1.1119526473901582,634,0.6708994708994709,1.0,1
"iteration_1","SCOPE_DATA_COLLECTION",1400,57,3490.0,3550.0,0,8762,5544,2031,8816,5394,2051,4312,2711,954,4441,2826,1085,0.5073689020907117,0.5103846848473903,0.5321235899950957,0.44699355420878306,1.0461735365348388,1.6793304251448935,0.8939871084175661,1.0461735365348388,1.1195536167632623,0.46034322820037105,0.6418295831796386,0.6761006289308176,100.0,100.0,5367,2738,8232,116,4,8232,0.021613564374883546,0.0014609203798392988,1.0,0.25,0.2,0.9,0.8,55.0,20.0,80.0,0.35000000000000003,0.30000000000000004,0.9,0.8,65.0,30.0,80.0,8681,4990,3691,8681,0.4251814307107476,0.4263087239201889,0.5,0.8526174478403779,2151,0.431062124248497,1.0,1
"iteration_1","SCOPE_DATA_COLLECTION",1400,57,3490.0,3550.0,1,8762,5544,2031,8816,5394,2051,4312,2711,954,4441,2826,1085,0.5073689020907117,0.5103846848473903,0.5321235899950957,0.44699355420878306,1.0461735365348388,1.6793304251448935,0.8939871084175661,1.0461735365348388,1.1195536167632623,0.46034322820037105,0.6418295831796386,0.6761006289308176,100.0,100.0,5367,2738,8232,116,4,8232,0.021613564374883546,0.0014609203798392988,1.0,0.25,0.2,0.9,0.8,55.0,20.0,80.0,0.35000000000000003,0.30000000000000004,0.9,0.8,65.0,30.0,80.0,5453,3022,2431,5453,0.44580964606638546,0.9350932036897658,1.0,0.9350932036897658,1712,0.5665122435473197,1.0,1
"iteration_1","SCOPE_DATA_COLLECTION",1400,57,3490.0,3550.0,2,8762,5544,2031,8816,5394,2051,4312,2711,954,4441,2826,1085,0.5073689020907117,0.5103846848473903,0.5321235899950957,0.44699355420878306,1.0461735365348388,1.6793304251448935,0.8939871084175661,1.0461735365348388,1.1195536167632623,0.46034322820037105,0.6418295831796386,0.6761006289308176,100.0,100.0,5367,2738,8232,116,4,8232,0.021613564374883546,0.0014609203798392988,1.0,0.25,0.2,0.9,0.8,55.0,20.0,80.0,0.35000000000000003,0.30000000000000004,0.9,0.8,65.0,30.0,80.0,2075,1141,934,2075,0.45012048192771087,1.40564891509875,1.5,0.9370992767324999,613,0.537248028045574,1.0,1
"iteration_1","SCOPE_DATA_COLLECTION",1400,58,3550.0,3619.0340847974494,0,8681,5453,2075,8762,5544,2031,5003,3010,1148,3691,2431,935,0.4245456636760985,0.44679286895791215,0.4488718194911186,0.42744352550403686,0.9359261946337015,1.4046808419707233,0.8548870510080737,0.9359261946337015,0.9364538946471489,0.43234059564261446,0.5651162790697675,0.5374564459930313,97.5,100.0,5439,3846,6924,124,9,6924,0.022798308512594227,0.00234009360374415,1.0,0.35000000000000003,0.30000000000000004,0.9,0.8,65.0,30.0,80.0,0.35000000000000003,0.30000000000000004,0.9,0.8,55.0,20.0,90.0,7501,4269,3186,7455,0.427364185110664,0.4381375992320974,0.5,0.8762751984641948,1960,0.4591239166081049,0.9938674843354219,0
"iteration_1","SCOPE_DATA_COLLECTION",1400,58,3550.0,3619.0340847974494,1,8681,5453,2075,8762,5544,2031,5003,3010,1148,3691,2431,935,0.4245456636760985,0.44679286895791215,0.4488718194911186,0.42744352550403686,0.9359261946337015,1.4046808419707233,0.8548870510080737,0.9359261946337015,0.9364538946471489,0.43234059564261446,0.5651162790697675,0.5374564459930313,97.5,100.0,5439,3846,6924,124,9,6924,0.022798308512594227,0.00234009360374415,1.0,0.35000000000000003,0.30000000000000004,0.9,0.8,65.0,30.0,80.0,0.35000000000000003,0.30000000000000004,0.9,0.8,55.0,20.0,90.0,4556,2467,2036,4503,0.4521430157672663,0.936877119473993,1.0,0.936877119473993,1359,0.550871503850831,0.9883669885864794,0
"iteration_1","SCOPE_DATA_COLLECTION",1400,58,3550.0,3619.0340847974494,2,8681,5453,2075,8762,5544,2031,5003,3010,1148,3691,2431,935,0.4245456636760985,0.44679286895791215,0.4488718194911186,0.42744352550403686,0.9359261946337015,1.4046808419707233,0.8548870510080737,0.9359261946337015,0.9364538946471489,0.43234059564261446,0.5651162790697675,0.5374564459930313,97.5,100.0,5439,3846,6924,124,9,6924,0.022798308512594227,0.00234009360374415,1.0,0.35000000000000003,0.30000000000000004,0.9,0.8,65.0,30.0,80.0,0.35000000000000003,0.30000000000000004,0.9,0.8,55.0,20.0,90.0,1740,914,802,1716,0.46736596736596736,1.4124222276113172,1.5,0.9416148184075448,487,0.5328227571115973,0.9862068965517241,0
"iteration_1","SCOPE_DATA_COLLECTION",1500,0,70.0,130.0,0,8303,5672,1982,0,0,0,7714,5191,1762,521,394,181,0.06326654523375835,0.07054610564010744,0.09315491507977354,0.3522510198333919,0.6896760773199433,1.0299973286909292,0.7045020396667838,0.6896760773199433,0.6866648857939528,0.29414052372310084,0.34444230398767095,0.32349602724177073,97.5,100.0,5310,6468,4179,161,6,929,0.03032015065913371,9.276437847866419E-4,0.2223019861210816,0.6,0.5,0.7,0.4,85.0,80.0,90.0,0.1,0.2,0.4,0.8,85.0,30.0,60.0,9018,3420,5598,9018,0.6207584830339321,0.5441623401924853,0.5,1.0883246803849707,2034,0.5947368421052631,1.0,1
"iteration_1","SCOPE_DATA_COLLECTION",1500,0,70.0,130.0,1,8303,5672,1982,0,0,0,7714,5191,1762,521,394,181,0.06326654523375835,0.07054610564010744,0.09315491507977354,0.3522510198333919,0.6896760773199433,1.0299973286909292,0.7045020396667838,0.6896760773199433,0.6866648857939528,0.29414052372310084,0.34444230398767095,0.32349602724177073,97.5,100.0,5310,6468,4179,161,6,929,0.03032015065913371,9.276437847866419E-4,0.2223019861210816,0.6,0.5,0.7,0.4,85.0,80.0,90.0,0.1,0.2,0.4,0.8,85.0,30.0,60.0,6175,2337,3838,6175,0.6215384615384615,1.2387804587980598,1.0,1.2387804587980598,1822,0.7796320068463842,1.0,1
"iteration_1","SCOPE_DATA_COLLECTION",1500,0,70.0,130.0,2,8303,5672,1982,0,0,0,7714,5191,1762,521,394,181,0.06326654523375835,0.07054610564010744,0.09315491507977354,0.3522510198333919,0.6896760773199433,1.0299973286909292,0.7045020396667838,0.6896760773199433,0.6866648857939528,0.29414052372310084,0.34444230398767095,0.32349602724177073,97.5,100.0,5310,6468,4179,161,6,929,0.03032015065913371,9.276437847866419E-4,0.2223019861210816,0.6,0.5,0.7,0.4,85.0,80.0,90.0,0.1,0.2,0.4,0.8,85.0,30.0,60.0,2212,791,1421,2212,0.6424050632911392,1.9477100949134312,1.5,1.2984733966089541,639,0.8078381795195955,1.0,1
"iteration_1","SCOPE_DATA_COLLECTION",1500,1,130.0,190.0,0,9018,6175,2212,8303,5672,1982,3460,2378,795,5598,3838,1421,0.6180172223448885,0.6174388674388674,0.641245487364621,0.5483542425656491,1.2344611352231638,1.9277580869216664,1.0967084851312983,1.2344611352231638,1.2851720579477777,0.5924855491329479,0.7758620689655172,0.8012578616352202,97.5,100.0,5477,1150,10778,165,0,10692,0.03012598137666606,0.0,0.9920207830766375,0.1,0.2,0.4,0.8,85.0,30.0,60.0,0.05,0.2,0.30000000000000004,0.9,85.0,20.0,60.0,9164,3186,5978,9164,0.6523352247926669,0.5880766222696244,0.5,1.1761532445392489,2027,0.6362209667294413,1.0,1
"iteration_1","SCOPE_DATA_COLLECTION",1500,1,130.0,190.0,1,9018,6175,2212,8303,5672,1982,3460,2378,795,5598,3838,1421,0.6180172223448885,0.6174388674388674,0.641245487364621,0.5483542425656491,1.2344611352231638,1.9277580869216664,1.0967084851312983,1.2344611352231638,1.2851720579477777,0.5924855491329479,0.7758620689655172,0.8012578616352202,97.5,100.0,5477,1150,10778,165,0,10692,0.03012598137666606,0.0,0.9920207830766375,0.1,0.2,0.4,0.8,85.0,30.0,60.0,0.05,0.2,0.30000000000000004,0.9,85.0,20.0,60.0,6253,2152,4101,6253,0.6558451943067327,1.3070360949572524,1.0,1.3070360949572524,1845,0.8573420074349443,1.0,1
"iteration_1","SCOPE_DATA_COLLECTION",1500,1,130.0,190.0,2,9018,6175,2212,8303,5672,1982,3460,2378,795,5598,3838,1421,0.6180172223448885,0.6174388674388674,0.641245487364621,0.5483542425656491,1.2344611352231638,1.9277580869216664,1.0967084851312983,1.2344611352231638,1.2851720579477777,0.5924855491329479,0.7758620689655172,0.8012578616352202,97.5,100.0,5477,1150,10778,165,0,10692,0.03012598137666606,0.0,0.9920207830766375,0.1,0.2,0.4,0.8,85.0,30.0,60.0,0.05,0.2,0.30000000000000004,0.9,85.0,20.0,60.0,2162,698,1464,2162,0.6771507863089732,2.069555144748847,1.5,1.3797034298325646,612,0.8767908309455588,1.0,1
"iteration_1","SCOPE_DATA_COLLECTION",1500,2,190.0,250.0,0,9164,6253,2162,9018,6175,2212,3202,2161,704,5978,4101,1464,0.6511982570806101,0.6549025870328968,0.6752767527675276,0.588201866439111,1.3066345198709952,2.071304934513223,1.176403732878222,1.3066345198709952,1.3808699563421485,0.6383510306058713,0.8574733919481722,0.875,100.0,100.0,5519,654,11406,137,0,11406,0.024823337561152382,0.0,1.0,0.05,0.2,0.30000000000000004,0.9,85.0,20.0,60.0,0.9,0.2,0.30000000000000004,0.6000000000000001,55.0,75.0,65.0,9001,8333,668,9001,0.0742139762248639,0.34614250915893885,0.5,0.6922850183178777,2397,0.2876515060602424,1.0,1
"iteration_1","SCOPE_DATA_COLLECTION",1500,2,190.0,250.0,1,9164,6253,2162,9018,6175,2212,3202,2161,704,5978,4101,1464,0.6511982570806101,0.6549025870328968,0.6752767527675276,0.588201866439111,1.3066345198709952,2.071304934513223,1.176403732878222,1.3066345198709952,1.3808699563421485,0.6383510306058713,0.8574733919481722,0.875,100.0,100.0,5519,654,11406,137,0,11406,0.024823337561152382,0.0,1.0,0.05,0.2,0.30000000000000004,0.9,85.0,20.0,60.0,0.9,0.2,0.30000000000000004,0.6000000000000001,55.0,75.0,65.0,6147,5705,442,6147,0.0719049943061656,0.6752700064276376,1.0,0.6752700064276376,1902,0.3333917616126205,1.0,1
"iteration_1","SCOPE_DATA_COLLECTION",1500,2,190.0,250.0,2,9164,6253,2162,9018,6175,2212,3202,2161,704,5978,4101,1464,0.6511982570806101,0.6549025870328968,0.6752767527675276,0.588201866439111,1.3066345198709952,2.071304934513223,1.176403732878222,1.3066345198709952,1.3808699563421485,0.6383510306058713,0.8574733919481722,0.875,100.0,100.0,5519,654,11406,137,0,11406,0.024823337561152382,0.0,1.0,0.05,0.2,0.30000000000000004,0.9,85.0,20.0,60.0,0.9,0.2,0.30000000000000004,0.6000000000000001,55.0,75.0,65.0,2190,1986,204,2190,0.09315068493150686,1.0297795941440102,1.5,0.6865197294293401,633,0.3187311178247734,1.0,1
"iteration_1","SCOPE_DATA_COLLECTION",1500,3,250.0,310.0,0,9001,6147,2190,9164,6253,2162,8288,5677,1986,668,442,204,0.07458686913800804,0.07223402516751103,0.09315068493150686,0.3450961505749163,0.6758264663841683,1.03556086216058,0.6901923011498327,0.6758264663841683,0.6903739081070533,0.2857142857142857,0.3334507662497798,0.3217522658610272,100.0,100.0,5470,10643,1225,102,1202,10,0.018647166361974405,0.11293808136803533,0.00816326530612245,0.9,0.2,0.30000000000000004,0.6000000000000001,55.0,75.0,65.0,0.9,0.1,0.2,0.5,55.0,85.0,55.0,8889,8096,793,8889,0.08921138485768929,0.3457546946545358,0.5,0.6915093893090716,2140,0.2643280632411067,1.0,1
"iteration_1","SCOPE_DATA_COLLECTION",1500,3,250.0,310.0,1,9001,6147,2190,9164,6253,2162,8288,5677,1986,668,442,204,0.07458686913800804,0.07223402516751103,0.09315068493150686,0.3450961505749163,0.6758264663841683,1.03556086216058,0.6901923011498327,0.6758264663841683,0.6903739081070533,0.2857142857142857,0.3334507662497798,0.3217522658610272,100.0,100.0,5470,10643,1225,102,1202,10,0.018647166361974405,0.11293808136803533,0.00816326530612245,0.9,0.2,0.30000000000000004,0.6000000000000001,55.0,75.0,65.0,0.9,0.1,0.2,0.5,55.0,85.0,55.0,6074,5575,499,6074,0.08215344089562068,0.7000057877582022,1.0,0.7000057877582022,1959,0.35139013452914797,1.0,1
"iteration_1","SCOPE_DATA_COLLECTION",1500,3,250.0,310.0,2,9001,6147,2190,9164,6253,2162,8288,5677,1986,668,442,204,0.07458686913800804,0.07223402516751103,0.09315068493150686,0.3450961505749163,0.6758264663841683,1.03556086216058,0.6901923011498327,0.6758264663841683,0.6903739081070533,0.2857142857142857,0.3334507662497798,0.3217522658610272,100.0,100.0,5470,10643,1225,102,1202,10,0.018647166361974405,0.11293808136803533,0.00816326530612245,0.9,0.2,0.30000000000000004,0.6000000000000001,55.0,75.0,65.0,0.9,0.1,0.2,0.5,55.0,85.0,55.0,2239,1998,241,2239,0.10763733809736489,1.0418672698964584,1.5,0.6945781799309723,663,0.33183183183183185,1.0,1
"iteration_1","SCOPE_DATA_COLLECTION",1500,4,310.0,370.0,0,8889,6074,2239,9001,6147,2190,8126,5584,1987,793,499,241,0.08891131292745824,0.08203189215847444,0.10816876122082585,0.3472945656245867,0.6981723785975199,1.0411983818451929,0.6945891312491734,0.6981723785975199,0.694132254563462,0.26716711789318237,0.3510028653295129,0.3316557624559638,100.0,100.0,5365,10695,1142,88,1445,0,0.01640260950605778,0.1351098644226274,0.0,0.9,0.1,0.2,0.5,55.0,85.0,55.0,0.9500000000000001,0.6000000000000001,0.30000000000000004,0.9,50.0,90.0,85.0,9030,7216,1814,9030,0.2008859357696567,0.4503925771301165,0.5,0.900785154260233,2726,0.37777161862527714,1.0,1
"iteration_1","SCOPE_DATA_COLLECTION",1500,4,310.0,370.0,1,8889,6074,2239,9001,6147,2190,8126,5584,1987,793,499,241,0.08891131292745824,0.08203189215847444,0.10816876122082585,0.3472945656245867,0.6981723785975199,1.0411983818451929,0.6945891312491734,0.6981723785975199,0.694132254563462,0.26716711789318237,0.3510028653295129,0.3316557624559638,100.0,100.0,5365,10695,1142,88,1445,0,0.01640260950605778,0.1351098644226274,0.0,0.9,0.1,0.2,0.5,55.0,85.0,55.0,0.9500000000000001,0.6000000000000001,0.30000000000000004,0.9,50.0,90.0,85.0,6285,4958,1327,6285,0.2111376292760541,0.7785192658599617,1.0,0.7785192658599617,1969,0.3971359419120613,1.0,1
"iteration_1","SCOPE_DATA_COLLECTION",1500,4,310.0,370.0,2,8889,6074,2239,9001,6147,2190,8126,5584,1987,793,499,241,0.08891131292745824,0.08203189215847444,0.10816876122082585,0.3472945656245867,0.6981723785975199,1.0411983818451929,0.6945891312491734,0.6981723785975199,0.694132254563462,0.26716711789318237,0.3510028653295129,0.3316557624559638,100.0,100.0,5365,10695,1142,88,1445,0,0.01640260950605778,0.1351098644226274,0.0,0.9,0.1,0.2,0.5,55.0,85.0,55.0,0.9500000000000001,0.6000000000000001,0.30000000000000004,0.9,50.0,90.0,85.0,2128,1597,531,2128,0.24953007518796994,1.2252896971844094,1.5,0.8168597981229396,628,0.39323731997495304,1.0,1
"iteration_1","SCOPE_DATA_COLLECTION",1500,5,370.0,430.0,0,9030,6285,2128,8889,6074,2239,7205,4953,1613,1814,1327,531,0.20113094578112872,0.21130573248407644,0.24766791044776118,0.44730689478587704,0.7772156684715014,1.219961541641738,0.8946137895717541,0.7772156684715014,0.8133076944278254,0.374323386537127,0.3947102766000404,0.3911965282083075,97.5,100.0,5396,11442,605,167,3505,0,0.03094885100074129,0.30632756511099457,0.0,0.9500000000000001,0.6000000000000001,0.30000000000000004,0.9,50.0,90.0,85.0,0.8,0.2,0.9,0.4,65.0,20.0,85.0,8916,8826,90,8916,0.010094212651413189,0.31180490533092997,0.5,0.6236098106618599,2233,0.2530024926353954,1.0,1
"iteration_1","SCOPE_DATA_COLLECTION",1500,5,370.0,430.0,1,9030,6285,2128,8889,6074,2239,7205,4953,1613,1814,1327,531,0.20113094578112872,0.21130573248407644,0.24766791044776118,0.44730689478587704,0.7772156684715014,1.219961541641738,0.8946137895717541,0.7772156684715014,0.8133076944278254,0.374323386537127,0.3947102766000404,0.3911965282083075,97.5,100.0,5396,11442,605,167,3505,0,0.03094885100074129,0.30632756511099457,0.0,0.9500000000000001,0.6000000000000001,0.30000000000000004,0.9,50.0,90.0,85.0,0.8,0.2,0.9,0.4,65.0,20.0,85.0,6161,6039,122,6161,0.019801980198019802,0.6410501393314215,1.0,0.6410501393314215,1904,0.31528398741513497,1.0,1
"iteration_1","SCOPE_DATA_COLLECTION",1500,5,370.0,430.0,2,9030,6285,2128,8889,6074,2239,7205,4953,1613,1814,1327,531,0.20113094578112872,0.21130573248407644,0.24766791044776118,0.44730689478587704,0.7772156684715014,1.219961541641738,0.8946137895717541,0.7772156684715014,0.8133076944278254,0.374323386537127,0.3947102766000404,0.3911965282083075,97.5,100.0,5396,11442,605,167,3505,0,0.03094885100074129,0.30632756511099457,0.0,0.9500000000000001,0.6000000000000001,0.30000000000000004,0.9,50.0,90.0,85.0,0.8,0.2,0.9,0.4,65.0,20.0,85.0,2054,1995,59,2054,0.02872444011684518,0.9786239471948878,1.5,0.6524159647965918,599,0.30025062656641605,1.0,1
"iteration_1","SCOPE_DATA_COLLECTION",1500,6,430.0,490.0,0,8916,6161,2054,9030,6285,2128,8816,6039,1983,90,122,59,0.010105546822366944,0.019801980198019802,0.02889324191968658,0.3126317213847722,0.6420386763385779,0.9761945747850086,0.6252634427695444,0.6420386763385779,0.6507963831900058,0.2529491833030853,0.31710548103990727,0.29954614220877457,97.5,100.0,5509,9307,2315,140,131,0,0.025412960609911054,0.014075427097883314,0.0,0.8,0.2,0.9,0.4,65.0,20.0,85.0,0.7000000000000001,0.30000000000000004,0.8,0.4,75.0,20.0,75.0,9069,9024,45,9069,0.004961958319550115,0.3188043625334136,0.5,0.6376087250668272,2353,0.2607491134751773,1.0,1
"iteration_1","SCOPE_DATA_COLLECTION",1500,6,430.0,490.0,1,8916,6161,2054,9030,6285,2128,8816,6039,1983,90,122,59,0.010105546822366944,0.019801980198019802,0.02889324191968658,0.3126317213847722,0.6420386763385779,0.9761945747850086,0.6252634427695444,0.6420386763385779,0.6507963831900058,0.2529491833030853,0.31710548103990727,0.29954614220877457,97.5,100.0,5509,9307,2315,140,131,0,0.025412960609911054,0.014075427097883314,0.0,0.8,0.2,0.9,0.4,65.0,20.0,85.0,0.7000000000000001,0.30000000000000004,0.8,0.4,75.0,20.0,75.0,6114,6037,77,6114,0.012594046450768727,0.6363772955313014,1.0,0.6363772955313014,1831,0.303296339241345,1.0,1
"iteration_1","SCOPE_DATA_COLLECTION",1500,6,430.0,490.0,2,8916,6161,2054,9030,6285,2128,8816,6039,1983,90,122,59,0.010105546822366944,0.019801980198019802,0.02889324191968658,0.3126317213847722,0.6420386763385779,0.9761945747850086,0.6252634427695444,0.6420386763385779,0.6507963831900058,0.2529491833030853,0.31710548103990727,0.29954614220877457,97.5,100.0,5509,9307,2315,140,131,0,0.025412960609911054,0.014075427097883314,0.0,0.8,0.2,0.9,0.4,65.0,20.0,85.0,0.7000000000000001,0.30000000000000004,0.8,0.4,75.0,20.0,75.0,2137,2079,58,2137,0.0271408516612073,0.960263553194926,1.5,0.6401757021299507,617,0.29677729677729675,1.0,1
"iteration_1","SCOPE_DATA_COLLECTION",1500,7,490.0,550.0,0,9069,6114,2137,8916,6161,2054,9019,6033,2077,45,77,58,0.004964695498676081,0.012602291325695581,0.027166276346604217,0.31950323917867474,0.6367540603109813,0.9619118742871308,0.6390064783573495,0.6367540603109813,0.6412745828580871,0.26166980818272534,0.30349743079728164,0.29754453538757825,100.0,100.0,5430,8309,3581,114,11,55,0.020994475138121547,0.0013238656878084005,0.015358838313320302,0.7000000000000001,0.30000000000000004,0.8,0.4,75.0,20.0,75.0,0.8,0.30000000000000004,0.9,0.4,75.0,20.0,75.0,8922,8818,104,8922,0.01165657924232235,0.3179086841764846,0.5,0.6358173683529692,2318,0.26287139941029714,1.0,1
"iteration_1","SCOPE_DATA_COLLECTION",1500,7,490.0,550.0,1,9069,6114,2137,8916,6161,2054,9019,6033,2077,45,77,58,0.004964695498676081,0.012602291325695581,0.027166276346604217,0.31950323917867474,0.6367540603109813,0.9619118742871308,0.6390064783573495,0.6367540603109813,0.6412745828580871,0.26166980818272534,0.30349743079728164,0.29754453538757825,100.0,100.0,5430,8309,3581,114,11,55,0.020994475138121547,0.0013238656878084005,0.015358838313320302,0.7000000000000001,0.30000000000000004,0.8,0.4,75.0,20.0,75.0,0.8,0.30000000000000004,0.9,0.4,75.0,20.0,75.0,6074,5948,126,6074,0.02074415541652947,0.6469538324867036,1.0,0.6469538324867036,1849,0.31086079354404844,1.0,1
"iteration_1","SCOPE_DATA_COLLECTION",1500,7,490.0,550.0,2,9069,6114,2137,8916,6161,2054,9019,6033,2077,45,77,58,0.004964695498676081,0.012602291325695581,0.027166276346604217,0.31950323917867474,0.6367540603109813,0.9619118742871308,0.6390064783573495,0.6367540603109813,0.6412745828580871,0.26166980818272534,0.30349743079728164,0.29754453538757825,100.0,100.0,5430,8309,3581,114,11,55,0.020994475138121547,0.0013238656878084005,0.015358838313320302,0.7000000000000001,0.30000000000000004,0.8,0.4,75.0,20.0,75.0,0.8,0.30000000000000004,0.9,0.4,75.0,20.0,75.0,2116,2045,71,2116,0.0335538752362949,0.9714770833133247,1.5,0.6476513888755498,618,0.30220048899755503,1.0,1
"iteration_1","SCOPE_DATA_COLLECTION",1500,8,550.0,610.0,0,8922,6074,2116,9069,6114,2137,8846,5937,2049,104,126,71,0.011620111731843576,0.02078179119247897,0.03349056603773585,0.3191135567040999,0.6460633202529769,0.9778331032907244,0.6382271134081998,0.6460633202529769,0.6518887355271495,0.26430024869997737,0.3097524002021223,0.3055148853099073,100.0,100.0,5423,9370,2319,133,168,0,0.024525170569795317,0.01792956243329776,0.0,0.8,0.30000000000000004,0.9,0.4,75.0,20.0,75.0,0.8,0.2,0.9,0.5,65.0,30.0,75.0,8818,8793,25,8818,0.002835110002268088,0.29636213170775527,0.5,0.5927242634155105,2135,0.24280677811895826,1.0,1
"iteration_1","SCOPE_DATA_COLLECTION",1500,8,550.0,610.0,1,8922,6074,2116,9069,6114,2137,8846,5937,2049,104,126,71,0.011620111731843576,0.02078179119247897,0.03349056603773585,0.3191135567040999,0.6460633202529769,0.9778331032907244,0.6382271134081998,0.6460633202529769,0.6518887355271495,0.26430024869997737,0.3097524002021223,0.3055148853099073,100.0,100.0,5423,9370,2319,133,168,0,0.024525170569795317,0.01792956243329776,0.0,0.8,0.30000000000000004,0.9,0.4,75.0,20.0,75.0,0.8,0.2,0.9,0.5,65.0,30.0,75.0,6041,5991,50,6041,0.008276775368316504,0.6205080334004609,1.0,0.6205080334004609,1797,0.299949924887331,1.0,1
"iteration_1","SCOPE_DATA_COLLECTION",1500,8,550.0,610.0,2,8922,6074,2116,9069,6114,2137,8846,5937,2049,104,126,71,0.011620111731843576,0.02078179119247897,0.03349056603773585,0.3191135567040999,0.6460633202529769,0.9778331032907244,0.6382271134081998,0.6460633202529769,0.6518887355271495,0.26430024869997737,0.3097524002021223,0.3055148853099073,100.0,100.0,5423,9370,2319,133,168,0,0.024525170569795317,0.01792956243329776,0.0,0.8,0.30000000000000004,0.9,0.4,75.0,20.0,75.0,0.8,0.2,0.9,0.5,65.0,30.0,75.0,2099,2050,49,2099,0.023344449737970462,0.9975478626241975,1.5,0.6650319084161317,650,0.3170731707317073,1.0,1
"iteration_1","SCOPE_DATA_COLLECTION",1500,9,610.0,670.0,0,8818,6041,2099,8922,6074,2116,8791,5998,2051,25,50,49,0.0028357531760435572,0.008267195767195767,0.023333333333333334,0.29630137170789517,0.6220415519542204,0.9945408830920894,0.5926027434157903,0.6220415519542204,0.6630272553947263,0.24286201797292686,0.3017672557519173,0.3149683081423696,100.0,100.0,5375,9205,2378,115,9,0,0.021395348837209303,9.77729494839761E-4,0.0,0.8,0.2,0.9,0.5,65.0,30.0,75.0,0.45,0.1,0.6000000000000001,0.1,45.0,40.0,45.0,8870,5528,3342,8870,0.3767756482525366,0.3514831439370826,0.5,0.7029662878741652,1838,0.33248914616497827,1.0,1
"iteration_1","SCOPE_DATA_COLLECTION",1500,9,610.0,670.0,1,8818,6041,2099,8922,6074,2116,8791,5998,2051,25,50,49,0.0028357531760435572,0.008267195767195767,0.023333333333333334,0.29630137170789517,0.6220415519542204,0.9945408830920894,0.5926027434157903,0.6220415519542204,0.6630272553947263,0.24286201797292686,0.3017672557519173,0.3149683081423696,100.0,100.0,5375,9205,2378,115,9,0,0.021395348837209303,9.77729494839761E-4,0.0,0.8,0.2,0.9,0.5,65.0,30.0,75.0,0.45,0.1,0.6000000000000001,0.1,45.0,40.0,45.0,6217,3905,2312,6217,0.37188354511822425,0.8650599260134585,1.0,0.8650599260134585,1888,0.48348271446862995,1.0,1
"iteration_1","SCOPE_DATA_COLLECTION",1500,9,610.0,670.0,2,8818,6041,2099,8922,6074,2116,8791,5998,2051,25,50,49,0.0028357531760435572,0.008267195767195767,0.023333333333333334,0.29630137170789517,0.6220415519542204,0.9945408830920894,0.5926027434157903,0.6220415519542204,0.6630272553947263,0.24286201797292686,0.3017672557519173,0.3149683081423696,100.0,100.0,5375,9205,2378,115,9,0,0.021395348837209303,9.77729494839761E-4,0.0,0.8,0.2,0.9,0.5,65.0,30.0,75.0,0.45,0.1,0.6000000000000001,0.1,45.0,40.0,45.0,2115,1291,824,2115,0.3895981087470449,1.3157183670258359,1.5,0.8771455780172239,655,0.5073586367157242,1.0,1
"iteration_1","SCOPE_DATA_COLLECTION",1500,10,670.0,730.0,0,8870,6217,2115,8818,6041,2099,5536,3915,1299,3342,2312,824,0.376436134264474,0.3712863337080456,0.3881300047103156,0.3511336251194443,0.8612956549411882,1.316082132475217,0.7022672502388886,0.8612956549411882,0.8773880883168114,0.33236994219653176,0.48020434227330777,0.5057736720554272,100.0,100.0,5361,5320,6521,62,5,6411,0.011565006528632718,9.398496240601503E-4,0.9831314215611102,0.45,0.1,0.6000000000000001,0.1,45.0,40.0,45.0,0.45,0.2,0.6000000000000001,0.1,45.0,40.0,35.0,8946,5476,3470,8946,0.38788285267158507,0.3858104911758343,0.5,0.7716209823516686,2048,0.3739956172388605,1.0,1
"iteration_1","SCOPE_DATA_COLLECTION",1500,10,670.0,730.0,1,8870,6217,2115,8818,6041,2099,5536,3915,1299,3342,2312,824,0.376436134264474,0.3712863337080456,0.3881300047103156,0.3511336251194443,0.8612956549411882,1.316082132475217,0.7022672502388886,0.8612956549411882,0.8773880883168114,0.33236994219653176,0.48020434227330777,0.5057736720554272,100.0,100.0,5361,5320,6521,62,5,6411,0.011565006528632718,9.398496240601503E-4,0.9831314215611102,0.45,0.1,0.6000000000000001,0.1,45.0,40.0,45.0,0.45,0.2,0.6000000000000001,0.1,45.0,40.0,35.0,6170,3864,2306,6170,0.37374392220421393,0.8664169379457388,1.0,0.8664169379457388,1854,0.4798136645962733,1.0,1
"iteration_1","SCOPE_DATA_COLLECTION",1500,10,670.0,730.0,2,8870,6217,2115,8818,6041,2099,5536,3915,1299,3342,2312,824,0.376436134264474,0.3712863337080456,0.3881300047103156,0.3511336251194443,0.8612956549411882,1.316082132475217,0.7022672502388886,0.8612956549411882,0.8773880883168114,0.33236994219653176,0.48020434227330777,0.5057736720554272,100.0,100.0,5361,5320,6521,62,5,6411,0.011565006528632718,9.398496240601503E-4,0.9831314215611102,0.45,0.1,0.6000000000000001,0.1,45.0,40.0,45.0,0.45,0.2,0.6000000000000001,0.1,45.0,40.0,35.0,2200,1358,842,2200,0.38272727272727275,1.2855244033801776,1.5,0.8570162689201184,671,0.49410898379970547,1.0,1
"iteration_1","SCOPE_DATA_COLLECTION",1500,11,730.0,790.0,0,8946,6170,2200,8870,6217,2115,5447,3858,1360,3470,2306,842,0.38914433105304475,0.3741077222582738,0.3823796548592189,0.3831317844748621,0.8635028533871923,1.2840018952655552,0.7662635689497242,0.8635028533871923,0.8560012635103701,0.36992840095465396,0.4787454639709694,0.49411764705882355,100.0,100.0,5295,5413,6608,76,1,6541,0.014353163361661946,1.8474043968224645E-4,0.989860774818402,0.45,0.2,0.6000000000000001,0.1,45.0,40.0,35.0,0.55,0.6000000000000001,0.2,0.9,50.0,85.0,80.0,9045,6856,2189,9045,0.24201216141514648,0.39793823065047496,0.5,0.7958764613009499,2451,0.3574970828471412,1.0,1
"iteration_1","SCOPE_DATA_COLLECTION",1500,11,730.0,790.0,1,8946,6170,2200,8870,6217,2115,5447,3858,1360,3470,2306,842,0.38914433105304475,0.3741077222582738,0.3823796548592189,0.3831317844748621,0.8635028533871923,1.2840018952655552,0.7662635689497242,0.8635028533871923,0.8560012635103701,0.36992840095465396,0.4787454639709694,0.49411764705882355,100.0,100.0,5295,5413,6608,76,1,6541,0.014353163361661946,1.8474043968224645E-4,0.989860774818402,0.45,0.2,0.6000000000000001,0.1,45.0,40.0,35.0,0.55,0.6000000000000001,0.2,0.9,50.0,85.0,80.0,6205,4663,1542,6205,0.24850926672038678,0.7116629046538575,1.0,0.7116629046538575,1805,0.3870898563156766,1.0,1
"iteration_1","SCOPE_DATA_COLLECTION",1500,11,730.0,790.0,2,8946,6170,2200,8870,6217,2115,5447,3858,1360,3470,2306,842,0.38914433105304475,0.3741077222582738,0.3823796548592189,0.3831317844748621,0.8635028533871923,1.2840018952655552,0.7662635689497242,0.8635028533871923,0.8560012635103701,0.36992840095465396,0.4787454639709694,0.49411764705882355,100.0,100.0,5295,5413,6608,76,1,6541,0.014353163361661946,1.8474043968224645E-4,0.989860774818402,0.45,0.2,0.6000000000000001,0.1,45.0,40.0,35.0,0.55,0.6000000000000001,0.2,0.9,50.0,85.0,80.0,2174,1609,565,2174,0.25988960441582337,1.167393397461615,1.5,0.7782622649744101,633,0.39341205717837163,1.0,1
"iteration_1","SCOPE_DATA_COLLECTION",1500,12,790.0,850.0,0,9045,6205,2174,8946,6170,2200,6849,4670,1604,2189,1542,564,0.242199601681788,0.24822923374114617,0.26014760147601473,0.39666458207938443,0.7158462795890116,1.1634339981039035,0.7933291641587689,0.7158462795890116,0.7756226654026023,0.3569864213753833,0.38843683083511776,0.3933915211970075,92.5,100.0,5329,6679,5416,108,2,4185,0.02026646650403453,2.994460248540201E-4,0.7727104874446086,0.55,0.6000000000000001,0.2,0.9,50.0,85.0,80.0,0.45,0.6000000000000001,0.1,0.9,50.0,85.0,90.0,9079,5556,3523,9079,0.3880383302125785,0.39387519949589855,0.5,0.7877503989917971,2156,0.3880489560835133,1.0,1
"iteration_1","SCOPE_DATA_COLLECTION",1500,12,790.0,850.0,1,9045,6205,2174,8946,6170,2200,6849,4670,1604,2189,1542,564,0.242199601681788,0.24822923374114617,0.26014760147601473,0.39666458207938443,0.7158462795890116,1.1634339981039035,0.7933291641587689,0.7158462795890116,0.7756226654026023,0.3569864213753833,0.38843683083511776,0.3933915211970075,92.5,100.0,5329,6679,5416,108,2,4185,0.02026646650403453,2.994460248540201E-4,0.7727104874446086,0.55,0.6000000000000001,0.2,0.9,50.0,85.0,80.0,0.45,0.6000000000000001,0.1,0.9,50.0,85.0,90.0,6201,3794,2407,6201,0.3881631994839542,0.7677627915011538,1.0,0.7677627915011538,1787,0.4710068529256721,1.0,1
"iteration_1","SCOPE_DATA_COLLECTION",1500,12,790.0,850.0,2,9045,6205,2174,8946,6170,2200,6849,4670,1604,2189,1542,564,0.242199601681788,0.24822923374114617,0.26014760147601473,0.39666458207938443,0.7158462795890116,1.1634339981039035,0.7933291641587689,0.7158462795890116,0.7756226654026023,0.3569864213753833,0.38843683083511776,0.3933915211970075,92.5,100.0,5329,6679,5416,108,2,4185,0.02026646650403453,2.994460248540201E-4,0.7727104874446086,0.55,0.6000000000000001,0.2,0.9,50.0,85.0,80.0,0.45,0.6000000000000001,0.1,0.9,50.0,85.0,90.0,2200,1287,913,2200,0.415,1.3062748076951973,1.5,0.8708498717967982,627,0.48717948717948717,1.0,1
"iteration_1","SCOPE_DATA_COLLECTION",1500,13,850.0,910.0,0,9079,6201,2200,9045,6205,2174,5581,3802,1285,3523,2407,914,0.38697275922671354,0.38766306973747783,0.41564347430650295,0.39707701826017455,0.7676577063517732,1.2998410936051916,0.7941540365203491,0.7676577063517732,0.8665607290701277,0.39132771904676583,0.4708048395581273,0.48249027237354086,97.5,100.0,5213,5475,6792,92,8,6744,0.017648187224247075,0.0014611872146118722,0.9929328621908127,0.45,0.6000000000000001,0.1,0.9,50.0,85.0,90.0,0.55,0.6000000000000001,0.1,0.9,60.0,85.0,80.0,8956,6850,2106,8956,0.23514962036623493,0.3907606929600276,0.5,0.7815213859200552,2420,0.3532846715328467,1.0,1
"iteration_1","SCOPE_DATA_COLLECTION",1500,13,850.0,910.0,1,9079,6201,2200,9045,6205,2174,5581,3802,1285,3523,2407,914,0.38697275922671354,0.38766306973747783,0.41564347430650295,0.39707701826017455,0.7676577063517732,1.2998410936051916,0.7941540365203491,0.7676577063517732,0.8665607290701277,0.39132771904676583,0.4708048395581273,0.48249027237354086,97.5,100.0,5213,5475,6792,92,8,6744,0.017648187224247075,0.0014611872146118722,0.9929328621908127,0.45,0.6000000000000001,0.1,0.9,50.0,85.0,90.0,0.55,0.6000000000000001,0.1,0.9,60.0,85.0,80.0,6018,4432,1586,6018,0.2635427052176803,0.7157488675624611,1.0,0.7157488675624611,1837,0.414485559566787,1.0,1
"iteration_1","SCOPE_DATA_COLLECTION",1500,13,850.0,910.0,2,9079,6201,2200,9045,6205,2174,5581,3802,1285,3523,2407,914,0.38697275922671354,0.38766306973747783,0.41564347430650295,0.39707701826017455,0.7676577063517732,1.2998410936051916,0.7941540365203491,0.7676577063517732,0.8665607290701277,0.39132771904676583,0.4708048395581273,0.48249027237354086,97.5,100.0,5213,5475,6792,92,8,6744,0.017648187224247075,0.0014611872146118722,0.9929328621908127,0.45,0.6000000000000001,0.1,0.9,50.0,85.0,90.0,0.55,0.6000000000000001,0.1,0.9,60.0,85.0,80.0,2085,1507,578,2085,0.2772182254196643,1.1730378565085378,1.5,0.7820252376723585,618,0.41008626410086263,1.0,1
"iteration_1","SCOPE_DATA_COLLECTION",1500,14,910.0,970.0,0,8956,6018,2085,9079,6201,2200,6850,4422,1510,2104,1585,578,0.2349787804333259,0.2638588313634094,0.2768199233716475,0.3916875094887507,0.716952563962742,1.1823295046399203,0.7833750189775014,0.716952563962742,0.7882196697599468,0.3538686131386861,0.4151967435549525,0.4139072847682119,100.0,100.0,5327,6415,5317,68,4,4195,0.012765158625868219,6.235385814497272E-4,0.7889787474139552,0.55,0.6000000000000001,0.1,0.9,60.0,85.0,80.0,0.45,0.7000000000000001,0.1,0.9,60.0,75.0,90.0,8996,5632,3364,8996,0.37394397510004446,0.4090721543810062,0.5,0.8181443087620124,2221,0.3943536931818182,1.0,1
"iteration_1","SCOPE_DATA_COLLECTION",1500,14,910.0,970.0,1,8956,6018,2085,9079,6201,2200,6850,4422,1510,2104,1585,578,0.2349787804333259,0.2638588313634094,0.2768199233716475,0.3916875094887507,0.716952563962742,1.1823295046399203,0.7833750189775014,0.716952563962742,0.7882196697599468,0.3538686131386861,0.4151967435549525,0.4139072847682119,100.0,100.0,5327,6415,5317,68,4,4195,0.012765158625868219,6.235385814497272E-4,0.7889787474139552,0.55,0.6000000000000001,0.1,0.9,60.0,85.0,80.0,0.45,0.7000000000000001,0.1,0.9,60.0,75.0,90.0,6183,3828,2355,6183,0.38088306647258613,0.7539943462516506,1.0,0.7539943462516506,1778,0.4644723092998955,1.0,1
"iteration_1","SCOPE_DATA_COLLECTION",1500,14,910.0,970.0,2,8956,6018,2085,9079,6201,2200,6850,4422,1510,2104,1585,578,0.2349787804333259,0.2638588313634094,0.2768199233716475,0.3916875094887507,0.716952563962742,1.1823295046399203,0.7833750189775014,0.716952563962742,0.7882196697599468,0.3538686131386861,0.4151967435549525,0.4139072847682119,100.0,100.0,5327,6415,5317,68,4,4195,0.012765158625868219,6.235385814497272E-4,0.7889787474139552,0.55,0.6000000000000001,0.1,0.9,60.0,85.0,80.0,0.45,0.7000000000000001,0.1,0.9,60.0,75.0,90.0,2109,1270,839,2109,0.39781887150308204,1.3000115443850002,1.5,0.8666743629233334,614,0.48346456692913387,1.0,1
"iteration_1","SCOPE_DATA_COLLECTION",1500,15,970.0,1030.0,0,8996,6183,2109,8956,6018,2085,5627,3829,1278,3366,2356,839,0.3742911153119093,0.3809215844785772,0.3963155408597071,0.4078676711148431,0.7540263594780483,1.3057676047525126,0.8157353422296862,0.7540263594780483,0.8705117365016751,0.39381553225519816,0.4635675110995038,0.4859154929577465,100.0,100.0,5307,5440,6541,82,10,6469,0.01545129074806859,0.001838235294117647,0.9889925087907048,0.45,0.7000000000000001,0.1,0.9,60.0,75.0,90.0,0.45,0.6000000000000001,0.2,0.9,60.0,75.0,95.0,9013,5527,3486,9013,0.38677465882614004,0.4164944760913122,0.5,0.8329889521826244,2328,0.4212049936674507,1.0,1
"iteration_1","SCOPE_DATA_COLLECTION",1500,15,970.0,1030.0,1,8996,6183,2109,8956,6018,2085,5627,3829,1278,3366,2356,839,0.3742911153119093,0.3809215844785772,0.3963155408597071,0.4078676711148431,0.7540263594780483,1.3057676047525126,0.8157353422296862,0.7540263594780483,0.8705117365016751,0.39381553225519816,0.4635675110995038,0.4859154929577465,100.0,100.0,5307,5440,6541,82,10,6469,0.01545129074806859,0.001838235294117647,0.9889925087907048,0.45,0.7000000000000001,0.1,0.9,60.0,75.0,90.0,0.45,0.6000000000000001,0.2,0.9,60.0,75.0,95.0,6102,3742,2360,6102,0.386758439855785,0.8204790309578859,1.0,0.8204790309578859,1805,0.4823623730625334,1.0,1
"iteration_1","SCOPE_DATA_COLLECTION",1500,15,970.0,1030.0,2,8996,6183,2109,8956,6018,2085,5627,3829,1278,3366,2356,839,0.3742911153119093,0.3809215844785772,0.3963155408597071,0.4078676711148431,0.7540263594780483,1.3057676047525126,0.8157353422296862,0.7540263594780483,0.8705117365016751,0.39381553225519816,0.4635675110995038,0.4859154929577465,100.0,100.0,5307,5440,6541,82,10,6469,0.01545129074806859,0.001838235294117647,0.9889925087907048,0.45,0.7000000000000001,0.1,0.9,60.0,75.0,90.0,0.45,0.6000000000000001,0.2,0.9,60.0,75.0,95.0,2170,1289,881,2170,0.4059907834101382,1.345463339450029,1.5,0.8969755596333527,643,0.49883630721489525,1.0,1
"iteration_1","SCOPE_DATA_COLLECTION",1500,16,1030.0,1090.0,0,9013,6102,2170,8996,6183,2109,5501,3742,1288,3486,2360,881,0.3878936241237343,0.386758439855785,0.4061779621945597,0.41331572521767795,0.8176851919895297,1.3421286741081948,0.8266314504353559,0.8176851919895297,0.8947524494054632,0.4168333030358117,0.4812934259754142,0.4984472049689441,100.0,100.0,5362,5278,6645,116,14,6597,0.0216337187616561,0.002652519893899204,0.9927765237020316,0.45,0.6000000000000001,0.2,0.9,60.0,75.0,95.0,0.55,0.5,0.30000000000000004,0.9,70.0,65.0,95.0,9014,7117,1897,9014,0.2104504104725982,0.40272839820214895,0.5,0.8054567964042979,2587,0.3634958549950822,1.0,1
"iteration_1","SCOPE_DATA_COLLECTION",1500,16,1030.0,1090.0,1,9013,6102,2170,8996,6183,2109,5501,3742,1288,3486,2360,881,0.3878936241237343,0.386758439855785,0.4061779621945597,0.41331572521767795,0.8176851919895297,1.3421286741081948,0.8266314504353559,0.8176851919895297,0.8947524494054632,0.4168333030358117,0.4812934259754142,0.4984472049689441,100.0,100.0,5362,5278,6645,116,14,6597,0.0216337187616561,0.002652519893899204,0.9927765237020316,0.45,0.6000000000000001,0.2,0.9,60.0,75.0,95.0,0.55,0.5,0.30000000000000004,0.9,70.0,65.0,95.0,6059,4747,1312,6059,0.2165373824063377,0.7402381093762277,1.0,0.7402381093762277,1876,0.3951969665051612,1.0,1
"iteration_1","SCOPE_DATA_COLLECTION",1500,16,1030.0,1090.0,2,9013,6102,2170,8996,6183,2109,5501,3742,1288,3486,2360,881,0.3878936241237343,0.386758439855785,0.4061779621945597,0.41331572521767795,0.8176851919895297,1.3421286741081948,0.8266314504353559,0.8176851919895297,0.8947524494054632,0.4168333030358117,0.4812934259754142,0.4984472049689441,100.0,100.0,5362,5278,6645,116,14,6597,0.0216337187616561,0.002652519893899204,0.9927765237020316,0.45,0.6000000000000001,0.2,0.9,60.0,75.0,95.0,0.55,0.5,0.30000000000000004,0.9,70.0,65.0,95.0,2129,1619,510,2129,0.23954908407703146,1.15590842940553,1.5,0.7706056196036867,624,0.38542310067943175,1.0,1
"iteration_1","SCOPE_DATA_COLLECTION",1500,17,1090.0,1150.0,0,9014,6059,2129,9013,6102,2170,7124,4747,1603,1897,1312,510,0.21028710785943908,0.2165373824063377,0.24136299100804542,0.4049007907342332,0.745137474512183,1.1489926071169998,0.8098015814684664,0.745137474512183,0.7659950714113332,0.3676305446378439,0.399831472508953,0.3817841547099189,97.5,100.0,5390,6582,5230,111,6,3602,0.020593692022263452,9.115770282588879E-4,0.6887189292543021,0.55,0.5,0.30000000000000004,0.9,70.0,65.0,95.0,0.65,0.4,0.2,0.8,80.0,75.0,95.0,9089,8467,622,9089,0.06843437121795577,0.3512695073097837,0.5,0.7025390146195674,2464,0.2910121648753986,1.0,1
"iteration_1","SCOPE_DATA_COLLECTION",1500,17,1090.0,1150.0,1,9014,6059,2129,9013,6102,2170,7124,4747,1603,1897,1312,510,0.21028710785943908,0.2165373824063377,0.24136299100804542,0.4049007907342332,0.745137474512183,1.1489926071169998,0.8098015814684664,0.745137474512183,0.7659950714113332,0.3676305446378439,0.399831472508953,0.3817841547099189,97.5,100.0,5390,6582,5230,111,6,3602,0.020593692022263452,9.115770282588879E-4,0.6887189292543021,0.55,0.5,0.30000000000000004,0.9,70.0,65.0,95.0,0.65,0.4,0.2,0.8,80.0,75.0,95.0,6149,5734,415,6149,0.06749064888599772,0.6302279268631079,1.0,0.6302279268631079,1800,0.3139169863969306,1.0,1
"iteration_1","SCOPE_DATA_COLLECTION",1500,17,1090.0,1150.0,2,9014,6059,2129,9013,6102,2170,7124,4747,1603,1897,1312,510,0.21028710785943908,0.2165373824063377,0.24136299100804542,0.4049007907342332,0.745137474512183,1.1489926071169998,0.8098015814684664,0.745137474512183,0.7659950714113332,0.3676305446378439,0.399831472508953,0.3817841547099189,97.5,100.0,5390,6582,5230,111,6,3602,0.020593692022263452,9.115770282588879E-4,0.6887189292543021,0.55,0.5,0.30000000000000004,0.9,70.0,65.0,95.0,0.65,0.4,0.2,0.8,80.0,75.0,95.0,2164,1951,213,2164,0.09842883548983364,1.0297773093041587,1.5,0.6865182062027725,632,0.3239364428498206,1.0,1
"iteration_1","SCOPE_DATA_COLLECTION",1500,18,1150.0,1210.0,0,9089,6149,2164,9014,6059,2129,8467,5731,1954,612,408,208,0.067408304879392,0.06646033555953738,0.09620721554116558,0.3511797261520914,0.6278274904310238,1.0319513907642581,0.7023594523041828,0.6278274904310238,0.6879675938428388,0.2903035313570332,0.31216192636538126,0.3254861821903787,100.0,100.0,5374,7850,4178,90,19,1119,0.016747301823595087,0.0024203821656050956,0.2678314983245572,0.65,0.4,0.2,0.8,80.0,75.0,95.0,0.55,0.4,0.2,0.8,80.0,65.0,95.0,8849,6825,2024,8849,0.22872640976381511,0.37772854508297254,0.5,0.7554570901659451,2281,0.3342124542124542,1.0,1
"iteration_1","SCOPE_DATA_COLLECTION",1500,18,1150.0,1210.0,1,9089,6149,2164,9014,6059,2129,8467,5731,1954,612,408,208,0.067408304879392,0.06646033555953738,0.09620721554116558,0.3511797261520914,0.6278274904310238,1.0319513907642581,0.7023594523041828,0.6278274904310238,0.6879675938428388,0.2903035313570332,0.31216192636538126,0.3254861821903787,100.0,100.0,5374,7850,4178,90,19,1119,0.016747301823595087,0.0024203821656050956,0.2678314983245572,0.65,0.4,0.2,0.8,80.0,75.0,95.0,0.55,0.4,0.2,0.8,80.0,65.0,95.0,6204,4773,1431,6204,0.23065764023210833,0.7168379494106163,1.0,0.7168379494106163,1893,0.3966059082338152,1.0,1
"iteration_1","SCOPE_DATA_COLLECTION",1500,18,1150.0,1210.0,2,9089,6149,2164,9014,6059,2129,8467,5731,1954,612,408,208,0.067408304879392,0.06646033555953738,0.09620721554116558,0.3511797261520914,0.6278274904310238,1.0319513907642581,0.7023594523041828,0.6278274904310238,0.6879675938428388,0.2903035313570332,0.31216192636538126,0.3254861821903787,100.0,100.0,5374,7850,4178,90,19,1119,0.016747301823595087,0.0024203821656050956,0.2678314983245572,0.65,0.4,0.2,0.8,80.0,75.0,95.0,0.55,0.4,0.2,0.8,80.0,65.0,95.0,2085,1534,551,2085,0.2642685851318945,1.1782174678834514,1.5,0.7854783119223009,635,0.41395045632333766,1.0,1
"iteration_1","SCOPE_DATA_COLLECTION",1500,19,1210.0,1270.0,0,8849,6204,2085,9089,6149,2164,6833,4772,1543,2034,1438,556,0.2293898725611819,0.23156199677938807,0.26488804192472604,0.37867380664321315,0.7153606478302882,1.1804847834947345,0.7573476132864263,0.7153606478302882,0.7869898556631564,0.3339675106102737,0.394593461860855,0.4141283214517174,100.0,100.0,5273,6575,5290,102,5,3921,0.01934382704342879,7.604562737642585E-4,0.7412098298676748,0.55,0.4,0.2,0.8,80.0,65.0,95.0,0.15000000000000002,0.4,0.5,0.4,80.0,30.0,80.0,8959,3755,5204,8959,0.5808684004911262,0.5623164410272012,0.5,1.1246328820544025,2269,0.6042609853528629,1.0,1
"iteration_1","SCOPE_DATA_COLLECTION",1500,19,1210.0,1270.0,1,8849,6204,2085,9089,6149,2164,6833,4772,1543,2034,1438,556,0.2293898725611819,0.23156199677938807,0.26488804192472604,0.37867380664321315,0.7153606478302882,1.1804847834947345,0.7573476132864263,0.7153606478302882,0.7869898556631564,0.3339675106102737,0.394593461860855,0.4141283214517174,100.0,100.0,5273,6575,5290,102,5,3921,0.01934382704342879,7.604562737642585E-4,0.7412098298676748,0.55,0.4,0.2,0.8,80.0,65.0,95.0,0.15000000000000002,0.4,0.5,0.4,80.0,30.0,80.0,6172,2521,3651,6172,0.5915424497731692,1.1715093567905848,1.0,1.1715093567905848,1827,0.7247124157080523,1.0,1
"iteration_1","SCOPE_DATA_COLLECTION",1500,19,1210.0,1270.0,2,8849,6204,2085,9089,6149,2164,6833,4772,1543,2034,1438,556,0.2293898725611819,0.23156199677938807,0.26488804192472604,0.37867380664321315,0.7153606478302882,1.1804847834947345,0.7573476132864263,0.7153606478302882,0.7869898556631564,0.3339675106102737,0.394593461860855,0.4141283214517174,100.0,100.0,5273,6575,5290,102,5,3921,0.01934382704342879,7.604562737642585E-4,0.7412098298676748,0.55,0.4,0.2,0.8,80.0,65.0,95.0,0.15000000000000002,0.4,0.5,0.4,80.0,30.0,80.0,2186,838,1348,2186,0.616651418115279,1.7489416873294057,1.5,1.1659611248862705,591,0.7052505966587113,1.0,1
"iteration_1","SCOPE_DATA_COLLECTION",1500,20,1270.0,1330.0,0,8959,6172,2186,8849,6204,2085,3773,2542,839,5204,3651,1348,0.5797036872006238,0.5895365735507831,0.6163694558756287,0.5603126573486304,1.1696312412687497,1.7473201006341548,1.120625314697261,1.1696312412687497,1.1648800670894366,0.6029684601113172,0.7238394964594808,0.7032181168057211,100.0,100.0,5473,1722,10122,119,3,10081,0.021743102503197515,0.0017421602787456446,0.9959494171112429,0.15000000000000002,0.4,0.5,0.4,80.0,30.0,80.0,0.1,0.2,0.2,0.4,20.0,35.0,30.0,8978,3465,5513,8978,0.6140565827578526,0.5319781667306884,0.5,1.0639563334613769,2048,0.591053391053391,1.0,1
"iteration_1","SCOPE_DATA_COLLECTION",1500,20,1270.0,1330.0,1,8959,6172,2186,8849,6204,2085,3773,2542,839,5204,3651,1348,0.5797036872006238,0.5895365735507831,0.6163694558756287,0.5603126573486304,1.1696312412687497,1.7473201006341548,1.120625314697261,1.1696312412687497,1.1648800670894366,0.6029684601113172,0.7238394964594808,0.7032181168057211,100.0,100.0,5473,1722,10122,119,3,10081,0.021743102503197515,0.0017421602787456446,0.9959494171112429,0.15000000000000002,0.4,0.5,0.4,80.0,30.0,80.0,0.1,0.2,0.2,0.4,20.0,35.0,30.0,6218,2294,3924,6218,0.6310710839498231,1.1592744023990682,1.0,1.1592744023990682,1785,0.7781168265039233,1.0,1
"iteration_1","SCOPE_DATA_COLLECTION",1500,20,1270.0,1330.0,2,8959,6172,2186,8849,6204,2085,3773,2542,839,5204,3651,1348,0.5797036872006238,0.5895365735507831,0.6163694558756287,0.5603126573486304,1.1696312412687497,1.7473201006341548,1.120625314697261,1.1696312412687497,1.1648800670894366,0.6029684601113172,0.7238394964594808,0.7032181168057211,100.0,100.0,5473,1722,10122,119,3,10081,0.021743102503197515,0.0017421602787456446,0.9959494171112429,0.15000000000000002,0.4,0.5,0.4,80.0,30.0,80.0,0.1,0.2,0.2,0.4,20.0,35.0,30.0,2191,764,1427,2191,0.6513007759014149,1.9374914459823562,1.5,1.2916609639882375,630,0.824607329842932,1.0,1
"iteration_1","SCOPE_DATA_COLLECTION",1500,21,1330.0,1390.0,0,8978,6218,2191,8959,6172,2186,3471,2295,765,5513,3924,1427,0.613646482635797,0.6309696092619392,0.6510036496350365,0.5334453806913259,1.1618972806490653,1.935712824818576,1.0668907613826517,1.1618972806490653,1.2904752165457174,0.5926246038605589,0.7782135076252723,0.8248366013071895,100.0,100.0,5398,1208,10781,81,2,10781,0.015005557613931086,0.0016556291390728477,1.0,0.1,0.2,0.2,0.4,20.0,35.0,30.0,0.2,0.30000000000000004,0.2,0.4,20.0,35.0,40.0,9010,4127,4883,9010,0.5419533851276359,0.4683949622376494,0.5,0.9367899244752989,1992,0.4826750666343591,1.0,1
"iteration_1","SCOPE_DATA_COLLECTION",1500,21,1330.0,1390.0,1,8978,6218,2191,8959,6172,2186,3471,2295,765,5513,3924,1427,0.613646482635797,0.6309696092619392,0.6510036496350365,0.5334453806913259,1.1618972806490653,1.935712824818576,1.0668907613826517,1.1618972806490653,1.2904752165457174,0.5926246038605589,0.7782135076252723,0.8248366013071895,100.0,100.0,5398,1208,10781,81,2,10781,0.015005557613931086,0.0016556291390728477,1.0,0.1,0.2,0.2,0.4,20.0,35.0,30.0,0.2,0.30000000000000004,0.2,0.4,20.0,35.0,40.0,6209,2769,3440,6209,0.5540344660976002,1.0201976077961248,1.0,1.0201976077961248,1870,0.6753340556157458,1.0,1
"iteration_1","SCOPE_DATA_COLLECTION",1500,21,1330.0,1390.0,2,8978,6218,2191,8959,6172,2186,3471,2295,765,5513,3924,1427,0.613646482635797,0.6309696092619392,0.6510036496350365,0.5334453806913259,1.1618972806490653,1.935712824818576,1.0668907613826517,1.1618972806490653,1.2904752165457174,0.5926246038605589,0.7782135076252723,0.8248366013071895,100.0,100.0,5398,1208,10781,81,2,10781,0.015005557613931086,0.0016556291390728477,1.0,0.1,0.2,0.2,0.4,20.0,35.0,30.0,0.2,0.30000000000000004,0.2,0.4,20.0,35.0,40.0,2114,845,1269,2114,0.6002838221381268,1.614281058583277,1.5,1.0761873723888513,552,0.6532544378698225,1.0,1
"iteration_1","SCOPE_DATA_COLLECTION",1500,22,1390.0,1450.0,0,9010,6209,2114,8978,6218,2191,4113,2770,838,4883,3440,1269,0.5427967985771454,0.5539452495974235,0.6022781205505457,0.46664114185394706,1.0182560715922988,1.6104578277087342,0.9332822837078941,1.0182560715922988,1.073638551805823,0.4816435691709215,0.6750902527075813,0.6515513126491647,100.0,100.0,5389,2432,9512,80,0,9512,0.014845054741139358,0.0,1.0,0.2,0.30000000000000004,0.2,0.4,20.0,35.0,40.0,0.2,0.4,0.2,0.4,20.0,25.0,30.0,8973,4042,4931,8973,0.5495375013930681,0.5003730784493743,0.5,1.0007461568987486,2170,0.53686293913904,1.0,1
"iteration_1","SCOPE_DATA_COLLECTION",1500,22,1390.0,1450.0,1,9010,6209,2114,8978,6218,2191,4113,2770,838,4883,3440,1269,0.5427967985771454,0.5539452495974235,0.6022781205505457,0.46664114185394706,1.0182560715922988,1.6104578277087342,0.9332822837078941,1.0182560715922988,1.073638551805823,0.4816435691709215,0.6750902527075813,0.6515513126491647,100.0,100.0,5389,2432,9512,80,0,9512,0.014845054741139358,0.0,1.0,0.2,0.30000000000000004,0.2,0.4,20.0,35.0,40.0,0.2,0.4,0.2,0.4,20.0,25.0,30.0,6192,2730,3462,6192,0.5591085271317829,1.0163648477388458,1.0,1.0163648477388458,1786,0.6542124542124542,1.0,1
"iteration_1","SCOPE_DATA_COLLECTION",1500,22,1390.0,1450.0,2,9010,6209,2114,8978,6218,2191,4113,2770,838,4883,3440,1269,0.5427967985771454,0.5539452495974235,0.6022781205505457,0.46664114185394706,1.0182560715922988,1.6104578277087342,0.9332822837078941,1.0182560715922988,1.073638551805823,0.4816435691709215,0.6750902527075813,0.6515513126491647,100.0,100.0,5389,2432,9512,80,0,9512,0.014845054741139358,0.0,1.0,0.2,0.30000000000000004,0.2,0.4,20.0,35.0,40.0,0.2,0.4,0.2,0.4,20.0,25.0,30.0,2150,933,1217,2150,0.566046511627907,1.6695362597751557,1.5,1.1130241731834372,631,0.6763129689174705,1.0,1
"iteration_1","SCOPE_DATA_COLLECTION",1500,23,1450.0,1510.0,0,8973,6192,2150,9010,6209,2114,4035,2728,937,4931,3462,1217,0.5499665402632166,0.5592891760904685,0.5649953574744662,0.5010496680167346,1.015426601243863,1.6697873200349882,1.0020993360334691,1.015426601243863,1.1131915466899922,0.5363073110285006,0.6546920821114369,0.6776947705442903,97.5,100.0,5323,2488,9504,105,1,9504,0.019725718579748263,4.0192926045016077E-4,1.0,0.2,0.4,0.2,0.4,20.0,25.0,30.0,0.1,0.4,0.1,0.30000000000000004,30.0,20.0,30.0,8805,3294,5511,8805,0.6258943781942078,0.5631581514411375,0.5,1.126316302882275,2061,0.6256830601092896,1.0,1
"iteration_1","SCOPE_DATA_COLLECTION",1500,23,1450.0,1510.0,1,8973,6192,2150,9010,6209,2114,4035,2728,937,4931,3462,1217,0.5499665402632166,0.5592891760904685,0.5649953574744662,0.5010496680167346,1.015426601243863,1.6697873200349882,1.0020993360334691,1.015426601243863,1.1131915466899922,0.5363073110285006,0.6546920821114369,0.6776947705442903,97.5,100.0,5323,2488,9504,105,1,9504,0.019725718579748263,4.0192926045016077E-4,1.0,0.2,0.4,0.2,0.4,20.0,25.0,30.0,0.1,0.4,0.1,0.30000000000000004,30.0,20.0,30.0,6076,2249,3827,6076,0.6298551678736011,1.0674980075004226,1.0,1.0674980075004226,1689,0.7510004446420632,1.0,1
"iteration_1","SCOPE_DATA_COLLECTION",1500,23,1450.0,1510.0,2,8973,6192,2150,9010,6209,2114,4035,2728,937,4931,3462,1217,0.5499665402632166,0.5592891760904685,0.5649953574744662,0.5010496680167346,1.015426601243863,1.6697873200349882,1.0020993360334691,1.015426601243863,1.1131915466899922,0.5363073110285006,0.6546920821114369,0.6776947705442903,97.5,100.0,5323,2488,9504,105,1,9504,0.019725718579748263,4.0192926045016077E-4,1.0,0.2,0.4,0.2,0.4,20.0,25.0,30.0,0.1,0.4,0.1,0.30000000000000004,30.0,20.0,30.0,2092,781,1311,2092,0.6266730401529637,1.9298321967012928,1.5,1.2865547978008618,641,0.8207426376440461,1.0,1
"iteration_1","SCOPE_DATA_COLLECTION",1500,24,1510.0,1570.0,0,8805,6076,2092,8973,6192,2150,3307,2253,786,5511,3827,1311,0.6249716488999774,0.6294407894736842,0.6251788268955651,0.562426266927825,1.0726170372877177,1.9307778495462045,1.12485253385565,1.0726170372877177,1.287185233030803,0.6256425763531902,0.7523302263648469,0.8193384223918575,100.0,100.0,5143,1230,10600,49,0,10600,0.009527513124635427,0.0,1.0,0.1,0.4,0.1,0.30000000000000004,30.0,20.0,30.0,0.05,0.5,0.2,0.2,30.0,20.0,40.0,8885,2988,5897,8885,0.6637028700056274,0.6253040880843358,0.5,1.2506081761686716,2120,0.7095046854082999,1.0,1
"iteration_1","SCOPE_DATA_COLLECTION",1500,24,1510.0,1570.0,1,8805,6076,2092,8973,6192,2150,3307,2253,786,5511,3827,1311,0.6249716488999774,0.6294407894736842,0.6251788268955651,0.562426266927825,1.0726170372877177,1.9307778495462045,1.12485253385565,1.0726170372877177,1.287185233030803,0.6256425763531902,0.7523302263648469,0.8193384223918575,100.0,100.0,5143,1230,10600,49,0,10600,0.009527513124635427,0.0,1.0,0.1,0.4,0.1,0.30000000000000004,30.0,20.0,30.0,0.05,0.5,0.2,0.2,30.0,20.0,40.0,6109,2107,4002,6109,0.6550990342118186,1.2670765693827553,1.0,1.2670765693827553,1838,0.8723303274798292,1.0,1
"iteration_1","SCOPE_DATA_COLLECTION",1500,24,1510.0,1570.0,2,8805,6076,2092,8973,6192,2150,3307,2253,786,5511,3827,1311,0.6249716488999774,0.6294407894736842,0.6251788268955651,0.562426266927825,1.0726170372877177,1.9307778495462045,1.12485253385565,1.0726170372877177,1.287185233030803,0.6256425763531902,0.7523302263648469,0.8193384223918575,100.0,100.0,5143,1230,10600,49,0,10600,0.009527513124635427,0.0,1.0,0.1,0.4,0.1,0.30000000000000004,30.0,20.0,30.0,0.05,0.5,0.2,0.2,30.0,20.0,40.0,2160,690,1470,2160,0.6805555555555556,2.0596084301016253,1.5,1.373072286734417,617,0.8942028985507247,1.0,1
"iteration_1","SCOPE_DATA_COLLECTION",1500,25,1570.0,1630.0,0,8885,6109,2160,8805,6076,2092,2993,2107,687,5897,4002,1470,0.6633295838020248,0.6550990342118186,0.6815020862308763,0.6251975468639471,1.2664077756886205,2.0626213561626714,1.2503950937278943,1.2664077756886205,1.3750809041084475,0.7093217507517541,0.8713811105837684,0.893740902474527,100.0,100.0,5231,621,11302,67,0,11302,0.012808258459185625,0.0,1.0,0.05,0.5,0.2,0.2,30.0,20.0,40.0,0.05,0.5,0.2,0.30000000000000004,30.0,20.0,40.0,9026,3046,5980,9026,0.6625304675382229,0.6434662968114063,0.5,1.2869325936228126,2215,0.7271831910702561,1.0,1
"iteration_1","SCOPE_DATA_COLLECTION",1500,25,1570.0,1630.0,1,8885,6109,2160,8805,6076,2092,2993,2107,687,5897,4002,1470,0.6633295838020248,0.6550990342118186,0.6815020862308763,0.6251975468639471,1.2664077756886205,2.0626213561626714,1.2503950937278943,1.2664077756886205,1.3750809041084475,0.7093217507517541,0.8713811105837684,0.893740902474527,100.0,100.0,5231,621,11302,67,0,11302,0.012808258459185625,0.0,1.0,0.05,0.5,0.2,0.2,30.0,20.0,40.0,0.05,0.5,0.2,0.30000000000000004,30.0,20.0,40.0,6133,2049,4084,6133,0.665905755747595,1.2882168501731541,1.0,1.2882168501731541,1770,0.8638360175695461,1.0,1
"iteration_1","SCOPE_DATA_COLLECTION",1500,25,1570.0,1630.0,2,8885,6109,2160,8805,6076,2092,2993,2107,687,5897,4002,1470,0.6633295838020248,0.6550990342118186,0.6815020862308763,0.6251975468639471,1.2664077756886205,2.0626213561626714,1.2503950937278943,1.2664077756886205,1.3750809041084475,0.7093217507517541,0.8713811105837684,0.893740902474527,100.0,100.0,5231,621,11302,67,0,11302,0.012808258459185625,0.0,1.0,0.05,0.5,0.2,0.2,30.0,20.0,40.0,0.05,0.5,0.2,0.30000000000000004,30.0,20.0,40.0,2198,711,1487,2198,0.6765241128298453,2.0673625755667002,1.5,1.3782417170444667,630,0.8860759493670886,1.0,1
"iteration_1","SCOPE_DATA_COLLECTION",1500,26,1630.0,1690.0,0,9026,6133,2198,8885,6109,2160,3035,2027,716,5980,4084,1486,0.663338879645036,0.6683030600556373,0.6748410535876476,0.6432974886588879,1.278629260536373,2.063537921395388,1.2865949773177758,1.278629260536373,1.3756919475969254,0.7252059308072487,0.8613714849531328,0.8868715083798883,100.0,100.0,5309,603,11445,105,0,11445,0.019777735920135618,0.0,1.0,0.05,0.5,0.2,0.30000000000000004,30.0,20.0,40.0,0.15000000000000002,0.4,0.30000000000000004,0.4,20.0,20.0,50.0,9057,3753,5304,9057,0.5856243789334217,0.5655218739049286,0.5,1.1310437478098572,2290,0.6101785238475886,1.0,1
"iteration_1","SCOPE_DATA_COLLECTION",1500,26,1630.0,1690.0,1,9026,6133,2198,8885,6109,2160,3035,2027,716,5980,4084,1486,0.663338879645036,0.6683030600556373,0.6748410535876476,0.6432974886588879,1.278629260536373,2.063537921395388,1.2865949773177758,1.278629260536373,1.3756919475969254,0.7252059308072487,0.8613714849531328,0.8868715083798883,100.0,100.0,5309,603,11445,105,0,11445,0.019777735920135618,0.0,1.0,0.05,0.5,0.2,0.30000000000000004,30.0,20.0,40.0,0.15000000000000002,0.4,0.30000000000000004,0.4,20.0,20.0,50.0,6229,2514,3715,6229,0.5964039171616632,1.1365712219991058,1.0,1.1365712219991058,1800,0.7159904534606205,1.0,1
"iteration_1","SCOPE_DATA_COLLECTION",1500,26,1630.0,1690.0,2,9026,6133,2198,8885,6109,2160,3035,2027,716,5980,4084,1486,0.663338879645036,0.6683030600556373,0.6748410535876476,0.6432974886588879,1.278629260536373,2.063537921395388,1.2865949773177758,1.278629260536373,1.3756919475969254,0.7252059308072487,0.8613714849531328,0.8868715083798883,100.0,100.0,5309,603,11445,105,0,11445,0.019777735920135618,0.0,1.0,0.05,0.5,0.2,0.30000000000000004,30.0,20.0,40.0,0.15000000000000002,0.4,0.30000000000000004,0.4,20.0,20.0,50.0,2156,872,1284,2156,0.5955473098330241,1.821437249402799,1.5,1.214291499601866,641,0.7350917431192661,1.0,1
"iteration_1","SCOPE_DATA_COLLECTION",1500,27,1690.0,1750.0,0,9057,6229,2156,9026,6133,2198,3755,2513,867,5304,3715,1285,0.5854950877580307,0.5964996788696211,0.5971189591078067,0.5649085245828535,1.1411215930833578,1.8265582861406195,1.129817049165707,1.1411215930833578,1.2177055240937464,0.611451398135819,0.717867091126144,0.7381776239907728,97.5,100.0,5433,1820,10189,111,4,10189,0.020430701270016567,0.002197802197802198,1.0,0.15000000000000002,0.4,0.30000000000000004,0.4,20.0,20.0,50.0,0.8500000000000001,0.1,0.4,0.9,40.0,65.0,65.0,8870,8501,369,8870,0.041600901916572716,0.32040866252681904,0.5,0.6408173250536381,2110,0.24820609340077637,1.0,1
"iteration_1","SCOPE_DATA_COLLECTION",1500,27,1690.0,1750.0,1,9057,6229,2156,9026,6133,2198,3755,2513,867,5304,3715,1285,0.5854950877580307,0.5964996788696211,0.5971189591078067,0.5649085245828535,1.1411215930833578,1.8265582861406195,1.129817049165707,1.1411215930833578,1.2177055240937464,0.611451398135819,0.717867091126144,0.7381776239907728,97.5,100.0,5433,1820,10189,111,4,10189,0.020430701270016567,0.002197802197802198,1.0,0.15000000000000002,0.4,0.30000000000000004,0.4,20.0,20.0,50.0,0.8500000000000001,0.1,0.4,0.9,40.0,65.0,65.0,6091,5812,279,6091,0.04580528648826137,0.6590997257287188,1.0,0.6590997257287188,1841,0.3167584308327598,1.0,1
"iteration_1","SCOPE_DATA_COLLECTION",1500,27,1690.0,1750.0,2,9057,6229,2156,9026,6133,2198,3755,2513,867,5304,3715,1285,0.5854950877580307,0.5964996788696211,0.5971189591078067,0.5649085245828535,1.1411215930833578,1.8265582861406195,1.129817049165707,1.1411215930833578,1.2177055240937464,0.611451398135819,0.717867091126144,0.7381776239907728,97.5,100.0,5433,1820,10189,111,4,10189,0.020430701270016567,0.002197802197802198,1.0,0.15000000000000002,0.4,0.30000000000000004,0.4,20.0,20.0,50.0,0.8500000000000001,0.1,0.4,0.9,40.0,65.0,65.0,2174,2036,138,2174,0.06347746090156393,1.0208809501780216,1.5,0.6805873001186811,645,0.31679764243614933,1.0,1
"iteration_1","SCOPE_DATA_COLLECTION",1500,28,1750.0,1810.0,0,8870,6091,2174,9057,6229,2156,8499,5824,2027,365,279,138,0.04117779783393502,0.045715222021956416,0.06374133949191686,0.3216853424974102,0.6636350102852918,1.016501111357672,0.6433706849948204,0.6636350102852918,0.6776674075717813,0.2493234498176256,0.31988324175824173,0.31425752343364577,97.5,100.0,5458,9940,1737,129,638,15,0.02363503114694027,0.0641851106639839,0.008635578583765112,0.8500000000000001,0.1,0.4,0.9,40.0,65.0,65.0,0.75,0.1,0.4,0.8,50.0,75.0,75.0,9088,9013,75,9088,0.008252640845070422,0.294135515870245,0.5,0.58827103174049,2120,0.23521579940086543,1.0,1
"iteration_1","SCOPE_DATA_COLLECTION",1500,28,1750.0,1810.0,1,8870,6091,2174,9057,6229,2156,8499,5824,2027,365,279,138,0.04117779783393502,0.045715222021956416,0.06374133949191686,0.3216853424974102,0.6636350102852918,1.016501111357672,0.6433706849948204,0.6636350102852918,0.6776674075717813,0.2493234498176256,0.31988324175824173,0.31425752343364577,97.5,100.0,5458,9940,1737,129,638,15,0.02363503114694027,0.0641851106639839,0.008635578583765112,0.8500000000000001,0.1,0.4,0.9,40.0,65.0,65.0,0.75,0.1,0.4,0.8,50.0,75.0,75.0,6283,6185,98,6283,0.015597644437370682,0.639786827186765,1.0,0.639786827186765,1930,0.3120452708164915,1.0,1
"iteration_1","SCOPE_DATA_COLLECTION",1500,28,1750.0,1810.0,2,8870,6091,2174,9057,6229,2156,8499,5824,2027,365,279,138,0.04117779783393502,0.045715222021956416,0.06374133949191686,0.3216853424974102,0.6636350102852918,1.016501111357672,0.6433706849948204,0.6636350102852918,0.6776674075717813,0.2493234498176256,0.31988324175824173,0.31425752343364577,97.5,100.0,5458,9940,1737,129,638,15,0.02363503114694027,0.0641851106639839,0.008635578583765112,0.8500000000000001,0.1,0.4,0.9,40.0,65.0,65.0,0.75,0.1,0.4,0.8,50.0,75.0,75.0,2129,2059,70,2129,0.03287928604978863,0.9781264630905859,1.5,0.6520843087270572,621,0.30160271976687714,1.0,1
"iteration_1","SCOPE_DATA_COLLECTION",1500,29,1810.0,1870.0,0,9088,6283,2129,8870,6091,2174,9005,6172,2058,79,98,70,0.008696609423161602,0.01562998405103668,0.03289473684210526,0.29426265554626935,0.636887563334197,0.9787960106012884,0.5885253110925387,0.636887563334197,0.6525306737341923,0.23509161576901721,0.309948152948801,0.30272108843537415,100.0,100.0,5631,8999,2870,127,120,0,0.02255372047593678,0.01333481497944216,0.0,0.75,0.1,0.4,0.8,50.0,75.0,75.0,0.75,0.1,0.5,0.7000000000000001,50.0,85.0,65.0,9087,8995,92,9087,0.010124353471992958,0.2913029725128773,0.5,0.5826059450257546,2053,0.2282379099499722,1.0,1
"iteration_1","SCOPE_DATA_COLLECTION",1500,29,1810.0,1870.0,1,9088,6283,2129,8870,6091,2174,9005,6172,2058,79,98,70,0.008696609423161602,0.01562998405103668,0.03289473684210526,0.29426265554626935,0.636887563334197,0.9787960106012884,0.5885253110925387,0.636887563334197,0.6525306737341923,0.23509161576901721,0.309948152948801,0.30272108843537415,100.0,100.0,5631,8999,2870,127,120,0,0.02255372047593678,0.01333481497944216,0.0,0.75,0.1,0.4,0.8,50.0,75.0,75.0,0.75,0.1,0.5,0.7000000000000001,50.0,85.0,65.0,6212,6103,109,6212,0.017546683837733418,0.612447955536984,1.0,0.612447955536984,1821,0.29837784696051123,1.0,1
"iteration_1","SCOPE_DATA_COLLECTION",1500,29,1810.0,1870.0,2,9088,6283,2129,8870,6091,2174,9005,6172,2058,79,98,70,0.008696609423161602,0.01562998405103668,0.03289473684210526,0.29426265554626935,0.636887563334197,0.9787960106012884,0.5885253110925387,0.636887563334197,0.6525306737341923,0.23509161576901721,0.309948152948801,0.30272108843537415,100.0,100.0,5631,8999,2870,127,120,0,0.02255372047593678,0.01333481497944216,0.0,0.75,0.1,0.4,0.8,50.0,75.0,75.0,0.75,0.1,0.5,0.7000000000000001,50.0,85.0,65.0,2135,2066,69,2135,0.03231850117096019,0.9856445805059356,1.5,0.6570963870039571,636,0.30784123910939015,1.0,1
"iteration_1","SCOPE_DATA_COLLECTION",1500,30,1870.0,1930.0,0,9087,6212,2135,9088,6283,2129,9003,6105,2066,92,109,69,0.01011544804837823,0.017541036369488252,0.03231850117096019,0.2911028146573743,0.6118937890682963,0.9870795921221291,0.5822056293147486,0.6118937890682963,0.6580530614147527,0.22803509941130734,0.2986076986076986,0.30784123910939015,100.0,100.0,5592,8871,2971,118,94,58,0.021101573676680974,0.010596325104272348,0.01952204644900707,0.75,0.1,0.5,0.7000000000000001,50.0,85.0,65.0,0.65,0.1,0.6000000000000001,0.8,40.0,95.0,55.0,8963,8512,451,8963,0.050317973892669864,0.31615406204654367,0.5,0.6323081240930873,2121,0.24917763157894737,1.0,1
"iteration_1","SCOPE_DATA_COLLECTION",1500,30,1870.0,1930.0,1,9087,6212,2135,9088,6283,2129,9003,6105,2066,92,109,69,0.01011544804837823,0.017541036369488252,0.03231850117096019,0.2911028146573743,0.6118937890682963,0.9870795921221291,0.5822056293147486,0.6118937890682963,0.6580530614147527,0.22803509941130734,0.2986076986076986,0.30784123910939015,100.0,100.0,5592,8871,2971,118,94,58,0.021101573676680974,0.010596325104272348,0.01952204644900707,0.75,0.1,0.5,0.7000000000000001,50.0,85.0,65.0,0.65,0.1,0.6000000000000001,0.8,40.0,95.0,55.0,6271,5857,414,6271,0.06601817891883273,0.676032381072667,1.0,0.676032381072667,1900,0.32439815605258665,1.0,1
"iteration_1","SCOPE_DATA_COLLECTION",1500,30,1870.0,1930.0,2,9087,6212,2135,9088,6283,2129,9003,6105,2066,92,109,69,0.01011544804837823,0.017541036369488252,0.03231850117096019,0.2911028146573743,0.6118937890682963,0.9870795921221291,0.5822056293147486,0.6118937890682963,0.6580530614147527,0.22803509941130734,0.2986076986076986,0.30784123910939015,100.0,100.0,5592,8871,2971,118,94,58,0.021101573676680974,0.010596325104272348,0.01952204644900707,0.75,0.1,0.5,0.7000000000000001,50.0,85.0,65.0,0.65,0.1,0.6000000000000001,0.8,40.0,95.0,55.0,2174,2007,167,2174,0.07681692732290708,1.0438478366793957,1.5,0.6958985577862639,661,0.32934728450423517,1.0,1
"iteration_1","SCOPE_DATA_COLLECTION",1500,31,1930.0,1990.0,0,8963,6271,2174,9087,6212,2135,8507,5862,1997,451,414,167,0.05034605938825631,0.06596558317399617,0.07717190388170056,0.3159730509170138,0.6789110598046413,1.0460088327539352,0.6319461018340276,0.6789110598046413,0.6973392218359568,0.249324086046785,0.3265097236438076,0.3304957436154231,100.0,100.0,5565,7639,4204,168,6,858,0.03018867924528302,7.854431208273334E-4,0.20409134157944814,0.65,0.1,0.6000000000000001,0.8,40.0,95.0,55.0,0.65,0.1,0.6000000000000001,0.8,40.0,95.0,55.0,9088,8655,433,9088,0.04764524647887324,0.3170978856377135,0.5,0.634195771275427,2206,0.2548815713460427,1.0,1
"iteration_1","SCOPE_DATA_COLLECTION",1500,31,1930.0,1990.0,1,8963,6271,2174,9087,6212,2135,8507,5862,1997,451,414,167,0.05034605938825631,0.06596558317399617,0.07717190388170056,0.3159730509170138,0.6789110598046413,1.0460088327539352,0.6319461018340276,0.6789110598046413,0.6973392218359568,0.249324086046785,0.3265097236438076,0.3304957436154231,100.0,100.0,5565,7639,4204,168,6,858,0.03018867924528302,7.854431208273334E-4,0.20409134157944814,0.65,0.1,0.6000000000000001,0.8,40.0,95.0,55.0,0.65,0.1,0.6000000000000001,0.8,40.0,95.0,55.0,6058,5707,351,6058,0.05793991416309013,0.6583696861551175,1.0,0.6583696861551175,1858,0.3255650954967584,1.0,1
"iteration_1","SCOPE_DATA_COLLECTION",1500,31,1930.0,1990.0,2,8963,6271,2174,9087,6212,2135,8507,5862,1997,451,414,167,0.05034605938825631,0.06596558317399617,0.07717190388170056,0.3159730509170138,0.6789110598046413,1.0460088327539352,0.6319461018340276,0.6789110598046413,0.6973392218359568,0.249324086046785,0.3265097236438076,0.3304957436154231,100.0,100.0,5565,7639,4204,168,6,858,0.03018867924528302,7.854431208273334E-4,0.20409134157944814,0.65,0.1,0.6000000000000001,0.8,40.0,95.0,55.0,0.65,0.1,0.6000000000000001,0.8,40.0,95.0,55.0,2254,2055,199,2254,0.08828748890860692,1.0342438062339003,1.5,0.6894958708226002,672,0.327007299270073,1.0,1
"iteration_1","SCOPE_DATA_COLLECTION",1500,32,1990.0,2050.0,0,9088,6058,2254,8963,6271,2174,8649,5719,2060,431,347,196,0.047466960352422906,0.05720408836135839,0.08687943262411348,0.3166406890256687,0.659710000852422,1.027439481679299,0.6332813780513374,0.659710000852422,0.6849596544528661,0.2542490461325009,0.3259311068368596,0.3233009708737864,100.0,100.0,5619,7694,4087,142,4,828,0.025271400605089873,5.198856251624642E-4,0.2025935894298997,0.65,0.1,0.6000000000000001,0.8,40.0,95.0,55.0,0.55,0.1,0.5,0.8,30.0,95.0,55.0,9049,6990,2059,9049,0.22753895458061665,0.3409078798332331,0.5,0.6818157596664662,2094,0.2995708154506438,1.0,1
"iteration_1","SCOPE_DATA_COLLECTION",1500,32,1990.0,2050.0,1,9088,6058,2254,8963,6271,2174,8649,5719,2060,431,347,196,0.047466960352422906,0.05720408836135839,0.08687943262411348,0.3166406890256687,0.659710000852422,1.027439481679299,0.6332813780513374,0.659710000852422,0.6849596544528661,0.2542490461325009,0.3259311068368596,0.3233009708737864,100.0,100.0,5619,7694,4087,142,4,828,0.025271400605089873,5.198856251624642E-4,0.2025935894298997,0.65,0.1,0.6000000000000001,0.8,40.0,95.0,55.0,0.55,0.1,0.5,0.8,30.0,95.0,55.0,6276,4866,1410,6276,0.22466539196940727,0.775142107983712,1.0,0.775142107983712,2011,0.41327579120427455,1.0,1
"iteration_1","SCOPE_DATA_COLLECTION",1500,32,1990.0,2050.0,2,9088,6058,2254,8963,6271,2174,8649,5719,2060,431,347,196,0.047466960352422906,0.05720408836135839,0.08687943262411348,0.3166406890256687,0.659710000852422,1.027439481679299,0.6332813780513374,0.659710000852422,0.6849596544528661,0.2542490461325009,0.3259311068368596,0.3233009708737864,100.0,100.0,5619,7694,4087,142,4,828,0.025271400605089873,5.198856251624642E-4,0.2025935894298997,0.65,0.1,0.6000000000000001,0.8,40.0,95.0,55.0,0.55,0.1,0.5,0.8,30.0,95.0,55.0,2217,1639,578,2217,0.2607126747857465,1.1685690295555857,1.5,0.7790460197037238,654,0.39902379499694934,1.0,1
"iteration_1","SCOPE_DATA_COLLECTION",1500,33,2050.0,2110.0,0,9049,6276,2217,9088,6058,2254,6996,4848,1642,2061,1414,581,0.22755879430274925,0.22580645161290322,0.2613585245164193,0.3408334188093185,0.7689555017744308,1.1710728592313768,0.681666837618637,0.7689555017744308,0.7807152394875846,0.2985991995425958,0.4090346534653465,0.40012180267965897,100.0,100.0,5556,6680,5306,112,5,3939,0.020158387329013677,7.485029940119761E-4,0.7423671315491897,0.55,0.1,0.5,0.8,30.0,95.0,55.0,0.45,0.1,0.4,0.7000000000000001,30.0,95.0,65.0,9145,5702,3443,9145,0.3764898851831602,0.355486785182823,0.5,0.710973570365646,1912,0.33532094002104523,1.0,1
"iteration_1","SCOPE_DATA_COLLECTION",1500,33,2050.0,2110.0,1,9049,6276,2217,9088,6058,2254,6996,4848,1642,2061,1414,581,0.22755879430274925,0.22580645161290322,0.2613585245164193,0.3408334188093185,0.7689555017744308,1.1710728592313768,0.681666837618637,0.7689555017744308,0.7807152394875846,0.2985991995425958,0.4090346534653465,0.40012180267965897,100.0,100.0,5556,6680,5306,112,5,3939,0.020158387329013677,7.485029940119761E-4,0.7423671315491897,0.55,0.1,0.5,0.8,30.0,95.0,55.0,0.45,0.1,0.4,0.7000000000000001,30.0,95.0,65.0,6245,3887,2358,6245,0.377582065652522,0.8670680125577815,1.0,0.8670680125577815,1949,0.5014149729868793,1.0,1
"iteration_1","SCOPE_DATA_COLLECTION",1500,33,2050.0,2110.0,2,9049,6276,2217,9088,6058,2254,6996,4848,1642,2061,1414,581,0.22755879430274925,0.22580645161290322,0.2613585245164193,0.3408334188093185,0.7689555017744308,1.1710728592313768,0.681666837618637,0.7689555017744308,0.7807152394875846,0.2985991995425958,0.4090346534653465,0.40012180267965897,100.0,100.0,5556,6680,5306,112,5,3939,0.020158387329013677,7.485029940119761E-4,0.7423671315491897,0.55,0.1,0.5,0.8,30.0,95.0,55.0,0.45,0.1,0.4,0.7000000000000001,30.0,95.0,65.0,2137,1293,844,2137,0.39494618624239586,1.2662895259274483,1.5,0.8441930172849655,600,0.46403712296983757,1.0,1
"iteration_1","SCOPE_DATA_COLLECTION",1500,34,2110.0,2170.0,0,9145,6245,2137,9049,6276,2217,5706,3891,1302,3443,2358,844,0.3763252814515248,0.3773403744599136,0.3932898415657036,0.3561017548493542,0.8687230152162898,1.2691216623541535,0.7122035096987084,0.8687230152162898,0.8460811082361023,0.336838415702769,0.5026985350809561,0.46543778801843316,100.0,100.0,5574,5349,6604,119,5,6521,0.021349120918550412,9.347541596560105E-4,0.9874318594791036,0.45,0.1,0.4,0.7000000000000001,30.0,95.0,65.0,0.35000000000000003,0.2,0.4,0.6000000000000001,30.0,85.0,65.0,8975,4994,3981,8975,0.44356545961002786,0.42292027473741844,0.5,0.8458405494748369,2190,0.4385262314777733,1.0,1
"iteration_1","SCOPE_DATA_COLLECTION",1500,34,2110.0,2170.0,1,9145,6245,2137,9049,6276,2217,5706,3891,1302,3443,2358,844,0.3763252814515248,0.3773403744599136,0.3932898415657036,0.3561017548493542,0.8687230152162898,1.2691216623541535,0.7122035096987084,0.8687230152162898,0.8460811082361023,0.336838415702769,0.5026985350809561,0.46543778801843316,100.0,100.0,5574,5349,6604,119,5,6521,0.021349120918550412,9.347541596560105E-4,0.9874318594791036,0.45,0.1,0.4,0.7000000000000001,30.0,95.0,65.0,0.35000000000000003,0.2,0.4,0.6000000000000001,30.0,85.0,65.0,5974,3268,2706,5974,0.4529628389688651,0.9088689838053226,1.0,0.9088689838053226,1746,0.5342717258261934,1.0,1
"iteration_1","SCOPE_DATA_COLLECTION",1500,34,2110.0,2170.0,2,9145,6245,2137,9049,6276,2217,5706,3891,1302,3443,2358,844,0.3763252814515248,0.3773403744599136,0.3932898415657036,0.3561017548493542,0.8687230152162898,1.2691216623541535,0.7122035096987084,0.8687230152162898,0.8460811082361023,0.336838415702769,0.5026985350809561,0.46543778801843316,100.0,100.0,5574,5349,6604,119,5,6521,0.021349120918550412,9.347541596560105E-4,0.9874318594791036,0.45,0.1,0.4,0.7000000000000001,30.0,95.0,65.0,0.35000000000000003,0.2,0.4,0.6000000000000001,30.0,85.0,65.0,2191,1200,991,2191,0.45230488361478777,1.4225719889748991,1.5,0.9483813259832661,662,0.5516666666666666,1.0,1
"iteration_1","SCOPE_DATA_COLLECTION",1500,35,2170.0,2230.0,0,8975,5974,2191,9145,6245,2137,4979,3276,1197,3981,2706,991,0.44430803571428573,0.45235707121364094,0.4529250457038391,0.42072527281415273,0.9071861535852672,1.4147404247718256,0.8414505456283055,0.9071861535852672,0.943160283181217,0.4360313315926893,0.5341880341880342,0.5497076023391813,97.5,100.0,5451,4137,7552,123,3,7552,0.022564667033571822,7.251631617113851E-4,1.0,0.35000000000000003,0.2,0.4,0.6000000000000001,30.0,85.0,65.0,0.35000000000000003,0.2,0.4,0.6000000000000001,30.0,85.0,65.0,8982,5077,3905,8982,0.43475840570028945,0.417414972328195,0.5,0.83482994465639,2191,0.4315540673626157,1.0,1
"iteration_1","SCOPE_DATA_COLLECTION",1500,35,2170.0,2230.0,1,8975,5974,2191,9145,6245,2137,4979,3276,1197,3981,2706,991,0.44430803571428573,0.45235707121364094,0.4529250457038391,0.42072527281415273,0.9071861535852672,1.4147404247718256,0.8414505456283055,0.9071861535852672,0.943160283181217,0.4360313315926893,0.5341880341880342,0.5497076023391813,97.5,100.0,5451,4137,7552,123,3,7552,0.022564667033571822,7.251631617113851E-4,1.0,0.35000000000000003,0.2,0.4,0.6000000000000001,30.0,85.0,65.0,0.35000000000000003,0.2,0.4,0.6000000000000001,30.0,85.0,65.0,6251,3524,2727,6251,0.4362501999680051,0.9346650537065426,1.0,0.9346650537065426,1927,0.5468217934165721,1.0,1
"iteration_1","SCOPE_DATA_COLLECTION",1500,35,2170.0,2230.0,2,8975,5974,2191,9145,6245,2137,4979,3276,1197,3981,2706,991,0.44430803571428573,0.45235707121364094,0.4529250457038391,0.42072527281415273,0.9071861535852672,1.4147404247718256,0.8414505456283055,0.9071861535852672,0.943160283181217,0.4360313315926893,0.5341880341880342,0.5497076023391813,97.5,100.0,5451,4137,7552,123,3,7552,0.022564667033571822,7.251631617113851E-4,1.0,0.35000000000000003,0.2,0.4,0.6000000000000001,30.0,85.0,65.0,0.35000000000000003,0.2,0.4,0.6000000000000001,30.0,85.0,65.0,2086,1110,976,2086,0.4678811121764142,1.4427209998843884,1.5,0.9618139999229256,616,0.554954954954955,1.0,1
"iteration_1","SCOPE_DATA_COLLECTION",1500,36,2230.0,2290.0,0,8982,6251,2086,8975,5974,2191,5096,3514,1110,3905,2727,976,0.4338406843684035,0.43694920685787536,0.4678811121764142,0.4189887174012169,0.9331264427847541,1.448422793617904,0.8379774348024338,0.9331264427847541,0.9656151957452693,0.43328100470957615,0.5452475811041548,0.5558558558558558,100.0,100.0,5533,4289,7497,108,3,7497,0.019519248147478765,6.994637444625787E-4,1.0,0.35000000000000003,0.2,0.4,0.6000000000000001,30.0,85.0,65.0,0.45,0.5,0.9,0.9,35.0,75.0,90.0,8903,5576,3327,8903,0.37369426036167586,0.4621971741498166,0.5,0.9243943482996332,2491,0.4467360114777618,1.0,1
"iteration_1","SCOPE_DATA_COLLECTION",1500,36,2230.0,2290.0,1,8982,6251,2086,8975,5974,2191,5096,3514,1110,3905,2727,976,0.4338406843684035,0.43694920685787536,0.4678811121764142,0.4189887174012169,0.9331264427847541,1.448422793617904,0.8379774348024338,0.9331264427847541,0.9656151957452693,0.43328100470957615,0.5452475811041548,0.5558558558558558,100.0,100.0,5533,4289,7497,108,3,7497,0.019519248147478765,6.994637444625787E-4,1.0,0.35000000000000003,0.2,0.4,0.6000000000000001,30.0,85.0,65.0,0.45,0.5,0.9,0.9,35.0,75.0,90.0,6022,3713,2309,6022,0.3834274327465958,0.9132224352913605,1.0,0.9132224352913605,1832,0.49340156207918123,1.0,1
"iteration_1","SCOPE_DATA_COLLECTION",1500,36,2230.0,2290.0,2,8982,6251,2086,8975,5974,2191,5096,3514,1110,3905,2727,976,0.4338406843684035,0.43694920685787536,0.4678811121764142,0.4189887174012169,0.9331264427847541,1.448422793617904,0.8379774348024338,0.9331264427847541,0.9656151957452693,0.43328100470957615,0.5452475811041548,0.5558558558558558,100.0,100.0,5533,4289,7497,108,3,7497,0.019519248147478765,6.994637444625787E-4,1.0,0.35000000000000003,0.2,0.4,0.6000000000000001,30.0,85.0,65.0,0.45,0.5,0.9,0.9,35.0,75.0,90.0,2226,1335,891,2226,0.4002695417789757,1.3365044120450922,1.5,0.8910029413633948,644,0.48239700374531835,1.0,1
"iteration_1","SCOPE_DATA_COLLECTION",1500,37,2290.0,2350.0,0,8903,6022,2226,8982,6251,2086,5559,3705,1341,3327,2309,891,0.37440918298446996,0.38393747921516463,0.39919354838709675,0.45966466327735317,0.9092390620411549,1.3416451446927462,0.9193293265547063,0.9092390620411549,0.8944300964618308,0.44504407267494156,0.4931174089068826,0.4854586129753915,100.0,100.0,5550,5199,6402,186,3,6338,0.03351351351351351,5.770340450086555E-4,0.9900031240237426,0.45,0.5,0.9,0.9,35.0,75.0,90.0,0.45,0.6000000000000001,0.8,0.9,45.0,65.0,90.0,9023,5790,3233,9023,0.35830654992796185,0.42961288049368596,0.5,0.8592257609873719,2412,0.41658031088082903,1.0,1
"iteration_1","SCOPE_DATA_COLLECTION",1500,37,2290.0,2350.0,1,8903,6022,2226,8982,6251,2086,5559,3705,1341,3327,2309,891,0.37440918298446996,0.38393747921516463,0.39919354838709675,0.45966466327735317,0.9092390620411549,1.3416451446927462,0.9193293265547063,0.9092390620411549,0.8944300964618308,0.44504407267494156,0.4931174089068826,0.4854586129753915,100.0,100.0,5550,5199,6402,186,3,6338,0.03351351351351351,5.770340450086555E-4,0.9900031240237426,0.45,0.5,0.9,0.9,35.0,75.0,90.0,0.45,0.6000000000000001,0.8,0.9,45.0,65.0,90.0,5987,3721,2266,5987,0.3784867212293302,0.8971200119444025,1.0,0.8971200119444025,1843,0.49529696318194033,1.0,1
"iteration_1","SCOPE_DATA_COLLECTION",1500,37,2290.0,2350.0,2,8903,6022,2226,8982,6251,2086,5559,3705,1341,3327,2309,891,0.37440918298446996,0.38393747921516463,0.39919354838709675,0.45966466327735317,0.9092390620411549,1.3416451446927462,0.9193293265547063,0.9092390620411549,0.8944300964618308,0.44504407267494156,0.4931174089068826,0.4854586129753915,100.0,100.0,5550,5199,6402,186,3,6338,0.03351351351351351,5.770340450086555E-4,0.9900031240237426,0.45,0.5,0.9,0.9,35.0,75.0,90.0,0.45,0.6000000000000001,0.8,0.9,45.0,65.0,90.0,2151,1305,846,2151,0.39330543933054396,1.280860156906676,1.5,0.8539067712711174,602,0.46130268199233715,1.0,1
"iteration_1","SCOPE_DATA_COLLECTION",1500,38,2350.0,2410.0,0,9023,5987,2151,8903,6022,2226,5801,3725,1305,3233,2265,846,0.35787026787690945,0.3781302170283806,0.39330543933054396,0.43095543151571886,0.903872082501781,1.2802340800545953,0.8619108630314377,0.903872082501781,0.8534893867030635,0.41734183761420446,0.4966442953020134,0.46053639846743294,100.0,100.0,5547,5233,6381,183,5,6156,0.03299080584099513,9.554748710108924E-4,0.9647390691114246,0.45,0.6000000000000001,0.8,0.9,45.0,65.0,90.0,0.45,0.6000000000000001,0.8,0.9,45.0,65.0,90.0,9022,5629,3393,9022,0.3760806916426513,0.44091601191238133,0.5,0.8818320238247627,2423,0.43044945816308405,1.0,1
"iteration_1","SCOPE_DATA_COLLECTION",1500,38,2350.0,2410.0,1,9023,5987,2151,8903,6022,2226,5801,3725,1305,3233,2265,846,0.35787026787690945,0.3781302170283806,0.39330543933054396,0.43095543151571886,0.903872082501781,1.2802340800545953,0.8619108630314377,0.903872082501781,0.8534893867030635,0.41734183761420446,0.4966442953020134,0.46053639846743294,100.0,100.0,5547,5233,6381,183,5,6156,0.03299080584099513,9.554748710108924E-4,0.9647390691114246,0.45,0.6000000000000001,0.8,0.9,45.0,65.0,90.0,0.45,0.6000000000000001,0.8,0.9,45.0,65.0,90.0,6114,3787,2327,6114,0.38060189728491983,0.8846422248368317,1.0,0.8846422248368317,1872,0.4943226828624241,1.0,1
"iteration_1","SCOPE_DATA_COLLECTION",1500,38,2350.0,2410.0,2,9023,5987,2151,8903,6022,2226,5801,3725,1305,3233,2265,846,0.35787026787690945,0.3781302170283806,0.39330543933054396,0.43095543151571886,0.903872082501781,1.2802340800545953,0.8619108630314377,0.903872082501781,0.8534893867030635,0.41734183761420446,0.4966442953020134,0.46053639846743294,100.0,100.0,5547,5233,6381,183,5,6156,0.03299080584099513,9.554748710108924E-4,0.9647390691114246,0.45,0.6000000000000001,0.8,0.9,45.0,65.0,90.0,0.45,0.6000000000000001,0.8,0.9,45.0,65.0,90.0,2048,1228,820,2048,0.400390625,1.3356130412619334,1.5,0.8904086941746222,601,0.48941368078175895,1.0,1
"iteration_1","SCOPE_DATA_COLLECTION",1500,39,2410.0,2470.0,0,9022,6114,2048,9023,5987,2151,5633,3789,1220,3393,2328,819,0.37591402614668734,0.3805787150564002,0.40166748406081415,0.4420180827062857,0.8812368940155699,1.3313503849846595,0.8840361654125714,0.8812368940155699,0.8875669233231064,0.43103142197763183,0.49379783584059117,0.48770491803278687,97.5,100.0,5538,5242,6404,183,4,6353,0.03304442036836403,7.630675314765357E-4,0.9920362273579013,0.45,0.6000000000000001,0.8,0.9,45.0,65.0,90.0,0.55,0.6000000000000001,0.9,0.9,55.0,65.0,90.0,9031,6804,2227,9031,0.24659506145498838,0.43304484855879594,0.5,0.8660896971175919,2517,0.3699294532627866,1.0,1
"iteration_1","SCOPE_DATA_COLLECTION",1500,39,2410.0,2470.0,1,9022,6114,2048,9023,5987,2151,5633,3789,1220,3393,2328,819,0.37591402614668734,0.3805787150564002,0.40166748406081415,0.4420180827062857,0.8812368940155699,1.3313503849846595,0.8840361654125714,0.8812368940155699,0.8875669233231064,0.43103142197763183,0.49379783584059117,0.48770491803278687,97.5,100.0,5538,5242,6404,183,4,6353,0.03304442036836403,7.630675314765357E-4,0.9920362273579013,0.45,0.6000000000000001,0.8,0.9,45.0,65.0,90.0,0.55,0.6000000000000001,0.9,0.9,55.0,65.0,90.0,6240,4664,1576,6240,0.25256410256410255,0.8131325716480997,1.0,0.8131325716480997,1954,0.41895368782161235,1.0,1
"iteration_1","SCOPE_DATA_COLLECTION",1500,39,2410.0,2470.0,2,9022,6114,2048,9023,5987,2151,5633,3789,1220,3393,2328,819,0.37591402614668734,0.3805787150564002,0.40166748406081415,0.4420180827062857,0.8812368940155699,1.3313503849846595,0.8840361654125714,0.8812368940155699,0.8875669233231064,0.43103142197763183,0.49379783584059117,0.48770491803278687,97.5,100.0,5538,5242,6404,183,4,6353,0.03304442036836403,7.630675314765357E-4,0.9920362273579013,0.45,0.6000000000000001,0.8,0.9,45.0,65.0,90.0,0.55,0.6000000000000001,0.9,0.9,55.0,65.0,90.0,2142,1552,590,2142,0.2754435107376284,1.1818069351302385,1.5,0.7878712900868257,608,0.3917525773195876,1.0,1
"iteration_1","SCOPE_DATA_COLLECTION",1500,40,2470.0,2530.0,0,9031,6240,2142,9022,6114,2048,6809,4674,1548,2227,1575,589,0.24645861000442673,0.25204032645223234,0.2756200280767431,0.43301586887700033,0.8167353105239169,1.1845339713730438,0.8660317377540007,0.8167353105239169,0.7896893142486959,0.3700983991775591,0.4206247325631151,0.39276485788113696,97.5,100.0,5504,6515,5394,164,7,4220,0.029796511627906978,0.001074443591711435,0.7823507601038191,0.55,0.6000000000000001,0.9,0.9,55.0,65.0,90.0,0.65,0.5,0.9,0.9,65.0,65.0,90.0,8982,8515,467,8982,0.05199287463816522,0.35691786352126953,0.5,0.7138357270425391,2470,0.2900763358778626,1.0,1
"iteration_1","SCOPE_DATA_COLLECTION",1500,40,2470.0,2530.0,1,9031,6240,2142,9022,6114,2048,6809,4674,1548,2227,1575,589,0.24645861000442673,0.25204032645223234,0.2756200280767431,0.43301586887700033,0.8167353105239169,1.1845339713730438,0.8660317377540007,0.8167353105239169,0.7896893142486959,0.3700983991775591,0.4206247325631151,0.39276485788113696,97.5,100.0,5504,6515,5394,164,7,4220,0.029796511627906978,0.001074443591711435,0.7823507601038191,0.55,0.6000000000000001,0.9,0.9,55.0,65.0,90.0,0.65,0.5,0.9,0.9,65.0,65.0,90.0,6126,5770,356,6126,0.05811296114920013,0.6787042815691572,1.0,0.6787042815691572,1863,0.32287694974003467,1.0,1
"iteration_1","SCOPE_DATA_COLLECTION",1500,40,2470.0,2530.0,2,9031,6240,2142,9022,6114,2048,6809,4674,1548,2227,1575,589,0.24645861000442673,0.25204032645223234,0.2756200280767431,0.43301586887700033,0.8167353105239169,1.1845339713730438,0.8660317377540007,0.8167353105239169,0.7896893142486959,0.3700983991775591,0.4206247325631151,0.39276485788113696,97.5,100.0,5504,6515,5394,164,7,4220,0.029796511627906978,0.001074443591711435,0.7823507601038191,0.55,0.6000000000000001,0.9,0.9,55.0,65.0,90.0,0.65,0.5,0.9,0.9,65.0,65.0,90.0,2169,2010,159,2169,0.07330567081604426,1.0001280955947112,1.5,0.6667520637298074,615,0.30597014925373134,1.0,1
"iteration_1","SCOPE_DATA_COLLECTION",1500,41,2530.0,2590.0,0,8982,6126,2169,9031,6240,2142,8477,5752,2008,467,357,161,0.05221377459749553,0.05843836961859551,0.07422775472568004,0.3486229804235528,0.6716604245867088,0.9960361792709587,0.6972459608471056,0.6716604245867088,0.6640241195139724,0.28854547599386576,0.3218011126564673,0.3052788844621514,100.0,100.0,5523,7713,4041,164,11,810,0.029694006880318667,0.0014261636198625697,0.20044543429844097,0.65,0.5,0.9,0.9,65.0,65.0,90.0,0.65,0.4,0.9,0.9,75.0,55.0,80.0,9019,8632,387,9019,0.042909413460472334,0.346426630291044,0.5,0.692853260582088,2490,0.28846153846153844,1.0,1
"iteration_1","SCOPE_DATA_COLLECTION",1500,41,2530.0,2590.0,1,8982,6126,2169,9031,6240,2142,8477,5752,2008,467,357,161,0.05221377459749553,0.05843836961859551,0.07422775472568004,0.3486229804235528,0.6716604245867088,0.9960361792709587,0.6972459608471056,0.6716604245867088,0.6640241195139724,0.28854547599386576,0.3218011126564673,0.3052788844621514,100.0,100.0,5523,7713,4041,164,11,810,0.029694006880318667,0.0014261636198625697,0.20044543429844097,0.65,0.5,0.9,0.9,65.0,65.0,90.0,0.65,0.4,0.9,0.9,75.0,55.0,80.0,6062,5757,305,6062,0.05031342791158034,0.6730741061250257,1.0,0.6730741061250257,1881,0.32673267326732675,1.0,1
"iteration_1","SCOPE_DATA_COLLECTION",1500,41,2530.0,2590.0,2,8982,6126,2169,9031,6240,2142,8477,5752,2008,467,357,161,0.05221377459749553,0.05843836961859551,0.07422775472568004,0.3486229804235528,0.6716604245867088,0.9960361792709587,0.6972459608471056,0.6716604245867088,0.6640241195139724,0.28854547599386576,0.3218011126564673,0.3052788844621514,100.0,100.0,5523,7713,4041,164,11,810,0.029694006880318667,0.0014261636198625697,0.20044543429844097,0.65,0.5,0.9,0.9,65.0,65.0,90.0,0.65,0.4,0.9,0.9,75.0,55.0,80.0,2035,1890,145,2035,0.07125307125307126,1.0624666374161953,1.5,0.7083110916107969,643,0.3402116402116402,1.0,1
"iteration_1","SCOPE_DATA_COLLECTION",1500,42,2590.0,2650.0,0,9019,6062,2035,8982,6126,2169,8673,5760,1897,387,304,145,0.04271523178807947,0.05013192612137203,0.07100881488736532,0.35514291910074813,0.6783069570887618,1.0665884838072357,0.7102858382014963,0.6783069570887618,0.7110589892048238,0.29032630001153004,0.3265625,0.34211913547706907,100.0,100.0,5538,7611,3967,189,7,640,0.03412784398699892,9.197214557876757E-4,0.1613309805898664,0.65,0.4,0.9,0.9,75.0,55.0,80.0,0.75,0.5,0.8,0.9,65.0,65.0,70.0,9006,8972,34,9006,0.003775260937153009,0.31291355785286423,0.5,0.6258271157057285,2403,0.26783325902808736,1.0,1
"iteration_1","SCOPE_DATA_COLLECTION",1500,42,2590.0,2650.0,1,9019,6062,2035,8982,6126,2169,8673,5760,1897,387,304,145,0.04271523178807947,0.05013192612137203,0.07100881488736532,0.35514291910074813,0.6783069570887618,1.0665884838072357,0.7102858382014963,0.6783069570887618,0.7110589892048238,0.29032630001153004,0.3265625,0.34211913547706907,100.0,100.0,5538,7611,3967,189,7,640,0.03412784398699892,9.197214557876757E-4,0.1613309805898664,0.65,0.4,0.9,0.9,75.0,55.0,80.0,0.75,0.5,0.8,0.9,65.0,65.0,70.0,6094,6023,71,6094,0.011650804069576633,0.6251736722167452,1.0,0.6251736722167452,1828,0.30350323758924125,1.0,1
"iteration_1","SCOPE_DATA_COLLECTION",1500,42,2590.0,2650.0,2,9019,6062,2035,8982,6126,2169,8673,5760,1897,387,304,145,0.04271523178807947,0.05013192612137203,0.07100881488736532,0.35514291910074813,0.6783069570887618,1.0665884838072357,0.7102858382014963,0.6783069570887618,0.7110589892048238,0.29032630001153004,0.3265625,0.34211913547706907,100.0,100.0,5538,7611,3967,189,7,640,0.03412784398699892,9.197214557876757E-4,0.1613309805898664,0.65,0.4,0.9,0.9,75.0,55.0,80.0,0.75,0.5,0.8,0.9,65.0,65.0,70.0,2109,2050,59,2109,0.02797534376481745,0.9524145229523235,1.5,0.6349430153015491,598,0.2917073170731707,1.0,1
"iteration_1","SCOPE_DATA_COLLECTION",1500,43,2650.0,2710.0,0,9006,6094,2109,9019,6062,2035,8945,6025,2056,34,72,59,0.0037866132085978394,0.011809086435952108,0.027895981087470448,0.31219670317654435,0.626048935378492,0.9539901806399312,0.6243934063530887,0.626048935378492,0.6359934537599542,0.2675237562884293,0.3042323651452282,0.2913424124513619,97.5,100.0,5509,8863,2837,160,5,0,0.029043383554184062,5.641430666817105E-4,0.0,0.75,0.5,0.8,0.9,65.0,65.0,70.0,0.75,0.5,0.8,0.9,75.0,75.0,80.0,8960,8925,35,8960,0.00390625,0.3191844699207693,0.5,0.6383689398415386,2341,0.262296918767507,1.0,1
"iteration_1","SCOPE_DATA_COLLECTION",1500,43,2650.0,2710.0,1,9006,6094,2109,9019,6062,2035,8945,6025,2056,34,72,59,0.0037866132085978394,0.011809086435952108,0.027895981087470448,0.31219670317654435,0.626048935378492,0.9539901806399312,0.6243934063530887,0.626048935378492,0.6359934537599542,0.2675237562884293,0.3042323651452282,0.2913424124513619,97.5,100.0,5509,8863,2837,160,5,0,0.029043383554184062,5.641430666817105E-4,0.0,0.75,0.5,0.8,0.9,65.0,65.0,70.0,0.75,0.5,0.8,0.9,75.0,75.0,80.0,6208,6121,87,6208,0.01401417525773196,0.6563134600149828,1.0,0.6563134600149828,1951,0.3187387681751348,1.0,1
"iteration_1","SCOPE_DATA_COLLECTION",1500,43,2650.0,2710.0,2,9006,6094,2109,9019,6062,2035,8945,6025,2056,34,72,59,0.0037866132085978394,0.011809086435952108,0.027895981087470448,0.31219670317654435,0.626048935378492,0.9539901806399312,0.6243934063530887,0.626048935378492,0.6359934537599542,0.2675237562884293,0.3042323651452282,0.2913424124513619,97.5,100.0,5509,8863,2837,160,5,0,0.029043383554184062,5.641430666817105E-4,0.0,0.75,0.5,0.8,0.9,65.0,65.0,70.0,0.75,0.5,0.8,0.9,75.0,75.0,80.0,2032,1954,78,2032,0.038385826771653545,0.9723196211617715,1.5,0.6482130807745143,580,0.2968270214943705,1.0,1
"iteration_1","SCOPE_DATA_COLLECTION",1500,44,2710.0,2770.0,0,8960,6208,2032,9006,6094,2109,8933,6115,1943,35,87,78,0.003902765388046387,0.014027732989358272,0.03859475507174666,0.3188350995714702,0.6578445229040238,0.9692317336312568,0.6376701991429404,0.6578445229040238,0.6461544890875045,0.26217396171498936,0.31937857726901064,0.2964487905301081,100.0,100.0,5537,8781,2882,184,16,0,0.033230991511648905,0.0018221159321261816,0.0,0.75,0.5,0.8,0.9,75.0,75.0,80.0,0.9,0.5,0.1,0.30000000000000004,25.0,20.0,30.0,9043,8461,582,9043,0.06435917284087139,0.3327212193770755,0.5,0.665442438754151,2165,0.2558799196312493,1.0,1
"iteration_1","SCOPE_DATA_COLLECTION",1500,44,2710.0,2770.0,1,8960,6208,2032,9006,6094,2109,8933,6115,1943,35,87,78,0.003902765388046387,0.014027732989358272,0.03859475507174666,0.3188350995714702,0.6578445229040238,0.9692317336312568,0.6376701991429404,0.6578445229040238,0.6461544890875045,0.26217396171498936,0.31937857726901064,0.2964487905301081,100.0,100.0,5537,8781,2882,184,16,0,0.033230991511648905,0.0018221159321261816,0.0,0.75,0.5,0.8,0.9,75.0,75.0,80.0,0.9,0.5,0.1,0.30000000000000004,25.0,20.0,30.0,6188,5785,403,6188,0.06512605042016807,0.6027719200700787,1.0,0.6027719200700787,1791,0.30959377700950735,1.0,1
"iteration_1","SCOPE_DATA_COLLECTION",1500,44,2710.0,2770.0,2,8960,6208,2032,9006,6094,2109,8933,6115,1943,35,87,78,0.003902765388046387,0.014027732989358272,0.03859475507174666,0.3188350995714702,0.6578445229040238,0.9692317336312568,0.6376701991429404,0.6578445229040238,0.6461544890875045,0.26217396171498936,0.31937857726901064,0.2964487905301081,100.0,100.0,5537,8781,2882,184,16,0,0.033230991511648905,0.0018221159321261816,0.0,0.75,0.5,0.8,0.9,75.0,75.0,80.0,0.9,0.5,0.1,0.30000000000000004,25.0,20.0,30.0,2135,1954,181,2135,0.08477751756440281,1.0154748931058033,1.5,0.6769832620705355,623,0.3188331627430911,1.0,1
"iteration_1","SCOPE_DATA_COLLECTION",1500,45,2770.0,2830.0,0,9043,6188,2135,8960,6208,2032,8477,5821,1959,572,384,175,0.06321140457509117,0.06188557614826753,0.08200562324273665,0.3334597237692051,0.6056737256478241,1.0166854635667475,0.6669194475384101,0.6056737256478241,0.6777903090444983,0.2565766190869411,0.3104277615529978,0.3180193976518632,100.0,100.0,5254,10826,1286,83,1048,0,0.015797487628473543,0.09680399039349713,0.0,0.9,0.5,0.1,0.30000000000000004,25.0,20.0,30.0,0.65,0.30000000000000004,0.4,0.4,85.0,90.0,55.0,8901,8218,683,8901,0.07673295135378047,0.346385607081946,0.5,0.692771214163892,2260,0.2750060842054028,1.0,1
"iteration_1","SCOPE_DATA_COLLECTION",1500,45,2770.0,2830.0,1,9043,6188,2135,8960,6208,2032,8477,5821,1959,572,384,175,0.06321140457509117,0.06188557614826753,0.08200562324273665,0.3334597237692051,0.6056737256478241,1.0166854635667475,0.6669194475384101,0.6056737256478241,0.6777903090444983,0.2565766190869411,0.3104277615529978,0.3180193976518632,100.0,100.0,5254,10826,1286,83,1048,0,0.015797487628473543,0.09680399039349713,0.0,0.9,0.5,0.1,0.30000000000000004,25.0,20.0,30.0,0.65,0.30000000000000004,0.4,0.4,85.0,90.0,55.0,6228,5687,541,6228,0.08686576750160566,0.6794743875502497,1.0,0.6794743875502497,1921,0.3377879374010902,1.0,1
"iteration_1","SCOPE_DATA_COLLECTION",1500,45,2770.0,2830.0,2,9043,6188,2135,8960,6208,2032,8477,5821,1959,572,384,175,0.06321140457509117,0.06188557614826753,0.08200562324273665,0.3334597237692051,0.6056737256478241,1.0166854635667475,0.6669194475384101,0.6056737256478241,0.6777903090444983,0.2565766190869411,0.3104277615529978,0.3180193976518632,100.0,100.0,5254,10826,1286,83,1048,0,0.015797487628473543,0.09680399039349713,0.0,0.9,0.5,0.1,0.30000000000000004,25.0,20.0,30.0,0.65,0.30000000000000004,0.4,0.4,85.0,90.0,55.0,2157,1956,201,2157,0.09318497913769123,1.0198524457663551,1.5,0.6799016305109035,631,0.3225971370143149,1.0,1
"iteration_1","SCOPE_DATA_COLLECTION",1500,46,2830.0,2890.0,0,8901,6228,2157,9043,6188,2135,8202,5665,1949,693,560,207,0.07790893760539629,0.08995983935742972,0.09601113172541743,0.3465608898826566,0.6772591072705973,1.0198453967479881,0.6931217797653132,0.6772591072705973,0.6798969311653255,0.2752987076322848,0.33715798764342453,0.3227296049256029,100.0,100.0,5427,7631,4228,118,83,1259,0.02174313617099687,0.01087668719695977,0.2977767265846736,0.65,0.30000000000000004,0.4,0.4,85.0,90.0,55.0,0.55,0.2,0.30000000000000004,0.5,95.0,80.0,55.0,8951,7046,1905,8951,0.21282538263881132,0.39279383776303817,0.5,0.7855876755260763,2380,0.3377803008799319,1.0,1
"iteration_1","SCOPE_DATA_COLLECTION",1500,46,2830.0,2890.0,1,8901,6228,2157,9043,6188,2135,8202,5665,1949,693,560,207,0.07790893760539629,0.08995983935742972,0.09601113172541743,0.3465608898826566,0.6772591072705973,1.0198453967479881,0.6931217797653132,0.6772591072705973,0.6798969311653255,0.2752987076322848,0.33715798764342453,0.3227296049256029,100.0,100.0,5427,7631,4228,118,83,1259,0.02174313617099687,0.01087668719695977,0.2977767265846736,0.65,0.30000000000000004,0.4,0.4,85.0,90.0,55.0,0.55,0.2,0.30000000000000004,0.5,95.0,80.0,55.0,6150,4742,1408,6150,0.2289430894308943,0.7636574266132029,1.0,0.7636574266132029,1873,0.3949810206663855,1.0,1
"iteration_1","SCOPE_DATA_COLLECTION",1500,46,2830.0,2890.0,2,8901,6228,2157,9043,6188,2135,8202,5665,1949,693,560,207,0.07790893760539629,0.08995983935742972,0.09601113172541743,0.3465608898826566,0.6772591072705973,1.0198453967479881,0.6931217797653132,0.6772591072705973,0.6798969311653255,0.2752987076322848,0.33715798764342453,0.3227296049256029,100.0,100.0,5427,7631,4228,118,83,1259,0.02174313617099687,0.01087668719695977,0.2977767265846736,0.65,0.30000000000000004,0.4,0.4,85.0,90.0,55.0,0.55,0.2,0.30000000000000004,0.5,95.0,80.0,55.0,2225,1628,597,2225,0.26831460674157304,1.171398199919215,1.5,0.7809321332794766,653,0.4011056511056511,1.0,1
"iteration_1","SCOPE_DATA_COLLECTION",1500,47,2890.0,2950.0,0,8951,6150,2225,8901,6228,2157,7049,4749,1632,1905,1408,597,0.21275407639044003,0.22868280006496672,0.26783310901749663,0.3918723306928636,0.7639549574449854,1.1724094655933806,0.7837446613857272,0.7639549574449854,0.781606310395587,0.3359341750602922,0.3950305327437355,0.4019607843137255,100.0,100.0,5441,6558,5327,131,8,3771,0.024076456533725418,0.001219884111009454,0.7079031349727801,0.55,0.2,0.30000000000000004,0.5,95.0,80.0,55.0,0.45,0.2,0.4,0.6000000000000001,85.0,70.0,65.0,8855,5524,3331,8855,0.376171654432524,0.3961778604269439,0.5,0.7923557208538878,2130,0.38559015206372194,1.0,1
"iteration_1","SCOPE_DATA_COLLECTION",1500,47,2890.0,2950.0,1,8951,6150,2225,8901,6228,2157,7049,4749,1632,1905,1408,597,0.21275407639044003,0.22868280006496672,0.26783310901749663,0.3918723306928636,0.7639549574449854,1.1724094655933806,0.7837446613857272,0.7639549574449854,0.781606310395587,0.3359341750602922,0.3950305327437355,0.4019607843137255,100.0,100.0,5441,6558,5327,131,8,3771,0.024076456533725418,0.001219884111009454,0.7079031349727801,0.55,0.2,0.30000000000000004,0.5,95.0,80.0,55.0,0.45,0.2,0.4,0.6000000000000001,85.0,70.0,65.0,6092,3865,2227,6092,0.36556139198949444,0.8473739627749047,1.0,0.8473739627749047,1880,0.48641655886157825,1.0,1
"iteration_1","SCOPE_DATA_COLLECTION",1500,47,2890.0,2950.0,2,8951,6150,2225,8901,6228,2157,7049,4749,1632,1905,1408,597,0.21275407639044003,0.22868280006496672,0.26783310901749663,0.3918723306928636,0.7639549574449854,1.1724094655933806,0.7837446613857272,0.7639549574449854,0.781606310395587,0.3359341750602922,0.3950305327437355,0.4019607843137255,100.0,100.0,5441,6558,5327,131,8,3771,0.024076456533725418,0.001219884111009454,0.7079031349727801,0.55,0.2,0.30000000000000004,0.5,95.0,80.0,55.0,0.45,0.2,0.4,0.6000000000000001,85.0,70.0,65.0,2217,1355,862,2217,0.38881371222372574,1.3011696186474568,1.5,0.8674464124316379,653,0.4819188191881919,1.0,1
"iteration_1","SCOPE_DATA_COLLECTION",1500,48,2950.0,3010.0,0,8855,6092,2217,8951,6150,2225,5506,3857,1350,3331,2227,862,0.3769378748444042,0.36604207758053914,0.3896925858951175,0.39759738642133424,0.8482560166079967,1.3046262087626377,0.7951947728426685,0.8482560166079967,0.8697508058417585,0.3877588085724664,0.4876847290640394,0.4837037037037037,97.5,100.0,5383,5388,6393,141,2,6277,0.02619357235742151,3.711952487008166E-4,0.9818551540747693,0.45,0.2,0.4,0.6000000000000001,85.0,70.0,65.0,0.45,0.2,0.4,0.6000000000000001,85.0,70.0,65.0,9086,5633,3453,9086,0.38003521901826987,0.4087032664270188,0.5,0.8174065328540376,2272,0.4033374755902716,1.0,1
"iteration_1","SCOPE_DATA_COLLECTION",1500,48,2950.0,3010.0,1,8855,6092,2217,8951,6150,2225,5506,3857,1350,3331,2227,862,0.3769378748444042,0.36604207758053914,0.3896925858951175,0.39759738642133424,0.8482560166079967,1.3046262087626377,0.7951947728426685,0.8482560166079967,0.8697508058417585,0.3877588085724664,0.4876847290640394,0.4837037037037037,97.5,100.0,5383,5388,6393,141,2,6277,0.02619357235742151,3.711952487008166E-4,0.9818551540747693,0.45,0.2,0.4,0.6000000000000001,85.0,70.0,65.0,0.45,0.2,0.4,0.6000000000000001,85.0,70.0,65.0,6118,3782,2336,6118,0.38182412553121936,0.8361009660737794,1.0,0.8361009660737794,1814,0.4796404019037546,1.0,1
"iteration_1","SCOPE_DATA_COLLECTION",1500,48,2950.0,3010.0,2,8855,6092,2217,8951,6150,2225,5506,3857,1350,3331,2227,862,0.3769378748444042,0.36604207758053914,0.3896925858951175,0.39759738642133424,0.8482560166079967,1.3046262087626377,0.7951947728426685,0.8482560166079967,0.8697508058417585,0.3877588085724664,0.4876847290640394,0.4837037037037037,97.5,100.0,5383,5388,6393,141,2,6277,0.02619357235742151,3.711952487008166E-4,0.9818551540747693,0.45,0.2,0.4,0.6000000000000001,85.0,70.0,65.0,0.45,0.2,0.4,0.6000000000000001,85.0,70.0,65.0,2142,1332,810,2142,0.37815126050420167,1.3221850024638826,1.5,0.8814566683092551,649,0.4872372372372372,1.0,1
"iteration_1","SCOPE_DATA_COLLECTION",1500,49,3010.0,3070.0,0,9086,6118,2142,8855,6092,2217,5653,3784,1345,3453,2336,810,0.37920052712497254,0.38169934640522873,0.37587006960556846,0.4073894977881939,0.8316245036914597,1.3126793848649174,0.8147789955763878,0.8316245036914597,0.875119589909945,0.4015566955598797,0.47674418604651164,0.48252788104089217,100.0,100.0,5515,5332,6499,144,10,6445,0.026110607434270173,0.0018754688672168042,0.9916910293891368,0.45,0.2,0.4,0.6000000000000001,85.0,70.0,65.0,0.45,0.2,0.4,0.6000000000000001,85.0,70.0,65.0,8904,5628,3276,8904,0.36792452830188677,0.40095733120221144,0.5,0.8019146624044229,2275,0.40422885572139305,1.0,1
"iteration_1","SCOPE_DATA_COLLECTION",1500,49,3010.0,3070.0,1,9086,6118,2142,8855,6092,2217,5653,3784,1345,3453,2336,810,0.37920052712497254,0.38169934640522873,0.37587006960556846,0.4073894977881939,0.8316245036914597,1.3126793848649174,0.8147789955763878,0.8316245036914597,0.875119589909945,0.4015566955598797,0.47674418604651164,0.48252788104089217,100.0,100.0,5515,5332,6499,144,10,6445,0.026110607434270173,0.0018754688672168042,0.9916910293891368,0.45,0.2,0.4,0.6000000000000001,85.0,70.0,65.0,0.45,0.2,0.4,0.6000000000000001,85.0,70.0,65.0,6174,3837,2337,6174,0.3785228377065112,0.8596304753723185,1.0,0.8596304753723185,1881,0.490226739640344,1.0,1
"iteration_1","SCOPE_DATA_COLLECTION",1500,49,3010.0,3070.0,2,9086,6118,2142,8855,6092,2217,5653,3784,1345,3453,2336,810,0.37920052712497254,0.38169934640522873,0.37587006960556846,0.4073894977881939,0.8316245036914597,1.3126793848649174,0.8147789955763878,0.8316245036914597,0.875119589909945,0.4015566955598797,0.47674418604651164,0.48252788104089217,100.0,100.0,5515,5332,6499,144,10,6445,0.026110607434270173,0.0018754688672168042,0.9916910293891368,0.45,0.2,0.4,0.6000000000000001,85.0,70.0,65.0,0.45,0.2,0.4,0.6000000000000001,85.0,70.0,65.0,2130,1259,871,2130,0.4089201877934272,1.3205329725044979,1.5,0.8803553150029986,608,0.482922954725973,1.0,1
"iteration_1","SCOPE_DATA_COLLECTION",1500,50,3070.0,3130.0,0,8904,6174,2130,9086,6118,2142,5634,3841,1267,3276,2337,871,0.36767676767676766,0.3782777597928132,0.40739008419083256,0.4013305990439524,0.8615488915472033,1.3291442518702745,0.8026611980879048,0.8615488915472033,0.8860961679135163,0.405040823571175,0.49049726633689145,0.48697711128650356,100.0,100.0,5551,5263,6394,134,13,6337,0.024139794631597912,0.002470074102223067,0.9910853925555207,0.45,0.2,0.4,0.6000000000000001,85.0,70.0,65.0,0.15000000000000002,0.8,0.1,0.8,95.0,30.0,25.0,9082,3714,5368,9082,0.5910592380532922,0.5525095827168083,0.5,1.1050191654336166,2233,0.6012385568120625,1.0,1
"iteration_1","SCOPE_DATA_COLLECTION",1500,50,3070.0,3130.0,1,8904,6174,2130,9086,6118,2142,5634,3841,1267,3276,2337,871,0.36767676767676766,0.3782777597928132,0.40739008419083256,0.4013305990439524,0.8615488915472033,1.3291442518702745,0.8026611980879048,0.8615488915472033,0.8860961679135163,0.405040823571175,0.49049726633689145,0.48697711128650356,100.0,100.0,5551,5263,6394,134,13,6337,0.024139794631597912,0.002470074102223067,0.9910853925555207,0.45,0.2,0.4,0.6000000000000001,85.0,70.0,65.0,0.15000000000000002,0.8,0.1,0.8,95.0,30.0,25.0,6121,2434,3687,6121,0.6023525567717694,1.0172999121461064,1.0,1.0172999121461064,1724,0.7082990961380444,1.0,1
"iteration_1","SCOPE_DATA_COLLECTION",1500,50,3070.0,3130.0,2,8904,6174,2130,9086,6118,2142,5634,3841,1267,3276,2337,871,0.36767676767676766,0.3782777597928132,0.40739008419083256,0.4013305990439524,0.8615488915472033,1.3291442518702745,0.8026611980879048,0.8615488915472033,0.8860961679135163,0.405040823571175,0.49049726633689145,0.48697711128650356,100.0,100.0,5551,5263,6394,134,13,6337,0.024139794631597912,0.002470074102223067,0.9910853925555207,0.45,0.2,0.4,0.6000000000000001,85.0,70.0,65.0,0.15000000000000002,0.8,0.1,0.8,95.0,30.0,25.0,2165,841,1324,2165,0.6115473441108545,1.7844019609406954,1.5,1.189601307293797,620,0.737217598097503,1.0,1
"iteration_1","SCOPE_DATA_COLLECTION",1500,51,3130.0,3190.0,0,9082,6121,2165,8904,6174,2130,3719,2450,830,5368,3687,1324,0.5907340156267195,0.6007821411112921,0.6146703806870938,0.5515011660652048,1.022126297688027,1.7726589792560434,1.1030023321304097,1.022126297688027,1.1817726528373622,0.6004302231782738,0.710204081632653,0.7313253012048193,100.0,100.0,5293,1770,10305,72,2,10305,0.013602871717362554,0.0011299435028248588,1.0,0.15000000000000002,0.8,0.1,0.8,95.0,30.0,25.0,0.25,0.8,0.1,0.9,95.0,40.0,35.0,9023,4410,4613,9023,0.5112490302560124,0.4934192216481788,0.5,0.9868384432963576,2279,0.5167800453514739,1.0,1
"iteration_1","SCOPE_DATA_COLLECTION",1500,51,3130.0,3190.0,1,9082,6121,2165,8904,6174,2130,3719,2450,830,5368,3687,1324,0.5907340156267195,0.6007821411112921,0.6146703806870938,0.5515011660652048,1.022126297688027,1.7726589792560434,1.1030023321304097,1.022126297688027,1.1817726528373622,0.6004302231782738,0.710204081632653,0.7313253012048193,100.0,100.0,5293,1770,10305,72,2,10305,0.013602871717362554,0.0011299435028248588,1.0,0.15000000000000002,0.8,0.1,0.8,95.0,30.0,25.0,0.25,0.8,0.1,0.9,95.0,40.0,35.0,6160,2920,3240,6160,0.525974025974026,0.8823899721758425,1.0,0.8823899721758425,1713,0.5866438356164384,1.0,1
"iteration_1","SCOPE_DATA_COLLECTION",1500,51,3130.0,3190.0,2,9082,6121,2165,8904,6174,2130,3719,2450,830,5368,3687,1324,0.5907340156267195,0.6007821411112921,0.6146703806870938,0.5515011660652048,1.022126297688027,1.7726589792560434,1.1030023321304097,1.022126297688027,1.1817726528373622,0.6004302231782738,0.710204081632653,0.7313253012048193,100.0,100.0,5293,1770,10305,72,2,10305,0.013602871717362554,0.0011299435028248588,1.0,0.15000000000000002,0.8,0.1,0.8,95.0,30.0,25.0,0.25,0.8,0.1,0.9,95.0,40.0,35.0,2112,994,1118,2112,0.5293560606060606,1.498970733954338,1.5,0.9993138226362254,588,0.5915492957746479,1.0,1
"iteration_1","SCOPE_DATA_COLLECTION",1500,52,3190.0,3250.0,0,9023,6160,2112,9082,6121,2165,4414,2896,1000,4613,3240,1118,0.5110224880912817,0.5280312907431551,0.5278564683663833,0.49294433636524965,0.8783609640758011,1.5103275185105354,0.9858886727304993,0.8783609640758011,1.006885012340357,0.5172179429089262,0.5832182320441989,0.597,97.5,100.0,5368,3025,8902,66,3,8902,0.012295081967213115,9.917355371900827E-4,1.0,0.25,0.8,0.1,0.9,95.0,40.0,35.0,0.35000000000000003,0.8,0.2,0.9,95.0,30.0,25.0,8891,4901,3990,8891,0.44876841750084356,0.4258922964587015,0.5,0.851784592917403,2114,0.4313405427463783,1.0,1
"iteration_1","SCOPE_DATA_COLLECTION",1500,52,3190.0,3250.0,1,9023,6160,2112,9082,6121,2165,4414,2896,1000,4613,3240,1118,0.5110224880912817,0.5280312907431551,0.5278564683663833,0.49294433636524965,0.8783609640758011,1.5103275185105354,0.9858886727304993,0.8783609640758011,1.006885012340357,0.5172179429089262,0.5832182320441989,0.597,97.5,100.0,5368,3025,8902,66,3,8902,0.012295081967213115,9.917355371900827E-4,1.0,0.25,0.8,0.1,0.9,95.0,40.0,35.0,0.35000000000000003,0.8,0.2,0.9,95.0,30.0,25.0,5995,3270,2725,5995,0.45454545454545453,0.8605544016670943,1.0,0.8605544016670943,1762,0.5388379204892967,1.0,1
"iteration_1","SCOPE_DATA_COLLECTION",1500,52,3190.0,3250.0,2,9023,6160,2112,9082,6121,2165,4414,2896,1000,4613,3240,1118,0.5110224880912817,0.5280312907431551,0.5278564683663833,0.49294433636524965,0.8783609640758011,1.5103275185105354,0.9858886727304993,0.8783609640758011,1.006885012340357,0.5172179429089262,0.5832182320441989,0.597,97.5,100.0,5368,3025,8902,66,3,8902,0.012295081967213115,9.917355371900827E-4,1.0,0.25,0.8,0.1,0.9,95.0,40.0,35.0,0.35000000000000003,0.8,0.2,0.9,95.0,30.0,25.0,2184,1200,984,2184,0.45054945054945056,1.380562281983611,1.5,0.9203748546557406,639,0.5325,1.0,1
"iteration_1","SCOPE_DATA_COLLECTION",1500,53,3250.0,3310.0,0,8891,5995,2184,9023,6160,2112,4897,3278,1186,3990,2725,984,0.4489704062113199,0.4539396968182575,0.4534562211981567,0.4269843450329918,0.8611227768913174,1.3643688553088342,0.8539686900659836,0.8611227768913174,0.9095792368725562,0.4308760465591178,0.5408785845027456,0.5269814502529511,97.5,100.0,5249,4215,7606,91,2,7606,0.017336635549628502,4.7449584816132857E-4,1.0,0.35000000000000003,0.8,0.2,0.9,95.0,30.0,25.0,0.35000000000000003,0.8,0.30000000000000004,0.9,85.0,20.0,25.0,8965,4909,4056,8965,0.4524261015058561,0.42946528710230847,0.5,0.8589305742046169,2121,0.4320635567325321,1.0,1
"iteration_1","SCOPE_DATA_COLLECTION",1500,53,3250.0,3310.0,1,8891,5995,2184,9023,6160,2112,4897,3278,1186,3990,2725,984,0.4489704062113199,0.4539396968182575,0.4534562211981567,0.4269843450329918,0.8611227768913174,1.3643688553088342,0.8539686900659836,0.8611227768913174,0.9095792368725562,0.4308760465591178,0.5408785845027456,0.5269814502529511,97.5,100.0,5249,4215,7606,91,2,7606,0.017336635549628502,4.7449584816132857E-4,1.0,0.35000000000000003,0.8,0.2,0.9,95.0,30.0,25.0,0.35000000000000003,0.8,0.30000000000000004,0.9,85.0,20.0,25.0,6049,3373,2676,6049,0.44238717143329476,0.899013999167077,1.0,0.899013999167077,1832,0.5431366735843463,1.0,1
"iteration_1","SCOPE_DATA_COLLECTION",1500,53,3250.0,3310.0,2,8891,5995,2184,9023,6160,2112,4897,3278,1186,3990,2725,984,0.4489704062113199,0.4539396968182575,0.4534562211981567,0.4269843450329918,0.8611227768913174,1.3643688553088342,0.8539686900659836,0.8611227768913174,0.9095792368725562,0.4308760465591178,0.5408785845027456,0.5269814502529511,97.5,100.0,5249,4215,7606,91,2,7606,0.017336635549628502,4.7449584816132857E-4,1.0,0.35000000000000003,0.8,0.2,0.9,95.0,30.0,25.0,0.35000000000000003,0.8,0.30000000000000004,0.9,85.0,20.0,25.0,2127,1095,1032,2127,0.48519040902679833,1.4561458174688273,1.5,0.9707638783125515,604,0.5515981735159817,1.0,1
"iteration_1","SCOPE_DATA_COLLECTION",1500,54,3310.0,3370.0,0,8965,6049,2127,8891,5995,2184,4896,3375,1105,4056,2676,1031,0.45308310991957107,0.4422409519087754,0.48267790262172283,0.42826775651978527,0.8984768268000898,1.4682767055972707,0.8565355130395705,0.8984768268000898,0.9788511370648472,0.4311683006535948,0.5425185185185185,0.5565610859728507,95.0,100.0,5347,4193,7601,157,5,7601,0.029362259210772394,0.0011924636298592892,1.0,0.35000000000000003,0.8,0.30000000000000004,0.9,85.0,20.0,25.0,0.45,0.9,0.30000000000000004,0.9,75.0,30.0,35.0,9151,5600,3551,9151,0.3880450224019233,0.42254027758435997,0.5,0.8450805551687199,2304,0.4114285714285714,1.0,1
"iteration_1","SCOPE_DATA_COLLECTION",1500,54,3310.0,3370.0,1,8965,6049,2127,8891,5995,2184,4896,3375,1105,4056,2676,1031,0.45308310991957107,0.4422409519087754,0.48267790262172283,0.42826775651978527,0.8984768268000898,1.4682767055972707,0.8565355130395705,0.8984768268000898,0.9788511370648472,0.4311683006535948,0.5425185185185185,0.5565610859728507,95.0,100.0,5347,4193,7601,157,5,7601,0.029362259210772394,0.0011924636298592892,1.0,0.35000000000000003,0.8,0.30000000000000004,0.9,85.0,20.0,25.0,0.45,0.9,0.30000000000000004,0.9,75.0,30.0,35.0,6151,3815,2336,6151,0.3797756462363843,0.8422746337417802,1.0,0.8422746337417802,1846,0.4838794233289646,1.0,1
"iteration_1","SCOPE_DATA_COLLECTION",1500,54,3310.0,3370.0,2,8965,6049,2127,8891,5995,2184,4896,3375,1105,4056,2676,1031,0.45308310991957107,0.4422409519087754,0.48267790262172283,0.42826775651978527,0.8984768268000898,1.4682767055972707,0.8565355130395705,0.8984768268000898,0.9788511370648472,0.4311683006535948,0.5425185185185185,0.5565610859728507,95.0,100.0,5347,4193,7601,157,5,7601,0.029362259210772394,0.0011924636298592892,1.0,0.35000000000000003,0.8,0.30000000000000004,0.9,85.0,20.0,25.0,0.45,0.9,0.30000000000000004,0.9,75.0,30.0,35.0,2127,1241,886,2127,0.41654913023037143,1.3491618570870696,1.5,0.8994412380580464,621,0.500402900886382,1.0,1
"iteration_1","SCOPE_DATA_COLLECTION",1500,55,3370.0,3430.0,0,9151,6151,2127,8965,6049,2127,5611,3817,1240,3551,2336,887,0.38757913119406245,0.37965220217779944,0.41701927597555244,0.42355228866114814,0.8438263683122341,1.353129399459778,0.8471045773222963,0.8438263683122341,0.9020862663065187,0.41240420602388167,0.4844118417605449,0.5024193548387097,97.5,100.0,5435,5386,6608,163,3,6608,0.02999080036798528,5.569996286669142E-4,1.0,0.45,0.9,0.30000000000000004,0.9,75.0,30.0,35.0,0.2,0.7000000000000001,0.30000000000000004,0.4,85.0,80.0,65.0,9007,3982,5025,9007,0.5578994115687799,0.5119601146348248,0.5,1.0239202292696497,2140,0.5374183827222502,1.0,1
"iteration_1","SCOPE_DATA_COLLECTION",1500,55,3370.0,3430.0,1,9151,6151,2127,8965,6049,2127,5611,3817,1240,3551,2336,887,0.38757913119406245,0.37965220217779944,0.41701927597555244,0.42355228866114814,0.8438263683122341,1.353129399459778,0.8471045773222963,0.8438263683122341,0.9020862663065187,0.41240420602388167,0.4844118417605449,0.5024193548387097,97.5,100.0,5435,5386,6608,163,3,6608,0.02999080036798528,5.569996286669142E-4,1.0,0.45,0.9,0.30000000000000004,0.9,75.0,30.0,35.0,0.2,0.7000000000000001,0.30000000000000004,0.4,85.0,80.0,65.0,6183,2774,3409,6183,0.5513504771146692,1.0596133291711707,1.0,1.0596133291711707,1851,0.667267483777938,1.0,1
"iteration_1","SCOPE_DATA_COLLECTION",1500,55,3370.0,3430.0,2,9151,6151,2127,8965,6049,2127,5611,3817,1240,3551,2336,887,0.38757913119406245,0.37965220217779944,0.41701927597555244,0.42355228866114814,0.8438263683122341,1.353129399459778,0.8471045773222963,0.8438263683122341,0.9020862663065187,0.41240420602388167,0.4844118417605449,0.5024193548387097,97.5,100.0,5435,5386,6608,163,3,6608,0.02999080036798528,5.569996286669142E-4,1.0,0.45,0.9,0.30000000000000004,0.9,75.0,30.0,35.0,0.2,0.7000000000000001,0.30000000000000004,0.4,85.0,80.0,65.0,2147,890,1257,2147,0.5854680950163018,1.6717466943700443,1.5,1.1144977962466962,605,0.6797752808988764,1.0,1
"iteration_1","SCOPE_DATA_COLLECTION",1500,56,3430.0,3490.0,0,9007,6183,2147,9151,6151,2127,3968,2764,901,5025,3408,1257,0.5587679306126988,0.5521710952689566,0.582483781278962,0.5124091394616691,1.0559444064340957,1.6713931766946086,1.0248182789233382,1.0559444064340957,1.1142621177964058,0.5385584677419355,0.6664254703328509,0.6770255271920089,97.5,100.0,5363,2411,9563,123,4,9563,0.02293492448256573,0.0016590626296142678,1.0,0.2,0.7000000000000001,0.30000000000000004,0.4,85.0,80.0,65.0,0.9500000000000001,0.8,0.5,0.1,75.0,70.0,20.0,8995,7510,1485,8995,0.1650917176209005,0.4309012710065651,0.5,0.8618025420131302,2682,0.3571238348868176,1.0,1
"iteration_1","SCOPE_DATA_COLLECTION",1500,56,3430.0,3490.0,1,9007,6183,2147,9151,6151,2127,3968,2764,901,5025,3408,1257,0.5587679306126988,0.5521710952689566,0.582483781278962,0.5124091394616691,1.0559444064340957,1.6713931766946086,1.0248182789233382,1.0559444064340957,1.1142621177964058,0.5385584677419355,0.6664254703328509,0.6770255271920089,97.5,100.0,5363,2411,9563,123,4,9563,0.02293492448256573,0.0016590626296142678,1.0,0.2,0.7000000000000001,0.30000000000000004,0.4,85.0,80.0,65.0,0.9500000000000001,0.8,0.5,0.1,75.0,70.0,20.0,6133,5079,1054,6133,0.17185716615033425,0.7375268765129694,1.0,0.7375268765129694,1773,0.34908446544595395,1.0,1
"iteration_1","SCOPE_DATA_COLLECTION",1500,56,3430.0,3490.0,2,9007,6183,2147,9151,6151,2127,3968,2764,901,5025,3408,1257,0.5587679306126988,0.5521710952689566,0.582483781278962,0.5124091394616691,1.0559444064340957,1.6713931766946086,1.0248182789233382,1.0559444064340957,1.1142621177964058,0.5385584677419355,0.6664254703328509,0.6770255271920089,97.5,100.0,5363,2411,9563,123,4,9563,0.02293492448256573,0.0016590626296142678,1.0,0.2,0.7000000000000001,0.30000000000000004,0.4,85.0,80.0,65.0,0.9500000000000001,0.8,0.5,0.1,75.0,70.0,20.0,2180,1806,374,2180,0.17155963302752295,1.1238290200301537,1.5,0.7492193466867691,686,0.3798449612403101,1.0,1
"iteration_1","SCOPE_DATA_COLLECTION",1500,57,3490.0,3550.0,0,8995,6133,2180,9007,6183,2147,7465,5053,1774,1485,1055,373,0.1659217877094972,0.17272429600523903,0.1737307871448533,0.42425907872645546,0.7317058786486169,1.1133831587074712,0.8485181574529109,0.7317058786486169,0.7422554391383142,0.35097119892833223,0.3445477933900653,0.3765501691093574,100.0,100.0,5256,11479,573,63,2848,2,0.011986301369863013,0.2481052356477045,0.0034904013961605585,0.9500000000000001,0.8,0.5,0.1,75.0,70.0,20.0,0.15000000000000002,0.8,0.2,0.8,35.0,45.0,95.0,9305,3820,5485,9305,0.5894680279419667,0.5697034778425986,0.5,1.1394069556851971,2387,0.624869109947644,1.0,1
"iteration_1","SCOPE_DATA_COLLECTION",1500,57,3490.0,3550.0,1,8995,6133,2180,9007,6183,2147,7465,5053,1774,1485,1055,373,0.1659217877094972,0.17272429600523903,0.1737307871448533,0.42425907872645546,0.7317058786486169,1.1133831587074712,0.8485181574529109,0.7317058786486169,0.7422554391383142,0.35097119892833223,0.3445477933900653,0.3765501691093574,100.0,100.0,5256,11479,573,63,2848,2,0.011986301369863013,0.2481052356477045,0.0034904013961605585,0.9500000000000001,0.8,0.5,0.1,75.0,70.0,20.0,0.15000000000000002,0.8,0.2,0.8,35.0,45.0,95.0,6086,2509,3577,6086,0.5877423595136378,1.0819308934878609,1.0,1.0819308934878609,1785,0.7114388202471104,1.0,1
"iteration_1","SCOPE_DATA_COLLECTION",1500,57,3490.0,3550.0,2,8995,6133,2180,9007,6183,2147,7465,5053,1774,1485,1055,373,0.1659217877094972,0.17272429600523903,0.1737307871448533,0.42425907872645546,0.7317058786486169,1.1133831587074712,0.8485181574529109,0.7317058786486169,0.7422554391383142,0.35097119892833223,0.3445477933900653,0.3765501691093574,100.0,100.0,5256,11479,573,63,2848,2,0.011986301369863013,0.2481052356477045,0.0034904013961605585,0.9500000000000001,0.8,0.5,0.1,75.0,70.0,20.0,0.15000000000000002,0.8,0.2,0.8,35.0,45.0,95.0,2176,816,1360,2176,0.625,1.8119296595603298,1.5,1.2079531063735531,600,0.7352941176470589,1.0,1
"iteration_1","SCOPE_DATA_COLLECTION",1500,58,3550.0,3619.2774347607415,0,9305,6086,2176,8995,6133,2180,3869,2549,838,5485,3577,1361,0.5863801582210819,0.5839046686255305,0.6189176898590268,0.5789022745739738,1.0904065582014617,1.8006662090104486,1.1578045491479476,1.0904065582014617,1.2004441393402991,0.6303954510209356,0.7159670459003531,0.7267303102625299,97.5,100.0,5429,1746,10392,104,2,10317,0.01915638239086388,0.001145475372279496,0.9927829099307159,0.15000000000000002,0.8,0.2,0.8,35.0,45.0,95.0,0.15000000000000002,0.7000000000000001,0.2,0.7000000000000001,25.0,35.0,95.0,7663,3120,4516,7636,0.5914091147197486,0.5695563574506584,0.5,1.1391127149013167,1890,0.6057692307692307,0.9964765757536213,0
"iteration_1","SCOPE_DATA_COLLECTION",1500,58,3550.0,3619.2774347607415,1,9305,6086,2176,8995,6133,2180,3869,2549,838,5485,3577,1361,0.5863801582210819,0.5839046686255305,0.6189176898590268,0.5789022745739738,1.0904065582014617,1.8006662090104486,1.1578045491479476,1.0904065582014617,1.2004441393402991,0.6303954510209356,0.7159670459003531,0.7267303102625299,97.5,100.0,5429,1746,10392,104,2,10317,0.01915638239086388,0.001145475372279496,0.9927829099307159,0.15000000000000002,0.8,0.2,0.8,35.0,45.0,95.0,0.15000000000000002,0.7000000000000001,0.2,0.7000000000000001,25.0,35.0,95.0,5189,2080,3080,5160,0.5968992248062015,1.0709856950496963,1.0,1.0709856950496963,1453,0.6985576923076923,0.9944112545769898,0
"iteration_1","SCOPE_DATA_COLLECTION",1500,58,3550.0,3619.2774347607415,2,9305,6086,2176,8995,6133,2180,3869,2549,838,5485,3577,1361,0.5863801582210819,0.5839046686255305,0.6189176898590268,0.5789022745739738,1.0904065582014617,1.8006662090104486,1.1578045491479476,1.0904065582014617,1.2004441393402991,0.6303954510209356,0.7159670459003531,0.7267303102625299,97.5,100.0,5429,1746,10392,104,2,10317,0.01915638239086388,0.001145475372279496,0.9927829099307159,0.15000000000000002,0.8,0.2,0.8,35.0,45.0,95.0,0.15000000000000002,0.7000000000000001,0.2,0.7000000000000001,25.0,35.0,95.0,1863,659,1174,1833,0.640480087288598,1.7927397856651333,1.5,1.1951598571100888,484,0.7344461305007587,0.9838969404186796,0
"iteration_1","SCOPE_DATA_COLLECTION",1600,0,70.0,130.0,0,9082,6125,2006,0,0,0,7951,5222,1640,1085,822,328,0.12007525453740593,0.13600264725347452,0.16666666666666666,0.3566752286307401,0.6818515522782284,1.0373624161043413,0.7133504572614802,0.6818515522782284,0.6915749440695609,0.3007168909571123,0.3339716583684412,0.3323170731707317,97.5,100.0,5461,6979,4773,163,6,2066,0.02984801318439846,8.597220232124946E-4,0.43285145610727005,0.6,0.5,0.7,0.4,85.0,80.0,90.0,0.25,0.1,0.6000000000000001,0.30000000000000004,85.0,20.0,80.0,9631,4559,5072,9631,0.5266327484165715,0.42232704379282054,0.5,0.8446540875856411,1976,0.4334283834174161,1.0,1
"iteration_1","SCOPE_DATA_COLLECTION",1600,0,70.0,130.0,1,9082,6125,2006,0,0,0,7951,5222,1640,1085,822,328,0.12007525453740593,0.13600264725347452,0.16666666666666666,0.3566752286307401,0.6818515522782284,1.0373624161043413,0.7133504572614802,0.6818515522782284,0.6915749440695609,0.3007168909571123,0.3339716583684412,0.3323170731707317,97.5,100.0,5461,6979,4773,163,6,2066,0.02984801318439846,8.597220232124946E-4,0.43285145610727005,0.6,0.5,0.7,0.4,85.0,80.0,90.0,0.25,0.1,0.6000000000000001,0.30000000000000004,85.0,20.0,80.0,6548,3014,3534,6548,0.5397067806963959,1.0330081351998937,1.0,1.0330081351998937,1851,0.6141340411413404,1.0,1
"iteration_1","SCOPE_DATA_COLLECTION",1600,0,70.0,130.0,2,9082,6125,2006,0,0,0,7951,5222,1640,1085,822,328,0.12007525453740593,0.13600264725347452,0.16666666666666666,0.3566752286307401,0.6818515522782284,1.0373624161043413,0.7133504572614802,0.6818515522782284,0.6915749440695609,0.3007168909571123,0.3339716583684412,0.3323170731707317,97.5,100.0,5461,6979,4773,163,6,2066,0.02984801318439846,8.597220232124946E-4,0.43285145610727005,0.6,0.5,0.7,0.4,85.0,80.0,90.0,0.25,0.1,0.6000000000000001,0.30000000000000004,85.0,20.0,80.0,2287,1040,1247,2287,0.545255793616091,1.5856191231875767,1.5,1.0570794154583845,651,0.6259615384615385,1.0,1
"iteration_1","SCOPE_DATA_COLLECTION",1600,1,130.0,190.0,0,9631,6548,2287,9082,6125,2006,4549,3029,1047,5078,3545,1253,0.5274748104290018,0.5392455126254944,0.5447826086956522,0.42084043475943367,1.0257950595084795,1.5874399326535835,0.8416808695188673,1.0257950595084795,1.0582932884357223,0.43064409760386896,0.6084516342027072,0.626552053486151,100.0,100.0,5576,3162,9728,123,2,9751,0.022058823529411766,6.325110689437065E-4,1.0023643092105263,0.25,0.1,0.6000000000000001,0.30000000000000004,85.0,20.0,80.0,0.45,0.7000000000000001,0.2,0.9,85.0,45.0,35.0,9909,6266,3643,9909,0.3676455747300434,0.4366232314532367,0.5,0.8732464629064735,2522,0.4024896265560166,1.0,1
"iteration_1","SCOPE_DATA_COLLECTION",1600,1,130.0,190.0,1,9631,6548,2287,9082,6125,2006,4549,3029,1047,5078,3545,1253,0.5274748104290018,0.5392455126254944,0.5447826086956522,0.42084043475943367,1.0257950595084795,1.5874399326535835,0.8416808695188673,1.0257950595084795,1.0582932884357223,0.43064409760386896,0.6084516342027072,0.626552053486151,100.0,100.0,5576,3162,9728,123,2,9751,0.022058823529411766,6.325110689437065E-4,1.0023643092105263,0.25,0.1,0.6000000000000001,0.30000000000000004,85.0,20.0,80.0,0.45,0.7000000000000001,0.2,0.9,85.0,45.0,35.0,6564,4122,2442,6564,0.3720292504570384,0.804219704392026,1.0,0.804219704392026,1855,0.4500242600679282,1.0,1
"iteration_1","SCOPE_DATA_COLLECTION",1600,1,130.0,190.0,2,9631,6548,2287,9082,6125,2006,4549,3029,1047,5078,3545,1253,0.5274748104290018,0.5392455126254944,0.5447826086956522,0.42084043475943367,1.0257950595084795,1.5874399326535835,0.8416808695188673,1.0257950595084795,1.0582932884357223,0.43064409760386896,0.6084516342027072,0.626552053486151,100.0,100.0,5576,3162,9728,123,2,9751,0.022058823529411766,6.325110689437065E-4,1.0023643092105263,0.25,0.1,0.6000000000000001,0.30000000000000004,85.0,20.0,80.0,0.45,0.7000000000000001,0.2,0.9,85.0,45.0,35.0,2260,1360,900,2260,0.39823008849557523,1.2981173073125427,1.5,0.8654115382083618,626,0.4602941176470588,1.0,1
"iteration_1","SCOPE_DATA_COLLECTION",1600,2,190.0,250.0,0,9909,6564,2260,9631,6548,2287,6284,4131,1357,3643,2442,900,0.3669789463080488,0.37151985394796894,0.3987594151528578,0.4371333443317268,0.8103921923978077,1.3006874733743092,0.8742666886634536,0.8103921923978077,0.8671249822495395,0.40372374283895607,0.4517066085693537,0.4613117170228445,97.5,100.0,5547,5878,7308,136,5,6844,0.024517757346313323,8.506294658046955E-4,0.9365079365079365,0.45,0.7000000000000001,0.2,0.9,85.0,45.0,35.0,0.45,0.7000000000000001,0.2,0.9,85.0,45.0,35.0,9668,5886,3782,9668,0.39118742242449317,0.41176308321962407,0.5,0.8235261664392481,2376,0.4036697247706422,1.0,1
"iteration_1","SCOPE_DATA_COLLECTION",1600,2,190.0,250.0,1,9909,6564,2260,9631,6548,2287,6284,4131,1357,3643,2442,900,0.3669789463080488,0.37151985394796894,0.3987594151528578,0.4371333443317268,0.8103921923978077,1.3006874733743092,0.8742666886634536,0.8103921923978077,0.8671249822495395,0.40372374283895607,0.4517066085693537,0.4613117170228445,97.5,100.0,5547,5878,7308,136,5,6844,0.024517757346313323,8.506294658046955E-4,0.9365079365079365,0.45,0.7000000000000001,0.2,0.9,85.0,45.0,35.0,0.45,0.7000000000000001,0.2,0.9,85.0,45.0,35.0,6554,3965,2589,6554,0.3950259383582545,0.7934850341412785,1.0,0.7934850341412785,1843,0.4648171500630517,1.0,1
"iteration_1","SCOPE_DATA_COLLECTION",1600,2,190.0,250.0,2,9909,6564,2260,9631,6548,2287,6284,4131,1357,3643,2442,900,0.3669789463080488,0.37151985394796894,0.3987594151528578,0.4371333443317268,0.8103921923978077,1.3006874733743092,0.8742666886634536,0.8103921923978077,0.8671249822495395,0.40372374283895607,0.4517066085693537,0.4613117170228445,97.5,100.0,5547,5878,7308,136,5,6844,0.024517757346313323,8.506294658046955E-4,0.9365079365079365,0.45,0.7000000000000001,0.2,0.9,85.0,45.0,35.0,0.45,0.7000000000000001,0.2,0.9,85.0,45.0,35.0,2250,1295,955,2250,0.42444444444444446,1.2800012775415728,1.5,0.8533341850277152,607,0.46872586872586874,1.0,1
"iteration_1","SCOPE_DATA_COLLECTION",1600,3,250.0,310.0,0,9668,6554,2250,9909,6564,2260,5871,3961,1290,3782,2589,955,0.3917952967989226,0.39526717557251906,0.42538975501113585,0.41101423359901723,0.7935763560322058,1.2713930875430013,0.8220284671980345,0.7935763560322058,0.8475953916953342,0.40197581331970705,0.4660439283009341,0.46434108527131784,97.5,100.0,5444,5809,7219,99,8,7219,0.018185157972079355,0.0013771733516956446,1.0,0.45,0.7000000000000001,0.2,0.9,85.0,45.0,35.0,0.4,0.30000000000000004,0.9,0.9,85.0,40.0,35.0,9772,5603,4169,9772,0.4266270978305362,0.4286247497322728,0.5,0.8572494994645457,2388,0.42620024986614313,1.0,1
"iteration_1","SCOPE_DATA_COLLECTION",1600,3,250.0,310.0,1,9668,6554,2250,9909,6564,2260,5871,3961,1290,3782,2589,955,0.3917952967989226,0.39526717557251906,0.42538975501113585,0.41101423359901723,0.7935763560322058,1.2713930875430013,0.8220284671980345,0.7935763560322058,0.8475953916953342,0.40197581331970705,0.4660439283009341,0.46434108527131784,97.5,100.0,5444,5809,7219,99,8,7219,0.018185157972079355,0.0013771733516956446,1.0,0.45,0.7000000000000001,0.2,0.9,85.0,45.0,35.0,0.4,0.30000000000000004,0.9,0.9,85.0,40.0,35.0,6738,3790,2948,6738,0.43751855149896113,0.9129157199566833,1.0,0.9129157199566833,1925,0.5079155672823219,1.0,1
"iteration_1","SCOPE_DATA_COLLECTION",1600,3,250.0,310.0,2,9668,6554,2250,9909,6564,2260,5871,3961,1290,3782,2589,955,0.3917952967989226,0.39526717557251906,0.42538975501113585,0.41101423359901723,0.7935763560322058,1.2713930875430013,0.8220284671980345,0.7935763560322058,0.8475953916953342,0.40197581331970705,0.4660439283009341,0.46434108527131784,97.5,100.0,5444,5809,7219,99,8,7219,0.018185157972079355,0.0013771733516956446,1.0,0.45,0.7000000000000001,0.2,0.9,85.0,45.0,35.0,0.4,0.30000000000000004,0.9,0.9,85.0,40.0,35.0,2218,1207,1011,2218,0.4558160504959423,1.3508077905976892,1.5,0.9005385270651262,592,0.4904722452361226,1.0,1
"iteration_1","SCOPE_DATA_COLLECTION",1600,4,310.0,370.0,0,9772,6738,2218,9668,6554,2250,5617,3784,1208,4169,2948,1011,0.4260167586347844,0.43790849673202614,0.455610635421361,0.4292933657785125,0.9076376462390432,1.351943726710746,0.858586731557025,0.9076376462390432,0.901295817807164,0.42763040769093824,0.5063424947145877,0.4925496688741722,100.0,100.0,5648,5169,7911,213,4,7911,0.03771246458923513,7.738440704198104E-4,1.0,0.4,0.30000000000000004,0.9,0.9,85.0,40.0,35.0,0.4,0.1,0.8,0.7000000000000001,85.0,20.0,40.0,9887,5806,4081,9887,0.41276423586527766,0.3983436556591536,0.5,0.7966873113183072,2309,0.39769204271443337,1.0,1
"iteration_1","SCOPE_DATA_COLLECTION",1600,4,310.0,370.0,1,9772,6738,2218,9668,6554,2250,5617,3784,1208,4169,2948,1011,0.4260167586347844,0.43790849673202614,0.455610635421361,0.4292933657785125,0.9076376462390432,1.351943726710746,0.858586731557025,0.9076376462390432,0.901295817807164,0.42763040769093824,0.5063424947145877,0.4925496688741722,100.0,100.0,5648,5169,7911,213,4,7911,0.03771246458923513,7.738440704198104E-4,1.0,0.4,0.30000000000000004,0.9,0.9,85.0,40.0,35.0,0.4,0.1,0.8,0.7000000000000001,85.0,20.0,40.0,6614,3803,2811,6614,0.42500755972180226,0.8818472333796212,1.0,0.8818472333796212,1889,0.4967131212200894,1.0,1
"iteration_1","SCOPE_DATA_COLLECTION",1600,4,310.0,370.0,2,9772,6738,2218,9668,6554,2250,5617,3784,1208,4169,2948,1011,0.4260167586347844,0.43790849673202614,0.455610635421361,0.4292933657785125,0.9076376462390432,1.351943726710746,0.858586731557025,0.9076376462390432,0.901295817807164,0.42763040769093824,0.5063424947145877,0.4925496688741722,100.0,100.0,5648,5169,7911,213,4,7911,0.03771246458923513,7.738440704198104E-4,1.0,0.4,0.30000000000000004,0.9,0.9,85.0,40.0,35.0,0.4,0.1,0.8,0.7000000000000001,85.0,20.0,40.0,2261,1225,1036,2261,0.4582043343653251,1.3868824861200273,1.5,0.9245883240800182,633,0.516734693877551,1.0,1
"iteration_1","SCOPE_DATA_COLLECTION",1600,5,370.0,430.0,0,9887,6614,2261,9772,6738,2218,5794,3809,1231,4081,2811,1036,0.4132658227848101,0.42462235649546826,0.4569916188795765,0.3969956714462407,0.8831747036675531,1.3878684631249225,0.7939913428924814,0.8831747036675531,0.9252456420832816,0.39644459785985503,0.49645576266736674,0.5166531275385865,100.0,100.0,5814,5194,7754,170,4,7754,0.029239766081871343,7.701193685021178E-4,1.0,0.4,0.1,0.8,0.7000000000000001,85.0,20.0,40.0,0.5,0.1,0.9,0.8,75.0,20.0,40.0,9531,6454,3077,9531,0.3228412548525863,0.3785153700694193,0.5,0.7570307401388386,2299,0.35621320111558724,1.0,1
"iteration_1","SCOPE_DATA_COLLECTION",1600,5,370.0,430.0,1,9887,6614,2261,9772,6738,2218,5794,3809,1231,4081,2811,1036,0.4132658227848101,0.42462235649546826,0.4569916188795765,0.3969956714462407,0.8831747036675531,1.3878684631249225,0.7939913428924814,0.8831747036675531,0.9252456420832816,0.39644459785985503,0.49645576266736674,0.5166531275385865,100.0,100.0,5814,5194,7754,170,4,7754,0.029239766081871343,7.701193685021178E-4,1.0,0.4,0.1,0.8,0.7000000000000001,85.0,20.0,40.0,0.5,0.1,0.9,0.8,75.0,20.0,40.0,6574,4336,2238,6574,0.34043200486766045,0.8484066707208066,1.0,0.8484066707208066,1982,0.45710332103321033,1.0,1
"iteration_1","SCOPE_DATA_COLLECTION",1600,5,370.0,430.0,2,9887,6614,2261,9772,6738,2218,5794,3809,1231,4081,2811,1036,0.4132658227848101,0.42462235649546826,0.4569916188795765,0.3969956714462407,0.8831747036675531,1.3878684631249225,0.7939913428924814,0.8831747036675531,0.9252456420832816,0.39644459785985503,0.49645576266736674,0.5166531275385865,100.0,100.0,5814,5194,7754,170,4,7754,0.029239766081871343,7.701193685021178E-4,1.0,0.4,0.1,0.8,0.7000000000000001,85.0,20.0,40.0,0.5,0.1,0.9,0.8,75.0,20.0,40.0,2282,1409,873,2282,0.3825591586327783,1.2200817596815479,1.5,0.8133878397876986,596,0.42299503193754434,1.0,1
"iteration_1","SCOPE_DATA_COLLECTION",1600,6,430.0,490.0,0,9531,6574,2282,9887,6614,2261,6459,4318,1408,3077,2238,873,0.3226719798657718,0.3413666870042709,0.3827268741779921,0.3791864181989302,0.8447362833573444,1.22235851115483,0.7583728363978604,0.8447362833573444,0.81490567410322,0.3573308561696857,0.4555349698934692,0.4240056818181818,97.5,100.0,5811,6255,6321,169,2,6017,0.029082774049217,3.19744204636291E-4,0.9519063439329221,0.5,0.1,0.9,0.8,75.0,20.0,40.0,0.6000000000000001,0.1,0.8,0.8,85.0,30.0,50.0,9670,7936,1734,9670,0.17931747673216133,0.34708255191769843,0.5,0.6941651038353969,2250,0.2835181451612903,1.0,1
"iteration_1","SCOPE_DATA_COLLECTION",1600,6,430.0,490.0,1,9531,6574,2282,9887,6614,2261,6459,4318,1408,3077,2238,873,0.3226719798657718,0.3413666870042709,0.3827268741779921,0.3791864181989302,0.8447362833573444,1.22235851115483,0.7583728363978604,0.8447362833573444,0.81490567410322,0.3573308561696857,0.4555349698934692,0.4240056818181818,97.5,100.0,5811,6255,6321,169,2,6017,0.029082774049217,3.19744204636291E-4,0.9519063439329221,0.5,0.1,0.9,0.8,75.0,20.0,40.0,0.6000000000000001,0.1,0.8,0.8,85.0,30.0,50.0,6422,5178,1244,6422,0.19370912488321396,0.7378733403783735,1.0,0.7378733403783735,1926,0.3719582850521437,1.0,1
"iteration_1","SCOPE_DATA_COLLECTION",1600,6,430.0,490.0,2,9531,6574,2282,9887,6614,2261,6459,4318,1408,3077,2238,873,0.3226719798657718,0.3413666870042709,0.3827268741779921,0.3791864181989302,0.8447362833573444,1.22235851115483,0.7583728363978604,0.8447362833573444,0.81490567410322,0.3573308561696857,0.4555349698934692,0.4240056818181818,97.5,100.0,5811,6255,6321,169,2,6017,0.029082774049217,3.19744204636291E-4,0.9519063439329221,0.5,0.1,0.9,0.8,75.0,20.0,40.0,0.6000000000000001,0.1,0.8,0.8,85.0,30.0,50.0,2185,1687,498,2185,0.22791762013729977,1.1297033160905776,1.5,0.7531355440603851,622,0.36870183758150565,1.0,1
"iteration_1","SCOPE_DATA_COLLECTION",1600,7,490.0,550.0,0,9670,6422,2185,9531,6574,2282,7921,5182,1683,1734,1244,498,0.17959606421543242,0.193588546529723,0.22833562585969738,0.3478833303168062,0.7426771784138075,1.126447275641098,0.6957666606336124,0.7426771784138075,0.7509648504273986,0.2835500568110087,0.37417985333847936,0.36779560308972076,100.0,100.0,5742,7480,5055,159,7,3310,0.027690700104493208,9.358288770053476E-4,0.6547972304648862,0.6000000000000001,0.1,0.8,0.8,85.0,30.0,50.0,0.6000000000000001,0.1,0.8,0.7000000000000001,75.0,30.0,50.0,9859,8122,1737,9859,0.1761841971802414,0.3735720452668694,0.5,0.7471440905337388,2374,0.2922925387835508,1.0,1
"iteration_1","SCOPE_DATA_COLLECTION",1600,7,490.0,550.0,1,9670,6422,2185,9531,6574,2282,7921,5182,1683,1734,1244,498,0.17959606421543242,0.193588546529723,0.22833562585969738,0.3478833303168062,0.7426771784138075,1.126447275641098,0.6957666606336124,0.7426771784138075,0.7509648504273986,0.2835500568110087,0.37417985333847936,0.36779560308972076,100.0,100.0,5742,7480,5055,159,7,3310,0.027690700104493208,9.358288770053476E-4,0.6547972304648862,0.6000000000000001,0.1,0.8,0.8,85.0,30.0,50.0,0.6000000000000001,0.1,0.8,0.7000000000000001,75.0,30.0,50.0,6723,5491,1232,6723,0.18325152461698646,0.7510230359791508,1.0,0.7510230359791508,2034,0.3704243307230013,1.0,1
"iteration_1","SCOPE_DATA_COLLECTION",1600,7,490.0,550.0,2,9670,6422,2185,9531,6574,2282,7921,5182,1683,1734,1244,498,0.17959606421543242,0.193588546529723,0.22833562585969738,0.3478833303168062,0.7426771784138075,1.126447275641098,0.6957666606336124,0.7426771784138075,0.7509648504273986,0.2835500568110087,0.37417985333847936,0.36779560308972076,100.0,100.0,5742,7480,5055,159,7,3310,0.027690700104493208,9.358288770053476E-4,0.6547972304648862,0.6000000000000001,0.1,0.8,0.8,85.0,30.0,50.0,0.6000000000000001,0.1,0.8,0.7000000000000001,75.0,30.0,50.0,2233,1765,468,2233,0.2095835199283475,1.0896252967137783,1.5,0.7264168644758522,617,0.3495750708215297,1.0,1
"iteration_1","SCOPE_DATA_COLLECTION",1600,8,550.0,610.0,0,9859,6723,2233,9670,6422,2185,8139,5499,1776,1737,1232,468,0.1758809234507898,0.18303372455801514,0.20855614973262032,0.3740736021756682,0.7493551373001202,1.097039508979397,0.7481472043513364,0.7493551373001202,0.7313596726529313,0.2934021378547733,0.36933987997817785,0.3519144144144144,100.0,100.0,5764,7815,5236,155,8,3274,0.026891047883414294,0.0010236724248240564,0.6252864782276547,0.6000000000000001,0.1,0.8,0.7000000000000001,75.0,30.0,50.0,0.6000000000000001,0.1,0.8,0.7000000000000001,75.0,30.0,50.0,9729,7883,1846,9729,0.1897420084284099,0.3366857062546692,0.5,0.6733714125093384,2221,0.2817455283521502,1.0,1
"iteration_1","SCOPE_DATA_COLLECTION",1600,8,550.0,610.0,1,9859,6723,2233,9670,6422,2185,8139,5499,1776,1737,1232,468,0.1758809234507898,0.18303372455801514,0.20855614973262032,0.3740736021756682,0.7493551373001202,1.097039508979397,0.7481472043513364,0.7493551373001202,0.7313596726529313,0.2934021378547733,0.36933987997817785,0.3519144144144144,100.0,100.0,5764,7815,5236,155,8,3274,0.026891047883414294,0.0010236724248240564,0.6252864782276547,0.6000000000000001,0.1,0.8,0.7000000000000001,75.0,30.0,50.0,0.6000000000000001,0.1,0.8,0.7000000000000001,75.0,30.0,50.0,6557,5155,1402,6557,0.21381729449443343,0.7551966163819365,1.0,0.7551966163819365,1967,0.3815712900096993,1.0,1
"iteration_1","SCOPE_DATA_COLLECTION",1600,8,550.0,610.0,2,9859,6723,2233,9670,6422,2185,8139,5499,1776,1737,1232,468,0.1758809234507898,0.18303372455801514,0.20855614973262032,0.3740736021756682,0.7493551373001202,1.097039508979397,0.7481472043513364,0.7493551373001202,0.7313596726529313,0.2934021378547733,0.36933987997817785,0.3519144144144144,100.0,100.0,5764,7815,5236,155,8,3274,0.026891047883414294,0.0010236724248240564,0.6252864782276547,0.6000000000000001,0.1,0.8,0.7000000000000001,75.0,30.0,50.0,0.6000000000000001,0.1,0.8,0.7000000000000001,75.0,30.0,50.0,2269,1751,518,2269,0.22829440282062582,1.1098521748036632,1.5,0.7399014498691088,646,0.36893203883495146,1.0,1
"iteration_1","SCOPE_DATA_COLLECTION",1600,9,610.0,670.0,0,9729,6557,2269,9859,6723,2233,7863,5120,1738,1846,1402,518,0.19013286641260685,0.21496473474394356,0.2296099290780142,0.3260478544631224,0.739882353016912,1.0914028505863251,0.6520957089262448,0.739882353016912,0.7276019003908835,0.2795370723642376,0.378125,0.36478711162255467,100.0,100.0,5690,7654,5211,149,6,3611,0.026186291739894552,7.839038411288215E-4,0.6929572059105737,0.6000000000000001,0.1,0.8,0.7000000000000001,75.0,30.0,50.0,0.5,0.1,0.9,0.7000000000000001,85.0,30.0,60.0,9646,6309,3337,9646,0.3459465063238648,0.3497965503325899,0.5,0.6995931006651798,2060,0.3265176731653194,1.0,1
"iteration_1","SCOPE_DATA_COLLECTION",1600,9,610.0,670.0,1,9729,6557,2269,9859,6723,2233,7863,5120,1738,1846,1402,518,0.19013286641260685,0.21496473474394356,0.2296099290780142,0.3260478544631224,0.739882353016912,1.0914028505863251,0.6520957089262448,0.739882353016912,0.7276019003908835,0.2795370723642376,0.378125,0.36478711162255467,100.0,100.0,5690,7654,5211,149,6,3611,0.026186291739894552,7.839038411288215E-4,0.6929572059105737,0.6000000000000001,0.1,0.8,0.7000000000000001,75.0,30.0,50.0,0.5,0.1,0.9,0.7000000000000001,85.0,30.0,60.0,6490,4259,2231,6490,0.34375963020030814,0.8339309305453055,1.0,0.8339309305453055,1949,0.4576191594270956,1.0,1
"iteration_1","SCOPE_DATA_COLLECTION",1600,9,610.0,670.0,2,9729,6557,2269,9859,6723,2233,7863,5120,1738,1846,1402,518,0.19013286641260685,0.21496473474394356,0.2296099290780142,0.3260478544631224,0.739882353016912,1.0914028505863251,0.6520957089262448,0.739882353016912,0.7276019003908835,0.2795370723642376,0.378125,0.36478711162255467,100.0,100.0,5690,7654,5211,149,6,3611,0.026186291739894552,7.839038411288215E-4,0.6929572059105737,0.6000000000000001,0.1,0.8,0.7000000000000001,75.0,30.0,50.0,0.5,0.1,0.9,0.7000000000000001,85.0,30.0,60.0,2246,1435,811,2246,0.36108637577916297,1.2307582412911142,1.5,0.8205054941940761,627,0.4369337979094077,1.0,1
"iteration_1","SCOPE_DATA_COLLECTION",1600,10,670.0,730.0,0,9646,6490,2246,9729,6557,2269,6340,4291,1444,3337,2231,811,0.34483827632530745,0.34207298374731676,0.3596452328159645,0.36289762311956925,0.8522941479029322,1.2510979149810557,0.7257952462391385,0.8522941479029322,0.8340652766540372,0.32902208201892746,0.4611978559776276,0.4425207756232687,100.0,100.0,5670,6394,6318,173,6,6200,0.03051146384479718,9.383797309978105E-4,0.9813232035454258,0.5,0.1,0.9,0.7000000000000001,85.0,30.0,60.0,0.05,0.2,0.6000000000000001,0.2,80.0,90.0,85.0,9891,3188,6703,9891,0.6776867859670408,0.6097936238353352,0.5,1.2195872476706704,2185,0.6853826850690088,1.0,1
"iteration_1","SCOPE_DATA_COLLECTION",1600,10,670.0,730.0,1,9646,6490,2246,9729,6557,2269,6340,4291,1444,3337,2231,811,0.34483827632530745,0.34207298374731676,0.3596452328159645,0.36289762311956925,0.8522941479029322,1.2510979149810557,0.7257952462391385,0.8522941479029322,0.8340652766540372,0.32902208201892746,0.4611978559776276,0.4425207756232687,100.0,100.0,5670,6394,6318,173,6,6200,0.03051146384479718,9.383797309978105E-4,0.9813232035454258,0.5,0.1,0.9,0.7000000000000001,85.0,30.0,60.0,0.05,0.2,0.6000000000000001,0.2,80.0,90.0,85.0,6559,2164,4395,6559,0.670071657264827,1.4371983027295647,1.0,1.4371983027295647,1912,0.8835489833641405,1.0,1
"iteration_1","SCOPE_DATA_COLLECTION",1600,10,670.0,730.0,2,9646,6490,2246,9729,6557,2269,6340,4291,1444,3337,2231,811,0.34483827632530745,0.34207298374731676,0.3596452328159645,0.36289762311956925,0.8522941479029322,1.2510979149810557,0.7257952462391385,0.8522941479029322,0.8340652766540372,0.32902208201892746,0.4611978559776276,0.4425207756232687,100.0,100.0,5670,6394,6318,173,6,6200,0.03051146384479718,9.383797309978105E-4,0.9813232035454258,0.5,0.1,0.9,0.7000000000000001,85.0,30.0,60.0,0.05,0.2,0.6000000000000001,0.2,80.0,90.0,85.0,2217,696,1521,2217,0.6860622462787551,2.0731044258409095,1.5,1.382069617227273,617,0.8864942528735632,1.0,1
"iteration_1","SCOPE_DATA_COLLECTION",1600,11,730.0,790.0,0,9891,6559,2217,9646,6490,2246,3190,2164,690,6703,4395,1521,0.6775497826746184,0.670071657264827,0.6879240162822252,0.6085801723493452,1.4292320073300002,2.0579443855528337,1.2171603446986905,1.4292320073300002,1.371962923701889,0.6836990595611285,0.8812384473197782,0.8768115942028986,100.0,100.0,5517,658,12492,127,0,12492,0.023019757114373755,0.0,1.0,0.05,0.2,0.6000000000000001,0.2,80.0,90.0,85.0,0.05,0.30000000000000004,0.6000000000000001,0.2,70.0,90.0,95.0,9677,3329,6348,9677,0.6559884261651339,0.6423675245089357,0.5,1.2847350490178715,2402,0.721537999399219,1.0,1
"iteration_1","SCOPE_DATA_COLLECTION",1600,11,730.0,790.0,1,9891,6559,2217,9646,6490,2246,3190,2164,690,6703,4395,1521,0.6775497826746184,0.670071657264827,0.6879240162822252,0.6085801723493452,1.4292320073300002,2.0579443855528337,1.2171603446986905,1.4292320073300002,1.371962923701889,0.6836990595611285,0.8812384473197782,0.8768115942028986,100.0,100.0,5517,658,12492,127,0,12492,0.023019757114373755,0.0,1.0,0.05,0.2,0.6000000000000001,0.2,80.0,90.0,85.0,0.05,0.30000000000000004,0.6000000000000001,0.2,70.0,90.0,95.0,6576,2093,4483,6576,0.6817214111922141,1.4021484569351295,1.0,1.4021484569351295,1831,0.8748208313425705,1.0,1
"iteration_1","SCOPE_DATA_COLLECTION",1600,11,730.0,790.0,2,9891,6559,2217,9646,6490,2246,3190,2164,690,6703,4395,1521,0.6775497826746184,0.670071657264827,0.6879240162822252,0.6085801723493452,1.4292320073300002,2.0579443855528337,1.2171603446986905,1.4292320073300002,1.371962923701889,0.6836990595611285,0.8812384473197782,0.8768115942028986,100.0,100.0,5517,658,12492,127,0,12492,0.023019757114373755,0.0,1.0,0.05,0.2,0.6000000000000001,0.2,80.0,90.0,85.0,0.05,0.30000000000000004,0.6000000000000001,0.2,70.0,90.0,95.0,2204,679,1525,2204,0.691923774954628,2.0868402428175465,1.5,1.391226828545031,596,0.8777614138438881,1.0,1
"iteration_1","SCOPE_DATA_COLLECTION",1600,12,790.0,850.0,0,9677,6576,2204,9891,6559,2217,3325,2099,679,6348,4483,1525,0.6562596919259795,0.681099969614099,0.691923774954628,0.6428930929523985,1.40645964935771,2.0926255174132957,1.285786185904797,1.40645964935771,1.3950836782755305,0.7224060150375939,0.875655073844688,0.8792341678939617,100.0,100.0,5573,648,12236,120,0,12236,0.02153238830073569,0.0,1.0,0.05,0.30000000000000004,0.6000000000000001,0.2,70.0,90.0,95.0,0.05,0.4,0.5,0.30000000000000004,60.0,95.0,85.0,9932,3315,6617,9932,0.6662303664921466,0.6677020603374714,0.5,1.3354041206749427,2477,0.747209653092006,1.0,1
"iteration_1","SCOPE_DATA_COLLECTION",1600,12,790.0,850.0,1,9677,6576,2204,9891,6559,2217,3325,2099,679,6348,4483,1525,0.6562596919259795,0.681099969614099,0.691923774954628,0.6428930929523985,1.40645964935771,2.0926255174132957,1.285786185904797,1.40645964935771,1.3950836782755305,0.7224060150375939,0.875655073844688,0.8792341678939617,100.0,100.0,5573,648,12236,120,0,12236,0.02153238830073569,0.0,1.0,0.05,0.30000000000000004,0.6000000000000001,0.2,70.0,90.0,95.0,0.05,0.4,0.5,0.30000000000000004,60.0,95.0,85.0,6560,2094,4466,6560,0.6807926829268293,1.3829252830373029,1.0,1.3829252830373029,1819,0.8686723973256925,1.0,1
"iteration_1","SCOPE_DATA_COLLECTION",1600,12,790.0,850.0,2,9677,6576,2204,9891,6559,2217,3325,2099,679,6348,4483,1525,0.6562596919259795,0.681099969614099,0.691923774954628,0.6428930929523985,1.40645964935771,2.0926255174132957,1.285786185904797,1.40645964935771,1.3950836782755305,0.7224060150375939,0.875655073844688,0.8792341678939617,100.0,100.0,5573,648,12236,120,0,12236,0.02153238830073569,0.0,1.0,0.05,0.30000000000000004,0.6000000000000001,0.2,70.0,90.0,95.0,0.05,0.4,0.5,0.30000000000000004,60.0,95.0,85.0,2351,685,1666,2351,0.7086346235644406,2.1342415337510197,1.5,1.4228276891673464,616,0.8992700729927007,1.0,1
"iteration_1","SCOPE_DATA_COLLECTION",1600,13,850.0,910.0,0,9932,6560,2351,9677,6576,2204,3318,2092,700,6617,4466,1666,0.6660291897332662,0.6810003049710277,0.7041420118343196,0.6668846625403511,1.3831139249644135,2.1315499527351127,1.3337693250807021,1.3831139249644135,1.4210333018234085,0.7468354430379747,0.8680688336520076,0.9,97.5,100.0,5558,695,12590,158,1,12590,0.028427491903562432,0.0014388489208633094,1.0,0.05,0.4,0.5,0.30000000000000004,60.0,95.0,85.0,0.05,0.4,0.5,0.30000000000000004,60.0,95.0,85.0,9554,3150,6404,9554,0.6702951643290769,0.6580014733427515,0.5,1.316002946685503,2320,0.7365079365079366,1.0,1
"iteration_1","SCOPE_DATA_COLLECTION",1600,13,850.0,910.0,1,9932,6560,2351,9677,6576,2204,3318,2092,700,6617,4466,1666,0.6660291897332662,0.6810003049710277,0.7041420118343196,0.6668846625403511,1.3831139249644135,2.1315499527351127,1.3337693250807021,1.3831139249644135,1.4210333018234085,0.7468354430379747,0.8680688336520076,0.9,97.5,100.0,5558,695,12590,158,1,12590,0.028427491903562432,0.0014388489208633094,1.0,0.05,0.4,0.5,0.30000000000000004,60.0,95.0,85.0,0.05,0.4,0.5,0.30000000000000004,60.0,95.0,85.0,6656,2101,4555,6656,0.6843449519230769,1.40797141281254,1.0,1.40797141281254,1828,0.8700618752974774,1.0,1
"iteration_1","SCOPE_DATA_COLLECTION",1600,13,850.0,910.0,2,9932,6560,2351,9677,6576,2204,3318,2092,700,6617,4466,1666,0.6660291897332662,0.6810003049710277,0.7041420118343196,0.6668846625403511,1.3831139249644135,2.1315499527351127,1.3337693250807021,1.3831139249644135,1.4210333018234085,0.7468354430379747,0.8680688336520076,0.9,97.5,100.0,5558,695,12590,158,1,12590,0.028427491903562432,0.0014388489208633094,1.0,0.05,0.4,0.5,0.30000000000000004,60.0,95.0,85.0,0.05,0.4,0.5,0.30000000000000004,60.0,95.0,85.0,2238,702,1536,2238,0.6863270777479893,2.126797032866303,1.5,1.4178646885775352,628,0.8945868945868946,1.0,1
"iteration_1","SCOPE_DATA_COLLECTION",1600,14,910.0,970.0,0,9554,6656,2238,9932,6560,2351,3139,2107,694,6404,4555,1536,0.6710677983862517,0.6837286100270189,0.6887892376681615,0.6566176450998978,1.4047986247882884,2.1269884901400173,1.3132352901997957,1.4047986247882884,1.4179923267600116,0.7343102899012425,0.8694826767916469,0.8933717579250721,100.0,100.0,5466,636,12346,148,1,12346,0.02707647274057812,0.0015723270440251573,1.0,0.05,0.4,0.5,0.30000000000000004,60.0,95.0,85.0,0.15000000000000002,0.5,0.4,0.2,50.0,85.0,85.0,9661,3867,5794,9661,0.5997308767208364,0.5723801364293234,0.5,1.1447602728586468,2364,0.6113266097750194,1.0,1
"iteration_1","SCOPE_DATA_COLLECTION",1600,14,910.0,970.0,1,9554,6656,2238,9932,6560,2351,3139,2107,694,6404,4555,1536,0.6710677983862517,0.6837286100270189,0.6887892376681615,0.6566176450998978,1.4047986247882884,2.1269884901400173,1.3132352901997957,1.4047986247882884,1.4179923267600116,0.7343102899012425,0.8694826767916469,0.8933717579250721,100.0,100.0,5466,636,12346,148,1,12346,0.02707647274057812,0.0015723270440251573,1.0,0.05,0.4,0.5,0.30000000000000004,60.0,95.0,85.0,0.15000000000000002,0.5,0.4,0.2,50.0,85.0,85.0,6718,2606,4112,6718,0.6120869306341173,1.1687230003010394,1.0,1.1687230003010394,1839,0.7056792018419032,1.0,1
"iteration_1","SCOPE_DATA_COLLECTION",1600,14,910.0,970.0,2,9554,6656,2238,9932,6560,2351,3139,2107,694,6404,4555,1536,0.6710677983862517,0.6837286100270189,0.6887892376681615,0.6566176450998978,1.4047986247882884,2.1269884901400173,1.3132352901997957,1.4047986247882884,1.4179923267600116,0.7343102899012425,0.8694826767916469,0.8933717579250721,100.0,100.0,5466,636,12346,148,1,12346,0.02707647274057812,0.0015723270440251573,1.0,0.05,0.4,0.5,0.30000000000000004,60.0,95.0,85.0,0.15000000000000002,0.5,0.4,0.2,50.0,85.0,85.0,2262,841,1421,2262,0.6282051282051282,1.785226134880025,1.5,1.1901507565866833,615,0.7312722948870393,1.0,1
"iteration_1","SCOPE_DATA_COLLECTION",1600,15,970.0,1030.0,0,9661,6718,2262,9554,6656,2238,3865,2609,841,5794,4112,1421,0.5998550574593643,0.6118137181966969,0.6282051282051282,0.5735541017564033,1.1733537119578685,1.789572451769809,1.1471082035128066,1.1733537119578685,1.1930483011798727,0.6126778783958603,0.7079340743579916,0.7336504161712247,100.0,100.0,5423,2005,11213,113,1,11213,0.020837174995390007,4.987531172069825E-4,1.0,0.15000000000000002,0.5,0.4,0.2,50.0,85.0,85.0,0.05,0.9,0.5,0.8,75.0,25.0,65.0,9705,3240,6465,9705,0.6661514683153014,0.693224090134752,0.5,1.386448180269504,2464,0.7604938271604939,1.0,1
"iteration_1","SCOPE_DATA_COLLECTION",1600,15,970.0,1030.0,1,9661,6718,2262,9554,6656,2238,3865,2609,841,5794,4112,1421,0.5998550574593643,0.6118137181966969,0.6282051282051282,0.5735541017564033,1.1733537119578685,1.789572451769809,1.1471082035128066,1.1733537119578685,1.1930483011798727,0.6126778783958603,0.7079340743579916,0.7336504161712247,100.0,100.0,5423,2005,11213,113,1,11213,0.020837174995390007,4.987531172069825E-4,1.0,0.15000000000000002,0.5,0.4,0.2,50.0,85.0,85.0,0.05,0.9,0.5,0.8,75.0,25.0,65.0,6627,2134,4493,6627,0.677984004828731,1.3959678437651137,1.0,1.3959678437651137,1855,0.8692596063730085,1.0,1
"iteration_1","SCOPE_DATA_COLLECTION",1600,15,970.0,1030.0,2,9661,6718,2262,9554,6656,2238,3865,2609,841,5794,4112,1421,0.5998550574593643,0.6118137181966969,0.6282051282051282,0.5735541017564033,1.1733537119578685,1.789572451769809,1.1471082035128066,1.1733537119578685,1.1930483011798727,0.6126778783958603,0.7079340743579916,0.7336504161712247,100.0,100.0,5423,2005,11213,113,1,11213,0.020837174995390007,4.987531172069825E-4,1.0,0.15000000000000002,0.5,0.4,0.2,50.0,85.0,85.0,0.05,0.9,0.5,0.8,75.0,25.0,65.0,2204,691,1513,2204,0.6864791288566243,2.151760226978645,1.5,1.4345068179857634,608,0.8798842257597684,1.0,1
"iteration_1","SCOPE_DATA_COLLECTION",1600,16,1030.0,1090.0,0,9705,6627,2204,9661,6718,2262,3244,2135,693,6465,4493,1512,0.6658770213204244,0.677881713940857,0.6857142857142857,0.6928388100574443,1.394233565786946,2.1479954139480593,1.3856776201148886,1.394233565786946,1.4319969426320396,0.7601726263871763,0.8679156908665105,0.8773448773448773,97.5,100.0,5585,667,12284,186,0,12284,0.033303491495076096,0.0,1.0,0.05,0.9,0.5,0.8,75.0,25.0,65.0,0.05,0.8,0.5,0.7000000000000001,65.0,20.0,65.0,9822,3288,6534,9822,0.6652412950519242,0.6997039321893036,0.5,1.3994078643786072,2513,0.764294403892944,1.0,1
"iteration_1","SCOPE_DATA_COLLECTION",1600,16,1030.0,1090.0,1,9705,6627,2204,9661,6718,2262,3244,2135,693,6465,4493,1512,0.6658770213204244,0.677881713940857,0.6857142857142857,0.6928388100574443,1.394233565786946,2.1479954139480593,1.3856776201148886,1.394233565786946,1.4319969426320396,0.7601726263871763,0.8679156908665105,0.8773448773448773,97.5,100.0,5585,667,12284,186,0,12284,0.033303491495076096,0.0,1.0,0.05,0.9,0.5,0.8,75.0,25.0,65.0,0.05,0.8,0.5,0.7000000000000001,65.0,20.0,65.0,6557,2129,4428,6557,0.6753088302577398,1.4188396063584254,1.0,1.4188396063584254,1866,0.8764678252700798,1.0,1
"iteration_1","SCOPE_DATA_COLLECTION",1600,16,1030.0,1090.0,2,9705,6627,2204,9661,6718,2262,3244,2135,693,6465,4493,1512,0.6658770213204244,0.677881713940857,0.6857142857142857,0.6928388100574443,1.394233565786946,2.1479954139480593,1.3856776201148886,1.394233565786946,1.4319969426320396,0.7601726263871763,0.8679156908665105,0.8773448773448773,97.5,100.0,5585,667,12284,186,0,12284,0.033303491495076096,0.0,1.0,0.05,0.9,0.5,0.8,75.0,25.0,65.0,0.05,0.8,0.5,0.7000000000000001,65.0,20.0,65.0,2272,692,1580,2272,0.6954225352112676,2.1639155534257077,1.5,1.442610368950472,615,0.888728323699422,1.0,1
"iteration_1","SCOPE_DATA_COLLECTION",1600,17,1090.0,1150.0,0,9822,6557,2272,9705,6627,2204,3287,2108,692,6534,4428,1581,0.6653090316668364,0.6774785801713586,0.6955565332160141,0.6983379922237697,1.4146415840582693,2.155446563720175,1.3966759844475394,1.4146415840582693,1.43696437581345,0.7630057803468208,0.8742884250474383,0.888728323699422,100.0,100.0,5676,633,12342,200,1,12342,0.035236081747709654,0.001579778830963665,1.0,0.05,0.8,0.5,0.7000000000000001,65.0,20.0,65.0,0.15000000000000002,0.8,0.6000000000000001,0.7000000000000001,65.0,20.0,55.0,9716,3880,5836,9716,0.6006587072869494,0.5954176833940139,0.5,1.1908353667880278,2404,0.6195876288659794,1.0,1
"iteration_1","SCOPE_DATA_COLLECTION",1600,17,1090.0,1150.0,1,9822,6557,2272,9705,6627,2204,3287,2108,692,6534,4428,1581,0.6653090316668364,0.6774785801713586,0.6955565332160141,0.6983379922237697,1.4146415840582693,2.155446563720175,1.3966759844475394,1.4146415840582693,1.43696437581345,0.7630057803468208,0.8742884250474383,0.888728323699422,100.0,100.0,5676,633,12342,200,1,12342,0.035236081747709654,0.001579778830963665,1.0,0.05,0.8,0.5,0.7000000000000001,65.0,20.0,65.0,0.15000000000000002,0.8,0.6000000000000001,0.7000000000000001,65.0,20.0,55.0,6714,2681,4033,6714,0.6006851355376824,1.206712664449144,1.0,1.206712664449144,1890,0.7049608355091384,1.0,1
"iteration_1","SCOPE_DATA_COLLECTION",1600,17,1090.0,1150.0,2,9822,6557,2272,9705,6627,2204,3287,2108,692,6534,4428,1581,0.6653090316668364,0.6774785801713586,0.6955565332160141,0.6983379922237697,1.4146415840582693,2.155446563720175,1.3966759844475394,1.4146415840582693,1.43696437581345,0.7630057803468208,0.8742884250474383,0.888728323699422,100.0,100.0,5676,633,12342,200,1,12342,0.035236081747709654,0.001579778830963665,1.0,0.05,0.8,0.5,0.7000000000000001,65.0,20.0,65.0,0.15000000000000002,0.8,0.6000000000000001,0.7000000000000001,65.0,20.0,55.0,2266,840,1426,2266,0.6293027360988526,1.8439472151626046,1.5,1.2292981434417365,614,0.7309523809523809,1.0,1
"iteration_1","SCOPE_DATA_COLLECTION",1600,18,1150.0,1210.0,0,9716,6714,2266,9822,6557,2272,3870,2697,838,5836,4033,1426,0.6012775602719967,0.5992570579494799,0.6298586572438163,0.5956069549477425,1.2112883986496978,1.8451861433599692,1.191213909895485,1.2112883986496978,1.2301240955733128,0.6196382428940569,0.7074527252502781,0.7303102625298329,97.5,100.0,5609,2013,11074,221,0,11074,0.03940096273845605,0.0,1.0,0.15000000000000002,0.8,0.6000000000000001,0.7000000000000001,65.0,20.0,55.0,0.05,0.9,0.7000000000000001,0.6000000000000001,55.0,20.0,65.0,10096,3353,6743,10096,0.6678882725832013,0.6979151321142307,0.5,1.3958302642284615,2536,0.7563376081121383,1.0,1
"iteration_1","SCOPE_DATA_COLLECTION",1600,18,1150.0,1210.0,1,9716,6714,2266,9822,6557,2272,3870,2697,838,5836,4033,1426,0.6012775602719967,0.5992570579494799,0.6298586572438163,0.5956069549477425,1.2112883986496978,1.8451861433599692,1.191213909895485,1.2112883986496978,1.2301240955733128,0.6196382428940569,0.7074527252502781,0.7303102625298329,97.5,100.0,5609,2013,11074,221,0,11074,0.03940096273845605,0.0,1.0,0.15000000000000002,0.8,0.6000000000000001,0.7000000000000001,65.0,20.0,55.0,0.05,0.9,0.7000000000000001,0.6000000000000001,55.0,20.0,65.0,6622,2074,4548,6622,0.6868015705225008,1.4208302997472328,1.0,1.4208302997472328,1818,0.8765670202507232,1.0,1
"iteration_1","SCOPE_DATA_COLLECTION",1600,18,1150.0,1210.0,2,9716,6714,2266,9822,6557,2272,3870,2697,838,5836,4033,1426,0.6012775602719967,0.5992570579494799,0.6298586572438163,0.5956069549477425,1.2112883986496978,1.8451861433599692,1.191213909895485,1.2112883986496978,1.2301240955733128,0.6196382428940569,0.7074527252502781,0.7303102625298329,97.5,100.0,5609,2013,11074,221,0,11074,0.03940096273845605,0.0,1.0,0.15000000000000002,0.8,0.6000000000000001,0.7000000000000001,65.0,20.0,55.0,0.05,0.9,0.7000000000000001,0.6000000000000001,55.0,20.0,65.0,2275,674,1601,2275,0.7037362637362637,2.1678258931749017,1.5,1.445217262116601,603,0.8946587537091988,1.0,1
"iteration_1","SCOPE_DATA_COLLECTION",1600,19,1210.0,1270.0,0,10096,6622,2275,9716,6714,2266,3383,2088,668,6743,4548,1601,0.6659095397985384,0.6853526220614828,0.7055971793741737,0.6989528560821942,1.4201105753138432,2.1701841865279654,1.3979057121643883,1.4201105753138432,1.4467894576853102,0.7576115873485072,0.8773946360153256,0.8937125748502994,100.0,100.0,5692,612,12689,203,0,12689,0.03566408995080815,0.0,1.0,0.05,0.9,0.7000000000000001,0.6000000000000001,55.0,20.0,65.0,0.2,0.2,0.9,0.4,65.0,70.0,75.0,9663,4153,5510,9663,0.5702162889371831,0.4835888257020815,0.5,0.967177651404163,2183,0.525644112689622,1.0,1
"iteration_1","SCOPE_DATA_COLLECTION",1600,19,1210.0,1270.0,1,10096,6622,2275,9716,6714,2266,3383,2088,668,6743,4548,1601,0.6659095397985384,0.6853526220614828,0.7055971793741737,0.6989528560821942,1.4201105753138432,2.1701841865279654,1.3979057121643883,1.4201105753138432,1.4467894576853102,0.7576115873485072,0.8773946360153256,0.8937125748502994,100.0,100.0,5692,612,12689,203,0,12689,0.03566408995080815,0.0,1.0,0.05,0.9,0.7000000000000001,0.6000000000000001,55.0,20.0,65.0,0.2,0.2,0.9,0.4,65.0,70.0,75.0,6598,2879,3719,6598,0.563655653228251,1.1220234443912038,1.0,1.1220234443912038,1922,0.6675929142063216,1.0,1
"iteration_1","SCOPE_DATA_COLLECTION",1600,19,1210.0,1270.0,2,10096,6622,2275,9716,6714,2266,3383,2088,668,6743,4548,1601,0.6659095397985384,0.6853526220614828,0.7055971793741737,0.6989528560821942,1.4201105753138432,2.1701841865279654,1.3979057121643883,1.4201105753138432,1.4467894576853102,0.7576115873485072,0.8773946360153256,0.8937125748502994,100.0,100.0,5692,612,12689,203,0,12689,0.03566408995080815,0.0,1.0,0.05,0.9,0.7000000000000001,0.6000000000000001,55.0,20.0,65.0,0.2,0.2,0.9,0.4,65.0,70.0,75.0,2251,923,1328,2251,0.58996001776988,1.6689305711478115,1.5,1.1126203807652078,612,0.6630552546045504,1.0,1
"iteration_1","SCOPE_DATA_COLLECTION",1600,20,1270.0,1330.0,0,9663,6598,2251,10096,6622,2275,4130,2863,925,5510,3719,1328,0.5715767634854771,0.5650258280158007,0.5894363071460276,0.483478998915591,1.1220537863496818,1.6790458376750104,0.966957997831182,1.1220537863496818,1.1193638917833402,0.5256658595641647,0.6664338106880894,0.6691891891891892,100.0,100.0,5578,2526,10408,148,1,10408,0.026532807457870206,3.95882818685669E-4,1.0,0.2,0.2,0.9,0.4,65.0,70.0,75.0,0.30000000000000004,0.9,0.4,0.6000000000000001,40.0,80.0,95.0,10024,4912,5112,10024,0.509976057462091,0.4860706788813067,0.5,0.9721413577626133,2401,0.48880293159609123,1.0,1
"iteration_1","SCOPE_DATA_COLLECTION",1600,20,1270.0,1330.0,1,9663,6598,2251,10096,6622,2275,4130,2863,925,5510,3719,1328,0.5715767634854771,0.5650258280158007,0.5894363071460276,0.483478998915591,1.1220537863496818,1.6790458376750104,0.966957997831182,1.1220537863496818,1.1193638917833402,0.5256658595641647,0.6664338106880894,0.6691891891891892,100.0,100.0,5578,2526,10408,148,1,10408,0.026532807457870206,3.95882818685669E-4,1.0,0.2,0.2,0.9,0.4,65.0,70.0,75.0,0.30000000000000004,0.9,0.4,0.6000000000000001,40.0,80.0,95.0,6666,3348,3318,6666,0.4977497749774977,0.9726828037495426,1.0,0.9726828037495426,1882,0.562126642771804,1.0,1
"iteration_1","SCOPE_DATA_COLLECTION",1600,20,1270.0,1330.0,2,9663,6598,2251,10096,6622,2275,4130,2863,925,5510,3719,1328,0.5715767634854771,0.5650258280158007,0.5894363071460276,0.483478998915591,1.1220537863496818,1.6790458376750104,0.966957997831182,1.1220537863496818,1.1193638917833402,0.5256658595641647,0.6664338106880894,0.6691891891891892,100.0,100.0,5578,2526,10408,148,1,10408,0.026532807457870206,3.95882818685669E-4,1.0,0.2,0.2,0.9,0.4,65.0,70.0,75.0,0.30000000000000004,0.9,0.4,0.6000000000000001,40.0,80.0,95.0,2345,1120,1225,2345,0.5223880597014925,1.4612212238665248,1.5,0.9741474825776831,614,0.5482142857142858,1.0,1
"iteration_1","SCOPE_DATA_COLLECTION",1600,21,1330.0,1390.0,0,10024,6666,2345,9663,6598,2251,4904,3345,1117,5112,3317,1225,0.5103833865814696,0.4978985289702792,0.5230572160546542,0.48315368864045355,0.9700291847227254,1.4532422857559326,0.9663073772809071,0.9700291847227254,0.9688281905039551,0.48674551386623166,0.5620328849028401,0.5443151298119964,100.0,100.0,5590,3984,9461,190,3,9461,0.03398926654740608,7.530120481927711E-4,1.0,0.30000000000000004,0.9,0.4,0.6000000000000001,40.0,80.0,95.0,0.2,0.9,0.5,0.7000000000000001,50.0,80.0,95.0,9647,4242,5405,9647,0.5602778065719913,0.5395770964821127,0.5,1.0791541929642254,2393,0.5641206977840642,1.0,1
"iteration_1","SCOPE_DATA_COLLECTION",1600,21,1330.0,1390.0,1,10024,6666,2345,9663,6598,2251,4904,3345,1117,5112,3317,1225,0.5103833865814696,0.4978985289702792,0.5230572160546542,0.48315368864045355,0.9700291847227254,1.4532422857559326,0.9663073772809071,0.9700291847227254,0.9688281905039551,0.48674551386623166,0.5620328849028401,0.5443151298119964,100.0,100.0,5590,3984,9461,190,3,9461,0.03398926654740608,7.530120481927711E-4,1.0,0.30000000000000004,0.9,0.4,0.6000000000000001,40.0,80.0,95.0,0.2,0.9,0.5,0.7000000000000001,50.0,80.0,95.0,6732,2842,3890,6732,0.5778371954842543,1.0918623467152726,1.0,1.0918623467152726,1866,0.6565798733286418,1.0,1
"iteration_1","SCOPE_DATA_COLLECTION",1600,21,1330.0,1390.0,2,10024,6666,2345,9663,6598,2251,4904,3345,1117,5112,3317,1225,0.5103833865814696,0.4978985289702792,0.5230572160546542,0.48315368864045355,0.9700291847227254,1.4532422857559326,0.9663073772809071,0.9700291847227254,0.9688281905039551,0.48674551386623166,0.5620328849028401,0.5443151298119964,100.0,100.0,5590,3984,9461,190,3,9461,0.03398926654740608,7.530120481927711E-4,1.0,0.30000000000000004,0.9,0.4,0.6000000000000001,40.0,80.0,95.0,0.2,0.9,0.5,0.7000000000000001,50.0,80.0,95.0,2351,956,1395,2351,0.5933645257337303,1.6165763509013031,1.5,1.0777175672675354,601,0.6286610878661087,1.0,1
"iteration_1","SCOPE_DATA_COLLECTION",1600,22,1390.0,1450.0,0,9647,6732,2351,10024,6666,2345,4243,2852,961,5404,3891,1395,0.5601741474033378,0.5770428592614564,0.5921052631578947,0.5409198473705047,1.0955330260136638,1.6199841424038972,1.0818396947410094,1.0955330260136638,1.0799894282692648,0.5642234268206457,0.6577840112201964,0.6295525494276795,100.0,100.0,5557,2651,10522,167,1,10522,0.0300521864315278,3.772161448509996E-4,1.0,0.2,0.9,0.5,0.7000000000000001,50.0,80.0,95.0,0.1,0.9,0.5,0.6000000000000001,40.0,90.0,95.0,9653,3509,6144,9653,0.6364860665078214,0.6198441322773337,0.5,1.2396882645546674,2284,0.6508976916500427,1.0,1
"iteration_1","SCOPE_DATA_COLLECTION",1600,22,1390.0,1450.0,1,9647,6732,2351,10024,6666,2345,4243,2852,961,5404,3891,1395,0.5601741474033378,0.5770428592614564,0.5921052631578947,0.5409198473705047,1.0955330260136638,1.6199841424038972,1.0818396947410094,1.0955330260136638,1.0799894282692648,0.5642234268206457,0.6577840112201964,0.6295525494276795,100.0,100.0,5557,2651,10522,167,1,10522,0.0300521864315278,3.772161448509996E-4,1.0,0.2,0.9,0.5,0.7000000000000001,50.0,80.0,95.0,0.1,0.9,0.5,0.6000000000000001,40.0,90.0,95.0,6584,2278,4306,6584,0.6540097205346294,1.2469878930728797,1.0,1.2469878930728797,1751,0.7686567164179104,1.0,1
"iteration_1","SCOPE_DATA_COLLECTION",1600,22,1390.0,1450.0,2,9647,6732,2351,10024,6666,2345,4243,2852,961,5404,3891,1395,0.5601741474033378,0.5770428592614564,0.5921052631578947,0.5409198473705047,1.0955330260136638,1.6199841424038972,1.0818396947410094,1.0955330260136638,1.0799894282692648,0.5642234268206457,0.6577840112201964,0.6295525494276795,100.0,100.0,5557,2651,10522,167,1,10522,0.0300521864315278,3.772161448509996E-4,1.0,0.2,0.9,0.5,0.7000000000000001,50.0,80.0,95.0,0.1,0.9,0.5,0.6000000000000001,40.0,90.0,95.0,2326,825,1501,2326,0.6453138435081686,1.9873619751758969,1.5,1.324907983450598,672,0.8145454545454546,1.0,1
"iteration_1","SCOPE_DATA_COLLECTION",1600,23,1450.0,1510.0,0,9653,6584,2326,9647,6732,2351,3513,2272,821,6145,4306,1501,0.6362600952578173,0.6546062633019155,0.6464254952627045,0.6198308275165811,1.2436704385325081,1.9820624322675666,1.2396616550331623,1.2436704385325081,1.3213749548450444,0.6512951892968972,0.7680457746478874,0.8124238733252132,100.0,100.0,5490,1323,11750,202,0,11750,0.036794171220400726,0.0,1.0,0.1,0.9,0.5,0.6000000000000001,40.0,90.0,95.0,0.2,0.8,0.7000000000000001,0.1,95.0,20.0,90.0,9678,4160,5518,9678,0.5701591237859062,0.5467147021243488,0.5,1.0934294042486976,2384,0.573076923076923,1.0,1
"iteration_1","SCOPE_DATA_COLLECTION",1600,23,1450.0,1510.0,1,9653,6584,2326,9647,6732,2351,3513,2272,821,6145,4306,1501,0.6362600952578173,0.6546062633019155,0.6464254952627045,0.6198308275165811,1.2436704385325081,1.9820624322675666,1.2396616550331623,1.2436704385325081,1.3213749548450444,0.6512951892968972,0.7680457746478874,0.8124238733252132,100.0,100.0,5490,1323,11750,202,0,11750,0.036794171220400726,0.0,1.0,0.1,0.9,0.5,0.6000000000000001,40.0,90.0,95.0,0.2,0.8,0.7000000000000001,0.1,95.0,20.0,90.0,6634,2806,3828,6634,0.5770274344287006,1.1045188519216345,1.0,1.1045188519216345,1825,0.650392017106201,1.0,1
"iteration_1","SCOPE_DATA_COLLECTION",1600,23,1450.0,1510.0,2,9653,6584,2326,9647,6732,2351,3513,2272,821,6145,4306,1501,0.6362600952578173,0.6546062633019155,0.6464254952627045,0.6198308275165811,1.2436704385325081,1.9820624322675666,1.2396616550331623,1.2436704385325081,1.3213749548450444,0.6512951892968972,0.7680457746478874,0.8124238733252132,100.0,100.0,5490,1323,11750,202,0,11750,0.036794171220400726,0.0,1.0,0.1,0.9,0.5,0.6000000000000001,40.0,90.0,95.0,0.2,0.8,0.7000000000000001,0.1,95.0,20.0,90.0,2283,996,1287,2283,0.5637319316688568,1.5476113398523967,1.5,1.0317408932349312,639,0.641566265060241,1.0,1
"iteration_1","SCOPE_DATA_COLLECTION",1600,24,1510.0,1570.0,0,9678,6634,2283,9653,6584,2326,4151,2805,1000,5518,3828,1287,0.5706898334884682,0.5771144278606966,0.5627459554000874,0.5455793490695151,1.1022184549740057,1.5601397726518191,1.0911586981390302,1.1022184549740057,1.0400931817678793,0.5721512888460611,0.6499108734402852,0.645,100.0,100.0,5347,2706,10542,89,2,10542,0.016644847578081167,7.390983000739098E-4,1.0,0.2,0.8,0.7000000000000001,0.1,95.0,20.0,90.0,0.55,0.6000000000000001,0.5,0.6000000000000001,55.0,85.0,35.0,9867,6880,2987,9867,0.3027262592479984,0.414168375759832,0.5,0.828336751519664,2508,0.36453488372093024,1.0,1
"iteration_1","SCOPE_DATA_COLLECTION",1600,24,1510.0,1570.0,1,9678,6634,2283,9653,6584,2326,4151,2805,1000,5518,3828,1287,0.5706898334884682,0.5771144278606966,0.5627459554000874,0.5455793490695151,1.1022184549740057,1.5601397726518191,1.0911586981390302,1.1022184549740057,1.0400931817678793,0.5721512888460611,0.6499108734402852,0.645,100.0,100.0,5347,2706,10542,89,2,10542,0.016644847578081167,7.390983000739098E-4,1.0,0.2,0.8,0.7000000000000001,0.1,95.0,20.0,90.0,0.55,0.6000000000000001,0.5,0.6000000000000001,55.0,85.0,35.0,6565,4540,2025,6565,0.30845392231530844,0.81136096040704,1.0,0.81136096040704,1942,0.4277533039647577,1.0,1
"iteration_1","SCOPE_DATA_COLLECTION",1600,24,1510.0,1570.0,2,9678,6634,2283,9653,6584,2326,4151,2805,1000,5518,3828,1287,0.5706898334884682,0.5771144278606966,0.5627459554000874,0.5455793490695151,1.1022184549740057,1.5601397726518191,1.0911586981390302,1.1022184549740057,1.0400931817678793,0.5721512888460611,0.6499108734402852,0.645,100.0,100.0,5347,2706,10542,89,2,10542,0.016644847578081167,7.390983000739098E-4,1.0,0.2,0.8,0.7000000000000001,0.1,95.0,20.0,90.0,0.55,0.6000000000000001,0.5,0.6000000000000001,55.0,85.0,35.0,2254,1548,706,2254,0.3132209405501331,1.18563374529312,1.5,0.79042249686208,621,0.4011627906976744,1.0,1
"iteration_1","SCOPE_DATA_COLLECTION",1600,25,1570.0,1630.0,0,9867,6565,2254,9678,6634,2283,6890,4526,1533,2987,2025,706,0.30241976308595725,0.3091131125019081,0.3153193389906208,0.41577497036319966,0.80979885140423,1.1840210138780278,0.8315499407263993,0.80979885140423,0.7893473425853519,0.36618287373004355,0.42664604507291204,0.40117416829745595,100.0,100.0,5631,7138,5917,191,6,5521,0.03391937488900728,8.405715886803026E-4,0.933074193003211,0.55,0.6000000000000001,0.5,0.6000000000000001,55.0,85.0,35.0,0.25,0.4,0.4,0.5,65.0,50.0,55.0,9650,4590,5060,9650,0.5243523316062176,0.49595690007313004,0.5,0.9919138001462601,2368,0.5159041394335512,1.0,1
"iteration_1","SCOPE_DATA_COLLECTION",1600,25,1570.0,1630.0,1,9867,6565,2254,9678,6634,2283,6890,4526,1533,2987,2025,706,0.30241976308595725,0.3091131125019081,0.3153193389906208,0.41577497036319966,0.80979885140423,1.1840210138780278,0.8315499407263993,0.80979885140423,0.7893473425853519,0.36618287373004355,0.42664604507291204,0.40117416829745595,100.0,100.0,5631,7138,5917,191,6,5521,0.03391937488900728,8.405715886803026E-4,0.933074193003211,0.55,0.6000000000000001,0.5,0.6000000000000001,55.0,85.0,35.0,0.25,0.4,0.4,0.5,65.0,50.0,55.0,6661,3149,3512,6661,0.5272481609367963,1.0394365824127774,1.0,1.0394365824127774,1927,0.6119402985074627,1.0,1
"iteration_1","SCOPE_DATA_COLLECTION",1600,25,1570.0,1630.0,2,9867,6565,2254,9678,6634,2283,6890,4526,1533,2987,2025,706,0.30241976308595725,0.3091131125019081,0.3153193389906208,0.41577497036319966,0.80979885140423,1.1840210138780278,0.8315499407263993,0.80979885140423,0.7893473425853519,0.36618287373004355,0.42664604507291204,0.40117416829745595,100.0,100.0,5631,7138,5917,191,6,5521,0.03391937488900728,8.405715886803026E-4,0.933074193003211,0.55,0.6000000000000001,0.5,0.6000000000000001,55.0,85.0,35.0,0.25,0.4,0.4,0.5,65.0,50.0,55.0,2261,991,1270,2261,0.5616983635559487,1.542391009379529,1.5,1.028260672919686,587,0.5923309788092835,1.0,1
"iteration_1","SCOPE_DATA_COLLECTION",1600,26,1630.0,1690.0,0,9650,6661,2261,9867,6565,2254,4598,3159,1004,5060,3512,1270,0.5239179954441914,0.5264578024284216,0.5584872471416007,0.49609366493976914,1.0396050212311934,1.5343204032824507,0.9921873298795383,1.0396050212311934,1.0228802688549672,0.5167464114832536,0.6119025007913896,0.5886454183266933,100.0,100.0,5573,3225,9774,161,4,9677,0.028889287636820384,0.00124031007751938,0.9900757110701862,0.25,0.4,0.4,0.5,65.0,50.0,55.0,0.8,0.30000000000000004,0.9,0.1,65.0,95.0,45.0,9658,9061,597,9658,0.06181404017394906,0.32996478184387296,0.5,0.6599295636877459,2309,0.2548283853879263,1.0,1
"iteration_1","SCOPE_DATA_COLLECTION",1600,26,1630.0,1690.0,1,9650,6661,2261,9867,6565,2254,4598,3159,1004,5060,3512,1270,0.5239179954441914,0.5264578024284216,0.5584872471416007,0.49609366493976914,1.0396050212311934,1.5343204032824507,0.9921873298795383,1.0396050212311934,1.0228802688549672,0.5167464114832536,0.6119025007913896,0.5886454183266933,100.0,100.0,5573,3225,9774,161,4,9677,0.028889287636820384,0.00124031007751938,0.9900757110701862,0.25,0.4,0.4,0.5,65.0,50.0,55.0,0.8,0.30000000000000004,0.9,0.1,65.0,95.0,45.0,6586,6165,421,6586,0.06392347403583358,0.6723061864618427,1.0,0.6723061864618427,1872,0.30364963503649633,1.0,1
"iteration_1","SCOPE_DATA_COLLECTION",1600,26,1630.0,1690.0,2,9650,6661,2261,9867,6565,2254,4598,3159,1004,5060,3512,1270,0.5239179954441914,0.5264578024284216,0.5584872471416007,0.49609366493976914,1.0396050212311934,1.5343204032824507,0.9921873298795383,1.0396050212311934,1.0228802688549672,0.5167464114832536,0.6119025007913896,0.5886454183266933,100.0,100.0,5573,3225,9774,161,4,9677,0.028889287636820384,0.00124031007751938,0.9900757110701862,0.25,0.4,0.4,0.5,65.0,50.0,55.0,0.8,0.30000000000000004,0.9,0.1,65.0,95.0,45.0,2226,2079,147,2226,0.0660377358490566,0.9757332341976384,1.5,0.6504888227984256,624,0.30014430014430016,1.0,1
"iteration_1","SCOPE_DATA_COLLECTION",1600,27,1690.0,1750.0,0,9658,6586,2226,9650,6661,2261,9030,6161,2069,597,421,147,0.062013088189467123,0.06396232148283197,0.06633574007220217,0.3296963467640203,0.6746792917856462,0.9793217316590347,0.6593926935280406,0.6746792917856462,0.6528811544393565,0.2541528239202658,0.3053075799383217,0.3015949734171097,100.0,100.0,5274,10531,2665,48,1075,42,0.009101251422070534,0.10207957458930776,0.01575984990619137,0.8,0.30000000000000004,0.9,0.1,65.0,95.0,45.0,0.7000000000000001,0.4,0.9,0.1,75.0,95.0,35.0,9675,9412,263,9675,0.02718346253229974,0.33670866637551916,0.5,0.6734173327510383,2425,0.2576498087547811,1.0,1
"iteration_1","SCOPE_DATA_COLLECTION",1600,27,1690.0,1750.0,1,9658,6586,2226,9650,6661,2261,9030,6161,2069,597,421,147,0.062013088189467123,0.06396232148283197,0.06633574007220217,0.3296963467640203,0.6746792917856462,0.9793217316590347,0.6593926935280406,0.6746792917856462,0.6528811544393565,0.2541528239202658,0.3053075799383217,0.3015949734171097,100.0,100.0,5274,10531,2665,48,1075,42,0.009101251422070534,0.10207957458930776,0.01575984990619137,0.8,0.30000000000000004,0.9,0.1,65.0,95.0,45.0,0.7000000000000001,0.4,0.9,0.1,75.0,95.0,35.0,6614,6403,211,6614,0.031902026005443,0.6447756310606136,1.0,0.6447756310606136,1852,0.2892394190223333,1.0,1
"iteration_1","SCOPE_DATA_COLLECTION",1600,27,1690.0,1750.0,2,9658,6586,2226,9650,6661,2261,9030,6161,2069,597,421,147,0.062013088189467123,0.06396232148283197,0.06633574007220217,0.3296963467640203,0.6746792917856462,0.9793217316590347,0.6593926935280406,0.6746792917856462,0.6528811544393565,0.2541528239202658,0.3053075799383217,0.3015949734171097,100.0,100.0,5274,10531,2665,48,1075,42,0.009101251422070534,0.10207957458930776,0.01575984990619137,0.8,0.30000000000000004,0.9,0.1,65.0,95.0,45.0,0.7000000000000001,0.4,0.9,0.1,75.0,95.0,35.0,2203,2132,71,2203,0.03222877893781208,1.0022912160587616,1.5,0.6681941440391744,681,0.31941838649155724,1.0,1
"iteration_1","SCOPE_DATA_COLLECTION",1600,28,1750.0,1810.0,0,9675,6614,2203,9658,6586,2226,9421,6395,2141,263,211,71,0.027158199091284592,0.031940660006055104,0.03209764918625678,0.33648482351732556,0.6456812734649807,1.003726521375465,0.6729696470346511,0.6456812734649807,0.66915101425031,0.2570852351130453,0.2886630179827991,0.3194768799626343,100.0,100.0,5304,9193,3995,71,6,468,0.013386123680241327,6.526705101707821E-4,0.11714643304130162,0.7000000000000001,0.4,0.9,0.1,75.0,95.0,35.0,0.7000000000000001,0.5,0.8,0.1,65.0,85.0,45.0,9585,9180,405,9585,0.04225352112676056,0.33761774408634565,0.5,0.6752354881726913,2435,0.26525054466230935,1.0,1
"iteration_1","SCOPE_DATA_COLLECTION",1600,28,1750.0,1810.0,1,9675,6614,2203,9658,6586,2226,9421,6395,2141,263,211,71,0.027158199091284592,0.031940660006055104,0.03209764918625678,0.33648482351732556,0.6456812734649807,1.003726521375465,0.6729696470346511,0.6456812734649807,0.66915101425031,0.2570852351130453,0.2886630179827991,0.3194768799626343,100.0,100.0,5304,9193,3995,71,6,468,0.013386123680241327,6.526705101707821E-4,0.11714643304130162,0.7000000000000001,0.4,0.9,0.1,75.0,95.0,35.0,0.7000000000000001,0.5,0.8,0.1,65.0,85.0,45.0,6700,6372,328,6700,0.04895522388059702,0.6519598137486741,1.0,0.6519598137486741,1900,0.29817953546767106,1.0,1
"iteration_1","SCOPE_DATA_COLLECTION",1600,28,1750.0,1810.0,2,9675,6614,2203,9658,6586,2226,9421,6395,2141,263,211,71,0.027158199091284592,0.031940660006055104,0.03209764918625678,0.33648482351732556,0.6456812734649807,1.003726521375465,0.6729696470346511,0.6456812734649807,0.66915101425031,0.2570852351130453,0.2886630179827991,0.3194768799626343,100.0,100.0,5304,9193,3995,71,6,468,0.013386123680241327,6.526705101707821E-4,0.11714643304130162,0.7000000000000001,0.4,0.9,0.1,75.0,95.0,35.0,0.7000000000000001,0.5,0.8,0.1,65.0,85.0,45.0,2255,2130,125,2255,0.05543237250554324,0.9530225149427759,1.5,0.635348343295184,618,0.29014084507042254,1.0,1
"iteration_1","SCOPE_DATA_COLLECTION",1600,29,1810.0,1870.0,0,9585,6700,2255,9675,6614,2203,9194,6366,2126,405,328,125,0.04219189498906136,0.04899910367493278,0.05553087516659263,0.3378719457394124,0.6495005152870245,0.952946440490021,0.6757438914788249,0.6495005152870245,0.6352976269933474,0.26582553839460515,0.2961043041156142,0.29115710253998117,100.0,100.0,5365,9113,4062,84,12,762,0.01565703634669152,0.0013168001755733568,0.18759231905465287,0.7000000000000001,0.5,0.8,0.1,65.0,85.0,45.0,0.7000000000000001,0.6000000000000001,0.7000000000000001,0.1,65.0,75.0,35.0,9609,9278,331,9609,0.0344468727234884,0.3460110798778279,0.5,0.6920221597556558,2536,0.2733347704246605,1.0,1
"iteration_1","SCOPE_DATA_COLLECTION",1600,29,1810.0,1870.0,1,9585,6700,2255,9675,6614,2203,9194,6366,2126,405,328,125,0.04219189498906136,0.04899910367493278,0.05553087516659263,0.3378719457394124,0.6495005152870245,0.952946440490021,0.6757438914788249,0.6495005152870245,0.6352976269933474,0.26582553839460515,0.2961043041156142,0.29115710253998117,100.0,100.0,5365,9113,4062,84,12,762,0.01565703634669152,0.0013168001755733568,0.18759231905465287,0.7000000000000001,0.5,0.8,0.1,65.0,85.0,45.0,0.7000000000000001,0.6000000000000001,0.7000000000000001,0.1,65.0,75.0,35.0,6710,6452,258,6710,0.03845007451564829,0.666485659282893,1.0,0.666485659282893,1914,0.2966522008679479,1.0,1
"iteration_1","SCOPE_DATA_COLLECTION",1600,29,1810.0,1870.0,2,9585,6700,2255,9675,6614,2203,9194,6366,2126,405,328,125,0.04219189498906136,0.04899910367493278,0.05553087516659263,0.3378719457394124,0.6495005152870245,0.952946440490021,0.6757438914788249,0.6495005152870245,0.6352976269933474,0.26582553839460515,0.2961043041156142,0.29115710253998117,100.0,100.0,5365,9113,4062,84,12,762,0.01565703634669152,0.0013168001755733568,0.18759231905465287,0.7000000000000001,0.5,0.8,0.1,65.0,85.0,45.0,0.7000000000000001,0.6000000000000001,0.7000000000000001,0.1,65.0,75.0,35.0,2367,2255,112,2367,0.04731727925644275,0.9423756808647774,1.5,0.6282504539098516,642,0.2847006651884701,1.0,1
"iteration_1","SCOPE_DATA_COLLECTION",1600,30,1870.0,1930.0,0,9609,6710,2367,9585,6700,2255,9254,6450,2257,331,258,112,0.034533124673969746,0.038461538461538464,0.047277332207682564,0.34633258287946367,0.6686970862669713,0.9467712665486191,0.6926651657589273,0.6686970862669713,0.6311808443657461,0.27371947266047114,0.29829457364341083,0.2871067789100576,100.0,100.0,5397,9339,3950,104,141,456,0.019269964795256625,0.015097976228718278,0.11544303797468354,0.7000000000000001,0.6000000000000001,0.7000000000000001,0.1,65.0,75.0,35.0,0.6000000000000001,0.6000000000000001,0.7000000000000001,0.1,75.0,85.0,45.0,9810,8079,1731,9810,0.1764525993883792,0.40384156761673173,0.5,0.8076831352334635,2689,0.33283822255229606,1.0,1
"iteration_1","SCOPE_DATA_COLLECTION",1600,30,1870.0,1930.0,1,9609,6710,2367,9585,6700,2255,9254,6450,2257,331,258,112,0.034533124673969746,0.038461538461538464,0.047277332207682564,0.34633258287946367,0.6686970862669713,0.9467712665486191,0.6926651657589273,0.6686970862669713,0.6311808443657461,0.27371947266047114,0.29829457364341083,0.2871067789100576,100.0,100.0,5397,9339,3950,104,141,456,0.019269964795256625,0.015097976228718278,0.11544303797468354,0.7000000000000001,0.6000000000000001,0.7000000000000001,0.1,65.0,75.0,35.0,0.6000000000000001,0.6000000000000001,0.7000000000000001,0.1,75.0,85.0,45.0,6536,5312,1224,6536,0.18727050183598531,0.759314204587934,1.0,0.759314204587934,1897,0.3571159638554217,1.0,1
"iteration_1","SCOPE_DATA_COLLECTION",1600,30,1870.0,1930.0,2,9609,6710,2367,9585,6700,2255,9254,6450,2257,331,258,112,0.034533124673969746,0.038461538461538464,0.047277332207682564,0.34633258287946367,0.6686970862669713,0.9467712665486191,0.6926651657589273,0.6686970862669713,0.6311808443657461,0.27371947266047114,0.29829457364341083,0.2871067789100576,100.0,100.0,5397,9339,3950,104,141,456,0.019269964795256625,0.015097976228718278,0.11544303797468354,0.7000000000000001,0.6000000000000001,0.7000000000000001,0.1,65.0,75.0,35.0,0.6000000000000001,0.6000000000000001,0.7000000000000001,0.1,75.0,85.0,45.0,2229,1813,416,2229,0.18663077613279497,1.095064944568183,1.5,0.7300432963787887,665,0.3667953667953668,1.0,1
"iteration_1","SCOPE_DATA_COLLECTION",1600,31,1930.0,1990.0,0,9810,6536,2229,9609,6710,2367,8095,5303,1805,1731,1224,416,0.17616527579890087,0.1875287268270262,0.18730301665916255,0.38650789499903293,0.7323242824909089,1.0675969074314258,0.7730157899980659,0.7323242824909089,0.7117312716209505,0.3318097591105621,0.3543277390156515,0.3606648199445983,97.5,100.0,5366,7944,5265,98,7,3266,0.018263138278046962,8.811681772406848E-4,0.6203228869895536,0.6000000000000001,0.6000000000000001,0.7000000000000001,0.1,75.0,85.0,45.0,0.5,0.7000000000000001,0.6000000000000001,0.1,85.0,85.0,45.0,9778,6233,3545,9778,0.36254857844139904,0.4082736335567175,0.5,0.816547267113435,2420,0.3882560564736082,1.0,1
"iteration_1","SCOPE_DATA_COLLECTION",1600,31,1930.0,1990.0,1,9810,6536,2229,9609,6710,2367,8095,5303,1805,1731,1224,416,0.17616527579890087,0.1875287268270262,0.18730301665916255,0.38650789499903293,0.7323242824909089,1.0675969074314258,0.7730157899980659,0.7323242824909089,0.7117312716209505,0.3318097591105621,0.3543277390156515,0.3606648199445983,97.5,100.0,5366,7944,5265,98,7,3266,0.018263138278046962,8.811681772406848E-4,0.6203228869895536,0.6000000000000001,0.6000000000000001,0.7000000000000001,0.1,75.0,85.0,45.0,0.5,0.7000000000000001,0.6000000000000001,0.1,85.0,85.0,45.0,6621,4136,2485,6621,0.3753209484972059,0.8099775817909926,1.0,0.8099775817909926,1812,0.4381044487427466,1.0,1
"iteration_1","SCOPE_DATA_COLLECTION",1600,31,1930.0,1990.0,2,9810,6536,2229,9609,6710,2367,8095,5303,1805,1731,1224,416,0.17616527579890087,0.1875287268270262,0.18730301665916255,0.38650789499903293,0.7323242824909089,1.0675969074314258,0.7730157899980659,0.7323242824909089,0.7117312716209505,0.3318097591105621,0.3543277390156515,0.3606648199445983,97.5,100.0,5366,7944,5265,98,7,3266,0.018263138278046962,8.811681772406848E-4,0.6203228869895536,0.6000000000000001,0.6000000000000001,0.7000000000000001,0.1,75.0,85.0,45.0,0.5,0.7000000000000001,0.6000000000000001,0.1,85.0,85.0,45.0,2279,1440,839,2279,0.3681439227731461,1.16426122383534,1.5,0.77617414922356,625,0.4340277777777778,1.0,1
"iteration_1","SCOPE_DATA_COLLECTION",1600,32,1990.0,2050.0,0,9778,6621,2279,9810,6536,2229,6225,4169,1452,3545,2485,839,0.36284544524053225,0.3734595731890592,0.36621562636403315,0.4297003004954769,0.8419352126968499,1.1893970951252324,0.8594006009909538,0.8419352126968499,0.7929313967501549,0.38779116465863456,0.44159270808347323,0.43526170798898073,100.0,100.0,5394,6518,6766,93,10,6766,0.017241379310344827,0.0015342129487572874,1.0,0.5,0.7000000000000001,0.6000000000000001,0.1,85.0,85.0,45.0,0.35000000000000003,0.8,0.6000000000000001,0.8,45.0,95.0,30.0,9709,5342,4367,9709,0.44978885570089605,0.4618145716670406,0.5,0.9236291433340812,2451,0.458816922500936,1.0,1
"iteration_1","SCOPE_DATA_COLLECTION",1600,32,1990.0,2050.0,1,9778,6621,2279,9810,6536,2229,6225,4169,1452,3545,2485,839,0.36284544524053225,0.3734595731890592,0.36621562636403315,0.4297003004954769,0.8419352126968499,1.1893970951252324,0.8594006009909538,0.8419352126968499,0.7929313967501549,0.38779116465863456,0.44159270808347323,0.43526170798898073,100.0,100.0,5394,6518,6766,93,10,6766,0.017241379310344827,0.0015342129487572874,1.0,0.5,0.7000000000000001,0.6000000000000001,0.1,85.0,85.0,45.0,0.35000000000000003,0.8,0.6000000000000001,0.8,45.0,95.0,30.0,6513,3475,3038,6513,0.466451711960694,0.9490682703763635,1.0,0.9490682703763635,1874,0.5392805755395683,1.0,1
"iteration_1","SCOPE_DATA_COLLECTION",1600,32,1990.0,2050.0,2,9778,6621,2279,9810,6536,2229,6225,4169,1452,3545,2485,839,0.36284544524053225,0.3734595731890592,0.36621562636403315,0.4297003004954769,0.8419352126968499,1.1893970951252324,0.8594006009909538,0.8419352126968499,0.7929313967501549,0.38779116465863456,0.44159270808347323,0.43526170798898073,100.0,100.0,5394,6518,6766,93,10,6766,0.017241379310344827,0.0015342129487572874,1.0,0.5,0.7000000000000001,0.6000000000000001,0.1,85.0,85.0,45.0,0.35000000000000003,0.8,0.6000000000000001,0.8,45.0,95.0,30.0,2296,1155,1141,2296,0.4969512195121951,1.3864427782222297,1.5,0.9242951854814865,592,0.5125541125541125,1.0,1
"iteration_1","SCOPE_DATA_COLLECTION",1600,33,2050.0,2110.0,0,9709,6513,2296,9778,6621,2279,5364,3472,1149,4367,3038,1141,0.44877196588223206,0.4666666666666667,0.4982532751091703,0.4629322815251123,0.9476023787080472,1.3806094428536513,0.9258645630502246,0.9476023787080472,0.9204062952357676,0.4597315436241611,0.5377304147465438,0.5117493472584856,92.5,100.0,5699,4493,8326,213,7,8326,0.037374978066327426,0.0015579790785666592,1.0,0.35000000000000003,0.8,0.6000000000000001,0.8,45.0,95.0,30.0,0.35000000000000003,0.7000000000000001,0.7000000000000001,0.8,35.0,95.0,20.0,9760,5283,4477,9760,0.45870901639344264,0.47463031494352403,0.5,0.9492606298870481,2503,0.47378383494226767,1.0,1
"iteration_1","SCOPE_DATA_COLLECTION",1600,33,2050.0,2110.0,1,9709,6513,2296,9778,6621,2279,5364,3472,1149,4367,3038,1141,0.44877196588223206,0.4666666666666667,0.4982532751091703,0.4629322815251123,0.9476023787080472,1.3806094428536513,0.9258645630502246,0.9476023787080472,0.9204062952357676,0.4597315436241611,0.5377304147465438,0.5117493472584856,92.5,100.0,5699,4493,8326,213,7,8326,0.037374978066327426,0.0015579790785666592,1.0,0.35000000000000003,0.8,0.6000000000000001,0.8,45.0,95.0,30.0,0.35000000000000003,0.7000000000000001,0.7000000000000001,0.8,35.0,95.0,20.0,6588,3476,3112,6588,0.4723740133576199,0.9553830150031349,1.0,0.9553830150031349,1864,0.5362485615650172,1.0,1
"iteration_1","SCOPE_DATA_COLLECTION",1600,33,2050.0,2110.0,2,9709,6513,2296,9778,6621,2279,5364,3472,1149,4367,3038,1141,0.44877196588223206,0.4666666666666667,0.4982532751091703,0.4629322815251123,0.9476023787080472,1.3806094428536513,0.9258645630502246,0.9476023787080472,0.9204062952357676,0.4597315436241611,0.5377304147465438,0.5117493472584856,92.5,100.0,5699,4493,8326,213,7,8326,0.037374978066327426,0.0015579790785666592,1.0,0.35000000000000003,0.8,0.6000000000000001,0.8,45.0,95.0,30.0,0.35000000000000003,0.7000000000000001,0.7000000000000001,0.8,35.0,95.0,20.0,2341,1204,1137,2341,0.4856898761213157,1.3921423289742465,1.5,0.928094885982831,620,0.5149501661129569,1.0,1
"iteration_1","SCOPE_DATA_COLLECTION",1600,34,2110.0,2170.0,0,9760,6588,2341,9709,6513,2296,5299,3474,1204,4477,3112,1137,0.4579582651391162,0.47251746128150623,0.4856898761213157,0.4742393009958013,0.9569882348434527,1.3902367243247522,0.9484786019916026,0.9569882348434527,0.9268244828831681,0.47461785242498583,0.5359815774323546,0.5141196013289037,100.0,100.0,5680,4525,8484,239,3,8484,0.042077464788732394,6.629834254143647E-4,1.0,0.35000000000000003,0.7000000000000001,0.7000000000000001,0.8,35.0,95.0,20.0,0.45,0.8,0.4,0.8,60.0,90.0,50.0,9704,5953,3751,9704,0.38654163231657046,0.4239589143863778,0.5,0.8479178287727556,2456,0.41256509323030405,1.0,1
"iteration_1","SCOPE_DATA_COLLECTION",1600,34,2110.0,2170.0,1,9760,6588,2341,9709,6513,2296,5299,3474,1204,4477,3112,1137,0.4579582651391162,0.47251746128150623,0.4856898761213157,0.4742393009958013,0.9569882348434527,1.3902367243247522,0.9484786019916026,0.9569882348434527,0.9268244828831681,0.47461785242498583,0.5359815774323546,0.5141196013289037,100.0,100.0,5680,4525,8484,239,3,8484,0.042077464788732394,6.629834254143647E-4,1.0,0.35000000000000003,0.7000000000000001,0.7000000000000001,0.8,35.0,95.0,20.0,0.45,0.8,0.4,0.8,60.0,90.0,50.0,6614,4038,2576,6614,0.38947686725128516,0.8655371045438551,1.0,0.8655371045438551,1960,0.48538880633977216,1.0,1
"iteration_1","SCOPE_DATA_COLLECTION",1600,34,2110.0,2170.0,2,9760,6588,2341,9709,6513,2296,5299,3474,1204,4477,3112,1137,0.4579582651391162,0.47251746128150623,0.4856898761213157,0.4742393009958013,0.9569882348434527,1.3902367243247522,0.9484786019916026,0.9569882348434527,0.9268244828831681,0.47461785242498583,0.5359815774323546,0.5141196013289037,100.0,100.0,5680,4525,8484,239,3,8484,0.042077464788732394,6.629834254143647E-4,1.0,0.35000000000000003,0.7000000000000001,0.7000000000000001,0.8,35.0,95.0,20.0,0.45,0.8,0.4,0.8,60.0,90.0,50.0,2239,1269,970,2239,0.4332291201429209,1.2668226207173023,1.5,0.8445484138115349,574,0.4523246650906225,1.0,1
"iteration_1","SCOPE_DATA_COLLECTION",1600,35,2170.0,2230.0,0,9704,6614,2239,9760,6588,2341,5915,4037,1276,3751,2576,970,0.38806124560314503,0.3895357628912748,0.43187889581478184,0.42240947101237697,0.8647580896924005,1.2732055536301277,0.8448189420247539,0.8647580896924005,0.8488037024200851,0.4099746407438715,0.48600445875650233,0.45454545454545453,100.0,100.0,5650,5801,7106,187,4,7106,0.033097345132743365,6.895362868470954E-4,1.0,0.45,0.8,0.4,0.8,60.0,90.0,50.0,0.45,0.9,0.4,0.8,60.0,90.0,60.0,9715,6108,3607,9715,0.3712815234173958,0.45426963523747527,0.5,0.9085392704749505,2690,0.4404060248853962,1.0,1
"iteration_1","SCOPE_DATA_COLLECTION",1600,35,2170.0,2230.0,1,9704,6614,2239,9760,6588,2341,5915,4037,1276,3751,2576,970,0.38806124560314503,0.3895357628912748,0.43187889581478184,0.42240947101237697,0.8647580896924005,1.2732055536301277,0.8448189420247539,0.8647580896924005,0.8488037024200851,0.4099746407438715,0.48600445875650233,0.45454545454545453,100.0,100.0,5650,5801,7106,187,4,7106,0.033097345132743365,6.895362868470954E-4,1.0,0.45,0.8,0.4,0.8,60.0,90.0,50.0,0.45,0.9,0.4,0.8,60.0,90.0,60.0,6687,4016,2671,6687,0.39943173321369824,0.8526403168873189,1.0,0.8526403168873189,1889,0.47036852589641437,1.0,1
"iteration_1","SCOPE_DATA_COLLECTION",1600,35,2170.0,2230.0,2,9704,6614,2239,9760,6588,2341,5915,4037,1276,3751,2576,970,0.38806124560314503,0.3895357628912748,0.43187889581478184,0.42240947101237697,0.8647580896924005,1.2732055536301277,0.8448189420247539,0.8647580896924005,0.8488037024200851,0.4099746407438715,0.48600445875650233,0.45454545454545453,100.0,100.0,5650,5801,7106,187,4,7106,0.033097345132743365,6.895362868470954E-4,1.0,0.45,0.8,0.4,0.8,60.0,90.0,50.0,0.45,0.9,0.4,0.8,60.0,90.0,60.0,2336,1354,982,2336,0.4203767123287671,1.2484136733051232,1.5,0.8322757822034155,600,0.4431314623338257,1.0,1
"iteration_1","SCOPE_DATA_COLLECTION",1600,36,2230.0,2290.0,0,9715,6687,2336,9704,6614,2239,6116,4020,1354,3607,2671,982,0.37097603620281805,0.3991929457480197,0.4203767123287671,0.45389906337357544,0.8539214447984004,1.2440181942660498,0.9077981267471509,0.8539214447984004,0.8293454628440332,0.44064748201438847,0.4708955223880597,0.44165435745937964,97.5,100.0,5749,5924,7065,194,1,7065,0.033744999130283525,1.6880486158001352E-4,1.0,0.45,0.9,0.4,0.8,60.0,90.0,60.0,0.45,0.9,0.4,0.8,60.0,90.0,60.0,9652,5900,3752,9652,0.3887277248238707,0.44301423465178114,0.5,0.8860284693035623,2546,0.4315254237288136,1.0,1
"iteration_1","SCOPE_DATA_COLLECTION",1600,36,2230.0,2290.0,1,9715,6687,2336,9704,6614,2239,6116,4020,1354,3607,2671,982,0.37097603620281805,0.3991929457480197,0.4203767123287671,0.45389906337357544,0.8539214447984004,1.2440181942660498,0.9077981267471509,0.8539214447984004,0.8293454628440332,0.44064748201438847,0.4708955223880597,0.44165435745937964,97.5,100.0,5749,5924,7065,194,1,7065,0.033744999130283525,1.6880486158001352E-4,1.0,0.45,0.9,0.4,0.8,60.0,90.0,60.0,0.45,0.9,0.4,0.8,60.0,90.0,60.0,6530,3904,2626,6530,0.40214395099540584,0.8486783953041411,1.0,0.8486783953041411,1831,0.46900614754098363,1.0,1
"iteration_1","SCOPE_DATA_COLLECTION",1600,36,2230.0,2290.0,2,9715,6687,2336,9704,6614,2239,6116,4020,1354,3607,2671,982,0.37097603620281805,0.3991929457480197,0.4203767123287671,0.45389906337357544,0.8539214447984004,1.2440181942660498,0.9077981267471509,0.8539214447984004,0.8293454628440332,0.44064748201438847,0.4708955223880597,0.44165435745937964,97.5,100.0,5749,5924,7065,194,1,7065,0.033744999130283525,1.6880486158001352E-4,1.0,0.45,0.9,0.4,0.8,60.0,90.0,60.0,0.45,0.9,0.4,0.8,60.0,90.0,60.0,2262,1381,881,2262,0.3894783377541998,1.2965648292354048,1.5,0.8643765528236033,641,0.46415640839971034,1.0,1
"iteration_1","SCOPE_DATA_COLLECTION",1600,37,2290.0,2350.0,0,9652,6530,2262,9715,6687,2336,5888,3905,1382,3752,2626,881,0.3892116182572614,0.4020823763589037,0.38930623066725584,0.44043901313639805,0.8487370139689489,1.3004099804327105,0.8808780262727961,0.8487370139689489,0.8669399869551403,0.42985733695652173,0.4686299615877081,0.4667149059334298,100.0,100.0,5572,5811,7061,193,5,7061,0.034637473079684136,8.604371020478403E-4,1.0,0.45,0.9,0.4,0.8,60.0,90.0,60.0,0.25,0.30000000000000004,0.9,0.8,90.0,20.0,80.0,9813,4624,5189,9813,0.5287883419953123,0.4884442801116355,0.5,0.976888560223271,2422,0.5237889273356401,1.0,1
"iteration_1","SCOPE_DATA_COLLECTION",1600,37,2290.0,2350.0,1,9652,6530,2262,9715,6687,2336,5888,3905,1382,3752,2626,881,0.3892116182572614,0.4020823763589037,0.38930623066725584,0.44043901313639805,0.8487370139689489,1.3004099804327105,0.8808780262727961,0.8487370139689489,0.8669399869551403,0.42985733695652173,0.4686299615877081,0.4667149059334298,100.0,100.0,5572,5811,7061,193,5,7061,0.034637473079684136,8.604371020478403E-4,1.0,0.45,0.9,0.4,0.8,60.0,90.0,60.0,0.25,0.30000000000000004,0.9,0.8,90.0,20.0,80.0,6598,3010,3588,6598,0.5438011518642013,1.069967211014014,1.0,1.069967211014014,1888,0.6272425249169435,1.0,1
"iteration_1","SCOPE_DATA_COLLECTION",1600,37,2290.0,2350.0,2,9652,6530,2262,9715,6687,2336,5888,3905,1382,3752,2626,881,0.3892116182572614,0.4020823763589037,0.38930623066725584,0.44043901313639805,0.8487370139689489,1.3004099804327105,0.8808780262727961,0.8487370139689489,0.8669399869551403,0.42985733695652173,0.4686299615877081,0.4667149059334298,100.0,100.0,5572,5811,7061,193,5,7061,0.034637473079684136,8.604371020478403E-4,1.0,0.45,0.9,0.4,0.8,60.0,90.0,60.0,0.25,0.30000000000000004,0.9,0.8,90.0,20.0,80.0,2258,995,1263,2258,0.5593445527015057,1.5698709479667485,1.5,1.0465806319778324,605,0.6080402010050251,1.0,1
"iteration_1","SCOPE_DATA_COLLECTION",1600,38,2350.0,2410.0,0,9813,6598,2258,9652,6530,2262,4663,3000,999,5189,3588,1263,0.5266950872919204,0.5446265938069217,0.5583554376657824,0.4943605704067053,1.0709283719131626,1.5691125450059946,0.9887211408134106,1.0709283719131626,1.0460750300039965,0.5279862749303024,0.626,0.6076076076076076,100.0,100.0,5644,3162,9863,175,2,9863,0.031006378454996455,6.325110689437065E-4,1.0,0.25,0.30000000000000004,0.9,0.8,90.0,20.0,80.0,0.9,0.2,0.1,0.5,45.0,30.0,80.0,9628,7509,2119,9628,0.22008724553385958,0.35954234416861613,0.5,0.7190846883372323,2234,0.29750965508057,1.0,1
"iteration_1","SCOPE_DATA_COLLECTION",1600,38,2350.0,2410.0,1,9813,6598,2258,9652,6530,2262,4663,3000,999,5189,3588,1263,0.5266950872919204,0.5446265938069217,0.5583554376657824,0.4943605704067053,1.0709283719131626,1.5691125450059946,0.9887211408134106,1.0709283719131626,1.0460750300039965,0.5279862749303024,0.626,0.6076076076076076,100.0,100.0,5644,3162,9863,175,2,9863,0.031006378454996455,6.325110689437065E-4,1.0,0.25,0.30000000000000004,0.9,0.8,90.0,20.0,80.0,0.9,0.2,0.1,0.5,45.0,30.0,80.0,6504,5055,1449,6504,0.2227859778597786,0.7082835676757253,1.0,0.7082835676757253,1867,0.36933728981206726,1.0,1
"iteration_1","SCOPE_DATA_COLLECTION",1600,38,2350.0,2410.0,2,9813,6598,2258,9652,6530,2262,4663,3000,999,5189,3588,1263,0.5266950872919204,0.5446265938069217,0.5583554376657824,0.4943605704067053,1.0709283719131626,1.5691125450059946,0.9887211408134106,1.0709283719131626,1.0460750300039965,0.5279862749303024,0.626,0.6076076076076076,100.0,100.0,5644,3162,9863,175,2,9863,0.031006378454996455,6.325110689437065E-4,1.0,0.25,0.30000000000000004,0.9,0.8,90.0,20.0,80.0,0.9,0.2,0.1,0.5,45.0,30.0,80.0,2297,1716,581,2297,0.25293861558554637,1.119057770682009,1.5,0.746038513788006,620,0.3613053613053613,1.0,1
"iteration_1","SCOPE_DATA_COLLECTION",1600,39,2410.0,2470.0,0,9628,6504,2297,9813,6598,2258,7474,5035,1700,2119,1449,581,0.2208902324611696,0.22347316471314005,0.25471284524331433,0.35956496967679574,0.7122424860800515,1.1186571275157693,0.7191299393535915,0.7122424860800515,0.7457714183438462,0.2976986887877977,0.37298907646474677,0.36058823529411765,100.0,100.0,5387,11708,1334,59,4083,7,0.010952292556153704,0.34873590707208746,0.005247376311844078,0.9,0.2,0.1,0.5,45.0,30.0,80.0,0.9500000000000001,0.1,0.1,0.4,45.0,40.0,70.0,9678,6914,2764,9678,0.28559619756147964,0.4993967414016244,0.5,0.9987934828032488,2740,0.39629736765982065,1.0,1
"iteration_1","SCOPE_DATA_COLLECTION",1600,39,2410.0,2470.0,1,9628,6504,2297,9813,6598,2258,7474,5035,1700,2119,1449,581,0.2208902324611696,0.22347316471314005,0.25471284524331433,0.35956496967679574,0.7122424860800515,1.1186571275157693,0.7191299393535915,0.7122424860800515,0.7457714183438462,0.2976986887877977,0.37298907646474677,0.36058823529411765,100.0,100.0,5387,11708,1334,59,4083,7,0.010952292556153704,0.34873590707208746,0.005247376311844078,0.9,0.2,0.1,0.5,45.0,30.0,80.0,0.9500000000000001,0.1,0.1,0.4,45.0,40.0,70.0,6488,4548,1940,6488,0.29901356350184954,0.889970345885626,1.0,0.889970345885626,2068,0.4547053649956025,1.0,1
"iteration_1","SCOPE_DATA_COLLECTION",1600,39,2410.0,2470.0,2,9628,6504,2297,9813,6598,2258,7474,5035,1700,2119,1449,581,0.2208902324611696,0.22347316471314005,0.25471284524331433,0.35956496967679574,0.7122424860800515,1.1186571275157693,0.7191299393535915,0.7122424860800515,0.7457714183438462,0.2976986887877977,0.37298907646474677,0.36058823529411765,100.0,100.0,5387,11708,1334,59,4083,7,0.010952292556153704,0.34873590707208746,0.005247376311844078,0.9,0.2,0.1,0.5,45.0,30.0,80.0,0.9500000000000001,0.1,0.1,0.4,45.0,40.0,70.0,2283,1521,762,2283,0.33377135348226017,1.3741570720034346,1.5,0.9161047146689564,717,0.4714003944773176,1.0,1
"iteration_1","SCOPE_DATA_COLLECTION",1600,40,2470.0,2530.0,0,9678,6488,2283,9628,6504,2297,6900,4551,1519,2764,1940,762,0.2860099337748344,0.29887536589123403,0.3340640070144673,0.49810755200040807,0.8893151690277951,1.3754801638819474,0.9962151040008161,0.8893151690277951,0.9169867759212983,0.39594202898550723,0.45418589321028346,0.4720210664911126,97.5,100.0,5445,12377,627,63,5403,0,0.011570247933884297,0.4365355094126202,0.0,0.9500000000000001,0.1,0.1,0.4,45.0,40.0,70.0,0.8,0.5,0.8,0.2,60.0,25.0,95.0,9553,9056,497,9553,0.052025541714644616,0.35967145506179216,0.5,0.7193429101235843,2530,0.2793727915194346,1.0,1
"iteration_1","SCOPE_DATA_COLLECTION",1600,40,2470.0,2530.0,1,9678,6488,2283,9628,6504,2297,6900,4551,1519,2764,1940,762,0.2860099337748344,0.29887536589123403,0.3340640070144673,0.49810755200040807,0.8893151690277951,1.3754801638819474,0.9962151040008161,0.8893151690277951,0.9169867759212983,0.39594202898550723,0.45418589321028346,0.4720210664911126,97.5,100.0,5445,12377,627,63,5403,0,0.011570247933884297,0.4365355094126202,0.0,0.9500000000000001,0.1,0.1,0.4,45.0,40.0,70.0,0.8,0.5,0.8,0.2,60.0,25.0,95.0,6549,6139,410,6549,0.06260497785921515,0.675098421233564,1.0,0.675098421233564,1791,0.2917413259488516,1.0,1
"iteration_1","SCOPE_DATA_COLLECTION",1600,40,2470.0,2530.0,2,9678,6488,2283,9628,6504,2297,6900,4551,1519,2764,1940,762,0.2860099337748344,0.29887536589123403,0.3340640070144673,0.49810755200040807,0.8893151690277951,1.3754801638819474,0.9962151040008161,0.8893151690277951,0.9169867759212983,0.39594202898550723,0.45418589321028346,0.4720210664911126,97.5,100.0,5445,12377,627,63,5403,0,0.011570247933884297,0.4365355094126202,0.0,0.9500000000000001,0.1,0.1,0.4,45.0,40.0,70.0,0.8,0.5,0.8,0.2,60.0,25.0,95.0,2377,2171,206,2377,0.08666386201093816,1.0109695622775192,1.5,0.6739797081850128,673,0.30999539382772917,1.0,1
"iteration_1","SCOPE_DATA_COLLECTION",1600,41,2530.0,2590.0,0,9553,6549,2377,9678,6488,2283,9082,6123,2167,497,410,206,0.05188433030587744,0.0627583039951018,0.08680994521702487,0.36087023064598717,0.670447042223108,1.0116853596444226,0.7217404612919743,0.670447042223108,0.6744569064296151,0.2804448359392204,0.29119712559203004,0.31102907245039224,97.5,100.0,5427,10492,2560,171,919,23,0.03150912106135987,0.08759054517727792,0.008984375,0.8,0.5,0.8,0.2,60.0,25.0,95.0,0.2,0.9,0.4,0.2,70.0,90.0,30.0,9775,4270,5505,9775,0.5631713554987212,0.5376095410200804,0.5,1.0752190820401608,2382,0.5578454332552694,1.0,1
"iteration_1","SCOPE_DATA_COLLECTION",1600,41,2530.0,2590.0,1,9553,6549,2377,9678,6488,2283,9082,6123,2167,497,410,206,0.05188433030587744,0.0627583039951018,0.08680994521702487,0.36087023064598717,0.670447042223108,1.0116853596444226,0.7217404612919743,0.670447042223108,0.6744569064296151,0.2804448359392204,0.29119712559203004,0.31102907245039224,97.5,100.0,5427,10492,2560,171,919,23,0.03150912106135987,0.08759054517727792,0.008984375,0.8,0.5,0.8,0.2,60.0,25.0,95.0,0.2,0.9,0.4,0.2,70.0,90.0,30.0,6625,2820,3805,6625,0.5743396226415094,1.1004299162461968,1.0,1.1004299162461968,1842,0.6531914893617021,1.0,1
"iteration_1","SCOPE_DATA_COLLECTION",1600,41,2530.0,2590.0,2,9553,6549,2377,9678,6488,2283,9082,6123,2167,497,410,206,0.05188433030587744,0.0627583039951018,0.08680994521702487,0.36087023064598717,0.670447042223108,1.0116853596444226,0.7217404612919743,0.670447042223108,0.6744569064296151,0.2804448359392204,0.29119712559203004,0.31102907245039224,97.5,100.0,5427,10492,2560,171,919,23,0.03150912106135987,0.08759054517727792,0.008984375,0.8,0.5,0.8,0.2,60.0,25.0,95.0,0.2,0.9,0.4,0.2,70.0,90.0,30.0,2215,921,1294,2215,0.5841986455981941,1.655754495757846,1.5,1.1038363305052308,618,0.6710097719869706,1.0,1
"iteration_1","SCOPE_DATA_COLLECTION",1600,42,2590.0,2650.0,0,9775,6625,2215,9553,6549,2377,4282,2861,945,5505,3805,1294,0.5624808419331767,0.5708070807080708,0.5779365788298347,0.5356414116293013,1.0969627494763958,1.6367403401223062,1.0712828232586027,1.0969627494763958,1.0911602267482041,0.5546473610462401,0.6455784690667599,0.6592592592592592,100.0,100.0,5443,2662,10510,136,5,10463,0.024986220834098842,0.0018782870022539444,0.9955280685061846,0.2,0.9,0.4,0.2,70.0,90.0,30.0,0.1,0.9,0.4,0.1,70.0,95.0,20.0,9649,3426,6223,9649,0.6449372992019898,0.63224522489163,0.5,1.26449044978326,2368,0.6911850554582604,1.0,1
"iteration_1","SCOPE_DATA_COLLECTION",1600,42,2590.0,2650.0,1,9775,6625,2215,9553,6549,2377,4282,2861,945,5505,3805,1294,0.5624808419331767,0.5708070807080708,0.5779365788298347,0.5356414116293013,1.0969627494763958,1.6367403401223062,1.0712828232586027,1.0969627494763958,1.0911602267482041,0.5546473610462401,0.6455784690667599,0.6592592592592592,100.0,100.0,5443,2662,10510,136,5,10463,0.024986220834098842,0.0018782870022539444,0.9955280685061846,0.2,0.9,0.4,0.2,70.0,90.0,30.0,0.1,0.9,0.4,0.1,70.0,95.0,20.0,6510,2296,4214,6510,0.6473118279569893,1.2464888775459548,1.0,1.2464888775459548,1777,0.7739547038327527,1.0,1
"iteration_1","SCOPE_DATA_COLLECTION",1600,42,2590.0,2650.0,2,9775,6625,2215,9553,6549,2377,4282,2861,945,5505,3805,1294,0.5624808419331767,0.5708070807080708,0.5779365788298347,0.5356414116293013,1.0969627494763958,1.6367403401223062,1.0712828232586027,1.0969627494763958,1.0911602267482041,0.5546473610462401,0.6455784690667599,0.6592592592592592,100.0,100.0,5443,2662,10510,136,5,10463,0.024986220834098842,0.0018782870022539444,0.9955280685061846,0.2,0.9,0.4,0.2,70.0,90.0,30.0,0.1,0.9,0.4,0.1,70.0,95.0,20.0,2209,775,1434,2209,0.6491625169760072,1.8816409167967802,1.5,1.2544272778645202,631,0.8141935483870968,1.0,1
"iteration_1","SCOPE_DATA_COLLECTION",1600,43,2650.0,2710.0,0,9649,6510,2209,9775,6625,2215,3423,2294,773,6222,4214,1434,0.6451010886469674,0.6475107559926244,0.6497507929315813,0.6319343806606055,1.2451482915670422,1.8911297280379464,1.263868761321211,1.2451482915670422,1.2607531520252977,0.6894536955886649,0.7728857890148213,0.8163001293661061,100.0,100.0,5319,1260,11789,79,2,11789,0.014852415867644294,0.0015873015873015873,1.0,0.1,0.9,0.4,0.1,70.0,95.0,20.0,0.15000000000000002,0.8,0.1,0.30000000000000004,85.0,35.0,65.0,9625,3672,5953,9625,0.6184935064935065,0.5522300567955261,0.5,1.1044601135910521,2196,0.5980392156862745,1.0,1
"iteration_1","SCOPE_DATA_COLLECTION",1600,43,2650.0,2710.0,1,9649,6510,2209,9775,6625,2215,3423,2294,773,6222,4214,1434,0.6451010886469674,0.6475107559926244,0.6497507929315813,0.6319343806606055,1.2451482915670422,1.8911297280379464,1.263868761321211,1.2451482915670422,1.2607531520252977,0.6894536955886649,0.7728857890148213,0.8163001293661061,100.0,100.0,5319,1260,11789,79,2,11789,0.014852415867644294,0.0015873015873015873,1.0,0.1,0.9,0.4,0.1,70.0,95.0,20.0,0.15000000000000002,0.8,0.1,0.30000000000000004,85.0,35.0,65.0,6557,2590,3967,6557,0.6050022876315388,1.0120452114256744,1.0,1.0120452114256744,1813,0.7,1.0,1
"iteration_1","SCOPE_DATA_COLLECTION",1600,43,2650.0,2710.0,2,9649,6510,2209,9775,6625,2215,3423,2294,773,6222,4214,1434,0.6451010886469674,0.6475107559926244,0.6497507929315813,0.6319343806606055,1.2451482915670422,1.8911297280379464,1.263868761321211,1.2451482915670422,1.2607531520252977,0.6894536955886649,0.7728857890148213,0.8163001293661061,100.0,100.0,5319,1260,11789,79,2,11789,0.014852415867644294,0.0015873015873015873,1.0,0.1,0.9,0.4,0.1,70.0,95.0,20.0,0.15000000000000002,0.8,0.1,0.30000000000000004,85.0,35.0,65.0,2273,859,1414,2273,0.622085349758029,1.7305991897010107,1.5,1.1537327931340071,614,0.7147846332945286,1.0,1
"iteration_1","SCOPE_DATA_COLLECTION",1600,44,2710.0,2770.0,0,9625,6557,2273,9649,6510,2209,3688,2592,859,5954,3967,1414,0.617506741339971,0.6048178075926208,0.622085349758029,0.5527157799442662,1.0178158614031456,1.7221024643593206,1.1054315598885325,1.0178158614031456,1.1480683095728803,0.5992407809110629,0.7002314814814815,0.7124563445867288,100.0,100.0,5229,1947,11279,54,2,11279,0.010327022375215147,0.001027221366204417,1.0,0.15000000000000002,0.8,0.1,0.30000000000000004,85.0,35.0,65.0,0.05,0.7000000000000001,0.1,0.30000000000000004,75.0,45.0,75.0,9602,3083,6519,9602,0.6789210581128932,0.6421921580695825,0.5,1.284384316139165,2193,0.7113201427181317,1.0,1
"iteration_1","SCOPE_DATA_COLLECTION",1600,44,2710.0,2770.0,1,9625,6557,2273,9649,6510,2209,3688,2592,859,5954,3967,1414,0.617506741339971,0.6048178075926208,0.622085349758029,0.5527157799442662,1.0178158614031456,1.7221024643593206,1.1054315598885325,1.0178158614031456,1.1480683095728803,0.5992407809110629,0.7002314814814815,0.7124563445867288,100.0,100.0,5229,1947,11279,54,2,11279,0.010327022375215147,0.001027221366204417,1.0,0.15000000000000002,0.8,0.1,0.30000000000000004,85.0,35.0,65.0,0.05,0.7000000000000001,0.1,0.30000000000000004,75.0,45.0,75.0,6668,2113,4555,6668,0.6831133773245351,1.1685594874813072,1.0,1.1685594874813072,1764,0.8348319924278277,1.0,1
"iteration_1","SCOPE_DATA_COLLECTION",1600,44,2710.0,2770.0,2,9625,6557,2273,9649,6510,2209,3688,2592,859,5954,3967,1414,0.617506741339971,0.6048178075926208,0.622085349758029,0.5527157799442662,1.0178158614031456,1.7221024643593206,1.1054315598885325,1.0178158614031456,1.1480683095728803,0.5992407809110629,0.7002314814814815,0.7124563445867288,100.0,100.0,5229,1947,11279,54,2,11279,0.010327022375215147,0.001027221366204417,1.0,0.15000000000000002,0.8,0.1,0.30000000000000004,85.0,35.0,65.0,0.05,0.7000000000000001,0.1,0.30000000000000004,75.0,45.0,75.0,2312,703,1609,2312,0.6959342560553633,2.032998465368118,1.5,1.355332310245412,616,0.8762446657183499,1.0,1
"iteration_1","SCOPE_DATA_COLLECTION",1600,45,2770.0,2830.0,0,9602,6668,2312,9625,6557,2273,3066,2130,702,6519,4555,1609,0.6801251956181533,0.681376215407629,0.6962353959324967,0.6407747277316295,1.1703659592503801,2.0452370690585093,1.281549455463259,1.1703659592503801,1.3634913793723396,0.7106979778212655,0.8366197183098592,0.8789173789173789,100.0,100.0,5269,677,12636,45,2,12636,0.00854052002277472,0.0029542097488921715,1.0,0.05,0.7000000000000001,0.1,0.30000000000000004,75.0,45.0,75.0,0.15000000000000002,0.7000000000000001,0.2,0.4,75.0,35.0,75.0,9770,3879,5891,9770,0.6029682702149437,0.5590746501058801,0.5,1.1181493002117602,2352,0.6063418406805878,1.0,1
"iteration_1","SCOPE_DATA_COLLECTION",1600,45,2770.0,2830.0,1,9602,6668,2312,9625,6557,2273,3066,2130,702,6519,4555,1609,0.6801251956181533,0.681376215407629,0.6962353959324967,0.6407747277316295,1.1703659592503801,2.0452370690585093,1.281549455463259,1.1703659592503801,1.3634913793723396,0.7106979778212655,0.8366197183098592,0.8789173789173789,100.0,100.0,5269,677,12636,45,2,12636,0.00854052002277472,0.0029542097488921715,1.0,0.05,0.7000000000000001,0.1,0.30000000000000004,75.0,45.0,75.0,0.15000000000000002,0.7000000000000001,0.2,0.4,75.0,35.0,75.0,6601,2581,4020,6601,0.6089986365702167,1.0724793452613723,1.0,1.0724793452613723,1770,0.6857807051530415,1.0,1
"iteration_1","SCOPE_DATA_COLLECTION",1600,45,2770.0,2830.0,2,9602,6668,2312,9625,6557,2273,3066,2130,702,6519,4555,1609,0.6801251956181533,0.681376215407629,0.6962353959324967,0.6407747277316295,1.1703659592503801,2.0452370690585093,1.281549455463259,1.1703659592503801,1.3634913793723396,0.7106979778212655,0.8366197183098592,0.8789173789173789,100.0,100.0,5269,677,12636,45,2,12636,0.00854052002277472,0.0029542097488921715,1.0,0.05,0.7000000000000001,0.1,0.30000000000000004,75.0,45.0,75.0,0.15000000000000002,0.7000000000000001,0.2,0.4,75.0,35.0,75.0,2295,840,1455,2295,0.6339869281045751,1.8131800760501295,1.5,1.208786717366753,629,0.7488095238095238,1.0,1
"iteration_1","SCOPE_DATA_COLLECTION",1600,46,2830.0,2890.0,0,9770,6601,2295,9602,6668,2312,3877,2577,836,5891,4020,1455,0.6030917280917281,0.6093678944974988,0.6350938454823222,0.5599482227442557,1.0717879000033592,1.8029458222413681,1.1198964454885114,1.0717879000033592,1.2019638814942455,0.6056229043074542,0.6856810244470314,0.7452153110047847,97.5,100.0,5443,1966,11257,106,3,11257,0.01947455447363586,0.001525940996948118,1.0,0.15000000000000002,0.7000000000000001,0.2,0.4,75.0,35.0,75.0,0.15000000000000002,0.6000000000000001,0.2,0.5,65.0,35.0,85.0,9786,3867,5919,9786,0.6048436541998774,0.5570424779473505,0.5,1.114084955894701,2296,0.5937419188001034,1.0,1
"iteration_1","SCOPE_DATA_COLLECTION",1600,46,2830.0,2890.0,1,9770,6601,2295,9602,6668,2312,3877,2577,836,5891,4020,1455,0.6030917280917281,0.6093678944974988,0.6350938454823222,0.5599482227442557,1.0717879000033592,1.8029458222413681,1.1198964454885114,1.0717879000033592,1.2019638814942455,0.6056229043074542,0.6856810244470314,0.7452153110047847,97.5,100.0,5443,1966,11257,106,3,11257,0.01947455447363586,0.001525940996948118,1.0,0.15000000000000002,0.7000000000000001,0.2,0.4,75.0,35.0,75.0,0.15000000000000002,0.6000000000000001,0.2,0.5,65.0,35.0,85.0,6656,2582,4074,6656,0.6120793269230769,1.0765479883768871,1.0,1.0765479883768871,1832,0.7095274980635167,1.0,1
"iteration_1","SCOPE_DATA_COLLECTION",1600,46,2830.0,2890.0,2,9770,6601,2295,9602,6668,2312,3877,2577,836,5891,4020,1455,0.6030917280917281,0.6093678944974988,0.6350938454823222,0.5599482227442557,1.0717879000033592,1.8029458222413681,1.1198964454885114,1.0717879000033592,1.2019638814942455,0.6056229043074542,0.6856810244470314,0.7452153110047847,97.5,100.0,5443,1966,11257,106,3,11257,0.01947455447363586,0.001525940996948118,1.0,0.15000000000000002,0.7000000000000001,0.2,0.4,75.0,35.0,75.0,0.15000000000000002,0.6000000000000001,0.2,0.5,65.0,35.0,85.0,2271,859,1412,2271,0.6217525319242624,1.7221744453519983,1.5,1.148116296901332,599,0.6973224679860303,1.0,1
"iteration_1","SCOPE_DATA_COLLECTION",1600,47,2890.0,2950.0,0,9786,6656,2271,9770,6601,2295,3875,2576,854,5919,4074,1412,0.6043496017970186,0.6126315789473684,0.6231244483671668,0.5569776103560922,1.0750654380733577,1.7155981689228161,1.1139552207121843,1.0750654380733577,1.1437321126152107,0.5948387096774194,0.7100155279503105,0.6955503512880562,100.0,100.0,5469,1966,11278,126,1,11278,0.02303894679100384,5.08646998982706E-4,1.0,0.15000000000000002,0.6000000000000001,0.2,0.5,65.0,35.0,85.0,0.9,0.5,0.8,0.9,65.0,50.0,50.0,9875,7360,2515,9875,0.25468354430379747,0.466159454511883,0.5,0.932318909023766,2935,0.39877717391304346,1.0,1
"iteration_1","SCOPE_DATA_COLLECTION",1600,47,2890.0,2950.0,1,9786,6656,2271,9770,6601,2295,3875,2576,854,5919,4074,1412,0.6043496017970186,0.6126315789473684,0.6231244483671668,0.5569776103560922,1.0750654380733577,1.7155981689228161,1.1139552207121843,1.0750654380733577,1.1437321126152107,0.5948387096774194,0.7100155279503105,0.6955503512880562,100.0,100.0,5469,1966,11278,126,1,11278,0.02303894679100384,5.08646998982706E-4,1.0,0.15000000000000002,0.6000000000000001,0.2,0.5,65.0,35.0,85.0,0.9,0.5,0.8,0.9,65.0,50.0,50.0,6622,4763,1859,6622,0.2807308970099668,0.8949546612788339,1.0,0.8949546612788339,2060,0.43250052487927776,1.0,1
"iteration_1","SCOPE_DATA_COLLECTION",1600,47,2890.0,2950.0,2,9786,6656,2271,9770,6601,2295,3875,2576,854,5919,4074,1412,0.6043496017970186,0.6126315789473684,0.6231244483671668,0.5569776103560922,1.0750654380733577,1.7155981689228161,1.1139552207121843,1.0750654380733577,1.1437321126152107,0.5948387096774194,0.7100155279503105,0.6955503512880562,100.0,100.0,5469,1966,11278,126,1,11278,0.02303894679100384,5.08646998982706E-4,1.0,0.15000000000000002,0.6000000000000001,0.2,0.5,65.0,35.0,85.0,0.9,0.5,0.8,0.9,65.0,50.0,50.0,2259,1546,713,2259,0.315626383355467,1.2476822714712033,1.5,0.8317881809808022,619,0.4003880983182406,1.0,1
"iteration_1","SCOPE_DATA_COLLECTION",1600,48,2950.0,3010.0,0,9875,6622,2259,9786,6656,2271,7337,4750,1541,2515,1859,713,0.2552781161185546,0.2812830988046603,0.3163265306122449,0.46628959836854555,0.8912797817945025,1.2511268958503108,0.9325791967370911,0.8912797817945025,0.8340845972335406,0.3986643042115306,0.43094736842105263,0.40298507462686567,97.5,100.0,5619,11840,1297,207,4871,9,0.03683929524826481,0.41140202702702705,0.006939090208172706,0.9,0.5,0.8,0.9,65.0,50.0,50.0,0.9,0.5,0.9,0.8,75.0,40.0,50.0,9609,7759,1850,9609,0.19252783848475388,0.407525263830376,0.5,0.815050527660752,2673,0.34450315762340505,1.0,1
"iteration_1","SCOPE_DATA_COLLECTION",1600,48,2950.0,3010.0,1,9875,6622,2259,9786,6656,2271,7337,4750,1541,2515,1859,713,0.2552781161185546,0.2812830988046603,0.3163265306122449,0.46628959836854555,0.8912797817945025,1.2511268958503108,0.9325791967370911,0.8912797817945025,0.8340845972335406,0.3986643042115306,0.43094736842105263,0.40298507462686567,97.5,100.0,5619,11840,1297,207,4871,9,0.03683929524826481,0.41140202702702705,0.006939090208172706,0.9,0.5,0.8,0.9,65.0,50.0,50.0,0.9,0.5,0.9,0.8,75.0,40.0,50.0,6559,5189,1370,6559,0.20887330385729533,0.763651327652186,1.0,0.763651327652186,1861,0.35864328386972444,1.0,1
"iteration_1","SCOPE_DATA_COLLECTION",1600,48,2950.0,3010.0,2,9875,6622,2259,9786,6656,2271,7337,4750,1541,2515,1859,713,0.2552781161185546,0.2812830988046603,0.3163265306122449,0.46628959836854555,0.8912797817945025,1.2511268958503108,0.9325791967370911,0.8912797817945025,0.8340845972335406,0.3986643042115306,0.43094736842105263,0.40298507462686567,97.5,100.0,5619,11840,1297,207,4871,9,0.03683929524826481,0.41140202702702705,0.006939090208172706,0.9,0.5,0.8,0.9,65.0,50.0,50.0,0.9,0.5,0.9,0.8,75.0,40.0,50.0,2230,1711,519,2230,0.2327354260089686,1.1455716255761053,1.5,0.7637144170507368,609,0.3559322033898305,1.0,1
"iteration_1","SCOPE_DATA_COLLECTION",1600,49,3010.0,3070.0,0,9609,6559,2230,9875,6622,2259,7751,5185,1712,1850,1370,518,0.19268826163941255,0.20900076277650648,0.23228699551569507,0.40749032001971064,0.7668057038554321,1.1535932550198686,0.8149806400394213,0.7668057038554321,0.7690621700132457,0.3439556186298542,0.35988428158148505,0.3598130841121495,100.0,100.0,5600,11532,1266,195,3543,0,0.03482142857142857,0.3072320499479709,0.0,0.9,0.5,0.9,0.8,75.0,40.0,50.0,0.9,0.5,0.9,0.8,75.0,40.0,50.0,9802,7672,2130,9802,0.21730259130789634,0.44782297039732305,0.5,0.8956459407946461,2768,0.3607924921793535,1.0,1
"iteration_1","SCOPE_DATA_COLLECTION",1600,49,3010.0,3070.0,1,9609,6559,2230,9875,6622,2259,7751,5185,1712,1850,1370,518,0.19268826163941255,0.20900076277650648,0.23228699551569507,0.40749032001971064,0.7668057038554321,1.1535932550198686,0.8149806400394213,0.7668057038554321,0.7690621700132457,0.3439556186298542,0.35988428158148505,0.3598130841121495,100.0,100.0,5600,11532,1266,195,3543,0,0.03482142857142857,0.3072320499479709,0.0,0.9,0.5,0.9,0.8,75.0,40.0,50.0,0.9,0.5,0.9,0.8,75.0,40.0,50.0,6557,4972,1585,6557,0.24172639926795791,0.7945881732050745,1.0,0.7945881732050745,1904,0.3829444891391794,1.0,1
"iteration_1","SCOPE_DATA_COLLECTION",1600,49,3010.0,3070.0,2,9609,6559,2230,9875,6622,2259,7751,5185,1712,1850,1370,518,0.19268826163941255,0.20900076277650648,0.23228699551569507,0.40749032001971064,0.7668057038554321,1.1535932550198686,0.8149806400394213,0.7668057038554321,0.7690621700132457,0.3439556186298542,0.35988428158148505,0.3598130841121495,100.0,100.0,5600,11532,1266,195,3543,0,0.03482142857142857,0.3072320499479709,0.0,0.9,0.5,0.9,0.8,75.0,40.0,50.0,0.9,0.5,0.9,0.8,75.0,40.0,50.0,2242,1640,602,2242,0.26851025869759143,1.1781537285668398,1.5,0.7854358190445598,611,0.3725609756097561,1.0,1
"iteration_1","SCOPE_DATA_COLLECTION",1600,50,3070.0,3130.0,0,9802,6557,2242,9609,6559,2230,7673,4960,1647,2130,1585,603,0.21728042435988984,0.24216959511077157,0.268,0.447864053199298,0.7918382974786758,1.183573177785778,0.895728106398596,0.7918382974786758,0.7890487851905187,0.36165776098006,0.3818548387096774,0.37462052216150576,100.0,100.0,5553,11678,1370,136,4182,0,0.024491265982351882,0.3581092652851516,0.0,0.9,0.5,0.9,0.8,75.0,40.0,50.0,0.55,0.30000000000000004,0.1,0.7000000000000001,50.0,45.0,60.0,9673,6883,2790,9673,0.2884317171508322,0.36953690800829425,0.5,0.7390738160165885,2363,0.3433096033706233,1.0,1
"iteration_1","SCOPE_DATA_COLLECTION",1600,50,3070.0,3130.0,1,9802,6557,2242,9609,6559,2230,7673,4960,1647,2130,1585,603,0.21728042435988984,0.24216959511077157,0.268,0.447864053199298,0.7918382974786758,1.183573177785778,0.895728106398596,0.7918382974786758,0.7890487851905187,0.36165776098006,0.3818548387096774,0.37462052216150576,100.0,100.0,5553,11678,1370,136,4182,0,0.024491265982351882,0.3581092652851516,0.0,0.9,0.5,0.9,0.8,75.0,40.0,50.0,0.55,0.30000000000000004,0.1,0.7000000000000001,50.0,45.0,60.0,6631,4720,1911,6631,0.2881918262705474,0.7009402855378842,1.0,0.7009402855378842,1897,0.40190677966101696,1.0,1
"iteration_1","SCOPE_DATA_COLLECTION",1600,50,3070.0,3130.0,2,9802,6557,2242,9609,6559,2230,7673,4960,1647,2130,1585,603,0.21728042435988984,0.24216959511077157,0.268,0.447864053199298,0.7918382974786758,1.183573177785778,0.895728106398596,0.7918382974786758,0.7890487851905187,0.36165776098006,0.3818548387096774,0.37462052216150576,100.0,100.0,5553,11678,1370,136,4182,0,0.024491265982351882,0.3581092652851516,0.0,0.9,0.5,0.9,0.8,75.0,40.0,50.0,0.55,0.30000000000000004,0.1,0.7000000000000001,50.0,45.0,60.0,2199,1496,703,2199,0.3196907685311505,1.1517259609842236,1.5,0.7678173073228157,603,0.40307486631016043,1.0,1
"iteration_1","SCOPE_DATA_COLLECTION",1600,51,3130.0,3190.0,0,9673,6631,2199,9802,6557,2242,6906,4743,1498,2790,1911,703,0.2877475247524752,0.2871956717763751,0.3194002726033621,0.37067318455835185,0.7063303071760091,1.144095641387458,0.7413463691167037,0.7063303071760091,0.7627304275916386,0.34375905010136115,0.4026987138941598,0.3985313751668892,100.0,100.0,5474,7094,5935,72,4,5328,0.013153087321885276,5.63856780377784E-4,0.8977253580454928,0.55,0.30000000000000004,0.1,0.7000000000000001,50.0,45.0,60.0,0.55,0.30000000000000004,0.1,0.7000000000000001,50.0,45.0,60.0,9766,6796,2970,9766,0.3041163219332378,0.37158912367717517,0.5,0.7431782473543503,2277,0.3350500294290759,1.0,1
"iteration_1","SCOPE_DATA_COLLECTION",1600,51,3130.0,3190.0,1,9673,6631,2199,9802,6557,2242,6906,4743,1498,2790,1911,703,0.2877475247524752,0.2871956717763751,0.3194002726033621,0.37067318455835185,0.7063303071760091,1.144095641387458,0.7413463691167037,0.7063303071760091,0.7627304275916386,0.34375905010136115,0.4026987138941598,0.3985313751668892,100.0,100.0,5474,7094,5935,72,4,5328,0.013153087321885276,5.63856780377784E-4,0.8977253580454928,0.55,0.30000000000000004,0.1,0.7000000000000001,50.0,45.0,60.0,0.55,0.30000000000000004,0.1,0.7000000000000001,50.0,45.0,60.0,6640,4620,2020,6640,0.3042168674698795,0.7021025251192018,1.0,0.7021025251192018,1827,0.39545454545454545,1.0,1
"iteration_1","SCOPE_DATA_COLLECTION",1600,51,3130.0,3190.0,2,9673,6631,2199,9802,6557,2242,6906,4743,1498,2790,1911,703,0.2877475247524752,0.2871956717763751,0.3194002726033621,0.37067318455835185,0.7063303071760091,1.144095641387458,0.7413463691167037,0.7063303071760091,0.7627304275916386,0.34375905010136115,0.4026987138941598,0.3985313751668892,100.0,100.0,5474,7094,5935,72,4,5328,0.013153087321885276,5.63856780377784E-4,0.8977253580454928,0.55,0.30000000000000004,0.1,0.7000000000000001,50.0,45.0,60.0,0.55,0.30000000000000004,0.1,0.7000000000000001,50.0,45.0,60.0,2350,1645,705,2350,0.3,1.15379545909565,1.5,0.7691969727304334,667,0.4054711246200608,1.0,1
"iteration_1","SCOPE_DATA_COLLECTION",1600,52,3190.0,3250.0,0,9766,6640,2350,9673,6631,2199,6788,4621,1641,2970,2020,705,0.3043656486985038,0.30417105857551574,0.30051150895140666,0.3704132296675445,0.6999070587630863,1.1504247850103313,0.740826459335089,0.6999070587630863,0.7669498566735542,0.33441367118444315,0.39536896775589697,0.4040219378427788,100.0,100.0,5330,7380,6046,77,3,5615,0.014446529080675423,4.065040650406504E-4,0.9287131988091301,0.55,0.30000000000000004,0.1,0.7000000000000001,50.0,45.0,60.0,0.55,0.4,0.2,0.7000000000000001,60.0,35.0,70.0,9697,6916,2781,9697,0.2867897287820976,0.4157898013609338,0.5,0.8315796027218676,2487,0.35960092539039906,1.0,1
"iteration_1","SCOPE_DATA_COLLECTION",1600,52,3190.0,3250.0,1,9766,6640,2350,9673,6631,2199,6788,4621,1641,2970,2020,705,0.3043656486985038,0.30417105857551574,0.30051150895140666,0.3704132296675445,0.6999070587630863,1.1504247850103313,0.740826459335089,0.6999070587630863,0.7669498566735542,0.33441367118444315,0.39536896775589697,0.4040219378427788,100.0,100.0,5330,7380,6046,77,3,5615,0.014446529080675423,4.065040650406504E-4,0.9287131988091301,0.55,0.30000000000000004,0.1,0.7000000000000001,50.0,45.0,60.0,0.55,0.4,0.2,0.7000000000000001,60.0,35.0,70.0,6554,4657,1897,6554,0.28944156240463836,0.7427658461678501,1.0,0.7427658461678501,1875,0.4026197122611123,1.0,1
"iteration_1","SCOPE_DATA_COLLECTION",1600,52,3190.0,3250.0,2,9766,6640,2350,9673,6631,2199,6788,4621,1641,2970,2020,705,0.3043656486985038,0.30417105857551574,0.30051150895140666,0.3704132296675445,0.6999070587630863,1.1504247850103313,0.740826459335089,0.6999070587630863,0.7669498566735542,0.33441367118444315,0.39536896775589697,0.4040219378427788,100.0,100.0,5330,7380,6046,77,3,5615,0.014446529080675423,4.065040650406504E-4,0.9287131988091301,0.55,0.30000000000000004,0.1,0.7000000000000001,50.0,45.0,60.0,0.55,0.4,0.2,0.7000000000000001,60.0,35.0,70.0,2343,1613,730,2343,0.31156636790439607,1.175371014992995,1.5,0.7835806766619967,652,0.4042157470551767,1.0,1
"iteration_1","SCOPE_DATA_COLLECTION",1600,53,3250.0,3310.0,0,9697,6554,2343,9766,6640,2350,6907,4646,1612,2781,1897,730,0.287056151940545,0.2899281675072597,0.3116994022203245,0.41468976673994273,0.7415155098516801,1.1775530277605115,0.8293795334798855,0.7415155098516801,0.785035351840341,0.3583321268278558,0.40185105467068444,0.40508684863523575,100.0,100.0,5452,7277,5865,111,5,5292,0.020359501100513572,6.87096330905593E-4,0.90230179028133,0.55,0.4,0.2,0.7000000000000001,60.0,35.0,70.0,0.65,0.5,0.1,0.8,70.0,25.0,80.0,9822,8643,1179,9822,0.12003665241295051,0.3426755272676447,0.5,0.6853510545352894,2416,0.27953256970959156,1.0,1
"iteration_1","SCOPE_DATA_COLLECTION",1600,53,3250.0,3310.0,1,9697,6554,2343,9766,6640,2350,6907,4646,1612,2781,1897,730,0.287056151940545,0.2899281675072597,0.3116994022203245,0.41468976673994273,0.7415155098516801,1.1775530277605115,0.8293795334798855,0.7415155098516801,0.785035351840341,0.3583321268278558,0.40185105467068444,0.40508684863523575,100.0,100.0,5452,7277,5865,111,5,5292,0.020359501100513572,6.87096330905593E-4,0.90230179028133,0.55,0.4,0.2,0.7000000000000001,60.0,35.0,70.0,0.65,0.5,0.1,0.8,70.0,25.0,80.0,6586,5783,803,6586,0.12192529608259946,0.6205459712370479,1.0,0.6205459712370479,1865,0.32249697388898496,1.0,1
"iteration_1","SCOPE_DATA_COLLECTION",1600,53,3250.0,3310.0,2,9697,6554,2343,9766,6640,2350,6907,4646,1612,2781,1897,730,0.287056151940545,0.2899281675072597,0.3116994022203245,0.41468976673994273,0.7415155098516801,1.1775530277605115,0.8293795334798855,0.7415155098516801,0.785035351840341,0.3583321268278558,0.40185105467068444,0.40508684863523575,100.0,100.0,5452,7277,5865,111,5,5292,0.020359501100513572,6.87096330905593E-4,0.90230179028133,0.55,0.4,0.2,0.7000000000000001,60.0,35.0,70.0,0.65,0.5,0.1,0.8,70.0,25.0,80.0,2295,1945,350,2295,0.15250544662309368,1.0406477561816232,1.5,0.6937651707877488,643,0.33059125964010283,1.0,1
"iteration_1","SCOPE_DATA_COLLECTION",1600,54,3310.0,3370.0,0,9822,6586,2295,9697,6554,2343,8658,5787,1940,1179,803,350,0.11985361390667887,0.12185128983308043,0.15283842794759825,0.3439531263743408,0.6218299131333014,1.0371997760657676,0.6879062527486816,0.6218299131333014,0.6914665173771785,0.2806652806652807,0.32296526697770866,0.32938144329896907,100.0,100.0,5385,8649,4669,102,12,2218,0.01894150417827298,0.001387443635102324,0.475048190190619,0.65,0.5,0.1,0.8,70.0,25.0,80.0,0.65,0.4,0.1,0.9,60.0,25.0,80.0,9630,8650,980,9630,0.10176531671858775,0.35716380835551276,0.5,0.7143276167110255,2447,0.2828901734104046,1.0,1
"iteration_1","SCOPE_DATA_COLLECTION",1600,54,3310.0,3370.0,1,9822,6586,2295,9697,6554,2343,8658,5787,1940,1179,803,350,0.11985361390667887,0.12185128983308043,0.15283842794759825,0.3439531263743408,0.6218299131333014,1.0371997760657676,0.6879062527486816,0.6218299131333014,0.6914665173771785,0.2806652806652807,0.32296526697770866,0.32938144329896907,100.0,100.0,5385,8649,4669,102,12,2218,0.01894150417827298,0.001387443635102324,0.475048190190619,0.65,0.5,0.1,0.8,70.0,25.0,80.0,0.65,0.4,0.1,0.9,60.0,25.0,80.0,6577,5925,652,6577,0.09913334346966703,0.625436708321395,1.0,0.625436708321395,1905,0.32151898734177214,1.0,1
"iteration_1","SCOPE_DATA_COLLECTION",1600,54,3310.0,3370.0,2,9822,6586,2295,9697,6554,2343,8658,5787,1940,1179,803,350,0.11985361390667887,0.12185128983308043,0.15283842794759825,0.3439531263743408,0.6218299131333014,1.0371997760657676,0.6879062527486816,0.6218299131333014,0.6914665173771785,0.2806652806652807,0.32296526697770866,0.32938144329896907,100.0,100.0,5385,8649,4669,102,12,2218,0.01894150417827298,0.001387443635102324,0.475048190190619,0.65,0.5,0.1,0.8,70.0,25.0,80.0,0.65,0.4,0.1,0.9,60.0,25.0,80.0,2254,1975,279,2254,0.12377994676131322,1.0223219131996306,1.5,0.6815479421330871,622,0.3149367088607595,1.0,1
"iteration_1","SCOPE_DATA_COLLECTION",1600,55,3370.0,3430.0,0,9630,6577,2254,9822,6586,2295,8628,5914,1977,980,652,279,0.10199833472106577,0.09929942126104173,0.12367021276595745,0.3565361629422764,0.6253532300232573,1.028008974046188,0.7130723258845528,0.6253532300232573,0.685339316030792,0.2821047751506722,0.32228610077781533,0.317653009610521,100.0,100.0,5344,8546,4571,83,7,1821,0.015531437125748502,8.190966534051018E-4,0.39838109822795886,0.65,0.4,0.1,0.9,60.0,25.0,80.0,0.75,0.5,0.2,0.9,70.0,25.0,80.0,9704,9592,112,9704,0.011541632316570486,0.33354575868597947,0.5,0.6670915173719589,2409,0.2511467889908257,1.0,1
"iteration_1","SCOPE_DATA_COLLECTION",1600,55,3370.0,3430.0,1,9630,6577,2254,9822,6586,2295,8628,5914,1977,980,652,279,0.10199833472106577,0.09929942126104173,0.12367021276595745,0.3565361629422764,0.6253532300232573,1.028008974046188,0.7130723258845528,0.6253532300232573,0.685339316030792,0.2821047751506722,0.32228610077781533,0.317653009610521,100.0,100.0,5344,8546,4571,83,7,1821,0.015531437125748502,8.190966534051018E-4,0.39838109822795886,0.65,0.4,0.1,0.9,60.0,25.0,80.0,0.75,0.5,0.2,0.9,70.0,25.0,80.0,6653,6539,114,6653,0.01713512701037126,0.6178175861150068,1.0,0.6178175861150068,1954,0.2988224499158893,1.0,1
"iteration_1","SCOPE_DATA_COLLECTION",1600,55,3370.0,3430.0,2,9630,6577,2254,9822,6586,2295,8628,5914,1977,980,652,279,0.10199833472106577,0.09929942126104173,0.12367021276595745,0.3565361629422764,0.6253532300232573,1.028008974046188,0.7130723258845528,0.6253532300232573,0.685339316030792,0.2821047751506722,0.32228610077781533,0.317653009610521,100.0,100.0,5344,8546,4571,83,7,1821,0.015531437125748502,8.190966534051018E-4,0.39838109822795886,0.65,0.4,0.1,0.9,60.0,25.0,80.0,0.75,0.5,0.2,0.9,70.0,25.0,80.0,2259,2176,83,2259,0.036741921204072596,0.9547569786180016,1.5,0.636504652412001,611,0.28079044117647056,1.0,1
"iteration_1","SCOPE_DATA_COLLECTION",1600,56,3430.0,3490.0,0,9704,6653,2259,9630,6577,2254,9604,6546,2169,112,114,83,0.011527377521613832,0.017117117117117116,0.03685612788632327,0.33476070134261343,0.6178753275943902,0.9484959444539407,0.6695214026852269,0.6178753275943902,0.6323306296359604,0.252707205331112,0.29941949282004277,0.27754725680036885,100.0,100.0,5462,9872,3282,117,169,23,0.021420725009154155,0.017119124797406807,0.007007921998781231,0.75,0.5,0.2,0.9,70.0,25.0,80.0,0.05,0.9,0.2,0.9,50.0,25.0,70.0,9598,3152,6446,9598,0.6715982496353406,0.6463034484675593,0.5,1.2926068969351185,2225,0.7059010152284264,1.0,1
"iteration_1","SCOPE_DATA_COLLECTION",1600,56,3430.0,3490.0,1,9704,6653,2259,9630,6577,2254,9604,6546,2169,112,114,83,0.011527377521613832,0.017117117117117116,0.03685612788632327,0.33476070134261343,0.6178753275943902,0.9484959444539407,0.6695214026852269,0.6178753275943902,0.6323306296359604,0.252707205331112,0.29941949282004277,0.27754725680036885,100.0,100.0,5462,9872,3282,117,169,23,0.021420725009154155,0.017119124797406807,0.007007921998781231,0.75,0.5,0.2,0.9,70.0,25.0,80.0,0.05,0.9,0.2,0.9,50.0,25.0,70.0,6597,2166,4431,6597,0.671668940427467,1.261482814119056,1.0,1.261482814119056,1829,0.8444136657433057,1.0,1
"iteration_1","SCOPE_DATA_COLLECTION",1600,56,3430.0,3490.0,2,9704,6653,2259,9630,6577,2254,9604,6546,2169,112,114,83,0.011527377521613832,0.017117117117117116,0.03685612788632327,0.33476070134261343,0.6178753275943902,0.9484959444539407,0.6695214026852269,0.6178753275943902,0.6323306296359604,0.252707205331112,0.29941949282004277,0.27754725680036885,100.0,100.0,5462,9872,3282,117,169,23,0.021420725009154155,0.017119124797406807,0.007007921998781231,0.75,0.5,0.2,0.9,70.0,25.0,80.0,0.05,0.9,0.2,0.9,50.0,25.0,70.0,2249,669,1580,2249,0.7025344597598933,2.1077700927058287,1.5,1.4051800618038859,590,0.8819133034379671,1.0,1
"iteration_1","SCOPE_DATA_COLLECTION",1600,57,3490.0,3550.0,0,9598,6597,2249,9704,6653,2259,3168,2185,684,6446,4431,1580,0.6704805491990846,0.6697400241837969,0.6978798586572438,0.6418440766159791,1.2538133253679569,2.08992524887024,1.2836881532319582,1.2538133253679569,1.3932834992468266,0.6994949494949495,0.8366132723112129,0.8728070175438597,97.5,100.0,5382,642,12420,112,1,12344,0.020810107766629504,0.001557632398753894,0.9938808373590983,0.05,0.9,0.2,0.9,50.0,25.0,70.0,0.8500000000000001,0.4,0.8,0.8,20.0,80.0,90.0,9574,9004,570,9574,0.05953624399415083,0.3801604738720203,0.5,0.7603209477440406,2690,0.2987561083962683,1.0,1
"iteration_1","SCOPE_DATA_COLLECTION",1600,57,3490.0,3550.0,1,9598,6597,2249,9704,6653,2259,3168,2185,684,6446,4431,1580,0.6704805491990846,0.6697400241837969,0.6978798586572438,0.6418440766159791,1.2538133253679569,2.08992524887024,1.2836881532319582,1.2538133253679569,1.3932834992468266,0.6994949494949495,0.8366132723112129,0.8728070175438597,97.5,100.0,5382,642,12420,112,1,12344,0.020810107766629504,0.001557632398753894,0.9938808373590983,0.05,0.9,0.2,0.9,50.0,25.0,70.0,0.8500000000000001,0.4,0.8,0.8,20.0,80.0,90.0,6651,6195,456,6651,0.06856111862877763,0.6998885954220214,1.0,0.6998885954220214,1948,0.31444713478611785,1.0,1
"iteration_1","SCOPE_DATA_COLLECTION",1600,57,3490.0,3550.0,2,9598,6597,2249,9704,6653,2259,3168,2185,684,6446,4431,1580,0.6704805491990846,0.6697400241837969,0.6978798586572438,0.6418440766159791,1.2538133253679569,2.08992524887024,1.2836881532319582,1.2538133253679569,1.3932834992468266,0.6994949494949495,0.8366132723112129,0.8728070175438597,97.5,100.0,5382,642,12420,112,1,12344,0.020810107766629504,0.001557632398753894,0.9938808373590983,0.05,0.9,0.2,0.9,50.0,25.0,70.0,0.8500000000000001,0.4,0.8,0.8,20.0,80.0,90.0,2255,2048,207,2255,0.0917960088691796,1.033944133990325,1.5,0.6892960893268834,623,0.30419921875,1.0,1
"iteration_1","SCOPE_DATA_COLLECTION",1600,58,3550.0,3619.041337600594,0,9574,6651,2255,9598,6597,2249,8998,6176,2053,557,436,200,0.05829408686551544,0.06594071385359952,0.0887705281846427,0.380700530025095,0.6971362518147715,1.0369751184154103,0.76140106005019,0.6971362518147715,0.6913167456102736,0.29895532340520115,0.3126619170984456,0.30638090599123236,100.0,100.0,5664,10903,1913,181,976,36,0.03195621468926554,0.08951664679446024,0.01881860951385259,0.8500000000000001,0.4,0.8,0.8,20.0,80.0,90.0,0.65,0.1,0.30000000000000004,0.30000000000000004,85.0,85.0,60.0,8037,7254,730,7984,0.09143286573146292,0.3450503762892061,0.5,0.6901007525784122,2000,0.27570995312930796,0.9934054995645141,0
"iteration_1","SCOPE_DATA_COLLECTION",1600,58,3550.0,3619.041337600594,1,9574,6651,2255,9598,6597,2249,8998,6176,2053,557,436,200,0.05829408686551544,0.06594071385359952,0.0887705281846427,0.380700530025095,0.6971362518147715,1.0369751184154103,0.76140106005019,0.6971362518147715,0.6913167456102736,0.29895532340520115,0.3126619170984456,0.30638090599123236,100.0,100.0,5664,10903,1913,181,976,36,0.03195621468926554,0.08951664679446024,0.01881860951385259,0.8500000000000001,0.4,0.8,0.8,20.0,80.0,90.0,0.65,0.1,0.30000000000000004,0.30000000000000004,85.0,85.0,60.0,5476,4876,539,5415,0.09953831948291782,0.6711678310427083,1.0,0.6711678310427083,1600,0.3281378178835111,0.9888604821037253,0
"iteration_1","SCOPE_DATA_COLLECTION",1600,58,3550.0,3619.041337600594,2,9574,6651,2255,9598,6597,2249,8998,6176,2053,557,436,200,0.05829408686551544,0.06594071385359952,0.0887705281846427,0.380700530025095,0.6971362518147715,1.0369751184154103,0.76140106005019,0.6971362518147715,0.6913167456102736,0.29895532340520115,0.3126619170984456,0.30638090599123236,100.0,100.0,5664,10903,1913,181,976,36,0.03195621468926554,0.08951664679446024,0.01881860951385259,0.8500000000000001,0.4,0.8,0.8,20.0,80.0,90.0,0.65,0.1,0.30000000000000004,0.30000000000000004,85.0,85.0,60.0,1835,1572,217,1789,0.12129681386249301,1.0029365415424394,1.5,0.6686243610282929,485,0.30852417302798985,0.9749318801089918,0
"iteration_1","SCOPE_DATA_COLLECTION",1700,0,70.0,130.0,0,9548,6422,2220,0,0,0,8079,5338,1786,1413,1018,407,0.1488621997471555,0.16016362492133418,0.1855905152758778,0.3620356944437628,0.6933135257195747,1.0839823297671367,0.7240713888875256,0.6933135257195747,0.7226548865114245,0.2913726946404258,0.32802547770700635,0.33874580067189247,100.0,100.0,5501,7646,5043,196,69,2573,0.03562988547536811,0.009024326445200105,0.5102121752924846,0.6,0.5,0.7,0.4,85.0,80.0,90.0,0.6000000000000001,0.6000000000000001,0.7000000000000001,0.5,95.0,80.0,90.0,10200,8593,1607,10200,0.15754901960784315,0.3703481566800623,0.5,0.7406963133601246,2669,0.3106016525078552,1.0,1
"iteration_1","SCOPE_DATA_COLLECTION",1700,0,70.0,130.0,1,9548,6422,2220,0,0,0,8079,5338,1786,1413,1018,407,0.1488621997471555,0.16016362492133418,0.1855905152758778,0.3620356944437628,0.6933135257195747,1.0839823297671367,0.7240713888875256,0.6933135257195747,0.7226548865114245,0.2913726946404258,0.32802547770700635,0.33874580067189247,100.0,100.0,5501,7646,5043,196,69,2573,0.03562988547536811,0.009024326445200105,0.5102121752924846,0.6,0.5,0.7,0.4,85.0,80.0,90.0,0.6000000000000001,0.6000000000000001,0.7000000000000001,0.5,95.0,80.0,90.0,7097,5914,1183,7097,0.16669015076793012,0.7209861692496209,1.0,0.7209861692496209,1988,0.33615150490361856,1.0,1
"iteration_1","SCOPE_DATA_COLLECTION",1700,0,70.0,130.0,2,9548,6422,2220,0,0,0,8079,5338,1786,1413,1018,407,0.1488621997471555,0.16016362492133418,0.1855905152758778,0.3620356944437628,0.6933135257195747,1.0839823297671367,0.7240713888875256,0.6933135257195747,0.7226548865114245,0.2913726946404258,0.32802547770700635,0.33874580067189247,100.0,100.0,5501,7646,5043,196,69,2573,0.03562988547536811,0.009024326445200105,0.5102121752924846,0.6,0.5,0.7,0.4,85.0,80.0,90.0,0.6000000000000001,0.6000000000000001,0.7000000000000001,0.5,95.0,80.0,90.0,2328,1854,474,2328,0.2036082474226804,1.055459117225916,1.5,0.703639411483944,610,0.3290183387270766,1.0,1
"iteration_1","SCOPE_DATA_COLLECTION",1700,1,130.0,190.0,0,10200,7097,2328,9548,6422,2220,8595,5902,1844,1607,1184,474,0.15751813369927464,0.16709003669206887,0.20448662640207074,0.37123256950209926,0.7200061762582314,1.0582070080419796,0.7424651390041985,0.7200061762582314,0.7054713386946531,0.3125072716695753,0.3361572348356489,0.33080260303687636,97.5,100.0,5710,8374,5541,249,4,3012,0.0436077057793345,4.776689754000478E-4,0.5435841905793178,0.6000000000000001,0.6000000000000001,0.7000000000000001,0.5,95.0,80.0,90.0,0.6000000000000001,0.6000000000000001,0.7000000000000001,0.5,95.0,80.0,90.0,10368,8231,2137,10368,0.20611496913580246,0.4057864322591982,0.5,0.8115728645183964,2724,0.3309439922245171,1.0,1
"iteration_1","SCOPE_DATA_COLLECTION",1700,1,130.0,190.0,1,10200,7097,2328,9548,6422,2220,8595,5902,1844,1607,1184,474,0.15751813369927464,0.16709003669206887,0.20448662640207074,0.37123256950209926,0.7200061762582314,1.0582070080419796,0.7424651390041985,0.7200061762582314,0.7054713386946531,0.3125072716695753,0.3361572348356489,0.33080260303687636,97.5,100.0,5710,8374,5541,249,4,3012,0.0436077057793345,4.776689754000478E-4,0.5435841905793178,0.6000000000000001,0.6000000000000001,0.7000000000000001,0.5,95.0,80.0,90.0,0.6000000000000001,0.6000000000000001,0.7000000000000001,0.5,95.0,80.0,90.0,7321,5754,1567,7321,0.21404179756863817,0.74689205776099,1.0,0.74689205776099,1996,0.34688912061174837,1.0,1
"iteration_1","SCOPE_DATA_COLLECTION",1700,1,130.0,190.0,2,10200,7097,2328,9548,6422,2220,8595,5902,1844,1607,1184,474,0.15751813369927464,0.16709003669206887,0.20448662640207074,0.37123256950209926,0.7200061762582314,1.0582070080419796,0.7424651390041985,0.7200061762582314,0.7054713386946531,0.3125072716695753,0.3361572348356489,0.33080260303687636,97.5,100.0,5710,8374,5541,249,4,3012,0.0436077057793345,4.776689754000478E-4,0.5435841905793178,0.6000000000000001,0.6000000000000001,0.7000000000000001,0.5,95.0,80.0,90.0,0.6000000000000001,0.6000000000000001,0.7000000000000001,0.5,95.0,80.0,90.0,2368,1812,556,2368,0.23479729729729729,1.0755305908824104,1.5,0.717020393921607,600,0.33112582781456956,1.0,1
"iteration_1","SCOPE_DATA_COLLECTION",1700,2,190.0,250.0,0,10368,7321,2368,10200,7097,2328,8250,5760,1814,2137,1567,556,0.20573794165784154,0.21386652108639279,0.23459915611814347,0.4057967772641918,0.7489124623887928,1.078345706161994,0.8115935545283836,0.7489124623887928,0.7188971374413294,0.33054545454545453,0.3467013888888889,0.3318632855567806,95.0,100.0,5801,8475,5781,225,10,4025,0.03878641613514911,0.0011799410029498525,0.6962463241653694,0.6000000000000001,0.6000000000000001,0.7000000000000001,0.5,95.0,80.0,90.0,0.6000000000000001,0.6000000000000001,0.6000000000000001,0.5,85.0,80.0,80.0,10360,7914,2446,10360,0.2361003861003861,0.41712580312581005,0.5,0.8342516062516201,2763,0.3491281273692191,1.0,1
"iteration_1","SCOPE_DATA_COLLECTION",1700,2,190.0,250.0,1,10368,7321,2368,10200,7097,2328,8250,5760,1814,2137,1567,556,0.20573794165784154,0.21386652108639279,0.23459915611814347,0.4057967772641918,0.7489124623887928,1.078345706161994,0.8115935545283836,0.7489124623887928,0.7188971374413294,0.33054545454545453,0.3467013888888889,0.3318632855567806,95.0,100.0,5801,8475,5781,225,10,4025,0.03878641613514911,0.0011799410029498525,0.6962463241653694,0.6000000000000001,0.6000000000000001,0.7000000000000001,0.5,95.0,80.0,90.0,0.6000000000000001,0.6000000000000001,0.6000000000000001,0.5,85.0,80.0,80.0,7163,5420,1743,7163,0.2433337986877007,0.7841669990188439,1.0,0.7841669990188439,2068,0.381549815498155,1.0,1
"iteration_1","SCOPE_DATA_COLLECTION",1700,2,190.0,250.0,2,10368,7321,2368,10200,7097,2328,8250,5760,1814,2137,1567,556,0.20573794165784154,0.21386652108639279,0.23459915611814347,0.4057967772641918,0.7489124623887928,1.078345706161994,0.8115935545283836,0.7489124623887928,0.7188971374413294,0.33054545454545453,0.3467013888888889,0.3318632855567806,95.0,100.0,5801,8475,5781,225,10,4025,0.03878641613514911,0.0011799410029498525,0.6962463241653694,0.6000000000000001,0.6000000000000001,0.7000000000000001,0.5,95.0,80.0,90.0,0.6000000000000001,0.6000000000000001,0.6000000000000001,0.5,85.0,80.0,80.0,2351,1728,623,2351,0.26499361973628244,1.0863527947621006,1.5,0.724235196508067,588,0.3402777777777778,1.0,1
"iteration_1","SCOPE_DATA_COLLECTION",1700,3,250.0,310.0,0,10360,7163,2351,10368,7321,2368,7892,5427,1736,2446,1743,623,0.23660282453085704,0.24309623430962343,0.26409495548961426,0.41495731238452177,0.781554351486165,1.0852284300853583,0.8299146247690435,0.781554351486165,0.7234856200569055,0.3473137354282818,0.380873410724157,0.33986175115207373,100.0,100.0,5778,8491,5605,223,10,4579,0.03859466943579093,0.001177717583323519,0.8169491525423729,0.6000000000000001,0.6000000000000001,0.6000000000000001,0.5,85.0,80.0,80.0,0.6000000000000001,0.5,0.5,0.6000000000000001,85.0,90.0,90.0,10212,7532,2680,10212,0.26243634939287114,0.39899020204646546,0.5,0.7979804040929309,2650,0.3518321826872013,1.0,1
"iteration_1","SCOPE_DATA_COLLECTION",1700,3,250.0,310.0,1,10360,7163,2351,10368,7321,2368,7892,5427,1736,2446,1743,623,0.23660282453085704,0.24309623430962343,0.26409495548961426,0.41495731238452177,0.781554351486165,1.0852284300853583,0.8299146247690435,0.781554351486165,0.7234856200569055,0.3473137354282818,0.380873410724157,0.33986175115207373,100.0,100.0,5778,8491,5605,223,10,4579,0.03859466943579093,0.001177717583323519,0.8169491525423729,0.6000000000000001,0.6000000000000001,0.6000000000000001,0.5,85.0,80.0,80.0,0.6000000000000001,0.5,0.5,0.6000000000000001,85.0,90.0,90.0,7121,5168,1953,7121,0.2742592332537565,0.7671222356138573,1.0,0.7671222356138573,1995,0.3860294117647059,1.0,1
"iteration_1","SCOPE_DATA_COLLECTION",1700,3,250.0,310.0,2,10360,7163,2351,10368,7321,2368,7892,5427,1736,2446,1743,623,0.23660282453085704,0.24309623430962343,0.26409495548961426,0.41495731238452177,0.781554351486165,1.0852284300853583,0.8299146247690435,0.781554351486165,0.7234856200569055,0.3473137354282818,0.380873410724157,0.33986175115207373,100.0,100.0,5778,8491,5605,223,10,4579,0.03859466943579093,0.001177717583323519,0.8169491525423729,0.6000000000000001,0.6000000000000001,0.6000000000000001,0.5,85.0,80.0,80.0,0.6000000000000001,0.5,0.5,0.6000000000000001,85.0,90.0,90.0,2501,1730,771,2501,0.30827668932427027,1.134558662494543,1.5,0.7563724416630286,638,0.36878612716763004,1.0,1
"iteration_1","SCOPE_DATA_COLLECTION",1700,4,310.0,370.0,0,10212,7121,2501,10360,7163,2351,7549,5170,1727,2680,1953,771,0.26200019552253395,0.27418222658992,0.30864691753402723,0.4011531706500165,0.7676429984360713,1.1270936989415936,0.802306341300033,0.7676429984360713,0.7513957992943957,0.3534242946085574,0.38684719535783363,0.36537348002316156,97.5,100.0,5701,8369,5764,218,12,5174,0.038238905455183304,0.0014338630660771896,0.8976405274115198,0.6000000000000001,0.5,0.5,0.6000000000000001,85.0,90.0,90.0,0.5,0.5,0.7000000000000001,0.1,50.0,70.0,60.0,10299,6463,3836,10299,0.37246334595591807,0.44106557471746316,0.5,0.8821311494349263,2529,0.391304347826087,1.0,1
"iteration_1","SCOPE_DATA_COLLECTION",1700,4,310.0,370.0,1,10212,7121,2501,10360,7163,2351,7549,5170,1727,2680,1953,771,0.26200019552253395,0.27418222658992,0.30864691753402723,0.4011531706500165,0.7676429984360713,1.1270936989415936,0.802306341300033,0.7676429984360713,0.7513957992943957,0.3534242946085574,0.38684719535783363,0.36537348002316156,97.5,100.0,5701,8369,5764,218,12,5174,0.038238905455183304,0.0014338630660771896,0.8976405274115198,0.6000000000000001,0.5,0.5,0.6000000000000001,85.0,90.0,90.0,0.5,0.5,0.7000000000000001,0.1,50.0,70.0,60.0,7138,4513,2625,7138,0.3677500700476324,0.8382408716927328,1.0,0.8382408716927328,1910,0.4232218036782628,1.0,1
"iteration_1","SCOPE_DATA_COLLECTION",1700,4,310.0,370.0,2,10212,7121,2501,10360,7163,2351,7549,5170,1727,2680,1953,771,0.26200019552253395,0.27418222658992,0.30864691753402723,0.4011531706500165,0.7676429984360713,1.1270936989415936,0.802306341300033,0.7676429984360713,0.7513957992943957,0.3534242946085574,0.38684719535783363,0.36537348002316156,97.5,100.0,5701,8369,5764,218,12,5174,0.038238905455183304,0.0014338630660771896,0.8976405274115198,0.6000000000000001,0.5,0.5,0.6000000000000001,85.0,90.0,90.0,0.5,0.5,0.7000000000000001,0.1,50.0,70.0,60.0,2452,1534,918,2452,0.3743882544861338,1.1681032085187117,1.5,0.7787354723458079,654,0.42633637548891784,1.0,1
"iteration_1","SCOPE_DATA_COLLECTION",1700,5,370.0,430.0,0,10299,7138,2452,10212,7121,2501,6444,4513,1538,3836,2625,918,0.37315175097276265,0.3677500700476324,0.3737785016286645,0.4381700179592371,0.8398670460398183,1.1760088355960494,0.8763400359184742,0.8398670460398183,0.7840058903973662,0.3888888888888889,0.4234433857744294,0.42912873862158646,97.5,100.0,5476,7100,7313,112,7,7260,0.020452885317750184,9.859154929577464E-4,0.9927526322986463,0.5,0.5,0.7000000000000001,0.1,50.0,70.0,60.0,0.5,0.5,0.7000000000000001,0.1,50.0,80.0,50.0,10281,6463,3818,10281,0.3713646532438479,0.3969123541585447,0.5,0.7938247083170894,2350,0.3636082314714529,1.0,1
"iteration_1","SCOPE_DATA_COLLECTION",1700,5,370.0,430.0,1,10299,7138,2452,10212,7121,2501,6444,4513,1538,3836,2625,918,0.37315175097276265,0.3677500700476324,0.3737785016286645,0.4381700179592371,0.8398670460398183,1.1760088355960494,0.8763400359184742,0.8398670460398183,0.7840058903973662,0.3888888888888889,0.4234433857744294,0.42912873862158646,97.5,100.0,5476,7100,7313,112,7,7260,0.020452885317750184,9.859154929577464E-4,0.9927526322986463,0.5,0.5,0.7000000000000001,0.1,50.0,70.0,60.0,0.5,0.5,0.7000000000000001,0.1,50.0,80.0,50.0,7089,4460,2629,7089,0.37085625617153334,0.806710761429726,1.0,0.806710761429726,1861,0.4172645739910314,1.0,1
"iteration_1","SCOPE_DATA_COLLECTION",1700,5,370.0,430.0,2,10299,7138,2452,10212,7121,2501,6444,4513,1538,3836,2625,918,0.37315175097276265,0.3677500700476324,0.3737785016286645,0.4381700179592371,0.8398670460398183,1.1760088355960494,0.8763400359184742,0.8398670460398183,0.7840058903973662,0.3888888888888889,0.4234433857744294,0.42912873862158646,97.5,100.0,5476,7100,7313,112,7,7260,0.020452885317750184,9.859154929577464E-4,0.9927526322986463,0.5,0.5,0.7000000000000001,0.1,50.0,70.0,60.0,0.5,0.5,0.7000000000000001,0.1,50.0,80.0,50.0,2468,1563,905,2468,0.3666936790923825,1.1661289548731384,1.5,0.777419303248759,666,0.42610364683301344,1.0,1
"iteration_1","SCOPE_DATA_COLLECTION",1700,6,430.0,490.0,0,10281,7089,2468,10299,7138,2452,6454,4466,1565,3818,2629,905,0.371690031152648,0.3705426356589147,0.36639676113360325,0.3956474525075684,0.8066697417889137,1.1670891450092924,0.7912949050151368,0.8066697417889137,0.7780594300061949,0.36303067864889993,0.4171518137035378,0.42619808306709267,100.0,100.0,5367,7254,7217,127,8,7217,0.023663126513881125,0.0011028398125172319,1.0,0.5,0.5,0.7000000000000001,0.1,50.0,80.0,50.0,0.6000000000000001,0.6000000000000001,0.6000000000000001,0.1,40.0,90.0,60.0,10290,7920,2370,10290,0.2303206997084548,0.40141996584941897,0.5,0.8028399316988379,2712,0.3424242424242424,1.0,1
"iteration_1","SCOPE_DATA_COLLECTION",1700,6,430.0,490.0,1,10281,7089,2468,10299,7138,2452,6454,4466,1565,3818,2629,905,0.371690031152648,0.3705426356589147,0.36639676113360325,0.3956474525075684,0.8066697417889137,1.1670891450092924,0.7912949050151368,0.8066697417889137,0.7780594300061949,0.36303067864889993,0.4171518137035378,0.42619808306709267,100.0,100.0,5367,7254,7217,127,8,7217,0.023663126513881125,0.0011028398125172319,1.0,0.5,0.5,0.7000000000000001,0.1,50.0,80.0,50.0,0.6000000000000001,0.6000000000000001,0.6000000000000001,0.1,40.0,90.0,60.0,6990,5349,1641,6990,0.23476394849785406,0.7674882671246817,1.0,0.7674882671246817,2042,0.38175359880351467,1.0,1
"iteration_1","SCOPE_DATA_COLLECTION",1700,6,430.0,490.0,2,10281,7089,2468,10299,7138,2452,6454,4466,1565,3818,2629,905,0.371690031152648,0.3705426356589147,0.36639676113360325,0.3956474525075684,0.8066697417889137,1.1670891450092924,0.7912949050151368,0.8066697417889137,0.7780594300061949,0.36303067864889993,0.4171518137035378,0.42619808306709267,100.0,100.0,5367,7254,7217,127,8,7217,0.023663126513881125,0.0011028398125172319,1.0,0.5,0.5,0.7000000000000001,0.1,50.0,80.0,50.0,0.6000000000000001,0.6000000000000001,0.6000000000000001,0.1,40.0,90.0,60.0,2345,1795,550,2345,0.2345415778251599,1.0370496488852508,1.5,0.6913664325901672,623,0.347075208913649,1.0,1
"iteration_1","SCOPE_DATA_COLLECTION",1700,7,490.0,550.0,0,10290,6990,2345,10281,7089,2468,7952,5353,1784,2370,1641,550,0.22960666537492733,0.2346296825850729,0.23564695801199656,0.4049284487063486,0.7683898281666596,1.0391484107375635,0.8098568974126972,0.7683898281666596,0.6927656071583757,0.34507042253521125,0.38184195778068375,0.3475336322869955,100.0,100.0,5527,8525,5573,94,72,4395,0.017007418129184007,0.00844574780058651,0.7886237215144446,0.6000000000000001,0.6000000000000001,0.6000000000000001,0.1,40.0,90.0,60.0,0.5,0.6000000000000001,0.5,0.2,50.0,80.0,50.0,10202,6479,3723,10202,0.3649284454028622,0.4088968995139581,0.5,0.8177937990279162,2460,0.3796882234912795,1.0,1
"iteration_1","SCOPE_DATA_COLLECTION",1700,7,490.0,550.0,1,10290,6990,2345,10281,7089,2468,7952,5353,1784,2370,1641,550,0.22960666537492733,0.2346296825850729,0.23564695801199656,0.4049284487063486,0.7683898281666596,1.0391484107375635,0.8098568974126972,0.7683898281666596,0.6927656071583757,0.34507042253521125,0.38184195778068375,0.3475336322869955,100.0,100.0,5527,8525,5573,94,72,4395,0.017007418129184007,0.00844574780058651,0.7886237215144446,0.6000000000000001,0.6000000000000001,0.6000000000000001,0.1,40.0,90.0,60.0,0.5,0.6000000000000001,0.5,0.2,50.0,80.0,50.0,7122,4463,2659,7122,0.37335018253299634,0.8185002593679751,1.0,0.8185002593679751,1903,0.42639480170289046,1.0,1
"iteration_1","SCOPE_DATA_COLLECTION",1700,7,490.0,550.0,2,10290,6990,2345,10281,7089,2468,7952,5353,1784,2370,1641,550,0.22960666537492733,0.2346296825850729,0.23564695801199656,0.4049284487063486,0.7683898281666596,1.0391484107375635,0.8098568974126972,0.7683898281666596,0.6927656071583757,0.34507042253521125,0.38184195778068375,0.3475336322869955,100.0,100.0,5527,8525,5573,94,72,4395,0.017007418129184007,0.00844574780058651,0.7886237215144446,0.6000000000000001,0.6000000000000001,0.6000000000000001,0.1,40.0,90.0,60.0,0.5,0.6000000000000001,0.5,0.2,50.0,80.0,50.0,2393,1508,885,2393,0.369828666945257,1.1697035241336202,1.5,0.7798023494224134,632,0.41909814323607425,1.0,1
"iteration_1","SCOPE_DATA_COLLECTION",1700,8,550.0,610.0,0,10202,7122,2393,10290,6990,2345,6477,4453,1515,3723,2659,885,0.365,0.37387514060742405,0.36875,0.40822219152360933,0.8182952561777108,1.166133419048889,0.8164443830472187,0.8182952561777108,0.777422279365926,0.3791878956306932,0.4262295081967213,0.4184818481848185,100.0,100.0,5569,7064,7084,177,6,7084,0.03178308493445861,8.493771234428086E-4,1.0,0.5,0.6000000000000001,0.5,0.2,50.0,80.0,50.0,0.4,0.6000000000000001,0.6000000000000001,0.2,40.0,80.0,40.0,10221,5807,4414,10221,0.4318559827805499,0.4433554021064667,0.5,0.8867108042129334,2492,0.42913724814878595,1.0,1
"iteration_1","SCOPE_DATA_COLLECTION",1700,8,550.0,610.0,1,10202,7122,2393,10290,6990,2345,6477,4453,1515,3723,2659,885,0.365,0.37387514060742405,0.36875,0.40822219152360933,0.8182952561777108,1.166133419048889,0.8164443830472187,0.8182952561777108,0.777422279365926,0.3791878956306932,0.4262295081967213,0.4184818481848185,100.0,100.0,5569,7064,7084,177,6,7084,0.03178308493445861,8.493771234428086E-4,1.0,0.5,0.6000000000000001,0.5,0.2,50.0,80.0,50.0,0.4,0.6000000000000001,0.6000000000000001,0.2,40.0,80.0,40.0,6975,3952,3023,6975,0.43340501792114694,0.9165840945547626,1.0,0.9165840945547626,1953,0.4941801619433198,1.0,1
"iteration_1","SCOPE_DATA_COLLECTION",1700,8,550.0,610.0,2,10202,7122,2393,10290,6990,2345,6477,4453,1515,3723,2659,885,0.365,0.37387514060742405,0.36875,0.40822219152360933,0.8182952561777108,1.166133419048889,0.8164443830472187,0.8182952561777108,0.777422279365926,0.3791878956306932,0.4262295081967213,0.4184818481848185,100.0,100.0,5569,7064,7084,177,6,7084,0.03178308493445861,8.493771234428086E-4,1.0,0.5,0.6000000000000001,0.5,0.2,50.0,80.0,50.0,0.4,0.6000000000000001,0.6000000000000001,0.2,40.0,80.0,40.0,2298,1258,1040,2298,0.4525674499564839,1.2623828933772294,1.5,0.8415885955848196,588,0.46740858505564387,1.0,1
"iteration_1","SCOPE_DATA_COLLECTION",1700,9,610.0,670.0,0,10221,6975,2298,10202,7122,2393,5782,3948,1259,4414,3023,1040,0.4329148685759121,0.4336537082197676,0.45237059591126577,0.4401078149181759,0.909306681791703,1.2561926719720657,0.8802156298363518,0.909306681791703,0.8374617813147105,0.4261501210653753,0.4929078014184397,0.46465448768864176,95.0,100.0,5618,5544,8332,143,2,8332,0.025453898184407263,3.6075036075036075E-4,1.0,0.4,0.6000000000000001,0.6000000000000001,0.2,40.0,80.0,40.0,0.65,0.4,0.6000000000000001,0.8,85.0,85.0,80.0,10310,8709,1601,10310,0.15528612997090205,0.4045404429949626,0.5,0.8090808859899252,2916,0.3348260420254909,1.0,1
"iteration_1","SCOPE_DATA_COLLECTION",1700,9,610.0,670.0,1,10221,6975,2298,10202,7122,2393,5782,3948,1259,4414,3023,1040,0.4329148685759121,0.4336537082197676,0.45237059591126577,0.4401078149181759,0.909306681791703,1.2561926719720657,0.8802156298363518,0.909306681791703,0.8374617813147105,0.4261501210653753,0.4929078014184397,0.46465448768864176,95.0,100.0,5618,5544,8332,143,2,8332,0.025453898184407263,3.6075036075036075E-4,1.0,0.4,0.6000000000000001,0.6000000000000001,0.2,40.0,80.0,40.0,0.65,0.4,0.6000000000000001,0.8,85.0,85.0,80.0,7215,6025,1190,7215,0.16493416493416493,0.7330714659297584,1.0,0.7330714659297584,2027,0.33643153526970954,1.0,1
"iteration_1","SCOPE_DATA_COLLECTION",1700,9,610.0,670.0,2,10221,6975,2298,10202,7122,2393,5782,3948,1259,4414,3023,1040,0.4329148685759121,0.4336537082197676,0.45237059591126577,0.4401078149181759,0.909306681791703,1.2561926719720657,0.8802156298363518,0.909306681791703,0.8374617813147105,0.4261501210653753,0.4929078014184397,0.46465448768864176,95.0,100.0,5618,5544,8332,143,2,8332,0.025453898184407263,3.6075036075036075E-4,1.0,0.4,0.6000000000000001,0.6000000000000001,0.2,40.0,80.0,40.0,0.65,0.4,0.6000000000000001,0.8,85.0,85.0,80.0,2384,1903,481,2384,0.20176174496644295,1.0996624719368777,1.5,0.7331083146245851,628,0.33000525486074617,1.0,1
"iteration_1","SCOPE_DATA_COLLECTION",1700,10,670.0,730.0,0,10310,7215,2384,10221,6975,2298,8689,6002,1877,1601,1190,479,0.15558794946550047,0.16546162402669634,0.2033106960950764,0.40427728158445436,0.7355433694812903,1.0948460339602895,0.8085545631689087,0.7355433694812903,0.7298973559735263,0.3339854989066636,0.33605464845051647,0.3297815663292488,100.0,100.0,5788,9153,4968,267,245,2758,0.04612992398064962,0.02676718015951054,0.5551529790660226,0.65,0.4,0.6000000000000001,0.8,85.0,85.0,80.0,0.65,0.4,0.6000000000000001,0.8,85.0,85.0,80.0,10141,8622,1519,10141,0.14978798935016271,0.4127048379377007,0.5,0.8254096758754014,2774,0.32173509626536767,1.0,1
"iteration_1","SCOPE_DATA_COLLECTION",1700,10,670.0,730.0,1,10310,7215,2384,10221,6975,2298,8689,6002,1877,1601,1190,479,0.15558794946550047,0.16546162402669634,0.2033106960950764,0.40427728158445436,0.7355433694812903,1.0948460339602895,0.8085545631689087,0.7355433694812903,0.7298973559735263,0.3339854989066636,0.33605464845051647,0.3297815663292488,100.0,100.0,5788,9153,4968,267,245,2758,0.04612992398064962,0.02676718015951054,0.5551529790660226,0.65,0.4,0.6000000000000001,0.8,85.0,85.0,80.0,0.65,0.4,0.6000000000000001,0.8,85.0,85.0,80.0,7114,5940,1174,7114,0.16502670789991566,0.7572138373950271,1.0,0.7572138373950271,2052,0.34545454545454546,1.0,1
"iteration_1","SCOPE_DATA_COLLECTION",1700,10,670.0,730.0,2,10310,7215,2384,10221,6975,2298,8689,6002,1877,1601,1190,479,0.15558794946550047,0.16546162402669634,0.2033106960950764,0.40427728158445436,0.7355433694812903,1.0948460339602895,0.8085545631689087,0.7355433694812903,0.7298973559735263,0.3339854989066636,0.33605464845051647,0.3297815663292488,100.0,100.0,5788,9153,4968,267,245,2758,0.04612992398064962,0.02676718015951054,0.5551529790660226,0.65,0.4,0.6000000000000001,0.8,85.0,85.0,80.0,0.65,0.4,0.6000000000000001,0.8,85.0,85.0,80.0,2460,1986,474,2460,0.1926829268292683,1.0996964255023325,1.5,0.7331309503348883,656,0.33031218529707956,1.0,1
"iteration_1","SCOPE_DATA_COLLECTION",1700,11,730.0,790.0,0,10141,7114,2460,10310,7215,2384,8655,5974,2001,1515,1171,475,0.14896755162241887,0.16389083275017494,0.19184168012924072,0.4149299338471397,0.759479319522934,1.099298453074122,0.8298598676942794,0.759479319522934,0.7328656353827481,0.3240901213171577,0.3473384666889856,0.328335832083958,100.0,100.0,5636,9182,4897,247,2,2912,0.04382540809084457,2.1781746896101068E-4,0.59464978558301,0.65,0.4,0.6000000000000001,0.8,85.0,85.0,80.0,0.55,0.30000000000000004,0.6000000000000001,0.9,95.0,85.0,80.0,10330,7027,3303,10330,0.3197483059051307,0.3829130865546126,0.5,0.7658261731092252,2504,0.35633983207627723,1.0,1
"iteration_1","SCOPE_DATA_COLLECTION",1700,11,730.0,790.0,1,10141,7114,2460,10310,7215,2384,8655,5974,2001,1515,1171,475,0.14896755162241887,0.16389083275017494,0.19184168012924072,0.4149299338471397,0.759479319522934,1.099298453074122,0.8298598676942794,0.759479319522934,0.7328656353827481,0.3240901213171577,0.3473384666889856,0.328335832083958,100.0,100.0,5636,9182,4897,247,2,2912,0.04382540809084457,2.1781746896101068E-4,0.59464978558301,0.65,0.4,0.6000000000000001,0.8,85.0,85.0,80.0,0.55,0.30000000000000004,0.6000000000000001,0.9,95.0,85.0,80.0,7028,4769,2259,7028,0.32142857142857145,0.7712720645241151,1.0,0.7712720645241151,1886,0.39547074858460896,1.0,1
"iteration_1","SCOPE_DATA_COLLECTION",1700,11,730.0,790.0,2,10141,7114,2460,10310,7215,2384,8655,5974,2001,1515,1171,475,0.14896755162241887,0.16389083275017494,0.19184168012924072,0.4149299338471397,0.759479319522934,1.099298453074122,0.8298598676942794,0.759479319522934,0.7328656353827481,0.3240901213171577,0.3473384666889856,0.328335832083958,100.0,100.0,5636,9182,4897,247,2,2912,0.04382540809084457,2.1781746896101068E-4,0.59464978558301,0.65,0.4,0.6000000000000001,0.8,85.0,85.0,80.0,0.55,0.30000000000000004,0.6000000000000001,0.9,95.0,85.0,80.0,2363,1570,793,2363,0.335590351248413,1.174373661090747,1.5,0.782915774060498,626,0.39872611464968155,1.0,1
"iteration_1","SCOPE_DATA_COLLECTION",1700,12,790.0,850.0,0,10330,7028,2363,10141,7114,2460,7044,4761,1573,3307,2262,794,0.3194860399961356,0.3220845792396412,0.3354457118715674,0.3843427255996341,0.7707184896094096,1.1828891922120495,0.7686854511992682,0.7707184896094096,0.788592794808033,0.3583191368540602,0.39445494643982354,0.4024157660521297,100.0,100.0,5717,7708,6296,221,8,6134,0.03865663809690397,0.0010378827192527244,0.9742693773824651,0.55,0.30000000000000004,0.6000000000000001,0.9,95.0,85.0,80.0,0.55,0.30000000000000004,0.6000000000000001,0.9,95.0,85.0,80.0,10417,7123,3294,10417,0.316213881155803,0.37985953200766687,0.5,0.7597190640153337,2460,0.3453601010810052,1.0,1
"iteration_1","SCOPE_DATA_COLLECTION",1700,12,790.0,850.0,1,10330,7028,2363,10141,7114,2460,7044,4761,1573,3307,2262,794,0.3194860399961356,0.3220845792396412,0.3354457118715674,0.3843427255996341,0.7707184896094096,1.1828891922120495,0.7686854511992682,0.7707184896094096,0.788592794808033,0.3583191368540602,0.39445494643982354,0.4024157660521297,100.0,100.0,5717,7708,6296,221,8,6134,0.03865663809690397,0.0010378827192527244,0.9742693773824651,0.55,0.30000000000000004,0.6000000000000001,0.9,95.0,85.0,80.0,0.55,0.30000000000000004,0.6000000000000001,0.9,95.0,85.0,80.0,7318,4898,2420,7318,0.330691445750205,0.7950783987156083,1.0,0.7950783987156083,2027,0.4138423846467946,1.0,1
"iteration_1","SCOPE_DATA_COLLECTION",1700,12,790.0,850.0,2,10330,7028,2363,10141,7114,2460,7044,4761,1573,3307,2262,794,0.3194860399961356,0.3220845792396412,0.3354457118715674,0.3843427255996341,0.7707184896094096,1.1828891922120495,0.7686854511992682,0.7707184896094096,0.788592794808033,0.3583191368540602,0.39445494643982354,0.4024157660521297,100.0,100.0,5717,7708,6296,221,8,6134,0.03865663809690397,0.0010378827192527244,0.9742693773824651,0.55,0.30000000000000004,0.6000000000000001,0.9,95.0,85.0,80.0,0.55,0.30000000000000004,0.6000000000000001,0.9,95.0,85.0,80.0,2381,1538,843,2381,0.35405291894162116,1.1111502527811266,1.5,0.7407668351874177,571,0.3712613784135241,1.0,1
"iteration_1","SCOPE_DATA_COLLECTION",1700,13,850.0,910.0,0,10417,7318,2381,10330,7028,2363,7112,4894,1543,3294,2420,843,0.316548145300788,0.330872299699207,0.35331098072087175,0.3789913259800609,0.7958060221109414,1.11576194577706,0.7579826519601218,0.7958060221109414,0.7438412971847067,0.343785151856018,0.4139762975071516,0.37329876863253403,100.0,100.0,5855,7948,6313,235,9,6313,0.04013663535439795,0.001132360342224459,1.0,0.55,0.30000000000000004,0.6000000000000001,0.9,95.0,85.0,80.0,0.45,0.4,0.7000000000000001,0.9,95.0,85.0,80.0,10332,6179,4153,10332,0.40195509097948123,0.41427299154576386,0.5,0.8285459830915277,2478,0.40103576630522736,1.0,1
"iteration_1","SCOPE_DATA_COLLECTION",1700,13,850.0,910.0,1,10417,7318,2381,10330,7028,2363,7112,4894,1543,3294,2420,843,0.316548145300788,0.330872299699207,0.35331098072087175,0.3789913259800609,0.7958060221109414,1.11576194577706,0.7579826519601218,0.7958060221109414,0.7438412971847067,0.343785151856018,0.4139762975071516,0.37329876863253403,100.0,100.0,5855,7948,6313,235,9,6313,0.04013663535439795,0.001132360342224459,1.0,0.55,0.30000000000000004,0.6000000000000001,0.9,95.0,85.0,80.0,0.45,0.4,0.7000000000000001,0.9,95.0,85.0,80.0,7022,4203,2819,7022,0.4014525776132156,0.8620632711885426,1.0,0.8620632711885426,1931,0.4594337378063288,1.0,1
"iteration_1","SCOPE_DATA_COLLECTION",1700,13,850.0,910.0,2,10417,7318,2381,10330,7028,2363,7112,4894,1543,3294,2420,843,0.316548145300788,0.330872299699207,0.35331098072087175,0.3789913259800609,0.7958060221109414,1.11576194577706,0.7579826519601218,0.7958060221109414,0.7438412971847067,0.343785151856018,0.4139762975071516,0.37329876863253403,100.0,100.0,5855,7948,6313,235,9,6313,0.04013663535439795,0.001132360342224459,1.0,0.55,0.30000000000000004,0.6000000000000001,0.9,95.0,85.0,80.0,0.45,0.4,0.7000000000000001,0.9,95.0,85.0,80.0,2302,1297,1005,2302,0.4365768896611642,1.3085890415884016,1.5,0.8723926943922677,609,0.46954510408635314,1.0,1
"iteration_1","SCOPE_DATA_COLLECTION",1700,14,910.0,970.0,0,10332,7022,2302,10417,7318,2381,6180,4203,1301,4153,2819,1005,0.40191619084486596,0.4014525776132156,0.4358196010407632,0.4144626455754062,0.8601685404520975,1.3015020121851932,0.8289252911508124,0.8601685404520975,0.8676680081234621,0.40194174757281553,0.45919581251487035,0.4665641813989239,100.0,100.0,5699,6231,7726,246,5,7726,0.04316546762589928,8.024394158241052E-4,1.0,0.45,0.4,0.7000000000000001,0.9,95.0,85.0,80.0,0.45,0.4,0.6000000000000001,0.9,95.0,95.0,90.0,10271,6133,4138,10271,0.40288190049654365,0.43023383486613054,0.5,0.8604676697322611,2559,0.4172509375509539,1.0,1
"iteration_1","SCOPE_DATA_COLLECTION",1700,14,910.0,970.0,1,10332,7022,2302,10417,7318,2381,6180,4203,1301,4153,2819,1005,0.40191619084486596,0.4014525776132156,0.4358196010407632,0.4144626455754062,0.8601685404520975,1.3015020121851932,0.8289252911508124,0.8601685404520975,0.8676680081234621,0.40194174757281553,0.45919581251487035,0.4665641813989239,100.0,100.0,5699,6231,7726,246,5,7726,0.04316546762589928,8.024394158241052E-4,1.0,0.45,0.4,0.7000000000000001,0.9,95.0,85.0,80.0,0.45,0.4,0.6000000000000001,0.9,95.0,95.0,90.0,7105,4232,2873,7105,0.4043631245601689,0.8635761741490259,1.0,0.8635761741490259,1903,0.44966918714555765,1.0,1
"iteration_1","SCOPE_DATA_COLLECTION",1700,14,910.0,970.0,2,10332,7022,2302,10417,7318,2381,6180,4203,1301,4153,2819,1005,0.40191619084486596,0.4014525776132156,0.4358196010407632,0.4144626455754062,0.8601685404520975,1.3015020121851932,0.8289252911508124,0.8601685404520975,0.8676680081234621,0.40194174757281553,0.45919581251487035,0.4665641813989239,100.0,100.0,5699,6231,7726,246,5,7726,0.04316546762589928,8.024394158241052E-4,1.0,0.45,0.4,0.7000000000000001,0.9,95.0,85.0,80.0,0.45,0.4,0.6000000000000001,0.9,95.0,95.0,90.0,2402,1409,993,2402,0.41340549542048294,1.261030535979299,1.5,0.8406870239861993,621,0.44073811213626685,1.0,1
"iteration_1","SCOPE_DATA_COLLECTION",1700,15,970.0,1030.0,0,10271,7105,2402,10332,7022,2302,6135,4249,1402,4138,2873,993,0.40280346539472406,0.40339792193204155,0.41461377870563676,0.4307508198800282,0.8677792794415924,1.2560999317440518,0.8615016397600564,0.8677792794415924,0.8373999544960345,0.4177669111654442,0.4521063779712874,0.43794579172610554,100.0,100.0,5804,6214,7760,240,4,7760,0.04135079255685734,6.43707756678468E-4,1.0,0.45,0.4,0.6000000000000001,0.9,95.0,95.0,90.0,0.45,0.30000000000000004,0.5,0.9,85.0,95.0,95.0,10432,6332,4100,10432,0.393021472392638,0.4163332983155143,0.5,0.8326665966310286,2578,0.4071383449147189,1.0,1
"iteration_1","SCOPE_DATA_COLLECTION",1700,15,970.0,1030.0,1,10271,7105,2402,10332,7022,2302,6135,4249,1402,4138,2873,993,0.40280346539472406,0.40339792193204155,0.41461377870563676,0.4307508198800282,0.8677792794415924,1.2560999317440518,0.8615016397600564,0.8677792794415924,0.8373999544960345,0.4177669111654442,0.4521063779712874,0.43794579172610554,100.0,100.0,5804,6214,7760,240,4,7760,0.04135079255685734,6.43707756678468E-4,1.0,0.45,0.4,0.6000000000000001,0.9,95.0,95.0,90.0,0.45,0.30000000000000004,0.5,0.9,85.0,95.0,95.0,7097,4193,2904,7097,0.40918698041425955,0.84054485242142,1.0,0.84054485242142,1901,0.4533746720725018,1.0,1
"iteration_1","SCOPE_DATA_COLLECTION",1700,15,970.0,1030.0,2,10271,7105,2402,10332,7022,2302,6135,4249,1402,4138,2873,993,0.40280346539472406,0.40339792193204155,0.41461377870563676,0.4307508198800282,0.8677792794415924,1.2560999317440518,0.8615016397600564,0.8677792794415924,0.8373999544960345,0.4177669111654442,0.4521063779712874,0.43794579172610554,100.0,100.0,5804,6214,7760,240,4,7760,0.04135079255685734,6.43707756678468E-4,1.0,0.45,0.4,0.6000000000000001,0.9,95.0,95.0,90.0,0.45,0.30000000000000004,0.5,0.9,85.0,95.0,95.0,2340,1351,989,2340,0.42264957264957265,1.2988033684719538,1.5,0.8658689123146358,623,0.46113989637305697,1.0,1
"iteration_1","SCOPE_DATA_COLLECTION",1700,16,1030.0,1090.0,0,10432,7097,2340,10271,7105,2402,6331,4181,1352,4100,2903,989,0.39305915060876234,0.4097967250141163,0.42246903032891925,0.4152464664606964,0.8362715481127451,1.2985054231434525,0.8304929329213928,0.8362715481127451,0.865670282095635,0.40609698309903647,0.4506099019373356,0.46227810650887574,100.0,100.0,5764,6321,7784,201,7,7784,0.03487161693268564,0.0011074197120708748,1.0,0.45,0.30000000000000004,0.5,0.9,85.0,95.0,95.0,0.55,0.30000000000000004,0.5,0.9,95.0,95.0,85.0,10148,6850,3298,10148,0.3249901458415451,0.38361091090227695,0.5,0.7672218218045539,2403,0.3508029197080292,1.0,1
"iteration_1","SCOPE_DATA_COLLECTION",1700,16,1030.0,1090.0,1,10432,7097,2340,10271,7105,2402,6331,4181,1352,4100,2903,989,0.39305915060876234,0.4097967250141163,0.42246903032891925,0.4152464664606964,0.8362715481127451,1.2985054231434525,0.8304929329213928,0.8362715481127451,0.865670282095635,0.40609698309903647,0.4506099019373356,0.46227810650887574,100.0,100.0,5764,6321,7784,201,7,7784,0.03487161693268564,0.0011074197120708748,1.0,0.45,0.30000000000000004,0.5,0.9,85.0,95.0,95.0,0.55,0.30000000000000004,0.5,0.9,95.0,95.0,85.0,7137,4730,2407,7137,0.3372565503713045,0.7920139453868141,1.0,0.7920139453868141,1930,0.4080338266384778,1.0,1
"iteration_1","SCOPE_DATA_COLLECTION",1700,16,1030.0,1090.0,2,10432,7097,2340,10271,7105,2402,6331,4181,1352,4100,2903,989,0.39305915060876234,0.4097967250141163,0.42246903032891925,0.4152464664606964,0.8362715481127451,1.2985054231434525,0.8304929329213928,0.8362715481127451,0.865670282095635,0.40609698309903647,0.4506099019373356,0.46227810650887574,100.0,100.0,5764,6321,7784,201,7,7784,0.03487161693268564,0.0011074197120708748,1.0,0.45,0.30000000000000004,0.5,0.9,85.0,95.0,95.0,0.55,0.30000000000000004,0.5,0.9,95.0,95.0,85.0,2389,1583,806,2389,0.3373796567601507,1.1596564366011934,1.5,0.7731042910674623,623,0.39355653821857234,1.0,1
"iteration_1","SCOPE_DATA_COLLECTION",1700,17,1090.0,1150.0,0,10148,7137,2389,10432,7097,2340,6849,4732,1587,3298,2408,806,0.3250221740415887,0.33725490196078434,0.33681571249477643,0.3836102368312979,0.7931182418166088,1.1667042100952396,0.7672204736625958,0.7931182418166088,0.7778028067301598,0.35056212585778945,0.4091293322062553,0.39571518588531823,97.5,100.0,5642,7659,6373,194,3,6315,0.034384969868840834,3.916960438699569E-4,0.9908991056017574,0.55,0.30000000000000004,0.5,0.9,95.0,95.0,85.0,0.4,0.2,0.6000000000000001,0.1,70.0,60.0,80.0,10385,5921,4464,10385,0.4298507462686567,0.4011296644119998,0.5,0.8022593288239996,2326,0.39283904745819964,1.0,1
"iteration_1","SCOPE_DATA_COLLECTION",1700,17,1090.0,1150.0,1,10148,7137,2389,10432,7097,2340,6849,4732,1587,3298,2408,806,0.3250221740415887,0.33725490196078434,0.33681571249477643,0.3836102368312979,0.7931182418166088,1.1667042100952396,0.7672204736625958,0.7931182418166088,0.7778028067301598,0.35056212585778945,0.4091293322062553,0.39571518588531823,97.5,100.0,5642,7659,6373,194,3,6315,0.034384969868840834,3.916960438699569E-4,0.9908991056017574,0.55,0.30000000000000004,0.5,0.9,95.0,95.0,85.0,0.4,0.2,0.6000000000000001,0.1,70.0,60.0,80.0,7057,3909,3148,7057,0.44608190449199375,0.8562887606494232,1.0,0.8562887606494232,1846,0.4722435405474546,1.0,1
"iteration_1","SCOPE_DATA_COLLECTION",1700,17,1090.0,1150.0,2,10148,7137,2389,10432,7097,2340,6849,4732,1587,3298,2408,806,0.3250221740415887,0.33725490196078434,0.33681571249477643,0.3836102368312979,0.7931182418166088,1.1667042100952396,0.7672204736625958,0.7931182418166088,0.7778028067301598,0.35056212585778945,0.4091293322062553,0.39571518588531823,97.5,100.0,5642,7659,6373,194,3,6315,0.034384969868840834,3.916960438699569E-4,0.9908991056017574,0.55,0.30000000000000004,0.5,0.9,95.0,95.0,85.0,0.4,0.2,0.6000000000000001,0.1,70.0,60.0,80.0,2372,1320,1052,2372,0.44350758853288363,1.252739285126205,1.5,0.8351595234174699,631,0.478030303030303,1.0,1
"iteration_1","SCOPE_DATA_COLLECTION",1700,18,1150.0,1210.0,0,10385,7057,2372,10148,7137,2389,5920,3925,1322,4464,3148,1052,0.42989214175654855,0.4450728121023611,0.44313395113732096,0.40158768173244325,0.8597537439372105,1.2556084525877165,0.8031753634648865,0.8597537439372105,0.8370723017251444,0.3934121621621622,0.47388535031847134,0.47806354009077157,100.0,100.0,5570,5672,8572,87,5,8572,0.01561938958707361,8.815232722143865E-4,1.0,0.4,0.2,0.6000000000000001,0.1,70.0,60.0,80.0,0.4,0.30000000000000004,0.5,0.1,70.0,60.0,90.0,10477,5932,4545,10477,0.43380738761095733,0.41027913676187927,0.5,0.8205582735237585,2380,0.4012137559002023,1.0,1
"iteration_1","SCOPE_DATA_COLLECTION",1700,18,1150.0,1210.0,1,10385,7057,2372,10148,7137,2389,5920,3925,1322,4464,3148,1052,0.42989214175654855,0.4450728121023611,0.44313395113732096,0.40158768173244325,0.8597537439372105,1.2556084525877165,0.8031753634648865,0.8597537439372105,0.8370723017251444,0.3934121621621622,0.47388535031847134,0.47806354009077157,100.0,100.0,5570,5672,8572,87,5,8572,0.01561938958707361,8.815232722143865E-4,1.0,0.4,0.2,0.6000000000000001,0.1,70.0,60.0,80.0,0.4,0.30000000000000004,0.5,0.1,70.0,60.0,90.0,7159,3975,3184,7159,0.44475485402989245,0.8893524656312198,1.0,0.8893524656312198,1906,0.47949685534591197,1.0,1
"iteration_1","SCOPE_DATA_COLLECTION",1700,18,1150.0,1210.0,2,10385,7057,2372,10148,7137,2389,5920,3925,1322,4464,3148,1052,0.42989214175654855,0.4450728121023611,0.44313395113732096,0.40158768173244325,0.8597537439372105,1.2556084525877165,0.8031753634648865,0.8597537439372105,0.8370723017251444,0.3934121621621622,0.47388535031847134,0.47806354009077157,100.0,100.0,5570,5672,8572,87,5,8572,0.01561938958707361,8.815232722143865E-4,1.0,0.4,0.2,0.6000000000000001,0.1,70.0,60.0,80.0,0.4,0.30000000000000004,0.5,0.1,70.0,60.0,90.0,2422,1374,1048,2422,0.43270024772914945,1.2539792414106743,1.5,0.8359861609404495,648,0.47161572052401746,1.0,1
"iteration_1","SCOPE_DATA_COLLECTION",1700,19,1210.0,1270.0,0,10477,7159,2422,10385,7057,2372,5933,3970,1368,4544,3183,1048,0.43371194044096595,0.4449881168740389,0.4337748344370861,0.40938743029543967,0.8863057931246965,1.2470375196449497,0.8187748605908793,0.8863057931246965,0.8313583464299664,0.400303387830777,0.4783375314861461,0.4692982456140351,100.0,100.0,5524,5870,8664,106,5,8664,0.019188993482983346,8.517887563884157E-4,1.0,0.4,0.30000000000000004,0.5,0.1,70.0,60.0,90.0,0.5,0.2,0.6000000000000001,0.2,60.0,50.0,80.0,10234,6530,3704,10234,0.36193081883916356,0.3730076833790639,0.5,0.7460153667581279,2305,0.35298621745788666,1.0,1
"iteration_1","SCOPE_DATA_COLLECTION",1700,19,1210.0,1270.0,1,10477,7159,2422,10385,7057,2372,5933,3970,1368,4544,3183,1048,0.43371194044096595,0.4449881168740389,0.4337748344370861,0.40938743029543967,0.8863057931246965,1.2470375196449497,0.8187748605908793,0.8863057931246965,0.8313583464299664,0.400303387830777,0.4783375314861461,0.4692982456140351,100.0,100.0,5524,5870,8664,106,5,8664,0.019188993482983346,8.517887563884157E-4,1.0,0.4,0.30000000000000004,0.5,0.1,70.0,60.0,90.0,0.5,0.2,0.6000000000000001,0.2,60.0,50.0,80.0,7096,4470,2626,7096,0.37006764374295376,0.8311591097613972,1.0,0.8311591097613972,1930,0.4317673378076063,1.0,1
"iteration_1","SCOPE_DATA_COLLECTION",1700,19,1210.0,1270.0,2,10477,7159,2422,10385,7057,2372,5933,3970,1368,4544,3183,1048,0.43371194044096595,0.4449881168740389,0.4337748344370861,0.40938743029543967,0.8863057931246965,1.2470375196449497,0.8187748605908793,0.8863057931246965,0.8313583464299664,0.400303387830777,0.4783375314861461,0.4692982456140351,100.0,100.0,5524,5870,8664,106,5,8664,0.019188993482983346,8.517887563884157E-4,1.0,0.4,0.30000000000000004,0.5,0.1,70.0,60.0,90.0,0.5,0.2,0.6000000000000001,0.2,60.0,50.0,80.0,2421,1510,911,2421,0.37629078893019413,1.1649983065853944,1.5,0.7766655377235963,626,0.41456953642384103,1.0,1
"iteration_1","SCOPE_DATA_COLLECTION",1700,20,1270.0,1330.0,0,10234,7096,2421,10477,7159,2422,6526,4455,1513,3705,2626,911,0.36213468869123255,0.3708515746363508,0.3758250825082508,0.37385594925297916,0.8287466104545883,1.1669806236169713,0.7477118985059583,0.8287466104545883,0.7779870824113142,0.35350904076003675,0.42962962962962964,0.4157303370786517,100.0,100.0,5612,7048,7091,146,5,7091,0.02601568068424804,7.094211123723042E-4,1.0,0.5,0.2,0.6000000000000001,0.2,60.0,50.0,80.0,0.6000000000000001,0.2,0.5,0.1,50.0,50.0,90.0,10490,7954,2536,10490,0.2417540514775977,0.3658986154429559,0.5,0.7317972308859118,2506,0.3150616042242897,1.0,1
"iteration_1","SCOPE_DATA_COLLECTION",1700,20,1270.0,1330.0,1,10234,7096,2421,10477,7159,2422,6526,4455,1513,3705,2626,911,0.36213468869123255,0.3708515746363508,0.3758250825082508,0.37385594925297916,0.8287466104545883,1.1669806236169713,0.7477118985059583,0.8287466104545883,0.7779870824113142,0.35350904076003675,0.42962962962962964,0.4157303370786517,100.0,100.0,5612,7048,7091,146,5,7091,0.02601568068424804,7.094211123723042E-4,1.0,0.5,0.2,0.6000000000000001,0.2,60.0,50.0,80.0,0.6000000000000001,0.2,0.5,0.1,50.0,50.0,90.0,6998,5298,1700,6998,0.2429265504429837,0.7255047425746444,1.0,0.7255047425746444,1910,0.36051340128350323,1.0,1
"iteration_1","SCOPE_DATA_COLLECTION",1700,20,1270.0,1330.0,2,10234,7096,2421,10477,7159,2422,6526,4455,1513,3705,2626,911,0.36213468869123255,0.3708515746363508,0.3758250825082508,0.37385594925297916,0.8287466104545883,1.1669806236169713,0.7477118985059583,0.8287466104545883,0.7779870824113142,0.35350904076003675,0.42962962962962964,0.4157303370786517,100.0,100.0,5612,7048,7091,146,5,7091,0.02601568068424804,7.094211123723042E-4,1.0,0.5,0.2,0.6000000000000001,0.2,60.0,50.0,80.0,0.6000000000000001,0.2,0.5,0.1,50.0,50.0,90.0,2338,1749,589,2338,0.25192472198460225,1.0989470127940617,1.5,0.7326313418627078,677,0.38707833047455686,1.0,1
"iteration_1","SCOPE_DATA_COLLECTION",1700,21,1330.0,1390.0,0,10490,6998,2338,10234,7096,2421,7955,5300,1748,2536,1698,587,0.24173100753026402,0.24264075450128608,0.25139186295503213,0.36611646134312753,0.726470635628754,1.1043341348683136,0.7322329226862551,0.726470635628754,0.7362227565788757,0.31489629164047767,0.36056603773584905,0.38958810068649885,100.0,100.0,5553,8600,5673,86,7,4728,0.015487124077075455,8.139534883720931E-4,0.8334214701216288,0.6000000000000001,0.2,0.5,0.1,50.0,50.0,90.0,0.6000000000000001,0.2,0.5,0.1,50.0,50.0,90.0,10141,7774,2367,10141,0.23340893403017454,0.3505855260142353,0.5,0.7011710520284706,2396,0.3082068433239002,1.0,1
"iteration_1","SCOPE_DATA_COLLECTION",1700,21,1330.0,1390.0,1,10490,6998,2338,10234,7096,2421,7955,5300,1748,2536,1698,587,0.24173100753026402,0.24264075450128608,0.25139186295503213,0.36611646134312753,0.726470635628754,1.1043341348683136,0.7322329226862551,0.726470635628754,0.7362227565788757,0.31489629164047767,0.36056603773584905,0.38958810068649885,100.0,100.0,5553,8600,5673,86,7,4728,0.015487124077075455,8.139534883720931E-4,0.8334214701216288,0.6000000000000001,0.2,0.5,0.1,50.0,50.0,90.0,0.6000000000000001,0.2,0.5,0.1,50.0,50.0,90.0,6967,5334,1633,6967,0.23439069900961676,0.7332508039444684,1.0,0.7332508039444684,1955,0.3665166854143232,1.0,1
"iteration_1","SCOPE_DATA_COLLECTION",1700,21,1330.0,1390.0,2,10490,6998,2338,10234,7096,2421,7955,5300,1748,2536,1698,587,0.24173100753026402,0.24264075450128608,0.25139186295503213,0.36611646134312753,0.726470635628754,1.1043341348683136,0.7322329226862551,0.726470635628754,0.7362227565788757,0.31489629164047767,0.36056603773584905,0.38958810068649885,100.0,100.0,5553,8600,5673,86,7,4728,0.015487124077075455,8.139534883720931E-4,0.8334214701216288,0.6000000000000001,0.2,0.5,0.1,50.0,50.0,90.0,0.6000000000000001,0.2,0.5,0.1,50.0,50.0,90.0,2292,1682,610,2292,0.2661431064572426,1.076017744132808,1.5,0.7173451627552053,615,0.36563614744351963,1.0,1
"iteration_1","SCOPE_DATA_COLLECTION",1700,22,1390.0,1450.0,0,10141,6967,2292,10490,6998,2338,7772,5343,1680,2367,1636,612,0.23345497583588126,0.23441753832927353,0.2670157068062827,0.35158390372839804,0.7388070498520304,1.071550515488231,0.7031678074567961,0.7388070498520304,0.7143670103254873,0.30944415851775603,0.370391166011604,0.3630952380952381,100.0,100.0,5451,8375,5574,53,2,4560,0.009722986607961842,2.3880597014925374E-4,0.8180839612486545,0.6000000000000001,0.2,0.5,0.1,50.0,50.0,90.0,0.5,0.2,0.5,0.2,50.0,40.0,80.0,10274,6713,3561,10274,0.3466030757251314,0.3746647313095478,0.5,0.7493294626190956,2386,0.3554297631461344,1.0,1
"iteration_1","SCOPE_DATA_COLLECTION",1700,22,1390.0,1450.0,1,10141,6967,2292,10490,6998,2338,7772,5343,1680,2367,1636,612,0.23345497583588126,0.23441753832927353,0.2670157068062827,0.35158390372839804,0.7388070498520304,1.071550515488231,0.7031678074567961,0.7388070498520304,0.7143670103254873,0.30944415851775603,0.370391166011604,0.3630952380952381,100.0,100.0,5451,8375,5574,53,2,4560,0.009722986607961842,2.3880597014925374E-4,0.8180839612486545,0.6000000000000001,0.2,0.5,0.1,50.0,50.0,90.0,0.5,0.2,0.5,0.2,50.0,40.0,80.0,7054,4496,2558,7054,0.3626311312730366,0.816176465969899,1.0,0.816176465969899,1927,0.42860320284697506,1.0,1
"iteration_1","SCOPE_DATA_COLLECTION",1700,22,1390.0,1450.0,2,10141,6967,2292,10490,6998,2338,7772,5343,1680,2367,1636,612,0.23345497583588126,0.23441753832927353,0.2670157068062827,0.35158390372839804,0.7388070498520304,1.071550515488231,0.7031678074567961,0.7388070498520304,0.7143670103254873,0.30944415851775603,0.370391166011604,0.3630952380952381,100.0,100.0,5451,8375,5574,53,2,4560,0.009722986607961842,2.3880597014925374E-4,0.8180839612486545,0.6000000000000001,0.2,0.5,0.1,50.0,50.0,90.0,0.5,0.2,0.5,0.2,50.0,40.0,80.0,2356,1487,869,2356,0.36884550084889645,1.1923612169458782,1.5,0.7949074779639188,631,0.42434431741761935,1.0,1
"iteration_1","SCOPE_DATA_COLLECTION",1700,23,1450.0,1510.0,0,10274,7054,2356,10141,6967,2292,6691,4496,1492,3561,2558,869,0.34734685914943425,0.3626311312730366,0.36806437950021176,0.3718412208187858,0.8110195373089468,1.1922888471589281,0.7436824416375716,0.8110195373089468,0.7948592314392854,0.3533104169780302,0.42548932384341637,0.4249329758713137,100.0,100.0,5713,7095,6876,145,8,6835,0.025380710659898477,0.001127554615926709,0.9940372309482257,0.5,0.2,0.5,0.2,50.0,40.0,80.0,0.4,0.30000000000000004,0.6000000000000001,0.30000000000000004,60.0,50.0,70.0,10389,5989,4400,10389,0.4235248820868226,0.4289637077504764,0.5,0.8579274155009528,2546,0.4251127066288195,1.0,1
"iteration_1","SCOPE_DATA_COLLECTION",1700,23,1450.0,1510.0,1,10274,7054,2356,10141,6967,2292,6691,4496,1492,3561,2558,869,0.34734685914943425,0.3626311312730366,0.36806437950021176,0.3718412208187858,0.8110195373089468,1.1922888471589281,0.7436824416375716,0.8110195373089468,0.7948592314392854,0.3533104169780302,0.42548932384341637,0.4249329758713137,100.0,100.0,5713,7095,6876,145,8,6835,0.025380710659898477,0.001127554615926709,0.9940372309482257,0.5,0.2,0.5,0.2,50.0,40.0,80.0,0.4,0.30000000000000004,0.6000000000000001,0.30000000000000004,60.0,50.0,70.0,7051,4016,3035,7051,0.4304353992341512,0.8647418367018157,1.0,0.8647418367018157,1880,0.4681274900398406,1.0,1
"iteration_1","SCOPE_DATA_COLLECTION",1700,23,1450.0,1510.0,2,10274,7054,2356,10141,6967,2292,6691,4496,1492,3561,2558,869,0.34734685914943425,0.3626311312730366,0.36806437950021176,0.3718412208187858,0.8110195373089468,1.1922888471589281,0.7436824416375716,0.8110195373089468,0.7948592314392854,0.3533104169780302,0.42548932384341637,0.4249329758713137,100.0,100.0,5713,7095,6876,145,8,6835,0.025380710659898477,0.001127554615926709,0.9940372309482257,0.5,0.2,0.5,0.2,50.0,40.0,80.0,0.4,0.30000000000000004,0.6000000000000001,0.30000000000000004,60.0,50.0,70.0,2364,1259,1105,2364,0.4674280879864636,1.3100495801630678,1.5,0.8733663867753786,598,0.4749801429706116,1.0,1
"iteration_1","SCOPE_DATA_COLLECTION",1700,24,1510.0,1570.0,0,10389,7051,2364,10274,7054,2356,6003,4002,1259,4400,3035,1105,0.4229549168509084,0.431291743640756,0.4674280879864636,0.4288426712783484,0.8592766818125541,1.3096037099359281,0.8576853425566968,0.8592766818125541,0.8730691399572854,0.42495418957188075,0.46676661669165415,0.47577442414614773,100.0,100.0,5765,5697,8342,193,5,8342,0.033477883781439725,8.77654906090925E-4,1.0,0.4,0.30000000000000004,0.6000000000000001,0.30000000000000004,60.0,50.0,70.0,0.30000000000000004,0.9,0.8,0.7000000000000001,30.0,25.0,60.0,10296,5170,5126,10296,0.49786324786324787,0.5095387607289504,0.5,1.0190775214579009,2636,0.5098646034816248,1.0,1
"iteration_1","SCOPE_DATA_COLLECTION",1700,24,1510.0,1570.0,1,10389,7051,2364,10274,7054,2356,6003,4002,1259,4400,3035,1105,0.4229549168509084,0.431291743640756,0.4674280879864636,0.4288426712783484,0.8592766818125541,1.3096037099359281,0.8576853425566968,0.8592766818125541,0.8730691399572854,0.42495418957188075,0.46676661669165415,0.47577442414614773,100.0,100.0,5765,5697,8342,193,5,8342,0.033477883781439725,8.77654906090925E-4,1.0,0.4,0.30000000000000004,0.6000000000000001,0.30000000000000004,60.0,50.0,70.0,0.30000000000000004,0.9,0.8,0.7000000000000001,30.0,25.0,60.0,7198,3464,3734,7198,0.5187552097804946,1.010812112676062,1.0,1.010812112676062,1939,0.559757505773672,1.0,1
"iteration_1","SCOPE_DATA_COLLECTION",1700,24,1510.0,1570.0,2,10389,7051,2364,10274,7054,2356,6003,4002,1259,4400,3035,1105,0.4229549168509084,0.431291743640756,0.4674280879864636,0.4288426712783484,0.8592766818125541,1.3096037099359281,0.8576853425566968,0.8592766818125541,0.8730691399572854,0.42495418957188075,0.46676661669165415,0.47577442414614773,100.0,100.0,5765,5697,8342,193,5,8342,0.033477883781439725,8.77654906090925E-4,1.0,0.4,0.30000000000000004,0.6000000000000001,0.30000000000000004,60.0,50.0,70.0,0.30000000000000004,0.9,0.8,0.7000000000000001,30.0,25.0,60.0,2394,1125,1269,2394,0.5300751879699248,1.4663043252205528,1.5,0.9775362168137018,606,0.5386666666666666,1.0,1
"iteration_1","SCOPE_DATA_COLLECTION",1700,25,1570.0,1630.0,0,10296,7198,2394,10389,7051,2364,5181,3476,1115,5126,3734,1269,0.4973319103521878,0.5178918169209431,0.5322986577181208,0.5105378631378343,1.0153152369637382,1.4576127711591043,1.0210757262756687,1.0153152369637382,0.9717418474394028,0.5107122177185871,0.5607019562715765,0.5345291479820627,100.0,100.0,5796,4219,9873,251,5,9873,0.043305728088336784,0.0011851149561507466,1.0,0.30000000000000004,0.9,0.8,0.7000000000000001,30.0,25.0,60.0,0.8,0.5,0.2,0.5,75.0,85.0,50.0,10183,8435,1748,10183,0.17165864676421486,0.4068827356929395,0.5,0.813765471385879,2752,0.3262596324836989,1.0,1
"iteration_1","SCOPE_DATA_COLLECTION",1700,25,1570.0,1630.0,1,10296,7198,2394,10389,7051,2364,5181,3476,1115,5126,3734,1269,0.4973319103521878,0.5178918169209431,0.5322986577181208,0.5105378631378343,1.0153152369637382,1.4576127711591043,1.0210757262756687,1.0153152369637382,0.9717418474394028,0.5107122177185871,0.5607019562715765,0.5345291479820627,100.0,100.0,5796,4219,9873,251,5,9873,0.043305728088336784,0.0011851149561507466,1.0,0.30000000000000004,0.9,0.8,0.7000000000000001,30.0,25.0,60.0,0.8,0.5,0.2,0.5,75.0,85.0,50.0,7188,5933,1255,7188,0.17459654980523093,0.7298900991235729,1.0,0.7298900991235729,2050,0.3455250294960391,1.0,1
"iteration_1","SCOPE_DATA_COLLECTION",1700,25,1570.0,1630.0,2,10296,7198,2394,10389,7051,2364,5181,3476,1115,5126,3734,1269,0.4973319103521878,0.5178918169209431,0.5322986577181208,0.5105378631378343,1.0153152369637382,1.4576127711591043,1.0210757262756687,1.0153152369637382,0.9717418474394028,0.5107122177185871,0.5607019562715765,0.5345291479820627,100.0,100.0,5796,4219,9873,251,5,9873,0.043305728088336784,0.0011851149561507466,1.0,0.30000000000000004,0.9,0.8,0.7000000000000001,30.0,25.0,60.0,0.8,0.5,0.2,0.5,75.0,85.0,50.0,2533,1993,540,2533,0.21318594551914727,1.1503604791481203,1.5,0.7669069860987469,696,0.34922227797290517,1.0,1
"iteration_1","SCOPE_DATA_COLLECTION",1700,26,1630.0,1690.0,0,10183,7188,2533,10296,7198,2394,8434,5919,2009,1728,1234,520,0.17004526667978745,0.1725150286593038,0.20561486753657574,0.4074915157399567,0.7294371353647986,1.1549883292780192,0.8149830314799134,0.7294371353647986,0.7699922195186795,0.32665401944510314,0.34499070788984626,0.3514186162269786,100.0,100.0,5460,11536,2908,137,3305,40,0.025091575091575093,0.28649445214979197,0.013755158184319119,0.8,0.5,0.2,0.5,75.0,85.0,50.0,0.8,0.5,0.2,0.5,75.0,85.0,50.0,10322,9074,1248,10322,0.12090680100755667,0.3709462041361212,0.5,0.7418924082722425,2577,0.2839982367202998,1.0,1
"iteration_1","SCOPE_DATA_COLLECTION",1700,26,1630.0,1690.0,1,10183,7188,2533,10296,7198,2394,8434,5919,2009,1728,1234,520,0.17004526667978745,0.1725150286593038,0.20561486753657574,0.4074915157399567,0.7294371353647986,1.1549883292780192,0.8149830314799134,0.7294371353647986,0.7699922195186795,0.32665401944510314,0.34499070788984626,0.3514186162269786,100.0,100.0,5460,11536,2908,137,3305,40,0.025091575091575093,0.28649445214979197,0.013755158184319119,0.8,0.5,0.2,0.5,75.0,85.0,50.0,0.8,0.5,0.2,0.5,75.0,85.0,50.0,6991,6087,904,6991,0.12930911171506224,0.6616958890929414,1.0,0.6616958890929414,1876,0.30819779858715296,1.0,1
"iteration_1","SCOPE_DATA_COLLECTION",1700,26,1630.0,1690.0,2,10183,7188,2533,10296,7198,2394,8434,5919,2009,1728,1234,520,0.17004526667978745,0.1725150286593038,0.20561486753657574,0.4074915157399567,0.7294371353647986,1.1549883292780192,0.8149830314799134,0.7294371353647986,0.7699922195186795,0.32665401944510314,0.34499070788984626,0.3514186162269786,100.0,100.0,5460,11536,2908,137,3305,40,0.025091575091575093,0.28649445214979197,0.013755158184319119,0.8,0.5,0.2,0.5,75.0,85.0,50.0,0.8,0.5,0.2,0.5,75.0,85.0,50.0,2373,2025,348,2373,0.14664981036662453,1.0308058766208907,1.5,0.6872039177472605,607,0.29975308641975307,1.0,1
"iteration_1","SCOPE_DATA_COLLECTION",1700,27,1690.0,1750.0,0,10322,6991,2373,10183,7188,2533,9060,6084,2008,1268,925,367,0.12277304415182029,0.1319731773434156,0.15452631578947368,0.3715127522219355,0.6672378936295176,1.0331255553187007,0.743025504443871,0.6672378936295176,0.6887503702124671,0.2846578366445916,0.31229454306377386,0.301792828685259,100.0,100.0,5554,11255,2877,109,2451,0,0.01962549513863882,0.21776988005330963,0.0,0.8,0.5,0.2,0.5,75.0,85.0,50.0,0.7000000000000001,0.5,0.30000000000000004,0.6000000000000001,65.0,85.0,50.0,10395,9712,683,10395,0.06570466570466571,0.3927928007198249,0.5,0.7855856014396498,2853,0.29376029654036245,1.0,1
"iteration_1","SCOPE_DATA_COLLECTION",1700,27,1690.0,1750.0,1,10322,6991,2373,10183,7188,2533,9060,6084,2008,1268,925,367,0.12277304415182029,0.1319731773434156,0.15452631578947368,0.3715127522219355,0.6672378936295176,1.0331255553187007,0.743025504443871,0.6672378936295176,0.6887503702124671,0.2846578366445916,0.31229454306377386,0.301792828685259,100.0,100.0,5554,11255,2877,109,2451,0,0.01962549513863882,0.21776988005330963,0.0,0.8,0.5,0.2,0.5,75.0,85.0,50.0,0.7000000000000001,0.5,0.30000000000000004,0.6000000000000001,65.0,85.0,50.0,7306,6779,527,7306,0.0721324938406789,0.698157958465904,1.0,0.698157958465904,2076,0.30623985838619266,1.0,1
"iteration_1","SCOPE_DATA_COLLECTION",1700,27,1690.0,1750.0,2,10322,6991,2373,10183,7188,2533,9060,6084,2008,1268,925,367,0.12277304415182029,0.1319731773434156,0.15452631578947368,0.3715127522219355,0.6672378936295176,1.0331255553187007,0.743025504443871,0.6672378936295176,0.6887503702124671,0.2846578366445916,0.31229454306377386,0.301792828685259,100.0,100.0,5554,11255,2877,109,2451,0,0.01962549513863882,0.21776988005330963,0.0,0.8,0.5,0.2,0.5,75.0,85.0,50.0,0.7000000000000001,0.5,0.30000000000000004,0.6000000000000001,65.0,85.0,50.0,2389,2146,243,2389,0.10171619924654668,1.0179614253627065,1.5,0.6786409502418044,602,0.2805219012115564,1.0,1
"iteration_1","SCOPE_DATA_COLLECTION",1700,28,1750.0,1810.0,0,10395,7306,2389,10322,6991,2373,9721,6780,2152,683,527,244,0.0656478277585544,0.0721226221431504,0.1018363939899833,0.3928707223302653,0.6959173307077167,1.0209049717730567,0.7857414446605306,0.6959173307077167,0.6806033145153711,0.293694064396667,0.3036873156342183,0.28113382899628253,100.0,100.0,5715,10107,4268,172,386,896,0.03009623797025372,0.038191352527950924,0.2099343955014058,0.7000000000000001,0.5,0.30000000000000004,0.6000000000000001,65.0,85.0,50.0,0.7000000000000001,0.5,0.30000000000000004,0.6000000000000001,65.0,85.0,50.0,10131,9510,621,10131,0.061297009179745336,0.3556817364336885,0.5,0.711363472867377,2579,0.2711882229232387,1.0,1
"iteration_1","SCOPE_DATA_COLLECTION",1700,28,1750.0,1810.0,1,10395,7306,2389,10322,6991,2373,9721,6780,2152,683,527,244,0.0656478277585544,0.0721226221431504,0.1018363939899833,0.3928707223302653,0.6959173307077167,1.0209049717730567,0.7857414446605306,0.6959173307077167,0.6806033145153711,0.293694064396667,0.3036873156342183,0.28113382899628253,100.0,100.0,5715,10107,4268,172,386,896,0.03009623797025372,0.038191352527950924,0.2099343955014058,0.7000000000000001,0.5,0.30000000000000004,0.6000000000000001,65.0,85.0,50.0,0.7000000000000001,0.5,0.30000000000000004,0.6000000000000001,65.0,85.0,50.0,7099,6639,460,7099,0.06479785885335963,0.6483262503075116,1.0,0.6483262503075116,1965,0.29597830998644375,1.0,1
"iteration_1","SCOPE_DATA_COLLECTION",1700,28,1750.0,1810.0,2,10395,7306,2389,10322,6991,2373,9721,6780,2152,683,527,244,0.0656478277585544,0.0721226221431504,0.1018363939899833,0.3928707223302653,0.6959173307077167,1.0209049717730567,0.7857414446605306,0.6959173307077167,0.6806033145153711,0.293694064396667,0.3036873156342183,0.28113382899628253,100.0,100.0,5715,10107,4268,172,386,896,0.03009623797025372,0.038191352527950924,0.2099343955014058,0.7000000000000001,0.5,0.30000000000000004,0.6000000000000001,65.0,85.0,50.0,0.7000000000000001,0.5,0.30000000000000004,0.6000000000000001,65.0,85.0,50.0,2308,2108,200,2308,0.08665511265164645,1.0169019121821607,1.5,0.6779346081214405,628,0.29791271347248577,1.0,1
"iteration_1","SCOPE_DATA_COLLECTION",1700,29,1810.0,1870.0,0,10131,7099,2308,10395,7306,2389,9496,6639,2106,621,460,200,0.06138183255905901,0.06479785885335963,0.08673026886383348,0.35496682283193165,0.6482312226571135,1.0124168588092564,0.7099336456638633,0.6482312226571135,0.6749445725395042,0.2701137320977254,0.2970326856454285,0.29534662867996203,100.0,100.0,5500,9804,4234,140,100,1041,0.025454545454545455,0.010199918400652794,0.24586679263108172,0.7000000000000001,0.5,0.30000000000000004,0.6000000000000001,65.0,85.0,50.0,0.7000000000000001,0.5,0.30000000000000004,0.6000000000000001,65.0,85.0,50.0,10357,9513,844,10357,0.08149077918316115,0.35978908219508665,0.5,0.7195781643901733,2696,0.2834016608851046,1.0,1
"iteration_1","SCOPE_DATA_COLLECTION",1700,29,1810.0,1870.0,1,10131,7099,2308,10395,7306,2389,9496,6639,2106,621,460,200,0.06138183255905901,0.06479785885335963,0.08673026886383348,0.35496682283193165,0.6482312226571135,1.0124168588092564,0.7099336456638633,0.6482312226571135,0.6749445725395042,0.2701137320977254,0.2970326856454285,0.29534662867996203,100.0,100.0,5500,9804,4234,140,100,1041,0.025454545454545455,0.010199918400652794,0.24586679263108172,0.7000000000000001,0.5,0.30000000000000004,0.6000000000000001,65.0,85.0,50.0,0.7000000000000001,0.5,0.30000000000000004,0.6000000000000001,65.0,85.0,50.0,7091,6513,578,7091,0.08151177549005782,0.6564041291882201,1.0,0.6564041291882201,1910,0.29325963457699983,1.0,1
"iteration_1","SCOPE_DATA_COLLECTION",1700,29,1810.0,1870.0,2,10131,7099,2308,10395,7306,2389,9496,6639,2106,621,460,200,0.06138183255905901,0.06479785885335963,0.08673026886383348,0.35496682283193165,0.6482312226571135,1.0124168588092564,0.7099336456638633,0.6482312226571135,0.6749445725395042,0.2701137320977254,0.2970326856454285,0.29534662867996203,100.0,100.0,5500,9804,4234,140,100,1041,0.025454545454545455,0.010199918400652794,0.24586679263108172,0.7000000000000001,0.5,0.30000000000000004,0.6000000000000001,65.0,85.0,50.0,0.7000000000000001,0.5,0.30000000000000004,0.6000000000000001,65.0,85.0,50.0,2454,2212,242,2454,0.09861450692746536,1.0037629921651396,1.5,0.6691753281100931,624,0.2820976491862568,1.0,1
"iteration_1","SCOPE_DATA_COLLECTION",1700,30,1870.0,1930.0,0,10357,7091,2454,10131,7099,2308,9530,6513,2214,833,568,235,0.08038212872720255,0.08021465894647649,0.09595753368721928,0.3600993495788198,0.6548049330577332,1.0020011989086393,0.7201986991576396,0.6548049330577332,0.6680007992724262,0.28426023084994756,0.2917242438200522,0.28184281842818426,100.0,100.0,5644,9951,4307,178,277,1181,0.031537916371367825,0.02783639835192443,0.2742047829115394,0.7000000000000001,0.5,0.30000000000000004,0.6000000000000001,65.0,85.0,50.0,0.8,0.5,0.2,0.7000000000000001,55.0,85.0,50.0,10297,9439,858,10297,0.08332524036127027,0.3607660724332772,0.5,0.7215321448665544,2697,0.28572942048945865,1.0,1
"iteration_1","SCOPE_DATA_COLLECTION",1700,30,1870.0,1930.0,1,10357,7091,2454,10131,7099,2308,9530,6513,2214,833,568,235,0.08038212872720255,0.08021465894647649,0.09595753368721928,0.3600993495788198,0.6548049330577332,1.0020011989086393,0.7201986991576396,0.6548049330577332,0.6680007992724262,0.28426023084994756,0.2917242438200522,0.28184281842818426,100.0,100.0,5644,9951,4307,178,277,1181,0.031537916371367825,0.02783639835192443,0.2742047829115394,0.7000000000000001,0.5,0.30000000000000004,0.6000000000000001,65.0,85.0,50.0,0.8,0.5,0.2,0.7000000000000001,55.0,85.0,50.0,7009,6416,593,7009,0.08460550720502212,0.6477121574934688,1.0,0.6477121574934688,1888,0.2942643391521197,1.0,1
"iteration_1","SCOPE_DATA_COLLECTION",1700,30,1870.0,1930.0,2,10357,7091,2454,10131,7099,2308,9530,6513,2214,833,568,235,0.08038212872720255,0.08021465894647649,0.09595753368721928,0.3600993495788198,0.6548049330577332,1.0020011989086393,0.7201986991576396,0.6548049330577332,0.6680007992724262,0.28426023084994756,0.2917242438200522,0.28184281842818426,100.0,100.0,5644,9951,4307,178,277,1181,0.031537916371367825,0.02783639835192443,0.2742047829115394,0.7000000000000001,0.5,0.30000000000000004,0.6000000000000001,65.0,85.0,50.0,0.8,0.5,0.2,0.7000000000000001,55.0,85.0,50.0,2393,2106,287,2393,0.11993313832010029,1.0030272912909246,1.5,0.6686848608606164,597,0.28347578347578345,1.0,1
"iteration_1","SCOPE_DATA_COLLECTION",1700,31,1930.0,1990.0,0,10297,7009,2393,10357,7091,2454,9419,6409,2106,869,603,294,0.08446734059097978,0.08599543639475185,0.1225,0.35991618351466365,0.6503953035667863,1.0031976359143753,0.7198323670293273,0.6503953035667863,0.6687984239429169,0.28315107760908803,0.29692619753471683,0.2839506172839506,100.0,100.0,5606,11189,2904,148,1513,105,0.026400285408490903,0.13522209312717848,0.03615702479338843,0.8,0.5,0.2,0.7000000000000001,55.0,85.0,50.0,0.8,0.6000000000000001,0.2,0.8,65.0,95.0,40.0,10432,8636,1796,10432,0.17216257668711657,0.3986404249230762,0.5,0.7972808498461524,2814,0.32584529874942103,1.0,1
"iteration_1","SCOPE_DATA_COLLECTION",1700,31,1930.0,1990.0,1,10297,7009,2393,10357,7091,2454,9419,6409,2106,869,603,294,0.08446734059097978,0.08599543639475185,0.1225,0.35991618351466365,0.6503953035667863,1.0031976359143753,0.7198323670293273,0.6503953035667863,0.6687984239429169,0.28315107760908803,0.29692619753471683,0.2839506172839506,100.0,100.0,5606,11189,2904,148,1513,105,0.026400285408490903,0.13522209312717848,0.03615702479338843,0.8,0.5,0.2,0.7000000000000001,55.0,85.0,50.0,0.8,0.6000000000000001,0.2,0.8,65.0,95.0,40.0,7190,5970,1220,7190,0.16968011126564672,0.6717723400139313,1.0,0.6717723400139313,1961,0.32847571189279734,1.0,1
"iteration_1","SCOPE_DATA_COLLECTION",1700,31,1930.0,1990.0,2,10297,7009,2393,10357,7091,2454,9419,6409,2106,869,603,294,0.08446734059097978,0.08599543639475185,0.1225,0.35991618351466365,0.6503953035667863,1.0031976359143753,0.7198323670293273,0.6503953035667863,0.6687984239429169,0.28315107760908803,0.29692619753471683,0.2839506172839506,100.0,100.0,5606,11189,2904,148,1513,105,0.026400285408490903,0.13522209312717848,0.03615702479338843,0.8,0.5,0.2,0.7000000000000001,55.0,85.0,50.0,0.8,0.6000000000000001,0.2,0.8,65.0,95.0,40.0,2426,1922,504,2426,0.20774938169826876,1.0980604487601358,1.5,0.7320402991734238,641,0.33350676378772115,1.0,1
"iteration_1","SCOPE_DATA_COLLECTION",1700,32,1990.0,2050.0,0,10432,7190,2426,10297,7009,2393,8673,5998,1929,1796,1220,503,0.1715541121406056,0.1690218897201441,0.20682565789473684,0.39945869767174624,0.6700092445475949,1.0990106447263368,0.7989173953434925,0.6700092445475949,0.7326737631508912,0.32814481724893346,0.32544181393797933,0.3328149300155521,97.5,100.0,5562,11556,2930,176,3316,27,0.03164329377921611,0.2869505019037729,0.009215017064846417,0.8,0.6000000000000001,0.2,0.8,65.0,95.0,40.0,0.9,0.6000000000000001,0.30000000000000004,0.8,65.0,85.0,40.0,10338,7036,3302,10338,0.3194041400657767,0.5354415971202239,0.5,1.0708831942404478,3062,0.4351904491188175,1.0,1
"iteration_1","SCOPE_DATA_COLLECTION",1700,32,1990.0,2050.0,1,10432,7190,2426,10297,7009,2393,8673,5998,1929,1796,1220,503,0.1715541121406056,0.1690218897201441,0.20682565789473684,0.39945869767174624,0.6700092445475949,1.0990106447263368,0.7989173953434925,0.6700092445475949,0.7326737631508912,0.32814481724893346,0.32544181393797933,0.3328149300155521,97.5,100.0,5562,11556,2930,176,3316,27,0.03164329377921611,0.2869505019037729,0.009215017064846417,0.8,0.6000000000000001,0.2,0.8,65.0,95.0,40.0,0.9,0.6000000000000001,0.30000000000000004,0.8,65.0,85.0,40.0,7022,4713,2309,7022,0.3288236969524352,0.909494715077892,1.0,0.909494715077892,2051,0.43517929132187566,1.0,1
"iteration_1","SCOPE_DATA_COLLECTION",1700,32,1990.0,2050.0,2,10432,7190,2426,10297,7009,2393,8673,5998,1929,1796,1220,503,0.1715541121406056,0.1690218897201441,0.20682565789473684,0.39945869767174624,0.6700092445475949,1.0990106447263368,0.7989173953434925,0.6700092445475949,0.7326737631508912,0.32814481724893346,0.32544181393797933,0.3328149300155521,97.5,100.0,5562,11556,2930,176,3316,27,0.03164329377921611,0.2869505019037729,0.009215017064846417,0.8,0.6000000000000001,0.2,0.8,65.0,95.0,40.0,0.9,0.6000000000000001,0.30000000000000004,0.8,65.0,85.0,40.0,2351,1479,872,2351,0.3709059974478945,1.379993636047116,1.5,0.9199957573647439,632,0.427315753887762,1.0,1
"iteration_1","SCOPE_DATA_COLLECTION",1700,33,2050.0,2110.0,0,10338,7022,2351,10432,7190,2426,7024,4717,1482,3302,2309,873,0.31977532442378465,0.3286364930259038,0.37070063694267513,0.5346516221149252,0.9101614587315329,1.3788340777525607,1.0693032442298505,0.9101614587315329,0.9192227185017071,0.4346526195899772,0.43587025651897393,0.42780026990553305,100.0,100.0,5724,12606,1381,169,6315,0,0.02952480782669462,0.5009519276534984,0.0,0.9,0.6000000000000001,0.30000000000000004,0.8,65.0,85.0,40.0,0.9,0.6000000000000001,0.30000000000000004,0.8,65.0,85.0,40.0,10355,6369,3986,10355,0.38493481409946884,0.49322079111978734,0.5,0.9864415822395747,2814,0.4418276024493641,1.0,1
"iteration_1","SCOPE_DATA_COLLECTION",1700,33,2050.0,2110.0,1,10338,7022,2351,10432,7190,2426,7024,4717,1482,3302,2309,873,0.31977532442378465,0.3286364930259038,0.37070063694267513,0.5346516221149252,0.9101614587315329,1.3788340777525607,1.0693032442298505,0.9101614587315329,0.9192227185017071,0.4346526195899772,0.43587025651897393,0.42780026990553305,100.0,100.0,5724,12606,1381,169,6315,0,0.02952480782669462,0.5009519276534984,0.0,0.9,0.6000000000000001,0.30000000000000004,0.8,65.0,85.0,40.0,0.9,0.6000000000000001,0.30000000000000004,0.8,65.0,85.0,40.0,7149,4422,2727,7149,0.3814519513218632,0.9056735468790587,1.0,0.9056735468790587,2065,0.46698326549072816,1.0,1
"iteration_1","SCOPE_DATA_COLLECTION",1700,33,2050.0,2110.0,2,10338,7022,2351,10432,7190,2426,7024,4717,1482,3302,2309,873,0.31977532442378465,0.3286364930259038,0.37070063694267513,0.5346516221149252,0.9101614587315329,1.3788340777525607,1.0693032442298505,0.9101614587315329,0.9192227185017071,0.4346526195899772,0.43587025651897393,0.42780026990553305,100.0,100.0,5724,12606,1381,169,6315,0,0.02952480782669462,0.5009519276534984,0.0,0.9,0.6000000000000001,0.30000000000000004,0.8,65.0,85.0,40.0,0.9,0.6000000000000001,0.30000000000000004,0.8,65.0,85.0,40.0,2338,1362,976,2338,0.4174508126603935,1.3567410710368992,1.5,0.9044940473579328,636,0.4669603524229075,1.0,1
"iteration_1","SCOPE_DATA_COLLECTION",1700,34,2110.0,2170.0,0,10355,7149,2338,10338,7022,2351,6394,4426,1355,3950,2702,964,0.3818638824439288,0.37906846240179576,0.4156964208710651,0.4940122017119779,0.905025311553902,1.354211306585903,0.9880244034239558,0.905025311553902,0.9028075377239353,0.4430716296527995,0.46678716674197923,0.4656826568265683,100.0,100.0,5639,12795,1408,210,7406,0,0.03724064550452208,0.5788198515044939,0.0,0.9,0.6000000000000001,0.30000000000000004,0.8,65.0,85.0,40.0,0.9,0.6000000000000001,0.30000000000000004,0.8,65.0,85.0,40.0,10147,6775,3372,10147,0.3323149699418547,0.4512796699038877,0.5,0.9025593398077754,2704,0.39911439114391145,1.0,1
"iteration_1","SCOPE_DATA_COLLECTION",1700,34,2110.0,2170.0,1,10355,7149,2338,10338,7022,2351,6394,4426,1355,3950,2702,964,0.3818638824439288,0.37906846240179576,0.4156964208710651,0.4940122017119779,0.905025311553902,1.354211306585903,0.9880244034239558,0.905025311553902,0.9028075377239353,0.4430716296527995,0.46678716674197923,0.4656826568265683,100.0,100.0,5639,12795,1408,210,7406,0,0.03724064550452208,0.5788198515044939,0.0,0.9,0.6000000000000001,0.30000000000000004,0.8,65.0,85.0,40.0,0.9,0.6000000000000001,0.30000000000000004,0.8,65.0,85.0,40.0,6999,4627,2372,6999,0.3389055579368481,0.8422903391143236,1.0,0.8422903391143236,1978,0.4274908147827966,1.0,1
"iteration_1","SCOPE_DATA_COLLECTION",1700,34,2110.0,2170.0,2,10355,7149,2338,10338,7022,2351,6394,4426,1355,3950,2702,964,0.3818638824439288,0.37906846240179576,0.4156964208710651,0.4940122017119779,0.905025311553902,1.354211306585903,0.9880244034239558,0.905025311553902,0.9028075377239353,0.4430716296527995,0.46678716674197923,0.4656826568265683,100.0,100.0,5639,12795,1408,210,7406,0,0.03724064550452208,0.5788198515044939,0.0,0.9,0.6000000000000001,0.30000000000000004,0.8,65.0,85.0,40.0,0.9,0.6000000000000001,0.30000000000000004,0.8,65.0,85.0,40.0,2356,1419,937,2356,0.3977079796264856,1.2634319215845997,1.5,0.8422879477230665,593,0.4178999295278365,1.0,1
"iteration_1","SCOPE_DATA_COLLECTION",1700,35,2170.0,2230.0,0,10147,6999,2356,10355,7149,2338,6753,4630,1415,3408,2397,949,0.3354000590493062,0.3411128504340401,0.40143824027072755,0.4507548536047922,0.845000350084464,1.2736409432547942,0.9015097072095845,0.845000350084464,0.8490939621698628,0.3978972308603584,0.4291576673866091,0.4219081272084806,100.0,100.0,5648,12461,1393,185,6569,0,0.032754957507082155,0.5271647540325817,0.0,0.9,0.6000000000000001,0.30000000000000004,0.8,65.0,85.0,40.0,0.9500000000000001,0.6000000000000001,0.30000000000000004,0.8,55.0,95.0,50.0,10341,5052,5289,10341,0.51145923991877,0.5916182038779874,0.5,1.1832364077559747,2779,0.5500791765637372,1.0,1
"iteration_1","SCOPE_DATA_COLLECTION",1700,35,2170.0,2230.0,1,10147,6999,2356,10355,7149,2338,6753,4630,1415,3408,2397,949,0.3354000590493062,0.3411128504340401,0.40143824027072755,0.4507548536047922,0.845000350084464,1.2736409432547942,0.9015097072095845,0.845000350084464,0.8490939621698628,0.3978972308603584,0.4291576673866091,0.4219081272084806,100.0,100.0,5648,12461,1393,185,6569,0,0.032754957507082155,0.5271647540325817,0.0,0.9,0.6000000000000001,0.30000000000000004,0.8,65.0,85.0,40.0,0.9500000000000001,0.6000000000000001,0.30000000000000004,0.8,55.0,95.0,50.0,7124,3403,3721,7124,0.5223189219539585,1.0598973282683206,1.0,1.0598973282683206,2046,0.6012342051131355,1.0,1
"iteration_1","SCOPE_DATA_COLLECTION",1700,35,2170.0,2230.0,2,10147,6999,2356,10355,7149,2338,6753,4630,1415,3408,2397,949,0.3354000590493062,0.3411128504340401,0.40143824027072755,0.4507548536047922,0.845000350084464,1.2736409432547942,0.9015097072095845,0.845000350084464,0.8490939621698628,0.3978972308603584,0.4291576673866091,0.4219081272084806,100.0,100.0,5648,12461,1393,185,6569,0,0.032754957507082155,0.5271647540325817,0.0,0.9,0.6000000000000001,0.30000000000000004,0.8,65.0,85.0,40.0,0.9500000000000001,0.6000000000000001,0.30000000000000004,0.8,55.0,95.0,50.0,2368,1076,1292,2368,0.5456081081081081,1.6057451916851453,1.5,1.0704967944567636,646,0.6003717472118959,1.0,1
"iteration_1","SCOPE_DATA_COLLECTION",1700,36,2230.0,2290.0,0,10341,7124,2368,10147,6999,2356,5045,3378,1087,5287,3719,1292,0.5117111885404568,0.5240242355925039,0.5430853299705759,0.5902923565665428,1.0513608705285715,1.592114569969072,1.1805847131330856,1.0513608705285715,1.0614097133127147,0.5482656095143706,0.5970988750740083,0.5952161913523459,95.0,100.0,5644,13479,710,165,10133,0,0.02923458540042523,0.7517620001483789,0.0,0.9500000000000001,0.6000000000000001,0.30000000000000004,0.8,55.0,95.0,50.0,0.8500000000000001,0.5,0.4,0.8,65.0,95.0,50.0,10338,8358,1980,10338,0.1915264074289031,0.43396785967115065,0.5,0.8679357193423013,2890,0.345776501555396,1.0,1
"iteration_1","SCOPE_DATA_COLLECTION",1700,36,2230.0,2290.0,1,10341,7124,2368,10147,6999,2356,5045,3378,1087,5287,3719,1292,0.5117111885404568,0.5240242355925039,0.5430853299705759,0.5902923565665428,1.0513608705285715,1.592114569969072,1.1805847131330856,1.0513608705285715,1.0614097133127147,0.5482656095143706,0.5970988750740083,0.5952161913523459,95.0,100.0,5644,13479,710,165,10133,0,0.02923458540042523,0.7517620001483789,0.0,0.9500000000000001,0.6000000000000001,0.30000000000000004,0.8,55.0,95.0,50.0,0.8500000000000001,0.5,0.4,0.8,65.0,95.0,50.0,6997,5494,1503,6997,0.21480634557667572,0.8096550282839325,1.0,0.8096550282839325,2034,0.3702220604295595,1.0,1
"iteration_1","SCOPE_DATA_COLLECTION",1700,36,2230.0,2290.0,2,10341,7124,2368,10147,6999,2356,5045,3378,1087,5287,3719,1292,0.5117111885404568,0.5240242355925039,0.5430853299705759,0.5902923565665428,1.0513608705285715,1.592114569969072,1.1805847131330856,1.0513608705285715,1.0614097133127147,0.5482656095143706,0.5970988750740083,0.5952161913523459,95.0,100.0,5644,13479,710,165,10133,0,0.02923458540042523,0.7517620001483789,0.0,0.9500000000000001,0.6000000000000001,0.30000000000000004,0.8,55.0,95.0,50.0,0.8500000000000001,0.5,0.4,0.8,65.0,95.0,50.0,2382,1831,551,2382,0.2313182199832074,1.1344972904082953,1.5,0.7563315269388635,609,0.332605133806663,1.0,1
"iteration_1","SCOPE_DATA_COLLECTION",1700,37,2290.0,2350.0,0,10338,6997,2382,10341,7124,2368,8352,5470,1815,1982,1505,551,0.19179407780143218,0.21577060931899641,0.23288250211327136,0.43513985533228994,0.8095919705741945,1.1396365156042019,0.8702797106645799,0.8095919705741945,0.759757677069468,0.34770114942528735,0.3711151736745887,0.334435261707989,97.5,100.0,5777,11901,2039,194,3844,0,0.03358144365587675,0.32299806738929504,0.0,0.8500000000000001,0.5,0.4,0.8,65.0,95.0,50.0,0.65,0.30000000000000004,0.30000000000000004,0.9,80.0,45.0,30.0,10197,8707,1490,10197,0.14612140825733058,0.3632111653363712,0.5,0.7264223306727424,2584,0.2967727116113472,1.0,1
"iteration_1","SCOPE_DATA_COLLECTION",1700,37,2290.0,2350.0,1,10338,6997,2382,10341,7124,2368,8352,5470,1815,1982,1505,551,0.19179407780143218,0.21577060931899641,0.23288250211327136,0.43513985533228994,0.8095919705741945,1.1396365156042019,0.8702797106645799,0.8095919705741945,0.759757677069468,0.34770114942528735,0.3711151736745887,0.334435261707989,97.5,100.0,5777,11901,2039,194,3844,0,0.03358144365587675,0.32299806738929504,0.0,0.8500000000000001,0.5,0.4,0.8,65.0,95.0,50.0,0.65,0.30000000000000004,0.30000000000000004,0.9,80.0,45.0,30.0,7044,5971,1073,7044,0.152328222600795,0.6856559706818509,1.0,0.6856559706818509,1961,0.3284207000502428,1.0,1
"iteration_1","SCOPE_DATA_COLLECTION",1700,37,2290.0,2350.0,2,10338,6997,2382,10341,7124,2368,8352,5470,1815,1982,1505,551,0.19179407780143218,0.21577060931899641,0.23288250211327136,0.43513985533228994,0.8095919705741945,1.1396365156042019,0.8702797106645799,0.8095919705741945,0.759757677069468,0.34770114942528735,0.3711151736745887,0.334435261707989,97.5,100.0,5777,11901,2039,194,3844,0,0.03358144365587675,0.32299806738929504,0.0,0.8500000000000001,0.5,0.4,0.8,65.0,95.0,50.0,0.65,0.30000000000000004,0.30000000000000004,0.9,80.0,45.0,30.0,2402,1981,421,2402,0.175270607826811,1.0294752055528635,1.5,0.6863168037019091,604,0.30489651691065117,1.0,1
"iteration_1","SCOPE_DATA_COLLECTION",1700,38,2350.0,2410.0,0,10197,7044,2402,10338,6997,2382,8708,6001,1990,1490,1073,421,0.14610707981957247,0.15168221656771275,0.1746163417669017,0.36279938788509164,0.6904397633825199,1.0257731272417057,0.7255987757701833,0.6904397633825199,0.6838487514944704,0.2963941203491043,0.33027828695217465,0.30301507537688444,97.5,100.0,5652,9060,4931,176,13,2795,0.03113941967445152,0.001434878587196468,0.5668221456094099,0.65,0.30000000000000004,0.30000000000000004,0.9,80.0,45.0,30.0,0.35000000000000003,0.30000000000000004,0.9,0.6000000000000001,20.0,75.0,85.0,10151,5485,4666,10151,0.4596591468820806,0.4424485100346399,0.5,0.8848970200692798,2463,0.4490428441203282,1.0,1
"iteration_1","SCOPE_DATA_COLLECTION",1700,38,2350.0,2410.0,1,10197,7044,2402,10338,6997,2382,8708,6001,1990,1490,1073,421,0.14610707981957247,0.15168221656771275,0.1746163417669017,0.36279938788509164,0.6904397633825199,1.0257731272417057,0.7255987757701833,0.6904397633825199,0.6838487514944704,0.2963941203491043,0.33027828695217465,0.30301507537688444,97.5,100.0,5652,9060,4931,176,13,2795,0.03113941967445152,0.001434878587196468,0.5668221456094099,0.65,0.30000000000000004,0.30000000000000004,0.9,80.0,45.0,30.0,0.35000000000000003,0.30000000000000004,0.9,0.6000000000000001,20.0,75.0,85.0,6981,3660,3321,6981,0.47571981091534166,0.9588993021271953,1.0,0.9588993021271953,1938,0.5295081967213114,1.0,1
"iteration_1","SCOPE_DATA_COLLECTION",1700,38,2350.0,2410.0,2,10197,7044,2402,10338,6997,2382,8708,6001,1990,1490,1073,421,0.14610707981957247,0.15168221656771275,0.1746163417669017,0.36279938788509164,0.6904397633825199,1.0257731272417057,0.7255987757701833,0.6904397633825199,0.6838487514944704,0.2963941203491043,0.33027828695217465,0.30301507537688444,97.5,100.0,5652,9060,4931,176,13,2795,0.03113941967445152,0.001434878587196468,0.5668221456094099,0.65,0.30000000000000004,0.30000000000000004,0.9,80.0,45.0,30.0,0.35000000000000003,0.30000000000000004,0.9,0.6000000000000001,20.0,75.0,85.0,2353,1189,1164,2353,0.49468763280917977,1.4281131173621229,1.5,0.9520754115747486,629,0.5290159798149706,1.0,1
"iteration_1","SCOPE_DATA_COLLECTION",1700,39,2410.0,2470.0,0,10151,6981,2353,10197,7044,2402,5508,3672,1186,4666,3321,1164,0.45862001179477097,0.4749034749034749,0.49531914893617024,0.44363210208029574,0.9585981248960399,1.4241232205354446,0.8872642041605915,0.9585981248960399,0.9494154803569631,0.4491648511256354,0.5296840958605664,0.5269814502529511,100.0,100.0,5683,4862,8940,210,1,8940,0.03695231391870491,2.0567667626491157E-4,1.0,0.35000000000000003,0.30000000000000004,0.9,0.6000000000000001,20.0,75.0,85.0,0.35000000000000003,0.30000000000000004,0.8,0.5,20.0,85.0,95.0,10410,5598,4812,10410,0.4622478386167147,0.45022208313752976,0.5,0.9004441662750595,2545,0.45462665237584854,1.0,1
"iteration_1","SCOPE_DATA_COLLECTION",1700,39,2410.0,2470.0,1,10151,6981,2353,10197,7044,2402,5508,3672,1186,4666,3321,1164,0.45862001179477097,0.4749034749034749,0.49531914893617024,0.44363210208029574,0.9585981248960399,1.4241232205354446,0.8872642041605915,0.9585981248960399,0.9494154803569631,0.4491648511256354,0.5296840958605664,0.5269814502529511,100.0,100.0,5683,4862,8940,210,1,8940,0.03695231391870491,2.0567667626491157E-4,1.0,0.35000000000000003,0.30000000000000004,0.9,0.6000000000000001,20.0,75.0,85.0,0.35000000000000003,0.30000000000000004,0.8,0.5,20.0,85.0,95.0,7107,3752,3355,7107,0.47206979034754465,0.9574836167535034,1.0,0.9574836167535034,1951,0.5199893390191898,1.0,1
"iteration_1","SCOPE_DATA_COLLECTION",1700,39,2410.0,2470.0,2,10151,6981,2353,10197,7044,2402,5508,3672,1186,4666,3321,1164,0.45862001179477097,0.4749034749034749,0.49531914893617024,0.44363210208029574,0.9585981248960399,1.4241232205354446,0.8872642041605915,0.9585981248960399,0.9494154803569631,0.4491648511256354,0.5296840958605664,0.5269814502529511,100.0,100.0,5683,4862,8940,210,1,8940,0.03695231391870491,2.0567667626491157E-4,1.0,0.35000000000000003,0.30000000000000004,0.9,0.6000000000000001,20.0,75.0,85.0,0.35000000000000003,0.30000000000000004,0.8,0.5,20.0,85.0,95.0,2355,1180,1175,2355,0.4989384288747346,1.4090031599358221,1.5,0.9393354399572148,602,0.5101694915254237,1.0,1
"iteration_1","SCOPE_DATA_COLLECTION",1700,40,2470.0,2530.0,0,10410,7107,2355,10151,6981,2353,5594,3748,1184,4812,3355,1175,0.46242552373630597,0.47233563283119806,0.49809241203899957,0.4502263533510698,0.9563434149417427,1.4060699505709542,0.9004527067021396,0.9563434149417427,0.9373799670473028,0.4554880228816589,0.5194770544290288,0.5092905405405406,97.5,100.0,5794,4970,9108,232,2,9108,0.04004142216085606,4.0241448692152917E-4,1.0,0.35000000000000003,0.30000000000000004,0.8,0.5,20.0,85.0,95.0,0.55,0.6000000000000001,0.2,0.2,25.0,80.0,20.0,10250,7007,3243,10250,0.31639024390243903,0.3918879462061823,0.5,0.7837758924123646,2513,0.35864135864135865,1.0,1
"iteration_1","SCOPE_DATA_COLLECTION",1700,40,2470.0,2530.0,1,10410,7107,2355,10151,6981,2353,5594,3748,1184,4812,3355,1175,0.46242552373630597,0.47233563283119806,0.49809241203899957,0.4502263533510698,0.9563434149417427,1.4060699505709542,0.9004527067021396,0.9563434149417427,0.9373799670473028,0.4554880228816589,0.5194770544290288,0.5092905405405406,97.5,100.0,5794,4970,9108,232,2,9108,0.04004142216085606,4.0241448692152917E-4,1.0,0.35000000000000003,0.30000000000000004,0.8,0.5,20.0,85.0,95.0,0.55,0.6000000000000001,0.2,0.2,25.0,80.0,20.0,6902,4695,2207,6902,0.3197623877137062,0.7603271183180568,1.0,0.7603271183180568,1920,0.40894568690095845,1.0,1
"iteration_1","SCOPE_DATA_COLLECTION",1700,40,2470.0,2530.0,2,10410,7107,2355,10151,6981,2353,5594,3748,1184,4812,3355,1175,0.46242552373630597,0.47233563283119806,0.49809241203899957,0.4502263533510698,0.9563434149417427,1.4060699505709542,0.9004527067021396,0.9563434149417427,0.9373799670473028,0.4554880228816589,0.5194770544290288,0.5092905405405406,97.5,100.0,5794,4970,9108,232,2,9108,0.04004142216085606,4.0241448692152917E-4,1.0,0.35000000000000003,0.30000000000000004,0.8,0.5,20.0,85.0,95.0,0.55,0.6000000000000001,0.2,0.2,25.0,80.0,20.0,2426,1634,792,2426,0.32646331409727947,1.1128340274656037,1.5,0.7418893516437358,624,0.3818849449204406,1.0,1
"iteration_1","SCOPE_DATA_COLLECTION",1700,41,2530.0,2590.0,0,10250,6902,2426,10410,7107,2355,6997,4674,1631,3243,2207,792,0.31669921875,0.3207382647870949,0.32686751960379695,0.3901529280494626,0.7582982073944307,1.1160786943917844,0.7803058560989252,0.7582982073944307,0.7440524629278563,0.3570101472059454,0.4073598630723149,0.38320049049662785,100.0,100.0,5550,7735,6293,115,7,6120,0.02072072072072072,9.049773755656109E-4,0.9725091371365009,0.55,0.6000000000000001,0.2,0.2,25.0,80.0,20.0,0.55,0.6000000000000001,0.2,0.2,25.0,80.0,20.0,10260,6891,3369,10260,0.3283625730994152,0.3875287422773648,0.5,0.7750574845547296,2411,0.34987665070381657,1.0,1
"iteration_1","SCOPE_DATA_COLLECTION",1700,41,2530.0,2590.0,1,10250,6902,2426,10410,7107,2355,6997,4674,1631,3243,2207,792,0.31669921875,0.3207382647870949,0.32686751960379695,0.3901529280494626,0.7582982073944307,1.1160786943917844,0.7803058560989252,0.7582982073944307,0.7440524629278563,0.3570101472059454,0.4073598630723149,0.38320049049662785,100.0,100.0,5550,7735,6293,115,7,6120,0.02072072072072072,9.049773755656109E-4,0.9725091371365009,0.55,0.6000000000000001,0.2,0.2,25.0,80.0,20.0,0.55,0.6000000000000001,0.2,0.2,25.0,80.0,20.0,7061,4787,2274,7061,0.3220507010338479,0.7320636717353646,1.0,0.7320636717353646,1913,0.39962398161687906,1.0,1
"iteration_1","SCOPE_DATA_COLLECTION",1700,41,2530.0,2590.0,2,10250,6902,2426,10410,7107,2355,6997,4674,1631,3243,2207,792,0.31669921875,0.3207382647870949,0.32686751960379695,0.3901529280494626,0.7582982073944307,1.1160786943917844,0.7803058560989252,0.7582982073944307,0.7440524629278563,0.3570101472059454,0.4073598630723149,0.38320049049662785,100.0,100.0,5550,7735,6293,115,7,6120,0.02072072072072072,9.049773755656109E-4,0.9725091371365009,0.55,0.6000000000000001,0.2,0.2,25.0,80.0,20.0,0.55,0.6000000000000001,0.2,0.2,25.0,80.0,20.0,2409,1595,814,2409,0.3378995433789954,1.1272225551292947,1.5,0.7514817034195298,632,0.3962382445141066,1.0,1
"iteration_1","SCOPE_DATA_COLLECTION",1700,42,2590.0,2650.0,0,10260,7061,2409,10250,6902,2426,6898,4805,1596,3369,2274,814,0.32813869679555857,0.3212318124028818,0.3377593360995851,0.3889838817884605,0.7360403995251057,1.1311148408386327,0.777967763576921,0.7360403995251057,0.7540765605590884,0.35169614380979997,0.4018730489073881,0.39724310776942356,100.0,100.0,5438,7885,6407,106,5,6346,0.019492460463405664,6.341154090044388E-4,0.9904791634150149,0.55,0.6000000000000001,0.2,0.2,25.0,80.0,20.0,0.65,0.5,0.2,0.30000000000000004,25.0,80.0,30.0,10330,8650,1680,10330,0.16263310745401743,0.41128516983713903,0.5,0.8225703396742781,2873,0.3321387283236994,1.0,1
"iteration_1","SCOPE_DATA_COLLECTION",1700,42,2590.0,2650.0,1,10260,7061,2409,10250,6902,2426,6898,4805,1596,3369,2274,814,0.32813869679555857,0.3212318124028818,0.3377593360995851,0.3889838817884605,0.7360403995251057,1.1311148408386327,0.777967763576921,0.7360403995251057,0.7540765605590884,0.35169614380979997,0.4018730489073881,0.39724310776942356,100.0,100.0,5438,7885,6407,106,5,6346,0.019492460463405664,6.341154090044388E-4,0.9904791634150149,0.55,0.6000000000000001,0.2,0.2,25.0,80.0,20.0,0.65,0.5,0.2,0.30000000000000004,25.0,80.0,30.0,7160,5920,1240,7160,0.17318435754189945,0.6966055474764844,1.0,0.6966055474764844,1990,0.33614864864864863,1.0,1
"iteration_1","SCOPE_DATA_COLLECTION",1700,42,2590.0,2650.0,2,10260,7061,2409,10250,6902,2426,6898,4805,1596,3369,2274,814,0.32813869679555857,0.3212318124028818,0.3377593360995851,0.3889838817884605,0.7360403995251057,1.1311148408386327,0.777967763576921,0.7360403995251057,0.7540765605590884,0.35169614380979997,0.4018730489073881,0.39724310776942356,100.0,100.0,5438,7885,6407,106,5,6346,0.019492460463405664,6.341154090044388E-4,0.9904791634150149,0.55,0.6000000000000001,0.2,0.2,25.0,80.0,20.0,0.65,0.5,0.2,0.30000000000000004,25.0,80.0,30.0,2364,1927,437,2364,0.18485617597292725,1.0865181331705205,1.5,0.7243454221136804,642,0.3331603528801245,1.0,1
"iteration_1","SCOPE_DATA_COLLECTION",1700,43,2650.0,2710.0,0,10330,7160,2364,10260,7061,2409,8653,5922,1915,1680,1240,437,0.16258588986741507,0.1731359955319743,0.18579931972789115,0.41205135001916754,0.6968643466996045,1.0819412334287335,0.8241027000383351,0.6968643466996045,0.7212941556191557,0.3326014099156362,0.33620398514015537,0.33107049608355094,97.5,100.0,5566,9206,5082,128,185,3044,0.022996766079770033,0.02009558983271779,0.5989767807949626,0.65,0.5,0.2,0.30000000000000004,25.0,80.0,30.0,0.65,0.5,0.1,0.30000000000000004,35.0,90.0,20.0,10514,9133,1381,10514,0.13134867795320526,0.3625113158634944,0.5,0.7250226317269888,2753,0.3014343589182087,1.0,1
"iteration_1","SCOPE_DATA_COLLECTION",1700,43,2650.0,2710.0,1,10330,7160,2364,10260,7061,2409,8653,5922,1915,1680,1240,437,0.16258588986741507,0.1731359955319743,0.18579931972789115,0.41205135001916754,0.6968643466996045,1.0819412334287335,0.8241027000383351,0.6968643466996045,0.7212941556191557,0.3326014099156362,0.33620398514015537,0.33107049608355094,97.5,100.0,5566,9206,5082,128,185,3044,0.022996766079770033,0.02009558983271779,0.5989767807949626,0.65,0.5,0.2,0.30000000000000004,25.0,80.0,30.0,0.65,0.5,0.1,0.30000000000000004,35.0,90.0,20.0,6898,5965,933,6898,0.13525659611481589,0.6355765848285763,1.0,0.6355765848285763,1940,0.32523051131601005,1.0,1
"iteration_1","SCOPE_DATA_COLLECTION",1700,43,2650.0,2710.0,2,10330,7160,2364,10260,7061,2409,8653,5922,1915,1680,1240,437,0.16258588986741507,0.1731359955319743,0.18579931972789115,0.41205135001916754,0.6968643466996045,1.0819412334287335,0.8241027000383351,0.6968643466996045,0.7212941556191557,0.3326014099156362,0.33620398514015537,0.33107049608355094,97.5,100.0,5566,9206,5082,128,185,3044,0.022996766079770033,0.02009558983271779,0.5989767807949626,0.65,0.5,0.2,0.30000000000000004,25.0,80.0,30.0,0.65,0.5,0.1,0.30000000000000004,35.0,90.0,20.0,2247,1884,363,2247,0.16154873164218958,1.0062044676183233,1.5,0.6708029784122155,567,0.30095541401273884,1.0,1
"iteration_1","SCOPE_DATA_COLLECTION",1700,44,2710.0,2770.0,0,10514,6898,2247,10330,7160,2364,9095,5948,1886,1381,933,363,0.13182512409316532,0.1355907571573899,0.16140506891951978,0.3615864197238173,0.6363941384683867,1.0146689246954876,0.7231728394476346,0.6363941384683867,0.6764459497969918,0.2987355689939527,0.3258238063214526,0.3054082714740191,100.0,100.0,5515,9151,4993,61,11,2605,0.011060743427017225,0.0012020544202819363,0.5217304225916283,0.65,0.5,0.1,0.30000000000000004,35.0,90.0,20.0,0.65,0.5,0.1,0.30000000000000004,35.0,90.0,20.0,10347,8678,1669,10347,0.16130279308011986,0.37686940064911395,0.5,0.7537388012982279,2637,0.3038718598755474,1.0,1
"iteration_1","SCOPE_DATA_COLLECTION",1700,44,2710.0,2770.0,1,10514,6898,2247,10330,7160,2364,9095,5948,1886,1381,933,363,0.13182512409316532,0.1355907571573899,0.16140506891951978,0.3615864197238173,0.6363941384683867,1.0146689246954876,0.7231728394476346,0.6363941384683867,0.6764459497969918,0.2987355689939527,0.3258238063214526,0.3054082714740191,100.0,100.0,5515,9151,4993,61,11,2605,0.011060743427017225,0.0012020544202819363,0.5217304225916283,0.65,0.5,0.1,0.30000000000000004,35.0,90.0,20.0,0.65,0.5,0.1,0.30000000000000004,35.0,90.0,20.0,7084,5961,1123,7084,0.1585262563523433,0.6358160639454977,1.0,0.6358160639454977,1915,0.32125482301627245,1.0,1
"iteration_1","SCOPE_DATA_COLLECTION",1700,44,2710.0,2770.0,2,10514,6898,2247,10330,7160,2364,9095,5948,1886,1381,933,363,0.13182512409316532,0.1355907571573899,0.16140506891951978,0.3615864197238173,0.6363941384683867,1.0146689246954876,0.7231728394476346,0.6363941384683867,0.6764459497969918,0.2987355689939527,0.3258238063214526,0.3054082714740191,100.0,100.0,5515,9151,4993,61,11,2605,0.011060743427017225,0.0012020544202819363,0.5217304225916283,0.65,0.5,0.1,0.30000000000000004,35.0,90.0,20.0,0.65,0.5,0.1,0.30000000000000004,35.0,90.0,20.0,2337,1901,436,2337,0.18656397090286692,1.040917195285902,1.5,0.693944796857268,613,0.32246186217780115,1.0,1
"iteration_1","SCOPE_DATA_COLLECTION",1700,45,2770.0,2830.0,0,10347,7084,2337,10514,6898,2247,8667,5940,1912,1663,1118,432,0.16098741529525654,0.15840181354491356,0.18430034129692832,0.36685817707139906,0.6263057675757168,1.0392532023407766,0.7337163541427981,0.6263057675757168,0.6928354682271843,0.30264220606899733,0.31683501683501686,0.32217573221757323,100.0,100.0,5459,9289,5020,72,151,2990,0.013189228796482872,0.01625578641403811,0.5956175298804781,0.65,0.5,0.1,0.30000000000000004,35.0,90.0,20.0,0.75,0.6000000000000001,0.2,0.2,25.0,95.0,20.0,10070,9351,719,10070,0.07140019860973187,0.353127302299423,0.5,0.706254604598846,2540,0.27162870281253343,1.0,1
"iteration_1","SCOPE_DATA_COLLECTION",1700,45,2770.0,2830.0,1,10347,7084,2337,10514,6898,2247,8667,5940,1912,1663,1118,432,0.16098741529525654,0.15840181354491356,0.18430034129692832,0.36685817707139906,0.6263057675757168,1.0392532023407766,0.7337163541427981,0.6263057675757168,0.6928354682271843,0.30264220606899733,0.31683501683501686,0.32217573221757323,100.0,100.0,5459,9289,5020,72,151,2990,0.013189228796482872,0.01625578641403811,0.5956175298804781,0.65,0.5,0.1,0.30000000000000004,35.0,90.0,20.0,0.75,0.6000000000000001,0.2,0.2,25.0,95.0,20.0,7026,6482,544,7026,0.07742670082550526,0.6262369199967697,1.0,0.6262369199967697,1898,0.2928108608454181,1.0,1
"iteration_1","SCOPE_DATA_COLLECTION",1700,45,2770.0,2830.0,2,10347,7084,2337,10514,6898,2247,8667,5940,1912,1663,1118,432,0.16098741529525654,0.15840181354491356,0.18430034129692832,0.36685817707139906,0.6263057675757168,1.0392532023407766,0.7337163541427981,0.6263057675757168,0.6928354682271843,0.30264220606899733,0.31683501683501686,0.32217573221757323,100.0,100.0,5459,9289,5020,72,151,2990,0.013189228796482872,0.01625578641403811,0.5956175298804781,0.65,0.5,0.1,0.30000000000000004,35.0,90.0,20.0,0.75,0.6000000000000001,0.2,0.2,25.0,95.0,20.0,2406,2206,200,2406,0.0831255195344971,0.9810878474370625,1.5,0.6540585649580416,631,0.28603807796917496,1.0,1
"iteration_1","SCOPE_DATA_COLLECTION",1700,46,2830.0,2890.0,0,10070,7026,2406,10347,7084,2337,9382,6498,2203,725,549,204,0.07173246264964876,0.07790549169859515,0.0847528043207312,0.36264581673546364,0.6343563854428189,0.9846033200889946,0.7252916334709273,0.6343563854428189,0.6564022133926631,0.2743551481560435,0.2967066789781471,0.2873354516568316,97.5,100.0,5348,10626,3528,73,1139,266,0.013649962602842184,0.10718991153773763,0.07539682539682539,0.75,0.6000000000000001,0.2,0.2,25.0,95.0,20.0,0.30000000000000004,0.1,0.8,0.4,95.0,75.0,25.0,10261,5154,5107,10261,0.4977097748757431,0.41156175088585756,0.5,0.8231235017717151,2136,0.41443538998835855,1.0,1
"iteration_1","SCOPE_DATA_COLLECTION",1700,46,2830.0,2890.0,1,10070,7026,2406,10347,7084,2337,9382,6498,2203,725,549,204,0.07173246264964876,0.07790549169859515,0.0847528043207312,0.36264581673546364,0.6343563854428189,0.9846033200889946,0.7252916334709273,0.6343563854428189,0.6564022133926631,0.2743551481560435,0.2967066789781471,0.2873354516568316,97.5,100.0,5348,10626,3528,73,1139,266,0.013649962602842184,0.10718991153773763,0.07539682539682539,0.75,0.6000000000000001,0.2,0.2,25.0,95.0,20.0,0.30000000000000004,0.1,0.8,0.4,95.0,75.0,25.0,7178,3546,3632,7178,0.5059905266090833,0.978110205049266,1.0,0.978110205049266,1964,0.5538635081782289,1.0,1
"iteration_1","SCOPE_DATA_COLLECTION",1700,46,2830.0,2890.0,2,10070,7026,2406,10347,7084,2337,9382,6498,2203,725,549,204,0.07173246264964876,0.07790549169859515,0.0847528043207312,0.36264581673546364,0.6343563854428189,0.9846033200889946,0.7252916334709273,0.6343563854428189,0.6564022133926631,0.2743551481560435,0.2967066789781471,0.2873354516568316,97.5,100.0,5348,10626,3528,73,1139,266,0.013649962602842184,0.10718991153773763,0.07539682539682539,0.75,0.6000000000000001,0.2,0.2,25.0,95.0,20.0,0.30000000000000004,0.1,0.8,0.4,95.0,75.0,25.0,2461,1156,1305,2461,0.5302722470540431,1.4452071562763427,1.5,0.9634714375175618,631,0.5458477508650519,1.0,1
"iteration_1","SCOPE_DATA_COLLECTION",1700,47,2890.0,2950.0,0,10261,7178,2461,10070,7026,2406,5165,3559,1166,5107,3632,1305,0.49717679127725856,0.5050757891809206,0.528126264670174,0.41179400030338736,0.9662385751622113,1.429995603400999,0.8235880006067747,0.9662385751622113,0.9533304022673327,0.41471442400774444,0.5479067153694858,0.5394511149228131,100.0,100.0,5776,4231,9893,192,5,9847,0.0332409972299169,0.001181753722524226,0.9953502476498535,0.30000000000000004,0.1,0.8,0.4,95.0,75.0,25.0,0.4,0.1,0.7000000000000001,0.5,95.0,65.0,35.0,10493,5913,4580,10493,0.43648146383303155,0.3741359768568295,0.5,0.748271953713659,2099,0.35498055132758327,1.0,1
"iteration_1","SCOPE_DATA_COLLECTION",1700,47,2890.0,2950.0,1,10261,7178,2461,10070,7026,2406,5165,3559,1166,5107,3632,1305,0.49717679127725856,0.5050757891809206,0.528126264670174,0.41179400030338736,0.9662385751622113,1.429995603400999,0.8235880006067747,0.9662385751622113,0.9533304022673327,0.41471442400774444,0.5479067153694858,0.5394511149228131,100.0,100.0,5776,4231,9893,192,5,9847,0.0332409972299169,0.001181753722524226,0.9953502476498535,0.30000000000000004,0.1,0.8,0.4,95.0,75.0,25.0,0.4,0.1,0.7000000000000001,0.5,95.0,65.0,35.0,7206,4008,3198,7206,0.443796835970025,0.8901185775217441,1.0,0.8901185775217441,1965,0.4902694610778443,1.0,1
"iteration_1","SCOPE_DATA_COLLECTION",1700,47,2890.0,2950.0,2,10261,7178,2461,10070,7026,2406,5165,3559,1166,5107,3632,1305,0.49717679127725856,0.5050757891809206,0.528126264670174,0.41179400030338736,0.9662385751622113,1.429995603400999,0.8235880006067747,0.9662385751622113,0.9533304022673327,0.41471442400774444,0.5479067153694858,0.5394511149228131,100.0,100.0,5776,4231,9893,192,5,9847,0.0332409972299169,0.001181753722524226,0.9953502476498535,0.30000000000000004,0.1,0.8,0.4,95.0,75.0,25.0,0.4,0.1,0.7000000000000001,0.5,95.0,65.0,35.0,2388,1278,1110,2388,0.4648241206030151,1.3771838813192576,1.5,0.9181225875461717,647,0.5062597809076682,1.0,1
"iteration_1","SCOPE_DATA_COLLECTION",1700,48,2950.0,3010.0,0,10493,7206,2388,10261,7178,2461,5919,4003,1274,4580,3198,1110,0.43623202209734263,0.44410498541869187,0.46560402684563756,0.37377609039629106,0.8926003039833392,1.3761393297537143,0.7475521807925821,0.8926003039833392,0.9174262198358095,0.35462071295826997,0.4901324006994754,0.5062794348508635,100.0,100.0,5741,5645,8701,185,2,8701,0.03222435115833479,3.54295837023915E-4,1.0,0.4,0.1,0.7000000000000001,0.5,95.0,65.0,35.0,0.30000000000000004,0.1,0.6000000000000001,0.5,85.0,55.0,45.0,10336,5193,5143,10336,0.4975812693498452,0.42393497032640465,0.5,0.8478699406528093,2223,0.42807625649913345,1.0,1
"iteration_1","SCOPE_DATA_COLLECTION",1700,48,2950.0,3010.0,1,10493,7206,2388,10261,7178,2461,5919,4003,1274,4580,3198,1110,0.43623202209734263,0.44410498541869187,0.46560402684563756,0.37377609039629106,0.8926003039833392,1.3761393297537143,0.7475521807925821,0.8926003039833392,0.9174262198358095,0.35462071295826997,0.4901324006994754,0.5062794348508635,100.0,100.0,5741,5645,8701,185,2,8701,0.03222435115833479,3.54295837023915E-4,1.0,0.4,0.1,0.7000000000000001,0.5,95.0,65.0,35.0,0.30000000000000004,0.1,0.6000000000000001,0.5,85.0,55.0,45.0,6958,3387,3571,6958,0.5132221902845645,0.9938218986266507,1.0,0.9938218986266507,1923,0.5677590788308238,1.0,1
"iteration_1","SCOPE_DATA_COLLECTION",1700,48,2950.0,3010.0,2,10493,7206,2388,10261,7178,2461,5919,4003,1274,4580,3198,1110,0.43623202209734263,0.44410498541869187,0.46560402684563756,0.37377609039629106,0.8926003039833392,1.3761393297537143,0.7475521807925821,0.8926003039833392,0.9174262198358095,0.35462071295826997,0.4901324006994754,0.5062794348508635,100.0,100.0,5741,5645,8701,185,2,8701,0.03222435115833479,3.54295837023915E-4,1.0,0.4,0.1,0.7000000000000001,0.5,95.0,65.0,35.0,0.30000000000000004,0.1,0.6000000000000001,0.5,85.0,55.0,45.0,2420,1154,1266,2420,0.5231404958677686,1.4734714454791498,1.5,0.9823142969860998,642,0.5563258232235702,1.0,1
"iteration_1","SCOPE_DATA_COLLECTION",1700,49,3010.0,3070.0,0,10336,6958,2420,10493,7206,2388,5190,3406,1147,5143,3571,1266,0.49772573308816415,0.5118245664325641,0.5246581019477828,0.42369703480391574,0.9969089931346227,1.4709100540747777,0.8473940696078315,0.9969089931346227,0.9806067027165185,0.4275529865125241,0.5701702877275396,0.5527462946817786,100.0,100.0,5827,4109,9778,198,4,9778,0.033979749442251586,9.734728644439036E-4,1.0,0.30000000000000004,0.1,0.6000000000000001,0.5,85.0,55.0,45.0,0.2,0.9,0.2,0.5,35.0,45.0,50.0,10237,4446,5791,10237,0.5656930741428153,0.5412827491894936,0.5,1.0825654983789872,2539,0.5710751237067027,1.0,1
"iteration_1","SCOPE_DATA_COLLECTION",1700,49,3010.0,3070.0,1,10336,6958,2420,10493,7206,2388,5190,3406,1147,5143,3571,1266,0.49772573308816415,0.5118245664325641,0.5246581019477828,0.42369703480391574,0.9969089931346227,1.4709100540747777,0.8473940696078315,0.9969089931346227,0.9806067027165185,0.4275529865125241,0.5701702877275396,0.5527462946817786,100.0,100.0,5827,4109,9778,198,4,9778,0.033979749442251586,9.734728644439036E-4,1.0,0.30000000000000004,0.1,0.6000000000000001,0.5,85.0,55.0,45.0,0.2,0.9,0.2,0.5,35.0,45.0,50.0,7344,3108,4236,7344,0.576797385620915,1.0408118963166966,1.0,1.0408118963166966,1978,0.6364221364221364,1.0,1
"iteration_1","SCOPE_DATA_COLLECTION",1700,49,3010.0,3070.0,2,10336,6958,2420,10493,7206,2388,5190,3406,1147,5143,3571,1266,0.49772573308816415,0.5118245664325641,0.5246581019477828,0.42369703480391574,0.9969089931346227,1.4709100540747777,0.8473940696078315,0.9969089931346227,0.9806067027165185,0.4275529865125241,0.5701702877275396,0.5527462946817786,100.0,100.0,5827,4109,9778,198,4,9778,0.033979749442251586,9.734728644439036E-4,1.0,0.30000000000000004,0.1,0.6000000000000001,0.5,85.0,55.0,45.0,0.2,0.9,0.2,0.5,35.0,45.0,50.0,2412,914,1498,2412,0.62106135986733,1.6090886014911894,1.5,1.0727257343274597,569,0.6225382932166302,1.0,1
"iteration_1","SCOPE_DATA_COLLECTION",1700,50,3070.0,3130.0,0,10237,7344,2412,10336,6958,2420,4450,3100,920,5791,4236,1498,0.5654721218630993,0.5774263904034896,0.619520264681555,0.5411802583101121,1.037970372657579,1.6076567693427963,1.0823605166202241,1.037970372657579,1.0717711795618643,0.570561797752809,0.6341935483870967,0.6228260869565218,100.0,100.0,5708,2927,11358,162,5,11358,0.028381219341275403,0.0017082336863682953,1.0,0.2,0.9,0.2,0.5,35.0,45.0,50.0,0.2,0.9,0.2,0.5,35.0,35.0,50.0,10338,4399,5939,10338,0.5744824917779068,0.5526605660642863,0.5,1.1053211321285725,2513,0.5712661968629233,1.0,1
"iteration_1","SCOPE_DATA_COLLECTION",1700,50,3070.0,3130.0,1,10237,7344,2412,10336,6958,2420,4450,3100,920,5791,4236,1498,0.5654721218630993,0.5774263904034896,0.619520264681555,0.5411802583101121,1.037970372657579,1.6076567693427963,1.0823605166202241,1.037970372657579,1.0717711795618643,0.570561797752809,0.6341935483870967,0.6228260869565218,100.0,100.0,5708,2927,11358,162,5,11358,0.028381219341275403,0.0017082336863682953,1.0,0.2,0.9,0.2,0.5,35.0,45.0,50.0,0.2,0.9,0.2,0.5,35.0,35.0,50.0,7128,2955,4173,7128,0.5854377104377104,1.0089136394571803,1.0,1.0089136394571803,1843,0.6236886632825719,1.0,1
"iteration_1","SCOPE_DATA_COLLECTION",1700,50,3070.0,3130.0,2,10237,7344,2412,10336,6958,2420,4450,3100,920,5791,4236,1498,0.5654721218630993,0.5774263904034896,0.619520264681555,0.5411802583101121,1.037970372657579,1.6076567693427963,1.0823605166202241,1.037970372657579,1.0717711795618643,0.570561797752809,0.6341935483870967,0.6228260869565218,100.0,100.0,5708,2927,11358,162,5,11358,0.028381219341275403,0.0017082336863682953,1.0,0.2,0.9,0.2,0.5,35.0,45.0,50.0,0.2,0.9,0.2,0.5,35.0,35.0,50.0,2369,920,1449,2369,0.6116504854368932,1.6599733972031405,1.5,1.1066489314687604,605,0.657608695652174,1.0,1
"iteration_1","SCOPE_DATA_COLLECTION",1700,51,3130.0,3190.0,0,10338,7128,2369,10237,7344,2412,4373,2967,923,5939,4173,1449,0.5759309542280838,0.5844537815126051,0.6108768971332209,0.5501816197560603,1.0144462587163867,1.6645390989106283,1.1003632395121206,1.0144462587163867,1.1096927326070856,0.5700891836268008,0.6265588136164476,0.6587215601300108,100.0,100.0,5546,2829,11460,101,0,11460,0.01821132347637937,0.0,1.0,0.2,0.9,0.2,0.5,35.0,35.0,50.0,0.1,0.9,0.2,0.6000000000000001,25.0,35.0,40.0,10416,3563,6853,10416,0.6579301075268817,0.6137962795937878,0.5,1.2275925591875756,2375,0.6665731125456076,1.0,1
"iteration_1","SCOPE_DATA_COLLECTION",1700,51,3130.0,3190.0,1,10338,7128,2369,10237,7344,2412,4373,2967,923,5939,4173,1449,0.5759309542280838,0.5844537815126051,0.6108768971332209,0.5501816197560603,1.0144462587163867,1.6645390989106283,1.1003632395121206,1.0144462587163867,1.1096927326070856,0.5700891836268008,0.6265588136164476,0.6587215601300108,100.0,100.0,5546,2829,11460,101,0,11460,0.01821132347637937,0.0,1.0,0.2,0.9,0.2,0.5,35.0,35.0,50.0,0.1,0.9,0.2,0.6000000000000001,25.0,35.0,40.0,7125,2406,4719,7125,0.6623157894736842,1.1858890709020924,1.0,1.1858890709020924,1854,0.770573566084788,1.0,1
"iteration_1","SCOPE_DATA_COLLECTION",1700,51,3130.0,3190.0,2,10338,7128,2369,10237,7344,2412,4373,2967,923,5939,4173,1449,0.5759309542280838,0.5844537815126051,0.6108768971332209,0.5501816197560603,1.0144462587163867,1.6645390989106283,1.1003632395121206,1.0144462587163867,1.1096927326070856,0.5700891836268008,0.6265588136164476,0.6587215601300108,100.0,100.0,5546,2829,11460,101,0,11460,0.01821132347637937,0.0,1.0,0.2,0.9,0.2,0.5,35.0,35.0,50.0,0.1,0.9,0.2,0.6000000000000001,25.0,35.0,40.0,2357,792,1565,2357,0.6639796351294018,1.9307948935267691,1.5,1.2871965956845128,626,0.7904040404040404,1.0,1
"iteration_1","SCOPE_DATA_COLLECTION",1700,52,3190.0,3250.0,0,10416,7125,2357,10338,7128,2369,3582,2389,791,6853,4719,1565,0.6567321514135123,0.6638998311761396,0.6642614601018676,0.6154482724716935,1.180482393183022,1.9232833607302193,1.230896544943387,1.180482393183022,1.2821889071534796,0.6669458403126745,0.7676852239430724,0.7888748419721872,100.0,100.0,5473,1419,13006,130,1,13006,0.023752969121140142,7.047216349541931E-4,1.0,0.1,0.9,0.2,0.6000000000000001,25.0,35.0,40.0,0.4,0.30000000000000004,0.5,0.1,25.0,75.0,70.0,10236,5780,4456,10236,0.435326299335678,0.42762442243057835,0.5,0.8552488448611567,2426,0.41972318339100345,1.0,1
"iteration_1","SCOPE_DATA_COLLECTION",1700,52,3190.0,3250.0,1,10416,7125,2357,10338,7128,2369,3582,2389,791,6853,4719,1565,0.6567321514135123,0.6638998311761396,0.6642614601018676,0.6154482724716935,1.180482393183022,1.9232833607302193,1.230896544943387,1.180482393183022,1.2821889071534796,0.6669458403126745,0.7676852239430724,0.7888748419721872,100.0,100.0,5473,1419,13006,130,1,13006,0.023752969121140142,7.047216349541931E-4,1.0,0.1,0.9,0.2,0.6000000000000001,25.0,35.0,40.0,0.4,0.30000000000000004,0.5,0.1,25.0,75.0,70.0,7091,4014,3077,7091,0.43393033422648425,0.9062114989975993,1.0,0.9062114989975993,2000,0.4982561036372696,1.0,1
"iteration_1","SCOPE_DATA_COLLECTION",1700,52,3190.0,3250.0,2,10416,7125,2357,10338,7128,2369,3582,2389,791,6853,4719,1565,0.6567321514135123,0.6638998311761396,0.6642614601018676,0.6154482724716935,1.180482393183022,1.9232833607302193,1.230896544943387,1.180482393183022,1.2821889071534796,0.6669458403126745,0.7676852239430724,0.7888748419721872,100.0,100.0,5473,1419,13006,130,1,13006,0.023752969121140142,7.047216349541931E-4,1.0,0.1,0.9,0.2,0.6000000000000001,25.0,35.0,40.0,0.4,0.30000000000000004,0.5,0.1,25.0,75.0,70.0,2304,1244,1060,2304,0.4600694444444444,1.2548125884579204,1.5,0.8365417256386136,587,0.47186495176848875,1.0,1
"iteration_1","SCOPE_DATA_COLLECTION",1700,53,3250.0,3310.0,0,10236,7091,2304,10416,7125,2357,5776,4016,1246,4456,3077,1060,0.4354964816262705,0.4338079796982941,0.45967042497831745,0.4284560628178225,0.9081503177284024,1.258987007378841,0.856912125635645,0.9081503177284024,0.839324671585894,0.4212257617728532,0.5,0.4727126805778491,100.0,100.0,5588,5542,8501,90,2,8501,0.016105941302791697,3.6088054853843375E-4,1.0,0.4,0.30000000000000004,0.5,0.1,25.0,75.0,70.0,0.8500000000000001,0.30000000000000004,0.5,0.4,65.0,60.0,40.0,10476,8186,2290,10476,0.21859488354333714,0.3985373454872131,0.5,0.7970746909744262,2758,0.33691668702663086,1.0,1
"iteration_1","SCOPE_DATA_COLLECTION",1700,53,3250.0,3310.0,1,10236,7091,2304,10416,7125,2357,5776,4016,1246,4456,3077,1060,0.4354964816262705,0.4338079796982941,0.45967042497831745,0.4284560628178225,0.9081503177284024,1.258987007378841,0.856912125635645,0.9081503177284024,0.839324671585894,0.4212257617728532,0.5,0.4727126805778491,100.0,100.0,5588,5542,8501,90,2,8501,0.016105941302791697,3.6088054853843375E-4,1.0,0.4,0.30000000000000004,0.5,0.1,25.0,75.0,70.0,0.8500000000000001,0.30000000000000004,0.5,0.4,65.0,60.0,40.0,7101,5366,1735,7101,0.24433178425573862,0.7833236993557741,1.0,0.7833236993557741,1975,0.3680581438688036,1.0,1
"iteration_1","SCOPE_DATA_COLLECTION",1700,53,3250.0,3310.0,2,10236,7091,2304,10416,7125,2357,5776,4016,1246,4456,3077,1060,0.4354964816262705,0.4338079796982941,0.45967042497831745,0.4284560628178225,0.9081503177284024,1.258987007378841,0.856912125635645,0.9081503177284024,0.839324671585894,0.4212257617728532,0.5,0.4727126805778491,100.0,100.0,5588,5542,8501,90,2,8501,0.016105941302791697,3.6088054853843375E-4,1.0,0.4,0.30000000000000004,0.5,0.1,25.0,75.0,70.0,0.8500000000000001,0.30000000000000004,0.5,0.4,65.0,60.0,40.0,2372,1732,640,2372,0.26981450252951095,1.1485496997648048,1.5,0.7656997998432032,621,0.35854503464203236,1.0,1
"iteration_1","SCOPE_DATA_COLLECTION",1700,54,3310.0,3370.0,0,10476,7101,2372,10236,7091,2304,8197,5370,1732,2287,1733,639,0.21814193056085462,0.24398141630297057,0.26950653732602275,0.398227341953815,0.7814168733351886,1.148767978074283,0.79645468390763,0.7814168733351886,0.7658453187161887,0.3367085519092351,0.3674115456238361,0.35912240184757505,97.5,100.0,5738,12055,2156,175,4437,47,0.030498431509236666,0.3680630443799253,0.021799628942486084,0.8500000000000001,0.30000000000000004,0.5,0.4,65.0,60.0,40.0,0.75,0.4,0.4,0.5,65.0,70.0,40.0,10167,9626,541,10167,0.05321137011901249,0.3434137180455478,0.5,0.6868274360910956,2563,0.2662580511115728,1.0,1
"iteration_1","SCOPE_DATA_COLLECTION",1700,54,3310.0,3370.0,1,10476,7101,2372,10236,7091,2304,8197,5370,1732,2287,1733,639,0.21814193056085462,0.24398141630297057,0.26950653732602275,0.398227341953815,0.7814168733351886,1.148767978074283,0.79645468390763,0.7814168733351886,0.7658453187161887,0.3367085519092351,0.3674115456238361,0.35912240184757505,97.5,100.0,5738,12055,2156,175,4437,47,0.030498431509236666,0.3680630443799253,0.021799628942486084,0.8500000000000001,0.30000000000000004,0.5,0.4,65.0,60.0,40.0,0.75,0.4,0.4,0.5,65.0,70.0,40.0,7078,6653,425,7078,0.06004521051144391,0.6529804274312326,1.0,0.6529804274312326,1967,0.2956560949947392,1.0,1
"iteration_1","SCOPE_DATA_COLLECTION",1700,54,3310.0,3370.0,2,10476,7101,2372,10236,7091,2304,8197,5370,1732,2287,1733,639,0.21814193056085462,0.24398141630297057,0.26950653732602275,0.398227341953815,0.7814168733351886,1.148767978074283,0.79645468390763,0.7814168733351886,0.7658453187161887,0.3367085519092351,0.3674115456238361,0.35912240184757505,97.5,100.0,5738,12055,2156,175,4437,47,0.030498431509236666,0.3680630443799253,0.021799628942486084,0.8500000000000001,0.30000000000000004,0.5,0.4,65.0,60.0,40.0,0.75,0.4,0.4,0.5,65.0,70.0,40.0,2380,2182,198,2380,0.08319327731092437,1.0121103036096628,1.5,0.6747402024064418,640,0.2933088909257562,1.0,1
"iteration_1","SCOPE_DATA_COLLECTION",1700,55,3370.0,3430.0,0,10167,7078,2380,10476,7101,2372,9592,6636,2170,544,427,199,0.05367008681925809,0.06045589692765114,0.08400168847615028,0.3428398288369035,0.6550757548612948,1.014427221520755,0.685679657673807,0.6550757548612948,0.67628481434717,0.2656380316930776,0.2965641952983725,0.29400921658986173,100.0,100.0,5591,10582,3452,168,966,36,0.03004829189769272,0.09128709128709128,0.010428736964078795,0.75,0.4,0.4,0.5,65.0,70.0,40.0,0.65,0.30000000000000004,0.4,0.4,75.0,60.0,30.0,10277,8969,1308,10277,0.12727449644837988,0.37801558424865145,0.5,0.7560311684973029,2707,0.3018173709443639,1.0,1
"iteration_1","SCOPE_DATA_COLLECTION",1700,55,3370.0,3430.0,1,10167,7078,2380,10476,7101,2372,9592,6636,2170,544,427,199,0.05367008681925809,0.06045589692765114,0.08400168847615028,0.3428398288369035,0.6550757548612948,1.014427221520755,0.685679657673807,0.6550757548612948,0.67628481434717,0.2656380316930776,0.2965641952983725,0.29400921658986173,100.0,100.0,5591,10582,3452,168,966,36,0.03004829189769272,0.09128709128709128,0.010428736964078795,0.75,0.4,0.4,0.5,65.0,70.0,40.0,0.65,0.30000000000000004,0.4,0.4,75.0,60.0,30.0,7138,6177,961,7138,0.13463154945362846,0.7068272170078258,1.0,0.7068272170078258,1989,0.32200097134531325,1.0,1
"iteration_1","SCOPE_DATA_COLLECTION",1700,55,3370.0,3430.0,2,10167,7078,2380,10476,7101,2372,9592,6636,2170,544,427,199,0.05367008681925809,0.06045589692765114,0.08400168847615028,0.3428398288369035,0.6550757548612948,1.014427221520755,0.685679657673807,0.6550757548612948,0.67628481434717,0.2656380316930776,0.2965641952983725,0.29400921658986173,100.0,100.0,5591,10582,3452,168,966,36,0.03004829189769272,0.09128709128709128,0.010428736964078795,0.75,0.4,0.4,0.5,65.0,70.0,40.0,0.65,0.30000000000000004,0.4,0.4,75.0,60.0,30.0,2368,1958,410,2368,0.17314189189189189,1.0551286167077203,1.5,0.7034190778051469,624,0.31869254341164455,1.0,1
"iteration_1","SCOPE_DATA_COLLECTION",1700,56,3430.0,3490.0,0,10277,7138,2368,10167,7078,2380,8973,6171,1966,1308,958,406,0.12722497811496936,0.13438069855519708,0.1711635750421585,0.37901917221721015,0.7051784439851858,1.054086833852121,0.7580383444344203,0.7051784439851858,0.702724555901414,0.301348489914187,0.3211797115540431,0.3189216683621567,97.5,100.0,5674,9218,4891,166,11,2495,0.029256256609094113,0.0011933174224343676,0.5101206297280719,0.65,0.30000000000000004,0.4,0.4,75.0,60.0,30.0,0.65,0.30000000000000004,0.4,0.4,75.0,60.0,30.0,10364,8987,1377,10364,0.13286375916634505,0.3791531960902069,0.5,0.7583063921804138,2635,0.29320129075331036,1.0,1
"iteration_1","SCOPE_DATA_COLLECTION",1700,56,3430.0,3490.0,1,10277,7138,2368,10167,7078,2380,8973,6171,1966,1308,958,406,0.12722497811496936,0.13438069855519708,0.1711635750421585,0.37901917221721015,0.7051784439851858,1.054086833852121,0.7580383444344203,0.7051784439851858,0.702724555901414,0.301348489914187,0.3211797115540431,0.3189216683621567,97.5,100.0,5674,9218,4891,166,11,2495,0.029256256609094113,0.0011933174224343676,0.5101206297280719,0.65,0.30000000000000004,0.4,0.4,75.0,60.0,30.0,0.65,0.30000000000000004,0.4,0.4,75.0,60.0,30.0,7002,5975,1027,7002,0.14667237932019422,0.7235776176247856,1.0,0.7235776176247856,1977,0.3308786610878661,1.0,1
"iteration_1","SCOPE_DATA_COLLECTION",1700,56,3430.0,3490.0,2,10277,7138,2368,10167,7078,2380,8973,6171,1966,1308,958,406,0.12722497811496936,0.13438069855519708,0.1711635750421585,0.37901917221721015,0.7051784439851858,1.054086833852121,0.7580383444344203,0.7051784439851858,0.702724555901414,0.301348489914187,0.3211797115540431,0.3189216683621567,97.5,100.0,5674,9218,4891,166,11,2495,0.029256256609094113,0.0011933174224343676,0.5101206297280719,0.65,0.30000000000000004,0.4,0.4,75.0,60.0,30.0,0.65,0.30000000000000004,0.4,0.4,75.0,60.0,30.0,2376,1943,433,2376,0.18223905723905723,1.0923925640126937,1.5,0.7282617093417958,647,0.3329902213072568,1.0,1
"iteration_1","SCOPE_DATA_COLLECTION",1700,57,3490.0,3550.0,0,10364,7002,2376,10277,7138,2368,9002,5988,1932,1365,1022,432,0.13166779203241052,0.14579172610556348,0.18274111675126903,0.3792297304178108,0.7259892884198166,1.0938381011695375,0.7584594608356215,0.7259892884198166,0.7292254007796917,0.2937125083314819,0.33216432865731466,0.3333333333333333,100.0,100.0,5681,9200,4861,214,99,2506,0.03766942439711318,0.010760869565217391,0.5155317835836247,0.65,0.30000000000000004,0.4,0.4,75.0,60.0,30.0,0.65,0.30000000000000004,0.4,0.4,75.0,60.0,30.0,10159,8719,1440,10159,0.1417462348656364,0.4006423695065193,0.5,0.8012847390130386,2740,0.31425622204381237,1.0,1
"iteration_1","SCOPE_DATA_COLLECTION",1700,57,3490.0,3550.0,1,10364,7002,2376,10277,7138,2368,9002,5988,1932,1365,1022,432,0.13166779203241052,0.14579172610556348,0.18274111675126903,0.3792297304178108,0.7259892884198166,1.0938381011695375,0.7584594608356215,0.7259892884198166,0.7292254007796917,0.2937125083314819,0.33216432865731466,0.3333333333333333,100.0,100.0,5681,9200,4861,214,99,2506,0.03766942439711318,0.010760869565217391,0.5155317835836247,0.65,0.30000000000000004,0.4,0.4,75.0,60.0,30.0,0.65,0.30000000000000004,0.4,0.4,75.0,60.0,30.0,7189,6070,1119,7189,0.1556544721101683,0.7322621416233688,1.0,0.7322621416233688,2039,0.33591433278418453,1.0,1
"iteration_1","SCOPE_DATA_COLLECTION",1700,57,3490.0,3550.0,2,10364,7002,2376,10277,7138,2368,9002,5988,1932,1365,1022,432,0.13166779203241052,0.14579172610556348,0.18274111675126903,0.3792297304178108,0.7259892884198166,1.0938381011695375,0.7584594608356215,0.7259892884198166,0.7292254007796917,0.2937125083314819,0.33216432865731466,0.3333333333333333,100.0,100.0,5681,9200,4861,214,99,2506,0.03766942439711318,0.010760869565217391,0.5155317835836247,0.65,0.30000000000000004,0.4,0.4,75.0,60.0,30.0,0.65,0.30000000000000004,0.4,0.4,75.0,60.0,30.0,2356,1944,412,2356,0.17487266553480477,1.1051619174547627,1.5,0.7367746116365085,665,0.3420781893004115,1.0,1
"iteration_1","SCOPE_DATA_COLLECTION",1700,58,3550.0,3618.88093543423,0,10159,7189,2356,10364,7002,2376,8728,6054,1948,1452,1127,417,0.14263261296660118,0.15694193009330176,0.17632135306553912,0.40121372103150177,0.730666238405205,1.1026444666046642,0.8024274420630035,0.730666238405205,0.7350963110697761,0.31668194317140236,0.3353154938883383,0.3408624229979466,100.0,100.0,5631,9141,4932,156,79,2761,0.02770378263185935,0.008642380483535718,0.5598134630981346,0.65,0.30000000000000004,0.4,0.4,75.0,60.0,30.0,0.7000000000000001,0.6000000000000001,0.6000000000000001,0.4,40.0,80.0,45.0,8708,8012,656,8668,0.07568066451315182,0.3738247040201491,0.5,0.7476494080402982,2296,0.2865701447828258,0.9954065227377125,0
"iteration_1","SCOPE_DATA_COLLECTION",1700,58,3550.0,3618.88093543423,1,10159,7189,2356,10364,7002,2376,8728,6054,1948,1452,1127,417,0.14263261296660118,0.15694193009330176,0.17632135306553912,0.40121372103150177,0.730666238405205,1.1026444666046642,0.8024274420630035,0.730666238405205,0.7350963110697761,0.31668194317140236,0.3353154938883383,0.3408624229979466,100.0,100.0,5631,9141,4932,156,79,2761,0.02770378263185935,0.008642380483535718,0.5598134630981346,0.65,0.30000000000000004,0.4,0.4,75.0,60.0,30.0,0.7000000000000001,0.6000000000000001,0.6000000000000001,0.4,40.0,80.0,45.0,5895,5283,535,5818,0.09195599862495703,0.6810705744806939,1.0,0.6810705744806939,1556,0.2945296233200833,0.9869380831212893,0
"iteration_1","SCOPE_DATA_COLLECTION",1700,58,3550.0,3618.88093543423,2,10159,7189,2356,10364,7002,2376,8728,6054,1948,1452,1127,417,0.14263261296660118,0.15694193009330176,0.17632135306553912,0.40121372103150177,0.730666238405205,1.1026444666046642,0.8024274420630035,0.730666238405205,0.7350963110697761,0.31668194317140236,0.3353154938883383,0.3408624229979466,100.0,100.0,5631,9141,4932,156,79,2761,0.02770378263185935,0.008642380483535718,0.5598134630981346,0.65,0.30000000000000004,0.4,0.4,75.0,60.0,30.0,0.7000000000000001,0.6000000000000001,0.6000000000000001,0.4,40.0,80.0,45.0,2021,1735,258,1993,0.12945308580030104,1.0158902587198166,1.5,0.6772601724798778,502,0.28933717579250723,0.9861454725383474,0
"iteration_1","SCOPE_DATA_COLLECTION",1800,0,70.0,130.0,0,10180,6880,2232,0,0,0,8212,5362,1712,1916,1442,491,0.1891785150078989,0.21193415637860083,0.22287789378120745,0.3787993984459378,0.7403827901597378,1.0616691662265918,0.7575987968918756,0.7403827901597378,0.7077794441510612,0.3189235265465173,0.3537859007832898,0.33119158878504673,100.0,100.0,5661,8179,5452,244,7,3598,0.04310192545486663,8.558503484533561E-4,0.6599413059427733,0.6,0.5,0.7,0.4,85.0,80.0,90.0,0.6,0.5,0.7,0.4,85.0,80.0,90.0,11163,8861,2302,11163,0.20621696676520648,0.3714021050050124,0.5,0.7428042100100248,2824,0.3186999210021442,1.0,1
"iteration_1","SCOPE_DATA_COLLECTION",1800,0,70.0,130.0,1,10180,6880,2232,0,0,0,8212,5362,1712,1916,1442,491,0.1891785150078989,0.21193415637860083,0.22287789378120745,0.3787993984459378,0.7403827901597378,1.0616691662265918,0.7575987968918756,0.7403827901597378,0.7077794441510612,0.3189235265465173,0.3537859007832898,0.33119158878504673,100.0,100.0,5661,8179,5452,244,7,3598,0.04310192545486663,8.558503484533561E-4,0.6599413059427733,0.6,0.5,0.7,0.4,85.0,80.0,90.0,0.6,0.5,0.7,0.4,85.0,80.0,90.0,7508,5923,1585,7508,0.21110815130527438,0.7391580953143578,1.0,0.7391580953143578,2074,0.35016039169339863,1.0,1
"iteration_1","SCOPE_DATA_COLLECTION",1800,0,70.0,130.0,2,10180,6880,2232,0,0,0,8212,5362,1712,1916,1442,491,0.1891785150078989,0.21193415637860083,0.22287789378120745,0.3787993984459378,0.7403827901597378,1.0616691662265918,0.7575987968918756,0.7403827901597378,0.7077794441510612,0.3189235265465173,0.3537859007832898,0.33119158878504673,100.0,100.0,5661,8179,5452,244,7,3598,0.04310192545486663,8.558503484533561E-4,0.6599413059427733,0.6,0.5,0.7,0.4,85.0,80.0,90.0,0.6,0.5,0.7,0.4,85.0,80.0,90.0,2401,1804,597,2401,0.248646397334444,1.0232379847475725,1.5,0.6821586564983817,558,0.3093126385809313,1.0,1
"iteration_1","SCOPE_DATA_COLLECTION",1800,1,130.0,190.0,0,11163,7508,2401,10180,6880,2232,8866,5926,1802,2302,1585,597,0.20612464183381088,0.21102383171348688,0.24885368903709879,0.37156569582205173,0.7368727404744435,1.0277854722580093,0.7431313916441035,0.7368727404744435,0.6851903148386729,0.3195353034062711,0.3496456294296321,0.31076581576026635,100.0,100.0,5981,9070,6021,292,8,4184,0.04882126734659756,8.820286659316428E-4,0.6949011792061119,0.6,0.5,0.7,0.4,85.0,80.0,90.0,0.05,0.30000000000000004,0.5,0.7000000000000001,50.0,45.0,80.0,11165,3416,7749,11165,0.6940438871473354,0.6670227475699598,0.5,1.3340454951399197,2515,0.7362412177985949,1.0,1
"iteration_1","SCOPE_DATA_COLLECTION",1800,1,130.0,190.0,1,11163,7508,2401,10180,6880,2232,8866,5926,1802,2302,1585,597,0.20612464183381088,0.21102383171348688,0.24885368903709879,0.37156569582205173,0.7368727404744435,1.0277854722580093,0.7431313916441035,0.7368727404744435,0.6851903148386729,0.3195353034062711,0.3496456294296321,0.31076581576026635,100.0,100.0,5981,9070,6021,292,8,4184,0.04882126734659756,8.820286659316428E-4,0.6949011792061119,0.6,0.5,0.7,0.4,85.0,80.0,90.0,0.05,0.30000000000000004,0.5,0.7000000000000001,50.0,45.0,80.0,7448,2255,5193,7448,0.697234156820623,1.4590515118631504,1.0,1.4590515118631504,1979,0.8776053215077605,1.0,1
"iteration_1","SCOPE_DATA_COLLECTION",1800,1,130.0,190.0,2,11163,7508,2401,10180,6880,2232,8866,5926,1802,2302,1585,597,0.20612464183381088,0.21102383171348688,0.24885368903709879,0.37156569582205173,0.7368727404744435,1.0277854722580093,0.7431313916441035,0.7368727404744435,0.6851903148386729,0.3195353034062711,0.3496456294296321,0.31076581576026635,100.0,100.0,5981,9070,6021,292,8,4184,0.04882126734659756,8.820286659316428E-4,0.6949011792061119,0.6,0.5,0.7,0.4,85.0,80.0,90.0,0.05,0.30000000000000004,0.5,0.7000000000000001,50.0,45.0,80.0,2449,684,1765,2449,0.7207023274806044,2.1599844873206386,1.5,1.439989658213759,602,0.8801169590643275,1.0,1
"iteration_1","SCOPE_DATA_COLLECTION",1800,2,190.0,250.0,0,11165,7448,2449,11163,7508,2401,3424,2278,687,7749,5193,1765,0.6935469435245681,0.695087672333021,0.7198205546492659,0.666169347259769,1.457124707273676,2.134252750513441,1.332338694519538,1.457124707273676,1.4228351670089607,0.7336448598130841,0.8731343283582089,0.868995633187773,100.0,100.0,5893,717,14452,254,1,14452,0.04310198540641439,0.001394700139470014,1.0,0.05,0.30000000000000004,0.5,0.7000000000000001,50.0,45.0,80.0,0.05,0.30000000000000004,0.5,0.8,40.0,45.0,80.0,11184,3451,7733,11184,0.691434191702432,0.67384989740572,0.5,1.34769979481144,2574,0.7458707620979427,1.0,1
"iteration_1","SCOPE_DATA_COLLECTION",1800,2,190.0,250.0,1,11165,7448,2449,11163,7508,2401,3424,2278,687,7749,5193,1765,0.6935469435245681,0.695087672333021,0.7198205546492659,0.666169347259769,1.457124707273676,2.134252750513441,1.332338694519538,1.457124707273676,1.4228351670089607,0.7336448598130841,0.8731343283582089,0.868995633187773,100.0,100.0,5893,717,14452,254,1,14452,0.04310198540641439,0.001394700139470014,1.0,0.05,0.30000000000000004,0.5,0.7000000000000001,50.0,45.0,80.0,0.05,0.30000000000000004,0.5,0.8,40.0,45.0,80.0,7419,2227,5192,7419,0.6998247742283327,1.4374730158376627,1.0,1.4374730158376627,1915,0.8599012123933543,1.0,1
"iteration_1","SCOPE_DATA_COLLECTION",1800,2,190.0,250.0,2,11165,7448,2449,11163,7508,2401,3424,2278,687,7749,5193,1765,0.6935469435245681,0.695087672333021,0.7198205546492659,0.666169347259769,1.457124707273676,2.134252750513441,1.332338694519538,1.457124707273676,1.4228351670089607,0.7336448598130841,0.8731343283582089,0.868995633187773,100.0,100.0,5893,717,14452,254,1,14452,0.04310198540641439,0.001394700139470014,1.0,0.05,0.30000000000000004,0.5,0.7000000000000001,50.0,45.0,80.0,0.05,0.30000000000000004,0.5,0.8,40.0,45.0,80.0,2469,699,1770,2469,0.7168894289185905,2.1471852482353193,1.5,1.4314568321568795,613,0.876967095851216,1.0,1
"iteration_1","SCOPE_DATA_COLLECTION",1800,3,250.0,310.0,0,11184,7419,2469,11165,7448,2449,3460,2224,703,7733,5192,1770,0.6908782274635933,0.7001078748651565,0.715729882733522,0.6742375968370428,1.4366106228480588,2.1490807083105197,1.3484751936740855,1.4366106228480588,1.432720472207013,0.7459537572254336,0.8592625899280576,0.8776671408250356,100.0,100.0,5837,759,14476,219,0,14476,0.03751927359945177,0.0,1.0,0.05,0.30000000000000004,0.5,0.8,40.0,45.0,80.0,0.05,0.2,0.4,0.7000000000000001,40.0,45.0,80.0,11180,3491,7689,11180,0.6877459749552772,0.6317880858218248,0.5,1.2635761716436495,2533,0.7255800630191922,1.0,1
"iteration_1","SCOPE_DATA_COLLECTION",1800,3,250.0,310.0,1,11184,7419,2469,11165,7448,2449,3460,2224,703,7733,5192,1770,0.6908782274635933,0.7001078748651565,0.715729882733522,0.6742375968370428,1.4366106228480588,2.1490807083105197,1.3484751936740855,1.4366106228480588,1.432720472207013,0.7459537572254336,0.8592625899280576,0.8776671408250356,100.0,100.0,5837,759,14476,219,0,14476,0.03751927359945177,0.0,1.0,0.05,0.30000000000000004,0.5,0.8,40.0,45.0,80.0,0.05,0.2,0.4,0.7000000000000001,40.0,45.0,80.0,7375,2276,5099,7375,0.6913898305084746,1.4084643566964172,1.0,1.4084643566964172,1974,0.867311072056239,1.0,1
"iteration_1","SCOPE_DATA_COLLECTION",1800,3,250.0,310.0,2,11184,7419,2469,11165,7448,2449,3460,2224,703,7733,5192,1770,0.6908782274635933,0.7001078748651565,0.715729882733522,0.6742375968370428,1.4366106228480588,2.1490807083105197,1.3484751936740855,1.4366106228480588,1.432720472207013,0.7459537572254336,0.8592625899280576,0.8776671408250356,100.0,100.0,5837,759,14476,219,0,14476,0.03751927359945177,0.0,1.0,0.05,0.30000000000000004,0.5,0.8,40.0,45.0,80.0,0.05,0.2,0.4,0.7000000000000001,40.0,45.0,80.0,2514,710,1804,2514,0.7175815433571997,2.1046650952960877,1.5,1.4031100635307252,614,0.8647887323943662,1.0,1
"iteration_1","SCOPE_DATA_COLLECTION",1800,4,310.0,370.0,0,11180,7375,2514,11184,7419,2469,3477,2278,703,7689,5099,1804,0.6886082751209027,0.6912023857936831,0.7195851615476665,0.6310633306064741,1.409452771768989,2.1027857436351547,1.2621266612129483,1.409452771768989,1.4018571624234364,0.7238999137187231,0.8674275680421423,0.8634423897581792,100.0,100.0,5907,764,14398,194,0,14398,0.03284239038428983,0.0,1.0,0.05,0.2,0.4,0.7000000000000001,40.0,45.0,80.0,0.05,0.2,0.4,0.7000000000000001,40.0,45.0,80.0,11181,3437,7744,11181,0.6926035238350774,0.621163449490004,0.5,1.242326898980008,2423,0.7049752691300553,1.0,1
"iteration_1","SCOPE_DATA_COLLECTION",1800,4,310.0,370.0,1,11180,7375,2514,11184,7419,2469,3477,2278,703,7689,5099,1804,0.6886082751209027,0.6912023857936831,0.7195851615476665,0.6310633306064741,1.409452771768989,2.1027857436351547,1.2621266612129483,1.409452771768989,1.4018571624234364,0.7238999137187231,0.8674275680421423,0.8634423897581792,100.0,100.0,5907,764,14398,194,0,14398,0.03284239038428983,0.0,1.0,0.05,0.2,0.4,0.7000000000000001,40.0,45.0,80.0,0.05,0.2,0.4,0.7000000000000001,40.0,45.0,80.0,7505,2269,5236,7505,0.6976682211858761,1.4021983600469454,1.0,1.4021983600469454,1964,0.8655795504627589,1.0,1
"iteration_1","SCOPE_DATA_COLLECTION",1800,4,310.0,370.0,2,11180,7375,2514,11184,7419,2469,3477,2278,703,7689,5099,1804,0.6886082751209027,0.6912023857936831,0.7195851615476665,0.6310633306064741,1.409452771768989,2.1027857436351547,1.2621266612129483,1.409452771768989,1.4018571624234364,0.7238999137187231,0.8674275680421423,0.8634423897581792,100.0,100.0,5907,764,14398,194,0,14398,0.03284239038428983,0.0,1.0,0.05,0.2,0.4,0.7000000000000001,40.0,45.0,80.0,0.05,0.2,0.4,0.7000000000000001,40.0,45.0,80.0,2436,680,1756,2436,0.7208538587848933,2.1761127429026392,1.5,1.4507418286017595,603,0.8867647058823529,1.0,1
"iteration_1","SCOPE_DATA_COLLECTION",1800,5,370.0,430.0,0,11181,7505,2436,11180,7375,2514,3439,2260,688,7744,5236,1756,0.6924796566216579,0.6985058697972252,0.7184942716857611,0.620693607150501,1.401452311747343,2.1782669357409334,1.241387214301002,1.401452311747343,1.4521779571606224,0.7057284094213434,0.8650442477876106,0.8880813953488372,100.0,100.0,5795,771,14556,179,1,14556,0.03088869715271786,0.0012970168612191958,1.0,0.05,0.2,0.4,0.7000000000000001,40.0,45.0,80.0,0.05,0.2,0.30000000000000004,0.6000000000000001,50.0,55.0,70.0,11264,3552,7712,11264,0.6846590909090909,0.6197316464007107,0.5,1.2394632928014213,2491,0.701295045045045,1.0,1
"iteration_1","SCOPE_DATA_COLLECTION",1800,5,370.0,430.0,1,11181,7505,2436,11180,7375,2514,3439,2260,688,7744,5236,1756,0.6924796566216579,0.6985058697972252,0.7184942716857611,0.620693607150501,1.401452311747343,2.1782669357409334,1.241387214301002,1.401452311747343,1.4521779571606224,0.7057284094213434,0.8650442477876106,0.8880813953488372,100.0,100.0,5795,771,14556,179,1,14556,0.03088869715271786,0.0012970168612191958,1.0,0.05,0.2,0.4,0.7000000000000001,40.0,45.0,80.0,0.05,0.2,0.30000000000000004,0.6000000000000001,50.0,55.0,70.0,7579,2235,5344,7579,0.7051062145401769,1.395894734126512,1.0,1.395894734126512,1937,0.8666666666666667,1.0,1
"iteration_1","SCOPE_DATA_COLLECTION",1800,5,370.0,430.0,2,11181,7505,2436,11180,7375,2514,3439,2260,688,7744,5236,1756,0.6924796566216579,0.6985058697972252,0.7184942716857611,0.620693607150501,1.401452311747343,2.1782669357409334,1.241387214301002,1.401452311747343,1.4521779571606224,0.7057284094213434,0.8650442477876106,0.8880813953488372,100.0,100.0,5795,771,14556,179,1,14556,0.03088869715271786,0.0012970168612191958,1.0,0.05,0.2,0.4,0.7000000000000001,40.0,45.0,80.0,0.05,0.2,0.30000000000000004,0.6000000000000001,50.0,55.0,70.0,2483,691,1792,2483,0.7217076117599678,2.113044834748415,1.5,1.4086965564989435,606,0.8769898697539797,1.0,1
"iteration_1","SCOPE_DATA_COLLECTION",1800,6,430.0,490.0,0,11264,7579,2483,11181,7505,2436,3570,2239,691,7712,5344,1792,0.6835667434851976,0.7047342740340234,0.7217076117599678,0.6211302951898737,1.3953863563844489,2.1137986546386784,1.2422605903797475,1.3953863563844489,1.4091991030924522,0.7028011204481792,0.8673514962036624,0.8784370477568741,100.0,100.0,5875,791,14660,188,0,14660,0.032,0.0,1.0,0.05,0.2,0.30000000000000004,0.6000000000000001,50.0,55.0,70.0,0.15000000000000002,0.1,0.2,0.5,50.0,55.0,60.0,11253,4361,6892,11253,0.6124588998489292,0.47534890932679896,0.5,0.9506978186535979,2214,0.5076817243751434,1.0,1
"iteration_1","SCOPE_DATA_COLLECTION",1800,6,430.0,490.0,1,11264,7579,2483,11181,7505,2436,3570,2239,691,7712,5344,1792,0.6835667434851976,0.7047342740340234,0.7217076117599678,0.6211302951898737,1.3953863563844489,2.1137986546386784,1.2422605903797475,1.3953863563844489,1.4091991030924522,0.7028011204481792,0.8673514962036624,0.8784370477568741,100.0,100.0,5875,791,14660,188,0,14660,0.032,0.0,1.0,0.05,0.2,0.30000000000000004,0.6000000000000001,50.0,55.0,70.0,0.15000000000000002,0.1,0.2,0.5,50.0,55.0,60.0,7481,2847,4634,7481,0.6194359042908703,1.1215294165591632,1.0,1.1215294165591632,2000,0.7024938531787847,1.0,1
"iteration_1","SCOPE_DATA_COLLECTION",1800,6,430.0,490.0,2,11264,7579,2483,11181,7505,2436,3570,2239,691,7712,5344,1792,0.6835667434851976,0.7047342740340234,0.7217076117599678,0.6211302951898737,1.3953863563844489,2.1137986546386784,1.2422605903797475,1.3953863563844489,1.4091991030924522,0.7028011204481792,0.8673514962036624,0.8784370477568741,100.0,100.0,5875,791,14660,188,0,14660,0.032,0.0,1.0,0.05,0.2,0.30000000000000004,0.6000000000000001,50.0,55.0,70.0,0.15000000000000002,0.1,0.2,0.5,50.0,55.0,60.0,2428,857,1571,2428,0.6470345963756178,1.6700460636968602,1.5,1.1133640424645734,580,0.676779463243874,1.0,1
"iteration_1","SCOPE_DATA_COLLECTION",1800,7,490.0,550.0,0,11253,7481,2428,11264,7579,2483,4358,2850,857,6892,4634,1571,0.6126222222222222,0.6191876002137894,0.6470345963756178,0.4763742511978062,1.1292545134057066,1.6791156810654169,0.9527485023956124,1.1292545134057066,1.1194104540436112,0.5091785222579165,0.7045614035087719,0.6791131855309218,97.5,100.0,5885,2300,12977,120,0,12977,0.020390824129141887,0.0,1.0,0.15000000000000002,0.1,0.2,0.5,50.0,55.0,60.0,0.05,0.1,0.2,0.5,50.0,55.0,60.0,11142,3351,7791,11142,0.6992460958535271,0.5575043801318802,0.5,1.1150087602637604,2080,0.6207102357505222,1.0,1
"iteration_1","SCOPE_DATA_COLLECTION",1800,7,490.0,550.0,1,11253,7481,2428,11264,7579,2483,4358,2850,857,6892,4634,1571,0.6126222222222222,0.6191876002137894,0.6470345963756178,0.4763742511978062,1.1292545134057066,1.6791156810654169,0.9527485023956124,1.1292545134057066,1.1194104540436112,0.5091785222579165,0.7045614035087719,0.6791131855309218,97.5,100.0,5885,2300,12977,120,0,12977,0.020390824129141887,0.0,1.0,0.15000000000000002,0.1,0.2,0.5,50.0,55.0,60.0,0.05,0.1,0.2,0.5,50.0,55.0,60.0,7636,2320,5316,7636,0.6961760083813515,1.3338678048928498,1.0,1.3338678048928498,2010,0.8663793103448276,1.0,1
"iteration_1","SCOPE_DATA_COLLECTION",1800,7,490.0,550.0,2,11253,7481,2428,11264,7579,2483,4358,2850,857,6892,4634,1571,0.6126222222222222,0.6191876002137894,0.6470345963756178,0.4763742511978062,1.1292545134057066,1.6791156810654169,0.9527485023956124,1.1292545134057066,1.1194104540436112,0.5091785222579165,0.7045614035087719,0.6791131855309218,97.5,100.0,5885,2300,12977,120,0,12977,0.020390824129141887,0.0,1.0,0.15000000000000002,0.1,0.2,0.5,50.0,55.0,60.0,0.05,0.1,0.2,0.5,50.0,55.0,60.0,2494,696,1798,2494,0.7209302325581395,2.049881652873827,1.5,1.3665877685825514,603,0.8663793103448276,1.0,1
"iteration_1","SCOPE_DATA_COLLECTION",1800,8,550.0,610.0,0,11142,7636,2494,11253,7481,2428,3351,2330,695,7791,5316,1798,0.6992460958535271,0.6952654982997646,0.7212194143602085,0.5568750629322827,1.3326774854397865,2.040949880316856,1.1137501258645655,1.3326774854397865,1.3606332535445709,0.6183228886899433,0.8652360515021459,0.8618705035971223,92.5,100.0,5746,752,14774,131,0,14774,0.022798468499825964,0.0,1.0,0.05,0.1,0.2,0.5,50.0,55.0,60.0,0.05,0.1,0.2,0.5,60.0,45.0,70.0,11200,3472,7728,11200,0.69,0.5463054829091702,0.5,1.0926109658183405,2122,0.6111751152073732,1.0,1
"iteration_1","SCOPE_DATA_COLLECTION",1800,8,550.0,610.0,1,11142,7636,2494,11253,7481,2428,3351,2330,695,7791,5316,1798,0.6992460958535271,0.6952654982997646,0.7212194143602085,0.5568750629322827,1.3326774854397865,2.040949880316856,1.1137501258645655,1.3326774854397865,1.3606332535445709,0.6183228886899433,0.8652360515021459,0.8618705035971223,92.5,100.0,5746,752,14774,131,0,14774,0.022798468499825964,0.0,1.0,0.05,0.1,0.2,0.5,50.0,55.0,60.0,0.05,0.1,0.2,0.5,60.0,45.0,70.0,7394,2286,5108,7394,0.6908304030294834,1.31918369799719,1.0,1.31918369799719,1977,0.8648293963254593,1.0,1
"iteration_1","SCOPE_DATA_COLLECTION",1800,8,550.0,610.0,2,11142,7636,2494,11253,7481,2428,3351,2330,695,7791,5316,1798,0.6992460958535271,0.6952654982997646,0.7212194143602085,0.5568750629322827,1.3326774854397865,2.040949880316856,1.1137501258645655,1.3326774854397865,1.3606332535445709,0.6183228886899433,0.8652360515021459,0.8618705035971223,92.5,100.0,5746,752,14774,131,0,14774,0.022798468499825964,0.0,1.0,0.05,0.1,0.2,0.5,50.0,55.0,60.0,0.05,0.1,0.2,0.5,60.0,45.0,70.0,2498,696,1802,2498,0.7213771016813451,2.0807525397456357,1.5,1.3871683598304239,613,0.8807471264367817,1.0,1
"iteration_1","SCOPE_DATA_COLLECTION",1800,9,610.0,670.0,0,11200,7394,2498,11142,7636,2494,3457,2280,696,7728,5108,1802,0.6909253464461332,0.691391445587439,0.7213771016813451,0.5449458989748257,1.3173117272332224,2.080559638999142,1.0898917979496514,1.3173117272332224,1.3870397593327615,0.6115128724327451,0.8644736842105263,0.8807471264367817,97.5,100.0,5787,774,14531,107,0,14531,0.01848971833419734,0.0,1.0,0.05,0.1,0.2,0.5,60.0,45.0,70.0,0.8500000000000001,0.6000000000000001,0.30000000000000004,0.2,95.0,40.0,30.0,10931,7064,3867,10931,0.3537645229164761,0.5243962047495091,0.5,1.0487924094990182,3133,0.44351642129105323,1.0,1
"iteration_1","SCOPE_DATA_COLLECTION",1800,9,610.0,670.0,1,11200,7394,2498,11142,7636,2494,3457,2280,696,7728,5108,1802,0.6909253464461332,0.691391445587439,0.7213771016813451,0.5449458989748257,1.3173117272332224,2.080559638999142,1.0898917979496514,1.3173117272332224,1.3870397593327615,0.6115128724327451,0.8644736842105263,0.8807471264367817,97.5,100.0,5787,774,14531,107,0,14531,0.01848971833419734,0.0,1.0,0.05,0.1,0.2,0.5,60.0,45.0,70.0,0.8500000000000001,0.6000000000000001,0.30000000000000004,0.2,95.0,40.0,30.0,7541,4767,2774,7541,0.36785572205277817,0.8850711670972128,1.0,0.8850711670972128,1995,0.4185022026431718,1.0,1
"iteration_1","SCOPE_DATA_COLLECTION",1800,9,610.0,670.0,2,11200,7394,2498,11142,7636,2494,3457,2280,696,7728,5108,1802,0.6909253464461332,0.691391445587439,0.7213771016813451,0.5449458989748257,1.3173117272332224,2.080559638999142,1.0898917979496514,1.3173117272332224,1.3870397593327615,0.6115128724327451,0.8644736842105263,0.8807471264367817,97.5,100.0,5787,774,14531,107,0,14531,0.01848971833419734,0.0,1.0,0.05,0.1,0.2,0.5,60.0,45.0,70.0,0.8500000000000001,0.6000000000000001,0.30000000000000004,0.2,95.0,40.0,30.0,2475,1482,993,2475,0.4012121212121212,1.2930483537739694,1.5,0.862032235849313,636,0.4291497975708502,1.0,1
"iteration_1","SCOPE_DATA_COLLECTION",1800,10,670.0,730.0,0,10931,7541,2475,11200,7394,2498,7065,4745,1482,3862,2771,992,0.3534364418413105,0.3686801490154337,0.4009700889248181,0.523771806657277,0.8773923657806035,1.2921474552652927,1.047543613314554,0.8773923657806035,0.8614316368435285,0.4427459306440198,0.41559536354056903,0.4298245614035088,100.0,100.0,5665,12969,2313,133,7446,46,0.023477493380406,0.5741383298635208,0.01988759187202767,0.8500000000000001,0.6000000000000001,0.30000000000000004,0.2,95.0,40.0,30.0,0.75,0.6000000000000001,0.4,0.30000000000000004,85.0,50.0,20.0,11391,9474,1917,11391,0.1682907558598894,0.4457686096045052,0.5,0.8915372192090104,3068,0.3238336499894448,1.0,1
"iteration_1","SCOPE_DATA_COLLECTION",1800,10,670.0,730.0,1,10931,7541,2475,11200,7394,2498,7065,4745,1482,3862,2771,992,0.3534364418413105,0.3686801490154337,0.4009700889248181,0.523771806657277,0.8773923657806035,1.2921474552652927,1.047543613314554,0.8773923657806035,0.8614316368435285,0.4427459306440198,0.41559536354056903,0.4298245614035088,100.0,100.0,5665,12969,2313,133,7446,46,0.023477493380406,0.5741383298635208,0.01988759187202767,0.8500000000000001,0.6000000000000001,0.30000000000000004,0.2,95.0,40.0,30.0,0.75,0.6000000000000001,0.4,0.30000000000000004,85.0,50.0,20.0,7494,6079,1415,7494,0.18881772084334134,0.7781978166838157,1.0,0.7781978166838157,2068,0.3401875308438888,1.0,1
"iteration_1","SCOPE_DATA_COLLECTION",1800,10,670.0,730.0,2,10931,7541,2475,11200,7394,2498,7065,4745,1482,3862,2771,992,0.3534364418413105,0.3686801490154337,0.4009700889248181,0.523771806657277,0.8773923657806035,1.2921474552652927,1.047543613314554,0.8773923657806035,0.8614316368435285,0.4427459306440198,0.41559536354056903,0.4298245614035088,100.0,100.0,5665,12969,2313,133,7446,46,0.023477493380406,0.5741383298635208,0.01988759187202767,0.8500000000000001,0.6000000000000001,0.30000000000000004,0.2,95.0,40.0,30.0,0.75,0.6000000000000001,0.4,0.30000000000000004,85.0,50.0,20.0,2483,1975,508,2483,0.2045912202980266,1.1133925158572686,1.5,0.742261677238179,629,0.31848101265822787,1.0,1
"iteration_1","SCOPE_DATA_COLLECTION",1800,11,730.0,790.0,0,11391,7494,2483,10931,7541,2475,9426,6060,1943,1912,1398,498,0.1686364438172517,0.18744971842316976,0.2040147480540762,0.43738851055699784,0.7763830934240251,1.0987818377232754,0.8747770211139957,0.7763830934240251,0.7325212251488503,0.32102694674305116,0.33943894389438944,0.30983015954709214,100.0,100.0,5796,11655,3917,204,3075,529,0.035196687370600416,0.26383526383526384,0.1350523359714067,0.75,0.6000000000000001,0.4,0.30000000000000004,85.0,50.0,20.0,0.8,0.2,0.5,0.4,20.0,65.0,85.0,11115,8417,2698,11115,0.24273504273504273,0.43877869873426156,0.5,0.8775573974685231,3024,0.35927290008316504,1.0,1
"iteration_1","SCOPE_DATA_COLLECTION",1800,11,730.0,790.0,1,11391,7494,2483,10931,7541,2475,9426,6060,1943,1912,1398,498,0.1686364438172517,0.18744971842316976,0.2040147480540762,0.43738851055699784,0.7763830934240251,1.0987818377232754,0.8747770211139957,0.7763830934240251,0.7325212251488503,0.32102694674305116,0.33943894389438944,0.30983015954709214,100.0,100.0,5796,11655,3917,204,3075,529,0.035196687370600416,0.26383526383526384,0.1350523359714067,0.75,0.6000000000000001,0.4,0.30000000000000004,85.0,50.0,20.0,0.8,0.2,0.5,0.4,20.0,65.0,85.0,7451,5536,1915,7451,0.2570124815461012,0.8079834908332261,1.0,0.8079834908332261,2136,0.38583815028901736,1.0,1
"iteration_1","SCOPE_DATA_COLLECTION",1800,11,730.0,790.0,2,11391,7494,2483,10931,7541,2475,9426,6060,1943,1912,1398,498,0.1686364438172517,0.18744971842316976,0.2040147480540762,0.43738851055699784,0.7763830934240251,1.0987818377232754,0.8747770211139957,0.7763830934240251,0.7325212251488503,0.32102694674305116,0.33943894389438944,0.30983015954709214,100.0,100.0,5796,11655,3917,204,3075,529,0.035196687370600416,0.26383526383526384,0.1350523359714067,0.75,0.6000000000000001,0.4,0.30000000000000004,85.0,50.0,20.0,0.8,0.2,0.5,0.4,20.0,65.0,85.0,2318,1624,694,2318,0.2993960310612597,1.184232633773059,1.5,0.7894884225153728,596,0.3669950738916256,1.0,1
"iteration_1","SCOPE_DATA_COLLECTION",1800,12,790.0,850.0,0,11115,7451,2318,11391,7494,2483,8449,5553,1635,2708,1935,705,0.24271757640942906,0.25841346153846156,0.30128205128205127,0.4484465829903336,0.8149088444455148,1.2027339776696564,0.8968931659806672,0.8149088444455148,0.801822651779771,0.36300153864362644,0.3893390959841527,0.3785932721712538,100.0,100.0,5925,11954,3005,182,5166,0,0.030717299578059073,0.43215660030115444,0.0,0.8,0.2,0.5,0.4,20.0,65.0,85.0,0.7000000000000001,0.2,0.6000000000000001,0.30000000000000004,20.0,75.0,85.0,11150,9254,1896,11150,0.17004484304932735,0.38496228995009735,0.5,0.7699245799001947,2825,0.3052733952885239,1.0,1
"iteration_1","SCOPE_DATA_COLLECTION",1800,12,790.0,850.0,1,11115,7451,2318,11391,7494,2483,8449,5553,1635,2708,1935,705,0.24271757640942906,0.25841346153846156,0.30128205128205127,0.4484465829903336,0.8149088444455148,1.2027339776696564,0.8968931659806672,0.8149088444455148,0.801822651779771,0.36300153864362644,0.3893390959841527,0.3785932721712538,100.0,100.0,5925,11954,3005,182,5166,0,0.030717299578059073,0.43215660030115444,0.0,0.8,0.2,0.5,0.4,20.0,65.0,85.0,0.7000000000000001,0.2,0.6000000000000001,0.30000000000000004,20.0,75.0,85.0,7537,6192,1345,7537,0.1784529653708372,0.7434109299457935,1.0,0.7434109299457935,2023,0.32671188630490955,1.0,1
"iteration_1","SCOPE_DATA_COLLECTION",1800,12,790.0,850.0,2,11115,7451,2318,11391,7494,2483,8449,5553,1635,2708,1935,705,0.24271757640942906,0.25841346153846156,0.30128205128205127,0.4484465829903336,0.8149088444455148,1.2027339776696564,0.8968931659806672,0.8149088444455148,0.801822651779771,0.36300153864362644,0.3893390959841527,0.3785932721712538,100.0,100.0,5925,11954,3005,182,5166,0,0.030717299578059073,0.43215660030115444,0.0,0.8,0.2,0.5,0.4,20.0,65.0,85.0,0.7000000000000001,0.2,0.6000000000000001,0.30000000000000004,20.0,75.0,85.0,2552,2008,544,2552,0.21316614420062696,1.089757320472109,1.5,0.7265048803147393,642,0.3197211155378486,1.0,1
"iteration_1","SCOPE_DATA_COLLECTION",1800,13,850.0,910.0,0,11150,7537,2552,11115,7451,2318,9254,6180,2026,1896,1345,544,0.17004484304932735,0.1787375415282392,0.21167315175097276,0.3857976084116684,0.741164477491836,1.0946525154215665,0.7715952168233368,0.741164477491836,0.7297683436143777,0.30613788631942945,0.32588996763754047,0.3213228035538006,97.5,100.0,5818,10756,4665,213,1532,2040,0.03661051907872121,0.14243213090368168,0.43729903536977494,0.7000000000000001,0.2,0.6000000000000001,0.30000000000000004,20.0,75.0,85.0,0.5,0.2,0.7000000000000001,0.9,20.0,35.0,85.0,11313,7253,4060,11313,0.35887916556174315,0.3854294202705639,0.5,0.7708588405411279,2614,0.36040259203088376,1.0,1
"iteration_1","SCOPE_DATA_COLLECTION",1800,13,850.0,910.0,1,11150,7537,2552,11115,7451,2318,9254,6180,2026,1896,1345,544,0.17004484304932735,0.1787375415282392,0.21167315175097276,0.3857976084116684,0.741164477491836,1.0946525154215665,0.7715952168233368,0.741164477491836,0.7297683436143777,0.30613788631942945,0.32588996763754047,0.3213228035538006,97.5,100.0,5818,10756,4665,213,1532,2040,0.03661051907872121,0.14243213090368168,0.43729903536977494,0.7000000000000001,0.2,0.6000000000000001,0.30000000000000004,20.0,75.0,85.0,0.5,0.2,0.7000000000000001,0.9,20.0,35.0,85.0,7518,4663,2855,7518,0.37975525405693006,0.8284390354759319,1.0,0.8284390354759319,1961,0.4205447137036243,1.0,1
"iteration_1","SCOPE_DATA_COLLECTION",1800,13,850.0,910.0,2,11150,7537,2552,11115,7451,2318,9254,6180,2026,1896,1345,544,0.17004484304932735,0.1787375415282392,0.21167315175097276,0.3857976084116684,0.741164477491836,1.0946525154215665,0.7715952168233368,0.741164477491836,0.7297683436143777,0.30613788631942945,0.32588996763754047,0.3213228035538006,97.5,100.0,5818,10756,4665,213,1532,2040,0.03661051907872121,0.14243213090368168,0.43729903536977494,0.7000000000000001,0.2,0.6000000000000001,0.30000000000000004,20.0,75.0,85.0,0.5,0.2,0.7000000000000001,0.9,20.0,35.0,85.0,2463,1488,975,2463,0.39585870889159563,1.2079262520971077,1.5,0.8052841680647385,620,0.4166666666666667,1.0,1
"iteration_1","SCOPE_DATA_COLLECTION",1800,14,910.0,970.0,0,11313,7518,2463,11150,7537,2552,7269,4690,1482,4060,2855,975,0.3583723188277871,0.37839628893306826,0.3968253968253968,0.38452953962223785,0.831822033199723,1.201235292183456,0.7690590792444757,0.831822033199723,0.800823528122304,0.3587838767368276,0.42174840085287846,0.41228070175438597,97.5,100.0,6003,7673,7618,265,7,7618,0.044144594369481926,9.122898475172683E-4,1.0,0.5,0.2,0.7000000000000001,0.9,20.0,35.0,85.0,0.5,0.7000000000000001,0.1,0.30000000000000004,45.0,70.0,45.0,11144,7026,4118,11144,0.36952620244077533,0.3920383394179328,0.5,0.7840766788358656,2504,0.3563905493879875,1.0,1
"iteration_1","SCOPE_DATA_COLLECTION",1800,14,910.0,970.0,1,11313,7518,2463,11150,7537,2552,7269,4690,1482,4060,2855,975,0.3583723188277871,0.37839628893306826,0.3968253968253968,0.38452953962223785,0.831822033199723,1.201235292183456,0.7690590792444757,0.831822033199723,0.800823528122304,0.3587838767368276,0.42174840085287846,0.41228070175438597,97.5,100.0,6003,7673,7618,265,7,7618,0.044144594369481926,9.122898475172683E-4,1.0,0.5,0.2,0.7000000000000001,0.9,20.0,35.0,85.0,0.5,0.7000000000000001,0.1,0.30000000000000004,45.0,70.0,45.0,7598,4811,2787,7598,0.36680705448802314,0.7053099419012258,1.0,0.7053099419012258,1932,0.40157971315734775,1.0,1
"iteration_1","SCOPE_DATA_COLLECTION",1800,14,910.0,970.0,2,11313,7518,2463,11150,7537,2552,7269,4690,1482,4060,2855,975,0.3583723188277871,0.37839628893306826,0.3968253968253968,0.38452953962223785,0.831822033199723,1.201235292183456,0.7690590792444757,0.831822033199723,0.800823528122304,0.3587838767368276,0.42174840085287846,0.41228070175438597,97.5,100.0,6003,7673,7618,265,7,7618,0.044144594369481926,9.122898475172683E-4,1.0,0.5,0.2,0.7000000000000001,0.9,20.0,35.0,85.0,0.5,0.7000000000000001,0.1,0.30000000000000004,45.0,70.0,45.0,2420,1480,940,2420,0.3884297520661157,1.150605371720423,1.5,0.7670702478136153,594,0.40135135135135136,1.0,1
"iteration_1","SCOPE_DATA_COLLECTION",1800,15,970.0,1030.0,0,11144,7598,2420,11313,7518,2463,7001,4808,1481,4118,2787,940,0.37035704649698714,0.36695194206714943,0.3882693102023957,0.3900512152744774,0.7054640673796103,1.1497044420351068,0.7801024305489548,0.7054640673796103,0.7664696280234046,0.3545207827453221,0.40079034941763725,0.4024307900067522,100.0,100.0,5564,7839,7759,79,7,7759,0.014198418404025881,8.929710422247736E-4,1.0,0.5,0.7000000000000001,0.1,0.30000000000000004,45.0,70.0,45.0,0.75,0.1,0.6000000000000001,0.1,45.0,35.0,55.0,11241,9556,1685,11241,0.1498976959345254,0.35890166813420327,0.5,0.7178033362684065,2519,0.263604018417748,1.0,1
"iteration_1","SCOPE_DATA_COLLECTION",1800,15,970.0,1030.0,1,11144,7598,2420,11313,7518,2463,7001,4808,1481,4118,2787,940,0.37035704649698714,0.36695194206714943,0.3882693102023957,0.3900512152744774,0.7054640673796103,1.1497044420351068,0.7801024305489548,0.7054640673796103,0.7664696280234046,0.3545207827453221,0.40079034941763725,0.4024307900067522,100.0,100.0,5564,7839,7759,79,7,7759,0.014198418404025881,8.929710422247736E-4,1.0,0.5,0.7000000000000001,0.1,0.30000000000000004,45.0,70.0,45.0,0.75,0.1,0.6000000000000001,0.1,45.0,35.0,55.0,7466,6250,1216,7466,0.1628716849718725,0.7417098025104343,1.0,0.7417098025104343,2074,0.33184,1.0,1
"iteration_1","SCOPE_DATA_COLLECTION",1800,15,970.0,1030.0,2,11144,7598,2420,11313,7518,2463,7001,4808,1481,4118,2787,940,0.37035704649698714,0.36695194206714943,0.3882693102023957,0.3900512152744774,0.7054640673796103,1.1497044420351068,0.7801024305489548,0.7054640673796103,0.7664696280234046,0.3545207827453221,0.40079034941763725,0.4024307900067522,100.0,100.0,5564,7839,7759,79,7,7759,0.014198418404025881,8.929710422247736E-4,1.0,0.5,0.7000000000000001,0.1,0.30000000000000004,45.0,70.0,45.0,0.75,0.1,0.6000000000000001,0.1,45.0,35.0,55.0,2518,2080,438,2518,0.17394757744241462,1.064241307995261,1.5,0.709494205330174,648,0.31153846153846154,1.0,1
"iteration_1","SCOPE_DATA_COLLECTION",1800,16,1030.0,1090.0,0,11241,7466,2518,11144,7598,2420,9555,6220,2064,1685,1213,438,0.14991103202846975,0.1631911744921297,0.1750599520383693,0.3604957496661301,0.7449260057821392,1.06687862029536,0.7209914993322603,0.7449260057821392,0.7112524135302399,0.2652014652014652,0.33440514469453375,0.3125,95.0,100.0,5705,11661,3859,93,3007,236,0.016301489921121824,0.2578681073664351,0.06115573982897124,0.75,0.1,0.6000000000000001,0.1,45.0,35.0,55.0,0.65,0.2,0.6000000000000001,0.1,55.0,35.0,45.0,10957,8823,2134,10957,0.19476133978278726,0.43689105777587994,0.5,0.8737821155517599,2661,0.30159809588575315,1.0,1
"iteration_1","SCOPE_DATA_COLLECTION",1800,16,1030.0,1090.0,1,11241,7466,2518,11144,7598,2420,9555,6220,2064,1685,1213,438,0.14991103202846975,0.1631911744921297,0.1750599520383693,0.3604957496661301,0.7449260057821392,1.06687862029536,0.7209914993322603,0.7449260057821392,0.7112524135302399,0.2652014652014652,0.33440514469453375,0.3125,95.0,100.0,5705,11661,3859,93,3007,236,0.016301489921121824,0.2578681073664351,0.06115573982897124,0.75,0.1,0.6000000000000001,0.1,45.0,35.0,55.0,0.65,0.2,0.6000000000000001,0.1,55.0,35.0,45.0,7482,6012,1470,7482,0.19647153167602247,0.7982145892210138,1.0,0.7982145892210138,2092,0.3479707252162342,1.0,1
"iteration_1","SCOPE_DATA_COLLECTION",1800,16,1030.0,1090.0,2,11241,7466,2518,11144,7598,2420,9555,6220,2064,1685,1213,438,0.14991103202846975,0.1631911744921297,0.1750599520383693,0.3604957496661301,0.7449260057821392,1.06687862029536,0.7209914993322603,0.7449260057821392,0.7112524135302399,0.2652014652014652,0.33440514469453375,0.3125,95.0,100.0,5705,11661,3859,93,3007,236,0.016301489921121824,0.2578681073664351,0.06115573982897124,0.75,0.1,0.6000000000000001,0.1,45.0,35.0,55.0,0.65,0.2,0.6000000000000001,0.1,55.0,35.0,45.0,2494,1991,503,2494,0.2016840417000802,1.1227860371462817,1.5,0.7485240247641878,694,0.34856855851330987,1.0,1
"iteration_1","SCOPE_DATA_COLLECTION",1800,17,1090.0,1150.0,0,10957,7482,2494,11241,7466,2518,8821,6035,2016,2134,1473,502,0.19479689639434047,0.19619072988811934,0.1993645750595711,0.4364632181784816,0.7922330355095086,1.1223836639515878,0.8729264363569632,0.7922330355095086,0.7482557759677252,0.30019272191361523,0.34382767191383595,0.34771825396825395,97.5,100.0,5609,9960,5364,133,90,3886,0.023711891602781244,0.009036144578313253,0.7244593586875466,0.65,0.2,0.6000000000000001,0.1,55.0,35.0,45.0,0.75,0.2,0.5,0.2,45.0,35.0,55.0,11325,9678,1647,11325,0.14543046357615894,0.4237458836676641,0.5,0.8474917673353282,2962,0.3060549700351312,1.0,1
"iteration_1","SCOPE_DATA_COLLECTION",1800,17,1090.0,1150.0,1,10957,7482,2494,11241,7466,2518,8821,6035,2016,2134,1473,502,0.19479689639434047,0.19619072988811934,0.1993645750595711,0.4364632181784816,0.7922330355095086,1.1223836639515878,0.8729264363569632,0.7922330355095086,0.7482557759677252,0.30019272191361523,0.34382767191383595,0.34771825396825395,97.5,100.0,5609,9960,5364,133,90,3886,0.023711891602781244,0.009036144578313253,0.7244593586875466,0.65,0.2,0.6000000000000001,0.1,55.0,35.0,45.0,0.75,0.2,0.5,0.2,45.0,35.0,55.0,7561,6365,1196,7561,0.15818013490279065,0.76486851317906,1.0,0.76486851317906,2037,0.3200314218381775,1.0,1
"iteration_1","SCOPE_DATA_COLLECTION",1800,17,1090.0,1150.0,2,10957,7482,2494,11241,7466,2518,8821,6035,2016,2134,1473,502,0.19479689639434047,0.19619072988811934,0.1993645750595711,0.4364632181784816,0.7922330355095086,1.1223836639515878,0.8729264363569632,0.7922330355095086,0.7482557759677252,0.30019272191361523,0.34382767191383595,0.34771825396825395,97.5,100.0,5609,9960,5364,133,90,3886,0.023711891602781244,0.009036144578313253,0.7244593586875466,0.65,0.2,0.6000000000000001,0.1,55.0,35.0,45.0,0.75,0.2,0.5,0.2,45.0,35.0,55.0,2449,1999,450,2449,0.1837484687627603,1.1177684494155296,1.5,0.7451789662770197,630,0.3151575787893947,1.0,1
"iteration_1","SCOPE_DATA_COLLECTION",1800,18,1150.0,1210.0,0,11325,7561,2449,10957,7482,2494,9662,6333,1981,1647,1195,448,0.14563621894066672,0.15874070138150903,0.1844380403458213,0.42227255204389336,0.7651582828482387,1.114970623001078,0.8445451040877867,0.7651582828482387,0.7433137486673854,0.30635479196853654,0.32038528343597034,0.3129732458354367,100.0,100.0,5658,11838,3839,115,2941,234,0.02032520325203252,0.2484372360195979,0.06095337327429018,0.75,0.2,0.5,0.2,45.0,35.0,55.0,0.7000000000000001,0.8,0.2,0.9,40.0,95.0,75.0,11144,9578,1566,11144,0.1405240488155061,0.3965511659573642,0.5,0.7931023319147285,2942,0.3071622468156191,1.0,1
"iteration_1","SCOPE_DATA_COLLECTION",1800,18,1150.0,1210.0,1,11325,7561,2449,10957,7482,2494,9662,6333,1981,1647,1195,448,0.14563621894066672,0.15874070138150903,0.1844380403458213,0.42227255204389336,0.7651582828482387,1.114970623001078,0.8445451040877867,0.7651582828482387,0.7433137486673854,0.30635479196853654,0.32038528343597034,0.3129732458354367,100.0,100.0,5658,11838,3839,115,2941,234,0.02032520325203252,0.2484372360195979,0.06095337327429018,0.75,0.2,0.5,0.2,45.0,35.0,55.0,0.7000000000000001,0.8,0.2,0.9,40.0,95.0,75.0,7533,6343,1190,7533,0.15797159166334793,0.6907305308914848,1.0,0.6907305308914848,2013,0.3173577171685322,1.0,1
"iteration_1","SCOPE_DATA_COLLECTION",1800,18,1150.0,1210.0,2,11325,7561,2449,10957,7482,2494,9662,6333,1981,1647,1195,448,0.14563621894066672,0.15874070138150903,0.1844380403458213,0.42227255204389336,0.7651582828482387,1.114970623001078,0.8445451040877867,0.7651582828482387,0.7433137486673854,0.30635479196853654,0.32038528343597034,0.3129732458354367,100.0,100.0,5658,11838,3839,115,2941,234,0.02032520325203252,0.2484372360195979,0.06095337327429018,0.75,0.2,0.5,0.2,45.0,35.0,55.0,0.7000000000000001,0.8,0.2,0.9,40.0,95.0,75.0,2434,1972,462,2434,0.18981101068200493,1.0751671332388186,1.5,0.7167780888258791,611,0.30983772819472616,1.0,1
"iteration_1","SCOPE_DATA_COLLECTION",1800,19,1210.0,1270.0,0,11144,7533,2434,11325,7561,2449,9610,6371,1990,1566,1191,465,0.14012168933428776,0.15749801639777836,0.1894093686354379,0.3975056828564118,0.6937237850218075,1.081118658292502,0.7950113657128236,0.6937237850218075,0.7207457721950014,0.3079084287200832,0.31816041437764875,0.314070351758794,95.0,100.0,5762,10699,4650,153,1263,1806,0.026553280111072546,0.11804841573978876,0.38838709677419353,0.7000000000000001,0.8,0.2,0.9,40.0,95.0,75.0,0.7000000000000001,0.7000000000000001,0.2,0.8,40.0,95.0,75.0,11414,10032,1382,11414,0.12107937620466094,0.3964458699131383,0.5,0.7928917398262766,2934,0.29246411483253587,1.0,1
"iteration_1","SCOPE_DATA_COLLECTION",1800,19,1210.0,1270.0,1,11144,7533,2434,11325,7561,2449,9610,6371,1990,1566,1191,465,0.14012168933428776,0.15749801639777836,0.1894093686354379,0.3975056828564118,0.6937237850218075,1.081118658292502,0.7950113657128236,0.6937237850218075,0.7207457721950014,0.3079084287200832,0.31816041437764875,0.314070351758794,95.0,100.0,5762,10699,4650,153,1263,1806,0.026553280111072546,0.11804841573978876,0.38838709677419353,0.7000000000000001,0.8,0.2,0.9,40.0,95.0,75.0,0.7000000000000001,0.7000000000000001,0.2,0.8,40.0,95.0,75.0,7513,6542,971,7513,0.12924264608012778,0.6888531472097856,1.0,0.6888531472097856,2071,0.3165698563130541,1.0,1
"iteration_1","SCOPE_DATA_COLLECTION",1800,19,1210.0,1270.0,2,11144,7533,2434,11325,7561,2449,9610,6371,1990,1566,1191,465,0.14012168933428776,0.15749801639777836,0.1894093686354379,0.3975056828564118,0.6937237850218075,1.081118658292502,0.7950113657128236,0.6937237850218075,0.7207457721950014,0.3079084287200832,0.31816041437764875,0.314070351758794,95.0,100.0,5762,10699,4650,153,1263,1806,0.026553280111072546,0.11804841573978876,0.38838709677419353,0.7000000000000001,0.8,0.2,0.9,40.0,95.0,75.0,0.7000000000000001,0.7000000000000001,0.2,0.8,40.0,95.0,75.0,2499,2106,393,2499,0.15726290516206481,1.0304717728281925,1.5,0.6869811818854616,607,0.2882241215574549,1.0,1
"iteration_1","SCOPE_DATA_COLLECTION",1800,20,1270.0,1330.0,0,11414,7513,2499,11144,7533,2434,9984,6516,2076,1382,971,393,0.12159070913250045,0.1296914652063577,0.1591737545565006,0.3969427959996526,0.6913746862037462,1.0277754816480176,0.7938855919993052,0.6913746862037462,0.6851836544320117,0.2900641025641026,0.3196746470227133,0.2880539499036609,100.0,100.0,5704,11001,4721,131,802,1813,0.02296633941093969,0.07290246341241706,0.38402880745604745,0.7000000000000001,0.7000000000000001,0.2,0.8,40.0,95.0,75.0,0.7000000000000001,0.7000000000000001,0.2,0.8,40.0,95.0,75.0,11235,9492,1743,11235,0.15514018691588785,0.41346642800002137,0.5,0.8269328560000427,2976,0.31352718078381797,1.0,1
"iteration_1","SCOPE_DATA_COLLECTION",1800,20,1270.0,1330.0,1,11414,7513,2499,11144,7533,2434,9984,6516,2076,1382,971,393,0.12159070913250045,0.1296914652063577,0.1591737545565006,0.3969427959996526,0.6913746862037462,1.0277754816480176,0.7938855919993052,0.6913746862037462,0.6851836544320117,0.2900641025641026,0.3196746470227133,0.2880539499036609,100.0,100.0,5704,11001,4721,131,802,1813,0.02296633941093969,0.07290246341241706,0.38402880745604745,0.7000000000000001,0.7000000000000001,0.2,0.8,40.0,95.0,75.0,0.7000000000000001,0.7000000000000001,0.2,0.8,40.0,95.0,75.0,7552,6320,1232,7552,0.163135593220339,0.7078453487603865,1.0,0.7078453487603865,2074,0.3281645569620253,1.0,1
"iteration_1","SCOPE_DATA_COLLECTION",1800,20,1270.0,1330.0,2,11414,7513,2499,11144,7533,2434,9984,6516,2076,1382,971,393,0.12159070913250045,0.1296914652063577,0.1591737545565006,0.3969427959996526,0.6913746862037462,1.0277754816480176,0.7938855919993052,0.6913746862037462,0.6851836544320117,0.2900641025641026,0.3196746470227133,0.2880539499036609,100.0,100.0,5704,11001,4721,131,802,1813,0.02296633941093969,0.07290246341241706,0.38402880745604745,0.7000000000000001,0.7000000000000001,0.2,0.8,40.0,95.0,75.0,0.7000000000000001,0.7000000000000001,0.2,0.8,40.0,95.0,75.0,2527,2093,434,2527,0.17174515235457063,1.0675195706121252,1.5,0.7116797137414168,629,0.3005255613951266,1.0,1
"iteration_1","SCOPE_DATA_COLLECTION",1800,21,1330.0,1390.0,0,11235,7552,2527,11414,7513,2499,9539,6356,2117,1738,1228,430,0.15411900328101447,0.16191983122362869,0.16882606988614055,0.4132622661390613,0.7073233881372231,1.0663922700176118,0.8265245322781226,0.7073233881372231,0.7109281800117412,0.31554670300870113,0.3267778477029578,0.29853566367501183,100.0,100.0,5739,11009,4566,156,1307,1933,0.027182435964453737,0.11872104641656826,0.4233464739378011,0.7000000000000001,0.7000000000000001,0.2,0.8,40.0,95.0,75.0,0.7000000000000001,0.7000000000000001,0.2,0.8,40.0,95.0,75.0,11178,9799,1379,11178,0.12336732868133835,0.38266734157481935,0.5,0.7653346831496387,2865,0.29237677314011634,1.0,1
"iteration_1","SCOPE_DATA_COLLECTION",1800,21,1330.0,1390.0,1,11235,7552,2527,11414,7513,2499,9539,6356,2117,1738,1228,430,0.15411900328101447,0.16191983122362869,0.16882606988614055,0.4132622661390613,0.7073233881372231,1.0663922700176118,0.8265245322781226,0.7073233881372231,0.7109281800117412,0.31554670300870113,0.3267778477029578,0.29853566367501183,100.0,100.0,5739,11009,4566,156,1307,1933,0.027182435964453737,0.11872104641656826,0.4233464739378011,0.7000000000000001,0.7000000000000001,0.2,0.8,40.0,95.0,75.0,0.7000000000000001,0.7000000000000001,0.2,0.8,40.0,95.0,75.0,7501,6561,940,7501,0.12531662445007333,0.6595083125975295,1.0,0.6595083125975295,1940,0.29568663313519283,1.0,1
"iteration_1","SCOPE_DATA_COLLECTION",1800,21,1330.0,1390.0,2,11235,7552,2527,11414,7513,2499,9539,6356,2117,1738,1228,430,0.15411900328101447,0.16191983122362869,0.16882606988614055,0.4132622661390613,0.7073233881372231,1.0663922700176118,0.8265245322781226,0.7073233881372231,0.7109281800117412,0.31554670300870113,0.3267778477029578,0.29853566367501183,100.0,100.0,5739,11009,4566,156,1307,1933,0.027182435964453737,0.11872104641656826,0.4233464739378011,0.7000000000000001,0.7000000000000001,0.2,0.8,40.0,95.0,75.0,0.7000000000000001,0.7000000000000001,0.2,0.8,40.0,95.0,75.0,2500,2097,403,2500,0.1612,1.044445528099101,1.5,0.696297018732734,619,0.2951835956127802,1.0,1
"iteration_1","SCOPE_DATA_COLLECTION",1800,22,1390.0,1450.0,0,11178,7501,2500,11235,7552,2527,9766,6530,2086,1384,944,407,0.12412556053811659,0.1263045223441263,0.1632571199358203,0.38282561127729026,0.6578962375907514,1.0447502780946776,0.7656512225545805,0.6578962375907514,0.6965001853964518,0.29305754659021094,0.2947932618683001,0.2953020134228188,100.0,100.0,5815,10802,4562,188,1022,1525,0.03233018056749785,0.094612108868728,0.33428320911880754,0.7000000000000001,0.7000000000000001,0.2,0.8,40.0,95.0,75.0,0.6000000000000001,0.8,0.8,0.4,70.0,90.0,75.0,11339,8237,3102,11339,0.27356909780403915,0.43425620310252,0.5,0.86851240620504,2926,0.35522641738497024,1.0,1
"iteration_1","SCOPE_DATA_COLLECTION",1800,22,1390.0,1450.0,1,11178,7501,2500,11235,7552,2527,9766,6530,2086,1384,944,407,0.12412556053811659,0.1263045223441263,0.1632571199358203,0.38282561127729026,0.6578962375907514,1.0447502780946776,0.7656512225545805,0.6578962375907514,0.6965001853964518,0.29305754659021094,0.2947932618683001,0.2953020134228188,100.0,100.0,5815,10802,4562,188,1022,1525,0.03233018056749785,0.094612108868728,0.33428320911880754,0.7000000000000001,0.7000000000000001,0.2,0.8,40.0,95.0,75.0,0.6000000000000001,0.8,0.8,0.4,70.0,90.0,75.0,7480,5307,2173,7480,0.29050802139037435,0.789185129864923,1.0,0.789185129864923,1972,0.37158469945355194,1.0,1
"iteration_1","SCOPE_DATA_COLLECTION",1800,22,1390.0,1450.0,2,11178,7501,2500,11235,7552,2527,9766,6530,2086,1384,944,407,0.12412556053811659,0.1263045223441263,0.1632571199358203,0.38282561127729026,0.6578962375907514,1.0447502780946776,0.7656512225545805,0.6578962375907514,0.6965001853964518,0.29305754659021094,0.2947932618683001,0.2953020134228188,100.0,100.0,5815,10802,4562,188,1022,1525,0.03233018056749785,0.094612108868728,0.33428320911880754,0.7000000000000001,0.7000000000000001,0.2,0.8,40.0,95.0,75.0,0.6000000000000001,0.8,0.8,0.4,70.0,90.0,75.0,2439,1679,760,2439,0.3116031160311603,1.1154372055529358,1.5,0.7436248037019572,598,0.3561643835616438,1.0,1
"iteration_1","SCOPE_DATA_COLLECTION",1800,23,1450.0,1510.0,0,11339,7480,2439,11178,7501,2500,8273,5330,1686,3102,2173,760,0.2727032967032967,0.2896174863387978,0.3107113654946852,0.4337495994457063,0.783702861778696,1.1125903725477493,0.8674991988914126,0.783702861778696,0.7417269150318329,0.35488939925057417,0.36979362101313323,0.35468564650059314,100.0,100.0,5953,9180,6125,274,7,5754,0.046027213169830335,7.625272331154684E-4,0.9394285714285714,0.6000000000000001,0.8,0.8,0.4,70.0,90.0,75.0,0.5,0.8,0.8,0.4,70.0,80.0,85.0,11260,7146,4114,11260,0.3653641207815275,0.4247734315038163,0.5,0.8495468630076326,2733,0.38245172124265325,1.0,1
"iteration_1","SCOPE_DATA_COLLECTION",1800,23,1450.0,1510.0,1,11339,7480,2439,11178,7501,2500,8273,5330,1686,3102,2173,760,0.2727032967032967,0.2896174863387978,0.3107113654946852,0.4337495994457063,0.783702861778696,1.1125903725477493,0.8674991988914126,0.783702861778696,0.7417269150318329,0.35488939925057417,0.36979362101313323,0.35468564650059314,100.0,100.0,5953,9180,6125,274,7,5754,0.046027213169830335,7.625272331154684E-4,0.9394285714285714,0.6000000000000001,0.8,0.8,0.4,70.0,90.0,75.0,0.5,0.8,0.8,0.4,70.0,80.0,85.0,7590,4739,2851,7590,0.3756258234519104,0.8194543847477295,1.0,0.8194543847477295,1967,0.4150664697193501,1.0,1
"iteration_1","SCOPE_DATA_COLLECTION",1800,23,1450.0,1510.0,2,11339,7480,2439,11178,7501,2500,8273,5330,1686,3102,2173,760,0.2727032967032967,0.2896174863387978,0.3107113654946852,0.4337495994457063,0.783702861778696,1.1125903725477493,0.8674991988914126,0.783702861778696,0.7417269150318329,0.35488939925057417,0.36979362101313323,0.35468564650059314,100.0,100.0,5953,9180,6125,274,7,5754,0.046027213169830335,7.625272331154684E-4,0.9394285714285714,0.6000000000000001,0.8,0.8,0.4,70.0,90.0,75.0,0.5,0.8,0.8,0.4,70.0,80.0,85.0,2440,1474,966,2440,0.3959016393442623,1.1396339601714511,1.5,0.7597559734476341,569,0.3860244233378562,1.0,1
"iteration_1","SCOPE_DATA_COLLECTION",1800,24,1510.0,1570.0,0,11260,7590,2440,11339,7480,2439,7155,4735,1479,4114,2851,966,0.3650723223001154,0.3758238861059847,0.3950920245398773,0.4259433691316981,0.8212624795507354,1.1431170579569696,0.8518867382633962,0.8212624795507354,0.7620780386379797,0.383088749126485,0.41520591341077084,0.3881000676132522,100.0,100.0,5915,7699,7676,250,5,7676,0.042265426880811495,6.494349915573451E-4,1.0,0.5,0.8,0.8,0.4,70.0,80.0,85.0,0.6000000000000001,0.8,0.7000000000000001,0.30000000000000004,60.0,80.0,75.0,11235,8089,3146,11235,0.2800178015131286,0.4143080180584838,0.5,0.8286160361169675,2862,0.35381382123871924,1.0,1
"iteration_1","SCOPE_DATA_COLLECTION",1800,24,1510.0,1570.0,1,11260,7590,2440,11339,7480,2439,7155,4735,1479,4114,2851,966,0.3650723223001154,0.3758238861059847,0.3950920245398773,0.4259433691316981,0.8212624795507354,1.1431170579569696,0.8518867382633962,0.8212624795507354,0.7620780386379797,0.383088749126485,0.41520591341077084,0.3881000676132522,100.0,100.0,5915,7699,7676,250,5,7676,0.042265426880811495,6.494349915573451E-4,1.0,0.5,0.8,0.8,0.4,70.0,80.0,85.0,0.6000000000000001,0.8,0.7000000000000001,0.30000000000000004,60.0,80.0,75.0,7570,5368,2202,7570,0.29088507265521796,0.7611409907761337,1.0,0.7611409907761337,1939,0.3612146050670641,1.0,1
"iteration_1","SCOPE_DATA_COLLECTION",1800,24,1510.0,1570.0,2,11260,7590,2440,11339,7480,2439,7155,4735,1479,4114,2851,966,0.3650723223001154,0.3758238861059847,0.3950920245398773,0.4259433691316981,0.8212624795507354,1.1431170579569696,0.8518867382633962,0.8212624795507354,0.7620780386379797,0.383088749126485,0.41520591341077084,0.3881000676132522,100.0,100.0,5915,7699,7676,250,5,7676,0.042265426880811495,6.494349915573451E-4,1.0,0.5,0.8,0.8,0.4,70.0,80.0,85.0,0.6000000000000001,0.8,0.7000000000000001,0.30000000000000004,60.0,80.0,75.0,2426,1704,722,2426,0.29760923330585326,1.1211488444370348,1.5,0.7474325629580232,624,0.36619718309859156,1.0,1
"iteration_1","SCOPE_DATA_COLLECTION",1800,25,1570.0,1630.0,0,11235,7570,2426,11260,7590,2440,8071,5380,1698,3146,2202,722,0.28046714807880896,0.29042469005539434,0.2983471074380165,0.4131610605717092,0.7621386378249154,1.1221078069262562,0.8263221211434184,0.7621386378249154,0.7480718712841709,0.35262049312352867,0.36226765799256505,0.3663133097762073,97.5,100.0,5864,9302,6065,234,15,5821,0.03990450204638472,0.0016125564394753817,0.9597691673536686,0.6000000000000001,0.8,0.7000000000000001,0.30000000000000004,60.0,80.0,75.0,0.9500000000000001,0.1,0.6000000000000001,0.1,90.0,65.0,20.0,11223,3654,7569,11223,0.6744186046511628,0.59209620817006,0.5,1.18419241634012,2168,0.5933223864258347,1.0,1
"iteration_1","SCOPE_DATA_COLLECTION",1800,25,1570.0,1630.0,1,11235,7570,2426,11260,7590,2440,8071,5380,1698,3146,2202,722,0.28046714807880896,0.29042469005539434,0.2983471074380165,0.4131610605717092,0.7621386378249154,1.1221078069262562,0.8263221211434184,0.7621386378249154,0.7480718712841709,0.35262049312352867,0.36226765799256505,0.3663133097762073,97.5,100.0,5864,9302,6065,234,15,5821,0.03990450204638472,0.0016125564394753817,0.9597691673536686,0.6000000000000001,0.8,0.7000000000000001,0.30000000000000004,60.0,80.0,75.0,0.9500000000000001,0.1,0.6000000000000001,0.1,90.0,65.0,20.0,7570,2511,5059,7570,0.6682959048877146,1.3573912149479865,1.0,1.3573912149479865,2039,0.8120270808442851,1.0,1
"iteration_1","SCOPE_DATA_COLLECTION",1800,25,1570.0,1630.0,2,11235,7570,2426,11260,7590,2440,8071,5380,1698,3146,2202,722,0.28046714807880896,0.29042469005539434,0.2983471074380165,0.4131610605717092,0.7621386378249154,1.1221078069262562,0.8263221211434184,0.7621386378249154,0.7480718712841709,0.35262049312352867,0.36226765799256505,0.3663133097762073,97.5,100.0,5864,9302,6065,234,15,5821,0.03990450204638472,0.0016125564394753817,0.9597691673536686,0.6000000000000001,0.8,0.7000000000000001,0.30000000000000004,60.0,80.0,75.0,0.9500000000000001,0.1,0.6000000000000001,0.1,90.0,65.0,20.0,2492,793,1699,2492,0.6817817014446228,1.9574764405019052,1.5,1.3049842936679368,650,0.819672131147541,1.0,1
"iteration_1","SCOPE_DATA_COLLECTION",1800,26,1630.0,1690.0,0,11223,7570,2492,11235,7570,2426,3682,2527,804,7568,5054,1699,0.6727111111111111,0.6666666666666666,0.6787854574510588,0.5941967779108214,1.3576900245661017,1.937885619366129,1.1883935558216427,1.3576900245661017,1.291923746244086,0.5931558935361216,0.8084685397704788,0.8084577114427861,97.5,100.0,5704,14834,747,90,14221,10,0.015778401122019635,0.9586760145611434,0.013386880856760375,0.9500000000000001,0.1,0.6000000000000001,0.1,90.0,65.0,20.0,0.8500000000000001,0.1,0.7000000000000001,0.1,95.0,55.0,20.0,11106,6571,4535,11106,0.408337835404286,0.42583365188854805,0.5,0.8516673037770961,2669,0.4061786638259017,1.0,1
"iteration_1","SCOPE_DATA_COLLECTION",1800,26,1630.0,1690.0,1,11223,7570,2492,11235,7570,2426,3682,2527,804,7568,5054,1699,0.6727111111111111,0.6666666666666666,0.6787854574510588,0.5941967779108214,1.3576900245661017,1.937885619366129,1.1883935558216427,1.3576900245661017,1.291923746244086,0.5931558935361216,0.8084685397704788,0.8084577114427861,97.5,100.0,5704,14834,747,90,14221,10,0.015778401122019635,0.9586760145611434,0.013386880856760375,0.9500000000000001,0.1,0.6000000000000001,0.1,90.0,65.0,20.0,0.8500000000000001,0.1,0.7000000000000001,0.1,95.0,55.0,20.0,7533,4251,3282,7533,0.4356829948227798,0.9175575192903622,1.0,0.9175575192903622,1968,0.4629498941425547,1.0,1
"iteration_1","SCOPE_DATA_COLLECTION",1800,26,1630.0,1690.0,2,11223,7570,2492,11235,7570,2426,3682,2527,804,7568,5054,1699,0.6727111111111111,0.6666666666666666,0.6787854574510588,0.5941967779108214,1.3576900245661017,1.937885619366129,1.1883935558216427,1.3576900245661017,1.291923746244086,0.5931558935361216,0.8084685397704788,0.8084577114427861,97.5,100.0,5704,14834,747,90,14221,10,0.015778401122019635,0.9586760145611434,0.013386880856760375,0.9500000000000001,0.1,0.6000000000000001,0.1,90.0,65.0,20.0,0.8500000000000001,0.1,0.7000000000000001,0.1,95.0,55.0,20.0,2479,1339,1140,2479,0.4598628479225494,1.3686599544274742,1.5,0.9124399696183162,628,0.4690067214339059,1.0,1
"iteration_1","SCOPE_DATA_COLLECTION",1800,27,1690.0,1750.0,0,11106,7533,2479,11223,7570,2492,6553,4244,1338,4536,3287,1140,0.4090540174948147,0.43646262116584783,0.4600484261501211,0.4253891298308582,0.916267583596598,1.3705180488280477,0.8507782596617164,0.916267583596598,0.9136786992186985,0.40729436899130167,0.46277097078228085,0.4701046337817638,100.0,100.0,5823,12986,2309,92,8871,0,0.01579941610853512,0.6831202833821038,0.0,0.8500000000000001,0.1,0.7000000000000001,0.1,95.0,55.0,20.0,0.8500000000000001,0.1,0.7000000000000001,0.1,95.0,65.0,20.0,11188,6839,4349,11188,0.3887200572041473,0.4499739186754764,0.5,0.8999478373509529,2579,0.37710191548472,1.0,1
"iteration_1","SCOPE_DATA_COLLECTION",1800,27,1690.0,1750.0,1,11106,7533,2479,11223,7570,2492,6553,4244,1338,4536,3287,1140,0.4090540174948147,0.43646262116584783,0.4600484261501211,0.4253891298308582,0.916267583596598,1.3705180488280477,0.8507782596617164,0.916267583596598,0.9136786992186985,0.40729436899130167,0.46277097078228085,0.4701046337817638,100.0,100.0,5823,12986,2309,92,8871,0,0.01579941610853512,0.6831202833821038,0.0,0.8500000000000001,0.1,0.7000000000000001,0.1,95.0,55.0,20.0,0.8500000000000001,0.1,0.7000000000000001,0.1,95.0,65.0,20.0,7398,4541,2857,7398,0.38618545552852124,0.8918190429363533,1.0,0.8918190429363533,1987,0.4375688174410923,1.0,1
"iteration_1","SCOPE_DATA_COLLECTION",1800,27,1690.0,1750.0,2,11106,7533,2479,11223,7570,2492,6553,4244,1338,4536,3287,1140,0.4090540174948147,0.43646262116584783,0.4600484261501211,0.4253891298308582,0.916267583596598,1.3705180488280477,0.8507782596617164,0.916267583596598,0.9136786992186985,0.40729436899130167,0.46277097078228085,0.4701046337817638,100.0,100.0,5823,12986,2309,92,8871,0,0.01579941610853512,0.6831202833821038,0.0,0.8500000000000001,0.1,0.7000000000000001,0.1,95.0,55.0,20.0,0.8500000000000001,0.1,0.7000000000000001,0.1,95.0,65.0,20.0,2457,1483,974,2457,0.39641839641839643,1.307534722658318,1.5,0.8716898151055453,653,0.4403236682400539,1.0,1
"iteration_1","SCOPE_DATA_COLLECTION",1800,28,1750.0,1810.0,0,11188,7398,2457,11106,7533,2479,6865,4552,1469,4342,2852,974,0.38743642366378156,0.38519719070772557,0.3986901350798199,0.45032530910942514,0.8932893877076401,1.2961442321981012,0.9006506182188503,0.8932893877076401,0.8640961547987341,0.37669337217771304,0.4389279437609842,0.4343090537780803,97.5,100.0,5646,13089,2308,68,8100,0,0.012043924902585901,0.618840247536099,0.0,0.8500000000000001,0.1,0.7000000000000001,0.1,95.0,65.0,20.0,0.8500000000000001,0.1,0.6000000000000001,0.1,95.0,65.0,30.0,11262,5912,5350,11262,0.47504883679630616,0.4458300026394855,0.5,0.891660005278971,2454,0.4150879566982409,1.0,1
"iteration_1","SCOPE_DATA_COLLECTION",1800,28,1750.0,1810.0,1,11188,7398,2457,11106,7533,2479,6865,4552,1469,4342,2852,974,0.38743642366378156,0.38519719070772557,0.3986901350798199,0.45032530910942514,0.8932893877076401,1.2961442321981012,0.9006506182188503,0.8932893877076401,0.8640961547987341,0.37669337217771304,0.4389279437609842,0.4343090537780803,97.5,100.0,5646,13089,2308,68,8100,0,0.012043924902585901,0.618840247536099,0.0,0.8500000000000001,0.1,0.7000000000000001,0.1,95.0,65.0,20.0,0.8500000000000001,0.1,0.6000000000000001,0.1,95.0,65.0,30.0,7549,3901,3648,7549,0.4832428136176977,0.9880783076219645,1.0,0.9880783076219645,2060,0.528069725711356,1.0,1
"iteration_1","SCOPE_DATA_COLLECTION",1800,28,1750.0,1810.0,2,11188,7398,2457,11106,7533,2479,6865,4552,1469,4342,2852,974,0.38743642366378156,0.38519719070772557,0.3986901350798199,0.45032530910942514,0.8932893877076401,1.2961442321981012,0.9006506182188503,0.8932893877076401,0.8640961547987341,0.37669337217771304,0.4389279437609842,0.4343090537780803,97.5,100.0,5646,13089,2308,68,8100,0,0.012043924902585901,0.618840247536099,0.0,0.8500000000000001,0.1,0.7000000000000001,0.1,95.0,65.0,20.0,0.8500000000000001,0.1,0.6000000000000001,0.1,95.0,65.0,30.0,2465,1259,1206,2465,0.48924949290060854,1.4503326103039023,1.5,0.9668884068692681,679,0.5393169181890389,1.0,1
"iteration_1","SCOPE_DATA_COLLECTION",1800,29,1810.0,1870.0,0,11262,7549,2465,11188,7398,2457,5869,3850,1255,5357,3653,1206,0.4771957954747907,0.48687191789950685,0.4900446972775295,0.44661504520535866,0.9902667559464089,1.468573411122562,0.8932300904107173,0.9902667559464089,0.9790489407483746,0.41829953995569946,0.5316883116883117,0.5490039840637451,100.0,100.0,5713,13315,2248,101,10115,0,0.01767897776999825,0.7596695456252347,0.0,0.8500000000000001,0.1,0.6000000000000001,0.1,95.0,65.0,30.0,0.8500000000000001,0.2,0.6000000000000001,0.2,95.0,55.0,40.0,11310,6643,4667,11310,0.4126436781609195,0.4644788863214115,0.5,0.928957772642823,2757,0.415023332831552,1.0,1
"iteration_1","SCOPE_DATA_COLLECTION",1800,29,1810.0,1870.0,1,11262,7549,2465,11188,7398,2457,5869,3850,1255,5357,3653,1206,0.4771957954747907,0.48687191789950685,0.4900446972775295,0.44661504520535866,0.9902667559464089,1.468573411122562,0.8932300904107173,0.9902667559464089,0.9790489407483746,0.41829953995569946,0.5316883116883117,0.5490039840637451,100.0,100.0,5713,13315,2248,101,10115,0,0.01767897776999825,0.7596695456252347,0.0,0.8500000000000001,0.1,0.6000000000000001,0.1,95.0,65.0,30.0,0.8500000000000001,0.2,0.6000000000000001,0.2,95.0,55.0,40.0,7624,4321,3303,7624,0.43323714585519413,0.9378977122923879,1.0,0.9378977122923879,2086,0.4827586206896552,1.0,1
"iteration_1","SCOPE_DATA_COLLECTION",1800,29,1810.0,1870.0,2,11262,7549,2465,11188,7398,2457,5869,3850,1255,5357,3653,1206,0.4771957954747907,0.48687191789950685,0.4900446972775295,0.44661504520535866,0.9902667559464089,1.468573411122562,0.8932300904107173,0.9902667559464089,0.9790489407483746,0.41829953995569946,0.5316883116883117,0.5490039840637451,100.0,100.0,5713,13315,2248,101,10115,0,0.01767897776999825,0.7596695456252347,0.0,0.8500000000000001,0.1,0.6000000000000001,0.1,95.0,65.0,30.0,0.8500000000000001,0.2,0.6000000000000001,0.2,95.0,55.0,40.0,2431,1310,1121,2431,0.4611271081859317,1.369451236164397,1.5,0.9129674907762646,617,0.47099236641221376,1.0,1
"iteration_1","SCOPE_DATA_COLLECTION",1800,30,1870.0,1930.0,0,11310,7624,2431,11262,7549,2465,6689,4375,1316,4665,3303,1121,0.41086841641712174,0.43019015368585567,0.4599917931883463,0.4638094453956782,0.9382042099633638,1.3543194256470599,0.9276188907913564,0.9382042099633638,0.9028796170980399,0.4127672297802362,0.48045714285714286,0.4635258358662614,100.0,100.0,5805,13251,2309,184,8905,0,0.03169681309216193,0.6720247528488416,0.0,0.8500000000000001,0.2,0.6000000000000001,0.2,95.0,55.0,40.0,0.8500000000000001,0.2,0.6000000000000001,0.2,95.0,55.0,40.0,11277,7203,4074,11277,0.3612662942271881,0.4819549019594929,0.5,0.9639098039189858,2855,0.3963626266833264,1.0,1
"iteration_1","SCOPE_DATA_COLLECTION",1800,30,1870.0,1930.0,1,11310,7624,2431,11262,7549,2465,6689,4375,1316,4665,3303,1121,0.41086841641712174,0.43019015368585567,0.4599917931883463,0.4638094453956782,0.9382042099633638,1.3543194256470599,0.9276188907913564,0.9382042099633638,0.9028796170980399,0.4127672297802362,0.48045714285714286,0.4635258358662614,100.0,100.0,5805,13251,2309,184,8905,0,0.03169681309216193,0.6720247528488416,0.0,0.8500000000000001,0.2,0.6000000000000001,0.2,95.0,55.0,40.0,0.8500000000000001,0.2,0.6000000000000001,0.2,95.0,55.0,40.0,7487,4638,2849,7487,0.38052624549218644,0.9566480798635374,1.0,0.9566480798635374,2105,0.4538594221647262,1.0,1
"iteration_1","SCOPE_DATA_COLLECTION",1800,30,1870.0,1930.0,2,11310,7624,2431,11262,7549,2465,6689,4375,1316,4665,3303,1121,0.41086841641712174,0.43019015368585567,0.4599917931883463,0.4638094453956782,0.9382042099633638,1.3543194256470599,0.9276188907913564,0.9382042099633638,0.9028796170980399,0.4127672297802362,0.48045714285714286,0.4635258358662614,100.0,100.0,5805,13251,2309,184,8905,0,0.03169681309216193,0.6720247528488416,0.0,0.8500000000000001,0.2,0.6000000000000001,0.2,95.0,55.0,40.0,0.8500000000000001,0.2,0.6000000000000001,0.2,95.0,55.0,40.0,2416,1427,989,2416,0.4093543046357616,1.3453363677648877,1.5,0.8968909118432585,644,0.45129642606867554,1.0,1
"iteration_1","SCOPE_DATA_COLLECTION",1800,31,1930.0,1990.0,0,11277,7487,2416,11310,7624,2431,7122,4571,1409,4022,2824,986,0.36091170136396267,0.38187964841108857,0.4116910229645094,0.4659428970655806,0.9253360156566233,1.3202052105694255,0.9318857941311612,0.9253360156566233,0.8801368070462837,0.38907610221847794,0.44497921680157515,0.44499645138396027,95.0,100.0,5872,13049,2259,171,7661,0,0.02912125340599455,0.5870947965361331,0.0,0.8500000000000001,0.2,0.6000000000000001,0.2,95.0,55.0,40.0,0.75,0.1,0.7000000000000001,0.30000000000000004,95.0,65.0,40.0,11240,9388,1852,11240,0.16476868327402136,0.37268880950717337,0.5,0.7453776190143467,2606,0.2775884107371112,1.0,1
"iteration_1","SCOPE_DATA_COLLECTION",1800,31,1930.0,1990.0,1,11277,7487,2416,11310,7624,2431,7122,4571,1409,4022,2824,986,0.36091170136396267,0.38187964841108857,0.4116910229645094,0.4659428970655806,0.9253360156566233,1.3202052105694255,0.9318857941311612,0.9253360156566233,0.8801368070462837,0.38907610221847794,0.44497921680157515,0.44499645138396027,95.0,100.0,5872,13049,2259,171,7661,0,0.02912125340599455,0.5870947965361331,0.0,0.8500000000000001,0.2,0.6000000000000001,0.2,95.0,55.0,40.0,0.75,0.1,0.7000000000000001,0.30000000000000004,95.0,65.0,40.0,7524,6206,1318,7524,0.17517278043593834,0.7503954911979716,1.0,0.7503954911979716,2007,0.323396712858524,1.0,1
"iteration_1","SCOPE_DATA_COLLECTION",1800,31,1930.0,1990.0,2,11277,7487,2416,11310,7624,2431,7122,4571,1409,4022,2824,986,0.36091170136396267,0.38187964841108857,0.4116910229645094,0.4659428970655806,0.9253360156566233,1.3202052105694255,0.9318857941311612,0.9253360156566233,0.8801368070462837,0.38907610221847794,0.44497921680157515,0.44499645138396027,95.0,100.0,5872,13049,2259,171,7661,0,0.02912125340599455,0.5870947965361331,0.0,0.8500000000000001,0.2,0.6000000000000001,0.2,95.0,55.0,40.0,0.75,0.1,0.7000000000000001,0.30000000000000004,95.0,65.0,40.0,2407,1950,457,2407,0.18986289987536353,1.131636730538521,1.5,0.7544244870256808,642,0.3292307692307692,1.0,1
"iteration_1","SCOPE_DATA_COLLECTION",1800,32,1990.0,2050.0,0,11240,7524,2407,11277,7487,2416,9456,6240,1975,1906,1343,460,0.16775215631050872,0.1771066860081762,0.188911704312115,0.3863308997484389,0.7693977843377656,1.1572925768355597,0.7726617994968779,0.7693977843377656,0.7715283845570399,0.28500423011844334,0.3280448717948718,0.3382278481012658,100.0,100.0,5966,11405,3800,190,3242,277,0.03184713375796178,0.28426128890837354,0.07289473684210526,0.75,0.1,0.7000000000000001,0.30000000000000004,95.0,65.0,40.0,0.9,0.6000000000000001,0.30000000000000004,0.7000000000000001,20.0,25.0,60.0,11119,4992,6127,11119,0.5510387624786401,0.5765067596387743,0.5,1.1530135192775486,2856,0.5721153846153846,1.0,1
"iteration_1","SCOPE_DATA_COLLECTION",1800,32,1990.0,2050.0,1,11240,7524,2407,11277,7487,2416,9456,6240,1975,1906,1343,460,0.16775215631050872,0.1771066860081762,0.188911704312115,0.3863308997484389,0.7693977843377656,1.1572925768355597,0.7726617994968779,0.7693977843377656,0.7715283845570399,0.28500423011844334,0.3280448717948718,0.3382278481012658,100.0,100.0,5966,11405,3800,190,3242,277,0.03184713375796178,0.28426128890837354,0.07289473684210526,0.75,0.1,0.7000000000000001,0.30000000000000004,95.0,65.0,40.0,0.9,0.6000000000000001,0.30000000000000004,0.7000000000000001,20.0,25.0,60.0,7655,3320,4335,7655,0.56629653821032,1.0864192752181894,1.0,1.0864192752181894,2062,0.6210843373493976,1.0,1
"iteration_1","SCOPE_DATA_COLLECTION",1800,32,1990.0,2050.0,2,11240,7524,2407,11277,7487,2416,9456,6240,1975,1906,1343,460,0.16775215631050872,0.1771066860081762,0.188911704312115,0.3863308997484389,0.7693977843377656,1.1572925768355597,0.7726617994968779,0.7693977843377656,0.7715283845570399,0.28500423011844334,0.3280448717948718,0.3382278481012658,100.0,100.0,5966,11405,3800,190,3242,277,0.03184713375796178,0.28426128890837354,0.07289473684210526,0.75,0.1,0.7000000000000001,0.30000000000000004,95.0,65.0,40.0,0.9,0.6000000000000001,0.30000000000000004,0.7000000000000001,20.0,25.0,60.0,2485,1006,1479,2485,0.5951710261569416,1.6067635579410182,1.5,1.071175705294012,586,0.5825049701789264,1.0,1
"iteration_1","SCOPE_DATA_COLLECTION",1800,33,2050.0,2110.0,0,11119,7655,2485,11240,7524,2407,5003,3356,1010,6121,4334,1477,0.5502517080186983,0.563589076723017,0.5938882187374347,0.5736120113504544,1.094467881601231,1.608347451957784,1.1472240227009087,1.094467881601231,1.0722316346385228,0.5696582050769539,0.6242550655542313,0.5821782178217821,100.0,100.0,5823,13863,1573,197,11735,0,0.03383135840631977,0.8464978720334704,0.0,0.9,0.6000000000000001,0.30000000000000004,0.7000000000000001,20.0,25.0,60.0,0.9,0.8,0.4,0.5,85.0,45.0,55.0,11222,5165,6057,11222,0.5397433612546783,0.5707003521170114,0.5,1.1414007042340228,2856,0.5529525653436592,1.0,1
"iteration_1","SCOPE_DATA_COLLECTION",1800,33,2050.0,2110.0,1,11119,7655,2485,11240,7524,2407,5003,3356,1010,6121,4334,1477,0.5502517080186983,0.563589076723017,0.5938882187374347,0.5736120113504544,1.094467881601231,1.608347451957784,1.1472240227009087,1.094467881601231,1.0722316346385228,0.5696582050769539,0.6242550655542313,0.5821782178217821,100.0,100.0,5823,13863,1573,197,11735,0,0.03383135840631977,0.8464978720334704,0.0,0.9,0.6000000000000001,0.30000000000000004,0.7000000000000001,20.0,25.0,60.0,0.9,0.8,0.4,0.5,85.0,45.0,55.0,7629,3350,4279,7629,0.5608860925416175,1.0931530612930545,1.0,1.0931530612930545,2018,0.6023880597014926,1.0,1
"iteration_1","SCOPE_DATA_COLLECTION",1800,33,2050.0,2110.0,2,11119,7655,2485,11240,7524,2407,5003,3356,1010,6121,4334,1477,0.5502517080186983,0.563589076723017,0.5938882187374347,0.5736120113504544,1.094467881601231,1.608347451957784,1.1472240227009087,1.094467881601231,1.0722316346385228,0.5696582050769539,0.6242550655542313,0.5821782178217821,100.0,100.0,5823,13863,1573,197,11735,0,0.03383135840631977,0.8464978720334704,0.0,0.9,0.6000000000000001,0.30000000000000004,0.7000000000000001,20.0,25.0,60.0,0.9,0.8,0.4,0.5,85.0,45.0,55.0,2457,1001,1456,2457,0.5925925925925926,1.5867115297600336,1.5,1.057807686506689,584,0.5834165834165834,1.0,1
"iteration_1","SCOPE_DATA_COLLECTION",1800,34,2110.0,2170.0,0,11222,7629,2457,11119,7655,2485,5084,3301,988,6057,4276,1457,0.5436675343326451,0.5643394483304738,0.5959100204498977,0.5704715363071892,1.0954125078029784,1.5974128033407398,1.1409430726143783,1.0954125078029784,1.0649418688938266,0.5531077891424075,0.6058770069675856,0.5921052631578947,100.0,100.0,6002,13728,1578,233,11557,0,0.038820393202265914,0.8418560606060606,0.0,0.9,0.8,0.4,0.5,85.0,45.0,55.0,0.9500000000000001,0.9,0.9,0.30000000000000004,80.0,75.0,40.0,11263,3931,7332,11263,0.6509810885199325,0.6900202063389278,0.5,1.3800404126778556,2783,0.7079623505469346,1.0,1
"iteration_1","SCOPE_DATA_COLLECTION",1800,34,2110.0,2170.0,1,11222,7629,2457,11119,7655,2485,5084,3301,988,6057,4276,1457,0.5436675343326451,0.5643394483304738,0.5959100204498977,0.5704715363071892,1.0954125078029784,1.5974128033407398,1.1409430726143783,1.0954125078029784,1.0649418688938266,0.5531077891424075,0.6058770069675856,0.5921052631578947,100.0,100.0,6002,13728,1578,233,11557,0,0.038820393202265914,0.8418560606060606,0.0,0.9,0.8,0.4,0.5,85.0,45.0,55.0,0.9500000000000001,0.9,0.9,0.30000000000000004,80.0,75.0,40.0,7355,2565,4790,7355,0.6512576478585996,1.3458352670314797,1.0,1.3458352670314797,1914,0.7461988304093568,1.0,1
"iteration_1","SCOPE_DATA_COLLECTION",1800,34,2110.0,2170.0,2,11222,7629,2457,11119,7655,2485,5084,3301,988,6057,4276,1457,0.5436675343326451,0.5643394483304738,0.5959100204498977,0.5704715363071892,1.0954125078029784,1.5974128033407398,1.1409430726143783,1.0954125078029784,1.0649418688938266,0.5531077891424075,0.6058770069675856,0.5921052631578947,100.0,100.0,6002,13728,1578,233,11557,0,0.038820393202265914,0.8418560606060606,0.0,0.9,0.8,0.4,0.5,85.0,45.0,55.0,0.9500000000000001,0.9,0.9,0.30000000000000004,80.0,75.0,40.0,2523,849,1674,2523,0.6634958382877527,1.8908265251775773,1.5,1.2605510167850515,633,0.7455830388692579,1.0,1
"iteration_1","SCOPE_DATA_COLLECTION",1800,35,2170.0,2230.0,0,11263,7355,2523,11222,7629,2457,3995,2592,861,7331,4789,1674,0.6472717640826418,0.6488280720769544,0.6603550295857988,0.6872420768992571,1.3298601924379911,1.8679018936492404,1.3744841537985142,1.3298601924379911,1.2452679290994937,0.7031289111389236,0.7357253086419753,0.7317073170731707,97.5,100.0,5780,14566,795,245,13549,0,0.04238754325259515,0.9301798709323081,0.0,0.9500000000000001,0.9,0.9,0.30000000000000004,80.0,75.0,40.0,0.9500000000000001,0.8,0.8,0.30000000000000004,70.0,65.0,30.0,11178,4280,6898,11178,0.6171050277330471,0.6480174665442198,0.5,1.2960349330884395,2729,0.6376168224299066,1.0,1
"iteration_1","SCOPE_DATA_COLLECTION",1800,35,2170.0,2230.0,1,11263,7355,2523,11222,7629,2457,3995,2592,861,7331,4789,1674,0.6472717640826418,0.6488280720769544,0.6603550295857988,0.6872420768992571,1.3298601924379911,1.8679018936492404,1.3744841537985142,1.3298601924379911,1.2452679290994937,0.7031289111389236,0.7357253086419753,0.7317073170731707,97.5,100.0,5780,14566,795,245,13549,0,0.04238754325259515,0.9301798709323081,0.0,0.9500000000000001,0.9,0.9,0.30000000000000004,80.0,75.0,40.0,0.9500000000000001,0.8,0.8,0.30000000000000004,70.0,65.0,30.0,7599,2786,4813,7599,0.6333728122121332,1.2644437587569342,1.0,1.2644437587569342,1947,0.698851399856425,1.0,1
"iteration_1","SCOPE_DATA_COLLECTION",1800,35,2170.0,2230.0,2,11263,7355,2523,11222,7629,2457,3995,2592,861,7331,4789,1674,0.6472717640826418,0.6488280720769544,0.6603550295857988,0.6872420768992571,1.3298601924379911,1.8679018936492404,1.3744841537985142,1.3298601924379911,1.2452679290994937,0.7031289111389236,0.7357253086419753,0.7317073170731707,97.5,100.0,5780,14566,795,245,13549,0,0.04238754325259515,0.9301798709323081,0.0,0.9500000000000001,0.9,0.9,0.30000000000000004,80.0,75.0,40.0,0.9500000000000001,0.8,0.8,0.30000000000000004,70.0,65.0,30.0,2424,878,1546,2424,0.6377887788778878,1.7858365625583468,1.5,1.1905577083722312,608,0.6924829157175398,1.0,1
"iteration_1","SCOPE_DATA_COLLECTION",1800,36,2230.0,2290.0,0,11178,7599,2424,11263,7355,2523,4286,2794,874,6898,4812,1546,0.6167739628040058,0.6326584275571917,0.6388429752066116,0.6473200450066172,1.2634959474550846,1.7902017347883359,1.2946400900132344,1.2634959474550846,1.193467823192224,0.6374241717218853,0.7000715819613458,0.6922196796338673,100.0,100.0,5844,14576,781,239,13017,0,0.04089664613278576,0.893043358946213,0.0,0.9500000000000001,0.8,0.8,0.30000000000000004,70.0,65.0,30.0,0.9500000000000001,0.7000000000000001,0.7000000000000001,0.2,70.0,75.0,40.0,11205,3816,7389,11205,0.659437751004016,0.8269305325544929,0.5,1.6538610651089858,2847,0.7460691823899371,1.0,1
"iteration_1","SCOPE_DATA_COLLECTION",1800,36,2230.0,2290.0,1,11178,7599,2424,11263,7355,2523,4286,2794,874,6898,4812,1546,0.6167739628040058,0.6326584275571917,0.6388429752066116,0.6473200450066172,1.2634959474550846,1.7902017347883359,1.2946400900132344,1.2634959474550846,1.193467823192224,0.6374241717218853,0.7000715819613458,0.6922196796338673,100.0,100.0,5844,14576,781,239,13017,0,0.04089664613278576,0.893043358946213,0.0,0.9500000000000001,0.8,0.8,0.30000000000000004,70.0,65.0,30.0,0.9500000000000001,0.7000000000000001,0.7000000000000001,0.2,70.0,75.0,40.0,7602,2484,5118,7602,0.6732438831886346,1.464145796256576,1.0,1.464145796256576,2016,0.8115942028985508,1.0,1
"iteration_1","SCOPE_DATA_COLLECTION",1800,36,2230.0,2290.0,2,11178,7599,2424,11263,7355,2523,4286,2794,874,6898,4812,1546,0.6167739628040058,0.6326584275571917,0.6388429752066116,0.6473200450066172,1.2634959474550846,1.7902017347883359,1.2946400900132344,1.2634959474550846,1.193467823192224,0.6374241717218853,0.7000715819613458,0.6922196796338673,100.0,100.0,5844,14576,781,239,13017,0,0.04089664613278576,0.893043358946213,0.0,0.9500000000000001,0.8,0.8,0.30000000000000004,70.0,65.0,30.0,0.9500000000000001,0.7000000000000001,0.7000000000000001,0.2,70.0,75.0,40.0,2469,801,1668,2469,0.675577156743621,2.114675779545157,1.5,1.4097838530301046,658,0.8214731585518102,1.0,1
"iteration_1","SCOPE_DATA_COLLECTION",1800,37,2290.0,2350.0,0,11205,7602,2469,11178,7599,2424,3771,2453,788,7391,5123,1669,0.6621573194767962,0.6762143611404435,0.6792836792836793,0.7582336322253276,1.393687209286669,2.0260053247490517,1.5164672644506552,1.393687209286669,1.3506702164993678,0.7425086184036065,0.8088055442315532,0.817258883248731,97.5,100.0,5681,14813,782,148,14035,0,0.02605175145220912,0.9474785661243502,0.0,0.9500000000000001,0.7000000000000001,0.7000000000000001,0.2,70.0,75.0,40.0,0.1,0.1,0.4,0.2,90.0,25.0,70.0,11174,3987,7187,11174,0.6431895471630571,0.5324503343618547,0.5,1.0649006687237095,2298,0.5763732129420617,1.0,1
"iteration_1","SCOPE_DATA_COLLECTION",1800,37,2290.0,2350.0,1,11205,7602,2469,11178,7599,2424,3771,2453,788,7391,5123,1669,0.6621573194767962,0.6762143611404435,0.6792836792836793,0.7582336322253276,1.393687209286669,2.0260053247490517,1.5164672644506552,1.393687209286669,1.3506702164993678,0.7425086184036065,0.8088055442315532,0.817258883248731,97.5,100.0,5681,14813,782,148,14035,0,0.02605175145220912,0.9474785661243502,0.0,0.9500000000000001,0.7000000000000001,0.7000000000000001,0.2,70.0,75.0,40.0,0.1,0.1,0.4,0.2,90.0,25.0,70.0,7606,2605,5001,7606,0.6575072311333158,1.2470438700426845,1.0,1.2470438700426845,1979,0.7596928982725528,1.0,1
"iteration_1","SCOPE_DATA_COLLECTION",1800,37,2290.0,2350.0,2,11205,7602,2469,11178,7599,2424,3771,2453,788,7391,5123,1669,0.6621573194767962,0.6762143611404435,0.6792836792836793,0.7582336322253276,1.393687209286669,2.0260053247490517,1.5164672644506552,1.393687209286669,1.3506702164993678,0.7425086184036065,0.8088055442315532,0.817258883248731,97.5,100.0,5681,14813,782,148,14035,0,0.02605175145220912,0.9474785661243502,0.0,0.9500000000000001,0.7000000000000001,0.7000000000000001,0.2,70.0,75.0,40.0,0.1,0.1,0.4,0.2,90.0,25.0,70.0,2435,782,1653,2435,0.6788501026694045,1.8699980219982606,1.5,1.2466653479988403,600,0.7672634271099744,1.0,1
"iteration_1","SCOPE_DATA_COLLECTION",1800,38,2350.0,2410.0,0,11174,7606,2435,11205,7602,2469,4048,2635,800,7192,5002,1653,0.6398576512455516,0.6549692287547466,0.6738687321646963,0.603924235079606,1.3244425944743143,1.9583856604282301,1.207848470159212,1.3244425944743143,1.3055904402854868,0.5847332015810277,0.7650853889943074,0.7725,97.5,100.0,5897,1546,13772,137,18,13692,0.023232151941665252,0.01164294954721863,0.994191112401975,0.1,0.1,0.4,0.2,90.0,25.0,70.0,0.05,0.1,0.4,0.1,90.0,35.0,70.0,11035,3407,7628,11035,0.6912550974173086,0.5741203503788961,0.5,1.1482407007577922,2098,0.6157910184913413,1.0,1
"iteration_1","SCOPE_DATA_COLLECTION",1800,38,2350.0,2410.0,1,11174,7606,2435,11205,7602,2469,4048,2635,800,7192,5002,1653,0.6398576512455516,0.6549692287547466,0.6738687321646963,0.603924235079606,1.3244425944743143,1.9583856604282301,1.207848470159212,1.3244425944743143,1.3055904402854868,0.5847332015810277,0.7650853889943074,0.7725,97.5,100.0,5897,1546,13772,137,18,13692,0.023232151941665252,0.01164294954721863,0.994191112401975,0.1,0.1,0.4,0.2,90.0,25.0,70.0,0.05,0.1,0.4,0.1,90.0,35.0,70.0,7472,2308,5164,7472,0.6911134903640257,1.4378219887125772,1.0,1.4378219887125772,2012,0.8717504332755632,1.0,1
"iteration_1","SCOPE_DATA_COLLECTION",1800,38,2350.0,2410.0,2,11174,7606,2435,11205,7602,2469,4048,2635,800,7192,5002,1653,0.6398576512455516,0.6549692287547466,0.6738687321646963,0.603924235079606,1.3244425944743143,1.9583856604282301,1.207848470159212,1.3244425944743143,1.3055904402854868,0.5847332015810277,0.7650853889943074,0.7725,97.5,100.0,5897,1546,13772,137,18,13692,0.023232151941665252,0.01164294954721863,0.994191112401975,0.1,0.1,0.4,0.2,90.0,25.0,70.0,0.05,0.1,0.4,0.1,90.0,35.0,70.0,2411,726,1685,2411,0.6988801327250104,1.9873017003516578,1.5,1.3248678002344385,617,0.849862258953168,1.0,1
"iteration_1","SCOPE_DATA_COLLECTION",1800,39,2410.0,2470.0,0,11035,7472,2411,11174,7606,2435,3388,2308,724,7628,5161,1683,0.6924473493100944,0.6909894229481859,0.6992106356460324,0.5728084526422305,1.4349374535427168,1.9853384840910404,1.145616905284461,1.4349374535427168,1.323558989394027,0.6133412042502951,0.8691507798960139,0.8480662983425414,97.5,100.0,5767,779,14372,99,1,14372,0.017166637766603085,0.0012836970474967907,1.0,0.05,0.1,0.4,0.1,90.0,35.0,70.0,0.65,0.1,0.2,0.6000000000000001,50.0,55.0,45.0,11334,8993,2341,11334,0.206546673725075,0.35042908079900825,0.5,0.7008581615980165,2488,0.2766596241521183,1.0,1
"iteration_1","SCOPE_DATA_COLLECTION",1800,39,2410.0,2470.0,1,11035,7472,2411,11174,7606,2435,3388,2308,724,7628,5161,1683,0.6924473493100944,0.6909894229481859,0.6992106356460324,0.5728084526422305,1.4349374535427168,1.9853384840910404,1.145616905284461,1.4349374535427168,1.323558989394027,0.6133412042502951,0.8691507798960139,0.8480662983425414,97.5,100.0,5767,779,14372,99,1,14372,0.017166637766603085,0.0012836970474967907,1.0,0.05,0.1,0.4,0.1,90.0,35.0,70.0,0.65,0.1,0.2,0.6000000000000001,50.0,55.0,45.0,7599,5960,1639,7599,0.21568627450980393,0.7235796150181064,1.0,0.7235796150181064,2136,0.35838926174496644,1.0,1
"iteration_1","SCOPE_DATA_COLLECTION",1800,39,2410.0,2470.0,2,11035,7472,2411,11174,7606,2435,3388,2308,724,7628,5161,1683,0.6924473493100944,0.6909894229481859,0.6992106356460324,0.5728084526422305,1.4349374535427168,1.9853384840910404,1.145616905284461,1.4349374535427168,1.323558989394027,0.6133412042502951,0.8691507798960139,0.8480662983425414,97.5,100.0,5767,779,14372,99,1,14372,0.017166637766603085,0.0012836970474967907,1.0,0.05,0.1,0.4,0.1,90.0,35.0,70.0,0.65,0.1,0.2,0.6000000000000001,50.0,55.0,45.0,2475,1895,580,2475,0.23434343434343435,1.0656995995761418,1.5,0.7104663997174279,624,0.32928759894459103,1.0,1
"iteration_1","SCOPE_DATA_COLLECTION",1800,40,2470.0,2530.0,0,11334,7599,2475,11035,7472,2411,8981,5932,1890,2341,1642,582,0.2067655891185303,0.21679429627673621,0.2354368932038835,0.350714129002334,0.7238629152883905,1.0737761656911002,0.701428258004668,0.7238629152883905,0.7158507771274002,0.27736332256986973,0.3583951449763992,0.3343915343915344,100.0,100.0,5796,10160,5452,135,228,4202,0.023291925465838508,0.022440944881889763,0.7707263389581804,0.65,0.1,0.2,0.6000000000000001,50.0,55.0,45.0,0.6000000000000001,0.30000000000000004,0.8,0.8,40.0,70.0,55.0,11264,8143,3121,11264,0.2770774147727273,0.38689472494482274,0.5,0.7737894498896455,2732,0.3355028859142822,1.0,1
"iteration_1","SCOPE_DATA_COLLECTION",1800,40,2470.0,2530.0,1,11334,7599,2475,11035,7472,2411,8981,5932,1890,2341,1642,582,0.2067655891185303,0.21679429627673621,0.2354368932038835,0.350714129002334,0.7238629152883905,1.0737761656911002,0.701428258004668,0.7238629152883905,0.7158507771274002,0.27736332256986973,0.3583951449763992,0.3343915343915344,100.0,100.0,5796,10160,5452,135,228,4202,0.023291925465838508,0.022440944881889763,0.7707263389581804,0.65,0.1,0.2,0.6000000000000001,50.0,55.0,45.0,0.6000000000000001,0.30000000000000004,0.8,0.8,40.0,70.0,55.0,7441,5307,2134,7441,0.2867894100255342,0.7766884349092016,1.0,0.7766884349092016,2013,0.3793103448275862,1.0,1
"iteration_1","SCOPE_DATA_COLLECTION",1800,40,2470.0,2530.0,2,11334,7599,2475,11035,7472,2411,8981,5932,1890,2341,1642,582,0.2067655891185303,0.21679429627673621,0.2354368932038835,0.350714129002334,0.7238629152883905,1.0737761656911002,0.701428258004668,0.7238629152883905,0.7158507771274002,0.27736332256986973,0.3583951449763992,0.3343915343915344,100.0,100.0,5796,10160,5452,135,228,4202,0.023291925465838508,0.022440944881889763,0.7707263389581804,0.65,0.1,0.2,0.6000000000000001,50.0,55.0,45.0,0.6000000000000001,0.30000000000000004,0.8,0.8,40.0,70.0,55.0,2444,1691,753,2444,0.30810147299509,1.1119804265877595,1.5,0.7413202843918397,607,0.3589591957421644,1.0,1
"iteration_1","SCOPE_DATA_COLLECTION",1800,41,2530.0,2590.0,0,11264,7441,2444,11334,7599,2475,8137,5304,1691,3121,2133,752,0.2772250843844377,0.28680919725695847,0.307818256242325,0.3850916773686328,0.7737495867958225,1.108570533019338,0.7701833547372656,0.7737495867958225,0.7390470220128921,0.33378394985867027,0.3799019607843137,0.3571850975753992,100.0,100.0,5933,9102,6114,251,10,5745,0.04230574751390528,0.001098659635245001,0.9396467124631992,0.6000000000000001,0.30000000000000004,0.8,0.8,40.0,70.0,55.0,0.6000000000000001,0.2,0.7000000000000001,0.9,30.0,80.0,45.0,11097,8253,2844,11097,0.2562854825628548,0.3581874776803504,0.5,0.7163749553607008,2595,0.3144311159578335,1.0,1
"iteration_1","SCOPE_DATA_COLLECTION",1800,41,2530.0,2590.0,1,11264,7441,2444,11334,7599,2475,8137,5304,1691,3121,2133,752,0.2772250843844377,0.28680919725695847,0.307818256242325,0.3850916773686328,0.7737495867958225,1.108570533019338,0.7701833547372656,0.7737495867958225,0.7390470220128921,0.33378394985867027,0.3799019607843137,0.3571850975753992,100.0,100.0,5933,9102,6114,251,10,5745,0.04230574751390528,0.001098659635245001,0.9396467124631992,0.6000000000000001,0.30000000000000004,0.8,0.8,40.0,70.0,55.0,0.6000000000000001,0.2,0.7000000000000001,0.9,30.0,80.0,45.0,7468,5496,1972,7468,0.2640599892876272,0.7479518391473396,1.0,0.7479518391473396,2015,0.36663027656477437,1.0,1
"iteration_1","SCOPE_DATA_COLLECTION",1800,41,2530.0,2590.0,2,11264,7441,2444,11334,7599,2475,8137,5304,1691,3121,2133,752,0.2772250843844377,0.28680919725695847,0.307818256242325,0.3850916773686328,0.7737495867958225,1.108570533019338,0.7701833547372656,0.7737495867958225,0.7390470220128921,0.33378394985867027,0.3799019607843137,0.3571850975753992,100.0,100.0,5933,9102,6114,251,10,5745,0.04230574751390528,0.001098659635245001,0.9396467124631992,0.6000000000000001,0.30000000000000004,0.8,0.8,40.0,70.0,55.0,0.6000000000000001,0.2,0.7000000000000001,0.9,30.0,80.0,45.0,2450,1735,715,2450,0.29183673469387755,1.0762739602182316,1.5,0.7175159734788211,595,0.34293948126801155,1.0,1
"iteration_1","SCOPE_DATA_COLLECTION",1800,42,2590.0,2650.0,0,11097,7468,2450,11264,7441,2444,8265,5497,1740,2844,1973,716,0.25600864164191195,0.2641231593038822,0.2915309446254072,0.35942518632057746,0.7464864998092119,1.0761378127234962,0.7188503726411549,0.7464864998092119,0.7174252084823308,0.3156684815486993,0.364744406039658,0.3425287356321839,100.0,100.0,5934,9224,5857,230,3,5300,0.03875968992248062,3.2523850823937554E-4,0.9049001195151102,0.6000000000000001,0.2,0.7000000000000001,0.9,30.0,80.0,45.0,0.6000000000000001,0.2,0.7000000000000001,0.9,30.0,80.0,45.0,11120,8202,2918,11120,0.26241007194244603,0.3792229578989526,0.5,0.7584459157979052,2785,0.33955132894415996,1.0,1
"iteration_1","SCOPE_DATA_COLLECTION",1800,42,2590.0,2650.0,1,11097,7468,2450,11264,7441,2444,8265,5497,1740,2844,1973,716,0.25600864164191195,0.2641231593038822,0.2915309446254072,0.35942518632057746,0.7464864998092119,1.0761378127234962,0.7188503726411549,0.7464864998092119,0.7174252084823308,0.3156684815486993,0.364744406039658,0.3425287356321839,100.0,100.0,5934,9224,5857,230,3,5300,0.03875968992248062,3.2523850823937554E-4,0.9049001195151102,0.6000000000000001,0.2,0.7000000000000001,0.9,30.0,80.0,45.0,0.6000000000000001,0.2,0.7000000000000001,0.9,30.0,80.0,45.0,7581,5419,2162,7581,0.28518665083762035,0.7730491286309049,1.0,0.7730491286309049,2042,0.3768222919357815,1.0,1
"iteration_1","SCOPE_DATA_COLLECTION",1800,42,2590.0,2650.0,2,11097,7468,2450,11264,7441,2444,8265,5497,1740,2844,1973,716,0.25600864164191195,0.2641231593038822,0.2915309446254072,0.35942518632057746,0.7464864998092119,1.0761378127234962,0.7188503726411549,0.7464864998092119,0.7174252084823308,0.3156684815486993,0.364744406039658,0.3425287356321839,100.0,100.0,5934,9224,5857,230,3,5300,0.03875968992248062,3.2523850823937554E-4,0.9049001195151102,0.6000000000000001,0.2,0.7000000000000001,0.9,30.0,80.0,45.0,0.6000000000000001,0.2,0.7000000000000001,0.9,30.0,80.0,45.0,2496,1741,755,2496,0.30248397435897434,1.1114387377690347,1.5,0.7409591585126898,624,0.35841470419299254,1.0,1
"iteration_1","SCOPE_DATA_COLLECTION",1800,43,2650.0,2710.0,0,11120,7581,2496,11097,7468,2450,8206,5423,1737,2918,2162,754,0.26231571377202445,0.2850362557679631,0.30268968285828984,0.3798305263574481,0.7757446750160177,1.1068286718631153,0.7596610527148961,0.7757446750160177,0.7378857812420768,0.33962953936144286,0.3778351465978241,0.35578583765112265,97.5,100.0,5994,9213,5990,253,58,5523,0.042208875542208875,0.006295452078584608,0.9220367278797996,0.6000000000000001,0.2,0.7000000000000001,0.9,30.0,80.0,45.0,0.6000000000000001,0.4,0.8,0.7000000000000001,40.0,70.0,90.0,11163,7931,3232,11163,0.28952790468512046,0.38679166299220313,0.5,0.7735833259844063,2706,0.34119278779472956,1.0,1
"iteration_1","SCOPE_DATA_COLLECTION",1800,43,2650.0,2710.0,1,11120,7581,2496,11097,7468,2450,8206,5423,1737,2918,2162,754,0.26231571377202445,0.2850362557679631,0.30268968285828984,0.3798305263574481,0.7757446750160177,1.1068286718631153,0.7596610527148961,0.7757446750160177,0.7378857812420768,0.33962953936144286,0.3778351465978241,0.35578583765112265,97.5,100.0,5994,9213,5990,253,58,5523,0.042208875542208875,0.006295452078584608,0.9220367278797996,0.6000000000000001,0.2,0.7000000000000001,0.9,30.0,80.0,45.0,0.6000000000000001,0.4,0.8,0.7000000000000001,40.0,70.0,90.0,7495,5233,2262,7495,0.3018012008005337,0.7578488402899025,1.0,0.7578488402899025,1951,0.37282629466845024,1.0,1
"iteration_1","SCOPE_DATA_COLLECTION",1800,43,2650.0,2710.0,2,11120,7581,2496,11097,7468,2450,8206,5423,1737,2918,2162,754,0.26231571377202445,0.2850362557679631,0.30268968285828984,0.3798305263574481,0.7757446750160177,1.1068286718631153,0.7596610527148961,0.7757446750160177,0.7378857812420768,0.33962953936144286,0.3778351465978241,0.35578583765112265,97.5,100.0,5994,9213,5990,253,58,5523,0.042208875542208875,0.006295452078584608,0.9220367278797996,0.6000000000000001,0.2,0.7000000000000001,0.9,30.0,80.0,45.0,0.6000000000000001,0.4,0.8,0.7000000000000001,40.0,70.0,90.0,2429,1649,780,2429,0.3211198023878139,1.1306779626986685,1.5,0.753785308465779,603,0.36567616737416614,1.0,1
"iteration_1","SCOPE_DATA_COLLECTION",1800,44,2710.0,2770.0,0,11163,7495,2429,11120,7581,2496,7930,5247,1646,3231,2262,781,0.2894901890511603,0.30123851378345984,0.32179645653069633,0.3868342980216125,0.7577148353491255,1.1301030065876299,0.773668596043225,0.7577148353491255,0.7534020043917532,0.3416141235813367,0.3733562035448828,0.3663426488456865,100.0,100.0,5941,9024,6122,304,10,5960,0.051169836727823596,0.0011081560283687944,0.9735380594576936,0.6000000000000001,0.4,0.8,0.7000000000000001,40.0,70.0,90.0,0.30000000000000004,0.1,0.8,0.8,95.0,65.0,45.0,11120,5498,5622,11120,0.5055755395683453,0.4025375885734072,0.5,0.8050751771468144,2193,0.3988723172062568,1.0,1
"iteration_1","SCOPE_DATA_COLLECTION",1800,44,2710.0,2770.0,1,11163,7495,2429,11120,7581,2496,7930,5247,1646,3231,2262,781,0.2894901890511603,0.30123851378345984,0.32179645653069633,0.3868342980216125,0.7577148353491255,1.1301030065876299,0.773668596043225,0.7577148353491255,0.7534020043917532,0.3416141235813367,0.3733562035448828,0.3663426488456865,100.0,100.0,5941,9024,6122,304,10,5960,0.051169836727823596,0.0011081560283687944,0.9735380594576936,0.6000000000000001,0.4,0.8,0.7000000000000001,40.0,70.0,90.0,0.30000000000000004,0.1,0.8,0.8,95.0,65.0,45.0,7517,3577,3940,7517,0.524145270719702,1.0016998223957925,1.0,1.0016998223957925,2052,0.5736650824713447,1.0,1
"iteration_1","SCOPE_DATA_COLLECTION",1800,44,2710.0,2770.0,2,11163,7495,2429,11120,7581,2496,7930,5247,1646,3231,2262,781,0.2894901890511603,0.30123851378345984,0.32179645653069633,0.3868342980216125,0.7577148353491255,1.1301030065876299,0.773668596043225,0.7577148353491255,0.7534020043917532,0.3416141235813367,0.3733562035448828,0.3663426488456865,100.0,100.0,5941,9024,6122,304,10,5960,0.051169836727823596,0.0011081560283687944,0.9735380594576936,0.6000000000000001,0.4,0.8,0.7000000000000001,40.0,70.0,90.0,0.30000000000000004,0.1,0.8,0.8,95.0,65.0,45.0,2445,1196,1249,2445,0.5108384458077709,1.35513916722469,1.5,0.9034261114831267,592,0.49498327759197325,1.0,1
"iteration_1","SCOPE_DATA_COLLECTION",1800,45,2770.0,2830.0,0,11120,7517,2445,11163,7495,2429,5509,3574,1207,5623,3940,1249,0.5051203736974488,0.5243545381953686,0.5085504885993485,0.40322491583425046,1.0008489570881811,1.3607769570277668,0.8064498316685009,1.0008489570881811,0.9071846380185112,0.39989108731167183,0.5730274202574147,0.49544324772162385,97.5,100.0,5961,4521,10600,209,3,10600,0.03506123133702399,6.635700066357001E-4,1.0,0.30000000000000004,0.1,0.8,0.8,95.0,65.0,45.0,0.4,0.1,0.8,0.9,95.0,65.0,45.0,11160,6318,4842,11160,0.4338709677419355,0.37989746802484553,0.5,0.7597949360496911,2322,0.36752136752136755,1.0,1
"iteration_1","SCOPE_DATA_COLLECTION",1800,45,2770.0,2830.0,1,11120,7517,2445,11163,7495,2429,5509,3574,1207,5623,3940,1249,0.5051203736974488,0.5243545381953686,0.5085504885993485,0.40322491583425046,1.0008489570881811,1.3607769570277668,0.8064498316685009,1.0008489570881811,0.9071846380185112,0.39989108731167183,0.5730274202574147,0.49544324772162385,97.5,100.0,5961,4521,10600,209,3,10600,0.03506123133702399,6.635700066357001E-4,1.0,0.30000000000000004,0.1,0.8,0.8,95.0,65.0,45.0,0.4,0.1,0.8,0.9,95.0,65.0,45.0,7438,4183,3255,7438,0.4376176391503092,0.8814379695256579,1.0,0.8814379695256579,2004,0.4790819985656228,1.0,1
"iteration_1","SCOPE_DATA_COLLECTION",1800,45,2770.0,2830.0,2,11120,7517,2445,11163,7495,2429,5509,3574,1207,5623,3940,1249,0.5051203736974488,0.5243545381953686,0.5085504885993485,0.40322491583425046,1.0008489570881811,1.3607769570277668,0.8064498316685009,1.0008489570881811,0.9071846380185112,0.39989108731167183,0.5730274202574147,0.49544324772162385,97.5,100.0,5961,4521,10600,209,3,10600,0.03506123133702399,6.635700066357001E-4,1.0,0.30000000000000004,0.1,0.8,0.8,95.0,65.0,45.0,0.4,0.1,0.8,0.9,95.0,65.0,45.0,2411,1277,1134,2411,0.47034425549564496,1.308953973693976,1.5,0.8726359824626506,601,0.4706342991386061,1.0,1
"iteration_1","SCOPE_DATA_COLLECTION",1800,46,2830.0,2890.0,0,11160,7438,2411,11120,7517,2445,6313,4190,1273,4842,3255,1134,0.4340654415060511,0.43720617864338485,0.4711258828417117,0.3795872364612163,0.8831489401232873,1.306256265708397,0.7591744729224326,0.8831489401232873,0.8708375104722647,0.3668620307302392,0.4797136038186158,0.46975648075412413,100.0,100.0,6015,5971,9023,203,5,9023,0.033748960931005816,8.373806732540613E-4,1.0,0.4,0.1,0.8,0.9,95.0,65.0,45.0,0.55,0.1,0.7000000000000001,0.8,20.0,30.0,90.0,11176,7595,3581,11176,0.3204187544738726,0.352314799392934,0.5,0.704629598785868,2405,0.3166556945358789,1.0,1
"iteration_1","SCOPE_DATA_COLLECTION",1800,46,2830.0,2890.0,1,11160,7438,2411,11120,7517,2445,6313,4190,1273,4842,3255,1134,0.4340654415060511,0.43720617864338485,0.4711258828417117,0.3795872364612163,0.8831489401232873,1.306256265708397,0.7591744729224326,0.8831489401232873,0.8708375104722647,0.3668620307302392,0.4797136038186158,0.46975648075412413,100.0,100.0,6015,5971,9023,203,5,9023,0.033748960931005816,8.373806732540613E-4,1.0,0.4,0.1,0.8,0.9,95.0,65.0,45.0,0.55,0.1,0.7000000000000001,0.8,20.0,30.0,90.0,7540,4979,2561,7540,0.3396551724137931,0.7788116629854797,1.0,0.7788116629854797,1993,0.4002811809600321,1.0,1
"iteration_1","SCOPE_DATA_COLLECTION",1800,46,2830.0,2890.0,2,11160,7438,2411,11120,7517,2445,6313,4190,1273,4842,3255,1134,0.4340654415060511,0.43720617864338485,0.4711258828417117,0.3795872364612163,0.8831489401232873,1.306256265708397,0.7591744729224326,0.8831489401232873,0.8708375104722647,0.3668620307302392,0.4797136038186158,0.46975648075412413,100.0,100.0,6015,5971,9023,203,5,9023,0.033748960931005816,8.373806732540613E-4,1.0,0.4,0.1,0.8,0.9,95.0,65.0,45.0,0.55,0.1,0.7000000000000001,0.8,20.0,30.0,90.0,2419,1564,855,2419,0.3534518396031418,1.1423384306556326,1.5,0.7615589537704217,605,0.3868286445012788,1.0,1
"iteration_1","SCOPE_DATA_COLLECTION",1800,47,2890.0,2950.0,0,11176,7540,2419,11160,7438,2411,7592,4969,1560,3581,2561,855,0.3205047883290074,0.3401062416998672,0.35403726708074534,0.3523318868622346,0.7795388639614556,1.1446716809702202,0.7046637737244692,0.7795388639614556,0.7631144539801468,0.3162539515279241,0.40048299456631115,0.38846153846153847,100.0,100.0,6034,8307,6794,198,5,6794,0.03281405369572423,6.019020103527145E-4,1.0,0.55,0.1,0.7000000000000001,0.8,20.0,30.0,90.0,0.25,0.30000000000000004,0.2,0.9,30.0,20.0,50.0,11110,5015,6095,11110,0.5486048604860486,0.4730902673587721,0.5,0.9461805347175442,2495,0.49750747756729813,1.0,1
"iteration_1","SCOPE_DATA_COLLECTION",1800,47,2890.0,2950.0,1,11176,7540,2419,11160,7438,2411,7592,4969,1560,3581,2561,855,0.3205047883290074,0.3401062416998672,0.35403726708074534,0.3523318868622346,0.7795388639614556,1.1446716809702202,0.7046637737244692,0.7795388639614556,0.7631144539801468,0.3162539515279241,0.40048299456631115,0.38846153846153847,100.0,100.0,6034,8307,6794,198,5,6794,0.03281405369572423,6.019020103527145E-4,1.0,0.55,0.1,0.7000000000000001,0.8,20.0,30.0,90.0,0.25,0.30000000000000004,0.2,0.9,30.0,20.0,50.0,7465,3363,4102,7465,0.5494976557267247,0.9692761988567338,1.0,0.9692761988567338,1968,0.5851917930419268,1.0,1
"iteration_1","SCOPE_DATA_COLLECTION",1800,47,2890.0,2950.0,2,11176,7540,2419,11160,7438,2411,7592,4969,1560,3581,2561,855,0.3205047883290074,0.3401062416998672,0.35403726708074534,0.3523318868622346,0.7795388639614556,1.1446716809702202,0.7046637737244692,0.7795388639614556,0.7631144539801468,0.3162539515279241,0.40048299456631115,0.38846153846153847,100.0,100.0,6034,8307,6794,198,5,6794,0.03281405369572423,6.019020103527145E-4,1.0,0.55,0.1,0.7000000000000001,0.8,20.0,30.0,90.0,0.25,0.30000000000000004,0.2,0.9,30.0,20.0,50.0,2460,1063,1397,2460,0.5678861788617886,1.4821182269000939,1.5,0.9880788179333959,599,0.5634995296331138,1.0,1
"iteration_1","SCOPE_DATA_COLLECTION",1800,48,2950.0,3010.0,0,11110,7465,2460,11176,7540,2419,5024,3378,1068,6095,4102,1397,0.5481608058278622,0.5483957219251336,0.566734279918864,0.47243683337902487,0.9698512461595538,1.4758734976284582,0.9448736667580497,0.9698512461595538,0.9839156650856388,0.49721337579617836,0.5843694493783304,0.5599250936329588,100.0,100.0,5743,3849,11443,148,3,11443,0.025770503221312902,7.79423226812159E-4,1.0,0.25,0.30000000000000004,0.2,0.9,30.0,20.0,50.0,0.15000000000000002,0.2,0.2,0.8,30.0,30.0,40.0,11344,4201,7143,11344,0.6296720733427362,0.5219032343832725,0.5,1.043806468766545,2409,0.5734348964532254,1.0,1
"iteration_1","SCOPE_DATA_COLLECTION",1800,48,2950.0,3010.0,1,11110,7465,2460,11176,7540,2419,5024,3378,1068,6095,4102,1397,0.5481608058278622,0.5483957219251336,0.566734279918864,0.47243683337902487,0.9698512461595538,1.4758734976284582,0.9448736667580497,0.9698512461595538,0.9839156650856388,0.49721337579617836,0.5843694493783304,0.5599250936329588,100.0,100.0,5743,3849,11443,148,3,11443,0.025770503221312902,7.79423226812159E-4,1.0,0.25,0.30000000000000004,0.2,0.9,30.0,20.0,50.0,0.15000000000000002,0.2,0.2,0.8,30.0,30.0,40.0,7449,2817,4632,7449,0.621828433346758,1.1227302937969719,1.0,1.1227302937969719,1963,0.6968406105786298,1.0,1
"iteration_1","SCOPE_DATA_COLLECTION",1800,48,2950.0,3010.0,2,11110,7465,2460,11176,7540,2419,5024,3378,1068,6095,4102,1397,0.5481608058278622,0.5483957219251336,0.566734279918864,0.47243683337902487,0.9698512461595538,1.4758734976284582,0.9448736667580497,0.9698512461595538,0.9839156650856388,0.49721337579617836,0.5843694493783304,0.5599250936329588,100.0,100.0,5743,3849,11443,148,3,11443,0.025770503221312902,7.79423226812159E-4,1.0,0.25,0.30000000000000004,0.2,0.9,30.0,20.0,50.0,0.15000000000000002,0.2,0.2,0.8,30.0,30.0,40.0,2477,854,1623,2477,0.6552280985062575,1.7452014070646467,1.5,1.1634676047097645,600,0.702576112412178,1.0,1
"iteration_1","SCOPE_DATA_COLLECTION",1800,49,3010.0,3070.0,0,11344,7449,2477,11110,7465,2460,4194,2823,854,7143,4632,1623,0.63006086266208,0.6213279678068411,0.6552280985062575,0.5218125519263168,1.1234413949897377,1.745773600481322,1.0436251038526336,1.1234413949897377,1.163849066987548,0.5727229375298045,0.6967764789231314,0.702576112412178,100.0,100.0,5722,2281,13267,128,3,13267,0.0223698007689619,0.00131521262604121,1.0,0.15000000000000002,0.2,0.2,0.8,30.0,30.0,40.0,0.15000000000000002,0.2,0.30000000000000004,0.7000000000000001,20.0,30.0,50.0,11152,4262,6890,11152,0.6178263988522238,0.529785945980772,0.5,1.059571891961544,2478,0.5814171750351947,1.0,1
"iteration_1","SCOPE_DATA_COLLECTION",1800,49,3010.0,3070.0,1,11344,7449,2477,11110,7465,2460,4194,2823,854,7143,4632,1623,0.63006086266208,0.6213279678068411,0.6552280985062575,0.5218125519263168,1.1234413949897377,1.745773600481322,1.0436251038526336,1.1234413949897377,1.163849066987548,0.5727229375298045,0.6967764789231314,0.702576112412178,100.0,100.0,5722,2281,13267,128,3,13267,0.0223698007689619,0.00131521262604121,1.0,0.15000000000000002,0.2,0.2,0.8,30.0,30.0,40.0,0.15000000000000002,0.2,0.30000000000000004,0.7000000000000001,20.0,30.0,50.0,7629,2835,4794,7629,0.6283916633896972,1.1868480083477027,1.0,1.1868480083477027,2014,0.7104056437389771,1.0,1
"iteration_1","SCOPE_DATA_COLLECTION",1800,49,3010.0,3070.0,2,11344,7449,2477,11110,7465,2460,4194,2823,854,7143,4632,1623,0.63006086266208,0.6213279678068411,0.6552280985062575,0.5218125519263168,1.1234413949897377,1.745773600481322,1.0436251038526336,1.1234413949897377,1.163849066987548,0.5727229375298045,0.6967764789231314,0.702576112412178,100.0,100.0,5722,2281,13267,128,3,13267,0.0223698007689619,0.00131521262604121,1.0,0.15000000000000002,0.2,0.2,0.8,30.0,30.0,40.0,0.15000000000000002,0.2,0.30000000000000004,0.7000000000000001,20.0,30.0,50.0,2509,887,1622,2509,0.6464726982861698,1.7262474613880128,1.5,1.1508316409253418,600,0.6764374295377678,1.0,1
"iteration_1","SCOPE_DATA_COLLECTION",1800,50,3070.0,3130.0,0,11152,7629,2509,11344,7449,2477,4248,2832,882,6890,4794,1622,0.6186029807864967,0.6286388670338316,0.6477635782747604,0.5280626400447569,1.1830885954847987,1.723561054143955,1.0561252800895138,1.1830885954847987,1.1490407027626366,0.579331450094162,0.7093926553672316,0.6757369614512472,100.0,100.0,5834,2308,13148,156,2,13148,0.026739801165581077,8.665511265164644E-4,1.0,0.15000000000000002,0.2,0.30000000000000004,0.7000000000000001,20.0,30.0,50.0,0.15000000000000002,0.1,0.4,0.7000000000000001,20.0,30.0,40.0,11384,4377,7007,11384,0.6155130007027407,0.47970745739057297,0.5,0.9594149147811459,2203,0.5033127713045465,1.0,1
"iteration_1","SCOPE_DATA_COLLECTION",1800,50,3070.0,3130.0,1,11152,7629,2509,11344,7449,2477,4248,2832,882,6890,4794,1622,0.6186029807864967,0.6286388670338316,0.6477635782747604,0.5280626400447569,1.1830885954847987,1.723561054143955,1.0561252800895138,1.1830885954847987,1.1490407027626366,0.579331450094162,0.7093926553672316,0.6757369614512472,100.0,100.0,5834,2308,13148,156,2,13148,0.026739801165581077,8.665511265164644E-4,1.0,0.15000000000000002,0.2,0.30000000000000004,0.7000000000000001,20.0,30.0,50.0,0.15000000000000002,0.1,0.4,0.7000000000000001,20.0,30.0,40.0,7293,2822,4471,7293,0.6130536130536131,1.1573723631013684,1.0,1.1573723631013684,1972,0.6987951807228916,1.0,1
"iteration_1","SCOPE_DATA_COLLECTION",1800,50,3070.0,3130.0,2,11152,7629,2509,11344,7449,2477,4248,2832,882,6890,4794,1622,0.6186029807864967,0.6286388670338316,0.6477635782747604,0.5280626400447569,1.1830885954847987,1.723561054143955,1.0561252800895138,1.1830885954847987,1.1490407027626366,0.579331450094162,0.7093926553672316,0.6757369614512472,100.0,100.0,5834,2308,13148,156,2,13148,0.026739801165581077,8.665511265164644E-4,1.0,0.15000000000000002,0.2,0.30000000000000004,0.7000000000000001,20.0,30.0,50.0,0.15000000000000002,0.1,0.4,0.7000000000000001,20.0,30.0,40.0,2471,869,1602,2471,0.6483205180089032,1.7239861779564325,1.5,1.1493241186376217,601,0.6915995397008056,1.0,1
"iteration_1","SCOPE_DATA_COLLECTION",1800,51,3130.0,3190.0,0,11384,7293,2471,11152,7629,2509,4385,2824,871,7007,4471,1602,0.6150807584269663,0.6128855380397532,0.6477961989486454,0.4814942623860103,1.1602419989313308,1.720937042689353,0.9629885247720206,1.1602419989313308,1.1472913617929021,0.5064994298745724,0.6990084985835694,0.6900114810562572,100.0,100.0,5849,2380,12919,158,3,12919,0.02701316464352881,0.0012605042016806723,1.0,0.15000000000000002,0.1,0.4,0.7000000000000001,20.0,30.0,40.0,0.15000000000000002,0.1,0.4,0.7000000000000001,20.0,30.0,40.0,11301,4239,7062,11301,0.6249004512874967,0.4813245830183594,0.5,0.9626491660367188,2175,0.5130927105449399,1.0,1
"iteration_1","SCOPE_DATA_COLLECTION",1800,51,3130.0,3190.0,1,11384,7293,2471,11152,7629,2509,4385,2824,871,7007,4471,1602,0.6150807584269663,0.6128855380397532,0.6477961989486454,0.4814942623860103,1.1602419989313308,1.720937042689353,0.9629885247720206,1.1602419989313308,1.1472913617929021,0.5064994298745724,0.6990084985835694,0.6900114810562572,100.0,100.0,5849,2380,12919,158,3,12919,0.02701316464352881,0.0012605042016806723,1.0,0.15000000000000002,0.1,0.4,0.7000000000000001,20.0,30.0,40.0,0.15000000000000002,0.1,0.4,0.7000000000000001,20.0,30.0,40.0,7686,2846,4840,7686,0.6297163674212855,1.16673137336931,1.0,1.16673137336931,2003,0.7037947997189037,1.0,1
"iteration_1","SCOPE_DATA_COLLECTION",1800,51,3130.0,3190.0,2,11384,7293,2471,11152,7629,2509,4385,2824,871,7007,4471,1602,0.6150807584269663,0.6128855380397532,0.6477961989486454,0.4814942623860103,1.1602419989313308,1.720937042689353,0.9629885247720206,1.1602419989313308,1.1472913617929021,0.5064994298745724,0.6990084985835694,0.6900114810562572,100.0,100.0,5849,2380,12919,158,3,12919,0.02701316464352881,0.0012605042016806723,1.0,0.15000000000000002,0.1,0.4,0.7000000000000001,20.0,30.0,40.0,0.15000000000000002,0.1,0.4,0.7000000000000001,20.0,30.0,40.0,2553,902,1651,2553,0.6466901684292988,1.7180286451292475,1.5,1.145352430086165,617,0.6840354767184036,1.0,1
"iteration_1","SCOPE_DATA_COLLECTION",1800,52,3190.0,3250.0,0,11301,7686,2553,11384,7293,2471,4251,2840,908,7062,4839,1651,0.6242376027578892,0.630160177106394,0.6451738960531458,0.48210270311913794,1.1643175480495407,1.7204542559256133,0.9642054062382759,1.1643175480495407,1.1469695039504089,0.5137614678899083,0.7035211267605633,0.6850220264317181,100.0,100.0,5864,2294,13382,167,3,13382,0.028478854024556615,0.0013077593722755014,1.0,0.15000000000000002,0.1,0.4,0.7000000000000001,20.0,30.0,40.0,0.05,0.2,0.8,0.7000000000000001,60.0,85.0,65.0,11249,3516,7733,11249,0.6874388834563072,0.622346388762557,0.5,1.244692777525114,2455,0.6982366325369739,1.0,1
"iteration_1","SCOPE_DATA_COLLECTION",1800,52,3190.0,3250.0,1,11301,7686,2553,11384,7293,2471,4251,2840,908,7062,4839,1651,0.6242376027578892,0.630160177106394,0.6451738960531458,0.48210270311913794,1.1643175480495407,1.7204542559256133,0.9642054062382759,1.1643175480495407,1.1469695039504089,0.5137614678899083,0.7035211267605633,0.6850220264317181,100.0,100.0,5864,2294,13382,167,3,13382,0.028478854024556615,0.0013077593722755014,1.0,0.15000000000000002,0.1,0.4,0.7000000000000001,20.0,30.0,40.0,0.05,0.2,0.8,0.7000000000000001,60.0,85.0,65.0,7597,2268,5329,7597,0.7014611030670002,1.4490781339217516,1.0,1.4490781339217516,1983,0.8743386243386243,1.0,1
"iteration_1","SCOPE_DATA_COLLECTION",1800,52,3190.0,3250.0,2,11301,7686,2553,11384,7293,2471,4251,2840,908,7062,4839,1651,0.6242376027578892,0.630160177106394,0.6451738960531458,0.48210270311913794,1.1643175480495407,1.7204542559256133,0.9642054062382759,1.1643175480495407,1.1469695039504089,0.5137614678899083,0.7035211267605633,0.6850220264317181,100.0,100.0,5864,2294,13382,167,3,13382,0.028478854024556615,0.0013077593722755014,1.0,0.15000000000000002,0.1,0.4,0.7000000000000001,20.0,30.0,40.0,0.05,0.2,0.8,0.7000000000000001,60.0,85.0,65.0,2521,688,1833,2521,0.7270924236414121,2.1733612777650655,1.5,1.4489075185100437,606,0.8808139534883721,1.0,1
"iteration_1","SCOPE_DATA_COLLECTION",1800,53,3250.0,3310.0,0,11249,7597,2521,11301,7686,2553,3503,2272,681,7733,5330,1833,0.6882342470630117,0.7011312812417785,0.7291169451073986,0.6193958992418429,1.4439041475869951,2.1706648461557103,1.2387917984836858,1.4439041475869951,1.4471098974371401,0.6948330002854696,0.8736795774647887,0.8810572687224669,100.0,100.0,5926,788,14653,242,1,14653,0.04083698953763078,0.0012690355329949238,1.0,0.05,0.2,0.8,0.7000000000000001,60.0,85.0,65.0,0.7000000000000001,0.6000000000000001,0.2,0.30000000000000004,60.0,20.0,45.0,11351,9634,1717,11351,0.1512642057968461,0.4063649279610066,0.5,0.8127298559220132,3063,0.3179364749844301,1.0,1
"iteration_1","SCOPE_DATA_COLLECTION",1800,53,3250.0,3310.0,1,11249,7597,2521,11301,7686,2553,3503,2272,681,7733,5330,1833,0.6882342470630117,0.7011312812417785,0.7291169451073986,0.6193958992418429,1.4439041475869951,2.1706648461557103,1.2387917984836858,1.4439041475869951,1.4471098974371401,0.6948330002854696,0.8736795774647887,0.8810572687224669,100.0,100.0,5926,788,14653,242,1,14653,0.04083698953763078,0.0012690355329949238,1.0,0.05,0.2,0.8,0.7000000000000001,60.0,85.0,65.0,0.7000000000000001,0.6000000000000001,0.2,0.30000000000000004,60.0,20.0,45.0,7444,6325,1119,7444,0.15032240730789898,0.6967502738035897,1.0,0.6967502738035897,1987,0.31415019762845847,1.0,1
"iteration_1","SCOPE_DATA_COLLECTION",1800,53,3250.0,3310.0,2,11249,7597,2521,11301,7686,2553,3503,2272,681,7733,5330,1833,0.6882342470630117,0.7011312812417785,0.7291169451073986,0.6193958992418429,1.4439041475869951,2.1706648461557103,1.2387917984836858,1.4439041475869951,1.4471098974371401,0.6948330002854696,0.8736795774647887,0.8810572687224669,100.0,100.0,5926,788,14653,242,1,14653,0.04083698953763078,0.0012690355329949238,1.0,0.05,0.2,0.8,0.7000000000000001,60.0,85.0,65.0,0.7000000000000001,0.6000000000000001,0.2,0.30000000000000004,60.0,20.0,45.0,2483,2040,443,2483,0.1784132098268224,1.083555321166047,1.5,0.7223702141106979,638,0.3127450980392157,1.0,1
"iteration_1","SCOPE_DATA_COLLECTION",1800,54,3310.0,3370.0,0,11351,7444,2483,11249,7597,2521,9615,6326,2033,1717,1119,443,0.1515178256265443,0.15030221625251847,0.17891760904684975,0.4058045883382872,0.7010943054851114,1.0882692850098648,0.8116091766765744,0.7010943054851114,0.7255128566732432,0.3171086843473739,0.3152070818842871,0.3148057058534186,97.5,100.0,5569,11035,4674,117,1326,1836,0.021009157838031964,0.12016311735387404,0.392811296534018,0.7000000000000001,0.6000000000000001,0.2,0.30000000000000004,60.0,20.0,45.0,0.7000000000000001,0.5,0.1,0.4,70.0,30.0,45.0,11181,9204,1977,11181,0.17681781593775153,0.4036356367482722,0.5,0.8072712734965444,2797,0.3038896132116471,1.0,1
"iteration_1","SCOPE_DATA_COLLECTION",1800,54,3310.0,3370.0,1,11351,7444,2483,11249,7597,2521,9615,6326,2033,1717,1119,443,0.1515178256265443,0.15030221625251847,0.17891760904684975,0.4058045883382872,0.7010943054851114,1.0882692850098648,0.8116091766765744,0.7010943054851114,0.7255128566732432,0.3171086843473739,0.3152070818842871,0.3148057058534186,97.5,100.0,5569,11035,4674,117,1326,1836,0.021009157838031964,0.12016311735387404,0.392811296534018,0.7000000000000001,0.6000000000000001,0.2,0.30000000000000004,60.0,20.0,45.0,0.7000000000000001,0.5,0.1,0.4,70.0,30.0,45.0,7431,6129,1302,7431,0.17521194993944286,0.6800471673308841,1.0,0.6800471673308841,1935,0.315712187958884,1.0,1
"iteration_1","SCOPE_DATA_COLLECTION",1800,54,3310.0,3370.0,2,11351,7444,2483,11249,7597,2521,9615,6326,2033,1717,1119,443,0.1515178256265443,0.15030221625251847,0.17891760904684975,0.4058045883382872,0.7010943054851114,1.0882692850098648,0.8116091766765744,0.7010943054851114,0.7255128566732432,0.3171086843473739,0.3152070818842871,0.3148057058534186,97.5,100.0,5569,11035,4674,117,1326,1836,0.021009157838031964,0.12016311735387404,0.392811296534018,0.7000000000000001,0.6000000000000001,0.2,0.30000000000000004,60.0,20.0,45.0,0.7000000000000001,0.5,0.1,0.4,70.0,30.0,45.0,2510,2023,487,2510,0.1940239043824701,1.0960844452240168,1.5,0.7307229634826778,648,0.3203163618388532,1.0,1
"iteration_1","SCOPE_DATA_COLLECTION",1800,55,3370.0,3430.0,0,11181,7431,2510,11351,7444,2483,9233,6118,2032,1977,1302,487,0.17636039250669044,0.17547169811320754,0.19333068678046844,0.40587559124189926,0.6787038554271178,1.0966797746570152,0.8117511824837985,0.6787038554271178,0.7311198497713435,0.30672587458030975,0.3154625694671461,0.3198818897637795,100.0,100.0,5463,10901,4758,96,1437,2233,0.01757276221856123,0.13182276855334374,0.4693148381672972,0.7000000000000001,0.5,0.1,0.4,70.0,30.0,45.0,0.7000000000000001,0.6000000000000001,0.1,0.5,70.0,20.0,45.0,11411,9916,1495,11411,0.13101393392340724,0.3972290015372724,0.5,0.7944580030745448,2975,0.3000201694231545,1.0,1
"iteration_1","SCOPE_DATA_COLLECTION",1800,55,3370.0,3430.0,1,11181,7431,2510,11351,7444,2483,9233,6118,2032,1977,1302,487,0.17636039250669044,0.17547169811320754,0.19333068678046844,0.40587559124189926,0.6787038554271178,1.0966797746570152,0.8117511824837985,0.6787038554271178,0.7311198497713435,0.30672587458030975,0.3154625694671461,0.3198818897637795,100.0,100.0,5463,10901,4758,96,1437,2233,0.01757276221856123,0.13182276855334374,0.4693148381672972,0.7000000000000001,0.5,0.1,0.4,70.0,30.0,45.0,0.7000000000000001,0.6000000000000001,0.1,0.5,70.0,20.0,45.0,7380,6425,955,7380,0.1294037940379404,0.6667082699678882,1.0,0.6667082699678882,2043,0.3179766536964981,1.0,1
"iteration_1","SCOPE_DATA_COLLECTION",1800,55,3370.0,3430.0,2,11181,7431,2510,11351,7444,2483,9233,6118,2032,1977,1302,487,0.17636039250669044,0.17547169811320754,0.19333068678046844,0.40587559124189926,0.6787038554271178,1.0966797746570152,0.8117511824837985,0.6787038554271178,0.7311198497713435,0.30672587458030975,0.3154625694671461,0.3198818897637795,100.0,100.0,5463,10901,4758,96,1437,2233,0.01757276221856123,0.13182276855334374,0.4693148381672972,0.7000000000000001,0.5,0.1,0.4,70.0,30.0,45.0,0.7000000000000001,0.6000000000000001,0.1,0.5,70.0,20.0,45.0,2372,1984,388,2372,0.163575042158516,1.0759649065768426,1.5,0.7173099377178951,610,0.3074596774193548,1.0,1
"iteration_1","SCOPE_DATA_COLLECTION",1800,56,3430.0,3490.0,0,11411,7380,2372,11181,7431,2510,9874,6397,1958,1481,944,382,0.13042712461470718,0.12859283476365618,0.16324786324786325,0.3953595068962674,0.6689958947364075,1.077946574705377,0.7907190137925348,0.6689958947364075,0.7186310498035846,0.2987644318411991,0.3196811005158668,0.3089887640449438,100.0,100.0,5704,10851,4608,106,874,1827,0.01858345021037868,0.08054557183669708,0.396484375,0.7000000000000001,0.6000000000000001,0.1,0.5,70.0,20.0,45.0,0.6000000000000001,0.7000000000000001,0.2,0.4,80.0,30.0,35.0,11144,7856,3288,11144,0.29504666188083273,0.3735355869205564,0.5,0.7470711738411128,2461,0.3132637474541752,1.0,1
"iteration_1","SCOPE_DATA_COLLECTION",1800,56,3430.0,3490.0,1,11411,7380,2372,11181,7431,2510,9874,6397,1958,1481,944,382,0.13042712461470718,0.12859283476365618,0.16324786324786325,0.3953595068962674,0.6689958947364075,1.077946574705377,0.7907190137925348,0.6689958947364075,0.7186310498035846,0.2987644318411991,0.3196811005158668,0.3089887640449438,100.0,100.0,5704,10851,4608,106,874,1827,0.01858345021037868,0.08054557183669708,0.396484375,0.7000000000000001,0.6000000000000001,0.1,0.5,70.0,20.0,45.0,0.6000000000000001,0.7000000000000001,0.2,0.4,80.0,30.0,35.0,7464,5303,2161,7464,0.2895230439442658,0.6872324082325185,1.0,0.6872324082325185,1898,0.35791061663209506,1.0,1
"iteration_1","SCOPE_DATA_COLLECTION",1800,56,3430.0,3490.0,2,11411,7380,2372,11181,7431,2510,9874,6397,1958,1481,944,382,0.13042712461470718,0.12859283476365618,0.16324786324786325,0.3953595068962674,0.6689958947364075,1.077946574705377,0.7907190137925348,0.6689958947364075,0.7186310498035846,0.2987644318411991,0.3196811005158668,0.3089887640449438,100.0,100.0,5704,10851,4608,106,874,1827,0.01858345021037868,0.08054557183669708,0.396484375,0.7000000000000001,0.6000000000000001,0.1,0.5,70.0,20.0,45.0,0.6000000000000001,0.7000000000000001,0.2,0.4,80.0,30.0,35.0,2489,1715,774,2489,0.3109682603455203,1.0961129094045658,1.5,0.7307419396030439,614,0.3580174927113703,1.0,1
"iteration_1","SCOPE_DATA_COLLECTION",1800,57,3490.0,3550.0,0,11144,7464,2489,11411,7380,2372,7895,5324,1744,3302,2172,780,0.2949004197552916,0.2897545357524013,0.3090332805071315,0.37550765874880626,0.6854800565103124,1.0946274295629521,0.7510153174976125,0.6854800565103124,0.7297516197086348,0.314376187460418,0.35612321562734783,0.356651376146789,97.5,100.0,5541,9229,6327,159,11,6084,0.028695181375203032,0.0011918951132300357,0.9615931721194879,0.6000000000000001,0.7000000000000001,0.2,0.4,80.0,30.0,35.0,0.6000000000000001,0.6000000000000001,0.30000000000000004,0.30000000000000004,70.0,30.0,25.0,11244,8169,3075,11244,0.27347918890074707,0.40305851185321234,0.5,0.8061170237064247,2881,0.35267474599094134,1.0,1
"iteration_1","SCOPE_DATA_COLLECTION",1800,57,3490.0,3550.0,1,11144,7464,2489,11411,7380,2372,7895,5324,1744,3302,2172,780,0.2949004197552916,0.2897545357524013,0.3090332805071315,0.37550765874880626,0.6854800565103124,1.0946274295629521,0.7510153174976125,0.6854800565103124,0.7297516197086348,0.314376187460418,0.35612321562734783,0.356651376146789,97.5,100.0,5541,9229,6327,159,11,6084,0.028695181375203032,0.0011918951132300357,0.9615931721194879,0.6000000000000001,0.7000000000000001,0.2,0.4,80.0,30.0,35.0,0.6000000000000001,0.6000000000000001,0.30000000000000004,0.30000000000000004,70.0,30.0,25.0,7620,5486,2134,7620,0.2800524934383202,0.7301849413099493,1.0,0.7301849413099493,2003,0.36511119212541016,1.0,1
"iteration_1","SCOPE_DATA_COLLECTION",1800,57,3490.0,3550.0,2,11144,7464,2489,11411,7380,2372,7895,5324,1744,3302,2172,780,0.2949004197552916,0.2897545357524013,0.3090332805071315,0.37550765874880626,0.6854800565103124,1.0946274295629521,0.7510153174976125,0.6854800565103124,0.7297516197086348,0.314376187460418,0.35612321562734783,0.356651376146789,97.5,100.0,5541,9229,6327,159,11,6084,0.028695181375203032,0.0011918951132300357,0.9615931721194879,0.6000000000000001,0.7000000000000001,0.2,0.4,80.0,30.0,35.0,0.6000000000000001,0.6000000000000001,0.30000000000000004,0.30000000000000004,70.0,30.0,25.0,2398,1683,715,2398,0.2981651376146789,1.0782346457197451,1.5,0.7188230971464967,588,0.3493761140819964,1.0,1
"iteration_1","SCOPE_DATA_COLLECTION",1800,58,3550.0,3618.8374010915,0,11244,7620,2398,11144,7464,2489,8119,5467,1674,3075,2134,715,0.27470073253528676,0.28075253256150506,0.29928840519045624,0.3937768950664183,0.7173887759208746,1.073093794756662,0.7875537901328366,0.7173887759208746,0.7153958631711079,0.348688262101244,0.36107554417413573,0.34767025089605735,100.0,100.0,5881,9246,6135,173,7,5744,0.029416765856146915,7.570841444949167E-4,0.9362673186634067,0.6000000000000001,0.6000000000000001,0.30000000000000004,0.30000000000000004,70.0,30.0,25.0,0.6000000000000001,0.6000000000000001,0.30000000000000004,0.30000000000000004,70.0,30.0,25.0,9282,6700,2541,9241,0.2749702413158749,0.40196506616749433,0.5,0.8039301323349887,2268,0.3385074626865672,0.995582848524025,0
"iteration_1","SCOPE_DATA_COLLECTION",1800,58,3550.0,3618.8374010915,1,11244,7620,2398,11144,7464,2489,8119,5467,1674,3075,2134,715,0.27470073253528676,0.28075253256150506,0.29928840519045624,0.3937768950664183,0.7173887759208746,1.073093794756662,0.7875537901328366,0.7173887759208746,0.7153958631711079,0.348688262101244,0.36107554417413573,0.34767025089605735,100.0,100.0,5881,9246,6135,173,7,5744,0.029416765856146915,7.570841444949167E-4,0.9362673186634067,0.6000000000000001,0.6000000000000001,0.30000000000000004,0.30000000000000004,70.0,30.0,25.0,0.6000000000000001,0.6000000000000001,0.30000000000000004,0.30000000000000004,70.0,30.0,25.0,6154,4315,1783,6098,0.2923909478517547,0.7511382866715748,1.0,0.7511382866715748,1602,0.3712630359212051,0.9909002274943126,0
"iteration_1","SCOPE_DATA_COLLECTION",1800,58,3550.0,3618.8374010915,2,11244,7620,2398,11144,7464,2489,8119,5467,1674,3075,2134,715,0.27470073253528676,0.28075253256150506,0.29928840519045624,0.3937768950664183,0.7173887759208746,1.073093794756662,0.7875537901328366,0.7173887759208746,0.7153958631711079,0.348688262101244,0.36107554417413573,0.34767025089605735,100.0,100.0,5881,9246,6135,173,7,5744,0.029416765856146915,7.570841444949167E-4,0.9362673186634067,0.6000000000000001,0.6000000000000001,0.30000000000000004,0.30000000000000004,70.0,30.0,25.0,0.6000000000000001,0.6000000000000001,0.30000000000000004,0.30000000000000004,70.0,30.0,25.0,1996,1414,560,1974,0.28368794326241137,1.0824600505182012,1.5,0.7216400336788008,493,0.34865629420084865,0.9889779559118237,0
"iteration_2","SCOPE_DATA_COLLECTION",100,0,70.0,130.0,0,327,470,153,0,0,0,325,466,150,0,0,0,0.0,0.0,0.0,0.3460951253955836,1.057689958982818,2.0663807478777465,0.6921902507911672,1.057689958982818,1.377587165251831,0.0,0.778969957081545,1.0,22.5,100.0,950,0,0,0,0,0,0.0,0.0,0.0,0.6,0.5,0.7,0.4,85.0,80.0,90.0,0.75,0.9,0.2,0.6000000000000001,95.0,30.0,70.0,336,336,0,336,0.0,0.34937008268510616,0.5,0.6987401653702123,0,0.0,1.0,1
"iteration_2","SCOPE_DATA_COLLECTION",100,0,70.0,130.0,1,327,470,153,0,0,0,325,466,150,0,0,0,0.0,0.0,0.0,0.3460951253955836,1.057689958982818,2.0663807478777465,0.6921902507911672,1.057689958982818,1.377587165251831,0.0,0.778969957081545,1.0,22.5,100.0,950,0,0,0,0,0,0.0,0.0,0.0,0.6,0.5,0.7,0.4,85.0,80.0,90.0,0.75,0.9,0.2,0.6000000000000001,95.0,30.0,70.0,577,576,1,577,0.0017331022530329288,1.0530397678032861,1.0,1.0530397678032861,432,0.75,1.0,1
"iteration_2","SCOPE_DATA_COLLECTION",100,0,70.0,130.0,2,327,470,153,0,0,0,325,466,150,0,0,0,0.0,0.0,0.0,0.3460951253955836,1.057689958982818,2.0663807478777465,0.6921902507911672,1.057689958982818,1.377587165251831,0.0,0.778969957081545,1.0,22.5,100.0,950,0,0,0,0,0,0.0,0.0,0.0,0.6,0.5,0.7,0.4,85.0,80.0,90.0,0.75,0.9,0.2,0.6000000000000001,95.0,30.0,70.0,139,138,1,139,0.007194244604316547,2.0632735607613157,1.5,1.3755157071742106,138,1.0,1.0,1
"iteration_2","SCOPE_DATA_COLLECTION",100,1,130.0,190.0,0,336,577,139,327,470,153,333,565,134,0,1,1,0.0,0.0017667844522968198,0.007407407407407408,0.34936713182756834,1.0531281284320142,2.060660043690703,0.6987342636551367,1.0531281284320142,1.3737733624604687,0.0,0.7522123893805309,1.0,57.5,100.0,1052,0,0,2,0,0,0.0019011406844106464,0.0,0.0,0.75,0.9,0.2,0.6000000000000001,95.0,30.0,70.0,0.65,0.8,0.30000000000000004,0.7000000000000001,95.0,40.0,60.0,381,381,0,381,0.0,0.35171495331924874,0.5,0.7034299066384975,0,0.0,1.0,1
"iteration_2","SCOPE_DATA_COLLECTION",100,1,130.0,190.0,1,336,577,139,327,470,153,333,565,134,0,1,1,0.0,0.0017667844522968198,0.007407407407407408,0.34936713182756834,1.0531281284320142,2.060660043690703,0.6987342636551367,1.0531281284320142,1.3737733624604687,0.0,0.7522123893805309,1.0,57.5,100.0,1052,0,0,2,0,0,0.0019011406844106464,0.0,0.0,0.75,0.9,0.2,0.6000000000000001,95.0,30.0,70.0,0.65,0.8,0.30000000000000004,0.7000000000000001,95.0,40.0,60.0,549,549,0,549,0.0,1.0552575125327024,1.0,1.0552575125327024,430,0.7832422586520947,1.0,1
"iteration_2","SCOPE_DATA_COLLECTION",100,1,130.0,190.0,2,336,577,139,327,470,153,333,565,134,0,1,1,0.0,0.0017667844522968198,0.007407407407407408,0.34936713182756834,1.0531281284320142,2.060660043690703,0.6987342636551367,1.0531281284320142,1.3737733624604687,0.0,0.7522123893805309,1.0,57.5,100.0,1052,0,0,2,0,0,0.0019011406844106464,0.0,0.0,0.75,0.9,0.2,0.6000000000000001,95.0,30.0,70.0,0.65,0.8,0.30000000000000004,0.7000000000000001,95.0,40.0,60.0,112,112,0,112,0.0,2.074022170482558,1.5,1.3826814469883721,112,1.0,1.0,1
"iteration_2","SCOPE_DATA_COLLECTION",100,2,190.0,250.0,0,381,549,112,336,577,139,383,554,117,0,0,0,0.0,0.0,0.0,0.35158061650368994,1.0556238132815534,2.073101498449653,0.7031612330073799,1.0556238132815534,1.382067665633102,0.0,0.7833935018050542,1.0,32.5,100.0,1042,0,0,0,0,0,0.0,0.0,0.0,0.65,0.8,0.30000000000000004,0.7000000000000001,95.0,40.0,60.0,0.75,0.8,0.1,0.7000000000000001,30.0,45.0,85.0,372,372,0,372,0.0,0.35069045094046714,0.5,0.7013809018809343,0,0.0,1.0,1
"iteration_2","SCOPE_DATA_COLLECTION",100,2,190.0,250.0,1,381,549,112,336,577,139,383,554,117,0,0,0,0.0,0.0,0.0,0.35158061650368994,1.0556238132815534,2.073101498449653,0.7031612330073799,1.0556238132815534,1.382067665633102,0.0,0.7833935018050542,1.0,32.5,100.0,1042,0,0,0,0,0,0.0,0.0,0.0,0.65,0.8,0.30000000000000004,0.7000000000000001,95.0,40.0,60.0,0.75,0.8,0.1,0.7000000000000001,30.0,45.0,85.0,533,531,2,533,0.00375234521575985,1.05507825344013,1.0,1.05507825344013,410,0.7721280602636534,1.0,1
"iteration_2","SCOPE_DATA_COLLECTION",100,2,190.0,250.0,2,381,549,112,336,577,139,383,554,117,0,0,0,0.0,0.0,0.0,0.35158061650368994,1.0556238132815534,2.073101498449653,0.7031612330073799,1.0556238132815534,1.382067665633102,0.0,0.7833935018050542,1.0,32.5,100.0,1042,0,0,0,0,0,0.0,0.0,0.0,0.65,0.8,0.30000000000000004,0.7000000000000001,95.0,40.0,60.0,0.75,0.8,0.1,0.7000000000000001,30.0,45.0,85.0,132,132,0,132,0.0,2.069456821565069,1.5,1.3796378810433794,132,1.0,1.0,1
"iteration_2","SCOPE_DATA_COLLECTION",100,3,250.0,310.0,0,372,533,132,381,549,112,374,532,130,0,2,0,0.0,0.003745318352059925,0.0,0.3506394633917378,1.0546613839702463,2.0723850755009674,0.7012789267834756,1.0546613839702463,1.3815900503339782,0.0,0.768796992481203,1.0,32.5,100.0,1037,0,0,2,0,0,0.0019286403085824494,0.0,0.0,0.75,0.8,0.1,0.7000000000000001,30.0,45.0,85.0,0.75,0.5,0.2,0.1,35.0,25.0,30.0,343,341,2,343,0.0058309037900874635,0.3540311703596373,0.5,0.7080623407192747,0,0.0,1.0,1
"iteration_2","SCOPE_DATA_COLLECTION",100,3,250.0,310.0,1,372,533,132,381,549,112,374,532,130,0,2,0,0.0,0.003745318352059925,0.0,0.3506394633917378,1.0546613839702463,2.0723850755009674,0.7012789267834756,1.0546613839702463,1.3815900503339782,0.0,0.768796992481203,1.0,32.5,100.0,1037,0,0,2,0,0,0.0019286403085824494,0.0,0.0,0.75,0.8,0.1,0.7000000000000001,30.0,45.0,85.0,0.75,0.5,0.2,0.1,35.0,25.0,30.0,540,540,0,540,0.0,1.0606098155576635,1.0,1.0606098155576635,431,0.7981481481481482,1.0,1
"iteration_2","SCOPE_DATA_COLLECTION",100,3,250.0,310.0,2,372,533,132,381,549,112,374,532,130,0,2,0,0.0,0.003745318352059925,0.0,0.3506394633917378,1.0546613839702463,2.0723850755009674,0.7012789267834756,1.0546613839702463,1.3815900503339782,0.0,0.768796992481203,1.0,32.5,100.0,1037,0,0,2,0,0,0.0019286403085824494,0.0,0.0,0.75,0.8,0.1,0.7000000000000001,30.0,45.0,85.0,0.75,0.5,0.2,0.1,35.0,25.0,30.0,148,148,0,148,0.0,2.0676632208635297,1.5,1.3784421472423531,148,1.0,1.0,1
"iteration_2","SCOPE_DATA_COLLECTION",100,4,310.0,370.0,0,343,540,148,372,533,132,339,542,144,2,0,0,0.005865102639296188,0.0,0.0,0.35403807915640734,1.0604904822613945,2.0676417951600357,0.7080761583128147,1.0604904822613945,1.3784278634400238,0.0,0.7988929889298892,1.0,37.5,100.0,1031,0,0,2,0,0,0.0019398642095053346,0.0,0.0,0.75,0.5,0.2,0.1,35.0,25.0,30.0,0.75,0.5,0.2,0.1,35.0,25.0,30.0,323,322,1,323,0.0030959752321981426,0.35568288325975606,0.5,0.7113657665195121,0,0.0,1.0,1
"iteration_2","SCOPE_DATA_COLLECTION",100,4,310.0,370.0,1,343,540,148,372,533,132,339,542,144,2,0,0,0.005865102639296188,0.0,0.0,0.35403807915640734,1.0604904822613945,2.0676417951600357,0.7080761583128147,1.0604904822613945,1.3784278634400238,0.0,0.7988929889298892,1.0,37.5,100.0,1031,0,0,2,0,0,0.0019398642095053346,0.0,0.0,0.75,0.5,0.2,0.1,35.0,25.0,30.0,0.75,0.5,0.2,0.1,35.0,25.0,30.0,567,567,0,567,0.0,1.056333793920395,1.0,1.056333793920395,437,0.7707231040564374,1.0,1
"iteration_2","SCOPE_DATA_COLLECTION",100,4,310.0,370.0,2,343,540,148,372,533,132,339,542,144,2,0,0,0.005865102639296188,0.0,0.0,0.35403807915640734,1.0604904822613945,2.0676417951600357,0.7080761583128147,1.0604904822613945,1.3784278634400238,0.0,0.7988929889298892,1.0,37.5,100.0,1031,0,0,2,0,0,0.0019398642095053346,0.0,0.0,0.75,0.5,0.2,0.1,35.0,25.0,30.0,0.75,0.5,0.2,0.1,35.0,25.0,30.0,144,143,1,144,0.006944444444444444,2.057716141898906,1.5,1.3718107612659374,143,1.0,1.0,1
"iteration_2","SCOPE_DATA_COLLECTION",100,5,370.0,430.0,0,323,567,144,343,540,148,325,563,147,1,0,1,0.003067484662576687,0.0,0.006756756756756757,0.3557484607333392,1.0568355039125898,2.056255123512659,0.7114969214666784,1.0568355039125898,1.3708367490084392,0.0,0.7726465364120781,1.0,32.5,100.0,1034,0,0,2,0,0,0.0019342359767891683,0.0,0.0,0.75,0.5,0.2,0.1,35.0,25.0,30.0,0.65,0.4,0.1,0.2,45.0,35.0,30.0,358,357,1,358,0.002793296089385475,0.35086391499534064,0.5,0.7017278299906813,0,0.0,1.0,1
"iteration_2","SCOPE_DATA_COLLECTION",100,5,370.0,430.0,1,323,567,144,343,540,148,325,563,147,1,0,1,0.003067484662576687,0.0,0.006756756756756757,0.3557484607333392,1.0568355039125898,2.056255123512659,0.7114969214666784,1.0568355039125898,1.3708367490084392,0.0,0.7726465364120781,1.0,32.5,100.0,1034,0,0,2,0,0,0.0019342359767891683,0.0,0.0,0.75,0.5,0.2,0.1,35.0,25.0,30.0,0.65,0.4,0.1,0.2,45.0,35.0,30.0,547,547,0,547,0.0,1.0613455570739263,1.0,1.0613455570739263,434,0.793418647166362,1.0,1
"iteration_2","SCOPE_DATA_COLLECTION",100,5,370.0,430.0,2,323,567,144,343,540,148,325,563,147,1,0,1,0.003067484662576687,0.0,0.006756756756756757,0.3557484607333392,1.0568355039125898,2.056255123512659,0.7114969214666784,1.0568355039125898,1.3708367490084392,0.0,0.7726465364120781,1.0,32.5,100.0,1034,0,0,2,0,0,0.0019342359767891683,0.0,0.0,0.75,0.5,0.2,0.1,35.0,25.0,30.0,0.65,0.4,0.1,0.2,45.0,35.0,30.0,151,151,0,151,0.0,2.0649629579437088,1.5,1.3766419719624725,151,1.0,1.0,1
"iteration_2","SCOPE_DATA_COLLECTION",100,6,430.0,490.0,0,358,547,151,323,567,144,355,551,152,1,0,0,0.0028089887640449437,0.0,0.0,0.35080095603449807,1.0613726698719936,2.0662288901897377,0.7016019120689961,1.0613726698719936,1.3774859267931585,0.0,0.7931034482758621,1.0,30.0,100.0,1056,0,0,1,0,0,9.46969696969697E-4,0.0,0.0,0.65,0.4,0.1,0.2,45.0,35.0,30.0,0.05,0.7000000000000001,0.7000000000000001,0.30000000000000004,45.0,70.0,40.0,378,378,0,378,0.0,0.35083405843581217,0.5,0.7016681168716243,0,0.0,1.0,1
"iteration_2","SCOPE_DATA_COLLECTION",100,6,430.0,490.0,1,358,547,151,323,567,144,355,551,152,1,0,0,0.0028089887640449437,0.0,0.0,0.35080095603449807,1.0613726698719936,2.0662288901897377,0.7016019120689961,1.0613726698719936,1.3774859267931585,0.0,0.7931034482758621,1.0,30.0,100.0,1056,0,0,1,0,0,9.46969696969697E-4,0.0,0.0,0.65,0.4,0.1,0.2,45.0,35.0,30.0,0.05,0.7000000000000001,0.7000000000000001,0.30000000000000004,45.0,70.0,40.0,565,565,0,565,0.0,1.0570550107224463,1.0,1.0570550107224463,445,0.7876106194690266,1.0,1
"iteration_2","SCOPE_DATA_COLLECTION",100,6,430.0,490.0,2,358,547,151,323,567,144,355,551,152,1,0,0,0.0028089887640449437,0.0,0.0,0.35080095603449807,1.0613726698719936,2.0662288901897377,0.7016019120689961,1.0613726698719936,1.3774859267931585,0.0,0.7931034482758621,1.0,30.0,100.0,1056,0,0,1,0,0,9.46969696969697E-4,0.0,0.0,0.65,0.4,0.1,0.2,45.0,35.0,30.0,0.05,0.7000000000000001,0.7000000000000001,0.30000000000000004,45.0,70.0,40.0,134,134,0,134,0.0,2.0805174970179263,1.5,1.3870116646786175,134,1.0,1.0,1
"iteration_2","SCOPE_DATA_COLLECTION",100,7,490.0,550.0,0,378,565,134,358,547,151,380,564,133,0,0,0,0.0,0.0,0.0,0.35089303249954423,1.0565988071762475,2.0817736268893294,0.7017860649990885,1.0565988071762475,1.3878490845928864,0.0,0.7854609929078015,1.0,30.0,100.0,1077,0,0,0,0,0,0.0,0.0,0.0,0.05,0.7000000000000001,0.7000000000000001,0.30000000000000004,45.0,70.0,40.0,0.05,0.7000000000000001,0.8,0.4,55.0,60.0,50.0,361,361,0,361,0.0,0.35119139448689346,0.5,0.7023827889737869,0,0.0,1.0,1
"iteration_2","SCOPE_DATA_COLLECTION",100,7,490.0,550.0,1,378,565,134,358,547,151,380,564,133,0,0,0,0.0,0.0,0.0,0.35089303249954423,1.0565988071762475,2.0817736268893294,0.7017860649990885,1.0565988071762475,1.3878490845928864,0.0,0.7854609929078015,1.0,30.0,100.0,1077,0,0,0,0,0,0.0,0.0,0.0,0.05,0.7000000000000001,0.7000000000000001,0.30000000000000004,45.0,70.0,40.0,0.05,0.7000000000000001,0.8,0.4,55.0,60.0,50.0,571,571,0,571,0.0,1.0597031202411056,1.0,1.0597031202411056,467,0.8178633975481612,1.0,1
"iteration_2","SCOPE_DATA_COLLECTION",100,7,490.0,550.0,2,378,565,134,358,547,151,380,564,133,0,0,0,0.0,0.0,0.0,0.35089303249954423,1.0565988071762475,2.0817736268893294,0.7017860649990885,1.0565988071762475,1.3878490845928864,0.0,0.7854609929078015,1.0,30.0,100.0,1077,0,0,0,0,0,0.0,0.0,0.0,0.05,0.7000000000000001,0.7000000000000001,0.30000000000000004,45.0,70.0,40.0,0.05,0.7000000000000001,0.8,0.4,55.0,60.0,50.0,149,149,0,149,0.0,2.0588889983628507,1.5,1.3725926655752339,149,1.0,1.0,1
"iteration_2","SCOPE_DATA_COLLECTION",100,8,550.0,610.0,0,361,571,149,378,565,134,360,568,151,0,0,0,0.0,0.0,0.0,0.35114433982237836,1.0599290100267424,2.057335193840096,0.7022886796447567,1.0599290100267424,1.3715567958933974,0.0,0.8151408450704225,1.0,32.5,100.0,1081,0,0,0,0,0,0.0,0.0,0.0,0.05,0.7000000000000001,0.8,0.4,55.0,60.0,50.0,0.65,0.8,0.9,0.6000000000000001,95.0,25.0,50.0,352,351,1,352,0.002840909090909091,0.35144400382582613,0.5,0.7028880076516523,0,0.0,1.0,1
"iteration_2","SCOPE_DATA_COLLECTION",100,8,550.0,610.0,1,361,571,149,378,565,134,360,568,151,0,0,0,0.0,0.0,0.0,0.35114433982237836,1.0599290100267424,2.057335193840096,0.7022886796447567,1.0599290100267424,1.3715567958933974,0.0,0.8151408450704225,1.0,32.5,100.0,1081,0,0,0,0,0,0.0,0.0,0.0,0.05,0.7000000000000001,0.8,0.4,55.0,60.0,50.0,0.65,0.8,0.9,0.6000000000000001,95.0,25.0,50.0,581,581,0,581,0.0,1.0573680290634946,1.0,1.0573680290634946,453,0.7796901893287436,1.0,1
"iteration_2","SCOPE_DATA_COLLECTION",100,8,550.0,610.0,2,361,571,149,378,565,134,360,568,151,0,0,0,0.0,0.0,0.0,0.35114433982237836,1.0599290100267424,2.057335193840096,0.7022886796447567,1.0599290100267424,1.3715567958933974,0.0,0.8151408450704225,1.0,32.5,100.0,1081,0,0,0,0,0,0.0,0.0,0.0,0.05,0.7000000000000001,0.8,0.4,55.0,60.0,50.0,0.65,0.8,0.9,0.6000000000000001,95.0,25.0,50.0,138,137,1,138,0.007246376811594203,2.0712980945896473,1.5,1.3808653963930981,137,1.0,1.0,1
"iteration_2","SCOPE_DATA_COLLECTION",100,9,610.0,670.0,0,352,581,138,361,571,149,352,584,135,1,0,1,0.0028328611898017,0.0,0.007352941176470588,0.35149141027436737,1.057450688137527,2.0731020271917426,0.7029828205487347,1.057450688137527,1.3820680181278284,0.0,0.7825342465753424,1.0,27.5,100.0,1071,0,0,2,0,0,0.0018674136321195146,0.0,0.0,0.65,0.8,0.9,0.6000000000000001,95.0,25.0,50.0,0.75,0.7000000000000001,0.9,0.6000000000000001,85.0,35.0,60.0,376,376,0,376,0.0,0.34766820631783446,0.5,0.6953364126356689,0,0.0,1.0,1
"iteration_2","SCOPE_DATA_COLLECTION",100,9,610.0,670.0,1,352,581,138,361,571,149,352,584,135,1,0,1,0.0028328611898017,0.0,0.007352941176470588,0.35149141027436737,1.057450688137527,2.0731020271917426,0.7029828205487347,1.057450688137527,1.3820680181278284,0.0,0.7825342465753424,1.0,27.5,100.0,1071,0,0,2,0,0,0.0018674136321195146,0.0,0.0,0.65,0.8,0.9,0.6000000000000001,95.0,25.0,50.0,0.75,0.7000000000000001,0.9,0.6000000000000001,85.0,35.0,60.0,528,528,0,528,0.0,1.0562361972298713,1.0,1.0562361972298713,414,0.7840909090909091,1.0,1
"iteration_2","SCOPE_DATA_COLLECTION",100,9,610.0,670.0,2,352,581,138,361,571,149,352,584,135,1,0,1,0.0028328611898017,0.0,0.007352941176470588,0.35149141027436737,1.057450688137527,2.0731020271917426,0.7029828205487347,1.057450688137527,1.3820680181278284,0.0,0.7825342465753424,1.0,27.5,100.0,1071,0,0,2,0,0,0.0018674136321195146,0.0,0.0,0.65,0.8,0.9,0.6000000000000001,95.0,25.0,50.0,0.75,0.7000000000000001,0.9,0.6000000000000001,85.0,35.0,60.0,146,146,0,146,0.0,2.0600514025479177,1.5,1.3733676016986118,146,1.0,1.0,1
"iteration_2","SCOPE_DATA_COLLECTION",100,10,670.0,730.0,0,376,528,146,352,581,138,375,523,145,0,0,0,0.0,0.0,0.0,0.34776941807769346,1.0563852274568128,2.0595375766133532,0.6955388361553869,1.0563852274568128,1.3730250510755688,0.0,0.7839388145315488,1.0,45.0,100.0,1050,0,0,0,0,0,0.0,0.0,0.0,0.75,0.7000000000000001,0.9,0.6000000000000001,85.0,35.0,60.0,0.8500000000000001,0.7000000000000001,0.8,0.5,75.0,45.0,60.0,361,361,0,361,0.0,0.3471829280728692,0.5,0.6943658561457384,0,0.0,1.0,1
"iteration_2","SCOPE_DATA_COLLECTION",100,10,670.0,730.0,1,376,528,146,352,581,138,375,523,145,0,0,0,0.0,0.0,0.0,0.34776941807769346,1.0563852274568128,2.0595375766133532,0.6955388361553869,1.0563852274568128,1.3730250510755688,0.0,0.7839388145315488,1.0,45.0,100.0,1050,0,0,0,0,0,0.0,0.0,0.0,0.75,0.7000000000000001,0.9,0.6000000000000001,85.0,35.0,60.0,0.8500000000000001,0.7000000000000001,0.8,0.5,75.0,45.0,60.0,574,574,0,574,0.0,1.0580131487061668,1.0,1.0580131487061668,456,0.794425087108014,1.0,1
"iteration_2","SCOPE_DATA_COLLECTION",100,10,670.0,730.0,2,376,528,146,352,581,138,375,523,145,0,0,0,0.0,0.0,0.0,0.34776941807769346,1.0563852274568128,2.0595375766133532,0.6955388361553869,1.0563852274568128,1.3730250510755688,0.0,0.7839388145315488,1.0,45.0,100.0,1050,0,0,0,0,0,0.0,0.0,0.0,0.75,0.7000000000000001,0.9,0.6000000000000001,85.0,35.0,60.0,0.8500000000000001,0.7000000000000001,0.8,0.5,75.0,45.0,60.0,146,146,0,146,0.0,2.0774330406590584,1.5,1.3849553604393723,146,1.0,1.0,1
"iteration_2","SCOPE_DATA_COLLECTION",100,11,730.0,790.0,0,361,574,146,376,528,146,358,577,142,0,0,0,0.0,0.0,0.0,0.3471484915574053,1.0575407095000995,2.076033809016801,0.6942969831148106,1.0575407095000995,1.384022539344534,0.0,0.7937608318890814,1.0,52.5,100.0,1081,0,0,0,0,0,0.0,0.0,0.0,0.8500000000000001,0.7000000000000001,0.8,0.5,75.0,45.0,60.0,0.1,0.8,0.4,0.8,95.0,85.0,85.0,362,361,1,362,0.0027624309392265192,0.35320363471772676,0.5,0.7064072694354535,0,0.0,1.0,1
"iteration_2","SCOPE_DATA_COLLECTION",100,11,730.0,790.0,1,361,574,146,376,528,146,358,577,142,0,0,0,0.0,0.0,0.0,0.3471484915574053,1.0575407095000995,2.076033809016801,0.6942969831148106,1.0575407095000995,1.384022539344534,0.0,0.7937608318890814,1.0,52.5,100.0,1081,0,0,0,0,0,0.0,0.0,0.0,0.8500000000000001,0.7000000000000001,0.8,0.5,75.0,45.0,60.0,0.1,0.8,0.4,0.8,95.0,85.0,85.0,553,553,0,553,0.0,1.0625276905340497,1.0,1.0625276905340497,454,0.8209764918625678,1.0,1
"iteration_2","SCOPE_DATA_COLLECTION",100,11,730.0,790.0,2,361,574,146,376,528,146,358,577,142,0,0,0,0.0,0.0,0.0,0.3471484915574053,1.0575407095000995,2.076033809016801,0.6942969831148106,1.0575407095000995,1.384022539344534,0.0,0.7937608318890814,1.0,52.5,100.0,1081,0,0,0,0,0,0.0,0.0,0.0,0.8500000000000001,0.7000000000000001,0.8,0.5,75.0,45.0,60.0,0.1,0.8,0.4,0.8,95.0,85.0,85.0,154,154,0,154,0.0,2.089762941658528,1.5,1.3931752944390186,154,1.0,1.0,1
"iteration_2","SCOPE_DATA_COLLECTION",100,12,790.0,850.0,0,362,553,154,361,574,146,362,557,158,1,0,0,0.0027548209366391185,0.0,0.0,0.35325812769365983,1.0626361516044962,2.087672812107668,0.7065162553873197,1.0626361516044962,1.3917818747384454,0.0,0.822262118491921,1.0,32.5,100.0,1069,0,0,1,0,0,9.354536950420954E-4,0.0,0.0,0.1,0.8,0.4,0.8,95.0,85.0,85.0,0.05,0.8,0.30000000000000004,0.9,95.0,85.0,85.0,344,343,1,344,0.0029069767441860465,0.3534828187285601,0.5,0.7069656374571202,0,0.0,1.0,1
"iteration_2","SCOPE_DATA_COLLECTION",100,12,790.0,850.0,1,362,553,154,361,574,146,362,557,158,1,0,0,0.0027548209366391185,0.0,0.0,0.35325812769365983,1.0626361516044962,2.087672812107668,0.7065162553873197,1.0626361516044962,1.3917818747384454,0.0,0.822262118491921,1.0,32.5,100.0,1069,0,0,1,0,0,9.354536950420954E-4,0.0,0.0,0.1,0.8,0.4,0.8,95.0,85.0,85.0,0.05,0.8,0.30000000000000004,0.9,95.0,85.0,85.0,556,556,0,556,0.0,1.0566825801648745,1.0,1.0566825801648745,428,0.7697841726618705,1.0,1
"iteration_2","SCOPE_DATA_COLLECTION",100,12,790.0,850.0,2,362,553,154,361,574,146,362,557,158,1,0,0,0.0027548209366391185,0.0,0.0,0.35325812769365983,1.0626361516044962,2.087672812107668,0.7065162553873197,1.0626361516044962,1.3917818747384454,0.0,0.822262118491921,1.0,32.5,100.0,1069,0,0,1,0,0,9.354536950420954E-4,0.0,0.0,0.1,0.8,0.4,0.8,95.0,85.0,85.0,0.05,0.8,0.30000000000000004,0.9,95.0,85.0,85.0,160,160,0,160,0.0,2.0726125177075616,1.5,1.3817416784717078,160,1.0,1.0,1
"iteration_2","SCOPE_DATA_COLLECTION",100,13,850.0,910.0,0,344,556,160,362,553,154,343,552,156,1,0,0,0.0029069767441860465,0.0,0.0,0.3531310943875695,1.056215995361108,2.0719229597674724,0.706262188775139,1.056215995361108,1.381281973178315,0.0,0.7681159420289855,1.0,47.5,100.0,1060,0,0,1,0,0,9.433962264150943E-4,0.0,0.0,0.05,0.8,0.30000000000000004,0.9,95.0,85.0,85.0,0.05,0.8,0.30000000000000004,0.9,95.0,85.0,85.0,366,366,0,366,0.0,0.35075931325035226,0.5,0.7015186265007045,0,0.0,1.0,1
"iteration_2","SCOPE_DATA_COLLECTION",100,13,850.0,910.0,1,344,556,160,362,553,154,343,552,156,1,0,0,0.0029069767441860465,0.0,0.0,0.3531310943875695,1.056215995361108,2.0719229597674724,0.706262188775139,1.056215995361108,1.381281973178315,0.0,0.7681159420289855,1.0,47.5,100.0,1060,0,0,1,0,0,9.433962264150943E-4,0.0,0.0,0.05,0.8,0.30000000000000004,0.9,95.0,85.0,85.0,0.05,0.8,0.30000000000000004,0.9,95.0,85.0,85.0,541,541,0,541,0.0,1.0543601777195362,1.0,1.0543601777195362,416,0.7689463955637708,1.0,1
"iteration_2","SCOPE_DATA_COLLECTION",100,13,850.0,910.0,2,344,556,160,362,553,154,343,552,156,1,0,0,0.0029069767441860465,0.0,0.0,0.3531310943875695,1.056215995361108,2.0719229597674724,0.706262188775139,1.056215995361108,1.381281973178315,0.0,0.7681159420289855,1.0,47.5,100.0,1060,0,0,1,0,0,9.433962264150943E-4,0.0,0.0,0.05,0.8,0.30000000000000004,0.9,95.0,85.0,85.0,0.05,0.8,0.30000000000000004,0.9,95.0,85.0,85.0,122,122,0,122,0.0,2.0701293532040244,1.5,1.3800862354693495,122,1.0,1.0,1
"iteration_2","SCOPE_DATA_COLLECTION",100,14,910.0,970.0,0,366,541,122,344,556,160,367,544,122,0,0,0,0.0,0.0,0.0,0.3510693349796882,1.0546501420357548,2.075256965218999,0.7021386699593763,1.0546501420357548,1.3835046434793326,0.0,0.7683823529411765,1.0,42.5,100.0,1029,0,0,0,0,0,0.0,0.0,0.0,0.05,0.8,0.30000000000000004,0.9,95.0,85.0,85.0,0.05,0.9,0.2,0.8,85.0,75.0,95.0,391,391,0,391,0.0,0.35441668738302323,0.5,0.7088333747660465,0,0.0,1.0,1
"iteration_2","SCOPE_DATA_COLLECTION",100,14,910.0,970.0,1,366,541,122,344,556,160,367,544,122,0,0,0,0.0,0.0,0.0,0.3510693349796882,1.0546501420357548,2.075256965218999,0.7021386699593763,1.0546501420357548,1.3835046434793326,0.0,0.7683823529411765,1.0,42.5,100.0,1029,0,0,0,0,0,0.0,0.0,0.0,0.05,0.8,0.30000000000000004,0.9,95.0,85.0,85.0,0.05,0.9,0.2,0.8,85.0,75.0,95.0,547,547,0,547,0.0,1.0564082420933043,1.0,1.0564082420933043,425,0.7769652650822669,1.0,1
"iteration_2","SCOPE_DATA_COLLECTION",100,14,910.0,970.0,2,366,541,122,344,556,160,367,544,122,0,0,0,0.0,0.0,0.0,0.3510693349796882,1.0546501420357548,2.075256965218999,0.7021386699593763,1.0546501420357548,1.3835046434793326,0.0,0.7683823529411765,1.0,42.5,100.0,1029,0,0,0,0,0,0.0,0.0,0.0,0.05,0.8,0.30000000000000004,0.9,95.0,85.0,85.0,0.05,0.9,0.2,0.8,85.0,75.0,95.0,147,147,0,147,0.0,2.06566000203014,1.5,1.3771066680200932,147,1.0,1.0,1
"iteration_2","SCOPE_DATA_COLLECTION",100,15,970.0,1030.0,0,391,547,147,366,541,122,393,546,151,0,0,0,0.0,0.0,0.0,0.3542587523891224,1.0562483404754994,2.067782373011932,0.7085175047782448,1.0562483404754994,1.3785215820079546,0.0,0.7765567765567766,1.0,32.5,100.0,1085,0,0,0,0,0,0.0,0.0,0.0,0.05,0.9,0.2,0.8,85.0,75.0,95.0,0.05,0.9,0.2,0.8,85.0,75.0,95.0,373,373,0,373,0.0,0.35409704600847064,0.5,0.7081940920169413,0,0.0,1.0,1
"iteration_2","SCOPE_DATA_COLLECTION",100,15,970.0,1030.0,1,391,547,147,366,541,122,393,546,151,0,0,0,0.0,0.0,0.0,0.3542587523891224,1.0562483404754994,2.067782373011932,0.7085175047782448,1.0562483404754994,1.3785215820079546,0.0,0.7765567765567766,1.0,32.5,100.0,1085,0,0,0,0,0,0.0,0.0,0.0,0.05,0.9,0.2,0.8,85.0,75.0,95.0,0.05,0.9,0.2,0.8,85.0,75.0,95.0,569,569,0,569,0.0,1.059733041880174,1.0,1.059733041880174,451,0.7926186291739895,1.0,1
"iteration_2","SCOPE_DATA_COLLECTION",100,15,970.0,1030.0,2,391,547,147,366,541,122,393,546,151,0,0,0,0.0,0.0,0.0,0.3542587523891224,1.0562483404754994,2.067782373011932,0.7085175047782448,1.0562483404754994,1.3785215820079546,0.0,0.7765567765567766,1.0,32.5,100.0,1085,0,0,0,0,0,0.0,0.0,0.0,0.05,0.9,0.2,0.8,85.0,75.0,95.0,0.05,0.9,0.2,0.8,85.0,75.0,95.0,148,148,0,148,0.0,2.0709604002861712,1.5,1.3806402668574476,148,1.0,1.0,1
"iteration_2","SCOPE_DATA_COLLECTION",100,16,1030.0,1090.0,0,373,569,148,391,547,147,372,571,147,0,0,0,0.0,0.0,0.0,0.3540997027416379,1.0602436764118335,2.065704170815914,0.7081994054832758,1.0602436764118335,1.377136113877276,0.0,0.7950963222416813,1.0,32.5,100.0,1090,0,0,0,0,0,0.0,0.0,0.0,0.05,0.9,0.2,0.8,85.0,75.0,95.0,0.65,0.6000000000000001,0.6000000000000001,0.2,90.0,45.0,25.0,363,363,0,363,0.0,0.3521359809587175,0.5,0.704271961917435,0,0.0,1.0,1
"iteration_2","SCOPE_DATA_COLLECTION",100,16,1030.0,1090.0,1,373,569,148,391,547,147,372,571,147,0,0,0,0.0,0.0,0.0,0.3540997027416379,1.0602436764118335,2.065704170815914,0.7081994054832758,1.0602436764118335,1.377136113877276,0.0,0.7950963222416813,1.0,32.5,100.0,1090,0,0,0,0,0,0.0,0.0,0.0,0.05,0.9,0.2,0.8,85.0,75.0,95.0,0.65,0.6000000000000001,0.6000000000000001,0.2,90.0,45.0,25.0,594,594,0,594,0.0,1.0593832337314664,1.0,1.0593832337314664,479,0.8063973063973064,1.0,1
"iteration_2","SCOPE_DATA_COLLECTION",100,16,1030.0,1090.0,2,373,569,148,391,547,147,372,571,147,0,0,0,0.0,0.0,0.0,0.3540997027416379,1.0602436764118335,2.065704170815914,0.7081994054832758,1.0602436764118335,1.377136113877276,0.0,0.7950963222416813,1.0,32.5,100.0,1090,0,0,0,0,0,0.0,0.0,0.0,0.05,0.9,0.2,0.8,85.0,75.0,95.0,0.65,0.6000000000000001,0.6000000000000001,0.2,90.0,45.0,25.0,139,139,0,139,0.0,2.078367601660172,1.5,1.3855784011067813,139,1.0,1.0,1
"iteration_2","SCOPE_DATA_COLLECTION",100,17,1090.0,1150.0,0,363,594,139,373,569,148,363,589,139,0,0,0,0.0,0.0,0.0,0.35210954775292264,1.0587679182297398,2.0812755444969016,0.7042190955058453,1.0587679182297398,1.387517029664601,0.0,0.8047538200339559,1.0,40.0,100.0,1096,0,0,0,0,0,0.0,0.0,0.0,0.65,0.6000000000000001,0.6000000000000001,0.2,90.0,45.0,25.0,0.65,0.5,0.7000000000000001,0.2,95.0,35.0,25.0,350,350,0,350,0.0,0.3533331151523992,0.5,0.7066662303047984,0,0.0,1.0,1
"iteration_2","SCOPE_DATA_COLLECTION",100,17,1090.0,1150.0,1,363,594,139,373,569,148,363,589,139,0,0,0,0.0,0.0,0.0,0.35210954775292264,1.0587679182297398,2.0812755444969016,0.7042190955058453,1.0587679182297398,1.387517029664601,0.0,0.8047538200339559,1.0,40.0,100.0,1096,0,0,0,0,0,0.0,0.0,0.0,0.65,0.6000000000000001,0.6000000000000001,0.2,90.0,45.0,25.0,0.65,0.5,0.7000000000000001,0.2,95.0,35.0,25.0,554,553,1,554,0.0018050541516245488,1.0573782194047432,1.0,1.0573782194047432,417,0.7540687160940326,1.0,1
"iteration_2","SCOPE_DATA_COLLECTION",100,17,1090.0,1150.0,2,363,594,139,373,569,148,363,589,139,0,0,0,0.0,0.0,0.0,0.35210954775292264,1.0587679182297398,2.0812755444969016,0.7042190955058453,1.0587679182297398,1.387517029664601,0.0,0.8047538200339559,1.0,40.0,100.0,1096,0,0,0,0,0,0.0,0.0,0.0,0.65,0.6000000000000001,0.6000000000000001,0.2,90.0,45.0,25.0,0.65,0.5,0.7000000000000001,0.2,95.0,35.0,25.0,137,137,0,137,0.0,2.07137682358453,1.5,1.3809178823896866,137,1.0,1.0,1
"iteration_2","SCOPE_DATA_COLLECTION",100,18,1150.0,1210.0,0,350,554,137,363,594,139,351,557,140,0,1,0,0.0,0.0017921146953405018,0.0,0.353359812815708,1.0573369677381579,2.070144942004203,0.706719625631416,1.0573369677381579,1.380096628002802,0.0,0.7522441651705566,1.0,25.0,100.0,1041,0,0,1,0,0,9.606147934678194E-4,0.0,0.0,0.65,0.5,0.7000000000000001,0.2,95.0,35.0,25.0,0.55,0.6000000000000001,0.7000000000000001,0.30000000000000004,95.0,35.0,35.0,338,338,0,338,0.0,0.35190107398049075,0.5,0.7038021479609815,0,0.0,1.0,1
"iteration_2","SCOPE_DATA_COLLECTION",100,18,1150.0,1210.0,1,350,554,137,363,594,139,351,557,140,0,1,0,0.0,0.0017921146953405018,0.0,0.353359812815708,1.0573369677381579,2.070144942004203,0.706719625631416,1.0573369677381579,1.380096628002802,0.0,0.7522441651705566,1.0,25.0,100.0,1041,0,0,1,0,0,9.606147934678194E-4,0.0,0.0,0.65,0.5,0.7000000000000001,0.2,95.0,35.0,25.0,0.55,0.6000000000000001,0.7000000000000001,0.30000000000000004,95.0,35.0,35.0,547,546,1,547,0.0018281535648994515,1.0566346469264098,1.0,1.0566346469264098,427,0.782051282051282,1.0,1
"iteration_2","SCOPE_DATA_COLLECTION",100,18,1150.0,1210.0,2,350,554,137,363,594,139,351,557,140,0,1,0,0.0,0.0017921146953405018,0.0,0.353359812815708,1.0573369677381579,2.070144942004203,0.706719625631416,1.0573369677381579,1.380096628002802,0.0,0.7522441651705566,1.0,25.0,100.0,1041,0,0,1,0,0,9.606147934678194E-4,0.0,0.0,0.65,0.5,0.7000000000000001,0.2,95.0,35.0,25.0,0.55,0.6000000000000001,0.7000000000000001,0.30000000000000004,95.0,35.0,35.0,136,136,0,136,0.0,2.0544314705125744,1.5,1.3696209803417163,136,1.0,1.0,1
"iteration_2","SCOPE_DATA_COLLECTION",100,19,1210.0,1270.0,0,338,547,136,350,554,137,336,536,133,0,1,0,0.0,0.00186219739292365,0.0,0.3518391684369864,1.056746888255396,2.0542233556925975,0.7036783368739729,1.056746888255396,1.3694822371283983,0.0,0.7854477611940298,1.0,57.5,100.0,1021,0,0,1,0,0,9.794319294809011E-4,0.0,0.0,0.55,0.6000000000000001,0.7000000000000001,0.30000000000000004,95.0,35.0,35.0,0.65,0.6000000000000001,0.7000000000000001,0.4,95.0,45.0,25.0,363,363,0,363,0.0,0.349094722901911,0.5,0.698189445803822,1,0.0027548209366391185,1.0,1
"iteration_2","SCOPE_DATA_COLLECTION",100,19,1210.0,1270.0,1,338,547,136,350,554,137,336,536,133,0,1,0,0.0,0.00186219739292365,0.0,0.3518391684369864,1.056746888255396,2.0542233556925975,0.7036783368739729,1.056746888255396,1.3694822371283983,0.0,0.7854477611940298,1.0,57.5,100.0,1021,0,0,1,0,0,9.794319294809011E-4,0.0,0.0,0.55,0.6000000000000001,0.7000000000000001,0.30000000000000004,95.0,35.0,35.0,0.65,0.6000000000000001,0.7000000000000001,0.4,95.0,45.0,25.0,552,552,0,552,0.0,1.0552927838202117,1.0,1.0552927838202117,418,0.7572463768115942,1.0,1
"iteration_2","SCOPE_DATA_COLLECTION",100,19,1210.0,1270.0,2,338,547,136,350,554,137,336,536,133,0,1,0,0.0,0.00186219739292365,0.0,0.3518391684369864,1.056746888255396,2.0542233556925975,0.7036783368739729,1.056746888255396,1.3694822371283983,0.0,0.7854477611940298,1.0,57.5,100.0,1021,0,0,1,0,0,9.794319294809011E-4,0.0,0.0,0.55,0.6000000000000001,0.7000000000000001,0.30000000000000004,95.0,35.0,35.0,0.65,0.6000000000000001,0.7000000000000001,0.4,95.0,45.0,25.0,140,140,0,140,0.0,2.0650071722060814,1.5,1.3766714481373876,140,1.0,1.0,1
"iteration_2","SCOPE_DATA_COLLECTION",100,20,1270.0,1330.0,0,363,552,140,338,547,136,362,559,142,0,0,0,0.0,0.0,0.0,0.34911799107256614,1.056384933756533,2.0661928122644158,0.6982359821451323,1.056384933756533,1.377461874842944,0.0027624309392265192,0.7638640429338104,1.0,42.5,100.0,1055,0,0,0,0,0,0.0,0.0,0.0,0.65,0.6000000000000001,0.7000000000000001,0.4,95.0,45.0,25.0,0.65,0.6000000000000001,0.7000000000000001,0.4,95.0,45.0,25.0,361,360,1,361,0.002770083102493075,0.34883625752301745,0.5,0.6976725150460349,0,0.0,1.0,1
"iteration_2","SCOPE_DATA_COLLECTION",100,20,1270.0,1330.0,1,363,552,140,338,547,136,362,559,142,0,0,0,0.0,0.0,0.0,0.34911799107256614,1.056384933756533,2.0661928122644158,0.6982359821451323,1.056384933756533,1.377461874842944,0.0027624309392265192,0.7638640429338104,1.0,42.5,100.0,1055,0,0,0,0,0,0.0,0.0,0.0,0.65,0.6000000000000001,0.7000000000000001,0.4,95.0,45.0,25.0,0.65,0.6000000000000001,0.7000000000000001,0.4,95.0,45.0,25.0,541,540,1,541,0.0018484288354898336,1.0554667313184003,1.0,1.0554667313184003,418,0.774074074074074,1.0,1
"iteration_2","SCOPE_DATA_COLLECTION",100,20,1270.0,1330.0,2,363,552,140,338,547,136,362,559,142,0,0,0,0.0,0.0,0.0,0.34911799107256614,1.056384933756533,2.0661928122644158,0.6982359821451323,1.056384933756533,1.377461874842944,0.0027624309392265192,0.7638640429338104,1.0,42.5,100.0,1055,0,0,0,0,0,0.0,0.0,0.0,0.65,0.6000000000000001,0.7000000000000001,0.4,95.0,45.0,25.0,0.65,0.6000000000000001,0.7000000000000001,0.4,95.0,45.0,25.0,129,129,0,129,0.0,2.068696381791117,1.5,1.379130921194078,129,1.0,1.0,1
"iteration_2","SCOPE_DATA_COLLECTION",100,21,1330.0,1390.0,0,361,541,129,363,552,140,361,542,132,1,1,0,0.0027624309392265192,0.001841620626151013,0.0,0.348952638488429,1.0549564901089032,2.067263585688598,0.697905276976858,1.0549564901089032,1.3781757237923988,0.0,0.7675276752767528,1.0,25.0,100.0,1031,0,0,2,0,0,0.0019398642095053346,0.0,0.0,0.65,0.6000000000000001,0.7000000000000001,0.4,95.0,45.0,25.0,0.55,0.5,0.8,0.4,95.0,55.0,35.0,356,355,1,356,0.0028089887640449437,0.349315372182623,0.5,0.698630744365246,0,0.0,1.0,1
"iteration_2","SCOPE_DATA_COLLECTION",100,21,1330.0,1390.0,1,361,541,129,363,552,140,361,542,132,1,1,0,0.0027624309392265192,0.001841620626151013,0.0,0.348952638488429,1.0549564901089032,2.067263585688598,0.697905276976858,1.0549564901089032,1.3781757237923988,0.0,0.7675276752767528,1.0,25.0,100.0,1031,0,0,2,0,0,0.0019398642095053346,0.0,0.0,0.65,0.6000000000000001,0.7000000000000001,0.4,95.0,45.0,25.0,0.55,0.5,0.8,0.4,95.0,55.0,35.0,569,569,0,569,0.0,1.0619268276694358,1.0,1.0619268276694358,466,0.8189806678383128,1.0,1
"iteration_2","SCOPE_DATA_COLLECTION",100,21,1330.0,1390.0,2,361,541,129,363,552,140,361,542,132,1,1,0,0.0027624309392265192,0.001841620626151013,0.0,0.348952638488429,1.0549564901089032,2.067263585688598,0.697905276976858,1.0549564901089032,1.3781757237923988,0.0,0.7675276752767528,1.0,25.0,100.0,1031,0,0,2,0,0,0.0019398642095053346,0.0,0.0,0.65,0.6000000000000001,0.7000000000000001,0.4,95.0,45.0,25.0,0.55,0.5,0.8,0.4,95.0,55.0,35.0,140,140,0,140,0.0,2.072034542103131,1.5,1.3813563614020874,140,1.0,1.0,1
"iteration_2","SCOPE_DATA_COLLECTION",100,22,1390.0,1450.0,0,356,569,140,361,541,129,354,559,136,1,0,0,0.0028169014084507044,0.0,0.0,0.34916151680856805,1.0620615474354562,2.0715249133843976,0.6983230336171361,1.0620615474354562,1.3810166089229317,0.0,0.817531305903399,1.0,52.5,100.0,1065,0,0,1,0,0,9.389671361502347E-4,0.0,0.0,0.55,0.5,0.8,0.4,95.0,55.0,35.0,0.55,0.5,0.8,0.4,95.0,55.0,35.0,368,368,0,368,0.0,0.3504762409253558,0.5,0.7009524818507116,0,0.0,1.0,1
"iteration_2","SCOPE_DATA_COLLECTION",100,22,1390.0,1450.0,1,356,569,140,361,541,129,354,559,136,1,0,0,0.0028169014084507044,0.0,0.0,0.34916151680856805,1.0620615474354562,2.0715249133843976,0.6983230336171361,1.0620615474354562,1.3810166089229317,0.0,0.817531305903399,1.0,52.5,100.0,1065,0,0,1,0,0,9.389671361502347E-4,0.0,0.0,0.55,0.5,0.8,0.4,95.0,55.0,35.0,0.55,0.5,0.8,0.4,95.0,55.0,35.0,533,533,0,533,0.0,1.0584935156035853,1.0,1.0584935156035853,414,0.776735459662289,1.0,1
"iteration_2","SCOPE_DATA_COLLECTION",100,22,1390.0,1450.0,2,356,569,140,361,541,129,354,559,136,1,0,0,0.0028169014084507044,0.0,0.0,0.34916151680856805,1.0620615474354562,2.0715249133843976,0.6983230336171361,1.0620615474354562,1.3810166089229317,0.0,0.817531305903399,1.0,52.5,100.0,1065,0,0,1,0,0,9.389671361502347E-4,0.0,0.0,0.55,0.5,0.8,0.4,95.0,55.0,35.0,0.55,0.5,0.8,0.4,95.0,55.0,35.0,147,146,1,147,0.006802721088435374,2.067674971257045,1.5,1.37844998083803,146,1.0,1.0,1
"iteration_2","SCOPE_DATA_COLLECTION",100,23,1450.0,1510.0,0,368,533,147,356,569,140,371,544,146,0,0,1,0.0,0.0,0.006802721088435374,0.3505484126813897,1.0579567622478958,2.0698231212064386,0.7010968253627794,1.0579567622478958,1.3798820808042924,0.0,0.7775735294117647,1.0,27.5,100.0,1048,0,0,1,0,0,9.541984732824427E-4,0.0,0.0,0.55,0.5,0.8,0.4,95.0,55.0,35.0,0.45,0.5,0.9,0.30000000000000004,95.0,65.0,45.0,378,376,2,378,0.005291005291005291,0.35239205458284784,0.5,0.7047841091656957,0,0.0,1.0,1
"iteration_2","SCOPE_DATA_COLLECTION",100,23,1450.0,1510.0,1,368,533,147,356,569,140,371,544,146,0,0,1,0.0,0.0,0.006802721088435374,0.3505484126813897,1.0579567622478958,2.0698231212064386,0.7010968253627794,1.0579567622478958,1.3798820808042924,0.0,0.7775735294117647,1.0,27.5,100.0,1048,0,0,1,0,0,9.541984732824427E-4,0.0,0.0,0.55,0.5,0.8,0.4,95.0,55.0,35.0,0.45,0.5,0.9,0.30000000000000004,95.0,65.0,45.0,551,549,2,551,0.003629764065335753,1.0584249943880117,1.0,1.0584249943880117,444,0.8087431693989071,1.0,1
"iteration_2","SCOPE_DATA_COLLECTION",100,23,1450.0,1510.0,2,368,533,147,356,569,140,371,544,146,0,0,1,0.0,0.0,0.006802721088435374,0.3505484126813897,1.0579567622478958,2.0698231212064386,0.7010968253627794,1.0579567622478958,1.3798820808042924,0.0,0.7775735294117647,1.0,27.5,100.0,1048,0,0,1,0,0,9.541984732824427E-4,0.0,0.0,0.55,0.5,0.8,0.4,95.0,55.0,35.0,0.45,0.5,0.9,0.30000000000000004,95.0,65.0,45.0,159,159,0,159,0.0,2.057120846997653,1.5,1.3714138979984354,159,1.0,1.0,1
"iteration_2","SCOPE_DATA_COLLECTION",100,24,1510.0,1570.0,0,378,551,159,368,533,147,376,546,160,2,2,0,0.005291005291005291,0.0036496350364963502,0.0,0.35239205458284784,1.0583365372441458,2.0536039265896235,0.7047841091656957,1.0583365372441458,1.3690692843930823,0.0,0.8095238095238095,1.0,35.0,100.0,1088,0,0,4,0,0,0.003676470588235294,0.0,0.0,0.45,0.5,0.9,0.30000000000000004,95.0,65.0,45.0,0.55,0.4,0.8,0.4,85.0,65.0,35.0,381,381,0,381,0.0,0.3519741673729722,0.5,0.7039483347459444,0,0.0,1.0,1
"iteration_2","SCOPE_DATA_COLLECTION",100,24,1510.0,1570.0,1,378,551,159,368,533,147,376,546,160,2,2,0,0.005291005291005291,0.0036496350364963502,0.0,0.35239205458284784,1.0583365372441458,2.0536039265896235,0.7047841091656957,1.0583365372441458,1.3690692843930823,0.0,0.8095238095238095,1.0,35.0,100.0,1088,0,0,4,0,0,0.003676470588235294,0.0,0.0,0.45,0.5,0.9,0.30000000000000004,95.0,65.0,45.0,0.55,0.4,0.8,0.4,85.0,65.0,35.0,571,571,0,571,0.0,1.061669481909555,1.0,1.061669481909555,459,0.8038528896672504,1.0,1
"iteration_2","SCOPE_DATA_COLLECTION",100,24,1510.0,1570.0,2,378,551,159,368,533,147,376,546,160,2,2,0,0.005291005291005291,0.0036496350364963502,0.0,0.35239205458284784,1.0583365372441458,2.0536039265896235,0.7047841091656957,1.0583365372441458,1.3690692843930823,0.0,0.8095238095238095,1.0,35.0,100.0,1088,0,0,4,0,0,0.003676470588235294,0.0,0.0,0.45,0.5,0.9,0.30000000000000004,95.0,65.0,45.0,0.55,0.4,0.8,0.4,85.0,65.0,35.0,152,152,0,152,0.0,2.059298596420044,1.5,1.372865730946696,152,1.0,1.0,1
"iteration_2","SCOPE_DATA_COLLECTION",100,25,1570.0,1630.0,0,381,571,152,378,551,159,379,572,148,0,0,0,0.0,0.0,0.0,0.3519221476117423,1.062001397026203,2.063840955534316,0.7038442952234846,1.062001397026203,1.3758939703562107,0.0,0.8024475524475524,1.0,45.0,100.0,1104,0,0,0,0,0,0.0,0.0,0.0,0.55,0.4,0.8,0.4,85.0,65.0,35.0,0.45,0.30000000000000004,0.8,0.30000000000000004,95.0,55.0,45.0,357,357,0,357,0.0,0.35341075004254385,0.5,0.7068215000850877,0,0.0,1.0,1
"iteration_2","SCOPE_DATA_COLLECTION",100,25,1570.0,1630.0,1,381,571,152,378,551,159,379,572,148,0,0,0,0.0,0.0,0.0,0.3519221476117423,1.062001397026203,2.063840955534316,0.7038442952234846,1.062001397026203,1.3758939703562107,0.0,0.8024475524475524,1.0,45.0,100.0,1104,0,0,0,0,0,0.0,0.0,0.0,0.55,0.4,0.8,0.4,85.0,65.0,35.0,0.45,0.30000000000000004,0.8,0.30000000000000004,95.0,55.0,45.0,564,564,0,564,0.0,1.0539708770910035,1.0,1.0539708770910035,433,0.7677304964539007,1.0,1
"iteration_2","SCOPE_DATA_COLLECTION",100,25,1570.0,1630.0,2,381,571,152,378,551,159,379,572,148,0,0,0,0.0,0.0,0.0,0.3519221476117423,1.062001397026203,2.063840955534316,0.7038442952234846,1.062001397026203,1.3758939703562107,0.0,0.8024475524475524,1.0,45.0,100.0,1104,0,0,0,0,0,0.0,0.0,0.0,0.55,0.4,0.8,0.4,85.0,65.0,35.0,0.45,0.30000000000000004,0.8,0.30000000000000004,95.0,55.0,45.0,156,156,0,156,0.0,2.075099786013941,1.5,1.3833998573426272,156,1.0,1.0,1
"iteration_2","SCOPE_DATA_COLLECTION",100,26,1630.0,1690.0,0,357,564,156,381,571,152,359,562,159,0,0,0,0.0,0.0,0.0,0.353457664594541,1.053904555782875,2.075290919592022,0.706915329189082,1.053904555782875,1.3835272797280147,0.0,0.7669039145907474,1.0,37.5,100.0,1077,0,0,0,0,0,0.0,0.0,0.0,0.45,0.30000000000000004,0.8,0.30000000000000004,95.0,55.0,45.0,0.15000000000000002,0.1,0.2,0.1,80.0,80.0,70.0,362,362,0,362,0.0,0.354301678389777,0.5,0.708603356779554,0,0.0,1.0,1
"iteration_2","SCOPE_DATA_COLLECTION",100,26,1630.0,1690.0,1,357,564,156,381,571,152,359,562,159,0,0,0,0.0,0.0,0.0,0.353457664594541,1.053904555782875,2.075290919592022,0.706915329189082,1.053904555782875,1.3835272797280147,0.0,0.7669039145907474,1.0,37.5,100.0,1077,0,0,0,0,0,0.0,0.0,0.0,0.45,0.30000000000000004,0.8,0.30000000000000004,95.0,55.0,45.0,0.15000000000000002,0.1,0.2,0.1,80.0,80.0,70.0,553,553,0,553,0.0,1.0582248915877852,1.0,1.0582248915877852,428,0.7739602169981917,1.0,1
"iteration_2","SCOPE_DATA_COLLECTION",100,26,1630.0,1690.0,2,357,564,156,381,571,152,359,562,159,0,0,0,0.0,0.0,0.0,0.353457664594541,1.053904555782875,2.075290919592022,0.706915329189082,1.053904555782875,1.3835272797280147,0.0,0.7669039145907474,1.0,37.5,100.0,1077,0,0,0,0,0,0.0,0.0,0.0,0.45,0.30000000000000004,0.8,0.30000000000000004,95.0,55.0,45.0,0.15000000000000002,0.1,0.2,0.1,80.0,80.0,70.0,162,162,0,162,0.0,2.085140584424731,1.5,1.3900937229498205,162,1.0,1.0,1
"iteration_2","SCOPE_DATA_COLLECTION",100,27,1690.0,1750.0,0,362,553,162,357,564,156,361,557,165,0,0,0,0.0,0.0,0.0,0.35428562323885887,1.0578787781607761,2.0822439706720286,0.7085712464777177,1.0578787781607761,1.3881626471146857,0.0,0.7755834829443446,1.0,25.0,100.0,1077,0,0,0,0,0,0.0,0.0,0.0,0.15000000000000002,0.1,0.2,0.1,80.0,80.0,70.0,0.05,0.2,0.2,0.1,90.0,80.0,70.0,352,352,0,352,0.0,0.3503414159747839,0.5,0.7006828319495678,0,0.0,1.0,1
"iteration_2","SCOPE_DATA_COLLECTION",100,27,1690.0,1750.0,1,362,553,162,357,564,156,361,557,165,0,0,0,0.0,0.0,0.0,0.35428562323885887,1.0578787781607761,2.0822439706720286,0.7085712464777177,1.0578787781607761,1.3881626471146857,0.0,0.7755834829443446,1.0,25.0,100.0,1077,0,0,0,0,0,0.0,0.0,0.0,0.15000000000000002,0.1,0.2,0.1,80.0,80.0,70.0,0.05,0.2,0.2,0.1,90.0,80.0,70.0,490,489,1,490,0.0020408163265306124,1.0601937969925894,1.0,1.0601937969925894,384,0.7852760736196319,1.0,1
"iteration_2","SCOPE_DATA_COLLECTION",100,27,1690.0,1750.0,2,362,553,162,357,564,156,361,557,165,0,0,0,0.0,0.0,0.0,0.35428562323885887,1.0578787781607761,2.0822439706720286,0.7085712464777177,1.0578787781607761,1.3881626471146857,0.0,0.7755834829443446,1.0,25.0,100.0,1077,0,0,0,0,0,0.0,0.0,0.0,0.15000000000000002,0.1,0.2,0.1,80.0,80.0,70.0,0.05,0.2,0.2,0.1,90.0,80.0,70.0,151,151,0,151,0.0,2.0526995433564545,1.5,1.3684663622376363,151,1.0,1.0,1
"iteration_2","SCOPE_DATA_COLLECTION",100,28,1750.0,1810.0,0,352,490,151,362,553,162,352,486,148,0,1,0,0.0,0.002053388090349076,0.0,0.35031186690406524,1.060472316131212,2.052338331294751,0.7006237338081305,1.060472316131212,1.3682255541965007,0.0,0.7880658436213992,1.0,40.0,100.0,993,0,0,1,0,0,0.0010070493454179255,0.0,0.0,0.05,0.2,0.2,0.1,90.0,80.0,70.0,0.55,0.30000000000000004,0.7000000000000001,0.6000000000000001,55.0,85.0,50.0,377,377,0,377,0.0,0.35023104195682386,0.5,0.7004620839136477,0,0.0,1.0,1
"iteration_2","SCOPE_DATA_COLLECTION",100,28,1750.0,1810.0,1,352,490,151,362,553,162,352,486,148,0,1,0,0.0,0.002053388090349076,0.0,0.35031186690406524,1.060472316131212,2.052338331294751,0.7006237338081305,1.060472316131212,1.3682255541965007,0.0,0.7880658436213992,1.0,40.0,100.0,993,0,0,1,0,0,0.0010070493454179255,0.0,0.0,0.05,0.2,0.2,0.1,90.0,80.0,70.0,0.55,0.30000000000000004,0.7000000000000001,0.6000000000000001,55.0,85.0,50.0,572,571,1,572,0.0017482517482517483,1.0570845536493052,1.0,1.0570845536493052,451,0.7898423817863398,1.0,1
"iteration_2","SCOPE_DATA_COLLECTION",100,28,1750.0,1810.0,2,352,490,151,362,553,162,352,486,148,0,1,0,0.0,0.002053388090349076,0.0,0.35031186690406524,1.060472316131212,2.052338331294751,0.7006237338081305,1.060472316131212,1.3682255541965007,0.0,0.7880658436213992,1.0,40.0,100.0,993,0,0,1,0,0,0.0010070493454179255,0.0,0.0,0.05,0.2,0.2,0.1,90.0,80.0,70.0,0.55,0.30000000000000004,0.7000000000000001,0.6000000000000001,55.0,85.0,50.0,155,155,0,155,0.0,2.079399600135786,1.5,1.386266400090524,155,1.0,1.0,1
"iteration_2","SCOPE_DATA_COLLECTION",100,29,1810.0,1870.0,0,377,572,155,352,490,151,376,570,157,0,1,0,0.0,0.0017513134851138354,0.0,0.350354583585333,1.0567599618519767,2.083189948793242,0.700709167170666,1.0567599618519767,1.3887932991954948,0.0,0.787719298245614,1.0,40.0,100.0,1104,0,0,1,0,0,9.057971014492754E-4,0.0,0.0,0.55,0.30000000000000004,0.7000000000000001,0.6000000000000001,55.0,85.0,50.0,0.30000000000000004,0.9,0.1,0.4,90.0,70.0,70.0,366,366,0,366,0.0,0.3534274386286882,0.5,0.7068548772573764,0,0.0,1.0,1
"iteration_2","SCOPE_DATA_COLLECTION",100,29,1810.0,1870.0,1,377,572,155,352,490,151,376,570,157,0,1,0,0.0,0.0017513134851138354,0.0,0.350354583585333,1.0567599618519767,2.083189948793242,0.700709167170666,1.0567599618519767,1.3887932991954948,0.0,0.787719298245614,1.0,40.0,100.0,1104,0,0,1,0,0,9.057971014492754E-4,0.0,0.0,0.55,0.30000000000000004,0.7000000000000001,0.6000000000000001,55.0,85.0,50.0,0.30000000000000004,0.9,0.1,0.4,90.0,70.0,70.0,554,554,0,554,0.0,1.0574683563792453,1.0,1.0574683563792453,438,0.7906137184115524,1.0,1
"iteration_2","SCOPE_DATA_COLLECTION",100,29,1810.0,1870.0,2,377,572,155,352,490,151,376,570,157,0,1,0,0.0,0.0017513134851138354,0.0,0.350354583585333,1.0567599618519767,2.083189948793242,0.700709167170666,1.0567599618519767,1.3887932991954948,0.0,0.787719298245614,1.0,40.0,100.0,1104,0,0,1,0,0,9.057971014492754E-4,0.0,0.0,0.55,0.30000000000000004,0.7000000000000001,0.6000000000000001,55.0,85.0,50.0,0.30000000000000004,0.9,0.1,0.4,90.0,70.0,70.0,155,155,0,155,0.0,2.0468903399654956,1.5,1.3645935599769972,155,1.0,1.0,1
"iteration_2","SCOPE_DATA_COLLECTION",100,30,1870.0,1930.0,0,366,554,155,377,572,155,366,555,155,0,0,0,0.0,0.0,0.0,0.35340443046119807,1.0582429737593744,2.043575272192236,0.7068088609223961,1.0582429737593744,1.362383514794824,0.0,0.7927927927927928,1.0,35.0,100.0,1075,0,0,0,0,0,0.0,0.0,0.0,0.30000000000000004,0.9,0.1,0.4,90.0,70.0,70.0,0.6000000000000001,0.7000000000000001,0.30000000000000004,0.4,25.0,55.0,70.0,329,329,0,329,0.0,0.3505457254344011,0.5,0.7010914508688022,0,0.0,1.0,1
"iteration_2","SCOPE_DATA_COLLECTION",100,30,1870.0,1930.0,1,366,554,155,377,572,155,366,555,155,0,0,0,0.0,0.0,0.0,0.35340443046119807,1.0582429737593744,2.043575272192236,0.7068088609223961,1.0582429737593744,1.362383514794824,0.0,0.7927927927927928,1.0,35.0,100.0,1075,0,0,0,0,0,0.0,0.0,0.0,0.30000000000000004,0.9,0.1,0.4,90.0,70.0,70.0,0.6000000000000001,0.7000000000000001,0.30000000000000004,0.4,25.0,55.0,70.0,544,544,0,544,0.0,1.061828031148705,1.0,1.061828031148705,435,0.7996323529411765,1.0,1
"iteration_2","SCOPE_DATA_COLLECTION",100,30,1870.0,1930.0,2,366,554,155,377,572,155,366,555,155,0,0,0,0.0,0.0,0.0,0.35340443046119807,1.0582429737593744,2.043575272192236,0.7068088609223961,1.0582429737593744,1.362383514794824,0.0,0.7927927927927928,1.0,35.0,100.0,1075,0,0,0,0,0,0.0,0.0,0.0,0.30000000000000004,0.9,0.1,0.4,90.0,70.0,70.0,0.6000000000000001,0.7000000000000001,0.30000000000000004,0.4,25.0,55.0,70.0,135,135,0,135,0.0,2.0517735348060375,1.5,1.367849023204025,135,1.0,1.0,1
"iteration_2","SCOPE_DATA_COLLECTION",100,31,1930.0,1990.0,0,329,544,135,366,554,155,330,547,133,0,0,0,0.0,0.0,0.0,0.3505354648325086,1.061650507040165,2.0516486314605653,0.7010709296650172,1.061650507040165,1.3677657543070436,0.0,0.7989031078610603,1.0,30.0,100.0,1008,0,0,0,0,0,0.0,0.0,0.0,0.6000000000000001,0.7000000000000001,0.30000000000000004,0.4,25.0,55.0,70.0,0.7000000000000001,0.7000000000000001,0.4,0.5,35.0,55.0,70.0,405,405,0,405,0.0,0.3486395536427726,0.5,0.6972791072855452,0,0.0,1.0,1
"iteration_2","SCOPE_DATA_COLLECTION",100,31,1930.0,1990.0,1,329,544,135,366,554,155,330,547,133,0,0,0,0.0,0.0,0.0,0.3505354648325086,1.061650507040165,2.0516486314605653,0.7010709296650172,1.061650507040165,1.3677657543070436,0.0,0.7989031078610603,1.0,30.0,100.0,1008,0,0,0,0,0,0.0,0.0,0.0,0.6000000000000001,0.7000000000000001,0.30000000000000004,0.4,25.0,55.0,70.0,0.7000000000000001,0.7000000000000001,0.4,0.5,35.0,55.0,70.0,553,552,1,553,0.0018083182640144665,1.0568119340054085,1.0,1.0568119340054085,433,0.7844202898550725,1.0,1
"iteration_2","SCOPE_DATA_COLLECTION",100,31,1930.0,1990.0,2,329,544,135,366,554,155,330,547,133,0,0,0,0.0,0.0,0.0,0.3505354648325086,1.061650507040165,2.0516486314605653,0.7010709296650172,1.061650507040165,1.3677657543070436,0.0,0.7989031078610603,1.0,30.0,100.0,1008,0,0,0,0,0,0.0,0.0,0.0,0.6000000000000001,0.7000000000000001,0.30000000000000004,0.4,25.0,55.0,70.0,0.7000000000000001,0.7000000000000001,0.4,0.5,35.0,55.0,70.0,164,164,0,164,0.0,2.065234114265113,1.5,1.3768227428434088,164,1.0,1.0,1
"iteration_2","SCOPE_DATA_COLLECTION",100,32,1990.0,2050.0,0,405,553,164,329,544,135,402,550,166,0,1,0,0.0,0.0018148820326678765,0.0,0.34863859479159104,1.0560740065421048,2.06641425846654,0.6972771895831821,1.0560740065421048,1.37760950564436,0.0,0.7818181818181819,1.0,37.5,100.0,1122,0,0,1,0,0,8.9126559714795E-4,0.0,0.0,0.7000000000000001,0.7000000000000001,0.4,0.5,35.0,55.0,70.0,0.4,0.4,0.1,0.5,95.0,60.0,20.0,314,314,0,314,0.0,0.35174880976027145,0.5,0.7034976195205429,0,0.0,1.0,1
"iteration_2","SCOPE_DATA_COLLECTION",100,32,1990.0,2050.0,1,405,553,164,329,544,135,402,550,166,0,1,0,0.0,0.0018148820326678765,0.0,0.34863859479159104,1.0560740065421048,2.06641425846654,0.6972771895831821,1.0560740065421048,1.37760950564436,0.0,0.7818181818181819,1.0,37.5,100.0,1122,0,0,1,0,0,8.9126559714795E-4,0.0,0.0,0.7000000000000001,0.7000000000000001,0.4,0.5,35.0,55.0,70.0,0.4,0.4,0.1,0.5,95.0,60.0,20.0,549,549,0,549,0.0,1.0580346366759754,1.0,1.0580346366759754,442,0.8051001821493625,1.0,1
"iteration_2","SCOPE_DATA_COLLECTION",100,32,1990.0,2050.0,2,405,553,164,329,544,135,402,550,166,0,1,0,0.0,0.0018148820326678765,0.0,0.34863859479159104,1.0560740065421048,2.06641425846654,0.6972771895831821,1.0560740065421048,1.37760950564436,0.0,0.7818181818181819,1.0,37.5,100.0,1122,0,0,1,0,0,8.9126559714795E-4,0.0,0.0,0.7000000000000001,0.7000000000000001,0.4,0.5,35.0,55.0,70.0,0.4,0.4,0.1,0.5,95.0,60.0,20.0,165,165,0,165,0.0,2.053617225075142,1.5,1.3690781500500948,165,1.0,1.0,1
"iteration_2","SCOPE_DATA_COLLECTION",100,33,2050.0,2110.0,0,314,549,165,405,553,164,315,549,161,0,0,0,0.0,0.0,0.0,0.35154576384966635,1.0595427829267152,2.0547503130545373,0.7030915276993327,1.0595427829267152,1.369833542036358,0.0,0.8105646630236795,1.0,42.5,100.0,1028,0,0,0,0,0,0.0,0.0,0.0,0.4,0.4,0.1,0.5,95.0,60.0,20.0,0.30000000000000004,0.4,0.1,0.6000000000000001,85.0,60.0,30.0,340,340,0,340,0.0,0.35411708770088274,0.5,0.7082341754017655,0,0.0,1.0,1
"iteration_2","SCOPE_DATA_COLLECTION",100,33,2050.0,2110.0,1,314,549,165,405,553,164,315,549,161,0,0,0,0.0,0.0,0.0,0.35154576384966635,1.0595427829267152,2.0547503130545373,0.7030915276993327,1.0595427829267152,1.369833542036358,0.0,0.8105646630236795,1.0,42.5,100.0,1028,0,0,0,0,0,0.0,0.0,0.0,0.4,0.4,0.1,0.5,95.0,60.0,20.0,0.30000000000000004,0.4,0.1,0.6000000000000001,85.0,60.0,30.0,619,618,1,619,0.0016155088852988692,1.0616445035056856,1.0,1.0616445035056856,493,0.7977346278317152,1.0,1
"iteration_2","SCOPE_DATA_COLLECTION",100,33,2050.0,2110.0,2,314,549,165,405,553,164,315,549,161,0,0,0,0.0,0.0,0.0,0.35154576384966635,1.0595427829267152,2.0547503130545373,0.7030915276993327,1.0595427829267152,1.369833542036358,0.0,0.8105646630236795,1.0,42.5,100.0,1028,0,0,0,0,0,0.0,0.0,0.0,0.4,0.4,0.1,0.5,95.0,60.0,20.0,0.30000000000000004,0.4,0.1,0.6000000000000001,85.0,60.0,30.0,149,148,1,149,0.006711409395973154,2.0687244167704217,1.5,1.3791496111802812,148,1.0,1.0,1
"iteration_2","SCOPE_DATA_COLLECTION",100,34,2110.0,2170.0,0,340,619,149,314,549,165,343,618,151,0,1,1,0.0,0.0016155088852988692,0.006578947368421052,0.3542095163334602,1.0606049040894183,2.0644466547987155,0.7084190326669204,1.0606049040894183,1.3762977698658103,0.0,0.7944983818770227,1.0,32.5,100.0,1108,0,0,2,0,0,0.0018050541516245488,0.0,0.0,0.30000000000000004,0.4,0.1,0.6000000000000001,85.0,60.0,30.0,0.30000000000000004,0.4,0.1,0.6000000000000001,85.0,60.0,30.0,322,322,0,322,0.0,0.3506673162898907,0.5,0.7013346325797813,0,0.0,1.0,1
"iteration_2","SCOPE_DATA_COLLECTION",100,34,2110.0,2170.0,1,340,619,149,314,549,165,343,618,151,0,1,1,0.0,0.0016155088852988692,0.006578947368421052,0.3542095163334602,1.0606049040894183,2.0644466547987155,0.7084190326669204,1.0606049040894183,1.3762977698658103,0.0,0.7944983818770227,1.0,32.5,100.0,1108,0,0,2,0,0,0.0018050541516245488,0.0,0.0,0.30000000000000004,0.4,0.1,0.6000000000000001,85.0,60.0,30.0,0.30000000000000004,0.4,0.1,0.6000000000000001,85.0,60.0,30.0,538,537,1,538,0.0018587360594795538,1.0599948117338072,1.0,1.0599948117338072,418,0.7783985102420856,1.0,1
"iteration_2","SCOPE_DATA_COLLECTION",100,34,2110.0,2170.0,2,340,619,149,314,549,165,343,618,151,0,1,1,0.0,0.0016155088852988692,0.006578947368421052,0.3542095163334602,1.0606049040894183,2.0644466547987155,0.7084190326669204,1.0606049040894183,1.3762977698658103,0.0,0.7944983818770227,1.0,32.5,100.0,1108,0,0,2,0,0,0.0018050541516245488,0.0,0.0,0.30000000000000004,0.4,0.1,0.6000000000000001,85.0,60.0,30.0,0.30000000000000004,0.4,0.1,0.6000000000000001,85.0,60.0,30.0,136,136,0,136,0.0,2.0795463630644035,1.5,1.3863642420429356,136,1.0,1.0,1
"iteration_2","SCOPE_DATA_COLLECTION",100,35,2170.0,2230.0,0,322,538,136,340,619,149,317,535,135,0,1,0,0.0,0.0018656716417910447,0.0,0.3506889806915691,1.0599747761285054,2.079751650241431,0.7013779613831382,1.0599747761285054,1.386501100160954,0.0,0.7775700934579439,1.0,50.0,100.0,996,0,0,1,0,0,0.001004016064257028,0.0,0.0,0.30000000000000004,0.4,0.1,0.6000000000000001,85.0,60.0,30.0,0.35000000000000003,0.8,0.1,0.4,55.0,85.0,50.0,352,352,0,352,0.0,0.3558583892372527,0.5,0.7117167784745054,1,0.002840909090909091,1.0,1
"iteration_2","SCOPE_DATA_COLLECTION",100,35,2170.0,2230.0,1,322,538,136,340,619,149,317,535,135,0,1,0,0.0,0.0018656716417910447,0.0,0.3506889806915691,1.0599747761285054,2.079751650241431,0.7013779613831382,1.0599747761285054,1.386501100160954,0.0,0.7775700934579439,1.0,50.0,100.0,996,0,0,1,0,0,0.001004016064257028,0.0,0.0,0.30000000000000004,0.4,0.1,0.6000000000000001,85.0,60.0,30.0,0.35000000000000003,0.8,0.1,0.4,55.0,85.0,50.0,558,558,0,558,0.0,1.054856658456919,1.0,1.054856658456919,440,0.7885304659498208,1.0,1
"iteration_2","SCOPE_DATA_COLLECTION",100,35,2170.0,2230.0,2,322,538,136,340,619,149,317,535,135,0,1,0,0.0,0.0018656716417910447,0.0,0.3506889806915691,1.0599747761285054,2.079751650241431,0.7013779613831382,1.0599747761285054,1.386501100160954,0.0,0.7775700934579439,1.0,50.0,100.0,996,0,0,1,0,0,0.001004016064257028,0.0,0.0,0.30000000000000004,0.4,0.1,0.6000000000000001,85.0,60.0,30.0,0.35000000000000003,0.8,0.1,0.4,55.0,85.0,50.0,150,150,0,150,0.0,2.065187474357293,1.5,1.3767916495715287,150,1.0,1.0,1
"iteration_2","SCOPE_DATA_COLLECTION",100,36,2230.0,2290.0,0,352,558,150,322,538,136,356,561,143,0,0,0,0.0,0.0,0.0,0.3557700903387181,1.0547388027462796,2.058590544719877,0.7115401806774362,1.0547388027462796,1.372393696479918,0.0028089887640449437,0.7878787878787878,1.0,52.5,100.0,1060,0,0,0,0,0,0.0,0.0,0.0,0.35000000000000003,0.8,0.1,0.4,55.0,85.0,50.0,0.35000000000000003,0.9,0.1,0.30000000000000004,55.0,95.0,40.0,367,367,0,367,0.0,0.3528360968589306,0.5,0.7056721937178612,0,0.0,1.0,1
"iteration_2","SCOPE_DATA_COLLECTION",100,36,2230.0,2290.0,1,352,558,150,322,538,136,356,561,143,0,0,0,0.0,0.0,0.0,0.3557700903387181,1.0547388027462796,2.058590544719877,0.7115401806774362,1.0547388027462796,1.372393696479918,0.0028089887640449437,0.7878787878787878,1.0,52.5,100.0,1060,0,0,0,0,0,0.0,0.0,0.0,0.35000000000000003,0.8,0.1,0.4,55.0,85.0,50.0,0.35000000000000003,0.9,0.1,0.30000000000000004,55.0,95.0,40.0,517,517,0,517,0.0,1.055953957258943,1.0,1.055953957258943,404,0.781431334622824,1.0,1
"iteration_2","SCOPE_DATA_COLLECTION",100,36,2230.0,2290.0,2,352,558,150,322,538,136,356,561,143,0,0,0,0.0,0.0,0.0,0.3557700903387181,1.0547388027462796,2.058590544719877,0.7115401806774362,1.0547388027462796,1.372393696479918,0.0028089887640449437,0.7878787878787878,1.0,52.5,100.0,1060,0,0,0,0,0,0.0,0.0,0.0,0.35000000000000003,0.8,0.1,0.4,55.0,85.0,50.0,0.35000000000000003,0.9,0.1,0.30000000000000004,55.0,95.0,40.0,139,139,0,139,0.0,2.052188476061415,1.5,1.3681256507076098,139,1.0,1.0,1
"iteration_2","SCOPE_DATA_COLLECTION",100,37,2290.0,2350.0,0,367,517,139,352,558,150,367,514,148,0,0,0,0.0,0.0,0.0,0.3527792018921801,1.0561449306328947,2.061193113170853,0.7055584037843602,1.0561449306328947,1.374128742113902,0.0,0.7801556420233463,1.0,37.5,100.0,1023,0,0,0,0,0,0.0,0.0,0.0,0.35000000000000003,0.9,0.1,0.30000000000000004,55.0,95.0,40.0,0.35000000000000003,0.8,0.2,0.2,55.0,95.0,50.0,385,385,0,385,0.0,0.3513321838883748,0.5,0.7026643677767496,0,0.0,1.0,1
"iteration_2","SCOPE_DATA_COLLECTION",100,37,2290.0,2350.0,1,367,517,139,352,558,150,367,514,148,0,0,0,0.0,0.0,0.0,0.3527792018921801,1.0561449306328947,2.061193113170853,0.7055584037843602,1.0561449306328947,1.374128742113902,0.0,0.7801556420233463,1.0,37.5,100.0,1023,0,0,0,0,0,0.0,0.0,0.0,0.35000000000000003,0.9,0.1,0.30000000000000004,55.0,95.0,40.0,0.35000000000000003,0.8,0.2,0.2,55.0,95.0,50.0,552,552,0,552,0.0,1.0616567047036682,1.0,1.0616567047036682,445,0.8061594202898551,1.0,1
"iteration_2","SCOPE_DATA_COLLECTION",100,37,2290.0,2350.0,2,367,517,139,352,558,150,367,514,148,0,0,0,0.0,0.0,0.0,0.3527792018921801,1.0561449306328947,2.061193113170853,0.7055584037843602,1.0561449306328947,1.374128742113902,0.0,0.7801556420233463,1.0,37.5,100.0,1023,0,0,0,0,0,0.0,0.0,0.0,0.35000000000000003,0.9,0.1,0.30000000000000004,55.0,95.0,40.0,0.35000000000000003,0.8,0.2,0.2,55.0,95.0,50.0,155,154,1,155,0.0064516129032258064,2.076695086052995,1.5,1.3844633907019965,154,1.0,1.0,1
"iteration_2","SCOPE_DATA_COLLECTION",100,38,2350.0,2410.0,0,385,552,155,367,517,139,378,554,151,0,0,1,0.0,0.0,0.006578947368421052,0.3511491564279572,1.061807039549629,2.0723563368248974,0.7022983128559144,1.061807039549629,1.3815708912165983,0.0,0.8086642599277978,1.0,55.0,100.0,1092,0,0,1,0,0,9.157509157509158E-4,0.0,0.0,0.35000000000000003,0.8,0.2,0.2,55.0,95.0,50.0,0.35000000000000003,0.8,0.2,0.2,55.0,95.0,50.0,354,354,0,354,0.0,0.35173573692807975,0.5,0.7034714738561595,0,0.0,1.0,1
"iteration_2","SCOPE_DATA_COLLECTION",100,38,2350.0,2410.0,1,385,552,155,367,517,139,378,554,151,0,0,1,0.0,0.0,0.006578947368421052,0.3511491564279572,1.061807039549629,2.0723563368248974,0.7022983128559144,1.061807039549629,1.3815708912165983,0.0,0.8086642599277978,1.0,55.0,100.0,1092,0,0,1,0,0,9.157509157509158E-4,0.0,0.0,0.35000000000000003,0.8,0.2,0.2,55.0,95.0,50.0,0.35000000000000003,0.8,0.2,0.2,55.0,95.0,50.0,572,571,1,572,0.0017482517482517483,1.0535668229088717,1.0,1.0535668229088717,430,0.7530647985989493,1.0,1
"iteration_2","SCOPE_DATA_COLLECTION",100,38,2350.0,2410.0,2,385,552,155,367,517,139,378,554,151,0,0,1,0.0,0.0,0.006578947368421052,0.3511491564279572,1.061807039549629,2.0723563368248974,0.7022983128559144,1.061807039549629,1.3815708912165983,0.0,0.8086642599277978,1.0,55.0,100.0,1092,0,0,1,0,0,9.157509157509158E-4,0.0,0.0,0.35000000000000003,0.8,0.2,0.2,55.0,95.0,50.0,0.35000000000000003,0.8,0.2,0.2,55.0,95.0,50.0,150,150,0,150,0.0,2.052217611067323,1.5,1.3681450740448822,150,1.0,1.0,1
"iteration_2","SCOPE_DATA_COLLECTION",100,39,2410.0,2470.0,0,354,572,150,385,552,155,361,572,145,0,1,0,0.0,0.0017452006980802793,0.0,0.35192965150230815,1.0536190585386134,2.057789613215554,0.7038593030046163,1.0536190585386134,1.3718597421437027,0.0,0.7534965034965035,1.0,50.0,100.0,1076,0,0,1,0,0,9.293680297397769E-4,0.0,0.0,0.35000000000000003,0.8,0.2,0.2,55.0,95.0,50.0,0.35000000000000003,0.8,0.2,0.2,55.0,95.0,50.0,365,365,0,365,0.0,0.35273295475247707,0.5,0.7054659095049541,0,0.0,1.0,1
"iteration_2","SCOPE_DATA_COLLECTION",100,39,2410.0,2470.0,1,354,572,150,385,552,155,361,572,145,0,1,0,0.0,0.0017452006980802793,0.0,0.35192965150230815,1.0536190585386134,2.057789613215554,0.7038593030046163,1.0536190585386134,1.3718597421437027,0.0,0.7534965034965035,1.0,50.0,100.0,1076,0,0,1,0,0,9.293680297397769E-4,0.0,0.0,0.35000000000000003,0.8,0.2,0.2,55.0,95.0,50.0,0.35000000000000003,0.8,0.2,0.2,55.0,95.0,50.0,566,566,0,566,0.0,1.056390409324323,1.0,1.056390409324323,453,0.8003533568904594,1.0,1
"iteration_2","SCOPE_DATA_COLLECTION",100,39,2410.0,2470.0,2,354,572,150,385,552,155,361,572,145,0,1,0,0.0,0.0017452006980802793,0.0,0.35192965150230815,1.0536190585386134,2.057789613215554,0.7038593030046163,1.0536190585386134,1.3718597421437027,0.0,0.7534965034965035,1.0,50.0,100.0,1076,0,0,1,0,0,9.293680297397769E-4,0.0,0.0,0.35000000000000003,0.8,0.2,0.2,55.0,95.0,50.0,0.35000000000000003,0.8,0.2,0.2,55.0,95.0,50.0,165,164,1,165,0.006060606060606061,2.069343183556922,1.5,1.3795621223712813,164,1.0,1.0,1
"iteration_2","SCOPE_DATA_COLLECTION",100,40,2470.0,2530.0,0,365,566,165,354,572,150,363,565,170,0,0,1,0.0,0.0,0.005847953216374269,0.35294265874614017,1.0562024432651433,2.0675245436562553,0.7058853174922803,1.0562024432651433,1.3783496957708368,0.0,0.7982300884955752,1.0,37.5,100.0,1096,0,0,1,0,0,9.124087591240876E-4,0.0,0.0,0.35000000000000003,0.8,0.2,0.2,55.0,95.0,50.0,0.25,0.8,0.1,0.30000000000000004,65.0,95.0,40.0,332,331,1,332,0.0030120481927710845,0.34875689866420656,0.5,0.6975137973284131,0,0.0,1.0,1
"iteration_2","SCOPE_DATA_COLLECTION",100,40,2470.0,2530.0,1,365,566,165,354,572,150,363,565,170,0,0,1,0.0,0.0,0.005847953216374269,0.35294265874614017,1.0562024432651433,2.0675245436562553,0.7058853174922803,1.0562024432651433,1.3783496957708368,0.0,0.7982300884955752,1.0,37.5,100.0,1096,0,0,1,0,0,9.124087591240876E-4,0.0,0.0,0.35000000000000003,0.8,0.2,0.2,55.0,95.0,50.0,0.25,0.8,0.1,0.30000000000000004,65.0,95.0,40.0,548,547,1,548,0.0018248175182481751,1.0571919640180951,1.0,1.0571919640180951,438,0.8007312614259597,1.0,1
"iteration_2","SCOPE_DATA_COLLECTION",100,40,2470.0,2530.0,2,365,566,165,354,572,150,363,565,170,0,0,1,0.0,0.0,0.005847953216374269,0.35294265874614017,1.0562024432651433,2.0675245436562553,0.7058853174922803,1.0562024432651433,1.3783496957708368,0.0,0.7982300884955752,1.0,37.5,100.0,1096,0,0,1,0,0,9.124087591240876E-4,0.0,0.0,0.35000000000000003,0.8,0.2,0.2,55.0,95.0,50.0,0.25,0.8,0.1,0.30000000000000004,65.0,95.0,40.0,133,133,0,133,0.0,2.0693212533213883,1.5,1.379547502214259,133,1.0,1.0,1
"iteration_2","SCOPE_DATA_COLLECTION",100,41,2530.0,2590.0,0,332,548,133,365,566,165,329,544,136,1,1,0,0.0030303030303030303,0.001834862385321101,0.0,0.3487650707476437,1.0571219619952994,2.0680966478328173,0.6975301414952874,1.0571219619952994,1.3787310985552115,0.0,0.7977941176470589,1.0,45.0,100.0,1013,0,0,2,0,0,0.0019743336623889436,0.0,0.0,0.25,0.8,0.1,0.30000000000000004,65.0,95.0,40.0,0.15000000000000002,0.8,0.1,0.2,55.0,95.0,50.0,389,389,0,389,0.0,0.3485459864438061,0.5,0.6970919728876122,0,0.0,1.0,1
"iteration_2","SCOPE_DATA_COLLECTION",100,41,2530.0,2590.0,1,332,548,133,365,566,165,329,544,136,1,1,0,0.0030303030303030303,0.001834862385321101,0.0,0.3487650707476437,1.0571219619952994,2.0680966478328173,0.6975301414952874,1.0571219619952994,1.3787310985552115,0.0,0.7977941176470589,1.0,45.0,100.0,1013,0,0,2,0,0,0.0019743336623889436,0.0,0.0,0.25,0.8,0.1,0.30000000000000004,65.0,95.0,40.0,0.15000000000000002,0.8,0.1,0.2,55.0,95.0,50.0,498,498,0,498,0.0,1.057510045945246,1.0,1.057510045945246,392,0.7871485943775101,1.0,1
"iteration_2","SCOPE_DATA_COLLECTION",100,41,2530.0,2590.0,2,332,548,133,365,566,165,329,544,136,1,1,0,0.0030303030303030303,0.001834862385321101,0.0,0.3487650707476437,1.0571219619952994,2.0680966478328173,0.6975301414952874,1.0571219619952994,1.3787310985552115,0.0,0.7977941176470589,1.0,45.0,100.0,1013,0,0,2,0,0,0.0019743336623889436,0.0,0.0,0.25,0.8,0.1,0.30000000000000004,65.0,95.0,40.0,0.15000000000000002,0.8,0.1,0.2,55.0,95.0,50.0,118,118,0,118,0.0,2.0560924509114726,1.5,1.3707283006076485,118,1.0,1.0,1
"iteration_2","SCOPE_DATA_COLLECTION",100,42,2590.0,2650.0,0,389,498,118,332,548,133,391,506,117,0,0,0,0.0,0.0,0.0,0.3483926978847077,1.0575618993389386,2.0584015509198834,0.6967853957694154,1.0575618993389386,1.3722677006132555,0.0,0.7905138339920948,1.0,20.0,100.0,1005,0,0,0,0,0,0.0,0.0,0.0,0.15000000000000002,0.8,0.1,0.2,55.0,95.0,50.0,0.8500000000000001,0.9,0.9,0.7000000000000001,95.0,20.0,95.0,356,356,0,356,0.0,0.3516145103705047,0.5,0.7032290207410093,0,0.0,1.0,1
"iteration_2","SCOPE_DATA_COLLECTION",100,42,2590.0,2650.0,1,389,498,118,332,548,133,391,506,117,0,0,0,0.0,0.0,0.0,0.3483926978847077,1.0575618993389386,2.0584015509198834,0.6967853957694154,1.0575618993389386,1.3722677006132555,0.0,0.7905138339920948,1.0,20.0,100.0,1005,0,0,0,0,0,0.0,0.0,0.0,0.15000000000000002,0.8,0.1,0.2,55.0,95.0,50.0,0.8500000000000001,0.9,0.9,0.7000000000000001,95.0,20.0,95.0,554,553,1,554,0.0018050541516245488,1.064429451859051,1.0,1.064429451859051,456,0.8245931283905967,1.0,1
"iteration_2","SCOPE_DATA_COLLECTION",100,42,2590.0,2650.0,2,389,498,118,332,548,133,391,506,117,0,0,0,0.0,0.0,0.0,0.3483926978847077,1.0575618993389386,2.0584015509198834,0.6967853957694154,1.0575618993389386,1.3722677006132555,0.0,0.7905138339920948,1.0,20.0,100.0,1005,0,0,0,0,0,0.0,0.0,0.0,0.15000000000000002,0.8,0.1,0.2,55.0,95.0,50.0,0.8500000000000001,0.9,0.9,0.7000000000000001,95.0,20.0,95.0,138,138,0,138,0.0,2.071443738379998,1.5,1.380962492253332,138,1.0,1.0,1
"iteration_2","SCOPE_DATA_COLLECTION",100,43,2650.0,2710.0,0,356,554,138,389,498,118,354,549,135,0,1,0,0.0,0.0018181818181818182,0.0,0.35195248605186913,1.063905977000814,2.0696215825795528,0.7039049721037383,1.063905977000814,1.3797477217197018,0.0,0.8233151183970856,1.0,45.0,100.0,1048,0,0,1,0,0,9.541984732824427E-4,0.0,0.0,0.8500000000000001,0.9,0.9,0.7000000000000001,95.0,20.0,95.0,0.9500000000000001,0.8,0.8,0.6000000000000001,85.0,30.0,95.0,382,382,0,382,0.0,0.3520561119725784,0.5,0.7041122239451568,0,0.0,1.0,1
"iteration_2","SCOPE_DATA_COLLECTION",100,43,2650.0,2710.0,1,356,554,138,389,498,118,354,549,135,0,1,0,0.0,0.0018181818181818182,0.0,0.35195248605186913,1.063905977000814,2.0696215825795528,0.7039049721037383,1.063905977000814,1.3797477217197018,0.0,0.8233151183970856,1.0,45.0,100.0,1048,0,0,1,0,0,9.541984732824427E-4,0.0,0.0,0.8500000000000001,0.9,0.9,0.7000000000000001,95.0,20.0,95.0,0.9500000000000001,0.8,0.8,0.6000000000000001,85.0,30.0,95.0,521,521,0,521,0.0,1.0591345731394541,1.0,1.0591345731394541,414,0.7946257197696737,1.0,1
"iteration_2","SCOPE_DATA_COLLECTION",100,43,2650.0,2710.0,2,356,554,138,389,498,118,354,549,135,0,1,0,0.0,0.0018181818181818182,0.0,0.35195248605186913,1.063905977000814,2.0696215825795528,0.7039049721037383,1.063905977000814,1.3797477217197018,0.0,0.8233151183970856,1.0,45.0,100.0,1048,0,0,1,0,0,9.541984732824427E-4,0.0,0.0,0.8500000000000001,0.9,0.9,0.7000000000000001,95.0,20.0,95.0,0.9500000000000001,0.8,0.8,0.6000000000000001,85.0,30.0,95.0,151,151,0,151,0.0,2.0696723832553583,1.5,1.3797815888369056,151,1.0,1.0,1
"iteration_2","SCOPE_DATA_COLLECTION",100,44,2710.0,2770.0,0,382,521,151,356,554,138,382,521,146,0,0,0,0.0,0.0,0.0,0.3516417811261039,1.0594526272704672,2.0714846933427884,0.7032835622522078,1.0594526272704672,1.3809897955618589,0.0,0.7946257197696737,1.0,57.5,100.0,1054,0,0,0,0,0,0.0,0.0,0.0,0.9500000000000001,0.8,0.8,0.6000000000000001,85.0,30.0,95.0,0.05,0.30000000000000004,0.5,0.2,85.0,70.0,50.0,390,390,0,390,0.0,0.34683383618839564,0.5,0.6936676723767913,0,0.0,1.0,1
"iteration_2","SCOPE_DATA_COLLECTION",100,44,2710.0,2770.0,1,382,521,151,356,554,138,382,521,146,0,0,0,0.0,0.0,0.0,0.3516417811261039,1.0594526272704672,2.0714846933427884,0.7032835622522078,1.0594526272704672,1.3809897955618589,0.0,0.7946257197696737,1.0,57.5,100.0,1054,0,0,0,0,0,0.0,0.0,0.0,0.9500000000000001,0.8,0.8,0.6000000000000001,85.0,30.0,95.0,0.05,0.30000000000000004,0.5,0.2,85.0,70.0,50.0,560,559,1,560,0.0017857142857142857,1.0574665031218193,1.0,1.0574665031218193,431,0.7710196779964222,1.0,1
"iteration_2","SCOPE_DATA_COLLECTION",100,44,2710.0,2770.0,2,382,521,151,356,554,138,382,521,146,0,0,0,0.0,0.0,0.0,0.3516417811261039,1.0594526272704672,2.0714846933427884,0.7032835622522078,1.0594526272704672,1.3809897955618589,0.0,0.7946257197696737,1.0,57.5,100.0,1054,0,0,0,0,0,0.0,0.0,0.0,0.9500000000000001,0.8,0.8,0.6000000000000001,85.0,30.0,95.0,0.05,0.30000000000000004,0.5,0.2,85.0,70.0,50.0,153,153,0,153,0.0,2.0744951887718166,1.5,1.3829967925145443,153,1.0,1.0,1
"iteration_2","SCOPE_DATA_COLLECTION",100,45,2770.0,2830.0,0,390,560,153,382,521,151,394,557,156,0,1,0,0.0,0.0017921146953405018,0.0,0.3470551299735366,1.0581932415993083,2.0699340956538674,0.6941102599470732,1.0581932415993083,1.379956063769245,0.0,0.7737881508078994,1.0,47.5,100.0,1103,0,0,1,0,0,9.066183136899365E-4,0.0,0.0,0.05,0.30000000000000004,0.5,0.2,85.0,70.0,50.0,0.05,0.30000000000000004,0.5,0.2,85.0,70.0,40.0,362,362,0,362,0.0,0.3518933100378317,0.5,0.7037866200756634,0,0.0,1.0,1
"iteration_2","SCOPE_DATA_COLLECTION",100,45,2770.0,2830.0,1,390,560,153,382,521,151,394,557,156,0,1,0,0.0,0.0017921146953405018,0.0,0.3470551299735366,1.0581932415993083,2.0699340956538674,0.6941102599470732,1.0581932415993083,1.379956063769245,0.0,0.7737881508078994,1.0,47.5,100.0,1103,0,0,1,0,0,9.066183136899365E-4,0.0,0.0,0.05,0.30000000000000004,0.5,0.2,85.0,70.0,50.0,0.05,0.30000000000000004,0.5,0.2,85.0,70.0,40.0,572,572,0,572,0.0,1.055911208304843,1.0,1.055911208304843,436,0.7622377622377622,1.0,1
"iteration_2","SCOPE_DATA_COLLECTION",100,45,2770.0,2830.0,2,390,560,153,382,521,151,394,557,156,0,1,0,0.0,0.0017921146953405018,0.0,0.3470551299735366,1.0581932415993083,2.0699340956538674,0.6941102599470732,1.0581932415993083,1.379956063769245,0.0,0.7737881508078994,1.0,47.5,100.0,1103,0,0,1,0,0,9.066183136899365E-4,0.0,0.0,0.05,0.30000000000000004,0.5,0.2,85.0,70.0,50.0,0.05,0.30000000000000004,0.5,0.2,85.0,70.0,40.0,130,129,1,130,0.007692307692307693,2.0581609480866043,1.5,1.372107298724403,129,1.0,1.0,1
"iteration_2","SCOPE_DATA_COLLECTION",100,46,2830.0,2890.0,0,362,572,130,390,560,153,361,571,132,0,0,1,0.0,0.0,0.007518796992481203,0.35188846630970505,1.05519787433626,2.0606542119543017,0.7037769326194101,1.05519787433626,1.373769474636201,0.0,0.7583187390542907,1.0,42.5,100.0,1064,0,0,1,0,0,9.398496240601503E-4,0.0,0.0,0.05,0.30000000000000004,0.5,0.2,85.0,70.0,40.0,0.8500000000000001,0.7000000000000001,0.1,0.5,50.0,25.0,85.0,338,338,0,338,0.0,0.352767130397789,0.5,0.705534260795578,0,0.0,1.0,1
"iteration_2","SCOPE_DATA_COLLECTION",100,46,2830.0,2890.0,1,362,572,130,390,560,153,361,571,132,0,0,1,0.0,0.0,0.007518796992481203,0.35188846630970505,1.05519787433626,2.0606542119543017,0.7037769326194101,1.05519787433626,1.373769474636201,0.0,0.7583187390542907,1.0,42.5,100.0,1064,0,0,1,0,0,9.398496240601503E-4,0.0,0.0,0.05,0.30000000000000004,0.5,0.2,85.0,70.0,40.0,0.8500000000000001,0.7000000000000001,0.1,0.5,50.0,25.0,85.0,553,552,1,553,0.0018083182640144665,1.057930998420915,1.0,1.057930998420915,428,0.7753623188405797,1.0,1
"iteration_2","SCOPE_DATA_COLLECTION",100,46,2830.0,2890.0,2,362,572,130,390,560,153,361,571,132,0,0,1,0.0,0.0,0.007518796992481203,0.35188846630970505,1.05519787433626,2.0606542119543017,0.7037769326194101,1.05519787433626,1.373769474636201,0.0,0.7583187390542907,1.0,42.5,100.0,1064,0,0,1,0,0,9.398496240601503E-4,0.0,0.0,0.05,0.30000000000000004,0.5,0.2,85.0,70.0,40.0,0.8500000000000001,0.7000000000000001,0.1,0.5,50.0,25.0,85.0,152,152,0,152,0.0,2.0621058901521887,1.5,1.3747372601014591,152,1.0,1.0,1
"iteration_2","SCOPE_DATA_COLLECTION",100,47,2890.0,2950.0,0,338,553,152,362,572,130,337,552,150,0,1,0,0.0,0.0018083182640144665,0.0,0.3528523987179371,1.0578005476634897,2.0645153005519994,0.7057047974358742,1.0578005476634897,1.376343533701333,0.0,0.7807971014492754,1.0,50.0,100.0,1043,0,0,1,0,0,9.587727708533077E-4,0.0,0.0,0.8500000000000001,0.7000000000000001,0.1,0.5,50.0,25.0,85.0,0.8500000000000001,0.7000000000000001,0.1,0.5,50.0,25.0,85.0,355,355,0,355,0.0,0.3534975711812864,0.5,0.7069951423625728,0,0.0,1.0,1
"iteration_2","SCOPE_DATA_COLLECTION",100,47,2890.0,2950.0,1,338,553,152,362,572,130,337,552,150,0,1,0,0.0,0.0018083182640144665,0.0,0.3528523987179371,1.0578005476634897,2.0645153005519994,0.7057047974358742,1.0578005476634897,1.376343533701333,0.0,0.7807971014492754,1.0,50.0,100.0,1043,0,0,1,0,0,9.587727708533077E-4,0.0,0.0,0.8500000000000001,0.7000000000000001,0.1,0.5,50.0,25.0,85.0,0.8500000000000001,0.7000000000000001,0.1,0.5,50.0,25.0,85.0,570,570,0,570,0.0,1.0582705133379007,1.0,1.0582705133379007,449,0.787719298245614,1.0,1
"iteration_2","SCOPE_DATA_COLLECTION",100,47,2890.0,2950.0,2,338,553,152,362,572,130,337,552,150,0,1,0,0.0,0.0018083182640144665,0.0,0.3528523987179371,1.0578005476634897,2.0645153005519994,0.7057047974358742,1.0578005476634897,1.376343533701333,0.0,0.7807971014492754,1.0,50.0,100.0,1043,0,0,1,0,0,9.587727708533077E-4,0.0,0.0,0.8500000000000001,0.7000000000000001,0.1,0.5,50.0,25.0,85.0,0.8500000000000001,0.7000000000000001,0.1,0.5,50.0,25.0,85.0,136,136,0,136,0.0,2.058368535645433,1.5,1.3722456904302887,136,1.0,1.0,1
"iteration_2","SCOPE_DATA_COLLECTION",100,48,2950.0,3010.0,0,355,570,136,338,553,152,355,571,141,0,0,0,0.0,0.0,0.0,0.35328172724828644,1.0590027559565736,2.060040317406606,0.7065634544965729,1.0590027559565736,1.3733602116044041,0.0,0.7863397548161121,1.0,37.5,100.0,1061,0,0,0,0,0,0.0,0.0,0.0,0.8500000000000001,0.7000000000000001,0.1,0.5,50.0,25.0,85.0,0.9500000000000001,0.7000000000000001,0.1,0.6000000000000001,40.0,35.0,95.0,356,355,1,356,0.0028089887640449437,0.3519726165538781,0.5,0.7039452331077563,0,0.0,1.0,1
"iteration_2","SCOPE_DATA_COLLECTION",100,48,2950.0,3010.0,1,355,570,136,338,553,152,355,571,141,0,0,0,0.0,0.0,0.0,0.35328172724828644,1.0590027559565736,2.060040317406606,0.7065634544965729,1.0590027559565736,1.3733602116044041,0.0,0.7863397548161121,1.0,37.5,100.0,1061,0,0,0,0,0,0.0,0.0,0.0,0.8500000000000001,0.7000000000000001,0.1,0.5,50.0,25.0,85.0,0.9500000000000001,0.7000000000000001,0.1,0.6000000000000001,40.0,35.0,95.0,503,502,1,503,0.0019880715705765406,1.0585350739456363,1.0,1.0585350739456363,390,0.7768924302788844,1.0,1
"iteration_2","SCOPE_DATA_COLLECTION",100,48,2950.0,3010.0,2,355,570,136,338,553,152,355,571,141,0,0,0,0.0,0.0,0.0,0.35328172724828644,1.0590027559565736,2.060040317406606,0.7065634544965729,1.0590027559565736,1.3733602116044041,0.0,0.7863397548161121,1.0,37.5,100.0,1061,0,0,0,0,0,0.0,0.0,0.0,0.8500000000000001,0.7000000000000001,0.1,0.5,50.0,25.0,85.0,0.9500000000000001,0.7000000000000001,0.1,0.6000000000000001,40.0,35.0,95.0,141,141,0,141,0.0,2.066934165877183,1.5,1.3779561105847886,141,1.0,1.0,1
"iteration_2","SCOPE_DATA_COLLECTION",100,49,3010.0,3070.0,0,356,503,141,355,570,136,356,503,139,1,1,0,0.0028011204481792717,0.001984126984126984,0.0,0.3521701762704529,1.0584072092727357,2.0662782865112357,0.7043403525409058,1.0584072092727357,1.377518857674157,0.0,0.7773359840954275,1.0,35.0,100.0,1000,0,0,2,0,0,0.002,0.0,0.0,0.9500000000000001,0.7000000000000001,0.1,0.6000000000000001,40.0,35.0,95.0,0.9500000000000001,0.7000000000000001,0.1,0.6000000000000001,40.0,35.0,95.0,385,385,0,385,0.0,0.35216730244414324,0.5,0.7043346048882865,0,0.0,1.0,1
"iteration_2","SCOPE_DATA_COLLECTION",100,49,3010.0,3070.0,1,356,503,141,355,570,136,356,503,139,1,1,0,0.0028011204481792717,0.001984126984126984,0.0,0.3521701762704529,1.0584072092727357,2.0662782865112357,0.7043403525409058,1.0584072092727357,1.377518857674157,0.0,0.7773359840954275,1.0,35.0,100.0,1000,0,0,2,0,0,0.002,0.0,0.0,0.9500000000000001,0.7000000000000001,0.1,0.6000000000000001,40.0,35.0,95.0,0.9500000000000001,0.7000000000000001,0.1,0.6000000000000001,40.0,35.0,95.0,549,547,2,549,0.0036429872495446266,1.0594766273856056,1.0,1.0594766273856056,444,0.8117001828153565,1.0,1
"iteration_2","SCOPE_DATA_COLLECTION",100,49,3010.0,3070.0,2,356,503,141,355,570,136,356,503,139,1,1,0,0.0028011204481792717,0.001984126984126984,0.0,0.3521701762704529,1.0584072092727357,2.0662782865112357,0.7043403525409058,1.0584072092727357,1.377518857674157,0.0,0.7773359840954275,1.0,35.0,100.0,1000,0,0,2,0,0,0.002,0.0,0.0,0.9500000000000001,0.7000000000000001,0.1,0.6000000000000001,40.0,35.0,95.0,0.9500000000000001,0.7000000000000001,0.1,0.6000000000000001,40.0,35.0,95.0,143,143,0,143,0.0,2.064431663863835,1.5,1.3762877759092234,143,1.0,1.0,1
"iteration_2","SCOPE_DATA_COLLECTION",100,50,3070.0,3130.0,0,385,549,143,356,503,141,385,547,143,0,2,0,0.0,0.0036429872495446266,0.0,0.35193948650622386,1.0597492377723339,2.0650199135782845,0.7038789730124477,1.0597492377723339,1.376679942385523,0.0,0.8117001828153565,1.0,37.5,100.0,1077,0,0,2,0,0,0.0018570102135561746,0.0,0.0,0.9500000000000001,0.7000000000000001,0.1,0.6000000000000001,40.0,35.0,95.0,0.1,0.7000000000000001,0.8,0.5,60.0,20.0,40.0,356,356,0,356,0.0,0.34903006240132056,0.5,0.6980601248026411,0,0.0,1.0,1
"iteration_2","SCOPE_DATA_COLLECTION",100,50,3070.0,3130.0,1,385,549,143,356,503,141,385,547,143,0,2,0,0.0,0.0036429872495446266,0.0,0.35193948650622386,1.0597492377723339,2.0650199135782845,0.7038789730124477,1.0597492377723339,1.376679942385523,0.0,0.8117001828153565,1.0,37.5,100.0,1077,0,0,2,0,0,0.0018570102135561746,0.0,0.0,0.9500000000000001,0.7000000000000001,0.1,0.6000000000000001,40.0,35.0,95.0,0.1,0.7000000000000001,0.8,0.5,60.0,20.0,40.0,558,558,0,558,0.0,1.0558007765581394,1.0,1.0558007765581394,419,0.7508960573476703,1.0,1
"iteration_2","SCOPE_DATA_COLLECTION",100,50,3070.0,3130.0,2,385,549,143,356,503,141,385,547,143,0,2,0,0.0,0.0036429872495446266,0.0,0.35193948650622386,1.0597492377723339,2.0650199135782845,0.7038789730124477,1.0597492377723339,1.376679942385523,0.0,0.8117001828153565,1.0,37.5,100.0,1077,0,0,2,0,0,0.0018570102135561746,0.0,0.0,0.9500000000000001,0.7000000000000001,0.1,0.6000000000000001,40.0,35.0,95.0,0.1,0.7000000000000001,0.8,0.5,60.0,20.0,40.0,138,138,0,138,0.0,2.072885865268458,1.5,1.381923910178972,138,1.0,1.0,1
"iteration_2","SCOPE_DATA_COLLECTION",100,51,3130.0,3190.0,0,356,558,138,385,549,143,357,561,133,0,0,0,0.0,0.0,0.0,0.3491862714356755,1.05584173532148,2.074931842344848,0.698372542871351,1.05584173532148,1.3832878948965652,0.0,0.7540106951871658,1.0,37.5,100.0,1052,0,0,0,0,0,0.0,0.0,0.0,0.1,0.7000000000000001,0.8,0.5,60.0,20.0,40.0,0.1,0.7000000000000001,0.8,0.5,60.0,20.0,40.0,356,356,0,356,0.0,0.3514194283707733,0.5,0.7028388567415466,0,0.0,1.0,1
"iteration_2","SCOPE_DATA_COLLECTION",100,51,3130.0,3190.0,1,356,558,138,385,549,143,357,561,133,0,0,0,0.0,0.0,0.0,0.3491862714356755,1.05584173532148,2.074931842344848,0.698372542871351,1.05584173532148,1.3832878948965652,0.0,0.7540106951871658,1.0,37.5,100.0,1052,0,0,0,0,0,0.0,0.0,0.0,0.1,0.7000000000000001,0.8,0.5,60.0,20.0,40.0,0.1,0.7000000000000001,0.8,0.5,60.0,20.0,40.0,581,579,2,581,0.0034423407917383822,1.056090202594721,1.0,1.056090202594721,449,0.7754749568221071,1.0,1
"iteration_2","SCOPE_DATA_COLLECTION",100,51,3130.0,3190.0,2,356,558,138,385,549,143,357,561,133,0,0,0,0.0,0.0,0.0,0.3491862714356755,1.05584173532148,2.074931842344848,0.698372542871351,1.05584173532148,1.3832878948965652,0.0,0.7540106951871658,1.0,37.5,100.0,1052,0,0,0,0,0,0.0,0.0,0.0,0.1,0.7000000000000001,0.8,0.5,60.0,20.0,40.0,0.1,0.7000000000000001,0.8,0.5,60.0,20.0,40.0,139,139,0,139,0.0,2.0686651327746697,1.5,1.3791100885164465,139,1.0,1.0,1
"iteration_2","SCOPE_DATA_COLLECTION",100,52,3190.0,3250.0,0,356,581,139,356,558,138,356,575,146,0,2,0,0.0,0.0034662045060658577,0.0,0.35147455719520543,1.055547601721832,2.0649043436276533,0.7029491143904109,1.055547601721832,1.3766028957517689,0.0,0.7704347826086957,1.0,32.5,100.0,1076,0,0,2,0,0,0.0018587360594795538,0.0,0.0,0.1,0.7000000000000001,0.8,0.5,60.0,20.0,40.0,0.2,0.6000000000000001,0.8,0.6000000000000001,70.0,30.0,30.0,327,327,0,327,0.0,0.3522330358964262,0.5,0.7044660717928524,0,0.0,1.0,1
"iteration_2","SCOPE_DATA_COLLECTION",100,52,3190.0,3250.0,1,356,581,139,356,558,138,356,575,146,0,2,0,0.0,0.0034662045060658577,0.0,0.35147455719520543,1.055547601721832,2.0649043436276533,0.7029491143904109,1.055547601721832,1.3766028957517689,0.0,0.7704347826086957,1.0,32.5,100.0,1076,0,0,2,0,0,0.0018587360594795538,0.0,0.0,0.1,0.7000000000000001,0.8,0.5,60.0,20.0,40.0,0.2,0.6000000000000001,0.8,0.6000000000000001,70.0,30.0,30.0,583,581,2,583,0.003430531732418525,1.0604494230956616,1.0,1.0604494230956616,453,0.7796901893287436,1.0,1
"iteration_2","SCOPE_DATA_COLLECTION",100,52,3190.0,3250.0,2,356,581,139,356,558,138,356,575,146,0,2,0,0.0,0.0034662045060658577,0.0,0.35147455719520543,1.055547601721832,2.0649043436276533,0.7029491143904109,1.055547601721832,1.3766028957517689,0.0,0.7704347826086957,1.0,32.5,100.0,1076,0,0,2,0,0,0.0018587360594795538,0.0,0.0,0.1,0.7000000000000001,0.8,0.5,60.0,20.0,40.0,0.2,0.6000000000000001,0.8,0.6000000000000001,70.0,30.0,30.0,128,126,2,128,0.015625,2.0618804289394306,1.5,1.374586952626287,126,1.0,1.0,1
"iteration_2","SCOPE_DATA_COLLECTION",100,53,3250.0,3310.0,0,327,583,128,356,581,139,327,582,124,0,2,2,0.0,0.003424657534246575,0.015873015873015872,0.352124971534344,1.060937797784993,2.061269738462116,0.704249943068688,1.060937797784993,1.3741798256414108,0.0,0.7835051546391752,1.0,30.0,100.0,1038,0,0,4,0,0,0.0038535645472061657,0.0,0.0,0.2,0.6000000000000001,0.8,0.6000000000000001,70.0,30.0,30.0,0.2,0.6000000000000001,0.8,0.6000000000000001,70.0,30.0,30.0,361,361,0,361,0.0,0.35088965365624913,0.5,0.7017793073124983,0,0.0,1.0,1
"iteration_2","SCOPE_DATA_COLLECTION",100,53,3250.0,3310.0,1,327,583,128,356,581,139,327,582,124,0,2,2,0.0,0.003424657534246575,0.015873015873015872,0.352124971534344,1.060937797784993,2.061269738462116,0.704249943068688,1.060937797784993,1.3741798256414108,0.0,0.7835051546391752,1.0,30.0,100.0,1038,0,0,4,0,0,0.0038535645472061657,0.0,0.0,0.2,0.6000000000000001,0.8,0.6000000000000001,70.0,30.0,30.0,0.2,0.6000000000000001,0.8,0.6000000000000001,70.0,30.0,30.0,531,531,0,531,0.0,1.0583722598422876,1.0,1.0583722598422876,423,0.7966101694915254,1.0,1
"iteration_2","SCOPE_DATA_COLLECTION",100,53,3250.0,3310.0,2,327,583,128,356,581,139,327,582,124,0,2,2,0.0,0.003424657534246575,0.015873015873015872,0.352124971534344,1.060937797784993,2.061269738462116,0.704249943068688,1.060937797784993,1.3741798256414108,0.0,0.7835051546391752,1.0,30.0,100.0,1038,0,0,4,0,0,0.0038535645472061657,0.0,0.0,0.2,0.6000000000000001,0.8,0.6000000000000001,70.0,30.0,30.0,0.2,0.6000000000000001,0.8,0.6000000000000001,70.0,30.0,30.0,160,159,1,160,0.00625,2.075464922994231,1.5,1.383643281996154,159,1.0,1.0,1
"iteration_2","SCOPE_DATA_COLLECTION",100,54,3310.0,3370.0,0,361,531,160,327,583,128,361,530,159,0,0,1,0.0,0.0,0.00625,0.3507371809181226,1.0583269523662049,2.0748118841631977,0.7014743618362452,1.0583269523662049,1.3832079227754652,0.0,0.7981132075471699,1.0,37.5,100.0,1052,0,0,1,0,0,9.505703422053232E-4,0.0,0.0,0.2,0.6000000000000001,0.8,0.6000000000000001,70.0,30.0,30.0,0.2,0.5,0.9,0.5,60.0,40.0,20.0,369,368,1,369,0.0027100271002710027,0.34749917563617994,0.5,0.6949983512723599,0,0.0,1.0,1
"iteration_2","SCOPE_DATA_COLLECTION",100,54,3310.0,3370.0,1,361,531,160,327,583,128,361,530,159,0,0,1,0.0,0.0,0.00625,0.3507371809181226,1.0583269523662049,2.0748118841631977,0.7014743618362452,1.0583269523662049,1.3832079227754652,0.0,0.7981132075471699,1.0,37.5,100.0,1052,0,0,1,0,0,9.505703422053232E-4,0.0,0.0,0.2,0.6000000000000001,0.8,0.6000000000000001,70.0,30.0,30.0,0.2,0.5,0.9,0.5,60.0,40.0,20.0,538,537,1,538,0.0018587360594795538,1.0543794134841245,1.0,1.0543794134841245,410,0.7635009310986964,1.0,1
"iteration_2","SCOPE_DATA_COLLECTION",100,54,3310.0,3370.0,2,361,531,160,327,583,128,361,530,159,0,0,1,0.0,0.0,0.00625,0.3507371809181226,1.0583269523662049,2.0748118841631977,0.7014743618362452,1.0583269523662049,1.3832079227754652,0.0,0.7981132075471699,1.0,37.5,100.0,1052,0,0,1,0,0,9.505703422053232E-4,0.0,0.0,0.2,0.6000000000000001,0.8,0.6000000000000001,70.0,30.0,30.0,0.2,0.5,0.9,0.5,60.0,40.0,20.0,143,143,0,143,0.0,2.075846408440201,1.5,1.3838976056268006,143,1.0,1.0,1
"iteration_2","SCOPE_DATA_COLLECTION",100,55,3370.0,3430.0,0,369,538,143,361,531,160,365,537,141,1,1,0,0.00273224043715847,0.0018587360594795538,0.0,0.34766906234627726,1.0539742115918058,2.079046125087392,0.6953381246925545,1.0539742115918058,1.3860307500582614,0.0,0.7616387337057728,1.0,45.0,100.0,1050,0,0,2,0,0,0.0019047619047619048,0.0,0.0,0.2,0.5,0.9,0.5,60.0,40.0,20.0,0.1,0.5,0.9,0.4,50.0,40.0,30.0,356,356,0,356,0.0,0.3498273925717137,0.5,0.6996547851434274,0,0.0,1.0,1
"iteration_2","SCOPE_DATA_COLLECTION",100,55,3370.0,3430.0,1,369,538,143,361,531,160,365,537,141,1,1,0,0.00273224043715847,0.0018587360594795538,0.0,0.34766906234627726,1.0539742115918058,2.079046125087392,0.6953381246925545,1.0539742115918058,1.3860307500582614,0.0,0.7616387337057728,1.0,45.0,100.0,1050,0,0,2,0,0,0.0019047619047619048,0.0,0.0,0.2,0.5,0.9,0.5,60.0,40.0,20.0,0.1,0.5,0.9,0.4,50.0,40.0,30.0,552,552,0,552,0.0,1.0599721467472276,1.0,1.0599721467472276,438,0.7934782608695652,1.0,1
"iteration_2","SCOPE_DATA_COLLECTION",100,55,3370.0,3430.0,2,369,538,143,361,531,160,365,537,141,1,1,0,0.00273224043715847,0.0018587360594795538,0.0,0.34766906234627726,1.0539742115918058,2.079046125087392,0.6953381246925545,1.0539742115918058,1.3860307500582614,0.0,0.7616387337057728,1.0,45.0,100.0,1050,0,0,2,0,0,0.0019047619047619048,0.0,0.0,0.2,0.5,0.9,0.5,60.0,40.0,20.0,0.1,0.5,0.9,0.4,50.0,40.0,30.0,157,157,0,157,0.0,2.0509090395971232,1.5,1.3672726930647487,157,1.0,1.0,1
"iteration_2","SCOPE_DATA_COLLECTION",100,56,3430.0,3490.0,0,356,552,157,369,538,143,358,550,157,0,0,0,0.0,0.0,0.0,0.34986026556450966,1.0603412422464193,2.050538796496645,0.6997205311290193,1.0603412422464193,1.3670258643310966,0.0,0.7909090909090909,1.0,50.0,100.0,1065,0,0,0,0,0,0.0,0.0,0.0,0.1,0.5,0.9,0.4,50.0,40.0,30.0,0.05,0.6000000000000001,0.9,0.30000000000000004,60.0,50.0,40.0,373,373,0,373,0.0,0.34929681071442287,0.5,0.6985936214288457,0,0.0,1.0,1
"iteration_2","SCOPE_DATA_COLLECTION",100,56,3430.0,3490.0,1,356,552,157,369,538,143,358,550,157,0,0,0,0.0,0.0,0.0,0.34986026556450966,1.0603412422464193,2.050538796496645,0.6997205311290193,1.0603412422464193,1.3670258643310966,0.0,0.7909090909090909,1.0,50.0,100.0,1065,0,0,0,0,0,0.0,0.0,0.0,0.1,0.5,0.9,0.4,50.0,40.0,30.0,0.05,0.6000000000000001,0.9,0.30000000000000004,60.0,50.0,40.0,534,534,0,534,0.0,1.0597871004802448,1.0,1.0597871004802448,431,0.8071161048689138,1.0,1
"iteration_2","SCOPE_DATA_COLLECTION",100,56,3430.0,3490.0,2,356,552,157,369,538,143,358,550,157,0,0,0,0.0,0.0,0.0,0.34986026556450966,1.0603412422464193,2.050538796496645,0.6997205311290193,1.0603412422464193,1.3670258643310966,0.0,0.7909090909090909,1.0,50.0,100.0,1065,0,0,0,0,0,0.0,0.0,0.0,0.1,0.5,0.9,0.4,50.0,40.0,30.0,0.05,0.6000000000000001,0.9,0.30000000000000004,60.0,50.0,40.0,151,151,0,151,0.0,2.0714667296599343,1.5,1.3809778197732896,151,1.0,1.0,1
"iteration_2","SCOPE_DATA_COLLECTION",100,57,3490.0,3550.0,0,373,534,151,356,552,157,374,539,151,0,0,0,0.0,0.0,0.0,0.34927102269021415,1.0596559031176536,2.0700429061559427,0.6985420453804283,1.0596559031176536,1.3800286041039618,0.0,0.8070500927643784,1.0,35.0,100.0,1058,0,0,0,0,0,0.0,0.0,0.0,0.05,0.6000000000000001,0.9,0.30000000000000004,60.0,50.0,40.0,0.15000000000000002,0.6000000000000001,0.9,0.4,50.0,40.0,30.0,379,379,0,379,0.0,0.354771990244227,0.5,0.709543980488454,0,0.0,1.0,1
"iteration_2","SCOPE_DATA_COLLECTION",100,57,3490.0,3550.0,1,373,534,151,356,552,157,374,539,151,0,0,0,0.0,0.0,0.0,0.34927102269021415,1.0596559031176536,2.0700429061559427,0.6985420453804283,1.0596559031176536,1.3800286041039618,0.0,0.8070500927643784,1.0,35.0,100.0,1058,0,0,0,0,0,0.0,0.0,0.0,0.05,0.6000000000000001,0.9,0.30000000000000004,60.0,50.0,40.0,0.15000000000000002,0.6000000000000001,0.9,0.4,50.0,40.0,30.0,599,599,0,599,0.0,1.0558020504402776,1.0,1.0558020504402776,477,0.7963272120200334,1.0,1
"iteration_2","SCOPE_DATA_COLLECTION",100,57,3490.0,3550.0,2,373,534,151,356,552,157,374,539,151,0,0,0,0.0,0.0,0.0,0.34927102269021415,1.0596559031176536,2.0700429061559427,0.6985420453804283,1.0596559031176536,1.3800286041039618,0.0,0.8070500927643784,1.0,35.0,100.0,1058,0,0,0,0,0,0.0,0.0,0.0,0.05,0.6000000000000001,0.9,0.30000000000000004,60.0,50.0,40.0,0.15000000000000002,0.6000000000000001,0.9,0.4,50.0,40.0,30.0,164,164,0,164,0.0,2.059720947713755,1.5,1.3731472984758366,164,1.0,1.0,1
"iteration_2","SCOPE_DATA_COLLECTION",100,58,3550.0,3616.9687482636236,0,379,599,164,373,534,151,378,593,167,0,0,0,0.0,0.0,0.0,0.35480588554011017,1.055649762124002,2.0597949506426887,0.7096117710802203,1.055649762124002,1.3731966337617925,0.0,0.7942664418212478,1.0,37.5,100.0,1142,0,0,0,0,0,0.0,0.0,0.0,0.15000000000000002,0.6000000000000001,0.9,0.4,50.0,40.0,30.0,0.05,0.7000000000000001,0.8,0.5,40.0,30.0,30.0,302,301,0,301,0.0,0.3525609425919492,0.5,0.7051218851838984,0,0.0,0.9966887417218543,0
"iteration_2","SCOPE_DATA_COLLECTION",100,58,3550.0,3616.9687482636236,1,379,599,164,373,534,151,378,593,167,0,0,0,0.0,0.0,0.0,0.35480588554011017,1.055649762124002,2.0597949506426887,0.7096117710802203,1.055649762124002,1.3731966337617925,0.0,0.7942664418212478,1.0,37.5,100.0,1142,0,0,0,0,0,0.0,0.0,0.0,0.15000000000000002,0.6000000000000001,0.9,0.4,50.0,40.0,30.0,0.05,0.7000000000000001,0.8,0.5,40.0,30.0,30.0,501,487,0,487,0.0,1.0548828526714713,1.0,1.0548828526714713,369,0.757700205338809,0.9720558882235529,0
"iteration_2","SCOPE_DATA_COLLECTION",100,58,3550.0,3616.9687482636236,2,379,599,164,373,534,151,378,593,167,0,0,0,0.0,0.0,0.0,0.35480588554011017,1.055649762124002,2.0597949506426887,0.7096117710802203,1.055649762124002,1.3731966337617925,0.0,0.7942664418212478,1.0,37.5,100.0,1142,0,0,0,0,0,0.0,0.0,0.0,0.15000000000000002,0.6000000000000001,0.9,0.4,50.0,40.0,30.0,0.05,0.7000000000000001,0.8,0.5,40.0,30.0,30.0,109,107,0,107,0.0,2.0691266363314202,1.5,1.37941775755428,107,1.0,0.981651376146789,0
"iteration_2","SCOPE_DATA_COLLECTION",200,0,70.0,130.0,0,1162,829,188,0,0,0,1158,814,178,0,0,0,0.0,0.0,0.0,0.35019622562235514,1.0563300237407345,2.048434089444321,0.7003924512447103,1.0563300237407345,1.3656227262962142,8.635578583765112E-4,0.7813267813267813,1.0,72.5,100.0,2179,0,0,0,0,0,0.0,0.0,0.0,0.6,0.5,0.7,0.4,85.0,80.0,90.0,0.7000000000000001,0.5,0.7000000000000001,0.5,95.0,70.0,95.0,1281,1280,1,1281,7.8064012490242E-4,0.3523908553672749,0.5,0.7047817107345498,12,0.009375,1.0,1
"iteration_2","SCOPE_DATA_COLLECTION",200,0,70.0,130.0,1,1162,829,188,0,0,0,1158,814,178,0,0,0,0.0,0.0,0.0,0.35019622562235514,1.0563300237407345,2.048434089444321,0.7003924512447103,1.0563300237407345,1.3656227262962142,8.635578583765112E-4,0.7813267813267813,1.0,72.5,100.0,2179,0,0,0,0,0,0.0,0.0,0.0,0.6,0.5,0.7,0.4,85.0,80.0,90.0,0.7000000000000001,0.5,0.7000000000000001,0.5,95.0,70.0,95.0,944,943,1,944,0.001059322033898305,1.0588875604029069,1.0,1.0588875604029069,739,0.7836691410392365,1.0,1
"iteration_2","SCOPE_DATA_COLLECTION",200,0,70.0,130.0,2,1162,829,188,0,0,0,1158,814,178,0,0,0,0.0,0.0,0.0,0.35019622562235514,1.0563300237407345,2.048434089444321,0.7003924512447103,1.0563300237407345,1.3656227262962142,8.635578583765112E-4,0.7813267813267813,1.0,72.5,100.0,2179,0,0,0,0,0,0.0,0.0,0.0,0.6,0.5,0.7,0.4,85.0,80.0,90.0,0.7000000000000001,0.5,0.7000000000000001,0.5,95.0,70.0,95.0,268,268,0,268,0.0,2.0550531754633687,1.5,1.3700354503089125,267,0.996268656716418,1.0,1
"iteration_2","SCOPE_DATA_COLLECTION",200,1,130.0,190.0,0,1281,944,268,1162,829,188,1276,941,269,1,1,0,7.830853563038371E-4,0.0010615711252653928,0.0,0.3524200596362544,1.0590166693236258,2.0554478467771977,0.7048401192725088,1.0590166693236258,1.3702985645181318,0.009404388714733543,0.7853347502656748,0.9962825278810409,70.0,100.0,2484,8,1,2,0,0,8.051529790660225E-4,0.0,0.0,0.7000000000000001,0.5,0.7000000000000001,0.5,95.0,70.0,95.0,0.8,0.5,0.7000000000000001,0.5,85.0,70.0,95.0,1296,1296,0,1296,0.0,0.352232528565684,0.5,0.704465057131368,11,0.008487654320987654,1.0,1
"iteration_2","SCOPE_DATA_COLLECTION",200,1,130.0,190.0,1,1281,944,268,1162,829,188,1276,941,269,1,1,0,7.830853563038371E-4,0.0010615711252653928,0.0,0.3524200596362544,1.0590166693236258,2.0554478467771977,0.7048401192725088,1.0590166693236258,1.3702985645181318,0.009404388714733543,0.7853347502656748,0.9962825278810409,70.0,100.0,2484,8,1,2,0,0,8.051529790660225E-4,0.0,0.0,0.7000000000000001,0.5,0.7000000000000001,0.5,95.0,70.0,95.0,0.8,0.5,0.7000000000000001,0.5,85.0,70.0,95.0,899,896,3,899,0.0033370411568409346,1.0540355065300504,1.0,1.0540355065300504,700,0.78125,1.0,1
"iteration_2","SCOPE_DATA_COLLECTION",200,1,130.0,190.0,2,1281,944,268,1162,829,188,1276,941,269,1,1,0,7.830853563038371E-4,0.0010615711252653928,0.0,0.3524200596362544,1.0590166693236258,2.0554478467771977,0.7048401192725088,1.0590166693236258,1.3702985645181318,0.009404388714733543,0.7853347502656748,0.9962825278810409,70.0,100.0,2484,8,1,2,0,0,8.051529790660225E-4,0.0,0.0,0.7000000000000001,0.5,0.7000000000000001,0.5,95.0,70.0,95.0,0.8,0.5,0.7000000000000001,0.5,85.0,70.0,95.0,238,238,0,238,0.0,2.030952066985952,1.5,1.3539680446573013,236,0.9915966386554622,1.0,1
"iteration_2","SCOPE_DATA_COLLECTION",200,2,190.0,250.0,0,1296,899,238,1281,944,268,1298,893,237,0,3,0,0.0,0.0033482142857142855,0.0,0.3522494464122776,1.056151876405948,2.036908953649136,0.7044988928245552,1.056151876405948,1.3579393024327573,0.00847457627118644,0.7872340425531915,0.9957805907172996,80.0,100.0,2425,6,2,3,0,0,0.0012371134020618556,0.0,0.0,0.8,0.5,0.7000000000000001,0.5,85.0,70.0,95.0,0.2,0.30000000000000004,0.2,0.7000000000000001,45.0,50.0,20.0,1229,1227,2,1229,0.0016273393002441008,0.3556979162753107,0.5,0.7113958325506214,3,0.0024449877750611247,1.0,1
"iteration_2","SCOPE_DATA_COLLECTION",200,2,190.0,250.0,1,1296,899,238,1281,944,268,1298,893,237,0,3,0,0.0,0.0033482142857142855,0.0,0.3522494464122776,1.056151876405948,2.036908953649136,0.7044988928245552,1.056151876405948,1.3579393024327573,0.00847457627118644,0.7872340425531915,0.9957805907172996,80.0,100.0,2425,6,2,3,0,0,0.0012371134020618556,0.0,0.0,0.8,0.5,0.7000000000000001,0.5,85.0,70.0,95.0,0.2,0.30000000000000004,0.2,0.7000000000000001,45.0,50.0,20.0,896,896,0,896,0.0,1.0571291088183326,1.0,1.0571291088183326,683,0.7622767857142857,1.0,1
"iteration_2","SCOPE_DATA_COLLECTION",200,2,190.0,250.0,2,1296,899,238,1281,944,268,1298,893,237,0,3,0,0.0,0.0033482142857142855,0.0,0.3522494464122776,1.056151876405948,2.036908953649136,0.7044988928245552,1.056151876405948,1.3579393024327573,0.00847457627118644,0.7872340425531915,0.9957805907172996,80.0,100.0,2425,6,2,3,0,0,0.0012371134020618556,0.0,0.0,0.8,0.5,0.7000000000000001,0.5,85.0,70.0,95.0,0.2,0.30000000000000004,0.2,0.7000000000000001,45.0,50.0,20.0,251,251,0,251,0.0,2.060548238276094,1.5,1.3736988255173959,251,1.0,1.0,1
"iteration_2","SCOPE_DATA_COLLECTION",200,3,250.0,310.0,0,1229,896,251,1296,899,238,1229,902,252,2,0,0,0.0016246953696181965,0.0,0.0,0.35563467161516116,1.0546103376579243,2.05477103671116,0.7112693432303223,1.0546103376579243,1.36984735780744,0.0024410089503661514,0.7549889135254989,0.996031746031746,57.5,100.0,2373,0,3,2,0,0,8.428150021070375E-4,0.0,0.0,0.2,0.30000000000000004,0.2,0.7000000000000001,45.0,50.0,20.0,0.4,0.30000000000000004,0.7000000000000001,0.30000000000000004,30.0,70.0,40.0,1287,1287,0,1287,0.0,0.35367596218302105,0.5,0.7073519243660421,8,0.006216006216006216,1.0,1
"iteration_2","SCOPE_DATA_COLLECTION",200,3,250.0,310.0,1,1229,896,251,1296,899,238,1229,902,252,2,0,0,0.0016246953696181965,0.0,0.0,0.35563467161516116,1.0546103376579243,2.05477103671116,0.7112693432303223,1.0546103376579243,1.36984735780744,0.0024410089503661514,0.7549889135254989,0.996031746031746,57.5,100.0,2373,0,3,2,0,0,8.428150021070375E-4,0.0,0.0,0.2,0.30000000000000004,0.2,0.7000000000000001,45.0,50.0,20.0,0.4,0.30000000000000004,0.7000000000000001,0.30000000000000004,30.0,70.0,40.0,896,894,2,896,0.002232142857142857,1.0586337073894492,1.0,1.0586337073894492,708,0.7919463087248322,1.0,1
"iteration_2","SCOPE_DATA_COLLECTION",200,3,250.0,310.0,2,1229,896,251,1296,899,238,1229,902,252,2,0,0,0.0016246953696181965,0.0,0.0,0.35563467161516116,1.0546103376579243,2.05477103671116,0.7112693432303223,1.0546103376579243,1.36984735780744,0.0024410089503661514,0.7549889135254989,0.996031746031746,57.5,100.0,2373,0,3,2,0,0,8.428150021070375E-4,0.0,0.0,0.2,0.30000000000000004,0.2,0.7000000000000001,45.0,50.0,20.0,0.4,0.30000000000000004,0.7000000000000001,0.30000000000000004,30.0,70.0,40.0,256,256,0,256,0.0,2.0626711030758944,1.5,1.375114068717263,255,0.99609375,1.0,1
"iteration_2","SCOPE_DATA_COLLECTION",200,4,310.0,370.0,0,1287,896,256,1229,896,251,1280,894,259,0,2,0,0.0,0.002232142857142857,0.0,0.35386766563729277,1.0588783207424204,2.062202167911377,0.7077353312745855,1.0588783207424204,1.3748014452742512,0.00625,0.79082774049217,0.9961389961389961,70.0,100.0,2431,5,3,2,0,0,8.227067050596463E-4,0.0,0.0,0.4,0.30000000000000004,0.7000000000000001,0.30000000000000004,30.0,70.0,40.0,0.4,0.2,0.8,0.2,30.0,60.0,50.0,1251,1251,0,1251,0.0,0.3579260199992589,0.5,0.7158520399985178,13,0.010391686650679457,1.0,1
"iteration_2","SCOPE_DATA_COLLECTION",200,4,310.0,370.0,1,1287,896,256,1229,896,251,1280,894,259,0,2,0,0.0,0.002232142857142857,0.0,0.35386766563729277,1.0588783207424204,2.062202167911377,0.7077353312745855,1.0588783207424204,1.3748014452742512,0.00625,0.79082774049217,0.9961389961389961,70.0,100.0,2431,5,3,2,0,0,8.227067050596463E-4,0.0,0.0,0.4,0.30000000000000004,0.7000000000000001,0.30000000000000004,30.0,70.0,40.0,0.4,0.2,0.8,0.2,30.0,60.0,50.0,911,909,2,911,0.0021953896816684962,1.056028963411144,1.0,1.056028963411144,692,0.7612761276127613,1.0,1
"iteration_2","SCOPE_DATA_COLLECTION",200,4,310.0,370.0,2,1287,896,256,1229,896,251,1280,894,259,0,2,0,0.0,0.002232142857142857,0.0,0.35386766563729277,1.0588783207424204,2.062202167911377,0.7077353312745855,1.0588783207424204,1.3748014452742512,0.00625,0.79082774049217,0.9961389961389961,70.0,100.0,2431,5,3,2,0,0,8.227067050596463E-4,0.0,0.0,0.4,0.30000000000000004,0.7000000000000001,0.30000000000000004,30.0,70.0,40.0,0.4,0.2,0.8,0.2,30.0,60.0,50.0,229,229,0,229,0.0,2.0593373080983803,1.5,1.3728915387322536,229,1.0,1.0,1
"iteration_2","SCOPE_DATA_COLLECTION",200,5,370.0,430.0,0,1251,911,229,1287,896,256,1253,905,229,0,2,0,0.0,0.002205071664829107,0.0,0.3577455311534075,1.0557782882856361,2.061399236730995,0.715491062306815,1.0557782882856361,1.3742661578206634,0.010375099760574621,0.7613259668508288,1.0,70.0,100.0,2390,0,1,2,0,0,8.368200836820083E-4,0.0,0.0,0.4,0.2,0.8,0.2,30.0,60.0,50.0,0.4,0.7000000000000001,0.5,0.7000000000000001,50.0,40.0,55.0,1308,1308,0,1308,0.0,0.35460595282664176,0.5,0.7092119056532835,8,0.0061162079510703364,1.0,1
"iteration_2","SCOPE_DATA_COLLECTION",200,5,370.0,430.0,1,1251,911,229,1287,896,256,1253,905,229,0,2,0,0.0,0.002205071664829107,0.0,0.3577455311534075,1.0557782882856361,2.061399236730995,0.715491062306815,1.0557782882856361,1.3742661578206634,0.010375099760574621,0.7613259668508288,1.0,70.0,100.0,2390,0,1,2,0,0,8.368200836820083E-4,0.0,0.0,0.4,0.2,0.8,0.2,30.0,60.0,50.0,0.4,0.7000000000000001,0.5,0.7000000000000001,50.0,40.0,55.0,910,908,2,910,0.002197802197802198,1.0552133714047693,1.0,1.0552133714047693,683,0.7522026431718062,1.0,1
"iteration_2","SCOPE_DATA_COLLECTION",200,5,370.0,430.0,2,1251,911,229,1287,896,256,1253,905,229,0,2,0,0.0,0.002205071664829107,0.0,0.3577455311534075,1.0557782882856361,2.061399236730995,0.715491062306815,1.0557782882856361,1.3742661578206634,0.010375099760574621,0.7613259668508288,1.0,70.0,100.0,2390,0,1,2,0,0,8.368200836820083E-4,0.0,0.0,0.4,0.2,0.8,0.2,30.0,60.0,50.0,0.4,0.7000000000000001,0.5,0.7000000000000001,50.0,40.0,55.0,210,210,0,210,0.0,2.0588302452528806,1.5,1.3725534968352537,210,1.0,1.0,1
"iteration_2","SCOPE_DATA_COLLECTION",200,6,430.0,490.0,0,1308,910,210,1251,911,229,1310,914,213,0,2,0,0.0,0.002183406113537118,0.0,0.354582955102586,1.0558463755357437,2.055564467716253,0.709165910205172,1.0558463755357437,1.3703763118108352,0.0061068702290076335,0.7571115973741794,1.0,50.0,100.0,2428,0,0,2,0,0,8.237232289950577E-4,0.0,0.0,0.4,0.7000000000000001,0.5,0.7000000000000001,50.0,40.0,55.0,0.30000000000000004,0.8,0.4,0.6000000000000001,60.0,50.0,65.0,1318,1318,0,1318,0.0,0.3556854375559998,0.5,0.7113708751119996,10,0.007587253414264037,1.0,1
"iteration_2","SCOPE_DATA_COLLECTION",200,6,430.0,490.0,1,1308,910,210,1251,911,229,1310,914,213,0,2,0,0.0,0.002183406113537118,0.0,0.354582955102586,1.0558463755357437,2.055564467716253,0.709165910205172,1.0558463755357437,1.3703763118108352,0.0061068702290076335,0.7571115973741794,1.0,50.0,100.0,2428,0,0,2,0,0,8.237232289950577E-4,0.0,0.0,0.4,0.7000000000000001,0.5,0.7000000000000001,50.0,40.0,55.0,0.30000000000000004,0.8,0.4,0.6000000000000001,60.0,50.0,65.0,889,889,0,889,0.0,1.056772536647981,1.0,1.056772536647981,696,0.7829021372328459,1.0,1
"iteration_2","SCOPE_DATA_COLLECTION",200,6,430.0,490.0,2,1308,910,210,1251,911,229,1310,914,213,0,2,0,0.0,0.002183406113537118,0.0,0.354582955102586,1.0558463755357437,2.055564467716253,0.709165910205172,1.0558463755357437,1.3703763118108352,0.0061068702290076335,0.7571115973741794,1.0,50.0,100.0,2428,0,0,2,0,0,8.237232289950577E-4,0.0,0.0,0.4,0.7000000000000001,0.5,0.7000000000000001,50.0,40.0,55.0,0.30000000000000004,0.8,0.4,0.6000000000000001,60.0,50.0,65.0,233,233,0,233,0.0,2.059289446773622,1.5,1.3728596311824146,233,1.0,1.0,1
"iteration_2","SCOPE_DATA_COLLECTION",200,7,490.0,550.0,0,1318,889,233,1308,910,210,1317,885,230,0,0,0,0.0,0.0,0.0,0.3557984838375533,1.0561623490358993,2.0604120483650723,0.7115969676751066,1.0561623490358993,1.3736080322433815,0.007593014426727411,0.7774011299435029,1.0,70.0,100.0,2439,0,1,0,0,0,0.0,0.0,0.0,0.30000000000000004,0.8,0.4,0.6000000000000001,60.0,50.0,65.0,0.2,0.30000000000000004,0.8,0.8,70.0,75.0,45.0,1283,1280,3,1283,0.002338269680436477,0.35508758419062736,0.5,0.7101751683812547,3,0.00234375,1.0,1
"iteration_2","SCOPE_DATA_COLLECTION",200,7,490.0,550.0,1,1318,889,233,1308,910,210,1317,885,230,0,0,0,0.0,0.0,0.0,0.3557984838375533,1.0561623490358993,2.0604120483650723,0.7115969676751066,1.0561623490358993,1.3736080322433815,0.007593014426727411,0.7774011299435029,1.0,70.0,100.0,2439,0,1,0,0,0,0.0,0.0,0.0,0.30000000000000004,0.8,0.4,0.6000000000000001,60.0,50.0,65.0,0.2,0.30000000000000004,0.8,0.8,70.0,75.0,45.0,957,957,0,957,0.0,1.058020619474823,1.0,1.058020619474823,750,0.7836990595611285,1.0,1
"iteration_2","SCOPE_DATA_COLLECTION",200,7,490.0,550.0,2,1318,889,233,1308,910,210,1317,885,230,0,0,0,0.0,0.0,0.0,0.3557984838375533,1.0561623490358993,2.0604120483650723,0.7115969676751066,1.0561623490358993,1.3736080322433815,0.007593014426727411,0.7774011299435029,1.0,70.0,100.0,2439,0,1,0,0,0,0.0,0.0,0.0,0.30000000000000004,0.8,0.4,0.6000000000000001,60.0,50.0,65.0,0.2,0.30000000000000004,0.8,0.8,70.0,75.0,45.0,236,236,0,236,0.0,2.0657486085195105,1.5,1.377165739013007,236,1.0,1.0,1
"iteration_2","SCOPE_DATA_COLLECTION",200,8,550.0,610.0,0,1283,957,236,1318,889,233,1279,956,234,3,0,0,0.00234009360374415,0.0,0.0,0.3549569259404954,1.0587902586397118,2.0665156788631345,0.7099138518809908,1.0587902586397118,1.3776771192420896,0.0023455824863174357,0.7876569037656904,1.0,72.5,100.0,2473,0,3,3,0,0,0.001213101496158512,0.0,0.0,0.2,0.30000000000000004,0.8,0.8,70.0,75.0,45.0,0.65,0.7000000000000001,0.4,0.30000000000000004,30.0,35.0,30.0,1265,1264,1,1265,7.905138339920949E-4,0.35412631392984967,0.5,0.7082526278596993,2,0.0015822784810126582,1.0,1
"iteration_2","SCOPE_DATA_COLLECTION",200,8,550.0,610.0,1,1283,957,236,1318,889,233,1279,956,234,3,0,0,0.00234009360374415,0.0,0.0,0.3549569259404954,1.0587902586397118,2.0665156788631345,0.7099138518809908,1.0587902586397118,1.3776771192420896,0.0023455824863174357,0.7876569037656904,1.0,72.5,100.0,2473,0,3,3,0,0,0.001213101496158512,0.0,0.0,0.2,0.30000000000000004,0.8,0.8,70.0,75.0,45.0,0.65,0.7000000000000001,0.4,0.30000000000000004,30.0,35.0,30.0,885,885,0,885,0.0,1.0538418591006407,1.0,1.0538418591006407,680,0.768361581920904,1.0,1
"iteration_2","SCOPE_DATA_COLLECTION",200,8,550.0,610.0,2,1283,957,236,1318,889,233,1279,956,234,3,0,0,0.00234009360374415,0.0,0.0,0.3549569259404954,1.0587902586397118,2.0665156788631345,0.7099138518809908,1.0587902586397118,1.3776771192420896,0.0023455824863174357,0.7876569037656904,1.0,72.5,100.0,2473,0,3,3,0,0,0.001213101496158512,0.0,0.0,0.2,0.30000000000000004,0.8,0.8,70.0,75.0,45.0,0.65,0.7000000000000001,0.4,0.30000000000000004,30.0,35.0,30.0,220,220,0,220,0.0,2.0570849056051568,1.5,1.3713899370701046,220,1.0,1.0,1
"iteration_2","SCOPE_DATA_COLLECTION",200,9,610.0,670.0,0,1265,885,220,1283,957,236,1267,883,223,1,0,0,7.886435331230284E-4,0.0,0.0,0.354046003947325,1.0537440230756618,2.0561565705922424,0.70809200789465,1.0537440230756618,1.3707710470614949,0.0015785319652722968,0.768969422423556,1.0,65.0,100.0,2369,1,0,1,0,0,4.2211903756859433E-4,0.0,0.0,0.65,0.7000000000000001,0.4,0.30000000000000004,30.0,35.0,30.0,0.75,0.8,0.30000000000000004,0.30000000000000004,20.0,35.0,20.0,1255,1255,0,1255,0.0,0.3552754850137472,0.5,0.7105509700274945,5,0.00398406374501992,1.0,1
"iteration_2","SCOPE_DATA_COLLECTION",200,9,610.0,670.0,1,1265,885,220,1283,957,236,1267,883,223,1,0,0,7.886435331230284E-4,0.0,0.0,0.354046003947325,1.0537440230756618,2.0561565705922424,0.70809200789465,1.0537440230756618,1.3707710470614949,0.0015785319652722968,0.768969422423556,1.0,65.0,100.0,2369,1,0,1,0,0,4.2211903756859433E-4,0.0,0.0,0.65,0.7000000000000001,0.4,0.30000000000000004,30.0,35.0,30.0,0.75,0.8,0.30000000000000004,0.30000000000000004,20.0,35.0,20.0,929,928,1,929,0.001076426264800861,1.0553818322419062,1.0,1.0553818322419062,714,0.7693965517241379,1.0,1
"iteration_2","SCOPE_DATA_COLLECTION",200,9,610.0,670.0,2,1265,885,220,1283,957,236,1267,883,223,1,0,0,7.886435331230284E-4,0.0,0.0,0.354046003947325,1.0537440230756618,2.0561565705922424,0.70809200789465,1.0537440230756618,1.3707710470614949,0.0015785319652722968,0.768969422423556,1.0,65.0,100.0,2369,1,0,1,0,0,4.2211903756859433E-4,0.0,0.0,0.65,0.7000000000000001,0.4,0.30000000000000004,30.0,35.0,30.0,0.75,0.8,0.30000000000000004,0.30000000000000004,20.0,35.0,20.0,257,255,2,257,0.007782101167315175,2.0615262974560147,1.5,1.3743508649706764,254,0.996078431372549,1.0,1
"iteration_2","SCOPE_DATA_COLLECTION",200,10,670.0,730.0,0,1255,929,257,1265,885,220,1251,929,250,0,1,2,0.0,0.001075268817204301,0.007936507936507936,0.35542357013699283,1.0545485207816743,2.0619684310846598,0.7108471402739857,1.0545485207816743,1.3746456207231066,0.003996802557953637,0.7642626480086114,0.996,85.0,100.0,2436,3,2,3,0,0,0.0012315270935960591,0.0,0.0,0.75,0.8,0.30000000000000004,0.30000000000000004,20.0,35.0,20.0,0.75,0.8,0.30000000000000004,0.30000000000000004,20.0,35.0,20.0,1296,1296,0,1296,0.0,0.3523890117231983,0.5,0.7047780234463966,4,0.0030864197530864196,1.0,1
"iteration_2","SCOPE_DATA_COLLECTION",200,10,670.0,730.0,1,1255,929,257,1265,885,220,1251,929,250,0,1,2,0.0,0.001075268817204301,0.007936507936507936,0.35542357013699283,1.0545485207816743,2.0619684310846598,0.7108471402739857,1.0545485207816743,1.3746456207231066,0.003996802557953637,0.7642626480086114,0.996,85.0,100.0,2436,3,2,3,0,0,0.0012315270935960591,0.0,0.0,0.75,0.8,0.30000000000000004,0.30000000000000004,20.0,35.0,20.0,0.75,0.8,0.30000000000000004,0.30000000000000004,20.0,35.0,20.0,891,891,0,891,0.0,1.0556969836516024,1.0,1.0556969836516024,686,0.7699214365881033,1.0,1
"iteration_2","SCOPE_DATA_COLLECTION",200,10,670.0,730.0,2,1255,929,257,1265,885,220,1251,929,250,0,1,2,0.0,0.001075268817204301,0.007936507936507936,0.35542357013699283,1.0545485207816743,2.0619684310846598,0.7108471402739857,1.0545485207816743,1.3746456207231066,0.003996802557953637,0.7642626480086114,0.996,85.0,100.0,2436,3,2,3,0,0,0.0012315270935960591,0.0,0.0,0.75,0.8,0.30000000000000004,0.30000000000000004,20.0,35.0,20.0,0.75,0.8,0.30000000000000004,0.30000000000000004,20.0,35.0,20.0,236,236,0,236,0.0,2.060697301606306,1.5,1.3737982010708707,236,1.0,1.0,1
"iteration_2","SCOPE_DATA_COLLECTION",200,11,730.0,790.0,0,1296,891,236,1255,929,257,1298,898,242,0,0,0,0.0,0.0,0.0,0.35241824329309807,1.056046759215863,2.0600591601719804,0.7048364865861961,1.056046759215863,1.373372773447987,0.0030816640986132513,0.7717149220489977,1.0,57.5,100.0,2423,0,0,0,0,0,0.0,0.0,0.0,0.75,0.8,0.30000000000000004,0.30000000000000004,20.0,35.0,20.0,0.1,0.5,0.7000000000000001,0.9,80.0,40.0,55.0,1387,1386,1,1387,7.209805335255948E-4,0.3529620398474138,0.5,0.7059240796948276,10,0.007215007215007215,1.0,1
"iteration_2","SCOPE_DATA_COLLECTION",200,11,730.0,790.0,1,1296,891,236,1255,929,257,1298,898,242,0,0,0,0.0,0.0,0.0,0.35241824329309807,1.056046759215863,2.0600591601719804,0.7048364865861961,1.056046759215863,1.373372773447987,0.0030816640986132513,0.7717149220489977,1.0,57.5,100.0,2423,0,0,0,0,0,0.0,0.0,0.0,0.75,0.8,0.30000000000000004,0.30000000000000004,20.0,35.0,20.0,0.1,0.5,0.7000000000000001,0.9,80.0,40.0,55.0,929,929,0,929,0.0,1.0568423378521414,1.0,1.0568423378521414,717,0.7717976318622174,1.0,1
"iteration_2","SCOPE_DATA_COLLECTION",200,11,730.0,790.0,2,1296,891,236,1255,929,257,1298,898,242,0,0,0,0.0,0.0,0.0,0.35241824329309807,1.056046759215863,2.0600591601719804,0.7048364865861961,1.056046759215863,1.373372773447987,0.0030816640986132513,0.7717149220489977,1.0,57.5,100.0,2423,0,0,0,0,0,0.0,0.0,0.0,0.75,0.8,0.30000000000000004,0.30000000000000004,20.0,35.0,20.0,0.1,0.5,0.7000000000000001,0.9,80.0,40.0,55.0,256,255,1,256,0.00390625,2.055083776541205,1.5,1.3700558510274699,255,1.0,1.0,1
"iteration_2","SCOPE_DATA_COLLECTION",200,12,790.0,850.0,0,1387,929,256,1296,891,236,1386,928,249,1,0,1,7.209805335255948E-4,0.0,0.004,0.352912782886623,1.0567847135477781,2.057217395628059,0.705825565773246,1.0567847135477781,1.3714782637520393,0.007215007215007215,0.7726293103448276,1.0,67.5,100.0,2560,3,9,2,0,0,7.8125E-4,0.0,0.0,0.1,0.5,0.7000000000000001,0.9,80.0,40.0,55.0,0.2,0.6000000000000001,0.8,0.8,90.0,30.0,45.0,1377,1376,1,1377,7.262164124909223E-4,0.35247150587055764,0.5,0.7049430117411153,7,0.005087209302325582,1.0,1
"iteration_2","SCOPE_DATA_COLLECTION",200,12,790.0,850.0,1,1387,929,256,1296,891,236,1386,928,249,1,0,1,7.209805335255948E-4,0.0,0.004,0.352912782886623,1.0567847135477781,2.057217395628059,0.705825565773246,1.0567847135477781,1.3714782637520393,0.007215007215007215,0.7726293103448276,1.0,67.5,100.0,2560,3,9,2,0,0,7.8125E-4,0.0,0.0,0.1,0.5,0.7000000000000001,0.9,80.0,40.0,55.0,0.2,0.6000000000000001,0.8,0.8,90.0,30.0,45.0,875,875,0,875,0.0,1.0514975558466546,1.0,1.0514975558466546,682,0.7794285714285715,1.0,1
"iteration_2","SCOPE_DATA_COLLECTION",200,12,790.0,850.0,2,1387,929,256,1296,891,236,1386,928,249,1,0,1,7.209805335255948E-4,0.0,0.004,0.352912782886623,1.0567847135477781,2.057217395628059,0.705825565773246,1.0567847135477781,1.3714782637520393,0.007215007215007215,0.7726293103448276,1.0,67.5,100.0,2560,3,9,2,0,0,7.8125E-4,0.0,0.0,0.1,0.5,0.7000000000000001,0.9,80.0,40.0,55.0,0.2,0.6000000000000001,0.8,0.8,90.0,30.0,45.0,271,271,0,271,0.0,2.067625262928295,1.5,1.3784168419521967,270,0.996309963099631,1.0,1
"iteration_2","SCOPE_DATA_COLLECTION",200,13,850.0,910.0,0,1377,875,271,1387,929,256,1376,871,272,1,0,0,7.262164124909223E-4,0.0,0.0,0.3525509798641304,1.0516415832860042,2.067369833530329,0.7051019597282608,1.0516415832860042,1.378246555686886,0.005087209302325582,0.7795637198622273,0.9963235294117647,72.5,100.0,2512,1,10,1,0,0,3.980891719745223E-4,0.0,0.0,0.2,0.6000000000000001,0.8,0.8,90.0,30.0,45.0,0.1,0.7000000000000001,0.9,0.7000000000000001,95.0,40.0,35.0,1281,1281,0,1281,0.0,0.3542933733554957,0.5,0.7085867467109914,5,0.0039032006245121,1.0,1
"iteration_2","SCOPE_DATA_COLLECTION",200,13,850.0,910.0,1,1377,875,271,1387,929,256,1376,871,272,1,0,0,7.262164124909223E-4,0.0,0.0,0.3525509798641304,1.0516415832860042,2.067369833530329,0.7051019597282608,1.0516415832860042,1.378246555686886,0.005087209302325582,0.7795637198622273,0.9963235294117647,72.5,100.0,2512,1,10,1,0,0,3.980891719745223E-4,0.0,0.0,0.2,0.6000000000000001,0.8,0.8,90.0,30.0,45.0,0.1,0.7000000000000001,0.9,0.7000000000000001,95.0,40.0,35.0,922,921,1,922,0.0010845986984815619,1.0575031609701615,1.0,1.0575031609701615,708,0.7687296416938111,1.0,1
"iteration_2","SCOPE_DATA_COLLECTION",200,13,850.0,910.0,2,1377,875,271,1387,929,256,1376,871,272,1,0,0,7.262164124909223E-4,0.0,0.0,0.3525509798641304,1.0516415832860042,2.067369833530329,0.7051019597282608,1.0516415832860042,1.378246555686886,0.005087209302325582,0.7795637198622273,0.9963235294117647,72.5,100.0,2512,1,10,1,0,0,3.980891719745223E-4,0.0,0.0,0.2,0.6000000000000001,0.8,0.8,90.0,30.0,45.0,0.1,0.7000000000000001,0.9,0.7000000000000001,95.0,40.0,35.0,227,227,0,227,0.0,2.0559434669781567,1.5,1.3706289779854377,227,1.0,1.0,1
"iteration_2","SCOPE_DATA_COLLECTION",200,14,910.0,970.0,0,1281,922,227,1377,875,271,1283,918,226,0,1,0,0.0,0.001088139281828074,0.0,0.3542250334532663,1.0574773527379329,2.0573469067537444,0.7084500669065326,1.0574773527379329,1.3715646045024963,0.003897116134060795,0.7701525054466231,1.0,80.0,100.0,2428,0,2,1,0,0,4.1186161449752884E-4,0.0,0.0,0.1,0.7000000000000001,0.9,0.7000000000000001,95.0,40.0,35.0,0.2,0.6000000000000001,0.9,0.8,95.0,30.0,35.0,1325,1325,0,1325,0.0,0.3549865195486252,0.5,0.7099730390972504,3,0.0022641509433962265,1.0,1
"iteration_2","SCOPE_DATA_COLLECTION",200,14,910.0,970.0,1,1281,922,227,1377,875,271,1283,918,226,0,1,0,0.0,0.001088139281828074,0.0,0.3542250334532663,1.0574773527379329,2.0573469067537444,0.7084500669065326,1.0574773527379329,1.3715646045024963,0.003897116134060795,0.7701525054466231,1.0,80.0,100.0,2428,0,2,1,0,0,4.1186161449752884E-4,0.0,0.0,0.1,0.7000000000000001,0.9,0.7000000000000001,95.0,40.0,35.0,0.2,0.6000000000000001,0.9,0.8,95.0,30.0,35.0,897,897,0,897,0.0,1.058640646973055,1.0,1.058640646973055,723,0.8060200668896321,1.0,1
"iteration_2","SCOPE_DATA_COLLECTION",200,14,910.0,970.0,2,1281,922,227,1377,875,271,1283,918,226,0,1,0,0.0,0.001088139281828074,0.0,0.3542250334532663,1.0574773527379329,2.0573469067537444,0.7084500669065326,1.0574773527379329,1.3715646045024963,0.003897116134060795,0.7701525054466231,1.0,80.0,100.0,2428,0,2,1,0,0,4.1186161449752884E-4,0.0,0.0,0.1,0.7000000000000001,0.9,0.7000000000000001,95.0,40.0,35.0,0.2,0.6000000000000001,0.9,0.8,95.0,30.0,35.0,251,250,1,251,0.00398406374501992,2.0591864848751,1.5,1.3727909899167334,250,1.0,1.0,1
"iteration_2","SCOPE_DATA_COLLECTION",200,15,970.0,1030.0,0,1325,897,251,1281,922,227,1318,900,247,0,0,1,0.0,0.0,0.004032258064516129,0.3550708940334555,1.0587576214983192,2.057624961496372,0.710141788066911,1.0587576214983192,1.3717499743309147,0.002276176024279211,0.8033333333333333,1.0,92.5,100.0,2466,2,5,1,0,0,4.0551500405515005E-4,0.0,0.0,0.2,0.6000000000000001,0.9,0.8,95.0,30.0,35.0,0.1,0.7000000000000001,0.9,0.9,85.0,30.0,25.0,1299,1298,1,1299,7.698229407236335E-4,0.3540658291347578,0.5,0.7081316582695156,4,0.0030816640986132513,1.0,1
"iteration_2","SCOPE_DATA_COLLECTION",200,15,970.0,1030.0,1,1325,897,251,1281,922,227,1318,900,247,0,0,1,0.0,0.0,0.004032258064516129,0.3550708940334555,1.0587576214983192,2.057624961496372,0.710141788066911,1.0587576214983192,1.3717499743309147,0.002276176024279211,0.8033333333333333,1.0,92.5,100.0,2466,2,5,1,0,0,4.0551500405515005E-4,0.0,0.0,0.2,0.6000000000000001,0.9,0.8,95.0,30.0,35.0,0.1,0.7000000000000001,0.9,0.9,85.0,30.0,25.0,865,863,2,865,0.0023121387283236996,1.0577105503116304,1.0,1.0577105503116304,689,0.7983777520278099,1.0,1
"iteration_2","SCOPE_DATA_COLLECTION",200,15,970.0,1030.0,2,1325,897,251,1281,922,227,1318,900,247,0,0,1,0.0,0.0,0.004032258064516129,0.3550708940334555,1.0587576214983192,2.057624961496372,0.710141788066911,1.0587576214983192,1.3717499743309147,0.002276176024279211,0.8033333333333333,1.0,92.5,100.0,2466,2,5,1,0,0,4.0551500405515005E-4,0.0,0.0,0.2,0.6000000000000001,0.9,0.8,95.0,30.0,35.0,0.1,0.7000000000000001,0.9,0.9,85.0,30.0,25.0,268,268,0,268,0.0,2.067061817650184,1.5,1.3780412117667893,268,1.0,1.0,1
"iteration_2","SCOPE_DATA_COLLECTION",200,16,1030.0,1090.0,0,1299,865,268,1325,897,251,1299,864,276,1,2,0,7.692307692307692E-4,0.0023094688221709007,0.0,0.35367425583800927,1.0581324469882378,2.064928937914248,0.7073485116760185,1.0581324469882378,1.3766192919428322,0.003079291762894534,0.8020833333333334,1.0,67.5,100.0,2427,1,4,3,0,0,0.0012360939431396785,0.0,0.0,0.1,0.7000000000000001,0.9,0.9,85.0,30.0,25.0,0.7000000000000001,0.5,0.8,0.1,75.0,45.0,60.0,1230,1230,0,1230,0.0,0.35578917257059894,0.5,0.7115783451411979,10,0.008130081300813009,1.0,1
"iteration_2","SCOPE_DATA_COLLECTION",200,16,1030.0,1090.0,1,1299,865,268,1325,897,251,1299,864,276,1,2,0,7.692307692307692E-4,0.0023094688221709007,0.0,0.35367425583800927,1.0581324469882378,2.064928937914248,0.7073485116760185,1.0581324469882378,1.3766192919428322,0.003079291762894534,0.8020833333333334,1.0,67.5,100.0,2427,1,4,3,0,0,0.0012360939431396785,0.0,0.0,0.1,0.7000000000000001,0.9,0.9,85.0,30.0,25.0,0.7000000000000001,0.5,0.8,0.1,75.0,45.0,60.0,892,892,0,892,0.0,1.0578068346868674,1.0,1.0578068346868674,692,0.7757847533632287,1.0,1
"iteration_2","SCOPE_DATA_COLLECTION",200,16,1030.0,1090.0,2,1299,865,268,1325,897,251,1299,864,276,1,2,0,7.692307692307692E-4,0.0023094688221709007,0.0,0.35367425583800927,1.0581324469882378,2.064928937914248,0.7073485116760185,1.0581324469882378,1.3766192919428322,0.003079291762894534,0.8020833333333334,1.0,67.5,100.0,2427,1,4,3,0,0,0.0012360939431396785,0.0,0.0,0.1,0.7000000000000001,0.9,0.9,85.0,30.0,25.0,0.7000000000000001,0.5,0.8,0.1,75.0,45.0,60.0,233,233,0,233,0.0,2.0640848406958363,1.5,1.3760565604638908,233,1.0,1.0,1
"iteration_2","SCOPE_DATA_COLLECTION",200,17,1090.0,1150.0,0,1230,892,233,1299,865,268,1235,891,232,0,0,0,0.0,0.0,0.0,0.3561043444581085,1.0570955628704781,2.0654281512398396,0.712208688916217,1.0570955628704781,1.3769521008265597,0.008097165991902834,0.7744107744107744,1.0,65.0,100.0,2353,2,0,0,0,0,0.0,0.0,0.0,0.7000000000000001,0.5,0.8,0.1,75.0,45.0,60.0,0.7000000000000001,0.5,0.9,0.1,65.0,35.0,60.0,1295,1295,0,1295,0.0,0.35433064472994596,0.5,0.7086612894598919,9,0.0069498069498069494,1.0,1
"iteration_2","SCOPE_DATA_COLLECTION",200,17,1090.0,1150.0,1,1230,892,233,1299,865,268,1235,891,232,0,0,0,0.0,0.0,0.0,0.3561043444581085,1.0570955628704781,2.0654281512398396,0.712208688916217,1.0570955628704781,1.3769521008265597,0.008097165991902834,0.7744107744107744,1.0,65.0,100.0,2353,2,0,0,0,0,0.0,0.0,0.0,0.7000000000000001,0.5,0.8,0.1,75.0,45.0,60.0,0.7000000000000001,0.5,0.9,0.1,65.0,35.0,60.0,926,926,0,926,0.0,1.0544855430699798,1.0,1.0544855430699798,713,0.7699784017278618,1.0,1
"iteration_2","SCOPE_DATA_COLLECTION",200,17,1090.0,1150.0,2,1230,892,233,1299,865,268,1235,891,232,0,0,0,0.0,0.0,0.0,0.3561043444581085,1.0570955628704781,2.0654281512398396,0.712208688916217,1.0570955628704781,1.3769521008265597,0.008097165991902834,0.7744107744107744,1.0,65.0,100.0,2353,2,0,0,0,0,0.0,0.0,0.0,0.7000000000000001,0.5,0.8,0.1,75.0,45.0,60.0,0.7000000000000001,0.5,0.9,0.1,65.0,35.0,60.0,249,249,0,249,0.0,2.070466345181746,1.5,1.3803108967878306,249,1.0,1.0,1
"iteration_2","SCOPE_DATA_COLLECTION",200,18,1150.0,1210.0,0,1295,926,249,1230,892,233,1298,935,248,0,0,0,0.0,0.0,0.0,0.35435659418511267,1.054676590413096,2.0701531557345585,0.7087131883702253,1.054676590413096,1.380102103823039,0.006933744221879815,0.7689839572192514,1.0,45.0,100.0,2461,6,3,0,0,0,0.0,0.0,0.0,0.7000000000000001,0.5,0.9,0.1,65.0,35.0,60.0,0.6000000000000001,0.5,0.9,0.1,55.0,35.0,50.0,1236,1236,0,1236,0.0,0.3568396765211406,0.5,0.7136793530422813,14,0.011326860841423949,1.0,1
"iteration_2","SCOPE_DATA_COLLECTION",200,18,1150.0,1210.0,1,1295,926,249,1230,892,233,1298,935,248,0,0,0,0.0,0.0,0.0,0.35435659418511267,1.054676590413096,2.0701531557345585,0.7087131883702253,1.054676590413096,1.380102103823039,0.006933744221879815,0.7689839572192514,1.0,45.0,100.0,2461,6,3,0,0,0,0.0,0.0,0.0,0.7000000000000001,0.5,0.9,0.1,65.0,35.0,60.0,0.6000000000000001,0.5,0.9,0.1,55.0,35.0,50.0,992,991,1,992,0.0010080645161290322,1.0601317480485595,1.0,1.0601317480485595,782,0.7891019172552977,1.0,1
"iteration_2","SCOPE_DATA_COLLECTION",200,18,1150.0,1210.0,2,1295,926,249,1230,892,233,1298,935,248,0,0,0,0.0,0.0,0.0,0.35435659418511267,1.054676590413096,2.0701531557345585,0.7087131883702253,1.054676590413096,1.380102103823039,0.006933744221879815,0.7689839572192514,1.0,45.0,100.0,2461,6,3,0,0,0,0.0,0.0,0.0,0.7000000000000001,0.5,0.9,0.1,65.0,35.0,60.0,0.6000000000000001,0.5,0.9,0.1,55.0,35.0,50.0,214,213,1,214,0.004672897196261682,2.07537097905838,1.5,1.3835806527055867,213,1.0,1.0,1
"iteration_2","SCOPE_DATA_COLLECTION",200,19,1210.0,1270.0,0,1236,992,214,1295,926,249,1232,980,210,0,1,1,0.0,0.0010193679918450561,0.004739336492890996,0.3567534956812141,1.0599300681559143,2.0765980995093383,0.7135069913624282,1.0599300681559143,1.3843987330062255,0.011363636363636364,0.789795918367347,1.0,82.5,100.0,2438,2,2,2,0,0,8.203445447087777E-4,0.0,0.0,0.6000000000000001,0.5,0.9,0.1,55.0,35.0,50.0,0.1,0.5,0.4,0.30000000000000004,70.0,65.0,70.0,1252,1251,1,1252,7.987220447284345E-4,0.35723909867921444,0.5,0.7144781973584289,11,0.008792965627498001,1.0,1
"iteration_2","SCOPE_DATA_COLLECTION",200,19,1210.0,1270.0,1,1236,992,214,1295,926,249,1232,980,210,0,1,1,0.0,0.0010193679918450561,0.004739336492890996,0.3567534956812141,1.0599300681559143,2.0765980995093383,0.7135069913624282,1.0599300681559143,1.3843987330062255,0.011363636363636364,0.789795918367347,1.0,82.5,100.0,2438,2,2,2,0,0,8.203445447087777E-4,0.0,0.0,0.6000000000000001,0.5,0.9,0.1,55.0,35.0,50.0,0.1,0.5,0.4,0.30000000000000004,70.0,65.0,70.0,934,934,0,934,0.0,1.0570736097246223,1.0,1.0570736097246223,743,0.7955032119914347,1.0,1
"iteration_2","SCOPE_DATA_COLLECTION",200,19,1210.0,1270.0,2,1236,992,214,1295,926,249,1232,980,210,0,1,1,0.0,0.0010193679918450561,0.004739336492890996,0.3567534956812141,1.0599300681559143,2.0765980995093383,0.7135069913624282,1.0599300681559143,1.3843987330062255,0.011363636363636364,0.789795918367347,1.0,82.5,100.0,2438,2,2,2,0,0,8.203445447087777E-4,0.0,0.0,0.6000000000000001,0.5,0.9,0.1,55.0,35.0,50.0,0.1,0.5,0.4,0.30000000000000004,70.0,65.0,70.0,236,236,0,236,0.0,2.0553294608853494,1.5,1.370219640590233,235,0.9957627118644068,1.0,1
"iteration_2","SCOPE_DATA_COLLECTION",200,20,1270.0,1330.0,0,1252,934,236,1236,992,214,1254,934,237,1,0,0,7.968127490039841E-4,0.0,0.0,0.35729728063976535,1.0574517533425998,2.054995564791954,0.7145945612795307,1.0574517533425998,1.369997043194636,0.008771929824561403,0.7965738758029979,0.9957805907172996,65.0,100.0,2419,0,3,1,0,0,4.1339396444811904E-4,0.0,0.0,0.1,0.5,0.4,0.30000000000000004,70.0,65.0,70.0,0.8,0.2,0.4,0.4,55.0,70.0,85.0,1283,1283,0,1283,0.0,0.353937790494727,0.5,0.707875580989454,10,0.00779423226812159,1.0,1
"iteration_2","SCOPE_DATA_COLLECTION",200,20,1270.0,1330.0,1,1252,934,236,1236,992,214,1254,934,237,1,0,0,7.968127490039841E-4,0.0,0.0,0.35729728063976535,1.0574517533425998,2.054995564791954,0.7145945612795307,1.0574517533425998,1.369997043194636,0.008771929824561403,0.7965738758029979,0.9957805907172996,65.0,100.0,2419,0,3,1,0,0,4.1339396444811904E-4,0.0,0.0,0.1,0.5,0.4,0.30000000000000004,70.0,65.0,70.0,0.8,0.2,0.4,0.4,55.0,70.0,85.0,892,892,0,892,0.0,1.0600527588277417,1.0,1.0600527588277417,726,0.8139013452914798,1.0,1
"iteration_2","SCOPE_DATA_COLLECTION",200,20,1270.0,1330.0,2,1252,934,236,1236,992,214,1254,934,237,1,0,0,7.968127490039841E-4,0.0,0.0,0.35729728063976535,1.0574517533425998,2.054995564791954,0.7145945612795307,1.0574517533425998,1.369997043194636,0.008771929824561403,0.7965738758029979,0.9957805907172996,65.0,100.0,2419,0,3,1,0,0,4.1339396444811904E-4,0.0,0.0,0.1,0.5,0.4,0.30000000000000004,70.0,65.0,70.0,0.8,0.2,0.4,0.4,55.0,70.0,85.0,226,226,0,226,0.0,2.0618288447296136,1.5,1.3745525631530757,226,1.0,1.0,1
"iteration_2","SCOPE_DATA_COLLECTION",200,21,1330.0,1390.0,0,1283,892,226,1252,934,236,1278,900,227,0,0,0,0.0,0.0,0.0,0.3540672347961155,1.0598192825873705,2.0612629653629004,0.708134469592231,1.0598192825873705,1.3741753102419336,0.00782472613458529,0.8122222222222222,1.0,62.5,100.0,2401,0,0,0,0,0,0.0,0.0,0.0,0.8,0.2,0.4,0.4,55.0,70.0,85.0,0.7000000000000001,0.1,0.30000000000000004,0.30000000000000004,65.0,80.0,95.0,1329,1327,2,1329,0.0015048908954100827,0.3576724976233716,0.5,0.7153449952467432,17,0.01281085154483798,1.0,1
"iteration_2","SCOPE_DATA_COLLECTION",200,21,1330.0,1390.0,1,1283,892,226,1252,934,236,1278,900,227,0,0,0,0.0,0.0,0.0,0.3540672347961155,1.0598192825873705,2.0612629653629004,0.708134469592231,1.0598192825873705,1.3741753102419336,0.00782472613458529,0.8122222222222222,1.0,62.5,100.0,2401,0,0,0,0,0,0.0,0.0,0.0,0.8,0.2,0.4,0.4,55.0,70.0,85.0,0.7000000000000001,0.1,0.30000000000000004,0.30000000000000004,65.0,80.0,95.0,925,925,0,925,0.0,1.0554793617445895,1.0,1.0554793617445895,716,0.774054054054054,1.0,1
"iteration_2","SCOPE_DATA_COLLECTION",200,21,1330.0,1390.0,2,1283,892,226,1252,934,236,1278,900,227,0,0,0,0.0,0.0,0.0,0.3540672347961155,1.0598192825873705,2.0612629653629004,0.708134469592231,1.0598192825873705,1.3741753102419336,0.00782472613458529,0.8122222222222222,1.0,62.5,100.0,2401,0,0,0,0,0,0.0,0.0,0.0,0.8,0.2,0.4,0.4,55.0,70.0,85.0,0.7000000000000001,0.1,0.30000000000000004,0.30000000000000004,65.0,80.0,95.0,242,242,0,242,0.0,2.0603681702460244,1.5,1.3735787801640162,242,1.0,1.0,1
"iteration_2","SCOPE_DATA_COLLECTION",200,22,1390.0,1450.0,0,1329,925,242,1283,892,226,1329,922,242,2,0,0,0.0015026296018031556,0.0,0.0,0.3575835112861521,1.0553966888212472,2.05915863167065,0.7151670225723042,1.0553966888212472,1.3727724211137666,0.012791572610985704,0.7722342733188721,1.0,60.0,100.0,2496,0,0,2,0,0,8.012820512820513E-4,0.0,0.0,0.7000000000000001,0.1,0.30000000000000004,0.30000000000000004,65.0,80.0,95.0,0.7000000000000001,0.1,0.30000000000000004,0.30000000000000004,65.0,80.0,95.0,1257,1256,1,1257,7.955449482895784E-4,0.35580524509193084,0.5,0.7116104901838617,15,0.01194267515923567,1.0,1
"iteration_2","SCOPE_DATA_COLLECTION",200,22,1390.0,1450.0,1,1329,925,242,1283,892,226,1329,922,242,2,0,0,0.0015026296018031556,0.0,0.0,0.3575835112861521,1.0553966888212472,2.05915863167065,0.7151670225723042,1.0553966888212472,1.3727724211137666,0.012791572610985704,0.7722342733188721,1.0,60.0,100.0,2496,0,0,2,0,0,8.012820512820513E-4,0.0,0.0,0.7000000000000001,0.1,0.30000000000000004,0.30000000000000004,65.0,80.0,95.0,0.7000000000000001,0.1,0.30000000000000004,0.30000000000000004,65.0,80.0,95.0,919,916,3,919,0.003264417845484222,1.055554830712159,1.0,1.055554830712159,721,0.787117903930131,1.0,1
"iteration_2","SCOPE_DATA_COLLECTION",200,22,1390.0,1450.0,2,1329,925,242,1283,892,226,1329,922,242,2,0,0,0.0015026296018031556,0.0,0.0,0.3575835112861521,1.0553966888212472,2.05915863167065,0.7151670225723042,1.0553966888212472,1.3727724211137666,0.012791572610985704,0.7722342733188721,1.0,60.0,100.0,2496,0,0,2,0,0,8.012820512820513E-4,0.0,0.0,0.7000000000000001,0.1,0.30000000000000004,0.30000000000000004,65.0,80.0,95.0,0.7000000000000001,0.1,0.30000000000000004,0.30000000000000004,65.0,80.0,95.0,262,262,0,262,0.0,2.07675902816462,1.5,1.3845060187764133,262,1.0,1.0,1
"iteration_2","SCOPE_DATA_COLLECTION",200,23,1450.0,1510.0,0,1257,919,262,1329,925,242,1257,923,261,1,3,0,7.94912559618442E-4,0.0032397408207343412,0.0,0.35582404876666984,1.055884934748694,2.076884546289208,0.7116480975333397,1.055884934748694,1.3845896975261385,0.011933174224343675,0.7908992416034669,1.0,50.0,100.0,2433,1,4,4,0,0,0.0016440608302507192,0.0,0.0,0.7000000000000001,0.1,0.30000000000000004,0.30000000000000004,65.0,80.0,95.0,0.25,0.30000000000000004,0.8,0.30000000000000004,75.0,50.0,55.0,1284,1284,0,1284,0.0,0.3555735073758896,0.5,0.7111470147517792,5,0.003894080996884735,1.0,1
"iteration_2","SCOPE_DATA_COLLECTION",200,23,1450.0,1510.0,1,1257,919,262,1329,925,242,1257,923,261,1,3,0,7.94912559618442E-4,0.0032397408207343412,0.0,0.35582404876666984,1.055884934748694,2.076884546289208,0.7116480975333397,1.055884934748694,1.3845896975261385,0.011933174224343675,0.7908992416034669,1.0,50.0,100.0,2433,1,4,4,0,0,0.0016440608302507192,0.0,0.0,0.7000000000000001,0.1,0.30000000000000004,0.30000000000000004,65.0,80.0,95.0,0.25,0.30000000000000004,0.8,0.30000000000000004,75.0,50.0,55.0,929,928,1,929,0.001076426264800861,1.0557489095024788,1.0,1.0557489095024788,714,0.7693965517241379,1.0,1
"iteration_2","SCOPE_DATA_COLLECTION",200,23,1450.0,1510.0,2,1257,919,262,1329,925,242,1257,923,261,1,3,0,7.94912559618442E-4,0.0032397408207343412,0.0,0.35582404876666984,1.055884934748694,2.076884546289208,0.7116480975333397,1.055884934748694,1.3845896975261385,0.011933174224343675,0.7908992416034669,1.0,50.0,100.0,2433,1,4,4,0,0,0.0016440608302507192,0.0,0.0,0.7000000000000001,0.1,0.30000000000000004,0.30000000000000004,65.0,80.0,95.0,0.25,0.30000000000000004,0.8,0.30000000000000004,75.0,50.0,55.0,246,246,0,246,0.0,2.0518678600394002,1.5,1.3679119066929335,245,0.9959349593495935,1.0,1
"iteration_2","SCOPE_DATA_COLLECTION",200,24,1510.0,1570.0,0,1284,929,246,1257,919,262,1285,917,246,0,1,0,0.0,0.0010893246187363835,0.0,0.35557043436108055,1.0557082669792641,2.050493042393365,0.7111408687221611,1.0557082669792641,1.3669953615955768,0.0038910505836575876,0.7677208287895311,0.9959349593495935,60.0,100.0,2455,1,3,1,0,0,4.073319755600815E-4,0.0,0.0,0.25,0.30000000000000004,0.8,0.30000000000000004,75.0,50.0,55.0,0.25,0.30000000000000004,0.9,0.30000000000000004,75.0,50.0,55.0,1275,1273,2,1275,0.001568627450980392,0.3543106680010693,0.5,0.7086213360021386,3,0.002356637863315004,1.0,1
"iteration_2","SCOPE_DATA_COLLECTION",200,24,1510.0,1570.0,1,1284,929,246,1257,919,262,1285,917,246,0,1,0,0.0,0.0010893246187363835,0.0,0.35557043436108055,1.0557082669792641,2.050493042393365,0.7111408687221611,1.0557082669792641,1.3669953615955768,0.0038910505836575876,0.7677208287895311,0.9959349593495935,60.0,100.0,2455,1,3,1,0,0,4.073319755600815E-4,0.0,0.0,0.25,0.30000000000000004,0.8,0.30000000000000004,75.0,50.0,55.0,0.25,0.30000000000000004,0.9,0.30000000000000004,75.0,50.0,55.0,918,917,1,918,0.0010893246187363835,1.0584030313487818,1.0,1.0584030313487818,717,0.781897491821156,1.0,1
"iteration_2","SCOPE_DATA_COLLECTION",200,24,1510.0,1570.0,2,1284,929,246,1257,919,262,1285,917,246,0,1,0,0.0,0.0010893246187363835,0.0,0.35557043436108055,1.0557082669792641,2.050493042393365,0.7111408687221611,1.0557082669792641,1.3669953615955768,0.0038910505836575876,0.7677208287895311,0.9959349593495935,60.0,100.0,2455,1,3,1,0,0,4.073319755600815E-4,0.0,0.0,0.25,0.30000000000000004,0.8,0.30000000000000004,75.0,50.0,55.0,0.25,0.30000000000000004,0.9,0.30000000000000004,75.0,50.0,55.0,250,250,0,250,0.0,2.050643818556272,1.5,1.3670958790375147,250,1.0,1.0,1
"iteration_2","SCOPE_DATA_COLLECTION",200,25,1570.0,1630.0,0,1275,918,250,1284,929,246,1272,918,249,2,1,0,0.0015698587127158557,0.001088139281828074,0.0,0.3542785635573024,1.0578882541069725,2.0534230970740435,0.7085571271146048,1.0578882541069725,1.3689487313826956,0.0023584905660377358,0.7799564270152506,1.0,62.5,100.0,2441,1,1,3,0,0,0.0012290045063498567,0.0,0.0,0.25,0.30000000000000004,0.9,0.30000000000000004,75.0,50.0,55.0,0.55,0.5,0.6000000000000001,0.7000000000000001,85.0,95.0,30.0,1289,1289,0,1289,0.0,0.35473689495188354,0.5,0.7094737899037671,7,0.005430566330488751,1.0,1
"iteration_2","SCOPE_DATA_COLLECTION",200,25,1570.0,1630.0,1,1275,918,250,1284,929,246,1272,918,249,2,1,0,0.0015698587127158557,0.001088139281828074,0.0,0.3542785635573024,1.0578882541069725,2.0534230970740435,0.7085571271146048,1.0578882541069725,1.3689487313826956,0.0023584905660377358,0.7799564270152506,1.0,62.5,100.0,2441,1,1,3,0,0,0.0012290045063498567,0.0,0.0,0.25,0.30000000000000004,0.9,0.30000000000000004,75.0,50.0,55.0,0.55,0.5,0.6000000000000001,0.7000000000000001,85.0,95.0,30.0,909,909,0,909,0.0,1.0483344036956161,1.0,1.0483344036956161,703,0.7733773377337734,1.0,1
"iteration_2","SCOPE_DATA_COLLECTION",200,25,1570.0,1630.0,2,1275,918,250,1284,929,246,1272,918,249,2,1,0,0.0015698587127158557,0.001088139281828074,0.0,0.3542785635573024,1.0578882541069725,2.0534230970740435,0.7085571271146048,1.0578882541069725,1.3689487313826956,0.0023584905660377358,0.7799564270152506,1.0,62.5,100.0,2441,1,1,3,0,0,0.0012290045063498567,0.0,0.0,0.25,0.30000000000000004,0.9,0.30000000000000004,75.0,50.0,55.0,0.55,0.5,0.6000000000000001,0.7000000000000001,85.0,95.0,30.0,243,243,0,243,0.0,2.060473866866903,1.5,1.3736492445779354,243,1.0,1.0,1
"iteration_2","SCOPE_DATA_COLLECTION",200,26,1630.0,1690.0,0,1289,909,243,1275,918,250,1290,901,247,0,0,0,0.0,0.0,0.0,0.35474819702424243,1.0482026622588487,2.0604290097307296,0.7094963940484849,1.0482026622588487,1.3736193398204863,0.005426356589147287,0.7735849056603774,1.0,82.5,100.0,2426,11,4,0,0,0,0.0,0.0,0.0,0.55,0.5,0.6000000000000001,0.7000000000000001,85.0,95.0,30.0,0.55,0.5,0.7000000000000001,0.6000000000000001,75.0,95.0,20.0,1282,1281,1,1282,7.8003120124805E-4,0.35533808373741993,0.5,0.7106761674748399,10,0.0078064012490242,1.0,1
"iteration_2","SCOPE_DATA_COLLECTION",200,26,1630.0,1690.0,1,1289,909,243,1275,918,250,1290,901,247,0,0,0,0.0,0.0,0.0,0.35474819702424243,1.0482026622588487,2.0604290097307296,0.7094963940484849,1.0482026622588487,1.3736193398204863,0.005426356589147287,0.7735849056603774,1.0,82.5,100.0,2426,11,4,0,0,0,0.0,0.0,0.0,0.55,0.5,0.6000000000000001,0.7000000000000001,85.0,95.0,30.0,0.55,0.5,0.7000000000000001,0.6000000000000001,75.0,95.0,20.0,920,920,0,920,0.0,1.0581848667292926,1.0,1.0581848667292926,708,0.7695652173913043,1.0,1
"iteration_2","SCOPE_DATA_COLLECTION",200,26,1630.0,1690.0,2,1289,909,243,1275,918,250,1290,901,247,0,0,0,0.0,0.0,0.0,0.35474819702424243,1.0482026622588487,2.0604290097307296,0.7094963940484849,1.0482026622588487,1.3736193398204863,0.005426356589147287,0.7735849056603774,1.0,82.5,100.0,2426,11,4,0,0,0,0.0,0.0,0.0,0.55,0.5,0.6000000000000001,0.7000000000000001,85.0,95.0,30.0,0.55,0.5,0.7000000000000001,0.6000000000000001,75.0,95.0,20.0,222,222,0,222,0.0,2.0475525841327515,1.5,1.365035056088501,222,1.0,1.0,1
"iteration_2","SCOPE_DATA_COLLECTION",200,27,1690.0,1750.0,0,1282,920,222,1289,909,243,1282,926,218,1,0,0,7.79423226812159E-4,0.0,0.0,0.3553196378139006,1.0589746151027848,2.047181057932876,0.7106392756278012,1.0589746151027848,1.3647873719552506,0.0078003120124804995,0.7721382289416847,1.0,70.0,100.0,2422,2,0,1,0,0,4.1288191577208916E-4,0.0,0.0,0.55,0.5,0.7000000000000001,0.6000000000000001,75.0,95.0,20.0,0.55,0.5,0.7000000000000001,0.6000000000000001,75.0,95.0,20.0,1304,1303,1,1304,7.668711656441718E-4,0.3561796634414133,0.5,0.7123593268828265,13,0.009976976208749041,1.0,1
"iteration_2","SCOPE_DATA_COLLECTION",200,27,1690.0,1750.0,1,1282,920,222,1289,909,243,1282,926,218,1,0,0,7.79423226812159E-4,0.0,0.0,0.3553196378139006,1.0589746151027848,2.047181057932876,0.7106392756278012,1.0589746151027848,1.3647873719552506,0.0078003120124804995,0.7721382289416847,1.0,70.0,100.0,2422,2,0,1,0,0,4.1288191577208916E-4,0.0,0.0,0.55,0.5,0.7000000000000001,0.6000000000000001,75.0,95.0,20.0,0.55,0.5,0.7000000000000001,0.6000000000000001,75.0,95.0,20.0,956,956,0,956,0.0,1.0523470450874488,1.0,1.0523470450874488,730,0.7635983263598326,1.0,1
"iteration_2","SCOPE_DATA_COLLECTION",200,27,1690.0,1750.0,2,1282,920,222,1289,909,243,1282,926,218,1,0,0,7.79423226812159E-4,0.0,0.0,0.3553196378139006,1.0589746151027848,2.047181057932876,0.7106392756278012,1.0589746151027848,1.3647873719552506,0.0078003120124804995,0.7721382289416847,1.0,70.0,100.0,2422,2,0,1,0,0,4.1288191577208916E-4,0.0,0.0,0.55,0.5,0.7000000000000001,0.6000000000000001,75.0,95.0,20.0,0.55,0.5,0.7000000000000001,0.6000000000000001,75.0,95.0,20.0,246,245,1,246,0.0040650406504065045,2.0557994030088844,1.5,1.3705329353392564,243,0.9918367346938776,1.0,1
"iteration_2","SCOPE_DATA_COLLECTION",200,28,1750.0,1810.0,0,1304,956,246,1282,920,222,1299,964,248,1,0,1,7.692307692307692E-4,0.0,0.004016064257028112,0.3561556044493443,1.051970690015145,2.0550679371233858,0.7123112088986886,1.051970690015145,1.3700452914155905,0.010007698229407237,0.7614107883817427,0.9919354838709677,60.0,100.0,2493,7,6,2,0,0,8.022462896109105E-4,0.0,0.0,0.55,0.5,0.7000000000000001,0.6000000000000001,75.0,95.0,20.0,0.55,0.5,0.8,0.6000000000000001,65.0,95.0,30.0,1265,1264,1,1265,7.905138339920949E-4,0.35467979557093626,0.5,0.7093595911418725,5,0.003955696202531646,1.0,1
"iteration_2","SCOPE_DATA_COLLECTION",200,28,1750.0,1810.0,1,1304,956,246,1282,920,222,1299,964,248,1,0,1,7.692307692307692E-4,0.0,0.004016064257028112,0.3561556044493443,1.051970690015145,2.0550679371233858,0.7123112088986886,1.051970690015145,1.3700452914155905,0.010007698229407237,0.7614107883817427,0.9919354838709677,60.0,100.0,2493,7,6,2,0,0,8.022462896109105E-4,0.0,0.0,0.55,0.5,0.7000000000000001,0.6000000000000001,75.0,95.0,20.0,0.55,0.5,0.8,0.6000000000000001,65.0,95.0,30.0,934,933,1,934,0.0010706638115631692,1.058554197800111,1.0,1.058554197800111,744,0.797427652733119,1.0,1
"iteration_2","SCOPE_DATA_COLLECTION",200,28,1750.0,1810.0,2,1304,956,246,1282,920,222,1299,964,248,1,0,1,7.692307692307692E-4,0.0,0.004016064257028112,0.3561556044493443,1.051970690015145,2.0550679371233858,0.7123112088986886,1.051970690015145,1.3700452914155905,0.010007698229407237,0.7614107883817427,0.9919354838709677,60.0,100.0,2493,7,6,2,0,0,8.022462896109105E-4,0.0,0.0,0.55,0.5,0.7000000000000001,0.6000000000000001,75.0,95.0,20.0,0.55,0.5,0.8,0.6000000000000001,65.0,95.0,30.0,249,249,0,249,0.0,2.0679449821774445,1.5,1.3786299881182964,248,0.9959839357429718,1.0,1
"iteration_2","SCOPE_DATA_COLLECTION",200,29,1810.0,1870.0,0,1265,934,249,1304,956,246,1269,928,249,1,1,0,7.874015748031496E-4,0.001076426264800861,0.0,0.35472439356071367,1.058850580941003,2.06730792209935,0.7094487871214273,1.058850580941003,1.3782052813995669,0.003940110323089046,0.7974137931034483,0.9959839357429718,60.0,100.0,2439,6,3,2,0,0,8.200082000820008E-4,0.0,0.0,0.55,0.5,0.8,0.6000000000000001,65.0,95.0,30.0,0.55,0.6000000000000001,0.9,0.5,75.0,85.0,20.0,1289,1289,0,1289,0.0,0.3543743926947152,0.5,0.7087487853894304,7,0.005430566330488751,1.0,1
"iteration_2","SCOPE_DATA_COLLECTION",200,29,1810.0,1870.0,1,1265,934,249,1304,956,246,1269,928,249,1,1,0,7.874015748031496E-4,0.001076426264800861,0.0,0.35472439356071367,1.058850580941003,2.06730792209935,0.7094487871214273,1.058850580941003,1.3782052813995669,0.003940110323089046,0.7974137931034483,0.9959839357429718,60.0,100.0,2439,6,3,2,0,0,8.200082000820008E-4,0.0,0.0,0.55,0.5,0.8,0.6000000000000001,65.0,95.0,30.0,0.55,0.6000000000000001,0.9,0.5,75.0,85.0,20.0,885,884,1,885,0.0011299435028248588,1.0505823358752198,1.0,1.0505823358752198,665,0.752262443438914,1.0,1
"iteration_2","SCOPE_DATA_COLLECTION",200,29,1810.0,1870.0,2,1265,934,249,1304,956,246,1269,928,249,1,1,0,7.874015748031496E-4,0.001076426264800861,0.0,0.35472439356071367,1.058850580941003,2.06730792209935,0.7094487871214273,1.058850580941003,1.3782052813995669,0.003940110323089046,0.7974137931034483,0.9959839357429718,60.0,100.0,2439,6,3,2,0,0,8.200082000820008E-4,0.0,0.0,0.55,0.5,0.8,0.6000000000000001,65.0,95.0,30.0,0.55,0.6000000000000001,0.9,0.5,75.0,85.0,20.0,232,232,0,232,0.0,2.0668502080126983,1.5,1.3779001386751322,232,1.0,1.0,1
"iteration_2","SCOPE_DATA_COLLECTION",200,30,1870.0,1930.0,0,1289,885,232,1265,934,249,1282,879,229,0,1,0,0.0,0.0011363636363636363,0.0,0.3542313479380139,1.0508020656079524,2.0690106204089,0.7084626958760278,1.0508020656079524,1.3793404136059333,0.00546021840873635,0.7554038680318543,1.0,85.0,100.0,2403,3,0,1,0,0,4.161464835622139E-4,0.0,0.0,0.55,0.6000000000000001,0.9,0.5,75.0,85.0,20.0,0.45,0.6000000000000001,0.9,0.4,65.0,85.0,20.0,1303,1302,1,1303,7.674597083653108E-4,0.35443871735351096,0.5,0.7088774347070219,7,0.005376344086021506,1.0,1
"iteration_2","SCOPE_DATA_COLLECTION",200,30,1870.0,1930.0,1,1289,885,232,1265,934,249,1282,879,229,0,1,0,0.0,0.0011363636363636363,0.0,0.3542313479380139,1.0508020656079524,2.0690106204089,0.7084626958760278,1.0508020656079524,1.3793404136059333,0.00546021840873635,0.7554038680318543,1.0,85.0,100.0,2403,3,0,1,0,0,4.161464835622139E-4,0.0,0.0,0.55,0.6000000000000001,0.9,0.5,75.0,85.0,20.0,0.45,0.6000000000000001,0.9,0.4,65.0,85.0,20.0,938,938,0,938,0.0,1.0551983571430976,1.0,1.0551983571430976,702,0.7484008528784648,1.0,1
"iteration_2","SCOPE_DATA_COLLECTION",200,30,1870.0,1930.0,2,1289,885,232,1265,934,249,1282,879,229,0,1,0,0.0,0.0011363636363636363,0.0,0.3542313479380139,1.0508020656079524,2.0690106204089,0.7084626958760278,1.0508020656079524,1.3793404136059333,0.00546021840873635,0.7554038680318543,1.0,85.0,100.0,2403,3,0,1,0,0,4.161464835622139E-4,0.0,0.0,0.55,0.6000000000000001,0.9,0.5,75.0,85.0,20.0,0.45,0.6000000000000001,0.9,0.4,65.0,85.0,20.0,235,233,2,235,0.00851063829787234,2.0729767805404364,1.5,1.381984520360291,233,1.0,1.0,1
"iteration_2","SCOPE_DATA_COLLECTION",200,31,1930.0,1990.0,0,1303,938,235,1289,885,232,1309,942,238,1,0,2,7.633587786259542E-4,0.0,0.008333333333333333,0.3546327942909842,1.0550720537724179,2.070967054503308,0.7092655885819684,1.0550720537724179,1.3806447030022053,0.0053475935828877,0.7494692144373672,1.0,57.5,100.0,2467,4,5,3,0,0,0.0012160518848804217,0.0,0.0,0.45,0.6000000000000001,0.9,0.4,65.0,85.0,20.0,0.55,0.6000000000000001,0.9,0.30000000000000004,75.0,95.0,20.0,1224,1222,2,1224,0.0016339869281045752,0.3546360683158356,0.5,0.7092721366316712,2,0.0016366612111292963,1.0,1
"iteration_2","SCOPE_DATA_COLLECTION",200,31,1930.0,1990.0,1,1303,938,235,1289,885,232,1309,942,238,1,0,2,7.633587786259542E-4,0.0,0.008333333333333333,0.3546327942909842,1.0550720537724179,2.070967054503308,0.7092655885819684,1.0550720537724179,1.3806447030022053,0.0053475935828877,0.7494692144373672,1.0,57.5,100.0,2467,4,5,3,0,0,0.0012160518848804217,0.0,0.0,0.45,0.6000000000000001,0.9,0.4,65.0,85.0,20.0,0.55,0.6000000000000001,0.9,0.30000000000000004,75.0,95.0,20.0,940,939,1,940,0.0010638297872340426,1.056597241173917,1.0,1.056597241173917,729,0.7763578274760383,1.0,1
"iteration_2","SCOPE_DATA_COLLECTION",200,31,1930.0,1990.0,2,1303,938,235,1289,885,232,1309,942,238,1,0,2,7.633587786259542E-4,0.0,0.008333333333333333,0.3546327942909842,1.0550720537724179,2.070967054503308,0.7092655885819684,1.0550720537724179,1.3806447030022053,0.0053475935828877,0.7494692144373672,1.0,57.5,100.0,2467,4,5,3,0,0,0.0012160518848804217,0.0,0.0,0.45,0.6000000000000001,0.9,0.4,65.0,85.0,20.0,0.55,0.6000000000000001,0.9,0.30000000000000004,75.0,95.0,20.0,210,209,1,210,0.004761904761904762,2.0634011762910682,1.5,1.3756007841940454,209,1.0,1.0,1
"iteration_2","SCOPE_DATA_COLLECTION",200,32,1990.0,2050.0,0,1224,940,210,1303,938,235,1215,947,202,2,1,1,0.0016433853738701725,0.0010548523206751054,0.0049261083743842365,0.3546159030464268,1.0562675574440745,2.0638461639227437,0.7092318060928536,1.0562675574440745,1.3758974426151624,0.0016460905349794238,0.7740232312565998,1.0,72.5,100.0,2374,0,0,4,0,0,0.0016849199663016006,0.0,0.0,0.55,0.6000000000000001,0.9,0.30000000000000004,75.0,95.0,20.0,0.55,0.6000000000000001,0.9,0.30000000000000004,75.0,95.0,20.0,1262,1258,4,1262,0.003169572107765452,0.35068632804059047,0.5,0.7013726560811809,4,0.003179650238473768,1.0,1
"iteration_2","SCOPE_DATA_COLLECTION",200,32,1990.0,2050.0,1,1224,940,210,1303,938,235,1215,947,202,2,1,1,0.0016433853738701725,0.0010548523206751054,0.0049261083743842365,0.3546159030464268,1.0562675574440745,2.0638461639227437,0.7092318060928536,1.0562675574440745,1.3758974426151624,0.0016460905349794238,0.7740232312565998,1.0,72.5,100.0,2374,0,0,4,0,0,0.0016849199663016006,0.0,0.0,0.55,0.6000000000000001,0.9,0.30000000000000004,75.0,95.0,20.0,0.55,0.6000000000000001,0.9,0.30000000000000004,75.0,95.0,20.0,909,909,0,909,0.0,1.061017704209774,1.0,1.061017704209774,737,0.8107810781078107,1.0,1
"iteration_2","SCOPE_DATA_COLLECTION",200,32,1990.0,2050.0,2,1224,940,210,1303,938,235,1215,947,202,2,1,1,0.0016433853738701725,0.0010548523206751054,0.0049261083743842365,0.3546159030464268,1.0562675574440745,2.0638461639227437,0.7092318060928536,1.0562675574440745,1.3758974426151624,0.0016460905349794238,0.7740232312565998,1.0,72.5,100.0,2374,0,0,4,0,0,0.0016849199663016006,0.0,0.0,0.55,0.6000000000000001,0.9,0.30000000000000004,75.0,95.0,20.0,0.55,0.6000000000000001,0.9,0.30000000000000004,75.0,95.0,20.0,228,227,1,228,0.0043859649122807015,2.0490279028308707,1.5,1.366018601887247,225,0.9911894273127754,1.0,1
"iteration_2","SCOPE_DATA_COLLECTION",200,33,2050.0,2110.0,0,1262,909,228,1224,940,210,1265,899,235,4,0,1,0.0031520882584712374,0.0,0.00423728813559322,0.3506464346812884,1.0611760450658827,2.0491569207669564,0.7012928693625768,1.0611760450658827,1.3661046138446375,0.0031620553359683794,0.8120133481646273,0.9914893617021276,60.0,100.0,2391,3,5,5,0,0,0.002091175240485153,0.0,0.0,0.55,0.6000000000000001,0.9,0.30000000000000004,75.0,95.0,20.0,0.45,0.5,0.9,0.30000000000000004,65.0,95.0,20.0,1268,1265,3,1268,0.002365930599369085,0.35510369836843075,0.5,0.7102073967368615,2,0.0015810276679841897,1.0,1
"iteration_2","SCOPE_DATA_COLLECTION",200,33,2050.0,2110.0,1,1262,909,228,1224,940,210,1265,899,235,4,0,1,0.0031520882584712374,0.0,0.00423728813559322,0.3506464346812884,1.0611760450658827,2.0491569207669564,0.7012928693625768,1.0611760450658827,1.3661046138446375,0.0031620553359683794,0.8120133481646273,0.9914893617021276,60.0,100.0,2391,3,5,5,0,0,0.002091175240485153,0.0,0.0,0.55,0.6000000000000001,0.9,0.30000000000000004,75.0,95.0,20.0,0.45,0.5,0.9,0.30000000000000004,65.0,95.0,20.0,925,925,0,925,0.0,1.0611498964478012,1.0,1.0611498964478012,720,0.7783783783783784,1.0,1
"iteration_2","SCOPE_DATA_COLLECTION",200,33,2050.0,2110.0,2,1262,909,228,1224,940,210,1265,899,235,4,0,1,0.0031520882584712374,0.0,0.00423728813559322,0.3506464346812884,1.0611760450658827,2.0491569207669564,0.7012928693625768,1.0611760450658827,1.3661046138446375,0.0031620553359683794,0.8120133481646273,0.9914893617021276,60.0,100.0,2391,3,5,5,0,0,0.002091175240485153,0.0,0.0,0.55,0.6000000000000001,0.9,0.30000000000000004,75.0,95.0,20.0,0.45,0.5,0.9,0.30000000000000004,65.0,95.0,20.0,228,228,0,228,0.0,2.066427470797204,1.5,1.3776183138648026,228,1.0,1.0,1
"iteration_2","SCOPE_DATA_COLLECTION",200,34,2110.0,2170.0,0,1268,925,228,1262,909,228,1264,927,225,3,0,0,0.0023677979479084454,0.0,0.0,0.3551131621274014,1.0612687566621106,2.066927168509145,0.7102263242548028,1.0612687566621106,1.3779514456727633,0.0015822784810126582,0.778856526429342,1.0,65.0,100.0,2419,2,0,3,0,0,0.0012401818933443572,0.0,0.0,0.45,0.5,0.9,0.30000000000000004,65.0,95.0,20.0,0.45,0.6000000000000001,0.9,0.2,65.0,95.0,30.0,1273,1273,0,1273,0.0,0.35616659402272255,0.5,0.7123331880454451,8,0.006284367635506678,1.0,1
"iteration_2","SCOPE_DATA_COLLECTION",200,34,2110.0,2170.0,1,1268,925,228,1262,909,228,1264,927,225,3,0,0,0.0023677979479084454,0.0,0.0,0.3551131621274014,1.0612687566621106,2.066927168509145,0.7102263242548028,1.0612687566621106,1.3779514456727633,0.0015822784810126582,0.778856526429342,1.0,65.0,100.0,2419,2,0,3,0,0,0.0012401818933443572,0.0,0.0,0.45,0.5,0.9,0.30000000000000004,65.0,95.0,20.0,0.45,0.6000000000000001,0.9,0.2,65.0,95.0,30.0,885,884,1,885,0.0011299435028248588,1.0566377289649154,1.0,1.0566377289649154,678,0.7669683257918553,1.0,1
"iteration_2","SCOPE_DATA_COLLECTION",200,34,2110.0,2170.0,2,1268,925,228,1262,909,228,1264,927,225,3,0,0,0.0023677979479084454,0.0,0.0,0.3551131621274014,1.0612687566621106,2.066927168509145,0.7102263242548028,1.0612687566621106,1.3779514456727633,0.0015822784810126582,0.778856526429342,1.0,65.0,100.0,2419,2,0,3,0,0,0.0012401818933443572,0.0,0.0,0.45,0.5,0.9,0.30000000000000004,65.0,95.0,20.0,0.45,0.6000000000000001,0.9,0.2,65.0,95.0,30.0,264,264,0,264,0.0,2.0602901584205213,1.5,1.3735267722803475,263,0.9962121212121212,1.0,1
"iteration_2","SCOPE_DATA_COLLECTION",200,35,2170.0,2230.0,0,1273,885,264,1268,925,228,1271,883,266,0,1,0,0.0,0.0011312217194570137,0.0,0.35613352162699907,1.0565344254251214,2.0598771265258553,0.7122670432539981,1.0565344254251214,1.3732514176839035,0.006294256490952006,0.766704416761042,0.9962406015037594,65.0,100.0,2420,2,0,1,0,0,4.1322314049586776E-4,0.0,0.0,0.45,0.6000000000000001,0.9,0.2,65.0,95.0,30.0,0.55,0.4,0.2,0.30000000000000004,85.0,30.0,30.0,1267,1267,0,1267,0.0,0.35362987036324,0.5,0.70725974072648,7,0.0055248618784530384,1.0,1
"iteration_2","SCOPE_DATA_COLLECTION",200,35,2170.0,2230.0,1,1273,885,264,1268,925,228,1271,883,266,0,1,0,0.0,0.0011312217194570137,0.0,0.35613352162699907,1.0565344254251214,2.0598771265258553,0.7122670432539981,1.0565344254251214,1.3732514176839035,0.006294256490952006,0.766704416761042,0.9962406015037594,65.0,100.0,2420,2,0,1,0,0,4.1322314049586776E-4,0.0,0.0,0.45,0.6000000000000001,0.9,0.2,65.0,95.0,30.0,0.55,0.4,0.2,0.30000000000000004,85.0,30.0,30.0,893,891,2,893,0.0022396416573348264,1.0564054061878319,1.0,1.0564054061878319,698,0.7833894500561167,1.0,1
"iteration_2","SCOPE_DATA_COLLECTION",200,35,2170.0,2230.0,2,1273,885,264,1268,925,228,1271,883,266,0,1,0,0.0,0.0011312217194570137,0.0,0.35613352162699907,1.0565344254251214,2.0598771265258553,0.7122670432539981,1.0565344254251214,1.3732514176839035,0.006294256490952006,0.766704416761042,0.9962406015037594,65.0,100.0,2420,2,0,1,0,0,4.1322314049586776E-4,0.0,0.0,0.45,0.6000000000000001,0.9,0.2,65.0,95.0,30.0,0.55,0.4,0.2,0.30000000000000004,85.0,30.0,30.0,224,223,1,224,0.004464285714285714,2.052262142772668,1.5,1.3681747618484454,223,1.0,1.0,1
"iteration_2","SCOPE_DATA_COLLECTION",200,36,2230.0,2290.0,0,1267,893,224,1273,885,264,1271,894,221,0,1,1,0.0,0.0011173184357541898,0.0045045045045045045,0.3536462013061408,1.0562745473307953,2.053716590217739,0.7072924026122815,1.0562745473307953,1.3691443934784926,0.0055074744295830055,0.7796420581655481,1.0,60.0,100.0,2381,2,1,2,0,0,8.399832003359933E-4,0.0,0.0,0.55,0.4,0.2,0.30000000000000004,85.0,30.0,30.0,0.65,0.30000000000000004,0.1,0.4,95.0,40.0,20.0,1251,1251,0,1251,0.0,0.3538628277946937,0.5,0.7077256555893874,3,0.002398081534772182,1.0,1
"iteration_2","SCOPE_DATA_COLLECTION",200,36,2230.0,2290.0,1,1267,893,224,1273,885,264,1271,894,221,0,1,1,0.0,0.0011173184357541898,0.0045045045045045045,0.3536462013061408,1.0562745473307953,2.053716590217739,0.7072924026122815,1.0562745473307953,1.3691443934784926,0.0055074744295830055,0.7796420581655481,1.0,60.0,100.0,2381,2,1,2,0,0,8.399832003359933E-4,0.0,0.0,0.55,0.4,0.2,0.30000000000000004,85.0,30.0,30.0,0.65,0.30000000000000004,0.1,0.4,95.0,40.0,20.0,880,880,0,880,0.0,1.0578405118332836,1.0,1.0578405118332836,668,0.759090909090909,1.0,1
"iteration_2","SCOPE_DATA_COLLECTION",200,36,2230.0,2290.0,2,1267,893,224,1273,885,264,1271,894,221,0,1,1,0.0,0.0011173184357541898,0.0045045045045045045,0.3536462013061408,1.0562745473307953,2.053716590217739,0.7072924026122815,1.0562745473307953,1.3691443934784926,0.0055074744295830055,0.7796420581655481,1.0,60.0,100.0,2381,2,1,2,0,0,8.399832003359933E-4,0.0,0.0,0.55,0.4,0.2,0.30000000000000004,85.0,30.0,30.0,0.65,0.30000000000000004,0.1,0.4,95.0,40.0,20.0,229,228,1,229,0.004366812227074236,2.0635316375355814,1.5,1.3756877583570544,228,1.0,1.0,1
"iteration_2","SCOPE_DATA_COLLECTION",200,37,2290.0,2350.0,0,1251,880,229,1267,893,224,1247,880,226,0,1,0,0.0,0.0011350737797956867,0.0,0.35393870071186856,1.0577933867046119,2.0631724082758915,0.7078774014237371,1.0577933867046119,1.3754482721839276,0.0024057738572574178,0.759090909090909,1.0,65.0,100.0,2360,0,0,1,0,0,4.23728813559322E-4,0.0,0.0,0.65,0.30000000000000004,0.1,0.4,95.0,40.0,20.0,0.65,0.4,0.2,0.30000000000000004,95.0,50.0,20.0,1272,1272,0,1272,0.0,0.35465528266862106,0.5,0.7093105653372421,8,0.006289308176100629,1.0,1
"iteration_2","SCOPE_DATA_COLLECTION",200,37,2290.0,2350.0,1,1251,880,229,1267,893,224,1247,880,226,0,1,0,0.0,0.0011350737797956867,0.0,0.35393870071186856,1.0577933867046119,2.0631724082758915,0.7078774014237371,1.0577933867046119,1.3754482721839276,0.0024057738572574178,0.759090909090909,1.0,65.0,100.0,2360,0,0,1,0,0,4.23728813559322E-4,0.0,0.0,0.65,0.30000000000000004,0.1,0.4,95.0,40.0,20.0,0.65,0.4,0.2,0.30000000000000004,95.0,50.0,20.0,983,983,0,983,0.0,1.0587757914858658,1.0,1.0587757914858658,800,0.8138351983723296,1.0,1
"iteration_2","SCOPE_DATA_COLLECTION",200,37,2290.0,2350.0,2,1251,880,229,1267,893,224,1247,880,226,0,1,0,0.0,0.0011350737797956867,0.0,0.35393870071186856,1.0577933867046119,2.0631724082758915,0.7078774014237371,1.0577933867046119,1.3754482721839276,0.0024057738572574178,0.759090909090909,1.0,65.0,100.0,2360,0,0,1,0,0,4.23728813559322E-4,0.0,0.0,0.65,0.30000000000000004,0.1,0.4,95.0,40.0,20.0,0.65,0.4,0.2,0.30000000000000004,95.0,50.0,20.0,237,236,1,237,0.004219409282700422,2.046914482749203,1.5,1.3646096551661353,234,0.9915254237288136,1.0,1
"iteration_2","SCOPE_DATA_COLLECTION",200,38,2350.0,2410.0,0,1272,983,237,1251,880,229,1275,989,233,0,0,2,0.0,0.0,0.00851063829787234,0.35455101550618245,1.058851274362131,2.048119926057398,0.7091020310123649,1.058851274362131,1.3654132840382653,0.006274509803921568,0.8159757330637007,0.9914163090128756,55.0,100.0,2474,12,6,2,0,0,8.084074373484236E-4,0.0,0.0,0.65,0.4,0.2,0.30000000000000004,95.0,50.0,20.0,0.55,0.9,0.5,0.1,45.0,70.0,45.0,1346,1346,0,1346,0.0,0.35704757131016157,0.5,0.7140951426203231,15,0.011144130757800892,1.0,1
"iteration_2","SCOPE_DATA_COLLECTION",200,38,2350.0,2410.0,1,1272,983,237,1251,880,229,1275,989,233,0,0,2,0.0,0.0,0.00851063829787234,0.35455101550618245,1.058851274362131,2.048119926057398,0.7091020310123649,1.058851274362131,1.3654132840382653,0.006274509803921568,0.8159757330637007,0.9914163090128756,55.0,100.0,2474,12,6,2,0,0,8.084074373484236E-4,0.0,0.0,0.65,0.4,0.2,0.30000000000000004,95.0,50.0,20.0,0.55,0.9,0.5,0.1,45.0,70.0,45.0,922,921,1,922,0.0010845986984815619,1.057422676550368,1.0,1.057422676550368,705,0.7654723127035831,1.0,1
"iteration_2","SCOPE_DATA_COLLECTION",200,38,2350.0,2410.0,2,1272,983,237,1251,880,229,1275,989,233,0,0,2,0.0,0.0,0.00851063829787234,0.35455101550618245,1.058851274362131,2.048119926057398,0.7091020310123649,1.058851274362131,1.3654132840382653,0.006274509803921568,0.8159757330637007,0.9914163090128756,55.0,100.0,2474,12,6,2,0,0,8.084074373484236E-4,0.0,0.0,0.65,0.4,0.2,0.30000000000000004,95.0,50.0,20.0,0.55,0.9,0.5,0.1,45.0,70.0,45.0,243,242,1,243,0.00411522633744856,2.0374941811273013,1.5,1.3583294540848676,240,0.9917355371900827,1.0,1
"iteration_2","SCOPE_DATA_COLLECTION",200,39,2410.0,2470.0,0,1346,922,243,1272,983,237,1344,914,246,0,1,1,0.0,0.001092896174863388,0.004048582995951417,0.35705107014341814,1.057590601714134,2.0371702061591357,0.7141021402868363,1.057590601714134,1.3581134707727571,0.011160714285714286,0.7647702407002188,0.991869918699187,60.0,100.0,2505,6,0,2,0,0,7.984031936127744E-4,0.0,0.0,0.55,0.9,0.5,0.1,45.0,70.0,45.0,0.65,0.8,0.6000000000000001,0.2,45.0,60.0,35.0,1285,1285,0,1285,0.0,0.3561551390126454,0.5,0.7123102780252908,13,0.010116731517509728,1.0,1
"iteration_2","SCOPE_DATA_COLLECTION",200,39,2410.0,2470.0,1,1346,922,243,1272,983,237,1344,914,246,0,1,1,0.0,0.001092896174863388,0.004048582995951417,0.35705107014341814,1.057590601714134,2.0371702061591357,0.7141021402868363,1.057590601714134,1.3581134707727571,0.011160714285714286,0.7647702407002188,0.991869918699187,60.0,100.0,2505,6,0,2,0,0,7.984031936127744E-4,0.0,0.0,0.55,0.9,0.5,0.1,45.0,70.0,45.0,0.65,0.8,0.6000000000000001,0.2,45.0,60.0,35.0,941,941,0,941,0.0,1.0616964238748767,1.0,1.0616964238748767,755,0.8023379383634431,1.0,1
"iteration_2","SCOPE_DATA_COLLECTION",200,39,2410.0,2470.0,2,1346,922,243,1272,983,237,1344,914,246,0,1,1,0.0,0.001092896174863388,0.004048582995951417,0.35705107014341814,1.057590601714134,2.0371702061591357,0.7141021402868363,1.057590601714134,1.3581134707727571,0.011160714285714286,0.7647702407002188,0.991869918699187,60.0,100.0,2505,6,0,2,0,0,7.984031936127744E-4,0.0,0.0,0.55,0.9,0.5,0.1,45.0,70.0,45.0,0.65,0.8,0.6000000000000001,0.2,45.0,60.0,35.0,264,263,1,264,0.003787878787878788,2.061377804525879,1.5,1.3742518696839194,262,0.9961977186311787,1.0,1
"iteration_2","SCOPE_DATA_COLLECTION",200,40,2470.0,2530.0,0,1285,941,264,1346,922,243,1289,939,264,0,0,1,0.0,0.0,0.0037735849056603774,0.35619597166282146,1.0614483680261197,2.0611843849776728,0.7123919433256429,1.0614483680261197,1.3741229233184484,0.01008533747090768,0.8040468583599574,0.9962121212121212,62.5,100.0,2477,9,4,1,0,0,4.037141703673799E-4,0.0,0.0,0.65,0.8,0.6000000000000001,0.2,45.0,60.0,35.0,0.65,0.8,0.6000000000000001,0.2,45.0,60.0,35.0,1263,1263,0,1263,0.0,0.3540328940857373,0.5,0.7080657881714746,11,0.00870942201108472,1.0,1
"iteration_2","SCOPE_DATA_COLLECTION",200,40,2470.0,2530.0,1,1285,941,264,1346,922,243,1289,939,264,0,0,1,0.0,0.0,0.0037735849056603774,0.35619597166282146,1.0614483680261197,2.0611843849776728,0.7123919433256429,1.0614483680261197,1.3741229233184484,0.01008533747090768,0.8040468583599574,0.9962121212121212,62.5,100.0,2477,9,4,1,0,0,4.037141703673799E-4,0.0,0.0,0.65,0.8,0.6000000000000001,0.2,45.0,60.0,35.0,0.65,0.8,0.6000000000000001,0.2,45.0,60.0,35.0,906,906,0,906,0.0,1.0543226516877076,1.0,1.0543226516877076,706,0.7792494481236203,1.0,1
"iteration_2","SCOPE_DATA_COLLECTION",200,40,2470.0,2530.0,2,1285,941,264,1346,922,243,1289,939,264,0,0,1,0.0,0.0,0.0037735849056603774,0.35619597166282146,1.0614483680261197,2.0611843849776728,0.7123919433256429,1.0614483680261197,1.3741229233184484,0.01008533747090768,0.8040468583599574,0.9962121212121212,62.5,100.0,2477,9,4,1,0,0,4.037141703673799E-4,0.0,0.0,0.65,0.8,0.6000000000000001,0.2,45.0,60.0,35.0,0.65,0.8,0.6000000000000001,0.2,45.0,60.0,35.0,216,216,0,216,0.0,2.0679180915738438,1.5,1.3786120610492292,216,1.0,1.0,1
"iteration_2","SCOPE_DATA_COLLECTION",200,41,2530.0,2590.0,0,1263,906,216,1285,941,264,1257,906,214,0,0,0,0.0,0.0,0.0,0.3540747071957309,1.0544537068231934,2.069115374485491,0.7081494143914618,1.0544537068231934,1.379410249656994,0.008750994431185362,0.7781456953642384,1.0,77.5,100.0,2374,8,3,0,0,0,0.0,0.0,0.0,0.65,0.8,0.6000000000000001,0.2,45.0,60.0,35.0,0.75,0.9,0.5,0.30000000000000004,45.0,50.0,45.0,1293,1292,1,1293,7.733952049497294E-4,0.35347745926997254,0.5,0.7069549185399451,6,0.0046439628482972135,1.0,1
"iteration_2","SCOPE_DATA_COLLECTION",200,41,2530.0,2590.0,1,1263,906,216,1285,941,264,1257,906,214,0,0,0,0.0,0.0,0.0,0.3540747071957309,1.0544537068231934,2.069115374485491,0.7081494143914618,1.0544537068231934,1.379410249656994,0.008750994431185362,0.7781456953642384,1.0,77.5,100.0,2374,8,3,0,0,0,0.0,0.0,0.0,0.65,0.8,0.6000000000000001,0.2,45.0,60.0,35.0,0.75,0.9,0.5,0.30000000000000004,45.0,50.0,45.0,952,951,1,952,0.0010504201680672268,1.06030589823329,1.0,1.06030589823329,745,0.7833859095688749,1.0,1
"iteration_2","SCOPE_DATA_COLLECTION",200,41,2530.0,2590.0,2,1263,906,216,1285,941,264,1257,906,214,0,0,0,0.0,0.0,0.0,0.3540747071957309,1.0544537068231934,2.069115374485491,0.7081494143914618,1.0544537068231934,1.379410249656994,0.008750994431185362,0.7781456953642384,1.0,77.5,100.0,2374,8,3,0,0,0,0.0,0.0,0.0,0.65,0.8,0.6000000000000001,0.2,45.0,60.0,35.0,0.75,0.9,0.5,0.30000000000000004,45.0,50.0,45.0,222,221,1,222,0.0045045045045045045,2.0627108675614543,1.5,1.375140578374303,220,0.995475113122172,1.0,1
"iteration_2","SCOPE_DATA_COLLECTION",200,42,2590.0,2650.0,0,1293,952,222,1263,906,216,1296,948,218,1,1,1,7.710100231303007E-4,0.001053740779768177,0.0045662100456621,0.3534134271290881,1.0589530112963597,2.0572161933868482,0.7068268542581762,1.0589530112963597,1.371477462257899,0.004629629629629629,0.7848101265822784,0.9954128440366973,77.5,100.0,2465,1,1,3,0,0,0.0012170385395537525,0.0,0.0,0.75,0.9,0.5,0.30000000000000004,45.0,50.0,45.0,0.75,0.9,0.5,0.30000000000000004,45.0,50.0,45.0,1310,1309,1,1310,7.633587786259542E-4,0.35191242800427847,0.5,0.7038248560085569,1,7.639419404125286E-4,1.0,1
"iteration_2","SCOPE_DATA_COLLECTION",200,42,2590.0,2650.0,1,1293,952,222,1263,906,216,1296,948,218,1,1,1,7.710100231303007E-4,0.001053740779768177,0.0045662100456621,0.3534134271290881,1.0589530112963597,2.0572161933868482,0.7068268542581762,1.0589530112963597,1.371477462257899,0.004629629629629629,0.7848101265822784,0.9954128440366973,77.5,100.0,2465,1,1,3,0,0,0.0012170385395537525,0.0,0.0,0.75,0.9,0.5,0.30000000000000004,45.0,50.0,45.0,0.75,0.9,0.5,0.30000000000000004,45.0,50.0,45.0,908,908,0,908,0.0,1.053111714958632,1.0,1.053111714958632,696,0.7665198237885462,1.0,1
"iteration_2","SCOPE_DATA_COLLECTION",200,42,2590.0,2650.0,2,1293,952,222,1263,906,216,1296,948,218,1,1,1,7.710100231303007E-4,0.001053740779768177,0.0045662100456621,0.3534134271290881,1.0589530112963597,2.0572161933868482,0.7068268542581762,1.0589530112963597,1.371477462257899,0.004629629629629629,0.7848101265822784,0.9954128440366973,77.5,100.0,2465,1,1,3,0,0,0.0012170385395537525,0.0,0.0,0.75,0.9,0.5,0.30000000000000004,45.0,50.0,45.0,0.75,0.9,0.5,0.30000000000000004,45.0,50.0,45.0,220,220,0,220,0.0,2.0751368161302644,1.5,1.383424544086843,220,1.0,1.0,1
"iteration_2","SCOPE_DATA_COLLECTION",200,43,2650.0,2710.0,0,1310,908,220,1293,952,222,1306,912,221,1,0,0,7.651109410864575E-4,0.0,0.0,0.3518831250989745,1.0545241647382857,2.080802212136882,0.703766250197949,1.0545241647382857,1.3872014747579213,7.656967840735069E-4,0.7642543859649122,1.0,80.0,100.0,2438,0,0,1,0,0,4.1017227235438887E-4,0.0,0.0,0.75,0.9,0.5,0.30000000000000004,45.0,50.0,45.0,0.8500000000000001,0.9,0.6000000000000001,0.30000000000000004,35.0,40.0,45.0,1231,1231,0,1231,0.0,0.3539190183301587,0.5,0.7078380366603174,5,0.004061738424045491,1.0,1
"iteration_2","SCOPE_DATA_COLLECTION",200,43,2650.0,2710.0,1,1310,908,220,1293,952,222,1306,912,221,1,0,0,7.651109410864575E-4,0.0,0.0,0.3518831250989745,1.0545241647382857,2.080802212136882,0.703766250197949,1.0545241647382857,1.3872014747579213,7.656967840735069E-4,0.7642543859649122,1.0,80.0,100.0,2438,0,0,1,0,0,4.1017227235438887E-4,0.0,0.0,0.75,0.9,0.5,0.30000000000000004,45.0,50.0,45.0,0.8500000000000001,0.9,0.6000000000000001,0.30000000000000004,35.0,40.0,45.0,928,928,0,928,0.0,1.0535056022245157,1.0,1.0535056022245157,730,0.7866379310344828,1.0,1
"iteration_2","SCOPE_DATA_COLLECTION",200,43,2650.0,2710.0,2,1310,908,220,1293,952,222,1306,912,221,1,0,0,7.651109410864575E-4,0.0,0.0,0.3518831250989745,1.0545241647382857,2.080802212136882,0.703766250197949,1.0545241647382857,1.3872014747579213,7.656967840735069E-4,0.7642543859649122,1.0,80.0,100.0,2438,0,0,1,0,0,4.1017227235438887E-4,0.0,0.0,0.75,0.9,0.5,0.30000000000000004,45.0,50.0,45.0,0.8500000000000001,0.9,0.6000000000000001,0.30000000000000004,35.0,40.0,45.0,266,265,1,266,0.0037593984962406013,2.0625749511508213,1.5,1.375049967433881,265,1.0,1.0,1
"iteration_2","SCOPE_DATA_COLLECTION",200,44,2710.0,2770.0,0,1231,928,266,1310,908,220,1231,923,263,0,0,1,0.0,0.0,0.003787878787878788,0.3537656531195525,1.0531981768005636,2.0578995135840725,0.707531306239105,1.0531981768005636,1.3719330090560484,0.004061738424045491,0.7876489707475623,1.0,90.0,100.0,2423,2,0,1,0,0,4.127115146512588E-4,0.0,0.0,0.8500000000000001,0.9,0.6000000000000001,0.30000000000000004,35.0,40.0,45.0,0.05,0.1,0.8,0.1,95.0,20.0,30.0,1325,1323,2,1325,0.0015094339622641509,0.35751123832279397,0.5,0.7150224766455879,15,0.011337868480725623,1.0,1
"iteration_2","SCOPE_DATA_COLLECTION",200,44,2710.0,2770.0,1,1231,928,266,1310,908,220,1231,923,263,0,0,1,0.0,0.0,0.003787878787878788,0.3537656531195525,1.0531981768005636,2.0578995135840725,0.707531306239105,1.0531981768005636,1.3719330090560484,0.004061738424045491,0.7876489707475623,1.0,90.0,100.0,2423,2,0,1,0,0,4.127115146512588E-4,0.0,0.0,0.8500000000000001,0.9,0.6000000000000001,0.30000000000000004,35.0,40.0,45.0,0.05,0.1,0.8,0.1,95.0,20.0,30.0,982,982,0,982,0.0,1.0561740132689381,1.0,1.0561740132689381,765,0.7790224032586558,1.0,1
"iteration_2","SCOPE_DATA_COLLECTION",200,44,2710.0,2770.0,2,1231,928,266,1310,908,220,1231,923,263,0,0,1,0.0,0.0,0.003787878787878788,0.3537656531195525,1.0531981768005636,2.0578995135840725,0.707531306239105,1.0531981768005636,1.3719330090560484,0.004061738424045491,0.7876489707475623,1.0,90.0,100.0,2423,2,0,1,0,0,4.127115146512588E-4,0.0,0.0,0.8500000000000001,0.9,0.6000000000000001,0.30000000000000004,35.0,40.0,45.0,0.05,0.1,0.8,0.1,95.0,20.0,30.0,245,244,1,245,0.004081632653061225,2.050660251145844,1.5,1.3671068340972292,244,1.0,1.0,1
"iteration_2","SCOPE_DATA_COLLECTION",200,45,2770.0,2830.0,0,1325,982,245,1231,928,266,1326,984,248,2,0,1,0.0015060240963855422,0.0,0.004016064257028112,0.35764646061343885,1.0567181950886853,2.0575487582522394,0.7152929212268777,1.0567181950886853,1.3716991721681595,0.011312217194570135,0.7794715447154471,1.0,72.5,100.0,2547,0,5,3,0,0,0.001177856301531213,0.0,0.0,0.05,0.1,0.8,0.1,95.0,20.0,30.0,0.05,0.1,0.8,0.1,95.0,20.0,30.0,1268,1268,0,1268,0.0,0.3559595404253469,0.5,0.7119190808506938,8,0.006309148264984227,1.0,1
"iteration_2","SCOPE_DATA_COLLECTION",200,45,2770.0,2830.0,1,1325,982,245,1231,928,266,1326,984,248,2,0,1,0.0015060240963855422,0.0,0.004016064257028112,0.35764646061343885,1.0567181950886853,2.0575487582522394,0.7152929212268777,1.0567181950886853,1.3716991721681595,0.011312217194570135,0.7794715447154471,1.0,72.5,100.0,2547,0,5,3,0,0,0.001177856301531213,0.0,0.0,0.05,0.1,0.8,0.1,95.0,20.0,30.0,0.05,0.1,0.8,0.1,95.0,20.0,30.0,861,860,1,861,0.0011614401858304297,1.0536145135615835,1.0,1.0536145135615835,662,0.7697674418604651,1.0,1
"iteration_2","SCOPE_DATA_COLLECTION",200,45,2770.0,2830.0,2,1325,982,245,1231,928,266,1326,984,248,2,0,1,0.0015060240963855422,0.0,0.004016064257028112,0.35764646061343885,1.0567181950886853,2.0575487582522394,0.7152929212268777,1.0567181950886853,1.3716991721681595,0.011312217194570135,0.7794715447154471,1.0,72.5,100.0,2547,0,5,3,0,0,0.001177856301531213,0.0,0.0,0.05,0.1,0.8,0.1,95.0,20.0,30.0,0.05,0.1,0.8,0.1,95.0,20.0,30.0,240,240,0,240,0.0,2.05950752873297,1.5,1.3730050191553131,240,1.0,1.0,1
"iteration_2","SCOPE_DATA_COLLECTION",200,46,2830.0,2890.0,0,1268,861,240,1325,982,245,1263,863,236,0,1,0,0.0,0.0011574074074074073,0.0,0.3560152519008011,1.0534617770490413,2.0593206694271466,0.7120305038016022,1.0534617770490413,1.3728804462847644,0.006334125098970704,0.7670915411355735,1.0,85.0,100.0,2367,0,2,1,0,0,4.224757076468103E-4,0.0,0.0,0.05,0.1,0.8,0.1,95.0,20.0,30.0,0.05,0.1,0.7000000000000001,0.1,95.0,30.0,20.0,1322,1322,0,1322,0.0,0.35724474412373225,0.5,0.7144894882474645,12,0.009077155824508321,1.0,1
"iteration_2","SCOPE_DATA_COLLECTION",200,46,2830.0,2890.0,1,1268,861,240,1325,982,245,1263,863,236,0,1,0,0.0,0.0011574074074074073,0.0,0.3560152519008011,1.0534617770490413,2.0593206694271466,0.7120305038016022,1.0534617770490413,1.3728804462847644,0.006334125098970704,0.7670915411355735,1.0,85.0,100.0,2367,0,2,1,0,0,4.224757076468103E-4,0.0,0.0,0.05,0.1,0.8,0.1,95.0,20.0,30.0,0.05,0.1,0.7000000000000001,0.1,95.0,30.0,20.0,955,952,3,955,0.0031413612565445027,1.0567420269867522,1.0,1.0567420269867522,736,0.773109243697479,1.0,1
"iteration_2","SCOPE_DATA_COLLECTION",200,46,2830.0,2890.0,2,1268,861,240,1325,982,245,1263,863,236,0,1,0,0.0,0.0011574074074074073,0.0,0.3560152519008011,1.0534617770490413,2.0593206694271466,0.7120305038016022,1.0534617770490413,1.3728804462847644,0.006334125098970704,0.7670915411355735,1.0,85.0,100.0,2367,0,2,1,0,0,4.224757076468103E-4,0.0,0.0,0.05,0.1,0.8,0.1,95.0,20.0,30.0,0.05,0.1,0.7000000000000001,0.1,95.0,30.0,20.0,235,235,0,235,0.0,2.0675139817796757,1.5,1.3783426545197839,235,1.0,1.0,1
"iteration_2","SCOPE_DATA_COLLECTION",200,47,2890.0,2950.0,0,1322,955,235,1268,861,240,1321,955,235,0,3,0,0.0,0.003131524008350731,0.0,0.35718963344486887,1.0566115837222128,2.0642794228845074,0.7143792668897377,1.0566115837222128,1.3761862819230049,0.009084027252081756,0.7769633507853403,1.0,77.5,100.0,2504,1,7,3,0,0,0.0011980830670926517,0.0,0.0,0.05,0.1,0.7000000000000001,0.1,95.0,30.0,20.0,0.05,0.1,0.7000000000000001,0.1,95.0,30.0,20.0,1199,1199,0,1199,0.0,0.35731910358042546,0.5,0.7146382071608509,18,0.015012510425354461,1.0,1
"iteration_2","SCOPE_DATA_COLLECTION",200,47,2890.0,2950.0,1,1322,955,235,1268,861,240,1321,955,235,0,3,0,0.0,0.003131524008350731,0.0,0.35718963344486887,1.0566115837222128,2.0642794228845074,0.7143792668897377,1.0566115837222128,1.3761862819230049,0.009084027252081756,0.7769633507853403,1.0,77.5,100.0,2504,1,7,3,0,0,0.0011980830670926517,0.0,0.0,0.05,0.1,0.7000000000000001,0.1,95.0,30.0,20.0,0.05,0.1,0.7000000000000001,0.1,95.0,30.0,20.0,911,911,0,911,0.0,1.0549741672100599,1.0,1.0549741672100599,703,0.7716794731064764,1.0,1
"iteration_2","SCOPE_DATA_COLLECTION",200,47,2890.0,2950.0,2,1322,955,235,1268,861,240,1321,955,235,0,3,0,0.0,0.003131524008350731,0.0,0.35718963344486887,1.0566115837222128,2.0642794228845074,0.7143792668897377,1.0566115837222128,1.3761862819230049,0.009084027252081756,0.7769633507853403,1.0,77.5,100.0,2504,1,7,3,0,0,0.0011980830670926517,0.0,0.0,0.05,0.1,0.7000000000000001,0.1,95.0,30.0,20.0,0.05,0.1,0.7000000000000001,0.1,95.0,30.0,20.0,214,214,0,214,0.0,2.054853390119907,1.5,1.369902260079938,213,0.9953271028037384,1.0,1
"iteration_2","SCOPE_DATA_COLLECTION",200,48,2950.0,3010.0,0,1199,911,214,1322,955,235,1201,906,217,0,0,0,0.0,0.0,0.0,0.35737254079507313,1.0545085967520178,2.0543778376286794,0.7147450815901463,1.0545085967520178,1.3695852250857863,0.01498751040799334,0.7671081677704195,0.9953917050691244,80.0,100.0,2318,2,4,0,0,0,0.0,0.0,0.0,0.05,0.1,0.7000000000000001,0.1,95.0,30.0,20.0,0.15000000000000002,0.9,0.5,0.9,25.0,40.0,70.0,1368,1368,0,1368,0.0,0.3545536689130497,0.5,0.7091073378260994,11,0.00804093567251462,1.0,1
"iteration_2","SCOPE_DATA_COLLECTION",200,48,2950.0,3010.0,1,1199,911,214,1322,955,235,1201,906,217,0,0,0,0.0,0.0,0.0,0.35737254079507313,1.0545085967520178,2.0543778376286794,0.7147450815901463,1.0545085967520178,1.3695852250857863,0.01498751040799334,0.7671081677704195,0.9953917050691244,80.0,100.0,2318,2,4,0,0,0,0.0,0.0,0.0,0.05,0.1,0.7000000000000001,0.1,95.0,30.0,20.0,0.15000000000000002,0.9,0.5,0.9,25.0,40.0,70.0,910,910,0,910,0.0,1.0527642924956366,1.0,1.0527642924956366,701,0.7703296703296704,1.0,1
"iteration_2","SCOPE_DATA_COLLECTION",200,48,2950.0,3010.0,2,1199,911,214,1322,955,235,1201,906,217,0,0,0,0.0,0.0,0.0,0.35737254079507313,1.0545085967520178,2.0543778376286794,0.7147450815901463,1.0545085967520178,1.3695852250857863,0.01498751040799334,0.7671081677704195,0.9953917050691244,80.0,100.0,2318,2,4,0,0,0,0.0,0.0,0.0,0.05,0.1,0.7000000000000001,0.1,95.0,30.0,20.0,0.15000000000000002,0.9,0.5,0.9,25.0,40.0,70.0,257,257,0,257,0.0,2.061967389465921,1.5,1.374644926310614,257,1.0,1.0,1
"iteration_2","SCOPE_DATA_COLLECTION",200,49,3010.0,3070.0,0,1368,910,257,1199,911,214,1369,906,260,0,0,0,0.0,0.0,0.0,0.3545592907010069,1.0536181121688752,2.062044827648583,0.7091185814020138,1.0536181121688752,1.3746965517657221,0.008035062089116142,0.7748344370860927,1.0,87.5,100.0,2528,0,7,0,0,0,0.0,0.0,0.0,0.15000000000000002,0.9,0.5,0.9,25.0,40.0,70.0,0.2,0.2,0.8,0.4,30.0,45.0,90.0,1296,1293,3,1296,0.0023148148148148147,0.355255923987143,0.5,0.710511847974286,5,0.0038669760247486465,1.0,1
"iteration_2","SCOPE_DATA_COLLECTION",200,49,3010.0,3070.0,1,1368,910,257,1199,911,214,1369,906,260,0,0,0,0.0,0.0,0.0,0.3545592907010069,1.0536181121688752,2.062044827648583,0.7091185814020138,1.0536181121688752,1.3746965517657221,0.008035062089116142,0.7748344370860927,1.0,87.5,100.0,2528,0,7,0,0,0,0.0,0.0,0.0,0.15000000000000002,0.9,0.5,0.9,25.0,40.0,70.0,0.2,0.2,0.8,0.4,30.0,45.0,90.0,941,941,0,941,0.0,1.0526258178218266,1.0,1.0526258178218266,709,0.7534537725823592,1.0,1
"iteration_2","SCOPE_DATA_COLLECTION",200,49,3010.0,3070.0,2,1368,910,257,1199,911,214,1369,906,260,0,0,0,0.0,0.0,0.0,0.3545592907010069,1.0536181121688752,2.062044827648583,0.7091185814020138,1.0536181121688752,1.3746965517657221,0.008035062089116142,0.7748344370860927,1.0,87.5,100.0,2528,0,7,0,0,0,0.0,0.0,0.0,0.15000000000000002,0.9,0.5,0.9,25.0,40.0,70.0,0.2,0.2,0.8,0.4,30.0,45.0,90.0,233,233,0,233,0.0,2.055226095266809,1.5,1.3701507301778726,233,1.0,1.0,1
"iteration_2","SCOPE_DATA_COLLECTION",200,50,3070.0,3130.0,0,1296,941,233,1368,910,257,1289,937,233,3,0,0,0.0023219814241486067,0.0,0.0,0.35528280534814205,1.051918007044489,2.0598789528024533,0.7105656106962841,1.051918007044489,1.3732526352016354,0.003878975950349108,0.7502668089647813,1.0,90.0,100.0,2464,2,4,3,0,0,0.0012175324675324675,0.0,0.0,0.2,0.2,0.8,0.4,30.0,45.0,90.0,0.9500000000000001,0.6000000000000001,0.9,0.9,40.0,30.0,95.0,1261,1261,0,1261,0.0,0.3543758379713447,0.5,0.7087516759426894,7,0.0055511498810467885,1.0,1
"iteration_2","SCOPE_DATA_COLLECTION",200,50,3070.0,3130.0,1,1296,941,233,1368,910,257,1289,937,233,3,0,0,0.0023219814241486067,0.0,0.0,0.35528280534814205,1.051918007044489,2.0598789528024533,0.7105656106962841,1.051918007044489,1.3732526352016354,0.003878975950349108,0.7502668089647813,1.0,90.0,100.0,2464,2,4,3,0,0,0.0012175324675324675,0.0,0.0,0.2,0.2,0.8,0.4,30.0,45.0,90.0,0.9500000000000001,0.6000000000000001,0.9,0.9,40.0,30.0,95.0,932,932,0,932,0.0,1.0617649150896216,1.0,1.0617649150896216,739,0.7929184549356223,1.0,1
"iteration_2","SCOPE_DATA_COLLECTION",200,50,3070.0,3130.0,2,1296,941,233,1368,910,257,1289,937,233,3,0,0,0.0023219814241486067,0.0,0.0,0.35528280534814205,1.051918007044489,2.0598789528024533,0.7105656106962841,1.051918007044489,1.3732526352016354,0.003878975950349108,0.7502668089647813,1.0,90.0,100.0,2464,2,4,3,0,0,0.0012175324675324675,0.0,0.0,0.2,0.2,0.8,0.4,30.0,45.0,90.0,0.9500000000000001,0.6000000000000001,0.9,0.9,40.0,30.0,95.0,215,215,0,215,0.0,2.0655396258140555,1.5,1.3770264172093702,215,1.0,1.0,1
"iteration_2","SCOPE_DATA_COLLECTION",200,51,3130.0,3190.0,0,1261,932,215,1296,941,233,1269,946,216,0,0,0,0.0,0.0,0.0,0.35435000727287,1.0619780321152197,2.0614664897636024,0.70870001454574,1.0619780321152197,1.374310993175735,0.005516154452324665,0.7917547568710359,1.0,42.5,100.0,2406,2,0,0,0,0,0.0,0.0,0.0,0.9500000000000001,0.6000000000000001,0.9,0.9,40.0,30.0,95.0,0.75,0.30000000000000004,0.7000000000000001,0.1,75.0,40.0,80.0,1257,1257,0,1257,0.0,0.35982870259032296,0.5,0.7196574051806459,16,0.012728719172633254,1.0,1
"iteration_2","SCOPE_DATA_COLLECTION",200,51,3130.0,3190.0,1,1261,932,215,1296,941,233,1269,946,216,0,0,0,0.0,0.0,0.0,0.35435000727287,1.0619780321152197,2.0614664897636024,0.70870001454574,1.0619780321152197,1.374310993175735,0.005516154452324665,0.7917547568710359,1.0,42.5,100.0,2406,2,0,0,0,0,0.0,0.0,0.0,0.9500000000000001,0.6000000000000001,0.9,0.9,40.0,30.0,95.0,0.75,0.30000000000000004,0.7000000000000001,0.1,75.0,40.0,80.0,905,903,2,905,0.0022099447513812156,1.0551277745400798,1.0,1.0551277745400798,685,0.7585825027685493,1.0,1
"iteration_2","SCOPE_DATA_COLLECTION",200,51,3130.0,3190.0,2,1261,932,215,1296,941,233,1269,946,216,0,0,0,0.0,0.0,0.0,0.35435000727287,1.0619780321152197,2.0614664897636024,0.70870001454574,1.0619780321152197,1.374310993175735,0.005516154452324665,0.7917547568710359,1.0,42.5,100.0,2406,2,0,0,0,0,0.0,0.0,0.0,0.9500000000000001,0.6000000000000001,0.9,0.9,40.0,30.0,95.0,0.75,0.30000000000000004,0.7000000000000001,0.1,75.0,40.0,80.0,267,266,1,267,0.003745318352059925,2.054465812699013,1.5,1.3696438751326754,266,1.0,1.0,1
"iteration_2","SCOPE_DATA_COLLECTION",200,52,3190.0,3250.0,0,1257,905,267,1261,932,215,1253,898,263,0,2,1,0.0,0.0022222222222222222,0.003787878787878788,0.35986057407846256,1.0553261752465144,2.0562063829043513,0.7197211481569251,1.0553261752465144,1.3708042552695676,0.012769353551476457,0.7616926503340757,1.0,77.5,100.0,2428,0,1,3,0,0,0.0012355848434925864,0.0,0.0,0.75,0.30000000000000004,0.7000000000000001,0.1,75.0,40.0,80.0,0.8500000000000001,0.4,0.7000000000000001,0.1,85.0,30.0,70.0,1250,1250,0,1250,0.0,0.353966061452937,0.5,0.707932122905874,4,0.0032,1.0,1
"iteration_2","SCOPE_DATA_COLLECTION",200,52,3190.0,3250.0,1,1257,905,267,1261,932,215,1253,898,263,0,2,1,0.0,0.0022222222222222222,0.003787878787878788,0.35986057407846256,1.0553261752465144,2.0562063829043513,0.7197211481569251,1.0553261752465144,1.3708042552695676,0.012769353551476457,0.7616926503340757,1.0,77.5,100.0,2428,0,1,3,0,0,0.0012355848434925864,0.0,0.0,0.75,0.30000000000000004,0.7000000000000001,0.1,75.0,40.0,80.0,0.8500000000000001,0.4,0.7000000000000001,0.1,85.0,30.0,70.0,900,899,1,900,0.0011111111111111111,1.058660932171964,1.0,1.058660932171964,715,0.7953281423804227,1.0,1
"iteration_2","SCOPE_DATA_COLLECTION",200,52,3190.0,3250.0,2,1257,905,267,1261,932,215,1253,898,263,0,2,1,0.0,0.0022222222222222222,0.003787878787878788,0.35986057407846256,1.0553261752465144,2.0562063829043513,0.7197211481569251,1.0553261752465144,1.3708042552695676,0.012769353551476457,0.7616926503340757,1.0,77.5,100.0,2428,0,1,3,0,0,0.0012355848434925864,0.0,0.0,0.75,0.30000000000000004,0.7000000000000001,0.1,75.0,40.0,80.0,0.8500000000000001,0.4,0.7000000000000001,0.1,85.0,30.0,70.0,241,240,1,241,0.004149377593360996,2.0631105896114073,1.5,1.3754070597409382,240,1.0,1.0,1
"iteration_2","SCOPE_DATA_COLLECTION",200,53,3250.0,3310.0,0,1250,900,241,1257,905,267,1247,898,241,0,1,1,0.0,0.0011123470522803114,0.004132231404958678,0.35390104336458916,1.059101684126456,2.0597705463057605,0.7078020867291783,1.059101684126456,1.3731803642038403,0.0032076984763432237,0.7962138084632516,1.0,80.0,100.0,2391,0,0,2,0,0,8.36470096194061E-4,0.0,0.0,0.8500000000000001,0.4,0.7000000000000001,0.1,85.0,30.0,70.0,0.9500000000000001,0.30000000000000004,0.8,0.2,85.0,30.0,80.0,1296,1294,2,1296,0.0015432098765432098,0.3544824745339793,0.5,0.7089649490679586,8,0.0061823802163833074,1.0,1
"iteration_2","SCOPE_DATA_COLLECTION",200,53,3250.0,3310.0,1,1250,900,241,1257,905,267,1247,898,241,0,1,1,0.0,0.0011123470522803114,0.004132231404958678,0.35390104336458916,1.059101684126456,2.0597705463057605,0.7078020867291783,1.059101684126456,1.3731803642038403,0.0032076984763432237,0.7962138084632516,1.0,80.0,100.0,2391,0,0,2,0,0,8.36470096194061E-4,0.0,0.0,0.8500000000000001,0.4,0.7000000000000001,0.1,85.0,30.0,70.0,0.9500000000000001,0.30000000000000004,0.8,0.2,85.0,30.0,80.0,883,880,3,883,0.0033975084937712344,1.0573085822977073,1.0,1.0573085822977073,682,0.775,1.0,1
"iteration_2","SCOPE_DATA_COLLECTION",200,53,3250.0,3310.0,2,1250,900,241,1257,905,267,1247,898,241,0,1,1,0.0,0.0011123470522803114,0.004132231404958678,0.35390104336458916,1.059101684126456,2.0597705463057605,0.7078020867291783,1.059101684126456,1.3731803642038403,0.0032076984763432237,0.7962138084632516,1.0,80.0,100.0,2391,0,0,2,0,0,8.36470096194061E-4,0.0,0.0,0.8500000000000001,0.4,0.7000000000000001,0.1,85.0,30.0,70.0,0.9500000000000001,0.30000000000000004,0.8,0.2,85.0,30.0,80.0,222,222,0,222,0.0,2.053846335256174,1.5,1.3692308901707826,221,0.9954954954954955,1.0,1
"iteration_2","SCOPE_DATA_COLLECTION",200,54,3310.0,3370.0,0,1296,883,222,1250,900,241,1292,883,223,2,3,0,0.0015455950540958269,0.003386004514672686,0.0,0.35457370231685864,1.0563938868411527,2.0550955220173552,0.7091474046337173,1.0563938868411527,1.3700636813449034,0.006191950464396285,0.7712344280860702,0.9955156950672646,75.0,100.0,2396,5,0,5,0,0,0.002086811352253756,0.0,0.0,0.9500000000000001,0.30000000000000004,0.8,0.2,85.0,30.0,80.0,0.8500000000000001,0.2,0.9,0.2,75.0,20.0,80.0,1284,1283,1,1284,7.78816199376947E-4,0.35437306144276826,0.5,0.7087461228855365,8,0.006235385814497272,1.0,1
"iteration_2","SCOPE_DATA_COLLECTION",200,54,3310.0,3370.0,1,1296,883,222,1250,900,241,1292,883,223,2,3,0,0.0015455950540958269,0.003386004514672686,0.0,0.35457370231685864,1.0563938868411527,2.0550955220173552,0.7091474046337173,1.0563938868411527,1.3700636813449034,0.006191950464396285,0.7712344280860702,0.9955156950672646,75.0,100.0,2396,5,0,5,0,0,0.002086811352253756,0.0,0.0,0.9500000000000001,0.30000000000000004,0.8,0.2,85.0,30.0,80.0,0.8500000000000001,0.2,0.9,0.2,75.0,20.0,80.0,898,898,0,898,0.0,1.0572627674989101,1.0,1.0572627674989101,694,0.7728285077951003,1.0,1
"iteration_2","SCOPE_DATA_COLLECTION",200,54,3310.0,3370.0,2,1296,883,222,1250,900,241,1292,883,223,2,3,0,0.0015455950540958269,0.003386004514672686,0.0,0.35457370231685864,1.0563938868411527,2.0550955220173552,0.7091474046337173,1.0563938868411527,1.3700636813449034,0.006191950464396285,0.7712344280860702,0.9955156950672646,75.0,100.0,2396,5,0,5,0,0,0.002086811352253756,0.0,0.0,0.9500000000000001,0.30000000000000004,0.8,0.2,85.0,30.0,80.0,0.8500000000000001,0.2,0.9,0.2,75.0,20.0,80.0,268,268,0,268,0.0,2.057907309631334,1.5,1.3719382064208894,268,1.0,1.0,1
"iteration_2","SCOPE_DATA_COLLECTION",200,55,3370.0,3430.0,0,1284,898,268,1296,883,222,1286,899,263,1,0,0,7.77000777000777E-4,0.0,0.0,0.3543231723257433,1.057247295787627,2.0574684123454468,0.7086463446514866,1.057247295787627,1.371645608230298,0.006220839813374806,0.7719688542825361,1.0,72.5,100.0,2445,4,1,1,0,0,4.0899795501022495E-4,0.0,0.0,0.8500000000000001,0.2,0.9,0.2,75.0,20.0,80.0,0.75,0.4,0.5,0.9,50.0,75.0,50.0,1244,1244,0,1244,0.0,0.3521683935681948,0.5,0.7043367871363896,4,0.003215434083601286,1.0,1
"iteration_2","SCOPE_DATA_COLLECTION",200,55,3370.0,3430.0,1,1284,898,268,1296,883,222,1286,899,263,1,0,0,7.77000777000777E-4,0.0,0.0,0.3543231723257433,1.057247295787627,2.0574684123454468,0.7086463446514866,1.057247295787627,1.371645608230298,0.006220839813374806,0.7719688542825361,1.0,72.5,100.0,2445,4,1,1,0,0,4.0899795501022495E-4,0.0,0.0,0.8500000000000001,0.2,0.9,0.2,75.0,20.0,80.0,0.75,0.4,0.5,0.9,50.0,75.0,50.0,946,945,1,946,0.0010570824524312897,1.0591275669582723,1.0,1.0591275669582723,734,0.7767195767195767,1.0,1
"iteration_2","SCOPE_DATA_COLLECTION",200,55,3370.0,3430.0,2,1284,898,268,1296,883,222,1286,899,263,1,0,0,7.77000777000777E-4,0.0,0.0,0.3543231723257433,1.057247295787627,2.0574684123454468,0.7086463446514866,1.057247295787627,1.371645608230298,0.006220839813374806,0.7719688542825361,1.0,72.5,100.0,2445,4,1,1,0,0,4.0899795501022495E-4,0.0,0.0,0.8500000000000001,0.2,0.9,0.2,75.0,20.0,80.0,0.75,0.4,0.5,0.9,50.0,75.0,50.0,232,232,0,232,0.0,2.0591604432356574,1.5,1.3727736288237715,232,1.0,1.0,1
"iteration_2","SCOPE_DATA_COLLECTION",200,56,3430.0,3490.0,0,1244,946,232,1284,898,268,1248,943,235,0,1,0,0.0,0.001059322033898305,0.0,0.35215989085514454,1.0592863770678373,2.060062223277521,0.7043197817102891,1.0592863770678373,1.3733748155183474,0.003205128205128205,0.7783669141039237,1.0,67.5,100.0,2422,0,0,1,0,0,4.1288191577208916E-4,0.0,0.0,0.75,0.4,0.5,0.9,50.0,75.0,50.0,0.8500000000000001,0.30000000000000004,0.5,0.9,60.0,75.0,40.0,1272,1271,1,1272,7.861635220125787E-4,0.351775439245174,0.5,0.703550878490348,4,0.003147128245476003,1.0,1
"iteration_2","SCOPE_DATA_COLLECTION",200,56,3430.0,3490.0,1,1244,946,232,1284,898,268,1248,943,235,0,1,0,0.0,0.001059322033898305,0.0,0.35215989085514454,1.0592863770678373,2.060062223277521,0.7043197817102891,1.0592863770678373,1.3733748155183474,0.003205128205128205,0.7783669141039237,1.0,67.5,100.0,2422,0,0,1,0,0,4.1288191577208916E-4,0.0,0.0,0.75,0.4,0.5,0.9,50.0,75.0,50.0,0.8500000000000001,0.30000000000000004,0.5,0.9,60.0,75.0,40.0,908,906,2,908,0.0022026431718061676,1.058387732567377,1.0,1.058387732567377,729,0.804635761589404,1.0,1
"iteration_2","SCOPE_DATA_COLLECTION",200,56,3430.0,3490.0,2,1244,946,232,1284,898,268,1248,943,235,0,1,0,0.0,0.001059322033898305,0.0,0.35215989085514454,1.0592863770678373,2.060062223277521,0.7043197817102891,1.0592863770678373,1.3733748155183474,0.003205128205128205,0.7783669141039237,1.0,67.5,100.0,2422,0,0,1,0,0,4.1288191577208916E-4,0.0,0.0,0.75,0.4,0.5,0.9,50.0,75.0,50.0,0.8500000000000001,0.30000000000000004,0.5,0.9,60.0,75.0,40.0,245,243,2,245,0.00816326530612245,2.0619286130476953,1.5,1.3746190753651302,243,1.0,1.0,1
"iteration_2","SCOPE_DATA_COLLECTION",200,57,3490.0,3550.0,0,1272,908,245,1244,946,232,1272,909,244,0,2,2,0.0,0.0021953896816684962,0.008130081300813009,0.3517372774473887,1.0584954780917448,2.0607349604056067,0.7034745548947774,1.0584954780917448,1.373823306937071,0.0031446540880503146,0.8041804180418042,1.0,60.0,100.0,2419,5,1,4,0,0,0.0016535758577924762,0.0,0.0,0.8500000000000001,0.30000000000000004,0.5,0.9,60.0,75.0,40.0,0.65,0.9,0.6000000000000001,0.6000000000000001,60.0,50.0,50.0,1282,1282,0,1282,0.0,0.35509046137234784,0.5,0.7101809227446957,5,0.0039001560062402497,1.0,1
"iteration_2","SCOPE_DATA_COLLECTION",200,57,3490.0,3550.0,1,1272,908,245,1244,946,232,1272,909,244,0,2,2,0.0,0.0021953896816684962,0.008130081300813009,0.3517372774473887,1.0584954780917448,2.0607349604056067,0.7034745548947774,1.0584954780917448,1.373823306937071,0.0031446540880503146,0.8041804180418042,1.0,60.0,100.0,2419,5,1,4,0,0,0.0016535758577924762,0.0,0.0,0.8500000000000001,0.30000000000000004,0.5,0.9,60.0,75.0,40.0,0.65,0.9,0.6000000000000001,0.6000000000000001,60.0,50.0,50.0,929,929,0,929,0.0,1.056615797489181,1.0,1.056615797489181,728,0.7836383207750269,1.0,1
"iteration_2","SCOPE_DATA_COLLECTION",200,57,3490.0,3550.0,2,1272,908,245,1244,946,232,1272,909,244,0,2,2,0.0,0.0021953896816684962,0.008130081300813009,0.3517372774473887,1.0584954780917448,2.0607349604056067,0.7034745548947774,1.0584954780917448,1.373823306937071,0.0031446540880503146,0.8041804180418042,1.0,60.0,100.0,2419,5,1,4,0,0,0.0016535758577924762,0.0,0.0,0.8500000000000001,0.30000000000000004,0.5,0.9,60.0,75.0,40.0,0.65,0.9,0.6000000000000001,0.6000000000000001,60.0,50.0,50.0,241,241,0,241,0.0,2.0614810259825678,1.5,1.3743206839883786,241,1.0,1.0,1
"iteration_2","SCOPE_DATA_COLLECTION",200,58,3550.0,3619.307088366566,0,1282,929,241,1272,908,245,1272,923,246,1,0,0,7.855459544383347E-4,0.0,0.0,0.3549145967146855,1.0568677743755228,2.0613654220320883,0.709829193429371,1.0568677743755228,1.3742436146880588,0.003930817610062893,0.7876489707475623,1.0,77.5,100.0,2452,0,0,1,0,0,4.078303425774878E-4,0.0,0.0,0.65,0.9,0.6000000000000001,0.6000000000000001,60.0,50.0,50.0,0.75,0.1,0.8,0.8,25.0,95.0,85.0,1043,1033,0,1033,0.0,0.3541227168117447,0.5,0.7082454336234894,2,0.001936108422071636,0.9904122722914669,0
"iteration_2","SCOPE_DATA_COLLECTION",200,58,3550.0,3619.307088366566,1,1282,929,241,1272,908,245,1272,923,246,1,0,0,7.855459544383347E-4,0.0,0.0,0.3549145967146855,1.0568677743755228,2.0613654220320883,0.709829193429371,1.0568677743755228,1.3742436146880588,0.003930817610062893,0.7876489707475623,1.0,77.5,100.0,2452,0,0,1,0,0,4.078303425774878E-4,0.0,0.0,0.65,0.9,0.6000000000000001,0.6000000000000001,60.0,50.0,50.0,0.75,0.1,0.8,0.8,25.0,95.0,85.0,759,738,1,739,0.0013531799729364006,1.0559843211074629,1.0,1.0559843211074629,594,0.8048780487804879,0.9736495388669302,0
"iteration_2","SCOPE_DATA_COLLECTION",200,58,3550.0,3619.307088366566,2,1282,929,241,1272,908,245,1272,923,246,1,0,0,7.855459544383347E-4,0.0,0.0,0.3549145967146855,1.0568677743755228,2.0613654220320883,0.709829193429371,1.0568677743755228,1.3742436146880588,0.003930817610062893,0.7876489707475623,1.0,77.5,100.0,2452,0,0,1,0,0,4.078303425774878E-4,0.0,0.0,0.65,0.9,0.6000000000000001,0.6000000000000001,60.0,50.0,50.0,0.75,0.1,0.8,0.8,25.0,95.0,85.0,197,190,0,190,0.0,2.0693985559699213,1.5,1.379599037313281,190,1.0,0.9644670050761421,0
"iteration_2","SCOPE_DATA_COLLECTION",300,0,70.0,130.0,0,1624,1079,415,0,0,0,1617,1059,406,0,1,0,0.0,9.433962264150943E-4,0.0,0.344778760489216,1.0147690291693285,1.9780097061586663,0.689557520978432,1.0147690291693285,1.318673137439111,0.019789734075448363,0.7403210576015109,0.9458128078817734,72.5,100.0,2908,126,84,1,0,0,3.43878954607978E-4,0.0,0.0,0.6,0.5,0.7,0.4,85.0,80.0,90.0,0.8500000000000001,0.7000000000000001,0.8,0.30000000000000004,80.0,55.0,45.0,1627,1627,0,1627,0.0,0.34585249677637603,0.5,0.6917049935527521,66,0.040565457897971724,1.0,1
"iteration_2","SCOPE_DATA_COLLECTION",300,0,70.0,130.0,1,1624,1079,415,0,0,0,1617,1059,406,0,1,0,0.0,9.433962264150943E-4,0.0,0.344778760489216,1.0147690291693285,1.9780097061586663,0.689557520978432,1.0147690291693285,1.318673137439111,0.019789734075448363,0.7403210576015109,0.9458128078817734,72.5,100.0,2908,126,84,1,0,0,3.43878954607978E-4,0.0,0.0,0.6,0.5,0.7,0.4,85.0,80.0,90.0,0.8500000000000001,0.7000000000000001,0.8,0.30000000000000004,80.0,55.0,45.0,1203,1203,0,1203,0.0,0.9928535936036387,1.0,0.9928535936036387,882,0.7331670822942643,1.0,1
"iteration_2","SCOPE_DATA_COLLECTION",300,0,70.0,130.0,2,1624,1079,415,0,0,0,1617,1059,406,0,1,0,0.0,9.433962264150943E-4,0.0,0.344778760489216,1.0147690291693285,1.9780097061586663,0.689557520978432,1.0147690291693285,1.318673137439111,0.019789734075448363,0.7403210576015109,0.9458128078817734,72.5,100.0,2908,126,84,1,0,0,3.43878954607978E-4,0.0,0.0,0.6,0.5,0.7,0.4,85.0,80.0,90.0,0.8500000000000001,0.7000000000000001,0.8,0.30000000000000004,80.0,55.0,45.0,497,497,0,497,0.0,1.8877790333168516,1.5,1.2585193555445677,445,0.8953722334004024,1.0,1
"iteration_2","SCOPE_DATA_COLLECTION",300,1,130.0,190.0,0,1627,1203,497,1624,1079,415,1622,1205,487,0,0,0,0.0,0.0,0.0,0.3453365638590704,0.9920486602722133,1.8827256837390984,0.6906731277181408,0.9920486602722133,1.2551504558260655,0.03884093711467324,0.729460580912863,0.893223819301848,92.5,100.0,3007,261,59,0,0,0,0.0,0.0,0.0,0.8500000000000001,0.7000000000000001,0.8,0.30000000000000004,80.0,55.0,45.0,0.1,0.1,0.1,0.30000000000000004,70.0,70.0,50.0,1719,1718,1,1719,5.817335660267597E-4,0.3829102256645862,0.5,0.7658204513291724,151,0.08789289871944121,1.0,1
"iteration_2","SCOPE_DATA_COLLECTION",300,1,130.0,190.0,1,1627,1203,497,1624,1079,415,1622,1205,487,0,0,0,0.0,0.0,0.0,0.3453365638590704,0.9920486602722133,1.8827256837390984,0.6906731277181408,0.9920486602722133,1.2551504558260655,0.03884093711467324,0.729460580912863,0.893223819301848,92.5,100.0,3007,261,59,0,0,0,0.0,0.0,0.0,0.8500000000000001,0.7000000000000001,0.8,0.30000000000000004,80.0,55.0,45.0,0.1,0.1,0.1,0.30000000000000004,70.0,70.0,50.0,1191,1187,4,1191,0.0033585222502099076,1.0603639821180733,1.0,1.0603639821180733,969,0.8163437236731256,1.0,1
"iteration_2","SCOPE_DATA_COLLECTION",300,1,130.0,190.0,2,1627,1203,497,1624,1079,415,1622,1205,487,0,0,0,0.0,0.0,0.0,0.3453365638590704,0.9920486602722133,1.8827256837390984,0.6906731277181408,0.9920486602722133,1.2551504558260655,0.03884093711467324,0.729460580912863,0.893223819301848,92.5,100.0,3007,261,59,0,0,0,0.0,0.0,0.0,0.8500000000000001,0.7000000000000001,0.8,0.30000000000000004,80.0,55.0,45.0,0.1,0.1,0.1,0.30000000000000004,70.0,70.0,50.0,445,445,0,445,0.0,2.039872656861395,1.5,1.3599151045742632,435,0.9775280898876404,1.0,1
"iteration_2","SCOPE_DATA_COLLECTION",300,2,190.0,250.0,0,1719,1191,445,1627,1203,497,1713,1186,450,1,4,0,5.834305717619603E-4,0.0033613445378151263,0.0,0.382339251642253,1.0609168385409355,2.040830704351003,0.764678503284506,1.0609168385409355,1.3605538029006687,0.08814944541739637,0.8178752107925801,0.9777777777777777,85.0,100.0,3278,6,71,5,0,0,0.001525320317266626,0.0,0.0,0.1,0.1,0.1,0.30000000000000004,70.0,70.0,50.0,0.8500000000000001,0.4,0.9,0.6000000000000001,25.0,60.0,45.0,1693,1691,2,1693,0.0011813349084465446,0.35003862975467936,0.5,0.7000772595093587,68,0.04021289178001183,1.0,1
"iteration_2","SCOPE_DATA_COLLECTION",300,2,190.0,250.0,1,1719,1191,445,1627,1203,497,1713,1186,450,1,4,0,5.834305717619603E-4,0.0033613445378151263,0.0,0.382339251642253,1.0609168385409355,2.040830704351003,0.764678503284506,1.0609168385409355,1.3605538029006687,0.08814944541739637,0.8178752107925801,0.9777777777777777,85.0,100.0,3278,6,71,5,0,0,0.001525320317266626,0.0,0.0,0.1,0.1,0.1,0.30000000000000004,70.0,70.0,50.0,0.8500000000000001,0.4,0.9,0.6000000000000001,25.0,60.0,45.0,1257,1257,0,1257,0.0,1.0126743774294882,1.0,1.0126743774294882,961,0.7645186953062848,1.0,1
"iteration_2","SCOPE_DATA_COLLECTION",300,2,190.0,250.0,2,1719,1191,445,1627,1203,497,1713,1186,450,1,4,0,5.834305717619603E-4,0.0033613445378151263,0.0,0.382339251642253,1.0609168385409355,2.040830704351003,0.764678503284506,1.0609168385409355,1.3605538029006687,0.08814944541739637,0.8178752107925801,0.9777777777777777,85.0,100.0,3278,6,71,5,0,0,0.001525320317266626,0.0,0.0,0.1,0.1,0.1,0.30000000000000004,70.0,70.0,50.0,0.8500000000000001,0.4,0.9,0.6000000000000001,25.0,60.0,45.0,472,472,0,472,0.0,1.9008918481331465,1.5,1.2672612320887644,423,0.8961864406779662,1.0,1
"iteration_2","SCOPE_DATA_COLLECTION",300,3,250.0,310.0,0,1693,1257,472,1719,1191,445,1697,1255,473,2,0,0,0.0011771630370806356,0.0,0.0,0.3510305675603597,1.0124204360458933,1.897787623497967,0.7020611351207194,1.0124204360458933,1.2651917489986446,0.041838538597525045,0.7625498007968128,0.8964059196617337,95.0,100.0,3137,230,55,2,0,0,6.37551801083838E-4,0.0,0.0,0.8500000000000001,0.4,0.9,0.6000000000000001,25.0,60.0,45.0,0.8500000000000001,0.4,0.9,0.6000000000000001,25.0,60.0,45.0,1768,1768,0,1768,0.0,0.3465369886689104,0.5,0.6930739773378208,47,0.026583710407239818,1.0,1
"iteration_2","SCOPE_DATA_COLLECTION",300,3,250.0,310.0,1,1693,1257,472,1719,1191,445,1697,1255,473,2,0,0,0.0011771630370806356,0.0,0.0,0.3510305675603597,1.0124204360458933,1.897787623497967,0.7020611351207194,1.0124204360458933,1.2651917489986446,0.041838538597525045,0.7625498007968128,0.8964059196617337,95.0,100.0,3137,230,55,2,0,0,6.37551801083838E-4,0.0,0.0,0.8500000000000001,0.4,0.9,0.6000000000000001,25.0,60.0,45.0,0.8500000000000001,0.4,0.9,0.6000000000000001,25.0,60.0,45.0,1197,1197,0,1197,0.0,1.0154082514923415,1.0,1.0154082514923415,899,0.7510442773600668,1.0,1
"iteration_2","SCOPE_DATA_COLLECTION",300,3,250.0,310.0,2,1693,1257,472,1719,1191,445,1697,1255,473,2,0,0,0.0011771630370806356,0.0,0.0,0.3510305675603597,1.0124204360458933,1.897787623497967,0.7020611351207194,1.0124204360458933,1.2651917489986446,0.041838538597525045,0.7625498007968128,0.8964059196617337,95.0,100.0,3137,230,55,2,0,0,6.37551801083838E-4,0.0,0.0,0.8500000000000001,0.4,0.9,0.6000000000000001,25.0,60.0,45.0,0.8500000000000001,0.4,0.9,0.6000000000000001,25.0,60.0,45.0,476,475,1,476,0.0021008403361344537,1.985015653782328,1.5,1.3233437691882186,446,0.9389473684210526,1.0,1
"iteration_2","SCOPE_DATA_COLLECTION",300,4,310.0,370.0,0,1768,1197,476,1693,1257,472,1774,1201,472,0,0,1,0.0,0.0,0.0021141649048625794,0.3466732525899849,1.0164122254959855,1.9882204165572326,0.6933465051799698,1.0164122254959855,1.3254802777048218,0.02649379932356257,0.7535387177352206,0.9385593220338984,82.5,100.0,3173,226,42,1,0,0,3.151591553734636E-4,0.0,0.0,0.8500000000000001,0.4,0.9,0.6000000000000001,25.0,60.0,45.0,0.9500000000000001,0.5,0.9,0.7000000000000001,35.0,50.0,55.0,1763,1763,0,1763,0.0,0.3459721359677847,0.5,0.6919442719355694,56,0.03176403857061826,1.0,1
"iteration_2","SCOPE_DATA_COLLECTION",300,4,310.0,370.0,1,1768,1197,476,1693,1257,472,1774,1201,472,0,0,1,0.0,0.0,0.0021141649048625794,0.3466732525899849,1.0164122254959855,1.9882204165572326,0.6933465051799698,1.0164122254959855,1.3254802777048218,0.02649379932356257,0.7535387177352206,0.9385593220338984,82.5,100.0,3173,226,42,1,0,0,3.151591553734636E-4,0.0,0.0,0.8500000000000001,0.4,0.9,0.6000000000000001,25.0,60.0,45.0,0.9500000000000001,0.5,0.9,0.7000000000000001,35.0,50.0,55.0,1215,1215,0,1215,0.0,0.9987292762182857,1.0,0.9987292762182857,909,0.7481481481481481,1.0,1
"iteration_2","SCOPE_DATA_COLLECTION",300,4,310.0,370.0,2,1768,1197,476,1693,1257,472,1774,1201,472,0,0,1,0.0,0.0,0.0021141649048625794,0.3466732525899849,1.0164122254959855,1.9882204165572326,0.6933465051799698,1.0164122254959855,1.3254802777048218,0.02649379932356257,0.7535387177352206,0.9385593220338984,82.5,100.0,3173,226,42,1,0,0,3.151591553734636E-4,0.0,0.0,0.8500000000000001,0.4,0.9,0.6000000000000001,25.0,60.0,45.0,0.9500000000000001,0.5,0.9,0.7000000000000001,35.0,50.0,55.0,481,479,2,481,0.004158004158004158,1.9479225832821478,1.5,1.298615055521432,443,0.9248434237995825,1.0,1
"iteration_2","SCOPE_DATA_COLLECTION",300,5,370.0,430.0,0,1763,1215,481,1768,1197,476,1760,1214,482,0,0,2,0.0,0.0,0.004132231404958678,0.34599784826948954,0.9971755050818585,1.9469344072361592,0.6919956965389791,0.9971755050818585,1.2979562714907729,0.031818181818181815,0.7471169686985173,0.9253112033195021,82.5,100.0,3162,280,17,2,0,0,6.325110689437065E-4,0.0,0.0,0.9500000000000001,0.5,0.9,0.7000000000000001,35.0,50.0,55.0,0.8500000000000001,0.6000000000000001,0.8,0.7000000000000001,35.0,50.0,45.0,1793,1791,2,1793,0.0011154489682097045,0.3523410661373388,0.5,0.7046821322746776,63,0.035175879396984924,1.0,1
"iteration_2","SCOPE_DATA_COLLECTION",300,5,370.0,430.0,1,1763,1215,481,1768,1197,476,1760,1214,482,0,0,2,0.0,0.0,0.004132231404958678,0.34599784826948954,0.9971755050818585,1.9469344072361592,0.6919956965389791,0.9971755050818585,1.2979562714907729,0.031818181818181815,0.7471169686985173,0.9253112033195021,82.5,100.0,3162,280,17,2,0,0,6.325110689437065E-4,0.0,0.0,0.9500000000000001,0.5,0.9,0.7000000000000001,35.0,50.0,55.0,0.8500000000000001,0.6000000000000001,0.8,0.7000000000000001,35.0,50.0,45.0,1133,1132,1,1133,8.8261253309797E-4,1.0193739422295554,1.0,1.0193739422295554,846,0.7473498233215548,1.0,1
"iteration_2","SCOPE_DATA_COLLECTION",300,5,370.0,430.0,2,1763,1215,481,1768,1197,476,1760,1214,482,0,0,2,0.0,0.0,0.004132231404958678,0.34599784826948954,0.9971755050818585,1.9469344072361592,0.6919956965389791,0.9971755050818585,1.2979562714907729,0.031818181818181815,0.7471169686985173,0.9253112033195021,82.5,100.0,3162,280,17,2,0,0,6.325110689437065E-4,0.0,0.0,0.9500000000000001,0.5,0.9,0.7000000000000001,35.0,50.0,55.0,0.8500000000000001,0.6000000000000001,0.8,0.7000000000000001,35.0,50.0,45.0,443,442,1,443,0.002257336343115124,1.9862788612728433,1.5,1.324185907515229,420,0.9502262443438914,1.0,1
"iteration_2","SCOPE_DATA_COLLECTION",300,6,430.0,490.0,0,1793,1133,443,1763,1215,481,1791,1134,438,2,1,1,0.0011154489682097045,8.81057268722467E-4,0.002277904328018223,0.3522320736782561,1.0200628706399284,1.9856666052791034,0.7044641473565122,1.0200628706399284,1.3237777368527357,0.035175879396984924,0.7477954144620811,0.9497716894977168,87.5,100.0,3179,165,25,4,0,0,0.0012582573136206354,0.0,0.0,0.8500000000000001,0.6000000000000001,0.8,0.7000000000000001,35.0,50.0,45.0,0.6000000000000001,0.6000000000000001,0.1,0.5,85.0,35.0,75.0,1643,1641,2,1643,0.0012172854534388314,0.3557332731158619,0.5,0.7114665462317238,60,0.03656307129798903,1.0,1
"iteration_2","SCOPE_DATA_COLLECTION",300,6,430.0,490.0,1,1793,1133,443,1763,1215,481,1791,1134,438,2,1,1,0.0011154489682097045,8.81057268722467E-4,0.002277904328018223,0.3522320736782561,1.0200628706399284,1.9856666052791034,0.7044641473565122,1.0200628706399284,1.3237777368527357,0.035175879396984924,0.7477954144620811,0.9497716894977168,87.5,100.0,3179,165,25,4,0,0,0.0012582573136206354,0.0,0.0,0.8500000000000001,0.6000000000000001,0.8,0.7000000000000001,35.0,50.0,45.0,0.6000000000000001,0.6000000000000001,0.1,0.5,85.0,35.0,75.0,1249,1248,1,1249,8.006405124099279E-4,1.0106613256682038,1.0,1.0106613256682038,941,0.7540064102564102,1.0,1
"iteration_2","SCOPE_DATA_COLLECTION",300,6,430.0,490.0,2,1793,1133,443,1763,1215,481,1791,1134,438,2,1,1,0.0011154489682097045,8.81057268722467E-4,0.002277904328018223,0.3522320736782561,1.0200628706399284,1.9856666052791034,0.7044641473565122,1.0200628706399284,1.3237777368527357,0.035175879396984924,0.7477954144620811,0.9497716894977168,87.5,100.0,3179,165,25,4,0,0,0.0012582573136206354,0.0,0.0,0.8500000000000001,0.6000000000000001,0.8,0.7000000000000001,35.0,50.0,45.0,0.6000000000000001,0.6000000000000001,0.1,0.5,85.0,35.0,75.0,440,438,2,440,0.004545454545454545,1.9500190141992297,1.5,1.30001267613282,407,0.9292237442922374,1.0,1
"iteration_2","SCOPE_DATA_COLLECTION",300,7,490.0,550.0,0,1643,1249,440,1793,1133,443,1637,1246,445,2,1,2,0.0012202562538133007,8.019246190858059E-4,0.0044742729306487695,0.35582137224747734,1.0110194211270203,1.9530164374688646,0.7116427444949547,1.0110194211270203,1.3020109583125763,0.03665241295051924,0.7536115569823435,0.9303370786516854,75.0,100.0,3121,144,67,5,0,0,0.0016020506247997437,0.0,0.0,0.6000000000000001,0.6000000000000001,0.1,0.5,85.0,35.0,75.0,0.5,0.6000000000000001,0.2,0.4,75.0,35.0,75.0,1695,1695,0,1695,0.0,0.3517197833875628,0.5,0.7034395667751256,67,0.03952802359882006,1.0,1
"iteration_2","SCOPE_DATA_COLLECTION",300,7,490.0,550.0,1,1643,1249,440,1793,1133,443,1637,1246,445,2,1,2,0.0012202562538133007,8.019246190858059E-4,0.0044742729306487695,0.35582137224747734,1.0110194211270203,1.9530164374688646,0.7116427444949547,1.0110194211270203,1.3020109583125763,0.03665241295051924,0.7536115569823435,0.9303370786516854,75.0,100.0,3121,144,67,5,0,0,0.0016020506247997437,0.0,0.0,0.6000000000000001,0.6000000000000001,0.1,0.5,85.0,35.0,75.0,0.5,0.6000000000000001,0.2,0.4,75.0,35.0,75.0,1224,1223,1,1224,8.169934640522876E-4,1.0134511027527267,1.0,1.0134511027527267,935,0.7645134914145544,1.0,1
"iteration_2","SCOPE_DATA_COLLECTION",300,7,490.0,550.0,2,1643,1249,440,1793,1133,443,1637,1246,445,2,1,2,0.0012202562538133007,8.019246190858059E-4,0.0044742729306487695,0.35582137224747734,1.0110194211270203,1.9530164374688646,0.7116427444949547,1.0110194211270203,1.3020109583125763,0.03665241295051924,0.7536115569823435,0.9303370786516854,75.0,100.0,3121,144,67,5,0,0,0.0016020506247997437,0.0,0.0,0.6000000000000001,0.6000000000000001,0.1,0.5,85.0,35.0,75.0,0.5,0.6000000000000001,0.2,0.4,75.0,35.0,75.0,445,443,2,445,0.0044943820224719105,1.9518446908033364,1.5,1.301229793868891,413,0.9322799097065463,1.0,1
"iteration_2","SCOPE_DATA_COLLECTION",300,8,550.0,610.0,0,1695,1224,445,1643,1249,440,1695,1220,438,0,1,2,0.0,8.19000819000819E-4,0.004545454545454545,0.35151668791303087,1.0136679482113453,1.94839213867082,0.7030333758260617,1.0136679482113453,1.2989280924472133,0.03952802359882006,0.7655737704918033,0.9315068493150684,95.0,100.0,3129,111,124,3,0,0,9.587727708533077E-4,0.0,0.0,0.5,0.6000000000000001,0.2,0.4,75.0,35.0,75.0,0.5,0.5,0.1,0.30000000000000004,65.0,35.0,65.0,1736,1732,4,1736,0.002304147465437788,0.34107878975856193,0.5,0.6821575795171239,42,0.02424942263279446,1.0,1
"iteration_2","SCOPE_DATA_COLLECTION",300,8,550.0,610.0,1,1695,1224,445,1643,1249,440,1695,1220,438,0,1,2,0.0,8.19000819000819E-4,0.004545454545454545,0.35151668791303087,1.0136679482113453,1.94839213867082,0.7030333758260617,1.0136679482113453,1.2989280924472133,0.03952802359882006,0.7655737704918033,0.9315068493150684,95.0,100.0,3129,111,124,3,0,0,9.587727708533077E-4,0.0,0.0,0.5,0.6000000000000001,0.2,0.4,75.0,35.0,75.0,0.5,0.5,0.1,0.30000000000000004,65.0,35.0,65.0,1202,1202,0,1202,0.0,0.9941858805242174,1.0,0.9941858805242174,895,0.7445923460898503,1.0,1
"iteration_2","SCOPE_DATA_COLLECTION",300,8,550.0,610.0,2,1695,1224,445,1643,1249,440,1695,1220,438,0,1,2,0.0,8.19000819000819E-4,0.004545454545454545,0.35151668791303087,1.0136679482113453,1.94839213867082,0.7030333758260617,1.0136679482113453,1.2989280924472133,0.03952802359882006,0.7655737704918033,0.9315068493150684,95.0,100.0,3129,111,124,3,0,0,9.587727708533077E-4,0.0,0.0,0.5,0.6000000000000001,0.2,0.4,75.0,35.0,75.0,0.5,0.5,0.1,0.30000000000000004,65.0,35.0,65.0,483,481,2,483,0.004140786749482402,1.9421313966981262,1.5,1.2947542644654175,449,0.9334719334719335,1.0,1
"iteration_2","SCOPE_DATA_COLLECTION",300,9,610.0,670.0,0,1736,1202,483,1695,1224,445,1737,1210,484,4,0,2,0.0022975301550832855,0.0,0.00411522633744856,0.341328069066899,0.994300912673328,1.9462503906127266,0.682656138133798,0.994300912673328,1.2975002604084844,0.024179620034542316,0.743801652892562,0.9338842975206612,65.0,100.0,3135,150,136,6,0,0,0.0019138755980861245,0.0,0.0,0.5,0.5,0.1,0.30000000000000004,65.0,35.0,65.0,0.5,0.5,0.1,0.30000000000000004,65.0,35.0,65.0,1667,1666,1,1667,5.998800239952009E-4,0.3510190411021303,0.5,0.7020380822042606,74,0.04441776710684274,1.0,1
"iteration_2","SCOPE_DATA_COLLECTION",300,9,610.0,670.0,1,1736,1202,483,1695,1224,445,1737,1210,484,4,0,2,0.0022975301550832855,0.0,0.00411522633744856,0.341328069066899,0.994300912673328,1.9462503906127266,0.682656138133798,0.994300912673328,1.2975002604084844,0.024179620034542316,0.743801652892562,0.9338842975206612,65.0,100.0,3135,150,136,6,0,0,0.0019138755980861245,0.0,0.0,0.5,0.5,0.1,0.30000000000000004,65.0,35.0,65.0,0.5,0.5,0.1,0.30000000000000004,65.0,35.0,65.0,1282,1282,0,1282,0.0,0.9930682783645076,1.0,0.9930682783645076,983,0.766770670826833,1.0,1
"iteration_2","SCOPE_DATA_COLLECTION",300,9,610.0,670.0,2,1736,1202,483,1695,1224,445,1737,1210,484,4,0,2,0.0022975301550832855,0.0,0.00411522633744856,0.341328069066899,0.994300912673328,1.9462503906127266,0.682656138133798,0.994300912673328,1.2975002604084844,0.024179620034542316,0.743801652892562,0.9338842975206612,65.0,100.0,3135,150,136,6,0,0,0.0019138755980861245,0.0,0.0,0.5,0.5,0.1,0.30000000000000004,65.0,35.0,65.0,0.5,0.5,0.1,0.30000000000000004,65.0,35.0,65.0,462,462,0,462,0.0,1.9623180716839006,1.5,1.3082120477892671,434,0.9393939393939394,1.0,1
"iteration_2","SCOPE_DATA_COLLECTION",300,10,670.0,730.0,0,1667,1282,462,1736,1202,483,1657,1272,455,1,0,0,6.031363088057901E-4,0.0,0.0,0.3502711571768792,0.9918107405072089,1.9604035371861823,0.7005423143537584,0.9918107405072089,1.3069356914574548,0.039831019915509955,0.764937106918239,0.9384615384615385,100.0,100.0,3151,119,141,1,0,0,3.1735956839098697E-4,0.0,0.0,0.5,0.5,0.1,0.30000000000000004,65.0,35.0,65.0,0.4,0.6000000000000001,0.1,0.2,65.0,35.0,65.0,1729,1728,1,1729,5.78368999421631E-4,0.34492061227340814,0.5,0.6898412245468163,34,0.019675925925925927,1.0,1
"iteration_2","SCOPE_DATA_COLLECTION",300,10,670.0,730.0,1,1667,1282,462,1736,1202,483,1657,1272,455,1,0,0,6.031363088057901E-4,0.0,0.0,0.3502711571768792,0.9918107405072089,1.9604035371861823,0.7005423143537584,0.9918107405072089,1.3069356914574548,0.039831019915509955,0.764937106918239,0.9384615384615385,100.0,100.0,3151,119,141,1,0,0,3.1735956839098697E-4,0.0,0.0,0.5,0.5,0.1,0.30000000000000004,65.0,35.0,65.0,0.4,0.6000000000000001,0.1,0.2,65.0,35.0,65.0,1183,1183,0,1183,0.0,0.9826595893208719,1.0,0.9826595893208719,836,0.7066779374471682,1.0,1
"iteration_2","SCOPE_DATA_COLLECTION",300,10,670.0,730.0,2,1667,1282,462,1736,1202,483,1657,1272,455,1,0,0,6.031363088057901E-4,0.0,0.0,0.3502711571768792,0.9918107405072089,1.9604035371861823,0.7005423143537584,0.9918107405072089,1.3069356914574548,0.039831019915509955,0.764937106918239,0.9384615384615385,100.0,100.0,3151,119,141,1,0,0,3.1735956839098697E-4,0.0,0.0,0.5,0.5,0.1,0.30000000000000004,65.0,35.0,65.0,0.4,0.6000000000000001,0.1,0.2,65.0,35.0,65.0,509,503,6,509,0.011787819253438114,1.8924674172872291,1.5,1.2616449448581528,453,0.9005964214711729,1.0,1
"iteration_2","SCOPE_DATA_COLLECTION",300,11,730.0,790.0,0,1729,1183,509,1667,1282,462,1732,1187,503,1,0,6,5.770340450086555E-4,0.0,0.011787819253438114,0.3455748879025527,0.984350326563084,1.8920697243968463,0.6911497758051054,0.984350326563084,1.2613798162645642,0.02367205542725173,0.7101937657961247,0.9005964214711729,100.0,100.0,3137,95,189,7,0,0,0.0022314313037934334,0.0,0.0,0.4,0.6000000000000001,0.1,0.2,65.0,35.0,65.0,0.4,0.6000000000000001,0.1,0.2,65.0,35.0,65.0,1731,1731,0,1731,0.0,0.3464768710644443,0.5,0.6929537421288886,31,0.017908723281340265,1.0,1
"iteration_2","SCOPE_DATA_COLLECTION",300,11,730.0,790.0,1,1729,1183,509,1667,1282,462,1732,1187,503,1,0,6,5.770340450086555E-4,0.0,0.011787819253438114,0.3455748879025527,0.984350326563084,1.8920697243968463,0.6911497758051054,0.984350326563084,1.2613798162645642,0.02367205542725173,0.7101937657961247,0.9005964214711729,100.0,100.0,3137,95,189,7,0,0,0.0022314313037934334,0.0,0.0,0.4,0.6000000000000001,0.1,0.2,65.0,35.0,65.0,0.4,0.6000000000000001,0.1,0.2,65.0,35.0,65.0,1232,1230,2,1232,0.0016233766233766235,0.9982192025135783,1.0,0.9982192025135783,905,0.7357723577235772,1.0,1
"iteration_2","SCOPE_DATA_COLLECTION",300,11,730.0,790.0,2,1729,1183,509,1667,1282,462,1732,1187,503,1,0,6,5.770340450086555E-4,0.0,0.011787819253438114,0.3455748879025527,0.984350326563084,1.8920697243968463,0.6911497758051054,0.984350326563084,1.2613798162645642,0.02367205542725173,0.7101937657961247,0.9005964214711729,100.0,100.0,3137,95,189,7,0,0,0.0022314313037934334,0.0,0.0,0.4,0.6000000000000001,0.1,0.2,65.0,35.0,65.0,0.4,0.6000000000000001,0.1,0.2,65.0,35.0,65.0,445,444,1,445,0.0022471910112359553,1.9783141511624236,1.5,1.318876100774949,419,0.9436936936936937,1.0,1
"iteration_2","SCOPE_DATA_COLLECTION",300,12,790.0,850.0,0,1731,1232,445,1729,1183,509,1725,1227,446,0,2,1,0.0,0.0016273393002441008,0.0022371364653243847,0.34599301415816525,0.9971703521734473,1.9758350349456026,0.6919860283163305,0.9971703521734473,1.3172233566304017,0.01681159420289855,0.732681336593317,0.9439461883408071,92.5,100.0,3170,112,126,3,0,0,9.463722397476341E-4,0.0,0.0,0.4,0.6000000000000001,0.1,0.2,65.0,35.0,65.0,0.5,0.5,0.1,0.2,65.0,45.0,65.0,1695,1694,1,1695,5.899705014749262E-4,0.35584230482292134,0.5,0.7116846096458427,41,0.024203069657615112,1.0,1
"iteration_2","SCOPE_DATA_COLLECTION",300,12,790.0,850.0,1,1731,1232,445,1729,1183,509,1725,1227,446,0,2,1,0.0,0.0016273393002441008,0.0022371364653243847,0.34599301415816525,0.9971703521734473,1.9758350349456026,0.6919860283163305,0.9971703521734473,1.3172233566304017,0.01681159420289855,0.732681336593317,0.9439461883408071,92.5,100.0,3170,112,126,3,0,0,9.463722397476341E-4,0.0,0.0,0.4,0.6000000000000001,0.1,0.2,65.0,35.0,65.0,0.5,0.5,0.1,0.2,65.0,45.0,65.0,1242,1242,0,1242,0.0,1.0274712187629238,1.0,1.0274712187629238,959,0.7721417069243156,1.0,1
"iteration_2","SCOPE_DATA_COLLECTION",300,12,790.0,850.0,2,1731,1232,445,1729,1183,509,1725,1227,446,0,2,1,0.0,0.0016273393002441008,0.0022371364653243847,0.34599301415816525,0.9971703521734473,1.9758350349456026,0.6919860283163305,0.9971703521734473,1.3172233566304017,0.01681159420289855,0.732681336593317,0.9439461883408071,92.5,100.0,3170,112,126,3,0,0,9.463722397476341E-4,0.0,0.0,0.4,0.6000000000000001,0.1,0.2,65.0,35.0,65.0,0.5,0.5,0.1,0.2,65.0,45.0,65.0,457,457,0,457,0.0,1.9739726193355887,1.5,1.3159817462237258,432,0.9452954048140044,1.0,1
"iteration_2","SCOPE_DATA_COLLECTION",300,13,850.0,910.0,0,1695,1242,457,1731,1232,445,1699,1244,457,1,0,0,5.88235294117647E-4,0.0,0.0,0.3562653857589778,1.0278854932273922,1.9770650257352984,0.7125307715179556,1.0278854932273922,1.318043350490199,0.025897586815773983,0.77491961414791,0.9452954048140044,85.0,100.0,3225,81,88,1,0,0,3.10077519379845E-4,0.0,0.0,0.5,0.5,0.1,0.2,65.0,45.0,65.0,0.5,0.5,0.1,0.2,65.0,45.0,65.0,1684,1684,0,1684,0.0,0.36333831929760096,0.5,0.7266766385952019,72,0.04275534441805225,1.0,1
"iteration_2","SCOPE_DATA_COLLECTION",300,13,850.0,910.0,1,1695,1242,457,1731,1232,445,1699,1244,457,1,0,0,5.88235294117647E-4,0.0,0.0,0.3562653857589778,1.0278854932273922,1.9770650257352984,0.7125307715179556,1.0278854932273922,1.318043350490199,0.025897586815773983,0.77491961414791,0.9452954048140044,85.0,100.0,3225,81,88,1,0,0,3.10077519379845E-4,0.0,0.0,0.5,0.5,0.1,0.2,65.0,45.0,65.0,0.5,0.5,0.1,0.2,65.0,45.0,65.0,1220,1219,1,1220,8.19672131147541E-4,1.019067185280027,1.0,1.019067185280027,932,0.7645611156685808,1.0,1
"iteration_2","SCOPE_DATA_COLLECTION",300,13,850.0,910.0,2,1695,1242,457,1731,1232,445,1699,1244,457,1,0,0,5.88235294117647E-4,0.0,0.0,0.3562653857589778,1.0278854932273922,1.9770650257352984,0.7125307715179556,1.0278854932273922,1.318043350490199,0.025897586815773983,0.77491961414791,0.9452954048140044,85.0,100.0,3225,81,88,1,0,0,3.10077519379845E-4,0.0,0.0,0.5,0.5,0.1,0.2,65.0,45.0,65.0,0.5,0.5,0.1,0.2,65.0,45.0,65.0,491,490,1,491,0.002036659877800407,1.9815963428130818,1.5,1.3210642285420546,464,0.9469387755102041,1.0,1
"iteration_2","SCOPE_DATA_COLLECTION",300,14,910.0,970.0,0,1684,1220,491,1695,1242,457,1689,1208,496,0,1,1,0.0,8.271298593879239E-4,0.002012072434607646,0.36336706818875847,1.0181894599702095,1.9825601836640963,0.7267341363775169,1.0181894599702095,1.3217067891093974,0.04262877442273535,0.7615894039735099,0.9475806451612904,87.5,100.0,3202,101,92,2,0,0,6.246096189881324E-4,0.0,0.0,0.5,0.5,0.1,0.2,65.0,45.0,65.0,0.5,0.6000000000000001,0.2,0.1,55.0,35.0,75.0,1688,1688,0,1688,0.0,0.35172349000159425,0.5,0.7034469800031885,42,0.024881516587677725,1.0,1
"iteration_2","SCOPE_DATA_COLLECTION",300,14,910.0,970.0,1,1684,1220,491,1695,1242,457,1689,1208,496,0,1,1,0.0,8.271298593879239E-4,0.002012072434607646,0.36336706818875847,1.0181894599702095,1.9825601836640963,0.7267341363775169,1.0181894599702095,1.3217067891093974,0.04262877442273535,0.7615894039735099,0.9475806451612904,87.5,100.0,3202,101,92,2,0,0,6.246096189881324E-4,0.0,0.0,0.5,0.5,0.1,0.2,65.0,45.0,65.0,0.5,0.6000000000000001,0.2,0.1,55.0,35.0,75.0,1220,1218,2,1220,0.001639344262295082,1.026682213921379,1.0,1.026682213921379,938,0.7701149425287356,1.0,1
"iteration_2","SCOPE_DATA_COLLECTION",300,14,910.0,970.0,2,1684,1220,491,1695,1242,457,1689,1208,496,0,1,1,0.0,8.271298593879239E-4,0.002012072434607646,0.36336706818875847,1.0181894599702095,1.9825601836640963,0.7267341363775169,1.0181894599702095,1.3217067891093974,0.04262877442273535,0.7615894039735099,0.9475806451612904,87.5,100.0,3202,101,92,2,0,0,6.246096189881324E-4,0.0,0.0,0.5,0.5,0.1,0.2,65.0,45.0,65.0,0.5,0.6000000000000001,0.2,0.1,55.0,35.0,75.0,412,412,0,412,0.0,2.0098408932165244,1.5,1.3398939288110163,398,0.9660194174757282,1.0,1
"iteration_2","SCOPE_DATA_COLLECTION",300,15,970.0,1030.0,0,1688,1220,412,1684,1220,491,1687,1221,407,0,2,0,0.0,0.001635322976287817,0.0,0.35163172373158363,1.0271303753034093,2.007088492083708,0.7032634474631673,1.0271303753034093,1.338058994722472,0.024896265560165973,0.773955773955774,0.9656019656019657,97.5,100.0,3149,75,96,2,0,0,6.351222610352493E-4,0.0,0.0,0.5,0.6000000000000001,0.2,0.1,55.0,35.0,75.0,0.6000000000000001,0.5,0.30000000000000004,0.2,55.0,45.0,85.0,1645,1643,2,1645,0.0012158054711246201,0.347679084418702,0.5,0.695358168837404,58,0.03530127814972611,1.0,1
"iteration_2","SCOPE_DATA_COLLECTION",300,15,970.0,1030.0,1,1688,1220,412,1684,1220,491,1687,1221,407,0,2,0,0.0,0.001635322976287817,0.0,0.35163172373158363,1.0271303753034093,2.007088492083708,0.7032634474631673,1.0271303753034093,1.338058994722472,0.024896265560165973,0.773955773955774,0.9656019656019657,97.5,100.0,3149,75,96,2,0,0,6.351222610352493E-4,0.0,0.0,0.5,0.6000000000000001,0.2,0.1,55.0,35.0,75.0,0.6000000000000001,0.5,0.30000000000000004,0.2,55.0,45.0,85.0,1250,1247,3,1250,0.0024,1.0099057293274638,1.0,1.0099057293274638,943,0.756214915797915,1.0,1
"iteration_2","SCOPE_DATA_COLLECTION",300,15,970.0,1030.0,2,1688,1220,412,1684,1220,491,1687,1221,407,0,2,0,0.0,0.001635322976287817,0.0,0.35163172373158363,1.0271303753034093,2.007088492083708,0.7032634474631673,1.0271303753034093,1.338058994722472,0.024896265560165973,0.773955773955774,0.9656019656019657,97.5,100.0,3149,75,96,2,0,0,6.351222610352493E-4,0.0,0.0,0.5,0.6000000000000001,0.2,0.1,55.0,35.0,75.0,0.6000000000000001,0.5,0.30000000000000004,0.2,55.0,45.0,85.0,452,451,1,452,0.0022123893805309734,1.8637309546439533,1.5,1.2424873030959689,397,0.8802660753880266,1.0,1
"iteration_2","SCOPE_DATA_COLLECTION",300,16,1030.0,1090.0,0,1645,1250,452,1688,1220,412,1642,1250,456,2,3,1,0.0012165450121654502,0.0023942537909018356,0.002188183807439825,0.34775480146019866,1.009808469035532,1.8671157516912489,0.6955096029203973,1.009808469035532,1.2447438344608326,0.03532277710109622,0.7544,0.881578947368421,90.0,100.0,3067,161,119,5,1,0,0.0016302575806977503,0.006211180124223602,0.0,0.6000000000000001,0.5,0.30000000000000004,0.2,55.0,45.0,85.0,0.8500000000000001,0.7000000000000001,0.9,0.5,75.0,30.0,80.0,1695,1693,2,1695,0.0011799410029498525,0.3496670264588738,0.5,0.6993340529177476,52,0.03071470761961016,1.0,1
"iteration_2","SCOPE_DATA_COLLECTION",300,16,1030.0,1090.0,1,1645,1250,452,1688,1220,412,1642,1250,456,2,3,1,0.0012165450121654502,0.0023942537909018356,0.002188183807439825,0.34775480146019866,1.009808469035532,1.8671157516912489,0.6955096029203973,1.009808469035532,1.2447438344608326,0.03532277710109622,0.7544,0.881578947368421,90.0,100.0,3067,161,119,5,1,0,0.0016302575806977503,0.006211180124223602,0.0,0.6000000000000001,0.5,0.30000000000000004,0.2,55.0,45.0,85.0,0.8500000000000001,0.7000000000000001,0.9,0.5,75.0,30.0,80.0,1185,1183,2,1185,0.0016877637130801688,1.0040263015920035,1.0,1.0040263015920035,875,0.7396449704142012,1.0,1
"iteration_2","SCOPE_DATA_COLLECTION",300,16,1030.0,1090.0,2,1645,1250,452,1688,1220,412,1642,1250,456,2,3,1,0.0012165450121654502,0.0023942537909018356,0.002188183807439825,0.34775480146019866,1.009808469035532,1.8671157516912489,0.6955096029203973,1.009808469035532,1.2447438344608326,0.03532277710109622,0.7544,0.881578947368421,90.0,100.0,3067,161,119,5,1,0,0.0016302575806977503,0.006211180124223602,0.0,0.6000000000000001,0.5,0.30000000000000004,0.2,55.0,45.0,85.0,0.8500000000000001,0.7000000000000001,0.9,0.5,75.0,30.0,80.0,441,440,1,441,0.0022675736961451248,1.9518073722044758,1.5,1.3012049148029838,406,0.9227272727272727,1.0,1
"iteration_2","SCOPE_DATA_COLLECTION",300,17,1090.0,1150.0,0,1695,1185,441,1645,1250,452,1691,1179,438,2,2,1,0.0011813349084465446,0.001693480101608806,0.002277904328018223,0.3499856137886898,1.0042533215244416,1.9507166605649213,0.6999712275773796,1.0042533215244416,1.3004777737099475,0.03015966883500887,0.73960983884648,0.9223744292237442,97.5,100.0,3078,215,28,5,0,0,0.0016244314489928524,0.0,0.0,0.8500000000000001,0.7000000000000001,0.9,0.5,75.0,30.0,80.0,0.75,0.8,0.9,0.4,75.0,20.0,70.0,1696,1694,2,1696,0.0011792452830188679,0.3433708259582841,0.5,0.6867416519165682,53,0.03128689492325856,1.0,1
"iteration_2","SCOPE_DATA_COLLECTION",300,17,1090.0,1150.0,1,1695,1185,441,1645,1250,452,1691,1179,438,2,2,1,0.0011813349084465446,0.001693480101608806,0.002277904328018223,0.3499856137886898,1.0042533215244416,1.9507166605649213,0.6999712275773796,1.0042533215244416,1.3004777737099475,0.03015966883500887,0.73960983884648,0.9223744292237442,97.5,100.0,3078,215,28,5,0,0,0.0016244314489928524,0.0,0.0,0.8500000000000001,0.7000000000000001,0.9,0.5,75.0,30.0,80.0,0.75,0.8,0.9,0.4,75.0,20.0,70.0,1219,1218,1,1219,8.203445447087777E-4,1.003438039590333,1.0,1.003438039590333,895,0.7348111658456487,1.0,1
"iteration_2","SCOPE_DATA_COLLECTION",300,17,1090.0,1150.0,2,1695,1185,441,1645,1250,452,1691,1179,438,2,2,1,0.0011813349084465446,0.001693480101608806,0.002277904328018223,0.3499856137886898,1.0042533215244416,1.9507166605649213,0.6999712275773796,1.0042533215244416,1.3004777737099475,0.03015966883500887,0.73960983884648,0.9223744292237442,97.5,100.0,3078,215,28,5,0,0,0.0016244314489928524,0.0,0.0,0.8500000000000001,0.7000000000000001,0.9,0.5,75.0,30.0,80.0,0.75,0.8,0.9,0.4,75.0,20.0,70.0,468,468,0,468,0.0,1.8808231006266933,1.5,1.2538820670844621,420,0.8974358974358975,1.0,1
"iteration_2","SCOPE_DATA_COLLECTION",300,18,1150.0,1210.0,0,1696,1219,468,1695,1185,441,1700,1229,475,2,1,0,0.0011750881316098707,8.130081300813008E-4,0.0,0.34311511872800243,1.003972110816656,1.8842445765916829,0.6862302374560049,1.003972110816656,1.256163051061122,0.03176470588235294,0.7363710333604556,0.8989473684210526,55.0,100.0,3073,240,70,3,0,0,9.762447120078099E-4,0.0,0.0,0.75,0.8,0.9,0.4,75.0,20.0,70.0,0.75,0.8,0.9,0.30000000000000004,65.0,20.0,60.0,1690,1689,1,1690,5.91715976331361E-4,0.34906547583177433,0.5,0.6981309516635487,84,0.0497335701598579,1.0,1
"iteration_2","SCOPE_DATA_COLLECTION",300,18,1150.0,1210.0,1,1696,1219,468,1695,1185,441,1700,1229,475,2,1,0,0.0011750881316098707,8.130081300813008E-4,0.0,0.34311511872800243,1.003972110816656,1.8842445765916829,0.6862302374560049,1.003972110816656,1.256163051061122,0.03176470588235294,0.7363710333604556,0.8989473684210526,55.0,100.0,3073,240,70,3,0,0,9.762447120078099E-4,0.0,0.0,0.75,0.8,0.9,0.4,75.0,20.0,70.0,0.75,0.8,0.9,0.30000000000000004,65.0,20.0,60.0,1214,1214,0,1214,0.0,0.9929274171572604,1.0,0.9929274171572604,862,0.7100494233937397,1.0,1
"iteration_2","SCOPE_DATA_COLLECTION",300,18,1150.0,1210.0,2,1696,1219,468,1695,1185,441,1700,1229,475,2,1,0,0.0011750881316098707,8.130081300813008E-4,0.0,0.34311511872800243,1.003972110816656,1.8842445765916829,0.6862302374560049,1.003972110816656,1.256163051061122,0.03176470588235294,0.7363710333604556,0.8989473684210526,55.0,100.0,3073,240,70,3,0,0,9.762447120078099E-4,0.0,0.0,0.75,0.8,0.9,0.4,75.0,20.0,70.0,0.75,0.8,0.9,0.30000000000000004,65.0,20.0,60.0,458,457,1,458,0.002183406113537118,1.9501476847719597,1.5,1.3000984565146398,424,0.9277899343544858,1.0,1
"iteration_2","SCOPE_DATA_COLLECTION",300,19,1210.0,1270.0,0,1690,1214,458,1696,1219,468,1685,1210,447,1,0,1,5.931198102016608E-4,0.0,0.002232142857142857,0.34913482285975195,0.9944584515838356,1.954213561888956,0.6982696457195039,0.9944584515838356,1.302809041259304,0.049851632047477744,0.7132231404958678,0.9284116331096197,95.0,100.0,3078,214,70,2,0,0,6.49772579597141E-4,0.0,0.0,0.75,0.8,0.9,0.30000000000000004,65.0,20.0,60.0,0.75,0.8,0.9,0.30000000000000004,65.0,20.0,60.0,1693,1691,2,1693,0.0011813349084465446,0.3499088948059353,0.5,0.6998177896118706,68,0.04021289178001183,1.0,1
"iteration_2","SCOPE_DATA_COLLECTION",300,19,1210.0,1270.0,1,1690,1214,458,1696,1219,468,1685,1210,447,1,0,1,5.931198102016608E-4,0.0,0.002232142857142857,0.34913482285975195,0.9944584515838356,1.954213561888956,0.6982696457195039,0.9944584515838356,1.302809041259304,0.049851632047477744,0.7132231404958678,0.9284116331096197,95.0,100.0,3078,214,70,2,0,0,6.49772579597141E-4,0.0,0.0,0.75,0.8,0.9,0.30000000000000004,65.0,20.0,60.0,0.75,0.8,0.9,0.30000000000000004,65.0,20.0,60.0,1204,1204,0,1204,0.0,1.0069432696800829,1.0,1.0069432696800829,904,0.7508305647840532,1.0,1
"iteration_2","SCOPE_DATA_COLLECTION",300,19,1210.0,1270.0,2,1690,1214,458,1696,1219,468,1685,1210,447,1,0,1,5.931198102016608E-4,0.0,0.002232142857142857,0.34913482285975195,0.9944584515838356,1.954213561888956,0.6982696457195039,0.9944584515838356,1.302809041259304,0.049851632047477744,0.7132231404958678,0.9284116331096197,95.0,100.0,3078,214,70,2,0,0,6.49772579597141E-4,0.0,0.0,0.75,0.8,0.9,0.30000000000000004,65.0,20.0,60.0,0.75,0.8,0.9,0.30000000000000004,65.0,20.0,60.0,443,442,1,443,0.002257336343115124,1.9365166419455704,1.5,1.2910110946303803,408,0.9230769230769231,1.0,1
"iteration_2","SCOPE_DATA_COLLECTION",300,20,1270.0,1330.0,0,1693,1204,443,1690,1214,458,1695,1211,448,2,0,1,0.0011785503830288745,0.0,0.0022271714922048997,0.34990959551196965,1.0055910127048235,1.9309236996952304,0.6998191910239393,1.0055910127048235,1.287282466463487,0.040117994100294985,0.7489677952105698,0.921875,67.5,100.0,3088,198,54,2,1,0,6.476683937823834E-4,0.005050505050505051,0.0,0.75,0.8,0.9,0.30000000000000004,65.0,20.0,60.0,0.75,0.8,0.8,0.30000000000000004,55.0,20.0,60.0,1638,1637,1,1638,6.105006105006105E-4,0.34482957098384565,0.5,0.6896591419676913,53,0.032376298106292,1.0,1
"iteration_2","SCOPE_DATA_COLLECTION",300,20,1270.0,1330.0,1,1693,1204,443,1690,1214,458,1695,1211,448,2,0,1,0.0011785503830288745,0.0,0.0022271714922048997,0.34990959551196965,1.0055910127048235,1.9309236996952304,0.6998191910239393,1.0055910127048235,1.287282466463487,0.040117994100294985,0.7489677952105698,0.921875,67.5,100.0,3088,198,54,2,1,0,6.476683937823834E-4,0.005050505050505051,0.0,0.75,0.8,0.9,0.30000000000000004,65.0,20.0,60.0,0.75,0.8,0.8,0.30000000000000004,55.0,20.0,60.0,1213,1213,0,1213,0.0,1.01208104554781,1.0,1.01208104554781,913,0.752679307502061,1.0,1
"iteration_2","SCOPE_DATA_COLLECTION",300,20,1270.0,1330.0,2,1693,1204,443,1690,1214,458,1695,1211,448,2,0,1,0.0011785503830288745,0.0,0.0022271714922048997,0.34990959551196965,1.0055910127048235,1.9309236996952304,0.6998191910239393,1.0055910127048235,1.287282466463487,0.040117994100294985,0.7489677952105698,0.921875,67.5,100.0,3088,198,54,2,1,0,6.476683937823834E-4,0.005050505050505051,0.0,0.75,0.8,0.9,0.30000000000000004,65.0,20.0,60.0,0.75,0.8,0.8,0.30000000000000004,55.0,20.0,60.0,446,445,1,446,0.002242152466367713,1.937991733527413,1.5,1.2919944890182753,412,0.9258426966292135,1.0,1
"iteration_2","SCOPE_DATA_COLLECTION",300,21,1330.0,1390.0,0,1638,1213,446,1693,1204,443,1634,1214,440,1,0,1,6.116207951070336E-4,0.0,0.0022675736961451248,0.34472998639377694,1.0121652553174063,1.9394998569924382,0.6894599727875539,1.0121652553174063,1.2929999046616254,0.03243574051407589,0.7512355848434926,0.925,85.0,100.0,3031,201,65,2,0,0,6.598482349059716E-4,0.0,0.0,0.75,0.8,0.8,0.30000000000000004,55.0,20.0,60.0,0.65,0.9,0.9,0.30000000000000004,45.0,30.0,50.0,1653,1653,0,1653,0.0,0.3448602088832677,0.5,0.6897204177665354,58,0.03508771929824561,1.0,1
"iteration_2","SCOPE_DATA_COLLECTION",300,21,1330.0,1390.0,1,1638,1213,446,1693,1204,443,1634,1214,440,1,0,1,6.116207951070336E-4,0.0,0.0022675736961451248,0.34472998639377694,1.0121652553174063,1.9394998569924382,0.6894599727875539,1.0121652553174063,1.2929999046616254,0.03243574051407589,0.7512355848434926,0.925,85.0,100.0,3031,201,65,2,0,0,6.598482349059716E-4,0.0,0.0,0.75,0.8,0.8,0.30000000000000004,55.0,20.0,60.0,0.65,0.9,0.9,0.30000000000000004,45.0,30.0,50.0,1244,1242,2,1244,0.001607717041800643,0.9885773795368453,1.0,0.9885773795368453,929,0.7479871175523349,1.0,1
"iteration_2","SCOPE_DATA_COLLECTION",300,21,1330.0,1390.0,2,1638,1213,446,1693,1204,443,1634,1214,440,1,0,1,6.116207951070336E-4,0.0,0.0022675736961451248,0.34472998639377694,1.0121652553174063,1.9394998569924382,0.6894599727875539,1.0121652553174063,1.2929999046616254,0.03243574051407589,0.7512355848434926,0.925,85.0,100.0,3031,201,65,2,0,0,6.598482349059716E-4,0.0,0.0,0.75,0.8,0.8,0.30000000000000004,55.0,20.0,60.0,0.65,0.9,0.9,0.30000000000000004,45.0,30.0,50.0,456,456,0,456,0.0,1.9217302582034133,1.5,1.2811535054689422,417,0.9144736842105263,1.0,1
"iteration_2","SCOPE_DATA_COLLECTION",300,22,1390.0,1450.0,0,1653,1244,456,1638,1213,446,1652,1231,454,0,2,0,0.0,0.0016220600162206002,0.0,0.3447500018283741,0.9874944637324191,1.917231802462681,0.6895000036567482,0.9874944637324191,1.2781545349751207,0.035108958837772396,0.7473598700243704,0.9140969162995595,97.5,100.0,3042,199,112,2,0,0,6.574621959237344E-4,0.0,0.0,0.65,0.9,0.9,0.30000000000000004,45.0,30.0,50.0,0.65,0.9,0.8,0.2,45.0,40.0,60.0,1708,1707,1,1708,5.85480093676815E-4,0.349735145136335,0.5,0.69947029027267,71,0.04159343878148799,1.0,1
"iteration_2","SCOPE_DATA_COLLECTION",300,22,1390.0,1450.0,1,1653,1244,456,1638,1213,446,1652,1231,454,0,2,0,0.0,0.0016220600162206002,0.0,0.3447500018283741,0.9874944637324191,1.917231802462681,0.6895000036567482,0.9874944637324191,1.2781545349751207,0.035108958837772396,0.7473598700243704,0.9140969162995595,97.5,100.0,3042,199,112,2,0,0,6.574621959237344E-4,0.0,0.0,0.65,0.9,0.9,0.30000000000000004,45.0,30.0,50.0,0.65,0.9,0.8,0.2,45.0,40.0,60.0,1163,1160,3,1163,0.0025795356835769563,1.007502000105283,1.0,1.007502000105283,841,0.725,1.0,1
"iteration_2","SCOPE_DATA_COLLECTION",300,22,1390.0,1450.0,2,1653,1244,456,1638,1213,446,1652,1231,454,0,2,0,0.0,0.0016220600162206002,0.0,0.3447500018283741,0.9874944637324191,1.917231802462681,0.6895000036567482,0.9874944637324191,1.2781545349751207,0.035108958837772396,0.7473598700243704,0.9140969162995595,97.5,100.0,3042,199,112,2,0,0,6.574621959237344E-4,0.0,0.0,0.65,0.9,0.9,0.30000000000000004,45.0,30.0,50.0,0.65,0.9,0.8,0.2,45.0,40.0,60.0,445,445,0,445,0.0,1.9413078655013174,1.5,1.2942052436675449,410,0.9213483146067416,1.0,1
"iteration_2","SCOPE_DATA_COLLECTION",300,23,1450.0,1510.0,0,1708,1163,445,1653,1244,456,1700,1161,447,1,3,0,5.878894767783657E-4,0.002577319587628866,0.0,0.34875899832665574,1.0081288074761707,1.9438344179374727,0.6975179966533115,1.0081288074761707,1.2958896119583152,0.03764705882352941,0.7235142118863049,0.9217002237136466,100.0,100.0,3071,166,79,4,0,0,0.0013025073266037122,0.0,0.0,0.65,0.9,0.8,0.2,45.0,40.0,60.0,0.65,0.9,0.8,0.2,45.0,40.0,60.0,1745,1743,2,1745,0.001146131805157593,0.34984503515257187,0.5,0.6996900703051437,59,0.03384968445209409,1.0,1
"iteration_2","SCOPE_DATA_COLLECTION",300,23,1450.0,1510.0,1,1708,1163,445,1653,1244,456,1700,1161,447,1,3,0,5.878894767783657E-4,0.002577319587628866,0.0,0.34875899832665574,1.0081288074761707,1.9438344179374727,0.6975179966533115,1.0081288074761707,1.2958896119583152,0.03764705882352941,0.7235142118863049,0.9217002237136466,100.0,100.0,3071,166,79,4,0,0,0.0013025073266037122,0.0,0.0,0.65,0.9,0.8,0.2,45.0,40.0,60.0,0.65,0.9,0.8,0.2,45.0,40.0,60.0,1210,1210,0,1210,0.0,1.0067296107340684,1.0,1.0067296107340684,912,0.7537190082644628,1.0,1
"iteration_2","SCOPE_DATA_COLLECTION",300,23,1450.0,1510.0,2,1708,1163,445,1653,1244,456,1700,1161,447,1,3,0,5.878894767783657E-4,0.002577319587628866,0.0,0.34875899832665574,1.0081288074761707,1.9438344179374727,0.6975179966533115,1.0081288074761707,1.2958896119583152,0.03764705882352941,0.7235142118863049,0.9217002237136466,100.0,100.0,3071,166,79,4,0,0,0.0013025073266037122,0.0,0.0,0.65,0.9,0.8,0.2,45.0,40.0,60.0,0.65,0.9,0.8,0.2,45.0,40.0,60.0,428,428,0,428,0.0,1.91899838664809,1.5,1.2793322577653934,392,0.9158878504672897,1.0,1
"iteration_2","SCOPE_DATA_COLLECTION",300,24,1510.0,1570.0,0,1745,1210,428,1708,1163,445,1750,1208,430,2,0,0,0.001141552511415525,0.0,0.0,0.35081551792724075,1.0060998149350504,1.9228559113784724,0.7016310358544815,1.0060998149350504,1.2819039409189816,0.037714285714285714,0.7541390728476821,0.9186046511627907,97.5,100.0,3151,144,88,2,0,0,6.347191367819739E-4,0.0,0.0,0.65,0.9,0.8,0.2,45.0,40.0,60.0,0.55,0.9,0.8,0.1,45.0,40.0,70.0,1677,1675,2,1677,0.0011926058437686344,0.3474062923905891,0.5,0.6948125847811782,47,0.028059701492537312,1.0,1
"iteration_2","SCOPE_DATA_COLLECTION",300,24,1510.0,1570.0,1,1745,1210,428,1708,1163,445,1750,1208,430,2,0,0,0.001141552511415525,0.0,0.0,0.35081551792724075,1.0060998149350504,1.9228559113784724,0.7016310358544815,1.0060998149350504,1.2819039409189816,0.037714285714285714,0.7541390728476821,0.9186046511627907,97.5,100.0,3151,144,88,2,0,0,6.347191367819739E-4,0.0,0.0,0.65,0.9,0.8,0.2,45.0,40.0,60.0,0.55,0.9,0.8,0.1,45.0,40.0,70.0,1204,1204,0,1204,0.0,1.0156804108438608,1.0,1.0156804108438608,906,0.7524916943521595,1.0,1
"iteration_2","SCOPE_DATA_COLLECTION",300,24,1510.0,1570.0,2,1745,1210,428,1708,1163,445,1750,1208,430,2,0,0,0.001141552511415525,0.0,0.0,0.35081551792724075,1.0060998149350504,1.9228559113784724,0.7016310358544815,1.0060998149350504,1.2819039409189816,0.037714285714285714,0.7541390728476821,0.9186046511627907,97.5,100.0,3151,144,88,2,0,0,6.347191367819739E-4,0.0,0.0,0.65,0.9,0.8,0.2,45.0,40.0,60.0,0.55,0.9,0.8,0.1,45.0,40.0,70.0,460,460,0,460,0.0,1.9217276322476629,1.5,1.2811517548317752,424,0.9217391304347826,1.0,1
"iteration_2","SCOPE_DATA_COLLECTION",300,25,1570.0,1630.0,0,1677,1204,460,1745,1210,428,1673,1206,458,2,0,0,0.0011940298507462687,0.0,0.0,0.3467798021907602,1.0152903528813748,1.9169011806510996,0.6935596043815204,1.0152903528813748,1.2779341204340664,0.026897788404064555,0.7529021558872305,0.9192139737991266,92.5,100.0,3099,123,119,2,0,0,6.453694740238787E-4,0.0,0.0,0.55,0.9,0.8,0.1,45.0,40.0,70.0,0.55,0.9,0.8,0.1,45.0,40.0,70.0,1651,1649,2,1651,0.0012113870381586917,0.35303982601947564,0.5,0.7060796520389513,68,0.041237113402061855,1.0,1
"iteration_2","SCOPE_DATA_COLLECTION",300,25,1570.0,1630.0,1,1677,1204,460,1745,1210,428,1673,1206,458,2,0,0,0.0011940298507462687,0.0,0.0,0.3467798021907602,1.0152903528813748,1.9169011806510996,0.6935596043815204,1.0152903528813748,1.2779341204340664,0.026897788404064555,0.7529021558872305,0.9192139737991266,92.5,100.0,3099,123,119,2,0,0,6.453694740238787E-4,0.0,0.0,0.55,0.9,0.8,0.1,45.0,40.0,70.0,0.55,0.9,0.8,0.1,45.0,40.0,70.0,1212,1211,1,1212,8.250825082508251E-4,1.024656764796364,1.0,1.024656764796364,920,0.7597027250206441,1.0,1
"iteration_2","SCOPE_DATA_COLLECTION",300,25,1570.0,1630.0,2,1677,1204,460,1745,1210,428,1673,1206,458,2,0,0,0.0011940298507462687,0.0,0.0,0.3467798021907602,1.0152903528813748,1.9169011806510996,0.6935596043815204,1.0152903528813748,1.2779341204340664,0.026897788404064555,0.7529021558872305,0.9192139737991266,92.5,100.0,3099,123,119,2,0,0,6.453694740238787E-4,0.0,0.0,0.55,0.9,0.8,0.1,45.0,40.0,70.0,0.55,0.9,0.8,0.1,45.0,40.0,70.0,489,488,1,489,0.002044989775051125,1.9289046676385115,1.5,1.285936445092341,447,0.9159836065573771,1.0,1
"iteration_2","SCOPE_DATA_COLLECTION",300,26,1630.0,1690.0,0,1651,1212,489,1677,1204,460,1657,1205,490,2,1,1,0.0012055455093429777,8.291873963515755E-4,0.002036659877800407,0.35382037577729136,1.021392424719408,1.9297494010980574,0.7076407515545827,1.021392424719408,1.2864996007320382,0.04224502112251056,0.7601659751037344,0.9163265306122449,92.5,100.0,3102,131,119,4,0,0,0.0012894906511927789,0.0,0.0,0.55,0.9,0.8,0.1,45.0,40.0,70.0,0.75,0.2,0.8,0.30000000000000004,90.0,35.0,95.0,1713,1713,0,1713,0.0,0.3600916286478728,0.5,0.7201832572957456,97,0.056625802685347344,1.0,1
"iteration_2","SCOPE_DATA_COLLECTION",300,26,1630.0,1690.0,1,1651,1212,489,1677,1204,460,1657,1205,490,2,1,1,0.0012055455093429777,8.291873963515755E-4,0.002036659877800407,0.35382037577729136,1.021392424719408,1.9297494010980574,0.7076407515545827,1.021392424719408,1.2864996007320382,0.04224502112251056,0.7601659751037344,0.9163265306122449,92.5,100.0,3102,131,119,4,0,0,0.0012894906511927789,0.0,0.0,0.55,0.9,0.8,0.1,45.0,40.0,70.0,0.75,0.2,0.8,0.30000000000000004,90.0,35.0,95.0,1159,1159,0,1159,0.0,1.016486183846759,1.0,1.016486183846759,886,0.7644521138912856,1.0,1
"iteration_2","SCOPE_DATA_COLLECTION",300,26,1630.0,1690.0,2,1651,1212,489,1677,1204,460,1657,1205,490,2,1,1,0.0012055455093429777,8.291873963515755E-4,0.002036659877800407,0.35382037577729136,1.021392424719408,1.9297494010980574,0.7076407515545827,1.021392424719408,1.2864996007320382,0.04224502112251056,0.7601659751037344,0.9163265306122449,92.5,100.0,3102,131,119,4,0,0,0.0012894906511927789,0.0,0.0,0.55,0.9,0.8,0.1,45.0,40.0,70.0,0.75,0.2,0.8,0.30000000000000004,90.0,35.0,95.0,482,480,2,482,0.004149377593360996,1.9654481553568932,1.5,1.3102987702379287,449,0.9354166666666667,1.0,1
"iteration_2","SCOPE_DATA_COLLECTION",300,27,1690.0,1750.0,0,1713,1159,482,1651,1212,489,1705,1176,475,0,0,2,0.0,0.0,0.0041928721174004195,0.3598489746128238,1.0210156086040216,1.9658018707574951,0.7196979492256476,1.0210156086040216,1.3105345805049968,0.05571847507331378,0.7653061224489796,0.9347368421052632,87.5,100.0,3115,172,67,2,0,0,6.420545746388443E-4,0.0,0.0,0.75,0.2,0.8,0.30000000000000004,90.0,35.0,95.0,0.75,0.1,0.8,0.2,95.0,25.0,85.0,1779,1776,3,1779,0.0016863406408094434,0.3624717946889638,0.5,0.7249435893779276,100,0.05630630630630631,1.0,1
"iteration_2","SCOPE_DATA_COLLECTION",300,27,1690.0,1750.0,1,1713,1159,482,1651,1212,489,1705,1176,475,0,0,2,0.0,0.0,0.0041928721174004195,0.3598489746128238,1.0210156086040216,1.9658018707574951,0.7196979492256476,1.0210156086040216,1.3105345805049968,0.05571847507331378,0.7653061224489796,0.9347368421052632,87.5,100.0,3115,172,67,2,0,0,6.420545746388443E-4,0.0,0.0,0.75,0.2,0.8,0.30000000000000004,90.0,35.0,95.0,0.75,0.1,0.8,0.2,95.0,25.0,85.0,1217,1217,0,1217,0.0,1.0137998211276795,1.0,1.0137998211276795,928,0.76253081347576,1.0,1
"iteration_2","SCOPE_DATA_COLLECTION",300,27,1690.0,1750.0,2,1713,1159,482,1651,1212,489,1705,1176,475,0,0,2,0.0,0.0,0.0041928721174004195,0.3598489746128238,1.0210156086040216,1.9658018707574951,0.7196979492256476,1.0210156086040216,1.3105345805049968,0.05571847507331378,0.7653061224489796,0.9347368421052632,87.5,100.0,3115,172,67,2,0,0,6.420545746388443E-4,0.0,0.0,0.75,0.2,0.8,0.30000000000000004,90.0,35.0,95.0,0.75,0.1,0.8,0.2,95.0,25.0,85.0,474,474,0,474,0.0,2.0103044849257867,1.5,1.3402029899505246,456,0.9620253164556962,1.0,1
"iteration_2","SCOPE_DATA_COLLECTION",300,28,1750.0,1810.0,0,1779,1217,474,1713,1159,482,1769,1212,477,3,0,0,0.001693002257336343,0.0,0.0,0.3620101006668377,1.013562634342297,2.0107060172176623,0.7240202013336754,1.013562634342297,1.3404706781451081,0.05596382136800452,0.7615511551155115,0.9622641509433962,90.0,100.0,3239,169,62,3,0,0,9.262117937635072E-4,0.0,0.0,0.75,0.1,0.8,0.2,95.0,25.0,85.0,0.75,0.1,0.7000000000000001,0.1,85.0,20.0,85.0,1648,1646,2,1648,0.0012135922330097086,0.3673009714603911,0.5,0.7346019429207822,109,0.06622114216281895,1.0,1
"iteration_2","SCOPE_DATA_COLLECTION",300,28,1750.0,1810.0,1,1779,1217,474,1713,1159,482,1769,1212,477,3,0,0,0.001693002257336343,0.0,0.0,0.3620101006668377,1.013562634342297,2.0107060172176623,0.7240202013336754,1.013562634342297,1.3404706781451081,0.05596382136800452,0.7615511551155115,0.9622641509433962,90.0,100.0,3239,169,62,3,0,0,9.262117937635072E-4,0.0,0.0,0.75,0.1,0.8,0.2,95.0,25.0,85.0,0.75,0.1,0.7000000000000001,0.1,85.0,20.0,85.0,1250,1249,1,1250,8.0E-4,1.0079869462764128,1.0,1.0079869462764128,958,0.767013610888711,1.0,1
"iteration_2","SCOPE_DATA_COLLECTION",300,28,1750.0,1810.0,2,1779,1217,474,1713,1159,482,1769,1212,477,3,0,0,0.001693002257336343,0.0,0.0,0.3620101006668377,1.013562634342297,2.0107060172176623,0.7240202013336754,1.013562634342297,1.3404706781451081,0.05596382136800452,0.7615511551155115,0.9622641509433962,90.0,100.0,3239,169,62,3,0,0,9.262117937635072E-4,0.0,0.0,0.75,0.1,0.8,0.2,95.0,25.0,85.0,0.75,0.1,0.7000000000000001,0.1,85.0,20.0,85.0,500,500,0,500,0.0,1.926254211026001,1.5,1.284169474017334,456,0.912,1.0,1
"iteration_2","SCOPE_DATA_COLLECTION",300,29,1810.0,1870.0,0,1648,1250,500,1779,1217,474,1651,1247,500,2,1,0,0.0012099213551119178,8.012820512820513E-4,0.0,0.36773135805496604,1.0075580331599323,1.9252031430880105,0.7354627161099321,1.0075580331599323,1.2834687620586738,0.06723198061780739,0.764234161988773,0.912,87.5,100.0,3147,187,64,3,0,0,9.532888465204957E-4,0.0,0.0,0.75,0.1,0.7000000000000001,0.1,85.0,20.0,85.0,0.65,0.1,0.7000000000000001,0.1,95.0,20.0,95.0,1723,1719,4,1723,0.0023215322112594312,0.3689958059421181,0.5,0.7379916118842362,123,0.07155322862129145,1.0,1
"iteration_2","SCOPE_DATA_COLLECTION",300,29,1810.0,1870.0,1,1648,1250,500,1779,1217,474,1651,1247,500,2,1,0,0.0012099213551119178,8.012820512820513E-4,0.0,0.36773135805496604,1.0075580331599323,1.9252031430880105,0.7354627161099321,1.0075580331599323,1.2834687620586738,0.06723198061780739,0.764234161988773,0.912,87.5,100.0,3147,187,64,3,0,0,9.532888465204957E-4,0.0,0.0,0.75,0.1,0.7000000000000001,0.1,85.0,20.0,85.0,0.65,0.1,0.7000000000000001,0.1,95.0,20.0,95.0,1298,1298,0,1298,0.0,1.023354785170237,1.0,1.023354785170237,971,0.7480739599383667,1.0,1
"iteration_2","SCOPE_DATA_COLLECTION",300,29,1810.0,1870.0,2,1648,1250,500,1779,1217,474,1651,1247,500,2,1,0,0.0012099213551119178,8.012820512820513E-4,0.0,0.36773135805496604,1.0075580331599323,1.9252031430880105,0.7354627161099321,1.0075580331599323,1.2834687620586738,0.06723198061780739,0.764234161988773,0.912,87.5,100.0,3147,187,64,3,0,0,9.532888465204957E-4,0.0,0.0,0.75,0.1,0.7000000000000001,0.1,85.0,20.0,85.0,0.65,0.1,0.7000000000000001,0.1,95.0,20.0,95.0,433,433,0,433,0.0,1.952193612266223,1.5,1.301462408177482,405,0.9353348729792148,1.0,1
"iteration_2","SCOPE_DATA_COLLECTION",300,30,1870.0,1930.0,0,1723,1298,433,1648,1250,500,1725,1297,432,4,0,0,0.002313475997686524,0.0,0.0,0.3690084257974871,1.0214348473299584,1.9512793387612564,0.7380168515949742,1.0214348473299584,1.3008528925075042,0.07188405797101449,0.7494217424826523,0.9351851851851852,77.5,100.0,3258,125,71,4,0,0,0.0012277470841006752,0.0,0.0,0.65,0.1,0.7000000000000001,0.1,95.0,20.0,95.0,0.55,0.1,0.7000000000000001,0.1,85.0,30.0,95.0,1750,1748,2,1750,0.001142857142857143,0.36650552073669923,0.5,0.7330110414733985,106,0.06064073226544622,1.0,1
"iteration_2","SCOPE_DATA_COLLECTION",300,30,1870.0,1930.0,1,1723,1298,433,1648,1250,500,1725,1297,432,4,0,0,0.002313475997686524,0.0,0.0,0.3690084257974871,1.0214348473299584,1.9512793387612564,0.7380168515949742,1.0214348473299584,1.3008528925075042,0.07188405797101449,0.7494217424826523,0.9351851851851852,77.5,100.0,3258,125,71,4,0,0,0.0012277470841006752,0.0,0.0,0.65,0.1,0.7000000000000001,0.1,95.0,20.0,95.0,0.55,0.1,0.7000000000000001,0.1,85.0,30.0,95.0,1259,1259,0,1259,0.0,1.027523185032215,1.0,1.027523185032215,980,0.778395552025417,1.0,1
"iteration_2","SCOPE_DATA_COLLECTION",300,30,1870.0,1930.0,2,1723,1298,433,1648,1250,500,1725,1297,432,4,0,0,0.002313475997686524,0.0,0.0,0.3690084257974871,1.0214348473299584,1.9512793387612564,0.7380168515949742,1.0214348473299584,1.3008528925075042,0.07188405797101449,0.7494217424826523,0.9351851851851852,77.5,100.0,3258,125,71,4,0,0,0.0012277470841006752,0.0,0.0,0.65,0.1,0.7000000000000001,0.1,95.0,20.0,95.0,0.55,0.1,0.7000000000000001,0.1,85.0,30.0,95.0,449,448,1,449,0.0022271714922048997,1.9861436674192139,1.5,1.324095778279476,426,0.9508928571428571,1.0,1
"iteration_2","SCOPE_DATA_COLLECTION",300,31,1930.0,1990.0,0,1750,1259,449,1723,1298,433,1744,1255,447,2,0,1,0.001145475372279496,0.0,0.002232142857142857,0.36590681630333755,1.0281486089305827,1.9845525137200302,0.7318136326066751,1.0281486089305827,1.3230350091466867,0.05733944954128441,0.7792828685258965,0.9507829977628636,95.0,100.0,3284,103,71,3,0,0,9.135200974421437E-4,0.0,0.0,0.55,0.1,0.7000000000000001,0.1,85.0,30.0,95.0,0.65,0.1,0.7000000000000001,0.2,95.0,40.0,85.0,1785,1783,2,1785,0.0011204481792717086,0.36191600025899373,0.5,0.7238320005179875,82,0.045989904655075714,1.0,1
"iteration_2","SCOPE_DATA_COLLECTION",300,31,1930.0,1990.0,1,1750,1259,449,1723,1298,433,1744,1255,447,2,0,1,0.001145475372279496,0.0,0.002232142857142857,0.36590681630333755,1.0281486089305827,1.9845525137200302,0.7318136326066751,1.0281486089305827,1.3230350091466867,0.05733944954128441,0.7792828685258965,0.9507829977628636,95.0,100.0,3284,103,71,3,0,0,9.135200974421437E-4,0.0,0.0,0.55,0.1,0.7000000000000001,0.1,85.0,30.0,95.0,0.65,0.1,0.7000000000000001,0.2,95.0,40.0,85.0,1224,1221,3,1224,0.0024509803921568627,1.0224636037484958,1.0,1.0224636037484958,924,0.7567567567567568,1.0,1
"iteration_2","SCOPE_DATA_COLLECTION",300,31,1930.0,1990.0,2,1750,1259,449,1723,1298,433,1744,1255,447,2,0,1,0.001145475372279496,0.0,0.002232142857142857,0.36590681630333755,1.0281486089305827,1.9845525137200302,0.7318136326066751,1.0281486089305827,1.3230350091466867,0.05733944954128441,0.7792828685258965,0.9507829977628636,95.0,100.0,3284,103,71,3,0,0,9.135200974421437E-4,0.0,0.0,0.55,0.1,0.7000000000000001,0.1,85.0,30.0,95.0,0.65,0.1,0.7000000000000001,0.2,95.0,40.0,85.0,445,445,0,445,0.0,1.9533562040564423,1.5,1.3022374693709615,416,0.9348314606741573,1.0,1
"iteration_2","SCOPE_DATA_COLLECTION",300,32,1990.0,2050.0,0,1785,1224,445,1750,1259,449,1781,1229,444,2,3,0,0.0011217049915872126,0.002435064935064935,0.0,0.3620998655164509,1.0243197834301117,1.9557166792862608,0.7241997310329018,1.0243197834301117,1.303811119524174,0.047164514317798986,0.7591537835638731,0.9346846846846847,90.0,100.0,3248,135,71,5,0,0,0.001539408866995074,0.0,0.0,0.65,0.1,0.7000000000000001,0.2,95.0,40.0,85.0,0.65,0.1,0.7000000000000001,0.1,95.0,30.0,85.0,1696,1696,0,1696,0.0,0.3595464944446127,0.5,0.7190929888892253,69,0.04068396226415094,1.0,1
"iteration_2","SCOPE_DATA_COLLECTION",300,32,1990.0,2050.0,1,1785,1224,445,1750,1259,449,1781,1229,444,2,3,0,0.0011217049915872126,0.002435064935064935,0.0,0.3620998655164509,1.0243197834301117,1.9557166792862608,0.7241997310329018,1.0243197834301117,1.303811119524174,0.047164514317798986,0.7591537835638731,0.9346846846846847,90.0,100.0,3248,135,71,5,0,0,0.001539408866995074,0.0,0.0,0.65,0.1,0.7000000000000001,0.2,95.0,40.0,85.0,0.65,0.1,0.7000000000000001,0.1,95.0,30.0,85.0,1245,1245,0,1245,0.0,1.0160251214671479,1.0,1.0160251214671479,931,0.7477911646586345,1.0,1
"iteration_2","SCOPE_DATA_COLLECTION",300,32,1990.0,2050.0,2,1785,1224,445,1750,1259,449,1781,1229,444,2,3,0,0.0011217049915872126,0.002435064935064935,0.0,0.3620998655164509,1.0243197834301117,1.9557166792862608,0.7241997310329018,1.0243197834301117,1.303811119524174,0.047164514317798986,0.7591537835638731,0.9346846846846847,90.0,100.0,3248,135,71,5,0,0,0.001539408866995074,0.0,0.0,0.65,0.1,0.7000000000000001,0.2,95.0,40.0,85.0,0.65,0.1,0.7000000000000001,0.1,95.0,30.0,85.0,438,437,1,438,0.00228310502283105,1.9676226302585695,1.5,1.3117484201723797,409,0.9359267734553776,1.0,1
"iteration_2","SCOPE_DATA_COLLECTION",300,33,2050.0,2110.0,0,1696,1245,438,1785,1224,445,1697,1241,442,0,0,1,0.0,0.0,0.002257336343115124,0.35998787609656985,1.0157089765758878,1.9682723704726572,0.7199757521931397,1.0157089765758878,1.312181580315105,0.04242781378903948,0.7445608380338437,0.9366515837104072,87.5,100.0,3184,125,70,1,0,0,3.14070351758794E-4,0.0,0.0,0.65,0.1,0.7000000000000001,0.1,95.0,30.0,85.0,0.65,0.2,0.7000000000000001,0.1,85.0,40.0,85.0,1646,1646,0,1646,0.0,0.361586604434926,0.5,0.723173208869852,84,0.05103280680437424,1.0,1
"iteration_2","SCOPE_DATA_COLLECTION",300,33,2050.0,2110.0,1,1696,1245,438,1785,1224,445,1697,1241,442,0,0,1,0.0,0.0,0.002257336343115124,0.35998787609656985,1.0157089765758878,1.9682723704726572,0.7199757521931397,1.0157089765758878,1.312181580315105,0.04242781378903948,0.7445608380338437,0.9366515837104072,87.5,100.0,3184,125,70,1,0,0,3.14070351758794E-4,0.0,0.0,0.65,0.1,0.7000000000000001,0.1,95.0,30.0,85.0,0.65,0.2,0.7000000000000001,0.1,85.0,40.0,85.0,1241,1241,0,1241,0.0,1.01622512329938,1.0,1.01622512329938,935,0.7534246575342466,1.0,1
"iteration_2","SCOPE_DATA_COLLECTION",300,33,2050.0,2110.0,2,1696,1245,438,1785,1224,445,1697,1241,442,0,0,1,0.0,0.0,0.002257336343115124,0.35998787609656985,1.0157089765758878,1.9682723704726572,0.7199757521931397,1.0157089765758878,1.312181580315105,0.04242781378903948,0.7445608380338437,0.9366515837104072,87.5,100.0,3184,125,70,1,0,0,3.14070351758794E-4,0.0,0.0,0.65,0.1,0.7000000000000001,0.1,95.0,30.0,85.0,0.65,0.2,0.7000000000000001,0.1,85.0,40.0,85.0,452,452,0,452,0.0,1.910771349706301,1.5,1.2738475664708673,412,0.911504424778761,1.0,1
"iteration_2","SCOPE_DATA_COLLECTION",300,34,2110.0,2170.0,0,1646,1241,452,1696,1245,438,1651,1244,452,0,0,0,0.0,0.0,0.0,0.36174644693366714,1.0166767754047834,1.9102046477115906,0.7234928938673343,1.0166767754047834,1.2734697651410605,0.0514839491217444,0.7564308681672026,0.911504424778761,80.0,100.0,3134,135,70,0,0,0,0.0,0.0,0.0,0.65,0.2,0.7000000000000001,0.1,85.0,40.0,85.0,0.6000000000000001,0.1,0.7000000000000001,0.8,35.0,50.0,50.0,1633,1632,1,1633,6.12369871402327E-4,0.35559810725996555,0.5,0.7111962145199311,50,0.030637254901960783,1.0,1
"iteration_2","SCOPE_DATA_COLLECTION",300,34,2110.0,2170.0,1,1646,1241,452,1696,1245,438,1651,1244,452,0,0,0,0.0,0.0,0.0,0.36174644693366714,1.0166767754047834,1.9102046477115906,0.7234928938673343,1.0166767754047834,1.2734697651410605,0.0514839491217444,0.7564308681672026,0.911504424778761,80.0,100.0,3134,135,70,0,0,0,0.0,0.0,0.0,0.65,0.2,0.7000000000000001,0.1,85.0,40.0,85.0,0.6000000000000001,0.1,0.7000000000000001,0.8,35.0,50.0,50.0,1203,1202,1,1203,8.312551953449709E-4,1.0203431146648565,1.0,1.0203431146648565,913,0.759567387687188,1.0,1
"iteration_2","SCOPE_DATA_COLLECTION",300,34,2110.0,2170.0,2,1646,1241,452,1696,1245,438,1651,1244,452,0,0,0,0.0,0.0,0.0,0.36174644693366714,1.0166767754047834,1.9102046477115906,0.7234928938673343,1.0166767754047834,1.2734697651410605,0.0514839491217444,0.7564308681672026,0.911504424778761,80.0,100.0,3134,135,70,0,0,0,0.0,0.0,0.0,0.65,0.2,0.7000000000000001,0.1,85.0,40.0,85.0,0.6000000000000001,0.1,0.7000000000000001,0.8,35.0,50.0,50.0,443,443,0,443,0.0,1.9728229946467395,1.5,1.315215329764493,418,0.9435665914221218,1.0,1
"iteration_2","SCOPE_DATA_COLLECTION",300,35,2170.0,2230.0,0,1633,1203,443,1646,1241,452,1626,1203,446,1,1,0,6.146281499692685E-4,8.305647840531562E-4,0.0,0.3557124991992863,1.0203062065079387,1.971178464842798,0.7114249983985726,1.0203062065079387,1.3141189765618653,0.03075030750307503,0.7605985037406484,0.9439461883408071,70.0,100.0,3089,107,83,2,0,0,6.474587245063128E-4,0.0,0.0,0.6000000000000001,0.1,0.7000000000000001,0.8,35.0,50.0,50.0,0.6000000000000001,0.2,0.8,0.7000000000000001,25.0,60.0,50.0,1751,1750,1,1751,5.711022272986865E-4,0.3589110535582053,0.5,0.7178221071164106,109,0.062285714285714285,1.0,1
"iteration_2","SCOPE_DATA_COLLECTION",300,35,2170.0,2230.0,1,1633,1203,443,1646,1241,452,1626,1203,446,1,1,0,6.146281499692685E-4,8.305647840531562E-4,0.0,0.3557124991992863,1.0203062065079387,1.971178464842798,0.7114249983985726,1.0203062065079387,1.3141189765618653,0.03075030750307503,0.7605985037406484,0.9439461883408071,70.0,100.0,3089,107,83,2,0,0,6.474587245063128E-4,0.0,0.0,0.6000000000000001,0.1,0.7000000000000001,0.8,35.0,50.0,50.0,0.6000000000000001,0.2,0.8,0.7000000000000001,25.0,60.0,50.0,1249,1249,0,1249,0.0,1.013803809669083,1.0,1.013803809669083,940,0.7526020816653323,1.0,1
"iteration_2","SCOPE_DATA_COLLECTION",300,35,2170.0,2230.0,2,1633,1203,443,1646,1241,452,1626,1203,446,1,1,0,6.146281499692685E-4,8.305647840531562E-4,0.0,0.3557124991992863,1.0203062065079387,1.971178464842798,0.7114249983985726,1.0203062065079387,1.3141189765618653,0.03075030750307503,0.7605985037406484,0.9439461883408071,70.0,100.0,3089,107,83,2,0,0,6.474587245063128E-4,0.0,0.0,0.6000000000000001,0.1,0.7000000000000001,0.8,35.0,50.0,50.0,0.6000000000000001,0.2,0.8,0.7000000000000001,25.0,60.0,50.0,484,478,6,484,0.012396694214876033,1.9568959805084134,1.5,1.3045973203389423,445,0.9309623430962343,1.0,1
"iteration_2","SCOPE_DATA_COLLECTION",300,36,2230.0,2290.0,0,1751,1249,484,1633,1203,443,1751,1251,474,1,0,6,5.707762557077625E-4,0.0,0.0125,0.3589153887471344,1.0137971519465152,1.9586714999849515,0.7178307774942688,1.0137971519465152,1.3057809999899677,0.06225014277555682,0.7521982414068745,0.930379746835443,85.0,100.0,3231,148,105,6,1,0,0.0018570102135561746,0.006756756756756757,0.0,0.6000000000000001,0.2,0.8,0.7000000000000001,25.0,60.0,50.0,0.9500000000000001,0.7000000000000001,0.1,0.5,40.0,70.0,90.0,1724,1724,0,1724,0.0,0.35133326077530863,0.5,0.7026665215506173,54,0.031322505800464036,1.0,1
"iteration_2","SCOPE_DATA_COLLECTION",300,36,2230.0,2290.0,1,1751,1249,484,1633,1203,443,1751,1251,474,1,0,6,5.707762557077625E-4,0.0,0.0125,0.3589153887471344,1.0137971519465152,1.9586714999849515,0.7178307774942688,1.0137971519465152,1.3057809999899677,0.06225014277555682,0.7521982414068745,0.930379746835443,85.0,100.0,3231,148,105,6,1,0,0.0018570102135561746,0.006756756756756757,0.0,0.6000000000000001,0.2,0.8,0.7000000000000001,25.0,60.0,50.0,0.9500000000000001,0.7000000000000001,0.1,0.5,40.0,70.0,90.0,1225,1225,0,1225,0.0,1.0269923409374542,1.0,1.0269923409374542,914,0.7461224489795918,1.0,1
"iteration_2","SCOPE_DATA_COLLECTION",300,36,2230.0,2290.0,2,1751,1249,484,1633,1203,443,1751,1251,474,1,0,6,5.707762557077625E-4,0.0,0.0125,0.3589153887471344,1.0137971519465152,1.9586714999849515,0.7178307774942688,1.0137971519465152,1.3057809999899677,0.06225014277555682,0.7521982414068745,0.930379746835443,85.0,100.0,3231,148,105,6,1,0,0.0018570102135561746,0.006756756756756757,0.0,0.6000000000000001,0.2,0.8,0.7000000000000001,25.0,60.0,50.0,0.9500000000000001,0.7000000000000001,0.1,0.5,40.0,70.0,90.0,416,416,0,416,0.0,1.9557766450539118,1.5,1.3038510967026078,387,0.9302884615384616,1.0,1
"iteration_2","SCOPE_DATA_COLLECTION",300,37,2290.0,2350.0,0,1724,1225,416,1751,1249,484,1733,1224,416,0,0,0,0.0,0.0,0.0,0.35128732677595753,1.0271580834758631,1.9556238119457463,0.7025746535519151,1.0271580834758631,1.3037492079638309,0.031159838430467397,0.7459150326797386,0.9302884615384616,70.0,100.0,3174,181,10,0,0,0,0.0,0.0,0.0,0.9500000000000001,0.7000000000000001,0.1,0.5,40.0,70.0,90.0,0.9500000000000001,0.6000000000000001,0.2,0.5,30.0,60.0,95.0,1744,1742,2,1744,0.0011467889908256881,0.34467552621030534,0.5,0.6893510524206107,53,0.030424799081515498,1.0,1
"iteration_2","SCOPE_DATA_COLLECTION",300,37,2290.0,2350.0,1,1724,1225,416,1751,1249,484,1733,1224,416,0,0,0,0.0,0.0,0.0,0.35128732677595753,1.0271580834758631,1.9556238119457463,0.7025746535519151,1.0271580834758631,1.3037492079638309,0.031159838430467397,0.7459150326797386,0.9302884615384616,70.0,100.0,3174,181,10,0,0,0,0.0,0.0,0.0,0.9500000000000001,0.7000000000000001,0.1,0.5,40.0,70.0,90.0,0.9500000000000001,0.6000000000000001,0.2,0.5,30.0,60.0,95.0,1221,1220,1,1221,8.19000819000819E-4,0.9896970383694098,1.0,0.9896970383694098,887,0.7270491803278688,1.0,1
"iteration_2","SCOPE_DATA_COLLECTION",300,37,2290.0,2350.0,2,1724,1225,416,1751,1249,484,1733,1224,416,0,0,0,0.0,0.0,0.0,0.35128732677595753,1.0271580834758631,1.9556238119457463,0.7025746535519151,1.0271580834758631,1.3037492079638309,0.031159838430467397,0.7459150326797386,0.9302884615384616,70.0,100.0,3174,181,10,0,0,0,0.0,0.0,0.0,0.9500000000000001,0.7000000000000001,0.1,0.5,40.0,70.0,90.0,0.9500000000000001,0.6000000000000001,0.2,0.5,30.0,60.0,95.0,453,451,2,453,0.004415011037527594,1.8977970522420962,1.5,1.265198034828064,407,0.9024390243902439,1.0,1
"iteration_2","SCOPE_DATA_COLLECTION",300,38,2350.0,2410.0,0,1744,1221,453,1724,1225,416,1734,1215,452,2,1,2,0.001152073732718894,8.223684210526315E-4,0.004405286343612335,0.3446300930221638,0.9893766610154214,1.8988063041412837,0.6892601860443276,0.9893766610154214,1.2658708694275225,0.030565167243367934,0.7242798353909465,0.9026548672566371,90.0,100.0,3104,298,16,5,0,0,0.0016108247422680412,0.0,0.0,0.9500000000000001,0.6000000000000001,0.2,0.5,30.0,60.0,95.0,0.9500000000000001,0.5,0.30000000000000004,0.4,40.0,50.0,95.0,1717,1714,3,1717,0.0017472335468841002,0.35414680999204395,0.5,0.7082936199840879,57,0.03325554259043174,1.0,1
"iteration_2","SCOPE_DATA_COLLECTION",300,38,2350.0,2410.0,1,1744,1221,453,1724,1225,416,1734,1215,452,2,1,2,0.001152073732718894,8.223684210526315E-4,0.004405286343612335,0.3446300930221638,0.9893766610154214,1.8988063041412837,0.6892601860443276,0.9893766610154214,1.2658708694275225,0.030565167243367934,0.7242798353909465,0.9026548672566371,90.0,100.0,3104,298,16,5,0,0,0.0016108247422680412,0.0,0.0,0.9500000000000001,0.6000000000000001,0.2,0.5,30.0,60.0,95.0,0.9500000000000001,0.5,0.30000000000000004,0.4,40.0,50.0,95.0,1135,1135,0,1135,0.0,1.027822747493479,1.0,1.027822747493479,863,0.760352422907489,1.0,1
"iteration_2","SCOPE_DATA_COLLECTION",300,38,2350.0,2410.0,2,1744,1221,453,1724,1225,416,1734,1215,452,2,1,2,0.001152073732718894,8.223684210526315E-4,0.004405286343612335,0.3446300930221638,0.9893766610154214,1.8988063041412837,0.6892601860443276,0.9893766610154214,1.2658708694275225,0.030565167243367934,0.7242798353909465,0.9026548672566371,90.0,100.0,3104,298,16,5,0,0,0.0016108247422680412,0.0,0.0,0.9500000000000001,0.6000000000000001,0.2,0.5,30.0,60.0,95.0,0.9500000000000001,0.5,0.30000000000000004,0.4,40.0,50.0,95.0,434,434,0,434,0.0,1.975564024896175,1.5,1.3170426832641167,412,0.9493087557603687,1.0,1
"iteration_2","SCOPE_DATA_COLLECTION",300,39,2410.0,2470.0,0,1717,1135,434,1744,1221,453,1719,1132,428,3,0,0,0.0017421602787456446,0.0,0.0,0.35407041320097554,1.0270170002400727,1.9810621273814975,0.7081408264019511,1.0270170002400727,1.3207080849209982,0.03315881326352531,0.7606007067137809,0.9509345794392523,100.0,100.0,3113,167,6,3,0,0,9.637006103437199E-4,0.0,0.0,0.9500000000000001,0.5,0.30000000000000004,0.4,40.0,50.0,95.0,0.2,0.30000000000000004,0.6000000000000001,0.9,80.0,85.0,90.0,1653,1650,3,1653,0.0018148820326678765,0.35547146303739363,0.5,0.7109429260747873,60,0.03636363636363636,1.0,1
"iteration_2","SCOPE_DATA_COLLECTION",300,39,2410.0,2470.0,1,1717,1135,434,1744,1221,453,1719,1132,428,3,0,0,0.0017421602787456446,0.0,0.0,0.35407041320097554,1.0270170002400727,1.9810621273814975,0.7081408264019511,1.0270170002400727,1.3207080849209982,0.03315881326352531,0.7606007067137809,0.9509345794392523,100.0,100.0,3113,167,6,3,0,0,9.637006103437199E-4,0.0,0.0,0.9500000000000001,0.5,0.30000000000000004,0.4,40.0,50.0,95.0,0.2,0.30000000000000004,0.6000000000000001,0.9,80.0,85.0,90.0,1155,1151,4,1155,0.003463203463203463,1.0185449816901875,1.0,1.0185449816901875,875,0.7602085143353605,1.0,1
"iteration_2","SCOPE_DATA_COLLECTION",300,39,2410.0,2470.0,2,1717,1135,434,1744,1221,453,1719,1132,428,3,0,0,0.0017421602787456446,0.0,0.0,0.35407041320097554,1.0270170002400727,1.9810621273814975,0.7081408264019511,1.0270170002400727,1.3207080849209982,0.03315881326352531,0.7606007067137809,0.9509345794392523,100.0,100.0,3113,167,6,3,0,0,9.637006103437199E-4,0.0,0.0,0.9500000000000001,0.5,0.30000000000000004,0.4,40.0,50.0,95.0,0.2,0.30000000000000004,0.6000000000000001,0.9,80.0,85.0,90.0,453,452,1,453,0.002207505518763797,1.9969757759570166,1.5,1.3313171839713445,432,0.9557522123893806,1.0,1
"iteration_2","SCOPE_DATA_COLLECTION",300,40,2470.0,2530.0,0,1653,1155,453,1717,1135,434,1648,1151,454,3,4,1,0.0018170805572380376,0.003463203463203463,0.002197802197802198,0.3551922932601348,1.018876388682734,1.9948247645136035,0.7103845865202696,1.018876388682734,1.3298831763424024,0.0345873786407767,0.7602085143353605,0.9559471365638766,87.5,100.0,3090,39,132,8,0,0,0.0025889967637540453,0.0,0.0,0.2,0.30000000000000004,0.6000000000000001,0.9,80.0,85.0,90.0,0.1,0.2,0.6000000000000001,0.8,80.0,95.0,95.0,1664,1662,2,1664,0.001201923076923077,0.35338195452973237,0.5,0.7067639090594647,68,0.04091456077015644,1.0,1
"iteration_2","SCOPE_DATA_COLLECTION",300,40,2470.0,2530.0,1,1653,1155,453,1717,1135,434,1648,1151,454,3,4,1,0.0018170805572380376,0.003463203463203463,0.002197802197802198,0.3551922932601348,1.018876388682734,1.9948247645136035,0.7103845865202696,1.018876388682734,1.3298831763424024,0.0345873786407767,0.7602085143353605,0.9559471365638766,87.5,100.0,3090,39,132,8,0,0,0.0025889967637540453,0.0,0.0,0.2,0.30000000000000004,0.6000000000000001,0.9,80.0,85.0,90.0,0.1,0.2,0.6000000000000001,0.8,80.0,95.0,95.0,1222,1221,1,1222,8.183306055646482E-4,1.0278542029104678,1.0,1.0278542029104678,936,0.7665847665847666,1.0,1
"iteration_2","SCOPE_DATA_COLLECTION",300,40,2470.0,2530.0,2,1653,1155,453,1717,1135,434,1648,1151,454,3,4,1,0.0018170805572380376,0.003463203463203463,0.002197802197802198,0.3551922932601348,1.018876388682734,1.9948247645136035,0.7103845865202696,1.018876388682734,1.3298831763424024,0.0345873786407767,0.7602085143353605,0.9559471365638766,87.5,100.0,3090,39,132,8,0,0,0.0025889967637540453,0.0,0.0,0.2,0.30000000000000004,0.6000000000000001,0.9,80.0,85.0,90.0,0.1,0.2,0.6000000000000001,0.8,80.0,95.0,95.0,440,439,1,440,0.0022727272727272726,1.984602113941333,1.5,1.3230680759608886,415,0.9453302961275627,1.0,1
"iteration_2","SCOPE_DATA_COLLECTION",300,41,2530.0,2590.0,0,1664,1222,440,1653,1155,453,1658,1222,440,2,1,1,0.0012048192771084338,8.176614881439084E-4,0.0022675736961451248,0.35337130926171145,1.0258882979446093,1.9772029673966771,0.7067426185234229,1.0258882979446093,1.3181353115977847,0.0428226779252111,0.7659574468085106,0.9431818181818182,92.5,100.0,3124,14,188,4,0,0,0.0012804097311139564,0.0,0.0,0.1,0.2,0.6000000000000001,0.8,80.0,95.0,95.0,0.1,0.30000000000000004,0.5,0.7000000000000001,90.0,95.0,95.0,1755,1755,0,1755,0.0,0.35203962160207153,0.5,0.7040792432041431,58,0.03304843304843305,1.0,1
"iteration_2","SCOPE_DATA_COLLECTION",300,41,2530.0,2590.0,1,1664,1222,440,1653,1155,453,1658,1222,440,2,1,1,0.0012048192771084338,8.176614881439084E-4,0.0022675736961451248,0.35337130926171145,1.0258882979446093,1.9772029673966771,0.7067426185234229,1.0258882979446093,1.3181353115977847,0.0428226779252111,0.7659574468085106,0.9431818181818182,92.5,100.0,3124,14,188,4,0,0,0.0012804097311139564,0.0,0.0,0.1,0.2,0.6000000000000001,0.8,80.0,95.0,95.0,0.1,0.30000000000000004,0.5,0.7000000000000001,90.0,95.0,95.0,1202,1199,3,1202,0.0024958402662229617,1.006218097137109,1.0,1.006218097137109,912,0.7606338615512928,1.0,1
"iteration_2","SCOPE_DATA_COLLECTION",300,41,2530.0,2590.0,2,1664,1222,440,1653,1155,453,1658,1222,440,2,1,1,0.0012048192771084338,8.176614881439084E-4,0.0022675736961451248,0.35337130926171145,1.0258882979446093,1.9772029673966771,0.7067426185234229,1.0258882979446093,1.3181353115977847,0.0428226779252111,0.7659574468085106,0.9431818181818182,92.5,100.0,3124,14,188,4,0,0,0.0012804097311139564,0.0,0.0,0.1,0.2,0.6000000000000001,0.8,80.0,95.0,95.0,0.1,0.30000000000000004,0.5,0.7000000000000001,90.0,95.0,95.0,456,454,2,456,0.0043859649122807015,1.90498215417941,1.5,1.2699881027862734,413,0.9096916299559471,1.0,1
"iteration_2","SCOPE_DATA_COLLECTION",300,42,2590.0,2650.0,0,1755,1202,456,1664,1222,440,1758,1197,458,0,3,2,0.0,0.0025,0.004347826086956522,0.3518135007972773,1.0076455101170627,1.9097172340547477,0.7036270015945546,1.0076455101170627,1.2731448227031652,0.030147895335608646,0.7593984962406015,0.9104803493449781,87.5,100.0,3171,22,220,5,0,0,0.001576789656259855,0.0,0.0,0.1,0.30000000000000004,0.5,0.7000000000000001,90.0,95.0,95.0,0.1,0.30000000000000004,0.5,0.7000000000000001,90.0,95.0,95.0,1683,1681,2,1683,0.0011883541295306002,0.3537631014685215,0.5,0.707526202937043,67,0.03985722784057109,1.0,1
"iteration_2","SCOPE_DATA_COLLECTION",300,42,2590.0,2650.0,1,1755,1202,456,1664,1222,440,1758,1197,458,0,3,2,0.0,0.0025,0.004347826086956522,0.3518135007972773,1.0076455101170627,1.9097172340547477,0.7036270015945546,1.0076455101170627,1.2731448227031652,0.030147895335608646,0.7593984962406015,0.9104803493449781,87.5,100.0,3171,22,220,5,0,0,0.001576789656259855,0.0,0.0,0.1,0.30000000000000004,0.5,0.7000000000000001,90.0,95.0,95.0,0.1,0.30000000000000004,0.5,0.7000000000000001,90.0,95.0,95.0,1194,1193,1,1194,8.375209380234506E-4,0.9985922467472547,1.0,0.9985922467472547,876,0.7342833193629505,1.0,1
"iteration_2","SCOPE_DATA_COLLECTION",300,42,2590.0,2650.0,2,1755,1202,456,1664,1222,440,1758,1197,458,0,3,2,0.0,0.0025,0.004347826086956522,0.3518135007972773,1.0076455101170627,1.9097172340547477,0.7036270015945546,1.0076455101170627,1.2731448227031652,0.030147895335608646,0.7593984962406015,0.9104803493449781,87.5,100.0,3171,22,220,5,0,0,0.001576789656259855,0.0,0.0,0.1,0.30000000000000004,0.5,0.7000000000000001,90.0,95.0,95.0,0.1,0.30000000000000004,0.5,0.7000000000000001,90.0,95.0,95.0,461,460,1,461,0.0021691973969631237,1.9452549888809847,1.5,1.2968366592539897,427,0.9282608695652174,1.0,1
"iteration_2","SCOPE_DATA_COLLECTION",300,43,2650.0,2710.0,0,1683,1194,461,1755,1202,456,1688,1192,451,2,1,1,0.001183431952662722,8.382229673093043E-4,0.0022123893805309734,0.35430837772164514,0.9995658223361215,1.9520613740140635,0.7086167554432903,0.9995658223361215,1.301374249342709,0.04265402843601896,0.7374161073825504,0.9334811529933481,97.5,100.0,3104,17,217,4,0,0,0.001288659793814433,0.0,0.0,0.1,0.30000000000000004,0.5,0.7000000000000001,90.0,95.0,95.0,0.05,0.30000000000000004,0.5,0.7000000000000001,80.0,95.0,85.0,1691,1690,1,1691,5.913660555884093E-4,0.3480385033752985,0.5,0.696077006750597,65,0.038461538461538464,1.0,1
"iteration_2","SCOPE_DATA_COLLECTION",300,43,2650.0,2710.0,1,1683,1194,461,1755,1202,456,1688,1192,451,2,1,1,0.001183431952662722,8.382229673093043E-4,0.0022123893805309734,0.35430837772164514,0.9995658223361215,1.9520613740140635,0.7086167554432903,0.9995658223361215,1.301374249342709,0.04265402843601896,0.7374161073825504,0.9334811529933481,97.5,100.0,3104,17,217,4,0,0,0.001288659793814433,0.0,0.0,0.1,0.30000000000000004,0.5,0.7000000000000001,90.0,95.0,95.0,0.05,0.30000000000000004,0.5,0.7000000000000001,80.0,95.0,85.0,1251,1249,2,1251,0.0015987210231814548,1.0017298791540246,1.0,1.0017298791540246,941,0.7534027221777422,1.0,1
"iteration_2","SCOPE_DATA_COLLECTION",300,43,2650.0,2710.0,2,1683,1194,461,1755,1202,456,1688,1192,451,2,1,1,0.001183431952662722,8.382229673093043E-4,0.0022123893805309734,0.35430837772164514,0.9995658223361215,1.9520613740140635,0.7086167554432903,0.9995658223361215,1.301374249342709,0.04265402843601896,0.7374161073825504,0.9334811529933481,97.5,100.0,3104,17,217,4,0,0,0.001288659793814433,0.0,0.0,0.1,0.30000000000000004,0.5,0.7000000000000001,90.0,95.0,95.0,0.05,0.30000000000000004,0.5,0.7000000000000001,80.0,95.0,85.0,479,478,1,479,0.0020876826722338203,1.9339612759116425,1.5,1.2893075172744284,439,0.9184100418410042,1.0,1
"iteration_2","SCOPE_DATA_COLLECTION",300,44,2710.0,2770.0,0,1691,1251,479,1683,1194,461,1680,1257,485,1,2,1,5.94883997620464E-4,0.0015885623510722795,0.00205761316872428,0.3479684680392628,1.001687271582674,1.9258924529271773,0.6959369360785256,1.001687271582674,1.2839283019514516,0.03869047619047619,0.750994431185362,0.9134020618556701,85.0,100.0,3139,6,276,4,0,0,0.0012742911755336094,0.0,0.0,0.05,0.30000000000000004,0.5,0.7000000000000001,80.0,95.0,85.0,0.05,0.30000000000000004,0.5,0.7000000000000001,80.0,95.0,85.0,1648,1647,1,1648,6.067961165048543E-4,0.35028897301829737,0.5,0.7005779460365947,29,0.017607771706132362,1.0,1
"iteration_2","SCOPE_DATA_COLLECTION",300,44,2710.0,2770.0,1,1691,1251,479,1683,1194,461,1680,1257,485,1,2,1,5.94883997620464E-4,0.0015885623510722795,0.00205761316872428,0.3479684680392628,1.001687271582674,1.9258924529271773,0.6959369360785256,1.001687271582674,1.2839283019514516,0.03869047619047619,0.750994431185362,0.9134020618556701,85.0,100.0,3139,6,276,4,0,0,0.0012742911755336094,0.0,0.0,0.05,0.30000000000000004,0.5,0.7000000000000001,80.0,95.0,85.0,0.05,0.30000000000000004,0.5,0.7000000000000001,80.0,95.0,85.0,1257,1256,1,1257,7.955449482895784E-4,1.003170524514644,1.0,1.003170524514644,913,0.7269108280254777,1.0,1
"iteration_2","SCOPE_DATA_COLLECTION",300,44,2710.0,2770.0,2,1691,1251,479,1683,1194,461,1680,1257,485,1,2,1,5.94883997620464E-4,0.0015885623510722795,0.00205761316872428,0.3479684680392628,1.001687271582674,1.9258924529271773,0.6959369360785256,1.001687271582674,1.2839283019514516,0.03869047619047619,0.750994431185362,0.9134020618556701,85.0,100.0,3139,6,276,4,0,0,0.0012742911755336094,0.0,0.0,0.05,0.30000000000000004,0.5,0.7000000000000001,80.0,95.0,85.0,0.05,0.30000000000000004,0.5,0.7000000000000001,80.0,95.0,85.0,390,389,1,390,0.002564102564102564,1.9377255299427394,1.5,1.2918170199618262,363,0.9331619537275064,1.0,1
"iteration_2","SCOPE_DATA_COLLECTION",300,45,2770.0,2830.0,0,1648,1257,390,1691,1251,479,1654,1251,387,1,1,1,6.042296072507553E-4,7.987220447284345E-4,0.002577319587628866,0.35043496249720923,1.0031501873321962,1.9374263226728081,0.7008699249944185,1.0031501873321962,1.2916175484485388,0.017533252720677146,0.7290167865707434,0.9328165374677002,85.0,100.0,3095,4,196,3,0,0,9.693053311793214E-4,0.0,0.0,0.05,0.30000000000000004,0.5,0.7000000000000001,80.0,95.0,85.0,0.05,0.2,0.6000000000000001,0.6000000000000001,80.0,85.0,85.0,1646,1643,3,1646,0.0018226002430133657,0.35383213461385915,0.5,0.7076642692277183,54,0.032866707242848445,1.0,1
"iteration_2","SCOPE_DATA_COLLECTION",300,45,2770.0,2830.0,1,1648,1257,390,1691,1251,479,1654,1251,387,1,1,1,6.042296072507553E-4,7.987220447284345E-4,0.002577319587628866,0.35043496249720923,1.0031501873321962,1.9374263226728081,0.7008699249944185,1.0031501873321962,1.2916175484485388,0.017533252720677146,0.7290167865707434,0.9328165374677002,85.0,100.0,3095,4,196,3,0,0,9.693053311793214E-4,0.0,0.0,0.05,0.30000000000000004,0.5,0.7000000000000001,80.0,95.0,85.0,0.05,0.2,0.6000000000000001,0.6000000000000001,80.0,85.0,85.0,1181,1181,0,1181,0.0,1.0129196103743174,1.0,1.0129196103743174,895,0.7578323454699407,1.0,1
"iteration_2","SCOPE_DATA_COLLECTION",300,45,2770.0,2830.0,2,1648,1257,390,1691,1251,479,1654,1251,387,1,1,1,6.042296072507553E-4,7.987220447284345E-4,0.002577319587628866,0.35043496249720923,1.0031501873321962,1.9374263226728081,0.7008699249944185,1.0031501873321962,1.2916175484485388,0.017533252720677146,0.7290167865707434,0.9328165374677002,85.0,100.0,3095,4,196,3,0,0,9.693053311793214E-4,0.0,0.0,0.05,0.30000000000000004,0.5,0.7000000000000001,80.0,95.0,85.0,0.05,0.2,0.6000000000000001,0.6000000000000001,80.0,85.0,85.0,455,453,2,455,0.004395604395604396,2.0041867900279033,1.5,1.3361245266852688,436,0.9624724061810155,1.0,1
"iteration_2","SCOPE_DATA_COLLECTION",300,46,2830.0,2890.0,0,1646,1181,455,1648,1257,390,1638,1188,456,3,0,2,0.0018281535648994515,0.0,0.004366812227074236,0.3536071464154971,1.0128817079286045,2.007145584014776,0.7072142928309942,1.0128817079286045,1.3380970560098506,0.031746031746031744,0.7567340067340067,0.9627192982456141,77.5,100.0,3085,8,189,5,0,0,0.0016207455429497568,0.0,0.0,0.05,0.2,0.6000000000000001,0.6000000000000001,80.0,85.0,85.0,0.05,0.2,0.7000000000000001,0.5,90.0,85.0,75.0,1750,1749,1,1750,5.714285714285715E-4,0.35574518932602084,0.5,0.7114903786520417,81,0.04631217838765009,1.0,1
"iteration_2","SCOPE_DATA_COLLECTION",300,46,2830.0,2890.0,1,1646,1181,455,1648,1257,390,1638,1188,456,3,0,2,0.0018281535648994515,0.0,0.004366812227074236,0.3536071464154971,1.0128817079286045,2.007145584014776,0.7072142928309942,1.0128817079286045,1.3380970560098506,0.031746031746031744,0.7567340067340067,0.9627192982456141,77.5,100.0,3085,8,189,5,0,0,0.0016207455429497568,0.0,0.0,0.05,0.2,0.6000000000000001,0.6000000000000001,80.0,85.0,85.0,0.05,0.2,0.7000000000000001,0.5,90.0,85.0,75.0,1237,1237,0,1237,0.0,1.012063929339888,1.0,1.012063929339888,922,0.7453516572352465,1.0,1
"iteration_2","SCOPE_DATA_COLLECTION",300,46,2830.0,2890.0,2,1646,1181,455,1648,1257,390,1638,1188,456,3,0,2,0.0018281535648994515,0.0,0.004366812227074236,0.3536071464154971,1.0128817079286045,2.007145584014776,0.7072142928309942,1.0128817079286045,1.3380970560098506,0.031746031746031744,0.7567340067340067,0.9627192982456141,77.5,100.0,3085,8,189,5,0,0,0.0016207455429497568,0.0,0.0,0.05,0.2,0.6000000000000001,0.6000000000000001,80.0,85.0,85.0,0.05,0.2,0.7000000000000001,0.5,90.0,85.0,75.0,435,435,0,435,0.0,2.0030981534091135,1.5,1.335398768939409,416,0.9563218390804598,1.0,1
"iteration_2","SCOPE_DATA_COLLECTION",300,47,2890.0,2950.0,0,1750,1237,435,1646,1181,455,1745,1219,431,1,0,0,5.72737686139748E-4,0.0,0.0,0.355588437141839,1.010281953933939,1.998322053121357,0.711176874283678,1.010281953933939,1.3322147020809048,0.046418338108882524,0.7448728465955702,0.9559164733178654,97.5,100.0,3207,10,205,1,0,0,3.118178983473651E-4,0.0,0.0,0.05,0.2,0.7000000000000001,0.5,90.0,85.0,75.0,0.05,0.1,0.8,0.6000000000000001,80.0,95.0,85.0,1792,1792,0,1792,0.0,0.36715349447775353,0.5,0.7343069889555071,123,0.06863839285714286,1.0,1
"iteration_2","SCOPE_DATA_COLLECTION",300,47,2890.0,2950.0,1,1750,1237,435,1646,1181,455,1745,1219,431,1,0,0,5.72737686139748E-4,0.0,0.0,0.355588437141839,1.010281953933939,1.998322053121357,0.711176874283678,1.010281953933939,1.3322147020809048,0.046418338108882524,0.7448728465955702,0.9559164733178654,97.5,100.0,3207,10,205,1,0,0,3.118178983473651E-4,0.0,0.0,0.05,0.2,0.7000000000000001,0.5,90.0,85.0,75.0,0.05,0.1,0.8,0.6000000000000001,80.0,95.0,85.0,1195,1194,1,1195,8.368200836820083E-4,1.0205951795852424,1.0,1.0205951795852424,889,0.7445561139028476,1.0,1
"iteration_2","SCOPE_DATA_COLLECTION",300,47,2890.0,2950.0,2,1750,1237,435,1646,1181,455,1745,1219,431,1,0,0,5.72737686139748E-4,0.0,0.0,0.355588437141839,1.010281953933939,1.998322053121357,0.711176874283678,1.010281953933939,1.3322147020809048,0.046418338108882524,0.7448728465955702,0.9559164733178654,97.5,100.0,3207,10,205,1,0,0,3.118178983473651E-4,0.0,0.0,0.05,0.2,0.7000000000000001,0.5,90.0,85.0,75.0,0.05,0.1,0.8,0.6000000000000001,80.0,95.0,85.0,480,479,1,480,0.0020833333333333333,1.9433634263994488,1.5,1.2955756175996325,445,0.9290187891440501,1.0,1
"iteration_2","SCOPE_DATA_COLLECTION",300,48,2950.0,3010.0,0,1792,1195,480,1750,1237,435,1797,1207,482,0,1,1,0.0,8.278145695364238E-4,0.002070393374741201,0.36740524137849156,1.0212237741579744,1.9464583524016477,0.7348104827569831,1.0212237741579744,1.2976389016010985,0.06956037840845854,0.7464788732394366,0.9294605809128631,90.0,100.0,3251,17,199,2,0,0,6.151953245155337E-4,0.0,0.0,0.05,0.1,0.8,0.6000000000000001,80.0,95.0,85.0,0.25,0.30000000000000004,0.8,0.7000000000000001,70.0,40.0,95.0,1719,1718,1,1719,5.817335660267597E-4,0.35280544492037097,0.5,0.7056108898407419,72,0.04190919674039581,1.0,1
"iteration_2","SCOPE_DATA_COLLECTION",300,48,2950.0,3010.0,1,1792,1195,480,1750,1237,435,1797,1207,482,0,1,1,0.0,8.278145695364238E-4,0.002070393374741201,0.36740524137849156,1.0212237741579744,1.9464583524016477,0.7348104827569831,1.0212237741579744,1.2976389016010985,0.06956037840845854,0.7464788732394366,0.9294605809128631,90.0,100.0,3251,17,199,2,0,0,6.151953245155337E-4,0.0,0.0,0.05,0.1,0.8,0.6000000000000001,80.0,95.0,85.0,0.25,0.30000000000000004,0.8,0.7000000000000001,70.0,40.0,95.0,1199,1197,2,1199,0.0016680567139282735,1.010519890069264,1.0,1.010519890069264,895,0.747702589807853,1.0,1
"iteration_2","SCOPE_DATA_COLLECTION",300,48,2950.0,3010.0,2,1792,1195,480,1750,1237,435,1797,1207,482,0,1,1,0.0,8.278145695364238E-4,0.002070393374741201,0.36740524137849156,1.0212237741579744,1.9464583524016477,0.7348104827569831,1.0212237741579744,1.2976389016010985,0.06956037840845854,0.7464788732394366,0.9294605809128631,90.0,100.0,3251,17,199,2,0,0,6.151953245155337E-4,0.0,0.0,0.05,0.1,0.8,0.6000000000000001,80.0,95.0,85.0,0.25,0.30000000000000004,0.8,0.7000000000000001,70.0,40.0,95.0,449,449,0,449,0.0,1.9958014363776213,1.5,1.3305342909184141,429,0.955456570155902,1.0,1
"iteration_2","SCOPE_DATA_COLLECTION",300,49,3010.0,3070.0,0,1719,1199,449,1792,1195,480,1721,1199,447,1,2,0,5.807200929152149E-4,0.0016652789342214821,0.0,0.3528976298094211,1.0115901645782572,1.9944257187217596,0.7057952596188422,1.0115901645782572,1.3296171458145063,0.041836141778036025,0.7472894078398665,0.9552572706935123,85.0,100.0,3144,50,173,3,0,0,9.541984732824427E-4,0.0,0.0,0.25,0.30000000000000004,0.8,0.7000000000000001,70.0,40.0,95.0,0.25,0.1,0.7000000000000001,0.1,30.0,65.0,65.0,1663,1663,0,1663,0.0,0.37334491988207025,0.5,0.7466898397641405,150,0.09019843656043296,1.0,1
"iteration_2","SCOPE_DATA_COLLECTION",300,49,3010.0,3070.0,1,1719,1199,449,1792,1195,480,1721,1199,447,1,2,0,5.807200929152149E-4,0.0016652789342214821,0.0,0.3528976298094211,1.0115901645782572,1.9944257187217596,0.7057952596188422,1.0115901645782572,1.3296171458145063,0.041836141778036025,0.7472894078398665,0.9552572706935123,85.0,100.0,3144,50,173,3,0,0,9.541984732824427E-4,0.0,0.0,0.25,0.30000000000000004,0.8,0.7000000000000001,70.0,40.0,95.0,0.25,0.1,0.7000000000000001,0.1,30.0,65.0,65.0,1214,1214,0,1214,0.0,1.0137147816744991,1.0,1.0137147816744991,905,0.7454695222405272,1.0,1
"iteration_2","SCOPE_DATA_COLLECTION",300,49,3010.0,3070.0,2,1719,1199,449,1792,1195,480,1721,1199,447,1,2,0,5.807200929152149E-4,0.0016652789342214821,0.0,0.3528976298094211,1.0115901645782572,1.9944257187217596,0.7057952596188422,1.0115901645782572,1.3296171458145063,0.041836141778036025,0.7472894078398665,0.9552572706935123,85.0,100.0,3144,50,173,3,0,0,9.541984732824427E-4,0.0,0.0,0.25,0.30000000000000004,0.8,0.7000000000000001,70.0,40.0,95.0,0.25,0.1,0.7000000000000001,0.1,30.0,65.0,65.0,474,473,1,474,0.002109704641350211,1.978499649602992,1.5,1.3189997664019948,447,0.945031712473573,1.0,1
"iteration_2","SCOPE_DATA_COLLECTION",300,50,3070.0,3130.0,0,1663,1214,474,1719,1199,449,1646,1216,473,0,0,1,0.0,0.0,0.002109704641350211,0.3727808330879366,1.013790308500642,1.9805778812573624,0.7455616661758732,1.013790308500642,1.320385254171575,0.0899149453219927,0.743421052631579,0.945031712473573,95.0,100.0,3148,57,146,1,0,0,3.176620076238882E-4,0.0,0.0,0.25,0.1,0.7000000000000001,0.1,30.0,65.0,65.0,0.35000000000000003,0.2,0.8,0.1,20.0,75.0,75.0,1682,1681,1,1682,5.945303210463733E-4,0.3632183712576003,0.5,0.7264367425152006,100,0.0594883997620464,1.0,1
"iteration_2","SCOPE_DATA_COLLECTION",300,50,3070.0,3130.0,1,1663,1214,474,1719,1199,449,1646,1216,473,0,0,1,0.0,0.0,0.002109704641350211,0.3727808330879366,1.013790308500642,1.9805778812573624,0.7455616661758732,1.013790308500642,1.320385254171575,0.0899149453219927,0.743421052631579,0.945031712473573,95.0,100.0,3148,57,146,1,0,0,3.176620076238882E-4,0.0,0.0,0.25,0.1,0.7000000000000001,0.1,30.0,65.0,65.0,0.35000000000000003,0.2,0.8,0.1,20.0,75.0,75.0,1215,1214,1,1215,8.230452674897119E-4,1.0159730792960915,1.0,1.0159730792960915,900,0.7413509060955519,1.0,1
"iteration_2","SCOPE_DATA_COLLECTION",300,50,3070.0,3130.0,2,1663,1214,474,1719,1199,449,1646,1216,473,0,0,1,0.0,0.0,0.002109704641350211,0.3727808330879366,1.013790308500642,1.9805778812573624,0.7455616661758732,1.013790308500642,1.320385254171575,0.0899149453219927,0.743421052631579,0.945031712473573,95.0,100.0,3148,57,146,1,0,0,3.176620076238882E-4,0.0,0.0,0.25,0.1,0.7000000000000001,0.1,30.0,65.0,65.0,0.35000000000000003,0.2,0.8,0.1,20.0,75.0,75.0,467,466,1,467,0.0021413276231263384,1.9629617091126792,1.5,1.3086411394084527,433,0.9291845493562232,1.0,1
"iteration_2","SCOPE_DATA_COLLECTION",300,51,3130.0,3190.0,0,1682,1215,467,1663,1214,474,1692,1199,466,1,1,1,5.906674542232723E-4,8.333333333333334E-4,0.0021413276231263384,0.3630266186690686,1.013276232297763,1.9654398488058884,0.7260532373381372,1.013276232297763,1.310293232537259,0.05851063829787234,0.7406171809841534,0.9313304721030042,95.0,100.0,3139,89,136,3,0,0,9.55718381650207E-4,0.0,0.0,0.35000000000000003,0.2,0.8,0.1,20.0,75.0,75.0,0.35000000000000003,0.2,0.9,0.1,20.0,65.0,65.0,1671,1667,4,1671,0.0023937761819269898,0.3548597898110216,0.5,0.7097195796220432,71,0.04259148170365927,1.0,1
"iteration_2","SCOPE_DATA_COLLECTION",300,51,3130.0,3190.0,1,1682,1215,467,1663,1214,474,1692,1199,466,1,1,1,5.906674542232723E-4,8.333333333333334E-4,0.0021413276231263384,0.3630266186690686,1.013276232297763,1.9654398488058884,0.7260532373381372,1.013276232297763,1.310293232537259,0.05851063829787234,0.7406171809841534,0.9313304721030042,95.0,100.0,3139,89,136,3,0,0,9.55718381650207E-4,0.0,0.0,0.35000000000000003,0.2,0.8,0.1,20.0,75.0,75.0,0.35000000000000003,0.2,0.9,0.1,20.0,65.0,65.0,1230,1229,1,1230,8.130081300813008E-4,1.0105446951487265,1.0,1.0105446951487265,939,0.7640358014646054,1.0,1
"iteration_2","SCOPE_DATA_COLLECTION",300,51,3130.0,3190.0,2,1682,1215,467,1663,1214,474,1692,1199,466,1,1,1,5.906674542232723E-4,8.333333333333334E-4,0.0021413276231263384,0.3630266186690686,1.013276232297763,1.9654398488058884,0.7260532373381372,1.013276232297763,1.310293232537259,0.05851063829787234,0.7406171809841534,0.9313304721030042,95.0,100.0,3139,89,136,3,0,0,9.55718381650207E-4,0.0,0.0,0.35000000000000003,0.2,0.8,0.1,20.0,75.0,75.0,0.35000000000000003,0.2,0.9,0.1,20.0,65.0,65.0,442,442,0,442,0.0,1.9389120123398038,1.5,1.2926080082265359,411,0.9298642533936652,1.0,1
"iteration_2","SCOPE_DATA_COLLECTION",300,52,3190.0,3250.0,0,1671,1230,442,1682,1215,467,1666,1237,442,4,1,0,0.0023952095808383233,8.077544426494346E-4,0.0,0.3561215702977043,1.0145504733415274,1.9345763824362898,0.7122431405954086,1.0145504733415274,1.2897175882908598,0.043817527010804325,0.767178658043654,0.9276018099547512,100.0,100.0,3110,82,151,5,0,0,0.001607717041800643,0.0,0.0,0.35000000000000003,0.2,0.9,0.1,20.0,65.0,65.0,0.45,0.1,0.9,0.1,30.0,75.0,55.0,1696,1695,1,1696,5.896226415094339E-4,0.367580969677361,0.5,0.735161939354722,116,0.06843657817109144,1.0,1
"iteration_2","SCOPE_DATA_COLLECTION",300,52,3190.0,3250.0,1,1671,1230,442,1682,1215,467,1666,1237,442,4,1,0,0.0023952095808383233,8.077544426494346E-4,0.0,0.3561215702977043,1.0145504733415274,1.9345763824362898,0.7122431405954086,1.0145504733415274,1.2897175882908598,0.043817527010804325,0.767178658043654,0.9276018099547512,100.0,100.0,3110,82,151,5,0,0,0.001607717041800643,0.0,0.0,0.35000000000000003,0.2,0.9,0.1,20.0,65.0,65.0,0.45,0.1,0.9,0.1,30.0,75.0,55.0,1252,1251,1,1252,7.987220447284345E-4,1.0309333484344343,1.0,1.0309333484344343,958,0.7657873701039168,1.0,1
"iteration_2","SCOPE_DATA_COLLECTION",300,52,3190.0,3250.0,2,1671,1230,442,1682,1215,467,1666,1237,442,4,1,0,0.0023952095808383233,8.077544426494346E-4,0.0,0.3561215702977043,1.0145504733415274,1.9345763824362898,0.7122431405954086,1.0145504733415274,1.2897175882908598,0.043817527010804325,0.767178658043654,0.9276018099547512,100.0,100.0,3110,82,151,5,0,0,0.001607717041800643,0.0,0.0,0.35000000000000003,0.2,0.9,0.1,20.0,65.0,65.0,0.45,0.1,0.9,0.1,30.0,75.0,55.0,444,443,1,444,0.0022522522522522522,2.002311979782343,1.5,1.3348746531882287,423,0.9548532731376975,1.0,1
"iteration_2","SCOPE_DATA_COLLECTION",300,53,3250.0,3310.0,0,1696,1252,444,1671,1230,442,1694,1256,447,1,1,1,5.899705014749262E-4,7.955449482895784E-4,0.002232142857142857,0.3671286007114275,1.0298001899238771,2.0040469931006344,0.734257201422855,1.0298001899238771,1.3360313287337562,0.0690672963400236,0.7659235668789809,0.9552572706935123,92.5,100.0,3209,75,108,3,0,0,9.348706762231225E-4,0.0,0.0,0.45,0.1,0.9,0.1,30.0,75.0,55.0,0.75,0.30000000000000004,0.7000000000000001,0.8,40.0,25.0,45.0,1732,1732,0,1732,0.0,0.34797087694053097,0.5,0.6959417538810619,45,0.025981524249422634,1.0,1
"iteration_2","SCOPE_DATA_COLLECTION",300,53,3250.0,3310.0,1,1696,1252,444,1671,1230,442,1694,1256,447,1,1,1,5.899705014749262E-4,7.955449482895784E-4,0.002232142857142857,0.3671286007114275,1.0298001899238771,2.0040469931006344,0.734257201422855,1.0298001899238771,1.3360313287337562,0.0690672963400236,0.7659235668789809,0.9552572706935123,92.5,100.0,3209,75,108,3,0,0,9.348706762231225E-4,0.0,0.0,0.45,0.1,0.9,0.1,30.0,75.0,55.0,0.75,0.30000000000000004,0.7000000000000001,0.8,40.0,25.0,45.0,1151,1149,2,1151,0.0017376194613379669,1.019674148527377,1.0,1.019674148527377,893,0.7771975630983464,1.0,1
"iteration_2","SCOPE_DATA_COLLECTION",300,53,3250.0,3310.0,2,1696,1252,444,1671,1230,442,1694,1256,447,1,1,1,5.899705014749262E-4,7.955449482895784E-4,0.002232142857142857,0.3671286007114275,1.0298001899238771,2.0040469931006344,0.734257201422855,1.0298001899238771,1.3360313287337562,0.0690672963400236,0.7659235668789809,0.9552572706935123,92.5,100.0,3209,75,108,3,0,0,9.348706762231225E-4,0.0,0.0,0.45,0.1,0.9,0.1,30.0,75.0,55.0,0.75,0.30000000000000004,0.7000000000000001,0.8,40.0,25.0,45.0,441,440,1,441,0.0022675736961451248,1.9633025157638817,1.5,1.3088683438425879,414,0.9409090909090909,1.0,1
"iteration_2","SCOPE_DATA_COLLECTION",300,54,3310.0,3370.0,0,1732,1151,441,1696,1252,444,1737,1147,436,0,2,1,0.0,0.0017406440382941688,0.002288329519450801,0.3480743542057281,1.0181408573529716,1.9622371696758591,0.6961487084114562,1.0181408573529716,1.3081581131172395,0.025906735751295335,0.7759372275501307,0.9403669724770642,92.5,100.0,3106,162,56,3,0,0,9.658725048293626E-4,0.0,0.0,0.75,0.30000000000000004,0.7000000000000001,0.8,40.0,25.0,45.0,0.75,0.30000000000000004,0.7000000000000001,0.8,50.0,25.0,45.0,1648,1647,1,1648,6.067961165048543E-4,0.3487534278009251,0.5,0.6975068556018502,34,0.020643594414086218,1.0,1
"iteration_2","SCOPE_DATA_COLLECTION",300,54,3310.0,3370.0,1,1732,1151,441,1696,1252,444,1737,1147,436,0,2,1,0.0,0.0017406440382941688,0.002288329519450801,0.3480743542057281,1.0181408573529716,1.9622371696758591,0.6961487084114562,1.0181408573529716,1.3081581131172395,0.025906735751295335,0.7759372275501307,0.9403669724770642,92.5,100.0,3106,162,56,3,0,0,9.658725048293626E-4,0.0,0.0,0.75,0.30000000000000004,0.7000000000000001,0.8,40.0,25.0,45.0,0.75,0.30000000000000004,0.7000000000000001,0.8,50.0,25.0,45.0,1228,1228,0,1228,0.0,0.9973872226904776,1.0,0.9973872226904776,893,0.7271986970684039,1.0,1
"iteration_2","SCOPE_DATA_COLLECTION",300,54,3310.0,3370.0,2,1732,1151,441,1696,1252,444,1737,1147,436,0,2,1,0.0,0.0017406440382941688,0.002288329519450801,0.3480743542057281,1.0181408573529716,1.9622371696758591,0.6961487084114562,1.0181408573529716,1.3081581131172395,0.025906735751295335,0.7759372275501307,0.9403669724770642,92.5,100.0,3106,162,56,3,0,0,9.658725048293626E-4,0.0,0.0,0.75,0.30000000000000004,0.7000000000000001,0.8,40.0,25.0,45.0,0.75,0.30000000000000004,0.7000000000000001,0.8,50.0,25.0,45.0,421,420,1,421,0.0023752969121140144,1.9558425316927641,1.5,1.3038950211285094,392,0.9333333333333333,1.0,1
"iteration_2","SCOPE_DATA_COLLECTION",300,55,3370.0,3430.0,0,1648,1228,421,1732,1151,441,1654,1234,420,1,0,1,6.042296072507553E-4,0.0,0.0023752969121140144,0.34876595779513675,0.9988311885148689,1.9539053106586228,0.6975319155902735,0.9988311885148689,1.3026035404390819,0.020556227327690448,0.7277147487844409,0.9333333333333333,72.5,100.0,3063,173,61,2,0,0,6.52954619653934E-4,0.0,0.0,0.75,0.30000000000000004,0.7000000000000001,0.8,50.0,25.0,45.0,0.8,0.7000000000000001,0.8,0.2,55.0,65.0,75.0,1624,1624,0,1624,0.0,0.34515697441257925,0.5,0.6903139488251585,52,0.03201970443349754,1.0,1
"iteration_2","SCOPE_DATA_COLLECTION",300,55,3370.0,3430.0,1,1648,1228,421,1732,1151,441,1654,1234,420,1,0,1,6.042296072507553E-4,0.0,0.0023752969121140144,0.34876595779513675,0.9988311885148689,1.9539053106586228,0.6975319155902735,0.9988311885148689,1.3026035404390819,0.020556227327690448,0.7277147487844409,0.9333333333333333,72.5,100.0,3063,173,61,2,0,0,6.52954619653934E-4,0.0,0.0,0.75,0.30000000000000004,0.7000000000000001,0.8,50.0,25.0,45.0,0.8,0.7000000000000001,0.8,0.2,55.0,65.0,75.0,1271,1271,0,1271,0.0,0.9776614688219447,1.0,0.9776614688219447,911,0.7167584579071598,1.0,1
"iteration_2","SCOPE_DATA_COLLECTION",300,55,3370.0,3430.0,2,1648,1228,421,1732,1151,441,1654,1234,420,1,0,1,6.042296072507553E-4,0.0,0.0023752969121140144,0.34876595779513675,0.9988311885148689,1.9539053106586228,0.6975319155902735,0.9988311885148689,1.3026035404390819,0.020556227327690448,0.7277147487844409,0.9333333333333333,72.5,100.0,3063,173,61,2,0,0,6.52954619653934E-4,0.0,0.0,0.75,0.30000000000000004,0.7000000000000001,0.8,50.0,25.0,45.0,0.8,0.7000000000000001,0.8,0.2,55.0,65.0,75.0,463,463,0,463,0.0,1.902484192094499,1.5,1.268322794729666,420,0.9071274298056156,1.0,1
"iteration_2","SCOPE_DATA_COLLECTION",300,56,3430.0,3490.0,0,1624,1271,463,1648,1228,421,1622,1270,460,0,0,0,0.0,0.0,0.0,0.3451943601105647,0.9774734597484281,1.9026158851728892,0.6903887202211294,0.9774734597484281,1.2684105901152594,0.032059186189889025,0.7165354330708661,0.9065217391304348,87.5,100.0,3036,254,68,0,0,0,0.0,0.0,0.0,0.8,0.7000000000000001,0.8,0.2,55.0,65.0,75.0,0.7000000000000001,0.8,0.8,0.1,55.0,65.0,65.0,1729,1728,1,1729,5.78368999421631E-4,0.34369921831067685,0.5,0.6873984366213537,56,0.032407407407407406,1.0,1
"iteration_2","SCOPE_DATA_COLLECTION",300,56,3430.0,3490.0,1,1624,1271,463,1648,1228,421,1622,1270,460,0,0,0,0.0,0.0,0.0,0.3451943601105647,0.9774734597484281,1.9026158851728892,0.6903887202211294,0.9774734597484281,1.2684105901152594,0.032059186189889025,0.7165354330708661,0.9065217391304348,87.5,100.0,3036,254,68,0,0,0,0.0,0.0,0.0,0.8,0.7000000000000001,0.8,0.2,55.0,65.0,75.0,0.7000000000000001,0.8,0.8,0.1,55.0,65.0,65.0,1247,1245,2,1247,0.0016038492381716118,1.0025340417932904,1.0,1.0025340417932904,945,0.7590361445783133,1.0,1
"iteration_2","SCOPE_DATA_COLLECTION",300,56,3430.0,3490.0,2,1624,1271,463,1648,1228,421,1622,1270,460,0,0,0,0.0,0.0,0.0,0.3451943601105647,0.9774734597484281,1.9026158851728892,0.6903887202211294,0.9774734597484281,1.2684105901152594,0.032059186189889025,0.7165354330708661,0.9065217391304348,87.5,100.0,3036,254,68,0,0,0,0.0,0.0,0.0,0.8,0.7000000000000001,0.8,0.2,55.0,65.0,75.0,0.7000000000000001,0.8,0.8,0.1,55.0,65.0,65.0,441,441,0,441,0.0,1.9163731335376566,1.5,1.2775820890251044,403,0.9138321995464853,1.0,1
"iteration_2","SCOPE_DATA_COLLECTION",300,57,3490.0,3550.0,0,1729,1247,441,1624,1271,463,1723,1241,447,1,1,0,5.80046403712297E-4,8.051529790660225E-4,0.0,0.3436101664391394,1.0021832759514904,1.920196272491138,0.6872203328782788,1.0021832759514904,1.2801308483274252,0.03250145095763204,0.7574536663980661,0.9149888143176734,92.5,100.0,3122,201,94,2,0,0,6.406149903907751E-4,0.0,0.0,0.7000000000000001,0.8,0.8,0.1,55.0,65.0,65.0,0.7000000000000001,0.8,0.8,0.1,55.0,65.0,65.0,1689,1687,2,1689,0.0011841326228537595,0.3445364060180191,0.5,0.6890728120360382,59,0.034973325429756966,1.0,1
"iteration_2","SCOPE_DATA_COLLECTION",300,57,3490.0,3550.0,1,1729,1247,441,1624,1271,463,1723,1241,447,1,1,0,5.80046403712297E-4,8.051529790660225E-4,0.0,0.3436101664391394,1.0021832759514904,1.920196272491138,0.6872203328782788,1.0021832759514904,1.2801308483274252,0.03250145095763204,0.7574536663980661,0.9149888143176734,92.5,100.0,3122,201,94,2,0,0,6.406149903907751E-4,0.0,0.0,0.7000000000000001,0.8,0.8,0.1,55.0,65.0,65.0,0.7000000000000001,0.8,0.8,0.1,55.0,65.0,65.0,1253,1253,0,1253,0.0,1.0085495959515876,1.0,1.0085495959515876,972,0.7757382282521947,1.0,1
"iteration_2","SCOPE_DATA_COLLECTION",300,57,3490.0,3550.0,2,1729,1247,441,1624,1271,463,1723,1241,447,1,1,0,5.80046403712297E-4,8.051529790660225E-4,0.0,0.3436101664391394,1.0021832759514904,1.920196272491138,0.6872203328782788,1.0021832759514904,1.2801308483274252,0.03250145095763204,0.7574536663980661,0.9149888143176734,92.5,100.0,3122,201,94,2,0,0,6.406149903907751E-4,0.0,0.0,0.7000000000000001,0.8,0.8,0.1,55.0,65.0,65.0,0.7000000000000001,0.8,0.8,0.1,55.0,65.0,65.0,432,432,0,432,0.0,1.9050978247779486,1.5,1.2700652165186324,394,0.9120370370370371,1.0,1
"iteration_2","SCOPE_DATA_COLLECTION",300,58,3550.0,3617.9885383570036,0,1689,1253,432,1729,1247,441,1691,1260,431,2,1,0,0.0011813349084465446,7.930214115781126E-4,0.0,0.3446039174414413,1.0089605354650277,1.9019133517833995,0.6892078348828826,1.0089605354650277,1.2679422345222664,0.03489059727971614,0.776984126984127,0.9118329466357309,70.0,100.0,3101,190,83,3,0,0,9.674298613350532E-4,0.0,0.0,0.7000000000000001,0.8,0.8,0.1,55.0,65.0,65.0,0.2,0.7000000000000001,0.6000000000000001,0.7000000000000001,30.0,30.0,60.0,1404,1386,2,1388,0.001440922190201729,0.3518670167068181,0.5,0.7037340334136362,70,0.050505050505050504,0.9886039886039886,0
"iteration_2","SCOPE_DATA_COLLECTION",300,58,3550.0,3617.9885383570036,1,1689,1253,432,1729,1247,441,1691,1260,431,2,1,0,0.0011813349084465446,7.930214115781126E-4,0.0,0.3446039174414413,1.0089605354650277,1.9019133517833995,0.6892078348828826,1.0089605354650277,1.2679422345222664,0.03489059727971614,0.776984126984127,0.9118329466357309,70.0,100.0,3101,190,83,3,0,0,9.674298613350532E-4,0.0,0.0,0.7000000000000001,0.8,0.8,0.1,55.0,65.0,65.0,0.2,0.7000000000000001,0.6000000000000001,0.7000000000000001,30.0,30.0,60.0,1008,988,0,988,0.0,1.0030541306981033,1.0,1.0030541306981033,742,0.7510121457489879,0.9801587301587301,0
"iteration_2","SCOPE_DATA_COLLECTION",300,58,3550.0,3617.9885383570036,2,1689,1253,432,1729,1247,441,1691,1260,431,2,1,0,0.0011813349084465446,7.930214115781126E-4,0.0,0.3446039174414413,1.0089605354650277,1.9019133517833995,0.6892078348828826,1.0089605354650277,1.2679422345222664,0.03489059727971614,0.776984126984127,0.9118329466357309,70.0,100.0,3101,190,83,3,0,0,9.674298613350532E-4,0.0,0.0,0.7000000000000001,0.8,0.8,0.1,55.0,65.0,65.0,0.2,0.7000000000000001,0.6000000000000001,0.7000000000000001,30.0,30.0,60.0,396,367,3,370,0.008108108108108109,1.909794222512753,1.5,1.2731961483418355,334,0.9100817438692098,0.9343434343434344,0
"iteration_2","SCOPE_DATA_COLLECTION",400,0,70.0,130.0,0,2036,1729,508,0,0,0,2020,1700,489,1,2,2,4.948045522018803E-4,0.0011750881316098707,0.004073319755600814,0.328247735375859,0.8863709063475211,1.7223916949757534,0.656495470751718,0.8863709063475211,1.1482611299838357,0.09356435643564356,0.6282352941176471,0.7893660531697342,97.5,100.0,3328,555,390,5,0,0,0.0015024038461538462,0.0,0.0,0.6,0.5,0.7,0.4,85.0,80.0,90.0,0.6,0.5,0.7,0.4,85.0,80.0,90.0,2235,2233,2,2235,8.948545861297539E-4,0.32423228400894294,0.5,0.6484645680178859,209,0.09359605911330049,1.0,1
"iteration_2","SCOPE_DATA_COLLECTION",400,0,70.0,130.0,1,2036,1729,508,0,0,0,2020,1700,489,1,2,2,4.948045522018803E-4,0.0011750881316098707,0.004073319755600814,0.328247735375859,0.8863709063475211,1.7223916949757534,0.656495470751718,0.8863709063475211,1.1482611299838357,0.09356435643564356,0.6282352941176471,0.7893660531697342,97.5,100.0,3328,555,390,5,0,0,0.0015024038461538462,0.0,0.0,0.6,0.5,0.7,0.4,85.0,80.0,90.0,0.6,0.5,0.7,0.4,85.0,80.0,90.0,1923,1921,2,1923,0.0010400416016640667,0.8981810259669308,1.0,0.8981810259669308,1246,0.648620510150963,1.0,1
"iteration_2","SCOPE_DATA_COLLECTION",400,0,70.0,130.0,2,2036,1729,508,0,0,0,2020,1700,489,1,2,2,4.948045522018803E-4,0.0011750881316098707,0.004073319755600814,0.328247735375859,0.8863709063475211,1.7223916949757534,0.656495470751718,0.8863709063475211,1.1482611299838357,0.09356435643564356,0.6282352941176471,0.7893660531697342,97.5,100.0,3328,555,390,5,0,0,0.0015024038461538462,0.0,0.0,0.6,0.5,0.7,0.4,85.0,80.0,90.0,0.6,0.5,0.7,0.4,85.0,80.0,90.0,533,531,2,533,0.00375234521575985,1.7230855331211843,1.5,1.1487236887474561,421,0.7928436911487758,1.0,1
"iteration_2","SCOPE_DATA_COLLECTION",400,1,130.0,190.0,0,2235,1923,533,2036,1729,508,2237,1920,531,2,2,2,8.932559178204555E-4,0.001040582726326743,0.00375234521575985,0.3244957017130101,0.9001034053791304,1.7280948332465407,0.6489914034260202,0.9001034053791304,1.1520632221643605,0.09387572641931158,0.65,0.7947269303201506,95.0,100.0,3599,672,420,5,1,0,0.0013892747985551543,0.001488095238095238,0.0,0.6,0.5,0.7,0.4,85.0,80.0,90.0,0.6,0.5,0.7,0.4,85.0,80.0,90.0,2141,2141,0,2141,0.0,0.3279225035799856,0.5,0.6558450071599712,189,0.08827650630546474,1.0,1
"iteration_2","SCOPE_DATA_COLLECTION",400,1,130.0,190.0,1,2235,1923,533,2036,1729,508,2237,1920,531,2,2,2,8.932559178204555E-4,0.001040582726326743,0.00375234521575985,0.3244957017130101,0.9001034053791304,1.7280948332465407,0.6489914034260202,0.9001034053791304,1.1520632221643605,0.09387572641931158,0.65,0.7947269303201506,95.0,100.0,3599,672,420,5,1,0,0.0013892747985551543,0.001488095238095238,0.0,0.6,0.5,0.7,0.4,85.0,80.0,90.0,0.6,0.5,0.7,0.4,85.0,80.0,90.0,1859,1858,1,1859,5.379236148466917E-4,0.9238583023662241,1.0,0.9238583023662241,1239,0.6668460710441335,1.0,1
"iteration_2","SCOPE_DATA_COLLECTION",400,1,130.0,190.0,2,2235,1923,533,2036,1729,508,2237,1920,531,2,2,2,8.932559178204555E-4,0.001040582726326743,0.00375234521575985,0.3244957017130101,0.9001034053791304,1.7280948332465407,0.6489914034260202,0.9001034053791304,1.1520632221643605,0.09387572641931158,0.65,0.7947269303201506,95.0,100.0,3599,672,420,5,1,0,0.0013892747985551543,0.001488095238095238,0.0,0.6,0.5,0.7,0.4,85.0,80.0,90.0,0.6,0.5,0.7,0.4,85.0,80.0,90.0,536,535,1,536,0.0018656716417910447,1.7226255211508472,1.5,1.1484170141005647,425,0.794392523364486,1.0,1
"iteration_2","SCOPE_DATA_COLLECTION",400,2,190.0,250.0,0,2141,1859,536,2235,1923,533,2135,1855,537,0,1,1,0.0,5.387931034482759E-4,0.0018587360594795538,0.3266620946414413,0.92206532281675,1.71780681024189,0.6533241892828826,0.92206532281675,1.14520454016126,0.08665105386416862,0.663611859838275,0.7932960893854749,97.5,100.0,3589,572,375,2,0,0,5.572582892170521E-4,0.0,0.0,0.6,0.5,0.7,0.4,85.0,80.0,90.0,0.8500000000000001,0.6000000000000001,0.8,0.1,70.0,85.0,65.0,2149,2149,0,2149,0.0,0.32620713445372396,0.5,0.6524142689074479,193,0.08980921358771522,1.0,1
"iteration_2","SCOPE_DATA_COLLECTION",400,2,190.0,250.0,1,2141,1859,536,2235,1923,533,2135,1855,537,0,1,1,0.0,5.387931034482759E-4,0.0018587360594795538,0.3266620946414413,0.92206532281675,1.71780681024189,0.6533241892828826,0.92206532281675,1.14520454016126,0.08665105386416862,0.663611859838275,0.7932960893854749,97.5,100.0,3589,572,375,2,0,0,5.572582892170521E-4,0.0,0.0,0.6,0.5,0.7,0.4,85.0,80.0,90.0,0.8500000000000001,0.6000000000000001,0.8,0.1,70.0,85.0,65.0,1864,1863,1,1864,5.36480686695279E-4,0.8979919090086366,1.0,0.8979919090086366,1196,0.6419753086419753,1.0,1
"iteration_2","SCOPE_DATA_COLLECTION",400,2,190.0,250.0,2,2141,1859,536,2235,1923,533,2135,1855,537,0,1,1,0.0,5.387931034482759E-4,0.0018587360594795538,0.3266620946414413,0.92206532281675,1.71780681024189,0.6533241892828826,0.92206532281675,1.14520454016126,0.08665105386416862,0.663611859838275,0.7932960893854749,97.5,100.0,3589,572,375,2,0,0,5.572582892170521E-4,0.0,0.0,0.6,0.5,0.7,0.4,85.0,80.0,90.0,0.8500000000000001,0.6000000000000001,0.8,0.1,70.0,85.0,65.0,563,563,0,563,0.0,1.6690985587941316,1.5,1.1127323725294211,432,0.7673179396092362,1.0,1
"iteration_2","SCOPE_DATA_COLLECTION",400,3,250.0,310.0,0,2149,1864,563,2141,1859,536,2157,1866,567,0,1,0,0.0,5.356186395286556E-4,0.0,0.32739284391471346,0.8990535146214281,1.6750031185906997,0.6547856878294269,0.8990535146214281,1.1166687457271331,0.09225776541492814,0.6441586280814576,0.7689594356261023,100.0,100.0,3512,913,151,0,1,0,0.0,0.001095290251916758,0.0,0.8500000000000001,0.6000000000000001,0.8,0.1,70.0,85.0,65.0,0.9500000000000001,0.7000000000000001,0.7000000000000001,0.1,60.0,85.0,55.0,2147,2147,0,2147,0.0,0.33218968543508876,0.5,0.6643793708701775,238,0.11085235211923615,1.0,1
"iteration_2","SCOPE_DATA_COLLECTION",400,3,250.0,310.0,1,2149,1864,563,2141,1859,536,2157,1866,567,0,1,0,0.0,5.356186395286556E-4,0.0,0.32739284391471346,0.8990535146214281,1.6750031185906997,0.6547856878294269,0.8990535146214281,1.1166687457271331,0.09225776541492814,0.6441586280814576,0.7689594356261023,100.0,100.0,3512,913,151,0,1,0,0.0,0.001095290251916758,0.0,0.8500000000000001,0.6000000000000001,0.8,0.1,70.0,85.0,65.0,0.9500000000000001,0.7000000000000001,0.7000000000000001,0.1,60.0,85.0,55.0,1860,1858,2,1860,0.001075268817204301,0.9119019810840179,1.0,0.9119019810840179,1231,0.66254036598493,1.0,1
"iteration_2","SCOPE_DATA_COLLECTION",400,3,250.0,310.0,2,2149,1864,563,2141,1859,536,2157,1866,567,0,1,0,0.0,5.356186395286556E-4,0.0,0.32739284391471346,0.8990535146214281,1.6750031185906997,0.6547856878294269,0.8990535146214281,1.1166687457271331,0.09225776541492814,0.6441586280814576,0.7689594356261023,100.0,100.0,3512,913,151,0,1,0,0.0,0.001095290251916758,0.0,0.8500000000000001,0.6000000000000001,0.8,0.1,70.0,85.0,65.0,0.9500000000000001,0.7000000000000001,0.7000000000000001,0.1,60.0,85.0,55.0,513,513,0,513,0.0,1.6617291127577491,1.5,1.107819408505166,393,0.7660818713450293,1.0,1
"iteration_2","SCOPE_DATA_COLLECTION",400,4,310.0,370.0,0,2147,1860,513,2149,1864,563,2145,1864,506,0,2,0,0.0,0.0010718113612004287,0.0,0.3321084066760506,0.9128474977841183,1.6641516166360455,0.6642168133521013,0.9128474977841183,1.109434411090697,0.11095571095571095,0.6641630901287554,0.766798418972332,95.0,100.0,3518,951,51,2,0,0,5.685048322910744E-4,0.0,0.0,0.9500000000000001,0.7000000000000001,0.7000000000000001,0.1,60.0,85.0,55.0,0.9500000000000001,0.7000000000000001,0.7000000000000001,0.2,60.0,75.0,65.0,2254,2254,0,2254,0.0,0.3358497736882525,0.5,0.671699547376505,271,0.12023070097604259,1.0,1
"iteration_2","SCOPE_DATA_COLLECTION",400,4,310.0,370.0,1,2147,1860,513,2149,1864,563,2145,1864,506,0,2,0,0.0,0.0010718113612004287,0.0,0.3321084066760506,0.9128474977841183,1.6641516166360455,0.6642168133521013,0.9128474977841183,1.109434411090697,0.11095571095571095,0.6641630901287554,0.766798418972332,95.0,100.0,3518,951,51,2,0,0,5.685048322910744E-4,0.0,0.0,0.9500000000000001,0.7000000000000001,0.7000000000000001,0.1,60.0,85.0,55.0,0.9500000000000001,0.7000000000000001,0.7000000000000001,0.2,60.0,75.0,65.0,1882,1880,2,1882,0.0010626992561105207,0.9185216590518656,1.0,0.9185216590518656,1215,0.6462765957446809,1.0,1
"iteration_2","SCOPE_DATA_COLLECTION",400,4,310.0,370.0,2,2147,1860,513,2149,1864,563,2145,1864,506,0,2,0,0.0,0.0010718113612004287,0.0,0.3321084066760506,0.9128474977841183,1.6641516166360455,0.6642168133521013,0.9128474977841183,1.109434411090697,0.11095571095571095,0.6641630901287554,0.766798418972332,95.0,100.0,3518,951,51,2,0,0,5.685048322910744E-4,0.0,0.0,0.9500000000000001,0.7000000000000001,0.7000000000000001,0.1,60.0,85.0,55.0,0.9500000000000001,0.7000000000000001,0.7000000000000001,0.2,60.0,75.0,65.0,542,541,1,542,0.0018450184501845018,1.6536103041557777,1.5,1.1024068694371851,408,0.7541589648798521,1.0,1
"iteration_2","SCOPE_DATA_COLLECTION",400,5,370.0,430.0,0,2254,1882,542,2147,1860,513,2255,1881,541,0,2,1,0.0,0.0010621348911311736,0.0018450184501845018,0.33586287455672587,0.91632116625769,1.6448741654085197,0.6717257491134517,0.91632116625769,1.096582776939013,0.12017738359201774,0.6454013822434875,0.7504621072088724,85.0,100.0,3617,1007,54,3,0,0,8.294166436273154E-4,0.0,0.0,0.9500000000000001,0.7000000000000001,0.7000000000000001,0.2,60.0,75.0,65.0,0.75,0.8,0.4,0.6000000000000001,80.0,70.0,35.0,2173,2167,6,2173,0.0027611596870685687,0.33912928831012673,0.5,0.6782585766202535,242,0.1116751269035533,1.0,1
"iteration_2","SCOPE_DATA_COLLECTION",400,5,370.0,430.0,1,2254,1882,542,2147,1860,513,2255,1881,541,0,2,1,0.0,0.0010621348911311736,0.0018450184501845018,0.33586287455672587,0.91632116625769,1.6448741654085197,0.6717257491134517,0.91632116625769,1.096582776939013,0.12017738359201774,0.6454013822434875,0.7504621072088724,85.0,100.0,3617,1007,54,3,0,0,8.294166436273154E-4,0.0,0.0,0.9500000000000001,0.7000000000000001,0.7000000000000001,0.2,60.0,75.0,65.0,0.75,0.8,0.4,0.6000000000000001,80.0,70.0,35.0,1920,1920,0,1920,0.0,0.890750498754398,1.0,0.890750498754398,1241,0.6463541666666667,1.0,1
"iteration_2","SCOPE_DATA_COLLECTION",400,5,370.0,430.0,2,2254,1882,542,2147,1860,513,2255,1881,541,0,2,1,0.0,0.0010621348911311736,0.0018450184501845018,0.33586287455672587,0.91632116625769,1.6448741654085197,0.6717257491134517,0.91632116625769,1.096582776939013,0.12017738359201774,0.6454013822434875,0.7504621072088724,85.0,100.0,3617,1007,54,3,0,0,8.294166436273154E-4,0.0,0.0,0.9500000000000001,0.7000000000000001,0.7000000000000001,0.2,60.0,75.0,65.0,0.75,0.8,0.4,0.6000000000000001,80.0,70.0,35.0,537,535,2,537,0.0037243947858473,1.678041215827403,1.5,1.1186941438849354,407,0.7607476635514019,1.0,1
"iteration_2","SCOPE_DATA_COLLECTION",400,6,430.0,490.0,0,2173,1920,537,2254,1882,542,2171,1918,534,6,0,2,0.002756086357372531,0.0,0.0037313432835820895,0.3391295244310162,0.8905011197655784,1.6765665389040814,0.6782590488620324,0.8905011197655784,1.1177110259360543,0.1110087517273146,0.6454640250260688,0.7602996254681648,90.0,100.0,3601,782,247,7,1,0,0.0019439044709802832,0.0012787723785166241,0.0,0.75,0.8,0.4,0.6000000000000001,80.0,70.0,35.0,0.2,0.7000000000000001,0.1,0.2,70.0,60.0,70.0,2239,2236,3,2239,0.0013398838767306833,0.3243931883210088,0.5,0.6487863766420175,189,0.08452593917710197,1.0,1
"iteration_2","SCOPE_DATA_COLLECTION",400,6,430.0,490.0,1,2173,1920,537,2254,1882,542,2171,1918,534,6,0,2,0.002756086357372531,0.0,0.0037313432835820895,0.3391295244310162,0.8905011197655784,1.6765665389040814,0.6782590488620324,0.8905011197655784,1.1177110259360543,0.1110087517273146,0.6454640250260688,0.7602996254681648,90.0,100.0,3601,782,247,7,1,0,0.0019439044709802832,0.0012787723785166241,0.0,0.75,0.8,0.4,0.6000000000000001,80.0,70.0,35.0,0.2,0.7000000000000001,0.1,0.2,70.0,60.0,70.0,1974,1974,0,1974,0.0,0.8786438368322583,1.0,0.8786438368322583,1279,0.6479229989868288,1.0,1
"iteration_2","SCOPE_DATA_COLLECTION",400,6,430.0,490.0,2,2173,1920,537,2254,1882,542,2171,1918,534,6,0,2,0.002756086357372531,0.0,0.0037313432835820895,0.3391295244310162,0.8905011197655784,1.6765665389040814,0.6782590488620324,0.8905011197655784,1.1177110259360543,0.1110087517273146,0.6454640250260688,0.7602996254681648,90.0,100.0,3601,782,247,7,1,0,0.0019439044709802832,0.0012787723785166241,0.0,0.75,0.8,0.4,0.6000000000000001,80.0,70.0,35.0,0.2,0.7000000000000001,0.1,0.2,70.0,60.0,70.0,515,514,1,515,0.001941747572815534,1.7131653149987895,1.5,1.142110209999193,407,0.791828793774319,1.0,1
"iteration_2","SCOPE_DATA_COLLECTION",400,7,490.0,550.0,0,2239,1974,515,2173,1920,537,2231,1959,521,3,0,1,0.0013428827215756492,0.0,0.0019157088122605363,0.32457441817886173,0.8810818523710774,1.7212558808892235,0.6491488363577235,0.8810818523710774,1.1475039205928157,0.08516360376512774,0.6493108728943339,0.7965451055662188,97.5,100.0,3683,218,827,4,0,0,0.0010860711376595167,0.0,0.0,0.2,0.7000000000000001,0.1,0.2,70.0,60.0,70.0,0.2,0.7000000000000001,0.2,0.1,60.0,50.0,80.0,2262,2262,0,2262,0.0,0.3232664553167124,0.5,0.6465329106334248,189,0.08355437665782493,1.0,1
"iteration_2","SCOPE_DATA_COLLECTION",400,7,490.0,550.0,1,2239,1974,515,2173,1920,537,2231,1959,521,3,0,1,0.0013428827215756492,0.0,0.0019157088122605363,0.32457441817886173,0.8810818523710774,1.7212558808892235,0.6491488363577235,0.8810818523710774,1.1475039205928157,0.08516360376512774,0.6493108728943339,0.7965451055662188,97.5,100.0,3683,218,827,4,0,0,0.0010860711376595167,0.0,0.0,0.2,0.7000000000000001,0.1,0.2,70.0,60.0,70.0,0.2,0.7000000000000001,0.2,0.1,60.0,50.0,80.0,1845,1845,0,1845,0.0,0.8752449550628677,1.0,0.8752449550628677,1146,0.6211382113821138,1.0,1
"iteration_2","SCOPE_DATA_COLLECTION",400,7,490.0,550.0,2,2239,1974,515,2173,1920,537,2231,1959,521,3,0,1,0.0013428827215756492,0.0,0.0019157088122605363,0.32457441817886173,0.8810818523710774,1.7212558808892235,0.6491488363577235,0.8810818523710774,1.1475039205928157,0.08516360376512774,0.6493108728943339,0.7965451055662188,97.5,100.0,3683,218,827,4,0,0,0.0010860711376595167,0.0,0.0,0.2,0.7000000000000001,0.1,0.2,70.0,60.0,70.0,0.2,0.7000000000000001,0.2,0.1,60.0,50.0,80.0,513,513,0,513,0.0,1.7371855350864949,1.5,1.1581236900576632,413,0.8050682261208577,1.0,1
"iteration_2","SCOPE_DATA_COLLECTION",400,8,550.0,610.0,0,2262,1845,513,2239,1974,515,2262,1861,512,0,0,0,0.0,0.0,0.0,0.3230147141325629,0.8752759835598094,1.7334114868684354,0.6460294282651258,0.8752759835598094,1.1556076579122903,0.08355437665782493,0.6217087587318646,0.802734375,97.5,100.0,3597,207,816,0,0,0,0.0,0.0,0.0,0.2,0.7000000000000001,0.2,0.1,60.0,50.0,80.0,0.1,0.6000000000000001,0.2,0.2,50.0,50.0,90.0,2234,2233,1,2234,4.476275738585497E-4,0.32251105160049315,0.5,0.6450221032009863,194,0.08687863860277653,1.0,1
"iteration_2","SCOPE_DATA_COLLECTION",400,8,550.0,610.0,1,2262,1845,513,2239,1974,515,2262,1861,512,0,0,0,0.0,0.0,0.0,0.3230147141325629,0.8752759835598094,1.7334114868684354,0.6460294282651258,0.8752759835598094,1.1556076579122903,0.08355437665782493,0.6217087587318646,0.802734375,97.5,100.0,3597,207,816,0,0,0,0.0,0.0,0.0,0.2,0.7000000000000001,0.2,0.1,60.0,50.0,80.0,0.1,0.6000000000000001,0.2,0.2,50.0,50.0,90.0,1902,1902,0,1902,0.0,0.8825261241744565,1.0,0.8825261241744565,1209,0.6356466876971609,1.0,1
"iteration_2","SCOPE_DATA_COLLECTION",400,8,550.0,610.0,2,2262,1845,513,2239,1974,515,2262,1861,512,0,0,0,0.0,0.0,0.0,0.3230147141325629,0.8752759835598094,1.7334114868684354,0.6460294282651258,0.8752759835598094,1.1556076579122903,0.08355437665782493,0.6217087587318646,0.802734375,97.5,100.0,3597,207,816,0,0,0,0.0,0.0,0.0,0.2,0.7000000000000001,0.2,0.1,60.0,50.0,80.0,0.1,0.6000000000000001,0.2,0.2,50.0,50.0,90.0,558,557,1,558,0.0017921146953405018,1.6691084514625054,1.5,1.1127389676416704,427,0.7666068222621185,1.0,1
"iteration_2","SCOPE_DATA_COLLECTION",400,9,610.0,670.0,0,2234,1902,558,2262,1845,513,2236,1896,549,1,0,1,4.470272686633885E-4,0.0,0.0018181818181818182,0.32253893595475697,0.8805875898908682,1.6693464136684675,0.6450778719095139,0.8805875898908682,1.1128976091123117,0.08631484794275492,0.6339662447257384,0.7650273224043715,97.5,100.0,3614,92,988,2,0,0,5.534034311012728E-4,0.0,0.0,0.1,0.6000000000000001,0.2,0.2,50.0,50.0,90.0,0.9,0.30000000000000004,0.2,0.8,60.0,95.0,55.0,2277,2273,4,2277,0.001756697408871322,0.3361297014021991,0.5,0.6722594028043982,232,0.10206775186977562,1.0,1
"iteration_2","SCOPE_DATA_COLLECTION",400,9,610.0,670.0,1,2234,1902,558,2262,1845,513,2236,1896,549,1,0,1,4.470272686633885E-4,0.0,0.0018181818181818182,0.32253893595475697,0.8805875898908682,1.6693464136684675,0.6450778719095139,0.8805875898908682,1.1128976091123117,0.08631484794275492,0.6339662447257384,0.7650273224043715,97.5,100.0,3614,92,988,2,0,0,5.534034311012728E-4,0.0,0.0,0.1,0.6000000000000001,0.2,0.2,50.0,50.0,90.0,0.9,0.30000000000000004,0.2,0.8,60.0,95.0,55.0,1872,1870,2,1872,0.0010683760683760685,0.9024137531613196,1.0,0.9024137531613196,1244,0.66524064171123,1.0,1
"iteration_2","SCOPE_DATA_COLLECTION",400,9,610.0,670.0,2,2234,1902,558,2262,1845,513,2236,1896,549,1,0,1,4.470272686633885E-4,0.0,0.0018181818181818182,0.32253893595475697,0.8805875898908682,1.6693464136684675,0.6450778719095139,0.8805875898908682,1.1128976091123117,0.08631484794275492,0.6339662447257384,0.7650273224043715,97.5,100.0,3614,92,988,2,0,0,5.534034311012728E-4,0.0,0.0,0.1,0.6000000000000001,0.2,0.2,50.0,50.0,90.0,0.9,0.30000000000000004,0.2,0.8,60.0,95.0,55.0,548,547,1,548,0.0018248175182481751,1.73639442306981,1.5,1.15759628204654,435,0.7952468007312614,1.0,1
"iteration_2","SCOPE_DATA_COLLECTION",400,10,670.0,730.0,0,2277,1872,548,2234,1902,558,2273,1870,548,4,2,1,0.001756697408871322,0.0010683760683760685,0.0018214936247723133,0.3359934131108021,0.9039752010796799,1.732464032821268,0.6719868262216042,0.9039752010796799,1.1549760218808454,0.10162780466344039,0.6663101604278074,0.7956204379562044,87.5,100.0,3672,926,99,5,2,0,0.0013616557734204794,0.0021598272138228943,0.0,0.9,0.30000000000000004,0.2,0.8,60.0,95.0,55.0,0.25,0.2,0.7000000000000001,0.4,90.0,55.0,60.0,2083,2083,0,2083,0.0,0.32720612237143143,0.5,0.6544122447428629,213,0.10225636101776284,1.0,1
"iteration_2","SCOPE_DATA_COLLECTION",400,10,670.0,730.0,1,2277,1872,548,2234,1902,558,2273,1870,548,4,2,1,0.001756697408871322,0.0010683760683760685,0.0018214936247723133,0.3359934131108021,0.9039752010796799,1.732464032821268,0.6719868262216042,0.9039752010796799,1.1549760218808454,0.10162780466344039,0.6663101604278074,0.7956204379562044,87.5,100.0,3672,926,99,5,2,0,0.0013616557734204794,0.0021598272138228943,0.0,0.9,0.30000000000000004,0.2,0.8,60.0,95.0,55.0,0.25,0.2,0.7000000000000001,0.4,90.0,55.0,60.0,1919,1919,0,1919,0.0,0.8930705907514036,1.0,0.8930705907514036,1245,0.648775403856175,1.0,1
"iteration_2","SCOPE_DATA_COLLECTION",400,10,670.0,730.0,2,2277,1872,548,2234,1902,558,2273,1870,548,4,2,1,0.001756697408871322,0.0010683760683760685,0.0018214936247723133,0.3359934131108021,0.9039752010796799,1.732464032821268,0.6719868262216042,0.9039752010796799,1.1549760218808454,0.10162780466344039,0.6663101604278074,0.7956204379562044,87.5,100.0,3672,926,99,5,2,0,0.0013616557734204794,0.0021598272138228943,0.0,0.9,0.30000000000000004,0.2,0.8,60.0,95.0,55.0,0.25,0.2,0.7000000000000001,0.4,90.0,55.0,60.0,547,545,2,547,0.003656307129798903,1.742199710724557,1.5,1.1614664738163714,437,0.8018348623853211,1.0,1
"iteration_2","SCOPE_DATA_COLLECTION",400,11,730.0,790.0,0,2083,1919,547,2277,1872,548,2086,1919,552,0,0,2,0.0,0.0,0.0036101083032490976,0.3275395525706303,0.89279346019909,1.7460704991484566,0.6550791051412606,0.89279346019909,1.1640469994323044,0.10306807286673059,0.6482542991141219,0.802536231884058,87.5,100.0,3518,235,796,2,0,0,5.685048322910744E-4,0.0,0.0,0.25,0.2,0.7000000000000001,0.4,90.0,55.0,60.0,0.25,0.2,0.7000000000000001,0.4,90.0,55.0,60.0,2223,2221,2,2223,8.99685110211426E-4,0.3342012439609088,0.5,0.6684024879218176,181,0.0814948221521837,1.0,1
"iteration_2","SCOPE_DATA_COLLECTION",400,11,730.0,790.0,1,2083,1919,547,2277,1872,548,2086,1919,552,0,0,2,0.0,0.0,0.0036101083032490976,0.3275395525706303,0.89279346019909,1.7460704991484566,0.6550791051412606,0.89279346019909,1.1640469994323044,0.10306807286673059,0.6482542991141219,0.802536231884058,87.5,100.0,3518,235,796,2,0,0,5.685048322910744E-4,0.0,0.0,0.25,0.2,0.7000000000000001,0.4,90.0,55.0,60.0,0.25,0.2,0.7000000000000001,0.4,90.0,55.0,60.0,1798,1795,3,1798,0.0016685205784204673,0.9210400244211985,1.0,0.9210400244211985,1196,0.6662952646239554,1.0,1
"iteration_2","SCOPE_DATA_COLLECTION",400,11,730.0,790.0,2,2083,1919,547,2277,1872,548,2086,1919,552,0,0,2,0.0,0.0,0.0036101083032490976,0.3275395525706303,0.89279346019909,1.7460704991484566,0.6550791051412606,0.89279346019909,1.1640469994323044,0.10306807286673059,0.6482542991141219,0.802536231884058,87.5,100.0,3518,235,796,2,0,0,5.685048322910744E-4,0.0,0.0,0.25,0.2,0.7000000000000001,0.4,90.0,55.0,60.0,0.25,0.2,0.7000000000000001,0.4,90.0,55.0,60.0,509,507,2,509,0.003929273084479371,1.775609310551458,1.5,1.1837395403676387,415,0.8185404339250493,1.0,1
"iteration_2","SCOPE_DATA_COLLECTION",400,12,790.0,850.0,0,2223,1798,509,2083,1919,547,2221,1792,504,2,3,2,8.99685110211426E-4,0.001671309192200557,0.003952569169960474,0.33406495043831436,0.9203141983762068,1.774031180978657,0.6681299008766287,0.9203141983762068,1.1826874539857715,0.0814948221521837,0.6657366071428571,0.8174603174603174,97.5,100.0,3675,207,648,6,1,0,0.0016326530612244899,0.004830917874396135,0.0,0.25,0.2,0.7000000000000001,0.4,90.0,55.0,60.0,0.25,0.2,0.7000000000000001,0.4,90.0,55.0,60.0,2299,2296,3,2299,0.0013049151805132667,0.33283491647787955,0.5,0.6656698329557591,236,0.10278745644599303,1.0,1
"iteration_2","SCOPE_DATA_COLLECTION",400,12,790.0,850.0,1,2223,1798,509,2083,1919,547,2221,1792,504,2,3,2,8.99685110211426E-4,0.001671309192200557,0.003952569169960474,0.33406495043831436,0.9203141983762068,1.774031180978657,0.6681299008766287,0.9203141983762068,1.1826874539857715,0.0814948221521837,0.6657366071428571,0.8174603174603174,97.5,100.0,3675,207,648,6,1,0,0.0016326530612244899,0.004830917874396135,0.0,0.25,0.2,0.7000000000000001,0.4,90.0,55.0,60.0,0.25,0.2,0.7000000000000001,0.4,90.0,55.0,60.0,1937,1934,3,1937,0.0015487867836861124,0.8906183994038782,1.0,0.8906183994038782,1234,0.6380558428128231,1.0,1
"iteration_2","SCOPE_DATA_COLLECTION",400,12,790.0,850.0,2,2223,1798,509,2083,1919,547,2221,1792,504,2,3,2,8.99685110211426E-4,0.001671309192200557,0.003952569169960474,0.33406495043831436,0.9203141983762068,1.774031180978657,0.6681299008766287,0.9203141983762068,1.1826874539857715,0.0814948221521837,0.6657366071428571,0.8174603174603174,97.5,100.0,3675,207,648,6,1,0,0.0016326530612244899,0.004830917874396135,0.0,0.25,0.2,0.7000000000000001,0.4,90.0,55.0,60.0,0.25,0.2,0.7000000000000001,0.4,90.0,55.0,60.0,522,522,0,522,0.0,1.7312127067103253,1.5,1.1541418044735503,417,0.7988505747126436,1.0,1
"iteration_2","SCOPE_DATA_COLLECTION",400,13,850.0,910.0,0,2299,1937,522,2223,1798,509,2291,1936,521,3,3,0,0.0013077593722755014,0.0015471892728210418,0.0,0.33270903899955406,0.8919254678195598,1.7327417240302514,0.6654180779991081,0.8919254678195598,1.155161149353501,0.10213880401571367,0.6379132231404959,0.800383877159309,97.5,100.0,3716,279,763,4,2,0,0.001076426264800861,0.007168458781362007,0.0,0.25,0.2,0.7000000000000001,0.4,90.0,55.0,60.0,0.25,0.1,0.6000000000000001,0.4,95.0,65.0,70.0,2201,2200,1,2201,4.5433893684688776E-4,0.34452426681306636,0.5,0.6890485336261327,218,0.09909090909090909,1.0,1
"iteration_2","SCOPE_DATA_COLLECTION",400,13,850.0,910.0,1,2299,1937,522,2223,1798,509,2291,1936,521,3,3,0,0.0013077593722755014,0.0015471892728210418,0.0,0.33270903899955406,0.8919254678195598,1.7327417240302514,0.6654180779991081,0.8919254678195598,1.155161149353501,0.10213880401571367,0.6379132231404959,0.800383877159309,97.5,100.0,3716,279,763,4,2,0,0.001076426264800861,0.007168458781362007,0.0,0.25,0.2,0.7000000000000001,0.4,90.0,55.0,60.0,0.25,0.1,0.6000000000000001,0.4,95.0,65.0,70.0,1820,1820,0,1820,0.0,0.9221527770644158,1.0,0.9221527770644158,1219,0.6697802197802197,1.0,1
"iteration_2","SCOPE_DATA_COLLECTION",400,13,850.0,910.0,2,2299,1937,522,2223,1798,509,2291,1936,521,3,3,0,0.0013077593722755014,0.0015471892728210418,0.0,0.33270903899955406,0.8919254678195598,1.7327417240302514,0.6654180779991081,0.8919254678195598,1.155161149353501,0.10213880401571367,0.6379132231404959,0.800383877159309,97.5,100.0,3716,279,763,4,2,0,0.001076426264800861,0.007168458781362007,0.0,0.25,0.2,0.7000000000000001,0.4,90.0,55.0,60.0,0.25,0.1,0.6000000000000001,0.4,95.0,65.0,70.0,500,500,0,500,0.0,1.7264166047232736,1.5,1.1509444031488492,399,0.798,1.0,1
"iteration_2","SCOPE_DATA_COLLECTION",400,14,910.0,970.0,0,2201,1820,500,2299,1937,522,2199,1826,506,1,0,0,4.5454545454545455E-4,0.0,0.0,0.3444335322365329,0.9218865460634981,1.7316000846397244,0.6888670644730658,0.9218865460634981,1.154400056426483,0.098681218735789,0.671960569550931,0.8003952569169961,90.0,100.0,3699,203,619,1,0,0,2.703433360367667E-4,0.0,0.0,0.25,0.1,0.6000000000000001,0.4,95.0,65.0,70.0,0.35000000000000003,0.2,0.7000000000000001,0.5,95.0,55.0,70.0,2221,2219,2,2221,9.004952723998199E-4,0.32793884164140297,0.5,0.6558776832828059,221,0.09959441189725102,1.0,1
"iteration_2","SCOPE_DATA_COLLECTION",400,14,910.0,970.0,1,2201,1820,500,2299,1937,522,2199,1826,506,1,0,0,4.5454545454545455E-4,0.0,0.0,0.3444335322365329,0.9218865460634981,1.7316000846397244,0.6888670644730658,0.9218865460634981,1.154400056426483,0.098681218735789,0.671960569550931,0.8003952569169961,90.0,100.0,3699,203,619,1,0,0,2.703433360367667E-4,0.0,0.0,0.25,0.1,0.6000000000000001,0.4,95.0,65.0,70.0,0.35000000000000003,0.2,0.7000000000000001,0.5,95.0,55.0,70.0,1947,1943,4,1947,0.002054442732408834,0.9008627405081974,1.0,0.9008627405081974,1259,0.6479670612454966,1.0,1
"iteration_2","SCOPE_DATA_COLLECTION",400,14,910.0,970.0,2,2201,1820,500,2299,1937,522,2199,1826,506,1,0,0,4.5454545454545455E-4,0.0,0.0,0.3444335322365329,0.9218865460634981,1.7316000846397244,0.6888670644730658,0.9218865460634981,1.154400056426483,0.098681218735789,0.671960569550931,0.8003952569169961,90.0,100.0,3699,203,619,1,0,0,2.703433360367667E-4,0.0,0.0,0.25,0.1,0.6000000000000001,0.4,95.0,65.0,70.0,0.35000000000000003,0.2,0.7000000000000001,0.5,95.0,55.0,70.0,537,536,1,537,0.00186219739292365,1.7747556967787812,1.5,1.1831704645191874,435,0.8115671641791045,1.0,1
"iteration_2","SCOPE_DATA_COLLECTION",400,15,970.0,1030.0,0,2221,1947,537,2201,1820,500,2221,1943,528,2,4,1,8.99685110211426E-4,0.002054442732408834,0.001890359168241966,0.3282224008377803,0.9006961124726411,1.7647817036625384,0.6564448016755606,0.9006961124726411,1.1765211357750256,0.10085547050877983,0.6464230571281523,0.8068181818181818,92.5,100.0,3649,378,678,6,1,0,0.001644286105782406,0.0026455026455026454,0.0,0.35000000000000003,0.2,0.7000000000000001,0.5,95.0,55.0,70.0,0.35000000000000003,0.2,0.7000000000000001,0.5,95.0,55.0,70.0,2198,2198,0,2198,0.0,0.3286343271045452,0.5,0.6572686542090904,242,0.11010009099181074,1.0,1
"iteration_2","SCOPE_DATA_COLLECTION",400,15,970.0,1030.0,1,2221,1947,537,2201,1820,500,2221,1943,528,2,4,1,8.99685110211426E-4,0.002054442732408834,0.001890359168241966,0.3282224008377803,0.9006961124726411,1.7647817036625384,0.6564448016755606,0.9006961124726411,1.1765211357750256,0.10085547050877983,0.6464230571281523,0.8068181818181818,92.5,100.0,3649,378,678,6,1,0,0.001644286105782406,0.0026455026455026454,0.0,0.35000000000000003,0.2,0.7000000000000001,0.5,95.0,55.0,70.0,0.35000000000000003,0.2,0.7000000000000001,0.5,95.0,55.0,70.0,1885,1884,1,1885,5.305039787798408E-4,0.9224875094320686,1.0,0.9224875094320686,1257,0.6671974522292994,1.0,1
"iteration_2","SCOPE_DATA_COLLECTION",400,15,970.0,1030.0,2,2221,1947,537,2201,1820,500,2221,1943,528,2,4,1,8.99685110211426E-4,0.002054442732408834,0.001890359168241966,0.3282224008377803,0.9006961124726411,1.7647817036625384,0.6564448016755606,0.9006961124726411,1.1765211357750256,0.10085547050877983,0.6464230571281523,0.8068181818181818,92.5,100.0,3649,378,678,6,1,0,0.001644286105782406,0.0026455026455026454,0.0,0.35000000000000003,0.2,0.7000000000000001,0.5,95.0,55.0,70.0,0.35000000000000003,0.2,0.7000000000000001,0.5,95.0,55.0,70.0,565,565,0,565,0.0,1.696602693588674,1.5,1.1310684623924494,438,0.7752212389380531,1.0,1
"iteration_2","SCOPE_DATA_COLLECTION",400,16,1030.0,1090.0,0,2198,1885,565,2221,1947,537,2200,1878,571,0,1,0,0.0,5.321979776476849E-4,0.0,0.3287136155246787,0.919747522145218,1.7025279514964293,0.6574272310493574,0.919747522145218,1.135018634330953,0.11,0.6677316293929713,0.7775831873905429,87.5,100.0,3611,351,686,1,0,0,2.7693159789531985E-4,0.0,0.0,0.35000000000000003,0.2,0.7000000000000001,0.5,95.0,55.0,70.0,0.35000000000000003,0.2,0.7000000000000001,0.5,95.0,55.0,70.0,2180,2179,1,2180,4.5871559633027525E-4,0.3420074614192707,0.5,0.6840149228385414,233,0.10692978430472694,1.0,1
"iteration_2","SCOPE_DATA_COLLECTION",400,16,1030.0,1090.0,1,2198,1885,565,2221,1947,537,2200,1878,571,0,1,0,0.0,5.321979776476849E-4,0.0,0.3287136155246787,0.919747522145218,1.7025279514964293,0.6574272310493574,0.919747522145218,1.135018634330953,0.11,0.6677316293929713,0.7775831873905429,87.5,100.0,3611,351,686,1,0,0,2.7693159789531985E-4,0.0,0.0,0.35000000000000003,0.2,0.7000000000000001,0.5,95.0,55.0,70.0,0.35000000000000003,0.2,0.7000000000000001,0.5,95.0,55.0,70.0,1944,1942,2,1944,0.00102880658436214,0.9095826870637064,1.0,0.9095826870637064,1275,0.65653964984552,1.0,1
"iteration_2","SCOPE_DATA_COLLECTION",400,16,1030.0,1090.0,2,2198,1885,565,2221,1947,537,2200,1878,571,0,1,0,0.0,5.321979776476849E-4,0.0,0.3287136155246787,0.919747522145218,1.7025279514964293,0.6574272310493574,0.919747522145218,1.135018634330953,0.11,0.6677316293929713,0.7775831873905429,87.5,100.0,3611,351,686,1,0,0,2.7693159789531985E-4,0.0,0.0,0.35000000000000003,0.2,0.7000000000000001,0.5,95.0,55.0,70.0,0.35000000000000003,0.2,0.7000000000000001,0.5,95.0,55.0,70.0,553,552,1,553,0.0018083182640144665,1.6971280519225318,1.5,1.1314187012816879,425,0.769927536231884,1.0,1
"iteration_2","SCOPE_DATA_COLLECTION",400,17,1090.0,1150.0,0,2180,1944,553,2198,1885,565,2166,1938,553,1,2,1,4.6146746654360867E-4,0.0010309278350515464,0.0018050541516245488,0.3422237204036667,0.9115986662300695,1.695872073546382,0.6844474408073334,0.9115986662300695,1.1305813823642545,0.10710987996306556,0.6547987616099071,0.7703435804701627,97.5,100.0,3694,365,618,4,0,0,0.0010828370330265296,0.0,0.0,0.35000000000000003,0.2,0.7000000000000001,0.5,95.0,55.0,70.0,0.2,0.2,0.5,0.7000000000000001,55.0,85.0,50.0,2205,2204,1,2205,4.5351473922902497E-4,0.3335637693514185,0.5,0.667127538702837,196,0.08892921960072596,1.0,1
"iteration_2","SCOPE_DATA_COLLECTION",400,17,1090.0,1150.0,1,2180,1944,553,2198,1885,565,2166,1938,553,1,2,1,4.6146746654360867E-4,0.0010309278350515464,0.0018050541516245488,0.3422237204036667,0.9115986662300695,1.695872073546382,0.6844474408073334,0.9115986662300695,1.1305813823642545,0.10710987996306556,0.6547987616099071,0.7703435804701627,97.5,100.0,3694,365,618,4,0,0,0.0010828370330265296,0.0,0.0,0.35000000000000003,0.2,0.7000000000000001,0.5,95.0,55.0,70.0,0.2,0.2,0.5,0.7000000000000001,55.0,85.0,50.0,1885,1883,2,1885,0.0010610079575596816,0.9098610388105677,1.0,0.9098610388105677,1269,0.6739245884227297,1.0,1
"iteration_2","SCOPE_DATA_COLLECTION",400,17,1090.0,1150.0,2,2180,1944,553,2198,1885,565,2166,1938,553,1,2,1,4.6146746654360867E-4,0.0010309278350515464,0.0018050541516245488,0.3422237204036667,0.9115986662300695,1.695872073546382,0.6844474408073334,0.9115986662300695,1.1305813823642545,0.10710987996306556,0.6547987616099071,0.7703435804701627,97.5,100.0,3694,365,618,4,0,0,0.0010828370330265296,0.0,0.0,0.35000000000000003,0.2,0.7000000000000001,0.5,95.0,55.0,70.0,0.2,0.2,0.5,0.7000000000000001,55.0,85.0,50.0,559,556,3,559,0.005366726296958855,1.6974016926765314,1.5,1.131601128451021,433,0.7787769784172662,1.0,1
"iteration_2","SCOPE_DATA_COLLECTION",400,18,1150.0,1210.0,0,2205,1885,559,2180,1944,553,2214,1890,549,1,2,3,4.514672686230248E-4,0.0010570824524312897,0.005434782608695652,0.3333277873485115,0.9089452686948651,1.6943355463419985,0.666655574697023,0.9089452686948651,1.1295570308946656,0.08897922312556458,0.6735449735449736,0.7777777777777778,92.5,100.0,3682,199,768,5,1,0,0.0013579576317218902,0.005025125628140704,0.0,0.2,0.2,0.5,0.7000000000000001,55.0,85.0,50.0,0.7000000000000001,0.6000000000000001,0.1,0.1,95.0,95.0,50.0,2222,2220,2,2222,9.000900090009E-4,0.33595981920731227,0.5,0.6719196384146245,194,0.08738738738738738,1.0,1
"iteration_2","SCOPE_DATA_COLLECTION",400,18,1150.0,1210.0,1,2205,1885,559,2180,1944,553,2214,1890,549,1,2,3,4.514672686230248E-4,0.0010570824524312897,0.005434782608695652,0.3333277873485115,0.9089452686948651,1.6943355463419985,0.666655574697023,0.9089452686948651,1.1295570308946656,0.08897922312556458,0.6735449735449736,0.7777777777777778,92.5,100.0,3682,199,768,5,1,0,0.0013579576317218902,0.005025125628140704,0.0,0.2,0.2,0.5,0.7000000000000001,55.0,85.0,50.0,0.7000000000000001,0.6000000000000001,0.1,0.1,95.0,95.0,50.0,1805,1805,0,1805,0.0,0.9070028594402845,1.0,0.9070028594402845,1186,0.6570637119113574,1.0,1
"iteration_2","SCOPE_DATA_COLLECTION",400,18,1150.0,1210.0,2,2205,1885,559,2180,1944,553,2214,1890,549,1,2,3,4.514672686230248E-4,0.0010570824524312897,0.005434782608695652,0.3333277873485115,0.9089452686948651,1.6943355463419985,0.666655574697023,0.9089452686948651,1.1295570308946656,0.08897922312556458,0.6735449735449736,0.7777777777777778,92.5,100.0,3682,199,768,5,1,0,0.0013579576317218902,0.005025125628140704,0.0,0.2,0.2,0.5,0.7000000000000001,55.0,85.0,50.0,0.7000000000000001,0.6000000000000001,0.1,0.1,95.0,95.0,50.0,523,523,0,523,0.0,1.7917561588474873,1.5,1.1945041058983248,438,0.8374760994263862,1.0,1
"iteration_2","SCOPE_DATA_COLLECTION",400,19,1210.0,1270.0,0,2222,1805,523,2205,1885,559,2216,1797,527,2,0,0,9.017132551848512E-4,0.0,0.0,0.33535401835419426,0.9075457421869786,1.7939996802043083,0.6707080367083885,0.9075457421869786,1.1959997868028722,0.08483754512635379,0.6583194212576516,0.8368121442125237,100.0,100.0,3678,581,291,2,0,0,5.43773790103317E-4,0.0,0.0,0.7000000000000001,0.6000000000000001,0.1,0.1,95.0,95.0,50.0,0.4,0.5,0.9,0.7000000000000001,65.0,70.0,25.0,2198,2194,4,2198,0.0018198362147406734,0.328252360835576,0.5,0.656504721671152,185,0.08432087511394713,1.0,1
"iteration_2","SCOPE_DATA_COLLECTION",400,19,1210.0,1270.0,1,2222,1805,523,2205,1885,559,2216,1797,527,2,0,0,9.017132551848512E-4,0.0,0.0,0.33535401835419426,0.9075457421869786,1.7939996802043083,0.6707080367083885,0.9075457421869786,1.1959997868028722,0.08483754512635379,0.6583194212576516,0.8368121442125237,100.0,100.0,3678,581,291,2,0,0,5.43773790103317E-4,0.0,0.0,0.7000000000000001,0.6000000000000001,0.1,0.1,95.0,95.0,50.0,0.4,0.5,0.9,0.7000000000000001,65.0,70.0,25.0,1823,1821,2,1823,0.0010970927043335162,0.89045567634473,1.0,0.89045567634473,1183,0.6496430532674354,1.0,1
"iteration_2","SCOPE_DATA_COLLECTION",400,19,1210.0,1270.0,2,2222,1805,523,2205,1885,559,2216,1797,527,2,0,0,9.017132551848512E-4,0.0,0.0,0.33535401835419426,0.9075457421869786,1.7939996802043083,0.6707080367083885,0.9075457421869786,1.1959997868028722,0.08483754512635379,0.6583194212576516,0.8368121442125237,100.0,100.0,3678,581,291,2,0,0,5.43773790103317E-4,0.0,0.0,0.7000000000000001,0.6000000000000001,0.1,0.1,95.0,95.0,50.0,0.4,0.5,0.9,0.7000000000000001,65.0,70.0,25.0,543,538,5,543,0.009208103130755065,1.7541580628336921,1.5,1.1694387085557947,435,0.8085501858736059,1.0,1
"iteration_2","SCOPE_DATA_COLLECTION",400,20,1270.0,1330.0,0,2198,1823,543,2222,1805,523,2198,1834,535,4,2,5,0.0018165304268846503,0.0010893246187363835,0.009259259259259259,0.3287783249659049,0.8913574787431741,1.7512730512204508,0.6575566499318098,0.8913574787431741,1.1675153674803005,0.08689717925386715,0.6504907306434023,0.8074766355140187,92.5,100.0,3570,417,577,10,1,0,0.0028011204481792717,0.002398081534772182,0.0,0.4,0.5,0.9,0.7000000000000001,65.0,70.0,25.0,0.30000000000000004,0.4,0.9,0.7000000000000001,75.0,70.0,25.0,2132,2128,4,2132,0.001876172607879925,0.3310288694190996,0.5,0.6620577388381992,177,0.08317669172932331,1.0,1
"iteration_2","SCOPE_DATA_COLLECTION",400,20,1270.0,1330.0,1,2198,1823,543,2222,1805,523,2198,1834,535,4,2,5,0.0018165304268846503,0.0010893246187363835,0.009259259259259259,0.3287783249659049,0.8913574787431741,1.7512730512204508,0.6575566499318098,0.8913574787431741,1.1675153674803005,0.08689717925386715,0.6504907306434023,0.8074766355140187,92.5,100.0,3570,417,577,10,1,0,0.0028011204481792717,0.002398081534772182,0.0,0.4,0.5,0.9,0.7000000000000001,65.0,70.0,25.0,0.30000000000000004,0.4,0.9,0.7000000000000001,75.0,70.0,25.0,1881,1879,2,1881,0.001063264221158958,0.8955942939222201,1.0,0.8955942939222201,1207,0.6423629590207557,1.0,1
"iteration_2","SCOPE_DATA_COLLECTION",400,20,1270.0,1330.0,2,2198,1823,543,2222,1805,523,2198,1834,535,4,2,5,0.0018165304268846503,0.0010893246187363835,0.009259259259259259,0.3287783249659049,0.8913574787431741,1.7512730512204508,0.6575566499318098,0.8913574787431741,1.1675153674803005,0.08689717925386715,0.6504907306434023,0.8074766355140187,92.5,100.0,3570,417,577,10,1,0,0.0028011204481792717,0.002398081534772182,0.0,0.4,0.5,0.9,0.7000000000000001,65.0,70.0,25.0,0.30000000000000004,0.4,0.9,0.7000000000000001,75.0,70.0,25.0,513,511,2,513,0.003898635477582846,1.7479537446468616,1.5,1.165302496431241,410,0.8023483365949119,1.0,1
"iteration_2","SCOPE_DATA_COLLECTION",400,21,1330.0,1390.0,0,2132,1881,513,2198,1823,543,2128,1875,512,4,2,2,0.001876172607879925,0.0010655301012253596,0.0038910505836575876,0.33083475164958787,0.8959531328805526,1.7486434295936144,0.6616695032991757,0.8959531328805526,1.1657622863957429,0.08223684210526316,0.6426666666666667,0.802734375,100.0,100.0,3576,270,680,7,1,0,0.0019574944071588368,0.003703703703703704,0.0,0.30000000000000004,0.4,0.9,0.7000000000000001,75.0,70.0,25.0,0.30000000000000004,0.4,0.9,0.8,85.0,60.0,20.0,2197,2197,0,2197,0.0,0.3324080887349568,0.5,0.6648161774699136,233,0.10605370960400547,1.0,1
"iteration_2","SCOPE_DATA_COLLECTION",400,21,1330.0,1390.0,1,2132,1881,513,2198,1823,543,2128,1875,512,4,2,2,0.001876172607879925,0.0010655301012253596,0.0038910505836575876,0.33083475164958787,0.8959531328805526,1.7486434295936144,0.6616695032991757,0.8959531328805526,1.1657622863957429,0.08223684210526316,0.6426666666666667,0.802734375,100.0,100.0,3576,270,680,7,1,0,0.0019574944071588368,0.003703703703703704,0.0,0.30000000000000004,0.4,0.9,0.7000000000000001,75.0,70.0,25.0,0.30000000000000004,0.4,0.9,0.8,85.0,60.0,20.0,1929,1927,2,1929,0.0010368066355624676,0.9115246420364773,1.0,0.9115246420364773,1264,0.6559418785677218,1.0,1
"iteration_2","SCOPE_DATA_COLLECTION",400,21,1330.0,1390.0,2,2132,1881,513,2198,1823,543,2128,1875,512,4,2,2,0.001876172607879925,0.0010655301012253596,0.0038910505836575876,0.33083475164958787,0.8959531328805526,1.7486434295936144,0.6616695032991757,0.8959531328805526,1.1657622863957429,0.08223684210526316,0.6426666666666667,0.802734375,100.0,100.0,3576,270,680,7,1,0,0.0019574944071588368,0.003703703703703704,0.0,0.30000000000000004,0.4,0.9,0.7000000000000001,75.0,70.0,25.0,0.30000000000000004,0.4,0.9,0.8,85.0,60.0,20.0,521,517,4,521,0.007677543186180422,1.7310791525820521,1.5,1.1540527683880348,409,0.7911025145067698,1.0,1
"iteration_2","SCOPE_DATA_COLLECTION",400,22,1390.0,1450.0,0,2197,1929,521,2132,1881,513,2196,1921,516,0,2,4,0.0,0.0010400416016640667,0.007692307692307693,0.33232988811235276,0.9105321767278304,1.72987672231148,0.6646597762247055,0.9105321767278304,1.1532511482076533,0.10655737704918032,0.6564289432587194,0.7926356589147286,100.0,100.0,3669,315,663,6,0,0,0.001635322976287817,0.0,0.0,0.30000000000000004,0.4,0.9,0.8,85.0,60.0,20.0,0.5,0.6000000000000001,0.30000000000000004,0.9,40.0,40.0,90.0,2261,2259,2,2261,8.845643520566122E-4,0.3288191392745439,0.5,0.6576382785490879,207,0.09163346613545817,1.0,1
"iteration_2","SCOPE_DATA_COLLECTION",400,22,1390.0,1450.0,1,2197,1929,521,2132,1881,513,2196,1921,516,0,2,4,0.0,0.0010400416016640667,0.007692307692307693,0.33232988811235276,0.9105321767278304,1.72987672231148,0.6646597762247055,0.9105321767278304,1.1532511482076533,0.10655737704918032,0.6564289432587194,0.7926356589147286,100.0,100.0,3669,315,663,6,0,0,0.001635322976287817,0.0,0.0,0.30000000000000004,0.4,0.9,0.8,85.0,60.0,20.0,0.5,0.6000000000000001,0.30000000000000004,0.9,40.0,40.0,90.0,1884,1883,1,1884,5.307855626326964E-4,0.8752427526041376,1.0,0.8752427526041376,1193,0.633563462559745,1.0,1
"iteration_2","SCOPE_DATA_COLLECTION",400,22,1390.0,1450.0,2,2197,1929,521,2132,1881,513,2196,1921,516,0,2,4,0.0,0.0010400416016640667,0.007692307692307693,0.33232988811235276,0.9105321767278304,1.72987672231148,0.6646597762247055,0.9105321767278304,1.1532511482076533,0.10655737704918032,0.6564289432587194,0.7926356589147286,100.0,100.0,3669,315,663,6,0,0,0.001635322976287817,0.0,0.0,0.30000000000000004,0.4,0.9,0.8,85.0,60.0,20.0,0.5,0.6000000000000001,0.30000000000000004,0.9,40.0,40.0,90.0,536,535,1,536,0.0018656716417910447,1.6877052861171804,1.5,1.1251368574114535,413,0.77196261682243,1.0,1
"iteration_2","SCOPE_DATA_COLLECTION",400,23,1450.0,1510.0,0,2261,1884,536,2197,1929,521,2261,1887,533,2,1,1,8.837825894829872E-4,5.296610169491525E-4,0.0018726591760299626,0.32892675612797007,0.8760962505728036,1.693558417985039,0.6578535122559401,0.8760962505728036,1.1290389453233594,0.09066784608580274,0.6316905140434552,0.7729831144465291,97.5,100.0,3599,533,549,4,0,0,0.0011114198388441233,0.0,0.0,0.5,0.6000000000000001,0.30000000000000004,0.9,40.0,40.0,90.0,0.5,0.7000000000000001,0.4,0.9,50.0,50.0,95.0,2150,2150,0,2150,0.0,0.33425898297371925,0.5,0.6685179659474385,211,0.09813953488372093,1.0,1
"iteration_2","SCOPE_DATA_COLLECTION",400,23,1450.0,1510.0,1,2261,1884,536,2197,1929,521,2261,1887,533,2,1,1,8.837825894829872E-4,5.296610169491525E-4,0.0018726591760299626,0.32892675612797007,0.8760962505728036,1.693558417985039,0.6578535122559401,0.8760962505728036,1.1290389453233594,0.09066784608580274,0.6316905140434552,0.7729831144465291,97.5,100.0,3599,533,549,4,0,0,0.0011114198388441233,0.0,0.0,0.5,0.6000000000000001,0.30000000000000004,0.9,40.0,40.0,90.0,0.5,0.7000000000000001,0.4,0.9,50.0,50.0,95.0,1870,1868,2,1870,0.0010695187165775401,0.8993051454583627,1.0,0.8993051454583627,1244,0.6659528907922913,1.0,1
"iteration_2","SCOPE_DATA_COLLECTION",400,23,1450.0,1510.0,2,2261,1884,536,2197,1929,521,2261,1887,533,2,1,1,8.837825894829872E-4,5.296610169491525E-4,0.0018726591760299626,0.32892675612797007,0.8760962505728036,1.693558417985039,0.6578535122559401,0.8760962505728036,1.1290389453233594,0.09066784608580274,0.6316905140434552,0.7729831144465291,97.5,100.0,3599,533,549,4,0,0,0.0011114198388441233,0.0,0.0,0.5,0.6000000000000001,0.30000000000000004,0.9,40.0,40.0,90.0,0.5,0.7000000000000001,0.4,0.9,50.0,50.0,95.0,505,505,0,505,0.0,1.703840900202652,1.5,1.1358939334684346,391,0.7742574257425743,1.0,1
"iteration_2","SCOPE_DATA_COLLECTION",400,24,1510.0,1570.0,0,2150,1870,505,2261,1884,536,2146,1864,515,0,2,0,0.0,0.0010718113612004287,0.0,0.3343280409603801,0.8968650500167161,1.7020787524416952,0.6686560819207602,0.8968650500167161,1.1347191682944635,0.09878844361602983,0.6657725321888412,0.7747572815533981,90.0,100.0,3574,475,476,2,0,0,5.595970900951316E-4,0.0,0.0,0.5,0.7000000000000001,0.4,0.9,50.0,50.0,95.0,0.7000000000000001,0.7000000000000001,0.7000000000000001,0.8,80.0,25.0,95.0,2124,2122,2,2124,9.416195856873823E-4,0.33106058884132106,0.5,0.6621211776826421,213,0.10037700282752121,1.0,1
"iteration_2","SCOPE_DATA_COLLECTION",400,24,1510.0,1570.0,1,2150,1870,505,2261,1884,536,2146,1864,515,0,2,0,0.0,0.0010718113612004287,0.0,0.3343280409603801,0.8968650500167161,1.7020787524416952,0.6686560819207602,0.8968650500167161,1.1347191682944635,0.09878844361602983,0.6657725321888412,0.7747572815533981,90.0,100.0,3574,475,476,2,0,0,5.595970900951316E-4,0.0,0.0,0.5,0.7000000000000001,0.4,0.9,50.0,50.0,95.0,0.7000000000000001,0.7000000000000001,0.7000000000000001,0.8,80.0,25.0,95.0,1860,1859,1,1860,5.376344086021505E-4,0.9170496721970218,1.0,0.9170496721970218,1226,0.6594943518020441,1.0,1
"iteration_2","SCOPE_DATA_COLLECTION",400,24,1510.0,1570.0,2,2150,1870,505,2261,1884,536,2146,1864,515,0,2,0,0.0,0.0010718113612004287,0.0,0.3343280409603801,0.8968650500167161,1.7020787524416952,0.6686560819207602,0.8968650500167161,1.1347191682944635,0.09878844361602983,0.6657725321888412,0.7747572815533981,90.0,100.0,3574,475,476,2,0,0,5.595970900951316E-4,0.0,0.0,0.5,0.7000000000000001,0.4,0.9,50.0,50.0,95.0,0.7000000000000001,0.7000000000000001,0.7000000000000001,0.8,80.0,25.0,95.0,524,521,3,524,0.0057251908396946565,1.7381359146621926,1.5,1.1587572764414618,415,0.7965451055662188,1.0,1
"iteration_2","SCOPE_DATA_COLLECTION",400,25,1570.0,1630.0,0,2124,1860,524,2150,1870,505,2123,1861,518,2,1,3,9.411764705882353E-4,5.370569280343716E-4,0.005758157389635317,0.3308270300506699,0.9198746171741101,1.7371778787588898,0.6616540601013398,0.9198746171741101,1.15811858583926,0.09891662741403674,0.6603976356797421,0.7953667953667953,82.5,100.0,3546,673,289,5,1,0,0.0014100394811054709,0.0014858841010401188,0.0,0.7000000000000001,0.7000000000000001,0.7000000000000001,0.8,80.0,25.0,95.0,0.7000000000000001,0.7000000000000001,0.8,0.7000000000000001,80.0,35.0,95.0,2243,2240,3,2243,0.0013374944271065537,0.33742627479307197,0.5,0.6748525495861439,265,0.11830357142857142,1.0,1
"iteration_2","SCOPE_DATA_COLLECTION",400,25,1570.0,1630.0,1,2124,1860,524,2150,1870,505,2123,1861,518,2,1,3,9.411764705882353E-4,5.370569280343716E-4,0.005758157389635317,0.3308270300506699,0.9198746171741101,1.7371778787588898,0.6616540601013398,0.9198746171741101,1.15811858583926,0.09891662741403674,0.6603976356797421,0.7953667953667953,82.5,100.0,3546,673,289,5,1,0,0.0014100394811054709,0.0014858841010401188,0.0,0.7000000000000001,0.7000000000000001,0.7000000000000001,0.8,80.0,25.0,95.0,0.7000000000000001,0.7000000000000001,0.8,0.7000000000000001,80.0,35.0,95.0,1908,1902,6,1908,0.0031446540880503146,0.907174038406719,1.0,0.907174038406719,1246,0.655099894847529,1.0,1
"iteration_2","SCOPE_DATA_COLLECTION",400,25,1570.0,1630.0,2,2124,1860,524,2150,1870,505,2123,1861,518,2,1,3,9.411764705882353E-4,5.370569280343716E-4,0.005758157389635317,0.3308270300506699,0.9198746171741101,1.7371778787588898,0.6616540601013398,0.9198746171741101,1.15811858583926,0.09891662741403674,0.6603976356797421,0.7953667953667953,82.5,100.0,3546,673,289,5,1,0,0.0014100394811054709,0.0014858841010401188,0.0,0.7000000000000001,0.7000000000000001,0.7000000000000001,0.8,80.0,25.0,95.0,0.7000000000000001,0.7000000000000001,0.8,0.7000000000000001,80.0,35.0,95.0,522,520,2,522,0.0038314176245210726,1.7330655566940638,1.5,1.1553770377960426,410,0.7884615384615384,1.0,1
"iteration_2","SCOPE_DATA_COLLECTION",400,26,1630.0,1690.0,0,2243,1908,522,2124,1860,524,2241,1901,516,3,6,2,0.001336898395721925,0.003146303093864709,0.003861003861003861,0.33758925897099046,0.9072492433223319,1.731894930680786,0.6751785179419809,0.9072492433223319,1.1545966204538574,0.11958946898705936,0.6554445028932141,0.7868217054263565,95.0,100.0,3663,716,294,11,0,0,0.003003003003003003,0.0,0.0,0.7000000000000001,0.7000000000000001,0.8,0.7000000000000001,80.0,35.0,95.0,0.6000000000000001,0.7000000000000001,0.8,0.7000000000000001,90.0,45.0,95.0,2173,2171,2,2173,9.203865623561896E-4,0.3357276645035324,0.5,0.6714553290070648,264,0.12160294795025334,1.0,1
"iteration_2","SCOPE_DATA_COLLECTION",400,26,1630.0,1690.0,1,2243,1908,522,2124,1860,524,2241,1901,516,3,6,2,0.001336898395721925,0.003146303093864709,0.003861003861003861,0.33758925897099046,0.9072492433223319,1.731894930680786,0.6751785179419809,0.9072492433223319,1.1545966204538574,0.11958946898705936,0.6554445028932141,0.7868217054263565,95.0,100.0,3663,716,294,11,0,0,0.003003003003003003,0.0,0.0,0.7000000000000001,0.7000000000000001,0.8,0.7000000000000001,80.0,35.0,95.0,0.6000000000000001,0.7000000000000001,0.8,0.7000000000000001,90.0,45.0,95.0,1915,1914,1,1915,5.221932114882506E-4,0.9074075497706359,1.0,0.9074075497706359,1252,0.6541274817136886,1.0,1
"iteration_2","SCOPE_DATA_COLLECTION",400,26,1630.0,1690.0,2,2243,1908,522,2124,1860,524,2241,1901,516,3,6,2,0.001336898395721925,0.003146303093864709,0.003861003861003861,0.33758925897099046,0.9072492433223319,1.731894930680786,0.6751785179419809,0.9072492433223319,1.1545966204538574,0.11958946898705936,0.6554445028932141,0.7868217054263565,95.0,100.0,3663,716,294,11,0,0,0.003003003003003003,0.0,0.0,0.7000000000000001,0.7000000000000001,0.8,0.7000000000000001,80.0,35.0,95.0,0.6000000000000001,0.7000000000000001,0.8,0.7000000000000001,90.0,45.0,95.0,553,549,4,553,0.007233273056057866,1.7220927704321811,1.5,1.1480618469547874,428,0.7795992714025501,1.0,1
"iteration_2","SCOPE_DATA_COLLECTION",400,27,1690.0,1750.0,0,2173,1915,553,2243,1908,522,2174,1922,544,2,1,4,9.191176470588235E-4,5.200208008320333E-4,0.0072992700729927005,0.33585129176217643,0.906391552530466,1.7194063269221453,0.6717025835243529,0.906391552530466,1.1462708846147636,0.12189512419503219,0.6524453694068678,0.7775735294117647,100.0,100.0,3571,646,424,7,0,0,0.0019602352282273874,0.0,0.0,0.6000000000000001,0.7000000000000001,0.8,0.7000000000000001,90.0,45.0,95.0,0.6000000000000001,0.7000000000000001,0.8,0.7000000000000001,90.0,45.0,95.0,2245,2242,3,2245,0.0013363028953229399,0.3293887356618299,0.5,0.6587774713236598,207,0.09232827832292596,1.0,1
"iteration_2","SCOPE_DATA_COLLECTION",400,27,1690.0,1750.0,1,2173,1915,553,2243,1908,522,2174,1922,544,2,1,4,9.191176470588235E-4,5.200208008320333E-4,0.0072992700729927005,0.33585129176217643,0.906391552530466,1.7194063269221453,0.6717025835243529,0.906391552530466,1.1462708846147636,0.12189512419503219,0.6524453694068678,0.7775735294117647,100.0,100.0,3571,646,424,7,0,0,0.0019602352282273874,0.0,0.0,0.6000000000000001,0.7000000000000001,0.8,0.7000000000000001,90.0,45.0,95.0,0.6000000000000001,0.7000000000000001,0.8,0.7000000000000001,90.0,45.0,95.0,1878,1875,3,1878,0.001597444089456869,0.9150235787387854,1.0,0.9150235787387854,1227,0.6544,1.0,1
"iteration_2","SCOPE_DATA_COLLECTION",400,27,1690.0,1750.0,2,2173,1915,553,2243,1908,522,2174,1922,544,2,1,4,9.191176470588235E-4,5.200208008320333E-4,0.0072992700729927005,0.33585129176217643,0.906391552530466,1.7194063269221453,0.6717025835243529,0.906391552530466,1.1462708846147636,0.12189512419503219,0.6524453694068678,0.7775735294117647,100.0,100.0,3571,646,424,7,0,0,0.0019602352282273874,0.0,0.0,0.6000000000000001,0.7000000000000001,0.8,0.7000000000000001,90.0,45.0,95.0,0.6000000000000001,0.7000000000000001,0.8,0.7000000000000001,90.0,45.0,95.0,534,534,0,534,0.0,1.6990467778847473,1.5,1.132697851923165,413,0.7734082397003745,1.0,1
"iteration_2","SCOPE_DATA_COLLECTION",400,28,1750.0,1810.0,0,2245,1878,534,2173,1915,553,2234,1868,547,3,3,0,0.0013410818059901655,0.0016034206306787815,0.0,0.32938727885094443,0.9141232313936903,1.7110663358933473,0.6587745577018889,0.9141232313936903,1.140710890595565,0.09221128021486123,0.6541755888650964,0.7806215722120659,97.5,100.0,3642,606,409,6,0,0,0.0016474464579901153,0.0,0.0,0.6000000000000001,0.7000000000000001,0.8,0.7000000000000001,90.0,45.0,95.0,0.8500000000000001,0.1,0.5,0.7000000000000001,90.0,30.0,20.0,2220,2215,5,2220,0.0022522522522522522,0.3438697962256896,0.5,0.6877395924513792,196,0.08848758465011286,1.0,1
"iteration_2","SCOPE_DATA_COLLECTION",400,28,1750.0,1810.0,1,2245,1878,534,2173,1915,553,2234,1868,547,3,3,0,0.0013410818059901655,0.0016034206306787815,0.0,0.32938727885094443,0.9141232313936903,1.7110663358933473,0.6587745577018889,0.9141232313936903,1.140710890595565,0.09221128021486123,0.6541755888650964,0.7806215722120659,97.5,100.0,3642,606,409,6,0,0,0.0016474464579901153,0.0,0.0,0.6000000000000001,0.7000000000000001,0.8,0.7000000000000001,90.0,45.0,95.0,0.8500000000000001,0.1,0.5,0.7000000000000001,90.0,30.0,20.0,1975,1975,0,1975,0.0,0.9126094551133626,1.0,0.9126094551133626,1311,0.6637974683544304,1.0,1
"iteration_2","SCOPE_DATA_COLLECTION",400,28,1750.0,1810.0,2,2245,1878,534,2173,1915,553,2234,1868,547,3,3,0,0.0013410818059901655,0.0016034206306787815,0.0,0.32938727885094443,0.9141232313936903,1.7110663358933473,0.6587745577018889,0.9141232313936903,1.140710890595565,0.09221128021486123,0.6541755888650964,0.7806215722120659,97.5,100.0,3642,606,409,6,0,0,0.0016474464579901153,0.0,0.0,0.6000000000000001,0.7000000000000001,0.8,0.7000000000000001,90.0,45.0,95.0,0.8500000000000001,0.1,0.5,0.7000000000000001,90.0,30.0,20.0,524,522,2,524,0.003816793893129771,1.7093282689725071,1.5,1.1395521793150047,407,0.7796934865900383,1.0,1
"iteration_2","SCOPE_DATA_COLLECTION",400,29,1810.0,1870.0,0,2220,1975,524,2245,1878,534,2209,1983,515,5,0,2,0.002258355916892502,0.0,0.0038684719535783366,0.3428361547654952,0.913607032645304,1.7003412181358537,0.6856723095309905,0.913607032645304,1.1335608120905691,0.08601177003168854,0.6661623802319717,0.7747572815533981,92.5,100.0,3754,818,147,5,2,0,0.0013319126265316996,0.0024449877750611247,0.0,0.8500000000000001,0.1,0.5,0.7000000000000001,90.0,30.0,20.0,0.05,0.5,0.2,0.4,70.0,40.0,60.0,2238,2237,1,2238,4.4682752457551384E-4,0.33337778460126094,0.5,0.6667555692025219,180,0.08046490835940992,1.0,1
"iteration_2","SCOPE_DATA_COLLECTION",400,29,1810.0,1870.0,1,2220,1975,524,2245,1878,534,2209,1983,515,5,0,2,0.002258355916892502,0.0,0.0038684719535783366,0.3428361547654952,0.913607032645304,1.7003412181358537,0.6856723095309905,0.913607032645304,1.1335608120905691,0.08601177003168854,0.6661623802319717,0.7747572815533981,92.5,100.0,3754,818,147,5,2,0,0.0013319126265316996,0.0024449877750611247,0.0,0.8500000000000001,0.1,0.5,0.7000000000000001,90.0,30.0,20.0,0.05,0.5,0.2,0.4,70.0,40.0,60.0,1844,1841,3,1844,0.0016268980477223427,0.9190788705180098,1.0,0.9190788705180098,1243,0.6751765344921239,1.0,1
"iteration_2","SCOPE_DATA_COLLECTION",400,29,1810.0,1870.0,2,2220,1975,524,2245,1878,534,2209,1983,515,5,0,2,0.002258355916892502,0.0,0.0038684719535783366,0.3428361547654952,0.913607032645304,1.7003412181358537,0.6856723095309905,0.913607032645304,1.1335608120905691,0.08601177003168854,0.6661623802319717,0.7747572815533981,92.5,100.0,3754,818,147,5,2,0,0.0013319126265316996,0.0024449877750611247,0.0,0.8500000000000001,0.1,0.5,0.7000000000000001,90.0,30.0,20.0,0.05,0.5,0.2,0.4,70.0,40.0,60.0,516,515,1,516,0.001937984496124031,1.6106169271325828,1.5,1.0737446180883885,380,0.7378640776699029,1.0,1
"iteration_2","SCOPE_DATA_COLLECTION",400,30,1870.0,1930.0,0,2238,1844,516,2220,1975,524,2253,1826,518,1,3,1,4.4365572315882877E-4,0.0016402405686167304,0.0019267822736030828,0.3348289350421133,0.9174950600446049,1.6141330522086552,0.6696578700842266,0.9174950600446049,1.0760887014724367,0.08344429649356414,0.6730558598028478,0.7393822393822393,100.0,100.0,3683,53,862,5,0,0,0.0013575889220743959,0.0,0.0,0.05,0.5,0.2,0.4,70.0,40.0,60.0,0.15000000000000002,0.4,0.2,0.5,70.0,30.0,70.0,2179,2177,2,2179,9.178522257916476E-4,0.33368340101319477,0.5,0.6673668020263895,216,0.09921910886541112,1.0,1
"iteration_2","SCOPE_DATA_COLLECTION",400,30,1870.0,1930.0,1,2238,1844,516,2220,1975,524,2253,1826,518,1,3,1,4.4365572315882877E-4,0.0016402405686167304,0.0019267822736030828,0.3348289350421133,0.9174950600446049,1.6141330522086552,0.6696578700842266,0.9174950600446049,1.0760887014724367,0.08344429649356414,0.6730558598028478,0.7393822393822393,100.0,100.0,3683,53,862,5,0,0,0.0013575889220743959,0.0,0.0,0.05,0.5,0.2,0.4,70.0,40.0,60.0,0.15000000000000002,0.4,0.2,0.5,70.0,30.0,70.0,1922,1920,2,1922,0.001040582726326743,0.8921193534615759,1.0,0.8921193534615759,1249,0.6505208333333333,1.0,1
"iteration_2","SCOPE_DATA_COLLECTION",400,30,1870.0,1930.0,2,2238,1844,516,2220,1975,524,2253,1826,518,1,3,1,4.4365572315882877E-4,0.0016402405686167304,0.0019267822736030828,0.3348289350421133,0.9174950600446049,1.6141330522086552,0.6696578700842266,0.9174950600446049,1.0760887014724367,0.08344429649356414,0.6730558598028478,0.7393822393822393,100.0,100.0,3683,53,862,5,0,0,0.0013575889220743959,0.0,0.0,0.05,0.5,0.2,0.4,70.0,40.0,60.0,0.15000000000000002,0.4,0.2,0.5,70.0,30.0,70.0,516,515,1,516,0.001937984496124031,1.6830517996241552,1.5,1.1220345330827701,397,0.7708737864077669,1.0,1
"iteration_2","SCOPE_DATA_COLLECTION",400,31,1930.0,1990.0,0,2179,1922,516,2238,1844,516,2164,1924,518,2,2,1,9.233610341643582E-4,0.0010384215991692627,0.0019267822736030828,0.33306207404546756,0.8948861984114451,1.687610410242196,0.6661241480909351,0.8948861984114451,1.1250736068281306,0.0988909426987061,0.6522869022869023,0.7741312741312741,100.0,100.0,3619,152,846,5,0,0,0.0013815971262779773,0.0,0.0,0.15000000000000002,0.4,0.2,0.5,70.0,30.0,70.0,0.25,0.4,0.2,0.4,60.0,20.0,60.0,2189,2189,0,2189,0.0,0.3338359008314181,0.5,0.6676718016628362,207,0.09456372772955687,1.0,1
"iteration_2","SCOPE_DATA_COLLECTION",400,31,1930.0,1990.0,1,2179,1922,516,2238,1844,516,2164,1924,518,2,2,1,9.233610341643582E-4,0.0010384215991692627,0.0019267822736030828,0.33306207404546756,0.8948861984114451,1.687610410242196,0.6661241480909351,0.8948861984114451,1.1250736068281306,0.0988909426987061,0.6522869022869023,0.7741312741312741,100.0,100.0,3619,152,846,5,0,0,0.0013815971262779773,0.0,0.0,0.15000000000000002,0.4,0.2,0.5,70.0,30.0,70.0,0.25,0.4,0.2,0.4,60.0,20.0,60.0,1868,1868,0,1868,0.0,0.9099276972464021,1.0,0.9099276972464021,1259,0.673982869379015,1.0,1
"iteration_2","SCOPE_DATA_COLLECTION",400,31,1930.0,1990.0,2,2179,1922,516,2238,1844,516,2164,1924,518,2,2,1,9.233610341643582E-4,0.0010384215991692627,0.0019267822736030828,0.33306207404546756,0.8948861984114451,1.687610410242196,0.6661241480909351,0.8948861984114451,1.1250736068281306,0.0988909426987061,0.6522869022869023,0.7741312741312741,100.0,100.0,3619,152,846,5,0,0,0.0013815971262779773,0.0,0.0,0.15000000000000002,0.4,0.2,0.5,70.0,30.0,70.0,0.25,0.4,0.2,0.4,60.0,20.0,60.0,486,486,0,486,0.0,1.750345946576058,1.5,1.166897297717372,395,0.8127572016460906,1.0,1
"iteration_2","SCOPE_DATA_COLLECTION",400,32,1990.0,2050.0,0,2189,1868,486,2179,1922,516,2195,1869,480,0,0,0,0.0,0.0,0.0,0.33395447015496643,0.9088285247895569,1.7509261938836587,0.6679089403099329,0.9088285247895569,1.1672841292557725,0.09339407744874716,0.6736222578919208,0.8125,100.0,100.0,3659,231,653,0,0,0,0.0,0.0,0.0,0.25,0.4,0.2,0.4,60.0,20.0,60.0,0.35000000000000003,0.30000000000000004,0.1,0.4,50.0,20.0,50.0,2235,2234,1,2235,4.4742729306487697E-4,0.34341476883040756,0.5,0.6868295376608151,236,0.10564010743061773,1.0,1
"iteration_2","SCOPE_DATA_COLLECTION",400,32,1990.0,2050.0,1,2189,1868,486,2179,1922,516,2195,1869,480,0,0,0,0.0,0.0,0.0,0.33395447015496643,0.9088285247895569,1.7509261938836587,0.6679089403099329,0.9088285247895569,1.1672841292557725,0.09339407744874716,0.6736222578919208,0.8125,100.0,100.0,3659,231,653,0,0,0,0.0,0.0,0.0,0.25,0.4,0.2,0.4,60.0,20.0,60.0,0.35000000000000003,0.30000000000000004,0.1,0.4,50.0,20.0,50.0,1891,1890,1,1891,5.288207297726071E-4,0.9103394088277456,1.0,0.9103394088277456,1248,0.6603174603174603,1.0,1
"iteration_2","SCOPE_DATA_COLLECTION",400,32,1990.0,2050.0,2,2189,1868,486,2179,1922,516,2195,1869,480,0,0,0,0.0,0.0,0.0,0.33395447015496643,0.9088285247895569,1.7509261938836587,0.6679089403099329,0.9088285247895569,1.1672841292557725,0.09339407744874716,0.6736222578919208,0.8125,100.0,100.0,3659,231,653,0,0,0,0.0,0.0,0.0,0.25,0.4,0.2,0.4,60.0,20.0,60.0,0.35000000000000003,0.30000000000000004,0.1,0.4,50.0,20.0,50.0,517,516,1,517,0.0019342359767891683,1.7528191911731448,1.5,1.1685461274487632,418,0.810077519379845,1.0,1
"iteration_2","SCOPE_DATA_COLLECTION",400,33,2050.0,2110.0,0,2235,1891,517,2189,1868,486,2235,1894,519,1,1,1,4.472271914132379E-4,5.277044854881266E-4,0.0019230769230769232,0.34342955042527534,0.9100626235860781,1.7468200977054007,0.6868591008505507,0.9100626235860781,1.1645467318036005,0.10693512304250559,0.6594508975712777,0.8073217726396917,92.5,100.0,3754,282,607,3,0,0,7.991475759190197E-4,0.0,0.0,0.35000000000000003,0.30000000000000004,0.1,0.4,50.0,20.0,50.0,0.45,0.4,0.2,0.30000000000000004,40.0,20.0,60.0,2190,2188,2,2190,9.132420091324201E-4,0.3338200366719062,0.5,0.6676400733438124,234,0.10694698354661791,1.0,1
"iteration_2","SCOPE_DATA_COLLECTION",400,33,2050.0,2110.0,1,2235,1891,517,2189,1868,486,2235,1894,519,1,1,1,4.472271914132379E-4,5.277044854881266E-4,0.0019230769230769232,0.34342955042527534,0.9100626235860781,1.7468200977054007,0.6868591008505507,0.9100626235860781,1.1645467318036005,0.10693512304250559,0.6594508975712777,0.8073217726396917,92.5,100.0,3754,282,607,3,0,0,7.991475759190197E-4,0.0,0.0,0.35000000000000003,0.30000000000000004,0.1,0.4,50.0,20.0,50.0,0.45,0.4,0.2,0.30000000000000004,40.0,20.0,60.0,1919,1919,0,1919,0.0,0.8927998299380708,1.0,0.8927998299380708,1244,0.6482542991141219,1.0,1
"iteration_2","SCOPE_DATA_COLLECTION",400,33,2050.0,2110.0,2,2235,1891,517,2189,1868,486,2235,1894,519,1,1,1,4.472271914132379E-4,5.277044854881266E-4,0.0019230769230769232,0.34342955042527534,0.9100626235860781,1.7468200977054007,0.6868591008505507,0.9100626235860781,1.1645467318036005,0.10693512304250559,0.6594508975712777,0.8073217726396917,92.5,100.0,3754,282,607,3,0,0,7.991475759190197E-4,0.0,0.0,0.35000000000000003,0.30000000000000004,0.1,0.4,50.0,20.0,50.0,0.45,0.4,0.2,0.30000000000000004,40.0,20.0,60.0,528,528,0,528,0.0,1.736303600726334,1.5,1.157535733817556,420,0.7954545454545454,1.0,1
"iteration_2","SCOPE_DATA_COLLECTION",400,34,2110.0,2170.0,0,2190,1919,528,2235,1891,517,2188,1920,522,2,0,0,9.132420091324201E-4,0.0,0.0,0.33345529328127094,0.8942671737530674,1.735788181113303,0.6669105865625419,0.8942671737530674,1.157192120742202,0.10648994515539305,0.6479166666666667,0.7950191570881227,97.5,100.0,3617,449,571,2,0,0,5.52944429084877E-4,0.0,0.0,0.45,0.4,0.2,0.30000000000000004,40.0,20.0,60.0,0.45,0.4,0.2,0.30000000000000004,40.0,20.0,60.0,2147,2145,2,2147,9.315323707498836E-4,0.33010580752921703,0.5,0.6602116150584341,207,0.0965034965034965,1.0,1
"iteration_2","SCOPE_DATA_COLLECTION",400,34,2110.0,2170.0,1,2190,1919,528,2235,1891,517,2188,1920,522,2,0,0,9.132420091324201E-4,0.0,0.0,0.33345529328127094,0.8942671737530674,1.735788181113303,0.6669105865625419,0.8942671737530674,1.157192120742202,0.10648994515539305,0.6479166666666667,0.7950191570881227,97.5,100.0,3617,449,571,2,0,0,5.52944429084877E-4,0.0,0.0,0.45,0.4,0.2,0.30000000000000004,40.0,20.0,60.0,0.45,0.4,0.2,0.30000000000000004,40.0,20.0,60.0,1935,1935,0,1935,0.0,0.8783154357046026,1.0,0.8783154357046026,1244,0.6428940568475452,1.0,1
"iteration_2","SCOPE_DATA_COLLECTION",400,34,2110.0,2170.0,2,2190,1919,528,2235,1891,517,2188,1920,522,2,0,0,9.132420091324201E-4,0.0,0.0,0.33345529328127094,0.8942671737530674,1.735788181113303,0.6669105865625419,0.8942671737530674,1.157192120742202,0.10648994515539305,0.6479166666666667,0.7950191570881227,97.5,100.0,3617,449,571,2,0,0,5.52944429084877E-4,0.0,0.0,0.45,0.4,0.2,0.30000000000000004,40.0,20.0,60.0,0.45,0.4,0.2,0.30000000000000004,40.0,20.0,60.0,546,546,0,546,0.0,1.7558363784093836,1.5,1.1705575856062558,443,0.8113553113553114,1.0,1
"iteration_2","SCOPE_DATA_COLLECTION",400,35,2170.0,2230.0,0,2147,1935,546,2190,1919,528,2142,1942,554,2,0,0,9.328358208955224E-4,0.0,0.0,0.3302690077451573,0.8777323074871264,1.758849652233221,0.6605380154903145,0.8777323074871264,1.1725664348221474,0.09663865546218488,0.6441812564366632,0.8122743682310469,80.0,100.0,3580,490,558,2,0,0,5.586592178770949E-4,0.0,0.0,0.45,0.4,0.2,0.30000000000000004,40.0,20.0,60.0,0.45,0.4,0.2,0.30000000000000004,40.0,20.0,60.0,2140,2139,1,2140,4.6728971962616824E-4,0.34356583125345663,0.5,0.6871316625069133,244,0.11407199625993455,1.0,1
"iteration_2","SCOPE_DATA_COLLECTION",400,35,2170.0,2230.0,1,2147,1935,546,2190,1919,528,2142,1942,554,2,0,0,9.328358208955224E-4,0.0,0.0,0.3302690077451573,0.8777323074871264,1.758849652233221,0.6605380154903145,0.8777323074871264,1.1725664348221474,0.09663865546218488,0.6441812564366632,0.8122743682310469,80.0,100.0,3580,490,558,2,0,0,5.586592178770949E-4,0.0,0.0,0.45,0.4,0.2,0.30000000000000004,40.0,20.0,60.0,0.45,0.4,0.2,0.30000000000000004,40.0,20.0,60.0,1813,1813,0,1813,0.0,0.9066311363137646,1.0,0.9066311363137646,1190,0.6563706563706564,1.0,1
"iteration_2","SCOPE_DATA_COLLECTION",400,35,2170.0,2230.0,2,2147,1935,546,2190,1919,528,2142,1942,554,2,0,0,9.328358208955224E-4,0.0,0.0,0.3302690077451573,0.8777323074871264,1.758849652233221,0.6605380154903145,0.8777323074871264,1.1725664348221474,0.09663865546218488,0.6441812564366632,0.8122743682310469,80.0,100.0,3580,490,558,2,0,0,5.586592178770949E-4,0.0,0.0,0.45,0.4,0.2,0.30000000000000004,40.0,20.0,60.0,0.45,0.4,0.2,0.30000000000000004,40.0,20.0,60.0,557,554,3,557,0.005385996409335727,1.724560646129034,1.5,1.149707097419356,440,0.7942238267148014,1.0,1
"iteration_2","SCOPE_DATA_COLLECTION",400,36,2230.0,2290.0,0,2140,1813,557,2147,1935,546,2147,1800,551,1,0,3,4.655493482309125E-4,0.0,0.005415162454873646,0.3438756540728289,0.9062207493078154,1.719543018071533,0.6877513081456578,0.9062207493078154,1.1463620120476887,0.11411271541686073,0.6561111111111111,0.7931034482758621,100.0,100.0,3608,421,481,3,1,0,8.314855875831486E-4,0.0023752969121140144,0.0,0.45,0.4,0.2,0.30000000000000004,40.0,20.0,60.0,0.65,0.8,0.2,0.2,30.0,20.0,50.0,2114,2114,0,2114,0.0,0.33710533410907617,0.5,0.6742106682181523,239,0.1130558183538316,1.0,1
"iteration_2","SCOPE_DATA_COLLECTION",400,36,2230.0,2290.0,1,2140,1813,557,2147,1935,546,2147,1800,551,1,0,3,4.655493482309125E-4,0.0,0.005415162454873646,0.3438756540728289,0.9062207493078154,1.719543018071533,0.6877513081456578,0.9062207493078154,1.1463620120476887,0.11411271541686073,0.6561111111111111,0.7931034482758621,100.0,100.0,3608,421,481,3,1,0,8.314855875831486E-4,0.0023752969121140144,0.0,0.45,0.4,0.2,0.30000000000000004,40.0,20.0,60.0,0.65,0.8,0.2,0.2,30.0,20.0,50.0,1883,1880,3,1883,0.0015932023366967605,0.9092669401866974,1.0,0.9092669401866974,1212,0.6446808510638298,1.0,1
"iteration_2","SCOPE_DATA_COLLECTION",400,36,2230.0,2290.0,2,2140,1813,557,2147,1935,546,2147,1800,551,1,0,3,4.655493482309125E-4,0.0,0.005415162454873646,0.3438756540728289,0.9062207493078154,1.719543018071533,0.6877513081456578,0.9062207493078154,1.1463620120476887,0.11411271541686073,0.6561111111111111,0.7931034482758621,100.0,100.0,3608,421,481,3,1,0,8.314855875831486E-4,0.0023752969121140144,0.0,0.45,0.4,0.2,0.30000000000000004,40.0,20.0,60.0,0.65,0.8,0.2,0.2,30.0,20.0,50.0,555,555,0,555,0.0,1.7110035798398098,1.5,1.1406690532265398,435,0.7837837837837838,1.0,1
"iteration_2","SCOPE_DATA_COLLECTION",400,37,2290.0,2350.0,0,2114,1883,555,2140,1813,557,2108,1893,552,0,3,0,0.0,0.0015822784810126582,0.0,0.337094640467033,0.9097891933733873,1.7138954656987193,0.674189280934066,0.9097891933733873,1.1425969771324795,0.11385199240986717,0.6444796619123085,0.782608695652174,95.0,100.0,3591,611,350,3,0,0,8.35421888053467E-4,0.0,0.0,0.65,0.8,0.2,0.2,30.0,20.0,50.0,0.65,0.8,0.2,0.2,30.0,20.0,50.0,2200,2198,2,2200,9.090909090909091E-4,0.3426416489129614,0.5,0.6852832978259228,245,0.11146496815286625,1.0,1
"iteration_2","SCOPE_DATA_COLLECTION",400,37,2290.0,2350.0,1,2114,1883,555,2140,1813,557,2108,1893,552,0,3,0,0.0,0.0015822784810126582,0.0,0.337094640467033,0.9097891933733873,1.7138954656987193,0.674189280934066,0.9097891933733873,1.1425969771324795,0.11385199240986717,0.6444796619123085,0.782608695652174,95.0,100.0,3591,611,350,3,0,0,8.35421888053467E-4,0.0,0.0,0.65,0.8,0.2,0.2,30.0,20.0,50.0,0.65,0.8,0.2,0.2,30.0,20.0,50.0,1870,1870,0,1870,0.0,0.8870743045981135,1.0,0.8870743045981135,1187,0.6347593582887701,1.0,1
"iteration_2","SCOPE_DATA_COLLECTION",400,37,2290.0,2350.0,2,2114,1883,555,2140,1813,557,2108,1893,552,0,3,0,0.0,0.0015822784810126582,0.0,0.337094640467033,0.9097891933733873,1.7138954656987193,0.674189280934066,0.9097891933733873,1.1425969771324795,0.11385199240986717,0.6444796619123085,0.782608695652174,95.0,100.0,3591,611,350,3,0,0,8.35421888053467E-4,0.0,0.0,0.65,0.8,0.2,0.2,30.0,20.0,50.0,0.65,0.8,0.2,0.2,30.0,20.0,50.0,541,541,0,541,0.0,1.6749794939406286,1.5,1.116652995960419,416,0.7689463955637708,1.0,1
"iteration_2","SCOPE_DATA_COLLECTION",400,38,2350.0,2410.0,0,2200,1870,541,2114,1883,555,2192,1862,544,2,0,0,9.115770282588879E-4,0.0,0.0,0.3417122085598391,0.8865538111684431,1.68113060619674,0.6834244171196782,0.8865538111684431,1.1207537374644934,0.10948905109489052,0.635875402792696,0.7738970588235294,97.5,100.0,3620,646,345,2,0,0,5.524861878453039E-4,0.0,0.0,0.65,0.8,0.2,0.2,30.0,20.0,50.0,0.2,0.9,0.9,0.6000000000000001,30.0,60.0,25.0,2206,2204,2,2206,9.066183136899365E-4,0.32948060982811367,0.5,0.6589612196562273,219,0.09936479128856625,1.0,1
"iteration_2","SCOPE_DATA_COLLECTION",400,38,2350.0,2410.0,1,2200,1870,541,2114,1883,555,2192,1862,544,2,0,0,9.115770282588879E-4,0.0,0.0,0.3417122085598391,0.8865538111684431,1.68113060619674,0.6834244171196782,0.8865538111684431,1.1207537374644934,0.10948905109489052,0.635875402792696,0.7738970588235294,97.5,100.0,3620,646,345,2,0,0,5.524861878453039E-4,0.0,0.0,0.65,0.8,0.2,0.2,30.0,20.0,50.0,0.2,0.9,0.9,0.6000000000000001,30.0,60.0,25.0,1817,1816,1,1817,5.50357732526142E-4,0.9071536009176472,1.0,0.9071536009176472,1200,0.6607929515418502,1.0,1
"iteration_2","SCOPE_DATA_COLLECTION",400,38,2350.0,2410.0,2,2200,1870,541,2114,1883,555,2192,1862,544,2,0,0,9.115770282588879E-4,0.0,0.0,0.3417122085598391,0.8865538111684431,1.68113060619674,0.6834244171196782,0.8865538111684431,1.1207537374644934,0.10948905109489052,0.635875402792696,0.7738970588235294,97.5,100.0,3620,646,345,2,0,0,5.524861878453039E-4,0.0,0.0,0.65,0.8,0.2,0.2,30.0,20.0,50.0,0.2,0.9,0.9,0.6000000000000001,30.0,60.0,25.0,557,555,2,557,0.003590664272890485,1.712401824210485,1.5,1.1416012161403233,431,0.7765765765765765,1.0,1
"iteration_2","SCOPE_DATA_COLLECTION",400,39,2410.0,2470.0,0,2206,1817,557,2200,1870,541,2213,1814,556,2,1,2,9.029345372460496E-4,5.509641873278236E-4,0.0035842293906810036,0.330668869743822,0.90778576695975,1.708700629674205,0.661337739487644,0.90778576695975,1.1391337531161367,0.10122006326253954,0.6604189636163176,0.7751798561151079,87.5,100.0,3563,228,789,5,0,0,0.0014033118158854898,0.0,0.0,0.2,0.9,0.9,0.6000000000000001,30.0,60.0,25.0,0.2,0.9,0.9,0.6000000000000001,20.0,60.0,35.0,2166,2163,3,2166,0.0013850415512465374,0.3307995395217995,0.5,0.661599079043599,223,0.10309754969949145,1.0,1
"iteration_2","SCOPE_DATA_COLLECTION",400,39,2410.0,2470.0,1,2206,1817,557,2200,1870,541,2213,1814,556,2,1,2,9.029345372460496E-4,5.509641873278236E-4,0.0035842293906810036,0.330668869743822,0.90778576695975,1.708700629674205,0.661337739487644,0.90778576695975,1.1391337531161367,0.10122006326253954,0.6604189636163176,0.7751798561151079,87.5,100.0,3563,228,789,5,0,0,0.0014033118158854898,0.0,0.0,0.2,0.9,0.9,0.6000000000000001,30.0,60.0,25.0,0.2,0.9,0.9,0.6000000000000001,20.0,60.0,35.0,1821,1819,2,1821,0.001098297638660077,0.9205246326448339,1.0,0.9205246326448339,1226,0.6739967014843321,1.0,1
"iteration_2","SCOPE_DATA_COLLECTION",400,39,2410.0,2470.0,2,2206,1817,557,2200,1870,541,2213,1814,556,2,1,2,9.029345372460496E-4,5.509641873278236E-4,0.0035842293906810036,0.330668869743822,0.90778576695975,1.708700629674205,0.661337739487644,0.90778576695975,1.1391337531161367,0.10122006326253954,0.6604189636163176,0.7751798561151079,87.5,100.0,3563,228,789,5,0,0,0.0014033118158854898,0.0,0.0,0.2,0.9,0.9,0.6000000000000001,30.0,60.0,25.0,0.2,0.9,0.9,0.6000000000000001,20.0,60.0,35.0,534,533,1,534,0.0018726591760299626,1.7395800436209017,1.5,1.1597200290806011,423,0.7936210131332082,1.0,1
"iteration_2","SCOPE_DATA_COLLECTION",400,40,2470.0,2530.0,0,2166,1821,534,2206,1817,557,2155,1824,530,3,2,1,0.0013901760889712697,0.001095290251916758,0.0018832391713747645,0.33001376712681524,0.9193083428614445,1.7340729773980448,0.6600275342536305,0.9193083428614445,1.1560486515986965,0.10116009280742459,0.6721491228070176,0.7905660377358491,100.0,100.0,3549,180,792,6,0,0,0.0016906170752324597,0.0,0.0,0.2,0.9,0.9,0.6000000000000001,20.0,60.0,35.0,0.1,0.9,0.8,0.6000000000000001,30.0,50.0,35.0,2146,2143,3,2146,0.0013979496738117428,0.3341043896100168,0.5,0.6682087792200336,218,0.10172655156322911,1.0,1
"iteration_2","SCOPE_DATA_COLLECTION",400,40,2470.0,2530.0,1,2166,1821,534,2206,1817,557,2155,1824,530,3,2,1,0.0013901760889712697,0.001095290251916758,0.0018832391713747645,0.33001376712681524,0.9193083428614445,1.7340729773980448,0.6600275342536305,0.9193083428614445,1.1560486515986965,0.10116009280742459,0.6721491228070176,0.7905660377358491,100.0,100.0,3549,180,792,6,0,0,0.0016906170752324597,0.0,0.0,0.2,0.9,0.9,0.6000000000000001,20.0,60.0,35.0,0.1,0.9,0.8,0.6000000000000001,30.0,50.0,35.0,1827,1824,3,1827,0.0016420361247947454,0.9327330564066327,1.0,0.9327330564066327,1243,0.6814692982456141,1.0,1
"iteration_2","SCOPE_DATA_COLLECTION",400,40,2470.0,2530.0,2,2166,1821,534,2206,1817,557,2155,1824,530,3,2,1,0.0013901760889712697,0.001095290251916758,0.0018832391713747645,0.33001376712681524,0.9193083428614445,1.7340729773980448,0.6600275342536305,0.9193083428614445,1.1560486515986965,0.10116009280742459,0.6721491228070176,0.7905660377358491,100.0,100.0,3549,180,792,6,0,0,0.0016906170752324597,0.0,0.0,0.2,0.9,0.9,0.6000000000000001,20.0,60.0,35.0,0.1,0.9,0.8,0.6000000000000001,30.0,50.0,35.0,525,522,3,525,0.005714285714285714,1.6899091255127847,1.5,1.1266060836751899,403,0.7720306513409961,1.0,1
"iteration_2","SCOPE_DATA_COLLECTION",400,41,2530.0,2590.0,0,2146,1827,525,2166,1821,534,2155,1830,517,3,3,3,0.0013901760889712697,0.0016366612111292963,0.0057692307692307696,0.3344626576667767,0.933231163674207,1.6875163300315275,0.6689253153335534,0.933231163674207,1.125010886687685,0.10255220417633411,0.6830601092896175,0.769825918762089,95.0,100.0,3585,86,827,9,0,0,0.002510460251046025,0.0,0.0,0.1,0.9,0.8,0.6000000000000001,30.0,50.0,35.0,0.1,0.9,0.8,0.5,30.0,60.0,45.0,2252,2250,2,2252,8.880994671403197E-4,0.31927973012184563,0.5,0.6385594602436913,202,0.08977777777777778,1.0,1
"iteration_2","SCOPE_DATA_COLLECTION",400,41,2530.0,2590.0,1,2146,1827,525,2166,1821,534,2155,1830,517,3,3,3,0.0013901760889712697,0.0016366612111292963,0.0057692307692307696,0.3344626576667767,0.933231163674207,1.6875163300315275,0.6689253153335534,0.933231163674207,1.125010886687685,0.10255220417633411,0.6830601092896175,0.769825918762089,95.0,100.0,3585,86,827,9,0,0,0.002510460251046025,0.0,0.0,0.1,0.9,0.8,0.6000000000000001,30.0,50.0,35.0,0.1,0.9,0.8,0.5,30.0,60.0,45.0,1865,1861,4,1865,0.0021447721179624667,0.8967769174909183,1.0,0.8967769174909183,1206,0.6480386888769479,1.0,1
"iteration_2","SCOPE_DATA_COLLECTION",400,41,2530.0,2590.0,2,2146,1827,525,2166,1821,534,2155,1830,517,3,3,3,0.0013901760889712697,0.0016366612111292963,0.0057692307692307696,0.3344626576667767,0.933231163674207,1.6875163300315275,0.6689253153335534,0.933231163674207,1.125010886687685,0.10255220417633411,0.6830601092896175,0.769825918762089,95.0,100.0,3585,86,827,9,0,0,0.002510460251046025,0.0,0.0,0.1,0.9,0.8,0.6000000000000001,30.0,50.0,35.0,0.1,0.9,0.8,0.5,30.0,60.0,45.0,532,530,2,532,0.0037593984962406013,1.6778282148712425,1.5,1.118552143247495,408,0.769811320754717,1.0,1
"iteration_2","SCOPE_DATA_COLLECTION",400,42,2590.0,2650.0,0,2252,1865,532,2146,1827,525,2243,1850,534,2,4,2,8.908685968819599E-4,0.002157497303128371,0.0037313432835820895,0.3195486593958888,0.8955325103827402,1.690613774929578,0.6390973187917776,0.8955325103827402,1.127075849953052,0.09050378956754347,0.6459459459459459,0.7771535580524345,100.0,100.0,3572,105,972,8,0,0,0.0022396416573348264,0.0,0.0,0.1,0.9,0.8,0.5,30.0,60.0,45.0,0.05,0.8,0.8,0.6000000000000001,30.0,50.0,55.0,2210,2208,2,2210,9.049773755656109E-4,0.3256662988671745,0.5,0.651332597734349,222,0.10054347826086957,1.0,1
"iteration_2","SCOPE_DATA_COLLECTION",400,42,2590.0,2650.0,1,2252,1865,532,2146,1827,525,2243,1850,534,2,4,2,8.908685968819599E-4,0.002157497303128371,0.0037313432835820895,0.3195486593958888,0.8955325103827402,1.690613774929578,0.6390973187917776,0.8955325103827402,1.127075849953052,0.09050378956754347,0.6459459459459459,0.7771535580524345,100.0,100.0,3572,105,972,8,0,0,0.0022396416573348264,0.0,0.0,0.1,0.9,0.8,0.5,30.0,60.0,45.0,0.05,0.8,0.8,0.6000000000000001,30.0,50.0,55.0,1886,1881,5,1886,0.002651113467656416,0.8895770867744467,1.0,0.8895770867744467,1221,0.6491228070175439,1.0,1
"iteration_2","SCOPE_DATA_COLLECTION",400,42,2590.0,2650.0,2,2252,1865,532,2146,1827,525,2243,1850,534,2,4,2,8.908685968819599E-4,0.002157497303128371,0.0037313432835820895,0.3195486593958888,0.8955325103827402,1.690613774929578,0.6390973187917776,0.8955325103827402,1.127075849953052,0.09050378956754347,0.6459459459459459,0.7771535580524345,100.0,100.0,3572,105,972,8,0,0,0.0022396416573348264,0.0,0.0,0.1,0.9,0.8,0.5,30.0,60.0,45.0,0.05,0.8,0.8,0.6000000000000001,30.0,50.0,55.0,541,537,4,541,0.0073937153419593345,1.7357842931129965,1.5,1.1571895287419978,424,0.7895716945996276,1.0,1
"iteration_2","SCOPE_DATA_COLLECTION",400,43,2650.0,2710.0,0,2210,1886,541,2252,1865,532,2210,1878,536,2,5,4,9.041591320072332E-4,0.0026553372278279343,0.007407407407407408,0.32526842588007643,0.888008483796216,1.7235911434628397,0.6505368517601529,0.888008483796216,1.1490607623085598,0.1,0.6490947816826411,0.7835820895522388,100.0,100.0,3573,55,1009,11,0,0,0.0030786453960257487,0.0,0.0,0.05,0.8,0.8,0.6000000000000001,30.0,50.0,55.0,0.15000000000000002,0.8,0.9,0.6000000000000001,30.0,50.0,65.0,2183,2179,4,2183,0.0018323408153916628,0.32962436761303865,0.5,0.6592487352260773,220,0.10096374483708123,1.0,1
"iteration_2","SCOPE_DATA_COLLECTION",400,43,2650.0,2710.0,1,2210,1886,541,2252,1865,532,2210,1878,536,2,5,4,9.041591320072332E-4,0.0026553372278279343,0.007407407407407408,0.32526842588007643,0.888008483796216,1.7235911434628397,0.6505368517601529,0.888008483796216,1.1490607623085598,0.1,0.6490947816826411,0.7835820895522388,100.0,100.0,3573,55,1009,11,0,0,0.0030786453960257487,0.0,0.0,0.05,0.8,0.8,0.6000000000000001,30.0,50.0,55.0,0.15000000000000002,0.8,0.9,0.6000000000000001,30.0,50.0,65.0,1789,1784,5,1789,0.002794857462269424,0.9092396602604814,1.0,0.9092396602604814,1186,0.6647982062780269,1.0,1
"iteration_2","SCOPE_DATA_COLLECTION",400,43,2650.0,2710.0,2,2210,1886,541,2252,1865,532,2210,1878,536,2,5,4,9.041591320072332E-4,0.0026553372278279343,0.007407407407407408,0.32526842588007643,0.888008483796216,1.7235911434628397,0.6505368517601529,0.888008483796216,1.1490607623085598,0.1,0.6490947816826411,0.7835820895522388,100.0,100.0,3573,55,1009,11,0,0,0.0030786453960257487,0.0,0.0,0.05,0.8,0.8,0.6000000000000001,30.0,50.0,55.0,0.15000000000000002,0.8,0.9,0.6000000000000001,30.0,50.0,65.0,553,551,2,553,0.003616636528028933,1.754930237073744,1.5,1.169953491382496,440,0.7985480943738656,1.0,1
"iteration_2","SCOPE_DATA_COLLECTION",400,44,2710.0,2770.0,0,2183,1789,553,2210,1886,541,2176,1797,554,4,5,2,0.001834862385321101,0.002774694783573807,0.0035971223021582736,0.3298068602915334,0.9116953391646359,1.7547566651439923,0.6596137205830668,0.9116953391646359,1.1698377767626615,0.10064338235294118,0.6666666666666666,0.7996389891696751,90.0,100.0,3561,157,807,11,0,0,0.003089019938219601,0.0,0.0,0.15000000000000002,0.8,0.9,0.6000000000000001,30.0,50.0,65.0,0.15000000000000002,0.8,0.9,0.6000000000000001,40.0,60.0,55.0,2193,2191,2,2193,9.119927040583675E-4,0.3289370774899871,0.5,0.6578741549799741,232,0.10588772250114104,1.0,1
"iteration_2","SCOPE_DATA_COLLECTION",400,44,2710.0,2770.0,1,2183,1789,553,2210,1886,541,2176,1797,554,4,5,2,0.001834862385321101,0.002774694783573807,0.0035971223021582736,0.3298068602915334,0.9116953391646359,1.7547566651439923,0.6596137205830668,0.9116953391646359,1.1698377767626615,0.10064338235294118,0.6666666666666666,0.7996389891696751,90.0,100.0,3561,157,807,11,0,0,0.003089019938219601,0.0,0.0,0.15000000000000002,0.8,0.9,0.6000000000000001,30.0,50.0,65.0,0.15000000000000002,0.8,0.9,0.6000000000000001,40.0,60.0,55.0,1819,1818,1,1819,5.497526113249038E-4,0.9001774102602319,1.0,0.9001774102602319,1170,0.6435643564356436,1.0,1
"iteration_2","SCOPE_DATA_COLLECTION",400,44,2710.0,2770.0,2,2183,1789,553,2210,1886,541,2176,1797,554,4,5,2,0.001834862385321101,0.002774694783573807,0.0035971223021582736,0.3298068602915334,0.9116953391646359,1.7547566651439923,0.6596137205830668,0.9116953391646359,1.1698377767626615,0.10064338235294118,0.6666666666666666,0.7996389891696751,90.0,100.0,3561,157,807,11,0,0,0.003089019938219601,0.0,0.0,0.15000000000000002,0.8,0.9,0.6000000000000001,30.0,50.0,65.0,0.15000000000000002,0.8,0.9,0.6000000000000001,40.0,60.0,55.0,560,560,0,560,0.0,1.6740376529141892,1.5,1.1160251019427927,425,0.7589285714285714,1.0,1
"iteration_2","SCOPE_DATA_COLLECTION",400,45,2770.0,2830.0,0,2193,1819,560,2183,1789,553,2193,1813,561,2,1,0,9.111617312072893E-4,5.512679162072767E-4,0.0,0.3290450441606379,0.9015403274607765,1.6799203392231183,0.6580900883212758,0.9015403274607765,1.1199468928154122,0.10715914272685818,0.643684500827358,0.7593582887700535,92.5,100.0,3534,169,869,3,0,0,8.488964346349745E-4,0.0,0.0,0.15000000000000002,0.8,0.9,0.6000000000000001,40.0,60.0,55.0,0.15000000000000002,0.8,0.9,0.6000000000000001,40.0,60.0,55.0,2202,2199,3,2202,0.0013623978201634877,0.32588342134224735,0.5,0.6517668426844947,235,0.10686675761709868,1.0,1
"iteration_2","SCOPE_DATA_COLLECTION",400,45,2770.0,2830.0,1,2193,1819,560,2183,1789,553,2193,1813,561,2,1,0,9.111617312072893E-4,5.512679162072767E-4,0.0,0.3290450441606379,0.9015403274607765,1.6799203392231183,0.6580900883212758,0.9015403274607765,1.1199468928154122,0.10715914272685818,0.643684500827358,0.7593582887700535,92.5,100.0,3534,169,869,3,0,0,8.488964346349745E-4,0.0,0.0,0.15000000000000002,0.8,0.9,0.6000000000000001,40.0,60.0,55.0,0.15000000000000002,0.8,0.9,0.6000000000000001,40.0,60.0,55.0,1883,1880,3,1883,0.0015932023366967605,0.8850989342760209,1.0,0.8850989342760209,1203,0.6398936170212766,1.0,1
"iteration_2","SCOPE_DATA_COLLECTION",400,45,2770.0,2830.0,2,2193,1819,560,2183,1789,553,2193,1813,561,2,1,0,9.111617312072893E-4,5.512679162072767E-4,0.0,0.3290450441606379,0.9015403274607765,1.6799203392231183,0.6580900883212758,0.9015403274607765,1.1199468928154122,0.10715914272685818,0.643684500827358,0.7593582887700535,92.5,100.0,3534,169,869,3,0,0,8.488964346349745E-4,0.0,0.0,0.15000000000000002,0.8,0.9,0.6000000000000001,40.0,60.0,55.0,0.15000000000000002,0.8,0.9,0.6000000000000001,40.0,60.0,55.0,563,561,2,563,0.003552397868561279,1.6793497315242123,1.5,1.1195664876828082,431,0.768270944741533,1.0,1
"iteration_2","SCOPE_DATA_COLLECTION",400,46,2830.0,2890.0,0,2202,1883,563,2193,1819,560,2195,1882,558,3,3,2,0.001364877161055505,0.0015915119363395225,0.0035714285714285713,0.3253869649234728,0.8826337613801122,1.6741793020946258,0.6507739298469456,0.8826337613801122,1.1161195347297506,0.10523917995444192,0.638682252922423,0.7670250896057348,92.5,100.0,3567,157,924,8,0,0,0.00224278104850014,0.0,0.0,0.15000000000000002,0.8,0.9,0.6000000000000001,40.0,60.0,55.0,0.5,0.7000000000000001,0.4,0.30000000000000004,20.0,95.0,95.0,2204,2204,0,2204,0.0,0.32877945164061007,0.5,0.6575589032812201,200,0.09074410163339383,1.0,1
"iteration_2","SCOPE_DATA_COLLECTION",400,46,2830.0,2890.0,1,2202,1883,563,2193,1819,560,2195,1882,558,3,3,2,0.001364877161055505,0.0015915119363395225,0.0035714285714285713,0.3253869649234728,0.8826337613801122,1.6741793020946258,0.6507739298469456,0.8826337613801122,1.1161195347297506,0.10523917995444192,0.638682252922423,0.7670250896057348,92.5,100.0,3567,157,924,8,0,0,0.00224278104850014,0.0,0.0,0.15000000000000002,0.8,0.9,0.6000000000000001,40.0,60.0,55.0,0.5,0.7000000000000001,0.4,0.30000000000000004,20.0,95.0,95.0,1881,1880,1,1881,5.31632110579479E-4,0.9181795596668892,1.0,0.9181795596668892,1220,0.648936170212766,1.0,1
"iteration_2","SCOPE_DATA_COLLECTION",400,46,2830.0,2890.0,2,2202,1883,563,2193,1819,560,2195,1882,558,3,3,2,0.001364877161055505,0.0015915119363395225,0.0035714285714285713,0.3253869649234728,0.8826337613801122,1.6741793020946258,0.6507739298469456,0.8826337613801122,1.1161195347297506,0.10523917995444192,0.638682252922423,0.7670250896057348,92.5,100.0,3567,157,924,8,0,0,0.00224278104850014,0.0,0.0,0.15000000000000002,0.8,0.9,0.6000000000000001,40.0,60.0,55.0,0.5,0.7000000000000001,0.4,0.30000000000000004,20.0,95.0,95.0,532,529,3,532,0.005639097744360902,1.6601808745666538,1.5,1.1067872497111024,398,0.7523629489603024,1.0,1
"iteration_2","SCOPE_DATA_COLLECTION",400,47,2890.0,2950.0,0,2204,1881,532,2202,1883,563,2207,1872,534,0,1,3,0.0,5.339028296849973E-4,0.00558659217877095,0.32847023651442064,0.9183131085039027,1.664481723338023,0.6569404730288413,0.9183131085039027,1.1096544822253487,0.08971454463072044,0.6495726495726496,0.7546816479400749,87.5,100.0,3613,501,503,3,1,0,8.303349017437033E-4,0.001996007984031936,0.0,0.5,0.7000000000000001,0.4,0.30000000000000004,20.0,95.0,95.0,0.6000000000000001,0.6000000000000001,0.5,0.4,20.0,95.0,95.0,2216,2215,1,2216,4.512635379061372E-4,0.3317808594779552,0.5,0.6635617189559104,271,0.12234762979683973,1.0,1
"iteration_2","SCOPE_DATA_COLLECTION",400,47,2890.0,2950.0,1,2204,1881,532,2202,1883,563,2207,1872,534,0,1,3,0.0,5.339028296849973E-4,0.00558659217877095,0.32847023651442064,0.9183131085039027,1.664481723338023,0.6569404730288413,0.9183131085039027,1.1096544822253487,0.08971454463072044,0.6495726495726496,0.7546816479400749,87.5,100.0,3613,501,503,3,1,0,8.303349017437033E-4,0.001996007984031936,0.0,0.5,0.7000000000000001,0.4,0.30000000000000004,20.0,95.0,95.0,0.6000000000000001,0.6000000000000001,0.5,0.4,20.0,95.0,95.0,1903,1899,4,1903,0.0021019442984760903,0.8932761014619065,1.0,0.8932761014619065,1209,0.636650868878357,1.0,1
"iteration_2","SCOPE_DATA_COLLECTION",400,47,2890.0,2950.0,2,2204,1881,532,2202,1883,563,2207,1872,534,0,1,3,0.0,5.339028296849973E-4,0.00558659217877095,0.32847023651442064,0.9183131085039027,1.664481723338023,0.6569404730288413,0.9183131085039027,1.1096544822253487,0.08971454463072044,0.6495726495726496,0.7546816479400749,87.5,100.0,3613,501,503,3,1,0,8.303349017437033E-4,0.001996007984031936,0.0,0.5,0.7000000000000001,0.4,0.30000000000000004,20.0,95.0,95.0,0.6000000000000001,0.6000000000000001,0.5,0.4,20.0,95.0,95.0,575,575,0,575,0.0,1.6830452918026189,1.5,1.1220301945350792,440,0.7652173913043478,1.0,1
"iteration_2","SCOPE_DATA_COLLECTION",400,48,2950.0,3010.0,0,2216,1903,575,2204,1881,532,2212,1902,572,1,4,0,4.5187528242205153E-4,0.002098635886673662,0.0,0.3320489752510839,0.8943913321850995,1.681751257883123,0.6640979505021678,0.8943913321850995,1.1211675052554153,0.12386980108499096,0.6366982124079916,0.763986013986014,100.0,100.0,3557,683,454,5,0,0,0.0014056789429294349,0.0,0.0,0.6000000000000001,0.6000000000000001,0.5,0.4,20.0,95.0,95.0,0.6000000000000001,0.7000000000000001,0.4,0.5,20.0,95.0,85.0,2225,2221,4,2225,0.0017977528089887641,0.3251840252855509,0.5,0.6503680505711018,214,0.09635299414678072,1.0,1
"iteration_2","SCOPE_DATA_COLLECTION",400,48,2950.0,3010.0,1,2216,1903,575,2204,1881,532,2212,1902,572,1,4,0,4.5187528242205153E-4,0.002098635886673662,0.0,0.3320489752510839,0.8943913321850995,1.681751257883123,0.6640979505021678,0.8943913321850995,1.1211675052554153,0.12386980108499096,0.6366982124079916,0.763986013986014,100.0,100.0,3557,683,454,5,0,0,0.0014056789429294349,0.0,0.0,0.6000000000000001,0.6000000000000001,0.5,0.4,20.0,95.0,95.0,0.6000000000000001,0.7000000000000001,0.4,0.5,20.0,95.0,85.0,1877,1875,2,1877,0.0010655301012253596,0.8831289608614471,1.0,0.8831289608614471,1191,0.6352,1.0,1
"iteration_2","SCOPE_DATA_COLLECTION",400,48,2950.0,3010.0,2,2216,1903,575,2204,1881,532,2212,1902,572,1,4,0,4.5187528242205153E-4,0.002098635886673662,0.0,0.3320489752510839,0.8943913321850995,1.681751257883123,0.6640979505021678,0.8943913321850995,1.1211675052554153,0.12386980108499096,0.6366982124079916,0.763986013986014,100.0,100.0,3557,683,454,5,0,0,0.0014056789429294349,0.0,0.0,0.6000000000000001,0.6000000000000001,0.5,0.4,20.0,95.0,95.0,0.6000000000000001,0.7000000000000001,0.4,0.5,20.0,95.0,85.0,543,543,0,543,0.0,1.715934341209721,1.5,1.1439562274731474,427,0.7863720073664825,1.0,1
"iteration_2","SCOPE_DATA_COLLECTION",400,49,3010.0,3070.0,0,2225,1877,543,2216,1903,575,2221,1856,543,4,2,0,0.0017977528089887641,0.001076426264800861,0.0,0.32523979754276056,0.8843782740773974,1.7248590359106624,0.6504795950855211,0.8843782740773974,1.1499060239404415,0.09455200360198109,0.6352370689655172,0.7918968692449355,100.0,100.0,3542,664,439,6,0,0,0.0016939582156973462,0.0,0.0,0.6000000000000001,0.7000000000000001,0.4,0.5,20.0,95.0,85.0,0.45,0.8,0.2,0.2,85.0,50.0,45.0,2182,2182,0,2182,0.0,0.33087850695188126,0.5,0.6617570139037625,218,0.0999083409715857,1.0,1
"iteration_2","SCOPE_DATA_COLLECTION",400,49,3010.0,3070.0,1,2225,1877,543,2216,1903,575,2221,1856,543,4,2,0,0.0017977528089887641,0.001076426264800861,0.0,0.32523979754276056,0.8843782740773974,1.7248590359106624,0.6504795950855211,0.8843782740773974,1.1499060239404415,0.09455200360198109,0.6352370689655172,0.7918968692449355,100.0,100.0,3542,664,439,6,0,0,0.0016939582156973462,0.0,0.0,0.6000000000000001,0.7000000000000001,0.4,0.5,20.0,95.0,85.0,0.45,0.8,0.2,0.2,85.0,50.0,45.0,1861,1859,2,1861,0.0010746910263299302,0.8782098085468578,1.0,0.8782098085468578,1208,0.6498117267348037,1.0,1
"iteration_2","SCOPE_DATA_COLLECTION",400,49,3010.0,3070.0,2,2225,1877,543,2216,1903,575,2221,1856,543,4,2,0,0.0017977528089887641,0.001076426264800861,0.0,0.32523979754276056,0.8843782740773974,1.7248590359106624,0.6504795950855211,0.8843782740773974,1.1499060239404415,0.09455200360198109,0.6352370689655172,0.7918968692449355,100.0,100.0,3542,664,439,6,0,0,0.0016939582156973462,0.0,0.0,0.6000000000000001,0.7000000000000001,0.4,0.5,20.0,95.0,85.0,0.45,0.8,0.2,0.2,85.0,50.0,45.0,582,581,1,582,0.001718213058419244,1.698074757684728,1.5,1.1320498384564852,451,0.7762478485370051,1.0,1
"iteration_2","SCOPE_DATA_COLLECTION",400,50,3070.0,3130.0,0,2182,1861,582,2225,1877,543,2178,1873,573,0,2,1,0.0,0.0010666666666666667,0.0017421602787456446,0.328787321250656,0.877278806329016,1.6895529236740456,0.657574642501312,0.877278806329016,1.126368615782697,0.09595959595959595,0.6486919380672718,0.7713787085514834,100.0,100.0,3561,465,599,3,0,0,8.424599831508003E-4,0.0,0.0,0.45,0.8,0.2,0.2,85.0,50.0,45.0,0.9,0.1,0.2,0.4,50.0,40.0,75.0,2164,2160,4,2164,0.0018484288354898336,0.35823964488228877,0.5,0.7164792897645775,260,0.12037037037037036,1.0,1
"iteration_2","SCOPE_DATA_COLLECTION",400,50,3070.0,3130.0,1,2182,1861,582,2225,1877,543,2178,1873,573,0,2,1,0.0,0.0010666666666666667,0.0017421602787456446,0.328787321250656,0.877278806329016,1.6895529236740456,0.657574642501312,0.877278806329016,1.126368615782697,0.09595959595959595,0.6486919380672718,0.7713787085514834,100.0,100.0,3561,465,599,3,0,0,8.424599831508003E-4,0.0,0.0,0.45,0.8,0.2,0.2,85.0,50.0,45.0,0.9,0.1,0.2,0.4,50.0,40.0,75.0,1991,1990,1,1991,5.022601707684581E-4,0.9374180052814106,1.0,0.9374180052814106,1359,0.6829145728643216,1.0,1
"iteration_2","SCOPE_DATA_COLLECTION",400,50,3070.0,3130.0,2,2182,1861,582,2225,1877,543,2178,1873,573,0,2,1,0.0,0.0010666666666666667,0.0017421602787456446,0.328787321250656,0.877278806329016,1.6895529236740456,0.657574642501312,0.877278806329016,1.126368615782697,0.09595959595959595,0.6486919380672718,0.7713787085514834,100.0,100.0,3561,465,599,3,0,0,8.424599831508003E-4,0.0,0.0,0.45,0.8,0.2,0.2,85.0,50.0,45.0,0.9,0.1,0.2,0.4,50.0,40.0,75.0,493,491,2,493,0.004056795131845842,1.7516222550978375,1.5,1.167748170065225,397,0.8085539714867617,1.0,1
"iteration_2","SCOPE_DATA_COLLECTION",400,51,3130.0,3190.0,0,2164,1991,493,2182,1861,582,2171,1998,497,4,1,2,0.0018390804597701149,5.002501250625312E-4,0.004008016032064128,0.3605830374655973,0.9390564100416826,1.7522350995186131,0.7211660749311946,0.9390564100416826,1.1681567330124087,0.12666973744818055,0.6861861861861862,0.8088531187122736,90.0,100.0,3846,721,81,5,2,0,0.0013000520020800832,0.0027739251040221915,0.0,0.9,0.1,0.2,0.4,50.0,40.0,75.0,0.9,0.2,0.1,0.5,50.0,40.0,75.0,2170,2168,2,2170,9.216589861751152E-4,0.3512769568221209,0.5,0.7025539136442418,256,0.11808118081180811,1.0,1
"iteration_2","SCOPE_DATA_COLLECTION",400,51,3130.0,3190.0,1,2164,1991,493,2182,1861,582,2171,1998,497,4,1,2,0.0018390804597701149,5.002501250625312E-4,0.004008016032064128,0.3605830374655973,0.9390564100416826,1.7522350995186131,0.7211660749311946,0.9390564100416826,1.1681567330124087,0.12666973744818055,0.6861861861861862,0.8088531187122736,90.0,100.0,3846,721,81,5,2,0,0.0013000520020800832,0.0027739251040221915,0.0,0.9,0.1,0.2,0.4,50.0,40.0,75.0,0.9,0.2,0.1,0.5,50.0,40.0,75.0,1914,1911,3,1914,0.001567398119122257,0.9162217627352066,1.0,0.9162217627352066,1285,0.6724228152799582,1.0,1
"iteration_2","SCOPE_DATA_COLLECTION",400,51,3130.0,3190.0,2,2164,1991,493,2182,1861,582,2171,1998,497,4,1,2,0.0018390804597701149,5.002501250625312E-4,0.004008016032064128,0.3605830374655973,0.9390564100416826,1.7522350995186131,0.7211660749311946,0.9390564100416826,1.1681567330124087,0.12666973744818055,0.6861861861861862,0.8088531187122736,90.0,100.0,3846,721,81,5,2,0,0.0013000520020800832,0.0027739251040221915,0.0,0.9,0.1,0.2,0.4,50.0,40.0,75.0,0.9,0.2,0.1,0.5,50.0,40.0,75.0,522,522,0,522,0.0,1.794051360981993,1.5,1.196034240654662,438,0.8390804597701149,1.0,1
"iteration_2","SCOPE_DATA_COLLECTION",400,52,3190.0,3250.0,0,2170,1914,522,2164,1991,493,2159,1903,524,2,3,0,9.254974548819991E-4,0.0015739769150052466,0.0,0.3505312049077447,0.9134156964430412,1.792758424523813,0.7010624098154894,0.9134156964430412,1.1951722830158753,0.1157943492357573,0.6684182869153967,0.8377862595419847,97.5,100.0,3738,794,74,5,0,0,0.001337613697164259,0.0,0.0,0.9,0.2,0.1,0.5,50.0,40.0,75.0,0.35000000000000003,0.1,0.7000000000000001,0.7000000000000001,35.0,45.0,70.0,2327,2325,2,2327,8.594757198109154E-4,0.3269299384717926,0.5,0.6538598769435852,178,0.07655913978494623,1.0,1
"iteration_2","SCOPE_DATA_COLLECTION",400,52,3190.0,3250.0,1,2170,1914,522,2164,1991,493,2159,1903,524,2,3,0,9.254974548819991E-4,0.0015739769150052466,0.0,0.3505312049077447,0.9134156964430412,1.792758424523813,0.7010624098154894,0.9134156964430412,1.1951722830158753,0.1157943492357573,0.6684182869153967,0.8377862595419847,97.5,100.0,3738,794,74,5,0,0,0.001337613697164259,0.0,0.0,0.9,0.2,0.1,0.5,50.0,40.0,75.0,0.35000000000000003,0.1,0.7000000000000001,0.7000000000000001,35.0,45.0,70.0,1967,1964,3,1967,0.001525165226232842,0.9120742383777417,1.0,0.9120742383777417,1302,0.6629327902240326,1.0,1
"iteration_2","SCOPE_DATA_COLLECTION",400,52,3190.0,3250.0,2,2170,1914,522,2164,1991,493,2159,1903,524,2,3,0,9.254974548819991E-4,0.0015739769150052466,0.0,0.3505312049077447,0.9134156964430412,1.792758424523813,0.7010624098154894,0.9134156964430412,1.1951722830158753,0.1157943492357573,0.6684182869153967,0.8377862595419847,97.5,100.0,3738,794,74,5,0,0,0.001337613697164259,0.0,0.0,0.9,0.2,0.1,0.5,50.0,40.0,75.0,0.35000000000000003,0.1,0.7000000000000001,0.7000000000000001,35.0,45.0,70.0,518,516,2,518,0.003861003861003861,1.7069569352876954,1.5,1.1379712901917969,404,0.7829457364341085,1.0,1
"iteration_2","SCOPE_DATA_COLLECTION",400,53,3250.0,3310.0,0,2327,1967,518,2170,1914,522,2331,1964,519,2,3,2,8.572653236176596E-4,0.001525165226232842,0.003838771593090211,0.3276935768778597,0.9120713557250064,1.7082403589508233,0.6553871537557194,0.9120713557250064,1.1388269059672156,0.07936507936507936,0.6634419551934827,0.7842003853564548,100.0,100.0,3786,348,678,6,1,0,0.001584786053882726,0.0028735632183908046,0.0,0.35000000000000003,0.1,0.7000000000000001,0.7000000000000001,35.0,45.0,70.0,0.45,0.1,0.8,0.7000000000000001,45.0,55.0,80.0,2148,2145,3,2148,0.0013966480446927375,0.32355347464474493,0.5,0.6471069492894899,153,0.07132867132867132,1.0,1
"iteration_2","SCOPE_DATA_COLLECTION",400,53,3250.0,3310.0,1,2327,1967,518,2170,1914,522,2331,1964,519,2,3,2,8.572653236176596E-4,0.001525165226232842,0.003838771593090211,0.3276935768778597,0.9120713557250064,1.7082403589508233,0.6553871537557194,0.9120713557250064,1.1388269059672156,0.07936507936507936,0.6634419551934827,0.7842003853564548,100.0,100.0,3786,348,678,6,1,0,0.001584786053882726,0.0028735632183908046,0.0,0.35000000000000003,0.1,0.7000000000000001,0.7000000000000001,35.0,45.0,70.0,0.45,0.1,0.8,0.7000000000000001,45.0,55.0,80.0,1897,1894,3,1897,0.0015814443858724301,0.9355197700811355,1.0,0.9355197700811355,1298,0.6853220696937699,1.0,1
"iteration_2","SCOPE_DATA_COLLECTION",400,53,3250.0,3310.0,2,2327,1967,518,2170,1914,522,2331,1964,519,2,3,2,8.572653236176596E-4,0.001525165226232842,0.003838771593090211,0.3276935768778597,0.9120713557250064,1.7082403589508233,0.6553871537557194,0.9120713557250064,1.1388269059672156,0.07936507936507936,0.6634419551934827,0.7842003853564548,100.0,100.0,3786,348,678,6,1,0,0.001584786053882726,0.0028735632183908046,0.0,0.35000000000000003,0.1,0.7000000000000001,0.7000000000000001,35.0,45.0,70.0,0.45,0.1,0.8,0.7000000000000001,45.0,55.0,80.0,529,525,4,529,0.007561436672967864,1.7326387419814315,1.5,1.1550924946542878,417,0.7942857142857143,1.0,1
"iteration_2","SCOPE_DATA_COLLECTION",400,54,3310.0,3370.0,0,2148,1897,529,2327,1967,518,2145,1887,526,3,3,4,0.0013966480446927375,0.0015873015873015873,0.007547169811320755,0.3235591770737695,0.9340078494392591,1.7344040774931622,0.647118354147539,0.9340078494392591,1.1562693849954415,0.06993006993006994,0.6857445680975093,0.7946768060836502,100.0,100.0,3650,411,513,10,0,0,0.0027397260273972603,0.0,0.0,0.45,0.1,0.8,0.7000000000000001,45.0,55.0,80.0,0.9,0.4,0.2,0.2,85.0,40.0,55.0,2169,2166,3,2169,0.0013831258644536654,0.33366213307915044,0.5,0.6673242661583009,186,0.08587257617728532,1.0,1
"iteration_2","SCOPE_DATA_COLLECTION",400,54,3310.0,3370.0,1,2148,1897,529,2327,1967,518,2145,1887,526,3,3,4,0.0013966480446927375,0.0015873015873015873,0.007547169811320755,0.3235591770737695,0.9340078494392591,1.7344040774931622,0.647118354147539,0.9340078494392591,1.1562693849954415,0.06993006993006994,0.6857445680975093,0.7946768060836502,100.0,100.0,3650,411,513,10,0,0,0.0027397260273972603,0.0,0.0,0.45,0.1,0.8,0.7000000000000001,45.0,55.0,80.0,0.9,0.4,0.2,0.2,85.0,40.0,55.0,1928,1926,2,1928,0.001037344398340249,0.8877081138778601,1.0,0.8877081138778601,1220,0.6334371754932503,1.0,1
"iteration_2","SCOPE_DATA_COLLECTION",400,54,3310.0,3370.0,2,2148,1897,529,2327,1967,518,2145,1887,526,3,3,4,0.0013966480446927375,0.0015873015873015873,0.007547169811320755,0.3235591770737695,0.9340078494392591,1.7344040774931622,0.647118354147539,0.9340078494392591,1.1562693849954415,0.06993006993006994,0.6857445680975093,0.7946768060836502,100.0,100.0,3650,411,513,10,0,0,0.0027397260273972603,0.0,0.0,0.45,0.1,0.8,0.7000000000000001,45.0,55.0,80.0,0.9,0.4,0.2,0.2,85.0,40.0,55.0,532,530,2,532,0.0037593984962406013,1.7189589232317792,1.5,1.145972615487853,418,0.7886792452830189,1.0,1
"iteration_2","SCOPE_DATA_COLLECTION",400,55,3370.0,3430.0,0,2169,1928,532,2148,1897,529,2167,1939,532,3,2,2,0.0013824884792626728,0.0010303967027305513,0.003745318352059925,0.33376457786392955,0.8902046576660546,1.7196305543928785,0.6675291557278591,0.8902046576660546,1.1464203695952524,0.08721735117674204,0.6338318720990201,0.7894736842105263,92.5,100.0,3601,925,103,7,0,0,0.0019439044709802832,0.0,0.0,0.9,0.4,0.2,0.2,85.0,40.0,55.0,0.8,0.30000000000000004,0.30000000000000004,0.1,95.0,30.0,45.0,2337,2335,2,2337,8.557980316645272E-4,0.33828329248536265,0.5,0.6765665849707253,269,0.115203426124197,1.0,1
"iteration_2","SCOPE_DATA_COLLECTION",400,55,3370.0,3430.0,1,2169,1928,532,2148,1897,529,2167,1939,532,3,2,2,0.0013824884792626728,0.0010303967027305513,0.003745318352059925,0.33376457786392955,0.8902046576660546,1.7196305543928785,0.6675291557278591,0.8902046576660546,1.1464203695952524,0.08721735117674204,0.6338318720990201,0.7894736842105263,92.5,100.0,3601,925,103,7,0,0,0.0019439044709802832,0.0,0.0,0.9,0.4,0.2,0.2,85.0,40.0,55.0,0.8,0.30000000000000004,0.30000000000000004,0.1,95.0,30.0,45.0,1917,1916,1,1917,5.216484089723526E-4,0.8916666965614326,1.0,0.8916666965614326,1229,0.6414405010438413,1.0,1
"iteration_2","SCOPE_DATA_COLLECTION",400,55,3370.0,3430.0,2,2169,1928,532,2148,1897,529,2167,1939,532,3,2,2,0.0013824884792626728,0.0010303967027305513,0.003745318352059925,0.33376457786392955,0.8902046576660546,1.7196305543928785,0.6675291557278591,0.8902046576660546,1.1464203695952524,0.08721735117674204,0.6338318720990201,0.7894736842105263,92.5,100.0,3601,925,103,7,0,0,0.0019439044709802832,0.0,0.0,0.9,0.4,0.2,0.2,85.0,40.0,55.0,0.8,0.30000000000000004,0.30000000000000004,0.1,95.0,30.0,45.0,532,532,0,532,0.0,1.7013924499569437,1.5,1.1342616333046291,418,0.7857142857142857,1.0,1
"iteration_2","SCOPE_DATA_COLLECTION",400,56,3430.0,3490.0,0,2337,1917,532,2169,1928,532,2329,1906,524,2,1,0,8.58000858000858E-4,5.243838489774515E-4,0.0,0.33778198824256245,0.8881977767308301,1.6983861572154364,0.6755639764851249,0.8881977767308301,1.1322574381436243,0.11335337054529841,0.6395592864637986,0.7843511450381679,95.0,100.0,3715,860,211,3,0,0,8.075370121130552E-4,0.0,0.0,0.8,0.30000000000000004,0.30000000000000004,0.1,95.0,30.0,45.0,0.9,0.30000000000000004,0.2,0.1,95.0,30.0,55.0,2191,2191,0,2191,0.0,0.34236651411158864,0.5,0.6847330282231773,271,0.12368781378366044,1.0,1
"iteration_2","SCOPE_DATA_COLLECTION",400,56,3430.0,3490.0,1,2337,1917,532,2169,1928,532,2329,1906,524,2,1,0,8.58000858000858E-4,5.243838489774515E-4,0.0,0.33778198824256245,0.8881977767308301,1.6983861572154364,0.6755639764851249,0.8881977767308301,1.1322574381436243,0.11335337054529841,0.6395592864637986,0.7843511450381679,95.0,100.0,3715,860,211,3,0,0,8.075370121130552E-4,0.0,0.0,0.8,0.30000000000000004,0.30000000000000004,0.1,95.0,30.0,45.0,0.9,0.30000000000000004,0.2,0.1,95.0,30.0,55.0,1918,1916,2,1918,0.0010427528675703858,0.9198422717117783,1.0,0.9198422717117783,1278,0.6670146137787056,1.0,1
"iteration_2","SCOPE_DATA_COLLECTION",400,56,3430.0,3490.0,2,2337,1917,532,2169,1928,532,2329,1906,524,2,1,0,8.58000858000858E-4,5.243838489774515E-4,0.0,0.33778198824256245,0.8881977767308301,1.6983861572154364,0.6755639764851249,0.8881977767308301,1.1322574381436243,0.11335337054529841,0.6395592864637986,0.7843511450381679,95.0,100.0,3715,860,211,3,0,0,8.075370121130552E-4,0.0,0.0,0.8,0.30000000000000004,0.30000000000000004,0.1,95.0,30.0,45.0,0.9,0.30000000000000004,0.2,0.1,95.0,30.0,55.0,535,534,1,535,0.001869158878504673,1.7401778596706519,1.5,1.160118573113768,429,0.8033707865168539,1.0,1
"iteration_2","SCOPE_DATA_COLLECTION",400,57,3490.0,3550.0,0,2191,1918,535,2337,1917,532,2197,1927,531,0,2,1,0.0,0.0010368066355624676,0.0018796992481203006,0.3425188210040846,0.9241163008731901,1.7395039331326352,0.6850376420081692,0.9241163008731901,1.1596692887550901,0.12380518889394629,0.6699532952776336,0.8022598870056498,97.5,100.0,3674,865,105,2,1,0,5.443658138268917E-4,0.0011560693641618498,0.0,0.9,0.30000000000000004,0.2,0.1,95.0,30.0,55.0,0.1,0.4,0.1,0.4,75.0,65.0,50.0,2226,2224,2,2226,8.984725965858042E-4,0.3326570767544462,0.5,0.6653141535088924,186,0.08363309352517985,1.0,1
"iteration_2","SCOPE_DATA_COLLECTION",400,57,3490.0,3550.0,1,2191,1918,535,2337,1917,532,2197,1927,531,0,2,1,0.0,0.0010368066355624676,0.0018796992481203006,0.3425188210040846,0.9241163008731901,1.7395039331326352,0.6850376420081692,0.9241163008731901,1.1596692887550901,0.12380518889394629,0.6699532952776336,0.8022598870056498,97.5,100.0,3674,865,105,2,1,0,5.443658138268917E-4,0.0011560693641618498,0.0,0.9,0.30000000000000004,0.2,0.1,95.0,30.0,55.0,0.1,0.4,0.1,0.4,75.0,65.0,50.0,1898,1896,2,1898,0.001053740779768177,0.892290188149916,1.0,0.892290188149916,1262,0.6656118143459916,1.0,1
"iteration_2","SCOPE_DATA_COLLECTION",400,57,3490.0,3550.0,2,2191,1918,535,2337,1917,532,2197,1927,531,0,2,1,0.0,0.0010368066355624676,0.0018796992481203006,0.3425188210040846,0.9241163008731901,1.7395039331326352,0.6850376420081692,0.9241163008731901,1.1596692887550901,0.12380518889394629,0.6699532952776336,0.8022598870056498,97.5,100.0,3674,865,105,2,1,0,5.443658138268917E-4,0.0011560693641618498,0.0,0.9,0.30000000000000004,0.2,0.1,95.0,30.0,55.0,0.1,0.4,0.1,0.4,75.0,65.0,50.0,488,487,1,488,0.0020491803278688526,1.7742806320673805,1.5,1.182853754711587,404,0.8295687885010267,1.0,1
"iteration_2","SCOPE_DATA_COLLECTION",400,58,3550.0,3617.3575015767233,0,2226,1898,488,2191,1918,535,2215,1894,486,2,2,1,9.021199819576004E-4,0.0010548523206751054,0.002053388090349076,0.3319309249351526,0.8904563370494527,1.778562883895613,0.6638618498703052,0.8904563370494527,1.185708589263742,0.08126410835214447,0.6642027455121436,0.831275720164609,95.0,100.0,3691,85,836,5,0,0,0.00135464643727987,0.0,0.0,0.1,0.4,0.1,0.4,75.0,65.0,50.0,0.1,0.4,0.1,0.4,75.0,65.0,50.0,1805,1787,1,1788,5.592841163310962E-4,0.3488315987252897,0.5,0.6976631974505794,178,0.09960828203693341,0.9905817174515236,0
"iteration_2","SCOPE_DATA_COLLECTION",400,58,3550.0,3617.3575015767233,1,2226,1898,488,2191,1918,535,2215,1894,486,2,2,1,9.021199819576004E-4,0.0010548523206751054,0.002053388090349076,0.3319309249351526,0.8904563370494527,1.778562883895613,0.6638618498703052,0.8904563370494527,1.185708589263742,0.08126410835214447,0.6642027455121436,0.831275720164609,95.0,100.0,3691,85,836,5,0,0,0.00135464643727987,0.0,0.0,0.1,0.4,0.1,0.4,75.0,65.0,50.0,0.1,0.4,0.1,0.4,75.0,65.0,50.0,1605,1573,1,1574,6.353240152477764E-4,0.927517249520777,1.0,0.927517249520777,1088,0.6916719643992372,0.9806853582554517,0
"iteration_2","SCOPE_DATA_COLLECTION",400,58,3550.0,3617.3575015767233,2,2226,1898,488,2191,1918,535,2215,1894,486,2,2,1,9.021199819576004E-4,0.0010548523206751054,0.002053388090349076,0.3319309249351526,0.8904563370494527,1.778562883895613,0.6638618498703052,0.8904563370494527,1.185708589263742,0.08126410835214447,0.6642027455121436,0.831275720164609,95.0,100.0,3691,85,836,5,0,0,0.00135464643727987,0.0,0.0,0.1,0.4,0.1,0.4,75.0,65.0,50.0,0.1,0.4,0.1,0.4,75.0,65.0,50.0,411,397,0,397,0.0,1.712387005849661,1.5,1.1415913372331075,316,0.7959697732997482,0.9659367396593674,0
"iteration_2","SCOPE_DATA_COLLECTION",500,0,70.0,130.0,0,2588,2127,575,0,0,0,2569,2098,556,1,2,1,3.891050583657588E-4,9.523809523809524E-4,0.0017953321364452424,0.3253485821867143,0.8498217271365142,1.5535946732118961,0.6506971643734286,0.8498217271365142,1.035729782141264,0.1401323472168159,0.5924690181124881,0.685251798561151,100.0,100.0,3718,942,630,4,0,0,0.0010758472296933835,0.0,0.0,0.6,0.5,0.7,0.4,85.0,80.0,90.0,0.6,0.5,0.7,0.4,85.0,80.0,90.0,2906,2902,4,2906,0.0013764624913971094,0.3159248553697586,0.5,0.6318497107395172,411,0.1416264645072364,1.0,1
"iteration_2","SCOPE_DATA_COLLECTION",500,0,70.0,130.0,1,2588,2127,575,0,0,0,2569,2098,556,1,2,1,3.891050583657588E-4,9.523809523809524E-4,0.0017953321364452424,0.3253485821867143,0.8498217271365142,1.5535946732118961,0.6506971643734286,0.8498217271365142,1.035729782141264,0.1401323472168159,0.5924690181124881,0.685251798561151,100.0,100.0,3718,942,630,4,0,0,0.0010758472296933835,0.0,0.0,0.6,0.5,0.7,0.4,85.0,80.0,90.0,0.6,0.5,0.7,0.4,85.0,80.0,90.0,2295,2294,1,2295,4.3572984749455336E-4,0.8351098581592561,1.0,0.8351098581592561,1341,0.5845684394071491,1.0,1
"iteration_2","SCOPE_DATA_COLLECTION",500,0,70.0,130.0,2,2588,2127,575,0,0,0,2569,2098,556,1,2,1,3.891050583657588E-4,9.523809523809524E-4,0.0017953321364452424,0.3253485821867143,0.8498217271365142,1.5535946732118961,0.6506971643734286,0.8498217271365142,1.035729782141264,0.1401323472168159,0.5924690181124881,0.685251798561151,100.0,100.0,3718,942,630,4,0,0,0.0010758472296933835,0.0,0.0,0.6,0.5,0.7,0.4,85.0,80.0,90.0,0.6,0.5,0.7,0.4,85.0,80.0,90.0,643,641,2,643,0.003110419906687403,1.5147555234060304,1.5,1.0098370156040202,426,0.6645865834633385,1.0,1
"iteration_2","SCOPE_DATA_COLLECTION",500,1,130.0,190.0,0,2906,2295,643,2588,2127,575,2901,2291,644,4,1,2,0.001376936316695353,4.363001745200698E-4,0.0030959752321981426,0.31613402001729857,0.8340872824265063,1.517249737633637,0.6322680400345971,0.8340872824265063,1.0114998250890912,0.14305411926921752,0.5840244434744652,0.6661490683229814,97.5,100.0,3978,1129,737,7,0,0,0.0017596782302664656,0.0,0.0,0.6,0.5,0.7,0.4,85.0,80.0,90.0,0.7000000000000001,0.6000000000000001,0.7000000000000001,0.5,75.0,70.0,90.0,2918,2915,3,2918,0.001028101439342015,0.32567015914734915,0.5,0.6513403182946983,436,0.14957118353344767,1.0,1
"iteration_2","SCOPE_DATA_COLLECTION",500,1,130.0,190.0,1,2906,2295,643,2588,2127,575,2901,2291,644,4,1,2,0.001376936316695353,4.363001745200698E-4,0.0030959752321981426,0.31613402001729857,0.8340872824265063,1.517249737633637,0.6322680400345971,0.8340872824265063,1.0114998250890912,0.14305411926921752,0.5840244434744652,0.6661490683229814,97.5,100.0,3978,1129,737,7,0,0,0.0017596782302664656,0.0,0.0,0.6,0.5,0.7,0.4,85.0,80.0,90.0,0.7000000000000001,0.6000000000000001,0.7000000000000001,0.5,75.0,70.0,90.0,2245,2244,1,2245,4.4543429844097997E-4,0.8532244553391044,1.0,0.8532244553391044,1319,0.5877896613190731,1.0,1
"iteration_2","SCOPE_DATA_COLLECTION",500,1,130.0,190.0,2,2906,2295,643,2588,2127,575,2901,2291,644,4,1,2,0.001376936316695353,4.363001745200698E-4,0.0030959752321981426,0.31613402001729857,0.8340872824265063,1.517249737633637,0.6322680400345971,0.8340872824265063,1.0114998250890912,0.14305411926921752,0.5840244434744652,0.6661490683229814,97.5,100.0,3978,1129,737,7,0,0,0.0017596782302664656,0.0,0.0,0.6,0.5,0.7,0.4,85.0,80.0,90.0,0.7000000000000001,0.6000000000000001,0.7000000000000001,0.5,75.0,70.0,90.0,634,633,1,634,0.0015772870662460567,1.513578216397931,1.5,1.0090521442652873,419,0.6619273301737757,1.0,1
"iteration_2","SCOPE_DATA_COLLECTION",500,2,190.0,250.0,0,2918,2245,634,2906,2295,643,2923,2238,632,3,1,1,0.0010252904989747095,4.4662795891022776E-4,0.001579778830963665,0.32532209103401794,0.8531844592292129,1.5094169471933234,0.6506441820680359,0.8531844592292129,1.0062779647955489,0.1477933629832364,0.5889186773905273,0.6598101265822784,95.0,100.0,4019,1257,521,4,1,0,9.952724558347848E-4,7.955449482895784E-4,0.0,0.7000000000000001,0.6000000000000001,0.7000000000000001,0.5,75.0,70.0,90.0,0.7000000000000001,0.7000000000000001,0.8,0.5,85.0,60.0,80.0,2898,2895,3,2898,0.0010351966873706005,0.32860431401453033,0.5,0.6572086280290607,502,0.17340241796200345,1.0,1
"iteration_2","SCOPE_DATA_COLLECTION",500,2,190.0,250.0,1,2918,2245,634,2906,2295,643,2923,2238,632,3,1,1,0.0010252904989747095,4.4662795891022776E-4,0.001579778830963665,0.32532209103401794,0.8531844592292129,1.5094169471933234,0.6506441820680359,0.8531844592292129,1.0062779647955489,0.1477933629832364,0.5889186773905273,0.6598101265822784,95.0,100.0,4019,1257,521,4,1,0,9.952724558347848E-4,7.955449482895784E-4,0.0,0.7000000000000001,0.6000000000000001,0.7000000000000001,0.5,75.0,70.0,90.0,0.7000000000000001,0.7000000000000001,0.8,0.5,85.0,60.0,80.0,2322,2318,4,2322,0.0017226528854435831,0.8215899738687654,1.0,0.8215899738687654,1318,0.5685936151855048,1.0,1
"iteration_2","SCOPE_DATA_COLLECTION",500,2,190.0,250.0,2,2918,2245,634,2906,2295,643,2923,2238,632,3,1,1,0.0010252904989747095,4.4662795891022776E-4,0.001579778830963665,0.32532209103401794,0.8531844592292129,1.5094169471933234,0.6506441820680359,0.8531844592292129,1.0062779647955489,0.1477933629832364,0.5889186773905273,0.6598101265822784,95.0,100.0,4019,1257,521,4,1,0,9.952724558347848E-4,7.955449482895784E-4,0.0,0.7000000000000001,0.6000000000000001,0.7000000000000001,0.5,75.0,70.0,90.0,0.7000000000000001,0.7000000000000001,0.8,0.5,85.0,60.0,80.0,647,642,5,647,0.0077279752704791345,1.5777720748226998,1.5,1.0518480498818,445,0.6931464174454829,1.0,1
"iteration_2","SCOPE_DATA_COLLECTION",500,3,250.0,310.0,0,2898,2322,647,2918,2245,634,2898,2324,643,3,4,5,0.001034126163391934,0.001718213058419244,0.007716049382716049,0.328746212602483,0.8207344042222686,1.5710763236440282,0.657492425204966,0.8207344042222686,1.0473842157626854,0.173567977915804,0.5666953528399311,0.6905132192846034,95.0,100.0,3972,1327,568,11,1,0,0.0027693856998992953,7.535795026375283E-4,0.0,0.7000000000000001,0.7000000000000001,0.8,0.5,85.0,60.0,80.0,0.5,0.2,0.9,0.7000000000000001,20.0,50.0,50.0,2889,2886,3,2889,0.0010384215991692627,0.31846780371549865,0.5,0.6369356074309973,383,0.1327096327096327,1.0,1
"iteration_2","SCOPE_DATA_COLLECTION",500,3,250.0,310.0,1,2898,2322,647,2918,2245,634,2898,2324,643,3,4,5,0.001034126163391934,0.001718213058419244,0.007716049382716049,0.328746212602483,0.8207344042222686,1.5710763236440282,0.657492425204966,0.8207344042222686,1.0473842157626854,0.173567977915804,0.5666953528399311,0.6905132192846034,95.0,100.0,3972,1327,568,11,1,0,0.0027693856998992953,7.535795026375283E-4,0.0,0.7000000000000001,0.7000000000000001,0.8,0.5,85.0,60.0,80.0,0.5,0.2,0.9,0.7000000000000001,20.0,50.0,50.0,2292,2287,5,2292,0.002181500872600349,0.8357695151381832,1.0,0.8357695151381832,1339,0.5854831657192829,1.0,1
"iteration_2","SCOPE_DATA_COLLECTION",500,3,250.0,310.0,2,2898,2322,647,2918,2245,634,2898,2324,643,3,4,5,0.001034126163391934,0.001718213058419244,0.007716049382716049,0.328746212602483,0.8207344042222686,1.5710763236440282,0.657492425204966,0.8207344042222686,1.0473842157626854,0.173567977915804,0.5666953528399311,0.6905132192846034,95.0,100.0,3972,1327,568,11,1,0,0.0027693856998992953,7.535795026375283E-4,0.0,0.7000000000000001,0.7000000000000001,0.8,0.5,85.0,60.0,80.0,0.5,0.2,0.9,0.7000000000000001,20.0,50.0,50.0,661,658,3,661,0.0045385779122541605,1.5590084412284835,1.5,1.039338960818989,451,0.6854103343465046,1.0,1
"iteration_2","SCOPE_DATA_COLLECTION",500,4,310.0,370.0,0,2889,2292,661,2898,2322,647,2880,2287,657,3,5,3,0.001040582726326743,0.002181500872600349,0.004545454545454545,0.3183327312012706,0.8357266306336697,1.5654607628808839,0.6366654624025412,0.8357266306336697,1.043640508587256,0.13333333333333333,0.5854831657192829,0.6879756468797564,97.5,100.0,4008,928,906,11,0,0,0.0027445109780439123,0.0,0.0,0.5,0.2,0.9,0.7000000000000001,20.0,50.0,50.0,0.5,0.2,0.8,0.7000000000000001,20.0,60.0,40.0,2961,2955,6,2961,0.002026342451874367,0.3151600748125444,0.5,0.6303201496250888,422,0.1428087986463621,1.0,1
"iteration_2","SCOPE_DATA_COLLECTION",500,4,310.0,370.0,1,2889,2292,661,2898,2322,647,2880,2287,657,3,5,3,0.001040582726326743,0.002181500872600349,0.004545454545454545,0.3183327312012706,0.8357266306336697,1.5654607628808839,0.6366654624025412,0.8357266306336697,1.043640508587256,0.13333333333333333,0.5854831657192829,0.6879756468797564,97.5,100.0,4008,928,906,11,0,0,0.0027445109780439123,0.0,0.0,0.5,0.2,0.9,0.7000000000000001,20.0,50.0,50.0,0.5,0.2,0.8,0.7000000000000001,20.0,60.0,40.0,2348,2341,7,2348,0.002981260647359455,0.8468500365440392,1.0,0.8468500365440392,1389,0.5933361811191799,1.0,1
"iteration_2","SCOPE_DATA_COLLECTION",500,4,310.0,370.0,2,2889,2292,661,2898,2322,647,2880,2287,657,3,5,3,0.001040582726326743,0.002181500872600349,0.004545454545454545,0.3183327312012706,0.8357266306336697,1.5654607628808839,0.6366654624025412,0.8357266306336697,1.043640508587256,0.13333333333333333,0.5854831657192829,0.6879756468797564,97.5,100.0,4008,928,906,11,0,0,0.0027445109780439123,0.0,0.0,0.5,0.2,0.9,0.7000000000000001,20.0,50.0,50.0,0.5,0.2,0.8,0.7000000000000001,20.0,60.0,40.0,649,645,4,649,0.0061633281972265025,1.5701509433815484,1.5,1.046767295587699,447,0.6930232558139535,1.0,1
"iteration_2","SCOPE_DATA_COLLECTION",500,5,370.0,430.0,0,2961,2348,649,2889,2292,661,2951,2325,646,6,7,4,0.002029083530605343,0.003001715265866209,0.006153846153846154,0.31463386519532827,0.8424662715719347,1.5674037429432066,0.6292677303906565,0.8424662715719347,1.0449358286288044,0.14096916299559473,0.5909677419354838,0.6919504643962848,100.0,100.0,4064,947,947,13,4,0,0.0031988188976377952,0.004223864836325237,0.0,0.5,0.2,0.8,0.7000000000000001,20.0,60.0,40.0,0.5,0.2,0.8,0.7000000000000001,20.0,60.0,40.0,2864,2863,1,2864,3.4916201117318437E-4,0.3258420203821555,0.5,0.651684040764311,400,0.13971358714635,1.0,1
"iteration_2","SCOPE_DATA_COLLECTION",500,5,370.0,430.0,1,2961,2348,649,2889,2292,661,2951,2325,646,6,7,4,0.002029083530605343,0.003001715265866209,0.006153846153846154,0.31463386519532827,0.8424662715719347,1.5674037429432066,0.6292677303906565,0.8424662715719347,1.0449358286288044,0.14096916299559473,0.5909677419354838,0.6919504643962848,100.0,100.0,4064,947,947,13,4,0,0.0031988188976377952,0.004223864836325237,0.0,0.5,0.2,0.8,0.7000000000000001,20.0,60.0,40.0,0.5,0.2,0.8,0.7000000000000001,20.0,60.0,40.0,2370,2368,2,2370,8.438818565400844E-4,0.825154688927787,1.0,0.825154688927787,1364,0.5760135135135135,1.0,1
"iteration_2","SCOPE_DATA_COLLECTION",500,5,370.0,430.0,2,2961,2348,649,2889,2292,661,2951,2325,646,6,7,4,0.002029083530605343,0.003001715265866209,0.006153846153846154,0.31463386519532827,0.8424662715719347,1.5674037429432066,0.6292677303906565,0.8424662715719347,1.0449358286288044,0.14096916299559473,0.5909677419354838,0.6919504643962848,100.0,100.0,4064,947,947,13,4,0,0.0031988188976377952,0.004223864836325237,0.0,0.5,0.2,0.8,0.7000000000000001,20.0,60.0,40.0,0.5,0.2,0.8,0.7000000000000001,20.0,60.0,40.0,651,648,3,651,0.004608294930875576,1.5467702810182022,1.5,1.0311801873454682,445,0.6867283950617284,1.0,1
"iteration_2","SCOPE_DATA_COLLECTION",500,6,430.0,490.0,0,2864,2370,651,2961,2348,649,2861,2382,647,1,2,3,3.4940600978336826E-4,8.389261744966443E-4,0.004615384615384616,0.32583888415162565,0.828767800127924,1.5417193373614708,0.6516777683032513,0.828767800127924,1.0278128915743139,0.1398112548060119,0.5780856423173804,0.6846986089644513,97.5,100.0,4063,895,927,6,0,0,0.0014767413241447206,0.0,0.0,0.5,0.2,0.8,0.7000000000000001,20.0,60.0,40.0,0.4,0.1,0.8,0.8,20.0,50.0,40.0,2883,2881,2,2883,6.93721817551162E-4,0.3163258300266205,0.5,0.632651660053241,346,0.12009718847622354,1.0,1
"iteration_2","SCOPE_DATA_COLLECTION",500,6,430.0,490.0,1,2864,2370,651,2961,2348,649,2861,2382,647,1,2,3,3.4940600978336826E-4,8.389261744966443E-4,0.004615384615384616,0.32583888415162565,0.828767800127924,1.5417193373614708,0.6516777683032513,0.828767800127924,1.0278128915743139,0.1398112548060119,0.5780856423173804,0.6846986089644513,97.5,100.0,4063,895,927,6,0,0,0.0014767413241447206,0.0,0.0,0.5,0.2,0.8,0.7000000000000001,20.0,60.0,40.0,0.4,0.1,0.8,0.8,20.0,50.0,40.0,2288,2285,3,2288,0.0013111888111888112,0.8532435616377444,1.0,0.8532435616377444,1366,0.5978118161925602,1.0,1
"iteration_2","SCOPE_DATA_COLLECTION",500,6,430.0,490.0,2,2864,2370,651,2961,2348,649,2861,2382,647,1,2,3,3.4940600978336826E-4,8.389261744966443E-4,0.004615384615384616,0.32583888415162565,0.828767800127924,1.5417193373614708,0.6516777683032513,0.828767800127924,1.0278128915743139,0.1398112548060119,0.5780856423173804,0.6846986089644513,97.5,100.0,4063,895,927,6,0,0,0.0014767413241447206,0.0,0.0,0.5,0.2,0.8,0.7000000000000001,20.0,60.0,40.0,0.4,0.1,0.8,0.8,20.0,50.0,40.0,683,681,2,683,0.0029282576866764276,1.5254062839495564,1.5,1.0169375226330375,457,0.671071953010279,1.0,1
"iteration_2","SCOPE_DATA_COLLECTION",500,7,490.0,550.0,0,2883,2288,683,2864,2370,651,2883,2280,687,2,3,2,6.932409012131716E-4,0.001314060446780552,0.002902757619738752,0.31680719670609503,0.853322447999364,1.5326948667128457,0.6336143934121901,0.853322447999364,1.0217965778085638,0.12174817898022892,0.5978070175438597,0.6739446870451238,100.0,100.0,4073,663,1118,7,0,0,0.001718634912840658,0.0,0.0,0.4,0.1,0.8,0.8,20.0,50.0,40.0,0.30000000000000004,0.1,0.8,0.9,30.0,60.0,40.0,2957,2956,1,2957,3.3818058843422386E-4,0.31154573710953354,0.5,0.6230914742190671,346,0.11705006765899864,1.0,1
"iteration_2","SCOPE_DATA_COLLECTION",500,7,490.0,550.0,1,2883,2288,683,2864,2370,651,2883,2280,687,2,3,2,6.932409012131716E-4,0.001314060446780552,0.002902757619738752,0.31680719670609503,0.853322447999364,1.5326948667128457,0.6336143934121901,0.853322447999364,1.0217965778085638,0.12174817898022892,0.5978070175438597,0.6739446870451238,100.0,100.0,4073,663,1118,7,0,0,0.001718634912840658,0.0,0.0,0.4,0.1,0.8,0.8,20.0,50.0,40.0,0.30000000000000004,0.1,0.8,0.9,30.0,60.0,40.0,2343,2341,2,2343,8.536064874093043E-4,0.8263724338534834,1.0,0.8263724338534834,1330,0.5681332763776165,1.0,1
"iteration_2","SCOPE_DATA_COLLECTION",500,7,490.0,550.0,2,2883,2288,683,2864,2370,651,2883,2280,687,2,3,2,6.932409012131716E-4,0.001314060446780552,0.002902757619738752,0.31680719670609503,0.853322447999364,1.5326948667128457,0.6336143934121901,0.853322447999364,1.0217965778085638,0.12174817898022892,0.5978070175438597,0.6739446870451238,100.0,100.0,4073,663,1118,7,0,0,0.001718634912840658,0.0,0.0,0.4,0.1,0.8,0.8,20.0,50.0,40.0,0.30000000000000004,0.1,0.8,0.9,30.0,60.0,40.0,670,667,3,670,0.004477611940298508,1.543948941602354,1.5,1.0292992944015693,456,0.6836581709145427,1.0,1
"iteration_2","SCOPE_DATA_COLLECTION",500,8,550.0,610.0,0,2957,2343,670,2883,2288,683,2950,2354,659,1,2,3,3.3886818027787193E-4,8.488964346349745E-4,0.004531722054380665,0.31132354131010753,0.8287268050884979,1.5411025421060756,0.6226470826202151,0.8287268050884979,1.0274016947373836,0.11661016949152542,0.5700934579439252,0.6828528072837633,90.0,100.0,4064,575,1331,5,1,0,0.0012303149606299212,0.0017391304347826088,0.0,0.30000000000000004,0.1,0.8,0.9,30.0,60.0,40.0,0.2,0.1,0.9,0.9,30.0,70.0,50.0,2834,2831,3,2834,0.001058574453069866,0.3054717037602128,0.5,0.6109434075204256,241,0.08512892970681737,1.0,1
"iteration_2","SCOPE_DATA_COLLECTION",500,8,550.0,610.0,1,2957,2343,670,2883,2288,683,2950,2354,659,1,2,3,3.3886818027787193E-4,8.488964346349745E-4,0.004531722054380665,0.31132354131010753,0.8287268050884979,1.5411025421060756,0.6226470826202151,0.8287268050884979,1.0274016947373836,0.11661016949152542,0.5700934579439252,0.6828528072837633,90.0,100.0,4064,575,1331,5,1,0,0.0012303149606299212,0.0017391304347826088,0.0,0.30000000000000004,0.1,0.8,0.9,30.0,60.0,40.0,0.2,0.1,0.9,0.9,30.0,70.0,50.0,2277,2272,5,2277,0.0021958717610891525,0.8466242549401822,1.0,0.8466242549401822,1341,0.5902288732394366,1.0,1
"iteration_2","SCOPE_DATA_COLLECTION",500,8,550.0,610.0,2,2957,2343,670,2883,2288,683,2950,2354,659,1,2,3,3.3886818027787193E-4,8.488964346349745E-4,0.004531722054380665,0.31132354131010753,0.8287268050884979,1.5411025421060756,0.6226470826202151,0.8287268050884979,1.0274016947373836,0.11661016949152542,0.5700934579439252,0.6828528072837633,90.0,100.0,4064,575,1331,5,1,0,0.0012303149606299212,0.0017391304347826088,0.0,0.30000000000000004,0.1,0.8,0.9,30.0,60.0,40.0,0.2,0.1,0.9,0.9,30.0,70.0,50.0,637,633,4,637,0.006279434850863423,1.6010570300122275,1.5,1.067371353341485,454,0.717219589257504,1.0,1
"iteration_2","SCOPE_DATA_COLLECTION",500,9,610.0,670.0,0,2834,2277,637,2957,2343,670,2833,2266,631,3,5,4,0.0010578279266572638,0.002201673271686482,0.006299212598425197,0.3048677331303781,0.8445322195404142,1.6065311001276368,0.6097354662607563,0.8445322195404142,1.0710207334184245,0.08295093540416519,0.587378640776699,0.7194928684627575,95.0,100.0,4022,335,1391,12,0,0,0.0029835902536051715,0.0,0.0,0.2,0.1,0.9,0.9,30.0,70.0,50.0,0.2,0.1,0.9,0.9,30.0,70.0,50.0,2886,2884,2,2886,6.93000693000693E-4,0.30943266942916464,0.5,0.6188653388583293,292,0.10124826629680998,1.0,1
"iteration_2","SCOPE_DATA_COLLECTION",500,9,610.0,670.0,1,2834,2277,637,2957,2343,670,2833,2266,631,3,5,4,0.0010578279266572638,0.002201673271686482,0.006299212598425197,0.3048677331303781,0.8445322195404142,1.6065311001276368,0.6097354662607563,0.8445322195404142,1.0710207334184245,0.08295093540416519,0.587378640776699,0.7194928684627575,95.0,100.0,4022,335,1391,12,0,0,0.0029835902536051715,0.0,0.0,0.2,0.1,0.9,0.9,30.0,70.0,50.0,0.2,0.1,0.9,0.9,30.0,70.0,50.0,2320,2318,2,2320,8.620689655172414E-4,0.8376742054259698,1.0,0.8376742054259698,1357,0.58541846419327,1.0,1
"iteration_2","SCOPE_DATA_COLLECTION",500,9,610.0,670.0,2,2834,2277,637,2957,2343,670,2833,2266,631,3,5,4,0.0010578279266572638,0.002201673271686482,0.006299212598425197,0.3048677331303781,0.8445322195404142,1.6065311001276368,0.6097354662607563,0.8445322195404142,1.0710207334184245,0.08295093540416519,0.587378640776699,0.7194928684627575,95.0,100.0,4022,335,1391,12,0,0,0.0029835902536051715,0.0,0.0,0.2,0.1,0.9,0.9,30.0,70.0,50.0,0.2,0.1,0.9,0.9,30.0,70.0,50.0,656,651,5,656,0.007621951219512195,1.5543815288601588,1.5,1.0362543525734391,450,0.6912442396313364,1.0,1
"iteration_2","SCOPE_DATA_COLLECTION",500,10,670.0,730.0,0,2886,2320,656,2834,2277,637,2891,2315,657,2,2,5,6.91323885240235E-4,8.631851532153647E-4,0.0075528700906344415,0.3102347777492435,0.8390994255066612,1.5487248549482344,0.620469555498487,0.8390994255066612,1.0324832366321564,0.10342442061570391,0.5874730021598272,0.6879756468797564,95.0,100.0,4057,349,1456,8,1,0,0.001971900419028839,0.0028653295128939827,0.0,0.2,0.1,0.9,0.9,30.0,70.0,50.0,0.2,0.2,0.2,0.5,40.0,70.0,20.0,2984,2982,2,2984,6.702412868632708E-4,0.32860240786979605,0.5,0.6572048157395921,481,0.1613011401743796,1.0,1
"iteration_2","SCOPE_DATA_COLLECTION",500,10,670.0,730.0,1,2886,2320,656,2834,2277,637,2891,2315,657,2,2,5,6.91323885240235E-4,8.631851532153647E-4,0.0075528700906344415,0.3102347777492435,0.8390994255066612,1.5487248549482344,0.620469555498487,0.8390994255066612,1.0324832366321564,0.10342442061570391,0.5874730021598272,0.6879756468797564,95.0,100.0,4057,349,1456,8,1,0,0.001971900419028839,0.0028653295128939827,0.0,0.2,0.1,0.9,0.9,30.0,70.0,50.0,0.2,0.2,0.2,0.5,40.0,70.0,20.0,2275,2273,2,2275,8.791208791208791E-4,0.8231057757670465,1.0,0.8231057757670465,1330,0.5851297844258689,1.0,1
"iteration_2","SCOPE_DATA_COLLECTION",500,10,670.0,730.0,2,2886,2320,656,2834,2277,637,2891,2315,657,2,2,5,6.91323885240235E-4,8.631851532153647E-4,0.0075528700906344415,0.3102347777492435,0.8390994255066612,1.5487248549482344,0.620469555498487,0.8390994255066612,1.0324832366321564,0.10342442061570391,0.5874730021598272,0.6879756468797564,95.0,100.0,4057,349,1456,8,1,0,0.001971900419028839,0.0028653295128939827,0.0,0.2,0.1,0.9,0.9,30.0,70.0,50.0,0.2,0.2,0.2,0.5,40.0,70.0,20.0,661,658,3,661,0.0045385779122541605,1.5360260995647372,1.5,1.0240173997098247,452,0.6869300911854104,1.0,1
"iteration_2","SCOPE_DATA_COLLECTION",500,11,730.0,790.0,0,2984,2275,661,2886,2320,656,2981,2267,667,2,2,3,6.704659738518271E-4,8.814455707360071E-4,0.004477611940298508,0.32858603880954773,0.82236656115895,1.5434461964854067,0.6571720776190955,0.82236656115895,1.028964130990271,0.16135524991613553,0.5857962064402293,0.6911544227886057,97.5,100.0,4127,335,1458,7,0,0,0.001696147322510298,0.0,0.0,0.2,0.2,0.2,0.5,40.0,70.0,20.0,0.2,0.2,0.2,0.5,40.0,70.0,20.0,2905,2900,5,2905,0.0017211703958691911,0.32546780546850107,0.5,0.6509356109370021,432,0.1489655172413793,1.0,1
"iteration_2","SCOPE_DATA_COLLECTION",500,11,730.0,790.0,1,2984,2275,661,2886,2320,656,2981,2267,667,2,2,3,6.704659738518271E-4,8.814455707360071E-4,0.004477611940298508,0.32858603880954773,0.82236656115895,1.5434461964854067,0.6571720776190955,0.82236656115895,1.028964130990271,0.16135524991613553,0.5857962064402293,0.6911544227886057,97.5,100.0,4127,335,1458,7,0,0,0.001696147322510298,0.0,0.0,0.2,0.2,0.2,0.5,40.0,70.0,20.0,0.2,0.2,0.2,0.5,40.0,70.0,20.0,2330,2330,0,2330,0.0,0.8436011389968748,1.0,0.8436011389968748,1409,0.6047210300429184,1.0,1
"iteration_2","SCOPE_DATA_COLLECTION",500,11,730.0,790.0,2,2984,2275,661,2886,2320,656,2981,2267,667,2,2,3,6.704659738518271E-4,8.814455707360071E-4,0.004477611940298508,0.32858603880954773,0.82236656115895,1.5434461964854067,0.6571720776190955,0.82236656115895,1.028964130990271,0.16135524991613553,0.5857962064402293,0.6911544227886057,97.5,100.0,4127,335,1458,7,0,0,0.001696147322510298,0.0,0.0,0.2,0.2,0.2,0.5,40.0,70.0,20.0,0.2,0.2,0.2,0.5,40.0,70.0,20.0,610,607,3,610,0.004918032786885246,1.5276811930824932,1.5,1.0184541287216622,417,0.6869851729818781,1.0,1
"iteration_2","SCOPE_DATA_COLLECTION",500,12,790.0,850.0,0,2905,2330,610,2984,2275,661,2897,2330,605,5,0,3,0.0017229496898690559,0.0,0.004934210526315789,0.3243532505416834,0.8419713662383916,1.5267921982700012,0.6487065010833668,0.8419713662383916,1.0178614655133342,0.1463583016914049,0.6008583690987125,0.6859504132231405,87.5,100.0,4116,335,1394,7,1,0,0.0017006802721088435,0.0029850746268656717,0.0,0.2,0.2,0.2,0.5,40.0,70.0,20.0,0.2,0.30000000000000004,0.1,0.4,40.0,60.0,30.0,2930,2928,2,2930,6.825938566552901E-4,0.32138003210853355,0.5,0.6427600642170671,462,0.15778688524590165,1.0,1
"iteration_2","SCOPE_DATA_COLLECTION",500,12,790.0,850.0,1,2905,2330,610,2984,2275,661,2897,2330,605,5,0,3,0.0017229496898690559,0.0,0.004934210526315789,0.3243532505416834,0.8419713662383916,1.5267921982700012,0.6487065010833668,0.8419713662383916,1.0178614655133342,0.1463583016914049,0.6008583690987125,0.6859504132231405,87.5,100.0,4116,335,1394,7,1,0,0.0017006802721088435,0.0029850746268656717,0.0,0.2,0.2,0.2,0.5,40.0,70.0,20.0,0.2,0.30000000000000004,0.1,0.4,40.0,60.0,30.0,2321,2320,1,2321,4.3084877208099956E-4,0.8124594073258878,1.0,0.8124594073258878,1341,0.5780172413793103,1.0,1
"iteration_2","SCOPE_DATA_COLLECTION",500,12,790.0,850.0,2,2905,2330,610,2984,2275,661,2897,2330,605,5,0,3,0.0017229496898690559,0.0,0.004934210526315789,0.3243532505416834,0.8419713662383916,1.5267921982700012,0.6487065010833668,0.8419713662383916,1.0178614655133342,0.1463583016914049,0.6008583690987125,0.6859504132231405,87.5,100.0,4116,335,1394,7,1,0,0.0017006802721088435,0.0029850746268656717,0.0,0.2,0.2,0.2,0.5,40.0,70.0,20.0,0.2,0.30000000000000004,0.1,0.4,40.0,60.0,30.0,618,617,1,618,0.0016181229773462784,1.5997185326414225,1.5,1.0664790217609483,446,0.7228525121555915,1.0,1
"iteration_2","SCOPE_DATA_COLLECTION",500,13,850.0,910.0,0,2930,2321,618,2905,2330,610,2934,2336,611,2,1,1,6.811989100817438E-4,4.278990158322636E-4,0.0016339869281045752,0.3226562261764913,0.8154216588555514,1.593831593630913,0.6453124523529826,0.8154216588555514,1.062554395753942,0.16121336059986366,0.5813356164383562,0.7201309328968903,87.5,100.0,4066,352,1451,4,0,0,9.83767830791933E-4,0.0,0.0,0.2,0.30000000000000004,0.1,0.4,40.0,60.0,30.0,0.2,0.30000000000000004,0.2,0.30000000000000004,30.0,70.0,20.0,2811,2808,3,2811,0.0010672358591248667,0.3251656801808325,0.5,0.650331360361665,426,0.1517094017094017,1.0,1
"iteration_2","SCOPE_DATA_COLLECTION",500,13,850.0,910.0,1,2930,2321,618,2905,2330,610,2934,2336,611,2,1,1,6.811989100817438E-4,4.278990158322636E-4,0.0016339869281045752,0.3226562261764913,0.8154216588555514,1.593831593630913,0.6453124523529826,0.8154216588555514,1.062554395753942,0.16121336059986366,0.5813356164383562,0.7201309328968903,87.5,100.0,4066,352,1451,4,0,0,9.83767830791933E-4,0.0,0.0,0.2,0.30000000000000004,0.1,0.4,40.0,60.0,30.0,0.2,0.30000000000000004,0.2,0.30000000000000004,30.0,70.0,20.0,2280,2278,2,2280,8.771929824561404E-4,0.809727559252583,1.0,0.809727559252583,1295,0.5684811237928007,1.0,1
"iteration_2","SCOPE_DATA_COLLECTION",500,13,850.0,910.0,2,2930,2321,618,2905,2330,610,2934,2336,611,2,1,1,6.811989100817438E-4,4.278990158322636E-4,0.0016339869281045752,0.3226562261764913,0.8154216588555514,1.593831593630913,0.6453124523529826,0.8154216588555514,1.062554395753942,0.16121336059986366,0.5813356164383562,0.7201309328968903,87.5,100.0,4066,352,1451,4,0,0,9.83767830791933E-4,0.0,0.0,0.2,0.30000000000000004,0.1,0.4,40.0,60.0,30.0,0.2,0.30000000000000004,0.2,0.30000000000000004,30.0,70.0,20.0,670,668,2,670,0.0029850746268656717,1.5573085827840707,1.5,1.0382057218560472,464,0.6946107784431138,1.0,1
"iteration_2","SCOPE_DATA_COLLECTION",500,14,910.0,970.0,0,2811,2280,670,2930,2321,618,2806,2265,672,3,2,2,0.001067995728017088,8.82223202470225E-4,0.002967359050445104,0.32504255248913777,0.8072907933758788,1.5600168059365243,0.6500851049782755,0.8072907933758788,1.0400112039576828,0.15146115466856735,0.5664459161147903,0.6964285714285714,97.5,100.0,3945,372,1444,6,1,0,0.001520912547528517,0.002688172043010753,0.0,0.2,0.30000000000000004,0.2,0.30000000000000004,30.0,70.0,20.0,0.2,0.30000000000000004,0.1,0.2,30.0,70.0,20.0,2855,2853,2,2855,7.005253940455342E-4,0.3222544244434719,0.5,0.6445088488869438,412,0.1444093936207501,1.0,1
"iteration_2","SCOPE_DATA_COLLECTION",500,14,910.0,970.0,1,2811,2280,670,2930,2321,618,2806,2265,672,3,2,2,0.001067995728017088,8.82223202470225E-4,0.002967359050445104,0.32504255248913777,0.8072907933758788,1.5600168059365243,0.6500851049782755,0.8072907933758788,1.0400112039576828,0.15146115466856735,0.5664459161147903,0.6964285714285714,97.5,100.0,3945,372,1444,6,1,0,0.001520912547528517,0.002688172043010753,0.0,0.2,0.30000000000000004,0.2,0.30000000000000004,30.0,70.0,20.0,0.2,0.30000000000000004,0.1,0.2,30.0,70.0,20.0,2313,2312,1,2313,4.3233895373973193E-4,0.7892729153582305,1.0,0.7892729153582305,1279,0.5532006920415224,1.0,1
"iteration_2","SCOPE_DATA_COLLECTION",500,14,910.0,970.0,2,2811,2280,670,2930,2321,618,2806,2265,672,3,2,2,0.001067995728017088,8.82223202470225E-4,0.002967359050445104,0.32504255248913777,0.8072907933758788,1.5600168059365243,0.6500851049782755,0.8072907933758788,1.0400112039576828,0.15146115466856735,0.5664459161147903,0.6964285714285714,97.5,100.0,3945,372,1444,6,1,0,0.001520912547528517,0.002688172043010753,0.0,0.2,0.30000000000000004,0.2,0.30000000000000004,30.0,70.0,20.0,0.2,0.30000000000000004,0.1,0.2,30.0,70.0,20.0,691,690,1,691,0.001447178002894356,1.5959452946179704,1.5,1.0639635297453136,501,0.7260869565217392,1.0,1
"iteration_2","SCOPE_DATA_COLLECTION",500,15,970.0,1030.0,0,2855,2313,691,2811,2280,670,2856,2321,683,2,1,1,6.997900629811056E-4,4.306632213608958E-4,0.0014619883040935672,0.3220847554200493,0.7912715701219313,1.591320709661799,0.6441695108400985,0.7912715701219313,1.060880473107866,0.14320728291316526,0.5562257647565705,0.7232796486090776,92.5,100.0,3993,395,1471,4,0,0,0.0010017530678687703,0.0,0.0,0.2,0.30000000000000004,0.1,0.2,30.0,70.0,20.0,0.45,0.1,0.8,0.9,90.0,35.0,65.0,2885,2881,4,2885,0.0013864818024263432,0.3353028005853956,0.5,0.6706056011707912,473,0.16417910447761194,1.0,1
"iteration_2","SCOPE_DATA_COLLECTION",500,15,970.0,1030.0,1,2855,2313,691,2811,2280,670,2856,2321,683,2,1,1,6.997900629811056E-4,4.306632213608958E-4,0.0014619883040935672,0.3220847554200493,0.7912715701219313,1.591320709661799,0.6441695108400985,0.7912715701219313,1.060880473107866,0.14320728291316526,0.5562257647565705,0.7232796486090776,92.5,100.0,3993,395,1471,4,0,0,0.0010017530678687703,0.0,0.0,0.2,0.30000000000000004,0.1,0.2,30.0,70.0,20.0,0.45,0.1,0.8,0.9,90.0,35.0,65.0,2281,2279,2,2281,8.768084173608067E-4,0.8467262708048279,1.0,0.8467262708048279,1337,0.586660816147433,1.0,1
"iteration_2","SCOPE_DATA_COLLECTION",500,15,970.0,1030.0,2,2855,2313,691,2811,2280,670,2856,2321,683,2,1,1,6.997900629811056E-4,4.306632213608958E-4,0.0014619883040935672,0.3220847554200493,0.7912715701219313,1.591320709661799,0.6441695108400985,0.7912715701219313,1.060880473107866,0.14320728291316526,0.5562257647565705,0.7232796486090776,92.5,100.0,3993,395,1471,4,0,0,0.0010017530678687703,0.0,0.0,0.2,0.30000000000000004,0.1,0.2,30.0,70.0,20.0,0.45,0.1,0.8,0.9,90.0,35.0,65.0,666,658,8,666,0.012012012012012012,1.5933586239242392,1.5,1.0622390826161594,465,0.7066869300911854,1.0,1
"iteration_2","SCOPE_DATA_COLLECTION",500,16,1030.0,1090.0,0,2885,2281,666,2855,2313,691,2874,2275,658,4,2,8,0.001389854065323141,8.78348704435661E-4,0.012012012012012012,0.33566018259320657,0.8482580519604659,1.59354445328165,0.6713203651864131,0.8482580519604659,1.0623629688544334,0.1649269311064718,0.5863736263736263,0.7066869300911854,90.0,100.0,4146,793,893,14,0,0,0.003376748673420164,0.0,0.0,0.45,0.1,0.8,0.9,90.0,35.0,65.0,0.55,0.1,0.8,0.8,95.0,35.0,55.0,2904,2899,5,2904,0.001721763085399449,0.32062998278291605,0.5,0.6412599655658321,370,0.12763021731631596,1.0,1
"iteration_2","SCOPE_DATA_COLLECTION",500,16,1030.0,1090.0,1,2885,2281,666,2855,2313,691,2874,2275,658,4,2,8,0.001389854065323141,8.78348704435661E-4,0.012012012012012012,0.33566018259320657,0.8482580519604659,1.59354445328165,0.6713203651864131,0.8482580519604659,1.0623629688544334,0.1649269311064718,0.5863736263736263,0.7066869300911854,90.0,100.0,4146,793,893,14,0,0,0.003376748673420164,0.0,0.0,0.45,0.1,0.8,0.9,90.0,35.0,65.0,0.55,0.1,0.8,0.8,95.0,35.0,55.0,2360,2355,5,2360,0.00211864406779661,0.8373995972798868,1.0,0.8373995972798868,1385,0.5881104033970276,1.0,1
"iteration_2","SCOPE_DATA_COLLECTION",500,16,1030.0,1090.0,2,2885,2281,666,2855,2313,691,2874,2275,658,4,2,8,0.001389854065323141,8.78348704435661E-4,0.012012012012012012,0.33566018259320657,0.8482580519604659,1.59354445328165,0.6713203651864131,0.8482580519604659,1.0623629688544334,0.1649269311064718,0.5863736263736263,0.7066869300911854,90.0,100.0,4146,793,893,14,0,0,0.003376748673420164,0.0,0.0,0.45,0.1,0.8,0.9,90.0,35.0,65.0,0.55,0.1,0.8,0.8,95.0,35.0,55.0,674,672,2,674,0.002967359050445104,1.5455473133495181,1.5,1.0303648755663455,459,0.6830357142857143,1.0,1
"iteration_2","SCOPE_DATA_COLLECTION",500,17,1090.0,1150.0,0,2904,2360,674,2885,2281,666,2903,2349,672,5,5,2,0.0017193947730398899,0.0021240441801189465,0.002967359050445104,0.3202302728097829,0.834820004791677,1.5455213983420617,0.6404605456195658,0.834820004791677,1.0303475988947077,0.1260764726145367,0.5857811834823329,0.6845238095238095,100.0,100.0,4096,969,873,10,2,0,0.00244140625,0.0020639834881320948,0.0,0.55,0.1,0.8,0.8,95.0,35.0,55.0,0.55,0.1,0.8,0.8,95.0,35.0,55.0,2865,2862,3,2865,0.0010471204188481676,0.32740883030250945,0.5,0.6548176606050189,428,0.14954577218728163,1.0,1
"iteration_2","SCOPE_DATA_COLLECTION",500,17,1090.0,1150.0,1,2904,2360,674,2885,2281,666,2903,2349,672,5,5,2,0.0017193947730398899,0.0021240441801189465,0.002967359050445104,0.3202302728097829,0.834820004791677,1.5455213983420617,0.6404605456195658,0.834820004791677,1.0303475988947077,0.1260764726145367,0.5857811834823329,0.6845238095238095,100.0,100.0,4096,969,873,10,2,0,0.00244140625,0.0020639834881320948,0.0,0.55,0.1,0.8,0.8,95.0,35.0,55.0,0.55,0.1,0.8,0.8,95.0,35.0,55.0,2288,2285,3,2288,0.0013111888111888112,0.8406598117451833,1.0,0.8406598117451833,1346,0.5890590809628009,1.0,1
"iteration_2","SCOPE_DATA_COLLECTION",500,17,1090.0,1150.0,2,2904,2360,674,2885,2281,666,2903,2349,672,5,5,2,0.0017193947730398899,0.0021240441801189465,0.002967359050445104,0.3202302728097829,0.834820004791677,1.5455213983420617,0.6404605456195658,0.834820004791677,1.0303475988947077,0.1260764726145367,0.5857811834823329,0.6845238095238095,100.0,100.0,4096,969,873,10,2,0,0.00244140625,0.0020639834881320948,0.0,0.55,0.1,0.8,0.8,95.0,35.0,55.0,0.55,0.1,0.8,0.8,95.0,35.0,55.0,674,673,1,674,0.001483679525222552,1.60029958561539,1.5,1.06686639041026,479,0.711738484398217,1.0,1
"iteration_2","SCOPE_DATA_COLLECTION",500,18,1150.0,1210.0,0,2865,2288,674,2904,2360,674,2866,2293,662,3,3,1,0.0010456605088881143,0.0013066202090592336,0.0015082956259426848,0.32793479623049643,0.8410375680922079,1.5984551599156736,0.6558695924609929,0.8410375680922079,1.0656367732771157,0.15108164689462666,0.5909289140863497,0.7099697885196374,97.5,100.0,4090,960,777,5,2,0,0.0012224938875305623,0.0020833333333333333,0.0,0.55,0.1,0.8,0.8,95.0,35.0,55.0,0.65,0.1,0.8,0.7000000000000001,95.0,25.0,65.0,2881,2879,2,2881,6.942034015966678E-4,0.3166842165626261,0.5,0.6333684331252522,307,0.10663424800277874,1.0,1
"iteration_2","SCOPE_DATA_COLLECTION",500,18,1150.0,1210.0,1,2865,2288,674,2904,2360,674,2866,2293,662,3,3,1,0.0010456605088881143,0.0013066202090592336,0.0015082956259426848,0.32793479623049643,0.8410375680922079,1.5984551599156736,0.6558695924609929,0.8410375680922079,1.0656367732771157,0.15108164689462666,0.5909289140863497,0.7099697885196374,97.5,100.0,4090,960,777,5,2,0,0.0012224938875305623,0.0020833333333333333,0.0,0.55,0.1,0.8,0.8,95.0,35.0,55.0,0.65,0.1,0.8,0.7000000000000001,95.0,25.0,65.0,2370,2369,1,2370,4.219409282700422E-4,0.8342444015323741,1.0,0.8342444015323741,1363,0.5753482482059941,1.0,1
"iteration_2","SCOPE_DATA_COLLECTION",500,18,1150.0,1210.0,2,2865,2288,674,2904,2360,674,2866,2293,662,3,3,1,0.0010456605088881143,0.0013066202090592336,0.0015082956259426848,0.32793479623049643,0.8410375680922079,1.5984551599156736,0.6558695924609929,0.8410375680922079,1.0656367732771157,0.15108164689462666,0.5909289140863497,0.7099697885196374,97.5,100.0,4090,960,777,5,2,0,0.0012224938875305623,0.0020833333333333333,0.0,0.55,0.1,0.8,0.8,95.0,35.0,55.0,0.65,0.1,0.8,0.7000000000000001,95.0,25.0,65.0,644,640,4,644,0.006211180124223602,1.6074041482271213,1.5,1.0716027654847475,457,0.7140625,1.0,1
"iteration_2","SCOPE_DATA_COLLECTION",500,19,1210.0,1270.0,0,2881,2370,644,2865,2288,674,2877,2362,651,2,1,4,6.946856547412296E-4,4.2319085907744394E-4,0.0061068702290076335,0.3167390663940278,0.8345796478829702,1.6078340920071024,0.6334781327880556,0.8345796478829702,1.0718893946714017,0.1070559610705596,0.5757832345469941,0.7142857142857143,100.0,100.0,4094,1206,595,7,0,0,0.001709819247679531,0.0,0.0,0.65,0.1,0.8,0.7000000000000001,95.0,25.0,65.0,0.65,0.2,0.8,0.6000000000000001,95.0,25.0,65.0,2892,2890,2,2892,6.915629322268327E-4,0.3268747418968071,0.5,0.6537494837936142,397,0.13737024221453287,1.0,1
"iteration_2","SCOPE_DATA_COLLECTION",500,19,1210.0,1270.0,1,2881,2370,644,2865,2288,674,2877,2362,651,2,1,4,6.946856547412296E-4,4.2319085907744394E-4,0.0061068702290076335,0.3167390663940278,0.8345796478829702,1.6078340920071024,0.6334781327880556,0.8345796478829702,1.0718893946714017,0.1070559610705596,0.5757832345469941,0.7142857142857143,100.0,100.0,4094,1206,595,7,0,0,0.001709819247679531,0.0,0.0,0.65,0.1,0.8,0.7000000000000001,95.0,25.0,65.0,0.65,0.2,0.8,0.6000000000000001,95.0,25.0,65.0,2256,2254,2,2256,8.865248226950354E-4,0.8517743849368099,1.0,0.8517743849368099,1347,0.5976042590949423,1.0,1
"iteration_2","SCOPE_DATA_COLLECTION",500,19,1210.0,1270.0,2,2881,2370,644,2865,2288,674,2877,2362,651,2,1,4,6.946856547412296E-4,4.2319085907744394E-4,0.0061068702290076335,0.3167390663940278,0.8345796478829702,1.6078340920071024,0.6334781327880556,0.8345796478829702,1.0718893946714017,0.1070559610705596,0.5757832345469941,0.7142857142857143,100.0,100.0,4094,1206,595,7,0,0,0.001709819247679531,0.0,0.0,0.65,0.1,0.8,0.7000000000000001,95.0,25.0,65.0,0.65,0.2,0.8,0.6000000000000001,95.0,25.0,65.0,636,634,2,636,0.0031446540880503146,1.569143151602904,1.5,1.046095434401936,443,0.6987381703470031,1.0,1
"iteration_2","SCOPE_DATA_COLLECTION",500,20,1270.0,1330.0,0,2892,2256,636,2881,2370,644,2886,2255,638,2,2,2,6.925207756232687E-4,8.861320336730173E-4,0.003125,0.3266047576110693,0.8508676796192017,1.5733384300468025,0.6532095152221385,0.8508676796192017,1.0488922866978683,0.13721413721413722,0.5964523281596452,0.700626959247649,90.0,100.0,4078,1109,597,4,2,0,9.80872976949485E-4,0.0018034265103697023,0.0,0.65,0.2,0.8,0.6000000000000001,95.0,25.0,65.0,0.75,0.30000000000000004,0.8,0.7000000000000001,95.0,25.0,55.0,2934,2929,5,2934,0.0017041581458759373,0.3224881350749952,0.5,0.6449762701499904,408,0.1392966882895186,1.0,1
"iteration_2","SCOPE_DATA_COLLECTION",500,20,1270.0,1330.0,1,2892,2256,636,2881,2370,644,2886,2255,638,2,2,2,6.925207756232687E-4,8.861320336730173E-4,0.003125,0.3266047576110693,0.8508676796192017,1.5733384300468025,0.6532095152221385,0.8508676796192017,1.0488922866978683,0.13721413721413722,0.5964523281596452,0.700626959247649,90.0,100.0,4078,1109,597,4,2,0,9.80872976949485E-4,0.0018034265103697023,0.0,0.65,0.2,0.8,0.6000000000000001,95.0,25.0,65.0,0.75,0.30000000000000004,0.8,0.7000000000000001,95.0,25.0,55.0,2348,2344,4,2348,0.0017035775127768314,0.8364039013979747,1.0,0.8364039013979747,1375,0.58660409556314,1.0,1
"iteration_2","SCOPE_DATA_COLLECTION",500,20,1270.0,1330.0,2,2892,2256,636,2881,2370,644,2886,2255,638,2,2,2,6.925207756232687E-4,8.861320336730173E-4,0.003125,0.3266047576110693,0.8508676796192017,1.5733384300468025,0.6532095152221385,0.8508676796192017,1.0488922866978683,0.13721413721413722,0.5964523281596452,0.700626959247649,90.0,100.0,4078,1109,597,4,2,0,9.80872976949485E-4,0.0018034265103697023,0.0,0.65,0.2,0.8,0.6000000000000001,95.0,25.0,65.0,0.75,0.30000000000000004,0.8,0.7000000000000001,95.0,25.0,55.0,638,631,7,638,0.0109717868338558,1.5118096084374402,1.5,1.0078730722916267,418,0.6624405705229794,1.0,1
"iteration_2","SCOPE_DATA_COLLECTION",500,21,1330.0,1390.0,0,2934,2348,638,2892,2256,636,2924,2347,633,5,4,7,0.001707067258449983,0.0017014036580178648,0.0109375,0.3225939666162366,0.8359456949149059,1.5137741123940567,0.6451879332324733,0.8359456949149059,1.0091827415960377,0.13987688098495213,0.5854282062207072,0.6635071090047393,97.5,100.0,4041,1400,479,16,0,0,0.003959415986142044,0.0,0.0,0.75,0.30000000000000004,0.8,0.7000000000000001,95.0,25.0,55.0,0.8500000000000001,0.30000000000000004,0.8,0.8,85.0,20.0,65.0,2837,2835,2,2837,7.049700387733521E-4,0.3221685738548703,0.5,0.6443371477097406,376,0.1326278659611993,1.0,1
"iteration_2","SCOPE_DATA_COLLECTION",500,21,1330.0,1390.0,1,2934,2348,638,2892,2256,636,2924,2347,633,5,4,7,0.001707067258449983,0.0017014036580178648,0.0109375,0.3225939666162366,0.8359456949149059,1.5137741123940567,0.6451879332324733,0.8359456949149059,1.0091827415960377,0.13987688098495213,0.5854282062207072,0.6635071090047393,97.5,100.0,4041,1400,479,16,0,0,0.003959415986142044,0.0,0.0,0.75,0.30000000000000004,0.8,0.7000000000000001,95.0,25.0,55.0,0.8500000000000001,0.30000000000000004,0.8,0.8,85.0,20.0,65.0,2296,2293,3,2296,0.0013066202090592336,0.8457621810842746,1.0,0.8457621810842746,1359,0.5926733536851286,1.0,1
"iteration_2","SCOPE_DATA_COLLECTION",500,21,1330.0,1390.0,2,2934,2348,638,2892,2256,636,2924,2347,633,5,4,7,0.001707067258449983,0.0017014036580178648,0.0109375,0.3225939666162366,0.8359456949149059,1.5137741123940567,0.6451879332324733,0.8359456949149059,1.0091827415960377,0.13987688098495213,0.5854282062207072,0.6635071090047393,97.5,100.0,4041,1400,479,16,0,0,0.003959415986142044,0.0,0.0,0.75,0.30000000000000004,0.8,0.7000000000000001,95.0,25.0,55.0,0.8500000000000001,0.30000000000000004,0.8,0.8,85.0,20.0,65.0,612,610,2,612,0.0032679738562091504,1.5636839427401386,1.5,1.042455961826759,422,0.6918032786885245,1.0,1
"iteration_2","SCOPE_DATA_COLLECTION",500,22,1390.0,1450.0,0,2837,2296,612,2934,2348,638,2841,2296,610,2,3,2,7.034822370735139E-4,0.0013049151805132667,0.0032679738562091504,0.32210608593052387,0.8475618863806861,1.5642471416240862,0.6442121718610477,0.8475618863806861,1.0428314277493909,0.133051742344245,0.5945121951219512,0.6918032786885245,95.0,100.0,4010,1468,267,4,3,0,9.97506234413965E-4,0.0020435967302452314,0.0,0.8500000000000001,0.30000000000000004,0.8,0.8,85.0,20.0,65.0,0.8500000000000001,0.30000000000000004,0.8,0.7000000000000001,75.0,30.0,65.0,2760,2759,1,2760,3.6231884057971015E-4,0.32909011569994867,0.5,0.6581802313998973,424,0.15367886915549112,1.0,1
"iteration_2","SCOPE_DATA_COLLECTION",500,22,1390.0,1450.0,1,2837,2296,612,2934,2348,638,2841,2296,610,2,3,2,7.034822370735139E-4,0.0013049151805132667,0.0032679738562091504,0.32210608593052387,0.8475618863806861,1.5642471416240862,0.6442121718610477,0.8475618863806861,1.0428314277493909,0.133051742344245,0.5945121951219512,0.6918032786885245,95.0,100.0,4010,1468,267,4,3,0,9.97506234413965E-4,0.0020435967302452314,0.0,0.8500000000000001,0.30000000000000004,0.8,0.8,85.0,20.0,65.0,0.8500000000000001,0.30000000000000004,0.8,0.7000000000000001,75.0,30.0,65.0,2323,2320,3,2323,0.0012914334911752045,0.8516716958628403,1.0,0.8516716958628403,1379,0.594396551724138,1.0,1
"iteration_2","SCOPE_DATA_COLLECTION",500,22,1390.0,1450.0,2,2837,2296,612,2934,2348,638,2841,2296,610,2,3,2,7.034822370735139E-4,0.0013049151805132667,0.0032679738562091504,0.32210608593052387,0.8475618863806861,1.5642471416240862,0.6442121718610477,0.8475618863806861,1.0428314277493909,0.133051742344245,0.5945121951219512,0.6918032786885245,95.0,100.0,4010,1468,267,4,3,0,9.97506234413965E-4,0.0020435967302452314,0.0,0.8500000000000001,0.30000000000000004,0.8,0.8,85.0,20.0,65.0,0.8500000000000001,0.30000000000000004,0.8,0.7000000000000001,75.0,30.0,65.0,650,645,5,650,0.007692307692307693,1.5750627970671633,1.5,1.0500418647114422,445,0.689922480620155,1.0,1
"iteration_2","SCOPE_DATA_COLLECTION",500,23,1450.0,1510.0,0,2760,2323,650,2837,2296,612,2766,2312,631,1,3,5,3.614022406938923E-4,0.0012958963282937365,0.007861635220125786,0.3296598947685363,0.8510635310716788,1.56464110736871,0.6593197895370726,0.8510635310716788,1.0430940715791401,0.15328994938539406,0.5942906574394463,0.6862123613312203,100.0,100.0,3964,1505,264,9,0,0,0.002270433905146317,0.0,0.0,0.8500000000000001,0.30000000000000004,0.8,0.7000000000000001,75.0,30.0,65.0,0.2,0.30000000000000004,0.8,0.5,20.0,95.0,40.0,2865,2865,0,2865,0.0,0.31568650638948753,0.5,0.6313730127789751,440,0.15357766143106458,1.0,1
"iteration_2","SCOPE_DATA_COLLECTION",500,23,1450.0,1510.0,1,2760,2323,650,2837,2296,612,2766,2312,631,1,3,5,3.614022406938923E-4,0.0012958963282937365,0.007861635220125786,0.3296598947685363,0.8510635310716788,1.56464110736871,0.6593197895370726,0.8510635310716788,1.0430940715791401,0.15328994938539406,0.5942906574394463,0.6862123613312203,100.0,100.0,3964,1505,264,9,0,0,0.002270433905146317,0.0,0.0,0.8500000000000001,0.30000000000000004,0.8,0.7000000000000001,75.0,30.0,65.0,0.2,0.30000000000000004,0.8,0.5,20.0,95.0,40.0,2324,2315,9,2324,0.00387263339070568,0.8331341221032305,1.0,0.8331341221032305,1333,0.5758099352051835,1.0,1
"iteration_2","SCOPE_DATA_COLLECTION",500,23,1450.0,1510.0,2,2760,2323,650,2837,2296,612,2766,2312,631,1,3,5,3.614022406938923E-4,0.0012958963282937365,0.007861635220125786,0.3296598947685363,0.8510635310716788,1.56464110736871,0.6593197895370726,0.8510635310716788,1.0430940715791401,0.15328994938539406,0.5942906574394463,0.6862123613312203,100.0,100.0,3964,1505,264,9,0,0,0.002270433905146317,0.0,0.0,0.8500000000000001,0.30000000000000004,0.8,0.7000000000000001,75.0,30.0,65.0,0.2,0.30000000000000004,0.8,0.5,20.0,95.0,40.0,701,698,3,701,0.0042796005706134095,1.51988713541841,1.5,1.01325809027894,463,0.663323782234957,1.0,1
"iteration_2","SCOPE_DATA_COLLECTION",500,24,1510.0,1570.0,0,2865,2324,701,2760,2323,650,2863,2323,701,0,9,3,0.0,0.0038593481989708405,0.004261363636363636,0.3152435307630278,0.8325969434914744,1.5235766286822754,0.6304870615260556,0.8325969434914744,1.0157177524548502,0.15368494586098497,0.5759793370641412,0.6647646219686163,100.0,100.0,3953,392,1545,12,0,0,0.0030356691120667846,0.0,0.0,0.2,0.30000000000000004,0.8,0.5,20.0,95.0,40.0,0.30000000000000004,0.4,0.9,0.4,20.0,95.0,50.0,2955,2954,1,2955,3.3840947546531303E-4,0.3216950792417841,0.5,0.6433901584835682,446,0.15098171970209884,1.0,1
"iteration_2","SCOPE_DATA_COLLECTION",500,24,1510.0,1570.0,1,2865,2324,701,2760,2323,650,2863,2323,701,0,9,3,0.0,0.0038593481989708405,0.004261363636363636,0.3152435307630278,0.8325969434914744,1.5235766286822754,0.6304870615260556,0.8325969434914744,1.0157177524548502,0.15368494586098497,0.5759793370641412,0.6647646219686163,100.0,100.0,3953,392,1545,12,0,0,0.0030356691120667846,0.0,0.0,0.2,0.30000000000000004,0.8,0.5,20.0,95.0,40.0,0.30000000000000004,0.4,0.9,0.4,20.0,95.0,50.0,2329,2326,3,2329,0.0012881064834693002,0.8433499925403676,1.0,0.8433499925403676,1378,0.592433361994841,1.0,1
"iteration_2","SCOPE_DATA_COLLECTION",500,24,1510.0,1570.0,2,2865,2324,701,2760,2323,650,2863,2323,701,0,9,3,0.0,0.0038593481989708405,0.004261363636363636,0.3152435307630278,0.8325969434914744,1.5235766286822754,0.6304870615260556,0.8325969434914744,1.0157177524548502,0.15368494586098497,0.5759793370641412,0.6647646219686163,100.0,100.0,3953,392,1545,12,0,0,0.0030356691120667846,0.0,0.0,0.2,0.30000000000000004,0.8,0.5,20.0,95.0,40.0,0.30000000000000004,0.4,0.9,0.4,20.0,95.0,50.0,600,598,2,600,0.0033333333333333335,1.566744702792831,1.5,1.044496468528554,417,0.697324414715719,1.0,1
"iteration_2","SCOPE_DATA_COLLECTION",500,25,1570.0,1630.0,0,2955,2329,600,2865,2324,701,2948,2324,600,1,3,2,3.3909799932180403E-4,0.001289213579716373,0.0033222591362126247,0.3214207747771354,0.8417265629998885,1.5699308245951764,0.6428415495542708,0.8417265629998885,1.0466205497301175,0.15027137042062416,0.5916523235800344,0.6983333333333334,97.5,100.0,4059,551,1274,6,0,0,0.0014781966001478197,0.0,0.0,0.30000000000000004,0.4,0.9,0.4,20.0,95.0,50.0,0.4,0.5,0.9,0.5,30.0,95.0,50.0,2905,2903,2,2905,6.884681583476765E-4,0.32225552695900134,0.5,0.6445110539180027,440,0.15156734412676542,1.0,1
"iteration_2","SCOPE_DATA_COLLECTION",500,25,1570.0,1630.0,1,2955,2329,600,2865,2324,701,2948,2324,600,1,3,2,3.3909799932180403E-4,0.001289213579716373,0.0033222591362126247,0.3214207747771354,0.8417265629998885,1.5699308245951764,0.6428415495542708,0.8417265629998885,1.0466205497301175,0.15027137042062416,0.5916523235800344,0.6983333333333334,97.5,100.0,4059,551,1274,6,0,0,0.0014781966001478197,0.0,0.0,0.30000000000000004,0.4,0.9,0.4,20.0,95.0,50.0,0.4,0.5,0.9,0.5,30.0,95.0,50.0,2304,2303,1,2304,4.3402777777777775E-4,0.8249804641245195,1.0,0.8249804641245195,1334,0.579244463742944,1.0,1
"iteration_2","SCOPE_DATA_COLLECTION",500,25,1570.0,1630.0,2,2955,2329,600,2865,2324,701,2948,2324,600,1,3,2,3.3909799932180403E-4,0.001289213579716373,0.0033222591362126247,0.3214207747771354,0.8417265629998885,1.5699308245951764,0.6428415495542708,0.8417265629998885,1.0466205497301175,0.15027137042062416,0.5916523235800344,0.6983333333333334,97.5,100.0,4059,551,1274,6,0,0,0.0014781966001478197,0.0,0.0,0.30000000000000004,0.4,0.9,0.4,20.0,95.0,50.0,0.4,0.5,0.9,0.5,30.0,95.0,50.0,618,616,2,618,0.003236245954692557,1.613663234960311,1.5,1.0757754899735408,440,0.7142857142857143,1.0,1
"iteration_2","SCOPE_DATA_COLLECTION",500,26,1630.0,1690.0,0,2905,2304,618,2955,2329,600,2907,2305,617,2,1,2,6.875214850464077E-4,4.336513443191674E-4,0.0032310177705977385,0.3225689471424814,0.8274043176274963,1.611935122768359,0.6451378942849628,0.8274043176274963,1.074623415178906,0.15101479188166494,0.579175704989154,0.713128038897893,100.0,100.0,3976,752,1099,5,0,0,0.0012575452716297787,0.0,0.0,0.4,0.5,0.9,0.5,30.0,95.0,50.0,0.35000000000000003,0.1,0.30000000000000004,0.1,60.0,95.0,40.0,2909,2907,2,2909,6.875214850464077E-4,0.32425565503873843,0.5,0.6485113100774769,425,0.14619883040935672,1.0,1
"iteration_2","SCOPE_DATA_COLLECTION",500,26,1630.0,1690.0,1,2905,2304,618,2955,2329,600,2907,2305,617,2,1,2,6.875214850464077E-4,4.336513443191674E-4,0.0032310177705977385,0.3225689471424814,0.8274043176274963,1.611935122768359,0.6451378942849628,0.8274043176274963,1.074623415178906,0.15101479188166494,0.579175704989154,0.713128038897893,100.0,100.0,3976,752,1099,5,0,0,0.0012575452716297787,0.0,0.0,0.4,0.5,0.9,0.5,30.0,95.0,50.0,0.35000000000000003,0.1,0.30000000000000004,0.1,60.0,95.0,40.0,2326,2324,2,2326,8.598452278589854E-4,0.8548353029228416,1.0,0.8548353029228416,1407,0.6054216867469879,1.0,1
"iteration_2","SCOPE_DATA_COLLECTION",500,26,1630.0,1690.0,2,2905,2304,618,2955,2329,600,2907,2305,617,2,1,2,6.875214850464077E-4,4.336513443191674E-4,0.0032310177705977385,0.3225689471424814,0.8274043176274963,1.611935122768359,0.6451378942849628,0.8274043176274963,1.074623415178906,0.15101479188166494,0.579175704989154,0.713128038897893,100.0,100.0,3976,752,1099,5,0,0,0.0012575452716297787,0.0,0.0,0.4,0.5,0.9,0.5,30.0,95.0,50.0,0.35000000000000003,0.1,0.30000000000000004,0.1,60.0,95.0,40.0,646,645,1,646,0.0015479876160990713,1.5488483586361443,1.5,1.0325655724240963,447,0.6930232558139535,1.0,1
"iteration_2","SCOPE_DATA_COLLECTION",500,27,1690.0,1750.0,0,2909,2326,646,2905,2304,618,2897,2314,650,2,2,1,6.898930665746809E-4,8.635578583765112E-4,0.0015360983102918587,0.3235082649694507,0.8547508490723738,1.556086575139964,0.6470165299389014,0.8547508490723738,1.0373910500933092,0.14532274767000344,0.6058772687986171,0.696923076923077,97.5,100.0,4130,608,1143,4,1,0,9.685230024213075E-4,0.001644736842105263,0.0,0.35000000000000003,0.1,0.30000000000000004,0.1,60.0,95.0,40.0,0.35000000000000003,0.2,0.2,0.2,60.0,95.0,40.0,2887,2885,2,2887,6.927606511950121E-4,0.3289924475090451,0.5,0.6579848950180902,497,0.17227036395147313,1.0,1
"iteration_2","SCOPE_DATA_COLLECTION",500,27,1690.0,1750.0,1,2909,2326,646,2905,2304,618,2897,2314,650,2,2,1,6.898930665746809E-4,8.635578583765112E-4,0.0015360983102918587,0.3235082649694507,0.8547508490723738,1.556086575139964,0.6470165299389014,0.8547508490723738,1.0373910500933092,0.14532274767000344,0.6058772687986171,0.696923076923077,97.5,100.0,4130,608,1143,4,1,0,9.685230024213075E-4,0.001644736842105263,0.0,0.35000000000000003,0.1,0.30000000000000004,0.1,60.0,95.0,40.0,0.35000000000000003,0.2,0.2,0.2,60.0,95.0,40.0,2380,2378,2,2380,8.403361344537816E-4,0.836173779354501,1.0,0.836173779354501,1427,0.6000841042893188,1.0,1
"iteration_2","SCOPE_DATA_COLLECTION",500,27,1690.0,1750.0,2,2909,2326,646,2905,2304,618,2897,2314,650,2,2,1,6.898930665746809E-4,8.635578583765112E-4,0.0015360983102918587,0.3235082649694507,0.8547508490723738,1.556086575139964,0.6470165299389014,0.8547508490723738,1.0373910500933092,0.14532274767000344,0.6058772687986171,0.696923076923077,97.5,100.0,4130,608,1143,4,1,0,9.685230024213075E-4,0.001644736842105263,0.0,0.35000000000000003,0.1,0.30000000000000004,0.1,60.0,95.0,40.0,0.35000000000000003,0.2,0.2,0.2,60.0,95.0,40.0,661,661,0,661,0.0,1.5164776820997645,1.5,1.010985121399843,445,0.6732223903177005,1.0,1
"iteration_2","SCOPE_DATA_COLLECTION",500,28,1750.0,1810.0,0,2887,2380,661,2909,2326,646,2889,2380,661,2,2,0,6.918021445866483E-4,8.396305625524769E-4,0.0,0.32940196569796737,0.8367050642995941,1.5114874242118532,0.6588039313959347,0.8367050642995941,1.0076582828079022,0.17272412599515402,0.6008403361344538,0.670196671709531,97.5,100.0,4100,656,1172,3,1,0,7.317073170731707E-4,0.001524390243902439,0.0,0.35000000000000003,0.2,0.2,0.2,60.0,95.0,40.0,0.35000000000000003,0.2,0.2,0.2,60.0,95.0,40.0,2853,2852,1,2853,3.505082369435682E-4,0.3252743361774177,0.5,0.6505486723548354,472,0.16549789621318373,1.0,1
"iteration_2","SCOPE_DATA_COLLECTION",500,28,1750.0,1810.0,1,2887,2380,661,2909,2326,646,2889,2380,661,2,2,0,6.918021445866483E-4,8.396305625524769E-4,0.0,0.32940196569796737,0.8367050642995941,1.5114874242118532,0.6588039313959347,0.8367050642995941,1.0076582828079022,0.17272412599515402,0.6008403361344538,0.670196671709531,97.5,100.0,4100,656,1172,3,1,0,7.317073170731707E-4,0.001524390243902439,0.0,0.35000000000000003,0.2,0.2,0.2,60.0,95.0,40.0,0.35000000000000003,0.2,0.2,0.2,60.0,95.0,40.0,2330,2329,1,2330,4.2918454935622315E-4,0.8164792923859562,1.0,0.8164792923859562,1365,0.5860884499785316,1.0,1
"iteration_2","SCOPE_DATA_COLLECTION",500,28,1750.0,1810.0,2,2887,2380,661,2909,2326,646,2889,2380,661,2,2,0,6.918021445866483E-4,8.396305625524769E-4,0.0,0.32940196569796737,0.8367050642995941,1.5114874242118532,0.6588039313959347,0.8367050642995941,1.0076582828079022,0.17272412599515402,0.6008403361344538,0.670196671709531,97.5,100.0,4100,656,1172,3,1,0,7.317073170731707E-4,0.001524390243902439,0.0,0.35000000000000003,0.2,0.2,0.2,60.0,95.0,40.0,0.35000000000000003,0.2,0.2,0.2,60.0,95.0,40.0,651,651,0,651,0.0,1.6118211429189082,1.5,1.0745474286126055,471,0.7235023041474654,1.0,1
"iteration_2","SCOPE_DATA_COLLECTION",500,29,1810.0,1870.0,0,2853,2330,651,2887,2380,661,2846,2329,648,1,1,0,3.5124692658939234E-4,4.2918454935622315E-4,0.0,0.3250340937065225,0.8157574834330054,1.6124950403249327,0.650068187413045,0.8157574834330054,1.074996693549955,0.16549543218552354,0.5835122370115929,0.7237654320987654,100.0,100.0,4005,654,1175,2,0,0,4.993757802746567E-4,0.0,0.0,0.35000000000000003,0.2,0.2,0.2,60.0,95.0,40.0,0.35000000000000003,0.1,0.1,0.1,70.0,95.0,40.0,2826,2822,4,2826,0.0014154281670205238,0.35487014633882497,0.5,0.7097402926776499,583,0.20659107016300496,1.0,1
"iteration_2","SCOPE_DATA_COLLECTION",500,29,1810.0,1870.0,1,2853,2330,651,2887,2380,661,2846,2329,648,1,1,0,3.5124692658939234E-4,4.2918454935622315E-4,0.0,0.3250340937065225,0.8157574834330054,1.6124950403249327,0.650068187413045,0.8157574834330054,1.074996693549955,0.16549543218552354,0.5835122370115929,0.7237654320987654,100.0,100.0,4005,654,1175,2,0,0,4.993757802746567E-4,0.0,0.0,0.35000000000000003,0.2,0.2,0.2,60.0,95.0,40.0,0.35000000000000003,0.1,0.1,0.1,70.0,95.0,40.0,2312,2311,1,2312,4.3252595155709344E-4,0.8960804174372486,1.0,0.8960804174372486,1498,0.6482042405884898,1.0,1
"iteration_2","SCOPE_DATA_COLLECTION",500,29,1810.0,1870.0,2,2853,2330,651,2887,2380,661,2846,2329,648,1,1,0,3.5124692658939234E-4,4.2918454935622315E-4,0.0,0.3250340937065225,0.8157574834330054,1.6124950403249327,0.650068187413045,0.8157574834330054,1.074996693549955,0.16549543218552354,0.5835122370115929,0.7237654320987654,100.0,100.0,4005,654,1175,2,0,0,4.993757802746567E-4,0.0,0.0,0.35000000000000003,0.2,0.2,0.2,60.0,95.0,40.0,0.35000000000000003,0.1,0.1,0.1,70.0,95.0,40.0,631,629,2,631,0.003169572107765452,1.7266861246743033,1.5,1.1511240831162022,493,0.7837837837837838,1.0,1
"iteration_2","SCOPE_DATA_COLLECTION",500,30,1870.0,1930.0,0,2826,2312,631,2853,2330,651,2827,2306,619,4,1,2,0.001412928293889085,4.3346337234503684E-4,0.00322061191626409,0.3534924780197836,0.8925840325816269,1.725867457059641,0.7069849560395672,0.8925840325816269,1.1505783047064273,0.20339582596391934,0.6483087597571553,0.7835218093699515,100.0,100.0,4302,507,960,6,1,0,0.001394700139470014,0.0019723865877712033,0.0,0.35000000000000003,0.1,0.1,0.1,70.0,95.0,40.0,0.25,0.2,0.2,0.1,60.0,95.0,40.0,2923,2923,0,2923,0.0,0.3237427157187694,0.5,0.6474854314375388,456,0.15600410537119397,1.0,1
"iteration_2","SCOPE_DATA_COLLECTION",500,30,1870.0,1930.0,1,2826,2312,631,2853,2330,651,2827,2306,619,4,1,2,0.001412928293889085,4.3346337234503684E-4,0.00322061191626409,0.3534924780197836,0.8925840325816269,1.725867457059641,0.7069849560395672,0.8925840325816269,1.1505783047064273,0.20339582596391934,0.6483087597571553,0.7835218093699515,100.0,100.0,4302,507,960,6,1,0,0.001394700139470014,0.0019723865877712033,0.0,0.35000000000000003,0.1,0.1,0.1,70.0,95.0,40.0,0.25,0.2,0.2,0.1,60.0,95.0,40.0,2369,2369,0,2369,0.0,0.8121483367869334,1.0,0.8121483367869334,1366,0.5766146053186999,1.0,1
"iteration_2","SCOPE_DATA_COLLECTION",500,30,1870.0,1930.0,2,2826,2312,631,2853,2330,651,2827,2306,619,4,1,2,0.001412928293889085,4.3346337234503684E-4,0.00322061191626409,0.3534924780197836,0.8925840325816269,1.725867457059641,0.7069849560395672,0.8925840325816269,1.1505783047064273,0.20339582596391934,0.6483087597571553,0.7835218093699515,100.0,100.0,4302,507,960,6,1,0,0.001394700139470014,0.0019723865877712033,0.0,0.35000000000000003,0.1,0.1,0.1,70.0,95.0,40.0,0.25,0.2,0.2,0.1,60.0,95.0,40.0,671,671,0,671,0.0,1.5217928114457813,1.5,1.0145285409638543,460,0.6855439642324889,1.0,1
"iteration_2","SCOPE_DATA_COLLECTION",500,31,1930.0,1990.0,0,2923,2369,671,2826,2312,631,2924,2379,680,0,0,0,0.0,0.0,0.0,0.3250884997267783,0.8149217814383001,1.5258752230394403,0.6501769994535566,0.8149217814383001,1.0172501486929602,0.15937072503419972,0.5792349726775956,0.6867647058823529,100.0,100.0,4053,469,1441,0,0,0,0.0,0.0,0.0,0.25,0.2,0.2,0.1,60.0,95.0,40.0,0.75,0.8,0.2,0.30000000000000004,75.0,85.0,70.0,2942,2941,1,2942,3.399048266485384E-4,0.32695263609598446,0.5,0.6539052721919689,460,0.1564093845630738,1.0,1
"iteration_2","SCOPE_DATA_COLLECTION",500,31,1930.0,1990.0,1,2923,2369,671,2826,2312,631,2924,2379,680,0,0,0,0.0,0.0,0.0,0.3250884997267783,0.8149217814383001,1.5258752230394403,0.6501769994535566,0.8149217814383001,1.0172501486929602,0.15937072503419972,0.5792349726775956,0.6867647058823529,100.0,100.0,4053,469,1441,0,0,0,0.0,0.0,0.0,0.25,0.2,0.2,0.1,60.0,95.0,40.0,0.75,0.8,0.2,0.30000000000000004,75.0,85.0,70.0,2242,2238,4,2242,0.001784121320249777,0.81197745800159,1.0,0.81197745800159,1290,0.5764075067024129,1.0,1
"iteration_2","SCOPE_DATA_COLLECTION",500,31,1930.0,1990.0,2,2923,2369,671,2826,2312,631,2924,2379,680,0,0,0,0.0,0.0,0.0,0.3250884997267783,0.8149217814383001,1.5258752230394403,0.6501769994535566,0.8149217814383001,1.0172501486929602,0.15937072503419972,0.5792349726775956,0.6867647058823529,100.0,100.0,4053,469,1441,0,0,0,0.0,0.0,0.0,0.25,0.2,0.2,0.1,60.0,95.0,40.0,0.75,0.8,0.2,0.30000000000000004,75.0,85.0,70.0,666,665,1,666,0.0015015015015015015,1.4483873152185487,1.5,0.9655915434790324,421,0.6330827067669172,1.0,1
"iteration_2","SCOPE_DATA_COLLECTION",500,32,1990.0,2050.0,0,2942,2242,666,2923,2369,671,2946,2230,662,1,4,1,3.3932813030200206E-4,0.0017905102954341987,0.0015082956259426848,0.32775237308564026,0.8125065578250873,1.4504590575819307,0.6555047461712805,0.8125065578250873,0.9669727050546205,0.1571622539035981,0.5739910313901345,0.6359516616314199,97.5,100.0,3983,1425,442,6,0,0,0.001506402209389907,0.0,0.0,0.75,0.8,0.2,0.30000000000000004,75.0,85.0,70.0,0.2,0.5,0.5,0.8,35.0,60.0,95.0,2913,2911,2,2913,6.865774116031583E-4,0.32779967528077103,0.5,0.6555993505615421,494,0.16970113363105463,1.0,1
"iteration_2","SCOPE_DATA_COLLECTION",500,32,1990.0,2050.0,1,2942,2242,666,2923,2369,671,2946,2230,662,1,4,1,3.3932813030200206E-4,0.0017905102954341987,0.0015082956259426848,0.32775237308564026,0.8125065578250873,1.4504590575819307,0.6555047461712805,0.8125065578250873,0.9669727050546205,0.1571622539035981,0.5739910313901345,0.6359516616314199,97.5,100.0,3983,1425,442,6,0,0,0.001506402209389907,0.0,0.0,0.75,0.8,0.2,0.30000000000000004,75.0,85.0,70.0,0.2,0.5,0.5,0.8,35.0,60.0,95.0,2346,2343,3,2346,0.0012787723785166241,0.8271038700478656,1.0,0.8271038700478656,1342,0.5727699530516432,1.0,1
"iteration_2","SCOPE_DATA_COLLECTION",500,32,1990.0,2050.0,2,2942,2242,666,2923,2369,671,2946,2230,662,1,4,1,3.3932813030200206E-4,0.0017905102954341987,0.0015082956259426848,0.32775237308564026,0.8125065578250873,1.4504590575819307,0.6555047461712805,0.8125065578250873,0.9669727050546205,0.1571622539035981,0.5739910313901345,0.6359516616314199,97.5,100.0,3983,1425,442,6,0,0,0.001506402209389907,0.0,0.0,0.75,0.8,0.2,0.30000000000000004,75.0,85.0,70.0,0.2,0.5,0.5,0.8,35.0,60.0,95.0,651,646,5,651,0.007680491551459293,1.497335577118657,1.5,0.9982237180791046,423,0.6547987616099071,1.0,1
"iteration_2","SCOPE_DATA_COLLECTION",500,33,2050.0,2110.0,0,2913,2346,651,2942,2242,666,2913,2345,644,2,3,5,6.861063464837049E-4,0.0012776831345826234,0.007704160246533128,0.3271289550829897,0.8262865983024681,1.4890414861715517,0.6542579101659795,0.8262865983024681,0.9926943241143679,0.16821146584277377,0.5735607675906184,0.6506211180124224,97.5,100.0,4013,398,1499,10,0,0,0.0024919013207077,0.0,0.0,0.2,0.5,0.5,0.8,35.0,60.0,95.0,0.30000000000000004,0.6000000000000001,0.5,0.7000000000000001,45.0,50.0,95.0,2916,2913,3,2916,0.00102880658436214,0.32533010456303796,0.5,0.6506602091260759,434,0.14898729831788535,1.0,1
"iteration_2","SCOPE_DATA_COLLECTION",500,33,2050.0,2110.0,1,2913,2346,651,2942,2242,666,2913,2345,644,2,3,5,6.861063464837049E-4,0.0012776831345826234,0.007704160246533128,0.3271289550829897,0.8262865983024681,1.4890414861715517,0.6542579101659795,0.8262865983024681,0.9926943241143679,0.16821146584277377,0.5735607675906184,0.6506211180124224,97.5,100.0,4013,398,1499,10,0,0,0.0024919013207077,0.0,0.0,0.2,0.5,0.5,0.8,35.0,60.0,95.0,0.30000000000000004,0.6000000000000001,0.5,0.7000000000000001,45.0,50.0,95.0,2227,2223,4,2227,0.001796138302649304,0.8206169308899003,1.0,0.8206169308899003,1284,0.5775978407557355,1.0,1
"iteration_2","SCOPE_DATA_COLLECTION",500,33,2050.0,2110.0,2,2913,2346,651,2942,2242,666,2913,2345,644,2,3,5,6.861063464837049E-4,0.0012776831345826234,0.007704160246533128,0.3271289550829897,0.8262865983024681,1.4890414861715517,0.6542579101659795,0.8262865983024681,0.9926943241143679,0.16821146584277377,0.5735607675906184,0.6506211180124224,97.5,100.0,4013,398,1499,10,0,0,0.0024919013207077,0.0,0.0,0.2,0.5,0.5,0.8,35.0,60.0,95.0,0.30000000000000004,0.6000000000000001,0.5,0.7000000000000001,45.0,50.0,95.0,661,656,5,661,0.007564296520423601,1.5571540120669238,1.5,1.0381026747112825,448,0.6829268292682927,1.0,1
"iteration_2","SCOPE_DATA_COLLECTION",500,34,2110.0,2170.0,0,2916,2227,661,2913,2346,651,2902,2232,661,3,4,5,0.0010327022375215145,0.0017889087656529517,0.0075075075075075074,0.32529211762014526,0.8248080055462108,1.557291950402444,0.6505842352402905,0.8248080055462108,1.0381946336016294,0.15024121295658166,0.5797491039426523,0.6822995461422088,97.5,100.0,3984,578,1242,11,1,0,0.0027610441767068274,0.0017301038062283738,0.0,0.30000000000000004,0.6000000000000001,0.5,0.7000000000000001,45.0,50.0,95.0,0.30000000000000004,0.6000000000000001,0.5,0.7000000000000001,55.0,50.0,95.0,2885,2881,4,2885,0.0013864818024263432,0.3146310052830379,0.5,0.6292620105660758,436,0.15133634154807357,1.0,1
"iteration_2","SCOPE_DATA_COLLECTION",500,34,2110.0,2170.0,1,2916,2227,661,2913,2346,651,2902,2232,661,3,4,5,0.0010327022375215145,0.0017889087656529517,0.0075075075075075074,0.32529211762014526,0.8248080055462108,1.557291950402444,0.6505842352402905,0.8248080055462108,1.0381946336016294,0.15024121295658166,0.5797491039426523,0.6822995461422088,97.5,100.0,3984,578,1242,11,1,0,0.0027610441767068274,0.0017301038062283738,0.0,0.30000000000000004,0.6000000000000001,0.5,0.7000000000000001,45.0,50.0,95.0,0.30000000000000004,0.6000000000000001,0.5,0.7000000000000001,55.0,50.0,95.0,2267,2263,4,2267,0.00176444640494045,0.8092779793998428,1.0,0.8092779793998428,1286,0.5682722050375607,1.0,1
"iteration_2","SCOPE_DATA_COLLECTION",500,34,2110.0,2170.0,2,2916,2227,661,2913,2346,651,2902,2232,661,3,4,5,0.0010327022375215145,0.0017889087656529517,0.0075075075075075074,0.32529211762014526,0.8248080055462108,1.557291950402444,0.6505842352402905,0.8248080055462108,1.0381946336016294,0.15024121295658166,0.5797491039426523,0.6822995461422088,97.5,100.0,3984,578,1242,11,1,0,0.0027610441767068274,0.0017301038062283738,0.0,0.30000000000000004,0.6000000000000001,0.5,0.7000000000000001,45.0,50.0,95.0,0.30000000000000004,0.6000000000000001,0.5,0.7000000000000001,55.0,50.0,95.0,669,663,6,669,0.008968609865470852,1.5387716248573322,1.5,1.0258477499048881,445,0.6711915535444947,1.0,1
"iteration_2","SCOPE_DATA_COLLECTION",500,35,2170.0,2230.0,0,2885,2267,669,2916,2227,661,2890,2257,667,4,4,6,0.00138217000691085,0.0017691287041132243,0.008915304606240713,0.3154200874255832,0.8062213949399218,1.5481848313611593,0.6308401748511664,0.8062213949399218,1.0321232209074396,0.1519031141868512,0.5680106335844041,0.6761619190404797,100.0,100.0,3873,567,1381,14,0,0,0.0036147689129873485,0.0,0.0,0.30000000000000004,0.6000000000000001,0.5,0.7000000000000001,55.0,50.0,95.0,0.30000000000000004,0.6000000000000001,0.5,0.7000000000000001,55.0,50.0,95.0,2905,2903,2,2905,6.884681583476765E-4,0.3213320562854795,0.5,0.642664112570959,470,0.1619014812263176,1.0,1
"iteration_2","SCOPE_DATA_COLLECTION",500,35,2170.0,2230.0,1,2885,2267,669,2916,2227,661,2890,2257,667,4,4,6,0.00138217000691085,0.0017691287041132243,0.008915304606240713,0.3154200874255832,0.8062213949399218,1.5481848313611593,0.6308401748511664,0.8062213949399218,1.0321232209074396,0.1519031141868512,0.5680106335844041,0.6761619190404797,100.0,100.0,3873,567,1381,14,0,0,0.0036147689129873485,0.0,0.0,0.30000000000000004,0.6000000000000001,0.5,0.7000000000000001,55.0,50.0,95.0,0.30000000000000004,0.6000000000000001,0.5,0.7000000000000001,55.0,50.0,95.0,2329,2327,2,2329,8.587376556462001E-4,0.8261186496332616,1.0,0.8261186496332616,1344,0.5775676837129351,1.0,1
"iteration_2","SCOPE_DATA_COLLECTION",500,35,2170.0,2230.0,2,2885,2267,669,2916,2227,661,2890,2257,667,4,4,6,0.00138217000691085,0.0017691287041132243,0.008915304606240713,0.3154200874255832,0.8062213949399218,1.5481848313611593,0.6308401748511664,0.8062213949399218,1.0321232209074396,0.1519031141868512,0.5680106335844041,0.6761619190404797,100.0,100.0,3873,567,1381,14,0,0,0.0036147689129873485,0.0,0.0,0.30000000000000004,0.6000000000000001,0.5,0.7000000000000001,55.0,50.0,95.0,0.30000000000000004,0.6000000000000001,0.5,0.7000000000000001,55.0,50.0,95.0,622,619,3,622,0.00482315112540193,1.5682590895487887,1.5,1.0455060596991925,427,0.6898222940226171,1.0,1
"iteration_2","SCOPE_DATA_COLLECTION",500,36,2230.0,2290.0,0,2905,2329,622,2885,2267,669,2898,2328,617,2,2,3,6.89655172413793E-4,8.583690987124463E-4,0.004838709677419355,0.32017125526750234,0.8256014452902136,1.5585072760698118,0.6403425105350047,0.8256014452902136,1.039004850713208,0.15942028985507245,0.5764604810996563,0.6855753646677472,100.0,100.0,3954,591,1311,6,1,0,0.0015174506828528073,0.001692047377326565,0.0,0.30000000000000004,0.6000000000000001,0.5,0.7000000000000001,55.0,50.0,95.0,0.30000000000000004,0.6000000000000001,0.5,0.7000000000000001,55.0,50.0,95.0,2893,2890,3,2893,0.0010369858278603526,0.3252070047575493,0.5,0.6504140095150986,452,0.156401384083045,1.0,1
"iteration_2","SCOPE_DATA_COLLECTION",500,36,2230.0,2290.0,1,2905,2329,622,2885,2267,669,2898,2328,617,2,2,3,6.89655172413793E-4,8.583690987124463E-4,0.004838709677419355,0.32017125526750234,0.8256014452902136,1.5585072760698118,0.6403425105350047,0.8256014452902136,1.039004850713208,0.15942028985507245,0.5764604810996563,0.6855753646677472,100.0,100.0,3954,591,1311,6,1,0,0.0015174506828528073,0.001692047377326565,0.0,0.30000000000000004,0.6000000000000001,0.5,0.7000000000000001,55.0,50.0,95.0,0.30000000000000004,0.6000000000000001,0.5,0.7000000000000001,55.0,50.0,95.0,2331,2327,4,2331,0.001716001716001716,0.8238700292653947,1.0,0.8238700292653947,1342,0.5767082079931242,1.0,1
"iteration_2","SCOPE_DATA_COLLECTION",500,36,2230.0,2290.0,2,2905,2329,622,2885,2267,669,2898,2328,617,2,2,3,6.89655172413793E-4,8.583690987124463E-4,0.004838709677419355,0.32017125526750234,0.8256014452902136,1.5585072760698118,0.6403425105350047,0.8256014452902136,1.039004850713208,0.15942028985507245,0.5764604810996563,0.6855753646677472,100.0,100.0,3954,591,1311,6,1,0,0.0015174506828528073,0.001692047377326565,0.0,0.30000000000000004,0.6000000000000001,0.5,0.7000000000000001,55.0,50.0,95.0,0.30000000000000004,0.6000000000000001,0.5,0.7000000000000001,55.0,50.0,95.0,648,647,1,648,0.0015432098765432098,1.500388940259179,1.5,1.0002592935061194,422,0.652241112828439,1.0,1
"iteration_2","SCOPE_DATA_COLLECTION",500,37,2290.0,2350.0,0,2893,2331,648,2905,2329,622,2888,2327,652,3,4,1,0.0010377032168799724,0.001716001716001716,0.0015313935681470138,0.3254151088272187,0.8252304855108888,1.5068119335168288,0.6508302176544374,0.8252304855108888,1.0045412890112193,0.15789473684210525,0.5779974215728406,0.6549079754601227,97.5,100.0,4010,565,1297,6,2,0,0.0014962593516209476,0.0035398230088495575,0.0,0.30000000000000004,0.6000000000000001,0.5,0.7000000000000001,55.0,50.0,95.0,0.4,0.30000000000000004,0.8,0.6000000000000001,75.0,90.0,35.0,2872,2870,2,2872,6.963788300835655E-4,0.3267736569047947,0.5,0.6535473138095894,455,0.15853658536585366,1.0,1
"iteration_2","SCOPE_DATA_COLLECTION",500,37,2290.0,2350.0,1,2893,2331,648,2905,2329,622,2888,2327,652,3,4,1,0.0010377032168799724,0.001716001716001716,0.0015313935681470138,0.3254151088272187,0.8252304855108888,1.5068119335168288,0.6508302176544374,0.8252304855108888,1.0045412890112193,0.15789473684210525,0.5779974215728406,0.6549079754601227,97.5,100.0,4010,565,1297,6,2,0,0.0014962593516209476,0.0035398230088495575,0.0,0.30000000000000004,0.6000000000000001,0.5,0.7000000000000001,55.0,50.0,95.0,0.4,0.30000000000000004,0.8,0.6000000000000001,75.0,90.0,35.0,2357,2354,3,2357,0.0012728044123886295,0.8318933260957315,1.0,0.8318933260957315,1337,0.5679694137638063,1.0,1
"iteration_2","SCOPE_DATA_COLLECTION",500,37,2290.0,2350.0,2,2893,2331,648,2905,2329,622,2888,2327,652,3,4,1,0.0010377032168799724,0.001716001716001716,0.0015313935681470138,0.3254151088272187,0.8252304855108888,1.5068119335168288,0.6508302176544374,0.8252304855108888,1.0045412890112193,0.15789473684210525,0.5779974215728406,0.6549079754601227,97.5,100.0,4010,565,1297,6,2,0,0.0014962593516209476,0.0035398230088495575,0.0,0.30000000000000004,0.6000000000000001,0.5,0.7000000000000001,55.0,50.0,95.0,0.4,0.30000000000000004,0.8,0.6000000000000001,75.0,90.0,35.0,668,666,2,668,0.0029940119760479044,1.5664956099715241,1.5,1.0443304066476828,459,0.6891891891891891,1.0,1
"iteration_2","SCOPE_DATA_COLLECTION",500,38,2350.0,2410.0,0,2872,2357,668,2893,2331,648,2873,2366,655,2,3,2,6.956521739130435E-4,0.001266357112705783,0.0030441400304414,0.32754519305092783,0.8331606125585665,1.5561966246936965,0.6550903861018557,0.8331606125585665,1.0374644164624642,0.16011138183083884,0.5684699915469146,0.683969465648855,100.0,100.0,4003,772,1122,7,0,0,0.0017486884836372721,0.0,0.0,0.4,0.30000000000000004,0.8,0.6000000000000001,75.0,90.0,35.0,0.5,0.2,0.9,0.6000000000000001,75.0,95.0,35.0,2930,2929,1,2930,3.4129692832764505E-4,0.3212095285863683,0.5,0.6424190571727366,393,0.13417548651416866,1.0,1
"iteration_2","SCOPE_DATA_COLLECTION",500,38,2350.0,2410.0,1,2872,2357,668,2893,2331,648,2873,2366,655,2,3,2,6.956521739130435E-4,0.001266357112705783,0.0030441400304414,0.32754519305092783,0.8331606125585665,1.5561966246936965,0.6550903861018557,0.8331606125585665,1.0374644164624642,0.16011138183083884,0.5684699915469146,0.683969465648855,100.0,100.0,4003,772,1122,7,0,0,0.0017486884836372721,0.0,0.0,0.4,0.30000000000000004,0.8,0.6000000000000001,75.0,90.0,35.0,0.5,0.2,0.9,0.6000000000000001,75.0,95.0,35.0,2313,2309,4,2313,0.0017293558149589277,0.8230349929053147,1.0,0.8230349929053147,1345,0.5825032481593764,1.0,1
"iteration_2","SCOPE_DATA_COLLECTION",500,38,2350.0,2410.0,2,2872,2357,668,2893,2331,648,2873,2366,655,2,3,2,6.956521739130435E-4,0.001266357112705783,0.0030441400304414,0.32754519305092783,0.8331606125585665,1.5561966246936965,0.6550903861018557,0.8331606125585665,1.0374644164624642,0.16011138183083884,0.5684699915469146,0.683969465648855,100.0,100.0,4003,772,1122,7,0,0,0.0017486884836372721,0.0,0.0,0.4,0.30000000000000004,0.8,0.6000000000000001,75.0,90.0,35.0,0.5,0.2,0.9,0.6000000000000001,75.0,95.0,35.0,701,696,5,701,0.007132667617689016,1.4852372257660795,1.5,0.9901581505107196,446,0.6408045977011494,1.0,1
"iteration_2","SCOPE_DATA_COLLECTION",500,39,2410.0,2470.0,0,2930,2313,701,2872,2357,668,2936,2296,705,1,4,5,3.4048348655090226E-4,0.0017391304347826088,0.007042253521126761,0.3209032207229949,0.8216215835711745,1.4972059381261735,0.6418064414459898,0.8216215835711745,0.9981372920841157,0.13317438692098094,0.5823170731707317,0.6468085106382979,92.5,100.0,4037,983,924,9,1,0,0.002229378251176616,0.001017293997965412,0.0,0.5,0.2,0.9,0.6000000000000001,75.0,95.0,35.0,0.4,0.2,0.8,0.5,75.0,95.0,35.0,2881,2881,0,2881,0.0,0.32241857361804716,0.5,0.6448371472360943,402,0.13953488372093023,1.0,1
"iteration_2","SCOPE_DATA_COLLECTION",500,39,2410.0,2470.0,1,2930,2313,701,2872,2357,668,2936,2296,705,1,4,5,3.4048348655090226E-4,0.0017391304347826088,0.007042253521126761,0.3209032207229949,0.8216215835711745,1.4972059381261735,0.6418064414459898,0.8216215835711745,0.9981372920841157,0.13317438692098094,0.5823170731707317,0.6468085106382979,92.5,100.0,4037,983,924,9,1,0,0.002229378251176616,0.001017293997965412,0.0,0.5,0.2,0.9,0.6000000000000001,75.0,95.0,35.0,0.4,0.2,0.8,0.5,75.0,95.0,35.0,2310,2307,3,2310,0.0012987012987012987,0.8368371451621357,1.0,0.8368371451621357,1363,0.5908105765062852,1.0,1
"iteration_2","SCOPE_DATA_COLLECTION",500,39,2410.0,2470.0,2,2930,2313,701,2872,2357,668,2936,2296,705,1,4,5,3.4048348655090226E-4,0.0017391304347826088,0.007042253521126761,0.3209032207229949,0.8216215835711745,1.4972059381261735,0.6418064414459898,0.8216215835711745,0.9981372920841157,0.13317438692098094,0.5823170731707317,0.6468085106382979,92.5,100.0,4037,983,924,9,1,0,0.002229378251176616,0.001017293997965412,0.0,0.5,0.2,0.9,0.6000000000000001,75.0,95.0,35.0,0.4,0.2,0.8,0.5,75.0,95.0,35.0,609,607,2,609,0.003284072249589491,1.5152523963168254,1.5,1.0101682642112169,404,0.6655683690280065,1.0,1
"iteration_2","SCOPE_DATA_COLLECTION",500,40,2470.0,2530.0,0,2881,2310,609,2930,2313,701,2870,2316,597,0,3,2,0.0,0.00129366106080207,0.00333889816360601,0.32171207215069636,0.8365350051837733,1.517794627720151,0.6434241443013927,0.8365350051837733,1.0118630851467674,0.13693379790940766,0.5898100172711571,0.6666666666666666,97.5,100.0,4044,703,1053,4,1,0,9.891196834817012E-4,0.001422475106685633,0.0,0.4,0.2,0.8,0.5,75.0,95.0,35.0,0.4,0.2,0.7000000000000001,0.4,65.0,95.0,35.0,2932,2930,2,2932,6.821282401091405E-4,0.31925024447513234,0.5,0.6385004889502647,369,0.12593856655290103,1.0,1
"iteration_2","SCOPE_DATA_COLLECTION",500,40,2470.0,2530.0,1,2881,2310,609,2930,2313,701,2870,2316,597,0,3,2,0.0,0.00129366106080207,0.00333889816360601,0.32171207215069636,0.8365350051837733,1.517794627720151,0.6434241443013927,0.8365350051837733,1.0118630851467674,0.13693379790940766,0.5898100172711571,0.6666666666666666,97.5,100.0,4044,703,1053,4,1,0,9.891196834817012E-4,0.001422475106685633,0.0,0.4,0.2,0.8,0.5,75.0,95.0,35.0,0.4,0.2,0.7000000000000001,0.4,65.0,95.0,35.0,2283,2279,4,2283,0.0017520805957074025,0.8280181304258856,1.0,0.8280181304258856,1292,0.5669153137340939,1.0,1
"iteration_2","SCOPE_DATA_COLLECTION",500,40,2470.0,2530.0,2,2881,2310,609,2930,2313,701,2870,2316,597,0,3,2,0.0,0.00129366106080207,0.00333889816360601,0.32171207215069636,0.8365350051837733,1.517794627720151,0.6434241443013927,0.8365350051837733,1.0118630851467674,0.13693379790940766,0.5898100172711571,0.6666666666666666,97.5,100.0,4044,703,1053,4,1,0,9.891196834817012E-4,0.001422475106685633,0.0,0.4,0.2,0.8,0.5,75.0,95.0,35.0,0.4,0.2,0.7000000000000001,0.4,65.0,95.0,35.0,655,653,2,655,0.0030534351145038168,1.5562066533392087,1.5,1.0374711022261391,449,0.6875957120980092,1.0,1
"iteration_2","SCOPE_DATA_COLLECTION",500,41,2530.0,2590.0,0,2932,2283,655,2881,2310,609,2935,2269,654,2,4,2,6.809669731018045E-4,0.0017597888253409592,0.003048780487804878,0.31952635189794576,0.8240676285011986,1.553302913836546,0.6390527037958915,0.8240676285011986,1.0355352758910306,0.12640545144804088,0.5650066108417805,0.6880733944954128,95.0,100.0,4036,720,1114,8,0,0,0.0019821605550049554,0.0,0.0,0.4,0.2,0.7000000000000001,0.4,65.0,95.0,35.0,0.8500000000000001,0.7000000000000001,0.6000000000000001,0.2,95.0,30.0,20.0,2815,2813,2,2815,7.104795737122557E-4,0.32494968139250346,0.5,0.6498993627850069,457,0.16246000710984715,1.0,1
"iteration_2","SCOPE_DATA_COLLECTION",500,41,2530.0,2590.0,1,2932,2283,655,2881,2310,609,2935,2269,654,2,4,2,6.809669731018045E-4,0.0017597888253409592,0.003048780487804878,0.31952635189794576,0.8240676285011986,1.553302913836546,0.6390527037958915,0.8240676285011986,1.0355352758910306,0.12640545144804088,0.5650066108417805,0.6880733944954128,95.0,100.0,4036,720,1114,8,0,0,0.0019821605550049554,0.0,0.0,0.4,0.2,0.7000000000000001,0.4,65.0,95.0,35.0,0.8500000000000001,0.7000000000000001,0.6000000000000001,0.2,95.0,30.0,20.0,2294,2294,0,2294,0.0,0.8211465086525619,1.0,0.8211465086525619,1307,0.56974716652136,1.0,1
"iteration_2","SCOPE_DATA_COLLECTION",500,41,2530.0,2590.0,2,2932,2283,655,2881,2310,609,2935,2269,654,2,4,2,6.809669731018045E-4,0.0017597888253409592,0.003048780487804878,0.31952635189794576,0.8240676285011986,1.553302913836546,0.6390527037958915,0.8240676285011986,1.0355352758910306,0.12640545144804088,0.5650066108417805,0.6880733944954128,95.0,100.0,4036,720,1114,8,0,0,0.0019821605550049554,0.0,0.0,0.4,0.2,0.7000000000000001,0.4,65.0,95.0,35.0,0.8500000000000001,0.7000000000000001,0.6000000000000001,0.2,95.0,30.0,20.0,635,634,1,635,0.0015748031496062992,1.597726106864877,1.5,1.0651507379099179,453,0.7145110410094637,1.0,1
"iteration_2","SCOPE_DATA_COLLECTION",500,42,2590.0,2650.0,0,2815,2294,635,2932,2283,655,2821,2297,636,2,0,1,7.084661707403471E-4,0.0,0.0015698587127158557,0.3258221639446159,0.8262692083014368,1.5923453727589785,0.6516443278892318,0.8262692083014368,1.061563581839319,0.16483516483516483,0.5711797997387897,0.7091194968553459,97.5,100.0,3872,1611,261,2,1,0,5.165289256198347E-4,6.207324643078833E-4,0.0,0.8500000000000001,0.7000000000000001,0.6000000000000001,0.2,95.0,30.0,20.0,0.8,0.7000000000000001,0.5,0.5,65.0,30.0,75.0,2987,2986,1,2987,3.3478406427854036E-4,0.3325346862016558,0.5,0.6650693724033117,554,0.1855324849296718,1.0,1
"iteration_2","SCOPE_DATA_COLLECTION",500,42,2590.0,2650.0,1,2815,2294,635,2932,2283,655,2821,2297,636,2,0,1,7.084661707403471E-4,0.0,0.0015698587127158557,0.3258221639446159,0.8262692083014368,1.5923453727589785,0.6516443278892318,0.8262692083014368,1.061563581839319,0.16483516483516483,0.5711797997387897,0.7091194968553459,97.5,100.0,3872,1611,261,2,1,0,5.165289256198347E-4,6.207324643078833E-4,0.0,0.8500000000000001,0.7000000000000001,0.6000000000000001,0.2,95.0,30.0,20.0,0.8,0.7000000000000001,0.5,0.5,65.0,30.0,75.0,2329,2325,4,2329,0.0017174753112924003,0.8214726572859519,1.0,0.8214726572859519,1311,0.5638709677419355,1.0,1
"iteration_2","SCOPE_DATA_COLLECTION",500,42,2590.0,2650.0,2,2815,2294,635,2932,2283,655,2821,2297,636,2,0,1,7.084661707403471E-4,0.0,0.0015698587127158557,0.3258221639446159,0.8262692083014368,1.5923453727589785,0.6516443278892318,0.8262692083014368,1.061563581839319,0.16483516483516483,0.5711797997387897,0.7091194968553459,97.5,100.0,3872,1611,261,2,1,0,5.165289256198347E-4,6.207324643078833E-4,0.0,0.8500000000000001,0.7000000000000001,0.6000000000000001,0.2,95.0,30.0,20.0,0.8,0.7000000000000001,0.5,0.5,65.0,30.0,75.0,622,616,6,622,0.00964630225080386,1.5301975880346066,1.5,1.0201317253564044,414,0.672077922077922,1.0,1
"iteration_2","SCOPE_DATA_COLLECTION",500,43,2650.0,2710.0,0,2987,2329,622,2815,2294,635,2968,2331,614,1,4,6,3.368137420006736E-4,0.0017130620985010706,0.00967741935483871,0.33163231693621836,0.8200892052701824,1.526415888710639,0.6632646338724367,0.8200892052701824,1.0176105924737593,0.18396226415094338,0.5645645645645646,0.6710097719869706,100.0,100.0,3998,1565,375,10,1,0,0.0025012506253126563,6.389776357827476E-4,0.0,0.8,0.7000000000000001,0.5,0.5,65.0,30.0,75.0,0.8,0.7000000000000001,0.5,0.6000000000000001,65.0,40.0,65.0,2971,2970,1,2971,3.365870077415012E-4,0.3262460037003325,0.5,0.652492007400665,559,0.18821548821548822,1.0,1
"iteration_2","SCOPE_DATA_COLLECTION",500,43,2650.0,2710.0,1,2987,2329,622,2815,2294,635,2968,2331,614,1,4,6,3.368137420006736E-4,0.0017130620985010706,0.00967741935483871,0.33163231693621836,0.8200892052701824,1.526415888710639,0.6632646338724367,0.8200892052701824,1.0176105924737593,0.18396226415094338,0.5645645645645646,0.6710097719869706,100.0,100.0,3998,1565,375,10,1,0,0.0025012506253126563,6.389776357827476E-4,0.0,0.8,0.7000000000000001,0.5,0.5,65.0,30.0,75.0,0.8,0.7000000000000001,0.5,0.6000000000000001,65.0,40.0,65.0,2377,2374,3,2377,0.0012620950778291964,0.820550907509918,1.0,0.820550907509918,1363,0.5741364785172705,1.0,1
"iteration_2","SCOPE_DATA_COLLECTION",500,43,2650.0,2710.0,2,2987,2329,622,2815,2294,635,2968,2331,614,1,4,6,3.368137420006736E-4,0.0017130620985010706,0.00967741935483871,0.33163231693621836,0.8200892052701824,1.526415888710639,0.6632646338724367,0.8200892052701824,1.0176105924737593,0.18396226415094338,0.5645645645645646,0.6710097719869706,100.0,100.0,3998,1565,375,10,1,0,0.0025012506253126563,6.389776357827476E-4,0.0,0.8,0.7000000000000001,0.5,0.5,65.0,30.0,75.0,0.8,0.7000000000000001,0.5,0.6000000000000001,65.0,40.0,65.0,649,642,7,649,0.01078582434514638,1.5704610777182797,1.5,1.0469740518121864,440,0.6853582554517134,1.0,1
"iteration_2","SCOPE_DATA_COLLECTION",500,44,2710.0,2770.0,0,2971,2377,649,2987,2329,622,2982,2362,646,1,3,7,3.3523298692591353E-4,0.0012684989429175475,0.010719754977029096,0.32582173234210077,0.8200312086178807,1.574252930566832,0.6516434646842015,0.8200312086178807,1.0495019537112213,0.18846411804158283,0.5732430143945809,0.6873065015479877,97.5,100.0,3947,1638,412,9,2,0,0.002280212819863187,0.001221001221001221,0.0,0.8,0.7000000000000001,0.5,0.6000000000000001,65.0,40.0,65.0,0.8,0.6000000000000001,0.5,0.5,75.0,50.0,65.0,2970,2968,2,2970,6.734006734006734E-4,0.3291838493047135,0.5,0.658367698609427,469,0.1580188679245283,1.0,1
"iteration_2","SCOPE_DATA_COLLECTION",500,44,2710.0,2770.0,1,2971,2377,649,2987,2329,622,2982,2362,646,1,3,7,3.3523298692591353E-4,0.0012684989429175475,0.010719754977029096,0.32582173234210077,0.8200312086178807,1.574252930566832,0.6516434646842015,0.8200312086178807,1.0495019537112213,0.18846411804158283,0.5732430143945809,0.6873065015479877,97.5,100.0,3947,1638,412,9,2,0,0.002280212819863187,0.001221001221001221,0.0,0.8,0.7000000000000001,0.5,0.6000000000000001,65.0,40.0,65.0,0.8,0.6000000000000001,0.5,0.5,75.0,50.0,65.0,2311,2304,7,2311,0.003028991778450887,0.8361879752676834,1.0,0.8361879752676834,1355,0.5881076388888888,1.0,1
"iteration_2","SCOPE_DATA_COLLECTION",500,44,2710.0,2770.0,2,2971,2377,649,2987,2329,622,2982,2362,646,1,3,7,3.3523298692591353E-4,0.0012684989429175475,0.010719754977029096,0.32582173234210077,0.8200312086178807,1.574252930566832,0.6516434646842015,0.8200312086178807,1.0495019537112213,0.18846411804158283,0.5732430143945809,0.6873065015479877,97.5,100.0,3947,1638,412,9,2,0,0.002280212819863187,0.001221001221001221,0.0,0.8,0.7000000000000001,0.5,0.6000000000000001,65.0,40.0,65.0,0.8,0.6000000000000001,0.5,0.5,75.0,50.0,65.0,652,644,8,652,0.012269938650306749,1.5635229120091438,1.5,1.042348608006096,439,0.6816770186335404,1.0,1
"iteration_2","SCOPE_DATA_COLLECTION",500,45,2770.0,2830.0,0,2970,2311,652,2971,2377,649,2963,2300,646,1,7,8,3.3738191632928474E-4,0.003034243606415258,0.012232415902140673,0.3292805086921445,0.8359124010425488,1.5624510406437184,0.658561017384289,0.8359124010425488,1.0416340270958122,0.15659804252446843,0.5882608695652174,0.6811145510835913,100.0,100.0,4024,1530,379,13,3,0,0.0032306163021868788,0.00196078431372549,0.0,0.8,0.6000000000000001,0.5,0.5,75.0,50.0,65.0,0.9,0.6000000000000001,0.6000000000000001,0.6000000000000001,65.0,50.0,75.0,2971,2967,4,2971,0.0013463480309660047,0.33227867305612696,0.5,0.6645573461122539,511,0.1722278395685878,1.0,1
"iteration_2","SCOPE_DATA_COLLECTION",500,45,2770.0,2830.0,1,2970,2311,652,2971,2377,649,2963,2300,646,1,7,8,3.3738191632928474E-4,0.003034243606415258,0.012232415902140673,0.3292805086921445,0.8359124010425488,1.5624510406437184,0.658561017384289,0.8359124010425488,1.0416340270958122,0.15659804252446843,0.5882608695652174,0.6811145510835913,100.0,100.0,4024,1530,379,13,3,0,0.0032306163021868788,0.00196078431372549,0.0,0.8,0.6000000000000001,0.5,0.5,75.0,50.0,65.0,0.9,0.6000000000000001,0.6000000000000001,0.6000000000000001,65.0,50.0,75.0,2309,2305,4,2309,0.0017323516673884798,0.8426237100434952,1.0,0.8426237100434952,1352,0.5865509761388287,1.0,1
"iteration_2","SCOPE_DATA_COLLECTION",500,45,2770.0,2830.0,2,2970,2311,652,2971,2377,649,2963,2300,646,1,7,8,3.3738191632928474E-4,0.003034243606415258,0.012232415902140673,0.3292805086921445,0.8359124010425488,1.5624510406437184,0.658561017384289,0.8359124010425488,1.0416340270958122,0.15659804252446843,0.5882608695652174,0.6811145510835913,100.0,100.0,4024,1530,379,13,3,0,0.0032306163021868788,0.00196078431372549,0.0,0.8,0.6000000000000001,0.5,0.5,75.0,50.0,65.0,0.9,0.6000000000000001,0.6000000000000001,0.6000000000000001,65.0,50.0,75.0,658,653,5,658,0.007598784194528876,1.5307476300368905,1.5,1.0204984200245937,432,0.6615620214395099,1.0,1
"iteration_2","SCOPE_DATA_COLLECTION",500,46,2830.0,2890.0,0,2971,2309,658,2970,2311,652,2969,2322,652,5,4,5,0.0016812373907195697,0.0017196904557179708,0.0076103500761035,0.33303901721898405,0.8434421085886892,1.5272891314630488,0.6660780344379681,0.8434421085886892,1.0181927543086993,0.17480633209834961,0.5861326442721791,0.661042944785276,95.0,100.0,4045,1711,182,13,1,0,0.0032138442521631645,5.844535359438924E-4,0.0,0.9,0.6000000000000001,0.6000000000000001,0.6000000000000001,65.0,50.0,75.0,0.9,0.6000000000000001,0.6000000000000001,0.6000000000000001,65.0,50.0,75.0,2982,2980,2,2982,6.706908115358819E-4,0.3246360525916861,0.5,0.6492721051833722,457,0.15335570469798657,1.0,1
"iteration_2","SCOPE_DATA_COLLECTION",500,46,2830.0,2890.0,1,2971,2309,658,2970,2311,652,2969,2322,652,5,4,5,0.0016812373907195697,0.0017196904557179708,0.0076103500761035,0.33303901721898405,0.8434421085886892,1.5272891314630488,0.6660780344379681,0.8434421085886892,1.0181927543086993,0.17480633209834961,0.5861326442721791,0.661042944785276,95.0,100.0,4045,1711,182,13,1,0,0.0032138442521631645,5.844535359438924E-4,0.0,0.9,0.6000000000000001,0.6000000000000001,0.6000000000000001,65.0,50.0,75.0,0.9,0.6000000000000001,0.6000000000000001,0.6000000000000001,65.0,50.0,75.0,2303,2300,3,2303,0.0013026487190620929,0.8250621478200679,1.0,0.8250621478200679,1335,0.5804347826086956,1.0,1
"iteration_2","SCOPE_DATA_COLLECTION",500,46,2830.0,2890.0,2,2971,2309,658,2970,2311,652,2969,2322,652,5,4,5,0.0016812373907195697,0.0017196904557179708,0.0076103500761035,0.33303901721898405,0.8434421085886892,1.5272891314630488,0.6660780344379681,0.8434421085886892,1.0181927543086993,0.17480633209834961,0.5861326442721791,0.661042944785276,95.0,100.0,4045,1711,182,13,1,0,0.0032138442521631645,5.844535359438924E-4,0.0,0.9,0.6000000000000001,0.6000000000000001,0.6000000000000001,65.0,50.0,75.0,0.9,0.6000000000000001,0.6000000000000001,0.6000000000000001,65.0,50.0,75.0,654,651,3,654,0.0045871559633027525,1.5820487179574532,1.5,1.0546991453049688,450,0.6912442396313364,1.0,1
"iteration_2","SCOPE_DATA_COLLECTION",500,47,2890.0,2950.0,0,2982,2303,654,2971,2309,658,2975,2279,646,2,3,3,6.718172657037286E-4,0.0013146362839614374,0.004622496147919877,0.3242762546066336,0.824637488988561,1.591693362976731,0.6485525092132672,0.824637488988561,1.061128908651154,0.1515966386554622,0.5813953488372093,0.6965944272445821,95.0,100.0,3965,1784,190,8,0,0,0.00201765447667087,0.0,0.0,0.9,0.6000000000000001,0.6000000000000001,0.6000000000000001,65.0,50.0,75.0,0.05,0.9,0.1,0.7000000000000001,55.0,85.0,35.0,2931,2930,1,2931,3.41180484476288E-4,0.3171113027421391,0.5,0.6342226054842782,383,0.13071672354948805,1.0,1
"iteration_2","SCOPE_DATA_COLLECTION",500,47,2890.0,2950.0,1,2982,2303,654,2971,2309,658,2975,2279,646,2,3,3,6.718172657037286E-4,0.0013146362839614374,0.004622496147919877,0.3242762546066336,0.824637488988561,1.591693362976731,0.6485525092132672,0.824637488988561,1.061128908651154,0.1515966386554622,0.5813953488372093,0.6965944272445821,95.0,100.0,3965,1784,190,8,0,0,0.00201765447667087,0.0,0.0,0.9,0.6000000000000001,0.6000000000000001,0.6000000000000001,65.0,50.0,75.0,0.05,0.9,0.1,0.7000000000000001,55.0,85.0,35.0,2324,2324,0,2324,0.0,0.7886992921003533,1.0,0.7886992921003533,1288,0.5542168674698795,1.0,1
"iteration_2","SCOPE_DATA_COLLECTION",500,47,2890.0,2950.0,2,2982,2303,654,2971,2309,658,2975,2279,646,2,3,3,6.718172657037286E-4,0.0013146362839614374,0.004622496147919877,0.3242762546066336,0.824637488988561,1.591693362976731,0.6485525092132672,0.824637488988561,1.061128908651154,0.1515966386554622,0.5813953488372093,0.6965944272445821,95.0,100.0,3965,1784,190,8,0,0,0.00201765447667087,0.0,0.0,0.9,0.6000000000000001,0.6000000000000001,0.6000000000000001,65.0,50.0,75.0,0.05,0.9,0.1,0.7000000000000001,55.0,85.0,35.0,663,661,2,663,0.0030165912518853697,1.5037231119896224,1.5,1.0024820746597483,440,0.6656580937972768,1.0,1
"iteration_2","SCOPE_DATA_COLLECTION",500,48,2950.0,3010.0,0,2931,2324,663,2982,2303,654,2943,2343,662,1,0,2,3.3967391304347825E-4,0.0,0.0030120481927710845,0.3175623036140735,0.7899365028266715,1.4966795913521305,0.635124607228147,0.7899365028266715,0.9977863942347537,0.13285762827047232,0.5548442168160478,0.6601208459214502,95.0,100.0,4023,100,1795,3,0,0,7.457121551081282E-4,0.0,0.0,0.05,0.9,0.1,0.7000000000000001,55.0,85.0,35.0,0.15000000000000002,0.8,0.2,0.8,45.0,75.0,35.0,2933,2931,2,2933,6.818956699624957E-4,0.31820860786630734,0.5,0.6364172157326147,430,0.1467076083248038,1.0,1
"iteration_2","SCOPE_DATA_COLLECTION",500,48,2950.0,3010.0,1,2931,2324,663,2982,2303,654,2943,2343,662,1,0,2,3.3967391304347825E-4,0.0,0.0030120481927710845,0.3175623036140735,0.7899365028266715,1.4966795913521305,0.635124607228147,0.7899365028266715,0.9977863942347537,0.13285762827047232,0.5548442168160478,0.6601208459214502,95.0,100.0,4023,100,1795,3,0,0,7.457121551081282E-4,0.0,0.0,0.05,0.9,0.1,0.7000000000000001,55.0,85.0,35.0,0.15000000000000002,0.8,0.2,0.8,45.0,75.0,35.0,2353,2351,2,2353,8.499787505312367E-4,0.8210422790226575,1.0,0.8210422790226575,1361,0.5789025946405785,1.0,1
"iteration_2","SCOPE_DATA_COLLECTION",500,48,2950.0,3010.0,2,2931,2324,663,2982,2303,654,2943,2343,662,1,0,2,3.3967391304347825E-4,0.0,0.0030120481927710845,0.3175623036140735,0.7899365028266715,1.4966795913521305,0.635124607228147,0.7899365028266715,0.9977863942347537,0.13285762827047232,0.5548442168160478,0.6601208459214502,95.0,100.0,4023,100,1795,3,0,0,7.457121551081282E-4,0.0,0.0,0.05,0.9,0.1,0.7000000000000001,55.0,85.0,35.0,0.15000000000000002,0.8,0.2,0.8,45.0,75.0,35.0,610,608,2,610,0.003278688524590164,1.5387684064017053,1.5,1.0258456042678035,413,0.6792763157894737,1.0,1
"iteration_2","SCOPE_DATA_COLLECTION",500,49,3010.0,3070.0,0,2933,2353,610,2931,2324,663,2927,2353,603,2,2,2,6.828269033799932E-4,8.492569002123143E-4,0.003305785123966942,0.3181279324707938,0.821392517536672,1.5380411783023906,0.6362558649415876,0.821392517536672,1.0253607855349272,0.14554151007857874,0.5788355291117722,0.6799336650082919,95.0,100.0,4001,284,1611,6,0,0,0.0014996250937265683,0.0,0.0,0.15000000000000002,0.8,0.2,0.8,45.0,75.0,35.0,0.7000000000000001,0.6000000000000001,0.1,0.5,95.0,95.0,30.0,3002,3001,1,3002,3.3311125916055963E-4,0.3171526746086335,0.5,0.634305349217267,411,0.13695434855048316,1.0,1
"iteration_2","SCOPE_DATA_COLLECTION",500,49,3010.0,3070.0,1,2933,2353,610,2931,2324,663,2927,2353,603,2,2,2,6.828269033799932E-4,8.492569002123143E-4,0.003305785123966942,0.3181279324707938,0.821392517536672,1.5380411783023906,0.6362558649415876,0.821392517536672,1.0253607855349272,0.14554151007857874,0.5788355291117722,0.6799336650082919,95.0,100.0,4001,284,1611,6,0,0,0.0014996250937265683,0.0,0.0,0.15000000000000002,0.8,0.2,0.8,45.0,75.0,35.0,0.7000000000000001,0.6000000000000001,0.1,0.5,95.0,95.0,30.0,2315,2314,1,2315,4.3196544276457883E-4,0.7900262086555161,1.0,0.7900262086555161,1290,0.557476231633535,1.0,1
"iteration_2","SCOPE_DATA_COLLECTION",500,49,3010.0,3070.0,2,2933,2353,610,2931,2324,663,2927,2353,603,2,2,2,6.828269033799932E-4,8.492569002123143E-4,0.003305785123966942,0.3181279324707938,0.821392517536672,1.5380411783023906,0.6362558649415876,0.821392517536672,1.0253607855349272,0.14554151007857874,0.5788355291117722,0.6799336650082919,95.0,100.0,4001,284,1611,6,0,0,0.0014996250937265683,0.0,0.0,0.15000000000000002,0.8,0.2,0.8,45.0,75.0,35.0,0.7000000000000001,0.6000000000000001,0.1,0.5,95.0,95.0,30.0,696,692,4,696,0.005747126436781609,1.4967510745739114,1.5,0.9978340497159409,457,0.6604046242774566,1.0,1
"iteration_2","SCOPE_DATA_COLLECTION",500,50,3070.0,3130.0,0,3002,2315,696,2933,2353,610,2996,2309,696,1,1,4,3.33667000333667E-4,4.329004329004329E-4,0.005714285714285714,0.31654618913673194,0.7890008429414972,1.4963068416395995,0.6330923782734639,0.7890008429414972,0.9975378944263996,0.13551401869158877,0.5556517973148549,0.6580459770114943,100.0,100.0,3993,1411,609,6,0,0,0.0015026296018031556,0.0,0.0,0.7000000000000001,0.6000000000000001,0.1,0.5,95.0,95.0,30.0,0.7000000000000001,0.6000000000000001,0.1,0.5,95.0,95.0,30.0,2880,2879,1,2880,3.4722222222222224E-4,0.3170473990966832,0.5,0.6340947981933664,420,0.1458839874956582,1.0,1
"iteration_2","SCOPE_DATA_COLLECTION",500,50,3070.0,3130.0,1,3002,2315,696,2933,2353,610,2996,2309,696,1,1,4,3.33667000333667E-4,4.329004329004329E-4,0.005714285714285714,0.31654618913673194,0.7890008429414972,1.4963068416395995,0.6330923782734639,0.7890008429414972,0.9975378944263996,0.13551401869158877,0.5556517973148549,0.6580459770114943,100.0,100.0,3993,1411,609,6,0,0,0.0015026296018031556,0.0,0.0,0.7000000000000001,0.6000000000000001,0.1,0.5,95.0,95.0,30.0,0.7000000000000001,0.6000000000000001,0.1,0.5,95.0,95.0,30.0,2360,2358,2,2360,8.47457627118644E-4,0.8003855388562521,1.0,0.8003855388562521,1308,0.55470737913486,1.0,1
"iteration_2","SCOPE_DATA_COLLECTION",500,50,3070.0,3130.0,2,3002,2315,696,2933,2353,610,2996,2309,696,1,1,4,3.33667000333667E-4,4.329004329004329E-4,0.005714285714285714,0.31654618913673194,0.7890008429414972,1.4963068416395995,0.6330923782734639,0.7890008429414972,0.9975378944263996,0.13551401869158877,0.5556517973148549,0.6580459770114943,100.0,100.0,3993,1411,609,6,0,0,0.0015026296018031556,0.0,0.0,0.7000000000000001,0.6000000000000001,0.1,0.5,95.0,95.0,30.0,0.7000000000000001,0.6000000000000001,0.1,0.5,95.0,95.0,30.0,649,648,1,649,0.0015408320493066256,1.5284573925352953,1.5,1.0189715950235303,439,0.6774691358024691,1.0,1
"iteration_2","SCOPE_DATA_COLLECTION",500,51,3130.0,3190.0,0,2880,2360,649,3002,2315,696,2881,2348,656,1,2,1,3.4698126301179735E-4,8.51063829787234E-4,0.0015220700152207,0.3172577432151876,0.7994244064626456,1.5331625839416239,0.6345154864303753,0.7994244064626456,1.0221083892944158,0.14612981603609856,0.5549403747870528,0.6814024390243902,100.0,100.0,3957,1334,598,3,1,0,7.58150113722517E-4,7.496251874062968E-4,0.0,0.7000000000000001,0.6000000000000001,0.1,0.5,95.0,95.0,30.0,0.25,0.9,0.4,0.1,30.0,85.0,85.0,2956,2955,1,2956,3.3829499323410016E-4,0.314545983939371,0.5,0.629091967878742,433,0.14653130287648053,1.0,1
"iteration_2","SCOPE_DATA_COLLECTION",500,51,3130.0,3190.0,1,2880,2360,649,3002,2315,696,2881,2348,656,1,2,1,3.4698126301179735E-4,8.51063829787234E-4,0.0015220700152207,0.3172577432151876,0.7994244064626456,1.5331625839416239,0.6345154864303753,0.7994244064626456,1.0221083892944158,0.14612981603609856,0.5549403747870528,0.6814024390243902,100.0,100.0,3957,1334,598,3,1,0,7.58150113722517E-4,7.496251874062968E-4,0.0,0.7000000000000001,0.6000000000000001,0.1,0.5,95.0,95.0,30.0,0.25,0.9,0.4,0.1,30.0,85.0,85.0,2321,2319,2,2321,8.616975441619991E-4,0.8080368618966906,1.0,0.8080368618966906,1316,0.567485985338508,1.0,1
"iteration_2","SCOPE_DATA_COLLECTION",500,51,3130.0,3190.0,2,2880,2360,649,3002,2315,696,2881,2348,656,1,2,1,3.4698126301179735E-4,8.51063829787234E-4,0.0015220700152207,0.3172577432151876,0.7994244064626456,1.5331625839416239,0.6345154864303753,0.7994244064626456,1.0221083892944158,0.14612981603609856,0.5549403747870528,0.6814024390243902,100.0,100.0,3957,1334,598,3,1,0,7.58150113722517E-4,7.496251874062968E-4,0.0,0.7000000000000001,0.6000000000000001,0.1,0.5,95.0,95.0,30.0,0.25,0.9,0.4,0.1,30.0,85.0,85.0,659,657,2,659,0.0030349013657056147,1.495218106650344,1.5,0.9968120711002294,438,0.6666666666666666,1.0,1
"iteration_2","SCOPE_DATA_COLLECTION",500,52,3190.0,3250.0,0,2956,2321,659,2880,2360,649,2954,2329,653,1,2,2,3.3840947546531303E-4,8.58000858000858E-4,0.0030534351145038168,0.31410778603148887,0.8085478892623962,1.4924019162324262,0.6282155720629777,0.8085478892623962,0.9949346108216175,0.14590385917400137,0.5680549592099614,0.664624808575804,97.5,100.0,3939,514,1483,5,0,0,0.0012693577050012694,0.0,0.0,0.25,0.9,0.4,0.1,30.0,85.0,85.0,0.1,0.5,0.2,0.4,85.0,90.0,60.0,2896,2895,1,2896,3.453038674033149E-4,0.3265185500211782,0.5,0.6530371000423564,486,0.16787564766839377,1.0,1
"iteration_2","SCOPE_DATA_COLLECTION",500,52,3190.0,3250.0,1,2956,2321,659,2880,2360,649,2954,2329,653,1,2,2,3.3840947546531303E-4,8.58000858000858E-4,0.0030534351145038168,0.31410778603148887,0.8085478892623962,1.4924019162324262,0.6282155720629777,0.8085478892623962,0.9949346108216175,0.14590385917400137,0.5680549592099614,0.664624808575804,97.5,100.0,3939,514,1483,5,0,0,0.0012693577050012694,0.0,0.0,0.25,0.9,0.4,0.1,30.0,85.0,85.0,0.1,0.5,0.2,0.4,85.0,90.0,60.0,2336,2333,3,2336,0.0012842465753424657,0.793366419981212,1.0,0.793366419981212,1301,0.5576510930132876,1.0,1
"iteration_2","SCOPE_DATA_COLLECTION",500,52,3190.0,3250.0,2,2956,2321,659,2880,2360,649,2954,2329,653,1,2,2,3.3840947546531303E-4,8.58000858000858E-4,0.0030534351145038168,0.31410778603148887,0.8085478892623962,1.4924019162324262,0.6282155720629777,0.8085478892623962,0.9949346108216175,0.14590385917400137,0.5680549592099614,0.664624808575804,97.5,100.0,3939,514,1483,5,0,0,0.0012693577050012694,0.0,0.0,0.25,0.9,0.4,0.1,30.0,85.0,85.0,0.1,0.5,0.2,0.4,85.0,90.0,60.0,663,661,2,663,0.0030165912518853697,1.5306868609344095,1.5,1.0204579072896063,444,0.6717095310136157,1.0,1
"iteration_2","SCOPE_DATA_COLLECTION",500,53,3250.0,3310.0,0,2896,2336,663,2956,2321,659,2893,2336,662,1,3,2,3.455425017277125E-4,0.0012825994014536127,0.0030120481927710845,0.32733996138785687,0.7951731735257092,1.537044171290093,0.6546799227757137,0.7951731735257092,1.0246961141933955,0.1717939854821984,0.5573630136986302,0.675226586102719,100.0,100.0,3976,190,1729,6,0,0,0.0015090543259557343,0.0,0.0,0.1,0.5,0.2,0.4,85.0,90.0,60.0,0.05,0.6000000000000001,0.30000000000000004,0.5,95.0,90.0,60.0,2933,2929,4,2933,0.0013637913399249914,0.3207784705614259,0.5,0.6415569411228518,468,0.1597814953909184,1.0,1
"iteration_2","SCOPE_DATA_COLLECTION",500,53,3250.0,3310.0,1,2896,2336,663,2956,2321,659,2893,2336,662,1,3,2,3.455425017277125E-4,0.0012825994014536127,0.0030120481927710845,0.32733996138785687,0.7951731735257092,1.537044171290093,0.6546799227757137,0.7951731735257092,1.0246961141933955,0.1717939854821984,0.5573630136986302,0.675226586102719,100.0,100.0,3976,190,1729,6,0,0,0.0015090543259557343,0.0,0.0,0.1,0.5,0.2,0.4,85.0,90.0,60.0,0.05,0.6000000000000001,0.30000000000000004,0.5,95.0,90.0,60.0,2228,2228,0,2228,0.0,0.8089697088377145,1.0,0.8089697088377145,1236,0.5547576301615799,1.0,1
"iteration_2","SCOPE_DATA_COLLECTION",500,53,3250.0,3310.0,2,2896,2336,663,2956,2321,659,2893,2336,662,1,3,2,3.455425017277125E-4,0.0012825994014536127,0.0030120481927710845,0.32733996138785687,0.7951731735257092,1.537044171290093,0.6546799227757137,0.7951731735257092,1.0246961141933955,0.1717939854821984,0.5573630136986302,0.675226586102719,100.0,100.0,3976,190,1729,6,0,0,0.0015090543259557343,0.0,0.0,0.1,0.5,0.2,0.4,85.0,90.0,60.0,0.05,0.6000000000000001,0.30000000000000004,0.5,95.0,90.0,60.0,650,649,1,650,0.0015384615384615385,1.513757786497783,1.5,1.0091718576651887,432,0.6656394453004623,1.0,1
"iteration_2","SCOPE_DATA_COLLECTION",500,54,3310.0,3370.0,0,2933,2228,650,2896,2336,663,2935,2234,649,4,0,1,0.0013610071452875127,0.0,0.0015384615384615385,0.32075329395150326,0.8085770800078677,1.5055085029102842,0.6415065879030065,0.8085770800078677,1.0036723352735228,0.15843270868824533,0.5555058191584602,0.662557781201849,92.5,100.0,3944,91,1776,5,0,0,0.0012677484787018255,0.0,0.0,0.05,0.6000000000000001,0.30000000000000004,0.5,95.0,90.0,60.0,0.65,0.1,0.5,0.4,90.0,85.0,70.0,2867,2866,1,2867,3.487966515521451E-4,0.3129870846027744,0.5,0.6259741692055488,326,0.1137473831123517,1.0,1
"iteration_2","SCOPE_DATA_COLLECTION",500,54,3310.0,3370.0,1,2933,2228,650,2896,2336,663,2935,2234,649,4,0,1,0.0013610071452875127,0.0,0.0015384615384615385,0.32075329395150326,0.8085770800078677,1.5055085029102842,0.6415065879030065,0.8085770800078677,1.0036723352735228,0.15843270868824533,0.5555058191584602,0.662557781201849,92.5,100.0,3944,91,1776,5,0,0,0.0012677484787018255,0.0,0.0,0.05,0.6000000000000001,0.30000000000000004,0.5,95.0,90.0,60.0,0.65,0.1,0.5,0.4,90.0,85.0,70.0,2300,2294,6,2300,0.0026086956521739132,0.8479794890482667,1.0,0.8479794890482667,1373,0.5985178727114211,1.0,1
"iteration_2","SCOPE_DATA_COLLECTION",500,54,3310.0,3370.0,2,2933,2228,650,2896,2336,663,2935,2234,649,4,0,1,0.0013610071452875127,0.0,0.0015384615384615385,0.32075329395150326,0.8085770800078677,1.5055085029102842,0.6415065879030065,0.8085770800078677,1.0036723352735228,0.15843270868824533,0.5555058191584602,0.662557781201849,92.5,100.0,3944,91,1776,5,0,0,0.0012677484787018255,0.0,0.0,0.05,0.6000000000000001,0.30000000000000004,0.5,95.0,90.0,60.0,0.65,0.1,0.5,0.4,90.0,85.0,70.0,652,648,4,652,0.006134969325153374,1.6123612194263677,1.5,1.0749074796175784,468,0.7222222222222222,1.0,1
"iteration_2","SCOPE_DATA_COLLECTION",500,55,3370.0,3430.0,0,2867,2300,652,2933,2228,650,2868,2280,647,1,6,4,3.485535029627048E-4,0.0026246719160104987,0.006144393241167435,0.3134661735780306,0.8469625469400333,1.6214309169114944,0.6269323471560612,0.8469625469400333,1.080953944607663,0.11401673640167365,0.5991228070175438,0.7264296754250387,90.0,100.0,4037,1140,642,10,1,0,0.0024770869457517958,8.771929824561404E-4,0.0,0.65,0.1,0.5,0.4,90.0,85.0,70.0,0.65,0.1,0.4,0.4,95.0,85.0,60.0,2815,2813,2,2815,7.104795737122557E-4,0.321179119610646,0.5,0.642358239221292,388,0.13793103448275862,1.0,1
"iteration_2","SCOPE_DATA_COLLECTION",500,55,3370.0,3430.0,1,2867,2300,652,2933,2228,650,2868,2280,647,1,6,4,3.485535029627048E-4,0.0026246719160104987,0.006144393241167435,0.3134661735780306,0.8469625469400333,1.6214309169114944,0.6269323471560612,0.8469625469400333,1.080953944607663,0.11401673640167365,0.5991228070175438,0.7264296754250387,90.0,100.0,4037,1140,642,10,1,0,0.0024770869457517958,8.771929824561404E-4,0.0,0.65,0.1,0.5,0.4,90.0,85.0,70.0,0.65,0.1,0.4,0.4,95.0,85.0,60.0,2294,2292,2,2294,8.718395815170009E-4,0.8250043117568236,1.0,0.8250043117568236,1325,0.5780977312390925,1.0,1
"iteration_2","SCOPE_DATA_COLLECTION",500,55,3370.0,3430.0,2,2867,2300,652,2933,2228,650,2868,2280,647,1,6,4,3.485535029627048E-4,0.0026246719160104987,0.006144393241167435,0.3134661735780306,0.8469625469400333,1.6214309169114944,0.6269323471560612,0.8469625469400333,1.080953944607663,0.11401673640167365,0.5991228070175438,0.7264296754250387,90.0,100.0,4037,1140,642,10,1,0,0.0024770869457517958,8.771929824561404E-4,0.0,0.65,0.1,0.5,0.4,90.0,85.0,70.0,0.65,0.1,0.4,0.4,95.0,85.0,60.0,653,650,3,653,0.004594180704441042,1.6557185194198645,1.5,1.1038123462799097,487,0.7492307692307693,1.0,1
"iteration_2","SCOPE_DATA_COLLECTION",500,56,3430.0,3490.0,0,2815,2294,653,2867,2300,652,2806,2306,657,2,2,3,7.122507122507123E-4,8.665511265164644E-4,0.004545454545454545,0.3206605476772641,0.8263126448068829,1.653144375160246,0.6413210953545282,0.8263126448068829,1.1020962501068305,0.13791874554526015,0.5784908933217693,0.7473363774733638,87.5,100.0,4001,1116,645,7,0,0,0.0017495626093476631,0.0,0.0,0.65,0.1,0.4,0.4,95.0,85.0,60.0,0.65,0.2,0.4,0.5,85.0,75.0,70.0,2866,2865,1,2866,3.489183531053733E-4,0.323115876089541,0.5,0.646231752179082,427,0.14904013961605583,1.0,1
"iteration_2","SCOPE_DATA_COLLECTION",500,56,3430.0,3490.0,1,2815,2294,653,2867,2300,652,2806,2306,657,2,2,3,7.122507122507123E-4,8.665511265164644E-4,0.004545454545454545,0.3206605476772641,0.8263126448068829,1.653144375160246,0.6413210953545282,0.8263126448068829,1.1020962501068305,0.13791874554526015,0.5784908933217693,0.7473363774733638,87.5,100.0,4001,1116,645,7,0,0,0.0017495626093476631,0.0,0.0,0.65,0.1,0.4,0.4,95.0,85.0,60.0,0.65,0.2,0.4,0.5,85.0,75.0,70.0,2357,2355,2,2357,8.485362749257531E-4,0.8103516087447505,1.0,0.8103516087447505,1327,0.5634819532908705,1.0,1
"iteration_2","SCOPE_DATA_COLLECTION",500,56,3430.0,3490.0,2,2815,2294,653,2867,2300,652,2806,2306,657,2,2,3,7.122507122507123E-4,8.665511265164644E-4,0.004545454545454545,0.3206605476772641,0.8263126448068829,1.653144375160246,0.6413210953545282,0.8263126448068829,1.1020962501068305,0.13791874554526015,0.5784908933217693,0.7473363774733638,87.5,100.0,4001,1116,645,7,0,0,0.0017495626093476631,0.0,0.0,0.65,0.1,0.4,0.4,95.0,85.0,60.0,0.65,0.2,0.4,0.5,85.0,75.0,70.0,673,670,3,673,0.004457652303120356,1.5368011118147988,1.5,1.0245340745431992,450,0.6716417910447762,1.0,1
"iteration_2","SCOPE_DATA_COLLECTION",500,57,3490.0,3550.0,0,2866,2357,673,2815,2294,653,2867,2345,663,1,2,3,3.486750348675035E-4,8.521516829995739E-4,0.0045045045045045045,0.3230077931676123,0.8082527553195838,1.533007270552979,0.6460155863352246,0.8082527553195838,1.0220048470353194,0.14858737356121382,0.5624733475479744,0.669683257918552,92.5,100.0,3997,1226,673,6,0,0,0.0015011258443832875,0.0,0.0,0.65,0.2,0.4,0.5,85.0,75.0,70.0,0.05,0.6000000000000001,0.8,0.5,40.0,40.0,75.0,2954,2952,2,2954,6.770480704129993E-4,0.3264939098965719,0.5,0.6529878197931438,503,0.1703929539295393,1.0,1
"iteration_2","SCOPE_DATA_COLLECTION",500,57,3490.0,3550.0,1,2866,2357,673,2815,2294,653,2867,2345,663,1,2,3,3.486750348675035E-4,8.521516829995739E-4,0.0045045045045045045,0.3230077931676123,0.8082527553195838,1.533007270552979,0.6460155863352246,0.8082527553195838,1.0220048470353194,0.14858737356121382,0.5624733475479744,0.669683257918552,92.5,100.0,3997,1226,673,6,0,0,0.0015011258443832875,0.0,0.0,0.65,0.2,0.4,0.5,85.0,75.0,70.0,0.05,0.6000000000000001,0.8,0.5,40.0,40.0,75.0,2339,2338,1,2339,4.2753313381787086E-4,0.8245673787140351,1.0,0.8245673787140351,1333,0.5701454234388366,1.0,1
"iteration_2","SCOPE_DATA_COLLECTION",500,57,3490.0,3550.0,2,2866,2357,673,2815,2294,653,2867,2345,663,1,2,3,3.486750348675035E-4,8.521516829995739E-4,0.0045045045045045045,0.3230077931676123,0.8082527553195838,1.533007270552979,0.6460155863352246,0.8082527553195838,1.0220048470353194,0.14858737356121382,0.5624733475479744,0.669683257918552,92.5,100.0,3997,1226,673,6,0,0,0.0015011258443832875,0.0,0.0,0.65,0.2,0.4,0.5,85.0,75.0,70.0,0.05,0.6000000000000001,0.8,0.5,40.0,40.0,75.0,629,627,2,629,0.003179650238473768,1.5526208239449628,1.5,1.035080549296642,425,0.6778309409888357,1.0,1
"iteration_2","SCOPE_DATA_COLLECTION",500,58,3550.0,3617.323150432376,0,2954,2339,629,2866,2357,673,2956,2343,629,2,1,2,6.76132521974307E-4,4.266211604095563E-4,0.003169572107765452,0.32691161150102754,0.8243846708047181,1.5496406284719393,0.6538232230020551,0.8243846708047181,1.0330937523146262,0.17083897158322056,0.5689287238583013,0.6772655007949125,97.5,100.0,4011,88,1823,5,0,0,0.0012465719272001994,0.0,0.0,0.05,0.6000000000000001,0.8,0.5,40.0,40.0,75.0,0.15000000000000002,0.5,0.9,0.5,30.0,50.0,65.0,2376,2350,4,2354,0.0016992353440951572,0.3264096701468294,0.5,0.6528193402936588,360,0.15319148936170213,0.9907407407407407,0
"iteration_2","SCOPE_DATA_COLLECTION",500,58,3550.0,3617.323150432376,1,2954,2339,629,2866,2357,673,2956,2343,629,2,1,2,6.76132521974307E-4,4.266211604095563E-4,0.003169572107765452,0.32691161150102754,0.8243846708047181,1.5496406284719393,0.6538232230020551,0.8243846708047181,1.0330937523146262,0.17083897158322056,0.5689287238583013,0.6772655007949125,97.5,100.0,4011,88,1823,5,0,0,0.0012465719272001994,0.0,0.0,0.05,0.6000000000000001,0.8,0.5,40.0,40.0,75.0,0.15000000000000002,0.5,0.9,0.5,30.0,50.0,65.0,1883,1844,2,1846,0.0010834236186348862,0.8325465578429782,1.0,0.8325465578429782,1088,0.5900216919739696,0.9803505045140732,0
"iteration_2","SCOPE_DATA_COLLECTION",500,58,3550.0,3617.323150432376,2,2954,2339,629,2866,2357,673,2956,2343,629,2,1,2,6.76132521974307E-4,4.266211604095563E-4,0.003169572107765452,0.32691161150102754,0.8243846708047181,1.5496406284719393,0.6538232230020551,0.8243846708047181,1.0330937523146262,0.17083897158322056,0.5689287238583013,0.6772655007949125,97.5,100.0,4011,88,1823,5,0,0,0.0012465719272001994,0.0,0.0,0.05,0.6000000000000001,0.8,0.5,40.0,40.0,75.0,0.15000000000000002,0.5,0.9,0.5,30.0,50.0,65.0,522,503,5,508,0.00984251968503937,1.556011888867138,1.5,1.0373412592447586,344,0.68389662027833,0.9731800766283525,0
"iteration_2","SCOPE_DATA_COLLECTION",600,0,70.0,130.0,0,3400,2271,765,0,0,0,3378,2228,751,1,6,0,2.959455460195324E-4,0.0026857654431512983,0.0,0.3141411599660676,0.8027303163426271,1.4050000134066558,0.6282823199321352,0.8027303163426271,0.9366666756044372,0.1737714624037892,0.5489228007181328,0.6005326231691078,100.0,100.0,4005,1453,978,7,0,0,0.0017478152309612985,0.0,0.0,0.6,0.5,0.7,0.4,85.0,80.0,90.0,0.6,0.5,0.7,0.4,85.0,80.0,90.0,3781,3778,3,3781,7.934408886537953E-4,0.3156810713682999,0.5,0.6313621427365999,720,0.19057702488088937,1.0,1
"iteration_2","SCOPE_DATA_COLLECTION",600,0,70.0,130.0,1,3400,2271,765,0,0,0,3378,2228,751,1,6,0,2.959455460195324E-4,0.0026857654431512983,0.0,0.3141411599660676,0.8027303163426271,1.4050000134066558,0.6282823199321352,0.8027303163426271,0.9366666756044372,0.1737714624037892,0.5489228007181328,0.6005326231691078,100.0,100.0,4005,1453,978,7,0,0,0.0017478152309612985,0.0,0.0,0.6,0.5,0.7,0.4,85.0,80.0,90.0,0.6,0.5,0.7,0.4,85.0,80.0,90.0,2453,2452,1,2453,4.0766408479412964E-4,0.7726885260957419,1.0,0.7726885260957419,1263,0.515089722675367,1.0,1
"iteration_2","SCOPE_DATA_COLLECTION",600,0,70.0,130.0,2,3400,2271,765,0,0,0,3378,2228,751,1,6,0,2.959455460195324E-4,0.0026857654431512983,0.0,0.3141411599660676,0.8027303163426271,1.4050000134066558,0.6282823199321352,0.8027303163426271,0.9366666756044372,0.1737714624037892,0.5489228007181328,0.6005326231691078,100.0,100.0,4005,1453,978,7,0,0,0.0017478152309612985,0.0,0.0,0.6,0.5,0.7,0.4,85.0,80.0,90.0,0.6,0.5,0.7,0.4,85.0,80.0,90.0,793,790,3,793,0.0037831021437578815,1.4177795306145369,1.5,0.9451863537430246,478,0.6050632911392405,1.0,1
"iteration_2","SCOPE_DATA_COLLECTION",600,1,130.0,190.0,0,3781,2453,793,3400,2271,765,3779,2449,788,3,1,3,7.932310946589106E-4,4.0816326530612246E-4,0.0037926675094816687,0.3155779658544233,0.7687869737151996,1.4134778327810056,0.6311559317088467,0.7687869737151996,0.9423185551873371,0.19052659433712624,0.5128623928133932,0.6027918781725888,92.5,100.0,4259,1672,1096,7,0,0,0.001643578304766377,0.0,0.0,0.6,0.5,0.7,0.4,85.0,80.0,90.0,0.5,0.5,0.7000000000000001,0.4,95.0,70.0,95.0,3757,3753,4,3757,0.001064679265371307,0.31197382112804495,0.5,0.6239476422560899,668,0.17799094058086865,1.0,1
"iteration_2","SCOPE_DATA_COLLECTION",600,1,130.0,190.0,1,3781,2453,793,3400,2271,765,3779,2449,788,3,1,3,7.932310946589106E-4,4.0816326530612246E-4,0.0037926675094816687,0.3155779658544233,0.7687869737151996,1.4134778327810056,0.6311559317088467,0.7687869737151996,0.9423185551873371,0.19052659433712624,0.5128623928133932,0.6027918781725888,92.5,100.0,4259,1672,1096,7,0,0,0.001643578304766377,0.0,0.0,0.6,0.5,0.7,0.4,85.0,80.0,90.0,0.5,0.5,0.7000000000000001,0.4,95.0,70.0,95.0,2524,2516,8,2524,0.003169572107765452,0.7851772086570392,1.0,0.7851772086570392,1349,0.5361685214626392,1.0,1
"iteration_2","SCOPE_DATA_COLLECTION",600,1,130.0,190.0,2,3781,2453,793,3400,2271,765,3779,2449,788,3,1,3,7.932310946589106E-4,4.0816326530612246E-4,0.0037926675094816687,0.3155779658544233,0.7687869737151996,1.4134778327810056,0.6311559317088467,0.7687869737151996,0.9423185551873371,0.19052659433712624,0.5128623928133932,0.6027918781725888,92.5,100.0,4259,1672,1096,7,0,0,0.001643578304766377,0.0,0.0,0.6,0.5,0.7,0.4,85.0,80.0,90.0,0.5,0.5,0.7000000000000001,0.4,95.0,70.0,95.0,793,792,1,793,0.0012610340479192938,1.38124213077358,1.5,0.9208280871823867,462,0.5833333333333334,1.0,1
"iteration_2","SCOPE_DATA_COLLECTION",600,2,190.0,250.0,0,3757,2524,793,3781,2453,793,3752,2524,785,4,8,1,0.0010649627263045794,0.00315955766192733,0.001272264631043257,0.31153893649062825,0.7883650502494978,1.3817692429568342,0.6230778729812565,0.7883650502494978,0.9211794953045561,0.17697228144989338,0.5388272583201268,0.5834394904458599,100.0,100.0,4305,1385,1384,11,2,0,0.0025551684088269454,0.001444043321299639,0.0,0.5,0.5,0.7000000000000001,0.4,95.0,70.0,95.0,0.5,0.5,0.7000000000000001,0.4,95.0,70.0,95.0,3730,3725,5,3730,0.0013404825737265416,0.3292283636078298,0.5,0.6584567272156596,857,0.23006711409395972,1.0,1
"iteration_2","SCOPE_DATA_COLLECTION",600,2,190.0,250.0,1,3757,2524,793,3781,2453,793,3752,2524,785,4,8,1,0.0010649627263045794,0.00315955766192733,0.001272264631043257,0.31153893649062825,0.7883650502494978,1.3817692429568342,0.6230778729812565,0.7883650502494978,0.9211794953045561,0.17697228144989338,0.5388272583201268,0.5834394904458599,100.0,100.0,4305,1385,1384,11,2,0,0.0025551684088269454,0.001444043321299639,0.0,0.5,0.5,0.7000000000000001,0.4,95.0,70.0,95.0,0.5,0.5,0.7000000000000001,0.4,95.0,70.0,95.0,2565,2559,6,2565,0.0023391812865497076,0.794516034915419,1.0,0.794516034915419,1349,0.5271590465025401,1.0,1
"iteration_2","SCOPE_DATA_COLLECTION",600,2,190.0,250.0,2,3757,2524,793,3781,2453,793,3752,2524,785,4,8,1,0.0010649627263045794,0.00315955766192733,0.001272264631043257,0.31153893649062825,0.7883650502494978,1.3817692429568342,0.6230778729812565,0.7883650502494978,0.9211794953045561,0.17697228144989338,0.5388272583201268,0.5834394904458599,100.0,100.0,4305,1385,1384,11,2,0,0.0025551684088269454,0.001444043321299639,0.0,0.5,0.5,0.7000000000000001,0.4,95.0,70.0,95.0,0.5,0.5,0.7000000000000001,0.4,95.0,70.0,95.0,860,855,5,860,0.005813953488372093,1.4051816329805717,1.5,0.9367877553203812,506,0.591812865497076,1.0,1
"iteration_2","SCOPE_DATA_COLLECTION",600,3,250.0,310.0,0,3730,2565,860,3757,2524,793,3718,2554,866,5,6,5,0.0013430029546065002,0.00234375,0.0057405281285878304,0.3298491530787895,0.7925119774496417,1.4112096970340837,0.659698306157579,0.7925119774496417,0.9408064646893891,0.23238300161377085,0.5246671887235709,0.5946882217090069,100.0,100.0,4258,1431,1466,14,2,0,0.0032879286049788633,0.001397624039133473,0.0,0.5,0.5,0.7000000000000001,0.4,95.0,70.0,95.0,0.25,0.4,0.2,0.8,25.0,95.0,20.0,3771,3769,2,3771,5.303632988597189E-4,0.3135719973036318,0.5,0.6271439946072636,752,0.19952241973998408,1.0,1
"iteration_2","SCOPE_DATA_COLLECTION",600,3,250.0,310.0,1,3730,2565,860,3757,2524,793,3718,2554,866,5,6,5,0.0013430029546065002,0.00234375,0.0057405281285878304,0.3298491530787895,0.7925119774496417,1.4112096970340837,0.659698306157579,0.7925119774496417,0.9408064646893891,0.23238300161377085,0.5246671887235709,0.5946882217090069,100.0,100.0,4258,1431,1466,14,2,0,0.0032879286049788633,0.001397624039133473,0.0,0.5,0.5,0.7000000000000001,0.4,95.0,70.0,95.0,0.25,0.4,0.2,0.8,25.0,95.0,20.0,2526,2523,3,2526,0.0011876484560570072,0.7534550835107047,1.0,0.7534550835107047,1309,0.5188267934998019,1.0,1
"iteration_2","SCOPE_DATA_COLLECTION",600,3,250.0,310.0,2,3730,2565,860,3757,2524,793,3718,2554,866,5,6,5,0.0013430029546065002,0.00234375,0.0057405281285878304,0.3298491530787895,0.7925119774496417,1.4112096970340837,0.659698306157579,0.7925119774496417,0.9408064646893891,0.23238300161377085,0.5246671887235709,0.5946882217090069,100.0,100.0,4258,1431,1466,14,2,0,0.0032879286049788633,0.001397624039133473,0.0,0.5,0.5,0.7000000000000001,0.4,95.0,70.0,95.0,0.25,0.4,0.2,0.8,25.0,95.0,20.0,834,831,3,834,0.0035971223021582736,1.4351155960417916,1.5,0.9567437306945278,510,0.6137184115523465,1.0,1
"iteration_2","SCOPE_DATA_COLLECTION",600,4,310.0,370.0,0,3771,2526,834,3730,2565,860,3774,2529,815,2,3,3,5.296610169491525E-4,0.001184834123222749,0.003667481662591687,0.31315059156647257,0.756224304700501,1.4202457008074687,0.6263011831329451,0.756224304700501,0.9468304672049791,0.19793322734499205,0.5207591933570581,0.6061349693251534,95.0,100.0,4275,724,2132,7,1,0,0.0016374269005847953,0.0013812154696132596,0.0,0.25,0.4,0.2,0.8,25.0,95.0,20.0,0.25,0.30000000000000004,0.30000000000000004,0.8,20.0,95.0,20.0,3666,3664,2,3666,5.455537370430987E-4,0.3149473855706458,0.5,0.6298947711412916,689,0.18804585152838427,1.0,1
"iteration_2","SCOPE_DATA_COLLECTION",600,4,310.0,370.0,1,3771,2526,834,3730,2565,860,3774,2529,815,2,3,3,5.296610169491525E-4,0.001184834123222749,0.003667481662591687,0.31315059156647257,0.756224304700501,1.4202457008074687,0.6263011831329451,0.756224304700501,0.9468304672049791,0.19793322734499205,0.5207591933570581,0.6061349693251534,95.0,100.0,4275,724,2132,7,1,0,0.0016374269005847953,0.0013812154696132596,0.0,0.25,0.4,0.2,0.8,25.0,95.0,20.0,0.25,0.30000000000000004,0.30000000000000004,0.8,20.0,95.0,20.0,2467,2465,2,2467,8.107012565869477E-4,0.7807733060505745,1.0,0.7807733060505745,1319,0.5350912778904665,1.0,1
"iteration_2","SCOPE_DATA_COLLECTION",600,4,310.0,370.0,2,3771,2526,834,3730,2565,860,3774,2529,815,2,3,3,5.296610169491525E-4,0.001184834123222749,0.003667481662591687,0.31315059156647257,0.756224304700501,1.4202457008074687,0.6263011831329451,0.756224304700501,0.9468304672049791,0.19793322734499205,0.5207591933570581,0.6061349693251534,95.0,100.0,4275,724,2132,7,1,0,0.0016374269005847953,0.0013812154696132596,0.0,0.25,0.4,0.2,0.8,25.0,95.0,20.0,0.25,0.30000000000000004,0.30000000000000004,0.8,20.0,95.0,20.0,805,801,4,805,0.004968944099378882,1.4071216010094745,1.5,0.9380810673396497,479,0.5980024968789014,1.0,1
"iteration_2","SCOPE_DATA_COLLECTION",600,5,370.0,430.0,0,3666,2467,805,3771,2526,834,3674,2470,809,2,2,4,5.44069640914037E-4,8.090614886731392E-4,0.004920049200492005,0.3160219837658418,0.7821237628133046,1.4136671119811084,0.6320439675316836,0.7821237628133046,0.942444741320739,0.19107240065323897,0.5356275303643725,0.6019777503090235,100.0,100.0,4244,667,2027,7,1,0,0.001649387370405278,0.0014992503748125937,0.0,0.25,0.30000000000000004,0.30000000000000004,0.8,20.0,95.0,20.0,0.25,0.30000000000000004,0.30000000000000004,0.8,20.0,95.0,20.0,3745,3744,1,3745,2.67022696929239E-4,0.32587533585367157,0.5,0.6517506717073431,732,0.1955128205128205,1.0,1
"iteration_2","SCOPE_DATA_COLLECTION",600,5,370.0,430.0,1,3666,2467,805,3771,2526,834,3674,2470,809,2,2,4,5.44069640914037E-4,8.090614886731392E-4,0.004920049200492005,0.3160219837658418,0.7821237628133046,1.4136671119811084,0.6320439675316836,0.7821237628133046,0.942444741320739,0.19107240065323897,0.5356275303643725,0.6019777503090235,100.0,100.0,4244,667,2027,7,1,0,0.001649387370405278,0.0014992503748125937,0.0,0.25,0.30000000000000004,0.30000000000000004,0.8,20.0,95.0,20.0,0.25,0.30000000000000004,0.30000000000000004,0.8,20.0,95.0,20.0,2621,2616,5,2621,0.0019076688286913392,0.7714955791338386,1.0,0.7714955791338386,1365,0.5217889908256881,1.0,1
"iteration_2","SCOPE_DATA_COLLECTION",600,5,370.0,430.0,2,3666,2467,805,3771,2526,834,3674,2470,809,2,2,4,5.44069640914037E-4,8.090614886731392E-4,0.004920049200492005,0.3160219837658418,0.7821237628133046,1.4136671119811084,0.6320439675316836,0.7821237628133046,0.942444741320739,0.19107240065323897,0.5356275303643725,0.6019777503090235,100.0,100.0,4244,667,2027,7,1,0,0.001649387370405278,0.0014992503748125937,0.0,0.25,0.30000000000000004,0.30000000000000004,0.8,20.0,95.0,20.0,0.25,0.30000000000000004,0.30000000000000004,0.8,20.0,95.0,20.0,816,811,5,816,0.006127450980392157,1.4288906313882672,1.5,0.9525937542588448,496,0.6115906288532675,1.0,1
"iteration_2","SCOPE_DATA_COLLECTION",600,6,430.0,490.0,0,3745,2621,816,3666,2467,805,3747,2605,809,1,5,5,2.6680896478121667E-4,0.0019157088122605363,0.006142506142506142,0.32576549672852884,0.7688830961483253,1.4316290581137445,0.6515309934570577,0.7688830961483253,0.9544193720758297,0.1948225246864158,0.5216890595009597,0.6131025957972805,95.0,100.0,4282,676,2224,11,0,0,0.002568893040635217,0.0,0.0,0.25,0.30000000000000004,0.30000000000000004,0.8,20.0,95.0,20.0,0.35000000000000003,0.2,0.4,0.8,20.0,95.0,20.0,3748,3746,2,3748,5.336179295624333E-4,0.3151984112576027,0.5,0.6303968225152053,690,0.18419647624132407,1.0,1
"iteration_2","SCOPE_DATA_COLLECTION",600,6,430.0,490.0,1,3745,2621,816,3666,2467,805,3747,2605,809,1,5,5,2.6680896478121667E-4,0.0019157088122605363,0.006142506142506142,0.32576549672852884,0.7688830961483253,1.4316290581137445,0.6515309934570577,0.7688830961483253,0.9544193720758297,0.1948225246864158,0.5216890595009597,0.6131025957972805,95.0,100.0,4282,676,2224,11,0,0,0.002568893040635217,0.0,0.0,0.25,0.30000000000000004,0.30000000000000004,0.8,20.0,95.0,20.0,0.35000000000000003,0.2,0.4,0.8,20.0,95.0,20.0,2423,2416,7,2423,0.002888980602558811,0.7708560108148368,1.0,0.7708560108148368,1258,0.5206953642384106,1.0,1
"iteration_2","SCOPE_DATA_COLLECTION",600,6,430.0,490.0,2,3745,2621,816,3666,2467,805,3747,2605,809,1,5,5,2.6680896478121667E-4,0.0019157088122605363,0.006142506142506142,0.32576549672852884,0.7688830961483253,1.4316290581137445,0.6515309934570577,0.7688830961483253,0.9544193720758297,0.1948225246864158,0.5216890595009597,0.6131025957972805,95.0,100.0,4282,676,2224,11,0,0,0.002568893040635217,0.0,0.0,0.25,0.30000000000000004,0.30000000000000004,0.8,20.0,95.0,20.0,0.35000000000000003,0.2,0.4,0.8,20.0,95.0,20.0,822,819,3,822,0.0036496350364963502,1.4729104090212233,1.5,0.9819402726808155,518,0.6324786324786325,1.0,1
"iteration_2","SCOPE_DATA_COLLECTION",600,7,490.0,550.0,0,3748,2423,822,3745,2621,816,3739,2419,821,2,7,3,5.346164127238706E-4,0.0028854080791426216,0.0036407766990291263,0.314936895561915,0.7718803307879772,1.4711534986937025,0.62987379112383,0.7718803307879772,0.980768999129135,0.183738967638406,0.5200496072757338,0.630937880633374,100.0,100.0,4346,881,1766,11,1,0,0.0025310630464795212,0.0011350737797956867,0.0,0.35000000000000003,0.2,0.4,0.8,20.0,95.0,20.0,0.45,0.30000000000000004,0.1,0.7000000000000001,70.0,85.0,95.0,3684,3680,4,3684,0.0010857763300760044,0.3077019596125504,0.5,0.6154039192251008,586,0.1592391304347826,1.0,1
"iteration_2","SCOPE_DATA_COLLECTION",600,7,490.0,550.0,1,3748,2423,822,3745,2621,816,3739,2419,821,2,7,3,5.346164127238706E-4,0.0028854080791426216,0.0036407766990291263,0.314936895561915,0.7718803307879772,1.4711534986937025,0.62987379112383,0.7718803307879772,0.980768999129135,0.183738967638406,0.5200496072757338,0.630937880633374,100.0,100.0,4346,881,1766,11,1,0,0.0025310630464795212,0.0011350737797956867,0.0,0.35000000000000003,0.2,0.4,0.8,20.0,95.0,20.0,0.45,0.30000000000000004,0.1,0.7000000000000001,70.0,85.0,95.0,2561,2561,0,2561,0.0,0.7571457327787454,1.0,0.7571457327787454,1342,0.5240140570089808,1.0,1
"iteration_2","SCOPE_DATA_COLLECTION",600,7,490.0,550.0,2,3748,2423,822,3745,2621,816,3739,2419,821,2,7,3,5.346164127238706E-4,0.0028854080791426216,0.0036407766990291263,0.314936895561915,0.7718803307879772,1.4711534986937025,0.62987379112383,0.7718803307879772,0.980768999129135,0.183738967638406,0.5200496072757338,0.630937880633374,100.0,100.0,4346,881,1766,11,1,0,0.0025310630464795212,0.0011350737797956867,0.0,0.35000000000000003,0.2,0.4,0.8,20.0,95.0,20.0,0.45,0.30000000000000004,0.1,0.7000000000000001,70.0,85.0,95.0,795,794,1,795,0.0012578616352201257,1.4068529915726895,1.5,0.937901994381793,484,0.6095717884130982,1.0,1
"iteration_2","SCOPE_DATA_COLLECTION",600,8,550.0,610.0,0,3684,2561,795,3748,2423,822,3686,2558,801,4,0,1,0.001084010840108401,0.0,0.0012468827930174563,0.3082543955581906,0.756402002751972,1.4106954851011002,0.6165087911163812,0.756402002751972,0.9404636567340668,0.16006511123168746,0.5234558248631743,0.6117353308364545,97.5,100.0,4328,1230,1482,4,1,0,9.242144177449168E-4,8.130081300813008E-4,0.0,0.45,0.30000000000000004,0.1,0.7000000000000001,70.0,85.0,95.0,0.45,0.30000000000000004,0.1,0.7000000000000001,70.0,85.0,95.0,3685,3683,2,3685,5.42740841248304E-4,0.3057937169396187,0.5,0.6115874338792374,604,0.16399674178658702,1.0,1
"iteration_2","SCOPE_DATA_COLLECTION",600,8,550.0,610.0,1,3684,2561,795,3748,2423,822,3686,2558,801,4,0,1,0.001084010840108401,0.0,0.0012468827930174563,0.3082543955581906,0.756402002751972,1.4106954851011002,0.6165087911163812,0.756402002751972,0.9404636567340668,0.16006511123168746,0.5234558248631743,0.6117353308364545,97.5,100.0,4328,1230,1482,4,1,0,9.242144177449168E-4,8.130081300813008E-4,0.0,0.45,0.30000000000000004,0.1,0.7000000000000001,70.0,85.0,95.0,0.45,0.30000000000000004,0.1,0.7000000000000001,70.0,85.0,95.0,2533,2531,2,2533,7.895775759968417E-4,0.7658263807238812,1.0,0.7658263807238812,1356,0.5357566179375741,1.0,1
"iteration_2","SCOPE_DATA_COLLECTION",600,8,550.0,610.0,2,3684,2561,795,3748,2423,822,3686,2558,801,4,0,1,0.001084010840108401,0.0,0.0012468827930174563,0.3082543955581906,0.756402002751972,1.4106954851011002,0.6165087911163812,0.756402002751972,0.9404636567340668,0.16006511123168746,0.5234558248631743,0.6117353308364545,97.5,100.0,4328,1230,1482,4,1,0,9.242144177449168E-4,8.130081300813008E-4,0.0,0.45,0.30000000000000004,0.1,0.7000000000000001,70.0,85.0,95.0,0.45,0.30000000000000004,0.1,0.7000000000000001,70.0,85.0,95.0,779,776,3,779,0.0038510911424903724,1.428027900977162,1.5,0.9520186006514413,482,0.6211340206185567,1.0,1
"iteration_2","SCOPE_DATA_COLLECTION",600,9,610.0,670.0,0,3685,2533,779,3684,2561,795,3673,2534,775,2,2,3,5.442176870748299E-4,7.886435331230284E-4,0.0038560411311053984,0.30479447726395803,0.7684840335071172,1.4291046132191498,0.6095889545279161,0.7684840335071172,0.9527364088127666,0.16253743533895998,0.5382794001578532,0.6206451612903225,92.5,100.0,4289,1272,1436,6,1,0,0.0013989274889251574,7.861635220125787E-4,0.0,0.45,0.30000000000000004,0.1,0.7000000000000001,70.0,85.0,95.0,0.9,0.6000000000000001,0.1,0.8,95.0,70.0,20.0,3742,3740,2,3742,5.344735435595938E-4,0.3122999654251574,0.5,0.6245999308503148,692,0.18502673796791444,1.0,1
"iteration_2","SCOPE_DATA_COLLECTION",600,9,610.0,670.0,1,3685,2533,779,3684,2561,795,3673,2534,775,2,2,3,5.442176870748299E-4,7.886435331230284E-4,0.0038560411311053984,0.30479447726395803,0.7684840335071172,1.4291046132191498,0.6095889545279161,0.7684840335071172,0.9527364088127666,0.16253743533895998,0.5382794001578532,0.6206451612903225,92.5,100.0,4289,1272,1436,6,1,0,0.0013989274889251574,7.861635220125787E-4,0.0,0.45,0.30000000000000004,0.1,0.7000000000000001,70.0,85.0,95.0,0.9,0.6000000000000001,0.1,0.8,95.0,70.0,20.0,2602,2601,1,2602,3.843197540353574E-4,0.7218180935990018,1.0,0.7218180935990018,1276,0.49058054594386774,1.0,1
"iteration_2","SCOPE_DATA_COLLECTION",600,9,610.0,670.0,2,3685,2533,779,3684,2561,795,3673,2534,775,2,2,3,5.442176870748299E-4,7.886435331230284E-4,0.0038560411311053984,0.30479447726395803,0.7684840335071172,1.4291046132191498,0.6095889545279161,0.7684840335071172,0.9527364088127666,0.16253743533895998,0.5382794001578532,0.6206451612903225,92.5,100.0,4289,1272,1436,6,1,0,0.0013989274889251574,7.861635220125787E-4,0.0,0.45,0.30000000000000004,0.1,0.7000000000000001,70.0,85.0,95.0,0.9,0.6000000000000001,0.1,0.8,95.0,70.0,20.0,840,837,3,840,0.0035714285714285713,1.418015224253672,1.5,0.9453434828357814,506,0.6045400238948626,1.0,1
"iteration_2","SCOPE_DATA_COLLECTION",600,10,670.0,730.0,0,3742,2602,840,3685,2533,779,3747,2609,836,2,1,3,5.334755934915977E-4,3.831417624521073E-4,0.003575685339690107,0.31296143474172666,0.7214905323551839,1.4198367959879523,0.6259228694834533,0.7214905323551839,0.9465578639919682,0.1860154790499066,0.48984285166730546,0.6064593301435407,92.5,100.0,4208,2664,312,6,0,0,0.0014258555133079848,0.0,0.0,0.9,0.6000000000000001,0.1,0.8,95.0,70.0,20.0,0.9500000000000001,0.7000000000000001,0.1,0.8,95.0,60.0,30.0,3666,3660,6,3666,0.0016366612111292963,0.31241401084618936,0.5,0.6248280216923787,648,0.17704918032786884,1.0,1
"iteration_2","SCOPE_DATA_COLLECTION",600,10,670.0,730.0,1,3742,2602,840,3685,2533,779,3747,2609,836,2,1,3,5.334755934915977E-4,3.831417624521073E-4,0.003575685339690107,0.31296143474172666,0.7214905323551839,1.4198367959879523,0.6259228694834533,0.7214905323551839,0.9465578639919682,0.1860154790499066,0.48984285166730546,0.6064593301435407,92.5,100.0,4208,2664,312,6,0,0,0.0014258555133079848,0.0,0.0,0.9,0.6000000000000001,0.1,0.8,95.0,70.0,20.0,0.9500000000000001,0.7000000000000001,0.1,0.8,95.0,60.0,30.0,2606,2603,3,2606,0.0011511895625479663,0.7190707928315682,1.0,0.7190707928315682,1276,0.4902036112178256,1.0,1
"iteration_2","SCOPE_DATA_COLLECTION",600,10,670.0,730.0,2,3742,2602,840,3685,2533,779,3747,2609,836,2,1,3,5.334755934915977E-4,3.831417624521073E-4,0.003575685339690107,0.31296143474172666,0.7214905323551839,1.4198367959879523,0.6259228694834533,0.7214905323551839,0.9465578639919682,0.1860154790499066,0.48984285166730546,0.6064593301435407,92.5,100.0,4208,2664,312,6,0,0,0.0014258555133079848,0.0,0.0,0.9,0.6000000000000001,0.1,0.8,95.0,70.0,20.0,0.9500000000000001,0.7000000000000001,0.1,0.8,95.0,60.0,30.0,811,807,4,811,0.004932182490752158,1.4308885168661076,1.5,0.9539256779107385,496,0.6146220570012392,1.0,1
"iteration_2","SCOPE_DATA_COLLECTION",600,11,730.0,790.0,0,3666,2606,811,3742,2602,840,3653,2601,802,6,3,4,0.001639792292976223,0.001152073732718894,0.004962779156327543,0.3124159652223177,0.7181622384117567,1.4290985227072204,0.6248319304446354,0.7181622384117567,0.9527323484714803,0.17711470024637285,0.48981161091887737,0.6134663341645885,100.0,100.0,4187,2730,166,11,2,0,0.002627179364700263,7.326007326007326E-4,0.0,0.9500000000000001,0.7000000000000001,0.1,0.8,95.0,60.0,30.0,0.8500000000000001,0.8,0.2,0.9,95.0,50.0,20.0,3797,3793,4,3797,0.0010534632604687912,0.32747703312457294,0.5,0.6549540662491459,835,0.22014236751911415,1.0,1
"iteration_2","SCOPE_DATA_COLLECTION",600,11,730.0,790.0,1,3666,2606,811,3742,2602,840,3653,2601,802,6,3,4,0.001639792292976223,0.001152073732718894,0.004962779156327543,0.3124159652223177,0.7181622384117567,1.4290985227072204,0.6248319304446354,0.7181622384117567,0.9527323484714803,0.17711470024637285,0.48981161091887737,0.6134663341645885,100.0,100.0,4187,2730,166,11,2,0,0.002627179364700263,7.326007326007326E-4,0.0,0.9500000000000001,0.7000000000000001,0.1,0.8,95.0,60.0,30.0,0.8500000000000001,0.8,0.2,0.9,95.0,50.0,20.0,2633,2631,2,2633,7.595898214963919E-4,0.7386272227915138,1.0,0.7386272227915138,1325,0.5036107943747624,1.0,1
"iteration_2","SCOPE_DATA_COLLECTION",600,11,730.0,790.0,2,3666,2606,811,3742,2602,840,3653,2601,802,6,3,4,0.001639792292976223,0.001152073732718894,0.004962779156327543,0.3124159652223177,0.7181622384117567,1.4290985227072204,0.6248319304446354,0.7181622384117567,0.9527323484714803,0.17711470024637285,0.48981161091887737,0.6134663341645885,100.0,100.0,4187,2730,166,11,2,0,0.002627179364700263,7.326007326007326E-4,0.0,0.9500000000000001,0.7000000000000001,0.1,0.8,95.0,60.0,30.0,0.8500000000000001,0.8,0.2,0.9,95.0,50.0,20.0,791,790,1,791,0.0012642225031605564,1.3792441319015325,1.5,0.919496087934355,457,0.5784810126582278,1.0,1
"iteration_2","SCOPE_DATA_COLLECTION",600,12,790.0,850.0,0,3797,2633,791,3666,2606,811,3791,2623,794,4,1,1,0.001054018445322793,3.8109756097560977E-4,0.0012578616352201257,0.3274738859911669,0.7392329868197686,1.3811196264454553,0.6549477719823338,0.7392329868197686,0.9207464176303035,0.21999472434713796,0.5040030499428135,0.5793450881612091,100.0,100.0,4296,2487,438,5,1,0,0.0011638733705772813,4.020908725371934E-4,0.0,0.8500000000000001,0.8,0.2,0.9,95.0,50.0,20.0,0.8500000000000001,0.9,0.1,0.9,85.0,40.0,30.0,3762,3758,4,3762,0.001063264221158958,0.32071898105336655,0.5,0.6414379621067331,732,0.19478445981905268,1.0,1
"iteration_2","SCOPE_DATA_COLLECTION",600,12,790.0,850.0,1,3797,2633,791,3666,2606,811,3791,2623,794,4,1,1,0.001054018445322793,3.8109756097560977E-4,0.0012578616352201257,0.3274738859911669,0.7392329868197686,1.3811196264454553,0.6549477719823338,0.7392329868197686,0.9207464176303035,0.21999472434713796,0.5040030499428135,0.5793450881612091,100.0,100.0,4296,2487,438,5,1,0,0.0011638733705772813,4.020908725371934E-4,0.0,0.8500000000000001,0.8,0.2,0.9,95.0,50.0,20.0,0.8500000000000001,0.9,0.1,0.9,85.0,40.0,30.0,2541,2539,2,2541,7.870916961826052E-4,0.7344079473928883,1.0,0.7344079473928883,1287,0.5068924773532887,1.0,1
"iteration_2","SCOPE_DATA_COLLECTION",600,12,790.0,850.0,2,3797,2633,791,3666,2606,811,3791,2623,794,4,1,1,0.001054018445322793,3.8109756097560977E-4,0.0012578616352201257,0.3274738859911669,0.7392329868197686,1.3811196264454553,0.6549477719823338,0.7392329868197686,0.9207464176303035,0.21999472434713796,0.5040030499428135,0.5793450881612091,100.0,100.0,4296,2487,438,5,1,0,0.0011638733705772813,4.020908725371934E-4,0.0,0.8500000000000001,0.8,0.2,0.9,95.0,50.0,20.0,0.8500000000000001,0.9,0.1,0.9,85.0,40.0,30.0,882,879,3,882,0.003401360544217687,1.4237616674343863,1.5,0.9491744449562575,527,0.5995449374288965,1.0,1
"iteration_2","SCOPE_DATA_COLLECTION",600,13,850.0,910.0,0,3762,2541,882,3797,2633,791,3758,2544,884,4,3,3,0.001063264221158958,0.001177856301531213,0.0033821871476888386,0.32056993562228137,0.7333672662919911,1.422808884815843,0.6411398712445627,0.7333672662919911,0.9485392565438953,0.19451836083022883,0.5055031446540881,0.5995475113122172,97.5,100.0,4283,2508,394,8,2,0,0.0018678496381041327,7.974481658692185E-4,0.0,0.8500000000000001,0.9,0.1,0.9,85.0,40.0,30.0,0.9500000000000001,0.9,0.1,0.9,75.0,30.0,30.0,3784,3781,3,3784,7.928118393234672E-4,0.31898257059306667,0.5,0.6379651411861333,656,0.17349907431896325,1.0,1
"iteration_2","SCOPE_DATA_COLLECTION",600,13,850.0,910.0,1,3762,2541,882,3797,2633,791,3758,2544,884,4,3,3,0.001063264221158958,0.001177856301531213,0.0033821871476888386,0.32056993562228137,0.7333672662919911,1.422808884815843,0.6411398712445627,0.7333672662919911,0.9485392565438953,0.19451836083022883,0.5055031446540881,0.5995475113122172,97.5,100.0,4283,2508,394,8,2,0,0.0018678496381041327,7.974481658692185E-4,0.0,0.8500000000000001,0.9,0.1,0.9,85.0,40.0,30.0,0.9500000000000001,0.9,0.1,0.9,75.0,30.0,30.0,2561,2555,6,2561,0.0023428348301444747,0.7424089923595497,1.0,0.7424089923595497,1269,0.49667318982387476,1.0,1
"iteration_2","SCOPE_DATA_COLLECTION",600,13,850.0,910.0,2,3762,2541,882,3797,2633,791,3758,2544,884,4,3,3,0.001063264221158958,0.001177856301531213,0.0033821871476888386,0.32056993562228137,0.7333672662919911,1.422808884815843,0.6411398712445627,0.7333672662919911,0.9485392565438953,0.19451836083022883,0.5055031446540881,0.5995475113122172,97.5,100.0,4283,2508,394,8,2,0,0.0018678496381041327,7.974481658692185E-4,0.0,0.8500000000000001,0.9,0.1,0.9,85.0,40.0,30.0,0.9500000000000001,0.9,0.1,0.9,75.0,30.0,30.0,812,806,6,812,0.007389162561576354,1.4115294565295915,1.5,0.9410196376863943,488,0.6054590570719603,1.0,1
"iteration_2","SCOPE_DATA_COLLECTION",600,14,910.0,970.0,0,3784,2561,812,3762,2541,882,3786,2556,795,3,6,6,7.91765637371338E-4,0.00234192037470726,0.00749063670411985,0.318336765488962,0.743690947214226,1.4046755694615913,0.636673530977924,0.743690947214226,0.9364503796410609,0.17142102482831484,0.49921752738654146,0.6012578616352201,100.0,100.0,4327,2695,135,13,2,0,0.0030043910330483014,7.421150278293135E-4,0.0,0.9500000000000001,0.9,0.1,0.9,75.0,30.0,30.0,0.8,0.9,0.8,0.9,30.0,25.0,20.0,3831,3827,4,3831,0.0010441138084051162,0.32883495967537607,0.5,0.6576699193507521,882,0.23046772929187354,1.0,1
"iteration_2","SCOPE_DATA_COLLECTION",600,14,910.0,970.0,1,3784,2561,812,3762,2541,882,3786,2556,795,3,6,6,7.91765637371338E-4,0.00234192037470726,0.00749063670411985,0.318336765488962,0.743690947214226,1.4046755694615913,0.636673530977924,0.743690947214226,0.9364503796410609,0.17142102482831484,0.49921752738654146,0.6012578616352201,100.0,100.0,4327,2695,135,13,2,0,0.0030043910330483014,7.421150278293135E-4,0.0,0.9500000000000001,0.9,0.1,0.9,75.0,30.0,30.0,0.8,0.9,0.8,0.9,30.0,25.0,20.0,2571,2563,8,2571,0.0031116297160637884,0.7813173117248114,1.0,0.7813173117248114,1342,0.5236051502145923,1.0,1
"iteration_2","SCOPE_DATA_COLLECTION",600,14,910.0,970.0,2,3784,2561,812,3762,2541,882,3786,2556,795,3,6,6,7.91765637371338E-4,0.00234192037470726,0.00749063670411985,0.318336765488962,0.743690947214226,1.4046755694615913,0.636673530977924,0.743690947214226,0.9364503796410609,0.17142102482831484,0.49921752738654146,0.6012578616352201,100.0,100.0,4327,2695,135,13,2,0,0.0030043910330483014,7.421150278293135E-4,0.0,0.9500000000000001,0.9,0.1,0.9,75.0,30.0,30.0,0.8,0.9,0.8,0.9,30.0,25.0,20.0,827,820,7,827,0.008464328899637243,1.4147245465820977,1.5,0.9431496977213985,486,0.5926829268292683,1.0,1
"iteration_2","SCOPE_DATA_COLLECTION",600,15,970.0,1030.0,0,3831,2571,827,3784,2561,812,3828,2551,820,4,8,7,0.0010438413361169101,0.0031262211801484957,0.008464328899637243,0.32873580444877865,0.7774902046463726,1.4182833713965681,0.6574716088975573,0.7774902046463726,0.9455222475977121,0.22988505747126436,0.520188161505292,0.5951219512195122,100.0,100.0,4282,2367,580,17,2,0,0.0039701074264362445,8.449514152936206E-4,0.0,0.8,0.9,0.8,0.9,30.0,25.0,20.0,0.9,0.8,0.8,0.8,40.0,20.0,20.0,3668,3664,4,3668,0.0010905125408942203,0.3328812347943842,0.5,0.6657624695887684,815,0.22243449781659388,1.0,1
"iteration_2","SCOPE_DATA_COLLECTION",600,15,970.0,1030.0,1,3831,2571,827,3784,2561,812,3828,2551,820,4,8,7,0.0010438413361169101,0.0031262211801484957,0.008464328899637243,0.32873580444877865,0.7774902046463726,1.4182833713965681,0.6574716088975573,0.7774902046463726,0.9455222475977121,0.22988505747126436,0.520188161505292,0.5951219512195122,100.0,100.0,4282,2367,580,17,2,0,0.0039701074264362445,8.449514152936206E-4,0.0,0.8,0.9,0.8,0.9,30.0,25.0,20.0,0.9,0.8,0.8,0.8,40.0,20.0,20.0,2551,2548,3,2551,0.0011760094080752645,0.7840902653567889,1.0,0.7840902653567889,1340,0.5259026687598116,1.0,1
"iteration_2","SCOPE_DATA_COLLECTION",600,15,970.0,1030.0,2,3831,2571,827,3784,2561,812,3828,2551,820,4,8,7,0.0010438413361169101,0.0031262211801484957,0.008464328899637243,0.32873580444877865,0.7774902046463726,1.4182833713965681,0.6574716088975573,0.7774902046463726,0.9455222475977121,0.22988505747126436,0.520188161505292,0.5951219512195122,100.0,100.0,4282,2367,580,17,2,0,0.0039701074264362445,8.449514152936206E-4,0.0,0.8,0.9,0.8,0.9,30.0,25.0,20.0,0.9,0.8,0.8,0.8,40.0,20.0,20.0,833,826,7,833,0.008403361344537815,1.4056530038631885,1.5,0.937102002575459,483,0.5847457627118644,1.0,1
"iteration_2","SCOPE_DATA_COLLECTION",600,16,1030.0,1090.0,0,3668,2551,833,3831,2571,827,3662,2555,833,3,3,7,8.185538881309686E-4,0.0011727912431587178,0.008333333333333333,0.3332307204761331,0.7887209440161269,1.4105278979930906,0.6664614409522662,0.7887209440161269,0.9403519319953938,0.2239213544511196,0.5303326810176126,0.5870348139255702,97.5,100.0,4250,2521,281,13,0,0,0.003058823529411765,0.0,0.0,0.9,0.8,0.8,0.8,40.0,20.0,20.0,0.15000000000000002,0.8,0.6000000000000001,0.9,75.0,30.0,90.0,3736,3735,1,3736,2.676659528907923E-4,0.33313413364539907,0.5,0.6662682672907981,889,0.23801874163319947,1.0,1
"iteration_2","SCOPE_DATA_COLLECTION",600,16,1030.0,1090.0,1,3668,2551,833,3831,2571,827,3662,2555,833,3,3,7,8.185538881309686E-4,0.0011727912431587178,0.008333333333333333,0.3332307204761331,0.7887209440161269,1.4105278979930906,0.6664614409522662,0.7887209440161269,0.9403519319953938,0.2239213544511196,0.5303326810176126,0.5870348139255702,97.5,100.0,4250,2521,281,13,0,0,0.003058823529411765,0.0,0.0,0.9,0.8,0.8,0.8,40.0,20.0,20.0,0.15000000000000002,0.8,0.6000000000000001,0.9,75.0,30.0,90.0,2525,2517,8,2525,0.0031683168316831685,0.7890668046161409,1.0,0.7890668046161409,1343,0.5335717123559793,1.0,1
"iteration_2","SCOPE_DATA_COLLECTION",600,16,1030.0,1090.0,2,3668,2551,833,3831,2571,827,3662,2555,833,3,3,7,8.185538881309686E-4,0.0011727912431587178,0.008333333333333333,0.3332307204761331,0.7887209440161269,1.4105278979930906,0.6664614409522662,0.7887209440161269,0.9403519319953938,0.2239213544511196,0.5303326810176126,0.5870348139255702,97.5,100.0,4250,2521,281,13,0,0,0.003058823529411765,0.0,0.0,0.9,0.8,0.8,0.8,40.0,20.0,20.0,0.15000000000000002,0.8,0.6000000000000001,0.9,75.0,30.0,90.0,858,850,8,858,0.009324009324009324,1.3871419409291783,1.5,0.9247612939527855,490,0.5764705882352941,1.0,1
"iteration_2","SCOPE_DATA_COLLECTION",600,17,1090.0,1150.0,0,3736,2525,858,3668,2551,833,3730,2513,846,2,8,8,5.359056806002144E-4,0.0031733439111463705,0.00936768149882904,0.33284844348147324,0.7841730756755974,1.376449433146522,0.6656968869629465,0.7841730756755974,0.9176329554310146,0.23672922252010725,0.5296458416235575,0.5721040189125296,100.0,100.0,4301,418,2400,18,0,0,0.0041850732387816785,0.0,0.0,0.15000000000000002,0.8,0.6000000000000001,0.9,75.0,30.0,90.0,0.8,0.7000000000000001,0.5,0.5,70.0,60.0,55.0,3701,3698,3,3701,8.105917319643339E-4,0.3328731426816694,0.5,0.6657462853633388,855,0.23120605732828556,1.0,1
"iteration_2","SCOPE_DATA_COLLECTION",600,17,1090.0,1150.0,1,3736,2525,858,3668,2551,833,3730,2513,846,2,8,8,5.359056806002144E-4,0.0031733439111463705,0.00936768149882904,0.33284844348147324,0.7841730756755974,1.376449433146522,0.6656968869629465,0.7841730756755974,0.9176329554310146,0.23672922252010725,0.5296458416235575,0.5721040189125296,100.0,100.0,4301,418,2400,18,0,0,0.0041850732387816785,0.0,0.0,0.15000000000000002,0.8,0.6000000000000001,0.9,75.0,30.0,90.0,0.8,0.7000000000000001,0.5,0.5,70.0,60.0,55.0,2464,2459,5,2464,0.002029220779220779,0.7900327416120481,1.0,0.7900327416120481,1330,0.5408702724684831,1.0,1
"iteration_2","SCOPE_DATA_COLLECTION",600,17,1090.0,1150.0,2,3736,2525,858,3668,2551,833,3730,2513,846,2,8,8,5.359056806002144E-4,0.0031733439111463705,0.00936768149882904,0.33284844348147324,0.7841730756755974,1.376449433146522,0.6656968869629465,0.7841730756755974,0.9176329554310146,0.23672922252010725,0.5296458416235575,0.5721040189125296,100.0,100.0,4301,418,2400,18,0,0,0.0041850732387816785,0.0,0.0,0.15000000000000002,0.8,0.6000000000000001,0.9,75.0,30.0,90.0,0.8,0.7000000000000001,0.5,0.5,70.0,60.0,55.0,761,758,3,761,0.003942181340341655,1.467513261226904,1.5,0.9783421741512693,477,0.6292875989445911,1.0,1
"iteration_2","SCOPE_DATA_COLLECTION",600,18,1150.0,1210.0,0,3701,2464,761,3736,2525,858,3707,2461,753,3,5,3,8.086253369272237E-4,0.00202757502027575,0.003968253968253968,0.33365352998530795,0.7915115765829656,1.4727214357328293,0.6673070599706159,0.7915115765829656,0.9818142904885528,0.2333423253304559,0.5408370581064608,0.6308100929614874,95.0,100.0,4258,2105,563,9,2,0,0.0021136683889149835,9.501187648456057E-4,0.0,0.8,0.7000000000000001,0.5,0.5,70.0,60.0,55.0,0.55,0.8,0.4,0.1,95.0,80.0,40.0,3663,3661,2,3663,5.46000546000546E-4,0.33196631773315416,0.5,0.6639326354663083,835,0.2280797596285168,1.0,1
"iteration_2","SCOPE_DATA_COLLECTION",600,18,1150.0,1210.0,1,3701,2464,761,3736,2525,858,3707,2461,753,3,5,3,8.086253369272237E-4,0.00202757502027575,0.003968253968253968,0.33365352998530795,0.7915115765829656,1.4727214357328293,0.6673070599706159,0.7915115765829656,0.9818142904885528,0.2333423253304559,0.5408370581064608,0.6308100929614874,95.0,100.0,4258,2105,563,9,2,0,0.0021136683889149835,9.501187648456057E-4,0.0,0.8,0.7000000000000001,0.5,0.5,70.0,60.0,55.0,0.55,0.8,0.4,0.1,95.0,80.0,40.0,2507,2505,2,2507,7.977662544874351E-4,0.7814570565403242,1.0,0.7814570565403242,1356,0.5413173652694611,1.0,1
"iteration_2","SCOPE_DATA_COLLECTION",600,18,1150.0,1210.0,2,3701,2464,761,3736,2525,858,3707,2461,753,3,5,3,8.086253369272237E-4,0.00202757502027575,0.003968253968253968,0.33365352998530795,0.7915115765829656,1.4727214357328293,0.6673070599706159,0.7915115765829656,0.9818142904885528,0.2333423253304559,0.5408370581064608,0.6308100929614874,95.0,100.0,4258,2105,563,9,2,0,0.0021136683889149835,9.501187648456057E-4,0.0,0.8,0.7000000000000001,0.5,0.5,70.0,60.0,55.0,0.55,0.8,0.4,0.1,95.0,80.0,40.0,784,781,3,784,0.003826530612244898,1.334195443795096,1.5,0.8894636291967307,447,0.5723431498079385,1.0,1
"iteration_2","SCOPE_DATA_COLLECTION",600,19,1210.0,1270.0,0,3663,2507,784,3701,2464,761,3661,2518,784,2,2,3,5.46000546000546E-4,7.936507936507937E-4,0.0038119440914866584,0.3319732686223714,0.7839029071840287,1.341469148520424,0.6639465372447428,0.7839029071840287,0.8943127656802826,0.22862605845397432,0.5420969023034155,0.5752551020408163,97.5,100.0,4301,1473,1180,6,1,0,0.0013950244129272262,6.788866259334691E-4,0.0,0.55,0.8,0.4,0.1,95.0,80.0,40.0,0.5,0.6000000000000001,0.30000000000000004,0.5,90.0,35.0,20.0,3712,3709,3,3712,8.081896551724138E-4,0.315538709976583,0.5,0.631077419953166,791,0.2132650310056619,1.0,1
"iteration_2","SCOPE_DATA_COLLECTION",600,19,1210.0,1270.0,1,3663,2507,784,3701,2464,761,3661,2518,784,2,2,3,5.46000546000546E-4,7.936507936507937E-4,0.0038119440914866584,0.3319732686223714,0.7839029071840287,1.341469148520424,0.6639465372447428,0.7839029071840287,0.8943127656802826,0.22862605845397432,0.5420969023034155,0.5752551020408163,97.5,100.0,4301,1473,1180,6,1,0,0.0013950244129272262,6.788866259334691E-4,0.0,0.55,0.8,0.4,0.1,95.0,80.0,40.0,0.5,0.6000000000000001,0.30000000000000004,0.5,90.0,35.0,20.0,2625,2621,4,2625,0.0015238095238095239,0.74521136331135,1.0,0.74521136331135,1344,0.5127813811522319,1.0,1
"iteration_2","SCOPE_DATA_COLLECTION",600,19,1210.0,1270.0,2,3663,2507,784,3701,2464,761,3661,2518,784,2,2,3,5.46000546000546E-4,7.936507936507937E-4,0.0038119440914866584,0.3319732686223714,0.7839029071840287,1.341469148520424,0.6639465372447428,0.7839029071840287,0.8943127656802826,0.22862605845397432,0.5420969023034155,0.5752551020408163,97.5,100.0,4301,1473,1180,6,1,0,0.0013950244129272262,6.788866259334691E-4,0.0,0.55,0.8,0.4,0.1,95.0,80.0,40.0,0.5,0.6000000000000001,0.30000000000000004,0.5,90.0,35.0,20.0,830,825,5,830,0.006024096385542169,1.4103505010430997,1.5,0.9402336673620665,495,0.6,1.0,1
"iteration_2","SCOPE_DATA_COLLECTION",600,20,1270.0,1330.0,0,3712,2625,830,3663,2507,784,3705,2611,826,3,4,5,8.090614886731392E-4,0.0015296367112810707,0.006016847172081829,0.3155478663599041,0.7459749572867951,1.4013003415834684,0.6310957327198082,0.7459749572867951,0.9342002277223123,0.21403508771929824,0.514745308310992,0.5956416464891041,97.5,100.0,4209,1497,1461,11,1,0,0.002613447374673319,6.680026720106881E-4,0.0,0.5,0.6000000000000001,0.30000000000000004,0.5,90.0,35.0,20.0,0.5,0.7000000000000001,0.2,0.4,90.0,35.0,30.0,3804,3799,5,3804,0.0013144058885383807,0.31065210579940516,0.5,0.6213042115988103,707,0.18610160568570677,1.0,1
"iteration_2","SCOPE_DATA_COLLECTION",600,20,1270.0,1330.0,1,3712,2625,830,3663,2507,784,3705,2611,826,3,4,5,8.090614886731392E-4,0.0015296367112810707,0.006016847172081829,0.3155478663599041,0.7459749572867951,1.4013003415834684,0.6310957327198082,0.7459749572867951,0.9342002277223123,0.21403508771929824,0.514745308310992,0.5956416464891041,97.5,100.0,4209,1497,1461,11,1,0,0.002613447374673319,6.680026720106881E-4,0.0,0.5,0.6000000000000001,0.30000000000000004,0.5,90.0,35.0,20.0,0.5,0.7000000000000001,0.2,0.4,90.0,35.0,30.0,2439,2437,2,2439,8.200082000820008E-4,0.7469843909835833,1.0,0.7469843909835833,1237,0.5075913007796471,1.0,1
"iteration_2","SCOPE_DATA_COLLECTION",600,20,1270.0,1330.0,2,3712,2625,830,3663,2507,784,3705,2611,826,3,4,5,8.090614886731392E-4,0.0015296367112810707,0.006016847172081829,0.3155478663599041,0.7459749572867951,1.4013003415834684,0.6310957327198082,0.7459749572867951,0.9342002277223123,0.21403508771929824,0.514745308310992,0.5956416464891041,97.5,100.0,4209,1497,1461,11,1,0,0.002613447374673319,6.680026720106881E-4,0.0,0.5,0.6000000000000001,0.30000000000000004,0.5,90.0,35.0,20.0,0.5,0.7000000000000001,0.2,0.4,90.0,35.0,30.0,800,800,0,800,0.0,1.3992543413264809,1.5,0.9328362275509873,479,0.59875,1.0,1
"iteration_2","SCOPE_DATA_COLLECTION",600,21,1330.0,1390.0,0,3804,2439,800,3712,2625,830,3803,2443,795,5,2,0,0.0013130252100840337,8.179959100204499E-4,0.0,0.310188842097637,0.7462979215716055,1.4013334523307492,0.620377684195274,0.7462979215716055,0.9342223015538328,0.18432816197738627,0.5059353254195661,0.6,97.5,100.0,4235,1396,1412,6,1,0,0.0014167650531286896,7.163323782234957E-4,0.0,0.5,0.7000000000000001,0.2,0.4,90.0,35.0,30.0,0.5,0.2,0.4,0.2,70.0,80.0,55.0,3712,3706,6,3712,0.0016163793103448276,0.30845962753063344,0.5,0.6169192550612669,620,0.16729627630868862,1.0,1
"iteration_2","SCOPE_DATA_COLLECTION",600,21,1330.0,1390.0,1,3804,2439,800,3712,2625,830,3803,2443,795,5,2,0,0.0013130252100840337,8.179959100204499E-4,0.0,0.310188842097637,0.7462979215716055,1.4013334523307492,0.620377684195274,0.7462979215716055,0.9342223015538328,0.18432816197738627,0.5059353254195661,0.6,97.5,100.0,4235,1396,1412,6,1,0,0.0014167650531286896,7.163323782234957E-4,0.0,0.5,0.7000000000000001,0.2,0.4,90.0,35.0,30.0,0.5,0.2,0.4,0.2,70.0,80.0,55.0,2481,2480,1,2481,4.0306328093510683E-4,0.7788374086855365,1.0,0.7788374086855365,1308,0.5274193548387097,1.0,1
"iteration_2","SCOPE_DATA_COLLECTION",600,21,1330.0,1390.0,2,3804,2439,800,3712,2625,830,3803,2443,795,5,2,0,0.0013130252100840337,8.179959100204499E-4,0.0,0.310188842097637,0.7462979215716055,1.4013334523307492,0.620377684195274,0.7462979215716055,0.9342223015538328,0.18432816197738627,0.5059353254195661,0.6,97.5,100.0,4235,1396,1412,6,1,0,0.0014167650531286896,7.163323782234957E-4,0.0,0.5,0.7000000000000001,0.2,0.4,90.0,35.0,30.0,0.5,0.2,0.4,0.2,70.0,80.0,55.0,807,803,4,807,0.004956629491945477,1.3956560321013178,1.5,0.9304373547342119,479,0.5965130759651308,1.0,1
"iteration_2","SCOPE_DATA_COLLECTION",600,22,1390.0,1450.0,0,3712,2481,807,3804,2439,800,3708,2471,805,6,1,4,0.0016155088852988692,4.045307443365696E-4,0.004944375772558714,0.30921154924579924,0.7768833585650775,1.4027665620806284,0.6184230984915985,0.7768833585650775,0.9351777080537523,0.16882416396979505,0.5269121813031161,0.6012422360248447,97.5,100.0,4296,1378,1326,9,2,0,0.002094972067039106,0.001451378809869376,0.0,0.5,0.2,0.4,0.2,70.0,80.0,55.0,0.5,0.2,0.4,0.2,70.0,80.0,55.0,3679,3679,0,3679,0.0,0.3067469173065185,0.5,0.613493834613037,631,0.17151399836912204,1.0,1
"iteration_2","SCOPE_DATA_COLLECTION",600,22,1390.0,1450.0,1,3712,2481,807,3804,2439,800,3708,2471,805,6,1,4,0.0016155088852988692,4.045307443365696E-4,0.004944375772558714,0.30921154924579924,0.7768833585650775,1.4027665620806284,0.6184230984915985,0.7768833585650775,0.9351777080537523,0.16882416396979505,0.5269121813031161,0.6012422360248447,97.5,100.0,4296,1378,1326,9,2,0,0.002094972067039106,0.001451378809869376,0.0,0.5,0.2,0.4,0.2,70.0,80.0,55.0,0.5,0.2,0.4,0.2,70.0,80.0,55.0,2573,2573,0,2573,0.0,0.7565765724477298,1.0,0.7565765724477298,1346,0.5231247570928876,1.0,1
"iteration_2","SCOPE_DATA_COLLECTION",600,22,1390.0,1450.0,2,3712,2481,807,3804,2439,800,3708,2471,805,6,1,4,0.0016155088852988692,4.045307443365696E-4,0.004944375772558714,0.30921154924579924,0.7768833585650775,1.4027665620806284,0.6184230984915985,0.7768833585650775,0.9351777080537523,0.16882416396979505,0.5269121813031161,0.6012422360248447,97.5,100.0,4296,1378,1326,9,2,0,0.002094972067039106,0.001451378809869376,0.0,0.5,0.2,0.4,0.2,70.0,80.0,55.0,0.5,0.2,0.4,0.2,70.0,80.0,55.0,839,835,4,839,0.004767580452920143,1.3759224318970196,1.5,0.9172816212646797,494,0.5916167664670658,1.0,1
"iteration_2","SCOPE_DATA_COLLECTION",600,23,1450.0,1510.0,0,3679,2573,839,3712,2481,807,3680,2572,839,0,0,4,0.0,0.0,0.004744958481613286,0.30666827692719284,0.755554731032555,1.37209772211339,0.6133365538543857,0.755554731032555,0.9147318147422601,0.17173913043478262,0.5225505443234837,0.5887961859356377,92.5,100.0,4264,1409,1418,4,0,0,9.380863039399625E-4,0.0,0.0,0.5,0.2,0.4,0.2,70.0,80.0,55.0,0.6000000000000001,0.30000000000000004,0.4,0.1,60.0,80.0,45.0,3668,3666,2,3668,5.452562704471102E-4,0.31460560503751733,0.5,0.6292112100750347,679,0.18521549372613202,1.0,1
"iteration_2","SCOPE_DATA_COLLECTION",600,23,1450.0,1510.0,1,3679,2573,839,3712,2481,807,3680,2572,839,0,0,4,0.0,0.0,0.004744958481613286,0.30666827692719284,0.755554731032555,1.37209772211339,0.6133365538543857,0.755554731032555,0.9147318147422601,0.17173913043478262,0.5225505443234837,0.5887961859356377,92.5,100.0,4264,1409,1418,4,0,0,9.380863039399625E-4,0.0,0.0,0.5,0.2,0.4,0.2,70.0,80.0,55.0,0.6000000000000001,0.30000000000000004,0.4,0.1,60.0,80.0,45.0,2575,2573,2,2575,7.766990291262136E-4,0.7602482701896692,1.0,0.7602482701896692,1329,0.516517683637777,1.0,1
"iteration_2","SCOPE_DATA_COLLECTION",600,23,1450.0,1510.0,2,3679,2573,839,3712,2481,807,3680,2572,839,0,0,4,0.0,0.0,0.004744958481613286,0.30666827692719284,0.755554731032555,1.37209772211339,0.6133365538543857,0.755554731032555,0.9147318147422601,0.17173913043478262,0.5225505443234837,0.5887961859356377,92.5,100.0,4264,1409,1418,4,0,0,9.380863039399625E-4,0.0,0.0,0.5,0.2,0.4,0.2,70.0,80.0,55.0,0.6000000000000001,0.30000000000000004,0.4,0.1,60.0,80.0,45.0,813,811,2,813,0.0024600246002460025,1.4314970208628486,1.5,0.954331347241899,501,0.6177558569667078,1.0,1
"iteration_2","SCOPE_DATA_COLLECTION",600,24,1510.0,1570.0,0,3668,2575,813,3679,2573,839,3664,2582,810,2,2,2,5.455537370430987E-4,7.739938080495357E-4,0.0024630541871921183,0.3146515589545073,0.7629393468668603,1.4318716166388892,0.6293031179090146,0.7629393468668603,0.9545810777592595,0.18504366812227074,0.5178156467854377,0.6172839506172839,100.0,100.0,4251,1734,1071,5,1,0,0.0011761938367442955,5.767012687427913E-4,0.0,0.6000000000000001,0.30000000000000004,0.4,0.1,60.0,80.0,45.0,0.6000000000000001,0.4,0.5,0.2,50.0,90.0,45.0,3725,3720,5,3725,0.0013422818791946308,0.31773010423278425,0.5,0.6354602084655685,721,0.19381720430107527,1.0,1
"iteration_2","SCOPE_DATA_COLLECTION",600,24,1510.0,1570.0,1,3668,2575,813,3679,2573,839,3664,2582,810,2,2,2,5.455537370430987E-4,7.739938080495357E-4,0.0024630541871921183,0.3146515589545073,0.7629393468668603,1.4318716166388892,0.6293031179090146,0.7629393468668603,0.9545810777592595,0.18504366812227074,0.5178156467854377,0.6172839506172839,100.0,100.0,4251,1734,1071,5,1,0,0.0011761938367442955,5.767012687427913E-4,0.0,0.6000000000000001,0.30000000000000004,0.4,0.1,60.0,80.0,45.0,0.6000000000000001,0.4,0.5,0.2,50.0,90.0,45.0,2596,2590,6,2596,0.0023112480739599386,0.7679623107932169,1.0,0.7679623107932169,1355,0.5231660231660231,1.0,1
"iteration_2","SCOPE_DATA_COLLECTION",600,24,1510.0,1570.0,2,3668,2575,813,3679,2573,839,3664,2582,810,2,2,2,5.455537370430987E-4,7.739938080495357E-4,0.0024630541871921183,0.3146515589545073,0.7629393468668603,1.4318716166388892,0.6293031179090146,0.7629393468668603,0.9545810777592595,0.18504366812227074,0.5178156467854377,0.6172839506172839,100.0,100.0,4251,1734,1071,5,1,0,0.0011761938367442955,5.767012687427913E-4,0.0,0.6000000000000001,0.30000000000000004,0.4,0.1,60.0,80.0,45.0,0.6000000000000001,0.4,0.5,0.2,50.0,90.0,45.0,786,783,3,786,0.003816793893129771,1.429709926839503,1.5,0.9531399512263353,482,0.6155810983397191,1.0,1
"iteration_2","SCOPE_DATA_COLLECTION",600,25,1570.0,1630.0,0,3725,2596,786,3668,2575,813,3715,2584,781,5,6,3,0.0013440860215053765,0.0023166023166023165,0.003826530612244898,0.3165515321804329,0.7652988837625583,1.4300924989011965,0.6331030643608658,0.7652988837625583,0.9533949992674643,0.1911170928667564,0.5208978328173375,0.615877080665813,100.0,100.0,4273,1730,1104,12,2,0,0.002808331383103206,0.0011560693641618498,0.0,0.6000000000000001,0.4,0.5,0.2,50.0,90.0,45.0,0.8500000000000001,0.6000000000000001,0.8,0.7000000000000001,30.0,90.0,40.0,3701,3699,2,3701,5.403944879762226E-4,0.3289142802905732,0.5,0.6578285605811464,803,0.21708569883752366,1.0,1
"iteration_2","SCOPE_DATA_COLLECTION",600,25,1570.0,1630.0,1,3725,2596,786,3668,2575,813,3715,2584,781,5,6,3,0.0013440860215053765,0.0023166023166023165,0.003826530612244898,0.3165515321804329,0.7652988837625583,1.4300924989011965,0.6331030643608658,0.7652988837625583,0.9533949992674643,0.1911170928667564,0.5208978328173375,0.615877080665813,100.0,100.0,4273,1730,1104,12,2,0,0.002808331383103206,0.0011560693641618498,0.0,0.6000000000000001,0.4,0.5,0.2,50.0,90.0,45.0,0.8500000000000001,0.6000000000000001,0.8,0.7000000000000001,30.0,90.0,40.0,2474,2470,4,2474,0.0016168148746968471,0.804155709221445,1.0,0.804155709221445,1368,0.5538461538461539,1.0,1
"iteration_2","SCOPE_DATA_COLLECTION",600,25,1570.0,1630.0,2,3725,2596,786,3668,2575,813,3715,2584,781,5,6,3,0.0013440860215053765,0.0023166023166023165,0.003826530612244898,0.3165515321804329,0.7652988837625583,1.4300924989011965,0.6331030643608658,0.7652988837625583,0.9533949992674643,0.1911170928667564,0.5208978328173375,0.615877080665813,100.0,100.0,4273,1730,1104,12,2,0,0.002808331383103206,0.0011560693641618498,0.0,0.6000000000000001,0.4,0.5,0.2,50.0,90.0,45.0,0.8500000000000001,0.6000000000000001,0.8,0.7000000000000001,30.0,90.0,40.0,793,786,7,793,0.008827238335435058,1.465197000706321,1.5,0.9767980004708807,490,0.6234096692111959,1.0,1
"iteration_2","SCOPE_DATA_COLLECTION",600,26,1630.0,1690.0,0,3701,2474,793,3725,2596,786,3695,2468,791,2,4,7,5.409791723018664E-4,0.0016181229773462784,0.008771929824561403,0.32980734130993383,0.8053287918116087,1.4677299934905652,0.6596146826198677,0.8053287918116087,0.9784866623270435,0.2189445196211096,0.5547001620745543,0.6257901390644753,100.0,100.0,4271,2297,400,13,0,0,0.0030437836572231327,0.0,0.0,0.8500000000000001,0.6000000000000001,0.8,0.7000000000000001,30.0,90.0,40.0,0.75,0.6000000000000001,0.7000000000000001,0.7000000000000001,30.0,95.0,30.0,3729,3729,0,3729,0.0,0.3274414787747298,0.5,0.6548829575494596,781,0.20943952802359883,1.0,1
"iteration_2","SCOPE_DATA_COLLECTION",600,26,1630.0,1690.0,1,3701,2474,793,3725,2596,786,3695,2468,791,2,4,7,5.409791723018664E-4,0.0016181229773462784,0.008771929824561403,0.32980734130993383,0.8053287918116087,1.4677299934905652,0.6596146826198677,0.8053287918116087,0.9784866623270435,0.2189445196211096,0.5547001620745543,0.6257901390644753,100.0,100.0,4271,2297,400,13,0,0,0.0030437836572231327,0.0,0.0,0.8500000000000001,0.6000000000000001,0.8,0.7000000000000001,30.0,90.0,40.0,0.75,0.6000000000000001,0.7000000000000001,0.7000000000000001,30.0,95.0,30.0,2480,2470,10,2480,0.004032258064516129,0.7850706773960906,1.0,0.7850706773960906,1307,0.5291497975708502,1.0,1
"iteration_2","SCOPE_DATA_COLLECTION",600,26,1630.0,1690.0,2,3701,2474,793,3725,2596,786,3695,2468,791,2,4,7,5.409791723018664E-4,0.0016181229773462784,0.008771929824561403,0.32980734130993383,0.8053287918116087,1.4677299934905652,0.6596146826198677,0.8053287918116087,0.9784866623270435,0.2189445196211096,0.5547001620745543,0.6257901390644753,100.0,100.0,4271,2297,400,13,0,0,0.0030437836572231327,0.0,0.0,0.8500000000000001,0.6000000000000001,0.8,0.7000000000000001,30.0,90.0,40.0,0.75,0.6000000000000001,0.7000000000000001,0.7000000000000001,30.0,95.0,30.0,839,829,10,839,0.011918951132300357,1.4347579553011214,1.5,0.9565053035340809,501,0.6043425814234017,1.0,1
"iteration_2","SCOPE_DATA_COLLECTION",600,27,1690.0,1750.0,0,3729,2480,839,3701,2474,793,3718,2476,824,0,10,10,0.0,0.004022526146419952,0.011990407673860911,0.32568099360838465,0.7855333269708616,1.425118298388376,0.6513619872167693,0.7855333269708616,0.9500788655922506,0.20656266810112964,0.5306946688206785,0.5995145631067961,100.0,100.0,4281,2075,692,19,1,0,0.004438215370240598,4.8192771084337347E-4,0.0,0.75,0.6000000000000001,0.7000000000000001,0.7000000000000001,30.0,95.0,30.0,0.75,0.7000000000000001,0.8,0.7000000000000001,30.0,95.0,20.0,3785,3782,3,3785,7.926023778071334E-4,0.3220573345584813,0.5,0.6441146691169626,793,0.20967741935483872,1.0,1
"iteration_2","SCOPE_DATA_COLLECTION",600,27,1690.0,1750.0,1,3729,2480,839,3701,2474,793,3718,2476,824,0,10,10,0.0,0.004022526146419952,0.011990407673860911,0.32568099360838465,0.7855333269708616,1.425118298388376,0.6513619872167693,0.7855333269708616,0.9500788655922506,0.20656266810112964,0.5306946688206785,0.5995145631067961,100.0,100.0,4281,2075,692,19,1,0,0.004438215370240598,4.8192771084337347E-4,0.0,0.75,0.6000000000000001,0.7000000000000001,0.7000000000000001,30.0,95.0,30.0,0.75,0.7000000000000001,0.8,0.7000000000000001,30.0,95.0,20.0,2513,2509,4,2513,0.0015917230401910067,0.7914636949896597,1.0,0.7914636949896597,1363,0.543244320446393,1.0,1
"iteration_2","SCOPE_DATA_COLLECTION",600,27,1690.0,1750.0,2,3729,2480,839,3701,2474,793,3718,2476,824,0,10,10,0.0,0.004022526146419952,0.011990407673860911,0.32568099360838465,0.7855333269708616,1.425118298388376,0.6513619872167693,0.7855333269708616,0.9500788655922506,0.20656266810112964,0.5306946688206785,0.5995145631067961,100.0,100.0,4281,2075,692,19,1,0,0.004438215370240598,4.8192771084337347E-4,0.0,0.75,0.6000000000000001,0.7000000000000001,0.7000000000000001,30.0,95.0,30.0,0.75,0.7000000000000001,0.8,0.7000000000000001,30.0,95.0,20.0,806,800,6,806,0.007444168734491315,1.39308977114783,1.5,0.9287265140985533,465,0.58125,1.0,1
"iteration_2","SCOPE_DATA_COLLECTION",600,28,1750.0,1810.0,0,3785,2513,806,3729,2480,839,3792,2513,796,3,4,6,7.905138339920949E-4,0.0015891934843067143,0.007481296758104738,0.3230925537159856,0.7908263012309016,1.3901737694609833,0.6461851074319712,0.7908263012309016,0.9267825129739888,0.21149789029535865,0.5419816951850378,0.5804020100502513,100.0,100.0,4306,2107,691,13,0,0,0.0030190431955411053,0.0,0.0,0.75,0.7000000000000001,0.8,0.7000000000000001,30.0,95.0,20.0,0.6000000000000001,0.6000000000000001,0.6000000000000001,0.2,50.0,85.0,80.0,3714,3710,4,3714,0.0010770059235325794,0.32265068253298673,0.5,0.6453013650659735,825,0.2223719676549865,1.0,1
"iteration_2","SCOPE_DATA_COLLECTION",600,28,1750.0,1810.0,1,3785,2513,806,3729,2480,839,3792,2513,796,3,4,6,7.905138339920949E-4,0.0015891934843067143,0.007481296758104738,0.3230925537159856,0.7908263012309016,1.3901737694609833,0.6461851074319712,0.7908263012309016,0.9267825129739888,0.21149789029535865,0.5419816951850378,0.5804020100502513,100.0,100.0,4306,2107,691,13,0,0,0.0030190431955411053,0.0,0.0,0.75,0.7000000000000001,0.8,0.7000000000000001,30.0,95.0,20.0,0.6000000000000001,0.6000000000000001,0.6000000000000001,0.2,50.0,85.0,80.0,2570,2568,2,2570,7.782101167315176E-4,0.7662299230124995,1.0,0.7662299230124995,1325,0.5159657320872274,1.0,1
"iteration_2","SCOPE_DATA_COLLECTION",600,28,1750.0,1810.0,2,3785,2513,806,3729,2480,839,3792,2513,796,3,4,6,7.905138339920949E-4,0.0015891934843067143,0.007481296758104738,0.3230925537159856,0.7908263012309016,1.3901737694609833,0.6461851074319712,0.7908263012309016,0.9267825129739888,0.21149789029535865,0.5419816951850378,0.5804020100502513,100.0,100.0,4306,2107,691,13,0,0,0.0030190431955411053,0.0,0.0,0.75,0.7000000000000001,0.8,0.7000000000000001,30.0,95.0,20.0,0.6000000000000001,0.6000000000000001,0.6000000000000001,0.2,50.0,85.0,80.0,779,774,5,779,0.006418485237483954,1.4733586052798837,1.5,0.9822390701865892,492,0.6356589147286822,1.0,1
"iteration_2","SCOPE_DATA_COLLECTION",600,29,1810.0,1870.0,0,3714,2570,779,3785,2513,806,3702,2558,775,4,2,5,0.0010793308148947653,7.8125E-4,0.00641025641025641,0.3217047275727147,0.7660593953531764,1.4784864150765706,0.6434094551454294,0.7660593953531764,0.9856576100510471,0.21961102106969205,0.516419077404222,0.6361290322580645,100.0,100.0,4197,1758,1108,10,1,0,0.002382654276864427,5.688282138794084E-4,0.0,0.6000000000000001,0.6000000000000001,0.6000000000000001,0.2,50.0,85.0,80.0,0.6000000000000001,0.6000000000000001,0.7000000000000001,0.1,50.0,95.0,90.0,3785,3782,3,3785,7.926023778071334E-4,0.31953445518349777,0.5,0.6390689103669955,780,0.20624008461131677,1.0,1
"iteration_2","SCOPE_DATA_COLLECTION",600,29,1810.0,1870.0,1,3714,2570,779,3785,2513,806,3702,2558,775,4,2,5,0.0010793308148947653,7.8125E-4,0.00641025641025641,0.3217047275727147,0.7660593953531764,1.4784864150765706,0.6434094551454294,0.7660593953531764,0.9856576100510471,0.21961102106969205,0.516419077404222,0.6361290322580645,100.0,100.0,4197,1758,1108,10,1,0,0.002382654276864427,5.688282138794084E-4,0.0,0.6000000000000001,0.6000000000000001,0.6000000000000001,0.2,50.0,85.0,80.0,0.6000000000000001,0.6000000000000001,0.7000000000000001,0.1,50.0,95.0,90.0,2454,2452,2,2454,8.149959250203749E-4,0.7613135316301908,1.0,0.7613135316301908,1259,0.513458401305057,1.0,1
"iteration_2","SCOPE_DATA_COLLECTION",600,29,1810.0,1870.0,2,3714,2570,779,3785,2513,806,3702,2558,775,4,2,5,0.0010793308148947653,7.8125E-4,0.00641025641025641,0.3217047275727147,0.7660593953531764,1.4784864150765706,0.6434094551454294,0.7660593953531764,0.9856576100510471,0.21961102106969205,0.516419077404222,0.6361290322580645,100.0,100.0,4197,1758,1108,10,1,0,0.002382654276864427,5.688282138794084E-4,0.0,0.6000000000000001,0.6000000000000001,0.6000000000000001,0.2,50.0,85.0,80.0,0.6000000000000001,0.6000000000000001,0.7000000000000001,0.1,50.0,95.0,90.0,823,822,1,823,0.001215066828675577,1.418150984611901,1.5,0.9454339897412672,506,0.6155717761557178,1.0,1
"iteration_2","SCOPE_DATA_COLLECTION",600,30,1870.0,1930.0,0,3785,2454,823,3714,2570,779,3797,2454,822,3,2,1,7.894736842105263E-4,8.143322475570033E-4,0.001215066828675577,0.32074855487733445,0.7618795767723971,1.4198087561440407,0.6414971097546689,0.7618795767723971,0.9465391707626938,0.20858572557282065,0.5134474327628362,0.6155717761557178,100.0,100.0,4238,1724,1100,6,0,0,0.001415762151958471,0.0,0.0,0.6000000000000001,0.6000000000000001,0.7000000000000001,0.1,50.0,95.0,90.0,0.5,0.6000000000000001,0.8,0.1,50.0,85.0,90.0,3702,3700,2,3702,5.402485143165856E-4,0.3239542141699342,0.5,0.6479084283398684,816,0.22054054054054054,1.0,1
"iteration_2","SCOPE_DATA_COLLECTION",600,30,1870.0,1930.0,1,3785,2454,823,3714,2570,779,3797,2454,822,3,2,1,7.894736842105263E-4,8.143322475570033E-4,0.001215066828675577,0.32074855487733445,0.7618795767723971,1.4198087561440407,0.6414971097546689,0.7618795767723971,0.9465391707626938,0.20858572557282065,0.5134474327628362,0.6155717761557178,100.0,100.0,4238,1724,1100,6,0,0,0.001415762151958471,0.0,0.0,0.6000000000000001,0.6000000000000001,0.7000000000000001,0.1,50.0,95.0,90.0,0.5,0.6000000000000001,0.8,0.1,50.0,85.0,90.0,2522,2519,3,2522,0.0011895321173671688,0.75612808573422,1.0,0.75612808573422,1269,0.5037713378324732,1.0,1
"iteration_2","SCOPE_DATA_COLLECTION",600,30,1870.0,1930.0,2,3785,2454,823,3714,2570,779,3797,2454,822,3,2,1,7.894736842105263E-4,8.143322475570033E-4,0.001215066828675577,0.32074855487733445,0.7618795767723971,1.4198087561440407,0.6414971097546689,0.7618795767723971,0.9465391707626938,0.20858572557282065,0.5134474327628362,0.6155717761557178,100.0,100.0,4238,1724,1100,6,0,0,0.001415762151958471,0.0,0.0,0.6000000000000001,0.6000000000000001,0.7000000000000001,0.1,50.0,95.0,90.0,0.5,0.6000000000000001,0.8,0.1,50.0,85.0,90.0,873,869,4,873,0.004581901489117984,1.3562615910812745,1.5,0.904174394054183,505,0.5811277330264673,1.0,1
"iteration_2","SCOPE_DATA_COLLECTION",600,31,1930.0,1990.0,0,3702,2522,873,3785,2454,823,3687,2533,879,2,3,4,5.421523448088912E-4,0.0011829652996845426,0.004530011325028313,0.32386563072874963,0.7568709177990999,1.3608560593898849,0.6477312614574993,0.7568709177990999,0.9072373729265899,0.22158936804990506,0.5041452822739834,0.5847554038680318,100.0,100.0,4162,1412,1523,7,2,0,0.0016818837097549255,0.00141643059490085,0.0,0.5,0.6000000000000001,0.8,0.1,50.0,85.0,90.0,0.6000000000000001,0.6000000000000001,0.9,0.1,50.0,85.0,95.0,3705,3702,3,3705,8.097165991902834E-4,0.3117449168382726,0.5,0.6234898336765452,759,0.20502431118314424,1.0,1
"iteration_2","SCOPE_DATA_COLLECTION",600,31,1930.0,1990.0,1,3702,2522,873,3785,2454,823,3687,2533,879,2,3,4,5.421523448088912E-4,0.0011829652996845426,0.004530011325028313,0.32386563072874963,0.7568709177990999,1.3608560593898849,0.6477312614574993,0.7568709177990999,0.9072373729265899,0.22158936804990506,0.5041452822739834,0.5847554038680318,100.0,100.0,4162,1412,1523,7,2,0,0.0016818837097549255,0.00141643059490085,0.0,0.5,0.6000000000000001,0.8,0.1,50.0,85.0,90.0,0.6000000000000001,0.6000000000000001,0.9,0.1,50.0,85.0,95.0,2532,2530,2,2532,7.898894154818325E-4,0.7785651202795285,1.0,0.7785651202795285,1323,0.5229249011857707,1.0,1
"iteration_2","SCOPE_DATA_COLLECTION",600,31,1930.0,1990.0,2,3702,2522,873,3785,2454,823,3687,2533,879,2,3,4,5.421523448088912E-4,0.0011829652996845426,0.004530011325028313,0.32386563072874963,0.7568709177990999,1.3608560593898849,0.6477312614574993,0.7568709177990999,0.9072373729265899,0.22158936804990506,0.5041452822739834,0.5847554038680318,100.0,100.0,4162,1412,1523,7,2,0,0.0016818837097549255,0.00141643059490085,0.0,0.5,0.6000000000000001,0.8,0.1,50.0,85.0,90.0,0.6000000000000001,0.6000000000000001,0.9,0.1,50.0,85.0,95.0,886,885,1,886,0.001128668171557562,1.3241433684062363,1.5,0.8827622456041575,499,0.5638418079096045,1.0,1
"iteration_2","SCOPE_DATA_COLLECTION",600,32,1990.0,2050.0,0,3705,2532,886,3702,2522,873,3715,2521,879,3,1,1,8.068854222700376E-4,3.965107057890563E-4,0.0011363636363636363,0.3122337352272009,0.7787723786577534,1.3245223999710622,0.6244674704544018,0.7787723786577534,0.8830149333140415,0.20619111709286675,0.5228084093613645,0.5642775881683731,100.0,100.0,4151,1823,1149,4,1,0,9.63623223319682E-4,5.485463521667581E-4,0.0,0.6000000000000001,0.6000000000000001,0.9,0.1,50.0,85.0,95.0,0.6000000000000001,0.5,0.9,0.1,40.0,95.0,95.0,3761,3759,2,3761,5.317734645041213E-4,0.323434411394685,0.5,0.64686882278937,805,0.21415270018621974,1.0,1
"iteration_2","SCOPE_DATA_COLLECTION",600,32,1990.0,2050.0,1,3705,2532,886,3702,2522,873,3715,2521,879,3,1,1,8.068854222700376E-4,3.965107057890563E-4,0.0011363636363636363,0.3122337352272009,0.7787723786577534,1.3245223999710622,0.6244674704544018,0.7787723786577534,0.8830149333140415,0.20619111709286675,0.5228084093613645,0.5642775881683731,100.0,100.0,4151,1823,1149,4,1,0,9.63623223319682E-4,5.485463521667581E-4,0.0,0.6000000000000001,0.6000000000000001,0.9,0.1,50.0,85.0,95.0,0.6000000000000001,0.5,0.9,0.1,40.0,95.0,95.0,2563,2562,1,2563,3.901677721420211E-4,0.759665595571327,1.0,0.759665595571327,1291,0.5039032006245121,1.0,1
"iteration_2","SCOPE_DATA_COLLECTION",600,32,1990.0,2050.0,2,3705,2532,886,3702,2522,873,3715,2521,879,3,1,1,8.068854222700376E-4,3.965107057890563E-4,0.0011363636363636363,0.3122337352272009,0.7787723786577534,1.3245223999710622,0.6244674704544018,0.7787723786577534,0.8830149333140415,0.20619111709286675,0.5228084093613645,0.5642775881683731,100.0,100.0,4151,1823,1149,4,1,0,9.63623223319682E-4,5.485463521667581E-4,0.0,0.6000000000000001,0.6000000000000001,0.9,0.1,50.0,85.0,95.0,0.6000000000000001,0.5,0.9,0.1,40.0,95.0,95.0,793,790,3,793,0.0037831021437578815,1.3972293431528267,1.5,0.9314862287685511,475,0.6012658227848101,1.0,1
"iteration_2","SCOPE_DATA_COLLECTION",600,33,2050.0,2110.0,0,3761,2563,793,3705,2532,886,3742,2555,797,2,2,3,5.341880341880342E-4,7.821666014861165E-4,0.00375,0.3220417395845098,0.7579350256903905,1.400163266402227,0.6440834791690196,0.7579350256903905,0.9334421776014846,0.21191876002137894,0.5025440313111545,0.6022584692597239,95.0,100.0,4242,1739,1136,6,1,0,0.0014144271570014145,5.750431282346176E-4,0.0,0.6000000000000001,0.5,0.9,0.1,40.0,95.0,95.0,0.7000000000000001,0.5,0.9,0.2,50.0,95.0,95.0,3781,3775,6,3781,0.0015868817773075905,0.32061237761240174,0.5,0.6412247552248035,806,0.21350993377483443,1.0,1
"iteration_2","SCOPE_DATA_COLLECTION",600,33,2050.0,2110.0,1,3761,2563,793,3705,2532,886,3742,2555,797,2,2,3,5.341880341880342E-4,7.821666014861165E-4,0.00375,0.3220417395845098,0.7579350256903905,1.400163266402227,0.6440834791690196,0.7579350256903905,0.9334421776014846,0.21191876002137894,0.5025440313111545,0.6022584692597239,95.0,100.0,4242,1739,1136,6,1,0,0.0014144271570014145,5.750431282346176E-4,0.0,0.6000000000000001,0.5,0.9,0.1,40.0,95.0,95.0,0.7000000000000001,0.5,0.9,0.2,50.0,95.0,95.0,2585,2581,4,2585,0.0015473887814313346,0.7862259464258818,1.0,0.7862259464258818,1373,0.5319643549012011,1.0,1
"iteration_2","SCOPE_DATA_COLLECTION",600,33,2050.0,2110.0,2,3761,2563,793,3705,2532,886,3742,2555,797,2,2,3,5.341880341880342E-4,7.821666014861165E-4,0.00375,0.3220417395845098,0.7579350256903905,1.400163266402227,0.6440834791690196,0.7579350256903905,0.9334421776014846,0.21191876002137894,0.5025440313111545,0.6022584692597239,95.0,100.0,4242,1739,1136,6,1,0,0.0014144271570014145,5.750431282346176E-4,0.0,0.6000000000000001,0.5,0.9,0.1,40.0,95.0,95.0,0.7000000000000001,0.5,0.9,0.2,50.0,95.0,95.0,815,815,0,815,0.0,1.3925984884925269,1.5,0.9283989923283512,491,0.6024539877300613,1.0,1
"iteration_2","SCOPE_DATA_COLLECTION",600,34,2110.0,2170.0,0,3781,2585,815,3761,2563,793,3786,2582,806,6,4,0,0.0015822784810126582,0.0015467904098994587,0.0,0.321523386811828,0.7873109176535491,1.378888335775727,0.643046773623656,0.7873109176535491,0.9192588905171513,0.21315372424722662,0.5333075135553834,0.5955334987593052,100.0,100.0,4281,2040,860,8,2,0,0.001868722261153936,9.80392156862745E-4,0.0,0.7000000000000001,0.5,0.9,0.2,50.0,95.0,95.0,0.6000000000000001,0.6000000000000001,0.9,0.30000000000000004,50.0,95.0,95.0,3752,3743,9,3752,0.002398720682302772,0.32493536275430046,0.5,0.6498707255086009,880,0.2351055303232701,1.0,1
"iteration_2","SCOPE_DATA_COLLECTION",600,34,2110.0,2170.0,1,3781,2585,815,3761,2563,793,3786,2582,806,6,4,0,0.0015822784810126582,0.0015467904098994587,0.0,0.321523386811828,0.7873109176535491,1.378888335775727,0.643046773623656,0.7873109176535491,0.9192588905171513,0.21315372424722662,0.5333075135553834,0.5955334987593052,100.0,100.0,4281,2040,860,8,2,0,0.001868722261153936,9.80392156862745E-4,0.0,0.7000000000000001,0.5,0.9,0.2,50.0,95.0,95.0,0.6000000000000001,0.6000000000000001,0.9,0.30000000000000004,50.0,95.0,95.0,2534,2529,5,2534,0.001973164956590371,0.7673543859898085,1.0,0.7673543859898085,1305,0.5160142348754448,1.0,1
"iteration_2","SCOPE_DATA_COLLECTION",600,34,2110.0,2170.0,2,3781,2585,815,3761,2563,793,3786,2582,806,6,4,0,0.0015822784810126582,0.0015467904098994587,0.0,0.321523386811828,0.7873109176535491,1.378888335775727,0.643046773623656,0.7873109176535491,0.9192588905171513,0.21315372424722662,0.5333075135553834,0.5955334987593052,100.0,100.0,4281,2040,860,8,2,0,0.001868722261153936,9.80392156862745E-4,0.0,0.7000000000000001,0.5,0.9,0.2,50.0,95.0,95.0,0.6000000000000001,0.6000000000000001,0.9,0.30000000000000004,50.0,95.0,95.0,866,865,1,866,0.0011547344110854503,1.3987121834682013,1.5,0.9324747889788009,513,0.5930635838150289,1.0,1
"iteration_2","SCOPE_DATA_COLLECTION",600,35,2170.0,2230.0,0,3752,2534,866,3781,2585,815,3749,2533,865,9,5,1,0.002394890899414582,0.001970055161544523,0.0011547344110854503,0.32485055582461786,0.7659458595039612,1.399132845615501,0.6497011116492357,0.7659458595039612,0.932755230410334,0.2355294745265404,0.5151993683379392,0.5930635838150289,97.5,100.0,4185,1768,1199,15,0,0,0.0035842293906810036,0.0,0.0,0.6000000000000001,0.6000000000000001,0.9,0.30000000000000004,50.0,95.0,95.0,0.6000000000000001,0.5,0.8,0.4,60.0,95.0,95.0,3696,3695,1,3696,2.7056277056277056E-4,0.3250875232613521,0.5,0.6501750465227042,812,0.21975642760487143,1.0,1
"iteration_2","SCOPE_DATA_COLLECTION",600,35,2170.0,2230.0,1,3752,2534,866,3781,2585,815,3749,2533,865,9,5,1,0.002394890899414582,0.001970055161544523,0.0011547344110854503,0.32485055582461786,0.7659458595039612,1.399132845615501,0.6497011116492357,0.7659458595039612,0.932755230410334,0.2355294745265404,0.5151993683379392,0.5930635838150289,97.5,100.0,4185,1768,1199,15,0,0,0.0035842293906810036,0.0,0.0,0.6000000000000001,0.6000000000000001,0.9,0.30000000000000004,50.0,95.0,95.0,0.6000000000000001,0.5,0.8,0.4,60.0,95.0,95.0,2531,2527,4,2531,0.0015804030027657052,0.7672645157439305,1.0,0.7672645157439305,1310,0.518401266323704,1.0,1
"iteration_2","SCOPE_DATA_COLLECTION",600,35,2170.0,2230.0,2,3752,2534,866,3781,2585,815,3749,2533,865,9,5,1,0.002394890899414582,0.001970055161544523,0.0011547344110854503,0.32485055582461786,0.7659458595039612,1.399132845615501,0.6497011116492357,0.7659458595039612,0.932755230410334,0.2355294745265404,0.5151993683379392,0.5930635838150289,97.5,100.0,4185,1768,1199,15,0,0,0.0035842293906810036,0.0,0.0,0.6000000000000001,0.6000000000000001,0.9,0.30000000000000004,50.0,95.0,95.0,0.6000000000000001,0.5,0.8,0.4,60.0,95.0,95.0,800,796,4,800,0.005,1.4301654773298034,1.5,0.9534436515532022,483,0.6067839195979899,1.0,1
"iteration_2","SCOPE_DATA_COLLECTION",600,36,2230.0,2290.0,0,3696,2531,800,3752,2534,866,3693,2532,801,1,4,4,2.707092582566324E-4,0.0015772870662460567,0.004968944099378882,0.3260079723991868,0.7688964368714217,1.4439192521939404,0.6520159447983735,0.7688964368714217,0.9626128347959603,0.22258326563769293,0.518957345971564,0.6154806491885143,97.5,100.0,4231,1689,1107,8,1,0,0.0018908059560387616,5.920663114268798E-4,0.0,0.6000000000000001,0.5,0.8,0.4,60.0,95.0,95.0,0.6000000000000001,0.5,0.7000000000000001,0.5,50.0,95.0,95.0,3717,3708,9,3717,0.002421307506053269,0.32237304765860125,0.5,0.6447460953172025,770,0.2076591154261057,1.0,1
"iteration_2","SCOPE_DATA_COLLECTION",600,36,2230.0,2290.0,1,3696,2531,800,3752,2534,866,3693,2532,801,1,4,4,2.707092582566324E-4,0.0015772870662460567,0.004968944099378882,0.3260079723991868,0.7688964368714217,1.4439192521939404,0.6520159447983735,0.7688964368714217,0.9626128347959603,0.22258326563769293,0.518957345971564,0.6154806491885143,97.5,100.0,4231,1689,1107,8,1,0,0.0018908059560387616,5.920663114268798E-4,0.0,0.6000000000000001,0.5,0.8,0.4,60.0,95.0,95.0,0.6000000000000001,0.5,0.7000000000000001,0.5,50.0,95.0,95.0,2435,2425,10,2435,0.004106776180698152,0.8074278535881098,1.0,0.8074278535881098,1338,0.5517525773195876,1.0,1
"iteration_2","SCOPE_DATA_COLLECTION",600,36,2230.0,2290.0,2,3696,2531,800,3752,2534,866,3693,2532,801,1,4,4,2.707092582566324E-4,0.0015772870662460567,0.004968944099378882,0.3260079723991868,0.7688964368714217,1.4439192521939404,0.6520159447983735,0.7688964368714217,0.9626128347959603,0.22258326563769293,0.518957345971564,0.6154806491885143,97.5,100.0,4231,1689,1107,8,1,0,0.0018908059560387616,5.920663114268798E-4,0.0,0.6000000000000001,0.5,0.8,0.4,60.0,95.0,95.0,0.6000000000000001,0.5,0.7000000000000001,0.5,50.0,95.0,95.0,782,777,5,782,0.00639386189258312,1.4411987566248838,1.5,0.9607991710832559,473,0.6087516087516087,1.0,1
"iteration_2","SCOPE_DATA_COLLECTION",600,37,2290.0,2350.0,0,3717,2435,782,3696,2531,800,3705,2422,774,9,10,5,0.0024232633279483036,0.004111842105263158,0.006418485237483954,0.32081824874544307,0.8050279508992462,1.4386364338214186,0.6416364974908861,0.8050279508992462,0.9590909558809457,0.20512820512820512,0.5511973575557391,0.6072351421188631,97.5,100.0,4273,1570,1091,21,3,0,0.004914579920430611,0.001910828025477707,0.0,0.6000000000000001,0.5,0.7000000000000001,0.5,50.0,95.0,95.0,0.5,0.6000000000000001,0.6000000000000001,0.6000000000000001,60.0,85.0,95.0,3702,3701,1,3702,2.701242571582928E-4,0.33042630666355255,0.5,0.6608526133271051,821,0.2218319373142394,1.0,1
"iteration_2","SCOPE_DATA_COLLECTION",600,37,2290.0,2350.0,1,3717,2435,782,3696,2531,800,3705,2422,774,9,10,5,0.0024232633279483036,0.004111842105263158,0.006418485237483954,0.32081824874544307,0.8050279508992462,1.4386364338214186,0.6416364974908861,0.8050279508992462,0.9590909558809457,0.20512820512820512,0.5511973575557391,0.6072351421188631,97.5,100.0,4273,1570,1091,21,3,0,0.004914579920430611,0.001910828025477707,0.0,0.6000000000000001,0.5,0.7000000000000001,0.5,50.0,95.0,95.0,0.5,0.6000000000000001,0.6000000000000001,0.6000000000000001,60.0,85.0,95.0,2518,2514,4,2518,0.0015885623510722795,0.804458806733389,1.0,0.804458806733389,1387,0.5517104216388226,1.0,1
"iteration_2","SCOPE_DATA_COLLECTION",600,37,2290.0,2350.0,2,3717,2435,782,3696,2531,800,3705,2422,774,9,10,5,0.0024232633279483036,0.004111842105263158,0.006418485237483954,0.32081824874544307,0.8050279508992462,1.4386364338214186,0.6416364974908861,0.8050279508992462,0.9590909558809457,0.20512820512820512,0.5511973575557391,0.6072351421188631,97.5,100.0,4273,1570,1091,21,3,0,0.004914579920430611,0.001910828025477707,0.0,0.6000000000000001,0.5,0.7000000000000001,0.5,50.0,95.0,95.0,0.5,0.6000000000000001,0.6000000000000001,0.6000000000000001,60.0,85.0,95.0,816,812,4,816,0.004901960784313725,1.3889542423613777,1.5,0.9259694949075851,473,0.5825123152709359,1.0,1
"iteration_2","SCOPE_DATA_COLLECTION",600,38,2350.0,2410.0,0,3702,2518,816,3717,2435,782,3707,2513,811,1,4,4,2.6968716289104636E-4,0.0015891934843067143,0.0049079754601227,0.33166267775094543,0.8066032348608925,1.3826763319376603,0.6633253555018909,0.8066032348608925,0.9217842212917735,0.22309144861073643,0.551134102666136,0.5782983970406905,92.5,100.0,4352,1283,1401,8,1,0,0.001838235294117647,7.79423226812159E-4,0.0,0.5,0.6000000000000001,0.6000000000000001,0.6000000000000001,60.0,85.0,95.0,0.4,0.7000000000000001,0.7000000000000001,0.5,70.0,75.0,95.0,3743,3742,1,3743,2.671653753673524E-4,0.31590141438842806,0.5,0.6318028287768561,732,0.19561731694281134,1.0,1
"iteration_2","SCOPE_DATA_COLLECTION",600,38,2350.0,2410.0,1,3702,2518,816,3717,2435,782,3707,2513,811,1,4,4,2.6968716289104636E-4,0.0015891934843067143,0.0049079754601227,0.33166267775094543,0.8066032348608925,1.3826763319376603,0.6633253555018909,0.8066032348608925,0.9217842212917735,0.22309144861073643,0.551134102666136,0.5782983970406905,92.5,100.0,4352,1283,1401,8,1,0,0.001838235294117647,7.79423226812159E-4,0.0,0.5,0.6000000000000001,0.6000000000000001,0.6000000000000001,60.0,85.0,95.0,0.4,0.7000000000000001,0.7000000000000001,0.5,70.0,75.0,95.0,2538,2535,3,2538,0.001182033096926714,0.7767071290559536,1.0,0.7767071290559536,1330,0.52465483234714,1.0,1
"iteration_2","SCOPE_DATA_COLLECTION",600,38,2350.0,2410.0,2,3702,2518,816,3717,2435,782,3707,2513,811,1,4,4,2.6968716289104636E-4,0.0015891934843067143,0.0049079754601227,0.33166267775094543,0.8066032348608925,1.3826763319376603,0.6633253555018909,0.8066032348608925,0.9217842212917735,0.22309144861073643,0.551134102666136,0.5782983970406905,92.5,100.0,4352,1283,1401,8,1,0,0.001838235294117647,7.79423226812159E-4,0.0,0.5,0.6000000000000001,0.6000000000000001,0.6000000000000001,60.0,85.0,95.0,0.4,0.7000000000000001,0.7000000000000001,0.5,70.0,75.0,95.0,810,805,5,810,0.006172839506172839,1.4291904517420442,1.5,0.9527936344946961,486,0.6037267080745342,1.0,1
"iteration_2","SCOPE_DATA_COLLECTION",600,39,2410.0,2470.0,0,3743,2538,810,3702,2518,816,3739,2534,802,1,3,5,2.6737967914438503E-4,0.0011824990145841545,0.006195786864931847,0.3156180026360286,0.7769829073473463,1.4306040858879279,0.6312360052720573,0.7769829073473463,0.9537360572586185,0.19470446643487563,0.5256511444356748,0.6047381546134664,100.0,100.0,4255,1155,1681,9,0,0,0.0021151586368977674,0.0,0.0,0.4,0.7000000000000001,0.7000000000000001,0.5,70.0,75.0,95.0,0.5,0.7000000000000001,0.8,0.4,60.0,85.0,95.0,3765,3764,1,3765,2.656042496679947E-4,0.3279515753499762,0.5,0.6559031506999524,819,0.2175876726886291,1.0,1
"iteration_2","SCOPE_DATA_COLLECTION",600,39,2410.0,2470.0,1,3743,2538,810,3702,2518,816,3739,2534,802,1,3,5,2.6737967914438503E-4,0.0011824990145841545,0.006195786864931847,0.3156180026360286,0.7769829073473463,1.4306040858879279,0.6312360052720573,0.7769829073473463,0.9537360572586185,0.19470446643487563,0.5256511444356748,0.6047381546134664,100.0,100.0,4255,1155,1681,9,0,0,0.0021151586368977674,0.0,0.0,0.4,0.7000000000000001,0.7000000000000001,0.5,70.0,75.0,95.0,0.5,0.7000000000000001,0.8,0.4,60.0,85.0,95.0,2458,2454,4,2458,0.0016273393002441008,0.7732460164305415,1.0,0.7732460164305415,1276,0.5199674001629991,1.0,1
"iteration_2","SCOPE_DATA_COLLECTION",600,39,2410.0,2470.0,2,3743,2538,810,3702,2518,816,3739,2534,802,1,3,5,2.6737967914438503E-4,0.0011824990145841545,0.006195786864931847,0.3156180026360286,0.7769829073473463,1.4306040858879279,0.6312360052720573,0.7769829073473463,0.9537360572586185,0.19470446643487563,0.5256511444356748,0.6047381546134664,100.0,100.0,4255,1155,1681,9,0,0,0.0021151586368977674,0.0,0.0,0.4,0.7000000000000001,0.7000000000000001,0.5,70.0,75.0,95.0,0.5,0.7000000000000001,0.8,0.4,60.0,85.0,95.0,823,821,2,823,0.002430133657351154,1.4128871128311633,1.5,0.9419247418874422,491,0.5980511571254568,1.0,1
"iteration_2","SCOPE_DATA_COLLECTION",600,40,2470.0,2530.0,0,3765,2458,823,3743,2538,810,3762,2451,825,1,4,2,2.6574541589157585E-4,0.001629327902240326,0.0024183796856106408,0.32723900889263635,0.7693270883879696,1.4194321090708775,0.6544780177852727,0.7693270883879696,0.9462880727139183,0.2166400850611377,0.5173398612811098,0.6012121212121212,90.0,100.0,4261,1379,1406,6,1,0,0.0014081201595869514,7.251631617113851E-4,0.0,0.5,0.7000000000000001,0.8,0.4,60.0,85.0,95.0,0.4,0.6000000000000001,0.7000000000000001,0.30000000000000004,70.0,75.0,85.0,3675,3668,7,3675,0.0019047619047619048,0.31828298212341793,0.5,0.6365659642468359,792,0.2159214830970556,1.0,1
"iteration_2","SCOPE_DATA_COLLECTION",600,40,2470.0,2530.0,1,3765,2458,823,3743,2538,810,3762,2451,825,1,4,2,2.6574541589157585E-4,0.001629327902240326,0.0024183796856106408,0.32723900889263635,0.7693270883879696,1.4194321090708775,0.6544780177852727,0.7693270883879696,0.9462880727139183,0.2166400850611377,0.5173398612811098,0.6012121212121212,90.0,100.0,4261,1379,1406,6,1,0,0.0014081201595869514,7.251631617113851E-4,0.0,0.5,0.7000000000000001,0.8,0.4,60.0,85.0,95.0,0.4,0.6000000000000001,0.7000000000000001,0.30000000000000004,70.0,75.0,85.0,2571,2570,1,2571,3.8895371450797355E-4,0.7548524827147699,1.0,0.7548524827147699,1306,0.5081712062256809,1.0,1
"iteration_2","SCOPE_DATA_COLLECTION",600,40,2470.0,2530.0,2,3765,2458,823,3743,2538,810,3762,2451,825,1,4,2,2.6574541589157585E-4,0.001629327902240326,0.0024183796856106408,0.32723900889263635,0.7693270883879696,1.4194321090708775,0.6544780177852727,0.7693270883879696,0.9462880727139183,0.2166400850611377,0.5173398612811098,0.6012121212121212,90.0,100.0,4261,1379,1406,6,1,0,0.0014081201595869514,7.251631617113851E-4,0.0,0.5,0.7000000000000001,0.8,0.4,60.0,85.0,95.0,0.4,0.6000000000000001,0.7000000000000001,0.30000000000000004,70.0,75.0,85.0,860,857,3,860,0.0034883720930232558,1.37955376818092,1.5,0.9197025121206134,503,0.5869311551925321,1.0,1
"iteration_2","SCOPE_DATA_COLLECTION",600,41,2530.0,2590.0,0,3675,2571,860,3765,2458,823,3667,2579,862,7,1,3,0.001905280348394121,3.875968992248062E-4,0.003468208092485549,0.31924878492049946,0.7583395432158514,1.3739758825739572,0.6384975698409989,0.7583395432158514,0.9159839217159714,0.21761658031088082,0.5114385420705699,0.5835266821345708,97.5,100.0,4165,1197,1744,9,2,0,0.0021608643457382954,0.001670843776106934,0.0,0.4,0.6000000000000001,0.7000000000000001,0.30000000000000004,70.0,75.0,85.0,0.9,0.7000000000000001,0.2,0.8,65.0,85.0,55.0,3697,3691,6,3697,0.0016229375169055991,0.3285599990118002,0.5,0.6571199980236004,784,0.2124085613654836,1.0,1
"iteration_2","SCOPE_DATA_COLLECTION",600,41,2530.0,2590.0,1,3675,2571,860,3765,2458,823,3667,2579,862,7,1,3,0.001905280348394121,3.875968992248062E-4,0.003468208092485549,0.31924878492049946,0.7583395432158514,1.3739758825739572,0.6384975698409989,0.7583395432158514,0.9159839217159714,0.21761658031088082,0.5114385420705699,0.5835266821345708,97.5,100.0,4165,1197,1744,9,2,0,0.0021608643457382954,0.001670843776106934,0.0,0.4,0.6000000000000001,0.7000000000000001,0.30000000000000004,70.0,75.0,85.0,0.9,0.7000000000000001,0.2,0.8,65.0,85.0,55.0,2547,2543,4,2547,0.0015704750687082843,0.7459483391896276,1.0,0.7459483391896276,1309,0.5147463625639009,1.0,1
"iteration_2","SCOPE_DATA_COLLECTION",600,41,2530.0,2590.0,2,3675,2571,860,3765,2458,823,3667,2579,862,7,1,3,0.001905280348394121,3.875968992248062E-4,0.003468208092485549,0.31924878492049946,0.7583395432158514,1.3739758825739572,0.6384975698409989,0.7583395432158514,0.9159839217159714,0.21761658031088082,0.5114385420705699,0.5835266821345708,97.5,100.0,4165,1197,1744,9,2,0,0.0021608643457382954,0.001670843776106934,0.0,0.4,0.6000000000000001,0.7000000000000001,0.30000000000000004,70.0,75.0,85.0,0.9,0.7000000000000001,0.2,0.8,65.0,85.0,55.0,761,756,5,761,0.006570302233902759,1.3726665272166445,1.5,0.9151110181444296,438,0.5793650793650794,1.0,1
"iteration_2","SCOPE_DATA_COLLECTION",600,42,2590.0,2650.0,0,3697,2547,761,3675,2571,860,3687,2547,754,6,4,5,0.0016246953696181965,0.0015680125441003528,0.006587615283267457,0.3286967616788296,0.7474533823045434,1.3711598059691916,0.6573935233576592,0.7474533823045434,0.9141065373127945,0.21263900189856252,0.5159010600706714,0.5795755968169761,97.5,100.0,4281,2455,269,13,2,0,0.003036673674375146,8.14663951120163E-4,0.0,0.9,0.7000000000000001,0.2,0.8,65.0,85.0,55.0,0.8,0.7000000000000001,0.30000000000000004,0.9,55.0,75.0,45.0,3825,3824,1,3825,2.6143790849673205E-4,0.3237204124568402,0.5,0.6474408249136804,835,0.21835774058577406,1.0,1
"iteration_2","SCOPE_DATA_COLLECTION",600,42,2590.0,2650.0,1,3697,2547,761,3675,2571,860,3687,2547,754,6,4,5,0.0016246953696181965,0.0015680125441003528,0.006587615283267457,0.3286967616788296,0.7474533823045434,1.3711598059691916,0.6573935233576592,0.7474533823045434,0.9141065373127945,0.21263900189856252,0.5159010600706714,0.5795755968169761,97.5,100.0,4281,2455,269,13,2,0,0.003036673674375146,8.14663951120163E-4,0.0,0.9,0.7000000000000001,0.2,0.8,65.0,85.0,55.0,0.8,0.7000000000000001,0.30000000000000004,0.9,55.0,75.0,45.0,2510,2507,3,2510,0.001195219123505976,0.7606895023743047,1.0,0.7606895023743047,1291,0.5149581172716394,1.0,1
"iteration_2","SCOPE_DATA_COLLECTION",600,42,2590.0,2650.0,2,3697,2547,761,3675,2571,860,3687,2547,754,6,4,5,0.0016246953696181965,0.0015680125441003528,0.006587615283267457,0.3286967616788296,0.7474533823045434,1.3711598059691916,0.6573935233576592,0.7474533823045434,0.9141065373127945,0.21263900189856252,0.5159010600706714,0.5795755968169761,97.5,100.0,4281,2455,269,13,2,0,0.003036673674375146,8.14663951120163E-4,0.0,0.9,0.7000000000000001,0.2,0.8,65.0,85.0,55.0,0.8,0.7000000000000001,0.30000000000000004,0.9,55.0,75.0,45.0,818,814,4,818,0.004889975550122249,1.4295996648642535,1.5,0.9530664432428356,493,0.6056511056511057,1.0,1
"iteration_2","SCOPE_DATA_COLLECTION",600,43,2650.0,2710.0,0,3825,2510,818,3697,2547,761,3827,2500,817,1,3,4,2.6123301985370953E-4,0.0011985617259288853,0.0048721071863581,0.3233097395279778,0.7598012136133364,1.4387838408857787,0.6466194790559556,0.7598012136133364,0.9591892272571858,0.21714136399268355,0.5136,0.609547123623011,97.5,100.0,4278,2276,599,8,0,0,0.0018700327255726976,0.0,0.0,0.8,0.7000000000000001,0.30000000000000004,0.9,55.0,75.0,45.0,0.8,0.6000000000000001,0.4,0.8,65.0,75.0,35.0,3728,3725,3,3728,8.047210300429185E-4,0.3211640838280654,0.5,0.6423281676561308,768,0.2061744966442953,1.0,1
"iteration_2","SCOPE_DATA_COLLECTION",600,43,2650.0,2710.0,1,3825,2510,818,3697,2547,761,3827,2500,817,1,3,4,2.6123301985370953E-4,0.0011985617259288853,0.0048721071863581,0.3233097395279778,0.7598012136133364,1.4387838408857787,0.6466194790559556,0.7598012136133364,0.9591892272571858,0.21714136399268355,0.5136,0.609547123623011,97.5,100.0,4278,2276,599,8,0,0,0.0018700327255726976,0.0,0.0,0.8,0.7000000000000001,0.30000000000000004,0.9,55.0,75.0,45.0,0.8,0.6000000000000001,0.4,0.8,65.0,75.0,35.0,2547,2543,4,2547,0.0015704750687082843,0.7821910057991596,1.0,0.7821910057991596,1350,0.5308690523004326,1.0,1
"iteration_2","SCOPE_DATA_COLLECTION",600,43,2650.0,2710.0,2,3825,2510,818,3697,2547,761,3827,2500,817,1,3,4,2.6123301985370953E-4,0.0011985617259288853,0.0048721071863581,0.3233097395279778,0.7598012136133364,1.4387838408857787,0.6466194790559556,0.7598012136133364,0.9591892272571858,0.21714136399268355,0.5136,0.609547123623011,97.5,100.0,4278,2276,599,8,0,0,0.0018700327255726976,0.0,0.0,0.8,0.7000000000000001,0.30000000000000004,0.9,55.0,75.0,45.0,0.8,0.6000000000000001,0.4,0.8,65.0,75.0,35.0,782,777,5,782,0.00639386189258312,1.4476935733427667,1.5,0.9651290488951778,480,0.6177606177606177,1.0,1
"iteration_2","SCOPE_DATA_COLLECTION",600,44,2710.0,2770.0,0,3728,2547,782,3825,2510,818,3735,2535,764,3,4,5,8.025682182985554E-4,0.0015754233950374162,0.006501950585175552,0.3214644012885357,0.7802949963074044,1.4306458957814157,0.6429288025770714,0.7802949963074044,0.9537639305209438,0.2066934404283802,0.5313609467455621,0.6112565445026178,100.0,100.0,4224,2254,579,11,1,0,0.0026041666666666665,4.4365572315882877E-4,0.0,0.8,0.6000000000000001,0.4,0.8,65.0,75.0,35.0,0.8,0.6000000000000001,0.4,0.8,65.0,75.0,35.0,3803,3797,6,3803,0.0015777018143570865,0.32705470302797235,0.5,0.6541094060559447,849,0.22359757703450092,1.0,1
"iteration_2","SCOPE_DATA_COLLECTION",600,44,2710.0,2770.0,1,3728,2547,782,3825,2510,818,3735,2535,764,3,4,5,8.025682182985554E-4,0.0015754233950374162,0.006501950585175552,0.3214644012885357,0.7802949963074044,1.4306458957814157,0.6429288025770714,0.7802949963074044,0.9537639305209438,0.2066934404283802,0.5313609467455621,0.6112565445026178,100.0,100.0,4224,2254,579,11,1,0,0.0026041666666666665,4.4365572315882877E-4,0.0,0.8,0.6000000000000001,0.4,0.8,65.0,75.0,35.0,0.8,0.6000000000000001,0.4,0.8,65.0,75.0,35.0,2456,2452,4,2456,0.0016286644951140066,0.7762364425098445,1.0,0.7762364425098445,1293,0.5273246329526917,1.0,1
"iteration_2","SCOPE_DATA_COLLECTION",600,44,2710.0,2770.0,2,3728,2547,782,3825,2510,818,3735,2535,764,3,4,5,8.025682182985554E-4,0.0015754233950374162,0.006501950585175552,0.3214644012885357,0.7802949963074044,1.4306458957814157,0.6429288025770714,0.7802949963074044,0.9537639305209438,0.2066934404283802,0.5313609467455621,0.6112565445026178,100.0,100.0,4224,2254,579,11,1,0,0.0026041666666666665,4.4365572315882877E-4,0.0,0.8,0.6000000000000001,0.4,0.8,65.0,75.0,35.0,0.8,0.6000000000000001,0.4,0.8,65.0,75.0,35.0,772,766,6,772,0.007772020725388601,1.4391480722867447,1.5,0.9594320481911631,468,0.6109660574412533,1.0,1
"iteration_2","SCOPE_DATA_COLLECTION",600,45,2770.0,2830.0,0,3803,2456,772,3728,2547,782,3795,2462,775,6,4,6,0.0015785319652722968,0.0016220600162206002,0.0076824583866837385,0.32696301170162156,0.7770415017025635,1.4450559707833652,0.6539260234032431,0.7770415017025635,0.9633706471889102,0.22397891963109354,0.5259951259138912,0.6129032258064516,95.0,100.0,4285,2200,546,14,2,0,0.003267211201866978,9.090909090909091E-4,0.0,0.8,0.6000000000000001,0.4,0.8,65.0,75.0,35.0,0.7000000000000001,0.6000000000000001,0.30000000000000004,0.7000000000000001,55.0,65.0,25.0,3754,3751,3,3754,7.991475759190197E-4,0.3181698003876278,0.5,0.6363396007752556,770,0.20527859237536658,1.0,1
"iteration_2","SCOPE_DATA_COLLECTION",600,45,2770.0,2830.0,1,3803,2456,772,3728,2547,782,3795,2462,775,6,4,6,0.0015785319652722968,0.0016220600162206002,0.0076824583866837385,0.32696301170162156,0.7770415017025635,1.4450559707833652,0.6539260234032431,0.7770415017025635,0.9633706471889102,0.22397891963109354,0.5259951259138912,0.6129032258064516,95.0,100.0,4285,2200,546,14,2,0,0.003267211201866978,9.090909090909091E-4,0.0,0.8,0.6000000000000001,0.4,0.8,65.0,75.0,35.0,0.7000000000000001,0.6000000000000001,0.30000000000000004,0.7000000000000001,55.0,65.0,25.0,2454,2450,4,2454,0.0016299918500407497,0.7487811765749687,1.0,0.7487811765749687,1249,0.509795918367347,1.0,1
"iteration_2","SCOPE_DATA_COLLECTION",600,45,2770.0,2830.0,2,3803,2456,772,3728,2547,782,3795,2462,775,6,4,6,0.0015785319652722968,0.0016220600162206002,0.0076824583866837385,0.32696301170162156,0.7770415017025635,1.4450559707833652,0.6539260234032431,0.7770415017025635,0.9633706471889102,0.22397891963109354,0.5259951259138912,0.6129032258064516,95.0,100.0,4285,2200,546,14,2,0,0.003267211201866978,9.090909090909091E-4,0.0,0.8,0.6000000000000001,0.4,0.8,65.0,75.0,35.0,0.7000000000000001,0.6000000000000001,0.30000000000000004,0.7000000000000001,55.0,65.0,25.0,885,877,8,885,0.00903954802259887,1.3524446363907976,1.5,0.9016297575938651,497,0.5667046750285063,1.0,1
"iteration_2","SCOPE_DATA_COLLECTION",600,46,2830.0,2890.0,0,3754,2454,885,3803,2456,772,3739,2443,885,3,4,8,8.017103153393907E-4,0.0016346546791990192,0.008958566629339306,0.31715169021406225,0.7487678890606136,1.358564994946373,0.6343033804281245,0.7487678890606136,0.9057099966309153,0.2037978069002407,0.5088006549324601,0.5694915254237288,95.0,100.0,4181,2010,902,13,2,0,0.0031093039942597465,9.950248756218905E-4,0.0,0.7000000000000001,0.6000000000000001,0.30000000000000004,0.7000000000000001,55.0,65.0,25.0,0.6000000000000001,0.5,0.2,0.6000000000000001,65.0,55.0,35.0,3599,3595,4,3599,0.0011114198388441233,0.3169534195664572,0.5,0.6339068391329143,738,0.20528511821974965,1.0,1
"iteration_2","SCOPE_DATA_COLLECTION",600,46,2830.0,2890.0,1,3754,2454,885,3803,2456,772,3739,2443,885,3,4,8,8.017103153393907E-4,0.0016346546791990192,0.008958566629339306,0.31715169021406225,0.7487678890606136,1.358564994946373,0.6343033804281245,0.7487678890606136,0.9057099966309153,0.2037978069002407,0.5088006549324601,0.5694915254237288,95.0,100.0,4181,2010,902,13,2,0,0.0031093039942597465,9.950248756218905E-4,0.0,0.7000000000000001,0.6000000000000001,0.30000000000000004,0.7000000000000001,55.0,65.0,25.0,0.6000000000000001,0.5,0.2,0.6000000000000001,65.0,55.0,35.0,2514,2511,3,2514,0.0011933174224343676,0.7278429652763361,1.0,0.7278429652763361,1260,0.5017921146953405,1.0,1
"iteration_2","SCOPE_DATA_COLLECTION",600,46,2830.0,2890.0,2,3754,2454,885,3803,2456,772,3739,2443,885,3,4,8,8.017103153393907E-4,0.0016346546791990192,0.008958566629339306,0.31715169021406225,0.7487678890606136,1.358564994946373,0.6343033804281245,0.7487678890606136,0.9057099966309153,0.2037978069002407,0.5088006549324601,0.5694915254237288,95.0,100.0,4181,2010,902,13,2,0,0.0031093039942597465,9.950248756218905E-4,0.0,0.7000000000000001,0.6000000000000001,0.30000000000000004,0.7000000000000001,55.0,65.0,25.0,0.6000000000000001,0.5,0.2,0.6000000000000001,65.0,55.0,35.0,877,872,5,877,0.005701254275940707,1.4573865927530867,1.5,0.9715910618353911,546,0.6261467889908257,1.0,1
"iteration_2","SCOPE_DATA_COLLECTION",600,47,2890.0,2950.0,0,3599,2514,877,3754,2454,885,3608,2517,857,4,3,5,0.0011074197120708748,0.0011904761904761906,0.00580046403712297,0.3182609058468933,0.7292729060045441,1.455562015533483,0.6365218116937866,0.7292729060045441,0.9703746770223219,0.2075942350332594,0.5049662296384585,0.6254375729288215,100.0,100.0,4158,1733,1099,10,2,0,0.002405002405002405,0.001154068090017311,0.0,0.6000000000000001,0.5,0.2,0.6000000000000001,65.0,55.0,35.0,0.5,0.6000000000000001,0.1,0.5,65.0,45.0,45.0,3698,3696,2,3698,5.408328826392645E-4,0.3137623727930965,0.5,0.627524745586193,693,0.1875,1.0,1
"iteration_2","SCOPE_DATA_COLLECTION",600,47,2890.0,2950.0,1,3599,2514,877,3754,2454,885,3608,2517,857,4,3,5,0.0011074197120708748,0.0011904761904761906,0.00580046403712297,0.3182609058468933,0.7292729060045441,1.455562015533483,0.6365218116937866,0.7292729060045441,0.9703746770223219,0.2075942350332594,0.5049662296384585,0.6254375729288215,100.0,100.0,4158,1733,1099,10,2,0,0.002405002405002405,0.001154068090017311,0.0,0.6000000000000001,0.5,0.2,0.6000000000000001,65.0,55.0,35.0,0.5,0.6000000000000001,0.1,0.5,65.0,45.0,45.0,2499,2498,1,2499,4.0016006402561027E-4,0.7479226548320226,1.0,0.7479226548320226,1283,0.5136108887109688,1.0,1
"iteration_2","SCOPE_DATA_COLLECTION",600,47,2890.0,2950.0,2,3599,2514,877,3754,2454,885,3608,2517,857,4,3,5,0.0011074197120708748,0.0011904761904761906,0.00580046403712297,0.3182609058468933,0.7292729060045441,1.455562015533483,0.6365218116937866,0.7292729060045441,0.9703746770223219,0.2075942350332594,0.5049662296384585,0.6254375729288215,100.0,100.0,4158,1733,1099,10,2,0,0.002405002405002405,0.001154068090017311,0.0,0.6000000000000001,0.5,0.2,0.6000000000000001,65.0,55.0,35.0,0.5,0.6000000000000001,0.1,0.5,65.0,45.0,45.0,810,806,4,810,0.0049382716049382715,1.4387134379416833,1.5,0.9591422919611222,498,0.6178660049627791,1.0,1
"iteration_2","SCOPE_DATA_COLLECTION",600,48,2950.0,3010.0,0,3698,2499,810,3599,2514,877,3689,2507,812,2,1,3,5.41858574911948E-4,3.9872408293460925E-4,0.0036809815950920245,0.3138510369840276,0.7494033899236647,1.4359995655360938,0.6277020739680552,0.7494033899236647,0.9573330436907291,0.18731363513147195,0.5137614678899083,0.6157635467980296,100.0,100.0,4253,1383,1371,6,0,0,0.0014107688690336232,0.0,0.0,0.5,0.6000000000000001,0.1,0.5,65.0,45.0,45.0,0.5,0.5,0.2,0.6000000000000001,65.0,35.0,55.0,3706,3699,7,3706,0.0018888289260658392,0.3367258248720023,0.5,0.6734516497440046,851,0.23006217896728845,1.0,1
"iteration_2","SCOPE_DATA_COLLECTION",600,48,2950.0,3010.0,1,3698,2499,810,3599,2514,877,3689,2507,812,2,1,3,5.41858574911948E-4,3.9872408293460925E-4,0.0036809815950920245,0.3138510369840276,0.7494033899236647,1.4359995655360938,0.6277020739680552,0.7494033899236647,0.9573330436907291,0.18731363513147195,0.5137614678899083,0.6157635467980296,100.0,100.0,4253,1383,1371,6,0,0,0.0014107688690336232,0.0,0.0,0.5,0.6000000000000001,0.1,0.5,65.0,45.0,45.0,0.5,0.5,0.2,0.6000000000000001,65.0,35.0,55.0,2548,2542,6,2548,0.002354788069073783,0.7740762273873324,1.0,0.7740762273873324,1351,0.53147128245476,1.0,1
"iteration_2","SCOPE_DATA_COLLECTION",600,48,2950.0,3010.0,2,3698,2499,810,3599,2514,877,3689,2507,812,2,1,3,5.41858574911948E-4,3.9872408293460925E-4,0.0036809815950920245,0.3138510369840276,0.7494033899236647,1.4359995655360938,0.6277020739680552,0.7494033899236647,0.9573330436907291,0.18731363513147195,0.5137614678899083,0.6157635467980296,100.0,100.0,4253,1383,1371,6,0,0,0.0014107688690336232,0.0,0.0,0.5,0.6000000000000001,0.1,0.5,65.0,45.0,45.0,0.5,0.5,0.2,0.6000000000000001,65.0,35.0,55.0,770,762,8,770,0.01038961038961039,1.4215197970358484,1.5,0.9476798646905656,464,0.6089238845144357,1.0,1
"iteration_2","SCOPE_DATA_COLLECTION",600,49,3010.0,3070.0,0,3706,2548,770,3698,2499,810,3692,2530,767,7,6,9,0.001892403352257367,0.002365930599369085,0.011597938144329897,0.3352443987277908,0.7725800376106526,1.4258034479314938,0.6704887974555817,0.7725800376106526,0.9505356319543292,0.22724810400866738,0.5308300395256917,0.6114732724902217,97.5,100.0,4403,1345,1276,21,1,0,0.0047694753577106515,7.434944237918215E-4,0.0,0.5,0.5,0.2,0.6000000000000001,65.0,35.0,55.0,0.6000000000000001,0.6000000000000001,0.1,0.5,65.0,35.0,55.0,3736,3735,1,3736,2.676659528907923E-4,0.3071899054708018,0.5,0.6143798109416037,618,0.16546184738955824,1.0,1
"iteration_2","SCOPE_DATA_COLLECTION",600,49,3010.0,3070.0,1,3706,2548,770,3698,2499,810,3692,2530,767,7,6,9,0.001892403352257367,0.002365930599369085,0.011597938144329897,0.3352443987277908,0.7725800376106526,1.4258034479314938,0.6704887974555817,0.7725800376106526,0.9505356319543292,0.22724810400866738,0.5308300395256917,0.6114732724902217,97.5,100.0,4403,1345,1276,21,1,0,0.0047694753577106515,7.434944237918215E-4,0.0,0.5,0.5,0.2,0.6000000000000001,65.0,35.0,55.0,0.6000000000000001,0.6000000000000001,0.1,0.5,65.0,35.0,55.0,2580,2577,3,2580,0.0011627906976744186,0.7496072302665346,1.0,0.7496072302665346,1345,0.5219247186651145,1.0,1
"iteration_2","SCOPE_DATA_COLLECTION",600,49,3010.0,3070.0,2,3706,2548,770,3698,2499,810,3692,2530,767,7,6,9,0.001892403352257367,0.002365930599369085,0.011597938144329897,0.3352443987277908,0.7725800376106526,1.4258034479314938,0.6704887974555817,0.7725800376106526,0.9505356319543292,0.22724810400866738,0.5308300395256917,0.6114732724902217,97.5,100.0,4403,1345,1276,21,1,0,0.0047694753577106515,7.434944237918215E-4,0.0,0.5,0.5,0.2,0.6000000000000001,65.0,35.0,55.0,0.6000000000000001,0.6000000000000001,0.1,0.5,65.0,35.0,55.0,796,793,3,796,0.0037688442211055275,1.4000016752774995,1.5,0.9333344501849997,476,0.6002522068095839,1.0,1
"iteration_2","SCOPE_DATA_COLLECTION",600,50,3070.0,3130.0,0,3736,2580,796,3706,2548,770,3735,2579,788,1,3,3,2.676659528907923E-4,0.0011618900077459333,0.0037926675094816687,0.3084434377864878,0.7495754493766146,1.3988643755205417,0.6168868755729756,0.7495754493766146,0.9325762503470277,0.1678714859437751,0.521132221791392,0.5989847715736041,97.5,100.0,4282,1669,1161,5,2,0,0.0011676786548341896,0.0011983223487118035,0.0,0.6000000000000001,0.6000000000000001,0.1,0.5,65.0,35.0,55.0,0.6000000000000001,0.6000000000000001,0.1,0.5,65.0,35.0,55.0,3781,3777,4,3781,0.0010579211848717272,0.3091497288300542,0.5,0.6182994576601084,644,0.17050569234842466,1.0,1
"iteration_2","SCOPE_DATA_COLLECTION",600,50,3070.0,3130.0,1,3736,2580,796,3706,2548,770,3735,2579,788,1,3,3,2.676659528907923E-4,0.0011618900077459333,0.0037926675094816687,0.3084434377864878,0.7495754493766146,1.3988643755205417,0.6168868755729756,0.7495754493766146,0.9325762503470277,0.1678714859437751,0.521132221791392,0.5989847715736041,97.5,100.0,4282,1669,1161,5,2,0,0.0011676786548341896,0.0011983223487118035,0.0,0.6000000000000001,0.6000000000000001,0.1,0.5,65.0,35.0,55.0,0.6000000000000001,0.6000000000000001,0.1,0.5,65.0,35.0,55.0,2552,2551,1,2552,3.9184952978056425E-4,0.7435842189062835,1.0,0.7435842189062835,1311,0.5139161113288906,1.0,1
"iteration_2","SCOPE_DATA_COLLECTION",600,50,3070.0,3130.0,2,3736,2580,796,3706,2548,770,3735,2579,788,1,3,3,2.676659528907923E-4,0.0011618900077459333,0.0037926675094816687,0.3084434377864878,0.7495754493766146,1.3988643755205417,0.6168868755729756,0.7495754493766146,0.9325762503470277,0.1678714859437751,0.521132221791392,0.5989847715736041,97.5,100.0,4282,1669,1161,5,2,0,0.0011676786548341896,0.0011983223487118035,0.0,0.6000000000000001,0.6000000000000001,0.1,0.5,65.0,35.0,55.0,0.6000000000000001,0.6000000000000001,0.1,0.5,65.0,35.0,55.0,805,803,2,805,0.002484472049689441,1.4106004443751041,1.5,0.9404002962500694,485,0.6039850560398505,1.0,1
"iteration_2","SCOPE_DATA_COLLECTION",600,51,3130.0,3190.0,0,3781,2552,805,3736,2580,796,3790,2545,808,4,1,2,0.0010542962572482868,3.9277297721916735E-4,0.0024691358024691358,0.3092173895636631,0.7429016775908516,1.4117946637889982,0.6184347791273263,0.7429016775908516,0.9411964425259988,0.17071240105540897,0.5119842829076621,0.6051980198019802,95.0,100.0,4290,1688,1160,6,1,0,0.0013986013986013986,5.924170616113745E-4,0.0,0.6000000000000001,0.6000000000000001,0.1,0.5,65.0,35.0,55.0,0.6000000000000001,0.7000000000000001,0.1,0.5,75.0,25.0,65.0,3730,3728,2,3730,5.361930294906167E-4,0.31523652410328884,0.5,0.6304730482065777,742,0.1990343347639485,1.0,1
"iteration_2","SCOPE_DATA_COLLECTION",600,51,3130.0,3190.0,1,3781,2552,805,3736,2580,796,3790,2545,808,4,1,2,0.0010542962572482868,3.9277297721916735E-4,0.0024691358024691358,0.3092173895636631,0.7429016775908516,1.4117946637889982,0.6184347791273263,0.7429016775908516,0.9411964425259988,0.17071240105540897,0.5119842829076621,0.6051980198019802,95.0,100.0,4290,1688,1160,6,1,0,0.0013986013986013986,5.924170616113745E-4,0.0,0.6000000000000001,0.6000000000000001,0.1,0.5,65.0,35.0,55.0,0.6000000000000001,0.7000000000000001,0.1,0.5,75.0,25.0,65.0,2644,2640,4,2644,0.0015128593040847202,0.7325856943480367,1.0,0.7325856943480367,1318,0.49924242424242427,1.0,1
"iteration_2","SCOPE_DATA_COLLECTION",600,51,3130.0,3190.0,2,3781,2552,805,3736,2580,796,3790,2545,808,4,1,2,0.0010542962572482868,3.9277297721916735E-4,0.0024691358024691358,0.3092173895636631,0.7429016775908516,1.4117946637889982,0.6184347791273263,0.7429016775908516,0.9411964425259988,0.17071240105540897,0.5119842829076621,0.6051980198019802,95.0,100.0,4290,1688,1160,6,1,0,0.0013986013986013986,5.924170616113745E-4,0.0,0.6000000000000001,0.6000000000000001,0.1,0.5,65.0,35.0,55.0,0.6000000000000001,0.7000000000000001,0.1,0.5,75.0,25.0,65.0,807,803,4,807,0.004956629491945477,1.3946161974723235,1.5,0.9297441316482157,476,0.5927770859277709,1.0,1
"iteration_2","SCOPE_DATA_COLLECTION",600,52,3190.0,3250.0,0,3730,2644,807,3781,2552,805,3727,2645,801,2,4,4,5.363368195226602E-4,0.0015100037750094375,0.004968944099378882,0.3154356795280251,0.7335677350334346,1.3971119107475514,0.6308713590560502,0.7335677350334346,0.9314079404983676,0.20016098738932117,0.5013232514177693,0.5930087390761548,95.0,100.0,4283,1738,1160,9,1,0,0.002101330842867149,5.753739930955121E-4,0.0,0.6000000000000001,0.7000000000000001,0.1,0.5,75.0,25.0,65.0,0.9,0.6000000000000001,0.2,0.9,75.0,20.0,50.0,3721,3716,5,3721,0.0013437248051599033,0.3210450588011112,0.5,0.6420901176022225,720,0.193756727664155,1.0,1
"iteration_2","SCOPE_DATA_COLLECTION",600,52,3190.0,3250.0,1,3730,2644,807,3781,2552,805,3727,2645,801,2,4,4,5.363368195226602E-4,0.0015100037750094375,0.004968944099378882,0.3154356795280251,0.7335677350334346,1.3971119107475514,0.6308713590560502,0.7335677350334346,0.9314079404983676,0.20016098738932117,0.5013232514177693,0.5930087390761548,95.0,100.0,4283,1738,1160,9,1,0,0.002101330842867149,5.753739930955121E-4,0.0,0.6000000000000001,0.7000000000000001,0.1,0.5,75.0,25.0,65.0,0.9,0.6000000000000001,0.2,0.9,75.0,20.0,50.0,2434,2429,5,2434,0.002054231717337716,0.7444863169315485,1.0,0.7444863169315485,1219,0.5018526142445451,1.0,1
"iteration_2","SCOPE_DATA_COLLECTION",600,52,3190.0,3250.0,2,3730,2644,807,3781,2552,805,3727,2645,801,2,4,4,5.363368195226602E-4,0.0015100037750094375,0.004968944099378882,0.3154356795280251,0.7335677350334346,1.3971119107475514,0.6308713590560502,0.7335677350334346,0.9314079404983676,0.20016098738932117,0.5013232514177693,0.5930087390761548,95.0,100.0,4283,1738,1160,9,1,0,0.002101330842867149,5.753739930955121E-4,0.0,0.6000000000000001,0.7000000000000001,0.1,0.5,75.0,25.0,65.0,0.9,0.6000000000000001,0.2,0.9,75.0,20.0,50.0,820,817,3,820,0.003658536585365854,1.419514672894749,1.5,0.946343115263166,494,0.6046511627906976,1.0,1
"iteration_2","SCOPE_DATA_COLLECTION",600,53,3250.0,3310.0,0,3721,2434,820,3730,2644,807,3718,2419,813,5,5,3,0.0013430029546065002,0.0020627062706270625,0.003676470588235294,0.3210698863548594,0.7475974954837844,1.4111875278075252,0.6421397727097188,0.7475974954837844,0.9407916852050168,0.19338353953738568,0.5043406366267053,0.6014760147601476,100.0,100.0,4204,2477,294,10,3,0,0.002378686964795433,0.0012111425111021397,0.0,0.9,0.6000000000000001,0.2,0.9,75.0,20.0,50.0,0.45,0.9,0.9,0.9,35.0,65.0,25.0,3778,3774,4,3778,0.0010587612493382743,0.31673315212696646,0.5,0.6334663042539329,824,0.21833598304186538,1.0,1
"iteration_2","SCOPE_DATA_COLLECTION",600,53,3250.0,3310.0,1,3721,2434,820,3730,2644,807,3718,2419,813,5,5,3,0.0013430029546065002,0.0020627062706270625,0.003676470588235294,0.3210698863548594,0.7475974954837844,1.4111875278075252,0.6421397727097188,0.7475974954837844,0.9407916852050168,0.19338353953738568,0.5043406366267053,0.6014760147601476,100.0,100.0,4204,2477,294,10,3,0,0.002378686964795433,0.0012111425111021397,0.0,0.9,0.6000000000000001,0.2,0.9,75.0,20.0,50.0,0.45,0.9,0.9,0.9,35.0,65.0,25.0,2532,2526,6,2532,0.002369668246445498,0.7778107159151225,1.0,0.7778107159151225,1315,0.5205859065716548,1.0,1
"iteration_2","SCOPE_DATA_COLLECTION",600,53,3250.0,3310.0,2,3721,2434,820,3730,2644,807,3718,2419,813,5,5,3,0.0013430029546065002,0.0020627062706270625,0.003676470588235294,0.3210698863548594,0.7475974954837844,1.4111875278075252,0.6421397727097188,0.7475974954837844,0.9407916852050168,0.19338353953738568,0.5043406366267053,0.6014760147601476,100.0,100.0,4204,2477,294,10,3,0,0.002378686964795433,0.0012111425111021397,0.0,0.9,0.6000000000000001,0.2,0.9,75.0,20.0,50.0,0.45,0.9,0.9,0.9,35.0,65.0,25.0,833,831,2,833,0.0024009603841536613,1.4274608392631727,1.5,0.9516405595087818,496,0.5968712394705175,1.0,1
"iteration_2","SCOPE_DATA_COLLECTION",600,54,3310.0,3370.0,0,3778,2532,833,3721,2434,820,3758,2537,840,4,6,2,0.001063264221158958,0.0023594180102241447,0.0023752969121140144,0.3160344946398603,0.7730646472249817,1.4354774696644117,0.6320689892797206,0.7730646472249817,0.9569849797762745,0.21713677488025546,0.5167520693732756,0.6011904761904762,95.0,100.0,4205,1344,1594,10,2,0,0.0023781212841854932,0.001488095238095238,0.0,0.45,0.9,0.9,0.9,35.0,65.0,25.0,0.55,0.7000000000000001,0.30000000000000004,0.5,35.0,75.0,95.0,3618,3617,1,3618,2.763957987838585E-4,0.3098169254321223,0.5,0.6196338508642446,756,0.2090129941940835,1.0,1
"iteration_2","SCOPE_DATA_COLLECTION",600,54,3310.0,3370.0,1,3778,2532,833,3721,2434,820,3758,2537,840,4,6,2,0.001063264221158958,0.0023594180102241447,0.0023752969121140144,0.3160344946398603,0.7730646472249817,1.4354774696644117,0.6320689892797206,0.7730646472249817,0.9569849797762745,0.21713677488025546,0.5167520693732756,0.6011904761904762,95.0,100.0,4205,1344,1594,10,2,0,0.0023781212841854932,0.001488095238095238,0.0,0.45,0.9,0.9,0.9,35.0,65.0,25.0,0.55,0.7000000000000001,0.30000000000000004,0.5,35.0,75.0,95.0,2662,2657,5,2662,0.0018782870022539444,0.7331716108755892,1.0,0.7331716108755892,1318,0.4960481746330448,1.0,1
"iteration_2","SCOPE_DATA_COLLECTION",600,54,3310.0,3370.0,2,3778,2532,833,3721,2434,820,3758,2537,840,4,6,2,0.001063264221158958,0.0023594180102241447,0.0023752969121140144,0.3160344946398603,0.7730646472249817,1.4354774696644117,0.6320689892797206,0.7730646472249817,0.9569849797762745,0.21713677488025546,0.5167520693732756,0.6011904761904762,95.0,100.0,4205,1344,1594,10,2,0,0.0023781212841854932,0.001488095238095238,0.0,0.45,0.9,0.9,0.9,35.0,65.0,25.0,0.55,0.7000000000000001,0.30000000000000004,0.5,35.0,75.0,95.0,851,848,3,851,0.0035252643948296123,1.3625166640445574,1.5,0.9083444426963716,484,0.5707547169811321,1.0,1
"iteration_2","SCOPE_DATA_COLLECTION",600,55,3370.0,3430.0,0,3618,2662,851,3778,2532,833,3634,2642,839,1,5,3,2.751031636863824E-4,0.0018889308651303363,0.0035629453681710215,0.31056429297110605,0.7340979908424343,1.361617611969598,0.6211285859422121,0.7340979908424343,0.9077450746463986,0.20913593835993396,0.49735049205147613,0.5709177592371871,97.5,100.0,4142,1618,1371,8,1,0,0.001931434089811685,6.180469715698393E-4,0.0,0.55,0.7000000000000001,0.30000000000000004,0.5,35.0,75.0,95.0,0.55,0.8,0.2,0.5,25.0,65.0,85.0,3634,3627,7,3634,0.001926252063841497,0.31274959648060324,0.5,0.6254991929612065,714,0.1968569065343259,1.0,1
"iteration_2","SCOPE_DATA_COLLECTION",600,55,3370.0,3430.0,1,3618,2662,851,3778,2532,833,3634,2642,839,1,5,3,2.751031636863824E-4,0.0018889308651303363,0.0035629453681710215,0.31056429297110605,0.7340979908424343,1.361617611969598,0.6211285859422121,0.7340979908424343,0.9077450746463986,0.20913593835993396,0.49735049205147613,0.5709177592371871,97.5,100.0,4142,1618,1371,8,1,0,0.001931434089811685,6.180469715698393E-4,0.0,0.55,0.7000000000000001,0.30000000000000004,0.5,35.0,75.0,95.0,0.55,0.8,0.2,0.5,25.0,65.0,85.0,2546,2538,8,2546,0.003142183817753339,0.7189859845446167,1.0,0.7189859845446167,1245,0.4905437352245863,1.0,1
"iteration_2","SCOPE_DATA_COLLECTION",600,55,3370.0,3430.0,2,3618,2662,851,3778,2532,833,3634,2642,839,1,5,3,2.751031636863824E-4,0.0018889308651303363,0.0035629453681710215,0.31056429297110605,0.7340979908424343,1.361617611969598,0.6211285859422121,0.7340979908424343,0.9077450746463986,0.20913593835993396,0.49735049205147613,0.5709177592371871,97.5,100.0,4142,1618,1371,8,1,0,0.001931434089811685,6.180469715698393E-4,0.0,0.55,0.7000000000000001,0.30000000000000004,0.5,35.0,75.0,95.0,0.55,0.8,0.2,0.5,25.0,65.0,85.0,857,852,5,857,0.005834305717619603,1.3578072187676982,1.5,0.9052048125117987,489,0.573943661971831,1.0,1
"iteration_2","SCOPE_DATA_COLLECTION",600,56,3430.0,3490.0,0,3634,2546,857,3618,2662,851,3629,2551,846,7,8,5,0.0019251925192519251,0.0031262211801484957,0.005875440658049354,0.3126910251515345,0.7198740842291022,1.3555499761491585,0.625382050303069,0.7198740842291022,0.903699984099439,0.1967484155414715,0.4915719325754606,0.5721040189125296,100.0,100.0,4111,1591,1335,17,3,0,0.004135246898564826,0.0018856065367693275,0.0,0.55,0.8,0.2,0.5,25.0,65.0,85.0,0.30000000000000004,0.30000000000000004,0.7000000000000001,0.9,45.0,35.0,70.0,3664,3658,6,3664,0.0016375545851528383,0.3167535403738451,0.5,0.6335070807476902,668,0.18261344997266266,1.0,1
"iteration_2","SCOPE_DATA_COLLECTION",600,56,3430.0,3490.0,1,3634,2546,857,3618,2662,851,3629,2551,846,7,8,5,0.0019251925192519251,0.0031262211801484957,0.005875440658049354,0.3126910251515345,0.7198740842291022,1.3555499761491585,0.625382050303069,0.7198740842291022,0.903699984099439,0.1967484155414715,0.4915719325754606,0.5721040189125296,100.0,100.0,4111,1591,1335,17,3,0,0.004135246898564826,0.0018856065367693275,0.0,0.55,0.8,0.2,0.5,25.0,65.0,85.0,0.30000000000000004,0.30000000000000004,0.7000000000000001,0.9,45.0,35.0,70.0,2460,2456,4,2460,0.0016260162601626016,0.783789835318758,1.0,0.783789835318758,1299,0.5289087947882736,1.0,1
"iteration_2","SCOPE_DATA_COLLECTION",600,56,3430.0,3490.0,2,3634,2546,857,3618,2662,851,3629,2551,846,7,8,5,0.0019251925192519251,0.0031262211801484957,0.005875440658049354,0.3126910251515345,0.7198740842291022,1.3555499761491585,0.625382050303069,0.7198740842291022,0.903699984099439,0.1967484155414715,0.4915719325754606,0.5721040189125296,100.0,100.0,4111,1591,1335,17,3,0,0.004135246898564826,0.0018856065367693275,0.0,0.55,0.8,0.2,0.5,25.0,65.0,85.0,0.30000000000000004,0.30000000000000004,0.7000000000000001,0.9,45.0,35.0,70.0,868,863,5,868,0.00576036866359447,1.4100209570476745,1.5,0.9400139713651163,514,0.5955967555040557,1.0,1
"iteration_2","SCOPE_DATA_COLLECTION",600,57,3490.0,3550.0,0,3664,2460,868,3634,2546,857,3652,2455,866,6,4,5,0.0016402405686167304,0.0016266775111834079,0.0057405281285878304,0.3166152061637256,0.7829177213653463,1.4031274813583887,0.6332304123274513,0.7829177213653463,0.9354183209055925,0.18209200438116102,0.5274949083503055,0.5912240184757506,97.5,100.0,4308,823,1861,15,0,0,0.003481894150417827,0.0,0.0,0.30000000000000004,0.30000000000000004,0.7000000000000001,0.9,45.0,35.0,70.0,0.4,0.4,0.8,0.9,55.0,35.0,80.0,3705,3704,1,3705,2.699055330634278E-4,0.31931566591227806,0.5,0.6386313318245561,785,0.2119330453563715,1.0,1
"iteration_2","SCOPE_DATA_COLLECTION",600,57,3490.0,3550.0,1,3664,2460,868,3634,2546,857,3652,2455,866,6,4,5,0.0016402405686167304,0.0016266775111834079,0.0057405281285878304,0.3166152061637256,0.7829177213653463,1.4031274813583887,0.6332304123274513,0.7829177213653463,0.9354183209055925,0.18209200438116102,0.5274949083503055,0.5912240184757506,97.5,100.0,4308,823,1861,15,0,0,0.003481894150417827,0.0,0.0,0.30000000000000004,0.30000000000000004,0.7000000000000001,0.9,45.0,35.0,70.0,0.4,0.4,0.8,0.9,55.0,35.0,80.0,2516,2513,3,2516,0.0011923688394276629,0.7919338339045635,1.0,0.7919338339045635,1322,0.5260644647831277,1.0,1
"iteration_2","SCOPE_DATA_COLLECTION",600,57,3490.0,3550.0,2,3664,2460,868,3634,2546,857,3652,2455,866,6,4,5,0.0016402405686167304,0.0016266775111834079,0.0057405281285878304,0.3166152061637256,0.7829177213653463,1.4031274813583887,0.6332304123274513,0.7829177213653463,0.9354183209055925,0.18209200438116102,0.5274949083503055,0.5912240184757506,97.5,100.0,4308,823,1861,15,0,0,0.003481894150417827,0.0,0.0,0.30000000000000004,0.30000000000000004,0.7000000000000001,0.9,45.0,35.0,70.0,0.4,0.4,0.8,0.9,55.0,35.0,80.0,843,836,7,843,0.00830367734282325,1.4345416018984305,1.5,0.956361067932287,502,0.6004784688995215,1.0,1
"iteration_2","SCOPE_DATA_COLLECTION",600,58,3550.0,3618.3080467189898,0,3705,2516,843,3664,2460,868,3703,2509,837,1,3,7,2.699784017278618E-4,0.0011942675159235668,0.008293838862559242,0.31888977281325265,0.7922188881883682,1.4325665117251298,0.6377795456265053,0.7922188881883682,0.9550443411500865,0.21172022684310018,0.5273017138302113,0.6009557945041816,97.5,100.0,4259,1156,1649,10,1,0,0.0023479690068091102,8.650519031141869E-4,0.0,0.4,0.4,0.8,0.9,55.0,35.0,80.0,0.4,0.4,0.8,0.9,55.0,35.0,80.0,3049,3016,6,3022,0.001985440105890139,0.3212049996206946,0.5,0.6424099992413892,645,0.21385941644562334,0.9911446375860938,0
"iteration_2","SCOPE_DATA_COLLECTION",600,58,3550.0,3618.3080467189898,1,3705,2516,843,3664,2460,868,3703,2509,837,1,3,7,2.699784017278618E-4,0.0011942675159235668,0.008293838862559242,0.31888977281325265,0.7922188881883682,1.4325665117251298,0.6377795456265053,0.7922188881883682,0.9550443411500865,0.21172022684310018,0.5273017138302113,0.6009557945041816,97.5,100.0,4259,1156,1649,10,1,0,0.0023479690068091102,8.650519031141869E-4,0.0,0.4,0.4,0.8,0.9,55.0,35.0,80.0,0.4,0.4,0.8,0.9,55.0,35.0,80.0,2085,2046,3,2049,0.0014641288433382138,0.7743875916823793,1.0,0.7743875916823793,1068,0.5219941348973607,0.9827338129496402,0
"iteration_2","SCOPE_DATA_COLLECTION",600,58,3550.0,3618.3080467189898,2,3705,2516,843,3664,2460,868,3703,2509,837,1,3,7,2.699784017278618E-4,0.0011942675159235668,0.008293838862559242,0.31888977281325265,0.7922188881883682,1.4325665117251298,0.6377795456265053,0.7922188881883682,0.9550443411500865,0.21172022684310018,0.5273017138302113,0.6009557945041816,97.5,100.0,4259,1156,1649,10,1,0,0.0023479690068091102,8.650519031141869E-4,0.0,0.4,0.4,0.8,0.9,55.0,35.0,80.0,0.4,0.4,0.8,0.9,55.0,35.0,80.0,689,668,9,677,0.013293943870014771,1.4116928653403509,1.5,0.9411285768935672,399,0.5973053892215568,0.9825834542815675,0
"iteration_2","SCOPE_DATA_COLLECTION",700,0,70.0,130.0,0,3773,2523,1012,0,0,0,3750,2481,979,5,10,10,0.0013315579227696406,0.004014452027298274,0.010111223458038422,0.31108504008798354,0.7336254213929134,1.3149547894358802,0.6221700801759671,0.7336254213929134,0.8766365262905867,0.21253333333333332,0.4804514308746473,0.5403472931562819,92.5,100.0,4067,1926,1315,24,1,0,0.005901155642980083,5.192107995846313E-4,0.0,0.6,0.5,0.7,0.4,85.0,80.0,90.0,0.6,0.5,0.7,0.4,85.0,80.0,90.0,4236,4234,2,4236,4.7214353163361664E-4,0.3032376191830904,0.5,0.6064752383661808,960,0.22673594709494568,1.0,1
"iteration_2","SCOPE_DATA_COLLECTION",700,0,70.0,130.0,1,3773,2523,1012,0,0,0,3750,2481,979,5,10,10,0.0013315579227696406,0.004014452027298274,0.010111223458038422,0.31108504008798354,0.7336254213929134,1.3149547894358802,0.6221700801759671,0.7336254213929134,0.8766365262905867,0.21253333333333332,0.4804514308746473,0.5403472931562819,92.5,100.0,4067,1926,1315,24,1,0,0.005901155642980083,5.192107995846313E-4,0.0,0.6,0.5,0.7,0.4,85.0,80.0,90.0,0.6,0.5,0.7,0.4,85.0,80.0,90.0,2759,2755,4,2759,0.0014498006524102935,0.7140856416775869,1.0,0.7140856416775869,1267,0.45989110707803993,1.0,1
"iteration_2","SCOPE_DATA_COLLECTION",700,0,70.0,130.0,2,3773,2523,1012,0,0,0,3750,2481,979,5,10,10,0.0013315579227696406,0.004014452027298274,0.010111223458038422,0.31108504008798354,0.7336254213929134,1.3149547894358802,0.6221700801759671,0.7336254213929134,0.8766365262905867,0.21253333333333332,0.4804514308746473,0.5403472931562819,92.5,100.0,4067,1926,1315,24,1,0,0.005901155642980083,5.192107995846313E-4,0.0,0.6,0.5,0.7,0.4,85.0,80.0,90.0,0.6,0.5,0.7,0.4,85.0,80.0,90.0,1123,1115,8,1123,0.007123775601068566,1.2709762572809837,1.5,0.8473175048539892,575,0.515695067264574,1.0,1
"iteration_2","SCOPE_DATA_COLLECTION",700,1,130.0,190.0,0,4236,2759,1123,3773,2523,1012,4229,2748,1117,2,4,8,4.727014890096904E-4,0.0014534883720930232,0.0071111111111111115,0.30325017612052,0.7123766077105083,1.2682653407220343,0.60650035224104,0.7123766077105083,0.8455102271480229,0.22700401986285174,0.45887918486171764,0.5147717099373321,97.5,100.0,4221,2337,1560,14,0,0,0.003316749585406302,0.0,0.0,0.6,0.5,0.7,0.4,85.0,80.0,90.0,0.75,0.9,0.8,0.9,95.0,35.0,65.0,4184,4180,4,4184,9.560229445506692E-4,0.32234322209835725,0.5,0.6446864441967145,1055,0.25239234449760767,1.0,1
"iteration_2","SCOPE_DATA_COLLECTION",700,1,130.0,190.0,1,4236,2759,1123,3773,2523,1012,4229,2748,1117,2,4,8,4.727014890096904E-4,0.0014534883720930232,0.0071111111111111115,0.30325017612052,0.7123766077105083,1.2682653407220343,0.60650035224104,0.7123766077105083,0.8455102271480229,0.22700401986285174,0.45887918486171764,0.5147717099373321,97.5,100.0,4221,2337,1560,14,0,0,0.003316749585406302,0.0,0.0,0.6,0.5,0.7,0.4,85.0,80.0,90.0,0.75,0.9,0.8,0.9,95.0,35.0,65.0,2620,2610,10,2620,0.003816793893129771,0.7560274578586519,1.0,0.7560274578586519,1268,0.48582375478927203,1.0,1
"iteration_2","SCOPE_DATA_COLLECTION",700,1,130.0,190.0,2,4236,2759,1123,3773,2523,1012,4229,2748,1117,2,4,8,4.727014890096904E-4,0.0014534883720930232,0.0071111111111111115,0.30325017612052,0.7123766077105083,1.2682653407220343,0.60650035224104,0.7123766077105083,0.8455102271480229,0.22700401986285174,0.45887918486171764,0.5147717099373321,97.5,100.0,4221,2337,1560,14,0,0,0.003316749585406302,0.0,0.0,0.6,0.5,0.7,0.4,85.0,80.0,90.0,0.75,0.9,0.8,0.9,95.0,35.0,65.0,1120,1104,16,1120,0.014285714285714285,1.3210845117457117,1.5,0.8807230078304745,591,0.5353260869565217,1.0,1
"iteration_2","SCOPE_DATA_COLLECTION",700,2,190.0,250.0,0,4184,2620,1120,4236,2759,1123,4169,2607,1104,4,10,16,9.58543014617781E-4,0.0038211692777990066,0.014285714285714285,0.32134317642116833,0.7544055336322087,1.320172279894996,0.6426863528423367,0.7544055336322087,0.8801148532633306,0.2520988246581914,0.4875335634829306,0.5353260869565217,97.5,100.0,4274,2723,927,27,3,0,0.006317267197005147,0.0011017260374586854,0.0,0.75,0.9,0.8,0.9,95.0,35.0,65.0,0.8500000000000001,0.9,0.7000000000000001,0.9,95.0,45.0,65.0,4197,4190,7,4197,0.0016678579938050988,0.33710836017882095,0.5,0.6742167203576419,1147,0.2737470167064439,1.0,1
"iteration_2","SCOPE_DATA_COLLECTION",700,2,190.0,250.0,1,4184,2620,1120,4236,2759,1123,4169,2607,1104,4,10,16,9.58543014617781E-4,0.0038211692777990066,0.014285714285714285,0.32134317642116833,0.7544055336322087,1.320172279894996,0.6426863528423367,0.7544055336322087,0.8801148532633306,0.2520988246581914,0.4875335634829306,0.5353260869565217,97.5,100.0,4274,2723,927,27,3,0,0.006317267197005147,0.0011017260374586854,0.0,0.75,0.9,0.8,0.9,95.0,35.0,65.0,0.8500000000000001,0.9,0.7000000000000001,0.9,95.0,45.0,65.0,2633,2624,9,2633,0.003418154196733764,0.7373829663274059,1.0,0.7373829663274059,1224,0.46646341463414637,1.0,1
"iteration_2","SCOPE_DATA_COLLECTION",700,2,190.0,250.0,2,4184,2620,1120,4236,2759,1123,4169,2607,1104,4,10,16,9.58543014617781E-4,0.0038211692777990066,0.014285714285714285,0.32134317642116833,0.7544055336322087,1.320172279894996,0.6426863528423367,0.7544055336322087,0.8801148532633306,0.2520988246581914,0.4875335634829306,0.5353260869565217,97.5,100.0,4274,2723,927,27,3,0,0.006317267197005147,0.0011017260374586854,0.0,0.75,0.9,0.8,0.9,95.0,35.0,65.0,0.8500000000000001,0.9,0.7000000000000001,0.9,95.0,45.0,65.0,1109,1101,8,1109,0.007213706041478809,1.3408450205819988,1.5,0.8938966803879992,602,0.5467756584922797,1.0,1
"iteration_2","SCOPE_DATA_COLLECTION",700,3,250.0,310.0,0,4197,2633,1109,4184,2620,1120,4201,2641,1099,7,9,8,0.0016634980988593155,0.0033962264150943396,0.007226738934056007,0.3377908585550126,0.743664019375613,1.3410769423341715,0.6755817171100252,0.743664019375613,0.8940512948894477,0.27374434658414665,0.4683831881862931,0.545950864422202,97.5,100.0,4305,3098,536,22,2,0,0.005110336817653891,6.455777921239509E-4,0.0,0.8500000000000001,0.9,0.7000000000000001,0.9,95.0,45.0,65.0,0.8500000000000001,0.8,0.8,0.9,85.0,35.0,75.0,4161,4153,8,4161,0.0019226147560682527,0.3389784351894844,0.5,0.6779568703789688,1114,0.2682398266313508,1.0,1
"iteration_2","SCOPE_DATA_COLLECTION",700,3,250.0,310.0,1,4197,2633,1109,4184,2620,1120,4201,2641,1099,7,9,8,0.0016634980988593155,0.0033962264150943396,0.007226738934056007,0.3377908585550126,0.743664019375613,1.3410769423341715,0.6755817171100252,0.743664019375613,0.8940512948894477,0.27374434658414665,0.4683831881862931,0.545950864422202,97.5,100.0,4305,3098,536,22,2,0,0.005110336817653891,6.455777921239509E-4,0.0,0.8500000000000001,0.9,0.7000000000000001,0.9,95.0,45.0,65.0,0.8500000000000001,0.8,0.8,0.9,85.0,35.0,75.0,2648,2640,8,2648,0.0030211480362537764,0.7637336471780255,1.0,0.7637336471780255,1325,0.5018939393939394,1.0,1
"iteration_2","SCOPE_DATA_COLLECTION",700,3,250.0,310.0,2,4197,2633,1109,4184,2620,1120,4201,2641,1099,7,9,8,0.0016634980988593155,0.0033962264150943396,0.007226738934056007,0.3377908585550126,0.743664019375613,1.3410769423341715,0.6755817171100252,0.743664019375613,0.8940512948894477,0.27374434658414665,0.4683831881862931,0.545950864422202,97.5,100.0,4305,3098,536,22,2,0,0.005110336817653891,6.455777921239509E-4,0.0,0.8500000000000001,0.9,0.7000000000000001,0.9,95.0,45.0,65.0,0.8500000000000001,0.8,0.8,0.9,85.0,35.0,75.0,1050,1032,18,1050,0.017142857142857144,1.3304664646699391,1.5,0.8869776431132927,554,0.5368217054263565,1.0,1
"iteration_2","SCOPE_DATA_COLLECTION",700,4,310.0,370.0,0,4161,2648,1050,4197,2633,1109,4144,2633,1038,8,8,18,0.0019267822736030828,0.003029155622870125,0.017045454545454544,0.33819148145474387,0.7624719955088061,1.3373841375539415,0.6763829629094877,0.7624719955088061,0.891589425035961,0.26616795366795365,0.5005696923661223,0.5414258188824663,100.0,100.0,4397,2954,508,28,6,0,0.006367978166931999,0.002031144211238998,0.0,0.8500000000000001,0.8,0.8,0.9,85.0,35.0,75.0,0.4,0.9,0.2,0.1,65.0,90.0,95.0,4083,4080,3,4083,7.347538574577516E-4,0.3202538728344214,0.5,0.6405077456688428,1003,0.24583333333333332,1.0,1
"iteration_2","SCOPE_DATA_COLLECTION",700,4,310.0,370.0,1,4161,2648,1050,4197,2633,1109,4144,2633,1038,8,8,18,0.0019267822736030828,0.003029155622870125,0.017045454545454544,0.33819148145474387,0.7624719955088061,1.3373841375539415,0.6763829629094877,0.7624719955088061,0.891589425035961,0.26616795366795365,0.5005696923661223,0.5414258188824663,100.0,100.0,4397,2954,508,28,6,0,0.006367978166931999,0.002031144211238998,0.0,0.8500000000000001,0.8,0.8,0.9,85.0,35.0,75.0,0.4,0.9,0.2,0.1,65.0,90.0,95.0,2621,2618,3,2621,0.0011446012972148034,0.6997154594994277,1.0,0.6997154594994277,1244,0.47517188693659285,1.0,1
"iteration_2","SCOPE_DATA_COLLECTION",700,4,310.0,370.0,2,4161,2648,1050,4197,2633,1109,4144,2633,1038,8,8,18,0.0019267822736030828,0.003029155622870125,0.017045454545454544,0.33819148145474387,0.7624719955088061,1.3373841375539415,0.6763829629094877,0.7624719955088061,0.891589425035961,0.26616795366795365,0.5005696923661223,0.5414258188824663,100.0,100.0,4397,2954,508,28,6,0,0.006367978166931999,0.002031144211238998,0.0,0.8500000000000001,0.8,0.8,0.9,85.0,35.0,75.0,0.4,0.9,0.2,0.1,65.0,90.0,95.0,1100,1097,3,1100,0.0027272727272727275,1.2755468520137816,1.5,0.8503645680091877,577,0.5259799453053783,1.0,1
"iteration_2","SCOPE_DATA_COLLECTION",700,5,370.0,430.0,0,4083,2621,1100,4161,2648,1050,4086,2622,1086,3,3,3,7.336757153338225E-4,0.001142857142857143,0.0027548209366391185,0.3208947213957491,0.7020648034275322,1.2720934343092631,0.6417894427914982,0.7020648034275322,0.8480622895395088,0.24816446402349487,0.4763539282990084,0.5230202578268877,97.5,100.0,4239,1402,2163,9,0,0,0.0021231422505307855,0.0,0.0,0.4,0.9,0.2,0.1,65.0,90.0,95.0,0.30000000000000004,0.9,0.1,0.2,75.0,90.0,95.0,4054,4044,10,4054,0.00246669955599408,0.311777890796142,0.5,0.623555781592284,845,0.2089515331355094,1.0,1
"iteration_2","SCOPE_DATA_COLLECTION",700,5,370.0,430.0,1,4083,2621,1100,4161,2648,1050,4086,2622,1086,3,3,3,7.336757153338225E-4,0.001142857142857143,0.0027548209366391185,0.3208947213957491,0.7020648034275322,1.2720934343092631,0.6417894427914982,0.7020648034275322,0.8480622895395088,0.24816446402349487,0.4763539282990084,0.5230202578268877,97.5,100.0,4239,1402,2163,9,0,0,0.0021231422505307855,0.0,0.0,0.4,0.9,0.2,0.1,65.0,90.0,95.0,0.30000000000000004,0.9,0.1,0.2,75.0,90.0,95.0,2596,2589,7,2596,0.002696456086286595,0.7220293714268623,1.0,0.7220293714268623,1246,0.481266898416377,1.0,1
"iteration_2","SCOPE_DATA_COLLECTION",700,5,370.0,430.0,2,4083,2621,1100,4161,2648,1050,4086,2622,1086,3,3,3,7.336757153338225E-4,0.001142857142857143,0.0027548209366391185,0.3208947213957491,0.7020648034275322,1.2720934343092631,0.6417894427914982,0.7020648034275322,0.8480622895395088,0.24816446402349487,0.4763539282990084,0.5230202578268877,97.5,100.0,4239,1402,2163,9,0,0,0.0021231422505307855,0.0,0.0,0.4,0.9,0.2,0.1,65.0,90.0,95.0,0.30000000000000004,0.9,0.1,0.2,75.0,90.0,95.0,1103,1098,5,1103,0.004533091568449683,1.275931381077376,1.5,0.8506209207182507,581,0.529143897996357,1.0,1
"iteration_2","SCOPE_DATA_COLLECTION",700,6,430.0,490.0,0,4054,2596,1103,4083,2621,1100,4056,2590,1094,10,7,5,0.002459419576979833,0.0026954177897574125,0.004549590536851683,0.31260353616837244,0.7191031511019687,1.2738002633458618,0.6252070723367449,0.7191031511019687,0.8492001755639079,0.21030571992110453,0.47953667953667956,0.5274223034734917,97.5,100.0,4215,1074,2464,4,1,17,9.489916963226571E-4,9.31098696461825E-4,0.006899350649350649,0.30000000000000004,0.9,0.1,0.2,75.0,90.0,95.0,0.2,0.8,0.1,0.1,85.0,95.0,95.0,4142,4139,3,4142,7.242877836793819E-4,0.31495092623489657,0.5,0.6299018524697931,857,0.2070548441652573,1.0,1
"iteration_2","SCOPE_DATA_COLLECTION",700,6,430.0,490.0,1,4054,2596,1103,4083,2621,1100,4056,2590,1094,10,7,5,0.002459419576979833,0.0026954177897574125,0.004549590536851683,0.31260353616837244,0.7191031511019687,1.2738002633458618,0.6252070723367449,0.7191031511019687,0.8492001755639079,0.21030571992110453,0.47953667953667956,0.5274223034734917,97.5,100.0,4215,1074,2464,4,1,17,9.489916963226571E-4,9.31098696461825E-4,0.006899350649350649,0.30000000000000004,0.9,0.1,0.2,75.0,90.0,95.0,0.2,0.8,0.1,0.1,85.0,95.0,95.0,2664,2657,7,2664,0.002627627627627628,0.7208496179398918,1.0,0.7208496179398918,1279,0.4813699661272111,1.0,1
"iteration_2","SCOPE_DATA_COLLECTION",700,6,430.0,490.0,2,4054,2596,1103,4083,2621,1100,4056,2590,1094,10,7,5,0.002459419576979833,0.0026954177897574125,0.004549590536851683,0.31260353616837244,0.7191031511019687,1.2738002633458618,0.6252070723367449,0.7191031511019687,0.8492001755639079,0.21030571992110453,0.47953667953667956,0.5274223034734917,97.5,100.0,4215,1074,2464,4,1,17,9.489916963226571E-4,9.31098696461825E-4,0.006899350649350649,0.30000000000000004,0.9,0.1,0.2,75.0,90.0,95.0,0.2,0.8,0.1,0.1,85.0,95.0,95.0,1130,1124,6,1130,0.005309734513274336,1.2918839023195443,1.5,0.8612559348796962,596,0.5302491103202847,1.0,1
"iteration_2","SCOPE_DATA_COLLECTION",700,7,490.0,550.0,0,4142,2664,1130,4054,2596,1103,4137,2645,1137,2,1,2,4.8320850446967865E-4,3.779289493575208E-4,0.001755926251097454,0.3149632083766492,0.7188758913702623,1.2919653972391767,0.6299264167532984,0.7188758913702623,0.8613102648261178,0.20691322214164853,0.479773156899811,0.5312225153913809,92.5,100.0,4297,708,2931,4,1,0,9.308820107051431E-4,0.0014124293785310734,0.0,0.2,0.8,0.1,0.1,85.0,95.0,95.0,0.30000000000000004,0.2,0.4,0.2,75.0,40.0,70.0,4108,4091,17,4108,0.004138266796494644,0.3084238301267691,0.5,0.6168476602535382,818,0.19995111219750672,1.0,1
"iteration_2","SCOPE_DATA_COLLECTION",700,7,490.0,550.0,1,4142,2664,1130,4054,2596,1103,4137,2645,1137,2,1,2,4.8320850446967865E-4,3.779289493575208E-4,0.001755926251097454,0.3149632083766492,0.7188758913702623,1.2919653972391767,0.6299264167532984,0.7188758913702623,0.8613102648261178,0.20691322214164853,0.479773156899811,0.5312225153913809,92.5,100.0,4297,708,2931,4,1,0,9.308820107051431E-4,0.0014124293785310734,0.0,0.2,0.8,0.1,0.1,85.0,95.0,95.0,0.30000000000000004,0.2,0.4,0.2,75.0,40.0,70.0,2710,2695,15,2710,0.005535055350553505,0.7395058359402067,1.0,0.7395058359402067,1338,0.49647495361781074,1.0,1
"iteration_2","SCOPE_DATA_COLLECTION",700,7,490.0,550.0,2,4142,2664,1130,4054,2596,1103,4137,2645,1137,2,1,2,4.8320850446967865E-4,3.779289493575208E-4,0.001755926251097454,0.3149632083766492,0.7188758913702623,1.2919653972391767,0.6299264167532984,0.7188758913702623,0.8613102648261178,0.20691322214164853,0.479773156899811,0.5312225153913809,92.5,100.0,4297,708,2931,4,1,0,9.308820107051431E-4,0.0014124293785310734,0.0,0.2,0.8,0.1,0.1,85.0,95.0,95.0,0.30000000000000004,0.2,0.4,0.2,75.0,40.0,70.0,1029,1022,7,1029,0.006802721088435374,1.34873897123654,1.5,0.8991593141576933,580,0.5675146771037182,1.0,1
"iteration_2","SCOPE_DATA_COLLECTION",700,8,550.0,610.0,0,4108,2710,1029,4142,2664,1130,4088,2696,1015,18,21,11,0.00438382854359474,0.007729112992270887,0.010721247563352826,0.3084756572111499,0.7385440009557478,1.348198603287603,0.6169513144222998,0.7385440009557478,0.898799068858402,0.19960861056751467,0.4970326409495549,0.5674876847290641,100.0,100.0,4381,993,2473,6,0,44,0.0013695503309746632,0.0,0.017792155276991507,0.30000000000000004,0.2,0.4,0.2,75.0,40.0,70.0,0.30000000000000004,0.2,0.4,0.2,75.0,40.0,70.0,4095,4093,2,4095,4.884004884004884E-4,0.30353142500920294,0.5,0.6070628500184059,813,0.19863181040801367,1.0,1
"iteration_2","SCOPE_DATA_COLLECTION",700,8,550.0,610.0,1,4108,2710,1029,4142,2664,1130,4088,2696,1015,18,21,11,0.00438382854359474,0.007729112992270887,0.010721247563352826,0.3084756572111499,0.7385440009557478,1.348198603287603,0.6169513144222998,0.7385440009557478,0.898799068858402,0.19960861056751467,0.4970326409495549,0.5674876847290641,100.0,100.0,4381,993,2473,6,0,44,0.0013695503309746632,0.0,0.017792155276991507,0.30000000000000004,0.2,0.4,0.2,75.0,40.0,70.0,0.30000000000000004,0.2,0.4,0.2,75.0,40.0,70.0,2639,2639,0,2639,0.0,0.7343711325191968,1.0,0.7343711325191968,1280,0.4850322091701402,1.0,1
"iteration_2","SCOPE_DATA_COLLECTION",700,8,550.0,610.0,2,4108,2710,1029,4142,2664,1130,4088,2696,1015,18,21,11,0.00438382854359474,0.007729112992270887,0.010721247563352826,0.3084756572111499,0.7385440009557478,1.348198603287603,0.6169513144222998,0.7385440009557478,0.898799068858402,0.19960861056751467,0.4970326409495549,0.5674876847290641,100.0,100.0,4381,993,2473,6,0,44,0.0013695503309746632,0.0,0.017792155276991507,0.30000000000000004,0.2,0.4,0.2,75.0,40.0,70.0,0.30000000000000004,0.2,0.4,0.2,75.0,40.0,70.0,1082,1074,8,1082,0.0073937153419593345,1.2967632392817057,1.5,0.8645088261878038,579,0.5391061452513967,1.0,1
"iteration_2","SCOPE_DATA_COLLECTION",700,9,610.0,670.0,0,4095,2639,1082,4108,2710,1029,4094,2647,1078,2,0,8,4.8828125E-4,0.0,0.007366482504604052,0.3032698205118417,0.7393971494053924,1.2986887138130911,0.6065396410236834,0.7393971494053924,0.8657924758753941,0.1983390327308256,0.4877219493766528,0.5398886827458256,100.0,100.0,4277,1120,2419,10,0,0,0.002338087444470423,0.0,0.0,0.30000000000000004,0.2,0.4,0.2,75.0,40.0,70.0,0.4,0.2,0.30000000000000004,0.2,65.0,50.0,60.0,4233,4231,2,4233,4.724781478856603E-4,0.2989896289178821,0.5,0.5979792578357642,834,0.19711652091704088,1.0,1
"iteration_2","SCOPE_DATA_COLLECTION",700,9,610.0,670.0,1,4095,2639,1082,4108,2710,1029,4094,2647,1078,2,0,8,4.8828125E-4,0.0,0.007366482504604052,0.3032698205118417,0.7393971494053924,1.2986887138130911,0.6065396410236834,0.7393971494053924,0.8657924758753941,0.1983390327308256,0.4877219493766528,0.5398886827458256,100.0,100.0,4277,1120,2419,10,0,0,0.002338087444470423,0.0,0.0,0.30000000000000004,0.2,0.4,0.2,75.0,40.0,70.0,0.4,0.2,0.30000000000000004,0.2,65.0,50.0,60.0,2570,2565,5,2570,0.0019455252918287938,0.7095407412500393,1.0,0.7095407412500393,1211,0.47212475633528267,1.0,1
"iteration_2","SCOPE_DATA_COLLECTION",700,9,610.0,670.0,2,4095,2639,1082,4108,2710,1029,4094,2647,1078,2,0,8,4.8828125E-4,0.0,0.007366482504604052,0.3032698205118417,0.7393971494053924,1.2986887138130911,0.6065396410236834,0.7393971494053924,0.8657924758753941,0.1983390327308256,0.4877219493766528,0.5398886827458256,100.0,100.0,4277,1120,2419,10,0,0,0.002338087444470423,0.0,0.0,0.30000000000000004,0.2,0.4,0.2,75.0,40.0,70.0,0.4,0.2,0.30000000000000004,0.2,65.0,50.0,60.0,1086,1083,3,1086,0.0027624309392265192,1.3267087607487995,1.5,0.8844725071658663,599,0.5530932594644506,1.0,1
"iteration_2","SCOPE_DATA_COLLECTION",700,10,670.0,730.0,0,4233,2570,1086,4095,2639,1082,4232,2569,1078,2,5,3,4.723665564478035E-4,0.0019425019425019425,0.0027752081406105457,0.299200425858488,0.709233253654211,1.328275827063588,0.598400851716976,0.709233253654211,0.8855172180423919,0.19754253308128544,0.47177890229661346,0.5538033395176253,100.0,100.0,4295,1459,2135,10,0,0,0.002328288707799767,0.0,0.0,0.4,0.2,0.30000000000000004,0.2,65.0,50.0,60.0,0.5,0.1,0.4,0.1,55.0,50.0,70.0,4141,4135,6,4141,0.0014489253803429123,0.3000763535796684,0.5,0.6001527071593368,741,0.17920193470374848,1.0,1
"iteration_2","SCOPE_DATA_COLLECTION",700,10,670.0,730.0,1,4233,2570,1086,4095,2639,1082,4232,2569,1078,2,5,3,4.723665564478035E-4,0.0019425019425019425,0.0027752081406105457,0.299200425858488,0.709233253654211,1.328275827063588,0.598400851716976,0.709233253654211,0.8855172180423919,0.19754253308128544,0.47177890229661346,0.5538033395176253,100.0,100.0,4295,1459,2135,10,0,0,0.002328288707799767,0.0,0.0,0.4,0.2,0.30000000000000004,0.2,65.0,50.0,60.0,0.5,0.1,0.4,0.1,55.0,50.0,70.0,2643,2642,1,2643,3.7835792659856227E-4,0.7433801798636552,1.0,0.7433801798636552,1313,0.49697199091597277,1.0,1
"iteration_2","SCOPE_DATA_COLLECTION",700,10,670.0,730.0,2,4233,2570,1086,4095,2639,1082,4232,2569,1078,2,5,3,4.723665564478035E-4,0.0019425019425019425,0.0027752081406105457,0.299200425858488,0.709233253654211,1.328275827063588,0.598400851716976,0.709233253654211,0.8855172180423919,0.19754253308128544,0.47177890229661346,0.5538033395176253,100.0,100.0,4295,1459,2135,10,0,0,0.002328288707799767,0.0,0.0,0.4,0.2,0.30000000000000004,0.2,65.0,50.0,60.0,0.5,0.1,0.4,0.1,55.0,50.0,70.0,1114,1113,1,1114,8.976660682226212E-4,1.2966324913169607,1.5,0.8644216608779738,603,0.5417789757412399,1.0,1
"iteration_2","SCOPE_DATA_COLLECTION",700,11,730.0,790.0,0,4141,2643,1114,4233,2570,1086,4126,2629,1115,6,1,1,0.001452081316553727,3.8022813688212925E-4,8.960573476702509E-4,0.29992466600345385,0.7432120865698312,1.2955102229728086,0.5998493320069077,0.7432120865698312,0.8636734819818724,0.17959282598158022,0.49714720426017495,0.5417040358744395,100.0,100.0,4389,1793,1716,7,1,0,0.001594896331738437,5.577244841048522E-4,0.0,0.5,0.1,0.4,0.1,55.0,50.0,70.0,0.9,0.1,0.30000000000000004,0.30000000000000004,40.0,75.0,25.0,4071,4068,3,4071,7.369196757553427E-4,0.3181894028437,0.5,0.6363788056874,790,0.19419862340216323,1.0,1
"iteration_2","SCOPE_DATA_COLLECTION",700,11,730.0,790.0,1,4141,2643,1114,4233,2570,1086,4126,2629,1115,6,1,1,0.001452081316553727,3.8022813688212925E-4,8.960573476702509E-4,0.29992466600345385,0.7432120865698312,1.2955102229728086,0.5998493320069077,0.7432120865698312,0.8636734819818724,0.17959282598158022,0.49714720426017495,0.5417040358744395,100.0,100.0,4389,1793,1716,7,1,0,0.001594896331738437,5.577244841048522E-4,0.0,0.5,0.1,0.4,0.1,55.0,50.0,70.0,0.9,0.1,0.30000000000000004,0.30000000000000004,40.0,75.0,25.0,2624,2619,5,2624,0.0019054878048780487,0.7554764982861236,1.0,0.7554764982861236,1346,0.5139366170294005,1.0,1
"iteration_2","SCOPE_DATA_COLLECTION",700,11,730.0,790.0,2,4141,2643,1114,4233,2570,1086,4126,2629,1115,6,1,1,0.001452081316553727,3.8022813688212925E-4,8.960573476702509E-4,0.29992466600345385,0.7432120865698312,1.2955102229728086,0.5998493320069077,0.7432120865698312,0.8636734819818724,0.17959282598158022,0.49714720426017495,0.5417040358744395,100.0,100.0,4389,1793,1716,7,1,0,0.001594896331738437,5.577244841048522E-4,0.0,0.5,0.1,0.4,0.1,55.0,50.0,70.0,0.9,0.1,0.30000000000000004,0.30000000000000004,40.0,75.0,25.0,1017,1013,4,1017,0.003933136676499509,1.3212660137931407,1.5,0.8808440091954272,565,0.5577492596248766,1.0,1
"iteration_2","SCOPE_DATA_COLLECTION",700,12,790.0,850.0,0,4071,2624,1017,4141,2643,1114,4082,2630,1012,2,5,4,4.897159647404506E-4,0.0018975332068311196,0.003937007874015748,0.3185502769551085,0.7542312578094205,1.3186611230000753,0.637100553910217,0.7542312578094205,0.8791074153333835,0.19402253797158256,0.5125475285171103,0.5553359683794467,100.0,100.0,4520,2898,294,9,2,0,0.001991150442477876,6.901311249137336E-4,0.0,0.9,0.1,0.30000000000000004,0.30000000000000004,40.0,75.0,25.0,0.55,0.30000000000000004,0.4,0.7000000000000001,70.0,70.0,70.0,4002,3995,7,4002,0.0017491254372813594,0.30719102190803604,0.5,0.6143820438160721,822,0.20575719649561952,1.0,1
"iteration_2","SCOPE_DATA_COLLECTION",700,12,790.0,850.0,1,4071,2624,1017,4141,2643,1114,4082,2630,1012,2,5,4,4.897159647404506E-4,0.0018975332068311196,0.003937007874015748,0.3185502769551085,0.7542312578094205,1.3186611230000753,0.637100553910217,0.7542312578094205,0.8791074153333835,0.19402253797158256,0.5125475285171103,0.5553359683794467,100.0,100.0,4520,2898,294,9,2,0,0.001991150442477876,6.901311249137336E-4,0.0,0.9,0.1,0.30000000000000004,0.30000000000000004,40.0,75.0,25.0,0.55,0.30000000000000004,0.4,0.7000000000000001,70.0,70.0,70.0,2544,2539,5,2544,0.0019654088050314465,0.7496867063707278,1.0,0.7496867063707278,1267,0.4990153603781016,1.0,1
"iteration_2","SCOPE_DATA_COLLECTION",700,12,790.0,850.0,2,4071,2624,1017,4141,2643,1114,4082,2630,1012,2,5,4,4.897159647404506E-4,0.0018975332068311196,0.003937007874015748,0.3185502769551085,0.7542312578094205,1.3186611230000753,0.637100553910217,0.7542312578094205,0.8791074153333835,0.19402253797158256,0.5125475285171103,0.5553359683794467,100.0,100.0,4520,2898,294,9,2,0,0.001991150442477876,6.901311249137336E-4,0.0,0.9,0.1,0.30000000000000004,0.30000000000000004,40.0,75.0,25.0,0.55,0.30000000000000004,0.4,0.7000000000000001,70.0,70.0,70.0,1121,1108,13,1121,0.01159678858162355,1.319720199186733,1.5,0.8798134661244886,598,0.5397111913357401,1.0,1
"iteration_2","SCOPE_DATA_COLLECTION",700,13,850.0,910.0,0,4002,2544,1121,4071,2624,1017,3988,2541,1103,8,5,13,0.002002002002002002,0.0019638648860958365,0.011648745519713262,0.3070161511802112,0.7486209074334021,1.3063192180720806,0.6140323023604224,0.7486209074334021,0.8708794787147204,0.20586760280842528,0.4986225895316804,0.5349048050770625,97.5,100.0,4287,1891,1489,25,1,0,0.005831583858175881,5.288207297726071E-4,0.0,0.55,0.30000000000000004,0.4,0.7000000000000001,70.0,70.0,70.0,0.45,0.30000000000000004,0.30000000000000004,0.6000000000000001,70.0,70.0,70.0,4075,4066,9,4075,0.0022085889570552146,0.30753494703149536,0.5,0.6150698940629907,898,0.22085587801278897,1.0,1
"iteration_2","SCOPE_DATA_COLLECTION",700,13,850.0,910.0,1,4002,2544,1121,4071,2624,1017,3988,2541,1103,8,5,13,0.002002002002002002,0.0019638648860958365,0.011648745519713262,0.3070161511802112,0.7486209074334021,1.3063192180720806,0.6140323023604224,0.7486209074334021,0.8708794787147204,0.20586760280842528,0.4986225895316804,0.5349048050770625,97.5,100.0,4287,1891,1489,25,1,0,0.005831583858175881,5.288207297726071E-4,0.0,0.55,0.30000000000000004,0.4,0.7000000000000001,70.0,70.0,70.0,0.45,0.30000000000000004,0.30000000000000004,0.6000000000000001,70.0,70.0,70.0,2691,2682,9,2691,0.0033444816053511705,0.7144187032331986,1.0,0.7144187032331986,1269,0.47315436241610737,1.0,1
"iteration_2","SCOPE_DATA_COLLECTION",700,13,850.0,910.0,2,4002,2544,1121,4071,2624,1017,3988,2541,1103,8,5,13,0.002002002002002002,0.0019638648860958365,0.011648745519713262,0.3070161511802112,0.7486209074334021,1.3063192180720806,0.6140323023604224,0.7486209074334021,0.8708794787147204,0.20586760280842528,0.4986225895316804,0.5349048050770625,97.5,100.0,4287,1891,1489,25,1,0,0.005831583858175881,5.288207297726071E-4,0.0,0.55,0.30000000000000004,0.4,0.7000000000000001,70.0,70.0,70.0,0.45,0.30000000000000004,0.30000000000000004,0.6000000000000001,70.0,70.0,70.0,1119,1114,5,1119,0.004468275245755138,1.3175436277705788,1.5,0.8783624185137192,604,0.5421903052064632,1.0,1
"iteration_2","SCOPE_DATA_COLLECTION",700,14,910.0,970.0,0,4075,2691,1119,4002,2544,1121,4071,2685,1114,9,9,5,0.0022058823529411764,0.0033407572383073497,0.004468275245755138,0.30743515511460734,0.7151766367860355,1.3271325936708382,0.6148703102292147,0.7151766367860355,0.8847550624472255,0.22033898305084745,0.47374301675977654,0.5457809694793537,100.0,100.0,4232,1629,2024,20,3,0,0.004725897920604915,0.001841620626151013,0.0,0.45,0.30000000000000004,0.30000000000000004,0.6000000000000001,70.0,70.0,70.0,0.35000000000000003,0.30000000000000004,0.4,0.5,60.0,70.0,70.0,4081,4070,11,4081,0.0026954177897574125,0.308015242010741,0.5,0.616030484021482,906,0.2226044226044226,1.0,1
"iteration_2","SCOPE_DATA_COLLECTION",700,14,910.0,970.0,1,4075,2691,1119,4002,2544,1121,4071,2685,1114,9,9,5,0.0022058823529411764,0.0033407572383073497,0.004468275245755138,0.30743515511460734,0.7151766367860355,1.3271325936708382,0.6148703102292147,0.7151766367860355,0.8847550624472255,0.22033898305084745,0.47374301675977654,0.5457809694793537,100.0,100.0,4232,1629,2024,20,3,0,0.004725897920604915,0.001841620626151013,0.0,0.45,0.30000000000000004,0.30000000000000004,0.6000000000000001,70.0,70.0,70.0,0.35000000000000003,0.30000000000000004,0.4,0.5,60.0,70.0,70.0,2613,2605,8,2613,0.0030616150019135095,0.7272420194560821,1.0,0.7272420194560821,1254,0.4813819577735125,1.0,1
"iteration_2","SCOPE_DATA_COLLECTION",700,14,910.0,970.0,2,4075,2691,1119,4002,2544,1121,4071,2685,1114,9,9,5,0.0022058823529411764,0.0033407572383073497,0.004468275245755138,0.30743515511460734,0.7151766367860355,1.3271325936708382,0.6148703102292147,0.7151766367860355,0.8847550624472255,0.22033898305084745,0.47374301675977654,0.5457809694793537,100.0,100.0,4232,1629,2024,20,3,0,0.004725897920604915,0.001841620626151013,0.0,0.45,0.30000000000000004,0.30000000000000004,0.6000000000000001,70.0,70.0,70.0,0.35000000000000003,0.30000000000000004,0.4,0.5,60.0,70.0,70.0,1154,1142,12,1154,0.010398613518197574,1.2932059415500536,1.5,0.8621372943667024,607,0.531523642732049,1.0,1
"iteration_2","SCOPE_DATA_COLLECTION",700,15,970.0,1030.0,0,4081,2613,1154,4075,2691,1119,4061,2603,1148,11,8,12,0.0027013752455795677,0.003063960168517809,0.010344827586206896,0.30748275606824893,0.7282897384058504,1.2948817160379211,0.6149655121364979,0.7282897384058504,0.863254477358614,0.2221127801034228,0.48252016903572803,0.5322299651567944,90.0,100.0,4204,1311,2333,17,2,12,0.004043767840152236,0.0015255530129672007,0.005143591941705958,0.35000000000000003,0.30000000000000004,0.4,0.5,60.0,70.0,70.0,0.35000000000000003,0.2,0.5,0.4,60.0,80.0,80.0,4039,4022,17,4039,0.004208962614508541,0.31177704537344925,0.5,0.6235540907468985,880,0.21879661859771257,1.0,1
"iteration_2","SCOPE_DATA_COLLECTION",700,15,970.0,1030.0,1,4081,2613,1154,4075,2691,1119,4061,2603,1148,11,8,12,0.0027013752455795677,0.003063960168517809,0.010344827586206896,0.30748275606824893,0.7282897384058504,1.2948817160379211,0.6149655121364979,0.7282897384058504,0.863254477358614,0.2221127801034228,0.48252016903572803,0.5322299651567944,90.0,100.0,4204,1311,2333,17,2,12,0.004043767840152236,0.0015255530129672007,0.005143591941705958,0.35000000000000003,0.30000000000000004,0.4,0.5,60.0,70.0,70.0,0.35000000000000003,0.2,0.5,0.4,60.0,80.0,80.0,2619,2597,22,2619,0.008400152730049638,0.7387401606237867,1.0,0.7387401606237867,1300,0.5005775895263765,1.0,1
"iteration_2","SCOPE_DATA_COLLECTION",700,15,970.0,1030.0,2,4081,2613,1154,4075,2691,1119,4061,2603,1148,11,8,12,0.0027013752455795677,0.003063960168517809,0.010344827586206896,0.30748275606824893,0.7282897384058504,1.2948817160379211,0.6149655121364979,0.7282897384058504,0.863254477358614,0.2221127801034228,0.48252016903572803,0.5322299651567944,90.0,100.0,4204,1311,2333,17,2,12,0.004043767840152236,0.0015255530129672007,0.005143591941705958,0.35000000000000003,0.30000000000000004,0.4,0.5,60.0,70.0,70.0,0.35000000000000003,0.2,0.5,0.4,60.0,80.0,80.0,1097,1088,9,1097,0.008204193254329991,1.3253928072577188,1.5,0.8835952048384792,596,0.5477941176470589,1.0,1
"iteration_2","SCOPE_DATA_COLLECTION",700,16,1030.0,1090.0,0,4039,2619,1097,4081,2613,1154,4026,2586,1082,17,22,9,0.004204798417017067,0.00843558282208589,0.008249312557286892,0.3119036565330915,0.7398744660646874,1.3256878176631626,0.623807313066183,0.7398744660646874,0.8837918784421084,0.21882762046696472,0.5,0.5471349353049908,100.0,100.0,4258,1199,2298,14,1,33,0.0032879286049788633,8.340283569641367E-4,0.014360313315926894,0.35000000000000003,0.2,0.5,0.4,60.0,80.0,80.0,0.05,0.6000000000000001,0.8,0.8,60.0,40.0,60.0,4141,3962,179,4141,0.04322627384689688,0.3633883728090751,0.5,0.7267767456181502,1074,0.27107521453811206,1.0,1
"iteration_2","SCOPE_DATA_COLLECTION",700,16,1030.0,1090.0,1,4039,2619,1097,4081,2613,1154,4026,2586,1082,17,22,9,0.004204798417017067,0.00843558282208589,0.008249312557286892,0.3119036565330915,0.7398744660646874,1.3256878176631626,0.623807313066183,0.7398744660646874,0.8837918784421084,0.21882762046696472,0.5,0.5471349353049908,100.0,100.0,4258,1199,2298,14,1,33,0.0032879286049788633,8.340283569641367E-4,0.014360313315926894,0.35000000000000003,0.2,0.5,0.4,60.0,80.0,80.0,0.05,0.6000000000000001,0.8,0.8,60.0,40.0,60.0,2668,2534,134,2668,0.05022488755622189,0.8100514916099958,1.0,0.8100514916099958,1308,0.516179952644041,1.0,1
"iteration_2","SCOPE_DATA_COLLECTION",700,16,1030.0,1090.0,2,4039,2619,1097,4081,2613,1154,4026,2586,1082,17,22,9,0.004204798417017067,0.00843558282208589,0.008249312557286892,0.3119036565330915,0.7398744660646874,1.3256878176631626,0.623807313066183,0.7398744660646874,0.8837918784421084,0.21882762046696472,0.5,0.5471349353049908,100.0,100.0,4258,1199,2298,14,1,33,0.0032879286049788633,8.340283569641367E-4,0.014360313315926894,0.35000000000000003,0.2,0.5,0.4,60.0,80.0,80.0,0.05,0.6000000000000001,0.8,0.8,60.0,40.0,60.0,1077,1018,59,1077,0.05478180129990715,1.462914496947037,1.5,0.9752763312980246,600,0.5893909626719057,1.0,1
"iteration_2","SCOPE_DATA_COLLECTION",700,17,1090.0,1150.0,0,4141,2668,1077,4039,2619,1097,3963,2538,1030,179,134,59,0.043215837759536455,0.050149700598802395,0.05417814508723599,0.3634796501717848,0.8062578691351038,1.460583668611544,0.7269593003435696,0.8062578691351038,0.9737224457410294,0.2715114812011103,0.5141843971631206,0.5902912621359223,92.5,100.0,4308,184,3394,26,0,346,0.0060352831940575676,0.0,0.10194460813199764,0.05,0.6000000000000001,0.8,0.8,60.0,40.0,60.0,0.05,0.5,0.9,0.8,50.0,30.0,60.0,4078,3989,89,4078,0.021824423737126043,0.3627698446269,0.5,0.7255396892538,1042,0.2612183504637754,1.0,1
"iteration_2","SCOPE_DATA_COLLECTION",700,17,1090.0,1150.0,1,4141,2668,1077,4039,2619,1097,3963,2538,1030,179,134,59,0.043215837759536455,0.050149700598802395,0.05417814508723599,0.3634796501717848,0.8062578691351038,1.460583668611544,0.7269593003435696,0.8062578691351038,0.9737224457410294,0.2715114812011103,0.5141843971631206,0.5902912621359223,92.5,100.0,4308,184,3394,26,0,346,0.0060352831940575676,0.0,0.10194460813199764,0.05,0.6000000000000001,0.8,0.8,60.0,40.0,60.0,0.05,0.5,0.9,0.8,50.0,30.0,60.0,2591,2542,49,2591,0.018911617136240833,0.8011551547880407,1.0,0.8011551547880407,1291,0.50786782061369,1.0,1
"iteration_2","SCOPE_DATA_COLLECTION",700,17,1090.0,1150.0,2,4141,2668,1077,4039,2619,1097,3963,2538,1030,179,134,59,0.043215837759536455,0.050149700598802395,0.05417814508723599,0.3634796501717848,0.8062578691351038,1.460583668611544,0.7269593003435696,0.8062578691351038,0.9737224457410294,0.2715114812011103,0.5141843971631206,0.5902912621359223,92.5,100.0,4308,184,3394,26,0,346,0.0060352831940575676,0.0,0.10194460813199764,0.05,0.6000000000000001,0.8,0.8,60.0,40.0,60.0,0.05,0.5,0.9,0.8,50.0,30.0,60.0,1023,996,27,1023,0.026392961876832845,1.4019911948985022,1.5,0.9346607965990015,572,0.5742971887550201,1.0,1
"iteration_2","SCOPE_DATA_COLLECTION",700,18,1150.0,1210.0,0,4078,2591,1023,4141,2668,1077,3996,2541,995,89,49,27,0.021787025703794368,0.01891891891891892,0.026418786692759294,0.36313218744087833,0.8013372597773355,1.4076579093803445,0.7262643748817567,0.8013372597773355,0.938438606253563,0.26226226226226224,0.5080676898858717,0.5758793969849246,97.5,100.0,4281,164,3247,25,0,140,0.0058397570661060496,0.0,0.043116723129042196,0.05,0.5,0.9,0.8,50.0,30.0,60.0,0.05,0.6000000000000001,0.8,0.9,50.0,20.0,60.0,4121,4046,75,4121,0.01819946614899296,0.35405381131580194,0.5,0.7081076226316039,1065,0.26322293623331683,1.0,1
"iteration_2","SCOPE_DATA_COLLECTION",700,18,1150.0,1210.0,1,4078,2591,1023,4141,2668,1077,3996,2541,995,89,49,27,0.021787025703794368,0.01891891891891892,0.026418786692759294,0.36313218744087833,0.8013372597773355,1.4076579093803445,0.7262643748817567,0.8013372597773355,0.938438606253563,0.26226226226226224,0.5080676898858717,0.5758793969849246,97.5,100.0,4281,164,3247,25,0,140,0.0058397570661060496,0.0,0.043116723129042196,0.05,0.5,0.9,0.8,50.0,30.0,60.0,0.05,0.6000000000000001,0.8,0.9,50.0,20.0,60.0,2698,2634,64,2698,0.023721275018532245,0.770684376201926,1.0,0.770684376201926,1289,0.4893697798025816,1.0,1
"iteration_2","SCOPE_DATA_COLLECTION",700,18,1150.0,1210.0,2,4078,2591,1023,4141,2668,1077,3996,2541,995,89,49,27,0.021787025703794368,0.01891891891891892,0.026418786692759294,0.36313218744087833,0.8013372597773355,1.4076579093803445,0.7262643748817567,0.8013372597773355,0.938438606253563,0.26226226226226224,0.5080676898858717,0.5758793969849246,97.5,100.0,4281,164,3247,25,0,140,0.0058397570661060496,0.0,0.043116723129042196,0.05,0.5,0.9,0.8,50.0,30.0,60.0,0.05,0.6000000000000001,0.8,0.9,50.0,20.0,60.0,1161,1127,34,1161,0.029285099052540915,1.38982076566604,1.5,0.9265471771106933,627,0.5563442768411713,1.0,1
"iteration_2","SCOPE_DATA_COLLECTION",700,19,1210.0,1270.0,0,4121,2698,1161,4078,2591,1023,4026,2639,1108,75,64,34,0.018288222384784197,0.023677395486496486,0.0297723292469352,0.3530772435920718,0.7714566359837758,1.3788258630654027,0.7061544871841436,0.7714566359837758,0.9192172420436018,0.262046696472926,0.4903372489579386,0.5541516245487365,100.0,100.0,4262,186,3532,30,0,143,0.0070389488503050214,0.0,0.040486976217440546,0.05,0.6000000000000001,0.8,0.9,50.0,20.0,60.0,0.05,0.7000000000000001,0.7000000000000001,0.9,60.0,30.0,60.0,4028,3820,208,4028,0.05163853028798411,0.3717430342666905,0.5,0.743486068533381,1115,0.2918848167539267,1.0,1
"iteration_2","SCOPE_DATA_COLLECTION",700,19,1210.0,1270.0,1,4121,2698,1161,4078,2591,1023,4026,2639,1108,75,64,34,0.018288222384784197,0.023677395486496486,0.0297723292469352,0.3530772435920718,0.7714566359837758,1.3788258630654027,0.7061544871841436,0.7714566359837758,0.9192172420436018,0.262046696472926,0.4903372489579386,0.5541516245487365,100.0,100.0,4262,186,3532,30,0,143,0.0070389488503050214,0.0,0.040486976217440546,0.05,0.6000000000000001,0.8,0.9,50.0,20.0,60.0,0.05,0.7000000000000001,0.7000000000000001,0.9,60.0,30.0,60.0,2765,2617,148,2765,0.05352622061482821,0.8089567300181105,1.0,0.8089567300181105,1332,0.5089797478028276,1.0,1
"iteration_2","SCOPE_DATA_COLLECTION",700,19,1210.0,1270.0,2,4121,2698,1161,4078,2591,1023,4026,2639,1108,75,64,34,0.018288222384784197,0.023677395486496486,0.0297723292469352,0.3530772435920718,0.7714566359837758,1.3788258630654027,0.7061544871841436,0.7714566359837758,0.9192172420436018,0.262046696472926,0.4903372489579386,0.5541516245487365,100.0,100.0,4262,186,3532,30,0,143,0.0070389488503050214,0.0,0.040486976217440546,0.05,0.6000000000000001,0.8,0.9,50.0,20.0,60.0,0.05,0.7000000000000001,0.7000000000000001,0.9,60.0,30.0,60.0,1106,1033,73,1106,0.06600361663652803,1.4441154172607975,1.5,0.9627436115071983,600,0.5808325266214908,1.0,1
"iteration_2","SCOPE_DATA_COLLECTION",700,20,1270.0,1330.0,0,4028,2765,1106,4121,2698,1161,3825,2615,1049,208,148,73,0.05157451029010662,0.053564965617082884,0.06506238859180036,0.3722647477378922,0.8082324252773389,1.45078299118587,0.7445294954757844,0.8082324252773389,0.9671886607905801,0.29228758169934643,0.5086042065009561,0.5815061963775023,92.5,100.0,4205,184,3510,22,0,407,0.005231866825208086,0.0,0.11595441595441595,0.05,0.7000000000000001,0.7000000000000001,0.9,60.0,30.0,60.0,0.05,0.6000000000000001,0.6000000000000001,0.8,50.0,30.0,50.0,4197,3915,282,4197,0.06719085060757685,0.36526529368546207,0.5,0.7305305873709241,1106,0.28250319284802045,1.0,1
"iteration_2","SCOPE_DATA_COLLECTION",700,20,1270.0,1330.0,1,4028,2765,1106,4121,2698,1161,3825,2615,1049,208,148,73,0.05157451029010662,0.053564965617082884,0.06506238859180036,0.3722647477378922,0.8082324252773389,1.45078299118587,0.7445294954757844,0.8082324252773389,0.9671886607905801,0.29228758169934643,0.5086042065009561,0.5815061963775023,92.5,100.0,4205,184,3510,22,0,407,0.005231866825208086,0.0,0.11595441595441595,0.05,0.7000000000000001,0.7000000000000001,0.9,60.0,30.0,60.0,0.05,0.6000000000000001,0.6000000000000001,0.8,50.0,30.0,50.0,2724,2535,189,2724,0.06938325991189427,0.7958473834471449,1.0,0.7958473834471449,1283,0.5061143984220907,1.0,1
"iteration_2","SCOPE_DATA_COLLECTION",700,20,1270.0,1330.0,2,4028,2765,1106,4121,2698,1161,3825,2615,1049,208,148,73,0.05157451029010662,0.053564965617082884,0.06506238859180036,0.3722647477378922,0.8082324252773389,1.45078299118587,0.7445294954757844,0.8082324252773389,0.9671886607905801,0.29228758169934643,0.5086042065009561,0.5815061963775023,92.5,100.0,4205,184,3510,22,0,407,0.005231866825208086,0.0,0.11595441595441595,0.05,0.7000000000000001,0.7000000000000001,0.9,60.0,30.0,60.0,0.05,0.6000000000000001,0.6000000000000001,0.8,50.0,30.0,50.0,1101,1013,88,1101,0.07992733878292461,1.4348275573459628,1.5,0.9565517048973086,597,0.5893385982230998,1.0,1
"iteration_2","SCOPE_DATA_COLLECTION",700,21,1330.0,1390.0,0,4197,2724,1101,4028,2765,1106,3913,2522,1015,282,189,88,0.06722288438617402,0.06971597196606419,0.07978241160471441,0.36493403474501884,0.7956712635671513,1.4417686091946145,0.7298680694900377,0.7956712635671513,0.9611790727964097,0.28162535139279327,0.5055511498810468,0.593103448275862,97.5,100.0,4294,178,3550,28,0,531,0.006520726595249185,0.0,0.1495774647887324,0.05,0.6000000000000001,0.6000000000000001,0.8,50.0,30.0,50.0,0.05,0.7000000000000001,0.5,0.8,40.0,20.0,60.0,4017,3805,212,4017,0.05277570326114015,0.36615552613753416,0.5,0.7323110522750683,1008,0.26491458607095925,1.0,1
"iteration_2","SCOPE_DATA_COLLECTION",700,21,1330.0,1390.0,1,4197,2724,1101,4028,2765,1106,3913,2522,1015,282,189,88,0.06722288438617402,0.06971597196606419,0.07978241160471441,0.36493403474501884,0.7956712635671513,1.4417686091946145,0.7298680694900377,0.7956712635671513,0.9611790727964097,0.28162535139279327,0.5055511498810468,0.593103448275862,97.5,100.0,4294,178,3550,28,0,531,0.006520726595249185,0.0,0.1495774647887324,0.05,0.6000000000000001,0.6000000000000001,0.8,50.0,30.0,50.0,0.05,0.7000000000000001,0.5,0.8,40.0,20.0,60.0,2679,2541,138,2679,0.051511758118701005,0.8103935753668894,1.0,0.8103935753668894,1310,0.5155450609996065,1.0,1
"iteration_2","SCOPE_DATA_COLLECTION",700,21,1330.0,1390.0,2,4197,2724,1101,4028,2765,1106,3913,2522,1015,282,189,88,0.06722288438617402,0.06971597196606419,0.07978241160471441,0.36493403474501884,0.7956712635671513,1.4417686091946145,0.7298680694900377,0.7956712635671513,0.9611790727964097,0.28162535139279327,0.5055511498810468,0.593103448275862,97.5,100.0,4294,178,3550,28,0,531,0.006520726595249185,0.0,0.1495774647887324,0.05,0.6000000000000001,0.6000000000000001,0.8,50.0,30.0,50.0,0.05,0.7000000000000001,0.5,0.8,40.0,20.0,60.0,1095,1021,74,1095,0.06757990867579909,1.4275655010773138,1.5,0.9517103340515426,584,0.5719882468168462,1.0,1
"iteration_2","SCOPE_DATA_COLLECTION",700,22,1390.0,1450.0,0,4017,2679,1095,4197,2724,1101,3810,2546,1008,210,134,72,0.05223880597014925,0.05,0.06666666666666667,0.3661251425824949,0.8101519529101783,1.4246951565035615,0.7322502851649898,0.8101519529101783,0.9497967710023744,0.2648293963254593,0.5157109190887667,0.5724206349206349,95.0,100.0,4234,166,3391,23,0,393,0.00543221539914974,0.0,0.1158950162194043,0.05,0.7000000000000001,0.5,0.8,40.0,20.0,60.0,0.05,0.7000000000000001,0.5,0.9,50.0,20.0,50.0,3981,3869,112,3981,0.028133634765134388,0.3524439827055591,0.5,0.7048879654111182,994,0.2569139312483846,1.0,1
"iteration_2","SCOPE_DATA_COLLECTION",700,22,1390.0,1450.0,1,4017,2679,1095,4197,2724,1101,3810,2546,1008,210,134,72,0.05223880597014925,0.05,0.06666666666666667,0.3661251425824949,0.8101519529101783,1.4246951565035615,0.7322502851649898,0.8101519529101783,0.9497967710023744,0.2648293963254593,0.5157109190887667,0.5724206349206349,95.0,100.0,4234,166,3391,23,0,393,0.00543221539914974,0.0,0.1158950162194043,0.05,0.7000000000000001,0.5,0.8,40.0,20.0,60.0,0.05,0.7000000000000001,0.5,0.9,50.0,20.0,50.0,2669,2605,64,2669,0.02397901835893593,0.7671324382594302,1.0,0.7671324382594302,1260,0.4836852207293666,1.0,1
"iteration_2","SCOPE_DATA_COLLECTION",700,22,1390.0,1450.0,2,4017,2679,1095,4197,2724,1101,3810,2546,1008,210,134,72,0.05223880597014925,0.05,0.06666666666666667,0.3661251425824949,0.8101519529101783,1.4246951565035615,0.7322502851649898,0.8101519529101783,0.9497967710023744,0.2648293963254593,0.5157109190887667,0.5724206349206349,95.0,100.0,4234,166,3391,23,0,393,0.00543221539914974,0.0,0.1158950162194043,0.05,0.7000000000000001,0.5,0.8,40.0,20.0,60.0,0.05,0.7000000000000001,0.5,0.9,50.0,20.0,50.0,1061,1027,34,1061,0.03204524033930255,1.3997118610346508,1.5,0.9331412406897672,588,0.572541382667965,1.0,1
"iteration_2","SCOPE_DATA_COLLECTION",700,23,1450.0,1510.0,0,3981,2669,1061,4017,2679,1095,3878,2614,1033,114,68,36,0.028557114228456915,0.02535421327367636,0.03367633302151544,0.3528669460092218,0.7711855944327932,1.3941606772061519,0.7057338920184436,0.7711855944327932,0.9294404514707679,0.25734914904589995,0.486610558530987,0.5672797676669894,100.0,100.0,4185,175,3351,22,0,196,0.0052568697729988055,0.0,0.058490002984183824,0.05,0.7000000000000001,0.5,0.9,50.0,20.0,50.0,0.05,0.8,0.4,0.8,60.0,20.0,60.0,4187,3995,192,4187,0.04585622163840459,0.3699697435538789,0.5,0.7399394871077578,1059,0.265081351689612,1.0,1
"iteration_2","SCOPE_DATA_COLLECTION",700,23,1450.0,1510.0,1,3981,2669,1061,4017,2679,1095,3878,2614,1033,114,68,36,0.028557114228456915,0.02535421327367636,0.03367633302151544,0.3528669460092218,0.7711855944327932,1.3941606772061519,0.7057338920184436,0.7711855944327932,0.9294404514707679,0.25734914904589995,0.486610558530987,0.5672797676669894,100.0,100.0,4185,175,3351,22,0,196,0.0052568697729988055,0.0,0.058490002984183824,0.05,0.7000000000000001,0.5,0.9,50.0,20.0,50.0,0.05,0.8,0.4,0.8,60.0,20.0,60.0,2717,2585,132,2717,0.048582995951417005,0.785310379988855,1.0,0.785310379988855,1278,0.4943907156673114,1.0,1
"iteration_2","SCOPE_DATA_COLLECTION",700,23,1450.0,1510.0,2,3981,2669,1061,4017,2679,1095,3878,2614,1033,114,68,36,0.028557114228456915,0.02535421327367636,0.03367633302151544,0.3528669460092218,0.7711855944327932,1.3941606772061519,0.7057338920184436,0.7711855944327932,0.9294404514707679,0.25734914904589995,0.486610558530987,0.5672797676669894,100.0,100.0,4185,175,3351,22,0,196,0.0052568697729988055,0.0,0.058490002984183824,0.05,0.7000000000000001,0.5,0.9,50.0,20.0,50.0,0.05,0.8,0.4,0.8,60.0,20.0,60.0,1049,988,61,1049,0.058150619637750235,1.4622818975398384,1.5,0.9748545983598923,597,0.604251012145749,1.0,1
"iteration_2","SCOPE_DATA_COLLECTION",700,24,1510.0,1570.0,0,4187,2717,1049,3981,2669,1061,3980,2579,994,192,132,61,0.046021093000958774,0.04869052010328292,0.05781990521327014,0.3696444566129849,0.7858042596018013,1.4698856664463529,0.7392889132259698,0.7858042596018013,0.9799237776309019,0.264321608040201,0.4947654129507561,0.607645875251509,97.5,100.0,4182,183,3588,20,1,364,0.004782400765184123,0.00546448087431694,0.10144927536231885,0.05,0.8,0.4,0.8,60.0,20.0,60.0,0.15000000000000002,0.9,0.4,0.8,50.0,20.0,60.0,4128,4113,15,4128,0.003633720930232558,0.32584271891935396,0.5,0.6516854378387079,973,0.23656698273766108,1.0,1
"iteration_2","SCOPE_DATA_COLLECTION",700,24,1510.0,1570.0,1,4187,2717,1049,3981,2669,1061,3980,2579,994,192,132,61,0.046021093000958774,0.04869052010328292,0.05781990521327014,0.3696444566129849,0.7858042596018013,1.4698856664463529,0.7392889132259698,0.7858042596018013,0.9799237776309019,0.264321608040201,0.4947654129507561,0.607645875251509,97.5,100.0,4182,183,3588,20,1,364,0.004782400765184123,0.00546448087431694,0.10144927536231885,0.05,0.8,0.4,0.8,60.0,20.0,60.0,0.15000000000000002,0.9,0.4,0.8,50.0,20.0,60.0,2588,2574,14,2588,0.005409582689335394,0.7433928864605434,1.0,0.7433928864605434,1255,0.4875679875679876,1.0,1
"iteration_2","SCOPE_DATA_COLLECTION",700,24,1510.0,1570.0,2,4187,2717,1049,3981,2669,1061,3980,2579,994,192,132,61,0.046021093000958774,0.04869052010328292,0.05781990521327014,0.3696444566129849,0.7858042596018013,1.4698856664463529,0.7392889132259698,0.7858042596018013,0.9799237776309019,0.264321608040201,0.4947654129507561,0.607645875251509,97.5,100.0,4182,183,3588,20,1,364,0.004782400765184123,0.00546448087431694,0.10144927536231885,0.05,0.8,0.4,0.8,60.0,20.0,60.0,0.15000000000000002,0.9,0.4,0.8,50.0,20.0,60.0,1072,1057,15,1072,0.013992537313432836,1.3579659632241303,1.5,0.9053106421494203,587,0.5553453169347209,1.0,1
"iteration_2","SCOPE_DATA_COLLECTION",700,25,1570.0,1630.0,0,4128,2588,1072,4187,2717,1049,4121,2571,1052,15,14,15,0.0036266924564796904,0.005415860735009671,0.014058106841611996,0.325586624704793,0.7381049066121179,1.3541572989104094,0.651173249409586,0.7381049066121179,0.9027715326069395,0.23635040038825528,0.4830805134189031,0.5532319391634981,100.0,100.0,4221,565,3002,20,0,24,0.004738213693437574,0.0,0.007994670219853431,0.15000000000000002,0.9,0.4,0.8,50.0,20.0,60.0,0.7000000000000001,0.4,0.8,0.2,70.0,65.0,90.0,4126,4125,1,4126,2.423654871546292E-4,0.31371273106571135,0.5,0.6274254621314227,933,0.22618181818181818,1.0,1
"iteration_2","SCOPE_DATA_COLLECTION",700,25,1570.0,1630.0,1,4128,2588,1072,4187,2717,1049,4121,2571,1052,15,14,15,0.0036266924564796904,0.005415860735009671,0.014058106841611996,0.325586624704793,0.7381049066121179,1.3541572989104094,0.651173249409586,0.7381049066121179,0.9027715326069395,0.23635040038825528,0.4830805134189031,0.5532319391634981,100.0,100.0,4221,565,3002,20,0,24,0.004738213693437574,0.0,0.007994670219853431,0.15000000000000002,0.9,0.4,0.8,50.0,20.0,60.0,0.7000000000000001,0.4,0.8,0.2,70.0,65.0,90.0,2667,2664,3,2667,0.0011248593925759281,0.7242939277267697,1.0,0.7242939277267697,1277,0.47935435435435436,1.0,1
"iteration_2","SCOPE_DATA_COLLECTION",700,25,1570.0,1630.0,2,4128,2588,1072,4187,2717,1049,4121,2571,1052,15,14,15,0.0036266924564796904,0.005415860735009671,0.014058106841611996,0.325586624704793,0.7381049066121179,1.3541572989104094,0.651173249409586,0.7381049066121179,0.9027715326069395,0.23635040038825528,0.4830805134189031,0.5532319391634981,100.0,100.0,4221,565,3002,20,0,24,0.004738213693437574,0.0,0.007994670219853431,0.15000000000000002,0.9,0.4,0.8,50.0,20.0,60.0,0.7000000000000001,0.4,0.8,0.2,70.0,65.0,90.0,1076,1071,5,1076,0.004646840148698885,1.323945959828545,1.5,0.8826306398856967,591,0.5518207282913166,1.0,1
"iteration_2","SCOPE_DATA_COLLECTION",700,26,1630.0,1690.0,0,4126,2667,1076,4128,2588,1072,4129,2668,1075,1,3,5,2.4213075060532688E-4,0.0011231748408835642,0.004629629629629629,0.3147415416914864,0.7254938914209693,1.3234443669821168,0.6294830833829728,0.7254938914209693,0.8822962446547445,0.2279002179704529,0.47938530734632684,0.5516279069767441,100.0,100.0,4234,2567,1068,8,1,0,0.001889466225791214,3.8955979742890534E-4,0.0,0.7000000000000001,0.4,0.8,0.2,70.0,65.0,90.0,0.7000000000000001,0.4,0.9,0.30000000000000004,80.0,55.0,90.0,4050,4044,6,4050,0.0014814814814814814,0.32542659438604427,0.5,0.6508531887720885,1094,0.2705242334322453,1.0,1
"iteration_2","SCOPE_DATA_COLLECTION",700,26,1630.0,1690.0,1,4126,2667,1076,4128,2588,1072,4129,2668,1075,1,3,5,2.4213075060532688E-4,0.0011231748408835642,0.004629629629629629,0.3147415416914864,0.7254938914209693,1.3234443669821168,0.6294830833829728,0.7254938914209693,0.8822962446547445,0.2279002179704529,0.47938530734632684,0.5516279069767441,100.0,100.0,4234,2567,1068,8,1,0,0.001889466225791214,3.8955979742890534E-4,0.0,0.7000000000000001,0.4,0.8,0.2,70.0,65.0,90.0,0.7000000000000001,0.4,0.9,0.30000000000000004,80.0,55.0,90.0,2655,2647,8,2655,0.0030131826741996233,0.7511494788523604,1.0,0.7511494788523604,1298,0.4903664525878353,1.0,1
"iteration_2","SCOPE_DATA_COLLECTION",700,26,1630.0,1690.0,2,4126,2667,1076,4128,2588,1072,4129,2668,1075,1,3,5,2.4213075060532688E-4,0.0011231748408835642,0.004629629629629629,0.3147415416914864,0.7254938914209693,1.3234443669821168,0.6294830833829728,0.7254938914209693,0.8822962446547445,0.2279002179704529,0.47938530734632684,0.5516279069767441,100.0,100.0,4234,2567,1068,8,1,0,0.001889466225791214,3.8955979742890534E-4,0.0,0.7000000000000001,0.4,0.8,0.2,70.0,65.0,90.0,0.7000000000000001,0.4,0.9,0.30000000000000004,80.0,55.0,90.0,1095,1091,4,1095,0.0036529680365296802,1.341245010982348,1.5,0.8941633406548987,601,0.5508707607699358,1.0,1
"iteration_2","SCOPE_DATA_COLLECTION",700,27,1690.0,1750.0,0,4050,2655,1095,4126,2667,1076,4040,2652,1089,6,8,4,0.0014829461196243204,0.0030075187969924814,0.0036596523330283625,0.3254407588085895,0.7509747667689204,1.3373313145516488,0.650881517617179,0.7509747667689204,0.8915542097010992,0.2712871287128713,0.4917043740573152,0.5500459136822773,97.5,100.0,4211,2506,1083,15,3,0,0.003562099263832819,0.0011971268954509178,0.0,0.7000000000000001,0.4,0.9,0.30000000000000004,80.0,55.0,90.0,0.9500000000000001,0.2,0.1,0.7000000000000001,40.0,55.0,30.0,4196,4195,1,4196,2.3832221163012392E-4,0.31894650595098323,0.5,0.6378930119019665,954,0.2274135876042908,1.0,1
"iteration_2","SCOPE_DATA_COLLECTION",700,27,1690.0,1750.0,1,4050,2655,1095,4126,2667,1076,4040,2652,1089,6,8,4,0.0014829461196243204,0.0030075187969924814,0.0036596523330283625,0.3254407588085895,0.7509747667689204,1.3373313145516488,0.650881517617179,0.7509747667689204,0.8915542097010992,0.2712871287128713,0.4917043740573152,0.5500459136822773,97.5,100.0,4211,2506,1083,15,3,0,0.003562099263832819,0.0011971268954509178,0.0,0.7000000000000001,0.4,0.9,0.30000000000000004,80.0,55.0,90.0,0.9500000000000001,0.2,0.1,0.7000000000000001,40.0,55.0,30.0,2600,2599,1,2600,3.846153846153846E-4,0.7221421832199424,1.0,0.7221421832199424,1273,0.48980377068103115,1.0,1
"iteration_2","SCOPE_DATA_COLLECTION",700,27,1690.0,1750.0,2,4050,2655,1095,4126,2667,1076,4040,2652,1089,6,8,4,0.0014829461196243204,0.0030075187969924814,0.0036596523330283625,0.3254407588085895,0.7509747667689204,1.3373313145516488,0.650881517617179,0.7509747667689204,0.8915542097010992,0.2712871287128713,0.4917043740573152,0.5500459136822773,97.5,100.0,4211,2506,1083,15,3,0,0.003562099263832819,0.0011971268954509178,0.0,0.7000000000000001,0.4,0.9,0.30000000000000004,80.0,55.0,90.0,0.9500000000000001,0.2,0.1,0.7000000000000001,40.0,55.0,30.0,1048,1042,6,1048,0.0057251908396946565,1.3821298552704917,1.5,0.9214199035136611,610,0.5854126679462572,1.0,1
"iteration_2","SCOPE_DATA_COLLECTION",700,28,1750.0,1810.0,0,4196,2600,1048,4050,2655,1095,4200,2597,1045,1,1,6,2.3803856224708403E-4,3.8491147036181676E-4,0.005708848715509039,0.3195057101307368,0.7248507557189119,1.3861529874791545,0.6390114202614736,0.7248507557189119,0.9241019916527696,0.22738095238095238,0.490180978051598,0.5856459330143541,97.5,100.0,4362,3334,148,6,2,0,0.001375515818431912,5.998800239952009E-4,0.0,0.9500000000000001,0.2,0.1,0.7000000000000001,40.0,55.0,30.0,0.9500000000000001,0.1,0.1,0.6000000000000001,40.0,65.0,40.0,4182,4179,3,4182,7.173601147776184E-4,0.3179026379142908,0.5,0.6358052758285816,915,0.2189519023689878,1.0,1
"iteration_2","SCOPE_DATA_COLLECTION",700,28,1750.0,1810.0,1,4196,2600,1048,4050,2655,1095,4200,2597,1045,1,1,6,2.3803856224708403E-4,3.8491147036181676E-4,0.005708848715509039,0.3195057101307368,0.7248507557189119,1.3861529874791545,0.6390114202614736,0.7248507557189119,0.9241019916527696,0.22738095238095238,0.490180978051598,0.5856459330143541,97.5,100.0,4362,3334,148,6,2,0,0.001375515818431912,5.998800239952009E-4,0.0,0.9500000000000001,0.2,0.1,0.7000000000000001,40.0,55.0,30.0,0.9500000000000001,0.1,0.1,0.6000000000000001,40.0,65.0,40.0,2621,2619,2,2621,7.630675314765357E-4,0.7388853884013179,1.0,0.7388853884013179,1313,0.5013363879343261,1.0,1
"iteration_2","SCOPE_DATA_COLLECTION",700,28,1750.0,1810.0,2,4196,2600,1048,4050,2655,1095,4200,2597,1045,1,1,6,2.3803856224708403E-4,3.8491147036181676E-4,0.005708848715509039,0.3195057101307368,0.7248507557189119,1.3861529874791545,0.6390114202614736,0.7248507557189119,0.9241019916527696,0.22738095238095238,0.490180978051598,0.5856459330143541,97.5,100.0,4362,3334,148,6,2,0,0.001375515818431912,5.998800239952009E-4,0.0,0.9500000000000001,0.2,0.1,0.7000000000000001,40.0,55.0,30.0,0.9500000000000001,0.1,0.1,0.6000000000000001,40.0,65.0,40.0,1105,1099,6,1105,0.005429864253393665,1.331729181667487,1.5,0.8878194544449913,619,0.5632393084622384,1.0,1
"iteration_2","SCOPE_DATA_COLLECTION",700,29,1810.0,1870.0,0,4182,2621,1105,4196,2600,1048,4174,2619,1086,3,2,6,7.182188173330142E-4,7.630675314765357E-4,0.005494505494505495,0.31730629708941566,0.7379251114417855,1.3263424485719053,0.6346125941788313,0.7379251114417855,0.8842282990479369,0.21825586966938187,0.5021000381825124,0.5607734806629834,100.0,100.0,4422,3310,176,8,3,0,0.0018091361374943465,9.063444108761329E-4,0.0,0.9500000000000001,0.1,0.1,0.6000000000000001,40.0,65.0,40.0,0.9500000000000001,0.4,0.30000000000000004,0.7000000000000001,75.0,40.0,95.0,4151,4142,9,4151,0.0021681522524692846,0.3127513145473322,0.5,0.6255026290946644,966,0.233220666344761,1.0,1
"iteration_2","SCOPE_DATA_COLLECTION",700,29,1810.0,1870.0,1,4182,2621,1105,4196,2600,1048,4174,2619,1086,3,2,6,7.182188173330142E-4,7.630675314765357E-4,0.005494505494505495,0.31730629708941566,0.7379251114417855,1.3263424485719053,0.6346125941788313,0.7379251114417855,0.8842282990479369,0.21825586966938187,0.5021000381825124,0.5607734806629834,100.0,100.0,4422,3310,176,8,3,0,0.0018091361374943465,9.063444108761329E-4,0.0,0.9500000000000001,0.1,0.1,0.6000000000000001,40.0,65.0,40.0,0.9500000000000001,0.4,0.30000000000000004,0.7000000000000001,75.0,40.0,95.0,2660,2652,8,2660,0.0030075187969924814,0.7373305805347847,1.0,0.7373305805347847,1293,0.48755656108597284,1.0,1
"iteration_2","SCOPE_DATA_COLLECTION",700,29,1810.0,1870.0,2,4182,2621,1105,4196,2600,1048,4174,2619,1086,3,2,6,7.182188173330142E-4,7.630675314765357E-4,0.005494505494505495,0.31730629708941566,0.7379251114417855,1.3263424485719053,0.6346125941788313,0.7379251114417855,0.8842282990479369,0.21825586966938187,0.5021000381825124,0.5607734806629834,100.0,100.0,4422,3310,176,8,3,0,0.0018091361374943465,9.063444108761329E-4,0.0,0.9500000000000001,0.1,0.1,0.6000000000000001,40.0,65.0,40.0,0.9500000000000001,0.4,0.30000000000000004,0.7000000000000001,75.0,40.0,95.0,1129,1122,7,1129,0.006200177147918512,1.283884055717226,1.5,0.8559227038114839,583,0.5196078431372549,1.0,1
"iteration_2","SCOPE_DATA_COLLECTION",700,30,1870.0,1930.0,0,4151,2660,1129,4182,2621,1105,4143,2654,1131,9,8,7,0.002167630057803468,0.003005259203606311,0.006151142355008787,0.3123934294911068,0.7372510534741792,1.2925256879967624,0.6247868589822136,0.7372510534741792,0.8616837919978416,0.23244026068066617,0.4860587792012057,0.5243147656940761,97.5,100.0,4252,3524,164,18,6,0,0.0042333019755409216,0.00170261066969353,0.0,0.9500000000000001,0.4,0.30000000000000004,0.7000000000000001,75.0,40.0,95.0,0.8500000000000001,0.5,0.30000000000000004,0.8,65.0,50.0,95.0,4156,4150,6,4156,0.0014436958614051972,0.31284003308858244,0.5,0.6256800661771649,910,0.21927710843373494,1.0,1
"iteration_2","SCOPE_DATA_COLLECTION",700,30,1870.0,1930.0,1,4151,2660,1129,4182,2621,1105,4143,2654,1131,9,8,7,0.002167630057803468,0.003005259203606311,0.006151142355008787,0.3123934294911068,0.7372510534741792,1.2925256879967624,0.6247868589822136,0.7372510534741792,0.8616837919978416,0.23244026068066617,0.4860587792012057,0.5243147656940761,97.5,100.0,4252,3524,164,18,6,0,0.0042333019755409216,0.00170261066969353,0.0,0.9500000000000001,0.4,0.30000000000000004,0.7000000000000001,75.0,40.0,95.0,0.8500000000000001,0.5,0.30000000000000004,0.8,65.0,50.0,95.0,2608,2601,7,2608,0.0026840490797546013,0.7075247525179611,1.0,0.7075247525179611,1222,0.46981930026912727,1.0,1
"iteration_2","SCOPE_DATA_COLLECTION",700,30,1870.0,1930.0,2,4151,2660,1129,4182,2621,1105,4143,2654,1131,9,8,7,0.002167630057803468,0.003005259203606311,0.006151142355008787,0.3123934294911068,0.7372510534741792,1.2925256879967624,0.6247868589822136,0.7372510534741792,0.8616837919978416,0.23244026068066617,0.4860587792012057,0.5243147656940761,97.5,100.0,4252,3524,164,18,6,0,0.0042333019755409216,0.00170261066969353,0.0,0.9500000000000001,0.4,0.30000000000000004,0.7000000000000001,75.0,40.0,95.0,0.8500000000000001,0.5,0.30000000000000004,0.8,65.0,50.0,95.0,1135,1123,12,1135,0.010572687224669603,1.2915698365525525,1.5,0.8610465577017017,589,0.5244879786286732,1.0,1
"iteration_2","SCOPE_DATA_COLLECTION",700,31,1930.0,1990.0,0,4156,2608,1135,4151,2660,1129,4143,2611,1122,6,7,12,0.0014461315979754157,0.00267379679144385,0.010582010582010581,0.3125137941450318,0.7102573055847359,1.2841376857693543,0.6250275882900636,0.7102573055847359,0.8560917905129029,0.2184407434226406,0.47376484105706623,0.5213903743315508,92.5,100.0,4243,3114,542,25,0,0,0.005892057506481263,0.0,0.0,0.8500000000000001,0.5,0.30000000000000004,0.8,65.0,50.0,95.0,0.9500000000000001,0.8,0.5,0.8,75.0,20.0,60.0,4175,4169,6,4175,0.001437125748502994,0.32611946930416785,0.5,0.6522389386083357,1050,0.25185895898296956,1.0,1
"iteration_2","SCOPE_DATA_COLLECTION",700,31,1930.0,1990.0,1,4156,2608,1135,4151,2660,1129,4143,2611,1122,6,7,12,0.0014461315979754157,0.00267379679144385,0.010582010582010581,0.3125137941450318,0.7102573055847359,1.2841376857693543,0.6250275882900636,0.7102573055847359,0.8560917905129029,0.2184407434226406,0.47376484105706623,0.5213903743315508,92.5,100.0,4243,3114,542,25,0,0,0.005892057506481263,0.0,0.0,0.8500000000000001,0.5,0.30000000000000004,0.8,65.0,50.0,95.0,0.9500000000000001,0.8,0.5,0.8,75.0,20.0,60.0,2666,2658,8,2666,0.003000750187546887,0.72525224718706,1.0,0.72525224718706,1256,0.472535741158766,1.0,1
"iteration_2","SCOPE_DATA_COLLECTION",700,31,1930.0,1990.0,2,4156,2608,1135,4151,2660,1129,4143,2611,1122,6,7,12,0.0014461315979754157,0.00267379679144385,0.010582010582010581,0.3125137941450318,0.7102573055847359,1.2841376857693543,0.6250275882900636,0.7102573055847359,0.8560917905129029,0.2184407434226406,0.47376484105706623,0.5213903743315508,92.5,100.0,4243,3114,542,25,0,0,0.005892057506481263,0.0,0.0,0.8500000000000001,0.5,0.30000000000000004,0.8,65.0,50.0,95.0,0.9500000000000001,0.8,0.5,0.8,75.0,20.0,60.0,1066,1051,15,1066,0.014071294559099437,1.315970007389411,1.5,0.8773133382596073,563,0.5356803044719315,1.0,1
"iteration_2","SCOPE_DATA_COLLECTION",700,32,1990.0,2050.0,0,4175,2666,1066,4156,2608,1135,4182,2651,1056,6,8,15,0.0014326647564469914,0.003008649868371568,0.014005602240896359,0.32697111387357936,0.7244935373963256,1.3218426269733727,0.6539422277471587,0.7244935373963256,0.8812284179822485,0.2539454806312769,0.4711429649188985,0.5378787878787878,95.0,100.0,4289,3425,193,24,5,0,0.00559570995570063,0.00145985401459854,0.0,0.9500000000000001,0.8,0.5,0.8,75.0,20.0,60.0,0.9500000000000001,0.7000000000000001,0.6000000000000001,0.9,85.0,20.0,60.0,4052,4044,8,4052,0.0019743336623889436,0.3187671933570185,0.5,0.637534386714037,937,0.23170128585558852,1.0,1
"iteration_2","SCOPE_DATA_COLLECTION",700,32,1990.0,2050.0,1,4175,2666,1066,4156,2608,1135,4182,2651,1056,6,8,15,0.0014326647564469914,0.003008649868371568,0.014005602240896359,0.32697111387357936,0.7244935373963256,1.3218426269733727,0.6539422277471587,0.7244935373963256,0.8812284179822485,0.2539454806312769,0.4711429649188985,0.5378787878787878,95.0,100.0,4289,3425,193,24,5,0,0.00559570995570063,0.00145985401459854,0.0,0.9500000000000001,0.8,0.5,0.8,75.0,20.0,60.0,0.9500000000000001,0.7000000000000001,0.6000000000000001,0.9,85.0,20.0,60.0,2586,2578,8,2586,0.0030935808197989174,0.7478480474842664,1.0,0.7478480474842664,1279,0.4961210240496509,1.0,1
"iteration_2","SCOPE_DATA_COLLECTION",700,32,1990.0,2050.0,2,4175,2666,1066,4156,2608,1135,4182,2651,1056,6,8,15,0.0014326647564469914,0.003008649868371568,0.014005602240896359,0.32697111387357936,0.7244935373963256,1.3218426269733727,0.6539422277471587,0.7244935373963256,0.8812284179822485,0.2539454806312769,0.4711429649188985,0.5378787878787878,95.0,100.0,4289,3425,193,24,5,0,0.00559570995570063,0.00145985401459854,0.0,0.9500000000000001,0.8,0.5,0.8,75.0,20.0,60.0,0.9500000000000001,0.7000000000000001,0.6000000000000001,0.9,85.0,20.0,60.0,1095,1080,15,1095,0.0136986301369863,1.3136581558730744,1.5,0.875772103915383,575,0.5324074074074074,1.0,1
"iteration_2","SCOPE_DATA_COLLECTION",700,33,2050.0,2110.0,0,4052,2586,1095,4175,2666,1066,4032,2570,1081,8,8,15,0.0019801980198019802,0.0031031807602792862,0.013686131386861315,0.31809464206534566,0.7456468950956529,1.3145850374690058,0.6361892841306913,0.7456468950956529,0.8763900249793372,0.23065476190476192,0.4953307392996109,0.5337650323774283,95.0,100.0,4241,3317,175,28,3,0,0.006602216458382457,9.044317154054868E-4,0.0,0.9500000000000001,0.7000000000000001,0.6000000000000001,0.9,85.0,20.0,60.0,0.6000000000000001,0.30000000000000004,0.7000000000000001,0.7000000000000001,85.0,70.0,70.0,4081,4080,1,4081,2.450379808870375E-4,0.3100129826457379,0.5,0.6200259652914758,889,0.2178921568627451,1.0,1
"iteration_2","SCOPE_DATA_COLLECTION",700,33,2050.0,2110.0,1,4052,2586,1095,4175,2666,1066,4032,2570,1081,8,8,15,0.0019801980198019802,0.0031031807602792862,0.013686131386861315,0.31809464206534566,0.7456468950956529,1.3145850374690058,0.6361892841306913,0.7456468950956529,0.8763900249793372,0.23065476190476192,0.4953307392996109,0.5337650323774283,95.0,100.0,4241,3317,175,28,3,0,0.006602216458382457,9.044317154054868E-4,0.0,0.9500000000000001,0.7000000000000001,0.6000000000000001,0.9,85.0,20.0,60.0,0.6000000000000001,0.30000000000000004,0.7000000000000001,0.7000000000000001,85.0,70.0,70.0,2738,2719,19,2738,0.006939371804236669,0.7356515820839921,1.0,0.7356515820839921,1297,0.4770136079440971,1.0,1
"iteration_2","SCOPE_DATA_COLLECTION",700,33,2050.0,2110.0,2,4052,2586,1095,4175,2666,1066,4032,2570,1081,8,8,15,0.0019801980198019802,0.0031031807602792862,0.013686131386861315,0.31809464206534566,0.7456468950956529,1.3145850374690058,0.6361892841306913,0.7456468950956529,0.8763900249793372,0.23065476190476192,0.4953307392996109,0.5337650323774283,95.0,100.0,4241,3317,175,28,3,0,0.006602216458382457,9.044317154054868E-4,0.0,0.9500000000000001,0.7000000000000001,0.6000000000000001,0.9,85.0,20.0,60.0,0.6000000000000001,0.30000000000000004,0.7000000000000001,0.7000000000000001,85.0,70.0,70.0,1098,1081,17,1098,0.015482695810564663,1.3245667376017802,1.5,0.8830444917345202,588,0.543940795559667,1.0,1
"iteration_2","SCOPE_DATA_COLLECTION",700,34,2110.0,2170.0,0,4081,2738,1098,4052,2586,1095,4086,2724,1079,1,19,17,2.4467824810374357E-4,0.006926722566532993,0.01551094890510949,0.3101601584357318,0.7352863806188492,1.3200903026321755,0.6203203168714636,0.7352863806188492,0.8800602017547837,0.21830641213901125,0.4765051395007342,0.541241890639481,92.5,100.0,4363,2067,1487,35,2,0,0.008022003208801283,9.675858732462506E-4,0.0,0.6000000000000001,0.30000000000000004,0.7000000000000001,0.7000000000000001,85.0,70.0,70.0,0.5,0.30000000000000004,0.7000000000000001,0.7000000000000001,95.0,80.0,80.0,4033,4026,7,4033,0.0017356806347632037,0.310165223902145,0.5,0.62033044780429,909,0.22578241430700446,1.0,1
"iteration_2","SCOPE_DATA_COLLECTION",700,34,2110.0,2170.0,1,4081,2738,1098,4052,2586,1095,4086,2724,1079,1,19,17,2.4467824810374357E-4,0.006926722566532993,0.01551094890510949,0.3101601584357318,0.7352863806188492,1.3200903026321755,0.6203203168714636,0.7352863806188492,0.8800602017547837,0.21830641213901125,0.4765051395007342,0.541241890639481,92.5,100.0,4363,2067,1487,35,2,0,0.008022003208801283,9.675858732462506E-4,0.0,0.6000000000000001,0.30000000000000004,0.7000000000000001,0.7000000000000001,85.0,70.0,70.0,0.5,0.30000000000000004,0.7000000000000001,0.7000000000000001,95.0,80.0,80.0,2642,2636,6,2642,0.002271006813020439,0.759226133095683,1.0,0.759226133095683,1327,0.5034142640364189,1.0,1
"iteration_2","SCOPE_DATA_COLLECTION",700,34,2110.0,2170.0,2,4081,2738,1098,4052,2586,1095,4086,2724,1079,1,19,17,2.4467824810374357E-4,0.006926722566532993,0.01551094890510949,0.3101601584357318,0.7352863806188492,1.3200903026321755,0.6203203168714636,0.7352863806188492,0.8800602017547837,0.21830641213901125,0.4765051395007342,0.541241890639481,92.5,100.0,4363,2067,1487,35,2,0,0.008022003208801283,9.675858732462506E-4,0.0,0.6000000000000001,0.30000000000000004,0.7000000000000001,0.7000000000000001,85.0,70.0,70.0,0.5,0.30000000000000004,0.7000000000000001,0.7000000000000001,95.0,80.0,80.0,1107,1094,13,1107,0.011743450767841012,1.2978702712816725,1.5,0.865246847521115,577,0.5274223034734917,1.0,1
"iteration_2","SCOPE_DATA_COLLECTION",700,35,2170.0,2230.0,0,4033,2642,1107,4081,2738,1098,4011,2627,1096,7,6,13,0.0017421602787456446,0.002278769464489176,0.011722272317403066,0.3093521497067661,0.7541032108532666,1.301891582162867,0.6187042994135322,0.7541032108532666,0.8679277214419113,0.2236350037397158,0.50057099352874,0.5301094890510949,100.0,100.0,4315,1690,1777,25,1,0,0.005793742757821553,5.91715976331361E-4,0.0,0.5,0.30000000000000004,0.7000000000000001,0.7000000000000001,95.0,80.0,80.0,0.6000000000000001,0.4,0.7000000000000001,0.6000000000000001,95.0,80.0,90.0,4178,4176,2,4178,4.786979415988511E-4,0.310783616002508,0.5,0.621567232005016,950,0.2274904214559387,1.0,1
"iteration_2","SCOPE_DATA_COLLECTION",700,35,2170.0,2230.0,1,4033,2642,1107,4081,2738,1098,4011,2627,1096,7,6,13,0.0017421602787456446,0.002278769464489176,0.011722272317403066,0.3093521497067661,0.7541032108532666,1.301891582162867,0.6187042994135322,0.7541032108532666,0.8679277214419113,0.2236350037397158,0.50057099352874,0.5301094890510949,100.0,100.0,4315,1690,1777,25,1,0,0.005793742757821553,5.91715976331361E-4,0.0,0.5,0.30000000000000004,0.7000000000000001,0.7000000000000001,95.0,80.0,80.0,0.6000000000000001,0.4,0.7000000000000001,0.6000000000000001,95.0,80.0,90.0,2549,2540,9,2549,0.003530796390741467,0.7625416573313399,1.0,0.7625416573313399,1290,0.5078740157480315,1.0,1
"iteration_2","SCOPE_DATA_COLLECTION",700,35,2170.0,2230.0,2,4033,2642,1107,4081,2738,1098,4011,2627,1096,7,6,13,0.0017421602787456446,0.002278769464489176,0.011722272317403066,0.3093521497067661,0.7541032108532666,1.301891582162867,0.6187042994135322,0.7541032108532666,0.8679277214419113,0.2236350037397158,0.50057099352874,0.5301094890510949,100.0,100.0,4315,1690,1777,25,1,0,0.005793742757821553,5.91715976331361E-4,0.0,0.5,0.30000000000000004,0.7000000000000001,0.7000000000000001,95.0,80.0,80.0,0.6000000000000001,0.4,0.7000000000000001,0.6000000000000001,95.0,80.0,90.0,1095,1084,11,1095,0.01004566210045662,1.3254491232848515,1.5,0.8836327488565677,589,0.5433579335793358,1.0,1
"iteration_2","SCOPE_DATA_COLLECTION",700,36,2230.0,2290.0,0,4178,2549,1095,4033,2642,1107,4185,2552,1075,2,9,11,4.776689754000478E-4,0.003514252245216712,0.010128913443830571,0.31128060306485567,0.7677937811478033,1.3144360737909715,0.6225612061297113,0.7677937811478033,0.8762907158606477,0.22771804062126644,0.5105799373040752,0.5367441860465116,97.5,100.0,4296,2125,1401,22,0,0,0.005121042830540037,0.0,0.0,0.6000000000000001,0.4,0.7000000000000001,0.6000000000000001,95.0,80.0,90.0,0.6000000000000001,0.5,0.6000000000000001,0.7000000000000001,85.0,80.0,95.0,4145,4141,4,4145,9.650180940892642E-4,0.3194080685768645,0.5,0.638816137153729,1056,0.2550108669403526,1.0,1
"iteration_2","SCOPE_DATA_COLLECTION",700,36,2230.0,2290.0,1,4178,2549,1095,4033,2642,1107,4185,2552,1075,2,9,11,4.776689754000478E-4,0.003514252245216712,0.010128913443830571,0.31128060306485567,0.7677937811478033,1.3144360737909715,0.6225612061297113,0.7677937811478033,0.8762907158606477,0.22771804062126644,0.5105799373040752,0.5367441860465116,97.5,100.0,4296,2125,1401,22,0,0,0.005121042830540037,0.0,0.0,0.6000000000000001,0.4,0.7000000000000001,0.6000000000000001,95.0,80.0,90.0,0.6000000000000001,0.5,0.6000000000000001,0.7000000000000001,85.0,80.0,95.0,2656,2651,5,2656,0.0018825301204819277,0.7416639175433122,1.0,0.7416639175433122,1304,0.4918898528857035,1.0,1
"iteration_2","SCOPE_DATA_COLLECTION",700,36,2230.0,2290.0,2,4178,2549,1095,4033,2642,1107,4185,2552,1075,2,9,11,4.776689754000478E-4,0.003514252245216712,0.010128913443830571,0.31128060306485567,0.7677937811478033,1.3144360737909715,0.6225612061297113,0.7677937811478033,0.8762907158606477,0.22771804062126644,0.5105799373040752,0.5367441860465116,97.5,100.0,4296,2125,1401,22,0,0,0.005121042830540037,0.0,0.0,0.6000000000000001,0.4,0.7000000000000001,0.6000000000000001,95.0,80.0,90.0,0.6000000000000001,0.5,0.6000000000000001,0.7000000000000001,85.0,80.0,95.0,1116,1104,12,1116,0.010752688172043012,1.2904536311144084,1.5,0.860302420742939,578,0.5235507246376812,1.0,1
"iteration_2","SCOPE_DATA_COLLECTION",700,37,2290.0,2350.0,0,4145,2656,1116,4178,2549,1095,4142,2651,1117,4,5,12,9.64785335262904E-4,0.0018825301204819277,0.010628875110717449,0.3198608118659095,0.7431275538607816,1.3001491043565296,0.639721623731819,0.7431275538607816,0.8667660695710198,0.25760502172863353,0.4933987174651075,0.5290957923008057,95.0,100.0,4300,2170,1447,21,0,0,0.004883720930232558,0.0,0.0,0.6000000000000001,0.5,0.6000000000000001,0.7000000000000001,85.0,80.0,95.0,0.6000000000000001,0.5,0.6000000000000001,0.7000000000000001,85.0,80.0,95.0,4150,4144,6,4150,0.0014457831325301205,0.3263998003300025,0.5,0.652799600660005,1073,0.25892857142857145,1.0,1
"iteration_2","SCOPE_DATA_COLLECTION",700,37,2290.0,2350.0,1,4145,2656,1116,4178,2549,1095,4142,2651,1117,4,5,12,9.64785335262904E-4,0.0018825301204819277,0.010628875110717449,0.3198608118659095,0.7431275538607816,1.3001491043565296,0.639721623731819,0.7431275538607816,0.8667660695710198,0.25760502172863353,0.4933987174651075,0.5290957923008057,95.0,100.0,4300,2170,1447,21,0,0,0.004883720930232558,0.0,0.0,0.6000000000000001,0.5,0.6000000000000001,0.7000000000000001,85.0,80.0,95.0,0.6000000000000001,0.5,0.6000000000000001,0.7000000000000001,85.0,80.0,95.0,2729,2717,12,2729,0.004397215097105167,0.7469091672299075,1.0,0.7469091672299075,1357,0.4994479205005521,1.0,1
"iteration_2","SCOPE_DATA_COLLECTION",700,37,2290.0,2350.0,2,4145,2656,1116,4178,2549,1095,4142,2651,1117,4,5,12,9.64785335262904E-4,0.0018825301204819277,0.010628875110717449,0.3198608118659095,0.7431275538607816,1.3001491043565296,0.639721623731819,0.7431275538607816,0.8667660695710198,0.25760502172863353,0.4933987174651075,0.5290957923008057,95.0,100.0,4300,2170,1447,21,0,0,0.004883720930232558,0.0,0.0,0.6000000000000001,0.5,0.6000000000000001,0.7000000000000001,85.0,80.0,95.0,0.6000000000000001,0.5,0.6000000000000001,0.7000000000000001,85.0,80.0,95.0,1102,1088,14,1102,0.012704174228675136,1.332535137542539,1.5,0.8883567583616926,585,0.5376838235294118,1.0,1
"iteration_2","SCOPE_DATA_COLLECTION",700,38,2350.0,2410.0,0,4150,2729,1102,4145,2656,1116,4136,2712,1075,6,12,14,0.0014485755673587638,0.004405286343612335,0.012855831037649219,0.32518948205617265,0.7464325518444185,1.328165453037704,0.6503789641123453,0.7464325518444185,0.8854436353584694,0.2562862669245648,0.49889380530973454,0.5358139534883721,95.0,100.0,4400,2133,1448,31,1,0,0.007045454545454546,4.6882325363338024E-4,0.0,0.6000000000000001,0.5,0.6000000000000001,0.7000000000000001,85.0,80.0,95.0,0.05,0.7000000000000001,0.5,0.30000000000000004,45.0,50.0,70.0,4075,3900,175,4075,0.04294478527607362,0.3787719014873852,0.5,0.7575438029747704,1159,0.29717948717948717,1.0,1
"iteration_2","SCOPE_DATA_COLLECTION",700,38,2350.0,2410.0,1,4150,2729,1102,4145,2656,1116,4136,2712,1075,6,12,14,0.0014485755673587638,0.004405286343612335,0.012855831037649219,0.32518948205617265,0.7464325518444185,1.328165453037704,0.6503789641123453,0.7464325518444185,0.8854436353584694,0.2562862669245648,0.49889380530973454,0.5358139534883721,95.0,100.0,4400,2133,1448,31,1,0,0.007045454545454546,4.6882325363338024E-4,0.0,0.6000000000000001,0.5,0.6000000000000001,0.7000000000000001,85.0,80.0,95.0,0.05,0.7000000000000001,0.5,0.30000000000000004,45.0,50.0,70.0,2703,2573,130,2703,0.048094709581945984,0.8159825507469279,1.0,0.8159825507469279,1349,0.5242907112320249,1.0,1
"iteration_2","SCOPE_DATA_COLLECTION",700,38,2350.0,2410.0,2,4150,2729,1102,4145,2656,1116,4136,2712,1075,6,12,14,0.0014485755673587638,0.004405286343612335,0.012855831037649219,0.32518948205617265,0.7464325518444185,1.328165453037704,0.6503789641123453,0.7464325518444185,0.8854436353584694,0.2562862669245648,0.49889380530973454,0.5358139534883721,95.0,100.0,4400,2133,1448,31,1,0,0.007045454545454546,4.6882325363338024E-4,0.0,0.6000000000000001,0.5,0.6000000000000001,0.7000000000000001,85.0,80.0,95.0,0.05,0.7000000000000001,0.5,0.30000000000000004,45.0,50.0,70.0,1071,1028,43,1071,0.040149393090569564,1.3611743171463095,1.5,0.9074495447642064,563,0.5476653696498055,1.0,1
"iteration_2","SCOPE_DATA_COLLECTION",700,39,2410.0,2470.0,0,4075,2703,1071,4150,2729,1102,3909,2561,1032,175,130,43,0.04285014691478942,0.04830917874396135,0.04,0.3795795524001193,0.8145179774605247,1.3636178097230138,0.7591591048002386,0.8145179774605247,0.9090785398153426,0.29803018674852905,0.5244045294806716,0.5484496124031008,97.5,100.0,4182,161,3506,14,0,334,0.003347680535628886,0.0,0.09526525955504848,0.05,0.7000000000000001,0.5,0.30000000000000004,45.0,50.0,70.0,0.05,0.8,0.4,0.2,45.0,50.0,80.0,4047,3803,244,4047,0.060291574005436124,0.3660796709040011,0.5,0.7321593418080022,1116,0.2934525374704181,1.0,1
"iteration_2","SCOPE_DATA_COLLECTION",700,39,2410.0,2470.0,1,4075,2703,1071,4150,2729,1102,3909,2561,1032,175,130,43,0.04285014691478942,0.04830917874396135,0.04,0.3795795524001193,0.8145179774605247,1.3636178097230138,0.7591591048002386,0.8145179774605247,0.9090785398153426,0.29803018674852905,0.5244045294806716,0.5484496124031008,97.5,100.0,4182,161,3506,14,0,334,0.003347680535628886,0.0,0.09526525955504848,0.05,0.7000000000000001,0.5,0.30000000000000004,45.0,50.0,70.0,0.05,0.8,0.4,0.2,45.0,50.0,80.0,2672,2519,153,2672,0.05726047904191617,0.7738548238348375,1.0,0.7738548238348375,1226,0.48670107185391026,1.0,1
"iteration_2","SCOPE_DATA_COLLECTION",700,39,2410.0,2470.0,2,4075,2703,1071,4150,2729,1102,3909,2561,1032,175,130,43,0.04285014691478942,0.04830917874396135,0.04,0.3795795524001193,0.8145179774605247,1.3636178097230138,0.7591591048002386,0.8145179774605247,0.9090785398153426,0.29803018674852905,0.5244045294806716,0.5484496124031008,97.5,100.0,4182,161,3506,14,0,334,0.003347680535628886,0.0,0.09526525955504848,0.05,0.7000000000000001,0.5,0.30000000000000004,45.0,50.0,70.0,0.05,0.8,0.4,0.2,45.0,50.0,80.0,1102,1044,58,1102,0.05263157894736842,1.3836629887398042,1.5,0.9224419924932028,594,0.5689655172413793,1.0,1
"iteration_2","SCOPE_DATA_COLLECTION",700,40,2470.0,2530.0,0,4047,2672,1102,4075,2703,1071,3808,2535,1042,244,153,58,0.060217176702862786,0.056919642857142856,0.05272727272727273,0.36598818542808026,0.7759253073290127,1.3855407807012523,0.7319763708561605,0.7759253073290127,0.9236938538008349,0.2930672268907563,0.4863905325443787,0.5690978886756238,100.0,100.0,4154,196,3471,14,0,441,0.003370245546461242,0.0,0.12705272255834055,0.05,0.8,0.4,0.2,45.0,50.0,80.0,0.05,0.7000000000000001,0.4,0.30000000000000004,45.0,50.0,90.0,4070,3946,124,4070,0.030466830466830467,0.36864546041534296,0.5,0.7372909208306859,964,0.24429802331474912,1.0,1
"iteration_2","SCOPE_DATA_COLLECTION",700,40,2470.0,2530.0,1,4047,2672,1102,4075,2703,1071,3808,2535,1042,244,153,58,0.060217176702862786,0.056919642857142856,0.05272727272727273,0.36598818542808026,0.7759253073290127,1.3855407807012523,0.7319763708561605,0.7759253073290127,0.9236938538008349,0.2930672268907563,0.4863905325443787,0.5690978886756238,100.0,100.0,4154,196,3471,14,0,441,0.003370245546461242,0.0,0.12705272255834055,0.05,0.8,0.4,0.2,45.0,50.0,80.0,0.05,0.7000000000000001,0.4,0.30000000000000004,45.0,50.0,90.0,2593,2513,80,2593,0.030852294639413805,0.7753891114373562,1.0,0.7753891114373562,1249,0.4970155192996419,1.0,1
"iteration_2","SCOPE_DATA_COLLECTION",700,40,2470.0,2530.0,2,4047,2672,1102,4075,2703,1071,3808,2535,1042,244,153,58,0.060217176702862786,0.056919642857142856,0.05272727272727273,0.36598818542808026,0.7759253073290127,1.3855407807012523,0.7319763708561605,0.7759253073290127,0.9236938538008349,0.2930672268907563,0.4863905325443787,0.5690978886756238,100.0,100.0,4154,196,3471,14,0,441,0.003370245546461242,0.0,0.12705272255834055,0.05,0.8,0.4,0.2,45.0,50.0,80.0,0.05,0.7000000000000001,0.4,0.30000000000000004,45.0,50.0,90.0,1082,1044,38,1082,0.03512014787430684,1.3566330530305002,1.5,0.9044220353536668,573,0.5488505747126436,1.0,1
"iteration_2","SCOPE_DATA_COLLECTION",700,41,2530.0,2590.0,0,4070,2593,1082,4047,2672,1102,3917,2508,1056,124,80,38,0.030685473892600842,0.030911901081916538,0.03473491773308958,0.34350644881114006,0.7677491033828797,1.3532571549049965,0.6870128976222801,0.7677491033828797,0.902171436603331,0.2404901710492724,0.4956140350877193,0.5520833333333334,97.5,100.0,4187,176,3382,13,0,229,0.0031048483401003107,0.0,0.06771141336487285,0.05,0.7000000000000001,0.4,0.30000000000000004,45.0,50.0,90.0,0.1,0.30000000000000004,0.8,0.9,90.0,60.0,50.0,4126,4032,94,4126,0.022782355792535142,0.34070760924701193,0.5,0.6814152184940239,921,0.22842261904761904,1.0,1
"iteration_2","SCOPE_DATA_COLLECTION",700,41,2530.0,2590.0,1,4070,2593,1082,4047,2672,1102,3917,2508,1056,124,80,38,0.030685473892600842,0.030911901081916538,0.03473491773308958,0.34350644881114006,0.7677491033828797,1.3532571549049965,0.6870128976222801,0.7677491033828797,0.902171436603331,0.2404901710492724,0.4956140350877193,0.5520833333333334,97.5,100.0,4187,176,3382,13,0,229,0.0031048483401003107,0.0,0.06771141336487285,0.05,0.7000000000000001,0.4,0.30000000000000004,45.0,50.0,90.0,0.1,0.30000000000000004,0.8,0.9,90.0,60.0,50.0,2659,2582,77,2659,0.028958254983076345,0.7985679210589499,1.0,0.7985679210589499,1315,0.5092951200619674,1.0,1
"iteration_2","SCOPE_DATA_COLLECTION",700,41,2530.0,2590.0,2,4070,2593,1082,4047,2672,1102,3917,2508,1056,124,80,38,0.030685473892600842,0.030911901081916538,0.03473491773308958,0.34350644881114006,0.7677491033828797,1.3532571549049965,0.6870128976222801,0.7677491033828797,0.902171436603331,0.2404901710492724,0.4956140350877193,0.5520833333333334,97.5,100.0,4187,176,3382,13,0,229,0.0031048483401003107,0.0,0.06771141336487285,0.05,0.7000000000000001,0.4,0.30000000000000004,45.0,50.0,90.0,0.1,0.30000000000000004,0.8,0.9,90.0,60.0,50.0,1078,1042,36,1078,0.03339517625231911,1.4156094745705154,1.5,0.943739649713677,595,0.5710172744721689,1.0,1
"iteration_2","SCOPE_DATA_COLLECTION",700,42,2590.0,2650.0,0,4126,2659,1078,4070,2593,1082,4048,2582,1045,94,77,36,0.0226943505552873,0.028958254983076345,0.03330249768732655,0.36488550891630783,0.8047697429073244,1.424109939126679,0.7297710178326157,0.8047697429073244,0.9494066260844526,0.23295454545454544,0.5092951200619674,0.5712918660287082,97.5,100.0,4313,385,3165,21,1,185,0.0048690006955715275,0.0025974025974025974,0.05845181674565561,0.1,0.30000000000000004,0.8,0.9,90.0,60.0,50.0,0.1,0.5,0.6000000000000001,0.6000000000000001,95.0,25.0,45.0,4193,4123,70,4193,0.01669449081803005,0.33855950783964534,0.5,0.6771190156792907,1031,0.25006063545961676,1.0,1
"iteration_2","SCOPE_DATA_COLLECTION",700,42,2590.0,2650.0,1,4126,2659,1078,4070,2593,1082,4048,2582,1045,94,77,36,0.0226943505552873,0.028958254983076345,0.03330249768732655,0.36488550891630783,0.8047697429073244,1.424109939126679,0.7297710178326157,0.8047697429073244,0.9494066260844526,0.23295454545454544,0.5092951200619674,0.5712918660287082,97.5,100.0,4313,385,3165,21,1,185,0.0048690006955715275,0.0025974025974025974,0.05845181674565561,0.1,0.30000000000000004,0.8,0.9,90.0,60.0,50.0,0.1,0.5,0.6000000000000001,0.6000000000000001,95.0,25.0,45.0,2691,2638,53,2691,0.019695280564845784,0.7662542791812608,1.0,0.7662542791812608,1309,0.4962092494313874,1.0,1
"iteration_2","SCOPE_DATA_COLLECTION",700,42,2590.0,2650.0,2,4126,2659,1078,4070,2593,1082,4048,2582,1045,94,77,36,0.0226943505552873,0.028958254983076345,0.03330249768732655,0.36488550891630783,0.8047697429073244,1.424109939126679,0.7297710178326157,0.8047697429073244,0.9494066260844526,0.23295454545454544,0.5092951200619674,0.5712918660287082,97.5,100.0,4313,385,3165,21,1,185,0.0048690006955715275,0.0025974025974025974,0.05845181674565561,0.1,0.30000000000000004,0.8,0.9,90.0,60.0,50.0,0.1,0.5,0.6000000000000001,0.6000000000000001,95.0,25.0,45.0,1083,1048,35,1083,0.032317636195752536,1.3881804177802402,1.5,0.9254536118534934,585,0.558206106870229,1.0,1
"iteration_2","SCOPE_DATA_COLLECTION",700,43,2650.0,2710.0,0,4193,2691,1083,4126,2659,1078,4136,2633,1038,70,53,35,0.016642891107941038,0.019731943410275503,0.032618825722273995,0.3393369042856959,0.7654373329402473,1.383427684851314,0.6786738085713918,0.7654373329402473,0.9222851232342094,0.24975822050290136,0.49639194834789213,0.5558766859344894,95.0,100.0,4329,364,3274,22,0,136,0.005082005082005082,0.0,0.04153940134392181,0.1,0.5,0.6000000000000001,0.6000000000000001,95.0,25.0,45.0,0.1,0.4,0.6000000000000001,0.7000000000000001,95.0,25.0,45.0,4178,4061,117,4178,0.028003829583532792,0.35637601412327047,0.5,0.7127520282465409,1000,0.2462447672986949,1.0,1
"iteration_2","SCOPE_DATA_COLLECTION",700,43,2650.0,2710.0,1,4193,2691,1083,4126,2659,1078,4136,2633,1038,70,53,35,0.016642891107941038,0.019731943410275503,0.032618825722273995,0.3393369042856959,0.7654373329402473,1.383427684851314,0.6786738085713918,0.7654373329402473,0.9222851232342094,0.24975822050290136,0.49639194834789213,0.5558766859344894,95.0,100.0,4329,364,3274,22,0,136,0.005082005082005082,0.0,0.04153940134392181,0.1,0.5,0.6000000000000001,0.6000000000000001,95.0,25.0,45.0,0.1,0.4,0.6000000000000001,0.7000000000000001,95.0,25.0,45.0,2643,2567,76,2643,0.028755202421490732,0.7929169132234638,1.0,0.7929169132234638,1292,0.5033112582781457,1.0,1
"iteration_2","SCOPE_DATA_COLLECTION",700,43,2650.0,2710.0,2,4193,2691,1083,4126,2659,1078,4136,2633,1038,70,53,35,0.016642891107941038,0.019731943410275503,0.032618825722273995,0.3393369042856959,0.7654373329402473,1.383427684851314,0.6786738085713918,0.7654373329402473,0.9222851232342094,0.24975822050290136,0.49639194834789213,0.5558766859344894,95.0,100.0,4329,364,3274,22,0,136,0.005082005082005082,0.0,0.04153940134392181,0.1,0.5,0.6000000000000001,0.6000000000000001,95.0,25.0,45.0,0.1,0.4,0.6000000000000001,0.7000000000000001,95.0,25.0,45.0,1112,1074,38,1112,0.0341726618705036,1.3386447028914046,1.5,0.892429801927603,571,0.5316573556797021,1.0,1
"iteration_2","SCOPE_DATA_COLLECTION",700,44,2710.0,2770.0,0,4178,2643,1112,4193,2691,1083,4053,2574,1075,117,76,38,0.02805755395683453,0.028679245283018868,0.034141958670260555,0.35600961810827775,0.7962136714721583,1.336858241717201,0.7120192362165555,0.7962136714721583,0.8912388278114673,0.2459906242289662,0.5046620046620046,0.5302325581395348,95.0,100.0,4283,368,3282,26,0,205,0.006070511323838431,0.0,0.06246191346739793,0.1,0.4,0.6000000000000001,0.7000000000000001,95.0,25.0,45.0,0.5,0.1,0.5,0.2,50.0,35.0,55.0,4225,4223,2,4225,4.7337278106508875E-4,0.30067933959214505,0.5,0.6013586791842901,740,0.17523087852237745,1.0,1
"iteration_2","SCOPE_DATA_COLLECTION",700,44,2710.0,2770.0,1,4178,2643,1112,4193,2691,1083,4053,2574,1075,117,76,38,0.02805755395683453,0.028679245283018868,0.034141958670260555,0.35600961810827775,0.7962136714721583,1.336858241717201,0.7120192362165555,0.7962136714721583,0.8912388278114673,0.2459906242289662,0.5046620046620046,0.5302325581395348,95.0,100.0,4283,368,3282,26,0,205,0.006070511323838431,0.0,0.06246191346739793,0.1,0.4,0.6000000000000001,0.7000000000000001,95.0,25.0,45.0,0.5,0.1,0.5,0.2,50.0,35.0,55.0,2658,2655,3,2658,0.001128668171557562,0.7419749755237169,1.0,0.7419749755237169,1316,0.49566854990583803,1.0,1
"iteration_2","SCOPE_DATA_COLLECTION",700,44,2710.0,2770.0,2,4178,2643,1112,4193,2691,1083,4053,2574,1075,117,76,38,0.02805755395683453,0.028679245283018868,0.034141958670260555,0.35600961810827775,0.7962136714721583,1.336858241717201,0.7120192362165555,0.7962136714721583,0.8912388278114673,0.2459906242289662,0.5046620046620046,0.5302325581395348,95.0,100.0,4283,368,3282,26,0,205,0.006070511323838431,0.0,0.06246191346739793,0.1,0.4,0.6000000000000001,0.7000000000000001,95.0,25.0,45.0,0.5,0.1,0.5,0.2,50.0,35.0,55.0,1121,1115,6,1121,0.0053523639607493305,1.2586591797317235,1.5,0.839106119821149,582,0.5219730941704036,1.0,1
"iteration_2","SCOPE_DATA_COLLECTION",700,45,2770.0,2830.0,0,4225,2658,1121,4178,2643,1112,4223,2649,1121,2,3,6,4.7337278106508875E-4,0.0011312217194570137,0.005323868677905945,0.30032204206925484,0.7393491555768514,1.267866645349051,0.6006440841385097,0.7393491555768514,0.8452444302327007,0.17475728155339806,0.49414873537183845,0.5263157894736842,100.0,100.0,4470,1807,1727,9,2,0,0.0020134228187919465,0.0011068068622025456,0.0,0.5,0.1,0.5,0.2,50.0,35.0,55.0,0.6000000000000001,0.1,0.4,0.2,40.0,35.0,65.0,4207,4202,5,4207,0.001188495364868077,0.29868974122945025,0.5,0.5973794824589005,795,0.1891956211327939,1.0,1
"iteration_2","SCOPE_DATA_COLLECTION",700,45,2770.0,2830.0,1,4225,2658,1121,4178,2643,1112,4223,2649,1121,2,3,6,4.7337278106508875E-4,0.0011312217194570137,0.005323868677905945,0.30032204206925484,0.7393491555768514,1.267866645349051,0.6006440841385097,0.7393491555768514,0.8452444302327007,0.17475728155339806,0.49414873537183845,0.5263157894736842,100.0,100.0,4470,1807,1727,9,2,0,0.0020134228187919465,0.0011068068622025456,0.0,0.5,0.1,0.5,0.2,50.0,35.0,55.0,0.6000000000000001,0.1,0.4,0.2,40.0,35.0,65.0,2701,2696,5,2701,0.0018511662347278786,0.7259225709631972,1.0,0.7259225709631972,1300,0.4821958456973294,1.0,1
"iteration_2","SCOPE_DATA_COLLECTION",700,45,2770.0,2830.0,2,4225,2658,1121,4178,2643,1112,4223,2649,1121,2,3,6,4.7337278106508875E-4,0.0011312217194570137,0.005323868677905945,0.30032204206925484,0.7393491555768514,1.267866645349051,0.6006440841385097,0.7393491555768514,0.8452444302327007,0.17475728155339806,0.49414873537183845,0.5263157894736842,100.0,100.0,4470,1807,1727,9,2,0,0.0020134228187919465,0.0011068068622025456,0.0,0.5,0.1,0.5,0.2,50.0,35.0,55.0,0.6000000000000001,0.1,0.4,0.2,40.0,35.0,65.0,1074,1071,3,1074,0.002793296089385475,1.3203576715272571,1.5,0.880238447684838,595,0.5555555555555556,1.0,1
"iteration_2","SCOPE_DATA_COLLECTION",700,46,2830.0,2890.0,0,4207,2701,1074,4225,2658,1121,4203,2703,1058,5,5,3,0.001188212927756654,0.001846381093057607,0.002827521206409048,0.29960642951321553,0.7269729278785334,1.3103582337200925,0.5992128590264311,0.7269729278785334,0.873572155813395,0.18962645729241018,0.4827968923418424,0.5500945179584121,97.5,100.0,4353,2096,1533,9,4,0,0.002067539627842867,0.0019083969465648854,0.0,0.6000000000000001,0.1,0.4,0.2,40.0,35.0,65.0,0.65,0.9,0.1,0.7000000000000001,65.0,60.0,55.0,4124,4122,2,4124,4.8496605237633366E-4,0.31189404863031706,0.5,0.6237880972606341,881,0.21373119844735566,1.0,1
"iteration_2","SCOPE_DATA_COLLECTION",700,46,2830.0,2890.0,1,4207,2701,1074,4225,2658,1121,4203,2703,1058,5,5,3,0.001188212927756654,0.001846381093057607,0.002827521206409048,0.29960642951321553,0.7269729278785334,1.3103582337200925,0.5992128590264311,0.7269729278785334,0.873572155813395,0.18962645729241018,0.4827968923418424,0.5500945179584121,97.5,100.0,4353,2096,1533,9,4,0,0.002067539627842867,0.0019083969465648854,0.0,0.6000000000000001,0.1,0.4,0.2,40.0,35.0,65.0,0.65,0.9,0.1,0.7000000000000001,65.0,60.0,55.0,2665,2661,4,2665,0.00150093808630394,0.6810682019696617,1.0,0.6810682019696617,1214,0.4562194663660278,1.0,1
"iteration_2","SCOPE_DATA_COLLECTION",700,46,2830.0,2890.0,2,4207,2701,1074,4225,2658,1121,4203,2703,1058,5,5,3,0.001188212927756654,0.001846381093057607,0.002827521206409048,0.29960642951321553,0.7269729278785334,1.3103582337200925,0.5992128590264311,0.7269729278785334,0.873572155813395,0.18962645729241018,0.4827968923418424,0.5500945179584121,97.5,100.0,4353,2096,1533,9,4,0,0.002067539627842867,0.0019083969465648854,0.0,0.6000000000000001,0.1,0.4,0.2,40.0,35.0,65.0,0.65,0.9,0.1,0.7000000000000001,65.0,60.0,55.0,1050,1043,7,1050,0.006666666666666667,1.3249515215439398,1.5,0.8833010143626265,575,0.551294343240652,1.0,1
"iteration_2","SCOPE_DATA_COLLECTION",700,47,2890.0,2950.0,0,4124,2665,1050,4207,2701,1074,4114,2656,1054,2,4,7,4.8590864917395527E-4,0.0015037593984962407,0.006597549481621112,0.310743366433624,0.6796555112478014,1.3286470233663656,0.621486732867248,0.6796555112478014,0.8857646822442438,0.21293145357316481,0.45481927710843373,0.5540796963946869,97.5,100.0,4271,2290,1278,13,0,0,0.0030437836572231327,0.0,0.0,0.65,0.9,0.1,0.7000000000000001,65.0,60.0,55.0,0.65,0.9,0.1,0.7000000000000001,65.0,60.0,55.0,4107,4107,0,4107,0.0,0.3029490272172192,0.5,0.6058980544344384,819,0.19941563184806427,1.0,1
"iteration_2","SCOPE_DATA_COLLECTION",700,47,2890.0,2950.0,1,4124,2665,1050,4207,2701,1074,4114,2656,1054,2,4,7,4.8590864917395527E-4,0.0015037593984962407,0.006597549481621112,0.310743366433624,0.6796555112478014,1.3286470233663656,0.621486732867248,0.6796555112478014,0.8857646822442438,0.21293145357316481,0.45481927710843373,0.5540796963946869,97.5,100.0,4271,2290,1278,13,0,0,0.0030437836572231327,0.0,0.0,0.65,0.9,0.1,0.7000000000000001,65.0,60.0,55.0,0.65,0.9,0.1,0.7000000000000001,65.0,60.0,55.0,2655,2652,3,2655,0.0011299435028248588,0.6785416209845553,1.0,0.6785416209845553,1180,0.444947209653092,1.0,1
"iteration_2","SCOPE_DATA_COLLECTION",700,47,2890.0,2950.0,2,4124,2665,1050,4207,2701,1074,4114,2656,1054,2,4,7,4.8590864917395527E-4,0.0015037593984962407,0.006597549481621112,0.310743366433624,0.6796555112478014,1.3286470233663656,0.621486732867248,0.6796555112478014,0.8857646822442438,0.21293145357316481,0.45481927710843373,0.5540796963946869,97.5,100.0,4271,2290,1278,13,0,0,0.0030437836572231327,0.0,0.0,0.65,0.9,0.1,0.7000000000000001,65.0,60.0,55.0,0.65,0.9,0.1,0.7000000000000001,65.0,60.0,55.0,1093,1083,10,1093,0.009149130832570906,1.3083562523939223,1.5,0.8722375015959482,588,0.5429362880886427,1.0,1
"iteration_2","SCOPE_DATA_COLLECTION",700,48,2950.0,3010.0,0,4107,2655,1093,4124,2665,1050,4120,2655,1082,0,3,10,0.0,0.001128668171557562,0.009157509157509158,0.30389784321758123,0.6799735382953062,1.3073371235747493,0.6077956864351625,0.6799735382953062,0.8715580823831662,0.2016990291262136,0.4455743879472693,0.5425138632162662,92.5,100.0,4196,2369,1290,12,1,0,0.002859866539561487,4.2211903756859433E-4,0.0,0.65,0.9,0.1,0.7000000000000001,65.0,60.0,55.0,0.65,0.9,0.1,0.7000000000000001,65.0,60.0,55.0,4134,4129,5,4134,0.0012094823415578133,0.32040558791062046,0.5,0.6408111758212409,1022,0.2475175587309276,1.0,1
"iteration_2","SCOPE_DATA_COLLECTION",700,48,2950.0,3010.0,1,4107,2655,1093,4124,2665,1050,4120,2655,1082,0,3,10,0.0,0.001128668171557562,0.009157509157509158,0.30389784321758123,0.6799735382953062,1.3073371235747493,0.6077956864351625,0.6799735382953062,0.8715580823831662,0.2016990291262136,0.4455743879472693,0.5425138632162662,92.5,100.0,4196,2369,1290,12,1,0,0.002859866539561487,4.2211903756859433E-4,0.0,0.65,0.9,0.1,0.7000000000000001,65.0,60.0,55.0,0.65,0.9,0.1,0.7000000000000001,65.0,60.0,55.0,2600,2594,6,2600,0.002307692307692308,0.7165727114483096,1.0,0.7165727114483096,1269,0.4892058596761758,1.0,1
"iteration_2","SCOPE_DATA_COLLECTION",700,48,2950.0,3010.0,2,4107,2655,1093,4124,2665,1050,4120,2655,1082,0,3,10,0.0,0.001128668171557562,0.009157509157509158,0.30389784321758123,0.6799735382953062,1.3073371235747493,0.6077956864351625,0.6799735382953062,0.8715580823831662,0.2016990291262136,0.4455743879472693,0.5425138632162662,92.5,100.0,4196,2369,1290,12,1,0,0.002859866539561487,4.2211903756859433E-4,0.0,0.65,0.9,0.1,0.7000000000000001,65.0,60.0,55.0,0.65,0.9,0.1,0.7000000000000001,65.0,60.0,55.0,1071,1065,6,1071,0.0056022408963585435,1.3088126705220844,1.5,0.8725417803480563,571,0.536150234741784,1.0,1
"iteration_2","SCOPE_DATA_COLLECTION",700,49,3010.0,3070.0,0,4134,2600,1071,4107,2655,1093,4127,2590,1058,5,6,6,0.0012100677637947724,0.0023112480739599386,0.005639097744360902,0.32049994033927853,0.7172832861146918,1.309722768715677,0.6409998806785571,0.7172832861146918,0.873148512477118,0.24618366852435183,0.49034749034749037,0.5368620037807184,100.0,100.0,4345,2265,1195,15,2,0,0.0034522439585730723,8.830022075055188E-4,0.0,0.65,0.9,0.1,0.7000000000000001,65.0,60.0,55.0,0.65,0.9,0.1,0.7000000000000001,65.0,60.0,55.0,4153,4145,8,4153,0.001926318324103058,0.31969598069338295,0.5,0.6393919613867659,1036,0.24993968636911942,1.0,1
"iteration_2","SCOPE_DATA_COLLECTION",700,49,3010.0,3070.0,1,4134,2600,1071,4107,2655,1093,4127,2590,1058,5,6,6,0.0012100677637947724,0.0023112480739599386,0.005639097744360902,0.32049994033927853,0.7172832861146918,1.309722768715677,0.6409998806785571,0.7172832861146918,0.873148512477118,0.24618366852435183,0.49034749034749037,0.5368620037807184,100.0,100.0,4345,2265,1195,15,2,0,0.0034522439585730723,8.830022075055188E-4,0.0,0.65,0.9,0.1,0.7000000000000001,65.0,60.0,55.0,0.65,0.9,0.1,0.7000000000000001,65.0,60.0,55.0,2688,2686,2,2688,7.44047619047619E-4,0.6989089216794818,1.0,0.6989089216794818,1251,0.4657483246463142,1.0,1
"iteration_2","SCOPE_DATA_COLLECTION",700,49,3010.0,3070.0,2,4134,2600,1071,4107,2655,1093,4127,2590,1058,5,6,6,0.0012100677637947724,0.0023112480739599386,0.005639097744360902,0.32049994033927853,0.7172832861146918,1.309722768715677,0.6409998806785571,0.7172832861146918,0.873148512477118,0.24618366852435183,0.49034749034749037,0.5368620037807184,100.0,100.0,4345,2265,1195,15,2,0,0.0034522439585730723,8.830022075055188E-4,0.0,0.65,0.9,0.1,0.7000000000000001,65.0,60.0,55.0,0.65,0.9,0.1,0.7000000000000001,65.0,60.0,55.0,1118,1108,10,1118,0.008944543828264758,1.3183483762750696,1.5,0.8788989175167131,599,0.5406137184115524,1.0,1
"iteration_2","SCOPE_DATA_COLLECTION",700,50,3070.0,3130.0,0,4153,2688,1118,4134,2600,1071,4133,2688,1113,8,2,10,0.001931900507123883,7.434944237918215E-4,0.008904719501335707,0.3184195171664089,0.6988625918426019,1.3143589746075808,0.6368390343328179,0.6988625918426019,0.8762393164050538,0.24872973626905395,0.46651785714285715,0.5381850853548967,97.5,100.0,4238,2430,1291,19,1,0,0.004483246814535158,4.1152263374485596E-4,0.0,0.65,0.9,0.1,0.7000000000000001,65.0,60.0,55.0,0.75,0.9,0.1,0.6000000000000001,65.0,50.0,65.0,4065,4059,6,4065,0.0014760147601476014,0.306827883503385,0.5,0.61365576700677,851,0.20965755112096576,1.0,1
"iteration_2","SCOPE_DATA_COLLECTION",700,50,3070.0,3130.0,1,4153,2688,1118,4134,2600,1071,4133,2688,1113,8,2,10,0.001931900507123883,7.434944237918215E-4,0.008904719501335707,0.3184195171664089,0.6988625918426019,1.3143589746075808,0.6368390343328179,0.6988625918426019,0.8762393164050538,0.24872973626905395,0.46651785714285715,0.5381850853548967,97.5,100.0,4238,2430,1291,19,1,0,0.004483246814535158,4.1152263374485596E-4,0.0,0.65,0.9,0.1,0.7000000000000001,65.0,60.0,55.0,0.75,0.9,0.1,0.6000000000000001,65.0,50.0,65.0,2574,2570,4,2574,0.001554001554001554,0.7196492031067905,1.0,0.7196492031067905,1262,0.4910505836575875,1.0,1
"iteration_2","SCOPE_DATA_COLLECTION",700,50,3070.0,3130.0,2,4153,2688,1118,4134,2600,1071,4133,2688,1113,8,2,10,0.001931900507123883,7.434944237918215E-4,0.008904719501335707,0.3184195171664089,0.6988625918426019,1.3143589746075808,0.6368390343328179,0.6988625918426019,0.8762393164050538,0.24872973626905395,0.46651785714285715,0.5381850853548967,97.5,100.0,4238,2430,1291,19,1,0,0.004483246814535158,4.1152263374485596E-4,0.0,0.65,0.9,0.1,0.7000000000000001,65.0,60.0,55.0,0.75,0.9,0.1,0.6000000000000001,65.0,50.0,65.0,1097,1094,3,1097,0.0027347310847766638,1.275625635258333,1.5,0.850417090172222,571,0.5219378427787934,1.0,1
"iteration_2","SCOPE_DATA_COLLECTION",700,51,3130.0,3190.0,0,4065,2574,1097,4153,2688,1118,4078,2567,1092,6,4,3,0.0014691478942213516,0.0015558148580318942,0.0027397260273972603,0.3077759191699611,0.7181331938211691,1.2781149515406494,0.6155518383399222,0.7181331938211691,0.8520766343604329,0.2116233447768514,0.4892871055707051,0.5228937728937729,100.0,100.0,4197,2619,920,10,3,0,0.002382654276864427,0.001145475372279496,0.0,0.75,0.9,0.1,0.6000000000000001,65.0,50.0,65.0,0.9500000000000001,0.4,0.4,0.5,20.0,30.0,80.0,4121,4119,2,4121,4.85319097306479E-4,0.33058406871624274,0.5,0.6611681374324855,1033,0.25078902646273366,1.0,1
"iteration_2","SCOPE_DATA_COLLECTION",700,51,3130.0,3190.0,1,4065,2574,1097,4153,2688,1118,4078,2567,1092,6,4,3,0.0014691478942213516,0.0015558148580318942,0.0027397260273972603,0.3077759191699611,0.7181331938211691,1.2781149515406494,0.6155518383399222,0.7181331938211691,0.8520766343604329,0.2116233447768514,0.4892871055707051,0.5228937728937729,100.0,100.0,4197,2619,920,10,3,0,0.002382654276864427,0.001145475372279496,0.0,0.75,0.9,0.1,0.6000000000000001,65.0,50.0,65.0,0.9500000000000001,0.4,0.4,0.5,20.0,30.0,80.0,2640,2633,7,2640,0.0026515151515151517,0.7539530971924086,1.0,0.7539530971924086,1297,0.4925939992404102,1.0,1
"iteration_2","SCOPE_DATA_COLLECTION",700,51,3130.0,3190.0,2,4065,2574,1097,4153,2688,1118,4078,2567,1092,6,4,3,0.0014691478942213516,0.0015558148580318942,0.0027397260273972603,0.3077759191699611,0.7181331938211691,1.2781149515406494,0.6155518383399222,0.7181331938211691,0.8520766343604329,0.2116233447768514,0.4892871055707051,0.5228937728937729,100.0,100.0,4197,2619,920,10,3,0,0.002382654276864427,0.001145475372279496,0.0,0.75,0.9,0.1,0.6000000000000001,65.0,50.0,65.0,0.9500000000000001,0.4,0.4,0.5,20.0,30.0,80.0,1117,1109,8,1117,0.007162041181736795,1.270277503415285,1.5,0.8468516689435233,563,0.5076645626690712,1.0,1
"iteration_2","SCOPE_DATA_COLLECTION",700,52,3190.0,3250.0,0,4121,2640,1117,4065,2574,1097,4113,2643,1102,2,7,8,4.860267314702309E-4,0.0026415094339622643,0.007207207207207207,0.3306566316924169,0.7550851192407734,1.2702658069017798,0.6613132633848338,0.7550851192407734,0.8468438712678532,0.25066861171893995,0.4948921679909194,0.5081669691470054,100.0,100.0,4304,3403,171,13,4,0,0.0030204460966542753,0.0011754334410813989,0.0,0.9500000000000001,0.4,0.4,0.5,20.0,30.0,80.0,0.9500000000000001,0.5,0.4,0.6000000000000001,20.0,40.0,90.0,4136,4131,5,4136,0.0012088974854932303,0.3152533430209329,0.5,0.6305066860418658,952,0.23045267489711935,1.0,1
"iteration_2","SCOPE_DATA_COLLECTION",700,52,3190.0,3250.0,1,4121,2640,1117,4065,2574,1097,4113,2643,1102,2,7,8,4.860267314702309E-4,0.0026415094339622643,0.007207207207207207,0.3306566316924169,0.7550851192407734,1.2702658069017798,0.6613132633848338,0.7550851192407734,0.8468438712678532,0.25066861171893995,0.4948921679909194,0.5081669691470054,100.0,100.0,4304,3403,171,13,4,0,0.0030204460966542753,0.0011754334410813989,0.0,0.9500000000000001,0.4,0.4,0.5,20.0,30.0,80.0,0.9500000000000001,0.5,0.4,0.6000000000000001,20.0,40.0,90.0,2620,2611,9,2620,0.003435114503816794,0.7146483654718508,1.0,0.7146483654718508,1232,0.4718498659517426,1.0,1
"iteration_2","SCOPE_DATA_COLLECTION",700,52,3190.0,3250.0,2,4121,2640,1117,4065,2574,1097,4113,2643,1102,2,7,8,4.860267314702309E-4,0.0026415094339622643,0.007207207207207207,0.3306566316924169,0.7550851192407734,1.2702658069017798,0.6613132633848338,0.7550851192407734,0.8468438712678532,0.25066861171893995,0.4948921679909194,0.5081669691470054,100.0,100.0,4304,3403,171,13,4,0,0.0030204460966542753,0.0011754334410813989,0.0,0.9500000000000001,0.4,0.4,0.5,20.0,30.0,80.0,0.9500000000000001,0.5,0.4,0.6000000000000001,20.0,40.0,90.0,1130,1124,6,1130,0.005309734513274336,1.333586365423189,1.5,0.8890575769487926,610,0.5427046263345195,1.0,1
"iteration_2","SCOPE_DATA_COLLECTION",700,53,3250.0,3310.0,0,4136,2620,1130,4121,2640,1117,4134,2601,1125,5,9,6,0.0012080212611741967,0.0034482758620689655,0.005305039787798408,0.3153472703497753,0.7142020884696333,1.3303756052197782,0.6306945406995506,0.7142020884696333,0.8869170701465188,0.2312530237058539,0.471357170319108,0.5413333333333333,97.5,100.0,4218,3492,176,18,2,0,0.004267425320056899,5.72737686139748E-4,0.0,0.9500000000000001,0.5,0.4,0.6000000000000001,20.0,40.0,90.0,0.9500000000000001,0.5,0.5,0.6000000000000001,30.0,30.0,90.0,4106,4102,4,4106,9.74184120798831E-4,0.31804313095060793,0.5,0.6360862619012159,972,0.23695758166747927,1.0,1
"iteration_2","SCOPE_DATA_COLLECTION",700,53,3250.0,3310.0,1,4136,2620,1130,4121,2640,1117,4134,2601,1125,5,9,6,0.0012080212611741967,0.0034482758620689655,0.005305039787798408,0.3153472703497753,0.7142020884696333,1.3303756052197782,0.6306945406995506,0.7142020884696333,0.8869170701465188,0.2312530237058539,0.471357170319108,0.5413333333333333,97.5,100.0,4218,3492,176,18,2,0,0.004267425320056899,5.72737686139748E-4,0.0,0.9500000000000001,0.5,0.4,0.6000000000000001,20.0,40.0,90.0,0.9500000000000001,0.5,0.5,0.6000000000000001,30.0,30.0,90.0,2605,2601,4,2605,0.0015355086372360845,0.7283900921199712,1.0,0.7283900921199712,1242,0.47750865051903113,1.0,1
"iteration_2","SCOPE_DATA_COLLECTION",700,53,3250.0,3310.0,2,4136,2620,1130,4121,2640,1117,4134,2601,1125,5,9,6,0.0012080212611741967,0.0034482758620689655,0.005305039787798408,0.3153472703497753,0.7142020884696333,1.3303756052197782,0.6306945406995506,0.7142020884696333,0.8869170701465188,0.2312530237058539,0.471357170319108,0.5413333333333333,97.5,100.0,4218,3492,176,18,2,0,0.004267425320056899,5.72737686139748E-4,0.0,0.9500000000000001,0.5,0.4,0.6000000000000001,20.0,40.0,90.0,0.9500000000000001,0.5,0.5,0.6000000000000001,30.0,30.0,90.0,1097,1090,7,1097,0.006381039197812215,1.3413627361903195,1.5,0.8942418241268797,597,0.5477064220183486,1.0,1
"iteration_2","SCOPE_DATA_COLLECTION",700,54,3310.0,3370.0,0,4106,2605,1097,4136,2620,1130,4101,2608,1092,4,4,7,9.7442143727162E-4,0.0015313935681470138,0.006369426751592357,0.3179944891662417,0.7286893673415918,1.336584021774666,0.6359889783324834,0.7286893673415918,0.891056014516444,0.23628383321141186,0.47699386503067487,0.5448717948717948,100.0,100.0,4195,3423,190,12,3,0,0.0028605482717520858,8.764241893076249E-4,0.0,0.9500000000000001,0.5,0.5,0.6000000000000001,30.0,30.0,90.0,0.15000000000000002,0.2,0.4,0.9,30.0,80.0,40.0,4039,4036,3,4039,7.427581084426838E-4,0.3155445369101846,0.5,0.6310890738203692,796,0.19722497522299307,1.0,1
"iteration_2","SCOPE_DATA_COLLECTION",700,54,3310.0,3370.0,1,4106,2605,1097,4136,2620,1130,4101,2608,1092,4,4,7,9.7442143727162E-4,0.0015313935681470138,0.006369426751592357,0.3179944891662417,0.7286893673415918,1.336584021774666,0.6359889783324834,0.7286893673415918,0.891056014516444,0.23628383321141186,0.47699386503067487,0.5448717948717948,100.0,100.0,4195,3423,190,12,3,0,0.0028605482717520858,8.764241893076249E-4,0.0,0.9500000000000001,0.5,0.5,0.6000000000000001,30.0,30.0,90.0,0.15000000000000002,0.2,0.4,0.9,30.0,80.0,40.0,2651,2646,5,2651,0.001886080724254998,0.7375026674404518,1.0,0.7375026674404518,1292,0.48828420256991684,1.0,1
"iteration_2","SCOPE_DATA_COLLECTION",700,54,3310.0,3370.0,2,4106,2605,1097,4136,2620,1130,4101,2608,1092,4,4,7,9.7442143727162E-4,0.0015313935681470138,0.006369426751592357,0.3179944891662417,0.7286893673415918,1.336584021774666,0.6359889783324834,0.7286893673415918,0.891056014516444,0.23628383321141186,0.47699386503067487,0.5448717948717948,100.0,100.0,4195,3423,190,12,3,0,0.0028605482717520858,8.764241893076249E-4,0.0,0.9500000000000001,0.5,0.5,0.6000000000000001,30.0,30.0,90.0,0.15000000000000002,0.2,0.4,0.9,30.0,80.0,40.0,1127,1117,10,1127,0.008873114463176575,1.3157797016735422,1.5,0.8771864677823614,600,0.5371530886302597,1.0,1
"iteration_2","SCOPE_DATA_COLLECTION",700,55,3370.0,3430.0,0,4039,2651,1127,4106,2605,1097,4028,2645,1121,3,5,10,7.442322004465393E-4,0.0018867924528301887,0.008841732979664015,0.3151161351962838,0.7358385209306078,1.3272340052089886,0.6302322703925676,0.7358385209306078,0.8848226701393257,0.19587884806355513,0.48695652173913045,0.5432649420160571,100.0,100.0,4311,527,2979,18,0,0,0.0041753653444676405,0.0,0.0,0.15000000000000002,0.2,0.4,0.9,30.0,80.0,40.0,0.15000000000000002,0.2,0.30000000000000004,0.9,40.0,90.0,50.0,4132,4078,54,4132,0.013068731848983543,0.30807054463389294,0.5,0.6161410892677859,719,0.17631191760666995,1.0,1
"iteration_2","SCOPE_DATA_COLLECTION",700,55,3370.0,3430.0,1,4039,2651,1127,4106,2605,1097,4028,2645,1121,3,5,10,7.442322004465393E-4,0.0018867924528301887,0.008841732979664015,0.3151161351962838,0.7358385209306078,1.3272340052089886,0.6302322703925676,0.7358385209306078,0.8848226701393257,0.19587884806355513,0.48695652173913045,0.5432649420160571,100.0,100.0,4311,527,2979,18,0,0,0.0041753653444676405,0.0,0.0,0.15000000000000002,0.2,0.4,0.9,30.0,80.0,40.0,0.15000000000000002,0.2,0.30000000000000004,0.9,40.0,90.0,50.0,2671,2626,45,2671,0.01684762261325346,0.746191451211376,1.0,0.746191451211376,1266,0.4821020563594821,1.0,1
"iteration_2","SCOPE_DATA_COLLECTION",700,55,3370.0,3430.0,2,4039,2651,1127,4106,2605,1097,4028,2645,1121,3,5,10,7.442322004465393E-4,0.0018867924528301887,0.008841732979664015,0.3151161351962838,0.7358385209306078,1.3272340052089886,0.6302322703925676,0.7358385209306078,0.8848226701393257,0.19587884806355513,0.48695652173913045,0.5432649420160571,100.0,100.0,4311,527,2979,18,0,0,0.0041753653444676405,0.0,0.0,0.15000000000000002,0.2,0.4,0.9,30.0,80.0,40.0,0.15000000000000002,0.2,0.30000000000000004,0.9,40.0,90.0,50.0,1103,1079,24,1103,0.021758839528558477,1.3296265414500559,1.5,0.8864176943000373,584,0.541241890639481,1.0,1
"iteration_2","SCOPE_DATA_COLLECTION",700,56,3430.0,3490.0,0,4132,2671,1103,4039,2651,1127,4080,2623,1076,54,45,24,0.013062409288824383,0.01686656671664168,0.02181818181818182,0.308389127208521,0.7469835641803058,1.323249990704968,0.616778254417042,0.7469835641803058,0.8821666604699786,0.17671568627450981,0.48379717880289747,0.5371747211895911,100.0,100.0,4329,534,3043,24,0,99,0.005544005544005544,0.0,0.032533683864607296,0.15000000000000002,0.2,0.30000000000000004,0.9,40.0,90.0,50.0,0.05,0.1,0.4,0.8,30.0,95.0,40.0,4099,4042,57,4099,0.013905830690412296,0.32664758231754365,0.5,0.6532951646350873,731,0.18085106382978725,1.0,1
"iteration_2","SCOPE_DATA_COLLECTION",700,56,3430.0,3490.0,1,4132,2671,1103,4039,2651,1127,4080,2623,1076,54,45,24,0.013062409288824383,0.01686656671664168,0.02181818181818182,0.308389127208521,0.7469835641803058,1.323249990704968,0.616778254417042,0.7469835641803058,0.8821666604699786,0.17671568627450981,0.48379717880289747,0.5371747211895911,100.0,100.0,4329,534,3043,24,0,99,0.005544005544005544,0.0,0.032533683864607296,0.15000000000000002,0.2,0.30000000000000004,0.9,40.0,90.0,50.0,0.05,0.1,0.4,0.8,30.0,95.0,40.0,2691,2647,44,2691,0.016350798959494612,0.7809141789020029,1.0,0.7809141789020029,1368,0.51681148469966,1.0,1
"iteration_2","SCOPE_DATA_COLLECTION",700,56,3430.0,3490.0,2,4132,2671,1103,4039,2651,1127,4080,2623,1076,54,45,24,0.013062409288824383,0.01686656671664168,0.02181818181818182,0.308389127208521,0.7469835641803058,1.323249990704968,0.616778254417042,0.7469835641803058,0.8821666604699786,0.17671568627450981,0.48379717880289747,0.5371747211895911,100.0,100.0,4329,534,3043,24,0,99,0.005544005544005544,0.0,0.032533683864607296,0.15000000000000002,0.2,0.30000000000000004,0.9,40.0,90.0,50.0,0.05,0.1,0.4,0.8,30.0,95.0,40.0,1083,1054,29,1083,0.02677746999076639,1.3688434014296522,1.5,0.9125622676197681,596,0.5654648956356736,1.0,1
"iteration_2","SCOPE_DATA_COLLECTION",700,57,3490.0,3550.0,0,4099,2691,1083,4132,2671,1103,4053,2635,1055,57,44,29,0.013868613138686132,0.016424038820455393,0.026752767527675275,0.32698868569456074,0.7812671998719548,1.3687264578541334,0.6539773713891215,0.7812671998719548,0.9124843052360889,0.18233407352578337,0.5165085388994307,0.5658767772511848,97.5,100.0,4402,195,3276,18,0,112,0.00408905043162199,0.0,0.03418803418803419,0.05,0.1,0.4,0.8,30.0,95.0,40.0,0.6000000000000001,0.4,0.6000000000000001,0.2,75.0,90.0,40.0,4203,4198,5,4203,0.0011896264572924102,0.3155461408268545,0.5,0.631092281653709,991,0.2360647927584564,1.0,1
"iteration_2","SCOPE_DATA_COLLECTION",700,57,3490.0,3550.0,1,4099,2691,1083,4132,2671,1103,4053,2635,1055,57,44,29,0.013868613138686132,0.016424038820455393,0.026752767527675275,0.32698868569456074,0.7812671998719548,1.3687264578541334,0.6539773713891215,0.7812671998719548,0.9124843052360889,0.18233407352578337,0.5165085388994307,0.5658767772511848,97.5,100.0,4402,195,3276,18,0,112,0.00408905043162199,0.0,0.03418803418803419,0.05,0.1,0.4,0.8,30.0,95.0,40.0,0.6000000000000001,0.4,0.6000000000000001,0.2,75.0,90.0,40.0,2587,2582,5,2587,0.001932740626207963,0.7234668186153157,1.0,0.7234668186153157,1236,0.4786986831913246,1.0,1
"iteration_2","SCOPE_DATA_COLLECTION",700,57,3490.0,3550.0,2,4099,2691,1083,4132,2671,1103,4053,2635,1055,57,44,29,0.013868613138686132,0.016424038820455393,0.026752767527675275,0.32698868569456074,0.7812671998719548,1.3687264578541334,0.6539773713891215,0.7812671998719548,0.9124843052360889,0.18233407352578337,0.5165085388994307,0.5658767772511848,97.5,100.0,4402,195,3276,18,0,112,0.00408905043162199,0.0,0.03418803418803419,0.05,0.1,0.4,0.8,30.0,95.0,40.0,0.6000000000000001,0.4,0.6000000000000001,0.2,75.0,90.0,40.0,1060,1055,5,1060,0.0047169811320754715,1.3374442466141556,1.5,0.8916294977427704,590,0.5592417061611374,1.0,1
"iteration_2","SCOPE_DATA_COLLECTION",700,58,3550.0,3617.803100959588,0,4203,2587,1060,4099,2691,1083,4185,2599,1054,5,5,5,0.0011933174224343676,0.0019201228878648233,0.004721435316336166,0.31463008026093553,0.724177749728444,1.3369715697163436,0.6292601605218711,0.724177749728444,0.8913143798108957,0.23464755077658303,0.47903039630627164,0.5588235294117647,97.5,100.0,4280,2131,1439,12,3,0,0.002803738317757009,0.0014077897700610043,0.0,0.6000000000000001,0.4,0.6000000000000001,0.2,75.0,90.0,40.0,0.7000000000000001,0.5,0.6000000000000001,0.2,85.0,80.0,40.0,3459,3436,4,3440,0.0011627906976744186,0.3157089313126083,0.5,0.6314178626252166,896,0.2607683352735739,0.9945070829719572,0
"iteration_2","SCOPE_DATA_COLLECTION",700,58,3550.0,3617.803100959588,1,4203,2587,1060,4099,2691,1083,4185,2599,1054,5,5,5,0.0011933174224343676,0.0019201228878648233,0.004721435316336166,0.31463008026093553,0.724177749728444,1.3369715697163436,0.6292601605218711,0.724177749728444,0.8913143798108957,0.23464755077658303,0.47903039630627164,0.5588235294117647,97.5,100.0,4280,2131,1439,12,3,0,0.002803738317757009,0.0014077897700610043,0.0,0.6000000000000001,0.4,0.6000000000000001,0.2,75.0,90.0,40.0,0.7000000000000001,0.5,0.6000000000000001,0.2,85.0,80.0,40.0,2212,2173,7,2180,0.003211009174311927,0.7235469152229869,1.0,0.7235469152229869,1034,0.47583985273815005,0.9855334538878843,0
"iteration_2","SCOPE_DATA_COLLECTION",700,58,3550.0,3617.803100959588,2,4203,2587,1060,4099,2691,1083,4185,2599,1054,5,5,5,0.0011933174224343676,0.0019201228878648233,0.004721435316336166,0.31463008026093553,0.724177749728444,1.3369715697163436,0.6292601605218711,0.724177749728444,0.8913143798108957,0.23464755077658303,0.47903039630627164,0.5588235294117647,97.5,100.0,4280,2131,1439,12,3,0,0.002803738317757009,0.0014077897700610043,0.0,0.6000000000000001,0.4,0.6000000000000001,0.2,75.0,90.0,40.0,0.7000000000000001,0.5,0.6000000000000001,0.2,85.0,80.0,40.0,1005,973,7,980,0.007142857142857143,1.2509749441348241,1.5,0.8339832960898828,493,0.5066803699897225,0.9751243781094527,0
"iteration_2","SCOPE_DATA_COLLECTION",800,0,70.0,130.0,0,4304,3228,991,0,0,0,4278,3184,961,3,6,6,7.00770847932726E-4,0.0018808777429467085,0.0062047569803516025,0.3031075411707386,0.7077565612632993,1.2454992173696917,0.6062150823414773,0.7077565612632993,0.8303328115797944,0.23422159887798036,0.45540201005025127,0.4984391259105099,100.0,100.0,4269,2578,1676,15,0,0,0.0035137034434293743,0.0,0.0,0.6,0.5,0.7,0.4,85.0,80.0,90.0,0.6,0.5,0.7,0.4,85.0,80.0,90.0,4659,4649,10,4659,0.0021463833440652502,0.3106438859497434,0.5,0.6212877718994868,1222,0.26285222628522265,1.0,1
"iteration_2","SCOPE_DATA_COLLECTION",800,0,70.0,130.0,1,4304,3228,991,0,0,0,4278,3184,961,3,6,6,7.00770847932726E-4,0.0018808777429467085,0.0062047569803516025,0.3031075411707386,0.7077565612632993,1.2454992173696917,0.6062150823414773,0.7077565612632993,0.8303328115797944,0.23422159887798036,0.45540201005025127,0.4984391259105099,100.0,100.0,4269,2578,1676,15,0,0,0.0035137034434293743,0.0,0.0,0.6,0.5,0.7,0.4,85.0,80.0,90.0,0.6,0.5,0.7,0.4,85.0,80.0,90.0,3422,3411,11,3422,0.0032144944476914087,0.6913065590909938,1.0,0.6913065590909938,1485,0.43535620052770446,1.0,1
"iteration_2","SCOPE_DATA_COLLECTION",800,0,70.0,130.0,2,4304,3228,991,0,0,0,4278,3184,961,3,6,6,7.00770847932726E-4,0.0018808777429467085,0.0062047569803516025,0.3031075411707386,0.7077565612632993,1.2454992173696917,0.6062150823414773,0.7077565612632993,0.8303328115797944,0.23422159887798036,0.45540201005025127,0.4984391259105099,100.0,100.0,4269,2578,1676,15,0,0,0.0035137034434293743,0.0,0.0,0.6,0.5,0.7,0.4,85.0,80.0,90.0,0.6,0.5,0.7,0.4,85.0,80.0,90.0,1112,1093,19,1112,0.0170863309352518,1.246954789278917,1.5,0.8313031928526113,540,0.4940530649588289,1.0,1
"iteration_2","SCOPE_DATA_COLLECTION",800,1,130.0,190.0,0,4659,3422,1112,4304,3228,991,4643,3404,1099,9,11,19,0.001934651762682717,0.00322108345534407,0.01699463327370304,0.31065478635490085,0.687526750794688,1.2459114663987403,0.6213095727098017,0.687526750794688,0.8306076442658269,0.26426879172948525,0.43419506462984725,0.4940855323020928,100.0,100.0,4503,2845,1845,36,3,0,0.007994670219853431,0.001054481546572935,0.0,0.6,0.5,0.7,0.4,85.0,80.0,90.0,0.6,0.5,0.7,0.4,85.0,80.0,90.0,4782,4778,4,4782,8.36470096194061E-4,0.3125518385034866,0.5,0.6251036770069732,1282,0.26831310171619926,1.0,1
"iteration_2","SCOPE_DATA_COLLECTION",800,1,130.0,190.0,1,4659,3422,1112,4304,3228,991,4643,3404,1099,9,11,19,0.001934651762682717,0.00322108345534407,0.01699463327370304,0.31065478635490085,0.687526750794688,1.2459114663987403,0.6213095727098017,0.687526750794688,0.8306076442658269,0.26426879172948525,0.43419506462984725,0.4940855323020928,100.0,100.0,4503,2845,1845,36,3,0,0.007994670219853431,0.001054481546572935,0.0,0.6,0.5,0.7,0.4,85.0,80.0,90.0,0.6,0.5,0.7,0.4,85.0,80.0,90.0,3493,3480,13,3493,0.0037217291726309764,0.7125135817172156,1.0,0.7125135817172156,1545,0.44396551724137934,1.0,1
"iteration_2","SCOPE_DATA_COLLECTION",800,1,130.0,190.0,2,4659,3422,1112,4304,3228,991,4643,3404,1099,9,11,19,0.001934651762682717,0.00322108345534407,0.01699463327370304,0.31065478635490085,0.687526750794688,1.2459114663987403,0.6213095727098017,0.687526750794688,0.8306076442658269,0.26426879172948525,0.43419506462984725,0.4940855323020928,100.0,100.0,4503,2845,1845,36,3,0,0.007994670219853431,0.001054481546572935,0.0,0.6,0.5,0.7,0.4,85.0,80.0,90.0,0.6,0.5,0.7,0.4,85.0,80.0,90.0,1121,1109,12,1121,0.010704727921498661,1.2027288567726853,1.5,0.8018192378484569,518,0.4670874661857529,1.0,1
"iteration_2","SCOPE_DATA_COLLECTION",800,2,190.0,250.0,0,4782,3493,1121,4659,3422,1112,4794,3484,1102,5,13,12,0.0010418837257762034,0.0037174721189591076,0.010771992818671455,0.3138922211273477,0.7163666119754584,1.2036592706430191,0.6277844422546954,0.7163666119754584,0.8024395137620127,0.2695035460992908,0.4463260619977038,0.4673321234119782,97.5,100.0,4550,2934,1912,28,2,0,0.006153846153846154,6.816632583503749E-4,0.0,0.6,0.5,0.7,0.4,85.0,80.0,90.0,0.6,0.5,0.7,0.4,85.0,80.0,90.0,4730,4726,4,4730,8.456659619450317E-4,0.31683284023990566,0.5,0.6336656804798113,1278,0.2704189589504867,1.0,1
"iteration_2","SCOPE_DATA_COLLECTION",800,2,190.0,250.0,1,4782,3493,1121,4659,3422,1112,4794,3484,1102,5,13,12,0.0010418837257762034,0.0037174721189591076,0.010771992818671455,0.3138922211273477,0.7163666119754584,1.2036592706430191,0.6277844422546954,0.7163666119754584,0.8024395137620127,0.2695035460992908,0.4463260619977038,0.4673321234119782,97.5,100.0,4550,2934,1912,28,2,0,0.006153846153846154,6.816632583503749E-4,0.0,0.6,0.5,0.7,0.4,85.0,80.0,90.0,0.6,0.5,0.7,0.4,85.0,80.0,90.0,3451,3434,17,3451,0.0049261083743842365,0.7097999771953176,1.0,0.7097999771953176,1527,0.4446709376820035,1.0,1
"iteration_2","SCOPE_DATA_COLLECTION",800,2,190.0,250.0,2,4782,3493,1121,4659,3422,1112,4794,3484,1102,5,13,12,0.0010418837257762034,0.0037174721189591076,0.010771992818671455,0.3138922211273477,0.7163666119754584,1.2036592706430191,0.6277844422546954,0.7163666119754584,0.8024395137620127,0.2695035460992908,0.4463260619977038,0.4673321234119782,97.5,100.0,4550,2934,1912,28,2,0,0.006153846153846154,6.816632583503749E-4,0.0,0.6,0.5,0.7,0.4,85.0,80.0,90.0,0.6,0.5,0.7,0.4,85.0,80.0,90.0,1154,1146,8,1154,0.006932409012131715,1.2507824637572857,1.5,0.8338549758381905,564,0.49214659685863876,1.0,1
"iteration_2","SCOPE_DATA_COLLECTION",800,3,250.0,310.0,0,4730,3451,1154,4782,3493,1121,4721,3433,1152,4,17,8,8.465608465608466E-4,0.004927536231884058,0.006896551724137931,0.31540047427778894,0.7089058915625502,1.2531732175227739,0.6308009485555779,0.7089058915625502,0.8354488116818493,0.26795170514721456,0.4436353043984853,0.4930555555555556,97.5,100.0,4540,2862,1933,27,2,0,0.005947136563876652,6.988120195667365E-4,0.0,0.6,0.5,0.7,0.4,85.0,80.0,90.0,0.5,0.9,0.7000000000000001,0.6000000000000001,50.0,30.0,85.0,4617,4611,6,4617,0.001299545159194282,0.32061277941094385,0.5,0.6412255588218877,1287,0.27911515940143133,1.0,1
"iteration_2","SCOPE_DATA_COLLECTION",800,3,250.0,310.0,1,4730,3451,1154,4782,3493,1121,4721,3433,1152,4,17,8,8.465608465608466E-4,0.004927536231884058,0.006896551724137931,0.31540047427778894,0.7089058915625502,1.2531732175227739,0.6308009485555779,0.7089058915625502,0.8354488116818493,0.26795170514721456,0.4436353043984853,0.4930555555555556,97.5,100.0,4540,2862,1933,27,2,0,0.005947136563876652,6.988120195667365E-4,0.0,0.6,0.5,0.7,0.4,85.0,80.0,90.0,0.5,0.9,0.7000000000000001,0.6000000000000001,50.0,30.0,85.0,3341,3330,11,3341,0.0032924274169410356,0.7116493686222987,1.0,0.7116493686222987,1499,0.45015015015015014,1.0,1
"iteration_2","SCOPE_DATA_COLLECTION",800,3,250.0,310.0,2,4730,3451,1154,4782,3493,1121,4721,3433,1152,4,17,8,8.465608465608466E-4,0.004927536231884058,0.006896551724137931,0.31540047427778894,0.7089058915625502,1.2531732175227739,0.6308009485555779,0.7089058915625502,0.8354488116818493,0.26795170514721456,0.4436353043984853,0.4930555555555556,97.5,100.0,4540,2862,1933,27,2,0,0.005947136563876652,6.988120195667365E-4,0.0,0.6,0.5,0.7,0.4,85.0,80.0,90.0,0.5,0.9,0.7000000000000001,0.6000000000000001,50.0,30.0,85.0,1105,1090,15,1105,0.013574660633484163,1.2699100236293248,1.5,0.8466066824195498,545,0.5,1.0,1
"iteration_2","SCOPE_DATA_COLLECTION",800,4,310.0,370.0,0,4617,3341,1105,4730,3451,1154,4606,3321,1084,6,11,15,0.0013009540329575022,0.0033013205282112846,0.01364877161055505,0.3205726111167,0.7081389051275345,1.2604795824904924,0.6411452222334,0.7081389051275345,0.8403197216603283,0.27941815023881894,0.4480578139114724,0.49723247232472323,100.0,100.0,4514,2222,2327,29,3,0,0.006424457244129375,0.0013501350135013501,0.0,0.5,0.9,0.7000000000000001,0.6000000000000001,50.0,30.0,85.0,0.6000000000000001,0.9,0.6000000000000001,0.6000000000000001,40.0,40.0,75.0,4638,4636,2,4638,4.3122035360068997E-4,0.31909762651723395,0.5,0.6381952530344679,1263,0.27243313201035374,1.0,1
"iteration_2","SCOPE_DATA_COLLECTION",800,4,310.0,370.0,1,4617,3341,1105,4730,3451,1154,4606,3321,1084,6,11,15,0.0013009540329575022,0.0033013205282112846,0.01364877161055505,0.3205726111167,0.7081389051275345,1.2604795824904924,0.6411452222334,0.7081389051275345,0.8403197216603283,0.27941815023881894,0.4480578139114724,0.49723247232472323,100.0,100.0,4514,2222,2327,29,3,0,0.006424457244129375,0.0013501350135013501,0.0,0.5,0.9,0.7000000000000001,0.6000000000000001,50.0,30.0,85.0,0.6000000000000001,0.9,0.6000000000000001,0.6000000000000001,40.0,40.0,75.0,3432,3414,18,3432,0.005244755244755245,0.692951094981138,1.0,0.692951094981138,1454,0.4258933801991798,1.0,1
"iteration_2","SCOPE_DATA_COLLECTION",800,4,310.0,370.0,2,4617,3341,1105,4730,3451,1154,4606,3321,1084,6,11,15,0.0013009540329575022,0.0033013205282112846,0.01364877161055505,0.3205726111167,0.7081389051275345,1.2604795824904924,0.6411452222334,0.7081389051275345,0.8403197216603283,0.27941815023881894,0.4480578139114724,0.49723247232472323,100.0,100.0,4514,2222,2327,29,3,0,0.006424457244129375,0.0013501350135013501,0.0,0.5,0.9,0.7000000000000001,0.6000000000000001,50.0,30.0,85.0,0.6000000000000001,0.9,0.6000000000000001,0.6000000000000001,40.0,40.0,75.0,1164,1155,9,1164,0.007731958762886598,1.228902243039073,1.5,0.8192681620260487,553,0.47878787878787876,1.0,1
"iteration_2","SCOPE_DATA_COLLECTION",800,5,370.0,430.0,0,4638,3432,1164,4617,3341,1105,4634,3414,1157,2,18,9,4.314063848144953E-4,0.005244755244755245,0.007718696397941681,0.31893324581471216,0.6961254259883902,1.2379720055835501,0.6378664916294243,0.6961254259883902,0.8253146703890334,0.2714717306862322,0.4285295840656122,0.4822817631806396,97.5,100.0,4450,2916,1868,27,2,0,0.006067415730337079,6.858710562414266E-4,0.0,0.6000000000000001,0.9,0.6000000000000001,0.6000000000000001,40.0,40.0,75.0,0.7000000000000001,0.9,0.7000000000000001,0.7000000000000001,30.0,50.0,85.0,4735,4728,7,4735,0.0014783526927138332,0.31993470374774396,0.5,0.6398694074954879,1309,0.27686125211505924,1.0,1
"iteration_2","SCOPE_DATA_COLLECTION",800,5,370.0,430.0,1,4638,3432,1164,4617,3341,1105,4634,3414,1157,2,18,9,4.314063848144953E-4,0.005244755244755245,0.007718696397941681,0.31893324581471216,0.6961254259883902,1.2379720055835501,0.6378664916294243,0.6961254259883902,0.8253146703890334,0.2714717306862322,0.4285295840656122,0.4822817631806396,97.5,100.0,4450,2916,1868,27,2,0,0.006067415730337079,6.858710562414266E-4,0.0,0.6000000000000001,0.9,0.6000000000000001,0.6000000000000001,40.0,40.0,75.0,0.7000000000000001,0.9,0.7000000000000001,0.7000000000000001,30.0,50.0,85.0,3378,3364,14,3378,0.0041444641799881585,0.711515876321028,1.0,0.711515876321028,1520,0.4518430439952438,1.0,1
"iteration_2","SCOPE_DATA_COLLECTION",800,5,370.0,430.0,2,4638,3432,1164,4617,3341,1105,4634,3414,1157,2,18,9,4.314063848144953E-4,0.005244755244755245,0.007718696397941681,0.31893324581471216,0.6961254259883902,1.2379720055835501,0.6378664916294243,0.6961254259883902,0.8253146703890334,0.2714717306862322,0.4285295840656122,0.4822817631806396,97.5,100.0,4450,2916,1868,27,2,0,0.006067415730337079,6.858710562414266E-4,0.0,0.6000000000000001,0.9,0.6000000000000001,0.6000000000000001,40.0,40.0,75.0,0.7000000000000001,0.9,0.7000000000000001,0.7000000000000001,30.0,50.0,85.0,1160,1145,15,1160,0.01293103448275862,1.2476520782937741,1.5,0.8317680521958494,552,0.4820960698689956,1.0,1
"iteration_2","SCOPE_DATA_COLLECTION",800,6,430.0,490.0,0,4735,3378,1160,4638,3432,1164,4719,3376,1145,7,14,15,0.0014811680067710537,0.004129793510324484,0.01293103448275862,0.3188457146322782,0.7108749836417453,1.238460845874041,0.6376914292645564,0.7108749836417453,0.8256405639160272,0.27611782157236703,0.45171800947867297,0.4777292576419214,97.5,100.0,4499,3358,1416,35,1,0,0.00777950655701267,2.977963073257892E-4,0.0,0.7000000000000001,0.9,0.7000000000000001,0.7000000000000001,30.0,50.0,85.0,0.7000000000000001,0.9,0.7000000000000001,0.6000000000000001,40.0,40.0,75.0,4656,4648,8,4656,0.001718213058419244,0.3206408189379872,0.5,0.6412816378759744,1322,0.2844234079173838,1.0,1
"iteration_2","SCOPE_DATA_COLLECTION",800,6,430.0,490.0,1,4735,3378,1160,4638,3432,1164,4719,3376,1145,7,14,15,0.0014811680067710537,0.004129793510324484,0.01293103448275862,0.3188457146322782,0.7108749836417453,1.238460845874041,0.6376914292645564,0.7108749836417453,0.8256405639160272,0.27611782157236703,0.45171800947867297,0.4777292576419214,97.5,100.0,4499,3358,1416,35,1,0,0.00777950655701267,2.977963073257892E-4,0.0,0.7000000000000001,0.9,0.7000000000000001,0.7000000000000001,30.0,50.0,85.0,0.7000000000000001,0.9,0.7000000000000001,0.6000000000000001,40.0,40.0,75.0,3380,3363,17,3380,0.005029585798816568,0.714054369274646,1.0,0.714054369274646,1513,0.44989592625631875,1.0,1
"iteration_2","SCOPE_DATA_COLLECTION",800,6,430.0,490.0,2,4735,3378,1160,4638,3432,1164,4719,3376,1145,7,14,15,0.0014811680067710537,0.004129793510324484,0.01293103448275862,0.3188457146322782,0.7108749836417453,1.238460845874041,0.6376914292645564,0.7108749836417453,0.8256405639160272,0.27611782157236703,0.45171800947867297,0.4777292576419214,97.5,100.0,4499,3358,1416,35,1,0,0.00777950655701267,2.977963073257892E-4,0.0,0.7000000000000001,0.9,0.7000000000000001,0.7000000000000001,30.0,50.0,85.0,0.7000000000000001,0.9,0.7000000000000001,0.6000000000000001,40.0,40.0,75.0,1147,1137,10,1147,0.008718395815170008,1.2557649610292816,1.5,0.8371766406861877,554,0.4872471416007036,1.0,1
"iteration_2","SCOPE_DATA_COLLECTION",800,7,490.0,550.0,0,4656,3380,1147,4735,3378,1160,4664,3370,1136,8,17,10,0.0017123287671232876,0.005019191024505462,0.008726003490401396,0.322425657622839,0.7151880260253966,1.2555948020501435,0.644851315245678,0.7151880260253966,0.8370632013667624,0.286663807890223,0.44925816023738874,0.4867957746478873,95.0,100.0,4500,3269,1414,34,1,0,0.007555555555555556,3.059039461609055E-4,0.0,0.7000000000000001,0.9,0.7000000000000001,0.6000000000000001,40.0,40.0,75.0,0.7000000000000001,0.9,0.7000000000000001,0.6000000000000001,40.0,40.0,75.0,4735,4732,3,4735,6.335797254487857E-4,0.32311777938126707,0.5,0.6462355587625341,1338,0.28275570583262893,1.0,1
"iteration_2","SCOPE_DATA_COLLECTION",800,7,490.0,550.0,1,4656,3380,1147,4735,3378,1160,4664,3370,1136,8,17,10,0.0017123287671232876,0.005019191024505462,0.008726003490401396,0.322425657622839,0.7151880260253966,1.2555948020501435,0.644851315245678,0.7151880260253966,0.8370632013667624,0.286663807890223,0.44925816023738874,0.4867957746478873,95.0,100.0,4500,3269,1414,34,1,0,0.007555555555555556,3.059039461609055E-4,0.0,0.7000000000000001,0.9,0.7000000000000001,0.6000000000000001,40.0,40.0,75.0,0.7000000000000001,0.9,0.7000000000000001,0.6000000000000001,40.0,40.0,75.0,3413,3407,6,3413,0.0017579841781423966,0.6945917637311061,1.0,0.6945917637311061,1485,0.43586733196360433,1.0,1
"iteration_2","SCOPE_DATA_COLLECTION",800,7,490.0,550.0,2,4656,3380,1147,4735,3378,1160,4664,3370,1136,8,17,10,0.0017123287671232876,0.005019191024505462,0.008726003490401396,0.322425657622839,0.7151880260253966,1.2555948020501435,0.644851315245678,0.7151880260253966,0.8370632013667624,0.286663807890223,0.44925816023738874,0.4867957746478873,95.0,100.0,4500,3269,1414,34,1,0,0.007555555555555556,3.059039461609055E-4,0.0,0.7000000000000001,0.9,0.7000000000000001,0.6000000000000001,40.0,40.0,75.0,0.7000000000000001,0.9,0.7000000000000001,0.6000000000000001,40.0,40.0,75.0,1154,1144,10,1154,0.008665511265164644,1.2297645708312834,1.5,0.8198430472208557,546,0.4772727272727273,1.0,1
"iteration_2","SCOPE_DATA_COLLECTION",800,8,550.0,610.0,0,4735,3413,1154,4656,3380,1147,4736,3405,1140,3,6,10,6.330449461911796E-4,0.001759014951627089,0.008695652173913044,0.32318435314685257,0.6965900282924384,1.2304757429930258,0.6463687062937051,0.6965900282924384,0.8203171619953505,0.2833614864864865,0.4381791483113069,0.4780701754385965,100.0,100.0,4480,3409,1413,18,1,0,0.0040178571428571425,2.933411557641537E-4,0.0,0.7000000000000001,0.9,0.7000000000000001,0.6000000000000001,40.0,40.0,75.0,0.15000000000000002,0.2,0.8,0.7000000000000001,20.0,20.0,70.0,4649,4248,401,4649,0.08625510862551086,0.3605368490761362,0.5,0.7210736981522724,978,0.23022598870056496,1.0,1
"iteration_2","SCOPE_DATA_COLLECTION",800,8,550.0,610.0,1,4735,3413,1154,4656,3380,1147,4736,3405,1140,3,6,10,6.330449461911796E-4,0.001759014951627089,0.008695652173913044,0.32318435314685257,0.6965900282924384,1.2304757429930258,0.6463687062937051,0.6965900282924384,0.8203171619953505,0.2833614864864865,0.4381791483113069,0.4780701754385965,100.0,100.0,4480,3409,1413,18,1,0,0.0040178571428571425,2.933411557641537E-4,0.0,0.7000000000000001,0.9,0.7000000000000001,0.6000000000000001,40.0,40.0,75.0,0.15000000000000002,0.2,0.8,0.7000000000000001,20.0,20.0,70.0,3403,3124,279,3403,0.08198648251542756,0.8068523843801472,1.0,0.8068523843801472,1538,0.49231754161331626,1.0,1
"iteration_2","SCOPE_DATA_COLLECTION",800,8,550.0,610.0,2,4735,3413,1154,4656,3380,1147,4736,3405,1140,3,6,10,6.330449461911796E-4,0.001759014951627089,0.008695652173913044,0.32318435314685257,0.6965900282924384,1.2304757429930258,0.6463687062937051,0.6965900282924384,0.8203171619953505,0.2833614864864865,0.4381791483113069,0.4780701754385965,100.0,100.0,4480,3409,1413,18,1,0,0.0040178571428571425,2.933411557641537E-4,0.0,0.7000000000000001,0.9,0.7000000000000001,0.6000000000000001,40.0,40.0,75.0,0.15000000000000002,0.2,0.8,0.7000000000000001,20.0,20.0,70.0,1090,988,102,1090,0.09357798165137615,1.3861175753927713,1.5,0.9240783835951808,542,0.548582995951417,1.0,1
"iteration_2","SCOPE_DATA_COLLECTION",800,9,610.0,670.0,0,4649,3403,1090,4735,3413,1154,4228,3112,988,401,279,102,0.08662778137826745,0.08227661456797405,0.09357798165137615,0.35999942610713903,0.8058775352638962,1.386805634203693,0.7199988522142781,0.8058775352638962,0.9245370894691286,0.22989593188268684,0.4910025706940874,0.548582995951417,100.0,100.0,4585,681,3876,17,0,765,0.003707742639040349,0.0,0.19736842105263158,0.15000000000000002,0.2,0.8,0.7000000000000001,20.0,20.0,70.0,0.25,0.1,0.7000000000000001,0.6000000000000001,20.0,30.0,80.0,4633,4302,331,4633,0.07144398877617095,0.3232290033817284,0.5,0.6464580067634568,779,0.1810785681078568,1.0,1
"iteration_2","SCOPE_DATA_COLLECTION",800,9,610.0,670.0,1,4649,3403,1090,4735,3413,1154,4228,3112,988,401,279,102,0.08662778137826745,0.08227661456797405,0.09357798165137615,0.35999942610713903,0.8058775352638962,1.386805634203693,0.7199988522142781,0.8058775352638962,0.9245370894691286,0.22989593188268684,0.4910025706940874,0.548582995951417,100.0,100.0,4585,681,3876,17,0,765,0.003707742639040349,0.0,0.19736842105263158,0.15000000000000002,0.2,0.8,0.7000000000000001,20.0,20.0,70.0,0.25,0.1,0.7000000000000001,0.6000000000000001,20.0,30.0,80.0,3462,3198,264,3462,0.07625649913344887,0.7612560403454417,1.0,0.7612560403454417,1545,0.4831144465290807,1.0,1
"iteration_2","SCOPE_DATA_COLLECTION",800,9,610.0,670.0,2,4649,3403,1090,4735,3413,1154,4228,3112,988,401,279,102,0.08662778137826745,0.08227661456797405,0.09357798165137615,0.35999942610713903,0.8058775352638962,1.386805634203693,0.7199988522142781,0.8058775352638962,0.9245370894691286,0.22989593188268684,0.4910025706940874,0.548582995951417,100.0,100.0,4585,681,3876,17,0,765,0.003707742639040349,0.0,0.19736842105263158,0.15000000000000002,0.2,0.8,0.7000000000000001,20.0,20.0,70.0,0.25,0.1,0.7000000000000001,0.6000000000000001,20.0,30.0,80.0,1166,1060,106,1166,0.09090909090909091,1.3003714278446865,1.5,0.866914285229791,547,0.5160377358490567,1.0,1
"iteration_2","SCOPE_DATA_COLLECTION",800,10,670.0,730.0,0,4633,3462,1166,4649,3403,1090,4309,3192,1074,331,264,106,0.07133620689655172,0.0763888888888889,0.08983050847457627,0.3238959107198099,0.7599682606990339,1.3119151558704627,0.6477918214396198,0.7599682606990339,0.8746101039136418,0.18055233232768625,0.4830827067669173,0.521415270018622,100.0,100.0,4596,1165,3500,23,1,677,0.005004351610095736,8.583690987124463E-4,0.19342857142857142,0.25,0.1,0.7000000000000001,0.6000000000000001,20.0,30.0,80.0,0.75,0.4,0.9,0.9,75.0,95.0,65.0,4652,4647,5,4652,0.0010748065348237317,0.3033825525288,0.5,0.6067651050576,1120,0.24101570905960834,1.0,1
"iteration_2","SCOPE_DATA_COLLECTION",800,10,670.0,730.0,1,4633,3462,1166,4649,3403,1090,4309,3192,1074,331,264,106,0.07133620689655172,0.0763888888888889,0.08983050847457627,0.3238959107198099,0.7599682606990339,1.3119151558704627,0.6477918214396198,0.7599682606990339,0.8746101039136418,0.18055233232768625,0.4830827067669173,0.521415270018622,100.0,100.0,4596,1165,3500,23,1,677,0.005004351610095736,8.583690987124463E-4,0.19342857142857142,0.25,0.1,0.7000000000000001,0.6000000000000001,20.0,30.0,80.0,0.75,0.4,0.9,0.9,75.0,95.0,65.0,3360,3350,10,3360,0.002976190476190476,0.710363854107115,1.0,0.710363854107115,1512,0.4513432835820895,1.0,1
"iteration_2","SCOPE_DATA_COLLECTION",800,10,670.0,730.0,2,4633,3462,1166,4649,3403,1090,4309,3192,1074,331,264,106,0.07133620689655172,0.0763888888888889,0.08983050847457627,0.3238959107198099,0.7599682606990339,1.3119151558704627,0.6477918214396198,0.7599682606990339,0.8746101039136418,0.18055233232768625,0.4830827067669173,0.521415270018622,100.0,100.0,4596,1165,3500,23,1,677,0.005004351610095736,8.583690987124463E-4,0.19342857142857142,0.25,0.1,0.7000000000000001,0.6000000000000001,20.0,30.0,80.0,0.75,0.4,0.9,0.9,75.0,95.0,65.0,1105,1092,13,1105,0.011764705882352941,1.2488036790999304,1.5,0.8325357860666203,539,0.4935897435897436,1.0,1
"iteration_2","SCOPE_DATA_COLLECTION",800,11,730.0,790.0,0,4652,3360,1105,4633,3462,1166,4658,3350,1089,5,10,13,0.001072271070126528,0.002976190476190476,0.011796733212341199,0.3037287195621375,0.711086036368787,1.2402328873134056,0.607457439124275,0.711086036368787,0.8268219248756038,0.2421640188922284,0.45104477611940297,0.48943985307621674,97.5,100.0,4498,3455,1164,23,5,0,0.005113383726100489,0.001447178002894356,0.0,0.75,0.4,0.9,0.9,75.0,95.0,65.0,0.8500000000000001,0.4,0.9,0.9,75.0,95.0,65.0,4744,4735,9,4744,0.0018971332209106238,0.3071795457848432,0.5,0.6143590915696864,1127,0.23801478352692715,1.0,1
"iteration_2","SCOPE_DATA_COLLECTION",800,11,730.0,790.0,1,4652,3360,1105,4633,3462,1166,4658,3350,1089,5,10,13,0.001072271070126528,0.002976190476190476,0.011796733212341199,0.3037287195621375,0.711086036368787,1.2402328873134056,0.607457439124275,0.711086036368787,0.8268219248756038,0.2421640188922284,0.45104477611940297,0.48943985307621674,97.5,100.0,4498,3455,1164,23,5,0,0.005113383726100489,0.001447178002894356,0.0,0.75,0.4,0.9,0.9,75.0,95.0,65.0,0.8500000000000001,0.4,0.9,0.9,75.0,95.0,65.0,3303,3289,14,3303,0.004238570996064184,0.7318092432509241,1.0,0.7318092432509241,1509,0.4588020674977197,1.0,1
"iteration_2","SCOPE_DATA_COLLECTION",800,11,730.0,790.0,2,4652,3360,1105,4633,3462,1166,4658,3350,1089,5,10,13,0.001072271070126528,0.002976190476190476,0.011796733212341199,0.3037287195621375,0.711086036368787,1.2402328873134056,0.607457439124275,0.711086036368787,0.8268219248756038,0.2421640188922284,0.45104477611940297,0.48943985307621674,97.5,100.0,4498,3455,1164,23,5,0,0.005113383726100489,0.001447178002894356,0.0,0.75,0.4,0.9,0.9,75.0,95.0,65.0,0.8500000000000001,0.4,0.9,0.9,75.0,95.0,65.0,1124,1113,11,1124,0.009786476868327402,1.2859718039663297,1.5,0.8573145359775531,566,0.5085354896675651,1.0,1
"iteration_2","SCOPE_DATA_COLLECTION",800,12,790.0,850.0,0,4744,3303,1124,4652,3360,1105,4723,3304,1105,8,14,11,0.0016909744240118367,0.004219409282700422,0.00985663082437276,0.3066431735146735,0.7338879849870356,1.2837322073910418,0.613286347029347,0.7338879849870356,0.8558214715940279,0.2365022231632437,0.4600484261501211,0.5067873303167421,100.0,100.0,4539,3900,732,28,5,0,0.006168759638686935,0.001282051282051282,0.0,0.8500000000000001,0.4,0.9,0.9,75.0,95.0,65.0,0.75,0.4,0.8,0.8,65.0,85.0,65.0,4567,4563,4,4567,8.758484782132691E-4,0.3173501084119469,0.5,0.6347002168238938,1175,0.25750602673679596,1.0,1
"iteration_2","SCOPE_DATA_COLLECTION",800,12,790.0,850.0,1,4744,3303,1124,4652,3360,1105,4723,3304,1105,8,14,11,0.0016909744240118367,0.004219409282700422,0.00985663082437276,0.3066431735146735,0.7338879849870356,1.2837322073910418,0.613286347029347,0.7338879849870356,0.8558214715940279,0.2365022231632437,0.4600484261501211,0.5067873303167421,100.0,100.0,4539,3900,732,28,5,0,0.006168759638686935,0.001282051282051282,0.0,0.8500000000000001,0.4,0.9,0.9,75.0,95.0,65.0,0.75,0.4,0.8,0.8,65.0,85.0,65.0,3358,3348,10,3358,0.0029779630732578916,0.7076017100510894,1.0,0.7076017100510894,1481,0.4423536439665472,1.0,1
"iteration_2","SCOPE_DATA_COLLECTION",800,12,790.0,850.0,2,4744,3303,1124,4652,3360,1105,4723,3304,1105,8,14,11,0.0016909744240118367,0.004219409282700422,0.00985663082437276,0.3066431735146735,0.7338879849870356,1.2837322073910418,0.613286347029347,0.7338879849870356,0.8558214715940279,0.2365022231632437,0.4600484261501211,0.5067873303167421,100.0,100.0,4539,3900,732,28,5,0,0.006168759638686935,0.001282051282051282,0.0,0.8500000000000001,0.4,0.9,0.9,75.0,95.0,65.0,0.75,0.4,0.8,0.8,65.0,85.0,65.0,1060,1044,16,1060,0.01509433962264151,1.280768754440969,1.5,0.8538458362939793,530,0.5076628352490421,1.0,1
"iteration_2","SCOPE_DATA_COLLECTION",800,13,850.0,910.0,0,4567,3358,1060,4744,3303,1124,4571,3352,1041,5,10,15,0.0010926573426573427,0.00297441998810232,0.014204545454545454,0.31707098886383467,0.7059838980228764,1.2782447237392152,0.6341419777276693,0.7059838980228764,0.8521631491594768,0.25705534893896304,0.4412291169451074,0.5062439961575408,97.5,100.0,4578,3291,1116,30,0,0,0.00655307994757536,0.0,0.0,0.75,0.4,0.8,0.8,65.0,85.0,65.0,0.8500000000000001,0.5,0.7000000000000001,0.7000000000000001,65.0,95.0,75.0,4687,4683,4,4687,8.534243652656284E-4,0.32186579842210994,0.5,0.6437315968442199,1332,0.28443305573350414,1.0,1
"iteration_2","SCOPE_DATA_COLLECTION",800,13,850.0,910.0,1,4567,3358,1060,4744,3303,1124,4571,3352,1041,5,10,15,0.0010926573426573427,0.00297441998810232,0.014204545454545454,0.31707098886383467,0.7059838980228764,1.2782447237392152,0.6341419777276693,0.7059838980228764,0.8521631491594768,0.25705534893896304,0.4412291169451074,0.5062439961575408,97.5,100.0,4578,3291,1116,30,0,0,0.00655307994757536,0.0,0.0,0.75,0.4,0.8,0.8,65.0,85.0,65.0,0.8500000000000001,0.5,0.7000000000000001,0.7000000000000001,65.0,95.0,75.0,3452,3442,10,3452,0.0028968713789107765,0.7425519893411545,1.0,0.7425519893411545,1607,0.4668797210923881,1.0,1
"iteration_2","SCOPE_DATA_COLLECTION",800,13,850.0,910.0,2,4567,3358,1060,4744,3303,1124,4571,3352,1041,5,10,15,0.0010926573426573427,0.00297441998810232,0.014204545454545454,0.31707098886383467,0.7059838980228764,1.2782447237392152,0.6341419777276693,0.7059838980228764,0.8521631491594768,0.25705534893896304,0.4412291169451074,0.5062439961575408,97.5,100.0,4578,3291,1116,30,0,0,0.00655307994757536,0.0,0.0,0.75,0.4,0.8,0.8,65.0,85.0,65.0,0.8500000000000001,0.5,0.7000000000000001,0.7000000000000001,65.0,95.0,75.0,1135,1119,16,1135,0.014096916299559472,1.2407100283383912,1.5,0.8271400188922607,537,0.47989276139410186,1.0,1
"iteration_2","SCOPE_DATA_COLLECTION",800,14,910.0,970.0,0,4687,3452,1135,4567,3358,1060,4674,3438,1129,4,10,17,8.550662676357417E-4,0.002900232018561485,0.014834205933682374,0.32157722985954257,0.7428257847599258,1.2490523110822818,0.6431544597190851,0.7428257847599258,0.8327015407215211,0.2847667950363714,0.4662594531704479,0.4853852967227635,100.0,100.0,4583,3994,697,28,3,0,0.006109535238926467,7.511266900350526E-4,0.0,0.8500000000000001,0.5,0.7000000000000001,0.7000000000000001,65.0,95.0,75.0,0.8500000000000001,0.4,0.7000000000000001,0.6000000000000001,65.0,85.0,75.0,4820,4812,8,4820,0.0016597510373443983,0.31265311947191715,0.5,0.6253062389438343,1265,0.26288445552784706,1.0,1
"iteration_2","SCOPE_DATA_COLLECTION",800,14,910.0,970.0,1,4687,3452,1135,4567,3358,1060,4674,3438,1129,4,10,17,8.550662676357417E-4,0.002900232018561485,0.014834205933682374,0.32157722985954257,0.7428257847599258,1.2490523110822818,0.6431544597190851,0.7428257847599258,0.8327015407215211,0.2847667950363714,0.4662594531704479,0.4853852967227635,100.0,100.0,4583,3994,697,28,3,0,0.006109535238926467,7.511266900350526E-4,0.0,0.8500000000000001,0.5,0.7000000000000001,0.7000000000000001,65.0,95.0,75.0,0.8500000000000001,0.4,0.7000000000000001,0.6000000000000001,65.0,85.0,75.0,3317,3308,9,3317,0.0027132951462164605,0.7174059181474016,1.0,0.7174059181474016,1524,0.4607013301088271,1.0,1
"iteration_2","SCOPE_DATA_COLLECTION",800,14,910.0,970.0,2,4687,3452,1135,4567,3358,1060,4674,3438,1129,4,10,17,8.550662676357417E-4,0.002900232018561485,0.014834205933682374,0.32157722985954257,0.7428257847599258,1.2490523110822818,0.6431544597190851,0.7428257847599258,0.8327015407215211,0.2847667950363714,0.4662594531704479,0.4853852967227635,100.0,100.0,4583,3994,697,28,3,0,0.006109535238926467,7.511266900350526E-4,0.0,0.8500000000000001,0.5,0.7000000000000001,0.7000000000000001,65.0,95.0,75.0,0.8500000000000001,0.4,0.7000000000000001,0.6000000000000001,65.0,85.0,75.0,1123,1113,10,1123,0.008904719501335707,1.2707902381746388,1.5,0.8471934921164258,555,0.49865229110512127,1.0,1
"iteration_2","SCOPE_DATA_COLLECTION",800,15,970.0,1030.0,0,4820,3317,1123,4687,3452,1135,4818,3307,1109,8,9,10,0.0016576875259013675,0.0027141133896260556,0.008936550491510277,0.31307788540964365,0.7169037507205258,1.269523490766769,0.6261557708192873,0.7169037507205258,0.8463489938445127,0.2627646326276463,0.4605382521923193,0.4977457168620379,97.5,100.0,4582,3964,714,24,3,0,0.005237887385421213,7.568113017154389E-4,0.0,0.8500000000000001,0.4,0.7000000000000001,0.6000000000000001,65.0,85.0,75.0,0.45,0.1,0.4,0.2,35.0,85.0,55.0,4788,4787,1,4788,2.0885547201336674E-4,0.28973416332928126,0.5,0.5794683266585625,939,0.19615625652809693,1.0,1
"iteration_2","SCOPE_DATA_COLLECTION",800,15,970.0,1030.0,1,4820,3317,1123,4687,3452,1135,4818,3307,1109,8,9,10,0.0016576875259013675,0.0027141133896260556,0.008936550491510277,0.31307788540964365,0.7169037507205258,1.269523490766769,0.6261557708192873,0.7169037507205258,0.8463489938445127,0.2627646326276463,0.4605382521923193,0.4977457168620379,97.5,100.0,4582,3964,714,24,3,0,0.005237887385421213,7.568113017154389E-4,0.0,0.8500000000000001,0.4,0.7000000000000001,0.6000000000000001,65.0,85.0,75.0,0.45,0.1,0.4,0.2,35.0,85.0,55.0,3415,3407,8,3415,0.002342606149341142,0.7049577135809065,1.0,0.7049577135809065,1554,0.4561197534487819,1.0,1
"iteration_2","SCOPE_DATA_COLLECTION",800,15,970.0,1030.0,2,4820,3317,1123,4687,3452,1135,4818,3307,1109,8,9,10,0.0016576875259013675,0.0027141133896260556,0.008936550491510277,0.31307788540964365,0.7169037507205258,1.269523490766769,0.6261557708192873,0.7169037507205258,0.8463489938445127,0.2627646326276463,0.4605382521923193,0.4977457168620379,97.5,100.0,4582,3964,714,24,3,0,0.005237887385421213,7.568113017154389E-4,0.0,0.8500000000000001,0.4,0.7000000000000001,0.6000000000000001,65.0,85.0,75.0,0.45,0.1,0.4,0.2,35.0,85.0,55.0,1110,1104,6,1110,0.005405405405405406,1.2334394993106415,1.5,0.8222929995404277,549,0.49728260869565216,1.0,1
"iteration_2","SCOPE_DATA_COLLECTION",800,16,1030.0,1090.0,0,4788,3415,1110,4820,3317,1123,4792,3401,1103,1,8,6,2.0863759649488838E-4,0.0023467292461132297,0.005410279531109108,0.29020721001549843,0.7047141805564352,1.230897262012938,0.5804144200309969,0.7047141805564352,0.820598174675292,0.19720367278797996,0.45663040282269923,0.49501359927470534,97.5,100.0,4598,2144,2571,14,1,0,0.003044802087864289,4.664179104477612E-4,0.0,0.45,0.1,0.4,0.2,35.0,85.0,55.0,0.55,0.1,0.5,0.2,25.0,85.0,45.0,4765,4758,7,4765,0.0014690451206715634,0.29614764716107383,0.5,0.5922952943221477,978,0.2055485498108449,1.0,1
"iteration_2","SCOPE_DATA_COLLECTION",800,16,1030.0,1090.0,1,4788,3415,1110,4820,3317,1123,4792,3401,1103,1,8,6,2.0863759649488838E-4,0.0023467292461132297,0.005410279531109108,0.29020721001549843,0.7047141805564352,1.230897262012938,0.5804144200309969,0.7047141805564352,0.820598174675292,0.19720367278797996,0.45663040282269923,0.49501359927470534,97.5,100.0,4598,2144,2571,14,1,0,0.003044802087864289,4.664179104477612E-4,0.0,0.45,0.1,0.4,0.2,35.0,85.0,55.0,0.55,0.1,0.5,0.2,25.0,85.0,45.0,3452,3447,5,3452,0.0014484356894553883,0.7051699322187809,1.0,0.7051699322187809,1545,0.4482158398607485,1.0,1
"iteration_2","SCOPE_DATA_COLLECTION",800,16,1030.0,1090.0,2,4788,3415,1110,4820,3317,1123,4792,3401,1103,1,8,6,2.0863759649488838E-4,0.0023467292461132297,0.005410279531109108,0.29020721001549843,0.7047141805564352,1.230897262012938,0.5804144200309969,0.7047141805564352,0.820598174675292,0.19720367278797996,0.45663040282269923,0.49501359927470534,97.5,100.0,4598,2144,2571,14,1,0,0.003044802087864289,4.664179104477612E-4,0.0,0.45,0.1,0.4,0.2,35.0,85.0,55.0,0.55,0.1,0.5,0.2,25.0,85.0,45.0,1109,1106,3,1109,0.002705139765554554,1.2304772441803364,1.5,0.820318162786891,551,0.49819168173598555,1.0,1
"iteration_2","SCOPE_DATA_COLLECTION",800,17,1090.0,1150.0,0,4765,3452,1109,4788,3415,1110,4751,3453,1109,7,5,3,0.0014712063892391761,0.0014459224985540775,0.002697841726618705,0.2954605393291487,0.7045639857688609,1.2342342013068515,0.5909210786582973,0.7045639857688609,0.8228228008712343,0.20543043569774785,0.4471474080509702,0.5004508566275925,100.0,100.0,4690,2491,2145,13,2,0,0.002771855010660981,8.028904054596548E-4,0.0,0.55,0.1,0.5,0.2,25.0,85.0,45.0,0.65,0.7000000000000001,0.6000000000000001,0.9,45.0,40.0,80.0,4617,4610,7,4617,0.0015161360190599957,0.3167391263994644,0.5,0.6334782527989288,1261,0.2735357917570499,1.0,1
"iteration_2","SCOPE_DATA_COLLECTION",800,17,1090.0,1150.0,1,4765,3452,1109,4788,3415,1110,4751,3453,1109,7,5,3,0.0014712063892391761,0.0014459224985540775,0.002697841726618705,0.2954605393291487,0.7045639857688609,1.2342342013068515,0.5909210786582973,0.7045639857688609,0.8228228008712343,0.20543043569774785,0.4471474080509702,0.5004508566275925,100.0,100.0,4690,2491,2145,13,2,0,0.002771855010660981,8.028904054596548E-4,0.0,0.55,0.1,0.5,0.2,25.0,85.0,45.0,0.65,0.7000000000000001,0.6000000000000001,0.9,45.0,40.0,80.0,3502,3492,10,3502,0.0028555111364934323,0.7151530062346998,1.0,0.7151530062346998,1556,0.44558991981672397,1.0,1
"iteration_2","SCOPE_DATA_COLLECTION",800,17,1090.0,1150.0,2,4765,3452,1109,4788,3415,1110,4751,3453,1109,7,5,3,0.0014712063892391761,0.0014459224985540775,0.002697841726618705,0.2954605393291487,0.7045639857688609,1.2342342013068515,0.5909210786582973,0.7045639857688609,0.8228228008712343,0.20543043569774785,0.4471474080509702,0.5004508566275925,100.0,100.0,4690,2491,2145,13,2,0,0.002771855010660981,8.028904054596548E-4,0.0,0.55,0.1,0.5,0.2,25.0,85.0,45.0,0.65,0.7000000000000001,0.6000000000000001,0.9,45.0,40.0,80.0,1120,1107,13,1120,0.011607142857142858,1.2436473783629978,1.5,0.8290982522419985,538,0.4859981933152665,1.0,1
"iteration_2","SCOPE_DATA_COLLECTION",800,18,1150.0,1210.0,0,4617,3502,1120,4765,3452,1109,4615,3484,1102,7,10,13,0.0015144958892254435,0.0028620492272467086,0.011659192825112108,0.31647516395967046,0.71378933505006,1.2396156009084318,0.6329503279193409,0.71378933505006,0.8264104006056212,0.27215601300108344,0.4463260619977038,0.484573502722323,100.0,100.0,4482,3115,1642,29,1,0,0.006470325747434181,3.2102728731942215E-4,0.0,0.65,0.7000000000000001,0.6000000000000001,0.9,45.0,40.0,80.0,0.65,0.7000000000000001,0.6000000000000001,0.9,45.0,40.0,80.0,4623,4617,6,4623,0.0012978585334198572,0.32450579752777886,0.5,0.6490115950555577,1297,0.28091834524583065,1.0,1
"iteration_2","SCOPE_DATA_COLLECTION",800,18,1150.0,1210.0,1,4617,3502,1120,4765,3452,1109,4615,3484,1102,7,10,13,0.0015144958892254435,0.0028620492272467086,0.011659192825112108,0.31647516395967046,0.71378933505006,1.2396156009084318,0.6329503279193409,0.71378933505006,0.8264104006056212,0.27215601300108344,0.4463260619977038,0.484573502722323,100.0,100.0,4482,3115,1642,29,1,0,0.006470325747434181,3.2102728731942215E-4,0.0,0.65,0.7000000000000001,0.6000000000000001,0.9,45.0,40.0,80.0,0.65,0.7000000000000001,0.6000000000000001,0.9,45.0,40.0,80.0,3497,3475,22,3497,0.0062911066628538745,0.7015969212217078,1.0,0.7015969212217078,1507,0.43366906474820144,1.0,1
"iteration_2","SCOPE_DATA_COLLECTION",800,18,1150.0,1210.0,2,4617,3502,1120,4765,3452,1109,4615,3484,1102,7,10,13,0.0015144958892254435,0.0028620492272467086,0.011659192825112108,0.31647516395967046,0.71378933505006,1.2396156009084318,0.6329503279193409,0.71378933505006,0.8264104006056212,0.27215601300108344,0.4463260619977038,0.484573502722323,100.0,100.0,4482,3115,1642,29,1,0,0.006470325747434181,3.2102728731942215E-4,0.0,0.65,0.7000000000000001,0.6000000000000001,0.9,45.0,40.0,80.0,0.65,0.7000000000000001,0.6000000000000001,0.9,45.0,40.0,80.0,1134,1119,15,1134,0.013227513227513227,1.274035955791991,1.5,0.8493573038613272,558,0.49865951742627346,1.0,1
"iteration_2","SCOPE_DATA_COLLECTION",800,19,1210.0,1270.0,0,4623,3497,1134,4617,3502,1120,4601,3487,1124,6,22,15,0.001302365964836119,0.006269592476489028,0.013169446883230905,0.3237884424985053,0.7034599956298987,1.2776197567281584,0.6475768849970106,0.7034599956298987,0.851746504485439,0.27950445555314063,0.4347576713507313,0.5008896797153025,97.5,100.0,4507,3077,1670,42,1,0,0.009318837364100288,3.2499187520311994E-4,0.0,0.65,0.7000000000000001,0.6000000000000001,0.9,45.0,40.0,80.0,0.8,0.4,0.30000000000000004,0.8,30.0,60.0,30.0,4613,4611,2,4613,4.3355733795794494E-4,0.3055927320904075,0.5,0.611185464180815,1055,0.22880069399262634,1.0,1
"iteration_2","SCOPE_DATA_COLLECTION",800,19,1210.0,1270.0,1,4623,3497,1134,4617,3502,1120,4601,3487,1124,6,22,15,0.001302365964836119,0.006269592476489028,0.013169446883230905,0.3237884424985053,0.7034599956298987,1.2776197567281584,0.6475768849970106,0.7034599956298987,0.851746504485439,0.27950445555314063,0.4347576713507313,0.5008896797153025,97.5,100.0,4507,3077,1670,42,1,0,0.009318837364100288,3.2499187520311994E-4,0.0,0.65,0.7000000000000001,0.6000000000000001,0.9,45.0,40.0,80.0,0.8,0.4,0.30000000000000004,0.8,30.0,60.0,30.0,3406,3395,11,3406,0.0032295948326482677,0.6782365854493768,1.0,0.6782365854493768,1469,0.4326951399116348,1.0,1
"iteration_2","SCOPE_DATA_COLLECTION",800,19,1210.0,1270.0,2,4623,3497,1134,4617,3502,1120,4601,3487,1124,6,22,15,0.001302365964836119,0.006269592476489028,0.013169446883230905,0.3237884424985053,0.7034599956298987,1.2776197567281584,0.6475768849970106,0.7034599956298987,0.851746504485439,0.27950445555314063,0.4347576713507313,0.5008896797153025,97.5,100.0,4507,3077,1670,42,1,0,0.009318837364100288,3.2499187520311994E-4,0.0,0.65,0.7000000000000001,0.6000000000000001,0.9,45.0,40.0,80.0,0.8,0.4,0.30000000000000004,0.8,30.0,60.0,30.0,1113,1098,15,1113,0.013477088948787063,1.2569876828040676,1.5,0.8379917885360451,547,0.4981785063752277,1.0,1
"iteration_2","SCOPE_DATA_COLLECTION",800,20,1270.0,1330.0,0,4613,3406,1113,4623,3497,1134,4631,3388,1090,2,11,15,4.316857327865314E-4,0.003236245954692557,0.013574660633484163,0.30763896342242336,0.6799344334793115,1.2489124913689982,0.6152779268448467,0.6799344334793115,0.8326083275793321,0.23256316130425395,0.43270365997638727,0.4935779816513762,95.0,100.0,4519,3707,906,27,1,0,0.005974773179907059,2.697599136768276E-4,0.0,0.8,0.4,0.30000000000000004,0.8,30.0,60.0,30.0,0.9,0.4,0.30000000000000004,0.8,20.0,70.0,40.0,4655,4650,5,4655,0.0010741138560687433,0.304311767746883,0.5,0.608623535493766,1099,0.2363440860215054,1.0,1
"iteration_2","SCOPE_DATA_COLLECTION",800,20,1270.0,1330.0,1,4613,3406,1113,4623,3497,1134,4631,3388,1090,2,11,15,4.316857327865314E-4,0.003236245954692557,0.013574660633484163,0.30763896342242336,0.6799344334793115,1.2489124913689982,0.6152779268448467,0.6799344334793115,0.8326083275793321,0.23256316130425395,0.43270365997638727,0.4935779816513762,95.0,100.0,4519,3707,906,27,1,0,0.005974773179907059,2.697599136768276E-4,0.0,0.8,0.4,0.30000000000000004,0.8,30.0,60.0,30.0,0.9,0.4,0.30000000000000004,0.8,20.0,70.0,40.0,3389,3382,7,3389,0.0020655060489820007,0.6811292967081399,1.0,0.6811292967081399,1479,0.43731519810762864,1.0,1
"iteration_2","SCOPE_DATA_COLLECTION",800,20,1270.0,1330.0,2,4613,3406,1113,4623,3497,1134,4631,3388,1090,2,11,15,4.316857327865314E-4,0.003236245954692557,0.013574660633484163,0.30763896342242336,0.6799344334793115,1.2489124913689982,0.6152779268448467,0.6799344334793115,0.8326083275793321,0.23256316130425395,0.43270365997638727,0.4935779816513762,95.0,100.0,4519,3707,906,27,1,0,0.005974773179907059,2.697599136768276E-4,0.0,0.8,0.4,0.30000000000000004,0.8,30.0,60.0,30.0,0.9,0.4,0.30000000000000004,0.8,20.0,70.0,40.0,1142,1131,11,1142,0.009632224168126095,1.2361333975895543,1.5,0.8240889317263695,552,0.4880636604774536,1.0,1
"iteration_2","SCOPE_DATA_COLLECTION",800,21,1330.0,1390.0,0,4655,3389,1142,4613,3406,1113,4634,3393,1132,5,7,11,0.0010778184953653806,0.002058823529411765,0.009623797025371828,0.30287511746490176,0.6796660729564206,1.2379016685698692,0.6057502349298035,0.6796660729564206,0.8252677790465794,0.23392317652136382,0.43737105806071325,0.48851590106007065,97.5,100.0,4475,4254,457,17,6,0,0.003798882681564246,0.0014104372355430183,0.0,0.9,0.4,0.30000000000000004,0.8,20.0,70.0,40.0,0.5,0.4,0.7000000000000001,0.7000000000000001,80.0,50.0,30.0,4689,4686,3,4689,6.397952655150352E-4,0.31971530310870144,0.5,0.6394306062174029,1247,0.2661118224498506,1.0,1
"iteration_2","SCOPE_DATA_COLLECTION",800,21,1330.0,1390.0,1,4655,3389,1142,4613,3406,1113,4634,3393,1132,5,7,11,0.0010778184953653806,0.002058823529411765,0.009623797025371828,0.30287511746490176,0.6796660729564206,1.2379016685698692,0.6057502349298035,0.6796660729564206,0.8252677790465794,0.23392317652136382,0.43737105806071325,0.48851590106007065,97.5,100.0,4475,4254,457,17,6,0,0.003798882681564246,0.0014104372355430183,0.0,0.9,0.4,0.30000000000000004,0.8,20.0,70.0,40.0,0.5,0.4,0.7000000000000001,0.7000000000000001,80.0,50.0,30.0,3346,3334,12,3346,0.0035863717872086074,0.6918572999682749,1.0,0.6918572999682749,1436,0.43071385722855426,1.0,1
"iteration_2","SCOPE_DATA_COLLECTION",800,21,1330.0,1390.0,2,4655,3389,1142,4613,3406,1113,4634,3393,1132,5,7,11,0.0010778184953653806,0.002058823529411765,0.009623797025371828,0.30287511746490176,0.6796660729564206,1.2379016685698692,0.6057502349298035,0.6796660729564206,0.8252677790465794,0.23392317652136382,0.43737105806071325,0.48851590106007065,97.5,100.0,4475,4254,457,17,6,0,0.003798882681564246,0.0014104372355430183,0.0,0.9,0.4,0.30000000000000004,0.8,20.0,70.0,40.0,0.5,0.4,0.7000000000000001,0.7000000000000001,80.0,50.0,30.0,1151,1129,22,1151,0.019113814074717638,1.222453813646671,1.5,0.8149692090977806,543,0.48095659875996455,1.0,1
"iteration_2","SCOPE_DATA_COLLECTION",800,22,1390.0,1450.0,0,4689,3346,1151,4655,3389,1142,4698,3342,1131,3,12,22,6.381620931716656E-4,0.0035778175313059034,0.019080659150043366,0.3203839920464874,0.6941113894250162,1.222709861114214,0.6407679840929748,0.6941113894250162,0.815139907409476,0.26756066411238827,0.4314781567923399,0.48099027409372236,97.5,100.0,4602,2307,2277,34,3,0,0.007388092133854845,0.0013003901170351106,0.0,0.5,0.4,0.7000000000000001,0.7000000000000001,80.0,50.0,30.0,0.15000000000000002,0.5,0.4,0.30000000000000004,60.0,65.0,45.0,4784,4257,527,4784,0.11015886287625418,0.44032032096192647,0.5,0.8806406419238529,1351,0.3173596429410383,1.0,1
"iteration_2","SCOPE_DATA_COLLECTION",800,22,1390.0,1450.0,1,4689,3346,1151,4655,3389,1142,4698,3342,1131,3,12,22,6.381620931716656E-4,0.0035778175313059034,0.019080659150043366,0.3203839920464874,0.6941113894250162,1.222709861114214,0.6407679840929748,0.6941113894250162,0.815139907409476,0.26756066411238827,0.4314781567923399,0.48099027409372236,97.5,100.0,4602,2307,2277,34,3,0,0.007388092133854845,0.0013003901170351106,0.0,0.5,0.4,0.7000000000000001,0.7000000000000001,80.0,50.0,30.0,0.15000000000000002,0.5,0.4,0.30000000000000004,60.0,65.0,45.0,3457,3047,410,3457,0.11859994214636968,0.8510418668487602,1.0,0.8510418668487602,1525,0.5004922874958976,1.0,1
"iteration_2","SCOPE_DATA_COLLECTION",800,22,1390.0,1450.0,2,4689,3346,1151,4655,3389,1142,4698,3342,1131,3,12,22,6.381620931716656E-4,0.0035778175313059034,0.019080659150043366,0.3203839920464874,0.6941113894250162,1.222709861114214,0.6407679840929748,0.6941113894250162,0.815139907409476,0.26756066411238827,0.4314781567923399,0.48099027409372236,97.5,100.0,4602,2307,2277,34,3,0,0.007388092133854845,0.0013003901170351106,0.0,0.5,0.4,0.7000000000000001,0.7000000000000001,80.0,50.0,30.0,0.15000000000000002,0.5,0.4,0.30000000000000004,60.0,65.0,45.0,1092,954,138,1092,0.12637362637362637,1.4391395317391424,1.5,0.9594263544927616,535,0.560796645702306,1.0,1
"iteration_2","SCOPE_DATA_COLLECTION",800,23,1450.0,1510.0,0,4784,3457,1092,4689,3346,1151,4262,3032,956,527,410,138,0.11004385049070788,0.11911679256246369,0.12614259597806216,0.4402467826320195,0.8493048723218742,1.4401828724025023,0.880493565264039,0.8493048723218742,0.9601219149350015,0.31698732989206946,0.49967018469656993,0.5617154811715481,97.5,100.0,4489,737,4107,14,1,1060,0.00311873468478503,0.0013568521031207597,0.25809593377160944,0.15000000000000002,0.5,0.4,0.30000000000000004,60.0,65.0,45.0,0.25,0.4,0.4,0.30000000000000004,70.0,75.0,45.0,4734,4573,161,4734,0.03400929446556823,0.3393876115960036,0.5,0.6787752231920072,1194,0.2610977476492456,1.0,1
"iteration_2","SCOPE_DATA_COLLECTION",800,23,1450.0,1510.0,1,4784,3457,1092,4689,3346,1151,4262,3032,956,527,410,138,0.11004385049070788,0.11911679256246369,0.12614259597806216,0.4402467826320195,0.8493048723218742,1.4401828724025023,0.880493565264039,0.8493048723218742,0.9601219149350015,0.31698732989206946,0.49967018469656993,0.5617154811715481,97.5,100.0,4489,737,4107,14,1,1060,0.00311873468478503,0.0013568521031207597,0.25809593377160944,0.15000000000000002,0.5,0.4,0.30000000000000004,60.0,65.0,45.0,0.25,0.4,0.4,0.30000000000000004,70.0,75.0,45.0,3289,3145,144,3289,0.04378230465186987,0.7315869264091391,1.0,0.7315869264091391,1420,0.45151033386327505,1.0,1
"iteration_2","SCOPE_DATA_COLLECTION",800,23,1450.0,1510.0,2,4784,3457,1092,4689,3346,1151,4262,3032,956,527,410,138,0.11004385049070788,0.11911679256246369,0.12614259597806216,0.4402467826320195,0.8493048723218742,1.4401828724025023,0.880493565264039,0.8493048723218742,0.9601219149350015,0.31698732989206946,0.49967018469656993,0.5617154811715481,97.5,100.0,4489,737,4107,14,1,1060,0.00311873468478503,0.0013568521031207597,0.25809593377160944,0.15000000000000002,0.5,0.4,0.30000000000000004,60.0,65.0,45.0,0.25,0.4,0.4,0.30000000000000004,70.0,75.0,45.0,1153,1086,67,1153,0.058109280138768434,1.278238939553986,1.5,0.8521592930359906,546,0.5027624309392266,1.0,1
"iteration_2","SCOPE_DATA_COLLECTION",800,24,1510.0,1570.0,0,4734,3289,1153,4784,3457,1092,4560,3148,1096,158,138,65,0.033488766426451884,0.041996348143639686,0.05598621877691645,0.3391975856996677,0.7314535843932795,1.2840849565099401,0.6783951713993354,0.7314535843932795,0.8560566376732934,0.2618421052631579,0.45012706480304954,0.5054744525547445,100.0,100.0,4429,1166,3581,14,1,346,0.003160984420862497,8.576329331046312E-4,0.09662105557106954,0.25,0.4,0.4,0.30000000000000004,70.0,75.0,45.0,0.25,0.4,0.4,0.30000000000000004,70.0,75.0,45.0,4622,4502,120,4622,0.025962786672436174,0.32825517745571936,0.5,0.6565103549114387,1111,0.24677920924033764,1.0,1
"iteration_2","SCOPE_DATA_COLLECTION",800,24,1510.0,1570.0,1,4734,3289,1153,4784,3457,1092,4560,3148,1096,158,138,65,0.033488766426451884,0.041996348143639686,0.05598621877691645,0.3391975856996677,0.7314535843932795,1.2840849565099401,0.6783951713993354,0.7314535843932795,0.8560566376732934,0.2618421052631579,0.45012706480304954,0.5054744525547445,100.0,100.0,4429,1166,3581,14,1,346,0.003160984420862497,8.576329331046312E-4,0.09662105557106954,0.25,0.4,0.4,0.30000000000000004,70.0,75.0,45.0,0.25,0.4,0.4,0.30000000000000004,70.0,75.0,45.0,3354,3277,77,3354,0.022957662492546212,0.72537365460487,1.0,0.72537365460487,1543,0.4708574916081782,1.0,1
"iteration_2","SCOPE_DATA_COLLECTION",800,24,1510.0,1570.0,2,4734,3289,1153,4784,3457,1092,4560,3148,1096,158,138,65,0.033488766426451884,0.041996348143639686,0.05598621877691645,0.3391975856996677,0.7314535843932795,1.2840849565099401,0.6783951713993354,0.7314535843932795,0.8560566376732934,0.2618421052631579,0.45012706480304954,0.5054744525547445,100.0,100.0,4429,1166,3581,14,1,346,0.003160984420862497,8.576329331046312E-4,0.09662105557106954,0.25,0.4,0.4,0.30000000000000004,70.0,75.0,45.0,0.25,0.4,0.4,0.30000000000000004,70.0,75.0,45.0,1128,1105,23,1128,0.020390070921985817,1.2729642810722965,1.5,0.8486428540481977,552,0.4995475113122172,1.0,1
"iteration_2","SCOPE_DATA_COLLECTION",800,25,1570.0,1630.0,0,4622,3354,1128,4734,3289,1153,4504,3271,1091,123,83,25,0.026583099200345798,0.024746571258199165,0.022401433691756272,0.3280302320763855,0.7244918538421596,1.2763651435701358,0.656060464152771,0.7244918538421596,0.8509100957134238,0.24511545293072823,0.4704983185570162,0.5013748854262144,97.5,100.0,4481,1196,3427,23,0,208,0.005132782860968534,0.0,0.06069448497227896,0.25,0.4,0.4,0.30000000000000004,70.0,75.0,45.0,0.35000000000000003,0.30000000000000004,0.30000000000000004,0.4,70.0,75.0,45.0,4721,4681,40,4721,0.008472781190425757,0.30368925645480827,0.5,0.6073785129096165,995,0.21256141850032045,1.0,1
"iteration_2","SCOPE_DATA_COLLECTION",800,25,1570.0,1630.0,1,4622,3354,1128,4734,3289,1153,4504,3271,1091,123,83,25,0.026583099200345798,0.024746571258199165,0.022401433691756272,0.3280302320763855,0.7244918538421596,1.2763651435701358,0.656060464152771,0.7244918538421596,0.8509100957134238,0.24511545293072823,0.4704983185570162,0.5013748854262144,97.5,100.0,4481,1196,3427,23,0,208,0.005132782860968534,0.0,0.06069448497227896,0.25,0.4,0.4,0.30000000000000004,70.0,75.0,45.0,0.35000000000000003,0.30000000000000004,0.30000000000000004,0.4,70.0,75.0,45.0,3369,3334,35,3369,0.010388839418224993,0.6855229233762533,1.0,0.6855229233762533,1448,0.43431313737252547,1.0,1
"iteration_2","SCOPE_DATA_COLLECTION",800,25,1570.0,1630.0,2,4622,3354,1128,4734,3289,1153,4504,3271,1091,123,83,25,0.026583099200345798,0.024746571258199165,0.022401433691756272,0.3280302320763855,0.7244918538421596,1.2763651435701358,0.656060464152771,0.7244918538421596,0.8509100957134238,0.24511545293072823,0.4704983185570162,0.5013748854262144,97.5,100.0,4481,1196,3427,23,0,208,0.005132782860968534,0.0,0.06069448497227896,0.25,0.4,0.4,0.30000000000000004,70.0,75.0,45.0,0.35000000000000003,0.30000000000000004,0.30000000000000004,0.4,70.0,75.0,45.0,1173,1152,21,1173,0.017902813299232736,1.2600648135411046,1.5,0.840043209027403,576,0.5,1.0,1
"iteration_2","SCOPE_DATA_COLLECTION",800,26,1630.0,1690.0,0,4721,3369,1173,4622,3354,1128,4671,3339,1153,40,35,21,0.008490766291657821,0.01037344398340249,0.01788756388415673,0.303117219887678,0.6862074683587439,1.2484443712811981,0.606234439775356,0.6862074683587439,0.8322962475207988,0.2119460500963391,0.4348607367475292,0.4943625325238508,100.0,100.0,4471,1656,3136,21,2,73,0.00469693580854395,0.0012077294685990338,0.023278061224489797,0.35000000000000003,0.30000000000000004,0.30000000000000004,0.4,70.0,75.0,45.0,0.35000000000000003,0.30000000000000004,0.30000000000000004,0.4,70.0,75.0,45.0,4698,4670,28,4698,0.005959982971477224,0.30401467167497637,0.5,0.6080293433499527,1034,0.2214132762312634,1.0,1
"iteration_2","SCOPE_DATA_COLLECTION",800,26,1630.0,1690.0,1,4721,3369,1173,4622,3354,1128,4671,3339,1153,40,35,21,0.008490766291657821,0.01037344398340249,0.01788756388415673,0.303117219887678,0.6862074683587439,1.2484443712811981,0.606234439775356,0.6862074683587439,0.8322962475207988,0.2119460500963391,0.4348607367475292,0.4943625325238508,100.0,100.0,4471,1656,3136,21,2,73,0.00469693580854395,0.0012077294685990338,0.023278061224489797,0.35000000000000003,0.30000000000000004,0.30000000000000004,0.4,70.0,75.0,45.0,0.35000000000000003,0.30000000000000004,0.30000000000000004,0.4,70.0,75.0,45.0,3381,3359,22,3381,0.006506950606329488,0.7074170390737822,1.0,0.7074170390737822,1524,0.45370646025602857,1.0,1
"iteration_2","SCOPE_DATA_COLLECTION",800,26,1630.0,1690.0,2,4721,3369,1173,4622,3354,1128,4671,3339,1153,40,35,21,0.008490766291657821,0.01037344398340249,0.01788756388415673,0.303117219887678,0.6862074683587439,1.2484443712811981,0.606234439775356,0.6862074683587439,0.8322962475207988,0.2119460500963391,0.4348607367475292,0.4943625325238508,100.0,100.0,4471,1656,3136,21,2,73,0.00469693580854395,0.0012077294685990338,0.023278061224489797,0.35000000000000003,0.30000000000000004,0.30000000000000004,0.4,70.0,75.0,45.0,0.35000000000000003,0.30000000000000004,0.30000000000000004,0.4,70.0,75.0,45.0,1074,1054,20,1074,0.0186219739292365,1.2669028986230797,1.5,0.8446019324153865,528,0.5009487666034156,1.0,1
"iteration_2","SCOPE_DATA_COLLECTION",800,27,1690.0,1750.0,0,4698,3381,1074,4721,3369,1173,4671,3353,1063,28,22,20,0.005958714620131943,0.006518518518518518,0.018467220683287166,0.3052676301728439,0.7103896136075831,1.2797844960373201,0.6105352603456878,0.7103896136075831,0.8531896640248801,0.22307856989937916,0.4566060244557113,0.5070555032925682,100.0,100.0,4543,1638,2972,21,1,48,0.004622496147919877,6.105006105006105E-4,0.016150740242261104,0.35000000000000003,0.30000000000000004,0.30000000000000004,0.4,70.0,75.0,45.0,0.35000000000000003,0.30000000000000004,0.2,0.5,60.0,75.0,45.0,4707,4685,22,4707,0.004673889951136605,0.3129931167786901,0.5,0.6259862335573801,1069,0.22817502668089648,1.0,1
"iteration_2","SCOPE_DATA_COLLECTION",800,27,1690.0,1750.0,1,4698,3381,1074,4721,3369,1173,4671,3353,1063,28,22,20,0.005958714620131943,0.006518518518518518,0.018467220683287166,0.3052676301728439,0.7103896136075831,1.2797844960373201,0.6105352603456878,0.7103896136075831,0.8531896640248801,0.22307856989937916,0.4566060244557113,0.5070555032925682,100.0,100.0,4543,1638,2972,21,1,48,0.004622496147919877,6.105006105006105E-4,0.016150740242261104,0.35000000000000003,0.30000000000000004,0.30000000000000004,0.4,70.0,75.0,45.0,0.35000000000000003,0.30000000000000004,0.2,0.5,60.0,75.0,45.0,3502,3471,31,3502,0.00885208452312964,0.677125366147383,1.0,0.677125366147383,1478,0.4258138864880438,1.0,1
"iteration_2","SCOPE_DATA_COLLECTION",800,27,1690.0,1750.0,2,4698,3381,1074,4721,3369,1173,4671,3353,1063,28,22,20,0.005958714620131943,0.006518518518518518,0.018467220683287166,0.3052676301728439,0.7103896136075831,1.2797844960373201,0.6105352603456878,0.7103896136075831,0.8531896640248801,0.22307856989937916,0.4566060244557113,0.5070555032925682,100.0,100.0,4543,1638,2972,21,1,48,0.004622496147919877,6.105006105006105E-4,0.016150740242261104,0.35000000000000003,0.30000000000000004,0.30000000000000004,0.4,70.0,75.0,45.0,0.35000000000000003,0.30000000000000004,0.2,0.5,60.0,75.0,45.0,1111,1094,17,1111,0.0153015301530153,1.2426208932710339,1.5,0.8284139288473559,532,0.48628884826325414,1.0,1
"iteration_2","SCOPE_DATA_COLLECTION",800,28,1750.0,1810.0,0,4707,3502,1111,4698,3381,1074,4692,3460,1086,22,31,17,0.004666949512091642,0.008879977083930107,0.015412511332728921,0.31306106649517346,0.6770646405201449,1.2384717134736059,0.6261221329903469,0.6770646405201449,0.8256478089824039,0.22826086956521738,0.4251445086705202,0.4843462246777164,100.0,100.0,4576,1637,3107,17,3,50,0.003715034965034965,0.0018326206475259622,0.0160926939169617,0.35000000000000003,0.30000000000000004,0.2,0.5,60.0,75.0,45.0,0.45,0.2,0.2,0.4,70.0,85.0,35.0,4578,4551,27,4578,0.005897771952817824,0.29169323870274105,0.5,0.5833864774054821,916,0.2012744451768842,1.0,1
"iteration_2","SCOPE_DATA_COLLECTION",800,28,1750.0,1810.0,1,4707,3502,1111,4698,3381,1074,4692,3460,1086,22,31,17,0.004666949512091642,0.008879977083930107,0.015412511332728921,0.31306106649517346,0.6770646405201449,1.2384717134736059,0.6261221329903469,0.6770646405201449,0.8256478089824039,0.22826086956521738,0.4251445086705202,0.4843462246777164,100.0,100.0,4576,1637,3107,17,3,50,0.003715034965034965,0.0018326206475259622,0.0160926939169617,0.35000000000000003,0.30000000000000004,0.2,0.5,60.0,75.0,45.0,0.45,0.2,0.2,0.4,70.0,85.0,35.0,3393,3366,27,3393,0.007957559681697613,0.6798367482655335,1.0,0.6798367482655335,1503,0.446524064171123,1.0,1
"iteration_2","SCOPE_DATA_COLLECTION",800,28,1750.0,1810.0,2,4707,3502,1111,4698,3381,1074,4692,3460,1086,22,31,17,0.004666949512091642,0.008879977083930107,0.015412511332728921,0.31306106649517346,0.6770646405201449,1.2384717134736059,0.6261221329903469,0.6770646405201449,0.8256478089824039,0.22826086956521738,0.4251445086705202,0.4843462246777164,100.0,100.0,4576,1637,3107,17,3,50,0.003715034965034965,0.0018326206475259622,0.0160926939169617,0.35000000000000003,0.30000000000000004,0.2,0.5,60.0,75.0,45.0,0.45,0.2,0.2,0.4,70.0,85.0,35.0,1073,1064,9,1073,0.008387698042870456,1.2730020645284836,1.5,0.8486680430189891,556,0.5225563909774437,1.0,1
"iteration_2","SCOPE_DATA_COLLECTION",800,29,1810.0,1870.0,0,4578,3393,1073,4707,3502,1111,4560,3384,1065,27,27,9,0.005886200130804447,0.0079155672823219,0.008379888268156424,0.2917772046671853,0.6798973595924123,1.2668607410321822,0.5835544093343706,0.6798973595924123,0.8445738273547881,0.20219298245614034,0.4465130023640662,0.5192488262910798,100.0,100.0,4499,2035,2510,14,4,45,0.003111802622805068,0.0019656019656019656,0.017928286852589643,0.45,0.2,0.2,0.4,70.0,85.0,35.0,0.45,0.1,0.1,0.8,30.0,55.0,95.0,4788,4781,7,4788,0.0014619883040935672,0.2942139955883802,0.5,0.5884279911767604,956,0.1999581677473332,1.0,1
"iteration_2","SCOPE_DATA_COLLECTION",800,29,1810.0,1870.0,1,4578,3393,1073,4707,3502,1111,4560,3384,1065,27,27,9,0.005886200130804447,0.0079155672823219,0.008379888268156424,0.2917772046671853,0.6798973595924123,1.2668607410321822,0.5835544093343706,0.6798973595924123,0.8445738273547881,0.20219298245614034,0.4465130023640662,0.5192488262910798,100.0,100.0,4499,2035,2510,14,4,45,0.003111802622805068,0.0019656019656019656,0.017928286852589643,0.45,0.2,0.2,0.4,70.0,85.0,35.0,0.45,0.1,0.1,0.8,30.0,55.0,95.0,3345,3341,4,3345,0.001195814648729447,0.6867200232464074,1.0,0.6867200232464074,1518,0.4543549835378629,1.0,1
"iteration_2","SCOPE_DATA_COLLECTION",800,29,1810.0,1870.0,2,4578,3393,1073,4707,3502,1111,4560,3384,1065,27,27,9,0.005886200130804447,0.0079155672823219,0.008379888268156424,0.2917772046671853,0.6798973595924123,1.2668607410321822,0.5835544093343706,0.6798973595924123,0.8445738273547881,0.20219298245614034,0.4465130023640662,0.5192488262910798,100.0,100.0,4499,2035,2510,14,4,45,0.003111802622805068,0.0019656019656019656,0.017928286852589643,0.45,0.2,0.2,0.4,70.0,85.0,35.0,0.45,0.1,0.1,0.8,30.0,55.0,95.0,1103,1095,8,1103,0.007252946509519492,1.2845902262941618,1.5,0.8563934841961078,583,0.5324200913242009,1.0,1
"iteration_2","SCOPE_DATA_COLLECTION",800,30,1870.0,1930.0,0,4788,3345,1103,4578,3393,1073,4785,3341,1096,7,4,8,0.0014607679465776294,0.001195814648729447,0.007246376811594203,0.29419712362124517,0.6860242965768106,1.2872451006998784,0.5883942472424903,0.6860242965768106,0.8581634004665856,0.1993730407523511,0.4543549835378629,0.5328467153284672,100.0,100.0,4659,2075,2502,17,2,0,0.003648851684910925,9.638554216867469E-4,0.0,0.45,0.1,0.1,0.8,30.0,55.0,95.0,0.45,0.1,0.2,0.9,20.0,45.0,95.0,4705,4703,2,4705,4.250797024442083E-4,0.2915801613514515,0.5,0.583160322702903,913,0.19413140548586008,1.0,1
"iteration_2","SCOPE_DATA_COLLECTION",800,30,1870.0,1930.0,1,4788,3345,1103,4578,3393,1073,4785,3341,1096,7,4,8,0.0014607679465776294,0.001195814648729447,0.007246376811594203,0.29419712362124517,0.6860242965768106,1.2872451006998784,0.5883942472424903,0.6860242965768106,0.8581634004665856,0.1993730407523511,0.4543549835378629,0.5328467153284672,100.0,100.0,4659,2075,2502,17,2,0,0.003648851684910925,9.638554216867469E-4,0.0,0.45,0.1,0.1,0.8,30.0,55.0,95.0,0.45,0.1,0.2,0.9,20.0,45.0,95.0,3432,3428,4,3432,0.0011655011655011655,0.683801227729332,1.0,0.683801227729332,1524,0.44457409568261375,1.0,1
"iteration_2","SCOPE_DATA_COLLECTION",800,30,1870.0,1930.0,2,4788,3345,1103,4578,3393,1073,4785,3341,1096,7,4,8,0.0014607679465776294,0.001195814648729447,0.007246376811594203,0.29419712362124517,0.6860242965768106,1.2872451006998784,0.5883942472424903,0.6860242965768106,0.8581634004665856,0.1993730407523511,0.4543549835378629,0.5328467153284672,100.0,100.0,4659,2075,2502,17,2,0,0.003648851684910925,9.638554216867469E-4,0.0,0.45,0.1,0.1,0.8,30.0,55.0,95.0,0.45,0.1,0.2,0.9,20.0,45.0,95.0,1123,1114,9,1123,0.008014247551202136,1.2553792269197583,1.5,0.8369194846131722,571,0.5125673249551167,1.0,1
"iteration_2","SCOPE_DATA_COLLECTION",800,31,1930.0,1990.0,0,4705,3432,1123,4788,3345,1103,4701,3420,1117,2,4,9,4.2526047203912394E-4,0.0011682242990654205,0.007992895204262877,0.29142688364692476,0.6805905422341676,1.2595232452112342,0.5828537672938495,0.6805905422341676,0.8396821634741561,0.19421399702191022,0.4415204678362573,0.5156669650850493,100.0,100.0,4642,2114,2504,15,0,0,0.003231365790607497,0.0,0.0,0.45,0.1,0.2,0.9,20.0,45.0,95.0,0.45,0.1,0.1,0.8,30.0,45.0,95.0,4742,4738,4,4742,8.435259384226065E-4,0.29201500675313824,0.5,0.5840300135062765,921,0.1943858168003377,1.0,1
"iteration_2","SCOPE_DATA_COLLECTION",800,31,1930.0,1990.0,1,4705,3432,1123,4788,3345,1103,4701,3420,1117,2,4,9,4.2526047203912394E-4,0.0011682242990654205,0.007992895204262877,0.29142688364692476,0.6805905422341676,1.2595232452112342,0.5828537672938495,0.6805905422341676,0.8396821634741561,0.19421399702191022,0.4415204678362573,0.5156669650850493,100.0,100.0,4642,2114,2504,15,0,0,0.003231365790607497,0.0,0.0,0.45,0.1,0.2,0.9,20.0,45.0,95.0,0.45,0.1,0.1,0.8,30.0,45.0,95.0,3413,3403,10,3413,0.002929973630237328,0.6987009117477392,1.0,0.6987009117477392,1586,0.46605935938877463,1.0,1
"iteration_2","SCOPE_DATA_COLLECTION",800,31,1930.0,1990.0,2,4705,3432,1123,4788,3345,1103,4701,3420,1117,2,4,9,4.2526047203912394E-4,0.0011682242990654205,0.007992895204262877,0.29142688364692476,0.6805905422341676,1.2595232452112342,0.5828537672938495,0.6805905422341676,0.8396821634741561,0.19421399702191022,0.4415204678362573,0.5156669650850493,100.0,100.0,4642,2114,2504,15,0,0,0.003231365790607497,0.0,0.0,0.45,0.1,0.2,0.9,20.0,45.0,95.0,0.45,0.1,0.1,0.8,30.0,45.0,95.0,1077,1066,11,1077,0.01021355617455896,1.2543825182871393,1.5,0.8362550121914262,555,0.5206378986866792,1.0,1
"iteration_2","SCOPE_DATA_COLLECTION",800,32,1990.0,2050.0,0,4742,3413,1077,4705,3432,1123,4746,3411,1062,4,10,11,8.421052631578948E-4,0.0029231218941829875,0.010251630941286114,0.29254829132199806,0.7003483516879192,1.2534040214917175,0.5850965826439961,0.7003483516879192,0.8356026809944783,0.1955330804888327,0.4673116388155966,0.5188323917137476,100.0,100.0,4726,2001,2505,12,1,12,0.0025391451544646637,4.997501249375312E-4,0.004790419161676647,0.45,0.1,0.1,0.8,30.0,45.0,95.0,0.35000000000000003,0.1,0.2,0.9,30.0,35.0,95.0,4705,4649,56,4705,0.011902231668437832,0.2968931187656638,0.5,0.5937862375313276,832,0.1789632178963218,1.0,1
"iteration_2","SCOPE_DATA_COLLECTION",800,32,1990.0,2050.0,1,4742,3413,1077,4705,3432,1123,4746,3411,1062,4,10,11,8.421052631578948E-4,0.0029231218941829875,0.010251630941286114,0.29254829132199806,0.7003483516879192,1.2534040214917175,0.5850965826439961,0.7003483516879192,0.8356026809944783,0.1955330804888327,0.4673116388155966,0.5188323917137476,100.0,100.0,4726,2001,2505,12,1,12,0.0025391451544646637,4.997501249375312E-4,0.004790419161676647,0.45,0.1,0.1,0.8,30.0,45.0,95.0,0.35000000000000003,0.1,0.2,0.9,30.0,35.0,95.0,3329,3288,41,3329,0.012316010814058276,0.7234982331771511,1.0,0.7234982331771511,1552,0.4720194647201946,1.0,1
"iteration_2","SCOPE_DATA_COLLECTION",800,32,1990.0,2050.0,2,4742,3413,1077,4705,3432,1123,4746,3411,1062,4,10,11,8.421052631578948E-4,0.0029231218941829875,0.010251630941286114,0.29254829132199806,0.7003483516879192,1.2534040214917175,0.5850965826439961,0.7003483516879192,0.8356026809944783,0.1955330804888327,0.4673116388155966,0.5188323917137476,100.0,100.0,4726,2001,2505,12,1,12,0.0025391451544646637,4.997501249375312E-4,0.004790419161676647,0.45,0.1,0.1,0.8,30.0,45.0,95.0,0.35000000000000003,0.1,0.2,0.9,30.0,35.0,95.0,1174,1151,23,1174,0.019591141396933562,1.2102687976942859,1.5,0.8068458651295239,558,0.48479582971329277,1.0,1
"iteration_2","SCOPE_DATA_COLLECTION",800,33,2050.0,2110.0,0,4705,3329,1174,4742,3413,1077,4642,3294,1151,56,41,23,0.011919965942954448,0.012293853073463269,0.019591141396933562,0.29626497238052646,0.7248236085041769,1.2057179950272081,0.5925299447610529,0.7248236085041769,0.8038119966848054,0.17750969409737183,0.4732847601700061,0.48305821025195483,97.5,100.0,4675,1526,3007,18,2,100,0.0038502673796791446,0.001310615989515072,0.03325573661456601,0.35000000000000003,0.1,0.2,0.9,30.0,35.0,95.0,0.35000000000000003,0.1,0.2,0.9,30.0,35.0,95.0,4635,4584,51,4635,0.011003236245954692,0.29423772723373975,0.5,0.5884754544674795,807,0.17604712041884818,1.0,1
"iteration_2","SCOPE_DATA_COLLECTION",800,33,2050.0,2110.0,1,4705,3329,1174,4742,3413,1077,4642,3294,1151,56,41,23,0.011919965942954448,0.012293853073463269,0.019591141396933562,0.29626497238052646,0.7248236085041769,1.2057179950272081,0.5925299447610529,0.7248236085041769,0.8038119966848054,0.17750969409737183,0.4732847601700061,0.48305821025195483,97.5,100.0,4675,1526,3007,18,2,100,0.0038502673796791446,0.001310615989515072,0.03325573661456601,0.35000000000000003,0.1,0.2,0.9,30.0,35.0,95.0,0.35000000000000003,0.1,0.2,0.9,30.0,35.0,95.0,3449,3400,49,3449,0.014207016526529429,0.6977375147189137,1.0,0.6977375147189137,1548,0.45529411764705885,1.0,1
"iteration_2","SCOPE_DATA_COLLECTION",800,33,2050.0,2110.0,2,4705,3329,1174,4742,3413,1077,4642,3294,1151,56,41,23,0.011919965942954448,0.012293853073463269,0.019591141396933562,0.29626497238052646,0.7248236085041769,1.2057179950272081,0.5925299447610529,0.7248236085041769,0.8038119966848054,0.17750969409737183,0.4732847601700061,0.48305821025195483,97.5,100.0,4675,1526,3007,18,2,100,0.0038502673796791446,0.001310615989515072,0.03325573661456601,0.35000000000000003,0.1,0.2,0.9,30.0,35.0,95.0,0.35000000000000003,0.1,0.2,0.9,30.0,35.0,95.0,1097,1077,20,1097,0.018231540565177756,1.2697889157150521,1.5,0.8465259438100348,560,0.5199628597957289,1.0,1
"iteration_2","SCOPE_DATA_COLLECTION",800,34,2110.0,2170.0,0,4635,3449,1097,4705,3329,1174,4563,3384,1072,51,49,20,0.011053315994798439,0.014273230410719488,0.018315018315018316,0.2936616781394495,0.6984289388514157,1.2716495513413073,0.587323356278899,0.6984289388514157,0.8477663675608715,0.17466579005040545,0.4562647754137116,0.5214552238805971,97.5,100.0,4641,1579,2961,18,0,102,0.003878474466709761,0.0,0.034447821681864235,0.35000000000000003,0.1,0.2,0.9,30.0,35.0,95.0,0.25,0.2,0.1,0.9,40.0,35.0,85.0,4627,4424,203,4627,0.04387291981845688,0.33062994499635645,0.5,0.6612598899927129,999,0.2258137432188065,1.0,1
"iteration_2","SCOPE_DATA_COLLECTION",800,34,2110.0,2170.0,1,4635,3449,1097,4705,3329,1174,4563,3384,1072,51,49,20,0.011053315994798439,0.014273230410719488,0.018315018315018316,0.2936616781394495,0.6984289388514157,1.2716495513413073,0.587323356278899,0.6984289388514157,0.8477663675608715,0.17466579005040545,0.4562647754137116,0.5214552238805971,97.5,100.0,4641,1579,2961,18,0,102,0.003878474466709761,0.0,0.034447821681864235,0.35000000000000003,0.1,0.2,0.9,30.0,35.0,95.0,0.25,0.2,0.1,0.9,40.0,35.0,85.0,3460,3322,138,3460,0.039884393063583816,0.7196238131526219,1.0,0.7196238131526219,1529,0.4602649006622517,1.0,1
"iteration_2","SCOPE_DATA_COLLECTION",800,34,2110.0,2170.0,2,4635,3449,1097,4705,3329,1174,4563,3384,1072,51,49,20,0.011053315994798439,0.014273230410719488,0.018315018315018316,0.2936616781394495,0.6984289388514157,1.2716495513413073,0.587323356278899,0.6984289388514157,0.8477663675608715,0.17466579005040545,0.4562647754137116,0.5214552238805971,97.5,100.0,4641,1579,2961,18,0,102,0.003878474466709761,0.0,0.034447821681864235,0.35000000000000003,0.1,0.2,0.9,30.0,35.0,95.0,0.25,0.2,0.1,0.9,40.0,35.0,85.0,1138,1078,60,1138,0.05272407732864675,1.2997030078724967,1.5,0.8664686719149978,561,0.5204081632653061,1.0,1
"iteration_2","SCOPE_DATA_COLLECTION",800,35,2170.0,2230.0,0,4627,3460,1138,4635,3449,1097,4440,3325,1087,203,138,60,0.04372173163902649,0.03984984117816922,0.05231037489102005,0.3315424800887368,0.7182268397283205,1.2994266839967132,0.6630849601774736,0.7182268397283205,0.8662844559978088,0.2277027027027027,0.4583458646616541,0.5197792088316467,95.0,100.0,4508,1193,3524,8,1,392,0.001774622892635315,8.382229673093043E-4,0.1112372304199773,0.25,0.2,0.1,0.9,40.0,35.0,85.0,0.25,0.2,0.1,0.9,40.0,35.0,85.0,4675,4556,119,4675,0.025454545454545455,0.34259250256938106,0.5,0.6851850051387621,1005,0.22058823529411764,1.0,1
"iteration_2","SCOPE_DATA_COLLECTION",800,35,2170.0,2230.0,1,4627,3460,1138,4635,3449,1097,4440,3325,1087,203,138,60,0.04372173163902649,0.03984984117816922,0.05231037489102005,0.3315424800887368,0.7182268397283205,1.2994266839967132,0.6630849601774736,0.7182268397283205,0.8662844559978088,0.2277027027027027,0.4583458646616541,0.5197792088316467,95.0,100.0,4508,1193,3524,8,1,392,0.001774622892635315,8.382229673093043E-4,0.1112372304199773,0.25,0.2,0.1,0.9,40.0,35.0,85.0,0.25,0.2,0.1,0.9,40.0,35.0,85.0,3466,3369,97,3466,0.02798615118291979,0.7351904641683507,1.0,0.7351904641683507,1549,0.4597803502523004,1.0,1
"iteration_2","SCOPE_DATA_COLLECTION",800,35,2170.0,2230.0,2,4627,3460,1138,4635,3449,1097,4440,3325,1087,203,138,60,0.04372173163902649,0.03984984117816922,0.05231037489102005,0.3315424800887368,0.7182268397283205,1.2994266839967132,0.6630849601774736,0.7182268397283205,0.8662844559978088,0.2277027027027027,0.4583458646616541,0.5197792088316467,95.0,100.0,4508,1193,3524,8,1,392,0.001774622892635315,8.382229673093043E-4,0.1112372304199773,0.25,0.2,0.1,0.9,40.0,35.0,85.0,0.25,0.2,0.1,0.9,40.0,35.0,85.0,1185,1151,34,1185,0.02869198312236287,1.2513493489043028,1.5,0.8342328992695353,565,0.4908774978279757,1.0,1
"iteration_2","SCOPE_DATA_COLLECTION",800,36,2230.0,2290.0,0,4675,3466,1185,4627,3460,1138,4551,3378,1150,119,97,34,0.025481798715203428,0.027913669064748202,0.028716216216216218,0.34154190554168307,0.7349364184948363,1.2513372002577547,0.6830838110833661,0.7349364184948363,0.8342248001718365,0.21929246319490223,0.45973949082297216,0.49130434782608695,97.5,100.0,4527,1208,3591,15,2,233,0.0033134526176275677,0.0016556291390728477,0.06488443330548593,0.25,0.2,0.1,0.9,40.0,35.0,85.0,0.15000000000000002,0.30000000000000004,0.2,0.8,40.0,35.0,95.0,4774,4294,480,4774,0.10054461667364893,0.3690542855571439,0.5,0.7381085711142878,1181,0.27503493246390315,1.0,1
"iteration_2","SCOPE_DATA_COLLECTION",800,36,2230.0,2290.0,1,4675,3466,1185,4627,3460,1138,4551,3378,1150,119,97,34,0.025481798715203428,0.027913669064748202,0.028716216216216218,0.34154190554168307,0.7349364184948363,1.2513372002577547,0.6830838110833661,0.7349364184948363,0.8342248001718365,0.21929246319490223,0.45973949082297216,0.49130434782608695,97.5,100.0,4527,1208,3591,15,2,233,0.0033134526176275677,0.0016556291390728477,0.06488443330548593,0.25,0.2,0.1,0.9,40.0,35.0,85.0,0.15000000000000002,0.30000000000000004,0.2,0.8,40.0,35.0,95.0,3451,3079,372,3451,0.10779484207476094,0.7743831358728069,1.0,0.7743831358728069,1499,0.4868463786943813,1.0,1
"iteration_2","SCOPE_DATA_COLLECTION",800,36,2230.0,2290.0,2,4675,3466,1185,4627,3460,1138,4551,3378,1150,119,97,34,0.025481798715203428,0.027913669064748202,0.028716216216216218,0.34154190554168307,0.7349364184948363,1.2513372002577547,0.6830838110833661,0.7349364184948363,0.8342248001718365,0.21929246319490223,0.45973949082297216,0.49130434782608695,97.5,100.0,4527,1208,3591,15,2,233,0.0033134526176275677,0.0016556291390728477,0.06488443330548593,0.25,0.2,0.1,0.9,40.0,35.0,85.0,0.15000000000000002,0.30000000000000004,0.2,0.8,40.0,35.0,95.0,1101,990,111,1101,0.1008174386920981,1.403251610052327,1.5,0.935501073368218,560,0.5656565656565656,1.0,1
"iteration_2","SCOPE_DATA_COLLECTION",800,37,2290.0,2350.0,0,4774,3451,1101,4675,3466,1185,4296,3077,990,480,372,111,0.10050251256281408,0.10785734995650913,0.1008174386920981,0.3693482604715875,0.7752973731245737,1.4056074916197965,0.738696520943175,0.7752973731245737,0.9370716610798643,0.27537243947858475,0.48846278843028923,0.5676767676767677,100.0,100.0,4522,724,4080,16,0,947,0.0035382574082264487,0.0,0.2321078431372549,0.15000000000000002,0.30000000000000004,0.2,0.8,40.0,35.0,95.0,0.2,0.6000000000000001,0.1,0.30000000000000004,40.0,85.0,35.0,4613,4178,435,4613,0.09429872100585303,0.3949238223647461,0.5,0.7898476447294922,1172,0.28051699377692674,1.0,1
"iteration_2","SCOPE_DATA_COLLECTION",800,37,2290.0,2350.0,1,4774,3451,1101,4675,3466,1185,4296,3077,990,480,372,111,0.10050251256281408,0.10785734995650913,0.1008174386920981,0.3693482604715875,0.7752973731245737,1.4056074916197965,0.738696520943175,0.7752973731245737,0.9370716610798643,0.27537243947858475,0.48846278843028923,0.5676767676767677,100.0,100.0,4522,724,4080,16,0,947,0.0035382574082264487,0.0,0.2321078431372549,0.15000000000000002,0.30000000000000004,0.2,0.8,40.0,35.0,95.0,0.2,0.6000000000000001,0.1,0.30000000000000004,40.0,85.0,35.0,3375,3061,314,3375,0.09303703703703704,0.789421328017787,1.0,0.789421328017787,1486,0.4854622672329304,1.0,1
"iteration_2","SCOPE_DATA_COLLECTION",800,37,2290.0,2350.0,2,4774,3451,1101,4675,3466,1185,4296,3077,990,480,372,111,0.10050251256281408,0.10785734995650913,0.1008174386920981,0.3693482604715875,0.7752973731245737,1.4056074916197965,0.738696520943175,0.7752973731245737,0.9370716610798643,0.27537243947858475,0.48846278843028923,0.5676767676767677,100.0,100.0,4522,724,4080,16,0,947,0.0035382574082264487,0.0,0.2321078431372549,0.15000000000000002,0.30000000000000004,0.2,0.8,40.0,35.0,95.0,0.2,0.6000000000000001,0.1,0.30000000000000004,40.0,85.0,35.0,1252,1121,131,1252,0.10463258785942492,1.3911989273279195,1.5,0.9274659515519463,604,0.5388046387154326,1.0,1
"iteration_2","SCOPE_DATA_COLLECTION",800,38,2350.0,2410.0,0,4613,3375,1252,4774,3451,1101,4181,3060,1115,430,311,126,0.09325525916287139,0.09225749035894393,0.10153102336825141,0.3953971622700733,0.7903103338290948,1.3859230201709183,0.7907943245401466,0.7903103338290948,0.9239486801139455,0.28246830901698156,0.48594771241830065,0.5354260089686098,100.0,100.0,4354,984,3902,20,2,845,0.004593477262287551,0.0020325203252032522,0.21655561250640698,0.2,0.6000000000000001,0.1,0.30000000000000004,40.0,85.0,35.0,0.1,0.6000000000000001,0.1,0.30000000000000004,50.0,75.0,45.0,4667,3857,810,4667,0.17355903149775015,0.46692489378263685,0.5,0.9338497875652737,1384,0.3588281047446202,1.0,1
"iteration_2","SCOPE_DATA_COLLECTION",800,38,2350.0,2410.0,1,4613,3375,1252,4774,3451,1101,4181,3060,1115,430,311,126,0.09325525916287139,0.09225749035894393,0.10153102336825141,0.3953971622700733,0.7903103338290948,1.3859230201709183,0.7907943245401466,0.7903103338290948,0.9239486801139455,0.28246830901698156,0.48594771241830065,0.5354260089686098,100.0,100.0,4354,984,3902,20,2,845,0.004593477262287551,0.0020325203252032522,0.21655561250640698,0.2,0.6000000000000001,0.1,0.30000000000000004,40.0,85.0,35.0,0.1,0.6000000000000001,0.1,0.30000000000000004,50.0,75.0,45.0,3438,2801,637,3438,0.18528214077952299,0.8609112046769372,1.0,0.8609112046769372,1498,0.5348089967868619,1.0,1
"iteration_2","SCOPE_DATA_COLLECTION",800,38,2350.0,2410.0,2,4613,3375,1252,4774,3451,1101,4181,3060,1115,430,311,126,0.09325525916287139,0.09225749035894393,0.10153102336825141,0.3953971622700733,0.7903103338290948,1.3859230201709183,0.7907943245401466,0.7903103338290948,0.9239486801139455,0.28246830901698156,0.48594771241830065,0.5354260089686098,100.0,100.0,4354,984,3902,20,2,845,0.004593477262287551,0.0020325203252032522,0.21655561250640698,0.2,0.6000000000000001,0.1,0.30000000000000004,40.0,85.0,35.0,0.1,0.6000000000000001,0.1,0.30000000000000004,50.0,75.0,45.0,1116,937,179,1116,0.1603942652329749,1.5029494801703545,1.5,1.0019663201135696,573,0.6115261472785486,1.0,1
"iteration_2","SCOPE_DATA_COLLECTION",800,39,2410.0,2470.0,0,4667,3438,1116,4613,3375,1252,3804,2773,933,815,640,184,0.17644511799090712,0.18751831233518898,0.1647269471799463,0.4230027258664474,0.8144440687130933,1.4858293122162103,0.8460054517328948,0.8144440687130933,0.9905528748108069,0.35147213459516297,0.5297511720158673,0.6087888531618435,97.5,100.0,4419,477,4325,11,1,1627,0.0024892509617560534,0.0020964360587002098,0.3761849710982659,0.1,0.6000000000000001,0.1,0.30000000000000004,50.0,75.0,45.0,0.8,0.9,0.4,0.4,80.0,85.0,75.0,4607,4602,5,4607,0.0010853049706967658,0.3296086172888573,0.5,0.6592172345777146,1331,0.2892220773576706,1.0,1
"iteration_2","SCOPE_DATA_COLLECTION",800,39,2410.0,2470.0,1,4667,3438,1116,4613,3375,1252,3804,2773,933,815,640,184,0.17644511799090712,0.18751831233518898,0.1647269471799463,0.4230027258664474,0.8144440687130933,1.4858293122162103,0.8460054517328948,0.8144440687130933,0.9905528748108069,0.35147213459516297,0.5297511720158673,0.6087888531618435,97.5,100.0,4419,477,4325,11,1,1627,0.0024892509617560534,0.0020964360587002098,0.3761849710982659,0.1,0.6000000000000001,0.1,0.30000000000000004,50.0,75.0,45.0,0.8,0.9,0.4,0.4,80.0,85.0,75.0,3387,3381,6,3387,0.001771479185119575,0.7065729077461839,1.0,0.7065729077461839,1548,0.45785270629991126,1.0,1
"iteration_2","SCOPE_DATA_COLLECTION",800,39,2410.0,2470.0,2,4667,3438,1116,4613,3375,1252,3804,2773,933,815,640,184,0.17644511799090712,0.18751831233518898,0.1647269471799463,0.4230027258664474,0.8144440687130933,1.4858293122162103,0.8460054517328948,0.8144440687130933,0.9905528748108069,0.35147213459516297,0.5297511720158673,0.6087888531618435,97.5,100.0,4419,477,4325,11,1,1627,0.0024892509617560534,0.0020964360587002098,0.3761849710982659,0.1,0.6000000000000001,0.1,0.30000000000000004,50.0,75.0,45.0,0.8,0.9,0.4,0.4,80.0,85.0,75.0,1091,1082,9,1091,0.008249312557286892,1.2232942223903287,1.5,0.8155294815935524,520,0.4805914972273567,1.0,1
"iteration_2","SCOPE_DATA_COLLECTION",800,40,2470.0,2530.0,0,4607,3387,1091,4667,3438,1116,4657,3406,1087,5,6,9,0.0010725010725010724,0.0017584994138335288,0.008211678832116789,0.3671086091116356,0.742687369057084,1.239601718422972,0.7342172182232712,0.742687369057084,0.8264011456153146,0.29439553360532533,0.45977686435701703,0.48390064397424104,97.5,100.0,4540,3635,910,19,1,0,0.004185022026431718,2.751031636863824E-4,0.0,0.8,0.9,0.4,0.4,80.0,85.0,75.0,0.9,0.9,0.30000000000000004,0.4,80.0,75.0,75.0,4820,4817,3,4820,6.224066390041493E-4,0.3172436952568914,0.5,0.6344873905137828,1334,0.27693585219015987,1.0,1
"iteration_2","SCOPE_DATA_COLLECTION",800,40,2470.0,2530.0,1,4607,3387,1091,4667,3438,1116,4657,3406,1087,5,6,9,0.0010725010725010724,0.0017584994138335288,0.008211678832116789,0.3671086091116356,0.742687369057084,1.239601718422972,0.7342172182232712,0.742687369057084,0.8264011456153146,0.29439553360532533,0.45977686435701703,0.48390064397424104,97.5,100.0,4540,3635,910,19,1,0,0.004185022026431718,2.751031636863824E-4,0.0,0.8,0.9,0.4,0.4,80.0,85.0,75.0,0.9,0.9,0.30000000000000004,0.4,80.0,75.0,75.0,3494,3485,9,3494,0.0025758443045220377,0.6754441034017882,1.0,0.6754441034017882,1487,0.4266857962697274,1.0,1
"iteration_2","SCOPE_DATA_COLLECTION",800,40,2470.0,2530.0,2,4607,3387,1091,4667,3438,1116,4657,3406,1087,5,6,9,0.0010725010725010724,0.0017584994138335288,0.008211678832116789,0.3671086091116356,0.742687369057084,1.239601718422972,0.7342172182232712,0.742687369057084,0.8264011456153146,0.29439553360532533,0.45977686435701703,0.48390064397424104,97.5,100.0,4540,3635,910,19,1,0,0.004185022026431718,2.751031636863824E-4,0.0,0.8,0.9,0.4,0.4,80.0,85.0,75.0,0.9,0.9,0.30000000000000004,0.4,80.0,75.0,75.0,1108,1095,13,1108,0.011732851985559567,1.2451324035988751,1.5,0.8300882690659167,541,0.4940639269406393,1.0,1
"iteration_2","SCOPE_DATA_COLLECTION",800,41,2530.0,2590.0,0,4820,3494,1108,4607,3387,1091,4812,3494,1100,3,9,13,6.230529595015577E-4,0.002569226377390808,0.011680143755615454,0.31674484904544115,0.6780545676903591,1.250044334385895,0.6334896980908823,0.6780545676903591,0.8333628895905966,0.27680798004987534,0.4281625643961076,0.49636363636363634,97.5,100.0,4506,4420,496,23,2,0,0.0051043053706169555,4.5248868778280545E-4,0.0,0.9,0.9,0.30000000000000004,0.4,80.0,75.0,75.0,0.9500000000000001,0.9,0.30000000000000004,0.30000000000000004,70.0,85.0,65.0,4567,4559,8,4567,0.0017516969564265383,0.33712905062178244,0.5,0.6742581012435649,1332,0.2921693353805659,1.0,1
"iteration_2","SCOPE_DATA_COLLECTION",800,41,2530.0,2590.0,1,4820,3494,1108,4607,3387,1091,4812,3494,1100,3,9,13,6.230529595015577E-4,0.002569226377390808,0.011680143755615454,0.31674484904544115,0.6780545676903591,1.250044334385895,0.6334896980908823,0.6780545676903591,0.8333628895905966,0.27680798004987534,0.4281625643961076,0.49636363636363634,97.5,100.0,4506,4420,496,23,2,0,0.0051043053706169555,4.5248868778280545E-4,0.0,0.9,0.9,0.30000000000000004,0.4,80.0,75.0,75.0,0.9500000000000001,0.9,0.30000000000000004,0.30000000000000004,70.0,85.0,65.0,3306,3297,9,3306,0.0027223230490018148,0.6991595374526225,1.0,0.6991595374526225,1469,0.44555656657567483,1.0,1
"iteration_2","SCOPE_DATA_COLLECTION",800,41,2530.0,2590.0,2,4820,3494,1108,4607,3387,1091,4812,3494,1100,3,9,13,6.230529595015577E-4,0.002569226377390808,0.011680143755615454,0.31674484904544115,0.6780545676903591,1.250044334385895,0.6334896980908823,0.6780545676903591,0.8333628895905966,0.27680798004987534,0.4281625643961076,0.49636363636363634,97.5,100.0,4506,4420,496,23,2,0,0.0051043053706169555,4.5248868778280545E-4,0.0,0.9,0.9,0.30000000000000004,0.4,80.0,75.0,75.0,0.9500000000000001,0.9,0.30000000000000004,0.30000000000000004,70.0,85.0,65.0,1071,1063,8,1071,0.007469654528478058,1.2596138130197418,1.5,0.8397425420131612,531,0.4995296331138288,1.0,1
"iteration_2","SCOPE_DATA_COLLECTION",800,42,2590.0,2650.0,0,4567,3306,1071,4820,3494,1108,4554,3291,1061,8,9,7,0.0017536168347216134,0.0027272727272727275,0.006554307116104869,0.3364610064071558,0.6991225309312892,1.260426956328712,0.6729220128143116,0.6991225309312892,0.8402846375524747,0.29051383399209485,0.44667274384685507,0.5004712535344015,100.0,100.0,4516,4225,203,23,1,0,0.005093002657218778,2.3668639053254438E-4,0.0,0.9500000000000001,0.9,0.30000000000000004,0.30000000000000004,70.0,85.0,65.0,0.2,0.7000000000000001,0.6000000000000001,0.4,90.0,40.0,95.0,4717,4440,277,4717,0.05872376510493958,0.3624085180456302,0.5,0.7248170360912604,1319,0.2970720720720721,1.0,1
"iteration_2","SCOPE_DATA_COLLECTION",800,42,2590.0,2650.0,1,4567,3306,1071,4820,3494,1108,4554,3291,1061,8,9,7,0.0017536168347216134,0.0027272727272727275,0.006554307116104869,0.3364610064071558,0.6991225309312892,1.260426956328712,0.6729220128143116,0.6991225309312892,0.8402846375524747,0.29051383399209485,0.44667274384685507,0.5004712535344015,100.0,100.0,4516,4225,203,23,1,0,0.005093002657218778,2.3668639053254438E-4,0.0,0.9500000000000001,0.9,0.30000000000000004,0.30000000000000004,70.0,85.0,65.0,0.2,0.7000000000000001,0.6000000000000001,0.4,90.0,40.0,95.0,3384,3167,217,3384,0.06412529550827423,0.7696533825561681,1.0,0.7696533825561681,1487,0.46952952320808333,1.0,1
"iteration_2","SCOPE_DATA_COLLECTION",800,42,2590.0,2650.0,2,4567,3306,1071,4820,3494,1108,4554,3291,1061,8,9,7,0.0017536168347216134,0.0027272727272727275,0.006554307116104869,0.3364610064071558,0.6991225309312892,1.260426956328712,0.6729220128143116,0.6991225309312892,0.8402846375524747,0.29051383399209485,0.44667274384685507,0.5004712535344015,100.0,100.0,4516,4225,203,23,1,0,0.005093002657218778,2.3668639053254438E-4,0.0,0.9500000000000001,0.9,0.30000000000000004,0.30000000000000004,70.0,85.0,65.0,0.2,0.7000000000000001,0.6000000000000001,0.4,90.0,40.0,95.0,1118,1028,90,1118,0.08050089445438283,1.3029222731822632,1.5,0.8686148487881754,521,0.5068093385214008,1.0,1
"iteration_2","SCOPE_DATA_COLLECTION",800,43,2650.0,2710.0,0,4717,3384,1118,4567,3306,1071,4437,3165,1032,277,217,91,0.0587611370386084,0.0641632170313424,0.08103294746215495,0.3622334001725528,0.7667373992135887,1.2997964284338452,0.7244668003451056,0.7667373992135887,0.8665309522892302,0.2961460446247465,0.4669826224328594,0.5048449612403101,97.5,100.0,4573,931,3715,27,1,557,0.005904220424229171,0.0010741138560687433,0.14993270524899058,0.2,0.7000000000000001,0.6000000000000001,0.4,90.0,40.0,95.0,0.2,0.6000000000000001,0.6000000000000001,0.30000000000000004,90.0,40.0,85.0,4736,4504,232,4736,0.048986486486486486,0.37478825654176,0.5,0.74957651308352,1396,0.3099467140319716,1.0,1
"iteration_2","SCOPE_DATA_COLLECTION",800,43,2650.0,2710.0,1,4717,3384,1118,4567,3306,1071,4437,3165,1032,277,217,91,0.0587611370386084,0.0641632170313424,0.08103294746215495,0.3622334001725528,0.7667373992135887,1.2997964284338452,0.7244668003451056,0.7667373992135887,0.8665309522892302,0.2961460446247465,0.4669826224328594,0.5048449612403101,97.5,100.0,4573,931,3715,27,1,557,0.005904220424229171,0.0010741138560687433,0.14993270524899058,0.2,0.7000000000000001,0.6000000000000001,0.4,90.0,40.0,95.0,0.2,0.6000000000000001,0.6000000000000001,0.30000000000000004,90.0,40.0,85.0,3506,3343,163,3506,0.046491728465487735,0.7924504401522702,1.0,0.7924504401522702,1596,0.47741549506431347,1.0,1
"iteration_2","SCOPE_DATA_COLLECTION",800,43,2650.0,2710.0,2,4717,3384,1118,4567,3306,1071,4437,3165,1032,277,217,91,0.0587611370386084,0.0641632170313424,0.08103294746215495,0.3622334001725528,0.7667373992135887,1.2997964284338452,0.7244668003451056,0.7667373992135887,0.8665309522892302,0.2961460446247465,0.4669826224328594,0.5048449612403101,97.5,100.0,4573,931,3715,27,1,557,0.005904220424229171,0.0010741138560687433,0.14993270524899058,0.2,0.7000000000000001,0.6000000000000001,0.4,90.0,40.0,95.0,0.2,0.6000000000000001,0.6000000000000001,0.30000000000000004,90.0,40.0,85.0,1155,1091,64,1155,0.05541125541125541,1.2866776766921793,1.5,0.8577851177947862,542,0.49679193400549954,1.0,1
"iteration_2","SCOPE_DATA_COLLECTION",800,44,2710.0,2770.0,0,4736,3506,1155,4717,3384,1118,4501,3330,1090,232,163,64,0.04901753644622861,0.04666475808760378,0.05545927209705372,0.37547097244732824,0.7938723356211476,1.288781931974186,0.7509419448946565,0.7938723356211476,0.8591879546494573,0.31126416351921793,0.4795795795795796,0.4981651376146789,100.0,100.0,4531,986,3880,8,1,450,0.0017656146546016333,0.0010141987829614604,0.11597938144329897,0.2,0.6000000000000001,0.6000000000000001,0.30000000000000004,90.0,40.0,85.0,0.2,0.6000000000000001,0.6000000000000001,0.30000000000000004,90.0,40.0,85.0,4685,4447,238,4685,0.05080042689434365,0.36086462297851685,0.5,0.7217292459570337,1270,0.2855857881718012,1.0,1
"iteration_2","SCOPE_DATA_COLLECTION",800,44,2710.0,2770.0,1,4736,3506,1155,4717,3384,1118,4501,3330,1090,232,163,64,0.04901753644622861,0.04666475808760378,0.05545927209705372,0.37547097244732824,0.7938723356211476,1.288781931974186,0.7509419448946565,0.7938723356211476,0.8591879546494573,0.31126416351921793,0.4795795795795796,0.4981651376146789,100.0,100.0,4531,986,3880,8,1,450,0.0017656146546016333,0.0010141987829614604,0.11597938144329897,0.2,0.6000000000000001,0.6000000000000001,0.30000000000000004,90.0,40.0,85.0,0.2,0.6000000000000001,0.6000000000000001,0.30000000000000004,90.0,40.0,85.0,3318,3118,200,3318,0.06027727546714889,0.7854634351462324,1.0,0.7854634351462324,1498,0.4804361770365619,1.0,1
"iteration_2","SCOPE_DATA_COLLECTION",800,44,2710.0,2770.0,2,4736,3506,1155,4717,3384,1118,4501,3330,1090,232,163,64,0.04901753644622861,0.04666475808760378,0.05545927209705372,0.37547097244732824,0.7938723356211476,1.288781931974186,0.7509419448946565,0.7938723356211476,0.8591879546494573,0.31126416351921793,0.4795795795795796,0.4981651376146789,100.0,100.0,4531,986,3880,8,1,450,0.0017656146546016333,0.0010141987829614604,0.11597938144329897,0.2,0.6000000000000001,0.6000000000000001,0.30000000000000004,90.0,40.0,85.0,0.2,0.6000000000000001,0.6000000000000001,0.30000000000000004,90.0,40.0,85.0,1110,1017,93,1110,0.08378378378378379,1.3433596216679162,1.5,0.8955730811119441,545,0.5358898721730581,1.0,1
"iteration_2","SCOPE_DATA_COLLECTION",800,45,2770.0,2830.0,0,4685,3318,1110,4736,3506,1155,4454,3123,1011,238,200,93,0.050724637681159424,0.06018657839301836,0.08423913043478261,0.3606185701121074,0.7856610875171856,1.3382424912440494,0.7212371402242148,0.7856610875171856,0.8921616608293662,0.2853614728334082,0.4793467819404419,0.5341246290801187,100.0,100.0,4444,946,3723,12,0,519,0.0027002700270027003,0.0,0.13940370668815472,0.2,0.6000000000000001,0.6000000000000001,0.30000000000000004,90.0,40.0,85.0,0.1,0.5,0.6000000000000001,0.4,95.0,30.0,85.0,4718,3904,814,4718,0.17253073336159389,0.4387191065809787,0.5,0.8774382131619574,1415,0.3624487704918033,1.0,1
"iteration_2","SCOPE_DATA_COLLECTION",800,45,2770.0,2830.0,1,4685,3318,1110,4736,3506,1155,4454,3123,1011,238,200,93,0.050724637681159424,0.06018657839301836,0.08423913043478261,0.3606185701121074,0.7856610875171856,1.3382424912440494,0.7212371402242148,0.7856610875171856,0.8921616608293662,0.2853614728334082,0.4793467819404419,0.5341246290801187,100.0,100.0,4444,946,3723,12,0,519,0.0027002700270027003,0.0,0.13940370668815472,0.2,0.6000000000000001,0.6000000000000001,0.30000000000000004,90.0,40.0,85.0,0.1,0.5,0.6000000000000001,0.4,95.0,30.0,85.0,3387,2764,623,3387,0.18393858872158253,0.8935891453278236,1.0,0.8935891453278236,1525,0.5517366136034733,1.0,1
"iteration_2","SCOPE_DATA_COLLECTION",800,45,2770.0,2830.0,2,4685,3318,1110,4736,3506,1155,4454,3123,1011,238,200,93,0.050724637681159424,0.06018657839301836,0.08423913043478261,0.3606185701121074,0.7856610875171856,1.3382424912440494,0.7212371402242148,0.7856610875171856,0.8921616608293662,0.2853614728334082,0.4793467819404419,0.5341246290801187,100.0,100.0,4444,946,3723,12,0,519,0.0027002700270027003,0.0,0.13940370668815472,0.2,0.6000000000000001,0.6000000000000001,0.30000000000000004,90.0,40.0,85.0,0.1,0.5,0.6000000000000001,0.4,95.0,30.0,85.0,1194,954,240,1194,0.20100502512562815,1.5293658449010856,1.5,1.019577229934057,580,0.6079664570230608,1.0,1
"iteration_2","SCOPE_DATA_COLLECTION",800,46,2830.0,2890.0,0,4718,3387,1194,4685,3318,1110,3899,2769,963,814,623,240,0.17271377042223637,0.18366745283018868,0.19950124688279303,0.4390488988371438,0.8926886203433597,1.537987876960615,0.8780977976742876,0.8926886203433597,1.0253252513070767,0.3647088997178764,0.5529071867100036,0.6116303219106958,100.0,100.0,4452,465,4382,26,0,1651,0.005840071877807727,0.0,0.37676859881332725,0.1,0.5,0.6000000000000001,0.4,95.0,30.0,85.0,0.65,0.2,0.9,0.2,75.0,75.0,25.0,4679,4677,2,4679,4.2744176106005556E-4,0.2954525463068808,0.5,0.5909050926137616,1002,0.21423989737010904,1.0,1
"iteration_2","SCOPE_DATA_COLLECTION",800,46,2830.0,2890.0,1,4718,3387,1194,4685,3318,1110,3899,2769,963,814,623,240,0.17271377042223637,0.18366745283018868,0.19950124688279303,0.4390488988371438,0.8926886203433597,1.537987876960615,0.8780977976742876,0.8926886203433597,1.0253252513070767,0.3647088997178764,0.5529071867100036,0.6116303219106958,100.0,100.0,4452,465,4382,26,0,1651,0.005840071877807727,0.0,0.37676859881332725,0.1,0.5,0.6000000000000001,0.4,95.0,30.0,85.0,0.65,0.2,0.9,0.2,75.0,75.0,25.0,3309,3305,4,3309,0.0012088244182532487,0.7024586090538184,1.0,0.7024586090538184,1484,0.44901664145234493,1.0,1
"iteration_2","SCOPE_DATA_COLLECTION",800,46,2830.0,2890.0,2,4718,3387,1194,4685,3318,1110,3899,2769,963,814,623,240,0.17271377042223637,0.18366745283018868,0.19950124688279303,0.4390488988371438,0.8926886203433597,1.537987876960615,0.8780977976742876,0.8926886203433597,1.0253252513070767,0.3647088997178764,0.5529071867100036,0.6116303219106958,100.0,100.0,4452,465,4382,26,0,1651,0.005840071877807727,0.0,0.37676859881332725,0.1,0.5,0.6000000000000001,0.4,95.0,30.0,85.0,0.65,0.2,0.9,0.2,75.0,75.0,25.0,1112,1109,3,1112,0.002697841726618705,1.225196014197564,1.5,0.816797342798376,551,0.49684400360685305,1.0,1
"iteration_2","SCOPE_DATA_COLLECTION",800,47,2890.0,2950.0,0,4679,3309,1112,4718,3387,1194,4690,3310,1099,2,4,3,4.2625745950554135E-4,0.0012070006035003018,0.0027223230490018148,0.2959465289151625,0.7012960615309403,1.2120009394314695,0.591893057830325,0.7012960615309403,0.8080006262876464,0.21428571428571427,0.448036253776435,0.49044585987261147,90.0,100.0,4542,2924,1634,7,2,0,0.0015411712901805372,6.839945280437756E-4,0.0,0.65,0.2,0.9,0.2,75.0,75.0,25.0,0.8,0.9,0.8,0.6000000000000001,35.0,20.0,80.0,4565,4564,1,4565,2.190580503833516E-4,0.32290184412428,0.5,0.64580368824856,1287,0.2819894829097283,1.0,1
"iteration_2","SCOPE_DATA_COLLECTION",800,47,2890.0,2950.0,1,4679,3309,1112,4718,3387,1194,4690,3310,1099,2,4,3,4.2625745950554135E-4,0.0012070006035003018,0.0027223230490018148,0.2959465289151625,0.7012960615309403,1.2120009394314695,0.591893057830325,0.7012960615309403,0.8080006262876464,0.21428571428571427,0.448036253776435,0.49044585987261147,90.0,100.0,4542,2924,1634,7,2,0,0.0015411712901805372,6.839945280437756E-4,0.0,0.65,0.2,0.9,0.2,75.0,75.0,25.0,0.8,0.9,0.8,0.6000000000000001,35.0,20.0,80.0,3380,3369,11,3380,0.003254437869822485,0.7046391855603894,1.0,0.7046391855603894,1512,0.44879786286731965,1.0,1
"iteration_2","SCOPE_DATA_COLLECTION",800,47,2890.0,2950.0,2,4679,3309,1112,4718,3387,1194,4690,3310,1099,2,4,3,4.2625745950554135E-4,0.0012070006035003018,0.0027223230490018148,0.2959465289151625,0.7012960615309403,1.2120009394314695,0.591893057830325,0.7012960615309403,0.8080006262876464,0.21428571428571427,0.448036253776435,0.49044585987261147,90.0,100.0,4542,2924,1634,7,2,0,0.0015411712901805372,6.839945280437756E-4,0.0,0.65,0.2,0.9,0.2,75.0,75.0,25.0,0.8,0.9,0.8,0.6000000000000001,35.0,20.0,80.0,1091,1076,15,1091,0.013748854262144821,1.2569346857021961,1.5,0.8379564571347974,528,0.49070631970260226,1.0,1
"iteration_2","SCOPE_DATA_COLLECTION",800,48,2950.0,3010.0,0,4565,3380,1091,4679,3309,1112,4561,3363,1087,1,11,15,2.1920210434020167E-4,0.003260225251926497,0.013611615245009074,0.32261419650216316,0.7054449440671786,1.264325522524963,0.6452283930043263,0.7054449440671786,0.8428836816833086,0.28151721113790834,0.4490038655961939,0.49402023919043236,100.0,100.0,4451,3673,912,23,4,0,0.0051673781172770165,0.0010890280424720937,0.0,0.8,0.9,0.8,0.6000000000000001,35.0,20.0,80.0,0.7000000000000001,0.9,0.8,0.6000000000000001,35.0,20.0,70.0,4549,4544,5,4549,0.0010991426687183997,0.3255533995154956,0.5,0.6511067990309912,1277,0.2810299295774648,1.0,1
"iteration_2","SCOPE_DATA_COLLECTION",800,48,2950.0,3010.0,1,4565,3380,1091,4679,3309,1112,4561,3363,1087,1,11,15,2.1920210434020167E-4,0.003260225251926497,0.013611615245009074,0.32261419650216316,0.7054449440671786,1.264325522524963,0.6452283930043263,0.7054449440671786,0.8428836816833086,0.28151721113790834,0.4490038655961939,0.49402023919043236,100.0,100.0,4451,3673,912,23,4,0,0.0051673781172770165,0.0010890280424720937,0.0,0.8,0.9,0.8,0.6000000000000001,35.0,20.0,80.0,0.7000000000000001,0.9,0.8,0.6000000000000001,35.0,20.0,70.0,3318,3308,10,3318,0.0030138637733574444,0.7074312881738507,1.0,0.7074312881738507,1463,0.44226118500604594,1.0,1
"iteration_2","SCOPE_DATA_COLLECTION",800,48,2950.0,3010.0,2,4565,3380,1091,4679,3309,1112,4561,3363,1087,1,11,15,2.1920210434020167E-4,0.003260225251926497,0.013611615245009074,0.32261419650216316,0.7054449440671786,1.264325522524963,0.6452283930043263,0.7054449440671786,0.8428836816833086,0.28151721113790834,0.4490038655961939,0.49402023919043236,100.0,100.0,4451,3673,912,23,4,0,0.0051673781172770165,0.0010890280424720937,0.0,0.8,0.9,0.8,0.6000000000000001,35.0,20.0,80.0,0.7000000000000001,0.9,0.8,0.6000000000000001,35.0,20.0,70.0,1184,1168,16,1184,0.013513513513513514,1.223235176935196,1.5,0.8154901179567973,560,0.4794520547945205,1.0,1
"iteration_2","SCOPE_DATA_COLLECTION",800,49,3010.0,3070.0,0,4549,3318,1184,4565,3380,1091,4538,3311,1162,5,10,16,0.001100594320933304,0.0030111412225233363,0.013582342954159592,0.3254539761956833,0.7072646265562429,1.2216421962777118,0.6509079523913666,0.7072646265562429,0.8144281308518079,0.28052005288673426,0.4418604651162791,0.4784853700516351,92.5,100.0,4461,3197,1393,30,1,0,0.006724949562878279,3.1279324366593683E-4,0.0,0.7000000000000001,0.9,0.8,0.6000000000000001,35.0,20.0,70.0,0.7000000000000001,0.9,0.9,0.7000000000000001,25.0,20.0,70.0,4673,4665,8,4673,0.0017119623368285898,0.336787529999409,0.5,0.673575059998818,1407,0.3016077170418006,1.0,1
"iteration_2","SCOPE_DATA_COLLECTION",800,49,3010.0,3070.0,1,4549,3318,1184,4565,3380,1091,4538,3311,1162,5,10,16,0.001100594320933304,0.0030111412225233363,0.013582342954159592,0.3254539761956833,0.7072646265562429,1.2216421962777118,0.6509079523913666,0.7072646265562429,0.8144281308518079,0.28052005288673426,0.4418604651162791,0.4784853700516351,92.5,100.0,4461,3197,1393,30,1,0,0.006724949562878279,3.1279324366593683E-4,0.0,0.7000000000000001,0.9,0.8,0.6000000000000001,35.0,20.0,70.0,0.7000000000000001,0.9,0.9,0.7000000000000001,25.0,20.0,70.0,3405,3389,16,3405,0.004698972099853157,0.726353278200896,1.0,0.726353278200896,1546,0.4561817645323104,1.0,1
"iteration_2","SCOPE_DATA_COLLECTION",800,49,3010.0,3070.0,2,4549,3318,1184,4565,3380,1091,4538,3311,1162,5,10,16,0.001100594320933304,0.0030111412225233363,0.013582342954159592,0.3254539761956833,0.7072646265562429,1.2216421962777118,0.6509079523913666,0.7072646265562429,0.8144281308518079,0.28052005288673426,0.4418604651162791,0.4784853700516351,92.5,100.0,4461,3197,1393,30,1,0,0.006724949562878279,3.1279324366593683E-4,0.0,0.7000000000000001,0.9,0.8,0.6000000000000001,35.0,20.0,70.0,0.7000000000000001,0.9,0.9,0.7000000000000001,25.0,20.0,70.0,1073,1064,9,1073,0.008387698042870456,1.2470972952225725,1.5,0.8313981968150483,516,0.4849624060150376,1.0,1
"iteration_2","SCOPE_DATA_COLLECTION",800,50,3070.0,3130.0,0,4673,3405,1073,4549,3318,1184,4668,3391,1064,8,16,9,0.001710863986313088,0.004696213677722336,0.008387698042870456,0.33639801054013496,0.7280539381513927,1.2441141312962303,0.6727960210802699,0.7280539381513927,0.8294094208641535,0.30055698371893746,0.4570923031554114,0.4830827067669173,97.5,100.0,4605,3206,1340,32,1,0,0.006948968512486428,3.1191515907673113E-4,0.0,0.7000000000000001,0.9,0.9,0.7000000000000001,25.0,20.0,70.0,0.7000000000000001,0.8,0.8,0.6000000000000001,35.0,20.0,60.0,4719,4713,6,4719,0.0012714558169103624,0.31969087890432046,0.5,0.6393817578086409,1326,0.2813494589433482,1.0,1
"iteration_2","SCOPE_DATA_COLLECTION",800,50,3070.0,3130.0,1,4673,3405,1073,4549,3318,1184,4668,3391,1064,8,16,9,0.001710863986313088,0.004696213677722336,0.008387698042870456,0.33639801054013496,0.7280539381513927,1.2441141312962303,0.6727960210802699,0.7280539381513927,0.8294094208641535,0.30055698371893746,0.4570923031554114,0.4830827067669173,97.5,100.0,4605,3206,1340,32,1,0,0.006948968512486428,3.1191515907673113E-4,0.0,0.7000000000000001,0.9,0.9,0.7000000000000001,25.0,20.0,70.0,0.7000000000000001,0.8,0.8,0.6000000000000001,35.0,20.0,60.0,3433,3418,15,3433,0.004369356248179435,0.7072648612355231,1.0,0.7072648612355231,1522,0.4452896430661205,1.0,1
"iteration_2","SCOPE_DATA_COLLECTION",800,50,3070.0,3130.0,2,4673,3405,1073,4549,3318,1184,4668,3391,1064,8,16,9,0.001710863986313088,0.004696213677722336,0.008387698042870456,0.33639801054013496,0.7280539381513927,1.2441141312962303,0.6727960210802699,0.7280539381513927,0.8294094208641535,0.30055698371893746,0.4570923031554114,0.4830827067669173,97.5,100.0,4605,3206,1340,32,1,0,0.006948968512486428,3.1191515907673113E-4,0.0,0.7000000000000001,0.9,0.9,0.7000000000000001,25.0,20.0,70.0,0.7000000000000001,0.8,0.8,0.6000000000000001,35.0,20.0,60.0,1133,1124,9,1133,0.00794351279788173,1.2677801351706965,1.5,0.8451867567804644,555,0.49377224199288255,1.0,1
"iteration_2","SCOPE_DATA_COLLECTION",800,51,3130.0,3190.0,0,4719,3433,1133,4673,3405,1073,4716,3410,1123,6,15,9,0.0012706480304955528,0.004379562043795621,0.007950530035335688,0.3201343677950028,0.7050830895425988,1.2718092778095629,0.6402687355900056,0.7050830895425988,0.847872851873042,0.2828668363019508,0.443108504398827,0.4968833481745325,97.5,100.0,4506,3308,1471,25,5,0,0.005548158011540169,0.0015114873035066505,0.0,0.7000000000000001,0.8,0.8,0.6000000000000001,35.0,20.0,60.0,0.7000000000000001,0.8,0.8,0.6000000000000001,35.0,20.0,60.0,4704,4700,4,4704,8.503401360544217E-4,0.3153953505154379,0.5,0.6307907010308758,1254,0.26680851063829786,1.0,1
"iteration_2","SCOPE_DATA_COLLECTION",800,51,3130.0,3190.0,1,4719,3433,1133,4673,3405,1073,4716,3410,1123,6,15,9,0.0012706480304955528,0.004379562043795621,0.007950530035335688,0.3201343677950028,0.7050830895425988,1.2718092778095629,0.6402687355900056,0.7050830895425988,0.847872851873042,0.2828668363019508,0.443108504398827,0.4968833481745325,97.5,100.0,4506,3308,1471,25,5,0,0.005548158011540169,0.0015114873035066505,0.0,0.7000000000000001,0.8,0.8,0.6000000000000001,35.0,20.0,60.0,0.7000000000000001,0.8,0.8,0.6000000000000001,35.0,20.0,60.0,3532,3516,16,3532,0.004530011325028313,0.7262850807358547,1.0,0.7262850807358547,1598,0.45449374288964733,1.0,1
"iteration_2","SCOPE_DATA_COLLECTION",800,51,3130.0,3190.0,2,4719,3433,1133,4673,3405,1073,4716,3410,1123,6,15,9,0.0012706480304955528,0.004379562043795621,0.007950530035335688,0.3201343677950028,0.7050830895425988,1.2718092778095629,0.6402687355900056,0.7050830895425988,0.847872851873042,0.2828668363019508,0.443108504398827,0.4968833481745325,97.5,100.0,4506,3308,1471,25,5,0,0.005548158011540169,0.0015114873035066505,0.0,0.7000000000000001,0.8,0.8,0.6000000000000001,35.0,20.0,60.0,0.7000000000000001,0.8,0.8,0.6000000000000001,35.0,20.0,60.0,1130,1114,16,1130,0.01415929203539823,1.1975978804020972,1.5,0.7983985869347315,513,0.4605026929982047,1.0,1
"iteration_2","SCOPE_DATA_COLLECTION",800,52,3190.0,3250.0,0,4704,3532,1130,4719,3433,1133,4701,3520,1121,4,16,16,8.501594048884166E-4,0.004524886877828055,0.014072119613016711,0.3156084987520366,0.7272449037721513,1.2011389760653872,0.6312169975040732,0.7272449037721513,0.8007593173769249,0.2673899170389279,0.45539772727272726,0.4620874219446922,100.0,100.0,4550,3394,1422,35,1,0,0.007692307692307693,2.946375957572186E-4,0.0,0.7000000000000001,0.8,0.8,0.6000000000000001,35.0,20.0,60.0,0.7000000000000001,0.1,0.30000000000000004,0.30000000000000004,55.0,40.0,25.0,4662,4659,3,4662,6.435006435006435E-4,0.2943567122337543,0.5,0.5887134244675086,888,0.1905988409529942,1.0,1
"iteration_2","SCOPE_DATA_COLLECTION",800,52,3190.0,3250.0,1,4704,3532,1130,4719,3433,1133,4701,3520,1121,4,16,16,8.501594048884166E-4,0.004524886877828055,0.014072119613016711,0.3156084987520366,0.7272449037721513,1.2011389760653872,0.6312169975040732,0.7272449037721513,0.8007593173769249,0.2673899170389279,0.45539772727272726,0.4620874219446922,100.0,100.0,4550,3394,1422,35,1,0,0.007692307692307693,2.946375957572186E-4,0.0,0.7000000000000001,0.8,0.8,0.6000000000000001,35.0,20.0,60.0,0.7000000000000001,0.1,0.30000000000000004,0.30000000000000004,55.0,40.0,25.0,3337,3331,6,3337,0.0017980221756068325,0.7015448737052139,1.0,0.7015448737052139,1507,0.4524166916841789,1.0,1
"iteration_2","SCOPE_DATA_COLLECTION",800,52,3190.0,3250.0,2,4704,3532,1130,4719,3433,1133,4701,3520,1121,4,16,16,8.501594048884166E-4,0.004524886877828055,0.014072119613016711,0.3156084987520366,0.7272449037721513,1.2011389760653872,0.6312169975040732,0.7272449037721513,0.8007593173769249,0.2673899170389279,0.45539772727272726,0.4620874219446922,100.0,100.0,4550,3394,1422,35,1,0,0.007692307692307693,2.946375957572186E-4,0.0,0.7000000000000001,0.8,0.8,0.6000000000000001,35.0,20.0,60.0,0.7000000000000001,0.1,0.30000000000000004,0.30000000000000004,55.0,40.0,25.0,1079,1075,4,1079,0.0037071362372567192,1.249167060626587,1.5,0.8327780404177246,546,0.5079069767441861,1.0,1
"iteration_2","SCOPE_DATA_COLLECTION",800,53,3250.0,3310.0,0,4662,3337,1079,4704,3532,1130,4657,3339,1065,3,6,4,6.437768240343348E-4,0.0017937219730941704,0.0037418147801683817,0.2942649554845737,0.7009651640327537,1.24034585930648,0.5885299109691474,0.7009651640327537,0.8268972395376534,0.19003650418724502,0.4522312069481881,0.5032863849765258,90.0,100.0,4664,3067,1347,10,3,0,0.002144082332761578,9.7815454841865E-4,0.0,0.7000000000000001,0.1,0.30000000000000004,0.30000000000000004,55.0,40.0,25.0,0.7000000000000001,0.1,0.4,0.30000000000000004,45.0,50.0,25.0,4739,4729,10,4739,0.002110149820637265,0.2901450934065253,0.5,0.5802901868130506,904,0.19116092197081835,1.0,1
"iteration_2","SCOPE_DATA_COLLECTION",800,53,3250.0,3310.0,1,4662,3337,1079,4704,3532,1130,4657,3339,1065,3,6,4,6.437768240343348E-4,0.0017937219730941704,0.0037418147801683817,0.2942649554845737,0.7009651640327537,1.24034585930648,0.5885299109691474,0.7009651640327537,0.8268972395376534,0.19003650418724502,0.4522312069481881,0.5032863849765258,90.0,100.0,4664,3067,1347,10,3,0,0.002144082332761578,9.7815454841865E-4,0.0,0.7000000000000001,0.1,0.30000000000000004,0.30000000000000004,55.0,40.0,25.0,0.7000000000000001,0.1,0.4,0.30000000000000004,45.0,50.0,25.0,3434,3428,6,3434,0.0017472335468841002,0.706447770082845,1.0,0.706447770082845,1563,0.455950991831972,1.0,1
"iteration_2","SCOPE_DATA_COLLECTION",800,53,3250.0,3310.0,2,4662,3337,1079,4704,3532,1130,4657,3339,1065,3,6,4,6.437768240343348E-4,0.0017937219730941704,0.0037418147801683817,0.2942649554845737,0.7009651640327537,1.24034585930648,0.5885299109691474,0.7009651640327537,0.8268972395376534,0.19003650418724502,0.4522312069481881,0.5032863849765258,90.0,100.0,4664,3067,1347,10,3,0,0.002144082332761578,9.7815454841865E-4,0.0,0.7000000000000001,0.1,0.30000000000000004,0.30000000000000004,55.0,40.0,25.0,0.7000000000000001,0.1,0.4,0.30000000000000004,45.0,50.0,25.0,1133,1126,7,1133,0.00617828773168579,1.2642660194087083,1.5,0.8428440129391389,571,0.5071047957371225,1.0,1
"iteration_2","SCOPE_DATA_COLLECTION",800,54,3310.0,3370.0,0,4739,3434,1133,4662,3337,1079,4725,3422,1132,10,6,7,0.0021119324181626186,0.001750291715285881,0.006145741878841089,0.2902474697151695,0.706385011570168,1.2669205792547027,0.580494939430339,0.706385011570168,0.8446137195031351,0.19216931216931216,0.4555815312682642,0.5079505300353356,100.0,100.0,4697,3254,1355,19,4,0,0.004045135192676176,0.001229256299938537,0.0,0.7000000000000001,0.1,0.4,0.30000000000000004,45.0,50.0,25.0,0.7000000000000001,0.1,0.4,0.2,35.0,40.0,35.0,4803,4799,4,4803,8.328128253175099E-4,0.2750808954235434,0.5,0.5501617908470868,795,0.16565951239841634,1.0,1
"iteration_2","SCOPE_DATA_COLLECTION",800,54,3310.0,3370.0,1,4739,3434,1133,4662,3337,1079,4725,3422,1132,10,6,7,0.0021119324181626186,0.001750291715285881,0.006145741878841089,0.2902474697151695,0.706385011570168,1.2669205792547027,0.580494939430339,0.706385011570168,0.8446137195031351,0.19216931216931216,0.4555815312682642,0.5079505300353356,100.0,100.0,4697,3254,1355,19,4,0,0.004045135192676176,0.001229256299938537,0.0,0.7000000000000001,0.1,0.4,0.30000000000000004,45.0,50.0,25.0,0.7000000000000001,0.1,0.4,0.2,35.0,40.0,35.0,3438,3435,3,3438,8.726003490401396E-4,0.687998856968817,1.0,0.687998856968817,1530,0.44541484716157204,1.0,1
"iteration_2","SCOPE_DATA_COLLECTION",800,54,3310.0,3370.0,2,4739,3434,1133,4662,3337,1079,4725,3422,1132,10,6,7,0.0021119324181626186,0.001750291715285881,0.006145741878841089,0.2902474697151695,0.706385011570168,1.2669205792547027,0.580494939430339,0.706385011570168,0.8446137195031351,0.19216931216931216,0.4555815312682642,0.5079505300353356,100.0,100.0,4697,3254,1355,19,4,0,0.004045135192676176,0.001229256299938537,0.0,0.7000000000000001,0.1,0.4,0.30000000000000004,45.0,50.0,25.0,0.7000000000000001,0.1,0.4,0.2,35.0,40.0,35.0,1137,1134,3,1137,0.002638522427440633,1.2253974949942885,1.5,0.8169316633295257,562,0.49559082892416223,1.0,1
"iteration_2","SCOPE_DATA_COLLECTION",800,55,3370.0,3430.0,0,4803,3438,1137,4739,3434,1133,4803,3431,1128,4,3,3,8.321198252548367E-4,8.736167734420501E-4,0.002652519893899204,0.2752324189547155,0.6888157000579314,1.2261397194800916,0.550464837909431,0.6888157000579314,0.8174264796533944,0.16510514261919634,0.4459341299912562,0.49645390070921985,97.5,100.0,4540,3412,1426,9,1,0,0.001982378854625551,2.9308323563892143E-4,0.0,0.7000000000000001,0.1,0.4,0.2,35.0,40.0,35.0,0.7000000000000001,0.1,0.5,0.30000000000000004,45.0,40.0,25.0,4761,4759,2,4761,4.200798151648813E-4,0.287658964957888,0.5,0.575317929915776,834,0.1752469006093717,1.0,1
"iteration_2","SCOPE_DATA_COLLECTION",800,55,3370.0,3430.0,1,4803,3438,1137,4739,3434,1133,4803,3431,1128,4,3,3,8.321198252548367E-4,8.736167734420501E-4,0.002652519893899204,0.2752324189547155,0.6888157000579314,1.2261397194800916,0.550464837909431,0.6888157000579314,0.8174264796533944,0.16510514261919634,0.4459341299912562,0.49645390070921985,97.5,100.0,4540,3412,1426,9,1,0,0.001982378854625551,2.9308323563892143E-4,0.0,0.7000000000000001,0.1,0.4,0.2,35.0,40.0,35.0,0.7000000000000001,0.1,0.5,0.30000000000000004,45.0,40.0,25.0,3334,3331,3,3334,8.998200359928015E-4,0.6973844280428839,1.0,0.6973844280428839,1499,0.45001501050735515,1.0,1
"iteration_2","SCOPE_DATA_COLLECTION",800,55,3370.0,3430.0,2,4803,3438,1137,4739,3434,1133,4803,3431,1128,4,3,3,8.321198252548367E-4,8.736167734420501E-4,0.002652519893899204,0.2752324189547155,0.6888157000579314,1.2261397194800916,0.550464837909431,0.6888157000579314,0.8174264796533944,0.16510514261919634,0.4459341299912562,0.49645390070921985,97.5,100.0,4540,3412,1426,9,1,0,0.001982378854625551,2.9308323563892143E-4,0.0,0.7000000000000001,0.1,0.4,0.2,35.0,40.0,35.0,0.7000000000000001,0.1,0.5,0.30000000000000004,45.0,40.0,25.0,1156,1145,11,1156,0.009515570934256055,1.2271977111450187,1.5,0.8181318074300125,564,0.4925764192139738,1.0,1
"iteration_2","SCOPE_DATA_COLLECTION",800,56,3430.0,3490.0,0,4761,3334,1156,4803,3438,1137,4759,3340,1148,2,3,11,4.200798151648813E-4,8.973975471133712E-4,0.009490940465918895,0.28780762223319334,0.695295765495808,1.2284345364057343,0.5756152444663867,0.695295765495808,0.8189563576038229,0.1752469006093717,0.4494011976047904,0.4921602787456446,100.0,100.0,4645,3253,1353,16,0,0,0.003444564047362756,0.0,0.0,0.7000000000000001,0.1,0.5,0.30000000000000004,45.0,40.0,25.0,0.6000000000000001,0.2,0.4,0.30000000000000004,45.0,50.0,35.0,4709,4707,2,4709,4.2471862391165854E-4,0.2882001485918839,0.5,0.5764002971837678,945,0.20076481835564053,1.0,1
"iteration_2","SCOPE_DATA_COLLECTION",800,56,3430.0,3490.0,1,4761,3334,1156,4803,3438,1137,4759,3340,1148,2,3,11,4.200798151648813E-4,8.973975471133712E-4,0.009490940465918895,0.28780762223319334,0.695295765495808,1.2284345364057343,0.5756152444663867,0.695295765495808,0.8189563576038229,0.1752469006093717,0.4494011976047904,0.4921602787456446,100.0,100.0,4645,3253,1353,16,0,0,0.003444564047362756,0.0,0.0,0.7000000000000001,0.1,0.5,0.30000000000000004,45.0,40.0,25.0,0.6000000000000001,0.2,0.4,0.30000000000000004,45.0,50.0,35.0,3449,3441,8,3449,0.002319512902290519,0.6727503042326981,1.0,0.6727503042326981,1466,0.42603894216797444,1.0,1
"iteration_2","SCOPE_DATA_COLLECTION",800,56,3430.0,3490.0,2,4761,3334,1156,4803,3438,1137,4759,3340,1148,2,3,11,4.200798151648813E-4,8.973975471133712E-4,0.009490940465918895,0.28780762223319334,0.695295765495808,1.2284345364057343,0.5756152444663867,0.695295765495808,0.8189563576038229,0.1752469006093717,0.4494011976047904,0.4921602787456446,100.0,100.0,4645,3253,1353,16,0,0,0.003444564047362756,0.0,0.0,0.7000000000000001,0.1,0.5,0.30000000000000004,45.0,40.0,25.0,0.6000000000000001,0.2,0.4,0.30000000000000004,45.0,50.0,35.0,1163,1154,9,1163,0.007738607050730868,1.2073475253991552,1.5,0.8048983502661035,556,0.48180242634315423,1.0,1
"iteration_2","SCOPE_DATA_COLLECTION",800,57,3490.0,3550.0,0,4709,3449,1163,4761,3334,1156,4715,3441,1149,2,8,9,4.2399830400678397E-4,0.002319512902290519,0.007772020725388601,0.28849635017136055,0.6757572852303055,1.2117640955598334,0.5769927003427211,0.6757572852303055,0.8078427303732223,0.20127253446447507,0.4274920081371694,0.48476936466492604,95.0,100.0,4535,2839,1947,16,3,0,0.0035281146637265713,0.0010567101091933778,0.0,0.6000000000000001,0.2,0.4,0.30000000000000004,45.0,50.0,35.0,0.7000000000000001,0.2,0.30000000000000004,0.30000000000000004,35.0,50.0,45.0,4734,4732,2,4734,4.224757076468103E-4,0.29772932294922944,0.5,0.5954586458984589,1011,0.2136517328825021,1.0,1
"iteration_2","SCOPE_DATA_COLLECTION",800,57,3490.0,3550.0,1,4709,3449,1163,4761,3334,1156,4715,3441,1149,2,8,9,4.2399830400678397E-4,0.002319512902290519,0.007772020725388601,0.28849635017136055,0.6757572852303055,1.2117640955598334,0.5769927003427211,0.6757572852303055,0.8078427303732223,0.20127253446447507,0.4274920081371694,0.48476936466492604,95.0,100.0,4535,2839,1947,16,3,0,0.0035281146637265713,0.0010567101091933778,0.0,0.6000000000000001,0.2,0.4,0.30000000000000004,45.0,50.0,35.0,0.7000000000000001,0.2,0.30000000000000004,0.30000000000000004,35.0,50.0,45.0,3380,3371,9,3380,0.0026627218934911242,0.6742442146718263,1.0,0.6742442146718263,1468,0.4354790863245328,1.0,1
"iteration_2","SCOPE_DATA_COLLECTION",800,57,3490.0,3550.0,2,4709,3449,1163,4761,3334,1156,4715,3441,1149,2,8,9,4.2399830400678397E-4,0.002319512902290519,0.007772020725388601,0.28849635017136055,0.6757572852303055,1.2117640955598334,0.5769927003427211,0.6757572852303055,0.8078427303732223,0.20127253446447507,0.4274920081371694,0.48476936466492604,95.0,100.0,4535,2839,1947,16,3,0,0.0035281146637265713,0.0010567101091933778,0.0,0.6000000000000001,0.2,0.4,0.30000000000000004,45.0,50.0,35.0,0.7000000000000001,0.2,0.30000000000000004,0.30000000000000004,35.0,50.0,45.0,1136,1128,8,1136,0.007042253521126761,1.210487250235096,1.5,0.8069915001567307,542,0.4804964539007092,1.0,1
"iteration_2","SCOPE_DATA_COLLECTION",800,58,3550.0,3617.6412566977465,0,4734,3380,1136,4709,3449,1163,4730,3367,1132,2,9,8,4.2265426880811494E-4,0.002665876777251185,0.007017543859649123,0.2977830770550682,0.6737049894661317,1.2044622283384832,0.5955661541101364,0.6737049894661317,0.8029748188923221,0.21395348837209302,0.4348084348084348,0.47791519434628976,100.0,100.0,4553,3271,1426,16,3,0,0.0035141664836371624,9.171507184347294E-4,0.0,0.7000000000000001,0.2,0.30000000000000004,0.30000000000000004,35.0,50.0,45.0,0.8,0.30000000000000004,0.2,0.4,45.0,50.0,35.0,3913,3887,8,3895,0.0020539152759948653,0.30126020334718495,0.5,0.6025204066943699,938,0.24131721121687677,0.995399948888321,0
"iteration_2","SCOPE_DATA_COLLECTION",800,58,3550.0,3617.6412566977465,1,4734,3380,1136,4709,3449,1163,4730,3367,1132,2,9,8,4.2265426880811494E-4,0.002665876777251185,0.007017543859649123,0.2977830770550682,0.6737049894661317,1.2044622283384832,0.5955661541101364,0.6737049894661317,0.8029748188923221,0.21395348837209302,0.4348084348084348,0.47791519434628976,100.0,100.0,4553,3271,1426,16,3,0,0.0035141664836371624,9.171507184347294E-4,0.0,0.7000000000000001,0.2,0.30000000000000004,0.30000000000000004,35.0,50.0,45.0,0.8,0.30000000000000004,0.2,0.4,45.0,50.0,35.0,2752,2706,4,2710,0.0014760147601476014,0.6738086614527511,1.0,0.6738086614527511,1169,0.4320029563932003,0.9847383720930233,0
"iteration_2","SCOPE_DATA_COLLECTION",800,58,3550.0,3617.6412566977465,2,4734,3380,1136,4709,3449,1163,4730,3367,1132,2,9,8,4.2265426880811494E-4,0.002665876777251185,0.007017543859649123,0.2977830770550682,0.6737049894661317,1.2044622283384832,0.5955661541101364,0.6737049894661317,0.8029748188923221,0.21395348837209302,0.4348084348084348,0.47791519434628976,100.0,100.0,4553,3271,1426,16,3,0,0.0035141664836371624,9.171507184347294E-4,0.0,0.7000000000000001,0.2,0.30000000000000004,0.30000000000000004,35.0,50.0,45.0,0.8,0.30000000000000004,0.2,0.4,45.0,50.0,35.0,956,920,8,928,0.008620689655172414,1.2394901014416686,1.5,0.8263267342944457,456,0.4956521739130435,0.9707112970711297,0
"iteration_2","SCOPE_DATA_COLLECTION",900,0,70.0,130.0,0,4968,3577,1132,0,0,0,4941,3524,1084,3,20,17,6.067961165048543E-4,0.0056433408577878106,0.015440508628519528,0.31325750019583193,0.6899087468125851,1.1927577693975517,0.6265150003916639,0.6899087468125851,0.7951718462650345,0.2584497065371382,0.42054483541430193,0.4603321033210332,100.0,100.0,4584,3064,2029,37,3,0,0.00807155322862129,9.791122715404699E-4,0.0,0.6,0.5,0.7,0.4,85.0,80.0,90.0,0.7000000000000001,0.6000000000000001,0.6000000000000001,0.5,85.0,80.0,95.0,5444,5438,6,5444,0.0011021307861866275,0.30931717767323064,0.5,0.6186343553464613,1464,0.26921662375873484,1.0,1
"iteration_2","SCOPE_DATA_COLLECTION",900,0,70.0,130.0,1,4968,3577,1132,0,0,0,4941,3524,1084,3,20,17,6.067961165048543E-4,0.0056433408577878106,0.015440508628519528,0.31325750019583193,0.6899087468125851,1.1927577693975517,0.6265150003916639,0.6899087468125851,0.7951718462650345,0.2584497065371382,0.42054483541430193,0.4603321033210332,100.0,100.0,4584,3064,2029,37,3,0,0.00807155322862129,9.791122715404699E-4,0.0,0.6,0.5,0.7,0.4,85.0,80.0,90.0,0.7000000000000001,0.6000000000000001,0.6000000000000001,0.5,85.0,80.0,95.0,3928,3911,17,3928,0.004327902240325866,0.6630010688345751,1.0,0.6630010688345751,1579,0.40373306059831243,1.0,1
"iteration_2","SCOPE_DATA_COLLECTION",900,0,70.0,130.0,2,4968,3577,1132,0,0,0,4941,3524,1084,3,20,17,6.067961165048543E-4,0.0056433408577878106,0.015440508628519528,0.31325750019583193,0.6899087468125851,1.1927577693975517,0.6265150003916639,0.6899087468125851,0.7951718462650345,0.2584497065371382,0.42054483541430193,0.4603321033210332,100.0,100.0,4584,3064,2029,37,3,0,0.00807155322862129,9.791122715404699E-4,0.0,0.6,0.5,0.7,0.4,85.0,80.0,90.0,0.7000000000000001,0.6000000000000001,0.6000000000000001,0.5,85.0,80.0,95.0,1240,1225,15,1240,0.012096774193548387,1.1390714949466174,1.5,0.7593809966310783,529,0.43183673469387757,1.0,1
"iteration_2","SCOPE_DATA_COLLECTION",900,1,130.0,190.0,0,5444,3928,1240,4968,3577,1132,5436,3903,1231,6,17,15,0.0011025358324145535,0.004336734693877551,0.012038523274478331,0.30961303577362936,0.6612880699774005,1.146579827951226,0.6192260715472587,0.6612880699774005,0.7643865519674841,0.2691317144959529,0.4035357417371253,0.43623070674248576,95.0,100.0,4747,4135,1730,33,5,0,0.006951759005687803,0.0012091898428053204,0.0,0.7000000000000001,0.6000000000000001,0.6000000000000001,0.5,85.0,80.0,95.0,0.6000000000000001,0.7000000000000001,0.7000000000000001,0.5,95.0,70.0,95.0,5403,5388,15,5403,0.00277623542476402,0.31308284713124385,0.5,0.6261656942624877,1475,0.27375649591685225,1.0,1
"iteration_2","SCOPE_DATA_COLLECTION",900,1,130.0,190.0,1,5444,3928,1240,4968,3577,1132,5436,3903,1231,6,17,15,0.0011025358324145535,0.004336734693877551,0.012038523274478331,0.30961303577362936,0.6612880699774005,1.146579827951226,0.6192260715472587,0.6612880699774005,0.7643865519674841,0.2691317144959529,0.4035357417371253,0.43623070674248576,95.0,100.0,4747,4135,1730,33,5,0,0.006951759005687803,0.0012091898428053204,0.0,0.7000000000000001,0.6000000000000001,0.6000000000000001,0.5,85.0,80.0,95.0,0.6000000000000001,0.7000000000000001,0.7000000000000001,0.5,95.0,70.0,95.0,3944,3931,13,3944,0.0032961460446247464,0.6881716037623785,1.0,0.6881716037623785,1608,0.40905621979140167,1.0,1
"iteration_2","SCOPE_DATA_COLLECTION",900,1,130.0,190.0,2,5444,3928,1240,4968,3577,1132,5436,3903,1231,6,17,15,0.0011025358324145535,0.004336734693877551,0.012038523274478331,0.30961303577362936,0.6612880699774005,1.146579827951226,0.6192260715472587,0.6612880699774005,0.7643865519674841,0.2691317144959529,0.4035357417371253,0.43623070674248576,95.0,100.0,4747,4135,1730,33,5,0,0.006951759005687803,0.0012091898428053204,0.0,0.7000000000000001,0.6000000000000001,0.6000000000000001,0.5,85.0,80.0,95.0,0.6000000000000001,0.7000000000000001,0.7000000000000001,0.5,95.0,70.0,95.0,1163,1153,10,1163,0.008598452278589854,1.160140957018392,1.5,0.7734273046789281,508,0.4405897658282741,1.0,1
"iteration_2","SCOPE_DATA_COLLECTION",900,2,190.0,250.0,0,5403,3944,1163,5444,3928,1240,5400,3920,1158,15,13,10,0.002770083102493075,0.0033053648614289346,0.008561643835616438,0.31327813828953344,0.6858254580488149,1.1602035611006358,0.6265562765790669,0.6858254580488149,0.7734690407337572,0.2740740740740741,0.40816326530612246,0.43955094991364424,95.0,100.0,4751,3492,2267,36,2,0,0.007577352136392338,5.72737686139748E-4,0.0,0.6000000000000001,0.7000000000000001,0.7000000000000001,0.5,95.0,70.0,95.0,0.7000000000000001,0.6000000000000001,0.7000000000000001,0.4,95.0,80.0,85.0,5376,5369,7,5376,0.0013020833333333333,0.3149124000174192,0.5,0.6298248000348384,1517,0.2825479605140622,1.0,1
"iteration_2","SCOPE_DATA_COLLECTION",900,2,190.0,250.0,1,5403,3944,1163,5444,3928,1240,5400,3920,1158,15,13,10,0.002770083102493075,0.0033053648614289346,0.008561643835616438,0.31327813828953344,0.6858254580488149,1.1602035611006358,0.6265562765790669,0.6858254580488149,0.7734690407337572,0.2740740740740741,0.40816326530612246,0.43955094991364424,95.0,100.0,4751,3492,2267,36,2,0,0.007577352136392338,5.72737686139748E-4,0.0,0.6000000000000001,0.7000000000000001,0.7000000000000001,0.5,95.0,70.0,95.0,0.7000000000000001,0.6000000000000001,0.7000000000000001,0.4,95.0,80.0,85.0,3853,3836,17,3853,0.004412146379444588,0.6943840713682777,1.0,0.6943840713682777,1635,0.4262252346193952,1.0,1
"iteration_2","SCOPE_DATA_COLLECTION",900,2,190.0,250.0,2,5403,3944,1163,5444,3928,1240,5400,3920,1158,15,13,10,0.002770083102493075,0.0033053648614289346,0.008561643835616438,0.31327813828953344,0.6858254580488149,1.1602035611006358,0.6265562765790669,0.6858254580488149,0.7734690407337572,0.2740740740740741,0.40816326530612246,0.43955094991364424,95.0,100.0,4751,3492,2267,36,2,0,0.007577352136392338,5.72737686139748E-4,0.0,0.6000000000000001,0.7000000000000001,0.7000000000000001,0.5,95.0,70.0,95.0,0.7000000000000001,0.6000000000000001,0.7000000000000001,0.4,95.0,80.0,85.0,1180,1168,12,1180,0.010169491525423728,1.168699291364806,1.5,0.7791328609098707,519,0.4443493150684932,1.0,1
"iteration_2","SCOPE_DATA_COLLECTION",900,3,250.0,310.0,0,5376,3853,1180,5403,3944,1163,5358,3841,1167,7,17,12,0.00130475302889096,0.0044064282011404875,0.010178117048346057,0.3144602748206343,0.6949476492020151,1.1701802284500373,0.6289205496412686,0.6949476492020151,0.7801201523000248,0.28200821201941023,0.42488935173132,0.44558697514995715,100.0,100.0,4761,3976,1672,33,3,0,0.006931316950220542,7.545271629778672E-4,0.0,0.7000000000000001,0.6000000000000001,0.7000000000000001,0.4,95.0,80.0,85.0,0.2,0.8,0.1,0.4,90.0,85.0,70.0,5401,4300,1101,5401,0.2038511386780226,0.424264768208925,0.5,0.84852953641785,1529,0.3555813953488372,1.0,1
"iteration_2","SCOPE_DATA_COLLECTION",900,3,250.0,310.0,1,5376,3853,1180,5403,3944,1163,5358,3841,1167,7,17,12,0.00130475302889096,0.0044064282011404875,0.010178117048346057,0.3144602748206343,0.6949476492020151,1.1701802284500373,0.6289205496412686,0.6949476492020151,0.7801201523000248,0.28200821201941023,0.42488935173132,0.44558697514995715,100.0,100.0,4761,3976,1672,33,3,0,0.006931316950220542,7.545271629778672E-4,0.0,0.7000000000000001,0.6000000000000001,0.7000000000000001,0.4,95.0,80.0,85.0,0.2,0.8,0.1,0.4,90.0,85.0,70.0,3875,3077,798,3875,0.20593548387096774,0.8259287688103754,1.0,0.8259287688103754,1654,0.5375365615859603,1.0,1
"iteration_2","SCOPE_DATA_COLLECTION",900,3,250.0,310.0,2,5376,3853,1180,5403,3944,1163,5358,3841,1167,7,17,12,0.00130475302889096,0.0044064282011404875,0.010178117048346057,0.3144602748206343,0.6949476492020151,1.1701802284500373,0.6289205496412686,0.6949476492020151,0.7801201523000248,0.28200821201941023,0.42488935173132,0.44558697514995715,100.0,100.0,4761,3976,1672,33,3,0,0.006931316950220542,7.545271629778672E-4,0.0,0.7000000000000001,0.6000000000000001,0.7000000000000001,0.4,95.0,80.0,85.0,0.2,0.8,0.1,0.4,90.0,85.0,70.0,1161,904,257,1161,0.22136089577950044,1.444500428016715,1.5,0.9630002853444767,525,0.5807522123893806,1.0,1
"iteration_2","SCOPE_DATA_COLLECTION",900,4,310.0,370.0,0,5401,3875,1161,5376,3853,1180,4305,3092,901,1101,798,257,0.20366259711431742,0.2051413881748072,0.2219343696027634,0.4240840518999021,0.8269193347829566,1.4397786281457396,0.8481681037998042,0.8269193347829566,0.9598524187638264,0.3549361207897793,0.5378395860284605,0.5782463928967814,100.0,100.0,4714,1116,4607,21,1,2134,0.004454815443360204,8.960573476702509E-4,0.4632081614933796,0.2,0.8,0.1,0.4,90.0,85.0,70.0,0.30000000000000004,0.30000000000000004,0.1,0.9,25.0,95.0,60.0,5355,4866,489,5355,0.09131652661064425,0.3622730205751104,0.5,0.7245460411502208,1359,0.2792848335388409,1.0,1
"iteration_2","SCOPE_DATA_COLLECTION",900,4,310.0,370.0,1,5401,3875,1161,5376,3853,1180,4305,3092,901,1101,798,257,0.20366259711431742,0.2051413881748072,0.2219343696027634,0.4240840518999021,0.8269193347829566,1.4397786281457396,0.8481681037998042,0.8269193347829566,0.9598524187638264,0.3549361207897793,0.5378395860284605,0.5782463928967814,100.0,100.0,4714,1116,4607,21,1,2134,0.004454815443360204,8.960573476702509E-4,0.4632081614933796,0.2,0.8,0.1,0.4,90.0,85.0,70.0,0.30000000000000004,0.30000000000000004,0.1,0.9,25.0,95.0,60.0,3854,3532,322,3854,0.08354955889984432,0.7377513316738008,1.0,0.7377513316738008,1651,0.467440543601359,1.0,1
"iteration_2","SCOPE_DATA_COLLECTION",900,4,310.0,370.0,2,5401,3875,1161,5376,3853,1180,4305,3092,901,1101,798,257,0.20366259711431742,0.2051413881748072,0.2219343696027634,0.4240840518999021,0.8269193347829566,1.4397786281457396,0.8481681037998042,0.8269193347829566,0.9598524187638264,0.3549361207897793,0.5378395860284605,0.5782463928967814,100.0,100.0,4714,1116,4607,21,1,2134,0.004454815443360204,8.960573476702509E-4,0.4632081614933796,0.2,0.8,0.1,0.4,90.0,85.0,70.0,0.30000000000000004,0.30000000000000004,0.1,0.9,25.0,95.0,60.0,1258,1133,125,1258,0.09936406995230525,1.26918690992292,1.5,0.84612460661528,554,0.4889673433362754,1.0,1
"iteration_2","SCOPE_DATA_COLLECTION",900,5,370.0,430.0,0,5355,3854,1258,5401,3875,1161,4869,3515,1136,489,322,125,0.09126539753639418,0.08391972895491269,0.09912767644726407,0.36306124184355254,0.7393133155720094,1.278286147390888,0.7261224836871051,0.7393133155720094,0.8521907649272586,0.2809611829944547,0.46913229018492175,0.49383802816901406,95.0,100.0,4650,1755,4062,21,1,914,0.004516129032258065,5.698005698005698E-4,0.22501230920728704,0.30000000000000004,0.30000000000000004,0.1,0.9,25.0,95.0,60.0,0.25,0.6000000000000001,0.5,0.6000000000000001,20.0,75.0,60.0,5488,4641,847,5488,0.15433673469387754,0.4042978654274728,0.5,0.8085957308549456,1647,0.35488041370394313,1.0,1
"iteration_2","SCOPE_DATA_COLLECTION",900,5,370.0,430.0,1,5355,3854,1258,5401,3875,1161,4869,3515,1136,489,322,125,0.09126539753639418,0.08391972895491269,0.09912767644726407,0.36306124184355254,0.7393133155720094,1.278286147390888,0.7261224836871051,0.7393133155720094,0.8521907649272586,0.2809611829944547,0.46913229018492175,0.49383802816901406,95.0,100.0,4650,1755,4062,21,1,914,0.004516129032258065,5.698005698005698E-4,0.22501230920728704,0.30000000000000004,0.30000000000000004,0.1,0.9,25.0,95.0,60.0,0.25,0.6000000000000001,0.5,0.6000000000000001,20.0,75.0,60.0,3921,3257,664,3921,0.16934455496046927,0.8211222624339629,1.0,0.8211222624339629,1638,0.5029167945962543,1.0,1
"iteration_2","SCOPE_DATA_COLLECTION",900,5,370.0,430.0,2,5355,3854,1258,5401,3875,1161,4869,3515,1136,489,322,125,0.09126539753639418,0.08391972895491269,0.09912767644726407,0.36306124184355254,0.7393133155720094,1.278286147390888,0.7261224836871051,0.7393133155720094,0.8521907649272586,0.2809611829944547,0.46913229018492175,0.49383802816901406,95.0,100.0,4650,1755,4062,21,1,914,0.004516129032258065,5.698005698005698E-4,0.22501230920728704,0.30000000000000004,0.30000000000000004,0.1,0.9,25.0,95.0,60.0,0.25,0.6000000000000001,0.5,0.6000000000000001,20.0,75.0,60.0,1265,1034,231,1265,0.1826086956521739,1.3614277976638571,1.5,0.9076185317759048,532,0.5145067698259188,1.0,1
"iteration_2","SCOPE_DATA_COLLECTION",900,6,430.0,490.0,0,5488,3921,1265,5355,3854,1258,4605,3261,1036,847,664,231,0.1553558327219369,0.169171974522293,0.18232044198895028,0.40127066788202975,0.819912969904771,1.3563645147029975,0.8025413357640595,0.819912969904771,0.9042430098019983,0.3509229098805646,0.5038331800061331,0.5125482625482626,92.5,100.0,4823,1417,4434,36,4,1702,0.0074642338793282186,0.0028228652081863093,0.38385205232295894,0.25,0.6000000000000001,0.5,0.6000000000000001,20.0,75.0,60.0,0.25,0.7000000000000001,0.5,0.7000000000000001,20.0,85.0,50.0,5353,4546,807,5353,0.1507565850924715,0.39706635857550643,0.5,0.7941327171510129,1589,0.349538055433348,1.0,1
"iteration_2","SCOPE_DATA_COLLECTION",900,6,430.0,490.0,1,5488,3921,1265,5355,3854,1258,4605,3261,1036,847,664,231,0.1553558327219369,0.169171974522293,0.18232044198895028,0.40127066788202975,0.819912969904771,1.3563645147029975,0.8025413357640595,0.819912969904771,0.9042430098019983,0.3509229098805646,0.5038331800061331,0.5125482625482626,92.5,100.0,4823,1417,4434,36,4,1702,0.0074642338793282186,0.0028228652081863093,0.38385205232295894,0.25,0.6000000000000001,0.5,0.6000000000000001,20.0,75.0,60.0,0.25,0.7000000000000001,0.5,0.7000000000000001,20.0,85.0,50.0,3965,3341,624,3965,0.15737704918032788,0.8099058335377695,1.0,0.8099058335377695,1632,0.48847650404070636,1.0,1
"iteration_2","SCOPE_DATA_COLLECTION",900,6,430.0,490.0,2,5488,3921,1265,5355,3854,1258,4605,3261,1036,847,664,231,0.1553558327219369,0.169171974522293,0.18232044198895028,0.40127066788202975,0.819912969904771,1.3563645147029975,0.8025413357640595,0.819912969904771,0.9042430098019983,0.3509229098805646,0.5038331800061331,0.5125482625482626,92.5,100.0,4823,1417,4434,36,4,1702,0.0074642338793282186,0.0028228652081863093,0.38385205232295894,0.25,0.6000000000000001,0.5,0.6000000000000001,20.0,75.0,60.0,0.25,0.7000000000000001,0.5,0.7000000000000001,20.0,85.0,50.0,1205,1008,197,1205,0.16348547717842324,1.371869918781259,1.5,0.9145799458541727,528,0.5238095238095238,1.0,1
"iteration_2","SCOPE_DATA_COLLECTION",900,7,490.0,550.0,0,5353,3965,1205,5488,3921,1265,4585,3346,1003,807,624,197,0.14966617210682492,0.15717884130982368,0.16416666666666666,0.3998536929806625,0.809827914834331,1.3657131147883252,0.799707385961325,0.809827914834331,0.9104754098588835,0.35310796074154854,0.4877465630603706,0.5214356929212363,95.0,100.0,4756,1465,4302,38,0,1590,0.00798990748528175,0.0,0.3695955369595537,0.25,0.7000000000000001,0.5,0.7000000000000001,20.0,85.0,50.0,0.15000000000000002,0.7000000000000001,0.4,0.8,20.0,75.0,40.0,5442,4027,1415,5442,0.26001470047776554,0.4478915273898629,0.5,0.8957830547797258,1618,0.40178793146262726,1.0,1
"iteration_2","SCOPE_DATA_COLLECTION",900,7,490.0,550.0,1,5353,3965,1205,5488,3921,1265,4585,3346,1003,807,624,197,0.14966617210682492,0.15717884130982368,0.16416666666666666,0.3998536929806625,0.809827914834331,1.3657131147883252,0.799707385961325,0.809827914834331,0.9104754098588835,0.35310796074154854,0.4877465630603706,0.5214356929212363,95.0,100.0,4756,1465,4302,38,0,1590,0.00798990748528175,0.0,0.3695955369595537,0.25,0.7000000000000001,0.5,0.7000000000000001,20.0,85.0,50.0,0.15000000000000002,0.7000000000000001,0.4,0.8,20.0,75.0,40.0,3868,2805,1063,3868,0.2748190279214064,0.900242074394408,1.0,0.900242074394408,1602,0.5711229946524065,1.0,1
"iteration_2","SCOPE_DATA_COLLECTION",900,7,490.0,550.0,2,5353,3965,1205,5488,3921,1265,4585,3346,1003,807,624,197,0.14966617210682492,0.15717884130982368,0.16416666666666666,0.3998536929806625,0.809827914834331,1.3657131147883252,0.799707385961325,0.809827914834331,0.9104754098588835,0.35310796074154854,0.4877465630603706,0.5214356929212363,95.0,100.0,4756,1465,4302,38,0,1590,0.00798990748528175,0.0,0.3695955369595537,0.25,0.7000000000000001,0.5,0.7000000000000001,20.0,85.0,50.0,0.15000000000000002,0.7000000000000001,0.4,0.8,20.0,75.0,40.0,1231,860,371,1231,0.3013809910641755,1.5759238842168828,1.5,1.0506159228112553,543,0.6313953488372093,1.0,1
"iteration_2","SCOPE_DATA_COLLECTION",900,8,550.0,610.0,0,5442,3868,1231,5353,3965,1205,4010,2819,862,1415,1063,371,0.2608294930875576,0.273827923750644,0.3008921330089213,0.44643709505467116,0.8992790327319753,1.5746464006128633,0.8928741901093423,0.8992790327319753,1.0497642670752423,0.3992518703241895,0.5693508336289465,0.6299303944315545,100.0,100.0,4737,894,4910,37,1,2811,0.007810850749419463,0.0011185682326621924,0.5725050916496945,0.15000000000000002,0.7000000000000001,0.4,0.8,20.0,75.0,40.0,0.9500000000000001,0.1,0.2,0.30000000000000004,70.0,30.0,70.0,5384,5379,5,5384,9.286775631500742E-4,0.287836564221783,0.5,0.575673128443566,1104,0.20524261015058562,1.0,1
"iteration_2","SCOPE_DATA_COLLECTION",900,8,550.0,610.0,1,5442,3868,1231,5353,3965,1205,4010,2819,862,1415,1063,371,0.2608294930875576,0.273827923750644,0.3008921330089213,0.44643709505467116,0.8992790327319753,1.5746464006128633,0.8928741901093423,0.8992790327319753,1.0497642670752423,0.3992518703241895,0.5693508336289465,0.6299303944315545,100.0,100.0,4737,894,4910,37,1,2811,0.007810850749419463,0.0011185682326621924,0.5725050916496945,0.15000000000000002,0.7000000000000001,0.4,0.8,20.0,75.0,40.0,0.9500000000000001,0.1,0.2,0.30000000000000004,70.0,30.0,70.0,3892,3884,8,3892,0.0020554984583761563,0.6605712982270473,1.0,0.6605712982270473,1616,0.4160659114315139,1.0,1
"iteration_2","SCOPE_DATA_COLLECTION",900,8,550.0,610.0,2,5442,3868,1231,5353,3965,1205,4010,2819,862,1415,1063,371,0.2608294930875576,0.273827923750644,0.3008921330089213,0.44643709505467116,0.8992790327319753,1.5746464006128633,0.8928741901093423,0.8992790327319753,1.0497642670752423,0.3992518703241895,0.5693508336289465,0.6299303944315545,100.0,100.0,4737,894,4910,37,1,2811,0.007810850749419463,0.0011185682326621924,0.5725050916496945,0.15000000000000002,0.7000000000000001,0.4,0.8,20.0,75.0,40.0,0.9500000000000001,0.1,0.2,0.30000000000000004,70.0,30.0,70.0,1248,1235,13,1248,0.010416666666666666,1.2158935937467592,1.5,0.8105957291645062,590,0.4777327935222672,1.0,1
"iteration_2","SCOPE_DATA_COLLECTION",900,9,610.0,670.0,0,5384,3892,1248,5442,3868,1231,5383,3860,1240,5,8,13,9.279881217520415E-4,0.002068252326783868,0.010375099760574621,0.28906814357858196,0.6605225902474596,1.2218811087210515,0.5781362871571639,0.6605225902474596,0.8145874058140343,0.20657625859186327,0.4170984455958549,0.4798387096774194,87.5,100.0,4787,5428,309,22,3,1,0.004595780238144976,5.52689756816507E-4,0.003236245954692557,0.9500000000000001,0.1,0.2,0.30000000000000004,70.0,30.0,70.0,0.9500000000000001,0.1,0.2,0.30000000000000004,70.0,30.0,70.0,5352,5349,3,5352,5.605381165919282E-4,0.2899849967707516,0.5,0.5799699935415032,1074,0.20078519349411106,1.0,1
"iteration_2","SCOPE_DATA_COLLECTION",900,9,610.0,670.0,1,5384,3892,1248,5442,3868,1231,5383,3860,1240,5,8,13,9.279881217520415E-4,0.002068252326783868,0.010375099760574621,0.28906814357858196,0.6605225902474596,1.2218811087210515,0.5781362871571639,0.6605225902474596,0.8145874058140343,0.20657625859186327,0.4170984455958549,0.4798387096774194,87.5,100.0,4787,5428,309,22,3,1,0.004595780238144976,5.52689756816507E-4,0.003236245954692557,0.9500000000000001,0.1,0.2,0.30000000000000004,70.0,30.0,70.0,0.9500000000000001,0.1,0.2,0.30000000000000004,70.0,30.0,70.0,3927,3916,11,3927,0.0028011204481792717,0.6680000283286944,1.0,0.6680000283286944,1657,0.4231358529111338,1.0,1
"iteration_2","SCOPE_DATA_COLLECTION",900,9,610.0,670.0,2,5384,3892,1248,5442,3868,1231,5383,3860,1240,5,8,13,9.279881217520415E-4,0.002068252326783868,0.010375099760574621,0.28906814357858196,0.6605225902474596,1.2218811087210515,0.5781362871571639,0.6605225902474596,0.8145874058140343,0.20657625859186327,0.4170984455958549,0.4798387096774194,87.5,100.0,4787,5428,309,22,3,1,0.004595780238144976,5.52689756816507E-4,0.003236245954692557,0.9500000000000001,0.1,0.2,0.30000000000000004,70.0,30.0,70.0,0.9500000000000001,0.1,0.2,0.30000000000000004,70.0,30.0,70.0,1248,1241,7,1248,0.005608974358974359,1.1431868778475922,1.5,0.7621245852317281,553,0.44560838033843675,1.0,1
"iteration_2","SCOPE_DATA_COLLECTION",900,10,670.0,730.0,0,5352,3927,1248,5384,3892,1248,5351,3910,1239,3,11,7,5.603287261860292E-4,0.0028054067839836778,0.0056179775280898875,0.2896866761364447,0.6658172741836876,1.1409565776904471,0.5793733522728894,0.6658172741836876,0.760637718460298,0.2005232666791254,0.42046035805626597,0.4447134786117837,97.5,100.0,4860,5371,296,18,3,0,0.003703703703703704,5.585552038726494E-4,0.0,0.9500000000000001,0.1,0.2,0.30000000000000004,70.0,30.0,70.0,0.9500000000000001,0.2,0.30000000000000004,0.2,60.0,20.0,80.0,5301,5298,3,5301,5.659309564233164E-4,0.2906518106548226,0.5,0.5813036213096452,1162,0.2193280483201208,1.0,1
"iteration_2","SCOPE_DATA_COLLECTION",900,10,670.0,730.0,1,5352,3927,1248,5384,3892,1248,5351,3910,1239,3,11,7,5.603287261860292E-4,0.0028054067839836778,0.0056179775280898875,0.2896866761364447,0.6658172741836876,1.1409565776904471,0.5793733522728894,0.6658172741836876,0.760637718460298,0.2005232666791254,0.42046035805626597,0.4447134786117837,97.5,100.0,4860,5371,296,18,3,0,0.003703703703703704,5.585552038726494E-4,0.0,0.9500000000000001,0.1,0.2,0.30000000000000004,70.0,30.0,70.0,0.9500000000000001,0.2,0.30000000000000004,0.2,60.0,20.0,80.0,3933,3926,7,3933,0.001779811848461734,0.6622010007830438,1.0,0.6622010007830438,1639,0.4174732552215996,1.0,1
"iteration_2","SCOPE_DATA_COLLECTION",900,10,670.0,730.0,2,5352,3927,1248,5384,3892,1248,5351,3910,1239,3,11,7,5.603287261860292E-4,0.0028054067839836778,0.0056179775280898875,0.2896866761364447,0.6658172741836876,1.1409565776904471,0.5793733522728894,0.6658172741836876,0.760637718460298,0.2005232666791254,0.42046035805626597,0.4447134786117837,97.5,100.0,4860,5371,296,18,3,0,0.003703703703703704,5.585552038726494E-4,0.0,0.9500000000000001,0.1,0.2,0.30000000000000004,70.0,30.0,70.0,0.9500000000000001,0.2,0.30000000000000004,0.2,60.0,20.0,80.0,1240,1232,8,1240,0.0064516129032258064,1.160184147830641,1.5,0.7734560985537606,553,0.44886363636363635,1.0,1
"iteration_2","SCOPE_DATA_COLLECTION",900,11,730.0,790.0,0,5301,3933,1240,5352,3927,1248,5297,3934,1228,3,7,8,5.660377358490566E-4,0.0017761989342806395,0.006472491909385114,0.29063552530062153,0.6640964078230629,1.1583865819322579,0.5812710506012431,0.6640964078230629,0.7722577212881719,0.22012459882952615,0.418403660396543,0.44869706840390877,97.5,100.0,4737,5432,305,18,0,0,0.0037998733375554147,0.0,0.0,0.9500000000000001,0.2,0.30000000000000004,0.2,60.0,20.0,80.0,0.9500000000000001,0.30000000000000004,0.2,0.30000000000000004,70.0,20.0,90.0,5467,5461,6,5467,0.001097494055240534,0.3018732436761724,0.5,0.6037464873523448,1285,0.2353048892144296,1.0,1
"iteration_2","SCOPE_DATA_COLLECTION",900,11,730.0,790.0,1,5301,3933,1240,5352,3927,1248,5297,3934,1228,3,7,8,5.660377358490566E-4,0.0017761989342806395,0.006472491909385114,0.29063552530062153,0.6640964078230629,1.1583865819322579,0.5812710506012431,0.6640964078230629,0.7722577212881719,0.22012459882952615,0.418403660396543,0.44869706840390877,97.5,100.0,4737,5432,305,18,0,0,0.0037998733375554147,0.0,0.0,0.9500000000000001,0.2,0.30000000000000004,0.2,60.0,20.0,80.0,0.9500000000000001,0.30000000000000004,0.2,0.30000000000000004,70.0,20.0,90.0,3913,3903,10,3913,0.002555583950932788,0.6439748824479872,1.0,0.6439748824479872,1589,0.40712272610812195,1.0,1
"iteration_2","SCOPE_DATA_COLLECTION",900,11,730.0,790.0,2,5301,3933,1240,5352,3927,1248,5297,3934,1228,3,7,8,5.660377358490566E-4,0.0017761989342806395,0.006472491909385114,0.29063552530062153,0.6640964078230629,1.1583865819322579,0.5812710506012431,0.6640964078230629,0.7722577212881719,0.22012459882952615,0.418403660396543,0.44869706840390877,97.5,100.0,4737,5432,305,18,0,0,0.0037998733375554147,0.0,0.0,0.9500000000000001,0.2,0.30000000000000004,0.2,60.0,20.0,80.0,0.9500000000000001,0.30000000000000004,0.2,0.30000000000000004,70.0,20.0,90.0,1203,1196,7,1203,0.005818786367414797,1.1066364890621407,1.5,0.7377576593747605,501,0.4188963210702341,1.0,1
"iteration_2","SCOPE_DATA_COLLECTION",900,12,790.0,850.0,0,5467,3913,1203,5301,3933,1240,5461,3907,1206,6,10,7,0.001097494055240534,0.0025529742149604288,0.005770816158285243,0.3021379905224207,0.6436706530121128,1.1120474623534573,0.6042759810448414,0.6436706530121128,0.7413649749023049,0.23475553927852041,0.40670591246480675,0.42122719734660036,100.0,100.0,4792,5495,296,19,4,0,0.003964941569282137,7.279344858962694E-4,0.0,0.9500000000000001,0.30000000000000004,0.2,0.30000000000000004,70.0,20.0,90.0,0.9500000000000001,0.2,0.1,0.4,80.0,20.0,80.0,5384,5376,8,5384,0.0014858841010401188,0.2924355700622221,0.5,0.5848711401244442,1188,0.22098214285714285,1.0,1
"iteration_2","SCOPE_DATA_COLLECTION",900,12,790.0,850.0,1,5467,3913,1203,5301,3933,1240,5461,3907,1206,6,10,7,0.001097494055240534,0.0025529742149604288,0.005770816158285243,0.3021379905224207,0.6436706530121128,1.1120474623534573,0.6042759810448414,0.6436706530121128,0.7413649749023049,0.23475553927852041,0.40670591246480675,0.42122719734660036,100.0,100.0,4792,5495,296,19,4,0,0.003964941569282137,7.279344858962694E-4,0.0,0.9500000000000001,0.30000000000000004,0.2,0.30000000000000004,70.0,20.0,90.0,0.9500000000000001,0.2,0.1,0.4,80.0,20.0,80.0,3933,3931,2,3933,5.085176709890668E-4,0.6591318956165853,1.0,0.6591318956165853,1660,0.42228440600356143,1.0,1
"iteration_2","SCOPE_DATA_COLLECTION",900,12,790.0,850.0,2,5467,3913,1203,5301,3933,1240,5461,3907,1206,6,10,7,0.001097494055240534,0.0025529742149604288,0.005770816158285243,0.3021379905224207,0.6436706530121128,1.1120474623534573,0.6042759810448414,0.6436706530121128,0.7413649749023049,0.23475553927852041,0.40670591246480675,0.42122719734660036,100.0,100.0,4792,5495,296,19,4,0,0.003964941569282137,7.279344858962694E-4,0.0,0.9500000000000001,0.30000000000000004,0.2,0.30000000000000004,70.0,20.0,90.0,0.9500000000000001,0.2,0.1,0.4,80.0,20.0,80.0,1183,1182,1,1183,8.453085376162299E-4,1.1423648948607874,1.5,0.7615765965738582,521,0.4407783417935702,1.0,1
"iteration_2","SCOPE_DATA_COLLECTION",900,13,850.0,910.0,0,5384,3933,1183,5467,3913,1203,5376,3937,1172,8,2,1,0.0014858841010401188,5.077430820005078E-4,8.525149190110827E-4,0.292371072873686,0.6613237473621975,1.1385293924175541,0.584742145747372,0.6613237473621975,0.7590195949450361,0.22116815476190477,0.42443484886969773,0.43856655290102387,97.5,100.0,4774,5468,258,6,5,0,0.0012568077084206116,9.144111192392099E-4,0.0,0.9500000000000001,0.2,0.1,0.4,80.0,20.0,80.0,0.9500000000000001,0.1,0.1,0.30000000000000004,90.0,20.0,70.0,5379,5375,4,5379,7.436326454731362E-4,0.28938556924222264,0.5,0.5787711384844453,1146,0.21320930232558138,1.0,1
"iteration_2","SCOPE_DATA_COLLECTION",900,13,850.0,910.0,1,5384,3933,1183,5467,3913,1203,5376,3937,1172,8,2,1,0.0014858841010401188,5.077430820005078E-4,8.525149190110827E-4,0.292371072873686,0.6613237473621975,1.1385293924175541,0.584742145747372,0.6613237473621975,0.7590195949450361,0.22116815476190477,0.42443484886969773,0.43856655290102387,97.5,100.0,4774,5468,258,6,5,0,0.0012568077084206116,9.144111192392099E-4,0.0,0.9500000000000001,0.2,0.1,0.4,80.0,20.0,80.0,0.9500000000000001,0.1,0.1,0.30000000000000004,90.0,20.0,70.0,4093,4089,4,4093,9.772782799902272E-4,0.6744426622803977,1.0,0.6744426622803977,1739,0.42528735632183906,1.0,1
"iteration_2","SCOPE_DATA_COLLECTION",900,13,850.0,910.0,2,5384,3933,1183,5467,3913,1203,5376,3937,1172,8,2,1,0.0014858841010401188,5.077430820005078E-4,8.525149190110827E-4,0.292371072873686,0.6613237473621975,1.1385293924175541,0.584742145747372,0.6613237473621975,0.7590195949450361,0.22116815476190477,0.42443484886969773,0.43856655290102387,97.5,100.0,4774,5468,258,6,5,0,0.0012568077084206116,9.144111192392099E-4,0.0,0.9500000000000001,0.2,0.1,0.4,80.0,20.0,80.0,0.9500000000000001,0.1,0.1,0.30000000000000004,90.0,20.0,70.0,1168,1161,7,1168,0.0059931506849315065,1.1798808914120853,1.5,0.7865872609413902,542,0.46683893195521103,1.0,1
"iteration_2","SCOPE_DATA_COLLECTION",900,14,910.0,970.0,0,5379,4093,1168,5384,3933,1183,5384,4080,1155,4,4,7,7.423904974016332E-4,9.794319294809011E-4,0.006024096385542169,0.2900041015031374,0.675288435124192,1.177301520410353,0.5800082030062748,0.675288435124192,0.7848676802735687,0.2139673105497771,0.4264705882352941,0.4649350649350649,97.5,100.0,4853,5477,310,13,2,0,0.002678755409025345,3.651634106262553E-4,0.0,0.9500000000000001,0.1,0.1,0.30000000000000004,90.0,20.0,70.0,0.4,0.7000000000000001,0.30000000000000004,0.9,65.0,20.0,55.0,5442,5349,93,5442,0.017089305402425578,0.3294944353413654,0.5,0.6589888706827308,1501,0.28061319872873436,1.0,1
"iteration_2","SCOPE_DATA_COLLECTION",900,14,910.0,970.0,1,5379,4093,1168,5384,3933,1183,5384,4080,1155,4,4,7,7.423904974016332E-4,9.794319294809011E-4,0.006024096385542169,0.2900041015031374,0.675288435124192,1.177301520410353,0.5800082030062748,0.675288435124192,0.7848676802735687,0.2139673105497771,0.4264705882352941,0.4649350649350649,97.5,100.0,4853,5477,310,13,2,0,0.002678755409025345,3.651634106262553E-4,0.0,0.9500000000000001,0.1,0.1,0.30000000000000004,90.0,20.0,70.0,0.4,0.7000000000000001,0.30000000000000004,0.9,65.0,20.0,55.0,3944,3865,79,3944,0.020030425963488845,0.666993516683761,1.0,0.666993516683761,1542,0.3989650711513583,1.0,1
"iteration_2","SCOPE_DATA_COLLECTION",900,14,910.0,970.0,2,5379,4093,1168,5384,3933,1183,5384,4080,1155,4,4,7,7.423904974016332E-4,9.794319294809011E-4,0.006024096385542169,0.2900041015031374,0.675288435124192,1.177301520410353,0.5800082030062748,0.675288435124192,0.7848676802735687,0.2139673105497771,0.4264705882352941,0.4649350649350649,97.5,100.0,4853,5477,310,13,2,0,0.002678755409025345,3.651634106262553E-4,0.0,0.9500000000000001,0.1,0.1,0.30000000000000004,90.0,20.0,70.0,0.4,0.7000000000000001,0.30000000000000004,0.9,65.0,20.0,55.0,1208,1169,39,1208,0.03228476821192053,1.1818162977892561,1.5,0.787877531859504,524,0.4482463644140291,1.0,1
"iteration_2","SCOPE_DATA_COLLECTION",900,15,970.0,1030.0,0,5442,3944,1208,5379,4093,1168,5345,3870,1167,93,79,39,0.01710187568959176,0.020005064573309698,0.03233830845771144,0.3284712287958182,0.6631221622211908,1.1790884107628368,0.6569424575916364,0.6631221622211908,0.7860589405085578,0.27913938260056126,0.3956072351421189,0.4490145672664953,97.5,100.0,4789,2314,3491,30,4,177,0.006264355815410315,0.001728608470181504,0.05070180464050415,0.4,0.7000000000000001,0.30000000000000004,0.9,65.0,20.0,55.0,0.30000000000000004,0.7000000000000001,0.30000000000000004,0.9,75.0,20.0,65.0,5444,4953,491,5444,0.09019103600293901,0.3832215055417369,0.5,0.7664430110834738,1662,0.33555420956995763,1.0,1
"iteration_2","SCOPE_DATA_COLLECTION",900,15,970.0,1030.0,1,5442,3944,1208,5379,4093,1168,5345,3870,1167,93,79,39,0.01710187568959176,0.020005064573309698,0.03233830845771144,0.3284712287958182,0.6631221622211908,1.1790884107628368,0.6569424575916364,0.6631221622211908,0.7860589405085578,0.27913938260056126,0.3956072351421189,0.4490145672664953,97.5,100.0,4789,2314,3491,30,4,177,0.006264355815410315,0.001728608470181504,0.05070180464050415,0.4,0.7000000000000001,0.30000000000000004,0.9,65.0,20.0,55.0,0.30000000000000004,0.7000000000000001,0.30000000000000004,0.9,75.0,20.0,65.0,3985,3613,372,3985,0.09335006273525721,0.7342374763837091,1.0,0.7342374763837091,1619,0.44810406864101854,1.0,1
"iteration_2","SCOPE_DATA_COLLECTION",900,15,970.0,1030.0,2,5442,3944,1208,5379,4093,1168,5345,3870,1167,93,79,39,0.01710187568959176,0.020005064573309698,0.03233830845771144,0.3284712287958182,0.6631221622211908,1.1790884107628368,0.6569424575916364,0.6631221622211908,0.7860589405085578,0.27913938260056126,0.3956072351421189,0.4490145672664953,97.5,100.0,4789,2314,3491,30,4,177,0.006264355815410315,0.001728608470181504,0.05070180464050415,0.4,0.7000000000000001,0.30000000000000004,0.9,65.0,20.0,55.0,0.30000000000000004,0.7000000000000001,0.30000000000000004,0.9,75.0,20.0,65.0,1222,1108,114,1222,0.09328968903436989,1.2742490003844578,1.5,0.8494993335896385,528,0.47653429602888087,1.0,1
"iteration_2","SCOPE_DATA_COLLECTION",900,16,1030.0,1090.0,0,5444,3985,1222,5442,3944,1208,4921,3595,1118,491,372,114,0.09072431633407244,0.09377363246785984,0.09253246753246754,0.383323705940341,0.7361754595102215,1.2803626422329426,0.766647411880682,0.7361754595102215,0.8535750948219617,0.33753302174354805,0.45118219749652294,0.47942754919499103,100.0,100.0,4806,1791,4054,31,2,944,0.006450270495214316,0.0011166945840312675,0.23285643808584114,0.30000000000000004,0.7000000000000001,0.30000000000000004,0.9,75.0,20.0,65.0,0.45,0.8,0.7000000000000001,0.9,25.0,45.0,60.0,5425,5401,24,5425,0.004423963133640553,0.33247257182411893,0.5,0.6649451436482379,1586,0.29364932419922235,1.0,1
"iteration_2","SCOPE_DATA_COLLECTION",900,16,1030.0,1090.0,1,5444,3985,1222,5442,3944,1208,4921,3595,1118,491,372,114,0.09072431633407244,0.09377363246785984,0.09253246753246754,0.383323705940341,0.7361754595102215,1.2803626422329426,0.766647411880682,0.7361754595102215,0.8535750948219617,0.33753302174354805,0.45118219749652294,0.47942754919499103,100.0,100.0,4806,1791,4054,31,2,944,0.006450270495214316,0.0011166945840312675,0.23285643808584114,0.30000000000000004,0.7000000000000001,0.30000000000000004,0.9,75.0,20.0,65.0,0.45,0.8,0.7000000000000001,0.9,25.0,45.0,60.0,3913,3885,28,3913,0.007155635062611807,0.716539319436118,1.0,0.716539319436118,1654,0.42574002574002573,1.0,1
"iteration_2","SCOPE_DATA_COLLECTION",900,16,1030.0,1090.0,2,5444,3985,1222,5442,3944,1208,4921,3595,1118,491,372,114,0.09072431633407244,0.09377363246785984,0.09253246753246754,0.383323705940341,0.7361754595102215,1.2803626422329426,0.766647411880682,0.7361754595102215,0.8535750948219617,0.33753302174354805,0.45118219749652294,0.47942754919499103,100.0,100.0,4806,1791,4054,31,2,944,0.006450270495214316,0.0011166945840312675,0.23285643808584114,0.30000000000000004,0.7000000000000001,0.30000000000000004,0.9,75.0,20.0,65.0,0.45,0.8,0.7000000000000001,0.9,25.0,45.0,60.0,1240,1222,18,1240,0.014516129032258065,1.1729103639733363,1.5,0.7819402426488908,528,0.4320785597381342,1.0,1
"iteration_2","SCOPE_DATA_COLLECTION",900,17,1090.0,1150.0,0,5425,3913,1240,5444,3985,1222,5418,3900,1214,24,28,18,0.004410143329658214,0.007128309572301426,0.01461038961038961,0.33127546519823603,0.7151198526839961,1.1674085376997603,0.6625509303964721,0.7151198526839961,0.7782723584665069,0.2914359542266519,0.42512820512820515,0.42833607907743,100.0,100.0,4780,2541,3257,39,1,30,0.008158995815899581,3.935458480913026E-4,0.0092109303039607,0.45,0.8,0.7000000000000001,0.9,25.0,45.0,60.0,0.35000000000000003,0.8,0.7000000000000001,0.9,35.0,45.0,60.0,5396,5122,274,5396,0.05077835433654559,0.36271077073763613,0.5,0.7254215414752723,1539,0.3004685669660289,1.0,1
"iteration_2","SCOPE_DATA_COLLECTION",900,17,1090.0,1150.0,1,5425,3913,1240,5444,3985,1222,5418,3900,1214,24,28,18,0.004410143329658214,0.007128309572301426,0.01461038961038961,0.33127546519823603,0.7151198526839961,1.1674085376997603,0.6625509303964721,0.7151198526839961,0.7782723584665069,0.2914359542266519,0.42512820512820515,0.42833607907743,100.0,100.0,4780,2541,3257,39,1,30,0.008158995815899581,3.935458480913026E-4,0.0092109303039607,0.45,0.8,0.7000000000000001,0.9,25.0,45.0,60.0,0.35000000000000003,0.8,0.7000000000000001,0.9,35.0,45.0,60.0,3862,3645,217,3862,0.056188503366131536,0.7403647570704953,1.0,0.7403647570704953,1610,0.44170096021947874,1.0,1
"iteration_2","SCOPE_DATA_COLLECTION",900,17,1090.0,1150.0,2,5425,3913,1240,5444,3985,1222,5418,3900,1214,24,28,18,0.004410143329658214,0.007128309572301426,0.01461038961038961,0.33127546519823603,0.7151198526839961,1.1674085376997603,0.6625509303964721,0.7151198526839961,0.7782723584665069,0.2914359542266519,0.42512820512820515,0.42833607907743,100.0,100.0,4780,2541,3257,39,1,30,0.008158995815899581,3.935458480913026E-4,0.0092109303039607,0.45,0.8,0.7000000000000001,0.9,25.0,45.0,60.0,0.35000000000000003,0.8,0.7000000000000001,0.9,35.0,45.0,60.0,1180,1108,72,1180,0.061016949152542375,1.281984061149365,1.5,0.8546560407662432,539,0.48646209386281586,1.0,1
"iteration_2","SCOPE_DATA_COLLECTION",900,18,1150.0,1210.0,0,5396,3862,1180,5425,3913,1240,5126,3662,1112,274,217,72,0.05074074074074074,0.05594225315803042,0.060810810810810814,0.3637486596560966,0.7417432126688347,1.280131465498518,0.7274973193121932,0.7417432126688347,0.8534209769990121,0.3006242684354272,0.4423812124522119,0.48651079136690645,100.0,100.0,4776,1952,3710,44,0,519,0.009212730318257957,0.0,0.13989218328840972,0.35000000000000003,0.8,0.7000000000000001,0.9,35.0,45.0,60.0,0.25,0.7000000000000001,0.7000000000000001,0.9,45.0,55.0,50.0,5336,4747,589,5336,0.11038230884557722,0.41273402409742704,0.5,0.8254680481948541,1633,0.34400674109964186,1.0,1
"iteration_2","SCOPE_DATA_COLLECTION",900,18,1150.0,1210.0,1,5396,3862,1180,5425,3913,1240,5126,3662,1112,274,217,72,0.05074074074074074,0.05594225315803042,0.060810810810810814,0.3637486596560966,0.7417432126688347,1.280131465498518,0.7274973193121932,0.7417432126688347,0.8534209769990121,0.3006242684354272,0.4423812124522119,0.48651079136690645,100.0,100.0,4776,1952,3710,44,0,519,0.009212730318257957,0.0,0.13989218328840972,0.35000000000000003,0.8,0.7000000000000001,0.9,35.0,45.0,60.0,0.25,0.7000000000000001,0.7000000000000001,0.9,45.0,55.0,50.0,3843,3405,438,3843,0.11397345823575332,0.8101397859292983,1.0,0.8101397859292983,1663,0.4883994126284875,1.0,1
"iteration_2","SCOPE_DATA_COLLECTION",900,18,1150.0,1210.0,2,5396,3862,1180,5425,3913,1240,5126,3662,1112,274,217,72,0.05074074074074074,0.05594225315803042,0.060810810810810814,0.3637486596560966,0.7417432126688347,1.280131465498518,0.7274973193121932,0.7417432126688347,0.8534209769990121,0.3006242684354272,0.4423812124522119,0.48651079136690645,100.0,100.0,4776,1952,3710,44,0,519,0.009212730318257957,0.0,0.13989218328840972,0.35000000000000003,0.8,0.7000000000000001,0.9,35.0,45.0,60.0,0.25,0.7000000000000001,0.7000000000000001,0.9,45.0,55.0,50.0,1219,1046,173,1219,0.14191960623461855,1.3345525140192063,1.5,0.8897016760128041,522,0.49904397705544934,1.0,1
"iteration_2","SCOPE_DATA_COLLECTION",900,19,1210.0,1270.0,0,5336,3843,1219,5396,3862,1180,4759,3387,1053,586,433,170,0.10963517305893358,0.11335078534031413,0.13900245298446443,0.41363289350561255,0.8070265777579706,1.3434575348603377,0.8272657870112251,0.8070265777579706,0.8956383565735585,0.34545072494221474,0.4853852967227635,0.50332383665717,100.0,100.0,4734,1456,4208,45,2,1142,0.009505703422053232,0.0013736263736263737,0.27138783269961975,0.25,0.7000000000000001,0.7000000000000001,0.9,45.0,55.0,50.0,0.1,0.9,0.5,0.5,30.0,60.0,30.0,5496,3439,2057,5496,0.3742721979621543,0.5103235937342756,0.5,1.0206471874685512,1628,0.47339342832218667,1.0,1
"iteration_2","SCOPE_DATA_COLLECTION",900,19,1210.0,1270.0,1,5336,3843,1219,5396,3862,1180,4759,3387,1053,586,433,170,0.10963517305893358,0.11335078534031413,0.13900245298446443,0.41363289350561255,0.8070265777579706,1.3434575348603377,0.8272657870112251,0.8070265777579706,0.8956383565735585,0.34545072494221474,0.4853852967227635,0.50332383665717,100.0,100.0,4734,1456,4208,45,2,1142,0.009505703422053232,0.0013736263736263737,0.27138783269961975,0.25,0.7000000000000001,0.7000000000000001,0.9,45.0,55.0,50.0,0.1,0.9,0.5,0.5,30.0,60.0,30.0,3910,2375,1535,3910,0.39258312020460356,1.0557870380208103,1.0,1.0557870380208103,1592,0.6703157894736842,1.0,1
"iteration_2","SCOPE_DATA_COLLECTION",900,19,1210.0,1270.0,2,5336,3843,1219,5396,3862,1180,4759,3387,1053,586,433,170,0.10963517305893358,0.11335078534031413,0.13900245298446443,0.41363289350561255,0.8070265777579706,1.3434575348603377,0.8272657870112251,0.8070265777579706,0.8956383565735585,0.34545072494221474,0.4853852967227635,0.50332383665717,100.0,100.0,4734,1456,4208,45,2,1142,0.009505703422053232,0.0013736263736263737,0.27138783269961975,0.25,0.7000000000000001,0.7000000000000001,0.9,45.0,55.0,50.0,0.1,0.9,0.5,0.5,30.0,60.0,30.0,1285,795,490,1285,0.38132295719844356,1.777050511044216,1.5,1.184700340696144,582,0.7320754716981132,1.0,1
"iteration_2","SCOPE_DATA_COLLECTION",900,20,1270.0,1330.0,0,5496,3910,1285,5336,3843,1219,3434,2392,784,2060,1539,493,0.37495449581361484,0.39150343424065126,0.3860610806577917,0.5091291965429181,1.0548154181420109,1.7633456065712663,1.0182583930858362,1.0548154181420109,1.1755637377141774,0.4720442632498544,0.6701505016722408,0.7244897959183674,97.5,100.0,4774,602,5315,39,1,4052,0.008169250104733976,0.0016611295681063123,0.7623706491063029,0.1,0.9,0.5,0.5,30.0,60.0,30.0,0.2,0.8,0.6000000000000001,0.4,30.0,50.0,20.0,5439,4416,1023,5439,0.18808604522890238,0.47521160735534373,0.5,0.9504232147106875,1828,0.41394927536231885,1.0,1
"iteration_2","SCOPE_DATA_COLLECTION",900,20,1270.0,1330.0,1,5496,3910,1285,5336,3843,1219,3434,2392,784,2060,1539,493,0.37495449581361484,0.39150343424065126,0.3860610806577917,0.5091291965429181,1.0548154181420109,1.7633456065712663,1.0182583930858362,1.0548154181420109,1.1755637377141774,0.4720442632498544,0.6701505016722408,0.7244897959183674,97.5,100.0,4774,602,5315,39,1,4052,0.008169250104733976,0.0016611295681063123,0.7623706491063029,0.1,0.9,0.5,0.5,30.0,60.0,30.0,0.2,0.8,0.6000000000000001,0.4,30.0,50.0,20.0,3980,3240,740,3980,0.18592964824120603,0.9114784550847345,1.0,0.9114784550847345,1759,0.5429012345679012,1.0,1
"iteration_2","SCOPE_DATA_COLLECTION",900,20,1270.0,1330.0,2,5496,3910,1285,5336,3843,1219,3434,2392,784,2060,1539,493,0.37495449581361484,0.39150343424065126,0.3860610806577917,0.5091291965429181,1.0548154181420109,1.7633456065712663,1.0182583930858362,1.0548154181420109,1.1755637377141774,0.4720442632498544,0.6701505016722408,0.7244897959183674,97.5,100.0,4774,602,5315,39,1,4052,0.008169250104733976,0.0016611295681063123,0.7623706491063029,0.1,0.9,0.5,0.5,30.0,60.0,30.0,0.2,0.8,0.6000000000000001,0.4,30.0,50.0,20.0,1204,970,234,1204,0.19435215946843853,1.475117862404596,1.5,0.9834119082697307,547,0.5639175257731959,1.0,1
"iteration_2","SCOPE_DATA_COLLECTION",900,21,1330.0,1390.0,0,5439,3980,1204,5496,3910,1285,4405,3215,977,1023,741,234,0.18846720707442888,0.1873104145601618,0.19322873658133774,0.47565110561288615,0.9142543665998755,1.4852807420111527,0.9513022112257723,0.9142543665998755,0.9901871613407685,0.41589103291713964,0.5452566096423017,0.5701125895598772,97.5,100.0,4714,1206,4703,37,2,1959,0.007848960543063216,0.001658374792703151,0.4165426323623219,0.2,0.8,0.6000000000000001,0.4,30.0,50.0,20.0,0.2,0.8,0.6000000000000001,0.4,20.0,50.0,20.0,5415,4246,1169,5415,0.21588180978762697,0.4327991269762537,0.5,0.8655982539525074,1642,0.3867169100329722,1.0,1
"iteration_2","SCOPE_DATA_COLLECTION",900,21,1330.0,1390.0,1,5439,3980,1204,5496,3910,1285,4405,3215,977,1023,741,234,0.18846720707442888,0.1873104145601618,0.19322873658133774,0.47565110561288615,0.9142543665998755,1.4852807420111527,0.9513022112257723,0.9142543665998755,0.9901871613407685,0.41589103291713964,0.5452566096423017,0.5701125895598772,97.5,100.0,4714,1206,4703,37,2,1959,0.007848960543063216,0.001658374792703151,0.4165426323623219,0.2,0.8,0.6000000000000001,0.4,30.0,50.0,20.0,0.2,0.8,0.6000000000000001,0.4,20.0,50.0,20.0,3970,3053,917,3970,0.2309823677581864,0.8662468099861023,1.0,0.8662468099861023,1589,0.5204716672125778,1.0,1
"iteration_2","SCOPE_DATA_COLLECTION",900,21,1330.0,1390.0,2,5439,3980,1204,5496,3910,1285,4405,3215,977,1023,741,234,0.18846720707442888,0.1873104145601618,0.19322873658133774,0.47565110561288615,0.9142543665998755,1.4852807420111527,0.9513022112257723,0.9142543665998755,0.9901871613407685,0.41589103291713964,0.5452566096423017,0.5701125895598772,97.5,100.0,4714,1206,4703,37,2,1959,0.007848960543063216,0.001658374792703151,0.4165426323623219,0.2,0.8,0.6000000000000001,0.4,30.0,50.0,20.0,0.2,0.8,0.6000000000000001,0.4,20.0,50.0,20.0,1229,936,293,1229,0.23840520748576077,1.4547704274138147,1.5,0.9698469516092098,542,0.5790598290598291,1.0,1
"iteration_2","SCOPE_DATA_COLLECTION",900,22,1390.0,1450.0,0,5415,3970,1229,5439,3980,1204,4252,3058,937,1169,917,293,0.21564287031912932,0.23069182389937107,0.23821138211382115,0.433573775523552,0.8668046532136999,1.4554529697643241,0.867147551047104,0.8668046532136999,0.9703019798428828,0.3864063969896519,0.5192936559843034,0.5795090715048026,97.5,100.0,4691,1157,4766,28,0,2351,0.005968876572159454,0.0,0.49328577423415865,0.2,0.8,0.6000000000000001,0.4,20.0,50.0,20.0,0.30000000000000004,0.7000000000000001,0.5,0.5,20.0,50.0,20.0,5354,4790,564,5354,0.10534180052297348,0.3955301093783323,0.5,0.7910602187566645,1558,0.32526096033402924,1.0,1
"iteration_2","SCOPE_DATA_COLLECTION",900,22,1390.0,1450.0,1,5415,3970,1229,5439,3980,1204,4252,3058,937,1169,917,293,0.21564287031912932,0.23069182389937107,0.23821138211382115,0.433573775523552,0.8668046532136999,1.4554529697643241,0.867147551047104,0.8668046532136999,0.9703019798428828,0.3864063969896519,0.5192936559843034,0.5795090715048026,97.5,100.0,4691,1157,4766,28,0,2351,0.005968876572159454,0.0,0.49328577423415865,0.2,0.8,0.6000000000000001,0.4,20.0,50.0,20.0,0.30000000000000004,0.7000000000000001,0.5,0.5,20.0,50.0,20.0,3877,3475,402,3877,0.10368841888057777,0.8029167492974034,1.0,0.8029167492974034,1646,0.4736690647482014,1.0,1
"iteration_2","SCOPE_DATA_COLLECTION",900,22,1390.0,1450.0,2,5415,3970,1229,5439,3980,1204,4252,3058,937,1169,917,293,0.21564287031912932,0.23069182389937107,0.23821138211382115,0.433573775523552,0.8668046532136999,1.4554529697643241,0.867147551047104,0.8668046532136999,0.9703019798428828,0.3864063969896519,0.5192936559843034,0.5795090715048026,97.5,100.0,4691,1157,4766,28,0,2351,0.005968876572159454,0.0,0.49328577423415865,0.2,0.8,0.6000000000000001,0.4,20.0,50.0,20.0,0.30000000000000004,0.7000000000000001,0.5,0.5,20.0,50.0,20.0,1256,1102,154,1256,0.12261146496815287,1.315449745537195,1.5,0.8769664970247967,541,0.4909255898366606,1.0,1
"iteration_2","SCOPE_DATA_COLLECTION",900,23,1450.0,1510.0,0,5354,3877,1256,5415,3970,1229,4786,3478,1101,564,402,154,0.10542056074766355,0.10360824742268042,0.12270916334661354,0.3947444620482502,0.8031089563722166,1.320026661142599,0.7894889240965004,0.8031089563722166,0.880017774095066,0.32469703301295444,0.4741230592294422,0.49227974568574023,100.0,100.0,4714,1692,4081,32,4,1084,0.0067882901994060245,0.002364066193853428,0.26562117128154866,0.30000000000000004,0.7000000000000001,0.5,0.5,20.0,50.0,20.0,0.30000000000000004,0.6000000000000001,0.4,0.4,20.0,40.0,20.0,5551,5020,531,5551,0.095658439920735,0.38828996785355,0.5,0.7765799357071,1611,0.3209163346613546,1.0,1
"iteration_2","SCOPE_DATA_COLLECTION",900,23,1450.0,1510.0,1,5354,3877,1256,5415,3970,1229,4786,3478,1101,564,402,154,0.10542056074766355,0.10360824742268042,0.12270916334661354,0.3947444620482502,0.8031089563722166,1.320026661142599,0.7894889240965004,0.8031089563722166,0.880017774095066,0.32469703301295444,0.4741230592294422,0.49227974568574023,100.0,100.0,4714,1692,4081,32,4,1084,0.0067882901994060245,0.002364066193853428,0.26562117128154866,0.30000000000000004,0.7000000000000001,0.5,0.5,20.0,50.0,20.0,0.30000000000000004,0.6000000000000001,0.4,0.4,20.0,40.0,20.0,3926,3536,390,3926,0.09933774834437085,0.7817911398082201,1.0,0.7817911398082201,1674,0.47341628959276016,1.0,1
"iteration_2","SCOPE_DATA_COLLECTION",900,23,1450.0,1510.0,2,5354,3877,1256,5415,3970,1229,4786,3478,1101,564,402,154,0.10542056074766355,0.10360824742268042,0.12270916334661354,0.3947444620482502,0.8031089563722166,1.320026661142599,0.7894889240965004,0.8031089563722166,0.880017774095066,0.32469703301295444,0.4741230592294422,0.49227974568574023,100.0,100.0,4714,1692,4081,32,4,1084,0.0067882901994060245,0.002364066193853428,0.26562117128154866,0.30000000000000004,0.7000000000000001,0.5,0.5,20.0,50.0,20.0,0.30000000000000004,0.6000000000000001,0.4,0.4,20.0,40.0,20.0,1230,1090,140,1230,0.11382113821138211,1.2456073601735878,1.5,0.8304049067823919,508,0.46605504587155966,1.0,1
"iteration_2","SCOPE_DATA_COLLECTION",900,24,1510.0,1570.0,0,5551,3926,1230,5354,3877,1256,5030,3543,1090,531,390,140,0.09548642330516094,0.09916094584286804,0.11382113821138211,0.3889733046063978,0.7821805799296467,1.240028619585937,0.7779466092127956,0.7821805799296467,0.8266857463906246,0.32087475149105366,0.47360993508326277,0.463302752293578,97.5,100.0,4824,1798,4085,36,2,1023,0.007462686567164179,0.0011123470522803114,0.2504283965728274,0.30000000000000004,0.6000000000000001,0.4,0.4,20.0,40.0,20.0,0.55,0.4,0.5,0.1,20.0,50.0,30.0,5397,5394,3,5397,5.558643690939411E-4,0.29937875444392636,0.5,0.5987575088878527,1378,0.25546903967371154,1.0,1
"iteration_2","SCOPE_DATA_COLLECTION",900,24,1510.0,1570.0,1,5551,3926,1230,5354,3877,1256,5030,3543,1090,531,390,140,0.09548642330516094,0.09916094584286804,0.11382113821138211,0.3889733046063978,0.7821805799296467,1.240028619585937,0.7779466092127956,0.7821805799296467,0.8266857463906246,0.32087475149105366,0.47360993508326277,0.463302752293578,97.5,100.0,4824,1798,4085,36,2,1023,0.007462686567164179,0.0011123470522803114,0.2504283965728274,0.30000000000000004,0.6000000000000001,0.4,0.4,20.0,40.0,20.0,0.55,0.4,0.5,0.1,20.0,50.0,30.0,3859,3854,5,3859,0.001295672454003628,0.6816991391886723,1.0,0.6816991391886723,1596,0.41411520498183707,1.0,1
"iteration_2","SCOPE_DATA_COLLECTION",900,24,1510.0,1570.0,2,5551,3926,1230,5354,3877,1256,5030,3543,1090,531,390,140,0.09548642330516094,0.09916094584286804,0.11382113821138211,0.3889733046063978,0.7821805799296467,1.240028619585937,0.7779466092127956,0.7821805799296467,0.8266857463906246,0.32087475149105366,0.47360993508326277,0.463302752293578,97.5,100.0,4824,1798,4085,36,2,1023,0.007462686567164179,0.0011123470522803114,0.2504283965728274,0.30000000000000004,0.6000000000000001,0.4,0.4,20.0,40.0,20.0,0.55,0.4,0.5,0.1,20.0,50.0,30.0,1197,1195,2,1197,0.001670843776106934,1.1724016557053634,1.5,0.7816011038035756,551,0.4610878661087866,1.0,1
"iteration_2","SCOPE_DATA_COLLECTION",900,25,1570.0,1630.0,0,5397,3859,1197,5551,3926,1230,5395,3856,1193,3,5,2,5.557613931085587E-4,0.001295001295001295,0.0016736401673640166,0.2997240944942205,0.6815342947476362,1.1701746708126295,0.599448188988441,0.6815342947476362,0.7801164472084197,0.2567191844300278,0.4139004149377593,0.46018440905280805,100.0,100.0,4662,3158,2633,10,0,0,0.002145002145002145,0.0,0.0,0.55,0.4,0.5,0.1,20.0,50.0,30.0,0.55,0.30000000000000004,0.4,0.2,30.0,60.0,30.0,5357,5338,19,5357,0.003546761246966586,0.30182100535264483,0.5,0.6036420107052897,1309,0.24522292993630573,1.0,1
"iteration_2","SCOPE_DATA_COLLECTION",900,25,1570.0,1630.0,1,5397,3859,1197,5551,3926,1230,5395,3856,1193,3,5,2,5.557613931085587E-4,0.001295001295001295,0.0016736401673640166,0.2997240944942205,0.6815342947476362,1.1701746708126295,0.599448188988441,0.6815342947476362,0.7801164472084197,0.2567191844300278,0.4139004149377593,0.46018440905280805,100.0,100.0,4662,3158,2633,10,0,0,0.002145002145002145,0.0,0.0,0.55,0.4,0.5,0.1,20.0,50.0,30.0,0.55,0.30000000000000004,0.4,0.2,30.0,60.0,30.0,3912,3883,29,3912,0.007413087934560327,0.675307723553853,1.0,0.675307723553853,1621,0.41746072624259595,1.0,1
"iteration_2","SCOPE_DATA_COLLECTION",900,25,1570.0,1630.0,2,5397,3859,1197,5551,3926,1230,5395,3856,1193,3,5,2,5.557613931085587E-4,0.001295001295001295,0.0016736401673640166,0.2997240944942205,0.6815342947476362,1.1701746708126295,0.599448188988441,0.6815342947476362,0.7801164472084197,0.2567191844300278,0.4139004149377593,0.46018440905280805,100.0,100.0,4662,3158,2633,10,0,0,0.002145002145002145,0.0,0.0,0.55,0.4,0.5,0.1,20.0,50.0,30.0,0.55,0.30000000000000004,0.4,0.2,30.0,60.0,30.0,1288,1269,19,1288,0.014751552795031056,1.161124534968537,1.5,0.774083023312358,571,0.4499605988967691,1.0,1
"iteration_2","SCOPE_DATA_COLLECTION",900,26,1630.0,1690.0,0,5357,3912,1288,5397,3859,1197,5332,3869,1277,19,29,19,0.0035507381797794803,0.007439712673165726,0.014660493827160493,0.3018157131289951,0.6750732935893135,1.170511156798701,0.6036314262579902,0.6750732935893135,0.780340771199134,0.245311327831958,0.4153528043422073,0.45418950665622554,100.0,100.0,4718,3140,2699,28,2,37,0.005934718100890208,6.369426751592356E-4,0.013708781030011115,0.55,0.30000000000000004,0.4,0.2,30.0,60.0,30.0,0.75,0.8,0.30000000000000004,0.2,40.0,65.0,70.0,5406,5398,8,5406,0.0014798372179060304,0.3187709831255308,0.5,0.6375419662510616,1552,0.2875138940348277,1.0,1
"iteration_2","SCOPE_DATA_COLLECTION",900,26,1630.0,1690.0,1,5357,3912,1288,5397,3859,1197,5332,3869,1277,19,29,19,0.0035507381797794803,0.007439712673165726,0.014660493827160493,0.3018157131289951,0.6750732935893135,1.170511156798701,0.6036314262579902,0.6750732935893135,0.780340771199134,0.245311327831958,0.4153528043422073,0.45418950665622554,100.0,100.0,4718,3140,2699,28,2,37,0.005934718100890208,6.369426751592356E-4,0.013708781030011115,0.55,0.30000000000000004,0.4,0.2,30.0,60.0,30.0,0.75,0.8,0.30000000000000004,0.2,40.0,65.0,70.0,3930,3918,12,3930,0.0030534351145038168,0.680877050989164,1.0,0.680877050989164,1659,0.4234303215926493,1.0,1
"iteration_2","SCOPE_DATA_COLLECTION",900,26,1630.0,1690.0,2,5357,3912,1288,5397,3859,1197,5332,3869,1277,19,29,19,0.0035507381797794803,0.007439712673165726,0.014660493827160493,0.3018157131289951,0.6750732935893135,1.170511156798701,0.6036314262579902,0.6750732935893135,0.780340771199134,0.245311327831958,0.4153528043422073,0.45418950665622554,100.0,100.0,4718,3140,2699,28,2,37,0.005934718100890208,6.369426751592356E-4,0.013708781030011115,0.55,0.30000000000000004,0.4,0.2,30.0,60.0,30.0,0.75,0.8,0.30000000000000004,0.2,40.0,65.0,70.0,1238,1234,4,1238,0.0032310177705977385,1.1418390244941452,1.5,0.7612260163294301,542,0.4392220421393841,1.0,1
"iteration_2","SCOPE_DATA_COLLECTION",900,27,1690.0,1750.0,0,5406,3930,1238,5357,3912,1288,5409,3925,1230,8,11,4,0.0014768321949418497,0.0027947154471544716,0.0032414910858995136,0.3183980135348214,0.6814993776808279,1.1391883040104664,0.6367960270696428,0.6814993776808279,0.7594588693403109,0.2863745609169902,0.4252229299363057,0.4373983739837398,100.0,100.0,4698,4420,1456,19,4,0,0.004044274159216688,9.049773755656109E-4,0.0,0.75,0.8,0.30000000000000004,0.2,40.0,65.0,70.0,0.75,0.8,0.2,0.2,40.0,55.0,60.0,5513,5502,11,5513,0.0019952838744785053,0.315407901319362,0.5,0.630815802638724,1549,0.28153398764085785,1.0,1
"iteration_2","SCOPE_DATA_COLLECTION",900,27,1690.0,1750.0,1,5406,3930,1238,5357,3912,1288,5409,3925,1230,8,11,4,0.0014768321949418497,0.0027947154471544716,0.0032414910858995136,0.3183980135348214,0.6814993776808279,1.1391883040104664,0.6367960270696428,0.6814993776808279,0.7594588693403109,0.2863745609169902,0.4252229299363057,0.4373983739837398,100.0,100.0,4698,4420,1456,19,4,0,0.004044274159216688,9.049773755656109E-4,0.0,0.75,0.8,0.30000000000000004,0.2,40.0,65.0,70.0,0.75,0.8,0.2,0.2,40.0,55.0,60.0,3865,3857,8,3865,0.002069857697283312,0.6490617967062323,1.0,0.6490617967062323,1584,0.4106818771065595,1.0,1
"iteration_2","SCOPE_DATA_COLLECTION",900,27,1690.0,1750.0,2,5406,3930,1238,5357,3912,1288,5409,3925,1230,8,11,4,0.0014768321949418497,0.0027947154471544716,0.0032414910858995136,0.3183980135348214,0.6814993776808279,1.1391883040104664,0.6367960270696428,0.6814993776808279,0.7594588693403109,0.2863745609169902,0.4252229299363057,0.4373983739837398,100.0,100.0,4698,4420,1456,19,4,0,0.004044274159216688,9.049773755656109E-4,0.0,0.75,0.8,0.30000000000000004,0.2,40.0,65.0,70.0,0.75,0.8,0.2,0.2,40.0,55.0,60.0,1155,1149,6,1155,0.005194805194805195,1.1512870283721766,1.5,0.767524685581451,515,0.4482158398607485,1.0,1
"iteration_2","SCOPE_DATA_COLLECTION",900,28,1750.0,1810.0,0,5513,3865,1155,5406,3930,1238,5490,3865,1145,11,9,6,0.0019996364297400473,0.0023231801755291687,0.005212858384013901,0.315070107847251,0.6492196715863358,1.1493864430197003,0.630140215694502,0.6492196715863358,0.7662576286798002,0.28178506375227685,0.4111254851228978,0.44716157205240176,97.5,100.0,4732,4333,1468,22,4,0,0.004649196956889264,9.231479344564967E-4,0.0,0.75,0.8,0.2,0.2,40.0,55.0,60.0,0.8500000000000001,0.7000000000000001,0.1,0.1,30.0,65.0,60.0,5483,5482,1,5483,1.823819077147547E-4,0.3060429093628267,0.5,0.6120858187256534,1455,0.26541408245166,1.0,1
"iteration_2","SCOPE_DATA_COLLECTION",900,28,1750.0,1810.0,1,5513,3865,1155,5406,3930,1238,5490,3865,1145,11,9,6,0.0019996364297400473,0.0023231801755291687,0.005212858384013901,0.315070107847251,0.6492196715863358,1.1493864430197003,0.630140215694502,0.6492196715863358,0.7662576286798002,0.28178506375227685,0.4111254851228978,0.44716157205240176,97.5,100.0,4732,4333,1468,22,4,0,0.004649196956889264,9.231479344564967E-4,0.0,0.75,0.8,0.2,0.2,40.0,55.0,60.0,0.8500000000000001,0.7000000000000001,0.1,0.1,30.0,65.0,60.0,3917,3914,3,3917,7.658922644881287E-4,0.6321907335789478,1.0,0.6321907335789478,1552,0.3965252938170669,1.0,1
"iteration_2","SCOPE_DATA_COLLECTION",900,28,1750.0,1810.0,2,5513,3865,1155,5406,3930,1238,5490,3865,1145,11,9,6,0.0019996364297400473,0.0023231801755291687,0.005212858384013901,0.315070107847251,0.6492196715863358,1.1493864430197003,0.630140215694502,0.6492196715863358,0.7662576286798002,0.28178506375227685,0.4111254851228978,0.44716157205240176,97.5,100.0,4732,4333,1468,22,4,0,0.004649196956889264,9.231479344564967E-4,0.0,0.75,0.8,0.2,0.2,40.0,55.0,60.0,0.8500000000000001,0.7000000000000001,0.1,0.1,30.0,65.0,60.0,1208,1203,5,1208,0.0041390728476821195,1.1602020747562483,1.5,0.7734680498374988,544,0.45220282626766417,1.0,1
"iteration_2","SCOPE_DATA_COLLECTION",900,29,1810.0,1870.0,0,5483,3917,1208,5513,3865,1155,5492,3913,1203,1,3,5,1.820498816675769E-4,7.660878447395301E-4,0.0041390728476821195,0.3065916383333342,0.6318714020892244,1.1608006542036344,0.6131832766666684,0.6318714020892244,0.773867102802423,0.26638747268754553,0.3956043956043956,0.45303408146300916,95.0,100.0,4676,5044,888,7,2,0,0.0014970059880239522,3.965107057890563E-4,0.0,0.8500000000000001,0.7000000000000001,0.1,0.1,30.0,65.0,60.0,0.8500000000000001,0.7000000000000001,0.1,0.1,30.0,65.0,60.0,5491,5487,4,5491,7.284647605172099E-4,0.3108252500036088,0.5,0.6216505000072176,1460,0.2660834700200474,1.0,1
"iteration_2","SCOPE_DATA_COLLECTION",900,29,1810.0,1870.0,1,5483,3917,1208,5513,3865,1155,5492,3913,1203,1,3,5,1.820498816675769E-4,7.660878447395301E-4,0.0041390728476821195,0.3065916383333342,0.6318714020892244,1.1608006542036344,0.6131832766666684,0.6318714020892244,0.773867102802423,0.26638747268754553,0.3956043956043956,0.45303408146300916,95.0,100.0,4676,5044,888,7,2,0,0.0014970059880239522,3.965107057890563E-4,0.0,0.8500000000000001,0.7000000000000001,0.1,0.1,30.0,65.0,60.0,0.8500000000000001,0.7000000000000001,0.1,0.1,30.0,65.0,60.0,3915,3906,9,3915,0.0022988505747126436,0.6251488049429444,1.0,0.6251488049429444,1527,0.39093701996927804,1.0,1
"iteration_2","SCOPE_DATA_COLLECTION",900,29,1810.0,1870.0,2,5483,3917,1208,5513,3865,1155,5492,3913,1203,1,3,5,1.820498816675769E-4,7.660878447395301E-4,0.0041390728476821195,0.3065916383333342,0.6318714020892244,1.1608006542036344,0.6131832766666684,0.6318714020892244,0.773867102802423,0.26638747268754553,0.3956043956043956,0.45303408146300916,95.0,100.0,4676,5044,888,7,2,0,0.0014970059880239522,3.965107057890563E-4,0.0,0.8500000000000001,0.7000000000000001,0.1,0.1,30.0,65.0,60.0,0.8500000000000001,0.7000000000000001,0.1,0.1,30.0,65.0,60.0,1227,1222,5,1227,0.004074979625101874,1.1468337051078676,1.5,0.7645558034052451,544,0.4451718494271686,1.0,1
"iteration_2","SCOPE_DATA_COLLECTION",900,30,1870.0,1930.0,0,5491,3915,1227,5483,3917,1208,5479,3905,1230,4,9,5,7.295276308590188E-4,0.0022994379151762903,0.004048582995951417,0.3105108911536489,0.6254628414799662,1.1460899554777122,0.6210217823072978,0.6254628414799662,0.7640599703184748,0.26555940865121375,0.39154929577464787,0.44471544715447153,97.5,100.0,4748,4998,887,14,4,0,0.0029486099410278013,8.003201280512205E-4,0.0,0.8500000000000001,0.7000000000000001,0.1,0.1,30.0,65.0,60.0,0.1,0.1,0.7000000000000001,0.2,40.0,50.0,35.0,5313,3507,1806,5313,0.33992094861660077,0.4156770723267849,0.5,0.8313541446535698,1084,0.3090960935272313,1.0,1
"iteration_2","SCOPE_DATA_COLLECTION",900,30,1870.0,1930.0,1,5491,3915,1227,5483,3917,1208,5479,3905,1230,4,9,5,7.295276308590188E-4,0.0022994379151762903,0.004048582995951417,0.3105108911536489,0.6254628414799662,1.1460899554777122,0.6210217823072978,0.6254628414799662,0.7640599703184748,0.26555940865121375,0.39154929577464787,0.44471544715447153,97.5,100.0,4748,4998,887,14,4,0,0.0029486099410278013,8.003201280512205E-4,0.0,0.8500000000000001,0.7000000000000001,0.1,0.1,30.0,65.0,60.0,0.1,0.1,0.7000000000000001,0.2,40.0,50.0,35.0,3989,2688,1301,3989,0.3261469039859614,0.96085539548155,1.0,0.96085539548155,1678,0.6242559523809523,1.0,1
"iteration_2","SCOPE_DATA_COLLECTION",900,30,1870.0,1930.0,2,5491,3915,1227,5483,3917,1208,5479,3905,1230,4,9,5,7.295276308590188E-4,0.0022994379151762903,0.004048582995951417,0.3105108911536489,0.6254628414799662,1.1460899554777122,0.6210217823072978,0.6254628414799662,0.7640599703184748,0.26555940865121375,0.39154929577464787,0.44471544715447153,97.5,100.0,4748,4998,887,14,4,0,0.0029486099410278013,8.003201280512205E-4,0.0,0.8500000000000001,0.7000000000000001,0.1,0.1,30.0,65.0,60.0,0.1,0.1,0.7000000000000001,0.2,40.0,50.0,35.0,1192,791,401,1192,0.33640939597315433,1.5772268410670016,1.5,1.0514845607113343,523,0.661188369152971,1.0,1
"iteration_2","SCOPE_DATA_COLLECTION",900,31,1930.0,1990.0,0,5313,3989,1192,5491,3915,1227,3514,2681,784,1806,1301,401,0.3394736842105263,0.32672024108488196,0.33839662447257385,0.4159712085298336,0.9596234360354952,1.5776476076122063,0.8319424170596672,0.9596234360354952,1.0517650717414708,0.3093340922026181,0.6255128683327117,0.6607142857142857,95.0,100.0,4818,580,5096,24,0,3484,0.0049813200498132005,0.0,0.6836734693877551,0.1,0.1,0.7000000000000001,0.2,40.0,50.0,35.0,0.1,0.2,0.6000000000000001,0.2,50.0,50.0,45.0,5304,3716,1588,5304,0.2993966817496229,0.4383472440991207,0.5,0.8766944881982414,1318,0.35468245425188377,1.0,1
"iteration_2","SCOPE_DATA_COLLECTION",900,31,1930.0,1990.0,1,5313,3989,1192,5491,3915,1227,3514,2681,784,1806,1301,401,0.3394736842105263,0.32672024108488196,0.33839662447257385,0.4159712085298336,0.9596234360354952,1.5776476076122063,0.8319424170596672,0.9596234360354952,1.0517650717414708,0.3093340922026181,0.6255128683327117,0.6607142857142857,95.0,100.0,4818,580,5096,24,0,3484,0.0049813200498132005,0.0,0.6836734693877551,0.1,0.1,0.7000000000000001,0.2,40.0,50.0,35.0,0.1,0.2,0.6000000000000001,0.2,50.0,50.0,45.0,3846,2628,1218,3846,0.3166926677067083,0.9613996289960425,1.0,0.9613996289960425,1601,0.6092085235920852,1.0,1
"iteration_2","SCOPE_DATA_COLLECTION",900,31,1930.0,1990.0,2,5313,3989,1192,5491,3915,1227,3514,2681,784,1806,1301,401,0.3394736842105263,0.32672024108488196,0.33839662447257385,0.4159712085298336,0.9596234360354952,1.5776476076122063,0.8319424170596672,0.9596234360354952,1.0517650717414708,0.3093340922026181,0.6255128683327117,0.6607142857142857,95.0,100.0,4818,580,5096,24,0,3484,0.0049813200498132005,0.0,0.6836734693877551,0.1,0.1,0.7000000000000001,0.2,40.0,50.0,35.0,0.1,0.2,0.6000000000000001,0.2,50.0,50.0,45.0,1191,811,380,1191,0.31905961376994124,1.6227180419816205,1.5,1.081812027987747,545,0.6720098643649816,1.0,1
"iteration_2","SCOPE_DATA_COLLECTION",900,32,1990.0,2050.0,0,5304,3846,1191,5313,3989,1192,3719,2632,812,1588,1218,380,0.29922743546259656,0.31636363636363635,0.3187919463087248,0.4375964707436292,0.9585744942013984,1.6199135281073338,0.8751929414872583,0.9585744942013984,1.0799423520715559,0.35224522721161605,0.6052431610942249,0.6711822660098522,100.0,100.0,4716,537,5088,17,0,3169,0.003604749787955895,0.0,0.6228380503144654,0.1,0.2,0.6000000000000001,0.2,50.0,50.0,45.0,0.30000000000000004,0.1,0.5,0.9,70.0,60.0,50.0,5302,4926,376,5302,0.07091663523198793,0.35146421058455624,0.5,0.7029284211691125,1175,0.23853024766544864,1.0,1
"iteration_2","SCOPE_DATA_COLLECTION",900,32,1990.0,2050.0,1,5304,3846,1191,5313,3989,1192,3719,2632,812,1588,1218,380,0.29922743546259656,0.31636363636363635,0.3187919463087248,0.4375964707436292,0.9585744942013984,1.6199135281073338,0.8751929414872583,0.9585744942013984,1.0799423520715559,0.35224522721161605,0.6052431610942249,0.6711822660098522,100.0,100.0,4716,537,5088,17,0,3169,0.003604749787955895,0.0,0.6228380503144654,0.1,0.2,0.6000000000000001,0.2,50.0,50.0,45.0,0.30000000000000004,0.1,0.5,0.9,70.0,60.0,50.0,3967,3712,255,3967,0.0642803125787749,0.7686265288830136,1.0,0.7686265288830136,1709,0.4603987068965517,1.0,1
"iteration_2","SCOPE_DATA_COLLECTION",900,32,1990.0,2050.0,2,5304,3846,1191,5313,3989,1192,3719,2632,812,1588,1218,380,0.29922743546259656,0.31636363636363635,0.3187919463087248,0.4375964707436292,0.9585744942013984,1.6199135281073338,0.8751929414872583,0.9585744942013984,1.0799423520715559,0.35224522721161605,0.6052431610942249,0.6711822660098522,100.0,100.0,4716,537,5088,17,0,3169,0.003604749787955895,0.0,0.6228380503144654,0.1,0.2,0.6000000000000001,0.2,50.0,50.0,45.0,0.30000000000000004,0.1,0.5,0.9,70.0,60.0,50.0,1253,1138,115,1253,0.09177972865123703,1.2831284952532616,1.5,0.8554189968355077,559,0.4912126537785589,1.0,1
"iteration_2","SCOPE_DATA_COLLECTION",900,33,2050.0,2110.0,0,5302,3967,1253,5304,3846,1191,4897,3694,1137,376,254,113,0.0713066565522473,0.06433637284701114,0.0904,0.34282521571339436,0.7605888363368618,1.2783546575774438,0.6856504314267887,0.7605888363368618,0.8522364383849625,0.2368797222789463,0.46101786681104495,0.49076517150395776,97.5,100.0,4888,1691,3943,29,1,713,0.005932896890343699,5.913660555884093E-4,0.18082678163834642,0.30000000000000004,0.1,0.5,0.9,70.0,60.0,50.0,0.30000000000000004,0.1,0.5,0.9,70.0,60.0,50.0,5363,5074,289,5363,0.0538877493939959,0.3320658670682003,0.5,0.6641317341364006,1078,0.2124556562869531,1.0,1
"iteration_2","SCOPE_DATA_COLLECTION",900,33,2050.0,2110.0,1,5302,3967,1253,5304,3846,1191,4897,3694,1137,376,254,113,0.0713066565522473,0.06433637284701114,0.0904,0.34282521571339436,0.7605888363368618,1.2783546575774438,0.6856504314267887,0.7605888363368618,0.8522364383849625,0.2368797222789463,0.46101786681104495,0.49076517150395776,97.5,100.0,4888,1691,3943,29,1,713,0.005932896890343699,5.913660555884093E-4,0.18082678163834642,0.30000000000000004,0.1,0.5,0.9,70.0,60.0,50.0,0.30000000000000004,0.1,0.5,0.9,70.0,60.0,50.0,3924,3694,230,3924,0.058613659531090725,0.7447692750064031,1.0,0.7447692750064031,1676,0.45370871683811587,1.0,1
"iteration_2","SCOPE_DATA_COLLECTION",900,33,2050.0,2110.0,2,5302,3967,1253,5304,3846,1191,4897,3694,1137,376,254,113,0.0713066565522473,0.06433637284701114,0.0904,0.34282521571339436,0.7605888363368618,1.2783546575774438,0.6856504314267887,0.7605888363368618,0.8522364383849625,0.2368797222789463,0.46101786681104495,0.49076517150395776,97.5,100.0,4888,1691,3943,29,1,713,0.005932896890343699,5.913660555884093E-4,0.18082678163834642,0.30000000000000004,0.1,0.5,0.9,70.0,60.0,50.0,0.30000000000000004,0.1,0.5,0.9,70.0,60.0,50.0,1229,1162,67,1229,0.05451586655817738,1.266906105745377,1.5,0.844604070496918,563,0.4845094664371773,1.0,1
"iteration_2","SCOPE_DATA_COLLECTION",900,34,2110.0,2170.0,0,5363,3924,1229,5302,3967,1253,5096,3705,1161,289,231,69,0.05366759517177345,0.0586890243902439,0.05609756097560976,0.3408873220173746,0.7536661912076073,1.2682680036445395,0.6817746440347492,0.7536661912076073,0.845512002429693,0.21546310832025117,0.45371120107962215,0.48406546080964685,95.0,100.0,4891,1729,3896,28,0,561,0.0057248006542629315,0.0,0.14399383983572894,0.30000000000000004,0.1,0.5,0.9,70.0,60.0,50.0,0.30000000000000004,0.1,0.6000000000000001,0.8,60.0,50.0,60.0,5353,4957,396,5353,0.07397720904165889,0.3447023864146413,0.5,0.6894047728292826,1191,0.2402662900948154,1.0,1
"iteration_2","SCOPE_DATA_COLLECTION",900,34,2110.0,2170.0,1,5363,3924,1229,5302,3967,1253,5096,3705,1161,289,231,69,0.05366759517177345,0.0586890243902439,0.05609756097560976,0.3408873220173746,0.7536661912076073,1.2682680036445395,0.6817746440347492,0.7536661912076073,0.845512002429693,0.21546310832025117,0.45371120107962215,0.48406546080964685,95.0,100.0,4891,1729,3896,28,0,561,0.0057248006542629315,0.0,0.14399383983572894,0.30000000000000004,0.1,0.5,0.9,70.0,60.0,50.0,0.30000000000000004,0.1,0.6000000000000001,0.8,60.0,50.0,60.0,3807,3541,266,3807,0.06987128972944576,0.7481974687872418,1.0,0.7481974687872418,1562,0.44111832815588814,1.0,1
"iteration_2","SCOPE_DATA_COLLECTION",900,34,2110.0,2170.0,2,5363,3924,1229,5302,3967,1253,5096,3705,1161,289,231,69,0.05366759517177345,0.0586890243902439,0.05609756097560976,0.3408873220173746,0.7536661912076073,1.2682680036445395,0.6817746440347492,0.7536661912076073,0.845512002429693,0.21546310832025117,0.45371120107962215,0.48406546080964685,95.0,100.0,4891,1729,3896,28,0,561,0.0057248006542629315,0.0,0.14399383983572894,0.30000000000000004,0.1,0.5,0.9,70.0,60.0,50.0,0.30000000000000004,0.1,0.6000000000000001,0.8,60.0,50.0,60.0,1209,1112,97,1209,0.08023159636062861,1.325723202670374,1.5,0.883815468446916,581,0.5224820143884892,1.0,1
"iteration_2","SCOPE_DATA_COLLECTION",900,35,2170.0,2230.0,0,5353,3807,1209,5363,3924,1229,4963,3558,1107,396,266,97,0.07389438328046277,0.06956066945606694,0.08056478405315615,0.3449594386550045,0.750743805770617,1.3261480699840094,0.689918877310009,0.750743805770617,0.8840987133226729,0.24118476727785615,0.4426644182124789,0.5212285456187895,97.5,100.0,4818,1666,3885,21,0,738,0.0043586550435865505,0.0,0.18996138996138995,0.30000000000000004,0.1,0.6000000000000001,0.8,60.0,50.0,60.0,0.15000000000000002,0.8,0.30000000000000004,0.1,25.0,55.0,25.0,5237,3852,1385,5237,0.2644643880084018,0.5370066967205878,0.5,1.0740133934411755,1695,0.4400311526479751,1.0,1
"iteration_2","SCOPE_DATA_COLLECTION",900,35,2170.0,2230.0,1,5353,3807,1209,5363,3924,1229,4963,3558,1107,396,266,97,0.07389438328046277,0.06956066945606694,0.08056478405315615,0.3449594386550045,0.750743805770617,1.3261480699840094,0.689918877310009,0.750743805770617,0.8840987133226729,0.24118476727785615,0.4426644182124789,0.5212285456187895,97.5,100.0,4818,1666,3885,21,0,738,0.0043586550435865505,0.0,0.18996138996138995,0.30000000000000004,0.1,0.6000000000000001,0.8,60.0,50.0,60.0,0.15000000000000002,0.8,0.30000000000000004,0.1,25.0,55.0,25.0,3905,2910,995,3905,0.25480153649167736,0.9306285109838979,1.0,0.9306285109838979,1656,0.5690721649484536,1.0,1
"iteration_2","SCOPE_DATA_COLLECTION",900,35,2170.0,2230.0,2,5353,3807,1209,5363,3924,1229,4963,3558,1107,396,266,97,0.07389438328046277,0.06956066945606694,0.08056478405315615,0.3449594386550045,0.750743805770617,1.3261480699840094,0.689918877310009,0.750743805770617,0.8840987133226729,0.24118476727785615,0.4426644182124789,0.5212285456187895,97.5,100.0,4818,1666,3885,21,0,738,0.0043586550435865505,0.0,0.18996138996138995,0.30000000000000004,0.1,0.6000000000000001,0.8,60.0,50.0,60.0,0.15000000000000002,0.8,0.30000000000000004,0.1,25.0,55.0,25.0,1249,877,372,1249,0.2978382706164932,1.6063005411238622,1.5,1.0708670274159082,586,0.6681870011402509,1.0,1
"iteration_2","SCOPE_DATA_COLLECTION",900,36,2230.0,2290.0,0,5237,3905,1249,5353,3807,1209,3815,2870,881,1385,995,372,0.26634615384615384,0.2574385510996119,0.2968874700718276,0.5336517568110763,0.9243633599886543,1.6167823615431036,1.0673035136221527,0.9243633599886543,1.0778549076954025,0.4314547837483617,0.5696864111498258,0.6753688989784336,100.0,100.0,4584,904,4903,17,0,2735,0.0037085514834205935,0.0,0.5578217417907404,0.15000000000000002,0.8,0.30000000000000004,0.1,25.0,55.0,25.0,0.15000000000000002,0.8,0.30000000000000004,0.1,25.0,55.0,25.0,5500,4028,1472,5500,0.2676363636363636,0.5288947542210306,0.5,1.0577895084420612,1772,0.4399205561072492,1.0,1
"iteration_2","SCOPE_DATA_COLLECTION",900,36,2230.0,2290.0,1,5237,3905,1249,5353,3807,1209,3815,2870,881,1385,995,372,0.26634615384615384,0.2574385510996119,0.2968874700718276,0.5336517568110763,0.9243633599886543,1.6167823615431036,1.0673035136221527,0.9243633599886543,1.0778549076954025,0.4314547837483617,0.5696864111498258,0.6753688989784336,100.0,100.0,4584,904,4903,17,0,2735,0.0037085514834205935,0.0,0.5578217417907404,0.15000000000000002,0.8,0.30000000000000004,0.1,25.0,55.0,25.0,0.15000000000000002,0.8,0.30000000000000004,0.1,25.0,55.0,25.0,3876,2877,999,3876,0.25773993808049533,0.9421677557396856,1.0,0.9421677557396856,1664,0.578380257212374,1.0,1
"iteration_2","SCOPE_DATA_COLLECTION",900,36,2230.0,2290.0,2,5237,3905,1249,5353,3807,1209,3815,2870,881,1385,995,372,0.26634615384615384,0.2574385510996119,0.2968874700718276,0.5336517568110763,0.9243633599886543,1.6167823615431036,1.0673035136221527,0.9243633599886543,1.0778549076954025,0.4314547837483617,0.5696864111498258,0.6753688989784336,100.0,100.0,4584,904,4903,17,0,2735,0.0037085514834205935,0.0,0.5578217417907404,0.15000000000000002,0.8,0.30000000000000004,0.1,25.0,55.0,25.0,0.15000000000000002,0.8,0.30000000000000004,0.1,25.0,55.0,25.0,1187,885,302,1187,0.2544229149115417,1.4991893916277734,1.5,0.9994595944185156,535,0.6045197740112994,1.0,1
"iteration_2","SCOPE_DATA_COLLECTION",900,37,2290.0,2350.0,0,5500,3876,1187,5237,3905,1249,4044,2882,884,1472,999,302,0.2668600435097897,0.2574078845658335,0.25463743676222594,0.5135121909932236,0.9273510076408598,1.4880046162545173,1.0270243819864473,0.9273510076408598,0.9920030775030115,0.4433728981206726,0.5756419153365718,0.5995475113122172,100.0,100.0,4711,944,4908,11,2,2760,0.002334960730205901,0.00211864406779661,0.5623471882640587,0.15000000000000002,0.8,0.30000000000000004,0.1,25.0,55.0,25.0,0.05,0.8,0.2,0.2,20.0,55.0,35.0,5386,3164,2222,5386,0.41255105829929445,0.5446216659533406,0.5,1.0892433319066812,1711,0.5407711757269279,1.0,1
"iteration_2","SCOPE_DATA_COLLECTION",900,37,2290.0,2350.0,1,5500,3876,1187,5237,3905,1249,4044,2882,884,1472,999,302,0.2668600435097897,0.2574078845658335,0.25463743676222594,0.5135121909932236,0.9273510076408598,1.4880046162545173,1.0270243819864473,0.9273510076408598,0.9920030775030115,0.4433728981206726,0.5756419153365718,0.5995475113122172,100.0,100.0,4711,944,4908,11,2,2760,0.002334960730205901,0.00211864406779661,0.5623471882640587,0.15000000000000002,0.8,0.30000000000000004,0.1,25.0,55.0,25.0,0.05,0.8,0.2,0.2,20.0,55.0,35.0,3929,2315,1614,3929,0.4107915500127259,1.0387079518176696,1.0,1.0387079518176696,1662,0.71792656587473,1.0,1
"iteration_2","SCOPE_DATA_COLLECTION",900,37,2290.0,2350.0,2,5500,3876,1187,5237,3905,1249,4044,2882,884,1472,999,302,0.2668600435097897,0.2574078845658335,0.25463743676222594,0.5135121909932236,0.9273510076408598,1.4880046162545173,1.0270243819864473,0.9273510076408598,0.9920030775030115,0.4433728981206726,0.5756419153365718,0.5995475113122172,100.0,100.0,4711,944,4908,11,2,2760,0.002334960730205901,0.00211864406779661,0.5623471882640587,0.15000000000000002,0.8,0.30000000000000004,0.1,25.0,55.0,25.0,0.05,0.8,0.2,0.2,20.0,55.0,35.0,1134,625,509,1134,0.4488536155202822,1.8306602271053154,1.5,1.2204401514035437,500,0.8,1.0,1
"iteration_2","SCOPE_DATA_COLLECTION",900,38,2350.0,2410.0,0,5386,3929,1134,5500,3876,1187,3191,2344,633,2222,1614,509,0.4104932569739516,0.40778170793329965,0.4457092819614711,0.5677656263111992,1.0592529070179162,1.8318428504536755,1.1355312526223984,1.0592529070179162,1.221228566969117,0.544030084612974,0.7158703071672355,0.7977883096366508,97.5,100.0,4718,265,5466,17,1,4327,0.0036032217041119118,0.0037735849056603774,0.7916209293816319,0.05,0.8,0.2,0.2,20.0,55.0,35.0,0.15000000000000002,0.7000000000000001,0.30000000000000004,0.2,30.0,45.0,45.0,5247,3968,1279,5247,0.24375833809796074,0.4547335678586379,0.5,0.9094671357172758,1584,0.39919354838709675,1.0,1
"iteration_2","SCOPE_DATA_COLLECTION",900,38,2350.0,2410.0,1,5386,3929,1134,5500,3876,1187,3191,2344,633,2222,1614,509,0.4104932569739516,0.40778170793329965,0.4457092819614711,0.5677656263111992,1.0592529070179162,1.8318428504536755,1.1355312526223984,1.0592529070179162,1.221228566969117,0.544030084612974,0.7158703071672355,0.7977883096366508,97.5,100.0,4718,265,5466,17,1,4327,0.0036032217041119118,0.0037735849056603774,0.7916209293816319,0.05,0.8,0.2,0.2,20.0,55.0,35.0,0.15000000000000002,0.7000000000000001,0.30000000000000004,0.2,30.0,45.0,45.0,3864,2867,997,3864,0.2580227743271222,0.8848840910596498,1.0,0.8848840910596498,1593,0.5556330659225671,1.0,1
"iteration_2","SCOPE_DATA_COLLECTION",900,38,2350.0,2410.0,2,5386,3929,1134,5500,3876,1187,3191,2344,633,2222,1614,509,0.4104932569739516,0.40778170793329965,0.4457092819614711,0.5677656263111992,1.0592529070179162,1.8318428504536755,1.1355312526223984,1.0592529070179162,1.221228566969117,0.544030084612974,0.7158703071672355,0.7977883096366508,97.5,100.0,4718,265,5466,17,1,4327,0.0036032217041119118,0.0037735849056603774,0.7916209293816319,0.05,0.8,0.2,0.2,20.0,55.0,35.0,0.15000000000000002,0.7000000000000001,0.30000000000000004,0.2,30.0,45.0,45.0,1192,838,354,1192,0.29697986577181207,1.527153719523378,1.5,1.018102479682252,527,0.6288782816229117,1.0,1
"iteration_2","SCOPE_DATA_COLLECTION",900,39,2410.0,2470.0,0,5247,3864,1192,5386,3929,1134,3955,2868,837,1279,997,354,0.24436377531524647,0.2579560155239327,0.2972292191435768,0.45395265072477475,0.8863977854145866,1.5271344683597168,0.9079053014495495,0.8863977854145866,1.0180896455731445,0.39823008849557523,0.5571827057182706,0.6284348864994026,100.0,100.0,4662,838,4803,13,0,2617,0.0027885027885027887,0.0,0.5448677909639809,0.15000000000000002,0.7000000000000001,0.30000000000000004,0.2,30.0,45.0,45.0,0.05,0.6000000000000001,0.2,0.30000000000000004,20.0,55.0,35.0,5485,3000,2485,5485,0.45305378304466726,0.5752881836204994,0.5,1.1505763672409988,1605,0.535,1.0,1
"iteration_2","SCOPE_DATA_COLLECTION",900,39,2410.0,2470.0,1,5247,3864,1192,5386,3929,1134,3955,2868,837,1279,997,354,0.24436377531524647,0.2579560155239327,0.2972292191435768,0.45395265072477475,0.8863977854145866,1.5271344683597168,0.9079053014495495,0.8863977854145866,1.0180896455731445,0.39823008849557523,0.5571827057182706,0.6284348864994026,100.0,100.0,4662,838,4803,13,0,2617,0.0027885027885027887,0.0,0.5448677909639809,0.15000000000000002,0.7000000000000001,0.30000000000000004,0.2,30.0,45.0,45.0,0.05,0.6000000000000001,0.2,0.30000000000000004,20.0,55.0,35.0,3978,2117,1861,3978,0.46782302664655606,1.0963373630131945,1.0,1.0963373630131945,1545,0.7298063297118564,1.0,1
"iteration_2","SCOPE_DATA_COLLECTION",900,39,2410.0,2470.0,2,5247,3864,1192,5386,3929,1134,3955,2868,837,1279,997,354,0.24436377531524647,0.2579560155239327,0.2972292191435768,0.45395265072477475,0.8863977854145866,1.5271344683597168,0.9079053014495495,0.8863977854145866,1.0180896455731445,0.39823008849557523,0.5571827057182706,0.6284348864994026,100.0,100.0,4662,838,4803,13,0,2617,0.0027885027885027887,0.0,0.5448677909639809,0.15000000000000002,0.7000000000000001,0.30000000000000004,0.2,30.0,45.0,45.0,0.05,0.6000000000000001,0.2,0.30000000000000004,20.0,55.0,35.0,1213,681,532,1213,0.4385820280296785,1.9536868396453615,1.5,1.3024578930969077,575,0.8443465491923642,1.0,1
"iteration_2","SCOPE_DATA_COLLECTION",900,40,2470.0,2530.0,0,5485,3978,1213,5247,3864,1192,3010,2119,678,2485,1861,532,0.45222929936305734,0.46758793969849244,0.4396694214876033,0.5757256018397234,1.0978018956066258,1.9514296614911741,1.1514512036794469,1.0978018956066258,1.3009531076607828,0.5362126245847176,0.7281736668239736,0.8436578171091446,100.0,100.0,4647,311,5718,29,1,4848,0.006240585323864859,0.003215434083601286,0.8478488982161595,0.05,0.6000000000000001,0.2,0.30000000000000004,20.0,55.0,35.0,0.05,0.6000000000000001,0.30000000000000004,0.30000000000000004,20.0,45.0,45.0,5254,2947,2307,5254,0.43909402360106586,0.5499774720930285,0.5,1.099954944186057,1642,0.5571767899558874,1.0,1
"iteration_2","SCOPE_DATA_COLLECTION",900,40,2470.0,2530.0,1,5485,3978,1213,5247,3864,1192,3010,2119,678,2485,1861,532,0.45222929936305734,0.46758793969849244,0.4396694214876033,0.5757256018397234,1.0978018956066258,1.9514296614911741,1.1514512036794469,1.0978018956066258,1.3009531076607828,0.5362126245847176,0.7281736668239736,0.8436578171091446,100.0,100.0,4647,311,5718,29,1,4848,0.006240585323864859,0.003215434083601286,0.8478488982161595,0.05,0.6000000000000001,0.2,0.30000000000000004,20.0,55.0,35.0,0.05,0.6000000000000001,0.30000000000000004,0.30000000000000004,20.0,45.0,45.0,4004,2291,1713,4004,0.4278221778221778,1.0742687385597134,1.0,1.0742687385597134,1672,0.7298123090353558,1.0,1
"iteration_2","SCOPE_DATA_COLLECTION",900,40,2470.0,2530.0,2,5485,3978,1213,5247,3864,1192,3010,2119,678,2485,1861,532,0.45222929936305734,0.46758793969849244,0.4396694214876033,0.5757256018397234,1.0978018956066258,1.9514296614911741,1.1514512036794469,1.0978018956066258,1.3009531076607828,0.5362126245847176,0.7281736668239736,0.8436578171091446,100.0,100.0,4647,311,5718,29,1,4848,0.006240585323864859,0.003215434083601286,0.8478488982161595,0.05,0.6000000000000001,0.2,0.30000000000000004,20.0,55.0,35.0,0.05,0.6000000000000001,0.30000000000000004,0.30000000000000004,20.0,45.0,45.0,1222,686,536,1222,0.4386252045826514,1.8832023207213422,1.5,1.2554682138142281,557,0.8119533527696793,1.0,1
"iteration_2","SCOPE_DATA_COLLECTION",900,41,2530.0,2590.0,0,5254,4004,1222,5485,3978,1213,2946,2285,690,2307,1713,536,0.4391776127926899,0.42846423211605805,0.4371941272430669,0.5496957125721968,1.0708998764062043,1.8868971480373438,1.0993914251443937,1.0708998764062043,1.2579314320248958,0.5573659198913782,0.7299781181619256,0.8144927536231884,97.5,100.0,4569,292,5619,24,0,4532,0.005252790544977019,0.0,0.806549208044136,0.05,0.6000000000000001,0.30000000000000004,0.30000000000000004,20.0,45.0,45.0,0.05,0.6000000000000001,0.30000000000000004,0.30000000000000004,20.0,45.0,45.0,5513,2999,2514,5513,0.45601306003990566,0.510518946983593,0.5,1.021037893967186,1524,0.5081693897965989,1.0,1
"iteration_2","SCOPE_DATA_COLLECTION",900,41,2530.0,2590.0,1,5254,4004,1222,5485,3978,1213,2946,2285,690,2307,1713,536,0.4391776127926899,0.42846423211605805,0.4371941272430669,0.5496957125721968,1.0708998764062043,1.8868971480373438,1.0993914251443937,1.0708998764062043,1.2579314320248958,0.5573659198913782,0.7299781181619256,0.8144927536231884,97.5,100.0,4569,292,5619,24,0,4532,0.005252790544977019,0.0,0.806549208044136,0.05,0.6000000000000001,0.30000000000000004,0.30000000000000004,20.0,45.0,45.0,0.05,0.6000000000000001,0.30000000000000004,0.30000000000000004,20.0,45.0,45.0,3950,2104,1846,3950,0.46734177215189876,1.0602337244965472,1.0,1.0602337244965472,1568,0.7452471482889734,1.0,1
"iteration_2","SCOPE_DATA_COLLECTION",900,41,2530.0,2590.0,2,5254,4004,1222,5485,3978,1213,2946,2285,690,2307,1713,536,0.4391776127926899,0.42846423211605805,0.4371941272430669,0.5496957125721968,1.0708998764062043,1.8868971480373438,1.0993914251443937,1.0708998764062043,1.2579314320248958,0.5573659198913782,0.7299781181619256,0.8144927536231884,97.5,100.0,4569,292,5619,24,0,4532,0.005252790544977019,0.0,0.806549208044136,0.05,0.6000000000000001,0.30000000000000004,0.30000000000000004,20.0,45.0,45.0,0.05,0.6000000000000001,0.30000000000000004,0.30000000000000004,20.0,45.0,45.0,1210,648,562,1210,0.4644628099173554,1.851765321625367,1.5,1.2345102144169113,524,0.808641975308642,1.0,1
"iteration_2","SCOPE_DATA_COLLECTION",900,42,2590.0,2650.0,0,5513,3950,1210,5254,4004,1222,2991,2113,648,2514,1846,562,0.4566757493188011,0.46627936347562515,0.4644628099173554,0.5095265180261555,1.0633834675389378,1.8471083394969086,1.019053036052311,1.0633834675389378,1.2314055596646056,0.5048478769642261,0.7458589682915286,0.8070987654320988,97.5,100.0,4723,303,5647,20,1,4901,0.004234596654668642,0.0033003300330033004,0.8678944572339296,0.05,0.6000000000000001,0.30000000000000004,0.30000000000000004,20.0,45.0,45.0,0.05,0.6000000000000001,0.30000000000000004,0.30000000000000004,20.0,45.0,45.0,5390,2958,2432,5390,0.45120593692022265,0.5222643415686614,0.5,1.0445286831373228,1552,0.5246788370520622,1.0,1
"iteration_2","SCOPE_DATA_COLLECTION",900,42,2590.0,2650.0,1,5513,3950,1210,5254,4004,1222,2991,2113,648,2514,1846,562,0.4566757493188011,0.46627936347562515,0.4644628099173554,0.5095265180261555,1.0633834675389378,1.8471083394969086,1.019053036052311,1.0633834675389378,1.2314055596646056,0.5048478769642261,0.7458589682915286,0.8070987654320988,97.5,100.0,4723,303,5647,20,1,4901,0.004234596654668642,0.0033003300330033004,0.8678944572339296,0.05,0.6000000000000001,0.30000000000000004,0.30000000000000004,20.0,45.0,45.0,0.05,0.6000000000000001,0.30000000000000004,0.30000000000000004,20.0,45.0,45.0,3974,2192,1782,3974,0.44841469552088575,1.0525037695386465,1.0,1.0525037695386465,1581,0.7212591240875912,1.0,1
"iteration_2","SCOPE_DATA_COLLECTION",900,42,2590.0,2650.0,2,5513,3950,1210,5254,4004,1222,2991,2113,648,2514,1846,562,0.4566757493188011,0.46627936347562515,0.4644628099173554,0.5095265180261555,1.0633834675389378,1.8471083394969086,1.019053036052311,1.0633834675389378,1.2314055596646056,0.5048478769642261,0.7458589682915286,0.8070987654320988,97.5,100.0,4723,303,5647,20,1,4901,0.004234596654668642,0.0033003300330033004,0.8678944572339296,0.05,0.6000000000000001,0.30000000000000004,0.30000000000000004,20.0,45.0,45.0,0.05,0.6000000000000001,0.30000000000000004,0.30000000000000004,20.0,45.0,45.0,1237,666,571,1237,0.46160064672594986,1.8058510413700626,1.5,1.2039006942467083,519,0.7792792792792793,1.0,1
"iteration_2","SCOPE_DATA_COLLECTION",900,43,2650.0,2710.0,0,5390,3974,1237,5513,3950,1210,2967,2189,660,2432,1782,571,0.4504537877384701,0.4487534626038781,0.46385052802599513,0.522406445770104,1.0491888225246893,1.8044263824452242,1.044812891540208,1.0491888225246893,1.2029509216301495,0.5267947421638018,0.7217907720420284,0.7772727272727272,100.0,100.0,4688,315,5598,13,0,4772,0.002773037542662116,0.0,0.8524473026080743,0.05,0.6000000000000001,0.30000000000000004,0.30000000000000004,20.0,45.0,45.0,0.15000000000000002,0.5,0.2,0.2,20.0,35.0,55.0,5403,3723,1680,5403,0.31093836757357024,0.45398842510021625,0.5,0.9079768502004325,1495,0.40155788342734355,1.0,1
"iteration_2","SCOPE_DATA_COLLECTION",900,43,2650.0,2710.0,1,5390,3974,1237,5513,3950,1210,2967,2189,660,2432,1782,571,0.4504537877384701,0.4487534626038781,0.46385052802599513,0.522406445770104,1.0491888225246893,1.8044263824452242,1.044812891540208,1.0491888225246893,1.2029509216301495,0.5267947421638018,0.7217907720420284,0.7772727272727272,100.0,100.0,4688,315,5598,13,0,4772,0.002773037542662116,0.0,0.8524473026080743,0.05,0.6000000000000001,0.30000000000000004,0.30000000000000004,20.0,45.0,45.0,0.15000000000000002,0.5,0.2,0.2,20.0,35.0,55.0,3883,2699,1184,3883,0.3049188771568375,0.8991797272331293,1.0,0.8991797272331293,1613,0.5976287513894035,1.0,1
"iteration_2","SCOPE_DATA_COLLECTION",900,43,2650.0,2710.0,2,5390,3974,1237,5513,3950,1210,2967,2189,660,2432,1782,571,0.4504537877384701,0.4487534626038781,0.46385052802599513,0.522406445770104,1.0491888225246893,1.8044263824452242,1.044812891540208,1.0491888225246893,1.2029509216301495,0.5267947421638018,0.7217907720420284,0.7772727272727272,100.0,100.0,4688,315,5598,13,0,4772,0.002773037542662116,0.0,0.8524473026080743,0.05,0.6000000000000001,0.30000000000000004,0.30000000000000004,20.0,45.0,45.0,0.15000000000000002,0.5,0.2,0.2,20.0,35.0,55.0,1190,816,374,1190,0.3142857142857143,1.5547652502820966,1.5,1.036510166854731,532,0.6519607843137255,1.0,1
"iteration_2","SCOPE_DATA_COLLECTION",900,44,2710.0,2770.0,0,5403,3883,1190,5390,3974,1237,3710,2711,822,1680,1184,374,0.3116883116883117,0.30397946084724004,0.31270903010033446,0.4545365716533643,0.9029946944455648,1.5610709477411007,0.9090731433067286,0.9029946944455648,1.0407139651607338,0.40161725067385445,0.5986720767244559,0.6545012165450121,100.0,100.0,4603,890,4983,4,1,3233,8.689984792526613E-4,0.0011235955056179776,0.6488059401966687,0.15000000000000002,0.5,0.2,0.2,20.0,35.0,55.0,0.45,0.30000000000000004,0.7000000000000001,0.8,40.0,65.0,70.0,5347,5318,29,5347,0.005423602019824201,0.30924584509116454,0.5,0.6184916901823291,1308,0.2459571267393757,1.0,1
"iteration_2","SCOPE_DATA_COLLECTION",900,44,2710.0,2770.0,1,5403,3883,1190,5390,3974,1237,3710,2711,822,1680,1184,374,0.3116883116883117,0.30397946084724004,0.31270903010033446,0.4545365716533643,0.9029946944455648,1.5610709477411007,0.9090731433067286,0.9029946944455648,1.0407139651607338,0.40161725067385445,0.5986720767244559,0.6545012165450121,100.0,100.0,4603,890,4983,4,1,3233,8.689984792526613E-4,0.0011235955056179776,0.6488059401966687,0.15000000000000002,0.5,0.2,0.2,20.0,35.0,55.0,0.45,0.30000000000000004,0.7000000000000001,0.8,40.0,65.0,70.0,3956,3917,39,3956,0.009858442871587462,0.709884758958778,1.0,0.709884758958778,1653,0.4220066377329589,1.0,1
"iteration_2","SCOPE_DATA_COLLECTION",900,44,2710.0,2770.0,2,5403,3883,1190,5390,3974,1237,3710,2711,822,1680,1184,374,0.3116883116883117,0.30397946084724004,0.31270903010033446,0.4545365716533643,0.9029946944455648,1.5610709477411007,0.9090731433067286,0.9029946944455648,1.0407139651607338,0.40161725067385445,0.5986720767244559,0.6545012165450121,100.0,100.0,4603,890,4983,4,1,3233,8.689984792526613E-4,0.0011235955056179776,0.6488059401966687,0.15000000000000002,0.5,0.2,0.2,20.0,35.0,55.0,0.45,0.30000000000000004,0.7000000000000001,0.8,40.0,65.0,70.0,1221,1196,25,1221,0.020475020475020474,1.1936708858476528,1.5,0.7957805905651019,532,0.44481605351170567,1.0,1
"iteration_2","SCOPE_DATA_COLLECTION",900,45,2770.0,2830.0,0,5347,3956,1221,5403,3883,1190,5320,3908,1182,29,39,25,0.00542157412600486,0.009880922219407144,0.020712510356255178,0.3088652250777605,0.7082866086763379,1.1851806276562322,0.617730450155521,0.7082866086763379,0.7901204184374881,0.24473684210526317,0.42067553735926305,0.4416243654822335,100.0,100.0,4826,2585,3113,42,3,48,0.00870285951098218,0.0011605415860735009,0.015419209765499518,0.45,0.30000000000000004,0.7000000000000001,0.8,40.0,65.0,70.0,0.8,0.5,0.8,0.30000000000000004,20.0,75.0,20.0,5272,5267,5,5272,9.484066767830046E-4,0.3135142710574767,0.5,0.6270285421149534,1438,0.2730206948927283,1.0,1
"iteration_2","SCOPE_DATA_COLLECTION",900,45,2770.0,2830.0,1,5347,3956,1221,5403,3883,1190,5320,3908,1182,29,39,25,0.00542157412600486,0.009880922219407144,0.020712510356255178,0.3088652250777605,0.7082866086763379,1.1851806276562322,0.617730450155521,0.7082866086763379,0.7901204184374881,0.24473684210526317,0.42067553735926305,0.4416243654822335,100.0,100.0,4826,2585,3113,42,3,48,0.00870285951098218,0.0011605415860735009,0.015419209765499518,0.45,0.30000000000000004,0.7000000000000001,0.8,40.0,65.0,70.0,0.8,0.5,0.8,0.30000000000000004,20.0,75.0,20.0,4103,4094,9,4103,0.0021935169388252497,0.688043490145906,1.0,0.688043490145906,1704,0.41621885686370297,1.0,1
"iteration_2","SCOPE_DATA_COLLECTION",900,45,2770.0,2830.0,2,5347,3956,1221,5403,3883,1190,5320,3908,1182,29,39,25,0.00542157412600486,0.009880922219407144,0.020712510356255178,0.3088652250777605,0.7082866086763379,1.1851806276562322,0.617730450155521,0.7082866086763379,0.7901204184374881,0.24473684210526317,0.42067553735926305,0.4416243654822335,100.0,100.0,4826,2585,3113,42,3,48,0.00870285951098218,0.0011605415860735009,0.015419209765499518,0.45,0.30000000000000004,0.7000000000000001,0.8,40.0,65.0,70.0,0.8,0.5,0.8,0.30000000000000004,20.0,75.0,20.0,1154,1141,13,1154,0.011265164644714038,1.144653496653134,1.5,0.7631023311020894,492,0.43120070113935144,1.0,1
"iteration_2","SCOPE_DATA_COLLECTION",900,46,2830.0,2890.0,0,5272,4103,1154,5347,3956,1221,5258,4084,1152,5,9,13,9.500285008550256E-4,0.002198876129978011,0.011158798283261802,0.31366940634415263,0.6859334444843986,1.1511556273875536,0.6273388126883053,0.6859334444843986,0.7674370849250357,0.27348801825789276,0.4167482859941234,0.4340277777777778,97.5,100.0,4776,4624,1129,25,2,0,0.005234505862646567,4.3252595155709344E-4,0.0,0.8,0.5,0.8,0.30000000000000004,20.0,75.0,20.0,0.9,0.4,0.7000000000000001,0.4,30.0,65.0,30.0,5323,5315,8,5323,0.0015029118917903438,0.3150572425795989,0.5,0.6301144851591978,1472,0.27695202257761053,1.0,1
"iteration_2","SCOPE_DATA_COLLECTION",900,46,2830.0,2890.0,1,5272,4103,1154,5347,3956,1221,5258,4084,1152,5,9,13,9.500285008550256E-4,0.002198876129978011,0.011158798283261802,0.31366940634415263,0.6859334444843986,1.1511556273875536,0.6273388126883053,0.6859334444843986,0.7674370849250357,0.27348801825789276,0.4167482859941234,0.4340277777777778,97.5,100.0,4776,4624,1129,25,2,0,0.005234505862646567,4.3252595155709344E-4,0.0,0.8,0.5,0.8,0.30000000000000004,20.0,75.0,20.0,0.9,0.4,0.7000000000000001,0.4,30.0,65.0,30.0,3950,3938,12,3950,0.0030379746835443038,0.6951423272094059,1.0,0.6951423272094059,1653,0.4197562214321991,1.0,1
"iteration_2","SCOPE_DATA_COLLECTION",900,46,2830.0,2890.0,2,5272,4103,1154,5347,3956,1221,5258,4084,1152,5,9,13,9.500285008550256E-4,0.002198876129978011,0.011158798283261802,0.31366940634415263,0.6859334444843986,1.1511556273875536,0.6273388126883053,0.6859334444843986,0.7674370849250357,0.27348801825789276,0.4167482859941234,0.4340277777777778,97.5,100.0,4776,4624,1129,25,2,0,0.005234505862646567,4.3252595155709344E-4,0.0,0.8,0.5,0.8,0.30000000000000004,20.0,75.0,20.0,0.9,0.4,0.7000000000000001,0.4,30.0,65.0,30.0,1209,1200,9,1209,0.007444168734491315,1.1633489269467512,1.5,0.7755659512978341,524,0.43666666666666665,1.0,1
"iteration_2","SCOPE_DATA_COLLECTION",900,47,2890.0,2950.0,0,5323,3950,1209,5272,4103,1154,5315,3942,1192,8,11,9,0.0015029118917903438,0.0027826966860612194,0.00749375520399667,0.3151538659688424,0.6980971387523993,1.1676063418921028,0.6303077319376847,0.6980971387523993,0.7784042279280685,0.2773283160865475,0.41983764586504313,0.438758389261745,95.0,100.0,4798,5087,597,27,1,0,0.005627344726969571,1.9657951641438963E-4,0.0,0.9,0.4,0.7000000000000001,0.4,30.0,65.0,30.0,0.9500000000000001,0.30000000000000004,0.6000000000000001,0.30000000000000004,30.0,65.0,40.0,5405,5394,11,5405,0.0020351526364477336,0.29973449368112653,0.5,0.5994689873622531,1304,0.2417500926955877,1.0,1
"iteration_2","SCOPE_DATA_COLLECTION",900,47,2890.0,2950.0,1,5323,3950,1209,5272,4103,1154,5315,3942,1192,8,11,9,0.0015029118917903438,0.0027826966860612194,0.00749375520399667,0.3151538659688424,0.6980971387523993,1.1676063418921028,0.6303077319376847,0.6980971387523993,0.7784042279280685,0.2773283160865475,0.41983764586504313,0.438758389261745,95.0,100.0,4798,5087,597,27,1,0,0.005627344726969571,1.9657951641438963E-4,0.0,0.9,0.4,0.7000000000000001,0.4,30.0,65.0,30.0,0.9500000000000001,0.30000000000000004,0.6000000000000001,0.30000000000000004,30.0,65.0,40.0,3932,3925,7,3932,0.001780264496439471,0.6731789908390334,1.0,0.6731789908390334,1590,0.4050955414012739,1.0,1
"iteration_2","SCOPE_DATA_COLLECTION",900,47,2890.0,2950.0,2,5323,3950,1209,5272,4103,1154,5315,3942,1192,8,11,9,0.0015029118917903438,0.0027826966860612194,0.00749375520399667,0.3151538659688424,0.6980971387523993,1.1676063418921028,0.6303077319376847,0.6980971387523993,0.7784042279280685,0.2773283160865475,0.41983764586504313,0.438758389261745,95.0,100.0,4798,5087,597,27,1,0,0.005627344726969571,1.9657951641438963E-4,0.0,0.9,0.4,0.7000000000000001,0.4,30.0,65.0,30.0,0.9500000000000001,0.30000000000000004,0.6000000000000001,0.30000000000000004,30.0,65.0,40.0,1270,1257,13,1270,0.010236220472440945,1.1831007025792872,1.5,0.7887338017195248,570,0.45346062052505964,1.0,1
"iteration_2","SCOPE_DATA_COLLECTION",900,48,2950.0,3010.0,0,5405,3932,1270,5323,3950,1209,5392,3909,1258,11,8,13,0.0020359059781602813,0.0020423793719683433,0.010228166797797011,0.29994326746981903,0.6707076423612336,1.1766771509734975,0.5998865349396381,0.6707076423612336,0.7844514339823316,0.24258160237388723,0.40419544640573035,0.4507154213036566,100.0,100.0,4731,5593,283,29,3,0,0.006129782287042909,5.363847666726265E-4,0.0,0.9500000000000001,0.30000000000000004,0.6000000000000001,0.30000000000000004,30.0,65.0,40.0,0.35000000000000003,0.4,0.6000000000000001,0.8,50.0,35.0,85.0,5476,5131,345,5476,0.06300219138056976,0.35421979682364235,0.5,0.7084395936472847,1483,0.28902748002338724,1.0,1
"iteration_2","SCOPE_DATA_COLLECTION",900,48,2950.0,3010.0,1,5405,3932,1270,5323,3950,1209,5392,3909,1258,11,8,13,0.0020359059781602813,0.0020423793719683433,0.010228166797797011,0.29994326746981903,0.6707076423612336,1.1766771509734975,0.5998865349396381,0.6707076423612336,0.7844514339823316,0.24258160237388723,0.40419544640573035,0.4507154213036566,100.0,100.0,4731,5593,283,29,3,0,0.006129782287042909,5.363847666726265E-4,0.0,0.9500000000000001,0.30000000000000004,0.6000000000000001,0.30000000000000004,30.0,65.0,40.0,0.35000000000000003,0.4,0.6000000000000001,0.8,50.0,35.0,85.0,3937,3663,274,3937,0.06959613919227839,0.7435605183378694,1.0,0.7435605183378694,1651,0.4507234507234507,1.0,1
"iteration_2","SCOPE_DATA_COLLECTION",900,48,2950.0,3010.0,2,5405,3932,1270,5323,3950,1209,5392,3909,1258,11,8,13,0.0020359059781602813,0.0020423793719683433,0.010228166797797011,0.29994326746981903,0.6707076423612336,1.1766771509734975,0.5998865349396381,0.6707076423612336,0.7844514339823316,0.24258160237388723,0.40419544640573035,0.4507154213036566,100.0,100.0,4731,5593,283,29,3,0,0.006129782287042909,5.363847666726265E-4,0.0,0.9500000000000001,0.30000000000000004,0.6000000000000001,0.30000000000000004,30.0,65.0,40.0,0.35000000000000003,0.4,0.6000000000000001,0.8,50.0,35.0,85.0,1237,1120,117,1237,0.09458367016976556,1.267308811759278,1.5,0.8448725411728519,541,0.4830357142857143,1.0,1
"iteration_2","SCOPE_DATA_COLLECTION",900,49,3010.0,3070.0,0,5476,3937,1237,5405,3932,1270,5148,3671,1120,345,274,117,0.06280720917531403,0.06945500633713561,0.09458367016976556,0.35460450647228237,0.7424840803407721,1.2645503988210274,0.7092090129445647,0.7424840803407721,0.8430335992140182,0.2896270396270396,0.45028602560610187,0.48125,100.0,100.0,4810,1984,3856,50,0,686,0.010395010395010396,0.0,0.1779045643153527,0.35000000000000003,0.4,0.6000000000000001,0.8,50.0,35.0,85.0,0.45,0.5,0.5,0.9,60.0,35.0,75.0,5306,5262,44,5306,0.008292499057670561,0.3247555073364824,0.5,0.6495110146729648,1498,0.2846826301786393,1.0,1
"iteration_2","SCOPE_DATA_COLLECTION",900,49,3010.0,3070.0,1,5476,3937,1237,5405,3932,1270,5148,3671,1120,345,274,117,0.06280720917531403,0.06945500633713561,0.09458367016976556,0.35460450647228237,0.7424840803407721,1.2645503988210274,0.7092090129445647,0.7424840803407721,0.8430335992140182,0.2896270396270396,0.45028602560610187,0.48125,100.0,100.0,4810,1984,3856,50,0,686,0.010395010395010396,0.0,0.1779045643153527,0.35000000000000003,0.4,0.6000000000000001,0.8,50.0,35.0,85.0,0.45,0.5,0.5,0.9,60.0,35.0,75.0,3968,3932,36,3968,0.009072580645161291,0.7062906960956308,1.0,0.7062906960956308,1673,0.42548321464903355,1.0,1
"iteration_2","SCOPE_DATA_COLLECTION",900,49,3010.0,3070.0,2,5476,3937,1237,5405,3932,1270,5148,3671,1120,345,274,117,0.06280720917531403,0.06945500633713561,0.09458367016976556,0.35460450647228237,0.7424840803407721,1.2645503988210274,0.7092090129445647,0.7424840803407721,0.8430335992140182,0.2896270396270396,0.45028602560610187,0.48125,100.0,100.0,4810,1984,3856,50,0,686,0.010395010395010396,0.0,0.1779045643153527,0.35000000000000003,0.4,0.6000000000000001,0.8,50.0,35.0,85.0,0.45,0.5,0.5,0.9,60.0,35.0,75.0,1237,1213,24,1237,0.019401778496362168,1.186295820893438,1.5,0.7908638805956253,537,0.4427040395713108,1.0,1
"iteration_2","SCOPE_DATA_COLLECTION",900,50,3070.0,3130.0,0,5306,3968,1237,5476,3937,1237,5256,3930,1216,44,36,24,0.00830188679245283,0.009077155824508321,0.01935483870967742,0.32491351416596714,0.7091454037827414,1.1953865080845236,0.6498270283319343,0.7091454037827414,0.7969243387230157,0.2846270928462709,0.4272264631043257,0.4473684210526316,100.0,100.0,4778,2581,3152,36,1,67,0.007534533277521975,3.874467260751647E-4,0.021256345177664976,0.45,0.5,0.5,0.9,60.0,35.0,75.0,0.55,0.6000000000000001,0.6000000000000001,0.8,50.0,35.0,85.0,5327,5318,9,5327,0.0016895062887178525,0.3123600256615715,0.5,0.624720051323143,1454,0.27341105678826627,1.0,1
"iteration_2","SCOPE_DATA_COLLECTION",900,50,3070.0,3130.0,1,5306,3968,1237,5476,3937,1237,5256,3930,1216,44,36,24,0.00830188679245283,0.009077155824508321,0.01935483870967742,0.32491351416596714,0.7091454037827414,1.1953865080845236,0.6498270283319343,0.7091454037827414,0.7969243387230157,0.2846270928462709,0.4272264631043257,0.4473684210526316,100.0,100.0,4778,2581,3152,36,1,67,0.007534533277521975,3.874467260751647E-4,0.021256345177664976,0.45,0.5,0.5,0.9,60.0,35.0,75.0,0.55,0.6000000000000001,0.6000000000000001,0.8,50.0,35.0,85.0,3927,3912,15,3927,0.0038197097020626434,0.6851799284204176,1.0,0.6851799284204176,1615,0.4128323108384458,1.0,1
"iteration_2","SCOPE_DATA_COLLECTION",900,50,3070.0,3130.0,2,5306,3968,1237,5476,3937,1237,5256,3930,1216,44,36,24,0.00830188679245283,0.009077155824508321,0.01935483870967742,0.32491351416596714,0.7091454037827414,1.1953865080845236,0.6498270283319343,0.7091454037827414,0.7969243387230157,0.2846270928462709,0.4272264631043257,0.4473684210526316,100.0,100.0,4778,2581,3152,36,1,67,0.007534533277521975,3.874467260751647E-4,0.021256345177664976,0.45,0.5,0.5,0.9,60.0,35.0,75.0,0.55,0.6000000000000001,0.6000000000000001,0.8,50.0,35.0,85.0,1309,1290,19,1309,0.014514896867838044,1.1690562572659275,1.5,0.779370838177285,566,0.4387596899224806,1.0,1
"iteration_2","SCOPE_DATA_COLLECTION",900,51,3130.0,3190.0,0,5327,3927,1309,5306,3968,1237,5315,3905,1292,9,15,19,0.0016904583020285499,0.003826530612244898,0.014492753623188406,0.31150005070171544,0.6816860294223465,1.1651298356470994,0.6230001014034309,0.6816860294223465,0.7767532237647329,0.27149576669802444,0.40973111395646605,0.4373065015479876,100.0,100.0,4653,3245,2665,41,2,0,0.008811519449817323,6.163328197226503E-4,0.0,0.55,0.6000000000000001,0.6000000000000001,0.8,50.0,35.0,85.0,0.55,0.6000000000000001,0.6000000000000001,0.7000000000000001,40.0,45.0,95.0,5402,5379,23,5402,0.004257682339874121,0.313066262708315,0.5,0.62613252541663,1470,0.27328499721137756,1.0,1
"iteration_2","SCOPE_DATA_COLLECTION",900,51,3130.0,3190.0,1,5327,3927,1309,5306,3968,1237,5315,3905,1292,9,15,19,0.0016904583020285499,0.003826530612244898,0.014492753623188406,0.31150005070171544,0.6816860294223465,1.1651298356470994,0.6230001014034309,0.6816860294223465,0.7767532237647329,0.27149576669802444,0.40973111395646605,0.4373065015479876,100.0,100.0,4653,3245,2665,41,2,0,0.008811519449817323,6.163328197226503E-4,0.0,0.55,0.6000000000000001,0.6000000000000001,0.8,50.0,35.0,85.0,0.55,0.6000000000000001,0.6000000000000001,0.7000000000000001,40.0,45.0,95.0,3939,3919,20,3939,0.005077430820005078,0.6845416939524603,1.0,0.6845416939524603,1635,0.4171982648634856,1.0,1
"iteration_2","SCOPE_DATA_COLLECTION",900,51,3130.0,3190.0,2,5327,3927,1309,5306,3968,1237,5315,3905,1292,9,15,19,0.0016904583020285499,0.003826530612244898,0.014492753623188406,0.31150005070171544,0.6816860294223465,1.1651298356470994,0.6230001014034309,0.6816860294223465,0.7767532237647329,0.27149576669802444,0.40973111395646605,0.4373065015479876,100.0,100.0,4653,3245,2665,41,2,0,0.008811519449817323,6.163328197226503E-4,0.0,0.55,0.6000000000000001,0.6000000000000001,0.8,50.0,35.0,85.0,0.55,0.6000000000000001,0.6000000000000001,0.7000000000000001,40.0,45.0,95.0,1217,1198,19,1217,0.015612161051766639,1.1973255658177908,1.5,0.7982170438785272,546,0.4557595993322204,1.0,1
"iteration_2","SCOPE_DATA_COLLECTION",900,52,3190.0,3250.0,0,5402,3939,1217,5327,3927,1309,5369,3927,1203,23,20,19,0.004265578635014837,0.005067139599695972,0.015548281505728314,0.31269260082363837,0.6865391441627016,1.1981121391208924,0.6253852016472767,0.6865391441627016,0.798741426080595,0.2730489849133917,0.4183855360325949,0.456359102244389,100.0,100.0,4715,3185,2658,35,2,25,0.007423117709437964,6.279434850863422E-4,0.009405568096313018,0.55,0.6000000000000001,0.6000000000000001,0.7000000000000001,40.0,45.0,95.0,0.45,0.2,0.1,0.6000000000000001,25.0,80.0,85.0,5388,5354,34,5388,0.006310319227913883,0.30240226057976166,0.5,0.6048045211595233,1181,0.22058274187523347,1.0,1
"iteration_2","SCOPE_DATA_COLLECTION",900,52,3190.0,3250.0,1,5402,3939,1217,5327,3927,1309,5369,3927,1203,23,20,19,0.004265578635014837,0.005067139599695972,0.015548281505728314,0.31269260082363837,0.6865391441627016,1.1981121391208924,0.6253852016472767,0.6865391441627016,0.798741426080595,0.2730489849133917,0.4183855360325949,0.456359102244389,100.0,100.0,4715,3185,2658,35,2,25,0.007423117709437964,6.279434850863422E-4,0.009405568096313018,0.55,0.6000000000000001,0.6000000000000001,0.7000000000000001,40.0,45.0,95.0,0.45,0.2,0.1,0.6000000000000001,25.0,80.0,85.0,4014,3981,33,4014,0.008221225710014948,0.6581473830025111,1.0,0.6581473830025111,1640,0.4119567947751821,1.0,1
"iteration_2","SCOPE_DATA_COLLECTION",900,52,3190.0,3250.0,2,5402,3939,1217,5327,3927,1309,5369,3927,1203,23,20,19,0.004265578635014837,0.005067139599695972,0.015548281505728314,0.31269260082363837,0.6865391441627016,1.1981121391208924,0.6253852016472767,0.6865391441627016,0.798741426080595,0.2730489849133917,0.4183855360325949,0.456359102244389,100.0,100.0,4715,3185,2658,35,2,25,0.007423117709437964,6.279434850863422E-4,0.009405568096313018,0.55,0.6000000000000001,0.6000000000000001,0.7000000000000001,40.0,45.0,95.0,0.45,0.2,0.1,0.6000000000000001,25.0,80.0,85.0,1234,1211,23,1234,0.018638573743922204,1.1625610966285305,1.5,0.7750407310856869,543,0.44838976052848883,1.0,1
"iteration_2","SCOPE_DATA_COLLECTION",900,53,3250.0,3310.0,0,5388,4014,1234,5402,3939,1217,5369,3970,1213,34,33,23,0.006292800296131778,0.00824381713714714,0.0186084142394822,0.3030436775841301,0.6582188637758284,1.169596840278691,0.6060873551682602,0.6582188637758284,0.7797312268524607,0.22201527286273048,0.41209068010075567,0.45094806265457543,100.0,100.0,4772,2598,3266,14,0,76,0.002933780385582565,0.0,0.023270055113288425,0.45,0.2,0.1,0.6000000000000001,25.0,80.0,85.0,0.45,0.1,0.1,0.7000000000000001,35.0,90.0,75.0,5315,5285,30,5315,0.005644402634054563,0.2798738907094305,0.5,0.559747781418861,979,0.18524124881740775,1.0,1
"iteration_2","SCOPE_DATA_COLLECTION",900,53,3250.0,3310.0,1,5388,4014,1234,5402,3939,1217,5369,3970,1213,34,33,23,0.006292800296131778,0.00824381713714714,0.0186084142394822,0.3030436775841301,0.6582188637758284,1.169596840278691,0.6060873551682602,0.6582188637758284,0.7797312268524607,0.22201527286273048,0.41209068010075567,0.45094806265457543,100.0,100.0,4772,2598,3266,14,0,76,0.002933780385582565,0.0,0.023270055113288425,0.45,0.2,0.1,0.6000000000000001,25.0,80.0,85.0,0.45,0.1,0.1,0.7000000000000001,35.0,90.0,75.0,3964,3934,30,3964,0.0075681130171543895,0.676016374336624,1.0,0.676016374336624,1716,0.4361972547025928,1.0,1
"iteration_2","SCOPE_DATA_COLLECTION",900,53,3250.0,3310.0,2,5388,4014,1234,5402,3939,1217,5369,3970,1213,34,33,23,0.006292800296131778,0.00824381713714714,0.0186084142394822,0.3030436775841301,0.6582188637758284,1.169596840278691,0.6060873551682602,0.6582188637758284,0.7797312268524607,0.22201527286273048,0.41209068010075567,0.45094806265457543,100.0,100.0,4772,2598,3266,14,0,76,0.002933780385582565,0.0,0.023270055113288425,0.45,0.2,0.1,0.6000000000000001,25.0,80.0,85.0,0.45,0.1,0.1,0.7000000000000001,35.0,90.0,75.0,1170,1156,14,1170,0.011965811965811967,1.2285367715088353,1.5,0.8190245143392235,574,0.49653979238754326,1.0,1
"iteration_2","SCOPE_DATA_COLLECTION",900,54,3310.0,3370.0,0,5315,3964,1170,5388,4014,1234,5284,3945,1149,30,30,14,0.005645464809936018,0.007547169811320755,0.012037833190025795,0.28027953804391575,0.6764054375471389,1.2191888426870467,0.5605590760878315,0.6764054375471389,0.8127925617913645,0.18565480696442088,0.4370088719898606,0.4917319408181027,100.0,100.0,4772,2569,3108,10,1,63,0.0020955574182732607,3.8925652004671076E-4,0.02027027027027027,0.45,0.1,0.1,0.7000000000000001,35.0,90.0,75.0,0.8,0.4,0.5,0.6000000000000001,25.0,70.0,30.0,5329,5323,6,5329,0.001125914805779696,0.29841642496912707,0.5,0.5968328499382541,1316,0.24722900619951155,1.0,1
"iteration_2","SCOPE_DATA_COLLECTION",900,54,3310.0,3370.0,1,5315,3964,1170,5388,4014,1234,5284,3945,1149,30,30,14,0.005645464809936018,0.007547169811320755,0.012037833190025795,0.28027953804391575,0.6764054375471389,1.2191888426870467,0.5605590760878315,0.6764054375471389,0.8127925617913645,0.18565480696442088,0.4370088719898606,0.4917319408181027,100.0,100.0,4772,2569,3108,10,1,63,0.0020955574182732607,3.8925652004671076E-4,0.02027027027027027,0.45,0.1,0.1,0.7000000000000001,35.0,90.0,75.0,0.8,0.4,0.5,0.6000000000000001,25.0,70.0,30.0,4043,4035,8,4043,0.001978728666831561,0.6807967402455273,1.0,0.6807967402455273,1674,0.41486988847583645,1.0,1
"iteration_2","SCOPE_DATA_COLLECTION",900,54,3310.0,3370.0,2,5315,3964,1170,5388,4014,1234,5284,3945,1149,30,30,14,0.005645464809936018,0.007547169811320755,0.012037833190025795,0.28027953804391575,0.6764054375471389,1.2191888426870467,0.5605590760878315,0.6764054375471389,0.8127925617913645,0.18565480696442088,0.4370088719898606,0.4917319408181027,100.0,100.0,4772,2569,3108,10,1,63,0.0020955574182732607,3.8925652004671076E-4,0.02027027027027027,0.45,0.1,0.1,0.7000000000000001,35.0,90.0,75.0,0.8,0.4,0.5,0.6000000000000001,25.0,70.0,30.0,1162,1147,15,1162,0.012908777969018933,1.1974027337109667,1.5,0.7982684891406445,528,0.46033129904097647,1.0,1
"iteration_2","SCOPE_DATA_COLLECTION",900,55,3370.0,3430.0,0,5329,4043,1162,5315,3964,1170,5333,4043,1145,6,8,15,0.0011238059561715678,0.001974821031843989,0.01293103448275862,0.2987533055299722,0.6811980338821977,1.2013407194448618,0.5975066110599444,0.6811980338821977,0.8008938129632411,0.24770298143633976,0.41429631461785804,0.462882096069869,100.0,100.0,4733,4620,1181,26,3,0,0.005493344601732516,6.493506493506494E-4,0.0,0.8,0.4,0.5,0.6000000000000001,25.0,70.0,30.0,0.8,0.4,0.5,0.6000000000000001,25.0,70.0,30.0,5436,5429,7,5436,0.0012877115526122149,0.3006152558375236,0.5,0.6012305116750472,1369,0.25216430281819857,1.0,1
"iteration_2","SCOPE_DATA_COLLECTION",900,55,3370.0,3430.0,1,5329,4043,1162,5315,3964,1170,5333,4043,1145,6,8,15,0.0011238059561715678,0.001974821031843989,0.01293103448275862,0.2987533055299722,0.6811980338821977,1.2013407194448618,0.5975066110599444,0.6811980338821977,0.8008938129632411,0.24770298143633976,0.41429631461785804,0.462882096069869,100.0,100.0,4733,4620,1181,26,3,0,0.005493344601732516,6.493506493506494E-4,0.0,0.8,0.4,0.5,0.6000000000000001,25.0,70.0,30.0,0.8,0.4,0.5,0.6000000000000001,25.0,70.0,30.0,3876,3857,19,3876,0.004901960784313725,0.6775041691237345,1.0,0.6775041691237345,1593,0.41301529686284677,1.0,1
"iteration_2","SCOPE_DATA_COLLECTION",900,55,3370.0,3430.0,2,5329,4043,1162,5315,3964,1170,5333,4043,1145,6,8,15,0.0011238059561715678,0.001974821031843989,0.01293103448275862,0.2987533055299722,0.6811980338821977,1.2013407194448618,0.5975066110599444,0.6811980338821977,0.8008938129632411,0.24770298143633976,0.41429631461785804,0.462882096069869,100.0,100.0,4733,4620,1181,26,3,0,0.005493344601732516,6.493506493506494E-4,0.0,0.8,0.4,0.5,0.6000000000000001,25.0,70.0,30.0,0.8,0.4,0.5,0.6000000000000001,25.0,70.0,30.0,1215,1203,12,1215,0.009876543209876543,1.1519654138153805,1.5,0.7679769425435871,523,0.43474646716541976,1.0,1
"iteration_2","SCOPE_DATA_COLLECTION",900,56,3430.0,3490.0,0,5436,3876,1215,5329,4043,1162,5414,3863,1201,7,19,12,0.0012912746725696365,0.004894384337970119,0.00989282769991756,0.29932013614012715,0.6782291349036588,1.1433673470122276,0.5986402722802543,0.6782291349036588,0.7622448980081518,0.250092353158478,0.4154801967382863,0.43047460449625313,95.0,100.0,4776,4572,1179,33,5,0,0.006909547738693468,0.0010936132983377078,0.0,0.8,0.4,0.5,0.6000000000000001,25.0,70.0,30.0,0.8,0.4,0.5,0.6000000000000001,25.0,70.0,30.0,5409,5397,12,5409,0.0022185246810870773,0.30252985849102937,0.5,0.6050597169820587,1376,0.2549564572910876,1.0,1
"iteration_2","SCOPE_DATA_COLLECTION",900,56,3430.0,3490.0,1,5436,3876,1215,5329,4043,1162,5414,3863,1201,7,19,12,0.0012912746725696365,0.004894384337970119,0.00989282769991756,0.29932013614012715,0.6782291349036588,1.1433673470122276,0.5986402722802543,0.6782291349036588,0.7622448980081518,0.250092353158478,0.4154801967382863,0.43047460449625313,95.0,100.0,4776,4572,1179,33,5,0,0.006909547738693468,0.0010936132983377078,0.0,0.8,0.4,0.5,0.6000000000000001,25.0,70.0,30.0,0.8,0.4,0.5,0.6000000000000001,25.0,70.0,30.0,3977,3960,17,3977,0.004274578828262509,0.6873661932440495,1.0,0.6873661932440495,1660,0.41919191919191917,1.0,1
"iteration_2","SCOPE_DATA_COLLECTION",900,56,3430.0,3490.0,2,5436,3876,1215,5329,4043,1162,5414,3863,1201,7,19,12,0.0012912746725696365,0.004894384337970119,0.00989282769991756,0.29932013614012715,0.6782291349036588,1.1433673470122276,0.5986402722802543,0.6782291349036588,0.7622448980081518,0.250092353158478,0.4154801967382863,0.43047460449625313,95.0,100.0,4776,4572,1179,33,5,0,0.006909547738693468,0.0010936132983377078,0.0,0.8,0.4,0.5,0.6000000000000001,25.0,70.0,30.0,0.8,0.4,0.5,0.6000000000000001,25.0,70.0,30.0,1204,1198,6,1204,0.0049833887043189366,1.1272533274110907,1.5,0.7515022182740605,504,0.42070116861435725,1.0,1
"iteration_2","SCOPE_DATA_COLLECTION",900,57,3490.0,3550.0,0,5409,3977,1204,5436,3876,1215,5403,3954,1211,12,17,6,0.00221606648199446,0.004281037522034752,0.0049301561216105174,0.3034504626384397,0.6867844938449573,1.140518332579309,0.6069009252768794,0.6867844938449573,0.7603455550528726,0.2567092356098464,0.41755184623166414,0.4269199009083402,95.0,100.0,4773,4671,1146,31,4,0,0.006494866959983239,8.563476771569257E-4,0.0,0.8,0.4,0.5,0.6000000000000001,25.0,70.0,30.0,0.7000000000000001,0.30000000000000004,0.4,0.5,20.0,60.0,30.0,5310,5307,3,5310,5.649717514124294E-4,0.2920122016426744,0.5,0.5840244032853488,1214,0.22875447522140568,1.0,1
"iteration_2","SCOPE_DATA_COLLECTION",900,57,3490.0,3550.0,1,5409,3977,1204,5436,3876,1215,5403,3954,1211,12,17,6,0.00221606648199446,0.004281037522034752,0.0049301561216105174,0.3034504626384397,0.6867844938449573,1.140518332579309,0.6069009252768794,0.6867844938449573,0.7603455550528726,0.2567092356098464,0.41755184623166414,0.4269199009083402,95.0,100.0,4773,4671,1146,31,4,0,0.006494866959983239,8.563476771569257E-4,0.0,0.8,0.4,0.5,0.6000000000000001,25.0,70.0,30.0,0.7000000000000001,0.30000000000000004,0.4,0.5,20.0,60.0,30.0,3975,3967,8,3975,0.002012578616352201,0.6519460168370768,1.0,0.6519460168370768,1610,0.40584824804638264,1.0,1
"iteration_2","SCOPE_DATA_COLLECTION",900,57,3490.0,3550.0,2,5409,3977,1204,5436,3876,1215,5403,3954,1211,12,17,6,0.00221606648199446,0.004281037522034752,0.0049301561216105174,0.3034504626384397,0.6867844938449573,1.140518332579309,0.6069009252768794,0.6867844938449573,0.7603455550528726,0.2567092356098464,0.41755184623166414,0.4269199009083402,95.0,100.0,4773,4671,1146,31,4,0,0.006494866959983239,8.563476771569257E-4,0.0,0.8,0.4,0.5,0.6000000000000001,25.0,70.0,30.0,0.7000000000000001,0.30000000000000004,0.4,0.5,20.0,60.0,30.0,1213,1194,19,1213,0.015663643858202802,1.1821718397427332,1.5,0.7881145598284888,542,0.4539363484087102,1.0,1
"iteration_2","SCOPE_DATA_COLLECTION",900,58,3550.0,3617.0267151245134,0,5310,3975,1213,5409,3977,1204,5308,3966,1179,3,8,19,5.64865373752589E-4,0.0020130850528434826,0.015859766277128547,0.29214613256448707,0.6531120320517193,1.1784674788558862,0.5842922651289741,0.6531120320517193,0.7856449859039242,0.22814619442351167,0.4062027231467474,0.4529262086513995,100.0,100.0,4729,4069,1700,28,2,0,0.00592091351237048,4.915212582944212E-4,0.0,0.7000000000000001,0.30000000000000004,0.4,0.5,20.0,60.0,30.0,0.8,0.30000000000000004,0.5,0.4,20.0,60.0,30.0,4504,4473,7,4480,0.0015625,0.2949636528901779,0.5,0.5899273057803558,1038,0.23205902079141516,0.9946714031971581,0
"iteration_2","SCOPE_DATA_COLLECTION",900,58,3550.0,3617.0267151245134,1,5310,3975,1213,5409,3977,1204,5308,3966,1179,3,8,19,5.64865373752589E-4,0.0020130850528434826,0.015859766277128547,0.29214613256448707,0.6531120320517193,1.1784674788558862,0.5842922651289741,0.6531120320517193,0.7856449859039242,0.22814619442351167,0.4062027231467474,0.4529262086513995,100.0,100.0,4729,4069,1700,28,2,0,0.00592091351237048,4.915212582944212E-4,0.0,0.7000000000000001,0.30000000000000004,0.4,0.5,20.0,60.0,30.0,0.8,0.30000000000000004,0.5,0.4,20.0,60.0,30.0,3361,3308,10,3318,0.0030138637733574444,0.671926382692474,1.0,0.671926382692474,1344,0.4062877871825877,0.9872061886343351,0
"iteration_2","SCOPE_DATA_COLLECTION",900,58,3550.0,3617.0267151245134,2,5310,3975,1213,5409,3977,1204,5308,3966,1179,3,8,19,5.64865373752589E-4,0.0020130850528434826,0.015859766277128547,0.29214613256448707,0.6531120320517193,1.1784674788558862,0.5842922651289741,0.6531120320517193,0.7856449859039242,0.22814619442351167,0.4062027231467474,0.4529262086513995,100.0,100.0,4729,4069,1700,28,2,0,0.00592091351237048,4.915212582944212E-4,0.0,0.7000000000000001,0.30000000000000004,0.4,0.5,20.0,60.0,30.0,0.8,0.30000000000000004,0.5,0.4,20.0,60.0,30.0,959,922,8,930,0.008602150537634409,1.1685608298460677,1.5,0.7790405532307118,409,0.4436008676789588,0.9697601668404588,0
"iteration_2","SCOPE_DATA_COLLECTION",1000,0,70.0,130.0,0,5526,3537,1372,0,0,0,5485,3474,1326,5,20,19,9.107468123861566E-4,0.005724098454493417,0.01412639405204461,0.303419939196404,0.6832772207767401,1.120655986360971,0.606839878392808,0.6832772207767401,0.747103990907314,0.2505013673655424,0.4075993091537133,0.41855203619909503,100.0,100.0,4622,3505,2308,43,1,0,0.009303331890956296,2.853067047075606E-4,0.0,0.6,0.5,0.7,0.4,85.0,80.0,90.0,0.7000000000000001,0.6000000000000001,0.6000000000000001,0.4,75.0,90.0,95.0,6025,6008,17,6025,0.002821576763485477,0.3191287591294837,0.5,0.6382575182589674,1721,0.28645139813581894,1.0,1
"iteration_2","SCOPE_DATA_COLLECTION",1000,0,70.0,130.0,1,5526,3537,1372,0,0,0,5485,3474,1326,5,20,19,9.107468123861566E-4,0.005724098454493417,0.01412639405204461,0.303419939196404,0.6832772207767401,1.120655986360971,0.606839878392808,0.6832772207767401,0.747103990907314,0.2505013673655424,0.4075993091537133,0.41855203619909503,100.0,100.0,4622,3505,2308,43,1,0,0.009303331890956296,2.853067047075606E-4,0.0,0.6,0.5,0.7,0.4,85.0,80.0,90.0,0.7000000000000001,0.6000000000000001,0.6000000000000001,0.4,75.0,90.0,95.0,3670,3660,10,3670,0.0027247956403269754,0.6602532247574538,1.0,0.6602532247574538,1427,0.38989071038251366,1.0,1
"iteration_2","SCOPE_DATA_COLLECTION",1000,0,70.0,130.0,2,5526,3537,1372,0,0,0,5485,3474,1326,5,20,19,9.107468123861566E-4,0.005724098454493417,0.01412639405204461,0.303419939196404,0.6832772207767401,1.120655986360971,0.606839878392808,0.6832772207767401,0.747103990907314,0.2505013673655424,0.4075993091537133,0.41855203619909503,100.0,100.0,4622,3505,2308,43,1,0,0.009303331890956296,2.853067047075606E-4,0.0,0.6,0.5,0.7,0.4,85.0,80.0,90.0,0.7000000000000001,0.6000000000000001,0.6000000000000001,0.4,75.0,90.0,95.0,1538,1520,18,1538,0.011703511053315995,1.0823238360787706,1.5,0.7215492240525138,604,0.3973684210526316,1.0,1
"iteration_2","SCOPE_DATA_COLLECTION",1000,1,130.0,190.0,0,6025,3670,1538,5526,3537,1372,6009,3657,1517,18,10,18,0.0029865604778496766,0.002727024815925825,0.011726384364820847,0.3185842792561828,0.6576365621119917,1.0832287316618479,0.6371685585123656,0.6576365621119917,0.7221524877745652,0.28673656182393076,0.388569866010391,0.3974950560316414,100.0,100.0,4841,4498,1894,38,8,0,0.007849617847552158,0.0017785682525566918,0.0,0.7000000000000001,0.6000000000000001,0.6000000000000001,0.4,75.0,90.0,95.0,0.7000000000000001,0.6000000000000001,0.6000000000000001,0.4,65.0,95.0,85.0,5948,5939,9,5948,0.0015131136516476126,0.3076911177834702,0.5,0.6153822355669404,1604,0.2700791379020037,1.0,1
"iteration_2","SCOPE_DATA_COLLECTION",1000,1,130.0,190.0,1,6025,3670,1538,5526,3537,1372,6009,3657,1517,18,10,18,0.0029865604778496766,0.002727024815925825,0.011726384364820847,0.3185842792561828,0.6576365621119917,1.0832287316618479,0.6371685585123656,0.6576365621119917,0.7221524877745652,0.28673656182393076,0.388569866010391,0.3974950560316414,100.0,100.0,4841,4498,1894,38,8,0,0.007849617847552158,0.0017785682525566918,0.0,0.7000000000000001,0.6000000000000001,0.6000000000000001,0.4,75.0,90.0,95.0,0.7000000000000001,0.6000000000000001,0.6000000000000001,0.4,65.0,95.0,85.0,3758,3744,14,3758,0.0037253858435337944,0.6655631533619503,1.0,0.6655631533619503,1473,0.39342948717948717,1.0,1
"iteration_2","SCOPE_DATA_COLLECTION",1000,1,130.0,190.0,2,6025,3670,1538,5526,3537,1372,6009,3657,1517,18,10,18,0.0029865604778496766,0.002727024815925825,0.011726384364820847,0.3185842792561828,0.6576365621119917,1.0832287316618479,0.6371685585123656,0.6576365621119917,0.7221524877745652,0.28673656182393076,0.388569866010391,0.3974950560316414,100.0,100.0,4841,4498,1894,38,8,0,0.007849617847552158,0.0017785682525566918,0.0,0.7000000000000001,0.6000000000000001,0.6000000000000001,0.4,75.0,90.0,95.0,0.7000000000000001,0.6000000000000001,0.6000000000000001,0.4,65.0,95.0,85.0,1531,1496,35,1531,0.022860875244937948,1.0942658688176183,1.5,0.7295105792117456,601,0.4017379679144385,1.0,1
"iteration_2","SCOPE_DATA_COLLECTION",1000,2,190.0,250.0,0,5948,3758,1531,6025,3670,1538,5950,3748,1502,8,14,35,0.001342732460557234,0.003721424774056353,0.02277163305139883,0.3083184163074398,0.667333200763894,1.0960913587221388,0.6166368326148796,0.667333200763894,0.7307275724814258,0.2709243697478992,0.39327641408751335,0.40279627163781623,100.0,100.0,4752,4500,1985,53,4,0,0.011153198653198653,8.888888888888889E-4,0.0,0.7000000000000001,0.6000000000000001,0.6000000000000001,0.4,65.0,95.0,85.0,0.6000000000000001,0.7000000000000001,0.6000000000000001,0.4,65.0,95.0,85.0,5897,5889,8,5897,0.0013566220111921317,0.31783635243080166,0.5,0.6356727048616033,1679,0.2851078281541858,1.0,1
"iteration_2","SCOPE_DATA_COLLECTION",1000,2,190.0,250.0,1,5948,3758,1531,6025,3670,1538,5950,3748,1502,8,14,35,0.001342732460557234,0.003721424774056353,0.02277163305139883,0.3083184163074398,0.667333200763894,1.0960913587221388,0.6166368326148796,0.667333200763894,0.7307275724814258,0.2709243697478992,0.39327641408751335,0.40279627163781623,100.0,100.0,4752,4500,1985,53,4,0,0.011153198653198653,8.888888888888889E-4,0.0,0.7000000000000001,0.6000000000000001,0.6000000000000001,0.4,65.0,95.0,85.0,0.6000000000000001,0.7000000000000001,0.6000000000000001,0.4,65.0,95.0,85.0,3795,3769,26,3795,0.006851119894598155,0.6661031817597974,1.0,0.6661031817597974,1491,0.39559564871318653,1.0,1
"iteration_2","SCOPE_DATA_COLLECTION",1000,2,190.0,250.0,2,5948,3758,1531,6025,3670,1538,5950,3748,1502,8,14,35,0.001342732460557234,0.003721424774056353,0.02277163305139883,0.3083184163074398,0.667333200763894,1.0960913587221388,0.6166368326148796,0.667333200763894,0.7307275724814258,0.2709243697478992,0.39327641408751335,0.40279627163781623,100.0,100.0,4752,4500,1985,53,4,0,0.011153198653198653,8.888888888888889E-4,0.0,0.7000000000000001,0.6000000000000001,0.6000000000000001,0.4,65.0,95.0,85.0,0.6000000000000001,0.7000000000000001,0.6000000000000001,0.4,65.0,95.0,85.0,1494,1475,19,1494,0.012717536813922356,1.1187832650742526,1.5,0.7458555100495018,612,0.41491525423728814,1.0,1
"iteration_2","SCOPE_DATA_COLLECTION",1000,3,250.0,310.0,0,5897,3795,1494,5948,3758,1531,5889,3775,1473,9,26,19,0.001525940996948118,0.0068403051828466194,0.012734584450402145,0.3180036170634755,0.6681256571969085,1.1141827964241933,0.636007234126951,0.6681256571969085,0.7427885309494622,0.2847682119205298,0.39708609271523176,0.41276306856754924,100.0,100.0,4789,3834,2563,48,6,0,0.010022969304656505,0.001564945226917058,0.0,0.6000000000000001,0.7000000000000001,0.6000000000000001,0.4,65.0,95.0,85.0,0.6000000000000001,0.7000000000000001,0.6000000000000001,0.4,65.0,95.0,85.0,6022,6012,10,6022,0.0016605778811026237,0.31315663115443804,0.5,0.6263132623088761,1674,0.27844311377245506,1.0,1
"iteration_2","SCOPE_DATA_COLLECTION",1000,3,250.0,310.0,1,5897,3795,1494,5948,3758,1531,5889,3775,1473,9,26,19,0.001525940996948118,0.0068403051828466194,0.012734584450402145,0.3180036170634755,0.6681256571969085,1.1141827964241933,0.636007234126951,0.6681256571969085,0.7427885309494622,0.2847682119205298,0.39708609271523176,0.41276306856754924,100.0,100.0,4789,3834,2563,48,6,0,0.010022969304656505,0.001564945226917058,0.0,0.6000000000000001,0.7000000000000001,0.6000000000000001,0.4,65.0,95.0,85.0,0.6000000000000001,0.7000000000000001,0.6000000000000001,0.4,65.0,95.0,85.0,3708,3687,21,3708,0.0056634304207119745,0.658341041118162,1.0,0.658341041118162,1393,0.37781394087333875,1.0,1
"iteration_2","SCOPE_DATA_COLLECTION",1000,3,250.0,310.0,2,5897,3795,1494,5948,3758,1531,5889,3775,1473,9,26,19,0.001525940996948118,0.0068403051828466194,0.012734584450402145,0.3180036170634755,0.6681256571969085,1.1141827964241933,0.636007234126951,0.6681256571969085,0.7427885309494622,0.2847682119205298,0.39708609271523176,0.41276306856754924,100.0,100.0,4789,3834,2563,48,6,0,0.010022969304656505,0.001564945226917058,0.0,0.6000000000000001,0.7000000000000001,0.6000000000000001,0.4,65.0,95.0,85.0,0.6000000000000001,0.7000000000000001,0.6000000000000001,0.4,65.0,95.0,85.0,1520,1497,23,1520,0.015131578947368421,1.1392370019681006,1.5,0.7594913346454004,629,0.4201736806947228,1.0,1
"iteration_2","SCOPE_DATA_COLLECTION",1000,4,310.0,370.0,0,6022,3708,1520,5897,3795,1494,6010,3677,1498,10,21,23,0.0016611295681063123,0.005678745267712277,0.015121630506245891,0.313040307993237,0.657854592603201,1.1440070570685592,0.626080615986474,0.657854592603201,0.7626713713790395,0.278369384359401,0.37693772096818057,0.4225634178905207,97.5,100.0,4704,3897,2649,51,3,0,0.010841836734693877,7.698229407236335E-4,0.0,0.6000000000000001,0.7000000000000001,0.6000000000000001,0.4,65.0,95.0,85.0,0.5,0.6000000000000001,0.6000000000000001,0.4,75.0,85.0,75.0,5904,5822,82,5904,0.013888888888888888,0.32860497646486253,0.5,0.6572099529297251,1696,0.2913088285812436,1.0,1
"iteration_2","SCOPE_DATA_COLLECTION",1000,4,310.0,370.0,1,6022,3708,1520,5897,3795,1494,6010,3677,1498,10,21,23,0.0016611295681063123,0.005678745267712277,0.015121630506245891,0.313040307993237,0.657854592603201,1.1440070570685592,0.626080615986474,0.657854592603201,0.7626713713790395,0.278369384359401,0.37693772096818057,0.4225634178905207,97.5,100.0,4704,3897,2649,51,3,0,0.010841836734693877,7.698229407236335E-4,0.0,0.6000000000000001,0.7000000000000001,0.6000000000000001,0.4,65.0,95.0,85.0,0.5,0.6000000000000001,0.6000000000000001,0.4,75.0,85.0,75.0,3801,3723,78,3801,0.020520915548539857,0.6869924441813705,1.0,0.6869924441813705,1504,0.40397528874563526,1.0,1
"iteration_2","SCOPE_DATA_COLLECTION",1000,4,310.0,370.0,2,6022,3708,1520,5897,3795,1494,6010,3677,1498,10,21,23,0.0016611295681063123,0.005678745267712277,0.015121630506245891,0.313040307993237,0.657854592603201,1.1440070570685592,0.626080615986474,0.657854592603201,0.7626713713790395,0.278369384359401,0.37693772096818057,0.4225634178905207,97.5,100.0,4704,3897,2649,51,3,0,0.010841836734693877,7.698229407236335E-4,0.0,0.6000000000000001,0.7000000000000001,0.6000000000000001,0.4,65.0,95.0,85.0,0.5,0.6000000000000001,0.6000000000000001,0.4,75.0,85.0,75.0,1532,1491,41,1532,0.026762402088772844,1.1391173389816578,1.5,0.7594115593211052,624,0.41851106639839036,1.0,1
"iteration_2","SCOPE_DATA_COLLECTION",1000,5,370.0,430.0,0,5904,3801,1532,6022,3708,1520,5816,3724,1496,82,78,41,0.013903017972193964,0.020515518148342977,0.026675341574495772,0.3278248174303952,0.6857707866122578,1.1382229219463171,0.6556496348607904,0.6857707866122578,0.7588152812975447,0.2895460797799175,0.4035982814178303,0.4184491978609626,100.0,100.0,4742,3268,3227,49,1,151,0.01033319274567693,3.059975520195838E-4,0.04679268670591881,0.5,0.6000000000000001,0.6000000000000001,0.4,75.0,85.0,75.0,0.5,0.6000000000000001,0.6000000000000001,0.4,75.0,85.0,75.0,6072,5954,118,6072,0.019433465085639,0.3435082900864277,0.5,0.6870165801728554,1666,0.27981189116560296,1.0,1
"iteration_2","SCOPE_DATA_COLLECTION",1000,5,370.0,430.0,1,5904,3801,1532,6022,3708,1520,5816,3724,1496,82,78,41,0.013903017972193964,0.020515518148342977,0.026675341574495772,0.3278248174303952,0.6857707866122578,1.1382229219463171,0.6556496348607904,0.6857707866122578,0.7588152812975447,0.2895460797799175,0.4035982814178303,0.4184491978609626,100.0,100.0,4742,3268,3227,49,1,151,0.01033319274567693,3.059975520195838E-4,0.04679268670591881,0.5,0.6000000000000001,0.6000000000000001,0.4,75.0,85.0,75.0,0.5,0.6000000000000001,0.6000000000000001,0.4,75.0,85.0,75.0,3781,3675,106,3781,0.028034911399100765,0.7027549151778738,1.0,0.7027549151778738,1495,0.40680272108843535,1.0,1
"iteration_2","SCOPE_DATA_COLLECTION",1000,5,370.0,430.0,2,5904,3801,1532,6022,3708,1520,5816,3724,1496,82,78,41,0.013903017972193964,0.020515518148342977,0.026675341574495772,0.3278248174303952,0.6857707866122578,1.1382229219463171,0.6556496348607904,0.6857707866122578,0.7588152812975447,0.2895460797799175,0.4035982814178303,0.4184491978609626,100.0,100.0,4742,3268,3227,49,1,151,0.01033319274567693,3.059975520195838E-4,0.04679268670591881,0.5,0.6000000000000001,0.6000000000000001,0.4,75.0,85.0,75.0,0.5,0.6000000000000001,0.6000000000000001,0.4,75.0,85.0,75.0,1549,1498,51,1549,0.0329244673983215,1.179188896891276,1.5,0.7861259312608507,646,0.43124165554072097,1.0,1
"iteration_2","SCOPE_DATA_COLLECTION",1000,6,430.0,490.0,0,6072,3781,1549,5904,3801,1532,5954,3682,1480,118,106,51,0.019433465085639,0.0279831045406547,0.033311561071195296,0.3430272129412115,0.7039561565060586,1.172409619266716,0.686054425882423,0.7039561565060586,0.7816064128444773,0.2804837084313067,0.4084736556219446,0.4283783783783784,100.0,100.0,4765,3284,3353,61,4,210,0.012801678908709339,0.001218026796589525,0.06263048016701461,0.5,0.6000000000000001,0.6000000000000001,0.4,75.0,85.0,75.0,0.6000000000000001,0.7000000000000001,0.6000000000000001,0.4,75.0,85.0,65.0,5948,5939,9,5948,0.0015131136516476126,0.31178155180967254,0.5,0.6235631036193451,1659,0.27933995622158614,1.0,1
"iteration_2","SCOPE_DATA_COLLECTION",1000,6,430.0,490.0,1,6072,3781,1549,5904,3801,1532,5954,3682,1480,118,106,51,0.019433465085639,0.0279831045406547,0.033311561071195296,0.3430272129412115,0.7039561565060586,1.172409619266716,0.686054425882423,0.7039561565060586,0.7816064128444773,0.2804837084313067,0.4084736556219446,0.4283783783783784,100.0,100.0,4765,3284,3353,61,4,210,0.012801678908709339,0.001218026796589525,0.06263048016701461,0.5,0.6000000000000001,0.6000000000000001,0.4,75.0,85.0,75.0,0.6000000000000001,0.7000000000000001,0.6000000000000001,0.4,75.0,85.0,65.0,3889,3865,24,3889,0.0061712522499357166,0.6605576173265388,1.0,0.6605576173265388,1497,0.3873221216041397,1.0,1
"iteration_2","SCOPE_DATA_COLLECTION",1000,6,430.0,490.0,2,6072,3781,1549,5904,3801,1532,5954,3682,1480,118,106,51,0.019433465085639,0.0279831045406547,0.033311561071195296,0.3430272129412115,0.7039561565060586,1.172409619266716,0.686054425882423,0.7039561565060586,0.7816064128444773,0.2804837084313067,0.4084736556219446,0.4283783783783784,100.0,100.0,4765,3284,3353,61,4,210,0.012801678908709339,0.001218026796589525,0.06263048016701461,0.5,0.6000000000000001,0.6000000000000001,0.4,75.0,85.0,75.0,0.6000000000000001,0.7000000000000001,0.6000000000000001,0.4,75.0,85.0,65.0,1520,1502,18,1520,0.011842105263157895,1.12722868021233,1.5,0.75148578680822,631,0.4201065246338216,1.0,1
"iteration_2","SCOPE_DATA_COLLECTION",1000,7,490.0,550.0,0,5948,3889,1520,6072,3781,1549,5939,3872,1504,9,24,18,0.0015131136516476126,0.006160164271047228,0.011826544021024968,0.31175866472816977,0.6604879925282591,1.1286722557518314,0.6235173294563395,0.6604879925282591,0.7524481705012209,0.2790031991917831,0.38713842975206614,0.41888297872340424,100.0,100.0,4739,3993,2625,49,2,0,0.0103397341211226,5.008765339343851E-4,0.0,0.6000000000000001,0.7000000000000001,0.6000000000000001,0.4,75.0,85.0,65.0,0.5,0.6000000000000001,0.6000000000000001,0.30000000000000004,65.0,95.0,65.0,5881,5774,107,5881,0.018194184662472367,0.3313060577271725,0.5,0.662612115454345,1729,0.299445791479044,1.0,1
"iteration_2","SCOPE_DATA_COLLECTION",1000,7,490.0,550.0,1,5948,3889,1520,6072,3781,1549,5939,3872,1504,9,24,18,0.0015131136516476126,0.006160164271047228,0.011826544021024968,0.31175866472816977,0.6604879925282591,1.1286722557518314,0.6235173294563395,0.6604879925282591,0.7524481705012209,0.2790031991917831,0.38713842975206614,0.41888297872340424,100.0,100.0,4739,3993,2625,49,2,0,0.0103397341211226,5.008765339343851E-4,0.0,0.6000000000000001,0.7000000000000001,0.6000000000000001,0.4,75.0,85.0,65.0,0.5,0.6000000000000001,0.6000000000000001,0.30000000000000004,65.0,95.0,65.0,3819,3737,82,3819,0.02147158942131448,0.6773017809895673,1.0,0.6773017809895673,1455,0.38934974578538933,1.0,1
"iteration_2","SCOPE_DATA_COLLECTION",1000,7,490.0,550.0,2,5948,3889,1520,6072,3781,1549,5939,3872,1504,9,24,18,0.0015131136516476126,0.006160164271047228,0.011826544021024968,0.31175866472816977,0.6604879925282591,1.1286722557518314,0.6235173294563395,0.6604879925282591,0.7524481705012209,0.2790031991917831,0.38713842975206614,0.41888297872340424,100.0,100.0,4739,3993,2625,49,2,0,0.0103397341211226,5.008765339343851E-4,0.0,0.6000000000000001,0.7000000000000001,0.6000000000000001,0.4,75.0,85.0,65.0,0.5,0.6000000000000001,0.6000000000000001,0.30000000000000004,65.0,95.0,65.0,1629,1586,43,1629,0.026396562308164517,1.1431889142420222,1.5,0.7621259428280148,670,0.4224464060529634,1.0,1
"iteration_2","SCOPE_DATA_COLLECTION",1000,8,550.0,610.0,0,5881,3819,1629,5948,3889,1520,5781,3718,1584,107,82,43,0.018172554347826088,0.02157894736842105,0.02642901044867855,0.3332524737748112,0.6770783391962178,1.1451360745265664,0.6665049475496224,0.6770783391962178,0.7634240496843776,0.30185089084933403,0.38891877353415816,0.42487373737373735,100.0,100.0,4708,3336,3285,52,3,177,0.011045029736618521,8.992805755395684E-4,0.053881278538812784,0.5,0.6000000000000001,0.6000000000000001,0.30000000000000004,65.0,95.0,65.0,0.5,0.6000000000000001,0.7000000000000001,0.4,65.0,85.0,75.0,6023,5961,62,6023,0.010293873484974266,0.33470352909176354,0.5,0.6694070581835271,1723,0.2890454621707767,1.0,1
"iteration_2","SCOPE_DATA_COLLECTION",1000,8,550.0,610.0,1,5881,3819,1629,5948,3889,1520,5781,3718,1584,107,82,43,0.018172554347826088,0.02157894736842105,0.02642901044867855,0.3332524737748112,0.6770783391962178,1.1451360745265664,0.6665049475496224,0.6770783391962178,0.7634240496843776,0.30185089084933403,0.38891877353415816,0.42487373737373735,100.0,100.0,4708,3336,3285,52,3,177,0.011045029736618521,8.992805755395684E-4,0.053881278538812784,0.5,0.6000000000000001,0.6000000000000001,0.30000000000000004,65.0,95.0,65.0,0.5,0.6000000000000001,0.7000000000000001,0.4,65.0,85.0,75.0,3867,3818,49,3867,0.012671321437807085,0.6948313236974886,1.0,0.6948313236974886,1513,0.3962807752750131,1.0,1
"iteration_2","SCOPE_DATA_COLLECTION",1000,8,550.0,610.0,2,5881,3819,1629,5948,3889,1520,5781,3718,1584,107,82,43,0.018172554347826088,0.02157894736842105,0.02642901044867855,0.3332524737748112,0.6770783391962178,1.1451360745265664,0.6665049475496224,0.6770783391962178,0.7634240496843776,0.30185089084933403,0.38891877353415816,0.42487373737373735,100.0,100.0,4708,3336,3285,52,3,177,0.011045029736618521,8.992805755395684E-4,0.053881278538812784,0.5,0.6000000000000001,0.6000000000000001,0.30000000000000004,65.0,95.0,65.0,0.5,0.6000000000000001,0.7000000000000001,0.4,65.0,85.0,75.0,1569,1531,38,1569,0.024219247928616953,1.1269202560001277,1.5,0.7512801706667518,620,0.40496407576747223,1.0,1
"iteration_2","SCOPE_DATA_COLLECTION",1000,9,610.0,670.0,0,6023,3867,1569,5881,3819,1629,5964,3829,1542,59,45,35,0.00979578283247551,0.011615900877645843,0.02219403931515536,0.3339190374763709,0.694033736314952,1.1263071450516493,0.6678380749527418,0.694033736314952,0.7508714300344329,0.2880617035546613,0.39566466440323844,0.4040207522697795,100.0,100.0,4757,3327,3375,52,6,81,0.010931259196972883,0.0018034265103697023,0.024,0.5,0.6000000000000001,0.7000000000000001,0.4,65.0,85.0,75.0,0.6000000000000001,0.7000000000000001,0.7000000000000001,0.4,65.0,85.0,85.0,5941,5917,24,5941,0.0040397239521966,0.3103893608241412,0.5,0.6207787216482824,1652,0.27919553827953353,1.0,1
"iteration_2","SCOPE_DATA_COLLECTION",1000,9,610.0,670.0,1,6023,3867,1569,5881,3819,1629,5964,3829,1542,59,45,35,0.00979578283247551,0.011615900877645843,0.02219403931515536,0.3339190374763709,0.694033736314952,1.1263071450516493,0.6678380749527418,0.694033736314952,0.7508714300344329,0.2880617035546613,0.39566466440323844,0.4040207522697795,100.0,100.0,4757,3327,3375,52,6,81,0.010931259196972883,0.0018034265103697023,0.024,0.5,0.6000000000000001,0.7000000000000001,0.4,65.0,85.0,75.0,0.6000000000000001,0.7000000000000001,0.7000000000000001,0.4,65.0,85.0,85.0,3910,3867,43,3910,0.010997442455242966,0.6698020133119955,1.0,0.6698020133119955,1513,0.39125937419188,1.0,1
"iteration_2","SCOPE_DATA_COLLECTION",1000,9,610.0,670.0,2,6023,3867,1569,5881,3819,1629,5964,3829,1542,59,45,35,0.00979578283247551,0.011615900877645843,0.02219403931515536,0.3339190374763709,0.694033736314952,1.1263071450516493,0.6678380749527418,0.694033736314952,0.7508714300344329,0.2880617035546613,0.39566466440323844,0.4040207522697795,100.0,100.0,4757,3327,3375,52,6,81,0.010931259196972883,0.0018034265103697023,0.024,0.5,0.6000000000000001,0.7000000000000001,0.4,65.0,85.0,75.0,0.6000000000000001,0.7000000000000001,0.7000000000000001,0.4,65.0,85.0,85.0,1550,1532,18,1550,0.011612903225806452,1.1102391849837934,1.5,0.7401594566558622,622,0.40600522193211486,1.0,1
"iteration_2","SCOPE_DATA_COLLECTION",1000,10,670.0,730.0,0,5941,3910,1550,6023,3867,1569,5897,3859,1531,27,47,21,0.004557731262660365,0.012032770097286226,0.013530927835051547,0.3099054690738822,0.6692572227413753,1.1120163065572333,0.6198109381477644,0.6692572227413753,0.7413442043714888,0.278785823299983,0.39077481212749415,0.4075767472240366,100.0,100.0,4737,4020,2644,49,3,43,0.010344099641123074,7.462686567164179E-4,0.01626323751891074,0.6000000000000001,0.7000000000000001,0.7000000000000001,0.4,65.0,85.0,85.0,0.6000000000000001,0.7000000000000001,0.8,0.5,75.0,95.0,95.0,5894,5870,24,5894,0.0040719375636240245,0.3168096802492883,0.5,0.6336193604985766,1654,0.2817717206132879,1.0,1
"iteration_2","SCOPE_DATA_COLLECTION",1000,10,670.0,730.0,1,5941,3910,1550,6023,3867,1569,5897,3859,1531,27,47,21,0.004557731262660365,0.012032770097286226,0.013530927835051547,0.3099054690738822,0.6692572227413753,1.1120163065572333,0.6198109381477644,0.6692572227413753,0.7413442043714888,0.278785823299983,0.39077481212749415,0.4075767472240366,100.0,100.0,4737,4020,2644,49,3,43,0.010344099641123074,7.462686567164179E-4,0.01626323751891074,0.6000000000000001,0.7000000000000001,0.7000000000000001,0.4,65.0,85.0,85.0,0.6000000000000001,0.7000000000000001,0.8,0.5,75.0,95.0,95.0,3883,3861,22,3883,0.0056657223796034,0.6693194090393585,1.0,0.6693194090393585,1523,0.3944573944573945,1.0,1
"iteration_2","SCOPE_DATA_COLLECTION",1000,10,670.0,730.0,2,5941,3910,1550,6023,3867,1569,5897,3859,1531,27,47,21,0.004557731262660365,0.012032770097286226,0.013530927835051547,0.3099054690738822,0.6692572227413753,1.1120163065572333,0.6198109381477644,0.6692572227413753,0.7413442043714888,0.278785823299983,0.39077481212749415,0.4075767472240366,100.0,100.0,4737,4020,2644,49,3,43,0.010344099641123074,7.462686567164179E-4,0.01626323751891074,0.6000000000000001,0.7000000000000001,0.7000000000000001,0.4,65.0,85.0,85.0,0.6000000000000001,0.7000000000000001,0.8,0.5,75.0,95.0,95.0,1527,1510,17,1527,0.011132940406024885,1.128975381022791,1.5,0.7526502540151939,626,0.41456953642384103,1.0,1
"iteration_2","SCOPE_DATA_COLLECTION",1000,11,730.0,790.0,0,5894,3883,1527,5941,3910,1550,5888,3875,1506,24,22,17,0.0040595399188092015,0.0056453682319733125,0.011162179908076166,0.3174105587727754,0.6720190236102128,1.1254672491889388,0.6348211175455508,0.6720190236102128,0.7503114994592925,0.2820991847826087,0.39561290322580644,0.4123505976095618,100.0,100.0,4748,3909,2647,35,6,22,0.007371524852569503,0.0015349194167306216,0.00831129580657348,0.6000000000000001,0.7000000000000001,0.8,0.5,75.0,95.0,95.0,0.5,0.8,0.7000000000000001,0.4,65.0,85.0,95.0,5947,5853,94,5947,0.01580628888515218,0.3201646691938518,0.5,0.6403293383877036,1571,0.2684093627199727,1.0,1
"iteration_2","SCOPE_DATA_COLLECTION",1000,11,730.0,790.0,1,5894,3883,1527,5941,3910,1550,5888,3875,1506,24,22,17,0.0040595399188092015,0.0056453682319733125,0.011162179908076166,0.3174105587727754,0.6720190236102128,1.1254672491889388,0.6348211175455508,0.6720190236102128,0.7503114994592925,0.2820991847826087,0.39561290322580644,0.4123505976095618,100.0,100.0,4748,3909,2647,35,6,22,0.007371524852569503,0.0015349194167306216,0.00831129580657348,0.6000000000000001,0.7000000000000001,0.8,0.5,75.0,95.0,95.0,0.5,0.8,0.7000000000000001,0.4,65.0,85.0,95.0,3883,3823,60,3883,0.01545197012619109,0.6661682368573413,1.0,0.6661682368573413,1464,0.38294533089196964,1.0,1
"iteration_2","SCOPE_DATA_COLLECTION",1000,11,730.0,790.0,2,5894,3883,1527,5941,3910,1550,5888,3875,1506,24,22,17,0.0040595399188092015,0.0056453682319733125,0.011162179908076166,0.3174105587727754,0.6720190236102128,1.1254672491889388,0.6348211175455508,0.6720190236102128,0.7503114994592925,0.2820991847826087,0.39561290322580644,0.4123505976095618,100.0,100.0,4748,3909,2647,35,6,22,0.007371524852569503,0.0015349194167306216,0.00831129580657348,0.6000000000000001,0.7000000000000001,0.8,0.5,75.0,95.0,95.0,0.5,0.8,0.7000000000000001,0.4,65.0,85.0,95.0,1569,1522,47,1569,0.02995538559592097,1.1125220948933452,1.5,0.7416813965955634,620,0.4073587385019711,1.0,1
"iteration_2","SCOPE_DATA_COLLECTION",1000,12,790.0,850.0,0,5947,3883,1569,5894,3883,1527,5858,3812,1522,94,60,47,0.015793010752688172,0.015495867768595042,0.02995538559592097,0.32048516228806484,0.665858891791221,1.1155120565307768,0.6409703245761297,0.665858891791221,0.7436747043538512,0.2695459201092523,0.38352570828961174,0.40867279894875164,100.0,100.0,4688,3357,3354,46,6,149,0.009812286689419795,0.0017873100983020554,0.04442456768038163,0.5,0.8,0.7000000000000001,0.4,65.0,85.0,95.0,0.5,0.8,0.6000000000000001,0.4,75.0,75.0,95.0,6043,5930,113,6043,0.018699321529041867,0.3233201539206346,0.5,0.6466403078412692,1674,0.28229342327150087,1.0,1
"iteration_2","SCOPE_DATA_COLLECTION",1000,12,790.0,850.0,1,5947,3883,1569,5894,3883,1527,5858,3812,1522,94,60,47,0.015793010752688172,0.015495867768595042,0.02995538559592097,0.32048516228806484,0.665858891791221,1.1155120565307768,0.6409703245761297,0.665858891791221,0.7436747043538512,0.2695459201092523,0.38352570828961174,0.40867279894875164,100.0,100.0,4688,3357,3354,46,6,149,0.009812286689419795,0.0017873100983020554,0.04442456768038163,0.5,0.8,0.7000000000000001,0.4,65.0,85.0,95.0,0.5,0.8,0.6000000000000001,0.4,75.0,75.0,95.0,3744,3678,66,3744,0.017628205128205128,0.671072229349355,1.0,0.671072229349355,1475,0.4010331702011963,1.0,1
"iteration_2","SCOPE_DATA_COLLECTION",1000,12,790.0,850.0,2,5947,3883,1569,5894,3883,1527,5858,3812,1522,94,60,47,0.015793010752688172,0.015495867768595042,0.02995538559592097,0.32048516228806484,0.665858891791221,1.1155120565307768,0.6409703245761297,0.665858891791221,0.7436747043538512,0.2695459201092523,0.38352570828961174,0.40867279894875164,100.0,100.0,4688,3357,3354,46,6,149,0.009812286689419795,0.0017873100983020554,0.04442456768038163,0.5,0.8,0.7000000000000001,0.4,65.0,85.0,95.0,0.5,0.8,0.6000000000000001,0.4,75.0,75.0,95.0,1499,1452,47,1499,0.03135423615743829,1.1686361439278388,1.5,0.7790907626185591,636,0.4380165289256198,1.0,1
"iteration_2","SCOPE_DATA_COLLECTION",1000,13,850.0,910.0,0,6043,3744,1499,5947,3883,1569,5923,3680,1454,113,66,47,0.01872100728959576,0.01761879337960491,0.0313124583610926,0.3226554033784654,0.6697283874454988,1.1697426910663735,0.6453108067569308,0.6697283874454988,0.7798284607109157,0.28110754685125783,0.39918478260869567,0.43810178817056394,97.5,100.0,4726,3279,3281,41,1,184,0.008675412611087601,3.049710277523635E-4,0.05608046327339226,0.5,0.8,0.6000000000000001,0.4,75.0,75.0,95.0,0.5,0.8,0.6000000000000001,0.4,75.0,75.0,95.0,5989,5953,36,5989,0.006011020203706796,0.33549134619752463,0.5,0.6709826923950493,1716,0.28825802116579874,1.0,1
"iteration_2","SCOPE_DATA_COLLECTION",1000,13,850.0,910.0,1,6043,3744,1499,5947,3883,1569,5923,3680,1454,113,66,47,0.01872100728959576,0.01761879337960491,0.0313124583610926,0.3226554033784654,0.6697283874454988,1.1697426910663735,0.6453108067569308,0.6697283874454988,0.7798284607109157,0.28110754685125783,0.39918478260869567,0.43810178817056394,97.5,100.0,4726,3279,3281,41,1,184,0.008675412611087601,3.049710277523635E-4,0.05608046327339226,0.5,0.8,0.6000000000000001,0.4,75.0,75.0,95.0,0.5,0.8,0.6000000000000001,0.4,75.0,75.0,95.0,3835,3805,30,3835,0.007822685788787484,0.6838698797357767,1.0,0.6838698797357767,1470,0.38633377135348224,1.0,1
"iteration_2","SCOPE_DATA_COLLECTION",1000,13,850.0,910.0,2,6043,3744,1499,5947,3883,1569,5923,3680,1454,113,66,47,0.01872100728959576,0.01761879337960491,0.0313124583610926,0.3226554033784654,0.6697283874454988,1.1697426910663735,0.6453108067569308,0.6697283874454988,0.7798284607109157,0.28110754685125783,0.39918478260869567,0.43810178817056394,97.5,100.0,4726,3279,3281,41,1,184,0.008675412611087601,3.049710277523635E-4,0.05608046327339226,0.5,0.8,0.6000000000000001,0.4,75.0,75.0,95.0,0.5,0.8,0.6000000000000001,0.4,75.0,75.0,95.0,1566,1536,30,1566,0.019157088122605363,1.1483106357659123,1.5,0.7655404238439415,645,0.419921875,1.0,1
"iteration_2","SCOPE_DATA_COLLECTION",1000,14,910.0,970.0,0,5989,3835,1566,6043,3744,1499,5946,3793,1541,36,30,30,0.006018054162487462,0.007847240387130526,0.019096117122851686,0.3354652352128421,0.6817024749088223,1.1524081160744977,0.6709304704256842,0.6817024749088223,0.7682720773829984,0.28809283551967707,0.385183232269971,0.4224529526281635,100.0,100.0,4726,3296,3368,40,4,52,0.008463817181548879,0.0012135922330097086,0.015439429928741092,0.5,0.8,0.6000000000000001,0.4,75.0,75.0,95.0,0.05,0.1,0.1,0.5,45.0,95.0,85.0,5965,2996,2969,5965,0.49773679798826487,0.47711881372007386,0.5,0.9542376274401477,1367,0.4562750333778371,1.0,1
"iteration_2","SCOPE_DATA_COLLECTION",1000,14,910.0,970.0,1,5989,3835,1566,6043,3744,1499,5946,3793,1541,36,30,30,0.006018054162487462,0.007847240387130526,0.019096117122851686,0.3354652352128421,0.6817024749088223,1.1524081160744977,0.6709304704256842,0.6817024749088223,0.7682720773829984,0.28809283551967707,0.385183232269971,0.4224529526281635,100.0,100.0,4726,3296,3368,40,4,52,0.008463817181548879,0.0012135922330097086,0.015439429928741092,0.5,0.8,0.6000000000000001,0.4,75.0,75.0,95.0,0.05,0.1,0.1,0.5,45.0,95.0,85.0,3815,1922,1893,3815,0.4961992136304063,1.112657149904036,1.0,1.112657149904036,1550,0.8064516129032258,1.0,1
"iteration_2","SCOPE_DATA_COLLECTION",1000,14,910.0,970.0,2,5989,3835,1566,6043,3744,1499,5946,3793,1541,36,30,30,0.006018054162487462,0.007847240387130526,0.019096117122851686,0.3354652352128421,0.6817024749088223,1.1524081160744977,0.6709304704256842,0.6817024749088223,0.7682720773829984,0.28809283551967707,0.385183232269971,0.4224529526281635,100.0,100.0,4726,3296,3368,40,4,52,0.008463817181548879,0.0012135922330097086,0.015439429928741092,0.5,0.8,0.6000000000000001,0.4,75.0,75.0,95.0,0.05,0.1,0.1,0.5,45.0,95.0,85.0,1495,733,762,1495,0.5096989966555184,1.8905386142357923,1.5,1.2603590761571948,627,0.8553888130968622,1.0,1
"iteration_2","SCOPE_DATA_COLLECTION",1000,15,970.0,1030.0,0,5965,3815,1495,5989,3835,1566,3008,1944,730,2969,1893,762,0.4967374937259495,0.49335418295543393,0.5107238605898123,0.47755615850052074,1.1108879652709447,1.87936594555587,0.9551123170010415,1.1108879652709447,1.25291063037058,0.4564494680851064,0.8050411522633745,0.8479452054794521,100.0,100.0,4906,305,6064,27,0,5597,0.00550346514472075,0.0,0.9229881266490765,0.05,0.1,0.1,0.5,45.0,95.0,85.0,0.05,0.2,0.1,0.4,45.0,85.0,85.0,5819,2842,2977,5819,0.5115999312596666,0.4960248049025814,0.5,0.9920496098051628,1315,0.46270232230823366,1.0,1
"iteration_2","SCOPE_DATA_COLLECTION",1000,15,970.0,1030.0,1,5965,3815,1495,5989,3835,1566,3008,1944,730,2969,1893,762,0.4967374937259495,0.49335418295543393,0.5107238605898123,0.47755615850052074,1.1108879652709447,1.87936594555587,0.9551123170010415,1.1108879652709447,1.25291063037058,0.4564494680851064,0.8050411522633745,0.8479452054794521,100.0,100.0,4906,305,6064,27,0,5597,0.00550346514472075,0.0,0.9229881266490765,0.05,0.1,0.1,0.5,45.0,95.0,85.0,0.05,0.2,0.1,0.4,45.0,85.0,85.0,3936,1957,1979,3936,0.5027947154471545,1.0976945837330623,1.0,1.0976945837330623,1557,0.7956055186509964,1.0,1
"iteration_2","SCOPE_DATA_COLLECTION",1000,15,970.0,1030.0,2,5965,3815,1495,5989,3835,1566,3008,1944,730,2969,1893,762,0.4967374937259495,0.49335418295543393,0.5107238605898123,0.47755615850052074,1.1108879652709447,1.87936594555587,0.9551123170010415,1.1108879652709447,1.25291063037058,0.4564494680851064,0.8050411522633745,0.8479452054794521,100.0,100.0,4906,305,6064,27,0,5597,0.00550346514472075,0.0,0.9229881266490765,0.05,0.1,0.1,0.5,45.0,95.0,85.0,0.05,0.2,0.1,0.4,45.0,85.0,85.0,1521,722,799,1521,0.5253122945430638,1.9563001555152544,1.5,1.3042001036768363,631,0.8739612188365651,1.0,1
"iteration_2","SCOPE_DATA_COLLECTION",1000,16,1030.0,1090.0,0,5819,3936,1521,5965,3815,1495,2836,1954,731,2977,1979,799,0.5121279889901944,0.5031782354436817,0.5222222222222223,0.49584756602302843,1.0998800986517456,1.9543985747191452,0.9916951320460569,1.0998800986517456,1.3029323831460968,0.46297602256699577,0.7947799385875128,0.8741450068399452,97.5,100.0,4738,302,6236,14,0,5741,0.0029548332629801602,0.0,0.9206221937139192,0.05,0.2,0.1,0.4,45.0,85.0,85.0,0.9500000000000001,0.1,0.1,0.7000000000000001,40.0,45.0,35.0,5927,5920,7,5927,0.001181035937236376,0.2941688937235414,0.5,0.5883377874470828,1343,0.2268581081081081,1.0,1
"iteration_2","SCOPE_DATA_COLLECTION",1000,16,1030.0,1090.0,1,5819,3936,1521,5965,3815,1495,2836,1954,731,2977,1979,799,0.5121279889901944,0.5031782354436817,0.5222222222222223,0.49584756602302843,1.0998800986517456,1.9543985747191452,0.9916951320460569,1.0998800986517456,1.3029323831460968,0.46297602256699577,0.7947799385875128,0.8741450068399452,97.5,100.0,4738,302,6236,14,0,5741,0.0029548332629801602,0.0,0.9206221937139192,0.05,0.2,0.1,0.4,45.0,85.0,85.0,0.9500000000000001,0.1,0.1,0.7000000000000001,40.0,45.0,35.0,3723,3713,10,3723,0.0026860059092130005,0.65507165161646,1.0,0.65507165161646,1492,0.4018314031780232,1.0,1
"iteration_2","SCOPE_DATA_COLLECTION",1000,16,1030.0,1090.0,2,5819,3936,1521,5965,3815,1495,2836,1954,731,2977,1979,799,0.5121279889901944,0.5031782354436817,0.5222222222222223,0.49584756602302843,1.0998800986517456,1.9543985747191452,0.9916951320460569,1.0998800986517456,1.3029323831460968,0.46297602256699577,0.7947799385875128,0.8741450068399452,97.5,100.0,4738,302,6236,14,0,5741,0.0029548332629801602,0.0,0.9206221937139192,0.05,0.2,0.1,0.4,45.0,85.0,85.0,0.9500000000000001,0.1,0.1,0.7000000000000001,40.0,45.0,35.0,1542,1524,18,1542,0.011673151750972763,1.145533395705219,1.5,0.763688930470146,670,0.43963254593175854,1.0,1
"iteration_2","SCOPE_DATA_COLLECTION",1000,17,1090.0,1150.0,0,5927,3723,1542,5819,3936,1521,5917,3701,1513,7,10,18,0.0011816340310600946,0.0026946914578280788,0.011757021554539516,0.294337891177946,0.6543889983579573,1.1513514181129645,0.588675782355892,0.6543889983579573,0.7675676120753097,0.22731113740070982,0.40205349905430965,0.44282881692002646,97.5,100.0,4800,6066,326,29,5,1,0.0060416666666666665,8.242664029014178E-4,0.003067484662576687,0.9500000000000001,0.1,0.1,0.7000000000000001,40.0,45.0,35.0,0.30000000000000004,0.1,0.1,0.4,50.0,30.0,25.0,5936,4861,1075,5936,0.18109838274932616,0.38263747238139156,0.5,0.7652749447627831,1471,0.30261263114585474,1.0,1
"iteration_2","SCOPE_DATA_COLLECTION",1000,17,1090.0,1150.0,1,5927,3723,1542,5819,3936,1521,5917,3701,1513,7,10,18,0.0011816340310600946,0.0026946914578280788,0.011757021554539516,0.294337891177946,0.6543889983579573,1.1513514181129645,0.588675782355892,0.6543889983579573,0.7675676120753097,0.22731113740070982,0.40205349905430965,0.44282881692002646,97.5,100.0,4800,6066,326,29,5,1,0.0060416666666666665,8.242664029014178E-4,0.003067484662576687,0.9500000000000001,0.1,0.1,0.7000000000000001,40.0,45.0,35.0,0.30000000000000004,0.1,0.1,0.4,50.0,30.0,25.0,3860,3120,740,3860,0.19170984455958548,0.8026714998179609,1.0,0.8026714998179609,1580,0.5064102564102564,1.0,1
"iteration_2","SCOPE_DATA_COLLECTION",1000,17,1090.0,1150.0,2,5927,3723,1542,5819,3936,1521,5917,3701,1513,7,10,18,0.0011816340310600946,0.0026946914578280788,0.011757021554539516,0.294337891177946,0.6543889983579573,1.1513514181129645,0.588675782355892,0.6543889983579573,0.7675676120753097,0.22731113740070982,0.40205349905430965,0.44282881692002646,97.5,100.0,4800,6066,326,29,5,1,0.0060416666666666665,8.242664029014178E-4,0.003067484662576687,0.9500000000000001,0.1,0.1,0.7000000000000001,40.0,45.0,35.0,0.30000000000000004,0.1,0.1,0.4,50.0,30.0,25.0,1554,1241,313,1554,0.20141570141570142,1.3176523989698172,1.5,0.8784349326465448,654,0.5269943593875906,1.0,1
"iteration_2","SCOPE_DATA_COLLECTION",1000,18,1150.0,1210.0,0,5936,3860,1554,5927,3723,1542,4853,3129,1242,1075,740,313,0.18134278002699056,0.19126389247867667,0.2012861736334405,0.38300565608200504,0.8066661106264371,1.3105758775733782,0.7660113121640101,0.8066661106264371,0.8737172517155855,0.302699361219864,0.5100671140939598,0.5217391304347826,100.0,100.0,4923,1916,4511,19,1,2108,0.00385943530367662,5.219206680584551E-4,0.46730215029926847,0.30000000000000004,0.1,0.1,0.4,50.0,30.0,25.0,0.30000000000000004,0.1,0.2,0.30000000000000004,40.0,20.0,20.0,5909,5043,866,5909,0.1465561008630902,0.3937185634280544,0.5,0.7874371268561088,1493,0.29605393614911757,1.0,1
"iteration_2","SCOPE_DATA_COLLECTION",1000,18,1150.0,1210.0,1,5936,3860,1554,5927,3723,1542,4853,3129,1242,1075,740,313,0.18134278002699056,0.19126389247867667,0.2012861736334405,0.38300565608200504,0.8066661106264371,1.3105758775733782,0.7660113121640101,0.8066661106264371,0.8737172517155855,0.302699361219864,0.5100671140939598,0.5217391304347826,100.0,100.0,4923,1916,4511,19,1,2108,0.00385943530367662,5.219206680584551E-4,0.46730215029926847,0.30000000000000004,0.1,0.1,0.4,50.0,30.0,25.0,0.30000000000000004,0.1,0.2,0.30000000000000004,40.0,20.0,20.0,3752,3176,576,3752,0.1535181236673774,0.8139495442142902,1.0,0.8139495442142902,1563,0.49212846347607053,1.0,1
"iteration_2","SCOPE_DATA_COLLECTION",1000,18,1150.0,1210.0,2,5936,3860,1554,5927,3723,1542,4853,3129,1242,1075,740,313,0.18134278002699056,0.19126389247867667,0.2012861736334405,0.38300565608200504,0.8066661106264371,1.3105758775733782,0.7660113121640101,0.8066661106264371,0.8737172517155855,0.302699361219864,0.5100671140939598,0.5217391304347826,100.0,100.0,4923,1916,4511,19,1,2108,0.00385943530367662,5.219206680584551E-4,0.46730215029926847,0.30000000000000004,0.1,0.1,0.4,50.0,30.0,25.0,0.30000000000000004,0.1,0.2,0.30000000000000004,40.0,20.0,20.0,1539,1256,283,1539,0.1838856400259909,1.389862553099119,1.5,0.9265750353994128,678,0.5398089171974523,1.0,1
"iteration_2","SCOPE_DATA_COLLECTION",1000,19,1210.0,1270.0,0,5909,3752,1539,5936,3860,1554,5046,3173,1248,866,576,283,0.14648173207036536,0.15364097092558016,0.18484650555192683,0.38098488984600254,0.7946205260397056,1.3671769625467294,0.7619697796920051,0.7946205260397056,0.9114513083644863,0.29369797859690844,0.4875512133627482,0.5360576923076923,100.0,100.0,4833,1970,4397,35,1,1689,0.007241878750258638,5.076142131979696E-4,0.38412554014100525,0.30000000000000004,0.1,0.2,0.30000000000000004,40.0,20.0,20.0,0.30000000000000004,0.2,0.1,0.4,40.0,20.0,20.0,5873,4863,1010,5873,0.171973437766048,0.38038663094675373,0.5,0.7607732618935075,1416,0.2911782850092535,1.0,1
"iteration_2","SCOPE_DATA_COLLECTION",1000,19,1210.0,1270.0,1,5909,3752,1539,5936,3860,1554,5046,3173,1248,866,576,283,0.14648173207036536,0.15364097092558016,0.18484650555192683,0.38098488984600254,0.7946205260397056,1.3671769625467294,0.7619697796920051,0.7946205260397056,0.9114513083644863,0.29369797859690844,0.4875512133627482,0.5360576923076923,100.0,100.0,4833,1970,4397,35,1,1689,0.007241878750258638,5.076142131979696E-4,0.38412554014100525,0.30000000000000004,0.1,0.2,0.30000000000000004,40.0,20.0,20.0,0.30000000000000004,0.2,0.1,0.4,40.0,20.0,20.0,3820,3151,669,3820,0.17513089005235602,0.7616036749327746,1.0,0.7616036749327746,1502,0.4766740717232625,1.0,1
"iteration_2","SCOPE_DATA_COLLECTION",1000,19,1210.0,1270.0,2,5909,3752,1539,5936,3860,1554,5046,3173,1248,866,576,283,0.14648173207036536,0.15364097092558016,0.18484650555192683,0.38098488984600254,0.7946205260397056,1.3671769625467294,0.7619697796920051,0.7946205260397056,0.9114513083644863,0.29369797859690844,0.4875512133627482,0.5360576923076923,100.0,100.0,4833,1970,4397,35,1,1689,0.007241878750258638,5.076142131979696E-4,0.38412554014100525,0.30000000000000004,0.1,0.2,0.30000000000000004,40.0,20.0,20.0,0.30000000000000004,0.2,0.1,0.4,40.0,20.0,20.0,1571,1271,300,1571,0.19096117122851686,1.3201531516962073,1.5,0.8801021011308049,660,0.5192761605035405,1.0,1
"iteration_2","SCOPE_DATA_COLLECTION",1000,20,1270.0,1330.0,0,5873,3820,1571,5909,3752,1539,4867,3169,1280,1010,669,300,0.171856389314276,0.17430953621677958,0.189873417721519,0.3929999229130641,0.7799189129562574,1.3373756578883884,0.7859998458261283,0.7799189129562574,0.8915837719255922,0.29258269981508117,0.4799621331650363,0.521875,100.0,100.0,4692,2019,4553,10,3,1966,0.002131287297527707,0.0014858841010401188,0.4318032066769163,0.30000000000000004,0.2,0.1,0.4,40.0,20.0,20.0,0.30000000000000004,0.2,0.1,0.4,50.0,30.0,20.0,5954,5004,950,5954,0.15955660060463553,0.400739247582214,0.5,0.801478495164428,1571,0.31394884092725817,1.0,1
"iteration_2","SCOPE_DATA_COLLECTION",1000,20,1270.0,1330.0,1,5873,3820,1571,5909,3752,1539,4867,3169,1280,1010,669,300,0.171856389314276,0.17430953621677958,0.189873417721519,0.3929999229130641,0.7799189129562574,1.3373756578883884,0.7859998458261283,0.7799189129562574,0.8915837719255922,0.29258269981508117,0.4799621331650363,0.521875,100.0,100.0,4692,2019,4553,10,3,1966,0.002131287297527707,0.0014858841010401188,0.4318032066769163,0.30000000000000004,0.2,0.1,0.4,40.0,20.0,20.0,0.30000000000000004,0.2,0.1,0.4,50.0,30.0,20.0,3820,3194,626,3820,0.16387434554973823,0.7980721459808844,1.0,0.7980721459808844,1591,0.4981214777708203,1.0,1
"iteration_2","SCOPE_DATA_COLLECTION",1000,20,1270.0,1330.0,2,5873,3820,1571,5909,3752,1539,4867,3169,1280,1010,669,300,0.171856389314276,0.17430953621677958,0.189873417721519,0.3929999229130641,0.7799189129562574,1.3373756578883884,0.7859998458261283,0.7799189129562574,0.8915837719255922,0.29258269981508117,0.4799621331650363,0.521875,100.0,100.0,4692,2019,4553,10,3,1966,0.002131287297527707,0.0014858841010401188,0.4318032066769163,0.30000000000000004,0.2,0.1,0.4,40.0,20.0,20.0,0.30000000000000004,0.2,0.1,0.4,50.0,30.0,20.0,1488,1203,285,1488,0.19153225806451613,1.331650992699552,1.5,0.887767328466368,628,0.5220282626766417,1.0,1
"iteration_2","SCOPE_DATA_COLLECTION",1000,21,1330.0,1390.0,0,5954,3820,1488,5873,3820,1571,4995,3175,1198,950,626,285,0.159798149705635,0.1646935017100763,0.19217801753202968,0.3999130687932839,0.7980209991391484,1.3391389732785077,0.7998261375865678,0.7980209991391484,0.8927593155190051,0.3121121121121121,0.49984251968503934,0.5267111853088481,97.5,100.0,4842,1911,4509,25,0,1836,0.005163155720776538,0.0,0.40718562874251496,0.30000000000000004,0.2,0.1,0.4,50.0,30.0,20.0,0.2,0.1,0.1,0.4,50.0,30.0,20.0,5809,4349,1460,5809,0.25133413668445514,0.4079614392647589,0.5,0.8159228785295178,1328,0.30535755346056564,1.0,1
"iteration_2","SCOPE_DATA_COLLECTION",1000,21,1330.0,1390.0,1,5954,3820,1488,5873,3820,1571,4995,3175,1198,950,626,285,0.159798149705635,0.1646935017100763,0.19217801753202968,0.3999130687932839,0.7980209991391484,1.3391389732785077,0.7998261375865678,0.7980209991391484,0.8927593155190051,0.3121121121121121,0.49984251968503934,0.5267111853088481,97.5,100.0,4842,1911,4509,25,0,1836,0.005163155720776538,0.0,0.40718562874251496,0.30000000000000004,0.2,0.1,0.4,50.0,30.0,20.0,0.2,0.1,0.1,0.4,50.0,30.0,20.0,3766,2811,955,3766,0.2535847052575677,0.8728242104689259,1.0,0.8728242104689259,1555,0.5531839203130559,1.0,1
"iteration_2","SCOPE_DATA_COLLECTION",1000,21,1330.0,1390.0,2,5954,3820,1488,5873,3820,1571,4995,3175,1198,950,626,285,0.159798149705635,0.1646935017100763,0.19217801753202968,0.3999130687932839,0.7980209991391484,1.3391389732785077,0.7998261375865678,0.7980209991391484,0.8927593155190051,0.3121121121121121,0.49984251968503934,0.5267111853088481,97.5,100.0,4842,1911,4509,25,0,1836,0.005163155720776538,0.0,0.40718562874251496,0.30000000000000004,0.2,0.1,0.4,50.0,30.0,20.0,0.2,0.1,0.1,0.4,50.0,30.0,20.0,1487,1078,409,1487,0.2750504371217216,1.4928778095938882,1.5,0.9952518730625921,664,0.6159554730983302,1.0,1
"iteration_2","SCOPE_DATA_COLLECTION",1000,22,1390.0,1450.0,0,5809,3766,1487,5954,3820,1488,4357,2815,1075,1460,955,409,0.25098848203541346,0.253315649867374,0.2756064690026954,0.4092543104395796,0.8709867397730298,1.489822860317837,0.8185086208791592,0.8709867397730298,0.9932152402118913,0.3091576773008951,0.5492007104795738,0.6120930232558139,100.0,100.0,4802,1273,4987,19,0,2805,0.003956684714702207,0.0,0.5624624022458392,0.2,0.1,0.1,0.4,50.0,30.0,20.0,0.5,0.9,0.2,0.4,70.0,25.0,80.0,5934,5901,33,5934,0.005561172901921132,0.32886739663969516,0.5,0.6577347932793903,1734,0.2938485002541942,1.0,1
"iteration_2","SCOPE_DATA_COLLECTION",1000,22,1390.0,1450.0,1,5809,3766,1487,5954,3820,1488,4357,2815,1075,1460,955,409,0.25098848203541346,0.253315649867374,0.2756064690026954,0.4092543104395796,0.8709867397730298,1.489822860317837,0.8185086208791592,0.8709867397730298,0.9932152402118913,0.3091576773008951,0.5492007104795738,0.6120930232558139,100.0,100.0,4802,1273,4987,19,0,2805,0.003956684714702207,0.0,0.5624624022458392,0.2,0.1,0.1,0.4,50.0,30.0,20.0,0.5,0.9,0.2,0.4,70.0,25.0,80.0,3774,3735,39,3774,0.010333863275039745,0.6408494271998357,1.0,0.6408494271998357,1441,0.385809906291834,1.0,1
"iteration_2","SCOPE_DATA_COLLECTION",1000,22,1390.0,1450.0,2,5809,3766,1487,5954,3820,1488,4357,2815,1075,1460,955,409,0.25098848203541346,0.253315649867374,0.2756064690026954,0.4092543104395796,0.8709867397730298,1.489822860317837,0.8185086208791592,0.8709867397730298,0.9932152402118913,0.3091576773008951,0.5492007104795738,0.6120930232558139,100.0,100.0,4802,1273,4987,19,0,2805,0.003956684714702207,0.0,0.5624624022458392,0.2,0.1,0.1,0.4,50.0,30.0,20.0,0.5,0.9,0.2,0.4,70.0,25.0,80.0,1573,1545,28,1573,0.017800381436745075,1.0781732719242574,1.5,0.7187821812828382,600,0.3883495145631068,1.0,1
"iteration_2","SCOPE_DATA_COLLECTION",1000,23,1450.0,1510.0,0,5934,3774,1573,5809,3766,1487,5897,3734,1555,33,39,28,0.005564924114671164,0.010336602173336868,0.017687934301958308,0.3283918970445652,0.6431014229997418,1.080845631288886,0.6567837940891303,0.6431014229997418,0.7205637541925908,0.2918433101577073,0.388055704338511,0.3909967845659164,95.0,100.0,4697,3290,3294,23,3,74,0.0048967426016606344,9.11854103343465E-4,0.022465088038858532,0.5,0.9,0.2,0.4,70.0,25.0,80.0,0.6000000000000001,0.9,0.2,0.4,80.0,25.0,90.0,5978,5960,18,5978,0.003011040481766477,0.3002533200935646,0.5,0.6005066401871292,1566,0.262751677852349,1.0,1
"iteration_2","SCOPE_DATA_COLLECTION",1000,23,1450.0,1510.0,1,5934,3774,1573,5809,3766,1487,5897,3734,1555,33,39,28,0.005564924114671164,0.010336602173336868,0.017687934301958308,0.3283918970445652,0.6431014229997418,1.080845631288886,0.6567837940891303,0.6431014229997418,0.7205637541925908,0.2918433101577073,0.388055704338511,0.3909967845659164,95.0,100.0,4697,3290,3294,23,3,74,0.0048967426016606344,9.11854103343465E-4,0.022465088038858532,0.5,0.9,0.2,0.4,70.0,25.0,80.0,0.6000000000000001,0.9,0.2,0.4,80.0,25.0,90.0,3901,3881,20,3901,0.005126890540886952,0.6283930372436989,1.0,0.6283930372436989,1472,0.37928368977067767,1.0,1
"iteration_2","SCOPE_DATA_COLLECTION",1000,23,1450.0,1510.0,2,5934,3774,1573,5809,3766,1487,5897,3734,1555,33,39,28,0.005564924114671164,0.010336602173336868,0.017687934301958308,0.3283918970445652,0.6431014229997418,1.080845631288886,0.6567837940891303,0.6431014229997418,0.7205637541925908,0.2918433101577073,0.388055704338511,0.3909967845659164,95.0,100.0,4697,3290,3294,23,3,74,0.0048967426016606344,9.11854103343465E-4,0.022465088038858532,0.5,0.9,0.2,0.4,70.0,25.0,80.0,0.6000000000000001,0.9,0.2,0.4,80.0,25.0,90.0,1531,1513,18,1531,0.011757021554539516,1.1096738497499903,1.5,0.7397825664999935,627,0.4144084600132188,1.0,1
"iteration_2","SCOPE_DATA_COLLECTION",1000,24,1510.0,1570.0,0,5978,3901,1531,5934,3774,1573,5953,3875,1506,18,20,18,0.0030145704237146205,0.005134788189987163,0.011811023622047244,0.2994844854004866,0.6256159655128584,1.1113355606244868,0.5989689708009732,0.6256159655128584,0.7408903737496578,0.2617167814547287,0.3767741935483871,0.4150066401062417,100.0,100.0,4643,4069,2698,26,2,28,0.0055998276976093045,4.915212582944212E-4,0.010378057820607857,0.6000000000000001,0.9,0.2,0.4,80.0,25.0,90.0,0.6000000000000001,0.9,0.2,0.5,70.0,25.0,95.0,5881,5873,8,5881,0.0013603128719605509,0.3087088926905296,0.5,0.6174177853810592,1632,0.2778818321130598,1.0,1
"iteration_2","SCOPE_DATA_COLLECTION",1000,24,1510.0,1570.0,1,5978,3901,1531,5934,3774,1573,5953,3875,1506,18,20,18,0.0030145704237146205,0.005134788189987163,0.011811023622047244,0.2994844854004866,0.6256159655128584,1.1113355606244868,0.5989689708009732,0.6256159655128584,0.7408903737496578,0.2617167814547287,0.3767741935483871,0.4150066401062417,100.0,100.0,4643,4069,2698,26,2,28,0.0055998276976093045,4.915212582944212E-4,0.010378057820607857,0.6000000000000001,0.9,0.2,0.4,80.0,25.0,90.0,0.6000000000000001,0.9,0.2,0.5,70.0,25.0,95.0,3844,3836,8,3844,0.002081165452653486,0.626689947874168,1.0,0.626689947874168,1444,0.37643378519290926,1.0,1
"iteration_2","SCOPE_DATA_COLLECTION",1000,24,1510.0,1570.0,2,5978,3901,1531,5934,3774,1573,5953,3875,1506,18,20,18,0.0030145704237146205,0.005134788189987163,0.011811023622047244,0.2994844854004866,0.6256159655128584,1.1113355606244868,0.5989689708009732,0.6256159655128584,0.7408903737496578,0.2617167814547287,0.3767741935483871,0.4150066401062417,100.0,100.0,4643,4069,2698,26,2,28,0.0055998276976093045,4.915212582944212E-4,0.010378057820607857,0.6000000000000001,0.9,0.2,0.4,80.0,25.0,90.0,0.6000000000000001,0.9,0.2,0.5,70.0,25.0,95.0,1573,1559,14,1573,0.008900190718372537,1.1191312840140353,1.5,0.7460875226760235,642,0.4118024374599102,1.0,1
"iteration_2","SCOPE_DATA_COLLECTION",1000,25,1570.0,1630.0,0,5881,3844,1573,5978,3901,1531,5894,3839,1560,8,8,14,0.0013554727211114877,0.002079542500649857,0.008894536213468869,0.3100230262698447,0.6289150834779267,1.1139092930467411,0.6200460525396894,0.6289150834779267,0.7426061953644941,0.27994570749915165,0.37796301120083353,0.40897435897435896,95.0,100.0,4655,3997,2646,28,2,0,0.006015037593984963,5.003752814610958E-4,0.0,0.6000000000000001,0.9,0.2,0.5,70.0,25.0,95.0,0.6000000000000001,0.9,0.2,0.6000000000000001,70.0,25.0,95.0,5895,5887,8,5895,0.0013570822731128074,0.31878132788386765,0.5,0.6375626557677353,1703,0.28928146764056395,1.0,1
"iteration_2","SCOPE_DATA_COLLECTION",1000,25,1570.0,1630.0,1,5881,3844,1573,5978,3901,1531,5894,3839,1560,8,8,14,0.0013554727211114877,0.002079542500649857,0.008894536213468869,0.3100230262698447,0.6289150834779267,1.1139092930467411,0.6200460525396894,0.6289150834779267,0.7426061953644941,0.27994570749915165,0.37796301120083353,0.40897435897435896,95.0,100.0,4655,3997,2646,28,2,0,0.006015037593984963,5.003752814610958E-4,0.0,0.6000000000000001,0.9,0.2,0.5,70.0,25.0,95.0,0.6000000000000001,0.9,0.2,0.6000000000000001,70.0,25.0,95.0,3968,3954,14,3968,0.003528225806451613,0.6174294293861708,1.0,0.6174294293861708,1482,0.37481031866464337,1.0,1
"iteration_2","SCOPE_DATA_COLLECTION",1000,25,1570.0,1630.0,2,5881,3844,1573,5978,3901,1531,5894,3839,1560,8,8,14,0.0013554727211114877,0.002079542500649857,0.008894536213468869,0.3100230262698447,0.6289150834779267,1.1139092930467411,0.6200460525396894,0.6289150834779267,0.7426061953644941,0.27994570749915165,0.37796301120083353,0.40897435897435896,95.0,100.0,4655,3997,2646,28,2,0,0.006015037593984963,5.003752814610958E-4,0.0,0.6000000000000001,0.9,0.2,0.5,70.0,25.0,95.0,0.6000000000000001,0.9,0.2,0.6000000000000001,70.0,25.0,95.0,1579,1545,34,1579,0.021532615579480684,1.1107229715227254,1.5,0.7404819810151503,631,0.4084142394822006,1.0,1
"iteration_2","SCOPE_DATA_COLLECTION",1000,26,1630.0,1690.0,0,5895,3968,1579,5881,3844,1573,5872,3954,1539,8,14,34,0.0013605442176870747,0.003528225806451613,0.02161474888747616,0.3181038017728955,0.6172747449898061,1.1160917043307592,0.636207603545791,0.6172747449898061,0.7440611362205062,0.28814713896457766,0.3745574102175013,0.41130604288499023,100.0,100.0,4740,4019,2683,55,1,0,0.011603375527426161,2.488181139586962E-4,0.0,0.6000000000000001,0.9,0.2,0.6000000000000001,70.0,25.0,95.0,0.7000000000000001,0.8,0.30000000000000004,0.6000000000000001,70.0,35.0,85.0,5854,5843,11,5854,0.0018790570550051248,0.31925725204644195,0.5,0.6385145040928839,1729,0.29590963546123566,1.0,1
"iteration_2","SCOPE_DATA_COLLECTION",1000,26,1630.0,1690.0,1,5895,3968,1579,5881,3844,1573,5872,3954,1539,8,14,34,0.0013605442176870747,0.003528225806451613,0.02161474888747616,0.3181038017728955,0.6172747449898061,1.1160917043307592,0.636207603545791,0.6172747449898061,0.7440611362205062,0.28814713896457766,0.3745574102175013,0.41130604288499023,100.0,100.0,4740,4019,2683,55,1,0,0.011603375527426161,2.488181139586962E-4,0.0,0.6000000000000001,0.9,0.2,0.6000000000000001,70.0,25.0,95.0,0.7000000000000001,0.8,0.30000000000000004,0.6000000000000001,70.0,35.0,85.0,3799,3784,15,3799,0.003948407475651487,0.6353141579136377,1.0,0.6353141579136377,1420,0.3752642706131078,1.0,1
"iteration_2","SCOPE_DATA_COLLECTION",1000,26,1630.0,1690.0,2,5895,3968,1579,5881,3844,1573,5872,3954,1539,8,14,34,0.0013605442176870747,0.003528225806451613,0.02161474888747616,0.3181038017728955,0.6172747449898061,1.1160917043307592,0.636207603545791,0.6172747449898061,0.7440611362205062,0.28814713896457766,0.3745574102175013,0.41130604288499023,100.0,100.0,4740,4019,2683,55,1,0,0.011603375527426161,2.488181139586962E-4,0.0,0.6000000000000001,0.9,0.2,0.6000000000000001,70.0,25.0,95.0,0.7000000000000001,0.8,0.30000000000000004,0.6000000000000001,70.0,35.0,85.0,1570,1540,30,1570,0.01910828025477707,1.123392007931912,1.5,0.7489280052879413,641,0.41623376623376623,1.0,1
"iteration_2","SCOPE_DATA_COLLECTION",1000,27,1690.0,1750.0,0,5854,3799,1570,5895,3968,1579,5851,3785,1559,11,15,30,0.0018764926646195838,0.003947368421052632,0.018879798615481436,0.3188623816543275,0.6349550460993276,1.1277683193655332,0.637724763308655,0.6349550460993276,0.7518455462436888,0.2953341309177918,0.3751651254953765,0.41885824246311737,97.5,100.0,4704,4555,1964,52,4,0,0.011054421768707483,8.781558726673985E-4,0.0,0.7000000000000001,0.8,0.30000000000000004,0.6000000000000001,70.0,35.0,85.0,0.6000000000000001,0.8,0.4,0.6000000000000001,60.0,35.0,85.0,6094,6090,4,6094,6.563833278634722E-4,0.31279641293748484,0.5,0.6255928258749697,1695,0.27832512315270935,1.0,1
"iteration_2","SCOPE_DATA_COLLECTION",1000,27,1690.0,1750.0,1,5854,3799,1570,5895,3968,1579,5851,3785,1559,11,15,30,0.0018764926646195838,0.003947368421052632,0.018879798615481436,0.3188623816543275,0.6349550460993276,1.1277683193655332,0.637724763308655,0.6349550460993276,0.7518455462436888,0.2953341309177918,0.3751651254953765,0.41885824246311737,97.5,100.0,4704,4555,1964,52,4,0,0.011054421768707483,8.781558726673985E-4,0.0,0.7000000000000001,0.8,0.30000000000000004,0.6000000000000001,70.0,35.0,85.0,0.6000000000000001,0.8,0.4,0.6000000000000001,60.0,35.0,85.0,3817,3799,18,3817,0.004715745349751114,0.6538828862676828,1.0,0.6538828862676828,1475,0.3882600684390629,1.0,1
"iteration_2","SCOPE_DATA_COLLECTION",1000,27,1690.0,1750.0,2,5854,3799,1570,5895,3968,1579,5851,3785,1559,11,15,30,0.0018764926646195838,0.003947368421052632,0.018879798615481436,0.3188623816543275,0.6349550460993276,1.1277683193655332,0.637724763308655,0.6349550460993276,0.7518455462436888,0.2953341309177918,0.3751651254953765,0.41885824246311737,97.5,100.0,4704,4555,1964,52,4,0,0.011054421768707483,8.781558726673985E-4,0.0,0.7000000000000001,0.8,0.30000000000000004,0.6000000000000001,70.0,35.0,85.0,0.6000000000000001,0.8,0.4,0.6000000000000001,60.0,35.0,85.0,1508,1487,21,1508,0.013925729442970823,1.1143983655167264,1.5,0.7429322436778176,609,0.40954942837928715,1.0,1
"iteration_2","SCOPE_DATA_COLLECTION",1000,28,1750.0,1810.0,0,6094,3817,1508,5854,3799,1570,6096,3789,1476,4,18,21,6.557377049180328E-4,0.004728132387706856,0.014028056112224449,0.31355613951304295,0.6522081290050794,1.106844526991197,0.6271122790260859,0.6522081290050794,0.7378963513274647,0.28018372703412076,0.38822908419107943,0.40582655826558267,97.5,100.0,4799,3943,2677,40,3,0,0.008335069806209627,7.60841998478316E-4,0.0,0.6000000000000001,0.8,0.4,0.6000000000000001,60.0,35.0,85.0,0.7000000000000001,0.9,0.5,0.5,70.0,25.0,95.0,5930,5920,10,5930,0.0016863406408094434,0.3160282816755562,0.5,0.6320565633511124,1677,0.283277027027027,1.0,1
"iteration_2","SCOPE_DATA_COLLECTION",1000,28,1750.0,1810.0,1,6094,3817,1508,5854,3799,1570,6096,3789,1476,4,18,21,6.557377049180328E-4,0.004728132387706856,0.014028056112224449,0.31355613951304295,0.6522081290050794,1.106844526991197,0.6271122790260859,0.6522081290050794,0.7378963513274647,0.28018372703412076,0.38822908419107943,0.40582655826558267,97.5,100.0,4799,3943,2677,40,3,0,0.008335069806209627,7.60841998478316E-4,0.0,0.6000000000000001,0.8,0.4,0.6000000000000001,60.0,35.0,85.0,0.7000000000000001,0.9,0.5,0.5,70.0,25.0,95.0,3820,3805,15,3820,0.003926701570680628,0.6516491191375124,1.0,0.6516491191375124,1459,0.38344283837056503,1.0,1
"iteration_2","SCOPE_DATA_COLLECTION",1000,28,1750.0,1810.0,2,6094,3817,1508,5854,3799,1570,6096,3789,1476,4,18,21,6.557377049180328E-4,0.004728132387706856,0.014028056112224449,0.31355613951304295,0.6522081290050794,1.106844526991197,0.6271122790260859,0.6522081290050794,0.7378963513274647,0.28018372703412076,0.38822908419107943,0.40582655826558267,97.5,100.0,4799,3943,2677,40,3,0,0.008335069806209627,7.60841998478316E-4,0.0,0.6000000000000001,0.8,0.4,0.6000000000000001,60.0,35.0,85.0,0.7000000000000001,0.9,0.5,0.5,70.0,25.0,95.0,1474,1450,24,1474,0.016282225237449117,1.1347167443357682,1.5,0.7564778295571788,612,0.4220689655172414,1.0,1
"iteration_2","SCOPE_DATA_COLLECTION",1000,29,1810.0,1870.0,0,5930,3820,1474,6094,3817,1508,5913,3816,1456,10,15,23,0.0016883336147222692,0.003915426781519186,0.01555104800540906,0.31605145719709904,0.6505320519834381,1.1369731492669144,0.6321029143941981,0.6505320519834381,0.7579820995112763,0.2831050228310502,0.38233752620545075,0.4223901098901099,100.0,100.0,4735,4584,1905,44,4,0,0.009292502639915523,8.726003490401396E-4,0.0,0.7000000000000001,0.9,0.5,0.5,70.0,25.0,95.0,0.15000000000000002,0.5,0.7000000000000001,0.7000000000000001,35.0,25.0,55.0,6191,3811,2380,6191,0.3844290098530124,0.5011644934398753,0.5,1.0023289868797507,1889,0.4956704277092627,1.0,1
"iteration_2","SCOPE_DATA_COLLECTION",1000,29,1810.0,1870.0,1,5930,3820,1474,6094,3817,1508,5913,3816,1456,10,15,23,0.0016883336147222692,0.003915426781519186,0.01555104800540906,0.31605145719709904,0.6505320519834381,1.1369731492669144,0.6321029143941981,0.6505320519834381,0.7579820995112763,0.2831050228310502,0.38233752620545075,0.4223901098901099,100.0,100.0,4735,4584,1905,44,4,0,0.009292502639915523,8.726003490401396E-4,0.0,0.7000000000000001,0.9,0.5,0.5,70.0,25.0,95.0,0.15000000000000002,0.5,0.7000000000000001,0.7000000000000001,35.0,25.0,55.0,3833,2422,1411,3833,0.36811896686668405,1.024600801993561,1.0,1.024600801993561,1561,0.6445086705202312,1.0,1
"iteration_2","SCOPE_DATA_COLLECTION",1000,29,1810.0,1870.0,2,5930,3820,1474,6094,3817,1508,5913,3816,1456,10,15,23,0.0016883336147222692,0.003915426781519186,0.01555104800540906,0.31605145719709904,0.6505320519834381,1.1369731492669144,0.6321029143941981,0.6505320519834381,0.7579820995112763,0.2831050228310502,0.38233752620545075,0.4223901098901099,100.0,100.0,4735,4584,1905,44,4,0,0.009292502639915523,8.726003490401396E-4,0.0,0.7000000000000001,0.9,0.5,0.5,70.0,25.0,95.0,0.15000000000000002,0.5,0.7000000000000001,0.7000000000000001,35.0,25.0,55.0,1536,914,622,1536,0.4049479166666667,1.6834557777390566,1.5,1.1223038518260378,621,0.6794310722100656,1.0,1
"iteration_2","SCOPE_DATA_COLLECTION",1000,30,1870.0,1930.0,0,6191,3833,1536,5930,3820,1474,3800,2403,905,2380,1411,622,0.3851132686084142,0.36995280545359205,0.4073346430910282,0.495776255774357,1.0146904374236638,1.6676666738353254,0.991552511548714,1.0146904374236638,1.1117777825568835,0.4934210526315789,0.640033291718685,0.6718232044198895,100.0,100.0,4885,1020,5655,57,1,4355,0.011668372569089048,9.80392156862745E-4,0.7701149425287356,0.15000000000000002,0.5,0.7000000000000001,0.7000000000000001,35.0,25.0,55.0,0.35000000000000003,0.9,0.6000000000000001,0.5,95.0,95.0,95.0,6007,5299,708,6007,0.11786249375728317,0.39650431120933616,0.5,0.7930086224186723,1716,0.32383468578977165,1.0,1
"iteration_2","SCOPE_DATA_COLLECTION",1000,30,1870.0,1930.0,1,6191,3833,1536,5930,3820,1474,3800,2403,905,2380,1411,622,0.3851132686084142,0.36995280545359205,0.4073346430910282,0.495776255774357,1.0146904374236638,1.6676666738353254,0.991552511548714,1.0146904374236638,1.1117777825568835,0.4934210526315789,0.640033291718685,0.6718232044198895,100.0,100.0,4885,1020,5655,57,1,4355,0.011668372569089048,9.80392156862745E-4,0.7701149425287356,0.15000000000000002,0.5,0.7000000000000001,0.7000000000000001,35.0,25.0,55.0,0.35000000000000003,0.9,0.6000000000000001,0.5,95.0,95.0,95.0,3870,3393,477,3870,0.12325581395348838,0.7721737967674442,1.0,0.7721737967674442,1538,0.4532861774241085,1.0,1
"iteration_2","SCOPE_DATA_COLLECTION",1000,30,1870.0,1930.0,2,6191,3833,1536,5930,3820,1474,3800,2403,905,2380,1411,622,0.3851132686084142,0.36995280545359205,0.4073346430910282,0.495776255774357,1.0146904374236638,1.6676666738353254,0.991552511548714,1.0146904374236638,1.1117777825568835,0.4934210526315789,0.640033291718685,0.6718232044198895,100.0,100.0,4885,1020,5655,57,1,4355,0.011668372569089048,9.80392156862745E-4,0.7701149425287356,0.15000000000000002,0.5,0.7000000000000001,0.7000000000000001,35.0,25.0,55.0,0.35000000000000003,0.9,0.6000000000000001,0.5,95.0,95.0,95.0,1550,1315,235,1550,0.15161290322580645,1.2670732008077623,1.5,0.8447154672051749,623,0.4737642585551331,1.0,1
"iteration_2","SCOPE_DATA_COLLECTION",1000,31,1930.0,1990.0,0,6007,3870,1550,6191,3833,1536,5296,3397,1326,708,477,236,0.11792138574283811,0.12312854930304595,0.15108834827144688,0.39877593636310504,0.7805947767598801,1.2814335018009304,0.7975518727262101,0.7805947767598801,0.8542890012006202,0.3228851963746224,0.45746246688254344,0.4819004524886878,100.0,100.0,4743,2336,4348,50,2,1369,0.010541851149061775,8.561643835616438E-4,0.31485740570377185,0.35000000000000003,0.9,0.6000000000000001,0.5,95.0,95.0,95.0,0.45,0.8,0.6000000000000001,0.6000000000000001,95.0,85.0,95.0,5909,5723,186,5909,0.031477407344728384,0.33854520839353164,0.5,0.6770904167870633,1732,0.3026384763236065,1.0,1
"iteration_2","SCOPE_DATA_COLLECTION",1000,31,1930.0,1990.0,1,6007,3870,1550,6191,3833,1536,5296,3397,1326,708,477,236,0.11792138574283811,0.12312854930304595,0.15108834827144688,0.39877593636310504,0.7805947767598801,1.2814335018009304,0.7975518727262101,0.7805947767598801,0.8542890012006202,0.3228851963746224,0.45746246688254344,0.4819004524886878,100.0,100.0,4743,2336,4348,50,2,1369,0.010541851149061775,8.561643835616438E-4,0.31485740570377185,0.35000000000000003,0.9,0.6000000000000001,0.5,95.0,95.0,95.0,0.45,0.8,0.6000000000000001,0.6000000000000001,95.0,85.0,95.0,3892,3771,121,3892,0.031089414182939364,0.6959780681039636,1.0,0.6959780681039636,1536,0.40731901352426414,1.0,1
"iteration_2","SCOPE_DATA_COLLECTION",1000,31,1930.0,1990.0,2,6007,3870,1550,6191,3833,1536,5296,3397,1326,708,477,236,0.11792138574283811,0.12312854930304595,0.15108834827144688,0.39877593636310504,0.7805947767598801,1.2814335018009304,0.7975518727262101,0.7805947767598801,0.8542890012006202,0.3228851963746224,0.45746246688254344,0.4819004524886878,100.0,100.0,4743,2336,4348,50,2,1369,0.010541851149061775,8.561643835616438E-4,0.31485740570377185,0.35000000000000003,0.9,0.6000000000000001,0.5,95.0,95.0,95.0,0.45,0.8,0.6000000000000001,0.6000000000000001,95.0,85.0,95.0,1500,1430,70,1500,0.04666666666666667,1.121320850209033,1.5,0.7475472334726887,583,0.4076923076923077,1.0,1
"iteration_2","SCOPE_DATA_COLLECTION",1000,32,1990.0,2050.0,0,5909,3892,1500,6007,3870,1550,5725,3791,1422,186,121,70,0.03146675689392658,0.030930470347648262,0.04691689008042895,0.34038011847456123,0.6980490098934126,1.1131527407721586,0.6807602369491225,0.6980490098934126,0.7421018271814391,0.3044541484716157,0.41018201002374044,0.40365682137834036,100.0,100.0,4780,2931,3590,45,2,330,0.009414225941422594,6.82360968952576E-4,0.09192200557103064,0.45,0.8,0.6000000000000001,0.6000000000000001,95.0,85.0,95.0,0.35000000000000003,0.7000000000000001,0.7000000000000001,0.7000000000000001,95.0,75.0,95.0,5981,5235,746,5981,0.12472830630329376,0.4149857934559001,0.5,0.8299715869118002,1862,0.3556829035339064,1.0,1
"iteration_2","SCOPE_DATA_COLLECTION",1000,32,1990.0,2050.0,1,5909,3892,1500,6007,3870,1550,5725,3791,1422,186,121,70,0.03146675689392658,0.030930470347648262,0.04691689008042895,0.34038011847456123,0.6980490098934126,1.1131527407721586,0.6807602369491225,0.6980490098934126,0.7421018271814391,0.3044541484716157,0.41018201002374044,0.40365682137834036,100.0,100.0,4780,2931,3590,45,2,330,0.009414225941422594,6.82360968952576E-4,0.09192200557103064,0.45,0.8,0.6000000000000001,0.6000000000000001,95.0,85.0,95.0,0.35000000000000003,0.7000000000000001,0.7000000000000001,0.7000000000000001,95.0,75.0,95.0,3878,3354,524,3878,0.13512119649303764,0.786424040284094,1.0,0.786424040284094,1538,0.45855694692904,1.0,1
"iteration_2","SCOPE_DATA_COLLECTION",1000,32,1990.0,2050.0,2,5909,3892,1500,6007,3870,1550,5725,3791,1422,186,121,70,0.03146675689392658,0.030930470347648262,0.04691689008042895,0.34038011847456123,0.6980490098934126,1.1131527407721586,0.6807602369491225,0.6980490098934126,0.7421018271814391,0.3044541484716157,0.41018201002374044,0.40365682137834036,100.0,100.0,4780,2931,3590,45,2,330,0.009414225941422594,6.82360968952576E-4,0.09192200557103064,0.45,0.8,0.6000000000000001,0.6000000000000001,95.0,85.0,95.0,0.35000000000000003,0.7000000000000001,0.7000000000000001,0.7000000000000001,95.0,75.0,95.0,1497,1285,212,1497,0.14161656646626586,1.2987975859974776,1.5,0.8658650573316518,628,0.488715953307393,1.0,1
"iteration_2","SCOPE_DATA_COLLECTION",1000,33,2050.0,2110.0,0,5981,3878,1497,5909,3892,1500,5254,3351,1280,735,514,208,0.12272499582568042,0.13298835705045278,0.13978494623655913,0.41388722502195474,0.783448349306646,1.296086748747576,0.8277744500439095,0.783448349306646,0.864057832498384,0.35515797487628475,0.4556848701880036,0.48671875,100.0,100.0,4839,2216,4301,44,0,1413,0.009092787766067369,0.0,0.3285282492443618,0.35000000000000003,0.7000000000000001,0.7000000000000001,0.7000000000000001,95.0,75.0,95.0,0.5,0.8,0.1,0.9,45.0,90.0,65.0,5992,5880,112,5992,0.018691588785046728,0.31688225617691,0.5,0.63376451235382,1606,0.27312925170068025,1.0,1
"iteration_2","SCOPE_DATA_COLLECTION",1000,33,2050.0,2110.0,1,5981,3878,1497,5909,3892,1500,5254,3351,1280,735,514,208,0.12272499582568042,0.13298835705045278,0.13978494623655913,0.41388722502195474,0.783448349306646,1.296086748747576,0.8277744500439095,0.783448349306646,0.864057832498384,0.35515797487628475,0.4556848701880036,0.48671875,100.0,100.0,4839,2216,4301,44,0,1413,0.009092787766067369,0.0,0.3285282492443618,0.35000000000000003,0.7000000000000001,0.7000000000000001,0.7000000000000001,95.0,75.0,95.0,0.5,0.8,0.1,0.9,45.0,90.0,65.0,3890,3821,69,3890,0.017737789203084834,0.6300047012210501,1.0,0.6300047012210501,1460,0.38209892698246534,1.0,1
"iteration_2","SCOPE_DATA_COLLECTION",1000,33,2050.0,2110.0,2,5981,3878,1497,5909,3892,1500,5254,3351,1280,735,514,208,0.12272499582568042,0.13298835705045278,0.13978494623655913,0.41388722502195474,0.783448349306646,1.296086748747576,0.8277744500439095,0.783448349306646,0.864057832498384,0.35515797487628475,0.4556848701880036,0.48671875,100.0,100.0,4839,2216,4301,44,0,1413,0.009092787766067369,0.0,0.3285282492443618,0.35000000000000003,0.7000000000000001,0.7000000000000001,0.7000000000000001,95.0,75.0,95.0,0.5,0.8,0.1,0.9,45.0,90.0,65.0,1514,1479,35,1514,0.023117569352708058,1.1139282061675795,1.5,0.7426188041117197,608,0.41108857336037863,1.0,1
"iteration_2","SCOPE_DATA_COLLECTION",1000,34,2110.0,2170.0,0,5992,3890,1514,5981,3878,1497,5880,3822,1488,123,79,39,0.02048975512243878,0.02025121763650346,0.025540275049115914,0.317800401918352,0.6322721844503324,1.1250180474091747,0.635600803836704,0.6322721844503324,0.7500120316061164,0.27431972789115644,0.38173731030873886,0.415994623655914,100.0,100.0,4708,3281,3407,34,3,204,0.007221750212404418,9.143553794574825E-4,0.05987672439095979,0.5,0.8,0.1,0.9,45.0,90.0,65.0,0.5,0.8,0.1,0.9,45.0,90.0,65.0,6033,6011,22,6033,0.0036466103099618763,0.34173312081157337,0.5,0.6834662416231467,1753,0.29163200798536015,1.0,1
"iteration_2","SCOPE_DATA_COLLECTION",1000,34,2110.0,2170.0,1,5992,3890,1514,5981,3878,1497,5880,3822,1488,123,79,39,0.02048975512243878,0.02025121763650346,0.025540275049115914,0.317800401918352,0.6322721844503324,1.1250180474091747,0.635600803836704,0.6322721844503324,0.7500120316061164,0.27431972789115644,0.38173731030873886,0.415994623655914,100.0,100.0,4708,3281,3407,34,3,204,0.007221750212404418,9.143553794574825E-4,0.05987672439095979,0.5,0.8,0.1,0.9,45.0,90.0,65.0,0.5,0.8,0.1,0.9,45.0,90.0,65.0,3950,3932,18,3950,0.004556962025316456,0.6378165481585607,1.0,0.6378165481585607,1479,0.3761444557477111,1.0,1
"iteration_2","SCOPE_DATA_COLLECTION",1000,34,2110.0,2170.0,2,5992,3890,1514,5981,3878,1497,5880,3822,1488,123,79,39,0.02048975512243878,0.02025121763650346,0.025540275049115914,0.317800401918352,0.6322721844503324,1.1250180474091747,0.635600803836704,0.6322721844503324,0.7500120316061164,0.27431972789115644,0.38173731030873886,0.415994623655914,100.0,100.0,4708,3281,3407,34,3,204,0.007221750212404418,9.143553794574825E-4,0.05987672439095979,0.5,0.8,0.1,0.9,45.0,90.0,65.0,0.5,0.8,0.1,0.9,45.0,90.0,65.0,1586,1574,12,1586,0.007566204287515763,1.0942634748143951,1.5,0.7295089832095968,612,0.38881829733163914,1.0,1
"iteration_2","SCOPE_DATA_COLLECTION",1000,35,2170.0,2230.0,0,6033,3950,1586,5992,3890,1514,6000,3932,1577,22,18,12,0.0036532713384257723,0.004556962025316456,0.007551919446192574,0.3411311204813357,0.6383843099192564,1.0915195618767521,0.6822622409626714,0.6383843099192564,0.7276797079178348,0.2905,0.3769074262461852,0.38807863031071654,100.0,100.0,4698,3458,3413,21,1,30,0.004469987228607918,2.891844997108155E-4,0.008789920890711983,0.5,0.8,0.1,0.9,45.0,90.0,65.0,0.05,0.7000000000000001,0.9,0.30000000000000004,20.0,70.0,35.0,5950,2793,3157,5950,0.5305882352941177,0.5670529718098692,0.5,1.1341059436197385,1725,0.6176154672395274,1.0,1
"iteration_2","SCOPE_DATA_COLLECTION",1000,35,2170.0,2230.0,1,6033,3950,1586,5992,3890,1514,6000,3932,1577,22,18,12,0.0036532713384257723,0.004556962025316456,0.007551919446192574,0.3411311204813357,0.6383843099192564,1.0915195618767521,0.6822622409626714,0.6383843099192564,0.7276797079178348,0.2905,0.3769074262461852,0.38807863031071654,100.0,100.0,4698,3458,3413,21,1,30,0.004469987228607918,2.891844997108155E-4,0.008789920890711983,0.5,0.8,0.1,0.9,45.0,90.0,65.0,0.05,0.7000000000000001,0.9,0.30000000000000004,20.0,70.0,35.0,3929,1836,2093,3929,0.5327055230338509,1.2245779285819278,1.0,1.2245779285819278,1543,0.8404139433551199,1.0,1
"iteration_2","SCOPE_DATA_COLLECTION",1000,35,2170.0,2230.0,2,6033,3950,1586,5992,3890,1514,6000,3932,1577,22,18,12,0.0036532713384257723,0.004556962025316456,0.007551919446192574,0.3411311204813357,0.6383843099192564,1.0915195618767521,0.6822622409626714,0.6383843099192564,0.7276797079178348,0.2905,0.3769074262461852,0.38807863031071654,100.0,100.0,4698,3458,3413,21,1,30,0.004469987228607918,2.891844997108155E-4,0.008789920890711983,0.5,0.8,0.1,0.9,45.0,90.0,65.0,0.05,0.7000000000000001,0.9,0.30000000000000004,20.0,70.0,35.0,1470,673,797,1470,0.5421768707482993,2.039271702096604,1.5,1.3595144680644025,603,0.8959881129271917,1.0,1
"iteration_2","SCOPE_DATA_COLLECTION",1000,36,2230.0,2290.0,0,5950,3929,1470,6033,3950,1586,2796,1849,674,3157,2093,797,0.5303208466319502,0.5309487569761543,0.5418082936777702,0.5659331393706993,1.2222061395435375,2.034505644433037,1.1318662787413987,1.2222061395435375,1.3563370962886914,0.617310443490701,0.8393726338561385,0.8916913946587537,95.0,100.0,4754,317,6278,47,0,6000,0.009886411442995372,0.0,0.9557183816502071,0.05,0.7000000000000001,0.9,0.30000000000000004,20.0,70.0,35.0,0.05,0.8,0.9,0.2,30.0,80.0,35.0,5952,2923,3029,5952,0.5089045698924731,0.6171079554315546,0.5,1.2342159108631092,1783,0.609989736572015,1.0,1
"iteration_2","SCOPE_DATA_COLLECTION",1000,36,2230.0,2290.0,1,5950,3929,1470,6033,3950,1586,2796,1849,674,3157,2093,797,0.5303208466319502,0.5309487569761543,0.5418082936777702,0.5659331393706993,1.2222061395435375,2.034505644433037,1.1318662787413987,1.2222061395435375,1.3563370962886914,0.617310443490701,0.8393726338561385,0.8916913946587537,95.0,100.0,4754,317,6278,47,0,6000,0.009886411442995372,0.0,0.9557183816502071,0.05,0.7000000000000001,0.9,0.30000000000000004,20.0,70.0,35.0,0.05,0.8,0.9,0.2,30.0,80.0,35.0,3754,1705,2049,3754,0.5458177943526905,1.2489586644230848,1.0,1.2489586644230848,1415,0.8299120234604106,1.0,1
"iteration_2","SCOPE_DATA_COLLECTION",1000,36,2230.0,2290.0,2,5950,3929,1470,6033,3950,1586,2796,1849,674,3157,2093,797,0.5303208466319502,0.5309487569761543,0.5418082936777702,0.5659331393706993,1.2222061395435375,2.034505644433037,1.1318662787413987,1.2222061395435375,1.3563370962886914,0.617310443490701,0.8393726338561385,0.8916913946587537,95.0,100.0,4754,317,6278,47,0,6000,0.009886411442995372,0.0,0.9557183816502071,0.05,0.7000000000000001,0.9,0.30000000000000004,20.0,70.0,35.0,0.05,0.8,0.9,0.2,30.0,80.0,35.0,1552,709,843,1552,0.5431701030927835,2.0040654176371193,1.5,1.3360436117580796,630,0.8885754583921015,1.0,1
"iteration_2","SCOPE_DATA_COLLECTION",1000,37,2290.0,2350.0,0,5952,3754,1552,5950,3929,1470,2920,1698,715,3029,2049,843,0.5091612035636242,0.5468374699759808,0.5410783055198973,0.6181674112983664,1.2466319779642638,2.0031188101500956,1.2363348225967328,1.2466319779642638,1.3354125401000638,0.6092465753424657,0.8297997644287397,0.8895104895104895,100.0,100.0,4720,329,6209,37,0,5884,0.007838983050847457,0.0,0.9476566274762441,0.05,0.8,0.9,0.2,30.0,80.0,35.0,0.15000000000000002,0.30000000000000004,0.4,0.7000000000000001,30.0,75.0,50.0,5759,3640,2119,5759,0.36794582392776526,0.49427276155121325,0.5,0.9885455231024265,1617,0.4442307692307692,1.0,1
"iteration_2","SCOPE_DATA_COLLECTION",1000,37,2290.0,2350.0,1,5952,3754,1552,5950,3929,1470,2920,1698,715,3029,2049,843,0.5091612035636242,0.5468374699759808,0.5410783055198973,0.6181674112983664,1.2466319779642638,2.0031188101500956,1.2363348225967328,1.2466319779642638,1.3354125401000638,0.6092465753424657,0.8297997644287397,0.8895104895104895,100.0,100.0,4720,329,6209,37,0,5884,0.007838983050847457,0.0,0.9476566274762441,0.05,0.8,0.9,0.2,30.0,80.0,35.0,0.15000000000000002,0.30000000000000004,0.4,0.7000000000000001,30.0,75.0,50.0,3747,2335,1412,3747,0.37683480117427276,1.0163821062052933,1.0,1.0163821062052933,1572,0.6732334047109207,1.0,1
"iteration_2","SCOPE_DATA_COLLECTION",1000,37,2290.0,2350.0,2,5952,3754,1552,5950,3929,1470,2920,1698,715,3029,2049,843,0.5091612035636242,0.5468374699759808,0.5410783055198973,0.6181674112983664,1.2466319779642638,2.0031188101500956,1.2363348225967328,1.2466319779642638,1.3354125401000638,0.6092465753424657,0.8297997644287397,0.8895104895104895,100.0,100.0,4720,329,6209,37,0,5884,0.007838983050847457,0.0,0.9476566274762441,0.05,0.8,0.9,0.2,30.0,80.0,35.0,0.15000000000000002,0.30000000000000004,0.4,0.7000000000000001,30.0,75.0,50.0,1506,925,581,1506,0.3857901726427623,1.6791150288226218,1.5,1.119410019215081,641,0.692972972972973,1.0,1
"iteration_2","SCOPE_DATA_COLLECTION",1000,38,2350.0,2410.0,0,5759,3747,1506,5952,3754,1552,3655,2321,915,2119,1412,581,0.3669899549705577,0.37824805786230914,0.38836898395721925,0.49545262693249387,1.0178696172835489,1.6779908557890169,0.9909052538649877,1.0178696172835489,1.1186605705260113,0.4478796169630643,0.6725549332184403,0.692896174863388,100.0,100.0,4700,910,5402,32,0,4080,0.006808510638297872,0.0,0.7552758237689745,0.15000000000000002,0.30000000000000004,0.4,0.7000000000000001,30.0,75.0,50.0,0.15000000000000002,0.30000000000000004,0.4,0.7000000000000001,30.0,75.0,50.0,6017,3886,2131,6017,0.35416320425461195,0.46598503314691864,0.5,0.9319700662938373,1702,0.4379825012866701,1.0,1
"iteration_2","SCOPE_DATA_COLLECTION",1000,38,2350.0,2410.0,1,5759,3747,1506,5952,3754,1552,3655,2321,915,2119,1412,581,0.3669899549705577,0.37824805786230914,0.38836898395721925,0.49545262693249387,1.0178696172835489,1.6779908557890169,0.9909052538649877,1.0178696172835489,1.1186605705260113,0.4478796169630643,0.6725549332184403,0.692896174863388,100.0,100.0,4700,910,5402,32,0,4080,0.006808510638297872,0.0,0.7552758237689745,0.15000000000000002,0.30000000000000004,0.4,0.7000000000000001,30.0,75.0,50.0,0.15000000000000002,0.30000000000000004,0.4,0.7000000000000001,30.0,75.0,50.0,3740,2369,1371,3740,0.36657754010695187,0.9873629712167996,1.0,0.9873629712167996,1519,0.6411988180666948,1.0,1
"iteration_2","SCOPE_DATA_COLLECTION",1000,38,2350.0,2410.0,2,5759,3747,1506,5952,3754,1552,3655,2321,915,2119,1412,581,0.3669899549705577,0.37824805786230914,0.38836898395721925,0.49545262693249387,1.0178696172835489,1.6779908557890169,0.9909052538649877,1.0178696172835489,1.1186605705260113,0.4478796169630643,0.6725549332184403,0.692896174863388,100.0,100.0,4700,910,5402,32,0,4080,0.006808510638297872,0.0,0.7552758237689745,0.15000000000000002,0.30000000000000004,0.4,0.7000000000000001,30.0,75.0,50.0,0.15000000000000002,0.30000000000000004,0.4,0.7000000000000001,30.0,75.0,50.0,1561,931,630,1561,0.40358744394618834,1.678371680126137,1.5,1.1189144534174247,635,0.682062298603652,1.0,1
"iteration_2","SCOPE_DATA_COLLECTION",1000,39,2410.0,2470.0,0,6017,3740,1561,5759,3747,1506,3881,2370,937,2131,1371,630,0.354457751164338,0.3664795509222133,0.4020421186981493,0.46504486881939877,0.9851918732410944,1.6775842920758643,0.9300897376387975,0.9851918732410944,1.1183895280505762,0.4357124452460706,0.6417721518987342,0.6808964781216649,100.0,100.0,4809,950,5559,56,0,4076,0.011644832605531296,0.0,0.7332254002518439,0.15000000000000002,0.30000000000000004,0.4,0.7000000000000001,30.0,75.0,50.0,0.1,0.30000000000000004,0.9,0.5,75.0,40.0,80.0,6005,3342,2663,6005,0.44346378018318067,0.5985647331258516,0.5,1.1971294662517031,1734,0.518850987432675,1.0,1
"iteration_2","SCOPE_DATA_COLLECTION",1000,39,2410.0,2470.0,1,6017,3740,1561,5759,3747,1506,3881,2370,937,2131,1371,630,0.354457751164338,0.3664795509222133,0.4020421186981493,0.46504486881939877,0.9851918732410944,1.6775842920758643,0.9300897376387975,0.9851918732410944,1.1183895280505762,0.4357124452460706,0.6417721518987342,0.6808964781216649,100.0,100.0,4809,950,5559,56,0,4076,0.011644832605531296,0.0,0.7332254002518439,0.15000000000000002,0.30000000000000004,0.4,0.7000000000000001,30.0,75.0,50.0,0.1,0.30000000000000004,0.9,0.5,75.0,40.0,80.0,3865,2080,1785,3865,0.46183699870633893,1.1347021429387487,1.0,1.1347021429387487,1560,0.75,1.0,1
"iteration_2","SCOPE_DATA_COLLECTION",1000,39,2410.0,2470.0,2,6017,3740,1561,5759,3747,1506,3881,2370,937,2131,1371,630,0.354457751164338,0.3664795509222133,0.4020421186981493,0.46504486881939877,0.9851918732410944,1.6775842920758643,0.9300897376387975,0.9851918732410944,1.1183895280505762,0.4357124452460706,0.6417721518987342,0.6808964781216649,100.0,100.0,4809,950,5559,56,0,4076,0.011644832605531296,0.0,0.7332254002518439,0.15000000000000002,0.30000000000000004,0.4,0.7000000000000001,30.0,75.0,50.0,0.1,0.30000000000000004,0.9,0.5,75.0,40.0,80.0,1488,829,659,1488,0.4428763440860215,1.8718139267490874,1.5,1.2478759511660582,659,0.7949336550060314,1.0,1
"iteration_2","SCOPE_DATA_COLLECTION",1000,40,2470.0,2530.0,0,6005,3865,1488,6017,3740,1561,3335,2092,820,2663,1785,659,0.44398132710903637,0.4604075315965953,0.4455713319810683,0.5978872965323221,1.1343312056757735,1.8696788772725816,1.1957745930646442,1.1343312056757735,1.2464525848483878,0.5172413793103449,0.748565965583174,0.7939024390243903,100.0,100.0,4851,652,5855,55,4,5048,0.011337868480725623,0.006134969325153374,0.8621690862510675,0.1,0.30000000000000004,0.9,0.5,75.0,40.0,80.0,0.5,0.30000000000000004,0.8,0.5,50.0,25.0,55.0,6029,5914,115,6029,0.019074473378669764,0.3085248301592291,0.5,0.6170496603184582,1502,0.2539736219141021,1.0,1
"iteration_2","SCOPE_DATA_COLLECTION",1000,40,2470.0,2530.0,1,6005,3865,1488,6017,3740,1561,3335,2092,820,2663,1785,659,0.44398132710903637,0.4604075315965953,0.4455713319810683,0.5978872965323221,1.1343312056757735,1.8696788772725816,1.1957745930646442,1.1343312056757735,1.2464525848483878,0.5172413793103449,0.748565965583174,0.7939024390243903,100.0,100.0,4851,652,5855,55,4,5048,0.011337868480725623,0.006134969325153374,0.8621690862510675,0.1,0.30000000000000004,0.9,0.5,75.0,40.0,80.0,0.5,0.30000000000000004,0.8,0.5,50.0,25.0,55.0,3802,3686,116,3802,0.03051025775907417,0.6626652262915579,1.0,0.6626652262915579,1420,0.38524145415084105,1.0,1
"iteration_2","SCOPE_DATA_COLLECTION",1000,40,2470.0,2530.0,2,6005,3865,1488,6017,3740,1561,3335,2092,820,2663,1785,659,0.44398132710903637,0.4604075315965953,0.4455713319810683,0.5978872965323221,1.1343312056757735,1.8696788772725816,1.1957745930646442,1.1343312056757735,1.2464525848483878,0.5172413793103449,0.748565965583174,0.7939024390243903,100.0,100.0,4851,652,5855,55,4,5048,0.011337868480725623,0.006134969325153374,0.8621690862510675,0.1,0.30000000000000004,0.9,0.5,75.0,40.0,80.0,0.5,0.30000000000000004,0.8,0.5,50.0,25.0,55.0,1546,1490,56,1546,0.03622250970245795,1.1594414204559798,1.5,0.7729609469706532,641,0.4302013422818792,1.0,1
"iteration_2","SCOPE_DATA_COLLECTION",1000,41,2530.0,2590.0,0,6029,3802,1546,6005,3865,1488,5911,3677,1496,115,116,56,0.019083969465648856,0.030582652254152385,0.03608247422680412,0.3095423799001621,0.6619076924140439,1.165636325528296,0.6190847598003242,0.6619076924140439,0.7770908836855307,0.25613263407206904,0.3856404677726407,0.43315508021390375,100.0,100.0,4787,3177,3413,65,4,218,0.013578441612701065,0.0012590494176896443,0.06387342513917375,0.5,0.30000000000000004,0.8,0.5,50.0,25.0,55.0,0.5,0.4,0.7000000000000001,0.6000000000000001,60.0,35.0,55.0,6005,5848,157,6005,0.02614487926727727,0.31761423560202395,0.5,0.6352284712040479,1563,0.26727086183310533,1.0,1
"iteration_2","SCOPE_DATA_COLLECTION",1000,41,2530.0,2590.0,1,6029,3802,1546,6005,3865,1488,5911,3677,1496,115,116,56,0.019083969465648856,0.030582652254152385,0.03608247422680412,0.3095423799001621,0.6619076924140439,1.165636325528296,0.6190847598003242,0.6619076924140439,0.7770908836855307,0.25613263407206904,0.3856404677726407,0.43315508021390375,100.0,100.0,4787,3177,3413,65,4,218,0.013578441612701065,0.0012590494176896443,0.06387342513917375,0.5,0.30000000000000004,0.8,0.5,50.0,25.0,55.0,0.5,0.4,0.7000000000000001,0.6000000000000001,60.0,35.0,55.0,3880,3755,125,3880,0.03221649484536082,0.7035685330190063,1.0,0.7035685330190063,1553,0.41358189081225033,1.0,1
"iteration_2","SCOPE_DATA_COLLECTION",1000,41,2530.0,2590.0,2,6029,3802,1546,6005,3865,1488,5911,3677,1496,115,116,56,0.019083969465648856,0.030582652254152385,0.03608247422680412,0.3095423799001621,0.6619076924140439,1.165636325528296,0.6190847598003242,0.6619076924140439,0.7770908836855307,0.25613263407206904,0.3856404677726407,0.43315508021390375,100.0,100.0,4787,3177,3413,65,4,218,0.013578441612701065,0.0012590494176896443,0.06387342513917375,0.5,0.30000000000000004,0.8,0.5,50.0,25.0,55.0,0.5,0.4,0.7000000000000001,0.6000000000000001,60.0,35.0,55.0,1543,1478,65,1543,0.04212572909915749,1.1134928436903273,1.5,0.7423285624602182,595,0.4025710419485792,1.0,1
"iteration_2","SCOPE_DATA_COLLECTION",1000,42,2590.0,2650.0,0,6005,3880,1543,6029,3802,1546,5849,3749,1477,157,125,65,0.02614052614052614,0.032266391326794014,0.04215304798962387,0.31770969418160927,0.7032843285637438,1.1115878157085315,0.6354193883632185,0.7032843285637438,0.7410585438056877,0.26756710548811763,0.4123766337690051,0.40216655382532157,100.0,100.0,4810,3260,3358,52,2,293,0.010810810810810811,6.134969325153375E-4,0.08725431804645623,0.5,0.4,0.7000000000000001,0.6000000000000001,60.0,35.0,55.0,0.6000000000000001,0.5,0.8,0.5,70.0,45.0,55.0,6007,5994,13,6007,0.002164141834526386,0.3158600681736713,0.5,0.6317201363473426,1723,0.28745412078745414,1.0,1
"iteration_2","SCOPE_DATA_COLLECTION",1000,42,2590.0,2650.0,1,6005,3880,1543,6029,3802,1546,5849,3749,1477,157,125,65,0.02614052614052614,0.032266391326794014,0.04215304798962387,0.31770969418160927,0.7032843285637438,1.1115878157085315,0.6354193883632185,0.7032843285637438,0.7410585438056877,0.26756710548811763,0.4123766337690051,0.40216655382532157,100.0,100.0,4810,3260,3358,52,2,293,0.010810810810810811,6.134969325153375E-4,0.08725431804645623,0.5,0.4,0.7000000000000001,0.6000000000000001,60.0,35.0,55.0,0.6000000000000001,0.5,0.8,0.5,70.0,45.0,55.0,3790,3773,17,3790,0.004485488126649077,0.6859052627476713,1.0,0.6859052627476713,1531,0.40577789557381394,1.0,1
"iteration_2","SCOPE_DATA_COLLECTION",1000,42,2590.0,2650.0,2,6005,3880,1543,6029,3802,1546,5849,3749,1477,157,125,65,0.02614052614052614,0.032266391326794014,0.04215304798962387,0.31770969418160927,0.7032843285637438,1.1115878157085315,0.6354193883632185,0.7032843285637438,0.7410585438056877,0.26756710548811763,0.4123766337690051,0.40216655382532157,100.0,100.0,4810,3260,3358,52,2,293,0.010810810810810811,6.134969325153375E-4,0.08725431804645623,0.5,0.4,0.7000000000000001,0.6000000000000001,60.0,35.0,55.0,0.6000000000000001,0.5,0.8,0.5,70.0,45.0,55.0,1493,1473,20,1493,0.013395847287340924,1.1256883652128762,1.5,0.7504589101419175,607,0.4120841819416157,1.0,1
"iteration_2","SCOPE_DATA_COLLECTION",1000,43,2650.0,2710.0,0,6007,3790,1493,6005,3880,1543,5997,3782,1474,13,17,20,0.0021630615640599003,0.004474861805738352,0.013386880856760375,0.31534471010272036,0.6878401677625869,1.1293577506509151,0.6306894202054407,0.6878401677625869,0.7529051671006101,0.28681007170251793,0.4071919619249075,0.41451831750339213,100.0,100.0,4863,3857,2570,44,6,0,0.009047912811022003,0.00155561317085818,0.0,0.6000000000000001,0.5,0.8,0.5,70.0,45.0,55.0,0.6000000000000001,0.5,0.8,0.5,70.0,45.0,55.0,5780,5767,13,5780,0.002249134948096886,0.3105885891343179,0.5,0.6211771782686358,1570,0.27223859892491764,1.0,1
"iteration_2","SCOPE_DATA_COLLECTION",1000,43,2650.0,2710.0,1,6007,3790,1493,6005,3880,1543,5997,3782,1474,13,17,20,0.0021630615640599003,0.004474861805738352,0.013386880856760375,0.31534471010272036,0.6878401677625869,1.1293577506509151,0.6306894202054407,0.6878401677625869,0.7529051671006101,0.28681007170251793,0.4071919619249075,0.41451831750339213,100.0,100.0,4863,3857,2570,44,6,0,0.009047912811022003,0.00155561317085818,0.0,0.6000000000000001,0.5,0.8,0.5,70.0,45.0,55.0,0.6000000000000001,0.5,0.8,0.5,70.0,45.0,55.0,3844,3810,34,3844,0.008844953173777315,0.6629727916348007,1.0,0.6629727916348007,1486,0.3900262467191601,1.0,1
"iteration_2","SCOPE_DATA_COLLECTION",1000,43,2650.0,2710.0,2,6007,3790,1493,6005,3880,1543,5997,3782,1474,13,17,20,0.0021630615640599003,0.004474861805738352,0.013386880856760375,0.31534471010272036,0.6878401677625869,1.1293577506509151,0.6306894202054407,0.6878401677625869,0.7529051671006101,0.28681007170251793,0.4071919619249075,0.41451831750339213,100.0,100.0,4863,3857,2570,44,6,0,0.009047912811022003,0.00155561317085818,0.0,0.6000000000000001,0.5,0.8,0.5,70.0,45.0,55.0,0.6000000000000001,0.5,0.8,0.5,70.0,45.0,55.0,1547,1516,31,1547,0.0200387847446671,1.1329137709368962,1.5,0.7552758472912641,635,0.4188654353562005,1.0,1
"iteration_2","SCOPE_DATA_COLLECTION",1000,44,2710.0,2770.0,0,5780,3844,1547,6007,3790,1493,5776,3800,1512,13,34,30,0.002245638279495595,0.008868022952529996,0.019455252918287938,0.3107792184345455,0.6623552264855073,1.1255100743072701,0.621558436869091,0.6623552264855073,0.7503400495381801,0.27181440443213295,0.39026315789473687,0.4146825396825397,97.5,100.0,4744,3849,2578,50,3,24,0.010539629005059023,7.79423226812159E-4,0.009309542280837859,0.6000000000000001,0.5,0.8,0.5,70.0,45.0,55.0,0.7000000000000001,0.4,0.9,0.5,70.0,35.0,45.0,6010,5996,14,6010,0.002329450915141431,0.3010710293499696,0.5,0.6021420586999392,1548,0.2581721147431621,1.0,1
"iteration_2","SCOPE_DATA_COLLECTION",1000,44,2710.0,2770.0,1,5780,3844,1547,6007,3790,1493,5776,3800,1512,13,34,30,0.002245638279495595,0.008868022952529996,0.019455252918287938,0.3107792184345455,0.6623552264855073,1.1255100743072701,0.621558436869091,0.6623552264855073,0.7503400495381801,0.27181440443213295,0.39026315789473687,0.4146825396825397,97.5,100.0,4744,3849,2578,50,3,24,0.010539629005059023,7.79423226812159E-4,0.009309542280837859,0.6000000000000001,0.5,0.8,0.5,70.0,45.0,55.0,0.7000000000000001,0.4,0.9,0.5,70.0,35.0,45.0,3809,3787,22,3809,0.005775794171698608,0.6637257852097439,1.0,0.6637257852097439,1484,0.39186691312384475,1.0,1
"iteration_2","SCOPE_DATA_COLLECTION",1000,44,2710.0,2770.0,2,5780,3844,1547,6007,3790,1493,5776,3800,1512,13,34,30,0.002245638279495595,0.008868022952529996,0.019455252918287938,0.3107792184345455,0.6623552264855073,1.1255100743072701,0.621558436869091,0.6623552264855073,0.7503400495381801,0.27181440443213295,0.39026315789473687,0.4146825396825397,97.5,100.0,4744,3849,2578,50,3,24,0.010539629005059023,7.79423226812159E-4,0.009309542280837859,0.6000000000000001,0.5,0.8,0.5,70.0,45.0,55.0,0.7000000000000001,0.4,0.9,0.5,70.0,35.0,45.0,1551,1533,18,1551,0.01160541586073501,1.1307485526009269,1.5,0.753832368400618,645,0.4207436399217221,1.0,1
"iteration_2","SCOPE_DATA_COLLECTION",1000,45,2770.0,2830.0,0,6010,3809,1551,5780,3844,1547,5983,3789,1533,14,22,19,0.002334500583625146,0.005772763054316453,0.012242268041237113,0.3014836356362366,0.6646909944278452,1.1340221206804177,0.6029672712724732,0.6646909944278452,0.7560147471202785,0.25906735751295334,0.3919239904988123,0.42204827136333983,97.5,100.0,4768,4641,1961,52,3,0,0.010906040268456376,6.464124111182935E-4,0.0,0.7000000000000001,0.4,0.9,0.5,70.0,35.0,45.0,0.8,0.30000000000000004,0.8,0.6000000000000001,80.0,35.0,35.0,5957,5949,8,5957,0.001342957864696995,0.3046141441194123,0.5,0.6092282882388246,1527,0.2566817952597075,1.0,1
"iteration_2","SCOPE_DATA_COLLECTION",1000,45,2770.0,2830.0,1,6010,3809,1551,5780,3844,1547,5983,3789,1533,14,22,19,0.002334500583625146,0.005772763054316453,0.012242268041237113,0.3014836356362366,0.6646909944278452,1.1340221206804177,0.6029672712724732,0.6646909944278452,0.7560147471202785,0.25906735751295334,0.3919239904988123,0.42204827136333983,97.5,100.0,4768,4641,1961,52,3,0,0.010906040268456376,6.464124111182935E-4,0.0,0.7000000000000001,0.4,0.9,0.5,70.0,35.0,45.0,0.8,0.30000000000000004,0.8,0.6000000000000001,80.0,35.0,35.0,3757,3735,22,3757,0.005855735959542188,0.6758572731380723,1.0,0.6758572731380723,1519,0.4066934404283802,1.0,1
"iteration_2","SCOPE_DATA_COLLECTION",1000,45,2770.0,2830.0,2,6010,3809,1551,5780,3844,1547,5983,3789,1533,14,22,19,0.002334500583625146,0.005772763054316453,0.012242268041237113,0.3014836356362366,0.6646909944278452,1.1340221206804177,0.6029672712724732,0.6646909944278452,0.7560147471202785,0.25906735751295334,0.3919239904988123,0.42204827136333983,97.5,100.0,4768,4641,1961,52,3,0,0.010906040268456376,6.464124111182935E-4,0.0,0.7000000000000001,0.4,0.9,0.5,70.0,35.0,45.0,0.8,0.30000000000000004,0.8,0.6000000000000001,80.0,35.0,35.0,1537,1518,19,1537,0.01236174365647365,1.0852147966563557,1.5,0.7234765311042372,598,0.3939393939393939,1.0,1
"iteration_2","SCOPE_DATA_COLLECTION",1000,46,2830.0,2890.0,0,5957,3757,1537,6010,3809,1551,5954,3728,1509,8,22,19,0.0013418316001341832,0.005866666666666667,0.012434554973821989,0.30390701003495857,0.6707549298935827,1.0909818038624022,0.6078140200699171,0.6707549298935827,0.7273212025749348,0.2554585152838428,0.40370171673819744,0.39695162359178265,95.0,100.0,4897,5089,1265,44,5,0,0.008985092914028997,9.825112988799372E-4,0.0,0.8,0.30000000000000004,0.8,0.6000000000000001,80.0,35.0,35.0,0.9,0.30000000000000004,0.7000000000000001,0.5,80.0,25.0,45.0,5923,5911,12,5923,0.0020260003376667227,0.29758352470353094,0.5,0.5951670494070619,1487,0.2515648790390797,1.0,1
"iteration_2","SCOPE_DATA_COLLECTION",1000,46,2830.0,2890.0,1,5957,3757,1537,6010,3809,1551,5954,3728,1509,8,22,19,0.0013418316001341832,0.005866666666666667,0.012434554973821989,0.30390701003495857,0.6707549298935827,1.0909818038624022,0.6078140200699171,0.6707549298935827,0.7273212025749348,0.2554585152838428,0.40370171673819744,0.39695162359178265,95.0,100.0,4897,5089,1265,44,5,0,0.008985092914028997,9.825112988799372E-4,0.0,0.8,0.30000000000000004,0.8,0.6000000000000001,80.0,35.0,35.0,0.9,0.30000000000000004,0.7000000000000001,0.5,80.0,25.0,45.0,3799,3781,18,3799,0.0047380889707817845,0.673528304939314,1.0,0.673528304939314,1498,0.3961914837344618,1.0,1
"iteration_2","SCOPE_DATA_COLLECTION",1000,46,2830.0,2890.0,2,5957,3757,1537,6010,3809,1551,5954,3728,1509,8,22,19,0.0013418316001341832,0.005866666666666667,0.012434554973821989,0.30390701003495857,0.6707549298935827,1.0909818038624022,0.6078140200699171,0.6707549298935827,0.7273212025749348,0.2554585152838428,0.40370171673819744,0.39695162359178265,95.0,100.0,4897,5089,1265,44,5,0,0.008985092914028997,9.825112988799372E-4,0.0,0.8,0.30000000000000004,0.8,0.6000000000000001,80.0,35.0,35.0,0.9,0.30000000000000004,0.7000000000000001,0.5,80.0,25.0,45.0,1497,1470,27,1497,0.018036072144288578,1.121503279721325,1.5,0.7476688531475499,606,0.4122448979591837,1.0,1
"iteration_2","SCOPE_DATA_COLLECTION",1000,47,2890.0,2950.0,0,5923,3799,1497,5957,3757,1537,5904,3787,1481,12,18,27,0.002028397565922921,0.004730617608409987,0.01790450928381963,0.297643418819126,0.675864442742367,1.1197348427030835,0.595286837638252,0.675864442742367,0.746489895135389,0.25169376693766937,0.39662001584367573,0.4112086428089129,97.5,100.0,4745,5833,641,51,6,0,0.010748155953635406,0.001028630207440425,0.0,0.9,0.30000000000000004,0.7000000000000001,0.5,80.0,25.0,45.0,0.9500000000000001,0.2,0.6000000000000001,0.5,70.0,20.0,55.0,6036,6023,13,6036,0.0021537442014579193,0.3026092747045454,0.5,0.6052185494090908,1464,0.24306823841939232,1.0,1
"iteration_2","SCOPE_DATA_COLLECTION",1000,47,2890.0,2950.0,1,5923,3799,1497,5957,3757,1537,5904,3787,1481,12,18,27,0.002028397565922921,0.004730617608409987,0.01790450928381963,0.297643418819126,0.675864442742367,1.1197348427030835,0.595286837638252,0.675864442742367,0.746489895135389,0.25169376693766937,0.39662001584367573,0.4112086428089129,97.5,100.0,4745,5833,641,51,6,0,0.010748155953635406,0.001028630207440425,0.0,0.9,0.30000000000000004,0.7000000000000001,0.5,80.0,25.0,45.0,0.9500000000000001,0.2,0.6000000000000001,0.5,70.0,20.0,55.0,3858,3838,20,3858,0.005184033177812338,0.6689143369988614,1.0,0.6689143369988614,1531,0.39890568004168836,1.0,1
"iteration_2","SCOPE_DATA_COLLECTION",1000,47,2890.0,2950.0,2,5923,3799,1497,5957,3757,1537,5904,3787,1481,12,18,27,0.002028397565922921,0.004730617608409987,0.01790450928381963,0.297643418819126,0.675864442742367,1.1197348427030835,0.595286837638252,0.675864442742367,0.746489895135389,0.25169376693766937,0.39662001584367573,0.4112086428089129,97.5,100.0,4745,5833,641,51,6,0,0.010748155953635406,0.001028630207440425,0.0,0.9,0.30000000000000004,0.7000000000000001,0.5,80.0,25.0,45.0,0.9500000000000001,0.2,0.6000000000000001,0.5,70.0,20.0,55.0,1518,1496,22,1518,0.014492753623188406,1.1320801232538846,1.5,0.7547200821692565,623,0.4164438502673797,1.0,1
"iteration_2","SCOPE_DATA_COLLECTION",1000,48,2950.0,3010.0,0,6036,3858,1518,5923,3799,1497,6026,3840,1499,13,20,22,0.002152674283821825,0.0051813471502590676,0.014464168310322156,0.3025085984623615,0.6713950602385429,1.1344764895523887,0.605017196924723,0.6713950602385429,0.7563176597015925,0.2427812811151676,0.4015625,0.4176117411607739,97.5,100.0,4841,6229,342,49,6,0,0.010121875645527783,9.632364745545031E-4,0.0,0.9500000000000001,0.2,0.6000000000000001,0.5,70.0,20.0,55.0,0.9500000000000001,0.30000000000000004,0.5,0.6000000000000001,80.0,20.0,65.0,6085,6075,10,6085,0.0016433853738701725,0.30753458575673426,0.5,0.6150691715134685,1552,0.2554732510288066,1.0,1
"iteration_2","SCOPE_DATA_COLLECTION",1000,48,2950.0,3010.0,1,6036,3858,1518,5923,3799,1497,6026,3840,1499,13,20,22,0.002152674283821825,0.0051813471502590676,0.014464168310322156,0.3025085984623615,0.6713950602385429,1.1344764895523887,0.605017196924723,0.6713950602385429,0.7563176597015925,0.2427812811151676,0.4015625,0.4176117411607739,97.5,100.0,4841,6229,342,49,6,0,0.010121875645527783,9.632364745545031E-4,0.0,0.9500000000000001,0.2,0.6000000000000001,0.5,70.0,20.0,55.0,0.9500000000000001,0.30000000000000004,0.5,0.6000000000000001,80.0,20.0,65.0,3871,3857,14,3871,0.003616636528028933,0.653815078867355,1.0,0.653815078867355,1470,0.3811252268602541,1.0,1
"iteration_2","SCOPE_DATA_COLLECTION",1000,48,2950.0,3010.0,2,6036,3858,1518,5923,3799,1497,6026,3840,1499,13,20,22,0.002152674283821825,0.0051813471502590676,0.014464168310322156,0.3025085984623615,0.6713950602385429,1.1344764895523887,0.605017196924723,0.6713950602385429,0.7563176597015925,0.2427812811151676,0.4015625,0.4176117411607739,97.5,100.0,4841,6229,342,49,6,0,0.010121875645527783,9.632364745545031E-4,0.0,0.9500000000000001,0.2,0.6000000000000001,0.5,70.0,20.0,55.0,0.9500000000000001,0.30000000000000004,0.5,0.6000000000000001,80.0,20.0,65.0,1529,1507,22,1529,0.014388489208633094,1.1289389097341371,1.5,0.752625939822758,626,0.41539482415394824,1.0,1
"iteration_2","SCOPE_DATA_COLLECTION",1000,49,3010.0,3070.0,0,6085,3871,1529,6036,3858,1518,6079,3864,1504,10,14,22,0.0016423057973394646,0.0036101083032490976,0.014416775884665793,0.3078223914729996,0.6551770956778419,1.132017402339849,0.6156447829459992,0.6551770956778419,0.754678268226566,0.2559631518341833,0.3817287784679089,0.4162234042553192,100.0,100.0,4813,6312,360,42,4,0,0.008726366091834614,6.337135614702154E-4,0.0,0.9500000000000001,0.30000000000000004,0.5,0.6000000000000001,80.0,20.0,65.0,0.9500000000000001,0.2,0.4,0.7000000000000001,80.0,20.0,75.0,5829,5823,6,5829,0.001029336078229542,0.29363432846897813,0.5,0.5872686569379563,1366,0.23458698265498884,1.0,1
"iteration_2","SCOPE_DATA_COLLECTION",1000,49,3010.0,3070.0,1,6085,3871,1529,6036,3858,1518,6079,3864,1504,10,14,22,0.0016423057973394646,0.0036101083032490976,0.014416775884665793,0.3078223914729996,0.6551770956778419,1.132017402339849,0.6156447829459992,0.6551770956778419,0.754678268226566,0.2559631518341833,0.3817287784679089,0.4162234042553192,100.0,100.0,4813,6312,360,42,4,0,0.008726366091834614,6.337135614702154E-4,0.0,0.9500000000000001,0.30000000000000004,0.5,0.6000000000000001,80.0,20.0,65.0,0.9500000000000001,0.2,0.4,0.7000000000000001,80.0,20.0,75.0,3794,3779,15,3794,0.003953610964681075,0.653221072120623,1.0,0.653221072120623,1479,0.3913733792008468,1.0,1
"iteration_2","SCOPE_DATA_COLLECTION",1000,49,3010.0,3070.0,2,6085,3871,1529,6036,3858,1518,6079,3864,1504,10,14,22,0.0016423057973394646,0.0036101083032490976,0.014416775884665793,0.3078223914729996,0.6551770956778419,1.132017402339849,0.6156447829459992,0.6551770956778419,0.754678268226566,0.2559631518341833,0.3817287784679089,0.4162234042553192,100.0,100.0,4813,6312,360,42,4,0,0.008726366091834614,6.337135614702154E-4,0.0,0.9500000000000001,0.30000000000000004,0.5,0.6000000000000001,80.0,20.0,65.0,0.9500000000000001,0.2,0.4,0.7000000000000001,80.0,20.0,75.0,1520,1509,11,1520,0.007236842105263158,1.1332034864603389,1.5,0.7554689909735592,639,0.4234592445328032,1.0,1
"iteration_2","SCOPE_DATA_COLLECTION",1000,50,3070.0,3130.0,0,5829,3794,1520,6085,3871,1529,5825,3790,1507,6,15,11,0.0010289830217801406,0.003942181340341655,0.007246376811594203,0.293728013005106,0.652503003099497,1.1252310875391351,0.587456026010212,0.652503003099497,0.7501540583594234,0.2350214592274678,0.3912928759894459,0.41937624419376246,97.5,100.0,4718,6113,312,28,4,0,0.005934718100890208,6.543432030099788E-4,0.0,0.9500000000000001,0.2,0.4,0.7000000000000001,80.0,20.0,75.0,0.8500000000000001,0.2,0.5,0.6000000000000001,90.0,20.0,85.0,5906,5898,8,5906,0.0013545546901456147,0.2937406450106508,0.5,0.5874812900213016,1397,0.2368599525262801,1.0,1
"iteration_2","SCOPE_DATA_COLLECTION",1000,50,3070.0,3130.0,1,5829,3794,1520,6085,3871,1529,5825,3790,1507,6,15,11,0.0010289830217801406,0.003942181340341655,0.007246376811594203,0.293728013005106,0.652503003099497,1.1252310875391351,0.587456026010212,0.652503003099497,0.7501540583594234,0.2350214592274678,0.3912928759894459,0.41937624419376246,97.5,100.0,4718,6113,312,28,4,0,0.005934718100890208,6.543432030099788E-4,0.0,0.9500000000000001,0.2,0.4,0.7000000000000001,80.0,20.0,75.0,0.8500000000000001,0.2,0.5,0.6000000000000001,90.0,20.0,85.0,3834,3820,14,3834,0.0036515388628064684,0.6622408886990224,1.0,0.6622408886990224,1520,0.39790575916230364,1.0,1
"iteration_2","SCOPE_DATA_COLLECTION",1000,50,3070.0,3130.0,2,5829,3794,1520,6085,3871,1529,5825,3790,1507,6,15,11,0.0010289830217801406,0.003942181340341655,0.007246376811594203,0.293728013005106,0.652503003099497,1.1252310875391351,0.587456026010212,0.652503003099497,0.7501540583594234,0.2350214592274678,0.3912928759894459,0.41937624419376246,97.5,100.0,4718,6113,312,28,4,0,0.005934718100890208,6.543432030099788E-4,0.0,0.9500000000000001,0.2,0.4,0.7000000000000001,80.0,20.0,75.0,0.8500000000000001,0.2,0.5,0.6000000000000001,90.0,20.0,85.0,1549,1524,25,1549,0.016139444803098774,1.1305731404347172,1.5,0.7537154269564782,641,0.4206036745406824,1.0,1
"iteration_2","SCOPE_DATA_COLLECTION",1000,51,3130.0,3190.0,0,5906,3834,1549,5829,3794,1520,5895,3809,1521,8,14,25,0.001355243096730476,0.0036620455139942452,0.016170763260025874,0.29344829383948545,0.6615508844063932,1.134347931177375,0.5868965876789709,0.6615508844063932,0.75623195411825,0.236980491942324,0.39695458125492256,0.4227481919789612,100.0,100.0,4804,5507,978,43,4,0,0.008950874271440467,7.26348284002179E-4,0.0,0.8500000000000001,0.2,0.5,0.6000000000000001,90.0,20.0,85.0,0.8500000000000001,0.30000000000000004,0.5,0.7000000000000001,95.0,20.0,75.0,5928,5917,11,5928,0.001855600539811066,0.30059565678359057,0.5,0.6011913135671811,1499,0.2533378401216833,1.0,1
"iteration_2","SCOPE_DATA_COLLECTION",1000,51,3130.0,3190.0,1,5906,3834,1549,5829,3794,1520,5895,3809,1521,8,14,25,0.001355243096730476,0.0036620455139942452,0.016170763260025874,0.29344829383948545,0.6615508844063932,1.134347931177375,0.5868965876789709,0.6615508844063932,0.75623195411825,0.236980491942324,0.39695458125492256,0.4227481919789612,100.0,100.0,4804,5507,978,43,4,0,0.008950874271440467,7.26348284002179E-4,0.0,0.8500000000000001,0.2,0.5,0.6000000000000001,90.0,20.0,85.0,0.8500000000000001,0.30000000000000004,0.5,0.7000000000000001,95.0,20.0,75.0,3873,3860,13,3873,0.003356571133488252,0.646204847050283,1.0,0.646204847050283,1476,0.38238341968911915,1.0,1
"iteration_2","SCOPE_DATA_COLLECTION",1000,51,3130.0,3190.0,2,5906,3834,1549,5829,3794,1520,5895,3809,1521,8,14,25,0.001355243096730476,0.0036620455139942452,0.016170763260025874,0.29344829383948545,0.6615508844063932,1.134347931177375,0.5868965876789709,0.6615508844063932,0.75623195411825,0.236980491942324,0.39695458125492256,0.4227481919789612,100.0,100.0,4804,5507,978,43,4,0,0.008950874271440467,7.26348284002179E-4,0.0,0.8500000000000001,0.2,0.5,0.6000000000000001,90.0,20.0,85.0,0.8500000000000001,0.30000000000000004,0.5,0.7000000000000001,95.0,20.0,75.0,1575,1549,26,1575,0.01650793650793651,1.145993686231852,1.5,0.7639957908212347,657,0.42414460942543575,1.0,1
"iteration_2","SCOPE_DATA_COLLECTION",1000,52,3190.0,3250.0,0,5928,3873,1575,5906,3834,1549,5900,3865,1553,11,13,26,0.0018609372356623245,0.0033522434244455906,0.016466117796073463,0.29949040142942723,0.6452718846407733,1.13945936243593,0.5989808028588545,0.6452718846407733,0.7596395749572866,0.2513559322033898,0.3826649417852523,0.4217643271088216,95.0,100.0,4734,5608,1034,49,1,0,0.010350654837346852,1.783166904422254E-4,0.0,0.8500000000000001,0.30000000000000004,0.5,0.7000000000000001,95.0,20.0,75.0,0.65,0.7000000000000001,0.9,0.6000000000000001,90.0,55.0,30.0,6079,6064,15,6079,0.0024675111037999672,0.31322042046851656,0.5,0.6264408409370331,1728,0.2849604221635884,1.0,1
"iteration_2","SCOPE_DATA_COLLECTION",1000,52,3190.0,3250.0,1,5928,3873,1575,5906,3834,1549,5900,3865,1553,11,13,26,0.0018609372356623245,0.0033522434244455906,0.016466117796073463,0.29949040142942723,0.6452718846407733,1.13945936243593,0.5989808028588545,0.6452718846407733,0.7596395749572866,0.2513559322033898,0.3826649417852523,0.4217643271088216,95.0,100.0,4734,5608,1034,49,1,0,0.010350654837346852,1.783166904422254E-4,0.0,0.8500000000000001,0.30000000000000004,0.5,0.7000000000000001,95.0,20.0,75.0,0.65,0.7000000000000001,0.9,0.6000000000000001,90.0,55.0,30.0,3791,3763,28,3791,0.0073859140068583485,0.6639481121099217,1.0,0.6639481121099217,1428,0.37948445389317037,1.0,1
"iteration_2","SCOPE_DATA_COLLECTION",1000,52,3190.0,3250.0,2,5928,3873,1575,5906,3834,1549,5900,3865,1553,11,13,26,0.0018609372356623245,0.0033522434244455906,0.016466117796073463,0.29949040142942723,0.6452718846407733,1.13945936243593,0.5989808028588545,0.6452718846407733,0.7596395749572866,0.2513559322033898,0.3826649417852523,0.4217643271088216,95.0,100.0,4734,5608,1034,49,1,0,0.010350654837346852,1.783166904422254E-4,0.0,0.8500000000000001,0.30000000000000004,0.5,0.7000000000000001,95.0,20.0,75.0,0.65,0.7000000000000001,0.9,0.6000000000000001,90.0,55.0,30.0,1620,1591,29,1620,0.017901234567901235,1.1515665245195008,1.5,0.7677110163463339,675,0.42426147077309867,1.0,1
"iteration_2","SCOPE_DATA_COLLECTION",1000,53,3250.0,3310.0,0,6079,3791,1620,5928,3873,1575,6074,3750,1587,15,28,29,0.002463458696009197,0.007411328745367919,0.017945544554455444,0.3128708839303982,0.6645505565592762,1.1487272443457321,0.6257417678607964,0.6645505565592762,0.7658181628971548,0.2848205465920316,0.38026666666666664,0.4228103339634531,97.5,100.0,4732,4342,2416,68,4,0,0.014370245139475908,9.212344541685859E-4,0.0,0.65,0.7000000000000001,0.9,0.6000000000000001,90.0,55.0,30.0,0.75,0.6000000000000001,0.9,0.7000000000000001,90.0,45.0,20.0,6023,6004,19,6023,0.0031545741324921135,0.3150478921213028,0.5,0.6300957842426056,1680,0.2798134576948701,1.0,1
"iteration_2","SCOPE_DATA_COLLECTION",1000,53,3250.0,3310.0,1,6079,3791,1620,5928,3873,1575,6074,3750,1587,15,28,29,0.002463458696009197,0.007411328745367919,0.017945544554455444,0.3128708839303982,0.6645505565592762,1.1487272443457321,0.6257417678607964,0.6645505565592762,0.7658181628971548,0.2848205465920316,0.38026666666666664,0.4228103339634531,97.5,100.0,4732,4342,2416,68,4,0,0.014370245139475908,9.212344541685859E-4,0.0,0.65,0.7000000000000001,0.9,0.6000000000000001,90.0,55.0,30.0,0.75,0.6000000000000001,0.9,0.7000000000000001,90.0,45.0,20.0,3774,3745,29,3774,0.007684154742978272,0.6610606046057207,1.0,0.6610606046057207,1448,0.386648865153538,1.0,1
"iteration_2","SCOPE_DATA_COLLECTION",1000,53,3250.0,3310.0,2,6079,3791,1620,5928,3873,1575,6074,3750,1587,15,28,29,0.002463458696009197,0.007411328745367919,0.017945544554455444,0.3128708839303982,0.6645505565592762,1.1487272443457321,0.6257417678607964,0.6645505565592762,0.7658181628971548,0.2848205465920316,0.38026666666666664,0.4228103339634531,97.5,100.0,4732,4342,2416,68,4,0,0.014370245139475908,9.212344541685859E-4,0.0,0.65,0.7000000000000001,0.9,0.6000000000000001,90.0,55.0,30.0,0.75,0.6000000000000001,0.9,0.7000000000000001,90.0,45.0,20.0,1513,1487,26,1513,0.017184401850627893,1.111468078172891,1.5,0.7409787187819273,602,0.40484196368527237,1.0,1
"iteration_2","SCOPE_DATA_COLLECTION",1000,54,3310.0,3370.0,0,6023,3774,1513,6079,3791,1620,5999,3733,1486,19,29,26,0.0031571950814223994,0.007708665603402445,0.017195767195767195,0.31547834867724667,0.6591086059010027,1.1198321387374002,0.6309566973544933,0.6591086059010027,0.7465547591582667,0.2798799799966661,0.38387356013929813,0.40915208613728127,100.0,100.0,4834,4904,1572,70,4,0,0.014480761274306992,8.156606851549756E-4,0.0,0.75,0.6000000000000001,0.9,0.7000000000000001,90.0,45.0,20.0,0.8500000000000001,0.7000000000000001,0.8,0.8,80.0,55.0,20.0,5965,5957,8,5965,0.001341156747694887,0.30503109745840984,0.5,0.6100621949168197,1533,0.2573443008225617,1.0,1
"iteration_2","SCOPE_DATA_COLLECTION",1000,54,3310.0,3370.0,1,6023,3774,1513,6079,3791,1620,5999,3733,1486,19,29,26,0.0031571950814223994,0.007708665603402445,0.017195767195767195,0.31547834867724667,0.6591086059010027,1.1198321387374002,0.6309566973544933,0.6591086059010027,0.7465547591582667,0.2798799799966661,0.38387356013929813,0.40915208613728127,100.0,100.0,4834,4904,1572,70,4,0,0.014480761274306992,8.156606851549756E-4,0.0,0.75,0.6000000000000001,0.9,0.7000000000000001,90.0,45.0,20.0,0.8500000000000001,0.7000000000000001,0.8,0.8,80.0,55.0,20.0,3786,3750,36,3786,0.009508716323296355,0.6703843104084852,1.0,0.6703843104084852,1472,0.39253333333333335,1.0,1
"iteration_2","SCOPE_DATA_COLLECTION",1000,54,3310.0,3370.0,2,6023,3774,1513,6079,3791,1620,5999,3733,1486,19,29,26,0.0031571950814223994,0.007708665603402445,0.017195767195767195,0.31547834867724667,0.6591086059010027,1.1198321387374002,0.6309566973544933,0.6591086059010027,0.7465547591582667,0.2798799799966661,0.38387356013929813,0.40915208613728127,100.0,100.0,4834,4904,1572,70,4,0,0.014480761274306992,8.156606851549756E-4,0.0,0.75,0.6000000000000001,0.9,0.7000000000000001,90.0,45.0,20.0,0.8500000000000001,0.7000000000000001,0.8,0.8,80.0,55.0,20.0,1511,1474,37,1511,0.024487094639311716,1.1227455727298183,1.5,0.7484970484865455,605,0.41044776119402987,1.0,1
"iteration_2","SCOPE_DATA_COLLECTION",1000,55,3370.0,3430.0,0,5965,3786,1511,6023,3774,1513,5962,3761,1473,8,36,37,0.001340033500837521,0.00948116934421912,0.024503311258278145,0.30563927424612386,0.6687856617786047,1.1178403961790164,0.6112785484922477,0.6687856617786047,0.745226930786011,0.2579671251257967,0.39271470353629356,0.40801086218601496,100.0,100.0,4739,5590,933,77,4,0,0.01624815361890694,7.155635062611807E-4,0.0,0.8500000000000001,0.7000000000000001,0.8,0.8,80.0,55.0,20.0,0.8500000000000001,0.7000000000000001,0.8,0.8,80.0,55.0,20.0,5955,5937,18,5955,0.003022670025188917,0.3221486190235049,0.5,0.6442972380470098,1740,0.29307731177362306,1.0,1
"iteration_2","SCOPE_DATA_COLLECTION",1000,55,3370.0,3430.0,1,5965,3786,1511,6023,3774,1513,5962,3761,1473,8,36,37,0.001340033500837521,0.00948116934421912,0.024503311258278145,0.30563927424612386,0.6687856617786047,1.1178403961790164,0.6112785484922477,0.6687856617786047,0.745226930786011,0.2579671251257967,0.39271470353629356,0.40801086218601496,100.0,100.0,4739,5590,933,77,4,0,0.01624815361890694,7.155635062611807E-4,0.0,0.8500000000000001,0.7000000000000001,0.8,0.8,80.0,55.0,20.0,0.8500000000000001,0.7000000000000001,0.8,0.8,80.0,55.0,20.0,3808,3782,26,3808,0.006827731092436975,0.6784712332150166,1.0,0.6784712332150166,1494,0.3950290851401375,1.0,1
"iteration_2","SCOPE_DATA_COLLECTION",1000,55,3370.0,3430.0,2,5965,3786,1511,6023,3774,1513,5962,3761,1473,8,36,37,0.001340033500837521,0.00948116934421912,0.024503311258278145,0.30563927424612386,0.6687856617786047,1.1178403961790164,0.6112785484922477,0.6687856617786047,0.745226930786011,0.2579671251257967,0.39271470353629356,0.40801086218601496,100.0,100.0,4739,5590,933,77,4,0,0.01624815361890694,7.155635062611807E-4,0.0,0.8500000000000001,0.7000000000000001,0.8,0.8,80.0,55.0,20.0,0.8500000000000001,0.7000000000000001,0.8,0.8,80.0,55.0,20.0,1503,1481,22,1503,0.014637391882900865,1.1127729224112795,1.5,0.741848614940853,601,0.40580688723835245,1.0,1
"iteration_2","SCOPE_DATA_COLLECTION",1000,56,3430.0,3490.0,0,5955,3808,1503,5965,3786,1511,5942,3787,1489,18,26,22,0.0030201342281879194,0.006818777865198007,0.01455989410986102,0.3228060974142607,0.6800427150750442,1.1167314910623505,0.6456121948285214,0.6800427150750442,0.7444876607082337,0.2938404577583305,0.3963559545814629,0.40698455339153794,95.0,100.0,4882,5395,989,62,4,0,0.012699713232281851,7.414272474513438E-4,0.0,0.8500000000000001,0.7000000000000001,0.8,0.8,80.0,55.0,20.0,0.75,0.6000000000000001,0.7000000000000001,0.8,70.0,45.0,30.0,5990,5973,17,5990,0.0028380634390651085,0.3094188066056168,0.5,0.6188376132112337,1609,0.26937887158881635,1.0,1
"iteration_2","SCOPE_DATA_COLLECTION",1000,56,3430.0,3490.0,1,5955,3808,1503,5965,3786,1511,5942,3787,1489,18,26,22,0.0030201342281879194,0.006818777865198007,0.01455989410986102,0.3228060974142607,0.6800427150750442,1.1167314910623505,0.6456121948285214,0.6800427150750442,0.7444876607082337,0.2938404577583305,0.3963559545814629,0.40698455339153794,95.0,100.0,4882,5395,989,62,4,0,0.012699713232281851,7.414272474513438E-4,0.0,0.8500000000000001,0.7000000000000001,0.8,0.8,80.0,55.0,20.0,0.75,0.6000000000000001,0.7000000000000001,0.8,70.0,45.0,30.0,3946,3916,30,3946,0.007602635580334516,0.6894705878038291,1.0,0.6894705878038291,1590,0.40602655771195095,1.0,1
"iteration_2","SCOPE_DATA_COLLECTION",1000,56,3430.0,3490.0,2,5955,3808,1503,5965,3786,1511,5942,3787,1489,18,26,22,0.0030201342281879194,0.006818777865198007,0.01455989410986102,0.3228060974142607,0.6800427150750442,1.1167314910623505,0.6456121948285214,0.6800427150750442,0.7444876607082337,0.2938404577583305,0.3963559545814629,0.40698455339153794,95.0,100.0,4882,5395,989,62,4,0,0.012699713232281851,7.414272474513438E-4,0.0,0.8500000000000001,0.7000000000000001,0.8,0.8,80.0,55.0,20.0,0.75,0.6000000000000001,0.7000000000000001,0.8,70.0,45.0,30.0,1531,1497,34,1531,0.022207707380796866,1.1003140037974972,1.5,0.7335426691983314,595,0.3974615898463594,1.0,1
"iteration_2","SCOPE_DATA_COLLECTION",1000,57,3490.0,3550.0,0,5990,3946,1531,5955,3808,1503,5975,3911,1491,17,30,34,0.0028371161548731644,0.0076122811469170265,0.022295081967213116,0.30916893028715264,0.6886597615530763,1.0996727113410574,0.6183378605743053,0.6886597615530763,0.7331151408940383,0.2694560669456067,0.40424443876246485,0.3983903420523139,100.0,100.0,4861,4951,1655,75,6,0,0.015428924089693478,0.001211876388608362,0.0,0.75,0.6000000000000001,0.7000000000000001,0.8,70.0,45.0,30.0,0.8500000000000001,0.5,0.6000000000000001,0.8,60.0,35.0,20.0,5933,5916,17,5933,0.0028653295128939827,0.3092959678465912,0.5,0.6185919356931824,1578,0.2667342799188641,1.0,1
"iteration_2","SCOPE_DATA_COLLECTION",1000,57,3490.0,3550.0,1,5990,3946,1531,5955,3808,1503,5975,3911,1491,17,30,34,0.0028371161548731644,0.0076122811469170265,0.022295081967213116,0.30916893028715264,0.6886597615530763,1.0996727113410574,0.6183378605743053,0.6886597615530763,0.7331151408940383,0.2694560669456067,0.40424443876246485,0.3983903420523139,100.0,100.0,4861,4951,1655,75,6,0,0.015428924089693478,0.001211876388608362,0.0,0.75,0.6000000000000001,0.7000000000000001,0.8,70.0,45.0,30.0,0.8500000000000001,0.5,0.6000000000000001,0.8,60.0,35.0,20.0,3866,3839,27,3866,0.006983962752198655,0.6703028664287598,1.0,0.6703028664287598,1497,0.3899452982547538,1.0,1
"iteration_2","SCOPE_DATA_COLLECTION",1000,57,3490.0,3550.0,2,5990,3946,1531,5955,3808,1503,5975,3911,1491,17,30,34,0.0028371161548731644,0.0076122811469170265,0.022295081967213116,0.30916893028715264,0.6886597615530763,1.0996727113410574,0.6183378605743053,0.6886597615530763,0.7331151408940383,0.2694560669456067,0.40424443876246485,0.3983903420523139,100.0,100.0,4861,4951,1655,75,6,0,0.015428924089693478,0.001211876388608362,0.0,0.75,0.6000000000000001,0.7000000000000001,0.8,70.0,45.0,30.0,0.8500000000000001,0.5,0.6000000000000001,0.8,60.0,35.0,20.0,1553,1516,37,1553,0.023824855119124275,1.1656841719724589,1.5,0.7771227813149726,652,0.43007915567282323,1.0,1
"iteration_2","SCOPE_DATA_COLLECTION",1000,58,3550.0,3617.9216145145133,0,5933,3866,1553,5990,3946,1531,5915,3837,1514,17,27,37,0.0028658125421443022,0.006987577639751553,0.02385557704706641,0.30940150974864233,0.6705055885555581,1.167352457518115,0.6188030194972847,0.6705055885555581,0.7782349716787432,0.2669484361792054,0.39066979410998176,0.43064729194187584,100.0,100.0,4768,5595,989,74,7,0,0.01552013422818792,0.0012511170688114387,0.0,0.8500000000000001,0.5,0.6000000000000001,0.8,60.0,35.0,20.0,0.8500000000000001,0.5,0.6000000000000001,0.8,70.0,45.0,20.0,4990,4951,12,4963,0.0024178924037880313,0.3112926093074649,0.5,0.6225852186149298,1355,0.2736820844273884,0.9945891783567135,0
"iteration_2","SCOPE_DATA_COLLECTION",1000,58,3550.0,3617.9216145145133,1,5933,3866,1553,5990,3946,1531,5915,3837,1514,17,27,37,0.0028658125421443022,0.006987577639751553,0.02385557704706641,0.30940150974864233,0.6705055885555581,1.167352457518115,0.6188030194972847,0.6705055885555581,0.7782349716787432,0.2669484361792054,0.39066979410998176,0.43064729194187584,100.0,100.0,4768,5595,989,74,7,0,0.01552013422818792,0.0012511170688114387,0.0,0.8500000000000001,0.5,0.6000000000000001,0.8,60.0,35.0,20.0,0.8500000000000001,0.5,0.6000000000000001,0.8,70.0,45.0,20.0,3228,3171,16,3187,0.005020395356134295,0.65768261821555,1.0,0.65768261821555,1206,0.380321665089877,0.9872986369268897,0
"iteration_2","SCOPE_DATA_COLLECTION",1000,58,3550.0,3617.9216145145133,2,5933,3866,1553,5990,3946,1531,5915,3837,1514,17,27,37,0.0028658125421443022,0.006987577639751553,0.02385557704706641,0.30940150974864233,0.6705055885555581,1.167352457518115,0.6188030194972847,0.6705055885555581,0.7782349716787432,0.2669484361792054,0.39066979410998176,0.43064729194187584,100.0,100.0,4768,5595,989,74,7,0,0.01552013422818792,0.0012511170688114387,0.0,0.8500000000000001,0.5,0.6000000000000001,0.8,60.0,35.0,20.0,0.8500000000000001,0.5,0.6000000000000001,0.8,70.0,45.0,20.0,1249,1194,24,1218,0.019704433497536946,1.1204748417701018,1.5,0.7469832278467345,486,0.40703517587939697,0.9751801441152922,0
"iteration_2","SCOPE_DATA_COLLECTION",1100,0,70.0,130.0,0,6223,4123,1486,0,0,0,6173,4052,1445,13,16,19,0.0021015195602974456,0.003933136676499509,0.012978142076502733,0.30024097757162577,0.6455008850098786,1.1222476397369414,0.6004819551432515,0.6455008850098786,0.748165093157961,0.2531994168151628,0.36426456071076013,0.41038062283737026,100.0,100.0,4730,4278,2824,44,4,0,0.009302325581395349,9.350163627863488E-4,0.0,0.6,0.5,0.7,0.4,85.0,80.0,90.0,0.7000000000000001,0.2,0.9,0.7000000000000001,25.0,60.0,30.0,6787,6785,2,6787,2.946810078090467E-4,0.2740668069016271,0.5,0.5481336138032542,1473,0.21709653647752394,1.0,1
"iteration_2","SCOPE_DATA_COLLECTION",1100,0,70.0,130.0,1,6223,4123,1486,0,0,0,6173,4052,1445,13,16,19,0.0021015195602974456,0.003933136676499509,0.012978142076502733,0.30024097757162577,0.6455008850098786,1.1222476397369414,0.6004819551432515,0.6455008850098786,0.748165093157961,0.2531994168151628,0.36426456071076013,0.41038062283737026,100.0,100.0,4730,4278,2824,44,4,0,0.009302325581395349,9.350163627863488E-4,0.0,0.6,0.5,0.7,0.4,85.0,80.0,90.0,0.7000000000000001,0.2,0.9,0.7000000000000001,25.0,60.0,30.0,4623,4594,29,4623,0.00627298291152931,0.6459797202716666,1.0,0.6459797202716666,1721,0.3746190683500218,1.0,1
"iteration_2","SCOPE_DATA_COLLECTION",1100,0,70.0,130.0,2,6223,4123,1486,0,0,0,6173,4052,1445,13,16,19,0.0021015195602974456,0.003933136676499509,0.012978142076502733,0.30024097757162577,0.6455008850098786,1.1222476397369414,0.6004819551432515,0.6455008850098786,0.748165093157961,0.2531994168151628,0.36426456071076013,0.41038062283737026,100.0,100.0,4730,4278,2824,44,4,0,0.009302325581395349,9.350163627863488E-4,0.0,0.6,0.5,0.7,0.4,85.0,80.0,90.0,0.7000000000000001,0.2,0.9,0.7000000000000001,25.0,60.0,30.0,1553,1521,32,1553,0.0206052801030264,1.0407995877619438,1.5,0.6938663918412958,565,0.3714661406969099,1.0,1
"iteration_2","SCOPE_DATA_COLLECTION",1100,1,130.0,190.0,0,6787,4623,1553,6223,4123,1486,6795,4592,1518,2,29,32,2.9424746211563924E-4,0.006275697900887254,0.02064516129032258,0.27428529613906877,0.6445395167960477,1.0376236468013555,0.5485705922781375,0.6445395167960477,0.6917490978675703,0.21810154525386313,0.373911149825784,0.3702239789196311,97.5,100.0,5138,5461,2364,60,3,0,0.011677695601401323,5.493499359091741E-4,0.0,0.7000000000000001,0.2,0.9,0.7000000000000001,25.0,60.0,30.0,0.8500000000000001,0.8,0.30000000000000004,0.6000000000000001,75.0,30.0,30.0,6646,6632,14,6646,0.0021065302437556425,0.30343147638577683,0.5,0.6068629527715537,1820,0.2744270205066345,1.0,1
"iteration_2","SCOPE_DATA_COLLECTION",1100,1,130.0,190.0,1,6787,4623,1553,6223,4123,1486,6795,4592,1518,2,29,32,2.9424746211563924E-4,0.006275697900887254,0.02064516129032258,0.27428529613906877,0.6445395167960477,1.0376236468013555,0.5485705922781375,0.6445395167960477,0.6917490978675703,0.21810154525386313,0.373911149825784,0.3702239789196311,97.5,100.0,5138,5461,2364,60,3,0,0.011677695601401323,5.493499359091741E-4,0.0,0.7000000000000001,0.2,0.9,0.7000000000000001,25.0,60.0,30.0,0.8500000000000001,0.8,0.30000000000000004,0.6000000000000001,75.0,30.0,30.0,4452,4443,9,4452,0.0020215633423180594,0.6323816264342575,1.0,0.6323816264342575,1621,0.3648435741616025,1.0,1
"iteration_2","SCOPE_DATA_COLLECTION",1100,1,130.0,190.0,2,6787,4623,1553,6223,4123,1486,6795,4592,1518,2,29,32,2.9424746211563924E-4,0.006275697900887254,0.02064516129032258,0.27428529613906877,0.6445395167960477,1.0376236468013555,0.5485705922781375,0.6445395167960477,0.6917490978675703,0.21810154525386313,0.373911149825784,0.3702239789196311,97.5,100.0,5138,5461,2364,60,3,0,0.011677695601401323,5.493499359091741E-4,0.0,0.7000000000000001,0.2,0.9,0.7000000000000001,25.0,60.0,30.0,0.8500000000000001,0.8,0.30000000000000004,0.6000000000000001,75.0,30.0,30.0,1555,1530,25,1555,0.01607717041800643,1.0684021334178075,1.5,0.712268088945205,585,0.38235294117647056,1.0,1
"iteration_2","SCOPE_DATA_COLLECTION",1100,2,190.0,250.0,0,6646,4452,1555,6787,4623,1553,6632,4463,1531,14,9,25,0.0021065302437556425,0.002012522361359571,0.016066838046272493,0.3029676773650174,0.6375905832736818,1.0665298569121775,0.6059353547300348,0.6375905832736818,0.7110199046081184,0.2738238841978287,0.3674658301590858,0.3807968647942521,100.0,100.0,4932,6533,1188,41,7,0,0.008313057583130576,0.0010714832389407624,0.0,0.8500000000000001,0.8,0.30000000000000004,0.6000000000000001,75.0,30.0,30.0,0.9500000000000001,0.7000000000000001,0.4,0.5,85.0,40.0,20.0,6565,6552,13,6565,0.0019801980198019802,0.3197776818041422,0.5,0.6395553636082844,1811,0.2764041514041514,1.0,1
"iteration_2","SCOPE_DATA_COLLECTION",1100,2,190.0,250.0,1,6646,4452,1555,6787,4623,1553,6632,4463,1531,14,9,25,0.0021065302437556425,0.002012522361359571,0.016066838046272493,0.3029676773650174,0.6375905832736818,1.0665298569121775,0.6059353547300348,0.6375905832736818,0.7110199046081184,0.2738238841978287,0.3674658301590858,0.3807968647942521,100.0,100.0,4932,6533,1188,41,7,0,0.008313057583130576,0.0010714832389407624,0.0,0.8500000000000001,0.8,0.30000000000000004,0.6000000000000001,75.0,30.0,30.0,0.9500000000000001,0.7000000000000001,0.4,0.5,85.0,40.0,20.0,4524,4499,25,4524,0.005526083112290009,0.6519816731864762,1.0,0.6519816731864762,1656,0.36808179595465657,1.0,1
"iteration_2","SCOPE_DATA_COLLECTION",1100,2,190.0,250.0,2,6646,4452,1555,6787,4623,1553,6632,4463,1531,14,9,25,0.0021065302437556425,0.002012522361359571,0.016066838046272493,0.3029676773650174,0.6375905832736818,1.0665298569121775,0.6059353547300348,0.6375905832736818,0.7110199046081184,0.2738238841978287,0.3674658301590858,0.3807968647942521,100.0,100.0,4932,6533,1188,41,7,0,0.008313057583130576,0.0010714832389407624,0.0,0.8500000000000001,0.8,0.30000000000000004,0.6000000000000001,75.0,30.0,30.0,0.9500000000000001,0.7000000000000001,0.4,0.5,85.0,40.0,20.0,1526,1505,21,1526,0.013761467889908258,1.0639965434569674,1.5,0.7093310289713116,556,0.36943521594684386,1.0,1
"iteration_2","SCOPE_DATA_COLLECTION",1100,3,250.0,310.0,0,6565,4524,1526,6646,4452,1555,6546,4478,1497,13,25,21,0.0019820094526604667,0.00555185431934266,0.01383399209486166,0.32033605983560726,0.6469852496906983,1.0591557237594402,0.6406721196712145,0.6469852496906983,0.7061038158396268,0.27650473571646805,0.3651183564091112,0.36740146960587844,97.5,100.0,5015,7236,364,50,9,0,0.009970089730807577,0.0012437810945273632,0.0,0.9500000000000001,0.7000000000000001,0.4,0.5,85.0,40.0,20.0,0.8500000000000001,0.8,0.30000000000000004,0.6000000000000001,75.0,40.0,20.0,6627,6607,20,6627,0.003017956843217142,0.3200379840267695,0.5,0.640075968053539,1905,0.28833055849856215,1.0,1
"iteration_2","SCOPE_DATA_COLLECTION",1100,3,250.0,310.0,1,6565,4524,1526,6646,4452,1555,6546,4478,1497,13,25,21,0.0019820094526604667,0.00555185431934266,0.01383399209486166,0.32033605983560726,0.6469852496906983,1.0591557237594402,0.6406721196712145,0.6469852496906983,0.7061038158396268,0.27650473571646805,0.3651183564091112,0.36740146960587844,97.5,100.0,5015,7236,364,50,9,0,0.009970089730807577,0.0012437810945273632,0.0,0.9500000000000001,0.7000000000000001,0.4,0.5,85.0,40.0,20.0,0.8500000000000001,0.8,0.30000000000000004,0.6000000000000001,75.0,40.0,20.0,4580,4554,26,4580,0.005676855895196507,0.6286508438257847,1.0,0.6286508438257847,1613,0.35419411506368026,1.0,1
"iteration_2","SCOPE_DATA_COLLECTION",1100,3,250.0,310.0,2,6565,4524,1526,6646,4452,1555,6546,4478,1497,13,25,21,0.0019820094526604667,0.00555185431934266,0.01383399209486166,0.32033605983560726,0.6469852496906983,1.0591557237594402,0.6406721196712145,0.6469852496906983,0.7061038158396268,0.27650473571646805,0.3651183564091112,0.36740146960587844,97.5,100.0,5015,7236,364,50,9,0,0.009970089730807577,0.0012437810945273632,0.0,0.9500000000000001,0.7000000000000001,0.4,0.5,85.0,40.0,20.0,0.8500000000000001,0.8,0.30000000000000004,0.6000000000000001,75.0,40.0,20.0,1584,1563,21,1584,0.013257575757575758,1.0812277942981674,1.5,0.7208185295321116,600,0.3838771593090211,1.0,1
"iteration_2","SCOPE_DATA_COLLECTION",1100,4,310.0,370.0,0,6627,4580,1584,6565,4524,1526,6615,4549,1571,20,26,21,0.003014318010550113,0.0056830601092896175,0.013190954773869347,0.3205394323528772,0.6313174862535567,1.088723879986782,0.6410788647057544,0.6313174862535567,0.725815919991188,0.2893424036281179,0.3550230819960431,0.38765117759388923,100.0,100.0,4988,6678,1125,61,6,0,0.01222935044105854,8.984725965858042E-4,0.0,0.8500000000000001,0.8,0.30000000000000004,0.6000000000000001,75.0,40.0,20.0,0.75,0.9,0.30000000000000004,0.6000000000000001,65.0,30.0,30.0,6455,6447,8,6455,0.0012393493415956622,0.3214172909056689,0.5,0.6428345818113378,1820,0.28230184581976114,1.0,1
"iteration_2","SCOPE_DATA_COLLECTION",1100,4,310.0,370.0,1,6627,4580,1584,6565,4524,1526,6615,4549,1571,20,26,21,0.003014318010550113,0.0056830601092896175,0.013190954773869347,0.3205394323528772,0.6313174862535567,1.088723879986782,0.6410788647057544,0.6313174862535567,0.725815919991188,0.2893424036281179,0.3550230819960431,0.38765117759388923,100.0,100.0,4988,6678,1125,61,6,0,0.01222935044105854,8.984725965858042E-4,0.0,0.8500000000000001,0.8,0.30000000000000004,0.6000000000000001,75.0,40.0,20.0,0.75,0.9,0.30000000000000004,0.6000000000000001,65.0,30.0,30.0,4391,4367,24,4391,0.005465725347301298,0.6616639141989958,1.0,0.6616639141989958,1666,0.38149759560338903,1.0,1
"iteration_2","SCOPE_DATA_COLLECTION",1100,4,310.0,370.0,2,6627,4580,1584,6565,4524,1526,6615,4549,1571,20,26,21,0.003014318010550113,0.0056830601092896175,0.013190954773869347,0.3205394323528772,0.6313174862535567,1.088723879986782,0.6410788647057544,0.6313174862535567,0.725815919991188,0.2893424036281179,0.3550230819960431,0.38765117759388923,100.0,100.0,4988,6678,1125,61,6,0,0.01222935044105854,8.984725965858042E-4,0.0,0.8500000000000001,0.8,0.30000000000000004,0.6000000000000001,75.0,40.0,20.0,0.75,0.9,0.30000000000000004,0.6000000000000001,65.0,30.0,30.0,1617,1595,22,1617,0.013605442176870748,1.0560938819740395,1.5,0.7040625879826931,591,0.3705329153605016,1.0,1
"iteration_2","SCOPE_DATA_COLLECTION",1100,5,370.0,430.0,0,6455,4391,1617,6627,4580,1584,6422,4379,1591,8,23,22,0.001244167962674961,0.005224897773739209,0.013639181649101054,0.31962104256192064,0.6621515824509863,1.0570337645915373,0.6392420851238413,0.6621515824509863,0.7046891763943582,0.2798193709124883,0.38227905914592375,0.3702074167190446,97.5,100.0,4926,5656,1881,48,5,0,0.0097442143727162,8.84016973125884E-4,0.0,0.75,0.9,0.30000000000000004,0.6000000000000001,65.0,30.0,30.0,0.75,0.9,0.30000000000000004,0.6000000000000001,55.0,20.0,30.0,6650,6638,12,6650,0.0018045112781954887,0.310507022642565,0.5,0.62101404528513,1847,0.27824645977704127,1.0,1
"iteration_2","SCOPE_DATA_COLLECTION",1100,5,370.0,430.0,1,6455,4391,1617,6627,4580,1584,6422,4379,1591,8,23,22,0.001244167962674961,0.005224897773739209,0.013639181649101054,0.31962104256192064,0.6621515824509863,1.0570337645915373,0.6392420851238413,0.6621515824509863,0.7046891763943582,0.2798193709124883,0.38227905914592375,0.3702074167190446,97.5,100.0,4926,5656,1881,48,5,0,0.0097442143727162,8.84016973125884E-4,0.0,0.75,0.9,0.30000000000000004,0.6000000000000001,65.0,30.0,30.0,0.75,0.9,0.30000000000000004,0.6000000000000001,55.0,20.0,30.0,4403,4383,20,4403,0.0045423574835339545,0.6323839836856587,1.0,0.6323839836856587,1620,0.36960985626283366,1.0,1
"iteration_2","SCOPE_DATA_COLLECTION",1100,5,370.0,430.0,2,6455,4391,1617,6627,4580,1584,6422,4379,1591,8,23,22,0.001244167962674961,0.005224897773739209,0.013639181649101054,0.31962104256192064,0.6621515824509863,1.0570337645915373,0.6392420851238413,0.6621515824509863,0.7046891763943582,0.2798193709124883,0.38227905914592375,0.3702074167190446,97.5,100.0,4926,5656,1881,48,5,0,0.0097442143727162,8.84016973125884E-4,0.0,0.75,0.9,0.30000000000000004,0.6000000000000001,65.0,30.0,30.0,0.75,0.9,0.30000000000000004,0.6000000000000001,55.0,20.0,30.0,1547,1513,34,1547,0.02197802197802198,1.101631454220345,1.5,0.73442096948023,596,0.3939193654990086,1.0,1
"iteration_2","SCOPE_DATA_COLLECTION",1100,6,430.0,490.0,0,6650,4403,1547,6455,4391,1617,6646,4383,1515,12,21,34,0.0018023430459597476,0.004768392370572207,0.02194964493221433,0.3113624024967244,0.631931361615613,1.101642495349868,0.6227248049934488,0.631931361615613,0.7344283302332454,0.27881432440565757,0.36915354779831167,0.3940594059405941,97.5,100.0,4911,5711,1978,61,6,0,0.012421095499898187,0.0010506040973559797,0.0,0.75,0.9,0.30000000000000004,0.6000000000000001,55.0,20.0,30.0,0.75,0.9,0.2,0.6000000000000001,45.0,30.0,40.0,6578,6565,13,6578,0.001976284584980237,0.3105685999446985,0.5,0.621137199889397,1814,0.2763137852246763,1.0,1
"iteration_2","SCOPE_DATA_COLLECTION",1100,6,430.0,490.0,1,6650,4403,1547,6455,4391,1617,6646,4383,1515,12,21,34,0.0018023430459597476,0.004768392370572207,0.02194964493221433,0.3113624024967244,0.631931361615613,1.101642495349868,0.6227248049934488,0.631931361615613,0.7344283302332454,0.27881432440565757,0.36915354779831167,0.3940594059405941,97.5,100.0,4911,5711,1978,61,6,0,0.012421095499898187,0.0010506040973559797,0.0,0.75,0.9,0.30000000000000004,0.6000000000000001,55.0,20.0,30.0,0.75,0.9,0.2,0.6000000000000001,45.0,30.0,40.0,4467,4455,12,4467,0.002686366689053056,0.6072720598488693,1.0,0.6072720598488693,1586,0.3560044893378227,1.0,1
"iteration_2","SCOPE_DATA_COLLECTION",1100,6,430.0,490.0,2,6650,4403,1547,6455,4391,1617,6646,4383,1515,12,21,34,0.0018023430459597476,0.004768392370572207,0.02194964493221433,0.3113624024967244,0.631931361615613,1.101642495349868,0.6227248049934488,0.631931361615613,0.7344283302332454,0.27881432440565757,0.36915354779831167,0.3940594059405941,97.5,100.0,4911,5711,1978,61,6,0,0.012421095499898187,0.0010506040973559797,0.0,0.75,0.9,0.30000000000000004,0.6000000000000001,55.0,20.0,30.0,0.75,0.9,0.2,0.6000000000000001,45.0,30.0,40.0,1570,1548,22,1570,0.014012738853503185,1.0712940948376866,1.5,0.7141960632251244,599,0.38695090439276486,1.0,1
"iteration_2","SCOPE_DATA_COLLECTION",1100,7,490.0,550.0,0,6578,4467,1570,6650,4403,1547,6576,4456,1548,13,12,22,0.0019729852784944606,0.0026857654431512983,0.014012738853503185,0.3101483356098074,0.609226883113109,1.0714800614908735,0.6202966712196148,0.609226883113109,0.7143200409939157,0.27722019464720193,0.35749551166965887,0.38695090439276486,97.5,100.0,4888,5796,1931,42,5,0,0.008592471358428805,8.62663906142167E-4,0.0,0.75,0.9,0.2,0.6000000000000001,45.0,30.0,40.0,0.75,0.9,0.2,0.6000000000000001,45.0,30.0,40.0,6748,6736,12,6748,0.0017783046828689982,0.30368140543455485,0.5,0.6073628108691097,1761,0.2614311163895487,1.0,1
"iteration_2","SCOPE_DATA_COLLECTION",1100,7,490.0,550.0,1,6578,4467,1570,6650,4403,1547,6576,4456,1548,13,12,22,0.0019729852784944606,0.0026857654431512983,0.014012738853503185,0.3101483356098074,0.609226883113109,1.0714800614908735,0.6202966712196148,0.609226883113109,0.7143200409939157,0.27722019464720193,0.35749551166965887,0.38695090439276486,97.5,100.0,4888,5796,1931,42,5,0,0.008592471358428805,8.62663906142167E-4,0.0,0.75,0.9,0.2,0.6000000000000001,45.0,30.0,40.0,0.75,0.9,0.2,0.6000000000000001,45.0,30.0,40.0,4503,4482,21,4503,0.004663557628247834,0.5899487854933173,1.0,0.5899487854933173,1555,0.34694332887103974,1.0,1
"iteration_2","SCOPE_DATA_COLLECTION",1100,7,490.0,550.0,2,6578,4467,1570,6650,4403,1547,6576,4456,1548,13,12,22,0.0019729852784944606,0.0026857654431512983,0.014012738853503185,0.3101483356098074,0.609226883113109,1.0714800614908735,0.6202966712196148,0.609226883113109,0.7143200409939157,0.27722019464720193,0.35749551166965887,0.38695090439276486,97.5,100.0,4888,5796,1931,42,5,0,0.008592471358428805,8.62663906142167E-4,0.0,0.75,0.9,0.2,0.6000000000000001,45.0,30.0,40.0,0.75,0.9,0.2,0.6000000000000001,45.0,30.0,40.0,1616,1599,17,1616,0.01051980198019802,1.0676224281344446,1.5,0.7117482854229631,611,0.3821138211382114,1.0,1
"iteration_2","SCOPE_DATA_COLLECTION",1100,8,550.0,610.0,0,6748,4503,1616,6578,4467,1570,6739,4494,1592,12,21,17,0.0017775144423048438,0.004651162790697674,0.010565568676196395,0.30477159570573176,0.5890637658783278,1.0585291654198195,0.6095431914114635,0.5890637658783278,0.7056861102798796,0.2614631250927437,0.3460169114374722,0.37751256281407036,100.0,100.0,4817,6044,2006,43,7,0,0.008926717874195557,0.001158173395102581,0.0,0.75,0.9,0.2,0.6000000000000001,45.0,30.0,40.0,0.65,0.9,0.2,0.6000000000000001,55.0,40.0,40.0,6754,6743,11,6754,0.0016286644951140066,0.30932873316969467,0.5,0.6186574663393893,1865,0.27658312323891443,1.0,1
"iteration_2","SCOPE_DATA_COLLECTION",1100,8,550.0,610.0,1,6748,4503,1616,6578,4467,1570,6739,4494,1592,12,21,17,0.0017775144423048438,0.004651162790697674,0.010565568676196395,0.30477159570573176,0.5890637658783278,1.0585291654198195,0.6095431914114635,0.5890637658783278,0.7056861102798796,0.2614631250927437,0.3460169114374722,0.37751256281407036,100.0,100.0,4817,6044,2006,43,7,0,0.008926717874195557,0.001158173395102581,0.0,0.75,0.9,0.2,0.6000000000000001,45.0,30.0,40.0,0.65,0.9,0.2,0.6000000000000001,55.0,40.0,40.0,4541,4530,11,4541,0.002422373926447919,0.6088035067657962,1.0,0.6088035067657962,1616,0.35673289183222956,1.0,1
"iteration_2","SCOPE_DATA_COLLECTION",1100,8,550.0,610.0,2,6748,4503,1616,6578,4467,1570,6739,4494,1592,12,21,17,0.0017775144423048438,0.004651162790697674,0.010565568676196395,0.30477159570573176,0.5890637658783278,1.0585291654198195,0.6095431914114635,0.5890637658783278,0.7056861102798796,0.2614631250927437,0.3460169114374722,0.37751256281407036,100.0,100.0,4817,6044,2006,43,7,0,0.008926717874195557,0.001158173395102581,0.0,0.75,0.9,0.2,0.6000000000000001,45.0,30.0,40.0,0.65,0.9,0.2,0.6000000000000001,55.0,40.0,40.0,1556,1540,16,1556,0.010282776349614395,1.0370908438536082,1.5,0.6913938959024054,561,0.36428571428571427,1.0,1
"iteration_2","SCOPE_DATA_COLLECTION",1100,9,610.0,670.0,0,6754,4541,1556,6748,4503,1616,6739,4512,1541,11,11,16,0.0016296296296296295,0.0024320141499005084,0.010276172125883108,0.3087922147170377,0.6089883295024138,1.038493095320048,0.6175844294340754,0.6089883295024138,0.6923287302133653,0.2767472918830687,0.35682624113475175,0.36534717715768983,100.0,100.0,4977,5118,2756,36,2,0,0.007233273056057866,3.9077764751856197E-4,0.0,0.65,0.9,0.2,0.6000000000000001,55.0,40.0,40.0,0.65,0.9,0.2,0.6000000000000001,55.0,40.0,40.0,6818,6807,11,6818,0.0016133763567028453,0.3022564697593988,0.5,0.6045129395187976,1807,0.2654620243866608,1.0,1
"iteration_2","SCOPE_DATA_COLLECTION",1100,9,610.0,670.0,1,6754,4541,1556,6748,4503,1616,6739,4512,1541,11,11,16,0.0016296296296296295,0.0024320141499005084,0.010276172125883108,0.3087922147170377,0.6089883295024138,1.038493095320048,0.6175844294340754,0.6089883295024138,0.6923287302133653,0.2767472918830687,0.35682624113475175,0.36534717715768983,100.0,100.0,4977,5118,2756,36,2,0,0.007233273056057866,3.9077764751856197E-4,0.0,0.65,0.9,0.2,0.6000000000000001,55.0,40.0,40.0,0.65,0.9,0.2,0.6000000000000001,55.0,40.0,40.0,4543,4530,13,4543,0.00286154523442659,0.5844840235211369,1.0,0.5844840235211369,1512,0.3337748344370861,1.0,1
"iteration_2","SCOPE_DATA_COLLECTION",1100,9,610.0,670.0,2,6754,4541,1556,6748,4503,1616,6739,4512,1541,11,11,16,0.0016296296296296295,0.0024320141499005084,0.010276172125883108,0.3087922147170377,0.6089883295024138,1.038493095320048,0.6175844294340754,0.6089883295024138,0.6923287302133653,0.2767472918830687,0.35682624113475175,0.36534717715768983,100.0,100.0,4977,5118,2756,36,2,0,0.007233273056057866,3.9077764751856197E-4,0.0,0.65,0.9,0.2,0.6000000000000001,55.0,40.0,40.0,0.65,0.9,0.2,0.6000000000000001,55.0,40.0,40.0,1552,1532,20,1552,0.01288659793814433,1.0510026193551085,1.5,0.7006684129034056,572,0.3733681462140992,1.0,1
"iteration_2","SCOPE_DATA_COLLECTION",1100,10,670.0,730.0,0,6818,4543,1552,6754,4541,1556,6815,4547,1528,11,13,19,0.0016114854966305303,0.0028508771929824563,0.012281835811247576,0.30295009678662266,0.5848535163700324,1.0574332093401293,0.6059001935732453,0.5848535163700324,0.7049554728934195,0.26544387380777695,0.3342863426435012,0.3763089005235602,100.0,100.0,4884,5294,2735,36,7,0,0.007371007371007371,0.0013222516055912353,0.0,0.65,0.9,0.2,0.6000000000000001,55.0,40.0,40.0,0.75,0.9,0.1,0.5,55.0,50.0,40.0,6570,6562,8,6570,0.0012176560121765602,0.3112122549070315,0.5,0.622424509814063,1848,0.28162145687290463,1.0,1
"iteration_2","SCOPE_DATA_COLLECTION",1100,10,670.0,730.0,1,6818,4543,1552,6754,4541,1556,6815,4547,1528,11,13,19,0.0016114854966305303,0.0028508771929824563,0.012281835811247576,0.30295009678662266,0.5848535163700324,1.0574332093401293,0.6059001935732453,0.5848535163700324,0.7049554728934195,0.26544387380777695,0.3342863426435012,0.3763089005235602,100.0,100.0,4884,5294,2735,36,7,0,0.007371007371007371,0.0013222516055912353,0.0,0.65,0.9,0.2,0.6000000000000001,55.0,40.0,40.0,0.75,0.9,0.1,0.5,55.0,50.0,40.0,4449,4445,4,4449,8.990784445942908E-4,0.5838111111074169,1.0,0.5838111111074169,1542,0.3469066366704162,1.0,1
"iteration_2","SCOPE_DATA_COLLECTION",1100,10,670.0,730.0,2,6818,4543,1552,6754,4541,1556,6815,4547,1528,11,13,19,0.0016114854966305303,0.0028508771929824563,0.012281835811247576,0.30295009678662266,0.5848535163700324,1.0574332093401293,0.6059001935732453,0.5848535163700324,0.7049554728934195,0.26544387380777695,0.3342863426435012,0.3763089005235602,100.0,100.0,4884,5294,2735,36,7,0,0.007371007371007371,0.0013222516055912353,0.0,0.65,0.9,0.2,0.6000000000000001,55.0,40.0,40.0,0.75,0.9,0.1,0.5,55.0,50.0,40.0,1556,1544,12,1556,0.007712082262210797,1.0646087705317875,1.5,0.709739180354525,594,0.38471502590673573,1.0,1
"iteration_2","SCOPE_DATA_COLLECTION",1100,11,730.0,790.0,0,6570,4449,1556,6818,4543,1552,6546,4451,1555,8,4,13,0.0012206286237412267,8.978675645342312E-4,0.008290816326530613,0.31016181238424234,0.5862941090743894,1.0667677190417006,0.6203236247684847,0.5862941090743894,0.7111784793611338,0.281087687137183,0.34868568860930127,0.3852090032154341,90.0,100.0,4871,5755,1949,23,2,0,0.004721823034284541,3.475238922675934E-4,0.0,0.75,0.9,0.1,0.5,55.0,50.0,40.0,0.75,0.9,0.1,0.5,65.0,40.0,50.0,6556,6544,12,6556,0.0018303843807199512,0.3029939809086497,0.5,0.6059879618172994,1778,0.2716992665036675,1.0,1
"iteration_2","SCOPE_DATA_COLLECTION",1100,11,730.0,790.0,1,6570,4449,1556,6818,4543,1552,6546,4451,1555,8,4,13,0.0012206286237412267,8.978675645342312E-4,0.008290816326530613,0.31016181238424234,0.5862941090743894,1.0667677190417006,0.6203236247684847,0.5862941090743894,0.7111784793611338,0.281087687137183,0.34868568860930127,0.3852090032154341,90.0,100.0,4871,5755,1949,23,2,0,0.004721823034284541,3.475238922675934E-4,0.0,0.75,0.9,0.1,0.5,55.0,50.0,40.0,0.75,0.9,0.1,0.5,65.0,40.0,50.0,4578,4573,5,4578,0.00109217999126256,0.5850625581772865,1.0,0.5850625581772865,1633,0.35709599825060134,1.0,1
"iteration_2","SCOPE_DATA_COLLECTION",1100,11,730.0,790.0,2,6570,4449,1556,6818,4543,1552,6546,4451,1555,8,4,13,0.0012206286237412267,8.978675645342312E-4,0.008290816326530613,0.31016181238424234,0.5862941090743894,1.0667677190417006,0.6203236247684847,0.5862941090743894,0.7111784793611338,0.281087687137183,0.34868568860930127,0.3852090032154341,90.0,100.0,4871,5755,1949,23,2,0,0.004721823034284541,3.475238922675934E-4,0.0,0.75,0.9,0.1,0.5,55.0,50.0,40.0,0.75,0.9,0.1,0.5,65.0,40.0,50.0,1541,1525,16,1541,0.010382868267358857,1.0316673039912356,1.5,0.6877782026608238,560,0.36721311475409835,1.0,1
"iteration_2","SCOPE_DATA_COLLECTION",1100,12,790.0,850.0,0,6556,4578,1541,6570,4449,1556,6559,4559,1521,12,5,16,0.0018262060569167555,0.0010955302366345311,0.01040988939492518,0.3036124562014095,0.5821599265649275,1.0241898012754005,0.607224912402819,0.5821599265649275,0.682793200850267,0.272145144076841,0.35468304452730864,0.36423405654174884,97.5,100.0,4895,5856,1924,31,2,0,0.006332992849846782,3.4153005464480874E-4,0.0,0.75,0.9,0.1,0.5,65.0,40.0,50.0,0.8500000000000001,0.8,0.2,0.4,55.0,50.0,60.0,6717,6701,16,6717,0.002382015780854548,0.30912194421589134,0.5,0.6182438884317827,1832,0.27339203104014326,1.0,1
"iteration_2","SCOPE_DATA_COLLECTION",1100,12,790.0,850.0,1,6556,4578,1541,6570,4449,1556,6559,4559,1521,12,5,16,0.0018262060569167555,0.0010955302366345311,0.01040988939492518,0.3036124562014095,0.5821599265649275,1.0241898012754005,0.607224912402819,0.5821599265649275,0.682793200850267,0.272145144076841,0.35468304452730864,0.36423405654174884,97.5,100.0,4895,5856,1924,31,2,0,0.006332992849846782,3.4153005464480874E-4,0.0,0.75,0.9,0.1,0.5,65.0,40.0,50.0,0.8500000000000001,0.8,0.2,0.4,55.0,50.0,60.0,4424,4411,13,4424,0.002938517179023508,0.6220727833047999,1.0,0.6220727833047999,1573,0.3566084788029925,1.0,1
"iteration_2","SCOPE_DATA_COLLECTION",1100,12,790.0,850.0,2,6556,4578,1541,6570,4449,1556,6559,4559,1521,12,5,16,0.0018262060569167555,0.0010955302366345311,0.01040988939492518,0.3036124562014095,0.5821599265649275,1.0241898012754005,0.607224912402819,0.5821599265649275,0.682793200850267,0.272145144076841,0.35468304452730864,0.36423405654174884,97.5,100.0,4895,5856,1924,31,2,0,0.006332992849846782,3.4153005464480874E-4,0.0,0.75,0.9,0.1,0.5,65.0,40.0,50.0,0.8500000000000001,0.8,0.2,0.4,55.0,50.0,60.0,1655,1633,22,1655,0.013293051359516616,1.0603010134677193,1.5,0.7068673423118129,622,0.3808940600122474,1.0,1
"iteration_2","SCOPE_DATA_COLLECTION",1100,13,850.0,910.0,0,6717,4424,1655,6556,4578,1541,6692,4409,1629,16,13,22,0.002385211687537269,0.002939846223428313,0.013325257419745608,0.3086690598955066,0.6231963215347993,1.0652811199339052,0.6173381197910132,0.6231963215347993,0.7101874132892702,0.2730125523012552,0.35722386028577907,0.3830570902394107,100.0,100.0,4887,6702,1207,46,5,0,0.009412727644771844,7.460459564309161E-4,0.0,0.8500000000000001,0.8,0.2,0.4,55.0,50.0,60.0,0.75,0.9,0.1,0.4,45.0,50.0,50.0,6516,6508,8,6516,0.0012277470841006752,0.3110883393269779,0.5,0.6221766786539558,1859,0.2856484326982176,1.0,1
"iteration_2","SCOPE_DATA_COLLECTION",1100,13,850.0,910.0,1,6717,4424,1655,6556,4578,1541,6692,4409,1629,16,13,22,0.002385211687537269,0.002939846223428313,0.013325257419745608,0.3086690598955066,0.6231963215347993,1.0652811199339052,0.6173381197910132,0.6231963215347993,0.7101874132892702,0.2730125523012552,0.35722386028577907,0.3830570902394107,100.0,100.0,4887,6702,1207,46,5,0,0.009412727644771844,7.460459564309161E-4,0.0,0.8500000000000001,0.8,0.2,0.4,55.0,50.0,60.0,0.75,0.9,0.1,0.4,45.0,50.0,50.0,4534,4529,5,4534,0.0011027790030877812,0.5821835626715282,1.0,0.5821835626715282,1562,0.3448884963568117,1.0,1
"iteration_2","SCOPE_DATA_COLLECTION",1100,13,850.0,910.0,2,6717,4424,1655,6556,4578,1541,6692,4409,1629,16,13,22,0.002385211687537269,0.002939846223428313,0.013325257419745608,0.3086690598955066,0.6231963215347993,1.0652811199339052,0.6173381197910132,0.6231963215347993,0.7101874132892702,0.2730125523012552,0.35722386028577907,0.3830570902394107,100.0,100.0,4887,6702,1207,46,5,0,0.009412727644771844,7.460459564309161E-4,0.0,0.8500000000000001,0.8,0.2,0.4,55.0,50.0,60.0,0.75,0.9,0.1,0.4,45.0,50.0,50.0,1554,1542,12,1554,0.007722007722007722,1.029423753708442,1.5,0.6862825024722947,569,0.36900129701686124,1.0,1
"iteration_2","SCOPE_DATA_COLLECTION",1100,14,910.0,970.0,0,6516,4534,1554,6717,4424,1655,6496,4532,1546,8,5,12,0.0012300123001230013,0.001102049812651532,0.007702182284980745,0.31034736389005746,0.5813973746845716,1.0253374020531851,0.6206947277801149,0.5813973746845716,0.6835582680354567,0.2846366995073892,0.34488084730803176,0.36739974126778785,100.0,100.0,4908,5767,1929,17,8,0,0.0034637326813365932,0.001387203051846714,0.0,0.75,0.9,0.1,0.4,45.0,50.0,50.0,0.65,0.9,0.1,0.5,45.0,40.0,50.0,6566,6561,5,6566,7.614986293024672E-4,0.3114134479518174,0.5,0.6228268959036348,1882,0.2868465172991922,1.0,1
"iteration_2","SCOPE_DATA_COLLECTION",1100,14,910.0,970.0,1,6516,4534,1554,6717,4424,1655,6496,4532,1546,8,5,12,0.0012300123001230013,0.001102049812651532,0.007702182284980745,0.31034736389005746,0.5813973746845716,1.0253374020531851,0.6206947277801149,0.5813973746845716,0.6835582680354567,0.2846366995073892,0.34488084730803176,0.36739974126778785,100.0,100.0,4908,5767,1929,17,8,0,0.0034637326813365932,0.001387203051846714,0.0,0.75,0.9,0.1,0.4,45.0,50.0,50.0,0.65,0.9,0.1,0.5,45.0,40.0,50.0,4411,4402,9,4411,0.0020403536613012923,0.5756508965180716,1.0,0.5756508965180716,1495,0.3396183552930486,1.0,1
"iteration_2","SCOPE_DATA_COLLECTION",1100,14,910.0,970.0,2,6516,4534,1554,6717,4424,1655,6496,4532,1546,8,5,12,0.0012300123001230013,0.001102049812651532,0.007702182284980745,0.31034736389005746,0.5813973746845716,1.0253374020531851,0.6206947277801149,0.5813973746845716,0.6835582680354567,0.2846366995073892,0.34488084730803176,0.36739974126778785,100.0,100.0,4908,5767,1929,17,8,0,0.0034637326813365932,0.001387203051846714,0.0,0.75,0.9,0.1,0.4,45.0,50.0,50.0,0.65,0.9,0.1,0.5,45.0,40.0,50.0,1620,1600,20,1620,0.012345679012345678,1.0578427742956118,1.5,0.7052285161970745,613,0.383125,1.0,1
"iteration_2","SCOPE_DATA_COLLECTION",1100,15,970.0,1030.0,0,6566,4411,1620,6516,4534,1554,6559,4404,1609,5,9,20,7.617306520414382E-4,0.0020394289598912306,0.012277470841006752,0.31171052373756564,0.5752790402259379,1.0657764074959817,0.6234210474751313,0.5752790402259379,0.7105176049973211,0.28632413477664276,0.3387829246139873,0.3865755127408328,97.5,100.0,4821,4998,2778,30,4,0,0.006222775357809583,8.003201280512205E-4,0.0,0.65,0.9,0.1,0.5,45.0,40.0,50.0,0.25,0.7000000000000001,0.4,0.5,20.0,30.0,70.0,6420,4078,2342,6420,0.364797507788162,0.4744639000763764,0.5,0.9489278001527528,1862,0.45659637076998527,1.0,1
"iteration_2","SCOPE_DATA_COLLECTION",1100,15,970.0,1030.0,1,6566,4411,1620,6516,4534,1554,6559,4404,1609,5,9,20,7.617306520414382E-4,0.0020394289598912306,0.012277470841006752,0.31171052373756564,0.5752790402259379,1.0657764074959817,0.6234210474751313,0.5752790402259379,0.7105176049973211,0.28632413477664276,0.3387829246139873,0.3865755127408328,97.5,100.0,4821,4998,2778,30,4,0,0.006222775357809583,8.003201280512205E-4,0.0,0.65,0.9,0.1,0.5,45.0,40.0,50.0,0.25,0.7000000000000001,0.4,0.5,20.0,30.0,70.0,4534,2839,1695,4534,0.37384208204675784,0.9382074330475931,1.0,0.9382074330475931,1676,0.5903487143360339,1.0,1
"iteration_2","SCOPE_DATA_COLLECTION",1100,15,970.0,1030.0,2,6566,4411,1620,6516,4534,1554,6559,4404,1609,5,9,20,7.617306520414382E-4,0.0020394289598912306,0.012277470841006752,0.31171052373756564,0.5752790402259379,1.0657764074959817,0.6234210474751313,0.5752790402259379,0.7105176049973211,0.28632413477664276,0.3387829246139873,0.3865755127408328,97.5,100.0,4821,4998,2778,30,4,0,0.006222775357809583,8.003201280512205E-4,0.0,0.65,0.9,0.1,0.5,45.0,40.0,50.0,0.25,0.7000000000000001,0.4,0.5,20.0,30.0,70.0,1544,921,623,1544,0.40349740932642486,1.5648223229577174,1.5,1.0432148819718117,577,0.6264929424538545,1.0,1
"iteration_2","SCOPE_DATA_COLLECTION",1100,16,1030.0,1090.0,0,6420,4534,1544,6566,4411,1620,4097,2835,919,2342,1695,623,0.36372107470104054,0.3741721854304636,0.4040207522697795,0.4749569748893289,0.9336309971876113,1.5524374794540563,0.9499139497786578,0.9336309971876113,1.0349583196360375,0.459116426653649,0.5901234567901235,0.6224156692056583,100.0,100.0,4991,1919,5588,64,1,4595,0.012823081546784212,5.211047420531526E-4,0.8222977809591983,0.25,0.7000000000000001,0.4,0.5,20.0,30.0,70.0,0.35000000000000003,0.8,0.30000000000000004,0.6000000000000001,20.0,40.0,60.0,6572,4937,1635,6572,0.24878271454656117,0.45500798836835793,0.5,0.9100159767367159,1965,0.3980149888596314,1.0,1
"iteration_2","SCOPE_DATA_COLLECTION",1100,16,1030.0,1090.0,1,6420,4534,1544,6566,4411,1620,4097,2835,919,2342,1695,623,0.36372107470104054,0.3741721854304636,0.4040207522697795,0.4749569748893289,0.9336309971876113,1.5524374794540563,0.9499139497786578,0.9336309971876113,1.0349583196360375,0.459116426653649,0.5901234567901235,0.6224156692056583,100.0,100.0,4991,1919,5588,64,1,4595,0.012823081546784212,5.211047420531526E-4,0.8222977809591983,0.25,0.7000000000000001,0.4,0.5,20.0,30.0,70.0,0.35000000000000003,0.8,0.30000000000000004,0.6000000000000001,20.0,40.0,60.0,4584,3460,1124,4584,0.24520069808027922,0.8266686817965567,1.0,0.8266686817965567,1696,0.49017341040462425,1.0,1
"iteration_2","SCOPE_DATA_COLLECTION",1100,16,1030.0,1090.0,2,6420,4534,1544,6566,4411,1620,4097,2835,919,2342,1695,623,0.36372107470104054,0.3741721854304636,0.4040207522697795,0.4749569748893289,0.9336309971876113,1.5524374794540563,0.9499139497786578,0.9336309971876113,1.0349583196360375,0.459116426653649,0.5901234567901235,0.6224156692056583,100.0,100.0,4991,1919,5588,64,1,4595,0.012823081546784212,5.211047420531526E-4,0.8222977809591983,0.25,0.7000000000000001,0.4,0.5,20.0,30.0,70.0,0.35000000000000003,0.8,0.30000000000000004,0.6000000000000001,20.0,40.0,60.0,1638,1203,435,1638,0.26556776556776557,1.3832294136202021,1.5,0.9221529424134681,631,0.5245220282626767,1.0,1
"iteration_2","SCOPE_DATA_COLLECTION",1100,17,1090.0,1150.0,0,6572,4584,1638,6420,4534,1544,4913,3454,1188,1635,1124,434,0.24969456322541234,0.2455220620358235,0.2675709001233046,0.4551285654568304,0.8302315443227533,1.384601310794395,0.9102571309136608,0.8302315443227533,0.9230675405295967,0.39792387543252594,0.49189345686160973,0.5260942760942761,95.0,100.0,4900,2780,5114,56,0,3137,0.011428571428571429,0.0,0.6134141572154869,0.35000000000000003,0.8,0.30000000000000004,0.6000000000000001,20.0,40.0,60.0,0.6000000000000001,0.6000000000000001,0.5,0.6000000000000001,65.0,20.0,40.0,6740,6673,67,6740,0.009940652818991098,0.3165021419028079,0.5,0.6330042838056158,1887,0.2827813577101753,1.0,1
"iteration_2","SCOPE_DATA_COLLECTION",1100,17,1090.0,1150.0,1,6572,4584,1638,6420,4534,1544,4913,3454,1188,1635,1124,434,0.24969456322541234,0.2455220620358235,0.2675709001233046,0.4551285654568304,0.8302315443227533,1.384601310794395,0.9102571309136608,0.8302315443227533,0.9230675405295967,0.39792387543252594,0.49189345686160973,0.5260942760942761,95.0,100.0,4900,2780,5114,56,0,3137,0.011428571428571429,0.0,0.6134141572154869,0.35000000000000003,0.8,0.30000000000000004,0.6000000000000001,20.0,40.0,60.0,0.6000000000000001,0.6000000000000001,0.5,0.6000000000000001,65.0,20.0,40.0,4482,4444,38,4482,0.008478357875948238,0.6662713564346895,1.0,0.6662713564346895,1686,0.3793879387938794,1.0,1
"iteration_2","SCOPE_DATA_COLLECTION",1100,17,1090.0,1150.0,2,6572,4584,1638,6420,4534,1544,4913,3454,1188,1635,1124,434,0.24969456322541234,0.2455220620358235,0.2675709001233046,0.4551285654568304,0.8302315443227533,1.384601310794395,0.9102571309136608,0.8302315443227533,0.9230675405295967,0.39792387543252594,0.49189345686160973,0.5260942760942761,95.0,100.0,4900,2780,5114,56,0,3137,0.011428571428571429,0.0,0.6134141572154869,0.35000000000000003,0.8,0.30000000000000004,0.6000000000000001,20.0,40.0,60.0,0.6000000000000001,0.6000000000000001,0.5,0.6000000000000001,65.0,20.0,40.0,1559,1512,47,1559,0.030147530468248876,1.0828746395155475,1.5,0.7219164263436983,576,0.38095238095238093,1.0,1
"iteration_2","SCOPE_DATA_COLLECTION",1100,18,1150.0,1210.0,0,6740,4482,1559,6572,4584,1638,6695,4451,1518,67,38,48,0.009908311150547175,0.008465137001559367,0.03065134099616858,0.3170142827950143,0.6682787484119387,1.0916970788446736,0.6340285655900286,0.6682787484119387,0.7277980525631157,0.28334578043315906,0.379914625926758,0.383399209486166,97.5,100.0,5044,4641,3096,62,2,89,0.012291831879460745,4.3094160741219563E-4,0.028746770025839793,0.6000000000000001,0.6000000000000001,0.5,0.6000000000000001,65.0,20.0,40.0,0.1,0.5,0.5,0.30000000000000004,60.0,90.0,25.0,6670,2968,3702,6670,0.5550224887556222,0.5465979149877143,0.5,1.0931958299754285,1779,0.5993935309973046,1.0,1
"iteration_2","SCOPE_DATA_COLLECTION",1100,18,1150.0,1210.0,1,6740,4482,1559,6572,4584,1638,6695,4451,1518,67,38,48,0.009908311150547175,0.008465137001559367,0.03065134099616858,0.3170142827950143,0.6682787484119387,1.0916970788446736,0.6340285655900286,0.6682787484119387,0.7277980525631157,0.28334578043315906,0.379914625926758,0.383399209486166,97.5,100.0,5044,4641,3096,62,2,89,0.012291831879460745,4.3094160741219563E-4,0.028746770025839793,0.6000000000000001,0.6000000000000001,0.5,0.6000000000000001,65.0,20.0,40.0,0.1,0.5,0.5,0.30000000000000004,60.0,90.0,25.0,4587,2099,2488,4587,0.5424024416830172,1.2050434101942826,1.0,1.2050434101942826,1700,0.8099094807050977,1.0,1
"iteration_2","SCOPE_DATA_COLLECTION",1100,18,1150.0,1210.0,2,6740,4482,1559,6572,4584,1638,6695,4451,1518,67,38,48,0.009908311150547175,0.008465137001559367,0.03065134099616858,0.3170142827950143,0.6682787484119387,1.0916970788446736,0.6340285655900286,0.6682787484119387,0.7277980525631157,0.28334578043315906,0.379914625926758,0.383399209486166,97.5,100.0,5044,4641,3096,62,2,89,0.012291831879460745,4.3094160741219563E-4,0.028746770025839793,0.6000000000000001,0.6000000000000001,0.5,0.6000000000000001,65.0,20.0,40.0,0.1,0.5,0.5,0.30000000000000004,60.0,90.0,25.0,1625,682,943,1625,0.5803076923076923,1.9858572847663056,1.5,1.3239048565108704,587,0.8607038123167156,1.0,1
"iteration_2","SCOPE_DATA_COLLECTION",1100,19,1210.0,1270.0,0,6670,4587,1625,6740,4482,1559,2953,2102,694,3702,2488,943,0.5562734785875282,0.5420479302832244,0.5760537568723274,0.5451390978916355,1.1928625056808133,1.9597874631378571,1.090278195783271,1.1928625056808133,1.3065249754252382,0.5956654249915341,0.8030447193149381,0.8487031700288185,100.0,100.0,4965,821,7096,67,1,7065,0.013494461228600202,0.001218026796589525,0.9956313416009019,0.1,0.5,0.5,0.30000000000000004,60.0,90.0,25.0,0.05,0.5,0.5,0.4,60.0,95.0,25.0,6542,2763,3779,6542,0.5776520941608071,0.5636154109168412,0.5,1.1272308218336824,1730,0.6261310170104958,1.0,1
"iteration_2","SCOPE_DATA_COLLECTION",1100,19,1210.0,1270.0,1,6670,4587,1625,6740,4482,1559,2953,2102,694,3702,2488,943,0.5562734785875282,0.5420479302832244,0.5760537568723274,0.5451390978916355,1.1928625056808133,1.9597874631378571,1.090278195783271,1.1928625056808133,1.3065249754252382,0.5956654249915341,0.8030447193149381,0.8487031700288185,100.0,100.0,4965,821,7096,67,1,7065,0.013494461228600202,0.001218026796589525,0.9956313416009019,0.1,0.5,0.5,0.30000000000000004,60.0,90.0,25.0,0.05,0.5,0.5,0.4,60.0,95.0,25.0,4551,1906,2645,4551,0.5811909470446056,1.2224862191583878,1.0,1.2224862191583878,1644,0.8625393494228751,1.0,1
"iteration_2","SCOPE_DATA_COLLECTION",1100,19,1210.0,1270.0,2,6670,4587,1625,6740,4482,1559,2953,2102,694,3702,2488,943,0.5562734785875282,0.5420479302832244,0.5760537568723274,0.5451390978916355,1.1928625056808133,1.9597874631378571,1.090278195783271,1.1928625056808133,1.3065249754252382,0.5956654249915341,0.8030447193149381,0.8487031700288185,100.0,100.0,4965,821,7096,67,1,7065,0.013494461228600202,0.001218026796589525,0.9956313416009019,0.1,0.5,0.5,0.30000000000000004,60.0,90.0,25.0,0.05,0.5,0.5,0.4,60.0,95.0,25.0,1531,620,911,1531,0.5950359242325277,2.1077311757004438,1.5,1.4051541171336293,574,0.9258064516129032,1.0,1
"iteration_2","SCOPE_DATA_COLLECTION",1100,20,1270.0,1330.0,0,6542,4551,1531,6670,4587,1625,2788,1914,618,3779,2645,911,0.5754530226892036,0.5801710901513489,0.5958142576847613,0.5650027725524043,1.2260364889433937,2.1062270427821175,1.1300055451048086,1.2260364889433937,1.404151361854745,0.6287661406025825,0.8631138975966562,0.9255663430420712,100.0,100.0,4947,408,7269,64,2,7269,0.01293713361633313,0.004901960784313725,1.0,0.05,0.5,0.5,0.4,60.0,95.0,25.0,0.05,0.4,0.6000000000000001,0.5,50.0,95.0,25.0,6730,2951,3779,6730,0.5615156017830609,0.5577771381736171,0.5,1.1155542763472341,1799,0.6096238563198916,1.0,1
"iteration_2","SCOPE_DATA_COLLECTION",1100,20,1270.0,1330.0,1,6542,4551,1531,6670,4587,1625,2788,1914,618,3779,2645,911,0.5754530226892036,0.5801710901513489,0.5958142576847613,0.5650027725524043,1.2260364889433937,2.1062270427821175,1.1300055451048086,1.2260364889433937,1.404151361854745,0.6287661406025825,0.8631138975966562,0.9255663430420712,100.0,100.0,4947,408,7269,64,2,7269,0.01293713361633313,0.004901960784313725,1.0,0.05,0.5,0.5,0.4,60.0,95.0,25.0,0.05,0.4,0.6000000000000001,0.5,50.0,95.0,25.0,4397,1846,2551,4397,0.5801682965658403,1.2386198434823383,1.0,1.2386198434823383,1607,0.8705308775731311,1.0,1
"iteration_2","SCOPE_DATA_COLLECTION",1100,20,1270.0,1330.0,2,6542,4551,1531,6670,4587,1625,2788,1914,618,3779,2645,911,0.5754530226892036,0.5801710901513489,0.5958142576847613,0.5650027725524043,1.2260364889433937,2.1062270427821175,1.1300055451048086,1.2260364889433937,1.404151361854745,0.6287661406025825,0.8631138975966562,0.9255663430420712,100.0,100.0,4947,408,7269,64,2,7269,0.01293713361633313,0.004901960784313725,1.0,0.05,0.5,0.5,0.4,60.0,95.0,25.0,0.05,0.4,0.6000000000000001,0.5,50.0,95.0,25.0,1522,611,911,1522,0.5985545335085414,2.1395057708598633,1.5,1.426337180573242,572,0.9361702127659575,1.0,1
"iteration_2","SCOPE_DATA_COLLECTION",1100,21,1330.0,1390.0,0,6730,4397,1522,6542,4551,1531,2943,1834,612,3778,2549,911,0.5621187323314983,0.5815651380333106,0.5981615233092581,0.5566417234645137,1.237928209879568,2.1380467167198787,1.1132834469290274,1.237928209879568,1.4253644778132524,0.6085626911314985,0.871319520174482,0.9362745098039216,100.0,100.0,5090,379,7180,58,0,7180,0.011394891944990177,0.0,1.0,0.05,0.4,0.6000000000000001,0.5,50.0,95.0,25.0,0.05,0.4,0.6000000000000001,0.5,50.0,95.0,25.0,6759,2835,3924,6759,0.5805592543275633,0.5535181320010161,0.5,1.1070362640020321,1669,0.5887125220458553,1.0,1
"iteration_2","SCOPE_DATA_COLLECTION",1100,21,1330.0,1390.0,1,6730,4397,1522,6542,4551,1531,2943,1834,612,3778,2549,911,0.5621187323314983,0.5815651380333106,0.5981615233092581,0.5566417234645137,1.237928209879568,2.1380467167198787,1.1132834469290274,1.237928209879568,1.4253644778132524,0.6085626911314985,0.871319520174482,0.9362745098039216,100.0,100.0,5090,379,7180,58,0,7180,0.011394891944990177,0.0,1.0,0.05,0.4,0.6000000000000001,0.5,50.0,95.0,25.0,0.05,0.4,0.6000000000000001,0.5,50.0,95.0,25.0,4508,1877,2631,4508,0.5836291038154392,1.2418784209247402,1.0,1.2418784209247402,1612,0.8588172615876398,1.0,1
"iteration_2","SCOPE_DATA_COLLECTION",1100,21,1330.0,1390.0,2,6730,4397,1522,6542,4551,1531,2943,1834,612,3778,2549,911,0.5621187323314983,0.5815651380333106,0.5981615233092581,0.5566417234645137,1.237928209879568,2.1380467167198787,1.1132834469290274,1.237928209879568,1.4253644778132524,0.6085626911314985,0.871319520174482,0.9362745098039216,100.0,100.0,5090,379,7180,58,0,7180,0.011394891944990177,0.0,1.0,0.05,0.4,0.6000000000000001,0.5,50.0,95.0,25.0,0.05,0.4,0.6000000000000001,0.5,50.0,95.0,25.0,1609,632,977,1609,0.6072094468614045,2.136324586139758,1.5,1.4242163907598389,592,0.9367088607594937,1.0,1
"iteration_2","SCOPE_DATA_COLLECTION",1100,22,1390.0,1450.0,0,6759,4508,1609,6730,4397,1522,2831,1879,634,3925,2633,977,0.5809650680876258,0.5835549645390071,0.606455617628802,0.5527303958676123,1.2417860992366656,2.1399026522245714,1.1054607917352246,1.2417860992366656,1.4266017681497143,0.5877781702578594,0.8584353379457158,0.9369085173501577,100.0,100.0,4994,414,7468,66,1,7468,0.013215859030837005,0.0024154589371980675,1.0,0.05,0.4,0.6000000000000001,0.5,50.0,95.0,25.0,0.05,0.4,0.6000000000000001,0.5,50.0,95.0,25.0,6727,2793,3934,6727,0.5848074921956296,0.5534561043867449,0.5,1.1069122087734897,1632,0.5843179377013964,1.0,1
"iteration_2","SCOPE_DATA_COLLECTION",1100,22,1390.0,1450.0,1,6759,4508,1609,6730,4397,1522,2831,1879,634,3925,2633,977,0.5809650680876258,0.5835549645390071,0.606455617628802,0.5527303958676123,1.2417860992366656,2.1399026522245714,1.1054607917352246,1.2417860992366656,1.4266017681497143,0.5877781702578594,0.8584353379457158,0.9369085173501577,100.0,100.0,4994,414,7468,66,1,7468,0.013215859030837005,0.0024154589371980675,1.0,0.05,0.4,0.6000000000000001,0.5,50.0,95.0,25.0,0.05,0.4,0.6000000000000001,0.5,50.0,95.0,25.0,4408,1871,2537,4408,0.5755444646098004,1.2314550455608821,1.0,1.2314550455608821,1619,0.8653126670229824,1.0,1
"iteration_2","SCOPE_DATA_COLLECTION",1100,22,1390.0,1450.0,2,6759,4508,1609,6730,4397,1522,2831,1879,634,3925,2633,977,0.5809650680876258,0.5835549645390071,0.606455617628802,0.5527303958676123,1.2417860992366656,2.1399026522245714,1.1054607917352246,1.2417860992366656,1.4266017681497143,0.5877781702578594,0.8584353379457158,0.9369085173501577,100.0,100.0,4994,414,7468,66,1,7468,0.013215859030837005,0.0024154589371980675,1.0,0.05,0.4,0.6000000000000001,0.5,50.0,95.0,25.0,0.05,0.4,0.6000000000000001,0.5,50.0,95.0,25.0,1591,636,955,1591,0.6002514142049026,2.143013014223696,1.5,1.4286753428157972,594,0.9339622641509434,1.0,1
"iteration_2","SCOPE_DATA_COLLECTION",1100,23,1450.0,1510.0,0,6727,4408,1591,6759,4508,1609,2796,1865,631,3934,2537,955,0.5845468053491828,0.5763289413902771,0.6021437578814628,0.5538679598429094,1.2271547968862295,2.140931945582508,1.1077359196858187,1.2271547968862295,1.427287963721672,0.5854792560801144,0.8638069705093834,0.9334389857369255,100.0,100.0,4937,409,7380,46,0,7380,0.009317399230301802,0.0,1.0,0.05,0.4,0.6000000000000001,0.5,50.0,95.0,25.0,0.1,0.9,0.1,0.5,25.0,85.0,50.0,6838,3036,3802,6838,0.5560105293945599,0.5507456360699396,0.5,1.1014912721398793,1841,0.6063899868247694,1.0,1
"iteration_2","SCOPE_DATA_COLLECTION",1100,23,1450.0,1510.0,1,6727,4408,1591,6759,4508,1609,2796,1865,631,3934,2537,955,0.5845468053491828,0.5763289413902771,0.6021437578814628,0.5538679598429094,1.2271547968862295,2.140931945582508,1.1077359196858187,1.2271547968862295,1.427287963721672,0.5854792560801144,0.8638069705093834,0.9334389857369255,100.0,100.0,4937,409,7380,46,0,7380,0.009317399230301802,0.0,1.0,0.05,0.4,0.6000000000000001,0.5,50.0,95.0,25.0,0.1,0.9,0.1,0.5,25.0,85.0,50.0,4439,1956,2483,4439,0.5593602162649245,1.0548102811391222,1.0,1.0548102811391222,1496,0.7648261758691206,1.0,1
"iteration_2","SCOPE_DATA_COLLECTION",1100,23,1450.0,1510.0,2,6727,4408,1591,6759,4508,1609,2796,1865,631,3934,2537,955,0.5845468053491828,0.5763289413902771,0.6021437578814628,0.5538679598429094,1.2271547968862295,2.140931945582508,1.1077359196858187,1.2271547968862295,1.427287963721672,0.5854792560801144,0.8638069705093834,0.9334389857369255,100.0,100.0,4937,409,7380,46,0,7380,0.009317399230301802,0.0,1.0,0.05,0.4,0.6000000000000001,0.5,50.0,95.0,25.0,0.1,0.9,0.1,0.5,25.0,85.0,50.0,1556,687,869,1556,0.5584832904884319,1.9610541009966207,1.5,1.3073694006644139,593,0.8631732168850073,1.0,1
"iteration_2","SCOPE_DATA_COLLECTION",1100,24,1510.0,1570.0,0,6838,4439,1556,6727,4408,1591,3038,1964,685,3802,2483,869,0.5558479532163743,0.5583539464807735,0.5592020592020592,0.5510385655118293,1.0626800871527085,1.9630654912281265,1.1020771310236586,1.0626800871527085,1.3087103274854177,0.6063199473337723,0.7683299389002036,0.8627737226277372,100.0,100.0,4928,786,7119,34,1,7119,0.006899350649350649,0.001272264631043257,1.0,0.1,0.9,0.1,0.5,25.0,85.0,50.0,0.1,0.9,0.1,0.5,25.0,85.0,50.0,6735,2948,3787,6735,0.5622865627319971,0.5455974628629954,0.5,1.0911949257259907,1783,0.6048168249660787,1.0,1
"iteration_2","SCOPE_DATA_COLLECTION",1100,24,1510.0,1570.0,1,6838,4439,1556,6727,4408,1591,3038,1964,685,3802,2483,869,0.5558479532163743,0.5583539464807735,0.5592020592020592,0.5510385655118293,1.0626800871527085,1.9630654912281265,1.1020771310236586,1.0626800871527085,1.3087103274854177,0.6063199473337723,0.7683299389002036,0.8627737226277372,100.0,100.0,4928,786,7119,34,1,7119,0.006899350649350649,0.001272264631043257,1.0,0.1,0.9,0.1,0.5,25.0,85.0,50.0,0.1,0.9,0.1,0.5,25.0,85.0,50.0,4554,1996,2558,4554,0.5617039964866052,1.0595607578596433,1.0,1.0595607578596433,1529,0.7660320641282565,1.0,1
"iteration_2","SCOPE_DATA_COLLECTION",1100,24,1510.0,1570.0,2,6838,4439,1556,6727,4408,1591,3038,1964,685,3802,2483,869,0.5558479532163743,0.5583539464807735,0.5592020592020592,0.5510385655118293,1.0626800871527085,1.9630654912281265,1.1020771310236586,1.0626800871527085,1.3087103274854177,0.6063199473337723,0.7683299389002036,0.8627737226277372,100.0,100.0,4928,786,7119,34,1,7119,0.006899350649350649,0.001272264631043257,1.0,0.1,0.9,0.1,0.5,25.0,85.0,50.0,0.1,0.9,0.1,0.5,25.0,85.0,50.0,1593,666,927,1593,0.5819209039548022,2.0096326516286185,1.5,1.3397551010857456,586,0.8798798798798799,1.0,1
"iteration_2","SCOPE_DATA_COLLECTION",1100,25,1570.0,1630.0,0,6735,4554,1593,6838,4439,1556,2953,2002,673,3787,2558,927,0.5618694362017804,0.5609649122807018,0.579375,0.5464874202997035,1.058419753506185,2.010872402942232,1.092974840599407,1.058419753506185,1.340581601961488,0.606501862512699,0.7652347652347652,0.8811292719167905,97.5,100.0,4825,817,7240,32,0,7240,0.006632124352331606,0.0,1.0,0.1,0.9,0.1,0.5,25.0,85.0,50.0,0.2,0.9,0.2,0.6000000000000001,25.0,95.0,60.0,6714,3456,3258,6714,0.48525469168900803,0.49835029296270544,0.5,0.9967005859254109,1784,0.5162037037037037,1.0,1
"iteration_2","SCOPE_DATA_COLLECTION",1100,25,1570.0,1630.0,1,6735,4554,1593,6838,4439,1556,2953,2002,673,3787,2558,927,0.5618694362017804,0.5609649122807018,0.579375,0.5464874202997035,1.058419753506185,2.010872402942232,1.092974840599407,1.058419753506185,1.340581601961488,0.606501862512699,0.7652347652347652,0.8811292719167905,97.5,100.0,4825,817,7240,32,0,7240,0.006632124352331606,0.0,1.0,0.1,0.9,0.1,0.5,25.0,85.0,50.0,0.2,0.9,0.2,0.6000000000000001,25.0,95.0,60.0,4550,2352,2198,4550,0.48307692307692307,0.9768845246749718,1.0,0.9768845246749718,1591,0.6764455782312925,1.0,1
"iteration_2","SCOPE_DATA_COLLECTION",1100,25,1570.0,1630.0,2,6735,4554,1593,6838,4439,1556,2953,2002,673,3787,2558,927,0.5618694362017804,0.5609649122807018,0.579375,0.5464874202997035,1.058419753506185,2.010872402942232,1.092974840599407,1.058419753506185,1.340581601961488,0.606501862512699,0.7652347652347652,0.8811292719167905,97.5,100.0,4825,817,7240,32,0,7240,0.006632124352331606,0.0,1.0,0.1,0.9,0.1,0.5,25.0,85.0,50.0,0.2,0.9,0.2,0.6000000000000001,25.0,95.0,60.0,1520,754,766,1520,0.5039473684210526,1.7186537857763717,1.5,1.145769190517581,551,0.7307692307692307,1.0,1
"iteration_2","SCOPE_DATA_COLLECTION",1100,26,1630.0,1690.0,0,6714,4550,1520,6735,4554,1593,3462,2354,747,3258,2198,766,0.48482142857142857,0.4828646748681898,0.5062789160608063,0.4985726869212566,0.9803904953043434,1.721913996963176,0.9971453738425132,0.9803904953043434,1.1479426646421174,0.5155979202772963,0.6767204757858963,0.7336010709504686,97.5,100.0,4955,1581,6248,37,2,6183,0.007467204843592331,0.001265022137887413,0.989596670934699,0.2,0.9,0.2,0.6000000000000001,25.0,95.0,60.0,0.2,0.9,0.2,0.6000000000000001,25.0,95.0,60.0,6647,3530,3117,6647,0.4689333533925079,0.5130588826409487,0.5,1.0261177652818974,1888,0.534844192634561,1.0,1
"iteration_2","SCOPE_DATA_COLLECTION",1100,26,1630.0,1690.0,1,6714,4550,1520,6735,4554,1593,3462,2354,747,3258,2198,766,0.48482142857142857,0.4828646748681898,0.5062789160608063,0.4985726869212566,0.9803904953043434,1.721913996963176,0.9971453738425132,0.9803904953043434,1.1479426646421174,0.5155979202772963,0.6767204757858963,0.7336010709504686,97.5,100.0,4955,1581,6248,37,2,6183,0.007467204843592331,0.001265022137887413,0.989596670934699,0.2,0.9,0.2,0.6000000000000001,25.0,95.0,60.0,0.2,0.9,0.2,0.6000000000000001,25.0,95.0,60.0,4532,2333,2199,4532,0.485216240070609,0.985608558531881,1.0,0.985608558531881,1592,0.682383197599657,1.0,1
"iteration_2","SCOPE_DATA_COLLECTION",1100,26,1630.0,1690.0,2,6714,4550,1520,6735,4554,1593,3462,2354,747,3258,2198,766,0.48482142857142857,0.4828646748681898,0.5062789160608063,0.4985726869212566,0.9803904953043434,1.721913996963176,0.9971453738425132,0.9803904953043434,1.1479426646421174,0.5155979202772963,0.6767204757858963,0.7336010709504686,97.5,100.0,4955,1581,6248,37,2,6183,0.007467204843592331,0.001265022137887413,0.989596670934699,0.2,0.9,0.2,0.6000000000000001,25.0,95.0,60.0,0.2,0.9,0.2,0.6000000000000001,25.0,95.0,60.0,1600,802,798,1600,0.49875,1.7389957786577228,1.5,1.1593305191051486,591,0.7369077306733167,1.0,1
"iteration_2","SCOPE_DATA_COLLECTION",1100,27,1690.0,1750.0,0,6647,4532,1600,6714,4550,1520,3518,2333,801,3117,2199,798,0.4697814619442351,0.485216240070609,0.49906191369606,0.51310937498663,0.9840857465493501,1.7400072237960487,1.02621874997326,0.9840857465493501,1.1600048158640324,0.5352472996020466,0.6832404629232748,0.735330836454432,100.0,100.0,4938,1550,6291,43,2,6069,0.008707978938841636,0.0012903225806451613,0.9647114926084883,0.2,0.9,0.2,0.6000000000000001,25.0,95.0,60.0,0.1,0.8,0.1,0.5,25.0,85.0,50.0,6777,2995,3782,6777,0.5580640401357533,0.5619344024679865,0.5,1.123868804935973,1937,0.6467445742904842,1.0,1
"iteration_2","SCOPE_DATA_COLLECTION",1100,27,1690.0,1750.0,1,6647,4532,1600,6714,4550,1520,3518,2333,801,3117,2199,798,0.4697814619442351,0.485216240070609,0.49906191369606,0.51310937498663,0.9840857465493501,1.7400072237960487,1.02621874997326,0.9840857465493501,1.1600048158640324,0.5352472996020466,0.6832404629232748,0.735330836454432,100.0,100.0,4938,1550,6291,43,2,6069,0.008707978938841636,0.0012903225806451613,0.9647114926084883,0.2,0.9,0.2,0.6000000000000001,25.0,95.0,60.0,0.1,0.8,0.1,0.5,25.0,85.0,50.0,4498,1958,2540,4498,0.5646954201867497,1.0850956463754704,1.0,1.0850956463754704,1531,0.7819203268641471,1.0,1
"iteration_2","SCOPE_DATA_COLLECTION",1100,27,1690.0,1750.0,2,6647,4532,1600,6714,4550,1520,3518,2333,801,3117,2199,798,0.4697814619442351,0.485216240070609,0.49906191369606,0.51310937498663,0.9840857465493501,1.7400072237960487,1.02621874997326,0.9840857465493501,1.1600048158640324,0.5352472996020466,0.6832404629232748,0.735330836454432,100.0,100.0,4938,1550,6291,43,2,6069,0.008707978938841636,0.0012903225806451613,0.9647114926084883,0.2,0.9,0.2,0.6000000000000001,25.0,95.0,60.0,0.1,0.8,0.1,0.5,25.0,85.0,50.0,1589,684,905,1589,0.5695405915670233,1.9665058321704363,1.5,1.3110038881136241,588,0.8596491228070176,1.0,1
"iteration_2","SCOPE_DATA_COLLECTION",1100,28,1750.0,1810.0,0,6777,4498,1589,6647,4532,1600,3003,1956,693,3782,2540,905,0.5574060427413412,0.5649466192170819,0.5663329161451814,0.5618207253720426,1.0861319913572967,1.961569473696681,1.1236414507440853,1.0861319913572967,1.307712982464454,0.646020646020646,0.7822085889570553,0.8571428571428571,100.0,100.0,4907,768,7189,38,0,7189,0.0077440391277766455,0.0,1.0,0.1,0.8,0.1,0.5,25.0,85.0,50.0,0.05,0.7000000000000001,0.1,0.5,25.0,75.0,60.0,6683,2810,3873,6683,0.5795301511297322,0.5696728509319714,0.5,1.1393457018639428,1765,0.6281138790035588,1.0,1
"iteration_2","SCOPE_DATA_COLLECTION",1100,28,1750.0,1810.0,1,6777,4498,1589,6647,4532,1600,3003,1956,693,3782,2540,905,0.5574060427413412,0.5649466192170819,0.5663329161451814,0.5618207253720426,1.0861319913572967,1.961569473696681,1.1236414507440853,1.0861319913572967,1.307712982464454,0.646020646020646,0.7822085889570553,0.8571428571428571,100.0,100.0,4907,768,7189,38,0,7189,0.0077440391277766455,0.0,1.0,0.1,0.8,0.1,0.5,25.0,85.0,50.0,0.05,0.7000000000000001,0.1,0.5,25.0,75.0,60.0,4464,1844,2620,4464,0.5869175627240143,1.1169896426976635,1.0,1.1169896426976635,1527,0.8280911062906724,1.0,1
"iteration_2","SCOPE_DATA_COLLECTION",1100,28,1750.0,1810.0,2,6777,4498,1589,6647,4532,1600,3003,1956,693,3782,2540,905,0.5574060427413412,0.5649466192170819,0.5663329161451814,0.5618207253720426,1.0861319913572967,1.961569473696681,1.1236414507440853,1.0861319913572967,1.307712982464454,0.646020646020646,0.7822085889570553,0.8571428571428571,100.0,100.0,4907,768,7189,38,0,7189,0.0077440391277766455,0.0,1.0,0.1,0.8,0.1,0.5,25.0,85.0,50.0,0.05,0.7000000000000001,0.1,0.5,25.0,75.0,60.0,1482,628,854,1482,0.5762483130904184,2.080820778135773,1.5,1.3872138520905153,582,0.9267515923566879,1.0,1
"iteration_2","SCOPE_DATA_COLLECTION",1100,29,1810.0,1870.0,0,6683,4464,1482,6777,4498,1589,2810,1839,621,3873,2620,854,0.5795301511297322,0.587575689616506,0.5789830508474576,0.5693211584125957,1.116599553465325,2.0799195920126863,1.1386423168251913,1.116599553465325,1.3866130613417909,0.6281138790035588,0.8276237085372485,0.927536231884058,92.5,100.0,4923,386,7320,27,0,7320,0.005484460694698354,0.0,1.0,0.05,0.7000000000000001,0.1,0.5,25.0,75.0,60.0,0.05,0.7000000000000001,0.1,0.6000000000000001,25.0,85.0,60.0,6658,2766,3892,6658,0.5845599279062782,0.5709882224339075,0.5,1.141976444867815,1770,0.6399132321041214,1.0,1
"iteration_2","SCOPE_DATA_COLLECTION",1100,29,1810.0,1870.0,1,6683,4464,1482,6777,4498,1589,2810,1839,621,3873,2620,854,0.5795301511297322,0.587575689616506,0.5789830508474576,0.5693211584125957,1.116599553465325,2.0799195920126863,1.1386423168251913,1.116599553465325,1.3866130613417909,0.6281138790035588,0.8276237085372485,0.927536231884058,92.5,100.0,4923,386,7320,27,0,7320,0.005484460694698354,0.0,1.0,0.05,0.7000000000000001,0.1,0.5,25.0,75.0,60.0,0.05,0.7000000000000001,0.1,0.6000000000000001,25.0,85.0,60.0,4418,1837,2581,4418,0.5842009959257582,1.110240731964482,1.0,1.110240731964482,1512,0.8230811105062602,1.0,1
"iteration_2","SCOPE_DATA_COLLECTION",1100,29,1810.0,1870.0,2,6683,4464,1482,6777,4498,1589,2810,1839,621,3873,2620,854,0.5795301511297322,0.587575689616506,0.5789830508474576,0.5693211584125957,1.116599553465325,2.0799195920126863,1.1386423168251913,1.116599553465325,1.3866130613417909,0.6281138790035588,0.8276237085372485,0.927536231884058,92.5,100.0,4923,386,7320,27,0,7320,0.005484460694698354,0.0,1.0,0.05,0.7000000000000001,0.1,0.5,25.0,75.0,60.0,0.05,0.7000000000000001,0.1,0.6000000000000001,25.0,85.0,60.0,1531,631,900,1531,0.5878510777269759,2.071020169677222,1.5,1.3806801131181479,579,0.9175911251980983,1.0,1
"iteration_2","SCOPE_DATA_COLLECTION",1100,30,1870.0,1930.0,0,6658,4418,1531,6683,4464,1482,2767,1837,636,3892,2581,900,0.5844721429644091,0.5842009959257582,0.5859375,0.5712297513709116,1.1116526740629495,2.0721625147415828,1.1424595027418232,1.1116526740629495,1.3814416764943884,0.6404047705095771,0.8225367446924333,0.9182389937106918,97.5,100.0,4857,408,7342,31,0,7342,0.006382540662960675,0.0,1.0,0.05,0.7000000000000001,0.1,0.6000000000000001,25.0,85.0,60.0,0.8,0.30000000000000004,0.2,0.6000000000000001,45.0,20.0,55.0,6567,6552,15,6567,0.0022841480127912287,0.2985892869381198,0.5,0.5971785738762396,1679,0.25625763125763124,1.0,1
"iteration_2","SCOPE_DATA_COLLECTION",1100,30,1870.0,1930.0,1,6658,4418,1531,6683,4464,1482,2767,1837,636,3892,2581,900,0.5844721429644091,0.5842009959257582,0.5859375,0.5712297513709116,1.1116526740629495,2.0721625147415828,1.1424595027418232,1.1116526740629495,1.3814416764943884,0.6404047705095771,0.8225367446924333,0.9182389937106918,97.5,100.0,4857,408,7342,31,0,7342,0.006382540662960675,0.0,1.0,0.05,0.7000000000000001,0.1,0.6000000000000001,25.0,85.0,60.0,0.8,0.30000000000000004,0.2,0.6000000000000001,45.0,20.0,55.0,4505,4494,11,4505,0.00244173140954495,0.6076970051706456,1.0,0.6076970051706456,1623,0.36114819759679573,1.0,1
"iteration_2","SCOPE_DATA_COLLECTION",1100,30,1870.0,1930.0,2,6658,4418,1531,6683,4464,1482,2767,1837,636,3892,2581,900,0.5844721429644091,0.5842009959257582,0.5859375,0.5712297513709116,1.1116526740629495,2.0721625147415828,1.1424595027418232,1.1116526740629495,1.3814416764943884,0.6404047705095771,0.8225367446924333,0.9182389937106918,97.5,100.0,4857,408,7342,31,0,7342,0.006382540662960675,0.0,1.0,0.05,0.7000000000000001,0.1,0.6000000000000001,25.0,85.0,60.0,0.8,0.30000000000000004,0.2,0.6000000000000001,45.0,20.0,55.0,1531,1512,19,1531,0.012410189418680601,1.0743019550384267,1.5,0.7162013033589512,586,0.38756613756613756,1.0,1
"iteration_2","SCOPE_DATA_COLLECTION",1100,31,1930.0,1990.0,0,6567,4505,1531,6658,4418,1531,6533,4493,1508,15,11,19,0.0022907758094074526,0.0024422735346358794,0.012442698100851343,0.29872339774512097,0.6087428797323994,1.0777433726292278,0.5974467954902419,0.6087428797323994,0.7184955817528186,0.25623756314097657,0.3618962831070554,0.3885941644562334,97.5,100.0,5024,6074,1505,34,3,8,0.006767515923566879,4.939084622983208E-4,0.0053156146179402,0.8,0.30000000000000004,0.2,0.6000000000000001,45.0,20.0,55.0,0.8,0.30000000000000004,0.30000000000000004,0.5,35.0,20.0,65.0,6641,6633,8,6641,0.0012046378557446168,0.29413355036868405,0.5,0.5882671007373681,1636,0.2466455600783959,1.0,1
"iteration_2","SCOPE_DATA_COLLECTION",1100,31,1930.0,1990.0,1,6567,4505,1531,6658,4418,1531,6533,4493,1508,15,11,19,0.0022907758094074526,0.0024422735346358794,0.012442698100851343,0.29872339774512097,0.6087428797323994,1.0777433726292278,0.5974467954902419,0.6087428797323994,0.7184955817528186,0.25623756314097657,0.3618962831070554,0.3885941644562334,97.5,100.0,5024,6074,1505,34,3,8,0.006767515923566879,4.939084622983208E-4,0.0053156146179402,0.8,0.30000000000000004,0.2,0.6000000000000001,45.0,20.0,55.0,0.8,0.30000000000000004,0.30000000000000004,0.5,35.0,20.0,65.0,4619,4601,18,4619,0.0038969473912102187,0.6258681451569429,1.0,0.6258681451569429,1646,0.3577483155835688,1.0,1
"iteration_2","SCOPE_DATA_COLLECTION",1100,31,1930.0,1990.0,2,6567,4505,1531,6658,4418,1531,6533,4493,1508,15,11,19,0.0022907758094074526,0.0024422735346358794,0.012442698100851343,0.29872339774512097,0.6087428797323994,1.0777433726292278,0.5974467954902419,0.6087428797323994,0.7184955817528186,0.25623756314097657,0.3618962831070554,0.3885941644562334,97.5,100.0,5024,6074,1505,34,3,8,0.006767515923566879,4.939084622983208E-4,0.0053156146179402,0.8,0.30000000000000004,0.2,0.6000000000000001,45.0,20.0,55.0,0.8,0.30000000000000004,0.30000000000000004,0.5,35.0,20.0,65.0,1597,1573,24,1597,0.015028177833437696,1.0816888901137418,1.5,0.7211259267424945,607,0.385886840432295,1.0,1
"iteration_2","SCOPE_DATA_COLLECTION",1100,32,1990.0,2050.0,0,6641,4619,1597,6567,4505,1531,6651,4604,1557,8,18,24,0.0012013815888271512,0.0038944180008654264,0.015180265654648957,0.2941013829017407,0.6246227442701777,1.0734904550725184,0.5882027658034814,0.6246227442701777,0.715660303381679,0.24642910840475116,0.3579496090356212,0.3827874116891458,97.5,100.0,4979,6325,1553,47,3,0,0.009439646515364532,4.743083003952569E-4,0.0,0.8,0.30000000000000004,0.30000000000000004,0.5,35.0,20.0,65.0,0.9500000000000001,0.5,0.30000000000000004,0.9,85.0,90.0,80.0,6751,6741,10,6751,0.0014812620352540364,0.2978787590139393,0.5,0.5957575180278786,1681,0.24936952974336152,1.0,1
"iteration_2","SCOPE_DATA_COLLECTION",1100,32,1990.0,2050.0,1,6641,4619,1597,6567,4505,1531,6651,4604,1557,8,18,24,0.0012013815888271512,0.0038944180008654264,0.015180265654648957,0.2941013829017407,0.6246227442701777,1.0734904550725184,0.5882027658034814,0.6246227442701777,0.715660303381679,0.24642910840475116,0.3579496090356212,0.3827874116891458,97.5,100.0,4979,6325,1553,47,3,0,0.009439646515364532,4.743083003952569E-4,0.0,0.8,0.30000000000000004,0.30000000000000004,0.5,35.0,20.0,65.0,0.9500000000000001,0.5,0.30000000000000004,0.9,85.0,90.0,80.0,4508,4489,19,4508,0.004214729370008873,0.6164006368700932,1.0,0.6164006368700932,1592,0.3546446870126977,1.0,1
"iteration_2","SCOPE_DATA_COLLECTION",1100,32,1990.0,2050.0,2,6641,4619,1597,6567,4505,1531,6651,4604,1557,8,18,24,0.0012013815888271512,0.0038944180008654264,0.015180265654648957,0.2941013829017407,0.6246227442701777,1.0734904550725184,0.5882027658034814,0.6246227442701777,0.715660303381679,0.24642910840475116,0.3579496090356212,0.3827874116891458,97.5,100.0,4979,6325,1553,47,3,0,0.009439646515364532,4.743083003952569E-4,0.0,0.8,0.30000000000000004,0.30000000000000004,0.5,35.0,20.0,65.0,0.9500000000000001,0.5,0.30000000000000004,0.9,85.0,90.0,80.0,1590,1560,30,1590,0.018867924528301886,1.0763893862740073,1.5,0.7175929241826715,600,0.38461538461538464,1.0,1
"iteration_2","SCOPE_DATA_COLLECTION",1100,33,2050.0,2110.0,0,6751,4508,1590,6641,4619,1597,6732,4486,1568,10,19,30,0.0014832393948383269,0.004217536071032186,0.01877346683354193,0.2971918118087822,0.6171337365486772,1.0779587504763093,0.5943836236175644,0.6171337365486772,0.7186391669842062,0.2482174688057041,0.3553276861346411,0.3852040816326531,100.0,100.0,4899,7576,374,48,11,0,0.009797917942437232,0.0014519535374868005,0.0,0.9500000000000001,0.5,0.30000000000000004,0.9,85.0,90.0,80.0,0.2,0.2,0.1,0.1,90.0,25.0,30.0,6638,3913,2725,6638,0.41051521542633324,0.4518251732184845,0.5,0.903650346436969,1669,0.42652696141068236,1.0,1
"iteration_2","SCOPE_DATA_COLLECTION",1100,33,2050.0,2110.0,1,6751,4508,1590,6641,4619,1597,6732,4486,1568,10,19,30,0.0014832393948383269,0.004217536071032186,0.01877346683354193,0.2971918118087822,0.6171337365486772,1.0779587504763093,0.5943836236175644,0.6171337365486772,0.7186391669842062,0.2482174688057041,0.3553276861346411,0.3852040816326531,100.0,100.0,4899,7576,374,48,11,0,0.009797917942437232,0.0014519535374868005,0.0,0.9500000000000001,0.5,0.30000000000000004,0.9,85.0,90.0,80.0,0.2,0.2,0.1,0.1,90.0,25.0,30.0,4466,2615,1851,4466,0.41446484549932827,0.976657357911841,1.0,0.976657357911841,1761,0.6734225621414914,1.0,1
"iteration_2","SCOPE_DATA_COLLECTION",1100,33,2050.0,2110.0,2,6751,4508,1590,6641,4619,1597,6732,4486,1568,10,19,30,0.0014832393948383269,0.004217536071032186,0.01877346683354193,0.2971918118087822,0.6171337365486772,1.0779587504763093,0.5943836236175644,0.6171337365486772,0.7186391669842062,0.2482174688057041,0.3553276861346411,0.3852040816326531,100.0,100.0,4899,7576,374,48,11,0,0.009797917942437232,0.0014519535374868005,0.0,0.9500000000000001,0.5,0.30000000000000004,0.9,85.0,90.0,80.0,0.2,0.2,0.1,0.1,90.0,25.0,30.0,1522,872,650,1522,0.42706964520367935,1.6042749899929543,1.5,1.0695166599953028,585,0.6708715596330275,1.0,1
"iteration_2","SCOPE_DATA_COLLECTION",1100,34,2110.0,2170.0,0,6638,4466,1522,6751,4508,1590,3914,2620,885,2725,1850,650,0.41045338153336347,0.41387024608501116,0.4234527687296417,0.45243770652046517,0.9760958845510769,1.602868074488515,0.9048754130409303,0.9760958845510769,1.0685787163256768,0.42769545222279,0.6713740458015267,0.6689265536723163,100.0,100.0,5008,1591,6027,13,1,5211,0.002595846645367412,6.285355122564425E-4,0.8646092583374814,0.2,0.2,0.1,0.1,90.0,25.0,30.0,0.6000000000000001,0.9,0.8,0.1,30.0,20.0,30.0,6491,6466,25,6491,0.0038514866738561084,0.3135156103791086,0.5,0.6270312207582172,1780,0.2752861119703062,1.0,1
"iteration_2","SCOPE_DATA_COLLECTION",1100,34,2110.0,2170.0,1,6638,4466,1522,6751,4508,1590,3914,2620,885,2725,1850,650,0.41045338153336347,0.41387024608501116,0.4234527687296417,0.45243770652046517,0.9760958845510769,1.602868074488515,0.9048754130409303,0.9760958845510769,1.0685787163256768,0.42769545222279,0.6713740458015267,0.6689265536723163,100.0,100.0,5008,1591,6027,13,1,5211,0.002595846645367412,6.285355122564425E-4,0.8646092583374814,0.2,0.2,0.1,0.1,90.0,25.0,30.0,0.6000000000000001,0.9,0.8,0.1,30.0,20.0,30.0,4513,4494,19,4513,0.0042100598271659646,0.6461879377587308,1.0,0.6461879377587308,1627,0.3620382732532265,1.0,1
"iteration_2","SCOPE_DATA_COLLECTION",1100,34,2110.0,2170.0,2,6638,4466,1522,6751,4508,1590,3914,2620,885,2725,1850,650,0.41045338153336347,0.41387024608501116,0.4234527687296417,0.45243770652046517,0.9760958845510769,1.602868074488515,0.9048754130409303,0.9760958845510769,1.0685787163256768,0.42769545222279,0.6713740458015267,0.6689265536723163,100.0,100.0,5008,1591,6027,13,1,5211,0.002595846645367412,6.285355122564425E-4,0.8646092583374814,0.2,0.2,0.1,0.1,90.0,25.0,30.0,0.6000000000000001,0.9,0.8,0.1,30.0,20.0,30.0,1531,1523,8,1531,0.005225342913128674,1.070990570887646,1.5,0.7139937139250973,605,0.3972422849638871,1.0,1
"iteration_2","SCOPE_DATA_COLLECTION",1100,35,2170.0,2230.0,0,6491,4513,1531,6638,4466,1522,6466,4489,1504,25,20,8,0.0038514866738561084,0.004435573297848747,0.005291005291005291,0.31280125999321673,0.6437998725231387,1.0692296267196746,0.6256025199864335,0.6437998725231387,0.7128197511464497,0.27544076708939064,0.3615504566718646,0.39694148936170215,97.5,100.0,4823,4660,3052,32,3,18,0.0066348745594028615,6.437768240343348E-4,0.005897771952817824,0.6000000000000001,0.9,0.8,0.1,30.0,20.0,30.0,0.15000000000000002,0.7000000000000001,0.6000000000000001,0.2,50.0,35.0,40.0,6639,3247,3392,6639,0.5109203193251995,0.5136615584393114,0.5,1.0273231168786228,1793,0.5522020326455189,1.0,1
"iteration_2","SCOPE_DATA_COLLECTION",1100,35,2170.0,2230.0,1,6491,4513,1531,6638,4466,1522,6466,4489,1504,25,20,8,0.0038514866738561084,0.004435573297848747,0.005291005291005291,0.31280125999321673,0.6437998725231387,1.0692296267196746,0.6256025199864335,0.6437998725231387,0.7128197511464497,0.27544076708939064,0.3615504566718646,0.39694148936170215,97.5,100.0,4823,4660,3052,32,3,18,0.0066348745594028615,6.437768240343348E-4,0.005897771952817824,0.6000000000000001,0.9,0.8,0.1,30.0,20.0,30.0,0.15000000000000002,0.7000000000000001,0.6000000000000001,0.2,50.0,35.0,40.0,4474,2178,2296,4474,0.5131873044255699,1.0881498594355894,1.0,1.0881498594355894,1595,0.7323232323232324,1.0,1
"iteration_2","SCOPE_DATA_COLLECTION",1100,35,2170.0,2230.0,2,6491,4513,1531,6638,4466,1522,6466,4489,1504,25,20,8,0.0038514866738561084,0.004435573297848747,0.005291005291005291,0.31280125999321673,0.6437998725231387,1.0692296267196746,0.6256025199864335,0.6437998725231387,0.7128197511464497,0.27544076708939064,0.3615504566718646,0.39694148936170215,97.5,100.0,4823,4660,3052,32,3,18,0.0066348745594028615,6.437768240343348E-4,0.005897771952817824,0.6000000000000001,0.9,0.8,0.1,30.0,20.0,30.0,0.15000000000000002,0.7000000000000001,0.6000000000000001,0.2,50.0,35.0,40.0,1586,748,838,1586,0.5283732660781841,1.8197923164765049,1.5,1.2131948776510033,591,0.7901069518716578,1.0,1
"iteration_2","SCOPE_DATA_COLLECTION",1100,36,2230.0,2290.0,0,6639,4474,1586,6491,4513,1531,3249,2187,763,3392,2296,838,0.5107664508357175,0.5121570376979702,0.523422860712055,0.5136870544554091,1.0884319900811426,1.8040737997407972,1.0273741089108182,1.0884319900811426,1.2027158664938649,0.5503231763619575,0.7315957933241883,0.781127129750983,97.5,100.0,4852,1187,6660,28,0,6498,0.005770816158285243,0.0,0.9756756756756757,0.15000000000000002,0.7000000000000001,0.6000000000000001,0.2,50.0,35.0,40.0,0.15000000000000002,0.7000000000000001,0.6000000000000001,0.2,50.0,35.0,40.0,6698,3413,3285,6698,0.4904449089280382,0.5293185867485632,0.5,1.0586371734971265,1891,0.5540580134778788,1.0,1
"iteration_2","SCOPE_DATA_COLLECTION",1100,36,2230.0,2290.0,1,6639,4474,1586,6491,4513,1531,3249,2187,763,3392,2296,838,0.5107664508357175,0.5121570376979702,0.523422860712055,0.5136870544554091,1.0884319900811426,1.8040737997407972,1.0273741089108182,1.0884319900811426,1.2027158664938649,0.5503231763619575,0.7315957933241883,0.781127129750983,97.5,100.0,4852,1187,6660,28,0,6498,0.005770816158285243,0.0,0.9756756756756757,0.15000000000000002,0.7000000000000001,0.6000000000000001,0.2,50.0,35.0,40.0,0.15000000000000002,0.7000000000000001,0.6000000000000001,0.2,50.0,35.0,40.0,4501,2278,2223,4501,0.49389024661186404,1.0920644917241975,1.0,1.0920644917241975,1620,0.7111501316944688,1.0,1
"iteration_2","SCOPE_DATA_COLLECTION",1100,36,2230.0,2290.0,2,6639,4474,1586,6491,4513,1531,3249,2187,763,3392,2296,838,0.5107664508357175,0.5121570376979702,0.523422860712055,0.5136870544554091,1.0884319900811426,1.8040737997407972,1.0273741089108182,1.0884319900811426,1.2027158664938649,0.5503231763619575,0.7315957933241883,0.781127129750983,97.5,100.0,4852,1187,6660,28,0,6498,0.005770816158285243,0.0,0.9756756756756757,0.15000000000000002,0.7000000000000001,0.6000000000000001,0.2,50.0,35.0,40.0,0.15000000000000002,0.7000000000000001,0.6000000000000001,0.2,50.0,35.0,40.0,1563,769,794,1563,0.5079974408189379,1.7962385805096686,1.5,1.1974923870064458,593,0.7711313394018205,1.0,1
"iteration_2","SCOPE_DATA_COLLECTION",1100,37,2290.0,2350.0,0,6698,4501,1563,6639,4474,1586,3415,2269,764,3285,2223,794,0.49029850746268655,0.49487978628673196,0.5096277278562259,0.5293721033675873,1.0899604276112664,1.7891597073737355,1.0587442067351747,1.0899604276112664,1.192773138249157,0.5546120058565154,0.7117672983693257,0.768324607329843,100.0,100.0,4959,1145,6658,38,0,6264,0.007662835249042145,0.0,0.9408230699909883,0.15000000000000002,0.7000000000000001,0.6000000000000001,0.2,50.0,35.0,40.0,0.05,0.8,0.5,0.30000000000000004,40.0,25.0,40.0,6635,2781,3854,6635,0.5808590806330067,0.6002468199560708,0.5,1.2004936399121415,1855,0.6670262495505214,1.0,1
"iteration_2","SCOPE_DATA_COLLECTION",1100,37,2290.0,2350.0,1,6698,4501,1563,6639,4474,1586,3415,2269,764,3285,2223,794,0.49029850746268655,0.49487978628673196,0.5096277278562259,0.5293721033675873,1.0899604276112664,1.7891597073737355,1.0587442067351747,1.0899604276112664,1.192773138249157,0.5546120058565154,0.7117672983693257,0.768324607329843,100.0,100.0,4959,1145,6658,38,0,6264,0.007662835249042145,0.0,0.9408230699909883,0.15000000000000002,0.7000000000000001,0.6000000000000001,0.2,50.0,35.0,40.0,0.05,0.8,0.5,0.30000000000000004,40.0,25.0,40.0,4405,1820,2585,4405,0.58683314415437,1.2555626287761676,1.0,1.2555626287761676,1583,0.8697802197802198,1.0,1
"iteration_2","SCOPE_DATA_COLLECTION",1100,37,2290.0,2350.0,2,6698,4501,1563,6639,4474,1586,3415,2269,764,3285,2223,794,0.49029850746268655,0.49487978628673196,0.5096277278562259,0.5293721033675873,1.0899604276112664,1.7891597073737355,1.0587442067351747,1.0899604276112664,1.192773138249157,0.5546120058565154,0.7117672983693257,0.768324607329843,100.0,100.0,4959,1145,6658,38,0,6264,0.007662835249042145,0.0,0.9408230699909883,0.15000000000000002,0.7000000000000001,0.6000000000000001,0.2,50.0,35.0,40.0,0.05,0.8,0.5,0.30000000000000004,40.0,25.0,40.0,1500,643,857,1500,0.5713333333333334,2.1167054518131914,1.5,1.4111369678754608,603,0.937791601866252,1.0,1
"iteration_2","SCOPE_DATA_COLLECTION",1100,38,2350.0,2410.0,0,6635,4405,1500,6698,4501,1563,2773,1824,639,3854,2585,857,0.5815602836879432,0.5863007484690406,0.5728609625668449,0.600386006073552,1.2547449441873137,2.1115448250659687,1.200772012147104,1.2547449441873137,1.407696550043979,0.6667868734222864,0.8689692982456141,0.9374021909233177,97.5,100.0,4937,358,7245,51,0,7245,0.010330160016204173,0.0,1.0,0.05,0.8,0.5,0.30000000000000004,40.0,25.0,40.0,0.9500000000000001,0.7000000000000001,0.4,0.5,90.0,60.0,45.0,6537,6527,10,6537,0.0015297537096527459,0.3154064544669225,0.5,0.630812908933845,1823,0.27930136356672286,1.0,1
"iteration_2","SCOPE_DATA_COLLECTION",1100,38,2350.0,2410.0,1,6635,4405,1500,6698,4501,1563,2773,1824,639,3854,2585,857,0.5815602836879432,0.5863007484690406,0.5728609625668449,0.600386006073552,1.2547449441873137,2.1115448250659687,1.200772012147104,1.2547449441873137,1.407696550043979,0.6667868734222864,0.8689692982456141,0.9374021909233177,97.5,100.0,4937,358,7245,51,0,7245,0.010330160016204173,0.0,1.0,0.05,0.8,0.5,0.30000000000000004,40.0,25.0,40.0,0.9500000000000001,0.7000000000000001,0.4,0.5,90.0,60.0,45.0,4506,4487,19,4506,0.004216600088770528,0.6536588343320355,1.0,0.6536588343320355,1681,0.3746378426565634,1.0,1
"iteration_2","SCOPE_DATA_COLLECTION",1100,38,2350.0,2410.0,2,6635,4405,1500,6698,4501,1563,2773,1824,639,3854,2585,857,0.5815602836879432,0.5863007484690406,0.5728609625668449,0.600386006073552,1.2547449441873137,2.1115448250659687,1.200772012147104,1.2547449441873137,1.407696550043979,0.6667868734222864,0.8689692982456141,0.9374021909233177,97.5,100.0,4937,358,7245,51,0,7245,0.010330160016204173,0.0,1.0,0.05,0.8,0.5,0.30000000000000004,40.0,25.0,40.0,0.9500000000000001,0.7000000000000001,0.4,0.5,90.0,60.0,45.0,1563,1534,29,1563,0.018554062699936022,1.0700721943753415,1.5,0.7133814629168943,574,0.3741851368970013,1.0,1
"iteration_2","SCOPE_DATA_COLLECTION",1100,39,2410.0,2470.0,0,6537,4506,1563,6635,4405,1500,6538,4486,1543,10,19,29,0.0015271838729383018,0.004217536071032186,0.018447837150127225,0.3167410448028592,0.6569266911444162,1.0818940339117613,0.6334820896057184,0.6569266911444162,0.7212626892745075,0.28097277454879166,0.3760588497547927,0.37913156189241737,100.0,100.0,4932,7262,412,51,4,3,0.010340632603406326,5.50812448361333E-4,0.007281553398058253,0.9500000000000001,0.7000000000000001,0.4,0.5,90.0,60.0,45.0,0.9500000000000001,0.7000000000000001,0.4,0.5,90.0,60.0,45.0,6851,6839,12,6851,0.0017515691139979566,0.32120829463914125,0.5,0.6424165892782825,1929,0.28205878052346833,1.0,1
"iteration_2","SCOPE_DATA_COLLECTION",1100,39,2410.0,2470.0,1,6537,4506,1563,6635,4405,1500,6538,4486,1543,10,19,29,0.0015271838729383018,0.004217536071032186,0.018447837150127225,0.3167410448028592,0.6569266911444162,1.0818940339117613,0.6334820896057184,0.6569266911444162,0.7212626892745075,0.28097277454879166,0.3760588497547927,0.37913156189241737,100.0,100.0,4932,7262,412,51,4,3,0.010340632603406326,5.50812448361333E-4,0.007281553398058253,0.9500000000000001,0.7000000000000001,0.4,0.5,90.0,60.0,45.0,0.9500000000000001,0.7000000000000001,0.4,0.5,90.0,60.0,45.0,4490,4471,19,4490,0.004231625835189309,0.6308710284434967,1.0,0.6308710284434967,1545,0.3455602773428763,1.0,1
"iteration_2","SCOPE_DATA_COLLECTION",1100,39,2410.0,2470.0,2,6537,4506,1563,6635,4405,1500,6538,4486,1543,10,19,29,0.0015271838729383018,0.004217536071032186,0.018447837150127225,0.3167410448028592,0.6569266911444162,1.0818940339117613,0.6334820896057184,0.6569266911444162,0.7212626892745075,0.28097277454879166,0.3760588497547927,0.37913156189241737,100.0,100.0,4932,7262,412,51,4,3,0.010340632603406326,5.50812448361333E-4,0.007281553398058253,0.9500000000000001,0.7000000000000001,0.4,0.5,90.0,60.0,45.0,0.9500000000000001,0.7000000000000001,0.4,0.5,90.0,60.0,45.0,1585,1565,20,1585,0.012618296529968454,1.1065508669973667,1.5,0.7377005779982445,614,0.39233226837060703,1.0,1
"iteration_2","SCOPE_DATA_COLLECTION",1100,40,2470.0,2530.0,0,6851,4490,1585,6537,4506,1563,6820,4463,1562,12,19,20,0.001756440281030445,0.004239178937974119,0.012642225031605562,0.31937353179605354,0.6282173913800277,1.106637407277133,0.6387470635921071,0.6282173913800277,0.7377582715180887,0.2806451612903226,0.34371498991709615,0.39308578745198464,100.0,100.0,4956,7609,361,43,8,0,0.00867635189669088,0.0010513865159679327,0.0,0.9500000000000001,0.7000000000000001,0.4,0.5,90.0,60.0,45.0,0.8500000000000001,0.8,0.5,0.5,95.0,70.0,55.0,6668,6655,13,6668,0.001949610077984403,0.3111238527398146,0.5,0.6222477054796292,1823,0.27392937640871523,1.0,1
"iteration_2","SCOPE_DATA_COLLECTION",1100,40,2470.0,2530.0,1,6851,4490,1585,6537,4506,1563,6820,4463,1562,12,19,20,0.001756440281030445,0.004239178937974119,0.012642225031605562,0.31937353179605354,0.6282173913800277,1.106637407277133,0.6387470635921071,0.6282173913800277,0.7377582715180887,0.2806451612903226,0.34371498991709615,0.39308578745198464,100.0,100.0,4956,7609,361,43,8,0,0.00867635189669088,0.0010513865159679327,0.0,0.9500000000000001,0.7000000000000001,0.4,0.5,90.0,60.0,45.0,0.8500000000000001,0.8,0.5,0.5,95.0,70.0,55.0,4522,4498,24,4522,0.005307386112339673,0.6413901652492278,1.0,0.6413901652492278,1611,0.35815918185860385,1.0,1
"iteration_2","SCOPE_DATA_COLLECTION",1100,40,2470.0,2530.0,2,6851,4490,1585,6537,4506,1563,6820,4463,1562,12,19,20,0.001756440281030445,0.004239178937974119,0.012642225031605562,0.31937353179605354,0.6282173913800277,1.106637407277133,0.6387470635921071,0.6282173913800277,0.7377582715180887,0.2806451612903226,0.34371498991709615,0.39308578745198464,100.0,100.0,4956,7609,361,43,8,0,0.00867635189669088,0.0010513865159679327,0.0,0.9500000000000001,0.7000000000000001,0.4,0.5,90.0,60.0,45.0,0.8500000000000001,0.8,0.5,0.5,95.0,70.0,55.0,1571,1538,33,1571,0.021005728835136857,1.0850724956289897,1.5,0.7233816637526598,588,0.3823146944083225,1.0,1
"iteration_2","SCOPE_DATA_COLLECTION",1100,41,2530.0,2590.0,0,6668,4522,1571,6851,4490,1585,6668,4494,1533,13,24,33,0.001945816494536746,0.005312084993359893,0.0210727969348659,0.31268081455310637,0.6447481949204965,1.0828382884724668,0.6253616291062127,0.6447481949204965,0.7218921923149778,0.27579484103179364,0.36114819759679573,0.38095238095238093,100.0,100.0,4926,6615,1220,61,9,0,0.012383272431993504,0.0013605442176870747,0.0,0.8500000000000001,0.8,0.5,0.5,95.0,70.0,55.0,0.8500000000000001,0.9,0.6000000000000001,0.4,95.0,60.0,55.0,6608,6585,23,6608,0.0034806295399515737,0.3132466223718243,0.5,0.6264932447436486,1795,0.27258921791951407,1.0,1
"iteration_2","SCOPE_DATA_COLLECTION",1100,41,2530.0,2590.0,1,6668,4522,1571,6851,4490,1585,6668,4494,1533,13,24,33,0.001945816494536746,0.005312084993359893,0.0210727969348659,0.31268081455310637,0.6447481949204965,1.0828382884724668,0.6253616291062127,0.6447481949204965,0.7218921923149778,0.27579484103179364,0.36114819759679573,0.38095238095238093,100.0,100.0,4926,6615,1220,61,9,0,0.012383272431993504,0.0013605442176870747,0.0,0.8500000000000001,0.8,0.5,0.5,95.0,70.0,55.0,0.8500000000000001,0.9,0.6000000000000001,0.4,95.0,60.0,55.0,4539,4513,26,4539,0.005728133950209297,0.6681126303231559,1.0,0.6681126303231559,1672,0.3704852647906049,1.0,1
"iteration_2","SCOPE_DATA_COLLECTION",1100,41,2530.0,2590.0,2,6668,4522,1571,6851,4490,1585,6668,4494,1533,13,24,33,0.001945816494536746,0.005312084993359893,0.0210727969348659,0.31268081455310637,0.6447481949204965,1.0828382884724668,0.6253616291062127,0.6447481949204965,0.7218921923149778,0.27579484103179364,0.36114819759679573,0.38095238095238093,100.0,100.0,4926,6615,1220,61,9,0,0.012383272431993504,0.0013605442176870747,0.0,0.8500000000000001,0.8,0.5,0.5,95.0,70.0,55.0,0.8500000000000001,0.9,0.6000000000000001,0.4,95.0,60.0,55.0,1589,1564,25,1589,0.015733165512901194,1.0900840693749334,1.5,0.7267227129166223,610,0.3900255754475703,1.0,1
"iteration_2","SCOPE_DATA_COLLECTION",1100,42,2590.0,2650.0,0,6608,4539,1589,6668,4522,1571,6581,4523,1568,23,26,25,0.0034827377347062386,0.005715541877335678,0.015693659761456372,0.31311201101056935,0.6650408951704292,1.088803078212695,0.6262240220211387,0.6650408951704292,0.7258687188084633,0.271843184926303,0.3676763210258678,0.38903061224489793,100.0,100.0,4923,6569,1244,68,6,0,0.013812715823684745,9.133810321205663E-4,0.0,0.8500000000000001,0.9,0.6000000000000001,0.4,95.0,60.0,55.0,0.8,0.9,0.1,0.6000000000000001,50.0,55.0,55.0,6849,6841,8,6849,0.0011680537304716017,0.3105347432533684,0.5,0.6210694865067368,1935,0.28285338400818594,1.0,1
"iteration_2","SCOPE_DATA_COLLECTION",1100,42,2590.0,2650.0,1,6608,4539,1589,6668,4522,1571,6581,4523,1568,23,26,25,0.0034827377347062386,0.005715541877335678,0.015693659761456372,0.31311201101056935,0.6650408951704292,1.088803078212695,0.6262240220211387,0.6650408951704292,0.7258687188084633,0.271843184926303,0.3676763210258678,0.38903061224489793,100.0,100.0,4923,6569,1244,68,6,0,0.013812715823684745,9.133810321205663E-4,0.0,0.8500000000000001,0.9,0.6000000000000001,0.4,95.0,60.0,55.0,0.8,0.9,0.1,0.6000000000000001,50.0,55.0,55.0,4452,4446,6,4452,0.0013477088948787063,0.581755276522819,1.0,0.581755276522819,1527,0.3434547908232119,1.0,1
"iteration_2","SCOPE_DATA_COLLECTION",1100,42,2590.0,2650.0,2,6608,4539,1589,6668,4522,1571,6581,4523,1568,23,26,25,0.0034827377347062386,0.005715541877335678,0.015693659761456372,0.31311201101056935,0.6650408951704292,1.088803078212695,0.6262240220211387,0.6650408951704292,0.7258687188084633,0.271843184926303,0.3676763210258678,0.38903061224489793,100.0,100.0,4923,6569,1244,68,6,0,0.013812715823684745,9.133810321205663E-4,0.0,0.8500000000000001,0.9,0.6000000000000001,0.4,95.0,60.0,55.0,0.8,0.9,0.1,0.6000000000000001,50.0,55.0,55.0,1583,1570,13,1583,0.0082122552116235,1.047637717437101,1.5,0.6984251449580673,588,0.37452229299363055,1.0,1
"iteration_2","SCOPE_DATA_COLLECTION",1100,43,2650.0,2710.0,0,6849,4452,1583,6608,4539,1589,6839,4445,1566,8,6,13,0.0011683949174821088,0.0013480116827679174,0.008233058898036731,0.31020030032367674,0.5848883360714103,1.052838303423151,0.6204006006473535,0.5848883360714103,0.7018922022821007,0.28191256031583567,0.34488188976377954,0.3767560664112388,97.5,100.0,4945,6392,1547,24,3,0,0.004853387259858443,4.6933667083854817E-4,0.0,0.8,0.9,0.1,0.6000000000000001,50.0,55.0,55.0,0.8,0.9,0.1,0.6000000000000001,50.0,55.0,55.0,6795,6785,10,6795,0.0014716703458425313,0.30388904472531514,0.5,0.6077780894506303,1785,0.2630803242446573,1.0,1
"iteration_2","SCOPE_DATA_COLLECTION",1100,43,2650.0,2710.0,1,6849,4452,1583,6608,4539,1589,6839,4445,1566,8,6,13,0.0011683949174821088,0.0013480116827679174,0.008233058898036731,0.31020030032367674,0.5848883360714103,1.052838303423151,0.6204006006473535,0.5848883360714103,0.7018922022821007,0.28191256031583567,0.34488188976377954,0.3767560664112388,97.5,100.0,4945,6392,1547,24,3,0,0.004853387259858443,4.6933667083854817E-4,0.0,0.8,0.9,0.1,0.6000000000000001,50.0,55.0,55.0,0.8,0.9,0.1,0.6000000000000001,50.0,55.0,55.0,4514,4503,11,4514,0.0024368630926007973,0.5966555811337079,1.0,0.5966555811337079,1611,0.357761492338441,1.0,1
"iteration_2","SCOPE_DATA_COLLECTION",1100,43,2650.0,2710.0,2,6849,4452,1583,6608,4539,1589,6839,4445,1566,8,6,13,0.0011683949174821088,0.0013480116827679174,0.008233058898036731,0.31020030032367674,0.5848883360714103,1.052838303423151,0.6204006006473535,0.5848883360714103,0.7018922022821007,0.28191256031583567,0.34488188976377954,0.3767560664112388,97.5,100.0,4945,6392,1547,24,3,0,0.004853387259858443,4.6933667083854817E-4,0.0,0.8,0.9,0.1,0.6000000000000001,50.0,55.0,55.0,0.8,0.9,0.1,0.6000000000000001,50.0,55.0,55.0,1605,1587,18,1605,0.011214953271028037,1.0270043113935217,1.5,0.6846695409290144,579,0.3648393194706994,1.0,1
"iteration_2","SCOPE_DATA_COLLECTION",1100,44,2710.0,2770.0,0,6795,4514,1605,6849,4452,1583,6784,4511,1595,10,11,18,0.0014718869590815426,0.0024325519681556835,0.011159330440173589,0.30322481532180384,0.5980389521581397,1.0250094740876488,0.6064496306436077,0.5980389521581397,0.6833396493917658,0.2628242924528302,0.3586787851917535,0.36426332288401253,97.5,100.0,4932,6396,1586,33,6,0,0.006690997566909975,9.380863039399625E-4,0.0,0.8,0.9,0.1,0.6000000000000001,50.0,55.0,55.0,0.9,0.8,0.2,0.7000000000000001,50.0,55.0,65.0,6733,6714,19,6733,0.0028219218773206595,0.31296864327703044,0.5,0.6259372865540609,1845,0.27479892761394104,1.0,1
"iteration_2","SCOPE_DATA_COLLECTION",1100,44,2710.0,2770.0,1,6795,4514,1605,6849,4452,1583,6784,4511,1595,10,11,18,0.0014718869590815426,0.0024325519681556835,0.011159330440173589,0.30322481532180384,0.5980389521581397,1.0250094740876488,0.6064496306436077,0.5980389521581397,0.6833396493917658,0.2628242924528302,0.3586787851917535,0.36426332288401253,97.5,100.0,4932,6396,1586,33,6,0,0.006690997566909975,9.380863039399625E-4,0.0,0.8,0.9,0.1,0.6000000000000001,50.0,55.0,55.0,0.9,0.8,0.2,0.7000000000000001,50.0,55.0,65.0,4495,4470,25,4495,0.0055617352614015575,0.6205916083300757,1.0,0.6205916083300757,1624,0.36331096196868007,1.0,1
"iteration_2","SCOPE_DATA_COLLECTION",1100,44,2710.0,2770.0,2,6795,4514,1605,6849,4452,1583,6784,4511,1595,10,11,18,0.0014718869590815426,0.0024325519681556835,0.011159330440173589,0.30322481532180384,0.5980389521581397,1.0250094740876488,0.6064496306436077,0.5980389521581397,0.6833396493917658,0.2628242924528302,0.3586787851917535,0.36426332288401253,97.5,100.0,4932,6396,1586,33,6,0,0.006690997566909975,9.380863039399625E-4,0.0,0.8,0.9,0.1,0.6000000000000001,50.0,55.0,55.0,0.9,0.8,0.2,0.7000000000000001,50.0,55.0,65.0,1562,1533,29,1562,0.01856594110115237,1.0440329239045425,1.5,0.696021949269695,564,0.3679060665362035,1.0,1
"iteration_2","SCOPE_DATA_COLLECTION",1100,45,2770.0,2830.0,0,6733,4495,1562,6795,4514,1605,6715,4458,1530,19,25,29,0.0028215028215028215,0.005576622797233995,0.01860166773572803,0.3132158887932805,0.6173869992899511,1.0409092158736108,0.626431777586561,0.6173869992899511,0.6939394772490739,0.27475800446760984,0.36092418124719605,0.36666666666666664,100.0,100.0,5038,7000,752,68,5,0,0.013497419610956728,7.142857142857143E-4,0.0,0.9,0.8,0.2,0.7000000000000001,50.0,55.0,65.0,0.15000000000000002,0.8,0.6000000000000001,0.9,80.0,90.0,60.0,6732,3335,3397,6732,0.5046048722519311,0.5230229085394841,0.5,1.0460458170789682,1828,0.5481259370314843,1.0,1
"iteration_2","SCOPE_DATA_COLLECTION",1100,45,2770.0,2830.0,1,6733,4495,1562,6795,4514,1605,6715,4458,1530,19,25,29,0.0028215028215028215,0.005576622797233995,0.01860166773572803,0.3132158887932805,0.6173869992899511,1.0409092158736108,0.626431777586561,0.6173869992899511,0.6939394772490739,0.27475800446760984,0.36092418124719605,0.36666666666666664,100.0,100.0,5038,7000,752,68,5,0,0.013497419610956728,7.142857142857143E-4,0.0,0.9,0.8,0.2,0.7000000000000001,50.0,55.0,65.0,0.15000000000000002,0.8,0.6000000000000001,0.9,80.0,90.0,60.0,4553,2308,2245,4553,0.49308148473533936,1.0951054636059432,1.0,1.0951054636059432,1693,0.7335355285961872,1.0,1
"iteration_2","SCOPE_DATA_COLLECTION",1100,45,2770.0,2830.0,2,6733,4495,1562,6795,4514,1605,6715,4458,1530,19,25,29,0.0028215028215028215,0.005576622797233995,0.01860166773572803,0.3132158887932805,0.6173869992899511,1.0409092158736108,0.626431777586561,0.6173869992899511,0.6939394772490739,0.27475800446760984,0.36092418124719605,0.36666666666666664,100.0,100.0,5038,7000,752,68,5,0,0.013497419610956728,7.142857142857143E-4,0.0,0.9,0.8,0.2,0.7000000000000001,50.0,55.0,65.0,0.15000000000000002,0.8,0.6000000000000001,0.9,80.0,90.0,60.0,1509,699,810,1509,0.536779324055666,1.8908099229725017,1.5,1.2605399486483344,558,0.7982832618025751,1.0,1
"iteration_2","SCOPE_DATA_COLLECTION",1100,46,2830.0,2890.0,0,6732,4553,1509,6733,4495,1562,3354,2309,698,3397,2245,810,0.5031847133757962,0.4929732103645147,0.5371352785145889,0.5240017522271866,1.0917728637550252,1.88716860990234,1.0480035044543732,1.0917728637550252,1.2581124066015599,0.5497912939773405,0.7319185794716327,0.7965616045845272,100.0,100.0,5035,1171,6588,67,1,6384,0.013306852035749751,8.539709649871904E-4,0.9690346083788707,0.15000000000000002,0.8,0.6000000000000001,0.9,80.0,90.0,60.0,0.05,0.9,0.7000000000000001,0.8,80.0,80.0,50.0,6643,2882,3761,6643,0.5661598675297306,0.5980243939614821,0.5,1.1960487879229642,1891,0.6561415683553088,1.0,1
"iteration_2","SCOPE_DATA_COLLECTION",1100,46,2830.0,2890.0,1,6732,4553,1509,6733,4495,1562,3354,2309,698,3397,2245,810,0.5031847133757962,0.4929732103645147,0.5371352785145889,0.5240017522271866,1.0917728637550252,1.88716860990234,1.0480035044543732,1.0917728637550252,1.2581124066015599,0.5497912939773405,0.7319185794716327,0.7965616045845272,100.0,100.0,5035,1171,6588,67,1,6384,0.013306852035749751,8.539709649871904E-4,0.9690346083788707,0.15000000000000002,0.8,0.6000000000000001,0.9,80.0,90.0,60.0,0.05,0.9,0.7000000000000001,0.8,80.0,80.0,50.0,4460,1895,2565,4460,0.5751121076233184,1.2692548605979999,1.0,1.2692548605979999,1664,0.8781002638522427,1.0,1
"iteration_2","SCOPE_DATA_COLLECTION",1100,46,2830.0,2890.0,2,6732,4553,1509,6733,4495,1562,3354,2309,698,3397,2245,810,0.5031847133757962,0.4929732103645147,0.5371352785145889,0.5240017522271866,1.0917728637550252,1.88716860990234,1.0480035044543732,1.0917728637550252,1.2581124066015599,0.5497912939773405,0.7319185794716327,0.7965616045845272,100.0,100.0,5035,1171,6588,67,1,6384,0.013306852035749751,8.539709649871904E-4,0.9690346083788707,0.15000000000000002,0.8,0.6000000000000001,0.9,80.0,90.0,60.0,0.05,0.9,0.7000000000000001,0.8,80.0,80.0,50.0,1606,657,949,1606,0.5909090909090909,2.118108164345238,1.5,1.412072109563492,595,0.9056316590563166,1.0,1
"iteration_2","SCOPE_DATA_COLLECTION",1100,47,2890.0,2950.0,0,6643,4460,1606,6732,4553,1509,2878,1892,667,3761,2565,949,0.5665009790631119,0.5754992147184205,0.5872524752475248,0.598604514785996,1.267228683353075,2.118283504624626,1.197209029571992,1.267228683353075,1.412189003083084,0.6577484364141765,0.8763213530655392,0.9055472263868066,97.5,100.0,5055,435,7219,55,1,7219,0.010880316518298714,0.0022988505747126436,1.0,0.05,0.9,0.7000000000000001,0.8,80.0,80.0,50.0,0.8,0.9,0.7000000000000001,0.1,40.0,60.0,35.0,6669,6645,24,6669,0.003598740440845704,0.32195529127231415,0.5,0.6439105825446283,1949,0.29330323551542514,1.0,1
"iteration_2","SCOPE_DATA_COLLECTION",1100,47,2890.0,2950.0,1,6643,4460,1606,6732,4553,1509,2878,1892,667,3761,2565,949,0.5665009790631119,0.5754992147184205,0.5872524752475248,0.598604514785996,1.267228683353075,2.118283504624626,1.197209029571992,1.267228683353075,1.412189003083084,0.6577484364141765,0.8763213530655392,0.9055472263868066,97.5,100.0,5055,435,7219,55,1,7219,0.010880316518298714,0.0022988505747126436,1.0,0.05,0.9,0.7000000000000001,0.8,80.0,80.0,50.0,0.8,0.9,0.7000000000000001,0.1,40.0,60.0,35.0,4462,4444,18,4462,0.004034065441506051,0.6548865940533691,1.0,0.6548865940533691,1619,0.3643114311431143,1.0,1
"iteration_2","SCOPE_DATA_COLLECTION",1100,47,2890.0,2950.0,2,6643,4460,1606,6732,4553,1509,2878,1892,667,3761,2565,949,0.5665009790631119,0.5754992147184205,0.5872524752475248,0.598604514785996,1.267228683353075,2.118283504624626,1.197209029571992,1.267228683353075,1.412189003083084,0.6577484364141765,0.8763213530655392,0.9055472263868066,97.5,100.0,5055,435,7219,55,1,7219,0.010880316518298714,0.0022988505747126436,1.0,0.05,0.9,0.7000000000000001,0.8,80.0,80.0,50.0,0.8,0.9,0.7000000000000001,0.1,40.0,60.0,35.0,1575,1569,6,1575,0.0038095238095238095,1.060532472631978,1.5,0.7070216484213186,608,0.38750796685787126,1.0,1
"iteration_2","SCOPE_DATA_COLLECTION",1100,48,2950.0,3010.0,0,6669,4462,1575,6643,4460,1606,6634,4444,1559,24,18,5,0.003604686091919495,0.004034065441506051,0.00319693094629156,0.3223396373899079,0.6579798228018505,1.0575990516672122,0.6446792747798158,0.6579798228018505,0.7050660344448082,0.2936388302683147,0.36723672367236726,0.386144964720975,100.0,100.0,4950,6225,1531,26,7,14,0.0052525252525252525,0.0011244979919678715,0.009144350097975179,0.8,0.9,0.7000000000000001,0.1,40.0,60.0,35.0,0.8,0.8,0.7000000000000001,0.1,30.0,60.0,35.0,6623,6617,6,6623,9.059338668277216E-4,0.3120317916272169,0.5,0.6240635832544338,1802,0.27232884993199336,1.0,1
"iteration_2","SCOPE_DATA_COLLECTION",1100,48,2950.0,3010.0,1,6669,4462,1575,6643,4460,1606,6634,4444,1559,24,18,5,0.003604686091919495,0.004034065441506051,0.00319693094629156,0.3223396373899079,0.6579798228018505,1.0575990516672122,0.6446792747798158,0.6579798228018505,0.7050660344448082,0.2936388302683147,0.36723672367236726,0.386144964720975,100.0,100.0,4950,6225,1531,26,7,14,0.0052525252525252525,0.0011244979919678715,0.009144350097975179,0.8,0.9,0.7000000000000001,0.1,40.0,60.0,35.0,0.8,0.8,0.7000000000000001,0.1,30.0,60.0,35.0,4409,4383,26,4409,0.005897028804717623,0.6476571110623192,1.0,0.6476571110623192,1586,0.3618526123659594,1.0,1
"iteration_2","SCOPE_DATA_COLLECTION",1100,48,2950.0,3010.0,2,6669,4462,1575,6643,4460,1606,6634,4444,1559,24,18,5,0.003604686091919495,0.004034065441506051,0.00319693094629156,0.3223396373899079,0.6579798228018505,1.0575990516672122,0.6446792747798158,0.6579798228018505,0.7050660344448082,0.2936388302683147,0.36723672367236726,0.386144964720975,100.0,100.0,4950,6225,1531,26,7,14,0.0052525252525252525,0.0011244979919678715,0.009144350097975179,0.8,0.9,0.7000000000000001,0.1,40.0,60.0,35.0,0.8,0.8,0.7000000000000001,0.1,30.0,60.0,35.0,1610,1602,8,1610,0.004968944099378882,1.0502317250664197,1.5,0.7001544833776131,615,0.3838951310861423,1.0,1
"iteration_2","SCOPE_DATA_COLLECTION",1100,49,3010.0,3070.0,0,6623,4409,1610,6669,4462,1575,6616,4389,1600,6,26,9,9.06070673512534E-4,0.005889014722536806,0.005593536357986327,0.3107915467944158,0.6452180269189411,1.0477460296851298,0.6215830935888316,0.6452180269189411,0.6984973531234199,0.27131197097944376,0.3613579403053087,0.381875,97.5,100.0,4791,6322,1529,36,5,0,0.007514088916718848,7.908889591901297E-4,0.0,0.8,0.8,0.7000000000000001,0.1,30.0,60.0,35.0,0.9,0.7000000000000001,0.8,0.1,40.0,60.0,45.0,6550,6535,15,6550,0.0022900763358778627,0.3216414625573539,0.5,0.6432829251147077,1834,0.2806426931905126,1.0,1
"iteration_2","SCOPE_DATA_COLLECTION",1100,49,3010.0,3070.0,1,6623,4409,1610,6669,4462,1575,6616,4389,1600,6,26,9,9.06070673512534E-4,0.005889014722536806,0.005593536357986327,0.3107915467944158,0.6452180269189411,1.0477460296851298,0.6215830935888316,0.6452180269189411,0.6984973531234199,0.27131197097944376,0.3613579403053087,0.381875,97.5,100.0,4791,6322,1529,36,5,0,0.007514088916718848,7.908889591901297E-4,0.0,0.8,0.8,0.7000000000000001,0.1,30.0,60.0,35.0,0.9,0.7000000000000001,0.8,0.1,40.0,60.0,45.0,4493,4474,19,4493,0.0042288003561095034,0.6607623857358397,1.0,0.6607623857358397,1661,0.3712561466249441,1.0,1
"iteration_2","SCOPE_DATA_COLLECTION",1100,49,3010.0,3070.0,2,6623,4409,1610,6669,4462,1575,6616,4389,1600,6,26,9,9.06070673512534E-4,0.005889014722536806,0.005593536357986327,0.3107915467944158,0.6452180269189411,1.0477460296851298,0.6215830935888316,0.6452180269189411,0.6984973531234199,0.27131197097944376,0.3613579403053087,0.381875,97.5,100.0,4791,6322,1529,36,5,0,0.007514088916718848,7.908889591901297E-4,0.0,0.8,0.8,0.7000000000000001,0.1,30.0,60.0,35.0,0.9,0.7000000000000001,0.8,0.1,40.0,60.0,45.0,1580,1566,14,1580,0.008860759493670886,1.0381345330139418,1.5,0.6920896886759612,587,0.37484035759897827,1.0,1
"iteration_2","SCOPE_DATA_COLLECTION",1100,50,3070.0,3130.0,0,6550,4493,1580,6623,4409,1610,6527,4462,1572,15,19,14,0.0022928767960868237,0.004240124972104441,0.008827238335435058,0.32158330456061396,0.6605806566305191,1.0467679376262409,0.6431666091212279,0.6605806566305191,0.6978452917508272,0.2803738317757009,0.3709099058718064,0.3791348600508906,100.0,100.0,4896,6965,762,38,10,0,0.007761437908496732,0.0014357501794687725,0.0,0.9,0.7000000000000001,0.8,0.1,40.0,60.0,45.0,0.8,0.8,0.7000000000000001,0.2,50.0,60.0,45.0,6734,6724,10,6734,0.001485001485001485,0.3277504776111957,0.5,0.6555009552223914,1982,0.2947650208209399,1.0,1
"iteration_2","SCOPE_DATA_COLLECTION",1100,50,3070.0,3130.0,1,6550,4493,1580,6623,4409,1610,6527,4462,1572,15,19,14,0.0022928767960868237,0.004240124972104441,0.008827238335435058,0.32158330456061396,0.6605806566305191,1.0467679376262409,0.6431666091212279,0.6605806566305191,0.6978452917508272,0.2803738317757009,0.3709099058718064,0.3791348600508906,100.0,100.0,4896,6965,762,38,10,0,0.007761437908496732,0.0014357501794687725,0.0,0.9,0.7000000000000001,0.8,0.1,40.0,60.0,45.0,0.8,0.8,0.7000000000000001,0.2,50.0,60.0,45.0,4464,4448,16,4464,0.0035842293906810036,0.6464790397324828,1.0,0.6464790397324828,1593,0.3581384892086331,1.0,1
"iteration_2","SCOPE_DATA_COLLECTION",1100,50,3070.0,3130.0,2,6550,4493,1580,6623,4409,1610,6527,4462,1572,15,19,14,0.0022928767960868237,0.004240124972104441,0.008827238335435058,0.32158330456061396,0.6605806566305191,1.0467679376262409,0.6431666091212279,0.6605806566305191,0.6978452917508272,0.2803738317757009,0.3709099058718064,0.3791348600508906,100.0,100.0,4896,6965,762,38,10,0,0.007761437908496732,0.0014357501794687725,0.0,0.9,0.7000000000000001,0.8,0.1,40.0,60.0,45.0,0.8,0.8,0.7000000000000001,0.2,50.0,60.0,45.0,1580,1563,17,1580,0.010759493670886076,1.087214300733743,1.5,0.7248095338224952,620,0.39667306461932184,1.0,1
"iteration_2","SCOPE_DATA_COLLECTION",1100,51,3130.0,3190.0,0,6734,4464,1580,6550,4493,1580,6711,4461,1547,10,16,17,0.00148787382829936,0.0035738217556399374,0.010869565217391304,0.32739874447862627,0.6477679057679782,1.0797008614718606,0.6547974889572525,0.6477679057679782,0.7198005743145738,0.2938459246014007,0.3588881416722708,0.3936651583710407,100.0,100.0,4926,6298,1554,38,5,0,0.007714169711733658,7.939028262940616E-4,0.0,0.8,0.8,0.7000000000000001,0.2,50.0,60.0,45.0,0.8,0.8,0.7000000000000001,0.2,50.0,60.0,45.0,6622,6613,9,6622,0.001359106010268801,0.3175843692211716,0.5,0.6351687384423432,1903,0.28776652048994406,1.0,1
"iteration_2","SCOPE_DATA_COLLECTION",1100,51,3130.0,3190.0,1,6734,4464,1580,6550,4493,1580,6711,4461,1547,10,16,17,0.00148787382829936,0.0035738217556399374,0.010869565217391304,0.32739874447862627,0.6477679057679782,1.0797008614718606,0.6547974889572525,0.6477679057679782,0.7198005743145738,0.2938459246014007,0.3588881416722708,0.3936651583710407,100.0,100.0,4926,6298,1554,38,5,0,0.007714169711733658,7.939028262940616E-4,0.0,0.8,0.8,0.7000000000000001,0.2,50.0,60.0,45.0,0.8,0.8,0.7000000000000001,0.2,50.0,60.0,45.0,4491,4472,19,4491,0.004230683589401024,0.6612528789837063,1.0,0.6612528789837063,1692,0.37835420393559926,1.0,1
"iteration_2","SCOPE_DATA_COLLECTION",1100,51,3130.0,3190.0,2,6734,4464,1580,6550,4493,1580,6711,4461,1547,10,16,17,0.00148787382829936,0.0035738217556399374,0.010869565217391304,0.32739874447862627,0.6477679057679782,1.0797008614718606,0.6547974889572525,0.6477679057679782,0.7198005743145738,0.2938459246014007,0.3588881416722708,0.3936651583710407,100.0,100.0,4926,6298,1554,38,5,0,0.007714169711733658,7.939028262940616E-4,0.0,0.8,0.8,0.7000000000000001,0.2,50.0,60.0,45.0,0.8,0.8,0.7000000000000001,0.2,50.0,60.0,45.0,1556,1544,12,1556,0.007712082262210797,1.0419031586751903,1.5,0.6946021057834603,576,0.37305699481865284,1.0,1
"iteration_2","SCOPE_DATA_COLLECTION",1100,52,3190.0,3250.0,0,6622,4491,1556,6734,4464,1580,6648,4466,1551,9,19,12,0.0013519603424966202,0.00423634336677815,0.007677543186180422,0.31907228873201526,0.6616163507231987,1.0479650601942139,0.6381445774640305,0.6616163507231987,0.6986433734628092,0.2898616125150421,0.3777429467084639,0.37524177949709864,100.0,100.0,4975,6148,1546,38,2,0,0.00763819095477387,3.2530904359141186E-4,0.0,0.8,0.8,0.7000000000000001,0.2,50.0,60.0,45.0,0.8,0.8,0.7000000000000001,0.30000000000000004,60.0,60.0,45.0,6745,6735,10,6745,0.0014825796886582653,0.3230512743558176,0.5,0.6461025487116352,2004,0.2975501113585746,1.0,1
"iteration_2","SCOPE_DATA_COLLECTION",1100,52,3190.0,3250.0,1,6622,4491,1556,6734,4464,1580,6648,4466,1551,9,19,12,0.0013519603424966202,0.00423634336677815,0.007677543186180422,0.31907228873201526,0.6616163507231987,1.0479650601942139,0.6381445774640305,0.6616163507231987,0.6986433734628092,0.2898616125150421,0.3777429467084639,0.37524177949709864,100.0,100.0,4975,6148,1546,38,2,0,0.00763819095477387,3.2530904359141186E-4,0.0,0.8,0.8,0.7000000000000001,0.2,50.0,60.0,45.0,0.8,0.8,0.7000000000000001,0.30000000000000004,60.0,60.0,45.0,4485,4461,24,4485,0.005351170568561873,0.664815064665674,1.0,0.664815064665674,1669,0.3741313606814616,1.0,1
"iteration_2","SCOPE_DATA_COLLECTION",1100,52,3190.0,3250.0,2,6622,4491,1556,6734,4464,1580,6648,4466,1551,9,19,12,0.0013519603424966202,0.00423634336677815,0.007677543186180422,0.31907228873201526,0.6616163507231987,1.0479650601942139,0.6381445774640305,0.6616163507231987,0.6986433734628092,0.2898616125150421,0.3777429467084639,0.37524177949709864,100.0,100.0,4975,6148,1546,38,2,0,0.00763819095477387,3.2530904359141186E-4,0.0,0.8,0.8,0.7000000000000001,0.2,50.0,60.0,45.0,0.8,0.8,0.7000000000000001,0.30000000000000004,60.0,60.0,45.0,1561,1531,30,1561,0.019218449711723255,1.0627477193079997,1.5,0.7084984795386665,582,0.380143696930111,1.0,1
"iteration_2","SCOPE_DATA_COLLECTION",1100,53,3250.0,3310.0,0,6745,4485,1561,6622,4491,1556,6719,4451,1531,10,24,30,0.001486104919007282,0.005363128491620112,0.019218449711723255,0.3221519909793736,0.662110651369124,1.0551097686981006,0.6443039819587472,0.662110651369124,0.7034065124654004,0.2955796993600238,0.3727252302853291,0.3775310254735467,100.0,100.0,5072,6192,1527,61,3,0,0.012026813880126183,4.8449612403100775E-4,0.0,0.8,0.8,0.7000000000000001,0.30000000000000004,60.0,60.0,45.0,0.9,0.7000000000000001,0.7000000000000001,0.2,50.0,50.0,55.0,6631,6614,17,6631,0.002563715879957774,0.323659442832252,0.5,0.647318885664504,1949,0.2946779558512247,1.0,1
"iteration_2","SCOPE_DATA_COLLECTION",1100,53,3250.0,3310.0,1,6745,4485,1561,6622,4491,1556,6719,4451,1531,10,24,30,0.001486104919007282,0.005363128491620112,0.019218449711723255,0.3221519909793736,0.662110651369124,1.0551097686981006,0.6443039819587472,0.662110651369124,0.7034065124654004,0.2955796993600238,0.3727252302853291,0.3775310254735467,100.0,100.0,5072,6192,1527,61,3,0,0.012026813880126183,4.8449612403100775E-4,0.0,0.8,0.8,0.7000000000000001,0.30000000000000004,60.0,60.0,45.0,0.9,0.7000000000000001,0.7000000000000001,0.2,50.0,50.0,55.0,4337,4323,14,4337,0.0032280378141572516,0.6476279958244728,1.0,0.6476279958244728,1560,0.3608605135322693,1.0,1
"iteration_2","SCOPE_DATA_COLLECTION",1100,53,3250.0,3310.0,2,6745,4485,1561,6622,4491,1556,6719,4451,1531,10,24,30,0.001486104919007282,0.005363128491620112,0.019218449711723255,0.3221519909793736,0.662110651369124,1.0551097686981006,0.6443039819587472,0.662110651369124,0.7034065124654004,0.2955796993600238,0.3727252302853291,0.3775310254735467,100.0,100.0,5072,6192,1527,61,3,0,0.012026813880126183,4.8449612403100775E-4,0.0,0.8,0.8,0.7000000000000001,0.30000000000000004,60.0,60.0,45.0,0.9,0.7000000000000001,0.7000000000000001,0.2,50.0,50.0,55.0,1608,1595,13,1608,0.00808457711442786,1.054970066634925,1.5,0.7033133777566167,605,0.3793103448275862,1.0,1
"iteration_2","SCOPE_DATA_COLLECTION",1100,54,3310.0,3370.0,0,6631,4337,1608,6745,4485,1561,6614,4334,1601,17,14,13,0.002563715879957774,0.003219871205151794,0.0080545229244114,0.32395538915836464,0.6533722517515157,1.0591908567721855,0.6479107783167293,0.6533722517515157,0.7061272378481237,0.29543392803144847,0.36525149976926624,0.3810118675827608,95.0,100.0,4912,6875,789,42,2,0,0.008550488599348535,2.909090909090909E-4,0.0,0.9,0.7000000000000001,0.7000000000000001,0.2,50.0,50.0,55.0,0.35000000000000003,0.7000000000000001,0.1,0.4,50.0,20.0,50.0,6650,4904,1746,6650,0.2625563909774436,0.47090904125607247,0.5,0.9418180825121449,2086,0.42536704730831976,1.0,1
"iteration_2","SCOPE_DATA_COLLECTION",1100,54,3310.0,3370.0,1,6631,4337,1608,6745,4485,1561,6614,4334,1601,17,14,13,0.002563715879957774,0.003219871205151794,0.0080545229244114,0.32395538915836464,0.6533722517515157,1.0591908567721855,0.6479107783167293,0.6533722517515157,0.7061272378481237,0.29543392803144847,0.36525149976926624,0.3810118675827608,95.0,100.0,4912,6875,789,42,2,0,0.008550488599348535,2.909090909090909E-4,0.0,0.9,0.7000000000000001,0.7000000000000001,0.2,50.0,50.0,55.0,0.35000000000000003,0.7000000000000001,0.1,0.4,50.0,20.0,50.0,4565,3322,1243,4565,0.27228915662650605,0.790455175762939,1.0,0.790455175762939,1627,0.4897652016857315,1.0,1
"iteration_2","SCOPE_DATA_COLLECTION",1100,54,3310.0,3370.0,2,6631,4337,1608,6745,4485,1561,6614,4334,1601,17,14,13,0.002563715879957774,0.003219871205151794,0.0080545229244114,0.32395538915836464,0.6533722517515157,1.0591908567721855,0.6479107783167293,0.6533722517515157,0.7061272378481237,0.29543392803144847,0.36525149976926624,0.3810118675827608,95.0,100.0,4912,6875,789,42,2,0,0.008550488599348535,2.909090909090909E-4,0.0,0.9,0.7000000000000001,0.7000000000000001,0.2,50.0,50.0,55.0,0.35000000000000003,0.7000000000000001,0.1,0.4,50.0,20.0,50.0,1573,1135,438,1573,0.27844882390336934,1.3873752056226876,1.5,0.9249168037484584,606,0.533920704845815,1.0,1
"iteration_2","SCOPE_DATA_COLLECTION",1100,55,3370.0,3430.0,0,6650,4565,1573,6631,4337,1608,4915,3324,1143,1746,1243,437,0.26212280438372615,0.27216991460477336,0.27658227848101263,0.4705480803100146,0.787243560300891,1.3890409590346335,0.9410961606200292,0.787243560300891,0.926027306023089,0.4252288911495422,0.48495788206979545,0.5345581802274716,100.0,100.0,4820,2765,5203,27,4,3395,0.0056016597510373444,0.0014466546112115732,0.6525081683644052,0.35000000000000003,0.7000000000000001,0.1,0.4,50.0,20.0,50.0,0.35000000000000003,0.6000000000000001,0.2,0.5,40.0,20.0,40.0,6648,5029,1619,6648,0.24353188929001204,0.437694958218688,0.5,0.875389916437376,2040,0.40564724597335455,1.0,1
"iteration_2","SCOPE_DATA_COLLECTION",1100,55,3370.0,3430.0,1,6650,4565,1573,6631,4337,1608,4915,3324,1143,1746,1243,437,0.26212280438372615,0.27216991460477336,0.27658227848101263,0.4705480803100146,0.787243560300891,1.3890409590346335,0.9410961606200292,0.787243560300891,0.926027306023089,0.4252288911495422,0.48495788206979545,0.5345581802274716,100.0,100.0,4820,2765,5203,27,4,3395,0.0056016597510373444,0.0014466546112115732,0.6525081683644052,0.35000000000000003,0.7000000000000001,0.1,0.4,50.0,20.0,50.0,0.35000000000000003,0.6000000000000001,0.2,0.5,40.0,20.0,40.0,4374,3234,1140,4374,0.2606310013717421,0.8087336026917229,1.0,0.8087336026917229,1607,0.4969078540507112,1.0,1
"iteration_2","SCOPE_DATA_COLLECTION",1100,55,3370.0,3430.0,2,6650,4565,1573,6631,4337,1608,4915,3324,1143,1746,1243,437,0.26212280438372615,0.27216991460477336,0.27658227848101263,0.4705480803100146,0.787243560300891,1.3890409590346335,0.9410961606200292,0.787243560300891,0.926027306023089,0.4252288911495422,0.48495788206979545,0.5345581802274716,100.0,100.0,4820,2765,5203,27,4,3395,0.0056016597510373444,0.0014466546112115732,0.6525081683644052,0.35000000000000003,0.7000000000000001,0.1,0.4,50.0,20.0,50.0,0.35000000000000003,0.6000000000000001,0.2,0.5,40.0,20.0,40.0,1596,1182,414,1596,0.2593984962406015,1.3840801446305593,1.5,0.9227200964203729,628,0.5313028764805414,1.0,1
"iteration_2","SCOPE_DATA_COLLECTION",1100,56,3430.0,3490.0,0,6648,4374,1596,6650,4565,1573,5025,3245,1172,1619,1140,415,0.24367850692354004,0.25997719498289623,0.26149968494013864,0.4372861894397802,0.8090144115448566,1.377153026483737,0.8745723788795604,0.8090144115448566,0.9181020176558247,0.4047761194029851,0.49830508474576274,0.5281569965870307,95.0,100.0,4848,2728,5042,35,3,3136,0.007219471947194719,0.0010997067448680353,0.6219754065846886,0.35000000000000003,0.6000000000000001,0.2,0.5,40.0,20.0,40.0,0.8,0.7000000000000001,0.30000000000000004,0.4,25.0,70.0,95.0,6472,6458,14,6472,0.0021631644004944375,0.30329366295816174,0.5,0.6065873259163235,1703,0.26370393310622486,1.0,1
"iteration_2","SCOPE_DATA_COLLECTION",1100,56,3430.0,3490.0,1,6648,4374,1596,6650,4565,1573,5025,3245,1172,1619,1140,415,0.24367850692354004,0.25997719498289623,0.26149968494013864,0.4372861894397802,0.8090144115448566,1.377153026483737,0.8745723788795604,0.8090144115448566,0.9181020176558247,0.4047761194029851,0.49830508474576274,0.5281569965870307,95.0,100.0,4848,2728,5042,35,3,3136,0.007219471947194719,0.0010997067448680353,0.6219754065846886,0.35000000000000003,0.6000000000000001,0.2,0.5,40.0,20.0,40.0,0.8,0.7000000000000001,0.30000000000000004,0.4,25.0,70.0,95.0,4618,4595,23,4618,0.00498051104374188,0.6373276867841435,1.0,0.6373276867841435,1702,0.3704026115342764,1.0,1
"iteration_2","SCOPE_DATA_COLLECTION",1100,56,3430.0,3490.0,2,6648,4374,1596,6650,4565,1573,5025,3245,1172,1619,1140,415,0.24367850692354004,0.25997719498289623,0.26149968494013864,0.4372861894397802,0.8090144115448566,1.377153026483737,0.8745723788795604,0.8090144115448566,0.9181020176558247,0.4047761194029851,0.49830508474576274,0.5281569965870307,95.0,100.0,4848,2728,5042,35,3,3136,0.007219471947194719,0.0010997067448680353,0.6219754065846886,0.35000000000000003,0.6000000000000001,0.2,0.5,40.0,20.0,40.0,0.8,0.7000000000000001,0.30000000000000004,0.4,25.0,70.0,95.0,1573,1548,25,1573,0.01589319771137953,1.0480921746817486,1.5,0.6987281164544991,572,0.3695090439276486,1.0,1
"iteration_2","SCOPE_DATA_COLLECTION",1100,57,3490.0,3550.0,0,6472,4618,1573,6648,4374,1596,6448,4581,1548,14,23,25,0.002166511915815537,0.004995655951346655,0.01589319771137953,0.30365481833011637,0.6355757065465523,1.0487946318394168,0.6073096366602327,0.6355757065465523,0.6991964212262779,0.2644230769230769,0.36956996289019867,0.3695090439276486,95.0,100.0,4929,6178,1556,46,4,12,0.009332521809697708,6.474587245063128E-4,0.007712082262210797,0.8,0.7000000000000001,0.30000000000000004,0.4,25.0,70.0,95.0,0.8,0.7000000000000001,0.30000000000000004,0.4,25.0,70.0,95.0,6606,6597,9,6606,0.0013623978201634877,0.3091777741679208,0.5,0.6183555483358416,1838,0.2786114900712445,1.0,1
"iteration_2","SCOPE_DATA_COLLECTION",1100,57,3490.0,3550.0,1,6472,4618,1573,6648,4374,1596,6448,4581,1548,14,23,25,0.002166511915815537,0.004995655951346655,0.01589319771137953,0.30365481833011637,0.6355757065465523,1.0487946318394168,0.6073096366602327,0.6355757065465523,0.6991964212262779,0.2644230769230769,0.36956996289019867,0.3695090439276486,95.0,100.0,4929,6178,1556,46,4,12,0.009332521809697708,6.474587245063128E-4,0.007712082262210797,0.8,0.7000000000000001,0.30000000000000004,0.4,25.0,70.0,95.0,0.8,0.7000000000000001,0.30000000000000004,0.4,25.0,70.0,95.0,4330,4310,20,4330,0.004618937644341801,0.6222392981636957,1.0,0.6222392981636957,1548,0.35916473317865427,1.0,1
"iteration_2","SCOPE_DATA_COLLECTION",1100,57,3490.0,3550.0,2,6472,4618,1573,6648,4374,1596,6448,4581,1548,14,23,25,0.002166511915815537,0.004995655951346655,0.01589319771137953,0.30365481833011637,0.6355757065465523,1.0487946318394168,0.6073096366602327,0.6355757065465523,0.6991964212262779,0.2644230769230769,0.36956996289019867,0.3695090439276486,95.0,100.0,4929,6178,1556,46,4,12,0.009332521809697708,6.474587245063128E-4,0.007712082262210797,0.8,0.7000000000000001,0.30000000000000004,0.4,25.0,70.0,95.0,0.8,0.7000000000000001,0.30000000000000004,0.4,25.0,70.0,95.0,1587,1559,28,1587,0.017643352236925015,1.087237171868335,1.5,0.7248247812455566,608,0.38999358563181524,1.0,1
"iteration_2","SCOPE_DATA_COLLECTION",1100,58,3550.0,3619.860311498681,0,6606,4330,1587,6472,4618,1573,6599,4306,1561,9,20,28,0.0013619854721549636,0.004623208506703652,0.01762114537444934,0.3080544299880345,0.6225031594671956,1.0909627148256704,0.616108859976069,0.6225031594671956,0.727308476550447,0.27716320654644644,0.35903390617742686,0.39141575912876364,100.0,100.0,4938,6050,1535,55,2,0,0.01113811259619279,3.3057851239669424E-4,0.0,0.8,0.7000000000000001,0.30000000000000004,0.4,25.0,70.0,95.0,0.7000000000000001,0.6000000000000001,0.30000000000000004,0.30000000000000004,25.0,70.0,95.0,5594,5555,9,5564,0.0016175413371675054,0.30339343079505615,0.5,0.6067868615901123,1513,0.27236723672367236,0.9946371111905613,0
"iteration_2","SCOPE_DATA_COLLECTION",1100,58,3550.0,3619.860311498681,1,6606,4330,1587,6472,4618,1573,6599,4306,1561,9,20,28,0.0013619854721549636,0.004623208506703652,0.01762114537444934,0.3080544299880345,0.6225031594671956,1.0909627148256704,0.616108859976069,0.6225031594671956,0.727308476550447,0.27716320654644644,0.35903390617742686,0.39141575912876364,100.0,100.0,4938,6050,1535,55,2,0,0.01113811259619279,3.3057851239669424E-4,0.0,0.8,0.7000000000000001,0.30000000000000004,0.4,25.0,70.0,95.0,0.7000000000000001,0.6000000000000001,0.30000000000000004,0.30000000000000004,25.0,70.0,95.0,3795,3731,10,3741,0.002673082063619353,0.6202588545667351,1.0,0.6202588545667351,1316,0.3527204502814259,0.9857707509881423,0
"iteration_2","SCOPE_DATA_COLLECTION",1100,58,3550.0,3619.860311498681,2,6606,4330,1587,6472,4618,1573,6599,4306,1561,9,20,28,0.0013619854721549636,0.004623208506703652,0.01762114537444934,0.3080544299880345,0.6225031594671956,1.0909627148256704,0.616108859976069,0.6225031594671956,0.727308476550447,0.27716320654644644,0.35903390617742686,0.39141575912876364,100.0,100.0,4938,6050,1535,55,2,0,0.01113811259619279,3.3057851239669424E-4,0.0,0.8,0.7000000000000001,0.30000000000000004,0.4,25.0,70.0,95.0,0.7000000000000001,0.6000000000000001,0.30000000000000004,0.30000000000000004,25.0,70.0,95.0,1318,1276,7,1283,0.005455962587685113,1.0154887113433275,1.5,0.676992474228885,450,0.35266457680250785,0.9734446130500759,0
"iteration_2","SCOPE_DATA_COLLECTION",1200,0,70.0,130.0,0,6957,4203,1696,0,0,0,6832,4079,1619,76,73,46,0.011001737116386797,0.01758188824662813,0.02762762762762763,0.3073888419137036,0.6504115663968376,1.0772699231233762,0.6147776838274072,0.6504115663968376,0.7181799487489174,0.26478337236533955,0.3581760235351802,0.3786287831995059,97.5,100.0,4872,4821,3163,67,3,125,0.013752052545155994,6.222775357809583E-4,0.03951944356623459,0.6,0.5,0.7,0.4,85.0,80.0,90.0,0.8500000000000001,0.1,0.2,0.8,25.0,50.0,50.0,7645,7633,12,7645,0.0015696533682145193,0.27554581240008547,0.5,0.5510916248001709,1680,0.2200969474649548,1.0,1
"iteration_2","SCOPE_DATA_COLLECTION",1200,0,70.0,130.0,1,6957,4203,1696,0,0,0,6832,4079,1619,76,73,46,0.011001737116386797,0.01758188824662813,0.02762762762762763,0.3073888419137036,0.6504115663968376,1.0772699231233762,0.6147776838274072,0.6504115663968376,0.7181799487489174,0.26478337236533955,0.3581760235351802,0.3786287831995059,97.5,100.0,4872,4821,3163,67,3,125,0.013752052545155994,6.222775357809583E-4,0.03951944356623459,0.6,0.5,0.7,0.4,85.0,80.0,90.0,0.8500000000000001,0.1,0.2,0.8,25.0,50.0,50.0,4545,4518,27,4545,0.005940594059405941,0.6037110352410612,1.0,0.6037110352410612,1567,0.3468348826914564,1.0,1
"iteration_2","SCOPE_DATA_COLLECTION",1200,0,70.0,130.0,2,6957,4203,1696,0,0,0,6832,4079,1619,76,73,46,0.011001737116386797,0.01758188824662813,0.02762762762762763,0.3073888419137036,0.6504115663968376,1.0772699231233762,0.6147776838274072,0.6504115663968376,0.7181799487489174,0.26478337236533955,0.3581760235351802,0.3786287831995059,97.5,100.0,4872,4821,3163,67,3,125,0.013752052545155994,6.222775357809583E-4,0.03951944356623459,0.6,0.5,0.7,0.4,85.0,80.0,90.0,0.8500000000000001,0.1,0.2,0.8,25.0,50.0,50.0,1782,1758,24,1782,0.013468013468013467,1.0485574555451806,1.5,0.6990383036967871,662,0.37656427758816835,1.0,1
"iteration_2","SCOPE_DATA_COLLECTION",1200,1,130.0,190.0,0,7645,4545,1782,6957,4203,1696,7642,4524,1756,12,27,24,0.001567807682257643,0.005932762030323006,0.01348314606741573,0.2771554847400406,0.6064796830398388,1.0495636892245885,0.5543109694800812,0.6064796830398388,0.6997091261497257,0.22206228735933,0.347922192749779,0.37699316628701596,100.0,100.0,5276,7340,1356,57,6,0,0.010803639120545869,8.174386920980927E-4,0.0,0.8500000000000001,0.1,0.2,0.8,25.0,50.0,50.0,0.75,0.1,0.1,0.8,20.0,40.0,40.0,7619,7607,12,7619,0.0015750098438115237,0.27338579691999937,0.5,0.5467715938399987,1677,0.2204548442224267,1.0,1
"iteration_2","SCOPE_DATA_COLLECTION",1200,1,130.0,190.0,1,7645,4545,1782,6957,4203,1696,7642,4524,1756,12,27,24,0.001567807682257643,0.005932762030323006,0.01348314606741573,0.2771554847400406,0.6064796830398388,1.0495636892245885,0.5543109694800812,0.6064796830398388,0.6997091261497257,0.22206228735933,0.347922192749779,0.37699316628701596,100.0,100.0,5276,7340,1356,57,6,0,0.010803639120545869,8.174386920980927E-4,0.0,0.8500000000000001,0.1,0.2,0.8,25.0,50.0,50.0,0.75,0.1,0.1,0.8,20.0,40.0,40.0,4517,4509,8,4517,0.0017710870046491033,0.6283611057307292,1.0,0.6283611057307292,1663,0.3688179197161233,1.0,1
"iteration_2","SCOPE_DATA_COLLECTION",1200,1,130.0,190.0,2,7645,4545,1782,6957,4203,1696,7642,4524,1756,12,27,24,0.001567807682257643,0.005932762030323006,0.01348314606741573,0.2771554847400406,0.6064796830398388,1.0495636892245885,0.5543109694800812,0.6064796830398388,0.6997091261497257,0.22206228735933,0.347922192749779,0.37699316628701596,100.0,100.0,5276,7340,1356,57,6,0,0.010803639120545869,8.174386920980927E-4,0.0,0.8500000000000001,0.1,0.2,0.8,25.0,50.0,50.0,0.75,0.1,0.1,0.8,20.0,40.0,40.0,1747,1724,23,1747,0.01316542644533486,1.0060208852033223,1.5,0.6706805901355483,621,0.36020881670533644,1.0,1
"iteration_2","SCOPE_DATA_COLLECTION",1200,2,190.0,250.0,0,7619,4517,1747,7645,4545,1782,7612,4519,1734,12,8,23,0.0015739769150052466,0.0017671747294013696,0.01309049516220831,0.2734908415828762,0.6289962903853561,1.006929478739329,0.5469816831657524,0.6289962903853561,0.6712863191595527,0.22109826589595374,0.36910820978092496,0.35986159169550175,100.0,100.0,5273,6548,2062,34,9,0,0.006447942347809596,0.0013744654856444715,0.0,0.75,0.1,0.1,0.8,20.0,40.0,40.0,0.8500000000000001,0.1,0.2,0.7000000000000001,20.0,40.0,30.0,7758,7748,10,7758,0.001288992008249549,0.29417163305850624,0.5,0.5883432661170125,1857,0.2396747547754259,1.0,1
"iteration_2","SCOPE_DATA_COLLECTION",1200,2,190.0,250.0,1,7619,4517,1747,7645,4545,1782,7612,4519,1734,12,8,23,0.0015739769150052466,0.0017671747294013696,0.01309049516220831,0.2734908415828762,0.6289962903853561,1.006929478739329,0.5469816831657524,0.6289962903853561,0.6712863191595527,0.22109826589595374,0.36910820978092496,0.35986159169550175,100.0,100.0,5273,6548,2062,34,9,0,0.006447942347809596,0.0013744654856444715,0.0,0.75,0.1,0.1,0.8,20.0,40.0,40.0,0.8500000000000001,0.1,0.2,0.7000000000000001,20.0,40.0,30.0,4458,4450,8,4458,0.001794526693584567,0.6294642020374553,1.0,0.6294642020374553,1589,0.35707865168539327,1.0,1
"iteration_2","SCOPE_DATA_COLLECTION",1200,2,190.0,250.0,2,7619,4517,1747,7645,4545,1782,7612,4519,1734,12,8,23,0.0015739769150052466,0.0017671747294013696,0.01309049516220831,0.2734908415828762,0.6289962903853561,1.006929478739329,0.5469816831657524,0.6289962903853561,0.6712863191595527,0.22109826589595374,0.36910820978092496,0.35986159169550175,100.0,100.0,5273,6548,2062,34,9,0,0.006447942347809596,0.0013744654856444715,0.0,0.75,0.1,0.1,0.8,20.0,40.0,40.0,0.8500000000000001,0.1,0.2,0.7000000000000001,20.0,40.0,30.0,1798,1764,34,1798,0.018909899888765295,1.047825662957399,1.5,0.6985504419715993,655,0.3713151927437642,1.0,1
"iteration_2","SCOPE_DATA_COLLECTION",1200,3,250.0,310.0,0,7758,4458,1798,7619,4517,1747,7741,4445,1763,9,8,34,0.001161290322580645,0.001796541657309679,0.018920422927100722,0.2937171464455234,0.6289103411470475,1.0541745259615622,0.5874342928910468,0.6289103411470475,0.7027830173077082,0.2387288464022736,0.35725534308211476,0.37436188315371527,100.0,100.0,5309,7373,1332,46,5,0,0.008664531926916557,6.781500067815E-4,0.0,0.8500000000000001,0.1,0.2,0.7000000000000001,20.0,40.0,30.0,0.8500000000000001,0.1,0.1,0.6000000000000001,30.0,50.0,40.0,7562,7555,7,7562,9.256810367627612E-4,0.2867540388231903,0.5,0.5735080776463806,1771,0.23441429516876242,1.0,1
"iteration_2","SCOPE_DATA_COLLECTION",1200,3,250.0,310.0,1,7758,4458,1798,7619,4517,1747,7741,4445,1763,9,8,34,0.001161290322580645,0.001796541657309679,0.018920422927100722,0.2937171464455234,0.6289103411470475,1.0541745259615622,0.5874342928910468,0.6289103411470475,0.7027830173077082,0.2387288464022736,0.35725534308211476,0.37436188315371527,100.0,100.0,5309,7373,1332,46,5,0,0.008664531926916557,6.781500067815E-4,0.0,0.8500000000000001,0.1,0.2,0.7000000000000001,20.0,40.0,30.0,0.8500000000000001,0.1,0.1,0.6000000000000001,30.0,50.0,40.0,4599,4595,4,4599,8.697542944118286E-4,0.6327592194250187,1.0,0.6327592194250187,1691,0.3680087051142546,1.0,1
"iteration_2","SCOPE_DATA_COLLECTION",1200,3,250.0,310.0,2,7758,4458,1798,7619,4517,1747,7741,4445,1763,9,8,34,0.001161290322580645,0.001796541657309679,0.018920422927100722,0.2937171464455234,0.6289103411470475,1.0541745259615622,0.5874342928910468,0.6289103411470475,0.7027830173077082,0.2387288464022736,0.35725534308211476,0.37436188315371527,100.0,100.0,5309,7373,1332,46,5,0,0.008664531926916557,6.781500067815E-4,0.0,0.8500000000000001,0.1,0.2,0.7000000000000001,20.0,40.0,30.0,0.8500000000000001,0.1,0.1,0.6000000000000001,30.0,50.0,40.0,1764,1743,21,1764,0.011904761904761904,1.0204439076792982,1.5,0.6802959384528654,637,0.3654618473895582,1.0,1
"iteration_2","SCOPE_DATA_COLLECTION",1200,4,310.0,370.0,0,7562,4599,1764,7758,4458,1798,7553,4585,1744,8,4,21,0.0010580611030286998,8.716495968620615E-4,0.01189801699716714,0.2858230557172855,0.6314492490926253,1.0185559805565756,0.571646111434571,0.6314492490926253,0.6790373203710504,0.23368198066993248,0.366412213740458,0.3646788990825688,100.0,100.0,5227,7409,1289,26,7,0,0.004974172565525158,9.447968686732353E-4,0.0,0.8500000000000001,0.1,0.1,0.6000000000000001,30.0,50.0,40.0,0.15000000000000002,0.1,0.30000000000000004,0.5,30.0,90.0,95.0,7633,3771,3862,7633,0.5059609589938425,0.46855374028690555,0.5,0.9371074805738111,1822,0.48316096526120395,1.0,1
"iteration_2","SCOPE_DATA_COLLECTION",1200,4,310.0,370.0,1,7562,4599,1764,7758,4458,1798,7553,4585,1744,8,4,21,0.0010580611030286998,8.716495968620615E-4,0.01189801699716714,0.2858230557172855,0.6314492490926253,1.0185559805565756,0.571646111434571,0.6314492490926253,0.6790373203710504,0.23368198066993248,0.366412213740458,0.3646788990825688,100.0,100.0,5227,7409,1289,26,7,0,0.004974172565525158,9.447968686732353E-4,0.0,0.8500000000000001,0.1,0.1,0.6000000000000001,30.0,50.0,40.0,0.15000000000000002,0.1,0.30000000000000004,0.5,30.0,90.0,95.0,4562,2221,2341,4562,0.5131521262604121,1.1026728867730504,1.0,1.1026728867730504,1654,0.7447095902746511,1.0,1
"iteration_2","SCOPE_DATA_COLLECTION",1200,4,310.0,370.0,2,7562,4599,1764,7758,4458,1798,7553,4585,1744,8,4,21,0.0010580611030286998,8.716495968620615E-4,0.01189801699716714,0.2858230557172855,0.6314492490926253,1.0185559805565756,0.571646111434571,0.6314492490926253,0.6790373203710504,0.23368198066993248,0.366412213740458,0.3646788990825688,100.0,100.0,5227,7409,1289,26,7,0,0.004974172565525158,9.447968686732353E-4,0.0,0.8500000000000001,0.1,0.1,0.6000000000000001,30.0,50.0,40.0,0.15000000000000002,0.1,0.30000000000000004,0.5,30.0,90.0,95.0,1705,757,948,1705,0.5560117302052786,1.8220923433666691,1.5,1.2147282289111128,594,0.7846763540290621,1.0,1
"iteration_2","SCOPE_DATA_COLLECTION",1200,5,370.0,430.0,0,7633,4562,1705,7562,4599,1764,3781,2235,753,3862,2340,948,0.5052989663744603,0.5114754098360655,0.5573192239858906,0.4696534226860221,1.0985720522917395,1.8092298667878994,0.9393068453720442,1.0985720522917395,1.2061532445252663,0.4832055011901613,0.7427293064876958,0.7795484727755644,97.5,100.0,5413,1324,7163,42,1,7107,0.0077590984666543504,7.552870090634441E-4,0.9921820466285076,0.15000000000000002,0.1,0.30000000000000004,0.5,30.0,90.0,95.0,0.8,0.1,0.7000000000000001,0.9,45.0,20.0,50.0,7641,7619,22,7641,0.0028792042926318543,0.29731567730421826,0.5,0.5946313546084365,1891,0.24819530122063263,1.0,1
"iteration_2","SCOPE_DATA_COLLECTION",1200,5,370.0,430.0,1,7633,4562,1705,7562,4599,1764,3781,2235,753,3862,2340,948,0.5052989663744603,0.5114754098360655,0.5573192239858906,0.4696534226860221,1.0985720522917395,1.8092298667878994,0.9393068453720442,1.0985720522917395,1.2061532445252663,0.4832055011901613,0.7427293064876958,0.7795484727755644,97.5,100.0,5413,1324,7163,42,1,7107,0.0077590984666543504,7.552870090634441E-4,0.9921820466285076,0.15000000000000002,0.1,0.30000000000000004,0.5,30.0,90.0,95.0,0.8,0.1,0.7000000000000001,0.9,45.0,20.0,50.0,4549,4523,26,4549,0.005715541877335678,0.6457950320064711,1.0,0.6457950320064711,1614,0.35684280344903824,1.0,1
"iteration_2","SCOPE_DATA_COLLECTION",1200,5,370.0,430.0,2,7633,4562,1705,7562,4599,1764,3781,2235,753,3862,2340,948,0.5052989663744603,0.5114754098360655,0.5573192239858906,0.4696534226860221,1.0985720522917395,1.8092298667878994,0.9393068453720442,1.0985720522917395,1.2061532445252663,0.4832055011901613,0.7427293064876958,0.7795484727755644,97.5,100.0,5413,1324,7163,42,1,7107,0.0077590984666543504,7.552870090634441E-4,0.9921820466285076,0.15000000000000002,0.1,0.30000000000000004,0.5,30.0,90.0,95.0,0.8,0.1,0.7000000000000001,0.9,45.0,20.0,50.0,1751,1703,48,1751,0.02741290691033695,1.057924265213817,1.5,0.705282843475878,629,0.3693482090428655,1.0,1
"iteration_2","SCOPE_DATA_COLLECTION",1200,6,430.0,490.0,0,7641,4549,1751,7633,4562,1705,7624,4527,1699,21,27,48,0.002746893394375409,0.005928853754940711,0.027475672581568404,0.29784743998172425,0.6478846956619795,1.0605318939848707,0.5956948799634485,0.6478846956619795,0.7070212626565805,0.24934417628541447,0.35829467638612766,0.37021777516185994,97.5,100.0,5384,6815,1742,77,7,12,0.014301634472511144,0.0010271460014673515,0.006888633754305396,0.8,0.1,0.7000000000000001,0.9,45.0,20.0,50.0,0.8,0.1,0.7000000000000001,0.9,45.0,20.0,50.0,7780,7770,10,7780,0.0012853470437017994,0.2962350260041258,0.5,0.5924700520082516,1913,0.2462033462033462,1.0,1
"iteration_2","SCOPE_DATA_COLLECTION",1200,6,430.0,490.0,1,7641,4549,1751,7633,4562,1705,7624,4527,1699,21,27,48,0.002746893394375409,0.005928853754940711,0.027475672581568404,0.29784743998172425,0.6478846956619795,1.0605318939848707,0.5956948799634485,0.6478846956619795,0.7070212626565805,0.24934417628541447,0.35829467638612766,0.37021777516185994,97.5,100.0,5384,6815,1742,77,7,12,0.014301634472511144,0.0010271460014673515,0.006888633754305396,0.8,0.1,0.7000000000000001,0.9,45.0,20.0,50.0,0.8,0.1,0.7000000000000001,0.9,45.0,20.0,50.0,4502,4459,43,4502,0.009551310528653932,0.6384557983147531,1.0,0.6384557983147531,1612,0.36151603498542273,1.0,1
"iteration_2","SCOPE_DATA_COLLECTION",1200,6,430.0,490.0,2,7641,4549,1751,7633,4562,1705,7624,4527,1699,21,27,48,0.002746893394375409,0.005928853754940711,0.027475672581568404,0.29784743998172425,0.6478846956619795,1.0605318939848707,0.5956948799634485,0.6478846956619795,0.7070212626565805,0.24934417628541447,0.35829467638612766,0.37021777516185994,97.5,100.0,5384,6815,1742,77,7,12,0.014301634472511144,0.0010271460014673515,0.006888633754305396,0.8,0.1,0.7000000000000001,0.9,45.0,20.0,50.0,0.8,0.1,0.7000000000000001,0.9,45.0,20.0,50.0,1696,1659,37,1696,0.021816037735849055,1.0522545860293717,1.5,0.7015030573529145,616,0.37130801687763715,1.0,1
"iteration_2","SCOPE_DATA_COLLECTION",1200,7,490.0,550.0,0,7780,4502,1696,7641,4549,1751,7766,4447,1663,11,43,37,0.0014144271570014145,0.00957683741648107,0.02176470588235294,0.29581173698650426,0.6383582310240364,1.0557535618351637,0.5916234739730085,0.6383582310240364,0.7038357078901091,0.24581509142415658,0.361592084551383,0.3728202044497895,100.0,100.0,5493,6810,1675,90,1,0,0.016384489350081924,1.4684287812041116E-4,0.0,0.8,0.1,0.7000000000000001,0.9,45.0,20.0,50.0,0.9,0.1,0.6000000000000001,0.8,45.0,20.0,40.0,7622,7610,12,7622,0.001574389923904487,0.2884438033104169,0.5,0.5768876066208338,1779,0.2337713534822602,1.0,1
"iteration_2","SCOPE_DATA_COLLECTION",1200,7,490.0,550.0,1,7780,4502,1696,7641,4549,1751,7766,4447,1663,11,43,37,0.0014144271570014145,0.00957683741648107,0.02176470588235294,0.29581173698650426,0.6383582310240364,1.0557535618351637,0.5916234739730085,0.6383582310240364,0.7038357078901091,0.24581509142415658,0.361592084551383,0.3728202044497895,100.0,100.0,5493,6810,1675,90,1,0,0.016384489350081924,1.4684287812041116E-4,0.0,0.8,0.1,0.7000000000000001,0.9,45.0,20.0,50.0,0.9,0.1,0.6000000000000001,0.8,45.0,20.0,40.0,4430,4402,28,4430,0.006320541760722348,0.667424866857216,1.0,0.667424866857216,1640,0.372557928214448,1.0,1
"iteration_2","SCOPE_DATA_COLLECTION",1200,7,490.0,550.0,2,7780,4502,1696,7641,4549,1751,7766,4447,1663,11,43,37,0.0014144271570014145,0.00957683741648107,0.02176470588235294,0.29581173698650426,0.6383582310240364,1.0557535618351637,0.5916234739730085,0.6383582310240364,0.7038357078901091,0.24581509142415658,0.361592084551383,0.3728202044497895,100.0,100.0,5493,6810,1675,90,1,0,0.016384489350081924,1.4684287812041116E-4,0.0,0.8,0.1,0.7000000000000001,0.9,45.0,20.0,50.0,0.9,0.1,0.6000000000000001,0.8,45.0,20.0,40.0,1792,1759,33,1792,0.018415178571428572,1.0506209667211792,1.5,0.7004139778141195,645,0.36668561682774303,1.0,1
"iteration_2","SCOPE_DATA_COLLECTION",1200,8,550.0,610.0,0,7622,4430,1792,7780,4502,1696,7602,4396,1753,12,28,33,0.0015760441292356187,0.006329113924050633,0.018477043673012318,0.2882480641175935,0.6641796576926492,1.045169631073777,0.576496128235187,0.6641796576926492,0.6967797540491847,0.2330965535385425,0.3707916287534122,0.36508841985168283,97.5,100.0,5325,7656,863,65,8,0,0.012206572769953052,0.0010449320794148381,0.0,0.9,0.1,0.6000000000000001,0.8,45.0,20.0,40.0,0.8,0.1,0.5,0.9,35.0,20.0,30.0,7689,7677,12,7689,0.0015606710885680843,0.28092515704221543,0.5,0.5618503140844309,1744,0.22717207242412402,1.0,1
"iteration_2","SCOPE_DATA_COLLECTION",1200,8,550.0,610.0,1,7622,4430,1792,7780,4502,1696,7602,4396,1753,12,28,33,0.0015760441292356187,0.006329113924050633,0.018477043673012318,0.2882480641175935,0.6641796576926492,1.045169631073777,0.576496128235187,0.6641796576926492,0.6967797540491847,0.2330965535385425,0.3707916287534122,0.36508841985168283,97.5,100.0,5325,7656,863,65,8,0,0.012206572769953052,0.0010449320794148381,0.0,0.9,0.1,0.6000000000000001,0.8,45.0,20.0,40.0,0.8,0.1,0.5,0.9,35.0,20.0,30.0,4503,4470,33,4503,0.0073284477015323115,0.6343473078705185,1.0,0.6343473078705185,1569,0.351006711409396,1.0,1
"iteration_2","SCOPE_DATA_COLLECTION",1200,8,550.0,610.0,2,7622,4430,1792,7780,4502,1696,7602,4396,1753,12,28,33,0.0015760441292356187,0.006329113924050633,0.018477043673012318,0.2882480641175935,0.6641796576926492,1.045169631073777,0.576496128235187,0.6641796576926492,0.6967797540491847,0.2330965535385425,0.3707916287534122,0.36508841985168283,97.5,100.0,5325,7656,863,65,8,0,0.012206572769953052,0.0010449320794148381,0.0,0.9,0.1,0.6000000000000001,0.8,45.0,20.0,40.0,0.8,0.1,0.5,0.9,35.0,20.0,30.0,1754,1729,25,1754,0.014253135689851768,1.0577847857350435,1.5,0.7051898571566957,652,0.37709658762290343,1.0,1
"iteration_2","SCOPE_DATA_COLLECTION",1200,9,610.0,670.0,0,7689,4503,1754,7622,4430,1792,7696,4465,1737,12,33,25,0.0015568240788790867,0.007336594041796354,0.014188422247446084,0.2816429683927836,0.6375111270644988,1.0634799502945118,0.5632859367855672,0.6375111270644988,0.7089866335296745,0.22804054054054054,0.3525195968645017,0.3793897524467473,100.0,100.0,5305,6852,1789,63,7,0,0.011875589066918001,0.0010215995329830706,0.0,0.8,0.1,0.5,0.9,35.0,20.0,30.0,0.8,0.5,0.1,0.4,25.0,20.0,45.0,7722,7710,12,7722,0.001554001554001554,0.29738475304402373,0.5,0.5947695060880475,2029,0.26316472114137485,1.0,1
"iteration_2","SCOPE_DATA_COLLECTION",1200,9,610.0,670.0,1,7689,4503,1754,7622,4430,1792,7696,4465,1737,12,33,25,0.0015568240788790867,0.007336594041796354,0.014188422247446084,0.2816429683927836,0.6375111270644988,1.0634799502945118,0.5632859367855672,0.6375111270644988,0.7089866335296745,0.22804054054054054,0.3525195968645017,0.3793897524467473,100.0,100.0,5305,6852,1789,63,7,0,0.011875589066918001,0.0010215995329830706,0.0,0.8,0.1,0.5,0.9,35.0,20.0,30.0,0.8,0.5,0.1,0.4,25.0,20.0,45.0,4581,4569,12,4581,0.0026195153896529143,0.579839468082124,1.0,0.579839468082124,1555,0.34033705405996934,1.0,1
"iteration_2","SCOPE_DATA_COLLECTION",1200,9,610.0,670.0,2,7689,4503,1754,7622,4430,1792,7696,4465,1737,12,33,25,0.0015568240788790867,0.007336594041796354,0.014188422247446084,0.2816429683927836,0.6375111270644988,1.0634799502945118,0.5632859367855672,0.6375111270644988,0.7089866335296745,0.22804054054054054,0.3525195968645017,0.3793897524467473,100.0,100.0,5305,6852,1789,63,7,0,0.011875589066918001,0.0010215995329830706,0.0,0.8,0.1,0.5,0.9,35.0,20.0,30.0,0.8,0.5,0.1,0.4,25.0,20.0,45.0,1672,1650,22,1672,0.013157894736842105,1.0077189644025124,1.5,0.6718126429350083,580,0.3515151515151515,1.0,1
"iteration_2","SCOPE_DATA_COLLECTION",1200,10,670.0,730.0,0,7722,4581,1672,7689,4503,1754,7686,4579,1644,12,12,22,0.001558846453624318,0.002613809627532128,0.013205282112845138,0.29620688466656037,0.5778072700192199,1.0096880942543174,0.5924137693331207,0.5778072700192199,0.6731253961695449,0.26242518865469683,0.33915702118366453,0.35279805352798055,97.5,100.0,5145,7068,1762,43,3,0,0.008357628765792031,4.2444821731748726E-4,0.0,0.8,0.5,0.1,0.4,25.0,20.0,45.0,0.8,0.4,0.1,0.5,20.0,20.0,35.0,7779,7767,12,7779,0.0015426147319706903,0.2879942726303082,0.5,0.5759885452606164,1937,0.24938843826445217,1.0,1
"iteration_2","SCOPE_DATA_COLLECTION",1200,10,670.0,730.0,1,7722,4581,1672,7689,4503,1754,7686,4579,1644,12,12,22,0.001558846453624318,0.002613809627532128,0.013205282112845138,0.29620688466656037,0.5778072700192199,1.0096880942543174,0.5924137693331207,0.5778072700192199,0.6731253961695449,0.26242518865469683,0.33915702118366453,0.35279805352798055,97.5,100.0,5145,7068,1762,43,3,0,0.008357628765792031,4.2444821731748726E-4,0.0,0.8,0.5,0.1,0.4,25.0,20.0,45.0,0.8,0.4,0.1,0.5,20.0,20.0,35.0,4661,4653,8,4661,0.0017163698777086461,0.5510386684270746,1.0,0.5510386684270746,1455,0.3127014829142489,1.0,1
"iteration_2","SCOPE_DATA_COLLECTION",1200,10,670.0,730.0,2,7722,4581,1672,7689,4503,1754,7686,4579,1644,12,12,22,0.001558846453624318,0.002613809627532128,0.013205282112845138,0.29620688466656037,0.5778072700192199,1.0096880942543174,0.5924137693331207,0.5778072700192199,0.6731253961695449,0.26242518865469683,0.33915702118366453,0.35279805352798055,97.5,100.0,5145,7068,1762,43,3,0,0.008357628765792031,4.2444821731748726E-4,0.0,0.8,0.5,0.1,0.4,25.0,20.0,45.0,0.8,0.4,0.1,0.5,20.0,20.0,35.0,1837,1811,26,1837,0.014153511159499184,1.0451355820322468,1.5,0.6967570546881645,671,0.37051352843732743,1.0,1
"iteration_2","SCOPE_DATA_COLLECTION",1200,11,730.0,790.0,0,7779,4661,1837,7722,4581,1672,7775,4666,1808,12,8,26,0.0015410299216643123,0.0017115960633290544,0.014176663031624863,0.2885465108299303,0.5563660178940945,1.0384236727786766,0.5770930216598606,0.5563660178940945,0.6922824485191178,0.2492604501607717,0.316116588084012,0.3661504424778761,97.5,100.0,5014,7411,1852,38,8,0,0.007578779417630634,0.001079476453919849,0.0,0.8,0.4,0.1,0.5,20.0,20.0,35.0,0.6000000000000001,0.8,0.4,0.30000000000000004,75.0,90.0,95.0,7595,7546,49,7595,0.0064516129032258064,0.3292761223442633,0.5,0.6585522446885266,2183,0.2892923403127485,1.0,1
"iteration_2","SCOPE_DATA_COLLECTION",1200,11,730.0,790.0,1,7779,4661,1837,7722,4581,1672,7775,4666,1808,12,8,26,0.0015410299216643123,0.0017115960633290544,0.014176663031624863,0.2885465108299303,0.5563660178940945,1.0384236727786766,0.5770930216598606,0.5563660178940945,0.6922824485191178,0.2492604501607717,0.316116588084012,0.3661504424778761,97.5,100.0,5014,7411,1852,38,8,0,0.007578779417630634,0.001079476453919849,0.0,0.8,0.4,0.1,0.5,20.0,20.0,35.0,0.6000000000000001,0.8,0.4,0.30000000000000004,75.0,90.0,95.0,4529,4495,34,4529,0.007507175977036874,0.6451530985444004,1.0,0.6451530985444004,1579,0.35127919911012234,1.0,1
"iteration_2","SCOPE_DATA_COLLECTION",1200,11,730.0,790.0,2,7779,4661,1837,7722,4581,1672,7775,4666,1808,12,8,26,0.0015410299216643123,0.0017115960633290544,0.014176663031624863,0.2885465108299303,0.5563660178940945,1.0384236727786766,0.5770930216598606,0.5563660178940945,0.6922824485191178,0.2492604501607717,0.316116588084012,0.3661504424778761,97.5,100.0,5014,7411,1852,38,8,0,0.007578779417630634,0.001079476453919849,0.0,0.8,0.4,0.1,0.5,20.0,20.0,35.0,0.6000000000000001,0.8,0.4,0.30000000000000004,75.0,90.0,95.0,1741,1698,43,1741,0.02469844916714532,1.037477537505628,1.5,0.6916516916704186,612,0.36042402826855124,1.0,1
"iteration_2","SCOPE_DATA_COLLECTION",1200,12,790.0,850.0,0,7595,4529,1741,7779,4661,1837,7538,4478,1695,49,34,43,0.0064584157110847504,0.007535460992907801,0.02474108170310702,0.3285457672422699,0.6393533369360263,1.0373905480575365,0.6570915344845398,0.6393533369360263,0.6915936987050243,0.2893340408596445,0.34814649397052255,0.3616519174041298,100.0,100.0,5141,5173,3551,66,8,52,0.012837969266679634,0.0015464913976416005,0.014643762320473106,0.6000000000000001,0.8,0.4,0.30000000000000004,75.0,90.0,95.0,0.15000000000000002,0.6000000000000001,0.9,0.1,70.0,65.0,70.0,7667,3552,4115,7667,0.5367157949654363,0.5437736236339682,0.5,1.0875472472679364,2058,0.5793918918918919,1.0,1
"iteration_2","SCOPE_DATA_COLLECTION",1200,12,790.0,850.0,1,7595,4529,1741,7779,4661,1837,7538,4478,1695,49,34,43,0.0064584157110847504,0.007535460992907801,0.02474108170310702,0.3285457672422699,0.6393533369360263,1.0373905480575365,0.6570915344845398,0.6393533369360263,0.6915936987050243,0.2893340408596445,0.34814649397052255,0.3616519174041298,100.0,100.0,5141,5173,3551,66,8,52,0.012837969266679634,0.0015464913976416005,0.014643762320473106,0.6000000000000001,0.8,0.4,0.30000000000000004,75.0,90.0,95.0,0.15000000000000002,0.6000000000000001,0.9,0.1,70.0,65.0,70.0,4414,1951,2463,4414,0.5579972813774354,1.112273633253938,1.0,1.112273633253938,1457,0.7467965146078934,1.0,1
"iteration_2","SCOPE_DATA_COLLECTION",1200,12,790.0,850.0,2,7595,4529,1741,7779,4661,1837,7538,4478,1695,49,34,43,0.0064584157110847504,0.007535460992907801,0.02474108170310702,0.3285457672422699,0.6393533369360263,1.0373905480575365,0.6570915344845398,0.6393533369360263,0.6915936987050243,0.2893340408596445,0.34814649397052255,0.3616519174041298,100.0,100.0,5141,5173,3551,66,8,52,0.012837969266679634,0.0015464913976416005,0.014643762320473106,0.6000000000000001,0.8,0.4,0.30000000000000004,75.0,90.0,95.0,0.15000000000000002,0.6000000000000001,0.9,0.1,70.0,65.0,70.0,1821,849,972,1821,0.5337726523887973,1.7727700612885886,1.5,1.1818467075257257,660,0.7773851590106007,1.0,1
"iteration_2","SCOPE_DATA_COLLECTION",1200,13,850.0,910.0,0,7667,4414,1821,7595,4529,1741,3562,1957,859,4115,2463,972,0.5360166731796274,0.5572398190045249,0.5308574549426542,0.5423656109908501,1.1085736557243737,1.7591206221994937,1.0847312219817002,1.1085736557243737,1.1727470814663292,0.5760808534531162,0.741951967296883,0.770663562281723,100.0,100.0,5001,1335,7566,20,0,7530,0.003999200159968006,0.0,0.9952418715305313,0.15000000000000002,0.6000000000000001,0.9,0.1,70.0,65.0,70.0,0.15000000000000002,0.6000000000000001,0.8,0.1,70.0,55.0,80.0,7649,3513,4136,7649,0.5407242776833573,0.5473417748715784,0.5,1.0946835497431568,2090,0.5949331056077427,1.0,1
"iteration_2","SCOPE_DATA_COLLECTION",1200,13,850.0,910.0,1,7667,4414,1821,7595,4529,1741,3562,1957,859,4115,2463,972,0.5360166731796274,0.5572398190045249,0.5308574549426542,0.5423656109908501,1.1085736557243737,1.7591206221994937,1.0847312219817002,1.1085736557243737,1.1727470814663292,0.5760808534531162,0.741951967296883,0.770663562281723,100.0,100.0,5001,1335,7566,20,0,7530,0.003999200159968006,0.0,0.9952418715305313,0.15000000000000002,0.6000000000000001,0.9,0.1,70.0,65.0,70.0,0.15000000000000002,0.6000000000000001,0.8,0.1,70.0,55.0,80.0,4391,2012,2379,4391,0.5417900250512412,1.1492046525863613,1.0,1.1492046525863613,1509,0.75,1.0,1
"iteration_2","SCOPE_DATA_COLLECTION",1200,13,850.0,910.0,2,7667,4414,1821,7595,4529,1741,3562,1957,859,4115,2463,972,0.5360166731796274,0.5572398190045249,0.5308574549426542,0.5423656109908501,1.1085736557243737,1.7591206221994937,1.0847312219817002,1.1085736557243737,1.1727470814663292,0.5760808534531162,0.741951967296883,0.770663562281723,100.0,100.0,5001,1335,7566,20,0,7530,0.003999200159968006,0.0,0.9952418715305313,0.15000000000000002,0.6000000000000001,0.9,0.1,70.0,65.0,70.0,0.15000000000000002,0.6000000000000001,0.8,0.1,70.0,55.0,80.0,1771,818,953,1771,0.5381140598531903,1.784422598550778,1.5,1.1896150657005187,640,0.78239608801956,1.0,1
"iteration_2","SCOPE_DATA_COLLECTION",1200,14,910.0,970.0,0,7649,4391,1771,7667,4414,1821,3514,2010,814,4136,2379,953,0.5406535947712419,0.5420369104579631,0.5393322014714205,0.5481975893738547,1.1515095495074523,1.7877445803831449,1.0963951787477093,1.1515095495074523,1.19182972025543,0.5956175298804781,0.7522388059701492,0.7825552825552825,97.5,100.0,5026,1346,7439,28,1,7439,0.005571030640668524,7.429420505200594E-4,1.0,0.15000000000000002,0.6000000000000001,0.8,0.1,70.0,55.0,80.0,0.15000000000000002,0.6000000000000001,0.8,0.1,70.0,55.0,80.0,7858,3593,4265,7858,0.5427589717485365,0.5493399485000687,0.5,1.0986798970001375,2168,0.603395491232953,1.0,1
"iteration_2","SCOPE_DATA_COLLECTION",1200,14,910.0,970.0,1,7649,4391,1771,7667,4414,1821,3514,2010,814,4136,2379,953,0.5406535947712419,0.5420369104579631,0.5393322014714205,0.5481975893738547,1.1515095495074523,1.7877445803831449,1.0963951787477093,1.1515095495074523,1.19182972025543,0.5956175298804781,0.7522388059701492,0.7825552825552825,97.5,100.0,5026,1346,7439,28,1,7439,0.005571030640668524,7.429420505200594E-4,1.0,0.15000000000000002,0.6000000000000001,0.8,0.1,70.0,55.0,80.0,0.15000000000000002,0.6000000000000001,0.8,0.1,70.0,55.0,80.0,4599,2153,2446,4599,0.5318547510328332,1.1567562349963294,1.0,1.1567562349963294,1622,0.7533673943334882,1.0,1
"iteration_2","SCOPE_DATA_COLLECTION",1200,14,910.0,970.0,2,7649,4391,1771,7667,4414,1821,3514,2010,814,4136,2379,953,0.5406535947712419,0.5420369104579631,0.5393322014714205,0.5481975893738547,1.1515095495074523,1.7877445803831449,1.0963951787477093,1.1515095495074523,1.19182972025543,0.5956175298804781,0.7522388059701492,0.7825552825552825,97.5,100.0,5026,1346,7439,28,1,7439,0.005571030640668524,7.429420505200594E-4,1.0,0.15000000000000002,0.6000000000000001,0.8,0.1,70.0,55.0,80.0,0.15000000000000002,0.6000000000000001,0.8,0.1,70.0,55.0,80.0,1721,786,935,1721,0.5432887855897733,1.7731583597867067,1.5,1.1821055731911378,607,0.772264631043257,1.0,1
"iteration_2","SCOPE_DATA_COLLECTION",1200,15,970.0,1030.0,0,7858,4599,1721,7649,4391,1771,3601,2165,784,4265,2446,935,0.5422069666920926,0.5304706137497289,0.5439208842350204,0.5509631661587332,1.1552037619675846,1.7714229854175945,1.1019263323174664,1.1552037619675846,1.180948656945063,0.605109691752291,0.7524249422632795,0.7704081632653061,100.0,100.0,5154,1361,7663,32,1,7613,0.006208769887466045,7.347538574577516E-4,0.9934751402844839,0.15000000000000002,0.6000000000000001,0.8,0.1,70.0,55.0,80.0,0.15000000000000002,0.5,0.8,0.1,70.0,45.0,80.0,7607,3519,4088,7607,0.5373997633758381,0.5365164983366826,0.5,1.0730329966733652,2104,0.5978971298664393,1.0,1
"iteration_2","SCOPE_DATA_COLLECTION",1200,15,970.0,1030.0,1,7858,4599,1721,7649,4391,1771,3601,2165,784,4265,2446,935,0.5422069666920926,0.5304706137497289,0.5439208842350204,0.5509631661587332,1.1552037619675846,1.7714229854175945,1.1019263323174664,1.1552037619675846,1.180948656945063,0.605109691752291,0.7524249422632795,0.7704081632653061,100.0,100.0,5154,1361,7663,32,1,7613,0.006208769887466045,7.347538574577516E-4,0.9934751402844839,0.15000000000000002,0.6000000000000001,0.8,0.1,70.0,55.0,80.0,0.15000000000000002,0.5,0.8,0.1,70.0,45.0,80.0,4571,2044,2527,4571,0.552833078101072,1.146150478547277,1.0,1.146150478547277,1541,0.7539138943248532,1.0,1
"iteration_2","SCOPE_DATA_COLLECTION",1200,15,970.0,1030.0,2,7858,4599,1721,7649,4391,1771,3601,2165,784,4265,2446,935,0.5422069666920926,0.5304706137497289,0.5439208842350204,0.5509631661587332,1.1552037619675846,1.7714229854175945,1.1019263323174664,1.1552037619675846,1.180948656945063,0.605109691752291,0.7524249422632795,0.7704081632653061,100.0,100.0,5154,1361,7663,32,1,7613,0.006208769887466045,7.347538574577516E-4,0.9934751402844839,0.15000000000000002,0.6000000000000001,0.8,0.1,70.0,55.0,80.0,0.15000000000000002,0.5,0.8,0.1,70.0,45.0,80.0,1773,812,961,1773,0.542019176536943,1.8004523047837564,1.5,1.2003015365225043,643,0.791871921182266,1.0,1
"iteration_2","SCOPE_DATA_COLLECTION",1200,16,1030.0,1090.0,0,7607,4571,1773,7858,4599,1721,3514,2029,819,4088,2527,961,0.5377532228360957,0.5546532045654082,0.5398876404494382,0.5348870688448238,1.139347155969068,1.8012294723640636,1.0697741376896477,1.139347155969068,1.2008196482427091,0.5961866818440523,0.7525874815179892,0.7924297924297924,100.0,100.0,5054,1362,7535,39,2,7535,0.007716660071230708,0.0014684287812041115,1.0,0.15000000000000002,0.5,0.8,0.1,70.0,45.0,80.0,0.5,0.1,0.4,0.7000000000000001,80.0,80.0,55.0,7505,6793,712,7505,0.09487008660892739,0.3671863510473539,0.5,0.7343727020947078,1963,0.2889739437656411,1.0,1
"iteration_2","SCOPE_DATA_COLLECTION",1200,16,1030.0,1090.0,1,7607,4571,1773,7858,4599,1721,3514,2029,819,4088,2527,961,0.5377532228360957,0.5546532045654082,0.5398876404494382,0.5348870688448238,1.139347155969068,1.8012294723640636,1.0697741376896477,1.139347155969068,1.2008196482427091,0.5961866818440523,0.7525874815179892,0.7924297924297924,100.0,100.0,5054,1362,7535,39,2,7535,0.007716660071230708,0.0014684287812041115,1.0,0.15000000000000002,0.5,0.8,0.1,70.0,45.0,80.0,0.5,0.1,0.4,0.7000000000000001,80.0,80.0,55.0,4548,4041,507,4548,0.11147757255936676,0.7663623024965421,1.0,0.7663623024965421,1695,0.4194506310319228,1.0,1
"iteration_2","SCOPE_DATA_COLLECTION",1200,16,1030.0,1090.0,2,7607,4571,1773,7858,4599,1721,3514,2029,819,4088,2527,961,0.5377532228360957,0.5546532045654082,0.5398876404494382,0.5348870688448238,1.139347155969068,1.8012294723640636,1.0697741376896477,1.139347155969068,1.2008196482427091,0.5961866818440523,0.7525874815179892,0.7924297924297924,100.0,100.0,5054,1362,7535,39,2,7535,0.007716660071230708,0.0014684287812041115,1.0,0.15000000000000002,0.5,0.8,0.1,70.0,45.0,80.0,0.5,0.1,0.4,0.7000000000000001,80.0,80.0,55.0,1749,1536,213,1749,0.12178387650085763,1.1975086865454942,1.5,0.7983391243636628,656,0.4270833333333333,1.0,1
"iteration_2","SCOPE_DATA_COLLECTION",1200,17,1090.0,1150.0,0,7505,4548,1749,7607,4571,1773,6794,4041,1526,711,506,212,0.09473684210526316,0.11128216406421816,0.12197928653624857,0.36841759658958767,0.7719667347393196,1.1955271510859335,0.7368351931791753,0.7719667347393196,0.7970181007239557,0.29069767441860467,0.4216778025241277,0.4272608125819135,95.0,100.0,5301,4184,4317,59,2,1368,0.011129975476325221,4.780114722753346E-4,0.31688672689367614,0.5,0.1,0.4,0.7000000000000001,80.0,80.0,55.0,0.4,0.1,0.5,0.8,80.0,90.0,45.0,7674,6178,1496,7674,0.19494396664060465,0.3917714071840716,0.5,0.7835428143681432,1965,0.3180640984137261,1.0,1
"iteration_2","SCOPE_DATA_COLLECTION",1200,17,1090.0,1150.0,1,7505,4548,1749,7607,4571,1773,6794,4041,1526,711,506,212,0.09473684210526316,0.11128216406421816,0.12197928653624857,0.36841759658958767,0.7719667347393196,1.1955271510859335,0.7368351931791753,0.7719667347393196,0.7970181007239557,0.29069767441860467,0.4216778025241277,0.4272608125819135,95.0,100.0,5301,4184,4317,59,2,1368,0.011129975476325221,4.780114722753346E-4,0.31688672689367614,0.5,0.1,0.4,0.7000000000000001,80.0,80.0,55.0,0.4,0.1,0.5,0.8,80.0,90.0,45.0,4482,3555,927,4482,0.20682730923694778,0.8303960944011223,1.0,0.8303960944011223,1662,0.4675105485232067,1.0,1
"iteration_2","SCOPE_DATA_COLLECTION",1200,17,1090.0,1150.0,2,7505,4548,1749,7607,4571,1773,6794,4041,1526,711,506,212,0.09473684210526316,0.11128216406421816,0.12197928653624857,0.36841759658958767,0.7719667347393196,1.1955271510859335,0.7368351931791753,0.7719667347393196,0.7970181007239557,0.29069767441860467,0.4216778025241277,0.4272608125819135,95.0,100.0,5301,4184,4317,59,2,1368,0.011129975476325221,4.780114722753346E-4,0.31688672689367614,0.5,0.1,0.4,0.7000000000000001,80.0,80.0,55.0,0.4,0.1,0.5,0.8,80.0,90.0,45.0,1723,1310,413,1723,0.23969820081253626,1.2818507217170159,1.5,0.8545671478113439,622,0.47480916030534354,1.0,1
"iteration_2","SCOPE_DATA_COLLECTION",1200,18,1150.0,1210.0,0,7674,4482,1723,7505,4548,1749,6168,3555,1319,1497,928,414,0.19530332681017612,0.2070042382333259,0.23889209463358338,0.3914229085472748,0.8314224370412903,1.2864010940630575,0.7828458170945496,0.8314224370412903,0.8576007293753717,0.31728274967574577,0.4680731364275668,0.4761182714177407,95.0,100.0,5325,3425,5129,57,4,2778,0.010704225352112675,0.0011678832116788322,0.5416260479625657,0.4,0.1,0.5,0.8,80.0,90.0,45.0,0.4,0.1,0.6000000000000001,0.8,70.0,80.0,35.0,7599,5758,1841,7599,0.24226871956836427,0.40161107441696897,0.5,0.8032221488339379,1916,0.332754428621049,1.0,1
"iteration_2","SCOPE_DATA_COLLECTION",1200,18,1150.0,1210.0,1,7674,4482,1723,7505,4548,1749,6168,3555,1319,1497,928,414,0.19530332681017612,0.2070042382333259,0.23889209463358338,0.3914229085472748,0.8314224370412903,1.2864010940630575,0.7828458170945496,0.8314224370412903,0.8576007293753717,0.31728274967574577,0.4680731364275668,0.4761182714177407,95.0,100.0,5325,3425,5129,57,4,2778,0.010704225352112675,0.0011678832116788322,0.5416260479625657,0.4,0.1,0.5,0.8,80.0,90.0,45.0,0.4,0.1,0.6000000000000001,0.8,70.0,80.0,35.0,4505,3425,1080,4505,0.2397336293007769,0.8599318875652057,1.0,0.8599318875652057,1695,0.4948905109489051,1.0,1
"iteration_2","SCOPE_DATA_COLLECTION",1200,18,1150.0,1210.0,2,7674,4482,1723,7505,4548,1749,6168,3555,1319,1497,928,414,0.19530332681017612,0.2070042382333259,0.23889209463358338,0.3914229085472748,0.8314224370412903,1.2864010940630575,0.7828458170945496,0.8314224370412903,0.8576007293753717,0.31728274967574577,0.4680731364275668,0.4761182714177407,95.0,100.0,5325,3425,5129,57,4,2778,0.010704225352112675,0.0011678832116788322,0.5416260479625657,0.4,0.1,0.5,0.8,80.0,90.0,45.0,0.4,0.1,0.6000000000000001,0.8,70.0,80.0,35.0,1743,1288,455,1743,0.26104417670682734,1.397625928578231,1.5,0.9317506190521541,682,0.5295031055900621,1.0,1
"iteration_2","SCOPE_DATA_COLLECTION",1200,19,1210.0,1270.0,0,7599,4505,1743,7674,4482,1723,5768,3426,1288,1832,1074,451,0.24105263157894738,0.23866666666666667,0.2593444508338125,0.40216733953135925,0.857694790232998,1.3953879284646848,0.8043346790627185,0.857694790232998,0.9302586189764566,0.3340846047156727,0.49270286047869233,0.5295031055900621,100.0,100.0,5295,3379,5173,75,2,3280,0.014164305949008499,5.918910920390648E-4,0.6340614730330563,0.4,0.1,0.6000000000000001,0.8,70.0,80.0,35.0,0.9500000000000001,0.7000000000000001,0.1,0.6000000000000001,90.0,60.0,30.0,7749,7738,11,7749,0.0014195380049038585,0.3086201775190219,0.5,0.6172403550380438,2067,0.2671232876712329,1.0,1
"iteration_2","SCOPE_DATA_COLLECTION",1200,19,1210.0,1270.0,1,7599,4505,1743,7674,4482,1723,5768,3426,1288,1832,1074,451,0.24105263157894738,0.23866666666666667,0.2593444508338125,0.40216733953135925,0.857694790232998,1.3953879284646848,0.8043346790627185,0.857694790232998,0.9302586189764566,0.3340846047156727,0.49270286047869233,0.5295031055900621,100.0,100.0,5295,3379,5173,75,2,3280,0.014164305949008499,5.918910920390648E-4,0.6340614730330563,0.4,0.1,0.6000000000000001,0.8,70.0,80.0,35.0,0.9500000000000001,0.7000000000000001,0.1,0.6000000000000001,90.0,60.0,30.0,4637,4629,8,4637,0.0017252533965926246,0.5630229348560217,1.0,0.5630229348560217,1470,0.31756318859364874,1.0,1
"iteration_2","SCOPE_DATA_COLLECTION",1200,19,1210.0,1270.0,2,7599,4505,1743,7674,4482,1723,5768,3426,1288,1832,1074,451,0.24105263157894738,0.23866666666666667,0.2593444508338125,0.40216733953135925,0.857694790232998,1.3953879284646848,0.8043346790627185,0.857694790232998,0.9302586189764566,0.3340846047156727,0.49270286047869233,0.5295031055900621,100.0,100.0,5295,3379,5173,75,2,3280,0.014164305949008499,5.918910920390648E-4,0.6340614730330563,0.4,0.1,0.6000000000000001,0.8,70.0,80.0,35.0,0.9500000000000001,0.7000000000000001,0.1,0.6000000000000001,90.0,60.0,30.0,1769,1745,24,1769,0.013566986998304126,1.0287100623355956,1.5,0.6858067082237304,616,0.3530085959885387,1.0,1
"iteration_2","SCOPE_DATA_COLLECTION",1200,20,1270.0,1330.0,0,7749,4637,1769,7599,4505,1743,7730,4620,1748,20,14,28,0.0025806451612903226,0.0030211480362537764,0.015765765765765764,0.3081828855980131,0.5648103420964768,1.0378384082885188,0.6163657711960262,0.5648103420964768,0.6918922721923458,0.266235446313066,0.31796536796536795,0.35697940503432496,100.0,100.0,4998,8671,486,34,8,20,0.006802721088435374,9.226156152692884E-4,0.0411522633744856,0.9500000000000001,0.7000000000000001,0.1,0.6000000000000001,90.0,60.0,30.0,0.9500000000000001,0.6000000000000001,0.1,0.5,80.0,50.0,30.0,7777,7760,17,7777,0.002185932879002186,0.31590986873758203,0.5,0.6318197374751641,2111,0.2720360824742268,1.0,1
"iteration_2","SCOPE_DATA_COLLECTION",1200,20,1270.0,1330.0,1,7749,4637,1769,7599,4505,1743,7730,4620,1748,20,14,28,0.0025806451612903226,0.0030211480362537764,0.015765765765765764,0.3081828855980131,0.5648103420964768,1.0378384082885188,0.6163657711960262,0.5648103420964768,0.6918922721923458,0.266235446313066,0.31796536796536795,0.35697940503432496,100.0,100.0,4998,8671,486,34,8,20,0.006802721088435374,9.226156152692884E-4,0.0411522633744856,0.9500000000000001,0.7000000000000001,0.1,0.6000000000000001,90.0,60.0,30.0,0.9500000000000001,0.6000000000000001,0.1,0.5,80.0,50.0,30.0,4642,4629,13,4642,0.0028005170185264974,0.5801475146521394,1.0,0.5801475146521394,1510,0.3262043637934759,1.0,1
"iteration_2","SCOPE_DATA_COLLECTION",1200,20,1270.0,1330.0,2,7749,4637,1769,7599,4505,1743,7730,4620,1748,20,14,28,0.0025806451612903226,0.0030211480362537764,0.015765765765765764,0.3081828855980131,0.5648103420964768,1.0378384082885188,0.6163657711960262,0.5648103420964768,0.6918922721923458,0.266235446313066,0.31796536796536795,0.35697940503432496,100.0,100.0,4998,8671,486,34,8,20,0.006802721088435374,9.226156152692884E-4,0.0411522633744856,0.9500000000000001,0.7000000000000001,0.1,0.6000000000000001,90.0,60.0,30.0,0.9500000000000001,0.6000000000000001,0.1,0.5,80.0,50.0,30.0,1769,1745,24,1769,0.013566986998304126,1.0183351056476155,1.5,0.6788900704317437,602,0.3449856733524355,1.0,1
"iteration_2","SCOPE_DATA_COLLECTION",1200,21,1330.0,1390.0,0,7777,4642,1769,7749,4637,1769,7755,4650,1746,17,13,24,0.0021873391662377765,0.0027879047823289728,0.013559322033898305,0.3156481524571688,0.5828137047196567,1.0118656656060874,0.6312963049143376,0.5828137047196567,0.6745771104040582,0.2716956802063185,0.32881720430107525,0.34192439862542956,95.0,100.0,5142,8621,425,47,7,0,0.009140412290937379,8.119707690523141E-4,0.0,0.9500000000000001,0.6000000000000001,0.1,0.5,80.0,50.0,30.0,0.9500000000000001,0.6000000000000001,0.1,0.4,70.0,50.0,40.0,7695,7640,55,7695,0.007147498375568551,0.3102125873651493,0.5,0.6204251747302986,2003,0.26217277486910995,1.0,1
"iteration_2","SCOPE_DATA_COLLECTION",1200,21,1330.0,1390.0,1,7777,4642,1769,7749,4637,1769,7755,4650,1746,17,13,24,0.0021873391662377765,0.0027879047823289728,0.013559322033898305,0.3156481524571688,0.5828137047196567,1.0118656656060874,0.6312963049143376,0.5828137047196567,0.6745771104040582,0.2716956802063185,0.32881720430107525,0.34192439862542956,95.0,100.0,5142,8621,425,47,7,0,0.009140412290937379,8.119707690523141E-4,0.0,0.9500000000000001,0.6000000000000001,0.1,0.5,80.0,50.0,30.0,0.9500000000000001,0.6000000000000001,0.1,0.4,70.0,50.0,40.0,4628,4588,40,4628,0.00864304235090752,0.5833699256793009,1.0,0.5833699256793009,1504,0.32781168265039234,1.0,1
"iteration_2","SCOPE_DATA_COLLECTION",1200,21,1330.0,1390.0,2,7777,4642,1769,7749,4637,1769,7755,4650,1746,17,13,24,0.0021873391662377765,0.0027879047823289728,0.013559322033898305,0.3156481524571688,0.5828137047196567,1.0118656656060874,0.6312963049143376,0.5828137047196567,0.6745771104040582,0.2716956802063185,0.32881720430107525,0.34192439862542956,95.0,100.0,5142,8621,425,47,7,0,0.009140412290937379,8.119707690523141E-4,0.0,0.9500000000000001,0.6000000000000001,0.1,0.5,80.0,50.0,30.0,0.9500000000000001,0.6000000000000001,0.1,0.4,70.0,50.0,40.0,1779,1743,36,1779,0.02023608768971332,1.0315707516366561,1.5,0.6877138344244375,625,0.35857716580608145,1.0,1
"iteration_2","SCOPE_DATA_COLLECTION",1200,22,1390.0,1450.0,0,7695,4628,1779,7777,4642,1769,7651,4587,1730,55,40,36,0.0071372956138074225,0.008644910309055544,0.020385050962627407,0.31061231488825924,0.5814803091148913,1.0293543703131864,0.6212246297765185,0.5814803091148913,0.6862362468754576,0.26284145863285846,0.3265751035535208,0.35722543352601155,97.5,100.0,5020,8640,442,43,88,0,0.008565737051792829,0.010185185185185186,0.0,0.9500000000000001,0.6000000000000001,0.1,0.4,70.0,50.0,40.0,0.9500000000000001,0.7000000000000001,0.1,0.30000000000000004,60.0,40.0,40.0,7688,7647,41,7688,0.0053329864724245574,0.31468352945912814,0.5,0.6293670589182563,2118,0.27697136131816397,1.0,1
"iteration_2","SCOPE_DATA_COLLECTION",1200,22,1390.0,1450.0,1,7695,4628,1779,7777,4642,1769,7651,4587,1730,55,40,36,0.0071372956138074225,0.008644910309055544,0.020385050962627407,0.31061231488825924,0.5814803091148913,1.0293543703131864,0.6212246297765185,0.5814803091148913,0.6862362468754576,0.26284145863285846,0.3265751035535208,0.35722543352601155,97.5,100.0,5020,8640,442,43,88,0,0.008565737051792829,0.010185185185185186,0.0,0.9500000000000001,0.6000000000000001,0.1,0.4,70.0,50.0,40.0,0.9500000000000001,0.7000000000000001,0.1,0.30000000000000004,60.0,40.0,40.0,4693,4666,27,4693,0.00575324952056254,0.5758869838610104,1.0,0.5758869838610104,1527,0.32726103729104156,1.0,1
"iteration_2","SCOPE_DATA_COLLECTION",1200,22,1390.0,1450.0,2,7695,4628,1779,7777,4642,1769,7651,4587,1730,55,40,36,0.0071372956138074225,0.008644910309055544,0.020385050962627407,0.31061231488825924,0.5814803091148913,1.0293543703131864,0.6212246297765185,0.5814803091148913,0.6862362468754576,0.26284145863285846,0.3265751035535208,0.35722543352601155,97.5,100.0,5020,8640,442,43,88,0,0.008565737051792829,0.010185185185185186,0.0,0.9500000000000001,0.6000000000000001,0.1,0.4,70.0,50.0,40.0,0.9500000000000001,0.7000000000000001,0.1,0.30000000000000004,60.0,40.0,40.0,1703,1688,15,1703,0.008807985907222548,1.017459607493898,1.5,0.678306404995932,593,0.351303317535545,1.0,1
"iteration_2","SCOPE_DATA_COLLECTION",1200,23,1450.0,1510.0,0,7688,4693,1703,7695,4628,1779,7634,4661,1701,41,27,15,0.005342019543973941,0.00575938566552901,0.008741258741258742,0.31321038107727783,0.5769770192519712,1.0216955558602308,0.6264207621545557,0.5769770192519712,0.6811303705734871,0.2753471312549122,0.328041192877065,0.3527336860670194,100.0,100.0,5020,8634,430,24,59,0,0.004780876494023904,0.006833449154505443,0.0,0.9500000000000001,0.7000000000000001,0.1,0.30000000000000004,60.0,40.0,40.0,0.8,0.4,0.9,0.1,35.0,25.0,80.0,7795,7787,8,7795,0.0010262989095574087,0.30673416466186043,0.5,0.6134683293237209,2117,0.27186336201361244,1.0,1
"iteration_2","SCOPE_DATA_COLLECTION",1200,23,1450.0,1510.0,1,7688,4693,1703,7695,4628,1779,7634,4661,1701,41,27,15,0.005342019543973941,0.00575938566552901,0.008741258741258742,0.31321038107727783,0.5769770192519712,1.0216955558602308,0.6264207621545557,0.5769770192519712,0.6811303705734871,0.2753471312549122,0.328041192877065,0.3527336860670194,100.0,100.0,5020,8634,430,24,59,0,0.004780876494023904,0.006833449154505443,0.0,0.9500000000000001,0.7000000000000001,0.1,0.30000000000000004,60.0,40.0,40.0,0.8,0.4,0.9,0.1,35.0,25.0,80.0,4624,4612,12,4624,0.0025951557093425604,0.6558077726975117,1.0,0.6558077726975117,1652,0.35819601040763227,1.0,1
"iteration_2","SCOPE_DATA_COLLECTION",1200,23,1450.0,1510.0,2,7688,4693,1703,7695,4628,1779,7634,4661,1701,41,27,15,0.005342019543973941,0.00575938566552901,0.008741258741258742,0.31321038107727783,0.5769770192519712,1.0216955558602308,0.6264207621545557,0.5769770192519712,0.6811303705734871,0.2753471312549122,0.328041192877065,0.3527336860670194,100.0,100.0,5020,8634,430,24,59,0,0.004780876494023904,0.006833449154505443,0.0,0.9500000000000001,0.7000000000000001,0.1,0.30000000000000004,60.0,40.0,40.0,0.8,0.4,0.9,0.1,35.0,25.0,80.0,1681,1666,15,1681,0.00892325996430696,1.0128983230608248,1.5,0.6752655487072166,599,0.3595438175270108,1.0,1
"iteration_2","SCOPE_DATA_COLLECTION",1200,24,1510.0,1570.0,0,7795,4624,1681,7688,4693,1703,7796,4612,1665,8,11,15,0.0010251153254741158,0.0023794073112697383,0.008928571428571428,0.30812890547079413,0.6542929674926993,1.0131010626779853,0.6162578109415883,0.6542929674926993,0.6754007084519902,0.2733453052847614,0.3579791847354727,0.36036036036036034,95.0,100.0,5145,7174,1781,29,5,0,0.005636540330417881,6.969612489545581E-4,0.0,0.8,0.4,0.9,0.1,35.0,25.0,80.0,0.5,0.9,0.5,0.5,95.0,60.0,60.0,7504,6808,696,7504,0.09275053304904052,0.37580417911823744,0.5,0.7516083582364749,2217,0.3256462984723854,1.0,1
"iteration_2","SCOPE_DATA_COLLECTION",1200,24,1510.0,1570.0,1,7795,4624,1681,7688,4693,1703,7796,4612,1665,8,11,15,0.0010251153254741158,0.0023794073112697383,0.008928571428571428,0.30812890547079413,0.6542929674926993,1.0131010626779853,0.6162578109415883,0.6542929674926993,0.6754007084519902,0.2733453052847614,0.3579791847354727,0.36036036036036034,95.0,100.0,5145,7174,1781,29,5,0,0.005636540330417881,6.969612489545581E-4,0.0,0.8,0.4,0.9,0.1,35.0,25.0,80.0,0.5,0.9,0.5,0.5,95.0,60.0,60.0,4590,4115,475,4590,0.10348583877995643,0.7305451969279635,1.0,0.7305451969279635,1669,0.40558930741190763,1.0,1
"iteration_2","SCOPE_DATA_COLLECTION",1200,24,1510.0,1570.0,2,7795,4624,1681,7688,4693,1703,7796,4612,1665,8,11,15,0.0010251153254741158,0.0023794073112697383,0.008928571428571428,0.30812890547079413,0.6542929674926993,1.0131010626779853,0.6162578109415883,0.6542929674926993,0.6754007084519902,0.2733453052847614,0.3579791847354727,0.36036036036036034,95.0,100.0,5145,7174,1781,29,5,0,0.005636540330417881,6.969612489545581E-4,0.0,0.8,0.4,0.9,0.1,35.0,25.0,80.0,0.5,0.9,0.5,0.5,95.0,60.0,60.0,1708,1500,208,1708,0.12177985948477751,1.168385267410425,1.5,0.77892351160695,608,0.4053333333333333,1.0,1
"iteration_2","SCOPE_DATA_COLLECTION",1200,25,1570.0,1630.0,0,7504,4590,1708,7795,4624,1681,6807,4118,1502,696,476,208,0.09276289484206318,0.10361340879407924,0.1216374269005848,0.3737269805108807,0.7291130295925183,1.1648194918801615,0.7474539610217614,0.7291130295925183,0.7765463279201077,0.3243719700308506,0.40432248664400194,0.40346205059920104,97.5,100.0,5225,4254,4323,86,3,1291,0.01645933014354067,7.052186177715092E-4,0.29863520703215357,0.5,0.9,0.5,0.5,95.0,60.0,60.0,0.5,0.9,0.4,0.5,85.0,60.0,50.0,7563,6616,947,7563,0.1252148618273172,0.40494319156165287,0.5,0.8098863831233057,2311,0.3493047158403869,1.0,1
"iteration_2","SCOPE_DATA_COLLECTION",1200,25,1570.0,1630.0,1,7504,4590,1708,7795,4624,1681,6807,4118,1502,696,476,208,0.09276289484206318,0.10361340879407924,0.1216374269005848,0.3737269805108807,0.7291130295925183,1.1648194918801615,0.7474539610217614,0.7291130295925183,0.7765463279201077,0.3243719700308506,0.40432248664400194,0.40346205059920104,97.5,100.0,5225,4254,4323,86,3,1291,0.01645933014354067,7.052186177715092E-4,0.29863520703215357,0.5,0.9,0.5,0.5,95.0,60.0,60.0,0.5,0.9,0.4,0.5,85.0,60.0,50.0,4504,3954,550,4504,0.12211367673179396,0.7583241564106161,1.0,0.7583241564106161,1633,0.4129994941831057,1.0,1
"iteration_2","SCOPE_DATA_COLLECTION",1200,25,1570.0,1630.0,2,7504,4590,1708,7795,4624,1681,6807,4118,1502,696,476,208,0.09276289484206318,0.10361340879407924,0.1216374269005848,0.3737269805108807,0.7291130295925183,1.1648194918801615,0.7474539610217614,0.7291130295925183,0.7765463279201077,0.3243719700308506,0.40432248664400194,0.40346205059920104,97.5,100.0,5225,4254,4323,86,3,1291,0.01645933014354067,7.052186177715092E-4,0.29863520703215357,0.5,0.9,0.5,0.5,95.0,60.0,60.0,0.5,0.9,0.4,0.5,85.0,60.0,50.0,1742,1494,248,1742,0.1423650975889782,1.2072049379624465,1.5,0.8048032919749644,626,0.4190093708165997,1.0,1
"iteration_2","SCOPE_DATA_COLLECTION",1200,26,1630.0,1690.0,0,7563,4504,1742,7504,4590,1708,6594,3940,1490,947,550,248,0.125580161782257,0.12249443207126949,0.142692750287687,0.40616399055890534,0.7596448163400934,1.208108505741874,0.8123279811178107,0.7596448163400934,0.8054056704945826,0.35016681831968455,0.41421319796954315,0.42013422818791946,97.5,100.0,5105,4307,4397,77,5,1663,0.015083251714005876,0.0011609008590666356,0.3782124175574255,0.5,0.9,0.4,0.5,85.0,60.0,50.0,0.35000000000000003,0.30000000000000004,0.1,0.30000000000000004,30.0,45.0,75.0,7567,4962,2605,7567,0.34425796220430815,0.4398371778807155,0.5,0.879674355761431,2100,0.42321644498186217,1.0,1
"iteration_2","SCOPE_DATA_COLLECTION",1200,26,1630.0,1690.0,1,7563,4504,1742,7504,4590,1708,6594,3940,1490,947,550,248,0.125580161782257,0.12249443207126949,0.142692750287687,0.40616399055890534,0.7596448163400934,1.208108505741874,0.8123279811178107,0.7596448163400934,0.8054056704945826,0.35016681831968455,0.41421319796954315,0.42013422818791946,97.5,100.0,5105,4307,4397,77,5,1663,0.015083251714005876,0.0011609008590666356,0.3782124175574255,0.5,0.9,0.4,0.5,85.0,60.0,50.0,0.35000000000000003,0.30000000000000004,0.1,0.30000000000000004,30.0,45.0,75.0,4561,2940,1621,4561,0.3554045165533874,0.8502337512904155,1.0,0.8502337512904155,1593,0.5418367346938775,1.0,1
"iteration_2","SCOPE_DATA_COLLECTION",1200,26,1630.0,1690.0,2,7563,4504,1742,7504,4590,1708,6594,3940,1490,947,550,248,0.125580161782257,0.12249443207126949,0.142692750287687,0.40616399055890534,0.7596448163400934,1.208108505741874,0.8123279811178107,0.7596448163400934,0.8054056704945826,0.35016681831968455,0.41421319796954315,0.42013422818791946,97.5,100.0,5105,4307,4397,77,5,1663,0.015083251714005876,0.0011609008590666356,0.3782124175574255,0.5,0.9,0.4,0.5,85.0,60.0,50.0,0.35000000000000003,0.30000000000000004,0.1,0.30000000000000004,30.0,45.0,75.0,1736,1126,610,1736,0.3513824884792627,1.4494573505033987,1.5,0.9663049003355991,643,0.5710479573712256,1.0,1
"iteration_2","SCOPE_DATA_COLLECTION",1200,27,1690.0,1750.0,0,7567,4561,1736,7563,4504,1742,4980,2944,1127,2605,1621,610,0.34344100197758737,0.35509309967141295,0.3511801957397812,0.43844328543131394,0.8459662296558651,1.4488852894251114,0.8768865708626279,0.8459662296558651,0.9659235262834076,0.4206827309236948,0.5373641304347826,0.5705412599822538,97.5,100.0,5075,3067,5722,32,3,4801,0.006305418719211823,9.7815454841865E-4,0.8390422929045788,0.35000000000000003,0.30000000000000004,0.1,0.30000000000000004,30.0,45.0,75.0,0.35000000000000003,0.30000000000000004,0.1,0.30000000000000004,30.0,45.0,75.0,7681,4866,2815,7681,0.3664887384455149,0.4123045737155314,0.5,0.8246091474310628,1995,0.40998766954377314,1.0,1
"iteration_2","SCOPE_DATA_COLLECTION",1200,27,1690.0,1750.0,1,7567,4561,1736,7563,4504,1742,4980,2944,1127,2605,1621,610,0.34344100197758737,0.35509309967141295,0.3511801957397812,0.43844328543131394,0.8459662296558651,1.4488852894251114,0.8768865708626279,0.8459662296558651,0.9659235262834076,0.4206827309236948,0.5373641304347826,0.5705412599822538,97.5,100.0,5075,3067,5722,32,3,4801,0.006305418719211823,9.7815454841865E-4,0.8390422929045788,0.35000000000000003,0.30000000000000004,0.1,0.30000000000000004,30.0,45.0,75.0,0.35000000000000003,0.30000000000000004,0.1,0.30000000000000004,30.0,45.0,75.0,4652,2969,1683,4652,0.3617798796216681,0.8310735264443212,1.0,0.8310735264443212,1657,0.5581003704951162,1.0,1
"iteration_2","SCOPE_DATA_COLLECTION",1200,27,1690.0,1750.0,2,7567,4561,1736,7563,4504,1742,4980,2944,1127,2605,1621,610,0.34344100197758737,0.35509309967141295,0.3511801957397812,0.43844328543131394,0.8459662296558651,1.4488852894251114,0.8768865708626279,0.8459662296558651,0.9659235262834076,0.4206827309236948,0.5373641304347826,0.5705412599822538,97.5,100.0,5075,3067,5722,32,3,4801,0.006305418719211823,9.7815454841865E-4,0.8390422929045788,0.35000000000000003,0.30000000000000004,0.1,0.30000000000000004,30.0,45.0,75.0,0.35000000000000003,0.30000000000000004,0.1,0.30000000000000004,30.0,45.0,75.0,1747,1071,676,1747,0.386949055523755,1.3950329305243214,1.5,0.930021953682881,591,0.5518207282913166,1.0,1
"iteration_2","SCOPE_DATA_COLLECTION",1200,28,1750.0,1810.0,0,7681,4652,1747,7567,4561,1736,4872,2976,1072,2815,1683,676,0.3662026798490959,0.36123631680618157,0.38672768878718533,0.4145529738663211,0.8352175551677324,1.3948865971307327,0.8291059477326422,0.8352175551677324,0.9299243980871551,0.4125615763546798,0.5598118279569892,0.5513059701492538,100.0,100.0,5086,3149,5845,17,2,5155,0.0033425088478175385,6.351222610352493E-4,0.8819503849443969,0.35000000000000003,0.30000000000000004,0.1,0.30000000000000004,30.0,45.0,75.0,0.75,0.30000000000000004,0.7000000000000001,0.30000000000000004,35.0,75.0,40.0,7685,7655,30,7685,0.003903708523096942,0.3003188751173415,0.5,0.600637750234683,1958,0.2557805355976486,1.0,1
"iteration_2","SCOPE_DATA_COLLECTION",1200,28,1750.0,1810.0,1,7681,4652,1747,7567,4561,1736,4872,2976,1072,2815,1683,676,0.3662026798490959,0.36123631680618157,0.38672768878718533,0.4145529738663211,0.8352175551677324,1.3948865971307327,0.8291059477326422,0.8352175551677324,0.9299243980871551,0.4125615763546798,0.5598118279569892,0.5513059701492538,100.0,100.0,5086,3149,5845,17,2,5155,0.0033425088478175385,6.351222610352493E-4,0.8819503849443969,0.35000000000000003,0.30000000000000004,0.1,0.30000000000000004,30.0,45.0,75.0,0.75,0.30000000000000004,0.7000000000000001,0.30000000000000004,35.0,75.0,40.0,4594,4557,37,4594,0.00805398345668263,0.6546663462548931,1.0,0.6546663462548931,1610,0.3533026113671275,1.0,1
"iteration_2","SCOPE_DATA_COLLECTION",1200,28,1750.0,1810.0,2,7681,4652,1747,7567,4561,1736,4872,2976,1072,2815,1683,676,0.3662026798490959,0.36123631680618157,0.38672768878718533,0.4145529738663211,0.8352175551677324,1.3948865971307327,0.8291059477326422,0.8352175551677324,0.9299243980871551,0.4125615763546798,0.5598118279569892,0.5513059701492538,100.0,100.0,5086,3149,5845,17,2,5155,0.0033425088478175385,6.351222610352493E-4,0.8819503849443969,0.35000000000000003,0.30000000000000004,0.1,0.30000000000000004,30.0,45.0,75.0,0.75,0.30000000000000004,0.7000000000000001,0.30000000000000004,35.0,75.0,40.0,1725,1697,28,1725,0.016231884057971015,1.0595659592606919,1.5,0.7063773061737946,631,0.3718326458456099,1.0,1
"iteration_2","SCOPE_DATA_COLLECTION",1200,29,1810.0,1870.0,0,7685,4594,1725,7681,4652,1747,7664,4557,1688,30,36,28,0.003899142188718482,0.007838014369693011,0.016317016317016316,0.30118937479732494,0.6565964636115046,1.0588830048348716,0.6023787495946499,0.6565964636115046,0.7059220032232477,0.25704592901878914,0.3554970375246873,0.3708530805687204,97.5,100.0,5105,6610,2289,65,8,21,0.012732615083251714,0.001210287443267776,0.009174311926605505,0.75,0.30000000000000004,0.7000000000000001,0.30000000000000004,35.0,75.0,40.0,0.45,0.2,0.9,0.8,70.0,50.0,40.0,7639,6443,1196,7639,0.15656499541824845,0.38294812958586866,0.5,0.7658962591717373,2087,0.32391742976874127,1.0,1
"iteration_2","SCOPE_DATA_COLLECTION",1200,29,1810.0,1870.0,1,7685,4594,1725,7681,4652,1747,7664,4557,1688,30,36,28,0.003899142188718482,0.007838014369693011,0.016317016317016316,0.30118937479732494,0.6565964636115046,1.0588830048348716,0.6023787495946499,0.6565964636115046,0.7059220032232477,0.25704592901878914,0.3554970375246873,0.3708530805687204,97.5,100.0,5105,6610,2289,65,8,21,0.012732615083251714,0.001210287443267776,0.009174311926605505,0.75,0.30000000000000004,0.7000000000000001,0.30000000000000004,35.0,75.0,40.0,0.45,0.2,0.9,0.8,70.0,50.0,40.0,4517,3762,755,4517,0.16714633606375914,0.7941760242780792,1.0,0.7941760242780792,1660,0.44125465178096757,1.0,1
"iteration_2","SCOPE_DATA_COLLECTION",1200,29,1810.0,1870.0,2,7685,4594,1725,7681,4652,1747,7664,4557,1688,30,36,28,0.003899142188718482,0.007838014369693011,0.016317016317016316,0.30118937479732494,0.6565964636115046,1.0588830048348716,0.6023787495946499,0.6565964636115046,0.7059220032232477,0.25704592901878914,0.3554970375246873,0.3708530805687204,97.5,100.0,5105,6610,2289,65,8,21,0.012732615083251714,0.001210287443267776,0.009174311926605505,0.75,0.30000000000000004,0.7000000000000001,0.30000000000000004,35.0,75.0,40.0,0.45,0.2,0.9,0.8,70.0,50.0,40.0,1821,1469,352,1821,0.19330038440417352,1.2311160768070968,1.5,0.8207440512047312,646,0.4397549353301566,1.0,1
"iteration_2","SCOPE_DATA_COLLECTION",1200,30,1870.0,1930.0,0,7639,4517,1821,7685,4594,1725,6433,3745,1469,1196,756,352,0.15677021890155984,0.16796267496111975,0.19330038440417352,0.38256769925369577,0.7915032735553907,1.2295717693475796,0.7651353985073915,0.7915032735553907,0.8197145128983864,0.32457640292243123,0.44005340453938585,0.4404356705241661,100.0,100.0,5296,3956,4725,89,3,2212,0.01680513595166163,7.583417593528817E-4,0.46814814814814815,0.45,0.2,0.9,0.8,70.0,50.0,40.0,0.2,0.30000000000000004,0.9,0.30000000000000004,85.0,60.0,20.0,7737,3886,3851,7737,0.4977381413984749,0.4905215803740183,0.5,0.9810431607480365,2036,0.5239320638188368,1.0,1
"iteration_2","SCOPE_DATA_COLLECTION",1200,30,1870.0,1930.0,1,7639,4517,1821,7685,4594,1725,6433,3745,1469,1196,756,352,0.15677021890155984,0.16796267496111975,0.19330038440417352,0.38256769925369577,0.7915032735553907,1.2295717693475796,0.7651353985073915,0.7915032735553907,0.8197145128983864,0.32457640292243123,0.44005340453938585,0.4404356705241661,100.0,100.0,5296,3956,4725,89,3,2212,0.01680513595166163,7.583417593528817E-4,0.46814814814814815,0.45,0.2,0.9,0.8,70.0,50.0,40.0,0.2,0.30000000000000004,0.9,0.30000000000000004,85.0,60.0,20.0,4517,2241,2276,4517,0.50387425282267,1.1039790334889066,1.0,1.1039790334889066,1622,0.7237840249888443,1.0,1
"iteration_2","SCOPE_DATA_COLLECTION",1200,30,1870.0,1930.0,2,7639,4517,1821,7685,4594,1725,6433,3745,1469,1196,756,352,0.15677021890155984,0.16796267496111975,0.19330038440417352,0.38256769925369577,0.7915032735553907,1.2295717693475796,0.7651353985073915,0.7915032735553907,0.8197145128983864,0.32457640292243123,0.44005340453938585,0.4404356705241661,100.0,100.0,5296,3956,4725,89,3,2212,0.01680513595166163,7.583417593528817E-4,0.46814814814814815,0.45,0.2,0.9,0.8,70.0,50.0,40.0,0.2,0.30000000000000004,0.9,0.30000000000000004,85.0,60.0,20.0,1723,814,909,1723,0.5275681950087058,1.7398517375411646,1.5,1.1599011583607763,590,0.7248157248157249,1.0,1
"iteration_2","SCOPE_DATA_COLLECTION",1200,31,1930.0,1990.0,0,7737,4517,1723,7639,4517,1821,3889,2257,823,3851,2276,909,0.4975452196382429,0.5020957423339951,0.5248267898383372,0.48924773703816615,1.097349040154263,1.733766410161107,0.9784954740763323,1.097349040154263,1.155844273440738,0.5191565955258421,0.717766947275144,0.7205346294046172,95.0,100.0,5252,1719,7006,65,1,6970,0.012376237623762377,5.817335660267597E-4,0.9948615472452184,0.2,0.30000000000000004,0.9,0.30000000000000004,85.0,60.0,20.0,0.2,0.30000000000000004,0.8,0.30000000000000004,95.0,60.0,20.0,7646,3723,3923,7646,0.5130787339785509,0.4601357200067601,0.5,0.9202714400135202,1713,0.46011281224818695,1.0,1
"iteration_2","SCOPE_DATA_COLLECTION",1200,31,1930.0,1990.0,1,7737,4517,1723,7639,4517,1821,3889,2257,823,3851,2276,909,0.4975452196382429,0.5020957423339951,0.5248267898383372,0.48924773703816615,1.097349040154263,1.733766410161107,0.9784954740763323,1.097349040154263,1.155844273440738,0.5191565955258421,0.717766947275144,0.7205346294046172,95.0,100.0,5252,1719,7006,65,1,6970,0.012376237623762377,5.817335660267597E-4,0.9948615472452184,0.2,0.30000000000000004,0.9,0.30000000000000004,85.0,60.0,20.0,0.2,0.30000000000000004,0.8,0.30000000000000004,95.0,60.0,20.0,4409,2188,2221,4409,0.5037423452029939,1.0628417784511426,1.0,1.0628417784511426,1552,0.7093235831809872,1.0,1
"iteration_2","SCOPE_DATA_COLLECTION",1200,31,1930.0,1990.0,2,7737,4517,1723,7639,4517,1821,3889,2257,823,3851,2276,909,0.4975452196382429,0.5020957423339951,0.5248267898383372,0.48924773703816615,1.097349040154263,1.733766410161107,0.9784954740763323,1.097349040154263,1.155844273440738,0.5191565955258421,0.717766947275144,0.7205346294046172,95.0,100.0,5252,1719,7006,65,1,6970,0.012376237623762377,5.817335660267597E-4,0.9948615472452184,0.2,0.30000000000000004,0.9,0.30000000000000004,85.0,60.0,20.0,0.2,0.30000000000000004,0.8,0.30000000000000004,95.0,60.0,20.0,1763,831,932,1763,0.5286443562110039,1.771712018864179,1.5,1.1811413459094526,626,0.753309265944645,1.0,1
"iteration_2","SCOPE_DATA_COLLECTION",1200,32,1990.0,2050.0,0,7646,4409,1763,7737,4517,1723,3720,2195,827,3923,2221,932,0.5132801256051289,0.5029438405797102,0.5298465036952814,0.4598553637050529,1.0637782037939292,1.7734310924675756,0.9197107274101058,1.0637782037939292,1.1822873949783836,0.46102150537634407,0.7097949886104784,0.7533252720677146,97.5,100.0,5074,1719,7025,51,0,7025,0.010051241623965314,0.0,1.0,0.2,0.30000000000000004,0.8,0.30000000000000004,95.0,60.0,20.0,0.30000000000000004,0.4,0.7000000000000001,0.4,85.0,50.0,20.0,7747,4453,3294,7747,0.4251968503937008,0.482348853063012,0.5,0.964697706126024,2100,0.4715921850437907,1.0,1
"iteration_2","SCOPE_DATA_COLLECTION",1200,32,1990.0,2050.0,1,7646,4409,1763,7737,4517,1723,3720,2195,827,3923,2221,932,0.5132801256051289,0.5029438405797102,0.5298465036952814,0.4598553637050529,1.0637782037939292,1.7734310924675756,0.9197107274101058,1.0637782037939292,1.1822873949783836,0.46102150537634407,0.7097949886104784,0.7533252720677146,97.5,100.0,5074,1719,7025,51,0,7025,0.010051241623965314,0.0,1.0,0.2,0.30000000000000004,0.8,0.30000000000000004,95.0,60.0,20.0,0.30000000000000004,0.4,0.7000000000000001,0.4,85.0,50.0,20.0,4536,2637,1899,4536,0.41865079365079366,0.9865895024837295,1.0,0.9865895024837295,1625,0.6162305650360258,1.0,1
"iteration_2","SCOPE_DATA_COLLECTION",1200,32,1990.0,2050.0,2,7646,4409,1763,7737,4517,1723,3720,2195,827,3923,2221,932,0.5132801256051289,0.5029438405797102,0.5298465036952814,0.4598553637050529,1.0637782037939292,1.7734310924675756,0.9197107274101058,1.0637782037939292,1.1822873949783836,0.46102150537634407,0.7097949886104784,0.7533252720677146,97.5,100.0,5074,1719,7025,51,0,7025,0.010051241623965314,0.0,1.0,0.2,0.30000000000000004,0.8,0.30000000000000004,95.0,60.0,20.0,0.30000000000000004,0.4,0.7000000000000001,0.4,85.0,50.0,20.0,1713,952,761,1713,0.44424985405720957,1.6107949143203988,1.5,1.0738632762135991,617,0.648109243697479,1.0,1
"iteration_2","SCOPE_DATA_COLLECTION",1200,33,2050.0,2110.0,0,7747,4536,1713,7646,4409,1763,4413,2606,945,3294,1899,760,0.42740365901128846,0.42153163152053275,0.44574780058651026,0.45379445661601103,0.9647280743118452,1.5781396811420592,0.9075889132320221,0.9647280743118452,1.0520931207613728,0.4665760253795604,0.6120491174213354,0.6444444444444445,100.0,100.0,5257,2595,6144,84,2,5867,0.015978695073235686,7.707129094412332E-4,0.9549153645833334,0.30000000000000004,0.4,0.7000000000000001,0.4,85.0,50.0,20.0,0.4,0.4,0.6000000000000001,0.30000000000000004,75.0,60.0,30.0,7718,5822,1896,7718,0.24565949727908784,0.4204430769082072,0.5,0.8408861538164144,2157,0.37049124012366885,1.0,1
"iteration_2","SCOPE_DATA_COLLECTION",1200,33,2050.0,2110.0,1,7747,4536,1713,7646,4409,1763,4413,2606,945,3294,1899,760,0.42740365901128846,0.42153163152053275,0.44574780058651026,0.45379445661601103,0.9647280743118452,1.5781396811420592,0.9075889132320221,0.9647280743118452,1.0520931207613728,0.4665760253795604,0.6120491174213354,0.6444444444444445,100.0,100.0,5257,2595,6144,84,2,5867,0.015978695073235686,7.707129094412332E-4,0.9549153645833334,0.30000000000000004,0.4,0.7000000000000001,0.4,85.0,50.0,20.0,0.4,0.4,0.6000000000000001,0.30000000000000004,75.0,60.0,30.0,4517,3351,1166,4517,0.25813593092760684,0.8491345441736565,1.0,0.8491345441736565,1636,0.4882124738883915,1.0,1
"iteration_2","SCOPE_DATA_COLLECTION",1200,33,2050.0,2110.0,2,7747,4536,1713,7646,4409,1763,4413,2606,945,3294,1899,760,0.42740365901128846,0.42153163152053275,0.44574780058651026,0.45379445661601103,0.9647280743118452,1.5781396811420592,0.9075889132320221,0.9647280743118452,1.0520931207613728,0.4665760253795604,0.6120491174213354,0.6444444444444445,100.0,100.0,5257,2595,6144,84,2,5867,0.015978695073235686,7.707129094412332E-4,0.9549153645833334,0.30000000000000004,0.4,0.7000000000000001,0.4,85.0,50.0,20.0,0.4,0.4,0.6000000000000001,0.30000000000000004,75.0,60.0,30.0,1729,1245,484,1729,0.2799305957200694,1.3585521598852988,1.5,0.9057014399235325,635,0.5100401606425703,1.0,1
"iteration_2","SCOPE_DATA_COLLECTION",1200,34,2110.0,2170.0,0,7718,4517,1729,7747,4536,1713,5870,3374,1258,1896,1164,482,0.2441411279938192,0.25650066108417807,0.2770114942528736,0.4426698165741415,0.8680674421608412,1.3869757000495244,0.885339633148283,0.8680674421608412,0.924650466699683,0.3746166950596252,0.49347954949614703,0.5151033386327504,97.5,100.0,5129,3565,5270,71,3,3468,0.013842854357574576,8.415147265077139E-4,0.6580645161290323,0.4,0.4,0.6000000000000001,0.30000000000000004,75.0,60.0,30.0,0.9500000000000001,0.1,0.7000000000000001,0.6000000000000001,60.0,45.0,75.0,7627,7614,13,7627,0.0017044709584371313,0.2942712065915604,0.5,0.5885424131831208,1821,0.23916469661150513,1.0,1
"iteration_2","SCOPE_DATA_COLLECTION",1200,34,2110.0,2170.0,1,7718,4517,1729,7747,4536,1713,5870,3374,1258,1896,1164,482,0.2441411279938192,0.25650066108417807,0.2770114942528736,0.4426698165741415,0.8680674421608412,1.3869757000495244,0.885339633148283,0.8680674421608412,0.924650466699683,0.3746166950596252,0.49347954949614703,0.5151033386327504,97.5,100.0,5129,3565,5270,71,3,3468,0.013842854357574576,8.415147265077139E-4,0.6580645161290323,0.4,0.4,0.6000000000000001,0.30000000000000004,75.0,60.0,30.0,0.9500000000000001,0.1,0.7000000000000001,0.6000000000000001,60.0,45.0,75.0,4573,4537,36,4573,0.007872293898972229,0.6647520355093839,1.0,0.6647520355093839,1681,0.370509147013445,1.0,1
"iteration_2","SCOPE_DATA_COLLECTION",1200,34,2110.0,2170.0,2,7718,4517,1729,7747,4536,1713,5870,3374,1258,1896,1164,482,0.2441411279938192,0.25650066108417807,0.2770114942528736,0.4426698165741415,0.8680674421608412,1.3869757000495244,0.885339633148283,0.8680674421608412,0.924650466699683,0.3746166950596252,0.49347954949614703,0.5151033386327504,97.5,100.0,5129,3565,5270,71,3,3468,0.013842854357574576,8.415147265077139E-4,0.6580645161290323,0.4,0.4,0.6000000000000001,0.30000000000000004,75.0,60.0,30.0,0.9500000000000001,0.1,0.7000000000000001,0.6000000000000001,60.0,45.0,75.0,1764,1713,51,1764,0.02891156462585034,1.0544892975475892,1.5,0.7029928650317262,625,0.36485697606538237,1.0,1
"iteration_2","SCOPE_DATA_COLLECTION",1200,35,2170.0,2230.0,0,7627,4573,1764,7718,4517,1729,7602,4531,1707,13,38,54,0.0017071569271175312,0.008316918362880281,0.030664395229982964,0.2937992575673448,0.6623331509709693,1.0531736874933426,0.5875985151346896,0.6623331509709693,0.7021157916622284,0.23875295974743488,0.36989627013904214,0.36438195664909195,100.0,100.0,5382,8145,437,91,7,7,0.016908212560386472,8.594229588704727E-4,0.016018306636155607,0.9500000000000001,0.1,0.7000000000000001,0.6000000000000001,60.0,45.0,75.0,0.55,0.6000000000000001,0.6000000000000001,0.30000000000000004,35.0,30.0,85.0,7807,7549,258,7807,0.03304726527475343,0.36749611966119594,0.5,0.7349922393223919,2426,0.3213670684858922,1.0,1
"iteration_2","SCOPE_DATA_COLLECTION",1200,35,2170.0,2230.0,1,7627,4573,1764,7718,4517,1729,7602,4531,1707,13,38,54,0.0017071569271175312,0.008316918362880281,0.030664395229982964,0.2937992575673448,0.6623331509709693,1.0531736874933426,0.5875985151346896,0.6623331509709693,0.7021157916622284,0.23875295974743488,0.36989627013904214,0.36438195664909195,100.0,100.0,5382,8145,437,91,7,7,0.016908212560386472,8.594229588704727E-4,0.016018306636155607,0.9500000000000001,0.1,0.7000000000000001,0.6000000000000001,60.0,45.0,75.0,0.55,0.6000000000000001,0.6000000000000001,0.30000000000000004,35.0,30.0,85.0,4509,4356,153,4509,0.033932135728542916,0.6998148078770093,1.0,0.6998148078770093,1649,0.3785583103764922,1.0,1
"iteration_2","SCOPE_DATA_COLLECTION",1200,35,2170.0,2230.0,2,7627,4573,1764,7718,4517,1729,7602,4531,1707,13,38,54,0.0017071569271175312,0.008316918362880281,0.030664395229982964,0.2937992575673448,0.6623331509709693,1.0531736874933426,0.5875985151346896,0.6623331509709693,0.7021157916622284,0.23875295974743488,0.36989627013904214,0.36438195664909195,100.0,100.0,5382,8145,437,91,7,7,0.016908212560386472,8.594229588704727E-4,0.016018306636155607,0.9500000000000001,0.1,0.7000000000000001,0.6000000000000001,60.0,45.0,75.0,0.55,0.6000000000000001,0.6000000000000001,0.30000000000000004,35.0,30.0,85.0,1717,1628,89,1717,0.05183459522422831,1.1185373539333565,1.5,0.7456915692889043,639,0.3925061425061425,1.0,1
"iteration_2","SCOPE_DATA_COLLECTION",1200,36,2230.0,2290.0,0,7807,4509,1717,7627,4573,1764,7555,4344,1618,258,153,89,0.03302188659925765,0.03402268178785857,0.05213825424721734,0.3676413470405632,0.7010547269115026,1.118226600448999,0.7352826940811265,0.7010547269115026,0.7454844002993326,0.3219060225016545,0.3789134438305709,0.39184177997527814,97.5,100.0,5221,4892,3920,68,4,428,0.013024324841984293,8.176614881439084E-4,0.10918367346938776,0.55,0.6000000000000001,0.6000000000000001,0.30000000000000004,35.0,30.0,85.0,0.55,0.5,0.7000000000000001,0.30000000000000004,25.0,40.0,95.0,7730,7336,394,7730,0.050970245795601554,0.3529370664418214,0.5,0.7058741328836428,2254,0.30725190839694655,1.0,1
"iteration_2","SCOPE_DATA_COLLECTION",1200,36,2230.0,2290.0,1,7807,4509,1717,7627,4573,1764,7555,4344,1618,258,153,89,0.03302188659925765,0.03402268178785857,0.05213825424721734,0.3676413470405632,0.7010547269115026,1.118226600448999,0.7352826940811265,0.7010547269115026,0.7454844002993326,0.3219060225016545,0.3789134438305709,0.39184177997527814,97.5,100.0,5221,4892,3920,68,4,428,0.013024324841984293,8.176614881439084E-4,0.10918367346938776,0.55,0.6000000000000001,0.6000000000000001,0.30000000000000004,35.0,30.0,85.0,0.55,0.5,0.7000000000000001,0.30000000000000004,25.0,40.0,95.0,4548,4289,259,4548,0.056948109058927,0.7145913853990978,1.0,0.7145913853990978,1648,0.3842387502914432,1.0,1
"iteration_2","SCOPE_DATA_COLLECTION",1200,36,2230.0,2290.0,2,7807,4509,1717,7627,4573,1764,7555,4344,1618,258,153,89,0.03302188659925765,0.03402268178785857,0.05213825424721734,0.3676413470405632,0.7010547269115026,1.118226600448999,0.7352826940811265,0.7010547269115026,0.7454844002993326,0.3219060225016545,0.3789134438305709,0.39184177997527814,97.5,100.0,5221,4892,3920,68,4,428,0.013024324841984293,8.176614881439084E-4,0.10918367346938776,0.55,0.6000000000000001,0.6000000000000001,0.30000000000000004,35.0,30.0,85.0,0.55,0.5,0.7000000000000001,0.30000000000000004,25.0,40.0,95.0,1764,1646,118,1764,0.06689342403628118,1.0930895686159177,1.5,0.7287263790772784,619,0.37606318347509116,1.0,1
"iteration_2","SCOPE_DATA_COLLECTION",1200,37,2290.0,2350.0,0,7730,4548,1764,7807,4509,1717,7317,4284,1652,394,259,117,0.05109583711580858,0.05701078582434515,0.06613906161673262,0.34933035432838905,0.7138800576016645,1.0929836922593767,0.6986607086567781,0.7138800576016645,0.7286557948395845,0.3047697143638103,0.3828197945845005,0.37590799031476996,100.0,100.0,5193,4828,4021,55,3,712,0.010591180435201233,6.213753106876554E-4,0.1770703805023626,0.55,0.5,0.7000000000000001,0.30000000000000004,25.0,40.0,95.0,0.65,0.5,0.9,0.4,75.0,80.0,20.0,7701,7681,20,7701,0.002597065316192702,0.31408723012105466,0.5,0.6281744602421093,2163,0.28160395781799247,1.0,1
"iteration_2","SCOPE_DATA_COLLECTION",1200,37,2290.0,2350.0,1,7730,4548,1764,7807,4509,1717,7317,4284,1652,394,259,117,0.05109583711580858,0.05701078582434515,0.06613906161673262,0.34933035432838905,0.7138800576016645,1.0929836922593767,0.6986607086567781,0.7138800576016645,0.7286557948395845,0.3047697143638103,0.3828197945845005,0.37590799031476996,100.0,100.0,5193,4828,4021,55,3,712,0.010591180435201233,6.213753106876554E-4,0.1770703805023626,0.55,0.5,0.7000000000000001,0.30000000000000004,25.0,40.0,95.0,0.65,0.5,0.9,0.4,75.0,80.0,20.0,4519,4480,39,4519,0.00863022792653242,0.6642460056206367,1.0,0.6642460056206367,1604,0.3580357142857143,1.0,1
"iteration_2","SCOPE_DATA_COLLECTION",1200,37,2290.0,2350.0,2,7730,4548,1764,7807,4509,1717,7317,4284,1652,394,259,117,0.05109583711580858,0.05701078582434515,0.06613906161673262,0.34933035432838905,0.7138800576016645,1.0929836922593767,0.6986607086567781,0.7138800576016645,0.7286557948395845,0.3047697143638103,0.3828197945845005,0.37590799031476996,100.0,100.0,5193,4828,4021,55,3,712,0.010591180435201233,6.213753106876554E-4,0.1770703805023626,0.55,0.5,0.7000000000000001,0.30000000000000004,25.0,40.0,95.0,0.65,0.5,0.9,0.4,75.0,80.0,20.0,1663,1633,30,1663,0.01803968731208659,1.0482287569422342,1.5,0.6988191712948227,592,0.3625229638701776,1.0,1
"iteration_2","SCOPE_DATA_COLLECTION",1200,38,2350.0,2410.0,0,7701,4519,1663,7730,4548,1764,7692,4504,1637,20,39,31,0.0025933609958506223,0.008584635703279771,0.01858513189448441,0.31756828174253315,0.667821094631587,1.051509081722611,0.6351365634850663,0.667821094631587,0.7010060544817406,0.2835413416536661,0.36034635879218474,0.36469150885766644,100.0,100.0,5231,5712,2940,82,8,0,0.01567577900974957,0.0014005602240896359,0.0,0.65,0.5,0.9,0.4,75.0,80.0,20.0,0.75,0.6000000000000001,0.9,0.5,65.0,90.0,20.0,7712,7693,19,7712,0.002463692946058091,0.3129134550261328,0.5,0.6258269100522657,2179,0.2832445079942805,1.0,1
"iteration_2","SCOPE_DATA_COLLECTION",1200,38,2350.0,2410.0,1,7701,4519,1663,7730,4548,1764,7692,4504,1637,20,39,31,0.0025933609958506223,0.008584635703279771,0.01858513189448441,0.31756828174253315,0.667821094631587,1.051509081722611,0.6351365634850663,0.667821094631587,0.7010060544817406,0.2835413416536661,0.36034635879218474,0.36469150885766644,100.0,100.0,5231,5712,2940,82,8,0,0.01567577900974957,0.0014005602240896359,0.0,0.65,0.5,0.9,0.4,75.0,80.0,20.0,0.75,0.6000000000000001,0.9,0.5,65.0,90.0,20.0,4516,4496,20,4516,0.0044286979627989375,0.6424394777948848,1.0,0.6424394777948848,1602,0.35631672597864766,1.0,1
"iteration_2","SCOPE_DATA_COLLECTION",1200,38,2350.0,2410.0,2,7701,4519,1663,7730,4548,1764,7692,4504,1637,20,39,31,0.0025933609958506223,0.008584635703279771,0.01858513189448441,0.31756828174253315,0.667821094631587,1.051509081722611,0.6351365634850663,0.667821094631587,0.7010060544817406,0.2835413416536661,0.36034635879218474,0.36469150885766644,100.0,100.0,5231,5712,2940,82,8,0,0.01567577900974957,0.0014005602240896359,0.0,0.65,0.5,0.9,0.4,75.0,80.0,20.0,0.75,0.6000000000000001,0.9,0.5,65.0,90.0,20.0,1742,1714,28,1742,0.016073478760045924,1.0240336172795266,1.5,0.682689078186351,600,0.3500583430571762,1.0,1
"iteration_2","SCOPE_DATA_COLLECTION",1200,39,2410.0,2470.0,0,7712,4516,1742,7701,4519,1663,7684,4490,1714,19,20,28,0.0024665714656627287,0.004434589800443459,0.016073478760045924,0.3121052360092212,0.6388215947941531,1.0230621206022363,0.6242104720184424,0.6388215947941531,0.6820414137348242,0.28240499739718894,0.355011135857461,0.34947491248541424,97.5,100.0,5195,6624,2151,61,6,0,0.011742059672762272,9.057971014492754E-4,0.0,0.75,0.6000000000000001,0.9,0.5,65.0,90.0,20.0,0.65,0.4,0.5,0.1,45.0,70.0,45.0,7578,7569,9,7578,0.0011876484560570072,0.3106860432220618,0.5,0.6213720864441236,2010,0.26555687673404677,1.0,1
"iteration_2","SCOPE_DATA_COLLECTION",1200,39,2410.0,2470.0,1,7712,4516,1742,7701,4519,1663,7684,4490,1714,19,20,28,0.0024665714656627287,0.004434589800443459,0.016073478760045924,0.3121052360092212,0.6388215947941531,1.0230621206022363,0.6242104720184424,0.6388215947941531,0.6820414137348242,0.28240499739718894,0.355011135857461,0.34947491248541424,97.5,100.0,5195,6624,2151,61,6,0,0.011742059672762272,9.057971014492754E-4,0.0,0.75,0.6000000000000001,0.9,0.5,65.0,90.0,20.0,0.65,0.4,0.5,0.1,45.0,70.0,45.0,4549,4535,14,4549,0.003077599472411519,0.6454156750236982,1.0,0.6454156750236982,1594,0.35148842337375963,1.0,1
"iteration_2","SCOPE_DATA_COLLECTION",1200,39,2410.0,2470.0,2,7712,4516,1742,7701,4519,1663,7684,4490,1714,19,20,28,0.0024665714656627287,0.004434589800443459,0.016073478760045924,0.3121052360092212,0.6388215947941531,1.0230621206022363,0.6242104720184424,0.6388215947941531,0.6820414137348242,0.28240499739718894,0.355011135857461,0.34947491248541424,97.5,100.0,5195,6624,2151,61,6,0,0.011742059672762272,9.057971014492754E-4,0.0,0.75,0.6000000000000001,0.9,0.5,65.0,90.0,20.0,0.65,0.4,0.5,0.1,45.0,70.0,45.0,1774,1763,11,1774,0.0062006764374295375,1.0202556514147667,1.5,0.6801704342765111,631,0.3579126488939308,1.0,1
"iteration_2","SCOPE_DATA_COLLECTION",1200,40,2470.0,2530.0,0,7578,4549,1774,7712,4516,1742,7589,4523,1762,9,14,11,0.0011845222426954461,0.003085739475424289,0.006204173716864072,0.3111177914731174,0.6462715505055191,1.0208724688491546,0.6222355829462348,0.6462715505055191,0.6805816458994364,0.26657003557781,0.3521998673446827,0.35754824063564133,100.0,100.0,5033,5736,3132,31,3,0,0.006159348301212001,5.230125523012552E-4,0.0,0.65,0.4,0.5,0.1,45.0,70.0,45.0,0.75,0.4,0.6000000000000001,0.2,45.0,70.0,45.0,7608,7593,15,7608,0.001971608832807571,0.30767992345424655,0.5,0.6153598469084931,2035,0.2680100092190175,1.0,1
"iteration_2","SCOPE_DATA_COLLECTION",1200,40,2470.0,2530.0,1,7578,4549,1774,7712,4516,1742,7589,4523,1762,9,14,11,0.0011845222426954461,0.003085739475424289,0.006204173716864072,0.3111177914731174,0.6462715505055191,1.0208724688491546,0.6222355829462348,0.6462715505055191,0.6805816458994364,0.26657003557781,0.3521998673446827,0.35754824063564133,100.0,100.0,5033,5736,3132,31,3,0,0.006159348301212001,5.230125523012552E-4,0.0,0.65,0.4,0.5,0.1,45.0,70.0,45.0,0.75,0.4,0.6000000000000001,0.2,45.0,70.0,45.0,4463,4432,31,4463,0.0069460004481290616,0.6302953739743069,1.0,0.6302953739743069,1524,0.34386281588447654,1.0,1
"iteration_2","SCOPE_DATA_COLLECTION",1200,40,2470.0,2530.0,2,7578,4549,1774,7712,4516,1742,7589,4523,1762,9,14,11,0.0011845222426954461,0.003085739475424289,0.006204173716864072,0.3111177914731174,0.6462715505055191,1.0208724688491546,0.6222355829462348,0.6462715505055191,0.6805816458994364,0.26657003557781,0.3521998673446827,0.35754824063564133,100.0,100.0,5033,5736,3132,31,3,0,0.006159348301212001,5.230125523012552E-4,0.0,0.65,0.4,0.5,0.1,45.0,70.0,45.0,0.75,0.4,0.6000000000000001,0.2,45.0,70.0,45.0,1795,1778,17,1795,0.00947075208913649,1.035243728876993,1.5,0.6901624859179952,644,0.36220472440944884,1.0,1
"iteration_2","SCOPE_DATA_COLLECTION",1200,41,2530.0,2590.0,0,7608,4463,1795,7578,4549,1774,7588,4446,1771,15,31,17,0.0019729054320662895,0.006924279651552379,0.009507829977628635,0.30809053271657977,0.6313777871416497,1.0333082022648417,0.6161810654331595,0.6313777871416497,0.6888721348432277,0.26818661043753295,0.3441295546558704,0.3613777526821005,95.0,100.0,5075,6580,2211,55,8,0,0.01083743842364532,0.0012158054711246201,0.0,0.75,0.4,0.6000000000000001,0.2,45.0,70.0,45.0,0.65,0.30000000000000004,0.6000000000000001,0.2,55.0,60.0,55.0,7693,7661,32,7693,0.004159625633692968,0.30180370460140465,0.5,0.6036074092028093,2032,0.26523952486620544,1.0,1
"iteration_2","SCOPE_DATA_COLLECTION",1200,41,2530.0,2590.0,1,7608,4463,1795,7578,4549,1774,7588,4446,1771,15,31,17,0.0019729054320662895,0.006924279651552379,0.009507829977628635,0.30809053271657977,0.6313777871416497,1.0333082022648417,0.6161810654331595,0.6313777871416497,0.6888721348432277,0.26818661043753295,0.3441295546558704,0.3613777526821005,95.0,100.0,5075,6580,2211,55,8,0,0.01083743842364532,0.0012158054711246201,0.0,0.75,0.4,0.6000000000000001,0.2,45.0,70.0,45.0,0.65,0.30000000000000004,0.6000000000000001,0.2,55.0,60.0,55.0,4491,4455,36,4491,0.008016032064128256,0.654050235912783,1.0,0.654050235912783,1588,0.35645342312008976,1.0,1
"iteration_2","SCOPE_DATA_COLLECTION",1200,41,2530.0,2590.0,2,7608,4463,1795,7578,4549,1774,7588,4446,1771,15,31,17,0.0019729054320662895,0.006924279651552379,0.009507829977628635,0.30809053271657977,0.6313777871416497,1.0333082022648417,0.6161810654331595,0.6313777871416497,0.6888721348432277,0.26818661043753295,0.3441295546558704,0.3613777526821005,95.0,100.0,5075,6580,2211,55,8,0,0.01083743842364532,0.0012158054711246201,0.0,0.75,0.4,0.6000000000000001,0.2,45.0,70.0,45.0,0.65,0.30000000000000004,0.6000000000000001,0.2,55.0,60.0,55.0,1704,1682,22,1704,0.012910798122065728,1.0554098606106854,1.5,0.703606573740457,630,0.3745541022592152,1.0,1
"iteration_2","SCOPE_DATA_COLLECTION",1200,42,2590.0,2650.0,0,7693,4491,1704,7608,4463,1795,7673,4460,1696,32,36,22,0.004153147306943543,0.00800711743772242,0.012805587892898719,0.3025396364194199,0.6547717015031638,1.058529751395944,0.6050792728388398,0.6547717015031638,0.7056865009306293,0.2669099439593379,0.35695067264573993,0.3761792452830189,95.0,100.0,5158,5705,3025,57,9,24,0.011050794881737108,0.0015775635407537247,0.007933884297520661,0.65,0.30000000000000004,0.6000000000000001,0.2,55.0,60.0,55.0,0.1,0.7000000000000001,0.4,0.8,55.0,60.0,35.0,7688,3324,4364,7688,0.5676378772112383,0.5609589067909809,0.5,1.1219178135819619,2036,0.6125150421179302,1.0,1
"iteration_2","SCOPE_DATA_COLLECTION",1200,42,2590.0,2650.0,1,7693,4491,1704,7608,4463,1795,7673,4460,1696,32,36,22,0.004153147306943543,0.00800711743772242,0.012805587892898719,0.3025396364194199,0.6547717015031638,1.058529751395944,0.6050792728388398,0.6547717015031638,0.7056865009306293,0.2669099439593379,0.35695067264573993,0.3761792452830189,95.0,100.0,5158,5705,3025,57,9,24,0.011050794881737108,0.0015775635407537247,0.007933884297520661,0.65,0.30000000000000004,0.6000000000000001,0.2,55.0,60.0,55.0,0.1,0.7000000000000001,0.4,0.8,55.0,60.0,35.0,4609,1974,2635,4609,0.5717075287481015,1.1595164325183895,1.0,1.1595164325183895,1563,0.7917933130699089,1.0,1
"iteration_2","SCOPE_DATA_COLLECTION",1200,42,2590.0,2650.0,2,7693,4491,1704,7608,4463,1795,7673,4460,1696,32,36,22,0.004153147306943543,0.00800711743772242,0.012805587892898719,0.3025396364194199,0.6547717015031638,1.058529751395944,0.6050792728388398,0.6547717015031638,0.7056865009306293,0.2669099439593379,0.35695067264573993,0.3761792452830189,95.0,100.0,5158,5705,3025,57,9,24,0.011050794881737108,0.0015775635407537247,0.007933884297520661,0.65,0.30000000000000004,0.6000000000000001,0.2,55.0,60.0,55.0,0.1,0.7000000000000001,0.4,0.8,55.0,60.0,35.0,1767,739,1028,1767,0.5817770232031693,1.949888808504095,1.5,1.2999258723360634,610,0.8254397834912043,1.0,1
"iteration_2","SCOPE_DATA_COLLECTION",1200,43,2650.0,2710.0,0,7688,4609,1767,7693,4491,1704,3314,1982,737,4364,2635,1028,0.5683771815576973,0.5707169157461555,0.5824362606232295,0.5593366899319507,1.1575617932166782,1.94169570171646,1.1186733798639015,1.1575617932166782,1.2944638011443066,0.6086300543150271,0.7880928355196771,0.8236092265943012,97.5,100.0,5150,907,8007,72,0,7955,0.013980582524271845,0.0,0.9935056825277881,0.1,0.7000000000000001,0.4,0.8,55.0,60.0,35.0,0.05,0.7000000000000001,0.4,0.7000000000000001,65.0,60.0,45.0,7806,3138,4668,7806,0.5980015372790162,0.59813925261238,0.5,1.19627850522476,2095,0.6676226896112173,1.0,1
"iteration_2","SCOPE_DATA_COLLECTION",1200,43,2650.0,2710.0,1,7688,4609,1767,7693,4491,1704,3314,1982,737,4364,2635,1028,0.5683771815576973,0.5707169157461555,0.5824362606232295,0.5593366899319507,1.1575617932166782,1.94169570171646,1.1186733798639015,1.1575617932166782,1.2944638011443066,0.6086300543150271,0.7880928355196771,0.8236092265943012,97.5,100.0,5150,907,8007,72,0,7955,0.013980582524271845,0.0,0.9935056825277881,0.1,0.7000000000000001,0.4,0.8,55.0,60.0,35.0,0.05,0.7000000000000001,0.4,0.7000000000000001,65.0,60.0,45.0,4568,1802,2766,4568,0.6055166374781086,1.2318163198370928,1.0,1.2318163198370928,1558,0.8645948945615982,1.0,1
"iteration_2","SCOPE_DATA_COLLECTION",1200,43,2650.0,2710.0,2,7688,4609,1767,7693,4491,1704,3314,1982,737,4364,2635,1028,0.5683771815576973,0.5707169157461555,0.5824362606232295,0.5593366899319507,1.1575617932166782,1.94169570171646,1.1186733798639015,1.1575617932166782,1.2944638011443066,0.6086300543150271,0.7880928355196771,0.8236092265943012,97.5,100.0,5150,907,8007,72,0,7955,0.013980582524271845,0.0,0.9935056825277881,0.1,0.7000000000000001,0.4,0.8,55.0,60.0,35.0,0.05,0.7000000000000001,0.4,0.7000000000000001,65.0,60.0,45.0,1762,674,1088,1762,0.6174801362088536,2.054768832815672,1.5,1.3698458885437814,599,0.8887240356083086,1.0,1
"iteration_2","SCOPE_DATA_COLLECTION",1200,44,2710.0,2770.0,0,7806,4568,1762,7688,4609,1767,3140,1788,678,4668,2766,1088,0.5978483606557377,0.6073781291172595,0.6160815402038505,0.597835692878169,1.2315564800598662,2.0591225617615048,1.195671385756338,1.2315564800598662,1.3727483745076698,0.6675159235668789,0.8646532438478747,0.8908554572271387,100.0,100.0,5186,490,8460,61,1,8460,0.011762437331276514,0.0020408163265306124,1.0,0.05,0.7000000000000001,0.4,0.7000000000000001,65.0,60.0,45.0,0.15000000000000002,0.6000000000000001,0.5,0.8,65.0,70.0,45.0,7733,3566,4167,7733,0.5388594335962757,0.5283420486392088,0.5,1.0566840972784175,2003,0.5616937745372967,1.0,1
"iteration_2","SCOPE_DATA_COLLECTION",1200,44,2710.0,2770.0,1,7806,4568,1762,7688,4609,1767,3140,1788,678,4668,2766,1088,0.5978483606557377,0.6073781291172595,0.6160815402038505,0.597835692878169,1.2315564800598662,2.0591225617615048,1.195671385756338,1.2315564800598662,1.3727483745076698,0.6675159235668789,0.8646532438478747,0.8908554572271387,100.0,100.0,5186,490,8460,61,1,8460,0.011762437331276514,0.0020408163265306124,1.0,0.05,0.7000000000000001,0.4,0.7000000000000001,65.0,60.0,45.0,0.15000000000000002,0.6000000000000001,0.5,0.8,65.0,70.0,45.0,4546,2106,2440,4546,0.5367355917289925,1.1215213899666656,1.0,1.1215213899666656,1582,0.7511870845204178,1.0,1
"iteration_2","SCOPE_DATA_COLLECTION",1200,44,2710.0,2770.0,2,7806,4568,1762,7688,4609,1767,3140,1788,678,4668,2766,1088,0.5978483606557377,0.6073781291172595,0.6160815402038505,0.597835692878169,1.2315564800598662,2.0591225617615048,1.195671385756338,1.2315564800598662,1.3727483745076698,0.6675159235668789,0.8646532438478747,0.8908554572271387,100.0,100.0,5186,490,8460,61,1,8460,0.011762437331276514,0.0020408163265306124,1.0,0.05,0.7000000000000001,0.4,0.7000000000000001,65.0,60.0,45.0,0.15000000000000002,0.6000000000000001,0.5,0.8,65.0,70.0,45.0,1763,796,967,1763,0.5484968803176404,1.8175117077356011,1.5,1.211674471823734,607,0.7625628140703518,1.0,1
"iteration_2","SCOPE_DATA_COLLECTION",1200,45,2770.0,2830.0,0,7733,4546,1763,7806,4568,1762,3557,2111,795,4167,2440,967,0.5394873122734335,0.5361459019995606,0.5488081725312145,0.5272782544608013,1.1204206694927177,1.8155174656840256,1.0545565089216027,1.1204206694927177,1.2103449771226837,0.5611470340174304,0.7522501184272856,0.759748427672956,100.0,100.0,5190,1369,7483,90,1,7483,0.017341040462427744,7.304601899196494E-4,1.0,0.15000000000000002,0.6000000000000001,0.5,0.8,65.0,70.0,45.0,0.25,0.7000000000000001,0.5,0.7000000000000001,75.0,80.0,35.0,7496,3958,3538,7496,0.47198505869797225,0.48288979792347103,0.5,0.9657795958469421,2000,0.5053057099545225,1.0,1
"iteration_2","SCOPE_DATA_COLLECTION",1200,45,2770.0,2830.0,1,7733,4546,1763,7806,4568,1762,3557,2111,795,4167,2440,967,0.5394873122734335,0.5361459019995606,0.5488081725312145,0.5272782544608013,1.1204206694927177,1.8155174656840256,1.0545565089216027,1.1204206694927177,1.2103449771226837,0.5611470340174304,0.7522501184272856,0.759748427672956,100.0,100.0,5190,1369,7483,90,1,7483,0.017341040462427744,7.304601899196494E-4,1.0,0.15000000000000002,0.6000000000000001,0.5,0.8,65.0,70.0,45.0,0.25,0.7000000000000001,0.5,0.7000000000000001,75.0,80.0,35.0,4554,2406,2148,4554,0.47167325428194995,1.0108865545909316,1.0,1.0108865545909316,1562,0.6492103075644223,1.0,1
"iteration_2","SCOPE_DATA_COLLECTION",1200,45,2770.0,2830.0,2,7733,4546,1763,7806,4568,1762,3557,2111,795,4167,2440,967,0.5394873122734335,0.5361459019995606,0.5488081725312145,0.5272782544608013,1.1204206694927177,1.8155174656840256,1.0545565089216027,1.1204206694927177,1.2103449771226837,0.5611470340174304,0.7522501184272856,0.759748427672956,100.0,100.0,5190,1369,7483,90,1,7483,0.017341040462427744,7.304601899196494E-4,1.0,0.15000000000000002,0.6000000000000001,0.5,0.8,65.0,70.0,45.0,0.25,0.7000000000000001,0.5,0.7000000000000001,75.0,80.0,35.0,1760,915,845,1760,0.48011363636363635,1.6391025146863085,1.5,1.0927350097908723,613,0.6699453551912569,1.0,1
"iteration_2","SCOPE_DATA_COLLECTION",1200,46,2830.0,2890.0,0,7496,4554,1760,7733,4546,1763,3969,2403,913,3538,2148,845,0.471293459437858,0.47198417930125247,0.48065984072810014,0.4846962176978946,1.0073263741945166,1.6332764465017595,0.9693924353957892,1.0073263741945166,1.0888509643345063,0.5076845553036029,0.6487723678734915,0.6692223439211391,100.0,100.0,5128,2156,6526,72,1,6458,0.014040561622464899,4.6382189239332097E-4,0.9895801409745633,0.25,0.7000000000000001,0.5,0.7000000000000001,75.0,80.0,35.0,0.25,0.8,0.6000000000000001,0.6000000000000001,65.0,90.0,45.0,7769,4087,3682,7769,0.473934869352555,0.5021607559400967,0.5,1.0043215118801934,2102,0.514313677514069,1.0,1
"iteration_2","SCOPE_DATA_COLLECTION",1200,46,2830.0,2890.0,1,7496,4554,1760,7733,4546,1763,3969,2403,913,3538,2148,845,0.471293459437858,0.47198417930125247,0.48065984072810014,0.4846962176978946,1.0073263741945166,1.6332764465017595,0.9693924353957892,1.0073263741945166,1.0888509643345063,0.5076845553036029,0.6487723678734915,0.6692223439211391,100.0,100.0,5128,2156,6526,72,1,6458,0.014040561622464899,4.6382189239332097E-4,0.9895801409745633,0.25,0.7000000000000001,0.5,0.7000000000000001,75.0,80.0,35.0,0.25,0.8,0.6000000000000001,0.6000000000000001,65.0,90.0,45.0,4571,2450,2121,4571,0.46401225114854516,1.0361164990518437,1.0,1.0361164990518437,1611,0.6575510204081633,1.0,1
"iteration_2","SCOPE_DATA_COLLECTION",1200,46,2830.0,2890.0,2,7496,4554,1760,7733,4546,1763,3969,2403,913,3538,2148,845,0.471293459437858,0.47198417930125247,0.48065984072810014,0.4846962176978946,1.0073263741945166,1.6332764465017595,0.9693924353957892,1.0073263741945166,1.0888509643345063,0.5076845553036029,0.6487723678734915,0.6692223439211391,100.0,100.0,5128,2156,6526,72,1,6458,0.014040561622464899,4.6382189239332097E-4,0.9895801409745633,0.25,0.7000000000000001,0.5,0.7000000000000001,75.0,80.0,35.0,0.25,0.8,0.6000000000000001,0.6000000000000001,65.0,90.0,45.0,1759,898,861,1759,0.48948266060261514,1.664436746836205,1.5,1.1096244978908032,605,0.6737193763919822,1.0,1
"iteration_2","SCOPE_DATA_COLLECTION",1200,47,2890.0,2950.0,0,7769,4571,1759,7496,4554,1760,4081,2458,897,3682,2121,861,0.4743011722272317,0.4632015723957196,0.48976109215017066,0.5015787675271046,1.0427166027515373,1.6704898772882721,1.0031575350542092,1.0427166027515373,1.1136599181921814,0.5128644939965694,0.6582587469487388,0.6755852842809364,100.0,100.0,5223,2222,6654,109,2,6553,0.02086923224200651,9.000900090009E-4,0.9848211602043884,0.25,0.8,0.6000000000000001,0.6000000000000001,65.0,90.0,45.0,0.5,0.4,0.6000000000000001,0.30000000000000004,60.0,50.0,70.0,7747,6859,888,7747,0.11462501613527817,0.3683155354894466,0.5,0.7366310709788932,2145,0.3127278028867182,1.0,1
"iteration_2","SCOPE_DATA_COLLECTION",1200,47,2890.0,2950.0,1,7769,4571,1759,7496,4554,1760,4081,2458,897,3682,2121,861,0.4743011722272317,0.4632015723957196,0.48976109215017066,0.5015787675271046,1.0427166027515373,1.6704898772882721,1.0031575350542092,1.0427166027515373,1.1136599181921814,0.5128644939965694,0.6582587469487388,0.6755852842809364,100.0,100.0,5223,2222,6654,109,2,6553,0.02086923224200651,9.000900090009E-4,0.9848211602043884,0.25,0.8,0.6000000000000001,0.6000000000000001,65.0,90.0,45.0,0.5,0.4,0.6000000000000001,0.30000000000000004,60.0,50.0,70.0,4415,3913,502,4415,0.11370328425821065,0.7482686963322518,1.0,0.7482686963322518,1563,0.3994377715307948,1.0,1
"iteration_2","SCOPE_DATA_COLLECTION",1200,47,2890.0,2950.0,2,7769,4571,1759,7496,4554,1760,4081,2458,897,3682,2121,861,0.4743011722272317,0.4632015723957196,0.48976109215017066,0.5015787675271046,1.0427166027515373,1.6704898772882721,1.0031575350542092,1.0427166027515373,1.1136599181921814,0.5128644939965694,0.6582587469487388,0.6755852842809364,100.0,100.0,5223,2222,6654,109,2,6553,0.02086923224200651,9.000900090009E-4,0.9848211602043884,0.25,0.8,0.6000000000000001,0.6000000000000001,65.0,90.0,45.0,0.5,0.4,0.6000000000000001,0.30000000000000004,60.0,50.0,70.0,1798,1540,258,1798,0.14349276974416017,1.183419185829799,1.5,0.7889461238865327,651,0.42272727272727273,1.0,1
"iteration_2","SCOPE_DATA_COLLECTION",1200,48,2950.0,3010.0,0,7747,4415,1798,7769,4571,1759,6859,3904,1527,888,502,258,0.11462501613527817,0.11393554244212438,0.14453781512605043,0.3685386851804244,0.7474771947194819,1.1830081429999941,0.7370773703608487,0.7474771947194819,0.7886720953333294,0.3133109782767167,0.40061475409836067,0.4223968565815324,100.0,100.0,5093,4404,4463,75,3,1570,0.01472609463970155,6.811989100817438E-4,0.35178131301814924,0.5,0.4,0.6000000000000001,0.30000000000000004,60.0,50.0,70.0,0.5,0.4,0.6000000000000001,0.30000000000000004,60.0,50.0,70.0,7767,7008,759,7767,0.09772112784859019,0.36572019656846444,0.5,0.7314403931369289,2262,0.3227739726027397,1.0,1
"iteration_2","SCOPE_DATA_COLLECTION",1200,48,2950.0,3010.0,1,7747,4415,1798,7769,4571,1759,6859,3904,1527,888,502,258,0.11462501613527817,0.11393554244212438,0.14453781512605043,0.3685386851804244,0.7474771947194819,1.1830081429999941,0.7370773703608487,0.7474771947194819,0.7886720953333294,0.3133109782767167,0.40061475409836067,0.4223968565815324,100.0,100.0,5093,4404,4463,75,3,1570,0.01472609463970155,6.811989100817438E-4,0.35178131301814924,0.5,0.4,0.6000000000000001,0.30000000000000004,60.0,50.0,70.0,0.5,0.4,0.6000000000000001,0.30000000000000004,60.0,50.0,70.0,4456,3997,459,4456,0.10300718132854578,0.7551957489951235,1.0,0.7551957489951235,1622,0.40580435326494874,1.0,1
"iteration_2","SCOPE_DATA_COLLECTION",1200,48,2950.0,3010.0,2,7747,4415,1798,7769,4571,1759,6859,3904,1527,888,502,258,0.11462501613527817,0.11393554244212438,0.14453781512605043,0.3685386851804244,0.7474771947194819,1.1830081429999941,0.7370773703608487,0.7474771947194819,0.7886720953333294,0.3133109782767167,0.40061475409836067,0.4223968565815324,100.0,100.0,5093,4404,4463,75,3,1570,0.01472609463970155,6.811989100817438E-4,0.35178131301814924,0.5,0.4,0.6000000000000001,0.30000000000000004,60.0,50.0,70.0,0.5,0.4,0.6000000000000001,0.30000000000000004,60.0,50.0,70.0,1768,1572,196,1768,0.11085972850678733,1.1579178808558492,1.5,0.7719452539038995,633,0.4026717557251908,1.0,1
"iteration_2","SCOPE_DATA_COLLECTION",1200,49,3010.0,3070.0,0,7767,4456,1768,7747,4415,1798,7011,4003,1571,751,448,188,0.09675341406853903,0.10065153898000449,0.106878908470722,0.36666036824930837,0.7565518779772964,1.1607607095257564,0.7333207364986167,0.7565518779772964,0.773840473017171,0.3237769219797461,0.40569572820384714,0.4048376830044558,100.0,100.0,5095,4489,4407,62,6,1319,0.012168792934249264,0.0013366005791935842,0.29929657363285683,0.5,0.4,0.6000000000000001,0.30000000000000004,60.0,50.0,70.0,0.6000000000000001,0.4,0.6000000000000001,0.4,60.0,60.0,70.0,7539,7431,108,7539,0.01432550736171906,0.31941298729121975,0.5,0.6388259745824395,2099,0.28246534786704347,1.0,1
"iteration_2","SCOPE_DATA_COLLECTION",1200,49,3010.0,3070.0,1,7767,4456,1768,7747,4415,1798,7011,4003,1571,751,448,188,0.09675341406853903,0.10065153898000449,0.106878908470722,0.36666036824930837,0.7565518779772964,1.1607607095257564,0.7333207364986167,0.7565518779772964,0.773840473017171,0.3237769219797461,0.40569572820384714,0.4048376830044558,100.0,100.0,5095,4489,4407,62,6,1319,0.012168792934249264,0.0013366005791935842,0.29929657363285683,0.5,0.4,0.6000000000000001,0.30000000000000004,60.0,50.0,70.0,0.6000000000000001,0.4,0.6000000000000001,0.4,60.0,60.0,70.0,4460,4370,90,4460,0.020179372197309416,0.6665708419750518,1.0,0.6665708419750518,1612,0.3688787185354691,1.0,1
"iteration_2","SCOPE_DATA_COLLECTION",1200,49,3010.0,3070.0,2,7767,4456,1768,7747,4415,1798,7011,4003,1571,751,448,188,0.09675341406853903,0.10065153898000449,0.106878908470722,0.36666036824930837,0.7565518779772964,1.1607607095257564,0.7333207364986167,0.7565518779772964,0.773840473017171,0.3237769219797461,0.40569572820384714,0.4048376830044558,100.0,100.0,5095,4489,4407,62,6,1319,0.012168792934249264,0.0013366005791935842,0.29929657363285683,0.5,0.4,0.6000000000000001,0.30000000000000004,60.0,50.0,70.0,0.6000000000000001,0.4,0.6000000000000001,0.4,60.0,60.0,70.0,1744,1683,61,1744,0.034977064220183485,1.09295244033273,1.5,0.72863496022182,641,0.3808674985145573,1.0,1
"iteration_2","SCOPE_DATA_COLLECTION",1200,50,3070.0,3130.0,0,7539,4460,1744,7767,4456,1768,7427,4373,1688,116,101,69,0.015378496619382209,0.022574877067501116,0.03927148548662493,0.31951426128399324,0.6673068282433502,1.0916414960958911,0.6390285225679865,0.6673068282433502,0.7277609973972607,0.2822135451730174,0.3693116853418706,0.37855450236966826,97.5,100.0,5207,5112,3424,81,9,196,0.015555982331476858,0.0017605633802816902,0.05724299065420561,0.6000000000000001,0.4,0.6000000000000001,0.4,60.0,60.0,70.0,0.7000000000000001,0.30000000000000004,0.7000000000000001,0.30000000000000004,60.0,50.0,80.0,7681,7671,10,7681,0.0013019138133055592,0.3047728067419383,0.5,0.6095456134838766,2061,0.26867422761048104,1.0,1
"iteration_2","SCOPE_DATA_COLLECTION",1200,50,3070.0,3130.0,1,7539,4460,1744,7767,4456,1768,7427,4373,1688,116,101,69,0.015378496619382209,0.022574877067501116,0.03927148548662493,0.31951426128399324,0.6673068282433502,1.0916414960958911,0.6390285225679865,0.6673068282433502,0.7277609973972607,0.2822135451730174,0.3693116853418706,0.37855450236966826,97.5,100.0,5207,5112,3424,81,9,196,0.015555982331476858,0.0017605633802816902,0.05724299065420561,0.6000000000000001,0.4,0.6000000000000001,0.4,60.0,60.0,70.0,0.7000000000000001,0.30000000000000004,0.7000000000000001,0.30000000000000004,60.0,50.0,80.0,4506,4479,27,4506,0.005992010652463382,0.654705525588597,1.0,0.654705525588597,1605,0.3583389149363697,1.0,1
"iteration_2","SCOPE_DATA_COLLECTION",1200,50,3070.0,3130.0,2,7539,4460,1744,7767,4456,1768,7427,4373,1688,116,101,69,0.015378496619382209,0.022574877067501116,0.03927148548662493,0.31951426128399324,0.6673068282433502,1.0916414960958911,0.6390285225679865,0.6673068282433502,0.7277609973972607,0.2822135451730174,0.3693116853418706,0.37855450236966826,97.5,100.0,5207,5112,3424,81,9,196,0.015555982331476858,0.0017605633802816902,0.05724299065420561,0.6000000000000001,0.4,0.6000000000000001,0.4,60.0,60.0,70.0,0.7000000000000001,0.30000000000000004,0.7000000000000001,0.30000000000000004,60.0,50.0,80.0,1811,1792,19,1811,0.010491441192711209,1.0282404374690226,1.5,0.6854936249793484,634,0.35379464285714285,1.0,1
"iteration_2","SCOPE_DATA_COLLECTION",1200,51,3130.0,3190.0,0,7681,4506,1811,7539,4460,1744,7669,4471,1795,10,27,19,0.001302252897512697,0.006002667852378835,0.010474090407938258,0.3039369160360251,0.6540342712944158,1.0310496178675927,0.6078738320720501,0.6540342712944158,0.6873664119117285,0.26744034424305646,0.35763811227913217,0.3554317548746518,100.0,100.0,5171,6228,2599,52,4,0,0.010056081995745503,6.422607578676942E-4,0.0,0.7000000000000001,0.30000000000000004,0.7000000000000001,0.30000000000000004,60.0,50.0,80.0,0.6000000000000001,0.4,0.6000000000000001,0.2,50.0,40.0,80.0,7689,7614,75,7689,0.009754194303550527,0.3187119630392487,0.5,0.6374239260784974,2123,0.27882847386393483,1.0,1
"iteration_2","SCOPE_DATA_COLLECTION",1200,51,3130.0,3190.0,1,7681,4506,1811,7539,4460,1744,7669,4471,1795,10,27,19,0.001302252897512697,0.006002667852378835,0.010474090407938258,0.3039369160360251,0.6540342712944158,1.0310496178675927,0.6078738320720501,0.6540342712944158,0.6873664119117285,0.26744034424305646,0.35763811227913217,0.3554317548746518,100.0,100.0,5171,6228,2599,52,4,0,0.010056081995745503,6.422607578676942E-4,0.0,0.7000000000000001,0.30000000000000004,0.7000000000000001,0.30000000000000004,60.0,50.0,80.0,0.6000000000000001,0.4,0.6000000000000001,0.2,50.0,40.0,80.0,4475,4426,49,4475,0.010949720670391062,0.6537947449292866,1.0,0.6537947449292866,1599,0.3612742882964302,1.0,1
"iteration_2","SCOPE_DATA_COLLECTION",1200,51,3130.0,3190.0,2,7681,4506,1811,7539,4460,1744,7669,4471,1795,10,27,19,0.001302252897512697,0.006002667852378835,0.010474090407938258,0.3039369160360251,0.6540342712944158,1.0310496178675927,0.6078738320720501,0.6540342712944158,0.6873664119117285,0.26744034424305646,0.35763811227913217,0.3554317548746518,100.0,100.0,5171,6228,2599,52,4,0,0.010056081995745503,6.422607578676942E-4,0.0,0.7000000000000001,0.30000000000000004,0.7000000000000001,0.30000000000000004,60.0,50.0,80.0,0.6000000000000001,0.4,0.6000000000000001,0.2,50.0,40.0,80.0,1709,1675,34,1709,0.01989467524868344,1.0250692054215753,1.5,0.6833794702810502,596,0.35582089552238805,1.0,1
"iteration_2","SCOPE_DATA_COLLECTION",1200,52,3190.0,3250.0,0,7689,4475,1709,7681,4506,1811,7587,4421,1682,75,49,34,0.009788566953797965,0.010961968680089485,0.019813519813519812,0.31663378515372587,0.6512530043551108,1.0277265393057808,0.6332675703074517,0.6512530043551108,0.6851510262038539,0.27692104916304205,0.3603257181633115,0.3579072532699168,97.5,100.0,5169,5198,3506,32,6,120,0.006190752563358483,0.0011542901115813775,0.034227039361095266,0.6000000000000001,0.4,0.6000000000000001,0.2,50.0,40.0,80.0,0.7000000000000001,0.5,0.6000000000000001,0.2,40.0,40.0,80.0,7672,7658,14,7672,0.0018248175182481751,0.3095847742349239,0.5,0.6191695484698478,2148,0.280490989814573,1.0,1
"iteration_2","SCOPE_DATA_COLLECTION",1200,52,3190.0,3250.0,1,7689,4475,1709,7681,4506,1811,7587,4421,1682,75,49,34,0.009788566953797965,0.010961968680089485,0.019813519813519812,0.31663378515372587,0.6512530043551108,1.0277265393057808,0.6332675703074517,0.6512530043551108,0.6851510262038539,0.27692104916304205,0.3603257181633115,0.3579072532699168,97.5,100.0,5169,5198,3506,32,6,120,0.006190752563358483,0.0011542901115813775,0.034227039361095266,0.6000000000000001,0.4,0.6000000000000001,0.2,50.0,40.0,80.0,0.7000000000000001,0.5,0.6000000000000001,0.2,40.0,40.0,80.0,4463,4446,17,4463,0.003809097019941743,0.6456467316420308,1.0,0.6456467316420308,1588,0.3571749887539361,1.0,1
"iteration_2","SCOPE_DATA_COLLECTION",1200,52,3190.0,3250.0,2,7689,4475,1709,7681,4506,1811,7587,4421,1682,75,49,34,0.009788566953797965,0.010961968680089485,0.019813519813519812,0.31663378515372587,0.6512530043551108,1.0277265393057808,0.6332675703074517,0.6512530043551108,0.6851510262038539,0.27692104916304205,0.3603257181633115,0.3579072532699168,97.5,100.0,5169,5198,3506,32,6,120,0.006190752563358483,0.0011542901115813775,0.034227039361095266,0.6000000000000001,0.4,0.6000000000000001,0.2,50.0,40.0,80.0,0.7000000000000001,0.5,0.6000000000000001,0.2,40.0,40.0,80.0,1692,1670,22,1692,0.013002364066193853,1.0378876403482065,1.5,0.6919250935654709,614,0.36766467065868264,1.0,1
"iteration_2","SCOPE_DATA_COLLECTION",1200,53,3250.0,3310.0,0,7672,4463,1692,7689,4475,1709,7674,4451,1666,14,17,22,0.0018210197710718003,0.0038048343777976725,0.013033175355450236,0.31070692252028176,0.646923247511808,1.0322432107778727,0.6214138450405635,0.646923247511808,0.6881621405185818,0.281600208496221,0.3581217703886767,0.36434573829531813,100.0,100.0,5179,6023,2625,51,2,0,0.009847460899787604,3.3206043499916984E-4,0.0,0.7000000000000001,0.5,0.6000000000000001,0.2,40.0,40.0,80.0,0.7000000000000001,0.6000000000000001,0.6000000000000001,0.1,30.0,50.0,70.0,7609,7592,17,7609,0.002234196346431857,0.3072893636382087,0.5,0.6145787272764174,2054,0.2705479452054795,1.0,1
"iteration_2","SCOPE_DATA_COLLECTION",1200,53,3250.0,3310.0,1,7672,4463,1692,7689,4475,1709,7674,4451,1666,14,17,22,0.0018210197710718003,0.0038048343777976725,0.013033175355450236,0.31070692252028176,0.646923247511808,1.0322432107778727,0.6214138450405635,0.646923247511808,0.6881621405185818,0.281600208496221,0.3581217703886767,0.36434573829531813,100.0,100.0,5179,6023,2625,51,2,0,0.009847460899787604,3.3206043499916984E-4,0.0,0.7000000000000001,0.5,0.6000000000000001,0.2,40.0,40.0,80.0,0.7000000000000001,0.6000000000000001,0.6000000000000001,0.1,30.0,50.0,70.0,4495,4477,18,4495,0.004004449388209121,0.6362627514358689,1.0,0.6362627514358689,1539,0.3437569801206165,1.0,1
"iteration_2","SCOPE_DATA_COLLECTION",1200,53,3250.0,3310.0,2,7672,4463,1692,7689,4475,1709,7674,4451,1666,14,17,22,0.0018210197710718003,0.0038048343777976725,0.013033175355450236,0.31070692252028176,0.646923247511808,1.0322432107778727,0.6214138450405635,0.646923247511808,0.6881621405185818,0.281600208496221,0.3581217703886767,0.36434573829531813,100.0,100.0,5179,6023,2625,51,2,0,0.009847460899787604,3.3206043499916984E-4,0.0,0.7000000000000001,0.5,0.6000000000000001,0.2,40.0,40.0,80.0,0.7000000000000001,0.6000000000000001,0.6000000000000001,0.1,30.0,50.0,70.0,1813,1802,11,1813,0.006067291781577496,1.0064350284422463,1.5,0.6709566856281642,645,0.3579356270810211,1.0,1
"iteration_2","SCOPE_DATA_COLLECTION",1200,54,3310.0,3370.0,0,7609,4495,1813,7672,4463,1692,7601,4472,1809,17,18,11,0.0022315568390653714,0.004008908685968819,0.006043956043956044,0.3082931976269823,0.636298283060846,1.0102599099946852,0.6165863952539646,0.636298283060846,0.6735066066631235,0.2724641494540192,0.3425760286225403,0.3598673300165838,95.0,100.0,4990,6184,2743,41,5,0,0.008216432865731463,8.085381630012937E-4,0.0,0.7000000000000001,0.6000000000000001,0.6000000000000001,0.1,30.0,50.0,70.0,0.6000000000000001,0.6000000000000001,0.7000000000000001,0.2,40.0,50.0,70.0,7779,7758,21,7779,0.002699575780948708,0.31714044572776506,0.5,0.6342808914555301,2139,0.2757153905645785,1.0,1
"iteration_2","SCOPE_DATA_COLLECTION",1200,54,3310.0,3370.0,1,7609,4495,1813,7672,4463,1692,7601,4472,1809,17,18,11,0.0022315568390653714,0.004008908685968819,0.006043956043956044,0.3082931976269823,0.636298283060846,1.0102599099946852,0.6165863952539646,0.636298283060846,0.6735066066631235,0.2724641494540192,0.3425760286225403,0.3598673300165838,95.0,100.0,4990,6184,2743,41,5,0,0.008216432865731463,8.085381630012937E-4,0.0,0.7000000000000001,0.6000000000000001,0.6000000000000001,0.1,30.0,50.0,70.0,0.6000000000000001,0.6000000000000001,0.7000000000000001,0.2,40.0,50.0,70.0,4533,4491,42,4533,0.009265387160820648,0.642137626621837,1.0,0.642137626621837,1541,0.34313070585615674,1.0,1
"iteration_2","SCOPE_DATA_COLLECTION",1200,54,3310.0,3370.0,2,7609,4495,1813,7672,4463,1692,7601,4472,1809,17,18,11,0.0022315568390653714,0.004008908685968819,0.006043956043956044,0.3082931976269823,0.636298283060846,1.0102599099946852,0.6165863952539646,0.636298283060846,0.6735066066631235,0.2724641494540192,0.3425760286225403,0.3598673300165838,95.0,100.0,4990,6184,2743,41,5,0,0.008216432865731463,8.085381630012937E-4,0.0,0.7000000000000001,0.6000000000000001,0.6000000000000001,0.1,30.0,50.0,70.0,0.6000000000000001,0.6000000000000001,0.7000000000000001,0.2,40.0,50.0,70.0,1661,1643,18,1661,0.010836845273931367,1.0596947378940533,1.5,0.7064631585960356,618,0.3761412051125989,1.0,1
"iteration_2","SCOPE_DATA_COLLECTION",1200,55,3370.0,3430.0,0,7779,4533,1661,7609,4495,1813,7761,4501,1643,21,42,18,0.0026985350809560524,0.009244992295839754,0.010836845273931367,0.316509713190665,0.6433506982682368,1.0575307357711392,0.63301942638133,0.6433506982682368,0.7050204905140928,0.2747068676716918,0.3445900910908687,0.3755325623858795,95.0,100.0,5082,5325,3566,49,4,28,0.009641873278236915,7.511737089201878E-4,0.007851934941110488,0.6000000000000001,0.6000000000000001,0.7000000000000001,0.2,40.0,50.0,70.0,0.6000000000000001,0.6000000000000001,0.7000000000000001,0.2,40.0,50.0,70.0,7708,7557,151,7708,0.019590036325895174,0.3225782625784132,0.5,0.6451565251568264,2084,0.2757708085219002,1.0,1
"iteration_2","SCOPE_DATA_COLLECTION",1200,55,3370.0,3430.0,1,7779,4533,1661,7609,4495,1813,7761,4501,1643,21,42,18,0.0026985350809560524,0.009244992295839754,0.010836845273931367,0.316509713190665,0.6433506982682368,1.0575307357711392,0.63301942638133,0.6433506982682368,0.7050204905140928,0.2747068676716918,0.3445900910908687,0.3755325623858795,95.0,100.0,5082,5325,3566,49,4,28,0.009641873278236915,7.511737089201878E-4,0.007851934941110488,0.6000000000000001,0.6000000000000001,0.7000000000000001,0.2,40.0,50.0,70.0,0.6000000000000001,0.6000000000000001,0.7000000000000001,0.2,40.0,50.0,70.0,4571,4458,113,4571,0.024721067600087507,0.6426932401870046,1.0,0.6426932401870046,1536,0.3445491251682369,1.0,1
"iteration_2","SCOPE_DATA_COLLECTION",1200,55,3370.0,3430.0,2,7779,4533,1661,7609,4495,1813,7761,4501,1643,21,42,18,0.0026985350809560524,0.009244992295839754,0.010836845273931367,0.316509713190665,0.6433506982682368,1.0575307357711392,0.63301942638133,0.6433506982682368,0.7050204905140928,0.2747068676716918,0.3445900910908687,0.3755325623858795,95.0,100.0,5082,5325,3566,49,4,28,0.009641873278236915,7.511737089201878E-4,0.007851934941110488,0.6000000000000001,0.6000000000000001,0.7000000000000001,0.2,40.0,50.0,70.0,0.6000000000000001,0.6000000000000001,0.7000000000000001,0.2,40.0,50.0,70.0,1782,1731,51,1782,0.02861952861952862,1.0478207848453813,1.5,0.6985471898969209,635,0.36683997689196995,1.0,1
"iteration_2","SCOPE_DATA_COLLECTION",1200,56,3430.0,3490.0,0,7708,4571,1782,7779,4533,1661,7568,4451,1716,151,112,51,0.01956211944552403,0.024545255314486085,0.028862478777589132,0.32421163884166443,0.6423933224370287,1.0519264508061428,0.6484232776833289,0.6423933224370287,0.7012843005374285,0.27774841437632136,0.3446416535609975,0.3682983682983683,97.5,100.0,5044,5401,3616,47,4,263,0.009318001586042823,7.406035919274209E-4,0.07273230088495575,0.6000000000000001,0.6000000000000001,0.7000000000000001,0.2,40.0,50.0,70.0,0.5,0.7000000000000001,0.6000000000000001,0.2,30.0,40.0,60.0,7616,6741,875,7616,0.11488970588235294,0.3884223176312933,0.5,0.7768446352625866,2240,0.3322949117341641,1.0,1
"iteration_2","SCOPE_DATA_COLLECTION",1200,56,3430.0,3490.0,1,7708,4571,1782,7779,4533,1661,7568,4451,1716,151,112,51,0.01956211944552403,0.024545255314486085,0.028862478777589132,0.32421163884166443,0.6423933224370287,1.0519264508061428,0.6484232776833289,0.6423933224370287,0.7012843005374285,0.27774841437632136,0.3446416535609975,0.3682983682983683,97.5,100.0,5044,5401,3616,47,4,263,0.009318001586042823,7.406035919274209E-4,0.07273230088495575,0.6000000000000001,0.6000000000000001,0.7000000000000001,0.2,40.0,50.0,70.0,0.5,0.7000000000000001,0.6000000000000001,0.2,30.0,40.0,60.0,4470,3932,538,4470,0.1203579418344519,0.7383137167945771,1.0,0.7383137167945771,1583,0.4025940996948118,1.0,1
"iteration_2","SCOPE_DATA_COLLECTION",1200,56,3430.0,3490.0,2,7708,4571,1782,7779,4533,1661,7568,4451,1716,151,112,51,0.01956211944552403,0.024545255314486085,0.028862478777589132,0.32421163884166443,0.6423933224370287,1.0519264508061428,0.6484232776833289,0.6423933224370287,0.7012843005374285,0.27774841437632136,0.3446416535609975,0.3682983682983683,97.5,100.0,5044,5401,3616,47,4,263,0.009318001586042823,7.406035919274209E-4,0.07273230088495575,0.6000000000000001,0.6000000000000001,0.7000000000000001,0.2,40.0,50.0,70.0,0.5,0.7000000000000001,0.6000000000000001,0.2,30.0,40.0,60.0,1750,1533,217,1750,0.124,1.1392656708924345,1.5,0.759510447261623,629,0.41030658838878015,1.0,1
"iteration_2","SCOPE_DATA_COLLECTION",1200,57,3490.0,3550.0,0,7616,4470,1750,7708,4571,1782,6728,3929,1539,875,539,217,0.1150861502038669,0.12063563115487914,0.12357630979498861,0.38642463752393674,0.7353112560420618,1.134809917136903,0.7728492750478735,0.7353112560420618,0.7565399447579354,0.32981569560047563,0.40111987783150926,0.4080571799870045,100.0,100.0,5057,4309,4470,46,4,1581,0.009096302155428119,9.282896263634254E-4,0.35369127516778526,0.5,0.7000000000000001,0.6000000000000001,0.2,30.0,40.0,60.0,0.5,0.7000000000000001,0.5,0.1,30.0,40.0,70.0,7684,6772,912,7684,0.11868818323789693,0.3615274251685002,0.5,0.7230548503370005,2166,0.3198464264619019,1.0,1
"iteration_2","SCOPE_DATA_COLLECTION",1200,57,3490.0,3550.0,1,7616,4470,1750,7708,4571,1782,6728,3929,1539,875,539,217,0.1150861502038669,0.12063563115487914,0.12357630979498861,0.38642463752393674,0.7353112560420618,1.134809917136903,0.7728492750478735,0.7353112560420618,0.7565399447579354,0.32981569560047563,0.40111987783150926,0.4080571799870045,100.0,100.0,5057,4309,4470,46,4,1581,0.009096302155428119,9.282896263634254E-4,0.35369127516778526,0.5,0.7000000000000001,0.6000000000000001,0.2,30.0,40.0,60.0,0.5,0.7000000000000001,0.5,0.1,30.0,40.0,70.0,4534,3988,546,4534,0.12042346713718571,0.7474948191786851,1.0,0.7474948191786851,1638,0.4107321965897693,1.0,1
"iteration_2","SCOPE_DATA_COLLECTION",1200,57,3490.0,3550.0,2,7616,4470,1750,7708,4571,1782,6728,3929,1539,875,539,217,0.1150861502038669,0.12063563115487914,0.12357630979498861,0.38642463752393674,0.7353112560420618,1.134809917136903,0.7728492750478735,0.7353112560420618,0.7565399447579354,0.32981569560047563,0.40111987783150926,0.4080571799870045,100.0,100.0,5057,4309,4470,46,4,1581,0.009096302155428119,9.282896263634254E-4,0.35369127516778526,0.5,0.7000000000000001,0.6000000000000001,0.2,30.0,40.0,60.0,0.5,0.7000000000000001,0.5,0.1,30.0,40.0,70.0,1759,1543,216,1759,0.12279704377487209,1.1243278304385569,1.5,0.749551886959038,620,0.4018146467919637,1.0,1
"iteration_2","SCOPE_DATA_COLLECTION",1200,58,3550.0,3618.589935957986,0,7684,4534,1759,7616,4470,1750,6772,3992,1546,912,546,216,0.11868818323789693,0.12031732040546496,0.12258796821793416,0.3621691001544138,0.7490926526904886,1.1287887075563603,0.7243382003088276,0.7490926526904886,0.7525258050375735,0.3201417601890136,0.4115731462925852,0.40426908150064683,100.0,100.0,5035,4451,4491,35,5,1634,0.006951340615690168,0.0011233430689732643,0.36383878868848807,0.5,0.7000000000000001,0.5,0.1,30.0,40.0,70.0,0.2,0.1,0.9,0.1,90.0,90.0,60.0,6304,3130,3141,6271,0.5008770531015787,0.4528132519334867,0.5,0.9056265038669734,1434,0.45814696485623,0.9947652284263959,0
"iteration_2","SCOPE_DATA_COLLECTION",1200,58,3550.0,3618.589935957986,1,7684,4534,1759,7616,4470,1750,6772,3992,1546,912,546,216,0.11868818323789693,0.12031732040546496,0.12258796821793416,0.3621691001544138,0.7490926526904886,1.1287887075563603,0.7243382003088276,0.7490926526904886,0.7525258050375735,0.3201417601890136,0.4115731462925852,0.40426908150064683,100.0,100.0,5035,4451,4491,35,5,1634,0.006951340615690168,0.0011233430689732643,0.36383878868848807,0.5,0.7000000000000001,0.5,0.1,30.0,40.0,70.0,0.2,0.1,0.9,0.1,90.0,90.0,60.0,3854,1909,1897,3806,0.49842354177614295,1.0652550427463992,1.0,1.0652550427463992,1314,0.6883184913567313,0.9875454073689673,0
"iteration_2","SCOPE_DATA_COLLECTION",1200,58,3550.0,3618.589935957986,2,7684,4534,1759,7616,4470,1750,6772,3992,1546,912,546,216,0.11868818323789693,0.12031732040546496,0.12258796821793416,0.3621691001544138,0.7490926526904886,1.1287887075563603,0.7243382003088276,0.7490926526904886,0.7525258050375735,0.3201417601890136,0.4115731462925852,0.40426908150064683,100.0,100.0,5035,4451,4491,35,5,1634,0.006951340615690168,0.0011233430689732643,0.36383878868848807,0.5,0.7000000000000001,0.5,0.1,30.0,40.0,70.0,0.2,0.1,0.9,0.1,90.0,90.0,60.0,1474,702,750,1452,0.5165289256198347,1.7043842225607815,1.5,1.1362561483738542,510,0.7264957264957265,0.9850746268656716,0
"iteration_2","SCOPE_DATA_COLLECTION",1300,0,70.0,130.0,0,7544,4744,1659,0,0,0,7333,4561,1570,166,130,61,0.022136284837978398,0.02771264122788318,0.03740036787247088,0.3139954707317627,0.6513478968842361,1.0262496398366117,0.6279909414635254,0.6513478968842361,0.6841664265577411,0.26455747988544936,0.34707301030475773,0.3471337579617834,100.0,100.0,5140,5310,3497,87,5,265,0.016926070038910505,9.416195856873823E-4,0.07577923934801258,0.6,0.5,0.7,0.4,85.0,80.0,90.0,0.7000000000000001,0.7000000000000001,0.1,0.6000000000000001,70.0,90.0,95.0,8320,8305,15,8320,0.0018028846153846155,0.2943583320391518,0.5,0.5887166640783036,2146,0.2583985550872968,1.0,1
"iteration_2","SCOPE_DATA_COLLECTION",1300,0,70.0,130.0,1,7544,4744,1659,0,0,0,7333,4561,1570,166,130,61,0.022136284837978398,0.02771264122788318,0.03740036787247088,0.3139954707317627,0.6513478968842361,1.0262496398366117,0.6279909414635254,0.6513478968842361,0.6841664265577411,0.26455747988544936,0.34707301030475773,0.3471337579617834,100.0,100.0,5140,5310,3497,87,5,265,0.016926070038910505,9.416195856873823E-4,0.07577923934801258,0.6,0.5,0.7,0.4,85.0,80.0,90.0,0.7000000000000001,0.7000000000000001,0.1,0.6000000000000001,70.0,90.0,95.0,5131,5126,5,5131,9.744689144416293E-4,0.55038573260128,1.0,0.55038573260128,1544,0.30120952009364027,1.0,1
"iteration_2","SCOPE_DATA_COLLECTION",1300,0,70.0,130.0,2,7544,4744,1659,0,0,0,7333,4561,1570,166,130,61,0.022136284837978398,0.02771264122788318,0.03740036787247088,0.3139954707317627,0.6513478968842361,1.0262496398366117,0.6279909414635254,0.6513478968842361,0.6841664265577411,0.26455747988544936,0.34707301030475773,0.3471337579617834,100.0,100.0,5140,5310,3497,87,5,265,0.016926070038910505,9.416195856873823E-4,0.07577923934801258,0.6,0.5,0.7,0.4,85.0,80.0,90.0,0.7000000000000001,0.7000000000000001,0.1,0.6000000000000001,70.0,90.0,95.0,1902,1871,31,1902,0.01629863301787592,0.9897875953798753,1.5,0.6598583969199169,624,0.33351149118118656,1.0,1
"iteration_2","SCOPE_DATA_COLLECTION",1300,1,130.0,190.0,0,8320,5131,1902,7544,4744,1659,8307,5130,1873,15,5,31,0.001802451333813987,9.737098344693282E-4,0.016281512605042018,0.2943771751766755,0.552233435203498,0.9916094000795213,0.588754350353351,0.552233435203498,0.6610729333863475,0.2583363428433851,0.30155945419103314,0.33475707421249334,100.0,100.0,5132,7166,3055,44,7,0,0.00857365549493375,9.768350544236673E-4,0.0,0.7000000000000001,0.7000000000000001,0.1,0.6000000000000001,70.0,90.0,95.0,0.7000000000000001,0.7000000000000001,0.1,0.6000000000000001,70.0,90.0,95.0,8120,8106,14,8120,0.0017241379310344827,0.29333080015090873,0.5,0.5866616003018175,2069,0.2552430298544288,1.0,1
"iteration_2","SCOPE_DATA_COLLECTION",1300,1,130.0,190.0,1,8320,5131,1902,7544,4744,1659,8307,5130,1873,15,5,31,0.001802451333813987,9.737098344693282E-4,0.016281512605042018,0.2943771751766755,0.552233435203498,0.9916094000795213,0.588754350353351,0.552233435203498,0.6610729333863475,0.2583363428433851,0.30155945419103314,0.33475707421249334,100.0,100.0,5132,7166,3055,44,7,0,0.00857365549493375,9.768350544236673E-4,0.0,0.7000000000000001,0.7000000000000001,0.1,0.6000000000000001,70.0,90.0,95.0,0.7000000000000001,0.7000000000000001,0.1,0.6000000000000001,70.0,90.0,95.0,5080,5067,13,5080,0.002559055118110236,0.5636838071753048,1.0,0.5636838071753048,1625,0.3207025853562266,1.0,1
"iteration_2","SCOPE_DATA_COLLECTION",1300,1,130.0,190.0,2,8320,5131,1902,7544,4744,1659,8307,5130,1873,15,5,31,0.001802451333813987,9.737098344693282E-4,0.016281512605042018,0.2943771751766755,0.552233435203498,0.9916094000795213,0.588754350353351,0.552233435203498,0.6610729333863475,0.2583363428433851,0.30155945419103314,0.33475707421249334,100.0,100.0,5132,7166,3055,44,7,0,0.00857365549493375,9.768350544236673E-4,0.0,0.7000000000000001,0.7000000000000001,0.1,0.6000000000000001,70.0,90.0,95.0,0.7000000000000001,0.7000000000000001,0.1,0.6000000000000001,70.0,90.0,95.0,1836,1817,19,1836,0.010348583877995643,1.0129056841347193,1.5,0.6752704560898128,624,0.3434232250963126,1.0,1
"iteration_2","SCOPE_DATA_COLLECTION",1300,2,190.0,250.0,0,8120,5080,1836,8320,5131,1902,8118,5070,1817,14,13,19,0.001721593703885883,0.0025575447570332483,0.010348583877995643,0.29313939871578365,0.5639304682606145,1.0126050271528482,0.5862787974315673,0.5639304682606145,0.6750700181018988,0.25548164572554816,0.32051282051282054,0.3434232250963126,100.0,100.0,5079,6967,2990,37,9,0,0.007284898602087025,0.001291804219893785,0.0,0.7000000000000001,0.7000000000000001,0.1,0.6000000000000001,70.0,90.0,95.0,0.7000000000000001,0.7000000000000001,0.1,0.6000000000000001,70.0,90.0,95.0,8339,8284,55,8339,0.006595515049766159,0.311163584890193,0.5,0.622327169780386,2244,0.2708836310960889,1.0,1
"iteration_2","SCOPE_DATA_COLLECTION",1300,2,190.0,250.0,1,8120,5080,1836,8320,5131,1902,8118,5070,1817,14,13,19,0.001721593703885883,0.0025575447570332483,0.010348583877995643,0.29313939871578365,0.5639304682606145,1.0126050271528482,0.5862787974315673,0.5639304682606145,0.6750700181018988,0.25548164572554816,0.32051282051282054,0.3434232250963126,100.0,100.0,5079,6967,2990,37,9,0,0.007284898602087025,0.001291804219893785,0.0,0.7000000000000001,0.7000000000000001,0.1,0.6000000000000001,70.0,90.0,95.0,0.7000000000000001,0.7000000000000001,0.1,0.6000000000000001,70.0,90.0,95.0,5180,5154,26,5180,0.005019305019305019,0.5729769389507929,1.0,0.5729769389507929,1635,0.3172293364377183,1.0,1
"iteration_2","SCOPE_DATA_COLLECTION",1300,2,190.0,250.0,2,8120,5080,1836,8320,5131,1902,8118,5070,1817,14,13,19,0.001721593703885883,0.0025575447570332483,0.010348583877995643,0.29313939871578365,0.5639304682606145,1.0126050271528482,0.5862787974315673,0.5639304682606145,0.6750700181018988,0.25548164572554816,0.32051282051282054,0.3434232250963126,100.0,100.0,5079,6967,2990,37,9,0,0.007284898602087025,0.001291804219893785,0.0,0.7000000000000001,0.7000000000000001,0.1,0.6000000000000001,70.0,90.0,95.0,0.7000000000000001,0.7000000000000001,0.1,0.6000000000000001,70.0,90.0,95.0,1867,1838,29,1867,0.015532940546331012,0.9921518888005617,1.5,0.6614345925337078,601,0.32698585418933623,1.0,1
"iteration_2","SCOPE_DATA_COLLECTION",1300,3,250.0,310.0,0,8339,5180,1867,8120,5080,1836,8271,5138,1842,55,26,29,0.006605813115541676,0.005034856700232378,0.01549973276322822,0.31100632648391535,0.5706411522208569,0.9963132090116003,0.6220126529678307,0.5706411522208569,0.6642088060077335,0.2699794462580099,0.31529778123783575,0.3289902280130293,97.5,100.0,5259,7075,3052,45,7,58,0.008556759840273816,9.89399293286219E-4,0.019003931847968544,0.7000000000000001,0.7000000000000001,0.1,0.6000000000000001,70.0,90.0,95.0,0.8,0.8,0.2,0.5,70.0,95.0,95.0,8253,8237,16,8253,0.001938688961589725,0.32344907990810445,0.5,0.6468981598162089,2339,0.28396260774553844,1.0,1
"iteration_2","SCOPE_DATA_COLLECTION",1300,3,250.0,310.0,1,8339,5180,1867,8120,5080,1836,8271,5138,1842,55,26,29,0.006605813115541676,0.005034856700232378,0.01549973276322822,0.31100632648391535,0.5706411522208569,0.9963132090116003,0.6220126529678307,0.5706411522208569,0.6642088060077335,0.2699794462580099,0.31529778123783575,0.3289902280130293,97.5,100.0,5259,7075,3052,45,7,58,0.008556759840273816,9.89399293286219E-4,0.019003931847968544,0.7000000000000001,0.7000000000000001,0.1,0.6000000000000001,70.0,90.0,95.0,0.8,0.8,0.2,0.5,70.0,95.0,95.0,5006,4988,18,5006,0.003595685177786656,0.5886958416584277,1.0,0.5886958416584277,1600,0.32076984763432237,1.0,1
"iteration_2","SCOPE_DATA_COLLECTION",1300,3,250.0,310.0,2,8339,5180,1867,8120,5080,1836,8271,5138,1842,55,26,29,0.006605813115541676,0.005034856700232378,0.01549973276322822,0.31100632648391535,0.5706411522208569,0.9963132090116003,0.6220126529678307,0.5706411522208569,0.6642088060077335,0.2699794462580099,0.31529778123783575,0.3289902280130293,97.5,100.0,5259,7075,3052,45,7,58,0.008556759840273816,9.89399293286219E-4,0.019003931847968544,0.7000000000000001,0.7000000000000001,0.1,0.6000000000000001,70.0,90.0,95.0,0.8,0.8,0.2,0.5,70.0,95.0,95.0,1881,1842,39,1881,0.02073365231259968,0.9858486877834561,1.5,0.657232458522304,602,0.3268186753528773,1.0,1
"iteration_2","SCOPE_DATA_COLLECTION",1300,4,310.0,370.0,0,8253,5006,1881,8339,5180,1867,8236,5001,1834,16,18,39,0.0019389238972370335,0.0035863717872086074,0.020822210357714897,0.32324381521852336,0.5895113048847671,0.98493763200841,0.6464876304370467,0.5895113048847671,0.6566250880056067,0.28423992229237494,0.3217356528694261,0.3260632497273719,97.5,100.0,5296,7889,1955,63,10,0,0.011895770392749245,0.0012675877804537963,0.0,0.8,0.8,0.2,0.5,70.0,95.0,95.0,0.25,0.1,0.7000000000000001,0.8,40.0,70.0,95.0,8238,4297,3941,8238,0.4783928137897548,0.4375182196186329,0.5,0.8750364392372658,1900,0.44216895508494297,1.0,1
"iteration_2","SCOPE_DATA_COLLECTION",1300,4,310.0,370.0,1,8253,5006,1881,8339,5180,1867,8236,5001,1834,16,18,39,0.0019389238972370335,0.0035863717872086074,0.020822210357714897,0.32324381521852336,0.5895113048847671,0.98493763200841,0.6464876304370467,0.5895113048847671,0.6566250880056067,0.28423992229237494,0.3217356528694261,0.3260632497273719,97.5,100.0,5296,7889,1955,63,10,0,0.011895770392749245,0.0012675877804537963,0.0,0.8,0.8,0.2,0.5,70.0,95.0,95.0,0.25,0.1,0.7000000000000001,0.8,40.0,70.0,95.0,5198,2686,2512,5198,0.48326279338207,1.0362561709626517,1.0,1.0362561709626517,1777,0.6615785554728221,1.0,1
"iteration_2","SCOPE_DATA_COLLECTION",1300,4,310.0,370.0,2,8253,5006,1881,8339,5180,1867,8236,5001,1834,16,18,39,0.0019389238972370335,0.0035863717872086074,0.020822210357714897,0.32324381521852336,0.5895113048847671,0.98493763200841,0.6464876304370467,0.5895113048847671,0.6566250880056067,0.28423992229237494,0.3217356528694261,0.3260632497273719,97.5,100.0,5296,7889,1955,63,10,0,0.011895770392749245,0.0012675877804537963,0.0,0.8,0.8,0.2,0.5,70.0,95.0,95.0,0.25,0.1,0.7000000000000001,0.8,40.0,70.0,95.0,1855,909,946,1855,0.5099730458221025,1.676896890843878,1.5,1.1179312605625853,618,0.6798679867986799,1.0,1
"iteration_2","SCOPE_DATA_COLLECTION",1300,5,370.0,430.0,0,8238,5198,1855,8253,5006,1881,4318,2690,914,3941,2511,946,0.47717641360939583,0.48279177081330515,0.5086021505376344,0.4389794878166444,1.0338147896860015,1.6628183236009138,0.8779589756332888,1.0338147896860015,1.1085455490672758,0.4434923575729504,0.6620817843866171,0.6728665207877462,97.5,100.0,5486,2443,7362,96,2,7300,0.017499088589135983,8.186655751125665E-4,0.9915783754414561,0.25,0.1,0.7000000000000001,0.8,40.0,70.0,95.0,0.35000000000000003,0.2,0.6000000000000001,0.8,30.0,80.0,85.0,8401,5016,3385,8401,0.4029282228306154,0.4130513770904019,0.5,0.8261027541808038,2133,0.42523923444976075,1.0,1
"iteration_2","SCOPE_DATA_COLLECTION",1300,5,370.0,430.0,1,8238,5198,1855,8253,5006,1881,4318,2690,914,3941,2511,946,0.47717641360939583,0.48279177081330515,0.5086021505376344,0.4389794878166444,1.0338147896860015,1.6628183236009138,0.8779589756332888,1.0338147896860015,1.1085455490672758,0.4434923575729504,0.6620817843866171,0.6728665207877462,97.5,100.0,5486,2443,7362,96,2,7300,0.017499088589135983,8.186655751125665E-4,0.9915783754414561,0.25,0.1,0.7000000000000001,0.8,40.0,70.0,95.0,0.35000000000000003,0.2,0.6000000000000001,0.8,30.0,80.0,85.0,5104,2960,2144,5104,0.4200626959247649,0.9185202507818583,1.0,0.9185202507818583,1658,0.5601351351351351,1.0,1
"iteration_2","SCOPE_DATA_COLLECTION",1300,5,370.0,430.0,2,8238,5198,1855,8253,5006,1881,4318,2690,914,3941,2511,946,0.47717641360939583,0.48279177081330515,0.5086021505376344,0.4389794878166444,1.0338147896860015,1.6628183236009138,0.8779589756332888,1.0338147896860015,1.1085455490672758,0.4434923575729504,0.6620817843866171,0.6728665207877462,97.5,100.0,5486,2443,7362,96,2,7300,0.017499088589135983,8.186655751125665E-4,0.9915783754414561,0.25,0.1,0.7000000000000001,0.8,40.0,70.0,95.0,0.35000000000000003,0.2,0.6000000000000001,0.8,30.0,80.0,85.0,1858,1064,794,1858,0.42734122712594186,1.5174775565260568,1.5,1.0116517043507045,636,0.5977443609022557,1.0,1
"iteration_2","SCOPE_DATA_COLLECTION",1300,6,430.0,490.0,0,8401,5104,1858,8238,5198,1855,5012,2945,1062,3385,2145,794,0.4031201619626057,0.4214145383104126,0.42780172413793105,0.4129859448753871,0.9140180998301435,1.5143434018732016,0.8259718897507742,0.9140180998301435,1.0095622679154677,0.42537909018355946,0.5582342954159593,0.5969868173258004,100.0,100.0,5438,3405,6520,105,3,6216,0.01930856932695844,8.81057268722467E-4,0.9533742331288344,0.35000000000000003,0.2,0.6000000000000001,0.8,30.0,80.0,85.0,0.15000000000000002,0.6000000000000001,0.9,0.6000000000000001,90.0,85.0,55.0,8353,3699,4654,8353,0.5571650903866874,0.557067364996475,0.5,1.11413472999295,2214,0.5985401459854015,1.0,1
"iteration_2","SCOPE_DATA_COLLECTION",1300,6,430.0,490.0,1,8401,5104,1858,8238,5198,1855,5012,2945,1062,3385,2145,794,0.4031201619626057,0.4214145383104126,0.42780172413793105,0.4129859448753871,0.9140180998301435,1.5143434018732016,0.8259718897507742,0.9140180998301435,1.0095622679154677,0.42537909018355946,0.5582342954159593,0.5969868173258004,100.0,100.0,5438,3405,6520,105,3,6216,0.01930856932695844,8.81057268722467E-4,0.9533742331288344,0.35000000000000003,0.2,0.6000000000000001,0.8,30.0,80.0,85.0,0.15000000000000002,0.6000000000000001,0.9,0.6000000000000001,90.0,85.0,55.0,5142,2295,2847,5142,0.5536756126021003,1.1682852712845722,1.0,1.1682852712845722,1722,0.7503267973856209,1.0,1
"iteration_2","SCOPE_DATA_COLLECTION",1300,6,430.0,490.0,2,8401,5104,1858,8238,5198,1855,5012,2945,1062,3385,2145,794,0.4031201619626057,0.4214145383104126,0.42780172413793105,0.4129859448753871,0.9140180998301435,1.5143434018732016,0.8259718897507742,0.9140180998301435,1.0095622679154677,0.42537909018355946,0.5582342954159593,0.5969868173258004,100.0,100.0,5438,3405,6520,105,3,6216,0.01930856932695844,8.81057268722467E-4,0.9533742331288344,0.35000000000000003,0.2,0.6000000000000001,0.8,30.0,80.0,85.0,0.15000000000000002,0.6000000000000001,0.9,0.6000000000000001,90.0,85.0,55.0,1791,738,1053,1791,0.5879396984924623,1.9179376165096857,1.5,1.2786250776731238,594,0.8048780487804879,1.0,1
"iteration_2","SCOPE_DATA_COLLECTION",1300,7,490.0,550.0,0,8353,5142,1791,8401,5104,1858,3689,2300,737,4654,2847,1053,0.5578329138199688,0.553137750145716,0.588268156424581,0.5547738979226051,1.1689272030730589,1.917512099812323,1.1095477958452102,1.1689272030730589,1.278341399874882,0.5952832746001626,0.7491304347826087,0.8046132971506106,97.5,100.0,5354,1469,8463,90,1,8463,0.016809861785580874,6.807351940095302E-4,1.0,0.15000000000000002,0.6000000000000001,0.9,0.6000000000000001,90.0,85.0,55.0,0.05,0.5,0.9,0.5,80.0,95.0,65.0,8361,3215,5146,8361,0.6154766176294701,0.6245162562181978,0.5,1.2490325124363957,2198,0.6836702954898911,1.0,1
"iteration_2","SCOPE_DATA_COLLECTION",1300,7,490.0,550.0,1,8353,5142,1791,8401,5104,1858,3689,2300,737,4654,2847,1053,0.5578329138199688,0.553137750145716,0.588268156424581,0.5547738979226051,1.1689272030730589,1.917512099812323,1.1095477958452102,1.1689272030730589,1.278341399874882,0.5952832746001626,0.7491304347826087,0.8046132971506106,97.5,100.0,5354,1469,8463,90,1,8463,0.016809861785580874,6.807351940095302E-4,1.0,0.15000000000000002,0.6000000000000001,0.9,0.6000000000000001,90.0,85.0,55.0,0.05,0.5,0.9,0.5,80.0,95.0,65.0,5139,1920,3219,5139,0.6263864565090485,1.3114626537323162,1.0,1.3114626537323162,1659,0.8640625,1.0,1
"iteration_2","SCOPE_DATA_COLLECTION",1300,7,490.0,550.0,2,8353,5142,1791,8401,5104,1858,3689,2300,737,4654,2847,1053,0.5578329138199688,0.553137750145716,0.588268156424581,0.5547738979226051,1.1689272030730589,1.917512099812323,1.1095477958452102,1.1689272030730589,1.278341399874882,0.5952832746001626,0.7491304347826087,0.8046132971506106,97.5,100.0,5354,1469,8463,90,1,8463,0.016809861785580874,6.807351940095302E-4,1.0,0.15000000000000002,0.6000000000000001,0.9,0.6000000000000001,90.0,85.0,55.0,0.05,0.5,0.9,0.5,80.0,95.0,65.0,1809,653,1156,1809,0.6390270867882808,2.1297053243263893,1.5,1.4198035495509262,596,0.9127105666156202,1.0,1
"iteration_2","SCOPE_DATA_COLLECTION",1300,8,550.0,610.0,0,8361,5139,1809,8353,5142,1791,3222,1939,655,5146,3219,1156,0.614961759082218,0.6240791004265219,0.6383213694091662,0.6247841573274135,1.312280999699907,2.1260531903556203,1.249568314654827,1.312280999699907,1.4173687935704136,0.6852886405959032,0.8638473439917483,0.9114503816793893,100.0,100.0,5357,511,9441,79,1,9441,0.014747059921597909,0.0019569471624266144,1.0,0.05,0.5,0.9,0.5,80.0,95.0,65.0,0.45,0.6000000000000001,0.2,0.7000000000000001,85.0,25.0,55.0,8263,6001,2262,8263,0.273750453830328,0.4295890060168502,0.5,0.8591780120337004,2361,0.39343442759540076,1.0,1
"iteration_2","SCOPE_DATA_COLLECTION",1300,8,550.0,610.0,1,8361,5139,1809,8353,5142,1791,3222,1939,655,5146,3219,1156,0.614961759082218,0.6240791004265219,0.6383213694091662,0.6247841573274135,1.312280999699907,2.1260531903556203,1.249568314654827,1.312280999699907,1.4173687935704136,0.6852886405959032,0.8638473439917483,0.9114503816793893,100.0,100.0,5357,511,9441,79,1,9441,0.014747059921597909,0.0019569471624266144,1.0,0.05,0.5,0.9,0.5,80.0,95.0,65.0,0.45,0.6000000000000001,0.2,0.7000000000000001,85.0,25.0,55.0,4983,3610,1373,4983,0.2755368252056994,0.7888092993436074,1.0,0.7888092993436074,1683,0.4662049861495845,1.0,1
"iteration_2","SCOPE_DATA_COLLECTION",1300,8,550.0,610.0,2,8361,5139,1809,8353,5142,1791,3222,1939,655,5146,3219,1156,0.614961759082218,0.6240791004265219,0.6383213694091662,0.6247841573274135,1.312280999699907,2.1260531903556203,1.249568314654827,1.312280999699907,1.4173687935704136,0.6852886405959032,0.8638473439917483,0.9114503816793893,100.0,100.0,5357,511,9441,79,1,9441,0.014747059921597909,0.0019569471624266144,1.0,0.05,0.5,0.9,0.5,80.0,95.0,65.0,0.45,0.6000000000000001,0.2,0.7000000000000001,85.0,25.0,55.0,1890,1319,571,1890,0.3021164021164021,1.3221254945753353,1.5,0.8814169963835569,639,0.4844579226686884,1.0,1
"iteration_2","SCOPE_DATA_COLLECTION",1300,9,610.0,670.0,0,8263,4983,1890,8361,5139,1809,5951,3586,1312,2262,1373,571,0.2754170217947157,0.27687033676144385,0.3032395114179501,0.41249218034083573,0.7704819691993338,1.3042975826105747,0.8249843606816715,0.7704819691993338,0.8695317217403832,0.3900184842883549,0.4637479085331846,0.48246951219512196,95.0,100.0,5231,4396,5509,81,2,4123,0.015484610973045307,4.5495905368516835E-4,0.7484116899618806,0.45,0.6000000000000001,0.2,0.7000000000000001,85.0,25.0,55.0,0.45,0.6000000000000001,0.2,0.7000000000000001,85.0,25.0,55.0,8156,6062,2094,8156,0.2567435017165277,0.41964910163050917,0.5,0.8392982032610183,2211,0.3647311118442758,1.0,1
"iteration_2","SCOPE_DATA_COLLECTION",1300,9,610.0,670.0,1,8263,4983,1890,8361,5139,1809,5951,3586,1312,2262,1373,571,0.2754170217947157,0.27687033676144385,0.3032395114179501,0.41249218034083573,0.7704819691993338,1.3042975826105747,0.8249843606816715,0.7704819691993338,0.8695317217403832,0.3900184842883549,0.4637479085331846,0.48246951219512196,95.0,100.0,5231,4396,5509,81,2,4123,0.015484610973045307,4.5495905368516835E-4,0.7484116899618806,0.45,0.6000000000000001,0.2,0.7000000000000001,85.0,25.0,55.0,0.45,0.6000000000000001,0.2,0.7000000000000001,85.0,25.0,55.0,5161,3891,1270,5161,0.24607634179422594,0.7719019416040982,1.0,0.7719019416040982,1762,0.45283988691852994,1.0,1
"iteration_2","SCOPE_DATA_COLLECTION",1300,9,610.0,670.0,2,8263,4983,1890,8361,5139,1809,5951,3586,1312,2262,1373,571,0.2754170217947157,0.27687033676144385,0.3032395114179501,0.41249218034083573,0.7704819691993338,1.3042975826105747,0.8249843606816715,0.7704819691993338,0.8695317217403832,0.3900184842883549,0.4637479085331846,0.48246951219512196,95.0,100.0,5231,4396,5509,81,2,4123,0.015484610973045307,4.5495905368516835E-4,0.7484116899618806,0.45,0.6000000000000001,0.2,0.7000000000000001,85.0,25.0,55.0,0.45,0.6000000000000001,0.2,0.7000000000000001,85.0,25.0,55.0,1819,1282,537,1819,0.2952171522814733,1.2539303416858456,1.5,0.8359535611238971,584,0.45553822152886114,1.0,1
"iteration_2","SCOPE_DATA_COLLECTION",1300,10,670.0,730.0,0,8156,5161,1819,8263,4983,1890,6104,3889,1280,2094,1270,537,0.25542815320809953,0.24617173870905215,0.2955421023665383,0.4368928239208475,0.7881071289764122,1.280995704479356,0.873785647841695,0.7881071289764122,0.8539971363195707,0.36795543905635647,0.456415530984829,0.46328125,100.0,100.0,5224,4456,5456,47,0,3854,0.008996937212863706,0.0,0.7063782991202346,0.45,0.6000000000000001,0.2,0.7000000000000001,85.0,25.0,55.0,0.45,0.6000000000000001,0.2,0.7000000000000001,85.0,25.0,55.0,8219,5887,2332,8219,0.28373281421097457,0.4089382041828167,0.5,0.8178764083656334,2252,0.38253779514183794,1.0,1
"iteration_2","SCOPE_DATA_COLLECTION",1300,10,670.0,730.0,1,8156,5161,1819,8263,4983,1890,6104,3889,1280,2094,1270,537,0.25542815320809953,0.24617173870905215,0.2955421023665383,0.4368928239208475,0.7881071289764122,1.280995704479356,0.873785647841695,0.7881071289764122,0.8539971363195707,0.36795543905635647,0.456415530984829,0.46328125,100.0,100.0,5224,4456,5456,47,0,3854,0.008996937212863706,0.0,0.7063782991202346,0.45,0.6000000000000001,0.2,0.7000000000000001,85.0,25.0,55.0,0.45,0.6000000000000001,0.2,0.7000000000000001,85.0,25.0,55.0,5112,3597,1515,5112,0.2963615023474178,0.7766233164933715,1.0,0.7766233164933715,1679,0.4667778704475952,1.0,1
"iteration_2","SCOPE_DATA_COLLECTION",1300,10,670.0,730.0,2,8156,5161,1819,8263,4983,1890,6104,3889,1280,2094,1270,537,0.25542815320809953,0.24617173870905215,0.2955421023665383,0.4368928239208475,0.7881071289764122,1.280995704479356,0.873785647841695,0.7881071289764122,0.8539971363195707,0.36795543905635647,0.456415530984829,0.46328125,100.0,100.0,5224,4456,5456,47,0,3854,0.008996937212863706,0.0,0.7063782991202346,0.45,0.6000000000000001,0.2,0.7000000000000001,85.0,25.0,55.0,0.45,0.6000000000000001,0.2,0.7000000000000001,85.0,25.0,55.0,1821,1248,573,1821,0.31466227347611203,1.3314499341504242,1.5,0.8876332894336162,630,0.5048076923076923,1.0,1
"iteration_2","SCOPE_DATA_COLLECTION",1300,11,730.0,790.0,0,8219,5112,1821,8156,5161,1819,5905,3627,1254,2332,1515,573,0.2831127837805026,0.29463243873978995,0.3136288998357964,0.40980697081067735,0.7802579185263643,1.322688129965498,0.8196139416213547,0.7802579185263643,0.8817920866436654,0.3840812870448772,0.4670526606010477,0.49760765550239233,100.0,100.0,5176,4460,5516,61,3,4356,0.01178516228748068,6.726457399103139E-4,0.7897026831036983,0.45,0.6000000000000001,0.2,0.7000000000000001,85.0,25.0,55.0,0.35000000000000003,0.5,0.1,0.7000000000000001,75.0,20.0,55.0,8376,4883,3493,8376,0.4170248328557784,0.4521889928770437,0.5,0.9043779857540875,2199,0.45033790702437027,1.0,1
"iteration_2","SCOPE_DATA_COLLECTION",1300,11,730.0,790.0,1,8219,5112,1821,8156,5161,1819,5905,3627,1254,2332,1515,573,0.2831127837805026,0.29463243873978995,0.3136288998357964,0.40980697081067735,0.7802579185263643,1.322688129965498,0.8196139416213547,0.7802579185263643,0.8817920866436654,0.3840812870448772,0.4670526606010477,0.49760765550239233,100.0,100.0,5176,4460,5516,61,3,4356,0.01178516228748068,6.726457399103139E-4,0.7897026831036983,0.45,0.6000000000000001,0.2,0.7000000000000001,85.0,25.0,55.0,0.35000000000000003,0.5,0.1,0.7000000000000001,75.0,20.0,55.0,5091,2968,2123,5091,0.41701041052838345,0.8495541499560751,1.0,0.8495541499560751,1664,0.5606469002695418,1.0,1
"iteration_2","SCOPE_DATA_COLLECTION",1300,11,730.0,790.0,2,8219,5112,1821,8156,5161,1819,5905,3627,1254,2332,1515,573,0.2831127837805026,0.29463243873978995,0.3136288998357964,0.40980697081067735,0.7802579185263643,1.322688129965498,0.8196139416213547,0.7802579185263643,0.8817920866436654,0.3840812870448772,0.4670526606010477,0.49760765550239233,100.0,100.0,5176,4460,5516,61,3,4356,0.01178516228748068,6.726457399103139E-4,0.7897026831036983,0.45,0.6000000000000001,0.2,0.7000000000000001,85.0,25.0,55.0,0.35000000000000003,0.5,0.1,0.7000000000000001,75.0,20.0,55.0,1763,999,764,1763,0.43335224049914917,1.481770118438037,1.5,0.987846745625358,591,0.5915915915915916,1.0,1
"iteration_2","SCOPE_DATA_COLLECTION",1300,12,790.0,850.0,0,8376,5091,1763,8219,5112,1821,4875,2966,997,3493,2123,764,0.41742351816443596,0.4171742975044213,0.4338444065871664,0.4522123885912131,0.8520674359971605,1.4890514286942087,0.9044247771824262,0.8520674359971605,0.9927009524628058,0.45046153846153847,0.5610249494268374,0.5937813440320963,100.0,100.0,5252,3474,6504,41,3,6336,0.007806549885757807,8.635578583765112E-4,0.974169741697417,0.35000000000000003,0.5,0.1,0.7000000000000001,75.0,20.0,55.0,0.2,0.4,0.7000000000000001,0.6000000000000001,95.0,30.0,25.0,8268,4034,4234,8268,0.5120948234155781,0.4927858336931098,0.5,0.9855716673862196,2080,0.5156172533465543,1.0,1
"iteration_2","SCOPE_DATA_COLLECTION",1300,12,790.0,850.0,1,8376,5091,1763,8219,5112,1821,4875,2966,997,3493,2123,764,0.41742351816443596,0.4171742975044213,0.4338444065871664,0.4522123885912131,0.8520674359971605,1.4890514286942087,0.9044247771824262,0.8520674359971605,0.9927009524628058,0.45046153846153847,0.5610249494268374,0.5937813440320963,100.0,100.0,5252,3474,6504,41,3,6336,0.007806549885757807,8.635578583765112E-4,0.974169741697417,0.35000000000000003,0.5,0.1,0.7000000000000001,75.0,20.0,55.0,0.2,0.4,0.7000000000000001,0.6000000000000001,95.0,30.0,25.0,4908,2280,2628,4908,0.5354523227383863,1.0776937292353137,1.0,1.0776937292353137,1593,0.6986842105263158,1.0,1
"iteration_2","SCOPE_DATA_COLLECTION",1300,12,790.0,850.0,2,8376,5091,1763,8219,5112,1821,4875,2966,997,3493,2123,764,0.41742351816443596,0.4171742975044213,0.4338444065871664,0.4522123885912131,0.8520674359971605,1.4890514286942087,0.9044247771824262,0.8520674359971605,0.9927009524628058,0.45046153846153847,0.5610249494268374,0.5937813440320963,100.0,100.0,5252,3474,6504,41,3,6336,0.007806549885757807,8.635578583765112E-4,0.974169741697417,0.35000000000000003,0.5,0.1,0.7000000000000001,75.0,20.0,55.0,0.2,0.4,0.7000000000000001,0.6000000000000001,95.0,30.0,25.0,1863,845,1018,1863,0.546430488459474,1.7522434748576754,1.5,1.1681623165717836,609,0.7207100591715976,1.0,1
"iteration_2","SCOPE_DATA_COLLECTION",1300,13,850.0,910.0,0,8268,4908,1863,8376,5091,1763,4032,2285,851,4234,2628,1018,0.5122187273167191,0.5349073885609608,0.5446762974852862,0.49283696330764504,1.0754813044973195,1.7512247313576217,0.9856739266152901,1.0754813044973195,1.1674831542384145,0.5158730158730159,0.6980306345733042,0.7215041128084606,100.0,100.0,5278,1987,7774,102,4,7774,0.019325502084122773,0.0020130850528434826,1.0,0.2,0.4,0.7000000000000001,0.6000000000000001,95.0,30.0,25.0,0.1,0.30000000000000004,0.6000000000000001,0.6000000000000001,95.0,30.0,20.0,8274,3347,4927,8274,0.5954798162919991,0.5444606957060445,0.5,1.088921391412089,1961,0.5858978189423364,1.0,1
"iteration_2","SCOPE_DATA_COLLECTION",1300,13,850.0,910.0,1,8268,4908,1863,8376,5091,1763,4032,2285,851,4234,2628,1018,0.5122187273167191,0.5349073885609608,0.5446762974852862,0.49283696330764504,1.0754813044973195,1.7512247313576217,0.9856739266152901,1.0754813044973195,1.1674831542384145,0.5158730158730159,0.6980306345733042,0.7215041128084606,100.0,100.0,5278,1987,7774,102,4,7774,0.019325502084122773,0.0020130850528434826,1.0,0.2,0.4,0.7000000000000001,0.6000000000000001,95.0,30.0,25.0,0.1,0.30000000000000004,0.6000000000000001,0.6000000000000001,95.0,30.0,20.0,5098,2062,3036,5098,0.5955276579050608,1.2314177615259825,1.0,1.2314177615259825,1674,0.8118331716779825,1.0,1
"iteration_2","SCOPE_DATA_COLLECTION",1300,13,850.0,910.0,2,8268,4908,1863,8376,5091,1763,4032,2285,851,4234,2628,1018,0.5122187273167191,0.5349073885609608,0.5446762974852862,0.49283696330764504,1.0754813044973195,1.7512247313576217,0.9856739266152901,1.0754813044973195,1.1674831542384145,0.5158730158730159,0.6980306345733042,0.7215041128084606,100.0,100.0,5278,1987,7774,102,4,7774,0.019325502084122773,0.0020130850528434826,1.0,0.2,0.4,0.7000000000000001,0.6000000000000001,95.0,30.0,25.0,0.1,0.30000000000000004,0.6000000000000001,0.6000000000000001,95.0,30.0,20.0,1809,720,1089,1809,0.6019900497512438,1.9694412417993692,1.5,1.3129608278662461,598,0.8305555555555556,1.0,1
"iteration_2","SCOPE_DATA_COLLECTION",1300,14,910.0,970.0,0,8274,5098,1809,8268,4908,1863,3351,2041,727,4927,3036,1089,0.5951920753805267,0.5979909395312192,0.599669603524229,0.5438010065623649,1.2243434975019984,1.9643880670736222,1.0876020131247297,1.2243434975019984,1.309592044715748,0.5846016114592659,0.8089171974522293,0.8308115543328748,100.0,100.0,5275,936,8970,82,0,8970,0.015545023696682465,0.0,1.0,0.1,0.30000000000000004,0.6000000000000001,0.6000000000000001,95.0,30.0,20.0,0.05,0.5,0.7000000000000001,0.6000000000000001,95.0,70.0,25.0,8326,3216,5110,8326,0.6137400912803267,0.6311260558771082,0.5,1.2622521117542165,2268,0.7052238805970149,1.0,1
"iteration_2","SCOPE_DATA_COLLECTION",1300,14,910.0,970.0,1,8274,5098,1809,8268,4908,1863,3351,2041,727,4927,3036,1089,0.5951920753805267,0.5979909395312192,0.599669603524229,0.5438010065623649,1.2243434975019984,1.9643880670736222,1.0876020131247297,1.2243434975019984,1.309592044715748,0.5846016114592659,0.8089171974522293,0.8308115543328748,100.0,100.0,5275,936,8970,82,0,8970,0.015545023696682465,0.0,1.0,0.1,0.30000000000000004,0.6000000000000001,0.6000000000000001,95.0,30.0,20.0,0.05,0.5,0.7000000000000001,0.6000000000000001,95.0,70.0,25.0,5137,1932,3205,5137,0.6239050029199922,1.3416011537456518,1.0,1.3416011537456518,1688,0.8737060041407867,1.0,1
"iteration_2","SCOPE_DATA_COLLECTION",1300,14,910.0,970.0,2,8274,5098,1809,8268,4908,1863,3351,2041,727,4927,3036,1089,0.5951920753805267,0.5979909395312192,0.599669603524229,0.5438010065623649,1.2243434975019984,1.9643880670736222,1.0876020131247297,1.2243434975019984,1.309592044715748,0.5846016114592659,0.8089171974522293,0.8308115543328748,100.0,100.0,5275,936,8970,82,0,8970,0.015545023696682465,0.0,1.0,0.1,0.30000000000000004,0.6000000000000001,0.6000000000000001,95.0,30.0,20.0,0.05,0.5,0.7000000000000001,0.6000000000000001,95.0,70.0,25.0,1795,649,1146,1795,0.6384401114206129,2.163897922389524,1.5,1.4425986149263492,591,0.9106317411402157,1.0,1
"iteration_2","SCOPE_DATA_COLLECTION",1300,15,970.0,1030.0,0,8326,5137,1795,8274,5098,1809,3209,1939,645,5110,3205,1146,0.6142565212164923,0.6230559875583204,0.6398659966499163,0.6302019004825938,1.340710305147755,2.164896673690217,1.2604038009651877,1.340710305147755,1.4432644491268114,0.7042692427547522,0.8751933986591026,0.9100775193798449,97.5,100.0,5408,488,9362,99,0,9362,0.01830621301775148,0.0,1.0,0.05,0.5,0.7000000000000001,0.6000000000000001,95.0,70.0,25.0,0.15000000000000002,0.4,0.8,0.5,95.0,80.0,20.0,8236,3701,4535,8236,0.5506313744536183,0.5333260775230736,0.5,1.0666521550461472,2151,0.5811942718184274,1.0,1
"iteration_2","SCOPE_DATA_COLLECTION",1300,15,970.0,1030.0,1,8326,5137,1795,8274,5098,1809,3209,1939,645,5110,3205,1146,0.6142565212164923,0.6230559875583204,0.6398659966499163,0.6302019004825938,1.340710305147755,2.164896673690217,1.2604038009651877,1.340710305147755,1.4432644491268114,0.7042692427547522,0.8751933986591026,0.9100775193798449,97.5,100.0,5408,488,9362,99,0,9362,0.01830621301775148,0.0,1.0,0.05,0.5,0.7000000000000001,0.6000000000000001,95.0,70.0,25.0,0.15000000000000002,0.4,0.8,0.5,95.0,80.0,20.0,4974,2234,2740,4974,0.5508644953759549,1.1641576777678269,1.0,1.1641576777678269,1685,0.7542524619516562,1.0,1
"iteration_2","SCOPE_DATA_COLLECTION",1300,15,970.0,1030.0,2,8326,5137,1795,8274,5098,1809,3209,1939,645,5110,3205,1146,0.6142565212164923,0.6230559875583204,0.6398659966499163,0.6302019004825938,1.340710305147755,2.164896673690217,1.2604038009651877,1.340710305147755,1.4432644491268114,0.7042692427547522,0.8751933986591026,0.9100775193798449,97.5,100.0,5408,488,9362,99,0,9362,0.01830621301775148,0.0,1.0,0.05,0.5,0.7000000000000001,0.6000000000000001,95.0,70.0,25.0,0.15000000000000002,0.4,0.8,0.5,95.0,80.0,20.0,1862,774,1088,1862,0.5843179377013964,1.9096860369714366,1.5,1.2731240246476243,609,0.7868217054263565,1.0,1
"iteration_2","SCOPE_DATA_COLLECTION",1300,16,1030.0,1090.0,0,8236,4974,1862,8326,5137,1795,3700,2232,765,4535,2740,1088,0.5506982392228293,0.5510860820595334,0.5871559633027523,0.5330887171451747,1.1642382436814172,1.9029300187951173,1.0661774342903494,1.1642382436814172,1.2686200125300782,0.581081081081081,0.7540322580645161,0.7856209150326797,100.0,100.0,5341,1474,8257,104,2,8257,0.019472008987081072,0.0013568521031207597,1.0,0.15000000000000002,0.4,0.8,0.5,95.0,80.0,20.0,0.15000000000000002,0.4,0.8,0.5,95.0,80.0,20.0,8401,3814,4587,8401,0.5460064278062136,0.5536332925756542,0.5,1.1072665851513084,2309,0.6054011536444678,1.0,1
"iteration_2","SCOPE_DATA_COLLECTION",1300,16,1030.0,1090.0,1,8236,4974,1862,8326,5137,1795,3700,2232,765,4535,2740,1088,0.5506982392228293,0.5510860820595334,0.5871559633027523,0.5330887171451747,1.1642382436814172,1.9029300187951173,1.0661774342903494,1.1642382436814172,1.2686200125300782,0.581081081081081,0.7540322580645161,0.7856209150326797,100.0,100.0,5341,1474,8257,104,2,8257,0.019472008987081072,0.0013568521031207597,1.0,0.15000000000000002,0.4,0.8,0.5,95.0,80.0,20.0,0.15000000000000002,0.4,0.8,0.5,95.0,80.0,20.0,5175,2367,2808,5175,0.542608695652174,1.1930562292169868,1.0,1.1930562292169868,1790,0.7562315166877904,1.0,1
"iteration_2","SCOPE_DATA_COLLECTION",1300,16,1030.0,1090.0,2,8236,4974,1862,8326,5137,1795,3700,2232,765,4535,2740,1088,0.5506982392228293,0.5510860820595334,0.5871559633027523,0.5330887171451747,1.1642382436814172,1.9029300187951173,1.0661774342903494,1.1642382436814172,1.2686200125300782,0.581081081081081,0.7540322580645161,0.7856209150326797,100.0,100.0,5341,1474,8257,104,2,8257,0.019472008987081072,0.0013568521031207597,1.0,0.15000000000000002,0.4,0.8,0.5,95.0,80.0,20.0,0.15000000000000002,0.4,0.8,0.5,95.0,80.0,20.0,1779,733,1046,1779,0.5879707700955593,1.8883432589779372,1.5,1.2588955059852915,573,0.781718963165075,1.0,1
"iteration_2","SCOPE_DATA_COLLECTION",1300,17,1090.0,1150.0,0,8401,5175,1779,8236,4974,1862,3809,2374,733,4587,2808,1046,0.5463315864697474,0.541875723658819,0.5879707700955593,0.5530767343986444,1.195164945427822,1.890821256741863,1.1061534687972887,1.195164945427822,1.2605475044945753,0.6040955631399317,0.7556866048862679,0.7803547066848567,100.0,100.0,5535,1489,8331,110,0,8331,0.01987353206865402,0.0,1.0,0.15000000000000002,0.4,0.8,0.5,95.0,80.0,20.0,0.05,0.5,0.7000000000000001,0.5,95.0,90.0,20.0,8423,3207,5216,8423,0.6192567968657248,0.6104158587731827,0.5,1.2208317175463654,2168,0.6760212036170876,1.0,1
"iteration_2","SCOPE_DATA_COLLECTION",1300,17,1090.0,1150.0,1,8401,5175,1779,8236,4974,1862,3809,2374,733,4587,2808,1046,0.5463315864697474,0.541875723658819,0.5879707700955593,0.5530767343986444,1.195164945427822,1.890821256741863,1.1061534687972887,1.195164945427822,1.2605475044945753,0.6040955631399317,0.7556866048862679,0.7803547066848567,100.0,100.0,5535,1489,8331,110,0,8331,0.01987353206865402,0.0,1.0,0.15000000000000002,0.4,0.8,0.5,95.0,80.0,20.0,0.05,0.5,0.7000000000000001,0.5,95.0,90.0,20.0,4971,1915,3056,4971,0.6147656407161537,1.3311763541550887,1.0,1.3311763541550887,1670,0.8720626631853786,1.0,1
"iteration_2","SCOPE_DATA_COLLECTION",1300,17,1090.0,1150.0,2,8401,5175,1779,8236,4974,1862,3809,2374,733,4587,2808,1046,0.5463315864697474,0.541875723658819,0.5879707700955593,0.5530767343986444,1.195164945427822,1.890821256741863,1.1061534687972887,1.195164945427822,1.2605475044945753,0.6040955631399317,0.7556866048862679,0.7803547066848567,100.0,100.0,5535,1489,8331,110,0,8331,0.01987353206865402,0.0,1.0,0.15000000000000002,0.4,0.8,0.5,95.0,80.0,20.0,0.05,0.5,0.7000000000000001,0.5,95.0,90.0,20.0,1754,630,1124,1754,0.6408209806157354,2.1179153981489867,1.5,1.4119435987659912,574,0.9111111111111111,1.0,1
"iteration_2","SCOPE_DATA_COLLECTION",1300,18,1150.0,1210.0,0,8423,4971,1754,8401,5175,1779,3198,1918,637,5216,3056,1124,0.6199191823151889,0.6143948532368315,0.6382737081203862,0.6106760956818571,1.329035454072726,2.113413005266312,1.2213521913637142,1.329035454072726,1.4089420035108746,0.6757348342714197,0.8733055265901981,0.9105180533751962,97.5,100.0,5348,486,9314,82,0,9314,0.015332834704562454,0.0,1.0,0.05,0.5,0.7000000000000001,0.5,95.0,90.0,20.0,0.05,0.5,0.7000000000000001,0.5,95.0,90.0,20.0,8335,3188,5147,8335,0.6175164967006599,0.6172221278479335,0.5,1.234444255695867,2193,0.687892095357591,1.0,1
"iteration_2","SCOPE_DATA_COLLECTION",1300,18,1150.0,1210.0,1,8423,4971,1754,8401,5175,1779,3198,1918,637,5216,3056,1124,0.6199191823151889,0.6143948532368315,0.6382737081203862,0.6106760956818571,1.329035454072726,2.113413005266312,1.2213521913637142,1.329035454072726,1.4089420035108746,0.6757348342714197,0.8733055265901981,0.9105180533751962,97.5,100.0,5348,486,9314,82,0,9314,0.015332834704562454,0.0,1.0,0.05,0.5,0.7000000000000001,0.5,95.0,90.0,20.0,0.05,0.5,0.7000000000000001,0.5,95.0,90.0,20.0,5029,1865,3164,5029,0.6291509246371048,1.341139580866544,1.0,1.341139580866544,1661,0.8906166219839142,1.0,1
"iteration_2","SCOPE_DATA_COLLECTION",1300,18,1150.0,1210.0,2,8423,4971,1754,8401,5175,1779,3198,1918,637,5216,3056,1124,0.6199191823151889,0.6143948532368315,0.6382737081203862,0.6106760956818571,1.329035454072726,2.113413005266312,1.2213521913637142,1.329035454072726,1.4089420035108746,0.6757348342714197,0.8733055265901981,0.9105180533751962,97.5,100.0,5348,486,9314,82,0,9314,0.015332834704562454,0.0,1.0,0.05,0.5,0.7000000000000001,0.5,95.0,90.0,20.0,0.05,0.5,0.7000000000000001,0.5,95.0,90.0,20.0,1844,648,1196,1844,0.648590021691974,2.170507571616319,1.5,1.4470050477442127,602,0.9290123456790124,1.0,1
"iteration_2","SCOPE_DATA_COLLECTION",1300,19,1210.0,1270.0,0,8335,5029,1844,8423,4971,1754,3210,1857,644,5147,3164,1195,0.6158908699294005,0.6301533559051982,0.6498096791734639,0.6174100466953496,1.3456462295608573,2.1744110498832905,1.2348200933906992,1.3456462295608573,1.4496073665888602,0.6897196261682244,0.8890683898761443,0.9285714285714286,100.0,100.0,5370,433,9405,101,0,9405,0.018808193668528865,0.0,1.0,0.05,0.5,0.7000000000000001,0.5,95.0,90.0,20.0,0.05,0.5,0.7000000000000001,0.5,95.0,90.0,20.0,8384,3179,5205,8384,0.6208253816793893,0.6160975867563606,0.5,1.2321951735127212,2182,0.6863793645800567,1.0,1
"iteration_2","SCOPE_DATA_COLLECTION",1300,19,1210.0,1270.0,1,8335,5029,1844,8423,4971,1754,3210,1857,644,5147,3164,1195,0.6158908699294005,0.6301533559051982,0.6498096791734639,0.6174100466953496,1.3456462295608573,2.1744110498832905,1.2348200933906992,1.3456462295608573,1.4496073665888602,0.6897196261682244,0.8890683898761443,0.9285714285714286,100.0,100.0,5370,433,9405,101,0,9405,0.018808193668528865,0.0,1.0,0.05,0.5,0.7000000000000001,0.5,95.0,90.0,20.0,0.05,0.5,0.7000000000000001,0.5,95.0,90.0,20.0,5000,1919,3081,5000,0.6162,1.3082022644879365,1.0,1.3082022644879365,1680,0.8754559666492965,1.0,1
"iteration_2","SCOPE_DATA_COLLECTION",1300,19,1210.0,1270.0,2,8335,5029,1844,8423,4971,1754,3210,1857,644,5147,3164,1195,0.6158908699294005,0.6301533559051982,0.6498096791734639,0.6174100466953496,1.3456462295608573,2.1744110498832905,1.2348200933906992,1.3456462295608573,1.4496073665888602,0.6897196261682244,0.8890683898761443,0.9285714285714286,100.0,100.0,5370,433,9405,101,0,9405,0.018808193668528865,0.0,1.0,0.05,0.5,0.7000000000000001,0.5,95.0,90.0,20.0,0.05,0.5,0.7000000000000001,0.5,95.0,90.0,20.0,1845,644,1201,1845,0.6509485094850949,2.121545029668417,1.5,1.414363353112278,581,0.9021739130434783,1.0,1
"iteration_2","SCOPE_DATA_COLLECTION",1300,20,1270.0,1330.0,0,8384,5000,1845,8335,5029,1844,3179,1914,645,5205,3081,1202,0.6208253816793893,0.6168168168168168,0.6507850568489443,0.6168677047286782,1.302727628293855,2.120298794506254,1.2337354094573565,1.302727628293855,1.413532529670836,0.6863793645800567,0.8761755485893417,0.9023255813953488,95.0,100.0,5375,454,9400,87,1,9400,0.016186046511627906,0.0022026431718061676,1.0,0.05,0.5,0.7000000000000001,0.5,95.0,90.0,20.0,0.05,0.5,0.7000000000000001,0.5,95.0,90.0,20.0,8319,3110,5209,8319,0.6261569900228393,0.6065797214057392,0.5,1.2131594428114785,2084,0.670096463022508,1.0,1
"iteration_2","SCOPE_DATA_COLLECTION",1300,20,1270.0,1330.0,1,8384,5000,1845,8335,5029,1844,3179,1914,645,5205,3081,1202,0.6208253816793893,0.6168168168168168,0.6507850568489443,0.6168677047286782,1.302727628293855,2.120298794506254,1.2337354094573565,1.302727628293855,1.413532529670836,0.6863793645800567,0.8761755485893417,0.9023255813953488,95.0,100.0,5375,454,9400,87,1,9400,0.016186046511627906,0.0022026431718061676,1.0,0.05,0.5,0.7000000000000001,0.5,95.0,90.0,20.0,0.05,0.5,0.7000000000000001,0.5,95.0,90.0,20.0,5136,1894,3242,5136,0.6312305295950156,1.336922478913864,1.0,1.336922478913864,1681,0.8875395987328405,1.0,1
"iteration_2","SCOPE_DATA_COLLECTION",1300,20,1270.0,1330.0,2,8384,5000,1845,8335,5029,1844,3179,1914,645,5205,3081,1202,0.6208253816793893,0.6168168168168168,0.6507850568489443,0.6168677047286782,1.302727628293855,2.120298794506254,1.2337354094573565,1.302727628293855,1.413532529670836,0.6863793645800567,0.8761755485893417,0.9023255813953488,95.0,100.0,5375,454,9400,87,1,9400,0.016186046511627906,0.0022026431718061676,1.0,0.05,0.5,0.7000000000000001,0.5,95.0,90.0,20.0,0.05,0.5,0.7000000000000001,0.5,95.0,90.0,20.0,1884,675,1209,1884,0.64171974522293,2.153316987949676,1.5,1.4355446586331173,621,0.92,1.0,1
"iteration_2","SCOPE_DATA_COLLECTION",1300,21,1330.0,1390.0,0,8319,5136,1884,8384,5000,1845,3100,1899,673,5209,3240,1209,0.6269105788903598,0.6304728546409807,0.6424017003188098,0.6066177917027628,1.3393541793233337,2.1489926029655924,1.2132355834055255,1.3393541793233337,1.432661735310395,0.6706451612903226,0.8873091100579252,0.9197622585438335,100.0,100.0,5306,477,9556,102,0,9556,0.019223520542781758,0.0,1.0,0.05,0.5,0.7000000000000001,0.5,95.0,90.0,20.0,0.15000000000000002,0.5,0.7000000000000001,0.6000000000000001,85.0,80.0,20.0,8194,3662,4532,8194,0.5530876250915304,0.5486708565989856,0.5,1.0973417131979712,2166,0.5914800655379574,1.0,1
"iteration_2","SCOPE_DATA_COLLECTION",1300,21,1330.0,1390.0,1,8319,5136,1884,8384,5000,1845,3100,1899,673,5209,3240,1209,0.6269105788903598,0.6304728546409807,0.6424017003188098,0.6066177917027628,1.3393541793233337,2.1489926029655924,1.2132355834055255,1.3393541793233337,1.432661735310395,0.6706451612903226,0.8873091100579252,0.9197622585438335,100.0,100.0,5306,477,9556,102,0,9556,0.019223520542781758,0.0,1.0,0.05,0.5,0.7000000000000001,0.5,95.0,90.0,20.0,0.15000000000000002,0.5,0.7000000000000001,0.6000000000000001,85.0,80.0,20.0,4975,2217,2758,4975,0.5543718592964824,1.146225396564522,1.0,1.146225396564522,1633,0.7365809652683807,1.0,1
"iteration_2","SCOPE_DATA_COLLECTION",1300,21,1330.0,1390.0,2,8319,5136,1884,8384,5000,1845,3100,1899,673,5209,3240,1209,0.6269105788903598,0.6304728546409807,0.6424017003188098,0.6066177917027628,1.3393541793233337,2.1489926029655924,1.2132355834055255,1.3393541793233337,1.432661735310395,0.6706451612903226,0.8873091100579252,0.9197622585438335,100.0,100.0,5306,477,9556,102,0,9556,0.019223520542781758,0.0,1.0,0.05,0.5,0.7000000000000001,0.5,95.0,90.0,20.0,0.15000000000000002,0.5,0.7000000000000001,0.6000000000000001,85.0,80.0,20.0,1826,798,1028,1826,0.5629791894852135,1.8621783145973492,1.5,1.2414522097315661,618,0.7744360902255639,1.0,1
"iteration_2","SCOPE_DATA_COLLECTION",1300,22,1390.0,1450.0,0,8194,4975,1826,8319,5136,1884,3666,2221,798,4532,2760,1028,0.552817760429373,0.5541056012848825,0.5629791894852135,0.5484490705528994,1.1496894078305107,1.8644218384989495,1.0968981411057988,1.1496894078305107,1.242947892332633,0.5916530278232406,0.7388563710040522,0.7744360902255639,100.0,100.0,5283,1485,8227,92,1,8227,0.017414347908385388,6.734006734006734E-4,1.0,0.15000000000000002,0.5,0.7000000000000001,0.6000000000000001,85.0,80.0,20.0,0.15000000000000002,0.6000000000000001,0.8,0.5,85.0,70.0,20.0,8228,3730,4498,8228,0.5466699076324745,0.5574089608622652,0.5,1.1148179217245304,2253,0.6040214477211796,1.0,1
"iteration_2","SCOPE_DATA_COLLECTION",1300,22,1390.0,1450.0,1,8194,4975,1826,8319,5136,1884,3666,2221,798,4532,2760,1028,0.552817760429373,0.5541056012848825,0.5629791894852135,0.5484490705528994,1.1496894078305107,1.8644218384989495,1.0968981411057988,1.1496894078305107,1.242947892332633,0.5916530278232406,0.7388563710040522,0.7744360902255639,100.0,100.0,5283,1485,8227,92,1,8227,0.017414347908385388,6.734006734006734E-4,1.0,0.15000000000000002,0.5,0.7000000000000001,0.6000000000000001,85.0,80.0,20.0,0.15000000000000002,0.6000000000000001,0.8,0.5,85.0,70.0,20.0,5151,2265,2886,5151,0.5602795573675015,1.1704796564503825,1.0,1.1704796564503825,1712,0.7558498896247241,1.0,1
"iteration_2","SCOPE_DATA_COLLECTION",1300,22,1390.0,1450.0,2,8194,4975,1826,8319,5136,1884,3666,2221,798,4532,2760,1028,0.552817760429373,0.5541056012848825,0.5629791894852135,0.5484490705528994,1.1496894078305107,1.8644218384989495,1.0968981411057988,1.1496894078305107,1.242947892332633,0.5916530278232406,0.7388563710040522,0.7744360902255639,100.0,100.0,5283,1485,8227,92,1,8227,0.017414347908385388,6.734006734006734E-4,1.0,0.15000000000000002,0.5,0.7000000000000001,0.6000000000000001,85.0,80.0,20.0,0.15000000000000002,0.6000000000000001,0.8,0.5,85.0,70.0,20.0,1761,730,1031,1761,0.5854628052243044,1.8612953020761749,1.5,1.24086353471745,566,0.7753424657534247,1.0,1
"iteration_2","SCOPE_DATA_COLLECTION",1300,23,1450.0,1510.0,0,8228,5151,1761,8194,4975,1826,3731,2262,739,4498,2885,1031,0.5466034755134281,0.5605206916650476,0.5824858757062147,0.5567600127923455,1.1725334610932265,1.8714497980680933,1.113520025584691,1.1725334610932265,1.2476331987120621,0.6041275797373359,0.7559681697612732,0.7794316644113667,100.0,100.0,5393,1428,8319,95,0,8319,0.01761542740589653,0.0,1.0,0.15000000000000002,0.6000000000000001,0.8,0.5,85.0,70.0,20.0,0.15000000000000002,0.6000000000000001,0.8,0.5,85.0,70.0,20.0,8181,3661,4520,8181,0.5524996944138858,0.5687939245476245,0.5,1.137587849095249,2223,0.6072111444960393,1.0,1
"iteration_2","SCOPE_DATA_COLLECTION",1300,23,1450.0,1510.0,1,8228,5151,1761,8194,4975,1826,3731,2262,739,4498,2885,1031,0.5466034755134281,0.5605206916650476,0.5824858757062147,0.5567600127923455,1.1725334610932265,1.8714497980680933,1.113520025584691,1.1725334610932265,1.2476331987120621,0.6041275797373359,0.7559681697612732,0.7794316644113667,100.0,100.0,5393,1428,8319,95,0,8319,0.01761542740589653,0.0,1.0,0.15000000000000002,0.6000000000000001,0.8,0.5,85.0,70.0,20.0,0.15000000000000002,0.6000000000000001,0.8,0.5,85.0,70.0,20.0,5069,2225,2844,5069,0.5610574077727363,1.1872236425141063,1.0,1.1872236425141063,1669,0.7501123595505618,1.0,1
"iteration_2","SCOPE_DATA_COLLECTION",1300,23,1450.0,1510.0,2,8228,5151,1761,8194,4975,1826,3731,2262,739,4498,2885,1031,0.5466034755134281,0.5605206916650476,0.5824858757062147,0.5567600127923455,1.1725334610932265,1.8714497980680933,1.113520025584691,1.1725334610932265,1.2476331987120621,0.6041275797373359,0.7559681697612732,0.7794316644113667,100.0,100.0,5393,1428,8319,95,0,8319,0.01761542740589653,0.0,1.0,0.15000000000000002,0.6000000000000001,0.8,0.5,85.0,70.0,20.0,0.15000000000000002,0.6000000000000001,0.8,0.5,85.0,70.0,20.0,1835,780,1055,1835,0.5749318801089919,1.8739024234687072,1.5,1.2492682823124714,605,0.7756410256410257,1.0,1
"iteration_2","SCOPE_DATA_COLLECTION",1300,24,1510.0,1570.0,0,8181,5069,1835,8228,5151,1761,3660,2230,772,4520,2845,1055,0.5525672371638142,0.5605911330049261,0.5774493705528189,0.5685184100805819,1.1846002041432055,1.8719920692259726,1.1370368201611638,1.1846002041432055,1.247994712817315,0.6062841530054645,0.7493273542600897,0.7746113989637305,97.5,100.0,5347,1418,8320,100,0,8320,0.018702075930428278,0.0,1.0,0.15000000000000002,0.6000000000000001,0.8,0.5,85.0,70.0,20.0,0.05,0.7000000000000001,0.8,0.4,75.0,70.0,20.0,8199,3104,5095,8199,0.6214172460056104,0.6384864562229254,0.5,1.2769729124458509,2195,0.7071520618556701,1.0,1
"iteration_2","SCOPE_DATA_COLLECTION",1300,24,1510.0,1570.0,1,8181,5069,1835,8228,5151,1761,3660,2230,772,4520,2845,1055,0.5525672371638142,0.5605911330049261,0.5774493705528189,0.5685184100805819,1.1846002041432055,1.8719920692259726,1.1370368201611638,1.1846002041432055,1.247994712817315,0.6062841530054645,0.7493273542600897,0.7746113989637305,97.5,100.0,5347,1418,8320,100,0,8320,0.018702075930428278,0.0,1.0,0.15000000000000002,0.6000000000000001,0.8,0.5,85.0,70.0,20.0,0.05,0.7000000000000001,0.8,0.4,75.0,70.0,20.0,5106,1934,3172,5106,0.6212299255777517,1.3379796609652788,1.0,1.3379796609652788,1699,0.8784901758014477,1.0,1
"iteration_2","SCOPE_DATA_COLLECTION",1300,24,1510.0,1570.0,2,8181,5069,1835,8228,5151,1761,3660,2230,772,4520,2845,1055,0.5525672371638142,0.5605911330049261,0.5774493705528189,0.5685184100805819,1.1846002041432055,1.8719920692259726,1.1370368201611638,1.1846002041432055,1.247994712817315,0.6062841530054645,0.7493273542600897,0.7746113989637305,97.5,100.0,5347,1418,8320,100,0,8320,0.018702075930428278,0.0,1.0,0.15000000000000002,0.6000000000000001,0.8,0.5,85.0,70.0,20.0,0.05,0.7000000000000001,0.8,0.4,75.0,70.0,20.0,1808,644,1164,1808,0.6438053097345132,2.1437711432868736,1.5,1.4291807621912491,587,0.9114906832298136,1.0,1
"iteration_2","SCOPE_DATA_COLLECTION",1300,25,1570.0,1630.0,0,8199,5106,1808,8181,5069,1835,3117,1920,654,5095,3172,1164,0.6204335119337555,0.6229379418695994,0.6402640264026402,0.6406723879374615,1.3344478012997343,2.1376826881334767,1.281344775874923,1.3344478012997343,1.4251217920889845,0.7086942572986846,0.8770833333333333,0.9097859327217125,100.0,100.0,5315,474,9324,107,0,9324,0.02013170272812794,0.0,1.0,0.05,0.7000000000000001,0.8,0.4,75.0,70.0,20.0,0.65,0.8,0.1,0.4,80.0,45.0,75.0,8502,8334,168,8502,0.019760056457304165,0.31624555660038717,0.5,0.6324911132007743,2307,0.27681785457163427,1.0,1
"iteration_2","SCOPE_DATA_COLLECTION",1300,25,1570.0,1630.0,1,8199,5106,1808,8181,5069,1835,3117,1920,654,5095,3172,1164,0.6204335119337555,0.6229379418695994,0.6402640264026402,0.6406723879374615,1.3344478012997343,2.1376826881334767,1.281344775874923,1.3344478012997343,1.4251217920889845,0.7086942572986846,0.8770833333333333,0.9097859327217125,100.0,100.0,5315,474,9324,107,0,9324,0.02013170272812794,0.0,1.0,0.05,0.7000000000000001,0.8,0.4,75.0,70.0,20.0,0.65,0.8,0.1,0.4,80.0,45.0,75.0,5055,4975,80,5055,0.01582591493570722,0.5916829829450944,1.0,0.5916829829450944,1645,0.3306532663316583,1.0,1
"iteration_2","SCOPE_DATA_COLLECTION",1300,25,1570.0,1630.0,2,8199,5106,1808,8181,5069,1835,3117,1920,654,5095,3172,1164,0.6204335119337555,0.6229379418695994,0.6402640264026402,0.6406723879374615,1.3344478012997343,2.1376826881334767,1.281344775874923,1.3344478012997343,1.4251217920889845,0.7086942572986846,0.8770833333333333,0.9097859327217125,100.0,100.0,5315,474,9324,107,0,9324,0.02013170272812794,0.0,1.0,0.05,0.7000000000000001,0.8,0.4,75.0,70.0,20.0,0.65,0.8,0.1,0.4,80.0,45.0,75.0,1838,1777,61,1838,0.033188248095756254,1.020910239662861,1.5,0.6806068264419074,617,0.34721440630275746,1.0,1
"iteration_2","SCOPE_DATA_COLLECTION",1300,26,1630.0,1690.0,0,8502,5055,1838,8199,5106,1808,8310,4975,1761,168,80,61,0.019815994338287332,0.01582591493570722,0.033479692645444564,0.3148924621725954,0.5951291827543376,1.0162244311997226,0.6297849243451908,0.5951291827543376,0.6774829541331484,0.2753309265944645,0.3328643216080402,0.34469051675184553,100.0,100.0,5207,6571,3617,40,6,263,0.007681966583445362,9.131030284583778E-4,0.07271219242466131,0.65,0.8,0.1,0.4,80.0,45.0,75.0,0.75,0.7000000000000001,0.1,0.4,90.0,35.0,85.0,8356,8343,13,8356,0.0015557683101962662,0.303318691469471,0.5,0.606637382938942,2199,0.26357425386551603,1.0,1
"iteration_2","SCOPE_DATA_COLLECTION",1300,26,1630.0,1690.0,1,8502,5055,1838,8199,5106,1808,8310,4975,1761,168,80,61,0.019815994338287332,0.01582591493570722,0.033479692645444564,0.3148924621725954,0.5951291827543376,1.0162244311997226,0.6297849243451908,0.5951291827543376,0.6774829541331484,0.2753309265944645,0.3328643216080402,0.34469051675184553,100.0,100.0,5207,6571,3617,40,6,263,0.007681966583445362,9.131030284583778E-4,0.07271219242466131,0.65,0.8,0.1,0.4,80.0,45.0,75.0,0.75,0.7000000000000001,0.1,0.4,90.0,35.0,85.0,5126,5111,15,5126,0.002926258291065158,0.5723640169141385,1.0,0.5723640169141385,1648,0.32244179221287417,1.0,1
"iteration_2","SCOPE_DATA_COLLECTION",1300,26,1630.0,1690.0,2,8502,5055,1838,8199,5106,1808,8310,4975,1761,168,80,61,0.019815994338287332,0.01582591493570722,0.033479692645444564,0.3148924621725954,0.5951291827543376,1.0162244311997226,0.6297849243451908,0.5951291827543376,0.6774829541331484,0.2753309265944645,0.3328643216080402,0.34469051675184553,100.0,100.0,5207,6571,3617,40,6,263,0.007681966583445362,9.131030284583778E-4,0.07271219242466131,0.65,0.8,0.1,0.4,80.0,45.0,75.0,0.75,0.7000000000000001,0.1,0.4,90.0,35.0,85.0,1894,1870,24,1894,0.012671594508975714,0.9640345856549465,1.5,0.6426897237699644,599,0.32032085561497325,1.0,1
"iteration_2","SCOPE_DATA_COLLECTION",1300,27,1690.0,1750.0,0,8356,5126,1894,8502,5055,1838,8352,5127,1869,13,15,24,0.0015540944411237298,0.0029171528588098016,0.012678288431061807,0.30447159068740537,0.5755529878702381,0.967114693840517,0.6089431813748107,0.5755529878702381,0.6447431292270113,0.2646072796934866,0.32416617905207723,0.32102728731942215,97.5,100.0,5156,7589,2631,42,10,0,0.008145849495733127,0.0013176966662274345,0.0,0.75,0.7000000000000001,0.1,0.4,90.0,35.0,85.0,0.15000000000000002,0.4,0.9,0.4,30.0,50.0,65.0,8341,3793,4548,8341,0.5452583623066779,0.5331536493653192,0.5,1.0663072987306383,2181,0.5750065910888479,1.0,1
"iteration_2","SCOPE_DATA_COLLECTION",1300,27,1690.0,1750.0,1,8356,5126,1894,8502,5055,1838,8352,5127,1869,13,15,24,0.0015540944411237298,0.0029171528588098016,0.012678288431061807,0.30447159068740537,0.5755529878702381,0.967114693840517,0.6089431813748107,0.5755529878702381,0.6447431292270113,0.2646072796934866,0.32416617905207723,0.32102728731942215,97.5,100.0,5156,7589,2631,42,10,0,0.008145849495733127,0.0013176966662274345,0.0,0.75,0.7000000000000001,0.1,0.4,90.0,35.0,85.0,0.15000000000000002,0.4,0.9,0.4,30.0,50.0,65.0,5044,2318,2726,5044,0.5404440919904837,1.142884317229172,1.0,1.142884317229172,1715,0.7398619499568594,1.0,1
"iteration_2","SCOPE_DATA_COLLECTION",1300,27,1690.0,1750.0,2,8356,5126,1894,8502,5055,1838,8352,5127,1869,13,15,24,0.0015540944411237298,0.0029171528588098016,0.012678288431061807,0.30447159068740537,0.5755529878702381,0.967114693840517,0.6089431813748107,0.5755529878702381,0.6447431292270113,0.2646072796934866,0.32416617905207723,0.32102728731942215,97.5,100.0,5156,7589,2631,42,10,0,0.008145849495733127,0.0013176966662274345,0.0,0.75,0.7000000000000001,0.1,0.4,90.0,35.0,85.0,0.15000000000000002,0.4,0.9,0.4,30.0,50.0,65.0,1812,764,1048,1812,0.5783664459161147,1.844289780257579,1.5,1.2295265201717194,587,0.768324607329843,1.0,1
"iteration_2","SCOPE_DATA_COLLECTION",1300,28,1750.0,1810.0,0,8341,5044,1812,8356,5126,1894,3795,2312,776,4548,2726,1048,0.5451276519237684,0.5410877332274712,0.5745614035087719,0.5314055883206561,1.1331877132331794,1.8289753417870238,1.0628111766413122,1.1331877132331794,1.2193168945246826,0.5733860342555994,0.7348615916955017,0.7615979381443299,100.0,100.0,5394,1519,8284,93,1,8228,0.017241379310344827,6.583278472679394E-4,0.9932399806856591,0.15000000000000002,0.4,0.9,0.4,30.0,50.0,65.0,0.05,0.5,0.9,0.30000000000000004,20.0,40.0,75.0,8326,3074,5252,8326,0.6307950996877252,0.6343693072547691,0.5,1.2687386145095383,2180,0.7091737150292778,1.0,1
"iteration_2","SCOPE_DATA_COLLECTION",1300,28,1750.0,1810.0,1,8341,5044,1812,8356,5126,1894,3795,2312,776,4548,2726,1048,0.5451276519237684,0.5410877332274712,0.5745614035087719,0.5314055883206561,1.1331877132331794,1.8289753417870238,1.0628111766413122,1.1331877132331794,1.2193168945246826,0.5733860342555994,0.7348615916955017,0.7615979381443299,100.0,100.0,5394,1519,8284,93,1,8228,0.017241379310344827,6.583278472679394E-4,0.9932399806856591,0.15000000000000002,0.4,0.9,0.4,30.0,50.0,65.0,0.05,0.5,0.9,0.30000000000000004,20.0,40.0,75.0,5145,1856,3289,5145,0.6392614188532556,1.3545639704931027,1.0,1.3545639704931027,1629,0.8776939655172413,1.0,1
"iteration_2","SCOPE_DATA_COLLECTION",1300,28,1750.0,1810.0,2,8341,5044,1812,8356,5126,1894,3795,2312,776,4548,2726,1048,0.5451276519237684,0.5410877332274712,0.5745614035087719,0.5314055883206561,1.1331877132331794,1.8289753417870238,1.0628111766413122,1.1331877132331794,1.2193168945246826,0.5733860342555994,0.7348615916955017,0.7615979381443299,100.0,100.0,5394,1519,8284,93,1,8228,0.017241379310344827,6.583278472679394E-4,0.9932399806856591,0.15000000000000002,0.4,0.9,0.4,30.0,50.0,65.0,0.05,0.5,0.9,0.30000000000000004,20.0,40.0,75.0,1925,685,1240,1925,0.6441558441558441,2.161810122985515,1.5,1.4412067486570102,639,0.9328467153284672,1.0,1
"iteration_2","SCOPE_DATA_COLLECTION",1300,29,1810.0,1870.0,0,8326,5145,1925,8341,5044,1812,3079,1850,681,5252,3289,1240,0.6304165166246549,0.6400077836154894,0.6454971369078605,0.6346698487801751,1.3531782563918977,2.1623794024849747,1.2693396975603501,1.3531782563918977,1.4415862683233165,0.7080220850925625,0.8772972972972973,0.933920704845815,100.0,100.0,5235,472,9689,92,0,9689,0.017574021012416428,0.0,1.0,0.05,0.5,0.9,0.30000000000000004,20.0,40.0,75.0,0.05,0.5,0.9,0.30000000000000004,20.0,40.0,75.0,8142,3013,5129,8142,0.6299435028248588,0.6256759484459832,0.5,1.2513518968919664,2106,0.6989711251244607,1.0,1
"iteration_2","SCOPE_DATA_COLLECTION",1300,29,1810.0,1870.0,1,8326,5145,1925,8341,5044,1812,3079,1850,681,5252,3289,1240,0.6304165166246549,0.6400077836154894,0.6454971369078605,0.6346698487801751,1.3531782563918977,2.1623794024849747,1.2693396975603501,1.3531782563918977,1.4415862683233165,0.7080220850925625,0.8772972972972973,0.933920704845815,100.0,100.0,5235,472,9689,92,0,9689,0.017574021012416428,0.0,1.0,0.05,0.5,0.9,0.30000000000000004,20.0,40.0,75.0,0.05,0.5,0.9,0.30000000000000004,20.0,40.0,75.0,5143,1882,3261,5143,0.6340657203966557,1.323609003753876,1.0,1.323609003753876,1633,0.8676939426142402,1.0,1
"iteration_2","SCOPE_DATA_COLLECTION",1300,29,1810.0,1870.0,2,8326,5145,1925,8341,5044,1812,3079,1850,681,5252,3289,1240,0.6304165166246549,0.6400077836154894,0.6454971369078605,0.6346698487801751,1.3531782563918977,2.1623794024849747,1.2693396975603501,1.3531782563918977,1.4415862683233165,0.7080220850925625,0.8772972972972973,0.933920704845815,100.0,100.0,5235,472,9689,92,0,9689,0.017574021012416428,0.0,1.0,0.05,0.5,0.9,0.30000000000000004,20.0,40.0,75.0,0.05,0.5,0.9,0.30000000000000004,20.0,40.0,75.0,1909,673,1236,1909,0.6474594028287062,2.1468615956906882,1.5,1.4312410637937922,630,0.9361069836552749,1.0,1
"iteration_2","SCOPE_DATA_COLLECTION",1300,30,1870.0,1930.0,0,8142,5143,1909,8326,5145,1925,3016,1886,676,5129,3261,1236,0.6297114794352363,0.6335729551194871,0.6464435146443515,0.6261716061152807,1.324827969213526,2.1458779107704236,1.2523432122305613,1.324827969213526,1.4305852738469491,0.7019230769230769,0.8685047720042418,0.9363905325443787,95.0,100.0,5181,462,9551,75,0,9551,0.01447596988998263,0.0,1.0,0.05,0.5,0.9,0.30000000000000004,20.0,40.0,75.0,0.15000000000000002,0.4,0.9,0.30000000000000004,30.0,30.0,85.0,8339,3663,4676,8339,0.5607386976855738,0.5230818852235576,0.5,1.0461637704471152,2042,0.5574665574665575,1.0,1
"iteration_2","SCOPE_DATA_COLLECTION",1300,30,1870.0,1930.0,1,8142,5143,1909,8326,5145,1925,3016,1886,676,5129,3261,1236,0.6297114794352363,0.6335729551194871,0.6464435146443515,0.6261716061152807,1.324827969213526,2.1458779107704236,1.2523432122305613,1.324827969213526,1.4305852738469491,0.7019230769230769,0.8685047720042418,0.9363905325443787,95.0,100.0,5181,462,9551,75,0,9551,0.01447596988998263,0.0,1.0,0.05,0.5,0.9,0.30000000000000004,20.0,40.0,75.0,0.15000000000000002,0.4,0.9,0.30000000000000004,30.0,30.0,85.0,5033,2185,2848,5033,0.5658652890919929,1.1378389899222292,1.0,1.1378389899222292,1621,0.7418764302059496,1.0,1
"iteration_2","SCOPE_DATA_COLLECTION",1300,30,1870.0,1930.0,2,8142,5143,1909,8326,5145,1925,3016,1886,676,5129,3261,1236,0.6297114794352363,0.6335729551194871,0.6464435146443515,0.6261716061152807,1.324827969213526,2.1458779107704236,1.2523432122305613,1.324827969213526,1.4305852738469491,0.7019230769230769,0.8685047720042418,0.9363905325443787,95.0,100.0,5181,462,9551,75,0,9551,0.01447596988998263,0.0,1.0,0.05,0.5,0.9,0.30000000000000004,20.0,40.0,75.0,0.15000000000000002,0.4,0.9,0.30000000000000004,30.0,30.0,85.0,1952,821,1131,1952,0.579405737704918,1.806273658776601,1.5,1.2041824391844007,622,0.7576126674786845,1.0,1
"iteration_2","SCOPE_DATA_COLLECTION",1300,31,1930.0,1990.0,0,8339,5033,1952,8142,5143,1909,3641,2187,815,4676,2847,1131,0.5622219550318625,0.5655542312276519,0.5811921891058581,0.5196105029162033,1.1377731885117641,1.8005969307932288,1.0392210058324065,1.1377731885117641,1.2003979538621525,0.5536940400988739,0.7421124828532236,0.7558282208588957,100.0,100.0,5194,1538,8592,62,0,8592,0.011936850211782826,0.0,1.0,0.15000000000000002,0.4,0.9,0.30000000000000004,30.0,30.0,85.0,0.15000000000000002,0.4,0.9,0.30000000000000004,30.0,30.0,85.0,8239,3702,4537,8239,0.5506736254399806,0.5481673128341231,0.5,1.0963346256682462,2200,0.5942733657482442,1.0,1
"iteration_2","SCOPE_DATA_COLLECTION",1300,31,1930.0,1990.0,1,8339,5033,1952,8142,5143,1909,3641,2187,815,4676,2847,1131,0.5622219550318625,0.5655542312276519,0.5811921891058581,0.5196105029162033,1.1377731885117641,1.8005969307932288,1.0392210058324065,1.1377731885117641,1.2003979538621525,0.5536940400988739,0.7421124828532236,0.7558282208588957,100.0,100.0,5194,1538,8592,62,0,8592,0.011936850211782826,0.0,1.0,0.15000000000000002,0.4,0.9,0.30000000000000004,30.0,30.0,85.0,0.15000000000000002,0.4,0.9,0.30000000000000004,30.0,30.0,85.0,5055,2240,2815,5055,0.5568743818001978,1.1809355087741364,1.0,1.1809355087741364,1671,0.7459821428571428,1.0,1
"iteration_2","SCOPE_DATA_COLLECTION",1300,31,1930.0,1990.0,2,8339,5033,1952,8142,5143,1909,3641,2187,815,4676,2847,1131,0.5622219550318625,0.5655542312276519,0.5811921891058581,0.5196105029162033,1.1377731885117641,1.8005969307932288,1.0392210058324065,1.1377731885117641,1.2003979538621525,0.5536940400988739,0.7421124828532236,0.7558282208588957,100.0,100.0,5194,1538,8592,62,0,8592,0.011936850211782826,0.0,1.0,0.15000000000000002,0.4,0.9,0.30000000000000004,30.0,30.0,85.0,0.15000000000000002,0.4,0.9,0.30000000000000004,30.0,30.0,85.0,1800,768,1032,1800,0.5733333333333334,1.827987191987407,1.5,1.2186581279916047,592,0.7708333333333334,1.0,1
"iteration_2","SCOPE_DATA_COLLECTION",1300,32,1990.0,2050.0,0,8239,5055,1800,8339,5033,1952,3714,2245,775,4537,2816,1032,0.5498727426978548,0.5564117763287888,0.5711123408965135,0.5504478141404464,1.185042331046438,1.8433946902660376,1.1008956282808928,1.185042331046438,1.2289297935106918,0.5955842757135165,0.7474387527839643,0.7741935483870968,100.0,100.0,5306,1491,8297,86,2,8297,0.01620806633999246,0.0013413816230717639,1.0,0.15000000000000002,0.4,0.9,0.30000000000000004,30.0,30.0,85.0,0.25,0.6000000000000001,0.30000000000000004,0.1,45.0,30.0,95.0,8436,4220,4216,8436,0.4997629208155524,0.48655982350523286,0.5,0.9731196470104657,2163,0.5125592417061612,1.0,1
"iteration_2","SCOPE_DATA_COLLECTION",1300,32,1990.0,2050.0,1,8239,5055,1800,8339,5033,1952,3714,2245,775,4537,2816,1032,0.5498727426978548,0.5564117763287888,0.5711123408965135,0.5504478141404464,1.185042331046438,1.8433946902660376,1.1008956282808928,1.185042331046438,1.2289297935106918,0.5955842757135165,0.7474387527839643,0.7741935483870968,100.0,100.0,5306,1491,8297,86,2,8297,0.01620806633999246,0.0013413816230717639,1.0,0.15000000000000002,0.4,0.9,0.30000000000000004,30.0,30.0,85.0,0.25,0.6000000000000001,0.30000000000000004,0.1,45.0,30.0,95.0,5027,2516,2511,5027,0.4995026854983091,0.9759155828406418,1.0,0.9759155828406418,1586,0.6303656597774245,1.0,1
"iteration_2","SCOPE_DATA_COLLECTION",1300,32,1990.0,2050.0,2,8239,5055,1800,8339,5033,1952,3714,2245,775,4537,2816,1032,0.5498727426978548,0.5564117763287888,0.5711123408965135,0.5504478141404464,1.185042331046438,1.8433946902660376,1.1008956282808928,1.185042331046438,1.2289297935106918,0.5955842757135165,0.7474387527839643,0.7741935483870968,100.0,100.0,5306,1491,8297,86,2,8297,0.01620806633999246,0.0013413816230717639,1.0,0.15000000000000002,0.4,0.9,0.30000000000000004,30.0,30.0,85.0,0.25,0.6000000000000001,0.30000000000000004,0.1,45.0,30.0,95.0,1849,911,938,1849,0.50730124391563,1.6044064980166832,1.5,1.0696043320111221,621,0.681668496158068,1.0,1
"iteration_2","SCOPE_DATA_COLLECTION",1300,33,2050.0,2110.0,0,8436,5027,1849,8239,5055,1800,4218,2518,913,4216,2511,938,0.49988143229784204,0.4993040365877908,0.5067531064289573,0.4858469042783535,0.9760255734209167,1.6021502648240074,0.971693808556707,0.9760255734209167,1.0681001765493383,0.5118539592223803,0.6302621127879269,0.6812705366922235,90.0,100.0,5159,2527,7626,36,3,7626,0.006978096530335336,0.001187178472497032,1.0,0.25,0.6000000000000001,0.30000000000000004,0.1,45.0,30.0,95.0,0.35000000000000003,0.5,0.2,0.1,35.0,40.0,95.0,8210,4683,3527,8210,0.42959805115712546,0.42668978566092797,0.5,0.8533795713218559,2073,0.4426649583600256,1.0,1
"iteration_2","SCOPE_DATA_COLLECTION",1300,33,2050.0,2110.0,1,8436,5027,1849,8239,5055,1800,4218,2518,913,4216,2511,938,0.49988143229784204,0.4993040365877908,0.5067531064289573,0.4858469042783535,0.9760255734209167,1.6021502648240074,0.971693808556707,0.9760255734209167,1.0681001765493383,0.5118539592223803,0.6302621127879269,0.6812705366922235,90.0,100.0,5159,2527,7626,36,3,7626,0.006978096530335336,0.001187178472497032,1.0,0.25,0.6000000000000001,0.30000000000000004,0.1,45.0,30.0,95.0,0.35000000000000003,0.5,0.2,0.1,35.0,40.0,95.0,5170,2810,2360,5170,0.4564796905222437,0.8603332809088773,1.0,0.8603332809088773,1583,0.5633451957295373,1.0,1
"iteration_2","SCOPE_DATA_COLLECTION",1300,33,2050.0,2110.0,2,8436,5027,1849,8239,5055,1800,4218,2518,913,4216,2511,938,0.49988143229784204,0.4993040365877908,0.5067531064289573,0.4858469042783535,0.9760255734209167,1.6021502648240074,0.971693808556707,0.9760255734209167,1.0681001765493383,0.5118539592223803,0.6302621127879269,0.6812705366922235,90.0,100.0,5159,2527,7626,36,3,7626,0.006978096530335336,0.001187178472497032,1.0,0.25,0.6000000000000001,0.30000000000000004,0.1,45.0,30.0,95.0,0.35000000000000003,0.5,0.2,0.1,35.0,40.0,95.0,1913,1067,846,1913,0.4422373235755358,1.46236628684188,1.5,0.9749108578945868,643,0.6026241799437676,1.0,1
"iteration_2","SCOPE_DATA_COLLECTION",1300,34,2110.0,2170.0,0,8210,5170,1913,8436,5027,1849,4690,2790,1053,3527,2360,846,0.42923207983448947,0.458252427184466,0.44549763033175355,0.42813322162362893,0.8589777766034525,1.4545920908645893,0.8562664432472579,0.8589777766034525,0.9697280605763928,0.4445628997867804,0.5627240143369175,0.5992402659069326,100.0,100.0,5032,3552,6709,21,3,6709,0.0041732909379968205,8.445945945945946E-4,1.0,0.35000000000000003,0.5,0.2,0.1,35.0,40.0,95.0,0.45,0.5,0.1,0.1,25.0,30.0,95.0,8354,5719,2635,8354,0.3154177639454154,0.4618791607272968,0.5,0.9237583214545936,2332,0.40776359503409687,1.0,1
"iteration_2","SCOPE_DATA_COLLECTION",1300,34,2110.0,2170.0,1,8210,5170,1913,8436,5027,1849,4690,2790,1053,3527,2360,846,0.42923207983448947,0.458252427184466,0.44549763033175355,0.42813322162362893,0.8589777766034525,1.4545920908645893,0.8562664432472579,0.8589777766034525,0.9697280605763928,0.4445628997867804,0.5627240143369175,0.5992402659069326,100.0,100.0,5032,3552,6709,21,3,6709,0.0041732909379968205,8.445945945945946E-4,1.0,0.35000000000000003,0.5,0.2,0.1,35.0,40.0,95.0,0.45,0.5,0.1,0.1,25.0,30.0,95.0,5182,3528,1654,5182,0.31918178309532996,0.8000750642977186,1.0,0.8000750642977186,1692,0.47959183673469385,1.0,1
"iteration_2","SCOPE_DATA_COLLECTION",1300,34,2110.0,2170.0,2,8210,5170,1913,8436,5027,1849,4690,2790,1053,3527,2360,846,0.42923207983448947,0.458252427184466,0.44549763033175355,0.42813322162362893,0.8589777766034525,1.4545920908645893,0.8562664432472579,0.8589777766034525,0.9697280605763928,0.4445628997867804,0.5627240143369175,0.5992402659069326,100.0,100.0,5032,3552,6709,21,3,6709,0.0041732909379968205,8.445945945945946E-4,1.0,0.35000000000000003,0.5,0.2,0.1,35.0,40.0,95.0,0.45,0.5,0.1,0.1,25.0,30.0,95.0,1872,1229,643,1872,0.343482905982906,1.3391194210155404,1.5,0.8927462806770269,631,0.5134255492270138,1.0,1
"iteration_2","SCOPE_DATA_COLLECTION",1300,35,2170.0,2230.0,0,8354,5182,1872,8210,5170,1913,5679,3528,1228,2635,1654,643,0.3169352898725042,0.31918178309532996,0.3436664885088188,0.44072796019636684,0.7896449599137403,1.3294980470528914,0.8814559203927337,0.7896449599137403,0.8863320313685943,0.4041204437400951,0.4790249433106576,0.5130293159609121,100.0,100.0,5160,4540,5708,16,3,4913,0.0031007751937984496,6.607929515418502E-4,0.8607217939733707,0.45,0.5,0.1,0.1,25.0,30.0,95.0,0.65,0.30000000000000004,0.6000000000000001,0.4,65.0,45.0,20.0,8365,8179,186,8365,0.022235505080693364,0.31406597048860346,0.5,0.6281319409772069,2180,0.26653625137547377,1.0,1
"iteration_2","SCOPE_DATA_COLLECTION",1300,35,2170.0,2230.0,1,8354,5182,1872,8210,5170,1913,5679,3528,1228,2635,1654,643,0.3169352898725042,0.31918178309532996,0.3436664885088188,0.44072796019636684,0.7896449599137403,1.3294980470528914,0.8814559203927337,0.7896449599137403,0.8863320313685943,0.4041204437400951,0.4790249433106576,0.5130293159609121,100.0,100.0,5160,4540,5708,16,3,4913,0.0031007751937984496,6.607929515418502E-4,0.8607217939733707,0.45,0.5,0.1,0.1,25.0,30.0,95.0,0.65,0.30000000000000004,0.6000000000000001,0.4,65.0,45.0,20.0,5168,4998,170,5168,0.03289473684210526,0.6536561682312276,1.0,0.6536561682312276,1761,0.35234093637454983,1.0,1
"iteration_2","SCOPE_DATA_COLLECTION",1300,35,2170.0,2230.0,2,8354,5182,1872,8210,5170,1913,5679,3528,1228,2635,1654,643,0.3169352898725042,0.31918178309532996,0.3436664885088188,0.44072796019636684,0.7896449599137403,1.3294980470528914,0.8814559203927337,0.7896449599137403,0.8863320313685943,0.4041204437400951,0.4790249433106576,0.5130293159609121,100.0,100.0,5160,4540,5708,16,3,4913,0.0031007751937984496,6.607929515418502E-4,0.8607217939733707,0.45,0.5,0.1,0.1,25.0,30.0,95.0,0.65,0.30000000000000004,0.6000000000000001,0.4,65.0,45.0,20.0,1820,1735,85,1820,0.046703296703296704,1.022347666035679,1.5,0.6815651106904527,593,0.34178674351585014,1.0,1
"iteration_2","SCOPE_DATA_COLLECTION",1300,36,2230.0,2290.0,0,8365,5168,1820,8354,5182,1872,8212,5006,1744,186,170,85,0.022148130507263636,0.03284389489953632,0.046473482777474026,0.3297764987708387,0.6610860063253787,1.0328798059766233,0.6595529975416774,0.6610860063253787,0.6885865373177489,0.2700925474914759,0.35337594886136636,0.3440366972477064,97.5,100.0,5432,6460,3461,94,3,344,0.017304860088365244,4.6439628482972134E-4,0.09939323894828084,0.65,0.30000000000000004,0.6000000000000001,0.4,65.0,45.0,20.0,0.55,0.30000000000000004,0.1,0.8,95.0,45.0,40.0,8299,7543,756,8299,0.0910953126882757,0.37445377869051677,0.5,0.7489075573810335,2249,0.2981572318706085,1.0,1
"iteration_2","SCOPE_DATA_COLLECTION",1300,36,2230.0,2290.0,1,8365,5168,1820,8354,5182,1872,8212,5006,1744,186,170,85,0.022148130507263636,0.03284389489953632,0.046473482777474026,0.3297764987708387,0.6610860063253787,1.0328798059766233,0.6595529975416774,0.6610860063253787,0.6885865373177489,0.2700925474914759,0.35337594886136636,0.3440366972477064,97.5,100.0,5432,6460,3461,94,3,344,0.017304860088365244,4.6439628482972134E-4,0.09939323894828084,0.65,0.30000000000000004,0.6000000000000001,0.4,65.0,45.0,20.0,0.55,0.30000000000000004,0.1,0.8,95.0,45.0,40.0,5050,4564,486,5050,0.09623762376237624,0.6800260864686227,1.0,0.6800260864686227,1740,0.38124452234881684,1.0,1
"iteration_2","SCOPE_DATA_COLLECTION",1300,36,2230.0,2290.0,2,8365,5168,1820,8354,5182,1872,8212,5006,1744,186,170,85,0.022148130507263636,0.03284389489953632,0.046473482777474026,0.3297764987708387,0.6610860063253787,1.0328798059766233,0.6595529975416774,0.6610860063253787,0.6885865373177489,0.2700925474914759,0.35337594886136636,0.3440366972477064,97.5,100.0,5432,6460,3461,94,3,344,0.017304860088365244,4.6439628482972134E-4,0.09939323894828084,0.65,0.30000000000000004,0.6000000000000001,0.4,65.0,45.0,20.0,0.55,0.30000000000000004,0.1,0.8,95.0,45.0,40.0,1739,1526,213,1739,0.12248418631397355,1.0779929678836515,1.5,0.718661978589101,561,0.3676277850589777,1.0,1
"iteration_2","SCOPE_DATA_COLLECTION",1300,37,2290.0,2350.0,0,8299,5050,1739,8365,5168,1820,7545,4560,1514,756,485,213,0.09107336465486086,0.09613478691774034,0.123335263462652,0.3738917569969556,0.6839805686041757,1.0828878308538592,0.7477835139939112,0.6839805686041757,0.7219252205692395,0.298078197481776,0.38333333333333336,0.36988110964332893,97.5,100.0,5274,5367,4447,31,1,1422,0.005877891543420554,1.863238308179616E-4,0.3197661344726782,0.55,0.30000000000000004,0.1,0.8,95.0,45.0,40.0,0.55,0.6000000000000001,0.30000000000000004,0.30000000000000004,60.0,45.0,30.0,8374,7616,758,8374,0.09051827083830905,0.34946990890377233,0.5,0.6989398178075447,2278,0.29910714285714285,1.0,1
"iteration_2","SCOPE_DATA_COLLECTION",1300,37,2290.0,2350.0,1,8299,5050,1739,8365,5168,1820,7545,4560,1514,756,485,213,0.09107336465486086,0.09613478691774034,0.123335263462652,0.3738917569969556,0.6839805686041757,1.0828878308538592,0.7477835139939112,0.6839805686041757,0.7219252205692395,0.298078197481776,0.38333333333333336,0.36988110964332893,97.5,100.0,5274,5367,4447,31,1,1422,0.005877891543420554,1.863238308179616E-4,0.3197661344726782,0.55,0.30000000000000004,0.1,0.8,95.0,45.0,40.0,0.55,0.6000000000000001,0.30000000000000004,0.30000000000000004,60.0,45.0,30.0,5009,4560,449,5009,0.08963865042922739,0.6767429887884115,1.0,0.6767429887884115,1695,0.3717105263157895,1.0,1
"iteration_2","SCOPE_DATA_COLLECTION",1300,37,2290.0,2350.0,2,8299,5050,1739,8365,5168,1820,7545,4560,1514,756,485,213,0.09107336465486086,0.09613478691774034,0.123335263462652,0.3738917569969556,0.6839805686041757,1.0828878308538592,0.7477835139939112,0.6839805686041757,0.7219252205692395,0.298078197481776,0.38333333333333336,0.36988110964332893,97.5,100.0,5274,5367,4447,31,1,1422,0.005877891543420554,1.863238308179616E-4,0.3197661344726782,0.55,0.30000000000000004,0.1,0.8,95.0,45.0,40.0,0.55,0.6000000000000001,0.30000000000000004,0.30000000000000004,60.0,45.0,30.0,1761,1590,171,1761,0.09710391822827939,1.081966002032012,1.5,0.7213106680213414,587,0.3691823899371069,1.0,1
"iteration_2","SCOPE_DATA_COLLECTION",1300,38,2350.0,2410.0,0,8374,5009,1761,8299,5050,1739,7613,4567,1601,758,450,171,0.09055071078724167,0.08969503687462627,0.09650112866817155,0.34949965541441885,0.6739888636657199,1.0780480260294687,0.6989993108288377,0.6739888636657199,0.7186986840196458,0.2985682385393406,0.3698270199255529,0.36789506558401,100.0,100.0,5210,5541,4393,40,8,1331,0.007677543186180422,0.0014437827107020393,0.30298201684498066,0.55,0.6000000000000001,0.30000000000000004,0.30000000000000004,60.0,45.0,30.0,0.55,0.6000000000000001,0.30000000000000004,0.30000000000000004,60.0,45.0,30.0,8323,7498,825,8323,0.09912291241139012,0.36290326254216804,0.5,0.7258065250843361,2352,0.3136836489730595,1.0,1
"iteration_2","SCOPE_DATA_COLLECTION",1300,38,2350.0,2410.0,1,8374,5009,1761,8299,5050,1739,7613,4567,1601,758,450,171,0.09055071078724167,0.08969503687462627,0.09650112866817155,0.34949965541441885,0.6739888636657199,1.0780480260294687,0.6989993108288377,0.6739888636657199,0.7186986840196458,0.2985682385393406,0.3698270199255529,0.36789506558401,100.0,100.0,5210,5541,4393,40,8,1331,0.007677543186180422,0.0014437827107020393,0.30298201684498066,0.55,0.6000000000000001,0.30000000000000004,0.30000000000000004,60.0,45.0,30.0,0.55,0.6000000000000001,0.30000000000000004,0.30000000000000004,60.0,45.0,30.0,5110,4570,540,5110,0.10567514677103718,0.6734100621824489,1.0,0.6734100621824489,1683,0.36827133479212254,1.0,1
"iteration_2","SCOPE_DATA_COLLECTION",1300,38,2350.0,2410.0,2,8374,5009,1761,8299,5050,1739,7613,4567,1601,758,450,171,0.09055071078724167,0.08969503687462627,0.09650112866817155,0.34949965541441885,0.6739888636657199,1.0780480260294687,0.6989993108288377,0.6739888636657199,0.7186986840196458,0.2985682385393406,0.3698270199255529,0.36789506558401,100.0,100.0,5210,5541,4393,40,8,1331,0.007677543186180422,0.0014437827107020393,0.30298201684498066,0.55,0.6000000000000001,0.30000000000000004,0.30000000000000004,60.0,45.0,30.0,0.55,0.6000000000000001,0.30000000000000004,0.30000000000000004,60.0,45.0,30.0,1759,1543,216,1759,0.12279704377487209,1.1108179307752493,1.5,0.7405452871834995,598,0.38755670771224887,1.0,1
"iteration_2","SCOPE_DATA_COLLECTION",1300,39,2410.0,2470.0,0,8323,5110,1759,8374,5009,1761,7453,4551,1544,824,535,212,0.0995529781321735,0.10519071962249311,0.12072892938496584,0.35966630389124776,0.6728626623742533,1.1135433616380888,0.7193326077824955,0.6728626623742533,0.7423622410920592,0.3110156983764927,0.36805097780707535,0.38924870466321243,97.5,100.0,5301,5414,4477,58,1,1512,0.010941331824184115,1.847063169560399E-4,0.3377261559079741,0.55,0.6000000000000001,0.30000000000000004,0.30000000000000004,60.0,45.0,30.0,0.15000000000000002,0.2,0.1,0.4,75.0,90.0,85.0,8342,3711,4631,8342,0.555142651642292,0.48908886219286096,0.5,0.9781777243857219,1978,0.5330099703583939,1.0,1
"iteration_2","SCOPE_DATA_COLLECTION",1300,39,2410.0,2470.0,1,8323,5110,1759,8374,5009,1761,7453,4551,1544,824,535,212,0.0995529781321735,0.10519071962249311,0.12072892938496584,0.35966630389124776,0.6728626623742533,1.1135433616380888,0.7193326077824955,0.6728626623742533,0.7423622410920592,0.3110156983764927,0.36805097780707535,0.38924870466321243,97.5,100.0,5301,5414,4477,58,1,1512,0.010941331824184115,1.847063169560399E-4,0.3377261559079741,0.55,0.6000000000000001,0.30000000000000004,0.30000000000000004,60.0,45.0,30.0,0.15000000000000002,0.2,0.1,0.4,75.0,90.0,85.0,5045,2232,2813,5045,0.557581764122894,1.0495031535148165,1.0,1.0495031535148165,1646,0.7374551971326165,1.0,1
"iteration_2","SCOPE_DATA_COLLECTION",1300,39,2410.0,2470.0,2,8323,5110,1759,8374,5009,1761,7453,4551,1544,824,535,212,0.0995529781321735,0.10519071962249311,0.12072892938496584,0.35966630389124776,0.6728626623742533,1.1135433616380888,0.7193326077824955,0.6728626623742533,0.7423622410920592,0.3110156983764927,0.36805097780707535,0.38924870466321243,97.5,100.0,5301,5414,4477,58,1,1512,0.010941331824184115,1.847063169560399E-4,0.3377261559079741,0.55,0.6000000000000001,0.30000000000000004,0.30000000000000004,60.0,45.0,30.0,0.15000000000000002,0.2,0.1,0.4,75.0,90.0,85.0,1835,794,1041,1835,0.5673024523160763,1.78561212091817,1.5,1.1904080806121133,613,0.7720403022670025,1.0,1
"iteration_2","SCOPE_DATA_COLLECTION",1300,40,2470.0,2530.0,0,8342,5045,1835,8323,5110,1759,3760,2256,796,4632,2818,1045,0.551954242135367,0.5553803705163579,0.5676262900597502,0.49385657812695266,1.0484473284966094,1.783831276233657,0.9877131562539053,1.0484473284966094,1.189220850822438,0.5356382978723404,0.7331560283687943,0.7688442211055276,97.5,100.0,5335,1411,8476,46,1,8448,0.008622305529522024,7.087172218284905E-4,0.9966965549787635,0.15000000000000002,0.2,0.1,0.4,75.0,90.0,85.0,0.05,0.1,0.1,0.4,65.0,80.0,75.0,8364,3147,5217,8364,0.6237446197991392,0.5286445354089172,0.5,1.0572890708178344,1736,0.5516364791865268,1.0,1
"iteration_2","SCOPE_DATA_COLLECTION",1300,40,2470.0,2530.0,1,8342,5045,1835,8323,5110,1759,3760,2256,796,4632,2818,1045,0.551954242135367,0.5553803705163579,0.5676262900597502,0.49385657812695266,1.0484473284966094,1.783831276233657,0.9877131562539053,1.0484473284966094,1.189220850822438,0.5356382978723404,0.7331560283687943,0.7688442211055276,97.5,100.0,5335,1411,8476,46,1,8448,0.008622305529522024,7.087172218284905E-4,0.9966965549787635,0.15000000000000002,0.2,0.1,0.4,75.0,90.0,85.0,0.05,0.1,0.1,0.4,65.0,80.0,75.0,5228,1993,3235,5228,0.6187834736036726,1.209202934782875,1.0,1.209202934782875,1698,0.8519819367787256,1.0,1
"iteration_2","SCOPE_DATA_COLLECTION",1300,40,2470.0,2530.0,2,8342,5045,1835,8323,5110,1759,3760,2256,796,4632,2818,1045,0.551954242135367,0.5553803705163579,0.5676262900597502,0.49385657812695266,1.0484473284966094,1.783831276233657,0.9877131562539053,1.0484473284966094,1.189220850822438,0.5356382978723404,0.7331560283687943,0.7688442211055276,97.5,100.0,5335,1411,8476,46,1,8448,0.008622305529522024,7.087172218284905E-4,0.9966965549787635,0.15000000000000002,0.2,0.1,0.4,75.0,90.0,85.0,0.05,0.1,0.1,0.4,65.0,80.0,75.0,1916,686,1230,1916,0.6419624217118998,2.043661610968269,1.5,1.362441073978846,627,0.9139941690962099,1.0,1
"iteration_2","SCOPE_DATA_COLLECTION",1300,41,2530.0,2590.0,0,8364,5228,1916,8342,5045,1835,3153,1994,689,5217,3235,1230,0.6232974910394266,0.6186651367374258,0.6409588327253778,0.5290225812775715,1.2105515080434015,2.040265002469453,1.058045162555143,1.2105515080434015,1.3601766683129686,0.5537583254043768,0.8530591775325977,0.9114658925979681,100.0,100.0,5348,512,9648,33,1,9648,0.0061705310396409875,0.001953125,1.0,0.05,0.1,0.1,0.4,65.0,80.0,75.0,0.5,0.30000000000000004,0.6000000000000001,0.5,80.0,85.0,60.0,8349,6984,1365,8349,0.16349263384836507,0.3783037065040994,0.5,0.7566074130081988,2272,0.32531500572737687,1.0,1
"iteration_2","SCOPE_DATA_COLLECTION",1300,41,2530.0,2590.0,1,8364,5228,1916,8342,5045,1835,3153,1994,689,5217,3235,1230,0.6232974910394266,0.6186651367374258,0.6409588327253778,0.5290225812775715,1.2105515080434015,2.040265002469453,1.058045162555143,1.2105515080434015,1.3601766683129686,0.5537583254043768,0.8530591775325977,0.9114658925979681,100.0,100.0,5348,512,9648,33,1,9648,0.0061705310396409875,0.001953125,1.0,0.05,0.1,0.1,0.4,65.0,80.0,75.0,0.5,0.30000000000000004,0.6000000000000001,0.5,80.0,85.0,60.0,5047,4204,843,5047,0.16702991876362194,0.7614522422551209,1.0,0.7614522422551209,1690,0.40199809705042816,1.0,1
"iteration_2","SCOPE_DATA_COLLECTION",1300,41,2530.0,2590.0,2,8364,5228,1916,8342,5045,1835,3153,1994,689,5217,3235,1230,0.6232974910394266,0.6186651367374258,0.6409588327253778,0.5290225812775715,1.2105515080434015,2.040265002469453,1.058045162555143,1.2105515080434015,1.3601766683129686,0.5537583254043768,0.8530591775325977,0.9114658925979681,100.0,100.0,5348,512,9648,33,1,9648,0.0061705310396409875,0.001953125,1.0,0.05,0.1,0.1,0.4,65.0,80.0,75.0,0.5,0.30000000000000004,0.6000000000000001,0.5,80.0,85.0,60.0,1821,1490,331,1821,0.18176825919824272,1.1563925247200992,1.5,0.7709283498133995,591,0.39664429530201345,1.0,1
"iteration_2","SCOPE_DATA_COLLECTION",1300,42,2590.0,2650.0,0,8349,5047,1821,8364,5228,1916,6954,4198,1484,1352,837,329,0.16277389838670842,0.16623634558093348,0.18146718146718147,0.37618649422540507,0.7602884630242013,1.1523937536650326,0.7523729884508101,0.7602884630242013,0.768262502443355,0.32182916307161347,0.4018580276322058,0.39555256064690025,100.0,100.0,5428,4911,4878,87,7,2424,0.016028002947678702,0.0014253716147424149,0.4969249692496925,0.5,0.30000000000000004,0.6000000000000001,0.5,80.0,85.0,60.0,0.6000000000000001,0.30000000000000004,0.7000000000000001,0.4,70.0,75.0,70.0,8309,7930,379,8309,0.04561319051630762,0.33822392274635,0.5,0.6764478454927,2352,0.2965952080706179,1.0,1
"iteration_2","SCOPE_DATA_COLLECTION",1300,42,2590.0,2650.0,1,8349,5047,1821,8364,5228,1916,6954,4198,1484,1352,837,329,0.16277389838670842,0.16623634558093348,0.18146718146718147,0.37618649422540507,0.7602884630242013,1.1523937536650326,0.7523729884508101,0.7602884630242013,0.768262502443355,0.32182916307161347,0.4018580276322058,0.39555256064690025,100.0,100.0,5428,4911,4878,87,7,2424,0.016028002947678702,0.0014253716147424149,0.4969249692496925,0.5,0.30000000000000004,0.6000000000000001,0.5,80.0,85.0,60.0,0.6000000000000001,0.30000000000000004,0.7000000000000001,0.4,70.0,75.0,70.0,5085,4796,289,5085,0.0568338249754179,0.6876884267759029,1.0,0.6876884267759029,1732,0.3611342785654712,1.0,1
"iteration_2","SCOPE_DATA_COLLECTION",1300,42,2590.0,2650.0,2,8349,5047,1821,8364,5228,1916,6954,4198,1484,1352,837,329,0.16277389838670842,0.16623634558093348,0.18146718146718147,0.37618649422540507,0.7602884630242013,1.1523937536650326,0.7523729884508101,0.7602884630242013,0.768262502443355,0.32182916307161347,0.4018580276322058,0.39555256064690025,100.0,100.0,5428,4911,4878,87,7,2424,0.016028002947678702,0.0014253716147424149,0.4969249692496925,0.5,0.30000000000000004,0.6000000000000001,0.5,80.0,85.0,60.0,0.6000000000000001,0.30000000000000004,0.7000000000000001,0.4,70.0,75.0,70.0,1858,1729,129,1858,0.06942949407965554,1.055580687408471,1.5,0.703720458272314,607,0.35106998264893,1.0,1
"iteration_2","SCOPE_DATA_COLLECTION",1300,43,2650.0,2710.0,0,8309,5085,1858,8349,5047,1821,7944,4806,1728,392,295,131,0.04702495201535509,0.057831797686728095,0.07046799354491662,0.34012511891784375,0.6885059799115616,1.0558909412491162,0.6802502378356875,0.6885059799115616,0.7039272941660775,0.29896777442094663,0.3620474406991261,0.3506944444444444,97.5,100.0,5452,5853,3947,92,7,719,0.016874541452677916,0.0011959678797198018,0.18216366860907018,0.6000000000000001,0.30000000000000004,0.7000000000000001,0.4,70.0,75.0,70.0,0.7000000000000001,0.2,0.7000000000000001,0.30000000000000004,60.0,85.0,80.0,8296,8273,23,8296,0.002772420443587271,0.2892452946798922,0.5,0.5784905893597844,2039,0.24646440227245256,1.0,1
"iteration_2","SCOPE_DATA_COLLECTION",1300,43,2650.0,2710.0,1,8309,5085,1858,8349,5047,1821,7944,4806,1728,392,295,131,0.04702495201535509,0.057831797686728095,0.07046799354491662,0.34012511891784375,0.6885059799115616,1.0558909412491162,0.6802502378356875,0.6885059799115616,0.7039272941660775,0.29896777442094663,0.3620474406991261,0.3506944444444444,97.5,100.0,5452,5853,3947,92,7,719,0.016874541452677916,0.0011959678797198018,0.18216366860907018,0.6000000000000001,0.30000000000000004,0.7000000000000001,0.4,70.0,75.0,70.0,0.7000000000000001,0.2,0.7000000000000001,0.30000000000000004,60.0,85.0,80.0,5135,5103,32,5135,0.0062317429406037,0.6443558804330543,1.0,0.6443558804330543,1694,0.3319615912208505,1.0,1
"iteration_2","SCOPE_DATA_COLLECTION",1300,43,2650.0,2710.0,2,8309,5085,1858,8349,5047,1821,7944,4806,1728,392,295,131,0.04702495201535509,0.057831797686728095,0.07046799354491662,0.34012511891784375,0.6885059799115616,1.0558909412491162,0.6802502378356875,0.6885059799115616,0.7039272941660775,0.29896777442094663,0.3620474406991261,0.3506944444444444,97.5,100.0,5452,5853,3947,92,7,719,0.016874541452677916,0.0011959678797198018,0.18216366860907018,0.6000000000000001,0.30000000000000004,0.7000000000000001,0.4,70.0,75.0,70.0,0.7000000000000001,0.2,0.7000000000000001,0.30000000000000004,60.0,85.0,80.0,1858,1814,44,1858,0.023681377825618945,1.027158817500697,1.5,0.6847725450004646,641,0.3533627342888644,1.0,1
"iteration_2","SCOPE_DATA_COLLECTION",1300,44,2710.0,2770.0,0,8296,5135,1858,8309,5085,1858,8262,5082,1813,23,32,44,0.002776101388050694,0.006257332811888932,0.023694130317716746,0.28899375888196494,0.642355120145236,1.0249346461968165,0.5779875177639299,0.642355120145236,0.683289764131211,0.24606632776567416,0.33038173947264854,0.3530060672917816,100.0,100.0,5331,7050,2908,96,3,0,0.018007878446820485,4.25531914893617E-4,0.0,0.7000000000000001,0.2,0.7000000000000001,0.30000000000000004,60.0,85.0,80.0,0.8,0.2,0.6000000000000001,0.2,50.0,85.0,90.0,8212,8199,13,8212,0.0015830491962981004,0.28866636704361587,0.5,0.5773327340872317,2021,0.24649347481400172,1.0,1
"iteration_2","SCOPE_DATA_COLLECTION",1300,44,2710.0,2770.0,1,8296,5135,1858,8309,5085,1858,8262,5082,1813,23,32,44,0.002776101388050694,0.006257332811888932,0.023694130317716746,0.28899375888196494,0.642355120145236,1.0249346461968165,0.5779875177639299,0.642355120145236,0.683289764131211,0.24606632776567416,0.33038173947264854,0.3530060672917816,100.0,100.0,5331,7050,2908,96,3,0,0.018007878446820485,4.25531914893617E-4,0.0,0.7000000000000001,0.2,0.7000000000000001,0.30000000000000004,60.0,85.0,80.0,0.8,0.2,0.6000000000000001,0.2,50.0,85.0,90.0,5158,5135,23,5158,0.004459092671578131,0.6303800971371788,1.0,0.6303800971371788,1739,0.3386562804284323,1.0,1
"iteration_2","SCOPE_DATA_COLLECTION",1300,44,2710.0,2770.0,2,8296,5135,1858,8309,5085,1858,8262,5082,1813,23,32,44,0.002776101388050694,0.006257332811888932,0.023694130317716746,0.28899375888196494,0.642355120145236,1.0249346461968165,0.5779875177639299,0.642355120145236,0.683289764131211,0.24606632776567416,0.33038173947264854,0.3530060672917816,100.0,100.0,5331,7050,2908,96,3,0,0.018007878446820485,4.25531914893617E-4,0.0,0.7000000000000001,0.2,0.7000000000000001,0.30000000000000004,60.0,85.0,80.0,0.8,0.2,0.6000000000000001,0.2,50.0,85.0,90.0,1779,1753,26,1779,0.01461495222034851,1.006809043006947,1.5,0.671206028671298,604,0.34455219623502564,1.0,1
"iteration_2","SCOPE_DATA_COLLECTION",1300,45,2770.0,2830.0,0,8212,5158,1779,8296,5135,1858,8209,5112,1753,13,23,26,0.0015811238141571393,0.0044790652385589096,0.01461495222034851,0.2879224762907079,0.6259040425737666,1.0147373696353639,0.5758449525814158,0.6259040425737666,0.6764915797569092,0.2454622974783774,0.33568075117370894,0.34854535082715343,97.5,100.0,5248,7969,1932,55,7,0,0.010480182926829269,8.784038147822813E-4,0.0,0.8,0.2,0.6000000000000001,0.2,50.0,85.0,90.0,0.9,0.9,0.4,0.2,50.0,80.0,60.0,8213,8194,19,8213,0.0023134055765250214,0.3297549510978702,0.5,0.6595099021957403,2320,0.28313400048816206,1.0,1
"iteration_2","SCOPE_DATA_COLLECTION",1300,45,2770.0,2830.0,1,8212,5158,1779,8296,5135,1858,8209,5112,1753,13,23,26,0.0015811238141571393,0.0044790652385589096,0.01461495222034851,0.2879224762907079,0.6259040425737666,1.0147373696353639,0.5758449525814158,0.6259040425737666,0.6764915797569092,0.2454622974783774,0.33568075117370894,0.34854535082715343,97.5,100.0,5248,7969,1932,55,7,0,0.010480182926829269,8.784038147822813E-4,0.0,0.8,0.2,0.6000000000000001,0.2,50.0,85.0,90.0,0.9,0.9,0.4,0.2,50.0,80.0,60.0,5048,5018,30,5048,0.005942947702060222,0.6236926497526732,1.0,0.6236926497526732,1617,0.32223993622957353,1.0,1
"iteration_2","SCOPE_DATA_COLLECTION",1300,45,2770.0,2830.0,2,8212,5158,1779,8296,5135,1858,8209,5112,1753,13,23,26,0.0015811238141571393,0.0044790652385589096,0.01461495222034851,0.2879224762907079,0.6259040425737666,1.0147373696353639,0.5758449525814158,0.6259040425737666,0.6764915797569092,0.2454622974783774,0.33568075117370894,0.34854535082715343,97.5,100.0,5248,7969,1932,55,7,0,0.010480182926829269,8.784038147822813E-4,0.0,0.8,0.2,0.6000000000000001,0.2,50.0,85.0,90.0,0.9,0.9,0.4,0.2,50.0,80.0,60.0,1890,1862,28,1890,0.014814814814814815,0.9934378402661489,1.5,0.6622918935107659,617,0.3313641245972073,1.0,1
"iteration_2","SCOPE_DATA_COLLECTION",1300,46,2830.0,2890.0,0,8213,5048,1890,8212,5158,1779,8204,5060,1857,19,30,28,0.002310592241274474,0.005893909626719057,0.014854111405835544,0.33118619128822413,0.6304777302625296,0.9909407684791831,0.6623723825764483,0.6304777302625296,0.6606271789861221,0.28510482691370065,0.32727272727272727,0.329025309639203,95.0,100.0,5250,8916,985,73,4,0,0.013904761904761904,4.4863167339614175E-4,0.0,0.9,0.9,0.4,0.2,50.0,80.0,60.0,0.8,0.9,0.30000000000000004,0.30000000000000004,40.0,90.0,70.0,8336,8319,17,8336,0.0020393474088291745,0.32182571131238474,0.5,0.6436514226247695,2332,0.28032215410506073,1.0,1
"iteration_2","SCOPE_DATA_COLLECTION",1300,46,2830.0,2890.0,1,8213,5048,1890,8212,5158,1779,8204,5060,1857,19,30,28,0.002310592241274474,0.005893909626719057,0.014854111405835544,0.33118619128822413,0.6304777302625296,0.9909407684791831,0.6623723825764483,0.6304777302625296,0.6606271789861221,0.28510482691370065,0.32727272727272727,0.329025309639203,95.0,100.0,5250,8916,985,73,4,0,0.013904761904761904,4.4863167339614175E-4,0.0,0.9,0.9,0.4,0.2,50.0,80.0,60.0,0.8,0.9,0.30000000000000004,0.30000000000000004,40.0,90.0,70.0,5117,5096,21,5117,0.004103967168262654,0.62382408015764,1.0,0.62382408015764,1709,0.33536106750392464,1.0,1
"iteration_2","SCOPE_DATA_COLLECTION",1300,46,2830.0,2890.0,2,8213,5048,1890,8212,5158,1779,8204,5060,1857,19,30,28,0.002310592241274474,0.005893909626719057,0.014854111405835544,0.33118619128822413,0.6304777302625296,0.9909407684791831,0.6623723825764483,0.6304777302625296,0.6606271789861221,0.28510482691370065,0.32727272727272727,0.329025309639203,95.0,100.0,5250,8916,985,73,4,0,0.013904761904761904,4.4863167339614175E-4,0.0,0.9,0.9,0.4,0.2,50.0,80.0,60.0,0.8,0.9,0.30000000000000004,0.30000000000000004,40.0,90.0,70.0,1824,1788,36,1824,0.019736842105263157,0.989642414678186,1.5,0.6597616097854574,600,0.33557046979865773,1.0,1
"iteration_2","SCOPE_DATA_COLLECTION",1300,47,2890.0,2950.0,0,8336,5117,1824,8213,5048,1890,8293,5070,1796,17,21,36,0.002045728038507822,0.0041249263406010605,0.019650655021834062,0.3197931967794951,0.6204044339461181,0.9900093141265834,0.6395863935589902,0.6204044339461181,0.6600062094177223,0.27794525503436635,0.3329388560157791,0.3368596881959911,100.0,100.0,5339,7993,1945,62,12,0,0.0116126615471062,0.0015013136494432628,0.0,0.8,0.9,0.30000000000000004,0.30000000000000004,40.0,90.0,70.0,0.9,0.9,0.4,0.30000000000000004,40.0,90.0,60.0,8307,8232,75,8307,0.00902853015529072,0.3248196455588682,0.5,0.6496392911177364,2247,0.2729591836734694,1.0,1
"iteration_2","SCOPE_DATA_COLLECTION",1300,47,2890.0,2950.0,1,8336,5117,1824,8213,5048,1890,8293,5070,1796,17,21,36,0.002045728038507822,0.0041249263406010605,0.019650655021834062,0.3197931967794951,0.6204044339461181,0.9900093141265834,0.6395863935589902,0.6204044339461181,0.6600062094177223,0.27794525503436635,0.3329388560157791,0.3368596881959911,100.0,100.0,5339,7993,1945,62,12,0,0.0116126615471062,0.0015013136494432628,0.0,0.8,0.9,0.30000000000000004,0.30000000000000004,40.0,90.0,70.0,0.9,0.9,0.4,0.30000000000000004,40.0,90.0,60.0,5019,4959,60,5019,0.011954572624028692,0.6378171033925183,1.0,0.6378171033925183,1661,0.33494656180681587,1.0,1
"iteration_2","SCOPE_DATA_COLLECTION",1300,47,2890.0,2950.0,2,8336,5117,1824,8213,5048,1890,8293,5070,1796,17,21,36,0.002045728038507822,0.0041249263406010605,0.019650655021834062,0.3197931967794951,0.6204044339461181,0.9900093141265834,0.6395863935589902,0.6204044339461181,0.6600062094177223,0.27794525503436635,0.3329388560157791,0.3368596881959911,100.0,100.0,5339,7993,1945,62,12,0,0.0116126615471062,0.0015013136494432628,0.0,0.8,0.9,0.30000000000000004,0.30000000000000004,40.0,90.0,70.0,0.9,0.9,0.4,0.30000000000000004,40.0,90.0,60.0,1868,1829,39,1868,0.0208779443254818,1.0214032872913712,1.5,0.6809355248609141,619,0.3384363039912521,1.0,1
"iteration_2","SCOPE_DATA_COLLECTION",1300,48,2950.0,3010.0,0,8307,5019,1868,8336,5117,1824,8248,4969,1821,75,60,39,0.009011173855580921,0.011930801352157487,0.020967741935483872,0.3257361509941669,0.641287969225616,1.021994878707853,0.6514723019883338,0.641287969225616,0.6813299191385687,0.27461202715809896,0.33708995773797545,0.3382756727073037,100.0,100.0,5238,8951,1005,85,89,0,0.016227567773959527,0.00994302312590772,0.0,0.9,0.9,0.4,0.30000000000000004,40.0,90.0,60.0,0.75,0.5,0.9,0.30000000000000004,65.0,50.0,70.0,8270,8253,17,8270,0.0020556227327690447,0.31269299138445433,0.5,0.6253859827689087,2242,0.2716587907427602,1.0,1
"iteration_2","SCOPE_DATA_COLLECTION",1300,48,2950.0,3010.0,1,8307,5019,1868,8336,5117,1824,8248,4969,1821,75,60,39,0.009011173855580921,0.011930801352157487,0.020967741935483872,0.3257361509941669,0.641287969225616,1.021994878707853,0.6514723019883338,0.641287969225616,0.6813299191385687,0.27461202715809896,0.33708995773797545,0.3382756727073037,100.0,100.0,5238,8951,1005,85,89,0,0.016227567773959527,0.00994302312590772,0.0,0.9,0.9,0.4,0.30000000000000004,40.0,90.0,60.0,0.75,0.5,0.9,0.30000000000000004,65.0,50.0,70.0,5041,5008,33,5041,0.006546320174568538,0.6503982994064025,1.0,0.6503982994064025,1728,0.3450479233226837,1.0,1
"iteration_2","SCOPE_DATA_COLLECTION",1300,48,2950.0,3010.0,2,8307,5019,1868,8336,5117,1824,8248,4969,1821,75,60,39,0.009011173855580921,0.011930801352157487,0.020967741935483872,0.3257361509941669,0.641287969225616,1.021994878707853,0.6514723019883338,0.641287969225616,0.6813299191385687,0.27461202715809896,0.33708995773797545,0.3382756727073037,100.0,100.0,5238,8951,1005,85,89,0,0.016227567773959527,0.00994302312590772,0.0,0.9,0.9,0.4,0.30000000000000004,40.0,90.0,60.0,0.75,0.5,0.9,0.30000000000000004,65.0,50.0,70.0,1807,1771,36,1807,0.01992252351964582,1.0037121647738916,1.5,0.6691414431825944,594,0.33540372670807456,1.0,1
"iteration_2","SCOPE_DATA_COLLECTION",1300,49,3010.0,3070.0,0,8270,5041,1807,8307,5019,1868,8238,5008,1774,17,33,36,0.002059357964869776,0.006546320174568538,0.019889502762430938,0.31246090155026507,0.648541088589927,1.0045513586810522,0.6249218031005301,0.648541088589927,0.6697009057873681,0.27069677106093715,0.3448482428115016,0.3359639233370913,100.0,100.0,5348,7314,2456,83,3,0,0.015519820493642483,4.1017227235438887E-4,0.0,0.75,0.5,0.9,0.30000000000000004,65.0,50.0,70.0,0.75,0.2,0.9,0.7000000000000001,45.0,70.0,65.0,8228,8212,16,8228,0.0019445794846864365,0.30119358866563556,0.5,0.6023871773312711,2137,0.26022893326838775,1.0,1
"iteration_2","SCOPE_DATA_COLLECTION",1300,49,3010.0,3070.0,1,8270,5041,1807,8307,5019,1868,8238,5008,1774,17,33,36,0.002059357964869776,0.006546320174568538,0.019889502762430938,0.31246090155026507,0.648541088589927,1.0045513586810522,0.6249218031005301,0.648541088589927,0.6697009057873681,0.27069677106093715,0.3448482428115016,0.3359639233370913,100.0,100.0,5348,7314,2456,83,3,0,0.015519820493642483,4.1017227235438887E-4,0.0,0.75,0.5,0.9,0.30000000000000004,65.0,50.0,70.0,0.75,0.2,0.9,0.7000000000000001,45.0,70.0,65.0,5169,5120,49,5169,0.009479589862642678,0.6465297744505196,1.0,0.6465297744505196,1762,0.344140625,1.0,1
"iteration_2","SCOPE_DATA_COLLECTION",1300,49,3010.0,3070.0,2,8270,5041,1807,8307,5019,1868,8238,5008,1774,17,33,36,0.002059357964869776,0.006546320174568538,0.019889502762430938,0.31246090155026507,0.648541088589927,1.0045513586810522,0.6249218031005301,0.648541088589927,0.6697009057873681,0.27069677106093715,0.3448482428115016,0.3359639233370913,100.0,100.0,5348,7314,2456,83,3,0,0.015519820493642483,4.1017227235438887E-4,0.0,0.75,0.5,0.9,0.30000000000000004,65.0,50.0,70.0,0.75,0.2,0.9,0.7000000000000001,45.0,70.0,65.0,1867,1829,38,1867,0.020353508302088912,1.0096410807507044,1.5,0.6730940538338029,615,0.33624931656642976,1.0,1
"iteration_2","SCOPE_DATA_COLLECTION",1300,50,3070.0,3130.0,0,8228,5169,1867,8270,5041,1807,8231,5115,1833,16,49,38,0.0019400994300957923,0.009488768396591789,0.020309994655264563,0.3020127338394654,0.643852724119273,1.0046790006123731,0.6040254676789308,0.643852724119273,0.6697860004082488,0.2607216620094764,0.34173998044965787,0.3344244408074195,97.5,100.0,5429,7431,2404,97,6,0,0.017867010499171117,8.074283407347598E-4,0.0,0.75,0.2,0.9,0.7000000000000001,45.0,70.0,65.0,0.75,0.2,0.8,0.7000000000000001,45.0,80.0,65.0,8349,8336,13,8349,0.0015570727033177626,0.2960633345250306,0.5,0.5921266690500612,2123,0.25467850287907867,1.0,1
"iteration_2","SCOPE_DATA_COLLECTION",1300,50,3070.0,3130.0,1,8228,5169,1867,8270,5041,1807,8231,5115,1833,16,49,38,0.0019400994300957923,0.009488768396591789,0.020309994655264563,0.3020127338394654,0.643852724119273,1.0046790006123731,0.6040254676789308,0.643852724119273,0.6697860004082488,0.2607216620094764,0.34173998044965787,0.3344244408074195,97.5,100.0,5429,7431,2404,97,6,0,0.017867010499171117,8.074283407347598E-4,0.0,0.75,0.2,0.9,0.7000000000000001,45.0,70.0,65.0,0.75,0.2,0.8,0.7000000000000001,45.0,80.0,65.0,5111,5075,36,5111,0.007043631383290941,0.6400994984364947,1.0,0.6400994984364947,1732,0.3412807881773399,1.0,1
"iteration_2","SCOPE_DATA_COLLECTION",1300,50,3070.0,3130.0,2,8228,5169,1867,8270,5041,1807,8231,5115,1833,16,49,38,0.0019400994300957923,0.009488768396591789,0.020309994655264563,0.3020127338394654,0.643852724119273,1.0046790006123731,0.6040254676789308,0.643852724119273,0.6697860004082488,0.2607216620094764,0.34173998044965787,0.3344244408074195,97.5,100.0,5429,7431,2404,97,6,0,0.017867010499171117,8.074283407347598E-4,0.0,0.75,0.2,0.9,0.7000000000000001,45.0,70.0,65.0,0.75,0.2,0.8,0.7000000000000001,45.0,80.0,65.0,1849,1812,37,1849,0.020010816657652784,1.0218076727692886,1.5,0.6812051151795258,616,0.33995584988962474,1.0,1
"iteration_2","SCOPE_DATA_COLLECTION",1300,51,3130.0,3190.0,0,8349,5111,1849,8228,5169,1867,8343,5064,1821,13,36,37,0.0015557683101962662,0.007058823529411765,0.01991388589881593,0.296093605055569,0.6408624790309411,1.0286400480870954,0.592187210111138,0.6408624790309411,0.6857600320580636,0.25518398657557234,0.3404423380726698,0.343218012081274,97.5,100.0,5351,7509,2449,79,7,0,0.01476359558960942,9.322146757224664E-4,0.0,0.75,0.2,0.8,0.7000000000000001,45.0,80.0,65.0,0.75,0.6000000000000001,0.5,0.9,90.0,40.0,55.0,8284,8262,22,8284,0.002655721873491067,0.30681657297420223,0.5,0.6136331459484045,2171,0.2627693052529654,1.0,1
"iteration_2","SCOPE_DATA_COLLECTION",1300,51,3130.0,3190.0,1,8349,5111,1849,8228,5169,1867,8343,5064,1821,13,36,37,0.0015557683101962662,0.007058823529411765,0.01991388589881593,0.296093605055569,0.6408624790309411,1.0286400480870954,0.592187210111138,0.6408624790309411,0.6857600320580636,0.25518398657557234,0.3404423380726698,0.343218012081274,97.5,100.0,5351,7509,2449,79,7,0,0.01476359558960942,9.322146757224664E-4,0.0,0.75,0.2,0.8,0.7000000000000001,45.0,80.0,65.0,0.75,0.6000000000000001,0.5,0.9,90.0,40.0,55.0,5206,5181,25,5206,0.004802151363810988,0.6262643380402728,1.0,0.6262643380402728,1712,0.33043813935533684,1.0,1
"iteration_2","SCOPE_DATA_COLLECTION",1300,51,3130.0,3190.0,2,8349,5111,1849,8228,5169,1867,8343,5064,1821,13,36,37,0.0015557683101962662,0.007058823529411765,0.01991388589881593,0.296093605055569,0.6408624790309411,1.0286400480870954,0.592187210111138,0.6408624790309411,0.6857600320580636,0.25518398657557234,0.3404423380726698,0.343218012081274,97.5,100.0,5351,7509,2449,79,7,0,0.01476359558960942,9.322146757224664E-4,0.0,0.75,0.2,0.8,0.7000000000000001,45.0,80.0,65.0,0.75,0.6000000000000001,0.5,0.9,90.0,40.0,55.0,1820,1769,51,1820,0.028021978021978023,0.993951956429406,1.5,0.6626346376196041,584,0.33013001695873373,1.0,1
"iteration_2","SCOPE_DATA_COLLECTION",1300,52,3190.0,3250.0,0,8284,5206,1820,8349,5111,1849,8250,5171,1754,21,25,51,0.0025389916575988395,0.00481139337952271,0.028254847645429362,0.30645439088040227,0.625637453512589,0.9879621347381067,0.6129087817608045,0.625637453512589,0.6586414231587377,0.2627878787878788,0.3320440920518275,0.3272519954389966,100.0,100.0,5338,7435,2537,90,7,0,0.016860247283626825,9.41492938802959E-4,0.0,0.75,0.6000000000000001,0.5,0.9,90.0,40.0,55.0,0.8500000000000001,0.6000000000000001,0.6000000000000001,0.9,90.0,40.0,45.0,8539,8495,44,8539,0.005152828200023422,0.3242355915326892,0.5,0.6484711830653784,2319,0.2729841082989994,1.0,1
"iteration_2","SCOPE_DATA_COLLECTION",1300,52,3190.0,3250.0,1,8284,5206,1820,8349,5111,1849,8250,5171,1754,21,25,51,0.0025389916575988395,0.00481139337952271,0.028254847645429362,0.30645439088040227,0.625637453512589,0.9879621347381067,0.6129087817608045,0.625637453512589,0.6586414231587377,0.2627878787878788,0.3320440920518275,0.3272519954389966,100.0,100.0,5338,7435,2537,90,7,0,0.016860247283626825,9.41492938802959E-4,0.0,0.75,0.6000000000000001,0.5,0.9,90.0,40.0,55.0,0.8500000000000001,0.6000000000000001,0.6000000000000001,0.9,90.0,40.0,45.0,5192,5118,74,5192,0.014252696456086287,0.6342405749263592,1.0,0.6342405749263592,1676,0.3274716686205549,1.0,1
"iteration_2","SCOPE_DATA_COLLECTION",1300,52,3190.0,3250.0,2,8284,5206,1820,8349,5111,1849,8250,5171,1754,21,25,51,0.0025389916575988395,0.00481139337952271,0.028254847645429362,0.30645439088040227,0.625637453512589,0.9879621347381067,0.6129087817608045,0.625637453512589,0.6586414231587377,0.2627878787878788,0.3320440920518275,0.3272519954389966,100.0,100.0,5338,7435,2537,90,7,0,0.016860247283626825,9.41492938802959E-4,0.0,0.75,0.6000000000000001,0.5,0.9,90.0,40.0,55.0,0.8500000000000001,0.6000000000000001,0.6000000000000001,0.9,90.0,40.0,45.0,1806,1748,58,1806,0.03211517165005537,1.0570080373024155,1.5,0.7046720248682771,612,0.3501144164759725,1.0,1
"iteration_2","SCOPE_DATA_COLLECTION",1300,53,3250.0,3310.0,0,8539,5192,1806,8284,5206,1820,8483,5137,1744,45,74,58,0.0052767354596622885,0.014200729226635962,0.03218645948945616,0.32264822615054767,0.6356026692626583,1.0507128225918894,0.6452964523010953,0.6356026692626583,0.7004752150612595,0.2708947306377461,0.32762312633832974,0.34690366972477066,100.0,100.0,5436,8614,1487,116,61,0,0.021339220014716703,0.007081495240306478,0.0,0.8500000000000001,0.6000000000000001,0.6000000000000001,0.9,90.0,40.0,45.0,0.9500000000000001,0.7000000000000001,0.6000000000000001,0.8,80.0,30.0,45.0,8424,8404,20,8424,0.0023741690408357074,0.3260851919122328,0.5,0.6521703838244656,2268,0.2698714897667777,1.0,1
"iteration_2","SCOPE_DATA_COLLECTION",1300,53,3250.0,3310.0,1,8539,5192,1806,8284,5206,1820,8483,5137,1744,45,74,58,0.0052767354596622885,0.014200729226635962,0.03218645948945616,0.32264822615054767,0.6356026692626583,1.0507128225918894,0.6452964523010953,0.6356026692626583,0.7004752150612595,0.2708947306377461,0.32762312633832974,0.34690366972477066,100.0,100.0,5436,8614,1487,116,61,0,0.021339220014716703,0.007081495240306478,0.0,0.8500000000000001,0.6000000000000001,0.6000000000000001,0.9,90.0,40.0,45.0,0.9500000000000001,0.7000000000000001,0.6000000000000001,0.8,80.0,30.0,45.0,5149,5105,44,5149,0.00854534861138085,0.6633113062226552,1.0,0.6633113062226552,1749,0.3426052889324192,1.0,1
"iteration_2","SCOPE_DATA_COLLECTION",1300,53,3250.0,3310.0,2,8539,5192,1806,8284,5206,1820,8483,5137,1744,45,74,58,0.0052767354596622885,0.014200729226635962,0.03218645948945616,0.32264822615054767,0.6356026692626583,1.0507128225918894,0.6452964523010953,0.6356026692626583,0.7004752150612595,0.2708947306377461,0.32762312633832974,0.34690366972477066,100.0,100.0,5436,8614,1487,116,61,0,0.021339220014716703,0.007081495240306478,0.0,0.8500000000000001,0.6000000000000001,0.6000000000000001,0.9,90.0,40.0,45.0,0.9500000000000001,0.7000000000000001,0.6000000000000001,0.8,80.0,30.0,45.0,1774,1740,34,1774,0.019165727170236752,1.0137246433046525,1.5,0.6758164288697683,572,0.32873563218390806,1.0,1
"iteration_2","SCOPE_DATA_COLLECTION",1300,54,3310.0,3370.0,0,8424,5149,1774,8539,5192,1806,8423,5112,1755,20,44,34,0.0023688262465948124,0.008533747090768037,0.019005030743432086,0.3280025327799158,0.6643498730893539,1.0267772603096639,0.6560050655598316,0.6643498730893539,0.684518173539776,0.2716371839012228,0.34311424100156496,0.335042735042735,92.5,100.0,5393,9429,525,93,5,0,0.0172445763026145,5.302789267154523E-4,0.0,0.9500000000000001,0.7000000000000001,0.6000000000000001,0.8,80.0,30.0,45.0,0.5,0.2,0.6000000000000001,0.8,30.0,65.0,70.0,8189,6828,1361,8189,0.16619855904261815,0.37131076211717473,0.5,0.7426215242343495,2131,0.3120972466315173,1.0,1
"iteration_2","SCOPE_DATA_COLLECTION",1300,54,3310.0,3370.0,1,8424,5149,1774,8539,5192,1806,8423,5112,1755,20,44,34,0.0023688262465948124,0.008533747090768037,0.019005030743432086,0.3280025327799158,0.6643498730893539,1.0267772603096639,0.6560050655598316,0.6643498730893539,0.684518173539776,0.2716371839012228,0.34311424100156496,0.335042735042735,92.5,100.0,5393,9429,525,93,5,0,0.0172445763026145,5.302789267154523E-4,0.0,0.9500000000000001,0.7000000000000001,0.6000000000000001,0.8,80.0,30.0,45.0,0.5,0.2,0.6000000000000001,0.8,30.0,65.0,70.0,5141,4205,936,5141,0.18206574596382027,0.7671185644609212,1.0,0.7671185644609212,1758,0.4180737217598097,1.0,1
"iteration_2","SCOPE_DATA_COLLECTION",1300,54,3310.0,3370.0,2,8424,5149,1774,8539,5192,1806,8423,5112,1755,20,44,34,0.0023688262465948124,0.008533747090768037,0.019005030743432086,0.3280025327799158,0.6643498730893539,1.0267772603096639,0.6560050655598316,0.6643498730893539,0.684518173539776,0.2716371839012228,0.34311424100156496,0.335042735042735,92.5,100.0,5393,9429,525,93,5,0,0.0172445763026145,5.302789267154523E-4,0.0,0.9500000000000001,0.7000000000000001,0.6000000000000001,0.8,80.0,30.0,45.0,0.5,0.2,0.6000000000000001,0.8,30.0,65.0,70.0,1827,1424,403,1827,0.22058018609742747,1.200771986027331,1.5,0.8005146573515539,605,0.42485955056179775,1.0,1
"iteration_2","SCOPE_DATA_COLLECTION",1300,55,3370.0,3430.0,0,8189,5141,1827,8424,5149,1774,6830,4208,1422,1361,936,403,0.16615797826883164,0.18195956454121306,0.22082191780821916,0.37086808489599754,0.7673373837581481,1.1934656046589653,0.7417361697919951,0.7673373837581481,0.7956437364393102,0.312298682284041,0.41777566539923955,0.4212376933895921,100.0,100.0,5423,4876,4858,94,7,2599,0.01733357919970496,0.001435602953240361,0.5349938246191849,0.5,0.2,0.6000000000000001,0.8,30.0,65.0,70.0,0.6000000000000001,0.1,0.5,0.9,40.0,55.0,60.0,8297,7939,358,8297,0.04314812582861275,0.2918765063980701,0.5,0.5837530127961402,1792,0.2257211235671999,1.0,1
"iteration_2","SCOPE_DATA_COLLECTION",1300,55,3370.0,3430.0,1,8189,5141,1827,8424,5149,1774,6830,4208,1422,1361,936,403,0.16615797826883164,0.18195956454121306,0.22082191780821916,0.37086808489599754,0.7673373837581481,1.1934656046589653,0.7417361697919951,0.7673373837581481,0.7956437364393102,0.312298682284041,0.41777566539923955,0.4212376933895921,100.0,100.0,5423,4876,4858,94,7,2599,0.01733357919970496,0.001435602953240361,0.5349938246191849,0.5,0.2,0.6000000000000001,0.8,30.0,65.0,70.0,0.6000000000000001,0.1,0.5,0.9,40.0,55.0,60.0,5151,4881,270,5151,0.052417006406523005,0.6706904823154624,1.0,0.6706904823154624,1795,0.3677525097316124,1.0,1
"iteration_2","SCOPE_DATA_COLLECTION",1300,55,3370.0,3430.0,2,8189,5141,1827,8424,5149,1774,6830,4208,1422,1361,936,403,0.16615797826883164,0.18195956454121306,0.22082191780821916,0.37086808489599754,0.7673373837581481,1.1934656046589653,0.7417361697919951,0.7673373837581481,0.7956437364393102,0.312298682284041,0.41777566539923955,0.4212376933895921,100.0,100.0,5423,4876,4858,94,7,2599,0.01733357919970496,0.001435602953240361,0.5349938246191849,0.5,0.2,0.6000000000000001,0.8,30.0,65.0,70.0,0.6000000000000001,0.1,0.5,0.9,40.0,55.0,60.0,1834,1712,122,1834,0.06652126499454744,1.0487586810278369,1.5,0.6991724540185579,605,0.3533878504672897,1.0,1
"iteration_2","SCOPE_DATA_COLLECTION",1300,56,3430.0,3490.0,0,8297,5151,1834,8189,5141,1827,7938,4874,1715,358,270,122,0.0431533269045323,0.052488335925349926,0.06641262928688078,0.29313389542487106,0.6705551139950722,1.0568689620143568,0.5862677908497421,0.6705551139950722,0.7045793080095711,0.2275132275132275,0.3670496512105047,0.3574344023323615,97.5,100.0,5483,5870,3929,82,7,661,0.014955316432609885,0.001192504258943782,0.16823619241537288,0.6000000000000001,0.1,0.5,0.9,40.0,55.0,60.0,0.6000000000000001,0.1,0.4,0.8,50.0,55.0,50.0,8254,7900,354,8254,0.04288829658347468,0.30088123079591556,0.5,0.6017624615918311,1930,0.24430379746835443,1.0,1
"iteration_2","SCOPE_DATA_COLLECTION",1300,56,3430.0,3490.0,1,8297,5151,1834,8189,5141,1827,7938,4874,1715,358,270,122,0.0431533269045323,0.052488335925349926,0.06641262928688078,0.29313389542487106,0.6705551139950722,1.0568689620143568,0.5862677908497421,0.6705551139950722,0.7045793080095711,0.2275132275132275,0.3670496512105047,0.3574344023323615,97.5,100.0,5483,5870,3929,82,7,661,0.014955316432609885,0.001192504258943782,0.16823619241537288,0.6000000000000001,0.1,0.5,0.9,40.0,55.0,60.0,0.6000000000000001,0.1,0.4,0.8,50.0,55.0,50.0,5108,4859,249,5108,0.04874706342991386,0.6700920494049986,1.0,0.6700920494049986,1754,0.3609796254373328,1.0,1
"iteration_2","SCOPE_DATA_COLLECTION",1300,56,3430.0,3490.0,2,8297,5151,1834,8189,5141,1827,7938,4874,1715,358,270,122,0.0431533269045323,0.052488335925349926,0.06641262928688078,0.29313389542487106,0.6705551139950722,1.0568689620143568,0.5862677908497421,0.6705551139950722,0.7045793080095711,0.2275132275132275,0.3670496512105047,0.3574344023323615,97.5,100.0,5483,5870,3929,82,7,661,0.014955316432609885,0.001192504258943782,0.16823619241537288,0.6000000000000001,0.1,0.5,0.9,40.0,55.0,60.0,0.6000000000000001,0.1,0.4,0.8,50.0,55.0,50.0,1811,1697,114,1811,0.06294864715626726,1.0588307774403174,1.5,0.7058871849602116,614,0.3618149675898645,1.0,1
"iteration_2","SCOPE_DATA_COLLECTION",1300,57,3490.0,3550.0,0,8254,5108,1811,8297,5151,1834,7896,4857,1695,354,249,114,0.04290909090909091,0.04876615746180964,0.06301824212271974,0.30044574925021794,0.6706599012174472,1.0590824654641784,0.6008914985004359,0.6706599012174472,0.706054976976119,0.24316109422492402,0.3625694873378629,0.36106194690265486,97.5,100.0,5489,5790,3894,75,6,636,0.013663691018400438,0.0010362694300518134,0.1633281972265023,0.6000000000000001,0.1,0.4,0.8,50.0,55.0,50.0,0.6000000000000001,0.1,0.4,0.8,40.0,45.0,40.0,8180,7966,214,8180,0.026161369193154035,0.3049486500435298,0.5,0.6098973000870596,1881,0.23612854632186794,1.0,1
"iteration_2","SCOPE_DATA_COLLECTION",1300,57,3490.0,3550.0,1,8254,5108,1811,8297,5151,1834,7896,4857,1695,354,249,114,0.04290909090909091,0.04876615746180964,0.06301824212271974,0.30044574925021794,0.6706599012174472,1.0590824654641784,0.6008914985004359,0.6706599012174472,0.706054976976119,0.24316109422492402,0.3625694873378629,0.36106194690265486,97.5,100.0,5489,5790,3894,75,6,636,0.013663691018400438,0.0010362694300518134,0.1633281972265023,0.6000000000000001,0.1,0.4,0.8,50.0,55.0,50.0,0.6000000000000001,0.1,0.4,0.8,40.0,45.0,40.0,5027,4893,134,5027,0.026656057290630596,0.6653199661186536,1.0,0.6653199661186536,1720,0.35152258328223995,1.0,1
"iteration_2","SCOPE_DATA_COLLECTION",1300,57,3490.0,3550.0,2,8254,5108,1811,8297,5151,1834,7896,4857,1695,354,249,114,0.04290909090909091,0.04876615746180964,0.06301824212271974,0.30044574925021794,0.6706599012174472,1.0590824654641784,0.6008914985004359,0.6706599012174472,0.706054976976119,0.24316109422492402,0.3625694873378629,0.36106194690265486,97.5,100.0,5489,5790,3894,75,6,636,0.013663691018400438,0.0010362694300518134,0.1633281972265023,0.6000000000000001,0.1,0.4,0.8,50.0,55.0,50.0,0.6000000000000001,0.1,0.4,0.8,40.0,45.0,40.0,1893,1794,99,1893,0.05229793977812995,1.07170646995739,1.5,0.7144709799715933,650,0.36231884057971014,1.0,1
"iteration_2","SCOPE_DATA_COLLECTION",1300,58,3550.0,3619.5752836636675,0,8180,5027,1893,8254,5108,1811,7966,4898,1782,214,134,99,0.026161369193154035,0.026629570747217807,0.05263157894736842,0.30460741818552184,0.6655140499057524,1.058689033797961,0.6092148363710437,0.6655140499057524,0.7057926891986407,0.23587747928696962,0.35177623519804,0.3569023569023569,100.0,100.0,5467,5807,3826,89,5,353,0.01627949515273459,8.610297916307905E-4,0.09226346053319394,0.6000000000000001,0.1,0.4,0.8,40.0,45.0,40.0,0.6000000000000001,0.1,0.4,0.8,40.0,45.0,40.0,7000,6688,255,6943,0.03672763934898459,0.3260107339768496,0.5,0.6520214679536992,1748,0.26136363636363635,0.9918571428571429,0
"iteration_2","SCOPE_DATA_COLLECTION",1300,58,3550.0,3619.5752836636675,1,8180,5027,1893,8254,5108,1811,7966,4898,1782,214,134,99,0.026161369193154035,0.026629570747217807,0.05263157894736842,0.30460741818552184,0.6655140499057524,1.058689033797961,0.6092148363710437,0.6655140499057524,0.7057926891986407,0.23587747928696962,0.35177623519804,0.3569023569023569,100.0,100.0,5467,5807,3826,89,5,353,0.01627949515273459,8.610297916307905E-4,0.09226346053319394,0.6000000000000001,0.1,0.4,0.8,40.0,45.0,40.0,0.6000000000000001,0.1,0.4,0.8,40.0,45.0,40.0,4210,3964,186,4150,0.04481927710843373,0.6994811743758681,1.0,0.6994811743758681,1511,0.38118062563067606,0.9857482185273159,0
"iteration_2","SCOPE_DATA_COLLECTION",1300,58,3550.0,3619.5752836636675,2,8180,5027,1893,8254,5108,1811,7966,4898,1782,214,134,99,0.026161369193154035,0.026629570747217807,0.05263157894736842,0.30460741818552184,0.6655140499057524,1.058689033797961,0.6092148363710437,0.6655140499057524,0.7057926891986407,0.23587747928696962,0.35177623519804,0.3569023569023569,100.0,100.0,5467,5807,3826,89,5,353,0.01627949515273459,8.610297916307905E-4,0.09226346053319394,0.6000000000000001,0.1,0.4,0.8,40.0,45.0,40.0,0.6000000000000001,0.1,0.4,0.8,40.0,45.0,40.0,1514,1381,108,1489,0.0725319006044325,1.0118920187625264,1.5,0.6745946791750176,466,0.33743664011585806,0.9834874504623514,0
"iteration_2","SCOPE_DATA_COLLECTION",1400,0,70.0,130.0,0,7984,5078,1932,0,0,0,7582,4730,1769,354,291,128,0.04460685483870968,0.057956582354112725,0.06747496046389036,0.33952411498689866,0.6742803620548642,1.0274115303074915,0.6790482299737973,0.6742803620548642,0.6849410202049944,0.276839883935637,0.34397463002114165,0.3386093838326738,100.0,100.0,5117,5950,3927,99,7,667,0.019347273793238227,0.001176470588235294,0.1698497580850522,0.6,0.5,0.7,0.4,85.0,80.0,90.0,0.9,0.6000000000000001,0.30000000000000004,0.9,70.0,75.0,35.0,8382,8325,57,8382,0.006800286327845383,0.3201409478385943,0.5,0.6402818956771886,2247,0.26990990990990993,1.0,1
"iteration_2","SCOPE_DATA_COLLECTION",1400,0,70.0,130.0,1,7984,5078,1932,0,0,0,7582,4730,1769,354,291,128,0.04460685483870968,0.057956582354112725,0.06747496046389036,0.33952411498689866,0.6742803620548642,1.0274115303074915,0.6790482299737973,0.6742803620548642,0.6849410202049944,0.276839883935637,0.34397463002114165,0.3386093838326738,100.0,100.0,5117,5950,3927,99,7,667,0.019347273793238227,0.001176470588235294,0.1698497580850522,0.6,0.5,0.7,0.4,85.0,80.0,90.0,0.9,0.6000000000000001,0.30000000000000004,0.9,70.0,75.0,35.0,5489,5438,51,5489,0.009291309892512298,0.6213560182465491,1.0,0.6213560182465491,1725,0.3172122103714601,1.0,1
"iteration_2","SCOPE_DATA_COLLECTION",1400,0,70.0,130.0,2,7984,5078,1932,0,0,0,7582,4730,1769,354,291,128,0.04460685483870968,0.057956582354112725,0.06747496046389036,0.33952411498689866,0.6742803620548642,1.0274115303074915,0.6790482299737973,0.6742803620548642,0.6849410202049944,0.276839883935637,0.34397463002114165,0.3386093838326738,100.0,100.0,5117,5950,3927,99,7,667,0.019347273793238227,0.001176470588235294,0.1698497580850522,0.6,0.5,0.7,0.4,85.0,80.0,90.0,0.9,0.6000000000000001,0.30000000000000004,0.9,70.0,75.0,35.0,2104,2041,63,2104,0.02994296577946768,0.972503122090466,1.5,0.6483354147269773,617,0.3023027927486526,1.0,1
"iteration_2","SCOPE_DATA_COLLECTION",1400,1,130.0,190.0,0,8382,5489,2104,7984,5078,1932,8318,5438,2047,57,51,63,0.0068059701492537315,0.009291309892512298,0.02985781990521327,0.32005934596384455,0.6197207772184392,0.9696361006698121,0.6401186919276891,0.6197207772184392,0.6464240671132081,0.26893484010579466,0.3173961015079073,0.3004396678065462,100.0,100.0,5323,9560,1092,101,70,0,0.01897426263385309,0.007322175732217573,0.0,0.9,0.6000000000000001,0.30000000000000004,0.9,70.0,75.0,35.0,0.8,0.5,0.30000000000000004,0.8,80.0,75.0,25.0,8491,8464,27,8491,0.0031798374749735015,0.30382613077981485,0.5,0.6076522615596297,2209,0.26098771266540643,1.0,1
"iteration_2","SCOPE_DATA_COLLECTION",1400,1,130.0,190.0,1,8382,5489,2104,7984,5078,1932,8318,5438,2047,57,51,63,0.0068059701492537315,0.009291309892512298,0.02985781990521327,0.32005934596384455,0.6197207772184392,0.9696361006698121,0.6401186919276891,0.6197207772184392,0.6464240671132081,0.26893484010579466,0.3173961015079073,0.3004396678065462,100.0,100.0,5323,9560,1092,101,70,0,0.01897426263385309,0.007322175732217573,0.0,0.9,0.6000000000000001,0.30000000000000004,0.9,70.0,75.0,35.0,0.8,0.5,0.30000000000000004,0.8,80.0,75.0,25.0,5415,5374,41,5415,0.007571560480147738,0.601709763719855,1.0,0.601709763719855,1669,0.31056940826200224,1.0,1
"iteration_2","SCOPE_DATA_COLLECTION",1400,1,130.0,190.0,2,8382,5489,2104,7984,5078,1932,8318,5438,2047,57,51,63,0.0068059701492537315,0.009291309892512298,0.02985781990521327,0.32005934596384455,0.6197207772184392,0.9696361006698121,0.6401186919276891,0.6197207772184392,0.6464240671132081,0.26893484010579466,0.3173961015079073,0.3004396678065462,100.0,100.0,5323,9560,1092,101,70,0,0.01897426263385309,0.007322175732217573,0.0,0.9,0.6000000000000001,0.30000000000000004,0.9,70.0,75.0,35.0,0.8,0.5,0.30000000000000004,0.8,80.0,75.0,25.0,2189,2137,52,2189,0.02375513933302878,0.9687832720699033,1.5,0.6458555147132689,659,0.30837622835751055,1.0,1
"iteration_2","SCOPE_DATA_COLLECTION",1400,2,190.0,250.0,0,8491,5415,2189,8382,5489,2104,8474,5368,2131,27,41,52,0.003176096929772968,0.007579959327047513,0.023820430600091615,0.3046116493127104,0.602168965938368,0.9687979790495922,0.6092232986254208,0.602168965938368,0.6458653193663948,0.2623318385650224,0.3103576751117735,0.30830595964335994,95.0,100.0,5242,8623,2230,111,9,0,0.021175123998473867,0.0010437202829641657,0.0,0.8,0.5,0.30000000000000004,0.8,80.0,75.0,25.0,0.35000000000000003,0.5,0.9,0.4,20.0,65.0,95.0,8557,5034,3523,8557,0.41170971134743484,0.4513718750158102,0.5,0.9027437500316204,2303,0.4574890742947954,1.0,1
"iteration_2","SCOPE_DATA_COLLECTION",1400,2,190.0,250.0,1,8491,5415,2189,8382,5489,2104,8474,5368,2131,27,41,52,0.003176096929772968,0.007579959327047513,0.023820430600091615,0.3046116493127104,0.602168965938368,0.9687979790495922,0.6092232986254208,0.602168965938368,0.6458653193663948,0.2623318385650224,0.3103576751117735,0.30830595964335994,95.0,100.0,5242,8623,2230,111,9,0,0.021175123998473867,0.0010437202829641657,0.0,0.8,0.5,0.30000000000000004,0.8,80.0,75.0,25.0,0.35000000000000003,0.5,0.9,0.4,20.0,65.0,95.0,5381,3050,2331,5381,0.43319085671808216,0.9531445924128106,1.0,0.9531445924128106,1713,0.5616393442622951,1.0,1
"iteration_2","SCOPE_DATA_COLLECTION",1400,2,190.0,250.0,2,8491,5415,2189,8382,5489,2104,8474,5368,2131,27,41,52,0.003176096929772968,0.007579959327047513,0.023820430600091615,0.3046116493127104,0.602168965938368,0.9687979790495922,0.6092232986254208,0.602168965938368,0.6458653193663948,0.2623318385650224,0.3103576751117735,0.30830595964335994,95.0,100.0,5242,8623,2230,111,9,0,0.021175123998473867,0.0010437202829641657,0.0,0.8,0.5,0.30000000000000004,0.8,80.0,75.0,25.0,0.35000000000000003,0.5,0.9,0.4,20.0,65.0,95.0,2039,1107,932,2039,0.45708680725846,1.4688138431801574,1.5,0.9792092287867716,629,0.5682023486901535,1.0,1
"iteration_2","SCOPE_DATA_COLLECTION",1400,3,250.0,310.0,0,8557,5381,2039,8491,5415,2189,5058,3040,1119,3523,2331,932,0.41055820999883463,0.4339973934090486,0.454412481716236,0.45118244590734147,0.9473589079120822,1.4628141760296625,0.9023648918146829,0.9473589079120822,0.9752094506864416,0.4568999604586793,0.5585526315789474,0.5656836461126006,100.0,100.0,5384,3802,6791,117,2,6667,0.021731054977711738,5.260389268805891E-4,0.9817405389486085,0.35000000000000003,0.5,0.9,0.4,20.0,65.0,95.0,0.45,0.6000000000000001,0.9,0.5,30.0,55.0,95.0,8507,5917,2590,8507,0.30445515457858235,0.4260933249375628,0.5,0.8521866498751256,2431,0.41085009295250974,1.0,1
"iteration_2","SCOPE_DATA_COLLECTION",1400,3,250.0,310.0,1,8557,5381,2039,8491,5415,2189,5058,3040,1119,3523,2331,932,0.41055820999883463,0.4339973934090486,0.454412481716236,0.45118244590734147,0.9473589079120822,1.4628141760296625,0.9023648918146829,0.9473589079120822,0.9752094506864416,0.4568999604586793,0.5585526315789474,0.5656836461126006,100.0,100.0,5384,3802,6791,117,2,6667,0.021731054977711738,5.260389268805891E-4,0.9817405389486085,0.35000000000000003,0.5,0.9,0.4,20.0,65.0,95.0,0.45,0.6000000000000001,0.9,0.5,30.0,55.0,95.0,5408,3684,1724,5408,0.3187869822485207,0.85872882151326,1.0,0.85872882151326,1727,0.46878393051031486,1.0,1
"iteration_2","SCOPE_DATA_COLLECTION",1400,3,250.0,310.0,2,8557,5381,2039,8491,5415,2189,5058,3040,1119,3523,2331,932,0.41055820999883463,0.4339973934090486,0.454412481716236,0.45118244590734147,0.9473589079120822,1.4628141760296625,0.9023648918146829,0.9473589079120822,0.9752094506864416,0.4568999604586793,0.5585526315789474,0.5656836461126006,100.0,100.0,5384,3802,6791,117,2,6667,0.021731054977711738,5.260389268805891E-4,0.9817405389486085,0.35000000000000003,0.5,0.9,0.4,20.0,65.0,95.0,0.45,0.6000000000000001,0.9,0.5,30.0,55.0,95.0,2124,1390,734,2124,0.3455743879472693,1.2959227296852778,1.5,0.8639484864568518,643,0.46258992805755395,1.0,1
"iteration_2","SCOPE_DATA_COLLECTION",1400,4,310.0,370.0,0,8507,5408,2124,8557,5381,2039,5910,3708,1378,2590,1724,734,0.30470588235294116,0.3173784977908689,0.3475378787878788,0.42587178280905746,0.8619292549612988,1.293817051133559,0.8517435656181149,0.8619292549612988,0.862544700755706,0.41082910321489,0.47060409924487595,0.46153846153846156,97.5,100.0,5340,4946,5753,137,2,4909,0.025655430711610486,4.043671653861706E-4,0.8532939335998609,0.45,0.6000000000000001,0.9,0.5,30.0,55.0,95.0,0.45,0.6000000000000001,0.9,0.6000000000000001,20.0,65.0,95.0,8515,5545,2970,8515,0.34879624192601294,0.4301054720937657,0.5,0.8602109441875314,2301,0.41496844003606853,1.0,1
"iteration_2","SCOPE_DATA_COLLECTION",1400,4,310.0,370.0,1,8507,5408,2124,8557,5381,2039,5910,3708,1378,2590,1724,734,0.30470588235294116,0.3173784977908689,0.3475378787878788,0.42587178280905746,0.8619292549612988,1.293817051133559,0.8517435656181149,0.8619292549612988,0.862544700755706,0.41082910321489,0.47060409924487595,0.46153846153846156,97.5,100.0,5340,4946,5753,137,2,4909,0.025655430711610486,4.043671653861706E-4,0.8532939335998609,0.45,0.6000000000000001,0.9,0.5,30.0,55.0,95.0,0.45,0.6000000000000001,0.9,0.6000000000000001,20.0,65.0,95.0,5441,3493,1948,5441,0.3580224223488329,0.8694732918888263,1.0,0.8694732918888263,1729,0.49498997995991983,1.0,1
"iteration_2","SCOPE_DATA_COLLECTION",1400,4,310.0,370.0,2,8507,5408,2124,8557,5381,2039,5910,3708,1378,2590,1724,734,0.30470588235294116,0.3173784977908689,0.3475378787878788,0.42587178280905746,0.8619292549612988,1.293817051133559,0.8517435656181149,0.8619292549612988,0.862544700755706,0.41082910321489,0.47060409924487595,0.46153846153846156,97.5,100.0,5340,4946,5753,137,2,4909,0.025655430711610486,4.043671653861706E-4,0.8532939335998609,0.45,0.6000000000000001,0.9,0.5,30.0,55.0,95.0,0.45,0.6000000000000001,0.9,0.6000000000000001,20.0,65.0,95.0,2117,1364,753,2117,0.35569201700519604,1.3016460752047352,1.5,0.8677640501364902,659,0.4831378299120235,1.0,1
"iteration_2","SCOPE_DATA_COLLECTION",1400,5,370.0,430.0,0,8515,5441,2117,8507,5408,2124,5544,3495,1367,2970,1948,753,0.3488372093023256,0.3578908690060628,0.355188679245283,0.43050162922694307,0.870449865068756,1.3023629204239575,0.8610032584538861,0.870449865068756,0.868241946949305,0.4154040404040404,0.49585121602288984,0.48354059985369424,100.0,100.0,5359,4716,5998,160,3,5508,0.029856316476954657,6.361323155216285E-4,0.9183061020340113,0.45,0.6000000000000001,0.9,0.6000000000000001,20.0,65.0,95.0,0.5,0.6000000000000001,0.7000000000000001,0.4,25.0,90.0,85.0,8390,6078,2312,8390,0.2755661501787843,0.41064039274974556,0.5,0.8212807854994911,2280,0.3751233958538993,1.0,1
"iteration_2","SCOPE_DATA_COLLECTION",1400,5,370.0,430.0,1,8515,5441,2117,8507,5408,2124,5544,3495,1367,2970,1948,753,0.3488372093023256,0.3578908690060628,0.355188679245283,0.43050162922694307,0.870449865068756,1.3023629204239575,0.8610032584538861,0.870449865068756,0.868241946949305,0.4154040404040404,0.49585121602288984,0.48354059985369424,100.0,100.0,5359,4716,5998,160,3,5508,0.029856316476954657,6.361323155216285E-4,0.9183061020340113,0.45,0.6000000000000001,0.9,0.6000000000000001,20.0,65.0,95.0,0.5,0.6000000000000001,0.7000000000000001,0.4,25.0,90.0,85.0,5541,3981,1560,5541,0.2815376285868977,0.8438090209977015,1.0,0.8438090209977015,1825,0.45842753077116305,1.0,1
"iteration_2","SCOPE_DATA_COLLECTION",1400,5,370.0,430.0,2,8515,5441,2117,8507,5408,2124,5544,3495,1367,2970,1948,753,0.3488372093023256,0.3578908690060628,0.355188679245283,0.43050162922694307,0.870449865068756,1.3023629204239575,0.8610032584538861,0.870449865068756,0.868241946949305,0.4154040404040404,0.49585121602288984,0.48354059985369424,100.0,100.0,5359,4716,5998,160,3,5508,0.029856316476954657,6.361323155216285E-4,0.9183061020340113,0.45,0.6000000000000001,0.9,0.6000000000000001,20.0,65.0,95.0,0.5,0.6000000000000001,0.7000000000000001,0.4,25.0,90.0,85.0,2077,1454,623,2077,0.29995185363505056,1.2570568075653505,1.5,0.8380378717102337,647,0.4449793672627235,1.0,1
"iteration_2","SCOPE_DATA_COLLECTION",1400,6,430.0,490.0,0,8390,5541,2077,8515,5441,2117,6073,3976,1455,2311,1560,623,0.27564408396946566,0.2817919075144509,0.2998075072184793,0.40993173045604053,0.8414137282215285,1.262442182039631,0.8198634609120811,0.8414137282215285,0.841628121359754,0.3732916186398814,0.4567404426559356,0.44604810996563576,100.0,100.0,5216,5317,5475,121,4,4369,0.023197852760736198,7.523039307880384E-4,0.7979908675799087,0.5,0.6000000000000001,0.7000000000000001,0.4,25.0,90.0,85.0,0.5,0.6000000000000001,0.7000000000000001,0.4,35.0,90.0,95.0,8459,6442,2017,8459,0.23844426055089255,0.4328172352947034,0.5,0.8656344705894068,2431,0.3773672772430922,1.0,1
"iteration_2","SCOPE_DATA_COLLECTION",1400,6,430.0,490.0,1,8390,5541,2077,8515,5441,2117,6073,3976,1455,2311,1560,623,0.27564408396946566,0.2817919075144509,0.2998075072184793,0.40993173045604053,0.8414137282215285,1.262442182039631,0.8198634609120811,0.8414137282215285,0.841628121359754,0.3732916186398814,0.4567404426559356,0.44604810996563576,100.0,100.0,5216,5317,5475,121,4,4369,0.023197852760736198,7.523039307880384E-4,0.7979908675799087,0.5,0.6000000000000001,0.7000000000000001,0.4,25.0,90.0,85.0,0.5,0.6000000000000001,0.7000000000000001,0.4,35.0,90.0,95.0,5443,4025,1418,5443,0.2605180966378835,0.8190325946991954,1.0,0.8190325946991954,1728,0.4293167701863354,1.0,1
"iteration_2","SCOPE_DATA_COLLECTION",1400,6,430.0,490.0,2,8390,5541,2077,8515,5441,2117,6073,3976,1455,2311,1560,623,0.27564408396946566,0.2817919075144509,0.2998075072184793,0.40993173045604053,0.8414137282215285,1.262442182039631,0.8198634609120811,0.8414137282215285,0.841628121359754,0.3732916186398814,0.4567404426559356,0.44604810996563576,100.0,100.0,5216,5317,5475,121,4,4369,0.023197852760736198,7.523039307880384E-4,0.7979908675799087,0.5,0.6000000000000001,0.7000000000000001,0.4,25.0,90.0,85.0,0.5,0.6000000000000001,0.7000000000000001,0.4,35.0,90.0,95.0,2124,1556,568,2124,0.2674199623352166,1.2252378329238438,1.5,0.8168252219492292,658,0.42287917737789205,1.0,1
"iteration_2","SCOPE_DATA_COLLECTION",1400,7,490.0,550.0,0,8459,5443,2124,8390,5541,2077,6434,4031,1561,2018,1418,568,0.238760056791292,0.26023123508900714,0.2667919210897135,0.43196847626563545,0.8192555233662153,1.2188702363135493,0.8639369525312709,0.8192555233662153,0.8125801575423662,0.37674852346907056,0.42967005705780204,0.4208840486867393,97.5,100.0,5279,5366,5381,131,4,3869,0.02481530592915325,7.454342154304882E-4,0.7190113361828656,0.5,0.6000000000000001,0.7000000000000001,0.4,35.0,90.0,95.0,0.5,0.7000000000000001,0.6000000000000001,0.5,25.0,90.0,85.0,8456,6411,2045,8456,0.24184011352885526,0.4264703107112772,0.5,0.8529406214225544,2489,0.3882389642801435,1.0,1
"iteration_2","SCOPE_DATA_COLLECTION",1400,7,490.0,550.0,1,8459,5443,2124,8390,5541,2077,6434,4031,1561,2018,1418,568,0.238760056791292,0.26023123508900714,0.2667919210897135,0.43196847626563545,0.8192555233662153,1.2188702363135493,0.8639369525312709,0.8192555233662153,0.8125801575423662,0.37674852346907056,0.42967005705780204,0.4208840486867393,97.5,100.0,5279,5366,5381,131,4,3869,0.02481530592915325,7.454342154304882E-4,0.7190113361828656,0.5,0.6000000000000001,0.7000000000000001,0.4,35.0,90.0,95.0,0.5,0.7000000000000001,0.6000000000000001,0.5,25.0,90.0,85.0,5574,4187,1387,5574,0.24883387154646575,0.8308980132855476,1.0,0.8308980132855476,1861,0.44447098160974446,1.0,1
"iteration_2","SCOPE_DATA_COLLECTION",1400,7,490.0,550.0,2,8459,5443,2124,8390,5541,2077,6434,4031,1561,2018,1418,568,0.238760056791292,0.26023123508900714,0.2667919210897135,0.43196847626563545,0.8192555233662153,1.2188702363135493,0.8639369525312709,0.8192555233662153,0.8125801575423662,0.37674852346907056,0.42967005705780204,0.4208840486867393,97.5,100.0,5279,5366,5381,131,4,3869,0.02481530592915325,7.454342154304882E-4,0.7190113361828656,0.5,0.6000000000000001,0.7000000000000001,0.4,35.0,90.0,95.0,0.5,0.7000000000000001,0.6000000000000001,0.5,25.0,90.0,85.0,2071,1507,564,2071,0.2723322066634476,1.197864514996624,1.5,0.7985763433310827,615,0.40809555408095555,1.0,1
"iteration_2","SCOPE_DATA_COLLECTION",1400,8,550.0,610.0,0,8456,5574,2071,8459,5443,2124,6415,4178,1504,2045,1387,563,0.241725768321513,0.24923629829290206,0.27237542331881953,0.4265360751382892,0.8299677914384563,1.2011035950363513,0.8530721502765783,0.8299677914384563,0.8007357300242343,0.38830865159781763,0.4430349449497367,0.41023936170212766,97.5,100.0,5411,5316,5374,139,4,3852,0.025688412493069673,7.524454477050414E-4,0.7167845180498698,0.5,0.7000000000000001,0.6000000000000001,0.5,25.0,90.0,85.0,0.5,0.7000000000000001,0.6000000000000001,0.5,25.0,90.0,85.0,8445,6530,1915,8445,0.22676139727649497,0.4018042556547449,0.5,0.8036085113094898,2296,0.35160796324655436,1.0,1
"iteration_2","SCOPE_DATA_COLLECTION",1400,8,550.0,610.0,1,8456,5574,2071,8459,5443,2124,6415,4178,1504,2045,1387,563,0.241725768321513,0.24923629829290206,0.27237542331881953,0.4265360751382892,0.8299677914384563,1.2011035950363513,0.8530721502765783,0.8299677914384563,0.8007357300242343,0.38830865159781763,0.4430349449497367,0.41023936170212766,97.5,100.0,5411,5316,5374,139,4,3852,0.025688412493069673,7.524454477050414E-4,0.7167845180498698,0.5,0.7000000000000001,0.6000000000000001,0.5,25.0,90.0,85.0,0.5,0.7000000000000001,0.6000000000000001,0.5,25.0,90.0,85.0,5345,4055,1290,5345,0.24134705332086062,0.7774553531500612,1.0,0.7774553531500612,1719,0.423921085080148,1.0,1
"iteration_2","SCOPE_DATA_COLLECTION",1400,8,550.0,610.0,2,8456,5574,2071,8459,5443,2124,6415,4178,1504,2045,1387,563,0.241725768321513,0.24923629829290206,0.27237542331881953,0.4265360751382892,0.8299677914384563,1.2011035950363513,0.8530721502765783,0.8299677914384563,0.8007357300242343,0.38830865159781763,0.4430349449497367,0.41023936170212766,97.5,100.0,5411,5316,5374,139,4,3852,0.025688412493069673,7.524454477050414E-4,0.7167845180498698,0.5,0.7000000000000001,0.6000000000000001,0.5,25.0,90.0,85.0,0.5,0.7000000000000001,0.6000000000000001,0.5,25.0,90.0,85.0,2084,1525,559,2084,0.2682341650671785,1.2341662539854037,1.5,0.8227775026569358,664,0.43540983606557376,1.0,1
"iteration_2","SCOPE_DATA_COLLECTION",1400,9,610.0,670.0,0,8445,5345,2084,8456,5574,2071,6520,4060,1520,1915,1290,560,0.22703023117960877,0.2411214953271028,0.2692307692307692,0.4020979680680873,0.782421871213888,1.2370236295064025,0.8041959361361746,0.782421871213888,0.824682419670935,0.3521472392638037,0.4273399014778325,0.4361842105263158,97.5,100.0,5225,5440,5209,137,2,3626,0.026220095693779904,3.676470588235294E-4,0.6961028988289499,0.5,0.7000000000000001,0.6000000000000001,0.5,25.0,90.0,85.0,0.6000000000000001,0.7000000000000001,0.7000000000000001,0.4,25.0,90.0,85.0,8341,7676,665,8341,0.07972665148063782,0.362768937348879,0.5,0.725537874697758,2277,0.2966388744137572,1.0,1
"iteration_2","SCOPE_DATA_COLLECTION",1400,9,610.0,670.0,1,8445,5345,2084,8456,5574,2071,6520,4060,1520,1915,1290,560,0.22703023117960877,0.2411214953271028,0.2692307692307692,0.4020979680680873,0.782421871213888,1.2370236295064025,0.8041959361361746,0.782421871213888,0.824682419670935,0.3521472392638037,0.4273399014778325,0.4361842105263158,97.5,100.0,5225,5440,5209,137,2,3626,0.026220095693779904,3.676470588235294E-4,0.6961028988289499,0.5,0.7000000000000001,0.6000000000000001,0.5,25.0,90.0,85.0,0.6000000000000001,0.7000000000000001,0.7000000000000001,0.4,25.0,90.0,85.0,5522,5049,473,5522,0.08565737051792828,0.707452666534409,1.0,0.707452666534409,1760,0.3485838779956427,1.0,1
"iteration_2","SCOPE_DATA_COLLECTION",1400,9,610.0,670.0,2,8445,5345,2084,8456,5574,2071,6520,4060,1520,1915,1290,560,0.22703023117960877,0.2411214953271028,0.2692307692307692,0.4020979680680873,0.782421871213888,1.2370236295064025,0.8041959361361746,0.782421871213888,0.824682419670935,0.3521472392638037,0.4273399014778325,0.4361842105263158,97.5,100.0,5225,5440,5209,137,2,3626,0.026220095693779904,3.676470588235294E-4,0.6961028988289499,0.5,0.7000000000000001,0.6000000000000001,0.5,25.0,90.0,85.0,0.6000000000000001,0.7000000000000001,0.7000000000000001,0.4,25.0,90.0,85.0,2110,1891,219,2110,0.1037914691943128,1.0736027857379582,1.5,0.7157351904919721,674,0.35642517186673717,1.0,1
"iteration_2","SCOPE_DATA_COLLECTION",1400,10,670.0,730.0,0,8341,5522,2110,8445,5345,2084,7692,5052,1888,665,473,219,0.07957400981213354,0.0856108597285068,0.10393925011865211,0.3639780138898446,0.707995884791885,1.0734674510275808,0.7279560277796892,0.707995884791885,0.7156449673517206,0.29771190847633905,0.3493665874901029,0.3569915254237288,100.0,100.0,5212,6389,4372,136,4,1217,0.026093630084420567,6.260760682422914E-4,0.2783623055809698,0.6000000000000001,0.7000000000000001,0.7000000000000001,0.4,25.0,90.0,85.0,0.5,0.8,0.7000000000000001,0.4,25.0,80.0,95.0,8588,6454,2134,8588,0.24848625989753145,0.43457860471956417,0.5,0.8691572094391283,2476,0.38363805392004957,1.0,1
"iteration_2","SCOPE_DATA_COLLECTION",1400,10,670.0,730.0,1,8341,5522,2110,8445,5345,2084,7692,5052,1888,665,473,219,0.07957400981213354,0.0856108597285068,0.10393925011865211,0.3639780138898446,0.707995884791885,1.0734674510275808,0.7279560277796892,0.707995884791885,0.7156449673517206,0.29771190847633905,0.3493665874901029,0.3569915254237288,100.0,100.0,5212,6389,4372,136,4,1217,0.026093630084420567,6.260760682422914E-4,0.2783623055809698,0.6000000000000001,0.7000000000000001,0.7000000000000001,0.4,25.0,90.0,85.0,0.5,0.8,0.7000000000000001,0.4,25.0,80.0,95.0,5491,4062,1429,5491,0.2602440356947733,0.8253412711237824,1.0,0.8253412711237824,1701,0.41875923190546527,1.0,1
"iteration_2","SCOPE_DATA_COLLECTION",1400,10,670.0,730.0,2,8341,5522,2110,8445,5345,2084,7692,5052,1888,665,473,219,0.07957400981213354,0.0856108597285068,0.10393925011865211,0.3639780138898446,0.707995884791885,1.0734674510275808,0.7279560277796892,0.707995884791885,0.7156449673517206,0.29771190847633905,0.3493665874901029,0.3569915254237288,100.0,100.0,5212,6389,4372,136,4,1217,0.026093630084420567,6.260760682422914E-4,0.2783623055809698,0.6000000000000001,0.7000000000000001,0.7000000000000001,0.4,25.0,90.0,85.0,0.5,0.8,0.7000000000000001,0.4,25.0,80.0,95.0,2169,1596,573,2169,0.2641770401106501,1.2173166235224975,1.5,0.811544415681665,670,0.4197994987468672,1.0,1
"iteration_2","SCOPE_DATA_COLLECTION",1400,11,730.0,790.0,0,8588,5491,2169,8341,5522,2110,6443,4055,1608,2134,1429,573,0.24880494345342194,0.2605762217359592,0.2627235213204952,0.43303568953205834,0.8197650620874157,1.2179545203317454,0.8660713790641167,0.8197650620874157,0.8119696802211637,0.38212013037404935,0.4155363748458693,0.4185323383084577,100.0,100.0,5338,5492,5418,149,3,3984,0.02791307605844886,5.462490895848507E-4,0.7353266888150609,0.5,0.8,0.7000000000000001,0.4,25.0,80.0,95.0,0.5,0.9,0.7000000000000001,0.5,25.0,70.0,95.0,8382,6458,1924,8382,0.22953948938200908,0.4246878705290429,0.5,0.8493757410580858,2529,0.3916073087643233,1.0,1
"iteration_2","SCOPE_DATA_COLLECTION",1400,11,730.0,790.0,1,8588,5491,2169,8341,5522,2110,6443,4055,1608,2134,1429,573,0.24880494345342194,0.2605762217359592,0.2627235213204952,0.43303568953205834,0.8197650620874157,1.2179545203317454,0.8660713790641167,0.8197650620874157,0.8119696802211637,0.38212013037404935,0.4155363748458693,0.4185323383084577,100.0,100.0,5338,5492,5418,149,3,3984,0.02791307605844886,5.462490895848507E-4,0.7353266888150609,0.5,0.8,0.7000000000000001,0.4,25.0,80.0,95.0,0.5,0.9,0.7000000000000001,0.5,25.0,70.0,95.0,5332,3978,1354,5332,0.2539384846211553,0.8253263040821304,1.0,0.8253263040821304,1761,0.44268476621417796,1.0,1
"iteration_2","SCOPE_DATA_COLLECTION",1400,11,730.0,790.0,2,8588,5491,2169,8341,5522,2110,6443,4055,1608,2134,1429,573,0.24880494345342194,0.2605762217359592,0.2627235213204952,0.43303568953205834,0.8197650620874157,1.2179545203317454,0.8660713790641167,0.8197650620874157,0.8119696802211637,0.38212013037404935,0.4155363748458693,0.4185323383084577,100.0,100.0,5338,5492,5418,149,3,3984,0.02791307605844886,5.462490895848507E-4,0.7353266888150609,0.5,0.8,0.7000000000000001,0.4,25.0,80.0,95.0,0.5,0.9,0.7000000000000001,0.5,25.0,70.0,95.0,2088,1503,585,2088,0.2801724137931034,1.2156383039421959,1.5,0.8104255359614639,636,0.4231536926147705,1.0,1
"iteration_2","SCOPE_DATA_COLLECTION",1400,12,790.0,850.0,0,8382,5332,2088,8588,5491,2169,6471,3978,1497,1924,1354,585,0.22918403811792734,0.2539384846211553,0.28097982708933716,0.42553626244375337,0.8249652033003068,1.2105496694935378,0.8510725248875067,0.8249652033003068,0.8070331129956919,0.39282954721063207,0.4424333836098542,0.42150968603874417,100.0,100.0,5372,5164,5266,153,3,3707,0.028481012658227847,5.809450038729666E-4,0.7039498670717812,0.5,0.9,0.7000000000000001,0.5,25.0,70.0,95.0,0.5,0.9,0.8,0.6000000000000001,25.0,70.0,95.0,8508,6381,2127,8508,0.25,0.46123473568771756,0.5,0.9224694713754351,2521,0.3950791412004388,1.0,1
"iteration_2","SCOPE_DATA_COLLECTION",1400,12,790.0,850.0,1,8382,5332,2088,8588,5491,2169,6471,3978,1497,1924,1354,585,0.22918403811792734,0.2539384846211553,0.28097982708933716,0.42553626244375337,0.8249652033003068,1.2105496694935378,0.8510725248875067,0.8249652033003068,0.8070331129956919,0.39282954721063207,0.4424333836098542,0.42150968603874417,100.0,100.0,5372,5164,5266,153,3,3707,0.028481012658227847,5.809450038729666E-4,0.7039498670717812,0.5,0.9,0.7000000000000001,0.5,25.0,70.0,95.0,0.5,0.9,0.8,0.6000000000000001,25.0,70.0,95.0,5430,4039,1391,5430,0.25616942909760587,0.8421353134759231,1.0,0.8421353134759231,1741,0.43104728893290417,1.0,1
"iteration_2","SCOPE_DATA_COLLECTION",1400,12,790.0,850.0,2,8382,5332,2088,8588,5491,2169,6471,3978,1497,1924,1354,585,0.22918403811792734,0.2539384846211553,0.28097982708933716,0.42553626244375337,0.8249652033003068,1.2105496694935378,0.8510725248875067,0.8249652033003068,0.8070331129956919,0.39282954721063207,0.4424333836098542,0.42150968603874417,100.0,100.0,5372,5164,5266,153,3,3707,0.028481012658227847,5.809450038729666E-4,0.7039498670717812,0.5,0.9,0.7000000000000001,0.5,25.0,70.0,95.0,0.5,0.9,0.8,0.6000000000000001,25.0,70.0,95.0,2153,1558,595,2153,0.2763585694379935,1.2621922550589262,1.5,0.8414615033726175,669,0.4293966623876765,1.0,1
"iteration_2","SCOPE_DATA_COLLECTION",1400,13,850.0,910.0,0,8508,5430,2153,8382,5332,2088,6339,4035,1549,2127,1391,591,0.25124025513819986,0.2563582749723553,0.2761682242990654,0.45163501087031277,0.8389357059744006,1.2575463731866792,0.9032700217406255,0.8389357059744006,0.8383642487911195,0.39138665404637957,0.4309789343246592,0.4273724983860555,97.5,100.0,5350,5312,5429,164,4,3941,0.030654205607476635,7.530120481927711E-4,0.7259163750230245,0.5,0.9,0.8,0.6000000000000001,25.0,70.0,95.0,0.5,0.9,0.9,0.7000000000000001,25.0,70.0,95.0,8452,6475,1977,8452,0.23390913393279697,0.42626912962503133,0.5,0.8525382592500627,2434,0.3759073359073359,1.0,1
"iteration_2","SCOPE_DATA_COLLECTION",1400,13,850.0,910.0,1,8508,5430,2153,8382,5332,2088,6339,4035,1549,2127,1391,591,0.25124025513819986,0.2563582749723553,0.2761682242990654,0.45163501087031277,0.8389357059744006,1.2575463731866792,0.9032700217406255,0.8389357059744006,0.8383642487911195,0.39138665404637957,0.4309789343246592,0.4273724983860555,97.5,100.0,5350,5312,5429,164,4,3941,0.030654205607476635,7.530120481927711E-4,0.7259163750230245,0.5,0.9,0.8,0.6000000000000001,25.0,70.0,95.0,0.5,0.9,0.9,0.7000000000000001,25.0,70.0,95.0,5388,4049,1339,5388,0.24851521900519674,0.8096835528567836,1.0,0.8096835528567836,1731,0.42751296616448503,1.0,1
"iteration_2","SCOPE_DATA_COLLECTION",1400,13,850.0,910.0,2,8508,5430,2153,8382,5332,2088,6339,4035,1549,2127,1391,591,0.25124025513819986,0.2563582749723553,0.2761682242990654,0.45163501087031277,0.8389357059744006,1.2575463731866792,0.9032700217406255,0.8389357059744006,0.8383642487911195,0.39138665404637957,0.4309789343246592,0.4273724983860555,97.5,100.0,5350,5312,5429,164,4,3941,0.030654205607476635,7.530120481927711E-4,0.7259163750230245,0.5,0.9,0.8,0.6000000000000001,25.0,70.0,95.0,0.5,0.9,0.9,0.7000000000000001,25.0,70.0,95.0,2097,1520,577,2097,0.27515498330948973,1.2519345721883757,1.5,0.8346230481255837,665,0.4375,1.0,1
"iteration_2","SCOPE_DATA_COLLECTION",1400,14,910.0,970.0,0,8452,5388,2097,8508,5430,2153,6528,4060,1516,1977,1339,581,0.2324514991181658,0.2480088905352843,0.2770624701955174,0.43624348838697463,0.8173501771660282,1.2485832342269019,0.8724869767739493,0.8173501771660282,0.8323888228179346,0.38005514705882354,0.43054187192118226,0.43601583113456466,97.5,100.0,5299,5322,5316,157,2,3738,0.029628231741838082,3.757985719654265E-4,0.7031602708803611,0.5,0.9,0.9,0.7000000000000001,25.0,70.0,95.0,0.4,0.9,0.9,0.8,20.0,70.0,95.0,8484,5025,3459,8484,0.4077086280056577,0.44906585536179866,0.5,0.8981317107235973,2256,0.448955223880597,1.0,1
"iteration_2","SCOPE_DATA_COLLECTION",1400,14,910.0,970.0,1,8452,5388,2097,8508,5430,2153,6528,4060,1516,1977,1339,581,0.2324514991181658,0.2480088905352843,0.2770624701955174,0.43624348838697463,0.8173501771660282,1.2485832342269019,0.8724869767739493,0.8173501771660282,0.8323888228179346,0.38005514705882354,0.43054187192118226,0.43601583113456466,97.5,100.0,5299,5322,5316,157,2,3738,0.029628231741838082,3.757985719654265E-4,0.7031602708803611,0.5,0.9,0.9,0.7000000000000001,25.0,70.0,95.0,0.4,0.9,0.9,0.8,20.0,70.0,95.0,5519,3231,2288,5519,0.41456785649574196,0.8920689543775521,1.0,0.8920689543775521,1653,0.5116063138347261,1.0,1
"iteration_2","SCOPE_DATA_COLLECTION",1400,14,910.0,970.0,2,8452,5388,2097,8508,5430,2153,6528,4060,1516,1977,1339,581,0.2324514991181658,0.2480088905352843,0.2770624701955174,0.43624348838697463,0.8173501771660282,1.2485832342269019,0.8724869767739493,0.8173501771660282,0.8323888228179346,0.38005514705882354,0.43054187192118226,0.43601583113456466,97.5,100.0,5299,5322,5316,157,2,3738,0.029628231741838082,3.757985719654265E-4,0.7031602708803611,0.5,0.9,0.9,0.7000000000000001,25.0,70.0,95.0,0.4,0.9,0.9,0.8,20.0,70.0,95.0,2137,1257,880,2137,0.4117922321010763,1.416220387147851,1.5,0.944146924765234,667,0.5306284805091488,1.0,1
"iteration_2","SCOPE_DATA_COLLECTION",1400,15,970.0,1030.0,0,8484,5519,2137,8452,5388,2097,4996,3228,1273,3459,2288,880,0.4091070372560615,0.41479332849891226,0.40873200185787273,0.44688838666995545,0.8858238764275955,1.421176079048004,0.8937767733399109,0.8858238764275955,0.947450719365336,0.4467574059247398,0.508364312267658,0.5333857030636292,95.0,100.0,5237,4434,6469,156,2,6469,0.029788046591560053,4.510599909788002E-4,1.0,0.4,0.9,0.9,0.8,20.0,70.0,95.0,0.4,0.9,0.9,0.8,20.0,70.0,95.0,8534,5332,3202,8534,0.3752050621045231,0.49346021466634216,0.5,0.9869204293326843,2407,0.45142535633908476,1.0,1
"iteration_2","SCOPE_DATA_COLLECTION",1400,15,970.0,1030.0,1,8484,5519,2137,8452,5388,2097,4996,3228,1273,3459,2288,880,0.4091070372560615,0.41479332849891226,0.40873200185787273,0.44688838666995545,0.8858238764275955,1.421176079048004,0.8937767733399109,0.8858238764275955,0.947450719365336,0.4467574059247398,0.508364312267658,0.5333857030636292,95.0,100.0,5237,4434,6469,156,2,6469,0.029788046591560053,4.510599909788002E-4,1.0,0.4,0.9,0.9,0.8,20.0,70.0,95.0,0.4,0.9,0.9,0.8,20.0,70.0,95.0,5399,3373,2026,5399,0.37525467679199853,0.9478783660650958,1.0,0.9478783660650958,1784,0.5289060183812629,1.0,1
"iteration_2","SCOPE_DATA_COLLECTION",1400,15,970.0,1030.0,2,8484,5519,2137,8452,5388,2097,4996,3228,1273,3459,2288,880,0.4091070372560615,0.41479332849891226,0.40873200185787273,0.44688838666995545,0.8858238764275955,1.421176079048004,0.8937767733399109,0.8858238764275955,0.947450719365336,0.4467574059247398,0.508364312267658,0.5333857030636292,95.0,100.0,5237,4434,6469,156,2,6469,0.029788046591560053,4.510599909788002E-4,1.0,0.4,0.9,0.9,0.8,20.0,70.0,95.0,0.4,0.9,0.9,0.8,20.0,70.0,95.0,2102,1210,892,2102,0.42435775451950525,1.4384761269761936,1.5,0.9589840846507958,649,0.5363636363636364,1.0,1
"iteration_2","SCOPE_DATA_COLLECTION",1400,16,1030.0,1090.0,0,8534,5399,2102,8484,5519,2137,5348,3378,1201,3202,2026,892,0.37450292397660817,0.37490747594374535,0.4261825131390349,0.4950262656835259,0.9500546636984033,1.4346431520040583,0.9900525313670518,0.9500546636984033,0.9564287680027056,0.45287958115183247,0.5293072824156305,0.533721898417985,100.0,100.0,5429,4307,6299,170,4,5946,0.03131331736968134,9.287206872533086E-4,0.9439593586283537,0.4,0.9,0.9,0.8,20.0,70.0,95.0,0.4,0.8,0.9,0.8,30.0,70.0,95.0,8432,5066,3366,8432,0.39919354838709675,0.4619924550460838,0.5,0.9239849100921677,2255,0.4451243584682195,1.0,1
"iteration_2","SCOPE_DATA_COLLECTION",1400,16,1030.0,1090.0,1,8534,5399,2102,8484,5519,2137,5348,3378,1201,3202,2026,892,0.37450292397660817,0.37490747594374535,0.4261825131390349,0.4950262656835259,0.9500546636984033,1.4346431520040583,0.9900525313670518,0.9500546636984033,0.9564287680027056,0.45287958115183247,0.5293072824156305,0.533721898417985,100.0,100.0,5429,4307,6299,170,4,5946,0.03131331736968134,9.287206872533086E-4,0.9439593586283537,0.4,0.9,0.9,0.8,20.0,70.0,95.0,0.4,0.8,0.9,0.8,30.0,70.0,95.0,5490,3213,2277,5490,0.41475409836065574,0.9079981697553221,1.0,0.9079981697553221,1715,0.5337690631808278,1.0,1
"iteration_2","SCOPE_DATA_COLLECTION",1400,16,1030.0,1090.0,2,8534,5399,2102,8484,5519,2137,5348,3378,1201,3202,2026,892,0.37450292397660817,0.37490747594374535,0.4261825131390349,0.4950262656835259,0.9500546636984033,1.4346431520040583,0.9900525313670518,0.9500546636984033,0.9564287680027056,0.45287958115183247,0.5293072824156305,0.533721898417985,100.0,100.0,5429,4307,6299,170,4,5946,0.03131331736968134,9.287206872533086E-4,0.9439593586283537,0.4,0.9,0.9,0.8,20.0,70.0,95.0,0.4,0.8,0.9,0.8,30.0,70.0,95.0,2102,1188,914,2102,0.43482397716460514,1.4445386363953876,1.5,0.9630257575969251,651,0.547979797979798,1.0,1
"iteration_2","SCOPE_DATA_COLLECTION",1400,17,1090.0,1150.0,0,8432,5490,2102,8534,5399,2102,5058,3206,1209,3366,2277,914,0.3995726495726496,0.41528360386649643,0.43052284503061705,0.4615167105174199,0.9087952303933436,1.456438799782719,0.9230334210348398,0.9087952303933436,0.970959199855146,0.4444444444444444,0.5330630068621335,0.5533498759305211,100.0,100.0,5318,4202,6504,150,3,6404,0.028206092515983452,7.139457401237506E-4,0.9846248462484625,0.4,0.8,0.9,0.8,30.0,70.0,95.0,0.2,0.8,0.8,0.5,50.0,85.0,70.0,8425,3916,4509,8425,0.5351928783382789,0.5406124359483461,0.5,1.0812248718966921,2235,0.5707354443309499,1.0,1
"iteration_2","SCOPE_DATA_COLLECTION",1400,17,1090.0,1150.0,1,8432,5490,2102,8534,5399,2102,5058,3206,1209,3366,2277,914,0.3995726495726496,0.41528360386649643,0.43052284503061705,0.4615167105174199,0.9087952303933436,1.456438799782719,0.9230334210348398,0.9087952303933436,0.970959199855146,0.4444444444444444,0.5330630068621335,0.5533498759305211,100.0,100.0,5318,4202,6504,150,3,6404,0.028206092515983452,7.139457401237506E-4,0.9846248462484625,0.4,0.8,0.9,0.8,30.0,70.0,95.0,0.2,0.8,0.8,0.5,50.0,85.0,70.0,5318,2394,2924,5318,0.5498307634449041,1.1014557146601118,1.0,1.1014557146601118,1638,0.6842105263157895,1.0,1
"iteration_2","SCOPE_DATA_COLLECTION",1400,17,1090.0,1150.0,2,8432,5490,2102,8534,5399,2102,5058,3206,1209,3366,2277,914,0.3995726495726496,0.41528360386649643,0.43052284503061705,0.4615167105174199,0.9087952303933436,1.456438799782719,0.9230334210348398,0.9087952303933436,0.970959199855146,0.4444444444444444,0.5330630068621335,0.5533498759305211,100.0,100.0,5318,4202,6504,150,3,6404,0.028206092515983452,7.139457401237506E-4,0.9846248462484625,0.4,0.8,0.9,0.8,30.0,70.0,95.0,0.2,0.8,0.8,0.5,50.0,85.0,70.0,2127,953,1174,2127,0.5519511048425012,1.7149186004015673,1.5,1.1432790669343782,660,0.6925498426023085,1.0,1
"iteration_2","SCOPE_DATA_COLLECTION",1400,18,1150.0,1210.0,0,8425,5318,2127,8432,5490,2102,3913,2398,947,4509,2923,1174,0.5353835193540727,0.5493328321744033,0.5535124941065536,0.5356794007503192,1.1007858878414405,1.7115354128282534,1.0713588015006383,1.1007858878414405,1.141023608552169,0.5686174290825453,0.6843202668890742,0.6916578669482577,92.5,100.0,5250,2154,8466,139,1,8466,0.026476190476190476,4.6425255338904364E-4,1.0,0.2,0.8,0.8,0.5,50.0,85.0,70.0,0.45,0.8,0.8,0.9,45.0,35.0,80.0,8453,5654,2799,8453,0.33112504436294804,0.42652710372269376,0.5,0.8530542074453875,2364,0.41811107180756985,1.0,1
"iteration_2","SCOPE_DATA_COLLECTION",1400,18,1150.0,1210.0,1,8425,5318,2127,8432,5490,2102,3913,2398,947,4509,2923,1174,0.5353835193540727,0.5493328321744033,0.5535124941065536,0.5356794007503192,1.1007858878414405,1.7115354128282534,1.0713588015006383,1.1007858878414405,1.141023608552169,0.5686174290825453,0.6843202668890742,0.6916578669482577,92.5,100.0,5250,2154,8466,139,1,8466,0.026476190476190476,4.6425255338904364E-4,1.0,0.2,0.8,0.8,0.5,50.0,85.0,70.0,0.45,0.8,0.8,0.9,45.0,35.0,80.0,5293,3438,1855,5293,0.350462875495938,0.8501412501079861,1.0,0.8501412501079861,1666,0.48458406050029085,1.0,1
"iteration_2","SCOPE_DATA_COLLECTION",1400,18,1150.0,1210.0,2,8425,5318,2127,8432,5490,2102,3913,2398,947,4509,2923,1174,0.5353835193540727,0.5493328321744033,0.5535124941065536,0.5356794007503192,1.1007858878414405,1.7115354128282534,1.0713588015006383,1.1007858878414405,1.141023608552169,0.5686174290825453,0.6843202668890742,0.6916578669482577,92.5,100.0,5250,2154,8466,139,1,8466,0.026476190476190476,4.6425255338904364E-4,1.0,0.2,0.8,0.8,0.5,50.0,85.0,70.0,0.45,0.8,0.8,0.9,45.0,35.0,80.0,2087,1341,746,2087,0.35745088643986583,1.3223397590020451,1.5,0.8815598393346967,648,0.48322147651006714,1.0,1
"iteration_2","SCOPE_DATA_COLLECTION",1400,19,1210.0,1270.0,0,8453,5293,2087,8425,5318,2127,5648,3449,1340,2799,1854,746,0.3313602462412691,0.34961342636243636,0.3576222435282838,0.4286159663811129,0.8520136810086729,1.3223219233533017,0.8572319327622258,0.8520136810086729,0.8815479489022011,0.4185552407932011,0.4856480139170774,0.4828358208955224,97.5,100.0,5322,4721,5790,141,5,5253,0.02649379932356257,0.0010590976488032196,0.9072538860103627,0.45,0.8,0.8,0.9,45.0,35.0,80.0,0.55,0.9,0.7000000000000001,0.9,55.0,45.0,80.0,8469,7069,1400,8469,0.16530877317274767,0.4087704859857724,0.5,0.8175409719715448,2539,0.3591738576884991,1.0,1
"iteration_2","SCOPE_DATA_COLLECTION",1400,19,1210.0,1270.0,1,8453,5293,2087,8425,5318,2127,5648,3449,1340,2799,1854,746,0.3313602462412691,0.34961342636243636,0.3576222435282838,0.4286159663811129,0.8520136810086729,1.3223219233533017,0.8572319327622258,0.8520136810086729,0.8815479489022011,0.4185552407932011,0.4856480139170774,0.4828358208955224,97.5,100.0,5322,4721,5790,141,5,5253,0.02649379932356257,0.0010590976488032196,0.9072538860103627,0.45,0.8,0.8,0.9,45.0,35.0,80.0,0.55,0.9,0.7000000000000001,0.9,55.0,45.0,80.0,5461,4511,950,5461,0.17396081303790514,0.7514703264317649,1.0,0.7514703264317649,1795,0.39791620483263135,1.0,1
"iteration_2","SCOPE_DATA_COLLECTION",1400,19,1210.0,1270.0,2,8453,5293,2087,8425,5318,2127,5648,3449,1340,2799,1854,746,0.3313602462412691,0.34961342636243636,0.3576222435282838,0.4286159663811129,0.8520136810086729,1.3223219233533017,0.8572319327622258,0.8520136810086729,0.8815479489022011,0.4185552407932011,0.4856480139170774,0.4828358208955224,97.5,100.0,5322,4721,5790,141,5,5253,0.02649379932356257,0.0010590976488032196,0.9072538860103627,0.45,0.8,0.8,0.9,45.0,35.0,80.0,0.55,0.9,0.7000000000000001,0.9,55.0,45.0,80.0,2086,1663,423,2086,0.2027804410354746,1.170608666749212,1.5,0.780405777832808,661,0.39747444377630786,1.0,1
"iteration_2","SCOPE_DATA_COLLECTION",1400,20,1270.0,1330.0,0,8469,5461,2086,8453,5293,2087,7075,4504,1653,1385,947,421,0.16371158392434987,0.17372959090075216,0.2029893924783028,0.41039579425072503,0.7523387432400934,1.168920200712693,0.8207915885014501,0.7523387432400934,0.7792801338084621,0.36070671378091873,0.3980905861456483,0.397459165154265,100.0,100.0,5332,5854,4830,124,1,2628,0.023255813953488372,1.7082336863682952E-4,0.5440993788819876,0.55,0.9,0.7000000000000001,0.9,55.0,45.0,80.0,0.55,0.9,0.7000000000000001,0.9,55.0,45.0,80.0,8564,7178,1386,8564,0.16184026156001868,0.41467452283888095,0.5,0.8293490456777619,2533,0.35288381164669824,1.0,1
"iteration_2","SCOPE_DATA_COLLECTION",1400,20,1270.0,1330.0,1,8469,5461,2086,8453,5293,2087,7075,4504,1653,1385,947,421,0.16371158392434987,0.17372959090075216,0.2029893924783028,0.41039579425072503,0.7523387432400934,1.168920200712693,0.8207915885014501,0.7523387432400934,0.7792801338084621,0.36070671378091873,0.3980905861456483,0.397459165154265,100.0,100.0,5332,5854,4830,124,1,2628,0.023255813953488372,1.7082336863682952E-4,0.5440993788819876,0.55,0.9,0.7000000000000001,0.9,55.0,45.0,80.0,0.55,0.9,0.7000000000000001,0.9,55.0,45.0,80.0,5607,4738,869,5607,0.15498484037809881,0.7793036780388772,1.0,0.7793036780388772,1869,0.3944702406078514,1.0,1
"iteration_2","SCOPE_DATA_COLLECTION",1400,20,1270.0,1330.0,2,8469,5461,2086,8453,5293,2087,7075,4504,1653,1385,947,421,0.16371158392434987,0.17372959090075216,0.2029893924783028,0.41039579425072503,0.7523387432400934,1.168920200712693,0.8207915885014501,0.7523387432400934,0.7792801338084621,0.36070671378091873,0.3980905861456483,0.397459165154265,100.0,100.0,5332,5854,4830,124,1,2628,0.023255813953488372,1.7082336863682952E-4,0.5440993788819876,0.55,0.9,0.7000000000000001,0.9,55.0,45.0,80.0,0.55,0.9,0.7000000000000001,0.9,55.0,45.0,80.0,2101,1674,427,2101,0.20323655402189433,1.1241813184443625,1.5,0.7494542122962417,599,0.3578255675029869,1.0,1
"iteration_2","SCOPE_DATA_COLLECTION",1400,21,1330.0,1390.0,0,8564,5607,2101,8469,5461,2086,7185,4725,1682,1401,874,429,0.16317260656883298,0.15609930344704412,0.20322122216958788,0.4141722723760878,0.7742136981094824,1.1260539596011536,0.8283445447521756,0.7742136981094824,0.7507026397341025,0.3524008350730689,0.3928042328042328,0.35850178359096313,97.5,100.0,5455,5857,4960,166,14,2524,0.030430797433547204,0.002390302202492744,0.5088709677419355,0.55,0.9,0.7000000000000001,0.9,55.0,45.0,80.0,0.65,0.8,0.6000000000000001,0.9,45.0,55.0,80.0,8422,8309,113,8422,0.01341724056043695,0.3439310443186875,0.5,0.687862088637375,2347,0.2824647972078469,1.0,1
"iteration_2","SCOPE_DATA_COLLECTION",1400,21,1330.0,1390.0,1,8564,5607,2101,8469,5461,2086,7185,4725,1682,1401,874,429,0.16317260656883298,0.15609930344704412,0.20322122216958788,0.4141722723760878,0.7742136981094824,1.1260539596011536,0.8283445447521756,0.7742136981094824,0.7507026397341025,0.3524008350730689,0.3928042328042328,0.35850178359096313,97.5,100.0,5455,5857,4960,166,14,2524,0.030430797433547204,0.002390302202492744,0.5088709677419355,0.55,0.9,0.7000000000000001,0.9,55.0,45.0,80.0,0.65,0.8,0.6000000000000001,0.9,45.0,55.0,80.0,5484,5351,133,5484,0.02425237053245806,0.6550638790445891,1.0,0.6550638790445891,1762,0.32928424593533917,1.0,1
"iteration_2","SCOPE_DATA_COLLECTION",1400,21,1330.0,1390.0,2,8564,5607,2101,8469,5461,2086,7185,4725,1682,1401,874,429,0.16317260656883298,0.15609930344704412,0.20322122216958788,0.4141722723760878,0.7742136981094824,1.1260539596011536,0.8283445447521756,0.7742136981094824,0.7507026397341025,0.3524008350730689,0.3928042328042328,0.35850178359096313,97.5,100.0,5455,5857,4960,166,14,2524,0.030430797433547204,0.002390302202492744,0.5088709677419355,0.55,0.9,0.7000000000000001,0.9,55.0,45.0,80.0,0.65,0.8,0.6000000000000001,0.9,45.0,55.0,80.0,1996,1907,89,1996,0.04458917835671343,1.0147240211779687,1.5,0.6764826807853125,621,0.32564237021499737,1.0,1
"iteration_2","SCOPE_DATA_COLLECTION",1400,22,1390.0,1450.0,0,8422,5484,1996,8564,5607,2101,8308,5355,1898,113,133,89,0.013418833867711673,0.02423469387755102,0.04479114242576749,0.34444043542805486,0.6607130351370564,1.016166748382566,0.6888808708561097,0.6607130351370564,0.6774444989217107,0.2833413577274916,0.3314659197012138,0.3256059009483667,97.5,100.0,5392,6848,3662,141,12,182,0.02614985163204748,0.0017523364485981308,0.0496996176952485,0.65,0.8,0.6000000000000001,0.9,45.0,55.0,80.0,0.65,0.7000000000000001,0.6000000000000001,0.9,45.0,45.0,70.0,8397,8038,359,8397,0.04275336429677266,0.34023137746645576,0.5,0.6804627549329115,2296,0.2856431948245832,1.0,1
"iteration_2","SCOPE_DATA_COLLECTION",1400,22,1390.0,1450.0,1,8422,5484,1996,8564,5607,2101,8308,5355,1898,113,133,89,0.013418833867711673,0.02423469387755102,0.04479114242576749,0.34444043542805486,0.6607130351370564,1.016166748382566,0.6888808708561097,0.6607130351370564,0.6774444989217107,0.2833413577274916,0.3314659197012138,0.3256059009483667,97.5,100.0,5392,6848,3662,141,12,182,0.02614985163204748,0.0017523364485981308,0.0496996176952485,0.65,0.8,0.6000000000000001,0.9,45.0,55.0,80.0,0.65,0.7000000000000001,0.6000000000000001,0.9,45.0,45.0,70.0,5399,5141,258,5399,0.04778662715317651,0.6594059294256972,1.0,0.6594059294256972,1692,0.3291188484730597,1.0,1
"iteration_2","SCOPE_DATA_COLLECTION",1400,22,1390.0,1450.0,2,8422,5484,1996,8564,5607,2101,8308,5355,1898,113,133,89,0.013418833867711673,0.02423469387755102,0.04479114242576749,0.34444043542805486,0.6607130351370564,1.016166748382566,0.6888808708561097,0.6607130351370564,0.6774444989217107,0.2833413577274916,0.3314659197012138,0.3256059009483667,97.5,100.0,5392,6848,3662,141,12,182,0.02614985163204748,0.0017523364485981308,0.0496996176952485,0.65,0.8,0.6000000000000001,0.9,45.0,55.0,80.0,0.65,0.7000000000000001,0.6000000000000001,0.9,45.0,45.0,70.0,2129,1997,132,2129,0.06200093940817285,1.017858779517509,1.5,0.6785725196783393,647,0.32398597896845266,1.0,1
"iteration_2","SCOPE_DATA_COLLECTION",1400,23,1450.0,1510.0,0,8397,5399,2129,8422,5484,1996,8031,5140,2003,359,258,132,0.042789034564958285,0.04779547980733605,0.061826697892271666,0.3401988389044738,0.6593843077684783,1.0160819195834516,0.6803976778089476,0.6593843077684783,0.6773879463889677,0.28526958037604283,0.3293774319066148,0.3230154767848228,100.0,100.0,5313,6838,3774,146,7,596,0.027479766610201392,0.0010236911377595789,0.1579226285108638,0.65,0.7000000000000001,0.6000000000000001,0.9,45.0,45.0,70.0,0.6000000000000001,0.4,0.30000000000000004,0.4,20.0,30.0,85.0,8523,7853,670,8523,0.07861081778716414,0.38200429921294254,0.5,0.7640085984258851,2500,0.3183496752833312,1.0,1
"iteration_2","SCOPE_DATA_COLLECTION",1400,23,1450.0,1510.0,1,8397,5399,2129,8422,5484,1996,8031,5140,2003,359,258,132,0.042789034564958285,0.04779547980733605,0.061826697892271666,0.3401988389044738,0.6593843077684783,1.0160819195834516,0.6803976778089476,0.6593843077684783,0.6773879463889677,0.28526958037604283,0.3293774319066148,0.3230154767848228,100.0,100.0,5313,6838,3774,146,7,596,0.027479766610201392,0.0010236911377595789,0.1579226285108638,0.65,0.7000000000000001,0.6000000000000001,0.9,45.0,45.0,70.0,0.6000000000000001,0.4,0.30000000000000004,0.4,20.0,30.0,85.0,5412,4923,489,5412,0.09035476718403547,0.7070548650555244,1.0,0.7070548650555244,1803,0.3662400975015235,1.0,1
"iteration_2","SCOPE_DATA_COLLECTION",1400,23,1450.0,1510.0,2,8397,5399,2129,8422,5484,1996,8031,5140,2003,359,258,132,0.042789034564958285,0.04779547980733605,0.061826697892271666,0.3401988389044738,0.6593843077684783,1.0160819195834516,0.6803976778089476,0.6593843077684783,0.6773879463889677,0.28526958037604283,0.3293774319066148,0.3230154767848228,100.0,100.0,5313,6838,3774,146,7,596,0.027479766610201392,0.0010236911377595789,0.1579226285108638,0.65,0.7000000000000001,0.6000000000000001,0.9,45.0,45.0,70.0,0.6000000000000001,0.4,0.30000000000000004,0.4,20.0,30.0,85.0,2029,1832,197,2029,0.09709216362740267,1.074562493077583,1.5,0.7163749953850553,658,0.35917030567685587,1.0,1
"iteration_2","SCOPE_DATA_COLLECTION",1400,24,1510.0,1570.0,0,8523,5412,2029,8397,5399,2129,7802,4883,1837,670,482,194,0.07908404154863079,0.08984156570363466,0.09551944854751354,0.36317228671215923,0.6854427532650484,1.0777170099007596,0.7263445734243185,0.6854427532650484,0.7184780066005064,0.31197128941297103,0.3592054065123899,0.36145890038105605,100.0,100.0,5282,6415,4267,74,8,1264,0.014009844755774327,0.0012470771628994544,0.2962268572767753,0.6000000000000001,0.4,0.30000000000000004,0.4,20.0,30.0,85.0,0.30000000000000004,0.7000000000000001,0.30000000000000004,0.7000000000000001,85.0,95.0,45.0,8311,4376,3935,8311,0.47346889664300323,0.4824271084007917,0.5,0.9648542168015835,2126,0.48583180987202923,1.0,1
"iteration_2","SCOPE_DATA_COLLECTION",1400,24,1510.0,1570.0,1,8523,5412,2029,8397,5399,2129,7802,4883,1837,670,482,194,0.07908404154863079,0.08984156570363466,0.09551944854751354,0.36317228671215923,0.6854427532650484,1.0777170099007596,0.7263445734243185,0.6854427532650484,0.7184780066005064,0.31197128941297103,0.3592054065123899,0.36145890038105605,100.0,100.0,5282,6415,4267,74,8,1264,0.014009844755774327,0.0012470771628994544,0.2962268572767753,0.6000000000000001,0.4,0.30000000000000004,0.4,20.0,30.0,85.0,0.30000000000000004,0.7000000000000001,0.30000000000000004,0.7000000000000001,85.0,95.0,45.0,5575,2951,2624,5575,0.4706726457399103,0.942861378953273,1.0,0.942861378953273,1722,0.5835310064384954,1.0,1
"iteration_2","SCOPE_DATA_COLLECTION",1400,24,1510.0,1570.0,2,8523,5412,2029,8397,5399,2129,7802,4883,1837,670,482,194,0.07908404154863079,0.08984156570363466,0.09551944854751354,0.36317228671215923,0.6854427532650484,1.0777170099007596,0.7263445734243185,0.6854427532650484,0.7184780066005064,0.31197128941297103,0.3592054065123899,0.36145890038105605,100.0,100.0,5282,6415,4267,74,8,1264,0.014009844755774327,0.0012470771628994544,0.2962268572767753,0.6000000000000001,0.4,0.30000000000000004,0.4,20.0,30.0,85.0,0.30000000000000004,0.7000000000000001,0.30000000000000004,0.7000000000000001,85.0,95.0,45.0,2161,1078,1083,2161,0.5011568718186025,1.5327904426659347,1.5,1.021860295110623,647,0.6001855287569573,1.0,1
"iteration_2","SCOPE_DATA_COLLECTION",1400,25,1570.0,1630.0,0,8311,5575,2161,8523,5412,2029,4442,3005,1067,3935,2631,1086,0.46973856989375673,0.4668204400283889,0.5044124477473293,0.5139922236491355,0.9712375832704875,1.526304304242034,1.027984447298271,0.9712375832704875,1.0175362028280226,0.49437190454750113,0.5896838602329451,0.5951265229615745,97.5,100.0,5194,3256,7597,108,2,7542,0.020793222949557183,6.142506142506142E-4,0.9927603001184678,0.30000000000000004,0.7000000000000001,0.30000000000000004,0.7000000000000001,85.0,95.0,45.0,0.2,0.8,0.4,0.6000000000000001,75.0,95.0,55.0,8359,3882,4477,8359,0.5355903816245963,0.530222950712773,0.5,1.060445901425546,2154,0.5548686244204019,1.0,1
"iteration_2","SCOPE_DATA_COLLECTION",1400,25,1570.0,1630.0,1,8311,5575,2161,8523,5412,2029,4442,3005,1067,3935,2631,1086,0.46973856989375673,0.4668204400283889,0.5044124477473293,0.5139922236491355,0.9712375832704875,1.526304304242034,1.027984447298271,0.9712375832704875,1.0175362028280226,0.49437190454750113,0.5896838602329451,0.5951265229615745,97.5,100.0,5194,3256,7597,108,2,7542,0.020793222949557183,6.142506142506142E-4,0.9927603001184678,0.30000000000000004,0.7000000000000001,0.30000000000000004,0.7000000000000001,85.0,95.0,45.0,0.2,0.8,0.4,0.6000000000000001,75.0,95.0,55.0,5373,2459,2914,5373,0.5423413363111855,1.1001410249520795,1.0,1.1001410249520795,1729,0.7031313542090281,1.0,1
"iteration_2","SCOPE_DATA_COLLECTION",1400,25,1570.0,1630.0,2,8311,5575,2161,8523,5412,2029,4442,3005,1067,3935,2631,1086,0.46973856989375673,0.4668204400283889,0.5044124477473293,0.5139922236491355,0.9712375832704875,1.526304304242034,1.027984447298271,0.9712375832704875,1.0175362028280226,0.49437190454750113,0.5896838602329451,0.5951265229615745,97.5,100.0,5194,3256,7597,108,2,7542,0.020793222949557183,6.142506142506142E-4,0.9927603001184678,0.30000000000000004,0.7000000000000001,0.30000000000000004,0.7000000000000001,85.0,95.0,45.0,0.2,0.8,0.4,0.6000000000000001,75.0,95.0,55.0,2016,915,1101,2016,0.5461309523809523,1.7140909911974154,1.5,1.1427273274649437,637,0.6961748633879782,1.0,1
"iteration_2","SCOPE_DATA_COLLECTION",1400,26,1630.0,1690.0,0,8359,5373,2016,8311,5575,2161,3866,2447,928,4477,2914,1101,0.5366175236725399,0.5435553068457377,0.5426318383440119,0.5294746358201561,1.0991325850565945,1.71126847388974,1.0589492716403122,1.0991325850565945,1.1408456492598267,0.553543714433523,0.701675521046179,0.6961206896551724,100.0,100.0,5266,2100,8382,108,2,8382,0.020508925180402583,9.523809523809524E-4,1.0,0.2,0.8,0.4,0.6000000000000001,75.0,95.0,55.0,0.30000000000000004,0.9,0.5,0.6000000000000001,65.0,85.0,65.0,8455,4511,3944,8455,0.4664695446481372,0.5009940842049294,0.5,1.0019881684098588,2338,0.5182886277987142,1.0,1
"iteration_2","SCOPE_DATA_COLLECTION",1400,26,1630.0,1690.0,1,8359,5373,2016,8311,5575,2161,3866,2447,928,4477,2914,1101,0.5366175236725399,0.5435553068457377,0.5426318383440119,0.5294746358201561,1.0991325850565945,1.71126847388974,1.0589492716403122,1.0991325850565945,1.1408456492598267,0.553543714433523,0.701675521046179,0.6961206896551724,100.0,100.0,5266,2100,8382,108,2,8382,0.020508925180402583,9.523809523809524E-4,1.0,0.2,0.8,0.4,0.6000000000000001,75.0,95.0,55.0,0.30000000000000004,0.9,0.5,0.6000000000000001,65.0,85.0,65.0,5422,2885,2537,5422,0.4679085208410181,0.9980976818757981,1.0,0.9980976818757981,1734,0.6010398613518197,1.0,1
"iteration_2","SCOPE_DATA_COLLECTION",1400,26,1630.0,1690.0,2,8359,5373,2016,8311,5575,2161,3866,2447,928,4477,2914,1101,0.5366175236725399,0.5435553068457377,0.5426318383440119,0.5294746358201561,1.0991325850565945,1.71126847388974,1.0589492716403122,1.0991325850565945,1.1408456492598267,0.553543714433523,0.701675521046179,0.6961206896551724,100.0,100.0,5266,2100,8382,108,2,8382,0.020508925180402583,9.523809523809524E-4,1.0,0.2,0.8,0.4,0.6000000000000001,75.0,95.0,55.0,0.30000000000000004,0.9,0.5,0.6000000000000001,65.0,85.0,65.0,2146,1113,1033,2146,0.48136067101584346,1.5322134014005304,1.5,1.021475600933687,663,0.5956873315363881,1.0,1
"iteration_2","SCOPE_DATA_COLLECTION",1400,27,1690.0,1750.0,0,8455,5422,2146,8359,5373,2016,4507,2890,1106,3944,2537,1033,0.466690332505029,0.46747742767643263,0.48293595137914913,0.4994976319070529,0.998272277343682,1.5302438383032675,0.9989952638141057,0.998272277343682,1.020162558868845,0.5178611049478589,0.6017301038062284,0.5949367088607594,100.0,100.0,5302,3269,7452,117,2,7395,0.022067144473783478,6.11807892321811E-4,0.9923510466988728,0.30000000000000004,0.9,0.5,0.6000000000000001,65.0,85.0,65.0,0.30000000000000004,0.9,0.5,0.6000000000000001,65.0,85.0,65.0,8566,4513,4053,8566,0.47314966145225307,0.4891086081702087,0.5,0.9782172163404174,2278,0.5047640150675825,1.0,1
"iteration_2","SCOPE_DATA_COLLECTION",1400,27,1690.0,1750.0,1,8455,5422,2146,8359,5373,2016,4507,2890,1106,3944,2537,1033,0.466690332505029,0.46747742767643263,0.48293595137914913,0.4994976319070529,0.998272277343682,1.5302438383032675,0.9989952638141057,0.998272277343682,1.020162558868845,0.5178611049478589,0.6017301038062284,0.5949367088607594,100.0,100.0,5302,3269,7452,117,2,7395,0.022067144473783478,6.11807892321811E-4,0.9923510466988728,0.30000000000000004,0.9,0.5,0.6000000000000001,65.0,85.0,65.0,0.30000000000000004,0.9,0.5,0.6000000000000001,65.0,85.0,65.0,5463,2871,2592,5463,0.4744645799011532,0.9734456542336717,1.0,0.9734456542336717,1712,0.5963079066527343,1.0,1
"iteration_2","SCOPE_DATA_COLLECTION",1400,27,1690.0,1750.0,2,8455,5422,2146,8359,5373,2016,4507,2890,1106,3944,2537,1033,0.466690332505029,0.46747742767643263,0.48293595137914913,0.4994976319070529,0.998272277343682,1.5302438383032675,0.9989952638141057,0.998272277343682,1.020162558868845,0.5178611049478589,0.6017301038062284,0.5949367088607594,100.0,100.0,5302,3269,7452,117,2,7395,0.022067144473783478,6.11807892321811E-4,0.9923510466988728,0.30000000000000004,0.9,0.5,0.6000000000000001,65.0,85.0,65.0,0.30000000000000004,0.9,0.5,0.6000000000000001,65.0,85.0,65.0,2102,1034,1068,2102,0.5080875356803045,1.5385205984822206,1.5,1.0256803989881471,621,0.6005802707930368,1.0,1
"iteration_2","SCOPE_DATA_COLLECTION",1400,28,1750.0,1810.0,0,8566,5463,2102,8455,5422,2146,4526,2870,1032,4053,2592,1068,0.4724326844620585,0.4745514463566459,0.5085714285714286,0.48941146734214663,0.9712832486738926,1.5416180339314662,0.9788229346842933,0.9712832486738926,1.0277453559543108,0.5055236411842686,0.5968641114982578,0.6007751937984496,100.0,100.0,5327,3221,7583,130,0,7583,0.024403979725924535,0.0,1.0,0.30000000000000004,0.9,0.5,0.6000000000000001,65.0,85.0,65.0,0.05,0.30000000000000004,0.9,0.6000000000000001,50.0,20.0,55.0,8495,3232,5263,8495,0.6195409064155386,0.5927946324257435,0.5,1.185589264851487,2147,0.6642945544554455,1.0,1
"iteration_2","SCOPE_DATA_COLLECTION",1400,28,1750.0,1810.0,1,8566,5463,2102,8455,5422,2146,4526,2870,1032,4053,2592,1068,0.4724326844620585,0.4745514463566459,0.5085714285714286,0.48941146734214663,0.9712832486738926,1.5416180339314662,0.9788229346842933,0.9712832486738926,1.0277453559543108,0.5055236411842686,0.5968641114982578,0.6007751937984496,100.0,100.0,5327,3221,7583,130,0,7583,0.024403979725924535,0.0,1.0,0.30000000000000004,0.9,0.5,0.6000000000000001,65.0,85.0,65.0,0.05,0.30000000000000004,0.9,0.6000000000000001,50.0,20.0,55.0,5441,1960,3481,5441,0.63977210071678,1.3498833148968326,1.0,1.3498833148968326,1735,0.8852040816326531,1.0,1
"iteration_2","SCOPE_DATA_COLLECTION",1400,28,1750.0,1810.0,2,8566,5463,2102,8455,5422,2146,4526,2870,1032,4053,2592,1068,0.4724326844620585,0.4745514463566459,0.5085714285714286,0.48941146734214663,0.9712832486738926,1.5416180339314662,0.9788229346842933,0.9712832486738926,1.0277453559543108,0.5055236411842686,0.5968641114982578,0.6007751937984496,100.0,100.0,5327,3221,7583,130,0,7583,0.024403979725924535,0.0,1.0,0.30000000000000004,0.9,0.5,0.6000000000000001,65.0,85.0,65.0,0.05,0.30000000000000004,0.9,0.6000000000000001,50.0,20.0,55.0,2070,661,1409,2070,0.6806763285024154,2.1494492152145677,1.5,1.4329661434763785,604,0.913767019667171,1.0,1
"iteration_2","SCOPE_DATA_COLLECTION",1400,29,1810.0,1870.0,0,8495,5441,2070,8566,5463,2102,3236,1962,664,5263,3481,1409,0.6192493234498176,0.6395370200257211,0.6796912686927159,0.5936619751632564,1.3519381513761246,2.1391338395974056,1.1873239503265127,1.3519381513761246,1.4260892263982703,0.6640914709517923,0.8832823649337411,0.9096385542168675,97.5,100.0,5434,518,10054,99,0,10054,0.018218623481781375,0.0,1.0,0.05,0.30000000000000004,0.9,0.6000000000000001,50.0,20.0,55.0,0.05,0.30000000000000004,0.8,0.6000000000000001,40.0,30.0,45.0,8543,3164,5379,8543,0.6296383003628702,0.6060916889314457,0.5,1.2121833778628914,2132,0.6738305941845765,1.0,1
"iteration_2","SCOPE_DATA_COLLECTION",1400,29,1810.0,1870.0,1,8495,5441,2070,8566,5463,2102,3236,1962,664,5263,3481,1409,0.6192493234498176,0.6395370200257211,0.6796912686927159,0.5936619751632564,1.3519381513761246,2.1391338395974056,1.1873239503265127,1.3519381513761246,1.4260892263982703,0.6640914709517923,0.8832823649337411,0.9096385542168675,97.5,100.0,5434,518,10054,99,0,10054,0.018218623481781375,0.0,1.0,0.05,0.30000000000000004,0.9,0.6000000000000001,50.0,20.0,55.0,0.05,0.30000000000000004,0.8,0.6000000000000001,40.0,30.0,45.0,5395,1943,3452,5395,0.6398517145505097,1.3539756732816441,1.0,1.3539756732816441,1711,0.8805970149253731,1.0,1
"iteration_2","SCOPE_DATA_COLLECTION",1400,29,1810.0,1870.0,2,8495,5441,2070,8566,5463,2102,3236,1962,664,5263,3481,1409,0.6192493234498176,0.6395370200257211,0.6796912686927159,0.5936619751632564,1.3519381513761246,2.1391338395974056,1.1873239503265127,1.3519381513761246,1.4260892263982703,0.6640914709517923,0.8832823649337411,0.9096385542168675,97.5,100.0,5434,518,10054,99,0,10054,0.018218623481781375,0.0,1.0,0.05,0.30000000000000004,0.9,0.6000000000000001,50.0,20.0,55.0,0.05,0.30000000000000004,0.8,0.6000000000000001,40.0,30.0,45.0,2073,709,1364,2073,0.6579835986493006,2.1254788840406285,1.5,1.4169859226937522,643,0.9069111424541608,1.0,1
"iteration_2","SCOPE_DATA_COLLECTION",1400,30,1870.0,1930.0,0,8543,5395,2073,8495,5441,2070,3167,1935,711,5379,3452,1364,0.6294172712380061,0.6408019305736031,0.6573493975903615,0.6066505316292097,1.3501541422953662,2.134988600139413,1.2133010632584194,1.3501541422953662,1.4233257334262754,0.6750868329649511,0.8795865633074935,0.909985935302391,100.0,100.0,5387,562,10062,133,0,10062,0.02468906627065157,0.0,1.0,0.05,0.30000000000000004,0.8,0.6000000000000001,40.0,30.0,45.0,0.1,0.7000000000000001,0.5,0.2,70.0,65.0,30.0,8489,3246,5243,8489,0.6176228059842148,0.6113263261981781,0.5,1.2226526523963561,2172,0.6691312384473198,1.0,1
"iteration_2","SCOPE_DATA_COLLECTION",1400,30,1870.0,1930.0,1,8543,5395,2073,8495,5441,2070,3167,1935,711,5379,3452,1364,0.6294172712380061,0.6408019305736031,0.6573493975903615,0.6066505316292097,1.3501541422953662,2.134988600139413,1.2133010632584194,1.3501541422953662,1.4233257334262754,0.6750868329649511,0.8795865633074935,0.909985935302391,100.0,100.0,5387,562,10062,133,0,10062,0.02468906627065157,0.0,1.0,0.05,0.30000000000000004,0.8,0.6000000000000001,40.0,30.0,45.0,0.1,0.7000000000000001,0.5,0.2,70.0,65.0,30.0,5551,2133,3418,5551,0.615744910826878,1.2617265163534859,1.0,1.2617265163534859,1710,0.8016877637130801,1.0,1
"iteration_2","SCOPE_DATA_COLLECTION",1400,30,1870.0,1930.0,2,8543,5395,2073,8495,5441,2070,3167,1935,711,5379,3452,1364,0.6294172712380061,0.6408019305736031,0.6573493975903615,0.6066505316292097,1.3501541422953662,2.134988600139413,1.2133010632584194,1.3501541422953662,1.4233257334262754,0.6750868329649511,0.8795865633074935,0.909985935302391,100.0,100.0,5387,562,10062,133,0,10062,0.02468906627065157,0.0,1.0,0.05,0.30000000000000004,0.8,0.6000000000000001,40.0,30.0,45.0,0.1,0.7000000000000001,0.5,0.2,70.0,65.0,30.0,2119,798,1321,2119,0.6234072675790467,1.8891308131106919,1.5,1.2594205420737945,640,0.8020050125313283,1.0,1
"iteration_2","SCOPE_DATA_COLLECTION",1400,31,1930.0,1990.0,0,8489,5551,2119,8543,5395,2073,3240,2152,800,5243,3418,1321,0.6180596487091831,0.6136445242369838,0.6228194247996228,0.607967031409707,1.2668865668929965,1.8900600788926543,1.215934062819414,1.2668865668929965,1.2600400525951028,0.6679012345679012,0.804368029739777,0.80125,100.0,100.0,5155,1106,9898,82,2,9898,0.015906886517943745,0.0018083182640144665,1.0,0.1,0.7000000000000001,0.5,0.2,70.0,65.0,30.0,0.05,0.6000000000000001,0.4,0.30000000000000004,80.0,75.0,20.0,8379,3043,5336,8379,0.6368301706647571,0.6292415776708494,0.5,1.2584831553416989,2150,0.7065395990798554,1.0,1
"iteration_2","SCOPE_DATA_COLLECTION",1400,31,1930.0,1990.0,1,8489,5551,2119,8543,5395,2073,3240,2152,800,5243,3418,1321,0.6180596487091831,0.6136445242369838,0.6228194247996228,0.607967031409707,1.2668865668929965,1.8900600788926543,1.215934062819414,1.2668865668929965,1.2600400525951028,0.6679012345679012,0.804368029739777,0.80125,100.0,100.0,5155,1106,9898,82,2,9898,0.015906886517943745,0.0018083182640144665,1.0,0.1,0.7000000000000001,0.5,0.2,70.0,65.0,30.0,0.05,0.6000000000000001,0.4,0.30000000000000004,80.0,75.0,20.0,5424,1902,3522,5424,0.6493362831858407,1.3251822445019008,1.0,1.3251822445019008,1678,0.882229232386961,1.0,1
"iteration_2","SCOPE_DATA_COLLECTION",1400,31,1930.0,1990.0,2,8489,5551,2119,8543,5395,2073,3240,2152,800,5243,3418,1321,0.6180596487091831,0.6136445242369838,0.6228194247996228,0.607967031409707,1.2668865668929965,1.8900600788926543,1.215934062819414,1.2668865668929965,1.2600400525951028,0.6679012345679012,0.804368029739777,0.80125,100.0,100.0,5155,1106,9898,82,2,9898,0.015906886517943745,0.0018083182640144665,1.0,0.1,0.7000000000000001,0.5,0.2,70.0,65.0,30.0,0.05,0.6000000000000001,0.4,0.30000000000000004,80.0,75.0,20.0,2053,710,1343,2053,0.654164637116415,2.1211226758825776,1.5,1.4140817839217183,641,0.9028169014084507,1.0,1
"iteration_2","SCOPE_DATA_COLLECTION",1400,32,1990.0,2050.0,0,8379,5424,2053,8489,5551,2119,3037,1900,706,5336,3522,1341,0.637286516182969,0.649575802286979,0.655105031753786,0.6310690748515853,1.3239801730265175,2.1083607631373598,1.2621381497031705,1.3239801730265175,1.405573842091573,0.7062891010865986,0.8805263157894737,0.9008498583569405,100.0,100.0,5225,533,10098,101,0,10098,0.019330143540669857,0.0,1.0,0.05,0.6000000000000001,0.4,0.30000000000000004,80.0,75.0,20.0,0.05,0.5,0.4,0.30000000000000004,70.0,75.0,20.0,8436,2915,5521,8436,0.654457088667615,0.6330209166865577,0.5,1.2660418333731154,2059,0.7063464837049743,1.0,1
"iteration_2","SCOPE_DATA_COLLECTION",1400,32,1990.0,2050.0,1,8379,5424,2053,8489,5551,2119,3037,1900,706,5336,3522,1341,0.637286516182969,0.649575802286979,0.655105031753786,0.6310690748515853,1.3239801730265175,2.1083607631373598,1.2621381497031705,1.3239801730265175,1.405573842091573,0.7062891010865986,0.8805263157894737,0.9008498583569405,100.0,100.0,5225,533,10098,101,0,10098,0.019330143540669857,0.0,1.0,0.05,0.6000000000000001,0.4,0.30000000000000004,80.0,75.0,20.0,0.05,0.5,0.4,0.30000000000000004,70.0,75.0,20.0,5386,1898,3488,5386,0.6476049015967322,1.317718752531015,1.0,1.317718752531015,1655,0.8719704952581665,1.0,1
"iteration_2","SCOPE_DATA_COLLECTION",1400,32,1990.0,2050.0,2,8379,5424,2053,8489,5551,2119,3037,1900,706,5336,3522,1341,0.637286516182969,0.649575802286979,0.655105031753786,0.6310690748515853,1.3239801730265175,2.1083607631373598,1.2621381497031705,1.3239801730265175,1.405573842091573,0.7062891010865986,0.8805263157894737,0.9008498583569405,100.0,100.0,5225,533,10098,101,0,10098,0.019330143540669857,0.0,1.0,0.05,0.6000000000000001,0.4,0.30000000000000004,80.0,75.0,20.0,0.05,0.5,0.4,0.30000000000000004,70.0,75.0,20.0,2129,729,1400,2129,0.6575857209957726,2.0609894138579423,1.5,1.3739929425719615,643,0.8820301783264746,1.0,1
"iteration_2","SCOPE_DATA_COLLECTION",1400,33,2050.0,2110.0,0,8436,5386,2129,8379,5424,2053,2914,1893,731,5521,3488,1402,0.654534676941316,0.6482066530384687,0.6572902015939991,0.6332930517403059,1.315550495379419,2.0708141467601644,1.2665861034806118,1.315550495379419,1.3805427645067763,0.7055593685655457,0.872688853671421,0.8850889192886456,97.5,100.0,5093,537,10321,90,0,10321,0.01767131356764186,0.0,1.0,0.05,0.5,0.4,0.30000000000000004,70.0,75.0,20.0,0.05,0.5,0.4,0.30000000000000004,70.0,75.0,20.0,8644,3151,5493,8644,0.6354696899583526,0.6309830307785913,0.5,1.2619660615571826,2271,0.7207235798159315,1.0,1
"iteration_2","SCOPE_DATA_COLLECTION",1400,33,2050.0,2110.0,1,8436,5386,2129,8379,5424,2053,2914,1893,731,5521,3488,1402,0.654534676941316,0.6482066530384687,0.6572902015939991,0.6332930517403059,1.315550495379419,2.0708141467601644,1.2665861034806118,1.315550495379419,1.3805427645067763,0.7055593685655457,0.872688853671421,0.8850889192886456,97.5,100.0,5093,537,10321,90,0,10321,0.01767131356764186,0.0,1.0,0.05,0.5,0.4,0.30000000000000004,70.0,75.0,20.0,0.05,0.5,0.4,0.30000000000000004,70.0,75.0,20.0,5416,1925,3491,5416,0.6445716395864106,1.3214569480117757,1.0,1.3214569480117757,1660,0.8623376623376623,1.0,1
"iteration_2","SCOPE_DATA_COLLECTION",1400,33,2050.0,2110.0,2,8436,5386,2129,8379,5424,2053,2914,1893,731,5521,3488,1402,0.654534676941316,0.6482066530384687,0.6572902015939991,0.6332930517403059,1.315550495379419,2.0708141467601644,1.2665861034806118,1.315550495379419,1.3805427645067763,0.7055593685655457,0.872688853671421,0.8850889192886456,97.5,100.0,5093,537,10321,90,0,10321,0.01767131356764186,0.0,1.0,0.05,0.5,0.4,0.30000000000000004,70.0,75.0,20.0,0.05,0.5,0.4,0.30000000000000004,70.0,75.0,20.0,2096,696,1400,2096,0.6679389312977099,2.1325160395616622,1.5,1.4216773597077748,639,0.9181034482758621,1.0,1
"iteration_2","SCOPE_DATA_COLLECTION",1400,34,2110.0,2170.0,0,8644,5416,2096,8436,5386,2129,3155,1936,694,5493,3491,1400,0.6351757631822387,0.6432651557029666,0.6685768863419294,0.6326319663758603,1.3268236299219893,2.1207452694476894,1.2652639327517206,1.3268236299219893,1.413830179631793,0.7207606973058637,0.8636363636363636,0.9149855907780979,97.5,100.0,5341,550,10265,119,0,10265,0.022280471821756225,0.0,1.0,0.05,0.5,0.4,0.30000000000000004,70.0,75.0,20.0,0.05,0.2,0.5,0.30000000000000004,20.0,50.0,25.0,8525,3047,5478,8525,0.6425806451612903,0.5822036153932174,0.5,1.1644072307864348,1998,0.6557269445356088,1.0,1
"iteration_2","SCOPE_DATA_COLLECTION",1400,34,2110.0,2170.0,1,8644,5416,2096,8436,5386,2129,3155,1936,694,5493,3491,1400,0.6351757631822387,0.6432651557029666,0.6685768863419294,0.6326319663758603,1.3268236299219893,2.1207452694476894,1.2652639327517206,1.3268236299219893,1.413830179631793,0.7207606973058637,0.8636363636363636,0.9149855907780979,97.5,100.0,5341,550,10265,119,0,10265,0.022280471821756225,0.0,1.0,0.05,0.5,0.4,0.30000000000000004,70.0,75.0,20.0,0.05,0.2,0.5,0.30000000000000004,20.0,50.0,25.0,5478,1979,3499,5478,0.6387367652427893,1.3553547057460036,1.0,1.3553547057460036,1743,0.8807478524507327,1.0,1
"iteration_2","SCOPE_DATA_COLLECTION",1400,34,2110.0,2170.0,2,8644,5416,2096,8436,5386,2129,3155,1936,694,5493,3491,1400,0.6351757631822387,0.6432651557029666,0.6685768863419294,0.6326319663758603,1.3268236299219893,2.1207452694476894,1.2652639327517206,1.3268236299219893,1.413830179631793,0.7207606973058637,0.8636363636363636,0.9149855907780979,97.5,100.0,5341,550,10265,119,0,10265,0.022280471821756225,0.0,1.0,0.05,0.5,0.4,0.30000000000000004,70.0,75.0,20.0,0.05,0.2,0.5,0.30000000000000004,20.0,50.0,25.0,2134,732,1402,2134,0.6569821930646673,2.1043887271487227,1.5,1.4029258180991484,659,0.9002732240437158,1.0,1
"iteration_2","SCOPE_DATA_COLLECTION",1400,35,2170.0,2230.0,0,8525,5478,2134,8644,5416,2096,3062,1972,730,5478,3498,1402,0.6414519906323185,0.6394881170018282,0.6575984990619137,0.582030134940544,1.3467167486741227,2.111381200894793,1.164060269881088,1.3467167486741227,1.4075874672631954,0.6580666231221424,0.8793103448275862,0.9013698630136986,100.0,100.0,5289,557,10291,86,1,10291,0.016260162601626018,0.0017953321364452424,1.0,0.05,0.2,0.5,0.30000000000000004,20.0,50.0,25.0,0.05,0.2,0.6000000000000001,0.30000000000000004,20.0,60.0,25.0,8570,3088,5482,8570,0.6396732788798133,0.5761991561903689,0.5,1.1523983123807378,2018,0.6534974093264249,1.0,1
"iteration_2","SCOPE_DATA_COLLECTION",1400,35,2170.0,2230.0,1,8525,5478,2134,8644,5416,2096,3062,1972,730,5478,3498,1402,0.6414519906323185,0.6394881170018282,0.6575984990619137,0.582030134940544,1.3467167486741227,2.111381200894793,1.164060269881088,1.3467167486741227,1.4075874672631954,0.6580666231221424,0.8793103448275862,0.9013698630136986,100.0,100.0,5289,557,10291,86,1,10291,0.016260162601626018,0.0017953321364452424,1.0,0.05,0.2,0.5,0.30000000000000004,20.0,50.0,25.0,0.05,0.2,0.6000000000000001,0.30000000000000004,20.0,60.0,25.0,5369,1914,3455,5369,0.6435090333395418,1.3448436900148049,1.0,1.3448436900148049,1704,0.890282131661442,1.0,1
"iteration_2","SCOPE_DATA_COLLECTION",1400,35,2170.0,2230.0,2,8525,5478,2134,8644,5416,2096,3062,1972,730,5478,3498,1402,0.6414519906323185,0.6394881170018282,0.6575984990619137,0.582030134940544,1.3467167486741227,2.111381200894793,1.164060269881088,1.3467167486741227,1.4075874672631954,0.6580666231221424,0.8793103448275862,0.9013698630136986,100.0,100.0,5289,557,10291,86,1,10291,0.016260162601626018,0.0017953321364452424,1.0,0.05,0.2,0.5,0.30000000000000004,20.0,50.0,25.0,0.05,0.2,0.6000000000000001,0.30000000000000004,20.0,60.0,25.0,2059,724,1335,2059,0.6483729966002914,2.0772260359245394,1.5,1.3848173572830262,653,0.9019337016574586,1.0,1
"iteration_2","SCOPE_DATA_COLLECTION",1400,36,2230.0,2290.0,0,8570,5369,2059,8525,5478,2134,3093,1912,719,5482,3456,1335,0.6393002915451895,0.6438152011922503,0.6499513145082765,0.5776143315257067,1.3524911735570733,2.0731222230237334,1.1552286630514135,1.3524911735570733,1.3820814820158223,0.6543808600064662,0.8901673640167364,0.8998609179415855,100.0,100.0,5290,522,10186,85,2,10186,0.01606805293005671,0.0038314176245210726,1.0,0.05,0.2,0.6000000000000001,0.30000000000000004,20.0,60.0,25.0,0.1,0.7000000000000001,0.5,0.30000000000000004,45.0,70.0,90.0,8431,3312,5119,8431,0.6071640374807259,0.5896535774117244,0.5,1.1793071548234488,2166,0.6539855072463768,1.0,1
"iteration_2","SCOPE_DATA_COLLECTION",1400,36,2230.0,2290.0,1,8570,5369,2059,8525,5478,2134,3093,1912,719,5482,3456,1335,0.6393002915451895,0.6438152011922503,0.6499513145082765,0.5776143315257067,1.3524911735570733,2.0731222230237334,1.1552286630514135,1.3524911735570733,1.3820814820158223,0.6543808600064662,0.8901673640167364,0.8998609179415855,100.0,100.0,5290,522,10186,85,2,10186,0.01606805293005671,0.0038314176245210726,1.0,0.05,0.2,0.6000000000000001,0.30000000000000004,20.0,60.0,25.0,0.1,0.7000000000000001,0.5,0.30000000000000004,45.0,70.0,90.0,5413,2088,3325,5413,0.6142619619434694,1.2579346060160144,1.0,1.2579346060160144,1671,0.8002873563218391,1.0,1
"iteration_2","SCOPE_DATA_COLLECTION",1400,36,2230.0,2290.0,2,8570,5369,2059,8525,5478,2134,3093,1912,719,5482,3456,1335,0.6393002915451895,0.6438152011922503,0.6499513145082765,0.5776143315257067,1.3524911735570733,2.0731222230237334,1.1552286630514135,1.3524911735570733,1.3820814820158223,0.6543808600064662,0.8901673640167364,0.8998609179415855,100.0,100.0,5290,522,10186,85,2,10186,0.01606805293005671,0.0038314176245210726,1.0,0.05,0.2,0.6000000000000001,0.30000000000000004,20.0,60.0,25.0,0.1,0.7000000000000001,0.5,0.30000000000000004,45.0,70.0,90.0,2087,778,1309,2087,0.6272160996645904,1.9086131480580035,1.5,1.2724087653720024,627,0.8059125964010283,1.0,1
"iteration_2","SCOPE_DATA_COLLECTION",1400,37,2290.0,2350.0,0,8431,5413,2087,8570,5369,2059,3294,2074,788,5119,3325,1309,0.6084630928325211,0.6158547879236895,0.6242250834525512,0.5864871065900775,1.248184374959686,1.9123437987322989,1.172974213180155,1.248184374959686,1.2748958658215326,0.651183970856102,0.7994214079074252,0.8083756345177665,100.0,100.0,5230,1061,9640,112,1,9640,0.02141491395793499,9.42507068803016E-4,1.0,0.1,0.7000000000000001,0.5,0.30000000000000004,45.0,70.0,90.0,0.8,0.4,0.30000000000000004,0.4,25.0,40.0,45.0,8397,8362,35,8397,0.004168155293557223,0.3152846256980615,0.5,0.630569251396123,2256,0.2697919158096149,1.0,1
"iteration_2","SCOPE_DATA_COLLECTION",1400,37,2290.0,2350.0,1,8431,5413,2087,8570,5369,2059,3294,2074,788,5119,3325,1309,0.6084630928325211,0.6158547879236895,0.6242250834525512,0.5864871065900775,1.248184374959686,1.9123437987322989,1.172974213180155,1.248184374959686,1.2748958658215326,0.651183970856102,0.7994214079074252,0.8083756345177665,100.0,100.0,5230,1061,9640,112,1,9640,0.02141491395793499,9.42507068803016E-4,1.0,0.1,0.7000000000000001,0.5,0.30000000000000004,45.0,70.0,90.0,0.8,0.4,0.30000000000000004,0.4,25.0,40.0,45.0,5367,5323,44,5367,0.008198248555990311,0.6188008332424224,1.0,0.6188008332424224,1663,0.31241780950591774,1.0,1
"iteration_2","SCOPE_DATA_COLLECTION",1400,37,2290.0,2350.0,2,8431,5413,2087,8570,5369,2059,3294,2074,788,5119,3325,1309,0.6084630928325211,0.6158547879236895,0.6242250834525512,0.5864871065900775,1.248184374959686,1.9123437987322989,1.172974213180155,1.248184374959686,1.2748958658215326,0.651183970856102,0.7994214079074252,0.8083756345177665,100.0,100.0,5230,1061,9640,112,1,9640,0.02141491395793499,9.42507068803016E-4,1.0,0.1,0.7000000000000001,0.5,0.30000000000000004,45.0,70.0,90.0,0.8,0.4,0.30000000000000004,0.4,25.0,40.0,45.0,2136,2087,49,2136,0.02294007490636704,0.9943033534464947,1.5,0.6628689022976632,659,0.315764254911356,1.0,1
"iteration_2","SCOPE_DATA_COLLECTION",1400,38,2350.0,2410.0,0,8397,5367,2136,8431,5413,2087,8350,5332,2077,35,44,47,0.0041741204531902205,0.00818452380952381,0.022128060263653482,0.3152774714155364,0.6234187057670797,0.9950649285348603,0.6305549428310728,0.6234187057670797,0.6633766190232402,0.26922155688622756,0.3141410352588147,0.31584015406836785,100.0,100.0,5235,8475,2190,97,13,16,0.018529130850047756,0.0015339233038348082,0.0073059360730593605,0.8,0.4,0.30000000000000004,0.4,25.0,40.0,45.0,0.7000000000000001,0.5,0.2,0.4,20.0,30.0,55.0,8558,8470,88,8558,0.010282776349614395,0.3058710861636473,0.5,0.6117421723272946,2170,0.256198347107438,1.0,1
"iteration_2","SCOPE_DATA_COLLECTION",1400,38,2350.0,2410.0,1,8397,5367,2136,8431,5413,2087,8350,5332,2077,35,44,47,0.0041741204531902205,0.00818452380952381,0.022128060263653482,0.3152774714155364,0.6234187057670797,0.9950649285348603,0.6305549428310728,0.6234187057670797,0.6633766190232402,0.26922155688622756,0.3141410352588147,0.31584015406836785,100.0,100.0,5235,8475,2190,97,13,16,0.018529130850047756,0.0015339233038348082,0.0073059360730593605,0.8,0.4,0.30000000000000004,0.4,25.0,40.0,45.0,0.7000000000000001,0.5,0.2,0.4,20.0,30.0,55.0,5383,5334,49,5383,0.009102730819245773,0.5931983927985084,1.0,0.5931983927985084,1678,0.3145856767904012,1.0,1
"iteration_2","SCOPE_DATA_COLLECTION",1400,38,2350.0,2410.0,2,8397,5367,2136,8431,5413,2087,8350,5332,2077,35,44,47,0.0041741204531902205,0.00818452380952381,0.022128060263653482,0.3152774714155364,0.6234187057670797,0.9950649285348603,0.6305549428310728,0.6234187057670797,0.6633766190232402,0.26922155688622756,0.3141410352588147,0.31584015406836785,100.0,100.0,5235,8475,2190,97,13,16,0.018529130850047756,0.0015339233038348082,0.0073059360730593605,0.8,0.4,0.30000000000000004,0.4,25.0,40.0,45.0,0.7000000000000001,0.5,0.2,0.4,20.0,30.0,55.0,1990,1951,39,1990,0.019597989949748745,1.0113560155135441,1.5,0.6742373436756961,646,0.33111225012813944,1.0,1
"iteration_2","SCOPE_DATA_COLLECTION",1400,39,2410.0,2470.0,0,8558,5383,1990,8397,5367,2136,8466,5341,1948,88,49,41,0.010287584755669862,0.00909090909090909,0.020613373554550025,0.30599730187147894,0.5958873477713476,1.010698219392121,0.6119946037429579,0.5958873477713476,0.6737988129280806,0.25667375383888497,0.3166073768957124,0.330082135523614,100.0,100.0,5194,7483,3254,79,15,84,0.015209857527916827,0.0020045436322330616,0.02581438229870928,0.7000000000000001,0.5,0.2,0.4,20.0,30.0,55.0,0.6000000000000001,0.6000000000000001,0.1,0.5,20.0,30.0,45.0,8592,7716,876,8592,0.10195530726256984,0.3725762385085676,0.5,0.7451524770171352,2423,0.3140228097459824,1.0,1
"iteration_2","SCOPE_DATA_COLLECTION",1400,39,2410.0,2470.0,1,8558,5383,1990,8397,5367,2136,8466,5341,1948,88,49,41,0.010287584755669862,0.00909090909090909,0.020613373554550025,0.30599730187147894,0.5958873477713476,1.010698219392121,0.6119946037429579,0.5958873477713476,0.6737988129280806,0.25667375383888497,0.3166073768957124,0.330082135523614,100.0,100.0,5194,7483,3254,79,15,84,0.015209857527916827,0.0020045436322330616,0.02581438229870928,0.7000000000000001,0.5,0.2,0.4,20.0,30.0,55.0,0.6000000000000001,0.6000000000000001,0.1,0.5,20.0,30.0,45.0,5468,4918,550,5468,0.1005852231163131,0.6502258111017954,1.0,0.6502258111017954,1728,0.3513623424156161,1.0,1
"iteration_2","SCOPE_DATA_COLLECTION",1400,39,2410.0,2470.0,2,8558,5383,1990,8397,5367,2136,8466,5341,1948,88,49,41,0.010287584755669862,0.00909090909090909,0.020613373554550025,0.30599730187147894,0.5958873477713476,1.010698219392121,0.6119946037429579,0.5958873477713476,0.6737988129280806,0.25667375383888497,0.3166073768957124,0.330082135523614,100.0,100.0,5194,7483,3254,79,15,84,0.015209857527916827,0.0020045436322330616,0.02581438229870928,0.7000000000000001,0.5,0.2,0.4,20.0,30.0,55.0,0.6000000000000001,0.6000000000000001,0.1,0.5,20.0,30.0,45.0,2143,1867,276,2143,0.12879141390573962,1.065943421045708,1.5,0.7106289473638053,647,0.3465452597750402,1.0,1
"iteration_2","SCOPE_DATA_COLLECTION",1400,40,2470.0,2530.0,0,8592,5468,2143,8558,5383,1990,7734,4911,1874,870,541,271,0.10111576011157601,0.09922964049889949,0.12634032634032635,0.3737787630454747,0.6495055145836608,1.0679245849835186,0.7475575260909494,0.6495055145836608,0.7119497233223457,0.31510214636669254,0.35023416819385056,0.3479188900747065,97.5,100.0,5211,6553,4439,92,12,1578,0.017654960660142008,0.0018312223409125592,0.35548546970038297,0.6000000000000001,0.6000000000000001,0.1,0.5,20.0,30.0,45.0,0.6000000000000001,0.7000000000000001,0.1,0.5,20.0,30.0,35.0,8499,7809,690,8499,0.08118602188492764,0.38016951512587305,0.5,0.7603390302517461,2375,0.30413625304136255,1.0,1
"iteration_2","SCOPE_DATA_COLLECTION",1400,40,2470.0,2530.0,1,8592,5468,2143,8558,5383,1990,7734,4911,1874,870,541,271,0.10111576011157601,0.09922964049889949,0.12634032634032635,0.3737787630454747,0.6495055145836608,1.0679245849835186,0.7475575260909494,0.6495055145836608,0.7119497233223457,0.31510214636669254,0.35023416819385056,0.3479188900747065,97.5,100.0,5211,6553,4439,92,12,1578,0.017654960660142008,0.0018312223409125592,0.35548546970038297,0.6000000000000001,0.6000000000000001,0.1,0.5,20.0,30.0,45.0,0.6000000000000001,0.7000000000000001,0.1,0.5,20.0,30.0,35.0,5337,4866,471,5337,0.08825182686902755,0.6520614666587189,1.0,0.6520614666587189,1624,0.333744348540896,1.0,1
"iteration_2","SCOPE_DATA_COLLECTION",1400,40,2470.0,2530.0,2,8592,5468,2143,8558,5383,1990,7734,4911,1874,870,541,271,0.10111576011157601,0.09922964049889949,0.12634032634032635,0.3737787630454747,0.6495055145836608,1.0679245849835186,0.7475575260909494,0.6495055145836608,0.7119497233223457,0.31510214636669254,0.35023416819385056,0.3479188900747065,97.5,100.0,5211,6553,4439,92,12,1578,0.017654960660142008,0.0018312223409125592,0.35548546970038297,0.6000000000000001,0.6000000000000001,0.1,0.5,20.0,30.0,45.0,0.6000000000000001,0.7000000000000001,0.1,0.5,20.0,30.0,35.0,2088,1863,225,2088,0.10775862068965517,1.112597970731862,1.5,0.741731980487908,685,0.367686527106817,1.0,1
"iteration_2","SCOPE_DATA_COLLECTION",1400,41,2530.0,2590.0,0,8499,5337,2088,8592,5468,2143,7791,4869,1867,696,480,230,0.08200777659950513,0.08973639932697701,0.10968049594659036,0.3789663459298779,0.6529531950013308,1.1163194603870437,0.7579326918597558,0.6529531950013308,0.7442129735913624,0.30227185213708124,0.33394947627849664,0.370112479914301,97.5,100.0,5117,6536,4271,80,7,1319,0.015634160641000587,0.0010709914320685434,0.3088269726059471,0.6000000000000001,0.7000000000000001,0.1,0.5,20.0,30.0,35.0,0.7000000000000001,0.7000000000000001,0.1,0.6000000000000001,20.0,20.0,25.0,8409,8371,38,8409,0.004518967772624569,0.3073500366078087,0.5,0.6147000732156174,2191,0.26173694899056266,1.0,1
"iteration_2","SCOPE_DATA_COLLECTION",1400,41,2530.0,2590.0,1,8499,5337,2088,8592,5468,2143,7791,4869,1867,696,480,230,0.08200777659950513,0.08973639932697701,0.10968049594659036,0.3789663459298779,0.6529531950013308,1.1163194603870437,0.7579326918597558,0.6529531950013308,0.7442129735913624,0.30227185213708124,0.33394947627849664,0.370112479914301,97.5,100.0,5117,6536,4271,80,7,1319,0.015634160641000587,0.0010709914320685434,0.3088269726059471,0.6000000000000001,0.7000000000000001,0.1,0.5,20.0,30.0,35.0,0.7000000000000001,0.7000000000000001,0.1,0.6000000000000001,20.0,20.0,25.0,5614,5585,29,5614,0.005165657285358034,0.5583712939182177,1.0,0.5583712939182177,1697,0.3038495971351835,1.0,1
"iteration_2","SCOPE_DATA_COLLECTION",1400,41,2530.0,2590.0,2,8499,5337,2088,8592,5468,2143,7791,4869,1867,696,480,230,0.08200777659950513,0.08973639932697701,0.10968049594659036,0.3789663459298779,0.6529531950013308,1.1163194603870437,0.7579326918597558,0.6529531950013308,0.7442129735913624,0.30227185213708124,0.33394947627849664,0.370112479914301,97.5,100.0,5117,6536,4271,80,7,1319,0.015634160641000587,0.0010709914320685434,0.3088269726059471,0.6000000000000001,0.7000000000000001,0.1,0.5,20.0,30.0,35.0,0.7000000000000001,0.7000000000000001,0.1,0.6000000000000001,20.0,20.0,25.0,2032,2001,31,2032,0.015255905511811024,0.9784521171124672,1.5,0.6523014114083114,633,0.31634182908545727,1.0,1
"iteration_2","SCOPE_DATA_COLLECTION",1400,42,2590.0,2650.0,0,8409,5614,2032,8499,5337,2088,8390,5573,1988,38,29,31,0.004508780256288562,0.00517672259907176,0.015354135710747894,0.30879410736715435,0.5586857953290248,0.9704779859461876,0.6175882147343087,0.5586857953290248,0.6469853239641251,0.26400476758045294,0.30450385788623724,0.31237424547283704,100.0,100.0,5185,7602,3268,68,4,26,0.013114754098360656,5.261773217574323E-4,0.00795593635250918,0.7000000000000001,0.7000000000000001,0.1,0.6000000000000001,20.0,20.0,25.0,0.7000000000000001,0.8,0.1,0.5,30.0,30.0,20.0,8501,8464,37,8501,0.0043524291259851786,0.30253275086308823,0.5,0.6050655017261765,2075,0.24515595463137996,1.0,1
"iteration_2","SCOPE_DATA_COLLECTION",1400,42,2590.0,2650.0,1,8409,5614,2032,8499,5337,2088,8390,5573,1988,38,29,31,0.004508780256288562,0.00517672259907176,0.015354135710747894,0.30879410736715435,0.5586857953290248,0.9704779859461876,0.6175882147343087,0.5586857953290248,0.6469853239641251,0.26400476758045294,0.30450385788623724,0.31237424547283704,100.0,100.0,5185,7602,3268,68,4,26,0.013114754098360656,5.261773217574323E-4,0.00795593635250918,0.7000000000000001,0.7000000000000001,0.1,0.6000000000000001,20.0,20.0,25.0,0.7000000000000001,0.8,0.1,0.5,30.0,30.0,20.0,5490,5469,21,5490,0.003825136612021858,0.5743833496347769,1.0,0.5743833496347769,1712,0.3130371183031633,1.0,1
"iteration_2","SCOPE_DATA_COLLECTION",1400,42,2590.0,2650.0,2,8409,5614,2032,8499,5337,2088,8390,5573,1988,38,29,31,0.004508780256288562,0.00517672259907176,0.015354135710747894,0.30879410736715435,0.5586857953290248,0.9704779859461876,0.6175882147343087,0.5586857953290248,0.6469853239641251,0.26400476758045294,0.30450385788623724,0.31237424547283704,100.0,100.0,5185,7602,3268,68,4,26,0.013114754098360656,5.261773217574323E-4,0.00795593635250918,0.7000000000000001,0.7000000000000001,0.1,0.6000000000000001,20.0,20.0,25.0,0.7000000000000001,0.8,0.1,0.5,30.0,30.0,20.0,2080,2042,38,2080,0.01826923076923077,0.9406531007221592,1.5,0.6271020671481061,615,0.3011753183153771,1.0,1
"iteration_2","SCOPE_DATA_COLLECTION",1400,43,2650.0,2710.0,0,8501,5490,2080,8409,5614,2032,8453,5470,2057,37,21,38,0.004358068315665489,0.0038244399927153524,0.018138424821002388,0.30145153928184054,0.5726538090159318,0.9482845126318524,0.6029030785636811,0.5726538090159318,0.6321896750879016,0.2440553649591861,0.3109689213893967,0.3048128342245989,100.0,100.0,5154,7616,3301,55,3,38,0.010671323244082266,3.939075630252101E-4,0.011511663132384126,0.7000000000000001,0.8,0.1,0.5,30.0,30.0,20.0,0.7000000000000001,0.8,0.5,0.1,50.0,25.0,90.0,8389,8346,43,8389,0.00512575992370962,0.3257223529930613,0.5,0.6514447059861226,2297,0.27522166307213036,1.0,1
"iteration_2","SCOPE_DATA_COLLECTION",1400,43,2650.0,2710.0,1,8501,5490,2080,8409,5614,2032,8453,5470,2057,37,21,38,0.004358068315665489,0.0038244399927153524,0.018138424821002388,0.30145153928184054,0.5726538090159318,0.9482845126318524,0.6029030785636811,0.5726538090159318,0.6321896750879016,0.2440553649591861,0.3109689213893967,0.3048128342245989,100.0,100.0,5154,7616,3301,55,3,38,0.010671323244082266,3.939075630252101E-4,0.011511663132384126,0.7000000000000001,0.8,0.1,0.5,30.0,30.0,20.0,0.7000000000000001,0.8,0.5,0.1,50.0,25.0,90.0,5447,5407,40,5447,0.007343491830365339,0.6394351368549888,1.0,0.6394351368549888,1725,0.31903088588866285,1.0,1
"iteration_2","SCOPE_DATA_COLLECTION",1400,43,2650.0,2710.0,2,8501,5490,2080,8409,5614,2032,8453,5470,2057,37,21,38,0.004358068315665489,0.0038244399927153524,0.018138424821002388,0.30145153928184054,0.5726538090159318,0.9482845126318524,0.6029030785636811,0.5726538090159318,0.6321896750879016,0.2440553649591861,0.3109689213893967,0.3048128342245989,100.0,100.0,5154,7616,3301,55,3,38,0.010671323244082266,3.939075630252101E-4,0.011511663132384126,0.7000000000000001,0.8,0.1,0.5,30.0,30.0,20.0,0.7000000000000001,0.8,0.5,0.1,50.0,25.0,90.0,2129,2112,17,2129,0.007984969469234382,0.95184341195583,1.5,0.63456227463722,668,0.3162878787878788,1.0,1
"iteration_2","SCOPE_DATA_COLLECTION",1400,44,2710.0,2770.0,0,8389,5447,2129,8501,5490,2080,8330,5402,2102,43,40,17,0.005135554759345515,0.00735023888276369,0.008022652194431336,0.32469310674483326,0.6382589034683406,0.9514657255844448,0.6493862134896665,0.6382589034683406,0.6343104837229632,0.2745498199279712,0.319326175490559,0.31588962892483347,100.0,100.0,5178,7563,3224,66,6,28,0.012746234067207415,7.933359777865926E-4,0.008684863523573201,0.7000000000000001,0.8,0.5,0.1,50.0,25.0,90.0,0.6000000000000001,0.9,0.6000000000000001,0.1,50.0,25.0,95.0,8523,7999,524,8523,0.06148069928428957,0.3665729981043915,0.5,0.733145996208783,2419,0.3024128016002,1.0,1
"iteration_2","SCOPE_DATA_COLLECTION",1400,44,2710.0,2770.0,1,8389,5447,2129,8501,5490,2080,8330,5402,2102,43,40,17,0.005135554759345515,0.00735023888276369,0.008022652194431336,0.32469310674483326,0.6382589034683406,0.9514657255844448,0.6493862134896665,0.6382589034683406,0.6343104837229632,0.2745498199279712,0.319326175490559,0.31588962892483347,100.0,100.0,5178,7563,3224,66,6,28,0.012746234067207415,7.933359777865926E-4,0.008684863523573201,0.7000000000000001,0.8,0.5,0.1,50.0,25.0,90.0,0.6000000000000001,0.9,0.6000000000000001,0.1,50.0,25.0,95.0,5396,5033,363,5396,0.06727205337286879,0.6798285682221392,1.0,0.6798285682221392,1695,0.336777270017882,1.0,1
"iteration_2","SCOPE_DATA_COLLECTION",1400,44,2710.0,2770.0,2,8389,5447,2129,8501,5490,2080,8330,5402,2102,43,40,17,0.005135554759345515,0.00735023888276369,0.008022652194431336,0.32469310674483326,0.6382589034683406,0.9514657255844448,0.6493862134896665,0.6382589034683406,0.6343104837229632,0.2745498199279712,0.319326175490559,0.31588962892483347,100.0,100.0,5178,7563,3224,66,6,28,0.012746234067207415,7.933359777865926E-4,0.008684863523573201,0.7000000000000001,0.8,0.5,0.1,50.0,25.0,90.0,0.6000000000000001,0.9,0.6000000000000001,0.1,50.0,25.0,95.0,2070,1928,142,2070,0.06859903381642513,1.0157309394641147,1.5,0.6771539596427432,651,0.33765560165975106,1.0,1
"iteration_2","SCOPE_DATA_COLLECTION",1400,45,2770.0,2830.0,0,8523,5396,2070,8389,5447,2129,8000,5038,1933,524,363,142,0.061473486625997185,0.06720977596741344,0.06843373493975903,0.36740537863458295,0.6791966461984859,1.0107433901600784,0.7348107572691659,0.6791966461984859,0.6738289267733856,0.302,0.3370385073441842,0.33523021210553544,100.0,100.0,5200,6520,4269,62,8,959,0.011923076923076923,0.001226993865030675,0.22464277348325135,0.6000000000000001,0.9,0.6000000000000001,0.1,50.0,25.0,95.0,0.5,0.9,0.6000000000000001,0.1,40.0,35.0,85.0,8547,6278,2269,8547,0.2654732654732655,0.4424813854280131,0.5,0.8849627708560261,2517,0.40092386110226186,1.0,1
"iteration_2","SCOPE_DATA_COLLECTION",1400,45,2770.0,2830.0,1,8523,5396,2070,8389,5447,2129,8000,5038,1933,524,363,142,0.061473486625997185,0.06720977596741344,0.06843373493975903,0.36740537863458295,0.6791966461984859,1.0107433901600784,0.7348107572691659,0.6791966461984859,0.6738289267733856,0.302,0.3370385073441842,0.33523021210553544,100.0,100.0,5200,6520,4269,62,8,959,0.011923076923076923,0.001226993865030675,0.22464277348325135,0.6000000000000001,0.9,0.6000000000000001,0.1,50.0,25.0,95.0,0.5,0.9,0.6000000000000001,0.1,40.0,35.0,85.0,5595,4037,1558,5595,0.27846291331546025,0.817272939547685,1.0,0.817272939547685,1786,0.44240772851127075,1.0,1
"iteration_2","SCOPE_DATA_COLLECTION",1400,45,2770.0,2830.0,2,8523,5396,2070,8389,5447,2129,8000,5038,1933,524,363,142,0.061473486625997185,0.06720977596741344,0.06843373493975903,0.36740537863458295,0.6791966461984859,1.0107433901600784,0.7348107572691659,0.6791966461984859,0.6738289267733856,0.302,0.3370385073441842,0.33523021210553544,100.0,100.0,5200,6520,4269,62,8,959,0.011923076923076923,0.001226993865030675,0.22464277348325135,0.6000000000000001,0.9,0.6000000000000001,0.1,50.0,25.0,95.0,0.5,0.9,0.6000000000000001,0.1,40.0,35.0,85.0,2136,1520,616,2136,0.2883895131086142,1.2133722926698807,1.5,0.8089148617799204,682,0.4486842105263158,1.0,1
"iteration_2","SCOPE_DATA_COLLECTION",1400,46,2830.0,2890.0,0,8547,5595,2136,8523,5396,2070,6303,4040,1516,2269,1557,616,0.26469902006532897,0.2781847418259782,0.28893058161350843,0.44301235357267316,0.8153743854456367,1.2148747014434034,0.8860247071453463,0.8153743854456367,0.8099164676289355,0.40218943360304615,0.44133663366336634,0.449868073878628,97.5,100.0,5133,5553,5592,49,7,4386,0.00954607442041691,0.0012605798667386999,0.7843347639484979,0.5,0.9,0.6000000000000001,0.1,40.0,35.0,85.0,0.5,0.30000000000000004,0.7000000000000001,0.7000000000000001,75.0,40.0,75.0,8426,6404,2022,8426,0.2399715167339188,0.4026728666739418,0.5,0.8053457333478836,2368,0.3697688944409744,1.0,1
"iteration_2","SCOPE_DATA_COLLECTION",1400,46,2830.0,2890.0,1,8547,5595,2136,8523,5396,2070,6303,4040,1516,2269,1557,616,0.26469902006532897,0.2781847418259782,0.28893058161350843,0.44301235357267316,0.8153743854456367,1.2148747014434034,0.8860247071453463,0.8153743854456367,0.8099164676289355,0.40218943360304615,0.44133663366336634,0.449868073878628,97.5,100.0,5133,5553,5592,49,7,4386,0.00954607442041691,0.0012605798667386999,0.7843347639484979,0.5,0.9,0.6000000000000001,0.1,40.0,35.0,85.0,0.5,0.30000000000000004,0.7000000000000001,0.7000000000000001,75.0,40.0,75.0,5363,3909,1454,5363,0.2711169121760209,0.8279951386018359,1.0,0.8279951386018359,1786,0.45689434638014836,1.0,1
"iteration_2","SCOPE_DATA_COLLECTION",1400,46,2830.0,2890.0,2,8547,5595,2136,8523,5396,2070,6303,4040,1516,2269,1557,616,0.26469902006532897,0.2781847418259782,0.28893058161350843,0.44301235357267316,0.8153743854456367,1.2148747014434034,0.8860247071453463,0.8153743854456367,0.8099164676289355,0.40218943360304615,0.44133663366336634,0.449868073878628,97.5,100.0,5133,5553,5592,49,7,4386,0.00954607442041691,0.0012605798667386999,0.7843347639484979,0.5,0.9,0.6000000000000001,0.1,40.0,35.0,85.0,0.5,0.30000000000000004,0.7000000000000001,0.7000000000000001,75.0,40.0,75.0,2158,1531,627,2158,0.2905468025949954,1.2370645892839272,1.5,0.8247097261892847,661,0.4317439581972567,1.0,1
"iteration_2","SCOPE_DATA_COLLECTION",1400,47,2890.0,2950.0,0,8426,5363,2158,8547,5595,2136,6373,3889,1537,2022,1455,627,0.24085765336509826,0.27226796407185627,0.2897412199630314,0.39731488845276675,0.8232770510142411,1.235678515316907,0.7946297769055335,0.8232770510142411,0.823785676877938,0.36623254354307233,0.4543584469015171,0.4313597918022121,100.0,100.0,5353,5336,5258,139,6,3959,0.025966747618158044,0.0011244377811094452,0.7529478889311525,0.5,0.30000000000000004,0.7000000000000001,0.7000000000000001,75.0,40.0,75.0,0.5,0.30000000000000004,0.7000000000000001,0.7000000000000001,75.0,40.0,75.0,8400,6494,1906,8400,0.22690476190476191,0.42250691785019795,0.5,0.8450138357003959,2358,0.36310440406529104,1.0,1
"iteration_2","SCOPE_DATA_COLLECTION",1400,47,2890.0,2950.0,1,8426,5363,2158,8547,5595,2136,6373,3889,1537,2022,1455,627,0.24085765336509826,0.27226796407185627,0.2897412199630314,0.39731488845276675,0.8232770510142411,1.235678515316907,0.7946297769055335,0.8232770510142411,0.823785676877938,0.36623254354307233,0.4543584469015171,0.4313597918022121,100.0,100.0,5353,5336,5258,139,6,3959,0.025966747618158044,0.0011244377811094452,0.7529478889311525,0.5,0.30000000000000004,0.7000000000000001,0.7000000000000001,75.0,40.0,75.0,0.5,0.30000000000000004,0.7000000000000001,0.7000000000000001,75.0,40.0,75.0,5496,4168,1328,5496,0.24163027656477437,0.8454066738567951,1.0,0.8454066738567951,1868,0.44817658349328215,1.0,1
"iteration_2","SCOPE_DATA_COLLECTION",1400,47,2890.0,2950.0,2,8426,5363,2158,8547,5595,2136,6373,3889,1537,2022,1455,627,0.24085765336509826,0.27226796407185627,0.2897412199630314,0.39731488845276675,0.8232770510142411,1.235678515316907,0.7946297769055335,0.8232770510142411,0.823785676877938,0.36623254354307233,0.4543584469015171,0.4313597918022121,100.0,100.0,5353,5336,5258,139,6,3959,0.025966747618158044,0.0011244377811094452,0.7529478889311525,0.5,0.30000000000000004,0.7000000000000001,0.7000000000000001,75.0,40.0,75.0,0.5,0.30000000000000004,0.7000000000000001,0.7000000000000001,75.0,40.0,75.0,2150,1543,607,2150,0.28232558139534886,1.2364528049220407,1.5,0.8243018699480271,647,0.41931302657161373,1.0,1
"iteration_2","SCOPE_DATA_COLLECTION",1400,48,2950.0,3010.0,0,8400,5496,2150,8426,5363,2158,6508,4181,1535,1906,1328,607,0.2265272165438555,0.2410600834997277,0.2833800186741363,0.4099656333003399,0.835950999257532,1.2022973503991818,0.8199312666006798,0.835950999257532,0.8015315669327879,0.3663183773816841,0.4494140157856972,0.41628664495114004,100.0,100.0,5371,5370,5305,141,4,3696,0.026252094582014524,7.448789571694599E-4,0.6967012252591894,0.5,0.30000000000000004,0.7000000000000001,0.7000000000000001,75.0,40.0,75.0,0.2,0.4,0.4,0.9,20.0,55.0,20.0,8473,3961,4512,8473,0.5325150477988906,0.5037763892509156,0.5,1.0075527785018312,2151,0.543044685685433,1.0,1
"iteration_2","SCOPE_DATA_COLLECTION",1400,48,2950.0,3010.0,1,8400,5496,2150,8426,5363,2158,6508,4181,1535,1906,1328,607,0.2265272165438555,0.2410600834997277,0.2833800186741363,0.4099656333003399,0.835950999257532,1.2022973503991818,0.8199312666006798,0.835950999257532,0.8015315669327879,0.3663183773816841,0.4494140157856972,0.41628664495114004,100.0,100.0,5371,5370,5305,141,4,3696,0.026252094582014524,7.448789571694599E-4,0.6967012252591894,0.5,0.30000000000000004,0.7000000000000001,0.7000000000000001,75.0,40.0,75.0,0.2,0.4,0.4,0.9,20.0,55.0,20.0,5398,2530,2868,5398,0.5313078918117822,1.0825182670492508,1.0,1.0825182670492508,1747,0.6905138339920949,1.0,1
"iteration_2","SCOPE_DATA_COLLECTION",1400,48,2950.0,3010.0,2,8400,5496,2150,8426,5363,2158,6508,4181,1535,1906,1328,607,0.2265272165438555,0.2410600834997277,0.2833800186741363,0.4099656333003399,0.835950999257532,1.2022973503991818,0.8199312666006798,0.835950999257532,0.8015315669327879,0.3663183773816841,0.4494140157856972,0.41628664495114004,100.0,100.0,5371,5370,5305,141,4,3696,0.026252094582014524,7.448789571694599E-4,0.6967012252591894,0.5,0.30000000000000004,0.7000000000000001,0.7000000000000001,75.0,40.0,75.0,0.2,0.4,0.4,0.9,20.0,55.0,20.0,2053,888,1165,2053,0.567462250365319,1.7519875459317962,1.5,1.1679916972878641,628,0.7072072072072072,1.0,1
"iteration_2","SCOPE_DATA_COLLECTION",1400,49,3010.0,3070.0,0,8473,5398,2053,8400,5496,2150,3967,2541,899,4512,2868,1165,0.5321382238471518,0.5302273987798114,0.564437984496124,0.5302176846578989,1.1047189530858785,1.8019294429958561,1.0604353693157977,1.1047189530858785,1.2012862953305707,0.5409629442903958,0.6910665092483275,0.7074527252502781,97.5,100.0,5322,2171,8431,113,1,8431,0.0212326193160466,4.6061722708429296E-4,1.0,0.2,0.4,0.4,0.9,20.0,55.0,20.0,0.2,0.4,0.4,0.9,20.0,55.0,20.0,8392,3880,4512,8392,0.5376549094375596,0.5014267195352456,0.5,1.0028534390704913,2142,0.5520618556701031,1.0,1
"iteration_2","SCOPE_DATA_COLLECTION",1400,49,3010.0,3070.0,1,8473,5398,2053,8400,5496,2150,3967,2541,899,4512,2868,1165,0.5321382238471518,0.5302273987798114,0.564437984496124,0.5302176846578989,1.1047189530858785,1.8019294429958561,1.0604353693157977,1.1047189530858785,1.2012862953305707,0.5409629442903958,0.6910665092483275,0.7074527252502781,97.5,100.0,5322,2171,8431,113,1,8431,0.0212326193160466,4.6061722708429296E-4,1.0,0.2,0.4,0.4,0.9,20.0,55.0,20.0,0.2,0.4,0.4,0.9,20.0,55.0,20.0,5486,2565,2921,5486,0.532446226759023,1.075587569962549,1.0,1.075587569962549,1770,0.6900584795321637,1.0,1
"iteration_2","SCOPE_DATA_COLLECTION",1400,49,3010.0,3070.0,2,8473,5398,2053,8400,5496,2150,3967,2541,899,4512,2868,1165,0.5321382238471518,0.5302273987798114,0.564437984496124,0.5302176846578989,1.1047189530858785,1.8019294429958561,1.0604353693157977,1.1047189530858785,1.2012862953305707,0.5409629442903958,0.6910665092483275,0.7074527252502781,97.5,100.0,5322,2171,8431,113,1,8431,0.0212326193160466,4.6061722708429296E-4,1.0,0.2,0.4,0.4,0.9,20.0,55.0,20.0,0.2,0.4,0.4,0.9,20.0,55.0,20.0,2122,925,1197,2122,0.5640904806786051,1.6896482204768388,1.5,1.1264321469845593,629,0.68,1.0,1
"iteration_2","SCOPE_DATA_COLLECTION",1400,50,3070.0,3130.0,0,8392,5486,2122,8473,5398,2053,3886,2575,916,4512,2921,1197,0.5372707787568469,0.5314774381368268,0.5664931377188831,0.502116637045855,1.0784560495533877,1.689180399366829,1.00423327409171,1.0784560495533877,1.1261202662445526,0.552753474009264,0.690873786407767,0.6801310043668122,100.0,100.0,5341,2163,8496,132,2,8496,0.02471447294514136,9.246417013407304E-4,1.0,0.2,0.4,0.4,0.9,20.0,55.0,20.0,0.30000000000000004,0.5,0.30000000000000004,0.9,20.0,55.0,20.0,8424,4432,3992,8424,0.47388414055080724,0.4664505879620929,0.5,0.9329011759241858,2161,0.4875902527075812,1.0,1
"iteration_2","SCOPE_DATA_COLLECTION",1400,50,3070.0,3130.0,1,8392,5486,2122,8473,5398,2053,3886,2575,916,4512,2921,1197,0.5372707787568469,0.5314774381368268,0.5664931377188831,0.502116637045855,1.0784560495533877,1.689180399366829,1.00423327409171,1.0784560495533877,1.1261202662445526,0.552753474009264,0.690873786407767,0.6801310043668122,100.0,100.0,5341,2163,8496,132,2,8496,0.02471447294514136,9.246417013407304E-4,1.0,0.2,0.4,0.4,0.9,20.0,55.0,20.0,0.30000000000000004,0.5,0.30000000000000004,0.9,20.0,55.0,20.0,5317,2782,2535,5317,0.4767726161369193,0.9622562084097405,1.0,0.9622562084097405,1684,0.6053199137311287,1.0,1
"iteration_2","SCOPE_DATA_COLLECTION",1400,50,3070.0,3130.0,2,8392,5486,2122,8473,5398,2053,3886,2575,916,4512,2921,1197,0.5372707787568469,0.5314774381368268,0.5664931377188831,0.502116637045855,1.0784560495533877,1.689180399366829,1.00423327409171,1.0784560495533877,1.1261202662445526,0.552753474009264,0.690873786407767,0.6801310043668122,100.0,100.0,5341,2163,8496,132,2,8496,0.02471447294514136,9.246417013407304E-4,1.0,0.2,0.4,0.4,0.9,20.0,55.0,20.0,0.30000000000000004,0.5,0.30000000000000004,0.9,20.0,55.0,20.0,2036,1059,977,2036,0.47986247544204325,1.553448257272539,1.5,1.035632171515026,645,0.6090651558073654,1.0,1
"iteration_2","SCOPE_DATA_COLLECTION",1400,51,3130.0,3190.0,0,8424,5317,2036,8392,5486,2122,4438,2773,1066,3992,2535,976,0.47354685646500594,0.4775810097965335,0.4779627815866797,0.46830302062152346,0.9607529339982142,1.5561554566916898,0.9366060412430469,0.9607529339982142,1.037436971127793,0.4889589905362776,0.6047601875225388,0.6106941838649156,100.0,100.0,5233,3155,7389,114,0,7389,0.021784827059048346,0.0,1.0,0.30000000000000004,0.5,0.30000000000000004,0.9,20.0,55.0,20.0,0.30000000000000004,0.5,0.30000000000000004,0.9,20.0,55.0,20.0,8433,4449,3984,8433,0.4724297403059409,0.45699082256015955,0.5,0.9139816451203191,2109,0.47403910991233983,1.0,1
"iteration_2","SCOPE_DATA_COLLECTION",1400,51,3130.0,3190.0,1,8424,5317,2036,8392,5486,2122,4438,2773,1066,3992,2535,976,0.47354685646500594,0.4775810097965335,0.4779627815866797,0.46830302062152346,0.9607529339982142,1.5561554566916898,0.9366060412430469,0.9607529339982142,1.037436971127793,0.4889589905362776,0.6047601875225388,0.6106941838649156,100.0,100.0,5233,3155,7389,114,0,7389,0.021784827059048346,0.0,1.0,0.30000000000000004,0.5,0.30000000000000004,0.9,20.0,55.0,20.0,0.30000000000000004,0.5,0.30000000000000004,0.9,20.0,55.0,20.0,5501,2869,2632,5501,0.4784584620978004,0.930628324552071,1.0,0.930628324552071,1684,0.5869640989891949,1.0,1
"iteration_2","SCOPE_DATA_COLLECTION",1400,51,3130.0,3190.0,2,8424,5317,2036,8392,5486,2122,4438,2773,1066,3992,2535,976,0.47354685646500594,0.4775810097965335,0.4779627815866797,0.46830302062152346,0.9607529339982142,1.5561554566916898,0.9366060412430469,0.9607529339982142,1.037436971127793,0.4889589905362776,0.6047601875225388,0.6106941838649156,100.0,100.0,5233,3155,7389,114,0,7389,0.021784827059048346,0.0,1.0,0.30000000000000004,0.5,0.30000000000000004,0.9,20.0,55.0,20.0,0.30000000000000004,0.5,0.30000000000000004,0.9,20.0,55.0,20.0,2068,1059,1009,2068,0.4879110251450677,1.5184373261150748,1.5,1.0122915507433832,635,0.5996222851746931,1.0,1
"iteration_2","SCOPE_DATA_COLLECTION",1400,52,3190.0,3250.0,0,8433,5501,2068,8424,5317,2036,4445,2866,1053,3984,2632,1010,0.472653932850872,0.4787195343761368,0.48957828405235093,0.4559813047598359,0.9292294159031931,1.5178781179757936,0.9119626095196718,0.9292294159031931,1.0119187453171958,0.47401574803149604,0.5865317515701326,0.5982905982905983,100.0,100.0,5225,3267,7510,113,3,7510,0.021626794258373206,9.182736455463728E-4,1.0,0.30000000000000004,0.5,0.30000000000000004,0.9,20.0,55.0,20.0,0.30000000000000004,0.5,0.30000000000000004,0.8,20.0,45.0,30.0,8431,4482,3949,8431,0.46839046376467797,0.4706082268737192,0.5,0.9412164537474385,2262,0.5046854082998661,1.0,1
"iteration_2","SCOPE_DATA_COLLECTION",1400,52,3190.0,3250.0,1,8433,5501,2068,8424,5317,2036,4445,2866,1053,3984,2632,1010,0.472653932850872,0.4787195343761368,0.48957828405235093,0.4559813047598359,0.9292294159031931,1.5178781179757936,0.9119626095196718,0.9292294159031931,1.0119187453171958,0.47401574803149604,0.5865317515701326,0.5982905982905983,100.0,100.0,5225,3267,7510,113,3,7510,0.021626794258373206,9.182736455463728E-4,1.0,0.30000000000000004,0.5,0.30000000000000004,0.9,20.0,55.0,20.0,0.30000000000000004,0.5,0.30000000000000004,0.8,20.0,45.0,30.0,5388,2822,2566,5388,0.47624350408314775,0.962396737669414,1.0,0.962396737669414,1671,0.5921332388377037,1.0,1
"iteration_2","SCOPE_DATA_COLLECTION",1400,52,3190.0,3250.0,2,8433,5501,2068,8424,5317,2036,4445,2866,1053,3984,2632,1010,0.472653932850872,0.4787195343761368,0.48957828405235093,0.4559813047598359,0.9292294159031931,1.5178781179757936,0.9119626095196718,0.9292294159031931,1.0119187453171958,0.47401574803149604,0.5865317515701326,0.5982905982905983,100.0,100.0,5225,3267,7510,113,3,7510,0.021626794258373206,9.182736455463728E-4,1.0,0.30000000000000004,0.5,0.30000000000000004,0.9,20.0,55.0,20.0,0.30000000000000004,0.5,0.30000000000000004,0.8,20.0,45.0,30.0,2126,1073,1053,2126,0.49529633113828786,1.5600795727277932,1.5,1.0400530484851955,657,0.6123019571295434,1.0,1
"iteration_2","SCOPE_DATA_COLLECTION",1400,53,3250.0,3310.0,0,8431,5388,2126,8433,5501,2068,4489,2823,1076,3949,2566,1053,0.46800189618392984,0.4761551308220449,0.49459840300610614,0.47113503634155574,0.9621545919753217,1.5592276725259988,0.9422700726831115,0.9621545919753217,1.0394851150173325,0.504789485408777,0.59192348565356,0.6133828996282528,97.5,100.0,5319,3118,7508,126,1,7441,0.023688663282571912,3.2071840923669016E-4,0.9910761854022376,0.30000000000000004,0.5,0.30000000000000004,0.8,20.0,45.0,30.0,0.2,0.4,0.30000000000000004,0.7000000000000001,30.0,35.0,30.0,8439,3830,4609,8439,0.54615475767271,0.49539790302764203,0.5,0.9907958060552841,2018,0.5268929503916449,1.0,1
"iteration_2","SCOPE_DATA_COLLECTION",1400,53,3250.0,3310.0,1,8431,5388,2126,8433,5501,2068,4489,2823,1076,3949,2566,1053,0.46800189618392984,0.4761551308220449,0.49459840300610614,0.47113503634155574,0.9621545919753217,1.5592276725259988,0.9422700726831115,0.9621545919753217,1.0394851150173325,0.504789485408777,0.59192348565356,0.6133828996282528,97.5,100.0,5319,3118,7508,126,1,7441,0.023688663282571912,3.2071840923669016E-4,0.9910761854022376,0.30000000000000004,0.5,0.30000000000000004,0.8,20.0,45.0,30.0,0.2,0.4,0.30000000000000004,0.7000000000000001,30.0,35.0,30.0,5581,2600,2981,5581,0.5341336678014693,1.0455868833425332,1.0,1.0455868833425332,1756,0.6753846153846154,1.0,1
"iteration_2","SCOPE_DATA_COLLECTION",1400,53,3250.0,3310.0,2,8431,5388,2126,8433,5501,2068,4489,2823,1076,3949,2566,1053,0.46800189618392984,0.4761551308220449,0.49459840300610614,0.47113503634155574,0.9621545919753217,1.5592276725259988,0.9422700726831115,0.9621545919753217,1.0394851150173325,0.504789485408777,0.59192348565356,0.6133828996282528,97.5,100.0,5319,3118,7508,126,1,7441,0.023688663282571912,3.2071840923669016E-4,0.9910761854022376,0.30000000000000004,0.5,0.30000000000000004,0.8,20.0,45.0,30.0,0.2,0.4,0.30000000000000004,0.7000000000000001,30.0,35.0,30.0,2070,906,1164,2070,0.5623188405797102,1.7208367545693848,1.5,1.1472245030462564,634,0.6997792494481236,1.0,1
"iteration_2","SCOPE_DATA_COLLECTION",1400,54,3310.0,3370.0,0,8439,5581,2070,8431,5388,2126,3824,2600,913,4609,2981,1164,0.5465433416340567,0.5341336678014693,0.5604236880115552,0.4959263040762022,1.0450567281304786,1.7248320452530823,0.9918526081524044,1.0450567281304786,1.1498880301687215,0.5271966527196653,0.6746153846153846,0.7009857612267251,97.5,100.0,5250,2201,8639,113,2,8639,0.021523809523809525,9.086778736937755E-4,1.0,0.2,0.4,0.30000000000000004,0.7000000000000001,30.0,35.0,30.0,0.2,0.30000000000000004,0.2,0.8,40.0,35.0,30.0,8383,3899,4484,8383,0.5348920434212096,0.471958570716827,0.5,0.943917141433654,1920,0.49243395742498075,1.0,1
"iteration_2","SCOPE_DATA_COLLECTION",1400,54,3310.0,3370.0,1,8439,5581,2070,8431,5388,2126,3824,2600,913,4609,2981,1164,0.5465433416340567,0.5341336678014693,0.5604236880115552,0.4959263040762022,1.0450567281304786,1.7248320452530823,0.9918526081524044,1.0450567281304786,1.1498880301687215,0.5271966527196653,0.6746153846153846,0.7009857612267251,97.5,100.0,5250,2201,8639,113,2,8639,0.021523809523809525,9.086778736937755E-4,1.0,0.2,0.4,0.30000000000000004,0.7000000000000001,30.0,35.0,30.0,0.2,0.30000000000000004,0.2,0.8,40.0,35.0,30.0,5384,2496,2888,5384,0.5364041604754829,1.0167315461714037,1.0,1.0167315461714037,1713,0.6862980769230769,1.0,1
"iteration_2","SCOPE_DATA_COLLECTION",1400,54,3310.0,3370.0,2,8439,5581,2070,8431,5388,2126,3824,2600,913,4609,2981,1164,0.5465433416340567,0.5341336678014693,0.5604236880115552,0.4959263040762022,1.0450567281304786,1.7248320452530823,0.9918526081524044,1.0450567281304786,1.1498880301687215,0.5271966527196653,0.6746153846153846,0.7009857612267251,97.5,100.0,5250,2201,8639,113,2,8639,0.021523809523809525,9.086778736937755E-4,1.0,0.2,0.4,0.30000000000000004,0.7000000000000001,30.0,35.0,30.0,0.2,0.30000000000000004,0.2,0.8,40.0,35.0,30.0,2043,900,1143,2043,0.5594713656387665,1.6815935453723003,1.5,1.1210623635815335,627,0.6966666666666667,1.0,1
"iteration_2","SCOPE_DATA_COLLECTION",1400,55,3370.0,3430.0,0,8383,5384,2043,8439,5581,2070,3893,2509,898,4484,2888,1143,0.535275158171183,0.5351120993144339,0.5600195982361588,0.4699992182928848,1.0210585198320365,1.6782210978362844,0.9399984365857696,1.0210585198320365,1.1188140652241896,0.4898535833547393,0.6879234754882423,0.6937639198218263,100.0,100.0,5257,2117,8436,78,1,8436,0.014837359710861708,4.723665564478035E-4,1.0,0.2,0.30000000000000004,0.2,0.8,40.0,35.0,30.0,0.5,0.2,0.5,0.6000000000000001,35.0,75.0,20.0,8391,6364,2027,8391,0.2415683470384936,0.4238889398486912,0.5,0.8477778796973824,2440,0.3834066624764299,1.0,1
"iteration_2","SCOPE_DATA_COLLECTION",1400,55,3370.0,3430.0,1,8383,5384,2043,8439,5581,2070,3893,2509,898,4484,2888,1143,0.535275158171183,0.5351120993144339,0.5600195982361588,0.4699992182928848,1.0210585198320365,1.6782210978362844,0.9399984365857696,1.0210585198320365,1.1188140652241896,0.4898535833547393,0.6879234754882423,0.6937639198218263,100.0,100.0,5257,2117,8436,78,1,8436,0.014837359710861708,4.723665564478035E-4,1.0,0.2,0.30000000000000004,0.2,0.8,40.0,35.0,30.0,0.5,0.2,0.5,0.6000000000000001,35.0,75.0,20.0,5608,4154,1454,5608,0.25927246790299574,0.8255297619382946,1.0,0.8255297619382946,1809,0.43548387096774194,1.0,1
"iteration_2","SCOPE_DATA_COLLECTION",1400,55,3370.0,3430.0,2,8383,5384,2043,8439,5581,2070,3893,2509,898,4484,2888,1143,0.535275158171183,0.5351120993144339,0.5600195982361588,0.4699992182928848,1.0210585198320365,1.6782210978362844,0.9399984365857696,1.0210585198320365,1.1188140652241896,0.4898535833547393,0.6879234754882423,0.6937639198218263,100.0,100.0,5257,2117,8436,78,1,8436,0.014837359710861708,4.723665564478035E-4,1.0,0.2,0.30000000000000004,0.2,0.8,40.0,35.0,30.0,0.5,0.2,0.5,0.6000000000000001,35.0,75.0,20.0,2125,1490,635,2125,0.2988235294117647,1.2743736354839141,1.5,0.8495824236559427,679,0.4557046979865772,1.0,1
"iteration_2","SCOPE_DATA_COLLECTION",1400,56,3430.0,3490.0,0,8391,5608,2125,8383,5384,2043,6363,4118,1484,2027,1454,635,0.24159713945172825,0.2609475951184494,0.29966965549787633,0.4241093409256797,0.8204090625635041,1.2717186235293103,0.8482186818513594,0.8204090625635041,0.8478124156862069,0.3848813452773849,0.4327343370568237,0.45619946091644203,100.0,100.0,5470,5290,5364,122,6,3988,0.02230347349177331,0.0011342155009451795,0.7434750186428039,0.5,0.2,0.5,0.6000000000000001,35.0,75.0,20.0,0.6000000000000001,0.30000000000000004,0.5,0.7000000000000001,25.0,75.0,30.0,8394,7962,432,8394,0.05146533238027162,0.36465959936143033,0.5,0.7293191987228607,2325,0.2920120572720422,1.0,1
"iteration_2","SCOPE_DATA_COLLECTION",1400,56,3430.0,3490.0,1,8391,5608,2125,8383,5384,2043,6363,4118,1484,2027,1454,635,0.24159713945172825,0.2609475951184494,0.29966965549787633,0.4241093409256797,0.8204090625635041,1.2717186235293103,0.8482186818513594,0.8204090625635041,0.8478124156862069,0.3848813452773849,0.4327343370568237,0.45619946091644203,100.0,100.0,5470,5290,5364,122,6,3988,0.02230347349177331,0.0011342155009451795,0.7434750186428039,0.5,0.2,0.5,0.6000000000000001,35.0,75.0,20.0,0.6000000000000001,0.30000000000000004,0.5,0.7000000000000001,25.0,75.0,30.0,5458,5104,354,5458,0.06485892268230121,0.6983840127390948,1.0,0.6983840127390948,1803,0.3532523510971787,1.0,1
"iteration_2","SCOPE_DATA_COLLECTION",1400,56,3430.0,3490.0,2,8391,5608,2125,8383,5384,2043,6363,4118,1484,2027,1454,635,0.24159713945172825,0.2609475951184494,0.29966965549787633,0.4241093409256797,0.8204090625635041,1.2717186235293103,0.8482186818513594,0.8204090625635041,0.8478124156862069,0.3848813452773849,0.4327343370568237,0.45619946091644203,100.0,100.0,5470,5290,5364,122,6,3988,0.02230347349177331,0.0011342155009451795,0.7434750186428039,0.5,0.2,0.5,0.6000000000000001,35.0,75.0,20.0,0.6000000000000001,0.30000000000000004,0.5,0.7000000000000001,25.0,75.0,30.0,2015,1857,158,2015,0.07841191066997519,1.0736837679029032,1.5,0.7157891786019355,641,0.34518039849219173,1.0,1
"iteration_2","SCOPE_DATA_COLLECTION",1400,57,3490.0,3550.0,0,8394,5458,2015,8391,5608,2125,7933,5119,1851,426,346,158,0.05096303385572437,0.06331198536139067,0.07864609258337481,0.3621706246212654,0.7021689967459434,1.075076360021442,0.7243412492425308,0.7021689967459434,0.716717573347628,0.2895499810916425,0.3547567884352413,0.34359805510534847,100.0,100.0,5410,6271,4186,120,3,807,0.022181146025878003,4.783926008611067E-4,0.19278547539417104,0.6000000000000001,0.30000000000000004,0.5,0.7000000000000001,25.0,75.0,30.0,0.5,0.30000000000000004,0.6000000000000001,0.7000000000000001,25.0,85.0,30.0,8532,6413,2119,8532,0.24835911861228316,0.3972000295459102,0.5,0.7944000590918204,2394,0.3733042257913613,1.0,1
"iteration_2","SCOPE_DATA_COLLECTION",1400,57,3490.0,3550.0,1,8394,5458,2015,8391,5608,2125,7933,5119,1851,426,346,158,0.05096303385572437,0.06331198536139067,0.07864609258337481,0.3621706246212654,0.7021689967459434,1.075076360021442,0.7243412492425308,0.7021689967459434,0.716717573347628,0.2895499810916425,0.3547567884352413,0.34359805510534847,100.0,100.0,5410,6271,4186,120,3,807,0.022181146025878003,4.783926008611067E-4,0.19278547539417104,0.6000000000000001,0.30000000000000004,0.5,0.7000000000000001,25.0,75.0,30.0,0.5,0.30000000000000004,0.6000000000000001,0.7000000000000001,25.0,85.0,30.0,5430,3975,1455,5430,0.26795580110497236,0.8028918753111621,1.0,0.8028918753111621,1729,0.4349685534591195,1.0,1
"iteration_2","SCOPE_DATA_COLLECTION",1400,57,3490.0,3550.0,2,8394,5458,2015,8391,5608,2125,7933,5119,1851,426,346,158,0.05096303385572437,0.06331198536139067,0.07864609258337481,0.3621706246212654,0.7021689967459434,1.075076360021442,0.7243412492425308,0.7021689967459434,0.716717573347628,0.2895499810916425,0.3547567884352413,0.34359805510534847,100.0,100.0,5410,6271,4186,120,3,807,0.022181146025878003,4.783926008611067E-4,0.19278547539417104,0.6000000000000001,0.30000000000000004,0.5,0.7000000000000001,25.0,75.0,30.0,0.5,0.30000000000000004,0.6000000000000001,0.7000000000000001,25.0,85.0,30.0,2122,1513,609,2122,0.28699340245051835,1.232793369137997,1.5,0.8218622460919981,651,0.43027098479841375,1.0,1
"iteration_2","SCOPE_DATA_COLLECTION",1400,58,3550.0,3619.1898299673567,0,8532,5430,2122,8394,5458,2015,6450,3976,1502,2125,1463,609,0.2478134110787172,0.26898326898326896,0.2884888678351492,0.4013607089233126,0.8021648284464348,1.2345612086897988,0.8027214178466252,0.8021648284464348,0.8230408057931992,0.37643410852713177,0.4368712273641851,0.4347536617842876,100.0,100.0,5390,5238,5456,129,3,4065,0.023933209647495363,5.72737686139748E-4,0.7450513196480938,0.5,0.30000000000000004,0.6000000000000001,0.7000000000000001,25.0,85.0,30.0,0.5,0.4,0.6000000000000001,0.7000000000000001,35.0,85.0,20.0,7153,5559,1547,7106,0.21770334928229665,0.40684755196581146,0.5,0.8136951039316229,2071,0.37254901960784315,0.9934293303509018,0
"iteration_2","SCOPE_DATA_COLLECTION",1400,58,3550.0,3619.1898299673567,1,8532,5430,2122,8394,5458,2015,6450,3976,1502,2125,1463,609,0.2478134110787172,0.26898326898326896,0.2884888678351492,0.4013607089233126,0.8021648284464348,1.2345612086897988,0.8027214178466252,0.8021648284464348,0.8230408057931992,0.37643410852713177,0.4368712273641851,0.4347536617842876,100.0,100.0,5390,5238,5456,129,3,4065,0.023933209647495363,5.72737686139748E-4,0.7450513196480938,0.5,0.30000000000000004,0.6000000000000001,0.7000000000000001,25.0,85.0,30.0,0.5,0.4,0.6000000000000001,0.7000000000000001,35.0,85.0,20.0,4395,3356,984,4340,0.22672811059907835,0.7986732097755672,1.0,0.7986732097755672,1415,0.4216328963051251,0.987485779294653,0
"iteration_2","SCOPE_DATA_COLLECTION",1400,58,3550.0,3619.1898299673567,2,8532,5430,2122,8394,5458,2015,6450,3976,1502,2125,1463,609,0.2478134110787172,0.26898326898326896,0.2884888678351492,0.4013607089233126,0.8021648284464348,1.2345612086897988,0.8027214178466252,0.8021648284464348,0.8230408057931992,0.37643410852713177,0.4368712273641851,0.4347536617842876,100.0,100.0,5390,5238,5456,129,3,4065,0.023933209647495363,5.72737686139748E-4,0.7450513196480938,0.5,0.30000000000000004,0.6000000000000001,0.7000000000000001,25.0,85.0,30.0,0.5,0.4,0.6000000000000001,0.7000000000000001,35.0,85.0,20.0,1802,1296,478,1774,0.26944757609921083,1.1893969833808147,1.5,0.7929313222538764,521,0.4020061728395062,0.9844617092119867,0
"iteration_2","SCOPE_DATA_COLLECTION",1500,0,70.0,130.0,0,8516,6128,1815,0,0,0,7805,5469,1600,668,578,191,0.07883866399150243,0.0955845873987101,0.10664433277498604,0.3498752859808978,0.7032432572797774,1.009756910631083,0.6997505719617956,0.7032432572797774,0.6731712737540554,0.29583600256245995,0.35253245565916985,0.318125,100.0,100.0,5451,6647,4361,141,7,1289,0.025866813428728673,0.0010531066646607492,0.2955744095390965,0.6,0.5,0.7,0.4,85.0,80.0,90.0,0.6000000000000001,0.6000000000000001,0.7000000000000001,0.6000000000000001,55.0,95.0,90.0,9246,8388,858,9246,0.0927968851395198,0.35099207349276534,0.5,0.7019841469855307,2455,0.29268001907486885,1.0,1
"iteration_2","SCOPE_DATA_COLLECTION",1500,0,70.0,130.0,1,8516,6128,1815,0,0,0,7805,5469,1600,668,578,191,0.07883866399150243,0.0955845873987101,0.10664433277498604,0.3498752859808978,0.7032432572797774,1.009756910631083,0.6997505719617956,0.7032432572797774,0.6731712737540554,0.29583600256245995,0.35253245565916985,0.318125,100.0,100.0,5451,6647,4361,141,7,1289,0.025866813428728673,0.0010531066646607492,0.2955744095390965,0.6,0.5,0.7,0.4,85.0,80.0,90.0,0.6000000000000001,0.6000000000000001,0.7000000000000001,0.6000000000000001,55.0,95.0,90.0,6657,5976,681,6657,0.10229833258224426,0.6719399069511699,1.0,0.6719399069511699,1982,0.3316599732262383,1.0,1
"iteration_2","SCOPE_DATA_COLLECTION",1500,0,70.0,130.0,2,8516,6128,1815,0,0,0,7805,5469,1600,668,578,191,0.07883866399150243,0.0955845873987101,0.10664433277498604,0.3498752859808978,0.7032432572797774,1.009756910631083,0.6997505719617956,0.7032432572797774,0.6731712737540554,0.29583600256245995,0.35253245565916985,0.318125,100.0,100.0,5451,6647,4361,141,7,1289,0.025866813428728673,0.0010531066646607492,0.2955744095390965,0.6,0.5,0.7,0.4,85.0,80.0,90.0,0.6000000000000001,0.6000000000000001,0.7000000000000001,0.6000000000000001,55.0,95.0,90.0,1855,1607,248,1855,0.13369272237196766,1.046476354214233,1.5,0.6976509028094887,540,0.33602986932171747,1.0,1
"iteration_2","SCOPE_DATA_COLLECTION",1500,1,130.0,190.0,0,9246,6657,1855,8516,6128,1815,8381,6004,1608,858,681,248,0.09286719341920122,0.1018698578908003,0.1336206896551724,0.34933056558840586,0.6732349286705533,1.0398266232751285,0.6986611311768117,0.6732349286705533,0.6932177488500857,0.2907767569502446,0.33211192538307793,0.333955223880597,100.0,100.0,5657,7272,4829,150,7,1630,0.0265158211065936,9.625962596259626E-4,0.33754400496997305,0.6000000000000001,0.6000000000000001,0.7000000000000001,0.6000000000000001,55.0,95.0,90.0,0.7000000000000001,0.6000000000000001,0.6000000000000001,0.6000000000000001,55.0,95.0,95.0,9143,9069,74,9143,0.008093623537132232,0.32333416355371997,0.5,0.6466683271074399,2463,0.271584518690043,1.0,1
"iteration_2","SCOPE_DATA_COLLECTION",1500,1,130.0,190.0,1,9246,6657,1855,8516,6128,1815,8381,6004,1608,858,681,248,0.09286719341920122,0.1018698578908003,0.1336206896551724,0.34933056558840586,0.6732349286705533,1.0398266232751285,0.6986611311768117,0.6732349286705533,0.6932177488500857,0.2907767569502446,0.33211192538307793,0.333955223880597,100.0,100.0,5657,7272,4829,150,7,1630,0.0265158211065936,9.625962596259626E-4,0.33754400496997305,0.6000000000000001,0.6000000000000001,0.7000000000000001,0.6000000000000001,55.0,95.0,90.0,0.7000000000000001,0.6000000000000001,0.6000000000000001,0.6000000000000001,55.0,95.0,95.0,6506,6390,116,6506,0.0178296956655395,0.6464414521062434,1.0,0.6464414521062434,1995,0.31220657276995306,1.0,1
"iteration_2","SCOPE_DATA_COLLECTION",1500,1,130.0,190.0,2,9246,6657,1855,8516,6128,1815,8381,6004,1608,858,681,248,0.09286719341920122,0.1018698578908003,0.1336206896551724,0.34933056558840586,0.6732349286705533,1.0398266232751285,0.6986611311768117,0.6732349286705533,0.6932177488500857,0.2907767569502446,0.33211192538307793,0.333955223880597,100.0,100.0,5657,7272,4829,150,7,1630,0.0265158211065936,9.625962596259626E-4,0.33754400496997305,0.6000000000000001,0.6000000000000001,0.7000000000000001,0.6000000000000001,55.0,95.0,90.0,0.7000000000000001,0.6000000000000001,0.6000000000000001,0.6000000000000001,55.0,95.0,95.0,1945,1881,64,1945,0.032904884318766064,0.9480447582419517,1.5,0.6320298388279678,545,0.2897395002658161,1.0,1
"iteration_2","SCOPE_DATA_COLLECTION",1500,2,190.0,250.0,0,9143,6506,1945,9246,6657,1855,9076,6365,1878,74,115,64,0.008087431693989072,0.017746913580246913,0.032955715756951595,0.3241716431589314,0.6422369157751485,0.9491675411304732,0.6483432863178628,0.6422369157751485,0.6327783607536488,0.2723666813574262,0.31091908876669283,0.28913738019169327,97.5,100.0,5664,8306,3624,120,7,126,0.0211864406779661,8.427642667950878E-4,0.0347682119205298,0.7000000000000001,0.6000000000000001,0.6000000000000001,0.6000000000000001,55.0,95.0,95.0,0.2,0.8,0.6000000000000001,0.4,75.0,90.0,25.0,9069,4149,4920,9069,0.5425074429374793,0.5383364361785056,0.5,1.0766728723570111,2337,0.5632682574114244,1.0,1
"iteration_2","SCOPE_DATA_COLLECTION",1500,2,190.0,250.0,1,9143,6506,1945,9246,6657,1855,9076,6365,1878,74,115,64,0.008087431693989072,0.017746913580246913,0.032955715756951595,0.3241716431589314,0.6422369157751485,0.9491675411304732,0.6483432863178628,0.6422369157751485,0.6327783607536488,0.2723666813574262,0.31091908876669283,0.28913738019169327,97.5,100.0,5664,8306,3624,120,7,126,0.0211864406779661,8.427642667950878E-4,0.0347682119205298,0.7000000000000001,0.6000000000000001,0.6000000000000001,0.6000000000000001,55.0,95.0,95.0,0.2,0.8,0.6000000000000001,0.4,75.0,90.0,25.0,6600,2930,3670,6600,0.556060606060606,1.0818292130056735,1.0,1.0818292130056735,1912,0.6525597269624573,1.0,1
"iteration_2","SCOPE_DATA_COLLECTION",1500,2,190.0,250.0,2,9143,6506,1945,9246,6657,1855,9076,6365,1878,74,115,64,0.008087431693989072,0.017746913580246913,0.032955715756951595,0.3241716431589314,0.6422369157751485,0.9491675411304732,0.6483432863178628,0.6422369157751485,0.6327783607536488,0.2723666813574262,0.31091908876669283,0.28913738019169327,97.5,100.0,5664,8306,3624,120,7,126,0.0211864406779661,8.427642667950878E-4,0.0347682119205298,0.7000000000000001,0.6000000000000001,0.6000000000000001,0.6000000000000001,55.0,95.0,95.0,0.2,0.8,0.6000000000000001,0.4,75.0,90.0,25.0,1967,813,1154,1967,0.5866802236908999,1.7333079967832103,1.5,1.1555386645221402,565,0.6949569495694957,1.0,1
"iteration_2","SCOPE_DATA_COLLECTION",1500,3,250.0,310.0,0,9069,6600,1967,9143,6506,1945,4162,2960,817,4920,3671,1154,0.5417308962783528,0.553611823254411,0.5854895991882293,0.5389052330072632,1.085467378736114,1.7230960868317873,1.0778104660145265,1.085467378736114,1.1487307245545249,0.562950504565113,0.6513513513513514,0.6915544675642595,100.0,100.0,5510,2469,9657,148,3,9594,0.026860254083484573,0.001215066828675577,0.9934762348555451,0.2,0.8,0.6000000000000001,0.4,75.0,90.0,25.0,0.2,0.8,0.6000000000000001,0.4,75.0,90.0,25.0,9036,3981,5055,9036,0.5594289508632138,0.5331023949561348,0.5,1.0662047899122695,2253,0.5659382064807837,1.0,1
"iteration_2","SCOPE_DATA_COLLECTION",1500,3,250.0,310.0,1,9069,6600,1967,9143,6506,1945,4162,2960,817,4920,3671,1154,0.5417308962783528,0.553611823254411,0.5854895991882293,0.5389052330072632,1.085467378736114,1.7230960868317873,1.0778104660145265,1.085467378736114,1.1487307245545249,0.562950504565113,0.6513513513513514,0.6915544675642595,100.0,100.0,5510,2469,9657,148,3,9594,0.026860254083484573,0.001215066828675577,0.9934762348555451,0.2,0.8,0.6000000000000001,0.4,75.0,90.0,25.0,0.2,0.8,0.6000000000000001,0.4,75.0,90.0,25.0,6623,2961,3662,6623,0.5529216367205194,1.0960630194182284,1.0,1.0960630194182284,1983,0.6697061803444783,1.0,1
"iteration_2","SCOPE_DATA_COLLECTION",1500,3,250.0,310.0,2,9069,6600,1967,9143,6506,1945,4162,2960,817,4920,3671,1154,0.5417308962783528,0.553611823254411,0.5854895991882293,0.5389052330072632,1.085467378736114,1.7230960868317873,1.0778104660145265,1.085467378736114,1.1487307245545249,0.562950504565113,0.6513513513513514,0.6915544675642595,100.0,100.0,5510,2469,9657,148,3,9594,0.026860254083484573,0.001215066828675577,0.9934762348555451,0.2,0.8,0.6000000000000001,0.4,75.0,90.0,25.0,0.2,0.8,0.6000000000000001,0.4,75.0,90.0,25.0,1888,833,1055,1888,0.558792372881356,1.665701992211018,1.5,1.1104679948073453,557,0.6686674669867947,1.0,1
"iteration_2","SCOPE_DATA_COLLECTION",1500,4,310.0,370.0,0,9036,6623,1888,9069,6600,1967,3973,2955,827,5055,3662,1055,0.5599246787771378,0.553423001360133,0.5605738575982997,0.5307303919562945,1.0941983861189235,1.6672887259550024,1.061460783912589,1.0941983861189235,1.1115258173033349,0.5655675811729172,0.6686971235194585,0.6686819830713422,100.0,100.0,5469,2407,9671,98,3,9671,0.01791918083744743,0.0012463647694225177,1.0,0.2,0.8,0.6000000000000001,0.4,75.0,90.0,25.0,0.2,0.9,0.6000000000000001,0.5,65.0,95.0,35.0,9036,4133,4903,9036,0.5426073483842409,0.5607929356092741,0.5,1.1215858712185482,2455,0.5939995160900072,1.0,1
"iteration_2","SCOPE_DATA_COLLECTION",1500,4,310.0,370.0,1,9036,6623,1888,9069,6600,1967,3973,2955,827,5055,3662,1055,0.5599246787771378,0.553423001360133,0.5605738575982997,0.5307303919562945,1.0941983861189235,1.6672887259550024,1.061460783912589,1.0941983861189235,1.1115258173033349,0.5655675811729172,0.6686971235194585,0.6686819830713422,100.0,100.0,5469,2407,9671,98,3,9671,0.01791918083744743,0.0012463647694225177,1.0,0.2,0.8,0.6000000000000001,0.4,75.0,90.0,25.0,0.2,0.9,0.6000000000000001,0.5,65.0,95.0,35.0,6717,2902,3815,6717,0.5679618877475063,1.1029886098349786,1.0,1.1029886098349786,1916,0.6602343211578222,1.0,1
"iteration_2","SCOPE_DATA_COLLECTION",1500,4,310.0,370.0,2,9036,6623,1888,9069,6600,1967,3973,2955,827,5055,3662,1055,0.5599246787771378,0.553423001360133,0.5605738575982997,0.5307303919562945,1.0941983861189235,1.6672887259550024,1.061460783912589,1.0941983861189235,1.1115258173033349,0.5655675811729172,0.6686971235194585,0.6686819830713422,100.0,100.0,5469,2407,9671,98,3,9671,0.01791918083744743,0.0012463647694225177,1.0,0.2,0.8,0.6000000000000001,0.4,75.0,90.0,25.0,0.2,0.9,0.6000000000000001,0.5,65.0,95.0,35.0,1966,835,1131,1966,0.5752797558494405,1.7213196385370013,1.5,1.1475464256913341,568,0.6802395209580838,1.0,1
"iteration_2","SCOPE_DATA_COLLECTION",1500,5,370.0,430.0,0,9036,6717,1966,9036,6623,1888,4139,2901,837,4903,3815,1131,0.5422472904224729,0.5680464562239428,0.5746951219512195,0.5634315577874205,1.1044357550589678,1.7184246886987251,1.126863115574841,1.1044357550589678,1.1456164591324833,0.5948296690021745,0.6597724922440538,0.6786140979689367,97.5,100.0,5594,2423,9702,146,1,9702,0.02609939220593493,4.127115146512588E-4,1.0,0.2,0.9,0.6000000000000001,0.5,65.0,95.0,35.0,0.45,0.2,0.4,0.6000000000000001,35.0,25.0,40.0,9109,5644,3465,9109,0.3803930178943902,0.38503775388104616,0.5,0.7700755077620923,2119,0.37544294826364283,1.0,1
"iteration_2","SCOPE_DATA_COLLECTION",1500,5,370.0,430.0,1,9036,6717,1966,9036,6623,1888,4139,2901,837,4903,3815,1131,0.5422472904224729,0.5680464562239428,0.5746951219512195,0.5634315577874205,1.1044357550589678,1.7184246886987251,1.126863115574841,1.1044357550589678,1.1456164591324833,0.5948296690021745,0.6597724922440538,0.6786140979689367,97.5,100.0,5594,2423,9702,146,1,9702,0.02609939220593493,4.127115146512588E-4,1.0,0.2,0.9,0.6000000000000001,0.5,65.0,95.0,35.0,0.45,0.2,0.4,0.6000000000000001,35.0,25.0,40.0,6811,4226,2585,6811,0.3795331082073117,0.8447793162927496,1.0,0.8447793162927496,2022,0.4784666351159489,1.0,1
"iteration_2","SCOPE_DATA_COLLECTION",1500,5,370.0,430.0,2,9036,6717,1966,9036,6623,1888,4139,2901,837,4903,3815,1131,0.5422472904224729,0.5680464562239428,0.5746951219512195,0.5634315577874205,1.1044357550589678,1.7184246886987251,1.126863115574841,1.1044357550589678,1.1456164591324833,0.5948296690021745,0.6597724922440538,0.6786140979689367,97.5,100.0,5594,2423,9702,146,1,9702,0.02609939220593493,4.127115146512588E-4,1.0,0.2,0.9,0.6000000000000001,0.5,65.0,95.0,35.0,0.45,0.2,0.4,0.6000000000000001,35.0,25.0,40.0,2057,1238,819,2057,0.39815264948954787,1.2721876787564033,1.5,0.8481251191709355,568,0.4588045234248788,1.0,1
"iteration_2","SCOPE_DATA_COLLECTION",1500,6,430.0,490.0,0,9109,6811,2057,9036,6717,1966,5636,4219,1234,3465,2585,819,0.3807273925942204,0.3799235743680188,0.3989283974671213,0.3848166731305077,0.8458226852345629,1.2758124193715579,0.7696333462610154,0.8458226852345629,0.8505416129143719,0.3750887154009936,0.4797345342498222,0.46029173419773095,95.0,100.0,5581,5644,6752,163,3,6703,0.02920623544167712,5.315379163713678E-4,0.9927428909952607,0.45,0.2,0.4,0.6000000000000001,35.0,25.0,40.0,0.45,0.1,0.5,0.7000000000000001,35.0,25.0,40.0,9117,5729,3388,9117,0.3716134693429856,0.37457928255892814,0.5,0.7491585651178563,2072,0.3616687030895444,1.0,1
"iteration_2","SCOPE_DATA_COLLECTION",1500,6,430.0,490.0,1,9109,6811,2057,9036,6717,1966,5636,4219,1234,3465,2585,819,0.3807273925942204,0.3799235743680188,0.3989283974671213,0.3848166731305077,0.8458226852345629,1.2758124193715579,0.7696333462610154,0.8458226852345629,0.8505416129143719,0.3750887154009936,0.4797345342498222,0.46029173419773095,95.0,100.0,5581,5644,6752,163,3,6703,0.02920623544167712,5.315379163713678E-4,0.9927428909952607,0.45,0.2,0.4,0.6000000000000001,35.0,25.0,40.0,0.45,0.1,0.5,0.7000000000000001,35.0,25.0,40.0,6812,4128,2684,6812,0.39401056958308867,0.8372628613619684,1.0,0.8372628613619684,1971,0.47747093023255816,1.0,1
"iteration_2","SCOPE_DATA_COLLECTION",1500,6,430.0,490.0,2,9109,6811,2057,9036,6717,1966,5636,4219,1234,3465,2585,819,0.3807273925942204,0.3799235743680188,0.3989283974671213,0.3848166731305077,0.8458226852345629,1.2758124193715579,0.7696333462610154,0.8458226852345629,0.8505416129143719,0.3750887154009936,0.4797345342498222,0.46029173419773095,95.0,100.0,5581,5644,6752,163,3,6703,0.02920623544167712,5.315379163713678E-4,0.9927428909952607,0.45,0.2,0.4,0.6000000000000001,35.0,25.0,40.0,0.45,0.1,0.5,0.7000000000000001,35.0,25.0,40.0,1943,1166,777,1943,0.39989706639217704,1.3432595974915449,1.5,0.8955063983276966,588,0.5042881646655232,1.0,1
"iteration_2","SCOPE_DATA_COLLECTION",1500,7,490.0,550.0,0,9117,6812,1943,9109,6811,2057,5729,4141,1176,3388,2684,777,0.3716134693429856,0.3932600732600733,0.3978494623655914,0.3752910332401701,0.8367107004766078,1.3497791731324793,0.7505820664803402,0.8367107004766078,0.8998527820883195,0.36376330947809393,0.4771794252595991,0.5068027210884354,100.0,100.0,5713,5465,6694,149,6,6694,0.026080868195343953,0.0010978956999085087,1.0,0.45,0.1,0.5,0.7000000000000001,35.0,25.0,40.0,0.45,0.1,0.4,0.7000000000000001,35.0,35.0,50.0,9000,5554,3446,9000,0.3828888888888889,0.36047718642506954,0.5,0.7209543728501391,1930,0.34749729924378825,1.0,1
"iteration_2","SCOPE_DATA_COLLECTION",1500,7,490.0,550.0,1,9117,6812,1943,9109,6811,2057,5729,4141,1176,3388,2684,777,0.3716134693429856,0.3932600732600733,0.3978494623655914,0.3752910332401701,0.8367107004766078,1.3497791731324793,0.7505820664803402,0.8367107004766078,0.8998527820883195,0.36376330947809393,0.4771794252595991,0.5068027210884354,100.0,100.0,5713,5465,6694,149,6,6694,0.026080868195343953,0.0010978956999085087,1.0,0.45,0.1,0.5,0.7000000000000001,35.0,25.0,40.0,0.45,0.1,0.4,0.7000000000000001,35.0,35.0,50.0,6668,4082,2586,6668,0.3878224355128974,0.8580418410259092,1.0,0.8580418410259092,2052,0.5026947574718276,1.0,1
"iteration_2","SCOPE_DATA_COLLECTION",1500,7,490.0,550.0,2,9117,6812,1943,9109,6811,2057,5729,4141,1176,3388,2684,777,0.3716134693429856,0.3932600732600733,0.3978494623655914,0.3752910332401701,0.8367107004766078,1.3497791731324793,0.7505820664803402,0.8367107004766078,0.8998527820883195,0.36376330947809393,0.4771794252595991,0.5068027210884354,100.0,100.0,5713,5465,6694,149,6,6694,0.026080868195343953,0.0010978956999085087,1.0,0.45,0.1,0.5,0.7000000000000001,35.0,25.0,40.0,0.45,0.1,0.4,0.7000000000000001,35.0,35.0,50.0,2023,1193,830,2023,0.4102817597627286,1.3244445618988636,1.5,0.8829630412659091,585,0.490360435875943,1.0,1
"iteration_2","SCOPE_DATA_COLLECTION",1500,8,550.0,610.0,0,9000,6668,2023,9117,6812,1943,5556,4077,1187,3446,2586,830,0.3828038213730282,0.3881134624043224,0.4115022310361924,0.3604716363903889,0.8595361004686383,1.3206756796884345,0.7209432727807779,0.8595361004686383,0.880450453125623,0.3461123110151188,0.5035565366691195,0.489469250210615,100.0,100.0,5577,5380,6734,121,7,6734,0.021696252465483234,0.0013011152416356876,1.0,0.45,0.1,0.4,0.7000000000000001,35.0,35.0,50.0,0.45,0.1,0.4,0.8,35.0,35.0,40.0,8959,5637,3322,8959,0.3708003125348811,0.3589615434234864,0.5,0.7179230868469728,1955,0.34681568210040803,1.0,1
"iteration_2","SCOPE_DATA_COLLECTION",1500,8,550.0,610.0,1,9000,6668,2023,9117,6812,1943,5556,4077,1187,3446,2586,830,0.3828038213730282,0.3881134624043224,0.4115022310361924,0.3604716363903889,0.8595361004686383,1.3206756796884345,0.7209432727807779,0.8595361004686383,0.880450453125623,0.3461123110151188,0.5035565366691195,0.489469250210615,100.0,100.0,5577,5380,6734,121,7,6734,0.021696252465483234,0.0013011152416356876,1.0,0.45,0.1,0.4,0.7000000000000001,35.0,35.0,50.0,0.45,0.1,0.4,0.8,35.0,35.0,40.0,6681,4130,2551,6681,0.38182906750486456,0.8501626608476072,1.0,0.8501626608476072,2045,0.49515738498789347,1.0,1
"iteration_2","SCOPE_DATA_COLLECTION",1500,8,550.0,610.0,2,9000,6668,2023,9117,6812,1943,5556,4077,1187,3446,2586,830,0.3828038213730282,0.3881134624043224,0.4115022310361924,0.3604716363903889,0.8595361004686383,1.3206756796884345,0.7209432727807779,0.8595361004686383,0.880450453125623,0.3461123110151188,0.5035565366691195,0.489469250210615,100.0,100.0,5577,5380,6734,121,7,6734,0.021696252465483234,0.0013011152416356876,1.0,0.45,0.1,0.4,0.7000000000000001,35.0,35.0,50.0,0.45,0.1,0.4,0.8,35.0,35.0,40.0,1996,1215,781,1996,0.3912825651302605,1.3284417348996764,1.5,0.885627823266451,595,0.4897119341563786,1.0,1
"iteration_2","SCOPE_DATA_COLLECTION",1500,9,610.0,670.0,0,8959,6681,1996,9000,6668,2023,5636,4124,1217,3322,2551,781,0.37084170573788794,0.3821722846441948,0.3908908908908909,0.3587070046705213,0.8491809723030876,1.3280474197371483,0.7174140093410426,0.8491809723030876,0.8853649464914323,0.3470546486870121,0.494180407371484,0.4897288414133114,97.5,100.0,5661,5467,6508,139,7,6508,0.02455396573043632,0.0012804097311139564,1.0,0.45,0.1,0.4,0.8,35.0,35.0,40.0,0.1,0.8,0.30000000000000004,0.9,75.0,85.0,30.0,9113,3480,5633,9113,0.6181279490837266,0.5859850314342222,0.5,1.1719700628684444,2205,0.6336206896551724,1.0,1
"iteration_2","SCOPE_DATA_COLLECTION",1500,9,610.0,670.0,1,8959,6681,1996,9000,6668,2023,5636,4124,1217,3322,2551,781,0.37084170573788794,0.3821722846441948,0.3908908908908909,0.3587070046705213,0.8491809723030876,1.3280474197371483,0.7174140093410426,0.8491809723030876,0.8853649464914323,0.3470546486870121,0.494180407371484,0.4897288414133114,97.5,100.0,5661,5467,6508,139,7,6508,0.02455396573043632,0.0012804097311139564,1.0,0.45,0.1,0.4,0.8,35.0,35.0,40.0,0.1,0.8,0.30000000000000004,0.9,75.0,85.0,30.0,6617,2425,4192,6617,0.6335197219283664,1.173318836396452,1.0,1.173318836396452,1904,0.7851546391752577,1.0,1
"iteration_2","SCOPE_DATA_COLLECTION",1500,9,610.0,670.0,2,8959,6681,1996,9000,6668,2023,5636,4124,1217,3322,2551,781,0.37084170573788794,0.3821722846441948,0.3908908908908909,0.3587070046705213,0.8491809723030876,1.3280474197371483,0.7174140093410426,0.8491809723030876,0.8853649464914323,0.3470546486870121,0.494180407371484,0.4897288414133114,97.5,100.0,5661,5467,6508,139,7,6508,0.02455396573043632,0.0012804097311139564,1.0,0.45,0.1,0.4,0.8,35.0,35.0,40.0,0.1,0.8,0.30000000000000004,0.9,75.0,85.0,30.0,1993,665,1328,1993,0.6663321625689914,1.9457517706745366,1.5,1.2971678471163577,535,0.8045112781954887,1.0,1
"iteration_2","SCOPE_DATA_COLLECTION",1500,10,670.0,730.0,0,9113,6617,1993,8959,6681,1996,3484,2448,668,5633,4192,1328,0.6178567511242733,0.6313253012048192,0.6653306613226453,0.5842743157491197,1.1754977615702704,1.9403239381223392,1.1685486314982394,1.1754977615702704,1.2935492920815594,0.6314580941446614,0.7839052287581699,0.8008982035928144,100.0,100.0,5481,1187,11055,98,0,11055,0.017879948914431672,0.0,1.0,0.1,0.8,0.30000000000000004,0.9,75.0,85.0,30.0,0.9500000000000001,0.30000000000000004,0.8,0.2,40.0,35.0,30.0,9115,7163,1952,9115,0.21415249588590235,0.473256497176265,0.5,0.94651299435253,2651,0.3700963283540416,1.0,1
"iteration_2","SCOPE_DATA_COLLECTION",1500,10,670.0,730.0,1,9113,6617,1993,8959,6681,1996,3484,2448,668,5633,4192,1328,0.6178567511242733,0.6313253012048192,0.6653306613226453,0.5842743157491197,1.1754977615702704,1.9403239381223392,1.1685486314982394,1.1754977615702704,1.2935492920815594,0.6314580941446614,0.7839052287581699,0.8008982035928144,100.0,100.0,5481,1187,11055,98,0,11055,0.017879948914431672,0.0,1.0,0.1,0.8,0.30000000000000004,0.9,75.0,85.0,30.0,0.9500000000000001,0.30000000000000004,0.8,0.2,40.0,35.0,30.0,6809,5238,1571,6809,0.23072404170950214,0.8615690113508689,1.0,0.8615690113508689,2148,0.41008018327605955,1.0,1
"iteration_2","SCOPE_DATA_COLLECTION",1500,10,670.0,730.0,2,9113,6617,1993,8959,6681,1996,3484,2448,668,5633,4192,1328,0.6178567511242733,0.6313253012048192,0.6653306613226453,0.5842743157491197,1.1754977615702704,1.9403239381223392,1.1685486314982394,1.1754977615702704,1.2935492920815594,0.6314580941446614,0.7839052287581699,0.8008982035928144,100.0,100.0,5481,1187,11055,98,0,11055,0.017879948914431672,0.0,1.0,0.1,0.8,0.30000000000000004,0.9,75.0,85.0,30.0,0.9500000000000001,0.30000000000000004,0.8,0.2,40.0,35.0,30.0,1969,1504,465,1969,0.2361604875571356,1.192254601928044,1.5,0.7948364012853627,600,0.39893617021276595,1.0,1
"iteration_2","SCOPE_DATA_COLLECTION",1500,11,730.0,790.0,0,9115,6809,1969,9113,6617,1993,7081,5140,1480,1952,1571,465,0.2160965349274881,0.2340932796900611,0.2390745501285347,0.4650376903051123,0.8499801538744957,1.1885815728805995,0.9300753806102245,0.8499801538744957,0.792387715253733,0.3676034458409829,0.4058365758754864,0.39594594594594595,100.0,100.0,5505,11787,601,124,3857,7,0.022524977293369663,0.3272249087978281,0.011647254575707155,0.9500000000000001,0.30000000000000004,0.8,0.2,40.0,35.0,30.0,0.9500000000000001,0.4,0.8,0.30000000000000004,40.0,35.0,30.0,9170,7384,1786,9170,0.19476553980370775,0.4012387183178894,0.5,0.8024774366357788,2457,0.33274647887323944,1.0,1
"iteration_2","SCOPE_DATA_COLLECTION",1500,11,730.0,790.0,1,9115,6809,1969,9113,6617,1993,7081,5140,1480,1952,1571,465,0.2160965349274881,0.2340932796900611,0.2390745501285347,0.4650376903051123,0.8499801538744957,1.1885815728805995,0.9300753806102245,0.8499801538744957,0.792387715253733,0.3676034458409829,0.4058365758754864,0.39594594594594595,100.0,100.0,5505,11787,601,124,3857,7,0.022524977293369663,0.3272249087978281,0.011647254575707155,0.9500000000000001,0.30000000000000004,0.8,0.2,40.0,35.0,30.0,0.9500000000000001,0.4,0.8,0.30000000000000004,40.0,35.0,30.0,6542,5208,1334,6542,0.20391317639865483,0.7859942770311118,1.0,0.7859942770311118,1996,0.38325652841781876,1.0,1
"iteration_2","SCOPE_DATA_COLLECTION",1500,11,730.0,790.0,2,9115,6809,1969,9113,6617,1993,7081,5140,1480,1952,1571,465,0.2160965349274881,0.2340932796900611,0.2390745501285347,0.4650376903051123,0.8499801538744957,1.1885815728805995,0.9300753806102245,0.8499801538744957,0.792387715253733,0.3676034458409829,0.4058365758754864,0.39594594594594595,100.0,100.0,5505,11787,601,124,3857,7,0.022524977293369663,0.3272249087978281,0.011647254575707155,0.9500000000000001,0.30000000000000004,0.8,0.2,40.0,35.0,30.0,0.9500000000000001,0.4,0.8,0.30000000000000004,40.0,35.0,30.0,1992,1560,432,1992,0.21686746987951808,1.1812630828670756,1.5,0.7875087219113838,602,0.3858974358974359,1.0,1
"iteration_2","SCOPE_DATA_COLLECTION",1500,12,790.0,850.0,0,9170,6542,1992,9115,6809,1969,7456,5262,1571,1786,1334,432,0.1932482146721489,0.20224378411158278,0.21567648527209185,0.409276721599281,0.7910766684502988,1.1798074010908974,0.818553443198562,0.7910766684502988,0.7865382673939316,0.33530042918454933,0.38502470543519574,0.3863781031190325,100.0,100.0,5525,11533,646,154,3398,0,0.027873303167420815,0.2946327928552848,0.0,0.9500000000000001,0.4,0.8,0.30000000000000004,40.0,35.0,30.0,0.8500000000000001,0.4,0.2,0.6000000000000001,45.0,35.0,90.0,8911,8712,199,8911,0.022331949276175513,0.32085580000262975,0.5,0.6417116000052595,2214,0.25413223140495866,1.0,1
"iteration_2","SCOPE_DATA_COLLECTION",1500,12,790.0,850.0,1,9170,6542,1992,9115,6809,1969,7456,5262,1571,1786,1334,432,0.1932482146721489,0.20224378411158278,0.21567648527209185,0.409276721599281,0.7910766684502988,1.1798074010908974,0.818553443198562,0.7910766684502988,0.7865382673939316,0.33530042918454933,0.38502470543519574,0.3863781031190325,100.0,100.0,5525,11533,646,154,3398,0,0.027873303167420815,0.2946327928552848,0.0,0.9500000000000001,0.4,0.8,0.30000000000000004,40.0,35.0,30.0,0.8500000000000001,0.4,0.2,0.6000000000000001,45.0,35.0,90.0,6698,6538,160,6698,0.02388772767990445,0.6078730335574026,1.0,0.6078730335574026,2006,0.3068216579993882,1.0,1
"iteration_2","SCOPE_DATA_COLLECTION",1500,12,790.0,850.0,2,9170,6542,1992,9115,6809,1969,7456,5262,1571,1786,1334,432,0.1932482146721489,0.20224378411158278,0.21567648527209185,0.409276721599281,0.7910766684502988,1.1798074010908974,0.818553443198562,0.7910766684502988,0.7865382673939316,0.33530042918454933,0.38502470543519574,0.3863781031190325,100.0,100.0,5525,11533,646,154,3398,0,0.027873303167420815,0.2946327928552848,0.0,0.9500000000000001,0.4,0.8,0.30000000000000004,40.0,35.0,30.0,0.8500000000000001,0.4,0.2,0.6000000000000001,45.0,35.0,90.0,1882,1796,86,1882,0.04569606801275239,0.9840513598554317,1.5,0.6560342399036211,553,0.3079064587973274,1.0,1
"iteration_2","SCOPE_DATA_COLLECTION",1500,13,850.0,910.0,0,8911,6698,1882,9170,6542,1992,8669,6539,1794,199,160,85,0.022440234551195308,0.023884161815196297,0.04523682810005322,0.31686307966943633,0.6114419910382666,0.9883918047447642,0.6337261593388727,0.6114419910382666,0.6589278698298427,0.2511246971969085,0.30723352194525155,0.30824972129319955,100.0,100.0,5409,10224,1858,86,358,0,0.015899426881124053,0.03501564945226917,0.0,0.8500000000000001,0.4,0.2,0.6000000000000001,45.0,35.0,90.0,0.8500000000000001,0.4,0.2,0.6000000000000001,45.0,35.0,90.0,9151,8618,533,9151,0.05824500054638837,0.3342307771288334,0.5,0.6684615542576668,2352,0.27291715015084705,1.0,1
"iteration_2","SCOPE_DATA_COLLECTION",1500,13,850.0,910.0,1,8911,6698,1882,9170,6542,1992,8669,6539,1794,199,160,85,0.022440234551195308,0.023884161815196297,0.04523682810005322,0.31686307966943633,0.6114419910382666,0.9883918047447642,0.6337261593388727,0.6114419910382666,0.6589278698298427,0.2511246971969085,0.30723352194525155,0.30824972129319955,100.0,100.0,5409,10224,1858,86,358,0,0.015899426881124053,0.03501564945226917,0.0,0.8500000000000001,0.4,0.2,0.6000000000000001,45.0,35.0,90.0,0.8500000000000001,0.4,0.2,0.6000000000000001,45.0,35.0,90.0,6660,6238,422,6660,0.06336336336336336,0.6328002331498247,1.0,0.6328002331498247,1954,0.31324142353318374,1.0,1
"iteration_2","SCOPE_DATA_COLLECTION",1500,13,850.0,910.0,2,8911,6698,1882,9170,6542,1992,8669,6539,1794,199,160,85,0.022440234551195308,0.023884161815196297,0.04523682810005322,0.31686307966943633,0.6114419910382666,0.9883918047447642,0.6337261593388727,0.6114419910382666,0.6589278698298427,0.2511246971969085,0.30723352194525155,0.30824972129319955,100.0,100.0,5409,10224,1858,86,358,0,0.015899426881124053,0.03501564945226917,0.0,0.8500000000000001,0.4,0.2,0.6000000000000001,45.0,35.0,90.0,0.8500000000000001,0.4,0.2,0.6000000000000001,45.0,35.0,90.0,1921,1783,138,1921,0.07183758459135867,1.0111072841658413,1.5,0.6740715227772275,563,0.31575995513180033,1.0,1
"iteration_2","SCOPE_DATA_COLLECTION",1500,14,910.0,970.0,0,9151,6660,1921,8911,6698,1882,8648,6260,1785,533,422,139,0.058054678139636204,0.06315474408859623,0.07224532224532225,0.33734316003088805,0.6353411767629302,1.0139222983607363,0.6746863200617761,0.6353411767629302,0.6759481989071575,0.27474560592044406,0.315814696485623,0.3187675070028011,100.0,100.0,5450,10449,1833,74,1020,0,0.013577981651376147,0.09761699684180304,0.0,0.8500000000000001,0.4,0.2,0.6000000000000001,45.0,35.0,90.0,0.75,0.5,0.2,0.5,55.0,45.0,80.0,9288,9198,90,9288,0.009689922480620155,0.3127949781794973,0.5,0.6255899563589946,2400,0.2609262883235486,1.0,1
"iteration_2","SCOPE_DATA_COLLECTION",1500,14,910.0,970.0,1,9151,6660,1921,8911,6698,1882,8648,6260,1785,533,422,139,0.058054678139636204,0.06315474408859623,0.07224532224532225,0.33734316003088805,0.6353411767629302,1.0139222983607363,0.6746863200617761,0.6353411767629302,0.6759481989071575,0.27474560592044406,0.315814696485623,0.3187675070028011,100.0,100.0,5450,10449,1833,74,1020,0,0.013577981651376147,0.09761699684180304,0.0,0.8500000000000001,0.4,0.2,0.6000000000000001,45.0,35.0,90.0,0.75,0.5,0.2,0.5,55.0,45.0,80.0,6631,6538,93,6631,0.014025033931533705,0.579492700568607,1.0,0.579492700568607,1904,0.291220556745182,1.0,1
"iteration_2","SCOPE_DATA_COLLECTION",1500,14,910.0,970.0,2,9151,6660,1921,8911,6698,1882,8648,6260,1785,533,422,139,0.058054678139636204,0.06315474408859623,0.07224532224532225,0.33734316003088805,0.6353411767629302,1.0139222983607363,0.6746863200617761,0.6353411767629302,0.6759481989071575,0.27474560592044406,0.315814696485623,0.3187675070028011,100.0,100.0,5450,10449,1833,74,1020,0,0.013577981651376147,0.09761699684180304,0.0,0.8500000000000001,0.4,0.2,0.6000000000000001,45.0,35.0,90.0,0.75,0.5,0.2,0.5,55.0,45.0,80.0,1860,1812,48,1860,0.025806451612903226,0.9812241438677012,1.5,0.6541494292451341,552,0.304635761589404,1.0,1
"iteration_2","SCOPE_DATA_COLLECTION",1500,15,970.0,1030.0,0,9288,6631,1860,9151,6660,1921,9208,6543,1817,90,93,48,0.009679500967950097,0.014014466546112115,0.025737265415549597,0.3147585105311455,0.5819907461486241,0.9836280886463455,0.629517021062291,0.5819907461486241,0.6557520590975637,0.26303214596003477,0.2926791991441235,0.30599889928453494,97.5,100.0,5444,9171,3164,75,156,0,0.013776634827332844,0.01701014066077854,0.0,0.75,0.5,0.2,0.5,55.0,45.0,80.0,0.45,0.2,0.5,0.5,55.0,85.0,90.0,9107,5666,3441,9107,0.3778412210387614,0.39496042192552067,0.5,0.7899208438510413,2257,0.3983409812919167,1.0,1
"iteration_2","SCOPE_DATA_COLLECTION",1500,15,970.0,1030.0,1,9288,6631,1860,9151,6660,1921,9208,6543,1817,90,93,48,0.009679500967950097,0.014014466546112115,0.025737265415549597,0.3147585105311455,0.5819907461486241,0.9836280886463455,0.629517021062291,0.5819907461486241,0.6557520590975637,0.26303214596003477,0.2926791991441235,0.30599889928453494,97.5,100.0,5444,9171,3164,75,156,0,0.013776634827332844,0.01701014066077854,0.0,0.75,0.5,0.2,0.5,55.0,45.0,80.0,0.45,0.2,0.5,0.5,55.0,85.0,90.0,6691,4188,2503,6691,0.3740845912419668,0.8453232582743277,1.0,0.8453232582743277,2011,0.48018147086915,1.0,1
"iteration_2","SCOPE_DATA_COLLECTION",1500,15,970.0,1030.0,2,9288,6631,1860,9151,6660,1921,9208,6543,1817,90,93,48,0.009679500967950097,0.014014466546112115,0.025737265415549597,0.3147585105311455,0.5819907461486241,0.9836280886463455,0.629517021062291,0.5819907461486241,0.6557520590975637,0.26303214596003477,0.2926791991441235,0.30599889928453494,97.5,100.0,5444,9171,3164,75,156,0,0.013776634827332844,0.01701014066077854,0.0,0.75,0.5,0.2,0.5,55.0,45.0,80.0,0.45,0.2,0.5,0.5,55.0,85.0,90.0,2010,1212,798,2010,0.3970149253731343,1.279120794383055,1.5,0.85274719625537,559,0.4612211221122112,1.0,1
"iteration_2","SCOPE_DATA_COLLECTION",1500,16,1030.0,1090.0,0,9107,6691,2010,9288,6631,1860,5683,4192,1221,3440,2503,798,0.37706894661843693,0.3738610903659447,0.3952451708766716,0.39467959294166305,0.8396483275492028,1.270348169192547,0.7893591858833261,0.8396483275492028,0.8468987794616979,0.3980292099243357,0.47662213740458015,0.45782145782145783,100.0,100.0,5663,5487,6658,137,3,6601,0.02419212431573371,5.467468562055768E-4,0.9914388705316912,0.45,0.2,0.5,0.5,55.0,85.0,90.0,0.4,0.4,0.5,0.8,30.0,85.0,80.0,9006,5248,3758,9006,0.4172773706417944,0.43823104517950334,0.5,0.8764620903590067,2280,0.4344512195121951,1.0,1
"iteration_2","SCOPE_DATA_COLLECTION",1500,16,1030.0,1090.0,1,9107,6691,2010,9288,6631,1860,5683,4192,1221,3440,2503,798,0.37706894661843693,0.3738610903659447,0.3952451708766716,0.39467959294166305,0.8396483275492028,1.270348169192547,0.7893591858833261,0.8396483275492028,0.8468987794616979,0.3980292099243357,0.47662213740458015,0.45782145782145783,100.0,100.0,5663,5487,6658,137,3,6601,0.02419212431573371,5.467468562055768E-4,0.9914388705316912,0.45,0.2,0.5,0.5,55.0,85.0,90.0,0.4,0.4,0.5,0.8,30.0,85.0,80.0,6661,3872,2789,6661,0.4187059000150128,0.9096668804525982,1.0,0.9096668804525982,2026,0.5232438016528925,1.0,1
"iteration_2","SCOPE_DATA_COLLECTION",1500,16,1030.0,1090.0,2,9107,6691,2010,9288,6631,1860,5683,4192,1221,3440,2503,798,0.37706894661843693,0.3738610903659447,0.3952451708766716,0.39467959294166305,0.8396483275492028,1.270348169192547,0.7893591858833261,0.8396483275492028,0.8468987794616979,0.3980292099243357,0.47662213740458015,0.45782145782145783,100.0,100.0,5663,5487,6658,137,3,6601,0.02419212431573371,5.467468562055768E-4,0.9914388705316912,0.45,0.2,0.5,0.5,55.0,85.0,90.0,0.4,0.4,0.5,0.8,30.0,85.0,80.0,1958,1106,852,1958,0.4351378958120531,1.3508271507683645,1.5,0.9005514338455763,551,0.49819168173598555,1.0,1
"iteration_2","SCOPE_DATA_COLLECTION",1500,17,1090.0,1150.0,0,9006,6661,1958,9107,6691,2010,5227,3844,1102,3759,2788,852,0.418317382595148,0.4203860072376357,0.436028659160696,0.43433701470757613,0.9045747873555147,1.3542152338977504,0.8686740294151523,0.9045747873555147,0.9028101559318337,0.430839869906256,0.5210718002081165,0.49909255898366606,97.5,100.0,5631,4744,7250,145,4,7250,0.02575031077961286,8.431703204047217E-4,1.0,0.4,0.4,0.5,0.8,30.0,85.0,80.0,0.4,0.4,0.5,0.8,30.0,85.0,80.0,9084,5332,3752,9084,0.41303390576838395,0.42260781133088426,0.5,0.8452156226617685,2291,0.42966991747936983,1.0,1
"iteration_2","SCOPE_DATA_COLLECTION",1500,17,1090.0,1150.0,1,9006,6661,1958,9107,6691,2010,5227,3844,1102,3759,2788,852,0.418317382595148,0.4203860072376357,0.436028659160696,0.43433701470757613,0.9045747873555147,1.3542152338977504,0.8686740294151523,0.9045747873555147,0.9028101559318337,0.430839869906256,0.5210718002081165,0.49909255898366606,97.5,100.0,5631,4744,7250,145,4,7250,0.02575031077961286,8.431703204047217E-4,1.0,0.4,0.4,0.5,0.8,30.0,85.0,80.0,0.4,0.4,0.5,0.8,30.0,85.0,80.0,6650,3796,2854,6650,0.4291729323308271,0.8995765483198243,1.0,0.8995765483198243,1952,0.5142255005268704,1.0,1
"iteration_2","SCOPE_DATA_COLLECTION",1500,17,1090.0,1150.0,2,9006,6661,1958,9107,6691,2010,5227,3844,1102,3759,2788,852,0.418317382595148,0.4203860072376357,0.436028659160696,0.43433701470757613,0.9045747873555147,1.3542152338977504,0.8686740294151523,0.9045747873555147,0.9028101559318337,0.430839869906256,0.5210718002081165,0.49909255898366606,97.5,100.0,5631,4744,7250,145,4,7250,0.02575031077961286,8.431703204047217E-4,1.0,0.4,0.4,0.5,0.8,30.0,85.0,80.0,0.4,0.4,0.5,0.8,30.0,85.0,80.0,1944,1058,886,1944,0.455761316872428,1.4127781279743317,1.5,0.9418520853162211,568,0.5368620037807184,1.0,1
"iteration_2","SCOPE_DATA_COLLECTION",1500,18,1150.0,1210.0,0,9084,6650,1944,9006,6661,1958,5348,3826,1055,3752,2855,886,0.4123076923076923,0.4273312378386469,0.4564657393096342,0.4254502998415312,0.9063984099027798,1.413127995386477,0.8509005996830624,0.9063984099027798,0.9420853302576514,0.4317501869857891,0.5167276529012023,0.5364928909952607,97.5,100.0,5577,4772,7329,159,5,7329,0.028509951586874662,0.0010477787091366304,1.0,0.4,0.4,0.5,0.8,30.0,85.0,80.0,0.4,0.4,0.5,0.8,30.0,85.0,80.0,9150,5378,3772,9150,0.4122404371584699,0.44281913977593984,0.5,0.8856382795518797,2363,0.43938267013759763,1.0,1
"iteration_2","SCOPE_DATA_COLLECTION",1500,18,1150.0,1210.0,1,9084,6650,1944,9006,6661,1958,5348,3826,1055,3752,2855,886,0.4123076923076923,0.4273312378386469,0.4564657393096342,0.4254502998415312,0.9063984099027798,1.413127995386477,0.8509005996830624,0.9063984099027798,0.9420853302576514,0.4317501869857891,0.5167276529012023,0.5364928909952607,97.5,100.0,5577,4772,7329,159,5,7329,0.028509951586874662,0.0010477787091366304,1.0,0.4,0.4,0.5,0.8,30.0,85.0,80.0,0.4,0.4,0.5,0.8,30.0,85.0,80.0,6713,3882,2831,6713,0.42171905258453746,0.9228814927227637,1.0,0.9228814927227637,2024,0.521380731581659,1.0,1
"iteration_2","SCOPE_DATA_COLLECTION",1500,18,1150.0,1210.0,2,9084,6650,1944,9006,6661,1958,5348,3826,1055,3752,2855,886,0.4123076923076923,0.4273312378386469,0.4564657393096342,0.4254502998415312,0.9063984099027798,1.413127995386477,0.8509005996830624,0.9063984099027798,0.9420853302576514,0.4317501869857891,0.5167276529012023,0.5364928909952607,97.5,100.0,5577,4772,7329,159,5,7329,0.028509951586874662,0.0010477787091366304,1.0,0.4,0.4,0.5,0.8,30.0,85.0,80.0,0.4,0.4,0.5,0.8,30.0,85.0,80.0,1955,1076,879,1955,0.449616368286445,1.3674189848599647,1.5,0.9116126565733098,548,0.5092936802973977,1.0,1
"iteration_2","SCOPE_DATA_COLLECTION",1500,19,1210.0,1270.0,0,9150,6713,1955,9084,6650,1944,5357,3867,1079,3772,2831,879,0.41318873918282395,0.42266348163630935,0.4489274770173647,0.44109718768991796,0.9160139608572846,1.3666694724066795,0.8821943753798359,0.9160139608572846,0.911112981604453,0.43755833488893037,0.5197827773467805,0.5097312326227988,100.0,100.0,5670,4851,7297,178,7,7297,0.03139329805996473,0.001443001443001443,1.0,0.4,0.4,0.5,0.8,30.0,85.0,80.0,0.15000000000000002,0.2,0.4,0.2,35.0,25.0,95.0,9019,3648,5371,9019,0.5955205676904313,0.5036271721669086,0.5,1.007254344333817,1969,0.5397478070175439,1.0,1
"iteration_2","SCOPE_DATA_COLLECTION",1500,19,1210.0,1270.0,1,9150,6713,1955,9084,6650,1944,5357,3867,1079,3772,2831,879,0.41318873918282395,0.42266348163630935,0.4489274770173647,0.44109718768991796,0.9160139608572846,1.3666694724066795,0.8821943753798359,0.9160139608572846,0.911112981604453,0.43755833488893037,0.5197827773467805,0.5097312326227988,100.0,100.0,5670,4851,7297,178,7,7297,0.03139329805996473,0.001443001443001443,1.0,0.4,0.4,0.5,0.8,30.0,85.0,80.0,0.15000000000000002,0.2,0.4,0.2,35.0,25.0,95.0,6658,2724,3934,6658,0.5908681285671373,1.1704716410683493,1.0,1.1704716410683493,1998,0.7334801762114538,1.0,1
"iteration_2","SCOPE_DATA_COLLECTION",1500,19,1210.0,1270.0,2,9150,6713,1955,9084,6650,1944,5357,3867,1079,3772,2831,879,0.41318873918282395,0.42266348163630935,0.4489274770173647,0.44109718768991796,0.9160139608572846,1.3666694724066795,0.8821943753798359,0.9160139608572846,0.911112981604453,0.43755833488893037,0.5197827773467805,0.5097312326227988,100.0,100.0,5670,4851,7297,178,7,7297,0.03139329805996473,0.001443001443001443,1.0,0.4,0.4,0.5,0.8,30.0,85.0,80.0,0.15000000000000002,0.2,0.4,0.2,35.0,25.0,95.0,1917,754,1163,1917,0.6066770996348461,1.8073565178897069,1.5,1.2049043452598045,565,0.7493368700265252,1.0,1
"iteration_2","SCOPE_DATA_COLLECTION",1500,20,1270.0,1330.0,0,9019,6658,1917,9150,6713,1955,3675,2738,749,5371,3934,1163,0.5937430908688923,0.5896282973621103,0.6082635983263598,0.5069150563209528,1.1759814256665226,1.806099170005688,1.0138301126419056,1.1759814256665226,1.2040661133371253,0.5434013605442177,0.733382030679328,0.7476635514018691,100.0,100.0,5431,1770,10393,73,2,10393,0.013441355183207512,0.0011299435028248588,1.0,0.15000000000000002,0.2,0.4,0.2,35.0,25.0,95.0,0.15000000000000002,0.2,0.4,0.1,25.0,25.0,95.0,8992,3717,5275,8992,0.5866325622775801,0.4910746588993809,0.5,0.9821493177987618,1975,0.5313424804950229,1.0,1
"iteration_2","SCOPE_DATA_COLLECTION",1500,20,1270.0,1330.0,1,9019,6658,1917,9150,6713,1955,3675,2738,749,5371,3934,1163,0.5937430908688923,0.5896282973621103,0.6082635983263598,0.5069150563209528,1.1759814256665226,1.806099170005688,1.0138301126419056,1.1759814256665226,1.2040661133371253,0.5434013605442177,0.733382030679328,0.7476635514018691,100.0,100.0,5431,1770,10393,73,2,10393,0.013441355183207512,0.0011299435028248588,1.0,0.15000000000000002,0.2,0.4,0.2,35.0,25.0,95.0,0.15000000000000002,0.2,0.4,0.1,25.0,25.0,95.0,6553,2659,3894,6553,0.5942316496261254,1.136378223066452,1.0,1.136378223066452,1937,0.728469349379466,1.0,1
"iteration_2","SCOPE_DATA_COLLECTION",1500,20,1270.0,1330.0,2,9019,6658,1917,9150,6713,1955,3675,2738,749,5371,3934,1163,0.5937430908688923,0.5896282973621103,0.6082635983263598,0.5069150563209528,1.1759814256665226,1.806099170005688,1.0138301126419056,1.1759814256665226,1.2040661133371253,0.5434013605442177,0.733382030679328,0.7476635514018691,100.0,100.0,5431,1770,10393,73,2,10393,0.013441355183207512,0.0011299435028248588,1.0,0.15000000000000002,0.2,0.4,0.2,35.0,25.0,95.0,0.15000000000000002,0.2,0.4,0.1,25.0,25.0,95.0,1929,768,1161,1929,0.6018662519440124,1.729066137904203,1.5,1.152710758602802,562,0.7317708333333334,1.0,1
"iteration_2","SCOPE_DATA_COLLECTION",1500,21,1330.0,1390.0,0,8992,6553,1929,9019,6658,1917,3712,2647,775,5275,3894,1161,0.5869589406921109,0.5953218162360495,0.5996900826446281,0.49106627301873795,1.1367973736552626,1.7283247495506977,0.9821325460374759,1.1367973736552626,1.1522164997004651,0.5304418103448276,0.7287495277672837,0.7303225806451613,97.5,100.0,5384,1821,10269,59,2,10269,0.010958395245170876,0.001098297638660077,1.0,0.15000000000000002,0.2,0.4,0.1,25.0,25.0,95.0,0.05,0.1,0.5,0.1,20.0,25.0,95.0,9098,3141,5957,9098,0.6547592877555507,0.5363049502368644,0.5,1.0726099004737288,1822,0.5800700413880929,1.0,1
"iteration_2","SCOPE_DATA_COLLECTION",1500,21,1330.0,1390.0,1,8992,6553,1929,9019,6658,1917,3712,2647,775,5275,3894,1161,0.5869589406921109,0.5953218162360495,0.5996900826446281,0.49106627301873795,1.1367973736552626,1.7283247495506977,0.9821325460374759,1.1367973736552626,1.1522164997004651,0.5304418103448276,0.7287495277672837,0.7303225806451613,97.5,100.0,5384,1821,10269,59,2,10269,0.010958395245170876,0.001098297638660077,1.0,0.15000000000000002,0.2,0.4,0.1,25.0,25.0,95.0,0.05,0.1,0.5,0.1,20.0,25.0,95.0,6627,2211,4416,6627,0.666364870982345,1.3634392022729476,1.0,1.3634392022729476,1948,0.8810492989597467,1.0,1
"iteration_2","SCOPE_DATA_COLLECTION",1500,21,1330.0,1390.0,2,8992,6553,1929,9019,6658,1917,3712,2647,775,5275,3894,1161,0.5869589406921109,0.5953218162360495,0.5996900826446281,0.49106627301873795,1.1367973736552626,1.7283247495506977,0.9821325460374759,1.1367973736552626,1.1522164997004651,0.5304418103448276,0.7287495277672837,0.7303225806451613,97.5,100.0,5384,1821,10269,59,2,10269,0.010958395245170876,0.001098297638660077,1.0,0.15000000000000002,0.2,0.4,0.1,25.0,25.0,95.0,0.05,0.1,0.5,0.1,20.0,25.0,95.0,1968,661,1307,1968,0.6641260162601627,2.0363266919893146,1.5,1.3575511279928765,591,0.8940998487140696,1.0,1
"iteration_2","SCOPE_DATA_COLLECTION",1500,22,1390.0,1450.0,0,9098,6627,1968,8992,6553,1929,3147,2229,656,5957,4416,1307,0.6543277680140598,0.6645598194130925,0.6658176260825267,0.535341334572242,1.363154015346489,2.034639193064023,1.070682669144484,1.363154015346489,1.3564261287093486,0.5805529075309819,0.879766711529834,0.8932926829268293,97.5,100.0,5479,591,11623,56,1,11623,0.010220843219565614,0.001692047377326565,1.0,0.05,0.1,0.5,0.1,20.0,25.0,95.0,0.15000000000000002,0.2,0.6000000000000001,0.1,20.0,25.0,85.0,8988,3674,5314,8988,0.5912327547841566,0.5151435189175699,0.5,1.0302870378351399,2070,0.5634186173108329,1.0,1
"iteration_2","SCOPE_DATA_COLLECTION",1500,22,1390.0,1450.0,1,9098,6627,1968,8992,6553,1929,3147,2229,656,5957,4416,1307,0.6543277680140598,0.6645598194130925,0.6658176260825267,0.535341334572242,1.363154015346489,2.034639193064023,1.070682669144484,1.363154015346489,1.3564261287093486,0.5805529075309819,0.879766711529834,0.8932926829268293,97.5,100.0,5479,591,11623,56,1,11623,0.010220843219565614,0.001692047377326565,1.0,0.05,0.1,0.5,0.1,20.0,25.0,95.0,0.15000000000000002,0.2,0.6000000000000001,0.1,20.0,25.0,85.0,6641,2732,3909,6641,0.5886161722632134,1.1748291968314504,1.0,1.1748291968314504,1982,0.7254758418740849,1.0,1
"iteration_2","SCOPE_DATA_COLLECTION",1500,22,1390.0,1450.0,2,9098,6627,1968,8992,6553,1929,3147,2229,656,5957,4416,1307,0.6543277680140598,0.6645598194130925,0.6658176260825267,0.535341334572242,1.363154015346489,2.034639193064023,1.070682669144484,1.363154015346489,1.3564261287093486,0.5805529075309819,0.879766711529834,0.8932926829268293,97.5,100.0,5479,591,11623,56,1,11623,0.010220843219565614,0.001692047377326565,1.0,0.05,0.1,0.5,0.1,20.0,25.0,95.0,0.15000000000000002,0.2,0.6000000000000001,0.1,20.0,25.0,85.0,1914,770,1144,1914,0.5977011494252874,1.7061686403312033,1.5,1.1374457602208021,556,0.7220779220779221,1.0,1
"iteration_2","SCOPE_DATA_COLLECTION",1500,23,1450.0,1510.0,0,8988,6641,1914,9098,6627,1968,3666,2708,781,5314,3909,1144,0.5917594654788418,0.590751095662687,0.5942857142857143,0.5148655088626048,1.1675837337082302,1.7131251374285177,1.0297310177252097,1.1675837337082302,1.142083424952345,0.5627386797599564,0.723781388478582,0.7259923175416133,100.0,100.0,5426,1811,10306,58,3,10306,0.010689273866568375,0.0016565433462175593,1.0,0.15000000000000002,0.2,0.6000000000000001,0.1,20.0,25.0,85.0,0.25,0.2,0.7000000000000001,0.1,20.0,25.0,85.0,9021,4261,4760,9021,0.5276576876177808,0.4497347098254653,0.5,0.8994694196509306,2028,0.47594461394038956,1.0,1
"iteration_2","SCOPE_DATA_COLLECTION",1500,23,1450.0,1510.0,1,8988,6641,1914,9098,6627,1968,3666,2708,781,5314,3909,1144,0.5917594654788418,0.590751095662687,0.5942857142857143,0.5148655088626048,1.1675837337082302,1.7131251374285177,1.0297310177252097,1.1675837337082302,1.142083424952345,0.5627386797599564,0.723781388478582,0.7259923175416133,100.0,100.0,5426,1811,10306,58,3,10306,0.010689273866568375,0.0016565433462175593,1.0,0.15000000000000002,0.2,0.6000000000000001,0.1,20.0,25.0,85.0,0.25,0.2,0.7000000000000001,0.1,20.0,25.0,85.0,6759,3224,3535,6759,0.5230063618878532,1.0243340040790474,1.0,1.0243340040790474,1971,0.6113523573200993,1.0,1
"iteration_2","SCOPE_DATA_COLLECTION",1500,23,1450.0,1510.0,2,8988,6641,1914,9098,6627,1968,3666,2708,781,5314,3909,1144,0.5917594654788418,0.590751095662687,0.5942857142857143,0.5148655088626048,1.1675837337082302,1.7131251374285177,1.0297310177252097,1.1675837337082302,1.142083424952345,0.5627386797599564,0.723781388478582,0.7259923175416133,100.0,100.0,5426,1811,10306,58,3,10306,0.010689273866568375,0.0016565433462175593,1.0,0.15000000000000002,0.2,0.6000000000000001,0.1,20.0,25.0,85.0,0.25,0.2,0.7000000000000001,0.1,20.0,25.0,85.0,1933,878,1055,1933,0.545783755819969,1.5571052116734778,1.5,1.0380701411156519,569,0.6480637813211845,1.0,1
"iteration_2","SCOPE_DATA_COLLECTION",1500,24,1510.0,1570.0,0,9021,6759,1933,8988,6641,1914,4275,3240,871,4760,3535,1055,0.5268400664084117,0.5217712177121772,0.547767393561786,0.451318673265255,1.0339900045918997,1.5561297815690056,0.90263734653051,1.0339900045918997,1.0374198543793371,0.4774269005847953,0.6151234567901235,0.6475315729047072,100.0,100.0,5377,3045,9291,56,3,9291,0.010414729403012832,9.852216748768472E-4,1.0,0.25,0.2,0.7000000000000001,0.1,20.0,25.0,85.0,0.15000000000000002,0.30000000000000004,0.6000000000000001,0.1,20.0,20.0,75.0,9205,3709,5496,9205,0.5970668115154807,0.5452985407491854,0.5,1.0905970814983708,2184,0.5888379617147479,1.0,1
"iteration_2","SCOPE_DATA_COLLECTION",1500,24,1510.0,1570.0,1,9021,6759,1933,8988,6641,1914,4275,3240,871,4760,3535,1055,0.5268400664084117,0.5217712177121772,0.547767393561786,0.451318673265255,1.0339900045918997,1.5561297815690056,0.90263734653051,1.0339900045918997,1.0374198543793371,0.4774269005847953,0.6151234567901235,0.6475315729047072,100.0,100.0,5377,3045,9291,56,3,9291,0.010414729403012832,9.852216748768472E-4,1.0,0.25,0.2,0.7000000000000001,0.1,20.0,25.0,85.0,0.15000000000000002,0.30000000000000004,0.6000000000000001,0.1,20.0,20.0,75.0,6703,2740,3963,6703,0.5912278084439803,1.1896389526583795,1.0,1.1896389526583795,1979,0.7222627737226277,1.0,1
"iteration_2","SCOPE_DATA_COLLECTION",1500,24,1510.0,1570.0,2,9021,6759,1933,8988,6641,1914,4275,3240,871,4760,3535,1055,0.5268400664084117,0.5217712177121772,0.547767393561786,0.451318673265255,1.0339900045918997,1.5561297815690056,0.90263734653051,1.0339900045918997,1.0374198543793371,0.4774269005847953,0.6151234567901235,0.6475315729047072,100.0,100.0,5377,3045,9291,56,3,9291,0.010414729403012832,9.852216748768472E-4,1.0,0.25,0.2,0.7000000000000001,0.1,20.0,25.0,85.0,0.15000000000000002,0.30000000000000004,0.6000000000000001,0.1,20.0,20.0,75.0,1990,801,1189,1990,0.5974874371859297,1.7052403518675572,1.5,1.136826901245038,577,0.7203495630461922,1.0,1
"iteration_2","SCOPE_DATA_COLLECTION",1500,25,1570.0,1630.0,0,9205,6703,1990,9021,6759,1933,3692,2749,799,5496,3963,1189,0.5981715280801044,0.590435041716329,0.5980885311871227,0.5438945393848397,1.1840875999174512,1.7069755152125263,1.0877890787696793,1.1840875999174512,1.1379836768083509,0.5872156013001083,0.7206256820662059,0.7196495619524406,100.0,100.0,5417,1927,10554,91,3,10554,0.016798966217463542,0.0015568240788790867,1.0,0.15000000000000002,0.30000000000000004,0.6000000000000001,0.1,20.0,20.0,75.0,0.25,0.2,0.6000000000000001,0.1,20.0,20.0,85.0,9026,4320,4706,9026,0.5213826722800797,0.46295279152595464,0.5,0.9259055830519093,2114,0.48935185185185187,1.0,1
"iteration_2","SCOPE_DATA_COLLECTION",1500,25,1570.0,1630.0,1,9205,6703,1990,9021,6759,1933,3692,2749,799,5496,3963,1189,0.5981715280801044,0.590435041716329,0.5980885311871227,0.5438945393848397,1.1840875999174512,1.7069755152125263,1.0877890787696793,1.1840875999174512,1.1379836768083509,0.5872156013001083,0.7206256820662059,0.7196495619524406,100.0,100.0,5417,1927,10554,91,3,10554,0.016798966217463542,0.0015568240788790867,1.0,0.15000000000000002,0.30000000000000004,0.6000000000000001,0.1,20.0,20.0,75.0,0.25,0.2,0.6000000000000001,0.1,20.0,20.0,85.0,6654,3224,3430,6654,0.5154794108806733,1.0429817391154854,1.0,1.0429817391154854,2023,0.6274813895781638,1.0,1
"iteration_2","SCOPE_DATA_COLLECTION",1500,25,1570.0,1630.0,2,9205,6703,1990,9021,6759,1933,3692,2749,799,5496,3963,1189,0.5981715280801044,0.590435041716329,0.5980885311871227,0.5438945393848397,1.1840875999174512,1.7069755152125263,1.0877890787696793,1.1840875999174512,1.1379836768083509,0.5872156013001083,0.7206256820662059,0.7196495619524406,100.0,100.0,5417,1927,10554,91,3,10554,0.016798966217463542,0.0015568240788790867,1.0,0.15000000000000002,0.30000000000000004,0.6000000000000001,0.1,20.0,20.0,75.0,0.25,0.2,0.6000000000000001,0.1,20.0,20.0,85.0,1960,920,1040,1960,0.5306122448979592,1.4958513750715605,1.5,0.997234250047707,565,0.6141304347826086,1.0,1
"iteration_2","SCOPE_DATA_COLLECTION",1500,26,1630.0,1690.0,0,9026,6654,1960,9205,6703,1990,4320,3212,920,4706,3430,1040,0.5213826722800797,0.5164107196627522,0.5306122448979592,0.4632669672858902,1.0434746077075039,1.4955032365693361,0.9265339345717803,1.0434746077075039,0.9970021577128908,0.48935185185185187,0.6276463262764632,0.6141304347826086,100.0,100.0,5460,3071,9109,66,1,9109,0.012087912087912088,3.2562683165092806E-4,1.0,0.25,0.2,0.6000000000000001,0.1,20.0,20.0,85.0,0.25,0.1,0.5,0.2,30.0,30.0,75.0,9087,4397,4690,9087,0.5161219324309453,0.440930562789839,0.5,0.881861125579678,2011,0.4573572890607232,1.0,1
"iteration_2","SCOPE_DATA_COLLECTION",1500,26,1630.0,1690.0,1,9026,6654,1960,9205,6703,1990,4320,3212,920,4706,3430,1040,0.5213826722800797,0.5164107196627522,0.5306122448979592,0.4632669672858902,1.0434746077075039,1.4955032365693361,0.9265339345717803,1.0434746077075039,0.9970021577128908,0.48935185185185187,0.6276463262764632,0.6141304347826086,100.0,100.0,5460,3071,9109,66,1,9109,0.012087912087912088,3.2562683165092806E-4,1.0,0.25,0.2,0.6000000000000001,0.1,20.0,20.0,85.0,0.25,0.1,0.5,0.2,30.0,30.0,75.0,6671,3218,3453,6671,0.5176135511917254,1.0660723510758674,1.0,1.0660723510758674,2013,0.6255438160348042,1.0,1
"iteration_2","SCOPE_DATA_COLLECTION",1500,26,1630.0,1690.0,2,9026,6654,1960,9205,6703,1990,4320,3212,920,4706,3430,1040,0.5213826722800797,0.5164107196627522,0.5306122448979592,0.4632669672858902,1.0434746077075039,1.4955032365693361,0.9265339345717803,1.0434746077075039,0.9970021577128908,0.48935185185185187,0.6276463262764632,0.6141304347826086,100.0,100.0,5460,3071,9109,66,1,9109,0.012087912087912088,3.2562683165092806E-4,1.0,0.25,0.2,0.6000000000000001,0.1,20.0,20.0,85.0,0.25,0.1,0.5,0.2,30.0,30.0,75.0,1958,924,1034,1958,0.5280898876404494,1.556181240642679,1.5,1.0374541604284526,574,0.6212121212121212,1.0,1
"iteration_2","SCOPE_DATA_COLLECTION",1500,27,1690.0,1750.0,0,9087,6671,1958,9026,6654,1960,4406,3234,918,4690,3453,1034,0.5156112576956904,0.5163750560789592,0.5297131147540983,0.44126660366507026,1.066068611953029,1.552344734191668,0.8825332073301405,1.066068611953029,1.0348964894611121,0.4584657285519746,0.6255411255411255,0.6209150326797386,97.5,100.0,5553,3068,9095,81,1,9095,0.014586709886547812,3.259452411994785E-4,1.0,0.25,0.1,0.5,0.2,30.0,30.0,75.0,0.25,0.7000000000000001,0.6000000000000001,0.7000000000000001,90.0,85.0,40.0,9207,4441,4766,9207,0.517649614423808,0.5318741489290643,0.5,1.0637482978581285,2440,0.5494258049988742,1.0,1
"iteration_2","SCOPE_DATA_COLLECTION",1500,27,1690.0,1750.0,1,9087,6671,1958,9026,6654,1960,4406,3234,918,4690,3453,1034,0.5156112576956904,0.5163750560789592,0.5297131147540983,0.44126660366507026,1.066068611953029,1.552344734191668,0.8825332073301405,1.066068611953029,1.0348964894611121,0.4584657285519746,0.6255411255411255,0.6209150326797386,97.5,100.0,5553,3068,9095,81,1,9095,0.014586709886547812,3.259452411994785E-4,1.0,0.25,0.1,0.5,0.2,30.0,30.0,75.0,0.25,0.7000000000000001,0.6000000000000001,0.7000000000000001,90.0,85.0,40.0,6635,3117,3518,6635,0.5302185380557649,1.0430050044206858,1.0,1.0430050044206858,1927,0.6182226499839589,1.0,1
"iteration_2","SCOPE_DATA_COLLECTION",1500,27,1690.0,1750.0,2,9087,6671,1958,9026,6654,1960,4406,3234,918,4690,3453,1034,0.5156112576956904,0.5163750560789592,0.5297131147540983,0.44126660366507026,1.066068611953029,1.552344734191668,0.8825332073301405,1.066068611953029,1.0348964894611121,0.4584657285519746,0.6255411255411255,0.6209150326797386,97.5,100.0,5553,3068,9095,81,1,9095,0.014586709886547812,3.259452411994785E-4,1.0,0.25,0.1,0.5,0.2,30.0,30.0,75.0,0.25,0.7000000000000001,0.6000000000000001,0.7000000000000001,90.0,85.0,40.0,1971,913,1058,1971,0.5367833587011669,1.6032829843717604,1.5,1.068855322914507,573,0.6276013143483024,1.0,1
"iteration_2","SCOPE_DATA_COLLECTION",1500,28,1750.0,1810.0,0,9207,6635,1971,9087,6671,1958,4436,3106,916,4766,3518,1058,0.5179308845903065,0.5310990338164251,0.53596757852077,0.5304152885489667,1.041961886787009,1.602792781343742,1.0608305770979334,1.041961886787009,1.068528520895828,0.5480162308385933,0.6178364455891823,0.62882096069869,100.0,100.0,5617,3025,9171,165,6,9171,0.02937511126936087,0.0019834710743801653,1.0,0.25,0.7000000000000001,0.6000000000000001,0.7000000000000001,90.0,85.0,40.0,0.25,0.7000000000000001,0.6000000000000001,0.7000000000000001,90.0,85.0,40.0,9177,4475,4702,9177,0.5123678762122698,0.5111822906410091,0.5,1.0223645812820181,2382,0.532290502793296,1.0,1
"iteration_2","SCOPE_DATA_COLLECTION",1500,28,1750.0,1810.0,1,9207,6635,1971,9087,6671,1958,4436,3106,916,4766,3518,1058,0.5179308845903065,0.5310990338164251,0.53596757852077,0.5304152885489667,1.041961886787009,1.602792781343742,1.0608305770979334,1.041961886787009,1.068528520895828,0.5480162308385933,0.6178364455891823,0.62882096069869,100.0,100.0,5617,3025,9171,165,6,9171,0.02937511126936087,0.0019834710743801653,1.0,0.25,0.7000000000000001,0.6000000000000001,0.7000000000000001,90.0,85.0,40.0,0.25,0.7000000000000001,0.6000000000000001,0.7000000000000001,90.0,85.0,40.0,6648,3143,3505,6648,0.5272262334536703,1.0567605546616614,1.0,1.0567605546616614,1982,0.630607699650016,1.0,1
"iteration_2","SCOPE_DATA_COLLECTION",1500,28,1750.0,1810.0,2,9207,6635,1971,9087,6671,1958,4436,3106,916,4766,3518,1058,0.5179308845903065,0.5310990338164251,0.53596757852077,0.5304152885489667,1.041961886787009,1.602792781343742,1.0608305770979334,1.041961886787009,1.068528520895828,0.5480162308385933,0.6178364455891823,0.62882096069869,100.0,100.0,5617,3025,9171,165,6,9171,0.02937511126936087,0.0019834710743801653,1.0,0.25,0.7000000000000001,0.6000000000000001,0.7000000000000001,90.0,85.0,40.0,0.25,0.7000000000000001,0.6000000000000001,0.7000000000000001,90.0,85.0,40.0,1924,889,1035,1924,0.5379417879417879,1.6205254070058854,1.5,1.080350271337257,567,0.6377952755905512,1.0,1
"iteration_2","SCOPE_DATA_COLLECTION",1500,29,1810.0,1870.0,0,9177,6648,1924,9207,6635,1971,4466,3139,886,4702,3505,1035,0.5128708551483421,0.5275436484045756,0.53878188443519,0.5094754199494538,1.0572290258256236,1.6105586563124468,1.0189508398989076,1.0572290258256236,1.0737057708749644,0.5311240483654277,0.6304555590952533,0.6343115124153499,100.0,100.0,5649,3018,9082,159,1,9082,0.028146574614976102,3.313452617627568E-4,1.0,0.25,0.7000000000000001,0.6000000000000001,0.7000000000000001,90.0,85.0,40.0,0.35000000000000003,0.4,0.6000000000000001,0.7000000000000001,35.0,20.0,70.0,9058,4956,4102,9058,0.4528593508500773,0.44783265792571436,0.5,0.8956653158514287,2275,0.4590395480225989,1.0,1
"iteration_2","SCOPE_DATA_COLLECTION",1500,29,1810.0,1870.0,1,9177,6648,1924,9207,6635,1971,4466,3139,886,4702,3505,1035,0.5128708551483421,0.5275436484045756,0.53878188443519,0.5094754199494538,1.0572290258256236,1.6105586563124468,1.0189508398989076,1.0572290258256236,1.0737057708749644,0.5311240483654277,0.6304555590952533,0.6343115124153499,100.0,100.0,5649,3018,9082,159,1,9082,0.028146574614976102,3.313452617627568E-4,1.0,0.25,0.7000000000000001,0.6000000000000001,0.7000000000000001,90.0,85.0,40.0,0.35000000000000003,0.4,0.6000000000000001,0.7000000000000001,35.0,20.0,70.0,6741,3704,3037,6741,0.45052662809672156,0.9266231708684948,1.0,0.9266231708684948,1993,0.5380669546436285,1.0,1
"iteration_2","SCOPE_DATA_COLLECTION",1500,29,1810.0,1870.0,2,9177,6648,1924,9207,6635,1971,4466,3139,886,4702,3505,1035,0.5128708551483421,0.5275436484045756,0.53878188443519,0.5094754199494538,1.0572290258256236,1.6105586563124468,1.0189508398989076,1.0572290258256236,1.0737057708749644,0.5311240483654277,0.6304555590952533,0.6343115124153499,100.0,100.0,5649,3018,9082,159,1,9082,0.028146574614976102,3.313452617627568E-4,1.0,0.25,0.7000000000000001,0.6000000000000001,0.7000000000000001,90.0,85.0,40.0,0.35000000000000003,0.4,0.6000000000000001,0.7000000000000001,35.0,20.0,70.0,1943,1005,938,1943,0.4827586206896552,1.4562971005996754,1.5,0.970864733733117,554,0.5512437810945273,1.0,1
"iteration_2","SCOPE_DATA_COLLECTION",1500,30,1870.0,1930.0,0,9058,6741,1943,9177,6648,1924,4962,3707,1014,4102,3037,938,0.4525595763459841,0.4503262158956109,0.4805327868852459,0.4502321282141354,0.9257571485837652,1.462296706262651,0.9004642564282708,0.9257571485837652,0.9748644708417674,0.4619105199516324,0.5381710277852711,0.5532544378698225,100.0,100.0,5613,4232,7897,177,3,7897,0.03153393907001603,7.088846880907373E-4,1.0,0.35000000000000003,0.4,0.6000000000000001,0.7000000000000001,35.0,20.0,70.0,0.4,0.1,0.6000000000000001,0.8,70.0,95.0,85.0,9097,5446,3651,9097,0.40134110146202046,0.3796178763448312,0.5,0.7592357526896624,2011,0.36926184355490266,1.0,1
"iteration_2","SCOPE_DATA_COLLECTION",1500,30,1870.0,1930.0,1,9058,6741,1943,9177,6648,1924,4962,3707,1014,4102,3037,938,0.4525595763459841,0.4503262158956109,0.4805327868852459,0.4502321282141354,0.9257571485837652,1.462296706262651,0.9004642564282708,0.9257571485837652,0.9748644708417674,0.4619105199516324,0.5381710277852711,0.5532544378698225,100.0,100.0,5613,4232,7897,177,3,7897,0.03153393907001603,7.088846880907373E-4,1.0,0.35000000000000003,0.4,0.6000000000000001,0.7000000000000001,35.0,20.0,70.0,0.4,0.1,0.6000000000000001,0.8,70.0,95.0,85.0,6631,3900,2731,6631,0.411853415774393,0.9212600069524359,1.0,0.9212600069524359,2088,0.5353846153846153,1.0,1
"iteration_2","SCOPE_DATA_COLLECTION",1500,30,1870.0,1930.0,2,9058,6741,1943,9177,6648,1924,4962,3707,1014,4102,3037,938,0.4525595763459841,0.4503262158956109,0.4805327868852459,0.4502321282141354,0.9257571485837652,1.462296706262651,0.9004642564282708,0.9257571485837652,0.9748644708417674,0.4619105199516324,0.5381710277852711,0.5532544378698225,100.0,100.0,5613,4232,7897,177,3,7897,0.03153393907001603,7.088846880907373E-4,1.0,0.35000000000000003,0.4,0.6000000000000001,0.7000000000000001,35.0,20.0,70.0,0.4,0.1,0.6000000000000001,0.8,70.0,95.0,85.0,1919,1098,821,1919,0.42782699322563833,1.3086922521458133,1.5,0.8724615014305422,535,0.4872495446265938,1.0,1
"iteration_2","SCOPE_DATA_COLLECTION",1500,31,1930.0,1990.0,0,9097,6631,1919,9058,6741,1943,5453,3884,1089,3651,2731,821,0.40103251318101935,0.4128495842781557,0.42984293193717277,0.3805497919041355,0.9186889321440588,1.3106526721551566,0.761099583808271,0.9186889321440588,0.8737684481034377,0.3693379790940767,0.5345005149330587,0.48760330578512395,100.0,100.0,5792,4725,7130,131,2,7070,0.02261740331491713,4.232804232804233E-4,0.9915848527349228,0.4,0.1,0.6000000000000001,0.8,70.0,95.0,85.0,0.65,0.8,0.2,0.2,60.0,50.0,60.0,9221,8516,705,9221,0.07645591584426852,0.3537544805454345,0.5,0.707508961090869,2449,0.28757632691404417,1.0,1
"iteration_2","SCOPE_DATA_COLLECTION",1500,31,1930.0,1990.0,1,9097,6631,1919,9058,6741,1943,5453,3884,1089,3651,2731,821,0.40103251318101935,0.4128495842781557,0.42984293193717277,0.3805497919041355,0.9186889321440588,1.3106526721551566,0.761099583808271,0.9186889321440588,0.8737684481034377,0.3693379790940767,0.5345005149330587,0.48760330578512395,100.0,100.0,5792,4725,7130,131,2,7070,0.02261740331491713,4.232804232804233E-4,0.9915848527349228,0.4,0.1,0.6000000000000001,0.8,70.0,95.0,85.0,0.65,0.8,0.2,0.2,60.0,50.0,60.0,6652,6080,572,6652,0.08598917618761275,0.6464882405581774,1.0,0.6464882405581774,1965,0.32319078947368424,1.0,1
"iteration_2","SCOPE_DATA_COLLECTION",1500,31,1930.0,1990.0,2,9097,6631,1919,9058,6741,1943,5453,3884,1089,3651,2731,821,0.40103251318101935,0.4128495842781557,0.42984293193717277,0.3805497919041355,0.9186889321440588,1.3106526721551566,0.761099583808271,0.9186889321440588,0.8737684481034377,0.3693379790940767,0.5345005149330587,0.48760330578512395,100.0,100.0,5792,4725,7130,131,2,7070,0.02261740331491713,4.232804232804233E-4,0.9915848527349228,0.4,0.1,0.6000000000000001,0.8,70.0,95.0,85.0,0.65,0.8,0.2,0.2,60.0,50.0,60.0,1916,1739,177,1916,0.09237995824634655,1.050246610474776,1.5,0.700164406983184,574,0.3300747556066705,1.0,1
"iteration_2","SCOPE_DATA_COLLECTION",1500,32,1990.0,2050.0,0,9221,6652,1916,9097,6631,1919,8512,6075,1734,705,572,177,0.07648909623521753,0.08605385888370694,0.09262166405023547,0.3538771957743812,0.652058439144735,1.0565015498512824,0.7077543915487624,0.652058439144735,0.7043343665675216,0.2880639097744361,0.325761316872428,0.33275663206459055,97.5,100.0,5344,8089,4356,60,5,1389,0.01122754491017964,6.181233774261342E-4,0.31887052341597794,0.65,0.8,0.2,0.2,60.0,50.0,60.0,0.65,0.7000000000000001,0.2,0.30000000000000004,60.0,60.0,50.0,9077,8186,891,9077,0.09816018508317727,0.357101228201557,0.5,0.714202456403114,2365,0.28890789152211094,1.0,1
"iteration_2","SCOPE_DATA_COLLECTION",1500,32,1990.0,2050.0,1,9221,6652,1916,9097,6631,1919,8512,6075,1734,705,572,177,0.07648909623521753,0.08605385888370694,0.09262166405023547,0.3538771957743812,0.652058439144735,1.0565015498512824,0.7077543915487624,0.652058439144735,0.7043343665675216,0.2880639097744361,0.325761316872428,0.33275663206459055,97.5,100.0,5344,8089,4356,60,5,1389,0.01122754491017964,6.181233774261342E-4,0.31887052341597794,0.65,0.8,0.2,0.2,60.0,50.0,60.0,0.65,0.7000000000000001,0.2,0.30000000000000004,60.0,60.0,50.0,6684,6019,665,6684,0.09949132256134051,0.6443972611079435,1.0,0.6443972611079435,1968,0.32696461206180427,1.0,1
"iteration_2","SCOPE_DATA_COLLECTION",1500,32,1990.0,2050.0,2,9221,6652,1916,9097,6631,1919,8512,6075,1734,705,572,177,0.07648909623521753,0.08605385888370694,0.09262166405023547,0.3538771957743812,0.652058439144735,1.0565015498512824,0.7077543915487624,0.652058439144735,0.7043343665675216,0.2880639097744361,0.325761316872428,0.33275663206459055,97.5,100.0,5344,8089,4356,60,5,1389,0.01122754491017964,6.181233774261342E-4,0.31887052341597794,0.65,0.8,0.2,0.2,60.0,50.0,60.0,0.65,0.7000000000000001,0.2,0.30000000000000004,60.0,60.0,50.0,2037,1794,243,2037,0.11929307805596466,1.0489260667124107,1.5,0.6992840444749405,603,0.33612040133779264,1.0,1
"iteration_2","SCOPE_DATA_COLLECTION",1500,33,2050.0,2110.0,0,9077,6684,2037,9221,6652,1916,8176,6029,1792,891,665,243,0.09826844601301422,0.09934269495070212,0.1194103194103194,0.3563358017933139,0.6452012166310651,1.0449217590920867,0.7126716035866278,0.6452012166310651,0.6966145060613912,0.28791585127201563,0.3269198872118096,0.33426339285714285,100.0,100.0,5297,8080,4421,83,10,1706,0.015669246743439683,0.0012376237623762376,0.38588554625650306,0.65,0.7000000000000001,0.2,0.30000000000000004,60.0,60.0,50.0,0.05,0.8,0.2,0.1,85.0,85.0,45.0,9159,3154,6005,9159,0.6556392619281581,0.6568928616193426,0.5,1.3137857232386851,2314,0.7336715282181357,1.0,1
"iteration_2","SCOPE_DATA_COLLECTION",1500,33,2050.0,2110.0,1,9077,6684,2037,9221,6652,1916,8176,6029,1792,891,665,243,0.09826844601301422,0.09934269495070212,0.1194103194103194,0.3563358017933139,0.6452012166310651,1.0449217590920867,0.7126716035866278,0.6452012166310651,0.6966145060613912,0.28791585127201563,0.3269198872118096,0.33426339285714285,100.0,100.0,5297,8080,4421,83,10,1706,0.015669246743439683,0.0012376237623762376,0.38588554625650306,0.65,0.7000000000000001,0.2,0.30000000000000004,60.0,60.0,50.0,0.05,0.8,0.2,0.1,85.0,85.0,45.0,6660,2247,4413,6660,0.6626126126126126,1.238327309306027,1.0,1.238327309306027,1895,0.8433466844681798,1.0,1
"iteration_2","SCOPE_DATA_COLLECTION",1500,33,2050.0,2110.0,2,9077,6684,2037,9221,6652,1916,8176,6029,1792,891,665,243,0.09826844601301422,0.09934269495070212,0.1194103194103194,0.3563358017933139,0.6452012166310651,1.0449217590920867,0.7126716035866278,0.6452012166310651,0.6966145060613912,0.28791585127201563,0.3269198872118096,0.33426339285714285,100.0,100.0,5297,8080,4421,83,10,1706,0.015669246743439683,0.0012376237623762376,0.38588554625650306,0.65,0.7000000000000001,0.2,0.30000000000000004,60.0,60.0,50.0,0.05,0.8,0.2,0.1,85.0,85.0,45.0,1967,621,1346,1967,0.6842907981698018,2.0297944598535653,1.5,1.3531963065690435,556,0.895330112721417,1.0,1
"iteration_2","SCOPE_DATA_COLLECTION",1500,34,2110.0,2170.0,0,9159,6660,1967,9077,6684,2037,3161,2262,639,6005,4413,1346,0.6551385555313114,0.661123595505618,0.6780856423173803,0.6552088696942394,1.2299086209644456,2.008249865067653,1.3104177393884788,1.2299086209644456,1.3388332433784351,0.7301486871243278,0.8359858532272325,0.8826291079812206,95.0,100.0,5379,632,11775,49,0,11715,0.00910949990704592,0.0,0.9949044585987261,0.05,0.8,0.2,0.1,85.0,85.0,45.0,0.4,0.7000000000000001,0.8,0.6000000000000001,70.0,35.0,50.0,9238,5382,3856,9238,0.4174063650140723,0.43208955994026893,0.5,0.8641791198805379,2312,0.4295800817539948,1.0,1
"iteration_2","SCOPE_DATA_COLLECTION",1500,34,2110.0,2170.0,1,9159,6660,1967,9077,6684,2037,3161,2262,639,6005,4413,1346,0.6551385555313114,0.661123595505618,0.6780856423173803,0.6552088696942394,1.2299086209644456,2.008249865067653,1.3104177393884788,1.2299086209644456,1.3388332433784351,0.7301486871243278,0.8359858532272325,0.8826291079812206,95.0,100.0,5379,632,11775,49,0,11715,0.00910949990704592,0.0,0.9949044585987261,0.05,0.8,0.2,0.1,85.0,85.0,45.0,0.4,0.7000000000000001,0.8,0.6000000000000001,70.0,35.0,50.0,6684,3895,2789,6684,0.4172651107121484,0.8814242144432227,1.0,0.8814242144432227,1963,0.5039794608472401,1.0,1
"iteration_2","SCOPE_DATA_COLLECTION",1500,34,2110.0,2170.0,2,9159,6660,1967,9077,6684,2037,3161,2262,639,6005,4413,1346,0.6551385555313114,0.661123595505618,0.6780856423173803,0.6552088696942394,1.2299086209644456,2.008249865067653,1.3104177393884788,1.2299086209644456,1.3388332433784351,0.7301486871243278,0.8359858532272325,0.8826291079812206,95.0,100.0,5379,632,11775,49,0,11715,0.00910949990704592,0.0,0.9949044585987261,0.05,0.8,0.2,0.1,85.0,85.0,45.0,0.4,0.7000000000000001,0.8,0.6000000000000001,70.0,35.0,50.0,1921,1127,794,1921,0.41332639250390424,1.3400212257236468,1.5,0.8933474838157646,558,0.4951197870452529,1.0,1
"iteration_2","SCOPE_DATA_COLLECTION",1500,35,2170.0,2230.0,0,9238,6684,1921,9159,6660,1967,5384,3899,1119,3856,2789,794,0.4173160173160173,0.4170155502392344,0.41505488761108206,0.4336613507946382,0.8787334648862893,1.3289088012475088,0.8673227015892764,0.8787334648862893,0.8859392008316725,0.43183506686478457,0.5050012823800974,0.4906166219839142,95.0,100.0,5547,4954,7342,152,6,7281,0.027402199387056066,0.0012111425111021397,0.9916916371560882,0.4,0.7000000000000001,0.8,0.6000000000000001,70.0,35.0,50.0,0.4,0.7000000000000001,0.8,0.6000000000000001,70.0,35.0,50.0,9013,5246,3767,9013,0.4179518473316321,0.4413363694664861,0.5,0.8826727389329722,2260,0.43080442241707967,1.0,1
"iteration_2","SCOPE_DATA_COLLECTION",1500,35,2170.0,2230.0,1,9238,6684,1921,9159,6660,1967,5384,3899,1119,3856,2789,794,0.4173160173160173,0.4170155502392344,0.41505488761108206,0.4336613507946382,0.8787334648862893,1.3289088012475088,0.8673227015892764,0.8787334648862893,0.8859392008316725,0.43183506686478457,0.5050012823800974,0.4906166219839142,95.0,100.0,5547,4954,7342,152,6,7281,0.027402199387056066,0.0012111425111021397,0.9916916371560882,0.4,0.7000000000000001,0.8,0.6000000000000001,70.0,35.0,50.0,0.4,0.7000000000000001,0.8,0.6000000000000001,70.0,35.0,50.0,6608,3737,2871,6608,0.43447336561743344,0.9026875605255856,1.0,0.9026875605255856,1904,0.5094995986085095,1.0,1
"iteration_2","SCOPE_DATA_COLLECTION",1500,35,2170.0,2230.0,2,9238,6684,1921,9159,6660,1967,5384,3899,1119,3856,2789,794,0.4173160173160173,0.4170155502392344,0.41505488761108206,0.4336613507946382,0.8787334648862893,1.3289088012475088,0.8673227015892764,0.8787334648862893,0.8859392008316725,0.43183506686478457,0.5050012823800974,0.4906166219839142,95.0,100.0,5547,4954,7342,152,6,7281,0.027402199387056066,0.0012111425111021397,0.9916916371560882,0.4,0.7000000000000001,0.8,0.6000000000000001,70.0,35.0,50.0,0.4,0.7000000000000001,0.8,0.6000000000000001,70.0,35.0,50.0,1963,1137,826,1963,0.42078451349974527,1.3560250997169259,1.5,0.9040167331446173,572,0.5030782761653474,1.0,1
"iteration_2","SCOPE_DATA_COLLECTION",1500,36,2230.0,2290.0,0,9013,6608,1963,9238,6684,1921,5255,3721,1141,3767,2871,826,0.4175349146530703,0.4355279126213592,0.4199288256227758,0.4412701307261353,0.9023002527187112,1.3698210914607567,0.8825402614522706,0.9023002527187112,0.9132140609738378,0.43044719314938157,0.5081967213114754,0.50920245398773,100.0,100.0,5494,4798,7292,165,7,7292,0.030032763014197307,0.0014589412255106293,1.0,0.4,0.7000000000000001,0.8,0.6000000000000001,70.0,35.0,50.0,0.75,0.8,0.1,0.4,55.0,25.0,40.0,9160,9087,73,9160,0.00796943231441048,0.31077899049417995,0.5,0.6215579809883599,2256,0.24826675470452295,1.0,1
"iteration_2","SCOPE_DATA_COLLECTION",1500,36,2230.0,2290.0,1,9013,6608,1963,9238,6684,1921,5255,3721,1141,3767,2871,826,0.4175349146530703,0.4355279126213592,0.4199288256227758,0.4412701307261353,0.9023002527187112,1.3698210914607567,0.8825402614522706,0.9023002527187112,0.9132140609738378,0.43044719314938157,0.5081967213114754,0.50920245398773,100.0,100.0,5494,4798,7292,165,7,7292,0.030032763014197307,0.0014589412255106293,1.0,0.4,0.7000000000000001,0.8,0.6000000000000001,70.0,35.0,50.0,0.75,0.8,0.1,0.4,55.0,25.0,40.0,6593,6526,67,6593,0.010162293341422721,0.5672528932248919,1.0,0.5672528932248919,1922,0.2945142506895495,1.0,1
"iteration_2","SCOPE_DATA_COLLECTION",1500,36,2230.0,2290.0,2,9013,6608,1963,9238,6684,1921,5255,3721,1141,3767,2871,826,0.4175349146530703,0.4355279126213592,0.4199288256227758,0.4412701307261353,0.9023002527187112,1.3698210914607567,0.8825402614522706,0.9023002527187112,0.9132140609738378,0.43044719314938157,0.5081967213114754,0.50920245398773,100.0,100.0,5494,4798,7292,165,7,7292,0.030032763014197307,0.0014589412255106293,1.0,0.4,0.7000000000000001,0.8,0.6000000000000001,70.0,35.0,50.0,0.75,0.8,0.1,0.4,55.0,25.0,40.0,1958,1915,43,1958,0.021961184882533197,0.9590370405808,1.5,0.6393580270538667,572,0.29869451697127936,1.0,1
"iteration_2","SCOPE_DATA_COLLECTION",1500,37,2290.0,2350.0,0,9160,6593,1958,9013,6608,1963,9053,6516,1913,73,67,43,0.007999123383738769,0.01017773051800091,0.02198364008179959,0.3103066992868922,0.5703433622875452,0.9592737305674848,0.6206133985737844,0.5703433622875452,0.6395158203783232,0.24765271180824036,0.2961939840392879,0.29848405645582854,100.0,100.0,5380,9311,3020,70,97,16,0.013011152416356878,0.010417785415100418,0.005298013245033113,0.75,0.8,0.1,0.4,55.0,25.0,40.0,0.4,0.30000000000000004,0.8,0.4,95.0,65.0,55.0,9152,5382,3770,9152,0.4119318181818182,0.4225057651607288,0.5,0.8450115303214576,2277,0.4230769230769231,1.0,1
"iteration_2","SCOPE_DATA_COLLECTION",1500,37,2290.0,2350.0,1,9160,6593,1958,9013,6608,1963,9053,6516,1913,73,67,43,0.007999123383738769,0.01017773051800091,0.02198364008179959,0.3103066992868922,0.5703433622875452,0.9592737305674848,0.6206133985737844,0.5703433622875452,0.6395158203783232,0.24765271180824036,0.2961939840392879,0.29848405645582854,100.0,100.0,5380,9311,3020,70,97,16,0.013011152416356878,0.010417785415100418,0.005298013245033113,0.75,0.8,0.1,0.4,55.0,25.0,40.0,0.4,0.30000000000000004,0.8,0.4,95.0,65.0,55.0,6648,3851,2797,6648,0.4207280385078219,0.916343133976491,1.0,0.916343133976491,1970,0.5115554401454168,1.0,1
"iteration_2","SCOPE_DATA_COLLECTION",1500,37,2290.0,2350.0,2,9160,6593,1958,9013,6608,1963,9053,6516,1913,73,67,43,0.007999123383738769,0.01017773051800091,0.02198364008179959,0.3103066992868922,0.5703433622875452,0.9592737305674848,0.6206133985737844,0.5703433622875452,0.6395158203783232,0.24765271180824036,0.2961939840392879,0.29848405645582854,100.0,100.0,5380,9311,3020,70,97,16,0.013011152416356878,0.010417785415100418,0.005298013245033113,0.75,0.8,0.1,0.4,55.0,25.0,40.0,0.4,0.30000000000000004,0.8,0.4,95.0,65.0,55.0,1917,1090,827,1917,0.43140323422013566,1.38252129639978,1.5,0.92168086426652,564,0.5174311926605505,1.0,1
"iteration_2","SCOPE_DATA_COLLECTION",1500,38,2350.0,2410.0,0,9152,6648,1917,9160,6593,1958,5398,3849,1087,3770,2797,827,0.4112129144851658,0.42085464941318085,0.4320794148380355,0.42050225172140687,0.9052865082669067,1.3714799261244928,0.8410045034428137,0.9052865082669067,0.9143199507496619,0.42108188217858467,0.506884905170174,0.5133394664213431,100.0,100.0,5586,4855,7276,162,3,7229,0.02900107411385607,6.179196704428424E-4,0.9935404068169323,0.4,0.30000000000000004,0.8,0.4,95.0,65.0,55.0,0.30000000000000004,0.30000000000000004,0.8,0.30000000000000004,95.0,65.0,55.0,9054,4734,4320,9054,0.47713717693836977,0.45467869819222295,0.5,0.9093573963844459,2249,0.4750739332488382,1.0,1
"iteration_2","SCOPE_DATA_COLLECTION",1500,38,2350.0,2410.0,1,9152,6648,1917,9160,6593,1958,5398,3849,1087,3770,2797,827,0.4112129144851658,0.42085464941318085,0.4320794148380355,0.42050225172140687,0.9052865082669067,1.3714799261244928,0.8410045034428137,0.9052865082669067,0.9143199507496619,0.42108188217858467,0.506884905170174,0.5133394664213431,100.0,100.0,5586,4855,7276,162,3,7229,0.02900107411385607,6.179196704428424E-4,0.9935404068169323,0.4,0.30000000000000004,0.8,0.4,95.0,65.0,55.0,0.30000000000000004,0.30000000000000004,0.8,0.30000000000000004,95.0,65.0,55.0,6786,3429,3357,6786,0.4946949602122016,1.0098466987061296,1.0,1.0098466987061296,2029,0.5917177019539225,1.0,1
"iteration_2","SCOPE_DATA_COLLECTION",1500,38,2350.0,2410.0,2,9152,6648,1917,9160,6593,1958,5398,3849,1087,3770,2797,827,0.4112129144851658,0.42085464941318085,0.4320794148380355,0.42050225172140687,0.9052865082669067,1.3714799261244928,0.8410045034428137,0.9052865082669067,0.9143199507496619,0.42108188217858467,0.506884905170174,0.5133394664213431,100.0,100.0,5586,4855,7276,162,3,7229,0.02900107411385607,6.179196704428424E-4,0.9935404068169323,0.4,0.30000000000000004,0.8,0.4,95.0,65.0,55.0,0.30000000000000004,0.30000000000000004,0.8,0.30000000000000004,95.0,65.0,55.0,1956,969,987,1956,0.504601226993865,1.4627586698587336,1.5,0.975172446572489,549,0.56656346749226,1.0,1
"iteration_2","SCOPE_DATA_COLLECTION",1500,39,2410.0,2470.0,0,9054,6786,1956,9152,6648,1917,4740,3428,978,4320,3357,987,0.4768211920529801,0.4947678703021371,0.5022900763358779,0.45621456598378907,1.0148221144806373,1.473224899102699,0.9124291319675781,1.0148221144806373,0.9821499327351327,0.4751054852320675,0.5921820303383898,0.5705521472392638,100.0,100.0,5545,3702,8549,115,0,8549,0.020739404869251576,0.0,1.0,0.30000000000000004,0.30000000000000004,0.8,0.30000000000000004,95.0,65.0,55.0,0.5,0.6000000000000001,0.6000000000000001,0.9,80.0,30.0,35.0,9203,6178,3025,9203,0.3286971639682712,0.4087792318744016,0.5,0.8175584637488033,2365,0.3828099708643574,1.0,1
"iteration_2","SCOPE_DATA_COLLECTION",1500,39,2410.0,2470.0,1,9054,6786,1956,9152,6648,1917,4740,3428,978,4320,3357,987,0.4768211920529801,0.4947678703021371,0.5022900763358779,0.45621456598378907,1.0148221144806373,1.473224899102699,0.9124291319675781,1.0148221144806373,0.9821499327351327,0.4751054852320675,0.5921820303383898,0.5705521472392638,100.0,100.0,5545,3702,8549,115,0,8549,0.020739404869251576,0.0,1.0,0.30000000000000004,0.30000000000000004,0.8,0.30000000000000004,95.0,65.0,55.0,0.5,0.6000000000000001,0.6000000000000001,0.9,80.0,30.0,35.0,6698,4444,2254,6698,0.3365183636906539,0.816564930320755,1.0,0.816564930320755,2007,0.45162016201620164,1.0,1
"iteration_2","SCOPE_DATA_COLLECTION",1500,39,2410.0,2470.0,2,9054,6786,1956,9152,6648,1917,4740,3428,978,4320,3357,987,0.4768211920529801,0.4947678703021371,0.5022900763358779,0.45621456598378907,1.0148221144806373,1.473224899102699,0.9124291319675781,1.0148221144806373,0.9821499327351327,0.4751054852320675,0.5921820303383898,0.5705521472392638,100.0,100.0,5545,3702,8549,115,0,8549,0.020739404869251576,0.0,1.0,0.30000000000000004,0.30000000000000004,0.8,0.30000000000000004,95.0,65.0,55.0,0.5,0.6000000000000001,0.6000000000000001,0.9,80.0,30.0,35.0,1950,1293,657,1950,0.33692307692307694,1.2232649735418277,1.5,0.8155099823612185,555,0.42923433874709976,1.0,1
"iteration_2","SCOPE_DATA_COLLECTION",1500,40,2470.0,2530.0,0,9203,6698,1950,9054,6786,1956,6168,4457,1290,3025,2254,657,0.329054715544436,0.3358664878557592,0.337442218798151,0.4067479462924602,0.8176140819043517,1.221628416626971,0.8134958925849204,0.8176140819043517,0.8144189444179807,0.38132295719844356,0.4534440206416872,0.42868217054263563,97.5,100.0,5562,6298,5991,161,8,5767,0.028946422150305646,0.0012702445220704986,0.9626105825404774,0.5,0.6000000000000001,0.6000000000000001,0.9,80.0,30.0,35.0,0.25,0.8,0.4,0.8,45.0,90.0,55.0,9170,4480,4690,9170,0.5114503816793893,0.5103077426550843,0.5,1.0206154853101685,2400,0.5357142857142857,1.0,1
"iteration_2","SCOPE_DATA_COLLECTION",1500,40,2470.0,2530.0,1,9203,6698,1950,9054,6786,1956,6168,4457,1290,3025,2254,657,0.329054715544436,0.3358664878557592,0.337442218798151,0.4067479462924602,0.8176140819043517,1.221628416626971,0.8134958925849204,0.8176140819043517,0.8144189444179807,0.38132295719844356,0.4534440206416872,0.42868217054263563,97.5,100.0,5562,6298,5991,161,8,5767,0.028946422150305646,0.0012702445220704986,0.9626105825404774,0.5,0.6000000000000001,0.6000000000000001,0.9,80.0,30.0,35.0,0.25,0.8,0.4,0.8,45.0,90.0,55.0,6697,3197,3500,6697,0.5226220695833955,1.0399704760236388,1.0,1.0399704760236388,2017,0.6309039724741946,1.0,1
"iteration_2","SCOPE_DATA_COLLECTION",1500,40,2470.0,2530.0,2,9203,6698,1950,9054,6786,1956,6168,4457,1290,3025,2254,657,0.329054715544436,0.3358664878557592,0.337442218798151,0.4067479462924602,0.8176140819043517,1.221628416626971,0.8134958925849204,0.8176140819043517,0.8144189444179807,0.38132295719844356,0.4534440206416872,0.42868217054263563,97.5,100.0,5562,6298,5991,161,8,5767,0.028946422150305646,0.0012702445220704986,0.9626105825404774,0.5,0.6000000000000001,0.6000000000000001,0.9,80.0,30.0,35.0,0.25,0.8,0.4,0.8,45.0,90.0,55.0,1831,855,976,1831,0.5330420535226652,1.626850597037032,1.5,1.0845670646913546,543,0.6350877192982456,1.0,1
"iteration_2","SCOPE_DATA_COLLECTION",1500,41,2530.0,2590.0,0,9170,6697,1831,9203,6698,1950,4491,3200,854,4690,3500,976,0.5108375993900447,0.5223880597014925,0.5333333333333333,0.512944744477876,1.0379110880009599,1.629950280381056,1.025889488955752,1.0379110880009599,1.0866335202540374,0.5379648185259408,0.6290625,0.6358313817330211,97.5,100.0,5655,3036,9007,157,2,9007,0.027763041556145004,6.587615283267457E-4,1.0,0.25,0.8,0.4,0.8,45.0,90.0,55.0,0.25,0.8,0.5,0.1,50.0,85.0,55.0,9122,4239,4883,9122,0.5352992764744574,0.5016693360751189,0.5,1.0033386721502378,2194,0.5175748997405049,1.0,1
"iteration_2","SCOPE_DATA_COLLECTION",1500,41,2530.0,2590.0,1,9170,6697,1831,9203,6698,1950,4491,3200,854,4690,3500,976,0.5108375993900447,0.5223880597014925,0.5333333333333333,0.512944744477876,1.0379110880009599,1.629950280381056,1.025889488955752,1.0379110880009599,1.0866335202540374,0.5379648185259408,0.6290625,0.6358313817330211,97.5,100.0,5655,3036,9007,157,2,9007,0.027763041556145004,6.587615283267457E-4,1.0,0.25,0.8,0.4,0.8,45.0,90.0,55.0,0.25,0.8,0.5,0.1,50.0,85.0,55.0,6836,3218,3618,6836,0.529256875365711,1.037995969857474,1.0,1.037995969857474,1986,0.6171535114978247,1.0,1
"iteration_2","SCOPE_DATA_COLLECTION",1500,41,2530.0,2590.0,2,9170,6697,1831,9203,6698,1950,4491,3200,854,4690,3500,976,0.5108375993900447,0.5223880597014925,0.5333333333333333,0.512944744477876,1.0379110880009599,1.629950280381056,1.025889488955752,1.0379110880009599,1.0866335202540374,0.5379648185259408,0.6290625,0.6358313817330211,97.5,100.0,5655,3036,9007,157,2,9007,0.027763041556145004,6.587615283267457E-4,1.0,0.25,0.8,0.4,0.8,45.0,90.0,55.0,0.25,0.8,0.5,0.1,50.0,85.0,55.0,1928,893,1035,1928,0.5368257261410788,1.5099506898365351,1.5,1.0066337932243568,558,0.6248600223964166,1.0,1
"iteration_2","SCOPE_DATA_COLLECTION",1500,42,2590.0,2650.0,0,9122,6836,1928,9170,6697,1831,4252,3209,898,4883,3617,1035,0.5345374931581828,0.5298857310284207,0.5354371443352303,0.501667284619254,1.0382970326226126,1.5129420881280677,1.003334569238508,1.0382970326226126,1.008628058752045,0.5190498588899342,0.6163913991897787,0.6247216035634744,100.0,100.0,5363,3058,9465,69,1,9465,0.01286593324631736,3.270111183780249E-4,1.0,0.25,0.8,0.5,0.1,50.0,85.0,55.0,0.25,0.8,0.4,0.1,60.0,85.0,55.0,9133,4266,4867,9133,0.5329026606810467,0.5091068310772152,0.5,1.0182136621544304,2268,0.5316455696202531,1.0,1
"iteration_2","SCOPE_DATA_COLLECTION",1500,42,2590.0,2650.0,1,9122,6836,1928,9170,6697,1831,4252,3209,898,4883,3617,1035,0.5345374931581828,0.5298857310284207,0.5354371443352303,0.501667284619254,1.0382970326226126,1.5129420881280677,1.003334569238508,1.0382970326226126,1.008628058752045,0.5190498588899342,0.6163913991897787,0.6247216035634744,100.0,100.0,5363,3058,9465,69,1,9465,0.01286593324631736,3.270111183780249E-4,1.0,0.25,0.8,0.5,0.1,50.0,85.0,55.0,0.25,0.8,0.4,0.1,60.0,85.0,55.0,6587,3141,3446,6587,0.5231516623652649,0.9915934054201033,1.0,0.9915934054201033,1891,0.6020375676536135,1.0,1
"iteration_2","SCOPE_DATA_COLLECTION",1500,42,2590.0,2650.0,2,9122,6836,1928,9170,6697,1831,4252,3209,898,4883,3617,1035,0.5345374931581828,0.5298857310284207,0.5354371443352303,0.501667284619254,1.0382970326226126,1.5129420881280677,1.003334569238508,1.0382970326226126,1.008628058752045,0.5190498588899342,0.6163913991897787,0.6247216035634744,100.0,100.0,5363,3058,9465,69,1,9465,0.01286593324631736,3.270111183780249E-4,1.0,0.25,0.8,0.5,0.1,50.0,85.0,55.0,0.25,0.8,0.4,0.1,60.0,85.0,55.0,1980,861,1119,1980,0.5651515151515152,1.5650105228027014,1.5,1.0433403485351342,562,0.6527293844367015,1.0,1
"iteration_2","SCOPE_DATA_COLLECTION",1500,43,2650.0,2710.0,0,9133,6587,1980,9122,6836,1928,4273,3141,865,4867,3447,1119,0.5324945295404814,0.523224043715847,0.5640120967741935,0.5103424527989903,0.9971339460273417,1.5638516546253929,1.0206849055979805,0.9971339460273417,1.042567769750262,0.5328808799438334,0.6045845272206304,0.6520231213872832,100.0,100.0,5351,2997,9352,71,10,9352,0.013268547934965427,0.00333667000333667,1.0,0.25,0.8,0.4,0.1,60.0,85.0,55.0,0.35000000000000003,0.8,0.30000000000000004,0.1,70.0,85.0,55.0,9184,4874,4310,9184,0.469294425087108,0.4435643634582484,0.5,0.8871287269164968,2197,0.4507591300779647,1.0,1
"iteration_2","SCOPE_DATA_COLLECTION",1500,43,2650.0,2710.0,1,9133,6587,1980,9122,6836,1928,4273,3141,865,4867,3447,1119,0.5324945295404814,0.523224043715847,0.5640120967741935,0.5103424527989903,0.9971339460273417,1.5638516546253929,1.0206849055979805,0.9971339460273417,1.042567769750262,0.5328808799438334,0.6045845272206304,0.6520231213872832,100.0,100.0,5351,2997,9352,71,10,9352,0.013268547934965427,0.00333667000333667,1.0,0.25,0.8,0.4,0.1,60.0,85.0,55.0,0.35000000000000003,0.8,0.30000000000000004,0.1,70.0,85.0,55.0,6747,3645,3102,6747,0.45975989328590483,0.8796629954477674,1.0,0.8796629954477674,1914,0.5251028806584362,1.0,1
"iteration_2","SCOPE_DATA_COLLECTION",1500,43,2650.0,2710.0,2,9133,6587,1980,9122,6836,1928,4273,3141,865,4867,3447,1119,0.5324945295404814,0.523224043715847,0.5640120967741935,0.5103424527989903,0.9971339460273417,1.5638516546253929,1.0206849055979805,0.9971339460273417,1.042567769750262,0.5328808799438334,0.6045845272206304,0.6520231213872832,100.0,100.0,5351,2997,9352,71,10,9352,0.013268547934965427,0.00333667000333667,1.0,0.25,0.8,0.4,0.1,60.0,85.0,55.0,0.35000000000000003,0.8,0.30000000000000004,0.1,70.0,85.0,55.0,1969,1068,901,1969,0.457592686642966,1.372545317369556,1.5,0.9150302115797041,583,0.545880149812734,1.0,1
"iteration_2","SCOPE_DATA_COLLECTION",1500,44,2710.0,2770.0,0,9184,6747,1969,9133,6587,1980,4844,3662,1063,4310,3102,901,0.47083242298448763,0.45860437610881133,0.45875763747454174,0.44080993348810055,0.8785758501189334,1.3691508965485695,0.8816198669762011,0.8785758501189334,0.912767264365713,0.4467382328654005,0.5256690333151284,0.5446848541862653,97.5,100.0,5277,4360,8263,47,3,8263,0.0089065757058935,6.880733944954129E-4,1.0,0.35000000000000003,0.8,0.30000000000000004,0.1,70.0,85.0,55.0,0.9,0.2,0.5,0.6000000000000001,90.0,75.0,55.0,9051,8447,604,9051,0.06673295768423379,0.33330407015690733,0.5,0.6666081403138147,2292,0.2713389369006748,1.0,1
"iteration_2","SCOPE_DATA_COLLECTION",1500,44,2710.0,2770.0,1,9184,6747,1969,9133,6587,1980,4844,3662,1063,4310,3102,901,0.47083242298448763,0.45860437610881133,0.45875763747454174,0.44080993348810055,0.8785758501189334,1.3691508965485695,0.8816198669762011,0.8785758501189334,0.912767264365713,0.4467382328654005,0.5256690333151284,0.5446848541862653,97.5,100.0,5277,4360,8263,47,3,8263,0.0089065757058935,6.880733944954129E-4,1.0,0.35000000000000003,0.8,0.30000000000000004,0.1,70.0,85.0,55.0,0.9,0.2,0.5,0.6000000000000001,90.0,75.0,55.0,6577,6052,525,6577,0.07982362779382697,0.6927839415711622,1.0,0.6927839415711622,2036,0.3364177131526768,1.0,1
"iteration_2","SCOPE_DATA_COLLECTION",1500,44,2710.0,2770.0,2,9184,6747,1969,9133,6587,1980,4844,3662,1063,4310,3102,901,0.47083242298448763,0.45860437610881133,0.45875763747454174,0.44080993348810055,0.8785758501189334,1.3691508965485695,0.8816198669762011,0.8785758501189334,0.912767264365713,0.4467382328654005,0.5256690333151284,0.5446848541862653,97.5,100.0,5277,4360,8263,47,3,8263,0.0089065757058935,6.880733944954129E-4,1.0,0.35000000000000003,0.8,0.30000000000000004,0.1,70.0,85.0,55.0,0.9,0.2,0.5,0.6000000000000001,90.0,75.0,55.0,1994,1800,194,1994,0.09729187562688064,1.0204832893054574,1.5,0.6803221928703049,567,0.315,1.0,1
"iteration_2","SCOPE_DATA_COLLECTION",1500,45,2770.0,2830.0,0,9051,6577,1994,9184,6747,1969,8453,6023,1782,604,525,194,0.06668874903389643,0.08017715332926084,0.09817813765182186,0.33544801374102123,0.6922259793180373,1.0191585298482637,0.6708960274820425,0.6922259793180373,0.6794390198988425,0.2741038684490713,0.3368753113066578,0.3148148148148148,97.5,100.0,5609,10847,1166,131,1185,7,0.02335532180424318,0.10924679634922098,0.006003430531732418,0.9,0.2,0.5,0.6000000000000001,90.0,75.0,55.0,0.35000000000000003,0.30000000000000004,0.9,0.5,60.0,40.0,55.0,9063,5104,3959,9063,0.4368310713891647,0.4244260473435858,0.5,0.8488520946871716,2128,0.4169278996865204,1.0,1
"iteration_2","SCOPE_DATA_COLLECTION",1500,45,2770.0,2830.0,1,9051,6577,1994,9184,6747,1969,8453,6023,1782,604,525,194,0.06668874903389643,0.08017715332926084,0.09817813765182186,0.33544801374102123,0.6922259793180373,1.0191585298482637,0.6708960274820425,0.6922259793180373,0.6794390198988425,0.2741038684490713,0.3368753113066578,0.3148148148148148,97.5,100.0,5609,10847,1166,131,1185,7,0.02335532180424318,0.10924679634922098,0.006003430531732418,0.9,0.2,0.5,0.6000000000000001,90.0,75.0,55.0,0.35000000000000003,0.30000000000000004,0.9,0.5,60.0,40.0,55.0,6678,3627,3051,6678,0.4568733153638814,0.9468918643521271,1.0,0.9468918643521271,1985,0.5472842569616763,1.0,1
"iteration_2","SCOPE_DATA_COLLECTION",1500,45,2770.0,2830.0,2,9051,6577,1994,9184,6747,1969,8453,6023,1782,604,525,194,0.06668874903389643,0.08017715332926084,0.09817813765182186,0.33544801374102123,0.6922259793180373,1.0191585298482637,0.6708960274820425,0.6922259793180373,0.6794390198988425,0.2741038684490713,0.3368753113066578,0.3148148148148148,97.5,100.0,5609,10847,1166,131,1185,7,0.02335532180424318,0.10924679634922098,0.006003430531732418,0.9,0.2,0.5,0.6000000000000001,90.0,75.0,55.0,0.35000000000000003,0.30000000000000004,0.9,0.5,60.0,40.0,55.0,1895,1033,862,1895,0.45488126649076516,1.4321659578806105,1.5,0.9547773052537404,563,0.5450145208131656,1.0,1
"iteration_2","SCOPE_DATA_COLLECTION",1500,46,2830.0,2890.0,0,9063,6678,1895,9051,6577,1994,5099,3648,1050,3959,3051,862,0.43707220136895564,0.4554411106135244,0.45083682008368203,0.41985749326918265,0.943044643979188,1.4251616385260886,0.8397149865383653,0.943044643979188,0.9501077590173924,0.41282604432241615,0.5433114035087719,0.540952380952381,97.5,100.0,5517,4332,7787,137,2,7733,0.024832336414718145,4.616805170821791E-4,0.9930653653525106,0.35000000000000003,0.30000000000000004,0.9,0.5,60.0,40.0,55.0,0.45,0.30000000000000004,0.9,0.4,70.0,50.0,55.0,9238,5845,3393,9238,0.3672872916215631,0.3981752532865025,0.5,0.796350506573005,2306,0.3945252352437981,1.0,1
"iteration_2","SCOPE_DATA_COLLECTION",1500,46,2830.0,2890.0,1,9063,6678,1895,9051,6577,1994,5099,3648,1050,3959,3051,862,0.43707220136895564,0.4554411106135244,0.45083682008368203,0.41985749326918265,0.943044643979188,1.4251616385260886,0.8397149865383653,0.943044643979188,0.9501077590173924,0.41282604432241615,0.5433114035087719,0.540952380952381,97.5,100.0,5517,4332,7787,137,2,7733,0.024832336414718145,4.616805170821791E-4,0.9930653653525106,0.35000000000000003,0.30000000000000004,0.9,0.5,60.0,40.0,55.0,0.45,0.30000000000000004,0.9,0.4,70.0,50.0,55.0,6652,4080,2572,6652,0.3866506313890559,0.8694652099125636,1.0,0.8694652099125636,1999,0.48995098039215684,1.0,1
"iteration_2","SCOPE_DATA_COLLECTION",1500,46,2830.0,2890.0,2,9063,6678,1895,9051,6577,1994,5099,3648,1050,3959,3051,862,0.43707220136895564,0.4554411106135244,0.45083682008368203,0.41985749326918265,0.943044643979188,1.4251616385260886,0.8397149865383653,0.943044643979188,0.9501077590173924,0.41282604432241615,0.5433114035087719,0.540952380952381,97.5,100.0,5517,4332,7787,137,2,7733,0.024832336414718145,4.616805170821791E-4,0.9930653653525106,0.35000000000000003,0.30000000000000004,0.9,0.5,60.0,40.0,55.0,0.45,0.30000000000000004,0.9,0.4,70.0,50.0,55.0,1908,1158,750,1908,0.39308176100628933,1.2857626492844412,1.5,0.8571750995229608,548,0.47322970639032813,1.0,1
"iteration_2","SCOPE_DATA_COLLECTION",1500,47,2890.0,2950.0,0,9238,6652,1908,9063,6678,1895,5842,4074,1152,3393,2571,750,0.36740660530590147,0.38690744920993225,0.3943217665615142,0.3997519904143372,0.8707187235257436,1.28964459043102,0.7995039808286744,0.8707187235257436,0.8597630602873467,0.39575487846627866,0.49042709867452133,0.4748263888888889,100.0,100.0,5676,5558,6564,145,5,6564,0.0255461592670895,8.996041741633681E-4,1.0,0.45,0.30000000000000004,0.9,0.4,70.0,50.0,55.0,0.45,0.30000000000000004,0.9,0.4,70.0,50.0,55.0,9130,5686,3444,9130,0.3772179627601314,0.40800519655895007,0.5,0.8160103931179001,2345,0.4124164614843475,1.0,1
"iteration_2","SCOPE_DATA_COLLECTION",1500,47,2890.0,2950.0,1,9238,6652,1908,9063,6678,1895,5842,4074,1152,3393,2571,750,0.36740660530590147,0.38690744920993225,0.3943217665615142,0.3997519904143372,0.8707187235257436,1.28964459043102,0.7995039808286744,0.8707187235257436,0.8597630602873467,0.39575487846627866,0.49042709867452133,0.4748263888888889,100.0,100.0,5676,5558,6564,145,5,6564,0.0255461592670895,8.996041741633681E-4,1.0,0.45,0.30000000000000004,0.9,0.4,70.0,50.0,55.0,0.45,0.30000000000000004,0.9,0.4,70.0,50.0,55.0,6651,4096,2555,6651,0.3841527589836115,0.859459188167958,1.0,0.859459188167958,2003,0.489013671875,1.0,1
"iteration_2","SCOPE_DATA_COLLECTION",1500,47,2890.0,2950.0,2,9238,6652,1908,9063,6678,1895,5842,4074,1152,3393,2571,750,0.36740660530590147,0.38690744920993225,0.3943217665615142,0.3997519904143372,0.8707187235257436,1.28964459043102,0.7995039808286744,0.8707187235257436,0.8597630602873467,0.39575487846627866,0.49042709867452133,0.4748263888888889,100.0,100.0,5676,5558,6564,145,5,6564,0.0255461592670895,8.996041741633681E-4,1.0,0.45,0.30000000000000004,0.9,0.4,70.0,50.0,55.0,0.45,0.30000000000000004,0.9,0.4,70.0,50.0,55.0,1904,1136,768,1904,0.40336134453781514,1.3235842715675075,1.5,0.8823895143783383,557,0.4903169014084507,1.0,1
"iteration_2","SCOPE_DATA_COLLECTION",1500,48,2950.0,3010.0,0,9130,6651,1904,9238,6652,1908,5681,4109,1137,3444,2556,768,0.3774246575342466,0.3834958739684921,0.4031496062992126,0.4076274164591081,0.8601493827321074,1.312446265037858,0.8152548329182162,0.8601493827321074,0.8749641766919054,0.411371237458194,0.4889267461669506,0.48548812664907653,100.0,100.0,5609,5443,6633,134,1,6633,0.023890176502050275,1.8372221201543268E-4,1.0,0.45,0.30000000000000004,0.9,0.4,70.0,50.0,55.0,0.75,0.5,0.30000000000000004,0.2,95.0,90.0,35.0,9171,9136,35,9171,0.0038163777123541597,0.3112920538973968,0.5,0.6225841077947936,2339,0.2560201401050788,1.0,1
"iteration_2","SCOPE_DATA_COLLECTION",1500,48,2950.0,3010.0,1,9130,6651,1904,9238,6652,1908,5681,4109,1137,3444,2556,768,0.3774246575342466,0.3834958739684921,0.4031496062992126,0.4076274164591081,0.8601493827321074,1.312446265037858,0.8152548329182162,0.8601493827321074,0.8749641766919054,0.411371237458194,0.4889267461669506,0.48548812664907653,100.0,100.0,5609,5443,6633,134,1,6633,0.023890176502050275,1.8372221201543268E-4,1.0,0.45,0.30000000000000004,0.9,0.4,70.0,50.0,55.0,0.75,0.5,0.30000000000000004,0.2,95.0,90.0,35.0,6562,6526,36,6562,0.005486132276744895,0.6074809965857038,1.0,0.6074809965857038,1966,0.3012565124118909,1.0,1
"iteration_2","SCOPE_DATA_COLLECTION",1500,48,2950.0,3010.0,2,9130,6651,1904,9238,6652,1908,5681,4109,1137,3444,2556,768,0.3774246575342466,0.3834958739684921,0.4031496062992126,0.4076274164591081,0.8601493827321074,1.312446265037858,0.8152548329182162,0.8601493827321074,0.8749641766919054,0.411371237458194,0.4889267461669506,0.48548812664907653,100.0,100.0,5609,5443,6633,134,1,6633,0.023890176502050275,1.8372221201543268E-4,1.0,0.45,0.30000000000000004,0.9,0.4,70.0,50.0,55.0,0.75,0.5,0.30000000000000004,0.2,95.0,90.0,35.0,1860,1841,19,1860,0.01021505376344086,0.9405379334422925,1.5,0.6270252889615283,540,0.2933188484519283,1.0,1
"iteration_2","SCOPE_DATA_COLLECTION",1500,49,3010.0,3070.0,0,9171,6562,1860,9130,6651,1904,9140,6506,1842,35,36,19,0.0038147138964577656,0.005502904310608377,0.010209564750134336,0.31127354735913126,0.6085247471765568,0.9519772519603363,0.6225470947182625,0.6085247471765568,0.6346515013068909,0.2562363238512035,0.3021826006762988,0.2985884907709012,100.0,100.0,5439,9146,3008,68,6,16,0.012502298216583932,6.56024491581019E-4,0.005319148936170213,0.75,0.5,0.30000000000000004,0.2,95.0,90.0,35.0,0.65,0.5,0.2,0.2,95.0,90.0,45.0,9103,8450,653,9103,0.07173459299132154,0.3439501839499718,0.5,0.6879003678999436,2442,0.2889940828402367,1.0,1
"iteration_2","SCOPE_DATA_COLLECTION",1500,49,3010.0,3070.0,1,9171,6562,1860,9130,6651,1904,9140,6506,1842,35,36,19,0.0038147138964577656,0.005502904310608377,0.010209564750134336,0.31127354735913126,0.6085247471765568,0.9519772519603363,0.6225470947182625,0.6085247471765568,0.6346515013068909,0.2562363238512035,0.3021826006762988,0.2985884907709012,100.0,100.0,5439,9146,3008,68,6,16,0.012502298216583932,6.56024491581019E-4,0.005319148936170213,0.75,0.5,0.30000000000000004,0.2,95.0,90.0,35.0,0.65,0.5,0.2,0.2,95.0,90.0,45.0,6663,6152,511,6663,0.07669218069938466,0.6411714452845586,1.0,0.6411714452845586,1991,0.3236345903771131,1.0,1
"iteration_2","SCOPE_DATA_COLLECTION",1500,49,3010.0,3070.0,2,9171,6562,1860,9130,6651,1904,9140,6506,1842,35,36,19,0.0038147138964577656,0.005502904310608377,0.010209564750134336,0.31127354735913126,0.6085247471765568,0.9519772519603363,0.6225470947182625,0.6085247471765568,0.6346515013068909,0.2562363238512035,0.3021826006762988,0.2985884907709012,100.0,100.0,5439,9146,3008,68,6,16,0.012502298216583932,6.56024491581019E-4,0.005319148936170213,0.75,0.5,0.30000000000000004,0.2,95.0,90.0,35.0,0.65,0.5,0.2,0.2,95.0,90.0,45.0,1939,1780,159,1939,0.08200103145951522,1.0287121318367163,1.5,0.6858080878911442,590,0.33146067415730335,1.0,1
"iteration_2","SCOPE_DATA_COLLECTION",1500,50,3070.0,3130.0,0,9103,6663,1939,9171,6562,1860,8460,6170,1771,653,511,159,0.0716558762207835,0.07648555605448286,0.08238341968911918,0.34536131178622786,0.6414643031522343,1.019228974306939,0.6907226235724557,0.6414643031522343,0.6794859828712926,0.29066193853427896,0.32398703403565643,0.3269339356295878,100.0,100.0,5341,8035,4329,63,7,1253,0.011795543905635648,8.711885500933416E-4,0.28944328944328945,0.65,0.5,0.2,0.2,95.0,90.0,45.0,0.65,0.6000000000000001,0.2,0.1,95.0,90.0,55.0,9116,8413,703,9116,0.07711715664765248,0.3598466449026623,0.5,0.7196932898053247,2486,0.2954950671579698,1.0,1
"iteration_2","SCOPE_DATA_COLLECTION",1500,50,3070.0,3130.0,1,9103,6663,1939,9171,6562,1860,8460,6170,1771,653,511,159,0.0716558762207835,0.07648555605448286,0.08238341968911918,0.34536131178622786,0.6414643031522343,1.019228974306939,0.6907226235724557,0.6414643031522343,0.6794859828712926,0.29066193853427896,0.32398703403565643,0.3269339356295878,100.0,100.0,5341,8035,4329,63,7,1253,0.011795543905635648,8.711885500933416E-4,0.28944328944328945,0.65,0.5,0.2,0.2,95.0,90.0,45.0,0.65,0.6000000000000001,0.2,0.1,95.0,90.0,55.0,6702,6172,530,6702,0.07908087138167712,0.6449263506817208,1.0,0.6449263506817208,1963,0.31804925469863904,1.0,1
"iteration_2","SCOPE_DATA_COLLECTION",1500,50,3070.0,3130.0,2,9103,6663,1939,9171,6562,1860,8460,6170,1771,653,511,159,0.0716558762207835,0.07648555605448286,0.08238341968911918,0.34536131178622786,0.6414643031522343,1.019228974306939,0.6907226235724557,0.6414643031522343,0.6794859828712926,0.29066193853427896,0.32398703403565643,0.3269339356295878,100.0,100.0,5341,8035,4329,63,7,1253,0.011795543905635648,8.711885500933416E-4,0.28944328944328945,0.65,0.5,0.2,0.2,95.0,90.0,45.0,0.65,0.6000000000000001,0.2,0.1,95.0,90.0,55.0,1950,1805,145,1950,0.07435897435897436,1.0157716418869036,1.5,0.6771810945912691,590,0.3268698060941828,1.0,1
"iteration_2","SCOPE_DATA_COLLECTION",1500,51,3130.0,3190.0,0,9116,6702,1950,9103,6663,1939,8412,6176,1807,703,530,145,0.07712561711464619,0.07903370116313749,0.07428278688524591,0.3596452615632862,0.6464557130059801,1.0191581787650967,0.7192905231265724,0.6464557130059801,0.6794387858433978,0.2954113171659534,0.31865284974093266,0.3276148312119535,95.0,100.0,5313,8114,4341,37,16,1325,0.006964050442311312,0.001971900419028839,0.3052292098594794,0.65,0.6000000000000001,0.2,0.1,95.0,90.0,55.0,0.65,0.5,0.2,0.2,95.0,90.0,45.0,9201,8616,585,9201,0.06358004564721226,0.3651891822111524,0.5,0.7303783644223047,2445,0.2837743732590529,1.0,1
"iteration_2","SCOPE_DATA_COLLECTION",1500,51,3130.0,3190.0,1,9116,6702,1950,9103,6663,1939,8412,6176,1807,703,530,145,0.07712561711464619,0.07903370116313749,0.07428278688524591,0.3596452615632862,0.6464557130059801,1.0191581787650967,0.7192905231265724,0.6464557130059801,0.6794387858433978,0.2954113171659534,0.31865284974093266,0.3276148312119535,95.0,100.0,5313,8114,4341,37,16,1325,0.006964050442311312,0.001971900419028839,0.3052292098594794,0.65,0.6000000000000001,0.2,0.1,95.0,90.0,55.0,0.65,0.5,0.2,0.2,95.0,90.0,45.0,6636,6158,478,6636,0.07203134418324292,0.6532606418219415,1.0,0.6532606418219415,1994,0.323806430659305,1.0,1
"iteration_2","SCOPE_DATA_COLLECTION",1500,51,3130.0,3190.0,2,9116,6702,1950,9103,6663,1939,8412,6176,1807,703,530,145,0.07712561711464619,0.07903370116313749,0.07428278688524591,0.3596452615632862,0.6464557130059801,1.0191581787650967,0.7192905231265724,0.6464557130059801,0.6794387858433978,0.2954113171659534,0.31865284974093266,0.3276148312119535,95.0,100.0,5313,8114,4341,37,16,1325,0.006964050442311312,0.001971900419028839,0.3052292098594794,0.65,0.6000000000000001,0.2,0.1,95.0,90.0,55.0,0.65,0.5,0.2,0.2,95.0,90.0,45.0,1914,1750,164,1914,0.08568443051201671,1.027501026716421,1.5,0.6850006844776141,568,0.32457142857142857,1.0,1
"iteration_2","SCOPE_DATA_COLLECTION",1500,52,3190.0,3250.0,0,9201,6636,1914,9116,6702,1950,8606,6120,1753,585,478,164,0.06364922206506365,0.07244619581691422,0.08555033907146584,0.36504077888899866,0.6522413279410335,1.0293762990317716,0.7300815577779973,0.6522413279410335,0.6862508660211811,0.2836393214036719,0.32369281045751636,0.32686822589845976,100.0,100.0,5424,7987,4340,57,7,1163,0.010508849557522125,8.764241893076249E-4,0.26797235023041477,0.65,0.5,0.2,0.2,95.0,90.0,45.0,0.75,0.6000000000000001,0.30000000000000004,0.30000000000000004,95.0,95.0,35.0,9064,8995,69,9064,0.007612533097969991,0.3121570277374044,0.5,0.6243140554748088,2279,0.25336297943301833,1.0,1
"iteration_2","SCOPE_DATA_COLLECTION",1500,52,3190.0,3250.0,1,9201,6636,1914,9116,6702,1950,8606,6120,1753,585,478,164,0.06364922206506365,0.07244619581691422,0.08555033907146584,0.36504077888899866,0.6522413279410335,1.0293762990317716,0.7300815577779973,0.6522413279410335,0.6862508660211811,0.2836393214036719,0.32369281045751636,0.32686822589845976,100.0,100.0,5424,7987,4340,57,7,1163,0.010508849557522125,8.764241893076249E-4,0.26797235023041477,0.65,0.5,0.2,0.2,95.0,90.0,45.0,0.75,0.6000000000000001,0.30000000000000004,0.30000000000000004,95.0,95.0,35.0,6706,6613,93,6706,0.013868177751267521,0.6065214633858503,1.0,0.6065214633858503,1963,0.29683955844548615,1.0,1
"iteration_2","SCOPE_DATA_COLLECTION",1500,52,3190.0,3250.0,2,9201,6636,1914,9116,6702,1950,8606,6120,1753,585,478,164,0.06364922206506365,0.07244619581691422,0.08555033907146584,0.36504077888899866,0.6522413279410335,1.0293762990317716,0.7300815577779973,0.6522413279410335,0.6862508660211811,0.2836393214036719,0.32369281045751636,0.32686822589845976,100.0,100.0,5424,7987,4340,57,7,1163,0.010508849557522125,8.764241893076249E-4,0.26797235023041477,0.65,0.5,0.2,0.2,95.0,90.0,45.0,0.75,0.6000000000000001,0.30000000000000004,0.30000000000000004,95.0,95.0,35.0,2014,1962,52,2014,0.025819265143992055,0.9376620676409173,1.5,0.6251080450939449,561,0.28593272171253825,1.0,1
"iteration_2","SCOPE_DATA_COLLECTION",1500,53,3250.0,3310.0,0,9064,6706,2014,9201,6636,1914,9008,6627,1957,69,93,52,0.007601630494656825,0.013839285714285714,0.025883524141363863,0.3123017702580709,0.6064968870877437,0.9369663997041097,0.6246035405161418,0.6064968870877437,0.6246442664694064,0.25377442273534634,0.2968160555304059,0.28513030148185997,97.5,100.0,5441,9300,3043,126,88,0,0.023157507811064144,0.00946236559139785,0.0,0.75,0.6000000000000001,0.30000000000000004,0.30000000000000004,95.0,95.0,35.0,0.75,0.6000000000000001,0.30000000000000004,0.30000000000000004,95.0,95.0,35.0,9154,9129,25,9154,0.002731046537032991,0.3040579123100637,0.5,0.6081158246201274,2238,0.24515280972724285,1.0,1
"iteration_2","SCOPE_DATA_COLLECTION",1500,53,3250.0,3310.0,1,9064,6706,2014,9201,6636,1914,9008,6627,1957,69,93,52,0.007601630494656825,0.013839285714285714,0.025883524141363863,0.3123017702580709,0.6064968870877437,0.9369663997041097,0.6246035405161418,0.6064968870877437,0.6246442664694064,0.25377442273534634,0.2968160555304059,0.28513030148185997,97.5,100.0,5441,9300,3043,126,88,0,0.023157507811064144,0.00946236559139785,0.0,0.75,0.6000000000000001,0.30000000000000004,0.30000000000000004,95.0,95.0,35.0,0.75,0.6000000000000001,0.30000000000000004,0.30000000000000004,95.0,95.0,35.0,6675,6630,45,6675,0.006741573033707865,0.5975537164088017,1.0,0.5975537164088017,1919,0.28944193061840123,1.0,1
"iteration_2","SCOPE_DATA_COLLECTION",1500,53,3250.0,3310.0,2,9064,6706,2014,9201,6636,1914,9008,6627,1957,69,93,52,0.007601630494656825,0.013839285714285714,0.025883524141363863,0.3123017702580709,0.6064968870877437,0.9369663997041097,0.6246035405161418,0.6064968870877437,0.6246442664694064,0.25377442273534634,0.2968160555304059,0.28513030148185997,97.5,100.0,5441,9300,3043,126,88,0,0.023157507811064144,0.00946236559139785,0.0,0.75,0.6000000000000001,0.30000000000000004,0.30000000000000004,95.0,95.0,35.0,0.75,0.6000000000000001,0.30000000000000004,0.30000000000000004,95.0,95.0,35.0,2045,1993,52,2045,0.025427872860635695,0.9508426998287126,1.5,0.6338951332191417,577,0.2895132965378826,1.0,1
"iteration_2","SCOPE_DATA_COLLECTION",1500,54,3310.0,3370.0,0,9154,6675,2045,9064,6706,2014,9133,6623,2002,25,45,52,0.0027298536798427606,0.006748650269946011,0.02531645569620253,0.3041943799357444,0.5951166751445416,0.9521442683967707,0.6083887598714888,0.5951166751445416,0.6347628455978471,0.245154932661776,0.2873320247621924,0.2907092907092907,100.0,100.0,5426,9355,3093,115,7,0,0.021194249907851088,7.482629609834314E-4,0.0,0.75,0.6000000000000001,0.30000000000000004,0.30000000000000004,95.0,95.0,35.0,0.65,0.5,0.2,0.4,85.0,85.0,35.0,9086,8642,444,9086,0.0488663878494387,0.3380499977263826,0.5,0.6760999954527652,2369,0.27412635963897247,1.0,1
"iteration_2","SCOPE_DATA_COLLECTION",1500,54,3310.0,3370.0,1,9154,6675,2045,9064,6706,2014,9133,6623,2002,25,45,52,0.0027298536798427606,0.006748650269946011,0.02531645569620253,0.3041943799357444,0.5951166751445416,0.9521442683967707,0.6083887598714888,0.5951166751445416,0.6347628455978471,0.245154932661776,0.2873320247621924,0.2907092907092907,100.0,100.0,5426,9355,3093,115,7,0,0.021194249907851088,7.482629609834314E-4,0.0,0.75,0.6000000000000001,0.30000000000000004,0.30000000000000004,95.0,95.0,35.0,0.65,0.5,0.2,0.4,85.0,85.0,35.0,6581,6219,362,6581,0.055006837866585626,0.6065471067986785,1.0,0.6065471067986785,1920,0.3087313072841293,1.0,1
"iteration_2","SCOPE_DATA_COLLECTION",1500,54,3310.0,3370.0,2,9154,6675,2045,9064,6706,2014,9133,6623,2002,25,45,52,0.0027298536798427606,0.006748650269946011,0.02531645569620253,0.3041943799357444,0.5951166751445416,0.9521442683967707,0.6083887598714888,0.5951166751445416,0.6347628455978471,0.245154932661776,0.2873320247621924,0.2907092907092907,100.0,100.0,5426,9355,3093,115,7,0,0.021194249907851088,7.482629609834314E-4,0.0,0.75,0.6000000000000001,0.30000000000000004,0.30000000000000004,95.0,95.0,35.0,0.65,0.5,0.2,0.4,85.0,85.0,35.0,1811,1693,118,1811,0.06515737161789067,1.021208629533971,1.5,0.6808057530226473,553,0.3266391021854696,1.0,1
"iteration_2","SCOPE_DATA_COLLECTION",1500,55,3370.0,3430.0,0,9086,6581,1811,9154,6675,2045,8626,6218,1678,443,362,118,0.04884772301246003,0.05501519756838906,0.06570155902004454,0.3369480262097271,0.6090036366583164,1.0133335176963993,0.6738960524194542,0.6090036366583164,0.6755556784642662,0.2732436818919546,0.311193309745899,0.3230035756853397,97.5,100.0,5533,7749,4196,83,11,829,0.015000903668895716,0.0014195380049038585,0.19756911344137273,0.65,0.5,0.2,0.4,85.0,85.0,35.0,0.55,0.5,0.2,0.4,75.0,75.0,35.0,9131,6750,2381,9131,0.26076004818749315,0.382285095169576,0.5,0.764570190339152,2415,0.35777777777777775,1.0,1
"iteration_2","SCOPE_DATA_COLLECTION",1500,55,3370.0,3430.0,1,9086,6581,1811,9154,6675,2045,8626,6218,1678,443,362,118,0.04884772301246003,0.05501519756838906,0.06570155902004454,0.3369480262097271,0.6090036366583164,1.0133335176963993,0.6738960524194542,0.6090036366583164,0.6755556784642662,0.2732436818919546,0.311193309745899,0.3230035756853397,97.5,100.0,5533,7749,4196,83,11,829,0.015000903668895716,0.0014195380049038585,0.19756911344137273,0.65,0.5,0.2,0.4,85.0,85.0,35.0,0.55,0.5,0.2,0.4,75.0,75.0,35.0,6659,4779,1880,6659,0.28232467337438055,0.7154416133559842,1.0,0.7154416133559842,1925,0.4028039338773802,1.0,1
"iteration_2","SCOPE_DATA_COLLECTION",1500,55,3370.0,3430.0,2,9086,6581,1811,9154,6675,2045,8626,6218,1678,443,362,118,0.04884772301246003,0.05501519756838906,0.06570155902004454,0.3369480262097271,0.6090036366583164,1.0133335176963993,0.6738960524194542,0.6090036366583164,0.6755556784642662,0.2732436818919546,0.311193309745899,0.3230035756853397,97.5,100.0,5533,7749,4196,83,11,829,0.015000903668895716,0.0014195380049038585,0.19756911344137273,0.65,0.5,0.2,0.4,85.0,85.0,35.0,0.55,0.5,0.2,0.4,75.0,75.0,35.0,2000,1398,602,2000,0.301,1.146948836531516,1.5,0.7646325576876772,556,0.3977110157367668,1.0,1
"iteration_2","SCOPE_DATA_COLLECTION",1500,56,3430.0,3490.0,0,9131,6659,2000,9086,6581,1811,6752,4805,1415,2382,1880,602,0.2607838843880009,0.281226626776365,0.29846306395637084,0.3833498091494619,0.7157333463900635,1.1536269610625547,0.7666996182989237,0.7157333463900635,0.7690846407083698,0.3576718009478673,0.40124869927159207,0.4007067137809187,100.0,100.0,5483,6707,5600,87,5,4772,0.01586722597118366,7.45489786789921E-4,0.8521428571428571,0.55,0.5,0.2,0.4,75.0,75.0,35.0,0.55,0.4,0.2,0.4,65.0,65.0,25.0,9165,6552,2613,9165,0.2851063829787234,0.3711658756119088,0.5,0.7423317512238176,2222,0.33913308913308915,1.0,1
"iteration_2","SCOPE_DATA_COLLECTION",1500,56,3430.0,3490.0,1,9131,6659,2000,9086,6581,1811,6752,4805,1415,2382,1880,602,0.2607838843880009,0.281226626776365,0.29846306395637084,0.3833498091494619,0.7157333463900635,1.1536269610625547,0.7666996182989237,0.7157333463900635,0.7690846407083698,0.3576718009478673,0.40124869927159207,0.4007067137809187,100.0,100.0,5483,6707,5600,87,5,4772,0.01586722597118366,7.45489786789921E-4,0.8521428571428571,0.55,0.5,0.2,0.4,75.0,75.0,35.0,0.55,0.4,0.2,0.4,65.0,65.0,25.0,6690,4797,1893,6690,0.28295964125560535,0.7285194410570864,1.0,0.7285194410570864,2002,0.4173441734417344,1.0,1
"iteration_2","SCOPE_DATA_COLLECTION",1500,56,3430.0,3490.0,2,9131,6659,2000,9086,6581,1811,6752,4805,1415,2382,1880,602,0.2607838843880009,0.281226626776365,0.29846306395637084,0.3833498091494619,0.7157333463900635,1.1536269610625547,0.7666996182989237,0.7157333463900635,0.7690846407083698,0.3576718009478673,0.40124869927159207,0.4007067137809187,100.0,100.0,5483,6707,5600,87,5,4772,0.01586722597118366,7.45489786789921E-4,0.8521428571428571,0.55,0.5,0.2,0.4,75.0,75.0,35.0,0.55,0.4,0.2,0.4,65.0,65.0,25.0,1893,1322,571,1893,0.3016376122556788,1.1840896378283563,1.5,0.7893930918855708,560,0.4236006051437216,1.0,1
"iteration_2","SCOPE_DATA_COLLECTION",1500,57,3490.0,3550.0,0,9165,6690,1893,9131,6659,2000,6562,4802,1316,2613,1893,571,0.28479564032697546,0.2827483196415235,0.30259671436142027,0.37035541572389347,0.7274249738973305,1.17482384991604,0.7407108314477869,0.7274249738973305,0.7832158999440266,0.3383114903992685,0.417326114119117,0.418693009118541,90.0,100.0,5407,6740,5601,87,6,4984,0.0160902533752543,8.902077151335311E-4,0.8898410998036065,0.55,0.4,0.2,0.4,65.0,65.0,25.0,0.65,0.4,0.30000000000000004,0.1,40.0,20.0,30.0,9086,8313,773,9086,0.0850759410081444,0.34537871042943996,0.5,0.6907574208588799,2400,0.28870443883074703,1.0,1
"iteration_2","SCOPE_DATA_COLLECTION",1500,57,3490.0,3550.0,1,9165,6690,1893,9131,6659,2000,6562,4802,1316,2613,1893,571,0.28479564032697546,0.2827483196415235,0.30259671436142027,0.37035541572389347,0.7274249738973305,1.17482384991604,0.7407108314477869,0.7274249738973305,0.7832158999440266,0.3383114903992685,0.417326114119117,0.418693009118541,90.0,100.0,5407,6740,5601,87,6,4984,0.0160902533752543,8.902077151335311E-4,0.8898410998036065,0.55,0.4,0.2,0.4,65.0,65.0,25.0,0.65,0.4,0.30000000000000004,0.1,40.0,20.0,30.0,6696,6104,592,6696,0.0884109916367981,0.6549118091719303,1.0,0.6549118091719303,1931,0.3163499344692005,1.0,1
"iteration_2","SCOPE_DATA_COLLECTION",1500,57,3490.0,3550.0,2,9165,6690,1893,9131,6659,2000,6562,4802,1316,2613,1893,571,0.28479564032697546,0.2827483196415235,0.30259671436142027,0.37035541572389347,0.7274249738973305,1.17482384991604,0.7407108314477869,0.7274249738973305,0.7832158999440266,0.3383114903992685,0.417326114119117,0.418693009118541,90.0,100.0,5407,6740,5601,87,6,4984,0.0160902533752543,8.902077151335311E-4,0.8898410998036065,0.55,0.4,0.2,0.4,65.0,65.0,25.0,0.65,0.4,0.30000000000000004,0.1,40.0,20.0,30.0,1985,1807,178,1985,0.08967254408060453,1.0202745104901385,1.5,0.6801830069934257,607,0.3359158826784726,1.0,1
"iteration_2","SCOPE_DATA_COLLECTION",1500,58,3550.0,3619.320818182756,0,9086,6696,1985,9165,6690,1893,8306,6080,1807,773,592,178,0.08514153541138891,0.08872901678657075,0.08967254408060453,0.34458660550298503,0.650257612973219,1.0233794598037007,0.6891732110059701,0.650257612973219,0.6822529732024671,0.28906814351071514,0.31529605263157895,0.33702268954067516,97.5,100.0,5267,8114,4386,49,6,1488,0.009303208657679893,7.394626571358146E-4,0.3392612859097127,0.65,0.4,0.30000000000000004,0.1,40.0,20.0,30.0,0.65,0.30000000000000004,0.2,0.1,50.0,20.0,30.0,7528,7010,484,7494,0.06458500133440086,0.3243413963673595,0.5,0.648682792734719,1807,0.25777460770328103,0.9954835281615303,0
"iteration_2","SCOPE_DATA_COLLECTION",1500,58,3550.0,3619.320818182756,1,9086,6696,1985,9165,6690,1893,8306,6080,1807,773,592,178,0.08514153541138891,0.08872901678657075,0.08967254408060453,0.34458660550298503,0.650257612973219,1.0233794598037007,0.6891732110059701,0.650257612973219,0.6822529732024671,0.28906814351071514,0.31529605263157895,0.33702268954067516,97.5,100.0,5267,8114,4386,49,6,1488,0.009303208657679893,7.394626571358146E-4,0.3392612859097127,0.65,0.4,0.30000000000000004,0.1,40.0,20.0,30.0,0.65,0.30000000000000004,0.2,0.1,50.0,20.0,30.0,5599,5137,389,5526,0.07039449873326095,0.6226527033091136,1.0,0.6226527033091136,1603,0.31204983453377455,0.9869619574924093,0
"iteration_2","SCOPE_DATA_COLLECTION",1500,58,3550.0,3619.320818182756,2,9086,6696,1985,9165,6690,1893,8306,6080,1807,773,592,178,0.08514153541138891,0.08872901678657075,0.08967254408060453,0.34458660550298503,0.650257612973219,1.0233794598037007,0.6891732110059701,0.650257612973219,0.6822529732024671,0.28906814351071514,0.31529605263157895,0.33702268954067516,97.5,100.0,5267,8114,4386,49,6,1488,0.009303208657679893,7.394626571358146E-4,0.3392612859097127,0.65,0.4,0.30000000000000004,0.1,40.0,20.0,30.0,0.65,0.30000000000000004,0.2,0.1,50.0,20.0,30.0,1665,1501,129,1630,0.07914110429447853,0.9582676426265307,1.5,0.6388450950843538,459,0.30579613590939375,0.978978978978979,0
"iteration_2","SCOPE_DATA_COLLECTION",1600,0,70.0,130.0,0,8689,6391,1902,0,0,0,7737,5598,1607,892,724,267,0.10337234905551049,0.11452072129073078,0.1424759871931697,0.3531948387530852,0.6984169061422701,1.0512819742561128,0.7063896775061704,0.6984169061422701,0.7008546495040752,0.2874499159881091,0.34494462307967133,0.33851897946484133,97.5,100.0,5440,6989,4553,174,5,1704,0.031985294117647056,7.154099298898269E-4,0.3742587305073578,0.6,0.5,0.7,0.4,85.0,80.0,90.0,0.65,0.5,0.1,0.8,50.0,85.0,30.0,9716,8864,852,9716,0.0876904075751338,0.3134225010707861,0.5,0.6268450021415722,2254,0.2542870036101083,1.0,1
"iteration_2","SCOPE_DATA_COLLECTION",1600,0,70.0,130.0,1,8689,6391,1902,0,0,0,7737,5598,1607,892,724,267,0.10337234905551049,0.11452072129073078,0.1424759871931697,0.3531948387530852,0.6984169061422701,1.0512819742561128,0.7063896775061704,0.6984169061422701,0.7008546495040752,0.2874499159881091,0.34494462307967133,0.33851897946484133,97.5,100.0,5440,6989,4553,174,5,1704,0.031985294117647056,7.154099298898269E-4,0.3742587305073578,0.6,0.5,0.7,0.4,85.0,80.0,90.0,0.65,0.5,0.1,0.8,50.0,85.0,30.0,7205,6529,676,7205,0.09382373351839,0.5892953410250518,1.0,0.5892953410250518,1989,0.3046408332056977,1.0,1
"iteration_2","SCOPE_DATA_COLLECTION",1600,0,70.0,130.0,2,8689,6391,1902,0,0,0,7737,5598,1607,892,724,267,0.10337234905551049,0.11452072129073078,0.1424759871931697,0.3531948387530852,0.6984169061422701,1.0512819742561128,0.7063896775061704,0.6984169061422701,0.7008546495040752,0.2874499159881091,0.34494462307967133,0.33851897946484133,97.5,100.0,5440,6989,4553,174,5,1704,0.031985294117647056,7.154099298898269E-4,0.3742587305073578,0.6,0.5,0.7,0.4,85.0,80.0,90.0,0.65,0.5,0.1,0.8,50.0,85.0,30.0,2215,1936,279,2215,0.12595936794582394,0.9829764229835635,1.5,0.6553176153223756,589,0.30423553719008267,1.0,1
"iteration_2","SCOPE_DATA_COLLECTION",1600,1,130.0,190.0,0,9716,7205,2215,8689,6391,1902,8886,6529,1938,852,676,279,0.08749229821318547,0.09382373351839,0.12584573748308525,0.31557612982492467,0.5900724009559871,0.9893933531363321,0.6311522596498493,0.5900724009559871,0.6595955687575548,0.2570335358991672,0.3046408332056977,0.3065015479876161,100.0,100.0,5395,8965,4776,73,8,1726,0.013531047265987025,8.923591745677636E-4,0.36139028475711893,0.65,0.5,0.1,0.8,50.0,85.0,30.0,0.1,0.4,0.2,0.7000000000000001,50.0,90.0,30.0,9699,3548,6151,9699,0.6341890916589339,0.5906677971472712,0.5,1.1813355942945425,2301,0.6485343855693348,1.0,1
"iteration_2","SCOPE_DATA_COLLECTION",1600,1,130.0,190.0,1,9716,7205,2215,8689,6391,1902,8886,6529,1938,852,676,279,0.08749229821318547,0.09382373351839,0.12584573748308525,0.31557612982492467,0.5900724009559871,0.9893933531363321,0.6311522596498493,0.5900724009559871,0.6595955687575548,0.2570335358991672,0.3046408332056977,0.3065015479876161,100.0,100.0,5395,8965,4776,73,8,1726,0.013531047265987025,8.923591745677636E-4,0.36139028475711893,0.65,0.5,0.1,0.8,50.0,85.0,30.0,0.1,0.4,0.2,0.7000000000000001,50.0,90.0,30.0,7086,2590,4496,7086,0.6344905447360993,1.1258710361271598,1.0,1.1258710361271598,1922,0.7420849420849421,1.0,1
"iteration_2","SCOPE_DATA_COLLECTION",1600,1,130.0,190.0,2,9716,7205,2215,8689,6391,1902,8886,6529,1938,852,676,279,0.08749229821318547,0.09382373351839,0.12584573748308525,0.31557612982492467,0.5900724009559871,0.9893933531363321,0.6311522596498493,0.5900724009559871,0.6595955687575548,0.2570335358991672,0.3046408332056977,0.3065015479876161,100.0,100.0,5395,8965,4776,73,8,1726,0.013531047265987025,8.923591745677636E-4,0.36139028475711893,0.65,0.5,0.1,0.8,50.0,85.0,30.0,0.1,0.4,0.2,0.7000000000000001,50.0,90.0,30.0,2167,741,1426,2167,0.658052607291186,1.8639120106049036,1.5,1.2426080070699357,565,0.7624831309041835,1.0,1
"iteration_2","SCOPE_DATA_COLLECTION",1600,2,190.0,250.0,0,9699,7086,2167,9716,7205,2215,3553,2621,740,6151,4496,1426,0.6338623248145094,0.6317268512013489,0.6583564173591875,0.5889427939639011,1.1231774798309877,1.8550823466771922,1.1778855879278023,1.1231774798309877,1.2367215644514615,0.6462144666479032,0.7397939717665013,0.7567567567567568,95.0,100.0,5509,1367,12076,96,0,11977,0.01742603013251044,0.0,0.991801921165949,0.1,0.4,0.2,0.7000000000000001,50.0,90.0,30.0,0.1,0.4,0.2,0.7000000000000001,50.0,90.0,30.0,9424,3384,6040,9424,0.6409168081494058,0.5910092184055438,0.5,1.1820184368110875,2254,0.6660756501182034,1.0,1
"iteration_2","SCOPE_DATA_COLLECTION",1600,2,190.0,250.0,1,9699,7086,2167,9716,7205,2215,3553,2621,740,6151,4496,1426,0.6338623248145094,0.6317268512013489,0.6583564173591875,0.5889427939639011,1.1231774798309877,1.8550823466771922,1.1778855879278023,1.1231774798309877,1.2367215644514615,0.6462144666479032,0.7397939717665013,0.7567567567567568,95.0,100.0,5509,1367,12076,96,0,11977,0.01742603013251044,0.0,0.991801921165949,0.1,0.4,0.2,0.7000000000000001,50.0,90.0,30.0,0.1,0.4,0.2,0.7000000000000001,50.0,90.0,30.0,7092,2517,4575,7092,0.6450930626057529,1.1786583008344376,1.0,1.1786583008344376,1928,0.7659912594358363,1.0,1
"iteration_2","SCOPE_DATA_COLLECTION",1600,2,190.0,250.0,2,9699,7086,2167,9716,7205,2215,3553,2621,740,6151,4496,1426,0.6338623248145094,0.6317268512013489,0.6583564173591875,0.5889427939639011,1.1231774798309877,1.8550823466771922,1.1778855879278023,1.1231774798309877,1.2367215644514615,0.6462144666479032,0.7397939717665013,0.7567567567567568,95.0,100.0,5509,1367,12076,96,0,11977,0.01742603013251044,0.0,0.991801921165949,0.1,0.4,0.2,0.7000000000000001,50.0,90.0,30.0,0.1,0.4,0.2,0.7000000000000001,50.0,90.0,30.0,2172,731,1441,2172,0.6634438305709024,1.9696495837544514,1.5,1.3130997225029677,595,0.813953488372093,1.0,1
"iteration_2","SCOPE_DATA_COLLECTION",1600,3,250.0,310.0,0,9424,7092,2172,9699,7086,2167,3389,2514,732,6040,4575,1441,0.6405769434722665,0.6453660600931019,0.6631385181776346,0.5909584704531367,1.1780688509192112,1.9573934484839142,1.1819169409062733,1.1780688509192112,1.3049289656559429,0.6656830923576276,0.7657120127287191,0.8101092896174863,97.5,100.0,5441,1295,11952,101,3,11952,0.018562764197757764,0.0023166023166023165,1.0,0.1,0.4,0.2,0.7000000000000001,50.0,90.0,30.0,0.9500000000000001,0.9,0.7000000000000001,0.8,20.0,80.0,80.0,9620,6247,3373,9620,0.35062370062370063,0.6044265180124841,0.5,1.2088530360249683,2993,0.47910997278693773,1.0,1
"iteration_2","SCOPE_DATA_COLLECTION",1600,3,250.0,310.0,1,9424,7092,2172,9699,7086,2167,3389,2514,732,6040,4575,1441,0.6405769434722665,0.6453660600931019,0.6631385181776346,0.5909584704531367,1.1780688509192112,1.9573934484839142,1.1819169409062733,1.1780688509192112,1.3049289656559429,0.6656830923576276,0.7657120127287191,0.8101092896174863,97.5,100.0,5441,1295,11952,101,3,11952,0.018562764197757764,0.0023166023166023165,1.0,0.1,0.4,0.2,0.7000000000000001,50.0,90.0,30.0,0.9500000000000001,0.9,0.7000000000000001,0.8,20.0,80.0,80.0,7104,4476,2628,7104,0.36993243243243246,1.0024058428895122,1.0,1.0024058428895122,2252,0.5031277926720286,1.0,1
"iteration_2","SCOPE_DATA_COLLECTION",1600,3,250.0,310.0,2,9424,7092,2172,9699,7086,2167,3389,2514,732,6040,4575,1441,0.6405769434722665,0.6453660600931019,0.6631385181776346,0.5909584704531367,1.1780688509192112,1.9573934484839142,1.1819169409062733,1.1780688509192112,1.3049289656559429,0.6656830923576276,0.7657120127287191,0.8101092896174863,97.5,100.0,5441,1295,11952,101,3,11952,0.018562764197757764,0.0023166023166023165,1.0,0.1,0.4,0.2,0.7000000000000001,50.0,90.0,30.0,0.9500000000000001,0.9,0.7000000000000001,0.8,20.0,80.0,80.0,2144,1263,881,2144,0.41091417910447764,1.4186822264817869,1.5,0.945788150987858,591,0.4679334916864608,1.0,1
"iteration_2","SCOPE_DATA_COLLECTION",1600,4,310.0,370.0,0,9620,7104,2144,9424,7092,2172,6224,4442,1259,3373,2628,880,0.3514639991664062,0.3717114568599717,0.4114071996259935,0.6054985981593602,1.0042577895117142,1.4229395810416356,1.2109971963187205,1.0042577895117142,0.9486263873610904,0.48120179948586117,0.5056280954524989,0.47339158061953934,100.0,100.0,5643,12542,683,206,6672,3,0.036505404926457555,0.5319725721575507,0.004392386530014641,0.9500000000000001,0.9,0.7000000000000001,0.8,20.0,80.0,80.0,0.9500000000000001,0.9,0.8,0.8,20.0,70.0,80.0,9666,6217,3449,9666,0.3568177115663149,0.5660323903091878,0.5,1.1320647806183757,2874,0.46228084285024934,1.0,1
"iteration_2","SCOPE_DATA_COLLECTION",1600,4,310.0,370.0,1,9620,7104,2144,9424,7092,2172,6224,4442,1259,3373,2628,880,0.3514639991664062,0.3717114568599717,0.4114071996259935,0.6054985981593602,1.0042577895117142,1.4229395810416356,1.2109971963187205,1.0042577895117142,0.9486263873610904,0.48120179948586117,0.5056280954524989,0.47339158061953934,100.0,100.0,5643,12542,683,206,6672,3,0.036505404926457555,0.5319725721575507,0.004392386530014641,0.9500000000000001,0.9,0.7000000000000001,0.8,20.0,80.0,80.0,0.9500000000000001,0.9,0.8,0.8,20.0,70.0,80.0,7073,4484,2589,7073,0.36603986992789483,0.994838337278673,1.0,0.994838337278673,2168,0.48349687778768957,1.0,1
"iteration_2","SCOPE_DATA_COLLECTION",1600,4,310.0,370.0,2,9620,7104,2144,9424,7092,2172,6224,4442,1259,3373,2628,880,0.3514639991664062,0.3717114568599717,0.4114071996259935,0.6054985981593602,1.0042577895117142,1.4229395810416356,1.2109971963187205,1.0042577895117142,0.9486263873610904,0.48120179948586117,0.5056280954524989,0.47339158061953934,100.0,100.0,5643,12542,683,206,6672,3,0.036505404926457555,0.5319725721575507,0.004392386530014641,0.9500000000000001,0.9,0.7000000000000001,0.8,20.0,80.0,80.0,0.9500000000000001,0.9,0.8,0.8,20.0,70.0,80.0,2245,1309,936,2245,0.41692650334075726,1.4142762996429736,1.5,0.9428508664286491,587,0.4484339190221543,1.0,1
"iteration_2","SCOPE_DATA_COLLECTION",1600,5,370.0,430.0,0,9666,7073,2245,9620,7104,2144,6195,4483,1296,3449,2589,937,0.35763168809622564,0.366091628959276,0.41961486789072994,0.5646417875537554,0.994389669260535,1.4197245099401665,1.1292835751075108,0.994389669260535,0.9464830066267776,0.4610169491525424,0.4840508587999108,0.44907407407407407,100.0,100.0,5542,12796,646,190,6785,0,0.03428365211115121,0.5302438261956861,0.0,0.9500000000000001,0.9,0.8,0.8,20.0,70.0,80.0,0.1,0.30000000000000004,0.30000000000000004,0.8,55.0,45.0,50.0,9354,3434,5920,9354,0.6328843275604019,0.5599431200378794,0.5,1.1198862400757588,2065,0.6013395457192778,1.0,1
"iteration_2","SCOPE_DATA_COLLECTION",1600,5,370.0,430.0,1,9666,7073,2245,9620,7104,2144,6195,4483,1296,3449,2589,937,0.35763168809622564,0.366091628959276,0.41961486789072994,0.5646417875537554,0.994389669260535,1.4197245099401665,1.1292835751075108,0.994389669260535,0.9464830066267776,0.4610169491525424,0.4840508587999108,0.44907407407407407,100.0,100.0,5542,12796,646,190,6785,0,0.03428365211115121,0.5302438261956861,0.0,0.9500000000000001,0.9,0.8,0.8,20.0,70.0,80.0,0.1,0.30000000000000004,0.30000000000000004,0.8,55.0,45.0,50.0,7157,2564,4593,7157,0.6417493363140981,1.2162338010925622,1.0,1.2162338010925622,2000,0.7800312012480499,1.0,1
"iteration_2","SCOPE_DATA_COLLECTION",1600,5,370.0,430.0,2,9666,7073,2245,9620,7104,2144,6195,4483,1296,3449,2589,937,0.35763168809622564,0.366091628959276,0.41961486789072994,0.5646417875537554,0.994389669260535,1.4197245099401665,1.1292835751075108,0.994389669260535,0.9464830066267776,0.4610169491525424,0.4840508587999108,0.44907407407407407,100.0,100.0,5542,12796,646,190,6785,0,0.03428365211115121,0.5302438261956861,0.0,0.9500000000000001,0.9,0.8,0.8,20.0,70.0,80.0,0.1,0.30000000000000004,0.30000000000000004,0.8,55.0,45.0,50.0,2154,720,1434,2154,0.6657381615598886,1.9336561018584453,1.5,1.2891040679056303,572,0.7944444444444444,1.0,1
"iteration_2","SCOPE_DATA_COLLECTION",1600,6,430.0,490.0,0,9354,7157,2154,9666,7073,2245,3473,2575,742,5920,4593,1434,0.6302565740445012,0.6407645089285714,0.6590073529411765,0.5597327801712998,1.2065035406488471,1.9057020740594013,1.1194655603425996,1.2065035406488471,1.2704680493729341,0.5977541030809099,0.7697087378640777,0.7776280323450134,100.0,100.0,5497,1296,11872,146,0,11801,0.02655994178642896,0.0,0.9940195417789758,0.1,0.30000000000000004,0.30000000000000004,0.8,55.0,45.0,50.0,0.7000000000000001,0.4,0.1,0.6000000000000001,60.0,95.0,30.0,9631,9239,392,9631,0.04070190011421452,0.3267544944428717,0.5,0.6535089888857434,2225,0.24082692932135513,1.0,1
"iteration_2","SCOPE_DATA_COLLECTION",1600,6,430.0,490.0,1,9354,7157,2154,9666,7073,2245,3473,2575,742,5920,4593,1434,0.6302565740445012,0.6407645089285714,0.6590073529411765,0.5597327801712998,1.2065035406488471,1.9057020740594013,1.1194655603425996,1.2065035406488471,1.2704680493729341,0.5977541030809099,0.7697087378640777,0.7776280323450134,100.0,100.0,5497,1296,11872,146,0,11801,0.02655994178642896,0.0,0.9940195417789758,0.1,0.30000000000000004,0.30000000000000004,0.8,55.0,45.0,50.0,0.7000000000000001,0.4,0.1,0.6000000000000001,60.0,95.0,30.0,7007,6711,296,7007,0.04224347081489939,0.5909633175333855,1.0,0.5909633175333855,1920,0.2860974519445686,1.0,1
"iteration_2","SCOPE_DATA_COLLECTION",1600,6,430.0,490.0,2,9354,7157,2154,9666,7073,2245,3473,2575,742,5920,4593,1434,0.6302565740445012,0.6407645089285714,0.6590073529411765,0.5597327801712998,1.2065035406488471,1.9057020740594013,1.1194655603425996,1.2065035406488471,1.2704680493729341,0.5977541030809099,0.7697087378640777,0.7776280323450134,100.0,100.0,5497,1296,11872,146,0,11801,0.02655994178642896,0.0,0.9940195417789758,0.1,0.30000000000000004,0.30000000000000004,0.8,55.0,45.0,50.0,0.7000000000000001,0.4,0.1,0.6000000000000001,60.0,95.0,30.0,2269,2134,135,2269,0.059497576024680476,0.9692230277866348,1.5,0.6461486851910899,607,0.28444236176194937,1.0,1
"iteration_2","SCOPE_DATA_COLLECTION",1600,7,490.0,550.0,0,9631,7007,2269,9354,7157,2154,9223,6712,2124,388,291,135,0.04037040890646135,0.04155361987719549,0.05976095617529881,0.3277084746875267,0.5959233716517849,0.9705839371265534,0.6554169493750533,0.5959233716517849,0.647055958084369,0.24146156348259784,0.2885876042908224,0.2848399246704331,97.5,100.0,5326,9476,4105,64,86,664,0.012016522718738265,0.009075559307724778,0.1617539585870889,0.7000000000000001,0.4,0.1,0.6000000000000001,60.0,95.0,30.0,0.7000000000000001,0.4,0.1,0.6000000000000001,60.0,95.0,30.0,9658,9303,355,9658,0.0367570925657486,0.31797941178419986,0.5,0.6359588235683997,2353,0.2529291626357089,1.0,1
"iteration_2","SCOPE_DATA_COLLECTION",1600,7,490.0,550.0,1,9631,7007,2269,9354,7157,2154,9223,6712,2124,388,291,135,0.04037040890646135,0.04155361987719549,0.05976095617529881,0.3277084746875267,0.5959233716517849,0.9705839371265534,0.6554169493750533,0.5959233716517849,0.647055958084369,0.24146156348259784,0.2885876042908224,0.2848399246704331,97.5,100.0,5326,9476,4105,64,86,664,0.012016522718738265,0.009075559307724778,0.1617539585870889,0.7000000000000001,0.4,0.1,0.6000000000000001,60.0,95.0,30.0,0.7000000000000001,0.4,0.1,0.6000000000000001,60.0,95.0,30.0,6991,6708,283,6991,0.04048061793734802,0.5831690337081404,1.0,0.5831690337081404,1959,0.29203935599284436,1.0,1
"iteration_2","SCOPE_DATA_COLLECTION",1600,7,490.0,550.0,2,9631,7007,2269,9354,7157,2154,9223,6712,2124,388,291,135,0.04037040890646135,0.04155361987719549,0.05976095617529881,0.3277084746875267,0.5959233716517849,0.9705839371265534,0.6554169493750533,0.5959233716517849,0.647055958084369,0.24146156348259784,0.2885876042908224,0.2848399246704331,97.5,100.0,5326,9476,4105,64,86,664,0.012016522718738265,0.009075559307724778,0.1617539585870889,0.7000000000000001,0.4,0.1,0.6000000000000001,60.0,95.0,30.0,0.7000000000000001,0.4,0.1,0.6000000000000001,60.0,95.0,30.0,2052,1948,104,2052,0.050682261208576995,0.958885989068201,1.5,0.6392573260454674,567,0.2910677618069815,1.0,1
"iteration_2","SCOPE_DATA_COLLECTION",1600,8,550.0,610.0,0,9658,6991,2052,9631,7007,2269,9313,6710,1941,359,288,104,0.03711745244003309,0.04115461560445842,0.05085574572127139,0.318300249387113,0.5834840145743948,0.9565500769615161,0.636600498774226,0.5834840145743948,0.6377000513076774,0.25362396649844304,0.292548435171386,0.2900566718186502,100.0,100.0,5498,9302,3901,72,91,588,0.0130956711531466,0.009782842399483982,0.1507305819020764,0.7000000000000001,0.4,0.1,0.6000000000000001,60.0,95.0,30.0,0.8,0.8,0.1,0.4,45.0,20.0,70.0,9547,9145,402,9547,0.04210746831465382,0.31888789392191424,0.5,0.6377757878438285,2201,0.24067796610169492,1.0,1
"iteration_2","SCOPE_DATA_COLLECTION",1600,8,550.0,610.0,1,9658,6991,2052,9631,7007,2269,9313,6710,1941,359,288,104,0.03711745244003309,0.04115461560445842,0.05085574572127139,0.318300249387113,0.5834840145743948,0.9565500769615161,0.636600498774226,0.5834840145743948,0.6377000513076774,0.25362396649844304,0.292548435171386,0.2900566718186502,100.0,100.0,5498,9302,3901,72,91,588,0.0130956711531466,0.009782842399483982,0.1507305819020764,0.7000000000000001,0.4,0.1,0.6000000000000001,60.0,95.0,30.0,0.8,0.8,0.1,0.4,45.0,20.0,70.0,7201,6880,321,7201,0.044577142063602276,0.5761014920774644,1.0,0.5761014920774644,1966,0.28575581395348837,1.0,1
"iteration_2","SCOPE_DATA_COLLECTION",1600,8,550.0,610.0,2,9658,6991,2052,9631,7007,2269,9313,6710,1941,359,288,104,0.03711745244003309,0.04115461560445842,0.05085574572127139,0.318300249387113,0.5834840145743948,0.9565500769615161,0.636600498774226,0.5834840145743948,0.6377000513076774,0.25362396649844304,0.292548435171386,0.2900566718186502,100.0,100.0,5498,9302,3901,72,91,588,0.0130956711531466,0.009782842399483982,0.1507305819020764,0.7000000000000001,0.4,0.1,0.6000000000000001,60.0,95.0,30.0,0.8,0.8,0.1,0.4,45.0,20.0,70.0,2067,1953,114,2067,0.055152394775036286,0.957741914584367,1.5,0.6384946097229113,567,0.2903225806451613,1.0,1
"iteration_2","SCOPE_DATA_COLLECTION",1600,9,610.0,670.0,0,9547,7201,2067,9658,6991,2052,9144,6876,1957,402,321,114,0.04211187932118165,0.04460191746561067,0.05504587155963303,0.31856601615420294,0.5764879091945524,0.9594171117842263,0.6371320323084059,0.5764879091945524,0.6396114078561509,0.24037620297462817,0.285631180919139,0.2907511497189576,100.0,100.0,5342,10726,2747,53,784,0,0.009921377761138151,0.0730934178631363,0.0,0.8,0.8,0.1,0.4,45.0,20.0,70.0,0.9,0.7000000000000001,0.1,0.5,55.0,20.0,70.0,9572,6801,2771,9572,0.28949017969076474,0.4635936603394292,0.5,0.9271873206788585,2526,0.3714159682399647,1.0,1
"iteration_2","SCOPE_DATA_COLLECTION",1600,9,610.0,670.0,1,9547,7201,2067,9658,6991,2052,9144,6876,1957,402,321,114,0.04211187932118165,0.04460191746561067,0.05504587155963303,0.31856601615420294,0.5764879091945524,0.9594171117842263,0.6371320323084059,0.5764879091945524,0.6396114078561509,0.24037620297462817,0.285631180919139,0.2907511497189576,100.0,100.0,5342,10726,2747,53,784,0,0.009921377761138151,0.0730934178631363,0.0,0.8,0.8,0.1,0.4,45.0,20.0,70.0,0.9,0.7000000000000001,0.1,0.5,55.0,20.0,70.0,7198,5053,2145,7198,0.2979994442900806,0.752037504304254,1.0,0.752037504304254,1979,0.3916485256283396,1.0,1
"iteration_2","SCOPE_DATA_COLLECTION",1600,9,610.0,670.0,2,9547,7201,2067,9658,6991,2052,9144,6876,1957,402,321,114,0.04211187932118165,0.04460191746561067,0.05504587155963303,0.31856601615420294,0.5764879091945524,0.9594171117842263,0.6371320323084059,0.5764879091945524,0.6396114078561509,0.24037620297462817,0.285631180919139,0.2907511497189576,100.0,100.0,5342,10726,2747,53,784,0,0.009921377761138151,0.0730934178631363,0.0,0.8,0.8,0.1,0.4,45.0,20.0,70.0,0.9,0.7000000000000001,0.1,0.5,55.0,20.0,70.0,2053,1401,652,2053,0.3175840233804189,1.2646666045801476,1.5,0.8431110697200984,591,0.42184154175588867,1.0,1
"iteration_2","SCOPE_DATA_COLLECTION",1600,10,670.0,730.0,0,9572,7198,2053,9547,7201,2067,6755,5033,1412,2771,2145,652,0.29088809573798025,0.2988297575926442,0.31589147286821706,0.46247395685657133,0.7515405180136474,1.2666564793827733,0.9249479137131427,0.7515405180136474,0.8444376529218488,0.37231680236861586,0.393204848003179,0.42422096317280455,100.0,100.0,5404,12013,1406,82,5486,0,0.015173945225758698,0.4566719387330392,0.0,0.9,0.7000000000000001,0.1,0.5,55.0,20.0,70.0,0.25,0.2,0.9,0.9,35.0,35.0,25.0,9610,4621,4989,9610,0.519146722164412,0.4719262775353301,0.5,0.9438525550706602,2302,0.49816057130491237,1.0,1
"iteration_2","SCOPE_DATA_COLLECTION",1600,10,670.0,730.0,1,9572,7198,2053,9547,7201,2067,6755,5033,1412,2771,2145,652,0.29088809573798025,0.2988297575926442,0.31589147286821706,0.46247395685657133,0.7515405180136474,1.2666564793827733,0.9249479137131427,0.7515405180136474,0.8444376529218488,0.37231680236861586,0.393204848003179,0.42422096317280455,100.0,100.0,5404,12013,1406,82,5486,0,0.015173945225758698,0.4566719387330392,0.0,0.9,0.7000000000000001,0.1,0.5,55.0,20.0,70.0,0.25,0.2,0.9,0.9,35.0,35.0,25.0,6896,3258,3638,6896,0.5275522041763341,1.0290752334989834,1.0,1.0290752334989834,1954,0.5997544505831799,1.0,1
"iteration_2","SCOPE_DATA_COLLECTION",1600,10,670.0,730.0,2,9572,7198,2053,9547,7201,2067,6755,5033,1412,2771,2145,652,0.29088809573798025,0.2988297575926442,0.31589147286821706,0.46247395685657133,0.7515405180136474,1.2666564793827733,0.9249479137131427,0.7515405180136474,0.8444376529218488,0.37231680236861586,0.393204848003179,0.42422096317280455,100.0,100.0,5404,12013,1406,82,5486,0,0.015173945225758698,0.4566719387330392,0.0,0.9,0.7000000000000001,0.1,0.5,55.0,20.0,70.0,0.25,0.2,0.9,0.9,35.0,35.0,25.0,2165,957,1208,2165,0.5579676674364896,1.5944511356586637,1.5,1.0629674237724425,592,0.6185997910135841,1.0,1
"iteration_2","SCOPE_DATA_COLLECTION",1600,11,730.0,790.0,0,9610,6896,2165,9572,7198,2053,4684,3284,952,4989,3638,1208,0.5157655329267032,0.5255706443224502,0.5592592592592592,0.4729869261058635,1.017935367650594,1.5804629321120887,0.945973852211727,1.017935367650594,1.0536419547413924,0.49402220324508966,0.591047503045067,0.6113445378151261,97.5,100.0,5761,3190,9720,190,0,9645,0.03298038534976567,0.0,0.9922839506172839,0.25,0.2,0.9,0.9,35.0,35.0,25.0,0.05,0.6000000000000001,0.30000000000000004,0.5,55.0,75.0,25.0,9516,3166,6350,9516,0.6672971836906263,0.6605340315447332,0.5,1.3210680630894664,2365,0.7469993682880607,1.0,1
"iteration_2","SCOPE_DATA_COLLECTION",1600,11,730.0,790.0,1,9610,6896,2165,9572,7198,2053,4684,3284,952,4989,3638,1208,0.5157655329267032,0.5255706443224502,0.5592592592592592,0.4729869261058635,1.017935367650594,1.5804629321120887,0.945973852211727,1.017935367650594,1.0536419547413924,0.49402220324508966,0.591047503045067,0.6113445378151261,97.5,100.0,5761,3190,9720,190,0,9645,0.03298038534976567,0.0,0.9922839506172839,0.25,0.2,0.9,0.9,35.0,35.0,25.0,0.05,0.6000000000000001,0.30000000000000004,0.5,55.0,75.0,25.0,7075,2258,4817,7075,0.6808480565371025,1.3369302144189381,1.0,1.3369302144189381,1949,0.8631532329495128,1.0,1
"iteration_2","SCOPE_DATA_COLLECTION",1600,11,730.0,790.0,2,9610,6896,2165,9572,7198,2053,4684,3284,952,4989,3638,1208,0.5157655329267032,0.5255706443224502,0.5592592592592592,0.4729869261058635,1.017935367650594,1.5804629321120887,0.945973852211727,1.017935367650594,1.0536419547413924,0.49402220324508966,0.591047503045067,0.6113445378151261,97.5,100.0,5761,3190,9720,190,0,9645,0.03298038534976567,0.0,0.9922839506172839,0.25,0.2,0.9,0.9,35.0,35.0,25.0,0.05,0.6000000000000001,0.30000000000000004,0.5,55.0,75.0,25.0,2127,641,1486,2127,0.6986365773389751,2.1389762788339253,1.5,1.4259841858892834,567,0.8845553822152886,1.0,1
"iteration_2","SCOPE_DATA_COLLECTION",1600,12,790.0,850.0,0,9516,7075,2127,9610,6896,2165,3157,2276,641,6350,4817,1486,0.6679288944987903,0.6791202594106865,0.6986365773389751,0.6587889708747675,1.336398784266265,2.133849896578339,1.317577941749535,1.336398784266265,1.4225665977188926,0.7462781121317706,0.8624780316344464,0.8814352574102964,100.0,100.0,5553,642,12523,130,0,12523,0.02341076895371871,0.0,1.0,0.05,0.6000000000000001,0.30000000000000004,0.5,55.0,75.0,25.0,0.05,0.5,0.2,0.4,65.0,65.0,20.0,9425,3156,6269,9425,0.6651458885941645,0.6498595871028614,0.5,1.2997191742057228,2276,0.7211660329531052,1.0,1
"iteration_2","SCOPE_DATA_COLLECTION",1600,12,790.0,850.0,1,9516,7075,2127,9610,6896,2165,3157,2276,641,6350,4817,1486,0.6679288944987903,0.6791202594106865,0.6986365773389751,0.6587889708747675,1.336398784266265,2.133849896578339,1.317577941749535,1.336398784266265,1.4225665977188926,0.7462781121317706,0.8624780316344464,0.8814352574102964,100.0,100.0,5553,642,12523,130,0,12523,0.02341076895371871,0.0,1.0,0.05,0.6000000000000001,0.30000000000000004,0.5,55.0,75.0,25.0,0.05,0.5,0.2,0.4,65.0,65.0,20.0,7101,2310,4791,7101,0.674693705111956,1.2973049296334846,1.0,1.2973049296334846,1987,0.8601731601731601,1.0,1
"iteration_2","SCOPE_DATA_COLLECTION",1600,12,790.0,850.0,2,9516,7075,2127,9610,6896,2165,3157,2276,641,6350,4817,1486,0.6679288944987903,0.6791202594106865,0.6986365773389751,0.6587889708747675,1.336398784266265,2.133849896578339,1.317577941749535,1.336398784266265,1.4225665977188926,0.7462781121317706,0.8624780316344464,0.8814352574102964,100.0,100.0,5553,642,12523,130,0,12523,0.02341076895371871,0.0,1.0,0.05,0.6000000000000001,0.30000000000000004,0.5,55.0,75.0,25.0,0.05,0.5,0.2,0.4,65.0,65.0,20.0,2068,631,1437,2068,0.6948742746615088,2.0902362228190903,1.5,1.3934908152127268,555,0.8795562599049128,1.0,1
"iteration_2","SCOPE_DATA_COLLECTION",1600,13,850.0,910.0,0,9425,7101,2068,9516,7075,2127,3160,2300,641,6269,4791,1437,0.6648637183158341,0.6756451840361021,0.6915303176130895,0.6506874313885757,1.2991886388641836,2.0993805514695074,1.3013748627771513,1.2991886388641836,1.399587034313005,0.7218354430379746,0.86,0.8829953198127926,100.0,100.0,5523,681,12390,106,1,12390,0.019192467861669383,0.0014684287812041115,1.0,0.05,0.5,0.2,0.4,65.0,65.0,20.0,0.15000000000000002,0.5,0.1,0.30000000000000004,75.0,55.0,30.0,9585,3703,5882,9585,0.6136671883150756,0.5285709348673753,0.5,1.0571418697347505,2111,0.5700783148798272,1.0,1
"iteration_2","SCOPE_DATA_COLLECTION",1600,13,850.0,910.0,1,9425,7101,2068,9516,7075,2127,3160,2300,641,6269,4791,1437,0.6648637183158341,0.6756451840361021,0.6915303176130895,0.6506874313885757,1.2991886388641836,2.0993805514695074,1.3013748627771513,1.2991886388641836,1.399587034313005,0.7218354430379746,0.86,0.8829953198127926,100.0,100.0,5523,681,12390,106,1,12390,0.019192467861669383,0.0014684287812041115,1.0,0.05,0.5,0.2,0.4,65.0,65.0,20.0,0.15000000000000002,0.5,0.1,0.30000000000000004,75.0,55.0,30.0,7221,2750,4471,7221,0.6191663204542307,0.9952302491079541,1.0,0.9952302491079541,1865,0.6781818181818182,1.0,1
"iteration_2","SCOPE_DATA_COLLECTION",1600,13,850.0,910.0,2,9425,7101,2068,9516,7075,2127,3160,2300,641,6269,4791,1437,0.6648637183158341,0.6756451840361021,0.6915303176130895,0.6506874313885757,1.2991886388641836,2.0993805514695074,1.3013748627771513,1.2991886388641836,1.399587034313005,0.7218354430379746,0.86,0.8829953198127926,100.0,100.0,5523,681,12390,106,1,12390,0.019192467861669383,0.0014684287812041115,1.0,0.05,0.5,0.2,0.4,65.0,65.0,20.0,0.15000000000000002,0.5,0.1,0.30000000000000004,75.0,55.0,30.0,2155,832,1323,2155,0.6139211136890951,1.740043385152119,1.5,1.160028923434746,598,0.71875,1.0,1
"iteration_2","SCOPE_DATA_COLLECTION",1600,14,910.0,970.0,0,9585,7221,2155,9425,7101,2068,3698,2763,821,5882,4471,1323,0.6139874739039666,0.6180536356096212,0.617070895522388,0.5285820257916602,1.0004594570397134,1.7417125899621844,1.0571640515833205,1.0004594570397134,1.1611417266414563,0.5700378583017848,0.6807817589576547,0.7186358099878197,100.0,100.0,5271,2065,11625,51,0,11625,0.009675583380762664,0.0,1.0,0.15000000000000002,0.5,0.1,0.30000000000000004,75.0,55.0,30.0,0.15000000000000002,0.5,0.1,0.4,75.0,65.0,30.0,9658,3801,5857,9658,0.6064402567819425,0.5292298728402428,0.5,1.0584597456804856,2212,0.58195211786372,1.0,1
"iteration_2","SCOPE_DATA_COLLECTION",1600,14,910.0,970.0,1,9585,7221,2155,9425,7101,2068,3698,2763,821,5882,4471,1323,0.6139874739039666,0.6180536356096212,0.617070895522388,0.5285820257916602,1.0004594570397134,1.7417125899621844,1.0571640515833205,1.0004594570397134,1.1611417266414563,0.5700378583017848,0.6807817589576547,0.7186358099878197,100.0,100.0,5271,2065,11625,51,0,11625,0.009675583380762664,0.0,1.0,0.15000000000000002,0.5,0.1,0.30000000000000004,75.0,55.0,30.0,0.15000000000000002,0.5,0.1,0.4,75.0,65.0,30.0,7087,2769,4318,7087,0.6092846056159165,0.9887561248288178,1.0,0.9887561248288178,1866,0.6738894907908992,1.0,1
"iteration_2","SCOPE_DATA_COLLECTION",1600,14,910.0,970.0,2,9585,7221,2155,9425,7101,2068,3698,2763,821,5882,4471,1323,0.6139874739039666,0.6180536356096212,0.617070895522388,0.5285820257916602,1.0004594570397134,1.7417125899621844,1.0571640515833205,1.0004594570397134,1.1611417266414563,0.5700378583017848,0.6807817589576547,0.7186358099878197,100.0,100.0,5271,2065,11625,51,0,11625,0.009675583380762664,0.0,1.0,0.15000000000000002,0.5,0.1,0.30000000000000004,75.0,55.0,30.0,0.15000000000000002,0.5,0.1,0.4,75.0,65.0,30.0,2108,821,1287,2108,0.6105313092979127,1.7318177968828017,1.5,1.1545451979218677,586,0.7137637028014616,1.0,1
"iteration_2","SCOPE_DATA_COLLECTION",1600,15,970.0,1030.0,0,9658,7087,2108,9585,7221,2155,3789,2760,831,5857,4318,1287,0.6071946921003525,0.6100593387962702,0.6076487252124646,0.5282900747508392,0.9884750332689524,1.7334133435171868,1.0565801495016784,0.9884750332689524,1.1556088956781245,0.5816838215888097,0.6735507246376812,0.7148014440433214,100.0,100.0,5413,2063,11377,85,0,11377,0.015702937372990947,0.0,1.0,0.15000000000000002,0.5,0.1,0.4,75.0,65.0,30.0,0.05,0.5,0.1,0.5,85.0,65.0,30.0,9487,3145,6342,9487,0.6684937282597239,0.6340187991891292,0.5,1.2680375983782584,2259,0.7182829888712242,1.0,1
"iteration_2","SCOPE_DATA_COLLECTION",1600,15,970.0,1030.0,1,9658,7087,2108,9585,7221,2155,3789,2760,831,5857,4318,1287,0.6071946921003525,0.6100593387962702,0.6076487252124646,0.5282900747508392,0.9884750332689524,1.7334133435171868,1.0565801495016784,0.9884750332689524,1.1556088956781245,0.5816838215888097,0.6735507246376812,0.7148014440433214,100.0,100.0,5413,2063,11377,85,0,11377,0.015702937372990947,0.0,1.0,0.15000000000000002,0.5,0.1,0.4,75.0,65.0,30.0,0.05,0.5,0.1,0.5,85.0,65.0,30.0,6934,2239,4695,6934,0.6770983559273147,1.2337365598602241,1.0,1.2337365598602241,1937,0.8651183564091112,1.0,1
"iteration_2","SCOPE_DATA_COLLECTION",1600,15,970.0,1030.0,2,9658,7087,2108,9585,7221,2155,3789,2760,831,5857,4318,1287,0.6071946921003525,0.6100593387962702,0.6076487252124646,0.5282900747508392,0.9884750332689524,1.7334133435171868,1.0565801495016784,0.9884750332689524,1.1556088956781245,0.5816838215888097,0.6735507246376812,0.7148014440433214,100.0,100.0,5413,2063,11377,85,0,11377,0.015702937372990947,0.0,1.0,0.15000000000000002,0.5,0.1,0.4,75.0,65.0,30.0,0.05,0.5,0.1,0.5,85.0,65.0,30.0,2150,669,1481,2150,0.6888372093023256,2.0444024662292817,1.5,1.3629349774861879,581,0.8684603886397608,1.0,1
"iteration_2","SCOPE_DATA_COLLECTION",1600,16,1030.0,1090.0,0,9487,6934,2150,9658,7087,2108,3155,2237,664,6342,4695,1481,0.6677898283668527,0.6772937103289094,0.6904428904428904,0.6334564170374918,1.2291933827547912,2.0368215400476366,1.2669128340749836,1.2291933827547912,1.3578810266984245,0.7169572107765452,0.8623156012516764,0.8644578313253012,100.0,100.0,5434,685,12452,66,0,12452,0.012145748987854251,0.0,1.0,0.05,0.5,0.1,0.5,85.0,65.0,30.0,0.05,0.4,0.1,0.6000000000000001,85.0,65.0,20.0,9614,3096,6518,9614,0.6779696276263782,0.6294620724267852,0.5,1.2589241448535704,2225,0.7186692506459949,1.0,1
"iteration_2","SCOPE_DATA_COLLECTION",1600,16,1030.0,1090.0,1,9487,6934,2150,9658,7087,2108,3155,2237,664,6342,4695,1481,0.6677898283668527,0.6772937103289094,0.6904428904428904,0.6334564170374918,1.2291933827547912,2.0368215400476366,1.2669128340749836,1.2291933827547912,1.3578810266984245,0.7169572107765452,0.8623156012516764,0.8644578313253012,100.0,100.0,5434,685,12452,66,0,12452,0.012145748987854251,0.0,1.0,0.05,0.5,0.1,0.5,85.0,65.0,30.0,0.05,0.4,0.1,0.6000000000000001,85.0,65.0,20.0,7122,2287,4835,7122,0.6788823364223533,1.2266849008417975,1.0,1.2266849008417975,1938,0.8473983384346305,1.0,1
"iteration_2","SCOPE_DATA_COLLECTION",1600,16,1030.0,1090.0,2,9487,6934,2150,9658,7087,2108,3155,2237,664,6342,4695,1481,0.6677898283668527,0.6772937103289094,0.6904428904428904,0.6334564170374918,1.2291933827547912,2.0368215400476366,1.2669128340749836,1.2291933827547912,1.3578810266984245,0.7169572107765452,0.8623156012516764,0.8644578313253012,100.0,100.0,5434,685,12452,66,0,12452,0.012145748987854251,0.0,1.0,0.05,0.5,0.1,0.5,85.0,65.0,30.0,0.05,0.4,0.1,0.6000000000000001,85.0,65.0,20.0,2052,644,1408,2052,0.6861598440545809,2.1274731153361266,1.5,1.4183154102240845,577,0.8959627329192547,1.0,1
"iteration_2","SCOPE_DATA_COLLECTION",1600,17,1090.0,1150.0,0,9614,7122,2052,9487,6934,2150,3094,2298,643,6517,4835,1408,0.6780772032046614,0.6778354128697602,0.6864943929790346,0.6298652943795153,1.2282796323960519,2.124026359500668,1.2597305887590307,1.2282796323960519,1.4160175730004454,0.7184873949579832,0.8476936466492603,0.895800933125972,100.0,100.0,5458,663,12667,93,0,12667,0.017039208501282523,0.0,1.0,0.05,0.4,0.1,0.6000000000000001,85.0,65.0,20.0,0.05,0.4,0.1,0.6000000000000001,85.0,75.0,30.0,9568,3078,6490,9568,0.6783026755852842,0.6213695744328758,0.5,1.2427391488657515,2171,0.7053281351526965,1.0,1
"iteration_2","SCOPE_DATA_COLLECTION",1600,17,1090.0,1150.0,1,9614,7122,2052,9487,6934,2150,3094,2298,643,6517,4835,1408,0.6780772032046614,0.6778354128697602,0.6864943929790346,0.6298652943795153,1.2282796323960519,2.124026359500668,1.2597305887590307,1.2282796323960519,1.4160175730004454,0.7184873949579832,0.8476936466492603,0.895800933125972,100.0,100.0,5458,663,12667,93,0,12667,0.017039208501282523,0.0,1.0,0.05,0.4,0.1,0.6000000000000001,85.0,65.0,20.0,0.05,0.4,0.1,0.6000000000000001,85.0,75.0,30.0,7158,2282,4876,7158,0.6811958647666946,1.227728788001211,1.0,1.227728788001211,1960,0.8588957055214724,1.0,1
"iteration_2","SCOPE_DATA_COLLECTION",1600,17,1090.0,1150.0,2,9614,7122,2052,9487,6934,2150,3094,2298,643,6517,4835,1408,0.6780772032046614,0.6778354128697602,0.6864943929790346,0.6298652943795153,1.2282796323960519,2.124026359500668,1.2597305887590307,1.2282796323960519,1.4160175730004454,0.7184873949579832,0.8476936466492603,0.895800933125972,100.0,100.0,5458,663,12667,93,0,12667,0.017039208501282523,0.0,1.0,0.05,0.4,0.1,0.6000000000000001,85.0,65.0,20.0,0.05,0.4,0.1,0.6000000000000001,85.0,75.0,30.0,2070,640,1430,2070,0.6908212560386473,2.078842077183563,1.5,1.3858947181223753,566,0.884375,1.0,1
"iteration_2","SCOPE_DATA_COLLECTION",1600,18,1150.0,1210.0,0,9568,7158,2070,9614,7122,2052,3094,2267,644,6491,4876,1430,0.6772039645279082,0.6826263474730505,0.6894889103182257,0.6226654497765852,1.2281716568783625,2.087011451630428,1.2453308995531704,1.2281716568783625,1.3913409677536188,0.706851971557854,0.8601676224084693,0.8866459627329193,100.0,100.0,5431,634,12731,65,1,12731,0.011968329957650525,0.0015772870662460567,1.0,0.05,0.4,0.1,0.6000000000000001,85.0,75.0,30.0,0.05,0.4,0.1,0.6000000000000001,85.0,75.0,30.0,9779,3240,6539,9779,0.6686777789139994,0.6055985469855595,0.5,1.211197093971119,2248,0.6938271604938272,1.0,1
"iteration_2","SCOPE_DATA_COLLECTION",1600,18,1150.0,1210.0,1,9568,7158,2070,9614,7122,2052,3094,2267,644,6491,4876,1430,0.6772039645279082,0.6826263474730505,0.6894889103182257,0.6226654497765852,1.2281716568783625,2.087011451630428,1.2453308995531704,1.2281716568783625,1.3913409677536188,0.706851971557854,0.8601676224084693,0.8866459627329193,100.0,100.0,5431,634,12731,65,1,12731,0.011968329957650525,0.0015772870662460567,1.0,0.05,0.4,0.1,0.6000000000000001,85.0,75.0,30.0,0.05,0.4,0.1,0.6000000000000001,85.0,75.0,30.0,7052,2246,4806,7052,0.6815087918321043,1.1992527740590162,1.0,1.1992527740590162,1894,0.8432769367764915,1.0,1
"iteration_2","SCOPE_DATA_COLLECTION",1600,18,1150.0,1210.0,2,9568,7158,2070,9614,7122,2052,3094,2267,644,6491,4876,1430,0.6772039645279082,0.6826263474730505,0.6894889103182257,0.6226654497765852,1.2281716568783625,2.087011451630428,1.2453308995531704,1.2281716568783625,1.3913409677536188,0.706851971557854,0.8601676224084693,0.8866459627329193,100.0,100.0,5431,634,12731,65,1,12731,0.011968329957650525,0.0015772870662460567,1.0,0.05,0.4,0.1,0.6000000000000001,85.0,75.0,30.0,0.05,0.4,0.1,0.6000000000000001,85.0,75.0,30.0,2088,625,1463,2088,0.7006704980842912,2.0308751615557994,1.5,1.353916774370533,546,0.8736,1.0,1
"iteration_2","SCOPE_DATA_COLLECTION",1600,19,1210.0,1270.0,0,9779,7052,2088,9568,7158,2070,3248,2244,626,6539,4805,1463,0.6681311944416062,0.6816569726202298,0.7003350885591192,0.606075034581471,1.1968252668582668,2.0328674815986236,1.212150069162942,1.1968252668582668,1.3552449877324158,0.6945812807881774,0.8413547237076648,0.8738019169329073,95.0,100.0,5472,701,12746,60,1,12746,0.010964912280701754,0.0014265335235378032,1.0,0.05,0.4,0.1,0.6000000000000001,85.0,75.0,30.0,0.9500000000000001,0.8,0.7000000000000001,0.30000000000000004,75.0,40.0,30.0,9604,6032,3572,9604,0.3719283631820075,0.5128402401226978,0.5,1.0256804802453956,2761,0.4577254641909814,1.0,1
"iteration_2","SCOPE_DATA_COLLECTION",1600,19,1210.0,1270.0,1,9779,7052,2088,9568,7158,2070,3248,2244,626,6539,4805,1463,0.6681311944416062,0.6816569726202298,0.7003350885591192,0.606075034581471,1.1968252668582668,2.0328674815986236,1.212150069162942,1.1968252668582668,1.3552449877324158,0.6945812807881774,0.8413547237076648,0.8738019169329073,95.0,100.0,5472,701,12746,60,1,12746,0.010964912280701754,0.0014265335235378032,1.0,0.05,0.4,0.1,0.6000000000000001,85.0,75.0,30.0,0.9500000000000001,0.8,0.7000000000000001,0.30000000000000004,75.0,40.0,30.0,7182,4445,2737,7182,0.3810916179337232,0.949052794577027,1.0,0.949052794577027,2127,0.4785151856017998,1.0,1
"iteration_2","SCOPE_DATA_COLLECTION",1600,19,1210.0,1270.0,2,9779,7052,2088,9568,7158,2070,3248,2244,626,6539,4805,1463,0.6681311944416062,0.6816569726202298,0.7003350885591192,0.606075034581471,1.1968252668582668,2.0328674815986236,1.212150069162942,1.1968252668582668,1.3552449877324158,0.6945812807881774,0.8413547237076648,0.8738019169329073,95.0,100.0,5472,701,12746,60,1,12746,0.010964912280701754,0.0014265335235378032,1.0,0.05,0.4,0.1,0.6000000000000001,85.0,75.0,30.0,0.9500000000000001,0.8,0.7000000000000001,0.30000000000000004,75.0,40.0,30.0,2120,1255,865,2120,0.4080188679245283,1.3817143425095095,1.5,0.9211428950063397,591,0.4709163346613546,1.0,1
"iteration_2","SCOPE_DATA_COLLECTION",1600,20,1270.0,1330.0,0,9604,7182,2120,9779,7052,2088,6011,4448,1248,3572,2736,865,0.3727433997704268,0.38084632516703787,0.40937056318031234,0.5109462769637266,0.9472230188467233,1.3723584810312246,1.0218925539274533,0.9472230188467233,0.9149056540208164,0.4556646148727333,0.47886690647482016,0.46794871794871795,100.0,100.0,5585,12647,674,170,6997,6,0.03043867502238138,0.5532537360638887,0.008902077151335312,0.9500000000000001,0.8,0.7000000000000001,0.30000000000000004,75.0,40.0,30.0,0.45,0.9,0.8,0.5,90.0,55.0,25.0,9413,5728,3685,9413,0.3914798682672899,0.4281726042341576,0.5,0.8563452084683152,2365,0.4128840782122905,1.0,1
"iteration_2","SCOPE_DATA_COLLECTION",1600,20,1270.0,1330.0,1,9604,7182,2120,9779,7052,2088,6011,4448,1248,3572,2736,865,0.3727433997704268,0.38084632516703787,0.40937056318031234,0.5109462769637266,0.9472230188467233,1.3723584810312246,1.0218925539274533,0.9472230188467233,0.9149056540208164,0.4556646148727333,0.47886690647482016,0.46794871794871795,100.0,100.0,5585,12647,674,170,6997,6,0.03043867502238138,0.5532537360638887,0.008902077151335312,0.9500000000000001,0.8,0.7000000000000001,0.30000000000000004,75.0,40.0,30.0,0.45,0.9,0.8,0.5,90.0,55.0,25.0,7056,4235,2821,7056,0.3998015873015873,0.8572695146314824,1.0,0.8572695146314824,1957,0.46210153482880756,1.0,1
"iteration_2","SCOPE_DATA_COLLECTION",1600,20,1270.0,1330.0,2,9604,7182,2120,9779,7052,2088,6011,4448,1248,3572,2736,865,0.3727433997704268,0.38084632516703787,0.40937056318031234,0.5109462769637266,0.9472230188467233,1.3723584810312246,1.0218925539274533,0.9472230188467233,0.9149056540208164,0.4556646148727333,0.47886690647482016,0.46794871794871795,100.0,100.0,5585,12647,674,170,6997,6,0.03043867502238138,0.5532537360638887,0.008902077151335312,0.9500000000000001,0.8,0.7000000000000001,0.30000000000000004,75.0,40.0,30.0,0.45,0.9,0.8,0.5,90.0,55.0,25.0,2161,1271,890,2161,0.4118463674224896,1.2906233186125116,1.5,0.8604155457416743,589,0.4634146341463415,1.0,1
"iteration_2","SCOPE_DATA_COLLECTION",1600,21,1330.0,1390.0,0,9413,7056,2161,9604,7182,2120,5734,4222,1271,3685,2823,890,0.39123049155961354,0.4007097232079489,0.4118463674224896,0.4296744868626284,0.8570167863067142,1.2983159218656277,0.8593489737252568,0.8570167863067142,0.8655439479104184,0.41471921869550055,0.46234012316437706,0.46577498033044845,100.0,100.0,5567,5896,7167,226,51,7121,0.04059637147476199,0.008649932157394844,0.9935816938747035,0.45,0.9,0.8,0.5,90.0,55.0,25.0,0.45,0.8,0.9,0.6000000000000001,80.0,55.0,35.0,9535,5781,3754,9535,0.3937073938122706,0.4272732489298683,0.5,0.8545464978597366,2336,0.4040823386957274,1.0,1
"iteration_2","SCOPE_DATA_COLLECTION",1600,21,1330.0,1390.0,1,9413,7056,2161,9604,7182,2120,5734,4222,1271,3685,2823,890,0.39123049155961354,0.4007097232079489,0.4118463674224896,0.4296744868626284,0.8570167863067142,1.2983159218656277,0.8593489737252568,0.8570167863067142,0.8655439479104184,0.41471921869550055,0.46234012316437706,0.46577498033044845,100.0,100.0,5567,5896,7167,226,51,7121,0.04059637147476199,0.008649932157394844,0.9935816938747035,0.45,0.9,0.8,0.5,90.0,55.0,25.0,0.45,0.8,0.9,0.6000000000000001,80.0,55.0,35.0,7129,4251,2878,7129,0.40370318417730394,0.8801579210810331,1.0,0.8801579210810331,1992,0.46859562455892734,1.0,1
"iteration_2","SCOPE_DATA_COLLECTION",1600,21,1330.0,1390.0,2,9413,7056,2161,9604,7182,2120,5734,4222,1271,3685,2823,890,0.39123049155961354,0.4007097232079489,0.4118463674224896,0.4296744868626284,0.8570167863067142,1.2983159218656277,0.8593489737252568,0.8570167863067142,0.8655439479104184,0.41471921869550055,0.46234012316437706,0.46577498033044845,100.0,100.0,5567,5896,7167,226,51,7121,0.04059637147476199,0.008649932157394844,0.9935816938747035,0.45,0.9,0.8,0.5,90.0,55.0,25.0,0.45,0.8,0.9,0.6000000000000001,80.0,55.0,35.0,2232,1280,952,2232,0.4265232974910394,1.3264337346527766,1.5,0.8842891564351844,610,0.4765625,1.0,1
"iteration_2","SCOPE_DATA_COLLECTION",1600,22,1390.0,1450.0,0,9535,7129,2232,9413,7056,2161,5783,4251,1278,3754,2877,952,0.39362482961098877,0.4036195286195286,0.42690582959641254,0.4276418861786463,0.8795447785301737,1.3240374943872473,0.8552837723572926,0.8795447785301737,0.8826916629248315,0.40446135223932217,0.4681251470242296,0.4765258215962441,100.0,100.0,5617,5957,7322,256,5,7322,0.045575930211856866,8.393486654356219E-4,1.0,0.45,0.8,0.9,0.6000000000000001,80.0,55.0,35.0,0.55,0.7000000000000001,0.9,0.6000000000000001,90.0,55.0,45.0,9631,7021,2610,9631,0.27099989616862213,0.4080096316463074,0.5,0.8160192632926148,2597,0.3698903290129611,1.0,1
"iteration_2","SCOPE_DATA_COLLECTION",1600,22,1390.0,1450.0,1,9535,7129,2232,9413,7056,2161,5783,4251,1278,3754,2877,952,0.39362482961098877,0.4036195286195286,0.42690582959641254,0.4276418861786463,0.8795447785301737,1.3240374943872473,0.8552837723572926,0.8795447785301737,0.8826916629248315,0.40446135223932217,0.4681251470242296,0.4765258215962441,100.0,100.0,5617,5957,7322,256,5,7322,0.045575930211856866,8.393486654356219E-4,1.0,0.45,0.8,0.9,0.6000000000000001,80.0,55.0,35.0,0.55,0.7000000000000001,0.9,0.6000000000000001,90.0,55.0,45.0,7134,5140,1994,7134,0.27950658816933,0.7831882463342712,1.0,0.7831882463342712,2026,0.3941634241245136,1.0,1
"iteration_2","SCOPE_DATA_COLLECTION",1600,22,1390.0,1450.0,2,9535,7129,2232,9413,7056,2161,5783,4251,1278,3754,2877,952,0.39362482961098877,0.4036195286195286,0.42690582959641254,0.4276418861786463,0.8795447785301737,1.3240374943872473,0.8552837723572926,0.8795447785301737,0.8826916629248315,0.40446135223932217,0.4681251470242296,0.4765258215962441,100.0,100.0,5617,5957,7322,256,5,7322,0.045575930211856866,8.393486654356219E-4,1.0,0.45,0.8,0.9,0.6000000000000001,80.0,55.0,35.0,0.55,0.7000000000000001,0.9,0.6000000000000001,90.0,55.0,45.0,2104,1467,637,2104,0.30275665399239543,1.1748730985106304,1.5,0.7832487323404203,577,0.3933197000681663,1.0,1
"iteration_2","SCOPE_DATA_COLLECTION",1600,23,1450.0,1510.0,0,9631,7134,2104,9535,7129,2232,6988,5140,1472,2610,1995,636,0.2719316524275891,0.27960756832515765,0.301707779886148,0.40482405562836943,0.7817792483573761,1.1738620689800452,0.8096481112567389,0.7817792483573761,0.7825747126533634,0.366914710933028,0.3939688715953307,0.39266304347826086,100.0,100.0,5823,7277,5769,227,8,5006,0.03898334191997252,0.0010993541294489488,0.8677413763217195,0.55,0.7000000000000001,0.9,0.6000000000000001,90.0,55.0,45.0,0.55,0.6000000000000001,0.9,0.7000000000000001,95.0,45.0,55.0,9592,6648,2944,9592,0.30692243536280234,0.408639402507658,0.5,0.817278805015316,2567,0.3861311672683514,1.0,1
"iteration_2","SCOPE_DATA_COLLECTION",1600,23,1450.0,1510.0,1,9631,7134,2104,9535,7129,2232,6988,5140,1472,2610,1995,636,0.2719316524275891,0.27960756832515765,0.301707779886148,0.40482405562836943,0.7817792483573761,1.1738620689800452,0.8096481112567389,0.7817792483573761,0.7825747126533634,0.366914710933028,0.3939688715953307,0.39266304347826086,100.0,100.0,5823,7277,5769,227,8,5006,0.03898334191997252,0.0010993541294489488,0.8677413763217195,0.55,0.7000000000000001,0.9,0.6000000000000001,90.0,55.0,45.0,0.55,0.6000000000000001,0.9,0.7000000000000001,95.0,45.0,55.0,7130,4855,2275,7130,0.3190743338008415,0.7876115229791305,1.0,0.7876115229791305,1983,0.40844490216271884,1.0,1
"iteration_2","SCOPE_DATA_COLLECTION",1600,23,1450.0,1510.0,2,9631,7134,2104,9535,7129,2232,6988,5140,1472,2610,1995,636,0.2719316524275891,0.27960756832515765,0.301707779886148,0.40482405562836943,0.7817792483573761,1.1738620689800452,0.8096481112567389,0.7817792483573761,0.7825747126533634,0.366914710933028,0.3939688715953307,0.39266304347826086,100.0,100.0,5823,7277,5769,227,8,5006,0.03898334191997252,0.0010993541294489488,0.8677413763217195,0.55,0.7000000000000001,0.9,0.6000000000000001,90.0,55.0,45.0,0.55,0.6000000000000001,0.9,0.7000000000000001,95.0,45.0,55.0,2122,1411,711,2122,0.3350612629594722,1.1861079264792385,1.5,0.7907386176528256,571,0.40467753366406806,1.0,1
"iteration_2","SCOPE_DATA_COLLECTION",1600,24,1510.0,1570.0,0,9592,7130,2122,9631,7134,2104,6661,4858,1404,2944,2275,712,0.306507027589797,0.31894013738959764,0.33648393194706994,0.41005089600619365,0.7894658932906333,1.1814201892672997,0.8201017920123873,0.7894658932906333,0.7876134595115332,0.386878847019967,0.40942774804446275,0.4031339031339031,97.5,100.0,5707,7150,5987,193,13,5725,0.033818118100578234,0.0018181818181818182,0.9562385167863705,0.55,0.6000000000000001,0.9,0.7000000000000001,95.0,45.0,55.0,0.45,0.5,0.9,0.8,95.0,35.0,45.0,9551,5847,3704,9551,0.3878127944717831,0.43960121330498036,0.5,0.8792024266099607,2525,0.4318453907987002,1.0,1
"iteration_2","SCOPE_DATA_COLLECTION",1600,24,1510.0,1570.0,1,9592,7130,2122,9631,7134,2104,6661,4858,1404,2944,2275,712,0.306507027589797,0.31894013738959764,0.33648393194706994,0.41005089600619365,0.7894658932906333,1.1814201892672997,0.8201017920123873,0.7894658932906333,0.7876134595115332,0.386878847019967,0.40942774804446275,0.4031339031339031,97.5,100.0,5707,7150,5987,193,13,5725,0.033818118100578234,0.0018181818181818182,0.9562385167863705,0.55,0.6000000000000001,0.9,0.7000000000000001,95.0,45.0,55.0,0.45,0.5,0.9,0.8,95.0,35.0,45.0,7193,4319,2874,7193,0.39955512303628526,0.8778244320543623,1.0,0.8778244320543623,2014,0.46631164621440147,1.0,1
"iteration_2","SCOPE_DATA_COLLECTION",1600,24,1510.0,1570.0,2,9592,7130,2122,9631,7134,2104,6661,4858,1404,2944,2275,712,0.306507027589797,0.31894013738959764,0.33648393194706994,0.41005089600619365,0.7894658932906333,1.1814201892672997,0.8201017920123873,0.7894658932906333,0.7876134595115332,0.386878847019967,0.40942774804446275,0.4031339031339031,97.5,100.0,5707,7150,5987,193,13,5725,0.033818118100578234,0.0018181818181818182,0.9562385167863705,0.55,0.6000000000000001,0.9,0.7000000000000001,95.0,45.0,55.0,0.45,0.5,0.9,0.8,95.0,35.0,45.0,2130,1248,882,2130,0.4140845070422535,1.2838193558558872,1.5,0.8558795705705915,572,0.4583333333333333,1.0,1
"iteration_2","SCOPE_DATA_COLLECTION",1600,25,1570.0,1630.0,0,9551,7193,2130,9592,7130,2122,5844,4314,1256,3704,2874,882,0.3879346459991621,0.3998330550918197,0.41253507951356405,0.43879375430772727,0.8764612300373139,1.2933052867501373,0.8775875086154545,0.8764612300373139,0.8622035245000915,0.43121149897330596,0.4656930922577654,0.4625796178343949,100.0,100.0,5745,5897,7232,222,6,7232,0.038642297650130546,0.0010174665083940986,1.0,0.45,0.5,0.9,0.8,95.0,35.0,45.0,0.9,0.6000000000000001,0.8,0.8,90.0,40.0,20.0,9543,7364,2179,9543,0.22833490516609034,0.501864575792819,0.5,1.003729151585638,2828,0.3840304182509506,1.0,1
"iteration_2","SCOPE_DATA_COLLECTION",1600,25,1570.0,1630.0,1,9551,7193,2130,9592,7130,2122,5844,4314,1256,3704,2874,882,0.3879346459991621,0.3998330550918197,0.41253507951356405,0.43879375430772727,0.8764612300373139,1.2933052867501373,0.8775875086154545,0.8764612300373139,0.8622035245000915,0.43121149897330596,0.4656930922577654,0.4625796178343949,100.0,100.0,5745,5897,7232,222,6,7232,0.038642297650130546,0.0010174665083940986,1.0,0.45,0.5,0.9,0.8,95.0,35.0,45.0,0.9,0.6000000000000001,0.8,0.8,90.0,40.0,20.0,7070,5268,1802,7070,0.2548797736916549,0.8899505218535269,1.0,0.8899505218535269,2127,0.4037585421412301,1.0,1
"iteration_2","SCOPE_DATA_COLLECTION",1600,25,1570.0,1630.0,2,9551,7193,2130,9592,7130,2122,5844,4314,1256,3704,2874,882,0.3879346459991621,0.3998330550918197,0.41253507951356405,0.43879375430772727,0.8764612300373139,1.2933052867501373,0.8775875086154545,0.8764612300373139,0.8622035245000915,0.43121149897330596,0.4656930922577654,0.4625796178343949,100.0,100.0,5745,5897,7232,222,6,7232,0.038642297650130546,0.0010174665083940986,1.0,0.45,0.5,0.9,0.8,95.0,35.0,45.0,0.9,0.6000000000000001,0.8,0.8,90.0,40.0,20.0,2157,1491,666,2157,0.3087621696801113,1.2986054122308108,1.5,0.8657369414872073,620,0.41582830315224684,1.0,1
"iteration_2","SCOPE_DATA_COLLECTION",1600,26,1630.0,1690.0,0,9543,7070,2157,9551,7193,2130,7360,5248,1478,2179,1802,666,0.22843065310829228,0.25560283687943264,0.310634328358209,0.5037603716587977,0.89323960402474,1.2963313198346411,1.0075207433175954,0.89323960402474,0.8642208798897607,0.3862771739130435,0.4058689024390244,0.41474966170500677,100.0,100.0,5594,11892,1284,175,4463,9,0.03128351805505899,0.37529431550622266,0.007009345794392523,0.9,0.6000000000000001,0.8,0.8,90.0,40.0,20.0,0.9,0.6000000000000001,0.8,0.8,90.0,40.0,20.0,9457,6906,2551,9457,0.26974727714920166,0.5076844992289468,0.5,1.0153689984578935,2784,0.40312771503040834,1.0,1
"iteration_2","SCOPE_DATA_COLLECTION",1600,26,1630.0,1690.0,1,9543,7070,2157,9551,7193,2130,7360,5248,1478,2179,1802,666,0.22843065310829228,0.25560283687943264,0.310634328358209,0.5037603716587977,0.89323960402474,1.2963313198346411,1.0075207433175954,0.89323960402474,0.8642208798897607,0.3862771739130435,0.4058689024390244,0.41474966170500677,100.0,100.0,5594,11892,1284,175,4463,9,0.03128351805505899,0.37529431550622266,0.007009345794392523,0.9,0.6000000000000001,0.8,0.8,90.0,40.0,20.0,0.9,0.6000000000000001,0.8,0.8,90.0,40.0,20.0,7309,5153,2156,7309,0.294978793268573,0.90838390903933,1.0,0.90838390903933,2252,0.4370269745779158,1.0,1
"iteration_2","SCOPE_DATA_COLLECTION",1600,26,1630.0,1690.0,2,9543,7070,2157,9551,7193,2130,7360,5248,1478,2179,1802,666,0.22843065310829228,0.25560283687943264,0.310634328358209,0.5037603716587977,0.89323960402474,1.2963313198346411,1.0075207433175954,0.89323960402474,0.8642208798897607,0.3862771739130435,0.4058689024390244,0.41474966170500677,100.0,100.0,5594,11892,1284,175,4463,9,0.03128351805505899,0.37529431550622266,0.007009345794392523,0.9,0.6000000000000001,0.8,0.8,90.0,40.0,20.0,0.9,0.6000000000000001,0.8,0.8,90.0,40.0,20.0,2104,1413,691,2104,0.3284220532319392,1.3001826782092538,1.5,0.8667884521395025,561,0.3970276008492569,1.0,1
"iteration_2","SCOPE_DATA_COLLECTION",1600,27,1690.0,1750.0,0,9457,7309,2104,9543,7070,2157,6898,5151,1416,2551,2156,691,0.269975658799873,0.295059531955659,0.32795443758898907,0.508779230491007,0.9078087095708123,1.3103850478142807,1.017558460982014,0.9078087095708123,0.8735900318761871,0.4048999710060887,0.43700252378178994,0.4018361581920904,95.0,100.0,5555,11949,1366,172,5226,0,0.030963096309630962,0.4373587747928697,0.0,0.9,0.6000000000000001,0.8,0.8,90.0,40.0,20.0,0.7000000000000001,0.30000000000000004,0.1,0.4,60.0,95.0,25.0,9776,9299,477,9776,0.04879296235679215,0.3326696585997942,0.5,0.6653393171995884,2439,0.26228626734057425,1.0,1
"iteration_2","SCOPE_DATA_COLLECTION",1600,27,1690.0,1750.0,1,9457,7309,2104,9543,7070,2157,6898,5151,1416,2551,2156,691,0.269975658799873,0.295059531955659,0.32795443758898907,0.508779230491007,0.9078087095708123,1.3103850478142807,1.017558460982014,0.9078087095708123,0.8735900318761871,0.4048999710060887,0.43700252378178994,0.4018361581920904,95.0,100.0,5555,11949,1366,172,5226,0,0.030963096309630962,0.4373587747928697,0.0,0.9,0.6000000000000001,0.8,0.8,90.0,40.0,20.0,0.7000000000000001,0.30000000000000004,0.1,0.4,60.0,95.0,25.0,7283,6925,358,7283,0.04915556776053824,0.6198458160598538,1.0,0.6198458160598538,2103,0.3036823104693141,1.0,1
"iteration_2","SCOPE_DATA_COLLECTION",1600,27,1690.0,1750.0,2,9457,7309,2104,9543,7070,2157,6898,5151,1416,2551,2156,691,0.269975658799873,0.295059531955659,0.32795443758898907,0.508779230491007,0.9078087095708123,1.3103850478142807,1.017558460982014,0.9078087095708123,0.8735900318761871,0.4048999710060887,0.43700252378178994,0.4018361581920904,95.0,100.0,5555,11949,1366,172,5226,0,0.030963096309630962,0.4373587747928697,0.0,0.9,0.6000000000000001,0.8,0.8,90.0,40.0,20.0,0.7000000000000001,0.30000000000000004,0.1,0.4,60.0,95.0,25.0,2063,1936,127,2063,0.06156083373727581,0.985433841959245,1.5,0.6569558946394967,567,0.29287190082644626,1.0,1
"iteration_2","SCOPE_DATA_COLLECTION",1600,28,1750.0,1810.0,0,9776,7283,2063,9457,7309,2104,9316,6946,1943,477,358,127,0.04870826100275707,0.04901423877327492,0.06135265700483092,0.3328601232607854,0.6235938943406901,0.9811687740951036,0.6657202465215708,0.6235938943406901,0.6541125160634024,0.2615929583512237,0.30434782608695654,0.2902727740607308,100.0,100.0,5491,9517,4114,67,27,868,0.012201784738663268,0.0028370284753598822,0.21098687408847835,0.7000000000000001,0.30000000000000004,0.1,0.4,60.0,95.0,25.0,0.7000000000000001,0.30000000000000004,0.1,0.4,60.0,95.0,25.0,9764,9321,443,9764,0.045370749692748874,0.3376842512819625,0.5,0.675368502563925,2407,0.2582340950541787,1.0,1
"iteration_2","SCOPE_DATA_COLLECTION",1600,28,1750.0,1810.0,1,9776,7283,2063,9457,7309,2104,9316,6946,1943,477,358,127,0.04870826100275707,0.04901423877327492,0.06135265700483092,0.3328601232607854,0.6235938943406901,0.9811687740951036,0.6657202465215708,0.6235938943406901,0.6541125160634024,0.2615929583512237,0.30434782608695654,0.2902727740607308,100.0,100.0,5491,9517,4114,67,27,868,0.012201784738663268,0.0028370284753598822,0.21098687408847835,0.7000000000000001,0.30000000000000004,0.1,0.4,60.0,95.0,25.0,0.7000000000000001,0.30000000000000004,0.1,0.4,60.0,95.0,25.0,7151,6796,355,7151,0.049643406516571106,0.620785859536997,1.0,0.620785859536997,2027,0.29826368452030605,1.0,1
"iteration_2","SCOPE_DATA_COLLECTION",1600,28,1750.0,1810.0,2,9776,7283,2063,9457,7309,2104,9316,6946,1943,477,358,127,0.04870826100275707,0.04901423877327492,0.06135265700483092,0.3328601232607854,0.6235938943406901,0.9811687740951036,0.6657202465215708,0.6235938943406901,0.6541125160634024,0.2615929583512237,0.30434782608695654,0.2902727740607308,100.0,100.0,5491,9517,4114,67,27,868,0.012201784738663268,0.0028370284753598822,0.21098687408847835,0.7000000000000001,0.30000000000000004,0.1,0.4,60.0,95.0,25.0,0.7000000000000001,0.30000000000000004,0.1,0.4,60.0,95.0,25.0,2130,1989,141,2130,0.06619718309859154,0.9813326408007884,1.5,0.6542217605338589,576,0.2895927601809955,1.0,1
"iteration_2","SCOPE_DATA_COLLECTION",1600,29,1810.0,1870.0,0,9764,7151,2130,9776,7283,2063,9298,6787,1991,443,355,140,0.045477877014680215,0.04970596471576589,0.0656968559361802,0.33641144048009547,0.6199178905839897,0.9858452290560211,0.6728228809601909,0.6199178905839897,0.6572301527040141,0.25629167562916755,0.29865920141446883,0.2923154193872426,100.0,100.0,5454,9535,4056,60,183,695,0.011001100110011002,0.019192448872574725,0.17135108481262326,0.7000000000000001,0.30000000000000004,0.1,0.4,60.0,95.0,25.0,0.6000000000000001,0.4,0.2,0.30000000000000004,70.0,95.0,20.0,9494,7442,2052,9494,0.21613650726774805,0.390892581392881,0.5,0.781785162785762,2553,0.3430529427573233,1.0,1
"iteration_2","SCOPE_DATA_COLLECTION",1600,29,1810.0,1870.0,1,9764,7151,2130,9776,7283,2063,9298,6787,1991,443,355,140,0.045477877014680215,0.04970596471576589,0.0656968559361802,0.33641144048009547,0.6199178905839897,0.9858452290560211,0.6728228809601909,0.6199178905839897,0.6572301527040141,0.25629167562916755,0.29865920141446883,0.2923154193872426,100.0,100.0,5454,9535,4056,60,183,695,0.011001100110011002,0.019192448872574725,0.17135108481262326,0.7000000000000001,0.30000000000000004,0.1,0.4,60.0,95.0,25.0,0.6000000000000001,0.4,0.2,0.30000000000000004,70.0,95.0,20.0,7048,5482,1566,7048,0.22219069239500566,0.7380474095984726,1.0,0.7380474095984726,2055,0.37486318861729295,1.0,1
"iteration_2","SCOPE_DATA_COLLECTION",1600,29,1810.0,1870.0,2,9764,7151,2130,9776,7283,2063,9298,6787,1991,443,355,140,0.045477877014680215,0.04970596471576589,0.0656968559361802,0.33641144048009547,0.6199178905839897,0.9858452290560211,0.6728228809601909,0.6199178905839897,0.6572301527040141,0.25629167562916755,0.29865920141446883,0.2923154193872426,100.0,100.0,5454,9535,4056,60,183,695,0.011001100110011002,0.019192448872574725,0.17135108481262326,0.7000000000000001,0.30000000000000004,0.1,0.4,60.0,95.0,25.0,0.6000000000000001,0.4,0.2,0.30000000000000004,70.0,95.0,20.0,2155,1657,498,2155,0.23109048723897913,1.1214133577590815,1.5,0.7476089051727209,603,0.363910681955341,1.0,1
"iteration_2","SCOPE_DATA_COLLECTION",1600,30,1870.0,1930.0,0,9494,7048,2155,9764,7151,2130,7471,5492,1653,2052,1566,499,0.21547831565683084,0.22187588551997733,0.23187732342007436,0.39068351020489783,0.7358979853163018,1.1160423564030963,0.7813670204097957,0.7358979853163018,0.7440282376020643,0.34386293668852896,0.3718135469774217,0.3605565638233515,97.5,100.0,5443,7951,5303,93,4,4020,0.017086165717435237,5.030813734121495E-4,0.7580614746369979,0.6000000000000001,0.4,0.2,0.30000000000000004,70.0,95.0,20.0,0.6000000000000001,0.5,0.30000000000000004,0.2,80.0,85.0,20.0,9562,7555,2007,9562,0.20989332775569963,0.3905604764418313,0.5,0.7811209528836626,2586,0.34228987425546,1.0,1
"iteration_2","SCOPE_DATA_COLLECTION",1600,30,1870.0,1930.0,1,9494,7048,2155,9764,7151,2130,7471,5492,1653,2052,1566,499,0.21547831565683084,0.22187588551997733,0.23187732342007436,0.39068351020489783,0.7358979853163018,1.1160423564030963,0.7813670204097957,0.7358979853163018,0.7440282376020643,0.34386293668852896,0.3718135469774217,0.3605565638233515,97.5,100.0,5443,7951,5303,93,4,4020,0.017086165717435237,5.030813734121495E-4,0.7580614746369979,0.6000000000000001,0.4,0.2,0.30000000000000004,70.0,95.0,20.0,0.6000000000000001,0.5,0.30000000000000004,0.2,80.0,85.0,20.0,6963,5411,1552,6963,0.22289243142323711,0.7123380426667326,1.0,0.7123380426667326,1962,0.362594714470523,1.0,1
"iteration_2","SCOPE_DATA_COLLECTION",1600,30,1870.0,1930.0,2,9494,7048,2155,9764,7151,2130,7471,5492,1653,2052,1566,499,0.21547831565683084,0.22187588551997733,0.23187732342007436,0.39068351020489783,0.7358979853163018,1.1160423564030963,0.7813670204097957,0.7358979853163018,0.7440282376020643,0.34386293668852896,0.3718135469774217,0.3605565638233515,97.5,100.0,5443,7951,5303,93,4,4020,0.017086165717435237,5.030813734121495E-4,0.7580614746369979,0.6000000000000001,0.4,0.2,0.30000000000000004,70.0,95.0,20.0,0.6000000000000001,0.5,0.30000000000000004,0.2,80.0,85.0,20.0,2168,1662,506,2168,0.2333948339483395,1.089271324487214,1.5,0.7261808829914761,606,0.36462093862815886,1.0,1
"iteration_2","SCOPE_DATA_COLLECTION",1600,31,1930.0,1990.0,0,9562,6963,2168,9494,7048,2155,7543,5423,1663,2007,1552,506,0.21015706806282722,0.22250896057347672,0.23328722913785155,0.3910095043447355,0.7154046730942685,1.0945525636484896,0.782019008689471,0.7154046730942685,0.7297017090989931,0.3419064032878165,0.3649271620874055,0.3668069753457607,100.0,100.0,5466,7905,5322,95,3,3967,0.01738016831320893,3.795066413662239E-4,0.7453964674934235,0.6000000000000001,0.5,0.30000000000000004,0.2,80.0,85.0,20.0,0.9500000000000001,0.5,0.8,0.7000000000000001,35.0,75.0,95.0,9688,6817,2871,9688,0.29634599504541703,0.48800013640486745,0.5,0.9760002728097349,2802,0.4110312454158721,1.0,1
"iteration_2","SCOPE_DATA_COLLECTION",1600,31,1930.0,1990.0,1,9562,6963,2168,9494,7048,2155,7543,5423,1663,2007,1552,506,0.21015706806282722,0.22250896057347672,0.23328722913785155,0.3910095043447355,0.7154046730942685,1.0945525636484896,0.782019008689471,0.7154046730942685,0.7297017090989931,0.3419064032878165,0.3649271620874055,0.3668069753457607,100.0,100.0,5466,7905,5322,95,3,3967,0.01738016831320893,3.795066413662239E-4,0.7453964674934235,0.6000000000000001,0.5,0.30000000000000004,0.2,80.0,85.0,20.0,0.9500000000000001,0.5,0.8,0.7000000000000001,35.0,75.0,95.0,7032,4830,2202,7032,0.31313993174061433,0.8937046450617705,1.0,0.8937046450617705,2121,0.4391304347826087,1.0,1
"iteration_2","SCOPE_DATA_COLLECTION",1600,31,1930.0,1990.0,2,9562,6963,2168,9494,7048,2155,7543,5423,1663,2007,1552,506,0.21015706806282722,0.22250896057347672,0.23328722913785155,0.3910095043447355,0.7154046730942685,1.0945525636484896,0.782019008689471,0.7154046730942685,0.7297017090989931,0.3419064032878165,0.3649271620874055,0.3668069753457607,100.0,100.0,5466,7905,5322,95,3,3967,0.01738016831320893,3.795066413662239E-4,0.7453964674934235,0.6000000000000001,0.5,0.30000000000000004,0.2,80.0,85.0,20.0,0.9500000000000001,0.5,0.8,0.7000000000000001,35.0,75.0,95.0,2140,1318,822,2140,0.3841121495327103,1.279855672753761,1.5,0.8532371151691741,542,0.41122913505311076,1.0,1
"iteration_2","SCOPE_DATA_COLLECTION",1600,32,1990.0,2050.0,0,9688,7032,2140,9562,6963,2168,6826,4829,1312,2871,2202,822,0.29607094977828197,0.3131844687811122,0.3851921274601687,0.4891670001887646,0.8923297007164658,1.2797926006592182,0.9783340003775292,0.8923297007164658,0.8531950671061455,0.41312628186346323,0.4394284530958791,0.4115853658536585,100.0,100.0,5801,12396,663,197,5694,4,0.033959662127219445,0.4593417231364956,0.006033182503770739,0.9500000000000001,0.5,0.8,0.7000000000000001,35.0,75.0,95.0,0.05,0.4,0.8,0.7000000000000001,75.0,25.0,30.0,9564,3192,6372,9564,0.6662484316185696,0.6414976159878659,0.5,1.2829952319757318,2275,0.7127192982456141,1.0,1
"iteration_2","SCOPE_DATA_COLLECTION",1600,32,1990.0,2050.0,1,9688,7032,2140,9562,6963,2168,6826,4829,1312,2871,2202,822,0.29607094977828197,0.3131844687811122,0.3851921274601687,0.4891670001887646,0.8923297007164658,1.2797926006592182,0.9783340003775292,0.8923297007164658,0.8531950671061455,0.41312628186346323,0.4394284530958791,0.4115853658536585,100.0,100.0,5801,12396,663,197,5694,4,0.033959662127219445,0.4593417231364956,0.006033182503770739,0.9500000000000001,0.5,0.8,0.7000000000000001,35.0,75.0,95.0,0.05,0.4,0.8,0.7000000000000001,75.0,25.0,30.0,7080,2249,4831,7080,0.6823446327683615,1.369331551351472,1.0,1.369331551351472,1944,0.8643841707425522,1.0,1
"iteration_2","SCOPE_DATA_COLLECTION",1600,32,1990.0,2050.0,2,9688,7032,2140,9562,6963,2168,6826,4829,1312,2871,2202,822,0.29607094977828197,0.3131844687811122,0.3851921274601687,0.4891670001887646,0.8923297007164658,1.2797926006592182,0.9783340003775292,0.8923297007164658,0.8531950671061455,0.41312628186346323,0.4394284530958791,0.4115853658536585,100.0,100.0,5801,12396,663,197,5694,4,0.033959662127219445,0.4593417231364956,0.006033182503770739,0.9500000000000001,0.5,0.8,0.7000000000000001,35.0,75.0,95.0,0.05,0.4,0.8,0.7000000000000001,75.0,25.0,30.0,2204,661,1543,2204,0.7000907441016334,2.1504564796146464,1.5,1.433637653076431,588,0.8895612708018155,1.0,1
"iteration_2","SCOPE_DATA_COLLECTION",1600,33,2050.0,2110.0,0,9564,7080,2204,9688,7032,2140,3202,2257,671,6372,4831,1543,0.6655525381240861,0.6815744920993227,0.6969286359530262,0.6377349022057905,1.3614494489848654,2.1144638777204294,1.275469804411581,1.3614494489848654,1.409642585146953,0.707682698313554,0.8586619406291538,0.8718330849478391,97.5,100.0,5594,632,12622,204,0,12542,0.036467643904183056,0.0,0.9936618602440184,0.05,0.4,0.8,0.7000000000000001,75.0,25.0,30.0,0.5,0.4,0.6000000000000001,0.9,70.0,60.0,45.0,9657,6443,3214,9657,0.33281557419488456,0.3975570129213428,0.5,0.7951140258426856,2439,0.3785503647369238,1.0,1
"iteration_2","SCOPE_DATA_COLLECTION",1600,33,2050.0,2110.0,1,9564,7080,2204,9688,7032,2140,3202,2257,671,6372,4831,1543,0.6655525381240861,0.6815744920993227,0.6969286359530262,0.6377349022057905,1.3614494489848654,2.1144638777204294,1.275469804411581,1.3614494489848654,1.409642585146953,0.707682698313554,0.8586619406291538,0.8718330849478391,97.5,100.0,5594,632,12622,204,0,12542,0.036467643904183056,0.0,0.9936618602440184,0.05,0.4,0.8,0.7000000000000001,75.0,25.0,30.0,0.5,0.4,0.6000000000000001,0.9,70.0,60.0,45.0,7075,4573,2502,7075,0.35363957597173146,0.8221323475311993,1.0,0.8221323475311993,1988,0.4347255630876886,1.0,1
"iteration_2","SCOPE_DATA_COLLECTION",1600,33,2050.0,2110.0,2,9564,7080,2204,9688,7032,2140,3202,2257,671,6372,4831,1543,0.6655525381240861,0.6815744920993227,0.6969286359530262,0.6377349022057905,1.3614494489848654,2.1144638777204294,1.275469804411581,1.3614494489848654,1.409642585146953,0.707682698313554,0.8586619406291538,0.8718330849478391,97.5,100.0,5594,632,12622,204,0,12542,0.036467643904183056,0.0,0.9936618602440184,0.05,0.4,0.8,0.7000000000000001,75.0,25.0,30.0,0.5,0.4,0.6000000000000001,0.9,70.0,60.0,45.0,2218,1393,825,2218,0.3719567177637511,1.221802430882647,1.5,0.8145349539217647,588,0.4221105527638191,1.0,1
"iteration_2","SCOPE_DATA_COLLECTION",1600,34,2110.0,2170.0,0,9657,7075,2218,9564,7080,2204,6442,4565,1386,3214,2502,825,0.3328500414250207,0.35403990377812367,0.373134328358209,0.3981435970534266,0.8223977908424094,1.225604538877776,0.7962871941068532,0.8223977908424094,0.817069692585184,0.3789195901893822,0.4343921139101862,0.42424242424242425,100.0,100.0,5716,6765,6469,233,6,6302,0.0407627711686494,8.869179600886918E-4,0.9741845725769053,0.5,0.4,0.6000000000000001,0.9,70.0,60.0,45.0,0.5,0.4,0.6000000000000001,0.9,70.0,60.0,45.0,9533,6099,3434,9533,0.3602223853980908,0.41263225564498435,0.5,0.8252645112899687,2418,0.396458435809149,1.0,1
"iteration_2","SCOPE_DATA_COLLECTION",1600,34,2110.0,2170.0,1,9657,7075,2218,9564,7080,2204,6442,4565,1386,3214,2502,825,0.3328500414250207,0.35403990377812367,0.373134328358209,0.3981435970534266,0.8223977908424094,1.225604538877776,0.7962871941068532,0.8223977908424094,0.817069692585184,0.3789195901893822,0.4343921139101862,0.42424242424242425,100.0,100.0,5716,6765,6469,233,6,6302,0.0407627711686494,8.869179600886918E-4,0.9741845725769053,0.5,0.4,0.6000000000000001,0.9,70.0,60.0,45.0,0.5,0.4,0.6000000000000001,0.9,70.0,60.0,45.0,7206,4569,2637,7206,0.3659450457951707,0.8468481072259458,1.0,0.8468481072259458,2067,0.45239658568614577,1.0,1
"iteration_2","SCOPE_DATA_COLLECTION",1600,34,2110.0,2170.0,2,9657,7075,2218,9564,7080,2204,6442,4565,1386,3214,2502,825,0.3328500414250207,0.35403990377812367,0.373134328358209,0.3981435970534266,0.8223977908424094,1.225604538877776,0.7962871941068532,0.8223977908424094,0.817069692585184,0.3789195901893822,0.4343921139101862,0.42424242424242425,100.0,100.0,5716,6765,6469,233,6,6302,0.0407627711686494,8.869179600886918E-4,0.9741845725769053,0.5,0.4,0.6000000000000001,0.9,70.0,60.0,45.0,0.5,0.4,0.6000000000000001,0.9,70.0,60.0,45.0,2113,1254,859,2113,0.4065309985802177,1.2769570168607582,1.5,0.8513046779071721,566,0.4513556618819777,1.0,1
"iteration_2","SCOPE_DATA_COLLECTION",1600,35,2170.0,2230.0,0,9533,7206,2113,9657,7075,2218,6104,4546,1263,3434,2637,859,0.36003355001048437,0.3671168035639705,0.4048067860508954,0.41296426876545567,0.8431251754795934,1.278671806083222,0.8259285375309113,0.8431251754795934,0.852447870722148,0.39695281782437747,0.4511658600967884,0.45209817893903403,100.0,100.0,5733,6420,6699,229,2,6699,0.03994418280132566,3.1152647975077883E-4,1.0,0.5,0.4,0.6000000000000001,0.9,70.0,60.0,45.0,0.5,0.4,0.6000000000000001,0.9,70.0,60.0,45.0,9641,6204,3437,9641,0.35649828855927806,0.41385317674237093,0.5,0.8277063534847419,2496,0.402321083172147,1.0,1
"iteration_2","SCOPE_DATA_COLLECTION",1600,35,2170.0,2230.0,1,9533,7206,2113,9657,7075,2218,6104,4546,1263,3434,2637,859,0.36003355001048437,0.3671168035639705,0.4048067860508954,0.41296426876545567,0.8431251754795934,1.278671806083222,0.8259285375309113,0.8431251754795934,0.852447870722148,0.39695281782437747,0.4511658600967884,0.45209817893903403,100.0,100.0,5733,6420,6699,229,2,6699,0.03994418280132566,3.1152647975077883E-4,1.0,0.5,0.4,0.6000000000000001,0.9,70.0,60.0,45.0,0.5,0.4,0.6000000000000001,0.9,70.0,60.0,45.0,7123,4559,2564,7123,0.35996069072020215,0.8646206171814595,1.0,0.8646206171814595,2105,0.4617240622943628,1.0,1
"iteration_2","SCOPE_DATA_COLLECTION",1600,35,2170.0,2230.0,2,9533,7206,2113,9657,7075,2218,6104,4546,1263,3434,2637,859,0.36003355001048437,0.3671168035639705,0.4048067860508954,0.41296426876545567,0.8431251754795934,1.278671806083222,0.8259285375309113,0.8431251754795934,0.852447870722148,0.39695281782437747,0.4511658600967884,0.45209817893903403,100.0,100.0,5733,6420,6699,229,2,6699,0.03994418280132566,3.1152647975077883E-4,1.0,0.5,0.4,0.6000000000000001,0.9,70.0,60.0,45.0,0.5,0.4,0.6000000000000001,0.9,70.0,60.0,45.0,2070,1314,756,2070,0.3652173913043478,1.199989675609096,1.5,0.7999931170727307,544,0.4140030441400304,1.0,1
"iteration_2","SCOPE_DATA_COLLECTION",1600,36,2230.0,2290.0,0,9641,7123,2070,9533,7206,2113,6196,4596,1306,3437,2564,756,0.35679435274576976,0.35810055865921786,0.36663433559650827,0.41330800997759787,0.8714071388168674,1.19570826766435,0.8266160199551957,0.8714071388168674,0.7971388451095667,0.40171078114912845,0.4651871192341166,0.4111791730474732,97.5,100.0,5781,6460,6593,197,7,6553,0.03407714928213112,0.00108359133126935,0.9939329591991506,0.5,0.4,0.6000000000000001,0.9,70.0,60.0,45.0,0.25,0.4,0.30000000000000004,0.1,20.0,60.0,45.0,9792,4573,5219,9792,0.5329861111111112,0.4834236514714177,0.5,0.9668473029428354,2284,0.4994533129236825,1.0,1
"iteration_2","SCOPE_DATA_COLLECTION",1600,36,2230.0,2290.0,1,9641,7123,2070,9533,7206,2113,6196,4596,1306,3437,2564,756,0.35679435274576976,0.35810055865921786,0.36663433559650827,0.41330800997759787,0.8714071388168674,1.19570826766435,0.8266160199551957,0.8714071388168674,0.7971388451095667,0.40171078114912845,0.4651871192341166,0.4111791730474732,97.5,100.0,5781,6460,6593,197,7,6553,0.03407714928213112,0.00108359133126935,0.9939329591991506,0.5,0.4,0.6000000000000001,0.9,70.0,60.0,45.0,0.25,0.4,0.30000000000000004,0.1,20.0,60.0,45.0,7029,3198,3831,7029,0.5450277422108408,1.0055900767132857,1.0,1.0055900767132857,1941,0.6069418386491557,1.0,1
"iteration_2","SCOPE_DATA_COLLECTION",1600,36,2230.0,2290.0,2,9641,7123,2070,9533,7206,2113,6196,4596,1306,3437,2564,756,0.35679435274576976,0.35810055865921786,0.36663433559650827,0.41330800997759787,0.8714071388168674,1.19570826766435,0.8266160199551957,0.8714071388168674,0.7971388451095667,0.40171078114912845,0.4651871192341166,0.4111791730474732,97.5,100.0,5781,6460,6593,197,7,6553,0.03407714928213112,0.00108359133126935,0.9939329591991506,0.5,0.4,0.6000000000000001,0.9,70.0,60.0,45.0,0.25,0.4,0.30000000000000004,0.1,20.0,60.0,45.0,2167,962,1205,2167,0.5560682971850485,1.5198695622857428,1.5,1.0132463748571618,594,0.6174636174636174,1.0,1
"iteration_2","SCOPE_DATA_COLLECTION",1600,37,2290.0,2350.0,0,9792,7029,2167,9641,7123,2070,4574,3191,965,5219,3831,1205,0.5329316858980905,0.5455710623753917,0.5552995391705069,0.4832934432401575,1.0021184935375136,1.5228597717845171,0.966586886480315,1.0021184935375136,1.0152398478563447,0.4989068648885002,0.6048260733312442,0.6176165803108808,97.5,100.0,5400,3386,10202,51,2,10202,0.009444444444444445,5.906674542232723E-4,1.0,0.25,0.4,0.30000000000000004,0.1,20.0,60.0,45.0,0.2,0.2,0.4,0.8,55.0,95.0,50.0,9579,4177,5402,9579,0.5639419563628771,0.5020921680279374,0.5,1.0041843360558749,2280,0.5458463011730907,1.0,1
"iteration_2","SCOPE_DATA_COLLECTION",1600,37,2290.0,2350.0,1,9792,7029,2167,9641,7123,2070,4574,3191,965,5219,3831,1205,0.5329316858980905,0.5455710623753917,0.5552995391705069,0.4832934432401575,1.0021184935375136,1.5228597717845171,0.966586886480315,1.0021184935375136,1.0152398478563447,0.4989068648885002,0.6048260733312442,0.6176165803108808,97.5,100.0,5400,3386,10202,51,2,10202,0.009444444444444445,5.906674542232723E-4,1.0,0.25,0.4,0.30000000000000004,0.1,20.0,60.0,45.0,0.2,0.2,0.4,0.8,55.0,95.0,50.0,6986,3046,3940,6986,0.5639851130833095,1.1002427127689778,1.0,1.1002427127689778,2037,0.6687458962573868,1.0,1
"iteration_2","SCOPE_DATA_COLLECTION",1600,37,2290.0,2350.0,2,9792,7029,2167,9641,7123,2070,4574,3191,965,5219,3831,1205,0.5329316858980905,0.5455710623753917,0.5552995391705069,0.4832934432401575,1.0021184935375136,1.5228597717845171,0.966586886480315,1.0021184935375136,1.0152398478563447,0.4989068648885002,0.6048260733312442,0.6176165803108808,97.5,100.0,5400,3386,10202,51,2,10202,0.009444444444444445,5.906674542232723E-4,1.0,0.25,0.4,0.30000000000000004,0.1,20.0,60.0,45.0,0.2,0.2,0.4,0.8,55.0,95.0,50.0,2134,841,1293,2134,0.6059044048734771,1.687170864496789,1.5,1.1247805763311927,563,0.6694411414982164,1.0,1
"iteration_2","SCOPE_DATA_COLLECTION",1600,38,2350.0,2410.0,0,9579,6986,2134,9792,7029,2167,4191,3042,844,5402,3940,1293,0.5631189408944022,0.5643082211400745,0.6050538137576041,0.5041111810062299,1.0981116448528676,1.6829382249098797,1.0082223620124597,1.0981116448528676,1.1219588166065864,0.5487950369840133,0.6676528599605522,0.6682464454976303,97.5,100.0,5675,2530,10494,137,4,10494,0.024140969162995594,0.0015810276679841897,1.0,0.2,0.2,0.4,0.8,55.0,95.0,50.0,0.30000000000000004,0.30000000000000004,0.5,0.9,65.0,85.0,40.0,9475,4783,4692,9475,0.49519788918205804,0.4597108033917235,0.5,0.919421606783447,2286,0.4779427137779636,1.0,1
"iteration_2","SCOPE_DATA_COLLECTION",1600,38,2350.0,2410.0,1,9579,6986,2134,9792,7029,2167,4191,3042,844,5402,3940,1293,0.5631189408944022,0.5643082211400745,0.6050538137576041,0.5041111810062299,1.0981116448528676,1.6829382249098797,1.0082223620124597,1.0981116448528676,1.1219588166065864,0.5487950369840133,0.6676528599605522,0.6682464454976303,97.5,100.0,5675,2530,10494,137,4,10494,0.024140969162995594,0.0015810276679841897,1.0,0.2,0.2,0.4,0.8,55.0,95.0,50.0,0.30000000000000004,0.30000000000000004,0.5,0.9,65.0,85.0,40.0,6947,3442,3505,6947,0.5045343313660573,0.993014171525918,1.0,0.993014171525918,1959,0.5691458454386984,1.0,1
"iteration_2","SCOPE_DATA_COLLECTION",1600,38,2350.0,2410.0,2,9579,6986,2134,9792,7029,2167,4191,3042,844,5402,3940,1293,0.5631189408944022,0.5643082211400745,0.6050538137576041,0.5041111810062299,1.0981116448528676,1.6829382249098797,1.0082223620124597,1.0981116448528676,1.1219588166065864,0.5487950369840133,0.6676528599605522,0.6682464454976303,97.5,100.0,5675,2530,10494,137,4,10494,0.024140969162995594,0.0015810276679841897,1.0,0.2,0.2,0.4,0.8,55.0,95.0,50.0,0.30000000000000004,0.30000000000000004,0.5,0.9,65.0,85.0,40.0,2171,1057,1114,2171,0.5131275909719023,1.4944345837343636,1.5,0.9962897224895757,604,0.5714285714285714,1.0,1
"iteration_2","SCOPE_DATA_COLLECTION",1600,39,2410.0,2470.0,0,9475,6947,2171,9579,6986,2134,4765,3445,1052,4692,3505,1114,0.4961404250819499,0.50431654676259,0.5143120960295475,0.45689285793032336,0.994509461157826,1.4912371345456095,0.9137857158606467,0.994509461157826,0.994158089697073,0.4747114375655824,0.5706821480406387,0.5712927756653993,100.0,100.0,5586,3868,9139,171,1,9139,0.030612244897959183,2.585315408479835E-4,1.0,0.30000000000000004,0.30000000000000004,0.5,0.9,65.0,85.0,40.0,0.30000000000000004,0.30000000000000004,0.5,0.9,65.0,85.0,40.0,9593,4926,4667,9593,0.48650057333472324,0.4513710332671972,0.5,0.9027420665343944,2322,0.4713763702801462,1.0,1
"iteration_2","SCOPE_DATA_COLLECTION",1600,39,2410.0,2470.0,1,9475,6947,2171,9579,6986,2134,4765,3445,1052,4692,3505,1114,0.4961404250819499,0.50431654676259,0.5143120960295475,0.45689285793032336,0.994509461157826,1.4912371345456095,0.9137857158606467,0.994509461157826,0.994158089697073,0.4747114375655824,0.5706821480406387,0.5712927756653993,100.0,100.0,5586,3868,9139,171,1,9139,0.030612244897959183,2.585315408479835E-4,1.0,0.30000000000000004,0.30000000000000004,0.5,0.9,65.0,85.0,40.0,0.30000000000000004,0.30000000000000004,0.5,0.9,65.0,85.0,40.0,7200,3574,3626,7200,0.5036111111111111,0.9874110851569539,1.0,0.9874110851569539,2050,0.5735870173475098,1.0,1
"iteration_2","SCOPE_DATA_COLLECTION",1600,39,2410.0,2470.0,2,9475,6947,2171,9579,6986,2134,4765,3445,1052,4692,3505,1114,0.4961404250819499,0.50431654676259,0.5143120960295475,0.45689285793032336,0.994509461157826,1.4912371345456095,0.9137857158606467,0.994509461157826,0.994158089697073,0.4747114375655824,0.5706821480406387,0.5712927756653993,100.0,100.0,5586,3868,9139,171,1,9139,0.030612244897959183,2.585315408479835E-4,1.0,0.30000000000000004,0.30000000000000004,0.5,0.9,65.0,85.0,40.0,0.30000000000000004,0.30000000000000004,0.5,0.9,65.0,85.0,40.0,2106,1010,1096,2106,0.5204178537511871,1.4805484646125573,1.5,0.9870323097417049,564,0.5584158415841585,1.0,1
"iteration_2","SCOPE_DATA_COLLECTION",1600,40,2470.0,2530.0,0,9593,7200,2106,9475,6947,2171,4943,3560,1014,4667,3626,1096,0.48563995837669094,0.5045922627330921,0.5194312796208531,0.4529612753339167,0.9858225896309296,1.4838851273371019,0.9059225506678334,0.9858225896309296,0.9892567515580679,0.47319441634634835,0.5730337078651685,0.5601577909270217,95.0,100.0,5643,4036,9220,165,4,9220,0.029239766081871343,9.910802775024777E-4,1.0,0.30000000000000004,0.30000000000000004,0.5,0.9,65.0,85.0,40.0,0.2,0.2,0.6000000000000001,0.8,65.0,95.0,30.0,9562,4278,5284,9562,0.5526040577285087,0.49464300692691937,0.5,0.9892860138538387,2288,0.5348293595137915,1.0,1
"iteration_2","SCOPE_DATA_COLLECTION",1600,40,2470.0,2530.0,1,9593,7200,2106,9475,6947,2171,4943,3560,1014,4667,3626,1096,0.48563995837669094,0.5045922627330921,0.5194312796208531,0.4529612753339167,0.9858225896309296,1.4838851273371019,0.9059225506678334,0.9858225896309296,0.9892567515580679,0.47319441634634835,0.5730337078651685,0.5601577909270217,95.0,100.0,5643,4036,9220,165,4,9220,0.029239766081871343,9.910802775024777E-4,1.0,0.30000000000000004,0.30000000000000004,0.5,0.9,65.0,85.0,40.0,0.2,0.2,0.6000000000000001,0.8,65.0,95.0,30.0,7131,3143,3988,7131,0.5592483522647596,1.126953703855438,1.0,1.126953703855438,2092,0.6656061088132358,1.0,1
"iteration_2","SCOPE_DATA_COLLECTION",1600,40,2470.0,2530.0,2,9593,7200,2106,9475,6947,2171,4943,3560,1014,4667,3626,1096,0.48563995837669094,0.5045922627330921,0.5194312796208531,0.4529612753339167,0.9858225896309296,1.4838851273371019,0.9059225506678334,0.9858225896309296,0.9892567515580679,0.47319441634634835,0.5730337078651685,0.5601577909270217,95.0,100.0,5643,4036,9220,165,4,9220,0.029239766081871343,9.910802775024777E-4,1.0,0.30000000000000004,0.30000000000000004,0.5,0.9,65.0,85.0,40.0,0.2,0.2,0.6000000000000001,0.8,65.0,95.0,30.0,2089,838,1251,2089,0.5988511249401628,1.6657075849448326,1.5,1.110471723296555,552,0.6587112171837709,1.0,1
"iteration_2","SCOPE_DATA_COLLECTION",1600,41,2530.0,2590.0,0,9562,7131,2089,9593,7200,2106,4267,3158,837,5284,3988,1251,0.5532404983771333,0.558074447243213,0.5991379310344828,0.4941234099431043,1.1289795404682557,1.666689217495862,0.9882468198862085,1.1289795404682557,1.1111261449972414,0.5333958284509023,0.6652944901836605,0.6583034647550776,100.0,100.0,5804,2635,10343,176,4,10343,0.030323914541695383,0.0015180265654648956,1.0,0.2,0.2,0.6000000000000001,0.8,65.0,95.0,30.0,0.30000000000000004,0.2,0.7000000000000001,0.8,75.0,85.0,20.0,9436,4802,4634,9436,0.4910979228486647,0.4418561802465228,0.5,0.8837123604930456,2239,0.4662640566430654,1.0,1
"iteration_2","SCOPE_DATA_COLLECTION",1600,41,2530.0,2590.0,1,9562,7131,2089,9593,7200,2106,4267,3158,837,5284,3988,1251,0.5532404983771333,0.558074447243213,0.5991379310344828,0.4941234099431043,1.1289795404682557,1.666689217495862,0.9882468198862085,1.1289795404682557,1.1111261449972414,0.5333958284509023,0.6652944901836605,0.6583034647550776,100.0,100.0,5804,2635,10343,176,4,10343,0.030323914541695383,0.0015180265654648956,1.0,0.2,0.2,0.6000000000000001,0.8,65.0,95.0,30.0,0.30000000000000004,0.2,0.7000000000000001,0.8,75.0,85.0,20.0,7130,3625,3505,7130,0.49158485273492286,0.9952365450858092,1.0,0.9952365450858092,2102,0.5798620689655173,1.0,1
"iteration_2","SCOPE_DATA_COLLECTION",1600,41,2530.0,2590.0,2,9562,7131,2089,9593,7200,2106,4267,3158,837,5284,3988,1251,0.5532404983771333,0.558074447243213,0.5991379310344828,0.4941234099431043,1.1289795404682557,1.666689217495862,0.9882468198862085,1.1289795404682557,1.1111261449972414,0.5333958284509023,0.6652944901836605,0.6583034647550776,100.0,100.0,5804,2635,10343,176,4,10343,0.030323914541695383,0.0015180265654648956,1.0,0.2,0.2,0.6000000000000001,0.8,65.0,95.0,30.0,0.30000000000000004,0.2,0.7000000000000001,0.8,75.0,85.0,20.0,2080,995,1085,2080,0.5216346153846154,1.4567062916345337,1.5,0.9711375277563558,552,0.5547738693467337,1.0,1
"iteration_2","SCOPE_DATA_COLLECTION",1600,42,2590.0,2650.0,0,9436,7130,2080,9562,7131,2089,4801,3621,988,4634,3505,1085,0.49114997350291467,0.49186079146786416,0.5233960443801254,0.44230174322014804,0.9924176315222291,1.4565724579967443,0.8846034864402961,0.9924176315222291,0.9710483053311628,0.4669860445740471,0.5793979563656448,0.5546558704453441,100.0,100.0,5760,3834,9052,172,0,9052,0.029861111111111113,0.0,1.0,0.30000000000000004,0.2,0.7000000000000001,0.8,75.0,85.0,20.0,0.2,0.1,0.7000000000000001,0.9,85.0,85.0,30.0,9595,4208,5387,9595,0.5614382490880667,0.44564653912558866,0.5,0.8912930782511773,1968,0.467680608365019,1.0,1
"iteration_2","SCOPE_DATA_COLLECTION",1600,42,2590.0,2650.0,1,9436,7130,2080,9562,7131,2089,4801,3621,988,4634,3505,1085,0.49114997350291467,0.49186079146786416,0.5233960443801254,0.44230174322014804,0.9924176315222291,1.4565724579967443,0.8846034864402961,0.9924176315222291,0.9710483053311628,0.4669860445740471,0.5793979563656448,0.5546558704453441,100.0,100.0,5760,3834,9052,172,0,9052,0.029861111111111113,0.0,1.0,0.30000000000000004,0.2,0.7000000000000001,0.8,75.0,85.0,20.0,0.2,0.1,0.7000000000000001,0.9,85.0,85.0,30.0,7059,3066,3993,7059,0.5656608584785381,1.0763169351328257,1.0,1.0763169351328257,1998,0.6516634050880626,1.0,1
"iteration_2","SCOPE_DATA_COLLECTION",1600,42,2590.0,2650.0,2,9436,7130,2080,9562,7131,2089,4801,3621,988,4634,3505,1085,0.49114997350291467,0.49186079146786416,0.5233960443801254,0.44230174322014804,0.9924176315222291,1.4565724579967443,0.8846034864402961,0.9924176315222291,0.9710483053311628,0.4669860445740471,0.5793979563656448,0.5546558704453441,100.0,100.0,5760,3834,9052,172,0,9052,0.029861111111111113,0.0,1.0,0.30000000000000004,0.2,0.7000000000000001,0.8,75.0,85.0,20.0,0.2,0.1,0.7000000000000001,0.9,85.0,85.0,30.0,2192,909,1283,2192,0.5853102189781022,1.6392193136597202,1.5,1.0928128757731468,588,0.6468646864686468,1.0,1
"iteration_2","SCOPE_DATA_COLLECTION",1600,43,2650.0,2710.0,0,9595,7059,2192,9436,7130,2080,4217,3045,921,5387,3992,1283,0.5609121199500208,0.5672871962484013,0.5821234119782214,0.44630070532358784,1.0756816186761737,1.6381343028613378,0.8926014106471757,1.0756816186761737,1.092089535240892,0.46810528811951624,0.6502463054187192,0.6471226927252985,100.0,100.0,5685,2655,10506,156,0,10506,0.027440633245382585,0.0,1.0,0.2,0.1,0.7000000000000001,0.9,85.0,85.0,30.0,0.45,0.8,0.2,0.6000000000000001,20.0,60.0,50.0,9563,5875,3688,9563,0.38565303774966014,0.3956283285879895,0.5,0.791256657175979,2211,0.3763404255319149,1.0,1
"iteration_2","SCOPE_DATA_COLLECTION",1600,43,2650.0,2710.0,1,9595,7059,2192,9436,7130,2080,4217,3045,921,5387,3992,1283,0.5609121199500208,0.5672871962484013,0.5821234119782214,0.44630070532358784,1.0756816186761737,1.6381343028613378,0.8926014106471757,1.0756816186761737,1.092089535240892,0.46810528811951624,0.6502463054187192,0.6471226927252985,100.0,100.0,5685,2655,10506,156,0,10506,0.027440633245382585,0.0,1.0,0.2,0.1,0.7000000000000001,0.9,85.0,85.0,30.0,0.45,0.8,0.2,0.6000000000000001,20.0,60.0,50.0,7012,4298,2714,7012,0.3870507701083856,0.7674149156596639,1.0,0.7674149156596639,1956,0.4550953932061424,1.0,1
"iteration_2","SCOPE_DATA_COLLECTION",1600,43,2650.0,2710.0,2,9595,7059,2192,9436,7130,2080,4217,3045,921,5387,3992,1283,0.5609121199500208,0.5672871962484013,0.5821234119782214,0.44630070532358784,1.0756816186761737,1.6381343028613378,0.8926014106471757,1.0756816186761737,1.092089535240892,0.46810528811951624,0.6502463054187192,0.6471226927252985,100.0,100.0,5685,2655,10506,156,0,10506,0.027440633245382585,0.0,1.0,0.2,0.1,0.7000000000000001,0.9,85.0,85.0,30.0,0.45,0.8,0.2,0.6000000000000001,20.0,60.0,50.0,2143,1250,893,2143,0.4167055529631358,1.2501864111526564,1.5,0.8334576074351042,568,0.4544,1.0,1
"iteration_2","SCOPE_DATA_COLLECTION",1600,44,2710.0,2770.0,0,9563,7012,2143,9595,7059,2192,5856,4314,1246,3688,2715,893,0.3864207879295893,0.3862569355527102,0.4174848059841047,0.3934269113589106,0.7732973308433115,1.2467928252531755,0.7868538227178212,0.7732973308433115,0.8311952168354503,0.3748292349726776,0.4585071859063514,0.45264847512038525,97.5,100.0,5438,6078,7202,88,6,7202,0.016182420007355647,9.871668311944718E-4,1.0,0.45,0.8,0.2,0.6000000000000001,20.0,60.0,50.0,0.35000000000000003,0.8,0.30000000000000004,0.6000000000000001,30.0,50.0,60.0,9495,5161,4334,9495,0.4564507635597683,0.43758282810490134,0.5,0.8751656562098027,2252,0.43634954466188725,1.0,1
"iteration_2","SCOPE_DATA_COLLECTION",1600,44,2710.0,2770.0,1,9563,7012,2143,9595,7059,2192,5856,4314,1246,3688,2715,893,0.3864207879295893,0.3862569355527102,0.4174848059841047,0.3934269113589106,0.7732973308433115,1.2467928252531755,0.7868538227178212,0.7732973308433115,0.8311952168354503,0.3748292349726776,0.4585071859063514,0.45264847512038525,97.5,100.0,5438,6078,7202,88,6,7202,0.016182420007355647,9.871668311944718E-4,1.0,0.45,0.8,0.2,0.6000000000000001,20.0,60.0,50.0,0.35000000000000003,0.8,0.30000000000000004,0.6000000000000001,30.0,50.0,60.0,7111,3839,3272,7111,0.460132189565462,0.8722807441706727,1.0,0.8722807441706727,1985,0.5170617348267778,1.0,1
"iteration_2","SCOPE_DATA_COLLECTION",1600,44,2710.0,2770.0,2,9563,7012,2143,9595,7059,2192,5856,4314,1246,3688,2715,893,0.3864207879295893,0.3862569355527102,0.4174848059841047,0.3934269113589106,0.7732973308433115,1.2467928252531755,0.7868538227178212,0.7732973308433115,0.8311952168354503,0.3748292349726776,0.4585071859063514,0.45264847512038525,97.5,100.0,5438,6078,7202,88,6,7202,0.016182420007355647,9.871668311944718E-4,1.0,0.45,0.8,0.2,0.6000000000000001,20.0,60.0,50.0,0.35000000000000003,0.8,0.30000000000000004,0.6000000000000001,30.0,50.0,60.0,2125,1082,1043,2125,0.4908235294117647,1.376957134602311,1.5,0.9179714230682073,564,0.5212569316081331,1.0,1
"iteration_2","SCOPE_DATA_COLLECTION",1600,45,2770.0,2830.0,0,9495,7111,2125,9563,7012,2143,5162,3839,1082,4334,3272,1043,0.4564026958719461,0.460132189565462,0.4908235294117647,0.43790176193876246,0.8701068554029546,1.3874816113584003,0.8758035238775249,0.8701068554029546,0.9249877409056002,0.436458736923673,0.5149778588174003,0.5249537892791127,100.0,100.0,5529,4702,8500,145,4,8500,0.02622535720745162,8.507018290089324E-4,1.0,0.35000000000000003,0.8,0.30000000000000004,0.6000000000000001,30.0,50.0,60.0,0.4,0.6000000000000001,0.4,0.6000000000000001,90.0,50.0,90.0,9533,5485,4048,9533,0.4246302318262876,0.4205393779717163,0.5,0.8410787559434326,2301,0.4195077484047402,1.0,1
"iteration_2","SCOPE_DATA_COLLECTION",1600,45,2770.0,2830.0,1,9495,7111,2125,9563,7012,2143,5162,3839,1082,4334,3272,1043,0.4564026958719461,0.460132189565462,0.4908235294117647,0.43790176193876246,0.8701068554029546,1.3874816113584003,0.8758035238775249,0.8701068554029546,0.9249877409056002,0.436458736923673,0.5149778588174003,0.5249537892791127,100.0,100.0,5529,4702,8500,145,4,8500,0.02622535720745162,8.507018290089324E-4,1.0,0.35000000000000003,0.8,0.30000000000000004,0.6000000000000001,30.0,50.0,60.0,0.4,0.6000000000000001,0.4,0.6000000000000001,90.0,50.0,90.0,7139,4064,3075,7139,0.43073259560162486,0.8701150098455651,1.0,0.8701150098455651,2009,0.4943405511811024,1.0,1
"iteration_2","SCOPE_DATA_COLLECTION",1600,45,2770.0,2830.0,2,9495,7111,2125,9563,7012,2143,5162,3839,1082,4334,3272,1043,0.4564026958719461,0.460132189565462,0.4908235294117647,0.43790176193876246,0.8701068554029546,1.3874816113584003,0.8758035238775249,0.8701068554029546,0.9249877409056002,0.436458736923673,0.5149778588174003,0.5249537892791127,100.0,100.0,5529,4702,8500,145,4,8500,0.02622535720745162,8.507018290089324E-4,1.0,0.35000000000000003,0.8,0.30000000000000004,0.6000000000000001,30.0,50.0,60.0,0.4,0.6000000000000001,0.4,0.6000000000000001,90.0,50.0,90.0,2146,1150,996,2146,0.4641192917054986,1.3342089614913564,1.5,0.8894726409942376,561,0.48782608695652174,1.0,1
"iteration_2","SCOPE_DATA_COLLECTION",1600,46,2830.0,2890.0,0,9533,7139,2146,9495,7111,2125,5470,4056,1150,4048,3074,996,0.4252994326539189,0.43113604488078544,0.4641192917054986,0.41917536214599227,0.8650507567524979,1.3183054690668825,0.8383507242919845,0.8650507567524979,0.878870312711255,0.4179159049360146,0.493836291913215,0.4826086956521739,97.5,100.0,5619,5265,7934,182,2,7934,0.03239010500088984,3.798670465337132E-4,1.0,0.4,0.6000000000000001,0.4,0.6000000000000001,90.0,50.0,90.0,0.30000000000000004,0.5,0.5,0.5,95.0,60.0,80.0,9482,4797,4685,9482,0.4940940729803839,0.4745783991505484,0.5,0.9491567983010968,2338,0.48738795080258496,1.0,1
"iteration_2","SCOPE_DATA_COLLECTION",1600,46,2830.0,2890.0,1,9533,7139,2146,9495,7111,2125,5470,4056,1150,4048,3074,996,0.4252994326539189,0.43113604488078544,0.4641192917054986,0.41917536214599227,0.8650507567524979,1.3183054690668825,0.8383507242919845,0.8650507567524979,0.878870312711255,0.4179159049360146,0.493836291913215,0.4826086956521739,97.5,100.0,5619,5265,7934,182,2,7934,0.03239010500088984,3.798670465337132E-4,1.0,0.4,0.6000000000000001,0.4,0.6000000000000001,90.0,50.0,90.0,0.30000000000000004,0.5,0.5,0.5,95.0,60.0,80.0,6991,3539,3452,6991,0.49377771420397654,0.9712028094577632,1.0,0.9712028094577632,1961,0.5541113308844307,1.0,1
"iteration_2","SCOPE_DATA_COLLECTION",1600,46,2830.0,2890.0,2,9533,7139,2146,9495,7111,2125,5470,4056,1150,4048,3074,996,0.4252994326539189,0.43113604488078544,0.4641192917054986,0.41917536214599227,0.8650507567524979,1.3183054690668825,0.8383507242919845,0.8650507567524979,0.878870312711255,0.4179159049360146,0.493836291913215,0.4826086956521739,97.5,100.0,5619,5265,7934,182,2,7934,0.03239010500088984,3.798670465337132E-4,1.0,0.4,0.6000000000000001,0.4,0.6000000000000001,90.0,50.0,90.0,0.30000000000000004,0.5,0.5,0.5,95.0,60.0,80.0,2075,1017,1058,2075,0.5098795180722892,1.494286871603671,1.5,0.9961912477357807,577,0.567354965585054,1.0,1
"iteration_2","SCOPE_DATA_COLLECTION",1600,47,2890.0,2950.0,0,9482,6991,2075,9533,7139,2146,4811,3560,1017,4685,3453,1058,0.49336562763268743,0.49237131042349924,0.5098795180722892,0.47659844517481326,0.9791381767836611,1.4994062880221408,0.9531968903496265,0.9791381767836611,0.9996041920147606,0.48971107877780085,0.5570224719101123,0.5683382497541789,100.0,100.0,5551,3954,9043,152,1,9043,0.02738245361196181,2.5290844714213456E-4,1.0,0.30000000000000004,0.5,0.5,0.5,95.0,60.0,80.0,0.4,0.6000000000000001,0.6000000000000001,0.5,95.0,50.0,90.0,9525,5481,4044,9525,0.4245669291338583,0.44319885302084105,0.5,0.8863977060416821,2370,0.43240284619594965,1.0,1
"iteration_2","SCOPE_DATA_COLLECTION",1600,47,2890.0,2950.0,1,9482,6991,2075,9533,7139,2146,4811,3560,1017,4685,3453,1058,0.49336562763268743,0.49237131042349924,0.5098795180722892,0.47659844517481326,0.9791381767836611,1.4994062880221408,0.9531968903496265,0.9791381767836611,0.9996041920147606,0.48971107877780085,0.5570224719101123,0.5683382497541789,100.0,100.0,5551,3954,9043,152,1,9043,0.02738245361196181,2.5290844714213456E-4,1.0,0.30000000000000004,0.5,0.5,0.5,95.0,60.0,80.0,0.4,0.6000000000000001,0.6000000000000001,0.5,95.0,50.0,90.0,7005,4021,2984,7005,0.4259814418272662,0.9142853979271952,1.0,0.9142853979271952,2021,0.5026112907237006,1.0,1
"iteration_2","SCOPE_DATA_COLLECTION",1600,47,2890.0,2950.0,2,9482,6991,2075,9533,7139,2146,4811,3560,1017,4685,3453,1058,0.49336562763268743,0.49237131042349924,0.5098795180722892,0.47659844517481326,0.9791381767836611,1.4994062880221408,0.9531968903496265,0.9791381767836611,0.9996041920147606,0.48971107877780085,0.5570224719101123,0.5683382497541789,100.0,100.0,5551,3954,9043,152,1,9043,0.02738245361196181,2.5290844714213456E-4,1.0,0.30000000000000004,0.5,0.5,0.5,95.0,60.0,80.0,0.4,0.6000000000000001,0.6000000000000001,0.5,95.0,50.0,90.0,2155,1195,960,2155,0.44547563805104406,1.3391713020187994,1.5,0.892780868012533,583,0.48786610878661085,1.0,1
"iteration_2","SCOPE_DATA_COLLECTION",1600,48,2950.0,3010.0,0,9525,7005,2155,9482,6991,2075,5495,4019,1181,4044,2984,960,0.4239438096236503,0.4261030986719977,0.4483886034563288,0.44344692617595177,0.9111591471393521,1.3348363965944254,0.8868938523519035,0.9111591471393521,0.8898909310629503,0.43257506824385805,0.5021149539686489,0.48687552921253174,97.5,100.0,5622,5249,7814,173,1,7814,0.030771967271433654,1.9051247856734617E-4,1.0,0.4,0.6000000000000001,0.6000000000000001,0.5,95.0,50.0,90.0,0.8500000000000001,0.9,0.7000000000000001,0.30000000000000004,95.0,45.0,20.0,9527,8461,1066,9527,0.11189251600713761,0.3774222074125267,0.5,0.7548444148250534,2516,0.29736437773312846,1.0,1
"iteration_2","SCOPE_DATA_COLLECTION",1600,48,2950.0,3010.0,1,9525,7005,2155,9482,6991,2075,5495,4019,1181,4044,2984,960,0.4239438096236503,0.4261030986719977,0.4483886034563288,0.44344692617595177,0.9111591471393521,1.3348363965944254,0.8868938523519035,0.9111591471393521,0.8898909310629503,0.43257506824385805,0.5021149539686489,0.48687552921253174,97.5,100.0,5622,5249,7814,173,1,7814,0.030771967271433654,1.9051247856734617E-4,1.0,0.4,0.6000000000000001,0.6000000000000001,0.5,95.0,50.0,90.0,0.8500000000000001,0.9,0.7000000000000001,0.30000000000000004,95.0,45.0,20.0,7089,6209,880,7089,0.12413598532938355,0.7340331423144677,1.0,0.7340331423144677,2083,0.3354807537445643,1.0,1
"iteration_2","SCOPE_DATA_COLLECTION",1600,48,2950.0,3010.0,2,9525,7005,2155,9482,6991,2075,5495,4019,1181,4044,2984,960,0.4239438096236503,0.4261030986719977,0.4483886034563288,0.44344692617595177,0.9111591471393521,1.3348363965944254,0.8868938523519035,0.9111591471393521,0.8898909310629503,0.43257506824385805,0.5021149539686489,0.48687552921253174,97.5,100.0,5622,5249,7814,173,1,7814,0.030771967271433654,1.9051247856734617E-4,1.0,0.4,0.6000000000000001,0.6000000000000001,0.5,95.0,50.0,90.0,0.8500000000000001,0.9,0.7000000000000001,0.30000000000000004,95.0,45.0,20.0,2128,1878,250,2128,0.1174812030075188,1.0441739809846613,1.5,0.6961159873231075,585,0.31150159744408945,1.0,1
"iteration_2","SCOPE_DATA_COLLECTION",1600,49,3010.0,3070.0,0,9527,7089,2128,9525,7005,2155,8447,6198,1893,1066,880,250,0.11205718490486702,0.12432890647075445,0.11665888940737285,0.3766528644604236,0.7335582493855031,1.0519886381577062,0.7533057289208472,0.7335582493855031,0.7013257587718041,0.2966733751627797,0.33414004517586315,0.31484416270470156,100.0,100.0,5584,11193,1967,224,1953,19,0.04011461318051576,0.17448405253283303,0.009659379766141332,0.8500000000000001,0.9,0.7000000000000001,0.30000000000000004,95.0,45.0,20.0,0.9500000000000001,0.9,0.7000000000000001,0.2,95.0,55.0,20.0,9489,6233,3256,9489,0.3431341553377595,0.49792811910272844,0.5,0.9958562382054569,2714,0.4354243542435424,1.0,1
"iteration_2","SCOPE_DATA_COLLECTION",1600,49,3010.0,3070.0,1,9527,7089,2128,9525,7005,2155,8447,6198,1893,1066,880,250,0.11205718490486702,0.12432890647075445,0.11665888940737285,0.3766528644604236,0.7335582493855031,1.0519886381577062,0.7533057289208472,0.7335582493855031,0.7013257587718041,0.2966733751627797,0.33414004517586315,0.31484416270470156,100.0,100.0,5584,11193,1967,224,1953,19,0.04011461318051576,0.17448405253283303,0.009659379766141332,0.8500000000000001,0.9,0.7000000000000001,0.30000000000000004,95.0,45.0,20.0,0.9500000000000001,0.9,0.7000000000000001,0.2,95.0,55.0,20.0,7227,4684,2543,7227,0.3518749135187491,0.9117725619583952,1.0,0.9117725619583952,2108,0.45004269854824935,1.0,1
"iteration_2","SCOPE_DATA_COLLECTION",1600,49,3010.0,3070.0,2,9527,7089,2128,9525,7005,2155,8447,6198,1893,1066,880,250,0.11205718490486702,0.12432890647075445,0.11665888940737285,0.3766528644604236,0.7335582493855031,1.0519886381577062,0.7533057289208472,0.7335582493855031,0.7013257587718041,0.2966733751627797,0.33414004517586315,0.31484416270470156,100.0,100.0,5584,11193,1967,224,1953,19,0.04011461318051576,0.17448405253283303,0.009659379766141332,0.8500000000000001,0.9,0.7000000000000001,0.30000000000000004,95.0,45.0,20.0,0.9500000000000001,0.9,0.7000000000000001,0.2,95.0,55.0,20.0,2088,1299,789,2088,0.37787356321839083,1.302965185870016,1.5,0.8686434572466774,580,0.44649730561970746,1.0,1
"iteration_2","SCOPE_DATA_COLLECTION",1600,50,3070.0,3130.0,0,9489,7227,2088,9527,7089,2128,6260,4692,1299,3253,2538,788,0.34195311678755386,0.3510373443983402,0.37757546717776713,0.4990271640768347,0.9107779167003973,1.3020977824227606,0.9980543281536693,0.9107779167003973,0.8680651882818404,0.436741214057508,0.45034100596760446,0.4449576597382602,100.0,100.0,5494,12631,679,117,6462,0,0.021295959228249,0.511598448262212,0.0,0.9500000000000001,0.9,0.7000000000000001,0.2,95.0,55.0,20.0,0.9500000000000001,0.9,0.6000000000000001,0.30000000000000004,95.0,55.0,20.0,9577,5423,4154,9577,0.43374752010024015,0.6210943545347417,0.5,1.2421887090694834,2853,0.5260925686889176,1.0,1
"iteration_2","SCOPE_DATA_COLLECTION",1600,50,3070.0,3130.0,1,9489,7227,2088,9527,7089,2128,6260,4692,1299,3253,2538,788,0.34195311678755386,0.3510373443983402,0.37757546717776713,0.4990271640768347,0.9107779167003973,1.3020977824227606,0.9980543281536693,0.9107779167003973,0.8680651882818404,0.436741214057508,0.45034100596760446,0.4449576597382602,100.0,100.0,5494,12631,679,117,6462,0,0.021295959228249,0.511598448262212,0.0,0.9500000000000001,0.9,0.7000000000000001,0.2,95.0,55.0,20.0,0.9500000000000001,0.9,0.6000000000000001,0.30000000000000004,95.0,55.0,20.0,7360,4137,3223,7360,0.43790760869565215,1.079396098947708,1.0,1.079396098947708,2266,0.5477399081459995,1.0,1
"iteration_2","SCOPE_DATA_COLLECTION",1600,50,3070.0,3130.0,2,9489,7227,2088,9527,7089,2128,6260,4692,1299,3253,2538,788,0.34195311678755386,0.3510373443983402,0.37757546717776713,0.4990271640768347,0.9107779167003973,1.3020977824227606,0.9980543281536693,0.9107779167003973,0.8680651882818404,0.436741214057508,0.45034100596760446,0.4449576597382602,100.0,100.0,5494,12631,679,117,6462,0,0.021295959228249,0.511598448262212,0.0,0.9500000000000001,0.9,0.7000000000000001,0.2,95.0,55.0,20.0,0.9500000000000001,0.9,0.6000000000000001,0.30000000000000004,95.0,55.0,20.0,2039,1128,911,2039,0.44678764100049045,1.5295469280701588,1.5,1.0196979520467726,585,0.5186170212765957,1.0,1
"iteration_2","SCOPE_DATA_COLLECTION",1600,51,3130.0,3190.0,0,9577,7360,2039,9489,7227,2088,5310,4065,1096,4157,3227,912,0.43910425689236293,0.4425397696105321,0.4541832669322709,0.6051808468661893,1.0732811125639772,1.5174587450395696,1.2103616937323787,1.0732811125639772,1.011639163359713,0.5233521657250471,0.548339483394834,0.5155109489051095,97.5,100.0,5572,12739,665,117,8179,0,0.020997846374730796,0.6420441164926604,0.0,0.9500000000000001,0.9,0.6000000000000001,0.30000000000000004,95.0,55.0,20.0,0.9500000000000001,0.9,0.7000000000000001,0.4,95.0,55.0,20.0,9725,5897,3828,9725,0.3936246786632391,0.6362719757630605,0.5,1.272543951526121,2940,0.49855858911310835,1.0,1
"iteration_2","SCOPE_DATA_COLLECTION",1600,51,3130.0,3190.0,1,9577,7360,2039,9489,7227,2088,5310,4065,1096,4157,3227,912,0.43910425689236293,0.4425397696105321,0.4541832669322709,0.6051808468661893,1.0732811125639772,1.5174587450395696,1.2103616937323787,1.0732811125639772,1.011639163359713,0.5233521657250471,0.548339483394834,0.5155109489051095,97.5,100.0,5572,12739,665,117,8179,0,0.020997846374730796,0.6420441164926604,0.0,0.9500000000000001,0.9,0.6000000000000001,0.30000000000000004,95.0,55.0,20.0,0.9500000000000001,0.9,0.7000000000000001,0.4,95.0,55.0,20.0,7164,4232,2932,7164,0.4092685650474595,1.0977045628891435,1.0,1.0977045628891435,2277,0.5380434782608695,1.0,1
"iteration_2","SCOPE_DATA_COLLECTION",1600,51,3130.0,3190.0,2,9577,7360,2039,9489,7227,2088,5310,4065,1096,4157,3227,912,0.43910425689236293,0.4425397696105321,0.4541832669322709,0.6051808468661893,1.0732811125639772,1.5174587450395696,1.2103616937323787,1.0732811125639772,1.011639163359713,0.5233521657250471,0.548339483394834,0.5155109489051095,97.5,100.0,5572,12739,665,117,8179,0,0.020997846374730796,0.6420441164926604,0.0,0.9500000000000001,0.9,0.6000000000000001,0.30000000000000004,95.0,55.0,20.0,0.9500000000000001,0.9,0.7000000000000001,0.4,95.0,55.0,20.0,2089,1201,888,2089,0.4250837721397798,1.521728683017269,1.5,1.0144857886781793,625,0.5203996669442131,1.0,1
"iteration_2","SCOPE_DATA_COLLECTION",1600,52,3190.0,3250.0,0,9725,7164,2089,9577,7360,2039,5984,4279,1217,3828,2933,887,0.3901345291479821,0.40668330560177485,0.4215779467680608,0.6511521221062591,1.1058418603921603,1.5484614755516424,1.3023042442125181,1.1058418603921603,1.0323076503677615,0.5028409090909091,0.5386772610422996,0.5316351684470009,100.0,100.0,5584,12750,644,156,7492,0,0.027936962750716332,0.5876078431372549,0.0,0.9500000000000001,0.9,0.7000000000000001,0.4,95.0,55.0,20.0,0.30000000000000004,0.1,0.7000000000000001,0.6000000000000001,20.0,40.0,90.0,9733,5023,4710,9733,0.48392068221514434,0.4129466573384732,0.5,0.8258933146769464,2071,0.4123034043400358,1.0,1
"iteration_2","SCOPE_DATA_COLLECTION",1600,52,3190.0,3250.0,1,9725,7164,2089,9577,7360,2039,5984,4279,1217,3828,2933,887,0.3901345291479821,0.40668330560177485,0.4215779467680608,0.6511521221062591,1.1058418603921603,1.5484614755516424,1.3023042442125181,1.1058418603921603,1.0323076503677615,0.5028409090909091,0.5386772610422996,0.5316351684470009,100.0,100.0,5584,12750,644,156,7492,0,0.027936962750716332,0.5876078431372549,0.0,0.9500000000000001,0.9,0.7000000000000001,0.4,95.0,55.0,20.0,0.30000000000000004,0.1,0.7000000000000001,0.6000000000000001,20.0,40.0,90.0,7087,3595,3492,7087,0.492733173416114,0.9870138511982279,1.0,0.9870138511982279,2072,0.576356050069541,1.0,1
"iteration_2","SCOPE_DATA_COLLECTION",1600,52,3190.0,3250.0,2,9725,7164,2089,9577,7360,2039,5984,4279,1217,3828,2933,887,0.3901345291479821,0.40668330560177485,0.4215779467680608,0.6511521221062591,1.1058418603921603,1.5484614755516424,1.3023042442125181,1.1058418603921603,1.0323076503677615,0.5028409090909091,0.5386772610422996,0.5316351684470009,100.0,100.0,5584,12750,644,156,7492,0,0.027936962750716332,0.5876078431372549,0.0,0.9500000000000001,0.9,0.7000000000000001,0.4,95.0,55.0,20.0,0.30000000000000004,0.1,0.7000000000000001,0.6000000000000001,20.0,40.0,90.0,2095,998,1097,2095,0.5236276849642004,1.4851603220210892,1.5,0.9901068813473928,571,0.5721442885771543,1.0,1
"iteration_2","SCOPE_DATA_COLLECTION",1600,53,3250.0,3310.0,0,9733,7087,2095,9725,7164,2089,5024,3621,1009,4710,3492,1097,0.4838709677419355,0.490932096161957,0.5208926875593543,0.41253011150103686,0.9873829799218351,1.4593678657945088,0.8250602230020737,0.9873829799218351,0.9729119105296725,0.4104299363057325,0.575807787903894,0.5589692765113974,100.0,100.0,5789,3926,9200,127,34,9138,0.021938158576610814,0.008660213958227204,0.9932608695652174,0.30000000000000004,0.1,0.7000000000000001,0.6000000000000001,20.0,40.0,90.0,0.30000000000000004,0.1,0.8,0.6000000000000001,20.0,50.0,95.0,9569,4991,4578,9569,0.47841989758595466,0.4136060673821774,0.5,0.8272121347643548,2057,0.4121418553396113,1.0,1
"iteration_2","SCOPE_DATA_COLLECTION",1600,53,3250.0,3310.0,1,9733,7087,2095,9725,7164,2089,5024,3621,1009,4710,3492,1097,0.4838709677419355,0.490932096161957,0.5208926875593543,0.41253011150103686,0.9873829799218351,1.4593678657945088,0.8250602230020737,0.9873829799218351,0.9729119105296725,0.4104299363057325,0.575807787903894,0.5589692765113974,100.0,100.0,5789,3926,9200,127,34,9138,0.021938158576610814,0.008660213958227204,0.9932608695652174,0.30000000000000004,0.1,0.7000000000000001,0.6000000000000001,20.0,40.0,90.0,0.30000000000000004,0.1,0.8,0.6000000000000001,20.0,50.0,95.0,7139,3577,3562,7139,0.49894943269365455,1.0162396120767243,1.0,1.0162396120767243,2073,0.5795359239586245,1.0,1
"iteration_2","SCOPE_DATA_COLLECTION",1600,53,3250.0,3310.0,2,9733,7087,2095,9725,7164,2089,5024,3621,1009,4710,3492,1097,0.4838709677419355,0.490932096161957,0.5208926875593543,0.41253011150103686,0.9873829799218351,1.4593678657945088,0.8250602230020737,0.9873829799218351,0.9729119105296725,0.4104299363057325,0.575807787903894,0.5589692765113974,100.0,100.0,5789,3926,9200,127,34,9138,0.021938158576610814,0.008660213958227204,0.9932608695652174,0.30000000000000004,0.1,0.7000000000000001,0.6000000000000001,20.0,40.0,90.0,0.30000000000000004,0.1,0.8,0.6000000000000001,20.0,50.0,95.0,2190,1069,1121,2190,0.5118721461187214,1.4428555383938828,1.5,0.9619036922625885,585,0.5472404115996258,1.0,1
"iteration_2","SCOPE_DATA_COLLECTION",1600,54,3310.0,3370.0,0,9569,7139,2190,9733,7087,2095,5008,3564,1073,4578,3562,1122,0.4775714583767995,0.49985966881841143,0.5111617312072892,0.4144596033188036,1.0151968345876674,1.4500760110534328,0.8289192066376072,1.0151968345876674,0.9667173407022885,0.413538338658147,0.5780022446689114,0.5507921714818267,100.0,100.0,5799,4021,9078,179,5,9078,0.0308673909294706,0.0012434717731907485,1.0,0.30000000000000004,0.1,0.8,0.6000000000000001,20.0,50.0,95.0,0.9,0.7000000000000001,0.1,0.6000000000000001,65.0,35.0,60.0,9369,7313,2056,9369,0.21944711281887075,0.4142499204556253,0.5,0.8284998409112506,2427,0.3318747436072747,1.0,1
"iteration_2","SCOPE_DATA_COLLECTION",1600,54,3310.0,3370.0,1,9569,7139,2190,9733,7087,2095,5008,3564,1073,4578,3562,1122,0.4775714583767995,0.49985966881841143,0.5111617312072892,0.4144596033188036,1.0151968345876674,1.4500760110534328,0.8289192066376072,1.0151968345876674,0.9667173407022885,0.413538338658147,0.5780022446689114,0.5507921714818267,100.0,100.0,5799,4021,9078,179,5,9078,0.0308673909294706,0.0012434717731907485,1.0,0.30000000000000004,0.1,0.8,0.6000000000000001,20.0,50.0,95.0,0.9,0.7000000000000001,0.1,0.6000000000000001,65.0,35.0,60.0,7128,5599,1529,7128,0.21450617283950618,0.7184904396057561,1.0,0.7184904396057561,2113,0.37738881943204144,1.0,1
"iteration_2","SCOPE_DATA_COLLECTION",1600,54,3310.0,3370.0,2,9569,7139,2190,9733,7087,2095,5008,3564,1073,4578,3562,1122,0.4775714583767995,0.49985966881841143,0.5111617312072892,0.4144596033188036,1.0151968345876674,1.4500760110534328,0.8289192066376072,1.0151968345876674,0.9667173407022885,0.413538338658147,0.5780022446689114,0.5507921714818267,100.0,100.0,5799,4021,9078,179,5,9078,0.0308673909294706,0.0012434717731907485,1.0,0.30000000000000004,0.1,0.8,0.6000000000000001,20.0,50.0,95.0,0.9,0.7000000000000001,0.1,0.6000000000000001,65.0,35.0,60.0,2025,1540,485,2025,0.23950617283950618,1.1320024103154485,1.5,0.7546682735436323,555,0.36038961038961037,1.0,1
"iteration_2","SCOPE_DATA_COLLECTION",1600,55,3370.0,3430.0,0,9369,7128,2025,9569,7139,2190,7296,5582,1527,2055,1529,485,0.2197625922361245,0.2150189846716355,0.24105367793240556,0.4147054777150905,0.7228411110819574,1.1360988329991328,0.829410955430181,0.7228411110819574,0.7573992219994219,0.33182565789473684,0.37961304192045864,0.3621480026195154,97.5,100.0,5471,11730,1321,59,4004,6,0.010784134527508682,0.3413469735720375,0.004542013626040878,0.9,0.7000000000000001,0.1,0.6000000000000001,65.0,35.0,60.0,0.8,0.7000000000000001,0.1,0.7000000000000001,55.0,25.0,70.0,9840,8634,1206,9840,0.1225609756097561,0.34800683522905396,0.5,0.6960136704581079,2413,0.2794764883020616,1.0,1
"iteration_2","SCOPE_DATA_COLLECTION",1600,55,3370.0,3430.0,1,9369,7128,2025,9569,7139,2190,7296,5582,1527,2055,1529,485,0.2197625922361245,0.2150189846716355,0.24105367793240556,0.4147054777150905,0.7228411110819574,1.1360988329991328,0.829410955430181,0.7228411110819574,0.7573992219994219,0.33182565789473684,0.37961304192045864,0.3621480026195154,97.5,100.0,5471,11730,1321,59,4004,6,0.010784134527508682,0.3413469735720375,0.004542013626040878,0.9,0.7000000000000001,0.1,0.6000000000000001,65.0,35.0,60.0,0.8,0.7000000000000001,0.1,0.7000000000000001,55.0,25.0,70.0,7123,6252,871,7123,0.1222799382282746,0.6051660068281588,1.0,0.6051660068281588,1901,0.3040626999360205,1.0,1
"iteration_2","SCOPE_DATA_COLLECTION",1600,55,3370.0,3430.0,2,9369,7128,2025,9569,7139,2190,7296,5582,1527,2055,1529,485,0.2197625922361245,0.2150189846716355,0.24105367793240556,0.4147054777150905,0.7228411110819574,1.1360988329991328,0.829410955430181,0.7228411110819574,0.7573992219994219,0.33182565789473684,0.37961304192045864,0.3621480026195154,97.5,100.0,5471,11730,1321,59,4004,6,0.010784134527508682,0.3413469735720375,0.004542013626040878,0.9,0.7000000000000001,0.1,0.6000000000000001,65.0,35.0,60.0,0.8,0.7000000000000001,0.1,0.7000000000000001,55.0,25.0,70.0,2165,1822,343,2165,0.15842956120092377,1.0453711729112187,1.5,0.6969141152741458,598,0.32821075740944017,1.0,1
"iteration_2","SCOPE_DATA_COLLECTION",1600,56,3430.0,3490.0,0,9840,7123,2165,9369,7128,2025,8616,6263,1829,1207,871,343,0.1228748854728698,0.12209139332772638,0.15791896869244937,0.3477013208836083,0.6042737537472753,1.0472638600651465,0.6954026417672166,0.6042737537472753,0.6981759067100977,0.27948003714020425,0.3040076640587578,0.32914160743575727,100.0,100.0,5386,11078,2664,88,2306,27,0.016338655774229483,0.20816031774688573,0.010135135135135136,0.8,0.7000000000000001,0.1,0.7000000000000001,55.0,25.0,70.0,0.4,0.9,0.30000000000000004,0.2,45.0,35.0,40.0,9549,5547,4002,9549,0.4191014765944078,0.4512653302965709,0.5,0.9025306605931418,2410,0.4344690823868758,1.0,1
"iteration_2","SCOPE_DATA_COLLECTION",1600,56,3430.0,3490.0,1,9840,7123,2165,9369,7128,2025,8616,6263,1829,1207,871,343,0.1228748854728698,0.12209139332772638,0.15791896869244937,0.3477013208836083,0.6042737537472753,1.0472638600651465,0.6954026417672166,0.6042737537472753,0.6981759067100977,0.27948003714020425,0.3040076640587578,0.32914160743575727,100.0,100.0,5386,11078,2664,88,2306,27,0.016338655774229483,0.20816031774688573,0.010135135135135136,0.8,0.7000000000000001,0.1,0.7000000000000001,55.0,25.0,70.0,0.4,0.9,0.30000000000000004,0.2,45.0,35.0,40.0,6990,4040,2950,6990,0.4220314735336195,0.8571187439187661,1.0,0.8571187439187661,1940,0.4801980198019802,1.0,1
"iteration_2","SCOPE_DATA_COLLECTION",1600,56,3430.0,3490.0,2,9840,7123,2165,9369,7128,2025,8616,6263,1829,1207,871,343,0.1228748854728698,0.12209139332772638,0.15791896869244937,0.3477013208836083,0.6042737537472753,1.0472638600651465,0.6954026417672166,0.6042737537472753,0.6981759067100977,0.27948003714020425,0.3040076640587578,0.32914160743575727,100.0,100.0,5386,11078,2664,88,2306,27,0.016338655774229483,0.20816031774688573,0.010135135135135136,0.8,0.7000000000000001,0.1,0.7000000000000001,55.0,25.0,70.0,0.4,0.9,0.30000000000000004,0.2,45.0,35.0,40.0,2110,1207,903,2110,0.42796208530805685,1.3253278424761123,1.5,0.8835518949840749,600,0.4971002485501243,1.0,1
"iteration_2","SCOPE_DATA_COLLECTION",1600,57,3490.0,3550.0,0,9549,6990,2110,9840,7123,2165,5574,4049,1211,4002,2950,903,0.41791979949874686,0.421488784112016,0.4271523178807947,0.4494313160119727,0.8503798523875354,1.3153363013590011,0.8988626320239455,0.8503798523875354,0.8768908675726674,0.4318263365626121,0.47764880217337613,0.4913294797687861,100.0,100.0,5517,5356,7776,132,5,7718,0.02392604676454595,9.335324869305452E-4,0.9925411522633745,0.4,0.9,0.30000000000000004,0.2,45.0,35.0,40.0,0.30000000000000004,0.9,0.30000000000000004,0.30000000000000004,55.0,35.0,40.0,9573,4947,4626,9573,0.48323409589470384,0.4762128060198304,0.5,0.9524256120396608,2439,0.49302607640994545,1.0,1
"iteration_2","SCOPE_DATA_COLLECTION",1600,57,3490.0,3550.0,1,9549,6990,2110,9840,7123,2165,5574,4049,1211,4002,2950,903,0.41791979949874686,0.421488784112016,0.4271523178807947,0.4494313160119727,0.8503798523875354,1.3153363013590011,0.8988626320239455,0.8503798523875354,0.8768908675726674,0.4318263365626121,0.47764880217337613,0.4913294797687861,100.0,100.0,5517,5356,7776,132,5,7718,0.02392604676454595,9.335324869305452E-4,0.9925411522633745,0.4,0.9,0.30000000000000004,0.2,45.0,35.0,40.0,0.30000000000000004,0.9,0.30000000000000004,0.30000000000000004,55.0,35.0,40.0,7160,3624,3536,7160,0.49385474860335193,0.9408403876842514,1.0,0.9408403876842514,2023,0.5582229580573952,1.0,1
"iteration_2","SCOPE_DATA_COLLECTION",1600,57,3490.0,3550.0,2,9549,6990,2110,9840,7123,2165,5574,4049,1211,4002,2950,903,0.41791979949874686,0.421488784112016,0.4271523178807947,0.4494313160119727,0.8503798523875354,1.3153363013590011,0.8988626320239455,0.8503798523875354,0.8768908675726674,0.4318263365626121,0.47764880217337613,0.4913294797687861,100.0,100.0,5517,5356,7776,132,5,7718,0.02392604676454595,9.335324869305452E-4,0.9925411522633745,0.4,0.9,0.30000000000000004,0.2,45.0,35.0,40.0,0.30000000000000004,0.9,0.30000000000000004,0.30000000000000004,55.0,35.0,40.0,2070,970,1100,2070,0.5314009661835749,1.4778093320578343,1.5,0.9852062213718895,551,0.568041237113402,1.0,1
"iteration_2","SCOPE_DATA_COLLECTION",1600,58,3550.0,3619.1108657953146,0,9573,7160,2070,9549,6990,2110,4948,3626,978,4626,3536,1100,0.48318362231042405,0.4937168388718235,0.5293551491819056,0.47759819087841093,0.9438151403342299,1.480882140736553,0.9551963817568219,0.9438151403342299,0.9872547604910354,0.49434114793856104,0.5581908439051296,0.5705521472392638,100.0,100.0,5583,4086,9134,124,4,9134,0.022210281210818555,9.789525208027412E-4,1.0,0.30000000000000004,0.9,0.30000000000000004,0.30000000000000004,55.0,35.0,40.0,0.8,0.4,0.2,0.7000000000000001,65.0,20.0,70.0,7880,7217,593,7810,0.07592829705505762,0.36701276976421215,0.5,0.7340255395284243,2064,0.2859914091727865,0.9911167512690355,0
"iteration_2","SCOPE_DATA_COLLECTION",1600,58,3550.0,3619.1108657953146,1,9573,7160,2070,9549,6990,2110,4948,3626,978,4626,3536,1100,0.48318362231042405,0.4937168388718235,0.5293551491819056,0.47759819087841093,0.9438151403342299,1.480882140736553,0.9551963817568219,0.9438151403342299,0.9872547604910354,0.49434114793856104,0.5581908439051296,0.5705521472392638,100.0,100.0,5583,4086,9134,124,4,9134,0.022210281210818555,9.789525208027412E-4,1.0,0.30000000000000004,0.9,0.30000000000000004,0.30000000000000004,55.0,35.0,40.0,0.8,0.4,0.2,0.7000000000000001,65.0,20.0,70.0,6005,5463,462,5925,0.0779746835443038,0.6549857488362811,1.0,0.6549857488362811,1656,0.3031301482701812,0.9866777685262281,0
"iteration_2","SCOPE_DATA_COLLECTION",1600,58,3550.0,3619.1108657953146,2,9573,7160,2070,9549,6990,2110,4948,3626,978,4626,3536,1100,0.48318362231042405,0.4937168388718235,0.5293551491819056,0.47759819087841093,0.9438151403342299,1.480882140736553,0.9551963817568219,0.9438151403342299,0.9872547604910354,0.49434114793856104,0.5581908439051296,0.5705521472392638,100.0,100.0,5583,4086,9134,124,4,9134,0.022210281210818555,9.789525208027412E-4,1.0,0.30000000000000004,0.9,0.30000000000000004,0.30000000000000004,55.0,35.0,40.0,0.8,0.4,0.2,0.7000000000000001,65.0,20.0,70.0,1758,1562,163,1725,0.0944927536231884,1.0025258261053867,1.5,0.6683505507369244,454,0.2906530089628681,0.9812286689419796,0
"iteration_2","SCOPE_DATA_COLLECTION",1700,0,70.0,130.0,0,9031,6908,2111,0,0,0,7560,5683,1677,1419,1144,388,0.15803541597059806,0.1675699428738831,0.18789346246973365,0.36371408760229706,0.7351184840676247,1.009465092798173,0.7274281752045941,0.7351184840676247,0.6729767285321153,0.30608465608465607,0.35826148161182475,0.31604054859868813,100.0,100.0,5550,7452,5048,241,56,2654,0.043423423423423424,0.007514761137949544,0.5257527733755943,0.6,0.5,0.7,0.4,85.0,80.0,90.0,0.5,0.4,0.6000000000000001,0.4,85.0,80.0,80.0,9898,6545,3353,9898,0.33875530410183874,0.43538632293730745,0.5,0.8707726458746149,2448,0.37402597402597404,1.0,1
"iteration_2","SCOPE_DATA_COLLECTION",1700,0,70.0,130.0,1,9031,6908,2111,0,0,0,7560,5683,1677,1419,1144,388,0.15803541597059806,0.1675699428738831,0.18789346246973365,0.36371408760229706,0.7351184840676247,1.009465092798173,0.7274281752045941,0.7351184840676247,0.6729767285321153,0.30608465608465607,0.35826148161182475,0.31604054859868813,100.0,100.0,5550,7452,5048,241,56,2654,0.043423423423423424,0.007514761137949544,0.5257527733755943,0.6,0.5,0.7,0.4,85.0,80.0,90.0,0.5,0.4,0.6000000000000001,0.4,85.0,80.0,80.0,7583,4893,2690,7583,0.3547408677304497,0.8263552180809091,1.0,0.8263552180809091,1977,0.40404659717964436,1.0,1
"iteration_2","SCOPE_DATA_COLLECTION",1700,0,70.0,130.0,2,9031,6908,2111,0,0,0,7560,5683,1677,1419,1144,388,0.15803541597059806,0.1675699428738831,0.18789346246973365,0.36371408760229706,0.7351184840676247,1.009465092798173,0.7274281752045941,0.7351184840676247,0.6729767285321153,0.30608465608465607,0.35826148161182475,0.31604054859868813,100.0,100.0,5550,7452,5048,241,56,2654,0.043423423423423424,0.007514761137949544,0.5257527733755943,0.6,0.5,0.7,0.4,85.0,80.0,90.0,0.5,0.4,0.6000000000000001,0.4,85.0,80.0,80.0,2516,1560,956,2516,0.3799682034976153,1.239142713767531,1.5,0.8260951425116874,641,0.4108974358974359,1.0,1
"iteration_2","SCOPE_DATA_COLLECTION",1700,1,130.0,190.0,0,9898,7583,2516,9031,6908,2111,6574,4912,1580,3353,2690,956,0.33776568953359526,0.35385424888187317,0.37697160883280756,0.4374890655865554,0.8263147646086579,1.2473293165580532,0.8749781311731109,0.8263147646086579,0.8315528777053688,0.37633100091268634,0.40451954397394135,0.4132911392405063,100.0,100.0,5682,7136,7179,275,6,6718,0.048398451249560014,8.408071748878924E-4,0.9357849282629893,0.5,0.4,0.6000000000000001,0.4,85.0,80.0,80.0,0.5,0.4,0.6000000000000001,0.4,85.0,80.0,80.0,9830,6504,3326,9830,0.33835198372329606,0.39021596594320124,0.5,0.7804319318864025,2378,0.3656211562115621,1.0,1
"iteration_2","SCOPE_DATA_COLLECTION",1700,1,130.0,190.0,1,9898,7583,2516,9031,6908,2111,6574,4912,1580,3353,2690,956,0.33776568953359526,0.35385424888187317,0.37697160883280756,0.4374890655865554,0.8263147646086579,1.2473293165580532,0.8749781311731109,0.8263147646086579,0.8315528777053688,0.37633100091268634,0.40451954397394135,0.4132911392405063,100.0,100.0,5682,7136,7179,275,6,6718,0.048398451249560014,8.408071748878924E-4,0.9357849282629893,0.5,0.4,0.6000000000000001,0.4,85.0,80.0,80.0,0.5,0.4,0.6000000000000001,0.4,85.0,80.0,80.0,7395,4821,2574,7395,0.34807302231237325,0.8144635831587785,1.0,0.8144635831587785,2041,0.42335615017631195,1.0,1
"iteration_2","SCOPE_DATA_COLLECTION",1700,1,130.0,190.0,2,9898,7583,2516,9031,6908,2111,6574,4912,1580,3353,2690,956,0.33776568953359526,0.35385424888187317,0.37697160883280756,0.4374890655865554,0.8263147646086579,1.2473293165580532,0.8749781311731109,0.8263147646086579,0.8315528777053688,0.37633100091268634,0.40451954397394135,0.4132911392405063,100.0,100.0,5682,7136,7179,275,6,6718,0.048398451249560014,8.408071748878924E-4,0.9357849282629893,0.5,0.4,0.6000000000000001,0.4,85.0,80.0,80.0,0.5,0.4,0.6000000000000001,0.4,85.0,80.0,80.0,2356,1483,873,2356,0.3705432937181664,1.1753893926792838,1.5,0.7835929284528559,596,0.401888064733648,1.0,1
"iteration_2","SCOPE_DATA_COLLECTION",1700,2,190.0,250.0,0,9830,7395,2356,9898,7583,2516,6470,4815,1480,3326,2574,873,0.33952633728052267,0.34835566382460414,0.3710157246068848,0.3878322677407617,0.8135829800891367,1.1732227512379336,0.7756645354815234,0.8135829800891367,0.7821485008252891,0.362596599690881,0.4232606438213915,0.4027027027027027,100.0,100.0,5662,6975,6944,216,3,6554,0.0381490639350053,4.3010752688172043E-4,0.943836405529954,0.5,0.4,0.6000000000000001,0.4,85.0,80.0,80.0,0.6000000000000001,0.5,0.6000000000000001,0.5,95.0,80.0,70.0,9961,7493,2468,9961,0.24776628852524846,0.4113679345216496,0.5,0.8227358690432992,2575,0.34365407713866275,1.0,1
"iteration_2","SCOPE_DATA_COLLECTION",1700,2,190.0,250.0,1,9830,7395,2356,9898,7583,2516,6470,4815,1480,3326,2574,873,0.33952633728052267,0.34835566382460414,0.3710157246068848,0.3878322677407617,0.8135829800891367,1.1732227512379336,0.7756645354815234,0.8135829800891367,0.7821485008252891,0.362596599690881,0.4232606438213915,0.4027027027027027,100.0,100.0,5662,6975,6944,216,3,6554,0.0381490639350053,4.3010752688172043E-4,0.943836405529954,0.5,0.4,0.6000000000000001,0.4,85.0,80.0,80.0,0.6000000000000001,0.5,0.6000000000000001,0.5,95.0,80.0,70.0,7418,5467,1951,7418,0.263008897276894,0.7592759571356653,1.0,0.7592759571356653,2012,0.36802633985732575,1.0,1
"iteration_2","SCOPE_DATA_COLLECTION",1700,2,190.0,250.0,2,9830,7395,2356,9898,7583,2516,6470,4815,1480,3326,2574,873,0.33952633728052267,0.34835566382460414,0.3710157246068848,0.3878322677407617,0.8135829800891367,1.1732227512379336,0.7756645354815234,0.8135829800891367,0.7821485008252891,0.362596599690881,0.4232606438213915,0.4027027027027027,100.0,100.0,5662,6975,6944,216,3,6554,0.0381490639350053,4.3010752688172043E-4,0.943836405529954,0.5,0.4,0.6000000000000001,0.4,85.0,80.0,80.0,0.6000000000000001,0.5,0.6000000000000001,0.5,95.0,80.0,70.0,2350,1695,655,2350,0.27872340425531916,1.1043765249844322,1.5,0.7362510166562881,612,0.36106194690265486,1.0,1
"iteration_2","SCOPE_DATA_COLLECTION",1700,3,250.0,310.0,0,9961,7418,2350,9830,7395,2356,7492,5459,1694,2468,1951,654,0.24779116465863454,0.26329284750337384,0.2785349233390119,0.41103159641319587,0.759549692246278,1.104006316291215,0.8220631928263917,0.759549692246278,0.73600421086081,0.34289909236518956,0.3671002015021066,0.3612750885478158,100.0,100.0,5719,8459,5551,218,9,4846,0.03811855219443959,0.001063955550301454,0.872995856602414,0.6000000000000001,0.5,0.6000000000000001,0.5,95.0,80.0,70.0,0.5,0.4,0.6000000000000001,0.5,95.0,70.0,80.0,9747,6223,3524,9747,0.36154714271057764,0.41950559156821965,0.5,0.8390111831364393,2424,0.3895227382291499,1.0,1
"iteration_2","SCOPE_DATA_COLLECTION",1700,3,250.0,310.0,1,9961,7418,2350,9830,7395,2356,7492,5459,1694,2468,1951,654,0.24779116465863454,0.26329284750337384,0.2785349233390119,0.41103159641319587,0.759549692246278,1.104006316291215,0.8220631928263917,0.759549692246278,0.73600421086081,0.34289909236518956,0.3671002015021066,0.3612750885478158,100.0,100.0,5719,8459,5551,218,9,4846,0.03811855219443959,0.001063955550301454,0.872995856602414,0.6000000000000001,0.5,0.6000000000000001,0.5,95.0,80.0,70.0,0.5,0.4,0.6000000000000001,0.5,95.0,70.0,80.0,7509,4740,2769,7509,0.36875749101078703,0.84305731910177,1.0,0.84305731910177,2078,0.4383966244725738,1.0,1
"iteration_2","SCOPE_DATA_COLLECTION",1700,3,250.0,310.0,2,9961,7418,2350,9830,7395,2356,7492,5459,1694,2468,1951,654,0.24779116465863454,0.26329284750337384,0.2785349233390119,0.41103159641319587,0.759549692246278,1.104006316291215,0.8220631928263917,0.759549692246278,0.73600421086081,0.34289909236518956,0.3671002015021066,0.3612750885478158,100.0,100.0,5719,8459,5551,218,9,4846,0.03811855219443959,0.001063955550301454,0.872995856602414,0.6000000000000001,0.5,0.6000000000000001,0.5,95.0,80.0,70.0,0.5,0.4,0.6000000000000001,0.5,95.0,70.0,80.0,2395,1406,989,2395,0.41294363256784966,1.2088706690377333,1.5,0.8059137793584888,581,0.4132290184921764,1.0,1
"iteration_2","SCOPE_DATA_COLLECTION",1700,4,310.0,370.0,0,9747,7509,2395,9961,7418,2350,6234,4751,1407,3524,2768,990,0.36113957778233247,0.3681340603803697,0.4130162703379224,0.41979285532110444,0.8445495800998172,1.201022702494359,0.8395857106422089,0.8445495800998172,0.8006818016629059,0.3897978825794033,0.43948642391075565,0.410092395167022,100.0,100.0,5778,6834,7039,238,5,7039,0.04119072343371409,7.316359379572724E-4,1.0,0.5,0.4,0.6000000000000001,0.5,95.0,70.0,80.0,0.4,0.5,0.6000000000000001,0.4,85.0,70.0,80.0,9745,5581,4164,9745,0.4272960492560287,0.4463517995356082,0.5,0.8927035990712164,2412,0.4321806127934062,1.0,1
"iteration_2","SCOPE_DATA_COLLECTION",1700,4,310.0,370.0,1,9747,7509,2395,9961,7418,2350,6234,4751,1407,3524,2768,990,0.36113957778233247,0.3681340603803697,0.4130162703379224,0.41979285532110444,0.8445495800998172,1.201022702494359,0.8395857106422089,0.8445495800998172,0.8006818016629059,0.3897978825794033,0.43948642391075565,0.410092395167022,100.0,100.0,5778,6834,7039,238,5,7039,0.04119072343371409,7.316359379572724E-4,1.0,0.5,0.4,0.6000000000000001,0.5,95.0,70.0,80.0,0.4,0.5,0.6000000000000001,0.4,85.0,70.0,80.0,7435,4162,3273,7435,0.4402151983860121,0.900305279957283,1.0,0.900305279957283,2015,0.48414223930802497,1.0,1
"iteration_2","SCOPE_DATA_COLLECTION",1700,4,310.0,370.0,2,9747,7509,2395,9961,7418,2350,6234,4751,1407,3524,2768,990,0.36113957778233247,0.3681340603803697,0.4130162703379224,0.41979285532110444,0.8445495800998172,1.201022702494359,0.8395857106422089,0.8445495800998172,0.8006818016629059,0.3897978825794033,0.43948642391075565,0.410092395167022,100.0,100.0,5778,6834,7039,238,5,7039,0.04119072343371409,7.316359379572724E-4,1.0,0.5,0.4,0.6000000000000001,0.5,95.0,70.0,80.0,0.4,0.5,0.6000000000000001,0.4,85.0,70.0,80.0,2296,1175,1121,2296,0.4882404181184669,1.4092681377879899,1.5,0.9395120918586599,610,0.5191489361702127,1.0,1
"iteration_2","SCOPE_DATA_COLLECTION",1700,5,370.0,430.0,0,9745,7435,2296,9747,7509,2395,5585,4148,1181,4164,3274,1121,0.42712073033131603,0.44112099164645646,0.48696785403996523,0.4472241004967848,0.8960550219244843,1.4153062753863708,0.8944482009935696,0.8960550219244843,0.9435375169242471,0.43366159355416295,0.4814368370298939,0.5215918712955123,100.0,100.0,5663,5486,8327,224,8,8327,0.03955500618046971,0.0014582573824279985,1.0,0.4,0.5,0.6000000000000001,0.4,85.0,70.0,80.0,0.1,0.30000000000000004,0.30000000000000004,0.2,50.0,90.0,25.0,9912,3378,6534,9912,0.6592009685230025,0.5956980481957576,0.5,1.1913960963915151,2239,0.662818235642392,1.0,1
"iteration_2","SCOPE_DATA_COLLECTION",1700,5,370.0,430.0,1,9745,7435,2296,9747,7509,2395,5585,4148,1181,4164,3274,1121,0.42712073033131603,0.44112099164645646,0.48696785403996523,0.4472241004967848,0.8960550219244843,1.4153062753863708,0.8944482009935696,0.8960550219244843,0.9435375169242471,0.43366159355416295,0.4814368370298939,0.5215918712955123,100.0,100.0,5663,5486,8327,224,8,8327,0.03955500618046971,0.0014582573824279985,1.0,0.4,0.5,0.6000000000000001,0.4,85.0,70.0,80.0,0.1,0.30000000000000004,0.30000000000000004,0.2,50.0,90.0,25.0,7531,2593,4938,7531,0.6556898154295578,1.2729679904427051,1.0,1.2729679904427051,2029,0.7824913227921326,1.0,1
"iteration_2","SCOPE_DATA_COLLECTION",1700,5,370.0,430.0,2,9745,7435,2296,9747,7509,2395,5585,4148,1181,4164,3274,1121,0.42712073033131603,0.44112099164645646,0.48696785403996523,0.4472241004967848,0.8960550219244843,1.4153062753863708,0.8944482009935696,0.8960550219244843,0.9435375169242471,0.43366159355416295,0.4814368370298939,0.5215918712955123,100.0,100.0,5663,5486,8327,224,8,8327,0.03955500618046971,0.0014582573824279985,1.0,0.4,0.5,0.6000000000000001,0.4,85.0,70.0,80.0,0.1,0.30000000000000004,0.30000000000000004,0.2,50.0,90.0,25.0,2280,794,1486,2280,0.6517543859649123,1.8404187711400066,1.5,1.226945847426671,597,0.7518891687657431,1.0,1
"iteration_2","SCOPE_DATA_COLLECTION",1700,6,430.0,490.0,0,9912,7531,2280,9745,7435,2296,3392,2613,794,6534,4938,1486,0.6582712069312916,0.653953118792213,0.6517543859649123,0.5949294451132617,1.2760978581094002,1.839149471022792,1.1898588902265235,1.2760978581094002,1.226099647348528,0.6624410377358491,0.78300803673938,0.7506297229219143,100.0,100.0,5462,1438,12823,134,1,12823,0.024533138044672283,6.954102920723226E-4,1.0,0.1,0.30000000000000004,0.30000000000000004,0.2,50.0,90.0,25.0,0.05,0.2,0.2,0.1,40.0,90.0,20.0,9837,3056,6781,9837,0.6893361797295924,0.601444075469451,0.5,1.202888150938902,2077,0.6796465968586387,1.0,1
"iteration_2","SCOPE_DATA_COLLECTION",1700,6,430.0,490.0,1,9912,7531,2280,9745,7435,2296,3392,2613,794,6534,4938,1486,0.6582712069312916,0.653953118792213,0.6517543859649123,0.5949294451132617,1.2760978581094002,1.839149471022792,1.1898588902265235,1.2760978581094002,1.226099647348528,0.6624410377358491,0.78300803673938,0.7506297229219143,100.0,100.0,5462,1438,12823,134,1,12823,0.024533138044672283,6.954102920723226E-4,1.0,0.1,0.30000000000000004,0.30000000000000004,0.2,50.0,90.0,25.0,0.05,0.2,0.2,0.1,40.0,90.0,20.0,7516,2280,5236,7516,0.6966471527408196,1.314281302346086,1.0,1.314281302346086,1952,0.856140350877193,1.0,1
"iteration_2","SCOPE_DATA_COLLECTION",1700,6,430.0,490.0,2,9912,7531,2280,9745,7435,2296,3392,2613,794,6534,4938,1486,0.6582712069312916,0.653953118792213,0.6517543859649123,0.5949294451132617,1.2760978581094002,1.839149471022792,1.1898588902265235,1.2760978581094002,1.226099647348528,0.6624410377358491,0.78300803673938,0.7506297229219143,100.0,100.0,5462,1438,12823,134,1,12823,0.024533138044672283,6.954102920723226E-4,1.0,0.1,0.30000000000000004,0.30000000000000004,0.2,50.0,90.0,25.0,0.05,0.2,0.2,0.1,40.0,90.0,20.0,2322,719,1603,2322,0.6903531438415159,2.0358083354949477,1.5,1.3572055569966317,636,0.8845618915159944,1.0,1
"iteration_2","SCOPE_DATA_COLLECTION",1700,7,490.0,550.0,0,9837,7516,2322,9912,7531,2280,3056,2286,711,6781,5236,1603,0.6893361797295924,0.6960914650358947,0.6927398444252377,0.6019804526392772,1.3142403277286223,2.027579962557911,1.2039609052785545,1.3142403277286223,1.3517199750386073,0.6799738219895288,0.8547681539807525,0.8804500703234881,100.0,100.0,5387,727,13561,59,0,13561,0.010952292556153704,0.0,1.0,0.05,0.2,0.2,0.1,40.0,90.0,20.0,0.15000000000000002,0.30000000000000004,0.30000000000000004,0.2,30.0,95.0,30.0,9782,3729,6053,9782,0.6187896135759559,0.5499788174154724,0.5,1.0999576348309448,2210,0.5926521855725395,1.0,1
"iteration_2","SCOPE_DATA_COLLECTION",1700,7,490.0,550.0,1,9837,7516,2322,9912,7531,2280,3056,2286,711,6781,5236,1603,0.6893361797295924,0.6960914650358947,0.6927398444252377,0.6019804526392772,1.3142403277286223,2.027579962557911,1.2039609052785545,1.3142403277286223,1.3517199750386073,0.6799738219895288,0.8547681539807525,0.8804500703234881,100.0,100.0,5387,727,13561,59,0,13561,0.010952292556153704,0.0,1.0,0.05,0.2,0.2,0.1,40.0,90.0,20.0,0.15000000000000002,0.30000000000000004,0.30000000000000004,0.2,30.0,95.0,30.0,7414,2850,4564,7414,0.6155921230105207,1.150510039845959,1.0,1.150510039845959,1998,0.7010526315789474,1.0,1
"iteration_2","SCOPE_DATA_COLLECTION",1700,7,490.0,550.0,2,9837,7516,2322,9912,7531,2280,3056,2286,711,6781,5236,1603,0.6893361797295924,0.6960914650358947,0.6927398444252377,0.6019804526392772,1.3142403277286223,2.027579962557911,1.2039609052785545,1.3142403277286223,1.3517199750386073,0.6799738219895288,0.8547681539807525,0.8804500703234881,100.0,100.0,5387,727,13561,59,0,13561,0.010952292556153704,0.0,1.0,0.05,0.2,0.2,0.1,40.0,90.0,20.0,0.15000000000000002,0.30000000000000004,0.30000000000000004,0.2,30.0,95.0,30.0,2401,888,1513,2401,0.6301541024573094,1.691604845709207,1.5,1.127736563806138,606,0.6824324324324325,1.0,1
"iteration_2","SCOPE_DATA_COLLECTION",1700,8,550.0,610.0,0,9782,7414,2401,9837,7516,2322,3724,2849,894,6053,4564,1513,0.6191060652551907,0.615675165250236,0.6285832987120897,0.5504216028443609,1.1507334971136558,1.7025105194548917,1.1008432056887218,1.1507334971136558,1.135007012969928,0.5926423200859291,0.7012987012987013,0.6868008948545862,100.0,100.0,5456,2120,12021,109,0,12021,0.01997800586510264,0.0,1.0,0.15000000000000002,0.30000000000000004,0.30000000000000004,0.2,30.0,95.0,30.0,0.25,0.4,0.2,0.2,40.0,95.0,40.0,9612,4419,5193,9612,0.5402621722846442,0.47090629433632614,0.5,0.9418125886726523,2189,0.49536094138945463,1.0,1
"iteration_2","SCOPE_DATA_COLLECTION",1700,8,550.0,610.0,1,9782,7414,2401,9837,7516,2322,3724,2849,894,6053,4564,1513,0.6191060652551907,0.615675165250236,0.6285832987120897,0.5504216028443609,1.1507334971136558,1.7025105194548917,1.1008432056887218,1.1507334971136558,1.135007012969928,0.5926423200859291,0.7012987012987013,0.6868008948545862,100.0,100.0,5456,2120,12021,109,0,12021,0.01997800586510264,0.0,1.0,0.15000000000000002,0.30000000000000004,0.30000000000000004,0.2,30.0,95.0,30.0,0.25,0.4,0.2,0.2,40.0,95.0,40.0,7495,3395,4100,7495,0.5470313542361575,0.9368245807055355,1.0,0.9368245807055355,1939,0.5711340206185567,1.0,1
"iteration_2","SCOPE_DATA_COLLECTION",1700,8,550.0,610.0,2,9782,7414,2401,9837,7516,2322,3724,2849,894,6053,4564,1513,0.6191060652551907,0.615675165250236,0.6285832987120897,0.5504216028443609,1.1507334971136558,1.7025105194548917,1.1008432056887218,1.1507334971136558,1.135007012969928,0.5926423200859291,0.7012987012987013,0.6868008948545862,100.0,100.0,5456,2120,12021,109,0,12021,0.01997800586510264,0.0,1.0,0.15000000000000002,0.30000000000000004,0.30000000000000004,0.2,30.0,95.0,30.0,0.25,0.4,0.2,0.2,40.0,95.0,40.0,2404,1047,1357,2404,0.5644758735440932,1.49825700612916,1.5,0.9988380040861067,612,0.5845272206303725,1.0,1
"iteration_2","SCOPE_DATA_COLLECTION",1700,9,610.0,670.0,0,9612,7495,2404,9782,7414,2401,4427,3398,1053,5193,4100,1357,0.5398128898128898,0.5468124833288877,0.5630705394190871,0.4720617926015439,0.938114214763193,1.502998761878796,0.9441235852030878,0.938114214763193,1.001999174585864,0.4964987576236729,0.5712183637433784,0.5859449192782527,100.0,100.0,5303,3655,10553,92,5,10553,0.017348670563831794,0.0013679890560875513,1.0,0.25,0.4,0.2,0.2,40.0,95.0,40.0,0.15000000000000002,0.4,0.30000000000000004,0.30000000000000004,50.0,85.0,30.0,9829,3800,6029,9829,0.6133889510631804,0.5638272789369013,0.5,1.1276545578738026,2315,0.6092105263157894,1.0,1
"iteration_2","SCOPE_DATA_COLLECTION",1700,9,610.0,670.0,1,9612,7495,2404,9782,7414,2401,4427,3398,1053,5193,4100,1357,0.5398128898128898,0.5468124833288877,0.5630705394190871,0.4720617926015439,0.938114214763193,1.502998761878796,0.9441235852030878,0.938114214763193,1.001999174585864,0.4964987576236729,0.5712183637433784,0.5859449192782527,100.0,100.0,5303,3655,10553,92,5,10553,0.017348670563831794,0.0013679890560875513,1.0,0.25,0.4,0.2,0.2,40.0,95.0,40.0,0.15000000000000002,0.4,0.30000000000000004,0.30000000000000004,50.0,85.0,30.0,7384,2779,4605,7384,0.6236457204767064,1.159038635554165,1.0,1.159038635554165,1968,0.7081684059014034,1.0,1
"iteration_2","SCOPE_DATA_COLLECTION",1700,9,610.0,670.0,2,9612,7495,2404,9782,7414,2401,4427,3398,1053,5193,4100,1357,0.5398128898128898,0.5468124833288877,0.5630705394190871,0.4720617926015439,0.938114214763193,1.502998761878796,0.9441235852030878,0.938114214763193,1.001999174585864,0.4964987576236729,0.5712183637433784,0.5859449192782527,100.0,100.0,5303,3655,10553,92,5,10553,0.017348670563831794,0.0013679890560875513,1.0,0.25,0.4,0.2,0.2,40.0,95.0,40.0,0.15000000000000002,0.4,0.30000000000000004,0.30000000000000004,50.0,85.0,30.0,2304,826,1478,2304,0.6414930555555556,1.773516250919347,1.5,1.1823441672795647,591,0.715496368038741,1.0,1
"iteration_2","SCOPE_DATA_COLLECTION",1700,10,670.0,730.0,0,9829,7384,2304,9612,7495,2404,3804,2788,817,6029,4605,1478,0.6131394284552019,0.6228865142702557,0.6440087145969499,0.5629849372745158,1.1596035121473567,1.769380724197556,1.1259698745490316,1.1596035121473567,1.1795871494650374,0.6083070452155626,0.7101865136298422,0.7135862913096696,100.0,100.0,5503,2037,11977,134,1,11977,0.024350354352171543,4.909180166912126E-4,1.0,0.15000000000000002,0.4,0.30000000000000004,0.30000000000000004,50.0,85.0,30.0,0.15000000000000002,0.4,0.30000000000000004,0.30000000000000004,50.0,85.0,30.0,9724,3715,6009,9724,0.6179555738379268,0.5382529941862558,0.5,1.0765059883725117,2172,0.5846567967698519,1.0,1
"iteration_2","SCOPE_DATA_COLLECTION",1700,10,670.0,730.0,1,9829,7384,2304,9612,7495,2404,3804,2788,817,6029,4605,1478,0.6131394284552019,0.6228865142702557,0.6440087145969499,0.5629849372745158,1.1596035121473567,1.769380724197556,1.1259698745490316,1.1596035121473567,1.1795871494650374,0.6083070452155626,0.7101865136298422,0.7135862913096696,100.0,100.0,5503,2037,11977,134,1,11977,0.024350354352171543,4.909180166912126E-4,1.0,0.15000000000000002,0.4,0.30000000000000004,0.30000000000000004,50.0,85.0,30.0,0.15000000000000002,0.4,0.30000000000000004,0.30000000000000004,50.0,85.0,30.0,7565,2824,4741,7565,0.6267019167217449,1.1256508757612727,1.0,1.1256508757612727,1995,0.7064447592067988,1.0,1
"iteration_2","SCOPE_DATA_COLLECTION",1700,10,670.0,730.0,2,9829,7384,2304,9612,7495,2404,3804,2788,817,6029,4605,1478,0.6131394284552019,0.6228865142702557,0.6440087145969499,0.5629849372745158,1.1596035121473567,1.769380724197556,1.1259698745490316,1.1596035121473567,1.1795871494650374,0.6083070452155626,0.7101865136298422,0.7135862913096696,100.0,100.0,5503,2037,11977,134,1,11977,0.024350354352171543,4.909180166912126E-4,1.0,0.15000000000000002,0.4,0.30000000000000004,0.30000000000000004,50.0,85.0,30.0,0.15000000000000002,0.4,0.30000000000000004,0.30000000000000004,50.0,85.0,30.0,2313,861,1452,2313,0.6277561608300908,1.7071636554283989,1.5,1.1381091036189326,590,0.6852497096399536,1.0,1
"iteration_2","SCOPE_DATA_COLLECTION",1700,11,730.0,790.0,0,9724,7565,2313,9829,7384,2304,3707,2816,866,6009,4741,1452,0.6184643886372992,0.6273653566229985,0.6264020707506471,0.537323756033193,1.1244327259872475,1.7058935310185204,1.074647512066386,1.1244327259872475,1.137262354012347,0.585379012678716,0.7059659090909091,0.6859122401847575,100.0,100.0,5453,2089,12060,141,1,12060,0.025857326242435356,4.786979415988511E-4,1.0,0.15000000000000002,0.4,0.30000000000000004,0.30000000000000004,50.0,85.0,30.0,0.5,0.5,0.6000000000000001,0.6000000000000001,80.0,85.0,90.0,9923,6397,3526,9923,0.3553360878766502,0.41590460053175277,0.5,0.8318092010635055,2508,0.3920587775519775,1.0,1
"iteration_2","SCOPE_DATA_COLLECTION",1700,11,730.0,790.0,1,9724,7565,2313,9829,7384,2304,3707,2816,866,6009,4741,1452,0.6184643886372992,0.6273653566229985,0.6264020707506471,0.537323756033193,1.1244327259872475,1.7058935310185204,1.074647512066386,1.1244327259872475,1.137262354012347,0.585379012678716,0.7059659090909091,0.6859122401847575,100.0,100.0,5453,2089,12060,141,1,12060,0.025857326242435356,4.786979415988511E-4,1.0,0.15000000000000002,0.4,0.30000000000000004,0.30000000000000004,50.0,85.0,30.0,0.5,0.5,0.6000000000000001,0.6000000000000001,80.0,85.0,90.0,7507,4705,2802,7507,0.3732516318103104,0.8134430840504128,1.0,0.8134430840504128,2010,0.42720510095642933,1.0,1
"iteration_2","SCOPE_DATA_COLLECTION",1700,11,730.0,790.0,2,9724,7565,2313,9829,7384,2304,3707,2816,866,6009,4741,1452,0.6184643886372992,0.6273653566229985,0.6264020707506471,0.537323756033193,1.1244327259872475,1.7058935310185204,1.074647512066386,1.1244327259872475,1.137262354012347,0.585379012678716,0.7059659090909091,0.6859122401847575,100.0,100.0,5453,2089,12060,141,1,12060,0.025857326242435356,4.786979415988511E-4,1.0,0.15000000000000002,0.4,0.30000000000000004,0.30000000000000004,50.0,85.0,30.0,0.5,0.5,0.6000000000000001,0.6000000000000001,80.0,85.0,90.0,2393,1426,967,2393,0.4040952778938571,1.2294660317659565,1.5,0.8196440211773043,604,0.423562412342216,1.0,1
"iteration_2","SCOPE_DATA_COLLECTION",1700,12,790.0,850.0,0,9923,7507,2393,9724,7565,2313,6384,4686,1413,3526,2802,967,0.35580221997981837,0.37419871794871795,0.40630252100840336,0.41552648828200134,0.8122951921140394,1.2262170056747868,0.8310529765640027,0.8122951921140394,0.8174780037831911,0.39129072681704263,0.42701664532650446,0.42250530785562634,100.0,100.0,5770,7026,7027,266,2,7027,0.04610051993067591,2.846569883290635E-4,1.0,0.5,0.5,0.6000000000000001,0.6000000000000001,80.0,85.0,90.0,0.5,0.5,0.6000000000000001,0.6000000000000001,80.0,85.0,90.0,9810,6267,3543,9810,0.36116207951070334,0.40698478196314286,0.5,0.8139695639262857,2370,0.3781713738630924,1.0,1
"iteration_2","SCOPE_DATA_COLLECTION",1700,12,790.0,850.0,1,9923,7507,2393,9724,7565,2313,6384,4686,1413,3526,2802,967,0.35580221997981837,0.37419871794871795,0.40630252100840336,0.41552648828200134,0.8122951921140394,1.2262170056747868,0.8310529765640027,0.8122951921140394,0.8174780037831911,0.39129072681704263,0.42701664532650446,0.42250530785562634,100.0,100.0,5770,7026,7027,266,2,7027,0.04610051993067591,2.846569883290635E-4,1.0,0.5,0.5,0.6000000000000001,0.6000000000000001,80.0,85.0,90.0,0.5,0.5,0.6000000000000001,0.6000000000000001,80.0,85.0,90.0,7485,4674,2811,7485,0.3755511022044088,0.8413869221855005,1.0,0.8413869221855005,2049,0.43838254172015406,1.0,1
"iteration_2","SCOPE_DATA_COLLECTION",1700,12,790.0,850.0,2,9923,7507,2393,9724,7565,2313,6384,4686,1413,3526,2802,967,0.35580221997981837,0.37419871794871795,0.40630252100840336,0.41552648828200134,0.8122951921140394,1.2262170056747868,0.8310529765640027,0.8122951921140394,0.8174780037831911,0.39129072681704263,0.42701664532650446,0.42250530785562634,100.0,100.0,5770,7026,7027,266,2,7027,0.04610051993067591,2.846569883290635E-4,1.0,0.5,0.5,0.6000000000000001,0.6000000000000001,80.0,85.0,90.0,0.5,0.5,0.6000000000000001,0.6000000000000001,80.0,85.0,90.0,2389,1446,943,2389,0.39472582670573464,1.196550014256488,1.5,0.7977000095043253,595,0.4114799446749654,1.0,1
"iteration_2","SCOPE_DATA_COLLECTION",1700,13,850.0,910.0,0,9810,7485,2389,9923,7507,2393,6261,4671,1459,3543,2811,943,0.36138310893512854,0.37570168404170007,0.3925895087427144,0.4063102003036618,0.8374186455171637,1.198713572775699,0.8126204006073235,0.8374186455171637,0.799142381850466,0.3769365915987861,0.43673731535003213,0.4132967786154901,100.0,100.0,5698,6950,7036,254,7,7036,0.044577044577044575,0.0010071942446043165,1.0,0.5,0.5,0.6000000000000001,0.6000000000000001,80.0,85.0,90.0,0.9500000000000001,0.7000000000000001,0.4,0.7000000000000001,20.0,25.0,65.0,9840,4585,5255,9840,0.5340447154471545,0.6354653196694555,0.5,1.270930639338911,2728,0.5949836423118866,1.0,1
"iteration_2","SCOPE_DATA_COLLECTION",1700,13,850.0,910.0,1,9810,7485,2389,9923,7507,2393,6261,4671,1459,3543,2811,943,0.36138310893512854,0.37570168404170007,0.3925895087427144,0.4063102003036618,0.8374186455171637,1.198713572775699,0.8126204006073235,0.8374186455171637,0.799142381850466,0.3769365915987861,0.43673731535003213,0.4132967786154901,100.0,100.0,5698,6950,7036,254,7,7036,0.044577044577044575,0.0010071942446043165,1.0,0.5,0.5,0.6000000000000001,0.6000000000000001,80.0,85.0,90.0,0.9500000000000001,0.7000000000000001,0.4,0.7000000000000001,20.0,25.0,65.0,7630,3488,4142,7630,0.5428571428571428,1.171874063395888,1.0,1.171874063395888,2184,0.6261467889908257,1.0,1
"iteration_2","SCOPE_DATA_COLLECTION",1700,13,850.0,910.0,2,9810,7485,2389,9923,7507,2393,6261,4671,1459,3543,2811,943,0.36138310893512854,0.37570168404170007,0.3925895087427144,0.4063102003036618,0.8374186455171637,1.198713572775699,0.8126204006073235,0.8374186455171637,0.799142381850466,0.3769365915987861,0.43673731535003213,0.4132967786154901,100.0,100.0,5698,6950,7036,254,7,7036,0.044577044577044575,0.0010071942446043165,1.0,0.5,0.5,0.6000000000000001,0.6000000000000001,80.0,85.0,90.0,0.9500000000000001,0.7000000000000001,0.4,0.7000000000000001,20.0,25.0,65.0,2360,1005,1355,2360,0.5741525423728814,1.7130249250949698,1.5,1.14201661672998,622,0.618905472636816,1.0,1
"iteration_2","SCOPE_DATA_COLLECTION",1700,14,910.0,970.0,0,9840,7630,2360,9810,7485,2389,4598,3494,1007,5254,4141,1355,0.5332927324401137,0.5423706614276359,0.5736663844199831,0.6358603465218341,1.171544165921668,1.7114639128716735,1.2717206930436682,1.171544165921668,1.140975941914449,0.5948238364506307,0.6247853463079565,0.6176762661370407,100.0,100.0,5575,13557,698,201,10547,2,0.03605381165919282,0.7779744781293797,0.0028653295128939827,0.9500000000000001,0.7000000000000001,0.4,0.7000000000000001,20.0,25.0,65.0,0.1,0.2,0.7000000000000001,0.7000000000000001,65.0,85.0,25.0,9701,3523,6178,9701,0.6368415627254922,0.5657662352787662,0.5,1.1315324705575325,2201,0.6247516321317059,1.0,1
"iteration_2","SCOPE_DATA_COLLECTION",1700,14,910.0,970.0,1,9840,7630,2360,9810,7485,2389,4598,3494,1007,5254,4141,1355,0.5332927324401137,0.5423706614276359,0.5736663844199831,0.6358603465218341,1.171544165921668,1.7114639128716735,1.2717206930436682,1.171544165921668,1.140975941914449,0.5948238364506307,0.6247853463079565,0.6176762661370407,100.0,100.0,5575,13557,698,201,10547,2,0.03605381165919282,0.7779744781293797,0.0028653295128939827,0.9500000000000001,0.7000000000000001,0.4,0.7000000000000001,20.0,25.0,65.0,0.1,0.2,0.7000000000000001,0.7000000000000001,65.0,85.0,25.0,7321,2543,4778,7321,0.6526430815462368,1.3154596685633275,1.0,1.3154596685633275,2005,0.7884388517499017,1.0,1
"iteration_2","SCOPE_DATA_COLLECTION",1700,14,910.0,970.0,2,9840,7630,2360,9810,7485,2389,4598,3494,1007,5254,4141,1355,0.5332927324401137,0.5423706614276359,0.5736663844199831,0.6358603465218341,1.171544165921668,1.7114639128716735,1.2717206930436682,1.171544165921668,1.140975941914449,0.5948238364506307,0.6247853463079565,0.6176762661370407,100.0,100.0,5575,13557,698,201,10547,2,0.03605381165919282,0.7779744781293797,0.0028653295128939827,0.9500000000000001,0.7000000000000001,0.4,0.7000000000000001,20.0,25.0,65.0,0.1,0.2,0.7000000000000001,0.7000000000000001,65.0,85.0,25.0,2352,793,1559,2352,0.6628401360544217,1.923748108173861,1.5,1.282498738782574,613,0.7730138713745272,1.0,1
"iteration_2","SCOPE_DATA_COLLECTION",1700,15,970.0,1030.0,0,9701,7321,2352,9840,7630,2360,3536,2546,790,6179,4779,1559,0.6360267627380339,0.6524232081911263,0.663686675180928,0.5668766082040511,1.3146031950708272,1.9327519432873954,1.1337532164081021,1.3146031950708272,1.2885012955249302,0.6264140271493213,0.788688138256088,0.7759493670886076,97.5,100.0,5692,1312,12370,232,10,12275,0.040758959943780745,0.007621951219512195,0.99232012934519,0.1,0.2,0.7000000000000001,0.7000000000000001,65.0,85.0,25.0,0.05,0.30000000000000004,0.7000000000000001,0.7000000000000001,65.0,75.0,25.0,9585,3095,6490,9585,0.6770996348461137,0.6530524583291438,0.5,1.3061049166582877,2282,0.7373182552504038,1.0,1
"iteration_2","SCOPE_DATA_COLLECTION",1700,15,970.0,1030.0,1,9701,7321,2352,9840,7630,2360,3536,2546,790,6179,4779,1559,0.6360267627380339,0.6524232081911263,0.663686675180928,0.5668766082040511,1.3146031950708272,1.9327519432873954,1.1337532164081021,1.3146031950708272,1.2885012955249302,0.6264140271493213,0.788688138256088,0.7759493670886076,97.5,100.0,5692,1312,12370,232,10,12275,0.040758959943780745,0.007621951219512195,0.99232012934519,0.1,0.2,0.7000000000000001,0.7000000000000001,65.0,85.0,25.0,0.05,0.30000000000000004,0.7000000000000001,0.7000000000000001,65.0,75.0,25.0,7505,2350,5155,7505,0.6868754163890739,1.4781121415423049,1.0,1.4781121415423049,2081,0.885531914893617,1.0,1
"iteration_2","SCOPE_DATA_COLLECTION",1700,15,970.0,1030.0,2,9701,7321,2352,9840,7630,2360,3536,2546,790,6179,4779,1559,0.6360267627380339,0.6524232081911263,0.663686675180928,0.5668766082040511,1.3146031950708272,1.9327519432873954,1.1337532164081021,1.3146031950708272,1.2885012955249302,0.6264140271493213,0.788688138256088,0.7759493670886076,97.5,100.0,5692,1312,12370,232,10,12275,0.040758959943780745,0.007621951219512195,0.99232012934519,0.1,0.2,0.7000000000000001,0.7000000000000001,65.0,85.0,25.0,0.05,0.30000000000000004,0.7000000000000001,0.7000000000000001,65.0,75.0,25.0,2274,656,1618,2274,0.7115215479331575,2.2033556212043277,1.5,1.4689037474695519,594,0.9054878048780488,1.0,1
"iteration_2","SCOPE_DATA_COLLECTION",1700,16,1030.0,1090.0,0,9585,7505,2274,9701,7321,2352,3094,2365,654,6490,5155,1618,0.6771702838063439,0.6855053191489362,0.7121478873239436,0.6529263138343011,1.4839133347318063,2.194758319958488,1.3058526276686022,1.4839133347318063,1.4631722133056586,0.7372333548804137,0.8871035940803382,0.900611620795107,100.0,100.0,5720,656,12988,275,0,12988,0.04807692307692308,0.0,1.0,0.05,0.30000000000000004,0.7000000000000001,0.7000000000000001,65.0,75.0,25.0,0.2,0.8,0.1,0.7000000000000001,95.0,35.0,30.0,9916,4129,5787,9916,0.5836022589753933,0.5362453861494357,0.5,1.0724907722988715,2346,0.5681763138774522,1.0,1
"iteration_2","SCOPE_DATA_COLLECTION",1700,16,1030.0,1090.0,1,9585,7505,2274,9701,7321,2352,3094,2365,654,6490,5155,1618,0.6771702838063439,0.6855053191489362,0.7121478873239436,0.6529263138343011,1.4839133347318063,2.194758319958488,1.3058526276686022,1.4839133347318063,1.4631722133056586,0.7372333548804137,0.8871035940803382,0.900611620795107,100.0,100.0,5720,656,12988,275,0,12988,0.04807692307692308,0.0,1.0,0.05,0.30000000000000004,0.7000000000000001,0.7000000000000001,65.0,75.0,25.0,0.2,0.8,0.1,0.7000000000000001,95.0,35.0,30.0,7479,3031,4448,7479,0.5947319160315551,0.9623656977220034,1.0,0.9623656977220034,1880,0.6202573408116133,1.0,1
"iteration_2","SCOPE_DATA_COLLECTION",1700,16,1030.0,1090.0,2,9585,7505,2274,9701,7321,2352,3094,2365,654,6490,5155,1618,0.6771702838063439,0.6855053191489362,0.7121478873239436,0.6529263138343011,1.4839133347318063,2.194758319958488,1.3058526276686022,1.4839133347318063,1.4631722133056586,0.7372333548804137,0.8871035940803382,0.900611620795107,100.0,100.0,5720,656,12988,275,0,12988,0.04807692307692308,0.0,1.0,0.05,0.30000000000000004,0.7000000000000001,0.7000000000000001,65.0,75.0,25.0,0.2,0.8,0.1,0.7000000000000001,95.0,35.0,30.0,2321,960,1361,2321,0.5863851788022404,1.6488362624960338,1.5,1.099224174997356,624,0.65,1.0,1
"iteration_2","SCOPE_DATA_COLLECTION",1700,17,1090.0,1150.0,0,9916,7479,2321,9585,7505,2274,4126,3027,963,5787,4448,1361,0.5837788762231413,0.5950501672240802,0.5856282271944923,0.5348749934679988,0.9656322907842201,1.6561363264690234,1.0697499869359977,0.9656322907842201,1.1040908843126822,0.5683470673776054,0.6207466138090518,0.6531671858774662,100.0,100.0,5415,2804,11497,98,1,11497,0.01809787626962142,3.566333808844508E-4,1.0,0.2,0.8,0.1,0.7000000000000001,95.0,35.0,30.0,0.1,0.9,0.2,0.7000000000000001,95.0,45.0,20.0,9725,3347,6378,9725,0.6558354755784062,0.6240797888677149,0.5,1.2481595777354297,2268,0.6776217508216313,1.0,1
"iteration_2","SCOPE_DATA_COLLECTION",1700,17,1090.0,1150.0,1,9916,7479,2321,9585,7505,2274,4126,3027,963,5787,4448,1361,0.5837788762231413,0.5950501672240802,0.5856282271944923,0.5348749934679988,0.9656322907842201,1.6561363264690234,1.0697499869359977,0.9656322907842201,1.1040908843126822,0.5683470673776054,0.6207466138090518,0.6531671858774662,100.0,100.0,5415,2804,11497,98,1,11497,0.01809787626962142,3.566333808844508E-4,1.0,0.2,0.8,0.1,0.7000000000000001,95.0,35.0,30.0,0.1,0.9,0.2,0.7000000000000001,95.0,45.0,20.0,7403,2566,4837,7403,0.6533837633391868,1.1864200402088267,1.0,1.1864200402088267,1951,0.7603273577552611,1.0,1
"iteration_2","SCOPE_DATA_COLLECTION",1700,17,1090.0,1150.0,2,9916,7479,2321,9585,7505,2274,4126,3027,963,5787,4448,1361,0.5837788762231413,0.5950501672240802,0.5856282271944923,0.5348749934679988,0.9656322907842201,1.6561363264690234,1.0697499869359977,0.9656322907842201,1.1040908843126822,0.5683470673776054,0.6207466138090518,0.6531671858774662,100.0,100.0,5415,2804,11497,98,1,11497,0.01809787626962142,3.566333808844508E-4,1.0,0.2,0.8,0.1,0.7000000000000001,95.0,35.0,30.0,0.1,0.9,0.2,0.7000000000000001,95.0,45.0,20.0,2413,793,1620,2413,0.6713634479900539,1.8957064894764526,1.5,1.263804326317635,611,0.7704918032786885,1.0,1
"iteration_2","SCOPE_DATA_COLLECTION",1700,18,1150.0,1210.0,0,9725,7403,2413,9916,7479,2321,3333,2574,793,6378,4837,1620,0.6567809700339821,0.6526784509512886,0.6713634479900539,0.6261768436594253,1.185176461201978,1.8901105849006241,1.2523536873188506,1.185176461201978,1.2600737232670827,0.6771677167716772,0.7599067599067599,0.7679697351828499,100.0,100.0,5429,1430,12682,151,2,12682,0.027813593663658133,0.0013986013986013986,1.0,0.1,0.9,0.2,0.7000000000000001,95.0,45.0,20.0,0.2,0.8,0.30000000000000004,0.6000000000000001,95.0,35.0,30.0,9944,4165,5779,9944,0.5811544650040226,0.5310935288308801,0.5,1.0621870576617602,2316,0.556062424969988,1.0,1
"iteration_2","SCOPE_DATA_COLLECTION",1700,18,1150.0,1210.0,1,9725,7403,2413,9916,7479,2321,3333,2574,793,6378,4837,1620,0.6567809700339821,0.6526784509512886,0.6713634479900539,0.6261768436594253,1.185176461201978,1.8901105849006241,1.2523536873188506,1.185176461201978,1.2600737232670827,0.6771677167716772,0.7599067599067599,0.7679697351828499,100.0,100.0,5429,1430,12682,151,2,12682,0.027813593663658133,0.0013986013986013986,1.0,0.1,0.9,0.2,0.7000000000000001,95.0,45.0,20.0,0.2,0.8,0.30000000000000004,0.6000000000000001,95.0,35.0,30.0,7372,3103,4269,7372,0.5790830168204015,1.0602024179521043,1.0,1.0602024179521043,1970,0.6348694811472768,1.0,1
"iteration_2","SCOPE_DATA_COLLECTION",1700,18,1150.0,1210.0,2,9725,7403,2413,9916,7479,2321,3333,2574,793,6378,4837,1620,0.6567809700339821,0.6526784509512886,0.6713634479900539,0.6261768436594253,1.185176461201978,1.8901105849006241,1.2523536873188506,1.185176461201978,1.2600737232670827,0.6771677167716772,0.7599067599067599,0.7679697351828499,100.0,100.0,5429,1430,12682,151,2,12682,0.027813593663658133,0.0013986013986013986,1.0,0.1,0.9,0.2,0.7000000000000001,95.0,45.0,20.0,0.2,0.8,0.30000000000000004,0.6000000000000001,95.0,35.0,30.0,2390,980,1410,2390,0.5899581589958159,1.6266134615351449,1.5,1.0844089743567633,616,0.6285714285714286,1.0,1
"iteration_2","SCOPE_DATA_COLLECTION",1700,19,1210.0,1270.0,0,9944,7372,2390,9725,7403,2413,4167,3093,977,5779,4269,1410,0.5810376030565051,0.5798696006519968,0.5906996229576875,0.5296655697811992,1.0587526273184955,1.6256792506017457,1.0593311395623983,1.0587526273184955,1.0837861670678304,0.5555555555555556,0.6349822179114128,0.6274309109518935,97.5,100.0,5484,2915,11307,149,2,11307,0.027169948942377828,6.861063464837049E-4,1.0,0.2,0.8,0.30000000000000004,0.6000000000000001,95.0,35.0,30.0,0.30000000000000004,0.7000000000000001,0.2,0.7000000000000001,95.0,25.0,40.0,9726,4761,4965,9726,0.5104873534855028,0.4551276133701525,0.5,0.910255226740305,2198,0.46166771686620456,1.0,1
"iteration_2","SCOPE_DATA_COLLECTION",1700,19,1210.0,1270.0,1,9944,7372,2390,9725,7403,2413,4167,3093,977,5779,4269,1410,0.5810376030565051,0.5798696006519968,0.5906996229576875,0.5296655697811992,1.0587526273184955,1.6256792506017457,1.0593311395623983,1.0587526273184955,1.0837861670678304,0.5555555555555556,0.6349822179114128,0.6274309109518935,97.5,100.0,5484,2915,11307,149,2,11307,0.027169948942377828,6.861063464837049E-4,1.0,0.2,0.8,0.30000000000000004,0.6000000000000001,95.0,35.0,30.0,0.30000000000000004,0.7000000000000001,0.2,0.7000000000000001,95.0,25.0,40.0,7469,3579,3890,7469,0.5208193867987683,0.8935918250486945,1.0,0.8935918250486945,1958,0.5470801899972059,1.0,1
"iteration_2","SCOPE_DATA_COLLECTION",1700,19,1210.0,1270.0,2,9944,7372,2390,9725,7403,2413,4167,3093,977,5779,4269,1410,0.5810376030565051,0.5798696006519968,0.5906996229576875,0.5296655697811992,1.0587526273184955,1.6256792506017457,1.0593311395623983,1.0587526273184955,1.0837861670678304,0.5555555555555556,0.6349822179114128,0.6274309109518935,97.5,100.0,5484,2915,11307,149,2,11307,0.027169948942377828,6.861063464837049E-4,1.0,0.2,0.8,0.30000000000000004,0.6000000000000001,95.0,35.0,30.0,0.30000000000000004,0.7000000000000001,0.2,0.7000000000000001,95.0,25.0,40.0,2237,1065,1172,2237,0.5239159588734913,1.428848181196243,1.5,0.9525654541308287,577,0.5417840375586854,1.0,1
"iteration_2","SCOPE_DATA_COLLECTION",1700,20,1270.0,1330.0,0,9726,7469,2237,9944,7372,2390,4773,3572,1068,4965,3890,1172,0.5098582871226125,0.5213079603323506,0.5232142857142857,0.4573828955658985,0.8911177476895106,1.4352680874416819,0.914765791131797,0.8911177476895106,0.9568453916277879,0.4640687198826734,0.5461926091825308,0.545880149812734,100.0,100.0,5437,4097,9898,124,5,9898,0.022806694868493654,0.00122040517451794,1.0,0.30000000000000004,0.7000000000000001,0.2,0.7000000000000001,95.0,25.0,40.0,0.4,0.6000000000000001,0.2,0.7000000000000001,95.0,20.0,40.0,9997,5632,4365,9997,0.43663098929678906,0.41362806479778125,0.5,0.8272561295955625,2258,0.40092329545454547,1.0,1
"iteration_2","SCOPE_DATA_COLLECTION",1700,20,1270.0,1330.0,1,9726,7469,2237,9944,7372,2390,4773,3572,1068,4965,3890,1172,0.5098582871226125,0.5213079603323506,0.5232142857142857,0.4573828955658985,0.8911177476895106,1.4352680874416819,0.914765791131797,0.8911177476895106,0.9568453916277879,0.4640687198826734,0.5461926091825308,0.545880149812734,100.0,100.0,5437,4097,9898,124,5,9898,0.022806694868493654,0.00122040517451794,1.0,0.30000000000000004,0.7000000000000001,0.2,0.7000000000000001,95.0,25.0,40.0,0.4,0.6000000000000001,0.2,0.7000000000000001,95.0,20.0,40.0,7407,4248,3159,7407,0.4264884568651276,0.7959534440310366,1.0,0.7959534440310366,1976,0.4651600753295669,1.0,1
"iteration_2","SCOPE_DATA_COLLECTION",1700,20,1270.0,1330.0,2,9726,7469,2237,9944,7372,2390,4773,3572,1068,4965,3890,1172,0.5098582871226125,0.5213079603323506,0.5232142857142857,0.4573828955658985,0.8911177476895106,1.4352680874416819,0.914765791131797,0.8911177476895106,0.9568453916277879,0.4640687198826734,0.5461926091825308,0.545880149812734,100.0,100.0,5437,4097,9898,124,5,9898,0.022806694868493654,0.00122040517451794,1.0,0.30000000000000004,0.7000000000000001,0.2,0.7000000000000001,95.0,25.0,40.0,0.4,0.6000000000000001,0.2,0.7000000000000001,95.0,20.0,40.0,2305,1221,1084,2305,0.4702819956616052,1.2944571555786857,1.5,0.8629714370524572,575,0.47092547092547093,1.0,1
"iteration_2","SCOPE_DATA_COLLECTION",1700,21,1330.0,1390.0,0,9997,7407,2305,9726,7469,2237,5631,4262,1212,4364,3158,1084,0.4366183091545773,0.42560646900269544,0.4721254355400697,0.4133228417075101,0.7989936495079915,1.287723250588328,0.8266456834150202,0.7989936495079915,0.8584821670588854,0.400461729710531,0.4669169404035664,0.46782178217821785,97.5,100.0,5556,5705,8448,153,5,8448,0.0275377969762419,8.764241893076249E-4,1.0,0.4,0.6000000000000001,0.2,0.7000000000000001,95.0,20.0,40.0,0.4,0.5,0.2,0.7000000000000001,95.0,20.0,40.0,9942,5709,4233,9942,0.42576946288473144,0.40540595598771506,0.5,0.8108119119754301,2275,0.3984936065860921,1.0,1
"iteration_2","SCOPE_DATA_COLLECTION",1700,21,1330.0,1390.0,1,9997,7407,2305,9726,7469,2237,5631,4262,1212,4364,3158,1084,0.4366183091545773,0.42560646900269544,0.4721254355400697,0.4133228417075101,0.7989936495079915,1.287723250588328,0.8266456834150202,0.7989936495079915,0.8584821670588854,0.400461729710531,0.4669169404035664,0.46782178217821785,97.5,100.0,5556,5705,8448,153,5,8448,0.0275377969762419,8.764241893076249E-4,1.0,0.4,0.6000000000000001,0.2,0.7000000000000001,95.0,20.0,40.0,0.4,0.5,0.2,0.7000000000000001,95.0,20.0,40.0,7401,4131,3270,7401,0.4418321848398865,0.7916535285372153,1.0,0.7916535285372153,1929,0.46695715323166304,1.0,1
"iteration_2","SCOPE_DATA_COLLECTION",1700,21,1330.0,1390.0,2,9997,7407,2305,9726,7469,2237,5631,4262,1212,4364,3158,1084,0.4366183091545773,0.42560646900269544,0.4721254355400697,0.4133228417075101,0.7989936495079915,1.287723250588328,0.8266456834150202,0.7989936495079915,0.8584821670588854,0.400461729710531,0.4669169404035664,0.46782178217821785,97.5,100.0,5556,5705,8448,153,5,8448,0.0275377969762419,8.764241893076249E-4,1.0,0.4,0.6000000000000001,0.2,0.7000000000000001,95.0,20.0,40.0,0.4,0.5,0.2,0.7000000000000001,95.0,20.0,40.0,2404,1302,1102,2404,0.4584026622296173,1.2885608243649453,1.5,0.8590405495766302,609,0.46774193548387094,1.0,1
"iteration_2","SCOPE_DATA_COLLECTION",1700,22,1390.0,1450.0,0,9942,7401,2404,9997,7407,2305,5711,4122,1295,4234,3271,1102,0.42574157868275514,0.44244555660760176,0.459741343345849,0.4058583283381999,0.7920192671481537,1.2817569671755662,0.8117166566763998,0.7920192671481537,0.8545046447837108,0.39887935562948695,0.46652110625909754,0.46563706563706564,100.0,100.0,5445,5821,8481,126,0,8481,0.023140495867768594,0.0,1.0,0.4,0.5,0.2,0.7000000000000001,95.0,20.0,40.0,0.55,0.6000000000000001,0.9,0.4,80.0,65.0,80.0,9658,6700,2958,9658,0.306274591012632,0.4107375112214057,0.5,0.8214750224428115,2462,0.3674626865671642,1.0,1
"iteration_2","SCOPE_DATA_COLLECTION",1700,22,1390.0,1450.0,1,9942,7401,2404,9997,7407,2305,5711,4122,1295,4234,3271,1102,0.42574157868275514,0.44244555660760176,0.459741343345849,0.4058583283381999,0.7920192671481537,1.2817569671755662,0.8117166566763998,0.7920192671481537,0.8545046447837108,0.39887935562948695,0.46652110625909754,0.46563706563706564,100.0,100.0,5445,5821,8481,126,0,8481,0.023140495867768594,0.0,1.0,0.4,0.5,0.2,0.7000000000000001,95.0,20.0,40.0,0.55,0.6000000000000001,0.9,0.4,80.0,65.0,80.0,7487,5038,2449,7487,0.3271003071991452,0.7852798448682851,1.0,0.7852798448682851,1972,0.39142516871774513,1.0,1
"iteration_2","SCOPE_DATA_COLLECTION",1700,22,1390.0,1450.0,2,9942,7401,2404,9997,7407,2305,5711,4122,1295,4234,3271,1102,0.42574157868275514,0.44244555660760176,0.459741343345849,0.4058583283381999,0.7920192671481537,1.2817569671755662,0.8117166566763998,0.7920192671481537,0.8545046447837108,0.39887935562948695,0.46652110625909754,0.46563706563706564,100.0,100.0,5445,5821,8481,126,0,8481,0.023140495867768594,0.0,1.0,0.4,0.5,0.2,0.7000000000000001,95.0,20.0,40.0,0.55,0.6000000000000001,0.9,0.4,80.0,65.0,80.0,2331,1483,848,2331,0.3637923637923638,1.1977791408287843,1.5,0.7985194272191896,614,0.4140256237356709,1.0,1
"iteration_2","SCOPE_DATA_COLLECTION",1700,23,1450.0,1510.0,0,9658,7487,2331,9942,7401,2404,6673,5048,1486,2958,2449,848,0.3071332156577718,0.3266639989329065,0.363324764353042,0.4088432887257682,0.7843914008575734,1.204079569409391,0.8176865774515364,0.7843914008575734,0.8027197129395941,0.36550277236625206,0.3920364500792393,0.4152086137281292,100.0,100.0,5746,7606,6124,275,5,5975,0.04785938043856596,6.573757559821193E-4,0.9756694970607446,0.55,0.6000000000000001,0.9,0.4,80.0,65.0,80.0,0.45,0.6000000000000001,0.9,0.4,80.0,55.0,80.0,10008,6067,3941,10008,0.3937849720223821,0.42461411903978274,0.5,0.8492282380795655,2448,0.4034943134992583,1.0,1
"iteration_2","SCOPE_DATA_COLLECTION",1700,23,1450.0,1510.0,1,9658,7487,2331,9942,7401,2404,6673,5048,1486,2958,2449,848,0.3071332156577718,0.3266639989329065,0.363324764353042,0.4088432887257682,0.7843914008575734,1.204079569409391,0.8176865774515364,0.7843914008575734,0.8027197129395941,0.36550277236625206,0.3920364500792393,0.4152086137281292,100.0,100.0,5746,7606,6124,275,5,5975,0.04785938043856596,6.573757559821193E-4,0.9756694970607446,0.55,0.6000000000000001,0.9,0.4,80.0,65.0,80.0,0.45,0.6000000000000001,0.9,0.4,80.0,55.0,80.0,7558,4391,3167,7558,0.41902619740672137,0.8563452768309392,1.0,0.8563452768309392,1991,0.4534274652698702,1.0,1
"iteration_2","SCOPE_DATA_COLLECTION",1700,23,1450.0,1510.0,2,9658,7487,2331,9942,7401,2404,6673,5048,1486,2958,2449,848,0.3071332156577718,0.3266639989329065,0.363324764353042,0.4088432887257682,0.7843914008575734,1.204079569409391,0.8176865774515364,0.7843914008575734,0.8027197129395941,0.36550277236625206,0.3920364500792393,0.4152086137281292,100.0,100.0,5746,7606,6124,275,5,5975,0.04785938043856596,6.573757559821193E-4,0.9756694970607446,0.55,0.6000000000000001,0.9,0.4,80.0,65.0,80.0,0.45,0.6000000000000001,0.9,0.4,80.0,55.0,80.0,2335,1314,1021,2335,0.4372591006423983,1.2497802627038475,1.5,0.833186841802565,579,0.4406392694063927,1.0,1
"iteration_2","SCOPE_DATA_COLLECTION",1700,24,1510.0,1570.0,0,10008,7558,2335,9658,7487,2331,6102,4368,1319,3941,3167,1020,0.39241262570944935,0.42030524220305243,0.4360837964942283,0.42676039972475166,0.8542128433227044,1.2528705366983177,0.8535207994495033,0.8542128433227044,0.8352470244655451,0.4059324811537201,0.45146520146520147,0.44275966641395,100.0,100.0,5670,6323,7908,213,7,7908,0.03756613756613757,0.0011070694290684802,1.0,0.45,0.6000000000000001,0.9,0.4,80.0,55.0,80.0,0.55,0.5,0.8,0.4,80.0,55.0,90.0,9940,6792,3148,9940,0.31670020120724346,0.3954829317128468,0.5,0.7909658634256936,2476,0.36454652532391046,1.0,1
"iteration_2","SCOPE_DATA_COLLECTION",1700,24,1510.0,1570.0,1,10008,7558,2335,9658,7487,2331,6102,4368,1319,3941,3167,1020,0.39241262570944935,0.42030524220305243,0.4360837964942283,0.42676039972475166,0.8542128433227044,1.2528705366983177,0.8535207994495033,0.8542128433227044,0.8352470244655451,0.4059324811537201,0.45146520146520147,0.44275966641395,100.0,100.0,5670,6323,7908,213,7,7908,0.03756613756613757,0.0011070694290684802,1.0,0.45,0.6000000000000001,0.9,0.4,80.0,55.0,80.0,0.55,0.5,0.8,0.4,80.0,55.0,90.0,7380,4936,2444,7380,0.3311653116531165,0.7942634806848163,1.0,0.7942634806848163,1983,0.401742301458671,1.0,1
"iteration_2","SCOPE_DATA_COLLECTION",1700,24,1510.0,1570.0,2,10008,7558,2335,9658,7487,2331,6102,4368,1319,3941,3167,1020,0.39241262570944935,0.42030524220305243,0.4360837964942283,0.42676039972475166,0.8542128433227044,1.2528705366983177,0.8535207994495033,0.8542128433227044,0.8352470244655451,0.4059324811537201,0.45146520146520147,0.44275966641395,100.0,100.0,5670,6323,7908,213,7,7908,0.03756613756613757,0.0011070694290684802,1.0,0.45,0.6000000000000001,0.9,0.4,80.0,55.0,80.0,0.55,0.5,0.8,0.4,80.0,55.0,90.0,2336,1534,802,2336,0.3433219178082192,1.1610561988293118,1.5,0.7740374658862078,605,0.394393741851369,1.0,1
"iteration_2","SCOPE_DATA_COLLECTION",1700,25,1570.0,1630.0,0,9940,7380,2336,10008,7558,2335,6765,4930,1539,3148,2444,803,0.31756279632805406,0.3314347708163819,0.34286934244235695,0.39279320157263126,0.7905094310699395,1.1603826815790772,0.7855864031452625,0.7905094310699395,0.7735884543860515,0.36171470805617145,0.40060851926977686,0.3950617283950617,100.0,100.0,5677,7691,6288,237,8,6150,0.04174740179672362,0.0010401768300611104,0.9780534351145038,0.55,0.5,0.8,0.4,80.0,55.0,90.0,0.4,0.5,0.7000000000000001,0.2,60.0,55.0,55.0,9828,5667,4161,9828,0.4233821733821734,0.44435456421972536,0.5,0.8887091284394507,2444,0.4312687488971237,1.0,1
"iteration_2","SCOPE_DATA_COLLECTION",1700,25,1570.0,1630.0,1,9940,7380,2336,10008,7558,2335,6765,4930,1539,3148,2444,803,0.31756279632805406,0.3314347708163819,0.34286934244235695,0.39279320157263126,0.7905094310699395,1.1603826815790772,0.7855864031452625,0.7905094310699395,0.7735884543860515,0.36171470805617145,0.40060851926977686,0.3950617283950617,100.0,100.0,5677,7691,6288,237,8,6150,0.04174740179672362,0.0010401768300611104,0.9780534351145038,0.55,0.5,0.8,0.4,80.0,55.0,90.0,0.4,0.5,0.7000000000000001,0.2,60.0,55.0,55.0,7390,4147,3243,7390,0.4388362652232747,0.8985849783871289,1.0,0.8985849783871289,1993,0.4805883771401013,1.0,1
"iteration_2","SCOPE_DATA_COLLECTION",1700,25,1570.0,1630.0,2,9940,7380,2336,10008,7558,2335,6765,4930,1539,3148,2444,803,0.31756279632805406,0.3314347708163819,0.34286934244235695,0.39279320157263126,0.7905094310699395,1.1603826815790772,0.7855864031452625,0.7905094310699395,0.7735884543860515,0.36171470805617145,0.40060851926977686,0.3950617283950617,100.0,100.0,5677,7691,6288,237,8,6150,0.04174740179672362,0.0010401768300611104,0.9780534351145038,0.55,0.5,0.8,0.4,80.0,55.0,90.0,0.4,0.5,0.7000000000000001,0.2,60.0,55.0,55.0,2292,1215,1077,2292,0.4698952879581152,1.2590487583643042,1.5,0.8393658389095361,571,0.4699588477366255,1.0,1
"iteration_2","SCOPE_DATA_COLLECTION",1700,26,1630.0,1690.0,0,9828,7390,2292,9940,7380,2336,5677,4163,1206,4161,3243,1077,0.42295181947550314,0.43788819875776397,0.47174770039421815,0.4454792873385148,0.9040131112677752,1.261555268738731,0.8909585746770295,0.9040131112677752,0.8410368458258207,0.43297516293817156,0.483305308671631,0.4693200663349917,100.0,100.0,5588,5593,8329,143,9,8329,0.025590551181102362,0.0016091543000178795,1.0,0.4,0.5,0.7000000000000001,0.2,60.0,55.0,55.0,0.5,0.5,0.6000000000000001,0.1,60.0,55.0,45.0,9778,6256,3522,9778,0.36019635917365517,0.40379828251787864,0.5,0.8075965650357573,2385,0.3812340153452685,1.0,1
"iteration_2","SCOPE_DATA_COLLECTION",1700,26,1630.0,1690.0,1,9828,7390,2292,9940,7380,2336,5677,4163,1206,4161,3243,1077,0.42295181947550314,0.43788819875776397,0.47174770039421815,0.4454792873385148,0.9040131112677752,1.261555268738731,0.8909585746770295,0.9040131112677752,0.8410368458258207,0.43297516293817156,0.483305308671631,0.4693200663349917,100.0,100.0,5588,5593,8329,143,9,8329,0.025590551181102362,0.0016091543000178795,1.0,0.4,0.5,0.7000000000000001,0.2,60.0,55.0,55.0,0.5,0.5,0.6000000000000001,0.1,60.0,55.0,45.0,7581,4811,2770,7581,0.3653871520907532,0.8185484943656078,1.0,0.8185484943656078,2026,0.42111827062980667,1.0,1
"iteration_2","SCOPE_DATA_COLLECTION",1700,26,1630.0,1690.0,2,9828,7390,2292,9940,7380,2336,5677,4163,1206,4161,3243,1077,0.42295181947550314,0.43788819875776397,0.47174770039421815,0.4454792873385148,0.9040131112677752,1.261555268738731,0.8909585746770295,0.9040131112677752,0.8410368458258207,0.43297516293817156,0.483305308671631,0.4693200663349917,100.0,100.0,5588,5593,8329,143,9,8329,0.025590551181102362,0.0016091543000178795,1.0,0.4,0.5,0.7000000000000001,0.2,60.0,55.0,55.0,0.5,0.5,0.6000000000000001,0.1,60.0,55.0,45.0,2319,1450,869,2319,0.37473048727899955,1.1678097230497129,1.5,0.7785398153664752,618,0.4262068965517241,1.0,1
"iteration_2","SCOPE_DATA_COLLECTION",1700,27,1690.0,1750.0,0,9778,7581,2319,9828,7390,2292,6237,4817,1454,3522,2770,869,0.36089763295419613,0.3650981942796889,0.37408523461041754,0.4027268133108845,0.818780488735021,1.1682648532584075,0.805453626621769,0.818780488735021,0.778843235505605,0.3795093795093795,0.42142412289806935,0.4264099037138927,100.0,100.0,5467,7186,7025,130,6,7025,0.023779037863544905,8.349568605622043E-4,1.0,0.5,0.5,0.6000000000000001,0.1,60.0,55.0,45.0,0.5,0.5,0.7000000000000001,0.1,60.0,45.0,35.0,9898,6358,3540,9898,0.35764800969892907,0.41670738284003916,0.5,0.8334147656800783,2431,0.38235294117647056,1.0,1
"iteration_2","SCOPE_DATA_COLLECTION",1700,27,1690.0,1750.0,1,9778,7581,2319,9828,7390,2292,6237,4817,1454,3522,2770,869,0.36089763295419613,0.3650981942796889,0.37408523461041754,0.4027268133108845,0.818780488735021,1.1682648532584075,0.805453626621769,0.818780488735021,0.778843235505605,0.3795093795093795,0.42142412289806935,0.4264099037138927,100.0,100.0,5467,7186,7025,130,6,7025,0.023779037863544905,8.349568605622043E-4,1.0,0.5,0.5,0.6000000000000001,0.1,60.0,55.0,45.0,0.5,0.5,0.7000000000000001,0.1,60.0,45.0,35.0,7648,4848,2800,7648,0.36610878661087864,0.8217049107519824,1.0,0.8217049107519824,2014,0.41542904290429045,1.0,1
"iteration_2","SCOPE_DATA_COLLECTION",1700,27,1690.0,1750.0,2,9778,7581,2319,9828,7390,2292,6237,4817,1454,3522,2770,869,0.36089763295419613,0.3650981942796889,0.37408523461041754,0.4027268133108845,0.818780488735021,1.1682648532584075,0.805453626621769,0.818780488735021,0.778843235505605,0.3795093795093795,0.42142412289806935,0.4264099037138927,100.0,100.0,5467,7186,7025,130,6,7025,0.023779037863544905,8.349568605622043E-4,1.0,0.5,0.5,0.6000000000000001,0.1,60.0,55.0,45.0,0.5,0.5,0.7000000000000001,0.1,60.0,45.0,35.0,2337,1487,850,2337,0.363714163457424,1.1372116408907509,1.5,0.7581410939271672,608,0.4088769334229993,1.0,1
"iteration_2","SCOPE_DATA_COLLECTION",1700,28,1750.0,1810.0,0,9898,7648,2337,9778,7581,2319,6367,4841,1488,3540,2799,850,0.3573231048753407,0.36636125654450263,0.3635585970915312,0.41777434261328994,0.8224842214265005,1.1381280932133095,0.8355486852265799,0.8224842214265005,0.7587520621422064,0.3836971886288676,0.41499690146663915,0.4092741935483871,100.0,100.0,5502,7205,7176,113,5,7071,0.020537986186841148,6.939625260235947E-4,0.9853678929765887,0.5,0.5,0.7000000000000001,0.1,60.0,45.0,35.0,0.5,0.4,0.7000000000000001,0.1,70.0,35.0,25.0,9814,6158,3656,9814,0.37252904014672916,0.4004725515527591,0.5,0.8009451031055183,2315,0.37593374472231245,1.0,1
"iteration_2","SCOPE_DATA_COLLECTION",1700,28,1750.0,1810.0,1,9898,7648,2337,9778,7581,2319,6367,4841,1488,3540,2799,850,0.3573231048753407,0.36636125654450263,0.3635585970915312,0.41777434261328994,0.8224842214265005,1.1381280932133095,0.8355486852265799,0.8224842214265005,0.7587520621422064,0.3836971886288676,0.41499690146663915,0.4092741935483871,100.0,100.0,5502,7205,7176,113,5,7071,0.020537986186841148,6.939625260235947E-4,0.9853678929765887,0.5,0.5,0.7000000000000001,0.1,60.0,45.0,35.0,0.5,0.4,0.7000000000000001,0.1,70.0,35.0,25.0,7624,4833,2791,7624,0.3660807974816369,0.8130343179419219,1.0,0.8130343179419219,2015,0.4169253051934616,1.0,1
"iteration_2","SCOPE_DATA_COLLECTION",1700,28,1750.0,1810.0,2,9898,7648,2337,9778,7581,2319,6367,4841,1488,3540,2799,850,0.3573231048753407,0.36636125654450263,0.3635585970915312,0.41777434261328994,0.8224842214265005,1.1381280932133095,0.8355486852265799,0.8224842214265005,0.7587520621422064,0.3836971886288676,0.41499690146663915,0.4092741935483871,100.0,100.0,5502,7205,7176,113,5,7071,0.020537986186841148,6.939625260235947E-4,0.9853678929765887,0.5,0.5,0.7000000000000001,0.1,60.0,45.0,35.0,0.5,0.4,0.7000000000000001,0.1,70.0,35.0,25.0,2331,1466,865,2331,0.3710853710853711,1.1421218461880411,1.5,0.7614145641253608,607,0.4140518417462483,1.0,1
"iteration_2","SCOPE_DATA_COLLECTION",1700,29,1810.0,1870.0,0,9814,7624,2331,9898,7648,2337,6154,4844,1467,3656,2792,865,0.3726809378185525,0.36563645887899426,0.370926243567753,0.40054008990581325,0.8145582768701858,1.1406267783985762,0.8010801798116265,0.8145582768701858,0.7604178522657175,0.3758531036724082,0.4186622625928984,0.41376959781867756,100.0,100.0,5434,7128,7207,102,4,7207,0.018770702981229296,5.611672278338945E-4,1.0,0.5,0.4,0.7000000000000001,0.1,70.0,35.0,25.0,0.4,0.30000000000000004,0.7000000000000001,0.1,80.0,45.0,35.0,9918,5479,4439,9918,0.4475700746118169,0.41581041015316234,0.5,0.8316208203063247,2237,0.40828618361014785,1.0,1
"iteration_2","SCOPE_DATA_COLLECTION",1700,29,1810.0,1870.0,1,9814,7624,2331,9898,7648,2337,6154,4844,1467,3656,2792,865,0.3726809378185525,0.36563645887899426,0.370926243567753,0.40054008990581325,0.8145582768701858,1.1406267783985762,0.8010801798116265,0.8145582768701858,0.7604178522657175,0.3758531036724082,0.4186622625928984,0.41376959781867756,100.0,100.0,5434,7128,7207,102,4,7207,0.018770702981229296,5.611672278338945E-4,1.0,0.5,0.4,0.7000000000000001,0.1,70.0,35.0,25.0,0.4,0.30000000000000004,0.7000000000000001,0.1,80.0,45.0,35.0,7467,4158,3309,7467,0.4431498593812776,0.8980510819749361,1.0,0.8980510819749361,1992,0.4790764790764791,1.0,1
"iteration_2","SCOPE_DATA_COLLECTION",1700,29,1810.0,1870.0,2,9814,7624,2331,9898,7648,2337,6154,4844,1467,3656,2792,865,0.3726809378185525,0.36563645887899426,0.370926243567753,0.40054008990581325,0.8145582768701858,1.1406267783985762,0.8010801798116265,0.8145582768701858,0.7604178522657175,0.3758531036724082,0.4186622625928984,0.41376959781867756,100.0,100.0,5434,7128,7207,102,4,7207,0.018770702981229296,5.611672278338945E-4,1.0,0.5,0.4,0.7000000000000001,0.1,70.0,35.0,25.0,0.4,0.30000000000000004,0.7000000000000001,0.1,80.0,45.0,35.0,2279,1277,1002,2279,0.4396665204036858,1.292104054566486,1.5,0.861402703044324,630,0.49334377447141736,1.0,1
"iteration_2","SCOPE_DATA_COLLECTION",1700,30,1870.0,1930.0,0,9918,7467,2279,9814,7624,2331,5483,4151,1281,4439,3309,1002,0.44738963918564806,0.4435656836461126,0.43889618922470436,0.4152103504454131,0.895452695203097,1.2929800946413175,0.8304207008908262,0.895452695203097,0.8619867297608783,0.406711654203903,0.4767525897374127,0.492583918813427,100.0,100.0,5422,5614,8628,115,7,8628,0.021209885651051273,0.0012468827930174563,1.0,0.4,0.30000000000000004,0.7000000000000001,0.1,80.0,45.0,35.0,0.4,0.30000000000000004,0.7000000000000001,0.1,80.0,45.0,35.0,9963,5616,4347,9963,0.4363143631436314,0.4215095290637319,0.5,0.8430190581274638,2315,0.41221509971509973,1.0,1
"iteration_2","SCOPE_DATA_COLLECTION",1700,30,1870.0,1930.0,1,9918,7467,2279,9814,7624,2331,5483,4151,1281,4439,3309,1002,0.44738963918564806,0.4435656836461126,0.43889618922470436,0.4152103504454131,0.895452695203097,1.2929800946413175,0.8304207008908262,0.895452695203097,0.8619867297608783,0.406711654203903,0.4767525897374127,0.492583918813427,100.0,100.0,5422,5614,8628,115,7,8628,0.021209885651051273,0.0012468827930174563,1.0,0.4,0.30000000000000004,0.7000000000000001,0.1,80.0,45.0,35.0,0.4,0.30000000000000004,0.7000000000000001,0.1,80.0,45.0,35.0,7570,4145,3425,7570,0.452443857331572,0.9111454701385913,1.0,0.9111454701385913,2010,0.48492159227985526,1.0,1
"iteration_2","SCOPE_DATA_COLLECTION",1700,30,1870.0,1930.0,2,9918,7467,2279,9814,7624,2331,5483,4151,1281,4439,3309,1002,0.44738963918564806,0.4435656836461126,0.43889618922470436,0.4152103504454131,0.895452695203097,1.2929800946413175,0.8304207008908262,0.895452695203097,0.8619867297608783,0.406711654203903,0.4767525897374127,0.492583918813427,100.0,100.0,5422,5614,8628,115,7,8628,0.021209885651051273,0.0012468827930174563,1.0,0.4,0.30000000000000004,0.7000000000000001,0.1,80.0,45.0,35.0,0.4,0.30000000000000004,0.7000000000000001,0.1,80.0,45.0,35.0,2337,1295,1042,2337,0.4458707744972187,1.2532568523238885,1.5,0.8355045682159257,617,0.47644787644787645,1.0,1
"iteration_2","SCOPE_DATA_COLLECTION",1700,31,1930.0,1990.0,0,9963,7570,2337,9918,7467,2279,5622,4137,1293,4347,3425,1041,0.436051760457418,0.45292250727320815,0.44601542416452444,0.42244695464441484,0.9075036581224644,1.2556461549273374,0.8448939092888297,0.9075036581224644,0.837097436618225,0.41355389541088583,0.48320038675368626,0.47873163186388246,97.5,100.0,5497,5686,8687,122,4,8687,0.02219392395852283,7.034822370735139E-4,1.0,0.4,0.30000000000000004,0.7000000000000001,0.1,80.0,45.0,35.0,0.4,0.8,0.30000000000000004,0.7000000000000001,25.0,55.0,30.0,9695,5515,4180,9695,0.43115007735946365,0.4260412805922924,0.5,0.8520825611845848,2249,0.40779691749773345,1.0,1
"iteration_2","SCOPE_DATA_COLLECTION",1700,31,1930.0,1990.0,1,9963,7570,2337,9918,7467,2279,5622,4137,1293,4347,3425,1041,0.436051760457418,0.45292250727320815,0.44601542416452444,0.42244695464441484,0.9075036581224644,1.2556461549273374,0.8448939092888297,0.9075036581224644,0.837097436618225,0.41355389541088583,0.48320038675368626,0.47873163186388246,97.5,100.0,5497,5686,8687,122,4,8687,0.02219392395852283,7.034822370735139E-4,1.0,0.4,0.30000000000000004,0.7000000000000001,0.1,80.0,45.0,35.0,0.4,0.8,0.30000000000000004,0.7000000000000001,25.0,55.0,30.0,7425,4239,3186,7425,0.4290909090909091,0.8521599811160694,1.0,0.8521599811160694,2049,0.48336871903750883,1.0,1
"iteration_2","SCOPE_DATA_COLLECTION",1700,31,1930.0,1990.0,2,9963,7570,2337,9918,7467,2279,5622,4137,1293,4347,3425,1041,0.436051760457418,0.45292250727320815,0.44601542416452444,0.42244695464441484,0.9075036581224644,1.2556461549273374,0.8448939092888297,0.9075036581224644,0.837097436618225,0.41355389541088583,0.48320038675368626,0.47873163186388246,97.5,100.0,5497,5686,8687,122,4,8687,0.02219392395852283,7.034822370735139E-4,1.0,0.4,0.30000000000000004,0.7000000000000001,0.1,80.0,45.0,35.0,0.4,0.8,0.30000000000000004,0.7000000000000001,25.0,55.0,30.0,2352,1273,1079,2352,0.45875850340136054,1.263721261644251,1.5,0.8424808410961674,576,0.45247446975648076,1.0,1
"iteration_2","SCOPE_DATA_COLLECTION",1700,32,1990.0,2050.0,0,9695,7425,2352,9963,7570,2337,5529,4232,1272,4180,3185,1080,0.43052837573385516,0.429418902521235,0.45918367346938777,0.4276492619877793,0.8543439425584994,1.262371711836771,0.8552985239755586,0.8543439425584994,0.841581141224514,0.41020075963103636,0.484640831758034,0.4528301886792453,97.5,100.0,5565,5637,8270,168,7,8270,0.03018867924528302,0.0012417952811779316,1.0,0.4,0.8,0.30000000000000004,0.7000000000000001,25.0,55.0,30.0,0.1,0.2,0.9,0.5,60.0,85.0,55.0,9912,3445,6467,9912,0.6524414850686037,0.5626638271414937,0.5,1.1253276542829873,2137,0.6203193033381713,1.0,1
"iteration_2","SCOPE_DATA_COLLECTION",1700,32,1990.0,2050.0,1,9695,7425,2352,9963,7570,2337,5529,4232,1272,4180,3185,1080,0.43052837573385516,0.429418902521235,0.45918367346938777,0.4276492619877793,0.8543439425584994,1.262371711836771,0.8552985239755586,0.8543439425584994,0.841581141224514,0.41020075963103636,0.484640831758034,0.4528301886792453,97.5,100.0,5565,5637,8270,168,7,8270,0.03018867924528302,0.0012417952811779316,1.0,0.4,0.8,0.30000000000000004,0.7000000000000001,25.0,55.0,30.0,0.1,0.2,0.9,0.5,60.0,85.0,55.0,7435,2585,4850,7435,0.652320107599193,1.3043494540186047,1.0,1.3043494540186047,2003,0.7748549323017409,1.0,1
"iteration_2","SCOPE_DATA_COLLECTION",1700,32,1990.0,2050.0,2,9695,7425,2352,9963,7570,2337,5529,4232,1272,4180,3185,1080,0.43052837573385516,0.429418902521235,0.45918367346938777,0.4276492619877793,0.8543439425584994,1.262371711836771,0.8552985239755586,0.8543439425584994,0.841581141224514,0.41020075963103636,0.484640831758034,0.4528301886792453,97.5,100.0,5565,5637,8270,168,7,8270,0.03018867924528302,0.0012417952811779316,1.0,0.4,0.8,0.30000000000000004,0.7000000000000001,25.0,55.0,30.0,0.1,0.2,0.9,0.5,60.0,85.0,55.0,2309,789,1520,2309,0.6582936336076224,1.9603539973879975,1.5,1.3069026649253317,626,0.7934093789607097,1.0,1
"iteration_2","SCOPE_DATA_COLLECTION",1700,33,2050.0,2110.0,0,9912,7435,2309,9695,7425,2352,3440,2594,792,6466,4851,1520,0.6527357157278417,0.6515782404298187,0.657439446366782,0.5606756663261542,1.301288689754546,1.949911519068435,1.1213513326523084,1.301288689754546,1.2999410127122901,0.6171511627906977,0.7713955281418658,0.7878787878787878,100.0,100.0,5630,1397,12629,208,0,12629,0.0369449378330373,0.0,1.0,0.1,0.2,0.9,0.5,60.0,85.0,55.0,0.2,0.30000000000000004,0.9,0.4,50.0,75.0,65.0,9840,4239,5601,9840,0.5692073170731707,0.5257469917692655,0.5,1.051493983538531,2335,0.5508374616654872,1.0,1
"iteration_2","SCOPE_DATA_COLLECTION",1700,33,2050.0,2110.0,1,9912,7435,2309,9695,7425,2352,3440,2594,792,6466,4851,1520,0.6527357157278417,0.6515782404298187,0.657439446366782,0.5606756663261542,1.301288689754546,1.949911519068435,1.1213513326523084,1.301288689754546,1.2999410127122901,0.6171511627906977,0.7713955281418658,0.7878787878787878,100.0,100.0,5630,1397,12629,208,0,12629,0.0369449378330373,0.0,1.0,0.1,0.2,0.9,0.5,60.0,85.0,55.0,0.2,0.30000000000000004,0.9,0.4,50.0,75.0,65.0,7439,3042,4397,7439,0.5910740690953085,1.1139987393676938,1.0,1.1139987393676938,1950,0.6410256410256411,1.0,1
"iteration_2","SCOPE_DATA_COLLECTION",1700,33,2050.0,2110.0,2,9912,7435,2309,9695,7425,2352,3440,2594,792,6466,4851,1520,0.6527357157278417,0.6515782404298187,0.657439446366782,0.5606756663261542,1.301288689754546,1.949911519068435,1.1213513326523084,1.301288689754546,1.2999410127122901,0.6171511627906977,0.7713955281418658,0.7878787878787878,100.0,100.0,5630,1397,12629,208,0,12629,0.0369449378330373,0.0,1.0,0.1,0.2,0.9,0.5,60.0,85.0,55.0,0.2,0.30000000000000004,0.9,0.4,50.0,75.0,65.0,2375,907,1468,2375,0.6181052631578947,1.6954140785831702,1.5,1.13027605238878,606,0.6681367144432194,1.0,1
"iteration_2","SCOPE_DATA_COLLECTION",1700,34,2110.0,2170.0,0,9840,7439,2375,9912,7435,2309,4235,3053,904,5602,4397,1468,0.5694825658229135,0.5902013422818791,0.6188870151770658,0.5258487553099539,1.114268781251707,1.693664245654577,1.0516975106199078,1.114268781251707,1.1291094971030513,0.5523022432113341,0.6419914837864396,0.6670353982300885,97.5,100.0,5656,2769,11229,236,2,11229,0.04172560113154172,7.222824124232575E-4,1.0,0.2,0.30000000000000004,0.9,0.4,50.0,75.0,65.0,0.2,0.30000000000000004,0.9,0.4,50.0,75.0,65.0,9831,4175,5656,9831,0.5753229579900315,0.5083159935031881,0.5,1.0166319870063762,2287,0.5477844311377246,1.0,1
"iteration_2","SCOPE_DATA_COLLECTION",1700,34,2110.0,2170.0,1,9840,7439,2375,9912,7435,2309,4235,3053,904,5602,4397,1468,0.5694825658229135,0.5902013422818791,0.6188870151770658,0.5258487553099539,1.114268781251707,1.693664245654577,1.0516975106199078,1.114268781251707,1.1291094971030513,0.5523022432113341,0.6419914837864396,0.6670353982300885,97.5,100.0,5656,2769,11229,236,2,11229,0.04172560113154172,7.222824124232575E-4,1.0,0.2,0.30000000000000004,0.9,0.4,50.0,75.0,65.0,0.2,0.30000000000000004,0.9,0.4,50.0,75.0,65.0,7406,3099,4307,7406,0.5815554955441534,1.0923824432625049,1.0,1.0923824432625049,1943,0.6269764440141982,1.0,1
"iteration_2","SCOPE_DATA_COLLECTION",1700,34,2110.0,2170.0,2,9840,7439,2375,9912,7435,2309,4235,3053,904,5602,4397,1468,0.5694825658229135,0.5902013422818791,0.6188870151770658,0.5258487553099539,1.114268781251707,1.693664245654577,1.0516975106199078,1.114268781251707,1.1291094971030513,0.5523022432113341,0.6419914837864396,0.6670353982300885,97.5,100.0,5656,2769,11229,236,2,11229,0.04172560113154172,7.222824124232575E-4,1.0,0.2,0.30000000000000004,0.9,0.4,50.0,75.0,65.0,0.2,0.30000000000000004,0.9,0.4,50.0,75.0,65.0,2389,922,1467,2389,0.614064462118041,1.7021018953727638,1.5,1.1347345969151759,623,0.675704989154013,1.0,1
"iteration_2","SCOPE_DATA_COLLECTION",1700,35,2170.0,2230.0,0,9831,7406,2389,9840,7439,2375,4182,3089,922,5656,4307,1467,0.5749136003252694,0.582341806381828,0.614064462118041,0.5080434879391605,1.0919135221820075,1.7055163449661996,1.016086975878321,1.0919135221820075,1.137010896644133,0.5456719273075084,0.627387504046617,0.6767895878524945,100.0,100.0,5578,2835,11213,214,3,11213,0.03836500537827178,0.0010582010582010583,1.0,0.2,0.30000000000000004,0.9,0.4,50.0,75.0,65.0,0.65,0.7000000000000001,0.1,0.30000000000000004,40.0,35.0,70.0,9956,8339,1617,9956,0.16241462434712736,0.3761019116385989,0.5,0.7522038232771978,2614,0.31346684254706797,1.0,1
"iteration_2","SCOPE_DATA_COLLECTION",1700,35,2170.0,2230.0,1,9831,7406,2389,9840,7439,2375,4182,3089,922,5656,4307,1467,0.5749136003252694,0.582341806381828,0.614064462118041,0.5080434879391605,1.0919135221820075,1.7055163449661996,1.016086975878321,1.0919135221820075,1.137010896644133,0.5456719273075084,0.627387504046617,0.6767895878524945,100.0,100.0,5578,2835,11213,214,3,11213,0.03836500537827178,0.0010582010582010583,1.0,0.2,0.30000000000000004,0.9,0.4,50.0,75.0,65.0,0.65,0.7000000000000001,0.1,0.30000000000000004,40.0,35.0,70.0,7425,6241,1184,7425,0.15946127946127947,0.6330824620438513,1.0,0.6330824620438513,1944,0.3114885435026438,1.0,1
"iteration_2","SCOPE_DATA_COLLECTION",1700,35,2170.0,2230.0,2,9831,7406,2389,9840,7439,2375,4182,3089,922,5656,4307,1467,0.5749136003252694,0.582341806381828,0.614064462118041,0.5080434879391605,1.0919135221820075,1.7055163449661996,1.016086975878321,1.0919135221820075,1.137010896644133,0.5456719273075084,0.627387504046617,0.6767895878524945,100.0,100.0,5578,2835,11213,214,3,11213,0.03836500537827178,0.0010582010582010583,1.0,0.2,0.30000000000000004,0.9,0.4,50.0,75.0,65.0,0.65,0.7000000000000001,0.1,0.30000000000000004,40.0,35.0,70.0,2383,1956,427,2383,0.17918590012589172,1.0412155942221364,1.5,0.6941437294814242,626,0.32004089979550104,1.0,1
"iteration_2","SCOPE_DATA_COLLECTION",1700,36,2230.0,2290.0,0,9956,7425,2383,9831,7406,2389,8297,6228,1949,1617,1184,427,0.16310268307444017,0.15974096060442525,0.17971380471380471,0.3747527214716086,0.6379420893796998,1.0419884487473206,0.7495054429432172,0.6379420893796998,0.6946589658315471,0.31204049656502353,0.3153500321130379,0.32170343766033865,100.0,100.0,5368,9408,4988,79,96,3053,0.014716840536512668,0.01020408163265306,0.6120689655172413,0.65,0.7000000000000001,0.1,0.30000000000000004,40.0,35.0,70.0,0.75,0.8,0.1,0.4,50.0,35.0,70.0,9621,9074,547,9621,0.056854796798669574,0.34510959704221345,0.5,0.6902191940844269,2354,0.2594225258981706,1.0,1
"iteration_2","SCOPE_DATA_COLLECTION",1700,36,2230.0,2290.0,1,9956,7425,2383,9831,7406,2389,8297,6228,1949,1617,1184,427,0.16310268307444017,0.15974096060442525,0.17971380471380471,0.3747527214716086,0.6379420893796998,1.0419884487473206,0.7495054429432172,0.6379420893796998,0.6946589658315471,0.31204049656502353,0.3153500321130379,0.32170343766033865,100.0,100.0,5368,9408,4988,79,96,3053,0.014716840536512668,0.01020408163265306,0.6120689655172413,0.65,0.7000000000000001,0.1,0.30000000000000004,40.0,35.0,70.0,0.75,0.8,0.1,0.4,50.0,35.0,70.0,7351,6888,463,7351,0.06298462794177663,0.601983056028292,1.0,0.601983056028292,1948,0.28281068524970965,1.0,1
"iteration_2","SCOPE_DATA_COLLECTION",1700,36,2230.0,2290.0,2,9956,7425,2383,9831,7406,2389,8297,6228,1949,1617,1184,427,0.16310268307444017,0.15974096060442525,0.17971380471380471,0.3747527214716086,0.6379420893796998,1.0419884487473206,0.7495054429432172,0.6379420893796998,0.6946589658315471,0.31204049656502353,0.3153500321130379,0.32170343766033865,100.0,100.0,5368,9408,4988,79,96,3053,0.014716840536512668,0.01020408163265306,0.6120689655172413,0.65,0.7000000000000001,0.1,0.30000000000000004,40.0,35.0,70.0,0.75,0.8,0.1,0.4,50.0,35.0,70.0,2328,2152,176,2328,0.07560137457044673,0.9775542259525842,1.5,0.6517028173017229,610,0.28345724907063197,1.0,1
"iteration_2","SCOPE_DATA_COLLECTION",1700,37,2290.0,2350.0,0,9621,7351,2328,9956,7425,2383,9083,6883,2146,547,463,176,0.05680166147455867,0.06302749795807241,0.07579672695951765,0.344180805475271,0.5989946498217826,0.982673046481149,0.688361610950542,0.5989946498217826,0.655115364320766,0.2592755697456787,0.27967456051140493,0.2851817334575955,97.5,100.0,5286,10506,3508,60,1001,125,0.011350737797956867,0.09527888825433085,0.03563283922462942,0.75,0.8,0.1,0.4,50.0,35.0,70.0,0.55,0.7000000000000001,0.6000000000000001,0.30000000000000004,40.0,65.0,50.0,9795,6686,3109,9795,0.3174068402246044,0.4038035936858495,0.5,0.807607187371699,2376,0.355369428656895,1.0,1
"iteration_2","SCOPE_DATA_COLLECTION",1700,37,2290.0,2350.0,1,9621,7351,2328,9956,7425,2383,9083,6883,2146,547,463,176,0.05680166147455867,0.06302749795807241,0.07579672695951765,0.344180805475271,0.5989946498217826,0.982673046481149,0.688361610950542,0.5989946498217826,0.655115364320766,0.2592755697456787,0.27967456051140493,0.2851817334575955,97.5,100.0,5286,10506,3508,60,1001,125,0.011350737797956867,0.09527888825433085,0.03563283922462942,0.75,0.8,0.1,0.4,50.0,35.0,70.0,0.55,0.7000000000000001,0.6000000000000001,0.30000000000000004,40.0,65.0,50.0,7436,5020,2416,7436,0.32490586336740185,0.7894172484434049,1.0,0.7894172484434049,2000,0.398406374501992,1.0,1
"iteration_2","SCOPE_DATA_COLLECTION",1700,37,2290.0,2350.0,2,9621,7351,2328,9956,7425,2383,9083,6883,2146,547,463,176,0.05680166147455867,0.06302749795807241,0.07579672695951765,0.344180805475271,0.5989946498217826,0.982673046481149,0.688361610950542,0.5989946498217826,0.655115364320766,0.2592755697456787,0.27967456051140493,0.2851817334575955,97.5,100.0,5286,10506,3508,60,1001,125,0.011350737797956867,0.09527888825433085,0.03563283922462942,0.75,0.8,0.1,0.4,50.0,35.0,70.0,0.55,0.7000000000000001,0.6000000000000001,0.30000000000000004,40.0,65.0,50.0,2366,1585,781,2366,0.3300929839391378,1.1481977235993452,1.5,0.7654651490662302,624,0.3936908517350158,1.0,1
"iteration_2","SCOPE_DATA_COLLECTION",1700,38,2350.0,2410.0,0,9795,7436,2366,9621,7351,2328,6710,5018,1598,3109,2416,780,0.31663102148895,0.3249932741458165,0.3280067283431455,0.4064790647691021,0.7847395136669068,1.1489613354392663,0.8129581295382042,0.7847395136669068,0.7659742236261775,0.35767511177347244,0.39597449182941413,0.39361702127659576,100.0,100.0,5523,7775,6299,191,20,6094,0.034582654354517475,0.002572347266881029,0.9674551516113669,0.55,0.7000000000000001,0.6000000000000001,0.30000000000000004,40.0,65.0,50.0,0.65,0.7000000000000001,0.6000000000000001,0.4,30.0,55.0,50.0,9916,8555,1361,9916,0.1372529245663574,0.39446191631784494,0.5,0.7889238326356899,2649,0.30964348334307423,1.0,1
"iteration_2","SCOPE_DATA_COLLECTION",1700,38,2350.0,2410.0,1,9795,7436,2366,9621,7351,2328,6710,5018,1598,3109,2416,780,0.31663102148895,0.3249932741458165,0.3280067283431455,0.4064790647691021,0.7847395136669068,1.1489613354392663,0.8129581295382042,0.7847395136669068,0.7659742236261775,0.35767511177347244,0.39597449182941413,0.39361702127659576,100.0,100.0,5523,7775,6299,191,20,6094,0.034582654354517475,0.002572347266881029,0.9674551516113669,0.55,0.7000000000000001,0.6000000000000001,0.30000000000000004,40.0,65.0,50.0,0.65,0.7000000000000001,0.6000000000000001,0.4,30.0,55.0,50.0,7374,6288,1086,7374,0.14727420667209112,0.7165453817110731,1.0,0.7165453817110731,2025,0.3220419847328244,1.0,1
"iteration_2","SCOPE_DATA_COLLECTION",1700,38,2350.0,2410.0,2,9795,7436,2366,9621,7351,2328,6710,5018,1598,3109,2416,780,0.31663102148895,0.3249932741458165,0.3280067283431455,0.4064790647691021,0.7847395136669068,1.1489613354392663,0.8129581295382042,0.7847395136669068,0.7659742236261775,0.35767511177347244,0.39597449182941413,0.39361702127659576,100.0,100.0,5523,7775,6299,191,20,6094,0.034582654354517475,0.002572347266881029,0.9674551516113669,0.55,0.7000000000000001,0.6000000000000001,0.30000000000000004,40.0,65.0,50.0,0.65,0.7000000000000001,0.6000000000000001,0.4,30.0,55.0,50.0,2352,1948,404,2352,0.1717687074829932,1.030142132241888,1.5,0.686761421494592,594,0.3049281314168378,1.0,1
"iteration_2","SCOPE_DATA_COLLECTION",1700,39,2410.0,2470.0,0,9916,7374,2352,9795,7436,2366,8507,6280,1942,1361,1086,405,0.1379205512768545,0.1474341569372794,0.17256071580741372,0.39213782936354274,0.7223103970980324,1.0225495190841352,0.7842756587270855,0.7223103970980324,0.6816996793894234,0.306218408369578,0.3265923566878981,0.30175077239958803,100.0,100.0,5552,9193,4897,175,69,2608,0.03152017291066282,0.007505710866963994,0.5325709618133552,0.65,0.7000000000000001,0.6000000000000001,0.4,30.0,55.0,50.0,0.65,0.8,0.6000000000000001,0.4,40.0,65.0,60.0,9765,7930,1835,9765,0.18791602662570406,0.40488792019115566,0.5,0.8097758403823113,2596,0.32736443883984867,1.0,1
"iteration_2","SCOPE_DATA_COLLECTION",1700,39,2410.0,2470.0,1,9916,7374,2352,9795,7436,2366,8507,6280,1942,1361,1086,405,0.1379205512768545,0.1474341569372794,0.17256071580741372,0.39213782936354274,0.7223103970980324,1.0225495190841352,0.7842756587270855,0.7223103970980324,0.6816996793894234,0.306218408369578,0.3265923566878981,0.30175077239958803,100.0,100.0,5552,9193,4897,175,69,2608,0.03152017291066282,0.007505710866963994,0.5325709618133552,0.65,0.7000000000000001,0.6000000000000001,0.4,30.0,55.0,50.0,0.65,0.8,0.6000000000000001,0.4,40.0,65.0,60.0,7481,6048,1433,7481,0.19155193155995187,0.7425498961153777,1.0,0.7425498961153777,2016,0.3333333333333333,1.0,1
"iteration_2","SCOPE_DATA_COLLECTION",1700,39,2410.0,2470.0,2,9916,7374,2352,9795,7436,2366,8507,6280,1942,1361,1086,405,0.1379205512768545,0.1474341569372794,0.17256071580741372,0.39213782936354274,0.7223103970980324,1.0225495190841352,0.7842756587270855,0.7223103970980324,0.6816996793894234,0.306218408369578,0.3265923566878981,0.30175077239958803,100.0,100.0,5552,9193,4897,175,69,2608,0.03152017291066282,0.007505710866963994,0.5325709618133552,0.65,0.7000000000000001,0.6000000000000001,0.4,30.0,55.0,50.0,0.65,0.8,0.6000000000000001,0.4,40.0,65.0,60.0,2402,1855,547,2402,0.22772689425478768,1.0905452661917088,1.5,0.7270301774611392,621,0.3347708894878706,1.0,1
"iteration_2","SCOPE_DATA_COLLECTION",1700,40,2470.0,2530.0,0,9765,7481,2402,9916,7374,2352,7964,6064,1863,1835,1433,547,0.1872640065312787,0.19114312391623317,0.22697095435684647,0.4070134481543302,0.7376402721877363,1.0922285072516658,0.8140268963086604,0.7376402721877363,0.7281523381677771,0.33073832245102963,0.3299802110817942,0.33494363929146537,97.5,100.0,5552,9048,5048,197,9,3609,0.03548270893371758,9.946949602122016E-4,0.7149366085578447,0.65,0.8,0.6000000000000001,0.4,40.0,65.0,60.0,0.8500000000000001,0.4,0.4,0.30000000000000004,95.0,80.0,35.0,9909,7077,2832,9909,0.28580078716318497,0.46054284973701987,0.5,0.9210856994740397,2784,0.3933870284018652,1.0,1
"iteration_2","SCOPE_DATA_COLLECTION",1700,40,2470.0,2530.0,1,9765,7481,2402,9916,7374,2352,7964,6064,1863,1835,1433,547,0.1872640065312787,0.19114312391623317,0.22697095435684647,0.4070134481543302,0.7376402721877363,1.0922285072516658,0.8140268963086604,0.7376402721877363,0.7281523381677771,0.33073832245102963,0.3299802110817942,0.33494363929146537,97.5,100.0,5552,9048,5048,197,9,3609,0.03548270893371758,9.946949602122016E-4,0.7149366085578447,0.65,0.8,0.6000000000000001,0.4,40.0,65.0,60.0,0.8500000000000001,0.4,0.4,0.30000000000000004,95.0,80.0,35.0,7569,5308,2261,7569,0.2987184568635223,0.8534595738963339,1.0,0.8534595738963339,2107,0.396948003014318,1.0,1
"iteration_2","SCOPE_DATA_COLLECTION",1700,40,2470.0,2530.0,2,9765,7481,2402,9916,7374,2352,7964,6064,1863,1835,1433,547,0.1872640065312787,0.19114312391623317,0.22697095435684647,0.4070134481543302,0.7376402721877363,1.0922285072516658,0.8140268963086604,0.7376402721877363,0.7281523381677771,0.33073832245102963,0.3299802110817942,0.33494363929146537,97.5,100.0,5552,9048,5048,197,9,3609,0.03548270893371758,9.946949602122016E-4,0.7149366085578447,0.65,0.8,0.6000000000000001,0.4,40.0,65.0,60.0,0.8500000000000001,0.4,0.4,0.30000000000000004,95.0,80.0,35.0,2292,1529,763,2292,0.33289703315881325,1.2575386058735458,1.5,0.8383590705823639,610,0.39895356442119034,1.0,1
"iteration_2","SCOPE_DATA_COLLECTION",1700,41,2530.0,2590.0,0,9909,7569,2292,9765,7481,2402,7098,5331,1531,2827,2255,763,0.28483627204030226,0.2972581070392829,0.33260680034873585,0.461317123708326,0.8570217839439539,1.2576250600719798,0.922634247416652,0.8570217839439539,0.8384167067146532,0.39335023950408565,0.39786156443444004,0.3990855649902025,100.0,100.0,5518,12151,2101,137,5708,0,0.024827836172526277,0.46975557567278414,0.0,0.8500000000000001,0.4,0.4,0.30000000000000004,95.0,80.0,35.0,0.75,0.30000000000000004,0.5,0.2,95.0,90.0,25.0,9661,8894,767,9661,0.07939136735327605,0.3658081731379486,0.5,0.7316163462758972,2545,0.2861479649201709,1.0,1
"iteration_2","SCOPE_DATA_COLLECTION",1700,41,2530.0,2590.0,1,9909,7569,2292,9765,7481,2402,7098,5331,1531,2827,2255,763,0.28483627204030226,0.2972581070392829,0.33260680034873585,0.461317123708326,0.8570217839439539,1.2576250600719798,0.922634247416652,0.8570217839439539,0.8384167067146532,0.39335023950408565,0.39786156443444004,0.3990855649902025,100.0,100.0,5518,12151,2101,137,5708,0,0.024827836172526277,0.46975557567278414,0.0,0.8500000000000001,0.4,0.4,0.30000000000000004,95.0,80.0,35.0,0.75,0.30000000000000004,0.5,0.2,95.0,90.0,25.0,7562,6872,690,7562,0.09124570219518646,0.6968152519573412,1.0,0.6968152519573412,2111,0.3071885913853318,1.0,1
"iteration_2","SCOPE_DATA_COLLECTION",1700,41,2530.0,2590.0,2,9909,7569,2292,9765,7481,2402,7098,5331,1531,2827,2255,763,0.28483627204030226,0.2972581070392829,0.33260680034873585,0.461317123708326,0.8570217839439539,1.2576250600719798,0.922634247416652,0.8570217839439539,0.8384167067146532,0.39335023950408565,0.39786156443444004,0.3990855649902025,100.0,100.0,5518,12151,2101,137,5708,0,0.024827836172526277,0.46975557567278414,0.0,0.8500000000000001,0.4,0.4,0.30000000000000004,95.0,80.0,35.0,0.75,0.30000000000000004,0.5,0.2,95.0,90.0,25.0,2296,2008,288,2296,0.1254355400696864,1.0396047550875593,1.5,0.6930698367250395,621,0.3092629482071713,1.0,1
"iteration_2","SCOPE_DATA_COLLECTION",1700,42,2590.0,2650.0,0,9661,7562,2296,9909,7569,2292,8864,6842,1991,772,695,288,0.08011623080116231,0.09221175534032108,0.12637121544537078,0.3647990712346081,0.6956116876338491,1.0416961259766266,0.7295981424692162,0.6956116876338491,0.6944640839844177,0.28598826714801445,0.30722011107863195,0.30989452536413864,97.5,100.0,5531,10469,3519,152,1539,64,0.027481468088953173,0.147005444646098,0.018186984938903097,0.75,0.30000000000000004,0.5,0.2,95.0,90.0,25.0,0.75,0.30000000000000004,0.4,0.2,95.0,90.0,25.0,9703,8854,849,9703,0.08749871173863753,0.3477944395859385,0.5,0.695588879171877,2368,0.26744974023040435,1.0,1
"iteration_2","SCOPE_DATA_COLLECTION",1700,42,2590.0,2650.0,1,9661,7562,2296,9909,7569,2292,8864,6842,1991,772,695,288,0.08011623080116231,0.09221175534032108,0.12637121544537078,0.3647990712346081,0.6956116876338491,1.0416961259766266,0.7295981424692162,0.6956116876338491,0.6944640839844177,0.28598826714801445,0.30722011107863195,0.30989452536413864,97.5,100.0,5531,10469,3519,152,1539,64,0.027481468088953173,0.147005444646098,0.018186984938903097,0.75,0.30000000000000004,0.5,0.2,95.0,90.0,25.0,0.75,0.30000000000000004,0.4,0.2,95.0,90.0,25.0,7615,6944,671,7615,0.08811556139198949,0.6780290321016845,1.0,0.6780290321016845,2042,0.2940668202764977,1.0,1
"iteration_2","SCOPE_DATA_COLLECTION",1700,42,2590.0,2650.0,2,9661,7562,2296,9909,7569,2292,8864,6842,1991,772,695,288,0.08011623080116231,0.09221175534032108,0.12637121544537078,0.3647990712346081,0.6956116876338491,1.0416961259766266,0.7295981424692162,0.6956116876338491,0.6944640839844177,0.28598826714801445,0.30722011107863195,0.30989452536413864,97.5,100.0,5531,10469,3519,152,1539,64,0.027481468088953173,0.147005444646098,0.018186984938903097,0.75,0.30000000000000004,0.5,0.2,95.0,90.0,25.0,0.75,0.30000000000000004,0.4,0.2,95.0,90.0,25.0,2413,2167,246,2413,0.10194778284293411,0.9945272603423162,1.5,0.6630181735615441,611,0.2819566220581449,1.0,1
"iteration_2","SCOPE_DATA_COLLECTION",1700,43,2650.0,2710.0,0,9703,7615,2413,9661,7562,2296,8847,6941,2166,849,672,246,0.0875618811881188,0.0882700643635886,0.10199004975124377,0.34801477535940445,0.6794049091571176,0.9950713465105927,0.6960295507188089,0.6794049091571176,0.6633808976737284,0.2685656154628688,0.2946261345627431,0.283471837488458,97.5,100.0,5484,10649,3598,168,1343,256,0.030634573304157548,0.12611512818104986,0.07115063924402446,0.75,0.30000000000000004,0.4,0.2,95.0,90.0,25.0,0.8500000000000001,0.4,0.4,0.2,95.0,95.0,20.0,9701,6882,2819,9701,0.29058859911349344,0.46885086187866426,0.5,0.9377017237573285,2717,0.3947980238302819,1.0,1
"iteration_2","SCOPE_DATA_COLLECTION",1700,43,2650.0,2710.0,1,9703,7615,2413,9661,7562,2296,8847,6941,2166,849,672,246,0.0875618811881188,0.0882700643635886,0.10199004975124377,0.34801477535940445,0.6794049091571176,0.9950713465105927,0.6960295507188089,0.6794049091571176,0.6633808976737284,0.2685656154628688,0.2946261345627431,0.283471837488458,97.5,100.0,5484,10649,3598,168,1343,256,0.030634573304157548,0.12611512818104986,0.07115063924402446,0.75,0.30000000000000004,0.4,0.2,95.0,90.0,25.0,0.8500000000000001,0.4,0.4,0.2,95.0,95.0,20.0,7352,5078,2274,7352,0.30930359085963005,0.8531219734597579,1.0,0.8531219734597579,2034,0.4005513981882631,1.0,1
"iteration_2","SCOPE_DATA_COLLECTION",1700,43,2650.0,2710.0,2,9703,7615,2413,9661,7562,2296,8847,6941,2166,849,672,246,0.0875618811881188,0.0882700643635886,0.10199004975124377,0.34801477535940445,0.6794049091571176,0.9950713465105927,0.6960295507188089,0.6794049091571176,0.6633808976737284,0.2685656154628688,0.2946261345627431,0.283471837488458,97.5,100.0,5484,10649,3598,168,1343,256,0.030634573304157548,0.12611512818104986,0.07115063924402446,0.75,0.30000000000000004,0.4,0.2,95.0,90.0,25.0,0.8500000000000001,0.4,0.4,0.2,95.0,95.0,20.0,2298,1556,742,2298,0.3228894691035683,1.2644452040975953,1.5,0.8429634693983968,652,0.4190231362467866,1.0,1
"iteration_2","SCOPE_DATA_COLLECTION",1700,44,2710.0,2770.0,0,9701,7352,2298,9703,7615,2413,6900,5094,1563,2819,2274,742,0.290050416709538,0.30863192182410426,0.32190889370932757,0.46907918032624096,0.8516785112950048,1.255144546479926,0.9381583606524819,0.8516785112950048,0.8367630309866173,0.39318840579710146,0.3998822143698469,0.41394753678822777,100.0,100.0,5389,11864,2098,130,5705,0,0.024123213954351456,0.48086648685097777,0.0,0.8500000000000001,0.4,0.4,0.2,95.0,95.0,20.0,0.8500000000000001,0.4,0.4,0.2,95.0,95.0,20.0,9721,7467,2254,9721,0.23186914926447896,0.4277883562417193,0.5,0.8555767124834386,2754,0.36882282040980313,1.0,1
"iteration_2","SCOPE_DATA_COLLECTION",1700,44,2710.0,2770.0,1,9701,7352,2298,9703,7615,2413,6900,5094,1563,2819,2274,742,0.290050416709538,0.30863192182410426,0.32190889370932757,0.46907918032624096,0.8516785112950048,1.255144546479926,0.9381583606524819,0.8516785112950048,0.8367630309866173,0.39318840579710146,0.3998822143698469,0.41394753678822777,100.0,100.0,5389,11864,2098,130,5705,0,0.024123213954351456,0.48086648685097777,0.0,0.8500000000000001,0.4,0.4,0.2,95.0,95.0,20.0,0.8500000000000001,0.4,0.4,0.2,95.0,95.0,20.0,7314,5572,1742,7314,0.23817336614711512,0.8016031822337089,1.0,0.8016031822337089,2094,0.3758076094759512,1.0,1
"iteration_2","SCOPE_DATA_COLLECTION",1700,44,2710.0,2770.0,2,9701,7352,2298,9703,7615,2413,6900,5094,1563,2819,2274,742,0.290050416709538,0.30863192182410426,0.32190889370932757,0.46907918032624096,0.8516785112950048,1.255144546479926,0.9381583606524819,0.8516785112950048,0.8367630309866173,0.39318840579710146,0.3998822143698469,0.41394753678822777,100.0,100.0,5389,11864,2098,130,5705,0,0.024123213954351456,0.48086648685097777,0.0,0.8500000000000001,0.4,0.4,0.2,95.0,95.0,20.0,0.8500000000000001,0.4,0.4,0.2,95.0,95.0,20.0,2381,1746,635,2381,0.26669466610667786,1.186504962870163,1.5,0.7910033085801086,658,0.3768613974799542,1.0,1
"iteration_2","SCOPE_DATA_COLLECTION",1700,45,2770.0,2830.0,0,9721,7314,2381,9701,7352,2298,7481,5587,1756,2254,1741,635,0.2315356959424756,0.23758187772925765,0.2655792555416144,0.4270143680089632,0.8001260734478741,1.194131202150733,0.8540287360179264,0.8001260734478741,0.7960874681004887,0.3682662745622243,0.37479863969930194,0.3798405466970387,97.5,100.0,5378,11919,2119,137,4493,0,0.025474153960580143,0.3769611544592667,0.0,0.8500000000000001,0.4,0.4,0.2,95.0,95.0,20.0,0.8500000000000001,0.30000000000000004,0.30000000000000004,0.2,95.0,95.0,20.0,9837,7475,2362,9837,0.24011385585036088,0.3988909880360904,0.5,0.7977819760721808,2571,0.3439464882943144,1.0,1
"iteration_2","SCOPE_DATA_COLLECTION",1700,45,2770.0,2830.0,1,9721,7314,2381,9701,7352,2298,7481,5587,1756,2254,1741,635,0.2315356959424756,0.23758187772925765,0.2655792555416144,0.4270143680089632,0.8001260734478741,1.194131202150733,0.8540287360179264,0.8001260734478741,0.7960874681004887,0.3682662745622243,0.37479863969930194,0.3798405466970387,97.5,100.0,5378,11919,2119,137,4493,0,0.025474153960580143,0.3769611544592667,0.0,0.8500000000000001,0.4,0.4,0.2,95.0,95.0,20.0,0.8500000000000001,0.30000000000000004,0.30000000000000004,0.2,95.0,95.0,20.0,7462,5489,1973,7462,0.26440632538193515,0.7751015570517266,1.0,0.7751015570517266,2046,0.3727454909819639,1.0,1
"iteration_2","SCOPE_DATA_COLLECTION",1700,45,2770.0,2830.0,2,9721,7314,2381,9701,7352,2298,7481,5587,1756,2254,1741,635,0.2315356959424756,0.23758187772925765,0.2655792555416144,0.4270143680089632,0.8001260734478741,1.194131202150733,0.8540287360179264,0.8001260734478741,0.7960874681004887,0.3682662745622243,0.37479863969930194,0.3798405466970387,97.5,100.0,5378,11919,2119,137,4493,0,0.025474153960580143,0.3769611544592667,0.0,0.8500000000000001,0.4,0.4,0.2,95.0,95.0,20.0,0.8500000000000001,0.30000000000000004,0.30000000000000004,0.2,95.0,95.0,20.0,2343,1664,679,2343,0.2897994024754588,1.169039671264658,1.5,0.7793597808431053,620,0.37259615384615385,1.0,1
"iteration_2","SCOPE_DATA_COLLECTION",1700,46,2830.0,2890.0,0,9837,7462,2343,9721,7314,2381,7441,5466,1654,2362,1974,679,0.2409466489850046,0.2653225806451613,0.29104157736819547,0.39991593146911103,0.7775321890271352,1.166177178810465,0.7998318629382221,0.7775321890271352,0.7774514525403099,0.3447117322940465,0.3733991950237834,0.37122128174123337,100.0,100.0,5512,12045,2085,146,4869,0,0.02648766328011611,0.4042341220423412,0.0,0.8500000000000001,0.30000000000000004,0.30000000000000004,0.2,95.0,95.0,20.0,0.9500000000000001,0.4,0.2,0.1,95.0,95.0,30.0,9839,3910,5929,9839,0.60260189043602,0.6156568891584976,0.5,1.2313137783169952,2494,0.6378516624040921,1.0,1
"iteration_2","SCOPE_DATA_COLLECTION",1700,46,2830.0,2890.0,1,9837,7462,2343,9721,7314,2381,7441,5466,1654,2362,1974,679,0.2409466489850046,0.2653225806451613,0.29104157736819547,0.39991593146911103,0.7775321890271352,1.166177178810465,0.7998318629382221,0.7775321890271352,0.7774514525403099,0.3447117322940465,0.3733991950237834,0.37122128174123337,100.0,100.0,5512,12045,2085,146,4869,0,0.02648766328011611,0.4042341220423412,0.0,0.8500000000000001,0.30000000000000004,0.30000000000000004,0.2,95.0,95.0,20.0,0.9500000000000001,0.4,0.2,0.1,95.0,95.0,30.0,7677,3002,4675,7677,0.608961834049759,1.1448593709756814,1.0,1.1448593709756814,2074,0.6908727514990006,1.0,1
"iteration_2","SCOPE_DATA_COLLECTION",1700,46,2830.0,2890.0,2,9837,7462,2343,9721,7314,2381,7441,5466,1654,2362,1974,679,0.2409466489850046,0.2653225806451613,0.29104157736819547,0.39991593146911103,0.7775321890271352,1.166177178810465,0.7998318629382221,0.7775321890271352,0.7774514525403099,0.3447117322940465,0.3733991950237834,0.37122128174123337,100.0,100.0,5512,12045,2085,146,4869,0,0.02648766328011611,0.4042341220423412,0.0,0.8500000000000001,0.30000000000000004,0.30000000000000004,0.2,95.0,95.0,20.0,0.9500000000000001,0.4,0.2,0.1,95.0,95.0,30.0,2332,918,1414,2332,0.6063464837049742,1.7774620433234232,1.5,1.1849746955489489,661,0.7200435729847494,1.0,1
"iteration_2","SCOPE_DATA_COLLECTION",1700,47,2890.0,2950.0,0,9839,7677,2332,9837,7462,2343,3877,2985,909,5927,4672,1412,0.6045491636066912,0.6101606373253232,0.6083584661783714,0.6059636771064514,1.1396632773028894,1.769572876266019,1.2119273542129028,1.1396632773028894,1.1797152508440127,0.6275470724787207,0.682747068676717,0.7238723872387238,100.0,100.0,5351,13797,700,61,11950,0,0.011399738366660438,0.8661303181851127,0.0,0.9500000000000001,0.4,0.2,0.1,95.0,95.0,30.0,0.9500000000000001,0.5,0.30000000000000004,0.1,85.0,95.0,40.0,9761,4339,5422,9761,0.5554758733736298,0.5368061468126112,0.5,1.0736122936252224,2368,0.54574786817239,1.0,1
"iteration_2","SCOPE_DATA_COLLECTION",1700,47,2890.0,2950.0,1,9839,7677,2332,9837,7462,2343,3877,2985,909,5927,4672,1412,0.6045491636066912,0.6101606373253232,0.6083584661783714,0.6059636771064514,1.1396632773028894,1.769572876266019,1.2119273542129028,1.1396632773028894,1.1797152508440127,0.6275470724787207,0.682747068676717,0.7238723872387238,100.0,100.0,5351,13797,700,61,11950,0,0.011399738366660438,0.8661303181851127,0.0,0.9500000000000001,0.4,0.2,0.1,95.0,95.0,30.0,0.9500000000000001,0.5,0.30000000000000004,0.1,85.0,95.0,40.0,7456,3424,4032,7456,0.5407725321888412,1.0419395662689168,1.0,1.0419395662689168,2016,0.5887850467289719,1.0,1
"iteration_2","SCOPE_DATA_COLLECTION",1700,47,2890.0,2950.0,2,9839,7677,2332,9837,7462,2343,3877,2985,909,5927,4672,1412,0.6045491636066912,0.6101606373253232,0.6083584661783714,0.6059636771064514,1.1396632773028894,1.769572876266019,1.2119273542129028,1.1396632773028894,1.1797152508440127,0.6275470724787207,0.682747068676717,0.7238723872387238,100.0,100.0,5351,13797,700,61,11950,0,0.011399738366660438,0.8661303181851127,0.0,0.9500000000000001,0.4,0.2,0.1,95.0,95.0,30.0,0.9500000000000001,0.5,0.30000000000000004,0.1,85.0,95.0,40.0,2286,958,1328,2286,0.5809273840769904,1.5757124031750738,1.5,1.050474935450049,585,0.6106471816283925,1.0,1
"iteration_2","SCOPE_DATA_COLLECTION",1700,48,2950.0,3010.0,0,9761,7456,2286,9839,7677,2332,4382,3392,958,5422,4032,1328,0.5530395756833946,0.5431034482758621,0.5809273840769904,0.5442806313037232,1.0501021884880752,1.5973658290117303,1.0885612626074463,1.0501021884880752,1.0649105526744869,0.5540848927430397,0.6031839622641509,0.6210855949895616,97.5,100.0,5352,13465,686,66,10716,0,0.01233183856502242,0.795841069439287,0.0,0.9500000000000001,0.5,0.30000000000000004,0.1,85.0,95.0,40.0,0.9,0.4,0.30000000000000004,0.2,90.0,60.0,65.0,9825,5588,4237,9825,0.4312468193384224,0.49994107622146783,0.5,0.9998821524429357,2550,0.45633500357909806,1.0,1
"iteration_2","SCOPE_DATA_COLLECTION",1700,48,2950.0,3010.0,1,9761,7456,2286,9839,7677,2332,4382,3392,958,5422,4032,1328,0.5530395756833946,0.5431034482758621,0.5809273840769904,0.5442806313037232,1.0501021884880752,1.5973658290117303,1.0885612626074463,1.0501021884880752,1.0649105526744869,0.5540848927430397,0.6031839622641509,0.6210855949895616,97.5,100.0,5352,13465,686,66,10716,0,0.01233183856502242,0.795841069439287,0.0,0.9500000000000001,0.5,0.30000000000000004,0.1,85.0,95.0,40.0,0.9,0.4,0.30000000000000004,0.2,90.0,60.0,65.0,7515,4093,3422,7515,0.45535595475715235,0.9349884398068686,1.0,0.9349884398068686,2042,0.498900561935011,1.0,1
"iteration_2","SCOPE_DATA_COLLECTION",1700,48,2950.0,3010.0,2,9761,7456,2286,9839,7677,2332,4382,3392,958,5422,4032,1328,0.5530395756833946,0.5431034482758621,0.5809273840769904,0.5442806313037232,1.0501021884880752,1.5973658290117303,1.0885612626074463,1.0501021884880752,1.0649105526744869,0.5540848927430397,0.6031839622641509,0.6210855949895616,97.5,100.0,5352,13465,686,66,10716,0,0.01233183856502242,0.795841069439287,0.0,0.9500000000000001,0.5,0.30000000000000004,0.1,85.0,95.0,40.0,0.9,0.4,0.30000000000000004,0.2,90.0,60.0,65.0,2314,1251,1063,2314,0.45937770095073466,1.4368291113605043,1.5,0.9578860742403362,638,0.5099920063948841,1.0,1
"iteration_2","SCOPE_DATA_COLLECTION",1700,49,3010.0,3070.0,0,9825,7515,2314,9761,7456,2286,5604,4147,1259,4239,3425,1065,0.43066138372447427,0.452324352879028,0.4582616179001721,0.49704200750155225,0.9306011736234643,1.4224303394219702,0.9940840150031045,0.9306011736234643,0.9482868929479801,0.4544967880085653,0.4945743911261153,0.4996028594122319,100.0,100.0,5385,12857,1412,104,8625,0,0.019312906220984215,0.6708407871198568,0.0,0.9,0.4,0.30000000000000004,0.2,90.0,60.0,65.0,0.9,0.4,0.30000000000000004,0.2,90.0,60.0,65.0,9816,5307,4509,9816,0.4593520782396088,0.5622004209984169,0.5,1.1244008419968339,2588,0.48765781043904277,1.0,1
"iteration_2","SCOPE_DATA_COLLECTION",1700,49,3010.0,3070.0,1,9825,7515,2314,9761,7456,2286,5604,4147,1259,4239,3425,1065,0.43066138372447427,0.452324352879028,0.4582616179001721,0.49704200750155225,0.9306011736234643,1.4224303394219702,0.9940840150031045,0.9306011736234643,0.9482868929479801,0.4544967880085653,0.4945743911261153,0.4996028594122319,100.0,100.0,5385,12857,1412,104,8625,0,0.019312906220984215,0.6708407871198568,0.0,0.9,0.4,0.30000000000000004,0.2,90.0,60.0,65.0,0.9,0.4,0.30000000000000004,0.2,90.0,60.0,65.0,7535,3942,3593,7535,0.4768414067684141,1.0021011339730652,1.0,1.0021011339730652,2159,0.5476915271435819,1.0,1
"iteration_2","SCOPE_DATA_COLLECTION",1700,49,3010.0,3070.0,2,9825,7515,2314,9761,7456,2286,5604,4147,1259,4239,3425,1065,0.43066138372447427,0.452324352879028,0.4582616179001721,0.49704200750155225,0.9306011736234643,1.4224303394219702,0.9940840150031045,0.9306011736234643,0.9482868929479801,0.4544967880085653,0.4945743911261153,0.4996028594122319,100.0,100.0,5385,12857,1412,104,8625,0,0.019312906220984215,0.6708407871198568,0.0,0.9,0.4,0.30000000000000004,0.2,90.0,60.0,65.0,0.9,0.4,0.30000000000000004,0.2,90.0,60.0,65.0,2377,1183,1194,2377,0.5023138409760202,1.4948028986352375,1.5,0.996535265756825,647,0.5469146238377007,1.0,1
"iteration_2","SCOPE_DATA_COLLECTION",1700,50,3070.0,3130.0,0,9816,7535,2377,9825,7515,2314,5254,3913,1178,4505,3587,1191,0.46162516651296237,0.4782666666666667,0.5027437737441959,0.5637483567965649,1.0047398641262564,1.506495178825588,1.1274967135931298,1.0047398641262564,1.0043301192170586,0.4906737723639132,0.5494505494505495,0.5517826825127334,100.0,100.0,5376,12980,1372,103,9180,0,0.019159226190476192,0.7072419106317411,0.0,0.9,0.4,0.30000000000000004,0.2,90.0,60.0,65.0,0.8,0.30000000000000004,0.4,0.30000000000000004,90.0,70.0,55.0,9915,8359,1556,9915,0.15693393847705497,0.36276319525729994,0.5,0.7255263905145999,2475,0.2960880488096662,1.0,1
"iteration_2","SCOPE_DATA_COLLECTION",1700,50,3070.0,3130.0,1,9816,7535,2377,9825,7515,2314,5254,3913,1178,4505,3587,1191,0.46162516651296237,0.4782666666666667,0.5027437737441959,0.5637483567965649,1.0047398641262564,1.506495178825588,1.1274967135931298,1.0047398641262564,1.0043301192170586,0.4906737723639132,0.5494505494505495,0.5517826825127334,100.0,100.0,5376,12980,1372,103,9180,0,0.019159226190476192,0.7072419106317411,0.0,0.9,0.4,0.30000000000000004,0.2,90.0,60.0,65.0,0.8,0.30000000000000004,0.4,0.30000000000000004,90.0,70.0,55.0,7446,6275,1171,7446,0.15726564598442117,0.7213426895160483,1.0,0.7213426895160483,2113,0.3367330677290837,1.0,1
"iteration_2","SCOPE_DATA_COLLECTION",1700,50,3070.0,3130.0,2,9816,7535,2377,9825,7515,2314,5254,3913,1178,4505,3587,1191,0.46162516651296237,0.4782666666666667,0.5027437737441959,0.5637483567965649,1.0047398641262564,1.506495178825588,1.1274967135931298,1.0047398641262564,1.0043301192170586,0.4906737723639132,0.5494505494505495,0.5517826825127334,100.0,100.0,5376,12980,1372,103,9180,0,0.019159226190476192,0.7072419106317411,0.0,0.9,0.4,0.30000000000000004,0.2,90.0,60.0,65.0,0.8,0.30000000000000004,0.4,0.30000000000000004,90.0,70.0,55.0,2304,1892,412,2304,0.17881944444444445,1.0688292210528905,1.5,0.7125528140352603,611,0.322938689217759,1.0,1
"iteration_2","SCOPE_DATA_COLLECTION",1700,51,3130.0,3190.0,0,9915,7446,2304,9816,7535,2377,8396,6281,1897,1560,1177,415,0.1566894335074327,0.15781710914454278,0.17949826989619377,0.36610821665413806,0.7215607849515153,1.0679600286611364,0.7322164333082761,0.7215607849515153,0.7119733524407575,0.2977608384945212,0.33704824072599904,0.3220875065893516,100.0,100.0,5490,11346,2829,172,2980,0,0.03132969034608379,0.26264762912039485,0.0,0.8,0.30000000000000004,0.4,0.30000000000000004,90.0,70.0,55.0,0.45,0.30000000000000004,0.5,0.9,40.0,20.0,85.0,9923,6032,3891,9923,0.392119318754409,0.3926447560423568,0.5,0.7852895120847136,2315,0.3837864721485411,1.0,1
"iteration_2","SCOPE_DATA_COLLECTION",1700,51,3130.0,3190.0,1,9915,7446,2304,9816,7535,2377,8396,6281,1897,1560,1177,415,0.1566894335074327,0.15781710914454278,0.17949826989619377,0.36610821665413806,0.7215607849515153,1.0679600286611364,0.7322164333082761,0.7215607849515153,0.7119733524407575,0.2977608384945212,0.33704824072599904,0.3220875065893516,100.0,100.0,5490,11346,2829,172,2980,0,0.03132969034608379,0.26264762912039485,0.0,0.8,0.30000000000000004,0.4,0.30000000000000004,90.0,70.0,55.0,0.45,0.30000000000000004,0.5,0.9,40.0,20.0,85.0,7387,4481,2906,7387,0.3933937999187762,0.8623870667647666,1.0,0.8623870667647666,2064,0.4606114706538719,1.0,1
"iteration_2","SCOPE_DATA_COLLECTION",1700,51,3130.0,3190.0,2,9915,7446,2304,9816,7535,2377,8396,6281,1897,1560,1177,415,0.1566894335074327,0.15781710914454278,0.17949826989619377,0.36610821665413806,0.7215607849515153,1.0679600286611364,0.7322164333082761,0.7215607849515153,0.7119733524407575,0.2977608384945212,0.33704824072599904,0.3220875065893516,100.0,100.0,5490,11346,2829,172,2980,0,0.03132969034608379,0.26264762912039485,0.0,0.8,0.30000000000000004,0.4,0.30000000000000004,90.0,70.0,55.0,0.45,0.30000000000000004,0.5,0.9,40.0,20.0,85.0,2349,1374,975,2349,0.41507024265644954,1.2275697596016628,1.5,0.8183798397344418,592,0.43085880640465796,1.0,1
"iteration_2","SCOPE_DATA_COLLECTION",1700,52,3190.0,3250.0,0,9923,7387,2349,9915,7446,2304,6053,4514,1379,3891,2906,975,0.39129123089300083,0.391644204851752,0.41418861512319455,0.39091085061836656,0.8607863383195166,1.2211278890442312,0.7818217012367331,0.8607863383195166,0.8140852593628208,0.3819593589955394,0.45901639344262296,0.4278462654097172,97.5,100.0,5661,6396,7602,211,6,7555,0.03727256668433139,9.380863039399625E-4,0.9938174164693502,0.45,0.30000000000000004,0.5,0.9,40.0,20.0,85.0,0.9,0.9,0.4,0.30000000000000004,50.0,45.0,90.0,9850,6198,3652,9850,0.37076142131979695,0.5344207175772506,0.5,1.0688414351545013,2882,0.46498870603420456,1.0,1
"iteration_2","SCOPE_DATA_COLLECTION",1700,52,3190.0,3250.0,1,9923,7387,2349,9915,7446,2304,6053,4514,1379,3891,2906,975,0.39129123089300083,0.391644204851752,0.41418861512319455,0.39091085061836656,0.8607863383195166,1.2211278890442312,0.7818217012367331,0.8607863383195166,0.8140852593628208,0.3819593589955394,0.45901639344262296,0.4278462654097172,97.5,100.0,5661,6396,7602,211,6,7555,0.03727256668433139,9.380863039399625E-4,0.9938174164693502,0.45,0.30000000000000004,0.5,0.9,40.0,20.0,85.0,0.9,0.9,0.4,0.30000000000000004,50.0,45.0,90.0,7384,4524,2860,7384,0.3873239436619718,0.9257624497469841,1.0,0.9257624497469841,2075,0.45866489832007074,1.0,1
"iteration_2","SCOPE_DATA_COLLECTION",1700,52,3190.0,3250.0,2,9923,7387,2349,9915,7446,2304,6053,4514,1379,3891,2906,975,0.39129123089300083,0.391644204851752,0.41418861512319455,0.39091085061836656,0.8607863383195166,1.2211278890442312,0.7818217012367331,0.8607863383195166,0.8140852593628208,0.3819593589955394,0.45901639344262296,0.4278462654097172,97.5,100.0,5661,6396,7602,211,6,7555,0.03727256668433139,9.380863039399625E-4,0.9938174164693502,0.45,0.30000000000000004,0.5,0.9,40.0,20.0,85.0,0.9,0.9,0.4,0.30000000000000004,50.0,45.0,90.0,2383,1363,1020,2383,0.4280318925723878,1.3672167230242882,1.5,0.9114778153495254,632,0.46368305209097577,1.0,1
"iteration_2","SCOPE_DATA_COLLECTION",1700,53,3250.0,3310.0,0,9850,7384,2383,9923,7387,2349,6195,4513,1372,3652,2860,1020,0.3708743779831421,0.387901803879018,0.42642140468227424,0.5342323267745386,0.9250098302371171,1.367379301750923,1.0684646535490772,0.9250098302371171,0.9115862011672821,0.4652138821630347,0.45645911810325723,0.4642857142857143,100.0,100.0,5588,12591,1438,156,7365,11,0.02791696492483894,0.5849416249702168,0.0076495132127955496,0.9,0.9,0.4,0.30000000000000004,50.0,45.0,90.0,0.2,0.7000000000000001,0.2,0.2,85.0,20.0,45.0,9674,4098,5576,9674,0.5763903245813521,0.5271382192941875,0.5,1.054276438588375,2269,0.5536847242557345,1.0,1
"iteration_2","SCOPE_DATA_COLLECTION",1700,53,3250.0,3310.0,1,9850,7384,2383,9923,7387,2349,6195,4513,1372,3652,2860,1020,0.3708743779831421,0.387901803879018,0.42642140468227424,0.5342323267745386,0.9250098302371171,1.367379301750923,1.0684646535490772,0.9250098302371171,0.9115862011672821,0.4652138821630347,0.45645911810325723,0.4642857142857143,100.0,100.0,5588,12591,1438,156,7365,11,0.02791696492483894,0.5849416249702168,0.0076495132127955496,0.9,0.9,0.4,0.30000000000000004,50.0,45.0,90.0,0.2,0.7000000000000001,0.2,0.2,85.0,20.0,45.0,7383,3146,4237,7383,0.5738859542191521,1.0060950313058041,1.0,1.0060950313058041,1946,0.6185632549268912,1.0,1
"iteration_2","SCOPE_DATA_COLLECTION",1700,53,3250.0,3310.0,2,9850,7384,2383,9923,7387,2349,6195,4513,1372,3652,2860,1020,0.3708743779831421,0.387901803879018,0.42642140468227424,0.5342323267745386,0.9250098302371171,1.367379301750923,1.0684646535490772,0.9250098302371171,0.9115862011672821,0.4652138821630347,0.45645911810325723,0.4642857142857143,100.0,100.0,5588,12591,1438,156,7365,11,0.02791696492483894,0.5849416249702168,0.0076495132127955496,0.9,0.9,0.4,0.30000000000000004,50.0,45.0,90.0,0.2,0.7000000000000001,0.2,0.2,85.0,20.0,45.0,2343,933,1410,2343,0.6017925736235595,1.5992462020696494,1.5,1.0661641347130997,596,0.6387995712754555,1.0,1
"iteration_2","SCOPE_DATA_COLLECTION",1700,54,3310.0,3370.0,0,9674,7383,2343,9850,7384,2383,4119,3161,930,5576,4237,1410,0.5751418256833419,0.5727223573938902,0.6025641025641025,0.5286414960460283,1.0088216009699802,1.6116478743563343,1.0572829920920566,1.0088216009699802,1.0744319162375562,0.5535324107793154,0.6181588105030054,0.6430107526881721,100.0,100.0,5352,2865,11183,100,2,11121,0.01868460388639761,6.980802792321117E-4,0.9944558705177502,0.2,0.7000000000000001,0.2,0.2,85.0,20.0,45.0,0.2,0.7000000000000001,0.2,0.2,85.0,20.0,45.0,9740,4096,5644,9740,0.5794661190965092,0.5081282011474564,0.5,1.0162564022949128,2205,0.538330078125,1.0,1
"iteration_2","SCOPE_DATA_COLLECTION",1700,54,3310.0,3370.0,1,9674,7383,2343,9850,7384,2383,4119,3161,930,5576,4237,1410,0.5751418256833419,0.5727223573938902,0.6025641025641025,0.5286414960460283,1.0088216009699802,1.6116478743563343,1.0572829920920566,1.0088216009699802,1.0744319162375562,0.5535324107793154,0.6181588105030054,0.6430107526881721,100.0,100.0,5352,2865,11183,100,2,11121,0.01868460388639761,6.980802792321117E-4,0.9944558705177502,0.2,0.7000000000000001,0.2,0.2,85.0,20.0,45.0,0.2,0.7000000000000001,0.2,0.2,85.0,20.0,45.0,7588,3167,4421,7588,0.5826304691618345,0.9934800664844367,1.0,0.9934800664844367,2005,0.6330912535522577,1.0,1
"iteration_2","SCOPE_DATA_COLLECTION",1700,54,3310.0,3370.0,2,9674,7383,2343,9850,7384,2383,4119,3161,930,5576,4237,1410,0.5751418256833419,0.5727223573938902,0.6025641025641025,0.5286414960460283,1.0088216009699802,1.6116478743563343,1.0572829920920566,1.0088216009699802,1.0744319162375562,0.5535324107793154,0.6181588105030054,0.6430107526881721,100.0,100.0,5352,2865,11183,100,2,11121,0.01868460388639761,6.980802792321117E-4,0.9944558705177502,0.2,0.7000000000000001,0.2,0.2,85.0,20.0,45.0,0.2,0.7000000000000001,0.2,0.2,85.0,20.0,45.0,2319,907,1412,2319,0.6088831392841743,1.615589029218694,1.5,1.0770593528124628,589,0.649393605292172,1.0,1
"iteration_2","SCOPE_DATA_COLLECTION",1700,55,3370.0,3430.0,0,9740,7588,2319,9674,7383,2343,4088,3166,906,5644,4421,1412,0.5799424578709412,0.5827072624225649,0.6091458153580673,0.5075723180062734,0.9895309590770502,1.6001770935445407,1.015144636012547,0.9895309590770502,1.066784729029694,0.5376712328767124,0.6326595072646873,0.6423841059602649,97.5,100.0,5360,2892,11395,79,3,11395,0.014738805970149253,0.001037344398340249,1.0,0.2,0.7000000000000001,0.2,0.2,85.0,20.0,45.0,0.30000000000000004,0.7000000000000001,0.30000000000000004,0.1,75.0,20.0,55.0,9768,4823,4945,9768,0.5062448812448812,0.4848918490716647,0.5,0.9697836981433294,2339,0.4849678623263529,1.0,1
"iteration_2","SCOPE_DATA_COLLECTION",1700,55,3370.0,3430.0,1,9740,7588,2319,9674,7383,2343,4088,3166,906,5644,4421,1412,0.5799424578709412,0.5827072624225649,0.6091458153580673,0.5075723180062734,0.9895309590770502,1.6001770935445407,1.015144636012547,0.9895309590770502,1.066784729029694,0.5376712328767124,0.6326595072646873,0.6423841059602649,97.5,100.0,5360,2892,11395,79,3,11395,0.014738805970149253,0.001037344398340249,1.0,0.2,0.7000000000000001,0.2,0.2,85.0,20.0,45.0,0.30000000000000004,0.7000000000000001,0.30000000000000004,0.1,75.0,20.0,55.0,7445,3634,3811,7445,0.5118871725990598,0.955974459907224,1.0,0.955974459907224,1993,0.5484314804623005,1.0,1
"iteration_2","SCOPE_DATA_COLLECTION",1700,55,3370.0,3430.0,2,9740,7588,2319,9674,7383,2343,4088,3166,906,5644,4421,1412,0.5799424578709412,0.5827072624225649,0.6091458153580673,0.5075723180062734,0.9895309590770502,1.6001770935445407,1.015144636012547,0.9895309590770502,1.066784729029694,0.5376712328767124,0.6326595072646873,0.6423841059602649,97.5,100.0,5360,2892,11395,79,3,11395,0.014738805970149253,0.001037344398340249,1.0,0.2,0.7000000000000001,0.2,0.2,85.0,20.0,45.0,0.30000000000000004,0.7000000000000001,0.30000000000000004,0.1,75.0,20.0,55.0,2336,1135,1201,2336,0.5141267123287672,1.3824594393617227,1.5,0.9216396262411485,619,0.5453744493392071,1.0,1
"iteration_2","SCOPE_DATA_COLLECTION",1700,56,3430.0,3490.0,0,9768,7445,2336,9740,7588,2319,4818,3630,1136,4945,3811,1201,0.5065041483150671,0.5121623437709986,0.5139067180145486,0.4844830052583276,0.9559765702069477,1.3869987645072743,0.9689660105166552,0.9559765702069477,0.9246658430048496,0.48443337484433374,0.5498622589531681,0.5466549295774648,100.0,100.0,5400,4287,9862,91,4,9862,0.01685185185185185,9.330534173081409E-4,1.0,0.30000000000000004,0.7000000000000001,0.30000000000000004,0.1,75.0,20.0,55.0,0.30000000000000004,0.8,0.2,0.2,65.0,20.0,55.0,9824,4723,5101,9824,0.5192385993485342,0.46571421350846925,0.5,0.9314284270169385,2187,0.4630531441880161,1.0,1
"iteration_2","SCOPE_DATA_COLLECTION",1700,56,3430.0,3490.0,1,9768,7445,2336,9740,7588,2319,4818,3630,1136,4945,3811,1201,0.5065041483150671,0.5121623437709986,0.5139067180145486,0.4844830052583276,0.9559765702069477,1.3869987645072743,0.9689660105166552,0.9559765702069477,0.9246658430048496,0.48443337484433374,0.5498622589531681,0.5466549295774648,100.0,100.0,5400,4287,9862,91,4,9862,0.01685185185185185,9.330534173081409E-4,1.0,0.30000000000000004,0.7000000000000001,0.30000000000000004,0.1,75.0,20.0,55.0,0.30000000000000004,0.8,0.2,0.2,65.0,20.0,55.0,7344,3589,3755,7344,0.51130174291939,0.8958752123788157,1.0,0.8958752123788157,1896,0.5282808581777654,1.0,1
"iteration_2","SCOPE_DATA_COLLECTION",1700,56,3430.0,3490.0,2,9768,7445,2336,9740,7588,2319,4818,3630,1136,4945,3811,1201,0.5065041483150671,0.5121623437709986,0.5139067180145486,0.4844830052583276,0.9559765702069477,1.3869987645072743,0.9689660105166552,0.9559765702069477,0.9246658430048496,0.48443337484433374,0.5498622589531681,0.5466549295774648,100.0,100.0,5400,4287,9862,91,4,9862,0.01685185185185185,9.330534173081409E-4,1.0,0.30000000000000004,0.7000000000000001,0.30000000000000004,0.1,75.0,20.0,55.0,0.30000000000000004,0.8,0.2,0.2,65.0,20.0,55.0,2362,1127,1235,2362,0.5228619813717189,1.4244952136759894,1.5,0.9496634757839929,629,0.5581188997338066,1.0,1
"iteration_2","SCOPE_DATA_COLLECTION",1700,57,3490.0,3550.0,0,9824,7344,2362,9768,7445,2336,4701,3587,1123,5101,3755,1234,0.5204039991838401,0.5114410242440752,0.5235468816291896,0.4633446588625537,0.8960183528810117,1.4220707576967564,0.9266893177251074,0.8960183528810117,0.9480471717978376,0.4620293554562859,0.5269027042096459,0.5583259127337489,100.0,100.0,5285,4240,10005,76,9,10005,0.014380321665089877,0.0021226415094339622,1.0,0.30000000000000004,0.8,0.2,0.2,65.0,20.0,55.0,0.30000000000000004,0.8,0.2,0.2,65.0,20.0,55.0,9856,4759,5097,9856,0.5171469155844156,0.4691039500814595,0.5,0.938207900162919,2256,0.4740491699936962,1.0,1
"iteration_2","SCOPE_DATA_COLLECTION",1700,57,3490.0,3550.0,1,9824,7344,2362,9768,7445,2336,4701,3587,1123,5101,3755,1234,0.5204039991838401,0.5114410242440752,0.5235468816291896,0.4633446588625537,0.8960183528810117,1.4220707576967564,0.9266893177251074,0.8960183528810117,0.9480471717978376,0.4620293554562859,0.5269027042096459,0.5583259127337489,100.0,100.0,5285,4240,10005,76,9,10005,0.014380321665089877,0.0021226415094339622,1.0,0.30000000000000004,0.8,0.2,0.2,65.0,20.0,55.0,0.30000000000000004,0.8,0.2,0.2,65.0,20.0,55.0,7489,3656,3833,7489,0.511817332087061,0.9014166789611885,1.0,0.9014166789611885,1964,0.537199124726477,1.0,1
"iteration_2","SCOPE_DATA_COLLECTION",1700,57,3490.0,3550.0,2,9824,7344,2362,9768,7445,2336,4701,3587,1123,5101,3755,1234,0.5204039991838401,0.5114410242440752,0.5235468816291896,0.4633446588625537,0.8960183528810117,1.4220707576967564,0.9266893177251074,0.8960183528810117,0.9480471717978376,0.4620293554562859,0.5269027042096459,0.5583259127337489,100.0,100.0,5285,4240,10005,76,9,10005,0.014380321665089877,0.0021226415094339622,1.0,0.30000000000000004,0.8,0.2,0.2,65.0,20.0,55.0,0.30000000000000004,0.8,0.2,0.2,65.0,20.0,55.0,2389,1174,1215,2389,0.5085809962327333,1.372153946330076,1.5,0.914769297553384,615,0.5238500851788757,1.0,1
"iteration_2","SCOPE_DATA_COLLECTION",1700,58,3550.0,3619.8518434235575,0,9856,7489,2389,9824,7344,2362,4775,3659,1178,5097,3833,1216,0.516308752025932,0.5116123865456487,0.5079365079365079,0.4714113630104963,0.9045823904156964,1.3759790809883998,0.9428227260209926,0.9045823904156964,0.9173193873255999,0.4745549738219895,0.5394916643891774,0.5246179966044142,100.0,100.0,5373,4332,10029,112,5,10029,0.02084496556858366,0.0011542012927054479,1.0,0.30000000000000004,0.8,0.2,0.2,65.0,20.0,55.0,0.2,0.9,0.1,0.1,55.0,30.0,45.0,8023,3223,4753,7976,0.595912738214644,0.5144130657763684,0.5,1.0288261315527367,1747,0.542041576171269,0.9941418422036644,0
"iteration_2","SCOPE_DATA_COLLECTION",1700,58,3550.0,3619.8518434235575,1,9856,7489,2389,9824,7344,2362,4775,3659,1178,5097,3833,1216,0.516308752025932,0.5116123865456487,0.5079365079365079,0.4714113630104963,0.9045823904156964,1.3759790809883998,0.9428227260209926,0.9045823904156964,0.9173193873255999,0.4745549738219895,0.5394916643891774,0.5246179966044142,100.0,100.0,5373,4332,10029,112,5,10029,0.02084496556858366,0.0011542012927054479,1.0,0.30000000000000004,0.8,0.2,0.2,65.0,20.0,55.0,0.2,0.9,0.1,0.1,55.0,30.0,45.0,6229,2505,3671,6176,0.5943976683937824,0.9120392058685799,1.0,0.9120392058685799,1472,0.587624750499002,0.9914914111414352,0
"iteration_2","SCOPE_DATA_COLLECTION",1700,58,3550.0,3619.8518434235575,2,9856,7489,2389,9824,7344,2362,4775,3659,1178,5097,3833,1216,0.516308752025932,0.5116123865456487,0.5079365079365079,0.4714113630104963,0.9045823904156964,1.3759790809883998,0.9428227260209926,0.9045823904156964,0.9173193873255999,0.4745549738219895,0.5394916643891774,0.5246179966044142,100.0,100.0,5373,4332,10029,112,5,10029,0.02084496556858366,0.0011542012927054479,1.0,0.30000000000000004,0.8,0.2,0.2,65.0,20.0,55.0,0.2,0.9,0.1,0.1,55.0,30.0,45.0,1942,778,1150,1928,0.5964730290456431,1.62225603312865,1.5,1.0815040220857666,523,0.6722365038560412,0.9927909371781668,0
"iteration_2","SCOPE_DATA_COLLECTION",1800,0,70.0,130.0,0,9321,7419,2204,0,0,0,7568,5897,1684,1700,1452,491,0.183426845058265,0.19757790175534087,0.2257471264367816,0.36932995480610037,0.6928799628025648,1.060056818116601,0.7386599096122007,0.6928799628025648,0.7067045454110673,0.3060253699788584,0.3216889944039342,0.331353919239905,100.0,100.0,5511,8055,5378,209,8,3426,0.03792415169660679,9.931719428926133E-4,0.6370397917441428,0.6,0.5,0.7,0.4,85.0,80.0,90.0,0.6,0.5,0.7,0.4,85.0,80.0,90.0,10273,7888,2385,10273,0.23216197800058405,0.38020063462040826,0.5,0.7604012692408165,2478,0.31414807302231235,1.0,1
"iteration_2","SCOPE_DATA_COLLECTION",1800,0,70.0,130.0,1,9321,7419,2204,0,0,0,7568,5897,1684,1700,1452,491,0.183426845058265,0.19757790175534087,0.2257471264367816,0.36932995480610037,0.6928799628025648,1.060056818116601,0.7386599096122007,0.6928799628025648,0.7067045454110673,0.3060253699788584,0.3216889944039342,0.331353919239905,100.0,100.0,5511,8055,5378,209,8,3426,0.03792415169660679,9.931719428926133E-4,0.6370397917441428,0.6,0.5,0.7,0.4,85.0,80.0,90.0,0.6,0.5,0.7,0.4,85.0,80.0,90.0,8151,6178,1973,8151,0.2420561894246105,0.7474878552349599,1.0,0.7474878552349599,2144,0.34703787633538363,1.0,1
"iteration_2","SCOPE_DATA_COLLECTION",1800,0,70.0,130.0,2,9321,7419,2204,0,0,0,7568,5897,1684,1700,1452,491,0.183426845058265,0.19757790175534087,0.2257471264367816,0.36932995480610037,0.6928799628025648,1.060056818116601,0.7386599096122007,0.6928799628025648,0.7067045454110673,0.3060253699788584,0.3216889944039342,0.331353919239905,100.0,100.0,5511,8055,5378,209,8,3426,0.03792415169660679,9.931719428926133E-4,0.6370397917441428,0.6,0.5,0.7,0.4,85.0,80.0,90.0,0.6,0.5,0.7,0.4,85.0,80.0,90.0,2481,1860,621,2481,0.2503022974607013,1.0229882125085894,1.5,0.681992141672393,577,0.3102150537634409,1.0,1
"iteration_2","SCOPE_DATA_COLLECTION",1800,1,130.0,190.0,0,10273,8151,2481,9321,7419,2204,7900,6173,1855,2385,1973,621,0.23189110354885756,0.2422047630739013,0.2508077544426494,0.38115213414286664,0.7447988058637337,1.0184929113535839,0.7623042682857333,0.7447988058637337,0.6789952742357226,0.3159493670886076,0.34602300340191156,0.3078167115902965,100.0,100.0,5765,9012,6128,278,161,4540,0.048222029488291414,0.017865068797159343,0.7408616187989556,0.6,0.5,0.7,0.4,85.0,80.0,90.0,0.6,0.5,0.7,0.4,85.0,80.0,90.0,10266,7646,2620,10266,0.25521137736216637,0.3830016887460468,0.5,0.7660033774920936,2575,0.3367773999476851,1.0,1
"iteration_2","SCOPE_DATA_COLLECTION",1800,1,130.0,190.0,1,10273,8151,2481,9321,7419,2204,7900,6173,1855,2385,1973,621,0.23189110354885756,0.2422047630739013,0.2508077544426494,0.38115213414286664,0.7447988058637337,1.0184929113535839,0.7623042682857333,0.7447988058637337,0.6789952742357226,0.3159493670886076,0.34602300340191156,0.3078167115902965,100.0,100.0,5765,9012,6128,278,161,4540,0.048222029488291414,0.017865068797159343,0.7408616187989556,0.6,0.5,0.7,0.4,85.0,80.0,90.0,0.6,0.5,0.7,0.4,85.0,80.0,90.0,8241,6061,2180,8241,0.2645310035189904,0.7450135890075167,1.0,0.7450135890075167,2140,0.35307704999175055,1.0,1
"iteration_2","SCOPE_DATA_COLLECTION",1800,1,130.0,190.0,2,10273,8151,2481,9321,7419,2204,7900,6173,1855,2385,1973,621,0.23189110354885756,0.2422047630739013,0.2508077544426494,0.38115213414286664,0.7447988058637337,1.0184929113535839,0.7623042682857333,0.7447988058637337,0.6789952742357226,0.3159493670886076,0.34602300340191156,0.3078167115902965,100.0,100.0,5765,9012,6128,278,161,4540,0.048222029488291414,0.017865068797159343,0.7408616187989556,0.6,0.5,0.7,0.4,85.0,80.0,90.0,0.6,0.5,0.7,0.4,85.0,80.0,90.0,2355,1758,597,2355,0.2535031847133758,1.0444807361057202,1.5,0.6963204907371469,571,0.32480091012514223,1.0,1
"iteration_2","SCOPE_DATA_COLLECTION",1800,2,190.0,250.0,0,10266,8241,2355,10273,8151,2481,7624,6064,1751,2620,2180,597,0.2557594689574385,0.26443474041727316,0.2542589437819421,0.3818435833932255,0.7480710709346315,1.0465330862415116,0.763687166786451,0.7480710709346315,0.6976887241610078,0.3357817418677859,0.3545514511873351,0.32552826956025127,100.0,100.0,5804,8970,6088,254,169,4974,0.04376292212267402,0.01884057971014493,0.8170170827858082,0.6,0.5,0.7,0.4,85.0,80.0,90.0,0.6000000000000001,0.6000000000000001,0.8,0.30000000000000004,85.0,70.0,80.0,10335,7448,2887,10335,0.2793420416061925,0.4031613126823238,0.5,0.8063226253646476,2654,0.3563372717508056,1.0,1
"iteration_2","SCOPE_DATA_COLLECTION",1800,2,190.0,250.0,1,10266,8241,2355,10273,8151,2481,7624,6064,1751,2620,2180,597,0.2557594689574385,0.26443474041727316,0.2542589437819421,0.3818435833932255,0.7480710709346315,1.0465330862415116,0.763687166786451,0.7480710709346315,0.6976887241610078,0.3357817418677859,0.3545514511873351,0.32552826956025127,100.0,100.0,5804,8970,6088,254,169,4974,0.04376292212267402,0.01884057971014493,0.8170170827858082,0.6,0.5,0.7,0.4,85.0,80.0,90.0,0.6000000000000001,0.6000000000000001,0.8,0.30000000000000004,85.0,70.0,80.0,8110,5685,2425,8110,0.29901356350184954,0.7708217278022378,1.0,0.7708217278022378,2083,0.3664028144239226,1.0,1
"iteration_2","SCOPE_DATA_COLLECTION",1800,2,190.0,250.0,2,10266,8241,2355,10273,8151,2481,7624,6064,1751,2620,2180,597,0.2557594689574385,0.26443474041727316,0.2542589437819421,0.3818435833932255,0.7480710709346315,1.0465330862415116,0.763687166786451,0.7480710709346315,0.6976887241610078,0.3357817418677859,0.3545514511873351,0.32552826956025127,100.0,100.0,5804,8970,6088,254,169,4974,0.04376292212267402,0.01884057971014493,0.8170170827858082,0.6,0.5,0.7,0.4,85.0,80.0,90.0,0.6000000000000001,0.6000000000000001,0.8,0.30000000000000004,85.0,70.0,80.0,2481,1733,748,2481,0.3014913341394599,1.055367923898684,1.5,0.703578615932456,578,0.3335256780150029,1.0,1
"iteration_2","SCOPE_DATA_COLLECTION",1800,3,250.0,310.0,0,10335,8110,2481,10266,8241,2355,7435,5683,1739,2887,2425,748,0.2796938577795001,0.2990873211642822,0.3007639726578207,0.4035782615892426,0.7735775746804254,1.06017730420719,0.8071565231784852,0.7735775746804254,0.70678486947146,0.35709482178883656,0.36811543199014607,0.3358251868890167,100.0,100.0,5798,9084,6044,243,10,5807,0.041911003794411865,0.001100836635843241,0.9607875579086698,0.6000000000000001,0.6000000000000001,0.8,0.30000000000000004,85.0,70.0,80.0,0.6000000000000001,0.6000000000000001,0.8,0.30000000000000004,85.0,70.0,80.0,10439,7394,3045,10439,0.29169460676309994,0.40546532761345244,0.5,0.8109306552269049,2509,0.3393291858263457,1.0,1
"iteration_2","SCOPE_DATA_COLLECTION",1800,3,250.0,310.0,1,10335,8110,2481,10266,8241,2355,7435,5683,1739,2887,2425,748,0.2796938577795001,0.2990873211642822,0.3007639726578207,0.4035782615892426,0.7735775746804254,1.06017730420719,0.8071565231784852,0.7735775746804254,0.70678486947146,0.35709482178883656,0.36811543199014607,0.3358251868890167,100.0,100.0,5798,9084,6044,243,10,5807,0.041911003794411865,0.001100836635843241,0.9607875579086698,0.6000000000000001,0.6000000000000001,0.8,0.30000000000000004,85.0,70.0,80.0,0.6000000000000001,0.6000000000000001,0.8,0.30000000000000004,85.0,70.0,80.0,8169,5696,2473,8169,0.3027298322928143,0.7723788394010299,1.0,0.7723788394010299,2105,0.3695575842696629,1.0,1
"iteration_2","SCOPE_DATA_COLLECTION",1800,3,250.0,310.0,2,10335,8110,2481,10266,8241,2355,7435,5683,1739,2887,2425,748,0.2796938577795001,0.2990873211642822,0.3007639726578207,0.4035782615892426,0.7735775746804254,1.06017730420719,0.8071565231784852,0.7735775746804254,0.70678486947146,0.35709482178883656,0.36811543199014607,0.3358251868890167,100.0,100.0,5798,9084,6044,243,10,5807,0.041911003794411865,0.001100836635843241,0.9607875579086698,0.6000000000000001,0.6000000000000001,0.8,0.30000000000000004,85.0,70.0,80.0,0.6000000000000001,0.6000000000000001,0.8,0.30000000000000004,85.0,70.0,80.0,2449,1687,762,2449,0.31114740710494077,1.0976901218981643,1.5,0.7317934145987762,600,0.35566093657379966,1.0,1
"iteration_2","SCOPE_DATA_COLLECTION",1800,4,310.0,370.0,0,10439,8169,2449,10335,8110,2481,7429,5698,1694,3045,2473,762,0.29071987779262937,0.3026557336923265,0.31026058631921827,0.4060213808770703,0.7702335150764175,1.0933937656878294,0.8120427617541406,0.7702335150764175,0.7289291771252197,0.3397496298290483,0.36767286767286766,0.35360094451003543,100.0,100.0,5664,9177,6216,191,6,6083,0.03372175141242938,6.538084341288003E-4,0.9786036036036037,0.6000000000000001,0.6000000000000001,0.8,0.30000000000000004,85.0,70.0,80.0,0.9500000000000001,0.7000000000000001,0.4,0.1,60.0,45.0,30.0,10376,3291,7085,10376,0.6828257517347726,0.6606115796141069,0.5,1.3212231592282138,2403,0.7301731996353692,1.0,1
"iteration_2","SCOPE_DATA_COLLECTION",1800,4,310.0,370.0,1,10439,8169,2449,10335,8110,2481,7429,5698,1694,3045,2473,762,0.29071987779262937,0.3026557336923265,0.31026058631921827,0.4060213808770703,0.7702335150764175,1.0933937656878294,0.8120427617541406,0.7702335150764175,0.7289291771252197,0.3397496298290483,0.36767286767286766,0.35360094451003543,100.0,100.0,5664,9177,6216,191,6,6083,0.03372175141242938,6.538084341288003E-4,0.9786036036036037,0.6000000000000001,0.6000000000000001,0.8,0.30000000000000004,85.0,70.0,80.0,0.9500000000000001,0.7000000000000001,0.4,0.1,60.0,45.0,30.0,8032,2479,5553,8032,0.6913595617529881,1.3300781450988362,1.0,1.3300781450988362,2008,0.8100040338846309,1.0,1
"iteration_2","SCOPE_DATA_COLLECTION",1800,4,310.0,370.0,2,10439,8169,2449,10335,8110,2481,7429,5698,1694,3045,2473,762,0.29071987779262937,0.3026557336923265,0.31026058631921827,0.4060213808770703,0.7702335150764175,1.0933937656878294,0.8120427617541406,0.7702335150764175,0.7289291771252197,0.3397496298290483,0.36767286767286766,0.35360094451003543,100.0,100.0,5664,9177,6216,191,6,6083,0.03372175141242938,6.538084341288003E-4,0.9786036036036037,0.6000000000000001,0.6000000000000001,0.8,0.30000000000000004,85.0,70.0,80.0,0.9500000000000001,0.7000000000000001,0.4,0.1,60.0,45.0,30.0,2453,760,1693,2453,0.6901752955564615,1.9383974601665015,1.5,1.2922649734443343,626,0.8236842105263158,1.0,1
"iteration_2","SCOPE_DATA_COLLECTION",1800,5,370.0,430.0,0,10376,8032,2453,10439,8169,2449,3301,2506,765,7076,5541,1693,0.6818926472005397,0.6885795948800796,0.6887713588283157,0.6588904971405298,1.3249825990003237,1.939672883437313,1.3177809942810597,1.3249825990003237,1.2931152556248753,0.7270524083611027,0.8056664006384677,0.8209150326797385,100.0,100.0,5400,14700,761,104,14200,6,0.01925925925925926,0.9659863945578231,0.00788436268068331,0.9500000000000001,0.7000000000000001,0.4,0.1,60.0,45.0,30.0,0.1,0.4,0.2,0.6000000000000001,75.0,80.0,40.0,10397,3477,6920,10397,0.6655766086371069,0.5924765735269087,0.5,1.1849531470538175,2255,0.6485475985044579,1.0,1
"iteration_2","SCOPE_DATA_COLLECTION",1800,5,370.0,430.0,1,10376,8032,2453,10439,8169,2449,3301,2506,765,7076,5541,1693,0.6818926472005397,0.6885795948800796,0.6887713588283157,0.6588904971405298,1.3249825990003237,1.939672883437313,1.3177809942810597,1.3249825990003237,1.2931152556248753,0.7270524083611027,0.8056664006384677,0.8209150326797385,100.0,100.0,5400,14700,761,104,14200,6,0.01925925925925926,0.9659863945578231,0.00788436268068331,0.9500000000000001,0.7000000000000001,0.4,0.1,60.0,45.0,30.0,0.1,0.4,0.2,0.6000000000000001,75.0,80.0,40.0,8051,2657,5394,8051,0.6699788846106074,1.1810622403314657,1.0,1.1810622403314657,1983,0.7463304478735416,1.0,1
"iteration_2","SCOPE_DATA_COLLECTION",1800,5,370.0,430.0,2,10376,8032,2453,10439,8169,2449,3301,2506,765,7076,5541,1693,0.6818926472005397,0.6885795948800796,0.6887713588283157,0.6588904971405298,1.3249825990003237,1.939672883437313,1.3177809942810597,1.3249825990003237,1.2931152556248753,0.7270524083611027,0.8056664006384677,0.8209150326797385,100.0,100.0,5400,14700,761,104,14200,6,0.01925925925925926,0.9659863945578231,0.00788436268068331,0.9500000000000001,0.7000000000000001,0.4,0.1,60.0,45.0,30.0,0.1,0.4,0.2,0.6000000000000001,75.0,80.0,40.0,2537,841,1696,2537,0.668506109578242,1.8446172078598286,1.5,1.2297448052398858,623,0.7407847800237812,1.0,1
"iteration_2","SCOPE_DATA_COLLECTION",1800,6,430.0,490.0,0,10397,8051,2537,10376,8032,2453,3477,2651,832,6929,5406,1696,0.665865846626946,0.670969343428075,0.6708860759493671,0.5951902004954225,1.1841834073812816,1.839400291649203,1.190380400990845,1.1841834073812816,1.2262668610994687,0.6502732240437158,0.7472651829498302,0.7415865384615384,100.0,100.0,5506,1555,13924,161,35,13835,0.029240828187431893,0.022508038585209004,0.9936081585751221,0.1,0.4,0.2,0.6000000000000001,75.0,80.0,40.0,0.25,0.7000000000000001,0.2,0.1,25.0,45.0,40.0,10359,4622,5737,10359,0.5538179360942176,0.49878852560135545,0.5,0.9975770512027109,2338,0.5058416270012981,1.0,1
"iteration_2","SCOPE_DATA_COLLECTION",1800,6,430.0,490.0,1,10397,8051,2537,10376,8032,2453,3477,2651,832,6929,5406,1696,0.665865846626946,0.670969343428075,0.6708860759493671,0.5951902004954225,1.1841834073812816,1.839400291649203,1.190380400990845,1.1841834073812816,1.2262668610994687,0.6502732240437158,0.7472651829498302,0.7415865384615384,100.0,100.0,5506,1555,13924,161,35,13835,0.029240828187431893,0.022508038585209004,0.9936081585751221,0.1,0.4,0.2,0.6000000000000001,75.0,80.0,40.0,0.25,0.7000000000000001,0.2,0.1,25.0,45.0,40.0,8187,3621,4566,8187,0.5577134481495053,0.9582829424130381,1.0,0.9582829424130381,2065,0.5702844518088925,1.0,1
"iteration_2","SCOPE_DATA_COLLECTION",1800,6,430.0,490.0,2,10397,8051,2537,10376,8032,2453,3477,2651,832,6929,5406,1696,0.665865846626946,0.670969343428075,0.6708860759493671,0.5951902004954225,1.1841834073812816,1.839400291649203,1.190380400990845,1.1841834073812816,1.2262668610994687,0.6502732240437158,0.7472651829498302,0.7415865384615384,100.0,100.0,5506,1555,13924,161,35,13835,0.029240828187431893,0.022508038585209004,0.9936081585751221,0.1,0.4,0.2,0.6000000000000001,75.0,80.0,40.0,0.25,0.7000000000000001,0.2,0.1,25.0,45.0,40.0,2410,1031,1379,2410,0.5721991701244813,1.4136201952503538,1.5,0.9424134635002358,575,0.5577109602327837,1.0,1
"iteration_2","SCOPE_DATA_COLLECTION",1800,7,490.0,550.0,0,10359,8187,2410,10397,8051,2537,4605,3626,1040,5737,4566,1379,0.5547282923999226,0.557373046875,0.5700702769739562,0.49680475854834505,0.9606548674067131,1.427560947498182,0.9936095170966901,0.9606548674067131,0.9517072983321214,0.5035830618892508,0.5711527854384997,0.5615384615384615,97.5,100.0,5478,3876,11602,77,3,11602,0.014056224899598393,7.739938080495357E-4,1.0,0.25,0.7000000000000001,0.2,0.1,25.0,45.0,40.0,0.75,0.8,0.9,0.4,45.0,40.0,35.0,10303,8386,1917,10303,0.18606231194797632,0.434728201598831,0.5,0.869456403197662,2807,0.3347245409015025,1.0,1
"iteration_2","SCOPE_DATA_COLLECTION",1800,7,490.0,550.0,1,10359,8187,2410,10397,8051,2537,4605,3626,1040,5737,4566,1379,0.5547282923999226,0.557373046875,0.5700702769739562,0.49680475854834505,0.9606548674067131,1.427560947498182,0.9936095170966901,0.9606548674067131,0.9517072983321214,0.5035830618892508,0.5711527854384997,0.5615384615384615,97.5,100.0,5478,3876,11602,77,3,11602,0.014056224899598393,7.739938080495357E-4,1.0,0.25,0.7000000000000001,0.2,0.1,25.0,45.0,40.0,0.75,0.8,0.9,0.4,45.0,40.0,35.0,8175,6483,1692,8175,0.20697247706422017,0.8084680836326468,1.0,0.8084680836326468,2274,0.35076353540027766,1.0,1
"iteration_2","SCOPE_DATA_COLLECTION",1800,7,490.0,550.0,2,10359,8187,2410,10397,8051,2537,4605,3626,1040,5737,4566,1379,0.5547282923999226,0.557373046875,0.5700702769739562,0.49680475854834505,0.9606548674067131,1.427560947498182,0.9936095170966901,0.9606548674067131,0.9517072983321214,0.5035830618892508,0.5711527854384997,0.5615384615384615,97.5,100.0,5478,3876,11602,77,3,11602,0.014056224899598393,7.739938080495357E-4,1.0,0.25,0.7000000000000001,0.2,0.1,25.0,45.0,40.0,0.75,0.8,0.9,0.4,45.0,40.0,35.0,2459,1907,552,2459,0.2244814965433103,1.1042642291176425,1.5,0.7361761527450951,592,0.3104352385946513,1.0,1
"iteration_2","SCOPE_DATA_COLLECTION",1800,8,550.0,610.0,0,10303,8175,2459,10359,8187,2410,8397,6442,1899,1898,1671,541,0.1843613404565323,0.20596573400714902,0.22172131147540983,0.4347127977540804,0.8015048822548884,1.0978458120265289,0.8694255955081608,0.8015048822548884,0.7318972080176859,0.33595331666071215,0.34880471903135674,0.30963665086887837,100.0,100.0,5894,11323,3720,300,3411,399,0.05089921954530031,0.30124525302481675,0.10725806451612903,0.75,0.8,0.9,0.4,45.0,40.0,35.0,0.65,0.9,0.9,0.4,35.0,30.0,45.0,10304,8102,2202,10304,0.21370341614906832,0.4222949984130339,0.5,0.8445899968260678,2743,0.33855838064675386,1.0,1
"iteration_2","SCOPE_DATA_COLLECTION",1800,8,550.0,610.0,1,10303,8175,2459,10359,8187,2410,8397,6442,1899,1898,1671,541,0.1843613404565323,0.20596573400714902,0.22172131147540983,0.4347127977540804,0.8015048822548884,1.0978458120265289,0.8694255955081608,0.8015048822548884,0.7318972080176859,0.33595331666071215,0.34880471903135674,0.30963665086887837,100.0,100.0,5894,11323,3720,300,3411,399,0.05089921954530031,0.30124525302481675,0.10725806451612903,0.75,0.8,0.9,0.4,45.0,40.0,35.0,0.65,0.9,0.9,0.4,35.0,30.0,45.0,8193,6347,1846,8193,0.22531429268888076,0.7712410080661476,1.0,0.7712410080661476,2217,0.349298881361273,1.0,1
"iteration_2","SCOPE_DATA_COLLECTION",1800,8,550.0,610.0,2,10303,8175,2459,10359,8187,2410,8397,6442,1899,1898,1671,541,0.1843613404565323,0.20596573400714902,0.22172131147540983,0.4347127977540804,0.8015048822548884,1.0978458120265289,0.8694255955081608,0.8015048822548884,0.7318972080176859,0.33595331666071215,0.34880471903135674,0.30963665086887837,100.0,100.0,5894,11323,3720,300,3411,399,0.05089921954530031,0.30124525302481675,0.10725806451612903,0.75,0.8,0.9,0.4,45.0,40.0,35.0,0.65,0.9,0.9,0.4,35.0,30.0,45.0,2490,1858,632,2490,0.25381526104417673,1.0581447507934651,1.5,0.7054298338623101,582,0.3132400430570506,1.0,1
"iteration_2","SCOPE_DATA_COLLECTION",1800,9,610.0,670.0,0,10304,8193,2490,10303,8175,2459,8111,6375,1848,2221,1866,643,0.21496322106078203,0.22642883145249362,0.258129265355279,0.423816092305628,0.7765998875749983,1.0518322537034905,0.847632184611256,0.7765998875749983,0.7012215024689937,0.3396621871532487,0.35137254901960785,0.30898268398268397,100.0,100.0,5915,9699,5373,308,306,4116,0.05207100591715976,0.031549644293226105,0.7660524846454495,0.65,0.9,0.9,0.4,35.0,30.0,45.0,0.75,0.8,0.9,0.30000000000000004,45.0,40.0,35.0,10360,9196,1164,10360,0.11235521235521236,0.39361556721178514,0.5,0.7872311344235703,2757,0.299804262722923,1.0,1
"iteration_2","SCOPE_DATA_COLLECTION",1800,9,610.0,670.0,1,10304,8193,2490,10303,8175,2459,8111,6375,1848,2221,1866,643,0.21496322106078203,0.22642883145249362,0.258129265355279,0.423816092305628,0.7765998875749983,1.0518322537034905,0.847632184611256,0.7765998875749983,0.7012215024689937,0.3396621871532487,0.35137254901960785,0.30898268398268397,100.0,100.0,5915,9699,5373,308,306,4116,0.05207100591715976,0.031549644293226105,0.7660524846454495,0.65,0.9,0.9,0.4,35.0,30.0,45.0,0.75,0.8,0.9,0.30000000000000004,45.0,40.0,35.0,7975,6990,985,7975,0.12351097178683386,0.7317491166419636,1.0,0.7317491166419636,2161,0.30915593705293276,1.0,1
"iteration_2","SCOPE_DATA_COLLECTION",1800,9,610.0,670.0,2,10304,8193,2490,10303,8175,2459,8111,6375,1848,2221,1866,643,0.21496322106078203,0.22642883145249362,0.258129265355279,0.423816092305628,0.7765998875749983,1.0518322537034905,0.847632184611256,0.7765998875749983,0.7012215024689937,0.3396621871532487,0.35137254901960785,0.30898268398268397,100.0,100.0,5915,9699,5373,308,306,4116,0.05207100591715976,0.031549644293226105,0.7660524846454495,0.65,0.9,0.9,0.4,35.0,30.0,45.0,0.75,0.8,0.9,0.30000000000000004,45.0,40.0,35.0,2320,1974,346,2320,0.14913793103448275,1.040996552800657,1.5,0.6939977018671047,576,0.2917933130699088,1.0,1
"iteration_2","SCOPE_DATA_COLLECTION",1800,10,670.0,730.0,0,10360,7975,2320,10304,8193,2490,9162,6978,1968,1164,986,344,0.11272515979081929,0.12380713209442491,0.14878892733564014,0.3914607256427951,0.7304741846981693,1.050537571869705,0.7829214512855902,0.7304741846981693,0.70035838124647,0.29851560794586335,0.30911435941530524,0.2972560975609756,100.0,100.0,5795,11159,3701,241,1980,273,0.04158757549611734,0.17743525405502286,0.07376384760875439,0.75,0.8,0.9,0.30000000000000004,45.0,40.0,35.0,0.65,0.9,0.9,0.4,35.0,40.0,45.0,10356,8093,2263,10356,0.21852066434916956,0.4217719028701269,0.5,0.8435438057402538,2800,0.3459780056839244,1.0,1
"iteration_2","SCOPE_DATA_COLLECTION",1800,10,670.0,730.0,1,10360,7975,2320,10304,8193,2490,9162,6978,1968,1164,986,344,0.11272515979081929,0.12380713209442491,0.14878892733564014,0.3914607256427951,0.7304741846981693,1.050537571869705,0.7829214512855902,0.7304741846981693,0.70035838124647,0.29851560794586335,0.30911435941530524,0.2972560975609756,100.0,100.0,5795,11159,3701,241,1980,273,0.04158757549611734,0.17743525405502286,0.07376384760875439,0.75,0.8,0.9,0.30000000000000004,45.0,40.0,35.0,0.65,0.9,0.9,0.4,35.0,40.0,45.0,8219,6219,2000,8219,0.24333860566978952,0.776245327667217,1.0,0.776245327667217,2226,0.3579353593825374,1.0,1
"iteration_2","SCOPE_DATA_COLLECTION",1800,10,670.0,730.0,2,10360,7975,2320,10304,8193,2490,9162,6978,1968,1164,986,344,0.11272515979081929,0.12380713209442491,0.14878892733564014,0.3914607256427951,0.7304741846981693,1.050537571869705,0.7829214512855902,0.7304741846981693,0.70035838124647,0.29851560794586335,0.30911435941530524,0.2972560975609756,100.0,100.0,5795,11159,3701,241,1980,273,0.04158757549611734,0.17743525405502286,0.07376384760875439,0.75,0.8,0.9,0.30000000000000004,45.0,40.0,35.0,0.65,0.9,0.9,0.4,35.0,40.0,45.0,2328,1718,610,2328,0.2620274914089347,1.1092353444483192,1.5,0.7394902296322128,598,0.3480791618160652,1.0,1
"iteration_2","SCOPE_DATA_COLLECTION",1800,11,730.0,790.0,0,10356,8219,2328,10360,7975,2320,8112,6211,1735,2252,1993,605,0.2172906213817059,0.24293027791321306,0.25854700854700857,0.42045310375972644,0.7702379857164997,1.1015549661502684,0.8409062075194529,0.7702379857164997,0.7343699774335123,0.3447978303747535,0.3534052487522138,0.34178674351585014,97.5,100.0,5890,9713,5300,335,605,3910,0.056876061120543296,0.0622876557191393,0.7377358490566037,0.65,0.9,0.9,0.4,35.0,40.0,45.0,0.35000000000000003,0.4,0.1,0.5,85.0,45.0,40.0,10360,5344,5016,10360,0.48416988416988416,0.42601456663704923,0.5,0.8520291332740985,2287,0.4279565868263473,1.0,1
"iteration_2","SCOPE_DATA_COLLECTION",1800,11,730.0,790.0,1,10356,8219,2328,10360,7975,2320,8112,6211,1735,2252,1993,605,0.2172906213817059,0.24293027791321306,0.25854700854700857,0.42045310375972644,0.7702379857164997,1.1015549661502684,0.8409062075194529,0.7702379857164997,0.7343699774335123,0.3447978303747535,0.3534052487522138,0.34178674351585014,97.5,100.0,5890,9713,5300,335,605,3910,0.056876061120543296,0.0622876557191393,0.7377358490566037,0.65,0.9,0.9,0.4,35.0,40.0,45.0,0.35000000000000003,0.4,0.1,0.5,85.0,45.0,40.0,8342,4344,3998,8342,0.4792615679693119,0.80020815683168,1.0,0.80020815683168,2117,0.4873388581952118,1.0,1
"iteration_2","SCOPE_DATA_COLLECTION",1800,11,730.0,790.0,2,10356,8219,2328,10360,7975,2320,8112,6211,1735,2252,1993,605,0.2172906213817059,0.24293027791321306,0.25854700854700857,0.42045310375972644,0.7702379857164997,1.1015549661502684,0.8409062075194529,0.7702379857164997,0.7343699774335123,0.3447978303747535,0.3534052487522138,0.34178674351585014,97.5,100.0,5890,9713,5300,335,605,3910,0.056876061120543296,0.0622876557191393,0.7377358490566037,0.65,0.9,0.9,0.4,35.0,40.0,45.0,0.35000000000000003,0.4,0.1,0.5,85.0,45.0,40.0,2400,1181,1219,2400,0.5079166666666667,1.2362483073268384,1.5,0.8241655382178923,531,0.44961896697713805,1.0,1
"iteration_2","SCOPE_DATA_COLLECTION",1800,12,790.0,850.0,0,10360,8342,2400,10356,8219,2328,5350,4386,1176,5027,4005,1226,0.4844367350872121,0.4772971040400429,0.5104079933388843,0.4306962279700883,0.8129133317907739,1.2417659195063409,0.8613924559401765,0.8129133317907739,0.8278439463375605,0.42990654205607476,0.49293205654354766,0.4523809523809524,100.0,100.0,5601,5402,10099,94,65,10099,0.016782717371897876,0.012032580525731211,1.0,0.35000000000000003,0.4,0.1,0.5,85.0,45.0,40.0,0.25,0.4,0.2,0.4,75.0,35.0,30.0,10214,4683,5531,10214,0.5415116506755434,0.46895701513476457,0.5,0.9379140302695291,2291,0.48921631432842194,1.0,1
"iteration_2","SCOPE_DATA_COLLECTION",1800,12,790.0,850.0,1,10360,8342,2400,10356,8219,2328,5350,4386,1176,5027,4005,1226,0.4844367350872121,0.4772971040400429,0.5104079933388843,0.4306962279700883,0.8129133317907739,1.2417659195063409,0.8613924559401765,0.8129133317907739,0.8278439463375605,0.42990654205607476,0.49293205654354766,0.4523809523809524,100.0,100.0,5601,5402,10099,94,65,10099,0.016782717371897876,0.012032580525731211,1.0,0.35000000000000003,0.4,0.1,0.5,85.0,45.0,40.0,0.25,0.4,0.2,0.4,75.0,35.0,30.0,8078,3527,4551,8078,0.5633820252537757,0.9202342491700201,1.0,0.9202342491700201,1985,0.5628012475191381,1.0,1
"iteration_2","SCOPE_DATA_COLLECTION",1800,12,790.0,850.0,2,10360,8342,2400,10356,8219,2328,5350,4386,1176,5027,4005,1226,0.4844367350872121,0.4772971040400429,0.5104079933388843,0.4306962279700883,0.8129133317907739,1.2417659195063409,0.8613924559401765,0.8129133317907739,0.8278439463375605,0.42990654205607476,0.49293205654354766,0.4523809523809524,100.0,100.0,5601,5402,10099,94,65,10099,0.016782717371897876,0.012032580525731211,1.0,0.35000000000000003,0.4,0.1,0.5,85.0,45.0,40.0,0.25,0.4,0.2,0.4,75.0,35.0,30.0,2394,1047,1347,2394,0.5626566416040101,1.4770401072504706,1.5,0.9846934048336471,590,0.5635148042024832,1.0,1
"iteration_2","SCOPE_DATA_COLLECTION",1800,13,850.0,910.0,0,10214,8078,2394,10360,8342,2400,4676,3504,1051,5531,4551,1347,0.5418830214558636,0.5649906890130354,0.5617180984153461,0.4664931575868362,0.9166738339165615,1.4736384965095017,0.9329863151736724,0.9166738339165615,0.9824256643396678,0.4871685201026518,0.5616438356164384,0.5642245480494766,97.5,100.0,5511,3874,11301,123,5,11301,0.02231899836690256,0.0012906556530717604,1.0,0.25,0.4,0.2,0.4,75.0,35.0,30.0,0.25,0.4,0.2,0.30000000000000004,85.0,35.0,20.0,10112,4476,5636,10112,0.5573575949367089,0.4751905039257571,0.5,0.9503810078515142,2215,0.49486148346738157,1.0,1
"iteration_2","SCOPE_DATA_COLLECTION",1800,13,850.0,910.0,1,10214,8078,2394,10360,8342,2400,4676,3504,1051,5531,4551,1347,0.5418830214558636,0.5649906890130354,0.5617180984153461,0.4664931575868362,0.9166738339165615,1.4736384965095017,0.9329863151736724,0.9166738339165615,0.9824256643396678,0.4871685201026518,0.5616438356164384,0.5642245480494766,97.5,100.0,5511,3874,11301,123,5,11301,0.02231899836690256,0.0012906556530717604,1.0,0.25,0.4,0.2,0.4,75.0,35.0,30.0,0.25,0.4,0.2,0.30000000000000004,85.0,35.0,20.0,7990,3569,4421,7990,0.553316645807259,0.9586706666897246,1.0,0.9586706666897246,2059,0.5769123003642477,1.0,1
"iteration_2","SCOPE_DATA_COLLECTION",1800,13,850.0,910.0,2,10214,8078,2394,10360,8342,2400,4676,3504,1051,5531,4551,1347,0.5418830214558636,0.5649906890130354,0.5617180984153461,0.4664931575868362,0.9166738339165615,1.4736384965095017,0.9329863151736724,0.9166738339165615,0.9824256643396678,0.4871685201026518,0.5616438356164384,0.5642245480494766,97.5,100.0,5511,3874,11301,123,5,11301,0.02231899836690256,0.0012906556530717604,1.0,0.25,0.4,0.2,0.4,75.0,35.0,30.0,0.25,0.4,0.2,0.30000000000000004,85.0,35.0,20.0,2448,1037,1411,2448,0.5763888888888888,1.4791679383556617,1.5,0.9861119589037745,588,0.5670202507232401,1.0,1
"iteration_2","SCOPE_DATA_COLLECTION",1800,14,910.0,970.0,0,10112,7990,2448,10214,8078,2394,4474,3569,1045,5636,4421,1411,0.5574678536102868,0.553316645807259,0.5745114006514658,0.47599237426742846,0.957632086252721,1.482707557700271,0.9519847485348569,0.957632086252721,0.988471705133514,0.49530621367903443,0.5757915382460073,0.5684210526315789,100.0,100.0,5452,3765,11333,132,3,11333,0.02421129860601614,7.968127490039841E-4,1.0,0.25,0.4,0.2,0.30000000000000004,85.0,35.0,20.0,0.15000000000000002,0.30000000000000004,0.30000000000000004,0.4,85.0,25.0,20.0,10448,3952,6496,10448,0.6217457886676876,0.5413624363759484,0.5,1.0827248727518968,2349,0.5943825910931174,1.0,1
"iteration_2","SCOPE_DATA_COLLECTION",1800,14,910.0,970.0,1,10112,7990,2448,10214,8078,2394,4474,3569,1045,5636,4421,1411,0.5574678536102868,0.553316645807259,0.5745114006514658,0.47599237426742846,0.957632086252721,1.482707557700271,0.9519847485348569,0.957632086252721,0.988471705133514,0.49530621367903443,0.5757915382460073,0.5684210526315789,100.0,100.0,5452,3765,11333,132,3,11333,0.02421129860601614,7.968127490039841E-4,1.0,0.25,0.4,0.2,0.30000000000000004,85.0,35.0,20.0,0.15000000000000002,0.30000000000000004,0.30000000000000004,0.4,85.0,25.0,20.0,8115,2993,5122,8115,0.6311768330252618,1.1819676273293882,1.0,1.1819676273293882,2129,0.7113264283327765,1.0,1
"iteration_2","SCOPE_DATA_COLLECTION",1800,14,910.0,970.0,2,10112,7990,2448,10214,8078,2394,4474,3569,1045,5636,4421,1411,0.5574678536102868,0.553316645807259,0.5745114006514658,0.47599237426742846,0.957632086252721,1.482707557700271,0.9519847485348569,0.957632086252721,0.988471705133514,0.49530621367903443,0.5757915382460073,0.5684210526315789,100.0,100.0,5452,3765,11333,132,3,11333,0.02421129860601614,7.968127490039841E-4,1.0,0.25,0.4,0.2,0.30000000000000004,85.0,35.0,20.0,0.15000000000000002,0.30000000000000004,0.30000000000000004,0.4,85.0,25.0,20.0,2400,840,1560,2400,0.65,1.7010423559063752,1.5,1.1340282372709167,564,0.6714285714285714,1.0,1
"iteration_2","SCOPE_DATA_COLLECTION",1800,15,970.0,1030.0,0,10448,8115,2400,10112,7990,2448,3965,3003,839,6496,5122,1560,0.620973138323296,0.6304,0.6502709462275948,0.5437493638734135,1.18323239159186,1.7031787079992315,1.087498727746827,1.18323239159186,1.1354524719994876,0.5964691046658259,0.7119547119547119,0.6710369487485102,100.0,100.0,5698,2273,12992,184,2,12992,0.03229203229203229,8.798944126704796E-4,1.0,0.15000000000000002,0.30000000000000004,0.30000000000000004,0.4,85.0,25.0,20.0,0.15000000000000002,0.30000000000000004,0.2,0.4,85.0,20.0,30.0,10365,3795,6570,10365,0.6338639652677279,0.5222319214140734,0.5,1.0444638428281467,2165,0.5704874835309618,1.0,1
"iteration_2","SCOPE_DATA_COLLECTION",1800,15,970.0,1030.0,1,10448,8115,2400,10112,7990,2448,3965,3003,839,6496,5122,1560,0.620973138323296,0.6304,0.6502709462275948,0.5437493638734135,1.18323239159186,1.7031787079992315,1.087498727746827,1.18323239159186,1.1354524719994876,0.5964691046658259,0.7119547119547119,0.6710369487485102,100.0,100.0,5698,2273,12992,184,2,12992,0.03229203229203229,8.798944126704796E-4,1.0,0.15000000000000002,0.30000000000000004,0.30000000000000004,0.4,85.0,25.0,20.0,0.15000000000000002,0.30000000000000004,0.2,0.4,85.0,20.0,30.0,8173,3044,5129,8173,0.6275541416860394,1.0934026888382793,1.0,1.0934026888382793,2058,0.676084099868594,1.0,1
"iteration_2","SCOPE_DATA_COLLECTION",1800,15,970.0,1030.0,2,10448,8115,2400,10112,7990,2448,3965,3003,839,6496,5122,1560,0.620973138323296,0.6304,0.6502709462275948,0.5437493638734135,1.18323239159186,1.7031787079992315,1.087498727746827,1.18323239159186,1.1354524719994876,0.5964691046658259,0.7119547119547119,0.6710369487485102,100.0,100.0,5698,2273,12992,184,2,12992,0.03229203229203229,8.798944126704796E-4,1.0,0.15000000000000002,0.30000000000000004,0.30000000000000004,0.4,85.0,25.0,20.0,0.15000000000000002,0.30000000000000004,0.2,0.4,85.0,20.0,30.0,2440,872,1568,2440,0.6426229508196721,1.7550578913851123,1.5,1.1700385942567415,607,0.6961009174311926,1.0,1
"iteration_2","SCOPE_DATA_COLLECTION",1800,16,1030.0,1090.0,0,10365,8173,2440,10448,8115,2400,3800,3046,877,6570,5129,1568,0.6335583413693346,0.6274006116207951,0.6413087934560328,0.5219919368334759,1.0956703548005273,1.7501169025627625,1.0439838736669518,1.0956703548005273,1.1667446017085084,0.5707894736842105,0.6759684832567301,0.6944127708095781,100.0,100.0,5514,2333,13131,136,0,13131,0.024664490388103012,0.0,1.0,0.15000000000000002,0.30000000000000004,0.2,0.4,85.0,20.0,30.0,0.25,0.4,0.30000000000000004,0.5,75.0,20.0,40.0,10232,4540,5692,10232,0.5562939796716184,0.49190308762114615,0.5,0.9838061752422923,2335,0.51431718061674,1.0,1
"iteration_2","SCOPE_DATA_COLLECTION",1800,16,1030.0,1090.0,1,10365,8173,2440,10448,8115,2400,3800,3046,877,6570,5129,1568,0.6335583413693346,0.6274006116207951,0.6413087934560328,0.5219919368334759,1.0956703548005273,1.7501169025627625,1.0439838736669518,1.0956703548005273,1.1667446017085084,0.5707894736842105,0.6759684832567301,0.6944127708095781,100.0,100.0,5514,2333,13131,136,0,13131,0.024664490388103012,0.0,1.0,0.15000000000000002,0.30000000000000004,0.2,0.4,85.0,20.0,30.0,0.25,0.4,0.30000000000000004,0.5,75.0,20.0,40.0,8228,3630,4598,8228,0.5588235294117647,1.0076217902105782,1.0,1.0076217902105782,2117,0.5831955922865014,1.0,1
"iteration_2","SCOPE_DATA_COLLECTION",1800,16,1030.0,1090.0,2,10365,8173,2440,10448,8115,2400,3800,3046,877,6570,5129,1568,0.6335583413693346,0.6274006116207951,0.6413087934560328,0.5219919368334759,1.0956703548005273,1.7501169025627625,1.0439838736669518,1.0956703548005273,1.1667446017085084,0.5707894736842105,0.6759684832567301,0.6944127708095781,100.0,100.0,5514,2333,13131,136,0,13131,0.024664490388103012,0.0,1.0,0.15000000000000002,0.30000000000000004,0.2,0.4,85.0,20.0,30.0,0.25,0.4,0.30000000000000004,0.5,75.0,20.0,40.0,2373,1028,1345,2373,0.5667930889169828,1.5367111876173978,1.5,1.0244741250782652,592,0.5758754863813229,1.0,1
"iteration_2","SCOPE_DATA_COLLECTION",1800,17,1090.0,1150.0,0,10232,8228,2373,10365,8173,2440,4521,3610,1025,5692,4598,1345,0.5573288945461666,0.5601851851851852,0.5675105485232067,0.4887102508487816,1.0006014892359956,1.5362454854826315,0.9774205016975632,1.0006014892359956,1.024163656988421,0.5120548551205486,0.5806094182825485,0.5765853658536585,97.5,100.0,5634,3758,11441,193,1,11441,0.03425630102946397,2.6609898882384245E-4,1.0,0.25,0.4,0.30000000000000004,0.5,75.0,20.0,40.0,0.25,0.4,0.30000000000000004,0.5,75.0,30.0,30.0,10160,4548,5612,10160,0.5523622047244094,0.49556493207364,0.5,0.99112986414728,2346,0.5158311345646438,1.0,1
"iteration_2","SCOPE_DATA_COLLECTION",1800,17,1090.0,1150.0,1,10232,8228,2373,10365,8173,2440,4521,3610,1025,5692,4598,1345,0.5573288945461666,0.5601851851851852,0.5675105485232067,0.4887102508487816,1.0006014892359956,1.5362454854826315,0.9774205016975632,1.0006014892359956,1.024163656988421,0.5120548551205486,0.5806094182825485,0.5765853658536585,97.5,100.0,5634,3758,11441,193,1,11441,0.03425630102946397,2.6609898882384245E-4,1.0,0.25,0.4,0.30000000000000004,0.5,75.0,20.0,40.0,0.25,0.4,0.30000000000000004,0.5,75.0,30.0,30.0,8285,3673,4612,8285,0.5566686783343392,1.0120126003147694,1.0,1.0120126003147694,2140,0.5826300027225702,1.0,1
"iteration_2","SCOPE_DATA_COLLECTION",1800,17,1090.0,1150.0,2,10232,8228,2373,10365,8173,2440,4521,3610,1025,5692,4598,1345,0.5573288945461666,0.5601851851851852,0.5675105485232067,0.4887102508487816,1.0006014892359956,1.5362454854826315,0.9774205016975632,1.0006014892359956,1.024163656988421,0.5120548551205486,0.5806094182825485,0.5765853658536585,97.5,100.0,5634,3758,11441,193,1,11441,0.03425630102946397,2.6609898882384245E-4,1.0,0.25,0.4,0.30000000000000004,0.5,75.0,20.0,40.0,0.25,0.4,0.30000000000000004,0.5,75.0,30.0,30.0,2427,1020,1407,2427,0.5797280593325093,1.521106652192536,1.5,1.0140711014616908,581,0.5696078431372549,1.0,1
"iteration_2","SCOPE_DATA_COLLECTION",1800,18,1150.0,1210.0,0,10160,8285,2427,10232,8228,2373,4568,3686,1011,5612,4612,1406,0.5512770137524557,0.5557965774885515,0.5817128671907323,0.49832899574370715,1.0129920002899906,1.5135809029889764,0.9966579914874143,1.0129920002899906,1.0090539353259842,0.5175131348511384,0.5851871947911015,0.5657764589515332,100.0,100.0,5713,3744,11415,215,0,11415,0.037633467530194295,0.0,1.0,0.25,0.4,0.30000000000000004,0.5,75.0,30.0,30.0,0.35000000000000003,0.4,0.30000000000000004,0.5,85.0,40.0,30.0,10348,5376,4972,10348,0.48047931967529955,0.4372780745107943,0.5,0.8745561490215886,2370,0.4408482142857143,1.0,1
"iteration_2","SCOPE_DATA_COLLECTION",1800,18,1150.0,1210.0,1,10160,8285,2427,10232,8228,2373,4568,3686,1011,5612,4612,1406,0.5512770137524557,0.5557965774885515,0.5817128671907323,0.49832899574370715,1.0129920002899906,1.5135809029889764,0.9966579914874143,1.0129920002899906,1.0090539353259842,0.5175131348511384,0.5851871947911015,0.5657764589515332,100.0,100.0,5713,3744,11415,215,0,11415,0.037633467530194295,0.0,1.0,0.25,0.4,0.30000000000000004,0.5,75.0,30.0,30.0,0.35000000000000003,0.4,0.30000000000000004,0.5,85.0,40.0,30.0,8171,4206,3965,8171,0.48525272304491496,0.9050854097887308,1.0,0.9050854097887308,2093,0.497622444127437,1.0,1
"iteration_2","SCOPE_DATA_COLLECTION",1800,18,1150.0,1210.0,2,10160,8285,2427,10232,8228,2373,4568,3686,1011,5612,4612,1406,0.5512770137524557,0.5557965774885515,0.5817128671907323,0.49832899574370715,1.0129920002899906,1.5135809029889764,0.9966579914874143,1.0129920002899906,1.0090539353259842,0.5175131348511384,0.5851871947911015,0.5657764589515332,100.0,100.0,5713,3744,11415,215,0,11415,0.037633467530194295,0.0,1.0,0.25,0.4,0.30000000000000004,0.5,75.0,30.0,30.0,0.35000000000000003,0.4,0.30000000000000004,0.5,85.0,40.0,30.0,2340,1174,1166,2340,0.4982905982905983,1.358161323076043,1.5,0.9054408820506953,581,0.4948892674616695,1.0,1
"iteration_2","SCOPE_DATA_COLLECTION",1800,19,1210.0,1270.0,0,10348,8171,2340,10160,8285,2427,5362,4186,1183,4972,3965,1167,0.4811302496613122,0.4864433811802233,0.49659574468085105,0.4363302958235629,0.9041122813792747,1.3696225175003838,0.8726605916471258,0.9041122813792747,0.9130816783335892,0.4405072734054457,0.49593884376493075,0.4995773457311919,100.0,100.0,5677,5306,9876,224,4,9876,0.03945745992601726,7.538635506973238E-4,1.0,0.35000000000000003,0.4,0.30000000000000004,0.5,85.0,40.0,30.0,0.35000000000000003,0.5,0.2,0.5,95.0,30.0,20.0,10259,5328,4931,10259,0.48065113558826394,0.4320058677044941,0.5,0.8640117354089882,2312,0.4339339339339339,1.0,1
"iteration_2","SCOPE_DATA_COLLECTION",1800,19,1210.0,1270.0,1,10348,8171,2340,10160,8285,2427,5362,4186,1183,4972,3965,1167,0.4811302496613122,0.4864433811802233,0.49659574468085105,0.4363302958235629,0.9041122813792747,1.3696225175003838,0.8726605916471258,0.9041122813792747,0.9130816783335892,0.4405072734054457,0.49593884376493075,0.4995773457311919,100.0,100.0,5677,5306,9876,224,4,9876,0.03945745992601726,7.538635506973238E-4,1.0,0.35000000000000003,0.4,0.30000000000000004,0.5,85.0,40.0,30.0,0.35000000000000003,0.5,0.2,0.5,95.0,30.0,20.0,8338,4338,4000,8338,0.4797313504437515,0.8496867519486052,1.0,0.8496867519486052,2123,0.48939603503918855,1.0,1
"iteration_2","SCOPE_DATA_COLLECTION",1800,19,1210.0,1270.0,2,10348,8171,2340,10160,8285,2427,5362,4186,1183,4972,3965,1167,0.4811302496613122,0.4864433811802233,0.49659574468085105,0.4363302958235629,0.9041122813792747,1.3696225175003838,0.8726605916471258,0.9041122813792747,0.9130816783335892,0.4405072734054457,0.49593884376493075,0.4995773457311919,100.0,100.0,5677,5306,9876,224,4,9876,0.03945745992601726,7.538635506973238E-4,1.0,0.35000000000000003,0.4,0.30000000000000004,0.5,85.0,40.0,30.0,0.35000000000000003,0.5,0.2,0.5,95.0,30.0,20.0,2377,1177,1200,2377,0.5048380311316786,1.3161225708699635,1.5,0.8774150472466423,563,0.47833474936278675,1.0,1
"iteration_2","SCOPE_DATA_COLLECTION",1800,20,1270.0,1330.0,0,10259,8338,2377,10348,8171,2340,5333,4355,1172,4931,4000,1200,0.48041699142634453,0.47875523638539796,0.5059021922428331,0.4326044929435235,0.8542707113974719,1.306858976454339,0.865208985887047,0.8542707113974719,0.871239317636226,0.43352709544346524,0.4904707233065442,0.47525597269624575,100.0,100.0,5621,5387,9966,162,3,9966,0.02882049457391923,5.568962316688324E-4,1.0,0.35000000000000003,0.5,0.2,0.5,95.0,30.0,20.0,0.35000000000000003,0.5,0.2,0.5,95.0,30.0,20.0,10371,5356,5015,10371,0.48355992671873493,0.4412511835881924,0.5,0.8825023671763847,2320,0.43315907393577296,1.0,1
"iteration_2","SCOPE_DATA_COLLECTION",1800,20,1270.0,1330.0,1,10259,8338,2377,10348,8171,2340,5333,4355,1172,4931,4000,1200,0.48041699142634453,0.47875523638539796,0.5059021922428331,0.4326044929435235,0.8542707113974719,1.306858976454339,0.865208985887047,0.8542707113974719,0.871239317636226,0.43352709544346524,0.4904707233065442,0.47525597269624575,100.0,100.0,5621,5387,9966,162,3,9966,0.02882049457391923,5.568962316688324E-4,1.0,0.35000000000000003,0.5,0.2,0.5,95.0,30.0,20.0,0.35000000000000003,0.5,0.2,0.5,95.0,30.0,20.0,8084,4148,3936,8084,0.4868876793666502,0.8292261403207294,1.0,0.8292261403207294,1998,0.48167791706846674,1.0,1
"iteration_2","SCOPE_DATA_COLLECTION",1800,20,1270.0,1330.0,2,10259,8338,2377,10348,8171,2340,5333,4355,1172,4931,4000,1200,0.48041699142634453,0.47875523638539796,0.5059021922428331,0.4326044929435235,0.8542707113974719,1.306858976454339,0.865208985887047,0.8542707113974719,0.871239317636226,0.43352709544346524,0.4904707233065442,0.47525597269624575,100.0,100.0,5621,5387,9966,162,3,9966,0.02882049457391923,5.568962316688324E-4,1.0,0.35000000000000003,0.5,0.2,0.5,95.0,30.0,20.0,0.35000000000000003,0.5,0.2,0.5,95.0,30.0,20.0,2543,1250,1293,2543,0.5084545812033032,1.3248369318310116,1.5,0.8832246212206744,606,0.4848,1.0,1
"iteration_2","SCOPE_DATA_COLLECTION",1800,21,1330.0,1390.0,0,10371,8084,2543,10259,8338,2377,5345,4134,1248,5015,3936,1293,0.4840733590733591,0.4877323420074349,0.5088547815820543,0.43957239684122845,0.8265278072216089,1.330620862910976,0.8791447936824569,0.8265278072216089,0.887080575273984,0.4325537885874649,0.4818577648766328,0.48717948717948717,100.0,100.0,5546,5374,10078,159,7,10078,0.0286693112152903,0.0013025679196129512,1.0,0.35000000000000003,0.5,0.2,0.5,95.0,30.0,20.0,0.35000000000000003,0.4,0.1,0.5,85.0,20.0,20.0,10309,5268,5041,10309,0.48899020273547383,0.4068666789365585,0.5,0.813733357873117,2137,0.4056567957479119,1.0,1
"iteration_2","SCOPE_DATA_COLLECTION",1800,21,1330.0,1390.0,1,10371,8084,2543,10259,8338,2377,5345,4134,1248,5015,3936,1293,0.4840733590733591,0.4877323420074349,0.5088547815820543,0.43957239684122845,0.8265278072216089,1.330620862910976,0.8791447936824569,0.8265278072216089,0.887080575273984,0.4325537885874649,0.4818577648766328,0.48717948717948717,100.0,100.0,5546,5374,10078,159,7,10078,0.0286693112152903,0.0013025679196129512,1.0,0.35000000000000003,0.5,0.2,0.5,95.0,30.0,20.0,0.35000000000000003,0.4,0.1,0.5,85.0,20.0,20.0,7982,4078,3904,7982,0.4891004760711601,0.7872941539751422,1.0,0.7872941539751422,1977,0.484796468857283,1.0,1
"iteration_2","SCOPE_DATA_COLLECTION",1800,21,1330.0,1390.0,2,10371,8084,2543,10259,8338,2377,5345,4134,1248,5015,3936,1293,0.4840733590733591,0.4877323420074349,0.5088547815820543,0.43957239684122845,0.8265278072216089,1.330620862910976,0.8791447936824569,0.8265278072216089,0.887080575273984,0.4325537885874649,0.4818577648766328,0.48717948717948717,100.0,100.0,5546,5374,10078,159,7,10078,0.0286693112152903,0.0013025679196129512,1.0,0.35000000000000003,0.5,0.2,0.5,95.0,30.0,20.0,0.35000000000000003,0.4,0.1,0.5,85.0,20.0,20.0,2469,1243,1226,2469,0.49655731065208586,1.2997587264871608,1.5,0.8665058176581072,602,0.48431214802896216,1.0,1
"iteration_2","SCOPE_DATA_COLLECTION",1800,22,1390.0,1450.0,0,10309,7982,2469,10371,8084,2543,5281,4087,1242,5041,3904,1226,0.4883743460569657,0.48854961832061067,0.4967585089141005,0.408461619332784,0.7906264838047534,1.3032891001382467,0.816923238665568,0.7906264838047534,0.8688594000921644,0.40655178943381937,0.48544164423782726,0.4855072463768116,100.0,100.0,5398,5296,10066,98,7,10066,0.018154872174879585,0.0013217522658610272,1.0,0.35000000000000003,0.4,0.1,0.5,85.0,20.0,20.0,0.25,0.30000000000000004,0.2,0.5,85.0,20.0,20.0,10335,4614,5721,10335,0.5535558780841799,0.46562990454586906,0.5,0.9312598090917381,2245,0.4865626354573039,1.0,1
"iteration_2","SCOPE_DATA_COLLECTION",1800,22,1390.0,1450.0,1,10309,7982,2469,10371,8084,2543,5281,4087,1242,5041,3904,1226,0.4883743460569657,0.48854961832061067,0.4967585089141005,0.408461619332784,0.7906264838047534,1.3032891001382467,0.816923238665568,0.7906264838047534,0.8688594000921644,0.40655178943381937,0.48544164423782726,0.4855072463768116,100.0,100.0,5398,5296,10066,98,7,10066,0.018154872174879585,0.0013217522658610272,1.0,0.35000000000000003,0.4,0.1,0.5,85.0,20.0,20.0,0.25,0.30000000000000004,0.2,0.5,85.0,20.0,20.0,8001,3685,4316,8001,0.539432570928634,0.935778436857952,1.0,0.935778436857952,2068,0.5611940298507463,1.0,1
"iteration_2","SCOPE_DATA_COLLECTION",1800,22,1390.0,1450.0,2,10309,7982,2469,10371,8084,2543,5281,4087,1242,5041,3904,1226,0.4883743460569657,0.48854961832061067,0.4967585089141005,0.408461619332784,0.7906264838047534,1.3032891001382467,0.816923238665568,0.7906264838047534,0.8688594000921644,0.40655178943381937,0.48544164423782726,0.4855072463768116,100.0,100.0,5398,5296,10066,98,7,10066,0.018154872174879585,0.0013217522658610272,1.0,0.35000000000000003,0.4,0.1,0.5,85.0,20.0,20.0,0.25,0.30000000000000004,0.2,0.5,85.0,20.0,20.0,2363,1026,1337,2363,0.5658061785865426,1.5023026773422,1.5,1.0015351182281333,588,0.5730994152046783,1.0,1
"iteration_2","SCOPE_DATA_COLLECTION",1800,23,1450.0,1510.0,0,10335,8001,2363,10309,7982,2469,4617,3699,1027,5721,4316,1337,0.553395240858967,0.5384903306300686,0.5655668358714044,0.46532287517624304,0.9355551526419394,1.493655670619134,0.9306457503524861,0.9355551526419394,0.9957704470794226,0.4864630712583929,0.5609624222762909,0.5686465433300877,97.5,100.0,5538,3921,11240,131,3,11240,0.023654749006861684,7.651109410864575E-4,1.0,0.25,0.30000000000000004,0.2,0.5,85.0,20.0,20.0,0.25,0.30000000000000004,0.2,0.5,85.0,20.0,20.0,10182,4540,5642,10182,0.5541151050874091,0.4770170433638055,0.5,0.954034086727611,2275,0.501101321585903,1.0,1
"iteration_2","SCOPE_DATA_COLLECTION",1800,23,1450.0,1510.0,1,10335,8001,2363,10309,7982,2469,4617,3699,1027,5721,4316,1337,0.553395240858967,0.5384903306300686,0.5655668358714044,0.46532287517624304,0.9355551526419394,1.493655670619134,0.9306457503524861,0.9355551526419394,0.9957704470794226,0.4864630712583929,0.5609624222762909,0.5686465433300877,97.5,100.0,5538,3921,11240,131,3,11240,0.023654749006861684,7.651109410864575E-4,1.0,0.25,0.30000000000000004,0.2,0.5,85.0,20.0,20.0,0.25,0.30000000000000004,0.2,0.5,85.0,20.0,20.0,8131,3644,4487,8131,0.5518386422334276,0.9533259338542551,1.0,0.9533259338542551,2088,0.5729967069154775,1.0,1
"iteration_2","SCOPE_DATA_COLLECTION",1800,23,1450.0,1510.0,2,10335,8001,2363,10309,7982,2469,4617,3699,1027,5721,4316,1337,0.553395240858967,0.5384903306300686,0.5655668358714044,0.46532287517624304,0.9355551526419394,1.493655670619134,0.9306457503524861,0.9355551526419394,0.9957704470794226,0.4864630712583929,0.5609624222762909,0.5686465433300877,97.5,100.0,5538,3921,11240,131,3,11240,0.023654749006861684,7.651109410864575E-4,1.0,0.25,0.30000000000000004,0.2,0.5,85.0,20.0,20.0,0.25,0.30000000000000004,0.2,0.5,85.0,20.0,20.0,2374,1025,1349,2374,0.5682392586352149,1.477981868888564,1.5,0.9853212459257094,578,0.5639024390243902,1.0,1
"iteration_2","SCOPE_DATA_COLLECTION",1800,24,1510.0,1570.0,0,10182,8131,2374,10335,8001,2363,4534,3635,1033,5642,4487,1349,0.554441823899371,0.5524501354346221,0.5663308144416457,0.4766067123417236,0.9512226901976143,1.48739194293399,0.9532134246834472,0.9512226901976143,0.9915946286226599,0.5008822232024702,0.5713892709766162,0.5682478218780251,100.0,100.0,5601,3739,11347,130,1,11347,0.023210141046241743,2.674511901577962E-4,1.0,0.25,0.30000000000000004,0.2,0.5,85.0,20.0,20.0,0.15000000000000002,0.4,0.30000000000000004,0.5,75.0,20.0,20.0,10337,3909,6428,10337,0.6218438618554707,0.5605522147033959,0.5,1.1211044294067918,2328,0.5955487336914812,1.0,1
"iteration_2","SCOPE_DATA_COLLECTION",1800,24,1510.0,1570.0,1,10182,8131,2374,10335,8001,2363,4534,3635,1033,5642,4487,1349,0.554441823899371,0.5524501354346221,0.5663308144416457,0.4766067123417236,0.9512226901976143,1.48739194293399,0.9532134246834472,0.9512226901976143,0.9915946286226599,0.5008822232024702,0.5713892709766162,0.5682478218780251,100.0,100.0,5601,3739,11347,130,1,11347,0.023210141046241743,2.674511901577962E-4,1.0,0.25,0.30000000000000004,0.2,0.5,85.0,20.0,20.0,0.15000000000000002,0.4,0.30000000000000004,0.5,75.0,20.0,20.0,8091,3001,5090,8091,0.6290940551229761,1.155473945073382,1.0,1.155473945073382,2080,0.6931022992335888,1.0,1
"iteration_2","SCOPE_DATA_COLLECTION",1800,24,1510.0,1570.0,2,10182,8131,2374,10335,8001,2363,4534,3635,1033,5642,4487,1349,0.554441823899371,0.5524501354346221,0.5663308144416457,0.4766067123417236,0.9512226901976143,1.48739194293399,0.9532134246834472,0.9512226901976143,0.9915946286226599,0.5008822232024702,0.5713892709766162,0.5682478218780251,100.0,100.0,5601,3739,11347,130,1,11347,0.023210141046241743,2.674511901577962E-4,1.0,0.25,0.30000000000000004,0.2,0.5,85.0,20.0,20.0,0.15000000000000002,0.4,0.30000000000000004,0.5,75.0,20.0,20.0,2435,811,1624,2435,0.6669404517453799,1.7759025847192216,1.5,1.183935056479481,574,0.7077681874229347,1.0,1
"iteration_2","SCOPE_DATA_COLLECTION",1800,25,1570.0,1630.0,0,10337,8091,2435,10182,8131,2374,3915,2999,808,6428,5090,1624,0.6214831286860679,0.6292495982198046,0.6677631578947368,0.5612866733991277,1.1525667838532025,1.763685730928511,1.1225733467982555,1.1525667838532025,1.175790487285674,0.5966794380587485,0.6938979659886629,0.7029702970297029,97.5,100.0,5640,2259,12964,178,0,12964,0.03156028368794326,0.0,1.0,0.15000000000000002,0.4,0.30000000000000004,0.5,75.0,20.0,20.0,0.8,0.7000000000000001,0.30000000000000004,0.7000000000000001,50.0,70.0,80.0,10454,7323,3131,10454,0.2995025827434475,0.4710125412474333,0.5,0.9420250824948666,2993,0.4087122763894579,1.0,1
"iteration_2","SCOPE_DATA_COLLECTION",1800,25,1570.0,1630.0,1,10337,8091,2435,10182,8131,2374,3915,2999,808,6428,5090,1624,0.6214831286860679,0.6292495982198046,0.6677631578947368,0.5612866733991277,1.1525667838532025,1.763685730928511,1.1225733467982555,1.1525667838532025,1.175790487285674,0.5966794380587485,0.6938979659886629,0.7029702970297029,97.5,100.0,5640,2259,12964,178,0,12964,0.03156028368794326,0.0,1.0,0.15000000000000002,0.4,0.30000000000000004,0.5,75.0,20.0,20.0,0.8,0.7000000000000001,0.30000000000000004,0.7000000000000001,50.0,70.0,80.0,8185,5821,2364,8185,0.28882101405009164,0.81799473808943,1.0,0.81799473808943,2266,0.38928019240680295,1.0,1
"iteration_2","SCOPE_DATA_COLLECTION",1800,25,1570.0,1630.0,2,10337,8091,2435,10182,8131,2374,3915,2999,808,6428,5090,1624,0.6214831286860679,0.6292495982198046,0.6677631578947368,0.5612866733991277,1.1525667838532025,1.763685730928511,1.1225733467982555,1.1525667838532025,1.175790487285674,0.5966794380587485,0.6938979659886629,0.7029702970297029,97.5,100.0,5640,2259,12964,178,0,12964,0.03156028368794326,0.0,1.0,0.15000000000000002,0.4,0.30000000000000004,0.5,75.0,20.0,20.0,0.8,0.7000000000000001,0.30000000000000004,0.7000000000000001,50.0,70.0,80.0,2429,1651,778,2429,0.3202964182791272,1.2479803997158936,1.5,0.831986933143929,638,0.38643246517262264,1.0,1
"iteration_2","SCOPE_DATA_COLLECTION",1800,26,1630.0,1690.0,0,10454,8185,2429,10337,8091,2435,7206,5722,1627,3129,2353,767,0.3027576197387518,0.29139318885448917,0.3203842940685046,0.4594783874836624,0.8119048579088416,1.2427733464581978,0.9189567749673248,0.8119048579088416,0.8285155643054652,0.40341382181515406,0.3846557147850402,0.3816840811309158,100.0,100.0,5649,12338,3081,176,5964,109,0.031155956806514427,0.48338466526179286,0.03537812398571892,0.8,0.7000000000000001,0.30000000000000004,0.7000000000000001,50.0,70.0,80.0,0.8,0.7000000000000001,0.4,0.7000000000000001,60.0,80.0,70.0,10292,7816,2476,10292,0.24057520404197436,0.43004908414492143,0.5,0.8600981682898429,2685,0.34352610030706243,1.0,1
"iteration_2","SCOPE_DATA_COLLECTION",1800,26,1630.0,1690.0,1,10454,8185,2429,10337,8091,2435,7206,5722,1627,3129,2353,767,0.3027576197387518,0.29139318885448917,0.3203842940685046,0.4594783874836624,0.8119048579088416,1.2427733464581978,0.9189567749673248,0.8119048579088416,0.8285155643054652,0.40341382181515406,0.3846557147850402,0.3816840811309158,100.0,100.0,5649,12338,3081,176,5964,109,0.031155956806514427,0.48338466526179286,0.03537812398571892,0.8,0.7000000000000001,0.30000000000000004,0.7000000000000001,50.0,70.0,80.0,0.8,0.7000000000000001,0.4,0.7000000000000001,60.0,80.0,70.0,8009,5952,2057,8009,0.2568360594331377,0.7932679164593961,1.0,0.7932679164593961,2153,0.36172715053763443,1.0,1
"iteration_2","SCOPE_DATA_COLLECTION",1800,26,1630.0,1690.0,2,10454,8185,2429,10337,8091,2435,7206,5722,1627,3129,2353,767,0.3027576197387518,0.29139318885448917,0.3203842940685046,0.4594783874836624,0.8119048579088416,1.2427733464581978,0.9189567749673248,0.8119048579088416,0.8285155643054652,0.40341382181515406,0.3846557147850402,0.3816840811309158,100.0,100.0,5649,12338,3081,176,5964,109,0.031155956806514427,0.48338466526179286,0.03537812398571892,0.8,0.7000000000000001,0.30000000000000004,0.7000000000000001,50.0,70.0,80.0,0.8,0.7000000000000001,0.4,0.7000000000000001,60.0,80.0,70.0,2430,1705,725,2430,0.29835390946502055,1.1617248090258074,1.5,0.774483206017205,597,0.3501466275659824,1.0,1
"iteration_2","SCOPE_DATA_COLLECTION",1800,27,1690.0,1750.0,0,10292,8009,2430,10454,8185,2429,7912,6023,1722,2478,2068,736,0.2384985563041386,0.2555926337906316,0.2994304312449146,0.44114165769543284,0.8016500407115882,1.1726630720931228,0.8822833153908657,0.8016500407115882,0.7817753813954152,0.3493427704752275,0.36725884110908186,0.35772357723577236,100.0,100.0,5661,12066,3004,224,5031,27,0.039568980745451336,0.4169567379413227,0.008988015978695073,0.8,0.7000000000000001,0.4,0.7000000000000001,60.0,80.0,70.0,0.25,0.9,0.7000000000000001,0.7000000000000001,75.0,75.0,60.0,10338,4704,5634,10338,0.5449796865931514,0.513003537402301,0.5,1.026007074804602,2425,0.5155187074829932,1.0,1
"iteration_2","SCOPE_DATA_COLLECTION",1800,27,1690.0,1750.0,1,10292,8009,2430,10454,8185,2429,7912,6023,1722,2478,2068,736,0.2384985563041386,0.2555926337906316,0.2994304312449146,0.44114165769543284,0.8016500407115882,1.1726630720931228,0.8822833153908657,0.8016500407115882,0.7817753813954152,0.3493427704752275,0.36725884110908186,0.35772357723577236,100.0,100.0,5661,12066,3004,224,5031,27,0.039568980745451336,0.4169567379413227,0.008988015978695073,0.8,0.7000000000000001,0.4,0.7000000000000001,60.0,80.0,70.0,0.25,0.9,0.7000000000000001,0.7000000000000001,75.0,75.0,60.0,7975,3515,4460,7975,0.5592476489028213,1.0243042544148637,1.0,1.0243042544148637,2001,0.5692745376955903,1.0,1
"iteration_2","SCOPE_DATA_COLLECTION",1800,27,1690.0,1750.0,2,10292,8009,2430,10454,8185,2429,7912,6023,1722,2478,2068,736,0.2384985563041386,0.2555926337906316,0.2994304312449146,0.44114165769543284,0.8016500407115882,1.1726630720931228,0.8822833153908657,0.8016500407115882,0.7817753813954152,0.3493427704752275,0.36725884110908186,0.35772357723577236,100.0,100.0,5661,12066,3004,224,5031,27,0.039568980745451336,0.4169567379413227,0.008988015978695073,0.8,0.7000000000000001,0.4,0.7000000000000001,60.0,80.0,70.0,0.25,0.9,0.7000000000000001,0.7000000000000001,75.0,75.0,60.0,2482,1029,1453,2482,0.5854149879129734,1.5493182051618632,1.5,1.0328788034412422,597,0.5801749271137027,1.0,1
"iteration_2","SCOPE_DATA_COLLECTION",1800,28,1750.0,1810.0,0,10338,7975,2482,10292,8009,2430,4718,3527,1037,5634,4460,1452,0.5442426584234931,0.5584074120445724,0.5833668139815187,0.5119676092376506,1.0167103279234646,1.5414282215520798,1.0239352184753012,1.0167103279234646,1.0276188143680531,0.5142009325985587,0.5659200453643323,0.5756991321118612,100.0,100.0,5788,3707,11300,300,4,11242,0.051831375259156875,0.0010790396547073105,0.9948672566371681,0.25,0.9,0.7000000000000001,0.7000000000000001,75.0,75.0,60.0,0.25,0.9,0.6000000000000001,0.8,65.0,85.0,60.0,10450,4694,5756,10450,0.5508133971291866,0.5163553434488748,0.5,1.0327106868977496,2419,0.5153387302939924,1.0,1
"iteration_2","SCOPE_DATA_COLLECTION",1800,28,1750.0,1810.0,1,10338,7975,2482,10292,8009,2430,4718,3527,1037,5634,4460,1452,0.5442426584234931,0.5584074120445724,0.5833668139815187,0.5119676092376506,1.0167103279234646,1.5414282215520798,1.0239352184753012,1.0167103279234646,1.0276188143680531,0.5142009325985587,0.5659200453643323,0.5756991321118612,100.0,100.0,5788,3707,11300,300,4,11242,0.051831375259156875,0.0010790396547073105,0.9948672566371681,0.25,0.9,0.7000000000000001,0.7000000000000001,75.0,75.0,60.0,0.25,0.9,0.6000000000000001,0.8,65.0,85.0,60.0,8093,3575,4518,8093,0.5582602248857037,1.0320272250947355,1.0,1.0320272250947355,2063,0.5770629370629371,1.0,1
"iteration_2","SCOPE_DATA_COLLECTION",1800,28,1750.0,1810.0,2,10338,7975,2482,10292,8009,2430,4718,3527,1037,5634,4460,1452,0.5442426584234931,0.5584074120445724,0.5833668139815187,0.5119676092376506,1.0167103279234646,1.5414282215520798,1.0239352184753012,1.0167103279234646,1.0276188143680531,0.5142009325985587,0.5659200453643323,0.5756991321118612,100.0,100.0,5788,3707,11300,300,4,11242,0.051831375259156875,0.0010790396547073105,0.9948672566371681,0.25,0.9,0.7000000000000001,0.7000000000000001,75.0,75.0,60.0,0.25,0.9,0.6000000000000001,0.8,65.0,85.0,60.0,2407,1015,1392,2407,0.5783132530120482,1.5108780882113382,1.5,1.0072520588075589,575,0.5665024630541872,1.0,1
"iteration_2","SCOPE_DATA_COLLECTION",1800,29,1810.0,1870.0,0,10450,8093,2407,10338,7975,2482,4693,3595,1014,5756,4518,1393,0.5508661115896258,0.5568840133119685,0.578728707935189,0.5171697153248016,1.0341949628886788,1.5114677643227934,1.0343394306496032,1.0341949628886788,1.0076451762151957,0.5163008736415938,0.5771905424200278,0.5660749506903353,100.0,100.0,5754,3824,11372,292,3,11372,0.05074730622175878,7.845188284518828E-4,1.0,0.25,0.9,0.6000000000000001,0.8,65.0,85.0,60.0,0.9,0.9,0.30000000000000004,0.1,65.0,90.0,30.0,10389,4585,5804,10389,0.5586678217345269,0.6009265040803041,0.5,1.2018530081606082,2607,0.5685932388222464,1.0,1
"iteration_2","SCOPE_DATA_COLLECTION",1800,29,1810.0,1870.0,1,10450,8093,2407,10338,7975,2482,4693,3595,1014,5756,4518,1393,0.5508661115896258,0.5568840133119685,0.578728707935189,0.5171697153248016,1.0341949628886788,1.5114677643227934,1.0343394306496032,1.0341949628886788,1.0076451762151957,0.5163008736415938,0.5771905424200278,0.5660749506903353,100.0,100.0,5754,3824,11372,292,3,11372,0.05074730622175878,7.845188284518828E-4,1.0,0.25,0.9,0.6000000000000001,0.8,65.0,85.0,60.0,0.9,0.9,0.30000000000000004,0.1,65.0,90.0,30.0,7981,3524,4457,7981,0.5584513218894875,1.103856923531485,1.0,1.103856923531485,2197,0.623439273552781,1.0,1
"iteration_2","SCOPE_DATA_COLLECTION",1800,29,1810.0,1870.0,2,10450,8093,2407,10338,7975,2482,4693,3595,1014,5756,4518,1393,0.5508661115896258,0.5568840133119685,0.578728707935189,0.5171697153248016,1.0341949628886788,1.5114677643227934,1.0343394306496032,1.0341949628886788,1.0076451762151957,0.5163008736415938,0.5771905424200278,0.5660749506903353,100.0,100.0,5754,3824,11372,292,3,11372,0.05074730622175878,7.845188284518828E-4,1.0,0.25,0.9,0.6000000000000001,0.8,65.0,85.0,60.0,0.9,0.9,0.30000000000000004,0.1,65.0,90.0,30.0,2359,974,1385,2359,0.5871131835523526,1.5627558702244786,1.5,1.041837246816319,591,0.606776180698152,1.0,1
"iteration_2","SCOPE_DATA_COLLECTION",1800,30,1870.0,1930.0,0,10389,7981,2359,10450,8093,2407,4589,3524,977,5798,4454,1385,0.55819774718398,0.5582852845324643,0.5863674851820491,0.6006670518507272,1.1062943375614742,1.5661486321640363,1.2013341037014544,1.1062943375614742,1.0440990881093575,0.5672259751579865,0.623439273552781,0.6059365404298874,100.0,100.0,5566,13711,1452,84,11538,15,0.015091627739849083,0.8415141127561812,0.010330578512396695,0.9,0.9,0.30000000000000004,0.1,65.0,90.0,30.0,0.9500000000000001,0.8,0.2,0.1,55.0,80.0,20.0,10375,3014,7361,10375,0.7094939759036144,0.678844885313493,0.5,1.357689770626986,2262,0.7504976775049768,1.0,1
"iteration_2","SCOPE_DATA_COLLECTION",1800,30,1870.0,1930.0,1,10389,7981,2359,10450,8093,2407,4589,3524,977,5798,4454,1385,0.55819774718398,0.5582852845324643,0.5863674851820491,0.6006670518507272,1.1062943375614742,1.5661486321640363,1.2013341037014544,1.1062943375614742,1.0440990881093575,0.5672259751579865,0.623439273552781,0.6059365404298874,100.0,100.0,5566,13711,1452,84,11538,15,0.015091627739849083,0.8415141127561812,0.010330578512396695,0.9,0.9,0.30000000000000004,0.1,65.0,90.0,30.0,0.9500000000000001,0.8,0.2,0.1,55.0,80.0,20.0,8124,2366,5758,8124,0.7087641555883801,1.3054403883158827,1.0,1.3054403883158827,2018,0.852916314454776,1.0,1
"iteration_2","SCOPE_DATA_COLLECTION",1800,30,1870.0,1930.0,2,10389,7981,2359,10450,8093,2407,4589,3524,977,5798,4454,1385,0.55819774718398,0.5582852845324643,0.5863674851820491,0.6006670518507272,1.1062943375614742,1.5661486321640363,1.2013341037014544,1.1062943375614742,1.0440990881093575,0.5672259751579865,0.623439273552781,0.6059365404298874,100.0,100.0,5566,13711,1452,84,11538,15,0.015091627739849083,0.8415141127561812,0.010330578512396695,0.9,0.9,0.30000000000000004,0.1,65.0,90.0,30.0,0.9500000000000001,0.8,0.2,0.1,55.0,80.0,20.0,2467,696,1771,2467,0.7178759627077422,2.0333920220705672,1.5,1.355594681380378,613,0.8807471264367817,1.0,1
"iteration_2","SCOPE_DATA_COLLECTION",1800,31,1930.0,1990.0,0,10375,8124,2467,10389,7981,2359,3028,2369,693,7367,5760,1771,0.7087061087061087,0.7085742403739698,0.71875,0.6794100145289806,1.3072408210253625,2.0279835346391244,1.3588200290579613,1.3072408210253625,1.3519890230927496,0.7509907529722589,0.8531025749261292,0.8816738816738817,100.0,100.0,5358,14826,782,64,14834,0,0.011944755505785741,1.0005395926075813,0.0,0.9500000000000001,0.8,0.2,0.1,55.0,80.0,20.0,0.9500000000000001,0.8,0.1,0.1,45.0,70.0,20.0,10252,3088,7164,10252,0.6987904799063598,0.6548114645925631,0.5,1.3096229291851262,2165,0.7011010362694301,1.0,1
"iteration_2","SCOPE_DATA_COLLECTION",1800,31,1930.0,1990.0,1,10375,8124,2467,10389,7981,2359,3028,2369,693,7367,5760,1771,0.7087061087061087,0.7085742403739698,0.71875,0.6794100145289806,1.3072408210253625,2.0279835346391244,1.3588200290579613,1.3072408210253625,1.3519890230927496,0.7509907529722589,0.8531025749261292,0.8816738816738817,100.0,100.0,5358,14826,782,64,14834,0,0.011944755505785741,1.0005395926075813,0.0,0.9500000000000001,0.8,0.2,0.1,55.0,80.0,20.0,0.9500000000000001,0.8,0.1,0.1,45.0,70.0,20.0,8118,2523,5595,8118,0.6892091648189209,1.1728953172159855,1.0,1.1728953172159855,1999,0.7923107411811335,1.0,1
"iteration_2","SCOPE_DATA_COLLECTION",1800,31,1930.0,1990.0,2,10375,8124,2467,10389,7981,2359,3028,2369,693,7367,5760,1771,0.7087061087061087,0.7085742403739698,0.71875,0.6794100145289806,1.3072408210253625,2.0279835346391244,1.3588200290579613,1.3072408210253625,1.3519890230927496,0.7509907529722589,0.8531025749261292,0.8816738816738817,100.0,100.0,5358,14826,782,64,14834,0,0.011944755505785741,1.0005395926075813,0.0,0.9500000000000001,0.8,0.2,0.1,55.0,80.0,20.0,0.9500000000000001,0.8,0.1,0.1,45.0,70.0,20.0,2439,719,1720,2439,0.7052070520705207,1.9651760424227662,1.5,1.3101173616151776,611,0.8497913769123783,1.0,1
"iteration_2","SCOPE_DATA_COLLECTION",1800,32,1990.0,2050.0,0,10252,8118,2439,10375,8124,2467,3080,2529,717,7159,5594,1718,0.699189373962301,0.6886618244490952,0.7055441478439425,0.6530050232213271,1.1715718713891237,1.9687295389538333,1.3060100464426543,1.1715718713891237,1.3124863593025555,0.7,0.7924080664294187,0.8479776847977685,100.0,100.0,5263,14761,785,38,14433,0,0.007220216606498195,0.9777792832463925,0.0,0.9500000000000001,0.8,0.1,0.1,45.0,70.0,20.0,0.9500000000000001,0.8,0.1,0.1,45.0,60.0,30.0,10465,3244,7221,10465,0.6900143334925943,0.6605819242070966,0.5,1.3211638484141932,2344,0.7225647348951911,1.0,1
"iteration_2","SCOPE_DATA_COLLECTION",1800,32,1990.0,2050.0,1,10252,8118,2439,10375,8124,2467,3080,2529,717,7159,5594,1718,0.699189373962301,0.6886618244490952,0.7055441478439425,0.6530050232213271,1.1715718713891237,1.9687295389538333,1.3060100464426543,1.1715718713891237,1.3124863593025555,0.7,0.7924080664294187,0.8479776847977685,100.0,100.0,5263,14761,785,38,14433,0,0.007220216606498195,0.9777792832463925,0.0,0.9500000000000001,0.8,0.1,0.1,45.0,70.0,20.0,0.9500000000000001,0.8,0.1,0.1,45.0,60.0,30.0,8094,2500,5594,8094,0.6911292315295281,1.19823616918781,1.0,1.19823616918781,2008,0.8032,1.0,1
"iteration_2","SCOPE_DATA_COLLECTION",1800,32,1990.0,2050.0,2,10252,8118,2439,10375,8124,2467,3080,2529,717,7159,5594,1718,0.699189373962301,0.6886618244490952,0.7055441478439425,0.6530050232213271,1.1715718713891237,1.9687295389538333,1.3060100464426543,1.1715718713891237,1.3124863593025555,0.7,0.7924080664294187,0.8479776847977685,100.0,100.0,5263,14761,785,38,14433,0,0.007220216606498195,0.9777792832463925,0.0,0.9500000000000001,0.8,0.1,0.1,45.0,70.0,20.0,0.9500000000000001,0.8,0.1,0.1,45.0,60.0,30.0,2304,682,1622,2304,0.7039930555555556,1.9492362343094574,1.5,1.2994908228729716,571,0.8372434017595308,1.0,1
"iteration_2","SCOPE_DATA_COLLECTION",1800,33,2050.0,2110.0,0,10465,8094,2304,10252,8118,2439,3245,2502,690,7223,5592,1622,0.6900076423385556,0.6908821349147517,0.7015570934256056,0.6615029342883805,1.2023772651067401,1.9503158209224563,1.323005868576761,1.2023772651067401,1.3002105472816374,0.7229583975346687,0.8045563549160671,0.8391304347826087,100.0,100.0,5409,14677,777,39,14398,0,0.007210205213533,0.9809906656673707,0.0,0.9500000000000001,0.8,0.1,0.1,45.0,60.0,30.0,0.7000000000000001,0.2,0.5,0.2,25.0,30.0,60.0,10351,9076,1275,10351,0.12317650468553763,0.3930593695464025,0.5,0.786118739092805,2532,0.2789775231379462,1.0,1
"iteration_2","SCOPE_DATA_COLLECTION",1800,33,2050.0,2110.0,1,10465,8094,2304,10252,8118,2439,3245,2502,690,7223,5592,1622,0.6900076423385556,0.6908821349147517,0.7015570934256056,0.6615029342883805,1.2023772651067401,1.9503158209224563,1.323005868576761,1.2023772651067401,1.3002105472816374,0.7229583975346687,0.8045563549160671,0.8391304347826087,100.0,100.0,5409,14677,777,39,14398,0,0.007210205213533,0.9809906656673707,0.0,0.9500000000000001,0.8,0.1,0.1,45.0,60.0,30.0,0.7000000000000001,0.2,0.5,0.2,25.0,30.0,60.0,8054,6964,1090,8054,0.1353364787683139,0.7429480638459156,1.0,0.7429480638459156,2210,0.3173463526708788,1.0,1
"iteration_2","SCOPE_DATA_COLLECTION",1800,33,2050.0,2110.0,2,10465,8094,2304,10252,8118,2439,3245,2502,690,7223,5592,1622,0.6900076423385556,0.6908821349147517,0.7015570934256056,0.6615029342883805,1.2023772651067401,1.9503158209224563,1.323005868576761,1.2023772651067401,1.3002105472816374,0.7229583975346687,0.8045563549160671,0.8391304347826087,100.0,100.0,5409,14677,777,39,14398,0,0.007210205213533,0.9809906656673707,0.0,0.9500000000000001,0.8,0.1,0.1,45.0,60.0,30.0,0.7000000000000001,0.2,0.5,0.2,25.0,30.0,60.0,2427,2074,353,2427,0.1454470539761022,1.08672844927218,1.5,0.7244856328481201,651,0.31388621022179364,1.0,1
"iteration_2","SCOPE_DATA_COLLECTION",1800,34,2110.0,2170.0,0,10351,8054,2427,10465,8094,2304,9038,6910,2047,1278,1092,352,0.12388522683210547,0.13646588352911773,0.14672780325135473,0.39026427965622457,0.7379854245716946,1.0880191953056664,0.7805285593124491,0.7379854245716946,0.7253461302037776,0.27782695286567827,0.3154848046309696,0.3160723009281876,100.0,100.0,5632,10677,4523,162,1082,1478,0.028764204545454544,0.10133932752645874,0.3267742648684501,0.7000000000000001,0.2,0.5,0.2,25.0,30.0,60.0,0.8500000000000001,0.5,0.30000000000000004,0.5,50.0,70.0,70.0,10180,5755,4425,10180,0.4346758349705305,0.5079715829714081,0.5,1.0159431659428162,2593,0.45056472632493483,1.0,1
"iteration_2","SCOPE_DATA_COLLECTION",1800,34,2110.0,2170.0,1,10351,8054,2427,10465,8094,2304,9038,6910,2047,1278,1092,352,0.12388522683210547,0.13646588352911773,0.14672780325135473,0.39026427965622457,0.7379854245716946,1.0880191953056664,0.7805285593124491,0.7379854245716946,0.7253461302037776,0.27782695286567827,0.3154848046309696,0.3160723009281876,100.0,100.0,5632,10677,4523,162,1082,1478,0.028764204545454544,0.10133932752645874,0.3267742648684501,0.7000000000000001,0.2,0.5,0.2,25.0,30.0,60.0,0.8500000000000001,0.5,0.30000000000000004,0.5,50.0,70.0,70.0,8168,4538,3630,8168,0.44441723800195887,0.9515960411078553,1.0,0.9515960411078553,2219,0.4889819303657999,1.0,1
"iteration_2","SCOPE_DATA_COLLECTION",1800,34,2110.0,2170.0,2,10351,8054,2427,10465,8094,2304,9038,6910,2047,1278,1092,352,0.12388522683210547,0.13646588352911773,0.14672780325135473,0.39026427965622457,0.7379854245716946,1.0880191953056664,0.7805285593124491,0.7379854245716946,0.7253461302037776,0.27782695286567827,0.3154848046309696,0.3160723009281876,100.0,100.0,5632,10677,4523,162,1082,1478,0.028764204545454544,0.10133932752645874,0.3267742648684501,0.7000000000000001,0.2,0.5,0.2,25.0,30.0,60.0,0.8500000000000001,0.5,0.30000000000000004,0.5,50.0,70.0,70.0,2396,1241,1155,2396,0.4820534223706177,1.4462109895345614,1.5,0.9641406596897076,617,0.49717969379532634,1.0,1
"iteration_2","SCOPE_DATA_COLLECTION",1800,35,2170.0,2230.0,0,10180,8168,2396,10351,8054,2427,5781,4587,1254,4423,3632,1157,0.4334574676597413,0.44190290789633774,0.479883865615927,0.5103418408651615,0.9543670068394553,1.4267877343888504,1.020683681730323,0.9543670068394553,0.9511918229259003,0.44992215879605607,0.4892086330935252,0.48564593301435405,97.5,100.0,5653,12851,2240,191,8976,45,0.03378736953829825,0.6984670453661194,0.020089285714285716,0.8500000000000001,0.5,0.30000000000000004,0.5,50.0,70.0,70.0,0.8500000000000001,0.5,0.30000000000000004,0.5,50.0,70.0,70.0,10089,5811,4278,10089,0.424026167112697,0.48981622381045276,0.5,0.9796324476209055,2576,0.4432971949750473,1.0,1
"iteration_2","SCOPE_DATA_COLLECTION",1800,35,2170.0,2230.0,1,10180,8168,2396,10351,8054,2427,5781,4587,1254,4423,3632,1157,0.4334574676597413,0.44190290789633774,0.479883865615927,0.5103418408651615,0.9543670068394553,1.4267877343888504,1.020683681730323,0.9543670068394553,0.9511918229259003,0.44992215879605607,0.4892086330935252,0.48564593301435405,97.5,100.0,5653,12851,2240,191,8976,45,0.03378736953829825,0.6984670453661194,0.020089285714285716,0.8500000000000001,0.5,0.30000000000000004,0.5,50.0,70.0,70.0,0.8500000000000001,0.5,0.30000000000000004,0.5,50.0,70.0,70.0,8188,4565,3623,8188,0.44247679531021006,0.912895053218107,1.0,0.912895053218107,2123,0.4650602409638554,1.0,1
"iteration_2","SCOPE_DATA_COLLECTION",1800,35,2170.0,2230.0,2,10180,8168,2396,10351,8054,2427,5781,4587,1254,4423,3632,1157,0.4334574676597413,0.44190290789633774,0.479883865615927,0.5103418408651615,0.9543670068394553,1.4267877343888504,1.020683681730323,0.9543670068394553,0.9511918229259003,0.44992215879605607,0.4892086330935252,0.48564593301435405,97.5,100.0,5653,12851,2240,191,8976,45,0.03378736953829825,0.6984670453661194,0.020089285714285716,0.8500000000000001,0.5,0.30000000000000004,0.5,50.0,70.0,70.0,0.8500000000000001,0.5,0.30000000000000004,0.5,50.0,70.0,70.0,2466,1351,1115,2466,0.4521492295214923,1.3438754630907856,1.5,0.8959169753938571,609,0.45077720207253885,1.0,1
"iteration_2","SCOPE_DATA_COLLECTION",1800,36,2230.0,2290.0,0,10089,8188,2466,10180,8168,2396,5799,4548,1343,4280,3622,1115,0.42464530211330487,0.44332925336597306,0.45362082994304315,0.49128642214049273,0.9153221163074471,1.353665052589826,0.9825728442809855,0.9153221163074471,0.9024433683932173,0.4462838420417313,0.4667985927880387,0.4564408041697692,100.0,100.0,5558,12844,2341,163,8854,0,0.029327096077725802,0.6893491124260355,0.0,0.8500000000000001,0.5,0.30000000000000004,0.5,50.0,70.0,70.0,0.25,0.5,0.9,0.30000000000000004,30.0,55.0,45.0,10429,4763,5666,10429,0.5432927413941893,0.5073642047603205,0.5,1.014728409520641,2445,0.5133319336552593,1.0,1
"iteration_2","SCOPE_DATA_COLLECTION",1800,36,2230.0,2290.0,1,10089,8188,2466,10180,8168,2396,5799,4548,1343,4280,3622,1115,0.42464530211330487,0.44332925336597306,0.45362082994304315,0.49128642214049273,0.9153221163074471,1.353665052589826,0.9825728442809855,0.9153221163074471,0.9024433683932173,0.4462838420417313,0.4667985927880387,0.4564408041697692,100.0,100.0,5558,12844,2341,163,8854,0,0.029327096077725802,0.6893491124260355,0.0,0.8500000000000001,0.5,0.30000000000000004,0.5,50.0,70.0,70.0,0.25,0.5,0.9,0.30000000000000004,30.0,55.0,45.0,8035,3536,4499,8035,0.5599253266957063,1.057956761184416,1.0,1.057956761184416,2049,0.5794683257918553,1.0,1
"iteration_2","SCOPE_DATA_COLLECTION",1800,36,2230.0,2290.0,2,10089,8188,2466,10180,8168,2396,5799,4548,1343,4280,3622,1115,0.42464530211330487,0.44332925336597306,0.45362082994304315,0.49128642214049273,0.9153221163074471,1.353665052589826,0.9825728442809855,0.9153221163074471,0.9024433683932173,0.4462838420417313,0.4667985927880387,0.4564408041697692,100.0,100.0,5558,12844,2341,163,8854,0,0.029327096077725802,0.6893491124260355,0.0,0.8500000000000001,0.5,0.30000000000000004,0.5,50.0,70.0,70.0,0.25,0.5,0.9,0.30000000000000004,30.0,55.0,45.0,2411,999,1412,2411,0.5856491082538365,1.548833696162748,1.5,1.032555797441832,590,0.5905905905905906,1.0,1
"iteration_2","SCOPE_DATA_COLLECTION",1800,37,2290.0,2350.0,0,10429,8035,2411,10089,8188,2466,4776,3540,1011,5666,4500,1413,0.542616357019728,0.5597014925373134,0.5829207920792079,0.5070736857984846,1.0513517213898425,1.5348353306994003,1.014147371596969,1.0513517213898425,1.0232235537996002,0.5110971524288107,0.5765536723163842,0.5835806132542037,100.0,100.0,5693,3820,11362,243,37,11299,0.04268399789214825,0.00968586387434555,0.994455201549023,0.25,0.5,0.9,0.30000000000000004,30.0,55.0,45.0,0.9500000000000001,0.6000000000000001,0.2,0.1,80.0,75.0,80.0,10277,3270,7007,10277,0.6818137588790503,0.6341291397478824,0.5,1.2682582794957649,2322,0.710091743119266,1.0,1
"iteration_2","SCOPE_DATA_COLLECTION",1800,37,2290.0,2350.0,1,10429,8035,2411,10089,8188,2466,4776,3540,1011,5666,4500,1413,0.542616357019728,0.5597014925373134,0.5829207920792079,0.5070736857984846,1.0513517213898425,1.5348353306994003,1.014147371596969,1.0513517213898425,1.0232235537996002,0.5110971524288107,0.5765536723163842,0.5835806132542037,100.0,100.0,5693,3820,11362,243,37,11299,0.04268399789214825,0.00968586387434555,0.994455201549023,0.25,0.5,0.9,0.30000000000000004,30.0,55.0,45.0,0.9500000000000001,0.6000000000000001,0.2,0.1,80.0,75.0,80.0,8249,2613,5636,8249,0.6832343314341133,1.2091895824928578,1.0,1.2091895824928578,2038,0.7799464217374665,1.0,1
"iteration_2","SCOPE_DATA_COLLECTION",1800,37,2290.0,2350.0,2,10429,8035,2411,10089,8188,2466,4776,3540,1011,5666,4500,1413,0.542616357019728,0.5597014925373134,0.5829207920792079,0.5070736857984846,1.0513517213898425,1.5348353306994003,1.014147371596969,1.0513517213898425,1.0232235537996002,0.5110971524288107,0.5765536723163842,0.5835806132542037,100.0,100.0,5693,3820,11362,243,37,11299,0.04268399789214825,0.00968586387434555,0.994455201549023,0.25,0.5,0.9,0.30000000000000004,30.0,55.0,45.0,0.9500000000000001,0.6000000000000001,0.2,0.1,80.0,75.0,80.0,2406,765,1641,2406,0.6820448877805486,1.863477222056879,1.5,1.2423181480379193,606,0.792156862745098,1.0,1
"iteration_2","SCOPE_DATA_COLLECTION",1800,38,2350.0,2410.0,0,10277,8249,2406,10429,8035,2411,3258,2621,773,7006,5634,1640,0.6825798908807482,0.682495457298607,0.6796518856195607,0.6325930754752951,1.2116828085245073,1.8730443620346262,1.2651861509505902,1.2116828085245073,1.2486962413564175,0.7071823204419889,0.7771842808088516,0.7917205692108668,97.5,100.0,5417,14723,792,58,14218,4,0.010707033413328411,0.965699925286966,0.005050505050505051,0.9500000000000001,0.6000000000000001,0.2,0.1,80.0,75.0,80.0,0.75,0.4,0.1,0.1,95.0,95.0,25.0,10506,8312,2194,10506,0.20883304778221967,0.48825404568741604,0.5,0.9765080913748321,2760,0.3320500481231954,1.0,1
"iteration_2","SCOPE_DATA_COLLECTION",1800,38,2350.0,2410.0,1,10277,8249,2406,10429,8035,2411,3258,2621,773,7006,5634,1640,0.6825798908807482,0.682495457298607,0.6796518856195607,0.6325930754752951,1.2116828085245073,1.8730443620346262,1.2651861509505902,1.2116828085245073,1.2486962413564175,0.7071823204419889,0.7771842808088516,0.7917205692108668,97.5,100.0,5417,14723,792,58,14218,4,0.010707033413328411,0.965699925286966,0.005050505050505051,0.9500000000000001,0.6000000000000001,0.2,0.1,80.0,75.0,80.0,0.75,0.4,0.1,0.1,95.0,95.0,25.0,8164,6443,1721,8164,0.21080352768250857,0.7709284075982432,1.0,0.7709284075982432,2205,0.3422318795592115,1.0,1
"iteration_2","SCOPE_DATA_COLLECTION",1800,38,2350.0,2410.0,2,10277,8249,2406,10429,8035,2411,3258,2621,773,7006,5634,1640,0.6825798908807482,0.682495457298607,0.6796518856195607,0.6325930754752951,1.2116828085245073,1.8730443620346262,1.2651861509505902,1.2116828085245073,1.2486962413564175,0.7071823204419889,0.7771842808088516,0.7917205692108668,97.5,100.0,5417,14723,792,58,14218,4,0.010707033413328411,0.965699925286966,0.005050505050505051,0.9500000000000001,0.6000000000000001,0.2,0.1,80.0,75.0,80.0,0.75,0.4,0.1,0.1,95.0,95.0,25.0,2474,1870,604,2474,0.24413904607922393,1.1553925657527113,1.5,0.7702617105018076,631,0.33743315508021393,1.0,1
"iteration_2","SCOPE_DATA_COLLECTION",1800,39,2410.0,2470.0,0,10506,8164,2474,10277,8249,2406,8308,6403,1863,2195,1723,605,0.2089879082167,0.21203544179177947,0.24513776337115073,0.4898643841597658,0.7759026580183186,1.1587653847694628,0.9797287683195316,0.7759026580183186,0.7725102565129752,0.3344968704862783,0.3457754177729189,0.3397745571658615,97.5,100.0,5384,11808,3952,69,4022,432,0.012815750371471025,0.34061653116531165,0.10931174089068826,0.75,0.4,0.1,0.1,95.0,95.0,25.0,0.65,0.30000000000000004,0.2,0.1,95.0,85.0,20.0,10308,7950,2358,10308,0.22875436554132714,0.3675331041644689,0.5,0.7350662083289378,2435,0.3062893081761006,1.0,1
"iteration_2","SCOPE_DATA_COLLECTION",1800,39,2410.0,2470.0,1,10506,8164,2474,10277,8249,2406,8308,6403,1863,2195,1723,605,0.2089879082167,0.21203544179177947,0.24513776337115073,0.4898643841597658,0.7759026580183186,1.1587653847694628,0.9797287683195316,0.7759026580183186,0.7725102565129752,0.3344968704862783,0.3457754177729189,0.3397745571658615,97.5,100.0,5384,11808,3952,69,4022,432,0.012815750371471025,0.34061653116531165,0.10931174089068826,0.75,0.4,0.1,0.1,95.0,95.0,25.0,0.65,0.30000000000000004,0.2,0.1,95.0,85.0,20.0,8298,6348,1950,8298,0.23499638467100506,0.6788125985202887,1.0,0.6788125985202887,2051,0.32309388783868936,1.0,1
"iteration_2","SCOPE_DATA_COLLECTION",1800,39,2410.0,2470.0,2,10506,8164,2474,10277,8249,2406,8308,6403,1863,2195,1723,605,0.2089879082167,0.21203544179177947,0.24513776337115073,0.4898643841597658,0.7759026580183186,1.1587653847694628,0.9797287683195316,0.7759026580183186,0.7725102565129752,0.3344968704862783,0.3457754177729189,0.3397745571658615,97.5,100.0,5384,11808,3952,69,4022,432,0.012815750371471025,0.34061653116531165,0.10931174089068826,0.75,0.4,0.1,0.1,95.0,95.0,25.0,0.65,0.30000000000000004,0.2,0.1,95.0,85.0,20.0,2367,1796,571,2367,0.2412336290663287,1.053431485999014,1.5,0.702287657332676,607,0.33797327394209353,1.0,1
"iteration_2","SCOPE_DATA_COLLECTION",1800,40,2470.0,2530.0,0,10308,8298,2367,10506,8164,2474,7968,6369,1796,2358,1950,568,0.2283556072051133,0.23440317345834835,0.24027072758037224,0.3673082637214817,0.6744449889777692,1.0488489376190484,0.7346165274429634,0.6744449889777692,0.6992326250793656,0.3054718875502008,0.32014444967812844,0.3357461024498886,97.5,100.0,5533,9929,5511,70,169,4637,0.012651364540032533,0.017020848020948737,0.8414080929050989,0.65,0.30000000000000004,0.2,0.1,95.0,85.0,20.0,0.4,0.8,0.2,0.8,35.0,35.0,40.0,10300,5761,4539,10300,0.4406796116504854,0.4269051900631507,0.5,0.8538103801263014,2313,0.4014927963895157,1.0,1
"iteration_2","SCOPE_DATA_COLLECTION",1800,40,2470.0,2530.0,1,10308,8298,2367,10506,8164,2474,7968,6369,1796,2358,1950,568,0.2283556072051133,0.23440317345834835,0.24027072758037224,0.3673082637214817,0.6744449889777692,1.0488489376190484,0.7346165274429634,0.6744449889777692,0.6992326250793656,0.3054718875502008,0.32014444967812844,0.3357461024498886,97.5,100.0,5533,9929,5511,70,169,4637,0.012651364540032533,0.017020848020948737,0.8414080929050989,0.65,0.30000000000000004,0.2,0.1,95.0,85.0,20.0,0.4,0.8,0.2,0.8,35.0,35.0,40.0,8270,4538,3732,8270,0.45126964933494557,0.7898556767005928,1.0,0.7898556767005928,2010,0.44292639929484356,1.0,1
"iteration_2","SCOPE_DATA_COLLECTION",1800,40,2470.0,2530.0,2,10308,8298,2367,10506,8164,2474,7968,6369,1796,2358,1950,568,0.2283556072051133,0.23440317345834835,0.24027072758037224,0.3673082637214817,0.6744449889777692,1.0488489376190484,0.7346165274429634,0.6744449889777692,0.6992326250793656,0.3054718875502008,0.32014444967812844,0.3357461024498886,97.5,100.0,5533,9929,5511,70,169,4637,0.012651364540032533,0.017020848020948737,0.8414080929050989,0.65,0.30000000000000004,0.2,0.1,95.0,85.0,20.0,0.4,0.8,0.2,0.8,35.0,35.0,40.0,2418,1319,1099,2418,0.4545078577336642,1.2511506536377444,1.5,0.8341004357584962,587,0.4450341167551175,1.0,1
"iteration_2","SCOPE_DATA_COLLECTION",1800,41,2530.0,2590.0,0,10300,8270,2418,10308,8298,2367,5753,4561,1325,4539,3732,1102,0.4410221531286436,0.4500180875437116,0.4540585084466419,0.4253003107967,0.790394866950337,1.2512323458130354,0.8506006215934,0.790394866950337,0.8341548972086903,0.40048670258995306,0.4428853321639991,0.4460377358490566,97.5,100.0,5492,6298,9198,167,8,9198,0.03040786598689002,0.0012702445220704986,1.0,0.4,0.8,0.2,0.8,35.0,35.0,40.0,0.30000000000000004,0.30000000000000004,0.6000000000000001,0.1,60.0,30.0,85.0,10173,4934,5239,10173,0.5149906615550969,0.4473197376283571,0.5,0.8946394752567142,2202,0.4462910417511147,1.0,1
"iteration_2","SCOPE_DATA_COLLECTION",1800,41,2530.0,2590.0,1,10300,8270,2418,10308,8298,2367,5753,4561,1325,4539,3732,1102,0.4410221531286436,0.4500180875437116,0.4540585084466419,0.4253003107967,0.790394866950337,1.2512323458130354,0.8506006215934,0.790394866950337,0.8341548972086903,0.40048670258995306,0.4428853321639991,0.4460377358490566,97.5,100.0,5492,6298,9198,167,8,9198,0.03040786598689002,0.0012702445220704986,1.0,0.4,0.8,0.2,0.8,35.0,35.0,40.0,0.30000000000000004,0.30000000000000004,0.6000000000000001,0.1,60.0,30.0,85.0,8148,3914,4234,8148,0.5196367206676485,0.9812726711899405,1.0,0.9812726711899405,2098,0.5360245273377618,1.0,1
"iteration_2","SCOPE_DATA_COLLECTION",1800,41,2530.0,2590.0,2,10300,8270,2418,10308,8298,2367,5753,4561,1325,4539,3732,1102,0.4410221531286436,0.4500180875437116,0.4540585084466419,0.4253003107967,0.790394866950337,1.2512323458130354,0.8506006215934,0.790394866950337,0.8341548972086903,0.40048670258995306,0.4428853321639991,0.4460377358490566,97.5,100.0,5492,6298,9198,167,8,9198,0.03040786598689002,0.0012702445220704986,1.0,0.4,0.8,0.2,0.8,35.0,35.0,40.0,0.30000000000000004,0.30000000000000004,0.6000000000000001,0.1,60.0,30.0,85.0,2446,1175,1271,2446,0.5196238757154538,1.36114773523669,1.5,0.9074318234911267,617,0.5251063829787234,1.0,1
"iteration_2","SCOPE_DATA_COLLECTION",1800,42,2590.0,2650.0,0,10173,8148,2446,10300,8270,2418,4941,3907,1166,5239,4234,1271,0.5146365422396857,0.5200835278221349,0.5215428805908905,0.4485809171021794,0.9775189843126638,1.359294893142051,0.8971618342043588,0.9775189843126638,0.906196595428034,0.4482898198745193,0.5364729971845406,0.5231560891938251,100.0,100.0,5493,4658,10616,126,2,10616,0.022938285090114693,4.2936882782310007E-4,1.0,0.30000000000000004,0.30000000000000004,0.6000000000000001,0.1,60.0,30.0,85.0,0.2,0.1,0.1,0.5,50.0,60.0,40.0,9967,4148,5819,9967,0.5838266278719775,0.4213254629412621,0.5,0.8426509258825242,1817,0.43804243008678884,1.0,1
"iteration_2","SCOPE_DATA_COLLECTION",1800,42,2590.0,2650.0,1,10173,8148,2446,10300,8270,2418,4941,3907,1166,5239,4234,1271,0.5146365422396857,0.5200835278221349,0.5215428805908905,0.4485809171021794,0.9775189843126638,1.359294893142051,0.8971618342043588,0.9775189843126638,0.906196595428034,0.4482898198745193,0.5364729971845406,0.5231560891938251,100.0,100.0,5493,4658,10616,126,2,10616,0.022938285090114693,4.2936882782310007E-4,1.0,0.30000000000000004,0.30000000000000004,0.6000000000000001,0.1,60.0,30.0,85.0,0.2,0.1,0.1,0.5,50.0,60.0,40.0,8312,3363,4949,8312,0.5954042348411934,0.990734925095591,1.0,0.990734925095591,2138,0.6357418971156705,1.0,1
"iteration_2","SCOPE_DATA_COLLECTION",1800,42,2590.0,2650.0,2,10173,8148,2446,10300,8270,2418,4941,3907,1166,5239,4234,1271,0.5146365422396857,0.5200835278221349,0.5215428805908905,0.4485809171021794,0.9775189843126638,1.359294893142051,0.8971618342043588,0.9775189843126638,0.906196595428034,0.4482898198745193,0.5364729971845406,0.5231560891938251,100.0,100.0,5493,4658,10616,126,2,10616,0.022938285090114693,4.2936882782310007E-4,1.0,0.30000000000000004,0.30000000000000004,0.6000000000000001,0.1,60.0,30.0,85.0,0.2,0.1,0.1,0.5,50.0,60.0,40.0,2321,904,1417,2321,0.6105127100387764,1.612878158208168,1.5,1.075252105472112,590,0.6526548672566371,1.0,1
"iteration_2","SCOPE_DATA_COLLECTION",1800,43,2650.0,2710.0,0,9967,8312,2321,10173,8148,2446,4168,3362,907,5819,4949,1417,0.5826574546910984,0.595475875345927,0.6097246127366609,0.4235005112029916,0.9959081748460451,1.6095367580308908,0.8470010224059832,0.9959081748460451,1.0730245053539271,0.43953934740882916,0.6356335514574658,0.6515986769570011,95.0,100.0,5563,2931,12106,77,2,12106,0.013841452453712025,6.82360968952576E-4,1.0,0.2,0.1,0.1,0.5,50.0,60.0,40.0,0.8500000000000001,0.30000000000000004,0.7000000000000001,0.8,20.0,45.0,40.0,10272,6357,3915,10272,0.38113317757009346,0.5165833980674788,0.5,1.0331667961349575,2770,0.43574012899166276,1.0,1
"iteration_2","SCOPE_DATA_COLLECTION",1800,43,2650.0,2710.0,1,9967,8312,2321,10173,8148,2446,4168,3362,907,5819,4949,1417,0.5826574546910984,0.595475875345927,0.6097246127366609,0.4235005112029916,0.9959081748460451,1.6095367580308908,0.8470010224059832,0.9959081748460451,1.0730245053539271,0.43953934740882916,0.6356335514574658,0.6515986769570011,95.0,100.0,5563,2931,12106,77,2,12106,0.013841452453712025,6.82360968952576E-4,1.0,0.2,0.1,0.1,0.5,50.0,60.0,40.0,0.8500000000000001,0.30000000000000004,0.7000000000000001,0.8,20.0,45.0,40.0,8265,4718,3547,8265,0.42915910465819723,0.9656838770905555,1.0,0.9656838770905555,2220,0.4705383637134379,1.0,1
"iteration_2","SCOPE_DATA_COLLECTION",1800,43,2650.0,2710.0,2,9967,8312,2321,10173,8148,2446,4168,3362,907,5819,4949,1417,0.5826574546910984,0.595475875345927,0.6097246127366609,0.4235005112029916,0.9959081748460451,1.6095367580308908,0.8470010224059832,0.9959081748460451,1.0730245053539271,0.43953934740882916,0.6356335514574658,0.6515986769570011,95.0,100.0,5563,2931,12106,77,2,12106,0.013841452453712025,6.82360968952576E-4,1.0,0.2,0.1,0.1,0.5,50.0,60.0,40.0,0.8500000000000001,0.30000000000000004,0.7000000000000001,0.8,20.0,45.0,40.0,2440,1338,1102,2440,0.4516393442622951,1.3536250353858819,1.5,0.9024166902572546,593,0.4431988041853513,1.0,1
"iteration_2","SCOPE_DATA_COLLECTION",1800,44,2710.0,2770.0,0,10272,8265,2440,9967,8312,2321,6269,4658,1323,3912,3540,1100,0.3842451625577055,0.43181263722859237,0.45398266611638466,0.479209004740351,0.9333225501674179,1.3366213649845051,0.958418009480702,0.9333225501674179,0.89108090998967,0.43005263997447757,0.46887075998282524,0.4459561602418745,100.0,100.0,5919,12799,2259,277,8265,10,0.04679844568339246,0.6457535744980076,0.004426737494466578,0.8500000000000001,0.30000000000000004,0.7000000000000001,0.8,20.0,45.0,40.0,0.75,0.30000000000000004,0.8,0.9,20.0,55.0,30.0,10152,8668,1484,10152,0.1461780929866036,0.393007216094314,0.5,0.786014432188628,2722,0.3140286109829257,1.0,1
"iteration_2","SCOPE_DATA_COLLECTION",1800,44,2710.0,2770.0,1,10272,8265,2440,9967,8312,2321,6269,4658,1323,3912,3540,1100,0.3842451625577055,0.43181263722859237,0.45398266611638466,0.479209004740351,0.9333225501674179,1.3366213649845051,0.958418009480702,0.9333225501674179,0.89108090998967,0.43005263997447757,0.46887075998282524,0.4459561602418745,100.0,100.0,5919,12799,2259,277,8265,10,0.04679844568339246,0.6457535744980076,0.004426737494466578,0.8500000000000001,0.30000000000000004,0.7000000000000001,0.8,20.0,45.0,40.0,0.75,0.30000000000000004,0.8,0.9,20.0,55.0,30.0,8194,6881,1313,8194,0.16023919941420553,0.7575289470956088,1.0,0.7575289470956088,2248,0.3266967010608923,1.0,1
"iteration_2","SCOPE_DATA_COLLECTION",1800,44,2710.0,2770.0,2,10272,8265,2440,9967,8312,2321,6269,4658,1323,3912,3540,1100,0.3842451625577055,0.43181263722859237,0.45398266611638466,0.479209004740351,0.9333225501674179,1.3366213649845051,0.958418009480702,0.9333225501674179,0.89108090998967,0.43005263997447757,0.46887075998282524,0.4459561602418745,100.0,100.0,5919,12799,2259,277,8265,10,0.04679844568339246,0.6457535744980076,0.004426737494466578,0.8500000000000001,0.30000000000000004,0.7000000000000001,0.8,20.0,45.0,40.0,0.75,0.30000000000000004,0.8,0.9,20.0,55.0,30.0,2437,1995,442,2437,0.1813705375461633,1.080827372282894,1.5,0.7205515815219293,589,0.29523809523809524,1.0,1
"iteration_2","SCOPE_DATA_COLLECTION",1800,45,2770.0,2830.0,0,10152,8194,2437,10272,8265,2440,8719,6921,1994,1487,1320,444,0.14569860866157164,0.16017473607571897,0.18211648892534865,0.4191992880229928,0.7791609638113971,1.095799192072649,0.8383985760459856,0.7791609638113971,0.7305327947150994,0.3175822915471958,0.3287097240283196,0.2958876629889669,97.5,100.0,5859,11157,3767,272,2475,504,0.046424304488820615,0.22183382629739176,0.13379346960445979,0.75,0.30000000000000004,0.8,0.9,20.0,55.0,30.0,0.2,0.30000000000000004,0.30000000000000004,0.9,65.0,45.0,60.0,10419,4307,6112,10419,0.5866205969862751,0.509161589088423,0.5,1.018323178176846,2333,0.5416763408404922,1.0,1
"iteration_2","SCOPE_DATA_COLLECTION",1800,45,2770.0,2830.0,1,10152,8194,2437,10272,8265,2440,8719,6921,1994,1487,1320,444,0.14569860866157164,0.16017473607571897,0.18211648892534865,0.4191992880229928,0.7791609638113971,1.095799192072649,0.8383985760459856,0.7791609638113971,0.7305327947150994,0.3175822915471958,0.3287097240283196,0.2958876629889669,97.5,100.0,5859,11157,3767,272,2475,504,0.046424304488820615,0.22183382629739176,0.13379346960445979,0.75,0.30000000000000004,0.8,0.9,20.0,55.0,30.0,0.2,0.30000000000000004,0.30000000000000004,0.9,65.0,45.0,60.0,8194,3400,4794,8194,0.5850622406639004,1.0487944380755674,1.0,1.0487944380755674,2110,0.6205882352941177,1.0,1
"iteration_2","SCOPE_DATA_COLLECTION",1800,45,2770.0,2830.0,2,10152,8194,2437,10272,8265,2440,8719,6921,1994,1487,1320,444,0.14569860866157164,0.16017473607571897,0.18211648892534865,0.4191992880229928,0.7791609638113971,1.095799192072649,0.8383985760459856,0.7791609638113971,0.7305327947150994,0.3175822915471958,0.3287097240283196,0.2958876629889669,97.5,100.0,5859,11157,3767,272,2475,504,0.046424304488820615,0.22183382629739176,0.13379346960445979,0.75,0.30000000000000004,0.8,0.9,20.0,55.0,30.0,0.2,0.30000000000000004,0.30000000000000004,0.9,65.0,45.0,60.0,2403,930,1473,2403,0.6129837702871411,1.6146180343845489,1.5,1.0764120229230325,578,0.621505376344086,1.0,1
"iteration_2","SCOPE_DATA_COLLECTION",1800,46,2830.0,2890.0,0,10419,8194,2403,10152,8194,2437,4327,3435,946,6112,4794,1473,0.5854966950857362,0.5825738242799854,0.6089293096320794,0.5103466759023344,1.0531463997511177,1.6013800654305683,1.0206933518046688,1.0531463997511177,1.0675867102870455,0.541714813958863,0.6203784570596798,0.6109936575052854,100.0,100.0,5697,3113,12206,223,6,12150,0.039143408811655254,0.0019274012206874397,0.9954120924135671,0.2,0.30000000000000004,0.30000000000000004,0.9,65.0,45.0,60.0,0.7000000000000001,0.8,0.7000000000000001,0.1,90.0,50.0,65.0,10362,8654,1708,10362,0.16483304381393554,0.4218123651768697,0.5,0.8436247303537394,2767,0.31973653801710195,1.0,1
"iteration_2","SCOPE_DATA_COLLECTION",1800,46,2830.0,2890.0,1,10419,8194,2403,10152,8194,2437,4327,3435,946,6112,4794,1473,0.5854966950857362,0.5825738242799854,0.6089293096320794,0.5103466759023344,1.0531463997511177,1.6013800654305683,1.0206933518046688,1.0531463997511177,1.0675867102870455,0.541714813958863,0.6203784570596798,0.6109936575052854,100.0,100.0,5697,3113,12206,223,6,12150,0.039143408811655254,0.0019274012206874397,0.9954120924135671,0.2,0.30000000000000004,0.30000000000000004,0.9,65.0,45.0,60.0,0.7000000000000001,0.8,0.7000000000000001,0.1,90.0,50.0,65.0,8156,6716,1440,8156,0.17655713585090732,0.749628361282855,1.0,0.749628361282855,2058,0.30643240023823703,1.0,1
"iteration_2","SCOPE_DATA_COLLECTION",1800,46,2830.0,2890.0,2,10419,8194,2403,10152,8194,2437,4327,3435,946,6112,4794,1473,0.5854966950857362,0.5825738242799854,0.6089293096320794,0.5103466759023344,1.0531463997511177,1.6013800654305683,1.0206933518046688,1.0531463997511177,1.0675867102870455,0.541714813958863,0.6203784570596798,0.6109936575052854,100.0,100.0,5697,3113,12206,223,6,12150,0.039143408811655254,0.0019274012206874397,0.9954120924135671,0.2,0.30000000000000004,0.30000000000000004,0.9,65.0,45.0,60.0,0.7000000000000001,0.8,0.7000000000000001,0.1,90.0,50.0,65.0,2400,1964,436,2400,0.18166666666666667,1.0785751903969774,1.5,0.7190501269313182,642,0.3268839103869654,1.0,1
"iteration_2","SCOPE_DATA_COLLECTION",1800,47,2890.0,2950.0,0,10362,8156,2400,10419,8194,2403,8628,6676,1961,1708,1438,436,0.16524767801857584,0.1772245501602169,0.18189403420942846,0.42187890859512495,0.7459773001843378,1.082002012065392,0.8437578171902499,0.7459773001843378,0.7213346747102612,0.31965693092257763,0.3058717795086878,0.3289138194798572,97.5,100.0,5536,10764,4618,152,1316,2114,0.02745664739884393,0.12225938312894835,0.4577739281074058,0.7000000000000001,0.8,0.7000000000000001,0.1,90.0,50.0,65.0,0.2,0.9,0.6000000000000001,0.1,65.0,90.0,20.0,10195,4207,5988,10195,0.5873467385973516,0.5573687366083181,0.5,1.1147374732166362,2420,0.5752317565961492,1.0,1
"iteration_2","SCOPE_DATA_COLLECTION",1800,47,2890.0,2950.0,1,10362,8156,2400,10419,8194,2403,8628,6676,1961,1708,1438,436,0.16524767801857584,0.1772245501602169,0.18189403420942846,0.42187890859512495,0.7459773001843378,1.082002012065392,0.8437578171902499,0.7459773001843378,0.7213346747102612,0.31965693092257763,0.3058717795086878,0.3289138194798572,97.5,100.0,5536,10764,4618,152,1316,2114,0.02745664739884393,0.12225938312894835,0.4577739281074058,0.7000000000000001,0.8,0.7000000000000001,0.1,90.0,50.0,65.0,0.2,0.9,0.6000000000000001,0.1,65.0,90.0,20.0,8165,3294,4871,8165,0.5965707287201469,1.1263331945536643,1.0,1.1263331945536643,2053,0.6232544019429266,1.0,1
"iteration_2","SCOPE_DATA_COLLECTION",1800,47,2890.0,2950.0,2,10362,8156,2400,10419,8194,2403,8628,6676,1961,1708,1438,436,0.16524767801857584,0.1772245501602169,0.18189403420942846,0.42187890859512495,0.7459773001843378,1.082002012065392,0.8437578171902499,0.7459773001843378,0.7213346747102612,0.31965693092257763,0.3058717795086878,0.3289138194798572,97.5,100.0,5536,10764,4618,152,1316,2114,0.02745664739884393,0.12225938312894835,0.4577739281074058,0.7000000000000001,0.8,0.7000000000000001,0.1,90.0,50.0,65.0,0.2,0.9,0.6000000000000001,0.1,65.0,90.0,20.0,2468,1000,1468,2468,0.5948136142625607,1.5266477982110436,1.5,1.0177651988073624,618,0.618,1.0,1
"iteration_2","SCOPE_DATA_COLLECTION",1800,48,2950.0,3010.0,0,10195,8165,2468,10362,8156,2400,4206,3295,1013,5988,4872,1468,0.5874043555032372,0.5965470797110322,0.5916968964127368,0.5522013186964124,1.1137431059679745,1.52249718668535,1.1044026373928248,1.1137431059679745,1.0149981244569,0.5701378982406087,0.6157814871016692,0.6159921026653504,100.0,100.0,5534,3032,12262,136,2,12190,0.024575352367184677,6.596306068601583E-4,0.9941282009460121,0.2,0.9,0.6000000000000001,0.1,65.0,90.0,20.0,0.1,0.9,0.6000000000000001,0.1,55.0,80.0,30.0,10129,3435,6694,10129,0.6608747161615164,0.6486056212299915,0.5,1.297211242459983,2351,0.6844250363901019,1.0,1
"iteration_2","SCOPE_DATA_COLLECTION",1800,48,2950.0,3010.0,1,10195,8165,2468,10362,8156,2400,4206,3295,1013,5988,4872,1468,0.5874043555032372,0.5965470797110322,0.5916968964127368,0.5522013186964124,1.1137431059679745,1.52249718668535,1.1044026373928248,1.1137431059679745,1.0149981244569,0.5701378982406087,0.6157814871016692,0.6159921026653504,100.0,100.0,5534,3032,12262,136,2,12190,0.024575352367184677,6.596306068601583E-4,0.9941282009460121,0.2,0.9,0.6000000000000001,0.1,65.0,90.0,20.0,0.1,0.9,0.6000000000000001,0.1,55.0,80.0,30.0,8015,2704,5311,8015,0.6626325639426076,1.3127845675864427,1.0,1.3127845675864427,2076,0.7677514792899408,1.0,1
"iteration_2","SCOPE_DATA_COLLECTION",1800,48,2950.0,3010.0,2,10195,8165,2468,10362,8156,2400,4206,3295,1013,5988,4872,1468,0.5874043555032372,0.5965470797110322,0.5916968964127368,0.5522013186964124,1.1137431059679745,1.52249718668535,1.1044026373928248,1.1137431059679745,1.0149981244569,0.5701378982406087,0.6157814871016692,0.6159921026653504,100.0,100.0,5534,3032,12262,136,2,12190,0.024575352367184677,6.596306068601583E-4,0.9941282009460121,0.2,0.9,0.6000000000000001,0.1,65.0,90.0,20.0,0.1,0.9,0.6000000000000001,0.1,55.0,80.0,30.0,2406,787,1619,2406,0.6729010806317539,1.7644863461116613,1.5,1.1763242307411075,585,0.7433290978398983,1.0,1
"iteration_2","SCOPE_DATA_COLLECTION",1800,49,3010.0,3070.0,0,10129,8015,2406,10195,8165,2468,3460,2720,784,6694,5312,1619,0.6592475871577703,0.6613545816733067,0.6737411568872244,0.6507489125122872,1.3154346279016202,1.7624933728779892,1.3014978250245743,1.3154346279016202,1.1749955819186595,0.6855491329479769,0.768014705882353,0.7423469387755102,100.0,100.0,5505,1540,13505,120,0,13505,0.021798365122615803,0.0,1.0,0.1,0.9,0.6000000000000001,0.1,55.0,80.0,30.0,0.30000000000000004,0.4,0.30000000000000004,0.8,45.0,65.0,20.0,10413,5084,5329,10413,0.5117641409776241,0.45854860400050446,0.5,0.9170972080010089,2417,0.4754130605822187,1.0,1
"iteration_2","SCOPE_DATA_COLLECTION",1800,49,3010.0,3070.0,1,10129,8015,2406,10195,8165,2468,3460,2720,784,6694,5312,1619,0.6592475871577703,0.6613545816733067,0.6737411568872244,0.6507489125122872,1.3154346279016202,1.7624933728779892,1.3014978250245743,1.3154346279016202,1.1749955819186595,0.6855491329479769,0.768014705882353,0.7423469387755102,100.0,100.0,5505,1540,13505,120,0,13505,0.021798365122615803,0.0,1.0,0.1,0.9,0.6000000000000001,0.1,55.0,80.0,30.0,0.30000000000000004,0.4,0.30000000000000004,0.8,45.0,65.0,20.0,8104,3917,4187,8104,0.5166584402764067,0.9627030570000674,1.0,0.9627030570000674,2128,0.5432729129435793,1.0,1
"iteration_2","SCOPE_DATA_COLLECTION",1800,49,3010.0,3070.0,2,10129,8015,2406,10195,8165,2468,3460,2720,784,6694,5312,1619,0.6592475871577703,0.6613545816733067,0.6737411568872244,0.6507489125122872,1.3154346279016202,1.7624933728779892,1.3014978250245743,1.3154346279016202,1.1749955819186595,0.6855491329479769,0.768014705882353,0.7423469387755102,100.0,100.0,5505,1540,13505,120,0,13505,0.021798365122615803,0.0,1.0,0.1,0.9,0.6000000000000001,0.1,55.0,80.0,30.0,0.30000000000000004,0.4,0.30000000000000004,0.8,45.0,65.0,20.0,2445,1081,1364,2445,0.5578732106339468,1.4404427400250088,1.5,0.9602951600166726,578,0.5346901017576319,1.0,1
"iteration_2","SCOPE_DATA_COLLECTION",1800,50,3070.0,3130.0,0,10413,8104,2445,10129,8015,2406,5074,3917,1078,5329,4187,1364,0.5122560799769297,0.5166584402764067,0.5585585585585585,0.45956491286220275,0.9677672681163048,1.441931553317071,0.9191298257244055,0.9677672681163048,0.9612877022113806,0.4757587702010248,0.5448046974725556,0.536178107606679,97.5,100.0,5668,4585,10709,169,2,10709,0.02981651376146789,4.362050163576881E-4,1.0,0.30000000000000004,0.4,0.30000000000000004,0.8,45.0,65.0,20.0,0.30000000000000004,0.4,0.4,0.8,45.0,75.0,30.0,10360,4937,5423,10360,0.5234555984555984,0.4622139981333256,0.5,0.9244279962666512,2319,0.46971845250151917,1.0,1
"iteration_2","SCOPE_DATA_COLLECTION",1800,50,3070.0,3130.0,1,10413,8104,2445,10129,8015,2406,5074,3917,1078,5329,4187,1364,0.5122560799769297,0.5166584402764067,0.5585585585585585,0.45956491286220275,0.9677672681163048,1.441931553317071,0.9191298257244055,0.9677672681163048,0.9612877022113806,0.4757587702010248,0.5448046974725556,0.536178107606679,97.5,100.0,5668,4585,10709,169,2,10709,0.02981651376146789,4.362050163576881E-4,1.0,0.30000000000000004,0.4,0.30000000000000004,0.8,45.0,65.0,20.0,0.30000000000000004,0.4,0.4,0.8,45.0,75.0,30.0,8115,3796,4319,8115,0.5322242760320395,0.9866003680888058,1.0,0.9866003680888058,2089,0.5503161222339304,1.0,1
"iteration_2","SCOPE_DATA_COLLECTION",1800,50,3070.0,3130.0,2,10413,8104,2445,10129,8015,2406,5074,3917,1078,5329,4187,1364,0.5122560799769297,0.5166584402764067,0.5585585585585585,0.45956491286220275,0.9677672681163048,1.441931553317071,0.9191298257244055,0.9677672681163048,0.9612877022113806,0.4757587702010248,0.5448046974725556,0.536178107606679,97.5,100.0,5668,4585,10709,169,2,10709,0.02981651376146789,4.362050163576881E-4,1.0,0.30000000000000004,0.4,0.30000000000000004,0.8,45.0,65.0,20.0,0.30000000000000004,0.4,0.4,0.8,45.0,75.0,30.0,2431,1135,1296,2431,0.5331139448786507,1.452231326285549,1.5,0.9681542175236993,606,0.533920704845815,1.0,1
"iteration_2","SCOPE_DATA_COLLECTION",1800,51,3130.0,3190.0,0,10360,8115,2431,10413,8104,2445,4939,3808,1122,5422,4319,1295,0.5233085609497152,0.5314384151593454,0.5357881671493587,0.46188313371562567,0.9870444148772528,1.4466590402517756,0.9237662674312513,0.9870444148772528,0.9644393601678504,0.4695282445839239,0.5509453781512605,0.5311942959001783,97.5,100.0,5654,4453,10799,232,5,10799,0.04103289706402547,0.0011228385358185494,1.0,0.30000000000000004,0.4,0.4,0.8,45.0,75.0,30.0,0.2,0.5,0.4,0.8,35.0,75.0,40.0,10393,4238,6155,10393,0.5922255364187434,0.5466317166672127,0.5,1.0932634333344253,2398,0.5658329400660689,1.0,1
"iteration_2","SCOPE_DATA_COLLECTION",1800,51,3130.0,3190.0,1,10360,8115,2431,10413,8104,2445,4939,3808,1122,5422,4319,1295,0.5233085609497152,0.5314384151593454,0.5357881671493587,0.46188313371562567,0.9870444148772528,1.4466590402517756,0.9237662674312513,0.9870444148772528,0.9644393601678504,0.4695282445839239,0.5509453781512605,0.5311942959001783,97.5,100.0,5654,4453,10799,232,5,10799,0.04103289706402547,0.0011228385358185494,1.0,0.30000000000000004,0.4,0.4,0.8,45.0,75.0,30.0,0.2,0.5,0.4,0.8,35.0,75.0,40.0,8102,3259,4843,8102,0.5977536410762775,1.1115938845095608,1.0,1.1115938845095608,2059,0.631788892298251,1.0,1
"iteration_2","SCOPE_DATA_COLLECTION",1800,51,3130.0,3190.0,2,10360,8115,2431,10413,8104,2445,4939,3808,1122,5422,4319,1295,0.5233085609497152,0.5314384151593454,0.5357881671493587,0.46188313371562567,0.9870444148772528,1.4466590402517756,0.9237662674312513,0.9870444148772528,0.9644393601678504,0.4695282445839239,0.5509453781512605,0.5311942959001783,97.5,100.0,5654,4453,10799,232,5,10799,0.04103289706402547,0.0011228385358185494,1.0,0.30000000000000004,0.4,0.4,0.8,45.0,75.0,30.0,0.2,0.5,0.4,0.8,35.0,75.0,40.0,2480,920,1560,2480,0.6290322580645161,1.682583749149323,1.5,1.121722499432882,594,0.6456521739130435,1.0,1
"iteration_2","SCOPE_DATA_COLLECTION",1800,52,3190.0,3250.0,0,10393,8102,2480,10360,8115,2431,4245,3254,934,6156,4843,1561,0.591866166714739,0.5981227615166111,0.6256513026052104,0.5476208770041389,1.111345065950422,1.6827437049742517,1.0952417540082777,1.111345065950422,1.1218291366495012,0.567020023557126,0.6312231100184389,0.6466809421841542,95.0,100.0,5736,2959,12280,277,3,12280,0.048291492329149234,0.001013856032443393,1.0,0.2,0.5,0.4,0.8,35.0,75.0,40.0,0.30000000000000004,0.5,0.4,0.9,25.0,75.0,40.0,10315,5048,5267,10315,0.5106156083373727,0.4579387941376875,0.5,0.915877588275375,2379,0.4712757527733756,1.0,1
"iteration_2","SCOPE_DATA_COLLECTION",1800,52,3190.0,3250.0,1,10393,8102,2480,10360,8115,2431,4245,3254,934,6156,4843,1561,0.591866166714739,0.5981227615166111,0.6256513026052104,0.5476208770041389,1.111345065950422,1.6827437049742517,1.0952417540082777,1.111345065950422,1.1218291366495012,0.567020023557126,0.6312231100184389,0.6466809421841542,95.0,100.0,5736,2959,12280,277,3,12280,0.048291492329149234,0.001013856032443393,1.0,0.2,0.5,0.4,0.8,35.0,75.0,40.0,0.30000000000000004,0.5,0.4,0.9,25.0,75.0,40.0,8130,3919,4211,8130,0.5179581795817958,0.9732669023280919,1.0,0.9732669023280919,2153,0.549374840520541,1.0,1
"iteration_2","SCOPE_DATA_COLLECTION",1800,52,3190.0,3250.0,2,10393,8102,2480,10360,8115,2431,4245,3254,934,6156,4843,1561,0.591866166714739,0.5981227615166111,0.6256513026052104,0.5476208770041389,1.111345065950422,1.6827437049742517,1.0952417540082777,1.111345065950422,1.1218291366495012,0.567020023557126,0.6312231100184389,0.6466809421841542,95.0,100.0,5736,2959,12280,277,3,12280,0.048291492329149234,0.001013856032443393,1.0,0.2,0.5,0.4,0.8,35.0,75.0,40.0,0.30000000000000004,0.5,0.4,0.9,25.0,75.0,40.0,2380,1067,1313,2380,0.5516806722689076,1.4145469221616451,1.5,0.9430312814410967,555,0.5201499531396439,1.0,1
"iteration_2","SCOPE_DATA_COLLECTION",1800,53,3250.0,3310.0,0,10315,8130,2380,10393,8102,2480,5048,3903,1065,5267,4208,1313,0.5106156083373727,0.5188016274195537,0.5521446593776282,0.45750453319561424,0.9725194732321885,1.416676510036172,0.9150090663912285,0.9725194732321885,0.9444510066907813,0.4708795562599049,0.5485523955931335,0.5201877934272301,100.0,100.0,5760,4516,10549,236,3,10549,0.04097222222222222,6.643046944198405E-4,1.0,0.30000000000000004,0.5,0.4,0.9,25.0,75.0,40.0,0.30000000000000004,0.5,0.4,0.9,25.0,75.0,40.0,10367,5032,5335,10367,0.514613678016784,0.48313675584347726,0.5,0.9662735116869545,2449,0.4866852146263911,1.0,1
"iteration_2","SCOPE_DATA_COLLECTION",1800,53,3250.0,3310.0,1,10315,8130,2380,10393,8102,2480,5048,3903,1065,5267,4208,1313,0.5106156083373727,0.5188016274195537,0.5521446593776282,0.45750453319561424,0.9725194732321885,1.416676510036172,0.9150090663912285,0.9725194732321885,0.9444510066907813,0.4708795562599049,0.5485523955931335,0.5201877934272301,100.0,100.0,5760,4516,10549,236,3,10549,0.04097222222222222,6.643046944198405E-4,1.0,0.30000000000000004,0.5,0.4,0.9,25.0,75.0,40.0,0.30000000000000004,0.5,0.4,0.9,25.0,75.0,40.0,8091,3828,4263,8091,0.5268817204301075,0.9733302800111908,1.0,0.9733302800111908,2027,0.5295193312434692,1.0,1
"iteration_2","SCOPE_DATA_COLLECTION",1800,53,3250.0,3310.0,2,10315,8130,2380,10393,8102,2480,5048,3903,1065,5267,4208,1313,0.5106156083373727,0.5188016274195537,0.5521446593776282,0.45750453319561424,0.9725194732321885,1.416676510036172,0.9150090663912285,0.9725194732321885,0.9444510066907813,0.4708795562599049,0.5485523955931335,0.5201877934272301,100.0,100.0,5760,4516,10549,236,3,10549,0.04097222222222222,6.643046944198405E-4,1.0,0.30000000000000004,0.5,0.4,0.9,25.0,75.0,40.0,0.30000000000000004,0.5,0.4,0.9,25.0,75.0,40.0,2504,1144,1360,2504,0.5431309904153354,1.4473783879588304,1.5,0.964918925305887,606,0.5297202797202797,1.0,1
"iteration_2","SCOPE_DATA_COLLECTION",1800,54,3310.0,3370.0,0,10367,8091,2504,10315,8130,2380,5029,3833,1148,5335,4266,1359,0.5147626399073717,0.5267316952710211,0.5420821699242122,0.48235244542706884,0.9711073620687173,1.4455339338552888,0.9647048908541377,0.9711073620687173,0.9636892892368593,0.4863790017896202,0.5288285937907644,0.5296167247386759,100.0,100.0,5758,4549,10655,303,2,10655,0.05262243834664814,4.3965706748735987E-4,1.0,0.30000000000000004,0.5,0.4,0.9,25.0,75.0,40.0,0.2,0.6000000000000001,0.5,0.8,35.0,75.0,40.0,10348,4289,6059,10348,0.5855237727097024,0.5468446833444487,0.5,1.0936893666888974,2443,0.5695966425740265,1.0,1
"iteration_2","SCOPE_DATA_COLLECTION",1800,54,3310.0,3370.0,1,10367,8091,2504,10315,8130,2380,5029,3833,1148,5335,4266,1359,0.5147626399073717,0.5267316952710211,0.5420821699242122,0.48235244542706884,0.9711073620687173,1.4455339338552888,0.9647048908541377,0.9711073620687173,0.9636892892368593,0.4863790017896202,0.5288285937907644,0.5296167247386759,100.0,100.0,5758,4549,10655,303,2,10655,0.05262243834664814,4.3965706748735987E-4,1.0,0.30000000000000004,0.5,0.4,0.9,25.0,75.0,40.0,0.2,0.6000000000000001,0.5,0.8,35.0,75.0,40.0,8105,3250,4855,8105,0.5990129549660703,1.1231579460375558,1.0,1.1231579460375558,2052,0.6313846153846154,1.0,1
"iteration_2","SCOPE_DATA_COLLECTION",1800,54,3310.0,3370.0,2,10367,8091,2504,10315,8130,2380,5029,3833,1148,5335,4266,1359,0.5147626399073717,0.5267316952710211,0.5420821699242122,0.48235244542706884,0.9711073620687173,1.4455339338552888,0.9647048908541377,0.9711073620687173,0.9636892892368593,0.4863790017896202,0.5288285937907644,0.5296167247386759,100.0,100.0,5758,4549,10655,303,2,10655,0.05262243834664814,4.3965706748735987E-4,1.0,0.30000000000000004,0.5,0.4,0.9,25.0,75.0,40.0,0.2,0.6000000000000001,0.5,0.8,35.0,75.0,40.0,2527,960,1567,2527,0.6201028888009498,1.632748674491533,1.5,1.0884991163276887,597,0.621875,1.0,1
"iteration_2","SCOPE_DATA_COLLECTION",1800,55,3370.0,3430.0,0,10348,8105,2527,10367,8091,2504,4288,3259,949,6058,4853,1568,0.585540305432051,0.5982495069033531,0.6229638458482321,0.5455679365850731,1.123281760573456,1.6298305181960746,1.0911358731701462,1.123281760573456,1.086553678797383,0.5687966417910447,0.6320957348880024,0.6206533192834562,100.0,100.0,5738,3044,12198,279,2,12198,0.04862321366329732,6.57030223390276E-4,1.0,0.2,0.6000000000000001,0.5,0.8,35.0,75.0,40.0,0.30000000000000004,0.6000000000000001,0.6000000000000001,0.7000000000000001,35.0,75.0,30.0,10285,5055,5230,10285,0.5085075352455032,0.4811189667872379,0.5,0.9622379335744758,2393,0.47339268051434225,1.0,1
"iteration_2","SCOPE_DATA_COLLECTION",1800,55,3370.0,3430.0,1,10348,8105,2527,10367,8091,2504,4288,3259,949,6058,4853,1568,0.585540305432051,0.5982495069033531,0.6229638458482321,0.5455679365850731,1.123281760573456,1.6298305181960746,1.0911358731701462,1.123281760573456,1.086553678797383,0.5687966417910447,0.6320957348880024,0.6206533192834562,100.0,100.0,5738,3044,12198,279,2,12198,0.04862321366329732,6.57030223390276E-4,1.0,0.2,0.6000000000000001,0.5,0.8,35.0,75.0,40.0,0.30000000000000004,0.6000000000000001,0.6000000000000001,0.7000000000000001,35.0,75.0,30.0,8058,3843,4215,8058,0.5230826507818317,0.988298921781888,1.0,0.988298921781888,2087,0.5430653135571168,1.0,1
"iteration_2","SCOPE_DATA_COLLECTION",1800,55,3370.0,3430.0,2,10348,8105,2527,10367,8091,2504,4288,3259,949,6058,4853,1568,0.585540305432051,0.5982495069033531,0.6229638458482321,0.5455679365850731,1.123281760573456,1.6298305181960746,1.0911358731701462,1.123281760573456,1.086553678797383,0.5687966417910447,0.6320957348880024,0.6206533192834562,100.0,100.0,5738,3044,12198,279,2,12198,0.04862321366329732,6.57030223390276E-4,1.0,0.2,0.6000000000000001,0.5,0.8,35.0,75.0,40.0,0.30000000000000004,0.6000000000000001,0.6000000000000001,0.7000000000000001,35.0,75.0,30.0,2403,1150,1253,2403,0.521431543903454,1.3753285392401586,1.5,0.9168856928267725,572,0.4973913043478261,1.0,1
"iteration_2","SCOPE_DATA_COLLECTION",1800,56,3430.0,3490.0,0,10285,8058,2403,10348,8105,2527,5044,3833,1158,5231,4217,1253,0.5090997566909976,0.5238509316770187,0.5197013687266694,0.48053652183992507,0.9876489333384769,1.3825327602324158,0.9610730436798501,0.9876489333384769,0.9216885068216105,0.4726407613005551,0.5436994521262718,0.5008635578583766,100.0,100.0,5766,4572,10408,292,1,10408,0.05064169268123483,2.1872265966754156E-4,1.0,0.30000000000000004,0.6000000000000001,0.6000000000000001,0.7000000000000001,35.0,75.0,30.0,0.4,0.5,0.6000000000000001,0.7000000000000001,35.0,65.0,30.0,10295,5826,4469,10295,0.4340942204953861,0.45029722049246385,0.5,0.9005944409849277,2524,0.4332303467215929,1.0,1
"iteration_2","SCOPE_DATA_COLLECTION",1800,56,3430.0,3490.0,1,10285,8058,2403,10348,8105,2527,5044,3833,1158,5231,4217,1253,0.5090997566909976,0.5238509316770187,0.5197013687266694,0.48053652183992507,0.9876489333384769,1.3825327602324158,0.9610730436798501,0.9876489333384769,0.9216885068216105,0.4726407613005551,0.5436994521262718,0.5008635578583766,100.0,100.0,5766,4572,10408,292,1,10408,0.05064169268123483,2.1872265966754156E-4,1.0,0.30000000000000004,0.6000000000000001,0.6000000000000001,0.7000000000000001,35.0,75.0,30.0,0.4,0.5,0.6000000000000001,0.7000000000000001,35.0,65.0,30.0,8034,4360,3674,8034,0.4573064475977097,0.8929869230692492,1.0,0.8929869230692492,2058,0.4720183486238532,1.0,1
"iteration_2","SCOPE_DATA_COLLECTION",1800,56,3430.0,3490.0,2,10285,8058,2403,10348,8105,2527,5044,3833,1158,5231,4217,1253,0.5090997566909976,0.5238509316770187,0.5197013687266694,0.48053652183992507,0.9876489333384769,1.3825327602324158,0.9610730436798501,0.9876489333384769,0.9216885068216105,0.4726407613005551,0.5436994521262718,0.5008635578583766,100.0,100.0,5766,4572,10408,292,1,10408,0.05064169268123483,2.1872265966754156E-4,1.0,0.30000000000000004,0.6000000000000001,0.6000000000000001,0.7000000000000001,35.0,75.0,30.0,0.4,0.5,0.6000000000000001,0.7000000000000001,35.0,65.0,30.0,2465,1286,1179,2465,0.4782961460446247,1.266035751800759,1.5,0.8440238345338393,570,0.4432348367029549,1.0,1
"iteration_2","SCOPE_DATA_COLLECTION",1800,57,3490.0,3550.0,0,10295,8034,2465,10285,8058,2403,5832,4369,1284,4469,3674,1179,0.43384137462382294,0.4567947283351983,0.47868453105968334,0.4518164554561709,0.8977790658831657,1.265349940555586,0.9036329109123418,0.8977790658831657,0.8435666270370573,0.4343278463648834,0.473334859235523,0.4423676012461059,100.0,100.0,5854,5909,9031,289,2,9031,0.04936795353604373,3.3846674564224065E-4,1.0,0.4,0.5,0.6000000000000001,0.7000000000000001,35.0,65.0,30.0,0.4,0.6000000000000001,0.6000000000000001,0.6000000000000001,25.0,75.0,40.0,10418,5917,4501,10418,0.4320406987905548,0.43990862705458655,0.5,0.8798172541091731,2469,0.41727226635119147,1.0,1
"iteration_2","SCOPE_DATA_COLLECTION",1800,57,3490.0,3550.0,1,10295,8034,2465,10285,8058,2403,5832,4369,1284,4469,3674,1179,0.43384137462382294,0.4567947283351983,0.47868453105968334,0.4518164554561709,0.8977790658831657,1.265349940555586,0.9036329109123418,0.8977790658831657,0.8435666270370573,0.4343278463648834,0.473334859235523,0.4423676012461059,100.0,100.0,5854,5909,9031,289,2,9031,0.04936795353604373,3.3846674564224065E-4,1.0,0.4,0.5,0.6000000000000001,0.7000000000000001,35.0,65.0,30.0,0.4,0.6000000000000001,0.6000000000000001,0.6000000000000001,25.0,75.0,40.0,8294,4511,3783,8294,0.4561128526645768,0.8910875283489214,1.0,0.8910875283489214,2104,0.466415428951452,1.0,1
"iteration_2","SCOPE_DATA_COLLECTION",1800,57,3490.0,3550.0,2,10295,8034,2465,10285,8058,2403,5832,4369,1284,4469,3674,1179,0.43384137462382294,0.4567947283351983,0.47868453105968334,0.4518164554561709,0.8977790658831657,1.265349940555586,0.9036329109123418,0.8977790658831657,0.8435666270370573,0.4343278463648834,0.473334859235523,0.4423676012461059,100.0,100.0,5854,5909,9031,289,2,9031,0.04936795353604373,3.3846674564224065E-4,1.0,0.4,0.5,0.6000000000000001,0.7000000000000001,35.0,65.0,30.0,0.4,0.6000000000000001,0.6000000000000001,0.6000000000000001,25.0,75.0,40.0,2356,1252,1104,2356,0.4685908319185059,1.3329361074567672,1.5,0.8886240716378447,593,0.4736421725239617,1.0,1
"iteration_2","SCOPE_DATA_COLLECTION",1800,58,3550.0,3617.7587107091445,0,10418,8294,2356,10295,8034,2465,5920,4509,1251,4501,3783,1104,0.43191632280971115,0.4562228654124457,0.46878980891719746,0.4402558989694026,0.8883414071798067,1.3288301068393102,0.8805117979388052,0.8883414071798067,0.8858867378928735,0.4172297297297297,0.46462630294965623,0.4724220623501199,97.5,100.0,5840,6125,9103,280,5,9103,0.04794520547945205,8.163265306122449E-4,1.0,0.4,0.6000000000000001,0.6000000000000001,0.6000000000000001,25.0,75.0,40.0,0.30000000000000004,0.6000000000000001,0.7000000000000001,0.5,25.0,65.0,40.0,8702,4158,4490,8648,0.519195189639223,0.4937494437949041,0.5,0.9874988875898082,2016,0.48484848484848486,0.993794529993105,0
"iteration_2","SCOPE_DATA_COLLECTION",1800,58,3550.0,3617.7587107091445,1,10418,8294,2356,10295,8034,2465,5920,4509,1251,4501,3783,1104,0.43191632280971115,0.4562228654124457,0.46878980891719746,0.4402558989694026,0.8883414071798067,1.3288301068393102,0.8805117979388052,0.8883414071798067,0.8858867378928735,0.4172297297297297,0.46462630294965623,0.4724220623501199,97.5,100.0,5840,6125,9103,280,5,9103,0.04794520547945205,8.163265306122449E-4,1.0,0.4,0.6000000000000001,0.6000000000000001,0.6000000000000001,25.0,75.0,40.0,0.30000000000000004,0.6000000000000001,0.7000000000000001,0.5,25.0,65.0,40.0,6719,3091,3546,6637,0.5342775350308875,0.9761832936286351,1.0,0.9761832936286351,1625,0.5257198317696539,0.9877958029468671,0
"iteration_2","SCOPE_DATA_COLLECTION",1800,58,3550.0,3617.7587107091445,2,10418,8294,2356,10295,8034,2465,5920,4509,1251,4501,3783,1104,0.43191632280971115,0.4562228654124457,0.46878980891719746,0.4402558989694026,0.8883414071798067,1.3288301068393102,0.8805117979388052,0.8883414071798067,0.8858867378928735,0.4172297297297297,0.46462630294965623,0.4724220623501199,97.5,100.0,5840,6125,9103,280,5,9103,0.04794520547945205,8.163265306122449E-4,1.0,0.4,0.6000000000000001,0.6000000000000001,0.6000000000000001,25.0,75.0,40.0,0.30000000000000004,0.6000000000000001,0.7000000000000001,0.5,25.0,65.0,40.0,1994,899,1073,1972,0.5441176470588235,1.4665834973398924,1.5,0.9777223315599283,486,0.5406006674082313,0.9889669007021064,0
"iteration_3","SCOPE_DATA_COLLECTION",100,0,70.0,130.0,0,639,305,136,0,0,0,629,299,128,0,0,0,0.0,0.0,0.0,0.34675780662161604,1.0522649646347473,2.0656584998275207,0.6935156132432321,1.0522649646347473,1.3771056665516805,0.0,0.745819397993311,1.0,52.5,100.0,1080,0,0,0,0,0,0.0,0.0,0.0,0.6,0.5,0.7,0.4,85.0,80.0,90.0,0.5,0.4,0.8,0.4,65.0,20.0,70.0,667,666,1,667,0.0014992503748125937,0.3455043698473302,0.5,0.6910087396946604,0,0.0,1.0,1
"iteration_3","SCOPE_DATA_COLLECTION",100,0,70.0,130.0,1,639,305,136,0,0,0,629,299,128,0,0,0,0.0,0.0,0.0,0.34675780662161604,1.0522649646347473,2.0656584998275207,0.6935156132432321,1.0522649646347473,1.3771056665516805,0.0,0.745819397993311,1.0,52.5,100.0,1080,0,0,0,0,0,0.0,0.0,0.0,0.6,0.5,0.7,0.4,85.0,80.0,90.0,0.5,0.4,0.8,0.4,65.0,20.0,70.0,364,363,1,364,0.0027472527472527475,1.048855717367886,1.0,1.048855717367886,260,0.7162534435261708,1.0,1
"iteration_3","SCOPE_DATA_COLLECTION",100,0,70.0,130.0,2,639,305,136,0,0,0,629,299,128,0,0,0,0.0,0.0,0.0,0.34675780662161604,1.0522649646347473,2.0656584998275207,0.6935156132432321,1.0522649646347473,1.3771056665516805,0.0,0.745819397993311,1.0,52.5,100.0,1080,0,0,0,0,0,0.0,0.0,0.0,0.6,0.5,0.7,0.4,85.0,80.0,90.0,0.5,0.4,0.8,0.4,65.0,20.0,70.0,132,132,0,132,0.0,2.0765396747109564,1.5,1.3843597831406376,132,1.0,1.0,1
"iteration_3","SCOPE_DATA_COLLECTION",100,1,130.0,190.0,0,667,364,132,639,305,136,671,366,137,1,1,0,0.001488095238095238,0.0027247956403269754,0.0,0.3453889761813642,1.0495548621252797,2.076167521877888,0.6907779523627284,1.0495548621252797,1.3841116812519252,0.0,0.7213114754098361,1.0,22.5,100.0,1163,0,0,2,0,0,0.0017196904557179708,0.0,0.0,0.5,0.4,0.8,0.4,65.0,20.0,70.0,0.5,0.5,0.7000000000000001,0.4,65.0,20.0,70.0,633,633,0,633,0.0,0.3475307627353584,0.5,0.6950615254707168,0,0.0,1.0,1
"iteration_3","SCOPE_DATA_COLLECTION",100,1,130.0,190.0,1,667,364,132,639,305,136,671,366,137,1,1,0,0.001488095238095238,0.0027247956403269754,0.0,0.3453889761813642,1.0495548621252797,2.076167521877888,0.6907779523627284,1.0495548621252797,1.3841116812519252,0.0,0.7213114754098361,1.0,22.5,100.0,1163,0,0,2,0,0,0.0017196904557179708,0.0,0.0,0.5,0.4,0.8,0.4,65.0,20.0,70.0,0.5,0.5,0.7000000000000001,0.4,65.0,20.0,70.0,320,319,1,320,0.003125,1.0523409263178787,1.0,1.0523409263178787,247,0.774294670846395,1.0,1
"iteration_3","SCOPE_DATA_COLLECTION",100,1,130.0,190.0,2,667,364,132,639,305,136,671,366,137,1,1,0,0.001488095238095238,0.0027247956403269754,0.0,0.3453889761813642,1.0495548621252797,2.076167521877888,0.6907779523627284,1.0495548621252797,1.3841116812519252,0.0,0.7213114754098361,1.0,22.5,100.0,1163,0,0,2,0,0,0.0017196904557179708,0.0,0.0,0.5,0.4,0.8,0.4,65.0,20.0,70.0,0.5,0.5,0.7000000000000001,0.4,65.0,20.0,70.0,132,132,0,132,0.0,2.0604789089080846,1.5,1.373652605938723,132,1.0,1.0,1
"iteration_3","SCOPE_DATA_COLLECTION",100,2,190.0,250.0,0,633,320,132,667,364,132,635,317,130,0,1,0,0.0,0.0031446540880503146,0.0,0.34755436021789876,1.0515989523562865,2.061480469968206,0.6951087204357975,1.0515989523562865,1.3743203133121373,0.0,0.7697160883280757,1.0,27.5,100.0,1085,0,0,1,0,0,9.216589861751152E-4,0.0,0.0,0.5,0.5,0.7000000000000001,0.4,65.0,20.0,70.0,0.5,0.8,0.2,0.2,40.0,50.0,85.0,701,701,0,701,0.0,0.34730419267607626,0.5,0.6946083853521525,0,0.0,1.0,1
"iteration_3","SCOPE_DATA_COLLECTION",100,2,190.0,250.0,1,633,320,132,667,364,132,635,317,130,0,1,0,0.0,0.0031446540880503146,0.0,0.34755436021789876,1.0515989523562865,2.061480469968206,0.6951087204357975,1.0515989523562865,1.3743203133121373,0.0,0.7697160883280757,1.0,27.5,100.0,1085,0,0,1,0,0,9.216589861751152E-4,0.0,0.0,0.5,0.5,0.7000000000000001,0.4,65.0,20.0,70.0,0.5,0.8,0.2,0.2,40.0,50.0,85.0,355,355,0,355,0.0,1.0573845648247144,1.0,1.0573845648247144,276,0.7774647887323943,1.0,1
"iteration_3","SCOPE_DATA_COLLECTION",100,2,190.0,250.0,2,633,320,132,667,364,132,635,317,130,0,1,0,0.0,0.0031446540880503146,0.0,0.34755436021789876,1.0515989523562865,2.061480469968206,0.6951087204357975,1.0515989523562865,1.3743203133121373,0.0,0.7697160883280757,1.0,27.5,100.0,1085,0,0,1,0,0,9.216589861751152E-4,0.0,0.0,0.5,0.5,0.7000000000000001,0.4,65.0,20.0,70.0,0.5,0.8,0.2,0.2,40.0,50.0,85.0,182,182,0,182,0.0,2.057266992785051,1.5,1.3715113285233673,182,1.0,1.0,1
"iteration_3","SCOPE_DATA_COLLECTION",100,3,250.0,310.0,0,701,355,182,633,320,132,698,352,180,0,0,0,0.0,0.0,0.0,0.3471733680278424,1.0579211779647049,2.0587479519309917,0.6943467360556848,1.0579211779647049,1.3724986346206611,0.0,0.78125,1.0,47.5,100.0,1238,0,0,0,0,0,0.0,0.0,0.0,0.5,0.8,0.2,0.2,40.0,50.0,85.0,0.6000000000000001,0.9,0.30000000000000004,0.30000000000000004,40.0,60.0,85.0,680,680,0,680,0.0,0.3496591671583136,0.5,0.6993183343166272,0,0.0,1.0,1
"iteration_3","SCOPE_DATA_COLLECTION",100,3,250.0,310.0,1,701,355,182,633,320,132,698,352,180,0,0,0,0.0,0.0,0.0,0.3471733680278424,1.0579211779647049,2.0587479519309917,0.6943467360556848,1.0579211779647049,1.3724986346206611,0.0,0.78125,1.0,47.5,100.0,1238,0,0,0,0,0,0.0,0.0,0.0,0.5,0.8,0.2,0.2,40.0,50.0,85.0,0.6000000000000001,0.9,0.30000000000000004,0.30000000000000004,40.0,60.0,85.0,338,338,0,338,0.0,1.0598335353570454,1.0,1.0598335353570454,268,0.7928994082840237,1.0,1
"iteration_3","SCOPE_DATA_COLLECTION",100,3,250.0,310.0,2,701,355,182,633,320,132,698,352,180,0,0,0,0.0,0.0,0.0,0.3471733680278424,1.0579211779647049,2.0587479519309917,0.6943467360556848,1.0579211779647049,1.3724986346206611,0.0,0.78125,1.0,47.5,100.0,1238,0,0,0,0,0,0.0,0.0,0.0,0.5,0.8,0.2,0.2,40.0,50.0,85.0,0.6000000000000001,0.9,0.30000000000000004,0.30000000000000004,40.0,60.0,85.0,146,146,0,146,0.0,2.0615917952678573,1.5,1.3743945301785716,146,1.0,1.0,1
"iteration_3","SCOPE_DATA_COLLECTION",100,4,310.0,370.0,0,680,338,146,701,355,182,683,341,147,0,0,0,0.0,0.0,0.0,0.3497770678148273,1.0594866003067727,2.061373995630212,0.6995541356296546,1.0594866003067727,1.3742493304201415,0.0,0.7888563049853372,1.0,32.5,100.0,1164,0,0,0,0,0,0.0,0.0,0.0,0.6000000000000001,0.9,0.30000000000000004,0.30000000000000004,40.0,60.0,85.0,0.65,0.30000000000000004,0.2,0.9,55.0,90.0,95.0,672,672,0,672,0.0,0.3477291148434399,0.5,0.6954582296868798,0,0.0,1.0,1
"iteration_3","SCOPE_DATA_COLLECTION",100,4,310.0,370.0,1,680,338,146,701,355,182,683,341,147,0,0,0,0.0,0.0,0.0,0.3497770678148273,1.0594866003067727,2.061373995630212,0.6995541356296546,1.0594866003067727,1.3742493304201415,0.0,0.7888563049853372,1.0,32.5,100.0,1164,0,0,0,0,0,0.0,0.0,0.0,0.6000000000000001,0.9,0.30000000000000004,0.30000000000000004,40.0,60.0,85.0,0.65,0.30000000000000004,0.2,0.9,55.0,90.0,95.0,357,356,1,357,0.0028011204481792717,1.0546183876059534,1.0,1.0546183876059534,274,0.7696629213483146,1.0,1
"iteration_3","SCOPE_DATA_COLLECTION",100,4,310.0,370.0,2,680,338,146,701,355,182,683,341,147,0,0,0,0.0,0.0,0.0,0.3497770678148273,1.0594866003067727,2.061373995630212,0.6995541356296546,1.0594866003067727,1.3742493304201415,0.0,0.7888563049853372,1.0,32.5,100.0,1164,0,0,0,0,0,0.0,0.0,0.0,0.6000000000000001,0.9,0.30000000000000004,0.30000000000000004,40.0,60.0,85.0,0.65,0.30000000000000004,0.2,0.9,55.0,90.0,95.0,144,144,0,144,0.0,2.0443347758342445,1.5,1.362889850556163,144,1.0,1.0,1
"iteration_3","SCOPE_DATA_COLLECTION",100,5,370.0,430.0,0,672,357,144,680,338,146,671,350,145,0,1,0,0.0,0.002849002849002849,0.0,0.34775182793157516,1.0547829880351036,2.044570527712615,0.6955036558631503,1.0547829880351036,1.3630470184750767,0.0,0.7771428571428571,1.0,45.0,100.0,1173,0,0,1,0,0,8.525149190110827E-4,0.0,0.0,0.65,0.30000000000000004,0.2,0.9,55.0,90.0,95.0,0.75,0.2,0.1,0.9,65.0,95.0,95.0,692,692,0,692,0.0,0.3476768187332263,0.5,0.6953536374664526,0,0.0,1.0,1
"iteration_3","SCOPE_DATA_COLLECTION",100,5,370.0,430.0,1,672,357,144,680,338,146,671,350,145,0,1,0,0.0,0.002849002849002849,0.0,0.34775182793157516,1.0547829880351036,2.044570527712615,0.6955036558631503,1.0547829880351036,1.3630470184750767,0.0,0.7771428571428571,1.0,45.0,100.0,1173,0,0,1,0,0,8.525149190110827E-4,0.0,0.0,0.65,0.30000000000000004,0.2,0.9,55.0,90.0,95.0,0.75,0.2,0.1,0.9,65.0,95.0,95.0,350,350,0,350,0.0,1.0577412510979922,1.0,1.0577412510979922,275,0.7857142857142857,1.0,1
"iteration_3","SCOPE_DATA_COLLECTION",100,5,370.0,430.0,2,672,357,144,680,338,146,671,350,145,0,1,0,0.0,0.002849002849002849,0.0,0.34775182793157516,1.0547829880351036,2.044570527712615,0.6955036558631503,1.0547829880351036,1.3630470184750767,0.0,0.7771428571428571,1.0,45.0,100.0,1173,0,0,1,0,0,8.525149190110827E-4,0.0,0.0,0.65,0.30000000000000004,0.2,0.9,55.0,90.0,95.0,0.75,0.2,0.1,0.9,65.0,95.0,95.0,158,156,2,158,0.012658227848101266,2.0714963843864274,1.5,1.3809975895909516,156,1.0,1.0,1
"iteration_3","SCOPE_DATA_COLLECTION",100,6,430.0,490.0,0,692,350,158,672,357,144,693,355,156,0,0,2,0.0,0.0,0.012658227848101266,0.3475976044673545,1.0576074979934686,2.06970427087532,0.695195208934709,1.0576074979934686,1.3798028472502135,0.0,0.780281690140845,1.0,35.0,100.0,1200,0,0,2,0,0,0.0016666666666666668,0.0,0.0,0.75,0.2,0.1,0.9,65.0,95.0,95.0,0.8500000000000001,0.1,0.1,0.9,55.0,85.0,95.0,635,635,0,635,0.0,0.3475482041364771,0.5,0.6950964082729542,0,0.0,1.0,1
"iteration_3","SCOPE_DATA_COLLECTION",100,6,430.0,490.0,1,692,350,158,672,357,144,693,355,156,0,0,2,0.0,0.0,0.012658227848101266,0.3475976044673545,1.0576074979934686,2.06970427087532,0.695195208934709,1.0576074979934686,1.3798028472502135,0.0,0.780281690140845,1.0,35.0,100.0,1200,0,0,2,0,0,0.0016666666666666668,0.0,0.0,0.75,0.2,0.1,0.9,65.0,95.0,95.0,0.8500000000000001,0.1,0.1,0.9,55.0,85.0,95.0,328,328,0,328,0.0,1.054372676632986,1.0,1.054372676632986,262,0.7987804878048781,1.0,1
"iteration_3","SCOPE_DATA_COLLECTION",100,6,430.0,490.0,2,692,350,158,672,357,144,693,355,156,0,0,2,0.0,0.0,0.012658227848101266,0.3475976044673545,1.0576074979934686,2.06970427087532,0.695195208934709,1.0576074979934686,1.3798028472502135,0.0,0.780281690140845,1.0,35.0,100.0,1200,0,0,2,0,0,0.0016666666666666668,0.0,0.0,0.75,0.2,0.1,0.9,65.0,95.0,95.0,0.8500000000000001,0.1,0.1,0.9,55.0,85.0,95.0,150,150,0,150,0.0,2.0662525580187614,1.5,1.377501705345841,150,1.0,1.0,1
"iteration_3","SCOPE_DATA_COLLECTION",100,7,490.0,550.0,0,635,328,150,692,350,158,632,329,149,0,0,0,0.0,0.0,0.0,0.34765478922844206,1.054593907045127,2.0663664022336565,0.6953095784568841,1.054593907045127,1.3775776014891044,0.0,0.8024316109422492,1.0,40.0,100.0,1113,0,0,0,0,0,0.0,0.0,0.0,0.8500000000000001,0.1,0.1,0.9,55.0,85.0,95.0,0.9500000000000001,0.1,0.1,0.9,45.0,75.0,85.0,685,685,0,685,0.0,0.3474777632254557,0.5,0.6949555264509114,0,0.0,1.0,1
"iteration_3","SCOPE_DATA_COLLECTION",100,7,490.0,550.0,1,635,328,150,692,350,158,632,329,149,0,0,0,0.0,0.0,0.0,0.34765478922844206,1.054593907045127,2.0663664022336565,0.6953095784568841,1.054593907045127,1.3775776014891044,0.0,0.8024316109422492,1.0,40.0,100.0,1113,0,0,0,0,0,0.0,0.0,0.0,0.8500000000000001,0.1,0.1,0.9,55.0,85.0,95.0,0.9500000000000001,0.1,0.1,0.9,45.0,75.0,85.0,355,355,0,355,0.0,1.0594358270836794,1.0,1.0594358270836794,284,0.8,1.0,1
"iteration_3","SCOPE_DATA_COLLECTION",100,7,490.0,550.0,2,635,328,150,692,350,158,632,329,149,0,0,0,0.0,0.0,0.0,0.34765478922844206,1.054593907045127,2.0663664022336565,0.6953095784568841,1.054593907045127,1.3775776014891044,0.0,0.8024316109422492,1.0,40.0,100.0,1113,0,0,0,0,0,0.0,0.0,0.0,0.8500000000000001,0.1,0.1,0.9,55.0,85.0,95.0,0.9500000000000001,0.1,0.1,0.9,45.0,75.0,85.0,147,147,0,147,0.0,2.0772279115004166,1.5,1.3848186076669444,147,1.0,1.0,1
"iteration_3","SCOPE_DATA_COLLECTION",100,8,550.0,610.0,0,685,355,147,635,328,150,685,355,149,0,0,0,0.0,0.0,0.0,0.347237659821135,1.0586805160797348,2.0766525762640917,0.69447531964227,1.0586805160797348,1.3844350508427279,0.0,0.7943661971830986,1.0,35.0,100.0,1187,0,0,0,0,0,0.0,0.0,0.0,0.9500000000000001,0.1,0.1,0.9,45.0,75.0,85.0,0.8500000000000001,0.1,0.2,0.8,55.0,85.0,95.0,663,663,0,663,0.0,0.34636274938834577,0.5,0.6927254987766915,0,0.0,1.0,1
"iteration_3","SCOPE_DATA_COLLECTION",100,8,550.0,610.0,1,685,355,147,635,328,150,685,355,149,0,0,0,0.0,0.0,0.0,0.347237659821135,1.0586805160797348,2.0766525762640917,0.69447531964227,1.0586805160797348,1.3844350508427279,0.0,0.7943661971830986,1.0,35.0,100.0,1187,0,0,0,0,0,0.0,0.0,0.0,0.9500000000000001,0.1,0.1,0.9,45.0,75.0,85.0,0.8500000000000001,0.1,0.2,0.8,55.0,85.0,95.0,364,364,0,364,0.0,1.0527600875248857,1.0,1.0527600875248857,269,0.739010989010989,1.0,1
"iteration_3","SCOPE_DATA_COLLECTION",100,8,550.0,610.0,2,685,355,147,635,328,150,685,355,149,0,0,0,0.0,0.0,0.0,0.347237659821135,1.0586805160797348,2.0766525762640917,0.69447531964227,1.0586805160797348,1.3844350508427279,0.0,0.7943661971830986,1.0,35.0,100.0,1187,0,0,0,0,0,0.0,0.0,0.0,0.9500000000000001,0.1,0.1,0.9,45.0,75.0,85.0,0.8500000000000001,0.1,0.2,0.8,55.0,85.0,95.0,142,141,1,142,0.007042253521126761,2.0603537031099637,1.5,1.3735691354066424,141,1.0,1.0,1
"iteration_3","SCOPE_DATA_COLLECTION",100,9,610.0,670.0,0,663,364,142,685,355,147,666,364,139,0,0,1,0.0,0.0,0.007142857142857143,0.3466431230465161,1.0532437148021598,2.058676950678436,0.6932862460930322,1.0532437148021598,1.3724513004522907,0.0,0.7417582417582418,1.0,32.5,100.0,1169,0,0,1,0,0,8.55431993156544E-4,0.0,0.0,0.8500000000000001,0.1,0.2,0.8,55.0,85.0,95.0,0.9500000000000001,0.2,0.30000000000000004,0.7000000000000001,55.0,85.0,95.0,682,682,0,682,0.0,0.3491614833493271,0.5,0.6983229666986542,0,0.0,1.0,1
"iteration_3","SCOPE_DATA_COLLECTION",100,9,610.0,670.0,1,663,364,142,685,355,147,666,364,139,0,0,1,0.0,0.0,0.007142857142857143,0.3466431230465161,1.0532437148021598,2.058676950678436,0.6932862460930322,1.0532437148021598,1.3724513004522907,0.0,0.7417582417582418,1.0,32.5,100.0,1169,0,0,1,0,0,8.55431993156544E-4,0.0,0.0,0.8500000000000001,0.1,0.2,0.8,55.0,85.0,95.0,0.9500000000000001,0.2,0.30000000000000004,0.7000000000000001,55.0,85.0,95.0,331,331,0,331,0.0,1.0540337601909413,1.0,1.0540337601909413,258,0.7794561933534743,1.0,1
"iteration_3","SCOPE_DATA_COLLECTION",100,9,610.0,670.0,2,663,364,142,685,355,147,666,364,139,0,0,1,0.0,0.0,0.007142857142857143,0.3466431230465161,1.0532437148021598,2.058676950678436,0.6932862460930322,1.0532437148021598,1.3724513004522907,0.0,0.7417582417582418,1.0,32.5,100.0,1169,0,0,1,0,0,8.55431993156544E-4,0.0,0.0,0.8500000000000001,0.1,0.2,0.8,55.0,85.0,95.0,0.9500000000000001,0.2,0.30000000000000004,0.7000000000000001,55.0,85.0,95.0,160,160,0,160,0.0,2.058626760949597,1.5,1.3724178406330647,160,1.0,1.0,1
"iteration_3","SCOPE_DATA_COLLECTION",100,10,670.0,730.0,0,682,331,160,663,364,142,683,331,161,0,0,0,0.0,0.0,0.0,0.3490445360988956,1.053779046756358,2.0601992067425354,0.6980890721977911,1.053779046756358,1.373466137828357,0.0,0.7764350453172205,1.0,27.5,100.0,1173,0,0,0,0,0,0.0,0.0,0.0,0.9500000000000001,0.2,0.30000000000000004,0.7000000000000001,55.0,85.0,95.0,0.9500000000000001,0.1,0.30000000000000004,0.6000000000000001,55.0,85.0,95.0,705,704,1,705,0.0014184397163120568,0.3489193355309549,0.5,0.6978386710619098,0,0.0,1.0,1
"iteration_3","SCOPE_DATA_COLLECTION",100,10,670.0,730.0,1,682,331,160,663,364,142,683,331,161,0,0,0,0.0,0.0,0.0,0.3490445360988956,1.053779046756358,2.0601992067425354,0.6980890721977911,1.053779046756358,1.373466137828357,0.0,0.7764350453172205,1.0,27.5,100.0,1173,0,0,0,0,0,0.0,0.0,0.0,0.9500000000000001,0.2,0.30000000000000004,0.7000000000000001,55.0,85.0,95.0,0.9500000000000001,0.1,0.30000000000000004,0.6000000000000001,55.0,85.0,95.0,334,334,0,334,0.0,1.0498914408821434,1.0,1.0498914408821434,250,0.7485029940119761,1.0,1
"iteration_3","SCOPE_DATA_COLLECTION",100,10,670.0,730.0,2,682,331,160,663,364,142,683,331,161,0,0,0,0.0,0.0,0.0,0.3490445360988956,1.053779046756358,2.0601992067425354,0.6980890721977911,1.053779046756358,1.373466137828357,0.0,0.7764350453172205,1.0,27.5,100.0,1173,0,0,0,0,0,0.0,0.0,0.0,0.9500000000000001,0.2,0.30000000000000004,0.7000000000000001,55.0,85.0,95.0,0.9500000000000001,0.1,0.30000000000000004,0.6000000000000001,55.0,85.0,95.0,164,164,0,164,0.0,2.067649394315166,1.5,1.378432929543444,164,1.0,1.0,1
"iteration_3","SCOPE_DATA_COLLECTION",100,11,730.0,790.0,0,705,334,164,682,331,160,702,334,161,1,0,0,0.001422475106685633,0.0,0.0,0.34885245025363726,1.050138946876692,2.070686689838305,0.6977049005072745,1.050138946876692,1.3804577932255366,0.0,0.7514970059880239,1.0,40.0,100.0,1203,0,0,1,0,0,8.312551953449709E-4,0.0,0.0,0.9500000000000001,0.1,0.30000000000000004,0.6000000000000001,55.0,85.0,95.0,0.9500000000000001,0.1,0.4,0.5,55.0,85.0,95.0,646,646,0,646,0.0,0.34837071771882594,0.5,0.6967414354376519,0,0.0,1.0,1
"iteration_3","SCOPE_DATA_COLLECTION",100,11,730.0,790.0,1,705,334,164,682,331,160,702,334,161,1,0,0,0.001422475106685633,0.0,0.0,0.34885245025363726,1.050138946876692,2.070686689838305,0.6977049005072745,1.050138946876692,1.3804577932255366,0.0,0.7514970059880239,1.0,40.0,100.0,1203,0,0,1,0,0,8.312551953449709E-4,0.0,0.0,0.9500000000000001,0.1,0.30000000000000004,0.6000000000000001,55.0,85.0,95.0,0.9500000000000001,0.1,0.4,0.5,55.0,85.0,95.0,342,342,0,342,0.0,1.0594829626486144,1.0,1.0594829626486144,271,0.7923976608187134,1.0,1
"iteration_3","SCOPE_DATA_COLLECTION",100,11,730.0,790.0,2,705,334,164,682,331,160,702,334,161,1,0,0,0.001422475106685633,0.0,0.0,0.34885245025363726,1.050138946876692,2.070686689838305,0.6977049005072745,1.050138946876692,1.3804577932255366,0.0,0.7514970059880239,1.0,40.0,100.0,1203,0,0,1,0,0,8.312551953449709E-4,0.0,0.0,0.9500000000000001,0.1,0.30000000000000004,0.6000000000000001,55.0,85.0,95.0,0.9500000000000001,0.1,0.4,0.5,55.0,85.0,95.0,148,148,0,148,0.0,2.0762163700676304,1.5,1.3841442467117535,148,1.0,1.0,1
"iteration_3","SCOPE_DATA_COLLECTION",100,12,790.0,850.0,0,646,342,148,705,334,164,648,344,151,0,0,0,0.0,0.0,0.0,0.34849794620785984,1.0597018812863779,2.0708653642526653,0.6969958924157197,1.0597018812863779,1.3805769095017768,0.0,0.7965116279069767,1.0,25.0,100.0,1136,0,0,0,0,0,0.0,0.0,0.0,0.9500000000000001,0.1,0.4,0.5,55.0,85.0,95.0,0.8500000000000001,0.1,0.30000000000000004,0.6000000000000001,65.0,95.0,85.0,668,668,0,668,0.0,0.34717081923082405,0.5,0.6943416384616481,0,0.0,1.0,1
"iteration_3","SCOPE_DATA_COLLECTION",100,12,790.0,850.0,1,646,342,148,705,334,164,648,344,151,0,0,0,0.0,0.0,0.0,0.34849794620785984,1.0597018812863779,2.0708653642526653,0.6969958924157197,1.0597018812863779,1.3805769095017768,0.0,0.7965116279069767,1.0,25.0,100.0,1136,0,0,0,0,0,0.0,0.0,0.0,0.9500000000000001,0.1,0.4,0.5,55.0,85.0,95.0,0.8500000000000001,0.1,0.30000000000000004,0.6000000000000001,65.0,95.0,85.0,326,326,0,326,0.0,1.0595796508833817,1.0,1.0595796508833817,269,0.8251533742331288,1.0,1
"iteration_3","SCOPE_DATA_COLLECTION",100,12,790.0,850.0,2,646,342,148,705,334,164,648,344,151,0,0,0,0.0,0.0,0.0,0.34849794620785984,1.0597018812863779,2.0708653642526653,0.6969958924157197,1.0597018812863779,1.3805769095017768,0.0,0.7965116279069767,1.0,25.0,100.0,1136,0,0,0,0,0,0.0,0.0,0.0,0.9500000000000001,0.1,0.4,0.5,55.0,85.0,95.0,0.8500000000000001,0.1,0.30000000000000004,0.6000000000000001,65.0,95.0,85.0,169,169,0,169,0.0,2.058071541264928,1.5,1.3720476941766186,169,1.0,1.0,1
"iteration_3","SCOPE_DATA_COLLECTION",100,13,850.0,910.0,0,668,326,169,646,342,148,666,323,169,0,0,0,0.0,0.0,0.0,0.34719427697748445,1.0592511413049635,2.0621046901897744,0.6943885539549689,1.0592511413049635,1.3747364601265162,0.0,0.8204334365325078,1.0,27.5,100.0,1163,0,0,0,0,0,0.0,0.0,0.0,0.8500000000000001,0.1,0.30000000000000004,0.6000000000000001,65.0,95.0,85.0,0.75,0.1,0.30000000000000004,0.5,55.0,85.0,95.0,705,705,0,705,0.0,0.3474121885681633,0.5,0.6948243771363266,2,0.0028368794326241137,1.0,1
"iteration_3","SCOPE_DATA_COLLECTION",100,13,850.0,910.0,1,668,326,169,646,342,148,666,323,169,0,0,0,0.0,0.0,0.0,0.34719427697748445,1.0592511413049635,2.0621046901897744,0.6943885539549689,1.0592511413049635,1.3747364601265162,0.0,0.8204334365325078,1.0,27.5,100.0,1163,0,0,0,0,0,0.0,0.0,0.0,0.8500000000000001,0.1,0.30000000000000004,0.6000000000000001,65.0,95.0,85.0,0.75,0.1,0.30000000000000004,0.5,55.0,85.0,95.0,327,327,0,327,0.0,1.0531325982458044,1.0,1.0531325982458044,256,0.7828746177370031,1.0,1
"iteration_3","SCOPE_DATA_COLLECTION",100,13,850.0,910.0,2,668,326,169,646,342,148,666,323,169,0,0,0,0.0,0.0,0.0,0.34719427697748445,1.0592511413049635,2.0621046901897744,0.6943885539549689,1.0592511413049635,1.3747364601265162,0.0,0.8204334365325078,1.0,27.5,100.0,1163,0,0,0,0,0,0.0,0.0,0.0,0.8500000000000001,0.1,0.30000000000000004,0.6000000000000001,65.0,95.0,85.0,0.75,0.1,0.30000000000000004,0.5,55.0,85.0,95.0,136,136,0,136,0.0,2.0543844199100705,1.5,1.3695896132733802,136,1.0,1.0,1
"iteration_3","SCOPE_DATA_COLLECTION",100,14,910.0,970.0,0,705,327,136,668,326,169,705,325,135,0,0,0,0.0,0.0,0.0,0.34739729529418023,1.0527022549764864,2.0501723377605137,0.6947945905883605,1.0527022549764864,1.366781558507009,0.0028368794326241137,0.7815384615384615,1.0,42.5,100.0,1168,0,0,0,0,0,0.0,0.0,0.0,0.75,0.1,0.30000000000000004,0.5,55.0,85.0,95.0,0.75,0.1,0.30000000000000004,0.5,55.0,85.0,95.0,689,689,0,689,0.0,0.3493161022175695,0.5,0.698632204435139,2,0.002902757619738752,1.0,1
"iteration_3","SCOPE_DATA_COLLECTION",100,14,910.0,970.0,1,705,327,136,668,326,169,705,325,135,0,0,0,0.0,0.0,0.0,0.34739729529418023,1.0527022549764864,2.0501723377605137,0.6947945905883605,1.0527022549764864,1.366781558507009,0.0028368794326241137,0.7815384615384615,1.0,42.5,100.0,1168,0,0,0,0,0,0.0,0.0,0.0,0.75,0.1,0.30000000000000004,0.5,55.0,85.0,95.0,0.75,0.1,0.30000000000000004,0.5,55.0,85.0,95.0,373,373,0,373,0.0,1.05885608517855,1.0,1.05885608517855,302,0.8096514745308311,1.0,1
"iteration_3","SCOPE_DATA_COLLECTION",100,14,910.0,970.0,2,705,327,136,668,326,169,705,325,135,0,0,0,0.0,0.0,0.0,0.34739729529418023,1.0527022549764864,2.0501723377605137,0.6947945905883605,1.0527022549764864,1.366781558507009,0.0028368794326241137,0.7815384615384615,1.0,42.5,100.0,1168,0,0,0,0,0,0.0,0.0,0.0,0.75,0.1,0.30000000000000004,0.5,55.0,85.0,95.0,0.75,0.1,0.30000000000000004,0.5,55.0,85.0,95.0,160,160,0,160,0.0,2.0592885918095574,1.5,1.3728590612063716,160,1.0,1.0,1
"iteration_3","SCOPE_DATA_COLLECTION",100,15,970.0,1030.0,0,689,373,160,705,327,136,686,378,160,0,0,0,0.0,0.0,0.0,0.34931136614568326,1.0593310906433953,2.060530026983109,0.6986227322913665,1.0593310906433953,1.373686684655406,0.0029154518950437317,0.8095238095238095,1.0,37.5,100.0,1222,0,0,0,0,0,0.0,0.0,0.0,0.75,0.1,0.30000000000000004,0.5,55.0,85.0,95.0,0.8500000000000001,0.1,0.2,0.6000000000000001,45.0,95.0,95.0,722,721,1,722,0.0013850415512465374,0.34749421277208364,0.5,0.6949884255441673,0,0.0,1.0,1
"iteration_3","SCOPE_DATA_COLLECTION",100,15,970.0,1030.0,1,689,373,160,705,327,136,686,378,160,0,0,0,0.0,0.0,0.0,0.34931136614568326,1.0593310906433953,2.060530026983109,0.6986227322913665,1.0593310906433953,1.373686684655406,0.0029154518950437317,0.8095238095238095,1.0,37.5,100.0,1222,0,0,0,0,0,0.0,0.0,0.0,0.75,0.1,0.30000000000000004,0.5,55.0,85.0,95.0,0.8500000000000001,0.1,0.2,0.6000000000000001,45.0,95.0,95.0,342,342,0,342,0.0,1.058916828990973,1.0,1.058916828990973,262,0.7660818713450293,1.0,1
"iteration_3","SCOPE_DATA_COLLECTION",100,15,970.0,1030.0,2,689,373,160,705,327,136,686,378,160,0,0,0,0.0,0.0,0.0,0.34931136614568326,1.0593310906433953,2.060530026983109,0.6986227322913665,1.0593310906433953,1.373686684655406,0.0029154518950437317,0.8095238095238095,1.0,37.5,100.0,1222,0,0,0,0,0,0.0,0.0,0.0,0.75,0.1,0.30000000000000004,0.5,55.0,85.0,95.0,0.8500000000000001,0.1,0.2,0.6000000000000001,45.0,95.0,95.0,179,179,0,179,0.0,2.0506247751540725,1.5,1.3670831834360484,179,1.0,1.0,1
"iteration_3","SCOPE_DATA_COLLECTION",100,16,1030.0,1090.0,0,722,342,179,689,373,160,724,337,179,1,0,0,0.001379310344827586,0.0,0.0,0.34750767053947146,1.058466386177957,2.0510131879141955,0.6950153410789429,1.058466386177957,1.3673421252761304,0.0,0.7626112759643917,1.0,37.5,100.0,1243,0,0,1,0,0,8.045052292839903E-4,0.0,0.0,0.8500000000000001,0.1,0.2,0.6000000000000001,45.0,95.0,95.0,0.8500000000000001,0.1,0.2,0.6000000000000001,45.0,95.0,95.0,703,703,0,703,0.0,0.34972379697392153,0.5,0.6994475939478431,1,0.001422475106685633,1.0,1
"iteration_3","SCOPE_DATA_COLLECTION",100,16,1030.0,1090.0,1,722,342,179,689,373,160,724,337,179,1,0,0,0.001379310344827586,0.0,0.0,0.34750767053947146,1.058466386177957,2.0510131879141955,0.6950153410789429,1.058466386177957,1.3673421252761304,0.0,0.7626112759643917,1.0,37.5,100.0,1243,0,0,1,0,0,8.045052292839903E-4,0.0,0.0,0.8500000000000001,0.1,0.2,0.6000000000000001,45.0,95.0,95.0,0.8500000000000001,0.1,0.2,0.6000000000000001,45.0,95.0,95.0,349,349,0,349,0.0,1.0543798805271665,1.0,1.0543798805271665,256,0.7335243553008596,1.0,1
"iteration_3","SCOPE_DATA_COLLECTION",100,16,1030.0,1090.0,2,722,342,179,689,373,160,724,337,179,1,0,0,0.001379310344827586,0.0,0.0,0.34750767053947146,1.058466386177957,2.0510131879141955,0.6950153410789429,1.058466386177957,1.3673421252761304,0.0,0.7626112759643917,1.0,37.5,100.0,1243,0,0,1,0,0,8.045052292839903E-4,0.0,0.0,0.8500000000000001,0.1,0.2,0.6000000000000001,45.0,95.0,95.0,0.8500000000000001,0.1,0.2,0.6000000000000001,45.0,95.0,95.0,154,154,0,154,0.0,2.060399286715113,1.5,1.3735995244767418,154,1.0,1.0,1
"iteration_3","SCOPE_DATA_COLLECTION",100,17,1090.0,1150.0,0,703,349,154,722,342,179,700,355,153,0,0,0,0.0,0.0,0.0,0.3497131283280672,1.0549439519165082,2.0621972095125227,0.6994262566561344,1.0549439519165082,1.374798139675015,0.0014285714285714286,0.7380281690140845,1.0,35.0,100.0,1206,0,0,0,0,0,0.0,0.0,0.0,0.8500000000000001,0.1,0.2,0.6000000000000001,45.0,95.0,95.0,0.8500000000000001,0.1,0.2,0.6000000000000001,45.0,95.0,95.0,702,702,0,702,0.0,0.34634223661425184,0.5,0.6926844732285037,0,0.0,1.0,1
"iteration_3","SCOPE_DATA_COLLECTION",100,17,1090.0,1150.0,1,703,349,154,722,342,179,700,355,153,0,0,0,0.0,0.0,0.0,0.3497131283280672,1.0549439519165082,2.0621972095125227,0.6994262566561344,1.0549439519165082,1.374798139675015,0.0014285714285714286,0.7380281690140845,1.0,35.0,100.0,1206,0,0,0,0,0,0.0,0.0,0.0,0.8500000000000001,0.1,0.2,0.6000000000000001,45.0,95.0,95.0,0.8500000000000001,0.1,0.2,0.6000000000000001,45.0,95.0,95.0,319,319,0,319,0.0,1.05481412818241,1.0,1.05481412818241,253,0.7931034482758621,1.0,1
"iteration_3","SCOPE_DATA_COLLECTION",100,17,1090.0,1150.0,2,703,349,154,722,342,179,700,355,153,0,0,0,0.0,0.0,0.0,0.3497131283280672,1.0549439519165082,2.0621972095125227,0.6994262566561344,1.0549439519165082,1.374798139675015,0.0014285714285714286,0.7380281690140845,1.0,35.0,100.0,1206,0,0,0,0,0,0.0,0.0,0.0,0.8500000000000001,0.1,0.2,0.6000000000000001,45.0,95.0,95.0,0.8500000000000001,0.1,0.2,0.6000000000000001,45.0,95.0,95.0,135,135,0,135,0.0,2.0741231527611776,1.5,1.3827487685074518,135,1.0,1.0,1
"iteration_3","SCOPE_DATA_COLLECTION",100,18,1150.0,1210.0,0,702,319,135,703,349,154,704,311,138,0,0,0,0.0,0.0,0.0,0.3463797999377082,1.053511414627422,2.0727751994380514,0.6927595998754164,1.053511414627422,1.381850132958701,0.0,0.7909967845659164,1.0,47.5,100.0,1156,0,0,0,0,0,0.0,0.0,0.0,0.8500000000000001,0.1,0.2,0.6000000000000001,45.0,95.0,95.0,0.35000000000000003,0.8,0.6000000000000001,0.2,65.0,65.0,75.0,621,621,0,621,0.0,0.34850943331626577,0.5,0.6970188666325315,0,0.0,1.0,1
"iteration_3","SCOPE_DATA_COLLECTION",100,18,1150.0,1210.0,1,702,319,135,703,349,154,704,311,138,0,0,0,0.0,0.0,0.0,0.3463797999377082,1.053511414627422,2.0727751994380514,0.6927595998754164,1.053511414627422,1.381850132958701,0.0,0.7909967845659164,1.0,47.5,100.0,1156,0,0,0,0,0,0.0,0.0,0.0,0.8500000000000001,0.1,0.2,0.6000000000000001,45.0,95.0,95.0,0.35000000000000003,0.8,0.6000000000000001,0.2,65.0,65.0,75.0,321,321,0,321,0.0,1.0573752164677126,1.0,1.0573752164677126,252,0.7850467289719626,1.0,1
"iteration_3","SCOPE_DATA_COLLECTION",100,18,1150.0,1210.0,2,702,319,135,703,349,154,704,311,138,0,0,0,0.0,0.0,0.0,0.3463797999377082,1.053511414627422,2.0727751994380514,0.6927595998754164,1.053511414627422,1.381850132958701,0.0,0.7909967845659164,1.0,47.5,100.0,1156,0,0,0,0,0,0.0,0.0,0.0,0.8500000000000001,0.1,0.2,0.6000000000000001,45.0,95.0,95.0,0.35000000000000003,0.8,0.6000000000000001,0.2,65.0,65.0,75.0,152,152,0,152,0.0,2.0735688169428683,1.5,1.3823792112952455,152,1.0,1.0,1
"iteration_3","SCOPE_DATA_COLLECTION",100,19,1210.0,1270.0,0,621,321,152,702,319,135,625,326,150,0,0,0,0.0,0.0,0.0,0.34851453701630597,1.0583440963836503,2.0695532539857475,0.6970290740326119,1.0583440963836503,1.3797021693238316,0.0,0.7883435582822086,1.0,30.0,100.0,1094,0,0,0,0,0,0.0,0.0,0.0,0.35000000000000003,0.8,0.6000000000000001,0.2,65.0,65.0,75.0,0.25,0.9,0.6000000000000001,0.1,55.0,65.0,65.0,715,715,0,715,0.0,0.34920234404036304,0.5,0.6984046880807261,1,0.0013986013986013986,1.0,1
"iteration_3","SCOPE_DATA_COLLECTION",100,19,1210.0,1270.0,1,621,321,152,702,319,135,625,326,150,0,0,0,0.0,0.0,0.0,0.34851453701630597,1.0583440963836503,2.0695532539857475,0.6970290740326119,1.0583440963836503,1.3797021693238316,0.0,0.7883435582822086,1.0,30.0,100.0,1094,0,0,0,0,0,0.0,0.0,0.0,0.35000000000000003,0.8,0.6000000000000001,0.2,65.0,65.0,75.0,0.25,0.9,0.6000000000000001,0.1,55.0,65.0,65.0,318,318,0,318,0.0,1.05624216788973,1.0,1.05624216788973,242,0.7610062893081762,1.0,1
"iteration_3","SCOPE_DATA_COLLECTION",100,19,1210.0,1270.0,2,621,321,152,702,319,135,625,326,150,0,0,0,0.0,0.0,0.0,0.34851453701630597,1.0583440963836503,2.0695532539857475,0.6970290740326119,1.0583440963836503,1.3797021693238316,0.0,0.7883435582822086,1.0,30.0,100.0,1094,0,0,0,0,0,0.0,0.0,0.0,0.35000000000000003,0.8,0.6000000000000001,0.2,65.0,65.0,75.0,0.25,0.9,0.6000000000000001,0.1,55.0,65.0,65.0,174,173,1,174,0.005747126436781609,2.070918250897266,1.5,1.380612167264844,173,1.0,1.0,1
"iteration_3","SCOPE_DATA_COLLECTION",100,20,1270.0,1330.0,0,715,318,174,621,321,152,706,318,172,0,0,1,0.0,0.0,0.005780346820809248,0.3492421392851477,1.0563958002621938,2.073810938950339,0.6984842785702954,1.0563958002621938,1.3825406259668929,0.00141643059490085,0.7610062893081762,1.0,50.0,100.0,1207,0,0,1,0,0,8.285004142502071E-4,0.0,0.0,0.25,0.9,0.6000000000000001,0.1,55.0,65.0,65.0,0.15000000000000002,0.9,0.5,0.1,55.0,75.0,55.0,648,647,1,648,0.0015432098765432098,0.34837295535069407,0.5,0.6967459107013881,0,0.0,1.0,1
"iteration_3","SCOPE_DATA_COLLECTION",100,20,1270.0,1330.0,1,715,318,174,621,321,152,706,318,172,0,0,1,0.0,0.0,0.005780346820809248,0.3492421392851477,1.0563958002621938,2.073810938950339,0.6984842785702954,1.0563958002621938,1.3825406259668929,0.00141643059490085,0.7610062893081762,1.0,50.0,100.0,1207,0,0,1,0,0,8.285004142502071E-4,0.0,0.0,0.25,0.9,0.6000000000000001,0.1,55.0,65.0,65.0,0.15000000000000002,0.9,0.5,0.1,55.0,75.0,55.0,315,315,0,315,0.0,1.0558700814550588,1.0,1.0558700814550588,241,0.765079365079365,1.0,1
"iteration_3","SCOPE_DATA_COLLECTION",100,20,1270.0,1330.0,2,715,318,174,621,321,152,706,318,172,0,0,1,0.0,0.0,0.005780346820809248,0.3492421392851477,1.0563958002621938,2.073810938950339,0.6984842785702954,1.0563958002621938,1.3825406259668929,0.00141643059490085,0.7610062893081762,1.0,50.0,100.0,1207,0,0,1,0,0,8.285004142502071E-4,0.0,0.0,0.25,0.9,0.6000000000000001,0.1,55.0,65.0,65.0,0.15000000000000002,0.9,0.5,0.1,55.0,75.0,55.0,134,134,0,134,0.0,2.0702389758503297,1.5,1.3801593172335531,134,1.0,1.0,1
"iteration_3","SCOPE_DATA_COLLECTION",100,21,1330.0,1390.0,0,648,315,134,715,318,174,656,314,134,1,0,0,0.0015220700152207,0.0,0.0,0.34827925352316547,1.0555099455594399,2.0685973026119693,0.6965585070463309,1.0555099455594399,1.3790648684079796,0.0,0.7643312101910829,1.0,35.0,100.0,1097,0,0,1,0,0,9.115770282588879E-4,0.0,0.0,0.15000000000000002,0.9,0.5,0.1,55.0,75.0,55.0,0.15000000000000002,0.8,0.5,0.1,45.0,85.0,45.0,697,697,0,697,0.0,0.3476107079977245,0.5,0.695221415995449,1,0.0014347202295552368,1.0,1
"iteration_3","SCOPE_DATA_COLLECTION",100,21,1330.0,1390.0,1,648,315,134,715,318,174,656,314,134,1,0,0,0.0015220700152207,0.0,0.0,0.34827925352316547,1.0555099455594399,2.0685973026119693,0.6965585070463309,1.0555099455594399,1.3790648684079796,0.0,0.7643312101910829,1.0,35.0,100.0,1097,0,0,1,0,0,9.115770282588879E-4,0.0,0.0,0.15000000000000002,0.9,0.5,0.1,55.0,75.0,55.0,0.15000000000000002,0.8,0.5,0.1,45.0,85.0,45.0,328,328,0,328,0.0,1.0527191350918466,1.0,1.0527191350918466,250,0.7621951219512195,1.0,1
"iteration_3","SCOPE_DATA_COLLECTION",100,21,1330.0,1390.0,2,648,315,134,715,318,174,656,314,134,1,0,0,0.0015220700152207,0.0,0.0,0.34827925352316547,1.0555099455594399,2.0685973026119693,0.6965585070463309,1.0555099455594399,1.3790648684079796,0.0,0.7643312101910829,1.0,35.0,100.0,1097,0,0,1,0,0,9.115770282588879E-4,0.0,0.0,0.15000000000000002,0.9,0.5,0.1,55.0,75.0,55.0,0.15000000000000002,0.8,0.5,0.1,45.0,85.0,45.0,138,138,0,138,0.0,2.0786501105970245,1.5,1.3857667403980163,138,1.0,1.0,1
"iteration_3","SCOPE_DATA_COLLECTION",100,22,1390.0,1450.0,0,697,328,138,648,315,134,696,325,140,0,0,0,0.0,0.0,0.0,0.3476890550528962,1.0527630511110335,2.077636186628682,0.6953781101057924,1.0527630511110335,1.385090791085788,0.0014367816091954023,0.7630769230769231,1.0,40.0,100.0,1163,0,0,0,0,0,0.0,0.0,0.0,0.15000000000000002,0.8,0.5,0.1,45.0,85.0,45.0,0.55,0.9,0.7000000000000001,0.7000000000000001,30.0,65.0,80.0,611,611,0,611,0.0,0.3504719995562478,0.5,0.7009439991124956,0,0.0,1.0,1
"iteration_3","SCOPE_DATA_COLLECTION",100,22,1390.0,1450.0,1,697,328,138,648,315,134,696,325,140,0,0,0,0.0,0.0,0.0,0.3476890550528962,1.0527630511110335,2.077636186628682,0.6953781101057924,1.0527630511110335,1.385090791085788,0.0014367816091954023,0.7630769230769231,1.0,40.0,100.0,1163,0,0,0,0,0,0.0,0.0,0.0,0.15000000000000002,0.8,0.5,0.1,45.0,85.0,45.0,0.55,0.9,0.7000000000000001,0.7000000000000001,30.0,65.0,80.0,369,368,1,369,0.0027100271002710027,1.0574588344740712,1.0,1.0574588344740712,284,0.7717391304347826,1.0,1
"iteration_3","SCOPE_DATA_COLLECTION",100,22,1390.0,1450.0,2,697,328,138,648,315,134,696,325,140,0,0,0,0.0,0.0,0.0,0.3476890550528962,1.0527630511110335,2.077636186628682,0.6953781101057924,1.0527630511110335,1.385090791085788,0.0014367816091954023,0.7630769230769231,1.0,40.0,100.0,1163,0,0,0,0,0,0.0,0.0,0.0,0.15000000000000002,0.8,0.5,0.1,45.0,85.0,45.0,0.55,0.9,0.7000000000000001,0.7000000000000001,30.0,65.0,80.0,151,151,0,151,0.0,2.0416010266346607,1.5,1.3610673510897737,151,1.0,1.0,1
"iteration_3","SCOPE_DATA_COLLECTION",100,23,1450.0,1510.0,0,611,369,151,697,328,138,612,371,152,0,1,0,0.0,0.002688172043010753,0.0,0.35045012011093696,1.0581725025936348,2.042392849130172,0.7009002402218739,1.0581725025936348,1.361595232753448,0.0,0.7735849056603774,1.0,27.5,100.0,1131,0,0,1,0,0,8.841732979664014E-4,0.0,0.0,0.55,0.9,0.7000000000000001,0.7000000000000001,30.0,65.0,80.0,0.45,0.8,0.7000000000000001,0.7000000000000001,20.0,55.0,90.0,669,669,0,669,0.0,0.3468890670063578,0.5,0.6937781340127156,0,0.0,1.0,1
"iteration_3","SCOPE_DATA_COLLECTION",100,23,1450.0,1510.0,1,611,369,151,697,328,138,612,371,152,0,1,0,0.0,0.002688172043010753,0.0,0.35045012011093696,1.0581725025936348,2.042392849130172,0.7009002402218739,1.0581725025936348,1.361595232753448,0.0,0.7735849056603774,1.0,27.5,100.0,1131,0,0,1,0,0,8.841732979664014E-4,0.0,0.0,0.55,0.9,0.7000000000000001,0.7000000000000001,30.0,65.0,80.0,0.45,0.8,0.7000000000000001,0.7000000000000001,20.0,55.0,90.0,365,364,1,365,0.0027397260273972603,1.058681446569814,1.0,1.058681446569814,294,0.8076923076923077,1.0,1
"iteration_3","SCOPE_DATA_COLLECTION",100,23,1450.0,1510.0,2,611,369,151,697,328,138,612,371,152,0,1,0,0.0,0.002688172043010753,0.0,0.35045012011093696,1.0581725025936348,2.042392849130172,0.7009002402218739,1.0581725025936348,1.361595232753448,0.0,0.7735849056603774,1.0,27.5,100.0,1131,0,0,1,0,0,8.841732979664014E-4,0.0,0.0,0.55,0.9,0.7000000000000001,0.7000000000000001,30.0,65.0,80.0,0.45,0.8,0.7000000000000001,0.7000000000000001,20.0,55.0,90.0,138,138,0,138,0.0,2.0639898390655333,1.5,1.375993226043689,138,1.0,1.0,1
"iteration_3","SCOPE_DATA_COLLECTION",100,24,1510.0,1570.0,0,669,365,138,611,369,151,665,361,137,0,1,0,0.0,0.0027624309392265192,0.0,0.3468160580488875,1.0576979357616152,2.0628559240223434,0.693632116097775,1.0576979357616152,1.3752372826815622,0.0,0.8033240997229917,1.0,42.5,100.0,1172,0,0,1,0,0,8.532423208191126E-4,0.0,0.0,0.45,0.8,0.7000000000000001,0.7000000000000001,20.0,55.0,90.0,0.45,0.8,0.7000000000000001,0.7000000000000001,20.0,55.0,90.0,664,664,0,664,0.0,0.34762928782289354,0.5,0.6952585756457871,1,0.0015060240963855422,1.0,1
"iteration_3","SCOPE_DATA_COLLECTION",100,24,1510.0,1570.0,1,669,365,138,611,369,151,665,361,137,0,1,0,0.0,0.0027624309392265192,0.0,0.3468160580488875,1.0576979357616152,2.0628559240223434,0.693632116097775,1.0576979357616152,1.3752372826815622,0.0,0.8033240997229917,1.0,42.5,100.0,1172,0,0,1,0,0,8.532423208191126E-4,0.0,0.0,0.45,0.8,0.7000000000000001,0.7000000000000001,20.0,55.0,90.0,0.45,0.8,0.7000000000000001,0.7000000000000001,20.0,55.0,90.0,327,327,0,327,0.0,1.058392714295206,1.0,1.058392714295206,249,0.7614678899082569,1.0,1
"iteration_3","SCOPE_DATA_COLLECTION",100,24,1510.0,1570.0,2,669,365,138,611,369,151,665,361,137,0,1,0,0.0,0.0027624309392265192,0.0,0.3468160580488875,1.0576979357616152,2.0628559240223434,0.693632116097775,1.0576979357616152,1.3752372826815622,0.0,0.8033240997229917,1.0,42.5,100.0,1172,0,0,1,0,0,8.532423208191126E-4,0.0,0.0,0.45,0.8,0.7000000000000001,0.7000000000000001,20.0,55.0,90.0,0.45,0.8,0.7000000000000001,0.7000000000000001,20.0,55.0,90.0,122,122,0,122,0.0,2.0879510932645253,1.5,1.3919673955096836,122,1.0,1.0,1
"iteration_3","SCOPE_DATA_COLLECTION",100,25,1570.0,1630.0,0,664,327,122,669,365,138,666,330,122,0,0,0,0.0,0.0,0.0,0.3476785619787418,1.0579860181160325,2.0868786230421335,0.6953571239574836,1.0579860181160325,1.3912524153614223,0.0015015015015015015,0.7606060606060606,1.0,30.0,100.0,1113,0,0,0,0,0,0.0,0.0,0.0,0.45,0.8,0.7000000000000001,0.7000000000000001,20.0,55.0,90.0,0.45,0.8,0.7000000000000001,0.7000000000000001,20.0,55.0,90.0,684,684,0,684,0.0,0.34565045887639606,0.5,0.6913009177527921,0,0.0,1.0,1
"iteration_3","SCOPE_DATA_COLLECTION",100,25,1570.0,1630.0,1,664,327,122,669,365,138,666,330,122,0,0,0,0.0,0.0,0.0,0.3476785619787418,1.0579860181160325,2.0868786230421335,0.6953571239574836,1.0579860181160325,1.3912524153614223,0.0015015015015015015,0.7606060606060606,1.0,30.0,100.0,1113,0,0,0,0,0,0.0,0.0,0.0,0.45,0.8,0.7000000000000001,0.7000000000000001,20.0,55.0,90.0,0.45,0.8,0.7000000000000001,0.7000000000000001,20.0,55.0,90.0,364,364,0,364,0.0,1.056801638664607,1.0,1.056801638664607,291,0.7994505494505495,1.0,1
"iteration_3","SCOPE_DATA_COLLECTION",100,25,1570.0,1630.0,2,664,327,122,669,365,138,666,330,122,0,0,0,0.0,0.0,0.0,0.3476785619787418,1.0579860181160325,2.0868786230421335,0.6953571239574836,1.0579860181160325,1.3912524153614223,0.0015015015015015015,0.7606060606060606,1.0,30.0,100.0,1113,0,0,0,0,0,0.0,0.0,0.0,0.45,0.8,0.7000000000000001,0.7000000000000001,20.0,55.0,90.0,0.45,0.8,0.7000000000000001,0.7000000000000001,20.0,55.0,90.0,163,163,0,163,0.0,2.0495235634883024,1.5,1.366349042325535,163,1.0,1.0,1
"iteration_3","SCOPE_DATA_COLLECTION",100,26,1630.0,1690.0,0,684,364,163,664,327,122,682,362,157,0,0,0,0.0,0.0,0.0,0.34579047100251004,1.0578484386522125,2.053473522975004,0.6915809420050201,1.0578484386522125,1.3689823486500028,0.0,0.8011049723756906,1.0,55.0,100.0,1211,0,0,0,0,0,0.0,0.0,0.0,0.45,0.8,0.7000000000000001,0.7000000000000001,20.0,55.0,90.0,0.1,0.5,0.9,0.30000000000000004,30.0,50.0,30.0,695,695,0,695,0.0,0.34859382772054154,0.5,0.6971876554410831,0,0.0,1.0,1
"iteration_3","SCOPE_DATA_COLLECTION",100,26,1630.0,1690.0,1,684,364,163,664,327,122,682,362,157,0,0,0,0.0,0.0,0.0,0.34579047100251004,1.0578484386522125,2.053473522975004,0.6915809420050201,1.0578484386522125,1.3689823486500028,0.0,0.8011049723756906,1.0,55.0,100.0,1211,0,0,0,0,0,0.0,0.0,0.0,0.45,0.8,0.7000000000000001,0.7000000000000001,20.0,55.0,90.0,0.1,0.5,0.9,0.30000000000000004,30.0,50.0,30.0,338,337,1,338,0.0029585798816568047,1.051458826114586,1.0,1.051458826114586,249,0.7388724035608308,1.0,1
"iteration_3","SCOPE_DATA_COLLECTION",100,26,1630.0,1690.0,2,684,364,163,664,327,122,682,362,157,0,0,0,0.0,0.0,0.0,0.34579047100251004,1.0578484386522125,2.053473522975004,0.6915809420050201,1.0578484386522125,1.3689823486500028,0.0,0.8011049723756906,1.0,55.0,100.0,1211,0,0,0,0,0,0.0,0.0,0.0,0.45,0.8,0.7000000000000001,0.7000000000000001,20.0,55.0,90.0,0.1,0.5,0.9,0.30000000000000004,30.0,50.0,30.0,142,142,0,142,0.0,2.0647626781981474,1.5,1.3765084521320983,142,1.0,1.0,1
"iteration_3","SCOPE_DATA_COLLECTION",100,27,1690.0,1750.0,0,695,338,142,684,364,163,698,340,149,0,1,0,0.0,0.002932551319648094,0.0,0.348386478539547,1.0512191399761417,2.06169746527832,0.696772957079094,1.0512191399761417,1.3744649768522132,0.0,0.7411764705882353,1.0,25.0,100.0,1175,0,0,1,0,0,8.51063829787234E-4,0.0,0.0,0.1,0.5,0.9,0.30000000000000004,30.0,50.0,30.0,0.1,0.4,0.9,0.30000000000000004,20.0,40.0,40.0,696,696,0,696,0.0,0.3504326523224523,0.5,0.7008653046449046,0,0.0,1.0,1
"iteration_3","SCOPE_DATA_COLLECTION",100,27,1690.0,1750.0,1,695,338,142,684,364,163,698,340,149,0,1,0,0.0,0.002932551319648094,0.0,0.348386478539547,1.0512191399761417,2.06169746527832,0.696772957079094,1.0512191399761417,1.3744649768522132,0.0,0.7411764705882353,1.0,25.0,100.0,1175,0,0,1,0,0,8.51063829787234E-4,0.0,0.0,0.1,0.5,0.9,0.30000000000000004,30.0,50.0,30.0,0.1,0.4,0.9,0.30000000000000004,20.0,40.0,40.0,334,334,0,334,0.0,1.0604946796934922,1.0,1.0604946796934922,266,0.7964071856287425,1.0,1
"iteration_3","SCOPE_DATA_COLLECTION",100,27,1690.0,1750.0,2,695,338,142,684,364,163,698,340,149,0,1,0,0.0,0.002932551319648094,0.0,0.348386478539547,1.0512191399761417,2.06169746527832,0.696772957079094,1.0512191399761417,1.3744649768522132,0.0,0.7411764705882353,1.0,25.0,100.0,1175,0,0,1,0,0,8.51063829787234E-4,0.0,0.0,0.1,0.5,0.9,0.30000000000000004,30.0,50.0,30.0,0.1,0.4,0.9,0.30000000000000004,20.0,40.0,40.0,178,178,0,178,0.0,2.053725491731589,1.5,1.3691503278210593,178,1.0,1.0,1
"iteration_3","SCOPE_DATA_COLLECTION",100,28,1750.0,1810.0,0,696,334,178,695,338,142,694,336,176,0,0,0,0.0,0.0,0.0,0.35030773197144643,1.0606260373965204,2.054942753326366,0.7006154639428929,1.0606260373965204,1.3699618355509104,0.0,0.7976190476190477,1.0,30.0,100.0,1208,0,0,0,0,0,0.0,0.0,0.0,0.1,0.4,0.9,0.30000000000000004,20.0,40.0,40.0,0.1,0.4,0.9,0.30000000000000004,30.0,30.0,50.0,703,703,0,703,0.0,0.34860569056663226,0.5,0.6972113811332645,0,0.0,1.0,1
"iteration_3","SCOPE_DATA_COLLECTION",100,28,1750.0,1810.0,1,696,334,178,695,338,142,694,336,176,0,0,0,0.0,0.0,0.0,0.35030773197144643,1.0606260373965204,2.054942753326366,0.7006154639428929,1.0606260373965204,1.3699618355509104,0.0,0.7976190476190477,1.0,30.0,100.0,1208,0,0,0,0,0,0.0,0.0,0.0,0.1,0.4,0.9,0.30000000000000004,20.0,40.0,40.0,0.1,0.4,0.9,0.30000000000000004,30.0,30.0,50.0,318,318,0,318,0.0,1.0554660616403617,1.0,1.0554660616403617,252,0.7924528301886793,1.0,1
"iteration_3","SCOPE_DATA_COLLECTION",100,28,1750.0,1810.0,2,696,334,178,695,338,142,694,336,176,0,0,0,0.0,0.0,0.0,0.35030773197144643,1.0606260373965204,2.054942753326366,0.7006154639428929,1.0606260373965204,1.3699618355509104,0.0,0.7976190476190477,1.0,30.0,100.0,1208,0,0,0,0,0,0.0,0.0,0.0,0.1,0.4,0.9,0.30000000000000004,20.0,40.0,40.0,0.1,0.4,0.9,0.30000000000000004,30.0,30.0,50.0,163,163,0,163,0.0,2.0833029341435907,1.5,1.3888686227623939,163,1.0,1.0,1
"iteration_3","SCOPE_DATA_COLLECTION",100,29,1810.0,1870.0,0,703,318,163,696,334,178,704,319,161,0,0,0,0.0,0.0,0.0,0.3488358628847666,1.0557850656735022,2.085449358174771,0.6976717257695332,1.0557850656735022,1.390299572116514,0.0,0.7931034482758621,1.0,30.0,100.0,1184,0,0,0,0,0,0.0,0.0,0.0,0.1,0.4,0.9,0.30000000000000004,30.0,30.0,50.0,0.1,0.4,0.9,0.30000000000000004,30.0,30.0,50.0,690,690,0,690,0.0,0.3463894372044235,0.5,0.692778874408847,0,0.0,1.0,1
"iteration_3","SCOPE_DATA_COLLECTION",100,29,1810.0,1870.0,1,703,318,163,696,334,178,704,319,161,0,0,0,0.0,0.0,0.0,0.3488358628847666,1.0557850656735022,2.085449358174771,0.6976717257695332,1.0557850656735022,1.390299572116514,0.0,0.7931034482758621,1.0,30.0,100.0,1184,0,0,0,0,0,0.0,0.0,0.0,0.1,0.4,0.9,0.30000000000000004,30.0,30.0,50.0,0.1,0.4,0.9,0.30000000000000004,30.0,30.0,50.0,356,356,0,356,0.0,1.0524939786180587,1.0,1.0524939786180587,274,0.7696629213483146,1.0,1
"iteration_3","SCOPE_DATA_COLLECTION",100,29,1810.0,1870.0,2,703,318,163,696,334,178,704,319,161,0,0,0,0.0,0.0,0.0,0.3488358628847666,1.0557850656735022,2.085449358174771,0.6976717257695332,1.0557850656735022,1.390299572116514,0.0,0.7931034482758621,1.0,30.0,100.0,1184,0,0,0,0,0,0.0,0.0,0.0,0.1,0.4,0.9,0.30000000000000004,30.0,30.0,50.0,0.1,0.4,0.9,0.30000000000000004,30.0,30.0,50.0,138,138,0,138,0.0,2.0582875879684046,1.5,1.3721917253122697,138,1.0,1.0,1
"iteration_3","SCOPE_DATA_COLLECTION",100,30,1870.0,1930.0,0,690,356,138,703,318,163,691,352,142,0,0,0,0.0,0.0,0.0,0.346364049601183,1.0526353123228405,2.0568842496588435,0.692728099202366,1.0526353123228405,1.371256166439229,0.0,0.7670454545454546,1.0,27.5,100.0,1184,0,0,0,0,0,0.0,0.0,0.0,0.1,0.4,0.9,0.30000000000000004,30.0,30.0,50.0,0.05,0.30000000000000004,0.8,0.30000000000000004,40.0,20.0,60.0,696,696,0,696,0.0,0.34892885782814126,0.5,0.6978577156562825,0,0.0,1.0,1
"iteration_3","SCOPE_DATA_COLLECTION",100,30,1870.0,1930.0,1,690,356,138,703,318,163,691,352,142,0,0,0,0.0,0.0,0.0,0.346364049601183,1.0526353123228405,2.0568842496588435,0.692728099202366,1.0526353123228405,1.371256166439229,0.0,0.7670454545454546,1.0,27.5,100.0,1184,0,0,0,0,0,0.0,0.0,0.0,0.1,0.4,0.9,0.30000000000000004,30.0,30.0,50.0,0.05,0.30000000000000004,0.8,0.30000000000000004,40.0,20.0,60.0,336,335,1,336,0.002976190476190476,1.0608402015871448,1.0,1.0608402015871448,270,0.8059701492537313,1.0,1
"iteration_3","SCOPE_DATA_COLLECTION",100,30,1870.0,1930.0,2,690,356,138,703,318,163,691,352,142,0,0,0,0.0,0.0,0.0,0.346364049601183,1.0526353123228405,2.0568842496588435,0.692728099202366,1.0526353123228405,1.371256166439229,0.0,0.7670454545454546,1.0,27.5,100.0,1184,0,0,0,0,0,0.0,0.0,0.0,0.1,0.4,0.9,0.30000000000000004,30.0,30.0,50.0,0.05,0.30000000000000004,0.8,0.30000000000000004,40.0,20.0,60.0,156,156,0,156,0.0,2.073709337703706,1.5,1.3824728918024707,156,1.0,1.0,1
"iteration_3","SCOPE_DATA_COLLECTION",100,31,1930.0,1990.0,0,696,336,156,690,356,138,694,334,155,0,1,0,0.0,0.0029850746268656717,0.0,0.34886827830410944,1.060532189676811,2.070692431661538,0.6977365566082189,1.060532189676811,1.3804616211076919,0.0,0.8053892215568862,1.0,40.0,100.0,1188,0,0,1,0,0,8.417508417508417E-4,0.0,0.0,0.05,0.30000000000000004,0.8,0.30000000000000004,40.0,20.0,60.0,0.05,0.2,0.9,0.4,40.0,20.0,70.0,683,683,0,683,0.0,0.3461134079418794,0.5,0.6922268158837588,0,0.0,1.0,1
"iteration_3","SCOPE_DATA_COLLECTION",100,31,1930.0,1990.0,1,696,336,156,690,356,138,694,334,155,0,1,0,0.0,0.0029850746268656717,0.0,0.34886827830410944,1.060532189676811,2.070692431661538,0.6977365566082189,1.060532189676811,1.3804616211076919,0.0,0.8053892215568862,1.0,40.0,100.0,1188,0,0,1,0,0,8.417508417508417E-4,0.0,0.0,0.05,0.30000000000000004,0.8,0.30000000000000004,40.0,20.0,60.0,0.05,0.2,0.9,0.4,40.0,20.0,70.0,325,325,0,325,0.0,1.0551283587238456,1.0,1.0551283587238456,254,0.7815384615384615,1.0,1
"iteration_3","SCOPE_DATA_COLLECTION",100,31,1930.0,1990.0,2,696,336,156,690,356,138,694,334,155,0,1,0,0.0,0.0029850746268656717,0.0,0.34886827830410944,1.060532189676811,2.070692431661538,0.6977365566082189,1.060532189676811,1.3804616211076919,0.0,0.8053892215568862,1.0,40.0,100.0,1188,0,0,1,0,0,8.417508417508417E-4,0.0,0.0,0.05,0.30000000000000004,0.8,0.30000000000000004,40.0,20.0,60.0,0.05,0.2,0.9,0.4,40.0,20.0,70.0,136,136,0,136,0.0,2.042097812361974,1.5,1.3613985415746495,136,1.0,1.0,1
"iteration_3","SCOPE_DATA_COLLECTION",100,32,1990.0,2050.0,0,683,325,136,696,336,156,685,326,137,0,0,0,0.0,0.0,0.0,0.3460714426527411,1.0548875441139351,2.043084571631322,0.6921428853054822,1.0548875441139351,1.3620563810875481,0.0,0.7822085889570553,1.0,30.0,100.0,1144,0,0,0,0,0,0.0,0.0,0.0,0.05,0.2,0.9,0.4,40.0,20.0,70.0,0.9500000000000001,0.5,0.30000000000000004,0.9,65.0,20.0,90.0,665,665,0,665,0.0,0.3498522364889855,0.5,0.699704472977971,0,0.0,1.0,1
"iteration_3","SCOPE_DATA_COLLECTION",100,32,1990.0,2050.0,1,683,325,136,696,336,156,685,326,137,0,0,0,0.0,0.0,0.0,0.3460714426527411,1.0548875441139351,2.043084571631322,0.6921428853054822,1.0548875441139351,1.3620563810875481,0.0,0.7822085889570553,1.0,30.0,100.0,1144,0,0,0,0,0,0.0,0.0,0.0,0.05,0.2,0.9,0.4,40.0,20.0,70.0,0.9500000000000001,0.5,0.30000000000000004,0.9,65.0,20.0,90.0,333,332,1,333,0.003003003003003003,1.0582248112779071,1.0,1.0582248112779071,257,0.7740963855421686,1.0,1
"iteration_3","SCOPE_DATA_COLLECTION",100,32,1990.0,2050.0,2,683,325,136,696,336,156,685,326,137,0,0,0,0.0,0.0,0.0,0.3460714426527411,1.0548875441139351,2.043084571631322,0.6921428853054822,1.0548875441139351,1.3620563810875481,0.0,0.7822085889570553,1.0,30.0,100.0,1144,0,0,0,0,0,0.0,0.0,0.0,0.05,0.2,0.9,0.4,40.0,20.0,70.0,0.9500000000000001,0.5,0.30000000000000004,0.9,65.0,20.0,90.0,158,158,0,158,0.0,2.063203421475605,1.5,1.3754689476504034,158,1.0,1.0,1
"iteration_3","SCOPE_DATA_COLLECTION",100,33,2050.0,2110.0,0,665,333,158,683,325,136,662,337,160,0,1,0,0.0,0.0029585798816568047,0.0,0.3500032583091599,1.05816179834723,2.064968460585021,0.7000065166183198,1.05816179834723,1.376645640390014,0.0,0.7744807121661721,1.0,20.0,100.0,1156,0,0,1,0,0,8.650519031141869E-4,0.0,0.0,0.9500000000000001,0.5,0.30000000000000004,0.9,65.0,20.0,90.0,0.9500000000000001,0.5,0.30000000000000004,0.8,65.0,30.0,90.0,715,714,1,715,0.0013986013986013986,0.34833164267470096,0.5,0.6966632853494019,0,0.0,1.0,1
"iteration_3","SCOPE_DATA_COLLECTION",100,33,2050.0,2110.0,1,665,333,158,683,325,136,662,337,160,0,1,0,0.0,0.0029585798816568047,0.0,0.3500032583091599,1.05816179834723,2.064968460585021,0.7000065166183198,1.05816179834723,1.376645640390014,0.0,0.7744807121661721,1.0,20.0,100.0,1156,0,0,1,0,0,8.650519031141869E-4,0.0,0.0,0.9500000000000001,0.5,0.30000000000000004,0.9,65.0,20.0,90.0,0.9500000000000001,0.5,0.30000000000000004,0.8,65.0,30.0,90.0,338,338,0,338,0.0,1.061231761597931,1.0,1.061231761597931,269,0.7958579881656804,1.0,1
"iteration_3","SCOPE_DATA_COLLECTION",100,33,2050.0,2110.0,2,665,333,158,683,325,136,662,337,160,0,1,0,0.0,0.0029585798816568047,0.0,0.3500032583091599,1.05816179834723,2.064968460585021,0.7000065166183198,1.05816179834723,1.376645640390014,0.0,0.7744807121661721,1.0,20.0,100.0,1156,0,0,1,0,0,8.650519031141869E-4,0.0,0.0,0.9500000000000001,0.5,0.30000000000000004,0.9,65.0,20.0,90.0,0.9500000000000001,0.5,0.30000000000000004,0.8,65.0,30.0,90.0,166,165,1,166,0.006024096385542169,2.0643269861699634,1.5,1.3762179907799756,165,1.0,1.0,1
"iteration_3","SCOPE_DATA_COLLECTION",100,34,2110.0,2170.0,0,715,338,166,665,333,158,713,330,164,1,0,1,0.0014005602240896359,0.0,0.006060606060606061,0.34820856995601446,1.0609098890896926,2.062169108431332,0.6964171399120289,1.0609098890896926,1.374779405620888,0.0,0.793939393939394,1.0,37.5,100.0,1219,0,0,2,0,0,0.0016406890894175555,0.0,0.0,0.9500000000000001,0.5,0.30000000000000004,0.8,65.0,30.0,90.0,0.9500000000000001,0.6000000000000001,0.4,0.8,65.0,40.0,90.0,688,688,0,688,0.0,0.349304273692109,0.5,0.698608547384218,0,0.0,1.0,1
"iteration_3","SCOPE_DATA_COLLECTION",100,34,2110.0,2170.0,1,715,338,166,665,333,158,713,330,164,1,0,1,0.0014005602240896359,0.0,0.006060606060606061,0.34820856995601446,1.0609098890896926,2.062169108431332,0.6964171399120289,1.0609098890896926,1.374779405620888,0.0,0.793939393939394,1.0,37.5,100.0,1219,0,0,2,0,0,0.0016406890894175555,0.0,0.0,0.9500000000000001,0.5,0.30000000000000004,0.8,65.0,30.0,90.0,0.9500000000000001,0.6000000000000001,0.4,0.8,65.0,40.0,90.0,341,340,1,341,0.002932551319648094,1.0477529227121736,1.0,1.0477529227121736,251,0.7382352941176471,1.0,1
"iteration_3","SCOPE_DATA_COLLECTION",100,34,2110.0,2170.0,2,715,338,166,665,333,158,713,330,164,1,0,1,0.0014005602240896359,0.0,0.006060606060606061,0.34820856995601446,1.0609098890896926,2.062169108431332,0.6964171399120289,1.0609098890896926,1.374779405620888,0.0,0.793939393939394,1.0,37.5,100.0,1219,0,0,2,0,0,0.0016406890894175555,0.0,0.0,0.9500000000000001,0.5,0.30000000000000004,0.8,65.0,30.0,90.0,0.9500000000000001,0.6000000000000001,0.4,0.8,65.0,40.0,90.0,151,151,0,151,0.0,2.074290679086447,1.5,1.382860452724298,151,1.0,1.0,1
"iteration_3","SCOPE_DATA_COLLECTION",100,35,2170.0,2230.0,0,688,341,151,715,338,166,692,340,151,0,1,0,0.0,0.002932551319648094,0.0,0.3494409530286587,1.0492185627336366,2.0729919874376916,0.6988819060573174,1.0492185627336366,1.3819946582917944,0.0,0.7470588235294118,1.0,30.0,100.0,1180,0,0,1,0,0,8.47457627118644E-4,0.0,0.0,0.9500000000000001,0.6000000000000001,0.4,0.8,65.0,40.0,90.0,0.8500000000000001,0.2,0.4,0.2,40.0,50.0,55.0,638,637,1,638,0.001567398119122257,0.3466778379731503,0.5,0.6933556759463007,0,0.0,1.0,1
"iteration_3","SCOPE_DATA_COLLECTION",100,35,2170.0,2230.0,1,688,341,151,715,338,166,692,340,151,0,1,0,0.0,0.002932551319648094,0.0,0.3494409530286587,1.0492185627336366,2.0729919874376916,0.6988819060573174,1.0492185627336366,1.3819946582917944,0.0,0.7470588235294118,1.0,30.0,100.0,1180,0,0,1,0,0,8.47457627118644E-4,0.0,0.0,0.9500000000000001,0.6000000000000001,0.4,0.8,65.0,40.0,90.0,0.8500000000000001,0.2,0.4,0.2,40.0,50.0,55.0,307,307,0,307,0.0,1.0512211460054564,1.0,1.0512211460054564,237,0.7719869706840391,1.0,1
"iteration_3","SCOPE_DATA_COLLECTION",100,35,2170.0,2230.0,2,688,341,151,715,338,166,692,340,151,0,1,0,0.0,0.002932551319648094,0.0,0.3494409530286587,1.0492185627336366,2.0729919874376916,0.6988819060573174,1.0492185627336366,1.3819946582917944,0.0,0.7470588235294118,1.0,30.0,100.0,1180,0,0,1,0,0,8.47457627118644E-4,0.0,0.0,0.9500000000000001,0.6000000000000001,0.4,0.8,65.0,40.0,90.0,0.8500000000000001,0.2,0.4,0.2,40.0,50.0,55.0,134,134,0,134,0.0,2.0660787816775814,1.5,1.377385854451721,134,1.0,1.0,1
"iteration_3","SCOPE_DATA_COLLECTION",100,36,2230.0,2290.0,0,638,307,134,688,341,151,633,311,127,1,0,0,0.0015772870662460567,0.0,0.0,0.3464887950487083,1.0501872659861038,2.0698002832160296,0.6929775900974166,1.0501872659861038,1.379866855477353,0.0,0.7620578778135049,1.0,52.5,100.0,1079,0,0,1,0,0,9.267840593141798E-4,0.0,0.0,0.8500000000000001,0.2,0.4,0.2,40.0,50.0,55.0,0.1,0.9,0.5,0.1,90.0,85.0,70.0,670,670,0,670,0.0,0.35025133781278006,0.5,0.7005026756255601,0,0.0,1.0,1
"iteration_3","SCOPE_DATA_COLLECTION",100,36,2230.0,2290.0,1,638,307,134,688,341,151,633,311,127,1,0,0,0.0015772870662460567,0.0,0.0,0.3464887950487083,1.0501872659861038,2.0698002832160296,0.6929775900974166,1.0501872659861038,1.379866855477353,0.0,0.7620578778135049,1.0,52.5,100.0,1079,0,0,1,0,0,9.267840593141798E-4,0.0,0.0,0.8500000000000001,0.2,0.4,0.2,40.0,50.0,55.0,0.1,0.9,0.5,0.1,90.0,85.0,70.0,338,338,0,338,0.0,1.0513023768971566,1.0,1.0513023768971566,256,0.757396449704142,1.0,1
"iteration_3","SCOPE_DATA_COLLECTION",100,36,2230.0,2290.0,2,638,307,134,688,341,151,633,311,127,1,0,0,0.0015772870662460567,0.0,0.0,0.3464887950487083,1.0501872659861038,2.0698002832160296,0.6929775900974166,1.0501872659861038,1.379866855477353,0.0,0.7620578778135049,1.0,52.5,100.0,1079,0,0,1,0,0,9.267840593141798E-4,0.0,0.0,0.8500000000000001,0.2,0.4,0.2,40.0,50.0,55.0,0.1,0.9,0.5,0.1,90.0,85.0,70.0,152,152,0,152,0.0,2.049445837158747,1.5,1.366297224772498,152,1.0,1.0,1
"iteration_3","SCOPE_DATA_COLLECTION",100,37,2290.0,2350.0,0,670,338,152,638,307,134,675,339,157,0,0,0,0.0,0.0,0.0,0.3503551531539125,1.0518736377891795,2.04880671098482,0.700710306307825,1.0518736377891795,1.3658711406565465,0.0,0.7610619469026548,1.0,25.0,100.0,1160,0,0,0,0,0,0.0,0.0,0.0,0.1,0.9,0.5,0.1,90.0,85.0,70.0,0.2,0.9,0.6000000000000001,0.1,90.0,95.0,60.0,726,726,0,726,0.0,0.34929280445126737,0.5,0.6985856089025347,0,0.0,1.0,1
"iteration_3","SCOPE_DATA_COLLECTION",100,37,2290.0,2350.0,1,670,338,152,638,307,134,675,339,157,0,0,0,0.0,0.0,0.0,0.3503551531539125,1.0518736377891795,2.04880671098482,0.700710306307825,1.0518736377891795,1.3658711406565465,0.0,0.7610619469026548,1.0,25.0,100.0,1160,0,0,0,0,0,0.0,0.0,0.0,0.1,0.9,0.5,0.1,90.0,85.0,70.0,0.2,0.9,0.6000000000000001,0.1,90.0,95.0,60.0,334,334,0,334,0.0,1.0501122109916008,1.0,1.0501122109916008,253,0.7574850299401198,1.0,1
"iteration_3","SCOPE_DATA_COLLECTION",100,37,2290.0,2350.0,2,670,338,152,638,307,134,675,339,157,0,0,0,0.0,0.0,0.0,0.3503551531539125,1.0518736377891795,2.04880671098482,0.700710306307825,1.0518736377891795,1.3658711406565465,0.0,0.7610619469026548,1.0,25.0,100.0,1160,0,0,0,0,0,0.0,0.0,0.0,0.1,0.9,0.5,0.1,90.0,85.0,70.0,0.2,0.9,0.6000000000000001,0.1,90.0,95.0,60.0,139,138,1,139,0.007194244604316547,2.052254025594971,1.5,1.3681693503966474,138,1.0,1.0,1
"iteration_3","SCOPE_DATA_COLLECTION",100,38,2350.0,2410.0,0,726,334,139,670,338,152,721,333,137,0,0,1,0.0,0.0,0.007246376811594203,0.34935181668728843,1.0491502241469988,2.052636223362949,0.6987036333745769,1.0491502241469988,1.3684241489086328,0.0,0.7537537537537538,1.0,42.5,100.0,1199,0,0,1,0,0,8.340283569641367E-4,0.0,0.0,0.2,0.9,0.6000000000000001,0.1,90.0,95.0,60.0,0.1,0.9,0.6000000000000001,0.1,95.0,95.0,70.0,637,637,0,637,0.0,0.3499096689762823,0.5,0.6998193379525646,0,0.0,1.0,1
"iteration_3","SCOPE_DATA_COLLECTION",100,38,2350.0,2410.0,1,726,334,139,670,338,152,721,333,137,0,0,1,0.0,0.0,0.007246376811594203,0.34935181668728843,1.0491502241469988,2.052636223362949,0.6987036333745769,1.0491502241469988,1.3684241489086328,0.0,0.7537537537537538,1.0,42.5,100.0,1199,0,0,1,0,0,8.340283569641367E-4,0.0,0.0,0.2,0.9,0.6000000000000001,0.1,90.0,95.0,60.0,0.1,0.9,0.6000000000000001,0.1,95.0,95.0,70.0,341,341,0,341,0.0,1.0552535647172265,1.0,1.0552535647172265,259,0.7595307917888563,1.0,1
"iteration_3","SCOPE_DATA_COLLECTION",100,38,2350.0,2410.0,2,726,334,139,670,338,152,721,333,137,0,0,1,0.0,0.0,0.007246376811594203,0.34935181668728843,1.0491502241469988,2.052636223362949,0.6987036333745769,1.0491502241469988,1.3684241489086328,0.0,0.7537537537537538,1.0,42.5,100.0,1199,0,0,1,0,0,8.340283569641367E-4,0.0,0.0,0.2,0.9,0.6000000000000001,0.1,90.0,95.0,60.0,0.1,0.9,0.6000000000000001,0.1,95.0,95.0,70.0,154,154,0,154,0.0,2.064700165813162,1.5,1.3764667772087746,154,1.0,1.0,1
"iteration_3","SCOPE_DATA_COLLECTION",100,39,2410.0,2470.0,0,637,341,154,726,334,139,641,341,154,0,0,0,0.0,0.0,0.0,0.34974867286480404,1.056510375235382,2.066296035564129,0.6994973457296081,1.056510375235382,1.377530690376086,0.0,0.7683284457478006,1.0,32.5,100.0,1132,0,0,0,0,0,0.0,0.0,0.0,0.1,0.9,0.6000000000000001,0.1,95.0,95.0,70.0,0.05,0.9,0.7000000000000001,0.1,85.0,95.0,80.0,690,690,0,690,0.0,0.34989314545960704,0.5,0.6997862909192141,0,0.0,1.0,1
"iteration_3","SCOPE_DATA_COLLECTION",100,39,2410.0,2470.0,1,637,341,154,726,334,139,641,341,154,0,0,0,0.0,0.0,0.0,0.34974867286480404,1.056510375235382,2.066296035564129,0.6994973457296081,1.056510375235382,1.377530690376086,0.0,0.7683284457478006,1.0,32.5,100.0,1132,0,0,0,0,0,0.0,0.0,0.0,0.1,0.9,0.6000000000000001,0.1,95.0,95.0,70.0,0.05,0.9,0.7000000000000001,0.1,85.0,95.0,80.0,333,333,0,333,0.0,1.0544943070145611,1.0,1.0544943070145611,253,0.7597597597597597,1.0,1
"iteration_3","SCOPE_DATA_COLLECTION",100,39,2410.0,2470.0,2,637,341,154,726,334,139,641,341,154,0,0,0,0.0,0.0,0.0,0.34974867286480404,1.056510375235382,2.066296035564129,0.6994973457296081,1.056510375235382,1.377530690376086,0.0,0.7683284457478006,1.0,32.5,100.0,1132,0,0,0,0,0,0.0,0.0,0.0,0.1,0.9,0.6000000000000001,0.1,95.0,95.0,70.0,0.05,0.9,0.7000000000000001,0.1,85.0,95.0,80.0,151,150,1,151,0.006622516556291391,2.0603999993246815,1.5,1.3735999995497876,150,1.0,1.0,1
"iteration_3","SCOPE_DATA_COLLECTION",100,40,2470.0,2530.0,0,690,333,151,637,341,154,688,329,152,0,0,1,0.0,0.0,0.006535947712418301,0.3499324290891227,1.0535744980029063,2.060154807761122,0.6998648581782454,1.0535744980029063,1.3734365385074145,0.0,0.756838905775076,1.0,35.0,100.0,1174,0,0,1,0,0,8.517887563884157E-4,0.0,0.0,0.05,0.9,0.7000000000000001,0.1,85.0,95.0,80.0,0.8,0.2,0.1,0.1,20.0,40.0,55.0,704,703,1,704,0.0014204545454545455,0.34694778701534096,0.5,0.6938955740306819,0,0.0,1.0,1
"iteration_3","SCOPE_DATA_COLLECTION",100,40,2470.0,2530.0,1,690,333,151,637,341,154,688,329,152,0,0,1,0.0,0.0,0.006535947712418301,0.3499324290891227,1.0535744980029063,2.060154807761122,0.6998648581782454,1.0535744980029063,1.3734365385074145,0.0,0.756838905775076,1.0,35.0,100.0,1174,0,0,1,0,0,8.517887563884157E-4,0.0,0.0,0.05,0.9,0.7000000000000001,0.1,85.0,95.0,80.0,0.8,0.2,0.1,0.1,20.0,40.0,55.0,340,339,1,340,0.0029411764705882353,1.0525042466177004,1.0,1.0525042466177004,262,0.7728613569321534,1.0,1
"iteration_3","SCOPE_DATA_COLLECTION",100,40,2470.0,2530.0,2,690,333,151,637,341,154,688,329,152,0,0,1,0.0,0.0,0.006535947712418301,0.3499324290891227,1.0535744980029063,2.060154807761122,0.6998648581782454,1.0535744980029063,1.3734365385074145,0.0,0.756838905775076,1.0,35.0,100.0,1174,0,0,1,0,0,8.517887563884157E-4,0.0,0.0,0.05,0.9,0.7000000000000001,0.1,85.0,95.0,80.0,0.8,0.2,0.1,0.1,20.0,40.0,55.0,156,156,0,156,0.0,2.0621046202820708,1.5,1.3747364135213804,156,1.0,1.0,1
"iteration_3","SCOPE_DATA_COLLECTION",100,41,2530.0,2590.0,0,704,340,156,690,333,151,699,343,154,1,1,0,0.0014285714285714286,0.0029069767441860465,0.0,0.34706840729590765,1.0525030914188496,2.063883524924774,0.6941368145918153,1.0525030914188496,1.3759223499498494,0.0,0.7667638483965015,1.0,42.5,100.0,1200,0,0,2,0,0,0.0016666666666666668,0.0,0.0,0.8,0.2,0.1,0.1,20.0,40.0,55.0,0.7000000000000001,0.30000000000000004,0.1,0.1,20.0,30.0,65.0,657,655,2,657,0.0030441400304414,0.3475402456608111,0.5,0.6950804913216222,0,0.0,1.0,1
"iteration_3","SCOPE_DATA_COLLECTION",100,41,2530.0,2590.0,1,704,340,156,690,333,151,699,343,154,1,1,0,0.0014285714285714286,0.0029069767441860465,0.0,0.34706840729590765,1.0525030914188496,2.063883524924774,0.6941368145918153,1.0525030914188496,1.3759223499498494,0.0,0.7667638483965015,1.0,42.5,100.0,1200,0,0,2,0,0,0.0016666666666666668,0.0,0.0,0.8,0.2,0.1,0.1,20.0,40.0,55.0,0.7000000000000001,0.30000000000000004,0.1,0.1,20.0,30.0,65.0,302,301,1,302,0.0033112582781456954,1.055428086002495,1.0,1.055428086002495,228,0.7574750830564784,1.0,1
"iteration_3","SCOPE_DATA_COLLECTION",100,41,2530.0,2590.0,2,704,340,156,690,333,151,699,343,154,1,1,0,0.0014285714285714286,0.0029069767441860465,0.0,0.34706840729590765,1.0525030914188496,2.063883524924774,0.6941368145918153,1.0525030914188496,1.3759223499498494,0.0,0.7667638483965015,1.0,42.5,100.0,1200,0,0,2,0,0,0.0016666666666666668,0.0,0.0,0.8,0.2,0.1,0.1,20.0,40.0,55.0,0.7000000000000001,0.30000000000000004,0.1,0.1,20.0,30.0,65.0,129,129,0,129,0.0,2.071233687413038,1.5,1.3808224582753585,129,1.0,1.0,1
"iteration_3","SCOPE_DATA_COLLECTION",100,42,2590.0,2650.0,0,657,302,129,704,340,156,659,299,130,2,1,0,0.0030257186081694403,0.0033333333333333335,0.0,0.34755854841563294,1.0557960029010218,2.065684193835096,0.6951170968312659,1.0557960029010218,1.377122795890064,0.0,0.7625418060200669,1.0,40.0,100.0,1088,0,0,3,0,0,0.0027573529411764708,0.0,0.0,0.7000000000000001,0.30000000000000004,0.1,0.1,20.0,30.0,65.0,0.7000000000000001,0.4,0.1,0.1,30.0,20.0,55.0,684,683,1,684,0.0014619883040935672,0.34836774503507434,0.5,0.6967354900701487,1,0.0014641288433382138,1.0,1
"iteration_3","SCOPE_DATA_COLLECTION",100,42,2590.0,2650.0,1,657,302,129,704,340,156,659,299,130,2,1,0,0.0030257186081694403,0.0033333333333333335,0.0,0.34755854841563294,1.0557960029010218,2.065684193835096,0.6951170968312659,1.0557960029010218,1.377122795890064,0.0,0.7625418060200669,1.0,40.0,100.0,1088,0,0,3,0,0,0.0027573529411764708,0.0,0.0,0.7000000000000001,0.30000000000000004,0.1,0.1,20.0,30.0,65.0,0.7000000000000001,0.4,0.1,0.1,30.0,20.0,55.0,358,358,0,358,0.0,1.048948565246702,1.0,1.048948565246702,269,0.7513966480446927,1.0,1
"iteration_3","SCOPE_DATA_COLLECTION",100,42,2590.0,2650.0,2,657,302,129,704,340,156,659,299,130,2,1,0,0.0030257186081694403,0.0033333333333333335,0.0,0.34755854841563294,1.0557960029010218,2.065684193835096,0.6951170968312659,1.0557960029010218,1.377122795890064,0.0,0.7625418060200669,1.0,40.0,100.0,1088,0,0,3,0,0,0.0027573529411764708,0.0,0.0,0.7000000000000001,0.30000000000000004,0.1,0.1,20.0,30.0,65.0,0.7000000000000001,0.4,0.1,0.1,30.0,20.0,55.0,127,127,0,127,0.0,2.0646221457047544,1.5,1.3764147638031696,127,1.0,1.0,1
"iteration_3","SCOPE_DATA_COLLECTION",100,43,2650.0,2710.0,0,684,358,127,657,302,129,681,359,130,1,0,0,0.001466275659824047,0.0,0.0,0.3479570277104418,1.049311936480406,2.0656109139332224,0.6959140554208836,1.049311936480406,1.3770739426221483,0.0014684287812041115,0.754874651810585,1.0,30.0,100.0,1169,0,0,1,0,0,8.55431993156544E-4,0.0,0.0,0.7000000000000001,0.4,0.1,0.1,30.0,20.0,55.0,0.7000000000000001,0.6000000000000001,0.4,0.2,20.0,25.0,75.0,713,712,1,713,0.001402524544179523,0.34787807408949556,0.5,0.6957561481789911,0,0.0,1.0,1
"iteration_3","SCOPE_DATA_COLLECTION",100,43,2650.0,2710.0,1,684,358,127,657,302,129,681,359,130,1,0,0,0.001466275659824047,0.0,0.0,0.3479570277104418,1.049311936480406,2.0656109139332224,0.6959140554208836,1.049311936480406,1.3770739426221483,0.0014684287812041115,0.754874651810585,1.0,30.0,100.0,1169,0,0,1,0,0,8.55431993156544E-4,0.0,0.0,0.7000000000000001,0.4,0.1,0.1,30.0,20.0,55.0,0.7000000000000001,0.6000000000000001,0.4,0.2,20.0,25.0,75.0,358,358,0,358,0.0,1.0601995372699247,1.0,1.0601995372699247,300,0.8379888268156425,1.0,1
"iteration_3","SCOPE_DATA_COLLECTION",100,43,2650.0,2710.0,2,684,358,127,657,302,129,681,359,130,1,0,0,0.001466275659824047,0.0,0.0,0.3479570277104418,1.049311936480406,2.0656109139332224,0.6959140554208836,1.049311936480406,1.3770739426221483,0.0014684287812041115,0.754874651810585,1.0,30.0,100.0,1169,0,0,1,0,0,8.55431993156544E-4,0.0,0.0,0.7000000000000001,0.4,0.1,0.1,30.0,20.0,55.0,0.7000000000000001,0.6000000000000001,0.4,0.2,20.0,25.0,75.0,156,156,0,156,0.0,2.07447100357162,1.5,1.3829806690477466,156,1.0,1.0,1
"iteration_3","SCOPE_DATA_COLLECTION",100,44,2710.0,2770.0,0,713,358,156,684,358,127,718,358,153,1,0,0,0.0013908205841446453,0.0,0.0,0.3481581395312952,1.0591750776693212,2.073531843393872,0.6963162790625904,1.0591750776693212,1.3823545622625815,0.0,0.8324022346368715,1.0,27.5,100.0,1227,0,0,1,0,0,8.149959250203749E-4,0.0,0.0,0.7000000000000001,0.6000000000000001,0.4,0.2,20.0,25.0,75.0,0.1,0.30000000000000004,0.7000000000000001,0.30000000000000004,20.0,85.0,30.0,659,659,0,659,0.0,0.3467403150215486,0.5,0.6934806300430972,0,0.0,1.0,1
"iteration_3","SCOPE_DATA_COLLECTION",100,44,2710.0,2770.0,1,713,358,156,684,358,127,718,358,153,1,0,0,0.0013908205841446453,0.0,0.0,0.3481581395312952,1.0591750776693212,2.073531843393872,0.6963162790625904,1.0591750776693212,1.3823545622625815,0.0,0.8324022346368715,1.0,27.5,100.0,1227,0,0,1,0,0,8.149959250203749E-4,0.0,0.0,0.7000000000000001,0.6000000000000001,0.4,0.2,20.0,25.0,75.0,0.1,0.30000000000000004,0.7000000000000001,0.30000000000000004,20.0,85.0,30.0,350,350,0,350,0.0,1.0561928357617503,1.0,1.0561928357617503,276,0.7885714285714286,1.0,1
"iteration_3","SCOPE_DATA_COLLECTION",100,44,2710.0,2770.0,2,713,358,156,684,358,127,718,358,153,1,0,0,0.0013908205841446453,0.0,0.0,0.3481581395312952,1.0591750776693212,2.073531843393872,0.6963162790625904,1.0591750776693212,1.3823545622625815,0.0,0.8324022346368715,1.0,27.5,100.0,1227,0,0,1,0,0,8.149959250203749E-4,0.0,0.0,0.7000000000000001,0.6000000000000001,0.4,0.2,20.0,25.0,75.0,0.1,0.30000000000000004,0.7000000000000001,0.30000000000000004,20.0,85.0,30.0,145,145,0,145,0.0,2.0545225495418733,1.5,1.3696816996945822,145,1.0,1.0,1
"iteration_3","SCOPE_DATA_COLLECTION",100,45,2770.0,2830.0,0,659,350,145,713,358,156,654,348,146,0,0,0,0.0,0.0,0.0,0.34665199032887895,1.0569860663678794,2.056489958453384,0.6933039806577579,1.0569860663678794,1.3709933056355892,0.0,0.7931034482758621,1.0,40.0,100.0,1154,0,0,0,0,0,0.0,0.0,0.0,0.1,0.30000000000000004,0.7000000000000001,0.30000000000000004,20.0,85.0,30.0,0.1,0.4,0.8,0.4,20.0,95.0,40.0,657,657,0,657,0.0,0.3472841417994745,0.5,0.694568283598949,0,0.0,1.0,1
"iteration_3","SCOPE_DATA_COLLECTION",100,45,2770.0,2830.0,1,659,350,145,713,358,156,654,348,146,0,0,0,0.0,0.0,0.0,0.34665199032887895,1.0569860663678794,2.056489958453384,0.6933039806577579,1.0569860663678794,1.3709933056355892,0.0,0.7931034482758621,1.0,40.0,100.0,1154,0,0,0,0,0,0.0,0.0,0.0,0.1,0.30000000000000004,0.7000000000000001,0.30000000000000004,20.0,85.0,30.0,0.1,0.4,0.8,0.4,20.0,95.0,40.0,348,347,1,348,0.0028735632183908046,1.0526700322276046,1.0,1.0526700322276046,267,0.7694524495677233,1.0,1
"iteration_3","SCOPE_DATA_COLLECTION",100,45,2770.0,2830.0,2,659,350,145,713,358,156,654,348,146,0,0,0,0.0,0.0,0.0,0.34665199032887895,1.0569860663678794,2.056489958453384,0.6933039806577579,1.0569860663678794,1.3709933056355892,0.0,0.7931034482758621,1.0,40.0,100.0,1154,0,0,0,0,0,0.0,0.0,0.0,0.1,0.30000000000000004,0.7000000000000001,0.30000000000000004,20.0,85.0,30.0,0.1,0.4,0.8,0.4,20.0,95.0,40.0,148,148,0,148,0.0,2.0559729206899764,1.5,1.3706486137933176,148,1.0,1.0,1
"iteration_3","SCOPE_DATA_COLLECTION",100,46,2830.0,2890.0,0,657,348,148,659,350,145,656,347,149,0,1,0,0.0,0.0028735632183908046,0.0,0.3473126269897609,1.052626235134487,2.05490865852351,0.6946252539795218,1.052626235134487,1.36993910568234,0.0,0.7665706051873199,1.0,40.0,100.0,1153,0,0,1,0,0,8.673026886383347E-4,0.0,0.0,0.1,0.4,0.8,0.4,20.0,95.0,40.0,0.25,0.5,0.4,0.1,55.0,50.0,45.0,658,658,0,658,0.0,0.3487158747579845,0.5,0.697431749515969,0,0.0,1.0,1
"iteration_3","SCOPE_DATA_COLLECTION",100,46,2830.0,2890.0,1,657,348,148,659,350,145,656,347,149,0,1,0,0.0,0.0028735632183908046,0.0,0.3473126269897609,1.052626235134487,2.05490865852351,0.6946252539795218,1.052626235134487,1.36993910568234,0.0,0.7665706051873199,1.0,40.0,100.0,1153,0,0,1,0,0,8.673026886383347E-4,0.0,0.0,0.1,0.4,0.8,0.4,20.0,95.0,40.0,0.25,0.5,0.4,0.1,55.0,50.0,45.0,357,357,0,357,0.0,1.054434599499385,1.0,1.054434599499385,280,0.7843137254901961,1.0,1
"iteration_3","SCOPE_DATA_COLLECTION",100,46,2830.0,2890.0,2,657,348,148,659,350,145,656,347,149,0,1,0,0.0,0.0028735632183908046,0.0,0.3473126269897609,1.052626235134487,2.05490865852351,0.6946252539795218,1.052626235134487,1.36993910568234,0.0,0.7665706051873199,1.0,40.0,100.0,1153,0,0,1,0,0,8.673026886383347E-4,0.0,0.0,0.1,0.4,0.8,0.4,20.0,95.0,40.0,0.25,0.5,0.4,0.1,55.0,50.0,45.0,158,158,0,158,0.0,2.057060632965342,1.5,1.3713737553102279,158,1.0,1.0,1
"iteration_3","SCOPE_DATA_COLLECTION",100,47,2890.0,2950.0,0,658,357,158,657,348,148,657,358,155,0,0,0,0.0,0.0,0.0,0.34852081695694037,1.0547792548629316,2.055342818191727,0.6970416339138807,1.0547792548629316,1.3702285454611511,0.0,0.7905027932960894,1.0,40.0,100.0,1173,0,0,0,0,0,0.0,0.0,0.0,0.25,0.5,0.4,0.1,55.0,50.0,45.0,0.25,0.5,0.4,0.1,55.0,50.0,45.0,682,682,0,682,0.0,0.34645172690747345,0.5,0.6929034538149469,0,0.0,1.0,1
"iteration_3","SCOPE_DATA_COLLECTION",100,47,2890.0,2950.0,1,658,357,158,657,348,148,657,358,155,0,0,0,0.0,0.0,0.0,0.34852081695694037,1.0547792548629316,2.055342818191727,0.6970416339138807,1.0547792548629316,1.3702285454611511,0.0,0.7905027932960894,1.0,40.0,100.0,1173,0,0,0,0,0,0.0,0.0,0.0,0.25,0.5,0.4,0.1,55.0,50.0,45.0,0.25,0.5,0.4,0.1,55.0,50.0,45.0,354,353,1,354,0.002824858757062147,1.057014447133345,1.0,1.057014447133345,283,0.8016997167138811,1.0,1
"iteration_3","SCOPE_DATA_COLLECTION",100,47,2890.0,2950.0,2,658,357,158,657,348,148,657,358,155,0,0,0,0.0,0.0,0.0,0.34852081695694037,1.0547792548629316,2.055342818191727,0.6970416339138807,1.0547792548629316,1.3702285454611511,0.0,0.7905027932960894,1.0,40.0,100.0,1173,0,0,0,0,0,0.0,0.0,0.0,0.25,0.5,0.4,0.1,55.0,50.0,45.0,0.25,0.5,0.4,0.1,55.0,50.0,45.0,137,137,0,137,0.0,2.063512720971099,1.5,1.375675147314066,137,1.0,1.0,1
"iteration_3","SCOPE_DATA_COLLECTION",100,48,2950.0,3010.0,0,682,354,137,658,357,158,686,354,137,0,1,0,0.0,0.0028169014084507044,0.0,0.3468048946265842,1.0566362574822499,2.066228496431506,0.6936097892531684,1.0566362574822499,1.3774856642876705,0.0,0.7909604519774012,1.0,35.0,100.0,1173,0,0,1,0,0,8.525149190110827E-4,0.0,0.0,0.25,0.5,0.4,0.1,55.0,50.0,45.0,0.75,0.2,0.4,0.6000000000000001,55.0,90.0,25.0,719,719,0,719,0.0,0.3466301934229114,0.5,0.6932603868458228,0,0.0,1.0,1
"iteration_3","SCOPE_DATA_COLLECTION",100,48,2950.0,3010.0,1,682,354,137,658,357,158,686,354,137,0,1,0,0.0,0.0028169014084507044,0.0,0.3468048946265842,1.0566362574822499,2.066228496431506,0.6936097892531684,1.0566362574822499,1.3774856642876705,0.0,0.7909604519774012,1.0,35.0,100.0,1173,0,0,1,0,0,8.525149190110827E-4,0.0,0.0,0.25,0.5,0.4,0.1,55.0,50.0,45.0,0.75,0.2,0.4,0.6000000000000001,55.0,90.0,25.0,324,324,0,324,0.0,1.0555159713987035,1.0,1.0555159713987035,248,0.7654320987654321,1.0,1
"iteration_3","SCOPE_DATA_COLLECTION",100,48,2950.0,3010.0,2,682,354,137,658,357,158,686,354,137,0,1,0,0.0,0.0028169014084507044,0.0,0.3468048946265842,1.0566362574822499,2.066228496431506,0.6936097892531684,1.0566362574822499,1.3774856642876705,0.0,0.7909604519774012,1.0,35.0,100.0,1173,0,0,1,0,0,8.525149190110827E-4,0.0,0.0,0.25,0.5,0.4,0.1,55.0,50.0,45.0,0.75,0.2,0.4,0.6000000000000001,55.0,90.0,25.0,162,161,1,162,0.006172839506172839,2.0600393618341153,1.5,1.373359574556077,161,1.0,1.0,1
"iteration_3","SCOPE_DATA_COLLECTION",100,49,3010.0,3070.0,0,719,324,162,682,354,137,718,322,163,0,0,1,0.0,0.0,0.006097560975609756,0.3464936965829269,1.0553863967102486,2.060686815627523,0.6929873931658538,1.0553863967102486,1.3737912104183485,0.0,0.7732919254658385,1.0,40.0,100.0,1205,0,0,1,0,0,8.298755186721991E-4,0.0,0.0,0.75,0.2,0.4,0.6000000000000001,55.0,90.0,25.0,0.45,0.9,0.1,0.9,65.0,20.0,50.0,718,718,0,718,0.0,0.34975461492967,0.5,0.69950922985934,0,0.0,1.0,1
"iteration_3","SCOPE_DATA_COLLECTION",100,49,3010.0,3070.0,1,719,324,162,682,354,137,718,322,163,0,0,1,0.0,0.0,0.006097560975609756,0.3464936965829269,1.0553863967102486,2.060686815627523,0.6929873931658538,1.0553863967102486,1.3737912104183485,0.0,0.7732919254658385,1.0,40.0,100.0,1205,0,0,1,0,0,8.298755186721991E-4,0.0,0.0,0.75,0.2,0.4,0.6000000000000001,55.0,90.0,25.0,0.45,0.9,0.1,0.9,65.0,20.0,50.0,345,345,0,345,0.0,1.058311571135803,1.0,1.058311571135803,268,0.7768115942028986,1.0,1
"iteration_3","SCOPE_DATA_COLLECTION",100,49,3010.0,3070.0,2,719,324,162,682,354,137,718,322,163,0,0,1,0.0,0.0,0.006097560975609756,0.3464936965829269,1.0553863967102486,2.060686815627523,0.6929873931658538,1.0553863967102486,1.3737912104183485,0.0,0.7732919254658385,1.0,40.0,100.0,1205,0,0,1,0,0,8.298755186721991E-4,0.0,0.0,0.75,0.2,0.4,0.6000000000000001,55.0,90.0,25.0,0.45,0.9,0.1,0.9,65.0,20.0,50.0,148,148,0,148,0.0,2.066655642048296,1.5,1.3777704280321974,148,1.0,1.0,1
"iteration_3","SCOPE_DATA_COLLECTION",100,50,3070.0,3130.0,0,718,345,148,719,324,162,718,348,143,0,0,0,0.0,0.0,0.0,0.3496648513794919,1.0579235777615026,2.0655428076475433,0.6993297027589838,1.0579235777615026,1.3770285384316956,0.0,0.7701149425287356,1.0,37.5,100.0,1211,0,0,0,0,0,0.0,0.0,0.0,0.45,0.9,0.1,0.9,65.0,20.0,50.0,0.35000000000000003,0.9,0.2,0.8,55.0,20.0,60.0,726,726,0,726,0.0,0.35060031311909606,0.5,0.7012006262381921,0,0.0,1.0,1
"iteration_3","SCOPE_DATA_COLLECTION",100,50,3070.0,3130.0,1,718,345,148,719,324,162,718,348,143,0,0,0,0.0,0.0,0.0,0.3496648513794919,1.0579235777615026,2.0655428076475433,0.6993297027589838,1.0579235777615026,1.3770285384316956,0.0,0.7701149425287356,1.0,37.5,100.0,1211,0,0,0,0,0,0.0,0.0,0.0,0.45,0.9,0.1,0.9,65.0,20.0,50.0,0.35000000000000003,0.9,0.2,0.8,55.0,20.0,60.0,356,356,0,356,0.0,1.059302116333886,1.0,1.059302116333886,281,0.7893258426966292,1.0,1
"iteration_3","SCOPE_DATA_COLLECTION",100,50,3070.0,3130.0,2,718,345,148,719,324,162,718,348,143,0,0,0,0.0,0.0,0.0,0.3496648513794919,1.0579235777615026,2.0655428076475433,0.6993297027589838,1.0579235777615026,1.3770285384316956,0.0,0.7701149425287356,1.0,37.5,100.0,1211,0,0,0,0,0,0.0,0.0,0.0,0.45,0.9,0.1,0.9,65.0,20.0,50.0,0.35000000000000003,0.9,0.2,0.8,55.0,20.0,60.0,159,159,0,159,0.0,2.070649774881328,1.5,1.3804331832542187,159,1.0,1.0,1
"iteration_3","SCOPE_DATA_COLLECTION",100,51,3130.0,3190.0,0,726,356,159,718,345,148,725,357,162,0,0,0,0.0,0.0,0.0,0.35069848563759826,1.0592998672881822,2.071678646508939,0.7013969712751965,1.0592998672881822,1.3811190976726262,0.0,0.7927170868347339,1.0,35.0,100.0,1241,0,0,0,0,0,0.0,0.0,0.0,0.35000000000000003,0.9,0.2,0.8,55.0,20.0,60.0,0.6000000000000001,0.4,0.7000000000000001,0.7000000000000001,90.0,60.0,80.0,698,698,0,698,0.0,0.34781205512592966,0.5,0.6956241102518593,0,0.0,1.0,1
"iteration_3","SCOPE_DATA_COLLECTION",100,51,3130.0,3190.0,1,726,356,159,718,345,148,725,357,162,0,0,0,0.0,0.0,0.0,0.35069848563759826,1.0592998672881822,2.071678646508939,0.7013969712751965,1.0592998672881822,1.3811190976726262,0.0,0.7927170868347339,1.0,35.0,100.0,1241,0,0,0,0,0,0.0,0.0,0.0,0.35000000000000003,0.9,0.2,0.8,55.0,20.0,60.0,0.6000000000000001,0.4,0.7000000000000001,0.7000000000000001,90.0,60.0,80.0,342,342,0,342,0.0,1.0550938019792413,1.0,1.0550938019792413,265,0.7748538011695907,1.0,1
"iteration_3","SCOPE_DATA_COLLECTION",100,51,3130.0,3190.0,2,726,356,159,718,345,148,725,357,162,0,0,0,0.0,0.0,0.0,0.35069848563759826,1.0592998672881822,2.071678646508939,0.7013969712751965,1.0592998672881822,1.3811190976726262,0.0,0.7927170868347339,1.0,35.0,100.0,1241,0,0,0,0,0,0.0,0.0,0.0,0.35000000000000003,0.9,0.2,0.8,55.0,20.0,60.0,0.6000000000000001,0.4,0.7000000000000001,0.7000000000000001,90.0,60.0,80.0,151,150,1,151,0.006622516556291391,2.0645731226953496,1.5,1.3763820817968997,150,1.0,1.0,1
"iteration_3","SCOPE_DATA_COLLECTION",100,52,3190.0,3250.0,0,698,342,151,726,356,159,701,342,154,0,0,1,0.0,0.0,0.0064516129032258064,0.34779572015672844,1.0557183695120358,2.063411838814811,0.6955914403134569,1.0557183695120358,1.3756078925432071,0.0,0.7777777777777778,1.0,17.5,100.0,1191,0,0,1,0,0,8.396305625524769E-4,0.0,0.0,0.6000000000000001,0.4,0.7000000000000001,0.7000000000000001,90.0,60.0,80.0,0.7000000000000001,0.30000000000000004,0.7000000000000001,0.8,90.0,60.0,90.0,678,678,0,678,0.0,0.34575483281001174,0.5,0.6915096656200235,0,0.0,1.0,1
"iteration_3","SCOPE_DATA_COLLECTION",100,52,3190.0,3250.0,1,698,342,151,726,356,159,701,342,154,0,0,1,0.0,0.0,0.0064516129032258064,0.34779572015672844,1.0557183695120358,2.063411838814811,0.6955914403134569,1.0557183695120358,1.3756078925432071,0.0,0.7777777777777778,1.0,17.5,100.0,1191,0,0,1,0,0,8.396305625524769E-4,0.0,0.0,0.6000000000000001,0.4,0.7000000000000001,0.7000000000000001,90.0,60.0,80.0,0.7000000000000001,0.30000000000000004,0.7000000000000001,0.8,90.0,60.0,90.0,310,310,0,310,0.0,1.0592937967937124,1.0,1.0592937967937124,245,0.7903225806451613,1.0,1
"iteration_3","SCOPE_DATA_COLLECTION",100,52,3190.0,3250.0,2,698,342,151,726,356,159,701,342,154,0,0,1,0.0,0.0,0.0064516129032258064,0.34779572015672844,1.0557183695120358,2.063411838814811,0.6955914403134569,1.0557183695120358,1.3756078925432071,0.0,0.7777777777777778,1.0,17.5,100.0,1191,0,0,1,0,0,8.396305625524769E-4,0.0,0.0,0.6000000000000001,0.4,0.7000000000000001,0.7000000000000001,90.0,60.0,80.0,0.7000000000000001,0.30000000000000004,0.7000000000000001,0.8,90.0,60.0,90.0,154,154,0,154,0.0,2.0642937434633035,1.5,1.3761958289755356,154,1.0,1.0,1
"iteration_3","SCOPE_DATA_COLLECTION",100,53,3250.0,3310.0,0,678,310,154,698,342,151,677,310,144,0,0,0,0.0,0.0,0.0,0.3458645400394998,1.0590118533921082,2.064577345437505,0.6917290800789996,1.0590118533921082,1.3763848969583368,0.0,0.7870967741935484,1.0,45.0,100.0,1142,0,0,0,0,0,0.0,0.0,0.0,0.7000000000000001,0.30000000000000004,0.7000000000000001,0.8,90.0,60.0,90.0,0.7000000000000001,0.4,0.6000000000000001,0.8,80.0,50.0,80.0,650,650,0,650,0.0,0.34829525132165357,0.5,0.6965905026433071,0,0.0,1.0,1
"iteration_3","SCOPE_DATA_COLLECTION",100,53,3250.0,3310.0,1,678,310,154,698,342,151,677,310,144,0,0,0,0.0,0.0,0.0,0.3458645400394998,1.0590118533921082,2.064577345437505,0.6917290800789996,1.0590118533921082,1.3763848969583368,0.0,0.7870967741935484,1.0,45.0,100.0,1142,0,0,0,0,0,0.0,0.0,0.0,0.7000000000000001,0.30000000000000004,0.7000000000000001,0.8,90.0,60.0,90.0,0.7000000000000001,0.4,0.6000000000000001,0.8,80.0,50.0,80.0,326,326,0,326,0.0,1.0627856298005631,1.0,1.0627856298005631,260,0.7975460122699386,1.0,1
"iteration_3","SCOPE_DATA_COLLECTION",100,53,3250.0,3310.0,2,678,310,154,698,342,151,677,310,144,0,0,0,0.0,0.0,0.0,0.3458645400394998,1.0590118533921082,2.064577345437505,0.6917290800789996,1.0590118533921082,1.3763848969583368,0.0,0.7870967741935484,1.0,45.0,100.0,1142,0,0,0,0,0,0.0,0.0,0.0,0.7000000000000001,0.30000000000000004,0.7000000000000001,0.8,90.0,60.0,90.0,0.7000000000000001,0.4,0.6000000000000001,0.8,80.0,50.0,80.0,169,169,0,169,0.0,2.067418219709318,1.5,1.3782788131395451,169,1.0,1.0,1
"iteration_3","SCOPE_DATA_COLLECTION",100,54,3310.0,3370.0,0,650,326,169,678,310,154,646,328,180,0,0,0,0.0,0.0,0.0,0.34828801301435114,1.0621142423406529,2.0680313927742997,0.6965760260287023,1.0621142423406529,1.3786875951828665,0.0,0.7957317073170732,1.0,20.0,100.0,1145,0,0,0,0,0,0.0,0.0,0.0,0.7000000000000001,0.4,0.6000000000000001,0.8,80.0,50.0,80.0,0.7000000000000001,0.4,0.6000000000000001,0.8,80.0,50.0,80.0,675,675,0,675,0.0,0.3475071142033657,0.5,0.6950142284067314,0,0.0,1.0,1
"iteration_3","SCOPE_DATA_COLLECTION",100,54,3310.0,3370.0,1,650,326,169,678,310,154,646,328,180,0,0,0,0.0,0.0,0.0,0.34828801301435114,1.0621142423406529,2.0680313927742997,0.6965760260287023,1.0621142423406529,1.3786875951828665,0.0,0.7957317073170732,1.0,20.0,100.0,1145,0,0,0,0,0,0.0,0.0,0.0,0.7000000000000001,0.4,0.6000000000000001,0.8,80.0,50.0,80.0,0.7000000000000001,0.4,0.6000000000000001,0.8,80.0,50.0,80.0,338,338,0,338,0.0,1.057438403413467,1.0,1.057438403413467,262,0.7751479289940828,1.0,1
"iteration_3","SCOPE_DATA_COLLECTION",100,54,3310.0,3370.0,2,650,326,169,678,310,154,646,328,180,0,0,0,0.0,0.0,0.0,0.34828801301435114,1.0621142423406529,2.0680313927742997,0.6965760260287023,1.0621142423406529,1.3786875951828665,0.0,0.7957317073170732,1.0,20.0,100.0,1145,0,0,0,0,0,0.0,0.0,0.0,0.7000000000000001,0.4,0.6000000000000001,0.8,80.0,50.0,80.0,0.7000000000000001,0.4,0.6000000000000001,0.8,80.0,50.0,80.0,168,168,0,168,0.0,2.046826489268621,1.5,1.3645509928457473,168,1.0,1.0,1
"iteration_3","SCOPE_DATA_COLLECTION",100,55,3370.0,3430.0,0,675,338,168,650,326,169,677,338,163,0,0,0,0.0,0.0,0.0,0.3474187219386735,1.0583256390824,2.0485635735699557,0.694837443877347,1.0583256390824,1.365709049046637,0.0,0.7781065088757396,1.0,30.0,100.0,1181,0,0,0,0,0,0.0,0.0,0.0,0.7000000000000001,0.4,0.6000000000000001,0.8,80.0,50.0,80.0,0.7000000000000001,0.5,0.5,0.9,90.0,50.0,90.0,705,705,0,705,0.0,0.34757425174231543,0.5,0.6951485034846309,0,0.0,1.0,1
"iteration_3","SCOPE_DATA_COLLECTION",100,55,3370.0,3430.0,1,675,338,168,650,326,169,677,338,163,0,0,0,0.0,0.0,0.0,0.3474187219386735,1.0583256390824,2.0485635735699557,0.694837443877347,1.0583256390824,1.365709049046637,0.0,0.7781065088757396,1.0,30.0,100.0,1181,0,0,0,0,0,0.0,0.0,0.0,0.7000000000000001,0.4,0.6000000000000001,0.8,80.0,50.0,80.0,0.7000000000000001,0.5,0.5,0.9,90.0,50.0,90.0,345,345,0,345,0.0,1.0550946268442902,1.0,1.0550946268442902,263,0.7623188405797101,1.0,1
"iteration_3","SCOPE_DATA_COLLECTION",100,55,3370.0,3430.0,2,675,338,168,650,326,169,677,338,163,0,0,0,0.0,0.0,0.0,0.3474187219386735,1.0583256390824,2.0485635735699557,0.694837443877347,1.0583256390824,1.365709049046637,0.0,0.7781065088757396,1.0,30.0,100.0,1181,0,0,0,0,0,0.0,0.0,0.0,0.7000000000000001,0.4,0.6000000000000001,0.8,80.0,50.0,80.0,0.7000000000000001,0.5,0.5,0.9,90.0,50.0,90.0,169,169,0,169,0.0,2.066645650696514,1.5,1.3777637671310092,169,1.0,1.0,1
"iteration_3","SCOPE_DATA_COLLECTION",100,56,3430.0,3490.0,0,705,345,169,675,338,168,706,341,168,0,0,0,0.0,0.0,0.0,0.3475281876217524,1.0536597910302927,2.061535101303394,0.6950563752435048,1.0536597910302927,1.3743567342022625,0.0,0.7565982404692082,1.0,40.0,100.0,1219,0,0,0,0,0,0.0,0.0,0.0,0.7000000000000001,0.5,0.5,0.9,90.0,50.0,90.0,0.7000000000000001,0.4,0.5,0.9,90.0,50.0,90.0,725,725,0,725,0.0,0.3470030409360164,0.5,0.6940060818720328,0,0.0,1.0,1
"iteration_3","SCOPE_DATA_COLLECTION",100,56,3430.0,3490.0,1,705,345,169,675,338,168,706,341,168,0,0,0,0.0,0.0,0.0,0.3475281876217524,1.0536597910302927,2.061535101303394,0.6950563752435048,1.0536597910302927,1.3743567342022625,0.0,0.7565982404692082,1.0,40.0,100.0,1219,0,0,0,0,0,0.0,0.0,0.0,0.7000000000000001,0.5,0.5,0.9,90.0,50.0,90.0,0.7000000000000001,0.4,0.5,0.9,90.0,50.0,90.0,370,370,0,370,0.0,1.0507565959125442,1.0,1.0507565959125442,275,0.7432432432432432,1.0,1
"iteration_3","SCOPE_DATA_COLLECTION",100,56,3430.0,3490.0,2,705,345,169,675,338,168,706,341,168,0,0,0,0.0,0.0,0.0,0.3475281876217524,1.0536597910302927,2.061535101303394,0.6950563752435048,1.0536597910302927,1.3743567342022625,0.0,0.7565982404692082,1.0,40.0,100.0,1219,0,0,0,0,0,0.0,0.0,0.0,0.7000000000000001,0.5,0.5,0.9,90.0,50.0,90.0,0.7000000000000001,0.4,0.5,0.9,90.0,50.0,90.0,153,153,0,153,0.0,2.0627687279527955,1.5,1.3751791519685304,153,1.0,1.0,1
"iteration_3","SCOPE_DATA_COLLECTION",100,57,3490.0,3550.0,0,725,370,153,705,345,169,725,366,152,0,0,0,0.0,0.0,0.0,0.3470943001200807,1.0517416726799993,2.06323685332459,0.6941886002401614,1.0517416726799993,1.3754912355497266,0.0,0.7486338797814208,1.0,52.5,100.0,1248,0,0,0,0,0,0.0,0.0,0.0,0.7000000000000001,0.4,0.5,0.9,90.0,50.0,90.0,0.7000000000000001,0.4,0.5,0.9,90.0,50.0,90.0,639,638,1,639,0.001564945226917058,0.34676459501550194,0.5,0.6935291900310039,0,0.0,1.0,1
"iteration_3","SCOPE_DATA_COLLECTION",100,57,3490.0,3550.0,1,725,370,153,705,345,169,725,366,152,0,0,0,0.0,0.0,0.0,0.3470943001200807,1.0517416726799993,2.06323685332459,0.6941886002401614,1.0517416726799993,1.3754912355497266,0.0,0.7486338797814208,1.0,52.5,100.0,1248,0,0,0,0,0,0.0,0.0,0.0,0.7000000000000001,0.4,0.5,0.9,90.0,50.0,90.0,0.7000000000000001,0.4,0.5,0.9,90.0,50.0,90.0,329,328,1,329,0.00303951367781155,1.0493835849681434,1.0,1.0493835849681434,252,0.7682926829268293,1.0,1
"iteration_3","SCOPE_DATA_COLLECTION",100,57,3490.0,3550.0,2,725,370,153,705,345,169,725,366,152,0,0,0,0.0,0.0,0.0,0.3470943001200807,1.0517416726799993,2.06323685332459,0.6941886002401614,1.0517416726799993,1.3754912355497266,0.0,0.7486338797814208,1.0,52.5,100.0,1248,0,0,0,0,0,0.0,0.0,0.0,0.7000000000000001,0.4,0.5,0.9,90.0,50.0,90.0,0.7000000000000001,0.4,0.5,0.9,90.0,50.0,90.0,138,138,0,138,0.0,2.0701801493907617,1.5,1.3801200995938412,138,1.0,1.0,1
"iteration_3","SCOPE_DATA_COLLECTION",100,58,3550.0,3616.85805009504,0,639,329,138,725,370,153,636,333,140,1,1,0,0.0015698587127158557,0.0029940119760479044,0.0,0.34663037124326856,1.049089116417245,2.0732280879458425,0.6932607424865371,1.049089116417245,1.3821520586305616,0.0,0.7627627627627628,1.0,32.5,100.0,1106,0,0,2,0,0,0.0018083182640144665,0.0,0.0,0.7000000000000001,0.4,0.5,0.9,90.0,50.0,90.0,0.7000000000000001,0.4,0.5,0.9,90.0,50.0,90.0,576,571,0,571,0.0,0.3489174867156113,0.5,0.6978349734312226,0,0.0,0.9913194444444444,0
"iteration_3","SCOPE_DATA_COLLECTION",100,58,3550.0,3616.85805009504,1,639,329,138,725,370,153,636,333,140,1,1,0,0.0015698587127158557,0.0029940119760479044,0.0,0.34663037124326856,1.049089116417245,2.0732280879458425,0.6932607424865371,1.049089116417245,1.3821520586305616,0.0,0.7627627627627628,1.0,32.5,100.0,1106,0,0,2,0,0,0.0018083182640144665,0.0,0.0,0.7000000000000001,0.4,0.5,0.9,90.0,50.0,90.0,0.7000000000000001,0.4,0.5,0.9,90.0,50.0,90.0,281,270,2,272,0.007352941176470588,1.0500401952756688,1.0,1.0500401952756688,213,0.7888888888888889,0.9679715302491103,0
"iteration_3","SCOPE_DATA_COLLECTION",100,58,3550.0,3616.85805009504,2,639,329,138,725,370,153,636,333,140,1,1,0,0.0015698587127158557,0.0029940119760479044,0.0,0.34663037124326856,1.049089116417245,2.0732280879458425,0.6932607424865371,1.049089116417245,1.3821520586305616,0.0,0.7627627627627628,1.0,32.5,100.0,1106,0,0,2,0,0,0.0018083182640144665,0.0,0.0,0.7000000000000001,0.4,0.5,0.9,90.0,50.0,90.0,0.7000000000000001,0.4,0.5,0.9,90.0,50.0,90.0,109,107,0,107,0.0,2.0534495804323836,1.5,1.3689663869549225,107,1.0,0.981651376146789,0
"iteration_3","SCOPE_DATA_COLLECTION",200,0,70.0,130.0,0,1203,792,250,0,0,0,1194,771,244,2,2,0,0.0016722408026755853,0.00258732212160414,0.0,0.3511991576604683,1.0560671205476293,2.065763471425431,0.7023983153209366,1.0560671205476293,1.377175647616954,0.0041876046901172526,0.7859922178988327,0.9918032786885246,72.5,100.0,2234,10,1,3,1,0,0.0013428827215756492,0.1,0.0,0.6,0.5,0.7,0.4,85.0,80.0,90.0,0.5,0.5,0.8,0.5,85.0,90.0,90.0,1324,1321,3,1324,0.0022658610271903325,0.35092708552120344,0.5,0.7018541710424069,10,0.00757002271006813,1.0,1
"iteration_3","SCOPE_DATA_COLLECTION",200,0,70.0,130.0,1,1203,792,250,0,0,0,1194,771,244,2,2,0,0.0016722408026755853,0.00258732212160414,0.0,0.3511991576604683,1.0560671205476293,2.065763471425431,0.7023983153209366,1.0560671205476293,1.377175647616954,0.0041876046901172526,0.7859922178988327,0.9918032786885246,72.5,100.0,2234,10,1,3,1,0,0.0013428827215756492,0.1,0.0,0.6,0.5,0.7,0.4,85.0,80.0,90.0,0.5,0.5,0.8,0.5,85.0,90.0,90.0,834,834,0,834,0.0,1.054344764434692,1.0,1.054344764434692,645,0.7733812949640287,1.0,1
"iteration_3","SCOPE_DATA_COLLECTION",200,0,70.0,130.0,2,1203,792,250,0,0,0,1194,771,244,2,2,0,0.0016722408026755853,0.00258732212160414,0.0,0.3511991576604683,1.0560671205476293,2.065763471425431,0.7023983153209366,1.0560671205476293,1.377175647616954,0.0041876046901172526,0.7859922178988327,0.9918032786885246,72.5,100.0,2234,10,1,3,1,0,0.0013428827215756492,0.1,0.0,0.6,0.5,0.7,0.4,85.0,80.0,90.0,0.5,0.5,0.8,0.5,85.0,90.0,90.0,276,276,0,276,0.0,2.0478942760538223,1.5,1.3652628507025482,275,0.9963768115942029,1.0,1
"iteration_3","SCOPE_DATA_COLLECTION",200,1,130.0,190.0,0,1324,834,276,1203,792,250,1318,830,274,3,0,0,0.002271006813020439,0.0,0.0,0.3508883224553862,1.05463458722165,2.0490818868573997,0.7017766449107724,1.05463458722165,1.3660545912382664,0.007587253414264037,0.7710843373493976,0.9963503649635036,85.0,100.0,2416,10,8,3,0,0,0.0012417218543046358,0.0,0.0,0.5,0.5,0.8,0.5,85.0,90.0,90.0,0.7000000000000001,0.4,0.2,0.5,50.0,40.0,90.0,1244,1244,0,1244,0.0,0.35269562921435665,0.5,0.7053912584287133,2,0.001607717041800643,1.0,1
"iteration_3","SCOPE_DATA_COLLECTION",200,1,130.0,190.0,1,1324,834,276,1203,792,250,1318,830,274,3,0,0,0.002271006813020439,0.0,0.0,0.3508883224553862,1.05463458722165,2.0490818868573997,0.7017766449107724,1.05463458722165,1.3660545912382664,0.007587253414264037,0.7710843373493976,0.9963503649635036,85.0,100.0,2416,10,8,3,0,0,0.0012417218543046358,0.0,0.0,0.5,0.5,0.8,0.5,85.0,90.0,90.0,0.7000000000000001,0.4,0.2,0.5,50.0,40.0,90.0,866,866,0,866,0.0,1.0580437922881825,1.0,1.0580437922881825,676,0.7806004618937644,1.0,1
"iteration_3","SCOPE_DATA_COLLECTION",200,1,130.0,190.0,2,1324,834,276,1203,792,250,1318,830,274,3,0,0,0.002271006813020439,0.0,0.0,0.3508883224553862,1.05463458722165,2.0490818868573997,0.7017766449107724,1.05463458722165,1.3660545912382664,0.007587253414264037,0.7710843373493976,0.9963503649635036,85.0,100.0,2416,10,8,3,0,0,0.0012417218543046358,0.0,0.0,0.5,0.5,0.8,0.5,85.0,90.0,90.0,0.7000000000000001,0.4,0.2,0.5,50.0,40.0,90.0,255,255,0,255,0.0,2.055584559967626,1.5,1.370389706645084,255,1.0,1.0,1
"iteration_3","SCOPE_DATA_COLLECTION",200,2,190.0,250.0,0,1244,866,255,1324,834,276,1244,871,251,0,0,0,0.0,0.0,0.0,0.3528932558779649,1.058623490865611,2.054045205193869,0.7057865117559298,1.058623490865611,1.3693634701292459,0.001607717041800643,0.7864523536165328,1.0,82.5,100.0,2364,1,0,0,0,0,0.0,0.0,0.0,0.7000000000000001,0.4,0.2,0.5,50.0,40.0,90.0,0.30000000000000004,0.2,0.2,0.1,50.0,30.0,55.0,1265,1264,1,1265,7.905138339920949E-4,0.3562257171298934,0.5,0.7124514342597869,14,0.011075949367088608,1.0,1
"iteration_3","SCOPE_DATA_COLLECTION",200,2,190.0,250.0,1,1244,866,255,1324,834,276,1244,871,251,0,0,0,0.0,0.0,0.0,0.3528932558779649,1.058623490865611,2.054045205193869,0.7057865117559298,1.058623490865611,1.3693634701292459,0.001607717041800643,0.7864523536165328,1.0,82.5,100.0,2364,1,0,0,0,0,0.0,0.0,0.0,0.7000000000000001,0.4,0.2,0.5,50.0,40.0,90.0,0.30000000000000004,0.2,0.2,0.1,50.0,30.0,55.0,883,883,0,883,0.0,1.0621856973606318,1.0,1.0621856973606318,694,0.7859569648924122,1.0,1
"iteration_3","SCOPE_DATA_COLLECTION",200,2,190.0,250.0,2,1244,866,255,1324,834,276,1244,871,251,0,0,0,0.0,0.0,0.0,0.3528932558779649,1.058623490865611,2.054045205193869,0.7057865117559298,1.058623490865611,1.3693634701292459,0.001607717041800643,0.7864523536165328,1.0,82.5,100.0,2364,1,0,0,0,0,0.0,0.0,0.0,0.7000000000000001,0.4,0.2,0.5,50.0,40.0,90.0,0.30000000000000004,0.2,0.2,0.1,50.0,30.0,55.0,259,259,0,259,0.0,2.0627585471328755,1.5,1.3751723647552503,259,1.0,1.0,1
"iteration_3","SCOPE_DATA_COLLECTION",200,3,250.0,310.0,0,1265,883,259,1244,866,255,1266,885,261,1,0,0,7.892659826361484E-4,0.0,0.0,0.35617520129563607,1.0618983748018054,2.0630942685823013,0.7123504025912721,1.0618983748018054,1.3753961790548674,0.011058451816745656,0.7819209039548023,1.0,75.0,100.0,2407,0,0,1,0,0,4.154549231408392E-4,0.0,0.0,0.30000000000000004,0.2,0.2,0.1,50.0,30.0,55.0,0.30000000000000004,0.2,0.2,0.1,50.0,30.0,55.0,1268,1266,2,1268,0.0015772870662460567,0.35739470025121195,0.5,0.7147894005024239,12,0.009478672985781991,1.0,1
"iteration_3","SCOPE_DATA_COLLECTION",200,3,250.0,310.0,1,1265,883,259,1244,866,255,1266,885,261,1,0,0,7.892659826361484E-4,0.0,0.0,0.35617520129563607,1.0618983748018054,2.0630942685823013,0.7123504025912721,1.0618983748018054,1.3753961790548674,0.011058451816745656,0.7819209039548023,1.0,75.0,100.0,2407,0,0,1,0,0,4.154549231408392E-4,0.0,0.0,0.30000000000000004,0.2,0.2,0.1,50.0,30.0,55.0,0.30000000000000004,0.2,0.2,0.1,50.0,30.0,55.0,901,900,1,901,0.0011098779134295228,1.0571938271744372,1.0,1.0571938271744372,703,0.7811111111111111,1.0,1
"iteration_3","SCOPE_DATA_COLLECTION",200,3,250.0,310.0,2,1265,883,259,1244,866,255,1266,885,261,1,0,0,7.892659826361484E-4,0.0,0.0,0.35617520129563607,1.0618983748018054,2.0630942685823013,0.7123504025912721,1.0618983748018054,1.3753961790548674,0.011058451816745656,0.7819209039548023,1.0,75.0,100.0,2407,0,0,1,0,0,4.154549231408392E-4,0.0,0.0,0.30000000000000004,0.2,0.2,0.1,50.0,30.0,55.0,0.30000000000000004,0.2,0.2,0.1,50.0,30.0,55.0,247,247,0,247,0.0,2.0522485280217655,1.5,1.3681656853478437,246,0.9959514170040485,1.0,1
"iteration_3","SCOPE_DATA_COLLECTION",200,4,310.0,370.0,0,1268,901,247,1265,883,259,1261,903,251,2,1,0,0.001583531274742676,0.0011061946902654867,0.0,0.35736544374960616,1.057651288859113,2.0522509538538727,0.7147308874992123,1.057651288859113,1.3681673025692485,0.00951625693893735,0.7829457364341085,0.9960159362549801,62.5,100.0,2413,2,1,3,0,0,0.0012432656444260257,0.0,0.0,0.30000000000000004,0.2,0.2,0.1,50.0,30.0,55.0,0.05,0.30000000000000004,0.2,0.6000000000000001,65.0,70.0,65.0,1279,1278,1,1279,7.818608287724785E-4,0.35499686347552756,0.5,0.7099937269510551,7,0.005477308294209703,1.0,1
"iteration_3","SCOPE_DATA_COLLECTION",200,4,310.0,370.0,1,1268,901,247,1265,883,259,1261,903,251,2,1,0,0.001583531274742676,0.0011061946902654867,0.0,0.35736544374960616,1.057651288859113,2.0522509538538727,0.7147308874992123,1.057651288859113,1.3681673025692485,0.00951625693893735,0.7829457364341085,0.9960159362549801,62.5,100.0,2413,2,1,3,0,0,0.0012432656444260257,0.0,0.0,0.30000000000000004,0.2,0.2,0.1,50.0,30.0,55.0,0.05,0.30000000000000004,0.2,0.6000000000000001,65.0,70.0,65.0,914,914,0,914,0.0,1.056625908259763,1.0,1.056625908259763,708,0.774617067833698,1.0,1
"iteration_3","SCOPE_DATA_COLLECTION",200,4,310.0,370.0,2,1268,901,247,1265,883,259,1261,903,251,2,1,0,0.001583531274742676,0.0011061946902654867,0.0,0.35736544374960616,1.057651288859113,2.0522509538538727,0.7147308874992123,1.057651288859113,1.3681673025692485,0.00951625693893735,0.7829457364341085,0.9960159362549801,62.5,100.0,2413,2,1,3,0,0,0.0012432656444260257,0.0,0.0,0.30000000000000004,0.2,0.2,0.1,50.0,30.0,55.0,0.05,0.30000000000000004,0.2,0.6000000000000001,65.0,70.0,65.0,222,221,1,222,0.0045045045045045045,2.0490016296445774,1.5,1.3660010864297183,221,1.0,1.0,1
"iteration_3","SCOPE_DATA_COLLECTION",200,5,370.0,430.0,0,1279,914,222,1268,901,247,1286,919,221,1,0,1,7.77000777000777E-4,0.0,0.0045045045045045045,0.3550549735123371,1.0560511667547836,2.0506138902290276,0.7101099470246742,1.0560511667547836,1.3670759268193517,0.005443234836702955,0.7714907508161044,1.0,47.5,100.0,2409,0,6,2,0,0,8.302200083022001E-4,0.0,0.0,0.05,0.30000000000000004,0.2,0.6000000000000001,65.0,70.0,65.0,0.05,0.30000000000000004,0.2,0.6000000000000001,65.0,70.0,75.0,1296,1293,3,1296,0.0023148148148148147,0.35399872547304734,0.5,0.7079974509460947,6,0.004640371229698376,1.0,1
"iteration_3","SCOPE_DATA_COLLECTION",200,5,370.0,430.0,1,1279,914,222,1268,901,247,1286,919,221,1,0,1,7.77000777000777E-4,0.0,0.0045045045045045045,0.3550549735123371,1.0560511667547836,2.0506138902290276,0.7101099470246742,1.0560511667547836,1.3670759268193517,0.005443234836702955,0.7714907508161044,1.0,47.5,100.0,2409,0,6,2,0,0,8.302200083022001E-4,0.0,0.0,0.05,0.30000000000000004,0.2,0.6000000000000001,65.0,70.0,65.0,0.05,0.30000000000000004,0.2,0.6000000000000001,65.0,70.0,75.0,852,852,0,852,0.0,1.0607947514038336,1.0,1.0607947514038336,661,0.7758215962441315,1.0,1
"iteration_3","SCOPE_DATA_COLLECTION",200,5,370.0,430.0,2,1279,914,222,1268,901,247,1286,919,221,1,0,1,7.77000777000777E-4,0.0,0.0045045045045045045,0.3550549735123371,1.0560511667547836,2.0506138902290276,0.7101099470246742,1.0560511667547836,1.3670759268193517,0.005443234836702955,0.7714907508161044,1.0,47.5,100.0,2409,0,6,2,0,0,8.302200083022001E-4,0.0,0.0,0.05,0.30000000000000004,0.2,0.6000000000000001,65.0,70.0,65.0,0.05,0.30000000000000004,0.2,0.6000000000000001,65.0,70.0,75.0,233,233,0,233,0.0,2.058251246084553,1.5,1.372167497389702,233,1.0,1.0,1
"iteration_3","SCOPE_DATA_COLLECTION",200,6,430.0,490.0,0,1296,852,233,1279,914,222,1291,848,234,2,0,0,0.0015467904098994587,0.0,0.0,0.3539597874596745,1.0610361559818269,2.057441165629264,0.707919574919349,1.0610361559818269,1.3716274437528426,0.004647560030983733,0.777122641509434,1.0,57.5,100.0,2379,0,2,2,0,0,8.406893652795292E-4,0.0,0.0,0.05,0.30000000000000004,0.2,0.6000000000000001,65.0,70.0,75.0,0.5,0.30000000000000004,0.2,0.9,65.0,35.0,20.0,1297,1297,0,1297,0.0,0.3546439661245518,0.5,0.7092879322491036,7,0.005397070161912105,1.0,1
"iteration_3","SCOPE_DATA_COLLECTION",200,6,430.0,490.0,1,1296,852,233,1279,914,222,1291,848,234,2,0,0,0.0015467904098994587,0.0,0.0,0.3539597874596745,1.0610361559818269,2.057441165629264,0.707919574919349,1.0610361559818269,1.3716274437528426,0.004647560030983733,0.777122641509434,1.0,57.5,100.0,2379,0,2,2,0,0,8.406893652795292E-4,0.0,0.0,0.05,0.30000000000000004,0.2,0.6000000000000001,65.0,70.0,75.0,0.5,0.30000000000000004,0.2,0.9,65.0,35.0,20.0,937,936,1,937,0.0010672358591248667,1.0568699236171715,1.0,1.0568699236171715,736,0.7863247863247863,1.0,1
"iteration_3","SCOPE_DATA_COLLECTION",200,6,430.0,490.0,2,1296,852,233,1279,914,222,1291,848,234,2,0,0,0.0015467904098994587,0.0,0.0,0.3539597874596745,1.0610361559818269,2.057441165629264,0.707919574919349,1.0610361559818269,1.3716274437528426,0.004647560030983733,0.777122641509434,1.0,57.5,100.0,2379,0,2,2,0,0,8.406893652795292E-4,0.0,0.0,0.05,0.30000000000000004,0.2,0.6000000000000001,65.0,70.0,75.0,0.5,0.30000000000000004,0.2,0.9,65.0,35.0,20.0,267,266,1,267,0.003745318352059925,2.05438027763019,1.5,1.36958685175346,265,0.9962406015037594,1.0,1
"iteration_3","SCOPE_DATA_COLLECTION",200,7,490.0,550.0,0,1297,937,267,1296,852,233,1296,936,263,1,1,1,7.710100231303007E-4,0.0010672358591248667,0.003787878787878788,0.3546746200868548,1.0567760780829862,2.051749992291336,0.7093492401737096,1.0567760780829862,1.3678333281942239,0.005401234567901234,0.7873931623931624,0.9961977186311787,65.0,100.0,2496,5,0,3,0,0,0.001201923076923077,0.0,0.0,0.5,0.30000000000000004,0.2,0.9,65.0,35.0,20.0,0.5,0.30000000000000004,0.2,0.9,65.0,35.0,20.0,1203,1203,0,1203,0.0,0.35419033443458686,0.5,0.7083806688691737,6,0.004987531172069825,1.0,1
"iteration_3","SCOPE_DATA_COLLECTION",200,7,490.0,550.0,1,1297,937,267,1296,852,233,1296,936,263,1,1,1,7.710100231303007E-4,0.0010672358591248667,0.003787878787878788,0.3546746200868548,1.0567760780829862,2.051749992291336,0.7093492401737096,1.0567760780829862,1.3678333281942239,0.005401234567901234,0.7873931623931624,0.9961977186311787,65.0,100.0,2496,5,0,3,0,0,0.001201923076923077,0.0,0.0,0.5,0.30000000000000004,0.2,0.9,65.0,35.0,20.0,0.5,0.30000000000000004,0.2,0.9,65.0,35.0,20.0,845,844,1,845,0.001183431952662722,1.0604609574842183,1.0,1.0604609574842183,667,0.7902843601895735,1.0,1
"iteration_3","SCOPE_DATA_COLLECTION",200,7,490.0,550.0,2,1297,937,267,1296,852,233,1296,936,263,1,1,1,7.710100231303007E-4,0.0010672358591248667,0.003787878787878788,0.3546746200868548,1.0567760780829862,2.051749992291336,0.7093492401737096,1.0567760780829862,1.3678333281942239,0.005401234567901234,0.7873931623931624,0.9961977186311787,65.0,100.0,2496,5,0,3,0,0,0.001201923076923077,0.0,0.0,0.5,0.30000000000000004,0.2,0.9,65.0,35.0,20.0,0.5,0.30000000000000004,0.2,0.9,65.0,35.0,20.0,272,271,1,272,0.003676470588235294,2.056254455197492,1.5,1.3708363034649949,271,1.0,1.0,1
"iteration_3","SCOPE_DATA_COLLECTION",200,8,550.0,610.0,0,1203,845,272,1297,937,267,1201,846,268,0,1,1,0.0,0.0011806375442739079,0.0037174721189591076,0.3540723528656768,1.0606259010699994,2.0563117601489154,0.7081447057313536,1.0606259010699994,1.3708745067659436,0.004995836802664446,0.7884160756501182,1.0,72.5,100.0,2316,2,2,2,0,0,8.635578583765112E-4,0.0,0.0,0.5,0.30000000000000004,0.2,0.9,65.0,35.0,20.0,0.2,0.30000000000000004,0.30000000000000004,0.5,90.0,90.0,35.0,1249,1249,0,1249,0.0,0.3573578034073593,0.5,0.7147156068147186,8,0.006405124099279423,1.0,1
"iteration_3","SCOPE_DATA_COLLECTION",200,8,550.0,610.0,1,1203,845,272,1297,937,267,1201,846,268,0,1,1,0.0,0.0011806375442739079,0.0037174721189591076,0.3540723528656768,1.0606259010699994,2.0563117601489154,0.7081447057313536,1.0606259010699994,1.3708745067659436,0.004995836802664446,0.7884160756501182,1.0,72.5,100.0,2316,2,2,2,0,0,8.635578583765112E-4,0.0,0.0,0.5,0.30000000000000004,0.2,0.9,65.0,35.0,20.0,0.2,0.30000000000000004,0.30000000000000004,0.5,90.0,90.0,35.0,866,866,0,866,0.0,1.0618541970300415,1.0,1.0618541970300415,689,0.7956120092378753,1.0,1
"iteration_3","SCOPE_DATA_COLLECTION",200,8,550.0,610.0,2,1203,845,272,1297,937,267,1201,846,268,0,1,1,0.0,0.0011806375442739079,0.0037174721189591076,0.3540723528656768,1.0606259010699994,2.0563117601489154,0.7081447057313536,1.0606259010699994,1.3708745067659436,0.004995836802664446,0.7884160756501182,1.0,72.5,100.0,2316,2,2,2,0,0,8.635578583765112E-4,0.0,0.0,0.5,0.30000000000000004,0.2,0.9,65.0,35.0,20.0,0.2,0.30000000000000004,0.30000000000000004,0.5,90.0,90.0,35.0,284,284,0,284,0.0,2.0564478369857744,1.5,1.3709652246571828,284,1.0,1.0,1
"iteration_3","SCOPE_DATA_COLLECTION",200,9,610.0,670.0,0,1249,866,284,1203,845,272,1247,858,288,0,0,0,0.0,0.0,0.0,0.357493831965709,1.0614886450033725,2.057816029474939,0.714987663931418,1.0614886450033725,1.3718773529832926,0.006415396952686447,0.7948717948717948,1.0,75.0,100.0,2399,0,0,0,0,0,0.0,0.0,0.0,0.2,0.30000000000000004,0.30000000000000004,0.5,90.0,90.0,35.0,0.30000000000000004,0.2,0.2,0.4,80.0,80.0,35.0,1267,1267,0,1267,0.0,0.3547813143273912,0.5,0.7095626286547824,7,0.0055248618784530384,1.0,1
"iteration_3","SCOPE_DATA_COLLECTION",200,9,610.0,670.0,1,1249,866,284,1203,845,272,1247,858,288,0,0,0,0.0,0.0,0.0,0.357493831965709,1.0614886450033725,2.057816029474939,0.714987663931418,1.0614886450033725,1.3718773529832926,0.006415396952686447,0.7948717948717948,1.0,75.0,100.0,2399,0,0,0,0,0,0.0,0.0,0.0,0.2,0.30000000000000004,0.30000000000000004,0.5,90.0,90.0,35.0,0.30000000000000004,0.2,0.2,0.4,80.0,80.0,35.0,881,880,1,881,0.0011350737797956867,1.0594651937395363,1.0,1.0594651937395363,701,0.7965909090909091,1.0,1
"iteration_3","SCOPE_DATA_COLLECTION",200,9,610.0,670.0,2,1249,866,284,1203,845,272,1247,858,288,0,0,0,0.0,0.0,0.0,0.357493831965709,1.0614886450033725,2.057816029474939,0.714987663931418,1.0614886450033725,1.3718773529832926,0.006415396952686447,0.7948717948717948,1.0,75.0,100.0,2399,0,0,0,0,0,0.0,0.0,0.0,0.2,0.30000000000000004,0.30000000000000004,0.5,90.0,90.0,35.0,0.30000000000000004,0.2,0.2,0.4,80.0,80.0,35.0,238,238,0,238,0.0,2.056105696265027,1.5,1.3707371308433514,238,1.0,1.0,1
"iteration_3","SCOPE_DATA_COLLECTION",200,10,670.0,730.0,0,1267,881,238,1249,866,284,1272,882,233,0,1,0,0.0,0.0011325028312570782,0.0,0.35434559912443525,1.0593172429785656,2.051299480194525,0.7086911982488705,1.0593172429785656,1.36753298679635,0.00550314465408805,0.7970521541950113,1.0,75.0,100.0,2386,0,0,1,0,0,4.1911148365465214E-4,0.0,0.0,0.30000000000000004,0.2,0.2,0.4,80.0,80.0,35.0,0.4,0.1,0.2,0.5,80.0,90.0,25.0,1282,1281,1,1282,7.8003120124805E-4,0.35572311086331176,0.5,0.7114462217266235,6,0.00468384074941452,1.0,1
"iteration_3","SCOPE_DATA_COLLECTION",200,10,670.0,730.0,1,1267,881,238,1249,866,284,1272,882,233,0,1,0,0.0,0.0011325028312570782,0.0,0.35434559912443525,1.0593172429785656,2.051299480194525,0.7086911982488705,1.0593172429785656,1.36753298679635,0.00550314465408805,0.7970521541950113,1.0,75.0,100.0,2386,0,0,1,0,0,4.1911148365465214E-4,0.0,0.0,0.30000000000000004,0.2,0.2,0.4,80.0,80.0,35.0,0.4,0.1,0.2,0.5,80.0,90.0,25.0,890,890,0,890,0.0,1.0529214781596654,1.0,1.0529214781596654,678,0.7617977528089888,1.0,1
"iteration_3","SCOPE_DATA_COLLECTION",200,10,670.0,730.0,2,1267,881,238,1249,866,284,1272,882,233,0,1,0,0.0,0.0011325028312570782,0.0,0.35434559912443525,1.0593172429785656,2.051299480194525,0.7086911982488705,1.0593172429785656,1.36753298679635,0.00550314465408805,0.7970521541950113,1.0,75.0,100.0,2386,0,0,1,0,0,4.1911148365465214E-4,0.0,0.0,0.30000000000000004,0.2,0.2,0.4,80.0,80.0,35.0,0.4,0.1,0.2,0.5,80.0,90.0,25.0,239,239,0,239,0.0,2.048998738964356,1.5,1.3659991593095706,239,1.0,1.0,1
"iteration_3","SCOPE_DATA_COLLECTION",200,11,730.0,790.0,0,1282,890,239,1267,881,238,1280,892,248,1,0,0,7.8064012490242E-4,0.0,0.0,0.3560653510097917,1.053493164538648,2.053911072597617,0.7121307020195834,1.053493164538648,1.3692740483984114,0.0046875,0.7645739910313901,1.0,57.5,100.0,2409,1,1,1,0,0,4.1511000415110004E-4,0.0,0.0,0.4,0.1,0.2,0.5,80.0,90.0,25.0,0.7000000000000001,0.5,0.8,0.30000000000000004,60.0,75.0,25.0,1252,1252,0,1252,0.0,0.3547273937654498,0.5,0.7094547875308996,7,0.005591054313099041,1.0,1
"iteration_3","SCOPE_DATA_COLLECTION",200,11,730.0,790.0,1,1282,890,239,1267,881,238,1280,892,248,1,0,0,7.8064012490242E-4,0.0,0.0,0.3560653510097917,1.053493164538648,2.053911072597617,0.7121307020195834,1.053493164538648,1.3692740483984114,0.0046875,0.7645739910313901,1.0,57.5,100.0,2409,1,1,1,0,0,4.1511000415110004E-4,0.0,0.0,0.4,0.1,0.2,0.5,80.0,90.0,25.0,0.7000000000000001,0.5,0.8,0.30000000000000004,60.0,75.0,25.0,883,883,0,883,0.0,1.0566352617076973,1.0,1.0566352617076973,676,0.7655719139297849,1.0,1
"iteration_3","SCOPE_DATA_COLLECTION",200,11,730.0,790.0,2,1282,890,239,1267,881,238,1280,892,248,1,0,0,7.8064012490242E-4,0.0,0.0,0.3560653510097917,1.053493164538648,2.053911072597617,0.7121307020195834,1.053493164538648,1.3692740483984114,0.0046875,0.7645739910313901,1.0,57.5,100.0,2409,1,1,1,0,0,4.1511000415110004E-4,0.0,0.0,0.4,0.1,0.2,0.5,80.0,90.0,25.0,0.7000000000000001,0.5,0.8,0.30000000000000004,60.0,75.0,25.0,242,242,0,242,0.0,2.052652232574794,1.5,1.3684348217165292,242,1.0,1.0,1
"iteration_3","SCOPE_DATA_COLLECTION",200,12,790.0,850.0,0,1252,883,242,1282,890,239,1252,880,237,0,0,0,0.0,0.0,0.0,0.3548508578503955,1.0569616219775264,2.0515369932606893,0.709701715700791,1.0569616219775264,1.3676913288404595,0.005591054313099041,0.7693181818181818,1.0,75.0,100.0,2377,0,0,0,0,0,0.0,0.0,0.0,0.7000000000000001,0.5,0.8,0.30000000000000004,60.0,75.0,25.0,0.7000000000000001,0.6000000000000001,0.8,0.4,70.0,85.0,35.0,1167,1167,0,1167,0.0,0.35317966680234875,0.5,0.7063593336046975,3,0.002570694087403599,1.0,1
"iteration_3","SCOPE_DATA_COLLECTION",200,12,790.0,850.0,1,1252,883,242,1282,890,239,1252,880,237,0,0,0,0.0,0.0,0.0,0.3548508578503955,1.0569616219775264,2.0515369932606893,0.709701715700791,1.0569616219775264,1.3676913288404595,0.005591054313099041,0.7693181818181818,1.0,75.0,100.0,2377,0,0,0,0,0,0.0,0.0,0.0,0.7000000000000001,0.5,0.8,0.30000000000000004,60.0,75.0,25.0,0.7000000000000001,0.6000000000000001,0.8,0.4,70.0,85.0,35.0,834,834,0,834,0.0,1.0593985459402013,1.0,1.0593985459402013,671,0.8045563549160671,1.0,1
"iteration_3","SCOPE_DATA_COLLECTION",200,12,790.0,850.0,2,1252,883,242,1282,890,239,1252,880,237,0,0,0,0.0,0.0,0.0,0.3548508578503955,1.0569616219775264,2.0515369932606893,0.709701715700791,1.0569616219775264,1.3676913288404595,0.005591054313099041,0.7693181818181818,1.0,75.0,100.0,2377,0,0,0,0,0,0.0,0.0,0.0,0.7000000000000001,0.5,0.8,0.30000000000000004,60.0,75.0,25.0,0.7000000000000001,0.6000000000000001,0.8,0.4,70.0,85.0,35.0,258,258,0,258,0.0,2.0453396112955575,1.5,1.363559740863705,258,1.0,1.0,1
"iteration_3","SCOPE_DATA_COLLECTION",200,13,850.0,910.0,0,1167,834,258,1252,883,242,1163,833,259,0,0,0,0.0,0.0,0.0,0.3532520313824331,1.059325057493808,2.044603271466802,0.7065040627648662,1.059325057493808,1.3630688476445345,0.0025795356835769563,0.7995198079231692,1.0,82.5,100.0,2257,1,1,0,0,0,0.0,0.0,0.0,0.7000000000000001,0.6000000000000001,0.8,0.4,70.0,85.0,35.0,0.8,0.6000000000000001,0.9,0.30000000000000004,60.0,85.0,25.0,1167,1167,0,1167,0.0,0.35346181977749486,0.5,0.7069236395549897,3,0.002570694087403599,1.0,1
"iteration_3","SCOPE_DATA_COLLECTION",200,13,850.0,910.0,1,1167,834,258,1252,883,242,1163,833,259,0,0,0,0.0,0.0,0.0,0.3532520313824331,1.059325057493808,2.044603271466802,0.7065040627648662,1.059325057493808,1.3630688476445345,0.0025795356835769563,0.7995198079231692,1.0,82.5,100.0,2257,1,1,0,0,0,0.0,0.0,0.0,0.7000000000000001,0.6000000000000001,0.8,0.4,70.0,85.0,35.0,0.8,0.6000000000000001,0.9,0.30000000000000004,60.0,85.0,25.0,853,852,1,853,0.0011723329425556857,1.063873992767967,1.0,1.063873992767967,685,0.8039906103286385,1.0,1
"iteration_3","SCOPE_DATA_COLLECTION",200,13,850.0,910.0,2,1167,834,258,1252,883,242,1163,833,259,0,0,0,0.0,0.0,0.0,0.3532520313824331,1.059325057493808,2.044603271466802,0.7065040627648662,1.059325057493808,1.3630688476445345,0.0025795356835769563,0.7995198079231692,1.0,82.5,100.0,2257,1,1,0,0,0,0.0,0.0,0.0,0.7000000000000001,0.6000000000000001,0.8,0.4,70.0,85.0,35.0,0.8,0.6000000000000001,0.9,0.30000000000000004,60.0,85.0,25.0,256,256,0,256,0.0,2.0646844310521053,1.5,1.3764562873680701,256,1.0,1.0,1
"iteration_3","SCOPE_DATA_COLLECTION",200,14,910.0,970.0,0,1167,853,256,1167,834,258,1175,854,247,0,1,0,0.0,0.0011695906432748538,0.0,0.35329771187393827,1.0639239409269095,2.0629277474707286,0.7065954237478765,1.0639239409269095,1.3752851649804858,0.002553191489361702,0.8067915690866511,1.0,85.0,100.0,2275,1,0,1,0,0,4.3956043956043956E-4,0.0,0.0,0.8,0.6000000000000001,0.9,0.30000000000000004,60.0,85.0,25.0,0.9,0.6000000000000001,0.9,0.2,70.0,95.0,20.0,1269,1269,0,1269,0.0,0.35490668840942025,0.5,0.7098133768188405,9,0.0070921985815602835,1.0,1
"iteration_3","SCOPE_DATA_COLLECTION",200,14,910.0,970.0,1,1167,853,256,1167,834,258,1175,854,247,0,1,0,0.0,0.0011695906432748538,0.0,0.35329771187393827,1.0639239409269095,2.0629277474707286,0.7065954237478765,1.0639239409269095,1.3752851649804858,0.002553191489361702,0.8067915690866511,1.0,85.0,100.0,2275,1,0,1,0,0,4.3956043956043956E-4,0.0,0.0,0.8,0.6000000000000001,0.9,0.30000000000000004,60.0,85.0,25.0,0.9,0.6000000000000001,0.9,0.2,70.0,95.0,20.0,893,892,1,893,0.0011198208286674132,1.0555986317299675,1.0,1.0555986317299675,705,0.7903587443946188,1.0,1
"iteration_3","SCOPE_DATA_COLLECTION",200,14,910.0,970.0,2,1167,853,256,1167,834,258,1175,854,247,0,1,0,0.0,0.0011695906432748538,0.0,0.35329771187393827,1.0639239409269095,2.0629277474707286,0.7065954237478765,1.0639239409269095,1.3752851649804858,0.002553191489361702,0.8067915690866511,1.0,85.0,100.0,2275,1,0,1,0,0,4.3956043956043956E-4,0.0,0.0,0.8,0.6000000000000001,0.9,0.30000000000000004,60.0,85.0,25.0,0.9,0.6000000000000001,0.9,0.2,70.0,95.0,20.0,247,246,1,247,0.004048582995951417,2.0682474945239626,1.5,1.3788316630159752,245,0.9959349593495935,1.0,1
"iteration_3","SCOPE_DATA_COLLECTION",200,15,970.0,1030.0,0,1269,893,247,1167,853,256,1267,883,257,0,1,1,0.0,0.0011312217194570137,0.003875968992248062,0.35494679496493065,1.0556449345932464,2.070587631215137,0.7098935899298613,1.0556449345932464,1.3803917541434245,0.007103393843725336,0.7938844847112118,0.9961089494163424,82.5,100.0,2404,5,0,2,0,0,8.319467554076539E-4,0.0,0.0,0.9,0.6000000000000001,0.9,0.2,70.0,95.0,20.0,0.9500000000000001,0.7000000000000001,0.9,0.2,70.0,95.0,20.0,1264,1262,2,1264,0.0015822784810126582,0.35296299628738415,0.5,0.7059259925747683,3,0.002377179080824089,1.0,1
"iteration_3","SCOPE_DATA_COLLECTION",200,15,970.0,1030.0,1,1269,893,247,1167,853,256,1267,883,257,0,1,1,0.0,0.0011312217194570137,0.003875968992248062,0.35494679496493065,1.0556449345932464,2.070587631215137,0.7098935899298613,1.0556449345932464,1.3803917541434245,0.007103393843725336,0.7938844847112118,0.9961089494163424,82.5,100.0,2404,5,0,2,0,0,8.319467554076539E-4,0.0,0.0,0.9,0.6000000000000001,0.9,0.2,70.0,95.0,20.0,0.9500000000000001,0.7000000000000001,0.9,0.2,70.0,95.0,20.0,890,890,0,890,0.0,1.0561782934511608,1.0,1.0561782934511608,706,0.7932584269662921,1.0,1
"iteration_3","SCOPE_DATA_COLLECTION",200,15,970.0,1030.0,2,1269,893,247,1167,853,256,1267,883,257,0,1,1,0.0,0.0011312217194570137,0.003875968992248062,0.35494679496493065,1.0556449345932464,2.070587631215137,0.7098935899298613,1.0556449345932464,1.3803917541434245,0.007103393843725336,0.7938844847112118,0.9961089494163424,82.5,100.0,2404,5,0,2,0,0,8.319467554076539E-4,0.0,0.0,0.9,0.6000000000000001,0.9,0.2,70.0,95.0,20.0,0.9500000000000001,0.7000000000000001,0.9,0.2,70.0,95.0,20.0,248,248,0,248,0.0,2.0583307175731447,1.5,1.3722204783820964,247,0.9959677419354839,1.0,1
"iteration_3","SCOPE_DATA_COLLECTION",200,16,1030.0,1090.0,0,1264,890,248,1269,893,247,1265,898,237,2,0,0,0.0015785319652722968,0.0,0.0,0.3529794809087967,1.0556335656483333,2.0573189363280724,0.7059589618175934,1.0556335656483333,1.3715459575520483,0.0023715415019762848,0.7873051224944321,0.9957805907172996,87.5,100.0,2397,5,0,2,0,0,8.343763037129745E-4,0.0,0.0,0.9500000000000001,0.7000000000000001,0.9,0.2,70.0,95.0,20.0,0.35000000000000003,0.1,0.1,0.8,95.0,70.0,50.0,1247,1246,1,1247,8.019246190858059E-4,0.35812857349131455,0.5,0.7162571469826291,19,0.015248796147672551,1.0,1
"iteration_3","SCOPE_DATA_COLLECTION",200,16,1030.0,1090.0,1,1264,890,248,1269,893,247,1265,898,237,2,0,0,0.0015785319652722968,0.0,0.0,0.3529794809087967,1.0556335656483333,2.0573189363280724,0.7059589618175934,1.0556335656483333,1.3715459575520483,0.0023715415019762848,0.7873051224944321,0.9957805907172996,87.5,100.0,2397,5,0,2,0,0,8.343763037129745E-4,0.0,0.0,0.9500000000000001,0.7000000000000001,0.9,0.2,70.0,95.0,20.0,0.35000000000000003,0.1,0.1,0.8,95.0,70.0,50.0,885,885,0,885,0.0,1.0562407190304575,1.0,1.0562407190304575,689,0.7785310734463277,1.0,1
"iteration_3","SCOPE_DATA_COLLECTION",200,16,1030.0,1090.0,2,1264,890,248,1269,893,247,1265,898,237,2,0,0,0.0015785319652722968,0.0,0.0,0.3529794809087967,1.0556335656483333,2.0573189363280724,0.7059589618175934,1.0556335656483333,1.3715459575520483,0.0023715415019762848,0.7873051224944321,0.9957805907172996,87.5,100.0,2397,5,0,2,0,0,8.343763037129745E-4,0.0,0.0,0.9500000000000001,0.7000000000000001,0.9,0.2,70.0,95.0,20.0,0.35000000000000003,0.1,0.1,0.8,95.0,70.0,50.0,260,260,0,260,0.0,2.051976930211194,1.5,1.3679846201407961,260,1.0,1.0,1
"iteration_3","SCOPE_DATA_COLLECTION",200,17,1090.0,1150.0,0,1247,885,260,1264,890,248,1242,888,264,1,0,0,8.045052292839903E-4,0.0,0.0,0.3582184444000751,1.05622958538639,2.053512431255759,0.7164368888001502,1.05622958538639,1.3690082875038394,0.015297906602254429,0.777027027027027,1.0,70.0,100.0,2392,0,0,1,0,0,4.180602006688963E-4,0.0,0.0,0.35000000000000003,0.1,0.1,0.8,95.0,70.0,50.0,0.35000000000000003,0.1,0.1,0.9,95.0,80.0,50.0,1291,1291,0,1291,0.0,0.36075633721680145,0.5,0.7215126744336029,20,0.015491866769945779,1.0,1
"iteration_3","SCOPE_DATA_COLLECTION",200,17,1090.0,1150.0,1,1247,885,260,1264,890,248,1242,888,264,1,0,0,8.045052292839903E-4,0.0,0.0,0.3582184444000751,1.05622958538639,2.053512431255759,0.7164368888001502,1.05622958538639,1.3690082875038394,0.015297906602254429,0.777027027027027,1.0,70.0,100.0,2392,0,0,1,0,0,4.180602006688963E-4,0.0,0.0,0.35000000000000003,0.1,0.1,0.8,95.0,70.0,50.0,0.35000000000000003,0.1,0.1,0.9,95.0,80.0,50.0,921,920,1,921,0.0010857763300760044,1.064097006394763,1.0,1.064097006394763,754,0.8195652173913044,1.0,1
"iteration_3","SCOPE_DATA_COLLECTION",200,17,1090.0,1150.0,2,1247,885,260,1264,890,248,1242,888,264,1,0,0,8.045052292839903E-4,0.0,0.0,0.3582184444000751,1.05622958538639,2.053512431255759,0.7164368888001502,1.05622958538639,1.3690082875038394,0.015297906602254429,0.777027027027027,1.0,70.0,100.0,2392,0,0,1,0,0,4.180602006688963E-4,0.0,0.0,0.35000000000000003,0.1,0.1,0.8,95.0,70.0,50.0,0.35000000000000003,0.1,0.1,0.9,95.0,80.0,50.0,267,267,0,267,0.0,2.065176729694929,1.5,1.376784486463286,267,1.0,1.0,1
"iteration_3","SCOPE_DATA_COLLECTION",200,18,1150.0,1210.0,0,1291,921,267,1247,885,260,1296,918,267,0,1,0,0.0,0.001088139281828074,0.0,0.3606268556952508,1.0639223288765207,2.0639958148720967,0.7212537113905017,1.0639223288765207,1.375997209914731,0.015432098765432098,0.8169934640522876,1.0,70.0,100.0,2479,0,0,1,0,0,4.033884630899556E-4,0.0,0.0,0.35000000000000003,0.1,0.1,0.9,95.0,80.0,50.0,0.25,0.1,0.1,0.9,95.0,90.0,40.0,1243,1242,1,1243,8.045052292839903E-4,0.35782232245753476,0.5,0.7156446449150695,11,0.008856682769726247,1.0,1
"iteration_3","SCOPE_DATA_COLLECTION",200,18,1150.0,1210.0,1,1291,921,267,1247,885,260,1296,918,267,0,1,0,0.0,0.001088139281828074,0.0,0.3606268556952508,1.0639223288765207,2.0639958148720967,0.7212537113905017,1.0639223288765207,1.375997209914731,0.015432098765432098,0.8169934640522876,1.0,70.0,100.0,2479,0,0,1,0,0,4.033884630899556E-4,0.0,0.0,0.35000000000000003,0.1,0.1,0.9,95.0,80.0,50.0,0.25,0.1,0.1,0.9,95.0,90.0,40.0,830,829,1,830,0.0012048192771084338,1.0596774218619753,1.0,1.0596774218619753,656,0.7913148371531966,1.0,1
"iteration_3","SCOPE_DATA_COLLECTION",200,18,1150.0,1210.0,2,1291,921,267,1247,885,260,1296,918,267,0,1,0,0.0,0.001088139281828074,0.0,0.3606268556952508,1.0639223288765207,2.0639958148720967,0.7212537113905017,1.0639223288765207,1.375997209914731,0.015432098765432098,0.8169934640522876,1.0,70.0,100.0,2479,0,0,1,0,0,4.033884630899556E-4,0.0,0.0,0.35000000000000003,0.1,0.1,0.9,95.0,80.0,50.0,0.25,0.1,0.1,0.9,95.0,90.0,40.0,249,249,0,249,0.0,2.066619240846779,1.5,1.3777461605645194,249,1.0,1.0,1
"iteration_3","SCOPE_DATA_COLLECTION",200,19,1210.0,1270.0,0,1243,830,249,1291,921,267,1232,830,245,1,1,0,8.110300081103001E-4,0.0012033694344163659,0.0,0.3577630858842355,1.0600643174374895,2.061816874096685,0.715526171768471,1.0600643174374895,1.3745445827311233,0.008928571428571428,0.7951807228915663,1.0,87.5,100.0,2322,0,0,2,0,0,8.613264427217916E-4,0.0,0.0,0.25,0.1,0.1,0.9,95.0,90.0,40.0,0.15000000000000002,0.7000000000000001,0.2,0.4,25.0,45.0,95.0,1358,1356,2,1358,0.0014727540500736377,0.35507088953349947,0.5,0.7101417790669989,13,0.009587020648967551,1.0,1
"iteration_3","SCOPE_DATA_COLLECTION",200,19,1210.0,1270.0,1,1243,830,249,1291,921,267,1232,830,245,1,1,0,8.110300081103001E-4,0.0012033694344163659,0.0,0.3577630858842355,1.0600643174374895,2.061816874096685,0.715526171768471,1.0600643174374895,1.3745445827311233,0.008928571428571428,0.7951807228915663,1.0,87.5,100.0,2322,0,0,2,0,0,8.613264427217916E-4,0.0,0.0,0.25,0.1,0.1,0.9,95.0,90.0,40.0,0.15000000000000002,0.7000000000000001,0.2,0.4,25.0,45.0,95.0,925,925,0,925,0.0,1.0492162243331167,1.0,1.0492162243331167,726,0.7848648648648648,1.0,1
"iteration_3","SCOPE_DATA_COLLECTION",200,19,1210.0,1270.0,2,1243,830,249,1291,921,267,1232,830,245,1,1,0,8.110300081103001E-4,0.0012033694344163659,0.0,0.3577630858842355,1.0600643174374895,2.061816874096685,0.715526171768471,1.0600643174374895,1.3745445827311233,0.008928571428571428,0.7951807228915663,1.0,87.5,100.0,2322,0,0,2,0,0,8.613264427217916E-4,0.0,0.0,0.25,0.1,0.1,0.9,95.0,90.0,40.0,0.15000000000000002,0.7000000000000001,0.2,0.4,25.0,45.0,95.0,276,276,0,276,0.0,2.0410253271023815,1.5,1.3606835514015876,274,0.9927536231884058,1.0,1
"iteration_3","SCOPE_DATA_COLLECTION",200,20,1270.0,1330.0,0,1358,925,276,1243,830,249,1359,922,281,2,0,0,0.0014695077149155032,0.0,0.0,0.3550524500109001,1.0493406578129185,2.0450287111939685,0.7101049000218002,1.0493406578129185,1.3633524741293124,0.009565857247976454,0.7841648590021691,0.9928825622775801,87.5,100.0,2541,2,16,2,0,0,7.870916961826052E-4,0.0,0.0,0.15000000000000002,0.7000000000000001,0.2,0.4,25.0,45.0,95.0,0.25,0.6000000000000001,0.30000000000000004,0.30000000000000004,25.0,55.0,95.0,1274,1272,2,1274,0.0015698587127158557,0.3523912412408021,0.5,0.7047824824816042,4,0.0031446540880503146,1.0,1
"iteration_3","SCOPE_DATA_COLLECTION",200,20,1270.0,1330.0,1,1358,925,276,1243,830,249,1359,922,281,2,0,0,0.0014695077149155032,0.0,0.0,0.3550524500109001,1.0493406578129185,2.0450287111939685,0.7101049000218002,1.0493406578129185,1.3633524741293124,0.009565857247976454,0.7841648590021691,0.9928825622775801,87.5,100.0,2541,2,16,2,0,0,7.870916961826052E-4,0.0,0.0,0.15000000000000002,0.7000000000000001,0.2,0.4,25.0,45.0,95.0,0.25,0.6000000000000001,0.30000000000000004,0.30000000000000004,25.0,55.0,95.0,864,862,2,864,0.0023148148148148147,1.058263389061911,1.0,1.058263389061911,676,0.7842227378190255,1.0,1
"iteration_3","SCOPE_DATA_COLLECTION",200,20,1270.0,1330.0,2,1358,925,276,1243,830,249,1359,922,281,2,0,0,0.0014695077149155032,0.0,0.0,0.3550524500109001,1.0493406578129185,2.0450287111939685,0.7101049000218002,1.0493406578129185,1.3633524741293124,0.009565857247976454,0.7841648590021691,0.9928825622775801,87.5,100.0,2541,2,16,2,0,0,7.870916961826052E-4,0.0,0.0,0.15000000000000002,0.7000000000000001,0.2,0.4,25.0,45.0,95.0,0.25,0.6000000000000001,0.30000000000000004,0.30000000000000004,25.0,55.0,95.0,260,260,0,260,0.0,2.0574252737049594,1.5,1.3716168491366396,259,0.9961538461538462,1.0,1
"iteration_3","SCOPE_DATA_COLLECTION",200,21,1330.0,1390.0,0,1274,864,260,1358,925,276,1273,868,262,2,2,0,0.001568627450980392,0.0022988505747126436,0.0,0.3524198876653425,1.0582211377283213,2.05925012630096,0.704839775330685,1.0582211377283213,1.3728334175339734,0.003142183817753339,0.7845622119815668,0.9961832061068703,60.0,100.0,2393,1,4,4,0,0,0.001671541997492687,0.0,0.0,0.25,0.6000000000000001,0.30000000000000004,0.30000000000000004,25.0,55.0,95.0,0.15000000000000002,0.5,0.2,0.4,20.0,65.0,85.0,1317,1316,1,1317,7.593014426727411E-4,0.35218773492481203,0.5,0.7043754698496241,2,0.001519756838905775,1.0,1
"iteration_3","SCOPE_DATA_COLLECTION",200,21,1330.0,1390.0,1,1274,864,260,1358,925,276,1273,868,262,2,2,0,0.001568627450980392,0.0022988505747126436,0.0,0.3524198876653425,1.0582211377283213,2.05925012630096,0.704839775330685,1.0582211377283213,1.3728334175339734,0.003142183817753339,0.7845622119815668,0.9961832061068703,60.0,100.0,2393,1,4,4,0,0,0.001671541997492687,0.0,0.0,0.25,0.6000000000000001,0.30000000000000004,0.30000000000000004,25.0,55.0,95.0,0.15000000000000002,0.5,0.2,0.4,20.0,65.0,85.0,880,879,1,880,0.0011363636363636363,1.0540431238572114,1.0,1.0540431238572114,673,0.7656427758816837,1.0,1
"iteration_3","SCOPE_DATA_COLLECTION",200,21,1330.0,1390.0,2,1274,864,260,1358,925,276,1273,868,262,2,2,0,0.001568627450980392,0.0022988505747126436,0.0,0.3524198876653425,1.0582211377283213,2.05925012630096,0.704839775330685,1.0582211377283213,1.3728334175339734,0.003142183817753339,0.7845622119815668,0.9961832061068703,60.0,100.0,2393,1,4,4,0,0,0.001671541997492687,0.0,0.0,0.25,0.6000000000000001,0.30000000000000004,0.30000000000000004,25.0,55.0,95.0,0.15000000000000002,0.5,0.2,0.4,20.0,65.0,85.0,255,255,0,255,0.0,2.0504219958868912,1.5,1.3669479972579275,254,0.996078431372549,1.0,1
"iteration_3","SCOPE_DATA_COLLECTION",200,22,1390.0,1450.0,0,1317,880,255,1274,864,260,1315,867,259,1,1,0,7.598784194528875E-4,0.001152073732718894,0.0,0.3522133459212787,1.053921510901945,2.04903031021334,0.7044266918425574,1.053921510901945,1.3660202068088934,0.001520912547528517,0.7658592848904268,0.9961389961389961,80.0,100.0,2448,0,4,2,0,0,8.169934640522876E-4,0.0,0.0,0.15000000000000002,0.5,0.2,0.4,20.0,65.0,85.0,0.6000000000000001,0.4,0.5,0.8,75.0,55.0,55.0,1281,1281,0,1281,0.0,0.3546259734677178,0.5,0.7092519469354356,7,0.00546448087431694,1.0,1
"iteration_3","SCOPE_DATA_COLLECTION",200,22,1390.0,1450.0,1,1317,880,255,1274,864,260,1315,867,259,1,1,0,7.598784194528875E-4,0.001152073732718894,0.0,0.3522133459212787,1.053921510901945,2.04903031021334,0.7044266918425574,1.053921510901945,1.3660202068088934,0.001520912547528517,0.7658592848904268,0.9961389961389961,80.0,100.0,2448,0,4,2,0,0,8.169934640522876E-4,0.0,0.0,0.15000000000000002,0.5,0.2,0.4,20.0,65.0,85.0,0.6000000000000001,0.4,0.5,0.8,75.0,55.0,55.0,936,936,0,936,0.0,1.0585697796998172,1.0,1.0585697796998172,714,0.7628205128205128,1.0,1
"iteration_3","SCOPE_DATA_COLLECTION",200,22,1390.0,1450.0,2,1317,880,255,1274,864,260,1315,867,259,1,1,0,7.598784194528875E-4,0.001152073732718894,0.0,0.3522133459212787,1.053921510901945,2.04903031021334,0.7044266918425574,1.053921510901945,1.3660202068088934,0.001520912547528517,0.7658592848904268,0.9961389961389961,80.0,100.0,2448,0,4,2,0,0,8.169934640522876E-4,0.0,0.0,0.15000000000000002,0.5,0.2,0.4,20.0,65.0,85.0,0.6000000000000001,0.4,0.5,0.8,75.0,55.0,55.0,252,251,1,252,0.003968253968253968,2.058590881125661,1.5,1.3723939207504408,251,1.0,1.0,1
"iteration_3","SCOPE_DATA_COLLECTION",200,23,1450.0,1510.0,0,1281,936,252,1317,880,255,1281,932,247,0,0,1,0.0,0.0,0.004032258064516129,0.35438011854114365,1.0587944265692282,2.057413220052575,0.7087602370822873,1.0587944265692282,1.3716088133683835,0.0039032006245121,0.7671673819742489,1.0,92.5,100.0,2468,0,1,1,0,0,4.051863857374392E-4,0.0,0.0,0.6000000000000001,0.4,0.5,0.8,75.0,55.0,55.0,0.5,0.4,0.6000000000000001,0.7000000000000001,85.0,65.0,65.0,1284,1283,1,1284,7.78816199376947E-4,0.3519496437458188,0.5,0.7038992874916375,1,7.79423226812159E-4,1.0,1
"iteration_3","SCOPE_DATA_COLLECTION",200,23,1450.0,1510.0,1,1281,936,252,1317,880,255,1281,932,247,0,0,1,0.0,0.0,0.004032258064516129,0.35438011854114365,1.0587944265692282,2.057413220052575,0.7087602370822873,1.0587944265692282,1.3716088133683835,0.0039032006245121,0.7671673819742489,1.0,92.5,100.0,2468,0,1,1,0,0,4.051863857374392E-4,0.0,0.0,0.6000000000000001,0.4,0.5,0.8,75.0,55.0,55.0,0.5,0.4,0.6000000000000001,0.7000000000000001,85.0,65.0,65.0,874,872,2,874,0.002288329519450801,1.0478840165414083,1.0,1.0478840165414083,653,0.7488532110091743,1.0,1
"iteration_3","SCOPE_DATA_COLLECTION",200,23,1450.0,1510.0,2,1281,936,252,1317,880,255,1281,932,247,0,0,1,0.0,0.0,0.004032258064516129,0.35438011854114365,1.0587944265692282,2.057413220052575,0.7087602370822873,1.0587944265692282,1.3716088133683835,0.0039032006245121,0.7671673819742489,1.0,92.5,100.0,2468,0,1,1,0,0,4.051863857374392E-4,0.0,0.0,0.6000000000000001,0.4,0.5,0.8,75.0,55.0,55.0,0.5,0.4,0.6000000000000001,0.7000000000000001,85.0,65.0,65.0,244,244,0,244,0.0,2.0517129063231545,1.5,1.3678086042154363,242,0.9918032786885246,1.0,1
"iteration_3","SCOPE_DATA_COLLECTION",200,24,1510.0,1570.0,0,1284,874,244,1281,936,252,1276,886,245,1,2,0,7.830853563038371E-4,0.0022522522522522522,0.0,0.3521314209779078,1.0480635944080334,2.0536853809383726,0.7042628419558156,1.0480635944080334,1.3691235872922485,0.0023510971786833857,0.7483069977426636,0.9918367346938776,82.5,100.0,2390,6,6,3,0,0,0.0012552301255230125,0.0,0.0,0.5,0.4,0.6000000000000001,0.7000000000000001,85.0,65.0,65.0,0.4,0.30000000000000004,0.5,0.6000000000000001,75.0,75.0,55.0,1199,1198,1,1199,8.340283569641367E-4,0.35380799588188816,0.5,0.7076159917637763,5,0.004173622704507512,1.0,1
"iteration_3","SCOPE_DATA_COLLECTION",200,24,1510.0,1570.0,1,1284,874,244,1281,936,252,1276,886,245,1,2,0,7.830853563038371E-4,0.0022522522522522522,0.0,0.3521314209779078,1.0480635944080334,2.0536853809383726,0.7042628419558156,1.0480635944080334,1.3691235872922485,0.0023510971786833857,0.7483069977426636,0.9918367346938776,82.5,100.0,2390,6,6,3,0,0,0.0012552301255230125,0.0,0.0,0.5,0.4,0.6000000000000001,0.7000000000000001,85.0,65.0,65.0,0.4,0.30000000000000004,0.5,0.6000000000000001,75.0,75.0,55.0,844,843,1,844,0.001184834123222749,1.0605295426591659,1.0,1.0605295426591659,673,0.7983392645314353,1.0,1
"iteration_3","SCOPE_DATA_COLLECTION",200,24,1510.0,1570.0,2,1284,874,244,1281,936,252,1276,886,245,1,2,0,7.830853563038371E-4,0.0022522522522522522,0.0,0.3521314209779078,1.0480635944080334,2.0536853809383726,0.7042628419558156,1.0480635944080334,1.3691235872922485,0.0023510971786833857,0.7483069977426636,0.9918367346938776,82.5,100.0,2390,6,6,3,0,0,0.0012552301255230125,0.0,0.0,0.5,0.4,0.6000000000000001,0.7000000000000001,85.0,65.0,65.0,0.4,0.30000000000000004,0.5,0.6000000000000001,75.0,75.0,55.0,266,266,0,266,0.0,2.054988061119637,1.5,1.3699920407464248,266,1.0,1.0,1
"iteration_3","SCOPE_DATA_COLLECTION",200,25,1570.0,1630.0,0,1199,844,266,1284,874,244,1207,841,261,1,1,0,8.278145695364238E-4,0.0011876484560570072,0.0,0.3539227322111448,1.060470923964215,2.0522587051523233,0.7078454644222896,1.060470923964215,1.368172470101549,0.004142502071251036,0.7954815695600476,1.0,82.5,100.0,2309,0,0,2,0,0,8.661758336942399E-4,0.0,0.0,0.4,0.30000000000000004,0.5,0.6000000000000001,75.0,75.0,55.0,0.4,0.2,0.6000000000000001,0.7000000000000001,75.0,65.0,55.0,1264,1264,0,1264,0.0,0.3540697029534851,0.5,0.7081394059069702,5,0.003955696202531646,1.0,1
"iteration_3","SCOPE_DATA_COLLECTION",200,25,1570.0,1630.0,1,1199,844,266,1284,874,244,1207,841,261,1,1,0,8.278145695364238E-4,0.0011876484560570072,0.0,0.3539227322111448,1.060470923964215,2.0522587051523233,0.7078454644222896,1.060470923964215,1.368172470101549,0.004142502071251036,0.7954815695600476,1.0,82.5,100.0,2309,0,0,2,0,0,8.661758336942399E-4,0.0,0.0,0.4,0.30000000000000004,0.5,0.6000000000000001,75.0,75.0,55.0,0.4,0.2,0.6000000000000001,0.7000000000000001,75.0,65.0,55.0,872,872,0,872,0.0,1.0587979952217699,1.0,1.0587979952217699,697,0.7993119266055045,1.0,1
"iteration_3","SCOPE_DATA_COLLECTION",200,25,1570.0,1630.0,2,1199,844,266,1284,874,244,1207,841,261,1,1,0,8.278145695364238E-4,0.0011876484560570072,0.0,0.3539227322111448,1.060470923964215,2.0522587051523233,0.7078454644222896,1.060470923964215,1.368172470101549,0.004142502071251036,0.7954815695600476,1.0,82.5,100.0,2309,0,0,2,0,0,8.661758336942399E-4,0.0,0.0,0.4,0.30000000000000004,0.5,0.6000000000000001,75.0,75.0,55.0,0.4,0.2,0.6000000000000001,0.7000000000000001,75.0,65.0,55.0,249,249,0,249,0.0,2.0572802430241923,1.5,1.3715201620161281,249,1.0,1.0,1
"iteration_3","SCOPE_DATA_COLLECTION",200,26,1630.0,1690.0,0,1264,872,249,1199,844,266,1263,873,252,0,0,0,0.0,0.0,0.0,0.3539900738508118,1.0581570600276977,2.0586019071797836,0.7079801477016237,1.0581570600276977,1.372401271453189,0.00395882818685669,0.7972508591065293,1.0,80.0,100.0,2384,0,1,0,0,0,0.0,0.0,0.0,0.4,0.2,0.6000000000000001,0.7000000000000001,75.0,65.0,55.0,0.05,0.7000000000000001,0.1,0.2,85.0,20.0,85.0,1253,1253,0,1253,0.0,0.3553131288186173,0.5,0.7106262576372346,5,0.0039904229848363925,1.0,1
"iteration_3","SCOPE_DATA_COLLECTION",200,26,1630.0,1690.0,1,1264,872,249,1199,844,266,1263,873,252,0,0,0,0.0,0.0,0.0,0.3539900738508118,1.0581570600276977,2.0586019071797836,0.7079801477016237,1.0581570600276977,1.372401271453189,0.00395882818685669,0.7972508591065293,1.0,80.0,100.0,2384,0,1,0,0,0,0.0,0.0,0.0,0.4,0.2,0.6000000000000001,0.7000000000000001,75.0,65.0,55.0,0.05,0.7000000000000001,0.1,0.2,85.0,20.0,85.0,885,885,0,885,0.0,1.0617438425437542,1.0,1.0617438425437542,715,0.807909604519774,1.0,1
"iteration_3","SCOPE_DATA_COLLECTION",200,26,1630.0,1690.0,2,1264,872,249,1199,844,266,1263,873,252,0,0,0,0.0,0.0,0.0,0.3539900738508118,1.0581570600276977,2.0586019071797836,0.7079801477016237,1.0581570600276977,1.372401271453189,0.00395882818685669,0.7972508591065293,1.0,80.0,100.0,2384,0,1,0,0,0,0.0,0.0,0.0,0.4,0.2,0.6000000000000001,0.7000000000000001,75.0,65.0,55.0,0.05,0.7000000000000001,0.1,0.2,85.0,20.0,85.0,247,246,1,247,0.004048582995951417,2.0399663997225326,1.5,1.3599775998150216,246,1.0,1.0,1
"iteration_3","SCOPE_DATA_COLLECTION",200,27,1690.0,1750.0,0,1253,885,247,1264,872,249,1255,894,251,0,0,1,0.0,0.0,0.003968253968253968,0.355439786792156,1.0616943491876811,2.0421676010160534,0.710879573584312,1.0616943491876811,1.3614450673440357,0.00398406374501992,0.8076062639821029,1.0,37.5,100.0,2385,0,0,1,0,0,4.192872117400419E-4,0.0,0.0,0.05,0.7000000000000001,0.1,0.2,85.0,20.0,85.0,0.15000000000000002,0.7000000000000001,0.1,0.30000000000000004,75.0,30.0,95.0,1239,1238,1,1239,8.071025020177562E-4,0.35655072959302714,0.5,0.7131014591860543,3,0.0024232633279483036,1.0,1
"iteration_3","SCOPE_DATA_COLLECTION",200,27,1690.0,1750.0,1,1253,885,247,1264,872,249,1255,894,251,0,0,1,0.0,0.0,0.003968253968253968,0.355439786792156,1.0616943491876811,2.0421676010160534,0.710879573584312,1.0616943491876811,1.3614450673440357,0.00398406374501992,0.8076062639821029,1.0,37.5,100.0,2385,0,0,1,0,0,4.192872117400419E-4,0.0,0.0,0.05,0.7000000000000001,0.1,0.2,85.0,20.0,85.0,0.15000000000000002,0.7000000000000001,0.1,0.30000000000000004,75.0,30.0,95.0,909,909,0,909,0.0,1.0562035037235586,1.0,1.0562035037235586,715,0.7865786578657866,1.0,1
"iteration_3","SCOPE_DATA_COLLECTION",200,27,1690.0,1750.0,2,1253,885,247,1264,872,249,1255,894,251,0,0,1,0.0,0.0,0.003968253968253968,0.355439786792156,1.0616943491876811,2.0421676010160534,0.710879573584312,1.0616943491876811,1.3614450673440357,0.00398406374501992,0.8076062639821029,1.0,37.5,100.0,2385,0,0,1,0,0,4.192872117400419E-4,0.0,0.0,0.05,0.7000000000000001,0.1,0.2,85.0,20.0,85.0,0.15000000000000002,0.7000000000000001,0.1,0.30000000000000004,75.0,30.0,95.0,265,265,0,265,0.0,2.067630906453,1.5,1.378420604302,265,1.0,1.0,1
"iteration_3","SCOPE_DATA_COLLECTION",200,28,1750.0,1810.0,0,1239,909,265,1253,885,247,1239,902,259,1,0,0,8.064516129032258E-4,0.0,0.0,0.35640882038663996,1.056332840661964,2.067204286499982,0.7128176407732799,1.056332840661964,1.3781361909999879,0.002421307506053269,0.7860310421286031,1.0,65.0,100.0,2412,0,1,1,0,0,4.1459369817578774E-4,0.0,0.0,0.15000000000000002,0.7000000000000001,0.1,0.30000000000000004,75.0,30.0,95.0,0.05,0.6000000000000001,0.1,0.2,85.0,40.0,95.0,1216,1214,2,1216,0.001644736842105263,0.3575195558714762,0.5,0.7150391117429524,10,0.008237232289950576,1.0,1
"iteration_3","SCOPE_DATA_COLLECTION",200,28,1750.0,1810.0,1,1239,909,265,1253,885,247,1239,902,259,1,0,0,8.064516129032258E-4,0.0,0.0,0.35640882038663996,1.056332840661964,2.067204286499982,0.7128176407732799,1.056332840661964,1.3781361909999879,0.002421307506053269,0.7860310421286031,1.0,65.0,100.0,2412,0,1,1,0,0,4.1459369817578774E-4,0.0,0.0,0.15000000000000002,0.7000000000000001,0.1,0.30000000000000004,75.0,30.0,95.0,0.05,0.6000000000000001,0.1,0.2,85.0,40.0,95.0,876,876,0,876,0.0,1.0565494918361404,1.0,1.0565494918361404,680,0.776255707762557,1.0,1
"iteration_3","SCOPE_DATA_COLLECTION",200,28,1750.0,1810.0,2,1239,909,265,1253,885,247,1239,902,259,1,0,0,8.064516129032258E-4,0.0,0.0,0.35640882038663996,1.056332840661964,2.067204286499982,0.7128176407732799,1.056332840661964,1.3781361909999879,0.002421307506053269,0.7860310421286031,1.0,65.0,100.0,2412,0,1,1,0,0,4.1459369817578774E-4,0.0,0.0,0.15000000000000002,0.7000000000000001,0.1,0.30000000000000004,75.0,30.0,95.0,0.05,0.6000000000000001,0.1,0.2,85.0,40.0,95.0,287,287,0,287,0.0,2.0672156296977735,1.5,1.378143753131849,287,1.0,1.0,1
"iteration_3","SCOPE_DATA_COLLECTION",200,29,1810.0,1870.0,0,1216,876,287,1239,909,265,1210,873,288,2,0,0,0.0016501650165016502,0.0,0.0,0.35727250447653597,1.0570147572236035,2.0675072906412146,0.7145450089530719,1.0570147572236035,1.3783381937608097,0.006611570247933884,0.7812142038946163,1.0,70.0,100.0,2379,0,0,2,0,0,8.406893652795292E-4,0.0,0.0,0.05,0.6000000000000001,0.1,0.2,85.0,40.0,95.0,0.55,0.2,0.1,0.2,60.0,65.0,50.0,1295,1294,1,1295,7.722007722007722E-4,0.3579908034045188,0.5,0.7159816068090376,14,0.010819165378670788,1.0,1
"iteration_3","SCOPE_DATA_COLLECTION",200,29,1810.0,1870.0,1,1216,876,287,1239,909,265,1210,873,288,2,0,0,0.0016501650165016502,0.0,0.0,0.35727250447653597,1.0570147572236035,2.0675072906412146,0.7145450089530719,1.0570147572236035,1.3783381937608097,0.006611570247933884,0.7812142038946163,1.0,70.0,100.0,2379,0,0,2,0,0,8.406893652795292E-4,0.0,0.0,0.05,0.6000000000000001,0.1,0.2,85.0,40.0,95.0,0.55,0.2,0.1,0.2,60.0,65.0,50.0,879,878,1,879,0.0011376564277588168,1.0572977967035961,1.0,1.0572977967035961,685,0.7801822323462415,1.0,1
"iteration_3","SCOPE_DATA_COLLECTION",200,29,1810.0,1870.0,2,1216,876,287,1239,909,265,1210,873,288,2,0,0,0.0016501650165016502,0.0,0.0,0.35727250447653597,1.0570147572236035,2.0675072906412146,0.7145450089530719,1.0570147572236035,1.3783381937608097,0.006611570247933884,0.7812142038946163,1.0,70.0,100.0,2379,0,0,2,0,0,8.406893652795292E-4,0.0,0.0,0.05,0.6000000000000001,0.1,0.2,85.0,40.0,95.0,0.55,0.2,0.1,0.2,60.0,65.0,50.0,246,245,1,246,0.0040650406504065045,2.0621123066814997,1.5,1.3747415377876664,245,1.0,1.0,1
"iteration_3","SCOPE_DATA_COLLECTION",200,30,1870.0,1930.0,0,1295,879,246,1216,876,287,1295,876,247,1,1,1,7.716049382716049E-4,0.0011402508551881414,0.004032258064516129,0.3582838081225759,1.056676771667036,2.0624585519652263,0.7165676162451518,1.056676771667036,1.3749723679768175,0.012355212355212355,0.7751141552511416,1.0,70.0,100.0,2420,0,0,3,0,0,0.0012396694214876034,0.0,0.0,0.55,0.2,0.1,0.2,60.0,65.0,50.0,0.45,0.1,0.2,0.30000000000000004,50.0,75.0,50.0,1225,1225,0,1225,0.0,0.3581905837148039,0.5,0.7163811674296078,10,0.00816326530612245,1.0,1
"iteration_3","SCOPE_DATA_COLLECTION",200,30,1870.0,1930.0,1,1295,879,246,1216,876,287,1295,876,247,1,1,1,7.716049382716049E-4,0.0011402508551881414,0.004032258064516129,0.3582838081225759,1.056676771667036,2.0624585519652263,0.7165676162451518,1.056676771667036,1.3749723679768175,0.012355212355212355,0.7751141552511416,1.0,70.0,100.0,2420,0,0,3,0,0,0.0012396694214876034,0.0,0.0,0.55,0.2,0.1,0.2,60.0,65.0,50.0,0.45,0.1,0.2,0.30000000000000004,50.0,75.0,50.0,810,809,1,810,0.0012345679012345679,1.0583353564512608,1.0,1.0583353564512608,624,0.7713226205191595,1.0,1
"iteration_3","SCOPE_DATA_COLLECTION",200,30,1870.0,1930.0,2,1295,879,246,1216,876,287,1295,876,247,1,1,1,7.716049382716049E-4,0.0011402508551881414,0.004032258064516129,0.3582838081225759,1.056676771667036,2.0624585519652263,0.7165676162451518,1.056676771667036,1.3749723679768175,0.012355212355212355,0.7751141552511416,1.0,70.0,100.0,2420,0,0,3,0,0,0.0012396694214876034,0.0,0.0,0.55,0.2,0.1,0.2,60.0,65.0,50.0,0.45,0.1,0.2,0.30000000000000004,50.0,75.0,50.0,264,264,0,264,0.0,2.0454557798591293,1.5,1.3636371865727528,263,0.9962121212121212,1.0,1
"iteration_3","SCOPE_DATA_COLLECTION",200,31,1930.0,1990.0,0,1225,810,264,1295,879,246,1227,810,260,0,1,0,0.0,0.0012330456226880395,0.0,0.3581659643898399,1.058593772053811,2.0451354722769293,0.7163319287796798,1.058593772053811,1.3634236481846196,0.008149959250203748,0.7716049382716049,0.9961538461538462,70.0,100.0,2297,0,2,1,0,0,4.3535045711797995E-4,0.0,0.0,0.45,0.1,0.2,0.30000000000000004,50.0,75.0,50.0,0.45,0.1,0.30000000000000004,0.30000000000000004,40.0,75.0,40.0,1316,1316,0,1316,0.0,0.3597174069494174,0.5,0.7194348138988348,18,0.013677811550151976,1.0,1
"iteration_3","SCOPE_DATA_COLLECTION",200,31,1930.0,1990.0,1,1225,810,264,1295,879,246,1227,810,260,0,1,0,0.0,0.0012330456226880395,0.0,0.3581659643898399,1.058593772053811,2.0451354722769293,0.7163319287796798,1.058593772053811,1.3634236481846196,0.008149959250203748,0.7716049382716049,0.9961538461538462,70.0,100.0,2297,0,2,1,0,0,4.3535045711797995E-4,0.0,0.0,0.45,0.1,0.2,0.30000000000000004,50.0,75.0,50.0,0.45,0.1,0.30000000000000004,0.30000000000000004,40.0,75.0,40.0,891,890,1,891,0.001122334455667789,1.0550519043326276,1.0,1.0550519043326276,706,0.7932584269662921,1.0,1
"iteration_3","SCOPE_DATA_COLLECTION",200,31,1930.0,1990.0,2,1225,810,264,1295,879,246,1227,810,260,0,1,0,0.0,0.0012330456226880395,0.0,0.3581659643898399,1.058593772053811,2.0451354722769293,0.7163319287796798,1.058593772053811,1.3634236481846196,0.008149959250203748,0.7716049382716049,0.9961538461538462,70.0,100.0,2297,0,2,1,0,0,4.3535045711797995E-4,0.0,0.0,0.45,0.1,0.2,0.30000000000000004,50.0,75.0,50.0,0.45,0.1,0.30000000000000004,0.30000000000000004,40.0,75.0,40.0,285,284,1,285,0.0035087719298245615,2.0555691852954983,1.5,1.3703794568636656,284,1.0,1.0,1
"iteration_3","SCOPE_DATA_COLLECTION",200,32,1990.0,2050.0,0,1316,891,285,1225,810,264,1315,897,283,0,1,1,0.0,0.0011135857461024498,0.0035211267605633804,0.35984063656612375,1.054871829471448,2.0566382189901935,0.7196812731322475,1.054871829471448,1.3710921459934624,0.013688212927756654,0.7948717948717948,1.0,65.0,100.0,2485,1,6,2,0,0,8.048289738430583E-4,0.0,0.0,0.45,0.1,0.30000000000000004,0.30000000000000004,40.0,75.0,40.0,0.75,0.6000000000000001,0.30000000000000004,0.6000000000000001,50.0,55.0,45.0,1249,1248,1,1249,8.006405124099279E-4,0.3527725767229367,0.5,0.7055451534458734,3,0.002403846153846154,1.0,1
"iteration_3","SCOPE_DATA_COLLECTION",200,32,1990.0,2050.0,1,1316,891,285,1225,810,264,1315,897,283,0,1,1,0.0,0.0011135857461024498,0.0035211267605633804,0.35984063656612375,1.054871829471448,2.0566382189901935,0.7196812731322475,1.054871829471448,1.3710921459934624,0.013688212927756654,0.7948717948717948,1.0,65.0,100.0,2485,1,6,2,0,0,8.048289738430583E-4,0.0,0.0,0.45,0.1,0.30000000000000004,0.30000000000000004,40.0,75.0,40.0,0.75,0.6000000000000001,0.30000000000000004,0.6000000000000001,50.0,55.0,45.0,854,853,1,854,0.00117096018735363,1.0613914450990578,1.0,1.0613914450990578,681,0.798358733880422,1.0,1
"iteration_3","SCOPE_DATA_COLLECTION",200,32,1990.0,2050.0,2,1316,891,285,1225,810,264,1315,897,283,0,1,1,0.0,0.0011135857461024498,0.0035211267605633804,0.35984063656612375,1.054871829471448,2.0566382189901935,0.7196812731322475,1.054871829471448,1.3710921459934624,0.013688212927756654,0.7948717948717948,1.0,65.0,100.0,2485,1,6,2,0,0,8.048289738430583E-4,0.0,0.0,0.45,0.1,0.30000000000000004,0.30000000000000004,40.0,75.0,40.0,0.75,0.6000000000000001,0.30000000000000004,0.6000000000000001,50.0,55.0,45.0,261,261,0,261,0.0,2.054025569761227,1.5,1.369350379840818,260,0.9961685823754789,1.0,1
"iteration_3","SCOPE_DATA_COLLECTION",200,33,2050.0,2110.0,0,1249,854,261,1316,891,285,1246,847,266,1,1,0,8.019246190858059E-4,0.0011792452830188679,0.0,0.352620921715763,1.0613497985529785,2.0532184936303084,0.705241843431526,1.0613497985529785,1.3688123290868723,0.002407704654895666,0.7957497048406139,0.9962406015037594,72.5,100.0,2359,4,1,2,0,0,8.47816871555744E-4,0.0,0.0,0.75,0.6000000000000001,0.30000000000000004,0.6000000000000001,50.0,55.0,45.0,0.75,0.6000000000000001,0.30000000000000004,0.6000000000000001,50.0,55.0,45.0,1244,1243,1,1244,8.038585209003215E-4,0.3521380619585203,0.5,0.7042761239170406,3,0.002413515687851971,1.0,1
"iteration_3","SCOPE_DATA_COLLECTION",200,33,2050.0,2110.0,1,1249,854,261,1316,891,285,1246,847,266,1,1,0,8.019246190858059E-4,0.0011792452830188679,0.0,0.352620921715763,1.0613497985529785,2.0532184936303084,0.705241843431526,1.0613497985529785,1.3688123290868723,0.002407704654895666,0.7957497048406139,0.9962406015037594,72.5,100.0,2359,4,1,2,0,0,8.47816871555744E-4,0.0,0.0,0.75,0.6000000000000001,0.30000000000000004,0.6000000000000001,50.0,55.0,45.0,0.75,0.6000000000000001,0.30000000000000004,0.6000000000000001,50.0,55.0,45.0,915,914,1,915,0.001092896174863388,1.0564805678979179,1.0,1.0564805678979179,709,0.7757111597374179,1.0,1
"iteration_3","SCOPE_DATA_COLLECTION",200,33,2050.0,2110.0,2,1249,854,261,1316,891,285,1246,847,266,1,1,0,8.019246190858059E-4,0.0011792452830188679,0.0,0.352620921715763,1.0613497985529785,2.0532184936303084,0.705241843431526,1.0613497985529785,1.3688123290868723,0.002407704654895666,0.7957497048406139,0.9962406015037594,72.5,100.0,2359,4,1,2,0,0,8.47816871555744E-4,0.0,0.0,0.75,0.6000000000000001,0.30000000000000004,0.6000000000000001,50.0,55.0,45.0,0.75,0.6000000000000001,0.30000000000000004,0.6000000000000001,50.0,55.0,45.0,241,241,0,241,0.0,2.053690824527355,1.5,1.36912721635157,240,0.995850622406639,1.0,1
"iteration_3","SCOPE_DATA_COLLECTION",200,34,2110.0,2170.0,0,1244,915,241,1249,854,261,1244,911,240,1,1,0,8.032128514056225E-4,0.0010964912280701754,0.0,0.3521820011045838,1.0572009379378926,2.052388789038423,0.7043640022091676,1.0572009379378926,1.368259192692282,0.002411575562700965,0.7782656421514819,0.9958333333333333,82.5,100.0,2395,5,0,2,0,0,8.350730688935282E-4,0.0,0.0,0.75,0.6000000000000001,0.30000000000000004,0.6000000000000001,50.0,55.0,45.0,0.75,0.6000000000000001,0.30000000000000004,0.5,50.0,55.0,55.0,1288,1288,0,1288,0.0,0.3534780520123946,0.5,0.7069561040247891,6,0.004658385093167702,1.0,1
"iteration_3","SCOPE_DATA_COLLECTION",200,34,2110.0,2170.0,1,1244,915,241,1249,854,261,1244,911,240,1,1,0,8.032128514056225E-4,0.0010964912280701754,0.0,0.3521820011045838,1.0572009379378926,2.052388789038423,0.7043640022091676,1.0572009379378926,1.368259192692282,0.002411575562700965,0.7782656421514819,0.9958333333333333,82.5,100.0,2395,5,0,2,0,0,8.350730688935282E-4,0.0,0.0,0.75,0.6000000000000001,0.30000000000000004,0.6000000000000001,50.0,55.0,45.0,0.75,0.6000000000000001,0.30000000000000004,0.5,50.0,55.0,55.0,827,827,0,827,0.0,1.0563559334809554,1.0,1.0563559334809554,656,0.7932285368802902,1.0,1
"iteration_3","SCOPE_DATA_COLLECTION",200,34,2110.0,2170.0,2,1244,915,241,1249,854,261,1244,911,240,1,1,0,8.032128514056225E-4,0.0010964912280701754,0.0,0.3521820011045838,1.0572009379378926,2.052388789038423,0.7043640022091676,1.0572009379378926,1.368259192692282,0.002411575562700965,0.7782656421514819,0.9958333333333333,82.5,100.0,2395,5,0,2,0,0,8.350730688935282E-4,0.0,0.0,0.75,0.6000000000000001,0.30000000000000004,0.6000000000000001,50.0,55.0,45.0,0.75,0.6000000000000001,0.30000000000000004,0.5,50.0,55.0,55.0,265,265,0,265,0.0,2.057705557075287,1.5,1.371803704716858,265,1.0,1.0,1
"iteration_3","SCOPE_DATA_COLLECTION",200,35,2170.0,2230.0,0,1288,827,265,1244,915,241,1293,829,266,0,0,0,0.0,0.0,0.0,0.35352420090304054,1.0558671059856883,2.0576167061015274,0.7070484018060811,1.0558671059856883,1.3717444707343516,0.004640371229698376,0.7937273823884198,1.0,67.5,100.0,2380,0,0,0,0,0,0.0,0.0,0.0,0.75,0.6000000000000001,0.30000000000000004,0.5,50.0,55.0,55.0,0.8500000000000001,0.6000000000000001,0.2,0.5,50.0,55.0,45.0,1245,1243,2,1245,0.001606425702811245,0.3521221248381452,0.5,0.7042442496762904,6,0.004827031375703942,1.0,1
"iteration_3","SCOPE_DATA_COLLECTION",200,35,2170.0,2230.0,1,1288,827,265,1244,915,241,1293,829,266,0,0,0,0.0,0.0,0.0,0.35352420090304054,1.0558671059856883,2.0576167061015274,0.7070484018060811,1.0558671059856883,1.3717444707343516,0.004640371229698376,0.7937273823884198,1.0,67.5,100.0,2380,0,0,0,0,0,0.0,0.0,0.0,0.75,0.6000000000000001,0.30000000000000004,0.5,50.0,55.0,55.0,0.8500000000000001,0.6000000000000001,0.2,0.5,50.0,55.0,45.0,845,844,1,845,0.001183431952662722,1.056177561786161,1.0,1.056177561786161,673,0.79739336492891,1.0,1
"iteration_3","SCOPE_DATA_COLLECTION",200,35,2170.0,2230.0,2,1288,827,265,1244,915,241,1293,829,266,0,0,0,0.0,0.0,0.0,0.35352420090304054,1.0558671059856883,2.0576167061015274,0.7070484018060811,1.0558671059856883,1.3717444707343516,0.004640371229698376,0.7937273823884198,1.0,67.5,100.0,2380,0,0,0,0,0,0.0,0.0,0.0,0.75,0.6000000000000001,0.30000000000000004,0.5,50.0,55.0,55.0,0.8500000000000001,0.6000000000000001,0.2,0.5,50.0,55.0,45.0,228,227,1,228,0.0043859649122807015,2.05605151173045,1.5,1.3707010078203001,227,1.0,1.0,1
"iteration_3","SCOPE_DATA_COLLECTION",200,36,2230.0,2290.0,0,1245,845,228,1288,827,265,1240,848,231,2,1,1,0.001610305958132045,0.001177856301531213,0.004310344827586207,0.35210178005099474,1.056428875769753,2.0572281766818,0.7042035601019895,1.056428875769753,1.3714854511212,0.004838709677419355,0.7948113207547169,1.0,52.5,100.0,2310,7,1,4,0,0,0.0017316017316017316,0.0,0.0,0.8500000000000001,0.6000000000000001,0.2,0.5,50.0,55.0,45.0,0.9,0.4,0.4,0.1,70.0,35.0,30.0,1321,1321,0,1321,0.0,0.35240123859604144,0.5,0.7048024771920829,2,0.001514004542013626,1.0,1
"iteration_3","SCOPE_DATA_COLLECTION",200,36,2230.0,2290.0,1,1245,845,228,1288,827,265,1240,848,231,2,1,1,0.001610305958132045,0.001177856301531213,0.004310344827586207,0.35210178005099474,1.056428875769753,2.0572281766818,0.7042035601019895,1.056428875769753,1.3714854511212,0.004838709677419355,0.7948113207547169,1.0,52.5,100.0,2310,7,1,4,0,0,0.0017316017316017316,0.0,0.0,0.8500000000000001,0.6000000000000001,0.2,0.5,50.0,55.0,45.0,0.9,0.4,0.4,0.1,70.0,35.0,30.0,880,880,0,880,0.0,1.056537570682138,1.0,1.056537570682138,690,0.7840909090909091,1.0,1
"iteration_3","SCOPE_DATA_COLLECTION",200,36,2230.0,2290.0,2,1245,845,228,1288,827,265,1240,848,231,2,1,1,0.001610305958132045,0.001177856301531213,0.004310344827586207,0.35210178005099474,1.056428875769753,2.0572281766818,0.7042035601019895,1.056428875769753,1.3714854511212,0.004838709677419355,0.7948113207547169,1.0,52.5,100.0,2310,7,1,4,0,0,0.0017316017316017316,0.0,0.0,0.8500000000000001,0.6000000000000001,0.2,0.5,50.0,55.0,45.0,0.9,0.4,0.4,0.1,70.0,35.0,30.0,277,277,0,277,0.0,2.0562782354998452,1.5,1.3708521569998968,276,0.9963898916967509,1.0,1
"iteration_3","SCOPE_DATA_COLLECTION",200,37,2290.0,2350.0,0,1321,880,277,1245,845,228,1320,873,275,0,0,0,0.0,0.0,0.0,0.3524293735991829,1.0562123178518639,2.057053235543899,0.7048587471983658,1.0562123178518639,1.3713688236959325,0.0015151515151515152,0.7846506300114547,0.9963636363636363,77.5,100.0,2470,7,1,0,0,0,0.0,0.0,0.0,0.9,0.4,0.4,0.1,70.0,35.0,30.0,0.9,0.5,0.5,0.2,60.0,45.0,30.0,1230,1229,1,1230,8.130081300813008E-4,0.35532488139623275,0.5,0.7106497627924655,6,0.004882017900732303,1.0,1
"iteration_3","SCOPE_DATA_COLLECTION",200,37,2290.0,2350.0,1,1321,880,277,1245,845,228,1320,873,275,0,0,0,0.0,0.0,0.0,0.3524293735991829,1.0562123178518639,2.057053235543899,0.7048587471983658,1.0562123178518639,1.3713688236959325,0.0015151515151515152,0.7846506300114547,0.9963636363636363,77.5,100.0,2470,7,1,0,0,0,0.0,0.0,0.0,0.9,0.4,0.4,0.1,70.0,35.0,30.0,0.9,0.5,0.5,0.2,60.0,45.0,30.0,853,852,1,853,0.0011723329425556857,1.0605147285986525,1.0,1.0605147285986525,682,0.8004694835680751,1.0,1
"iteration_3","SCOPE_DATA_COLLECTION",200,37,2290.0,2350.0,2,1321,880,277,1245,845,228,1320,873,275,0,0,0,0.0,0.0,0.0,0.3524293735991829,1.0562123178518639,2.057053235543899,0.7048587471983658,1.0562123178518639,1.3713688236959325,0.0015151515151515152,0.7846506300114547,0.9963636363636363,77.5,100.0,2470,7,1,0,0,0,0.0,0.0,0.0,0.9,0.4,0.4,0.1,70.0,35.0,30.0,0.9,0.5,0.5,0.2,60.0,45.0,30.0,242,242,0,242,0.0,2.060721828882298,1.5,1.3738145525881986,242,1.0,1.0,1
"iteration_3","SCOPE_DATA_COLLECTION",200,38,2350.0,2410.0,0,1230,853,242,1321,880,277,1231,858,239,1,1,0,8.116883116883117E-4,0.0011641443538998836,0.0,0.3552010259331571,1.0602062199301285,2.0614794323230807,0.7104020518663142,1.0602062199301285,1.3743196215487206,0.00487408610885459,0.7983682983682984,1.0,60.0,100.0,2325,0,0,2,0,0,8.602150537634409E-4,0.0,0.0,0.9,0.5,0.5,0.2,60.0,45.0,30.0,0.9500000000000001,0.6000000000000001,0.5,0.1,60.0,35.0,30.0,1254,1254,0,1254,0.0,0.35511008439386005,0.5,0.7102201687877201,5,0.003987240829346092,1.0,1
"iteration_3","SCOPE_DATA_COLLECTION",200,38,2350.0,2410.0,1,1230,853,242,1321,880,277,1231,858,239,1,1,0,8.116883116883117E-4,0.0011641443538998836,0.0,0.3552010259331571,1.0602062199301285,2.0614794323230807,0.7104020518663142,1.0602062199301285,1.3743196215487206,0.00487408610885459,0.7983682983682984,1.0,60.0,100.0,2325,0,0,2,0,0,8.602150537634409E-4,0.0,0.0,0.9,0.5,0.5,0.2,60.0,45.0,30.0,0.9500000000000001,0.6000000000000001,0.5,0.1,60.0,35.0,30.0,858,857,1,858,0.0011655011655011655,1.0605408993999372,1.0,1.0605408993999372,677,0.7899649941656943,1.0,1
"iteration_3","SCOPE_DATA_COLLECTION",200,38,2350.0,2410.0,2,1230,853,242,1321,880,277,1231,858,239,1,1,0,8.116883116883117E-4,0.0011641443538998836,0.0,0.3552010259331571,1.0602062199301285,2.0614794323230807,0.7104020518663142,1.0602062199301285,1.3743196215487206,0.00487408610885459,0.7983682983682984,1.0,60.0,100.0,2325,0,0,2,0,0,8.602150537634409E-4,0.0,0.0,0.9,0.5,0.5,0.2,60.0,45.0,30.0,0.9500000000000001,0.6000000000000001,0.5,0.1,60.0,35.0,30.0,277,277,0,277,0.0,2.0638202546292024,1.5,1.3758801697528016,277,1.0,1.0,1
"iteration_3","SCOPE_DATA_COLLECTION",200,39,2410.0,2470.0,0,1254,858,277,1230,853,242,1251,859,277,0,1,0,0.0,0.0011627906976744186,0.0,0.3551758278746219,1.0611824756702142,2.0622158716744456,0.7103516557492437,1.0611824756702142,1.3748105811162972,0.003996802557953637,0.7951105937136205,1.0,65.0,100.0,2388,1,0,1,0,0,4.187604690117253E-4,0.0,0.0,0.9500000000000001,0.6000000000000001,0.5,0.1,60.0,35.0,30.0,0.9500000000000001,0.5,0.4,0.1,50.0,45.0,30.0,1287,1285,2,1287,0.001554001554001554,0.3542187134863097,0.5,0.7084374269726194,9,0.007003891050583658,1.0,1
"iteration_3","SCOPE_DATA_COLLECTION",200,39,2410.0,2470.0,1,1254,858,277,1230,853,242,1251,859,277,0,1,0,0.0,0.0011627906976744186,0.0,0.3551758278746219,1.0611824756702142,2.0622158716744456,0.7103516557492437,1.0611824756702142,1.3748105811162972,0.003996802557953637,0.7951105937136205,1.0,65.0,100.0,2388,1,0,1,0,0,4.187604690117253E-4,0.0,0.0,0.9500000000000001,0.6000000000000001,0.5,0.1,60.0,35.0,30.0,0.9500000000000001,0.5,0.4,0.1,50.0,45.0,30.0,880,880,0,880,0.0,1.0596282345171852,1.0,1.0596282345171852,701,0.7965909090909091,1.0,1
"iteration_3","SCOPE_DATA_COLLECTION",200,39,2410.0,2470.0,2,1254,858,277,1230,853,242,1251,859,277,0,1,0,0.0,0.0011627906976744186,0.0,0.3551758278746219,1.0611824756702142,2.0622158716744456,0.7103516557492437,1.0611824756702142,1.3748105811162972,0.003996802557953637,0.7951105937136205,1.0,65.0,100.0,2388,1,0,1,0,0,4.187604690117253E-4,0.0,0.0,0.9500000000000001,0.6000000000000001,0.5,0.1,60.0,35.0,30.0,0.9500000000000001,0.5,0.4,0.1,50.0,45.0,30.0,248,248,0,248,0.0,2.0483807606244846,1.5,1.3655871737496563,248,1.0,1.0,1
"iteration_3","SCOPE_DATA_COLLECTION",200,40,2470.0,2530.0,0,1287,880,248,1254,858,277,1286,884,250,2,0,0,0.0015527950310559005,0.0,0.0,0.3542794035975173,1.059342707191713,2.046590434496364,0.7085588071950346,1.059342707191713,1.364393622997576,0.006998444790046656,0.7941176470588235,1.0,52.5,100.0,2411,4,0,2,0,0,8.295313148071339E-4,0.0,0.0,0.9500000000000001,0.5,0.4,0.1,50.0,45.0,30.0,0.8500000000000001,0.6000000000000001,0.30000000000000004,0.1,50.0,55.0,40.0,1268,1268,0,1268,0.0,0.35509642955115756,0.5,0.7101928591023151,4,0.0031545741324921135,1.0,1
"iteration_3","SCOPE_DATA_COLLECTION",200,40,2470.0,2530.0,1,1287,880,248,1254,858,277,1286,884,250,2,0,0,0.0015527950310559005,0.0,0.0,0.3542794035975173,1.059342707191713,2.046590434496364,0.7085588071950346,1.059342707191713,1.364393622997576,0.006998444790046656,0.7941176470588235,1.0,52.5,100.0,2411,4,0,2,0,0,8.295313148071339E-4,0.0,0.0,0.9500000000000001,0.5,0.4,0.1,50.0,45.0,30.0,0.8500000000000001,0.6000000000000001,0.30000000000000004,0.1,50.0,55.0,40.0,872,872,0,872,0.0,1.059740657530919,1.0,1.059740657530919,696,0.7981651376146789,1.0,1
"iteration_3","SCOPE_DATA_COLLECTION",200,40,2470.0,2530.0,2,1287,880,248,1254,858,277,1286,884,250,2,0,0,0.0015527950310559005,0.0,0.0,0.3542794035975173,1.059342707191713,2.046590434496364,0.7085588071950346,1.059342707191713,1.364393622997576,0.006998444790046656,0.7941176470588235,1.0,52.5,100.0,2411,4,0,2,0,0,8.295313148071339E-4,0.0,0.0,0.9500000000000001,0.5,0.4,0.1,50.0,45.0,30.0,0.8500000000000001,0.6000000000000001,0.30000000000000004,0.1,50.0,55.0,40.0,224,224,0,224,0.0,2.061259555781242,1.5,1.3741730371874947,224,1.0,1.0,1
"iteration_3","SCOPE_DATA_COLLECTION",200,41,2530.0,2590.0,0,1268,872,224,1287,880,248,1267,862,224,0,0,0,0.0,0.0,0.0,0.3551759448356051,1.0594723429858957,2.0645574978090013,0.7103518896712102,1.0594723429858957,1.376371665206001,0.0031570639305445935,0.7981438515081206,1.0,75.0,100.0,2363,1,0,0,0,0,0.0,0.0,0.0,0.8500000000000001,0.6000000000000001,0.30000000000000004,0.1,50.0,55.0,40.0,0.8500000000000001,0.8,0.2,0.5,20.0,70.0,85.0,1305,1305,0,1305,0.0,0.35492563578731684,0.5,0.7098512715746337,8,0.006130268199233717,1.0,1
"iteration_3","SCOPE_DATA_COLLECTION",200,41,2530.0,2590.0,1,1268,872,224,1287,880,248,1267,862,224,0,0,0,0.0,0.0,0.0,0.3551759448356051,1.0594723429858957,2.0645574978090013,0.7103518896712102,1.0594723429858957,1.376371665206001,0.0031570639305445935,0.7981438515081206,1.0,75.0,100.0,2363,1,0,0,0,0,0.0,0.0,0.0,0.8500000000000001,0.6000000000000001,0.30000000000000004,0.1,50.0,55.0,40.0,0.8500000000000001,0.8,0.2,0.5,20.0,70.0,85.0,916,915,1,916,0.001091703056768559,1.059338673084561,1.0,1.059338673084561,725,0.7923497267759563,1.0,1
"iteration_3","SCOPE_DATA_COLLECTION",200,41,2530.0,2590.0,2,1268,872,224,1287,880,248,1267,862,224,0,0,0,0.0,0.0,0.0,0.3551759448356051,1.0594723429858957,2.0645574978090013,0.7103518896712102,1.0594723429858957,1.376371665206001,0.0031570639305445935,0.7981438515081206,1.0,75.0,100.0,2363,1,0,0,0,0,0.0,0.0,0.0,0.8500000000000001,0.6000000000000001,0.30000000000000004,0.1,50.0,55.0,40.0,0.8500000000000001,0.8,0.2,0.5,20.0,70.0,85.0,269,269,0,269,0.0,2.050813163445555,1.5,1.3672087756303701,269,1.0,1.0,1
"iteration_3","SCOPE_DATA_COLLECTION",200,42,2590.0,2650.0,0,1305,916,269,1268,872,224,1307,919,266,0,1,0,0.0,0.0010869565217391304,0.0,0.3548065855882762,1.0596353980962103,2.0508783707585527,0.7096131711765524,1.0596353980962103,1.3672522471723685,0.00612088752869166,0.794341675734494,1.0,65.0,100.0,2486,4,0,1,0,0,4.0225261464199515E-4,0.0,0.0,0.8500000000000001,0.8,0.2,0.5,20.0,70.0,85.0,0.9500000000000001,0.9,0.1,0.6000000000000001,30.0,80.0,95.0,1281,1279,2,1281,0.00156128024980484,0.35275547969402493,0.5,0.7055109593880499,3,0.0023455824863174357,1.0,1
"iteration_3","SCOPE_DATA_COLLECTION",200,42,2590.0,2650.0,1,1305,916,269,1268,872,224,1307,919,266,0,1,0,0.0,0.0010869565217391304,0.0,0.3548065855882762,1.0596353980962103,2.0508783707585527,0.7096131711765524,1.0596353980962103,1.3672522471723685,0.00612088752869166,0.794341675734494,1.0,65.0,100.0,2486,4,0,1,0,0,4.0225261464199515E-4,0.0,0.0,0.8500000000000001,0.8,0.2,0.5,20.0,70.0,85.0,0.9500000000000001,0.9,0.1,0.6000000000000001,30.0,80.0,95.0,965,964,1,965,0.0010362694300518134,1.0509364494715727,1.0,1.0509364494715727,738,0.7655601659751037,1.0,1
"iteration_3","SCOPE_DATA_COLLECTION",200,42,2590.0,2650.0,2,1305,916,269,1268,872,224,1307,919,266,0,1,0,0.0,0.0010869565217391304,0.0,0.3548065855882762,1.0596353980962103,2.0508783707585527,0.7096131711765524,1.0596353980962103,1.3672522471723685,0.00612088752869166,0.794341675734494,1.0,65.0,100.0,2486,4,0,1,0,0,4.0225261464199515E-4,0.0,0.0,0.8500000000000001,0.8,0.2,0.5,20.0,70.0,85.0,0.9500000000000001,0.9,0.1,0.6000000000000001,30.0,80.0,95.0,263,263,0,263,0.0,2.0537016260665273,1.5,1.369134417377685,261,0.9923954372623575,1.0,1
"iteration_3","SCOPE_DATA_COLLECTION",200,43,2650.0,2710.0,0,1281,965,263,1305,916,269,1280,963,265,2,1,0,0.0015600624024961,0.001037344398340249,0.0,0.3527078611996341,1.0508564934194695,2.052535335089007,0.7054157223992682,1.0508564934194695,1.368356890059338,0.00234375,0.7632398753894081,0.9924528301886792,60.0,100.0,2493,14,2,3,0,0,0.0012033694344163659,0.0,0.0,0.9500000000000001,0.9,0.1,0.6000000000000001,30.0,80.0,95.0,0.9500000000000001,0.9,0.1,0.6000000000000001,30.0,80.0,95.0,1237,1236,1,1237,8.084074373484236E-4,0.35244281516432857,0.5,0.7048856303286571,1,8.090614886731392E-4,1.0,1
"iteration_3","SCOPE_DATA_COLLECTION",200,43,2650.0,2710.0,1,1281,965,263,1305,916,269,1280,963,265,2,1,0,0.0015600624024961,0.001037344398340249,0.0,0.3527078611996341,1.0508564934194695,2.052535335089007,0.7054157223992682,1.0508564934194695,1.368356890059338,0.00234375,0.7632398753894081,0.9924528301886792,60.0,100.0,2493,14,2,3,0,0,0.0012033694344163659,0.0,0.0,0.9500000000000001,0.9,0.1,0.6000000000000001,30.0,80.0,95.0,0.9500000000000001,0.9,0.1,0.6000000000000001,30.0,80.0,95.0,822,821,1,822,0.0012165450121654502,1.0514802128832437,1.0,1.0514802128832437,629,0.7661388550548112,1.0,1
"iteration_3","SCOPE_DATA_COLLECTION",200,43,2650.0,2710.0,2,1281,965,263,1305,916,269,1280,963,265,2,1,0,0.0015600624024961,0.001037344398340249,0.0,0.3527078611996341,1.0508564934194695,2.052535335089007,0.7054157223992682,1.0508564934194695,1.368356890059338,0.00234375,0.7632398753894081,0.9924528301886792,60.0,100.0,2493,14,2,3,0,0,0.0012033694344163659,0.0,0.0,0.9500000000000001,0.9,0.1,0.6000000000000001,30.0,80.0,95.0,0.9500000000000001,0.9,0.1,0.6000000000000001,30.0,80.0,95.0,245,245,0,245,0.0,2.0492279327738547,1.5,1.3661519551825698,244,0.9959183673469387,1.0,1
"iteration_3","SCOPE_DATA_COLLECTION",200,44,2710.0,2770.0,0,1237,822,245,1281,965,263,1233,818,245,1,1,0,8.103727714748784E-4,0.001221001221001221,0.0,0.35245428951331276,1.051990323459077,2.049014894025141,0.7049085790266255,1.051990323459077,1.366009929350094,8.110300081103001E-4,0.7689486552567237,0.9959183673469387,77.5,100.0,2294,10,0,2,0,0,8.718395815170009E-4,0.0,0.0,0.9500000000000001,0.9,0.1,0.6000000000000001,30.0,80.0,95.0,0.9500000000000001,0.8,0.1,0.6000000000000001,20.0,70.0,85.0,1271,1271,0,1271,0.0,0.35345965383162614,0.5,0.7069193076632523,4,0.003147128245476003,1.0,1
"iteration_3","SCOPE_DATA_COLLECTION",200,44,2710.0,2770.0,1,1237,822,245,1281,965,263,1233,818,245,1,1,0,8.103727714748784E-4,0.001221001221001221,0.0,0.35245428951331276,1.051990323459077,2.049014894025141,0.7049085790266255,1.051990323459077,1.366009929350094,8.110300081103001E-4,0.7689486552567237,0.9959183673469387,77.5,100.0,2294,10,0,2,0,0,8.718395815170009E-4,0.0,0.0,0.9500000000000001,0.9,0.1,0.6000000000000001,30.0,80.0,95.0,0.9500000000000001,0.8,0.1,0.6000000000000001,20.0,70.0,85.0,911,911,0,911,0.0,1.0598839374966604,1.0,1.0598839374966604,735,0.8068057080131723,1.0,1
"iteration_3","SCOPE_DATA_COLLECTION",200,44,2710.0,2770.0,2,1237,822,245,1281,965,263,1233,818,245,1,1,0,8.103727714748784E-4,0.001221001221001221,0.0,0.35245428951331276,1.051990323459077,2.049014894025141,0.7049085790266255,1.051990323459077,1.366009929350094,8.110300081103001E-4,0.7689486552567237,0.9959183673469387,77.5,100.0,2294,10,0,2,0,0,8.718395815170009E-4,0.0,0.0,0.9500000000000001,0.9,0.1,0.6000000000000001,30.0,80.0,95.0,0.9500000000000001,0.8,0.1,0.6000000000000001,20.0,70.0,85.0,249,249,0,249,0.0,2.058249990371309,1.5,1.3721666602475393,249,1.0,1.0,1
"iteration_3","SCOPE_DATA_COLLECTION",200,45,2770.0,2830.0,0,1271,911,249,1237,822,245,1271,915,248,0,0,0,0.0,0.0,0.0,0.353595521486816,1.059442386371297,2.0581916076774767,0.707191042973632,1.059442386371297,1.372127738451651,0.003147128245476003,0.805464480874317,1.0,72.5,100.0,2428,3,0,0,0,0,0.0,0.0,0.0,0.9500000000000001,0.8,0.1,0.6000000000000001,20.0,70.0,85.0,0.8500000000000001,0.7000000000000001,0.1,0.7000000000000001,30.0,70.0,75.0,1279,1278,1,1279,7.818608287724785E-4,0.35348811798765684,0.5,0.7069762359753137,7,0.005477308294209703,1.0,1
"iteration_3","SCOPE_DATA_COLLECTION",200,45,2770.0,2830.0,1,1271,911,249,1237,822,245,1271,915,248,0,0,0,0.0,0.0,0.0,0.353595521486816,1.059442386371297,2.0581916076774767,0.707191042973632,1.059442386371297,1.372127738451651,0.003147128245476003,0.805464480874317,1.0,72.5,100.0,2428,3,0,0,0,0,0.0,0.0,0.0,0.9500000000000001,0.8,0.1,0.6000000000000001,20.0,70.0,85.0,0.8500000000000001,0.7000000000000001,0.1,0.7000000000000001,30.0,70.0,75.0,879,879,0,879,0.0,1.0608210538045886,1.0,1.0608210538045886,693,0.78839590443686,1.0,1
"iteration_3","SCOPE_DATA_COLLECTION",200,45,2770.0,2830.0,2,1271,911,249,1237,822,245,1271,915,248,0,0,0,0.0,0.0,0.0,0.353595521486816,1.059442386371297,2.0581916076774767,0.707191042973632,1.059442386371297,1.372127738451651,0.003147128245476003,0.805464480874317,1.0,72.5,100.0,2428,3,0,0,0,0,0.0,0.0,0.0,0.9500000000000001,0.8,0.1,0.6000000000000001,20.0,70.0,85.0,0.8500000000000001,0.7000000000000001,0.1,0.7000000000000001,30.0,70.0,75.0,250,250,0,250,0.0,2.0480621555120253,1.5,1.3653747703413501,250,1.0,1.0,1
"iteration_3","SCOPE_DATA_COLLECTION",200,46,2830.0,2890.0,0,1279,879,250,1271,911,249,1284,877,254,1,0,0,7.782101167315176E-4,0.0,0.0,0.3533646814945265,1.060625428162266,2.0487711979271483,0.706729362989053,1.060625428162266,1.3658474652847656,0.005451713395638629,0.7879133409350056,1.0,52.5,100.0,2406,2,0,1,0,0,4.1562759767248546E-4,0.0,0.0,0.8500000000000001,0.7000000000000001,0.1,0.7000000000000001,30.0,70.0,75.0,0.8500000000000001,0.8,0.1,0.8,30.0,60.0,65.0,1292,1292,0,1292,0.0,0.35146188962058744,0.5,0.7029237792411749,4,0.0030959752321981426,1.0,1
"iteration_3","SCOPE_DATA_COLLECTION",200,46,2830.0,2890.0,1,1279,879,250,1271,911,249,1284,877,254,1,0,0,7.782101167315176E-4,0.0,0.0,0.3533646814945265,1.060625428162266,2.0487711979271483,0.706729362989053,1.060625428162266,1.3658474652847656,0.005451713395638629,0.7879133409350056,1.0,52.5,100.0,2406,2,0,1,0,0,4.1562759767248546E-4,0.0,0.0,0.8500000000000001,0.7000000000000001,0.1,0.7000000000000001,30.0,70.0,75.0,0.8500000000000001,0.8,0.1,0.8,30.0,60.0,65.0,844,844,0,844,0.0,1.0551691332129358,1.0,1.0551691332129358,644,0.7630331753554502,1.0,1
"iteration_3","SCOPE_DATA_COLLECTION",200,46,2830.0,2890.0,2,1279,879,250,1271,911,249,1284,877,254,1,0,0,7.782101167315176E-4,0.0,0.0,0.3533646814945265,1.060625428162266,2.0487711979271483,0.706729362989053,1.060625428162266,1.3658474652847656,0.005451713395638629,0.7879133409350056,1.0,52.5,100.0,2406,2,0,1,0,0,4.1562759767248546E-4,0.0,0.0,0.8500000000000001,0.7000000000000001,0.1,0.7000000000000001,30.0,70.0,75.0,0.8500000000000001,0.8,0.1,0.8,30.0,60.0,65.0,260,260,0,260,0.0,2.0628937363266897,1.5,1.3752624908844597,260,1.0,1.0,1
"iteration_3","SCOPE_DATA_COLLECTION",200,47,2890.0,2950.0,0,1292,844,260,1279,879,250,1284,838,252,0,0,0,0.0,0.0,0.0,0.35149282951446625,1.0553493981941293,2.0583789919830564,0.7029856590289325,1.0553493981941293,1.3722526613220376,0.003115264797507788,0.7637231503579952,1.0,92.5,100.0,2396,0,0,0,0,0,0.0,0.0,0.0,0.8500000000000001,0.8,0.1,0.8,30.0,60.0,65.0,0.8500000000000001,0.8,0.1,0.8,30.0,60.0,65.0,1250,1250,0,1250,0.0,0.35648067070160067,0.5,0.7129613414032013,6,0.0048,1.0,1
"iteration_3","SCOPE_DATA_COLLECTION",200,47,2890.0,2950.0,1,1292,844,260,1279,879,250,1284,838,252,0,0,0,0.0,0.0,0.0,0.35149282951446625,1.0553493981941293,2.0583789919830564,0.7029856590289325,1.0553493981941293,1.3722526613220376,0.003115264797507788,0.7637231503579952,1.0,92.5,100.0,2396,0,0,0,0,0,0.0,0.0,0.0,0.8500000000000001,0.8,0.1,0.8,30.0,60.0,65.0,0.8500000000000001,0.8,0.1,0.8,30.0,60.0,65.0,944,944,0,944,0.0,1.0527651859292062,1.0,1.0527651859292062,704,0.7457627118644068,1.0,1
"iteration_3","SCOPE_DATA_COLLECTION",200,47,2890.0,2950.0,2,1292,844,260,1279,879,250,1284,838,252,0,0,0,0.0,0.0,0.0,0.35149282951446625,1.0553493981941293,2.0583789919830564,0.7029856590289325,1.0553493981941293,1.3722526613220376,0.003115264797507788,0.7637231503579952,1.0,92.5,100.0,2396,0,0,0,0,0,0.0,0.0,0.0,0.8500000000000001,0.8,0.1,0.8,30.0,60.0,65.0,0.8500000000000001,0.8,0.1,0.8,30.0,60.0,65.0,261,261,0,261,0.0,2.0787945385773265,1.5,1.3858630257182176,261,1.0,1.0,1
"iteration_3","SCOPE_DATA_COLLECTION",200,48,2950.0,3010.0,0,1250,944,261,1292,844,260,1253,951,266,0,0,0,0.0,0.0,0.0,0.35642711665733134,1.0527053353026832,2.081138761992719,0.7128542333146627,1.0527053353026832,1.3874258413284792,0.004788507581803671,0.7465825446898002,1.0,70.0,100.0,2453,2,0,0,0,0,0.0,0.0,0.0,0.8500000000000001,0.8,0.1,0.8,30.0,60.0,65.0,0.8,0.2,0.30000000000000004,0.2,70.0,20.0,45.0,1282,1281,1,1282,7.8003120124805E-4,0.35434176499131553,0.5,0.7086835299826311,7,0.00546448087431694,1.0,1
"iteration_3","SCOPE_DATA_COLLECTION",200,48,2950.0,3010.0,1,1250,944,261,1292,844,260,1253,951,266,0,0,0,0.0,0.0,0.0,0.35642711665733134,1.0527053353026832,2.081138761992719,0.7128542333146627,1.0527053353026832,1.3874258413284792,0.004788507581803671,0.7465825446898002,1.0,70.0,100.0,2453,2,0,0,0,0,0.0,0.0,0.0,0.8500000000000001,0.8,0.1,0.8,30.0,60.0,65.0,0.8,0.2,0.30000000000000004,0.2,70.0,20.0,45.0,920,917,3,920,0.003260869565217391,1.0528247882800847,1.0,1.0528247882800847,706,0.7699018538713195,1.0,1
"iteration_3","SCOPE_DATA_COLLECTION",200,48,2950.0,3010.0,2,1250,944,261,1292,844,260,1253,951,266,0,0,0,0.0,0.0,0.0,0.35642711665733134,1.0527053353026832,2.081138761992719,0.7128542333146627,1.0527053353026832,1.3874258413284792,0.004788507581803671,0.7465825446898002,1.0,70.0,100.0,2453,2,0,0,0,0,0.0,0.0,0.0,0.8500000000000001,0.8,0.1,0.8,30.0,60.0,65.0,0.8,0.2,0.30000000000000004,0.2,70.0,20.0,45.0,255,255,0,255,0.0,2.0566832605070138,1.5,1.3711221736713426,255,1.0,1.0,1
"iteration_3","SCOPE_DATA_COLLECTION",200,49,3010.0,3070.0,0,1282,920,255,1250,944,261,1284,919,253,1,3,0,7.782101167315176E-4,0.0032537960954446853,0.0,0.3544333573625375,1.0534654974990636,2.053942642827752,0.708866714725075,1.0534654974990636,1.3692950952185015,0.005451713395638629,0.7714907508161044,1.0,62.5,100.0,2448,8,1,4,0,0,0.0016339869281045752,0.0,0.0,0.8,0.2,0.30000000000000004,0.2,70.0,20.0,45.0,0.8,0.2,0.30000000000000004,0.2,70.0,20.0,45.0,1296,1296,0,1296,0.0,0.355782626962838,0.5,0.711565253925676,7,0.005401234567901234,1.0,1
"iteration_3","SCOPE_DATA_COLLECTION",200,49,3010.0,3070.0,1,1282,920,255,1250,944,261,1284,919,253,1,3,0,7.782101167315176E-4,0.0032537960954446853,0.0,0.3544333573625375,1.0534654974990636,2.053942642827752,0.708866714725075,1.0534654974990636,1.3692950952185015,0.005451713395638629,0.7714907508161044,1.0,62.5,100.0,2448,8,1,4,0,0,0.0016339869281045752,0.0,0.0,0.8,0.2,0.30000000000000004,0.2,70.0,20.0,45.0,0.8,0.2,0.30000000000000004,0.2,70.0,20.0,45.0,878,878,0,878,0.0,1.064775617585833,1.0,1.064775617585833,691,0.7870159453302962,1.0,1
"iteration_3","SCOPE_DATA_COLLECTION",200,49,3010.0,3070.0,2,1282,920,255,1250,944,261,1284,919,253,1,3,0,7.782101167315176E-4,0.0032537960954446853,0.0,0.3544333573625375,1.0534654974990636,2.053942642827752,0.708866714725075,1.0534654974990636,1.3692950952185015,0.005451713395638629,0.7714907508161044,1.0,62.5,100.0,2448,8,1,4,0,0,0.0016339869281045752,0.0,0.0,0.8,0.2,0.30000000000000004,0.2,70.0,20.0,45.0,0.8,0.2,0.30000000000000004,0.2,70.0,20.0,45.0,247,247,0,247,0.0,2.068168429268566,1.5,1.3787789528457106,247,1.0,1.0,1
"iteration_3","SCOPE_DATA_COLLECTION",200,50,3070.0,3130.0,0,1296,878,247,1282,920,255,1290,873,251,0,0,0,0.0,0.0,0.0,0.35563926939608903,1.0641766479574302,2.071538442397818,0.7112785387921781,1.0641766479574302,1.3810256282652118,0.005426356589147287,0.7835051546391752,1.0,82.5,100.0,2419,1,1,0,0,0,0.0,0.0,0.0,0.8,0.2,0.30000000000000004,0.2,70.0,20.0,45.0,0.9,0.2,0.30000000000000004,0.30000000000000004,70.0,30.0,45.0,1261,1261,0,1261,0.0,0.3561427980087279,0.5,0.7122855960174558,5,0.003965107057890563,1.0,1
"iteration_3","SCOPE_DATA_COLLECTION",200,50,3070.0,3130.0,1,1296,878,247,1282,920,255,1290,873,251,0,0,0,0.0,0.0,0.0,0.35563926939608903,1.0641766479574302,2.071538442397818,0.7112785387921781,1.0641766479574302,1.3810256282652118,0.005426356589147287,0.7835051546391752,1.0,82.5,100.0,2419,1,1,0,0,0,0.0,0.0,0.0,0.8,0.2,0.30000000000000004,0.2,70.0,20.0,45.0,0.9,0.2,0.30000000000000004,0.30000000000000004,70.0,30.0,45.0,862,862,0,862,0.0,1.0610608910153572,1.0,1.0610608910153572,695,0.8062645011600929,1.0,1
"iteration_3","SCOPE_DATA_COLLECTION",200,50,3070.0,3130.0,2,1296,878,247,1282,920,255,1290,873,251,0,0,0,0.0,0.0,0.0,0.35563926939608903,1.0641766479574302,2.071538442397818,0.7112785387921781,1.0641766479574302,1.3810256282652118,0.005426356589147287,0.7835051546391752,1.0,82.5,100.0,2419,1,1,0,0,0,0.0,0.0,0.0,0.8,0.2,0.30000000000000004,0.2,70.0,20.0,45.0,0.9,0.2,0.30000000000000004,0.30000000000000004,70.0,30.0,45.0,270,270,0,270,0.0,2.055840680262874,1.5,1.3705604535085827,268,0.9925925925925926,1.0,1
"iteration_3","SCOPE_DATA_COLLECTION",200,51,3130.0,3190.0,0,1261,862,270,1296,878,247,1269,862,269,0,0,0,0.0,0.0,0.0,0.3562393093746386,1.0607863346000361,2.056530807670859,0.7124786187492772,1.0607863346000361,1.3710205384472394,0.003940110323089046,0.8051044083526682,0.9925650557620818,57.5,100.0,2387,5,1,0,0,0,0.0,0.0,0.0,0.9,0.2,0.30000000000000004,0.30000000000000004,70.0,30.0,45.0,0.9,0.2,0.30000000000000004,0.30000000000000004,60.0,40.0,45.0,1290,1288,2,1290,0.0015503875968992248,0.3582950939187914,0.5,0.7165901878375828,13,0.010093167701863354,1.0,1
"iteration_3","SCOPE_DATA_COLLECTION",200,51,3130.0,3190.0,1,1261,862,270,1296,878,247,1269,862,269,0,0,0,0.0,0.0,0.0,0.3562393093746386,1.0607863346000361,2.056530807670859,0.7124786187492772,1.0607863346000361,1.3710205384472394,0.003940110323089046,0.8051044083526682,0.9925650557620818,57.5,100.0,2387,5,1,0,0,0,0.0,0.0,0.0,0.9,0.2,0.30000000000000004,0.30000000000000004,70.0,30.0,45.0,0.9,0.2,0.30000000000000004,0.30000000000000004,60.0,40.0,45.0,865,864,1,865,0.0011560693641618498,1.061338162084802,1.0,1.061338162084802,704,0.8148148148148148,1.0,1
"iteration_3","SCOPE_DATA_COLLECTION",200,51,3130.0,3190.0,2,1261,862,270,1296,878,247,1269,862,269,0,0,0,0.0,0.0,0.0,0.3562393093746386,1.0607863346000361,2.056530807670859,0.7124786187492772,1.0607863346000361,1.3710205384472394,0.003940110323089046,0.8051044083526682,0.9925650557620818,57.5,100.0,2387,5,1,0,0,0,0.0,0.0,0.0,0.9,0.2,0.30000000000000004,0.30000000000000004,70.0,30.0,45.0,0.9,0.2,0.30000000000000004,0.30000000000000004,60.0,40.0,45.0,275,275,0,275,0.0,2.053763673138049,1.5,1.3691757820920325,275,1.0,1.0,1
"iteration_3","SCOPE_DATA_COLLECTION",200,52,3190.0,3250.0,0,1290,865,275,1261,862,270,1282,876,278,2,1,0,0.001557632398753894,0.0011402508551881414,0.0,0.3583389252269026,1.0617788269502269,2.0527457603308688,0.7166778504538052,1.0617788269502269,1.3684971735539124,0.01014040561622465,0.8162100456621004,1.0,40.0,100.0,2426,4,0,3,0,0,0.001236603462489695,0.0,0.0,0.9,0.2,0.30000000000000004,0.30000000000000004,60.0,40.0,45.0,0.9500000000000001,0.30000000000000004,0.2,0.2,50.0,50.0,35.0,1260,1259,1,1260,7.936507936507937E-4,0.3582133397852379,0.5,0.7164266795704758,21,0.016679904686258934,1.0,1
"iteration_3","SCOPE_DATA_COLLECTION",200,52,3190.0,3250.0,1,1290,865,275,1261,862,270,1282,876,278,2,1,0,0.001557632398753894,0.0011402508551881414,0.0,0.3583389252269026,1.0617788269502269,2.0527457603308688,0.7166778504538052,1.0617788269502269,1.3684971735539124,0.01014040561622465,0.8162100456621004,1.0,40.0,100.0,2426,4,0,3,0,0,0.001236603462489695,0.0,0.0,0.9,0.2,0.30000000000000004,0.30000000000000004,60.0,40.0,45.0,0.9500000000000001,0.30000000000000004,0.2,0.2,50.0,50.0,35.0,889,887,2,889,0.0022497187851518562,1.0568454245893064,1.0,1.0568454245893064,698,0.7869222096956031,1.0,1
"iteration_3","SCOPE_DATA_COLLECTION",200,52,3190.0,3250.0,2,1290,865,275,1261,862,270,1282,876,278,2,1,0,0.001557632398753894,0.0011402508551881414,0.0,0.3583389252269026,1.0617788269502269,2.0527457603308688,0.7166778504538052,1.0617788269502269,1.3684971735539124,0.01014040561622465,0.8162100456621004,1.0,40.0,100.0,2426,4,0,3,0,0,0.001236603462489695,0.0,0.0,0.9,0.2,0.30000000000000004,0.30000000000000004,60.0,40.0,45.0,0.9500000000000001,0.30000000000000004,0.2,0.2,50.0,50.0,35.0,260,260,0,260,0.0,2.0732140920013764,1.5,1.3821427280009175,260,1.0,1.0,1
"iteration_3","SCOPE_DATA_COLLECTION",200,53,3250.0,3310.0,0,1260,889,260,1290,865,275,1260,866,255,1,2,0,7.930214115781126E-4,0.002304147465437788,0.0,0.358095111219496,1.0571582218847801,2.073554285114002,0.716190222438992,1.0571582218847801,1.3823695234093345,0.016666666666666666,0.7886836027713626,1.0,95.0,100.0,2409,0,0,3,0,0,0.0012453300124533001,0.0,0.0,0.9500000000000001,0.30000000000000004,0.2,0.2,50.0,50.0,35.0,0.9500000000000001,0.30000000000000004,0.2,0.2,50.0,50.0,35.0,1233,1233,0,1233,0.0,0.354329894304577,0.5,0.708659788609154,6,0.004866180048661801,1.0,1
"iteration_3","SCOPE_DATA_COLLECTION",200,53,3250.0,3310.0,1,1260,889,260,1290,865,275,1260,866,255,1,2,0,7.930214115781126E-4,0.002304147465437788,0.0,0.358095111219496,1.0571582218847801,2.073554285114002,0.716190222438992,1.0571582218847801,1.3823695234093345,0.016666666666666666,0.7886836027713626,1.0,95.0,100.0,2409,0,0,3,0,0,0.0012453300124533001,0.0,0.0,0.9500000000000001,0.30000000000000004,0.2,0.2,50.0,50.0,35.0,0.9500000000000001,0.30000000000000004,0.2,0.2,50.0,50.0,35.0,860,860,0,860,0.0,1.0583089102666552,1.0,1.0583089102666552,674,0.7837209302325582,1.0,1
"iteration_3","SCOPE_DATA_COLLECTION",200,53,3250.0,3310.0,2,1260,889,260,1290,865,275,1260,866,255,1,2,0,7.930214115781126E-4,0.002304147465437788,0.0,0.358095111219496,1.0571582218847801,2.073554285114002,0.716190222438992,1.0571582218847801,1.3823695234093345,0.016666666666666666,0.7886836027713626,1.0,95.0,100.0,2409,0,0,3,0,0,0.0012453300124533001,0.0,0.0,0.9500000000000001,0.30000000000000004,0.2,0.2,50.0,50.0,35.0,0.9500000000000001,0.30000000000000004,0.2,0.2,50.0,50.0,35.0,236,236,0,236,0.0,2.0707163117227863,1.5,1.3804775411485242,236,1.0,1.0,1
"iteration_3","SCOPE_DATA_COLLECTION",200,54,3310.0,3370.0,0,1233,860,236,1260,889,260,1229,873,240,0,0,0,0.0,0.0,0.0,0.3541367086115009,1.0582551746223536,2.072392490512728,0.7082734172230019,1.0582551746223536,1.381594993675152,0.004882017900732303,0.7846506300114547,1.0,72.5,100.0,2329,0,0,0,0,0,0.0,0.0,0.0,0.9500000000000001,0.30000000000000004,0.2,0.2,50.0,50.0,35.0,0.9500000000000001,0.30000000000000004,0.2,0.2,50.0,50.0,35.0,1248,1248,0,1248,0.0,0.3537445198313841,0.5,0.7074890396627682,2,0.0016025641025641025,1.0,1
"iteration_3","SCOPE_DATA_COLLECTION",200,54,3310.0,3370.0,1,1233,860,236,1260,889,260,1229,873,240,0,0,0,0.0,0.0,0.0,0.3541367086115009,1.0582551746223536,2.072392490512728,0.7082734172230019,1.0582551746223536,1.381594993675152,0.004882017900732303,0.7846506300114547,1.0,72.5,100.0,2329,0,0,0,0,0,0.0,0.0,0.0,0.9500000000000001,0.30000000000000004,0.2,0.2,50.0,50.0,35.0,0.9500000000000001,0.30000000000000004,0.2,0.2,50.0,50.0,35.0,850,850,0,850,0.0,1.0534927594317827,1.0,1.0534927594317827,656,0.7717647058823529,1.0,1
"iteration_3","SCOPE_DATA_COLLECTION",200,54,3310.0,3370.0,2,1233,860,236,1260,889,260,1229,873,240,0,0,0,0.0,0.0,0.0,0.3541367086115009,1.0582551746223536,2.072392490512728,0.7082734172230019,1.0582551746223536,1.381594993675152,0.004882017900732303,0.7846506300114547,1.0,72.5,100.0,2329,0,0,0,0,0,0.0,0.0,0.0,0.9500000000000001,0.30000000000000004,0.2,0.2,50.0,50.0,35.0,0.9500000000000001,0.30000000000000004,0.2,0.2,50.0,50.0,35.0,300,300,0,300,0.0,2.046069189032898,1.5,1.3640461260219319,296,0.9866666666666667,1.0,1
"iteration_3","SCOPE_DATA_COLLECTION",200,55,3370.0,3430.0,0,1248,850,300,1233,860,236,1249,852,296,0,0,0,0.0,0.0,0.0,0.35375864352328834,1.052930092820898,2.04462377466693,0.7075172870465767,1.052930092820898,1.3630825164446199,8.006405124099279E-4,0.7687793427230047,0.9864864864864865,65.0,100.0,2389,9,0,0,0,0,0.0,0.0,0.0,0.9500000000000001,0.30000000000000004,0.2,0.2,50.0,50.0,35.0,0.8500000000000001,0.4,0.30000000000000004,0.1,50.0,40.0,25.0,1143,1142,1,1143,8.748906386701663E-4,0.3536480786020092,0.5,0.7072961572040184,2,0.0017513134851138354,1.0,1
"iteration_3","SCOPE_DATA_COLLECTION",200,55,3370.0,3430.0,1,1248,850,300,1233,860,236,1249,852,296,0,0,0,0.0,0.0,0.0,0.35375864352328834,1.052930092820898,2.04462377466693,0.7075172870465767,1.052930092820898,1.3630825164446199,8.006405124099279E-4,0.7687793427230047,0.9864864864864865,65.0,100.0,2389,9,0,0,0,0,0.0,0.0,0.0,0.9500000000000001,0.30000000000000004,0.2,0.2,50.0,50.0,35.0,0.8500000000000001,0.4,0.30000000000000004,0.1,50.0,40.0,25.0,892,892,0,892,0.0,1.0561333097184784,1.0,1.0561333097184784,697,0.781390134529148,1.0,1
"iteration_3","SCOPE_DATA_COLLECTION",200,55,3370.0,3430.0,2,1248,850,300,1233,860,236,1249,852,296,0,0,0,0.0,0.0,0.0,0.35375864352328834,1.052930092820898,2.04462377466693,0.7075172870465767,1.052930092820898,1.3630825164446199,8.006405124099279E-4,0.7687793427230047,0.9864864864864865,65.0,100.0,2389,9,0,0,0,0,0.0,0.0,0.0,0.9500000000000001,0.30000000000000004,0.2,0.2,50.0,50.0,35.0,0.8500000000000001,0.4,0.30000000000000004,0.1,50.0,40.0,25.0,242,241,1,242,0.004132231404958678,2.059524448314808,1.5,1.3730162988765386,241,1.0,1.0,1
"iteration_3","SCOPE_DATA_COLLECTION",200,56,3430.0,3490.0,0,1143,892,242,1248,850,300,1148,890,241,1,0,1,8.703220191470844E-4,0.0,0.004132231404958678,0.3538974603856219,1.0562907837318782,2.0631673261421732,0.7077949207712438,1.0562907837318782,1.3754448840947822,0.002613240418118467,0.7820224719101123,1.0,60.0,100.0,2276,0,1,2,0,0,8.787346221441124E-4,0.0,0.0,0.8500000000000001,0.4,0.30000000000000004,0.1,50.0,40.0,25.0,0.05,0.5,0.9,0.4,80.0,75.0,50.0,1244,1242,2,1244,0.001607717041800643,0.35389297458860364,0.5,0.7077859491772073,6,0.004830917874396135,1.0,1
"iteration_3","SCOPE_DATA_COLLECTION",200,56,3430.0,3490.0,1,1143,892,242,1248,850,300,1148,890,241,1,0,1,8.703220191470844E-4,0.0,0.004132231404958678,0.3538974603856219,1.0562907837318782,2.0631673261421732,0.7077949207712438,1.0562907837318782,1.3754448840947822,0.002613240418118467,0.7820224719101123,1.0,60.0,100.0,2276,0,1,2,0,0,8.787346221441124E-4,0.0,0.0,0.8500000000000001,0.4,0.30000000000000004,0.1,50.0,40.0,25.0,0.05,0.5,0.9,0.4,80.0,75.0,50.0,841,840,1,841,0.0011890606420927466,1.0591226215027394,1.0,1.0591226215027394,659,0.7845238095238095,1.0,1
"iteration_3","SCOPE_DATA_COLLECTION",200,56,3430.0,3490.0,2,1143,892,242,1248,850,300,1148,890,241,1,0,1,8.703220191470844E-4,0.0,0.004132231404958678,0.3538974603856219,1.0562907837318782,2.0631673261421732,0.7077949207712438,1.0562907837318782,1.3754448840947822,0.002613240418118467,0.7820224719101123,1.0,60.0,100.0,2276,0,1,2,0,0,8.787346221441124E-4,0.0,0.0,0.8500000000000001,0.4,0.30000000000000004,0.1,50.0,40.0,25.0,0.05,0.5,0.9,0.4,80.0,75.0,50.0,253,253,0,253,0.0,2.0629244488318506,1.5,1.3752829658879004,253,1.0,1.0,1
"iteration_3","SCOPE_DATA_COLLECTION",200,57,3490.0,3550.0,0,1244,841,253,1143,892,242,1244,837,254,2,1,0,0.0016051364365971107,0.0011933174224343676,0.0,0.35392253443821875,1.058934224253079,2.0606978403398277,0.7078450688764375,1.058934224253079,1.373798560226552,0.00482315112540193,0.7849462365591398,1.0,65.0,100.0,2335,0,3,3,0,0,0.001284796573875803,0.0,0.0,0.05,0.5,0.9,0.4,80.0,75.0,50.0,0.15000000000000002,0.6000000000000001,0.9,0.4,80.0,85.0,50.0,1290,1290,0,1290,0.0,0.3531210807790773,0.5,0.7062421615581546,4,0.0031007751937984496,1.0,1
"iteration_3","SCOPE_DATA_COLLECTION",200,57,3490.0,3550.0,1,1244,841,253,1143,892,242,1244,837,254,2,1,0,0.0016051364365971107,0.0011933174224343676,0.0,0.35392253443821875,1.058934224253079,2.0606978403398277,0.7078450688764375,1.058934224253079,1.373798560226552,0.00482315112540193,0.7849462365591398,1.0,65.0,100.0,2335,0,3,3,0,0,0.001284796573875803,0.0,0.0,0.05,0.5,0.9,0.4,80.0,75.0,50.0,0.15000000000000002,0.6000000000000001,0.9,0.4,80.0,85.0,50.0,818,817,1,818,0.0012224938875305623,1.0547620723090634,1.0,1.0547620723090634,640,0.7833537331701347,1.0,1
"iteration_3","SCOPE_DATA_COLLECTION",200,57,3490.0,3550.0,2,1244,841,253,1143,892,242,1244,837,254,2,1,0,0.0016051364365971107,0.0011933174224343676,0.0,0.35392253443821875,1.058934224253079,2.0606978403398277,0.7078450688764375,1.058934224253079,1.373798560226552,0.00482315112540193,0.7849462365591398,1.0,65.0,100.0,2335,0,3,3,0,0,0.001284796573875803,0.0,0.0,0.05,0.5,0.9,0.4,80.0,75.0,50.0,0.15000000000000002,0.6000000000000001,0.9,0.4,80.0,85.0,50.0,246,245,1,246,0.0040650406504065045,2.0449777338765727,1.5,1.3633184892510484,245,1.0,1.0,1
"iteration_3","SCOPE_DATA_COLLECTION",200,58,3550.0,3618.770910420872,0,1290,818,246,1244,841,253,1279,818,243,0,1,1,0.0,0.001221001221001221,0.004098360655737705,0.3532302830484183,1.0549289327787044,2.0460053838341934,0.7064605660968366,1.0549289327787044,1.3640035892227955,0.003127443315089914,0.78239608801956,1.0,87.5,100.0,2350,2,2,2,0,0,8.51063829787234E-4,0.0,0.0,0.15000000000000002,0.6000000000000001,0.9,0.4,80.0,85.0,50.0,0.05,0.7000000000000001,0.9,0.30000000000000004,70.0,95.0,60.0,1051,1043,0,1043,0.0,0.35424328908048386,0.5,0.7084865781609677,5,0.004793863854266539,0.9923882017126546,0
"iteration_3","SCOPE_DATA_COLLECTION",200,58,3550.0,3618.770910420872,1,1290,818,246,1244,841,253,1279,818,243,0,1,1,0.0,0.001221001221001221,0.004098360655737705,0.3532302830484183,1.0549289327787044,2.0460053838341934,0.7064605660968366,1.0549289327787044,1.3640035892227955,0.003127443315089914,0.78239608801956,1.0,87.5,100.0,2350,2,2,2,0,0,8.51063829787234E-4,0.0,0.0,0.15000000000000002,0.6000000000000001,0.9,0.4,80.0,85.0,50.0,0.05,0.7000000000000001,0.9,0.30000000000000004,70.0,95.0,60.0,739,724,1,725,0.001379310344827586,1.055892925576647,1.0,1.055892925576647,571,0.7886740331491713,0.9810554803788903,0
"iteration_3","SCOPE_DATA_COLLECTION",200,58,3550.0,3618.770910420872,2,1290,818,246,1244,841,253,1279,818,243,0,1,1,0.0,0.001221001221001221,0.004098360655737705,0.3532302830484183,1.0549289327787044,2.0460053838341934,0.7064605660968366,1.0549289327787044,1.3640035892227955,0.003127443315089914,0.78239608801956,1.0,87.5,100.0,2350,2,2,2,0,0,8.51063829787234E-4,0.0,0.0,0.15000000000000002,0.6000000000000001,0.9,0.4,80.0,85.0,50.0,0.05,0.7000000000000001,0.9,0.30000000000000004,70.0,95.0,60.0,208,198,1,199,0.005025125628140704,2.0530708152535118,1.5,1.3687138768356746,197,0.9949494949494949,0.9567307692307693,0
"iteration_3","SCOPE_DATA_COLLECTION",300,0,70.0,130.0,0,1316,1321,382,0,0,0,1309,1295,364,1,2,1,7.633587786259542E-4,0.0015420200462606013,0.0027397260273972603,0.34884577353430085,0.9953359706107467,1.9089156753466248,0.6976915470686017,0.9953359706107467,1.272610450231083,0.05042016806722689,0.7467181467181467,0.9038461538461539,100.0,100.0,2751,153,115,4,0,0,0.0014540167211922936,0.0,0.0,0.6,0.5,0.7,0.4,85.0,80.0,90.0,0.55,0.1,0.5,0.6000000000000001,65.0,50.0,35.0,1500,1499,1,1500,6.666666666666666E-4,0.3539418251810661,0.5,0.7078836503621322,56,0.037358238825883926,1.0,1
"iteration_3","SCOPE_DATA_COLLECTION",300,0,70.0,130.0,1,1316,1321,382,0,0,0,1309,1295,364,1,2,1,7.633587786259542E-4,0.0015420200462606013,0.0027397260273972603,0.34884577353430085,0.9953359706107467,1.9089156753466248,0.6976915470686017,0.9953359706107467,1.272610450231083,0.05042016806722689,0.7467181467181467,0.9038461538461539,100.0,100.0,2751,153,115,4,0,0,0.0014540167211922936,0.0,0.0,0.6,0.5,0.7,0.4,85.0,80.0,90.0,0.55,0.1,0.5,0.6000000000000001,65.0,50.0,35.0,1428,1425,3,1428,0.0021008403361344537,0.998451392865047,1.0,0.998451392865047,1053,0.7389473684210527,1.0,1
"iteration_3","SCOPE_DATA_COLLECTION",300,0,70.0,130.0,2,1316,1321,382,0,0,0,1309,1295,364,1,2,1,7.633587786259542E-4,0.0015420200462606013,0.0027397260273972603,0.34884577353430085,0.9953359706107467,1.9089156753466248,0.6976915470686017,0.9953359706107467,1.272610450231083,0.05042016806722689,0.7467181467181467,0.9038461538461539,100.0,100.0,2751,153,115,4,0,0,0.0014540167211922936,0.0,0.0,0.6,0.5,0.7,0.4,85.0,80.0,90.0,0.55,0.1,0.5,0.6000000000000001,65.0,50.0,35.0,434,434,0,434,0.0,1.941115205022382,1.5,1.2940768033482548,400,0.9216589861751152,1.0,1
"iteration_3","SCOPE_DATA_COLLECTION",300,1,130.0,190.0,0,1500,1428,434,1316,1321,382,1494,1426,438,1,3,0,6.688963210702341E-4,0.002099370188943317,0.0,0.35350245430260635,0.9977876813244352,1.9335428882343229,0.7070049086052127,0.9977876813244352,1.2890285921562152,0.03748326639892905,0.7391304347826086,0.9178082191780822,92.5,100.0,3107,142,113,4,0,0,0.001287415513356936,0.0,0.0,0.55,0.1,0.5,0.6000000000000001,65.0,50.0,35.0,0.55,0.1,0.4,0.5,65.0,60.0,25.0,1370,1368,2,1370,0.00145985401459854,0.35882768706023377,0.5,0.7176553741204675,75,0.05482456140350877,1.0,1
"iteration_3","SCOPE_DATA_COLLECTION",300,1,130.0,190.0,1,1500,1428,434,1316,1321,382,1494,1426,438,1,3,0,6.688963210702341E-4,0.002099370188943317,0.0,0.35350245430260635,0.9977876813244352,1.9335428882343229,0.7070049086052127,0.9977876813244352,1.2890285921562152,0.03748326639892905,0.7391304347826086,0.9178082191780822,92.5,100.0,3107,142,113,4,0,0,0.001287415513356936,0.0,0.0,0.55,0.1,0.5,0.6000000000000001,65.0,50.0,35.0,0.55,0.1,0.4,0.5,65.0,60.0,25.0,1408,1406,2,1408,0.0014204545454545455,1.0180228069707389,1.0,1.0180228069707389,1075,0.7645803698435277,1.0,1
"iteration_3","SCOPE_DATA_COLLECTION",300,1,130.0,190.0,2,1500,1428,434,1316,1321,382,1494,1426,438,1,3,0,6.688963210702341E-4,0.002099370188943317,0.0,0.35350245430260635,0.9977876813244352,1.9335428882343229,0.7070049086052127,0.9977876813244352,1.2890285921562152,0.03748326639892905,0.7391304347826086,0.9178082191780822,92.5,100.0,3107,142,113,4,0,0,0.001287415513356936,0.0,0.0,0.55,0.1,0.5,0.6000000000000001,65.0,50.0,35.0,0.55,0.1,0.4,0.5,65.0,60.0,25.0,467,465,2,467,0.004282655246252677,1.9660017411166513,1.5,1.3106678274111008,439,0.9440860215053763,1.0,1
"iteration_3","SCOPE_DATA_COLLECTION",300,2,190.0,250.0,0,1370,1408,467,1500,1428,434,1373,1405,461,2,2,2,0.0014545454545454545,0.0014214641080312722,0.004319654427645789,0.35902264148125745,1.017911547749899,1.9672353743436375,0.7180452829625149,1.017911547749899,1.311490249562425,0.05462490895848507,0.7637010676156584,0.9436008676789588,97.5,100.0,3034,126,85,6,0,0,0.001977587343441002,0.0,0.0,0.55,0.1,0.4,0.5,65.0,60.0,25.0,0.9500000000000001,0.30000000000000004,0.8,0.9,35.0,40.0,80.0,1442,1441,1,1442,6.934812760055479E-4,0.35148482609065135,0.5,0.7029696521813027,56,0.0388619014573213,1.0,1
"iteration_3","SCOPE_DATA_COLLECTION",300,2,190.0,250.0,1,1370,1408,467,1500,1428,434,1373,1405,461,2,2,2,0.0014545454545454545,0.0014214641080312722,0.004319654427645789,0.35902264148125745,1.017911547749899,1.9672353743436375,0.7180452829625149,1.017911547749899,1.311490249562425,0.05462490895848507,0.7637010676156584,0.9436008676789588,97.5,100.0,3034,126,85,6,0,0,0.001977587343441002,0.0,0.0,0.55,0.1,0.4,0.5,65.0,60.0,25.0,0.9500000000000001,0.30000000000000004,0.8,0.9,35.0,40.0,80.0,1351,1350,1,1351,7.401924500370096E-4,1.0281239942948215,1.0,1.0281239942948215,1027,0.7607407407407407,1.0,1
"iteration_3","SCOPE_DATA_COLLECTION",300,2,190.0,250.0,2,1370,1408,467,1500,1428,434,1373,1405,461,2,2,2,0.0014545454545454545,0.0014214641080312722,0.004319654427645789,0.35902264148125745,1.017911547749899,1.9672353743436375,0.7180452829625149,1.017911547749899,1.311490249562425,0.05462490895848507,0.7637010676156584,0.9436008676789588,97.5,100.0,3034,126,85,6,0,0,0.001977587343441002,0.0,0.0,0.55,0.1,0.4,0.5,65.0,60.0,25.0,0.9500000000000001,0.30000000000000004,0.8,0.9,35.0,40.0,80.0,438,437,1,438,0.00228310502283105,1.9552008284638371,1.5,1.3034672189758914,403,0.9221967963386728,1.0,1
"iteration_3","SCOPE_DATA_COLLECTION",300,3,250.0,310.0,0,1442,1351,438,1370,1408,467,1440,1353,441,1,1,1,6.939625260235947E-4,7.385524372230429E-4,0.0022624434389140274,0.35155130477626734,1.0284770319575487,1.9543775428508379,0.7031026095525347,1.0284770319575487,1.3029183619005587,0.03888888888888889,0.762010347376201,0.9229024943310657,90.0,100.0,2994,224,13,3,0,0,0.001002004008016032,0.0,0.0,0.9500000000000001,0.30000000000000004,0.8,0.9,35.0,40.0,80.0,0.9500000000000001,0.4,0.8,0.9,45.0,40.0,80.0,1413,1413,0,1413,0.0,0.3504364052239206,0.5,0.7008728104478412,63,0.044585987261146494,1.0,1
"iteration_3","SCOPE_DATA_COLLECTION",300,3,250.0,310.0,1,1442,1351,438,1370,1408,467,1440,1353,441,1,1,1,6.939625260235947E-4,7.385524372230429E-4,0.0022624434389140274,0.35155130477626734,1.0284770319575487,1.9543775428508379,0.7031026095525347,1.0284770319575487,1.3029183619005587,0.03888888888888889,0.762010347376201,0.9229024943310657,90.0,100.0,2994,224,13,3,0,0,0.001002004008016032,0.0,0.0,0.9500000000000001,0.30000000000000004,0.8,0.9,35.0,40.0,80.0,0.9500000000000001,0.4,0.8,0.9,45.0,40.0,80.0,1441,1439,2,1441,0.0013879250520471894,0.989942299879181,1.0,0.989942299879181,1092,0.7588603196664351,1.0,1
"iteration_3","SCOPE_DATA_COLLECTION",300,3,250.0,310.0,2,1442,1351,438,1370,1408,467,1440,1353,441,1,1,1,6.939625260235947E-4,7.385524372230429E-4,0.0022624434389140274,0.35155130477626734,1.0284770319575487,1.9543775428508379,0.7031026095525347,1.0284770319575487,1.3029183619005587,0.03888888888888889,0.762010347376201,0.9229024943310657,90.0,100.0,2994,224,13,3,0,0,0.001002004008016032,0.0,0.0,0.9500000000000001,0.30000000000000004,0.8,0.9,35.0,40.0,80.0,0.9500000000000001,0.4,0.8,0.9,45.0,40.0,80.0,464,463,1,464,0.0021551724137931034,1.9209837636878486,1.5,1.2806558424585657,418,0.9028077753779697,1.0,1
"iteration_3","SCOPE_DATA_COLLECTION",300,4,310.0,370.0,0,1413,1441,464,1442,1351,438,1414,1439,465,0,2,1,0.0,0.0013879250520471894,0.002145922746781116,0.35052441535281004,0.9897802847040471,1.9212019243912857,0.7010488307056201,0.9897802847040471,1.2808012829275237,0.04455445544554455,0.7574704656011119,0.9032258064516129,80.0,100.0,2983,317,18,2,1,0,6.704659738518271E-4,0.0031545741324921135,0.0,0.9500000000000001,0.4,0.8,0.9,45.0,40.0,80.0,0.9500000000000001,0.30000000000000004,0.8,0.9,55.0,50.0,90.0,1433,1431,2,1433,0.0013956734124214933,0.34868733695123727,0.5,0.6973746739024745,58,0.04053109713487072,1.0,1
"iteration_3","SCOPE_DATA_COLLECTION",300,4,310.0,370.0,1,1413,1441,464,1442,1351,438,1414,1439,465,0,2,1,0.0,0.0013879250520471894,0.002145922746781116,0.35052441535281004,0.9897802847040471,1.9212019243912857,0.7010488307056201,0.9897802847040471,1.2808012829275237,0.04455445544554455,0.7574704656011119,0.9032258064516129,80.0,100.0,2983,317,18,2,1,0,6.704659738518271E-4,0.0031545741324921135,0.0,0.9500000000000001,0.4,0.8,0.9,45.0,40.0,80.0,0.9500000000000001,0.30000000000000004,0.8,0.9,55.0,50.0,90.0,1400,1400,0,1400,0.0,1.0195748725711191,1.0,1.0195748725711191,1070,0.7642857142857142,1.0,1
"iteration_3","SCOPE_DATA_COLLECTION",300,4,310.0,370.0,2,1413,1441,464,1442,1351,438,1414,1439,465,0,2,1,0.0,0.0013879250520471894,0.002145922746781116,0.35052441535281004,0.9897802847040471,1.9212019243912857,0.7010488307056201,0.9897802847040471,1.2808012829275237,0.04455445544554455,0.7574704656011119,0.9032258064516129,80.0,100.0,2983,317,18,2,1,0,6.704659738518271E-4,0.0031545741324921135,0.0,0.9500000000000001,0.4,0.8,0.9,45.0,40.0,80.0,0.9500000000000001,0.30000000000000004,0.8,0.9,55.0,50.0,90.0,446,443,3,446,0.006726457399103139,1.9905413125357403,1.5,1.3270275416904935,421,0.9503386004514672,1.0,1
"iteration_3","SCOPE_DATA_COLLECTION",300,5,370.0,430.0,0,1433,1400,446,1413,1441,464,1432,1389,438,2,0,3,0.001394700139470014,0.0,0.006802721088435374,0.34841936205838087,1.0170574905996885,1.9890389319877388,0.6968387241167617,1.0170574905996885,1.3260259546584925,0.039804469273743016,0.7645788336933045,0.9497716894977168,95.0,100.0,3023,246,10,5,0,0,0.0016539861065167053,0.0,0.0,0.9500000000000001,0.30000000000000004,0.8,0.9,55.0,50.0,90.0,0.9500000000000001,0.2,0.8,0.9,45.0,60.0,80.0,1377,1377,0,1377,0.0,0.35681251202496056,0.5,0.7136250240499211,69,0.05010893246187364,1.0,1
"iteration_3","SCOPE_DATA_COLLECTION",300,5,370.0,430.0,1,1433,1400,446,1413,1441,464,1432,1389,438,2,0,3,0.001394700139470014,0.0,0.006802721088435374,0.34841936205838087,1.0170574905996885,1.9890389319877388,0.6968387241167617,1.0170574905996885,1.3260259546584925,0.039804469273743016,0.7645788336933045,0.9497716894977168,95.0,100.0,3023,246,10,5,0,0,0.0016539861065167053,0.0,0.0,0.9500000000000001,0.30000000000000004,0.8,0.9,55.0,50.0,90.0,0.9500000000000001,0.2,0.8,0.9,45.0,60.0,80.0,1454,1454,0,1454,0.0,1.0263431399041911,1.0,1.0263431399041911,1100,0.7565337001375516,1.0,1
"iteration_3","SCOPE_DATA_COLLECTION",300,5,370.0,430.0,2,1433,1400,446,1413,1441,464,1432,1389,438,2,0,3,0.001394700139470014,0.0,0.006802721088435374,0.34841936205838087,1.0170574905996885,1.9890389319877388,0.6968387241167617,1.0170574905996885,1.3260259546584925,0.039804469273743016,0.7645788336933045,0.9497716894977168,95.0,100.0,3023,246,10,5,0,0,0.0016539861065167053,0.0,0.0,0.9500000000000001,0.30000000000000004,0.8,0.9,55.0,50.0,90.0,0.9500000000000001,0.2,0.8,0.9,45.0,60.0,80.0,430,429,1,430,0.002325581395348837,1.900175173473918,1.5,1.266783448982612,384,0.8951048951048951,1.0,1
"iteration_3","SCOPE_DATA_COLLECTION",300,6,430.0,490.0,0,1377,1454,430,1433,1400,446,1373,1448,434,0,0,1,0.0,0.0,0.0022988505747126436,0.35679986632480504,1.0275862315134063,1.905913865847488,0.7135997326496101,1.0275862315134063,1.2706092438983252,0.050254916241806266,0.7596685082872928,0.8986175115207373,97.5,100.0,2998,250,13,0,1,0,0.0,0.004,0.0,0.9500000000000001,0.2,0.8,0.9,45.0,60.0,80.0,0.9500000000000001,0.2,0.8,0.9,45.0,60.0,80.0,1451,1451,0,1451,0.0,0.3505588687843768,0.5,0.7011177375687536,66,0.04548587181254307,1.0,1
"iteration_3","SCOPE_DATA_COLLECTION",300,6,430.0,490.0,1,1377,1454,430,1433,1400,446,1373,1448,434,0,0,1,0.0,0.0,0.0022988505747126436,0.35679986632480504,1.0275862315134063,1.905913865847488,0.7135997326496101,1.0275862315134063,1.2706092438983252,0.050254916241806266,0.7596685082872928,0.8986175115207373,97.5,100.0,2998,250,13,0,1,0,0.0,0.004,0.0,0.9500000000000001,0.2,0.8,0.9,45.0,60.0,80.0,0.9500000000000001,0.2,0.8,0.9,45.0,60.0,80.0,1493,1489,4,1493,0.0026791694574681848,0.9964392919626678,1.0,0.9964392919626678,1090,0.7320349227669577,1.0,1
"iteration_3","SCOPE_DATA_COLLECTION",300,6,430.0,490.0,2,1377,1454,430,1433,1400,446,1373,1448,434,0,0,1,0.0,0.0,0.0022988505747126436,0.35679986632480504,1.0275862315134063,1.905913865847488,0.7135997326496101,1.0275862315134063,1.2706092438983252,0.050254916241806266,0.7596685082872928,0.8986175115207373,97.5,100.0,2998,250,13,0,1,0,0.0,0.004,0.0,0.9500000000000001,0.2,0.8,0.9,45.0,60.0,80.0,0.9500000000000001,0.2,0.8,0.9,45.0,60.0,80.0,449,449,0,449,0.0,1.908934384158616,1.5,1.2726229227724106,400,0.89086859688196,1.0,1
"iteration_3","SCOPE_DATA_COLLECTION",300,7,490.0,550.0,0,1451,1493,449,1377,1454,430,1455,1488,444,0,4,0,0.0,0.002680965147453083,0.0,0.35051555961711545,0.9944484956245168,1.8991520003762554,0.7010311192342309,0.9944484956245168,1.2661013335841702,0.04536082474226804,0.7291666666666666,0.8873873873873874,92.5,100.0,3036,334,23,4,0,0,0.0013175230566534915,0.0,0.0,0.9500000000000001,0.2,0.8,0.9,45.0,60.0,80.0,0.9500000000000001,0.1,0.9,0.9,55.0,70.0,90.0,1366,1365,1,1366,7.320644216691069E-4,0.35789653269874316,0.5,0.7157930653974863,60,0.04395604395604396,1.0,1
"iteration_3","SCOPE_DATA_COLLECTION",300,7,490.0,550.0,1,1451,1493,449,1377,1454,430,1455,1488,444,0,4,0,0.0,0.002680965147453083,0.0,0.35051555961711545,0.9944484956245168,1.8991520003762554,0.7010311192342309,0.9944484956245168,1.2661013335841702,0.04536082474226804,0.7291666666666666,0.8873873873873874,92.5,100.0,3036,334,23,4,0,0,0.0013175230566534915,0.0,0.0,0.9500000000000001,0.2,0.8,0.9,45.0,60.0,80.0,0.9500000000000001,0.1,0.9,0.9,55.0,70.0,90.0,1446,1442,4,1446,0.0027662517289073307,1.0202866064295275,1.0,1.0202866064295275,1099,0.7621359223300971,1.0,1
"iteration_3","SCOPE_DATA_COLLECTION",300,7,490.0,550.0,2,1451,1493,449,1377,1454,430,1455,1488,444,0,4,0,0.0,0.002680965147453083,0.0,0.35051555961711545,0.9944484956245168,1.8991520003762554,0.7010311192342309,0.9944484956245168,1.2661013335841702,0.04536082474226804,0.7291666666666666,0.8873873873873874,92.5,100.0,3036,334,23,4,0,0,0.0013175230566534915,0.0,0.0,0.9500000000000001,0.2,0.8,0.9,45.0,60.0,80.0,0.9500000000000001,0.1,0.9,0.9,55.0,70.0,90.0,428,427,1,428,0.002336448598130841,1.946184887779369,1.5,1.2974565918529126,396,0.927400468384075,1.0,1
"iteration_3","SCOPE_DATA_COLLECTION",300,8,550.0,610.0,0,1366,1446,428,1451,1493,449,1363,1449,423,1,4,1,7.331378299120235E-4,0.0027529249827942187,0.0023584905660377358,0.3578586788703594,1.025472744267032,1.9545280042587398,0.7157173577407188,1.025472744267032,1.3030186695058266,0.04402054292002935,0.7625948930296756,0.9290780141843972,97.5,100.0,3007,219,14,5,1,0,0.0016627868307283007,0.0045662100456621,0.0,0.9500000000000001,0.1,0.9,0.9,55.0,70.0,90.0,0.55,0.5,0.7000000000000001,0.30000000000000004,85.0,75.0,25.0,1374,1373,1,1374,7.27802037845706E-4,0.34486143826507404,0.5,0.6897228765301481,51,0.037144938091769844,1.0,1
"iteration_3","SCOPE_DATA_COLLECTION",300,8,550.0,610.0,1,1366,1446,428,1451,1493,449,1363,1449,423,1,4,1,7.331378299120235E-4,0.0027529249827942187,0.0023584905660377358,0.3578586788703594,1.025472744267032,1.9545280042587398,0.7157173577407188,1.025472744267032,1.3030186695058266,0.04402054292002935,0.7625948930296756,0.9290780141843972,97.5,100.0,3007,219,14,5,1,0,0.0016627868307283007,0.0045662100456621,0.0,0.9500000000000001,0.1,0.9,0.9,55.0,70.0,90.0,0.55,0.5,0.7000000000000001,0.30000000000000004,85.0,75.0,25.0,1367,1365,2,1367,0.001463057790782736,1.0067541438611183,1.0,1.0067541438611183,1017,0.7450549450549451,1.0,1
"iteration_3","SCOPE_DATA_COLLECTION",300,8,550.0,610.0,2,1366,1446,428,1451,1493,449,1363,1449,423,1,4,1,7.331378299120235E-4,0.0027529249827942187,0.0023584905660377358,0.3578586788703594,1.025472744267032,1.9545280042587398,0.7157173577407188,1.025472744267032,1.3030186695058266,0.04402054292002935,0.7625948930296756,0.9290780141843972,97.5,100.0,3007,219,14,5,1,0,0.0016627868307283007,0.0045662100456621,0.0,0.9500000000000001,0.1,0.9,0.9,55.0,70.0,90.0,0.55,0.5,0.7000000000000001,0.30000000000000004,85.0,75.0,25.0,439,439,0,439,0.0,1.9206810023952348,1.5,1.280454001596823,399,0.908883826879271,1.0,1
"iteration_3","SCOPE_DATA_COLLECTION",300,9,610.0,670.0,0,1374,1367,439,1366,1446,428,1375,1377,443,1,2,0,7.267441860465116E-4,0.0014503263234227702,0.0,0.3450197303057434,1.005322875489592,1.9155356200913787,0.6900394606114868,1.005322875489592,1.2770237467275858,0.03709090909090909,0.7480029048656499,0.90744920993228,82.5,100.0,2896,137,147,3,0,0,0.0010359116022099447,0.0,0.0,0.55,0.5,0.7000000000000001,0.30000000000000004,85.0,75.0,25.0,0.45,0.5,0.6000000000000001,0.30000000000000004,85.0,65.0,35.0,1405,1404,1,1405,7.117437722419929E-4,0.34560519740030415,0.5,0.6912103948006083,50,0.03561253561253561,1.0,1
"iteration_3","SCOPE_DATA_COLLECTION",300,9,610.0,670.0,1,1374,1367,439,1366,1446,428,1375,1377,443,1,2,0,7.267441860465116E-4,0.0014503263234227702,0.0,0.3450197303057434,1.005322875489592,1.9155356200913787,0.6900394606114868,1.005322875489592,1.2770237467275858,0.03709090909090909,0.7480029048656499,0.90744920993228,82.5,100.0,2896,137,147,3,0,0,0.0010359116022099447,0.0,0.0,0.55,0.5,0.7000000000000001,0.30000000000000004,85.0,75.0,25.0,0.45,0.5,0.6000000000000001,0.30000000000000004,85.0,65.0,35.0,1415,1412,3,1415,0.0021201413427561835,1.0064616001258428,1.0,1.0064616001258428,1036,0.7337110481586402,1.0,1
"iteration_3","SCOPE_DATA_COLLECTION",300,9,610.0,670.0,2,1374,1367,439,1366,1446,428,1375,1377,443,1,2,0,7.267441860465116E-4,0.0014503263234227702,0.0,0.3450197303057434,1.005322875489592,1.9155356200913787,0.6900394606114868,1.005322875489592,1.2770237467275858,0.03709090909090909,0.7480029048656499,0.90744920993228,82.5,100.0,2896,137,147,3,0,0,0.0010359116022099447,0.0,0.0,0.55,0.5,0.7000000000000001,0.30000000000000004,85.0,75.0,25.0,0.45,0.5,0.6000000000000001,0.30000000000000004,85.0,65.0,35.0,430,429,1,430,0.002325581395348837,1.9442602638926403,1.5,1.2961735092617601,398,0.9277389277389277,1.0,1
"iteration_3","SCOPE_DATA_COLLECTION",300,10,670.0,730.0,0,1405,1415,430,1374,1367,439,1404,1414,431,1,3,1,7.117437722419929E-4,0.002117148906139732,0.0023148148148148147,0.3457380391604937,1.0059745290054813,1.947970006329301,0.6914760783209875,1.0059745290054813,1.2986466708862008,0.03632478632478633,0.7305516265912305,0.9280742459396751,82.5,100.0,2974,129,147,5,0,0,0.0016812373907195697,0.0,0.0,0.45,0.5,0.6000000000000001,0.30000000000000004,85.0,65.0,35.0,0.5,0.30000000000000004,0.9,0.2,20.0,80.0,35.0,1345,1340,5,1345,0.0037174721189591076,0.34750783034971355,0.5,0.6950156606994271,52,0.03880597014925373,1.0,1
"iteration_3","SCOPE_DATA_COLLECTION",300,10,670.0,730.0,1,1405,1415,430,1374,1367,439,1404,1414,431,1,3,1,7.117437722419929E-4,0.002117148906139732,0.0023148148148148147,0.3457380391604937,1.0059745290054813,1.947970006329301,0.6914760783209875,1.0059745290054813,1.2986466708862008,0.03632478632478633,0.7305516265912305,0.9280742459396751,82.5,100.0,2974,129,147,5,0,0,0.0016812373907195697,0.0,0.0,0.45,0.5,0.6000000000000001,0.30000000000000004,85.0,65.0,35.0,0.5,0.30000000000000004,0.9,0.2,20.0,80.0,35.0,1457,1456,1,1457,6.863417982155113E-4,0.9816841456371779,1.0,0.9816841456371779,1048,0.7197802197802198,1.0,1
"iteration_3","SCOPE_DATA_COLLECTION",300,10,670.0,730.0,2,1405,1415,430,1374,1367,439,1404,1414,431,1,3,1,7.117437722419929E-4,0.002117148906139732,0.0023148148148148147,0.3457380391604937,1.0059745290054813,1.947970006329301,0.6914760783209875,1.0059745290054813,1.2986466708862008,0.03632478632478633,0.7305516265912305,0.9280742459396751,82.5,100.0,2974,129,147,5,0,0,0.0016812373907195697,0.0,0.0,0.45,0.5,0.6000000000000001,0.30000000000000004,85.0,65.0,35.0,0.5,0.30000000000000004,0.9,0.2,20.0,80.0,35.0,487,487,0,487,0.0,1.8988505610199895,1.5,1.2659003740133263,438,0.8993839835728953,1.0,1
"iteration_3","SCOPE_DATA_COLLECTION",300,11,730.0,790.0,0,1345,1457,487,1405,1415,430,1336,1452,489,5,1,0,0.0037285607755406414,6.882312456985547E-4,0.0,0.3474365509168497,0.9796604765661585,1.897452921303656,0.6948731018336994,0.9796604765661585,1.2649686142024372,0.03817365269461078,0.7196969696969697,0.8997955010224948,80.0,100.0,2941,179,169,5,1,0,0.0017001020061203672,0.00558659217877095,0.0,0.5,0.30000000000000004,0.9,0.2,20.0,80.0,35.0,0.5,0.4,0.9,0.1,20.0,80.0,35.0,1426,1424,2,1426,0.001402524544179523,0.34225874066257694,0.5,0.6845174813251539,49,0.03441011235955056,1.0,1
"iteration_3","SCOPE_DATA_COLLECTION",300,11,730.0,790.0,1,1345,1457,487,1405,1415,430,1336,1452,489,5,1,0,0.0037285607755406414,6.882312456985547E-4,0.0,0.3474365509168497,0.9796604765661585,1.897452921303656,0.6948731018336994,0.9796604765661585,1.2649686142024372,0.03817365269461078,0.7196969696969697,0.8997955010224948,80.0,100.0,2941,179,169,5,1,0,0.0017001020061203672,0.00558659217877095,0.0,0.5,0.30000000000000004,0.9,0.2,20.0,80.0,35.0,0.5,0.4,0.9,0.1,20.0,80.0,35.0,1373,1372,1,1373,7.283321194464676E-4,0.9834059169695357,1.0,0.9834059169695357,973,0.7091836734693877,1.0,1
"iteration_3","SCOPE_DATA_COLLECTION",300,11,730.0,790.0,2,1345,1457,487,1405,1415,430,1336,1452,489,5,1,0,0.0037285607755406414,6.882312456985547E-4,0.0,0.3474365509168497,0.9796604765661585,1.897452921303656,0.6948731018336994,0.9796604765661585,1.2649686142024372,0.03817365269461078,0.7196969696969697,0.8997955010224948,80.0,100.0,2941,179,169,5,1,0,0.0017001020061203672,0.00558659217877095,0.0,0.5,0.30000000000000004,0.9,0.2,20.0,80.0,35.0,0.5,0.4,0.9,0.1,20.0,80.0,35.0,457,457,0,457,0.0,1.8923981468292677,1.5,1.261598764552845,413,0.9037199124726477,1.0,1
"iteration_3","SCOPE_DATA_COLLECTION",300,12,790.0,850.0,0,1426,1373,457,1345,1457,487,1422,1370,452,2,1,0,0.0014044943820224719,7.293946024799417E-4,0.0,0.3421878163770247,0.986842966162874,1.89638952345137,0.6843756327540494,0.986842966162874,1.2642596823009133,0.035161744022503515,0.7124087591240876,0.9048672566371682,97.5,100.0,2926,178,152,3,0,0,0.0010252904989747095,0.0,0.0,0.5,0.4,0.9,0.1,20.0,80.0,35.0,0.6000000000000001,0.4,0.9,0.2,20.0,90.0,45.0,1401,1398,3,1401,0.0021413276231263384,0.35168828641858957,0.5,0.7033765728371791,67,0.04792560801144492,1.0,1
"iteration_3","SCOPE_DATA_COLLECTION",300,12,790.0,850.0,1,1426,1373,457,1345,1457,487,1422,1370,452,2,1,0,0.0014044943820224719,7.293946024799417E-4,0.0,0.3421878163770247,0.986842966162874,1.89638952345137,0.6843756327540494,0.986842966162874,1.2642596823009133,0.035161744022503515,0.7124087591240876,0.9048672566371682,97.5,100.0,2926,178,152,3,0,0,0.0010252904989747095,0.0,0.0,0.5,0.4,0.9,0.1,20.0,80.0,35.0,0.6000000000000001,0.4,0.9,0.2,20.0,90.0,45.0,1367,1367,0,1367,0.0,1.018748629888902,1.0,1.018748629888902,1055,0.7717629846378932,1.0,1
"iteration_3","SCOPE_DATA_COLLECTION",300,12,790.0,850.0,2,1426,1373,457,1345,1457,487,1422,1370,452,2,1,0,0.0014044943820224719,7.293946024799417E-4,0.0,0.3421878163770247,0.986842966162874,1.89638952345137,0.6843756327540494,0.986842966162874,1.2642596823009133,0.035161744022503515,0.7124087591240876,0.9048672566371682,97.5,100.0,2926,178,152,3,0,0,0.0010252904989747095,0.0,0.0,0.5,0.4,0.9,0.1,20.0,80.0,35.0,0.6000000000000001,0.4,0.9,0.2,20.0,90.0,45.0,457,457,0,457,0.0,1.9144032242508577,1.5,1.2762688161672384,414,0.9059080962800875,1.0,1
"iteration_3","SCOPE_DATA_COLLECTION",300,13,850.0,910.0,0,1401,1367,457,1426,1373,457,1401,1372,456,3,0,0,0.002136752136752137,0.0,0.0,0.3516320360949382,1.0173554630856254,1.9077009756010168,0.7032640721898764,1.0173554630856254,1.2718006504006778,0.047109207708779445,0.7674927113702624,0.9035087719298246,85.0,100.0,2955,160,110,3,0,0,0.0010152284263959391,0.0,0.0,0.6000000000000001,0.4,0.9,0.2,20.0,90.0,45.0,0.9500000000000001,0.8,0.1,0.1,50.0,20.0,55.0,1433,1431,2,1433,0.0013956734124214933,0.35610354654488785,0.5,0.7122070930897757,32,0.02236198462613557,1.0,1
"iteration_3","SCOPE_DATA_COLLECTION",300,13,850.0,910.0,1,1401,1367,457,1426,1373,457,1401,1372,456,3,0,0,0.002136752136752137,0.0,0.0,0.3516320360949382,1.0173554630856254,1.9077009756010168,0.7032640721898764,1.0173554630856254,1.2718006504006778,0.047109207708779445,0.7674927113702624,0.9035087719298246,85.0,100.0,2955,160,110,3,0,0,0.0010152284263959391,0.0,0.0,0.6000000000000001,0.4,0.9,0.2,20.0,90.0,45.0,0.9500000000000001,0.8,0.1,0.1,50.0,20.0,55.0,1329,1329,0,1329,0.0,1.0352333826585063,1.0,1.0352333826585063,1042,0.7840481565086531,1.0,1
"iteration_3","SCOPE_DATA_COLLECTION",300,13,850.0,910.0,2,1401,1367,457,1426,1373,457,1401,1372,456,3,0,0,0.002136752136752137,0.0,0.0,0.3516320360949382,1.0173554630856254,1.9077009756010168,0.7032640721898764,1.0173554630856254,1.2718006504006778,0.047109207708779445,0.7674927113702624,0.9035087719298246,85.0,100.0,2955,160,110,3,0,0,0.0010152284263959391,0.0,0.0,0.6000000000000001,0.4,0.9,0.2,20.0,90.0,45.0,0.9500000000000001,0.8,0.1,0.1,50.0,20.0,55.0,442,441,1,442,0.0022624434389140274,1.9626879372653652,1.5,1.3084586248435768,414,0.9387755102040817,1.0,1
"iteration_3","SCOPE_DATA_COLLECTION",300,14,910.0,970.0,0,1433,1329,442,1401,1367,457,1432,1324,444,2,0,1,0.001394700139470014,0.0,0.0022471910112359553,0.3563420929018631,1.034822247581335,1.9656860802063654,0.7126841858037262,1.034822247581335,1.3104573868042435,0.023044692737430168,0.7862537764350453,0.9391891891891891,95.0,100.0,3049,142,13,3,0,0,9.839291571006887E-4,0.0,0.0,0.9500000000000001,0.8,0.1,0.1,50.0,20.0,55.0,0.9500000000000001,0.9,0.2,0.1,50.0,30.0,55.0,1406,1406,0,1406,0.0,0.35396147573940984,0.5,0.7079229514788197,61,0.04338549075391181,1.0,1
"iteration_3","SCOPE_DATA_COLLECTION",300,14,910.0,970.0,1,1433,1329,442,1401,1367,457,1432,1324,444,2,0,1,0.001394700139470014,0.0,0.0022471910112359553,0.3563420929018631,1.034822247581335,1.9656860802063654,0.7126841858037262,1.034822247581335,1.3104573868042435,0.023044692737430168,0.7862537764350453,0.9391891891891891,95.0,100.0,3049,142,13,3,0,0,9.839291571006887E-4,0.0,0.0,0.9500000000000001,0.8,0.1,0.1,50.0,20.0,55.0,0.9500000000000001,0.9,0.2,0.1,50.0,30.0,55.0,1404,1402,2,1404,0.0014245014245014246,0.9992312822512046,1.0,0.9992312822512046,1064,0.7589158345221113,1.0,1
"iteration_3","SCOPE_DATA_COLLECTION",300,14,910.0,970.0,2,1433,1329,442,1401,1367,457,1432,1324,444,2,0,1,0.001394700139470014,0.0,0.0022471910112359553,0.3563420929018631,1.034822247581335,1.9656860802063654,0.7126841858037262,1.034822247581335,1.3104573868042435,0.023044692737430168,0.7862537764350453,0.9391891891891891,95.0,100.0,3049,142,13,3,0,0,9.839291571006887E-4,0.0,0.0,0.9500000000000001,0.8,0.1,0.1,50.0,20.0,55.0,0.9500000000000001,0.9,0.2,0.1,50.0,30.0,55.0,455,455,0,455,0.0,1.961682459935473,1.5,1.3077883066236486,427,0.9384615384615385,1.0,1
"iteration_3","SCOPE_DATA_COLLECTION",300,15,970.0,1030.0,0,1406,1404,455,1433,1329,442,1404,1402,454,0,2,0,0.0,0.0014245014245014246,0.0,0.35382468311918797,0.9996514090325551,1.9601703553413552,0.7076493662383759,0.9996514090325551,1.3067802368942367,0.04344729344729345,0.7574893009985735,0.9383259911894273,87.5,100.0,2998,253,14,2,0,0,6.6711140760507E-4,0.0,0.0,0.9500000000000001,0.9,0.2,0.1,50.0,30.0,55.0,0.8500000000000001,0.8,0.2,0.2,50.0,40.0,65.0,1354,1354,0,1354,0.0,0.35098889844100034,0.5,0.7019777968820007,59,0.04357459379615953,1.0,1
"iteration_3","SCOPE_DATA_COLLECTION",300,15,970.0,1030.0,1,1406,1404,455,1433,1329,442,1404,1402,454,0,2,0,0.0,0.0014245014245014246,0.0,0.35382468311918797,0.9996514090325551,1.9601703553413552,0.7076493662383759,0.9996514090325551,1.3067802368942367,0.04344729344729345,0.7574893009985735,0.9383259911894273,87.5,100.0,2998,253,14,2,0,0,6.6711140760507E-4,0.0,0.0,0.9500000000000001,0.9,0.2,0.1,50.0,30.0,55.0,0.8500000000000001,0.8,0.2,0.2,50.0,40.0,65.0,1423,1420,3,1423,0.0021082220660576245,1.0067372498109268,1.0,1.0067372498109268,1065,0.75,1.0,1
"iteration_3","SCOPE_DATA_COLLECTION",300,15,970.0,1030.0,2,1406,1404,455,1433,1329,442,1404,1402,454,0,2,0,0.0,0.0014245014245014246,0.0,0.35382468311918797,0.9996514090325551,1.9601703553413552,0.7076493662383759,0.9996514090325551,1.3067802368942367,0.04344729344729345,0.7574893009985735,0.9383259911894273,87.5,100.0,2998,253,14,2,0,0,6.6711140760507E-4,0.0,0.0,0.9500000000000001,0.9,0.2,0.1,50.0,30.0,55.0,0.8500000000000001,0.8,0.2,0.2,50.0,40.0,65.0,452,452,0,452,0.0,1.902950237298502,1.5,1.2686334915323347,408,0.9026548672566371,1.0,1
"iteration_3","SCOPE_DATA_COLLECTION",300,16,1030.0,1090.0,0,1354,1423,452,1406,1404,455,1355,1415,452,0,3,0,0.0,0.0021156558533145277,0.0,0.35039699873601493,1.0055033444657944,1.9030699455597662,0.7007939974720299,1.0055033444657944,1.268713297039844,0.041328413284132844,0.7512367491166078,0.9026548672566371,90.0,100.0,2946,244,39,2,1,0,6.788866259334691E-4,0.004098360655737705,0.0,0.8500000000000001,0.8,0.2,0.2,50.0,40.0,65.0,0.7000000000000001,0.4,0.30000000000000004,0.30000000000000004,95.0,40.0,70.0,1383,1383,0,1383,0.0,0.35880462272921027,0.5,0.7176092454584205,72,0.052060737527114966,1.0,1
"iteration_3","SCOPE_DATA_COLLECTION",300,16,1030.0,1090.0,1,1354,1423,452,1406,1404,455,1355,1415,452,0,3,0,0.0,0.0021156558533145277,0.0,0.35039699873601493,1.0055033444657944,1.9030699455597662,0.7007939974720299,1.0055033444657944,1.268713297039844,0.041328413284132844,0.7512367491166078,0.9026548672566371,90.0,100.0,2946,244,39,2,1,0,6.788866259334691E-4,0.004098360655737705,0.0,0.8500000000000001,0.8,0.2,0.2,50.0,40.0,65.0,0.7000000000000001,0.4,0.30000000000000004,0.30000000000000004,95.0,40.0,70.0,1344,1342,2,1344,0.001488095238095238,1.0139365171491683,1.0,1.0139365171491683,999,0.7444113263785395,1.0,1
"iteration_3","SCOPE_DATA_COLLECTION",300,16,1030.0,1090.0,2,1354,1423,452,1406,1404,455,1355,1415,452,0,3,0,0.0,0.0021156558533145277,0.0,0.35039699873601493,1.0055033444657944,1.9030699455597662,0.7007939974720299,1.0055033444657944,1.268713297039844,0.041328413284132844,0.7512367491166078,0.9026548672566371,90.0,100.0,2946,244,39,2,1,0,6.788866259334691E-4,0.004098360655737705,0.0,0.8500000000000001,0.8,0.2,0.2,50.0,40.0,65.0,0.7000000000000001,0.4,0.30000000000000004,0.30000000000000004,95.0,40.0,70.0,473,471,2,473,0.004228329809725159,1.9142340814300527,1.5,1.2761560542867019,425,0.9023354564755839,1.0,1
"iteration_3","SCOPE_DATA_COLLECTION",300,17,1090.0,1150.0,0,1383,1344,473,1354,1423,452,1386,1347,469,0,2,2,0.0,0.0014825796886582653,0.004246284501061571,0.35908516962606335,1.0150039843082879,1.912335851097259,0.7181703392521267,1.0150039843082879,1.2748905673981727,0.05266955266955267,0.7431328878990349,0.9019189765458422,95.0,100.0,2949,175,76,4,0,0,0.0013563919972872161,0.0,0.0,0.7000000000000001,0.4,0.30000000000000004,0.30000000000000004,95.0,40.0,70.0,0.6000000000000001,0.4,0.30000000000000004,0.2,85.0,50.0,80.0,1448,1448,0,1448,0.0,0.35465405310635084,0.5,0.7093081062127017,63,0.04350828729281768,1.0,1
"iteration_3","SCOPE_DATA_COLLECTION",300,17,1090.0,1150.0,1,1383,1344,473,1354,1423,452,1386,1347,469,0,2,2,0.0,0.0014825796886582653,0.004246284501061571,0.35908516962606335,1.0150039843082879,1.912335851097259,0.7181703392521267,1.0150039843082879,1.2748905673981727,0.05266955266955267,0.7431328878990349,0.9019189765458422,95.0,100.0,2949,175,76,4,0,0,0.0013563919972872161,0.0,0.0,0.7000000000000001,0.4,0.30000000000000004,0.30000000000000004,95.0,40.0,70.0,0.6000000000000001,0.4,0.30000000000000004,0.2,85.0,50.0,80.0,1441,1441,0,1441,0.0,1.019063913089577,1.0,1.019063913089577,1103,0.765440666204025,1.0,1
"iteration_3","SCOPE_DATA_COLLECTION",300,17,1090.0,1150.0,2,1383,1344,473,1354,1423,452,1386,1347,469,0,2,2,0.0,0.0014825796886582653,0.004246284501061571,0.35908516962606335,1.0150039843082879,1.912335851097259,0.7181703392521267,1.0150039843082879,1.2748905673981727,0.05266955266955267,0.7431328878990349,0.9019189765458422,95.0,100.0,2949,175,76,4,0,0,0.0013563919972872161,0.0,0.0,0.7000000000000001,0.4,0.30000000000000004,0.30000000000000004,95.0,40.0,70.0,0.6000000000000001,0.4,0.30000000000000004,0.2,85.0,50.0,80.0,404,401,3,404,0.007425742574257425,1.9449726144646093,1.5,1.2966484096430728,372,0.9276807980049875,1.0,1
"iteration_3","SCOPE_DATA_COLLECTION",300,18,1150.0,1210.0,0,1448,1441,404,1383,1344,473,1443,1441,411,0,0,3,0.0,0.0,0.007246376811594203,0.35492085464485296,1.0190809023868321,1.9481257724776238,0.7098417092897059,1.0190809023868321,1.2987505149850824,0.04504504504504504,0.7682165163081194,0.9294403892944039,85.0,100.0,3066,135,92,3,0,0,9.784735812133072E-4,0.0,0.0,0.6000000000000001,0.4,0.30000000000000004,0.2,85.0,50.0,80.0,0.6000000000000001,0.5,0.2,0.30000000000000004,85.0,40.0,80.0,1439,1439,0,1439,0.0,0.3496041696810453,0.5,0.6992083393620906,44,0.030576789437109102,1.0,1
"iteration_3","SCOPE_DATA_COLLECTION",300,18,1150.0,1210.0,1,1448,1441,404,1383,1344,473,1443,1441,411,0,0,3,0.0,0.0,0.007246376811594203,0.35492085464485296,1.0190809023868321,1.9481257724776238,0.7098417092897059,1.0190809023868321,1.2987505149850824,0.04504504504504504,0.7682165163081194,0.9294403892944039,85.0,100.0,3066,135,92,3,0,0,9.784735812133072E-4,0.0,0.0,0.6000000000000001,0.4,0.30000000000000004,0.2,85.0,50.0,80.0,0.6000000000000001,0.5,0.2,0.30000000000000004,85.0,40.0,80.0,1318,1316,2,1318,0.0015174506828528073,0.9981976308591233,1.0,0.9981976308591233,981,0.7454407294832827,1.0,1
"iteration_3","SCOPE_DATA_COLLECTION",300,18,1150.0,1210.0,2,1448,1441,404,1383,1344,473,1443,1441,411,0,0,3,0.0,0.0,0.007246376811594203,0.35492085464485296,1.0190809023868321,1.9481257724776238,0.7098417092897059,1.0190809023868321,1.2987505149850824,0.04504504504504504,0.7682165163081194,0.9294403892944039,85.0,100.0,3066,135,92,3,0,0,9.784735812133072E-4,0.0,0.0,0.6000000000000001,0.4,0.30000000000000004,0.2,85.0,50.0,80.0,0.6000000000000001,0.5,0.2,0.30000000000000004,85.0,40.0,80.0,426,426,0,426,0.0,1.9897170895637049,1.5,1.3264780597091366,404,0.9483568075117371,1.0,1
"iteration_3","SCOPE_DATA_COLLECTION",300,19,1210.0,1270.0,0,1439,1318,426,1448,1441,404,1438,1316,418,0,2,0,0.0,0.0015174506828528073,0.0,0.34966270441963193,0.9989244949228578,1.9900995828574408,0.6993254088392639,0.9989244949228578,1.3267330552382939,0.030598052851182198,0.7424012158054711,0.9473684210526315,92.5,100.0,2961,124,98,2,0,0,6.754474839581223E-4,0.0,0.0,0.6000000000000001,0.5,0.2,0.30000000000000004,85.0,40.0,80.0,0.05,0.7000000000000001,0.5,0.6000000000000001,95.0,20.0,50.0,1387,1387,0,1387,0.0,0.34301551864701185,0.5,0.6860310372940237,52,0.03749098774333093,1.0,1
"iteration_3","SCOPE_DATA_COLLECTION",300,19,1210.0,1270.0,1,1439,1318,426,1448,1441,404,1438,1316,418,0,2,0,0.0,0.0015174506828528073,0.0,0.34966270441963193,0.9989244949228578,1.9900995828574408,0.6993254088392639,0.9989244949228578,1.3267330552382939,0.030598052851182198,0.7424012158054711,0.9473684210526315,92.5,100.0,2961,124,98,2,0,0,6.754474839581223E-4,0.0,0.0,0.6000000000000001,0.5,0.2,0.30000000000000004,85.0,40.0,80.0,0.05,0.7000000000000001,0.5,0.6000000000000001,95.0,20.0,50.0,1418,1416,2,1418,0.0014104372355430183,0.9957134433854203,1.0,0.9957134433854203,1044,0.7372881355932204,1.0,1
"iteration_3","SCOPE_DATA_COLLECTION",300,19,1210.0,1270.0,2,1439,1318,426,1448,1441,404,1438,1316,418,0,2,0,0.0,0.0015174506828528073,0.0,0.34966270441963193,0.9989244949228578,1.9900995828574408,0.6993254088392639,0.9989244949228578,1.3267330552382939,0.030598052851182198,0.7424012158054711,0.9473684210526315,92.5,100.0,2961,124,98,2,0,0,6.754474839581223E-4,0.0,0.0,0.6000000000000001,0.5,0.2,0.30000000000000004,85.0,40.0,80.0,0.05,0.7000000000000001,0.5,0.6000000000000001,95.0,20.0,50.0,439,439,0,439,0.0,1.9277547354461397,1.5,1.2851698236307598,401,0.9134396355353075,1.0,1
"iteration_3","SCOPE_DATA_COLLECTION",300,20,1270.0,1330.0,0,1387,1418,439,1439,1318,426,1391,1417,441,0,2,0,0.0,0.0014094432699083862,0.0,0.3430404970117337,0.9942557898195588,1.9272198972309984,0.6860809940234674,0.9942557898195588,1.2848132648206656,0.037383177570093455,0.7388849682427664,0.9138321995464853,90.0,100.0,2946,19,279,2,0,0,6.788866259334691E-4,0.0,0.0,0.05,0.7000000000000001,0.5,0.6000000000000001,95.0,20.0,50.0,0.8,0.6000000000000001,0.7000000000000001,0.30000000000000004,40.0,95.0,25.0,1347,1342,5,1347,0.003711952487008166,0.3472873532160051,0.5,0.6945747064320102,59,0.043964232488822655,1.0,1
"iteration_3","SCOPE_DATA_COLLECTION",300,20,1270.0,1330.0,1,1387,1418,439,1439,1318,426,1391,1417,441,0,2,0,0.0,0.0014094432699083862,0.0,0.3430404970117337,0.9942557898195588,1.9272198972309984,0.6860809940234674,0.9942557898195588,1.2848132648206656,0.037383177570093455,0.7388849682427664,0.9138321995464853,90.0,100.0,2946,19,279,2,0,0,6.788866259334691E-4,0.0,0.0,0.05,0.7000000000000001,0.5,0.6000000000000001,95.0,20.0,50.0,0.8,0.6000000000000001,0.7000000000000001,0.30000000000000004,40.0,95.0,25.0,1399,1399,0,1399,0.0,1.0032806145651718,1.0,1.0032806145651718,1047,0.7483917083631165,1.0,1
"iteration_3","SCOPE_DATA_COLLECTION",300,20,1270.0,1330.0,2,1387,1418,439,1439,1318,426,1391,1417,441,0,2,0,0.0,0.0014094432699083862,0.0,0.3430404970117337,0.9942557898195588,1.9272198972309984,0.6860809940234674,0.9942557898195588,1.2848132648206656,0.037383177570093455,0.7388849682427664,0.9138321995464853,90.0,100.0,2946,19,279,2,0,0,6.788866259334691E-4,0.0,0.0,0.05,0.7000000000000001,0.5,0.6000000000000001,95.0,20.0,50.0,0.8,0.6000000000000001,0.7000000000000001,0.30000000000000004,40.0,95.0,25.0,447,446,1,447,0.0022371364653243847,1.90393488289692,1.5,1.26928992193128,400,0.8968609865470852,1.0,1
"iteration_3","SCOPE_DATA_COLLECTION",300,21,1330.0,1390.0,0,1347,1399,447,1387,1418,439,1338,1400,446,5,0,1,0.0037230081906180195,0.0,0.0022371364653243847,0.34636981270145967,1.0045571601867993,1.9056050114557304,0.6927396254029193,1.0045571601867993,1.270403340970487,0.04110612855007474,0.75,0.8968609865470852,87.5,100.0,2896,253,44,4,2,0,0.0013812154696132596,0.007905138339920948,0.0,0.8,0.6000000000000001,0.7000000000000001,0.30000000000000004,40.0,95.0,25.0,0.8,0.5,0.6000000000000001,0.30000000000000004,30.0,95.0,25.0,1417,1417,0,1417,0.0,0.3422718268681135,0.5,0.684543653736227,53,0.0374029640084686,1.0,1
"iteration_3","SCOPE_DATA_COLLECTION",300,21,1330.0,1390.0,1,1347,1399,447,1387,1418,439,1338,1400,446,5,0,1,0.0037230081906180195,0.0,0.0022371364653243847,0.34636981270145967,1.0045571601867993,1.9056050114557304,0.6927396254029193,1.0045571601867993,1.270403340970487,0.04110612855007474,0.75,0.8968609865470852,87.5,100.0,2896,253,44,4,2,0,0.0013812154696132596,0.007905138339920948,0.0,0.8,0.6000000000000001,0.7000000000000001,0.30000000000000004,40.0,95.0,25.0,0.8,0.5,0.6000000000000001,0.30000000000000004,30.0,95.0,25.0,1484,1484,0,1484,0.0,0.9717266352064435,1.0,0.9717266352064435,1048,0.706199460916442,1.0,1
"iteration_3","SCOPE_DATA_COLLECTION",300,21,1330.0,1390.0,2,1347,1399,447,1387,1418,439,1338,1400,446,5,0,1,0.0037230081906180195,0.0,0.0022371364653243847,0.34636981270145967,1.0045571601867993,1.9056050114557304,0.6927396254029193,1.0045571601867993,1.270403340970487,0.04110612855007474,0.75,0.8968609865470852,87.5,100.0,2896,253,44,4,2,0,0.0013812154696132596,0.007905138339920948,0.0,0.8,0.6000000000000001,0.7000000000000001,0.30000000000000004,40.0,95.0,25.0,0.8,0.5,0.6000000000000001,0.30000000000000004,30.0,95.0,25.0,451,450,1,451,0.0022172949002217295,1.9230668590832263,1.5,1.2820445727221508,410,0.9111111111111111,1.0,1
"iteration_3","SCOPE_DATA_COLLECTION",300,22,1390.0,1450.0,0,1417,1484,451,1347,1399,447,1416,1482,452,0,0,1,0.0,0.0,0.002207505518763797,0.3432141567579685,0.9713645486734346,1.9221684441336295,0.686428313515937,0.9713645486734346,1.2814456294224197,0.04025423728813559,0.7051282051282052,0.911504424778761,97.5,100.0,2984,290,78,1,0,0,3.351206434316354E-4,0.0,0.0,0.8,0.5,0.6000000000000001,0.30000000000000004,30.0,95.0,25.0,0.8,0.4,0.6000000000000001,0.2,40.0,85.0,20.0,1354,1353,1,1354,7.385524372230429E-4,0.34342437467623754,0.5,0.6868487493524751,45,0.03325942350332594,1.0,1
"iteration_3","SCOPE_DATA_COLLECTION",300,22,1390.0,1450.0,1,1417,1484,451,1347,1399,447,1416,1482,452,0,0,1,0.0,0.0,0.002207505518763797,0.3432141567579685,0.9713645486734346,1.9221684441336295,0.686428313515937,0.9713645486734346,1.2814456294224197,0.04025423728813559,0.7051282051282052,0.911504424778761,97.5,100.0,2984,290,78,1,0,0,3.351206434316354E-4,0.0,0.0,0.8,0.5,0.6000000000000001,0.30000000000000004,30.0,95.0,25.0,0.8,0.4,0.6000000000000001,0.2,40.0,85.0,20.0,1407,1406,1,1407,7.107320540156361E-4,0.9999729838791268,1.0,0.9999729838791268,1026,0.7297297297297297,1.0,1
"iteration_3","SCOPE_DATA_COLLECTION",300,22,1390.0,1450.0,2,1417,1484,451,1347,1399,447,1416,1482,452,0,0,1,0.0,0.0,0.002207505518763797,0.3432141567579685,0.9713645486734346,1.9221684441336295,0.686428313515937,0.9713645486734346,1.2814456294224197,0.04025423728813559,0.7051282051282052,0.911504424778761,97.5,100.0,2984,290,78,1,0,0,3.351206434316354E-4,0.0,0.0,0.8,0.5,0.6000000000000001,0.30000000000000004,30.0,95.0,25.0,0.8,0.4,0.6000000000000001,0.2,40.0,85.0,20.0,442,440,2,442,0.004524886877828055,1.945015262036481,1.5,1.296676841357654,406,0.9227272727272727,1.0,1
"iteration_3","SCOPE_DATA_COLLECTION",300,23,1450.0,1510.0,0,1354,1407,442,1417,1484,451,1356,1403,438,1,1,2,7.369196757553427E-4,7.122507122507123E-4,0.004545454545454545,0.3434228439852461,1.0002315192646727,1.9441285364401415,0.6868456879704922,1.0002315192646727,1.2960856909600944,0.033185840707964605,0.7284390591589451,0.9223744292237442,95.0,100.0,2911,240,52,4,0,0,0.0013740982480247338,0.0,0.0,0.8,0.4,0.6000000000000001,0.2,40.0,85.0,20.0,0.9,0.5,0.5,0.30000000000000004,50.0,95.0,30.0,1320,1319,1,1320,7.575757575757576E-4,0.3467880511131451,0.5,0.6935761022262902,51,0.03866565579984837,1.0,1
"iteration_3","SCOPE_DATA_COLLECTION",300,23,1450.0,1510.0,1,1354,1407,442,1417,1484,451,1356,1403,438,1,1,2,7.369196757553427E-4,7.122507122507123E-4,0.004545454545454545,0.3434228439852461,1.0002315192646727,1.9441285364401415,0.6868456879704922,1.0002315192646727,1.2960856909600944,0.033185840707964605,0.7284390591589451,0.9223744292237442,95.0,100.0,2911,240,52,4,0,0,0.0013740982480247338,0.0,0.0,0.8,0.4,0.6000000000000001,0.2,40.0,85.0,20.0,0.9,0.5,0.5,0.30000000000000004,50.0,95.0,30.0,1416,1415,1,1416,7.062146892655367E-4,0.9948343894633273,1.0,0.9948343894633273,1036,0.7321554770318022,1.0,1
"iteration_3","SCOPE_DATA_COLLECTION",300,23,1450.0,1510.0,2,1354,1407,442,1417,1484,451,1356,1403,438,1,1,2,7.369196757553427E-4,7.122507122507123E-4,0.004545454545454545,0.3434228439852461,1.0002315192646727,1.9441285364401415,0.6868456879704922,1.0002315192646727,1.2960856909600944,0.033185840707964605,0.7284390591589451,0.9223744292237442,95.0,100.0,2911,240,52,4,0,0,0.0013740982480247338,0.0,0.0,0.8,0.4,0.6000000000000001,0.2,40.0,85.0,20.0,0.9,0.5,0.5,0.30000000000000004,50.0,95.0,30.0,447,445,2,447,0.0044742729306487695,1.8991657819524836,1.5,1.2661105213016557,403,0.9056179775280899,1.0,1
"iteration_3","SCOPE_DATA_COLLECTION",300,24,1510.0,1570.0,0,1320,1416,447,1354,1407,442,1316,1424,447,1,1,1,7.593014426727411E-4,7.017543859649122E-4,0.002232142857142857,0.3464337690783218,0.9949243281069661,1.9030993245352765,0.6928675381566436,0.9949243281069661,1.2687328830235176,0.03875379939209726,0.7331460674157303,0.9060402684563759,90.0,100.0,2884,259,40,3,0,0,0.0010402219140083217,0.0,0.0,0.9,0.5,0.5,0.30000000000000004,50.0,95.0,30.0,0.8,0.4,0.4,0.2,60.0,95.0,20.0,1400,1399,1,1400,7.142857142857143E-4,0.3508507073953097,0.5,0.7017014147906194,50,0.035739814152966405,1.0,1
"iteration_3","SCOPE_DATA_COLLECTION",300,24,1510.0,1570.0,1,1320,1416,447,1354,1407,442,1316,1424,447,1,1,1,7.593014426727411E-4,7.017543859649122E-4,0.002232142857142857,0.3464337690783218,0.9949243281069661,1.9030993245352765,0.6928675381566436,0.9949243281069661,1.2687328830235176,0.03875379939209726,0.7331460674157303,0.9060402684563759,90.0,100.0,2884,259,40,3,0,0,0.0010402219140083217,0.0,0.0,0.9,0.5,0.5,0.30000000000000004,50.0,95.0,30.0,0.8,0.4,0.4,0.2,60.0,95.0,20.0,1382,1381,1,1382,7.23589001447178E-4,1.0076142127315457,1.0,1.0076142127315457,1030,0.7458363504706734,1.0,1
"iteration_3","SCOPE_DATA_COLLECTION",300,24,1510.0,1570.0,2,1320,1416,447,1354,1407,442,1316,1424,447,1,1,1,7.593014426727411E-4,7.017543859649122E-4,0.002232142857142857,0.3464337690783218,0.9949243281069661,1.9030993245352765,0.6928675381566436,0.9949243281069661,1.2687328830235176,0.03875379939209726,0.7331460674157303,0.9060402684563759,90.0,100.0,2884,259,40,3,0,0,0.0010402219140083217,0.0,0.0,0.9,0.5,0.5,0.30000000000000004,50.0,95.0,30.0,0.8,0.4,0.4,0.2,60.0,95.0,20.0,443,442,1,443,0.002257336343115124,1.9118953174268625,1.5,1.274596878284575,404,0.9140271493212669,1.0,1
"iteration_3","SCOPE_DATA_COLLECTION",300,25,1570.0,1630.0,0,1400,1382,443,1320,1416,447,1401,1386,437,1,1,2,7.132667617689016E-4,7.209805335255948E-4,0.004555808656036446,0.35104451778544615,1.0077340876327903,1.908549055927248,0.7020890355708923,1.0077340876327903,1.272366037284832,0.03568879371877231,0.746031746031746,0.9130434782608695,85.0,100.0,2957,219,49,3,1,0,0.0010145417653026716,0.0045662100456621,0.0,0.8,0.4,0.4,0.2,60.0,95.0,20.0,0.9,0.30000000000000004,0.4,0.2,70.0,95.0,30.0,1373,1372,1,1373,7.283321194464676E-4,0.35730588546538106,0.5,0.7146117709307621,72,0.052478134110787174,1.0,1
"iteration_3","SCOPE_DATA_COLLECTION",300,25,1570.0,1630.0,1,1400,1382,443,1320,1416,447,1401,1386,437,1,1,2,7.132667617689016E-4,7.209805335255948E-4,0.004555808656036446,0.35104451778544615,1.0077340876327903,1.908549055927248,0.7020890355708923,1.0077340876327903,1.272366037284832,0.03568879371877231,0.746031746031746,0.9130434782608695,85.0,100.0,2957,219,49,3,1,0,0.0010145417653026716,0.0045662100456621,0.0,0.8,0.4,0.4,0.2,60.0,95.0,20.0,0.9,0.30000000000000004,0.4,0.2,70.0,95.0,30.0,1437,1437,0,1437,0.0,1.015488848476763,1.0,1.015488848476763,1096,0.7627000695894224,1.0,1
"iteration_3","SCOPE_DATA_COLLECTION",300,25,1570.0,1630.0,2,1400,1382,443,1320,1416,447,1401,1386,437,1,1,2,7.132667617689016E-4,7.209805335255948E-4,0.004555808656036446,0.35104451778544615,1.0077340876327903,1.908549055927248,0.7020890355708923,1.0077340876327903,1.272366037284832,0.03568879371877231,0.746031746031746,0.9130434782608695,85.0,100.0,2957,219,49,3,1,0,0.0010145417653026716,0.0045662100456621,0.0,0.8,0.4,0.4,0.2,60.0,95.0,20.0,0.9,0.30000000000000004,0.4,0.2,70.0,95.0,30.0,440,439,1,440,0.0022727272727272726,1.9151256465154,1.5,1.2767504310102666,396,0.9020501138952164,1.0,1
"iteration_3","SCOPE_DATA_COLLECTION",300,26,1630.0,1690.0,0,1373,1437,440,1400,1382,443,1372,1428,436,1,0,1,7.283321194464676E-4,0.0,0.002288329519450801,0.357231398692992,1.0152213585394305,1.9130182839230436,0.714462797385984,1.0152213585394305,1.2753455226153625,0.052478134110787174,0.7619047619047619,0.9013761467889908,97.5,100.0,2988,235,27,2,0,0,6.693440428380187E-4,0.0,0.0,0.9,0.30000000000000004,0.4,0.2,70.0,95.0,30.0,0.9500000000000001,0.30000000000000004,0.4,0.2,80.0,95.0,30.0,1388,1386,2,1388,0.001440922190201729,0.36317441028639147,0.5,0.7263488205727829,99,0.07142857142857142,1.0,1
"iteration_3","SCOPE_DATA_COLLECTION",300,26,1630.0,1690.0,1,1373,1437,440,1400,1382,443,1372,1428,436,1,0,1,7.283321194464676E-4,0.0,0.002288329519450801,0.357231398692992,1.0152213585394305,1.9130182839230436,0.714462797385984,1.0152213585394305,1.2753455226153625,0.052478134110787174,0.7619047619047619,0.9013761467889908,97.5,100.0,2988,235,27,2,0,0,6.693440428380187E-4,0.0,0.0,0.9,0.30000000000000004,0.4,0.2,70.0,95.0,30.0,0.9500000000000001,0.30000000000000004,0.4,0.2,80.0,95.0,30.0,1436,1436,0,1436,0.0,1.0132739981078744,1.0,1.0132739981078744,1099,0.7653203342618384,1.0,1
"iteration_3","SCOPE_DATA_COLLECTION",300,26,1630.0,1690.0,2,1373,1437,440,1400,1382,443,1372,1428,436,1,0,1,7.283321194464676E-4,0.0,0.002288329519450801,0.357231398692992,1.0152213585394305,1.9130182839230436,0.714462797385984,1.0152213585394305,1.2753455226153625,0.052478134110787174,0.7619047619047619,0.9013761467889908,97.5,100.0,2988,235,27,2,0,0,6.693440428380187E-4,0.0,0.0,0.9,0.30000000000000004,0.4,0.2,70.0,95.0,30.0,0.9500000000000001,0.30000000000000004,0.4,0.2,80.0,95.0,30.0,413,412,1,413,0.002421307506053269,1.9629192548279089,1.5,1.3086128365519392,384,0.9320388349514563,1.0,1
"iteration_3","SCOPE_DATA_COLLECTION",300,27,1690.0,1750.0,0,1388,1436,413,1373,1437,440,1382,1432,427,2,0,1,0.001445086705202312,0.0,0.002336448598130841,0.3631110850116791,1.012843183170165,1.9672240790918938,0.7262221700233582,1.012843183170165,1.311482719394596,0.07163531114327062,0.7618715083798883,0.9344262295081968,90.0,100.0,2978,248,11,3,0,0,0.0010073875083948958,0.0,0.0,0.9500000000000001,0.30000000000000004,0.4,0.2,80.0,95.0,30.0,0.4,0.6000000000000001,0.8,0.4,20.0,95.0,50.0,1390,1390,0,1390,0.0,0.3502899324670499,0.5,0.7005798649340998,85,0.06115107913669065,1.0,1
"iteration_3","SCOPE_DATA_COLLECTION",300,27,1690.0,1750.0,1,1388,1436,413,1373,1437,440,1382,1432,427,2,0,1,0.001445086705202312,0.0,0.002336448598130841,0.3631110850116791,1.012843183170165,1.9672240790918938,0.7262221700233582,1.012843183170165,1.311482719394596,0.07163531114327062,0.7618715083798883,0.9344262295081968,90.0,100.0,2978,248,11,3,0,0,0.0010073875083948958,0.0,0.0,0.9500000000000001,0.30000000000000004,0.4,0.2,80.0,95.0,30.0,0.4,0.6000000000000001,0.8,0.4,20.0,95.0,50.0,1425,1423,2,1425,0.0014035087719298245,1.0053907940714506,1.0,1.0053907940714506,1070,0.7519325368938862,1.0,1
"iteration_3","SCOPE_DATA_COLLECTION",300,27,1690.0,1750.0,2,1388,1436,413,1373,1437,440,1382,1432,427,2,0,1,0.001445086705202312,0.0,0.002336448598130841,0.3631110850116791,1.012843183170165,1.9672240790918938,0.7262221700233582,1.012843183170165,1.311482719394596,0.07163531114327062,0.7618715083798883,0.9344262295081968,90.0,100.0,2978,248,11,3,0,0,0.0010073875083948958,0.0,0.0,0.9500000000000001,0.30000000000000004,0.4,0.2,80.0,95.0,30.0,0.4,0.6000000000000001,0.8,0.4,20.0,95.0,50.0,453,452,1,453,0.002207505518763797,1.9423782606950413,1.5,1.294918840463361,417,0.922566371681416,1.0,1
"iteration_3","SCOPE_DATA_COLLECTION",300,28,1750.0,1810.0,0,1390,1425,453,1388,1436,413,1401,1425,443,0,2,1,0.0,0.001401541695865452,0.0022522522522522522,0.3505789475613232,1.0052885551480277,1.9366167780937853,0.7011578951226464,1.0052885551480277,1.2910778520625235,0.06067094932191292,0.7529824561403509,0.9209932279909706,82.5,100.0,2960,128,180,3,0,0,0.0010135135135135136,0.0,0.0,0.4,0.6000000000000001,0.8,0.4,20.0,95.0,50.0,0.65,0.30000000000000004,0.8,0.30000000000000004,95.0,25.0,95.0,1438,1437,1,1438,6.954102920723226E-4,0.34749840196511245,0.5,0.6949968039302249,58,0.04036186499652053,1.0,1
"iteration_3","SCOPE_DATA_COLLECTION",300,28,1750.0,1810.0,1,1390,1425,453,1388,1436,413,1401,1425,443,0,2,1,0.0,0.001401541695865452,0.0022522522522522522,0.3505789475613232,1.0052885551480277,1.9366167780937853,0.7011578951226464,1.0052885551480277,1.2910778520625235,0.06067094932191292,0.7529824561403509,0.9209932279909706,82.5,100.0,2960,128,180,3,0,0,0.0010135135135135136,0.0,0.0,0.4,0.6000000000000001,0.8,0.4,20.0,95.0,50.0,0.65,0.30000000000000004,0.8,0.30000000000000004,95.0,25.0,95.0,1417,1417,0,1417,0.0,0.9923230447595953,1.0,0.9923230447595953,1047,0.7388849682427664,1.0,1
"iteration_3","SCOPE_DATA_COLLECTION",300,28,1750.0,1810.0,2,1390,1425,453,1388,1436,413,1401,1425,443,0,2,1,0.0,0.001401541695865452,0.0022522522522522522,0.3505789475613232,1.0052885551480277,1.9366167780937853,0.7011578951226464,1.0052885551480277,1.2910778520625235,0.06067094932191292,0.7529824561403509,0.9209932279909706,82.5,100.0,2960,128,180,3,0,0,0.0010135135135135136,0.0,0.0,0.4,0.6000000000000001,0.8,0.4,20.0,95.0,50.0,0.65,0.30000000000000004,0.8,0.30000000000000004,95.0,25.0,95.0,435,435,0,435,0.0,1.8666847546007208,1.5,1.2444565030671473,386,0.8873563218390804,1.0,1
"iteration_3","SCOPE_DATA_COLLECTION",300,29,1810.0,1870.0,0,1438,1417,435,1390,1425,453,1436,1414,439,1,0,0,6.958942240779402E-4,0.0,0.0,0.3475031968567827,0.9922094802426775,1.8733028431052436,0.6950063937135654,0.9922094802426775,1.2488685620701625,0.0403899721448468,0.7383309759547383,0.8883826879271071,85.0,100.0,2968,215,107,1,0,0,3.3692722371967657E-4,0.0,0.0,0.65,0.30000000000000004,0.8,0.30000000000000004,95.0,25.0,95.0,0.65,0.2,0.8,0.30000000000000004,95.0,25.0,95.0,1344,1341,3,1344,0.002232142857142857,0.3540825133527239,0.5,0.7081650267054478,48,0.035794183445190156,1.0,1
"iteration_3","SCOPE_DATA_COLLECTION",300,29,1810.0,1870.0,1,1438,1417,435,1390,1425,453,1436,1414,439,1,0,0,6.958942240779402E-4,0.0,0.0,0.3475031968567827,0.9922094802426775,1.8733028431052436,0.6950063937135654,0.9922094802426775,1.2488685620701625,0.0403899721448468,0.7383309759547383,0.8883826879271071,85.0,100.0,2968,215,107,1,0,0,3.3692722371967657E-4,0.0,0.0,0.65,0.30000000000000004,0.8,0.30000000000000004,95.0,25.0,95.0,0.65,0.2,0.8,0.30000000000000004,95.0,25.0,95.0,1350,1348,2,1350,0.0014814814814814814,1.0180695535157154,1.0,1.0180695535157154,1036,0.7685459940652819,1.0,1
"iteration_3","SCOPE_DATA_COLLECTION",300,29,1810.0,1870.0,2,1438,1417,435,1390,1425,453,1436,1414,439,1,0,0,6.958942240779402E-4,0.0,0.0,0.3475031968567827,0.9922094802426775,1.8733028431052436,0.6950063937135654,0.9922094802426775,1.2488685620701625,0.0403899721448468,0.7383309759547383,0.8883826879271071,85.0,100.0,2968,215,107,1,0,0,3.3692722371967657E-4,0.0,0.0,0.65,0.30000000000000004,0.8,0.30000000000000004,95.0,25.0,95.0,0.65,0.2,0.8,0.30000000000000004,95.0,25.0,95.0,424,423,1,424,0.0023584905660377358,1.91907462947694,1.5,1.27938308631796,385,0.9101654846335697,1.0,1
"iteration_3","SCOPE_DATA_COLLECTION",300,30,1870.0,1930.0,0,1344,1350,424,1438,1417,435,1338,1360,423,3,2,1,0.0022371364653243847,0.0014684287812041115,0.0023584905660377358,0.35413496832076136,1.0183623406845637,1.9169162069710388,0.7082699366415227,1.0183623406845637,1.2779441379806926,0.03587443946188341,0.7705882352941177,0.9101654846335697,70.0,100.0,2896,143,79,6,0,0,0.0020718232044198894,0.0,0.0,0.65,0.2,0.8,0.30000000000000004,95.0,25.0,95.0,0.55,0.6000000000000001,0.5,0.9,70.0,80.0,55.0,1369,1366,3,1369,0.002191380569758948,0.35146487977916696,0.5,0.7029297595583339,61,0.04465592972181552,1.0,1
"iteration_3","SCOPE_DATA_COLLECTION",300,30,1870.0,1930.0,1,1344,1350,424,1438,1417,435,1338,1360,423,3,2,1,0.0022371364653243847,0.0014684287812041115,0.0023584905660377358,0.35413496832076136,1.0183623406845637,1.9169162069710388,0.7082699366415227,1.0183623406845637,1.2779441379806926,0.03587443946188341,0.7705882352941177,0.9101654846335697,70.0,100.0,2896,143,79,6,0,0,0.0020718232044198894,0.0,0.0,0.65,0.2,0.8,0.30000000000000004,95.0,25.0,95.0,0.55,0.6000000000000001,0.5,0.9,70.0,80.0,55.0,1439,1438,1,1439,6.949270326615705E-4,1.0120592392476766,1.0,1.0120592392476766,1089,0.7573018080667594,1.0,1
"iteration_3","SCOPE_DATA_COLLECTION",300,30,1870.0,1930.0,2,1344,1350,424,1438,1417,435,1338,1360,423,3,2,1,0.0022371364653243847,0.0014684287812041115,0.0023584905660377358,0.35413496832076136,1.0183623406845637,1.9169162069710388,0.7082699366415227,1.0183623406845637,1.2779441379806926,0.03587443946188341,0.7705882352941177,0.9101654846335697,70.0,100.0,2896,143,79,6,0,0,0.0020718232044198894,0.0,0.0,0.65,0.2,0.8,0.30000000000000004,95.0,25.0,95.0,0.55,0.6000000000000001,0.5,0.9,70.0,80.0,55.0,423,423,0,423,0.0,1.949295952188743,1.5,1.2995306347924953,393,0.9290780141843972,1.0,1
"iteration_3","SCOPE_DATA_COLLECTION",300,31,1930.0,1990.0,0,1369,1439,423,1344,1350,424,1362,1424,424,3,1,0,0.002197802197802198,7.017543859649122E-4,0.0,0.3512284557173073,1.0118988024145223,1.9516022600426561,0.7024569114346146,1.0118988024145223,1.3010681733617708,0.04405286343612335,0.7570224719101124,0.9292452830188679,100.0,100.0,2981,139,111,4,0,0,0.0013418316001341832,0.0,0.0,0.55,0.6000000000000001,0.5,0.9,70.0,80.0,55.0,0.8,0.5,0.6000000000000001,0.6000000000000001,45.0,80.0,40.0,1437,1437,0,1437,0.0,0.3439226165199772,0.5,0.6878452330399544,61,0.04244954766875435,1.0,1
"iteration_3","SCOPE_DATA_COLLECTION",300,31,1930.0,1990.0,1,1369,1439,423,1344,1350,424,1362,1424,424,3,1,0,0.002197802197802198,7.017543859649122E-4,0.0,0.3512284557173073,1.0118988024145223,1.9516022600426561,0.7024569114346146,1.0118988024145223,1.3010681733617708,0.04405286343612335,0.7570224719101124,0.9292452830188679,100.0,100.0,2981,139,111,4,0,0,0.0013418316001341832,0.0,0.0,0.55,0.6000000000000001,0.5,0.9,70.0,80.0,55.0,0.8,0.5,0.6000000000000001,0.6000000000000001,45.0,80.0,40.0,1423,1422,1,1423,7.027406886858749E-4,0.9798377142073842,1.0,0.9798377142073842,1026,0.7215189873417721,1.0,1
"iteration_3","SCOPE_DATA_COLLECTION",300,31,1930.0,1990.0,2,1369,1439,423,1344,1350,424,1362,1424,424,3,1,0,0.002197802197802198,7.017543859649122E-4,0.0,0.3512284557173073,1.0118988024145223,1.9516022600426561,0.7024569114346146,1.0118988024145223,1.3010681733617708,0.04405286343612335,0.7570224719101124,0.9292452830188679,100.0,100.0,2981,139,111,4,0,0,0.0013418316001341832,0.0,0.0,0.55,0.6000000000000001,0.5,0.9,70.0,80.0,55.0,0.8,0.5,0.6000000000000001,0.6000000000000001,45.0,80.0,40.0,466,465,1,466,0.002145922746781116,1.862724203434494,1.5,1.241816135622996,408,0.8774193548387097,1.0,1
"iteration_3","SCOPE_DATA_COLLECTION",300,32,1990.0,2050.0,0,1437,1423,466,1369,1439,423,1439,1430,458,0,1,1,0.0,6.988120195667365E-4,0.002178649237472767,0.3441252948066926,0.9810584470793878,1.8595152450279808,0.6882505896133853,0.9810584470793878,1.2396768300186538,0.043085476025017375,0.7251748251748251,0.8755458515283843,90.0,100.0,2959,296,71,2,0,0,6.759040216289286E-4,0.0,0.0,0.8,0.5,0.6000000000000001,0.6000000000000001,45.0,80.0,40.0,0.55,0.9,0.1,0.8,45.0,60.0,85.0,1375,1374,1,1375,7.272727272727272E-4,0.34323910404344127,0.5,0.6864782080868825,41,0.029839883551673944,1.0,1
"iteration_3","SCOPE_DATA_COLLECTION",300,32,1990.0,2050.0,1,1437,1423,466,1369,1439,423,1439,1430,458,0,1,1,0.0,6.988120195667365E-4,0.002178649237472767,0.3441252948066926,0.9810584470793878,1.8595152450279808,0.6882505896133853,0.9810584470793878,1.2396768300186538,0.043085476025017375,0.7251748251748251,0.8755458515283843,90.0,100.0,2959,296,71,2,0,0,6.759040216289286E-4,0.0,0.0,0.8,0.5,0.6000000000000001,0.6000000000000001,45.0,80.0,40.0,0.55,0.9,0.1,0.8,45.0,60.0,85.0,1391,1391,0,1391,0.0,0.9892069978522847,1.0,0.9892069978522847,1017,0.7311286843997125,1.0,1
"iteration_3","SCOPE_DATA_COLLECTION",300,32,1990.0,2050.0,2,1437,1423,466,1369,1439,423,1439,1430,458,0,1,1,0.0,6.988120195667365E-4,0.002178649237472767,0.3441252948066926,0.9810584470793878,1.8595152450279808,0.6882505896133853,0.9810584470793878,1.2396768300186538,0.043085476025017375,0.7251748251748251,0.8755458515283843,90.0,100.0,2959,296,71,2,0,0,6.759040216289286E-4,0.0,0.0,0.8,0.5,0.6000000000000001,0.6000000000000001,45.0,80.0,40.0,0.55,0.9,0.1,0.8,45.0,60.0,85.0,471,467,4,471,0.008492569002123142,1.934959268612159,1.5,1.2899728457414394,431,0.9229122055674518,1.0,1
"iteration_3","SCOPE_DATA_COLLECTION",300,33,2050.0,2110.0,0,1375,1391,471,1437,1423,466,1375,1392,465,1,0,4,7.267441860465116E-4,0.0,0.008528784648187633,0.3431688406929798,0.9888464358516745,1.9359895714128608,0.6863376813859596,0.9888464358516745,1.2906597142752405,0.029818181818181817,0.7291666666666666,0.9225806451612903,97.5,100.0,2942,172,123,5,0,0,0.001699524133242692,0.0,0.0,0.55,0.9,0.1,0.8,45.0,60.0,85.0,0.55,0.9,0.1,0.8,45.0,60.0,85.0,1447,1447,0,1447,0.0,0.3502241546664839,0.5,0.7004483093329678,46,0.03178991015894955,1.0,1
"iteration_3","SCOPE_DATA_COLLECTION",300,33,2050.0,2110.0,1,1375,1391,471,1437,1423,466,1375,1392,465,1,0,4,7.267441860465116E-4,0.0,0.008528784648187633,0.3431688406929798,0.9888464358516745,1.9359895714128608,0.6863376813859596,0.9888464358516745,1.2906597142752405,0.029818181818181817,0.7291666666666666,0.9225806451612903,97.5,100.0,2942,172,123,5,0,0,0.001699524133242692,0.0,0.0,0.55,0.9,0.1,0.8,45.0,60.0,85.0,0.55,0.9,0.1,0.8,45.0,60.0,85.0,1372,1370,2,1372,0.0014577259475218659,0.989328064393126,1.0,0.989328064393126,996,0.727007299270073,1.0,1
"iteration_3","SCOPE_DATA_COLLECTION",300,33,2050.0,2110.0,2,1375,1391,471,1437,1423,466,1375,1392,465,1,0,4,7.267441860465116E-4,0.0,0.008528784648187633,0.3431688406929798,0.9888464358516745,1.9359895714128608,0.6863376813859596,0.9888464358516745,1.2906597142752405,0.029818181818181817,0.7291666666666666,0.9225806451612903,97.5,100.0,2942,172,123,5,0,0,0.001699524133242692,0.0,0.0,0.55,0.9,0.1,0.8,45.0,60.0,85.0,0.55,0.9,0.1,0.8,45.0,60.0,85.0,466,465,1,466,0.002145922746781116,1.9393198940180028,1.5,1.2928799293453352,430,0.9247311827956989,1.0,1
"iteration_3","SCOPE_DATA_COLLECTION",300,34,2110.0,2170.0,0,1447,1372,466,1375,1391,471,1444,1368,471,0,2,1,0.0,0.00145985401459854,0.00211864406779661,0.3500350766819127,0.9888301921475511,1.938168204739333,0.7000701533638254,0.9888301921475511,1.2921121364928887,0.031163434903047092,0.72953216374269,0.9256900212314225,95.0,100.0,3022,162,101,2,1,0,6.618133686300463E-4,0.006172839506172839,0.0,0.55,0.9,0.1,0.8,45.0,60.0,85.0,0.9500000000000001,0.30000000000000004,0.7000000000000001,0.7000000000000001,45.0,55.0,75.0,1414,1409,5,1414,0.003536067892503536,0.3539537888991785,0.5,0.707907577798357,60,0.042583392476934,1.0,1
"iteration_3","SCOPE_DATA_COLLECTION",300,34,2110.0,2170.0,1,1447,1372,466,1375,1391,471,1444,1368,471,0,2,1,0.0,0.00145985401459854,0.00211864406779661,0.3500350766819127,0.9888301921475511,1.938168204739333,0.7000701533638254,0.9888301921475511,1.2921121364928887,0.031163434903047092,0.72953216374269,0.9256900212314225,95.0,100.0,3022,162,101,2,1,0,6.618133686300463E-4,0.006172839506172839,0.0,0.55,0.9,0.1,0.8,45.0,60.0,85.0,0.9500000000000001,0.30000000000000004,0.7000000000000001,0.7000000000000001,45.0,55.0,75.0,1352,1348,4,1352,0.0029585798816568047,1.003414706652261,1.0,1.003414706652261,1013,0.7514836795252225,1.0,1
"iteration_3","SCOPE_DATA_COLLECTION",300,34,2110.0,2170.0,2,1447,1372,466,1375,1391,471,1444,1368,471,0,2,1,0.0,0.00145985401459854,0.00211864406779661,0.3500350766819127,0.9888301921475511,1.938168204739333,0.7000701533638254,0.9888301921475511,1.2921121364928887,0.031163434903047092,0.72953216374269,0.9256900212314225,95.0,100.0,3022,162,101,2,1,0,6.618133686300463E-4,0.006172839506172839,0.0,0.55,0.9,0.1,0.8,45.0,60.0,85.0,0.9500000000000001,0.30000000000000004,0.7000000000000001,0.7000000000000001,45.0,55.0,75.0,484,482,2,484,0.004132231404958678,1.9542442711992494,1.5,1.302829514132833,449,0.9315352697095436,1.0,1
"iteration_3","SCOPE_DATA_COLLECTION",300,35,2170.0,2230.0,0,1414,1352,484,1447,1372,466,1405,1351,476,5,4,2,0.0035460992907801418,0.002952029520295203,0.0041841004184100415,0.35358296436395165,1.0040598995585792,1.9545525405696802,0.7071659287279033,1.0040598995585792,1.3030350270464535,0.04199288256227758,0.7483345669874167,0.930672268907563,97.5,100.0,2988,253,9,11,0,0,0.003681392235609103,0.0,0.0,0.9500000000000001,0.30000000000000004,0.7000000000000001,0.7000000000000001,45.0,55.0,75.0,0.25,0.6000000000000001,0.9,0.6000000000000001,45.0,35.0,25.0,1378,1378,0,1378,0.0,0.3426338809045435,0.5,0.685267761809087,64,0.04644412191582003,1.0,1
"iteration_3","SCOPE_DATA_COLLECTION",300,35,2170.0,2230.0,1,1414,1352,484,1447,1372,466,1405,1351,476,5,4,2,0.0035460992907801418,0.002952029520295203,0.0041841004184100415,0.35358296436395165,1.0040598995585792,1.9545525405696802,0.7071659287279033,1.0040598995585792,1.3030350270464535,0.04199288256227758,0.7483345669874167,0.930672268907563,97.5,100.0,2988,253,9,11,0,0,0.003681392235609103,0.0,0.0,0.9500000000000001,0.30000000000000004,0.7000000000000001,0.7000000000000001,45.0,55.0,75.0,0.25,0.6000000000000001,0.9,0.6000000000000001,45.0,35.0,25.0,1458,1457,1,1458,6.858710562414266E-4,0.9855911189736051,1.0,0.9855911189736051,1059,0.7268359643102265,1.0,1
"iteration_3","SCOPE_DATA_COLLECTION",300,35,2170.0,2230.0,2,1414,1352,484,1447,1372,466,1405,1351,476,5,4,2,0.0035460992907801418,0.002952029520295203,0.0041841004184100415,0.35358296436395165,1.0040598995585792,1.9545525405696802,0.7071659287279033,1.0040598995585792,1.3030350270464535,0.04199288256227758,0.7483345669874167,0.930672268907563,97.5,100.0,2988,253,9,11,0,0,0.003681392235609103,0.0,0.0,0.9500000000000001,0.30000000000000004,0.7000000000000001,0.7000000000000001,45.0,55.0,75.0,0.25,0.6000000000000001,0.9,0.6000000000000001,45.0,35.0,25.0,446,446,0,446,0.0,1.9504844986702576,1.5,1.300322999113505,413,0.9260089686098655,1.0,1
"iteration_3","SCOPE_DATA_COLLECTION",300,36,2230.0,2290.0,0,1378,1458,446,1414,1352,484,1384,1452,445,0,1,0,0.0,6.882312456985547E-4,0.0,0.3432942728406338,0.9875344317999887,1.9526866135394474,0.6865885456812676,0.9875344317999887,1.301791075692965,0.0476878612716763,0.7307162534435262,0.9280898876404494,90.0,100.0,2943,82,257,1,0,0,3.397893306150187E-4,0.0,0.0,0.25,0.6000000000000001,0.9,0.6000000000000001,45.0,35.0,25.0,0.15000000000000002,0.5,0.9,0.7000000000000001,45.0,25.0,20.0,1436,1435,1,1436,6.963788300835655E-4,0.3505186608645901,0.5,0.7010373217291802,53,0.036933797909407665,1.0,1
"iteration_3","SCOPE_DATA_COLLECTION",300,36,2230.0,2290.0,1,1378,1458,446,1414,1352,484,1384,1452,445,0,1,0,0.0,6.882312456985547E-4,0.0,0.3432942728406338,0.9875344317999887,1.9526866135394474,0.6865885456812676,0.9875344317999887,1.301791075692965,0.0476878612716763,0.7307162534435262,0.9280898876404494,90.0,100.0,2943,82,257,1,0,0,3.397893306150187E-4,0.0,0.0,0.25,0.6000000000000001,0.9,0.6000000000000001,45.0,35.0,25.0,0.15000000000000002,0.5,0.9,0.7000000000000001,45.0,25.0,20.0,1368,1364,4,1368,0.0029239766081871343,1.0140729321393709,1.0,1.0140729321393709,1032,0.7565982404692082,1.0,1
"iteration_3","SCOPE_DATA_COLLECTION",300,36,2230.0,2290.0,2,1378,1458,446,1414,1352,484,1384,1452,445,0,1,0,0.0,6.882312456985547E-4,0.0,0.3432942728406338,0.9875344317999887,1.9526866135394474,0.6865885456812676,0.9875344317999887,1.301791075692965,0.0476878612716763,0.7307162534435262,0.9280898876404494,90.0,100.0,2943,82,257,1,0,0,3.397893306150187E-4,0.0,0.0,0.25,0.6000000000000001,0.9,0.6000000000000001,45.0,35.0,25.0,0.15000000000000002,0.5,0.9,0.7000000000000001,45.0,25.0,20.0,404,404,0,404,0.0,1.9426283988649515,1.5,1.295085599243301,375,0.9282178217821783,1.0,1
"iteration_3","SCOPE_DATA_COLLECTION",300,37,2290.0,2350.0,0,1436,1368,404,1378,1458,446,1430,1363,413,1,4,0,6.988120195667365E-4,0.002926115581565472,0.0,0.3501351327306114,1.010646150717487,1.9428372215925387,0.7002702654612228,1.010646150717487,1.2952248143950258,0.03496503496503497,0.7498165810711666,0.927360774818402,87.5,100.0,2986,33,189,5,0,0,0.0016744809109176155,0.0,0.0,0.15000000000000002,0.5,0.9,0.7000000000000001,45.0,25.0,20.0,0.15000000000000002,0.7000000000000001,0.4,0.30000000000000004,70.0,85.0,90.0,1425,1424,1,1425,7.017543859649122E-4,0.34943989535740483,0.5,0.6988797907148097,63,0.04424157303370786,1.0,1
"iteration_3","SCOPE_DATA_COLLECTION",300,37,2290.0,2350.0,1,1436,1368,404,1378,1458,446,1430,1363,413,1,4,0,6.988120195667365E-4,0.002926115581565472,0.0,0.3501351327306114,1.010646150717487,1.9428372215925387,0.7002702654612228,1.010646150717487,1.2952248143950258,0.03496503496503497,0.7498165810711666,0.927360774818402,87.5,100.0,2986,33,189,5,0,0,0.0016744809109176155,0.0,0.0,0.15000000000000002,0.5,0.9,0.7000000000000001,45.0,25.0,20.0,0.15000000000000002,0.7000000000000001,0.4,0.30000000000000004,70.0,85.0,90.0,1412,1410,2,1412,0.00141643059490085,0.995150879894654,1.0,0.995150879894654,1053,0.7468085106382979,1.0,1
"iteration_3","SCOPE_DATA_COLLECTION",300,37,2290.0,2350.0,2,1436,1368,404,1378,1458,446,1430,1363,413,1,4,0,6.988120195667365E-4,0.002926115581565472,0.0,0.3501351327306114,1.010646150717487,1.9428372215925387,0.7002702654612228,1.010646150717487,1.2952248143950258,0.03496503496503497,0.7498165810711666,0.927360774818402,87.5,100.0,2986,33,189,5,0,0,0.0016744809109176155,0.0,0.0,0.15000000000000002,0.5,0.9,0.7000000000000001,45.0,25.0,20.0,0.15000000000000002,0.7000000000000001,0.4,0.30000000000000004,70.0,85.0,90.0,441,441,0,441,0.0,1.906306134357234,1.5,1.270870756238156,398,0.9024943310657596,1.0,1
"iteration_3","SCOPE_DATA_COLLECTION",300,38,2350.0,2410.0,0,1425,1412,441,1436,1368,404,1432,1412,440,1,2,0,6.978367062107466E-4,0.0014144271570014145,0.0,0.3497621701712789,0.996320845828576,1.9033309517535826,0.6995243403425578,0.996320845828576,1.2688873011690551,0.046089385474860335,0.7507082152974505,0.9022727272727272,90.0,100.0,2991,34,253,3,0,0,0.0010030090270812437,0.0,0.0,0.15000000000000002,0.7000000000000001,0.4,0.30000000000000004,70.0,85.0,90.0,0.15000000000000002,0.7000000000000001,0.4,0.30000000000000004,70.0,85.0,90.0,1383,1383,0,1383,0.0,0.34856060427439095,0.5,0.6971212085487819,54,0.039045553145336226,1.0,1
"iteration_3","SCOPE_DATA_COLLECTION",300,38,2350.0,2410.0,1,1425,1412,441,1436,1368,404,1432,1412,440,1,2,0,6.978367062107466E-4,0.0014144271570014145,0.0,0.3497621701712789,0.996320845828576,1.9033309517535826,0.6995243403425578,0.996320845828576,1.2688873011690551,0.046089385474860335,0.7507082152974505,0.9022727272727272,90.0,100.0,2991,34,253,3,0,0,0.0010030090270812437,0.0,0.0,0.15000000000000002,0.7000000000000001,0.4,0.30000000000000004,70.0,85.0,90.0,0.15000000000000002,0.7000000000000001,0.4,0.30000000000000004,70.0,85.0,90.0,1390,1390,0,1390,0.0,1.0079777851379152,1.0,1.0079777851379152,1051,0.7561151079136691,1.0,1
"iteration_3","SCOPE_DATA_COLLECTION",300,38,2350.0,2410.0,2,1425,1412,441,1436,1368,404,1432,1412,440,1,2,0,6.978367062107466E-4,0.0014144271570014145,0.0,0.3497621701712789,0.996320845828576,1.9033309517535826,0.6995243403425578,0.996320845828576,1.2688873011690551,0.046089385474860335,0.7507082152974505,0.9022727272727272,90.0,100.0,2991,34,253,3,0,0,0.0010030090270812437,0.0,0.0,0.15000000000000002,0.7000000000000001,0.4,0.30000000000000004,70.0,85.0,90.0,0.15000000000000002,0.7000000000000001,0.4,0.30000000000000004,70.0,85.0,90.0,424,423,1,424,0.0023584905660377358,1.896340890706942,1.5,1.2642272604712945,382,0.9030732860520094,1.0,1
"iteration_3","SCOPE_DATA_COLLECTION",300,39,2410.0,2470.0,0,1383,1390,424,1425,1412,441,1382,1388,419,0,0,1,0.0,0.0,0.002380952380952381,0.3482983081467185,1.00774207046052,1.8962372275790758,0.696596616293437,1.00774207046052,1.2641581517193838,0.03762662807525326,0.7557636887608069,0.9021479713603818,92.5,100.0,2941,34,222,1,0,0,3.4002040122407346E-4,0.0,0.0,0.15000000000000002,0.7000000000000001,0.4,0.30000000000000004,70.0,85.0,90.0,0.5,0.4,0.4,0.1,30.0,45.0,70.0,1473,1472,1,1473,6.788866259334691E-4,0.3483676541746519,0.5,0.6967353083493038,91,0.06182065217391304,1.0,1
"iteration_3","SCOPE_DATA_COLLECTION",300,39,2410.0,2470.0,1,1383,1390,424,1425,1412,441,1382,1388,419,0,0,1,0.0,0.0,0.002380952380952381,0.3482983081467185,1.00774207046052,1.8962372275790758,0.696596616293437,1.00774207046052,1.2641581517193838,0.03762662807525326,0.7557636887608069,0.9021479713603818,92.5,100.0,2941,34,222,1,0,0,3.4002040122407346E-4,0.0,0.0,0.15000000000000002,0.7000000000000001,0.4,0.30000000000000004,70.0,85.0,90.0,0.5,0.4,0.4,0.1,30.0,45.0,70.0,1472,1471,1,1472,6.793478260869565E-4,0.9902990912284324,1.0,0.9902990912284324,1092,0.7423521414004078,1.0,1
"iteration_3","SCOPE_DATA_COLLECTION",300,39,2410.0,2470.0,2,1383,1390,424,1425,1412,441,1382,1388,419,0,0,1,0.0,0.0,0.002380952380952381,0.3482983081467185,1.00774207046052,1.8962372275790758,0.696596616293437,1.00774207046052,1.2641581517193838,0.03762662807525326,0.7557636887608069,0.9021479713603818,92.5,100.0,2941,34,222,1,0,0,3.4002040122407346E-4,0.0,0.0,0.15000000000000002,0.7000000000000001,0.4,0.30000000000000004,70.0,85.0,90.0,0.5,0.4,0.4,0.1,30.0,45.0,70.0,468,467,1,468,0.002136752136752137,1.8894993957503947,1.5,1.2596662638335965,419,0.8972162740899358,1.0,1
"iteration_3","SCOPE_DATA_COLLECTION",300,40,2470.0,2530.0,0,1473,1472,468,1383,1390,424,1472,1464,468,1,1,1,6.788866259334691E-4,6.825938566552901E-4,0.0021321961620469083,0.348601981752631,0.9907935242822504,1.8899472555248118,0.697203963505262,0.9907935242822504,1.2599648370165413,0.06182065217391304,0.7431693989071039,0.8974358974358975,97.5,100.0,3040,187,186,3,0,0,9.86842105263158E-4,0.0,0.0,0.5,0.4,0.4,0.1,30.0,45.0,70.0,0.1,0.1,0.4,0.8,80.0,95.0,70.0,1366,1364,2,1366,0.0014641288433382138,0.3576362073236328,0.5,0.7152724146472657,84,0.06158357771260997,1.0,1
"iteration_3","SCOPE_DATA_COLLECTION",300,40,2470.0,2530.0,1,1473,1472,468,1383,1390,424,1472,1464,468,1,1,1,6.788866259334691E-4,6.825938566552901E-4,0.0021321961620469083,0.348601981752631,0.9907935242822504,1.8899472555248118,0.697203963505262,0.9907935242822504,1.2599648370165413,0.06182065217391304,0.7431693989071039,0.8974358974358975,97.5,100.0,3040,187,186,3,0,0,9.86842105263158E-4,0.0,0.0,0.5,0.4,0.4,0.1,30.0,45.0,70.0,0.1,0.1,0.4,0.8,80.0,95.0,70.0,1308,1307,1,1308,7.645259938837921E-4,1.0177743496003244,1.0,1.0177743496003244,1009,0.7719969395562356,1.0,1
"iteration_3","SCOPE_DATA_COLLECTION",300,40,2470.0,2530.0,2,1473,1472,468,1383,1390,424,1472,1464,468,1,1,1,6.788866259334691E-4,6.825938566552901E-4,0.0021321961620469083,0.348601981752631,0.9907935242822504,1.8899472555248118,0.697203963505262,0.9907935242822504,1.2599648370165413,0.06182065217391304,0.7431693989071039,0.8974358974358975,97.5,100.0,3040,187,186,3,0,0,9.86842105263158E-4,0.0,0.0,0.5,0.4,0.4,0.1,30.0,45.0,70.0,0.1,0.1,0.4,0.8,80.0,95.0,70.0,467,467,0,467,0.0,1.931713741020415,1.5,1.2878091606802766,432,0.9250535331905781,1.0,1
"iteration_3","SCOPE_DATA_COLLECTION",300,41,2530.0,2590.0,0,1366,1308,467,1473,1472,468,1362,1307,469,2,1,0,0.001466275659824047,7.645259938837921E-4,0.0,0.357639009343765,1.0166235252959537,1.9309729664088762,0.71527801868753,1.0166235252959537,1.2873153109392508,0.0631424375917768,0.7697016067329763,0.9253731343283582,97.5,100.0,2915,26,200,3,0,0,0.0010291595197255575,0.0,0.0,0.1,0.1,0.4,0.8,80.0,95.0,70.0,0.55,0.30000000000000004,0.9,0.7000000000000001,85.0,65.0,95.0,1357,1355,2,1357,0.0014738393515106854,0.34582470884470645,0.5,0.6916494176894129,51,0.037638376383763834,1.0,1
"iteration_3","SCOPE_DATA_COLLECTION",300,41,2530.0,2590.0,1,1366,1308,467,1473,1472,468,1362,1307,469,2,1,0,0.001466275659824047,7.645259938837921E-4,0.0,0.357639009343765,1.0166235252959537,1.9309729664088762,0.71527801868753,1.0166235252959537,1.2873153109392508,0.0631424375917768,0.7697016067329763,0.9253731343283582,97.5,100.0,2915,26,200,3,0,0,0.0010291595197255575,0.0,0.0,0.1,0.1,0.4,0.8,80.0,95.0,70.0,0.55,0.30000000000000004,0.9,0.7000000000000001,85.0,65.0,95.0,1427,1425,2,1427,0.001401541695865452,1.0069525800370764,1.0,1.0069525800370764,1086,0.7621052631578947,1.0,1
"iteration_3","SCOPE_DATA_COLLECTION",300,41,2530.0,2590.0,2,1366,1308,467,1473,1472,468,1362,1307,469,2,1,0,0.001466275659824047,7.645259938837921E-4,0.0,0.357639009343765,1.0166235252959537,1.9309729664088762,0.71527801868753,1.0166235252959537,1.2873153109392508,0.0631424375917768,0.7697016067329763,0.9253731343283582,97.5,100.0,2915,26,200,3,0,0,0.0010291595197255575,0.0,0.0,0.1,0.1,0.4,0.8,80.0,95.0,70.0,0.55,0.30000000000000004,0.9,0.7000000000000001,85.0,65.0,95.0,452,452,0,452,0.0,1.9008218328373907,1.5,1.2672145552249272,408,0.9026548672566371,1.0,1
"iteration_3","SCOPE_DATA_COLLECTION",300,42,2590.0,2650.0,0,1357,1427,452,1366,1308,467,1360,1436,447,2,2,0,0.0014684287812041115,0.0013908205841446453,0.0,0.34600011056206265,1.0071572954235901,1.9019291086491916,0.6920002211241253,1.0071572954235901,1.2679527390994612,0.0375,0.7618384401114207,0.901565995525727,85.0,100.0,2948,168,120,4,0,0,0.0013568521031207597,0.0,0.0,0.55,0.30000000000000004,0.9,0.7000000000000001,85.0,65.0,95.0,0.2,0.6000000000000001,0.7000000000000001,0.30000000000000004,40.0,90.0,50.0,1414,1412,2,1414,0.0014144271570014145,0.3440456362375907,0.5,0.6880912724751814,53,0.037535410764872525,1.0,1
"iteration_3","SCOPE_DATA_COLLECTION",300,42,2590.0,2650.0,1,1357,1427,452,1366,1308,467,1360,1436,447,2,2,0,0.0014684287812041115,0.0013908205841446453,0.0,0.34600011056206265,1.0071572954235901,1.9019291086491916,0.6920002211241253,1.0071572954235901,1.2679527390994612,0.0375,0.7618384401114207,0.901565995525727,85.0,100.0,2948,168,120,4,0,0,0.0013568521031207597,0.0,0.0,0.55,0.30000000000000004,0.9,0.7000000000000001,85.0,65.0,95.0,0.2,0.6000000000000001,0.7000000000000001,0.30000000000000004,40.0,90.0,50.0,1354,1354,0,1354,0.0,0.9954287644541132,1.0,0.9954287644541132,976,0.7208271787296898,1.0,1
"iteration_3","SCOPE_DATA_COLLECTION",300,42,2590.0,2650.0,2,1357,1427,452,1366,1308,467,1360,1436,447,2,2,0,0.0014684287812041115,0.0013908205841446453,0.0,0.34600011056206265,1.0071572954235901,1.9019291086491916,0.6920002211241253,1.0071572954235901,1.2679527390994612,0.0375,0.7618384401114207,0.901565995525727,85.0,100.0,2948,168,120,4,0,0,0.0013568521031207597,0.0,0.0,0.55,0.30000000000000004,0.9,0.7000000000000001,85.0,65.0,95.0,0.2,0.6000000000000001,0.7000000000000001,0.30000000000000004,40.0,90.0,50.0,443,442,1,443,0.002257336343115124,1.8771929790036892,1.5,1.2514619860024594,394,0.8914027149321267,1.0,1
"iteration_3","SCOPE_DATA_COLLECTION",300,43,2650.0,2710.0,0,1414,1354,443,1357,1427,452,1405,1350,449,2,0,1,0.0014214641080312722,0.0,0.0022222222222222222,0.34362812431996237,0.9954726441904701,1.8783941425700983,0.6872562486399247,0.9954726441904701,1.2522627617133988,0.03701067615658363,0.7207407407407408,0.8930957683741648,90.0,100.0,2909,73,229,3,0,0,0.0010312822275696115,0.0,0.0,0.2,0.6000000000000001,0.7000000000000001,0.30000000000000004,40.0,90.0,50.0,0.2,0.6000000000000001,0.7000000000000001,0.4,40.0,95.0,40.0,1420,1419,1,1420,7.042253521126761E-4,0.3466582204788868,0.5,0.6933164409577736,56,0.03946441155743481,1.0,1
"iteration_3","SCOPE_DATA_COLLECTION",300,43,2650.0,2710.0,1,1414,1354,443,1357,1427,452,1405,1350,449,2,0,1,0.0014214641080312722,0.0,0.0022222222222222222,0.34362812431996237,0.9954726441904701,1.8783941425700983,0.6872562486399247,0.9954726441904701,1.2522627617133988,0.03701067615658363,0.7207407407407408,0.8930957683741648,90.0,100.0,2909,73,229,3,0,0,0.0010312822275696115,0.0,0.0,0.2,0.6000000000000001,0.7000000000000001,0.30000000000000004,40.0,90.0,50.0,0.2,0.6000000000000001,0.7000000000000001,0.4,40.0,95.0,40.0,1408,1406,2,1408,0.0014204545454545455,1.00942901545706,1.0,1.00942901545706,1047,0.7446657183499289,1.0,1
"iteration_3","SCOPE_DATA_COLLECTION",300,43,2650.0,2710.0,2,1414,1354,443,1357,1427,452,1405,1350,449,2,0,1,0.0014214641080312722,0.0,0.0022222222222222222,0.34362812431996237,0.9954726441904701,1.8783941425700983,0.6872562486399247,0.9954726441904701,1.2522627617133988,0.03701067615658363,0.7207407407407408,0.8930957683741648,90.0,100.0,2909,73,229,3,0,0,0.0010312822275696115,0.0,0.0,0.2,0.6000000000000001,0.7000000000000001,0.30000000000000004,40.0,90.0,50.0,0.2,0.6000000000000001,0.7000000000000001,0.4,40.0,95.0,40.0,425,422,3,425,0.007058823529411765,1.9417336415101416,1.5,1.2944890943400944,389,0.9218009478672986,1.0,1
"iteration_3","SCOPE_DATA_COLLECTION",300,44,2710.0,2770.0,0,1420,1408,425,1414,1354,443,1418,1412,418,1,2,3,7.047216349541931E-4,0.0014144271570014145,0.007125890736342043,0.3463267085226508,1.0084220980951815,1.9435370458733388,0.6926534170453016,1.0084220980951815,1.2956913639155592,0.03737658674188998,0.7450424929178471,0.9234449760765551,80.0,100.0,2981,45,227,6,0,0,0.0020127474002012745,0.0,0.0,0.2,0.6000000000000001,0.7000000000000001,0.4,40.0,95.0,40.0,0.2,0.7000000000000001,0.8,0.4,50.0,95.0,30.0,1450,1450,0,1450,0.0,0.3434517728574601,0.5,0.6869035457149202,58,0.04,1.0,1
"iteration_3","SCOPE_DATA_COLLECTION",300,44,2710.0,2770.0,1,1420,1408,425,1414,1354,443,1418,1412,418,1,2,3,7.047216349541931E-4,0.0014144271570014145,0.007125890736342043,0.3463267085226508,1.0084220980951815,1.9435370458733388,0.6926534170453016,1.0084220980951815,1.2956913639155592,0.03737658674188998,0.7450424929178471,0.9234449760765551,80.0,100.0,2981,45,227,6,0,0,0.0020127474002012745,0.0,0.0,0.2,0.6000000000000001,0.7000000000000001,0.4,40.0,95.0,40.0,0.2,0.7000000000000001,0.8,0.4,50.0,95.0,30.0,1428,1428,0,1428,0.0,0.983434130334376,1.0,0.983434130334376,1010,0.7072829131652661,1.0,1
"iteration_3","SCOPE_DATA_COLLECTION",300,44,2710.0,2770.0,2,1420,1408,425,1414,1354,443,1418,1412,418,1,2,3,7.047216349541931E-4,0.0014144271570014145,0.007125890736342043,0.3463267085226508,1.0084220980951815,1.9435370458733388,0.6926534170453016,1.0084220980951815,1.2956913639155592,0.03737658674188998,0.7450424929178471,0.9234449760765551,80.0,100.0,2981,45,227,6,0,0,0.0020127474002012745,0.0,0.0,0.2,0.6000000000000001,0.7000000000000001,0.4,40.0,95.0,40.0,0.2,0.7000000000000001,0.8,0.4,50.0,95.0,30.0,463,461,2,463,0.004319654427645789,1.8263724387745326,1.5,1.2175816258496883,398,0.8633405639913232,1.0,1
"iteration_3","SCOPE_DATA_COLLECTION",300,45,2770.0,2830.0,0,1450,1428,463,1420,1408,425,1448,1424,462,0,0,2,0.0,0.0,0.004310344827586207,0.3441306254156054,0.984414499105783,1.8242468559213476,0.6882612508312108,0.984414499105783,1.2161645706142317,0.04281767955801105,0.7092696629213483,0.8614718614718615,95.0,100.0,2984,61,296,2,0,0,6.702412868632708E-4,0.0,0.0,0.2,0.7000000000000001,0.8,0.4,50.0,95.0,30.0,0.2,0.6000000000000001,0.8,0.5,40.0,85.0,20.0,1380,1379,1,1380,7.246376811594203E-4,0.3435035097354175,0.5,0.687007019470835,51,0.03698332124728064,1.0,1
"iteration_3","SCOPE_DATA_COLLECTION",300,45,2770.0,2830.0,1,1450,1428,463,1420,1408,425,1448,1424,462,0,0,2,0.0,0.0,0.004310344827586207,0.3441306254156054,0.984414499105783,1.8242468559213476,0.6882612508312108,0.984414499105783,1.2161645706142317,0.04281767955801105,0.7092696629213483,0.8614718614718615,95.0,100.0,2984,61,296,2,0,0,6.702412868632708E-4,0.0,0.0,0.2,0.7000000000000001,0.8,0.4,50.0,95.0,30.0,0.2,0.6000000000000001,0.8,0.5,40.0,85.0,20.0,1475,1473,2,1475,0.0013559322033898306,0.9746549882722138,1.0,0.9746549882722138,1037,0.7040054310930075,1.0,1
"iteration_3","SCOPE_DATA_COLLECTION",300,45,2770.0,2830.0,2,1450,1428,463,1420,1408,425,1448,1424,462,0,0,2,0.0,0.0,0.004310344827586207,0.3441306254156054,0.984414499105783,1.8242468559213476,0.6882612508312108,0.984414499105783,1.2161645706142317,0.04281767955801105,0.7092696629213483,0.8614718614718615,95.0,100.0,2984,61,296,2,0,0,6.702412868632708E-4,0.0,0.0,0.2,0.7000000000000001,0.8,0.4,50.0,95.0,30.0,0.2,0.6000000000000001,0.8,0.5,40.0,85.0,20.0,500,500,0,500,0.0,1.8374203411115833,1.5,1.2249468940743888,431,0.862,1.0,1
"iteration_3","SCOPE_DATA_COLLECTION",300,46,2830.0,2890.0,0,1380,1475,500,1450,1428,463,1387,1470,500,1,2,0,7.204610951008645E-4,0.001358695652173913,0.0,0.343420495776683,0.9747082029933231,1.8369424986236145,0.686840991553366,0.9747082029933231,1.224628332415743,0.03677000720980533,0.7034013605442176,0.862,97.5,100.0,2969,68,318,3,0,0,0.0010104412260020209,0.0,0.0,0.2,0.6000000000000001,0.8,0.5,40.0,85.0,20.0,0.2,0.6000000000000001,0.9,0.4,50.0,95.0,20.0,1400,1400,0,1400,0.0,0.3450737643188732,0.5,0.6901475286377464,64,0.045714285714285714,1.0,1
"iteration_3","SCOPE_DATA_COLLECTION",300,46,2830.0,2890.0,1,1380,1475,500,1450,1428,463,1387,1470,500,1,2,0,7.204610951008645E-4,0.001358695652173913,0.0,0.343420495776683,0.9747082029933231,1.8369424986236145,0.686840991553366,0.9747082029933231,1.224628332415743,0.03677000720980533,0.7034013605442176,0.862,97.5,100.0,2969,68,318,3,0,0,0.0010104412260020209,0.0,0.0,0.2,0.6000000000000001,0.8,0.5,40.0,85.0,20.0,0.2,0.6000000000000001,0.9,0.4,50.0,95.0,20.0,1422,1421,1,1422,7.032348804500703E-4,0.9866391213105463,1.0,0.9866391213105463,1042,0.733286418015482,1.0,1
"iteration_3","SCOPE_DATA_COLLECTION",300,46,2830.0,2890.0,2,1380,1475,500,1450,1428,463,1387,1470,500,1,2,0,7.204610951008645E-4,0.001358695652173913,0.0,0.343420495776683,0.9747082029933231,1.8369424986236145,0.686840991553366,0.9747082029933231,1.224628332415743,0.03677000720980533,0.7034013605442176,0.862,97.5,100.0,2969,68,318,3,0,0,0.0010104412260020209,0.0,0.0,0.2,0.6000000000000001,0.8,0.5,40.0,85.0,20.0,0.2,0.6000000000000001,0.9,0.4,50.0,95.0,20.0,480,479,1,480,0.0020833333333333333,1.8592847475281744,1.5,1.239523165018783,420,0.8768267223382046,1.0,1
"iteration_3","SCOPE_DATA_COLLECTION",300,47,2890.0,2950.0,0,1400,1422,480,1380,1475,500,1396,1422,482,0,1,1,0.0,7.027406886858749E-4,0.002070393374741201,0.3450376544142341,0.9862571906483746,1.8605149094042999,0.6900753088284682,0.9862571906483746,1.2403432729361998,0.045845272206303724,0.7306610407876231,0.8775933609958506,87.5,100.0,2966,70,266,2,0,0,6.743088334457181E-4,0.0,0.0,0.2,0.6000000000000001,0.9,0.4,50.0,95.0,20.0,0.9500000000000001,0.9,0.2,0.2,85.0,75.0,65.0,1379,1379,0,1379,0.0,0.3506684086249678,0.5,0.7013368172499356,57,0.04133430021754895,1.0,1
"iteration_3","SCOPE_DATA_COLLECTION",300,47,2890.0,2950.0,1,1400,1422,480,1380,1475,500,1396,1422,482,0,1,1,0.0,7.027406886858749E-4,0.002070393374741201,0.3450376544142341,0.9862571906483746,1.8605149094042999,0.6900753088284682,0.9862571906483746,1.2403432729361998,0.045845272206303724,0.7306610407876231,0.8775933609958506,87.5,100.0,2966,70,266,2,0,0,6.743088334457181E-4,0.0,0.0,0.2,0.6000000000000001,0.9,0.4,50.0,95.0,20.0,0.9500000000000001,0.9,0.2,0.2,85.0,75.0,65.0,1462,1460,2,1462,0.0013679890560875513,1.00053870683861,1.0,1.00053870683861,1101,0.7541095890410959,1.0,1
"iteration_3","SCOPE_DATA_COLLECTION",300,47,2890.0,2950.0,2,1400,1422,480,1380,1475,500,1396,1422,482,0,1,1,0.0,7.027406886858749E-4,0.002070393374741201,0.3450376544142341,0.9862571906483746,1.8605149094042999,0.6900753088284682,0.9862571906483746,1.2403432729361998,0.045845272206303724,0.7306610407876231,0.8775933609958506,87.5,100.0,2966,70,266,2,0,0,6.743088334457181E-4,0.0,0.0,0.2,0.6000000000000001,0.9,0.4,50.0,95.0,20.0,0.9500000000000001,0.9,0.2,0.2,85.0,75.0,65.0,437,437,0,437,0.0,1.9372661855860165,1.5,1.2915107903906777,401,0.9176201372997712,1.0,1
"iteration_3","SCOPE_DATA_COLLECTION",300,48,2950.0,3010.0,0,1379,1462,437,1400,1422,480,1385,1456,433,0,2,0,0.0,0.0013717421124828531,0.0,0.3507929884966312,1.0002873380428317,1.9365739900457501,0.7015859769932624,1.0002873380428317,1.2910493266971668,0.04115523465703971,0.7561813186813187,0.9168591224018475,95.0,100.0,2982,283,13,2,0,0,6.706908115358819E-4,0.0,0.0,0.9500000000000001,0.9,0.2,0.2,85.0,75.0,65.0,0.9500000000000001,0.8,0.1,0.30000000000000004,75.0,65.0,65.0,1398,1396,2,1398,0.001430615164520744,0.3569755617060248,0.5,0.7139511234120496,50,0.03581661891117478,1.0,1
"iteration_3","SCOPE_DATA_COLLECTION",300,48,2950.0,3010.0,1,1379,1462,437,1400,1422,480,1385,1456,433,0,2,0,0.0,0.0013717421124828531,0.0,0.3507929884966312,1.0002873380428317,1.9365739900457501,0.7015859769932624,1.0002873380428317,1.2910493266971668,0.04115523465703971,0.7561813186813187,0.9168591224018475,95.0,100.0,2982,283,13,2,0,0,6.706908115358819E-4,0.0,0.0,0.9500000000000001,0.9,0.2,0.2,85.0,75.0,65.0,0.9500000000000001,0.8,0.1,0.30000000000000004,75.0,65.0,65.0,1393,1391,2,1393,0.0014357501794687725,1.0152183764409524,1.0,1.0152183764409524,1054,0.7577282530553558,1.0,1
"iteration_3","SCOPE_DATA_COLLECTION",300,48,2950.0,3010.0,2,1379,1462,437,1400,1422,480,1385,1456,433,0,2,0,0.0,0.0013717421124828531,0.0,0.3507929884966312,1.0002873380428317,1.9365739900457501,0.7015859769932624,1.0002873380428317,1.2910493266971668,0.04115523465703971,0.7561813186813187,0.9168591224018475,95.0,100.0,2982,283,13,2,0,0,6.706908115358819E-4,0.0,0.0,0.9500000000000001,0.9,0.2,0.2,85.0,75.0,65.0,0.9500000000000001,0.8,0.1,0.30000000000000004,75.0,65.0,65.0,453,453,0,453,0.0,1.949161570475497,1.5,1.2994410469836646,421,0.9293598233995585,1.0,1
"iteration_3","SCOPE_DATA_COLLECTION",300,49,3010.0,3070.0,0,1398,1393,453,1379,1462,437,1392,1394,453,2,2,0,0.0014347202295552368,0.0014326647564469914,0.0,0.35699958309562074,1.0153938510801255,1.9473113467324483,0.7139991661912415,1.0153938510801255,1.2982075644882989,0.035919540229885055,0.7546628407460545,0.9293598233995585,95.0,100.0,3034,200,10,4,0,0,0.0013183915622940012,0.0,0.0,0.9500000000000001,0.8,0.1,0.30000000000000004,75.0,65.0,65.0,0.05,0.1,0.9,0.9,95.0,20.0,60.0,1416,1415,1,1416,7.062146892655367E-4,0.3571616975119391,0.5,0.7143233950238782,81,0.05724381625441696,1.0,1
"iteration_3","SCOPE_DATA_COLLECTION",300,49,3010.0,3070.0,1,1398,1393,453,1379,1462,437,1392,1394,453,2,2,0,0.0014347202295552368,0.0014326647564469914,0.0,0.35699958309562074,1.0153938510801255,1.9473113467324483,0.7139991661912415,1.0153938510801255,1.2982075644882989,0.035919540229885055,0.7546628407460545,0.9293598233995585,95.0,100.0,3034,200,10,4,0,0,0.0013183915622940012,0.0,0.0,0.9500000000000001,0.8,0.1,0.30000000000000004,75.0,65.0,65.0,0.05,0.1,0.9,0.9,95.0,20.0,60.0,1455,1455,0,1455,0.0,1.0069950062588013,1.0,1.0069950062588013,1074,0.7381443298969073,1.0,1
"iteration_3","SCOPE_DATA_COLLECTION",300,49,3010.0,3070.0,2,1398,1393,453,1379,1462,437,1392,1394,453,2,2,0,0.0014347202295552368,0.0014326647564469914,0.0,0.35699958309562074,1.0153938510801255,1.9473113467324483,0.7139991661912415,1.0153938510801255,1.2982075644882989,0.035919540229885055,0.7546628407460545,0.9293598233995585,95.0,100.0,3034,200,10,4,0,0,0.0013183915622940012,0.0,0.0,0.9500000000000001,0.8,0.1,0.30000000000000004,75.0,65.0,65.0,0.05,0.1,0.9,0.9,95.0,20.0,60.0,442,442,0,442,0.0,1.9403472668876265,1.5,1.293564844591751,406,0.918552036199095,1.0,1
"iteration_3","SCOPE_DATA_COLLECTION",300,50,3070.0,3130.0,0,1416,1455,442,1398,1393,453,1412,1452,437,1,0,0,7.077140835102619E-4,0.0,0.0,0.35680953360165035,1.0063497627489435,1.9382581274699973,0.7136190672033007,1.0063497627489435,1.2921720849799982,0.05594900849858357,0.740358126721763,0.9176201372997712,97.5,100.0,3044,15,254,1,0,0,3.28515111695138E-4,0.0,0.0,0.05,0.1,0.9,0.9,95.0,20.0,60.0,0.15000000000000002,0.2,0.9,0.9,95.0,30.0,70.0,1418,1418,0,1418,0.0,0.34634092520508447,0.5,0.6926818504101689,56,0.039492242595204514,1.0,1
"iteration_3","SCOPE_DATA_COLLECTION",300,50,3070.0,3130.0,1,1416,1455,442,1398,1393,453,1412,1452,437,1,0,0,7.077140835102619E-4,0.0,0.0,0.35680953360165035,1.0063497627489435,1.9382581274699973,0.7136190672033007,1.0063497627489435,1.2921720849799982,0.05594900849858357,0.740358126721763,0.9176201372997712,97.5,100.0,3044,15,254,1,0,0,3.28515111695138E-4,0.0,0.0,0.05,0.1,0.9,0.9,95.0,20.0,60.0,0.15000000000000002,0.2,0.9,0.9,95.0,30.0,70.0,1476,1476,0,1476,0.0,0.9960373239836141,1.0,0.9960373239836141,1108,0.7506775067750677,1.0,1
"iteration_3","SCOPE_DATA_COLLECTION",300,50,3070.0,3130.0,2,1416,1455,442,1398,1393,453,1412,1452,437,1,0,0,7.077140835102619E-4,0.0,0.0,0.35680953360165035,1.0063497627489435,1.9382581274699973,0.7136190672033007,1.0063497627489435,1.2921720849799982,0.05594900849858357,0.740358126721763,0.9176201372997712,97.5,100.0,3044,15,254,1,0,0,3.28515111695138E-4,0.0,0.0,0.05,0.1,0.9,0.9,95.0,20.0,60.0,0.15000000000000002,0.2,0.9,0.9,95.0,30.0,70.0,427,425,2,427,0.00468384074941452,1.9378015029093458,1.5,1.2918676686062305,389,0.9152941176470588,1.0,1
"iteration_3","SCOPE_DATA_COLLECTION",300,51,3130.0,3190.0,0,1418,1476,427,1416,1455,442,1424,1476,429,0,0,2,0.0,0.0,0.004640371229698376,0.34668385877279784,0.9966910120958622,1.939310526982908,0.6933677175455957,0.9966910120958622,1.292873684655272,0.04073033707865169,0.7513550135501355,0.916083916083916,95.0,100.0,3003,43,275,2,0,0,6.66000666000666E-4,0.0,0.0,0.15000000000000002,0.2,0.9,0.9,95.0,30.0,70.0,0.25,0.4,0.7000000000000001,0.9,30.0,90.0,20.0,1350,1350,0,1350,0.0,0.34907010445693537,0.5,0.6981402089138707,50,0.037037037037037035,1.0,1
"iteration_3","SCOPE_DATA_COLLECTION",300,51,3130.0,3190.0,1,1418,1476,427,1416,1455,442,1424,1476,429,0,0,2,0.0,0.0,0.004640371229698376,0.34668385877279784,0.9966910120958622,1.939310526982908,0.6933677175455957,0.9966910120958622,1.292873684655272,0.04073033707865169,0.7513550135501355,0.916083916083916,95.0,100.0,3003,43,275,2,0,0,6.66000666000666E-4,0.0,0.0,0.15000000000000002,0.2,0.9,0.9,95.0,30.0,70.0,0.25,0.4,0.7000000000000001,0.9,30.0,90.0,20.0,1415,1413,2,1415,0.0014134275618374558,1.005578185787649,1.0,1.005578185787649,1068,0.7558386411889597,1.0,1
"iteration_3","SCOPE_DATA_COLLECTION",300,51,3130.0,3190.0,2,1418,1476,427,1416,1455,442,1424,1476,429,0,0,2,0.0,0.0,0.004640371229698376,0.34668385877279784,0.9966910120958622,1.939310526982908,0.6933677175455957,0.9966910120958622,1.292873684655272,0.04073033707865169,0.7513550135501355,0.916083916083916,95.0,100.0,3003,43,275,2,0,0,6.66000666000666E-4,0.0,0.0,0.15000000000000002,0.2,0.9,0.9,95.0,30.0,70.0,0.25,0.4,0.7000000000000001,0.9,30.0,90.0,20.0,458,457,1,458,0.002183406113537118,1.9212663670748085,1.5,1.280844244716539,417,0.912472647702407,1.0,1
"iteration_3","SCOPE_DATA_COLLECTION",300,52,3190.0,3250.0,0,1350,1415,458,1418,1476,427,1350,1418,459,0,2,1,0.0,0.0014084507042253522,0.002173913043478261,0.34909054916186166,1.005406283186592,1.9237893892668887,0.6981810983237233,1.005406283186592,1.2825262595112592,0.037037037037037035,0.7531734837799718,0.9128540305010894,90.0,100.0,2938,65,220,3,0,0,0.0010211027910142954,0.0,0.0,0.25,0.4,0.7000000000000001,0.9,30.0,90.0,20.0,0.25,0.30000000000000004,0.7000000000000001,0.9,20.0,90.0,20.0,1399,1399,0,1399,0.0,0.34688709426549935,0.5,0.6937741885309987,41,0.029306647605432452,1.0,1
"iteration_3","SCOPE_DATA_COLLECTION",300,52,3190.0,3250.0,1,1350,1415,458,1418,1476,427,1350,1418,459,0,2,1,0.0,0.0014084507042253522,0.002173913043478261,0.34909054916186166,1.005406283186592,1.9237893892668887,0.6981810983237233,1.005406283186592,1.2825262595112592,0.037037037037037035,0.7531734837799718,0.9128540305010894,90.0,100.0,2938,65,220,3,0,0,0.0010211027910142954,0.0,0.0,0.25,0.4,0.7000000000000001,0.9,30.0,90.0,20.0,0.25,0.30000000000000004,0.7000000000000001,0.9,20.0,90.0,20.0,1394,1391,3,1394,0.002152080344332855,1.0108694014663429,1.0,1.0108694014663429,1015,0.7296908698777858,1.0,1
"iteration_3","SCOPE_DATA_COLLECTION",300,52,3190.0,3250.0,2,1350,1415,458,1418,1476,427,1350,1418,459,0,2,1,0.0,0.0014084507042253522,0.002173913043478261,0.34909054916186166,1.005406283186592,1.9237893892668887,0.6981810983237233,1.005406283186592,1.2825262595112592,0.037037037037037035,0.7531734837799718,0.9128540305010894,90.0,100.0,2938,65,220,3,0,0,0.0010211027910142954,0.0,0.0,0.25,0.4,0.7000000000000001,0.9,30.0,90.0,20.0,0.25,0.30000000000000004,0.7000000000000001,0.9,20.0,90.0,20.0,439,438,1,439,0.002277904328018223,1.962810561270324,1.5,1.308540374180216,410,0.9360730593607306,1.0,1
"iteration_3","SCOPE_DATA_COLLECTION",300,53,3250.0,3310.0,0,1399,1394,439,1350,1415,458,1398,1391,435,0,3,1,0.0,0.002152080344332855,0.0022935779816513763,0.34672123823176526,1.0114502420373566,1.9629832668711844,0.6934424764635305,1.0114502420373566,1.3086555112474563,0.029327610872675252,0.7332854061826024,0.9356321839080459,92.5,100.0,2987,78,167,4,0,0,0.0013391362571141614,0.0,0.0,0.25,0.30000000000000004,0.7000000000000001,0.9,20.0,90.0,20.0,0.35000000000000003,0.4,0.6000000000000001,0.9,30.0,95.0,20.0,1383,1382,1,1383,7.230657989877079E-4,0.34148930036430597,0.5,0.6829786007286119,49,0.03545586107091172,1.0,1
"iteration_3","SCOPE_DATA_COLLECTION",300,53,3250.0,3310.0,1,1399,1394,439,1350,1415,458,1398,1391,435,0,3,1,0.0,0.002152080344332855,0.0022935779816513763,0.34672123823176526,1.0114502420373566,1.9629832668711844,0.6934424764635305,1.0114502420373566,1.3086555112474563,0.029327610872675252,0.7332854061826024,0.9356321839080459,92.5,100.0,2987,78,167,4,0,0,0.0013391362571141614,0.0,0.0,0.25,0.30000000000000004,0.7000000000000001,0.9,20.0,90.0,20.0,0.35000000000000003,0.4,0.6000000000000001,0.9,30.0,95.0,20.0,1448,1447,1,1448,6.906077348066298E-4,0.9760602129648701,1.0,0.9760602129648701,1046,0.7228749136143746,1.0,1
"iteration_3","SCOPE_DATA_COLLECTION",300,53,3250.0,3310.0,2,1399,1394,439,1350,1415,458,1398,1391,435,0,3,1,0.0,0.002152080344332855,0.0022935779816513763,0.34672123823176526,1.0114502420373566,1.9629832668711844,0.6934424764635305,1.0114502420373566,1.3086555112474563,0.029327610872675252,0.7332854061826024,0.9356321839080459,92.5,100.0,2987,78,167,4,0,0,0.0013391362571141614,0.0,0.0,0.25,0.30000000000000004,0.7000000000000001,0.9,20.0,90.0,20.0,0.35000000000000003,0.4,0.6000000000000001,0.9,30.0,95.0,20.0,466,465,1,466,0.002145922746781116,1.9123348620906135,1.5,1.274889908060409,420,0.9032258064516129,1.0,1
"iteration_3","SCOPE_DATA_COLLECTION",300,54,3310.0,3370.0,0,1383,1448,466,1399,1394,439,1383,1449,469,1,1,1,7.22543352601156E-4,6.89655172413793E-4,0.002127659574468085,0.3416462497625695,0.9746475154934675,1.9119676948902558,0.683292499525139,0.9746475154934675,1.274645129926837,0.035430224150397684,0.7204968944099379,0.9040511727078892,82.5,100.0,2935,143,219,3,0,0,0.0010221465076660989,0.0,0.0,0.35000000000000003,0.4,0.6000000000000001,0.9,30.0,95.0,20.0,0.45,0.30000000000000004,0.5,0.9,40.0,95.0,20.0,1411,1409,2,1411,0.001417434443656981,0.3540745822510907,0.5,0.7081491645021813,67,0.047551454932576294,1.0,1
"iteration_3","SCOPE_DATA_COLLECTION",300,54,3310.0,3370.0,1,1383,1448,466,1399,1394,439,1383,1449,469,1,1,1,7.22543352601156E-4,6.89655172413793E-4,0.002127659574468085,0.3416462497625695,0.9746475154934675,1.9119676948902558,0.683292499525139,0.9746475154934675,1.274645129926837,0.035430224150397684,0.7204968944099379,0.9040511727078892,82.5,100.0,2935,143,219,3,0,0,0.0010221465076660989,0.0,0.0,0.35000000000000003,0.4,0.6000000000000001,0.9,30.0,95.0,20.0,0.45,0.30000000000000004,0.5,0.9,40.0,95.0,20.0,1459,1459,0,1459,0.0,0.99935117502954,1.0,0.99935117502954,1090,0.7470870459218643,1.0,1
"iteration_3","SCOPE_DATA_COLLECTION",300,54,3310.0,3370.0,2,1383,1448,466,1399,1394,439,1383,1449,469,1,1,1,7.22543352601156E-4,6.89655172413793E-4,0.002127659574468085,0.3416462497625695,0.9746475154934675,1.9119676948902558,0.683292499525139,0.9746475154934675,1.274645129926837,0.035430224150397684,0.7204968944099379,0.9040511727078892,82.5,100.0,2935,143,219,3,0,0,0.0010221465076660989,0.0,0.0,0.35000000000000003,0.4,0.6000000000000001,0.9,30.0,95.0,20.0,0.45,0.30000000000000004,0.5,0.9,40.0,95.0,20.0,460,460,0,460,0.0,1.8847460358478805,1.5,1.2564973572319202,409,0.8891304347826087,1.0,1
"iteration_3","SCOPE_DATA_COLLECTION",300,55,3370.0,3430.0,0,1411,1459,460,1383,1448,466,1411,1451,459,2,0,0,0.0014154281670205238,0.0,0.0,0.3540776520887144,1.0013947613676062,1.8882405194061187,0.7081553041774288,1.0013947613676062,1.2588270129374124,0.04748405386250886,0.7498277050310131,0.8910675381263616,97.5,100.0,3042,122,166,2,0,0,6.574621959237344E-4,0.0,0.0,0.45,0.30000000000000004,0.5,0.9,40.0,95.0,20.0,0.30000000000000004,0.9,0.6000000000000001,0.7000000000000001,40.0,55.0,75.0,1402,1401,1,1402,7.132667617689016E-4,0.3439706898338675,0.5,0.687941379667735,62,0.04425410421127766,1.0,1
"iteration_3","SCOPE_DATA_COLLECTION",300,55,3370.0,3430.0,1,1411,1459,460,1383,1448,466,1411,1451,459,2,0,0,0.0014154281670205238,0.0,0.0,0.3540776520887144,1.0013947613676062,1.8882405194061187,0.7081553041774288,1.0013947613676062,1.2588270129374124,0.04748405386250886,0.7498277050310131,0.8910675381263616,97.5,100.0,3042,122,166,2,0,0,6.574621959237344E-4,0.0,0.0,0.45,0.30000000000000004,0.5,0.9,40.0,95.0,20.0,0.30000000000000004,0.9,0.6000000000000001,0.7000000000000001,40.0,55.0,75.0,1418,1417,1,1418,7.052186177715092E-4,0.9844357813240537,1.0,0.9844357813240537,1031,0.7275935074100212,1.0,1
"iteration_3","SCOPE_DATA_COLLECTION",300,55,3370.0,3430.0,2,1411,1459,460,1383,1448,466,1411,1451,459,2,0,0,0.0014154281670205238,0.0,0.0,0.3540776520887144,1.0013947613676062,1.8882405194061187,0.7081553041774288,1.0013947613676062,1.2588270129374124,0.04748405386250886,0.7498277050310131,0.8910675381263616,97.5,100.0,3042,122,166,2,0,0,6.574621959237344E-4,0.0,0.0,0.45,0.30000000000000004,0.5,0.9,40.0,95.0,20.0,0.30000000000000004,0.9,0.6000000000000001,0.7000000000000001,40.0,55.0,75.0,475,474,1,475,0.002105263157894737,1.8610364216227455,1.5,1.240690947748497,415,0.8755274261603375,1.0,1
"iteration_3","SCOPE_DATA_COLLECTION",300,56,3430.0,3490.0,0,1402,1418,475,1411,1459,460,1401,1413,477,1,1,1,7.132667617689016E-4,7.072135785007072E-4,0.0020920502092050207,0.34402893459911144,0.9831770271494868,1.859710943761706,0.6880578691982229,0.9831770271494868,1.2398072958411375,0.04425410421127766,0.7254069355980184,0.8742138364779874,87.5,100.0,2954,111,230,3,0,0,0.001015572105619499,0.0,0.0,0.30000000000000004,0.9,0.6000000000000001,0.7000000000000001,40.0,55.0,75.0,0.2,0.9,0.5,0.7000000000000001,30.0,45.0,75.0,1449,1448,1,1449,6.901311249137336E-4,0.34237851299906386,0.5,0.6847570259981277,58,0.04005524861878453,1.0,1
"iteration_3","SCOPE_DATA_COLLECTION",300,56,3430.0,3490.0,1,1402,1418,475,1411,1459,460,1401,1413,477,1,1,1,7.132667617689016E-4,7.072135785007072E-4,0.0020920502092050207,0.34402893459911144,0.9831770271494868,1.859710943761706,0.6880578691982229,0.9831770271494868,1.2398072958411375,0.04425410421127766,0.7254069355980184,0.8742138364779874,87.5,100.0,2954,111,230,3,0,0,0.001015572105619499,0.0,0.0,0.30000000000000004,0.9,0.6000000000000001,0.7000000000000001,40.0,55.0,75.0,0.2,0.9,0.5,0.7000000000000001,30.0,45.0,75.0,1372,1371,1,1372,7.288629737609329E-4,0.9995707140987296,1.0,0.9995707140987296,1011,0.737417943107221,1.0,1
"iteration_3","SCOPE_DATA_COLLECTION",300,56,3430.0,3490.0,2,1402,1418,475,1411,1459,460,1401,1413,477,1,1,1,7.132667617689016E-4,7.072135785007072E-4,0.0020920502092050207,0.34402893459911144,0.9831770271494868,1.859710943761706,0.6880578691982229,0.9831770271494868,1.2398072958411375,0.04425410421127766,0.7254069355980184,0.8742138364779874,87.5,100.0,2954,111,230,3,0,0,0.001015572105619499,0.0,0.0,0.30000000000000004,0.9,0.6000000000000001,0.7000000000000001,40.0,55.0,75.0,0.2,0.9,0.5,0.7000000000000001,30.0,45.0,75.0,442,442,0,442,0.0,1.948888063126376,1.5,1.2992587087509173,410,0.9276018099547512,1.0,1
"iteration_3","SCOPE_DATA_COLLECTION",300,57,3490.0,3550.0,0,1449,1372,442,1402,1418,475,1443,1376,443,1,1,0,6.925207756232687E-4,7.262164124909223E-4,0.0,0.3420195836238976,0.9984255829091468,1.9488693945947744,0.6840391672477952,0.9984255829091468,1.299246263063183,0.0395010395010395,0.7361918604651163,0.927765237020316,87.5,100.0,2968,54,241,2,0,0,6.738544474393531E-4,0.0,0.0,0.2,0.9,0.5,0.7000000000000001,30.0,45.0,75.0,0.2,0.9,0.4,0.6000000000000001,30.0,35.0,85.0,1400,1400,0,1400,0.0,0.3366337875921067,0.5,0.6732675751842134,59,0.04214285714285714,1.0,1
"iteration_3","SCOPE_DATA_COLLECTION",300,57,3490.0,3550.0,1,1449,1372,442,1402,1418,475,1443,1376,443,1,1,0,6.925207756232687E-4,7.262164124909223E-4,0.0,0.3420195836238976,0.9984255829091468,1.9488693945947744,0.6840391672477952,0.9984255829091468,1.299246263063183,0.0395010395010395,0.7361918604651163,0.927765237020316,87.5,100.0,2968,54,241,2,0,0,6.738544474393531E-4,0.0,0.0,0.2,0.9,0.5,0.7000000000000001,30.0,45.0,75.0,0.2,0.9,0.4,0.6000000000000001,30.0,35.0,85.0,1435,1434,1,1435,6.968641114982578E-4,0.9816373809321627,1.0,0.9816373809321627,1033,0.7203626220362622,1.0,1
"iteration_3","SCOPE_DATA_COLLECTION",300,57,3490.0,3550.0,2,1449,1372,442,1402,1418,475,1443,1376,443,1,1,0,6.925207756232687E-4,7.262164124909223E-4,0.0,0.3420195836238976,0.9984255829091468,1.9488693945947744,0.6840391672477952,0.9984255829091468,1.299246263063183,0.0395010395010395,0.7361918604651163,0.927765237020316,87.5,100.0,2968,54,241,2,0,0,6.738544474393531E-4,0.0,0.0,0.2,0.9,0.5,0.7000000000000001,30.0,45.0,75.0,0.2,0.9,0.4,0.6000000000000001,30.0,35.0,85.0,478,477,1,478,0.0020920502092050207,1.8956072628849643,1.5,1.2637381752566428,426,0.8930817610062893,1.0,1
"iteration_3","SCOPE_DATA_COLLECTION",300,58,3550.0,3619.015086174925,0,1400,1435,478,1449,1372,442,1404,1443,469,0,1,1,0.0,6.925207756232687E-4,0.002127659574468085,0.336910668113878,0.9823064982480345,1.890026380108317,0.673821336227756,0.9823064982480345,1.260017586738878,0.042735042735042736,0.72002772002772,0.8912579957356077,90.0,100.0,2935,78,300,2,0,0,6.814310051107325E-4,0.0,0.0,0.2,0.9,0.4,0.6000000000000001,30.0,35.0,85.0,0.2,0.9,0.4,0.6000000000000001,30.0,35.0,85.0,1197,1188,2,1190,0.0016806722689075631,0.34360639791656494,0.5,0.6872127958331299,48,0.04040404040404041,0.9941520467836257,0
"iteration_3","SCOPE_DATA_COLLECTION",300,58,3550.0,3619.015086174925,1,1400,1435,478,1449,1372,442,1404,1443,469,0,1,1,0.0,6.925207756232687E-4,0.002127659574468085,0.336910668113878,0.9823064982480345,1.890026380108317,0.673821336227756,0.9823064982480345,1.260017586738878,0.042735042735042736,0.72002772002772,0.8912579957356077,90.0,100.0,2935,78,300,2,0,0,6.814310051107325E-4,0.0,0.0,0.2,0.9,0.4,0.6000000000000001,30.0,35.0,85.0,0.2,0.9,0.4,0.6000000000000001,30.0,35.0,85.0,1182,1162,2,1164,0.001718213058419244,0.9978968392859581,1.0,0.9978968392859581,845,0.7271944922547332,0.9847715736040609,0
"iteration_3","SCOPE_DATA_COLLECTION",300,58,3550.0,3619.015086174925,2,1400,1435,478,1449,1372,442,1404,1443,469,0,1,1,0.0,6.925207756232687E-4,0.002127659574468085,0.336910668113878,0.9823064982480345,1.890026380108317,0.673821336227756,0.9823064982480345,1.260017586738878,0.042735042735042736,0.72002772002772,0.8912579957356077,90.0,100.0,2935,78,300,2,0,0,6.814310051107325E-4,0.0,0.0,0.2,0.9,0.4,0.6000000000000001,30.0,35.0,85.0,0.2,0.9,0.4,0.6000000000000001,30.0,35.0,85.0,397,378,2,380,0.005263157894736842,1.8529087007229594,1.5,1.2352724671486397,329,0.8703703703703703,0.9571788413098237,0
"iteration_3","SCOPE_DATA_COLLECTION",400,0,70.0,130.0,0,2196,1533,572,0,0,0,2182,1507,558,0,0,1,0.0,0.0,0.0017889087656529517,0.3215172346805848,0.8959210781006709,1.7011435719455321,0.6430344693611696,0.8959210781006709,1.1340957146303547,0.06370302474793767,0.6423357664233577,0.7795698924731183,95.0,100.0,3359,563,379,1,0,0,2.9770765108663293E-4,0.0,0.0,0.6,0.5,0.7,0.4,85.0,80.0,90.0,0.6,0.5,0.7,0.4,85.0,80.0,90.0,2333,2331,2,2333,8.572653236176596E-4,0.3345725012285099,0.5,0.6691450024570198,232,0.09952809952809953,1.0,1
"iteration_3","SCOPE_DATA_COLLECTION",400,0,70.0,130.0,1,2196,1533,572,0,0,0,2182,1507,558,0,0,1,0.0,0.0,0.0017889087656529517,0.3215172346805848,0.8959210781006709,1.7011435719455321,0.6430344693611696,0.8959210781006709,1.1340957146303547,0.06370302474793767,0.6423357664233577,0.7795698924731183,95.0,100.0,3359,563,379,1,0,0,2.9770765108663293E-4,0.0,0.0,0.6,0.5,0.7,0.4,85.0,80.0,90.0,0.6,0.5,0.7,0.4,85.0,80.0,90.0,1630,1629,1,1630,6.134969325153375E-4,0.8877339612582557,1.0,0.8877339612582557,1048,0.6433394720687539,1.0,1
"iteration_3","SCOPE_DATA_COLLECTION",400,0,70.0,130.0,2,2196,1533,572,0,0,0,2182,1507,558,0,0,1,0.0,0.0,0.0017889087656529517,0.3215172346805848,0.8959210781006709,1.7011435719455321,0.6430344693611696,0.8959210781006709,1.1340957146303547,0.06370302474793767,0.6423357664233577,0.7795698924731183,95.0,100.0,3359,563,379,1,0,0,2.9770765108663293E-4,0.0,0.0,0.6,0.5,0.7,0.4,85.0,80.0,90.0,0.6,0.5,0.7,0.4,85.0,80.0,90.0,614,614,0,614,0.0,1.7222808753094523,1.5,1.1481872502063015,489,0.7964169381107492,1.0,1
"iteration_3","SCOPE_DATA_COLLECTION",400,1,130.0,190.0,0,2333,1630,614,2196,1533,572,2331,1622,612,2,1,0,8.572653236176596E-4,6.161429451632779E-4,0.0,0.3336902956197483,0.8887401952740813,1.7215635952189476,0.6673805912394966,0.8887401952740813,1.1477090634792984,0.09867009867009867,0.6442663378545006,0.795751633986928,97.5,100.0,3599,581,397,2,1,0,5.557099194220616E-4,0.0017211703958691911,0.0,0.6,0.5,0.7,0.4,85.0,80.0,90.0,0.1,0.7000000000000001,0.9,0.1,35.0,55.0,30.0,2294,2293,1,2294,4.3591979075850045E-4,0.3210404702275278,0.5,0.6420809404550556,168,0.07326646314871348,1.0,1
"iteration_3","SCOPE_DATA_COLLECTION",400,1,130.0,190.0,1,2333,1630,614,2196,1533,572,2331,1622,612,2,1,0,8.572653236176596E-4,6.161429451632779E-4,0.0,0.3336902956197483,0.8887401952740813,1.7215635952189476,0.6673805912394966,0.8887401952740813,1.1477090634792984,0.09867009867009867,0.6442663378545006,0.795751633986928,97.5,100.0,3599,581,397,2,1,0,5.557099194220616E-4,0.0017211703958691911,0.0,0.6,0.5,0.7,0.4,85.0,80.0,90.0,0.1,0.7000000000000001,0.9,0.1,35.0,55.0,30.0,1670,1670,0,1670,0.0,0.8842233164925629,1.0,0.8842233164925629,1065,0.6377245508982036,1.0,1
"iteration_3","SCOPE_DATA_COLLECTION",400,1,130.0,190.0,2,2333,1630,614,2196,1533,572,2331,1622,612,2,1,0,8.572653236176596E-4,6.161429451632779E-4,0.0,0.3336902956197483,0.8887401952740813,1.7215635952189476,0.6673805912394966,0.8887401952740813,1.1477090634792984,0.09867009867009867,0.6442663378545006,0.795751633986928,97.5,100.0,3599,581,397,2,1,0,5.557099194220616E-4,0.0017211703958691911,0.0,0.6,0.5,0.7,0.4,85.0,80.0,90.0,0.1,0.7000000000000001,0.9,0.1,35.0,55.0,30.0,581,581,0,581,0.0,1.7223068100315322,1.5,1.1482045400210215,464,0.7986230636833046,1.0,1
"iteration_3","SCOPE_DATA_COLLECTION",400,2,190.0,250.0,0,2294,1670,581,2333,1630,614,2297,1679,578,1,0,0,4.351610095735422E-4,0.0,0.0,0.32173322042716906,0.8846738207569583,1.7282354562230493,0.6434664408543381,0.8846738207569583,1.1521569708153663,0.07313887679582064,0.6360929124478857,0.801038062283737,97.5,100.0,3555,92,898,1,0,0,2.8129395218002813E-4,0.0,0.0,0.1,0.7000000000000001,0.9,0.1,35.0,55.0,30.0,0.2,0.6000000000000001,0.9,0.1,35.0,55.0,40.0,2301,2300,1,2301,4.34593654932638E-4,0.32900928171661453,0.5,0.6580185634332291,201,0.08739130434782609,1.0,1
"iteration_3","SCOPE_DATA_COLLECTION",400,2,190.0,250.0,1,2294,1670,581,2333,1630,614,2297,1679,578,1,0,0,4.351610095735422E-4,0.0,0.0,0.32173322042716906,0.8846738207569583,1.7282354562230493,0.6434664408543381,0.8846738207569583,1.1521569708153663,0.07313887679582064,0.6360929124478857,0.801038062283737,97.5,100.0,3555,92,898,1,0,0,2.8129395218002813E-4,0.0,0.0,0.1,0.7000000000000001,0.9,0.1,35.0,55.0,30.0,0.2,0.6000000000000001,0.9,0.1,35.0,55.0,40.0,1630,1629,1,1630,6.134969325153375E-4,0.8954991812143378,1.0,0.8954991812143378,1048,0.6433394720687539,1.0,1
"iteration_3","SCOPE_DATA_COLLECTION",400,2,190.0,250.0,2,2294,1670,581,2333,1630,614,2297,1679,578,1,0,0,4.351610095735422E-4,0.0,0.0,0.32173322042716906,0.8846738207569583,1.7282354562230493,0.6434664408543381,0.8846738207569583,1.1521569708153663,0.07313887679582064,0.6360929124478857,0.801038062283737,97.5,100.0,3555,92,898,1,0,0,2.8129395218002813E-4,0.0,0.0,0.1,0.7000000000000001,0.9,0.1,35.0,55.0,30.0,0.2,0.6000000000000001,0.9,0.1,35.0,55.0,40.0,608,608,0,608,0.0,1.6887297112504243,1.5,1.1258198075002828,475,0.78125,1.0,1
"iteration_3","SCOPE_DATA_COLLECTION",400,3,250.0,310.0,0,2301,1630,608,2294,1670,581,2296,1626,610,1,1,0,4.3535045711797995E-4,6.146281499692685E-4,0.0,0.3289922167964509,0.8951833219357475,1.6840545158687008,0.6579844335929018,0.8951833219357475,1.1227030105791338,0.08754355400696864,0.6463714637146372,0.7786885245901639,95.0,100.0,3566,202,771,2,0,0,5.608524957936063E-4,0.0,0.0,0.2,0.6000000000000001,0.9,0.1,35.0,55.0,40.0,0.1,0.7000000000000001,0.9,0.1,45.0,65.0,30.0,2356,2354,2,2356,8.488964346349745E-4,0.33364463879643574,0.5,0.6672892775928715,198,0.08411214953271028,1.0,1
"iteration_3","SCOPE_DATA_COLLECTION",400,3,250.0,310.0,1,2301,1630,608,2294,1670,581,2296,1626,610,1,1,0,4.3535045711797995E-4,6.146281499692685E-4,0.0,0.3289922167964509,0.8951833219357475,1.6840545158687008,0.6579844335929018,0.8951833219357475,1.1227030105791338,0.08754355400696864,0.6463714637146372,0.7786885245901639,95.0,100.0,3566,202,771,2,0,0,5.608524957936063E-4,0.0,0.0,0.2,0.6000000000000001,0.9,0.1,35.0,55.0,40.0,0.1,0.7000000000000001,0.9,0.1,45.0,65.0,30.0,1671,1668,3,1671,0.0017953321364452424,0.9014844849865382,1.0,0.9014844849865382,1086,0.6510791366906474,1.0,1
"iteration_3","SCOPE_DATA_COLLECTION",400,3,250.0,310.0,2,2301,1630,608,2294,1670,581,2296,1626,610,1,1,0,4.3535045711797995E-4,6.146281499692685E-4,0.0,0.3289922167964509,0.8951833219357475,1.6840545158687008,0.6579844335929018,0.8951833219357475,1.1227030105791338,0.08754355400696864,0.6463714637146372,0.7786885245901639,95.0,100.0,3566,202,771,2,0,0,5.608524957936063E-4,0.0,0.0,0.2,0.6000000000000001,0.9,0.1,35.0,55.0,40.0,0.1,0.7000000000000001,0.9,0.1,45.0,65.0,30.0,521,521,0,521,0.0,1.7563689736121078,1.5,1.1709126490747386,427,0.8195777351247601,1.0,1
"iteration_3","SCOPE_DATA_COLLECTION",400,4,310.0,370.0,0,2356,1671,521,2301,1630,608,2352,1670,525,2,3,0,8.496176720475786E-4,0.0017931858936043037,0.0,0.3336909432837973,0.9015697993850486,1.7583314437171988,0.6673818865675946,0.9015697993850486,1.1722209624781326,0.08460884353741496,0.6473053892215569,0.820952380952381,95.0,100.0,3674,95,779,5,0,0,0.0013609145345672292,0.0,0.0,0.1,0.7000000000000001,0.9,0.1,45.0,65.0,30.0,0.65,0.8,0.7000000000000001,0.2,65.0,30.0,75.0,2311,2310,1,2311,4.3271311120726956E-4,0.33588184565270307,0.5,0.6717636913054061,241,0.10432900432900433,1.0,1
"iteration_3","SCOPE_DATA_COLLECTION",400,4,310.0,370.0,1,2356,1671,521,2301,1630,608,2352,1670,525,2,3,0,8.496176720475786E-4,0.0017931858936043037,0.0,0.3336909432837973,0.9015697993850486,1.7583314437171988,0.6673818865675946,0.9015697993850486,1.1722209624781326,0.08460884353741496,0.6473053892215569,0.820952380952381,95.0,100.0,3674,95,779,5,0,0,0.0013609145345672292,0.0,0.0,0.1,0.7000000000000001,0.9,0.1,45.0,65.0,30.0,0.65,0.8,0.7000000000000001,0.2,65.0,30.0,75.0,1622,1622,0,1622,0.0,0.8939418284524887,1.0,0.8939418284524887,1045,0.6442663378545006,1.0,1
"iteration_3","SCOPE_DATA_COLLECTION",400,4,310.0,370.0,2,2356,1671,521,2301,1630,608,2352,1670,525,2,3,0,8.496176720475786E-4,0.0017931858936043037,0.0,0.3336909432837973,0.9015697993850486,1.7583314437171988,0.6673818865675946,0.9015697993850486,1.1722209624781326,0.08460884353741496,0.6473053892215569,0.820952380952381,95.0,100.0,3674,95,779,5,0,0,0.0013609145345672292,0.0,0.0,0.1,0.7000000000000001,0.9,0.1,45.0,65.0,30.0,0.65,0.8,0.7000000000000001,0.2,65.0,30.0,75.0,578,578,0,578,0.0,1.7081095587243025,1.5,1.1387397058162017,457,0.7906574394463668,1.0,1
"iteration_3","SCOPE_DATA_COLLECTION",400,5,370.0,430.0,0,2311,1622,578,2356,1671,521,2310,1630,572,1,0,0,4.3271311120726956E-4,0.0,0.0,0.3361985127734995,0.8955207225593111,1.7102042545953071,0.672397025546999,0.8955207225593111,1.1401361697302048,0.10562770562770563,0.647239263803681,0.791958041958042,95.0,100.0,3562,609,340,1,0,0,2.8074115665356543E-4,0.0,0.0,0.65,0.8,0.7000000000000001,0.2,65.0,30.0,75.0,0.75,0.7000000000000001,0.7000000000000001,0.1,75.0,30.0,85.0,2347,2347,0,2347,0.0,0.33076362258515507,0.5,0.6615272451703101,233,0.09927567106945036,1.0,1
"iteration_3","SCOPE_DATA_COLLECTION",400,5,370.0,430.0,1,2311,1622,578,2356,1671,521,2310,1630,572,1,0,0,4.3271311120726956E-4,0.0,0.0,0.3361985127734995,0.8955207225593111,1.7102042545953071,0.672397025546999,0.8955207225593111,1.1401361697302048,0.10562770562770563,0.647239263803681,0.791958041958042,95.0,100.0,3562,609,340,1,0,0,2.8074115665356543E-4,0.0,0.0,0.65,0.8,0.7000000000000001,0.2,65.0,30.0,75.0,0.75,0.7000000000000001,0.7000000000000001,0.1,75.0,30.0,85.0,1594,1594,0,1594,0.0,0.9002192271975132,1.0,0.9002192271975132,1035,0.6493099121706399,1.0,1
"iteration_3","SCOPE_DATA_COLLECTION",400,5,370.0,430.0,2,2311,1622,578,2356,1671,521,2310,1630,572,1,0,0,4.3271311120726956E-4,0.0,0.0,0.3361985127734995,0.8955207225593111,1.7102042545953071,0.672397025546999,0.8955207225593111,1.1401361697302048,0.10562770562770563,0.647239263803681,0.791958041958042,95.0,100.0,3562,609,340,1,0,0,2.8074115665356543E-4,0.0,0.0,0.65,0.8,0.7000000000000001,0.2,65.0,30.0,75.0,0.75,0.7000000000000001,0.7000000000000001,0.1,75.0,30.0,85.0,652,652,0,652,0.0,1.6615507916274652,1.5,1.1077005277516434,496,0.7607361963190185,1.0,1
"iteration_3","SCOPE_DATA_COLLECTION",400,6,430.0,490.0,0,2347,1594,652,2311,1622,578,2348,1585,654,0,0,0,0.0,0.0,0.0,0.32995712462463933,0.8993536813959923,1.661369626935933,0.6599142492492787,0.8993536813959923,1.107579751290622,0.09582623509369677,0.6536277602523659,0.7599388379204893,95.0,100.0,3553,779,261,0,0,0,0.0,0.0,0.0,0.75,0.7000000000000001,0.7000000000000001,0.1,75.0,30.0,85.0,0.8500000000000001,0.6000000000000001,0.8,0.1,85.0,30.0,85.0,2282,2282,0,2282,0.0,0.3291496147725976,0.5,0.6582992295451952,158,0.06923751095530237,1.0,1
"iteration_3","SCOPE_DATA_COLLECTION",400,6,430.0,490.0,1,2347,1594,652,2311,1622,578,2348,1585,654,0,0,0,0.0,0.0,0.0,0.32995712462463933,0.8993536813959923,1.661369626935933,0.6599142492492787,0.8993536813959923,1.107579751290622,0.09582623509369677,0.6536277602523659,0.7599388379204893,95.0,100.0,3553,779,261,0,0,0,0.0,0.0,0.0,0.75,0.7000000000000001,0.7000000000000001,0.1,75.0,30.0,85.0,0.8500000000000001,0.6000000000000001,0.8,0.1,85.0,30.0,85.0,1634,1633,1,1634,6.119951040391676E-4,0.9129673168597762,1.0,0.9129673168597762,1066,0.6527862829148806,1.0,1
"iteration_3","SCOPE_DATA_COLLECTION",400,6,430.0,490.0,2,2347,1594,652,2311,1622,578,2348,1585,654,0,0,0,0.0,0.0,0.0,0.32995712462463933,0.8993536813959923,1.661369626935933,0.6599142492492787,0.8993536813959923,1.107579751290622,0.09582623509369677,0.6536277602523659,0.7599388379204893,95.0,100.0,3553,779,261,0,0,0,0.0,0.0,0.0,0.75,0.7000000000000001,0.7000000000000001,0.1,75.0,30.0,85.0,0.8500000000000001,0.6000000000000001,0.8,0.1,85.0,30.0,85.0,571,571,0,571,0.0,1.7369330476969214,1.5,1.1579553651312808,460,0.8056042031523643,1.0,1
"iteration_3","SCOPE_DATA_COLLECTION",400,7,490.0,550.0,0,2282,1634,571,2347,1594,652,2289,1630,568,0,1,0,0.0,6.131207847946045E-4,0.0,0.33008010051802444,0.9136956238957926,1.730933307295281,0.6601602010360489,0.9136956238957926,1.153955538196854,0.072520751419834,0.649079754601227,0.8045774647887324,97.5,100.0,3550,799,138,1,0,0,2.8169014084507044E-4,0.0,0.0,0.8500000000000001,0.6000000000000001,0.8,0.1,85.0,30.0,85.0,0.8500000000000001,0.6000000000000001,0.8,0.1,85.0,30.0,85.0,2425,2422,3,2425,0.0012371134020618556,0.3295219986395585,0.5,0.659043997279117,229,0.09454995871180842,1.0,1
"iteration_3","SCOPE_DATA_COLLECTION",400,7,490.0,550.0,1,2282,1634,571,2347,1594,652,2289,1630,568,0,1,0,0.0,6.131207847946045E-4,0.0,0.33008010051802444,0.9136956238957926,1.730933307295281,0.6601602010360489,0.9136956238957926,1.153955538196854,0.072520751419834,0.649079754601227,0.8045774647887324,97.5,100.0,3550,799,138,1,0,0,2.8169014084507044E-4,0.0,0.0,0.8500000000000001,0.6000000000000001,0.8,0.1,85.0,30.0,85.0,0.8500000000000001,0.6000000000000001,0.8,0.1,85.0,30.0,85.0,1670,1668,2,1670,0.0011976047904191617,0.8825937325923572,1.0,0.8825937325923572,1032,0.6187050359712231,1.0,1
"iteration_3","SCOPE_DATA_COLLECTION",400,7,490.0,550.0,2,2282,1634,571,2347,1594,652,2289,1630,568,0,1,0,0.0,6.131207847946045E-4,0.0,0.33008010051802444,0.9136956238957926,1.730933307295281,0.6601602010360489,0.9136956238957926,1.153955538196854,0.072520751419834,0.649079754601227,0.8045774647887324,97.5,100.0,3550,799,138,1,0,0,2.8169014084507044E-4,0.0,0.0,0.8500000000000001,0.6000000000000001,0.8,0.1,85.0,30.0,85.0,0.8500000000000001,0.6000000000000001,0.8,0.1,85.0,30.0,85.0,624,623,1,624,0.0016025641025641025,1.6345287459419546,1.5,1.0896858306279698,462,0.7415730337078652,1.0,1
"iteration_3","SCOPE_DATA_COLLECTION",400,8,550.0,610.0,0,2425,1670,624,2282,1634,571,2417,1672,623,3,2,1,0.0012396694214876034,0.0011947431302270011,0.0016025641025641025,0.3295868084466891,0.8828395507491867,1.638625377210627,0.6591736168933782,0.8828395507491867,1.092416918140418,0.09391808026479107,0.6196172248803827,0.7415730337078652,100.0,100.0,3599,963,157,5,1,0,0.0013892747985551543,0.0010384215991692627,0.0,0.8500000000000001,0.6000000000000001,0.8,0.1,85.0,30.0,85.0,0.8500000000000001,0.6000000000000001,0.8,0.1,85.0,30.0,85.0,2373,2372,1,2373,4.2140750105351877E-4,0.3379188852184767,0.5,0.6758377704369534,208,0.08768971332209106,1.0,1
"iteration_3","SCOPE_DATA_COLLECTION",400,8,550.0,610.0,1,2425,1670,624,2282,1634,571,2417,1672,623,3,2,1,0.0012396694214876034,0.0011947431302270011,0.0016025641025641025,0.3295868084466891,0.8828395507491867,1.638625377210627,0.6591736168933782,0.8828395507491867,1.092416918140418,0.09391808026479107,0.6196172248803827,0.7415730337078652,100.0,100.0,3599,963,157,5,1,0,0.0013892747985551543,0.0010384215991692627,0.0,0.8500000000000001,0.6000000000000001,0.8,0.1,85.0,30.0,85.0,0.8500000000000001,0.6000000000000001,0.8,0.1,85.0,30.0,85.0,1544,1544,0,1544,0.0,0.9239090263218437,1.0,0.9239090263218437,1037,0.6716321243523317,1.0,1
"iteration_3","SCOPE_DATA_COLLECTION",400,8,550.0,610.0,2,2425,1670,624,2282,1634,571,2417,1672,623,3,2,1,0.0012396694214876034,0.0011947431302270011,0.0016025641025641025,0.3295868084466891,0.8828395507491867,1.638625377210627,0.6591736168933782,0.8828395507491867,1.092416918140418,0.09391808026479107,0.6196172248803827,0.7415730337078652,100.0,100.0,3599,963,157,5,1,0,0.0013892747985551543,0.0010384215991692627,0.0,0.8500000000000001,0.6000000000000001,0.8,0.1,85.0,30.0,85.0,0.8500000000000001,0.6000000000000001,0.8,0.1,85.0,30.0,85.0,586,584,2,586,0.0034129692832764505,1.7095212584634945,1.5,1.139680838975663,458,0.7842465753424658,1.0,1
"iteration_3","SCOPE_DATA_COLLECTION",400,9,610.0,670.0,0,2373,1544,586,2425,1670,624,2365,1549,591,1,0,2,4.2265426880811494E-4,0.0,0.003372681281618887,0.33720192857262155,0.9241703011762092,1.7111381815737754,0.6744038571452431,0.9241703011762092,1.1407587877158503,0.08710359408033827,0.6733376371852808,0.7868020304568528,90.0,100.0,3629,735,139,2,1,0,5.511160099200882E-4,0.0013605442176870747,0.0,0.8500000000000001,0.6000000000000001,0.8,0.1,85.0,30.0,85.0,0.9500000000000001,0.5,0.9,0.2,85.0,30.0,95.0,2296,2295,1,2296,4.3554006968641115E-4,0.33603538676992445,0.5,0.6720707735398489,194,0.08453159041394336,1.0,1
"iteration_3","SCOPE_DATA_COLLECTION",400,9,610.0,670.0,1,2373,1544,586,2425,1670,624,2365,1549,591,1,0,2,4.2265426880811494E-4,0.0,0.003372681281618887,0.33720192857262155,0.9241703011762092,1.7111381815737754,0.6744038571452431,0.9241703011762092,1.1407587877158503,0.08710359408033827,0.6733376371852808,0.7868020304568528,90.0,100.0,3629,735,139,2,1,0,5.511160099200882E-4,0.0013605442176870747,0.0,0.8500000000000001,0.6000000000000001,0.8,0.1,85.0,30.0,85.0,0.9500000000000001,0.5,0.9,0.2,85.0,30.0,95.0,1620,1619,1,1620,6.172839506172839E-4,0.9017892261534771,1.0,0.9017892261534771,1060,0.6547251389746758,1.0,1
"iteration_3","SCOPE_DATA_COLLECTION",400,9,610.0,670.0,2,2373,1544,586,2425,1670,624,2365,1549,591,1,0,2,4.2265426880811494E-4,0.0,0.003372681281618887,0.33720192857262155,0.9241703011762092,1.7111381815737754,0.6744038571452431,0.9241703011762092,1.1407587877158503,0.08710359408033827,0.6733376371852808,0.7868020304568528,90.0,100.0,3629,735,139,2,1,0,5.511160099200882E-4,0.0013605442176870747,0.0,0.8500000000000001,0.6000000000000001,0.8,0.1,85.0,30.0,85.0,0.9500000000000001,0.5,0.9,0.2,85.0,30.0,95.0,592,592,0,592,0.0,1.7287769827006572,1.5,1.1525179884671048,474,0.8006756756756757,1.0,1
"iteration_3","SCOPE_DATA_COLLECTION",400,10,670.0,730.0,0,2296,1620,592,2373,1544,586,2295,1618,587,1,1,0,4.3554006968641115E-4,6.176652254478073E-4,0.0,0.33556898001427465,0.8999350751800386,1.72457312493325,0.6711379600285493,0.8999350751800386,1.1497154166221668,0.08278867102396514,0.6508034610630408,0.797274275979557,95.0,100.0,3592,879,37,2,0,0,5.567928730512249E-4,0.0,0.0,0.9500000000000001,0.5,0.9,0.2,85.0,30.0,95.0,0.9500000000000001,0.5,0.9,0.2,95.0,20.0,95.0,2401,2398,3,2401,0.0012494793835901709,0.33474401886306787,0.5,0.6694880377261357,239,0.09966638865721435,1.0,1
"iteration_3","SCOPE_DATA_COLLECTION",400,10,670.0,730.0,1,2296,1620,592,2373,1544,586,2295,1618,587,1,1,0,4.3554006968641115E-4,6.176652254478073E-4,0.0,0.33556898001427465,0.8999350751800386,1.72457312493325,0.6711379600285493,0.8999350751800386,1.1497154166221668,0.08278867102396514,0.6508034610630408,0.797274275979557,95.0,100.0,3592,879,37,2,0,0,5.567928730512249E-4,0.0,0.0,0.9500000000000001,0.5,0.9,0.2,85.0,30.0,95.0,0.9500000000000001,0.5,0.9,0.2,95.0,20.0,95.0,1631,1629,2,1631,0.001226241569589209,0.8890652474981869,1.0,0.8890652474981869,1059,0.6500920810313076,1.0,1
"iteration_3","SCOPE_DATA_COLLECTION",400,10,670.0,730.0,2,2296,1620,592,2373,1544,586,2295,1618,587,1,1,0,4.3554006968641115E-4,6.176652254478073E-4,0.0,0.33556898001427465,0.8999350751800386,1.72457312493325,0.6711379600285493,0.8999350751800386,1.1497154166221668,0.08278867102396514,0.6508034610630408,0.797274275979557,95.0,100.0,3592,879,37,2,0,0,5.567928730512249E-4,0.0,0.0,0.9500000000000001,0.5,0.9,0.2,85.0,30.0,95.0,0.9500000000000001,0.5,0.9,0.2,95.0,20.0,95.0,626,624,2,626,0.003194888178913738,1.6852293481109508,1.5,1.1234862320739671,484,0.7756410256410257,1.0,1
"iteration_3","SCOPE_DATA_COLLECTION",400,11,730.0,790.0,0,2401,1631,626,2296,1620,592,2400,1625,622,3,2,2,0.0012484394506866417,0.001229256299938537,0.003205128205128205,0.3350230344945058,0.8886377360243444,1.6829997749511847,0.6700460689890116,0.8886377360243444,1.1219998499674564,0.10125,0.6492307692307693,0.77491961414791,92.5,100.0,3588,1022,48,5,2,0,0.0013935340022296545,0.0019569471624266144,0.0,0.9500000000000001,0.5,0.9,0.2,95.0,20.0,95.0,0.7000000000000001,0.30000000000000004,0.7000000000000001,0.9,40.0,90.0,75.0,2347,2346,1,2347,4.2607584149978694E-4,0.332002965497269,0.5,0.664005930994538,204,0.08695652173913043,1.0,1
"iteration_3","SCOPE_DATA_COLLECTION",400,11,730.0,790.0,1,2401,1631,626,2296,1620,592,2400,1625,622,3,2,2,0.0012484394506866417,0.001229256299938537,0.003205128205128205,0.3350230344945058,0.8886377360243444,1.6829997749511847,0.6700460689890116,0.8886377360243444,1.1219998499674564,0.10125,0.6492307692307693,0.77491961414791,92.5,100.0,3588,1022,48,5,2,0,0.0013935340022296545,0.0019569471624266144,0.0,0.9500000000000001,0.5,0.9,0.2,95.0,20.0,95.0,0.7000000000000001,0.30000000000000004,0.7000000000000001,0.9,40.0,90.0,75.0,1678,1675,3,1678,0.0017878426698450535,0.9069627681373089,1.0,0.9069627681373089,1086,0.6483582089552239,1.0,1
"iteration_3","SCOPE_DATA_COLLECTION",400,11,730.0,790.0,2,2401,1631,626,2296,1620,592,2400,1625,622,3,2,2,0.0012484394506866417,0.001229256299938537,0.003205128205128205,0.3350230344945058,0.8886377360243444,1.6829997749511847,0.6700460689890116,0.8886377360243444,1.1219998499674564,0.10125,0.6492307692307693,0.77491961414791,92.5,100.0,3588,1022,48,5,2,0,0.0013935340022296545,0.0019569471624266144,0.0,0.9500000000000001,0.5,0.9,0.2,95.0,20.0,95.0,0.7000000000000001,0.30000000000000004,0.7000000000000001,0.9,40.0,90.0,75.0,627,625,2,627,0.003189792663476874,1.7018689493085013,1.5,1.134579299539001,484,0.7744,1.0,1
"iteration_3","SCOPE_DATA_COLLECTION",400,12,790.0,850.0,0,2347,1678,627,2401,1631,626,2351,1674,628,1,3,2,4.2517006802721087E-4,0.0017889087656529517,0.0031746031746031746,0.3324449821399666,0.9075328397593098,1.7028284264391509,0.6648899642799332,0.9075328397593098,1.135218950959434,0.0880476393024245,0.6487455197132617,0.7754777070063694,95.0,100.0,3632,702,318,5,1,0,0.0013766519823788547,0.0014245014245014246,0.0,0.7000000000000001,0.30000000000000004,0.7000000000000001,0.9,40.0,90.0,75.0,0.9500000000000001,0.1,0.1,0.9,80.0,70.0,35.0,2302,2301,1,2302,4.344048653344917E-4,0.35746866023971535,0.5,0.7149373204794307,251,0.10908300738809214,1.0,1
"iteration_3","SCOPE_DATA_COLLECTION",400,12,790.0,850.0,1,2347,1678,627,2401,1631,626,2351,1674,628,1,3,2,4.2517006802721087E-4,0.0017889087656529517,0.0031746031746031746,0.3324449821399666,0.9075328397593098,1.7028284264391509,0.6648899642799332,0.9075328397593098,1.135218950959434,0.0880476393024245,0.6487455197132617,0.7754777070063694,95.0,100.0,3632,702,318,5,1,0,0.0013766519823788547,0.0014245014245014246,0.0,0.7000000000000001,0.30000000000000004,0.7000000000000001,0.9,40.0,90.0,75.0,0.9500000000000001,0.1,0.1,0.9,80.0,70.0,35.0,1674,1673,1,1674,5.973715651135006E-4,0.9620585772370167,1.0,0.9620585772370167,1200,0.7172743574417214,1.0,1
"iteration_3","SCOPE_DATA_COLLECTION",400,12,790.0,850.0,2,2347,1678,627,2401,1631,626,2351,1674,628,1,3,2,4.2517006802721087E-4,0.0017889087656529517,0.0031746031746031746,0.3324449821399666,0.9075328397593098,1.7028284264391509,0.6648899642799332,0.9075328397593098,1.135218950959434,0.0880476393024245,0.6487455197132617,0.7754777070063694,95.0,100.0,3632,702,318,5,1,0,0.0013766519823788547,0.0014245014245014246,0.0,0.7000000000000001,0.30000000000000004,0.7000000000000001,0.9,40.0,90.0,75.0,0.9500000000000001,0.1,0.1,0.9,80.0,70.0,35.0,546,545,1,546,0.0018315018315018315,1.810371199659279,1.5,1.2069141331061861,466,0.8550458715596331,1.0,1
"iteration_3","SCOPE_DATA_COLLECTION",400,13,850.0,910.0,0,2302,1674,546,2347,1678,627,2307,1673,547,1,1,1,4.332755632582322E-4,5.973715651135006E-4,0.0018248175182481751,0.3578074312622696,0.9613813206747448,1.81425649912167,0.7156148625245392,0.9613813206747448,1.2095043327477801,0.10923276983094929,0.7166766288105201,0.8555758683729433,87.5,100.0,3816,687,19,3,0,0,7.861635220125787E-4,0.0,0.0,0.9500000000000001,0.1,0.1,0.9,80.0,70.0,35.0,0.9500000000000001,0.1,0.1,0.9,80.0,70.0,35.0,2286,2284,2,2286,8.748906386701663E-4,0.37554630560961194,0.5,0.7510926112192239,366,0.16024518388791595,1.0,1
"iteration_3","SCOPE_DATA_COLLECTION",400,13,850.0,910.0,1,2302,1674,546,2347,1678,627,2307,1673,547,1,1,1,4.332755632582322E-4,5.973715651135006E-4,0.0018248175182481751,0.3578074312622696,0.9613813206747448,1.81425649912167,0.7156148625245392,0.9613813206747448,1.2095043327477801,0.10923276983094929,0.7166766288105201,0.8555758683729433,87.5,100.0,3816,687,19,3,0,0,7.861635220125787E-4,0.0,0.0,0.9500000000000001,0.1,0.1,0.9,80.0,70.0,35.0,0.9500000000000001,0.1,0.1,0.9,80.0,70.0,35.0,1608,1604,4,1608,0.0024875621890547263,0.941179298510457,1.0,0.941179298510457,1129,0.7038653366583542,1.0,1
"iteration_3","SCOPE_DATA_COLLECTION",400,13,850.0,910.0,2,2302,1674,546,2347,1678,627,2307,1673,547,1,1,1,4.332755632582322E-4,5.973715651135006E-4,0.0018248175182481751,0.3578074312622696,0.9613813206747448,1.81425649912167,0.7156148625245392,0.9613813206747448,1.2095043327477801,0.10923276983094929,0.7166766288105201,0.8555758683729433,87.5,100.0,3816,687,19,3,0,0,7.861635220125787E-4,0.0,0.0,0.9500000000000001,0.1,0.1,0.9,80.0,70.0,35.0,0.9500000000000001,0.1,0.1,0.9,80.0,70.0,35.0,620,617,3,620,0.004838709677419355,1.8083309908790008,1.5,1.2055539939193338,520,0.8427876823338736,1.0,1
"iteration_3","SCOPE_DATA_COLLECTION",400,14,910.0,970.0,0,2286,1608,620,2302,1674,546,2281,1605,618,2,4,2,8.760402978537013E-4,0.002486016159105034,0.0032258064516129032,0.37521594254940144,0.9408960541062132,1.8084923333168539,0.7504318850988029,0.9408960541062132,1.2056615555445693,0.158702323542306,0.7040498442367601,0.843042071197411,90.0,100.0,3793,680,41,7,1,0,0.0018455048774057474,0.0014705882352941176,0.0,0.9500000000000001,0.1,0.1,0.9,80.0,70.0,35.0,0.15000000000000002,0.4,0.7000000000000001,0.4,95.0,60.0,75.0,2353,2352,1,2353,4.2498937526561835E-4,0.33053338426362455,0.5,0.6610667685272491,229,0.09736394557823129,1.0,1
"iteration_3","SCOPE_DATA_COLLECTION",400,14,910.0,970.0,1,2286,1608,620,2302,1674,546,2281,1605,618,2,4,2,8.760402978537013E-4,0.002486016159105034,0.0032258064516129032,0.37521594254940144,0.9408960541062132,1.8084923333168539,0.7504318850988029,0.9408960541062132,1.2056615555445693,0.158702323542306,0.7040498442367601,0.843042071197411,90.0,100.0,3793,680,41,7,1,0,0.0018455048774057474,0.0014705882352941176,0.0,0.9500000000000001,0.1,0.1,0.9,80.0,70.0,35.0,0.15000000000000002,0.4,0.7000000000000001,0.4,95.0,60.0,75.0,1574,1573,1,1574,6.353240152477764E-4,0.9171672400098282,1.0,0.9171672400098282,1036,0.6586141131595677,1.0,1
"iteration_3","SCOPE_DATA_COLLECTION",400,14,910.0,970.0,2,2286,1608,620,2302,1674,546,2281,1605,618,2,4,2,8.760402978537013E-4,0.002486016159105034,0.0032258064516129032,0.37521594254940144,0.9408960541062132,1.8084923333168539,0.7504318850988029,0.9408960541062132,1.2056615555445693,0.158702323542306,0.7040498442367601,0.843042071197411,90.0,100.0,3793,680,41,7,1,0,0.0018455048774057474,0.0014705882352941176,0.0,0.9500000000000001,0.1,0.1,0.9,80.0,70.0,35.0,0.15000000000000002,0.4,0.7000000000000001,0.4,95.0,60.0,75.0,620,618,2,620,0.0032258064516129032,1.7140434486214042,1.5,1.1426956324142694,487,0.7880258899676376,1.0,1
"iteration_3","SCOPE_DATA_COLLECTION",400,15,970.0,1030.0,0,2353,1574,620,2286,1608,620,2346,1576,613,1,1,3,4.2607584149978694E-4,6.341154090044388E-4,0.00487012987012987,0.33074152103459015,0.9172734996654288,1.7102823796049564,0.6614830420691803,0.9172734996654288,1.140188253069971,0.09931798806479114,0.6598984771573604,0.7862969004893964,95.0,100.0,3608,164,775,5,0,0,0.001385809312638581,0.0,0.0,0.15000000000000002,0.4,0.7000000000000001,0.4,95.0,60.0,75.0,0.05,0.30000000000000004,0.6000000000000001,0.5,85.0,70.0,75.0,2284,2282,2,2284,8.756567425569177E-4,0.3285804536794759,0.5,0.6571609073589518,208,0.09114811568799298,1.0,1
"iteration_3","SCOPE_DATA_COLLECTION",400,15,970.0,1030.0,1,2353,1574,620,2286,1608,620,2346,1576,613,1,1,3,4.2607584149978694E-4,6.341154090044388E-4,0.00487012987012987,0.33074152103459015,0.9172734996654288,1.7102823796049564,0.6614830420691803,0.9172734996654288,1.140188253069971,0.09931798806479114,0.6598984771573604,0.7862969004893964,95.0,100.0,3608,164,775,5,0,0,0.001385809312638581,0.0,0.0,0.15000000000000002,0.4,0.7000000000000001,0.4,95.0,60.0,75.0,0.05,0.30000000000000004,0.6000000000000001,0.5,85.0,70.0,75.0,1641,1641,0,1641,0.0,0.8938350522322506,1.0,0.8938350522322506,1058,0.6447288238878732,1.0,1
"iteration_3","SCOPE_DATA_COLLECTION",400,15,970.0,1030.0,2,2353,1574,620,2286,1608,620,2346,1576,613,1,1,3,4.2607584149978694E-4,6.341154090044388E-4,0.00487012987012987,0.33074152103459015,0.9172734996654288,1.7102823796049564,0.6614830420691803,0.9172734996654288,1.140188253069971,0.09931798806479114,0.6598984771573604,0.7862969004893964,95.0,100.0,3608,164,775,5,0,0,0.001385809312638581,0.0,0.0,0.15000000000000002,0.4,0.7000000000000001,0.4,95.0,60.0,75.0,0.05,0.30000000000000004,0.6000000000000001,0.5,85.0,70.0,75.0,652,651,1,652,0.0015337423312883436,1.6802119683719947,1.5,1.1201413122479964,501,0.7695852534562212,1.0,1
"iteration_3","SCOPE_DATA_COLLECTION",400,16,1030.0,1090.0,0,2284,1641,652,2353,1574,620,2285,1633,648,2,0,1,8.745080891998251E-4,0.0,0.0015408320493066256,0.32756382959155517,0.8936571938116861,1.676984112571787,0.6551276591831103,0.8936571938116861,1.1179894083811914,0.08796498905908097,0.6442131047152481,0.7685185185185185,100.0,100.0,3545,47,985,3,0,0,8.46262341325811E-4,0.0,0.0,0.05,0.30000000000000004,0.6000000000000001,0.5,85.0,70.0,75.0,0.30000000000000004,0.5,0.30000000000000004,0.9,35.0,65.0,35.0,2276,2273,3,2276,0.0013181019332161687,0.33054756649339456,0.5,0.6610951329867891,190,0.08358996920369556,1.0,1
"iteration_3","SCOPE_DATA_COLLECTION",400,16,1030.0,1090.0,1,2284,1641,652,2353,1574,620,2285,1633,648,2,0,1,8.745080891998251E-4,0.0,0.0015408320493066256,0.32756382959155517,0.8936571938116861,1.676984112571787,0.6551276591831103,0.8936571938116861,1.1179894083811914,0.08796498905908097,0.6442131047152481,0.7685185185185185,100.0,100.0,3545,47,985,3,0,0,8.46262341325811E-4,0.0,0.0,0.05,0.30000000000000004,0.6000000000000001,0.5,85.0,70.0,75.0,0.30000000000000004,0.5,0.30000000000000004,0.9,35.0,65.0,35.0,1616,1614,2,1616,0.0012376237623762376,0.8717040578517419,1.0,0.8717040578517419,1013,0.627633209417596,1.0,1
"iteration_3","SCOPE_DATA_COLLECTION",400,16,1030.0,1090.0,2,2284,1641,652,2353,1574,620,2285,1633,648,2,0,1,8.745080891998251E-4,0.0,0.0015408320493066256,0.32756382959155517,0.8936571938116861,1.676984112571787,0.6551276591831103,0.8936571938116861,1.1179894083811914,0.08796498905908097,0.6442131047152481,0.7685185185185185,100.0,100.0,3545,47,985,3,0,0,8.46262341325811E-4,0.0,0.0,0.05,0.30000000000000004,0.6000000000000001,0.5,85.0,70.0,75.0,0.30000000000000004,0.5,0.30000000000000004,0.9,35.0,65.0,35.0,637,635,2,637,0.0031397174254317113,1.7176207112456805,1.5,1.145080474163787,494,0.7779527559055118,1.0,1
"iteration_3","SCOPE_DATA_COLLECTION",400,17,1090.0,1150.0,0,2276,1616,637,2284,1641,652,2270,1623,628,3,2,2,0.0013198416190057193,0.0012307692307692308,0.0031746031746031746,0.3308919743827443,0.8723750326347388,1.722417446051441,0.6617839487654886,0.8723750326347388,1.1482782973676273,0.0841409691629956,0.6278496611213802,0.7818471337579618,95.0,100.0,3527,303,699,7,0,0,0.001984689537850865,0.0,0.0,0.30000000000000004,0.5,0.30000000000000004,0.9,35.0,65.0,35.0,0.30000000000000004,0.5,0.30000000000000004,0.9,35.0,65.0,35.0,2373,2373,0,2373,0.0,0.33298837792385877,0.5,0.6659767558477175,201,0.08470290771175727,1.0,1
"iteration_3","SCOPE_DATA_COLLECTION",400,17,1090.0,1150.0,1,2276,1616,637,2284,1641,652,2270,1623,628,3,2,2,0.0013198416190057193,0.0012307692307692308,0.0031746031746031746,0.3308919743827443,0.8723750326347388,1.722417446051441,0.6617839487654886,0.8723750326347388,1.1482782973676273,0.0841409691629956,0.6278496611213802,0.7818471337579618,95.0,100.0,3527,303,699,7,0,0,0.001984689537850865,0.0,0.0,0.30000000000000004,0.5,0.30000000000000004,0.9,35.0,65.0,35.0,0.30000000000000004,0.5,0.30000000000000004,0.9,35.0,65.0,35.0,1632,1631,1,1632,6.127450980392157E-4,0.8921937698143225,1.0,0.8921937698143225,1069,0.6554261189454322,1.0,1
"iteration_3","SCOPE_DATA_COLLECTION",400,17,1090.0,1150.0,2,2276,1616,637,2284,1641,652,2270,1623,628,3,2,2,0.0013198416190057193,0.0012307692307692308,0.0031746031746031746,0.3308919743827443,0.8723750326347388,1.722417446051441,0.6617839487654886,0.8723750326347388,1.1482782973676273,0.0841409691629956,0.6278496611213802,0.7818471337579618,95.0,100.0,3527,303,699,7,0,0,0.001984689537850865,0.0,0.0,0.30000000000000004,0.5,0.30000000000000004,0.9,35.0,65.0,35.0,0.30000000000000004,0.5,0.30000000000000004,0.9,35.0,65.0,35.0,569,567,2,569,0.0035149384885764497,1.705726741936921,1.5,1.1371511612912808,446,0.7865961199294532,1.0,1
"iteration_3","SCOPE_DATA_COLLECTION",400,18,1150.0,1210.0,0,2373,1632,569,2276,1616,637,2373,1627,582,0,1,2,0.0,6.142506142506142E-4,0.003424657534246575,0.33349930322907145,0.8919454428436321,1.7077038707929348,0.6669986064581429,0.8919454428436321,1.13846924719529,0.08680994521702487,0.6551936078672403,0.7852233676975945,97.5,100.0,3652,266,656,3,0,0,8.214676889375684E-4,0.0,0.0,0.30000000000000004,0.5,0.30000000000000004,0.9,35.0,65.0,35.0,0.30000000000000004,0.5,0.30000000000000004,0.9,35.0,65.0,35.0,2294,2292,2,2294,8.718395815170009E-4,0.3369534455472419,0.5,0.6739068910944838,238,0.10383944153577661,1.0,1
"iteration_3","SCOPE_DATA_COLLECTION",400,18,1150.0,1210.0,1,2373,1632,569,2276,1616,637,2373,1627,582,0,1,2,0.0,6.142506142506142E-4,0.003424657534246575,0.33349930322907145,0.8919454428436321,1.7077038707929348,0.6669986064581429,0.8919454428436321,1.13846924719529,0.08680994521702487,0.6551936078672403,0.7852233676975945,97.5,100.0,3652,266,656,3,0,0,8.214676889375684E-4,0.0,0.0,0.30000000000000004,0.5,0.30000000000000004,0.9,35.0,65.0,35.0,0.30000000000000004,0.5,0.30000000000000004,0.9,35.0,65.0,35.0,1683,1683,0,1683,0.0,0.8941627706331455,1.0,0.8941627706331455,1068,0.6345811051693404,1.0,1
"iteration_3","SCOPE_DATA_COLLECTION",400,18,1150.0,1210.0,2,2373,1632,569,2276,1616,637,2373,1627,582,0,1,2,0.0,6.142506142506142E-4,0.003424657534246575,0.33349930322907145,0.8919454428436321,1.7077038707929348,0.6669986064581429,0.8919454428436321,1.13846924719529,0.08680994521702487,0.6551936078672403,0.7852233676975945,97.5,100.0,3652,266,656,3,0,0,8.214676889375684E-4,0.0,0.0,0.30000000000000004,0.5,0.30000000000000004,0.9,35.0,65.0,35.0,0.30000000000000004,0.5,0.30000000000000004,0.9,35.0,65.0,35.0,577,575,2,577,0.0034662045060658577,1.6712195092478894,1.5,1.1141463394985929,443,0.7704347826086957,1.0,1
"iteration_3","SCOPE_DATA_COLLECTION",400,19,1210.0,1270.0,0,2294,1683,577,2373,1632,569,2297,1688,571,2,0,2,8.699434536755111E-4,0.0,0.0034904013961605585,0.3369154997112778,0.8947886400264369,1.6696762631143105,0.6738309994225556,0.8947886400264369,1.1131175087428737,0.10317805833696125,0.634478672985782,0.7688266199649737,97.5,100.0,3589,312,653,4,0,0,0.0011145165784341043,0.0,0.0,0.30000000000000004,0.5,0.30000000000000004,0.9,35.0,65.0,35.0,0.6000000000000001,0.2,0.4,0.9,35.0,70.0,85.0,2284,2283,1,2284,4.3782837127845885E-4,0.33586758005737166,0.5,0.6717351601147433,213,0.09329829172141918,1.0,1
"iteration_3","SCOPE_DATA_COLLECTION",400,19,1210.0,1270.0,1,2294,1683,577,2373,1632,569,2297,1688,571,2,0,2,8.699434536755111E-4,0.0,0.0034904013961605585,0.3369154997112778,0.8947886400264369,1.6696762631143105,0.6738309994225556,0.8947886400264369,1.1131175087428737,0.10317805833696125,0.634478672985782,0.7688266199649737,97.5,100.0,3589,312,653,4,0,0,0.0011145165784341043,0.0,0.0,0.30000000000000004,0.5,0.30000000000000004,0.9,35.0,65.0,35.0,0.6000000000000001,0.2,0.4,0.9,35.0,70.0,85.0,1660,1659,1,1660,6.024096385542169E-4,0.9191109992521036,1.0,0.9191109992521036,1100,0.6630500301386377,1.0,1
"iteration_3","SCOPE_DATA_COLLECTION",400,19,1210.0,1270.0,2,2294,1683,577,2373,1632,569,2297,1688,571,2,0,2,8.699434536755111E-4,0.0,0.0034904013961605585,0.3369154997112778,0.8947886400264369,1.6696762631143105,0.6738309994225556,0.8947886400264369,1.1131175087428737,0.10317805833696125,0.634478672985782,0.7688266199649737,97.5,100.0,3589,312,653,4,0,0,0.0011145165784341043,0.0,0.0,0.30000000000000004,0.5,0.30000000000000004,0.9,35.0,65.0,35.0,0.6000000000000001,0.2,0.4,0.9,35.0,70.0,85.0,555,552,3,555,0.005405405405405406,1.7708261013631403,1.5,1.1805507342420936,452,0.8188405797101449,1.0,1
"iteration_3","SCOPE_DATA_COLLECTION",400,20,1270.0,1330.0,0,2284,1660,555,2294,1683,577,2279,1659,548,1,1,3,4.385964912280702E-4,6.024096385542169E-4,0.0054446460980036296,0.3359803555504813,0.9198021963326811,1.7727025490169102,0.6719607111009626,0.9198021963326811,1.1818016993446068,0.09258446687143485,0.6660638939119952,0.8211678832116789,97.5,100.0,3622,519,358,5,0,0,0.0013804527885146328,0.0,0.0,0.6000000000000001,0.2,0.4,0.9,35.0,70.0,85.0,0.45,0.4,0.4,0.1,95.0,95.0,55.0,2254,2252,2,2254,8.873114463176575E-4,0.33910278901768753,0.5,0.6782055780353751,221,0.09813499111900532,1.0,1
"iteration_3","SCOPE_DATA_COLLECTION",400,20,1270.0,1330.0,1,2284,1660,555,2294,1683,577,2279,1659,548,1,1,3,4.385964912280702E-4,6.024096385542169E-4,0.0054446460980036296,0.3359803555504813,0.9198021963326811,1.7727025490169102,0.6719607111009626,0.9198021963326811,1.1818016993446068,0.09258446687143485,0.6660638939119952,0.8211678832116789,97.5,100.0,3622,519,358,5,0,0,0.0013804527885146328,0.0,0.0,0.6000000000000001,0.2,0.4,0.9,35.0,70.0,85.0,0.45,0.4,0.4,0.1,95.0,95.0,55.0,1633,1630,3,1633,0.001837109614206981,0.8955995546359483,1.0,0.8955995546359483,1073,0.658282208588957,1.0,1
"iteration_3","SCOPE_DATA_COLLECTION",400,20,1270.0,1330.0,2,2284,1660,555,2294,1683,577,2279,1659,548,1,1,3,4.385964912280702E-4,6.024096385542169E-4,0.0054446460980036296,0.3359803555504813,0.9198021963326811,1.7727025490169102,0.6719607111009626,0.9198021963326811,1.1818016993446068,0.09258446687143485,0.6660638939119952,0.8211678832116789,97.5,100.0,3622,519,358,5,0,0,0.0013804527885146328,0.0,0.0,0.6000000000000001,0.2,0.4,0.9,35.0,70.0,85.0,0.45,0.4,0.4,0.1,95.0,95.0,55.0,598,597,1,598,0.0016722408026755853,1.7311100994789128,1.5,1.1540733996526085,478,0.8006700167504187,1.0,1
"iteration_3","SCOPE_DATA_COLLECTION",400,21,1330.0,1390.0,0,2254,1633,598,2284,1660,555,2257,1633,602,2,3,1,8.853474988933156E-4,0.0018337408312958435,0.001658374792703151,0.33930278060633373,0.895539009002146,1.7265202180926837,0.6786055612126675,0.895539009002146,1.1510134787284558,0.09968985378821445,0.6564605021432945,0.7990033222591362,90.0,100.0,3576,403,506,6,0,0,0.0016778523489932886,0.0,0.0,0.45,0.4,0.4,0.1,95.0,95.0,55.0,0.8,0.2,0.1,0.2,80.0,60.0,85.0,2282,2280,2,2282,8.764241893076249E-4,0.3569644976910239,0.5,0.7139289953820478,288,0.12631578947368421,1.0,1
"iteration_3","SCOPE_DATA_COLLECTION",400,21,1330.0,1390.0,1,2254,1633,598,2284,1660,555,2257,1633,602,2,3,1,8.853474988933156E-4,0.0018337408312958435,0.001658374792703151,0.33930278060633373,0.895539009002146,1.7265202180926837,0.6786055612126675,0.895539009002146,1.1510134787284558,0.09968985378821445,0.6564605021432945,0.7990033222591362,90.0,100.0,3576,403,506,6,0,0,0.0016778523489932886,0.0,0.0,0.45,0.4,0.4,0.1,95.0,95.0,55.0,0.8,0.2,0.1,0.2,80.0,60.0,85.0,1653,1653,0,1653,0.0,0.9429544472509526,1.0,0.9429544472509526,1134,0.6860254083484574,1.0,1
"iteration_3","SCOPE_DATA_COLLECTION",400,21,1330.0,1390.0,2,2254,1633,598,2284,1660,555,2257,1633,602,2,3,1,8.853474988933156E-4,0.0018337408312958435,0.001658374792703151,0.33930278060633373,0.895539009002146,1.7265202180926837,0.6786055612126675,0.895539009002146,1.1510134787284558,0.09968985378821445,0.6564605021432945,0.7990033222591362,90.0,100.0,3576,403,506,6,0,0,0.0016778523489932886,0.0,0.0,0.45,0.4,0.4,0.1,95.0,95.0,55.0,0.8,0.2,0.1,0.2,80.0,60.0,85.0,568,568,0,568,0.0,1.7985736494695204,1.5,1.199049099646347,476,0.8380281690140845,1.0,1
"iteration_3","SCOPE_DATA_COLLECTION",400,22,1390.0,1450.0,0,2282,1653,568,2254,1633,598,2279,1641,566,2,0,0,8.768084173608067E-4,0.0,0.0,0.35688925073318223,0.942869251516391,1.8045403234171364,0.7137785014663645,0.942869251516391,1.203026882278091,0.1254936375603335,0.6855575868372943,0.8392226148409894,95.0,100.0,3751,599,153,2,0,0,5.331911490269261E-4,0.0,0.0,0.8,0.2,0.1,0.2,80.0,60.0,85.0,0.8,0.2,0.1,0.2,90.0,70.0,95.0,2328,2326,2,2328,8.59106529209622E-4,0.35588757703196644,0.5,0.7117751540639329,269,0.11564918314703354,1.0,1
"iteration_3","SCOPE_DATA_COLLECTION",400,22,1390.0,1450.0,1,2282,1653,568,2254,1633,598,2279,1641,566,2,0,0,8.768084173608067E-4,0.0,0.0,0.35688925073318223,0.942869251516391,1.8045403234171364,0.7137785014663645,0.942869251516391,1.203026882278091,0.1254936375603335,0.6855575868372943,0.8392226148409894,95.0,100.0,3751,599,153,2,0,0,5.331911490269261E-4,0.0,0.0,0.8,0.2,0.1,0.2,80.0,60.0,85.0,0.8,0.2,0.1,0.2,90.0,70.0,95.0,1677,1674,3,1677,0.0017889087656529517,0.9230949237912989,1.0,0.9230949237912989,1144,0.6833930704898447,1.0,1
"iteration_3","SCOPE_DATA_COLLECTION",400,22,1390.0,1450.0,2,2282,1653,568,2254,1633,598,2279,1641,566,2,0,0,8.768084173608067E-4,0.0,0.0,0.35688925073318223,0.942869251516391,1.8045403234171364,0.7137785014663645,0.942869251516391,1.203026882278091,0.1254936375603335,0.6855575868372943,0.8392226148409894,95.0,100.0,3751,599,153,2,0,0,5.331911490269261E-4,0.0,0.0,0.8,0.2,0.1,0.2,80.0,60.0,85.0,0.8,0.2,0.1,0.2,90.0,70.0,95.0,606,604,2,606,0.0033003300330033004,1.7419202270899798,1.5,1.16128015139332,483,0.7996688741721855,1.0,1
"iteration_3","SCOPE_DATA_COLLECTION",400,23,1450.0,1510.0,0,2328,1677,606,2282,1653,568,2326,1678,602,2,3,2,8.59106529209622E-4,0.001784651992861392,0.0033112582781456954,0.3558651998436937,0.923353194323163,1.7414873184056026,0.7117303996873874,0.923353194323163,1.160991545603735,0.11650902837489252,0.6835518474374255,0.8006644518272426,97.5,100.0,3774,668,169,6,1,0,0.001589825119236884,0.0014970059880239522,0.0,0.8,0.2,0.1,0.2,90.0,70.0,95.0,0.30000000000000004,0.8,0.2,0.8,25.0,45.0,20.0,2447,2446,1,2447,4.086636697997548E-4,0.3298080649379301,0.5,0.6596161298758602,218,0.08912510220768602,1.0,1
"iteration_3","SCOPE_DATA_COLLECTION",400,23,1450.0,1510.0,1,2328,1677,606,2282,1653,568,2326,1678,602,2,3,2,8.59106529209622E-4,0.001784651992861392,0.0033112582781456954,0.3558651998436937,0.923353194323163,1.7414873184056026,0.7117303996873874,0.923353194323163,1.160991545603735,0.11650902837489252,0.6835518474374255,0.8006644518272426,97.5,100.0,3774,668,169,6,1,0,0.001589825119236884,0.0014970059880239522,0.0,0.8,0.2,0.1,0.2,90.0,70.0,95.0,0.30000000000000004,0.8,0.2,0.8,25.0,45.0,20.0,1620,1616,4,1620,0.0024691358024691358,0.8957534558308199,1.0,0.8957534558308199,1067,0.6602722772277227,1.0,1
"iteration_3","SCOPE_DATA_COLLECTION",400,23,1450.0,1510.0,2,2328,1677,606,2282,1653,568,2326,1678,602,2,3,2,8.59106529209622E-4,0.001784651992861392,0.0033112582781456954,0.3558651998436937,0.923353194323163,1.7414873184056026,0.7117303996873874,0.923353194323163,1.160991545603735,0.11650902837489252,0.6835518474374255,0.8006644518272426,97.5,100.0,3774,668,169,6,1,0,0.001589825119236884,0.0014970059880239522,0.0,0.8,0.2,0.1,0.2,90.0,70.0,95.0,0.30000000000000004,0.8,0.2,0.8,25.0,45.0,20.0,563,561,2,563,0.003552397868561279,1.7861235994376508,1.5,1.1907490662917672,464,0.8270944741532977,1.0,1
"iteration_3","SCOPE_DATA_COLLECTION",400,24,1510.0,1570.0,0,2447,1620,563,2328,1677,606,2438,1617,567,1,4,2,4.100041000410004E-4,0.0024676125848241827,0.0035149384885764497,0.32976841550165553,0.8957692360150996,1.78309842449658,0.6595368310033111,0.8957692360150996,1.18873228299772,0.08859721082854799,0.6617192331478046,0.8253968253968254,97.5,100.0,3670,303,657,7,0,0,0.0019073569482288828,0.0,0.0,0.30000000000000004,0.8,0.2,0.8,25.0,45.0,20.0,0.55,0.6000000000000001,0.6000000000000001,0.4,75.0,70.0,35.0,2342,2341,1,2342,4.269854824935952E-4,0.3362457577686781,0.5,0.6724915155373562,235,0.10038445108927808,1.0,1
"iteration_3","SCOPE_DATA_COLLECTION",400,24,1510.0,1570.0,1,2447,1620,563,2328,1677,606,2438,1617,567,1,4,2,4.100041000410004E-4,0.0024676125848241827,0.0035149384885764497,0.32976841550165553,0.8957692360150996,1.78309842449658,0.6595368310033111,0.8957692360150996,1.18873228299772,0.08859721082854799,0.6617192331478046,0.8253968253968254,97.5,100.0,3670,303,657,7,0,0,0.0019073569482288828,0.0,0.0,0.30000000000000004,0.8,0.2,0.8,25.0,45.0,20.0,0.55,0.6000000000000001,0.6000000000000001,0.4,75.0,70.0,35.0,1606,1604,2,1606,0.0012453300124533001,0.9018595915129392,1.0,0.9018595915129392,1056,0.6583541147132169,1.0,1
"iteration_3","SCOPE_DATA_COLLECTION",400,24,1510.0,1570.0,2,2447,1620,563,2328,1677,606,2438,1617,567,1,4,2,4.100041000410004E-4,0.0024676125848241827,0.0035149384885764497,0.32976841550165553,0.8957692360150996,1.78309842449658,0.6595368310033111,0.8957692360150996,1.18873228299772,0.08859721082854799,0.6617192331478046,0.8253968253968254,97.5,100.0,3670,303,657,7,0,0,0.0019073569482288828,0.0,0.0,0.30000000000000004,0.8,0.2,0.8,25.0,45.0,20.0,0.55,0.6000000000000001,0.6000000000000001,0.4,75.0,70.0,35.0,584,584,0,584,0.0,1.7522559633314378,1.5,1.1681706422209586,470,0.8047945205479452,1.0,1
"iteration_3","SCOPE_DATA_COLLECTION",400,25,1570.0,1630.0,0,2342,1606,584,2447,1620,563,2352,1597,587,1,2,0,4.2498937526561835E-4,0.0012507817385866166,0.0,0.3362975473984732,0.9005453462055688,1.756628627530043,0.6725950947969463,0.9005453462055688,1.1710857516866953,0.10034013605442177,0.6556042579837195,0.807495741056218,80.0,100.0,3576,545,411,3,0,0,8.389261744966443E-4,0.0,0.0,0.55,0.6000000000000001,0.6000000000000001,0.4,75.0,70.0,35.0,0.55,0.6000000000000001,0.6000000000000001,0.4,75.0,70.0,35.0,2352,2352,0,2352,0.0,0.3386771203916261,0.5,0.6773542407832522,271,0.11522108843537415,1.0,1
"iteration_3","SCOPE_DATA_COLLECTION",400,25,1570.0,1630.0,1,2342,1606,584,2447,1620,563,2352,1597,587,1,2,0,4.2498937526561835E-4,0.0012507817385866166,0.0,0.3362975473984732,0.9005453462055688,1.756628627530043,0.6725950947969463,0.9005453462055688,1.1710857516866953,0.10034013605442177,0.6556042579837195,0.807495741056218,80.0,100.0,3576,545,411,3,0,0,8.389261744966443E-4,0.0,0.0,0.55,0.6000000000000001,0.6000000000000001,0.4,75.0,70.0,35.0,0.55,0.6000000000000001,0.6000000000000001,0.4,75.0,70.0,35.0,1604,1603,1,1604,6.234413965087282E-4,0.888471157982193,1.0,0.888471157982193,1021,0.636930754834685,1.0,1
"iteration_3","SCOPE_DATA_COLLECTION",400,25,1570.0,1630.0,2,2342,1606,584,2447,1620,563,2352,1597,587,1,2,0,4.2498937526561835E-4,0.0012507817385866166,0.0,0.3362975473984732,0.9005453462055688,1.756628627530043,0.6725950947969463,0.9005453462055688,1.1710857516866953,0.10034013605442177,0.6556042579837195,0.807495741056218,80.0,100.0,3576,545,411,3,0,0,8.389261744966443E-4,0.0,0.0,0.55,0.6000000000000001,0.6000000000000001,0.4,75.0,70.0,35.0,0.55,0.6000000000000001,0.6000000000000001,0.4,75.0,70.0,35.0,628,625,3,628,0.004777070063694267,1.7181178583624475,1.5,1.145411905574965,493,0.7888,1.0,1
"iteration_3","SCOPE_DATA_COLLECTION",400,26,1630.0,1690.0,0,2352,1604,628,2342,1606,584,2352,1617,621,0,1,2,0.0,6.180469715698393E-4,0.0032102728731942215,0.3386270825269936,0.8895925916502131,1.715251352511321,0.6772541650539872,0.8895925916502131,1.1435009016742141,0.11479591836734694,0.6388373531230674,0.785829307568438,87.5,100.0,3584,585,415,3,0,0,8.370535714285714E-4,0.0,0.0,0.55,0.6000000000000001,0.6000000000000001,0.4,75.0,70.0,35.0,0.8,0.6000000000000001,0.4,0.1,45.0,35.0,20.0,2360,2359,1,2360,4.23728813559322E-4,0.3366666660117873,0.5,0.6733333320235746,262,0.11106401017380246,1.0,1
"iteration_3","SCOPE_DATA_COLLECTION",400,26,1630.0,1690.0,1,2352,1604,628,2342,1606,584,2352,1617,621,0,1,2,0.0,6.180469715698393E-4,0.0032102728731942215,0.3386270825269936,0.8895925916502131,1.715251352511321,0.6772541650539872,0.8895925916502131,1.1435009016742141,0.11479591836734694,0.6388373531230674,0.785829307568438,87.5,100.0,3584,585,415,3,0,0,8.370535714285714E-4,0.0,0.0,0.55,0.6000000000000001,0.6000000000000001,0.4,75.0,70.0,35.0,0.8,0.6000000000000001,0.4,0.1,45.0,35.0,20.0,1709,1706,3,1709,0.0017554125219426564,0.8868013455439872,1.0,0.8868013455439872,1093,0.6406799531066822,1.0,1
"iteration_3","SCOPE_DATA_COLLECTION",400,26,1630.0,1690.0,2,2352,1604,628,2342,1606,584,2352,1617,621,0,1,2,0.0,6.180469715698393E-4,0.0032102728731942215,0.3386270825269936,0.8895925916502131,1.715251352511321,0.6772541650539872,0.8895925916502131,1.1435009016742141,0.11479591836734694,0.6388373531230674,0.785829307568438,87.5,100.0,3584,585,415,3,0,0,8.370535714285714E-4,0.0,0.0,0.55,0.6000000000000001,0.6000000000000001,0.4,75.0,70.0,35.0,0.8,0.6000000000000001,0.4,0.1,45.0,35.0,20.0,587,586,1,587,0.0017035775127768314,1.6931235035987502,1.5,1.1287490023991669,458,0.7815699658703071,1.0,1
"iteration_3","SCOPE_DATA_COLLECTION",400,27,1690.0,1750.0,0,2360,1709,587,2352,1604,628,2352,1702,579,1,3,2,4.2498937526561835E-4,0.0017595307917888563,0.0034423407917383822,0.33679228218851465,0.8865303240592118,1.6898109765340061,0.6735845643770293,0.8865303240592118,1.1265406510226708,0.11139455782312925,0.6404230317273796,0.7806563039723662,100.0,100.0,3608,844,204,5,1,0,0.001385809312638581,0.001184834123222749,0.0,0.8,0.6000000000000001,0.4,0.1,45.0,35.0,20.0,0.9,0.7000000000000001,0.30000000000000004,0.1,35.0,45.0,30.0,2291,2288,3,2291,0.0013094718463553033,0.33262368370029155,0.5,0.6652473674005831,232,0.10139860139860139,1.0,1
"iteration_3","SCOPE_DATA_COLLECTION",400,27,1690.0,1750.0,1,2360,1709,587,2352,1604,628,2352,1702,579,1,3,2,4.2498937526561835E-4,0.0017595307917888563,0.0034423407917383822,0.33679228218851465,0.8865303240592118,1.6898109765340061,0.6735845643770293,0.8865303240592118,1.1265406510226708,0.11139455782312925,0.6404230317273796,0.7806563039723662,100.0,100.0,3608,844,204,5,1,0,0.001385809312638581,0.001184834123222749,0.0,0.8,0.6000000000000001,0.4,0.1,45.0,35.0,20.0,0.9,0.7000000000000001,0.30000000000000004,0.1,35.0,45.0,30.0,1688,1688,0,1688,0.0,0.8897723078806368,1.0,0.8897723078806368,1076,0.6374407582938388,1.0,1
"iteration_3","SCOPE_DATA_COLLECTION",400,27,1690.0,1750.0,2,2360,1709,587,2352,1604,628,2352,1702,579,1,3,2,4.2498937526561835E-4,0.0017595307917888563,0.0034423407917383822,0.33679228218851465,0.8865303240592118,1.6898109765340061,0.6735845643770293,0.8865303240592118,1.1265406510226708,0.11139455782312925,0.6404230317273796,0.7806563039723662,100.0,100.0,3608,844,204,5,1,0,0.001385809312638581,0.001184834123222749,0.0,0.8,0.6000000000000001,0.4,0.1,45.0,35.0,20.0,0.9,0.7000000000000001,0.30000000000000004,0.1,35.0,45.0,30.0,643,643,0,643,0.0,1.6473091050563968,1.5,1.098206070037598,485,0.7542768273716952,1.0,1
"iteration_3","SCOPE_DATA_COLLECTION",400,28,1750.0,1810.0,0,2291,1688,643,2360,1709,587,2291,1686,648,2,0,0,8.722197993894462E-4,0.0,0.0,0.33217663182634644,0.8901759251910449,1.6473755773840597,0.6643532636526929,0.8901759251910449,1.0982503849227065,0.10082933216935835,0.6376037959667853,0.7546296296296297,100.0,100.0,3560,965,97,1,1,0,2.808988764044944E-4,0.0010362694300518134,0.0,0.9,0.7000000000000001,0.30000000000000004,0.1,35.0,45.0,30.0,0.7000000000000001,0.6000000000000001,0.4,0.1,45.0,35.0,50.0,2374,2374,0,2374,0.0,0.3320719019278929,0.5,0.6641438038557858,216,0.09098567818028644,1.0,1
"iteration_3","SCOPE_DATA_COLLECTION",400,28,1750.0,1810.0,1,2291,1688,643,2360,1709,587,2291,1686,648,2,0,0,8.722197993894462E-4,0.0,0.0,0.33217663182634644,0.8901759251910449,1.6473755773840597,0.6643532636526929,0.8901759251910449,1.0982503849227065,0.10082933216935835,0.6376037959667853,0.7546296296296297,100.0,100.0,3560,965,97,1,1,0,2.808988764044944E-4,0.0010362694300518134,0.0,0.9,0.7000000000000001,0.30000000000000004,0.1,35.0,45.0,30.0,0.7000000000000001,0.6000000000000001,0.4,0.1,45.0,35.0,50.0,1580,1580,0,1580,0.0,0.9149567125452233,1.0,0.9149567125452233,1068,0.6759493670886076,1.0,1
"iteration_3","SCOPE_DATA_COLLECTION",400,28,1750.0,1810.0,2,2291,1688,643,2360,1709,587,2291,1686,648,2,0,0,8.722197993894462E-4,0.0,0.0,0.33217663182634644,0.8901759251910449,1.6473755773840597,0.6643532636526929,0.8901759251910449,1.0982503849227065,0.10082933216935835,0.6376037959667853,0.7546296296296297,100.0,100.0,3560,965,97,1,1,0,2.808988764044944E-4,0.0010362694300518134,0.0,0.9,0.7000000000000001,0.30000000000000004,0.1,35.0,45.0,30.0,0.7000000000000001,0.6000000000000001,0.4,0.1,45.0,35.0,50.0,583,582,1,583,0.0017152658662092624,1.752770330912098,1.5,1.1685135539413987,472,0.8109965635738832,1.0,1
"iteration_3","SCOPE_DATA_COLLECTION",400,29,1810.0,1870.0,0,2374,1580,583,2291,1688,643,2378,1580,580,1,0,1,4.203446826397646E-4,0.0,0.0017211703958691911,0.3324282133344153,0.9153431784538089,1.7556691048131159,0.6648564266688306,0.9153431784538089,1.1704460698754107,0.09167367535744322,0.6759493670886076,0.8120689655172414,92.5,100.0,3596,663,278,2,0,0,5.561735261401557E-4,0.0,0.0,0.7000000000000001,0.6000000000000001,0.4,0.1,45.0,35.0,50.0,0.8,0.5,0.4,0.1,35.0,35.0,40.0,2242,2242,0,2242,0.0,0.33168450729919996,0.5,0.6633690145983999,208,0.0927743086529884,1.0,1
"iteration_3","SCOPE_DATA_COLLECTION",400,29,1810.0,1870.0,1,2374,1580,583,2291,1688,643,2378,1580,580,1,0,1,4.203446826397646E-4,0.0,0.0017211703958691911,0.3324282133344153,0.9153431784538089,1.7556691048131159,0.6648564266688306,0.9153431784538089,1.1704460698754107,0.09167367535744322,0.6759493670886076,0.8120689655172414,92.5,100.0,3596,663,278,2,0,0,5.561735261401557E-4,0.0,0.0,0.7000000000000001,0.6000000000000001,0.4,0.1,45.0,35.0,50.0,0.8,0.5,0.4,0.1,35.0,35.0,40.0,1633,1633,0,1633,0.0,0.905653013519923,1.0,0.905653013519923,1077,0.6595223515003061,1.0,1
"iteration_3","SCOPE_DATA_COLLECTION",400,29,1810.0,1870.0,2,2374,1580,583,2291,1688,643,2378,1580,580,1,0,1,4.203446826397646E-4,0.0,0.0017211703958691911,0.3324282133344153,0.9153431784538089,1.7556691048131159,0.6648564266688306,0.9153431784538089,1.1704460698754107,0.09167367535744322,0.6759493670886076,0.8120689655172414,92.5,100.0,3596,663,278,2,0,0,5.561735261401557E-4,0.0,0.0,0.7000000000000001,0.6000000000000001,0.4,0.1,45.0,35.0,50.0,0.8,0.5,0.4,0.1,35.0,35.0,40.0,583,583,0,583,0.0,1.7332522935224015,1.5,1.1555015290149344,470,0.8061749571183533,1.0,1
"iteration_3","SCOPE_DATA_COLLECTION",400,30,1870.0,1930.0,0,2242,1633,583,2374,1580,583,2235,1631,586,0,0,0,0.0,0.0,0.0,0.33163358994781783,0.9044965880237931,1.7309963769932886,0.6632671798956357,0.9044965880237931,1.1539975846621924,0.09351230425055929,0.6578786020846107,0.8054607508532423,100.0,100.0,3512,757,189,0,0,0,0.0,0.0,0.0,0.8,0.5,0.4,0.1,35.0,35.0,40.0,0.8,0.7000000000000001,0.30000000000000004,0.8,65.0,45.0,25.0,2338,2336,2,2338,8.55431993156544E-4,0.33890702891433216,0.5,0.6778140578286643,214,0.0916095890410959,1.0,1
"iteration_3","SCOPE_DATA_COLLECTION",400,30,1870.0,1930.0,1,2242,1633,583,2374,1580,583,2235,1631,586,0,0,0,0.0,0.0,0.0,0.33163358994781783,0.9044965880237931,1.7309963769932886,0.6632671798956357,0.9044965880237931,1.1539975846621924,0.09351230425055929,0.6578786020846107,0.8054607508532423,100.0,100.0,3512,757,189,0,0,0,0.0,0.0,0.0,0.8,0.5,0.4,0.1,35.0,35.0,40.0,0.8,0.7000000000000001,0.30000000000000004,0.8,65.0,45.0,25.0,1622,1620,2,1622,0.0012330456226880395,0.9177087146958758,1.0,0.9177087146958758,1069,0.6598765432098765,1.0,1
"iteration_3","SCOPE_DATA_COLLECTION",400,30,1870.0,1930.0,2,2242,1633,583,2374,1580,583,2235,1631,586,0,0,0,0.0,0.0,0.0,0.33163358994781783,0.9044965880237931,1.7309963769932886,0.6632671798956357,0.9044965880237931,1.1539975846621924,0.09351230425055929,0.6578786020846107,0.8054607508532423,100.0,100.0,3512,757,189,0,0,0,0.0,0.0,0.0,0.8,0.5,0.4,0.1,35.0,35.0,40.0,0.8,0.7000000000000001,0.30000000000000004,0.8,65.0,45.0,25.0,567,565,2,567,0.003527336860670194,1.6685893140188788,1.5,1.1123928760125859,433,0.7663716814159292,1.0,1
"iteration_3","SCOPE_DATA_COLLECTION",400,31,1930.0,1990.0,0,2338,1622,567,2242,1633,583,2335,1618,561,2,2,2,8.557980316645272E-4,0.0012345679012345679,0.003552397868561279,0.33852573081797577,0.9189014960303913,1.6703302104162634,0.6770514616359515,0.9189014960303913,1.1135534736108423,0.08993576017130621,0.6619283065512979,0.768270944741533,95.0,100.0,3642,713,172,4,2,0,0.001098297638660077,0.002805049088359046,0.0,0.8,0.7000000000000001,0.30000000000000004,0.8,65.0,45.0,25.0,0.1,0.7000000000000001,0.9,0.9,50.0,60.0,50.0,2374,2372,2,2374,8.424599831508003E-4,0.3272890029701368,0.5,0.6545780059402736,249,0.10497470489038786,1.0,1
"iteration_3","SCOPE_DATA_COLLECTION",400,31,1930.0,1990.0,1,2338,1622,567,2242,1633,583,2335,1618,561,2,2,2,8.557980316645272E-4,0.0012345679012345679,0.003552397868561279,0.33852573081797577,0.9189014960303913,1.6703302104162634,0.6770514616359515,0.9189014960303913,1.1135534736108423,0.08993576017130621,0.6619283065512979,0.768270944741533,95.0,100.0,3642,713,172,4,2,0,0.001098297638660077,0.002805049088359046,0.0,0.8,0.7000000000000001,0.30000000000000004,0.8,65.0,45.0,25.0,0.1,0.7000000000000001,0.9,0.9,50.0,60.0,50.0,1613,1610,3,1613,0.0018598884066955983,0.8840777367344194,1.0,0.8840777367344194,1022,0.6347826086956522,1.0,1
"iteration_3","SCOPE_DATA_COLLECTION",400,31,1930.0,1990.0,2,2338,1622,567,2242,1633,583,2335,1618,561,2,2,2,8.557980316645272E-4,0.0012345679012345679,0.003552397868561279,0.33852573081797577,0.9189014960303913,1.6703302104162634,0.6770514616359515,0.9189014960303913,1.1135534736108423,0.08993576017130621,0.6619283065512979,0.768270944741533,95.0,100.0,3642,713,172,4,2,0,0.001098297638660077,0.002805049088359046,0.0,0.8,0.7000000000000001,0.30000000000000004,0.8,65.0,45.0,25.0,0.1,0.7000000000000001,0.9,0.9,50.0,60.0,50.0,588,588,0,588,0.0,1.7253053024122915,1.5,1.1502035349415276,466,0.7925170068027211,1.0,1
"iteration_3","SCOPE_DATA_COLLECTION",400,32,1990.0,2050.0,0,2374,1613,588,2338,1622,567,2372,1611,591,2,3,0,8.424599831508003E-4,0.0018587360594795538,0.0,0.32754360090547574,0.8843796193990425,1.726468871692897,0.6550872018109515,0.8843796193990425,1.1509792477952647,0.10581787521079258,0.6362507759155804,0.7918781725888325,100.0,100.0,3568,98,909,5,0,0,0.0014013452914798206,0.0,0.0,0.1,0.7000000000000001,0.9,0.9,50.0,60.0,50.0,0.75,0.6000000000000001,0.4,0.1,25.0,75.0,55.0,2395,2394,1,2395,4.175365344467641E-4,0.33514363272197784,0.5,0.6702872654439557,241,0.10066833751044277,1.0,1
"iteration_3","SCOPE_DATA_COLLECTION",400,32,1990.0,2050.0,1,2374,1613,588,2338,1622,567,2372,1611,591,2,3,0,8.424599831508003E-4,0.0018587360594795538,0.0,0.32754360090547574,0.8843796193990425,1.726468871692897,0.6550872018109515,0.8843796193990425,1.1509792477952647,0.10581787521079258,0.6362507759155804,0.7918781725888325,100.0,100.0,3568,98,909,5,0,0,0.0014013452914798206,0.0,0.0,0.1,0.7000000000000001,0.9,0.9,50.0,60.0,50.0,0.75,0.6000000000000001,0.4,0.1,25.0,75.0,55.0,1658,1655,3,1658,0.0018094089264173703,0.8985353586477945,1.0,0.8985353586477945,1065,0.6435045317220544,1.0,1
"iteration_3","SCOPE_DATA_COLLECTION",400,32,1990.0,2050.0,2,2374,1613,588,2338,1622,567,2372,1611,591,2,3,0,8.424599831508003E-4,0.0018587360594795538,0.0,0.32754360090547574,0.8843796193990425,1.726468871692897,0.6550872018109515,0.8843796193990425,1.1509792477952647,0.10581787521079258,0.6362507759155804,0.7918781725888325,100.0,100.0,3568,98,909,5,0,0,0.0014013452914798206,0.0,0.0,0.1,0.7000000000000001,0.9,0.9,50.0,60.0,50.0,0.75,0.6000000000000001,0.4,0.1,25.0,75.0,55.0,577,577,0,577,0.0,1.6599156299567772,1.5,1.1066104199711848,440,0.7625649913344887,1.0,1
"iteration_3","SCOPE_DATA_COLLECTION",400,33,2050.0,2110.0,0,2395,1658,577,2374,1613,588,2396,1652,582,1,3,0,4.1718815185648727E-4,0.0018126888217522659,0.0,0.3349255142594239,0.8979923380194516,1.6604098852265332,0.6698510285188478,0.8979923380194516,1.1069399234843555,0.10058430717863105,0.6416464891041163,0.7628865979381443,92.5,100.0,3631,734,265,3,1,0,8.262186725419994E-4,0.0013623978201634877,0.0,0.75,0.6000000000000001,0.4,0.1,25.0,75.0,55.0,0.65,0.7000000000000001,0.5,0.1,25.0,75.0,55.0,2348,2347,1,2348,4.2589437819420784E-4,0.32926692767092147,0.5,0.6585338553418429,242,0.10311035364294845,1.0,1
"iteration_3","SCOPE_DATA_COLLECTION",400,33,2050.0,2110.0,1,2395,1658,577,2374,1613,588,2396,1652,582,1,3,0,4.1718815185648727E-4,0.0018126888217522659,0.0,0.3349255142594239,0.8979923380194516,1.6604098852265332,0.6698510285188478,0.8979923380194516,1.1069399234843555,0.10058430717863105,0.6416464891041163,0.7628865979381443,92.5,100.0,3631,734,265,3,1,0,8.262186725419994E-4,0.0013623978201634877,0.0,0.75,0.6000000000000001,0.4,0.1,25.0,75.0,55.0,0.65,0.7000000000000001,0.5,0.1,25.0,75.0,55.0,1701,1700,1,1701,5.878894767783657E-4,0.8870241494672974,1.0,0.8870241494672974,1077,0.6335294117647059,1.0,1
"iteration_3","SCOPE_DATA_COLLECTION",400,33,2050.0,2110.0,2,2395,1658,577,2374,1613,588,2396,1652,582,1,3,0,4.1718815185648727E-4,0.0018126888217522659,0.0,0.3349255142594239,0.8979923380194516,1.6604098852265332,0.6698510285188478,0.8979923380194516,1.1069399234843555,0.10058430717863105,0.6416464891041163,0.7628865979381443,92.5,100.0,3631,734,265,3,1,0,8.262186725419994E-4,0.0013623978201634877,0.0,0.75,0.6000000000000001,0.4,0.1,25.0,75.0,55.0,0.65,0.7000000000000001,0.5,0.1,25.0,75.0,55.0,637,635,2,637,0.0031397174254317113,1.6215818557903932,1.5,1.0810545705269288,471,0.7417322834645669,1.0,1
"iteration_3","SCOPE_DATA_COLLECTION",400,34,2110.0,2170.0,0,2348,1701,637,2395,1658,577,2355,1700,631,1,1,2,4.2444821731748726E-4,5.878894767783657E-4,0.00315955766192733,0.32978967613755555,0.8858368471217024,1.6196824291462877,0.6595793522751111,0.8858368471217024,1.0797882860975252,0.10360934182590234,0.6335294117647059,0.7400950871632329,92.5,100.0,3596,721,369,4,0,0,0.0011123470522803114,0.0,0.0,0.65,0.7000000000000001,0.5,0.1,25.0,75.0,55.0,0.75,0.8,0.4,0.1,25.0,75.0,65.0,2393,2393,0,2393,0.0,0.33106165920292163,0.5,0.6621233184058433,231,0.09653155035520268,1.0,1
"iteration_3","SCOPE_DATA_COLLECTION",400,34,2110.0,2170.0,1,2348,1701,637,2395,1658,577,2355,1700,631,1,1,2,4.2444821731748726E-4,5.878894767783657E-4,0.00315955766192733,0.32978967613755555,0.8858368471217024,1.6196824291462877,0.6595793522751111,0.8858368471217024,1.0797882860975252,0.10360934182590234,0.6335294117647059,0.7400950871632329,92.5,100.0,3596,721,369,4,0,0,0.0011123470522803114,0.0,0.0,0.65,0.7000000000000001,0.5,0.1,25.0,75.0,55.0,0.75,0.8,0.4,0.1,25.0,75.0,65.0,1646,1645,1,1646,6.075334143377885E-4,0.8897475326291556,1.0,0.8897475326291556,1055,0.6413373860182371,1.0,1
"iteration_3","SCOPE_DATA_COLLECTION",400,34,2110.0,2170.0,2,2348,1701,637,2395,1658,577,2355,1700,631,1,1,2,4.2444821731748726E-4,5.878894767783657E-4,0.00315955766192733,0.32978967613755555,0.8858368471217024,1.6196824291462877,0.6595793522751111,0.8858368471217024,1.0797882860975252,0.10360934182590234,0.6335294117647059,0.7400950871632329,92.5,100.0,3596,721,369,4,0,0,0.0011123470522803114,0.0,0.0,0.65,0.7000000000000001,0.5,0.1,25.0,75.0,55.0,0.75,0.8,0.4,0.1,25.0,75.0,65.0,593,591,2,593,0.003372681281618887,1.676534521401748,1.5,1.1176896809344987,456,0.7715736040609137,1.0,1
"iteration_3","SCOPE_DATA_COLLECTION",400,35,2170.0,2230.0,0,2393,1646,593,2348,1701,637,2380,1643,594,0,1,2,0.0,6.082725060827251E-4,0.003355704697986577,0.32953658620448006,0.8904241012827175,1.6778248866376173,0.6590731724089601,0.8904241012827175,1.1185499244250783,0.09285714285714286,0.6402921485088253,0.7727272727272727,100.0,100.0,3605,778,249,3,0,0,8.321775312066575E-4,0.0,0.0,0.75,0.8,0.4,0.1,25.0,75.0,65.0,0.65,0.9,0.4,0.1,35.0,85.0,55.0,2350,2346,4,2350,0.001702127659574468,0.3277448640584822,0.5,0.6554897281169644,204,0.08695652173913043,1.0,1
"iteration_3","SCOPE_DATA_COLLECTION",400,35,2170.0,2230.0,1,2393,1646,593,2348,1701,637,2380,1643,594,0,1,2,0.0,6.082725060827251E-4,0.003355704697986577,0.32953658620448006,0.8904241012827175,1.6778248866376173,0.6590731724089601,0.8904241012827175,1.1185499244250783,0.09285714285714286,0.6402921485088253,0.7727272727272727,100.0,100.0,3605,778,249,3,0,0,8.321775312066575E-4,0.0,0.0,0.75,0.8,0.4,0.1,25.0,75.0,65.0,0.65,0.9,0.4,0.1,35.0,85.0,55.0,1608,1608,0,1608,0.0,0.8973316220812244,1.0,0.8973316220812244,1043,0.6486318407960199,1.0,1
"iteration_3","SCOPE_DATA_COLLECTION",400,35,2170.0,2230.0,2,2393,1646,593,2348,1701,637,2380,1643,594,0,1,2,0.0,6.082725060827251E-4,0.003355704697986577,0.32953658620448006,0.8904241012827175,1.6778248866376173,0.6590731724089601,0.8904241012827175,1.1185499244250783,0.09285714285714286,0.6402921485088253,0.7727272727272727,100.0,100.0,3605,778,249,3,0,0,8.321775312066575E-4,0.0,0.0,0.75,0.8,0.4,0.1,25.0,75.0,65.0,0.65,0.9,0.4,0.1,35.0,85.0,55.0,601,598,3,601,0.004991680532445923,1.7097061405729923,1.5,1.1398040937153282,472,0.7892976588628763,1.0,1
"iteration_3","SCOPE_DATA_COLLECTION",400,36,2230.0,2290.0,0,2350,1608,601,2393,1646,593,2358,1611,594,4,0,3,0.001693480101608806,0.0,0.005025125628140704,0.3294151454902276,0.8969209480801993,1.7070437370670033,0.6588302909804552,0.8969209480801993,1.1380291580446689,0.090754877014419,0.6468032278088144,0.7878787878787878,95.0,100.0,3560,628,371,6,1,0,0.0016853932584269663,0.0015923566878980893,0.0,0.65,0.9,0.4,0.1,35.0,85.0,55.0,0.55,0.9,0.5,0.1,45.0,75.0,45.0,2336,2334,2,2336,8.561643835616438E-4,0.3281407532354971,0.5,0.6562815064709941,203,0.08697514995715509,1.0,1
"iteration_3","SCOPE_DATA_COLLECTION",400,36,2230.0,2290.0,1,2350,1608,601,2393,1646,593,2358,1611,594,4,0,3,0.001693480101608806,0.0,0.005025125628140704,0.3294151454902276,0.8969209480801993,1.7070437370670033,0.6588302909804552,0.8969209480801993,1.1380291580446689,0.090754877014419,0.6468032278088144,0.7878787878787878,95.0,100.0,3560,628,371,6,1,0,0.0016853932584269663,0.0015923566878980893,0.0,0.65,0.9,0.4,0.1,35.0,85.0,55.0,0.55,0.9,0.5,0.1,45.0,75.0,45.0,1625,1624,1,1625,6.153846153846154E-4,0.9074749066766041,1.0,0.9074749066766041,1074,0.6613300492610837,1.0,1
"iteration_3","SCOPE_DATA_COLLECTION",400,36,2230.0,2290.0,2,2350,1608,601,2393,1646,593,2358,1611,594,4,0,3,0.001693480101608806,0.0,0.005025125628140704,0.3294151454902276,0.8969209480801993,1.7070437370670033,0.6588302909804552,0.8969209480801993,1.1380291580446689,0.090754877014419,0.6468032278088144,0.7878787878787878,95.0,100.0,3560,628,371,6,1,0,0.0016853932584269663,0.0015923566878980893,0.0,0.65,0.9,0.4,0.1,35.0,85.0,55.0,0.55,0.9,0.5,0.1,45.0,75.0,45.0,597,597,0,597,0.0,1.6972049968549918,1.5,1.1314699979033278,467,0.7822445561139029,1.0,1
"iteration_3","SCOPE_DATA_COLLECTION",400,37,2290.0,2350.0,0,2336,1625,597,2350,1608,601,2334,1623,591,2,1,0,8.561643835616438E-4,6.157635467980296E-4,0.0,0.3282470801084379,0.9095722275851356,1.7019602860597671,0.6564941602168758,0.9095722275851356,1.1346401907065113,0.08654670094258783,0.6660505237215034,0.7851099830795262,97.5,100.0,3573,540,445,3,0,0,8.396305625524769E-4,0.0,0.0,0.55,0.9,0.5,0.1,45.0,75.0,45.0,0.65,0.9,0.6000000000000001,0.2,55.0,65.0,35.0,2303,2300,3,2303,0.0013026487190620929,0.33151523051551524,0.5,0.6630304610310305,229,0.09956521739130435,1.0,1
"iteration_3","SCOPE_DATA_COLLECTION",400,37,2290.0,2350.0,1,2336,1625,597,2350,1608,601,2334,1623,591,2,1,0,8.561643835616438E-4,6.157635467980296E-4,0.0,0.3282470801084379,0.9095722275851356,1.7019602860597671,0.6564941602168758,0.9095722275851356,1.1346401907065113,0.08654670094258783,0.6660505237215034,0.7851099830795262,97.5,100.0,3573,540,445,3,0,0,8.396305625524769E-4,0.0,0.0,0.55,0.9,0.5,0.1,45.0,75.0,45.0,0.65,0.9,0.6000000000000001,0.2,55.0,65.0,35.0,1608,1608,0,1608,0.0,0.9271770438313228,1.0,0.9271770438313228,1094,0.6803482587064676,1.0,1
"iteration_3","SCOPE_DATA_COLLECTION",400,37,2290.0,2350.0,2,2336,1625,597,2350,1608,601,2334,1623,591,2,1,0,8.561643835616438E-4,6.157635467980296E-4,0.0,0.3282470801084379,0.9095722275851356,1.7019602860597671,0.6564941602168758,0.9095722275851356,1.1346401907065113,0.08654670094258783,0.6660505237215034,0.7851099830795262,97.5,100.0,3573,540,445,3,0,0,8.396305625524769E-4,0.0,0.0,0.55,0.9,0.5,0.1,45.0,75.0,45.0,0.65,0.9,0.6000000000000001,0.2,55.0,65.0,35.0,598,597,1,598,0.0016722408026755853,1.7189746333486284,1.5,1.1459830888990856,472,0.7906197654941374,1.0,1
"iteration_3","SCOPE_DATA_COLLECTION",400,38,2350.0,2410.0,0,2303,1608,598,2336,1625,597,2296,1606,605,3,0,1,0.0013049151805132667,0.0,0.0016501650165016502,0.3312062640829001,0.9223830355144507,1.7159340036399413,0.6624125281658002,0.9223830355144507,1.1439560024266275,0.10017421602787456,0.6768368617683687,0.7900826446280992,97.5,100.0,3553,617,339,4,0,0,0.001125809175344779,0.0,0.0,0.65,0.9,0.6000000000000001,0.2,55.0,65.0,35.0,0.35000000000000003,0.8,0.7000000000000001,0.5,85.0,85.0,40.0,2367,2364,3,2367,0.0012674271229404308,0.33419161779674966,0.5,0.6683832355934993,253,0.10702199661590525,1.0,1
"iteration_3","SCOPE_DATA_COLLECTION",400,38,2350.0,2410.0,1,2303,1608,598,2336,1625,597,2296,1606,605,3,0,1,0.0013049151805132667,0.0,0.0016501650165016502,0.3312062640829001,0.9223830355144507,1.7159340036399413,0.6624125281658002,0.9223830355144507,1.1439560024266275,0.10017421602787456,0.6768368617683687,0.7900826446280992,97.5,100.0,3553,617,339,4,0,0,0.001125809175344779,0.0,0.0,0.65,0.9,0.6000000000000001,0.2,55.0,65.0,35.0,0.35000000000000003,0.8,0.7000000000000001,0.5,85.0,85.0,40.0,1670,1667,3,1670,0.0017964071856287425,0.908712085243295,1.0,0.908712085243295,1090,0.6538692261547691,1.0,1
"iteration_3","SCOPE_DATA_COLLECTION",400,38,2350.0,2410.0,2,2303,1608,598,2336,1625,597,2296,1606,605,3,0,1,0.0013049151805132667,0.0,0.0016501650165016502,0.3312062640829001,0.9223830355144507,1.7159340036399413,0.6624125281658002,0.9223830355144507,1.1439560024266275,0.10017421602787456,0.6768368617683687,0.7900826446280992,97.5,100.0,3553,617,339,4,0,0,0.001125809175344779,0.0,0.0,0.65,0.9,0.6000000000000001,0.2,55.0,65.0,35.0,0.35000000000000003,0.8,0.7000000000000001,0.5,85.0,85.0,40.0,561,561,0,561,0.0,1.6992569220110405,1.5,1.1328379480073603,437,0.7789661319073083,1.0,1
"iteration_3","SCOPE_DATA_COLLECTION",400,39,2410.0,2470.0,0,2367,1670,561,2303,1608,598,2366,1668,562,3,3,0,0.001266357112705783,0.0017953321364452424,0.0,0.3341936768501908,0.9106767793146536,1.6983622239824958,0.6683873537003816,0.9106767793146536,1.1322414826549971,0.10693153000845308,0.6552757793764988,0.7775800711743772,97.5,100.0,3646,321,631,6,0,0,0.0016456390565002743,0.0,0.0,0.35000000000000003,0.8,0.7000000000000001,0.5,85.0,85.0,40.0,0.35000000000000003,0.7000000000000001,0.8,0.4,85.0,85.0,40.0,2298,2297,1,2298,4.351610095735422E-4,0.3304431896898151,0.5,0.6608863793796302,249,0.10840226382237701,1.0,1
"iteration_3","SCOPE_DATA_COLLECTION",400,39,2410.0,2470.0,1,2367,1670,561,2303,1608,598,2366,1668,562,3,3,0,0.001266357112705783,0.0017953321364452424,0.0,0.3341936768501908,0.9106767793146536,1.6983622239824958,0.6683873537003816,0.9106767793146536,1.1322414826549971,0.10693153000845308,0.6552757793764988,0.7775800711743772,97.5,100.0,3646,321,631,6,0,0,0.0016456390565002743,0.0,0.0,0.35000000000000003,0.8,0.7000000000000001,0.5,85.0,85.0,40.0,0.35000000000000003,0.7000000000000001,0.8,0.4,85.0,85.0,40.0,1681,1675,6,1681,0.003569303985722784,0.8947951192871201,1.0,0.8947951192871201,1102,0.657910447761194,1.0,1
"iteration_3","SCOPE_DATA_COLLECTION",400,39,2410.0,2470.0,2,2367,1670,561,2303,1608,598,2366,1668,562,3,3,0,0.001266357112705783,0.0017953321364452424,0.0,0.3341936768501908,0.9106767793146536,1.6983622239824958,0.6683873537003816,0.9106767793146536,1.1322414826549971,0.10693153000845308,0.6552757793764988,0.7775800711743772,97.5,100.0,3646,321,631,6,0,0,0.0016456390565002743,0.0,0.0,0.35000000000000003,0.8,0.7000000000000001,0.5,85.0,85.0,40.0,0.35000000000000003,0.7000000000000001,0.8,0.4,85.0,85.0,40.0,635,634,1,635,0.0015748031496062992,1.653881159964202,1.5,1.1025874399761346,475,0.749211356466877,1.0,1
"iteration_3","SCOPE_DATA_COLLECTION",400,40,2470.0,2530.0,0,2298,1681,635,2367,1670,561,2284,1684,634,1,6,1,4.37636761487965E-4,0.0035502958579881655,0.0015748031496062992,0.3299299934072006,0.8956307715569457,1.6536114698311324,0.6598599868144012,0.8956307715569457,1.1024076465540882,0.10683012259194395,0.6597387173396675,0.749211356466877,92.5,100.0,3541,348,725,8,0,0,0.0022592487997740753,0.0,0.0,0.35000000000000003,0.7000000000000001,0.8,0.4,85.0,85.0,40.0,0.35000000000000003,0.7000000000000001,0.8,0.4,85.0,85.0,40.0,2401,2399,2,2401,8.329862557267805E-4,0.3223890459574249,0.5,0.6447780919148498,200,0.08336807002917883,1.0,1
"iteration_3","SCOPE_DATA_COLLECTION",400,40,2470.0,2530.0,1,2298,1681,635,2367,1670,561,2284,1684,634,1,6,1,4.37636761487965E-4,0.0035502958579881655,0.0015748031496062992,0.3299299934072006,0.8956307715569457,1.6536114698311324,0.6598599868144012,0.8956307715569457,1.1024076465540882,0.10683012259194395,0.6597387173396675,0.749211356466877,92.5,100.0,3541,348,725,8,0,0,0.0022592487997740753,0.0,0.0,0.35000000000000003,0.7000000000000001,0.8,0.4,85.0,85.0,40.0,0.35000000000000003,0.7000000000000001,0.8,0.4,85.0,85.0,40.0,1606,1606,0,1606,0.0,0.8886480345475769,1.0,0.8886480345475769,1021,0.6357409713574097,1.0,1
"iteration_3","SCOPE_DATA_COLLECTION",400,40,2470.0,2530.0,2,2298,1681,635,2367,1670,561,2284,1684,634,1,6,1,4.37636761487965E-4,0.0035502958579881655,0.0015748031496062992,0.3299299934072006,0.8956307715569457,1.6536114698311324,0.6598599868144012,0.8956307715569457,1.1024076465540882,0.10683012259194395,0.6597387173396675,0.749211356466877,92.5,100.0,3541,348,725,8,0,0,0.0022592487997740753,0.0,0.0,0.35000000000000003,0.7000000000000001,0.8,0.4,85.0,85.0,40.0,0.35000000000000003,0.7000000000000001,0.8,0.4,85.0,85.0,40.0,605,603,2,605,0.003305785123966942,1.7231291636874224,1.5,1.148752775791615,482,0.7993366500829188,1.0,1
"iteration_3","SCOPE_DATA_COLLECTION",400,41,2530.0,2590.0,0,2401,1606,605,2298,1681,635,2403,1605,600,2,0,2,8.316008316008316E-4,0.0,0.0033222591362126247,0.32258007668623384,0.8887148407395599,1.7261749945102338,0.6451601533724677,0.8887148407395599,1.1507833296734893,0.08406158967956721,0.6317757009345795,0.8016666666666666,97.5,100.0,3577,353,682,4,0,0,0.0011182555213866368,0.0,0.0,0.35000000000000003,0.7000000000000001,0.8,0.4,85.0,85.0,40.0,0.25,0.8,0.8,0.30000000000000004,85.0,95.0,40.0,2392,2391,1,2392,4.180602006688963E-4,0.32487865063955756,0.5,0.6497573012791151,214,0.08950230029276453,1.0,1
"iteration_3","SCOPE_DATA_COLLECTION",400,41,2530.0,2590.0,1,2401,1606,605,2298,1681,635,2403,1605,600,2,0,2,8.316008316008316E-4,0.0,0.0033222591362126247,0.32258007668623384,0.8887148407395599,1.7261749945102338,0.6451601533724677,0.8887148407395599,1.1507833296734893,0.08406158967956721,0.6317757009345795,0.8016666666666666,97.5,100.0,3577,353,682,4,0,0,0.0011182555213866368,0.0,0.0,0.35000000000000003,0.7000000000000001,0.8,0.4,85.0,85.0,40.0,0.25,0.8,0.8,0.30000000000000004,85.0,95.0,40.0,1561,1560,1,1561,6.406149903907751E-4,0.9006478183278053,1.0,0.9006478183278053,1027,0.6583333333333333,1.0,1
"iteration_3","SCOPE_DATA_COLLECTION",400,41,2530.0,2590.0,2,2401,1606,605,2298,1681,635,2403,1605,600,2,0,2,8.316008316008316E-4,0.0,0.0033222591362126247,0.32258007668623384,0.8887148407395599,1.7261749945102338,0.6451601533724677,0.8887148407395599,1.1507833296734893,0.08406158967956721,0.6317757009345795,0.8016666666666666,97.5,100.0,3577,353,682,4,0,0,0.0011182555213866368,0.0,0.0,0.35000000000000003,0.7000000000000001,0.8,0.4,85.0,85.0,40.0,0.25,0.8,0.8,0.30000000000000004,85.0,95.0,40.0,613,612,1,613,0.0016313213703099511,1.718966226588977,1.5,1.1459774843926513,485,0.7924836601307189,1.0,1
"iteration_3","SCOPE_DATA_COLLECTION",400,42,2590.0,2650.0,0,2392,1561,613,2401,1606,605,2395,1557,612,1,1,1,4.1736227045075126E-4,6.418485237483953E-4,0.0016313213703099511,0.32501896950942577,0.8998229602325263,1.7133073591916885,0.6500379390188515,0.8998229602325263,1.1422049061277924,0.08935281837160751,0.6583172768143867,0.7892156862745098,97.5,100.0,3575,242,749,2,1,0,5.594405594405594E-4,0.004132231404958678,0.0,0.25,0.8,0.8,0.30000000000000004,85.0,95.0,40.0,0.25,0.30000000000000004,0.2,0.9,35.0,55.0,35.0,2419,2419,0,2419,0.0,0.33535035153607207,0.5,0.6707007030721441,221,0.09136006614303431,1.0,1
"iteration_3","SCOPE_DATA_COLLECTION",400,42,2590.0,2650.0,1,2392,1561,613,2401,1606,605,2395,1557,612,1,1,1,4.1736227045075126E-4,6.418485237483953E-4,0.0016313213703099511,0.32501896950942577,0.8998229602325263,1.7133073591916885,0.6500379390188515,0.8998229602325263,1.1422049061277924,0.08935281837160751,0.6583172768143867,0.7892156862745098,97.5,100.0,3575,242,749,2,1,0,5.594405594405594E-4,0.004132231404958678,0.0,0.25,0.8,0.8,0.30000000000000004,85.0,95.0,40.0,0.25,0.30000000000000004,0.2,0.9,35.0,55.0,35.0,1608,1607,1,1608,6.218905472636816E-4,0.8862453546428206,1.0,0.8862453546428206,1037,0.6453018046048538,1.0,1
"iteration_3","SCOPE_DATA_COLLECTION",400,42,2590.0,2650.0,2,2392,1561,613,2401,1606,605,2395,1557,612,1,1,1,4.1736227045075126E-4,6.418485237483953E-4,0.0016313213703099511,0.32501896950942577,0.8998229602325263,1.7133073591916885,0.6500379390188515,0.8998229602325263,1.1422049061277924,0.08935281837160751,0.6583172768143867,0.7892156862745098,97.5,100.0,3575,242,749,2,1,0,5.594405594405594E-4,0.004132231404958678,0.0,0.25,0.8,0.8,0.30000000000000004,85.0,95.0,40.0,0.25,0.30000000000000004,0.2,0.9,35.0,55.0,35.0,606,606,0,606,0.0,1.747749744285122,1.5,1.1651664961900814,491,0.8102310231023102,1.0,1
"iteration_3","SCOPE_DATA_COLLECTION",400,43,2650.0,2710.0,0,2419,1608,606,2392,1561,613,2419,1603,604,0,0,0,0.0,0.0,0.0,0.3346706033466367,0.8870632404870225,1.752585522677932,0.6693412066932733,0.8870632404870225,1.1683903484519547,0.09011988424968996,0.6475358702432938,0.8129139072847682,100.0,100.0,3667,249,717,0,0,0,0.0,0.0,0.0,0.25,0.30000000000000004,0.2,0.9,35.0,55.0,35.0,0.15000000000000002,0.2,0.1,0.9,45.0,65.0,35.0,2368,2365,3,2368,0.001266891891891892,0.3371209058386332,0.5,0.6742418116772664,233,0.0985200845665962,1.0,1
"iteration_3","SCOPE_DATA_COLLECTION",400,43,2650.0,2710.0,1,2419,1608,606,2392,1561,613,2419,1603,604,0,0,0,0.0,0.0,0.0,0.3346706033466367,0.8870632404870225,1.752585522677932,0.6693412066932733,0.8870632404870225,1.1683903484519547,0.09011988424968996,0.6475358702432938,0.8129139072847682,100.0,100.0,3667,249,717,0,0,0,0.0,0.0,0.0,0.25,0.30000000000000004,0.2,0.9,35.0,55.0,35.0,0.15000000000000002,0.2,0.1,0.9,45.0,65.0,35.0,1572,1571,1,1572,6.361323155216285E-4,0.915036031344061,1.0,0.915036031344061,1072,0.6823679185232336,1.0,1
"iteration_3","SCOPE_DATA_COLLECTION",400,43,2650.0,2710.0,2,2419,1608,606,2392,1561,613,2419,1603,604,0,0,0,0.0,0.0,0.0,0.3346706033466367,0.8870632404870225,1.752585522677932,0.6693412066932733,0.8870632404870225,1.1683903484519547,0.09011988424968996,0.6475358702432938,0.8129139072847682,100.0,100.0,3667,249,717,0,0,0,0.0,0.0,0.0,0.25,0.30000000000000004,0.2,0.9,35.0,55.0,35.0,0.15000000000000002,0.2,0.1,0.9,45.0,65.0,35.0,613,611,2,613,0.0032626427406199023,1.7638612047715219,1.5,1.1759074698476812,504,0.8248772504091653,1.0,1
"iteration_3","SCOPE_DATA_COLLECTION",400,44,2710.0,2770.0,0,2368,1572,613,2419,1608,606,2366,1575,611,3,2,2,0.001266357112705783,0.0012682308180088776,0.0032626427406199023,0.33798250576400213,0.9153353831285121,1.7596021606745595,0.6759650115280043,0.9153353831285121,1.173068107116373,0.10101437024513947,0.6812698412698412,0.8216039279869067,95.0,100.0,3684,132,737,6,1,0,0.0016286644951140066,0.007575757575757576,0.0,0.15000000000000002,0.2,0.1,0.9,45.0,65.0,35.0,0.35000000000000003,0.8,0.1,0.2,35.0,25.0,65.0,2275,2273,2,2275,8.791208791208791E-4,0.3240792216755222,0.5,0.6481584433510444,146,0.06423229212494501,1.0,1
"iteration_3","SCOPE_DATA_COLLECTION",400,44,2710.0,2770.0,1,2368,1572,613,2419,1608,606,2366,1575,611,3,2,2,0.001266357112705783,0.0012682308180088776,0.0032626427406199023,0.33798250576400213,0.9153353831285121,1.7596021606745595,0.6759650115280043,0.9153353831285121,1.173068107116373,0.10101437024513947,0.6812698412698412,0.8216039279869067,95.0,100.0,3684,132,737,6,1,0,0.0016286644951140066,0.007575757575757576,0.0,0.15000000000000002,0.2,0.1,0.9,45.0,65.0,35.0,0.35000000000000003,0.8,0.1,0.2,35.0,25.0,65.0,1609,1608,1,1609,6.215040397762585E-4,0.883905827228698,1.0,0.883905827228698,1027,0.638681592039801,1.0,1
"iteration_3","SCOPE_DATA_COLLECTION",400,44,2710.0,2770.0,2,2368,1572,613,2419,1608,606,2366,1575,611,3,2,2,0.001266357112705783,0.0012682308180088776,0.0032626427406199023,0.33798250576400213,0.9153353831285121,1.7596021606745595,0.6759650115280043,0.9153353831285121,1.173068107116373,0.10101437024513947,0.6812698412698412,0.8216039279869067,95.0,100.0,3684,132,737,6,1,0,0.0016286644951140066,0.007575757575757576,0.0,0.15000000000000002,0.2,0.1,0.9,45.0,65.0,35.0,0.35000000000000003,0.8,0.1,0.2,35.0,25.0,65.0,613,612,1,613,0.0016313213703099511,1.6941964771265583,1.5,1.1294643180843722,478,0.7810457516339869,1.0,1
"iteration_3","SCOPE_DATA_COLLECTION",400,45,2770.0,2830.0,0,2275,1609,613,2368,1572,613,2271,1612,614,2,1,1,8.798944126704796E-4,6.199628022318661E-4,0.0016260162601626016,0.3237415651707518,0.8838607804948517,1.6973078497175123,0.6474831303415036,0.8838607804948517,1.1315385664783415,0.06296785557023338,0.6383374689826302,0.7817589576547231,97.5,100.0,3566,311,620,4,0,0,0.0011217049915872126,0.0,0.0,0.35000000000000003,0.8,0.1,0.2,35.0,25.0,65.0,0.35000000000000003,0.7000000000000001,0.5,0.6000000000000001,35.0,65.0,35.0,2330,2328,2,2330,8.583690987124463E-4,0.3339724043196745,0.5,0.667944808639349,227,0.0975085910652921,1.0,1
"iteration_3","SCOPE_DATA_COLLECTION",400,45,2770.0,2830.0,1,2275,1609,613,2368,1572,613,2271,1612,614,2,1,1,8.798944126704796E-4,6.199628022318661E-4,0.0016260162601626016,0.3237415651707518,0.8838607804948517,1.6973078497175123,0.6474831303415036,0.8838607804948517,1.1315385664783415,0.06296785557023338,0.6383374689826302,0.7817589576547231,97.5,100.0,3566,311,620,4,0,0,0.0011217049915872126,0.0,0.0,0.35000000000000003,0.8,0.1,0.2,35.0,25.0,65.0,0.35000000000000003,0.7000000000000001,0.5,0.6000000000000001,35.0,65.0,35.0,1633,1632,1,1633,6.12369871402327E-4,0.8919673239583874,1.0,0.8919673239583874,1054,0.6458333333333334,1.0,1
"iteration_3","SCOPE_DATA_COLLECTION",400,45,2770.0,2830.0,2,2275,1609,613,2368,1572,613,2271,1612,614,2,1,1,8.798944126704796E-4,6.199628022318661E-4,0.0016260162601626016,0.3237415651707518,0.8838607804948517,1.6973078497175123,0.6474831303415036,0.8838607804948517,1.1315385664783415,0.06296785557023338,0.6383374689826302,0.7817589576547231,97.5,100.0,3566,311,620,4,0,0,0.0011217049915872126,0.0,0.0,0.35000000000000003,0.8,0.1,0.2,35.0,25.0,65.0,0.35000000000000003,0.7000000000000001,0.5,0.6000000000000001,35.0,65.0,35.0,600,599,1,600,0.0016666666666666668,1.6911576917368734,1.5,1.1274384611579156,464,0.7746243739565943,1.0,1
"iteration_3","SCOPE_DATA_COLLECTION",400,46,2830.0,2890.0,0,2330,1633,600,2275,1609,613,2322,1622,601,2,1,1,8.605851979345956E-4,6.161429451632779E-4,0.0016611295681063123,0.3332345817882599,0.8887223157976467,1.6972345245208922,0.6664691635765198,0.8887223157976467,1.131489683013928,0.09646856158484066,0.6436498150431565,0.778702163061564,97.5,100.0,3598,348,617,4,0,0,0.0011117287381878821,0.0,0.0,0.35000000000000003,0.7000000000000001,0.5,0.6000000000000001,35.0,65.0,35.0,0.25,0.6000000000000001,0.6000000000000001,0.5,45.0,65.0,35.0,2314,2311,3,2314,0.0012964563526361278,0.32738809006955827,0.5,0.6547761801391165,203,0.08784076157507573,1.0,1
"iteration_3","SCOPE_DATA_COLLECTION",400,46,2830.0,2890.0,1,2330,1633,600,2275,1609,613,2322,1622,601,2,1,1,8.605851979345956E-4,6.161429451632779E-4,0.0016611295681063123,0.3332345817882599,0.8887223157976467,1.6972345245208922,0.6664691635765198,0.8887223157976467,1.131489683013928,0.09646856158484066,0.6436498150431565,0.778702163061564,97.5,100.0,3598,348,617,4,0,0,0.0011117287381878821,0.0,0.0,0.35000000000000003,0.7000000000000001,0.5,0.6000000000000001,35.0,65.0,35.0,0.25,0.6000000000000001,0.6000000000000001,0.5,45.0,65.0,35.0,1657,1654,3,1657,0.0018105009052504525,0.9280478650185469,1.0,0.9280478650185469,1126,0.6807738814993954,1.0,1
"iteration_3","SCOPE_DATA_COLLECTION",400,46,2830.0,2890.0,2,2330,1633,600,2275,1609,613,2322,1622,601,2,1,1,8.605851979345956E-4,6.161429451632779E-4,0.0016611295681063123,0.3332345817882599,0.8887223157976467,1.6972345245208922,0.6664691635765198,0.8887223157976467,1.131489683013928,0.09646856158484066,0.6436498150431565,0.778702163061564,97.5,100.0,3598,348,617,4,0,0,0.0011117287381878821,0.0,0.0,0.35000000000000003,0.7000000000000001,0.5,0.6000000000000001,35.0,65.0,35.0,0.25,0.6000000000000001,0.6000000000000001,0.5,45.0,65.0,35.0,564,560,4,564,0.0070921985815602835,1.7289348247862888,1.5,1.1526232165241925,444,0.7928571428571428,1.0,1
"iteration_3","SCOPE_DATA_COLLECTION",400,47,2890.0,2950.0,0,2314,1657,564,2330,1633,600,2320,1653,559,3,3,4,0.0012914334911752045,0.0018115942028985507,0.007104795737122558,0.3281260950705285,0.9319876409185094,1.7225032557248636,0.656252190141057,0.9319876409185094,1.1483355038165757,0.08879310344827586,0.6860254083484574,0.7906976744186046,95.0,100.0,3614,246,675,10,0,0,0.002767017155506364,0.0,0.0,0.25,0.6000000000000001,0.6000000000000001,0.5,45.0,65.0,35.0,0.25,0.5,0.5,0.5,35.0,75.0,45.0,2266,2264,2,2266,8.8261253309797E-4,0.3300692792731113,0.5,0.6601385585462226,185,0.08171378091872791,1.0,1
"iteration_3","SCOPE_DATA_COLLECTION",400,47,2890.0,2950.0,1,2314,1657,564,2330,1633,600,2320,1653,559,3,3,4,0.0012914334911752045,0.0018115942028985507,0.007104795737122558,0.3281260950705285,0.9319876409185094,1.7225032557248636,0.656252190141057,0.9319876409185094,1.1483355038165757,0.08879310344827586,0.6860254083484574,0.7906976744186046,95.0,100.0,3614,246,675,10,0,0,0.002767017155506364,0.0,0.0,0.25,0.6000000000000001,0.6000000000000001,0.5,45.0,65.0,35.0,0.25,0.5,0.5,0.5,35.0,75.0,45.0,1650,1648,2,1650,0.0012121212121212121,0.8982133670587965,1.0,0.8982133670587965,1076,0.6529126213592233,1.0,1
"iteration_3","SCOPE_DATA_COLLECTION",400,47,2890.0,2950.0,2,2314,1657,564,2330,1633,600,2320,1653,559,3,3,4,0.0012914334911752045,0.0018115942028985507,0.007104795737122558,0.3281260950705285,0.9319876409185094,1.7225032557248636,0.656252190141057,0.9319876409185094,1.1483355038165757,0.08879310344827586,0.6860254083484574,0.7906976744186046,95.0,100.0,3614,246,675,10,0,0,0.002767017155506364,0.0,0.0,0.25,0.6000000000000001,0.6000000000000001,0.5,45.0,65.0,35.0,0.25,0.5,0.5,0.5,35.0,75.0,45.0,603,603,0,603,0.0,1.6872680445424704,1.5,1.1248453630283135,468,0.7761194029850746,1.0,1
"iteration_3","SCOPE_DATA_COLLECTION",400,48,2950.0,3010.0,0,2266,1650,603,2314,1657,564,2269,1652,597,2,2,0,8.806693086745927E-4,0.0012091898428053204,0.0,0.3310016022849951,0.8981955664202235,1.6819584361335955,0.6620032045699902,0.8981955664202235,1.1213056240890638,0.08285588364918467,0.6507263922518159,0.7721943048576214,97.5,100.0,3568,259,692,4,0,0,0.0011210762331838565,0.0,0.0,0.25,0.5,0.5,0.5,35.0,75.0,45.0,0.15000000000000002,0.6000000000000001,0.6000000000000001,0.4,25.0,85.0,55.0,2298,2297,1,2298,4.351610095735422E-4,0.32960517373268894,0.5,0.6592103474653779,263,0.11449717022202874,1.0,1
"iteration_3","SCOPE_DATA_COLLECTION",400,48,2950.0,3010.0,1,2266,1650,603,2314,1657,564,2269,1652,597,2,2,0,8.806693086745927E-4,0.0012091898428053204,0.0,0.3310016022849951,0.8981955664202235,1.6819584361335955,0.6620032045699902,0.8981955664202235,1.1213056240890638,0.08285588364918467,0.6507263922518159,0.7721943048576214,97.5,100.0,3568,259,692,4,0,0,0.0011210762331838565,0.0,0.0,0.25,0.5,0.5,0.5,35.0,75.0,45.0,0.15000000000000002,0.6000000000000001,0.6000000000000001,0.4,25.0,85.0,55.0,1670,1670,0,1670,0.0,0.9061437225589927,1.0,0.9061437225589927,1093,0.6544910179640718,1.0,1
"iteration_3","SCOPE_DATA_COLLECTION",400,48,2950.0,3010.0,2,2266,1650,603,2314,1657,564,2269,1652,597,2,2,0,8.806693086745927E-4,0.0012091898428053204,0.0,0.3310016022849951,0.8981955664202235,1.6819584361335955,0.6620032045699902,0.8981955664202235,1.1213056240890638,0.08285588364918467,0.6507263922518159,0.7721943048576214,97.5,100.0,3568,259,692,4,0,0,0.0011210762331838565,0.0,0.0,0.25,0.5,0.5,0.5,35.0,75.0,45.0,0.15000000000000002,0.6000000000000001,0.6000000000000001,0.4,25.0,85.0,55.0,588,588,0,588,0.0,1.7165664329772818,1.5,1.1443776219848545,462,0.7857142857142857,1.0,1
"iteration_3","SCOPE_DATA_COLLECTION",400,49,3010.0,3070.0,0,2298,1670,588,2266,1650,603,2295,1675,592,1,0,0,4.3554006968641115E-4,0.0,0.0,0.3290953600184083,0.903980181968686,1.7157656354305366,0.6581907200368166,0.903980181968686,1.143843756953691,0.11459694989106754,0.6543283582089552,0.7871621621621622,90.0,100.0,3539,149,868,1,0,0,2.8256569652444194E-4,0.0,0.0,0.15000000000000002,0.6000000000000001,0.6000000000000001,0.4,25.0,85.0,55.0,0.05,0.6000000000000001,0.5,0.4,25.0,75.0,45.0,2271,2270,1,2271,4.4033465433729633E-4,0.3310232589855524,0.5,0.6620465179711048,218,0.0960352422907489,1.0,1
"iteration_3","SCOPE_DATA_COLLECTION",400,49,3010.0,3070.0,1,2298,1670,588,2266,1650,603,2295,1675,592,1,0,0,4.3554006968641115E-4,0.0,0.0,0.3290953600184083,0.903980181968686,1.7157656354305366,0.6581907200368166,0.903980181968686,1.143843756953691,0.11459694989106754,0.6543283582089552,0.7871621621621622,90.0,100.0,3539,149,868,1,0,0,2.8256569652444194E-4,0.0,0.0,0.15000000000000002,0.6000000000000001,0.6000000000000001,0.4,25.0,85.0,55.0,0.05,0.6000000000000001,0.5,0.4,25.0,75.0,45.0,1603,1602,1,1603,6.238303181534623E-4,0.894951598824934,1.0,0.894951598824934,1045,0.6523096129837703,1.0,1
"iteration_3","SCOPE_DATA_COLLECTION",400,49,3010.0,3070.0,2,2298,1670,588,2266,1650,603,2295,1675,592,1,0,0,4.3554006968641115E-4,0.0,0.0,0.3290953600184083,0.903980181968686,1.7157656354305366,0.6581907200368166,0.903980181968686,1.143843756953691,0.11459694989106754,0.6543283582089552,0.7871621621621622,90.0,100.0,3539,149,868,1,0,0,2.8256569652444194E-4,0.0,0.0,0.15000000000000002,0.6000000000000001,0.6000000000000001,0.4,25.0,85.0,55.0,0.05,0.6000000000000001,0.5,0.4,25.0,75.0,45.0,600,600,0,600,0.0,1.73054894375011,1.5,1.1536992958334067,479,0.7983333333333333,1.0,1
"iteration_3","SCOPE_DATA_COLLECTION",400,50,3070.0,3130.0,0,2271,1603,600,2298,1670,588,2267,1603,602,1,1,0,4.409171075837742E-4,6.234413965087282E-4,0.0,0.331017689958963,0.8955141939327657,1.7387584672203797,0.662035379917926,0.8955141939327657,1.1591723114802532,0.09616232906925452,0.6525265127885215,0.8006644518272426,97.5,100.0,3538,52,884,2,0,0,5.652911249293386E-4,0.0,0.0,0.05,0.6000000000000001,0.5,0.4,25.0,75.0,45.0,0.15000000000000002,0.6000000000000001,0.6000000000000001,0.30000000000000004,20.0,85.0,55.0,2376,2375,1,2376,4.2087542087542086E-4,0.33543282707144967,0.5,0.6708656541428993,259,0.10905263157894737,1.0,1
"iteration_3","SCOPE_DATA_COLLECTION",400,50,3070.0,3130.0,1,2271,1603,600,2298,1670,588,2267,1603,602,1,1,0,4.409171075837742E-4,6.234413965087282E-4,0.0,0.331017689958963,0.8955141939327657,1.7387584672203797,0.662035379917926,0.8955141939327657,1.1591723114802532,0.09616232906925452,0.6525265127885215,0.8006644518272426,97.5,100.0,3538,52,884,2,0,0,5.652911249293386E-4,0.0,0.0,0.05,0.6000000000000001,0.5,0.4,25.0,75.0,45.0,0.15000000000000002,0.6000000000000001,0.6000000000000001,0.30000000000000004,20.0,85.0,55.0,1664,1664,0,1664,0.0,0.9019128531388504,1.0,0.9019128531388504,1105,0.6640625,1.0,1
"iteration_3","SCOPE_DATA_COLLECTION",400,50,3070.0,3130.0,2,2271,1603,600,2298,1670,588,2267,1603,602,1,1,0,4.409171075837742E-4,6.234413965087282E-4,0.0,0.331017689958963,0.8955141939327657,1.7387584672203797,0.662035379917926,0.8955141939327657,1.1591723114802532,0.09616232906925452,0.6525265127885215,0.8006644518272426,97.5,100.0,3538,52,884,2,0,0,5.652911249293386E-4,0.0,0.0,0.05,0.6000000000000001,0.5,0.4,25.0,75.0,45.0,0.15000000000000002,0.6000000000000001,0.6000000000000001,0.30000000000000004,20.0,85.0,55.0,579,579,0,579,0.0,1.7303851275118944,1.5,1.1535900850079297,462,0.7979274611398963,1.0,1
"iteration_3","SCOPE_DATA_COLLECTION",400,51,3130.0,3190.0,0,2376,1664,579,2271,1603,600,2379,1658,580,1,0,0,4.201680672268908E-4,0.0,0.0,0.3353432171449218,0.9007898052954235,1.7263143839675,0.6706864342898436,0.9007898052954235,1.1508762559783332,0.10886927280369903,0.6616405307599518,0.7965517241379311,92.5,100.0,3643,150,826,1,0,0,2.744990392533626E-4,0.0,0.0,0.15000000000000002,0.6000000000000001,0.6000000000000001,0.30000000000000004,20.0,85.0,55.0,0.2,0.1,0.9,0.6000000000000001,70.0,35.0,20.0,2357,2356,1,2357,4.2426813746287653E-4,0.34398264102077686,0.5,0.6879652820415537,237,0.10059422750424449,1.0,1
"iteration_3","SCOPE_DATA_COLLECTION",400,51,3130.0,3190.0,1,2376,1664,579,2271,1603,600,2379,1658,580,1,0,0,4.201680672268908E-4,0.0,0.0,0.3353432171449218,0.9007898052954235,1.7263143839675,0.6706864342898436,0.9007898052954235,1.1508762559783332,0.10886927280369903,0.6616405307599518,0.7965517241379311,92.5,100.0,3643,150,826,1,0,0,2.744990392533626E-4,0.0,0.0,0.15000000000000002,0.6000000000000001,0.6000000000000001,0.30000000000000004,20.0,85.0,55.0,0.2,0.1,0.9,0.6000000000000001,70.0,35.0,20.0,1626,1624,2,1626,0.0012300123001230013,0.92616419151268,1.0,0.92616419151268,1086,0.6687192118226601,1.0,1
"iteration_3","SCOPE_DATA_COLLECTION",400,51,3130.0,3190.0,2,2376,1664,579,2271,1603,600,2379,1658,580,1,0,0,4.201680672268908E-4,0.0,0.0,0.3353432171449218,0.9007898052954235,1.7263143839675,0.6706864342898436,0.9007898052954235,1.1508762559783332,0.10886927280369903,0.6616405307599518,0.7965517241379311,92.5,100.0,3643,150,826,1,0,0,2.744990392533626E-4,0.0,0.0,0.15000000000000002,0.6000000000000001,0.6000000000000001,0.30000000000000004,20.0,85.0,55.0,0.2,0.1,0.9,0.6000000000000001,70.0,35.0,20.0,591,591,0,591,0.0,1.756355459868499,1.5,1.1709036399123327,481,0.8138747884940778,1.0,1
"iteration_3","SCOPE_DATA_COLLECTION",400,52,3190.0,3250.0,0,2357,1626,591,2376,1664,579,2349,1620,588,1,2,0,4.25531914893617E-4,0.0012330456226880395,0.0,0.34377202955863234,0.9211037280197862,1.7548746485807576,0.6875440591172647,0.9211037280197862,1.1699164323871718,0.10046828437633035,0.6685185185185185,0.8129251700680272,97.5,100.0,3719,170,685,3,0,0,8.066684592632429E-4,0.0,0.0,0.2,0.1,0.9,0.6000000000000001,70.0,35.0,20.0,0.5,0.6000000000000001,0.30000000000000004,0.7000000000000001,50.0,40.0,45.0,2327,2325,2,2327,8.594757198109154E-4,0.3298454759981524,0.5,0.6596909519963048,211,0.09075268817204302,1.0,1
"iteration_3","SCOPE_DATA_COLLECTION",400,52,3190.0,3250.0,1,2357,1626,591,2376,1664,579,2349,1620,588,1,2,0,4.25531914893617E-4,0.0012330456226880395,0.0,0.34377202955863234,0.9211037280197862,1.7548746485807576,0.6875440591172647,0.9211037280197862,1.1699164323871718,0.10046828437633035,0.6685185185185185,0.8129251700680272,97.5,100.0,3719,170,685,3,0,0,8.066684592632429E-4,0.0,0.0,0.2,0.1,0.9,0.6000000000000001,70.0,35.0,20.0,0.5,0.6000000000000001,0.30000000000000004,0.7000000000000001,50.0,40.0,45.0,1617,1615,2,1617,0.0012368583797155227,0.9002361819349868,1.0,0.9002361819349868,1060,0.6563467492260062,1.0,1
"iteration_3","SCOPE_DATA_COLLECTION",400,52,3190.0,3250.0,2,2357,1626,591,2376,1664,579,2349,1620,588,1,2,0,4.25531914893617E-4,0.0012330456226880395,0.0,0.34377202955863234,0.9211037280197862,1.7548746485807576,0.6875440591172647,0.9211037280197862,1.1699164323871718,0.10046828437633035,0.6685185185185185,0.8129251700680272,97.5,100.0,3719,170,685,3,0,0,8.066684592632429E-4,0.0,0.0,0.2,0.1,0.9,0.6000000000000001,70.0,35.0,20.0,0.5,0.6000000000000001,0.30000000000000004,0.7000000000000001,50.0,40.0,45.0,572,569,3,572,0.005244755244755245,1.7087473176859167,1.5,1.1391648784572779,451,0.7926186291739895,1.0,1
"iteration_3","SCOPE_DATA_COLLECTION",400,53,3250.0,3310.0,0,2327,1617,572,2357,1626,591,2324,1619,569,2,2,2,8.598452278589854E-4,0.0012338062924120913,0.0035026269702276708,0.32972417672413984,0.9078169627897881,1.7156081679610653,0.6594483534482797,0.9078169627897881,1.1437387786407103,0.08993115318416524,0.660284126003706,0.7961335676625659,100.0,100.0,3574,469,473,4,2,0,0.001119194180190263,0.0042643923240938165,0.0,0.5,0.6000000000000001,0.30000000000000004,0.7000000000000001,50.0,40.0,45.0,0.8500000000000001,0.30000000000000004,0.4,0.5,45.0,75.0,75.0,2251,2249,2,2251,8.88494002665482E-4,0.34076885655259764,0.5,0.6815377131051953,201,0.08937305469097377,1.0,1
"iteration_3","SCOPE_DATA_COLLECTION",400,53,3250.0,3310.0,1,2327,1617,572,2357,1626,591,2324,1619,569,2,2,2,8.598452278589854E-4,0.0012338062924120913,0.0035026269702276708,0.32972417672413984,0.9078169627897881,1.7156081679610653,0.6594483534482797,0.9078169627897881,1.1437387786407103,0.08993115318416524,0.660284126003706,0.7961335676625659,100.0,100.0,3574,469,473,4,2,0,0.001119194180190263,0.0042643923240938165,0.0,0.5,0.6000000000000001,0.30000000000000004,0.7000000000000001,50.0,40.0,45.0,0.8500000000000001,0.30000000000000004,0.4,0.5,45.0,75.0,75.0,1544,1540,4,1544,0.0025906735751295338,0.9331341524446594,1.0,0.9331341524446594,1025,0.6655844155844156,1.0,1
"iteration_3","SCOPE_DATA_COLLECTION",400,53,3250.0,3310.0,2,2327,1617,572,2357,1626,591,2324,1619,569,2,2,2,8.598452278589854E-4,0.0012338062924120913,0.0035026269702276708,0.32972417672413984,0.9078169627897881,1.7156081679610653,0.6594483534482797,0.9078169627897881,1.1437387786407103,0.08993115318416524,0.660284126003706,0.7961335676625659,100.0,100.0,3574,469,473,4,2,0,0.001119194180190263,0.0042643923240938165,0.0,0.5,0.6000000000000001,0.30000000000000004,0.7000000000000001,50.0,40.0,45.0,0.8500000000000001,0.30000000000000004,0.4,0.5,45.0,75.0,75.0,573,572,1,573,0.0017452006980802793,1.7645752735346096,1.5,1.1763835156897398,468,0.8181818181818182,1.0,1
"iteration_3","SCOPE_DATA_COLLECTION",400,54,3310.0,3370.0,0,2251,1544,573,2327,1617,572,2254,1548,572,2,4,2,8.865248226950354E-4,0.002577319587628866,0.003484320557491289,0.3405448319323822,0.932052978228017,1.7574766729293947,0.6810896638647644,0.932052978228017,1.1716511152862632,0.08828748890860692,0.665374677002584,0.8146853146853147,82.5,100.0,3564,682,122,8,0,0,0.002244668911335578,0.0,0.0,0.8500000000000001,0.30000000000000004,0.4,0.5,45.0,75.0,75.0,0.9,0.4,0.9,0.5,90.0,80.0,55.0,2333,2331,2,2333,8.572653236176596E-4,0.3313882196020036,0.5,0.6627764392040072,169,0.0725010725010725,1.0,1
"iteration_3","SCOPE_DATA_COLLECTION",400,54,3310.0,3370.0,1,2251,1544,573,2327,1617,572,2254,1548,572,2,4,2,8.865248226950354E-4,0.002577319587628866,0.003484320557491289,0.3405448319323822,0.932052978228017,1.7574766729293947,0.6810896638647644,0.932052978228017,1.1716511152862632,0.08828748890860692,0.665374677002584,0.8146853146853147,82.5,100.0,3564,682,122,8,0,0,0.002244668911335578,0.0,0.0,0.8500000000000001,0.30000000000000004,0.4,0.5,45.0,75.0,75.0,0.9,0.4,0.9,0.5,90.0,80.0,55.0,1577,1576,1,1577,6.341154090044388E-4,0.9142793574481262,1.0,0.9142793574481262,1024,0.649746192893401,1.0,1
"iteration_3","SCOPE_DATA_COLLECTION",400,54,3310.0,3370.0,2,2251,1544,573,2327,1617,572,2254,1548,572,2,4,2,8.865248226950354E-4,0.002577319587628866,0.003484320557491289,0.3405448319323822,0.932052978228017,1.7574766729293947,0.6810896638647644,0.932052978228017,1.1716511152862632,0.08828748890860692,0.665374677002584,0.8146853146853147,82.5,100.0,3564,682,122,8,0,0,0.002244668911335578,0.0,0.0,0.8500000000000001,0.30000000000000004,0.4,0.5,45.0,75.0,75.0,0.9,0.4,0.9,0.5,90.0,80.0,55.0,610,609,1,610,0.001639344262295082,1.7338548780821914,1.5,1.1559032520547943,482,0.7914614121510674,1.0,1
"iteration_3","SCOPE_DATA_COLLECTION",400,55,3370.0,3430.0,0,2333,1577,610,2251,1544,573,2327,1564,612,2,1,1,8.587376556462001E-4,6.389776357827476E-4,0.0016313213703099511,0.33135779102194934,0.9124160671376965,1.7411534443531458,0.6627155820438987,0.9124160671376965,1.1607689629020972,0.07262569832402235,0.6464194373401535,0.795751633986928,100.0,100.0,3577,844,99,4,0,0,0.0011182555213866368,0.0,0.0,0.9,0.4,0.9,0.5,90.0,80.0,55.0,0.8,0.4,0.8,0.4,95.0,80.0,55.0,2349,2346,3,2349,0.001277139208173691,0.3343529093319871,0.5,0.6687058186639742,191,0.0814151747655584,1.0,1
"iteration_3","SCOPE_DATA_COLLECTION",400,55,3370.0,3430.0,1,2333,1577,610,2251,1544,573,2327,1564,612,2,1,1,8.587376556462001E-4,6.389776357827476E-4,0.0016313213703099511,0.33135779102194934,0.9124160671376965,1.7411534443531458,0.6627155820438987,0.9124160671376965,1.1607689629020972,0.07262569832402235,0.6464194373401535,0.795751633986928,100.0,100.0,3577,844,99,4,0,0,0.0011182555213866368,0.0,0.0,0.9,0.4,0.9,0.5,90.0,80.0,55.0,0.8,0.4,0.8,0.4,95.0,80.0,55.0,1665,1662,3,1665,0.0018018018018018018,0.9167841613639649,1.0,0.9167841613639649,1096,0.6594464500601684,1.0,1
"iteration_3","SCOPE_DATA_COLLECTION",400,55,3370.0,3430.0,2,2333,1577,610,2251,1544,573,2327,1564,612,2,1,1,8.587376556462001E-4,6.389776357827476E-4,0.0016313213703099511,0.33135779102194934,0.9124160671376965,1.7411534443531458,0.6627155820438987,0.9124160671376965,1.1607689629020972,0.07262569832402235,0.6464194373401535,0.795751633986928,100.0,100.0,3577,844,99,4,0,0,0.0011182555213866368,0.0,0.0,0.9,0.4,0.9,0.5,90.0,80.0,55.0,0.8,0.4,0.8,0.4,95.0,80.0,55.0,616,612,4,616,0.006493506493506494,1.6658975739056792,1.5,1.1105983826037862,463,0.7565359477124183,1.0,1
"iteration_3","SCOPE_DATA_COLLECTION",400,56,3430.0,3490.0,0,2349,1665,616,2333,1577,610,2351,1674,607,3,3,4,0.001274426508071368,0.0017889087656529517,0.006546644844517185,0.33488423792073524,0.9181554518260319,1.657930657589674,0.6697684758414705,0.9181554518260319,1.1052871050597826,0.08336877924287538,0.6612903225806451,0.7512355848434926,92.5,100.0,3625,822,183,10,0,0,0.002758620689655172,0.0,0.0,0.8,0.4,0.8,0.4,95.0,80.0,55.0,0.1,0.30000000000000004,0.4,0.4,45.0,95.0,80.0,2336,2334,2,2336,8.561643835616438E-4,0.3345234427233427,0.5,0.6690468854466854,235,0.10068551842330763,1.0,1
"iteration_3","SCOPE_DATA_COLLECTION",400,56,3430.0,3490.0,1,2349,1665,616,2333,1577,610,2351,1674,607,3,3,4,0.001274426508071368,0.0017889087656529517,0.006546644844517185,0.33488423792073524,0.9181554518260319,1.657930657589674,0.6697684758414705,0.9181554518260319,1.1052871050597826,0.08336877924287538,0.6612903225806451,0.7512355848434926,92.5,100.0,3625,822,183,10,0,0,0.002758620689655172,0.0,0.0,0.8,0.4,0.8,0.4,95.0,80.0,55.0,0.1,0.30000000000000004,0.4,0.4,45.0,95.0,80.0,1650,1650,0,1650,0.0,0.902232509041745,1.0,0.902232509041745,1079,0.6539393939393939,1.0,1
"iteration_3","SCOPE_DATA_COLLECTION",400,56,3430.0,3490.0,2,2349,1665,616,2333,1577,610,2351,1674,607,3,3,4,0.001274426508071368,0.0017889087656529517,0.006546644844517185,0.33488423792073524,0.9181554518260319,1.657930657589674,0.6697684758414705,0.9181554518260319,1.1052871050597826,0.08336877924287538,0.6612903225806451,0.7512355848434926,92.5,100.0,3625,822,183,10,0,0,0.002758620689655172,0.0,0.0,0.8,0.4,0.8,0.4,95.0,80.0,55.0,0.1,0.30000000000000004,0.4,0.4,45.0,95.0,80.0,588,586,2,588,0.003401360544217687,1.7772042836825648,1.5,1.1848028557883765,481,0.8208191126279863,1.0,1
"iteration_3","SCOPE_DATA_COLLECTION",400,57,3490.0,3550.0,0,2336,1650,588,2349,1665,616,2336,1646,580,2,0,2,8.55431993156544E-4,0.0,0.003436426116838488,0.33425316364356444,0.9012673160660547,1.7730822757285163,0.6685063272871289,0.9012673160660547,1.1820548504856776,0.09931506849315068,0.6518833535844472,0.8189655172413793,95.0,100.0,3651,86,837,4,0,0,0.0010955902492467817,0.0,0.0,0.1,0.30000000000000004,0.4,0.4,45.0,95.0,80.0,0.1,0.30000000000000004,0.4,0.4,45.0,95.0,80.0,2375,2374,1,2375,4.210526315789474E-4,0.3420887833184215,0.5,0.684177566636843,270,0.11373209772535804,1.0,1
"iteration_3","SCOPE_DATA_COLLECTION",400,57,3490.0,3550.0,1,2336,1650,588,2349,1665,616,2336,1646,580,2,0,2,8.55431993156544E-4,0.0,0.003436426116838488,0.33425316364356444,0.9012673160660547,1.7730822757285163,0.6685063272871289,0.9012673160660547,1.1820548504856776,0.09931506849315068,0.6518833535844472,0.8189655172413793,95.0,100.0,3651,86,837,4,0,0,0.0010955902492467817,0.0,0.0,0.1,0.30000000000000004,0.4,0.4,45.0,95.0,80.0,0.1,0.30000000000000004,0.4,0.4,45.0,95.0,80.0,1624,1623,1,1624,6.157635467980296E-4,0.9064214920445961,1.0,0.9064214920445961,1088,0.6703635243376463,1.0,1
"iteration_3","SCOPE_DATA_COLLECTION",400,57,3490.0,3550.0,2,2336,1650,588,2349,1665,616,2336,1646,580,2,0,2,8.55431993156544E-4,0.0,0.003436426116838488,0.33425316364356444,0.9012673160660547,1.7730822757285163,0.6685063272871289,0.9012673160660547,1.1820548504856776,0.09931506849315068,0.6518833535844472,0.8189655172413793,95.0,100.0,3651,86,837,4,0,0,0.0010955902492467817,0.0,0.0,0.1,0.30000000000000004,0.4,0.4,45.0,95.0,80.0,0.1,0.30000000000000004,0.4,0.4,45.0,95.0,80.0,555,555,0,555,0.0,1.7847066565538658,1.5,1.1898044377025772,459,0.827027027027027,1.0,1
"iteration_3","SCOPE_DATA_COLLECTION",400,58,3550.0,3618.480369583052,0,2375,1624,555,2336,1650,588,2369,1623,563,1,1,0,4.219409282700422E-4,6.157635467980296E-4,0.0,0.3424571222137214,0.908468159206436,1.7934819184300383,0.6849142444274428,0.908468159206436,1.1956546122866922,0.11523849725622626,0.6722119531731362,0.8312611012433393,100.0,100.0,3646,89,819,2,0,0,5.485463521667581E-4,0.0,0.0,0.1,0.30000000000000004,0.4,0.4,45.0,95.0,80.0,0.15000000000000002,0.2,0.30000000000000004,0.8,25.0,65.0,45.0,1934,1916,0,1916,0.0,0.33741880279865866,0.5,0.6748376055973173,216,0.1127348643006263,0.9906928645294726,0
"iteration_3","SCOPE_DATA_COLLECTION",400,58,3550.0,3618.480369583052,1,2375,1624,555,2336,1650,588,2369,1623,563,1,1,0,4.219409282700422E-4,6.157635467980296E-4,0.0,0.3424571222137214,0.908468159206436,1.7934819184300383,0.6849142444274428,0.908468159206436,1.1956546122866922,0.11523849725622626,0.6722119531731362,0.8312611012433393,100.0,100.0,3646,89,819,2,0,0,5.485463521667581E-4,0.0,0.0,0.1,0.30000000000000004,0.4,0.4,45.0,95.0,80.0,0.15000000000000002,0.2,0.30000000000000004,0.8,25.0,65.0,45.0,1441,1412,0,1412,0.0,0.8921509952826436,1.0,0.8921509952826436,931,0.6593484419263456,0.9798750867453158,0
"iteration_3","SCOPE_DATA_COLLECTION",400,58,3550.0,3618.480369583052,2,2375,1624,555,2336,1650,588,2369,1623,563,1,1,0,4.219409282700422E-4,6.157635467980296E-4,0.0,0.3424571222137214,0.908468159206436,1.7934819184300383,0.6849142444274428,0.908468159206436,1.1956546122866922,0.11523849725622626,0.6722119531731362,0.8312611012433393,100.0,100.0,3646,89,819,2,0,0,5.485463521667581E-4,0.0,0.0,0.1,0.30000000000000004,0.4,0.4,45.0,95.0,80.0,0.15000000000000002,0.2,0.30000000000000004,0.8,25.0,65.0,45.0,505,488,0,488,0.0,1.6861343873650774,1.5,1.1240895915767182,378,0.7745901639344263,0.9663366336633663,0
"iteration_3","SCOPE_DATA_COLLECTION",500,0,70.0,130.0,0,2929,1847,623,0,0,0,2904,1818,607,5,3,0,0.0017188037126160192,0.0016474464579901153,0.0,0.32050623133225525,0.845871738581458,1.5786146717889147,0.6410124626645105,0.845871738581458,1.0524097811926099,0.12396694214876033,0.5896589658965896,0.7018121911037891,92.5,100.0,3828,934,637,7,1,0,0.0018286311389759666,0.0010706638115631692,0.0,0.6,0.5,0.7,0.4,85.0,80.0,90.0,0.1,0.2,0.2,0.30000000000000004,50.0,60.0,35.0,3189,3185,4,3189,0.0012543116964565694,0.3337997325370102,0.5,0.6675994650740203,513,0.16106750392464678,1.0,1
"iteration_3","SCOPE_DATA_COLLECTION",500,0,70.0,130.0,1,2929,1847,623,0,0,0,2904,1818,607,5,3,0,0.0017188037126160192,0.0016474464579901153,0.0,0.32050623133225525,0.845871738581458,1.5786146717889147,0.6410124626645105,0.845871738581458,1.0524097811926099,0.12396694214876033,0.5896589658965896,0.7018121911037891,92.5,100.0,3828,934,637,7,1,0,0.0018286311389759666,0.0010706638115631692,0.0,0.6,0.5,0.7,0.4,85.0,80.0,90.0,0.1,0.2,0.2,0.30000000000000004,50.0,60.0,35.0,2055,2052,3,2055,0.00145985401459854,0.8257136876164958,1.0,0.8257136876164958,1217,0.5930799220272904,1.0,1
"iteration_3","SCOPE_DATA_COLLECTION",500,0,70.0,130.0,2,2929,1847,623,0,0,0,2904,1818,607,5,3,0,0.0017188037126160192,0.0016474464579901153,0.0,0.32050623133225525,0.845871738581458,1.5786146717889147,0.6410124626645105,0.845871738581458,1.0524097811926099,0.12396694214876033,0.5896589658965896,0.7018121911037891,92.5,100.0,3828,934,637,7,1,0,0.0018286311389759666,0.0010706638115631692,0.0,0.6,0.5,0.7,0.4,85.0,80.0,90.0,0.1,0.2,0.2,0.30000000000000004,50.0,60.0,35.0,672,667,5,672,0.00744047619047619,1.5564027793247823,1.5,1.0376018528831883,465,0.697151424287856,1.0,1
"iteration_3","SCOPE_DATA_COLLECTION",500,1,130.0,190.0,0,3189,2055,672,2929,1847,623,3189,2051,666,4,3,5,0.001252740369558409,0.0014605647517039922,0.007451564828614009,0.3337193251490056,0.8267188476946836,1.559821302137765,0.6674386502980112,0.8267188476946836,1.0398808680918432,0.16086547507055504,0.5928815212091663,0.6981981981981982,92.5,100.0,4205,152,1559,12,0,0,0.002853745541022592,0.0,0.0,0.1,0.2,0.2,0.30000000000000004,50.0,60.0,35.0,0.1,0.2,0.2,0.30000000000000004,50.0,60.0,35.0,3087,3083,4,3087,0.0012957563977972141,0.33038740069384426,0.5,0.6607748013876885,518,0.16801816412585144,1.0,1
"iteration_3","SCOPE_DATA_COLLECTION",500,1,130.0,190.0,1,3189,2055,672,2929,1847,623,3189,2051,666,4,3,5,0.001252740369558409,0.0014605647517039922,0.007451564828614009,0.3337193251490056,0.8267188476946836,1.559821302137765,0.6674386502980112,0.8267188476946836,1.0398808680918432,0.16086547507055504,0.5928815212091663,0.6981981981981982,92.5,100.0,4205,152,1559,12,0,0,0.002853745541022592,0.0,0.0,0.1,0.2,0.2,0.30000000000000004,50.0,60.0,35.0,0.1,0.2,0.2,0.30000000000000004,50.0,60.0,35.0,2053,2049,4,2053,0.001948368241597662,0.8669336316713223,1.0,0.8669336316713223,1281,0.6251830161054173,1.0,1
"iteration_3","SCOPE_DATA_COLLECTION",500,1,130.0,190.0,2,3189,2055,672,2929,1847,623,3189,2051,666,4,3,5,0.001252740369558409,0.0014605647517039922,0.007451564828614009,0.3337193251490056,0.8267188476946836,1.559821302137765,0.6674386502980112,0.8267188476946836,1.0398808680918432,0.16086547507055504,0.5928815212091663,0.6981981981981982,92.5,100.0,4205,152,1559,12,0,0,0.002853745541022592,0.0,0.0,0.1,0.2,0.2,0.30000000000000004,50.0,60.0,35.0,0.1,0.2,0.2,0.30000000000000004,50.0,60.0,35.0,672,671,1,672,0.001488095238095238,1.6067626834406254,1.5,1.0711751222937502,483,0.7198211624441133,1.0,1
"iteration_3","SCOPE_DATA_COLLECTION",500,2,190.0,250.0,0,3087,2053,672,3189,2055,672,3081,2050,669,4,4,1,0.0012965964343598054,0.0019474196689386564,0.0014925373134328358,0.3309383521331856,0.8662997120589918,1.6026941548037614,0.6618767042663712,0.8662997120589918,1.0684627698691742,0.16812723141837066,0.6224390243902439,0.7174887892376681,100.0,100.0,4167,165,1480,9,0,0,0.0021598272138228943,0.0,0.0,0.1,0.2,0.2,0.30000000000000004,50.0,60.0,35.0,0.5,0.8,0.9,0.8,85.0,35.0,45.0,3213,3211,2,3213,6.224712107065049E-4,0.3200535544703136,0.5,0.6401071089406272,504,0.15696044845842416,1.0,1
"iteration_3","SCOPE_DATA_COLLECTION",500,2,190.0,250.0,1,3087,2053,672,3189,2055,672,3081,2050,669,4,4,1,0.0012965964343598054,0.0019474196689386564,0.0014925373134328358,0.3309383521331856,0.8662997120589918,1.6026941548037614,0.6618767042663712,0.8662997120589918,1.0684627698691742,0.16812723141837066,0.6224390243902439,0.7174887892376681,100.0,100.0,4167,165,1480,9,0,0,0.0021598272138228943,0.0,0.0,0.1,0.2,0.2,0.30000000000000004,50.0,60.0,35.0,0.5,0.8,0.9,0.8,85.0,35.0,45.0,2121,2119,2,2121,9.42951438000943E-4,0.8388785874994339,1.0,0.8388785874994339,1240,0.585181689476168,1.0,1
"iteration_3","SCOPE_DATA_COLLECTION",500,2,190.0,250.0,2,3087,2053,672,3189,2055,672,3081,2050,669,4,4,1,0.0012965964343598054,0.0019474196689386564,0.0014925373134328358,0.3309383521331856,0.8662997120589918,1.6026941548037614,0.6618767042663712,0.8662997120589918,1.0684627698691742,0.16812723141837066,0.6224390243902439,0.7174887892376681,100.0,100.0,4167,165,1480,9,0,0,0.0021598272138228943,0.0,0.0,0.1,0.2,0.2,0.30000000000000004,50.0,60.0,35.0,0.5,0.8,0.9,0.8,85.0,35.0,45.0,672,672,0,672,0.0,1.5471934336272555,1.5,1.031462289084837,454,0.6755952380952381,1.0,1
"iteration_3","SCOPE_DATA_COLLECTION",500,3,250.0,310.0,0,3213,2121,672,3087,2053,672,3214,2113,670,2,2,0,6.218905472636816E-4,9.456264775413711E-4,0.0,0.3195723844436029,0.8386357557740102,1.5506119037275023,0.6391447688872058,0.8386357557740102,1.0337412691516683,0.1552582451773491,0.5868433506862281,0.6791044776119403,97.5,100.0,4058,965,983,4,0,0,9.857072449482504E-4,0.0,0.0,0.5,0.8,0.9,0.8,85.0,35.0,45.0,0.4,0.9,0.9,0.9,75.0,45.0,55.0,3201,3199,2,3201,6.248047485160887E-4,0.32458577274220574,0.5,0.6491715454844115,548,0.1713035323538606,1.0,1
"iteration_3","SCOPE_DATA_COLLECTION",500,3,250.0,310.0,1,3213,2121,672,3087,2053,672,3214,2113,670,2,2,0,6.218905472636816E-4,9.456264775413711E-4,0.0,0.3195723844436029,0.8386357557740102,1.5506119037275023,0.6391447688872058,0.8386357557740102,1.0337412691516683,0.1552582451773491,0.5868433506862281,0.6791044776119403,97.5,100.0,4058,965,983,4,0,0,9.857072449482504E-4,0.0,0.0,0.5,0.8,0.9,0.8,85.0,35.0,45.0,0.4,0.9,0.9,0.9,75.0,45.0,55.0,2072,2071,1,2072,4.8262548262548264E-4,0.8455710852618993,1.0,0.8455710852618993,1237,0.5972959922742637,1.0,1
"iteration_3","SCOPE_DATA_COLLECTION",500,3,250.0,310.0,2,3213,2121,672,3087,2053,672,3214,2113,670,2,2,0,6.218905472636816E-4,9.456264775413711E-4,0.0,0.3195723844436029,0.8386357557740102,1.5506119037275023,0.6391447688872058,0.8386357557740102,1.0337412691516683,0.1552582451773491,0.5868433506862281,0.6791044776119403,97.5,100.0,4058,965,983,4,0,0,9.857072449482504E-4,0.0,0.0,0.5,0.8,0.9,0.8,85.0,35.0,45.0,0.4,0.9,0.9,0.9,75.0,45.0,55.0,693,693,0,693,0.0,1.5610465181992619,1.5,1.040697678799508,479,0.6911976911976911,1.0,1
"iteration_3","SCOPE_DATA_COLLECTION",500,4,310.0,370.0,0,3201,2072,693,3213,2121,672,3192,2079,700,2,1,0,6.261740763932373E-4,4.807692307692308E-4,0.0,0.32453454100749446,0.8455296114289563,1.564213979669494,0.6490690820149889,0.8455296114289563,1.0428093197796626,0.17293233082706766,0.5959595959595959,0.6914285714285714,97.5,100.0,4057,753,1156,2,1,0,4.929751047572097E-4,0.0013280212483399733,0.0,0.4,0.9,0.9,0.9,75.0,45.0,55.0,0.4,0.9,0.9,0.9,65.0,55.0,45.0,3153,3152,1,3153,3.171582619727244E-4,0.3290241494119335,0.5,0.658048298823867,542,0.17195431472081218,1.0,1
"iteration_3","SCOPE_DATA_COLLECTION",500,4,310.0,370.0,1,3201,2072,693,3213,2121,672,3192,2079,700,2,1,0,6.261740763932373E-4,4.807692307692308E-4,0.0,0.32453454100749446,0.8455296114289563,1.564213979669494,0.6490690820149889,0.8455296114289563,1.0428093197796626,0.17293233082706766,0.5959595959595959,0.6914285714285714,97.5,100.0,4057,753,1156,2,1,0,4.929751047572097E-4,0.0013280212483399733,0.0,0.4,0.9,0.9,0.9,75.0,45.0,55.0,0.4,0.9,0.9,0.9,65.0,55.0,45.0,2138,2134,4,2138,0.0018709073900841909,0.8463853429152378,1.0,0.8463853429152378,1258,0.5895032802249297,1.0,1
"iteration_3","SCOPE_DATA_COLLECTION",500,4,310.0,370.0,2,3201,2072,693,3213,2121,672,3192,2079,700,2,1,0,6.261740763932373E-4,4.807692307692308E-4,0.0,0.32453454100749446,0.8455296114289563,1.564213979669494,0.6490690820149889,0.8455296114289563,1.0428093197796626,0.17293233082706766,0.5959595959595959,0.6914285714285714,97.5,100.0,4057,753,1156,2,1,0,4.929751047572097E-4,0.0013280212483399733,0.0,0.4,0.9,0.9,0.9,75.0,45.0,55.0,0.4,0.9,0.9,0.9,65.0,55.0,45.0,655,649,6,655,0.00916030534351145,1.5797739211213138,1.5,1.0531826140808758,451,0.6949152542372882,1.0,1
"iteration_3","SCOPE_DATA_COLLECTION",500,5,370.0,430.0,0,3153,2138,655,3201,2072,693,3153,2131,643,1,4,6,3.170577045022194E-4,0.001873536299765808,0.009244992295839754,0.3283952596377147,0.844292764654546,1.5731522392622996,0.6567905192754294,0.844292764654546,1.0487681595081997,0.16999682841738029,0.5898639136555608,0.6920684292379471,100.0,100.0,4119,767,1060,10,1,0,0.0024277737314882253,0.001303780964797914,0.0,0.4,0.9,0.9,0.9,65.0,55.0,45.0,0.35000000000000003,0.7000000000000001,0.5,0.6000000000000001,50.0,90.0,75.0,3147,3147,0,3147,0.0,0.3193138933647566,0.5,0.6386277867295131,470,0.14934858595487766,1.0,1
"iteration_3","SCOPE_DATA_COLLECTION",500,5,370.0,430.0,1,3153,2138,655,3201,2072,693,3153,2131,643,1,4,6,3.170577045022194E-4,0.001873536299765808,0.009244992295839754,0.3283952596377147,0.844292764654546,1.5731522392622996,0.6567905192754294,0.844292764654546,1.0487681595081997,0.16999682841738029,0.5898639136555608,0.6920684292379471,100.0,100.0,4119,767,1060,10,1,0,0.0024277737314882253,0.001303780964797914,0.0,0.4,0.9,0.9,0.9,65.0,55.0,45.0,0.35000000000000003,0.7000000000000001,0.5,0.6000000000000001,50.0,90.0,75.0,2142,2138,4,2142,0.0018674136321195146,0.8181201337214496,1.0,0.8181201337214496,1230,0.5753040224508886,1.0,1
"iteration_3","SCOPE_DATA_COLLECTION",500,5,370.0,430.0,2,3153,2138,655,3201,2072,693,3153,2131,643,1,4,6,3.170577045022194E-4,0.001873536299765808,0.009244992295839754,0.3283952596377147,0.844292764654546,1.5731522392622996,0.6567905192754294,0.844292764654546,1.0487681595081997,0.16999682841738029,0.5898639136555608,0.6920684292379471,100.0,100.0,4119,767,1060,10,1,0,0.0024277737314882253,0.001303780964797914,0.0,0.4,0.9,0.9,0.9,65.0,55.0,45.0,0.35000000000000003,0.7000000000000001,0.5,0.6000000000000001,50.0,90.0,75.0,701,698,3,701,0.0042796005706134095,1.5304653233932273,1.5,1.0203102155954848,465,0.666189111747851,1.0,1
"iteration_3","SCOPE_DATA_COLLECTION",500,6,430.0,490.0,0,3147,2142,701,3153,2138,655,3156,2130,698,0,4,3,0.0,0.0018744142455482662,0.0042796005706134095,0.3200882348682739,0.8180569251093553,1.5317963108953685,0.6401764697365478,0.8180569251093553,1.0211975405969123,0.15114068441064638,0.5751173708920188,0.667621776504298,100.0,100.0,4016,707,1267,7,0,0,0.0017430278884462151,0.0,0.0,0.35000000000000003,0.7000000000000001,0.5,0.6000000000000001,50.0,90.0,75.0,0.45,0.7000000000000001,0.5,0.7000000000000001,60.0,90.0,65.0,3170,3169,1,3170,3.154574132492114E-4,0.3308606843643628,0.5,0.6617213687287256,544,0.17166298516882297,1.0,1
"iteration_3","SCOPE_DATA_COLLECTION",500,6,430.0,490.0,1,3147,2142,701,3153,2138,655,3156,2130,698,0,4,3,0.0,0.0018744142455482662,0.0042796005706134095,0.3200882348682739,0.8180569251093553,1.5317963108953685,0.6401764697365478,0.8180569251093553,1.0211975405969123,0.15114068441064638,0.5751173708920188,0.667621776504298,100.0,100.0,4016,707,1267,7,0,0,0.0017430278884462151,0.0,0.0,0.35000000000000003,0.7000000000000001,0.5,0.6000000000000001,50.0,90.0,75.0,0.45,0.7000000000000001,0.5,0.7000000000000001,60.0,90.0,65.0,2111,2107,4,2111,0.0018948365703458077,0.8317975191918018,1.0,0.8317975191918018,1225,0.5813953488372093,1.0,1
"iteration_3","SCOPE_DATA_COLLECTION",500,6,430.0,490.0,2,3147,2142,701,3153,2138,655,3156,2130,698,0,4,3,0.0,0.0018744142455482662,0.0042796005706134095,0.3200882348682739,0.8180569251093553,1.5317963108953685,0.6401764697365478,0.8180569251093553,1.0211975405969123,0.15114068441064638,0.5751173708920188,0.667621776504298,100.0,100.0,4016,707,1267,7,0,0,0.0017430278884462151,0.0,0.0,0.35000000000000003,0.7000000000000001,0.5,0.6000000000000001,50.0,90.0,75.0,0.45,0.7000000000000001,0.5,0.7000000000000001,60.0,90.0,65.0,665,663,2,665,0.0030075187969924814,1.559835400226618,1.5,1.0398902668177452,451,0.6802413273001509,1.0,1
"iteration_3","SCOPE_DATA_COLLECTION",500,7,490.0,550.0,0,3170,2111,665,3147,2142,701,3174,2121,666,1,4,2,3.1496062992125983E-4,0.0018823529411764706,0.0029940119760479044,0.3313990062799854,0.8355712764491151,1.5582531598054208,0.6627980125599708,0.8355712764491151,1.0388354398702806,0.17296786389413987,0.5841584158415841,0.6786786786786787,90.0,100.0,4071,845,1030,7,0,0,0.0017194792434291329,0.0,0.0,0.45,0.7000000000000001,0.5,0.7000000000000001,60.0,90.0,65.0,0.45,0.6000000000000001,0.5,0.6000000000000001,50.0,90.0,75.0,3167,3165,2,3167,6.315124723713293E-4,0.316163568967346,0.5,0.632327137934692,432,0.13649289099526066,1.0,1
"iteration_3","SCOPE_DATA_COLLECTION",500,7,490.0,550.0,1,3170,2111,665,3147,2142,701,3174,2121,666,1,4,2,3.1496062992125983E-4,0.0018823529411764706,0.0029940119760479044,0.3313990062799854,0.8355712764491151,1.5582531598054208,0.6627980125599708,0.8355712764491151,1.0388354398702806,0.17296786389413987,0.5841584158415841,0.6786786786786787,90.0,100.0,4071,845,1030,7,0,0,0.0017194792434291329,0.0,0.0,0.45,0.7000000000000001,0.5,0.7000000000000001,60.0,90.0,65.0,0.45,0.6000000000000001,0.5,0.6000000000000001,50.0,90.0,75.0,2066,2062,4,2066,0.001936108422071636,0.8154167859123319,1.0,0.8154167859123319,1177,0.5708050436469447,1.0,1
"iteration_3","SCOPE_DATA_COLLECTION",500,7,490.0,550.0,2,3170,2111,665,3147,2142,701,3174,2121,666,1,4,2,3.1496062992125983E-4,0.0018823529411764706,0.0029940119760479044,0.3313990062799854,0.8355712764491151,1.5582531598054208,0.6627980125599708,0.8355712764491151,1.0388354398702806,0.17296786389413987,0.5841584158415841,0.6786786786786787,90.0,100.0,4071,845,1030,7,0,0,0.0017194792434291329,0.0,0.0,0.45,0.7000000000000001,0.5,0.7000000000000001,60.0,90.0,65.0,0.45,0.6000000000000001,0.5,0.6000000000000001,50.0,90.0,75.0,693,689,4,693,0.005772005772005772,1.5651454025159155,1.5,1.0434302683439436,478,0.6937590711175616,1.0,1
"iteration_3","SCOPE_DATA_COLLECTION",500,8,550.0,610.0,0,3167,2066,693,3170,2111,665,3153,2046,690,2,4,4,6.339144215530904E-4,0.001951219512195122,0.005763688760806916,0.3150304289702476,0.8126692063502194,1.5683672267552353,0.6300608579404952,0.8126692063502194,1.045578151170157,0.13479226133840785,0.5684261974584556,0.6956521739130435,95.0,100.0,4024,823,1079,10,0,0,0.002485089463220676,0.0,0.0,0.45,0.6000000000000001,0.5,0.6000000000000001,50.0,90.0,75.0,0.45,0.6000000000000001,0.5,0.6000000000000001,50.0,90.0,75.0,3200,3199,1,3200,3.125E-4,0.3227291851070586,0.5,0.6454583702141172,457,0.14285714285714285,1.0,1
"iteration_3","SCOPE_DATA_COLLECTION",500,8,550.0,610.0,1,3167,2066,693,3170,2111,665,3153,2046,690,2,4,4,6.339144215530904E-4,0.001951219512195122,0.005763688760806916,0.3150304289702476,0.8126692063502194,1.5683672267552353,0.6300608579404952,0.8126692063502194,1.045578151170157,0.13479226133840785,0.5684261974584556,0.6956521739130435,95.0,100.0,4024,823,1079,10,0,0,0.002485089463220676,0.0,0.0,0.45,0.6000000000000001,0.5,0.6000000000000001,50.0,90.0,75.0,0.45,0.6000000000000001,0.5,0.6000000000000001,50.0,90.0,75.0,2118,2117,1,2118,4.7214353163361664E-4,0.8289713155772045,1.0,0.8289713155772045,1219,0.5758148323098725,1.0,1
"iteration_3","SCOPE_DATA_COLLECTION",500,8,550.0,610.0,2,3167,2066,693,3170,2111,665,3153,2046,690,2,4,4,6.339144215530904E-4,0.001951219512195122,0.005763688760806916,0.3150304289702476,0.8126692063502194,1.5683672267552353,0.6300608579404952,0.8126692063502194,1.045578151170157,0.13479226133840785,0.5684261974584556,0.6956521739130435,95.0,100.0,4024,823,1079,10,0,0,0.002485089463220676,0.0,0.0,0.45,0.6000000000000001,0.5,0.6000000000000001,50.0,90.0,75.0,0.45,0.6000000000000001,0.5,0.6000000000000001,50.0,90.0,75.0,659,656,3,659,0.004552352048558422,1.4878584509818493,1.5,0.9919056339878995,427,0.6509146341463414,1.0,1
"iteration_3","SCOPE_DATA_COLLECTION",500,9,610.0,670.0,0,3200,2118,659,3167,2066,693,3204,2130,657,1,1,3,3.1201248049921997E-4,4.692632566870014E-4,0.004545454545454545,0.3234246612800618,0.8307620155002934,1.4864787000777167,0.6468493225601236,0.8307620155002934,0.9909858000518111,0.14357053682896379,0.5774647887323944,0.649923896499239,97.5,100.0,4104,876,997,3,2,0,7.309941520467836E-4,0.00228310502283105,0.0,0.45,0.6000000000000001,0.5,0.6000000000000001,50.0,90.0,75.0,0.35000000000000003,0.7000000000000001,0.5,0.5,60.0,95.0,65.0,3203,3201,2,3203,6.244146113019045E-4,0.3171976609029582,0.5,0.6343953218059164,439,0.13714464229928147,1.0,1
"iteration_3","SCOPE_DATA_COLLECTION",500,9,610.0,670.0,1,3200,2118,659,3167,2066,693,3204,2130,657,1,1,3,3.1201248049921997E-4,4.692632566870014E-4,0.004545454545454545,0.3234246612800618,0.8307620155002934,1.4864787000777167,0.6468493225601236,0.8307620155002934,0.9909858000518111,0.14357053682896379,0.5774647887323944,0.649923896499239,97.5,100.0,4104,876,997,3,2,0,7.309941520467836E-4,0.00228310502283105,0.0,0.45,0.6000000000000001,0.5,0.6000000000000001,50.0,90.0,75.0,0.35000000000000003,0.7000000000000001,0.5,0.5,60.0,95.0,65.0,2043,2039,4,2043,0.0019579050416054823,0.8312610728491469,1.0,0.8312610728491469,1182,0.5796959293771456,1.0,1
"iteration_3","SCOPE_DATA_COLLECTION",500,9,610.0,670.0,2,3200,2118,659,3167,2066,693,3204,2130,657,1,1,3,3.1201248049921997E-4,4.692632566870014E-4,0.004545454545454545,0.3234246612800618,0.8307620155002934,1.4864787000777167,0.6468493225601236,0.8307620155002934,0.9909858000518111,0.14357053682896379,0.5774647887323944,0.649923896499239,97.5,100.0,4104,876,997,3,2,0,7.309941520467836E-4,0.00228310502283105,0.0,0.45,0.6000000000000001,0.5,0.6000000000000001,50.0,90.0,75.0,0.35000000000000003,0.7000000000000001,0.5,0.5,60.0,95.0,65.0,691,689,2,691,0.002894356005788712,1.5204296826310417,1.5,1.0136197884206946,461,0.6690856313497823,1.0,1
"iteration_3","SCOPE_DATA_COLLECTION",500,10,670.0,730.0,0,3203,2043,691,3200,2118,659,3193,2029,683,2,4,2,6.259780907668231E-4,0.001967535661583866,0.00291970802919708,0.3172061586631244,0.8316085641184026,1.516687897956245,0.6344123173262488,0.8316085641184026,1.0111252653041634,0.13592233009708737,0.5795958600295712,0.6676427525622255,100.0,100.0,4057,671,1209,7,1,0,0.0017254128666502342,0.0014903129657228018,0.0,0.35000000000000003,0.7000000000000001,0.5,0.5,60.0,95.0,65.0,0.45,0.6000000000000001,0.5,0.4,50.0,85.0,55.0,3122,3121,1,3122,3.2030749519538755E-4,0.31704101342729707,0.5,0.6340820268545941,471,0.15091316885613584,1.0,1
"iteration_3","SCOPE_DATA_COLLECTION",500,10,670.0,730.0,1,3203,2043,691,3200,2118,659,3193,2029,683,2,4,2,6.259780907668231E-4,0.001967535661583866,0.00291970802919708,0.3172061586631244,0.8316085641184026,1.516687897956245,0.6344123173262488,0.8316085641184026,1.0111252653041634,0.13592233009708737,0.5795958600295712,0.6676427525622255,100.0,100.0,4057,671,1209,7,1,0,0.0017254128666502342,0.0014903129657228018,0.0,0.35000000000000003,0.7000000000000001,0.5,0.5,60.0,95.0,65.0,0.45,0.6000000000000001,0.5,0.4,50.0,85.0,55.0,2015,2012,3,2015,0.001488833746898263,0.8197084647200034,1.0,0.8197084647200034,1166,0.5795228628230616,1.0,1
"iteration_3","SCOPE_DATA_COLLECTION",500,10,670.0,730.0,2,3203,2043,691,3200,2118,659,3193,2029,683,2,4,2,6.259780907668231E-4,0.001967535661583866,0.00291970802919708,0.3172061586631244,0.8316085641184026,1.516687897956245,0.6344123173262488,0.8316085641184026,1.0111252653041634,0.13592233009708737,0.5795958600295712,0.6676427525622255,100.0,100.0,4057,671,1209,7,1,0,0.0017254128666502342,0.0014903129657228018,0.0,0.35000000000000003,0.7000000000000001,0.5,0.5,60.0,95.0,65.0,0.45,0.6000000000000001,0.5,0.4,50.0,85.0,55.0,710,705,5,710,0.007042253521126761,1.5509067310194717,1.5,1.033937820679648,483,0.6851063829787234,1.0,1
"iteration_3","SCOPE_DATA_COLLECTION",500,11,730.0,790.0,0,3122,2015,710,3203,2043,691,3134,2011,715,1,3,5,3.189792663476874E-4,0.0014895729890764648,0.006944444444444444,0.31704356123049365,0.8168737933508375,1.5621943203186,0.6340871224609873,0.8168737933508375,1.0414628802124,0.15220165922144224,0.5758329189457981,0.6909090909090909,97.5,100.0,3925,886,1036,8,1,0,0.002038216560509554,0.001128668171557562,0.0,0.45,0.6000000000000001,0.5,0.4,50.0,85.0,55.0,0.45,0.6000000000000001,0.5,0.4,50.0,85.0,55.0,3155,3151,4,3155,0.0012678288431061807,0.32630086824957566,0.5,0.6526017364991513,476,0.15106315455410982,1.0,1
"iteration_3","SCOPE_DATA_COLLECTION",500,11,730.0,790.0,1,3122,2015,710,3203,2043,691,3134,2011,715,1,3,5,3.189792663476874E-4,0.0014895729890764648,0.006944444444444444,0.31704356123049365,0.8168737933508375,1.5621943203186,0.6340871224609873,0.8168737933508375,1.0414628802124,0.15220165922144224,0.5758329189457981,0.6909090909090909,97.5,100.0,3925,886,1036,8,1,0,0.002038216560509554,0.001128668171557562,0.0,0.45,0.6000000000000001,0.5,0.4,50.0,85.0,55.0,0.45,0.6000000000000001,0.5,0.4,50.0,85.0,55.0,2105,2104,1,2105,4.7505938242280285E-4,0.8377187673314093,1.0,0.8377187673314093,1228,0.5836501901140685,1.0,1
"iteration_3","SCOPE_DATA_COLLECTION",500,11,730.0,790.0,2,3122,2015,710,3203,2043,691,3134,2011,715,1,3,5,3.189792663476874E-4,0.0014895729890764648,0.006944444444444444,0.31704356123049365,0.8168737933508375,1.5621943203186,0.6340871224609873,0.8168737933508375,1.0414628802124,0.15220165922144224,0.5758329189457981,0.6909090909090909,97.5,100.0,3925,886,1036,8,1,0,0.002038216560509554,0.001128668171557562,0.0,0.45,0.6000000000000001,0.5,0.4,50.0,85.0,55.0,0.45,0.6000000000000001,0.5,0.4,50.0,85.0,55.0,661,660,1,661,0.0015128593040847202,1.4626815634647004,1.5,0.9751210423098002,425,0.6439393939393939,1.0,1
"iteration_3","SCOPE_DATA_COLLECTION",500,12,790.0,850.0,0,3155,2105,661,3122,2015,710,3134,2108,653,4,1,1,0.0012746972594008922,4.74158368895211E-4,0.0015290519877675841,0.32614592152534283,0.8372296698817057,1.455313861527717,0.6522918430506857,0.8372296698817057,0.970209241018478,0.1499680918953414,0.5839658444022771,0.6401225114854517,97.5,100.0,4098,856,967,6,0,0,0.0014641288433382138,0.0,0.0,0.45,0.6000000000000001,0.5,0.4,50.0,85.0,55.0,0.35000000000000003,0.6000000000000001,0.5,0.30000000000000004,40.0,75.0,55.0,3118,3115,3,3118,9.621552277100705E-4,0.3295206117675292,0.5,0.6590412235350585,554,0.17784911717495988,1.0,1
"iteration_3","SCOPE_DATA_COLLECTION",500,12,790.0,850.0,1,3155,2105,661,3122,2015,710,3134,2108,653,4,1,1,0.0012746972594008922,4.74158368895211E-4,0.0015290519877675841,0.32614592152534283,0.8372296698817057,1.455313861527717,0.6522918430506857,0.8372296698817057,0.970209241018478,0.1499680918953414,0.5839658444022771,0.6401225114854517,97.5,100.0,4098,856,967,6,0,0,0.0014641288433382138,0.0,0.0,0.45,0.6000000000000001,0.5,0.4,50.0,85.0,55.0,0.35000000000000003,0.6000000000000001,0.5,0.30000000000000004,40.0,75.0,55.0,2170,2168,2,2170,9.216589861751152E-4,0.8310083131293249,1.0,0.8310083131293249,1262,0.5821033210332104,1.0,1
"iteration_3","SCOPE_DATA_COLLECTION",500,12,790.0,850.0,2,3155,2105,661,3122,2015,710,3134,2108,653,4,1,1,0.0012746972594008922,4.74158368895211E-4,0.0015290519877675841,0.32614592152534283,0.8372296698817057,1.455313861527717,0.6522918430506857,0.8372296698817057,0.970209241018478,0.1499680918953414,0.5839658444022771,0.6401225114854517,97.5,100.0,4098,856,967,6,0,0,0.0014641288433382138,0.0,0.0,0.45,0.6000000000000001,0.5,0.4,50.0,85.0,55.0,0.35000000000000003,0.6000000000000001,0.5,0.30000000000000004,40.0,75.0,55.0,650,650,0,650,0.0,1.4942339864284193,1.5,0.9961559909522796,427,0.6569230769230769,1.0,1
"iteration_3","SCOPE_DATA_COLLECTION",500,13,850.0,910.0,0,3118,2170,650,3155,2105,661,3132,2172,647,3,2,0,9.569377990430622E-4,9.199632014719411E-4,0.0,0.33009121424073556,0.8352770564528925,1.4893967632332208,0.6601824284814711,0.8352770564528925,0.9929311754888138,0.179757343550447,0.5865561694290976,0.6537867078825348,100.0,100.0,4054,678,1206,3,2,0,7.400098667982239E-4,0.0029498525073746312,0.0,0.35000000000000003,0.6000000000000001,0.5,0.30000000000000004,40.0,75.0,55.0,0.5,0.6000000000000001,0.4,0.2,35.0,85.0,30.0,3109,3105,4,3109,0.001286587327114828,0.32710392348717127,0.5,0.6542078469743425,514,0.16553945249597424,1.0,1
"iteration_3","SCOPE_DATA_COLLECTION",500,13,850.0,910.0,1,3118,2170,650,3155,2105,661,3132,2172,647,3,2,0,9.569377990430622E-4,9.199632014719411E-4,0.0,0.33009121424073556,0.8352770564528925,1.4893967632332208,0.6601824284814711,0.8352770564528925,0.9929311754888138,0.179757343550447,0.5865561694290976,0.6537867078825348,100.0,100.0,4054,678,1206,3,2,0,7.400098667982239E-4,0.0029498525073746312,0.0,0.35000000000000003,0.6000000000000001,0.5,0.30000000000000004,40.0,75.0,55.0,0.5,0.6000000000000001,0.4,0.2,35.0,85.0,30.0,2029,2028,1,2029,4.928536224741252E-4,0.8287502800300953,1.0,0.8287502800300953,1172,0.5779092702169625,1.0,1
"iteration_3","SCOPE_DATA_COLLECTION",500,13,850.0,910.0,2,3118,2170,650,3155,2105,661,3132,2172,647,3,2,0,9.569377990430622E-4,9.199632014719411E-4,0.0,0.33009121424073556,0.8352770564528925,1.4893967632332208,0.6601824284814711,0.8352770564528925,0.9929311754888138,0.179757343550447,0.5865561694290976,0.6537867078825348,100.0,100.0,4054,678,1206,3,2,0,7.400098667982239E-4,0.0029498525073746312,0.0,0.35000000000000003,0.6000000000000001,0.5,0.30000000000000004,40.0,75.0,55.0,0.5,0.6000000000000001,0.4,0.2,35.0,85.0,30.0,685,684,1,685,0.00145985401459854,1.5368308163548365,1.5,1.024553877569891,467,0.6827485380116959,1.0,1
"iteration_3","SCOPE_DATA_COLLECTION",500,14,910.0,970.0,0,3109,2029,685,3118,2170,650,3099,2023,694,4,1,1,0.0012890750886239124,4.940711462450593E-4,0.0014388489208633094,0.32672609839277517,0.8262434260559811,1.5441342292081826,0.6534521967855503,0.8262434260559811,1.0294228194721218,0.164891900613101,0.5748887790410282,0.6873198847262247,100.0,100.0,4005,897,921,6,0,0,0.00149812734082397,0.0,0.0,0.5,0.6000000000000001,0.4,0.2,35.0,85.0,30.0,0.4,0.5,0.4,0.2,35.0,95.0,30.0,3198,3197,1,3198,3.1269543464665416E-4,0.32170055886182736,0.5,0.6434011177236547,557,0.17422583672192682,1.0,1
"iteration_3","SCOPE_DATA_COLLECTION",500,14,910.0,970.0,1,3109,2029,685,3118,2170,650,3099,2023,694,4,1,1,0.0012890750886239124,4.940711462450593E-4,0.0014388489208633094,0.32672609839277517,0.8262434260559811,1.5441342292081826,0.6534521967855503,0.8262434260559811,1.0294228194721218,0.164891900613101,0.5748887790410282,0.6873198847262247,100.0,100.0,4005,897,921,6,0,0,0.00149812734082397,0.0,0.0,0.5,0.6000000000000001,0.4,0.2,35.0,85.0,30.0,0.4,0.5,0.4,0.2,35.0,95.0,30.0,2169,2168,1,2169,4.610419548178884E-4,0.8143175788284709,1.0,0.8143175788284709,1260,0.5811808118081181,1.0,1
"iteration_3","SCOPE_DATA_COLLECTION",500,14,910.0,970.0,2,3109,2029,685,3118,2170,650,3099,2023,694,4,1,1,0.0012890750886239124,4.940711462450593E-4,0.0014388489208633094,0.32672609839277517,0.8262434260559811,1.5441342292081826,0.6534521967855503,0.8262434260559811,1.0294228194721218,0.164891900613101,0.5748887790410282,0.6873198847262247,100.0,100.0,4005,897,921,6,0,0,0.00149812734082397,0.0,0.0,0.5,0.6000000000000001,0.4,0.2,35.0,85.0,30.0,0.4,0.5,0.4,0.2,35.0,95.0,30.0,695,692,3,695,0.004316546762589928,1.5239455618843427,1.5,1.0159637079228951,467,0.6748554913294798,1.0,1
"iteration_3","SCOPE_DATA_COLLECTION",500,15,970.0,1030.0,0,3198,2169,695,3109,2029,685,3187,2175,679,1,1,3,3.136762860727729E-4,4.5955882352941176E-4,0.004398826979472141,0.3208444906390554,0.8164596200368976,1.516534631002495,0.6416889812781108,0.8164596200368976,1.0110230873349966,0.17100721681832445,0.584367816091954,0.6701030927835051,100.0,100.0,4009,794,1259,5,0,0,0.001247193813918683,0.0,0.0,0.4,0.5,0.4,0.2,35.0,95.0,30.0,0.30000000000000004,0.5,0.4,0.2,25.0,95.0,30.0,3151,3151,0,3151,0.0,0.3249843949444434,0.5,0.6499687898888868,524,0.16629641383687718,1.0,1
"iteration_3","SCOPE_DATA_COLLECTION",500,15,970.0,1030.0,1,3198,2169,695,3109,2029,685,3187,2175,679,1,1,3,3.136762860727729E-4,4.5955882352941176E-4,0.004398826979472141,0.3208444906390554,0.8164596200368976,1.516534631002495,0.6416889812781108,0.8164596200368976,1.0110230873349966,0.17100721681832445,0.584367816091954,0.6701030927835051,100.0,100.0,4009,794,1259,5,0,0,0.001247193813918683,0.0,0.0,0.4,0.5,0.4,0.2,35.0,95.0,30.0,0.30000000000000004,0.5,0.4,0.2,25.0,95.0,30.0,2086,2085,1,2086,4.7938638542665386E-4,0.8218746100372962,1.0,0.8218746100372962,1209,0.5798561151079137,1.0,1
"iteration_3","SCOPE_DATA_COLLECTION",500,15,970.0,1030.0,2,3198,2169,695,3109,2029,685,3187,2175,679,1,1,3,3.136762860727729E-4,4.5955882352941176E-4,0.004398826979472141,0.3208444906390554,0.8164596200368976,1.516534631002495,0.6416889812781108,0.8164596200368976,1.0110230873349966,0.17100721681832445,0.584367816091954,0.6701030927835051,100.0,100.0,4009,794,1259,5,0,0,0.001247193813918683,0.0,0.0,0.4,0.5,0.4,0.2,35.0,95.0,30.0,0.30000000000000004,0.5,0.4,0.2,25.0,95.0,30.0,687,684,3,687,0.004366812227074236,1.5200827821746556,1.5,1.0133885214497704,461,0.6739766081871345,1.0,1
"iteration_3","SCOPE_DATA_COLLECTION",500,16,1030.0,1090.0,0,3151,2086,687,3198,2169,695,3152,2087,693,0,1,3,0.0,4.789272030651341E-4,0.004310344827586207,0.32576437695088933,0.8211054639273476,1.527396992757131,0.6515287539017787,0.8211054639273476,1.0182646618380873,0.16846446700507614,0.5793004312410158,0.6782106782106783,95.0,100.0,4026,569,1329,3,1,0,7.451564828614009E-4,0.0017574692442882249,0.0,0.30000000000000004,0.5,0.4,0.2,25.0,95.0,30.0,0.2,0.4,0.30000000000000004,0.1,25.0,95.0,40.0,3098,3096,2,3098,6.455777921239509E-4,0.326282719571476,0.5,0.652565439142952,533,0.17215762273901808,1.0,1
"iteration_3","SCOPE_DATA_COLLECTION",500,16,1030.0,1090.0,1,3151,2086,687,3198,2169,695,3152,2087,693,0,1,3,0.0,4.789272030651341E-4,0.004310344827586207,0.32576437695088933,0.8211054639273476,1.527396992757131,0.6515287539017787,0.8211054639273476,1.0182646618380873,0.16846446700507614,0.5793004312410158,0.6782106782106783,95.0,100.0,4026,569,1329,3,1,0,7.451564828614009E-4,0.0017574692442882249,0.0,0.30000000000000004,0.5,0.4,0.2,25.0,95.0,30.0,0.2,0.4,0.30000000000000004,0.1,25.0,95.0,40.0,2087,2087,0,2087,0.0,0.816963618950854,1.0,0.816963618950854,1209,0.5793004312410158,1.0,1
"iteration_3","SCOPE_DATA_COLLECTION",500,16,1030.0,1090.0,2,3151,2086,687,3198,2169,695,3152,2087,693,0,1,3,0.0,4.789272030651341E-4,0.004310344827586207,0.32576437695088933,0.8211054639273476,1.527396992757131,0.6515287539017787,0.8211054639273476,1.0182646618380873,0.16846446700507614,0.5793004312410158,0.6782106782106783,95.0,100.0,4026,569,1329,3,1,0,7.451564828614009E-4,0.0017574692442882249,0.0,0.30000000000000004,0.5,0.4,0.2,25.0,95.0,30.0,0.2,0.4,0.30000000000000004,0.1,25.0,95.0,40.0,715,714,1,715,0.0013986013986013986,1.5697276695954476,1.5,1.0464851130636317,501,0.7016806722689075,1.0,1
"iteration_3","SCOPE_DATA_COLLECTION",500,17,1090.0,1150.0,0,3098,2087,715,3151,2086,687,3094,2074,717,2,0,1,6.459948320413437E-4,0.0,0.001392757660167131,0.32591903309231635,0.8133765042795529,1.5665621685962703,0.6518380661846327,0.8133765042795529,1.0443747790641802,0.1729153199741435,0.5747348119575699,0.700139470013947,100.0,100.0,4004,395,1501,3,0,0,7.492507492507493E-4,0.0,0.0,0.2,0.4,0.30000000000000004,0.1,25.0,95.0,40.0,0.1,0.30000000000000004,0.4,0.1,35.0,95.0,30.0,3140,3139,1,3140,3.184713375796178E-4,0.3245950704738565,0.5,0.649190140947713,469,0.1494106403313157,1.0,1
"iteration_3","SCOPE_DATA_COLLECTION",500,17,1090.0,1150.0,1,3098,2087,715,3151,2086,687,3094,2074,717,2,0,1,6.459948320413437E-4,0.0,0.001392757660167131,0.32591903309231635,0.8133765042795529,1.5665621685962703,0.6518380661846327,0.8133765042795529,1.0443747790641802,0.1729153199741435,0.5747348119575699,0.700139470013947,100.0,100.0,4004,395,1501,3,0,0,7.492507492507493E-4,0.0,0.0,0.2,0.4,0.30000000000000004,0.1,25.0,95.0,40.0,0.1,0.30000000000000004,0.4,0.1,35.0,95.0,30.0,2033,2033,0,2033,0.0,0.8253487121738896,1.0,0.8253487121738896,1202,0.5912444663059518,1.0,1
"iteration_3","SCOPE_DATA_COLLECTION",500,17,1090.0,1150.0,2,3098,2087,715,3151,2086,687,3094,2074,717,2,0,1,6.459948320413437E-4,0.0,0.001392757660167131,0.32591903309231635,0.8133765042795529,1.5665621685962703,0.6518380661846327,0.8133765042795529,1.0443747790641802,0.1729153199741435,0.5747348119575699,0.700139470013947,100.0,100.0,4004,395,1501,3,0,0,7.492507492507493E-4,0.0,0.0,0.2,0.4,0.30000000000000004,0.1,25.0,95.0,40.0,0.1,0.30000000000000004,0.4,0.1,35.0,95.0,30.0,682,682,0,682,0.0,1.5441390960887078,1.5,1.0294260640591386,472,0.6920821114369502,1.0,1
"iteration_3","SCOPE_DATA_COLLECTION",500,18,1150.0,1210.0,0,3140,2033,682,3098,2087,715,3142,2039,679,1,0,0,3.181673560292714E-4,0.0,0.0,0.3247121687196246,0.8273227686127547,1.5489393236162083,0.6494243374392492,0.8273227686127547,1.0326262157441388,0.14735837046467218,0.592447278077489,0.695139911634757,97.5,100.0,4060,189,1606,1,0,0,2.463054187192118E-4,0.0,0.0,0.1,0.30000000000000004,0.4,0.1,35.0,95.0,30.0,0.8500000000000001,0.6000000000000001,0.8,0.9,40.0,70.0,20.0,3147,3145,2,3147,6.355258976803305E-4,0.32110355467503976,0.5,0.6422071093500795,460,0.14626391096979333,1.0,1
"iteration_3","SCOPE_DATA_COLLECTION",500,18,1150.0,1210.0,1,3140,2033,682,3098,2087,715,3142,2039,679,1,0,0,3.181673560292714E-4,0.0,0.0,0.3247121687196246,0.8273227686127547,1.5489393236162083,0.6494243374392492,0.8273227686127547,1.0326262157441388,0.14735837046467218,0.592447278077489,0.695139911634757,97.5,100.0,4060,189,1606,1,0,0,2.463054187192118E-4,0.0,0.0,0.1,0.30000000000000004,0.4,0.1,35.0,95.0,30.0,0.8500000000000001,0.6000000000000001,0.8,0.9,40.0,70.0,20.0,2035,2033,2,2035,9.828009828009828E-4,0.8381746909822508,1.0,0.8381746909822508,1192,0.5863256271519921,1.0,1
"iteration_3","SCOPE_DATA_COLLECTION",500,18,1150.0,1210.0,2,3140,2033,682,3098,2087,715,3142,2039,679,1,0,0,3.181673560292714E-4,0.0,0.0,0.3247121687196246,0.8273227686127547,1.5489393236162083,0.6494243374392492,0.8273227686127547,1.0326262157441388,0.14735837046467218,0.592447278077489,0.695139911634757,97.5,100.0,4060,189,1606,1,0,0,2.463054187192118E-4,0.0,0.0,0.1,0.30000000000000004,0.4,0.1,35.0,95.0,30.0,0.8500000000000001,0.6000000000000001,0.8,0.9,40.0,70.0,20.0,662,659,3,662,0.004531722054380665,1.627837823242496,1.5,1.0852252154949973,475,0.7207890743550834,1.0,1
"iteration_3","SCOPE_DATA_COLLECTION",500,19,1210.0,1270.0,0,3147,2035,662,3140,2033,682,3151,2037,655,2,2,3,6.343165239454488E-4,9.80872976949485E-4,0.004559270516717325,0.320740063067313,0.837460794045611,1.6178343037570204,0.641480126134626,0.837460794045611,1.0785562025046802,0.146302761028245,0.586647029945999,0.7145038167938931,95.0,100.0,4002,1569,273,7,0,0,0.0017491254372813594,0.0,0.0,0.8500000000000001,0.6000000000000001,0.8,0.9,40.0,70.0,20.0,0.55,0.4,0.30000000000000004,0.9,95.0,50.0,65.0,3215,3212,3,3215,9.331259720062209E-4,0.3249716844621502,0.5,0.6499433689243004,456,0.14196762141967623,1.0,1
"iteration_3","SCOPE_DATA_COLLECTION",500,19,1210.0,1270.0,1,3147,2035,662,3140,2033,682,3151,2037,655,2,2,3,6.343165239454488E-4,9.80872976949485E-4,0.004559270516717325,0.320740063067313,0.837460794045611,1.6178343037570204,0.641480126134626,0.837460794045611,1.0785562025046802,0.146302761028245,0.586647029945999,0.7145038167938931,95.0,100.0,4002,1569,273,7,0,0,0.0017491254372813594,0.0,0.0,0.8500000000000001,0.6000000000000001,0.8,0.9,40.0,70.0,20.0,0.55,0.4,0.30000000000000004,0.9,95.0,50.0,65.0,2097,2095,2,2097,9.537434430138292E-4,0.8160863363928104,1.0,0.8160863363928104,1194,0.5699284009546539,1.0,1
"iteration_3","SCOPE_DATA_COLLECTION",500,19,1210.0,1270.0,2,3147,2035,662,3140,2033,682,3151,2037,655,2,2,3,6.343165239454488E-4,9.80872976949485E-4,0.004559270516717325,0.320740063067313,0.837460794045611,1.6178343037570204,0.641480126134626,0.837460794045611,1.0785562025046802,0.146302761028245,0.586647029945999,0.7145038167938931,95.0,100.0,4002,1569,273,7,0,0,0.0017491254372813594,0.0,0.0,0.8500000000000001,0.6000000000000001,0.8,0.9,40.0,70.0,20.0,0.55,0.4,0.30000000000000004,0.9,95.0,50.0,65.0,645,644,1,645,0.0015503875968992248,1.5765862675071305,1.5,1.0510575116714203,454,0.7049689440993789,1.0,1
"iteration_3","SCOPE_DATA_COLLECTION",500,20,1270.0,1330.0,0,3215,2097,645,3147,2035,662,3205,2090,649,3,2,1,9.351620947630922E-4,9.560229445506692E-4,0.0015384615384615385,0.3252672546547145,0.8161219915532852,1.5823338385870118,0.650534509309429,0.8161219915532852,1.0548892257246745,0.14414976599063964,0.5717703349282297,0.7087827426810478,97.5,100.0,4119,1019,819,4,2,0,9.711094925952901E-4,0.001962708537782139,0.0,0.55,0.4,0.30000000000000004,0.9,95.0,50.0,65.0,0.1,0.9,0.7000000000000001,0.7000000000000001,75.0,35.0,20.0,3162,3162,0,3162,0.0,0.32467352575497715,0.5,0.6493470515099543,446,0.14104996837444655,1.0,1
"iteration_3","SCOPE_DATA_COLLECTION",500,20,1270.0,1330.0,1,3215,2097,645,3147,2035,662,3205,2090,649,3,2,1,9.351620947630922E-4,9.560229445506692E-4,0.0015384615384615385,0.3252672546547145,0.8161219915532852,1.5823338385870118,0.650534509309429,0.8161219915532852,1.0548892257246745,0.14414976599063964,0.5717703349282297,0.7087827426810478,97.5,100.0,4119,1019,819,4,2,0,9.711094925952901E-4,0.001962708537782139,0.0,0.55,0.4,0.30000000000000004,0.9,95.0,50.0,65.0,0.1,0.9,0.7000000000000001,0.7000000000000001,75.0,35.0,20.0,2037,2036,1,2037,4.909180166912126E-4,0.8355367345449927,1.0,0.8355367345449927,1182,0.5805500982318271,1.0,1
"iteration_3","SCOPE_DATA_COLLECTION",500,20,1270.0,1330.0,2,3215,2097,645,3147,2035,662,3205,2090,649,3,2,1,9.351620947630922E-4,9.560229445506692E-4,0.0015384615384615385,0.3252672546547145,0.8161219915532852,1.5823338385870118,0.650534509309429,0.8161219915532852,1.0548892257246745,0.14414976599063964,0.5717703349282297,0.7087827426810478,97.5,100.0,4119,1019,819,4,2,0,9.711094925952901E-4,0.001962708537782139,0.0,0.55,0.4,0.30000000000000004,0.9,95.0,50.0,65.0,0.1,0.9,0.7000000000000001,0.7000000000000001,75.0,35.0,20.0,652,649,3,652,0.004601226993865031,1.5435277737611601,1.5,1.0290185158407734,446,0.687211093990755,1.0,1
"iteration_3","SCOPE_DATA_COLLECTION",500,21,1330.0,1390.0,0,3162,2037,652,3215,2097,645,3165,2031,651,0,1,3,0.0,4.921259842519685E-4,0.0045871559633027525,0.3245088873285192,0.8353907967182438,1.5456582396652039,0.6490177746570384,0.8353907967182438,1.0304388264434692,0.13838862559241707,0.5800098473658296,0.6881720430107527,100.0,100.0,4091,162,1598,3,1,0,7.333170373991689E-4,0.006172839506172839,0.0,0.1,0.9,0.7000000000000001,0.7000000000000001,75.0,35.0,20.0,0.2,0.9,0.7000000000000001,0.7000000000000001,75.0,25.0,30.0,3177,3176,1,3177,3.147623544224111E-4,0.31074546452233787,0.5,0.6214909290446757,429,0.13507556675062973,1.0,1
"iteration_3","SCOPE_DATA_COLLECTION",500,21,1330.0,1390.0,1,3162,2037,652,3215,2097,645,3165,2031,651,0,1,3,0.0,4.921259842519685E-4,0.0045871559633027525,0.3245088873285192,0.8353907967182438,1.5456582396652039,0.6490177746570384,0.8353907967182438,1.0304388264434692,0.13838862559241707,0.5800098473658296,0.6881720430107527,100.0,100.0,4091,162,1598,3,1,0,7.333170373991689E-4,0.006172839506172839,0.0,0.1,0.9,0.7000000000000001,0.7000000000000001,75.0,35.0,20.0,0.2,0.9,0.7000000000000001,0.7000000000000001,75.0,25.0,30.0,2044,2036,8,2044,0.003913894324853229,0.831565658528223,1.0,0.831565658528223,1166,0.5726915520628684,1.0,1
"iteration_3","SCOPE_DATA_COLLECTION",500,21,1330.0,1390.0,2,3162,2037,652,3215,2097,645,3165,2031,651,0,1,3,0.0,4.921259842519685E-4,0.0045871559633027525,0.3245088873285192,0.8353907967182438,1.5456582396652039,0.6490177746570384,0.8353907967182438,1.0304388264434692,0.13838862559241707,0.5800098473658296,0.6881720430107527,100.0,100.0,4091,162,1598,3,1,0,7.333170373991689E-4,0.006172839506172839,0.0,0.1,0.9,0.7000000000000001,0.7000000000000001,75.0,35.0,20.0,0.2,0.9,0.7000000000000001,0.7000000000000001,75.0,25.0,30.0,706,703,3,706,0.00424929178470255,1.5681915861964284,1.5,1.0454610574642855,490,0.6970128022759602,1.0,1
"iteration_3","SCOPE_DATA_COLLECTION",500,22,1390.0,1450.0,0,3177,2044,706,3162,2037,652,3171,2046,693,1,8,3,3.1525851197982345E-4,0.0038948393378773127,0.004310344827586207,0.3109027840950974,0.8323579983220519,1.56586399048539,0.6218055681901948,0.8323579983220519,1.04390932699026,0.1368653421633554,0.5718475073313783,0.6955266955266955,92.5,100.0,4031,397,1499,12,0,0,0.002976928801786157,0.0,0.0,0.2,0.9,0.7000000000000001,0.7000000000000001,75.0,25.0,30.0,0.9,0.7000000000000001,0.8,0.4,95.0,30.0,60.0,3185,3181,4,3185,0.0012558869701726845,0.324388961276956,0.5,0.648777922553912,534,0.16787173844702924,1.0,1
"iteration_3","SCOPE_DATA_COLLECTION",500,22,1390.0,1450.0,1,3177,2044,706,3162,2037,652,3171,2046,693,1,8,3,3.1525851197982345E-4,0.0038948393378773127,0.004310344827586207,0.3109027840950974,0.8323579983220519,1.56586399048539,0.6218055681901948,0.8323579983220519,1.04390932699026,0.1368653421633554,0.5718475073313783,0.6955266955266955,92.5,100.0,4031,397,1499,12,0,0,0.002976928801786157,0.0,0.0,0.2,0.9,0.7000000000000001,0.7000000000000001,75.0,25.0,30.0,0.9,0.7000000000000001,0.8,0.4,95.0,30.0,60.0,2147,2144,3,2147,0.0013972985561248254,0.8298808000784291,1.0,0.8298808000784291,1228,0.5727611940298507,1.0,1
"iteration_3","SCOPE_DATA_COLLECTION",500,22,1390.0,1450.0,2,3177,2044,706,3162,2037,652,3171,2046,693,1,8,3,3.1525851197982345E-4,0.0038948393378773127,0.004310344827586207,0.3109027840950974,0.8323579983220519,1.56586399048539,0.6218055681901948,0.8323579983220519,1.04390932699026,0.1368653421633554,0.5718475073313783,0.6955266955266955,92.5,100.0,4031,397,1499,12,0,0,0.002976928801786157,0.0,0.0,0.2,0.9,0.7000000000000001,0.7000000000000001,75.0,25.0,30.0,0.9,0.7000000000000001,0.8,0.4,95.0,30.0,60.0,694,693,1,694,0.001440922190201729,1.5385934936536043,1.5,1.0257289957690696,470,0.6782106782106783,1.0,1
"iteration_3","SCOPE_DATA_COLLECTION",500,23,1450.0,1510.0,0,3185,2147,694,3177,2044,706,3183,2138,697,4,3,1,0.0012550988390335738,0.0014012143858010276,0.0014326647564469914,0.3248270260038227,0.8321084291728466,1.5367126906045077,0.6496540520076454,0.8321084291728466,1.0244751270696717,0.16870876531573986,0.5757717492984097,0.6771879483500718,97.5,100.0,3991,1829,206,5,3,0,0.0012528188423953897,0.0016402405686167304,0.0,0.9,0.7000000000000001,0.8,0.4,95.0,30.0,60.0,0.75,0.4,0.7000000000000001,0.7000000000000001,45.0,30.0,90.0,3215,3211,4,3215,0.001244167962674961,0.32824817441227094,0.5,0.6564963488245419,426,0.13266895048271565,1.0,1
"iteration_3","SCOPE_DATA_COLLECTION",500,23,1450.0,1510.0,1,3185,2147,694,3177,2044,706,3183,2138,697,4,3,1,0.0012550988390335738,0.0014012143858010276,0.0014326647564469914,0.3248270260038227,0.8321084291728466,1.5367126906045077,0.6496540520076454,0.8321084291728466,1.0244751270696717,0.16870876531573986,0.5757717492984097,0.6771879483500718,97.5,100.0,3991,1829,206,5,3,0,0.0012528188423953897,0.0016402405686167304,0.0,0.9,0.7000000000000001,0.8,0.4,95.0,30.0,60.0,0.75,0.4,0.7000000000000001,0.7000000000000001,45.0,30.0,90.0,1985,1983,2,1985,0.0010075566750629723,0.8483986611339445,1.0,0.8483986611339445,1162,0.5859808371154815,1.0,1
"iteration_3","SCOPE_DATA_COLLECTION",500,23,1450.0,1510.0,2,3185,2147,694,3177,2044,706,3183,2138,697,4,3,1,0.0012550988390335738,0.0014012143858010276,0.0014326647564469914,0.3248270260038227,0.8321084291728466,1.5367126906045077,0.6496540520076454,0.8321084291728466,1.0244751270696717,0.16870876531573986,0.5757717492984097,0.6771879483500718,97.5,100.0,3991,1829,206,5,3,0,0.0012528188423953897,0.0016402405686167304,0.0,0.9,0.7000000000000001,0.8,0.4,95.0,30.0,60.0,0.75,0.4,0.7000000000000001,0.7000000000000001,45.0,30.0,90.0,648,646,2,648,0.0030864197530864196,1.5691497866018846,1.5,1.0460998577345897,449,0.695046439628483,1.0,1
"iteration_3","SCOPE_DATA_COLLECTION",500,24,1510.0,1570.0,0,3215,1985,648,3185,2147,694,3215,1986,654,4,2,2,0.0012426219322771047,0.001006036217303823,0.003048780487804878,0.327870193898272,0.8441188342530903,1.5736243844231914,0.655740387796544,0.8441188342530903,1.0490829229487943,0.13250388802488336,0.581570996978852,0.6972477064220184,90.0,100.0,4135,1288,425,7,1,0,0.0016928657799274486,7.763975155279503E-4,0.0,0.75,0.4,0.7000000000000001,0.7000000000000001,45.0,30.0,90.0,0.65,0.6000000000000001,0.7000000000000001,0.5,70.0,60.0,40.0,3204,3203,1,3204,3.1210986267166043E-4,0.32554944194456564,0.5,0.6510988838891313,492,0.1536059943802685,1.0,1
"iteration_3","SCOPE_DATA_COLLECTION",500,24,1510.0,1570.0,1,3215,1985,648,3185,2147,694,3215,1986,654,4,2,2,0.0012426219322771047,0.001006036217303823,0.003048780487804878,0.327870193898272,0.8441188342530903,1.5736243844231914,0.655740387796544,0.8441188342530903,1.0490829229487943,0.13250388802488336,0.581570996978852,0.6972477064220184,90.0,100.0,4135,1288,425,7,1,0,0.0016928657799274486,7.763975155279503E-4,0.0,0.75,0.4,0.7000000000000001,0.7000000000000001,45.0,30.0,90.0,0.65,0.6000000000000001,0.7000000000000001,0.5,70.0,60.0,40.0,2009,2006,3,2009,0.0014932802389248383,0.8632573009860643,1.0,0.8632573009860643,1204,0.6001994017946162,1.0,1
"iteration_3","SCOPE_DATA_COLLECTION",500,24,1510.0,1570.0,2,3215,1985,648,3185,2147,694,3215,1986,654,4,2,2,0.0012426219322771047,0.001006036217303823,0.003048780487804878,0.327870193898272,0.8441188342530903,1.5736243844231914,0.655740387796544,0.8441188342530903,1.0490829229487943,0.13250388802488336,0.581570996978852,0.6972477064220184,90.0,100.0,4135,1288,425,7,1,0,0.0016928657799274486,7.763975155279503E-4,0.0,0.75,0.4,0.7000000000000001,0.7000000000000001,45.0,30.0,90.0,0.65,0.6000000000000001,0.7000000000000001,0.5,70.0,60.0,40.0,676,672,4,676,0.005917159763313609,1.5597562256821846,1.5,1.039837483788123,462,0.6875,1.0,1
"iteration_3","SCOPE_DATA_COLLECTION",500,25,1570.0,1630.0,0,3204,2009,676,3215,1985,648,3218,2003,671,1,3,4,3.1065548306927616E-4,0.0014955134596211367,0.005925925925925926,0.32614283622880974,0.8661351564176303,1.5594107808327589,0.6522856724576195,0.8661351564176303,1.0396071872218393,0.15444375388440024,0.6030953569645532,0.6870342771982116,95.0,100.0,4074,1146,669,8,0,0,0.0019636720667648502,0.0,0.0,0.65,0.6000000000000001,0.7000000000000001,0.5,70.0,60.0,40.0,0.75,0.7000000000000001,0.6000000000000001,0.4,80.0,50.0,30.0,3198,3194,4,3198,0.0012507817385866166,0.33286245941144754,0.5,0.6657249188228951,560,0.17532874139010646,1.0,1
"iteration_3","SCOPE_DATA_COLLECTION",500,25,1570.0,1630.0,1,3204,2009,676,3215,1985,648,3218,2003,671,1,3,4,3.1065548306927616E-4,0.0014955134596211367,0.005925925925925926,0.32614283622880974,0.8661351564176303,1.5594107808327589,0.6522856724576195,0.8661351564176303,1.0396071872218393,0.15444375388440024,0.6030953569645532,0.6870342771982116,95.0,100.0,4074,1146,669,8,0,0,0.0019636720667648502,0.0,0.0,0.65,0.6000000000000001,0.7000000000000001,0.5,70.0,60.0,40.0,0.75,0.7000000000000001,0.6000000000000001,0.4,80.0,50.0,30.0,2063,2057,6,2063,0.00290838584585555,0.8521028012531161,1.0,0.8521028012531161,1234,0.5999027710257657,1.0,1
"iteration_3","SCOPE_DATA_COLLECTION",500,25,1570.0,1630.0,2,3204,2009,676,3215,1985,648,3218,2003,671,1,3,4,3.1065548306927616E-4,0.0014955134596211367,0.005925925925925926,0.32614283622880974,0.8661351564176303,1.5594107808327589,0.6522856724576195,0.8661351564176303,1.0396071872218393,0.15444375388440024,0.6030953569645532,0.6870342771982116,95.0,100.0,4074,1146,669,8,0,0,0.0019636720667648502,0.0,0.0,0.65,0.6000000000000001,0.7000000000000001,0.5,70.0,60.0,40.0,0.75,0.7000000000000001,0.6000000000000001,0.4,80.0,50.0,30.0,705,702,3,705,0.00425531914893617,1.5199477292751706,1.5,1.013298486183447,466,0.6638176638176638,1.0,1
"iteration_3","SCOPE_DATA_COLLECTION",500,26,1630.0,1690.0,0,3198,2063,705,3204,2009,676,3180,2064,695,4,6,3,0.001256281407035176,0.002898550724637681,0.004297994269340974,0.3329054706646639,0.8510084477283619,1.512812306332827,0.6658109413293278,0.8510084477283619,1.008541537555218,0.17578616352201257,0.5978682170542635,0.660431654676259,97.5,100.0,4086,1432,448,11,2,0,0.0026921194322075378,0.0013966480446927375,0.0,0.75,0.7000000000000001,0.6000000000000001,0.4,80.0,50.0,30.0,0.8500000000000001,0.6000000000000001,0.7000000000000001,0.30000000000000004,90.0,40.0,20.0,3137,3134,3,3137,9.56327701625757E-4,0.32267022252382976,0.5,0.6453404450476595,491,0.1566687938736439,1.0,1
"iteration_3","SCOPE_DATA_COLLECTION",500,26,1630.0,1690.0,1,3198,2063,705,3204,2009,676,3180,2064,695,4,6,3,0.001256281407035176,0.002898550724637681,0.004297994269340974,0.3329054706646639,0.8510084477283619,1.512812306332827,0.6658109413293278,0.8510084477283619,1.008541537555218,0.17578616352201257,0.5978682170542635,0.660431654676259,97.5,100.0,4086,1432,448,11,2,0,0.0026921194322075378,0.0013966480446927375,0.0,0.75,0.7000000000000001,0.6000000000000001,0.4,80.0,50.0,30.0,0.8500000000000001,0.6000000000000001,0.7000000000000001,0.30000000000000004,90.0,40.0,20.0,2078,2077,1,2078,4.8123195380173246E-4,0.8287245638443516,1.0,0.8287245638443516,1198,0.5767934520943668,1.0,1
"iteration_3","SCOPE_DATA_COLLECTION",500,26,1630.0,1690.0,2,3198,2063,705,3204,2009,676,3180,2064,695,4,6,3,0.001256281407035176,0.002898550724637681,0.004297994269340974,0.3329054706646639,0.8510084477283619,1.512812306332827,0.6658109413293278,0.8510084477283619,1.008541537555218,0.17578616352201257,0.5978682170542635,0.660431654676259,97.5,100.0,4086,1432,448,11,2,0,0.0026921194322075378,0.0013966480446927375,0.0,0.75,0.7000000000000001,0.6000000000000001,0.4,80.0,50.0,30.0,0.8500000000000001,0.6000000000000001,0.7000000000000001,0.30000000000000004,90.0,40.0,20.0,660,657,3,660,0.004545454545454545,1.6090518607003501,1.5,1.0727012404669,473,0.7199391171993912,1.0,1
"iteration_3","SCOPE_DATA_COLLECTION",500,27,1690.0,1750.0,0,3137,2078,660,3198,2063,705,3140,2079,650,3,1,3,9.545020680878142E-4,4.807692307692308E-4,0.004594180704441042,0.3225263855010819,0.8305345892550576,1.6155990592484029,0.6450527710021638,0.8305345892550576,1.0770660394989353,0.15605095541401273,0.5776815776815777,0.7230769230769231,95.0,100.0,3975,1594,306,6,1,0,0.0015094339622641509,6.273525721455458E-4,0.0,0.8500000000000001,0.6000000000000001,0.7000000000000001,0.30000000000000004,90.0,40.0,20.0,0.8500000000000001,0.7000000000000001,0.7000000000000001,0.30000000000000004,80.0,40.0,30.0,3242,3237,5,3242,0.0015422578655151142,0.33201345390725884,0.5,0.6640269078145177,562,0.17361754711152302,1.0,1
"iteration_3","SCOPE_DATA_COLLECTION",500,27,1690.0,1750.0,1,3137,2078,660,3198,2063,705,3140,2079,650,3,1,3,9.545020680878142E-4,4.807692307692308E-4,0.004594180704441042,0.3225263855010819,0.8305345892550576,1.6155990592484029,0.6450527710021638,0.8305345892550576,1.0770660394989353,0.15605095541401273,0.5776815776815777,0.7230769230769231,95.0,100.0,3975,1594,306,6,1,0,0.0015094339622641509,6.273525721455458E-4,0.0,0.8500000000000001,0.6000000000000001,0.7000000000000001,0.30000000000000004,90.0,40.0,20.0,0.8500000000000001,0.7000000000000001,0.7000000000000001,0.30000000000000004,80.0,40.0,30.0,2098,2096,2,2098,9.532888465204957E-4,0.8359650958677686,1.0,0.8359650958677686,1203,0.5739503816793893,1.0,1
"iteration_3","SCOPE_DATA_COLLECTION",500,27,1690.0,1750.0,2,3137,2078,660,3198,2063,705,3140,2079,650,3,1,3,9.545020680878142E-4,4.807692307692308E-4,0.004594180704441042,0.3225263855010819,0.8305345892550576,1.6155990592484029,0.6450527710021638,0.8305345892550576,1.0770660394989353,0.15605095541401273,0.5776815776815777,0.7230769230769231,95.0,100.0,3975,1594,306,6,1,0,0.0015094339622641509,6.273525721455458E-4,0.0,0.8500000000000001,0.6000000000000001,0.7000000000000001,0.30000000000000004,90.0,40.0,20.0,0.8500000000000001,0.7000000000000001,0.7000000000000001,0.30000000000000004,80.0,40.0,30.0,687,687,0,687,0.0,1.5620372282441404,1.5,1.0413581521627602,474,0.6899563318777293,1.0,1
"iteration_3","SCOPE_DATA_COLLECTION",500,28,1750.0,1810.0,0,3242,2098,687,3137,2078,660,3229,2085,692,5,2,0,0.0015460729746444033,9.583133684714902E-4,0.0,0.33218919581899764,0.8358931740593242,1.5634350405130415,0.6643783916379953,0.8358931740593242,1.0422900270086943,0.17373799938061318,0.5741007194244604,0.6907514450867052,97.5,100.0,4087,1659,281,5,2,0,0.001223391240518718,0.0012055455093429777,0.0,0.8500000000000001,0.7000000000000001,0.7000000000000001,0.30000000000000004,80.0,40.0,30.0,0.8500000000000001,0.6000000000000001,0.7000000000000001,0.30000000000000004,70.0,40.0,30.0,3171,3168,3,3171,9.46073793755913E-4,0.3339868725617279,0.5,0.6679737451234558,533,0.1682449494949495,1.0,1
"iteration_3","SCOPE_DATA_COLLECTION",500,28,1750.0,1810.0,1,3242,2098,687,3137,2078,660,3229,2085,692,5,2,0,0.0015460729746444033,9.583133684714902E-4,0.0,0.33218919581899764,0.8358931740593242,1.5634350405130415,0.6643783916379953,0.8358931740593242,1.0422900270086943,0.17373799938061318,0.5741007194244604,0.6907514450867052,97.5,100.0,4087,1659,281,5,2,0,0.001223391240518718,0.0012055455093429777,0.0,0.8500000000000001,0.7000000000000001,0.7000000000000001,0.30000000000000004,80.0,40.0,30.0,0.8500000000000001,0.6000000000000001,0.7000000000000001,0.30000000000000004,70.0,40.0,30.0,2008,2005,3,2008,0.00149402390438247,0.85210670693756,1.0,0.85210670693756,1191,0.5940149625935162,1.0,1
"iteration_3","SCOPE_DATA_COLLECTION",500,28,1750.0,1810.0,2,3242,2098,687,3137,2078,660,3229,2085,692,5,2,0,0.0015460729746444033,9.583133684714902E-4,0.0,0.33218919581899764,0.8358931740593242,1.5634350405130415,0.6643783916379953,0.8358931740593242,1.0422900270086943,0.17373799938061318,0.5741007194244604,0.6907514450867052,97.5,100.0,4087,1659,281,5,2,0,0.001223391240518718,0.0012055455093429777,0.0,0.8500000000000001,0.7000000000000001,0.7000000000000001,0.30000000000000004,80.0,40.0,30.0,0.8500000000000001,0.6000000000000001,0.7000000000000001,0.30000000000000004,70.0,40.0,30.0,657,653,4,657,0.0060882800608828,1.5736279148200842,1.5,1.049085276546723,457,0.6998468606431854,1.0,1
"iteration_3","SCOPE_DATA_COLLECTION",500,29,1810.0,1870.0,0,3171,2008,657,3242,2098,687,3170,2016,656,3,3,4,9.454774661203908E-4,0.0014858841010401188,0.006060606060606061,0.3335537001894717,0.8520170164159201,1.569208081794245,0.6671074003789434,0.8520170164159201,1.0461387211961635,0.16750788643533124,0.5942460317460317,0.698170731707317,92.5,100.0,4060,1508,268,8,2,0,0.0019704433497536944,0.001326259946949602,0.0,0.8500000000000001,0.6000000000000001,0.7000000000000001,0.30000000000000004,70.0,40.0,30.0,0.9500000000000001,0.2,0.9,0.30000000000000004,35.0,25.0,45.0,3139,3136,3,3139,9.55718381650207E-4,0.33252870140673474,0.5,0.6650574028134695,474,0.15114795918367346,1.0,1
"iteration_3","SCOPE_DATA_COLLECTION",500,29,1810.0,1870.0,1,3171,2008,657,3242,2098,687,3170,2016,656,3,3,4,9.454774661203908E-4,0.0014858841010401188,0.006060606060606061,0.3335537001894717,0.8520170164159201,1.569208081794245,0.6671074003789434,0.8520170164159201,1.0461387211961635,0.16750788643533124,0.5942460317460317,0.698170731707317,92.5,100.0,4060,1508,268,8,2,0,0.0019704433497536944,0.001326259946949602,0.0,0.8500000000000001,0.6000000000000001,0.7000000000000001,0.30000000000000004,70.0,40.0,30.0,0.9500000000000001,0.2,0.9,0.30000000000000004,35.0,25.0,45.0,2085,2083,2,2085,9.592326139088729E-4,0.8584732400521047,1.0,0.8584732400521047,1242,0.5962554008641383,1.0,1
"iteration_3","SCOPE_DATA_COLLECTION",500,29,1810.0,1870.0,2,3171,2008,657,3242,2098,687,3170,2016,656,3,3,4,9.454774661203908E-4,0.0014858841010401188,0.006060606060606061,0.3335537001894717,0.8520170164159201,1.569208081794245,0.6671074003789434,0.8520170164159201,1.0461387211961635,0.16750788643533124,0.5942460317460317,0.698170731707317,92.5,100.0,4060,1508,268,8,2,0,0.0019704433497536944,0.001326259946949602,0.0,0.8500000000000001,0.6000000000000001,0.7000000000000001,0.30000000000000004,70.0,40.0,30.0,0.9500000000000001,0.2,0.9,0.30000000000000004,35.0,25.0,45.0,657,655,2,657,0.0030441400304414,1.5690576103945233,1.5,1.0460384069296822,456,0.6961832061068702,1.0,1
"iteration_3","SCOPE_DATA_COLLECTION",500,30,1870.0,1930.0,0,3139,2085,657,3171,2008,657,3143,2073,656,3,2,2,9.535918626827717E-4,9.638554216867469E-4,0.00303951367781155,0.3330260531031053,0.8571836948900843,1.568609526635239,0.6660521062062106,0.8571836948900843,1.0457396844234925,0.152402163538021,0.5952725518572117,0.6951219512195121,97.5,100.0,4137,1673,71,6,1,0,0.0014503263234227702,5.977286312014345E-4,0.0,0.9500000000000001,0.2,0.9,0.30000000000000004,35.0,25.0,45.0,0.8500000000000001,0.1,0.9,0.4,25.0,35.0,55.0,3166,3166,0,3166,0.0,0.32994484127189777,0.5,0.6598896825437955,440,0.13897662665824384,1.0,1
"iteration_3","SCOPE_DATA_COLLECTION",500,30,1870.0,1930.0,1,3139,2085,657,3171,2008,657,3143,2073,656,3,2,2,9.535918626827717E-4,9.638554216867469E-4,0.00303951367781155,0.3330260531031053,0.8571836948900843,1.568609526635239,0.6660521062062106,0.8571836948900843,1.0457396844234925,0.152402163538021,0.5952725518572117,0.6951219512195121,97.5,100.0,4137,1673,71,6,1,0,0.0014503263234227702,5.977286312014345E-4,0.0,0.9500000000000001,0.2,0.9,0.30000000000000004,35.0,25.0,45.0,0.8500000000000001,0.1,0.9,0.4,25.0,35.0,55.0,2044,2040,4,2044,0.0019569471624266144,0.8433639523365722,1.0,0.8433639523365722,1199,0.5877450980392157,1.0,1
"iteration_3","SCOPE_DATA_COLLECTION",500,30,1870.0,1930.0,2,3139,2085,657,3171,2008,657,3143,2073,656,3,2,2,9.535918626827717E-4,9.638554216867469E-4,0.00303951367781155,0.3330260531031053,0.8571836948900843,1.568609526635239,0.6660521062062106,0.8571836948900843,1.0457396844234925,0.152402163538021,0.5952725518572117,0.6951219512195121,97.5,100.0,4137,1673,71,6,1,0,0.0014503263234227702,5.977286312014345E-4,0.0,0.9500000000000001,0.2,0.9,0.30000000000000004,35.0,25.0,45.0,0.8500000000000001,0.1,0.9,0.4,25.0,35.0,55.0,669,668,1,669,0.0014947683109118087,1.606424109928086,1.5,1.070949406618724,480,0.718562874251497,1.0,1
"iteration_3","SCOPE_DATA_COLLECTION",500,31,1930.0,1990.0,0,3166,2044,669,3139,2085,657,3163,2043,664,0,4,1,0.0,0.0019540791402051783,0.0015037593984962407,0.32950205149449846,0.8448129161572014,1.6097312062857718,0.6590041029889969,0.8448129161572014,1.0731541375238478,0.138476130256086,0.5907978463044542,0.7198795180722891,95.0,100.0,4201,1430,248,5,0,0,0.00119019281123542,0.0,0.0,0.8500000000000001,0.1,0.9,0.4,25.0,35.0,55.0,0.4,0.8,0.7000000000000001,0.6000000000000001,90.0,85.0,85.0,3193,3189,4,3193,0.001252740369558409,0.3142363269187069,0.5,0.6284726538374138,407,0.12762621511445593,1.0,1
"iteration_3","SCOPE_DATA_COLLECTION",500,31,1930.0,1990.0,1,3166,2044,669,3139,2085,657,3163,2043,664,0,4,1,0.0,0.0019540791402051783,0.0015037593984962407,0.32950205149449846,0.8448129161572014,1.6097312062857718,0.6590041029889969,0.8448129161572014,1.0731541375238478,0.138476130256086,0.5907978463044542,0.7198795180722891,95.0,100.0,4201,1430,248,5,0,0,0.00119019281123542,0.0,0.0,0.8500000000000001,0.1,0.9,0.4,25.0,35.0,55.0,0.4,0.8,0.7000000000000001,0.6000000000000001,90.0,85.0,85.0,2090,2089,1,2090,4.784688995215311E-4,0.8437497851524505,1.0,0.8437497851524505,1219,0.5835327908089996,1.0,1
"iteration_3","SCOPE_DATA_COLLECTION",500,31,1930.0,1990.0,2,3166,2044,669,3139,2085,657,3163,2043,664,0,4,1,0.0,0.0019540791402051783,0.0015037593984962407,0.32950205149449846,0.8448129161572014,1.6097312062857718,0.6590041029889969,0.8448129161572014,1.0731541375238478,0.138476130256086,0.5907978463044542,0.7198795180722891,95.0,100.0,4201,1430,248,5,0,0,0.00119019281123542,0.0,0.0,0.8500000000000001,0.1,0.9,0.4,25.0,35.0,55.0,0.4,0.8,0.7000000000000001,0.6000000000000001,90.0,85.0,85.0,636,634,2,636,0.0031446540880503146,1.5908175178740103,1.5,1.060545011916007,448,0.7066246056782335,1.0,1
"iteration_3","SCOPE_DATA_COLLECTION",500,32,1990.0,2050.0,0,3193,2090,636,3166,2044,669,3185,2098,632,4,1,2,0.0012543116964565694,4.764173415912339E-4,0.0031545741324921135,0.3139711367784256,0.8426316246209213,1.5839355898182026,0.6279422735568512,0.8426316246209213,1.0559570598788017,0.12747252747252746,0.5805529075309819,0.7041139240506329,100.0,100.0,4077,737,1105,6,1,0,0.0014716703458425313,0.0013568521031207597,0.0,0.4,0.8,0.7000000000000001,0.6000000000000001,90.0,85.0,85.0,0.1,0.2,0.8,0.5,65.0,25.0,45.0,3140,3139,1,3140,3.184713375796178E-4,0.3049006014562856,0.5,0.6098012029125712,303,0.09652755654667092,1.0,1
"iteration_3","SCOPE_DATA_COLLECTION",500,32,1990.0,2050.0,1,3193,2090,636,3166,2044,669,3185,2098,632,4,1,2,0.0012543116964565694,4.764173415912339E-4,0.0031545741324921135,0.3139711367784256,0.8426316246209213,1.5839355898182026,0.6279422735568512,0.8426316246209213,1.0559570598788017,0.12747252747252746,0.5805529075309819,0.7041139240506329,100.0,100.0,4077,737,1105,6,1,0,0.0014716703458425313,0.0013568521031207597,0.0,0.4,0.8,0.7000000000000001,0.6000000000000001,90.0,85.0,85.0,0.1,0.2,0.8,0.5,65.0,25.0,45.0,2090,2087,3,2090,0.0014354066985645933,0.8167511190368067,1.0,0.8167511190368067,1206,0.5778629611883086,1.0,1
"iteration_3","SCOPE_DATA_COLLECTION",500,32,1990.0,2050.0,2,3193,2090,636,3166,2044,669,3185,2098,632,4,1,2,0.0012543116964565694,4.764173415912339E-4,0.0031545741324921135,0.3139711367784256,0.8426316246209213,1.5839355898182026,0.6279422735568512,0.8426316246209213,1.0559570598788017,0.12747252747252746,0.5805529075309819,0.7041139240506329,100.0,100.0,4077,737,1105,6,1,0,0.0014716703458425313,0.0013568521031207597,0.0,0.4,0.8,0.7000000000000001,0.6000000000000001,90.0,85.0,85.0,0.1,0.2,0.8,0.5,65.0,25.0,45.0,689,687,2,689,0.002902757619738752,1.5229419622317273,1.5,1.0152946414878181,464,0.6754002911208151,1.0,1
"iteration_3","SCOPE_DATA_COLLECTION",500,33,2050.0,2110.0,0,3140,2090,689,3193,2090,636,3145,2075,689,1,3,2,3.178639542275906E-4,0.0014436958614051972,0.002894356005788712,0.30542571955034875,0.8159663385131511,1.525027037304066,0.6108514391006975,0.8159663385131511,1.016684691536044,0.09697933227344992,0.5787951807228916,0.6763425253991292,100.0,100.0,4031,181,1707,6,0,0,0.0014884644008930786,0.0,0.0,0.1,0.2,0.8,0.5,65.0,25.0,45.0,0.05,0.2,0.9,0.5,55.0,35.0,55.0,3200,3196,4,3200,0.00125,0.3270574958196407,0.5,0.6541149916392814,426,0.1332916145181477,1.0,1
"iteration_3","SCOPE_DATA_COLLECTION",500,33,2050.0,2110.0,1,3140,2090,689,3193,2090,636,3145,2075,689,1,3,2,3.178639542275906E-4,0.0014436958614051972,0.002894356005788712,0.30542571955034875,0.8159663385131511,1.525027037304066,0.6108514391006975,0.8159663385131511,1.016684691536044,0.09697933227344992,0.5787951807228916,0.6763425253991292,100.0,100.0,4031,181,1707,6,0,0,0.0014884644008930786,0.0,0.0,0.1,0.2,0.8,0.5,65.0,25.0,45.0,0.05,0.2,0.9,0.5,55.0,35.0,55.0,2043,2041,2,2043,9.789525208027412E-4,0.8404044341250481,1.0,0.8404044341250481,1192,0.5840274375306223,1.0,1
"iteration_3","SCOPE_DATA_COLLECTION",500,33,2050.0,2110.0,2,3140,2090,689,3193,2090,636,3145,2075,689,1,3,2,3.178639542275906E-4,0.0014436958614051972,0.002894356005788712,0.30542571955034875,0.8159663385131511,1.525027037304066,0.6108514391006975,0.8159663385131511,1.016684691536044,0.09697933227344992,0.5787951807228916,0.6763425253991292,100.0,100.0,4031,181,1707,6,0,0,0.0014884644008930786,0.0,0.0,0.1,0.2,0.8,0.5,65.0,25.0,45.0,0.05,0.2,0.9,0.5,55.0,35.0,55.0,672,669,3,672,0.004464285714285714,1.538065588854499,1.5,1.0253770592363327,457,0.6831091180866966,1.0,1
"iteration_3","SCOPE_DATA_COLLECTION",500,34,2110.0,2170.0,0,3200,2043,672,3140,2090,689,3197,2043,668,4,2,3,0.0012496094970321774,9.779951100244498E-4,0.004470938897168405,0.3268666941982835,0.8408383245797206,1.5397070619141273,0.653733388396567,0.8408383245797206,1.0264713746094183,0.13199874882702534,0.582476749877631,0.6841317365269461,100.0,100.0,4196,88,1631,9,0,0,0.0021448999046711154,0.0,0.0,0.05,0.2,0.9,0.5,55.0,35.0,55.0,0.05,0.1,0.9,0.6000000000000001,55.0,25.0,55.0,3132,3131,1,3132,3.1928480204342275E-4,0.32257424261682494,0.5,0.6451484852336499,384,0.1226445225167678,1.0,1
"iteration_3","SCOPE_DATA_COLLECTION",500,34,2110.0,2170.0,1,3200,2043,672,3140,2090,689,3197,2043,668,4,2,3,0.0012496094970321774,9.779951100244498E-4,0.004470938897168405,0.3268666941982835,0.8408383245797206,1.5397070619141273,0.653733388396567,0.8408383245797206,1.0264713746094183,0.13199874882702534,0.582476749877631,0.6841317365269461,100.0,100.0,4196,88,1631,9,0,0,0.0021448999046711154,0.0,0.0,0.05,0.2,0.9,0.5,55.0,35.0,55.0,0.05,0.1,0.9,0.6000000000000001,55.0,25.0,55.0,2101,2098,3,2101,0.0014278914802475012,0.8486160435425268,1.0,0.8486160435425268,1245,0.5934223069590085,1.0,1
"iteration_3","SCOPE_DATA_COLLECTION",500,34,2110.0,2170.0,2,3200,2043,672,3140,2090,689,3197,2043,668,4,2,3,0.0012496094970321774,9.779951100244498E-4,0.004470938897168405,0.3268666941982835,0.8408383245797206,1.5397070619141273,0.653733388396567,0.8408383245797206,1.0264713746094183,0.13199874882702534,0.582476749877631,0.6841317365269461,100.0,100.0,4196,88,1631,9,0,0,0.0021448999046711154,0.0,0.0,0.05,0.2,0.9,0.5,55.0,35.0,55.0,0.05,0.1,0.9,0.6000000000000001,55.0,25.0,55.0,649,646,3,649,0.004622496147919877,1.5558541107122477,1.5,1.0372360738081652,450,0.6965944272445821,1.0,1
"iteration_3","SCOPE_DATA_COLLECTION",500,35,2170.0,2230.0,0,3132,2101,649,3200,2043,672,3120,2098,651,1,3,3,3.204101249599487E-4,0.0014278914802475012,0.0045871559633027525,0.32184226167626384,0.8482346469157586,1.5535607255432724,0.6436845233525277,0.8482346469157586,1.0357071503621815,0.12115384615384615,0.5934223069590085,0.695852534562212,97.5,100.0,4208,88,1586,7,0,0,0.0016634980988593155,0.0,0.0,0.05,0.1,0.9,0.6000000000000001,55.0,25.0,55.0,0.05,0.1,0.9,0.6000000000000001,55.0,20.0,45.0,3074,3072,2,3074,6.506180871828237E-4,0.323455602594618,0.5,0.646911205189236,395,0.12858072916666666,1.0,1
"iteration_3","SCOPE_DATA_COLLECTION",500,35,2170.0,2230.0,1,3132,2101,649,3200,2043,672,3120,2098,651,1,3,3,3.204101249599487E-4,0.0014278914802475012,0.0045871559633027525,0.32184226167626384,0.8482346469157586,1.5535607255432724,0.6436845233525277,0.8482346469157586,1.0357071503621815,0.12115384615384615,0.5934223069590085,0.695852534562212,97.5,100.0,4208,88,1586,7,0,0,0.0016634980988593155,0.0,0.0,0.05,0.1,0.9,0.6000000000000001,55.0,25.0,55.0,0.05,0.1,0.9,0.6000000000000001,55.0,20.0,45.0,2025,2025,0,2025,0.0,0.8788583255902418,1.0,0.8788583255902418,1261,0.6227160493827161,1.0,1
"iteration_3","SCOPE_DATA_COLLECTION",500,35,2170.0,2230.0,2,3132,2101,649,3200,2043,672,3120,2098,651,1,3,3,3.204101249599487E-4,0.0014278914802475012,0.0045871559633027525,0.32184226167626384,0.8482346469157586,1.5535607255432724,0.6436845233525277,0.8482346469157586,1.0357071503621815,0.12115384615384615,0.5934223069590085,0.695852534562212,97.5,100.0,4208,88,1586,7,0,0,0.0016634980988593155,0.0,0.0,0.05,0.1,0.9,0.6000000000000001,55.0,25.0,55.0,0.05,0.1,0.9,0.6000000000000001,55.0,20.0,45.0,636,635,1,636,0.0015723270440251573,1.6001011293451268,1.5,1.0667340862300845,456,0.7181102362204724,1.0,1
"iteration_3","SCOPE_DATA_COLLECTION",500,36,2230.0,2290.0,0,3074,2025,636,3132,2101,649,3078,2021,639,2,0,1,6.493506493506494E-4,0.0,0.0015625,0.3244082032328819,0.8778874154986156,1.605693324618353,0.6488164064657638,0.8778874154986156,1.0704622164122353,0.13157894736842105,0.6214745175655616,0.7214397496087637,100.0,100.0,4162,100,1473,3,0,0,7.208073041806823E-4,0.0,0.0,0.05,0.1,0.9,0.6000000000000001,55.0,20.0,45.0,0.35000000000000003,0.9,0.8,0.6000000000000001,75.0,40.0,30.0,3160,3157,3,3160,9.493670886075949E-4,0.32861439016114935,0.5,0.6572287803222987,524,0.16598036110231232,1.0,1
"iteration_3","SCOPE_DATA_COLLECTION",500,36,2230.0,2290.0,1,3074,2025,636,3132,2101,649,3078,2021,639,2,0,1,6.493506493506494E-4,0.0,0.0015625,0.3244082032328819,0.8778874154986156,1.605693324618353,0.6488164064657638,0.8778874154986156,1.0704622164122353,0.13157894736842105,0.6214745175655616,0.7214397496087637,100.0,100.0,4162,100,1473,3,0,0,7.208073041806823E-4,0.0,0.0,0.05,0.1,0.9,0.6000000000000001,55.0,20.0,45.0,0.35000000000000003,0.9,0.8,0.6000000000000001,75.0,40.0,30.0,2001,1996,5,2001,0.0024987506246876563,0.8252974842435887,1.0,0.8252974842435887,1156,0.5791583166332666,1.0,1
"iteration_3","SCOPE_DATA_COLLECTION",500,36,2230.0,2290.0,2,3074,2025,636,3132,2101,649,3078,2021,639,2,0,1,6.493506493506494E-4,0.0,0.0015625,0.3244082032328819,0.8778874154986156,1.605693324618353,0.6488164064657638,0.8778874154986156,1.0704622164122353,0.13157894736842105,0.6214745175655616,0.7214397496087637,100.0,100.0,4162,100,1473,3,0,0,7.208073041806823E-4,0.0,0.0,0.05,0.1,0.9,0.6000000000000001,55.0,20.0,45.0,0.35000000000000003,0.9,0.8,0.6000000000000001,75.0,40.0,30.0,687,683,4,687,0.005822416302765648,1.5672673460923927,1.5,1.0448448973949285,473,0.6925329428989752,1.0,1
"iteration_3","SCOPE_DATA_COLLECTION",500,37,2290.0,2350.0,0,3160,2001,687,3074,2025,636,3156,2000,676,3,5,4,9.49667616334283E-4,0.0024937655860349127,0.0058823529411764705,0.32807085069094544,0.8254017955713275,1.5663905218709904,0.6561417013818909,0.8254017955713275,1.0442603479139936,0.1644486692015209,0.581,0.6923076923076923,95.0,100.0,4042,681,1125,11,1,0,0.0027214250371103412,0.0014684287812041115,0.0,0.35000000000000003,0.9,0.8,0.6000000000000001,75.0,40.0,30.0,0.35000000000000003,0.8,0.7000000000000001,0.7000000000000001,65.0,50.0,20.0,3125,3121,4,3125,0.00128,0.32608313721324234,0.5,0.6521662744264847,556,0.1781480294777315,1.0,1
"iteration_3","SCOPE_DATA_COLLECTION",500,37,2290.0,2350.0,1,3160,2001,687,3074,2025,636,3156,2000,676,3,5,4,9.49667616334283E-4,0.0024937655860349127,0.0058823529411764705,0.32807085069094544,0.8254017955713275,1.5663905218709904,0.6561417013818909,0.8254017955713275,1.0442603479139936,0.1644486692015209,0.581,0.6923076923076923,95.0,100.0,4042,681,1125,11,1,0,0.0027214250371103412,0.0014684287812041115,0.0,0.35000000000000003,0.9,0.8,0.6000000000000001,75.0,40.0,30.0,0.35000000000000003,0.8,0.7000000000000001,0.7000000000000001,65.0,50.0,20.0,2118,2118,0,2118,0.0,0.8646455968090636,1.0,0.8646455968090636,1311,0.6189801699716714,1.0,1
"iteration_3","SCOPE_DATA_COLLECTION",500,37,2290.0,2350.0,2,3160,2001,687,3074,2025,636,3156,2000,676,3,5,4,9.49667616334283E-4,0.0024937655860349127,0.0058823529411764705,0.32807085069094544,0.8254017955713275,1.5663905218709904,0.6561417013818909,0.8254017955713275,1.0442603479139936,0.1644486692015209,0.581,0.6923076923076923,95.0,100.0,4042,681,1125,11,1,0,0.0027214250371103412,0.0014684287812041115,0.0,0.35000000000000003,0.9,0.8,0.6000000000000001,75.0,40.0,30.0,0.35000000000000003,0.8,0.7000000000000001,0.7000000000000001,65.0,50.0,20.0,683,679,4,683,0.005856515373352855,1.5187825444897072,1.5,1.0125216963264714,449,0.6612665684830633,1.0,1
"iteration_3","SCOPE_DATA_COLLECTION",500,38,2350.0,2410.0,0,3125,2118,683,3160,2001,687,3119,2128,679,4,0,4,0.001280819724623759,0.0,0.005856515373352855,0.32592718799393944,0.8648363654772324,1.5154701543865678,0.6518543759878789,0.8648363654772324,1.010313436257712,0.17826226354600833,0.618890977443609,0.658321060382916,90.0,100.0,4059,601,1266,8,0,0,0.001970928800197093,0.0,0.0,0.35000000000000003,0.8,0.7000000000000001,0.7000000000000001,65.0,50.0,20.0,0.35000000000000003,0.8,0.6000000000000001,0.8,55.0,50.0,30.0,3157,3154,3,3157,9.502692429521698E-4,0.31749872155187314,0.5,0.6349974431037463,459,0.14552948636651872,1.0,1
"iteration_3","SCOPE_DATA_COLLECTION",500,38,2350.0,2410.0,1,3125,2118,683,3160,2001,687,3119,2128,679,4,0,4,0.001280819724623759,0.0,0.005856515373352855,0.32592718799393944,0.8648363654772324,1.5154701543865678,0.6518543759878789,0.8648363654772324,1.010313436257712,0.17826226354600833,0.618890977443609,0.658321060382916,90.0,100.0,4059,601,1266,8,0,0,0.001970928800197093,0.0,0.0,0.35000000000000003,0.8,0.7000000000000001,0.7000000000000001,65.0,50.0,20.0,0.35000000000000003,0.8,0.6000000000000001,0.8,55.0,50.0,30.0,2117,2112,5,2117,0.0023618327822390174,0.839086109463619,1.0,0.839086109463619,1229,0.5819128787878788,1.0,1
"iteration_3","SCOPE_DATA_COLLECTION",500,38,2350.0,2410.0,2,3125,2118,683,3160,2001,687,3119,2128,679,4,0,4,0.001280819724623759,0.0,0.005856515373352855,0.32592718799393944,0.8648363654772324,1.5154701543865678,0.6518543759878789,0.8648363654772324,1.010313436257712,0.17826226354600833,0.618890977443609,0.658321060382916,90.0,100.0,4059,601,1266,8,0,0,0.001970928800197093,0.0,0.0,0.35000000000000003,0.8,0.7000000000000001,0.7000000000000001,65.0,50.0,20.0,0.35000000000000003,0.8,0.6000000000000001,0.8,55.0,50.0,30.0,702,695,7,702,0.009971509971509971,1.5469129636846133,1.5,1.0312753091230755,474,0.6820143884892086,1.0,1
"iteration_3","SCOPE_DATA_COLLECTION",500,39,2410.0,2470.0,0,3157,2117,702,3125,2118,683,3162,2100,695,3,5,7,9.478672985781991E-4,0.0023752969121140144,0.009971509971509971,0.31793319115412366,0.8403821733989073,1.5514150759889895,0.6358663823082473,0.8403821733989073,1.034276717325993,0.1454775458570525,0.5823809523809523,0.6848920863309352,95.0,100.0,4055,715,1206,14,1,0,0.0034525277435265103,0.0013986013986013986,0.0,0.35000000000000003,0.8,0.6000000000000001,0.8,55.0,50.0,30.0,0.2,0.9,0.8,0.9,50.0,85.0,70.0,3144,3141,3,3144,9.541984732824427E-4,0.3302707428130804,0.5,0.6605414856261608,519,0.16523400191021967,1.0,1
"iteration_3","SCOPE_DATA_COLLECTION",500,39,2410.0,2470.0,1,3157,2117,702,3125,2118,683,3162,2100,695,3,5,7,9.478672985781991E-4,0.0023752969121140144,0.009971509971509971,0.31793319115412366,0.8403821733989073,1.5514150759889895,0.6358663823082473,0.8403821733989073,1.034276717325993,0.1454775458570525,0.5823809523809523,0.6848920863309352,95.0,100.0,4055,715,1206,14,1,0,0.0034525277435265103,0.0013986013986013986,0.0,0.35000000000000003,0.8,0.6000000000000001,0.8,55.0,50.0,30.0,0.2,0.9,0.8,0.9,50.0,85.0,70.0,2061,2058,3,2061,0.001455604075691412,0.8332454069126478,1.0,0.8332454069126478,1226,0.5957240038872692,1.0,1
"iteration_3","SCOPE_DATA_COLLECTION",500,39,2410.0,2470.0,2,3157,2117,702,3125,2118,683,3162,2100,695,3,5,7,9.478672985781991E-4,0.0023752969121140144,0.009971509971509971,0.31793319115412366,0.8403821733989073,1.5514150759889895,0.6358663823082473,0.8403821733989073,1.034276717325993,0.1454775458570525,0.5823809523809523,0.6848920863309352,95.0,100.0,4055,715,1206,14,1,0,0.0034525277435265103,0.0013986013986013986,0.0,0.35000000000000003,0.8,0.6000000000000001,0.8,55.0,50.0,30.0,0.2,0.9,0.8,0.9,50.0,85.0,70.0,663,661,2,663,0.0030165912518853697,1.5409325167695123,1.5,1.027288344513008,446,0.6747352496217852,1.0,1
"iteration_3","SCOPE_DATA_COLLECTION",500,40,2470.0,2530.0,0,3144,2061,663,3157,2117,702,3138,2068,665,3,3,2,9.551098376313276E-4,0.0014485755673587638,0.0029985007496251873,0.3304262832422367,0.8338457782045124,1.5369639856140396,0.6608525664844734,0.8338457782045124,1.0246426570760263,0.165710643722116,0.5967117988394585,0.6721804511278195,90.0,100.0,4080,362,1426,8,0,0,0.00196078431372549,0.0,0.0,0.2,0.9,0.8,0.9,50.0,85.0,70.0,0.6000000000000001,0.30000000000000004,0.30000000000000004,0.2,85.0,60.0,85.0,3072,3071,1,3072,3.255208333333333E-4,0.3383568176079479,0.5,0.6767136352158958,566,0.18430478671442527,1.0,1
"iteration_3","SCOPE_DATA_COLLECTION",500,40,2470.0,2530.0,1,3144,2061,663,3157,2117,702,3138,2068,665,3,3,2,9.551098376313276E-4,0.0014485755673587638,0.0029985007496251873,0.3304262832422367,0.8338457782045124,1.5369639856140396,0.6608525664844734,0.8338457782045124,1.0246426570760263,0.165710643722116,0.5967117988394585,0.6721804511278195,90.0,100.0,4080,362,1426,8,0,0,0.00196078431372549,0.0,0.0,0.2,0.9,0.8,0.9,50.0,85.0,70.0,0.6000000000000001,0.30000000000000004,0.30000000000000004,0.2,85.0,60.0,85.0,2087,2086,1,2087,4.791566842357451E-4,0.8417821135568618,1.0,0.8417821135568618,1264,0.6059443911792906,1.0,1
"iteration_3","SCOPE_DATA_COLLECTION",500,40,2470.0,2530.0,2,3144,2061,663,3157,2117,702,3138,2068,665,3,3,2,9.551098376313276E-4,0.0014485755673587638,0.0029985007496251873,0.3304262832422367,0.8338457782045124,1.5369639856140396,0.6608525664844734,0.8338457782045124,1.0246426570760263,0.165710643722116,0.5967117988394585,0.6721804511278195,90.0,100.0,4080,362,1426,8,0,0,0.00196078431372549,0.0,0.0,0.2,0.9,0.8,0.9,50.0,85.0,70.0,0.6000000000000001,0.30000000000000004,0.30000000000000004,0.2,85.0,60.0,85.0,676,674,2,676,0.0029585798816568047,1.5446074125642275,1.5,1.0297382750428183,466,0.6913946587537092,1.0,1
"iteration_3","SCOPE_DATA_COLLECTION",500,41,2530.0,2590.0,0,3072,2087,676,3144,2061,663,3065,2075,670,1,1,2,3.2615786040443573E-4,4.816955684007707E-4,0.002976190476190476,0.33797630957050734,0.8415261100585213,1.545100122781242,0.6759526191410147,0.8415261100585213,1.030066748520828,0.18270799347471453,0.6048192771084338,0.691044776119403,97.5,100.0,4097,1054,684,4,0,0,9.76324139614352E-4,0.0,0.0,0.6000000000000001,0.30000000000000004,0.30000000000000004,0.2,85.0,60.0,85.0,0.6000000000000001,0.30000000000000004,0.30000000000000004,0.2,85.0,60.0,85.0,3189,3187,2,3189,6.271558482282847E-4,0.3358929102188676,0.5,0.6717858204377352,513,0.16096642610605585,1.0,1
"iteration_3","SCOPE_DATA_COLLECTION",500,41,2530.0,2590.0,1,3072,2087,676,3144,2061,663,3065,2075,670,1,1,2,3.2615786040443573E-4,4.816955684007707E-4,0.002976190476190476,0.33797630957050734,0.8415261100585213,1.545100122781242,0.6759526191410147,0.8415261100585213,1.030066748520828,0.18270799347471453,0.6048192771084338,0.691044776119403,97.5,100.0,4097,1054,684,4,0,0,9.76324139614352E-4,0.0,0.0,0.6000000000000001,0.30000000000000004,0.30000000000000004,0.2,85.0,60.0,85.0,0.6000000000000001,0.30000000000000004,0.30000000000000004,0.2,85.0,60.0,85.0,2022,2022,0,2022,0.0,0.8392749092866731,1.0,0.8392749092866731,1211,0.5989119683481702,1.0,1
"iteration_3","SCOPE_DATA_COLLECTION",500,41,2530.0,2590.0,2,3072,2087,676,3144,2061,663,3065,2075,670,1,1,2,3.2615786040443573E-4,4.816955684007707E-4,0.002976190476190476,0.33797630957050734,0.8415261100585213,1.545100122781242,0.6759526191410147,0.8415261100585213,1.030066748520828,0.18270799347471453,0.6048192771084338,0.691044776119403,97.5,100.0,4097,1054,684,4,0,0,9.76324139614352E-4,0.0,0.0,0.6000000000000001,0.30000000000000004,0.30000000000000004,0.2,85.0,60.0,85.0,0.6000000000000001,0.30000000000000004,0.30000000000000004,0.2,85.0,60.0,85.0,646,646,0,646,0.0,1.5712850702523402,1.5,1.0475233801682269,454,0.7027863777089783,1.0,1
"iteration_3","SCOPE_DATA_COLLECTION",500,42,2590.0,2650.0,0,3189,2022,646,3072,2087,676,3190,2026,649,2,0,0,6.265664160401002E-4,0.0,0.0,0.336393072231988,0.8387481955731937,1.5727782201984148,0.672786144463976,0.8387481955731937,1.0485188134656098,0.1633228840125392,0.5987166831194471,0.7041602465331279,100.0,100.0,4153,1047,657,1,1,0,2.4078979051288225E-4,9.551098376313276E-4,0.0,0.6000000000000001,0.30000000000000004,0.30000000000000004,0.2,85.0,60.0,85.0,0.6000000000000001,0.2,0.4,0.30000000000000004,85.0,70.0,95.0,3229,3227,2,3229,6.193868070610096E-4,0.3297233441223991,0.5,0.6594466882447982,408,0.12643321970870777,1.0,1
"iteration_3","SCOPE_DATA_COLLECTION",500,42,2590.0,2650.0,1,3189,2022,646,3072,2087,676,3190,2026,649,2,0,0,6.265664160401002E-4,0.0,0.0,0.336393072231988,0.8387481955731937,1.5727782201984148,0.672786144463976,0.8387481955731937,1.0485188134656098,0.1633228840125392,0.5987166831194471,0.7041602465331279,100.0,100.0,4153,1047,657,1,1,0,2.4078979051288225E-4,9.551098376313276E-4,0.0,0.6000000000000001,0.30000000000000004,0.30000000000000004,0.2,85.0,60.0,85.0,0.6000000000000001,0.2,0.4,0.30000000000000004,85.0,70.0,95.0,2053,2051,2,2053,9.74184120798831E-4,0.829700319836098,1.0,0.829700319836098,1185,0.5777669429546562,1.0,1
"iteration_3","SCOPE_DATA_COLLECTION",500,42,2590.0,2650.0,2,3189,2022,646,3072,2087,676,3190,2026,649,2,0,0,6.265664160401002E-4,0.0,0.0,0.336393072231988,0.8387481955731937,1.5727782201984148,0.672786144463976,0.8387481955731937,1.0485188134656098,0.1633228840125392,0.5987166831194471,0.7041602465331279,100.0,100.0,4153,1047,657,1,1,0,2.4078979051288225E-4,9.551098376313276E-4,0.0,0.6000000000000001,0.30000000000000004,0.30000000000000004,0.2,85.0,60.0,85.0,0.6000000000000001,0.2,0.4,0.30000000000000004,85.0,70.0,95.0,648,648,0,648,0.0,1.5185217759000547,1.5,1.0123478506000365,434,0.6697530864197531,1.0,1
"iteration_3","SCOPE_DATA_COLLECTION",500,43,2650.0,2710.0,0,3229,2053,648,3189,2022,646,3229,2049,651,2,2,0,6.190034045187249E-4,9.751340809361287E-4,0.0,0.32934571447926875,0.8303248388377665,1.5185333938858587,0.6586914289585375,0.8303248388377665,1.012355595923906,0.12480644162279343,0.577842850170815,0.6697388632872504,90.0,100.0,4198,1040,692,2,2,0,4.764173415912339E-4,0.0019230769230769232,0.0,0.6000000000000001,0.2,0.4,0.30000000000000004,85.0,70.0,95.0,0.6000000000000001,0.2,0.5,0.30000000000000004,95.0,70.0,85.0,3107,3106,1,3107,3.21853878339234E-4,0.31883082069712787,0.5,0.6376616413942557,391,0.1258853831294269,1.0,1
"iteration_3","SCOPE_DATA_COLLECTION",500,43,2650.0,2710.0,1,3229,2053,648,3189,2022,646,3229,2049,651,2,2,0,6.190034045187249E-4,9.751340809361287E-4,0.0,0.32934571447926875,0.8303248388377665,1.5185333938858587,0.6586914289585375,0.8303248388377665,1.012355595923906,0.12480644162279343,0.577842850170815,0.6697388632872504,90.0,100.0,4198,1040,692,2,2,0,4.764173415912339E-4,0.0019230769230769232,0.0,0.6000000000000001,0.2,0.4,0.30000000000000004,85.0,70.0,95.0,0.6000000000000001,0.2,0.5,0.30000000000000004,95.0,70.0,85.0,2101,2099,2,2101,9.519276534983341E-4,0.8251557937481332,1.0,0.8251557937481332,1205,0.5740828966174368,1.0,1
"iteration_3","SCOPE_DATA_COLLECTION",500,43,2650.0,2710.0,2,3229,2053,648,3189,2022,646,3229,2049,651,2,2,0,6.190034045187249E-4,9.751340809361287E-4,0.0,0.32934571447926875,0.8303248388377665,1.5185333938858587,0.6586914289585375,0.8303248388377665,1.012355595923906,0.12480644162279343,0.577842850170815,0.6697388632872504,90.0,100.0,4198,1040,692,2,2,0,4.764173415912339E-4,0.0019230769230769232,0.0,0.6000000000000001,0.2,0.4,0.30000000000000004,85.0,70.0,95.0,0.6000000000000001,0.2,0.5,0.30000000000000004,95.0,70.0,85.0,692,690,2,692,0.002890173410404624,1.5654660299637726,1.5,1.0436440199758483,480,0.6956521739130435,1.0,1
"iteration_3","SCOPE_DATA_COLLECTION",500,44,2710.0,2770.0,0,3107,2101,692,3229,2053,648,3105,2097,687,1,1,2,3.219575016097875E-4,4.7664442326024784E-4,0.002902757619738752,0.31949863869924156,0.8244540544034324,1.5620918797384649,0.6389972773984831,0.8244540544034324,1.04139458649231,0.12818035426731078,0.5746304244158321,0.6943231441048034,95.0,100.0,4062,1113,725,4,0,0,9.847365829640572E-4,0.0,0.0,0.6000000000000001,0.2,0.5,0.30000000000000004,95.0,70.0,85.0,0.5,0.30000000000000004,0.6000000000000001,0.4,95.0,70.0,95.0,3215,3214,1,3215,3.1104199066874026E-4,0.31546698377325183,0.5,0.6309339675465037,410,0.12756689483509645,1.0,1
"iteration_3","SCOPE_DATA_COLLECTION",500,44,2710.0,2770.0,1,3107,2101,692,3229,2053,648,3105,2097,687,1,1,2,3.219575016097875E-4,4.7664442326024784E-4,0.002902757619738752,0.31949863869924156,0.8244540544034324,1.5620918797384649,0.6389972773984831,0.8244540544034324,1.04139458649231,0.12818035426731078,0.5746304244158321,0.6943231441048034,95.0,100.0,4062,1113,725,4,0,0,9.847365829640572E-4,0.0,0.0,0.6000000000000001,0.2,0.5,0.30000000000000004,95.0,70.0,85.0,0.5,0.30000000000000004,0.6000000000000001,0.4,95.0,70.0,95.0,2119,2115,4,2119,0.0018876828692779614,0.8223892985567537,1.0,0.8223892985567537,1217,0.5754137115839244,1.0,1
"iteration_3","SCOPE_DATA_COLLECTION",500,44,2710.0,2770.0,2,3107,2101,692,3229,2053,648,3105,2097,687,1,1,2,3.219575016097875E-4,4.7664442326024784E-4,0.002902757619738752,0.31949863869924156,0.8244540544034324,1.5620918797384649,0.6389972773984831,0.8244540544034324,1.04139458649231,0.12818035426731078,0.5746304244158321,0.6943231441048034,95.0,100.0,4062,1113,725,4,0,0,9.847365829640572E-4,0.0,0.0,0.6000000000000001,0.2,0.5,0.30000000000000004,95.0,70.0,85.0,0.5,0.30000000000000004,0.6000000000000001,0.4,95.0,70.0,95.0,676,674,2,676,0.0029585798816568047,1.5207449575957532,1.5,1.0138299717305022,455,0.6750741839762612,1.0,1
"iteration_3","SCOPE_DATA_COLLECTION",500,45,2770.0,2830.0,0,3215,2119,676,3107,2101,692,3216,2131,669,1,5,2,3.1084861672365556E-4,0.0023408239700374533,0.0029806259314456036,0.3148187200666281,0.8232390394545236,1.5182543026759485,0.6296374401332562,0.8232390394545236,1.012169535117299,0.12624378109452736,0.5757860159549507,0.672645739910314,92.5,100.0,4084,908,1018,7,1,0,0.0017140058765915769,0.0011013215859030838,0.0,0.5,0.30000000000000004,0.6000000000000001,0.4,95.0,70.0,95.0,0.25,0.2,0.9,0.6000000000000001,35.0,55.0,25.0,3160,3157,3,3160,9.493670886075949E-4,0.3186852882912002,0.5,0.6373705765824004,392,0.12416851441241686,1.0,1
"iteration_3","SCOPE_DATA_COLLECTION",500,45,2770.0,2830.0,1,3215,2119,676,3107,2101,692,3216,2131,669,1,5,2,3.1084861672365556E-4,0.0023408239700374533,0.0029806259314456036,0.3148187200666281,0.8232390394545236,1.5182543026759485,0.6296374401332562,0.8232390394545236,1.012169535117299,0.12624378109452736,0.5757860159549507,0.672645739910314,92.5,100.0,4084,908,1018,7,1,0,0.0017140058765915769,0.0011013215859030838,0.0,0.5,0.30000000000000004,0.6000000000000001,0.4,95.0,70.0,95.0,0.25,0.2,0.9,0.6000000000000001,35.0,55.0,25.0,2101,2099,2,2101,9.519276534983341E-4,0.8333240750387045,1.0,0.8333240750387045,1220,0.5812291567413054,1.0,1
"iteration_3","SCOPE_DATA_COLLECTION",500,45,2770.0,2830.0,2,3215,2119,676,3107,2101,692,3216,2131,669,1,5,2,3.1084861672365556E-4,0.0023408239700374533,0.0029806259314456036,0.3148187200666281,0.8232390394545236,1.5182543026759485,0.6296374401332562,0.8232390394545236,1.012169535117299,0.12624378109452736,0.5757860159549507,0.672645739910314,92.5,100.0,4084,908,1018,7,1,0,0.0017140058765915769,0.0011013215859030838,0.0,0.5,0.30000000000000004,0.6000000000000001,0.4,95.0,70.0,95.0,0.25,0.2,0.9,0.6000000000000001,35.0,55.0,25.0,675,673,2,675,0.002962962962962963,1.5621208550471386,1.5,1.0414139033647591,466,0.6924219910846954,1.0,1
"iteration_3","SCOPE_DATA_COLLECTION",500,46,2830.0,2890.0,0,3160,2101,675,3215,2119,676,3158,2098,678,3,2,2,9.490667510281556E-4,9.523809523809524E-4,0.0029411764705882353,0.31890855898938625,0.8334017442757333,1.5658764573362542,0.6378171179787725,0.8334017442757333,1.0439176382241695,0.12507916402786573,0.5815061963775023,0.6946902654867256,85.0,100.0,4132,464,1340,7,0,0,0.0016940948693126815,0.0,0.0,0.25,0.2,0.9,0.6000000000000001,35.0,55.0,25.0,0.15000000000000002,0.1,0.9,0.6000000000000001,45.0,45.0,35.0,3025,3025,0,3025,0.0,0.32406322118725533,0.5,0.6481264423745107,387,0.12793388429752067,1.0,1
"iteration_3","SCOPE_DATA_COLLECTION",500,46,2830.0,2890.0,1,3160,2101,675,3215,2119,676,3158,2098,678,3,2,2,9.490667510281556E-4,9.523809523809524E-4,0.0029411764705882353,0.31890855898938625,0.8334017442757333,1.5658764573362542,0.6378171179787725,0.8334017442757333,1.0439176382241695,0.12507916402786573,0.5815061963775023,0.6946902654867256,85.0,100.0,4132,464,1340,7,0,0,0.0016940948693126815,0.0,0.0,0.25,0.2,0.9,0.6000000000000001,35.0,55.0,25.0,0.15000000000000002,0.1,0.9,0.6000000000000001,45.0,45.0,35.0,2088,2084,4,2088,0.0019157088122605363,0.8630470470664308,1.0,0.8630470470664308,1302,0.6247600767754319,1.0,1
"iteration_3","SCOPE_DATA_COLLECTION",500,46,2830.0,2890.0,2,3160,2101,675,3215,2119,676,3158,2098,678,3,2,2,9.490667510281556E-4,9.523809523809524E-4,0.0029411764705882353,0.31890855898938625,0.8334017442757333,1.5658764573362542,0.6378171179787725,0.8334017442757333,1.0439176382241695,0.12507916402786573,0.5815061963775023,0.6946902654867256,85.0,100.0,4132,464,1340,7,0,0,0.0016940948693126815,0.0,0.0,0.25,0.2,0.9,0.6000000000000001,35.0,55.0,25.0,0.15000000000000002,0.1,0.9,0.6000000000000001,45.0,45.0,35.0,679,678,1,679,0.0014727540500736377,1.5542240547950972,1.5,1.0361493698633981,468,0.6902654867256637,1.0,1
"iteration_3","SCOPE_DATA_COLLECTION",500,47,2890.0,2950.0,0,3025,2088,679,3160,2101,675,3027,2068,669,0,4,1,0.0,0.0019305019305019305,0.0014925373134328358,0.32424191698682603,0.861788204455979,1.5550548021525774,0.6484838339736521,0.861788204455979,1.0367032014350517,0.1275189957053188,0.6237911025145068,0.6920777279521674,97.5,100.0,4138,239,1415,5,0,0,0.001208313194780087,0.0,0.0,0.15000000000000002,0.1,0.9,0.6000000000000001,45.0,45.0,35.0,0.9,0.6000000000000001,0.6000000000000001,0.4,25.0,90.0,80.0,3136,3134,2,3136,6.377551020408163E-4,0.3305398902787286,0.5,0.6610797805574572,502,0.16017868538608807,1.0,1
"iteration_3","SCOPE_DATA_COLLECTION",500,47,2890.0,2950.0,1,3025,2088,679,3160,2101,675,3027,2068,669,0,4,1,0.0,0.0019305019305019305,0.0014925373134328358,0.32424191698682603,0.861788204455979,1.5550548021525774,0.6484838339736521,0.861788204455979,1.0367032014350517,0.1275189957053188,0.6237911025145068,0.6920777279521674,97.5,100.0,4138,239,1415,5,0,0,0.001208313194780087,0.0,0.0,0.15000000000000002,0.1,0.9,0.6000000000000001,45.0,45.0,35.0,0.9,0.6000000000000001,0.6000000000000001,0.4,25.0,90.0,80.0,2132,2130,2,2132,9.380863039399625E-4,0.8302325112000586,1.0,0.8302325112000586,1230,0.5774647887323944,1.0,1
"iteration_3","SCOPE_DATA_COLLECTION",500,47,2890.0,2950.0,2,3025,2088,679,3160,2101,675,3027,2068,669,0,4,1,0.0,0.0019305019305019305,0.0014925373134328358,0.32424191698682603,0.861788204455979,1.5550548021525774,0.6484838339736521,0.861788204455979,1.0367032014350517,0.1275189957053188,0.6237911025145068,0.6920777279521674,97.5,100.0,4138,239,1415,5,0,0,0.001208313194780087,0.0,0.0,0.15000000000000002,0.1,0.9,0.6000000000000001,45.0,45.0,35.0,0.9,0.6000000000000001,0.6000000000000001,0.4,25.0,90.0,80.0,663,658,5,663,0.007541478129713424,1.536127570219434,1.5,1.0240850468129559,445,0.6762917933130699,1.0,1
"iteration_3","SCOPE_DATA_COLLECTION",500,48,2950.0,3010.0,0,3136,2132,663,3025,2088,679,3126,2127,659,2,2,5,6.393861892583121E-4,9.394081728511038E-4,0.007530120481927711,0.3295732272584968,0.8293252265549519,1.531839962350217,0.6591464545169936,0.8293252265549519,1.0212266415668114,0.15674984005118361,0.5778091208274565,0.6737481031866465,100.0,100.0,4036,1717,178,8,1,0,0.0019821605550049554,5.824111822947001E-4,0.0,0.9,0.6000000000000001,0.6000000000000001,0.4,25.0,90.0,80.0,0.9,0.9,0.4,0.1,65.0,45.0,50.0,3156,3155,1,3156,3.168567807351077E-4,0.332206769727514,0.5,0.664413539455028,540,0.17115689381933438,1.0,1
"iteration_3","SCOPE_DATA_COLLECTION",500,48,2950.0,3010.0,1,3136,2132,663,3025,2088,679,3126,2127,659,2,2,5,6.393861892583121E-4,9.394081728511038E-4,0.007530120481927711,0.3295732272584968,0.8293252265549519,1.531839962350217,0.6591464545169936,0.8293252265549519,1.0212266415668114,0.15674984005118361,0.5778091208274565,0.6737481031866465,100.0,100.0,4036,1717,178,8,1,0,0.0019821605550049554,5.824111822947001E-4,0.0,0.9,0.6000000000000001,0.6000000000000001,0.4,25.0,90.0,80.0,0.9,0.9,0.4,0.1,65.0,45.0,50.0,2030,2028,2,2030,9.852216748768472E-4,0.8383706649311065,1.0,0.8383706649311065,1214,0.5986193293885601,1.0,1
"iteration_3","SCOPE_DATA_COLLECTION",500,48,2950.0,3010.0,2,3136,2132,663,3025,2088,679,3126,2127,659,2,2,5,6.393861892583121E-4,9.394081728511038E-4,0.007530120481927711,0.3295732272584968,0.8293252265549519,1.531839962350217,0.6591464545169936,0.8293252265549519,1.0212266415668114,0.15674984005118361,0.5778091208274565,0.6737481031866465,100.0,100.0,4036,1717,178,8,1,0,0.0019821605550049554,5.824111822947001E-4,0.0,0.9,0.6000000000000001,0.6000000000000001,0.4,25.0,90.0,80.0,0.9,0.9,0.4,0.1,65.0,45.0,50.0,683,682,1,683,0.0014641288433382138,1.5307881462485673,1.5,1.0205254308323781,462,0.6774193548387096,1.0,1
"iteration_3","SCOPE_DATA_COLLECTION",500,49,3010.0,3070.0,0,3156,2030,683,3136,2132,663,3156,2035,690,1,2,1,3.167564143173899E-4,9.818360333824251E-4,0.001447178002894356,0.3328232007038563,0.8384271933304448,1.539523298364153,0.6656464014077126,0.8384271933304448,1.026348865576102,0.17427122940430925,0.596068796068796,0.6811594202898551,100.0,100.0,4016,1657,196,4,0,0,9.9601593625498E-4,0.0,0.0,0.9,0.9,0.4,0.1,65.0,45.0,50.0,0.6000000000000001,0.7000000000000001,0.30000000000000004,0.6000000000000001,70.0,25.0,65.0,3064,3063,1,3064,3.2637075718015666E-4,0.3287685238680491,0.5,0.6575370477360982,487,0.15899444988573294,1.0,1
"iteration_3","SCOPE_DATA_COLLECTION",500,49,3010.0,3070.0,1,3156,2030,683,3136,2132,663,3156,2035,690,1,2,1,3.167564143173899E-4,9.818360333824251E-4,0.001447178002894356,0.3328232007038563,0.8384271933304448,1.539523298364153,0.6656464014077126,0.8384271933304448,1.026348865576102,0.17427122940430925,0.596068796068796,0.6811594202898551,100.0,100.0,4016,1657,196,4,0,0,9.9601593625498E-4,0.0,0.0,0.9,0.9,0.4,0.1,65.0,45.0,50.0,0.6000000000000001,0.7000000000000001,0.30000000000000004,0.6000000000000001,70.0,25.0,65.0,2158,2156,2,2158,9.267840593141798E-4,0.8351043276256023,1.0,0.8351043276256023,1284,0.5955473098330241,1.0,1
"iteration_3","SCOPE_DATA_COLLECTION",500,49,3010.0,3070.0,2,3156,2030,683,3136,2132,663,3156,2035,690,1,2,1,3.167564143173899E-4,9.818360333824251E-4,0.001447178002894356,0.3328232007038563,0.8384271933304448,1.539523298364153,0.6656464014077126,0.8384271933304448,1.026348865576102,0.17427122940430925,0.596068796068796,0.6811594202898551,100.0,100.0,4016,1657,196,4,0,0,9.9601593625498E-4,0.0,0.0,0.9,0.9,0.4,0.1,65.0,45.0,50.0,0.6000000000000001,0.7000000000000001,0.30000000000000004,0.6000000000000001,70.0,25.0,65.0,661,657,4,661,0.006051437216338881,1.5136537941436687,1.5,1.0091025294291125,433,0.6590563165905632,1.0,1
"iteration_3","SCOPE_DATA_COLLECTION",500,50,3070.0,3130.0,0,3064,2158,661,3156,2030,683,3065,2163,653,1,2,4,3.2615786040443573E-4,9.237875288683603E-4,0.0060882800608828,0.3289585367653145,0.8367302360499494,1.5056054400290484,0.657917073530629,0.8367302360499494,1.0037369600193655,0.15889070146818923,0.5977808599167822,0.655436447166922,95.0,100.0,4037,1088,758,7,0,0,0.0017339608620262571,0.0,0.0,0.6000000000000001,0.7000000000000001,0.30000000000000004,0.6000000000000001,70.0,25.0,65.0,0.8500000000000001,0.9,0.7000000000000001,0.30000000000000004,85.0,45.0,85.0,3175,3172,3,3175,9.448818897637795E-4,0.32421152497907113,0.5,0.6484230499581423,566,0.17843631778058008,1.0,1
"iteration_3","SCOPE_DATA_COLLECTION",500,50,3070.0,3130.0,1,3064,2158,661,3156,2030,683,3065,2163,653,1,2,4,3.2615786040443573E-4,9.237875288683603E-4,0.0060882800608828,0.3289585367653145,0.8367302360499494,1.5056054400290484,0.657917073530629,0.8367302360499494,1.0037369600193655,0.15889070146818923,0.5977808599167822,0.655436447166922,95.0,100.0,4037,1088,758,7,0,0,0.0017339608620262571,0.0,0.0,0.6000000000000001,0.7000000000000001,0.30000000000000004,0.6000000000000001,70.0,25.0,65.0,0.8500000000000001,0.9,0.7000000000000001,0.30000000000000004,85.0,45.0,85.0,2128,2128,0,2128,0.0,0.8127283239141357,1.0,0.8127283239141357,1191,0.5596804511278195,1.0,1
"iteration_3","SCOPE_DATA_COLLECTION",500,50,3070.0,3130.0,2,3064,2158,661,3156,2030,683,3065,2163,653,1,2,4,3.2615786040443573E-4,9.237875288683603E-4,0.0060882800608828,0.3289585367653145,0.8367302360499494,1.5056054400290484,0.657917073530629,0.8367302360499494,1.0037369600193655,0.15889070146818923,0.5977808599167822,0.655436447166922,95.0,100.0,4037,1088,758,7,0,0,0.0017339608620262571,0.0,0.0,0.6000000000000001,0.7000000000000001,0.30000000000000004,0.6000000000000001,70.0,25.0,65.0,0.8500000000000001,0.9,0.7000000000000001,0.30000000000000004,85.0,45.0,85.0,659,659,0,659,0.0,1.6328095885584688,1.5,1.088539725705646,480,0.7283763277693475,1.0,1
"iteration_3","SCOPE_DATA_COLLECTION",500,51,3130.0,3190.0,0,3175,2128,659,3064,2158,661,3174,2131,667,3,0,0,9.442870632672333E-4,0.0,0.0,0.3242229226925078,0.8128537745254626,1.6361120038520218,0.6484458453850156,0.8128537745254626,1.0907413359013478,0.17926906112161312,0.5598310652275926,0.7301349325337332,82.5,100.0,3927,1721,314,2,1,0,5.092946269416857E-4,5.810575246949448E-4,0.0,0.8500000000000001,0.9,0.7000000000000001,0.30000000000000004,85.0,45.0,85.0,0.65,0.7000000000000001,0.9,0.9,55.0,95.0,25.0,3082,3080,2,3082,6.489292667099286E-4,0.3260664674981826,0.5,0.6521329349963652,471,0.15292207792207793,1.0,1
"iteration_3","SCOPE_DATA_COLLECTION",500,51,3130.0,3190.0,1,3175,2128,659,3064,2158,661,3174,2131,667,3,0,0,9.442870632672333E-4,0.0,0.0,0.3242229226925078,0.8128537745254626,1.6361120038520218,0.6484458453850156,0.8128537745254626,1.0907413359013478,0.17926906112161312,0.5598310652275926,0.7301349325337332,82.5,100.0,3927,1721,314,2,1,0,5.092946269416857E-4,5.810575246949448E-4,0.0,0.8500000000000001,0.9,0.7000000000000001,0.30000000000000004,85.0,45.0,85.0,0.65,0.7000000000000001,0.9,0.9,55.0,95.0,25.0,2138,2136,2,2138,9.354536950420954E-4,0.8547793161300508,1.0,0.8547793161300508,1267,0.5931647940074907,1.0,1
"iteration_3","SCOPE_DATA_COLLECTION",500,51,3130.0,3190.0,2,3175,2128,659,3064,2158,661,3174,2131,667,3,0,0,9.442870632672333E-4,0.0,0.0,0.3242229226925078,0.8128537745254626,1.6361120038520218,0.6484458453850156,0.8128537745254626,1.0907413359013478,0.17926906112161312,0.5598310652275926,0.7301349325337332,82.5,100.0,3927,1721,314,2,1,0,5.092946269416857E-4,5.810575246949448E-4,0.0,0.8500000000000001,0.9,0.7000000000000001,0.30000000000000004,85.0,45.0,85.0,0.65,0.7000000000000001,0.9,0.9,55.0,95.0,25.0,662,660,2,662,0.0030211480362537764,1.5766081419509514,1.5,1.0510720946339676,459,0.6954545454545454,1.0,1
"iteration_3","SCOPE_DATA_COLLECTION",500,52,3190.0,3250.0,0,3082,2138,662,3175,2128,659,3081,2122,659,2,2,2,6.487187804086928E-4,9.416195856873823E-4,0.0030257186081694403,0.32633249067467196,0.8517100360293451,1.5797645148659023,0.6526649813493439,0.8517100360293451,1.053176343243935,0.15319701395650762,0.5918944392082941,0.6965098634294385,100.0,100.0,4073,1162,647,6,0,0,0.0014731156395777069,0.0,0.0,0.65,0.7000000000000001,0.9,0.9,55.0,95.0,25.0,0.9,0.8,0.8,0.30000000000000004,85.0,40.0,50.0,3047,3044,3,3047,9.845749917952085E-4,0.3217068812650324,0.5,0.6434137625300648,417,0.13699080157687255,1.0,1
"iteration_3","SCOPE_DATA_COLLECTION",500,52,3190.0,3250.0,1,3082,2138,662,3175,2128,659,3081,2122,659,2,2,2,6.487187804086928E-4,9.416195856873823E-4,0.0030257186081694403,0.32633249067467196,0.8517100360293451,1.5797645148659023,0.6526649813493439,0.8517100360293451,1.053176343243935,0.15319701395650762,0.5918944392082941,0.6965098634294385,100.0,100.0,4073,1162,647,6,0,0,0.0014731156395777069,0.0,0.0,0.65,0.7000000000000001,0.9,0.9,55.0,95.0,25.0,0.9,0.8,0.8,0.30000000000000004,85.0,40.0,50.0,2085,2083,2,2085,9.592326139088729E-4,0.8495000163424935,1.0,0.8495000163424935,1245,0.5976956313010081,1.0,1
"iteration_3","SCOPE_DATA_COLLECTION",500,52,3190.0,3250.0,2,3082,2138,662,3175,2128,659,3081,2122,659,2,2,2,6.487187804086928E-4,9.416195856873823E-4,0.0030257186081694403,0.32633249067467196,0.8517100360293451,1.5797645148659023,0.6526649813493439,0.8517100360293451,1.053176343243935,0.15319701395650762,0.5918944392082941,0.6965098634294385,100.0,100.0,4073,1162,647,6,0,0,0.0014731156395777069,0.0,0.0,0.65,0.7000000000000001,0.9,0.9,55.0,95.0,25.0,0.9,0.8,0.8,0.30000000000000004,85.0,40.0,50.0,657,655,2,657,0.0030441400304414,1.5202589261198796,1.5,1.0135059507465864,439,0.6702290076335878,1.0,1
"iteration_3","SCOPE_DATA_COLLECTION",500,53,3250.0,3310.0,0,3047,2085,657,3082,2138,662,3043,2092,655,3,2,2,9.84898227183191E-4,9.551098376313276E-4,0.0030441400304414,0.32145462942271297,0.8510692116914051,1.5205653660897291,0.6429092588454259,0.8510692116914051,1.0137102440598194,0.13703581991455802,0.5975143403441683,0.6702290076335878,95.0,100.0,3980,1634,175,6,1,0,0.001507537688442211,6.119951040391676E-4,0.0,0.9,0.8,0.8,0.30000000000000004,85.0,40.0,50.0,0.1,0.2,0.9,0.30000000000000004,55.0,50.0,25.0,3232,3230,2,3232,6.188118811881188E-4,0.3271404085479616,0.5,0.6542808170959232,473,0.14643962848297212,1.0,1
"iteration_3","SCOPE_DATA_COLLECTION",500,53,3250.0,3310.0,1,3047,2085,657,3082,2138,662,3043,2092,655,3,2,2,9.84898227183191E-4,9.551098376313276E-4,0.0030441400304414,0.32145462942271297,0.8510692116914051,1.5205653660897291,0.6429092588454259,0.8510692116914051,1.0137102440598194,0.13703581991455802,0.5975143403441683,0.6702290076335878,95.0,100.0,3980,1634,175,6,1,0,0.001507537688442211,6.119951040391676E-4,0.0,0.9,0.8,0.8,0.30000000000000004,85.0,40.0,50.0,0.1,0.2,0.9,0.30000000000000004,55.0,50.0,25.0,2076,2075,1,2076,4.816955684007707E-4,0.813540587101556,1.0,0.813540587101556,1163,0.5604819277108434,1.0,1
"iteration_3","SCOPE_DATA_COLLECTION",500,53,3250.0,3310.0,2,3047,2085,657,3082,2138,662,3043,2092,655,3,2,2,9.84898227183191E-4,9.551098376313276E-4,0.0030441400304414,0.32145462942271297,0.8510692116914051,1.5205653660897291,0.6429092588454259,0.8510692116914051,1.0137102440598194,0.13703581991455802,0.5975143403441683,0.6702290076335878,95.0,100.0,3980,1634,175,6,1,0,0.001507537688442211,6.119951040391676E-4,0.0,0.9,0.8,0.8,0.30000000000000004,85.0,40.0,50.0,0.1,0.2,0.9,0.30000000000000004,55.0,50.0,25.0,646,644,2,646,0.0030959752321981426,1.596193383775751,1.5,1.0641289225171673,465,0.7220496894409938,1.0,1
"iteration_3","SCOPE_DATA_COLLECTION",500,54,3310.0,3370.0,0,3232,2076,646,3047,2085,657,3227,2078,637,2,1,2,6.193868070610096E-4,4.81000481000481E-4,0.003129890453834116,0.3268426166218032,0.815273046391533,1.5913756501896734,0.6536852332436064,0.815273046391533,1.060917100126449,0.14533622559652928,0.563041385948027,0.7189952904238619,97.5,100.0,4188,180,1586,5,0,0,0.0011938872970391596,0.0,0.0,0.1,0.2,0.9,0.30000000000000004,55.0,50.0,25.0,0.05,0.1,0.8,0.30000000000000004,55.0,50.0,25.0,3164,3164,0,3164,0.0,0.3066200171342921,0.5,0.6132400342685842,360,0.11378002528445007,1.0,1
"iteration_3","SCOPE_DATA_COLLECTION",500,54,3310.0,3370.0,1,3232,2076,646,3047,2085,657,3227,2078,637,2,1,2,6.193868070610096E-4,4.81000481000481E-4,0.003129890453834116,0.3268426166218032,0.815273046391533,1.5913756501896734,0.6536852332436064,0.815273046391533,1.060917100126449,0.14533622559652928,0.563041385948027,0.7189952904238619,97.5,100.0,4188,180,1586,5,0,0,0.0011938872970391596,0.0,0.0,0.1,0.2,0.9,0.30000000000000004,55.0,50.0,25.0,0.05,0.1,0.8,0.30000000000000004,55.0,50.0,25.0,2056,2056,0,2056,0.0,0.8302201169568681,1.0,0.8302201169568681,1195,0.5812256809338522,1.0,1
"iteration_3","SCOPE_DATA_COLLECTION",500,54,3310.0,3370.0,2,3232,2076,646,3047,2085,657,3227,2078,637,2,1,2,6.193868070610096E-4,4.81000481000481E-4,0.003129890453834116,0.3268426166218032,0.815273046391533,1.5913756501896734,0.6536852332436064,0.815273046391533,1.060917100126449,0.14533622559652928,0.563041385948027,0.7189952904238619,97.5,100.0,4188,180,1586,5,0,0,0.0011938872970391596,0.0,0.0,0.1,0.2,0.9,0.30000000000000004,55.0,50.0,25.0,0.05,0.1,0.8,0.30000000000000004,55.0,50.0,25.0,716,715,1,716,0.0013966480446927375,1.5706934563969839,1.5,1.0471289709313225,504,0.7048951048951049,1.0,1
"iteration_3","SCOPE_DATA_COLLECTION",500,55,3370.0,3430.0,0,3164,2056,716,3232,2076,646,3166,2049,710,0,0,1,0.0,0.0,0.0014064697609001407,0.3071462368661859,0.8324067856739192,1.5646132486676065,0.6142924737323718,0.8324067856739192,1.0430754991117377,0.11339229311433986,0.5822352367008297,0.7028169014084507,100.0,100.0,4084,103,1749,1,0,0,2.448579823702253E-4,0.0,0.0,0.05,0.1,0.8,0.30000000000000004,55.0,50.0,25.0,0.75,0.9,0.5,0.2,45.0,50.0,25.0,3308,3306,2,3308,6.045949214026602E-4,0.32418452172019524,0.5,0.6483690434403905,535,0.161826981246219,1.0,1
"iteration_3","SCOPE_DATA_COLLECTION",500,55,3370.0,3430.0,1,3164,2056,716,3232,2076,646,3166,2049,710,0,0,1,0.0,0.0,0.0014064697609001407,0.3071462368661859,0.8324067856739192,1.5646132486676065,0.6142924737323718,0.8324067856739192,1.0430754991117377,0.11339229311433986,0.5822352367008297,0.7028169014084507,100.0,100.0,4084,103,1749,1,0,0,2.448579823702253E-4,0.0,0.0,0.05,0.1,0.8,0.30000000000000004,55.0,50.0,25.0,0.75,0.9,0.5,0.2,45.0,50.0,25.0,2057,2055,2,2057,9.722897423432182E-4,0.8291232647489621,1.0,0.8291232647489621,1206,0.5868613138686132,1.0,1
"iteration_3","SCOPE_DATA_COLLECTION",500,55,3370.0,3430.0,2,3164,2056,716,3232,2076,646,3166,2049,710,0,0,1,0.0,0.0,0.0014064697609001407,0.3071462368661859,0.8324067856739192,1.5646132486676065,0.6142924737323718,0.8324067856739192,1.0430754991117377,0.11339229311433986,0.5822352367008297,0.7028169014084507,100.0,100.0,4084,103,1749,1,0,0,2.448579823702253E-4,0.0,0.0,0.05,0.1,0.8,0.30000000000000004,55.0,50.0,25.0,0.75,0.9,0.5,0.2,45.0,50.0,25.0,703,703,0,703,0.0,1.5111298406572518,1.5,1.007419893771501,467,0.6642958748221907,1.0,1
"iteration_3","SCOPE_DATA_COLLECTION",500,56,3430.0,3490.0,0,3308,2057,703,3164,2056,716,3304,2059,714,2,2,0,6.049606775559589E-4,9.704027171276079E-4,0.0,0.3237569983163923,0.8252464558780354,1.5208288323504817,0.6475139966327846,0.8252464558780354,1.0138858882336546,0.162227602905569,0.583778533268577,0.6694677871148459,90.0,100.0,4076,1510,482,3,1,0,7.360157016683023E-4,6.622516556291391E-4,0.0,0.75,0.9,0.5,0.2,45.0,50.0,25.0,0.75,0.9,0.4,0.2,55.0,60.0,25.0,3168,3167,1,3168,3.156565656565657E-4,0.3131959617378402,0.5,0.6263919234756804,417,0.13167035048942216,1.0,1
"iteration_3","SCOPE_DATA_COLLECTION",500,56,3430.0,3490.0,1,3308,2057,703,3164,2056,716,3304,2059,714,2,2,0,6.049606775559589E-4,9.704027171276079E-4,0.0,0.3237569983163923,0.8252464558780354,1.5208288323504817,0.6475139966327846,0.8252464558780354,1.0138858882336546,0.162227602905569,0.583778533268577,0.6694677871148459,90.0,100.0,4076,1510,482,3,1,0,7.360157016683023E-4,6.622516556291391E-4,0.0,0.75,0.9,0.5,0.2,45.0,50.0,25.0,0.75,0.9,0.4,0.2,55.0,60.0,25.0,1989,1989,0,1989,0.0,0.8169737771891679,1.0,0.8169737771891679,1124,0.5651080945198592,1.0,1
"iteration_3","SCOPE_DATA_COLLECTION",500,56,3430.0,3490.0,2,3308,2057,703,3164,2056,716,3304,2059,714,2,2,0,6.049606775559589E-4,9.704027171276079E-4,0.0,0.3237569983163923,0.8252464558780354,1.5208288323504817,0.6475139966327846,0.8252464558780354,1.0138858882336546,0.162227602905569,0.583778533268577,0.6694677871148459,90.0,100.0,4076,1510,482,3,1,0,7.360157016683023E-4,6.622516556291391E-4,0.0,0.75,0.9,0.5,0.2,45.0,50.0,25.0,0.75,0.9,0.4,0.2,55.0,60.0,25.0,706,705,1,706,0.00141643059490085,1.4765428511607952,1.5,0.9843619007738634,460,0.6524822695035462,1.0,1
"iteration_3","SCOPE_DATA_COLLECTION",500,57,3490.0,3550.0,0,3168,1989,706,3308,2057,703,3175,1982,707,1,0,1,3.1486146095717883E-4,0.0,0.0014124293785310734,0.31349111180105255,0.8175920047017736,1.4822078382499824,0.6269822236021051,0.8175920047017736,0.9881385588333216,0.13165354330708662,0.5676084762865792,0.6548797736916548,100.0,100.0,3950,1434,479,2,0,0,5.063291139240507E-4,0.0,0.0,0.75,0.9,0.4,0.2,55.0,60.0,25.0,0.8500000000000001,0.9,0.4,0.30000000000000004,65.0,70.0,35.0,3150,3150,0,3150,0.0,0.32294373911074925,0.5,0.6458874782214985,480,0.1523809523809524,1.0,1
"iteration_3","SCOPE_DATA_COLLECTION",500,57,3490.0,3550.0,1,3168,1989,706,3308,2057,703,3175,1982,707,1,0,1,3.1486146095717883E-4,0.0,0.0014124293785310734,0.31349111180105255,0.8175920047017736,1.4822078382499824,0.6269822236021051,0.8175920047017736,0.9881385588333216,0.13165354330708662,0.5676084762865792,0.6548797736916548,100.0,100.0,3950,1434,479,2,0,0,5.063291139240507E-4,0.0,0.0,0.75,0.9,0.4,0.2,55.0,60.0,25.0,0.8500000000000001,0.9,0.4,0.30000000000000004,65.0,70.0,35.0,2107,2105,2,2107,9.492168960607499E-4,0.8066107055404369,1.0,0.8066107055404369,1222,0.580522565320665,1.0,1
"iteration_3","SCOPE_DATA_COLLECTION",500,57,3490.0,3550.0,2,3168,1989,706,3308,2057,703,3175,1982,707,1,0,1,3.1486146095717883E-4,0.0,0.0014124293785310734,0.31349111180105255,0.8175920047017736,1.4822078382499824,0.6269822236021051,0.8175920047017736,0.9881385588333216,0.13165354330708662,0.5676084762865792,0.6548797736916548,100.0,100.0,3950,1434,479,2,0,0,5.063291139240507E-4,0.0,0.0,0.75,0.9,0.4,0.2,55.0,60.0,25.0,0.8500000000000001,0.9,0.4,0.30000000000000004,65.0,70.0,35.0,664,663,1,664,0.0015060240963855422,1.5738344057165659,1.5,1.0492229371443773,464,0.6998491704374057,1.0,1
"iteration_3","SCOPE_DATA_COLLECTION",500,58,3550.0,3617.22043350348,0,3150,2107,664,3168,1989,706,3142,2103,659,0,2,1,0.0,9.501187648456057E-4,0.0015151515151515152,0.3230913900767901,0.8070507829283803,1.5732892067971769,0.6461827801535802,0.8070507829283803,1.0488594711981178,0.1524506683640993,0.5782215882073228,0.6995447647951442,100.0,100.0,3992,1642,287,2,1,0,5.01002004008016E-4,6.090133982947625E-4,0.0,0.8500000000000001,0.9,0.4,0.30000000000000004,65.0,70.0,35.0,0.75,0.8,0.4,0.4,75.0,80.0,35.0,2542,2527,2,2529,7.908264136022143E-4,0.3298568745160885,0.5,0.659713749032177,390,0.15433320142461418,0.9948859166011015,0
"iteration_3","SCOPE_DATA_COLLECTION",500,58,3550.0,3617.22043350348,1,3150,2107,664,3168,1989,706,3142,2103,659,0,2,1,0.0,9.501187648456057E-4,0.0015151515151515152,0.3230913900767901,0.8070507829283803,1.5732892067971769,0.6461827801535802,0.8070507829283803,1.0488594711981178,0.1524506683640993,0.5782215882073228,0.6995447647951442,100.0,100.0,3992,1642,287,2,1,0,5.01002004008016E-4,6.090133982947625E-4,0.0,0.8500000000000001,0.9,0.4,0.30000000000000004,65.0,70.0,35.0,0.75,0.8,0.4,0.4,75.0,80.0,35.0,1630,1600,2,1602,0.0012484394506866417,0.8383776657400739,1.0,0.8383776657400739,970,0.60625,0.9828220858895705,0
"iteration_3","SCOPE_DATA_COLLECTION",500,58,3550.0,3617.22043350348,2,3150,2107,664,3168,1989,706,3142,2103,659,0,2,1,0.0,9.501187648456057E-4,0.0015151515151515152,0.3230913900767901,0.8070507829283803,1.5732892067971769,0.6461827801535802,0.8070507829283803,1.0488594711981178,0.1524506683640993,0.5782215882073228,0.6995447647951442,100.0,100.0,3992,1642,287,2,1,0,5.01002004008016E-4,6.090133982947625E-4,0.0,0.8500000000000001,0.9,0.4,0.30000000000000004,65.0,70.0,35.0,0.75,0.8,0.4,0.4,75.0,80.0,35.0,560,529,1,530,0.0018867924528301887,1.5823960268095694,1.5,1.0549306845397128,372,0.7032136105860114,0.9464285714285714,0
"iteration_3","SCOPE_DATA_COLLECTION",600,0,70.0,130.0,0,3250,2157,818,0,0,0,3235,2112,790,2,7,5,6.178560395427865E-4,0.0033034450212364322,0.006289308176100629,0.3235923876679482,0.781630920212064,1.3835742100389432,0.6471847753358964,0.781630920212064,0.9223828066926288,0.18608964451313756,0.5340909090909091,0.5886075949367089,100.0,100.0,3914,1363,948,13,1,0,0.003321410321921308,7.336757153338225E-4,0.0,0.6,0.5,0.7,0.4,85.0,80.0,90.0,0.6,0.5,0.7,0.4,85.0,80.0,90.0,3622,3617,5,3622,0.0013804527885146328,0.3265558174041474,0.5,0.6531116348082948,810,0.22394249377937517,1.0,1
"iteration_3","SCOPE_DATA_COLLECTION",600,0,70.0,130.0,1,3250,2157,818,0,0,0,3235,2112,790,2,7,5,6.178560395427865E-4,0.0033034450212364322,0.006289308176100629,0.3235923876679482,0.781630920212064,1.3835742100389432,0.6471847753358964,0.781630920212064,0.9223828066926288,0.18608964451313756,0.5340909090909091,0.5886075949367089,100.0,100.0,3914,1363,948,13,1,0,0.003321410321921308,7.336757153338225E-4,0.0,0.6,0.5,0.7,0.4,85.0,80.0,90.0,0.6,0.5,0.7,0.4,85.0,80.0,90.0,2426,2425,1,2426,4.1220115416323167E-4,0.7712475370227271,1.0,0.7712475370227271,1273,0.5249484536082474,1.0,1
"iteration_3","SCOPE_DATA_COLLECTION",600,0,70.0,130.0,2,3250,2157,818,0,0,0,3235,2112,790,2,7,5,6.178560395427865E-4,0.0033034450212364322,0.006289308176100629,0.3235923876679482,0.781630920212064,1.3835742100389432,0.6471847753358964,0.781630920212064,0.9223828066926288,0.18608964451313756,0.5340909090909091,0.5886075949367089,100.0,100.0,3914,1363,948,13,1,0,0.003321410321921308,7.336757153338225E-4,0.0,0.6,0.5,0.7,0.4,85.0,80.0,90.0,0.6,0.5,0.7,0.4,85.0,80.0,90.0,919,916,3,919,0.003264417845484222,1.3919438237682897,1.5,0.9279625491788598,538,0.5873362445414847,1.0,1
"iteration_3","SCOPE_DATA_COLLECTION",600,1,130.0,190.0,0,3622,2426,919,3250,2157,818,3616,2431,912,5,1,3,0.0013808340237503453,4.1118421052631577E-4,0.003278688524590164,0.32640312365230334,0.7711492573537515,1.3853499768499937,0.6528062473046067,0.7711492573537515,0.9235666512333292,0.22400442477876106,0.5261209378856437,0.5844298245614035,95.0,100.0,4170,1681,1116,9,0,0,0.002158273381294964,0.0,0.0,0.6,0.5,0.7,0.4,85.0,80.0,90.0,0.6000000000000001,0.5,0.7000000000000001,0.30000000000000004,75.0,90.0,95.0,3550,3549,1,3550,2.8169014084507044E-4,0.31748561425113975,0.5,0.6349712285022795,702,0.1978021978021978,1.0,1
"iteration_3","SCOPE_DATA_COLLECTION",600,1,130.0,190.0,1,3622,2426,919,3250,2157,818,3616,2431,912,5,1,3,0.0013808340237503453,4.1118421052631577E-4,0.003278688524590164,0.32640312365230334,0.7711492573537515,1.3853499768499937,0.6528062473046067,0.7711492573537515,0.9235666512333292,0.22400442477876106,0.5261209378856437,0.5844298245614035,95.0,100.0,4170,1681,1116,9,0,0,0.002158273381294964,0.0,0.0,0.6,0.5,0.7,0.4,85.0,80.0,90.0,0.6000000000000001,0.5,0.7000000000000001,0.30000000000000004,75.0,90.0,95.0,2321,2318,3,2321,0.0012925463162429987,0.7744167409159937,1.0,0.7744167409159937,1195,0.5155306298533219,1.0,1
"iteration_3","SCOPE_DATA_COLLECTION",600,1,130.0,190.0,2,3622,2426,919,3250,2157,818,3616,2431,912,5,1,3,0.0013808340237503453,4.1118421052631577E-4,0.003278688524590164,0.32640312365230334,0.7711492573537515,1.3853499768499937,0.6528062473046067,0.7711492573537515,0.9235666512333292,0.22400442477876106,0.5261209378856437,0.5844298245614035,95.0,100.0,4170,1681,1116,9,0,0,0.002158273381294964,0.0,0.0,0.6,0.5,0.7,0.4,85.0,80.0,90.0,0.6000000000000001,0.5,0.7000000000000001,0.30000000000000004,75.0,90.0,95.0,889,888,1,889,0.0011248593925759281,1.3967351617003694,1.5,0.9311567744669129,529,0.5957207207207207,1.0,1
"iteration_3","SCOPE_DATA_COLLECTION",600,2,190.0,250.0,0,3550,2321,889,3622,2426,919,3552,2322,891,1,3,1,2.8145229383619476E-4,0.0012903225806451613,0.0011210762331838565,0.3176916828883697,0.7768762220960251,1.3957706851684535,0.6353833657767394,0.7768762220960251,0.9305137901123023,0.19876126126126126,0.5150732127476314,0.5937149270482603,100.0,100.0,4082,1607,1071,4,1,0,9.799118079372856E-4,6.222775357809583E-4,0.0,0.6000000000000001,0.5,0.7000000000000001,0.30000000000000004,75.0,90.0,95.0,0.5,0.5,0.8,0.30000000000000004,65.0,90.0,85.0,3506,3504,2,3506,5.704506560182544E-4,0.3152154505620989,0.5,0.6304309011241978,702,0.20034246575342465,1.0,1
"iteration_3","SCOPE_DATA_COLLECTION",600,2,190.0,250.0,1,3550,2321,889,3622,2426,919,3552,2322,891,1,3,1,2.8145229383619476E-4,0.0012903225806451613,0.0011210762331838565,0.3176916828883697,0.7768762220960251,1.3957706851684535,0.6353833657767394,0.7768762220960251,0.9305137901123023,0.19876126126126126,0.5150732127476314,0.5937149270482603,100.0,100.0,4082,1607,1071,4,1,0,9.799118079372856E-4,6.222775357809583E-4,0.0,0.6000000000000001,0.5,0.7000000000000001,0.30000000000000004,75.0,90.0,95.0,0.5,0.5,0.8,0.30000000000000004,65.0,90.0,85.0,2468,2465,3,2468,0.0012155591572123178,0.7709547131202947,1.0,0.7709547131202947,1280,0.5192697768762677,1.0,1
"iteration_3","SCOPE_DATA_COLLECTION",600,2,190.0,250.0,2,3550,2321,889,3622,2426,919,3552,2322,891,1,3,1,2.8145229383619476E-4,0.0012903225806451613,0.0011210762331838565,0.3176916828883697,0.7768762220960251,1.3957706851684535,0.6353833657767394,0.7768762220960251,0.9305137901123023,0.19876126126126126,0.5150732127476314,0.5937149270482603,100.0,100.0,4082,1607,1071,4,1,0,9.799118079372856E-4,6.222775357809583E-4,0.0,0.6000000000000001,0.5,0.7000000000000001,0.30000000000000004,75.0,90.0,95.0,0.5,0.5,0.8,0.30000000000000004,65.0,90.0,85.0,864,861,3,864,0.003472222222222222,1.4153184093392706,1.5,0.9435456062261803,520,0.6039488966318235,1.0,1
"iteration_3","SCOPE_DATA_COLLECTION",600,3,250.0,310.0,0,3506,2468,864,3550,2321,889,3500,2463,856,2,3,3,5.711022272986865E-4,0.0012165450121654502,0.0034924330616996507,0.31539384361037764,0.7698347929548659,1.4123092366792398,0.6307876872207553,0.7698347929548659,0.9415394911194932,0.20085714285714285,0.5188794153471377,0.6039719626168224,97.5,100.0,4059,1420,1359,8,0,0,0.001970928800197093,0.0,0.0,0.5,0.5,0.8,0.30000000000000004,65.0,90.0,85.0,0.4,0.2,0.1,0.30000000000000004,30.0,70.0,55.0,3647,3646,1,3647,2.7419797093501506E-4,0.31587937187484955,0.5,0.6317587437496991,732,0.20076796489303347,1.0,1
"iteration_3","SCOPE_DATA_COLLECTION",600,3,250.0,310.0,1,3506,2468,864,3550,2321,889,3500,2463,856,2,3,3,5.711022272986865E-4,0.0012165450121654502,0.0034924330616996507,0.31539384361037764,0.7698347929548659,1.4123092366792398,0.6307876872207553,0.7698347929548659,0.9415394911194932,0.20085714285714285,0.5188794153471377,0.6039719626168224,97.5,100.0,4059,1420,1359,8,0,0,0.001970928800197093,0.0,0.0,0.5,0.5,0.8,0.30000000000000004,65.0,90.0,85.0,0.4,0.2,0.1,0.30000000000000004,30.0,70.0,55.0,2411,2409,2,2411,8.295313148071339E-4,0.761174385173354,1.0,0.761174385173354,1293,0.5367372353673724,1.0,1
"iteration_3","SCOPE_DATA_COLLECTION",600,3,250.0,310.0,2,3506,2468,864,3550,2321,889,3500,2463,856,2,3,3,5.711022272986865E-4,0.0012165450121654502,0.0034924330616996507,0.31539384361037764,0.7698347929548659,1.4123092366792398,0.6307876872207553,0.7698347929548659,0.9415394911194932,0.20085714285714285,0.5188794153471377,0.6039719626168224,97.5,100.0,4059,1420,1359,8,0,0,0.001970928800197093,0.0,0.0,0.5,0.5,0.8,0.30000000000000004,65.0,90.0,85.0,0.4,0.2,0.1,0.30000000000000004,30.0,70.0,55.0,911,906,5,911,0.005488474204171241,1.4434086400969384,1.5,0.9622724267312922,569,0.6280353200883002,1.0,1
"iteration_3","SCOPE_DATA_COLLECTION",600,4,310.0,370.0,0,3647,2411,911,3506,2468,864,3644,2400,908,1,2,5,2.7434842249657066E-4,8.326394671107411E-4,0.00547645125958379,0.3155283999686195,0.7609109255523241,1.4479558371224215,0.631056799937239,0.7609109255523241,0.9653038914149477,0.19950603732162459,0.5370833333333334,0.6299559471365639,100.0,100.0,4224,1068,1677,8,0,0,0.001893939393939394,0.0,0.0,0.4,0.2,0.1,0.30000000000000004,30.0,70.0,55.0,0.4,0.1,0.1,0.30000000000000004,20.0,80.0,45.0,3634,3633,1,3634,2.75178866263071E-4,0.33307171841596134,0.5,0.6661434368319227,813,0.22378199834847234,1.0,1
"iteration_3","SCOPE_DATA_COLLECTION",600,4,310.0,370.0,1,3647,2411,911,3506,2468,864,3644,2400,908,1,2,5,2.7434842249657066E-4,8.326394671107411E-4,0.00547645125958379,0.3155283999686195,0.7609109255523241,1.4479558371224215,0.631056799937239,0.7609109255523241,0.9653038914149477,0.19950603732162459,0.5370833333333334,0.6299559471365639,100.0,100.0,4224,1068,1677,8,0,0,0.001893939393939394,0.0,0.0,0.4,0.2,0.1,0.30000000000000004,30.0,70.0,55.0,0.4,0.1,0.1,0.30000000000000004,20.0,80.0,45.0,2443,2442,1,2443,4.0933278755628325E-4,0.8106521915593656,1.0,0.8106521915593656,1393,0.5704340704340705,1.0,1
"iteration_3","SCOPE_DATA_COLLECTION",600,4,310.0,370.0,2,3647,2411,911,3506,2468,864,3644,2400,908,1,2,5,2.7434842249657066E-4,8.326394671107411E-4,0.00547645125958379,0.3155283999686195,0.7609109255523241,1.4479558371224215,0.631056799937239,0.7609109255523241,0.9653038914149477,0.19950603732162459,0.5370833333333334,0.6299559471365639,100.0,100.0,4224,1068,1677,8,0,0,0.001893939393939394,0.0,0.0,0.4,0.2,0.1,0.30000000000000004,30.0,70.0,55.0,0.4,0.1,0.1,0.30000000000000004,20.0,80.0,45.0,886,885,1,886,0.001128668171557562,1.4079371277611938,1.5,0.9386247518407959,545,0.615819209039548,1.0,1
"iteration_3","SCOPE_DATA_COLLECTION",600,5,370.0,430.0,0,3634,2443,886,3647,2411,911,3631,2443,892,0,1,1,0.0,4.091653027823241E-4,0.0011198208286674132,0.33284559521342344,0.8112566427248395,1.4178242202227738,0.6656911904268469,0.8112566427248395,0.9452161468151825,0.22390526025888186,0.5710192386410151,0.6199551569506726,95.0,100.0,4413,994,1556,2,0,0,4.5320643553138455E-4,0.0,0.0,0.4,0.1,0.1,0.30000000000000004,20.0,80.0,45.0,0.4,0.1,0.1,0.30000000000000004,20.0,80.0,45.0,3577,3574,3,3577,8.386916410399776E-4,0.3294663102288956,0.5,0.6589326204577912,740,0.20705092333519864,1.0,1
"iteration_3","SCOPE_DATA_COLLECTION",600,5,370.0,430.0,1,3634,2443,886,3647,2411,911,3631,2443,892,0,1,1,0.0,4.091653027823241E-4,0.0011198208286674132,0.33284559521342344,0.8112566427248395,1.4178242202227738,0.6656911904268469,0.8112566427248395,0.9452161468151825,0.22390526025888186,0.5710192386410151,0.6199551569506726,95.0,100.0,4413,994,1556,2,0,0,4.5320643553138455E-4,0.0,0.0,0.4,0.1,0.1,0.30000000000000004,20.0,80.0,45.0,0.4,0.1,0.1,0.30000000000000004,20.0,80.0,45.0,2358,2357,1,2358,4.2408821034775233E-4,0.8166073988336414,1.0,0.8166073988336414,1371,0.5816716164616037,1.0,1
"iteration_3","SCOPE_DATA_COLLECTION",600,5,370.0,430.0,2,3634,2443,886,3647,2411,911,3631,2443,892,0,1,1,0.0,4.091653027823241E-4,0.0011198208286674132,0.33284559521342344,0.8112566427248395,1.4178242202227738,0.6656911904268469,0.8112566427248395,0.9452161468151825,0.22390526025888186,0.5710192386410151,0.6199551569506726,95.0,100.0,4413,994,1556,2,0,0,4.5320643553138455E-4,0.0,0.0,0.4,0.1,0.1,0.30000000000000004,20.0,80.0,45.0,0.4,0.1,0.1,0.30000000000000004,20.0,80.0,45.0,881,876,5,881,0.0056753688989784334,1.4852569268569922,1.5,0.9901712845713281,570,0.6506849315068494,1.0,1
"iteration_3","SCOPE_DATA_COLLECTION",600,6,430.0,490.0,0,3577,2358,881,3634,2443,886,3581,2362,876,4,1,5,0.0011157601115760112,4.2319085907744394E-4,0.0056753688989784334,0.3300364775821222,0.8155993518370344,1.4772456384361599,0.6600729551642444,0.8155993518370344,0.9848304256241066,0.20832169784976265,0.5795935647756139,0.6472602739726028,95.0,100.0,4362,974,1480,9,1,0,0.0020632737276478678,0.001026694045174538,0.0,0.4,0.1,0.1,0.30000000000000004,20.0,80.0,45.0,0.4,0.1,0.1,0.30000000000000004,20.0,80.0,35.0,3632,3628,4,3632,0.0011013215859030838,0.3400824935045745,0.5,0.680164987009149,846,0.23318632855567806,1.0,1
"iteration_3","SCOPE_DATA_COLLECTION",600,6,430.0,490.0,1,3577,2358,881,3634,2443,886,3581,2362,876,4,1,5,0.0011157601115760112,4.2319085907744394E-4,0.0056753688989784334,0.3300364775821222,0.8155993518370344,1.4772456384361599,0.6600729551642444,0.8155993518370344,0.9848304256241066,0.20832169784976265,0.5795935647756139,0.6472602739726028,95.0,100.0,4362,974,1480,9,1,0,0.0020632737276478678,0.001026694045174538,0.0,0.4,0.1,0.1,0.30000000000000004,20.0,80.0,45.0,0.4,0.1,0.1,0.30000000000000004,20.0,80.0,35.0,2477,2476,1,2477,4.037141703673799E-4,0.8070793847173083,1.0,0.8070793847173083,1410,0.5694668820678513,1.0,1
"iteration_3","SCOPE_DATA_COLLECTION",600,6,430.0,490.0,2,3577,2358,881,3634,2443,886,3581,2362,876,4,1,5,0.0011157601115760112,4.2319085907744394E-4,0.0056753688989784334,0.3300364775821222,0.8155993518370344,1.4772456384361599,0.6600729551642444,0.8155993518370344,0.9848304256241066,0.20832169784976265,0.5795935647756139,0.6472602739726028,95.0,100.0,4362,974,1480,9,1,0,0.0020632737276478678,0.001026694045174538,0.0,0.4,0.1,0.1,0.30000000000000004,20.0,80.0,45.0,0.4,0.1,0.1,0.30000000000000004,20.0,80.0,35.0,885,882,3,885,0.003389830508474576,1.4907372517939212,1.5,0.9938248345292808,574,0.6507936507936508,1.0,1
"iteration_3","SCOPE_DATA_COLLECTION",600,7,490.0,550.0,0,3632,2477,885,3577,2358,881,3599,2471,887,4,1,3,0.0011101859561476548,4.045307443365696E-4,0.0033707865168539327,0.3379809024111485,0.8051856642502854,1.4958177715444252,0.675961804822297,0.8051856642502854,0.9972118476962835,0.22923034176160045,0.5677863213273978,0.6527621195039459,100.0,100.0,4492,1010,1492,8,0,0,0.0017809439002671415,0.0,0.0,0.4,0.1,0.1,0.30000000000000004,20.0,80.0,35.0,0.4,0.1,0.1,0.30000000000000004,20.0,80.0,35.0,3593,3590,3,3593,8.349568605622043E-4,0.3229122720891975,0.5,0.645824544178395,685,0.19080779944289694,1.0,1
"iteration_3","SCOPE_DATA_COLLECTION",600,7,490.0,550.0,1,3632,2477,885,3577,2358,881,3599,2471,887,4,1,3,0.0011101859561476548,4.045307443365696E-4,0.0033707865168539327,0.3379809024111485,0.8051856642502854,1.4958177715444252,0.675961804822297,0.8051856642502854,0.9972118476962835,0.22923034176160045,0.5677863213273978,0.6527621195039459,100.0,100.0,4492,1010,1492,8,0,0,0.0017809439002671415,0.0,0.0,0.4,0.1,0.1,0.30000000000000004,20.0,80.0,35.0,0.4,0.1,0.1,0.30000000000000004,20.0,80.0,35.0,2283,2282,1,2283,4.380201489268506E-4,0.8075844524356672,1.0,0.8075844524356672,1304,0.5714285714285714,1.0,1
"iteration_3","SCOPE_DATA_COLLECTION",600,7,490.0,550.0,2,3632,2477,885,3577,2358,881,3599,2471,887,4,1,3,0.0011101859561476548,4.045307443365696E-4,0.0033707865168539327,0.3379809024111485,0.8051856642502854,1.4958177715444252,0.675961804822297,0.8051856642502854,0.9972118476962835,0.22923034176160045,0.5677863213273978,0.6527621195039459,100.0,100.0,4492,1010,1492,8,0,0,0.0017809439002671415,0.0,0.0,0.4,0.1,0.1,0.30000000000000004,20.0,80.0,35.0,0.4,0.1,0.1,0.30000000000000004,20.0,80.0,35.0,889,889,0,889,0.0,1.4401027327456508,1.5,0.9600684884971006,562,0.6321709786276716,1.0,1
"iteration_3","SCOPE_DATA_COLLECTION",600,8,550.0,610.0,0,3593,2283,889,3632,2477,885,3606,2285,883,3,1,0,8.312551953449709E-4,4.374453193350831E-4,0.0,0.3248515483068072,0.8095793164913451,1.4380619594081079,0.6497030966136144,0.8095793164913451,0.9587079729387386,0.19412090959511924,0.5733041575492341,0.6308040770101925,100.0,100.0,4304,987,1474,4,0,0,9.293680297397769E-4,0.0,0.0,0.4,0.1,0.1,0.30000000000000004,20.0,80.0,35.0,0.5,0.2,0.1,0.2,20.0,90.0,35.0,3573,3572,1,3573,2.79876854184159E-4,0.32141489690367603,0.5,0.6428297938073521,687,0.19232922732362823,1.0,1
"iteration_3","SCOPE_DATA_COLLECTION",600,8,550.0,610.0,1,3593,2283,889,3632,2477,885,3606,2285,883,3,1,0,8.312551953449709E-4,4.374453193350831E-4,0.0,0.3248515483068072,0.8095793164913451,1.4380619594081079,0.6497030966136144,0.8095793164913451,0.9587079729387386,0.19412090959511924,0.5733041575492341,0.6308040770101925,100.0,100.0,4304,987,1474,4,0,0,9.293680297397769E-4,0.0,0.0,0.4,0.1,0.1,0.30000000000000004,20.0,80.0,35.0,0.5,0.2,0.1,0.2,20.0,90.0,35.0,2404,2401,3,2404,0.0012479201331114808,0.7791887930708415,1.0,0.7791887930708415,1303,0.5426905456059975,1.0,1
"iteration_3","SCOPE_DATA_COLLECTION",600,8,550.0,610.0,2,3593,2283,889,3632,2477,885,3606,2285,883,3,1,0,8.312551953449709E-4,4.374453193350831E-4,0.0,0.3248515483068072,0.8095793164913451,1.4380619594081079,0.6497030966136144,0.8095793164913451,0.9587079729387386,0.19412090959511924,0.5733041575492341,0.6308040770101925,100.0,100.0,4304,987,1474,4,0,0,9.293680297397769E-4,0.0,0.0,0.4,0.1,0.1,0.30000000000000004,20.0,80.0,35.0,0.5,0.2,0.1,0.2,20.0,90.0,35.0,896,895,1,896,0.0011160714285714285,1.420176371672664,1.5,0.9467842477817761,550,0.6145251396648045,1.0,1
"iteration_3","SCOPE_DATA_COLLECTION",600,9,610.0,670.0,0,3573,2404,896,3593,2283,889,3581,2397,901,1,3,1,2.7917364600781687E-4,0.00125,0.0011086474501108647,0.32181415693986004,0.7824680457586463,1.4227406780876912,0.6436283138797201,0.7824680457586463,0.9484937853917942,0.1935213627478358,0.5469336670838548,0.6159822419533851,95.0,100.0,4318,1259,1296,4,1,0,9.263547938860583E-4,7.942811755361397E-4,0.0,0.5,0.2,0.1,0.2,20.0,90.0,35.0,0.8,0.4,0.9,0.4,65.0,45.0,90.0,3480,3477,3,3480,8.620689655172414E-4,0.31763381152283215,0.5,0.6352676230456643,675,0.19413287316652286,1.0,1
"iteration_3","SCOPE_DATA_COLLECTION",600,9,610.0,670.0,1,3573,2404,896,3593,2283,889,3581,2397,901,1,3,1,2.7917364600781687E-4,0.00125,0.0011086474501108647,0.32181415693986004,0.7824680457586463,1.4227406780876912,0.6436283138797201,0.7824680457586463,0.9484937853917942,0.1935213627478358,0.5469336670838548,0.6159822419533851,95.0,100.0,4318,1259,1296,4,1,0,9.263547938860583E-4,7.942811755361397E-4,0.0,0.5,0.2,0.1,0.2,20.0,90.0,35.0,0.8,0.4,0.9,0.4,65.0,45.0,90.0,2432,2426,6,2432,0.0024671052631578946,0.7792299882017724,1.0,0.7792299882017724,1267,0.5222588623248146,1.0,1
"iteration_3","SCOPE_DATA_COLLECTION",600,9,610.0,670.0,2,3573,2404,896,3593,2283,889,3581,2397,901,1,3,1,2.7917364600781687E-4,0.00125,0.0011086474501108647,0.32181415693986004,0.7824680457586463,1.4227406780876912,0.6436283138797201,0.7824680457586463,0.9484937853917942,0.1935213627478358,0.5469336670838548,0.6159822419533851,95.0,100.0,4318,1259,1296,4,1,0,9.263547938860583E-4,7.942811755361397E-4,0.0,0.5,0.2,0.1,0.2,20.0,90.0,35.0,0.8,0.4,0.9,0.4,65.0,45.0,90.0,882,876,6,882,0.006802721088435374,1.4211999396484607,1.5,0.9474666264323072,530,0.6050228310502284,1.0,1
"iteration_3","SCOPE_DATA_COLLECTION",600,10,670.0,730.0,0,3480,2432,882,3573,2404,896,3481,2435,868,3,6,6,8.610792192881745E-4,0.0024580090126997134,0.006864988558352402,0.3173998555380901,0.7749320364284626,1.4149772721514413,0.6347997110761802,0.7749320364284626,0.9433181814342942,0.1933352484918127,0.5195071868583162,0.6025345622119815,97.5,100.0,4057,2198,539,13,2,0,0.0032043381809218636,9.099181073703367E-4,0.0,0.8,0.4,0.9,0.4,65.0,45.0,90.0,0.9,0.5,0.9,0.5,75.0,35.0,90.0,3664,3659,5,3664,0.0013646288209606986,0.31934355107982215,0.5,0.6386871021596443,716,0.19568188029516262,1.0,1
"iteration_3","SCOPE_DATA_COLLECTION",600,10,670.0,730.0,1,3480,2432,882,3573,2404,896,3481,2435,868,3,6,6,8.610792192881745E-4,0.0024580090126997134,0.006864988558352402,0.3173998555380901,0.7749320364284626,1.4149772721514413,0.6347997110761802,0.7749320364284626,0.9433181814342942,0.1933352484918127,0.5195071868583162,0.6025345622119815,97.5,100.0,4057,2198,539,13,2,0,0.0032043381809218636,9.099181073703367E-4,0.0,0.8,0.4,0.9,0.4,65.0,45.0,90.0,0.9,0.5,0.9,0.5,75.0,35.0,90.0,2421,2417,4,2421,0.0016522098306484924,0.7952627742654033,1.0,0.7952627742654033,1298,0.5370293752585851,1.0,1
"iteration_3","SCOPE_DATA_COLLECTION",600,10,670.0,730.0,2,3480,2432,882,3573,2404,896,3481,2435,868,3,6,6,8.610792192881745E-4,0.0024580090126997134,0.006864988558352402,0.3173998555380901,0.7749320364284626,1.4149772721514413,0.6347997110761802,0.7749320364284626,0.9433181814342942,0.1933352484918127,0.5195071868583162,0.6025345622119815,97.5,100.0,4057,2198,539,13,2,0,0.0032043381809218636,9.099181073703367E-4,0.0,0.8,0.4,0.9,0.4,65.0,45.0,90.0,0.9,0.5,0.9,0.5,75.0,35.0,90.0,845,835,10,845,0.011834319526627219,1.3993096084968146,1.5,0.9328730723312098,490,0.5868263473053892,1.0,1
"iteration_3","SCOPE_DATA_COLLECTION",600,11,730.0,790.0,0,3664,2421,845,3480,2432,882,3658,2414,840,5,4,10,0.001365001365001365,0.0016542597187758478,0.011764705882352941,0.319153349427037,0.7968627913651383,1.403250856139333,0.638306698854074,0.7968627913651383,0.9355005707595554,0.1957353745215965,0.5372825186412593,0.5880952380952381,92.5,100.0,4201,2497,232,15,4,0,0.0035705784337062606,0.0016019223067681217,0.0,0.9,0.5,0.9,0.5,75.0,35.0,90.0,0.9,0.4,0.9,0.6000000000000001,85.0,35.0,95.0,3697,3694,3,3697,8.114687584527996E-4,0.3250502880723948,0.5,0.6501005761447896,797,0.215755278830536,1.0,1
"iteration_3","SCOPE_DATA_COLLECTION",600,11,730.0,790.0,1,3664,2421,845,3480,2432,882,3658,2414,840,5,4,10,0.001365001365001365,0.0016542597187758478,0.011764705882352941,0.319153349427037,0.7968627913651383,1.403250856139333,0.638306698854074,0.7968627913651383,0.9355005707595554,0.1957353745215965,0.5372825186412593,0.5880952380952381,92.5,100.0,4201,2497,232,15,4,0,0.0035705784337062606,0.0016019223067681217,0.0,0.9,0.5,0.9,0.5,75.0,35.0,90.0,0.9,0.4,0.9,0.6000000000000001,85.0,35.0,95.0,2400,2394,6,2400,0.0025,0.7711181008297096,1.0,0.7711181008297096,1246,0.52046783625731,1.0,1
"iteration_3","SCOPE_DATA_COLLECTION",600,11,730.0,790.0,2,3664,2421,845,3480,2432,882,3658,2414,840,5,4,10,0.001365001365001365,0.0016542597187758478,0.011764705882352941,0.319153349427037,0.7968627913651383,1.403250856139333,0.638306698854074,0.7968627913651383,0.9355005707595554,0.1957353745215965,0.5372825186412593,0.5880952380952381,92.5,100.0,4201,2497,232,15,4,0,0.0035705784337062606,0.0016019223067681217,0.0,0.9,0.5,0.9,0.5,75.0,35.0,90.0,0.9,0.4,0.9,0.6000000000000001,85.0,35.0,95.0,906,899,7,906,0.00772626931567329,1.430733926291618,1.5,0.9538226175277454,544,0.6051167964404894,1.0,1
"iteration_3","SCOPE_DATA_COLLECTION",600,12,790.0,850.0,0,3697,2400,906,3664,2421,845,3690,2391,900,3,6,7,8.123476848090983E-4,0.0025031289111389237,0.007717750826901874,0.32544009885055863,0.7735158212388094,1.4329470512868117,0.6508801977011173,0.7735158212388094,0.9552980341912077,0.21680216802168023,0.5219573400250941,0.6066666666666667,95.0,100.0,4200,2513,290,15,1,0,0.0035714285714285713,3.979307600477517E-4,0.0,0.9,0.4,0.9,0.6000000000000001,85.0,35.0,95.0,0.7000000000000001,0.5,0.30000000000000004,0.9,70.0,40.0,45.0,3623,3621,2,3623,5.520287054926856E-4,0.32264281932183564,0.5,0.6452856386436713,782,0.215962441314554,1.0,1
"iteration_3","SCOPE_DATA_COLLECTION",600,12,790.0,850.0,1,3697,2400,906,3664,2421,845,3690,2391,900,3,6,7,8.123476848090983E-4,0.0025031289111389237,0.007717750826901874,0.32544009885055863,0.7735158212388094,1.4329470512868117,0.6508801977011173,0.7735158212388094,0.9552980341912077,0.21680216802168023,0.5219573400250941,0.6066666666666667,95.0,100.0,4200,2513,290,15,1,0,0.0035714285714285713,3.979307600477517E-4,0.0,0.9,0.4,0.9,0.6000000000000001,85.0,35.0,95.0,0.7000000000000001,0.5,0.30000000000000004,0.9,70.0,40.0,45.0,2456,2452,4,2456,0.0016286644951140066,0.7544768631782963,1.0,0.7544768631782963,1273,0.5191680261011419,1.0,1
"iteration_3","SCOPE_DATA_COLLECTION",600,12,790.0,850.0,2,3697,2400,906,3664,2421,845,3690,2391,900,3,6,7,8.123476848090983E-4,0.0025031289111389237,0.007717750826901874,0.32544009885055863,0.7735158212388094,1.4329470512868117,0.6508801977011173,0.7735158212388094,0.9552980341912077,0.21680216802168023,0.5219573400250941,0.6066666666666667,95.0,100.0,4200,2513,290,15,1,0,0.0035714285714285713,3.979307600477517E-4,0.0,0.9,0.4,0.9,0.6000000000000001,85.0,35.0,95.0,0.7000000000000001,0.5,0.30000000000000004,0.9,70.0,40.0,45.0,859,851,8,859,0.009313154831199068,1.4276124104285304,1.5,0.9517416069523535,516,0.6063454759106933,1.0,1
"iteration_3","SCOPE_DATA_COLLECTION",600,13,850.0,910.0,0,3623,2456,859,3697,2400,906,3616,2460,845,2,4,8,5.52791597567717E-4,0.0016233766233766235,0.009378663540445486,0.32264600262262033,0.7526544845903053,1.4242742682986786,0.6452920052452407,0.7526544845903053,0.9495161788657858,0.2148783185840708,0.5182926829268293,0.6059171597633136,97.5,100.0,4185,1896,857,12,2,0,0.002867383512544803,0.0010548523206751054,0.0,0.7000000000000001,0.5,0.30000000000000004,0.9,70.0,40.0,45.0,0.30000000000000004,0.5,0.2,0.9,35.0,65.0,20.0,3630,3629,1,3630,2.754820936639118E-4,0.3108120060176187,0.5,0.6216240120352374,688,0.18958390741251033,1.0,1
"iteration_3","SCOPE_DATA_COLLECTION",600,13,850.0,910.0,1,3623,2456,859,3697,2400,906,3616,2460,845,2,4,8,5.52791597567717E-4,0.0016233766233766235,0.009378663540445486,0.32264600262262033,0.7526544845903053,1.4242742682986786,0.6452920052452407,0.7526544845903053,0.9495161788657858,0.2148783185840708,0.5182926829268293,0.6059171597633136,97.5,100.0,4185,1896,857,12,2,0,0.002867383512544803,0.0010548523206751054,0.0,0.7000000000000001,0.5,0.30000000000000004,0.9,70.0,40.0,45.0,0.30000000000000004,0.5,0.2,0.9,35.0,65.0,20.0,2366,2364,2,2366,8.453085376162299E-4,0.7415118556088273,1.0,0.7415118556088273,1194,0.5050761421319797,1.0,1
"iteration_3","SCOPE_DATA_COLLECTION",600,13,850.0,910.0,2,3623,2456,859,3697,2400,906,3616,2460,845,2,4,8,5.52791597567717E-4,0.0016233766233766235,0.009378663540445486,0.32264600262262033,0.7526544845903053,1.4242742682986786,0.6452920052452407,0.7526544845903053,0.9495161788657858,0.2148783185840708,0.5182926829268293,0.6059171597633136,97.5,100.0,4185,1896,857,12,2,0,0.002867383512544803,0.0010548523206751054,0.0,0.7000000000000001,0.5,0.30000000000000004,0.9,70.0,40.0,45.0,0.30000000000000004,0.5,0.2,0.9,35.0,65.0,20.0,908,905,3,908,0.003303964757709251,1.4002140421997424,1.5,0.9334760281331617,535,0.5911602209944752,1.0,1
"iteration_3","SCOPE_DATA_COLLECTION",600,14,910.0,970.0,0,3630,2366,908,3623,2456,859,3617,2362,911,1,2,3,2.763957987838585E-4,8.460236886632825E-4,0.0032822757111597373,0.3097028521127553,0.7437463431528623,1.39848547722622,0.6194057042255106,0.7437463431528623,0.9323236514841468,0.18883052253248547,0.5055038103302286,0.5894621295279913,100.0,100.0,4090,839,1975,6,0,0,0.001466992665036675,0.0,0.0,0.30000000000000004,0.5,0.2,0.9,35.0,65.0,20.0,0.45,0.2,0.6000000000000001,0.4,95.0,50.0,65.0,3649,3645,4,3649,0.0010961907371882709,0.3062080606432058,0.5,0.6124161212864117,610,0.1673525377229081,1.0,1
"iteration_3","SCOPE_DATA_COLLECTION",600,14,910.0,970.0,1,3630,2366,908,3623,2456,859,3617,2362,911,1,2,3,2.763957987838585E-4,8.460236886632825E-4,0.0032822757111597373,0.3097028521127553,0.7437463431528623,1.39848547722622,0.6194057042255106,0.7437463431528623,0.9323236514841468,0.18883052253248547,0.5055038103302286,0.5894621295279913,100.0,100.0,4090,839,1975,6,0,0,0.001466992665036675,0.0,0.0,0.30000000000000004,0.5,0.2,0.9,35.0,65.0,20.0,0.45,0.2,0.6000000000000001,0.4,95.0,50.0,65.0,2412,2410,2,2412,8.291873963515755E-4,0.7652110029543947,1.0,0.7652110029543947,1281,0.5315352697095436,1.0,1
"iteration_3","SCOPE_DATA_COLLECTION",600,14,910.0,970.0,2,3630,2366,908,3623,2456,859,3617,2362,911,1,2,3,2.763957987838585E-4,8.460236886632825E-4,0.0032822757111597373,0.3097028521127553,0.7437463431528623,1.39848547722622,0.6194057042255106,0.7437463431528623,0.9323236514841468,0.18883052253248547,0.5055038103302286,0.5894621295279913,100.0,100.0,4090,839,1975,6,0,0,0.001466992665036675,0.0,0.0,0.30000000000000004,0.5,0.2,0.9,35.0,65.0,20.0,0.45,0.2,0.6000000000000001,0.4,95.0,50.0,65.0,912,904,8,912,0.008771929824561403,1.4152707920390437,1.5,0.9435138613593624,548,0.6061946902654868,1.0,1
"iteration_3","SCOPE_DATA_COLLECTION",600,15,970.0,1030.0,0,3649,2412,912,3630,2366,908,3665,2408,899,4,2,8,0.0010902153175252113,8.298755186721991E-4,0.008820286659316428,0.30762515534228735,0.7625081545006971,1.4175021515400186,0.6152503106845747,0.7625081545006971,0.9450014343600124,0.16862210095497954,0.5299003322259136,0.6062291434927698,97.5,100.0,4209,1246,1518,13,1,0,0.0030886196246139226,8.025682182985554E-4,0.0,0.45,0.2,0.6000000000000001,0.4,95.0,50.0,65.0,0.45,0.1,0.7000000000000001,0.5,85.0,40.0,55.0,3534,3530,4,3534,0.0011318619128466328,0.31637018302533537,0.5,0.6327403660506707,640,0.1813031161473088,1.0,1
"iteration_3","SCOPE_DATA_COLLECTION",600,15,970.0,1030.0,1,3649,2412,912,3630,2366,908,3665,2408,899,4,2,8,0.0010902153175252113,8.298755186721991E-4,0.008820286659316428,0.30762515534228735,0.7625081545006971,1.4175021515400186,0.6152503106845747,0.7625081545006971,0.9450014343600124,0.16862210095497954,0.5299003322259136,0.6062291434927698,97.5,100.0,4209,1246,1518,13,1,0,0.0030886196246139226,8.025682182985554E-4,0.0,0.45,0.2,0.6000000000000001,0.4,95.0,50.0,65.0,0.45,0.1,0.7000000000000001,0.5,85.0,40.0,55.0,2374,2370,4,2374,0.0016849199663016006,0.8025719531509156,1.0,0.8025719531509156,1323,0.5582278481012658,1.0,1
"iteration_3","SCOPE_DATA_COLLECTION",600,15,970.0,1030.0,2,3649,2412,912,3630,2366,908,3665,2408,899,4,2,8,0.0010902153175252113,8.298755186721991E-4,0.008820286659316428,0.30762515534228735,0.7625081545006971,1.4175021515400186,0.6152503106845747,0.7625081545006971,0.9450014343600124,0.16862210095497954,0.5299003322259136,0.6062291434927698,97.5,100.0,4209,1246,1518,13,1,0,0.0030886196246139226,8.025682182985554E-4,0.0,0.45,0.2,0.6000000000000001,0.4,95.0,50.0,65.0,0.45,0.1,0.7000000000000001,0.5,85.0,40.0,55.0,789,785,4,789,0.005069708491761723,1.5284274834592395,1.5,1.018951655639493,525,0.6687898089171974,1.0,1
"iteration_3","SCOPE_DATA_COLLECTION",600,16,1030.0,1090.0,0,3534,2374,789,3649,2412,912,3535,2379,787,4,4,4,0.0011302627860977678,0.001678556441460344,0.0050568900126422255,0.3160787658397811,0.8044908770419165,1.529915425938896,0.6321575316795622,0.8044908770419165,1.0199436172925973,0.1818953323903819,0.5594787725935267,0.6696315120711563,87.5,100.0,4283,1081,1333,11,1,0,0.0025682932523931824,9.250693802035153E-4,0.0,0.45,0.1,0.7000000000000001,0.5,85.0,40.0,55.0,0.55,0.2,0.6000000000000001,0.6000000000000001,75.0,50.0,65.0,3589,3583,6,3589,0.0016717748676511562,0.3098570926617808,0.5,0.6197141853235616,683,0.1906223834775328,1.0,1
"iteration_3","SCOPE_DATA_COLLECTION",600,16,1030.0,1090.0,1,3534,2374,789,3649,2412,912,3535,2379,787,4,4,4,0.0011302627860977678,0.001678556441460344,0.0050568900126422255,0.3160787658397811,0.8044908770419165,1.529915425938896,0.6321575316795622,0.8044908770419165,1.0199436172925973,0.1818953323903819,0.5594787725935267,0.6696315120711563,87.5,100.0,4283,1081,1333,11,1,0,0.0025682932523931824,9.250693802035153E-4,0.0,0.45,0.1,0.7000000000000001,0.5,85.0,40.0,55.0,0.55,0.2,0.6000000000000001,0.6000000000000001,75.0,50.0,65.0,2376,2370,6,2376,0.0025252525252525255,0.7770602311058219,1.0,0.7770602311058219,1243,0.5244725738396624,1.0,1
"iteration_3","SCOPE_DATA_COLLECTION",600,16,1030.0,1090.0,2,3534,2374,789,3649,2412,912,3535,2379,787,4,4,4,0.0011302627860977678,0.001678556441460344,0.0050568900126422255,0.3160787658397811,0.8044908770419165,1.529915425938896,0.6321575316795622,0.8044908770419165,1.0199436172925973,0.1818953323903819,0.5594787725935267,0.6696315120711563,87.5,100.0,4283,1081,1333,11,1,0,0.0025682932523931824,9.250693802035153E-4,0.0,0.45,0.1,0.7000000000000001,0.5,85.0,40.0,55.0,0.55,0.2,0.6000000000000001,0.6000000000000001,75.0,50.0,65.0,933,928,5,933,0.0053590568060021436,1.4448453233846936,1.5,0.9632302155897957,576,0.6206896551724138,1.0,1
"iteration_3","SCOPE_DATA_COLLECTION",600,17,1090.0,1150.0,0,3589,2376,933,3534,2374,789,3572,2365,931,6,6,5,0.0016769144773616546,0.0025305778152678194,0.005341880341880342,0.30868927353777265,0.7756140519096382,1.4438073030668825,0.6173785470755453,0.7756140519096382,0.9625382020445884,0.1875699888017917,0.5234672304439746,0.6208378088077336,100.0,100.0,4160,1511,1227,16,1,0,0.0038461538461538464,6.618133686300463E-4,0.0,0.55,0.2,0.6000000000000001,0.6000000000000001,75.0,50.0,65.0,0.9,0.30000000000000004,0.30000000000000004,0.2,70.0,25.0,60.0,3508,3505,3,3508,8.551881413911061E-4,0.33459294154033375,0.5,0.6691858830806675,796,0.22710413694721826,1.0,1
"iteration_3","SCOPE_DATA_COLLECTION",600,17,1090.0,1150.0,1,3589,2376,933,3534,2374,789,3572,2365,931,6,6,5,0.0016769144773616546,0.0025305778152678194,0.005341880341880342,0.30868927353777265,0.7756140519096382,1.4438073030668825,0.6173785470755453,0.7756140519096382,0.9625382020445884,0.1875699888017917,0.5234672304439746,0.6208378088077336,100.0,100.0,4160,1511,1227,16,1,0,0.0038461538461538464,6.618133686300463E-4,0.0,0.55,0.2,0.6000000000000001,0.6000000000000001,75.0,50.0,65.0,0.9,0.30000000000000004,0.30000000000000004,0.2,70.0,25.0,60.0,2357,2355,2,2357,8.485362749257531E-4,0.7875170111418829,1.0,0.7875170111418829,1253,0.5320594479830149,1.0,1
"iteration_3","SCOPE_DATA_COLLECTION",600,17,1090.0,1150.0,2,3589,2376,933,3534,2374,789,3572,2365,931,6,6,5,0.0016769144773616546,0.0025305778152678194,0.005341880341880342,0.30868927353777265,0.7756140519096382,1.4438073030668825,0.6173785470755453,0.7756140519096382,0.9625382020445884,0.1875699888017917,0.5234672304439746,0.6208378088077336,100.0,100.0,4160,1511,1227,16,1,0,0.0038461538461538464,6.618133686300463E-4,0.0,0.55,0.2,0.6000000000000001,0.6000000000000001,75.0,50.0,65.0,0.9,0.30000000000000004,0.30000000000000004,0.2,70.0,25.0,60.0,875,874,1,875,0.001142857142857143,1.426754995476973,1.5,0.9511699969846487,533,0.6098398169336384,1.0,1
"iteration_3","SCOPE_DATA_COLLECTION",600,18,1150.0,1210.0,0,3508,2357,875,3589,2376,933,3496,2354,867,3,2,1,8.573878250928837E-4,8.488964346349745E-4,0.001152073732718894,0.33429579701168605,0.7871514038026697,1.422815149822363,0.6685915940233721,0.7871514038026697,0.9485434332149086,0.22654462242562928,0.532285471537808,0.6066897347174164,95.0,100.0,4181,2293,266,4,2,0,9.567089213106913E-4,8.722197993894462E-4,0.0,0.9,0.30000000000000004,0.30000000000000004,0.2,70.0,25.0,60.0,0.8,0.4,0.2,0.30000000000000004,80.0,25.0,60.0,3512,3512,0,3512,0.0,0.3284279681592876,0.5,0.6568559363185752,731,0.20814350797266515,1.0,1
"iteration_3","SCOPE_DATA_COLLECTION",600,18,1150.0,1210.0,1,3508,2357,875,3589,2376,933,3496,2354,867,3,2,1,8.573878250928837E-4,8.488964346349745E-4,0.001152073732718894,0.33429579701168605,0.7871514038026697,1.422815149822363,0.6685915940233721,0.7871514038026697,0.9485434332149086,0.22654462242562928,0.532285471537808,0.6066897347174164,95.0,100.0,4181,2293,266,4,2,0,9.567089213106913E-4,8.722197993894462E-4,0.0,0.9,0.30000000000000004,0.30000000000000004,0.2,70.0,25.0,60.0,0.8,0.4,0.2,0.30000000000000004,80.0,25.0,60.0,2388,2385,3,2388,0.001256281407035176,0.7860769197739073,1.0,0.7860769197739073,1285,0.5387840670859538,1.0,1
"iteration_3","SCOPE_DATA_COLLECTION",600,18,1150.0,1210.0,2,3508,2357,875,3589,2376,933,3496,2354,867,3,2,1,8.573878250928837E-4,8.488964346349745E-4,0.001152073732718894,0.33429579701168605,0.7871514038026697,1.422815149822363,0.6685915940233721,0.7871514038026697,0.9485434332149086,0.22654462242562928,0.532285471537808,0.6066897347174164,95.0,100.0,4181,2293,266,4,2,0,9.567089213106913E-4,8.722197993894462E-4,0.0,0.9,0.30000000000000004,0.30000000000000004,0.2,70.0,25.0,60.0,0.8,0.4,0.2,0.30000000000000004,80.0,25.0,60.0,835,829,6,835,0.00718562874251497,1.3990397635178515,1.5,0.9326931756785677,493,0.594692400482509,1.0,1
"iteration_3","SCOPE_DATA_COLLECTION",600,19,1210.0,1270.0,0,3512,2388,835,3508,2357,875,3516,2379,831,0,3,6,0.0,0.0012594458438287153,0.007168458781362007,0.32956245871568896,0.7853629122710049,1.4008365086823467,0.6591249174313779,0.7853629122710049,0.9338910057882311,0.209613196814562,0.537620849096259,0.5980746089049338,100.0,100.0,4199,2071,465,7,2,0,0.0016670635865682305,9.657170449058426E-4,0.0,0.8,0.4,0.2,0.30000000000000004,80.0,25.0,60.0,0.9,0.4,0.1,0.2,90.0,20.0,50.0,3489,3486,3,3489,8.598452278589854E-4,0.3137607389782509,0.5,0.6275214779565018,634,0.18187033849684453,1.0,1
"iteration_3","SCOPE_DATA_COLLECTION",600,19,1210.0,1270.0,1,3512,2388,835,3508,2357,875,3516,2379,831,0,3,6,0.0,0.0012594458438287153,0.007168458781362007,0.32956245871568896,0.7853629122710049,1.4008365086823467,0.6591249174313779,0.7853629122710049,0.9338910057882311,0.209613196814562,0.537620849096259,0.5980746089049338,100.0,100.0,4199,2071,465,7,2,0,0.0016670635865682305,9.657170449058426E-4,0.0,0.8,0.4,0.2,0.30000000000000004,80.0,25.0,60.0,0.9,0.4,0.1,0.2,90.0,20.0,50.0,2367,2367,0,2367,0.0,0.7505186044026776,1.0,0.7505186044026776,1234,0.5213350232361639,1.0,1
"iteration_3","SCOPE_DATA_COLLECTION",600,19,1210.0,1270.0,2,3512,2388,835,3508,2357,875,3516,2379,831,0,3,6,0.0,0.0012594458438287153,0.007168458781362007,0.32956245871568896,0.7853629122710049,1.4008365086823467,0.6591249174313779,0.7853629122710049,0.9338910057882311,0.209613196814562,0.537620849096259,0.5980746089049338,100.0,100.0,4199,2071,465,7,2,0,0.0016670635865682305,9.657170449058426E-4,0.0,0.8,0.4,0.2,0.30000000000000004,80.0,25.0,60.0,0.9,0.4,0.1,0.2,90.0,20.0,50.0,884,884,0,884,0.0,1.4692345771560338,1.5,0.9794897181040225,565,0.6391402714932126,1.0,1
"iteration_3","SCOPE_DATA_COLLECTION",600,20,1270.0,1330.0,0,3489,2367,884,3512,2388,835,3500,2384,886,3,0,0,8.564087924636027E-4,0.0,0.0,0.3141427033428944,0.7535219204320736,1.4670962391149391,0.6282854066857888,0.7535219204320736,0.9780641594099594,0.18457142857142858,0.5239093959731543,0.636568848758465,92.5,100.0,4071,2373,296,3,0,0,7.369196757553427E-4,0.0,0.0,0.9,0.4,0.1,0.2,90.0,20.0,50.0,0.05,0.5,0.4,0.7000000000000001,50.0,40.0,45.0,3672,3667,5,3672,0.0013616557734204794,0.32182004766245953,0.5,0.6436400953249191,740,0.20179983637851104,1.0,1
"iteration_3","SCOPE_DATA_COLLECTION",600,20,1270.0,1330.0,1,3489,2367,884,3512,2388,835,3500,2384,886,3,0,0,8.564087924636027E-4,0.0,0.0,0.3141427033428944,0.7535219204320736,1.4670962391149391,0.6282854066857888,0.7535219204320736,0.9780641594099594,0.18457142857142858,0.5239093959731543,0.636568848758465,92.5,100.0,4071,2373,296,3,0,0,7.369196757553427E-4,0.0,0.0,0.9,0.4,0.1,0.2,90.0,20.0,50.0,0.05,0.5,0.4,0.7000000000000001,50.0,40.0,45.0,2371,2357,14,2371,0.005904681568958245,0.7578670612543631,1.0,0.7578670612543631,1200,0.5091217649554518,1.0,1
"iteration_3","SCOPE_DATA_COLLECTION",600,20,1270.0,1330.0,2,3489,2367,884,3512,2388,835,3500,2384,886,3,0,0,8.564087924636027E-4,0.0,0.0,0.3141427033428944,0.7535219204320736,1.4670962391149391,0.6282854066857888,0.7535219204320736,0.9780641594099594,0.18457142857142858,0.5239093959731543,0.636568848758465,92.5,100.0,4071,2373,296,3,0,0,7.369196757553427E-4,0.0,0.0,0.9,0.4,0.1,0.2,90.0,20.0,50.0,0.05,0.5,0.4,0.7000000000000001,50.0,40.0,45.0,906,899,7,906,0.00772626931567329,1.412908743909047,1.5,0.9419391626060314,537,0.5973303670745272,1.0,1
"iteration_3","SCOPE_DATA_COLLECTION",600,21,1330.0,1390.0,0,3672,2371,906,3489,2367,884,3664,2345,891,5,14,7,0.001362769146906514,0.005934718100890208,0.0077951002227171495,0.3221119365881842,0.7571789686769482,1.409623929090172,0.6442238731763684,0.7571789686769482,0.9397492860601147,0.2019650655021834,0.5087420042643923,0.5959595959595959,100.0,100.0,4155,114,2680,12,0,14,0.002888086642599278,0.0,0.0052238805970149255,0.05,0.5,0.4,0.7000000000000001,50.0,40.0,45.0,0.05,0.6000000000000001,0.4,0.8,50.0,30.0,55.0,3569,3550,19,3569,0.005323620061641917,0.32675353471163504,0.5,0.6535070694232701,755,0.21267605633802816,1.0,1
"iteration_3","SCOPE_DATA_COLLECTION",600,21,1330.0,1390.0,1,3672,2371,906,3489,2367,884,3664,2345,891,5,14,7,0.001362769146906514,0.005934718100890208,0.0077951002227171495,0.3221119365881842,0.7571789686769482,1.409623929090172,0.6442238731763684,0.7571789686769482,0.9397492860601147,0.2019650655021834,0.5087420042643923,0.5959595959595959,100.0,100.0,4155,114,2680,12,0,14,0.002888086642599278,0.0,0.0052238805970149255,0.05,0.5,0.4,0.7000000000000001,50.0,40.0,45.0,0.05,0.6000000000000001,0.4,0.8,50.0,30.0,55.0,2341,2329,12,2341,0.0051260145237078175,0.7680599619650834,1.0,0.7680599619650834,1226,0.5264061829111206,1.0,1
"iteration_3","SCOPE_DATA_COLLECTION",600,21,1330.0,1390.0,2,3672,2371,906,3489,2367,884,3664,2345,891,5,14,7,0.001362769146906514,0.005934718100890208,0.0077951002227171495,0.3221119365881842,0.7571789686769482,1.409623929090172,0.6442238731763684,0.7571789686769482,0.9397492860601147,0.2019650655021834,0.5087420042643923,0.5959595959595959,100.0,100.0,4155,114,2680,12,0,14,0.002888086642599278,0.0,0.0052238805970149255,0.05,0.5,0.4,0.7000000000000001,50.0,40.0,45.0,0.05,0.6000000000000001,0.4,0.8,50.0,30.0,55.0,896,887,9,896,0.010044642857142858,1.4512674849936167,1.5,0.9675116566624111,547,0.616685456595265,1.0,1
"iteration_3","SCOPE_DATA_COLLECTION",600,22,1390.0,1450.0,0,3569,2341,896,3672,2371,906,3548,2327,894,19,12,9,0.005326604990187833,0.005130397605814451,0.009966777408637873,0.3265049966626728,0.7648583092852232,1.4533792928531097,0.6530099933253456,0.7648583092852232,0.9689195285687399,0.2125140924464487,0.5238504512247529,0.6185682326621924,100.0,100.0,4090,144,2572,12,0,28,0.00293398533007335,0.0,0.01088646967340591,0.05,0.6000000000000001,0.4,0.8,50.0,30.0,55.0,0.1,0.4,0.6000000000000001,0.6000000000000001,55.0,75.0,75.0,3568,3565,3,3568,8.408071748878924E-4,0.31731538936885106,0.5,0.6346307787377021,721,0.20224403927068724,1.0,1
"iteration_3","SCOPE_DATA_COLLECTION",600,22,1390.0,1450.0,1,3569,2341,896,3672,2371,906,3548,2327,894,19,12,9,0.005326604990187833,0.005130397605814451,0.009966777408637873,0.3265049966626728,0.7648583092852232,1.4533792928531097,0.6530099933253456,0.7648583092852232,0.9689195285687399,0.2125140924464487,0.5238504512247529,0.6185682326621924,100.0,100.0,4090,144,2572,12,0,28,0.00293398533007335,0.0,0.01088646967340591,0.05,0.6000000000000001,0.4,0.8,50.0,30.0,55.0,0.1,0.4,0.6000000000000001,0.6000000000000001,55.0,75.0,75.0,2532,2522,10,2532,0.0039494470774091624,0.7771983810631898,1.0,0.7771983810631898,1291,0.5118953211736716,1.0,1
"iteration_3","SCOPE_DATA_COLLECTION",600,22,1390.0,1450.0,2,3569,2341,896,3672,2371,906,3548,2327,894,19,12,9,0.005326604990187833,0.005130397605814451,0.009966777408637873,0.3265049966626728,0.7648583092852232,1.4533792928531097,0.6530099933253456,0.7648583092852232,0.9689195285687399,0.2125140924464487,0.5238504512247529,0.6185682326621924,100.0,100.0,4090,144,2572,12,0,28,0.00293398533007335,0.0,0.01088646967340591,0.05,0.6000000000000001,0.4,0.8,50.0,30.0,55.0,0.1,0.4,0.6000000000000001,0.6000000000000001,55.0,75.0,75.0,909,904,5,909,0.005500550055005501,1.4521761888236187,1.5,0.9681174592157458,552,0.6106194690265486,1.0,1
"iteration_3","SCOPE_DATA_COLLECTION",600,23,1450.0,1510.0,0,3568,2532,909,3569,2341,896,3557,2525,902,3,10,5,8.426966292134832E-4,0.0039447731755424065,0.005512679162072767,0.3170255352967723,0.7793564533971128,1.4508272192447962,0.6340510705935446,0.7793564533971128,0.9672181461631975,0.2004498172617374,0.5136633663366337,0.6097560975609756,97.5,100.0,4146,299,2564,18,0,0,0.004341534008683068,0.0,0.0,0.1,0.4,0.6000000000000001,0.6000000000000001,55.0,75.0,75.0,0.2,0.4,0.6000000000000001,0.6000000000000001,65.0,65.0,65.0,3491,3491,0,3491,0.0,0.32034961923433886,0.5,0.6406992384686777,738,0.21140074477227155,1.0,1
"iteration_3","SCOPE_DATA_COLLECTION",600,23,1450.0,1510.0,1,3568,2532,909,3569,2341,896,3557,2525,902,3,10,5,8.426966292134832E-4,0.0039447731755424065,0.005512679162072767,0.3170255352967723,0.7793564533971128,1.4508272192447962,0.6340510705935446,0.7793564533971128,0.9672181461631975,0.2004498172617374,0.5136633663366337,0.6097560975609756,97.5,100.0,4146,299,2564,18,0,0,0.004341534008683068,0.0,0.0,0.1,0.4,0.6000000000000001,0.6000000000000001,55.0,75.0,75.0,0.2,0.4,0.6000000000000001,0.6000000000000001,65.0,65.0,65.0,2428,2422,6,2428,0.002471169686985173,0.7768921524036352,1.0,0.7768921524036352,1276,0.5268373245251858,1.0,1
"iteration_3","SCOPE_DATA_COLLECTION",600,23,1450.0,1510.0,2,3568,2532,909,3569,2341,896,3557,2525,902,3,10,5,8.426966292134832E-4,0.0039447731755424065,0.005512679162072767,0.3170255352967723,0.7793564533971128,1.4508272192447962,0.6340510705935446,0.7793564533971128,0.9672181461631975,0.2004498172617374,0.5136633663366337,0.6097560975609756,97.5,100.0,4146,299,2564,18,0,0,0.004341534008683068,0.0,0.0,0.1,0.4,0.6000000000000001,0.6000000000000001,55.0,75.0,75.0,0.2,0.4,0.6000000000000001,0.6000000000000001,65.0,65.0,65.0,899,889,10,899,0.011123470522803115,1.440589850791379,1.5,0.9603932338609193,542,0.609673790776153,1.0,1
"iteration_3","SCOPE_DATA_COLLECTION",600,24,1510.0,1570.0,0,3491,2428,899,3568,2532,909,3494,2420,887,0,6,10,0.0,0.00247320692497939,0.011148272017837236,0.31996429633986717,0.777781083260337,1.4448658168817603,0.6399285926797343,0.777781083260337,0.9632438779211735,0.21179164281625643,0.5264462809917355,0.6121758737316798,95.0,100.0,4121,543,2154,15,1,0,0.0036398932297985924,0.001841620626151013,0.0,0.2,0.4,0.6000000000000001,0.6000000000000001,65.0,65.0,65.0,0.9500000000000001,0.2,0.6000000000000001,0.30000000000000004,20.0,40.0,95.0,3480,3476,4,3480,0.0011494252873563218,0.3118150414587035,0.5,0.623630082917407,602,0.17318757192174913,1.0,1
"iteration_3","SCOPE_DATA_COLLECTION",600,24,1510.0,1570.0,1,3491,2428,899,3568,2532,909,3494,2420,887,0,6,10,0.0,0.00247320692497939,0.011148272017837236,0.31996429633986717,0.777781083260337,1.4448658168817603,0.6399285926797343,0.777781083260337,0.9632438779211735,0.21179164281625643,0.5264462809917355,0.6121758737316798,95.0,100.0,4121,543,2154,15,1,0,0.0036398932297985924,0.001841620626151013,0.0,0.2,0.4,0.6000000000000001,0.6000000000000001,65.0,65.0,65.0,0.9500000000000001,0.2,0.6000000000000001,0.30000000000000004,20.0,40.0,95.0,2390,2384,6,2390,0.002510460251046025,0.7601863361144097,1.0,0.7601863361144097,1205,0.5054530201342282,1.0,1
"iteration_3","SCOPE_DATA_COLLECTION",600,24,1510.0,1570.0,2,3491,2428,899,3568,2532,909,3494,2420,887,0,6,10,0.0,0.00247320692497939,0.011148272017837236,0.31996429633986717,0.777781083260337,1.4448658168817603,0.6399285926797343,0.777781083260337,0.9632438779211735,0.21179164281625643,0.5264462809917355,0.6121758737316798,95.0,100.0,4121,543,2154,15,1,0,0.0036398932297985924,0.001841620626151013,0.0,0.2,0.4,0.6000000000000001,0.6000000000000001,65.0,65.0,65.0,0.9500000000000001,0.2,0.6000000000000001,0.30000000000000004,20.0,40.0,95.0,923,920,3,923,0.0032502708559046588,1.484515761175831,1.5,0.9896771741172207,586,0.6369565217391304,1.0,1
"iteration_3","SCOPE_DATA_COLLECTION",600,25,1570.0,1630.0,0,3480,2390,923,3491,2428,899,3480,2387,921,4,6,3,0.001148105625717566,0.0025073129962390303,0.003246753246753247,0.3122395853632401,0.760717418854249,1.4845638569266746,0.6244791707264802,0.760717418854249,0.9897092379511164,0.17385057471264367,0.508169250104734,0.6362649294245385,100.0,100.0,4054,2620,119,11,2,0,0.002713369511593488,7.633587786259542E-4,0.0,0.9500000000000001,0.2,0.6000000000000001,0.30000000000000004,20.0,40.0,95.0,0.9500000000000001,0.1,0.7000000000000001,0.4,30.0,40.0,95.0,3639,3638,1,3639,2.748007694421544E-4,0.32710157964075576,0.5,0.6542031592815115,703,0.19323804288070368,1.0,1
"iteration_3","SCOPE_DATA_COLLECTION",600,25,1570.0,1630.0,1,3480,2390,923,3491,2428,899,3480,2387,921,4,6,3,0.001148105625717566,0.0025073129962390303,0.003246753246753247,0.3122395853632401,0.760717418854249,1.4845638569266746,0.6244791707264802,0.760717418854249,0.9897092379511164,0.17385057471264367,0.508169250104734,0.6362649294245385,100.0,100.0,4054,2620,119,11,2,0,0.002713369511593488,7.633587786259542E-4,0.0,0.9500000000000001,0.2,0.6000000000000001,0.30000000000000004,20.0,40.0,95.0,0.9500000000000001,0.1,0.7000000000000001,0.4,30.0,40.0,95.0,2278,2270,8,2278,0.003511852502194908,0.7997504369190851,1.0,0.7997504369190851,1240,0.5462555066079295,1.0,1
"iteration_3","SCOPE_DATA_COLLECTION",600,25,1570.0,1630.0,2,3480,2390,923,3491,2428,899,3480,2387,921,4,6,3,0.001148105625717566,0.0025073129962390303,0.003246753246753247,0.3122395853632401,0.760717418854249,1.4845638569266746,0.6244791707264802,0.760717418854249,0.9897092379511164,0.17385057471264367,0.508169250104734,0.6362649294245385,100.0,100.0,4054,2620,119,11,2,0,0.002713369511593488,7.633587786259542E-4,0.0,0.9500000000000001,0.2,0.6000000000000001,0.30000000000000004,20.0,40.0,95.0,0.9500000000000001,0.1,0.7000000000000001,0.4,30.0,40.0,95.0,886,882,4,886,0.004514672686230248,1.4853787532272236,1.5,0.9902525021514824,562,0.63718820861678,1.0,1
"iteration_3","SCOPE_DATA_COLLECTION",600,26,1630.0,1690.0,0,3639,2278,886,3480,2390,923,3634,2270,886,1,8,4,2.751031636863824E-4,0.003511852502194908,0.0044943820224719105,0.3271149738598386,0.7983788868384956,1.4911879140920843,0.6542299477196772,0.7983788868384956,0.9941252760613896,0.1934507429829389,0.5436123348017621,0.6399548532731377,92.5,100.0,4284,2386,133,12,1,0,0.0028011204481792717,4.1911148365465214E-4,0.0,0.9500000000000001,0.1,0.7000000000000001,0.4,30.0,40.0,95.0,0.4,0.5,0.4,0.30000000000000004,80.0,40.0,60.0,3497,3496,1,3497,2.8595939376608524E-4,0.3226383743606814,0.5,0.6452767487213628,762,0.21796338672768878,1.0,1
"iteration_3","SCOPE_DATA_COLLECTION",600,26,1630.0,1690.0,1,3639,2278,886,3480,2390,923,3634,2270,886,1,8,4,2.751031636863824E-4,0.003511852502194908,0.0044943820224719105,0.3271149738598386,0.7983788868384956,1.4911879140920843,0.6542299477196772,0.7983788868384956,0.9941252760613896,0.1934507429829389,0.5436123348017621,0.6399548532731377,92.5,100.0,4284,2386,133,12,1,0,0.0028011204481792717,4.1911148365465214E-4,0.0,0.9500000000000001,0.1,0.7000000000000001,0.4,30.0,40.0,95.0,0.4,0.5,0.4,0.30000000000000004,80.0,40.0,60.0,2431,2429,2,2431,8.227067050596463E-4,0.7712255502807973,1.0,0.7712255502807973,1286,0.5294359818855496,1.0,1
"iteration_3","SCOPE_DATA_COLLECTION",600,26,1630.0,1690.0,2,3639,2278,886,3480,2390,923,3634,2270,886,1,8,4,2.751031636863824E-4,0.003511852502194908,0.0044943820224719105,0.3271149738598386,0.7983788868384956,1.4911879140920843,0.6542299477196772,0.7983788868384956,0.9941252760613896,0.1934507429829389,0.5436123348017621,0.6399548532731377,92.5,100.0,4284,2386,133,12,1,0,0.0028011204481792717,4.1911148365465214E-4,0.0,0.9500000000000001,0.1,0.7000000000000001,0.4,30.0,40.0,95.0,0.4,0.5,0.4,0.30000000000000004,80.0,40.0,60.0,876,875,1,876,0.001141552511415525,1.4320233033751835,1.5,0.9546822022501223,537,0.6137142857142858,1.0,1
"iteration_3","SCOPE_DATA_COLLECTION",600,27,1690.0,1750.0,0,3497,2431,876,3639,2278,886,3494,2436,872,1,2,1,2.861230329041488E-4,8.203445447087777E-4,0.001145475372279496,0.3217909024716593,0.7730561262703795,1.422743116759834,0.6435818049433186,0.7730561262703795,0.9484954111732226,0.2160847166571265,0.5311986863711001,0.6077981651376146,100.0,100.0,4100,1085,1619,3,1,0,7.317073170731707E-4,9.216589861751152E-4,0.0,0.4,0.5,0.4,0.30000000000000004,80.0,40.0,60.0,0.4,0.5,0.30000000000000004,0.30000000000000004,80.0,50.0,60.0,3581,3576,5,3581,0.0013962580284836638,0.31402590669935077,0.5,0.6280518133987015,690,0.1929530201342282,1.0,1
"iteration_3","SCOPE_DATA_COLLECTION",600,27,1690.0,1750.0,1,3497,2431,876,3639,2278,886,3494,2436,872,1,2,1,2.861230329041488E-4,8.203445447087777E-4,0.001145475372279496,0.3217909024716593,0.7730561262703795,1.422743116759834,0.6435818049433186,0.7730561262703795,0.9484954111732226,0.2160847166571265,0.5311986863711001,0.6077981651376146,100.0,100.0,4100,1085,1619,3,1,0,7.317073170731707E-4,9.216589861751152E-4,0.0,0.4,0.5,0.4,0.30000000000000004,80.0,40.0,60.0,0.4,0.5,0.30000000000000004,0.30000000000000004,80.0,50.0,60.0,2328,2327,1,2328,4.29553264604811E-4,0.7794742932774346,1.0,0.7794742932774346,1262,0.5423291792006876,1.0,1
"iteration_3","SCOPE_DATA_COLLECTION",600,27,1690.0,1750.0,2,3497,2431,876,3639,2278,886,3494,2436,872,1,2,1,2.861230329041488E-4,8.203445447087777E-4,0.001145475372279496,0.3217909024716593,0.7730561262703795,1.422743116759834,0.6435818049433186,0.7730561262703795,0.9484954111732226,0.2160847166571265,0.5311986863711001,0.6077981651376146,100.0,100.0,4100,1085,1619,3,1,0,7.317073170731707E-4,9.216589861751152E-4,0.0,0.4,0.5,0.4,0.30000000000000004,80.0,40.0,60.0,0.4,0.5,0.30000000000000004,0.30000000000000004,80.0,50.0,60.0,854,851,3,854,0.00351288056206089,1.40435745243358,1.5,0.9362383016223866,514,0.6039952996474736,1.0,1
"iteration_3","SCOPE_DATA_COLLECTION",600,28,1750.0,1810.0,0,3581,2328,854,3497,2431,876,3575,2326,850,5,1,3,0.0013966480446927375,4.297378599054577E-4,0.0035169988276670576,0.31434522487452043,0.7790764957611078,1.41074114864243,0.6286904497490409,0.7790764957611078,0.9404940990949533,0.19244755244755246,0.5421324161650903,0.6082352941176471,97.5,100.0,4114,1048,1601,9,0,0,0.0021876519202722413,0.0,0.0,0.4,0.5,0.30000000000000004,0.30000000000000004,80.0,50.0,60.0,0.6000000000000001,0.7000000000000001,0.30000000000000004,0.2,95.0,40.0,55.0,3556,3556,0,3556,0.0,0.3261767914326243,0.5,0.6523535828652486,747,0.21006749156355456,1.0,1
"iteration_3","SCOPE_DATA_COLLECTION",600,28,1750.0,1810.0,1,3581,2328,854,3497,2431,876,3575,2326,850,5,1,3,0.0013966480446927375,4.297378599054577E-4,0.0035169988276670576,0.31434522487452043,0.7790764957611078,1.41074114864243,0.6286904497490409,0.7790764957611078,0.9404940990949533,0.19244755244755246,0.5421324161650903,0.6082352941176471,97.5,100.0,4114,1048,1601,9,0,0,0.0021876519202722413,0.0,0.0,0.4,0.5,0.30000000000000004,0.30000000000000004,80.0,50.0,60.0,0.6000000000000001,0.7000000000000001,0.30000000000000004,0.2,95.0,40.0,55.0,2415,2414,1,2415,4.1407867494824016E-4,0.7371272690233776,1.0,0.7371272690233776,1194,0.49461474730737365,1.0,1
"iteration_3","SCOPE_DATA_COLLECTION",600,28,1750.0,1810.0,2,3581,2328,854,3497,2431,876,3575,2326,850,5,1,3,0.0013966480446927375,4.297378599054577E-4,0.0035169988276670576,0.31434522487452043,0.7790764957611078,1.41074114864243,0.6286904497490409,0.7790764957611078,0.9404940990949533,0.19244755244755246,0.5421324161650903,0.6082352941176471,97.5,100.0,4114,1048,1601,9,0,0,0.0021876519202722413,0.0,0.0,0.4,0.5,0.30000000000000004,0.30000000000000004,80.0,50.0,60.0,0.6000000000000001,0.7000000000000001,0.30000000000000004,0.2,95.0,40.0,55.0,915,911,4,915,0.004371584699453552,1.3752769156551459,1.5,0.9168512771034306,535,0.5872667398463227,1.0,1
"iteration_3","SCOPE_DATA_COLLECTION",600,29,1810.0,1870.0,0,3556,2415,915,3581,2328,854,3570,2403,912,0,1,4,0.0,4.1597337770382697E-4,0.004366812227074236,0.3269277879574403,0.7370299765294313,1.3716400499236452,0.6538555759148806,0.7370299765294313,0.9144266999490968,0.21176470588235294,0.49563046192259674,0.5855263157894737,100.0,100.0,4115,1678,1093,4,1,0,9.720534629404617E-4,5.959475566150178E-4,0.0,0.6000000000000001,0.7000000000000001,0.30000000000000004,0.2,95.0,40.0,55.0,0.7000000000000001,0.8,0.30000000000000004,0.2,85.0,40.0,45.0,3618,3613,5,3618,0.0013819789939192924,0.32650798046528556,0.5,0.6530159609305711,806,0.22308331026847494,1.0,1
"iteration_3","SCOPE_DATA_COLLECTION",600,29,1810.0,1870.0,1,3556,2415,915,3581,2328,854,3570,2403,912,0,1,4,0.0,4.1597337770382697E-4,0.004366812227074236,0.3269277879574403,0.7370299765294313,1.3716400499236452,0.6538555759148806,0.7370299765294313,0.9144266999490968,0.21176470588235294,0.49563046192259674,0.5855263157894737,100.0,100.0,4115,1678,1093,4,1,0,9.720534629404617E-4,5.959475566150178E-4,0.0,0.6000000000000001,0.7000000000000001,0.30000000000000004,0.2,95.0,40.0,55.0,0.7000000000000001,0.8,0.30000000000000004,0.2,85.0,40.0,45.0,2382,2376,6,2382,0.0025188916876574307,0.7798709526196888,1.0,0.7798709526196888,1245,0.523989898989899,1.0,1
"iteration_3","SCOPE_DATA_COLLECTION",600,29,1810.0,1870.0,2,3556,2415,915,3581,2328,854,3570,2403,912,0,1,4,0.0,4.1597337770382697E-4,0.004366812227074236,0.3269277879574403,0.7370299765294313,1.3716400499236452,0.6538555759148806,0.7370299765294313,0.9144266999490968,0.21176470588235294,0.49563046192259674,0.5855263157894737,100.0,100.0,4115,1678,1093,4,1,0,9.720534629404617E-4,5.959475566150178E-4,0.0,0.6000000000000001,0.7000000000000001,0.30000000000000004,0.2,95.0,40.0,55.0,0.7000000000000001,0.8,0.30000000000000004,0.2,85.0,40.0,45.0,879,875,4,879,0.004550625711035267,1.4068743058976874,1.5,0.9379162039317915,526,0.6011428571428571,1.0,1
"iteration_3","SCOPE_DATA_COLLECTION",600,30,1870.0,1930.0,0,3618,2382,879,3556,2415,915,3604,2386,878,5,6,4,0.0013854253255749516,0.002508361204013378,0.0045351473922902496,0.3254977731571422,0.7789353262372838,1.408076906371585,0.6509955463142844,0.7789353262372838,0.9387179375810567,0.22169811320754718,0.5217937971500419,0.6013667425968109,97.5,100.0,4179,1941,759,14,1,0,0.0033500837520938024,5.151983513652757E-4,0.0,0.7000000000000001,0.8,0.30000000000000004,0.2,85.0,40.0,45.0,0.6000000000000001,0.7000000000000001,0.30000000000000004,0.30000000000000004,75.0,50.0,45.0,3526,3525,1,3526,2.836074872376631E-4,0.3233139761448797,0.5,0.6466279522897594,772,0.21900709219858155,1.0,1
"iteration_3","SCOPE_DATA_COLLECTION",600,30,1870.0,1930.0,1,3618,2382,879,3556,2415,915,3604,2386,878,5,6,4,0.0013854253255749516,0.002508361204013378,0.0045351473922902496,0.3254977731571422,0.7789353262372838,1.408076906371585,0.6509955463142844,0.7789353262372838,0.9387179375810567,0.22169811320754718,0.5217937971500419,0.6013667425968109,97.5,100.0,4179,1941,759,14,1,0,0.0033500837520938024,5.151983513652757E-4,0.0,0.7000000000000001,0.8,0.30000000000000004,0.2,85.0,40.0,45.0,0.6000000000000001,0.7000000000000001,0.30000000000000004,0.30000000000000004,75.0,50.0,45.0,2507,2500,7,2507,0.002792181890706023,0.744309945615662,1.0,0.744309945615662,1242,0.4968,1.0,1
"iteration_3","SCOPE_DATA_COLLECTION",600,30,1870.0,1930.0,2,3618,2382,879,3556,2415,915,3604,2386,878,5,6,4,0.0013854253255749516,0.002508361204013378,0.0045351473922902496,0.3254977731571422,0.7789353262372838,1.408076906371585,0.6509955463142844,0.7789353262372838,0.9387179375810567,0.22169811320754718,0.5217937971500419,0.6013667425968109,97.5,100.0,4179,1941,759,14,1,0,0.0033500837520938024,5.151983513652757E-4,0.0,0.7000000000000001,0.8,0.30000000000000004,0.2,85.0,40.0,45.0,0.6000000000000001,0.7000000000000001,0.30000000000000004,0.30000000000000004,75.0,50.0,45.0,878,876,2,878,0.002277904328018223,1.4207488789343892,1.5,0.9471659192895928,534,0.6095890410958904,1.0,1
"iteration_3","SCOPE_DATA_COLLECTION",600,31,1930.0,1990.0,0,3526,2507,878,3618,2382,879,3528,2503,869,1,7,2,2.8336639274582036E-4,0.0027888446215139444,0.002296211251435132,0.32432005197412966,0.7431828409598131,1.4180020660981976,0.6486401039482593,0.7431828409598131,0.9453347107321317,0.22108843537414966,0.49620455453455853,0.6075949367088608,95.0,100.0,4101,1701,1109,9,1,0,0.0021945866861741038,5.878894767783657E-4,0.0,0.6000000000000001,0.7000000000000001,0.30000000000000004,0.30000000000000004,75.0,50.0,45.0,0.6000000000000001,0.7000000000000001,0.30000000000000004,0.30000000000000004,75.0,50.0,45.0,3610,3605,5,3610,0.0013850415512465374,0.3140968601306606,0.5,0.6281937202613213,755,0.20943134535367544,1.0,1
"iteration_3","SCOPE_DATA_COLLECTION",600,31,1930.0,1990.0,1,3526,2507,878,3618,2382,879,3528,2503,869,1,7,2,2.8336639274582036E-4,0.0027888446215139444,0.002296211251435132,0.32432005197412966,0.7431828409598131,1.4180020660981976,0.6486401039482593,0.7431828409598131,0.9453347107321317,0.22108843537414966,0.49620455453455853,0.6075949367088608,95.0,100.0,4101,1701,1109,9,1,0,0.0021945866861741038,5.878894767783657E-4,0.0,0.6000000000000001,0.7000000000000001,0.30000000000000004,0.30000000000000004,75.0,50.0,45.0,0.6000000000000001,0.7000000000000001,0.30000000000000004,0.30000000000000004,75.0,50.0,45.0,2405,2401,4,2405,0.0016632016632016633,0.7524934105269564,1.0,0.7524934105269564,1253,0.521865889212828,1.0,1
"iteration_3","SCOPE_DATA_COLLECTION",600,31,1930.0,1990.0,2,3526,2507,878,3618,2382,879,3528,2503,869,1,7,2,2.8336639274582036E-4,0.0027888446215139444,0.002296211251435132,0.32432005197412966,0.7431828409598131,1.4180020660981976,0.6486401039482593,0.7431828409598131,0.9453347107321317,0.22108843537414966,0.49620455453455853,0.6075949367088608,95.0,100.0,4101,1701,1109,9,1,0,0.0021945866861741038,5.878894767783657E-4,0.0,0.6000000000000001,0.7000000000000001,0.30000000000000004,0.30000000000000004,75.0,50.0,45.0,0.6000000000000001,0.7000000000000001,0.30000000000000004,0.30000000000000004,75.0,50.0,45.0,906,906,0,906,0.0,1.415251414780682,1.5,0.9435009431871214,545,0.6015452538631346,1.0,1
"iteration_3","SCOPE_DATA_COLLECTION",600,32,1990.0,2050.0,0,3610,2405,906,3526,2507,878,3607,2389,913,5,4,0,0.0013842746400885937,0.001671541997492687,0.0,0.3137779967176255,0.752866378293304,1.420584853968251,0.627555993435251,0.752866378293304,0.9470565693121674,0.2093152204047685,0.5219757220594391,0.6056955093099672,100.0,100.0,4070,1694,1157,7,2,0,0.0017199017199017199,0.0011806375442739079,0.0,0.6000000000000001,0.7000000000000001,0.30000000000000004,0.30000000000000004,75.0,50.0,45.0,0.7000000000000001,0.2,0.6000000000000001,0.6000000000000001,45.0,60.0,45.0,3560,3557,3,3560,8.426966292134832E-4,0.30939854154368884,0.5,0.6187970830873777,581,0.16333989316840034,1.0,1
"iteration_3","SCOPE_DATA_COLLECTION",600,32,1990.0,2050.0,1,3610,2405,906,3526,2507,878,3607,2389,913,5,4,0,0.0013842746400885937,0.001671541997492687,0.0,0.3137779967176255,0.752866378293304,1.420584853968251,0.627555993435251,0.752866378293304,0.9470565693121674,0.2093152204047685,0.5219757220594391,0.6056955093099672,100.0,100.0,4070,1694,1157,7,2,0,0.0017199017199017199,0.0011806375442739079,0.0,0.6000000000000001,0.7000000000000001,0.30000000000000004,0.30000000000000004,75.0,50.0,45.0,0.7000000000000001,0.2,0.6000000000000001,0.6000000000000001,45.0,60.0,45.0,2384,2379,5,2384,0.0020973154362416107,0.7610787350515312,1.0,0.7610787350515312,1228,0.5161832702816309,1.0,1
"iteration_3","SCOPE_DATA_COLLECTION",600,32,1990.0,2050.0,2,3610,2405,906,3526,2507,878,3607,2389,913,5,4,0,0.0013842746400885937,0.001671541997492687,0.0,0.3137779967176255,0.752866378293304,1.420584853968251,0.627555993435251,0.752866378293304,0.9470565693121674,0.2093152204047685,0.5219757220594391,0.6056955093099672,100.0,100.0,4070,1694,1157,7,2,0,0.0017199017199017199,0.0011806375442739079,0.0,0.6000000000000001,0.7000000000000001,0.30000000000000004,0.30000000000000004,75.0,50.0,45.0,0.7000000000000001,0.2,0.6000000000000001,0.6000000000000001,45.0,60.0,45.0,879,874,5,879,0.005688282138794084,1.4414056522929262,1.5,0.9609371015286174,540,0.6178489702517163,1.0,1
"iteration_3","SCOPE_DATA_COLLECTION",600,33,2050.0,2110.0,0,3560,2384,879,3610,2405,906,3555,2377,872,3,5,5,8.431703204047217E-4,0.0020990764063811922,0.005701254275940707,0.3095593944980228,0.7626040866976123,1.4374494010311263,0.6191187889960456,0.7626040866976123,0.9582996006874175,0.16371308016877636,0.5187210769877998,0.6158256880733946,95.0,100.0,4168,1885,770,8,5,0,0.0019193857965451055,0.002652519893899204,0.0,0.7000000000000001,0.2,0.6000000000000001,0.6000000000000001,45.0,60.0,45.0,0.7000000000000001,0.2,0.7000000000000001,0.5,55.0,50.0,35.0,3570,3566,4,3570,0.0011204481792717086,0.3059835055656249,0.5,0.6119670111312498,565,0.15844083006169377,1.0,1
"iteration_3","SCOPE_DATA_COLLECTION",600,33,2050.0,2110.0,1,3560,2384,879,3610,2405,906,3555,2377,872,3,5,5,8.431703204047217E-4,0.0020990764063811922,0.005701254275940707,0.3095593944980228,0.7626040866976123,1.4374494010311263,0.6191187889960456,0.7626040866976123,0.9582996006874175,0.16371308016877636,0.5187210769877998,0.6158256880733946,95.0,100.0,4168,1885,770,8,5,0,0.0019193857965451055,0.002652519893899204,0.0,0.7000000000000001,0.2,0.6000000000000001,0.6000000000000001,45.0,60.0,45.0,0.7000000000000001,0.2,0.7000000000000001,0.5,55.0,50.0,35.0,2348,2343,5,2348,0.002129471890971039,0.7611857924111239,1.0,0.7611857924111239,1225,0.5228339735381989,1.0,1
"iteration_3","SCOPE_DATA_COLLECTION",600,33,2050.0,2110.0,2,3560,2384,879,3610,2405,906,3555,2377,872,3,5,5,8.431703204047217E-4,0.0020990764063811922,0.005701254275940707,0.3095593944980228,0.7626040866976123,1.4374494010311263,0.6191187889960456,0.7626040866976123,0.9582996006874175,0.16371308016877636,0.5187210769877998,0.6158256880733946,95.0,100.0,4168,1885,770,8,5,0,0.0019193857965451055,0.002652519893899204,0.0,0.7000000000000001,0.2,0.6000000000000001,0.6000000000000001,45.0,60.0,45.0,0.7000000000000001,0.2,0.7000000000000001,0.5,55.0,50.0,35.0,970,962,8,970,0.008247422680412371,1.4144298676705462,1.5,0.9429532451136975,577,0.5997920997920998,1.0,1
"iteration_3","SCOPE_DATA_COLLECTION",600,34,2110.0,2170.0,0,3570,2348,970,3560,2384,879,3559,2347,963,4,5,8,0.001122649452708392,0.0021258503401360546,0.008238928939237899,0.3060767568356153,0.7591859422278938,1.4203947848397516,0.6121535136712306,0.7591859422278938,0.9469298565598344,0.1584714807530205,0.5206646783127397,0.6022845275181724,100.0,100.0,4164,1903,821,16,1,0,0.0038424591738712775,5.254860746190226E-4,0.0,0.7000000000000001,0.2,0.7000000000000001,0.5,55.0,50.0,35.0,0.65,0.9,0.4,0.6000000000000001,75.0,55.0,90.0,3551,3545,6,3551,0.0016896648831315122,0.32836180766728323,0.5,0.6567236153345665,831,0.23441466854724965,1.0,1
"iteration_3","SCOPE_DATA_COLLECTION",600,34,2110.0,2170.0,1,3570,2348,970,3560,2384,879,3559,2347,963,4,5,8,0.001122649452708392,0.0021258503401360546,0.008238928939237899,0.3060767568356153,0.7591859422278938,1.4203947848397516,0.6121535136712306,0.7591859422278938,0.9469298565598344,0.1584714807530205,0.5206646783127397,0.6022845275181724,100.0,100.0,4164,1903,821,16,1,0,0.0038424591738712775,5.254860746190226E-4,0.0,0.7000000000000001,0.2,0.7000000000000001,0.5,55.0,50.0,35.0,0.65,0.9,0.4,0.6000000000000001,75.0,55.0,90.0,2354,2349,5,2354,0.0021240441801189465,0.7749374303752979,1.0,0.7749374303752979,1228,0.5227756492124308,1.0,1
"iteration_3","SCOPE_DATA_COLLECTION",600,34,2110.0,2170.0,2,3570,2348,970,3560,2384,879,3559,2347,963,4,5,8,0.001122649452708392,0.0021258503401360546,0.008238928939237899,0.3060767568356153,0.7591859422278938,1.4203947848397516,0.6121535136712306,0.7591859422278938,0.9469298565598344,0.1584714807530205,0.5206646783127397,0.6022845275181724,100.0,100.0,4164,1903,821,16,1,0,0.0038424591738712775,5.254860746190226E-4,0.0,0.7000000000000001,0.2,0.7000000000000001,0.5,55.0,50.0,35.0,0.65,0.9,0.4,0.6000000000000001,75.0,55.0,90.0,930,926,4,930,0.004301075268817204,1.440868984459351,1.5,0.9605793229729006,563,0.6079913606911447,1.0,1
"iteration_3","SCOPE_DATA_COLLECTION",600,35,2170.0,2230.0,0,3551,2354,930,3570,2348,970,3551,2351,927,6,5,4,0.0016868147315153219,0.0021222410865874364,0.004296455424274973,0.3280868397537626,0.7750957958527042,1.4359872811819454,0.6561736795075253,0.7750957958527042,0.957324854121297,0.23289214305829345,0.5223309230114844,0.6062567421790723,95.0,100.0,4089,1802,944,13,2,0,0.0031792614331132307,0.0011098779134295228,0.0,0.65,0.9,0.4,0.6000000000000001,75.0,55.0,90.0,0.55,0.9,0.30000000000000004,0.5,75.0,65.0,95.0,3458,3453,5,3458,0.0014459224985540775,0.3095776022866078,0.5,0.6191552045732156,700,0.20272227048942948,1.0,1
"iteration_3","SCOPE_DATA_COLLECTION",600,35,2170.0,2230.0,1,3551,2354,930,3570,2348,970,3551,2351,927,6,5,4,0.0016868147315153219,0.0021222410865874364,0.004296455424274973,0.3280868397537626,0.7750957958527042,1.4359872811819454,0.6561736795075253,0.7750957958527042,0.957324854121297,0.23289214305829345,0.5223309230114844,0.6062567421790723,95.0,100.0,4089,1802,944,13,2,0,0.0031792614331132307,0.0011098779134295228,0.0,0.65,0.9,0.4,0.6000000000000001,75.0,55.0,90.0,0.55,0.9,0.30000000000000004,0.5,75.0,65.0,95.0,2469,2462,7,2469,0.0028351559335763467,0.7557256840043219,1.0,0.7557256840043219,1270,0.5158407798537774,1.0,1
"iteration_3","SCOPE_DATA_COLLECTION",600,35,2170.0,2230.0,2,3551,2354,930,3570,2348,970,3551,2351,927,6,5,4,0.0016868147315153219,0.0021222410865874364,0.004296455424274973,0.3280868397537626,0.7750957958527042,1.4359872811819454,0.6561736795075253,0.7750957958527042,0.957324854121297,0.23289214305829345,0.5223309230114844,0.6062567421790723,95.0,100.0,4089,1802,944,13,2,0,0.0031792614331132307,0.0011098779134295228,0.0,0.65,0.9,0.4,0.6000000000000001,75.0,55.0,90.0,0.55,0.9,0.30000000000000004,0.5,75.0,65.0,95.0,918,909,9,918,0.00980392156862745,1.4128923657019943,1.5,0.9419282438013296,542,0.5962596259625963,1.0,1
"iteration_3","SCOPE_DATA_COLLECTION",600,36,2230.0,2290.0,0,3458,2469,918,3551,2354,930,3447,2456,911,5,7,9,0.0014484356894553883,0.0028420625253755584,0.009782608695652175,0.3093830387106329,0.7569497099206054,1.4128155248547607,0.6187660774212658,0.7569497099206054,0.9418770165698405,0.20249492312155498,0.5154723127035831,0.5949506037321625,97.5,100.0,4005,1608,1232,20,1,0,0.004993757802746567,6.218905472636816E-4,0.0,0.55,0.9,0.30000000000000004,0.5,75.0,65.0,95.0,0.55,0.9,0.30000000000000004,0.5,75.0,65.0,95.0,3550,3547,3,3550,8.450704225352113E-4,0.3188717608509593,0.5,0.6377435217019186,759,0.21398364815336904,1.0,1
"iteration_3","SCOPE_DATA_COLLECTION",600,36,2230.0,2290.0,1,3458,2469,918,3551,2354,930,3447,2456,911,5,7,9,0.0014484356894553883,0.0028420625253755584,0.009782608695652175,0.3093830387106329,0.7569497099206054,1.4128155248547607,0.6187660774212658,0.7569497099206054,0.9418770165698405,0.20249492312155498,0.5154723127035831,0.5949506037321625,97.5,100.0,4005,1608,1232,20,1,0,0.004993757802746567,6.218905472636816E-4,0.0,0.55,0.9,0.30000000000000004,0.5,75.0,65.0,95.0,0.55,0.9,0.30000000000000004,0.5,75.0,65.0,95.0,2356,2351,5,2356,0.0021222410865874364,0.7655719032272837,1.0,0.7655719032272837,1232,0.5240323266695024,1.0,1
"iteration_3","SCOPE_DATA_COLLECTION",600,36,2230.0,2290.0,2,3458,2469,918,3551,2354,930,3447,2456,911,5,7,9,0.0014484356894553883,0.0028420625253755584,0.009782608695652175,0.3093830387106329,0.7569497099206054,1.4128155248547607,0.6187660774212658,0.7569497099206054,0.9418770165698405,0.20249492312155498,0.5154723127035831,0.5949506037321625,97.5,100.0,4005,1608,1232,20,1,0,0.004993757802746567,6.218905472636816E-4,0.0,0.55,0.9,0.30000000000000004,0.5,75.0,65.0,95.0,0.55,0.9,0.30000000000000004,0.5,75.0,65.0,95.0,850,845,5,850,0.0058823529411764705,1.4282508884297898,1.5,0.9521672589531932,517,0.6118343195266273,1.0,1
"iteration_3","SCOPE_DATA_COLLECTION",600,37,2290.0,2350.0,0,3550,2356,850,3458,2469,918,3545,2364,837,3,5,5,8.455467869222097E-4,0.002110595187842972,0.0059382422802850355,0.31859721984976386,0.7665244955344673,1.4212713754536985,0.6371944396995277,0.7665244955344673,0.9475142503024657,0.21354019746121297,0.5253807106598984,0.6093189964157706,95.0,100.0,4086,1507,1163,11,2,0,0.0026921194322075378,0.0013271400132714001,0.0,0.55,0.9,0.30000000000000004,0.5,75.0,65.0,95.0,0.45,0.9,0.4,0.6000000000000001,65.0,65.0,95.0,3601,3596,5,3601,0.0013885031935573452,0.3179266163309923,0.5,0.6358532326619846,779,0.21662958843159066,1.0,1
"iteration_3","SCOPE_DATA_COLLECTION",600,37,2290.0,2350.0,1,3550,2356,850,3458,2469,918,3545,2364,837,3,5,5,8.455467869222097E-4,0.002110595187842972,0.0059382422802850355,0.31859721984976386,0.7665244955344673,1.4212713754536985,0.6371944396995277,0.7665244955344673,0.9475142503024657,0.21354019746121297,0.5253807106598984,0.6093189964157706,95.0,100.0,4086,1507,1163,11,2,0,0.0026921194322075378,0.0013271400132714001,0.0,0.55,0.9,0.30000000000000004,0.5,75.0,65.0,95.0,0.45,0.9,0.4,0.6000000000000001,65.0,65.0,95.0,2433,2426,7,2433,0.002877106452938759,0.7410054803840338,1.0,0.7410054803840338,1219,0.5024732069249794,1.0,1
"iteration_3","SCOPE_DATA_COLLECTION",600,37,2290.0,2350.0,2,3550,2356,850,3458,2469,918,3545,2364,837,3,5,5,8.455467869222097E-4,0.002110595187842972,0.0059382422802850355,0.31859721984976386,0.7665244955344673,1.4212713754536985,0.6371944396995277,0.7665244955344673,0.9475142503024657,0.21354019746121297,0.5253807106598984,0.6093189964157706,95.0,100.0,4086,1507,1163,11,2,0,0.0026921194322075378,0.0013271400132714001,0.0,0.55,0.9,0.30000000000000004,0.5,75.0,65.0,95.0,0.45,0.9,0.4,0.6000000000000001,65.0,65.0,95.0,922,914,8,922,0.008676789587852495,1.3960026615277188,1.5,0.9306684410184792,539,0.5897155361050328,1.0,1
"iteration_3","SCOPE_DATA_COLLECTION",600,38,2350.0,2410.0,0,3601,2433,922,3550,2356,850,3604,2420,914,5,7,8,0.0013854253255749516,0.00288421920065925,0.008676789587852495,0.3183207847845424,0.7386856825389991,1.4009157217566,0.6366415695690848,0.7386856825389991,0.9339438145044,0.21753607103218647,0.5016528925619834,0.5919037199124726,100.0,100.0,4082,1323,1551,19,1,0,0.0046545810877021065,7.558578987150416E-4,0.0,0.45,0.9,0.4,0.6000000000000001,65.0,65.0,95.0,0.35000000000000003,0.1,0.7000000000000001,0.5,45.0,55.0,65.0,3508,3502,6,3508,0.0017103762827822121,0.31228277599363685,0.5,0.6245655519872737,630,0.17989720159908623,1.0,1
"iteration_3","SCOPE_DATA_COLLECTION",600,38,2350.0,2410.0,1,3601,2433,922,3550,2356,850,3604,2420,914,5,7,8,0.0013854253255749516,0.00288421920065925,0.008676789587852495,0.3183207847845424,0.7386856825389991,1.4009157217566,0.6366415695690848,0.7386856825389991,0.9339438145044,0.21753607103218647,0.5016528925619834,0.5919037199124726,100.0,100.0,4082,1323,1551,19,1,0,0.0046545810877021065,7.558578987150416E-4,0.0,0.45,0.9,0.4,0.6000000000000001,65.0,65.0,95.0,0.35000000000000003,0.1,0.7000000000000001,0.5,45.0,55.0,65.0,2487,2483,4,2487,0.0016083634901487736,0.7826646234637,1.0,0.7826646234637,1332,0.5364478453483689,1.0,1
"iteration_3","SCOPE_DATA_COLLECTION",600,38,2350.0,2410.0,2,3601,2433,922,3550,2356,850,3604,2420,914,5,7,8,0.0013854253255749516,0.00288421920065925,0.008676789587852495,0.3183207847845424,0.7386856825389991,1.4009157217566,0.6366415695690848,0.7386856825389991,0.9339438145044,0.21753607103218647,0.5016528925619834,0.5919037199124726,100.0,100.0,4082,1323,1551,19,1,0,0.0046545810877021065,7.558578987150416E-4,0.0,0.45,0.9,0.4,0.6000000000000001,65.0,65.0,95.0,0.35000000000000003,0.1,0.7000000000000001,0.5,45.0,55.0,65.0,893,884,9,893,0.010078387458006719,1.4197920889898867,1.5,0.9465280593265911,537,0.6074660633484162,1.0,1
"iteration_3","SCOPE_DATA_COLLECTION",600,39,2410.0,2470.0,0,3508,2487,893,3601,2433,922,3497,2476,894,6,4,9,0.0017128175849272054,0.0016129032258064516,0.009966777408637873,0.3126819350440495,0.782958341909326,1.4243660526593838,0.625363870088099,0.782958341909326,0.9495773684395892,0.18101229625393195,0.5355411954765751,0.610738255033557,100.0,100.0,4254,941,1693,18,1,0,0.004231311706629055,0.0010626992561105207,0.0,0.35000000000000003,0.1,0.7000000000000001,0.5,45.0,55.0,65.0,0.45,0.2,0.7000000000000001,0.6000000000000001,55.0,55.0,55.0,3634,3632,2,3634,5.50357732526142E-4,0.3071113496395584,0.5,0.6142226992791168,640,0.1762114537444934,1.0,1
"iteration_3","SCOPE_DATA_COLLECTION",600,39,2410.0,2470.0,1,3508,2487,893,3601,2433,922,3497,2476,894,6,4,9,0.0017128175849272054,0.0016129032258064516,0.009966777408637873,0.3126819350440495,0.782958341909326,1.4243660526593838,0.625363870088099,0.782958341909326,0.9495773684395892,0.18101229625393195,0.5355411954765751,0.610738255033557,100.0,100.0,4254,941,1693,18,1,0,0.004231311706629055,0.0010626992561105207,0.0,0.35000000000000003,0.1,0.7000000000000001,0.5,45.0,55.0,65.0,0.45,0.2,0.7000000000000001,0.6000000000000001,55.0,55.0,55.0,2410,2409,1,2410,4.149377593360996E-4,0.7872943270458037,1.0,0.7872943270458037,1288,0.5346616853466168,1.0,1
"iteration_3","SCOPE_DATA_COLLECTION",600,39,2410.0,2470.0,2,3508,2487,893,3601,2433,922,3497,2476,894,6,4,9,0.0017128175849272054,0.0016129032258064516,0.009966777408637873,0.3126819350440495,0.782958341909326,1.4243660526593838,0.625363870088099,0.782958341909326,0.9495773684395892,0.18101229625393195,0.5355411954765751,0.610738255033557,100.0,100.0,4254,941,1693,18,1,0,0.004231311706629055,0.0010626992561105207,0.0,0.35000000000000003,0.1,0.7000000000000001,0.5,45.0,55.0,65.0,0.45,0.2,0.7000000000000001,0.6000000000000001,55.0,55.0,55.0,891,887,4,891,0.004489337822671156,1.3893655497782442,1.5,0.9262436998521628,523,0.5896279594137542,1.0,1
"iteration_3","SCOPE_DATA_COLLECTION",600,40,2470.0,2530.0,0,3634,2410,891,3508,2487,893,3634,2405,886,2,1,4,5.5005500550055E-4,4.1562759767248546E-4,0.0044943820224719105,0.3069476090323616,0.7862038167490666,1.392392208401061,0.6138952180647232,0.7862038167490666,0.928261472267374,0.17528893780957622,0.5347193347193347,0.590293453724605,100.0,100.0,4204,1211,1520,7,0,0,0.001665080875356803,0.0,0.0,0.45,0.2,0.7000000000000001,0.6000000000000001,55.0,55.0,55.0,0.35000000000000003,0.2,0.8,0.7000000000000001,65.0,65.0,45.0,3662,3659,3,3662,8.192244675040961E-4,0.3094396671385008,0.5,0.6188793342770016,643,0.1757310740639519,1.0,1
"iteration_3","SCOPE_DATA_COLLECTION",600,40,2470.0,2530.0,1,3634,2410,891,3508,2487,893,3634,2405,886,2,1,4,5.5005500550055E-4,4.1562759767248546E-4,0.0044943820224719105,0.3069476090323616,0.7862038167490666,1.392392208401061,0.6138952180647232,0.7862038167490666,0.928261472267374,0.17528893780957622,0.5347193347193347,0.590293453724605,100.0,100.0,4204,1211,1520,7,0,0,0.001665080875356803,0.0,0.0,0.45,0.2,0.7000000000000001,0.6000000000000001,55.0,55.0,55.0,0.35000000000000003,0.2,0.8,0.7000000000000001,65.0,65.0,45.0,2507,2502,5,2507,0.001994415636218588,0.7679061322542075,1.0,0.7679061322542075,1299,0.5191846522781774,1.0,1
"iteration_3","SCOPE_DATA_COLLECTION",600,40,2470.0,2530.0,2,3634,2410,891,3508,2487,893,3634,2405,886,2,1,4,5.5005500550055E-4,4.1562759767248546E-4,0.0044943820224719105,0.3069476090323616,0.7862038167490666,1.392392208401061,0.6138952180647232,0.7862038167490666,0.928261472267374,0.17528893780957622,0.5347193347193347,0.590293453724605,100.0,100.0,4204,1211,1520,7,0,0,0.001665080875356803,0.0,0.0,0.45,0.2,0.7000000000000001,0.6000000000000001,55.0,55.0,55.0,0.35000000000000003,0.2,0.8,0.7000000000000001,65.0,65.0,45.0,903,894,9,903,0.009966777408637873,1.3999509908831775,1.5,0.933300660588785,533,0.5961968680089486,1.0,1
"iteration_3","SCOPE_DATA_COLLECTION",600,41,2530.0,2590.0,0,3662,2507,903,3634,2410,891,3657,2493,896,3,5,9,8.19672131147541E-4,0.0020016012810248197,0.009944751381215469,0.30856688777372726,0.768331211578542,1.3941656681407117,0.6171337755474545,0.768331211578542,0.9294437787604745,0.17418649165983047,0.5202567188126755,0.59375,100.0,100.0,4263,1017,1792,16,1,0,0.003753225428102275,9.832841691248771E-4,0.0,0.35000000000000003,0.2,0.8,0.7000000000000001,65.0,65.0,45.0,0.45,0.4,0.7000000000000001,0.30000000000000004,25.0,70.0,65.0,3555,3553,2,3555,5.625879043600563E-4,0.31453998362741736,0.5,0.6290799672548347,707,0.1989867717421897,1.0,1
"iteration_3","SCOPE_DATA_COLLECTION",600,41,2530.0,2590.0,1,3662,2507,903,3634,2410,891,3657,2493,896,3,5,9,8.19672131147541E-4,0.0020016012810248197,0.009944751381215469,0.30856688777372726,0.768331211578542,1.3941656681407117,0.6171337755474545,0.768331211578542,0.9294437787604745,0.17418649165983047,0.5202567188126755,0.59375,100.0,100.0,4263,1017,1792,16,1,0,0.003753225428102275,9.832841691248771E-4,0.0,0.35000000000000003,0.2,0.8,0.7000000000000001,65.0,65.0,45.0,0.45,0.4,0.7000000000000001,0.30000000000000004,25.0,70.0,65.0,2421,2420,1,2421,4.130524576621231E-4,0.7513168000642383,1.0,0.7513168000642383,1243,0.5136363636363637,1.0,1
"iteration_3","SCOPE_DATA_COLLECTION",600,41,2530.0,2590.0,2,3662,2507,903,3634,2410,891,3657,2493,896,3,5,9,8.19672131147541E-4,0.0020016012810248197,0.009944751381215469,0.30856688777372726,0.768331211578542,1.3941656681407117,0.6171337755474545,0.768331211578542,0.9294437787604745,0.17418649165983047,0.5202567188126755,0.59375,100.0,100.0,4263,1017,1792,16,1,0,0.003753225428102275,9.832841691248771E-4,0.0,0.35000000000000003,0.2,0.8,0.7000000000000001,65.0,65.0,45.0,0.45,0.4,0.7000000000000001,0.30000000000000004,25.0,70.0,65.0,919,913,6,919,0.006528835690968444,1.36373896467686,1.5,0.9091593097845734,529,0.579408543263965,1.0,1
"iteration_3","SCOPE_DATA_COLLECTION",600,42,2590.0,2650.0,0,3555,2421,919,3662,2507,903,3556,2434,901,2,1,6,5.621135469364812E-4,4.106776180698152E-4,0.006615214994487321,0.31488945301744503,0.7504411045425728,1.362777816013877,0.6297789060348901,0.7504411045425728,0.9085185440092514,0.19910011248593926,0.5119145439605588,0.5782463928967814,100.0,100.0,4089,1277,1529,8,1,0,0.0019564685742235266,7.830853563038371E-4,0.0,0.45,0.4,0.7000000000000001,0.30000000000000004,25.0,70.0,65.0,0.4,0.5,0.1,0.7000000000000001,30.0,35.0,55.0,3438,3435,3,3438,8.726003490401396E-4,0.30403909963278314,0.5,0.6080781992655663,579,0.1685589519650655,1.0,1
"iteration_3","SCOPE_DATA_COLLECTION",600,42,2590.0,2650.0,1,3555,2421,919,3662,2507,903,3556,2434,901,2,1,6,5.621135469364812E-4,4.106776180698152E-4,0.006615214994487321,0.31488945301744503,0.7504411045425728,1.362777816013877,0.6297789060348901,0.7504411045425728,0.9085185440092514,0.19910011248593926,0.5119145439605588,0.5782463928967814,100.0,100.0,4089,1277,1529,8,1,0,0.0019564685742235266,7.830853563038371E-4,0.0,0.45,0.4,0.7000000000000001,0.30000000000000004,25.0,70.0,65.0,0.4,0.5,0.1,0.7000000000000001,30.0,35.0,55.0,2385,2384,1,2385,4.192872117400419E-4,0.7290682505142544,1.0,0.7290682505142544,1193,0.5004194630872483,1.0,1
"iteration_3","SCOPE_DATA_COLLECTION",600,42,2590.0,2650.0,2,3555,2421,919,3662,2507,903,3556,2434,901,2,1,6,5.621135469364812E-4,4.106776180698152E-4,0.006615214994487321,0.31488945301744503,0.7504411045425728,1.362777816013877,0.6297789060348901,0.7504411045425728,0.9085185440092514,0.19910011248593926,0.5119145439605588,0.5782463928967814,100.0,100.0,4089,1277,1529,8,1,0,0.0019564685742235266,7.830853563038371E-4,0.0,0.45,0.4,0.7000000000000001,0.30000000000000004,25.0,70.0,65.0,0.4,0.5,0.1,0.7000000000000001,30.0,35.0,55.0,931,927,4,931,0.004296455424274973,1.3991314435333286,1.5,0.9327542956888858,555,0.598705501618123,1.0,1
"iteration_3","SCOPE_DATA_COLLECTION",600,43,2650.0,2710.0,0,3438,2385,931,3555,2421,919,3435,2388,937,3,1,4,8.726003490401396E-4,4.185851820845542E-4,0.004250797024442083,0.30418639375045387,0.732276893598676,1.400528042077797,0.6083727875009077,0.732276893598676,0.933685361385198,0.16972343522561864,0.5025125628140703,0.5987193169690501,95.0,100.0,4013,1077,1664,7,1,0,0.00174433092449539,9.285051067780873E-4,0.0,0.4,0.5,0.1,0.7000000000000001,30.0,35.0,55.0,0.5,0.6000000000000001,0.1,0.7000000000000001,20.0,45.0,45.0,3513,3511,2,3513,5.69313976658127E-4,0.304264254707114,0.5,0.608528509414228,527,0.15009968669894616,1.0,1
"iteration_3","SCOPE_DATA_COLLECTION",600,43,2650.0,2710.0,1,3438,2385,931,3555,2421,919,3435,2388,937,3,1,4,8.726003490401396E-4,4.185851820845542E-4,0.004250797024442083,0.30418639375045387,0.732276893598676,1.400528042077797,0.6083727875009077,0.732276893598676,0.933685361385198,0.16972343522561864,0.5025125628140703,0.5987193169690501,95.0,100.0,4013,1077,1664,7,1,0,0.00174433092449539,9.285051067780873E-4,0.0,0.4,0.5,0.1,0.7000000000000001,30.0,35.0,55.0,0.5,0.6000000000000001,0.1,0.7000000000000001,20.0,45.0,45.0,2374,2371,3,2374,0.0012636899747262005,0.747235287549642,1.0,0.747235287549642,1235,0.5208772669759595,1.0,1
"iteration_3","SCOPE_DATA_COLLECTION",600,43,2650.0,2710.0,2,3438,2385,931,3555,2421,919,3435,2388,937,3,1,4,8.726003490401396E-4,4.185851820845542E-4,0.004250797024442083,0.30418639375045387,0.732276893598676,1.400528042077797,0.6083727875009077,0.732276893598676,0.933685361385198,0.16972343522561864,0.5025125628140703,0.5987193169690501,95.0,100.0,4013,1077,1664,7,1,0,0.00174433092449539,9.285051067780873E-4,0.0,0.4,0.5,0.1,0.7000000000000001,30.0,35.0,55.0,0.5,0.6000000000000001,0.1,0.7000000000000001,20.0,45.0,45.0,885,877,8,885,0.00903954802259887,1.3976856460348739,1.5,0.931790430689916,525,0.5986316989737742,1.0,1
"iteration_3","SCOPE_DATA_COLLECTION",600,44,2710.0,2770.0,0,3513,2374,885,3438,2385,931,3511,2370,874,2,3,8,5.69313976658127E-4,0.0012642225031605564,0.009070294784580499,0.3047916703764386,0.7481203230903969,1.3987602798778602,0.6095833407528772,0.7481203230903969,0.9325068532519069,0.15123896325833097,0.5219409282700422,0.5995423340961098,100.0,100.0,4108,1333,1331,12,1,0,0.0029211295034079843,7.501875468867217E-4,0.0,0.5,0.6000000000000001,0.1,0.7000000000000001,20.0,45.0,45.0,0.5,0.6000000000000001,0.1,0.8,30.0,45.0,35.0,3607,3603,4,3607,0.0011089548100914888,0.30447292118367825,0.5,0.6089458423673565,609,0.16902581182348042,1.0,1
"iteration_3","SCOPE_DATA_COLLECTION",600,44,2710.0,2770.0,1,3513,2374,885,3438,2385,931,3511,2370,874,2,3,8,5.69313976658127E-4,0.0012642225031605564,0.009070294784580499,0.3047916703764386,0.7481203230903969,1.3987602798778602,0.6095833407528772,0.7481203230903969,0.9325068532519069,0.15123896325833097,0.5219409282700422,0.5995423340961098,100.0,100.0,4108,1333,1331,12,1,0,0.0029211295034079843,7.501875468867217E-4,0.0,0.5,0.6000000000000001,0.1,0.7000000000000001,20.0,45.0,45.0,0.5,0.6000000000000001,0.1,0.8,30.0,45.0,35.0,2388,2387,1,2388,4.187604690117253E-4,0.7340970603282091,1.0,0.7340970603282091,1181,0.49476330121491413,1.0,1
"iteration_3","SCOPE_DATA_COLLECTION",600,44,2710.0,2770.0,2,3513,2374,885,3438,2385,931,3511,2370,874,2,3,8,5.69313976658127E-4,0.0012642225031605564,0.009070294784580499,0.3047916703764386,0.7481203230903969,1.3987602798778602,0.6095833407528772,0.7481203230903969,0.9325068532519069,0.15123896325833097,0.5219409282700422,0.5995423340961098,100.0,100.0,4108,1333,1331,12,1,0,0.0029211295034079843,7.501875468867217E-4,0.0,0.5,0.6000000000000001,0.1,0.7000000000000001,20.0,45.0,45.0,0.5,0.6000000000000001,0.1,0.8,30.0,45.0,35.0,905,904,1,905,0.0011049723756906078,1.4195552160758393,1.5,0.9463701440505595,550,0.6084070796460177,1.0,1
"iteration_3","SCOPE_DATA_COLLECTION",600,45,2770.0,2830.0,0,3607,2388,905,3513,2374,885,3611,2387,901,3,1,1,8.301051466519093E-4,4.187604690117253E-4,0.0011086474501108647,0.3046340420715213,0.733234869772602,1.4122675406990481,0.6092680841430426,0.733234869772602,0.9415116937993654,0.16920520631404043,0.49434436531210724,0.6048834628190899,100.0,100.0,4114,1360,1426,5,0,0,0.0012153621779290229,0.0,0.0,0.5,0.6000000000000001,0.1,0.8,30.0,45.0,35.0,0.15000000000000002,0.2,0.7000000000000001,0.2,90.0,35.0,85.0,3556,3552,4,3556,0.0011248593925759281,0.30321895385234177,0.5,0.6064379077046835,525,0.14780405405405406,1.0,1
"iteration_3","SCOPE_DATA_COLLECTION",600,45,2770.0,2830.0,1,3607,2388,905,3513,2374,885,3611,2387,901,3,1,1,8.301051466519093E-4,4.187604690117253E-4,0.0011086474501108647,0.3046340420715213,0.733234869772602,1.4122675406990481,0.6092680841430426,0.733234869772602,0.9415116937993654,0.16920520631404043,0.49434436531210724,0.6048834628190899,100.0,100.0,4114,1360,1426,5,0,0,0.0012153621779290229,0.0,0.0,0.5,0.6000000000000001,0.1,0.8,30.0,45.0,35.0,0.15000000000000002,0.2,0.7000000000000001,0.2,90.0,35.0,85.0,2358,2355,3,2358,0.001272264631043257,0.7641164902501816,1.0,0.7641164902501816,1221,0.5184713375796178,1.0,1
"iteration_3","SCOPE_DATA_COLLECTION",600,45,2770.0,2830.0,2,3607,2388,905,3513,2374,885,3611,2387,901,3,1,1,8.301051466519093E-4,4.187604690117253E-4,0.0011086474501108647,0.3046340420715213,0.733234869772602,1.4122675406990481,0.6092680841430426,0.733234869772602,0.9415116937993654,0.16920520631404043,0.49434436531210724,0.6048834628190899,100.0,100.0,4114,1360,1426,5,0,0,0.0012153621779290229,0.0,0.0,0.5,0.6000000000000001,0.1,0.8,30.0,45.0,35.0,0.15000000000000002,0.2,0.7000000000000001,0.2,90.0,35.0,85.0,872,871,1,872,0.0011467889908256881,1.3981493097312183,1.5,0.9320995398208122,525,0.6027554535017221,1.0,1
"iteration_3","SCOPE_DATA_COLLECTION",600,46,2830.0,2890.0,0,3556,2358,872,3607,2388,905,3551,2356,870,5,3,1,0.00140607424071991,0.001271725307333616,0.001148105625717566,0.303000578654978,0.7614758986428154,1.4027043336114897,0.606001157309956,0.7614758986428154,0.9351362224076598,0.14728245564629683,0.5161290322580645,0.6057471264367816,100.0,100.0,4147,365,2274,9,0,0,0.0021702435495538942,0.0,0.0,0.15000000000000002,0.2,0.7000000000000001,0.2,90.0,35.0,85.0,0.65,0.8,0.5,0.8,35.0,55.0,30.0,3551,3547,4,3551,0.001126443255421008,0.3271394868695431,0.5,0.6542789737390862,793,0.22356921341979138,1.0,1
"iteration_3","SCOPE_DATA_COLLECTION",600,46,2830.0,2890.0,1,3556,2358,872,3607,2388,905,3551,2356,870,5,3,1,0.00140607424071991,0.001271725307333616,0.001148105625717566,0.303000578654978,0.7614758986428154,1.4027043336114897,0.606001157309956,0.7614758986428154,0.9351362224076598,0.14728245564629683,0.5161290322580645,0.6057471264367816,100.0,100.0,4147,365,2274,9,0,0,0.0021702435495538942,0.0,0.0,0.15000000000000002,0.2,0.7000000000000001,0.2,90.0,35.0,85.0,0.65,0.8,0.5,0.8,35.0,55.0,30.0,2471,2461,10,2471,0.004046944556859571,0.7810451685837282,1.0,0.7810451685837282,1298,0.5274278748476229,1.0,1
"iteration_3","SCOPE_DATA_COLLECTION",600,46,2830.0,2890.0,2,3556,2358,872,3607,2388,905,3551,2356,870,5,3,1,0.00140607424071991,0.001271725307333616,0.001148105625717566,0.303000578654978,0.7614758986428154,1.4027043336114897,0.606001157309956,0.7614758986428154,0.9351362224076598,0.14728245564629683,0.5161290322580645,0.6057471264367816,100.0,100.0,4147,365,2274,9,0,0,0.0021702435495538942,0.0,0.0,0.15000000000000002,0.2,0.7000000000000001,0.2,90.0,35.0,85.0,0.65,0.8,0.5,0.8,35.0,55.0,30.0,904,898,6,904,0.00663716814159292,1.3622777743953864,1.5,0.9081851829302576,510,0.5679287305122495,1.0,1
"iteration_3","SCOPE_DATA_COLLECTION",600,47,2890.0,2950.0,0,3551,2471,904,3556,2358,872,3535,2464,903,4,10,5,0.0011302627860977678,0.004042037186742118,0.005506607929515419,0.32630216925490396,0.7832314635296818,1.3635320680443928,0.6526043385098079,0.7832314635296818,0.9090213786962619,0.22093352192362092,0.5292207792207793,0.5681063122923588,100.0,100.0,4152,1813,961,15,4,0,0.0036127167630057803,0.002206287920573635,0.0,0.65,0.8,0.5,0.8,35.0,55.0,30.0,0.65,0.7000000000000001,0.6000000000000001,0.9,35.0,65.0,40.0,3466,3462,4,3466,0.001154068090017311,0.32295117489865127,0.5,0.6459023497973025,732,0.21143847487001732,1.0,1
"iteration_3","SCOPE_DATA_COLLECTION",600,47,2890.0,2950.0,1,3551,2471,904,3556,2358,872,3535,2464,903,4,10,5,0.0011302627860977678,0.004042037186742118,0.005506607929515419,0.32630216925490396,0.7832314635296818,1.3635320680443928,0.6526043385098079,0.7832314635296818,0.9090213786962619,0.22093352192362092,0.5292207792207793,0.5681063122923588,100.0,100.0,4152,1813,961,15,4,0,0.0036127167630057803,0.002206287920573635,0.0,0.65,0.8,0.5,0.8,35.0,55.0,30.0,0.65,0.7000000000000001,0.6000000000000001,0.9,35.0,65.0,40.0,2393,2382,11,2393,0.00459674049310489,0.788472863957051,1.0,0.788472863957051,1260,0.5289672544080605,1.0,1
"iteration_3","SCOPE_DATA_COLLECTION",600,47,2890.0,2950.0,2,3551,2471,904,3556,2358,872,3535,2464,903,4,10,5,0.0011302627860977678,0.004042037186742118,0.005506607929515419,0.32630216925490396,0.7832314635296818,1.3635320680443928,0.6526043385098079,0.7832314635296818,0.9090213786962619,0.22093352192362092,0.5292207792207793,0.5681063122923588,100.0,100.0,4152,1813,961,15,4,0,0.0036127167630057803,0.002206287920573635,0.0,0.65,0.8,0.5,0.8,35.0,55.0,30.0,0.65,0.7000000000000001,0.6000000000000001,0.9,35.0,65.0,40.0,905,892,13,905,0.014364640883977901,1.4321658013395815,1.5,0.9547772008930543,537,0.602017937219731,1.0,1
"iteration_3","SCOPE_DATA_COLLECTION",600,48,2950.0,3010.0,0,3466,2393,905,3551,2471,904,3473,2378,885,4,11,14,0.0011504170261719873,0.0046044370029300966,0.01557285873192436,0.3236777750285807,0.7879613474837783,1.4320500492627108,0.6473555500571614,0.7879613474837783,0.9547000328418073,0.21336020731356176,0.5285954583683767,0.6022598870056497,90.0,100.0,4095,1741,928,24,5,0,0.005860805860805861,0.002871912693854107,0.0,0.65,0.7000000000000001,0.6000000000000001,0.9,35.0,65.0,40.0,0.65,0.6000000000000001,0.5,0.9,25.0,65.0,50.0,3566,3562,4,3566,0.0011217049915872126,0.32231473725894555,0.5,0.6446294745178911,766,0.2150477259966311,1.0,1
"iteration_3","SCOPE_DATA_COLLECTION",600,48,2950.0,3010.0,1,3466,2393,905,3551,2471,904,3473,2378,885,4,11,14,0.0011504170261719873,0.0046044370029300966,0.01557285873192436,0.3236777750285807,0.7879613474837783,1.4320500492627108,0.6473555500571614,0.7879613474837783,0.9547000328418073,0.21336020731356176,0.5285954583683767,0.6022598870056497,90.0,100.0,4095,1741,928,24,5,0,0.005860805860805861,0.002871912693854107,0.0,0.65,0.7000000000000001,0.6000000000000001,0.9,35.0,65.0,40.0,0.65,0.6000000000000001,0.5,0.9,25.0,65.0,50.0,2393,2387,6,2393,0.0025073129962390303,0.7763322872931127,1.0,0.7763322872931127,1251,0.5240888144113951,1.0,1
"iteration_3","SCOPE_DATA_COLLECTION",600,48,2950.0,3010.0,2,3466,2393,905,3551,2471,904,3473,2378,885,4,11,14,0.0011504170261719873,0.0046044370029300966,0.01557285873192436,0.3236777750285807,0.7879613474837783,1.4320500492627108,0.6473555500571614,0.7879613474837783,0.9547000328418073,0.21336020731356176,0.5285954583683767,0.6022598870056497,90.0,100.0,4095,1741,928,24,5,0,0.005860805860805861,0.002871912693854107,0.0,0.65,0.7000000000000001,0.6000000000000001,0.9,35.0,65.0,40.0,0.65,0.6000000000000001,0.5,0.9,25.0,65.0,50.0,903,896,7,903,0.007751937984496124,1.446029118425923,1.5,0.9640194122839487,545,0.6082589285714286,1.0,1
"iteration_3","SCOPE_DATA_COLLECTION",600,49,3010.0,3070.0,0,3566,2393,903,3466,2393,905,3553,2386,901,4,6,7,0.001124543154343548,0.002508361204013378,0.007709251101321586,0.32227892176874084,0.7753728073465853,1.4413038330399734,0.6445578435374817,0.7753728073465853,0.9608692220266489,0.2150295524908528,0.5226320201173512,0.607103218645949,92.5,100.0,4131,1787,944,15,2,0,0.0036310820624546117,0.001119194180190263,0.0,0.65,0.6000000000000001,0.5,0.9,25.0,65.0,50.0,0.9500000000000001,0.6000000000000001,0.8,0.4,20.0,50.0,65.0,3607,3604,3,3607,8.317161075686166E-4,0.32328302291238364,0.5,0.6465660458247673,761,0.2111542730299667,1.0,1
"iteration_3","SCOPE_DATA_COLLECTION",600,49,3010.0,3070.0,1,3566,2393,903,3466,2393,905,3553,2386,901,4,6,7,0.001124543154343548,0.002508361204013378,0.007709251101321586,0.32227892176874084,0.7753728073465853,1.4413038330399734,0.6445578435374817,0.7753728073465853,0.9608692220266489,0.2150295524908528,0.5226320201173512,0.607103218645949,92.5,100.0,4131,1787,944,15,2,0,0.0036310820624546117,0.001119194180190263,0.0,0.65,0.6000000000000001,0.5,0.9,25.0,65.0,50.0,0.9500000000000001,0.6000000000000001,0.8,0.4,20.0,50.0,65.0,2448,2442,6,2448,0.0024509803921568627,0.7791048827944854,1.0,0.7791048827944854,1268,0.5192465192465192,1.0,1
"iteration_3","SCOPE_DATA_COLLECTION",600,49,3010.0,3070.0,2,3566,2393,903,3466,2393,905,3553,2386,901,4,6,7,0.001124543154343548,0.002508361204013378,0.007709251101321586,0.32227892176874084,0.7753728073465853,1.4413038330399734,0.6445578435374817,0.7753728073465853,0.9608692220266489,0.2150295524908528,0.5226320201173512,0.607103218645949,92.5,100.0,4131,1787,944,15,2,0,0.0036310820624546117,0.001119194180190263,0.0,0.65,0.6000000000000001,0.5,0.9,25.0,65.0,50.0,0.9500000000000001,0.6000000000000001,0.8,0.4,20.0,50.0,65.0,866,863,3,866,0.003464203233256351,1.439303471523191,1.5,0.9595356476821273,524,0.6071842410196987,1.0,1
"iteration_3","SCOPE_DATA_COLLECTION",600,50,3070.0,3130.0,0,3607,2448,866,3566,2393,903,3606,2446,866,3,6,3,8.312551953449709E-4,0.0024469820554649264,0.0034522439585730723,0.32355623326212957,0.7792295556167391,1.4407993449970729,0.6471124665242591,0.7792295556167391,0.9605328966647152,0.21186910704381587,0.5204415372035978,0.6073903002309469,97.5,100.0,4122,2648,151,12,0,0,0.002911208151382824,0.0,0.0,0.9500000000000001,0.6000000000000001,0.8,0.4,20.0,50.0,65.0,0.9500000000000001,0.5,0.7000000000000001,0.5,20.0,50.0,65.0,3490,3489,1,3490,2.8653295128939826E-4,0.32427330897720996,0.5,0.6485466179544199,742,0.21266838635712237,1.0,1
"iteration_3","SCOPE_DATA_COLLECTION",600,50,3070.0,3130.0,1,3607,2448,866,3566,2393,903,3606,2446,866,3,6,3,8.312551953449709E-4,0.0024469820554649264,0.0034522439585730723,0.32355623326212957,0.7792295556167391,1.4407993449970729,0.6471124665242591,0.7792295556167391,0.9605328966647152,0.21186910704381587,0.5204415372035978,0.6073903002309469,97.5,100.0,4122,2648,151,12,0,0,0.002911208151382824,0.0,0.0,0.9500000000000001,0.6000000000000001,0.8,0.4,20.0,50.0,65.0,0.9500000000000001,0.5,0.7000000000000001,0.5,20.0,50.0,65.0,2455,2450,5,2455,0.002036659877800407,0.7806798344410948,1.0,0.7806798344410948,1304,0.5322448979591837,1.0,1
"iteration_3","SCOPE_DATA_COLLECTION",600,50,3070.0,3130.0,2,3607,2448,866,3566,2393,903,3606,2446,866,3,6,3,8.312551953449709E-4,0.0024469820554649264,0.0034522439585730723,0.32355623326212957,0.7792295556167391,1.4407993449970729,0.6471124665242591,0.7792295556167391,0.9605328966647152,0.21186910704381587,0.5204415372035978,0.6073903002309469,97.5,100.0,4122,2648,151,12,0,0,0.002911208151382824,0.0,0.0,0.9500000000000001,0.6000000000000001,0.8,0.4,20.0,50.0,65.0,0.9500000000000001,0.5,0.7000000000000001,0.5,20.0,50.0,65.0,934,924,10,934,0.010706638115631691,1.399323469489935,1.5,0.93288231299329,545,0.5898268398268398,1.0,1
"iteration_3","SCOPE_DATA_COLLECTION",600,51,3130.0,3190.0,0,3490,2455,934,3607,2448,866,3493,2443,919,1,5,10,2.8620492272467084E-4,0.002042483660130719,0.010764262648008612,0.3244736405967041,0.7823388778021234,1.4031809129276358,0.6489472811934082,0.7823388778021234,0.9354539419517572,0.21271113655883195,0.5337699549733934,0.5908596300326442,97.5,100.0,4067,2685,127,15,1,0,0.003688222276862552,3.7243947858472997E-4,0.0,0.9500000000000001,0.5,0.7000000000000001,0.5,20.0,50.0,65.0,0.9500000000000001,0.4,0.7000000000000001,0.6000000000000001,20.0,50.0,75.0,3580,3576,4,3580,0.0011173184357541898,0.31355499557308086,0.5,0.6271099911461617,612,0.17114093959731544,1.0,1
"iteration_3","SCOPE_DATA_COLLECTION",600,51,3130.0,3190.0,1,3490,2455,934,3607,2448,866,3493,2443,919,1,5,10,2.8620492272467084E-4,0.002042483660130719,0.010764262648008612,0.3244736405967041,0.7823388778021234,1.4031809129276358,0.6489472811934082,0.7823388778021234,0.9354539419517572,0.21271113655883195,0.5337699549733934,0.5908596300326442,97.5,100.0,4067,2685,127,15,1,0,0.003688222276862552,3.7243947858472997E-4,0.0,0.9500000000000001,0.5,0.7000000000000001,0.5,20.0,50.0,65.0,0.9500000000000001,0.4,0.7000000000000001,0.6000000000000001,20.0,50.0,75.0,2350,2347,3,2350,0.001276595744680851,0.781759165523682,1.0,0.781759165523682,1223,0.5210907541542394,1.0,1
"iteration_3","SCOPE_DATA_COLLECTION",600,51,3130.0,3190.0,2,3490,2455,934,3607,2448,866,3493,2443,919,1,5,10,2.8620492272467084E-4,0.002042483660130719,0.010764262648008612,0.3244736405967041,0.7823388778021234,1.4031809129276358,0.6489472811934082,0.7823388778021234,0.9354539419517572,0.21271113655883195,0.5337699549733934,0.5908596300326442,97.5,100.0,4067,2685,127,15,1,0,0.003688222276862552,3.7243947858472997E-4,0.0,0.9500000000000001,0.5,0.7000000000000001,0.5,20.0,50.0,65.0,0.9500000000000001,0.4,0.7000000000000001,0.6000000000000001,20.0,50.0,75.0,864,854,10,864,0.011574074074074073,1.452034408559003,1.5,0.9680229390393352,527,0.617096018735363,1.0,1
"iteration_3","SCOPE_DATA_COLLECTION",600,52,3190.0,3250.0,0,3580,2350,864,3490,2455,934,3579,2348,858,4,3,10,0.0011163829193413341,0.0012760527435133986,0.01152073732718894,0.3132337934496786,0.7775851010304329,1.4527996165892714,0.6264675868993572,0.7775851010304329,0.9685330777261809,0.17127689298686785,0.518313458262351,0.6177156177156177,92.5,100.0,4111,2542,141,14,3,0,0.0034054974458769156,0.0011801730920535012,0.0,0.9500000000000001,0.4,0.7000000000000001,0.6000000000000001,20.0,50.0,75.0,0.9500000000000001,0.30000000000000004,0.6000000000000001,0.5,30.0,60.0,75.0,3574,3569,5,3574,0.0013989927252378287,0.3272299814625219,0.5,0.6544599629250438,744,0.20846175399271505,1.0,1
"iteration_3","SCOPE_DATA_COLLECTION",600,52,3190.0,3250.0,1,3580,2350,864,3490,2455,934,3579,2348,858,4,3,10,0.0011163829193413341,0.0012760527435133986,0.01152073732718894,0.3132337934496786,0.7775851010304329,1.4527996165892714,0.6264675868993572,0.7775851010304329,0.9685330777261809,0.17127689298686785,0.518313458262351,0.6177156177156177,92.5,100.0,4111,2542,141,14,3,0,0.0034054974458769156,0.0011801730920535012,0.0,0.9500000000000001,0.4,0.7000000000000001,0.6000000000000001,20.0,50.0,75.0,0.9500000000000001,0.30000000000000004,0.6000000000000001,0.5,30.0,60.0,75.0,2444,2440,4,2444,0.0016366612111292963,0.7790427748454588,1.0,0.7790427748454588,1280,0.5245901639344263,1.0,1
"iteration_3","SCOPE_DATA_COLLECTION",600,52,3190.0,3250.0,2,3580,2350,864,3490,2455,934,3579,2348,858,4,3,10,0.0011163829193413341,0.0012760527435133986,0.01152073732718894,0.3132337934496786,0.7775851010304329,1.4527996165892714,0.6264675868993572,0.7775851010304329,0.9685330777261809,0.17127689298686785,0.518313458262351,0.6177156177156177,92.5,100.0,4111,2542,141,14,3,0,0.0034054974458769156,0.0011801730920535012,0.0,0.9500000000000001,0.4,0.7000000000000001,0.6000000000000001,20.0,50.0,75.0,0.9500000000000001,0.30000000000000004,0.6000000000000001,0.5,30.0,60.0,75.0,885,874,11,885,0.012429378531073447,1.4778699997206102,1.5,0.9852466664804068,548,0.6270022883295194,1.0,1
"iteration_3","SCOPE_DATA_COLLECTION",600,53,3250.0,3310.0,0,3574,2444,885,3580,2350,864,3573,2447,863,5,4,11,0.001397428731134712,0.0016319869441044472,0.012585812356979404,0.3272333359215214,0.7826956235197992,1.47629282128063,0.6544666718430427,0.7826956235197992,0.9841952141870868,0.20822837951301426,0.5263588067020842,0.626882966396292,97.5,100.0,4200,2581,122,15,5,0,0.0035714285714285713,0.0019372336303758234,0.0,0.9500000000000001,0.30000000000000004,0.6000000000000001,0.5,30.0,60.0,75.0,0.9500000000000001,0.2,0.5,0.5,20.0,50.0,85.0,3636,3635,1,3636,2.75027502750275E-4,0.3114680065989952,0.5,0.6229360131979904,601,0.16533700137551582,1.0,1
"iteration_3","SCOPE_DATA_COLLECTION",600,53,3250.0,3310.0,1,3574,2444,885,3580,2350,864,3573,2447,863,5,4,11,0.001397428731134712,0.0016319869441044472,0.012585812356979404,0.3272333359215214,0.7826956235197992,1.47629282128063,0.6544666718430427,0.7826956235197992,0.9841952141870868,0.20822837951301426,0.5263588067020842,0.626882966396292,97.5,100.0,4200,2581,122,15,5,0,0.0035714285714285713,0.0019372336303758234,0.0,0.9500000000000001,0.30000000000000004,0.6000000000000001,0.5,30.0,60.0,75.0,0.9500000000000001,0.2,0.5,0.5,20.0,50.0,85.0,2364,2360,4,2364,0.001692047377326565,0.7778521394674479,1.0,0.7778521394674479,1205,0.510593220338983,1.0,1
"iteration_3","SCOPE_DATA_COLLECTION",600,53,3250.0,3310.0,2,3574,2444,885,3580,2350,864,3573,2447,863,5,4,11,0.001397428731134712,0.0016319869441044472,0.012585812356979404,0.3272333359215214,0.7826956235197992,1.47629282128063,0.6544666718430427,0.7826956235197992,0.9841952141870868,0.20822837951301426,0.5263588067020842,0.626882966396292,97.5,100.0,4200,2581,122,15,5,0,0.0035714285714285713,0.0019372336303758234,0.0,0.9500000000000001,0.30000000000000004,0.6000000000000001,0.5,30.0,60.0,75.0,0.9500000000000001,0.2,0.5,0.5,20.0,50.0,85.0,916,913,3,916,0.0032751091703056767,1.4236781630639979,1.5,0.9491187753759985,553,0.6056955093099672,1.0,1
"iteration_3","SCOPE_DATA_COLLECTION",600,54,3310.0,3370.0,0,3636,2364,916,3574,2444,885,3616,2360,924,1,4,3,2.764722145424385E-4,0.001692047377326565,0.003236245954692557,0.31104826556206094,0.7759441102970387,1.423543229550799,0.6220965311241219,0.7759441102970387,0.9490288197005327,0.16537610619469026,0.5084745762711864,0.604978354978355,95.0,100.0,4184,2603,129,8,0,0,0.0019120458891013384,0.0,0.0,0.9500000000000001,0.2,0.5,0.5,20.0,50.0,85.0,0.9500000000000001,0.2,0.4,0.6000000000000001,30.0,40.0,85.0,3666,3659,7,3666,0.0019094380796508457,0.3114053466193311,0.5,0.6228106932386622,626,0.17108499590051926,1.0,1
"iteration_3","SCOPE_DATA_COLLECTION",600,54,3310.0,3370.0,1,3636,2364,916,3574,2444,885,3616,2360,924,1,4,3,2.764722145424385E-4,0.001692047377326565,0.003236245954692557,0.31104826556206094,0.7759441102970387,1.423543229550799,0.6220965311241219,0.7759441102970387,0.9490288197005327,0.16537610619469026,0.5084745762711864,0.604978354978355,95.0,100.0,4184,2603,129,8,0,0,0.0019120458891013384,0.0,0.0,0.9500000000000001,0.2,0.5,0.5,20.0,50.0,85.0,0.9500000000000001,0.2,0.4,0.6000000000000001,30.0,40.0,85.0,2447,2443,4,2447,0.0016346546791990192,0.779291286138035,1.0,0.779291286138035,1284,0.5255832992222677,1.0,1
"iteration_3","SCOPE_DATA_COLLECTION",600,54,3310.0,3370.0,2,3636,2364,916,3574,2444,885,3616,2360,924,1,4,3,2.764722145424385E-4,0.001692047377326565,0.003236245954692557,0.31104826556206094,0.7759441102970387,1.423543229550799,0.6220965311241219,0.7759441102970387,0.9490288197005327,0.16537610619469026,0.5084745762711864,0.604978354978355,95.0,100.0,4184,2603,129,8,0,0,0.0019120458891013384,0.0,0.0,0.9500000000000001,0.2,0.5,0.5,20.0,50.0,85.0,0.9500000000000001,0.2,0.4,0.6000000000000001,30.0,40.0,85.0,921,911,10,921,0.010857763300760043,1.4037742456533435,1.5,0.935849497102229,541,0.5938529088913282,1.0,1
"iteration_3","SCOPE_DATA_COLLECTION",600,55,3370.0,3430.0,0,3666,2447,921,3636,2364,916,3667,2444,912,7,4,10,0.001905280348394121,0.0016339869281045752,0.010845986984815618,0.3120905893138099,0.7810251719793131,1.4054968454569527,0.6241811786276198,0.7810251719793131,0.9369978969713019,0.17234796836651214,0.527823240589198,0.5942982456140351,100.0,100.0,4263,2634,137,19,2,0,0.004456955195871452,7.593014426727411E-4,0.0,0.9500000000000001,0.2,0.4,0.6000000000000001,30.0,40.0,85.0,0.9500000000000001,0.2,0.4,0.6000000000000001,30.0,40.0,85.0,3528,3524,4,3528,0.0011337868480725624,0.3109152423027645,0.5,0.621830484605529,564,0.16004540295119182,1.0,1
"iteration_3","SCOPE_DATA_COLLECTION",600,55,3370.0,3430.0,1,3666,2447,921,3636,2364,916,3667,2444,912,7,4,10,0.001905280348394121,0.0016339869281045752,0.010845986984815618,0.3120905893138099,0.7810251719793131,1.4054968454569527,0.6241811786276198,0.7810251719793131,0.9369978969713019,0.17234796836651214,0.527823240589198,0.5942982456140351,100.0,100.0,4263,2634,137,19,2,0,0.004456955195871452,7.593014426727411E-4,0.0,0.9500000000000001,0.2,0.4,0.6000000000000001,30.0,40.0,85.0,0.9500000000000001,0.2,0.4,0.6000000000000001,30.0,40.0,85.0,2321,2318,3,2321,0.0012925463162429987,0.7704885344764378,1.0,0.7704885344764378,1236,0.5332182916307161,1.0,1
"iteration_3","SCOPE_DATA_COLLECTION",600,55,3370.0,3430.0,2,3666,2447,921,3636,2364,916,3667,2444,912,7,4,10,0.001905280348394121,0.0016339869281045752,0.010845986984815618,0.3120905893138099,0.7810251719793131,1.4054968454569527,0.6241811786276198,0.7810251719793131,0.9369978969713019,0.17234796836651214,0.527823240589198,0.5942982456140351,100.0,100.0,4263,2634,137,19,2,0,0.004456955195871452,7.593014426727411E-4,0.0,0.9500000000000001,0.2,0.4,0.6000000000000001,30.0,40.0,85.0,0.9500000000000001,0.2,0.4,0.6000000000000001,30.0,40.0,85.0,873,868,5,873,0.0057273768613974796,1.4231478594387046,1.5,0.9487652396258031,533,0.6140552995391705,1.0,1
"iteration_3","SCOPE_DATA_COLLECTION",600,56,3430.0,3490.0,0,3528,2321,873,3666,2447,921,3529,2309,870,4,3,5,0.0011321822813472968,0.0012975778546712802,0.005714285714285714,0.31111066937324805,0.7711892054889974,1.4264689920864468,0.6222213387464961,0.7711892054889974,0.9509793280576312,0.15981864550864266,0.5348635773061932,0.6160919540229886,100.0,100.0,4106,2475,141,9,3,0,0.00219191427179737,0.0012121212121212121,0.0,0.9500000000000001,0.2,0.4,0.6000000000000001,30.0,40.0,85.0,0.9500000000000001,0.2,0.4,0.6000000000000001,20.0,50.0,95.0,3564,3562,2,3564,5.611672278338945E-4,0.319497264902378,0.5,0.638994529804756,641,0.17995508141493544,1.0,1
"iteration_3","SCOPE_DATA_COLLECTION",600,56,3430.0,3490.0,1,3528,2321,873,3666,2447,921,3529,2309,870,4,3,5,0.0011321822813472968,0.0012975778546712802,0.005714285714285714,0.31111066937324805,0.7711892054889974,1.4264689920864468,0.6222213387464961,0.7711892054889974,0.9509793280576312,0.15981864550864266,0.5348635773061932,0.6160919540229886,100.0,100.0,4106,2475,141,9,3,0,0.00219191427179737,0.0012121212121212121,0.0,0.9500000000000001,0.2,0.4,0.6000000000000001,30.0,40.0,85.0,0.9500000000000001,0.2,0.4,0.6000000000000001,20.0,50.0,95.0,2411,2405,6,2411,0.002488593944421402,0.7753435380614433,1.0,0.7753435380614433,1275,0.5301455301455301,1.0,1
"iteration_3","SCOPE_DATA_COLLECTION",600,56,3430.0,3490.0,2,3528,2321,873,3666,2447,921,3529,2309,870,4,3,5,0.0011321822813472968,0.0012975778546712802,0.005714285714285714,0.31111066937324805,0.7711892054889974,1.4264689920864468,0.6222213387464961,0.7711892054889974,0.9509793280576312,0.15981864550864266,0.5348635773061932,0.6160919540229886,100.0,100.0,4106,2475,141,9,3,0,0.00219191427179737,0.0012121212121212121,0.0,0.9500000000000001,0.2,0.4,0.6000000000000001,30.0,40.0,85.0,0.9500000000000001,0.2,0.4,0.6000000000000001,20.0,50.0,95.0,874,864,10,874,0.011441647597254004,1.4437783766917764,1.5,0.9625189177945176,535,0.6192129629629629,1.0,1
"iteration_3","SCOPE_DATA_COLLECTION",600,57,3490.0,3550.0,0,3564,2411,874,3528,2321,873,3550,2412,861,2,6,10,5.630630630630631E-4,0.0024813895781637717,0.011481056257175661,0.31817176720649704,0.774913095627713,1.4423195645387008,0.6363435344129941,0.774913095627713,0.9615463763591339,0.17774647887323944,0.5286069651741293,0.6190476190476191,100.0,100.0,4232,2491,126,17,1,0,0.004017013232514178,4.014452027298274E-4,0.0,0.9500000000000001,0.2,0.4,0.6000000000000001,20.0,50.0,95.0,0.9500000000000001,0.30000000000000004,0.30000000000000004,0.7000000000000001,30.0,50.0,95.0,3569,3563,6,3569,0.0016811431773606051,0.3122130502510691,0.5,0.6244261005021382,638,0.1790625877069885,1.0,1
"iteration_3","SCOPE_DATA_COLLECTION",600,57,3490.0,3550.0,1,3564,2411,874,3528,2321,873,3550,2412,861,2,6,10,5.630630630630631E-4,0.0024813895781637717,0.011481056257175661,0.31817176720649704,0.774913095627713,1.4423195645387008,0.6363435344129941,0.774913095627713,0.9615463763591339,0.17774647887323944,0.5286069651741293,0.6190476190476191,100.0,100.0,4232,2491,126,17,1,0,0.004017013232514178,4.014452027298274E-4,0.0,0.9500000000000001,0.2,0.4,0.6000000000000001,20.0,50.0,95.0,0.9500000000000001,0.30000000000000004,0.30000000000000004,0.7000000000000001,30.0,50.0,95.0,2414,2408,6,2414,0.0024855012427506215,0.7762806065654632,1.0,0.7762806065654632,1290,0.5357142857142857,1.0,1
"iteration_3","SCOPE_DATA_COLLECTION",600,57,3490.0,3550.0,2,3564,2411,874,3528,2321,873,3550,2412,861,2,6,10,5.630630630630631E-4,0.0024813895781637717,0.011481056257175661,0.31817176720649704,0.774913095627713,1.4423195645387008,0.6363435344129941,0.774913095627713,0.9615463763591339,0.17774647887323944,0.5286069651741293,0.6190476190476191,100.0,100.0,4232,2491,126,17,1,0,0.004017013232514178,4.014452027298274E-4,0.0,0.9500000000000001,0.2,0.4,0.6000000000000001,20.0,50.0,95.0,0.9500000000000001,0.30000000000000004,0.30000000000000004,0.7000000000000001,30.0,50.0,95.0,889,886,3,889,0.003374578177727784,1.4002332183654598,1.5,0.9334888122436399,526,0.5936794582392777,1.0,1
"iteration_3","SCOPE_DATA_COLLECTION",600,58,3550.0,3619.4237428986207,0,3569,2414,889,3564,2411,874,3569,2410,883,6,6,3,0.0016783216783216783,0.0024834437086092716,0.003386004514672686,0.31261008936204665,0.7763564981874628,1.3929495634392102,0.6252201787240933,0.7763564981874628,0.9286330422928067,0.17960212944802464,0.5348547717842324,0.5900339750849377,100.0,100.0,4131,2589,152,10,5,0,0.002420721374969741,0.0019312475859405175,0.0,0.9500000000000001,0.30000000000000004,0.30000000000000004,0.7000000000000001,30.0,50.0,95.0,0.9500000000000001,0.30000000000000004,0.2,0.6000000000000001,20.0,50.0,95.0,2869,2845,3,2848,0.001053370786516854,0.3274771837249163,0.5,0.6549543674498326,598,0.2101933216168717,0.9926803764377832,0
"iteration_3","SCOPE_DATA_COLLECTION",600,58,3550.0,3619.4237428986207,1,3569,2414,889,3564,2411,874,3569,2410,883,6,6,3,0.0016783216783216783,0.0024834437086092716,0.003386004514672686,0.31261008936204665,0.7763564981874628,1.3929495634392102,0.6252201787240933,0.7763564981874628,0.9286330422928067,0.17960212944802464,0.5348547717842324,0.5900339750849377,100.0,100.0,4131,2589,152,10,5,0,0.002420721374969741,0.0019312475859405175,0.0,0.9500000000000001,0.30000000000000004,0.30000000000000004,0.7000000000000001,30.0,50.0,95.0,0.9500000000000001,0.30000000000000004,0.2,0.6000000000000001,20.0,50.0,95.0,2044,2010,2,2012,9.940357852882703E-4,0.7591700941137878,1.0,0.7591700941137878,1043,0.518905472636816,0.9843444227005871,0
"iteration_3","SCOPE_DATA_COLLECTION",600,58,3550.0,3619.4237428986207,2,3569,2414,889,3564,2411,874,3569,2410,883,6,6,3,0.0016783216783216783,0.0024834437086092716,0.003386004514672686,0.31261008936204665,0.7763564981874628,1.3929495634392102,0.6252201787240933,0.7763564981874628,0.9286330422928067,0.17960212944802464,0.5348547717842324,0.5900339750849377,100.0,100.0,4131,2589,152,10,5,0,0.002420721374969741,0.0019312475859405175,0.0,0.9500000000000001,0.30000000000000004,0.30000000000000004,0.7000000000000001,30.0,50.0,95.0,0.9500000000000001,0.30000000000000004,0.2,0.6000000000000001,20.0,50.0,95.0,739,719,4,723,0.005532503457814661,1.39811252881054,1.5,0.9320750192070267,424,0.5897079276773296,0.9783491204330176,0
"iteration_3","SCOPE_DATA_COLLECTION",700,0,70.0,130.0,0,3421,3116,839,0,0,0,3397,3076,812,4,5,3,0.0011761246692149367,0.0016228497241155468,0.0036809815950920245,0.3125974028631121,0.7539711888444461,1.3010607930171412,0.6251948057262242,0.7539711888444461,0.8673738620114274,0.22637621430674124,0.49902470741222366,0.5258620689655172,97.5,100.0,4079,2029,1268,11,1,0,0.0026967393969110076,4.928536224741252E-4,0.0,0.6,0.5,0.7,0.4,85.0,80.0,90.0,0.6,0.5,0.7,0.4,85.0,80.0,90.0,3969,3967,2,3969,5.039052658100278E-4,0.31317175908793193,0.5,0.6263435181758639,972,0.24502142677085958,1.0,1
"iteration_3","SCOPE_DATA_COLLECTION",700,0,70.0,130.0,1,3421,3116,839,0,0,0,3397,3076,812,4,5,3,0.0011761246692149367,0.0016228497241155468,0.0036809815950920245,0.3125974028631121,0.7539711888444461,1.3010607930171412,0.6251948057262242,0.7539711888444461,0.8673738620114274,0.22637621430674124,0.49902470741222366,0.5258620689655172,97.5,100.0,4079,2029,1268,11,1,0,0.0026967393969110076,4.928536224741252E-4,0.0,0.6,0.5,0.7,0.4,85.0,80.0,90.0,0.6,0.5,0.7,0.4,85.0,80.0,90.0,3274,3267,7,3274,0.0021380574221136223,0.7239962996019075,1.0,0.7239962996019075,1514,0.4634220997857362,1.0,1
"iteration_3","SCOPE_DATA_COLLECTION",700,0,70.0,130.0,2,3421,3116,839,0,0,0,3397,3076,812,4,5,3,0.0011761246692149367,0.0016228497241155468,0.0036809815950920245,0.3125974028631121,0.7539711888444461,1.3010607930171412,0.6251948057262242,0.7539711888444461,0.8673738620114274,0.22637621430674124,0.49902470741222366,0.5258620689655172,97.5,100.0,4079,2029,1268,11,1,0,0.0026967393969110076,4.928536224741252E-4,0.0,0.6,0.5,0.7,0.4,85.0,80.0,90.0,0.6,0.5,0.7,0.4,85.0,80.0,90.0,919,913,6,919,0.006528835690968444,1.3334498384072992,1.5,0.8889665589381995,502,0.5498357064622125,1.0,1
"iteration_3","SCOPE_DATA_COLLECTION",700,1,130.0,190.0,0,3969,3274,919,3421,3116,839,3972,3273,911,2,7,6,5.032712632108706E-4,0.002134146341463415,0.006543075245365322,0.3133158716337489,0.7226021186814907,1.3316914128197181,0.6266317432674978,0.7226021186814907,0.8877942752131455,0.24496475327291037,0.462878093492209,0.5488474204171241,95.0,100.0,4326,2301,1535,14,1,0,0.003236245954692557,4.34593654932638E-4,0.0,0.6,0.5,0.7,0.4,85.0,80.0,90.0,0.65,0.4,0.4,0.9,85.0,25.0,95.0,3899,3893,6,3899,0.001538856116953065,0.30824649805514615,0.5,0.6164929961102923,920,0.23632160287695864,1.0,1
"iteration_3","SCOPE_DATA_COLLECTION",700,1,130.0,190.0,1,3969,3274,919,3421,3116,839,3972,3273,911,2,7,6,5.032712632108706E-4,0.002134146341463415,0.006543075245365322,0.3133158716337489,0.7226021186814907,1.3316914128197181,0.6266317432674978,0.7226021186814907,0.8877942752131455,0.24496475327291037,0.462878093492209,0.5488474204171241,95.0,100.0,4326,2301,1535,14,1,0,0.003236245954692557,4.34593654932638E-4,0.0,0.6,0.5,0.7,0.4,85.0,80.0,90.0,0.65,0.4,0.4,0.9,85.0,25.0,95.0,3265,3257,8,3265,0.002450229709035222,0.7161865534143087,1.0,0.7161865534143087,1506,0.46238870125882714,1.0,1
"iteration_3","SCOPE_DATA_COLLECTION",700,1,130.0,190.0,2,3969,3274,919,3421,3116,839,3972,3273,911,2,7,6,5.032712632108706E-4,0.002134146341463415,0.006543075245365322,0.3133158716337489,0.7226021186814907,1.3316914128197181,0.6266317432674978,0.7226021186814907,0.8877942752131455,0.24496475327291037,0.462878093492209,0.5488474204171241,95.0,100.0,4326,2301,1535,14,1,0,0.003236245954692557,4.34593654932638E-4,0.0,0.6,0.5,0.7,0.4,85.0,80.0,90.0,0.65,0.4,0.4,0.9,85.0,25.0,95.0,939,930,9,939,0.009584664536741214,1.3163749700613827,1.5,0.8775833133742551,497,0.5344086021505376,1.0,1
"iteration_3","SCOPE_DATA_COLLECTION",700,2,190.0,250.0,0,3899,3265,939,3969,3274,919,3885,3245,934,6,8,9,0.0015420200462606013,0.002459268367660621,0.009544008483563097,0.3083276766382427,0.7150456748262833,1.318795944891193,0.6166553532764854,0.7150456748262833,0.8791972965941287,0.2362934362934363,0.462557781201849,0.5353319057815846,100.0,100.0,4307,2440,1356,20,3,0,0.0046436034362665425,0.0012295081967213116,0.0,0.65,0.4,0.4,0.9,85.0,25.0,95.0,0.4,0.2,0.9,0.9,30.0,45.0,65.0,3844,3841,3,3844,7.804370447450572E-4,0.30631396545963707,0.5,0.6126279309192741,773,0.20124967456391565,1.0,1
"iteration_3","SCOPE_DATA_COLLECTION",700,2,190.0,250.0,1,3899,3265,939,3969,3274,919,3885,3245,934,6,8,9,0.0015420200462606013,0.002459268367660621,0.009544008483563097,0.3083276766382427,0.7150456748262833,1.318795944891193,0.6166553532764854,0.7150456748262833,0.8791972965941287,0.2362934362934363,0.462557781201849,0.5353319057815846,100.0,100.0,4307,2440,1356,20,3,0,0.0046436034362665425,0.0012295081967213116,0.0,0.65,0.4,0.4,0.9,85.0,25.0,95.0,0.4,0.2,0.9,0.9,30.0,45.0,65.0,3284,3278,6,3284,0.0018270401948842874,0.7292701472636648,1.0,0.7292701472636648,1557,0.47498474679682734,1.0,1
"iteration_3","SCOPE_DATA_COLLECTION",700,2,190.0,250.0,2,3899,3265,939,3969,3274,919,3885,3245,934,6,8,9,0.0015420200462606013,0.002459268367660621,0.009544008483563097,0.3083276766382427,0.7150456748262833,1.318795944891193,0.6166553532764854,0.7150456748262833,0.8791972965941287,0.2362934362934363,0.462557781201849,0.5353319057815846,100.0,100.0,4307,2440,1356,20,3,0,0.0046436034362665425,0.0012295081967213116,0.0,0.65,0.4,0.4,0.9,85.0,25.0,95.0,0.4,0.2,0.9,0.9,30.0,45.0,65.0,955,948,7,955,0.007329842931937173,1.3214215123072477,1.5,0.8809476748714985,512,0.540084388185654,1.0,1
"iteration_3","SCOPE_DATA_COLLECTION",700,3,250.0,310.0,0,3844,3284,955,3899,3265,939,3846,3273,944,3,6,7,7.79423226812159E-4,0.0018298261665141812,0.007360672975814932,0.3070344125222515,0.729126838562285,1.3193571972154015,0.614068825044503,0.729126838562285,0.8795714648102676,0.20306812272490898,0.4744882370913535,0.538135593220339,100.0,100.0,4407,1463,2213,15,1,0,0.0034036759700476512,6.83526999316473E-4,0.0,0.4,0.2,0.9,0.9,30.0,45.0,65.0,0.1,0.1,0.6000000000000001,0.5,35.0,55.0,30.0,3980,3833,147,3980,0.03693467336683417,0.34554222865639433,0.5,0.6910844573127887,935,0.24393425515262196,1.0,1
"iteration_3","SCOPE_DATA_COLLECTION",700,3,250.0,310.0,1,3844,3284,955,3899,3265,939,3846,3273,944,3,6,7,7.79423226812159E-4,0.0018298261665141812,0.007360672975814932,0.3070344125222515,0.729126838562285,1.3193571972154015,0.614068825044503,0.729126838562285,0.8795714648102676,0.20306812272490898,0.4744882370913535,0.538135593220339,100.0,100.0,4407,1463,2213,15,1,0,0.0034036759700476512,6.83526999316473E-4,0.0,0.4,0.2,0.9,0.9,30.0,45.0,65.0,0.1,0.1,0.6000000000000001,0.5,35.0,55.0,30.0,3406,3263,143,3406,0.04198473282442748,0.8143399142502037,1.0,0.8143399142502037,1706,0.5228317499233834,1.0,1
"iteration_3","SCOPE_DATA_COLLECTION",700,3,250.0,310.0,2,3844,3284,955,3899,3265,939,3846,3273,944,3,6,7,7.79423226812159E-4,0.0018298261665141812,0.007360672975814932,0.3070344125222515,0.729126838562285,1.3193571972154015,0.614068825044503,0.729126838562285,0.8795714648102676,0.20306812272490898,0.4744882370913535,0.538135593220339,100.0,100.0,4407,1463,2213,15,1,0,0.0034036759700476512,6.83526999316473E-4,0.0,0.4,0.2,0.9,0.9,30.0,45.0,65.0,0.1,0.1,0.6000000000000001,0.5,35.0,55.0,30.0,894,837,57,894,0.06375838926174497,1.4290828414677292,1.5,0.9527218943118195,485,0.5794504181600956,1.0,1
"iteration_3","SCOPE_DATA_COLLECTION",700,4,310.0,370.0,0,3980,3406,894,3844,3284,955,3835,3259,840,147,143,57,0.03691612255148167,0.042034097589653145,0.06354515050167224,0.34524965009504355,0.8126876304983428,1.431515153579914,0.6904993001900871,0.8126876304983428,0.9543434357199426,0.24328552803129075,0.5213255599877263,0.5821428571428572,100.0,100.0,4599,352,3329,30,0,317,0.006523157208088715,0.0,0.09522379092820667,0.1,0.1,0.6000000000000001,0.5,35.0,55.0,30.0,0.1,0.2,0.5,0.5,45.0,45.0,40.0,3939,3835,104,3939,0.026402640264026403,0.33008503768393743,0.5,0.6601700753678749,777,0.20260756192959584,1.0,1
"iteration_3","SCOPE_DATA_COLLECTION",700,4,310.0,370.0,1,3980,3406,894,3844,3284,955,3835,3259,840,147,143,57,0.03691612255148167,0.042034097589653145,0.06354515050167224,0.34524965009504355,0.8126876304983428,1.431515153579914,0.6904993001900871,0.8126876304983428,0.9543434357199426,0.24328552803129075,0.5213255599877263,0.5821428571428572,100.0,100.0,4599,352,3329,30,0,317,0.006523157208088715,0.0,0.09522379092820667,0.1,0.1,0.6000000000000001,0.5,35.0,55.0,30.0,0.1,0.2,0.5,0.5,45.0,45.0,40.0,3443,3335,108,3443,0.031367993029334885,0.7731029181510971,1.0,0.7731029181510971,1644,0.4929535232383808,1.0,1
"iteration_3","SCOPE_DATA_COLLECTION",700,4,310.0,370.0,2,3980,3406,894,3844,3284,955,3835,3259,840,147,143,57,0.03691612255148167,0.042034097589653145,0.06354515050167224,0.34524965009504355,0.8126876304983428,1.431515153579914,0.6904993001900871,0.8126876304983428,0.9543434357199426,0.24328552803129075,0.5213255599877263,0.5821428571428572,100.0,100.0,4599,352,3329,30,0,317,0.006523157208088715,0.0,0.09522379092820667,0.1,0.1,0.6000000000000001,0.5,35.0,55.0,30.0,0.1,0.2,0.5,0.5,45.0,45.0,40.0,926,885,41,926,0.04427645788336933,1.3590063855363064,1.5,0.9060042570242043,487,0.5502824858757062,1.0,1
"iteration_3","SCOPE_DATA_COLLECTION",700,5,370.0,430.0,0,3939,3443,926,3980,3406,894,3832,3332,883,104,107,41,0.026422764227642278,0.03111369584181448,0.044372294372294376,0.3298930773963433,0.7727411989197618,1.357630427375041,0.6597861547926867,0.7727411989197618,0.9050869515833607,0.20224425887265135,0.49309723889555823,0.5503963759909399,100.0,100.0,4461,386,3461,20,0,232,0.004483299708585519,0.0,0.06703264952325917,0.1,0.2,0.5,0.5,45.0,45.0,40.0,0.1,0.1,0.5,0.6000000000000001,35.0,35.0,50.0,3866,3774,92,3866,0.02379720641489912,0.32522550889540464,0.5,0.6504510177908093,676,0.17912029676735558,1.0,1
"iteration_3","SCOPE_DATA_COLLECTION",700,5,370.0,430.0,1,3939,3443,926,3980,3406,894,3832,3332,883,104,107,41,0.026422764227642278,0.03111369584181448,0.044372294372294376,0.3298930773963433,0.7727411989197618,1.357630427375041,0.6597861547926867,0.7727411989197618,0.9050869515833607,0.20224425887265135,0.49309723889555823,0.5503963759909399,100.0,100.0,4461,386,3461,20,0,232,0.004483299708585519,0.0,0.06703264952325917,0.1,0.2,0.5,0.5,45.0,45.0,40.0,0.1,0.1,0.5,0.6000000000000001,35.0,35.0,50.0,3306,3236,70,3306,0.02117362371445856,0.7804975486882164,1.0,0.7804975486882164,1635,0.5052533992583437,1.0,1
"iteration_3","SCOPE_DATA_COLLECTION",700,5,370.0,430.0,2,3939,3443,926,3980,3406,894,3832,3332,883,104,107,41,0.026422764227642278,0.03111369584181448,0.044372294372294376,0.3298930773963433,0.7727411989197618,1.357630427375041,0.6597861547926867,0.7727411989197618,0.9050869515833607,0.20224425887265135,0.49309723889555823,0.5503963759909399,100.0,100.0,4461,386,3461,20,0,232,0.004483299708585519,0.0,0.06703264952325917,0.1,0.2,0.5,0.5,45.0,45.0,40.0,0.1,0.1,0.5,0.6000000000000001,35.0,35.0,50.0,873,841,32,873,0.03665521191294387,1.3582594803328272,1.5,0.9055063202218848,467,0.5552913198573127,1.0,1
"iteration_3","SCOPE_DATA_COLLECTION",700,6,430.0,490.0,0,3866,3306,873,3939,3443,926,3770,3251,848,92,71,32,0.023821853961677887,0.021372667068031308,0.03636363636363636,0.3251149049310651,0.7827565372956252,1.3604079122691364,0.6502298098621302,0.7827565372956252,0.9069386081794243,0.17984084880636605,0.5063057520762843,0.5554245283018868,97.5,100.0,4463,352,3230,16,0,179,0.003585032489356935,0.0,0.05541795665634675,0.1,0.1,0.5,0.6000000000000001,35.0,35.0,50.0,0.30000000000000004,0.1,0.6000000000000001,0.9,35.0,60.0,50.0,3884,3878,6,3884,0.001544799176107106,0.299430466004563,0.5,0.598860932009126,652,0.16812790097988653,1.0,1
"iteration_3","SCOPE_DATA_COLLECTION",700,6,430.0,490.0,1,3866,3306,873,3939,3443,926,3770,3251,848,92,71,32,0.023821853961677887,0.021372667068031308,0.03636363636363636,0.3251149049310651,0.7827565372956252,1.3604079122691364,0.6502298098621302,0.7827565372956252,0.9069386081794243,0.17984084880636605,0.5063057520762843,0.5554245283018868,97.5,100.0,4463,352,3230,16,0,179,0.003585032489356935,0.0,0.05541795665634675,0.1,0.1,0.5,0.6000000000000001,35.0,35.0,50.0,0.30000000000000004,0.1,0.6000000000000001,0.9,35.0,60.0,50.0,3264,3254,10,3264,0.0030637254901960784,0.7634131133608503,1.0,0.7634131133608503,1642,0.5046097111247695,1.0,1
"iteration_3","SCOPE_DATA_COLLECTION",700,6,430.0,490.0,2,3866,3306,873,3939,3443,926,3770,3251,848,92,71,32,0.023821853961677887,0.021372667068031308,0.03636363636363636,0.3251149049310651,0.7827565372956252,1.3604079122691364,0.6502298098621302,0.7827565372956252,0.9069386081794243,0.17984084880636605,0.5063057520762843,0.5554245283018868,97.5,100.0,4463,352,3230,16,0,179,0.003585032489356935,0.0,0.05541795665634675,0.1,0.1,0.5,0.6000000000000001,35.0,35.0,50.0,0.30000000000000004,0.1,0.6000000000000001,0.9,35.0,60.0,50.0,878,871,7,878,0.007972665148063782,1.325909607463895,1.5,0.8839397383092633,476,0.5464982778415615,1.0,1
"iteration_3","SCOPE_DATA_COLLECTION",700,7,490.0,550.0,0,3884,3264,878,3866,3306,873,3882,3244,869,6,10,7,0.0015432098765432098,0.003073140749846343,0.007990867579908675,0.2992196582591236,0.7610311530345278,1.3237330735472608,0.5984393165182472,0.7610311530345278,0.8824887156981739,0.16692426584234932,0.5033908754623921,0.5454545454545454,97.5,100.0,4526,1026,2474,21,2,0,0.004639858594785683,0.001949317738791423,0.0,0.30000000000000004,0.1,0.6000000000000001,0.9,35.0,60.0,50.0,0.30000000000000004,0.1,0.6000000000000001,0.8,25.0,60.0,40.0,3945,3944,1,3945,2.5348542458808617E-4,0.29547779661516343,0.5,0.5909555932303269,640,0.16227180527383367,1.0,1
"iteration_3","SCOPE_DATA_COLLECTION",700,7,490.0,550.0,1,3884,3264,878,3866,3306,873,3882,3244,869,6,10,7,0.0015432098765432098,0.003073140749846343,0.007990867579908675,0.2992196582591236,0.7610311530345278,1.3237330735472608,0.5984393165182472,0.7610311530345278,0.8824887156981739,0.16692426584234932,0.5033908754623921,0.5454545454545454,97.5,100.0,4526,1026,2474,21,2,0,0.004639858594785683,0.001949317738791423,0.0,0.30000000000000004,0.1,0.6000000000000001,0.9,35.0,60.0,50.0,0.30000000000000004,0.1,0.6000000000000001,0.8,25.0,60.0,40.0,3377,3372,5,3377,0.0014806040864672786,0.7383489123487943,1.0,0.7383489123487943,1620,0.4804270462633452,1.0,1
"iteration_3","SCOPE_DATA_COLLECTION",700,7,490.0,550.0,2,3884,3264,878,3866,3306,873,3882,3244,869,6,10,7,0.0015432098765432098,0.003073140749846343,0.007990867579908675,0.2992196582591236,0.7610311530345278,1.3237330735472608,0.5984393165182472,0.7610311530345278,0.8824887156981739,0.16692426584234932,0.5033908754623921,0.5454545454545454,97.5,100.0,4526,1026,2474,21,2,0,0.004639858594785683,0.001949317738791423,0.0,0.30000000000000004,0.1,0.6000000000000001,0.9,35.0,60.0,50.0,0.30000000000000004,0.1,0.6000000000000001,0.8,25.0,60.0,40.0,928,923,5,928,0.005387931034482759,1.3474533190916476,1.5,0.898302212727765,511,0.5536294691224268,1.0,1
"iteration_3","SCOPE_DATA_COLLECTION",700,8,550.0,610.0,0,3945,3377,928,3884,3264,878,3945,3394,914,1,5,5,2.5342118601115053E-4,0.0014710208884966167,0.00544069640914037,0.29564383067330585,0.7419484176803044,1.3450300868119198,0.5912876613466117,0.7419484176803044,0.8966867245412798,0.16299112801013943,0.4826163818503241,0.5525164113785558,100.0,100.0,4491,1122,2637,11,0,0,0.002449343130705856,0.0,0.0,0.30000000000000004,0.1,0.6000000000000001,0.8,25.0,60.0,40.0,0.2,0.2,0.6000000000000001,0.9,35.0,50.0,40.0,3994,3957,37,3994,0.009263895843765649,0.31456322607093934,0.5,0.6291264521418787,726,0.18347232752084913,1.0,1
"iteration_3","SCOPE_DATA_COLLECTION",700,8,550.0,610.0,1,3945,3377,928,3884,3264,878,3945,3394,914,1,5,5,2.5342118601115053E-4,0.0014710208884966167,0.00544069640914037,0.29564383067330585,0.7419484176803044,1.3450300868119198,0.5912876613466117,0.7419484176803044,0.8966867245412798,0.16299112801013943,0.4826163818503241,0.5525164113785558,100.0,100.0,4491,1122,2637,11,0,0,0.002449343130705856,0.0,0.0,0.30000000000000004,0.1,0.6000000000000001,0.8,25.0,60.0,40.0,0.2,0.2,0.6000000000000001,0.9,35.0,50.0,40.0,3242,3200,42,3242,0.012954966070326958,0.7508662759261548,1.0,0.7508662759261548,1524,0.47625,1.0,1
"iteration_3","SCOPE_DATA_COLLECTION",700,8,550.0,610.0,2,3945,3377,928,3884,3264,878,3945,3394,914,1,5,5,2.5342118601115053E-4,0.0014710208884966167,0.00544069640914037,0.29564383067330585,0.7419484176803044,1.3450300868119198,0.5912876613466117,0.7419484176803044,0.8966867245412798,0.16299112801013943,0.4826163818503241,0.5525164113785558,100.0,100.0,4491,1122,2637,11,0,0,0.002449343130705856,0.0,0.0,0.30000000000000004,0.1,0.6000000000000001,0.8,25.0,60.0,40.0,0.2,0.2,0.6000000000000001,0.9,35.0,50.0,40.0,920,905,15,920,0.016304347826086956,1.3572704124506705,1.5,0.9048469416337803,503,0.5558011049723757,1.0,1
"iteration_3","SCOPE_DATA_COLLECTION",700,9,610.0,670.0,0,3994,3242,920,3945,3377,928,3951,3192,918,37,42,15,0.009277833500501504,0.012987012987012988,0.01607717041800643,0.3137218205141062,0.7499840149450896,1.3663538035522234,0.6274436410282124,0.7499840149450896,0.9109025357014823,0.18147304479878512,0.474937343358396,0.5599128540305011,97.5,100.0,4416,722,3018,14,0,80,0.003170289855072464,0.0,0.026507620941020542,0.2,0.2,0.6000000000000001,0.9,35.0,50.0,40.0,0.05,0.30000000000000004,0.4,0.1,55.0,55.0,45.0,3935,3786,149,3935,0.03786531130876747,0.3464750381366465,0.5,0.692950076273293,872,0.23032223983095615,1.0,1
"iteration_3","SCOPE_DATA_COLLECTION",700,9,610.0,670.0,1,3994,3242,920,3945,3377,928,3951,3192,918,37,42,15,0.009277833500501504,0.012987012987012988,0.01607717041800643,0.3137218205141062,0.7499840149450896,1.3663538035522234,0.6274436410282124,0.7499840149450896,0.9109025357014823,0.18147304479878512,0.474937343358396,0.5599128540305011,97.5,100.0,4416,722,3018,14,0,80,0.003170289855072464,0.0,0.026507620941020542,0.2,0.2,0.6000000000000001,0.9,35.0,50.0,40.0,0.05,0.30000000000000004,0.4,0.1,55.0,55.0,45.0,3239,3128,111,3239,0.03426983636924977,0.7691692752408165,1.0,0.7691692752408165,1568,0.5012787723785166,1.0,1
"iteration_3","SCOPE_DATA_COLLECTION",700,9,610.0,670.0,2,3994,3242,920,3945,3377,928,3951,3192,918,37,42,15,0.009277833500501504,0.012987012987012988,0.01607717041800643,0.3137218205141062,0.7499840149450896,1.3663538035522234,0.6274436410282124,0.7499840149450896,0.9109025357014823,0.18147304479878512,0.474937343358396,0.5599128540305011,97.5,100.0,4416,722,3018,14,0,80,0.003170289855072464,0.0,0.026507620941020542,0.2,0.2,0.6000000000000001,0.9,35.0,50.0,40.0,0.05,0.30000000000000004,0.4,0.1,55.0,55.0,45.0,874,845,29,874,0.03318077803203661,1.351308410004423,1.5,0.9008722733362821,470,0.5562130177514792,1.0,1
"iteration_3","SCOPE_DATA_COLLECTION",700,10,670.0,730.0,0,3935,3239,874,3994,3242,920,3787,3119,846,149,111,29,0.03785569105691057,0.03436532507739938,0.03314285714285714,0.3471838939141672,0.7686192254398919,1.3534380043552603,0.6943677878283344,0.7686192254398919,0.9022920029035069,0.23210984948508054,0.5014427701186278,0.5567375886524822,100.0,100.0,4368,210,3470,3,0,286,6.868131868131869E-4,0.0,0.08242074927953891,0.05,0.30000000000000004,0.4,0.1,55.0,55.0,45.0,0.05,0.30000000000000004,0.5,0.1,55.0,55.0,35.0,4038,3772,266,4038,0.06587419514611194,0.36609869240756265,0.5,0.7321973848151253,970,0.25715800636267233,1.0,1
"iteration_3","SCOPE_DATA_COLLECTION",700,10,670.0,730.0,1,3935,3239,874,3994,3242,920,3787,3119,846,149,111,29,0.03785569105691057,0.03436532507739938,0.03314285714285714,0.3471838939141672,0.7686192254398919,1.3534380043552603,0.6943677878283344,0.7686192254398919,0.9022920029035069,0.23210984948508054,0.5014427701186278,0.5567375886524822,100.0,100.0,4368,210,3470,3,0,286,6.868131868131869E-4,0.0,0.08242074927953891,0.05,0.30000000000000004,0.4,0.1,55.0,55.0,45.0,0.05,0.30000000000000004,0.5,0.1,55.0,55.0,35.0,3343,3129,214,3343,0.06401435836075381,0.8071760536142083,1.0,0.8071760536142083,1610,0.5145413870246085,1.0,1
"iteration_3","SCOPE_DATA_COLLECTION",700,10,670.0,730.0,2,3935,3239,874,3994,3242,920,3787,3119,846,149,111,29,0.03785569105691057,0.03436532507739938,0.03314285714285714,0.3471838939141672,0.7686192254398919,1.3534380043552603,0.6943677878283344,0.7686192254398919,0.9022920029035069,0.23210984948508054,0.5014427701186278,0.5567375886524822,100.0,100.0,4368,210,3470,3,0,286,6.868131868131869E-4,0.0,0.08242074927953891,0.05,0.30000000000000004,0.4,0.1,55.0,55.0,45.0,0.05,0.30000000000000004,0.5,0.1,55.0,55.0,35.0,888,831,57,888,0.06418918918918919,1.3870315580328154,1.5,0.9246877053552103,473,0.5691937424789411,1.0,1
"iteration_3","SCOPE_DATA_COLLECTION",700,11,730.0,790.0,0,4038,3343,888,3935,3239,874,3771,3131,826,266,214,57,0.06589051275699777,0.06397608370702541,0.06455266138165346,0.36642487195761375,0.8095385263330417,1.3791108522388456,0.7328497439152275,0.8095385263330417,0.919407234825897,0.25802174489525326,0.5167678058128393,0.5653753026634383,100.0,100.0,4434,185,3650,6,0,531,0.0013531799729364006,0.0,0.1454794520547945,0.05,0.30000000000000004,0.5,0.1,55.0,55.0,35.0,0.05,0.4,0.5,0.2,45.0,65.0,25.0,3874,3576,298,3874,0.07692307692307693,0.36727211368456325,0.5,0.7345442273691265,915,0.2558724832214765,1.0,1
"iteration_3","SCOPE_DATA_COLLECTION",700,11,730.0,790.0,1,4038,3343,888,3935,3239,874,3771,3131,826,266,214,57,0.06589051275699777,0.06397608370702541,0.06455266138165346,0.36642487195761375,0.8095385263330417,1.3791108522388456,0.7328497439152275,0.8095385263330417,0.919407234825897,0.25802174489525326,0.5167678058128393,0.5653753026634383,100.0,100.0,4434,185,3650,6,0,531,0.0013531799729364006,0.0,0.1454794520547945,0.05,0.30000000000000004,0.5,0.1,55.0,55.0,35.0,0.05,0.4,0.5,0.2,45.0,65.0,25.0,3357,3120,237,3357,0.07059874888293119,0.7894222518547327,1.0,0.7894222518547327,1542,0.49423076923076925,1.0,1
"iteration_3","SCOPE_DATA_COLLECTION",700,11,730.0,790.0,2,4038,3343,888,3935,3239,874,3771,3131,826,266,214,57,0.06589051275699777,0.06397608370702541,0.06455266138165346,0.36642487195761375,0.8095385263330417,1.3791108522388456,0.7328497439152275,0.8095385263330417,0.919407234825897,0.25802174489525326,0.5167678058128393,0.5653753026634383,100.0,100.0,4434,185,3650,6,0,531,0.0013531799729364006,0.0,0.1454794520547945,0.05,0.30000000000000004,0.5,0.1,55.0,55.0,35.0,0.05,0.4,0.5,0.2,45.0,65.0,25.0,924,854,70,924,0.07575757575757576,1.3638704493237304,1.5,0.9092469662158202,474,0.5550351288056206,1.0,1
"iteration_3","SCOPE_DATA_COLLECTION",700,12,790.0,850.0,0,3874,3357,924,4038,3343,888,3574,3100,863,298,237,70,0.07696280991735537,0.07102187593646989,0.07502679528403002,0.3666612403454982,0.7826563987512656,1.368748775542021,0.7333224806909964,0.7826563987512656,0.9124991836946806,0.25433687744823724,0.49,0.5585168018539977,97.5,100.0,4292,192,3671,16,0,589,0.003727865796831314,0.0,0.16044674475619722,0.05,0.4,0.5,0.2,45.0,65.0,25.0,0.05,0.4,0.5,0.2,45.0,65.0,25.0,3787,3573,214,3787,0.05650911011354634,0.37500866593846083,0.5,0.7500173318769217,904,0.2530086761824797,1.0,1
"iteration_3","SCOPE_DATA_COLLECTION",700,12,790.0,850.0,1,3874,3357,924,4038,3343,888,3574,3100,863,298,237,70,0.07696280991735537,0.07102187593646989,0.07502679528403002,0.3666612403454982,0.7826563987512656,1.368748775542021,0.7333224806909964,0.7826563987512656,0.9124991836946806,0.25433687744823724,0.49,0.5585168018539977,97.5,100.0,4292,192,3671,16,0,589,0.003727865796831314,0.0,0.16044674475619722,0.05,0.4,0.5,0.2,45.0,65.0,25.0,0.05,0.4,0.5,0.2,45.0,65.0,25.0,3372,3182,190,3372,0.05634638196915777,0.8154739302595096,1.0,0.8154739302595096,1566,0.49214330609679446,1.0,1
"iteration_3","SCOPE_DATA_COLLECTION",700,12,790.0,850.0,2,3874,3357,924,4038,3343,888,3574,3100,863,298,237,70,0.07696280991735537,0.07102187593646989,0.07502679528403002,0.3666612403454982,0.7826563987512656,1.368748775542021,0.7333224806909964,0.7826563987512656,0.9124991836946806,0.25433687744823724,0.49,0.5585168018539977,97.5,100.0,4292,192,3671,16,0,589,0.003727865796831314,0.0,0.16044674475619722,0.05,0.4,0.5,0.2,45.0,65.0,25.0,0.05,0.4,0.5,0.2,45.0,65.0,25.0,903,838,65,903,0.07198228128460686,1.4362787817789708,1.5,0.9575191878526472,491,0.5859188544152745,1.0,1
"iteration_3","SCOPE_DATA_COLLECTION",700,13,850.0,910.0,0,3787,3372,903,3874,3357,924,3578,3188,831,214,190,65,0.05643459915611814,0.056246299585553584,0.07254464285714286,0.3756674382033542,0.8217733240699046,1.4390752423127002,0.7513348764067084,0.8217733240699046,0.9593834948751335,0.25405254332029065,0.4968632371392723,0.5872442839951865,100.0,100.0,4258,177,3627,10,0,459,0.0023485204321277596,0.0,0.12655086848635236,0.05,0.4,0.5,0.2,45.0,65.0,25.0,0.65,0.9,0.9,0.2,30.0,75.0,25.0,3927,3925,2,3927,5.092946269416857E-4,0.32332823072605815,0.5,0.6466564614521163,1032,0.26292993630573247,1.0,1
"iteration_3","SCOPE_DATA_COLLECTION",700,13,850.0,910.0,1,3787,3372,903,3874,3357,924,3578,3188,831,214,190,65,0.05643459915611814,0.056246299585553584,0.07254464285714286,0.3756674382033542,0.8217733240699046,1.4390752423127002,0.7513348764067084,0.8217733240699046,0.9593834948751335,0.25405254332029065,0.4968632371392723,0.5872442839951865,100.0,100.0,4258,177,3627,10,0,459,0.0023485204321277596,0.0,0.12655086848635236,0.05,0.4,0.5,0.2,45.0,65.0,25.0,0.65,0.9,0.9,0.2,30.0,75.0,25.0,3285,3279,6,3285,0.0018264840182648401,0.7285836377320295,1.0,0.7285836377320295,1540,0.4696553827386398,1.0,1
"iteration_3","SCOPE_DATA_COLLECTION",700,13,850.0,910.0,2,3787,3372,903,3874,3357,924,3578,3188,831,214,190,65,0.05643459915611814,0.056246299585553584,0.07254464285714286,0.3756674382033542,0.8217733240699046,1.4390752423127002,0.7513348764067084,0.8217733240699046,0.9593834948751335,0.25405254332029065,0.4968632371392723,0.5872442839951865,100.0,100.0,4258,177,3627,10,0,459,0.0023485204321277596,0.0,0.12655086848635236,0.05,0.4,0.5,0.2,45.0,65.0,25.0,0.65,0.9,0.9,0.2,30.0,75.0,25.0,935,931,4,935,0.0042780748663101605,1.2983322487761617,1.5,0.8655548325174411,495,0.5316863587540279,1.0,1
"iteration_3","SCOPE_DATA_COLLECTION",700,14,910.0,970.0,0,3927,3285,935,3787,3372,903,3937,3289,930,2,6,4,5.077430820005078E-4,0.0018209408194233688,0.004282655246252677,0.3235136228736858,0.7283363182658587,1.299963111033832,0.6470272457473716,0.7283363182658587,0.8666420740225548,0.2636525273050546,0.46761933718455456,0.5333333333333333,97.5,100.0,4260,2525,1362,11,1,0,0.0025821596244131454,3.9603960396039607E-4,0.0,0.65,0.9,0.9,0.2,30.0,75.0,25.0,0.75,0.9,0.9,0.2,30.0,65.0,35.0,3910,3906,4,3910,0.0010230179028132991,0.3270665411358889,0.5,0.6541330822717778,1069,0.2736815156169995,1.0,1
"iteration_3","SCOPE_DATA_COLLECTION",700,14,910.0,970.0,1,3927,3285,935,3787,3372,903,3937,3289,930,2,6,4,5.077430820005078E-4,0.0018209408194233688,0.004282655246252677,0.3235136228736858,0.7283363182658587,1.299963111033832,0.6470272457473716,0.7283363182658587,0.8666420740225548,0.2636525273050546,0.46761933718455456,0.5333333333333333,97.5,100.0,4260,2525,1362,11,1,0,0.0025821596244131454,3.9603960396039607E-4,0.0,0.65,0.9,0.9,0.2,30.0,75.0,25.0,0.75,0.9,0.9,0.2,30.0,65.0,35.0,3322,3320,2,3322,6.020469596628537E-4,0.7327663427180822,1.0,0.7327663427180822,1563,0.4707831325301205,1.0,1
"iteration_3","SCOPE_DATA_COLLECTION",700,14,910.0,970.0,2,3927,3285,935,3787,3372,903,3937,3289,930,2,6,4,5.077430820005078E-4,0.0018209408194233688,0.004282655246252677,0.3235136228736858,0.7283363182658587,1.299963111033832,0.6470272457473716,0.7283363182658587,0.8666420740225548,0.2636525273050546,0.46761933718455456,0.5333333333333333,97.5,100.0,4260,2525,1362,11,1,0,0.0025821596244131454,3.9603960396039607E-4,0.0,0.65,0.9,0.9,0.2,30.0,75.0,25.0,0.75,0.9,0.9,0.2,30.0,65.0,35.0,922,916,6,922,0.006507592190889371,1.26823028476397,1.5,0.8454868565093133,475,0.5185589519650655,1.0,1
"iteration_3","SCOPE_DATA_COLLECTION",700,15,970.0,1030.0,0,3910,3322,922,3927,3285,935,3892,3319,912,4,2,6,0.001026694045174538,6.022282445046673E-4,0.006535947712418301,0.3257261813054716,0.7295907768589144,1.2639179453971947,0.6514523626109432,0.7295907768589144,0.8426119635981298,0.27081192189105857,0.46911720397710155,0.5153508771929824,100.0,100.0,4308,2919,927,10,2,0,0.002321262766945218,6.851661527920521E-4,0.0,0.75,0.9,0.9,0.2,30.0,65.0,35.0,0.4,0.5,0.5,0.30000000000000004,60.0,30.0,80.0,3863,3857,6,3863,0.001553196997152472,0.32408904653335163,0.5,0.6481780930667033,980,0.2540834845735027,1.0,1
"iteration_3","SCOPE_DATA_COLLECTION",700,15,970.0,1030.0,1,3910,3322,922,3927,3285,935,3892,3319,912,4,2,6,0.001026694045174538,6.022282445046673E-4,0.006535947712418301,0.3257261813054716,0.7295907768589144,1.2639179453971947,0.6514523626109432,0.7295907768589144,0.8426119635981298,0.27081192189105857,0.46911720397710155,0.5153508771929824,100.0,100.0,4308,2919,927,10,2,0,0.002321262766945218,6.851661527920521E-4,0.0,0.75,0.9,0.9,0.2,30.0,65.0,35.0,0.4,0.5,0.5,0.30000000000000004,60.0,30.0,80.0,3305,3292,13,3305,0.003933434190620273,0.7350250776861904,1.0,0.7350250776861904,1544,0.4690157958687728,1.0,1
"iteration_3","SCOPE_DATA_COLLECTION",700,15,970.0,1030.0,2,3910,3322,922,3927,3285,935,3892,3319,912,4,2,6,0.001026694045174538,6.022282445046673E-4,0.006535947712418301,0.3257261813054716,0.7295907768589144,1.2639179453971947,0.6514523626109432,0.7295907768589144,0.8426119635981298,0.27081192189105857,0.46911720397710155,0.5153508771929824,100.0,100.0,4308,2919,927,10,2,0,0.002321262766945218,6.851661527920521E-4,0.0,0.75,0.9,0.9,0.2,30.0,65.0,35.0,0.4,0.5,0.5,0.30000000000000004,60.0,30.0,80.0,921,918,3,921,0.003257328990228013,1.2680410978629124,1.5,0.8453607319086083,476,0.5185185185185185,1.0,1
"iteration_3","SCOPE_DATA_COLLECTION",700,16,1030.0,1090.0,0,3863,3305,921,3910,3322,922,3865,3287,930,6,13,3,0.0015499870834409714,0.00393939393939394,0.003215434083601286,0.3250115508165892,0.7351519770392821,1.2743506088873862,0.6500231016331784,0.7351519770392821,0.8495670725915908,0.2558861578266494,0.46912077882567693,0.521505376344086,97.5,100.0,4331,1501,2257,20,2,0,0.004617871161394597,0.0013324450366422385,0.0,0.4,0.5,0.5,0.30000000000000004,60.0,30.0,80.0,0.5,0.6000000000000001,0.6000000000000001,0.4,60.0,20.0,80.0,3792,3788,4,3792,0.0010548523206751054,0.317065853721008,0.5,0.634131707442016,978,0.25818373812038015,1.0,1
"iteration_3","SCOPE_DATA_COLLECTION",700,16,1030.0,1090.0,1,3863,3305,921,3910,3322,922,3865,3287,930,6,13,3,0.0015499870834409714,0.00393939393939394,0.003215434083601286,0.3250115508165892,0.7351519770392821,1.2743506088873862,0.6500231016331784,0.7351519770392821,0.8495670725915908,0.2558861578266494,0.46912077882567693,0.521505376344086,97.5,100.0,4331,1501,2257,20,2,0,0.004617871161394597,0.0013324450366422385,0.0,0.4,0.5,0.5,0.30000000000000004,60.0,30.0,80.0,0.5,0.6000000000000001,0.6000000000000001,0.4,60.0,20.0,80.0,3318,3309,9,3318,0.0027124773960217,0.7430053703706703,1.0,0.7430053703706703,1593,0.4814143245693563,1.0,1
"iteration_3","SCOPE_DATA_COLLECTION",700,16,1030.0,1090.0,2,3863,3305,921,3910,3322,922,3865,3287,930,6,13,3,0.0015499870834409714,0.00393939393939394,0.003215434083601286,0.3250115508165892,0.7351519770392821,1.2743506088873862,0.6500231016331784,0.7351519770392821,0.8495670725915908,0.2558861578266494,0.46912077882567693,0.521505376344086,97.5,100.0,4331,1501,2257,20,2,0,0.004617871161394597,0.0013324450366422385,0.0,0.4,0.5,0.5,0.30000000000000004,60.0,30.0,80.0,0.5,0.6000000000000001,0.6000000000000001,0.4,60.0,20.0,80.0,892,887,5,892,0.005605381165919282,1.3496880187914526,1.5,0.8997920125276351,490,0.552423900789177,1.0,1
"iteration_3","SCOPE_DATA_COLLECTION",700,17,1090.0,1150.0,0,3792,3318,892,3863,3305,921,3776,3320,877,4,9,5,0.0010582010582010583,0.0027035145689396217,0.005668934240362812,0.3172542187621352,0.7449849866356824,1.3404161446530412,0.6345084375242704,0.7449849866356824,0.8936107631020275,0.2582097457627119,0.4831325301204819,0.5473204104903079,100.0,100.0,4326,1881,1795,17,1,0,0.003929727230698105,5.31632110579479E-4,0.0,0.5,0.6000000000000001,0.6000000000000001,0.4,60.0,20.0,80.0,0.5,0.7000000000000001,0.6000000000000001,0.4,70.0,20.0,70.0,3990,3984,6,3990,0.0015037593984962407,0.3241938408444683,0.5,0.6483876816889366,1024,0.2570281124497992,1.0,1
"iteration_3","SCOPE_DATA_COLLECTION",700,17,1090.0,1150.0,1,3792,3318,892,3863,3305,921,3776,3320,877,4,9,5,0.0010582010582010583,0.0027035145689396217,0.005668934240362812,0.3172542187621352,0.7449849866356824,1.3404161446530412,0.6345084375242704,0.7449849866356824,0.8936107631020275,0.2582097457627119,0.4831325301204819,0.5473204104903079,100.0,100.0,4326,1881,1795,17,1,0,0.003929727230698105,5.31632110579479E-4,0.0,0.5,0.6000000000000001,0.6000000000000001,0.4,60.0,20.0,80.0,0.5,0.7000000000000001,0.6000000000000001,0.4,70.0,20.0,70.0,3282,3269,13,3282,0.003960999390615478,0.7356038937078522,1.0,0.7356038937078522,1554,0.4753747323340471,1.0,1
"iteration_3","SCOPE_DATA_COLLECTION",700,17,1090.0,1150.0,2,3792,3318,892,3863,3305,921,3776,3320,877,4,9,5,0.0010582010582010583,0.0027035145689396217,0.005668934240362812,0.3172542187621352,0.7449849866356824,1.3404161446530412,0.6345084375242704,0.7449849866356824,0.8936107631020275,0.2582097457627119,0.4831325301204819,0.5473204104903079,100.0,100.0,4326,1881,1795,17,1,0,0.003929727230698105,5.31632110579479E-4,0.0,0.5,0.6000000000000001,0.6000000000000001,0.4,60.0,20.0,80.0,0.5,0.7000000000000001,0.6000000000000001,0.4,70.0,20.0,70.0,934,931,3,934,0.0032119914346895075,1.2682229149203903,1.5,0.8454819432802602,478,0.5134264232008593,1.0,1
"iteration_3","SCOPE_DATA_COLLECTION",700,18,1150.0,1210.0,0,3990,3282,934,3792,3318,892,3998,3269,933,6,13,3,0.0014985014985014985,0.003960999390615478,0.003205128205128205,0.32435537984713536,0.7364962304449785,1.2661157492074073,0.6487107596942707,0.7364962304449785,0.8440771661382716,0.2576288144072036,0.4753747323340471,0.5133976420150054,100.0,100.0,4387,1884,1935,21,1,0,0.004786870298609528,5.307855626326964E-4,0.0,0.5,0.7000000000000001,0.6000000000000001,0.4,70.0,20.0,70.0,0.5,0.7000000000000001,0.6000000000000001,0.4,70.0,20.0,70.0,3877,3871,6,3877,0.0015475883415011606,0.3203319527046792,0.5,0.6406639054093584,999,0.25807284939292174,1.0,1
"iteration_3","SCOPE_DATA_COLLECTION",700,18,1150.0,1210.0,1,3990,3282,934,3792,3318,892,3998,3269,933,6,13,3,0.0014985014985014985,0.003960999390615478,0.003205128205128205,0.32435537984713536,0.7364962304449785,1.2661157492074073,0.6487107596942707,0.7364962304449785,0.8440771661382716,0.2576288144072036,0.4753747323340471,0.5133976420150054,100.0,100.0,4387,1884,1935,21,1,0,0.004786870298609528,5.307855626326964E-4,0.0,0.5,0.7000000000000001,0.6000000000000001,0.4,70.0,20.0,70.0,0.5,0.7000000000000001,0.6000000000000001,0.4,70.0,20.0,70.0,3315,3310,5,3315,0.0015082956259426848,0.7317071407008183,1.0,0.7317071407008183,1542,0.46586102719033234,1.0,1
"iteration_3","SCOPE_DATA_COLLECTION",700,18,1150.0,1210.0,2,3990,3282,934,3792,3318,892,3998,3269,933,6,13,3,0.0014985014985014985,0.003960999390615478,0.003205128205128205,0.32435537984713536,0.7364962304449785,1.2661157492074073,0.6487107596942707,0.7364962304449785,0.8440771661382716,0.2576288144072036,0.4753747323340471,0.5133976420150054,100.0,100.0,4387,1884,1935,21,1,0,0.004786870298609528,5.307855626326964E-4,0.0,0.5,0.7000000000000001,0.6000000000000001,0.4,70.0,20.0,70.0,0.5,0.7000000000000001,0.6000000000000001,0.4,70.0,20.0,70.0,923,918,5,923,0.005417118093174431,1.293522447051215,1.5,0.8623482980341434,481,0.5239651416122004,1.0,1
"iteration_3","SCOPE_DATA_COLLECTION",700,19,1210.0,1270.0,0,3877,3315,923,3990,3282,934,3864,3312,918,6,5,5,0.0015503875968992248,0.0015073861923424782,0.005417118093174431,0.3198491231293724,0.7307431996804123,1.2974333799220836,0.6396982462587448,0.7307431996804123,0.8649555866147224,0.25750517598343686,0.4667874396135266,0.5261437908496732,100.0,100.0,4320,1880,1915,14,2,0,0.0032407407407407406,0.0010638297872340426,0.0,0.5,0.7000000000000001,0.6000000000000001,0.4,70.0,20.0,70.0,0.6000000000000001,0.8,0.5,0.4,70.0,20.0,70.0,3940,3934,6,3940,0.0015228426395939086,0.31288248045345707,0.5,0.6257649609069141,982,0.2496187086934418,1.0,1
"iteration_3","SCOPE_DATA_COLLECTION",700,19,1210.0,1270.0,1,3877,3315,923,3990,3282,934,3864,3312,918,6,5,5,0.0015503875968992248,0.0015073861923424782,0.005417118093174431,0.3198491231293724,0.7307431996804123,1.2974333799220836,0.6396982462587448,0.7307431996804123,0.8649555866147224,0.25750517598343686,0.4667874396135266,0.5261437908496732,100.0,100.0,4320,1880,1915,14,2,0,0.0032407407407407406,0.0010638297872340426,0.0,0.5,0.7000000000000001,0.6000000000000001,0.4,70.0,20.0,70.0,0.6000000000000001,0.8,0.5,0.4,70.0,20.0,70.0,3368,3358,10,3368,0.0029691211401425177,0.7122301752449774,1.0,0.7122301752449774,1540,0.4586063132817153,1.0,1
"iteration_3","SCOPE_DATA_COLLECTION",700,19,1210.0,1270.0,2,3877,3315,923,3990,3282,934,3864,3312,918,6,5,5,0.0015503875968992248,0.0015073861923424782,0.005417118093174431,0.3198491231293724,0.7307431996804123,1.2974333799220836,0.6396982462587448,0.7307431996804123,0.8649555866147224,0.25750517598343686,0.4667874396135266,0.5261437908496732,100.0,100.0,4320,1880,1915,14,2,0,0.0032407407407407406,0.0010638297872340426,0.0,0.5,0.7000000000000001,0.6000000000000001,0.4,70.0,20.0,70.0,0.6000000000000001,0.8,0.5,0.4,70.0,20.0,70.0,964,950,14,964,0.014522821576763486,1.341752890112577,1.5,0.894501926741718,524,0.5515789473684211,1.0,1
"iteration_3","SCOPE_DATA_COLLECTION",700,20,1270.0,1330.0,0,3940,3368,964,3877,3315,923,3941,3354,953,6,10,14,0.0015201418799087915,0.002972651605231867,0.014477766287487074,0.3128527499616367,0.7116665728932424,1.3428788518716508,0.6257054999232734,0.7116665728932424,0.8952525679144339,0.24866785079928952,0.45706618962432916,0.5519412381951732,92.5,100.0,4285,2403,1584,22,8,0,0.005134189031505251,0.0033291718684977114,0.0,0.6000000000000001,0.8,0.5,0.4,70.0,20.0,70.0,0.6000000000000001,0.8,0.6000000000000001,0.5,70.0,20.0,70.0,3845,3842,3,3845,7.802340702210664E-4,0.3174074116697239,0.5,0.6348148233394478,930,0.2420614263404477,1.0,1
"iteration_3","SCOPE_DATA_COLLECTION",700,20,1270.0,1330.0,1,3940,3368,964,3877,3315,923,3941,3354,953,6,10,14,0.0015201418799087915,0.002972651605231867,0.014477766287487074,0.3128527499616367,0.7116665728932424,1.3428788518716508,0.6257054999232734,0.7116665728932424,0.8952525679144339,0.24866785079928952,0.45706618962432916,0.5519412381951732,92.5,100.0,4285,2403,1584,22,8,0,0.005134189031505251,0.0033291718684977114,0.0,0.6000000000000001,0.8,0.5,0.4,70.0,20.0,70.0,0.6000000000000001,0.8,0.6000000000000001,0.5,70.0,20.0,70.0,3361,3352,9,3361,0.002677774471883368,0.7271165912410289,1.0,0.7271165912410289,1551,0.46270883054892603,1.0,1
"iteration_3","SCOPE_DATA_COLLECTION",700,20,1270.0,1330.0,2,3940,3368,964,3877,3315,923,3941,3354,953,6,10,14,0.0015201418799087915,0.002972651605231867,0.014477766287487074,0.3128527499616367,0.7116665728932424,1.3428788518716508,0.6257054999232734,0.7116665728932424,0.8952525679144339,0.24866785079928952,0.45706618962432916,0.5519412381951732,92.5,100.0,4285,2403,1584,22,8,0,0.005134189031505251,0.0033291718684977114,0.0,0.6000000000000001,0.8,0.5,0.4,70.0,20.0,70.0,0.6000000000000001,0.8,0.6000000000000001,0.5,70.0,20.0,70.0,934,923,11,934,0.011777301927194861,1.3098858000522577,1.5,0.8732572000348385,485,0.5254604550379198,1.0,1
"iteration_3","SCOPE_DATA_COLLECTION",700,21,1330.0,1390.0,0,3845,3361,934,3940,3368,964,3830,3354,917,3,9,11,7.826767545003914E-4,0.0026761819803746653,0.011853448275862068,0.3176774540197532,0.7272350969772984,1.3046577452022954,0.6353549080395064,0.7272350969772984,0.8697718301348636,0.2422976501305483,0.4639236732259988,0.5223555070883316,100.0,100.0,4334,2319,1487,21,2,0,0.004845408398707891,8.624407072013799E-4,0.0,0.6000000000000001,0.8,0.6000000000000001,0.5,70.0,20.0,70.0,0.65,0.8,0.2,0.7000000000000001,55.0,85.0,35.0,3911,3910,1,3911,2.5568908207619537E-4,0.3156232890242831,0.5,0.6312465780485662,1007,0.2575447570332481,1.0,1
"iteration_3","SCOPE_DATA_COLLECTION",700,21,1330.0,1390.0,1,3845,3361,934,3940,3368,964,3830,3354,917,3,9,11,7.826767545003914E-4,0.0026761819803746653,0.011853448275862068,0.3176774540197532,0.7272350969772984,1.3046577452022954,0.6353549080395064,0.7272350969772984,0.8697718301348636,0.2422976501305483,0.4639236732259988,0.5223555070883316,100.0,100.0,4334,2319,1487,21,2,0,0.004845408398707891,8.624407072013799E-4,0.0,0.6000000000000001,0.8,0.6000000000000001,0.5,70.0,20.0,70.0,0.65,0.8,0.2,0.7000000000000001,55.0,85.0,35.0,3268,3262,6,3268,0.0018359853121175031,0.7023387269607676,1.0,0.7023387269607676,1522,0.46658491722869405,1.0,1
"iteration_3","SCOPE_DATA_COLLECTION",700,21,1330.0,1390.0,2,3845,3361,934,3940,3368,964,3830,3354,917,3,9,11,7.826767545003914E-4,0.0026761819803746653,0.011853448275862068,0.3176774540197532,0.7272350969772984,1.3046577452022954,0.6353549080395064,0.7272350969772984,0.8697718301348636,0.2422976501305483,0.4639236732259988,0.5223555070883316,100.0,100.0,4334,2319,1487,21,2,0,0.004845408398707891,8.624407072013799E-4,0.0,0.6000000000000001,0.8,0.6000000000000001,0.5,70.0,20.0,70.0,0.65,0.8,0.2,0.7000000000000001,55.0,85.0,35.0,917,912,5,917,0.0054525627044711015,1.3009657807672284,1.5,0.8673105205114856,480,0.5263157894736842,1.0,1
"iteration_3","SCOPE_DATA_COLLECTION",700,22,1390.0,1450.0,0,3911,3268,917,3845,3361,934,3918,3265,914,0,6,5,0.0,0.0018343014368694588,0.00544069640914037,0.31524787526666037,0.7033120162207044,1.3025172757681112,0.6304957505333207,0.7033120162207044,0.8683448505120741,0.2570188871873405,0.4658499234303216,0.5273522975929978,100.0,100.0,4290,2484,1322,11,0,0,0.002564102564102564,0.0,0.0,0.65,0.8,0.2,0.7000000000000001,55.0,85.0,35.0,0.75,0.7000000000000001,0.30000000000000004,0.6000000000000001,65.0,85.0,45.0,3812,3809,3,3812,7.869884575026233E-4,0.31234039432759464,0.5,0.6246807886551893,886,0.2326069834602258,1.0,1
"iteration_3","SCOPE_DATA_COLLECTION",700,22,1390.0,1450.0,1,3911,3268,917,3845,3361,934,3918,3265,914,0,6,5,0.0,0.0018343014368694588,0.00544069640914037,0.31524787526666037,0.7033120162207044,1.3025172757681112,0.6304957505333207,0.7033120162207044,0.8683448505120741,0.2570188871873405,0.4658499234303216,0.5273522975929978,100.0,100.0,4290,2484,1322,11,0,0,0.002564102564102564,0.0,0.0,0.65,0.8,0.2,0.7000000000000001,55.0,85.0,35.0,0.75,0.7000000000000001,0.30000000000000004,0.6000000000000001,65.0,85.0,45.0,3246,3240,6,3246,0.0018484288354898336,0.7055031335779486,1.0,0.7055031335779486,1514,0.46728395061728395,1.0,1
"iteration_3","SCOPE_DATA_COLLECTION",700,22,1390.0,1450.0,2,3911,3268,917,3845,3361,934,3918,3265,914,0,6,5,0.0,0.0018343014368694588,0.00544069640914037,0.31524787526666037,0.7033120162207044,1.3025172757681112,0.6304957505333207,0.7033120162207044,0.8683448505120741,0.2570188871873405,0.4658499234303216,0.5273522975929978,100.0,100.0,4290,2484,1322,11,0,0,0.002564102564102564,0.0,0.0,0.65,0.8,0.2,0.7000000000000001,55.0,85.0,35.0,0.75,0.7000000000000001,0.30000000000000004,0.6000000000000001,65.0,85.0,45.0,880,873,7,880,0.007954545454545454,1.3654925278231662,1.5,0.9103283518821108,494,0.565864833906071,1.0,1
"iteration_3","SCOPE_DATA_COLLECTION",700,23,1450.0,1510.0,0,3812,3246,880,3911,3268,917,3797,3235,877,4,6,7,0.0010523546435148646,0.0018512804689910522,0.007918552036199095,0.310745678702752,0.7051269699954473,1.3662661587112805,0.621491357405504,0.7051269699954473,0.9108441058075204,0.23149855148801685,0.46738794435857806,0.5655644241733181,100.0,100.0,4230,2800,908,15,2,0,0.0035460992907801418,7.142857142857143E-4,0.0,0.75,0.7000000000000001,0.30000000000000004,0.6000000000000001,65.0,85.0,45.0,0.45,0.6000000000000001,0.6000000000000001,0.1,25.0,85.0,35.0,3890,3889,1,3890,2.570694087403599E-4,0.3262174075816823,0.5,0.6524348151633645,1015,0.260992543070198,1.0,1
"iteration_3","SCOPE_DATA_COLLECTION",700,23,1450.0,1510.0,1,3812,3246,880,3911,3268,917,3797,3235,877,4,6,7,0.0010523546435148646,0.0018512804689910522,0.007918552036199095,0.310745678702752,0.7051269699954473,1.3662661587112805,0.621491357405504,0.7051269699954473,0.9108441058075204,0.23149855148801685,0.46738794435857806,0.5655644241733181,100.0,100.0,4230,2800,908,15,2,0,0.0035460992907801418,7.142857142857143E-4,0.0,0.75,0.7000000000000001,0.30000000000000004,0.6000000000000001,65.0,85.0,45.0,0.45,0.6000000000000001,0.6000000000000001,0.1,25.0,85.0,35.0,3277,3276,1,3277,3.051571559353067E-4,0.725999862047287,1.0,0.725999862047287,1522,0.4645909645909646,1.0,1
"iteration_3","SCOPE_DATA_COLLECTION",700,23,1450.0,1510.0,2,3812,3246,880,3911,3268,917,3797,3235,877,4,6,7,0.0010523546435148646,0.0018512804689910522,0.007918552036199095,0.310745678702752,0.7051269699954473,1.3662661587112805,0.621491357405504,0.7051269699954473,0.9108441058075204,0.23149855148801685,0.46738794435857806,0.5655644241733181,100.0,100.0,4230,2800,908,15,2,0,0.0035460992907801418,7.142857142857143E-4,0.0,0.75,0.7000000000000001,0.30000000000000004,0.6000000000000001,65.0,85.0,45.0,0.45,0.6000000000000001,0.6000000000000001,0.1,25.0,85.0,35.0,918,917,1,918,0.0010893246187363835,1.280047731907086,1.5,0.853365154604724,484,0.5278080697928026,1.0,1
"iteration_3","SCOPE_DATA_COLLECTION",700,24,1510.0,1570.0,0,3890,3277,918,3812,3246,880,3889,3289,914,1,1,1,2.570694087403599E-4,3.0395136778115504E-4,0.001092896174863388,0.3262361433339664,0.7271505178972449,1.2818660663787989,0.6524722866679328,0.7271505178972449,0.8545773775858659,0.261249678580612,0.465491030708422,0.5284463894967177,97.5,100.0,4298,1718,2069,3,0,0,6.979990693345743E-4,0.0,0.0,0.45,0.6000000000000001,0.6000000000000001,0.1,25.0,85.0,35.0,0.35000000000000003,0.6000000000000001,0.7000000000000001,0.2,25.0,75.0,25.0,3919,3911,8,3919,0.002041337075784639,0.3196481754753654,0.5,0.6392963509507308,990,0.2531321912554334,1.0,1
"iteration_3","SCOPE_DATA_COLLECTION",700,24,1510.0,1570.0,1,3890,3277,918,3812,3246,880,3889,3289,914,1,1,1,2.570694087403599E-4,3.0395136778115504E-4,0.001092896174863388,0.3262361433339664,0.7271505178972449,1.2818660663787989,0.6524722866679328,0.7271505178972449,0.8545773775858659,0.261249678580612,0.465491030708422,0.5284463894967177,97.5,100.0,4298,1718,2069,3,0,0,6.979990693345743E-4,0.0,0.0,0.45,0.6000000000000001,0.6000000000000001,0.1,25.0,85.0,35.0,0.35000000000000003,0.6000000000000001,0.7000000000000001,0.2,25.0,75.0,25.0,3373,3357,16,3373,0.004743551734361103,0.7355802749909259,1.0,0.7355802749909259,1594,0.47482871611557936,1.0,1
"iteration_3","SCOPE_DATA_COLLECTION",700,24,1510.0,1570.0,2,3890,3277,918,3812,3246,880,3889,3289,914,1,1,1,2.570694087403599E-4,3.0395136778115504E-4,0.001092896174863388,0.3262361433339664,0.7271505178972449,1.2818660663787989,0.6524722866679328,0.7271505178972449,0.8545773775858659,0.261249678580612,0.465491030708422,0.5284463894967177,97.5,100.0,4298,1718,2069,3,0,0,6.979990693345743E-4,0.0,0.0,0.45,0.6000000000000001,0.6000000000000001,0.1,25.0,85.0,35.0,0.35000000000000003,0.6000000000000001,0.7000000000000001,0.2,25.0,75.0,25.0,879,873,6,879,0.006825938566552901,1.3287740709873088,1.5,0.8858493806582058,481,0.5509736540664376,1.0,1
"iteration_3","SCOPE_DATA_COLLECTION",700,25,1570.0,1630.0,0,3919,3373,879,3890,3277,918,3917,3335,874,8,16,6,0.002038216560509554,0.004774694121157864,0.006818181818181818,0.3213332232827488,0.7314327997421338,1.329187543980016,0.6426664465654977,0.7314327997421338,0.8861250293200107,0.2547868266530508,0.47226386806596704,0.5526315789473685,97.5,100.0,4309,1328,2534,14,0,16,0.0032490136922719887,0.0,0.006314127861089187,0.35000000000000003,0.6000000000000001,0.7000000000000001,0.2,25.0,75.0,25.0,0.25,0.5,0.6000000000000001,0.2,20.0,75.0,35.0,3866,3848,18,3866,0.0046559751681324365,0.32410972022816087,0.5,0.6482194404563217,923,0.23986486486486486,1.0,1
"iteration_3","SCOPE_DATA_COLLECTION",700,25,1570.0,1630.0,1,3919,3373,879,3890,3277,918,3917,3335,874,8,16,6,0.002038216560509554,0.004774694121157864,0.006818181818181818,0.3213332232827488,0.7314327997421338,1.329187543980016,0.6426664465654977,0.7314327997421338,0.8861250293200107,0.2547868266530508,0.47226386806596704,0.5526315789473685,97.5,100.0,4309,1328,2534,14,0,16,0.0032490136922719887,0.0,0.006314127861089187,0.35000000000000003,0.6000000000000001,0.7000000000000001,0.2,25.0,75.0,25.0,0.25,0.5,0.6000000000000001,0.2,20.0,75.0,35.0,3306,3284,22,3306,0.006654567453115548,0.7602073493358003,1.0,0.7602073493358003,1602,0.4878197320341047,1.0,1
"iteration_3","SCOPE_DATA_COLLECTION",700,25,1570.0,1630.0,2,3919,3373,879,3890,3277,918,3917,3335,874,8,16,6,0.002038216560509554,0.004774694121157864,0.006818181818181818,0.3213332232827488,0.7314327997421338,1.329187543980016,0.6426664465654977,0.7314327997421338,0.8861250293200107,0.2547868266530508,0.47226386806596704,0.5526315789473685,97.5,100.0,4309,1328,2534,14,0,16,0.0032490136922719887,0.0,0.006314127861089187,0.35000000000000003,0.6000000000000001,0.7000000000000001,0.2,25.0,75.0,25.0,0.25,0.5,0.6000000000000001,0.2,20.0,75.0,35.0,894,887,7,894,0.007829977628635347,1.3102275462090707,1.5,0.8734850308060471,476,0.5366403607666291,1.0,1
"iteration_3","SCOPE_DATA_COLLECTION",700,26,1630.0,1690.0,0,3866,3306,894,3919,3373,879,3838,3288,888,18,22,7,0.00466804979253112,0.006646525679758308,0.00782122905027933,0.32214560955871857,0.7578506930650328,1.3107104751115228,0.6442912191174371,0.7578506930650328,0.8738069834076819,0.23710265763418448,0.48753041362530414,0.5371621621621622,97.5,100.0,4331,972,2763,21,1,25,0.004848764719464327,0.00102880658436214,0.009048136083966703,0.25,0.5,0.6000000000000001,0.2,20.0,75.0,35.0,0.9,0.2,0.7000000000000001,0.7000000000000001,55.0,65.0,55.0,3945,3939,6,3945,0.001520912547528517,0.3084840735473775,0.5,0.616968147094755,821,0.20842853516120843,1.0,1
"iteration_3","SCOPE_DATA_COLLECTION",700,26,1630.0,1690.0,1,3866,3306,894,3919,3373,879,3838,3288,888,18,22,7,0.00466804979253112,0.006646525679758308,0.00782122905027933,0.32214560955871857,0.7578506930650328,1.3107104751115228,0.6442912191174371,0.7578506930650328,0.8738069834076819,0.23710265763418448,0.48753041362530414,0.5371621621621622,97.5,100.0,4331,972,2763,21,1,25,0.004848764719464327,0.00102880658436214,0.009048136083966703,0.25,0.5,0.6000000000000001,0.2,20.0,75.0,35.0,0.9,0.2,0.7000000000000001,0.7000000000000001,55.0,65.0,55.0,3281,3269,12,3281,0.00365742151782993,0.7499580294446546,1.0,0.7499580294446546,1606,0.4912817375344142,1.0,1
"iteration_3","SCOPE_DATA_COLLECTION",700,26,1630.0,1690.0,2,3866,3306,894,3919,3373,879,3838,3288,888,18,22,7,0.00466804979253112,0.006646525679758308,0.00782122905027933,0.32214560955871857,0.7578506930650328,1.3107104751115228,0.6442912191174371,0.7578506930650328,0.8738069834076819,0.23710265763418448,0.48753041362530414,0.5371621621621622,97.5,100.0,4331,972,2763,21,1,25,0.004848764719464327,0.00102880658436214,0.009048136083966703,0.25,0.5,0.6000000000000001,0.2,20.0,75.0,35.0,0.9,0.2,0.7000000000000001,0.7000000000000001,55.0,65.0,55.0,890,885,5,890,0.0056179775280898875,1.326359081513615,1.5,0.8842393876757434,480,0.5423728813559322,1.0,1
"iteration_3","SCOPE_DATA_COLLECTION",700,27,1690.0,1750.0,0,3945,3281,890,3866,3306,894,3952,3266,881,6,12,5,0.0015159171298635675,0.0036607687614399025,0.0056433408577878106,0.31078998064218316,0.7570774570940744,1.3286809556008274,0.6215799612843663,0.7570774570940744,0.8857873037338849,0.21128542510121456,0.496325780771586,0.5425652667423383,100.0,100.0,4465,3294,357,19,4,0,0.00425531914893617,0.0012143290831815423,0.0,0.9,0.2,0.7000000000000001,0.7000000000000001,55.0,65.0,55.0,0.9500000000000001,0.1,0.6000000000000001,0.8,65.0,55.0,45.0,3953,3952,1,3953,2.5297242600556537E-4,0.30668166485179676,0.5,0.6133633297035935,762,0.19281376518218624,1.0,1
"iteration_3","SCOPE_DATA_COLLECTION",700,27,1690.0,1750.0,1,3945,3281,890,3866,3306,894,3952,3266,881,6,12,5,0.0015159171298635675,0.0036607687614399025,0.0056433408577878106,0.31078998064218316,0.7570774570940744,1.3286809556008274,0.6215799612843663,0.7570774570940744,0.8857873037338849,0.21128542510121456,0.496325780771586,0.5425652667423383,100.0,100.0,4465,3294,357,19,4,0,0.00425531914893617,0.0012143290831815423,0.0,0.9,0.2,0.7000000000000001,0.7000000000000001,55.0,65.0,55.0,0.9500000000000001,0.1,0.6000000000000001,0.8,65.0,55.0,45.0,3361,3350,11,3361,0.0032728354656352274,0.7518165904433055,1.0,0.7518165904433055,1681,0.5017910447761194,1.0,1
"iteration_3","SCOPE_DATA_COLLECTION",700,27,1690.0,1750.0,2,3945,3281,890,3866,3306,894,3952,3266,881,6,12,5,0.0015159171298635675,0.0036607687614399025,0.0056433408577878106,0.31078998064218316,0.7570774570940744,1.3286809556008274,0.6215799612843663,0.7570774570940744,0.8857873037338849,0.21128542510121456,0.496325780771586,0.5425652667423383,100.0,100.0,4465,3294,357,19,4,0,0.00425531914893617,0.0012143290831815423,0.0,0.9,0.2,0.7000000000000001,0.7000000000000001,55.0,65.0,55.0,0.9500000000000001,0.1,0.6000000000000001,0.8,65.0,55.0,45.0,900,889,11,900,0.012222222222222223,1.3416467039140803,1.5,0.8944311359427202,488,0.5489313835770528,1.0,1
"iteration_3","SCOPE_DATA_COLLECTION",700,28,1750.0,1810.0,0,3953,3361,900,3945,3281,890,3949,3367,886,1,11,11,2.5316455696202533E-4,0.003256364712847839,0.012263099219620958,0.30647065623333986,0.7523198342928838,1.3300098807023233,0.6129413124666797,0.7523198342928838,0.8866732538015488,0.19346670043048872,0.49955449955449954,0.5428893905191874,100.0,100.0,4538,3486,190,22,1,0,0.004847950639048039,2.8686173264486515E-4,0.0,0.9500000000000001,0.1,0.6000000000000001,0.8,65.0,55.0,45.0,0.1,0.4,0.7000000000000001,0.9,95.0,65.0,85.0,3903,3771,132,3903,0.033820138355111454,0.35105533165445313,0.5,0.7021106633089063,1009,0.2675682842747282,1.0,1
"iteration_3","SCOPE_DATA_COLLECTION",700,28,1750.0,1810.0,1,3953,3361,900,3945,3281,890,3949,3367,886,1,11,11,2.5316455696202533E-4,0.003256364712847839,0.012263099219620958,0.30647065623333986,0.7523198342928838,1.3300098807023233,0.6129413124666797,0.7523198342928838,0.8866732538015488,0.19346670043048872,0.49955449955449954,0.5428893905191874,100.0,100.0,4538,3486,190,22,1,0,0.004847950639048039,2.8686173264486515E-4,0.0,0.9500000000000001,0.1,0.6000000000000001,0.8,65.0,55.0,45.0,0.1,0.4,0.7000000000000001,0.9,95.0,65.0,85.0,3399,3265,134,3399,0.03942335981170932,0.7921840017060334,1.0,0.7921840017060334,1642,0.5029096477794793,1.0,1
"iteration_3","SCOPE_DATA_COLLECTION",700,28,1750.0,1810.0,2,3953,3361,900,3945,3281,890,3949,3367,886,1,11,11,2.5316455696202533E-4,0.003256364712847839,0.012263099219620958,0.30647065623333986,0.7523198342928838,1.3300098807023233,0.6129413124666797,0.7523198342928838,0.8866732538015488,0.19346670043048872,0.49955449955449954,0.5428893905191874,100.0,100.0,4538,3486,190,22,1,0,0.004847950639048039,2.8686173264486515E-4,0.0,0.9500000000000001,0.1,0.6000000000000001,0.8,65.0,55.0,45.0,0.1,0.4,0.7000000000000001,0.9,95.0,65.0,85.0,971,925,46,971,0.04737384140061792,1.347979300571898,1.5,0.898652867047932,495,0.5351351351351351,1.0,1
"iteration_3","SCOPE_DATA_COLLECTION",700,29,1810.0,1870.0,0,3903,3399,971,3953,3361,900,3777,3246,931,132,134,46,0.03376822716807368,0.03964497041420118,0.04708290685772774,0.3505685604648083,0.7894532932811226,1.3558069660700671,0.7011371209296166,0.7894532932811226,0.9038713107133781,0.26581943341276143,0.5024645717806531,0.5402792696025779,97.5,100.0,4370,398,3505,17,0,295,0.0038901601830663617,0.0,0.08416547788873038,0.1,0.4,0.7000000000000001,0.9,95.0,65.0,85.0,0.15000000000000002,0.8,0.7000000000000001,0.9,25.0,50.0,70.0,3932,3883,49,3932,0.012461851475076297,0.3490882182095695,0.5,0.698176436419139,1091,0.2809683234612413,1.0,1
"iteration_3","SCOPE_DATA_COLLECTION",700,29,1810.0,1870.0,1,3903,3399,971,3953,3361,900,3777,3246,931,132,134,46,0.03376822716807368,0.03964497041420118,0.04708290685772774,0.3505685604648083,0.7894532932811226,1.3558069660700671,0.7011371209296166,0.7894532932811226,0.9038713107133781,0.26581943341276143,0.5024645717806531,0.5402792696025779,97.5,100.0,4370,398,3505,17,0,295,0.0038901601830663617,0.0,0.08416547788873038,0.1,0.4,0.7000000000000001,0.9,95.0,65.0,85.0,0.15000000000000002,0.8,0.7000000000000001,0.9,25.0,50.0,70.0,3269,3232,37,3269,0.011318446007953502,0.7560958143299608,1.0,0.7560958143299608,1566,0.484529702970297,1.0,1
"iteration_3","SCOPE_DATA_COLLECTION",700,29,1810.0,1870.0,2,3903,3399,971,3953,3361,900,3777,3246,931,132,134,46,0.03376822716807368,0.03964497041420118,0.04708290685772774,0.3505685604648083,0.7894532932811226,1.3558069660700671,0.7011371209296166,0.7894532932811226,0.9038713107133781,0.26581943341276143,0.5024645717806531,0.5402792696025779,97.5,100.0,4370,398,3505,17,0,295,0.0038901601830663617,0.0,0.08416547788873038,0.1,0.4,0.7000000000000001,0.9,95.0,65.0,85.0,0.15000000000000002,0.8,0.7000000000000001,0.9,25.0,50.0,70.0,942,916,26,942,0.027600849256900213,1.3746654412367043,1.5,0.9164436274911362,506,0.5524017467248908,1.0,1
"iteration_3","SCOPE_DATA_COLLECTION",700,30,1870.0,1930.0,0,3932,3269,942,3903,3399,971,3885,3247,909,49,37,26,0.012455516014234875,0.011266747868453105,0.027807486631016044,0.34941598657943845,0.7573250792204147,1.372716940071371,0.6988319731588769,0.7573250792204147,0.9151446267142473,0.2815958815958816,0.4856790883892824,0.5489548954895489,100.0,100.0,4349,601,3193,32,1,79,0.0073580133363991725,0.0016638935108153079,0.02474162229877858,0.15000000000000002,0.8,0.7000000000000001,0.9,25.0,50.0,70.0,0.15000000000000002,0.9,0.6000000000000001,0.8,20.0,50.0,80.0,3913,3860,53,3913,0.013544594939943777,0.3463597817763927,0.5,0.6927195635527854,1060,0.27461139896373055,1.0,1
"iteration_3","SCOPE_DATA_COLLECTION",700,30,1870.0,1930.0,1,3932,3269,942,3903,3399,971,3885,3247,909,49,37,26,0.012455516014234875,0.011266747868453105,0.027807486631016044,0.34941598657943845,0.7573250792204147,1.372716940071371,0.6988319731588769,0.7573250792204147,0.9151446267142473,0.2815958815958816,0.4856790883892824,0.5489548954895489,100.0,100.0,4349,601,3193,32,1,79,0.0073580133363991725,0.0016638935108153079,0.02474162229877858,0.15000000000000002,0.8,0.7000000000000001,0.9,25.0,50.0,70.0,0.15000000000000002,0.9,0.6000000000000001,0.8,20.0,50.0,80.0,3260,3208,52,3260,0.015950920245398775,0.7611803193046255,1.0,0.7611803193046255,1558,0.48566084788029923,1.0,1
"iteration_3","SCOPE_DATA_COLLECTION",700,30,1870.0,1930.0,2,3932,3269,942,3903,3399,971,3885,3247,909,49,37,26,0.012455516014234875,0.011266747868453105,0.027807486631016044,0.34941598657943845,0.7573250792204147,1.372716940071371,0.6988319731588769,0.7573250792204147,0.9151446267142473,0.2815958815958816,0.4856790883892824,0.5489548954895489,100.0,100.0,4349,601,3193,32,1,79,0.0073580133363991725,0.0016638935108153079,0.02474162229877858,0.15000000000000002,0.8,0.7000000000000001,0.9,25.0,50.0,70.0,0.15000000000000002,0.9,0.6000000000000001,0.8,20.0,50.0,80.0,886,872,14,886,0.01580135440180587,1.3278746083557058,1.5,0.8852497389038039,461,0.5286697247706422,1.0,1
"iteration_3","SCOPE_DATA_COLLECTION",700,31,1930.0,1990.0,0,3913,3260,886,3932,3269,942,3859,3218,877,53,52,14,0.0135480572597137,0.015902140672782873,0.015712682379349047,0.3462936515504836,0.7621134542425104,1.3306133275493923,0.6925873031009672,0.7621134542425104,0.8870755516995948,0.27520082923037054,0.4841516469857054,0.5313568985176739,100.0,100.0,4407,549,3103,16,0,103,0.0036305877013841615,0.0,0.03319368353206574,0.15000000000000002,0.9,0.6000000000000001,0.8,20.0,50.0,80.0,0.15000000000000002,0.9,0.6000000000000001,0.8,20.0,50.0,80.0,3973,3934,39,3973,0.009816259753335011,0.3595987154574892,0.5,0.7191974309149785,1165,0.29613624809354344,1.0,1
"iteration_3","SCOPE_DATA_COLLECTION",700,31,1930.0,1990.0,1,3913,3260,886,3932,3269,942,3859,3218,877,53,52,14,0.0135480572597137,0.015902140672782873,0.015712682379349047,0.3462936515504836,0.7621134542425104,1.3306133275493923,0.6925873031009672,0.7621134542425104,0.8870755516995948,0.27520082923037054,0.4841516469857054,0.5313568985176739,100.0,100.0,4407,549,3103,16,0,103,0.0036305877013841615,0.0,0.03319368353206574,0.15000000000000002,0.9,0.6000000000000001,0.8,20.0,50.0,80.0,0.15000000000000002,0.9,0.6000000000000001,0.8,20.0,50.0,80.0,3251,3214,37,3251,0.011381113503537373,0.7616354774643541,1.0,0.7616354774643541,1566,0.48724331051649034,1.0,1
"iteration_3","SCOPE_DATA_COLLECTION",700,31,1930.0,1990.0,2,3913,3260,886,3932,3269,942,3859,3218,877,53,52,14,0.0135480572597137,0.015902140672782873,0.015712682379349047,0.3462936515504836,0.7621134542425104,1.3306133275493923,0.6925873031009672,0.7621134542425104,0.8870755516995948,0.27520082923037054,0.4841516469857054,0.5313568985176739,100.0,100.0,4407,549,3103,16,0,103,0.0036305877013841615,0.0,0.03319368353206574,0.15000000000000002,0.9,0.6000000000000001,0.8,20.0,50.0,80.0,0.15000000000000002,0.9,0.6000000000000001,0.8,20.0,50.0,80.0,966,952,14,966,0.014492753623188406,1.3004825484889113,1.5,0.8669883656592742,489,0.5136554621848739,1.0,1
"iteration_3","SCOPE_DATA_COLLECTION",700,32,1990.0,2050.0,0,3973,3251,966,3913,3260,886,3928,3207,948,39,37,14,0.009831106629694983,0.011405672009864365,0.014553014553014554,0.3593349701840216,0.7604185478106977,1.294343245380498,0.7186699403680432,0.7604185478106977,0.862895496920332,0.29480651731160895,0.48612410352354224,0.5116033755274262,95.0,100.0,4470,552,3168,23,0,67,0.005145413870246085,0.0,0.0211489898989899,0.15000000000000002,0.9,0.6000000000000001,0.8,20.0,50.0,80.0,0.15000000000000002,0.9,0.6000000000000001,0.8,20.0,50.0,80.0,3887,3829,58,3887,0.014921533316182145,0.3378361311847532,0.5,0.6756722623695064,946,0.2470618960564116,1.0,1
"iteration_3","SCOPE_DATA_COLLECTION",700,32,1990.0,2050.0,1,3973,3251,966,3913,3260,886,3928,3207,948,39,37,14,0.009831106629694983,0.011405672009864365,0.014553014553014554,0.3593349701840216,0.7604185478106977,1.294343245380498,0.7186699403680432,0.7604185478106977,0.862895496920332,0.29480651731160895,0.48612410352354224,0.5116033755274262,95.0,100.0,4470,552,3168,23,0,67,0.005145413870246085,0.0,0.0211489898989899,0.15000000000000002,0.9,0.6000000000000001,0.8,20.0,50.0,80.0,0.15000000000000002,0.9,0.6000000000000001,0.8,20.0,50.0,80.0,3297,3244,53,3297,0.016075219896875947,0.750051421962105,1.0,0.750051421962105,1524,0.46979038224414305,1.0,1
"iteration_3","SCOPE_DATA_COLLECTION",700,32,1990.0,2050.0,2,3973,3251,966,3913,3260,886,3928,3207,948,39,37,14,0.009831106629694983,0.011405672009864365,0.014553014553014554,0.3593349701840216,0.7604185478106977,1.294343245380498,0.7186699403680432,0.7604185478106977,0.862895496920332,0.29480651731160895,0.48612410352354224,0.5116033755274262,95.0,100.0,4470,552,3168,23,0,67,0.005145413870246085,0.0,0.0211489898989899,0.15000000000000002,0.9,0.6000000000000001,0.8,20.0,50.0,80.0,0.15000000000000002,0.9,0.6000000000000001,0.8,20.0,50.0,80.0,916,891,25,916,0.027292576419213975,1.3367116253644935,1.5,0.891141083576329,480,0.5387205387205387,1.0,1
"iteration_3","SCOPE_DATA_COLLECTION",700,33,2050.0,2110.0,0,3887,3297,916,3973,3251,966,3832,3238,901,58,53,24,0.014910025706940874,0.01610452749924035,0.025945945945945945,0.3381307441613536,0.7516281347022588,1.345099640645172,0.6762614883227072,0.7516281347022588,0.896733093763448,0.24869519832985387,0.4718962322421248,0.5416204217536071,100.0,100.0,4267,602,3231,23,2,110,0.005390203890321068,0.0033222591362126247,0.03404518724852987,0.15000000000000002,0.9,0.6000000000000001,0.8,20.0,50.0,80.0,0.05,0.9,0.5,0.9,20.0,50.0,70.0,3900,3689,211,3900,0.0541025641025641,0.36480226703722274,0.5,0.7296045340744455,1038,0.2813770669558146,1.0,1
"iteration_3","SCOPE_DATA_COLLECTION",700,33,2050.0,2110.0,1,3887,3297,916,3973,3251,966,3832,3238,901,58,53,24,0.014910025706940874,0.01610452749924035,0.025945945945945945,0.3381307441613536,0.7516281347022588,1.345099640645172,0.6762614883227072,0.7516281347022588,0.896733093763448,0.24869519832985387,0.4718962322421248,0.5416204217536071,100.0,100.0,4267,602,3231,23,2,110,0.005390203890321068,0.0033222591362126247,0.03404518724852987,0.15000000000000002,0.9,0.6000000000000001,0.8,20.0,50.0,80.0,0.05,0.9,0.5,0.9,20.0,50.0,70.0,3309,3107,202,3309,0.06104563312178906,0.7894388456005799,1.0,0.7894388456005799,1561,0.5024139040875443,1.0,1
"iteration_3","SCOPE_DATA_COLLECTION",700,33,2050.0,2110.0,2,3887,3297,916,3973,3251,966,3832,3238,901,58,53,24,0.014910025706940874,0.01610452749924035,0.025945945945945945,0.3381307441613536,0.7516281347022588,1.345099640645172,0.6762614883227072,0.7516281347022588,0.896733093763448,0.24869519832985387,0.4718962322421248,0.5416204217536071,100.0,100.0,4267,602,3231,23,2,110,0.005390203890321068,0.0033222591362126247,0.03404518724852987,0.15000000000000002,0.9,0.6000000000000001,0.8,20.0,50.0,80.0,0.05,0.9,0.5,0.9,20.0,50.0,70.0,948,890,58,948,0.06118143459915612,1.3916552673529285,1.5,0.9277701782352857,496,0.5573033707865168,1.0,1
"iteration_3","SCOPE_DATA_COLLECTION",700,34,2110.0,2170.0,0,3900,3309,948,3887,3297,916,3692,3111,881,211,202,59,0.054060978734306944,0.06097192876546936,0.0627659574468085,0.36491553767213786,0.7870908846115814,1.3841159400231766,0.7298310753442757,0.7870908846115814,0.9227439600154511,0.2814192849404117,0.500803600128576,0.5539160045402951,100.0,100.0,4367,189,3601,16,0,456,0.0036638424547744447,0.0,0.12663149125242987,0.05,0.9,0.5,0.9,20.0,50.0,70.0,0.6000000000000001,0.4,0.30000000000000004,0.7000000000000001,60.0,50.0,50.0,3849,3848,1,3849,2.598077422707197E-4,0.3031197478610033,0.5,0.6062394957220066,855,0.22219334719334718,1.0,1
"iteration_3","SCOPE_DATA_COLLECTION",700,34,2110.0,2170.0,1,3900,3309,948,3887,3297,916,3692,3111,881,211,202,59,0.054060978734306944,0.06097192876546936,0.0627659574468085,0.36491553767213786,0.7870908846115814,1.3841159400231766,0.7298310753442757,0.7870908846115814,0.9227439600154511,0.2814192849404117,0.500803600128576,0.5539160045402951,100.0,100.0,4367,189,3601,16,0,456,0.0036638424547744447,0.0,0.12663149125242987,0.05,0.9,0.5,0.9,20.0,50.0,70.0,0.6000000000000001,0.4,0.30000000000000004,0.7000000000000001,60.0,50.0,50.0,3232,3226,6,3232,0.0018564356435643563,0.7027551828093782,1.0,0.7027551828093782,1490,0.46187228766274024,1.0,1
"iteration_3","SCOPE_DATA_COLLECTION",700,34,2110.0,2170.0,2,3900,3309,948,3887,3297,916,3692,3111,881,211,202,59,0.054060978734306944,0.06097192876546936,0.0627659574468085,0.36491553767213786,0.7870908846115814,1.3841159400231766,0.7298310753442757,0.7870908846115814,0.9227439600154511,0.2814192849404117,0.500803600128576,0.5539160045402951,100.0,100.0,4367,189,3601,16,0,456,0.0036638424547744447,0.0,0.12663149125242987,0.05,0.9,0.5,0.9,20.0,50.0,70.0,0.6000000000000001,0.4,0.30000000000000004,0.7000000000000001,60.0,50.0,50.0,909,897,12,909,0.013201320132013201,1.3533213491376055,1.5,0.9022142327584036,503,0.5607580824972129,1.0,1
"iteration_3","SCOPE_DATA_COLLECTION",700,35,2170.0,2230.0,0,3849,3232,909,3900,3309,948,3838,3228,902,1,6,12,2.6048450117218026E-4,0.0018552875695732839,0.01312910284463895,0.3022617132656334,0.7033180026733711,1.357116326312905,0.6045234265312668,0.7033180026733711,0.9047442175419366,0.21990620114643042,0.46220570012391576,0.5620842572062085,100.0,100.0,4255,2259,1476,17,2,0,0.003995299647473561,8.853474988933156E-4,0.0,0.6000000000000001,0.4,0.30000000000000004,0.7000000000000001,60.0,50.0,50.0,0.7000000000000001,0.9,0.8,0.8,25.0,20.0,55.0,3843,3840,3,3843,7.8064012490242E-4,0.3224287076604952,0.5,0.6448574153209904,976,0.25416666666666665,1.0,1
"iteration_3","SCOPE_DATA_COLLECTION",700,35,2170.0,2230.0,1,3849,3232,909,3900,3309,948,3838,3228,902,1,6,12,2.6048450117218026E-4,0.0018552875695732839,0.01312910284463895,0.3022617132656334,0.7033180026733711,1.357116326312905,0.6045234265312668,0.7033180026733711,0.9047442175419366,0.21990620114643042,0.46220570012391576,0.5620842572062085,100.0,100.0,4255,2259,1476,17,2,0,0.003995299647473561,8.853474988933156E-4,0.0,0.6000000000000001,0.4,0.30000000000000004,0.7000000000000001,60.0,50.0,50.0,0.7000000000000001,0.9,0.8,0.8,25.0,20.0,55.0,3356,3349,7,3356,0.0020858164481525627,0.7266296420585029,1.0,0.7266296420585029,1523,0.45476261570618093,1.0,1
"iteration_3","SCOPE_DATA_COLLECTION",700,35,2170.0,2230.0,2,3849,3232,909,3900,3309,948,3838,3228,902,1,6,12,2.6048450117218026E-4,0.0018552875695732839,0.01312910284463895,0.3022617132656334,0.7033180026733711,1.357116326312905,0.6045234265312668,0.7033180026733711,0.9047442175419366,0.21990620114643042,0.46220570012391576,0.5620842572062085,100.0,100.0,4255,2259,1476,17,2,0,0.003995299647473561,8.853474988933156E-4,0.0,0.6000000000000001,0.4,0.30000000000000004,0.7000000000000001,60.0,50.0,50.0,0.7000000000000001,0.9,0.8,0.8,25.0,20.0,55.0,976,967,9,976,0.009221311475409836,1.2692098092571487,1.5,0.8461398728380991,486,0.5025853154084798,1.0,1
"iteration_3","SCOPE_DATA_COLLECTION",700,36,2230.0,2290.0,0,3843,3356,976,3849,3232,909,3856,3333,967,3,7,9,7.774034724021767E-4,0.002095808383233533,0.009221311475409836,0.3233885174574995,0.7235845119434079,1.272441796254585,0.646777034914999,0.7235845119434079,0.8482945308363901,0.25648340248962653,0.45484548454845486,0.5056876938986556,100.0,100.0,4306,2686,1183,18,1,0,0.0041802136553646075,3.7230081906180194E-4,0.0,0.7000000000000001,0.9,0.8,0.8,25.0,20.0,55.0,0.4,0.9,0.7000000000000001,0.6000000000000001,85.0,55.0,50.0,3819,3813,6,3819,0.0015710919088766694,0.327304328865531,0.5,0.654608657731062,1004,0.26330972987149226,1.0,1
"iteration_3","SCOPE_DATA_COLLECTION",700,36,2230.0,2290.0,1,3843,3356,976,3849,3232,909,3856,3333,967,3,7,9,7.774034724021767E-4,0.002095808383233533,0.009221311475409836,0.3233885174574995,0.7235845119434079,1.272441796254585,0.646777034914999,0.7235845119434079,0.8482945308363901,0.25648340248962653,0.45484548454845486,0.5056876938986556,100.0,100.0,4306,2686,1183,18,1,0,0.0041802136553646075,3.7230081906180194E-4,0.0,0.7000000000000001,0.9,0.8,0.8,25.0,20.0,55.0,0.4,0.9,0.7000000000000001,0.6000000000000001,85.0,55.0,50.0,3390,3382,8,3390,0.002359882005899705,0.7488690474912592,1.0,0.7488690474912592,1624,0.48018923713778827,1.0,1
"iteration_3","SCOPE_DATA_COLLECTION",700,36,2230.0,2290.0,2,3843,3356,976,3849,3232,909,3856,3333,967,3,7,9,7.774034724021767E-4,0.002095808383233533,0.009221311475409836,0.3233885174574995,0.7235845119434079,1.272441796254585,0.646777034914999,0.7235845119434079,0.8482945308363901,0.25648340248962653,0.45484548454845486,0.5056876938986556,100.0,100.0,4306,2686,1183,18,1,0,0.0041802136553646075,3.7230081906180194E-4,0.0,0.7000000000000001,0.9,0.8,0.8,25.0,20.0,55.0,0.4,0.9,0.7000000000000001,0.6000000000000001,85.0,55.0,50.0,900,890,10,900,0.011111111111111112,1.287453381526225,1.5,0.8583022543508166,459,0.5157303370786517,1.0,1
"iteration_3","SCOPE_DATA_COLLECTION",700,37,2290.0,2350.0,0,3819,3390,900,3843,3356,976,3797,3397,887,6,8,10,0.0015777018143570865,0.0023494860499265785,0.011148272017837236,0.32584721358488733,0.7524552839789069,1.281270779822685,0.6516944271697747,0.7524552839789069,0.85418051988179,0.25994205952067423,0.4810126582278481,0.5118376550169109,97.5,100.0,4407,1509,2193,24,0,0,0.005445881552076242,0.0,0.0,0.4,0.9,0.7000000000000001,0.6000000000000001,85.0,55.0,50.0,0.5,0.9,0.8,0.6000000000000001,95.0,65.0,40.0,4020,4013,7,4020,0.0017412935323383085,0.3277745620697198,0.5,0.6555491241394396,1063,0.26488911039122853,1.0,1
"iteration_3","SCOPE_DATA_COLLECTION",700,37,2290.0,2350.0,1,3819,3390,900,3843,3356,976,3797,3397,887,6,8,10,0.0015777018143570865,0.0023494860499265785,0.011148272017837236,0.32584721358488733,0.7524552839789069,1.281270779822685,0.6516944271697747,0.7524552839789069,0.85418051988179,0.25994205952067423,0.4810126582278481,0.5118376550169109,97.5,100.0,4407,1509,2193,24,0,0,0.005445881552076242,0.0,0.0,0.4,0.9,0.7000000000000001,0.6000000000000001,85.0,55.0,50.0,0.5,0.9,0.8,0.6000000000000001,95.0,65.0,40.0,3331,3322,9,3331,0.002701891323926749,0.7157270818714951,1.0,0.7157270818714951,1537,0.46267308850090305,1.0,1
"iteration_3","SCOPE_DATA_COLLECTION",700,37,2290.0,2350.0,2,3819,3390,900,3843,3356,976,3797,3397,887,6,8,10,0.0015777018143570865,0.0023494860499265785,0.011148272017837236,0.32584721358488733,0.7524552839789069,1.281270779822685,0.6516944271697747,0.7524552839789069,0.85418051988179,0.25994205952067423,0.4810126582278481,0.5118376550169109,97.5,100.0,4407,1509,2193,24,0,0,0.005445881552076242,0.0,0.0,0.4,0.9,0.7000000000000001,0.6000000000000001,85.0,55.0,50.0,0.5,0.9,0.8,0.6000000000000001,95.0,65.0,40.0,954,947,7,954,0.007337526205450734,1.3306736346804195,1.5,0.8871157564536131,511,0.5395987328405492,1.0,1
"iteration_3","SCOPE_DATA_COLLECTION",700,38,2350.0,2410.0,0,4020,3331,954,3819,3390,900,4010,3328,949,7,9,7,0.0017425939756036844,0.0026970332634102486,0.007322175732217573,0.32843988265495444,0.716056552185122,1.3329623387702287,0.6568797653099089,0.716056552185122,0.8886415591801525,0.26708229426433916,0.4621394230769231,0.5405690200210748,100.0,100.0,4375,1964,1966,22,1,0,0.005028571428571428,5.091649694501018E-4,0.0,0.5,0.9,0.8,0.6000000000000001,95.0,65.0,40.0,0.6000000000000001,0.8,0.9,0.6000000000000001,85.0,75.0,40.0,3915,3909,6,3915,0.0015325670498084292,0.3239092581580279,0.5,0.6478185163160558,1026,0.2624712202609363,1.0,1
"iteration_3","SCOPE_DATA_COLLECTION",700,38,2350.0,2410.0,1,4020,3331,954,3819,3390,900,4010,3328,949,7,9,7,0.0017425939756036844,0.0026970332634102486,0.007322175732217573,0.32843988265495444,0.716056552185122,1.3329623387702287,0.6568797653099089,0.716056552185122,0.8886415591801525,0.26708229426433916,0.4621394230769231,0.5405690200210748,100.0,100.0,4375,1964,1966,22,1,0,0.005028571428571428,5.091649694501018E-4,0.0,0.5,0.9,0.8,0.6000000000000001,95.0,65.0,40.0,0.6000000000000001,0.8,0.9,0.6000000000000001,85.0,75.0,40.0,3387,3378,9,3387,0.002657218777679362,0.7606577339329319,1.0,0.7606577339329319,1654,0.4896388395500296,1.0,1
"iteration_3","SCOPE_DATA_COLLECTION",700,38,2350.0,2410.0,2,4020,3331,954,3819,3390,900,4010,3328,949,7,9,7,0.0017425939756036844,0.0026970332634102486,0.007322175732217573,0.32843988265495444,0.716056552185122,1.3329623387702287,0.6568797653099089,0.716056552185122,0.8886415591801525,0.26708229426433916,0.4621394230769231,0.5405690200210748,100.0,100.0,4375,1964,1966,22,1,0,0.005028571428571428,5.091649694501018E-4,0.0,0.5,0.9,0.8,0.6000000000000001,95.0,65.0,40.0,0.6000000000000001,0.8,0.9,0.6000000000000001,85.0,75.0,40.0,916,907,9,916,0.009825327510917031,1.285752870137908,1.5,0.8571685800919386,462,0.5093715545755237,1.0,1
"iteration_3","SCOPE_DATA_COLLECTION",700,39,2410.0,2470.0,0,3915,3387,916,4020,3331,954,3920,3364,903,6,9,9,0.0015282730514518594,0.0026682478505781204,0.009868421052631578,0.32377442753254665,0.7580962165301084,1.2894601715928078,0.6475488550650933,0.7580962165301084,0.8596401143952052,0.2627551020408163,0.4884066587395957,0.5116279069767442,95.0,100.0,4394,2276,1548,24,0,0,0.005461993627674101,0.0,0.0,0.6000000000000001,0.8,0.9,0.6000000000000001,85.0,75.0,40.0,0.8,0.8,0.4,0.7000000000000001,40.0,70.0,35.0,3789,3786,3,3789,7.91765637371338E-4,0.32438809725236334,0.5,0.6487761945047267,990,0.26148969889064977,1.0,1
"iteration_3","SCOPE_DATA_COLLECTION",700,39,2410.0,2470.0,1,3915,3387,916,4020,3331,954,3920,3364,903,6,9,9,0.0015282730514518594,0.0026682478505781204,0.009868421052631578,0.32377442753254665,0.7580962165301084,1.2894601715928078,0.6475488550650933,0.7580962165301084,0.8596401143952052,0.2627551020408163,0.4884066587395957,0.5116279069767442,95.0,100.0,4394,2276,1548,24,0,0,0.005461993627674101,0.0,0.0,0.6000000000000001,0.8,0.9,0.6000000000000001,85.0,75.0,40.0,0.8,0.8,0.4,0.7000000000000001,40.0,70.0,35.0,3423,3416,7,3423,0.002044989775051125,0.7215180494345005,1.0,0.7215180494345005,1567,0.4587236533957845,1.0,1
"iteration_3","SCOPE_DATA_COLLECTION",700,39,2410.0,2470.0,2,3915,3387,916,4020,3331,954,3920,3364,903,6,9,9,0.0015282730514518594,0.0026682478505781204,0.009868421052631578,0.32377442753254665,0.7580962165301084,1.2894601715928078,0.6475488550650933,0.7580962165301084,0.8596401143952052,0.2627551020408163,0.4884066587395957,0.5116279069767442,95.0,100.0,4394,2276,1548,24,0,0,0.005461993627674101,0.0,0.0,0.6000000000000001,0.8,0.9,0.6000000000000001,85.0,75.0,40.0,0.8,0.8,0.4,0.7000000000000001,40.0,70.0,35.0,970,964,6,970,0.006185567010309278,1.2691763641296545,1.5,0.8461175760864363,487,0.5051867219917012,1.0,1
"iteration_3","SCOPE_DATA_COLLECTION",700,40,2470.0,2530.0,0,3789,3423,970,3915,3387,916,3784,3419,968,3,7,6,7.921837866385001E-4,0.0020431990659661413,0.006160164271047228,0.32582169933841687,0.7238696513411378,1.2675604787561745,0.6516433986768337,0.7238696513411378,0.845040319170783,0.26268498942917545,0.4600760456273764,0.5041322314049587,95.0,100.0,4250,3141,791,14,2,0,0.0032941176470588237,6.367398917542184E-4,0.0,0.8,0.8,0.4,0.7000000000000001,40.0,70.0,35.0,0.8,0.8,0.4,0.7000000000000001,40.0,70.0,35.0,3889,3886,3,3889,7.714065312419646E-4,0.3232829931150754,0.5,0.6465659862301508,1001,0.25759135357694285,1.0,1
"iteration_3","SCOPE_DATA_COLLECTION",700,40,2470.0,2530.0,1,3789,3423,970,3915,3387,916,3784,3419,968,3,7,6,7.921837866385001E-4,0.0020431990659661413,0.006160164271047228,0.32582169933841687,0.7238696513411378,1.2675604787561745,0.6516433986768337,0.7238696513411378,0.845040319170783,0.26268498942917545,0.4600760456273764,0.5041322314049587,95.0,100.0,4250,3141,791,14,2,0,0.0032941176470588237,6.367398917542184E-4,0.0,0.8,0.8,0.4,0.7000000000000001,40.0,70.0,35.0,0.8,0.8,0.4,0.7000000000000001,40.0,70.0,35.0,3251,3243,8,3251,0.002460781298062135,0.7251974407879679,1.0,0.7251974407879679,1527,0.4708603145235893,1.0,1
"iteration_3","SCOPE_DATA_COLLECTION",700,40,2470.0,2530.0,2,3789,3423,970,3915,3387,916,3784,3419,968,3,7,6,7.921837866385001E-4,0.0020431990659661413,0.006160164271047228,0.32582169933841687,0.7238696513411378,1.2675604787561745,0.6516433986768337,0.7238696513411378,0.845040319170783,0.26268498942917545,0.4600760456273764,0.5041322314049587,95.0,100.0,4250,3141,791,14,2,0,0.0032941176470588237,6.367398917542184E-4,0.0,0.8,0.8,0.4,0.7000000000000001,40.0,70.0,35.0,0.8,0.8,0.4,0.7000000000000001,40.0,70.0,35.0,944,936,8,944,0.00847457627118644,1.3064196891644355,1.5,0.870946459442957,492,0.5256410256410257,1.0,1
"iteration_3","SCOPE_DATA_COLLECTION",700,41,2530.0,2590.0,0,3889,3251,944,3789,3423,970,3875,3254,939,3,8,8,7.735946364105209E-4,0.002452483139178418,0.008447729672650475,0.32251228379922897,0.7260739217109853,1.3042918059823114,0.6450245675984579,0.7260739217109853,0.8695278706548742,0.25729032258064516,0.47111247695144437,0.5250266240681576,100.0,100.0,4294,3019,771,17,2,0,0.0039590125756870055,6.62471016893011E-4,0.0,0.8,0.8,0.4,0.7000000000000001,40.0,70.0,35.0,0.8,0.8,0.4,0.7000000000000001,40.0,70.0,35.0,3824,3818,6,3824,0.0015690376569037657,0.3268343046512882,0.5,0.6536686093025764,986,0.2582503928758512,1.0,1
"iteration_3","SCOPE_DATA_COLLECTION",700,41,2530.0,2590.0,1,3889,3251,944,3789,3423,970,3875,3254,939,3,8,8,7.735946364105209E-4,0.002452483139178418,0.008447729672650475,0.32251228379922897,0.7260739217109853,1.3042918059823114,0.6450245675984579,0.7260739217109853,0.8695278706548742,0.25729032258064516,0.47111247695144437,0.5250266240681576,100.0,100.0,4294,3019,771,17,2,0,0.0039590125756870055,6.62471016893011E-4,0.0,0.8,0.8,0.4,0.7000000000000001,40.0,70.0,35.0,0.8,0.8,0.4,0.7000000000000001,40.0,70.0,35.0,3206,3198,8,3206,0.002495321272613849,0.7410569714237816,1.0,0.7410569714237816,1574,0.49218261413383363,1.0,1
"iteration_3","SCOPE_DATA_COLLECTION",700,41,2530.0,2590.0,2,3889,3251,944,3789,3423,970,3875,3254,939,3,8,8,7.735946364105209E-4,0.002452483139178418,0.008447729672650475,0.32251228379922897,0.7260739217109853,1.3042918059823114,0.6450245675984579,0.7260739217109853,0.8695278706548742,0.25729032258064516,0.47111247695144437,0.5250266240681576,100.0,100.0,4294,3019,771,17,2,0,0.0039590125756870055,6.62471016893011E-4,0.0,0.8,0.8,0.4,0.7000000000000001,40.0,70.0,35.0,0.8,0.8,0.4,0.7000000000000001,40.0,70.0,35.0,858,851,7,858,0.008158508158508158,1.2883597736599752,1.5,0.8589065157733168,437,0.5135135135135135,1.0,1
"iteration_3","SCOPE_DATA_COLLECTION",700,42,2590.0,2650.0,0,3824,3206,858,3889,3251,944,3832,3187,851,6,8,7,0.001563314226159458,0.0025039123630672924,0.008158508158508158,0.32721240954648567,0.7410789961827604,1.293269890861477,0.6544248190929713,0.7410789961827604,0.8621799272409847,0.25808977035490605,0.4923125196109194,0.5158636897767332,95.0,100.0,4323,2829,736,18,3,0,0.004163775156141568,0.0010604453870625664,0.0,0.8,0.8,0.4,0.7000000000000001,40.0,70.0,35.0,0.30000000000000004,0.1,0.7000000000000001,0.2,95.0,65.0,35.0,4026,4025,1,4026,2.4838549428713363E-4,0.2937497575346778,0.5,0.5874995150693556,655,0.16273291925465838,1.0,1
"iteration_3","SCOPE_DATA_COLLECTION",700,42,2590.0,2650.0,1,3824,3206,858,3889,3251,944,3832,3187,851,6,8,7,0.001563314226159458,0.0025039123630672924,0.008158508158508158,0.32721240954648567,0.7410789961827604,1.293269890861477,0.6544248190929713,0.7410789961827604,0.8621799272409847,0.25808977035490605,0.4923125196109194,0.5158636897767332,95.0,100.0,4323,2829,736,18,3,0,0.004163775156141568,0.0010604453870625664,0.0,0.8,0.8,0.4,0.7000000000000001,40.0,70.0,35.0,0.30000000000000004,0.1,0.7000000000000001,0.2,95.0,65.0,35.0,3411,3404,7,3411,0.0020521841102316037,0.7346789089793733,1.0,0.7346789089793733,1621,0.47620446533490013,1.0,1
"iteration_3","SCOPE_DATA_COLLECTION",700,42,2590.0,2650.0,2,3824,3206,858,3889,3251,944,3832,3187,851,6,8,7,0.001563314226159458,0.0025039123630672924,0.008158508158508158,0.32721240954648567,0.7410789961827604,1.293269890861477,0.6544248190929713,0.7410789961827604,0.8621799272409847,0.25808977035490605,0.4923125196109194,0.5158636897767332,95.0,100.0,4323,2829,736,18,3,0,0.004163775156141568,0.0010604453870625664,0.0,0.8,0.8,0.4,0.7000000000000001,40.0,70.0,35.0,0.30000000000000004,0.1,0.7000000000000001,0.2,95.0,65.0,35.0,949,944,5,949,0.005268703898840885,1.2667130073038477,1.5,0.8444753382025652,491,0.5201271186440678,1.0,1
"iteration_3","SCOPE_DATA_COLLECTION",700,43,2650.0,2710.0,0,4026,3411,949,3824,3206,858,4015,3374,937,1,7,4,2.49003984063745E-4,0.002070393374741201,0.004250797024442083,0.2926032537826772,0.7329674374253798,1.2627436542178765,0.5852065075653544,0.7329674374253798,0.8418291028119177,0.1608966376089664,0.47806757557794904,0.5186766275346851,100.0,100.0,4466,1162,2758,11,1,0,0.0024630541871921183,8.605851979345956E-4,0.0,0.30000000000000004,0.1,0.7000000000000001,0.2,95.0,65.0,35.0,0.2,0.1,0.8,0.2,85.0,65.0,45.0,3812,3789,23,3812,0.006033578174186778,0.29471428660111376,0.5,0.5894285732022275,545,0.14383742412245976,1.0,1
"iteration_3","SCOPE_DATA_COLLECTION",700,43,2650.0,2710.0,1,4026,3411,949,3824,3206,858,4015,3374,937,1,7,4,2.49003984063745E-4,0.002070393374741201,0.004250797024442083,0.2926032537826772,0.7329674374253798,1.2627436542178765,0.5852065075653544,0.7329674374253798,0.8418291028119177,0.1608966376089664,0.47806757557794904,0.5186766275346851,100.0,100.0,4466,1162,2758,11,1,0,0.0024630541871921183,8.605851979345956E-4,0.0,0.30000000000000004,0.1,0.7000000000000001,0.2,95.0,65.0,35.0,0.2,0.1,0.8,0.2,85.0,65.0,45.0,3285,3265,20,3285,0.0060882800608828,0.7693615279009018,1.0,0.7693615279009018,1635,0.5007656967840735,1.0,1
"iteration_3","SCOPE_DATA_COLLECTION",700,43,2650.0,2710.0,2,4026,3411,949,3824,3206,858,4015,3374,937,1,7,4,2.49003984063745E-4,0.002070393374741201,0.004250797024442083,0.2926032537826772,0.7329674374253798,1.2627436542178765,0.5852065075653544,0.7329674374253798,0.8418291028119177,0.1608966376089664,0.47806757557794904,0.5186766275346851,100.0,100.0,4466,1162,2758,11,1,0,0.0024630541871921183,8.605851979345956E-4,0.0,0.30000000000000004,0.1,0.7000000000000001,0.2,95.0,65.0,35.0,0.2,0.1,0.8,0.2,85.0,65.0,45.0,881,868,13,881,0.014755959137343927,1.3231135816225414,1.5,0.8820757210816943,476,0.5483870967741935,1.0,1
"iteration_3","SCOPE_DATA_COLLECTION",700,44,2710.0,2770.0,0,3812,3285,881,4026,3411,949,3793,3301,869,23,20,14,0.006027253668763103,0.006022282445046673,0.015855039637599093,0.29575557459379254,0.7693315974417563,1.3170857046378448,0.5915111491875851,0.7693315974417563,0.8780571364252299,0.14553124176113894,0.49833383823083915,0.5431530494821634,100.0,100.0,4431,725,2822,11,0,46,0.002482509591514331,0.0,0.01630049610205528,0.2,0.1,0.8,0.2,85.0,65.0,45.0,0.8,0.7000000000000001,0.7000000000000001,0.6000000000000001,35.0,65.0,60.0,3912,3908,4,3912,0.0010224948875255625,0.32672510737289545,0.5,0.6534502147457909,1023,0.2617707267144319,1.0,1
"iteration_3","SCOPE_DATA_COLLECTION",700,44,2710.0,2770.0,1,3812,3285,881,4026,3411,949,3793,3301,869,23,20,14,0.006027253668763103,0.006022282445046673,0.015855039637599093,0.29575557459379254,0.7693315974417563,1.3170857046378448,0.5915111491875851,0.7693315974417563,0.8780571364252299,0.14553124176113894,0.49833383823083915,0.5431530494821634,100.0,100.0,4431,725,2822,11,0,46,0.002482509591514331,0.0,0.01630049610205528,0.2,0.1,0.8,0.2,85.0,65.0,45.0,0.8,0.7000000000000001,0.7000000000000001,0.6000000000000001,35.0,65.0,60.0,3304,3289,15,3304,0.004539951573849879,0.7477002081859025,1.0,0.7477002081859025,1587,0.4825174825174825,1.0,1
"iteration_3","SCOPE_DATA_COLLECTION",700,44,2710.0,2770.0,2,3812,3285,881,4026,3411,949,3793,3301,869,23,20,14,0.006027253668763103,0.006022282445046673,0.015855039637599093,0.29575557459379254,0.7693315974417563,1.3170857046378448,0.5915111491875851,0.7693315974417563,0.8780571364252299,0.14553124176113894,0.49833383823083915,0.5431530494821634,100.0,100.0,4431,725,2822,11,0,46,0.002482509591514331,0.0,0.01630049610205528,0.2,0.1,0.8,0.2,85.0,65.0,45.0,0.8,0.7000000000000001,0.7000000000000001,0.6000000000000001,35.0,65.0,60.0,868,861,7,868,0.008064516129032258,1.3274932344312345,1.5,0.884995489620823,459,0.5331010452961672,1.0,1
"iteration_3","SCOPE_DATA_COLLECTION",700,45,2770.0,2830.0,0,3912,3304,868,3812,3285,881,3917,3283,863,4,15,7,0.00102014792144861,0.004548211036992117,0.008045977011494253,0.32654263999860345,0.7490271844444555,1.3366639210680076,0.6530852799972069,0.7490271844444555,0.891109280712005,0.26142455961194794,0.48309473042948525,0.5388180764774044,95.0,100.0,4370,2972,742,24,2,0,0.005491990846681922,6.729475100942127E-4,0.0,0.8,0.7000000000000001,0.7000000000000001,0.6000000000000001,35.0,65.0,60.0,0.30000000000000004,0.2,0.1,0.1,95.0,20.0,50.0,3882,3872,10,3882,0.002575991756826378,0.3080778509098737,0.5,0.6161557018197474,794,0.20506198347107438,1.0,1
"iteration_3","SCOPE_DATA_COLLECTION",700,45,2770.0,2830.0,1,3912,3304,868,3812,3285,881,3917,3283,863,4,15,7,0.00102014792144861,0.004548211036992117,0.008045977011494253,0.32654263999860345,0.7490271844444555,1.3366639210680076,0.6530852799972069,0.7490271844444555,0.891109280712005,0.26142455961194794,0.48309473042948525,0.5388180764774044,95.0,100.0,4370,2972,742,24,2,0,0.005491990846681922,6.729475100942127E-4,0.0,0.8,0.7000000000000001,0.7000000000000001,0.6000000000000001,35.0,65.0,60.0,0.30000000000000004,0.2,0.1,0.1,95.0,20.0,50.0,3372,3364,8,3372,0.002372479240806643,0.7393957524591074,1.0,0.7393957524591074,1673,0.49732461355529134,1.0,1
"iteration_3","SCOPE_DATA_COLLECTION",700,45,2770.0,2830.0,2,3912,3304,868,3812,3285,881,3917,3283,863,4,15,7,0.00102014792144861,0.004548211036992117,0.008045977011494253,0.32654263999860345,0.7490271844444555,1.3366639210680076,0.6530852799972069,0.7490271844444555,0.891109280712005,0.26142455961194794,0.48309473042948525,0.5388180764774044,95.0,100.0,4370,2972,742,24,2,0,0.005491990846681922,6.729475100942127E-4,0.0,0.8,0.7000000000000001,0.7000000000000001,0.6000000000000001,35.0,65.0,60.0,0.30000000000000004,0.2,0.1,0.1,95.0,20.0,50.0,895,890,5,895,0.00558659217877095,1.312610449898747,1.5,0.8750736332658313,488,0.5483146067415731,1.0,1
"iteration_3","SCOPE_DATA_COLLECTION",700,46,2830.0,2890.0,0,3882,3372,895,3912,3304,868,3865,3372,891,10,8,5,0.0025806451612903226,0.002366863905325444,0.005580357142857143,0.3078270339949214,0.7389437843079901,1.3089997587267022,0.6156540679898428,0.7389437843079901,0.8726665058178015,0.20439844760672704,0.49673784104389085,0.5454545454545454,97.5,100.0,4512,1053,2584,2,0,21,4.432624113475177E-4,0.0,0.008126934984520124,0.30000000000000004,0.2,0.1,0.1,95.0,20.0,50.0,0.30000000000000004,0.2,0.1,0.1,95.0,20.0,50.0,3935,3934,1,3935,2.5412960609911054E-4,0.3118386889336245,0.5,0.623677377867249,829,0.21072699542450432,1.0,1
"iteration_3","SCOPE_DATA_COLLECTION",700,46,2830.0,2890.0,1,3882,3372,895,3912,3304,868,3865,3372,891,10,8,5,0.0025806451612903226,0.002366863905325444,0.005580357142857143,0.3078270339949214,0.7389437843079901,1.3089997587267022,0.6156540679898428,0.7389437843079901,0.8726665058178015,0.20439844760672704,0.49673784104389085,0.5454545454545454,97.5,100.0,4512,1053,2584,2,0,21,4.432624113475177E-4,0.0,0.008126934984520124,0.30000000000000004,0.2,0.1,0.1,95.0,20.0,50.0,0.30000000000000004,0.2,0.1,0.1,95.0,20.0,50.0,3376,3369,7,3376,0.0020734597156398106,0.72891776230532,1.0,0.72891776230532,1645,0.4882754526565746,1.0,1
"iteration_3","SCOPE_DATA_COLLECTION",700,46,2830.0,2890.0,2,3882,3372,895,3912,3304,868,3865,3372,891,10,8,5,0.0025806451612903226,0.002366863905325444,0.005580357142857143,0.3078270339949214,0.7389437843079901,1.3089997587267022,0.6156540679898428,0.7389437843079901,0.8726665058178015,0.20439844760672704,0.49673784104389085,0.5454545454545454,97.5,100.0,4512,1053,2584,2,0,21,4.432624113475177E-4,0.0,0.008126934984520124,0.30000000000000004,0.2,0.1,0.1,95.0,20.0,50.0,0.30000000000000004,0.2,0.1,0.1,95.0,20.0,50.0,931,927,4,931,0.004296455424274973,1.2841530817420705,1.5,0.8561020544947137,492,0.5307443365695793,1.0,1
"iteration_3","SCOPE_DATA_COLLECTION",700,47,2890.0,2950.0,0,3935,3376,931,3882,3372,895,3940,3349,928,1,7,4,2.537427048972342E-4,0.0020858164481525627,0.004291845493562232,0.31224187258333097,0.7276471921131017,1.2854670126481247,0.6244837451666619,0.7276471921131017,0.8569780084320832,0.2114213197969543,0.4873096446700508,0.5323275862068966,100.0,100.0,4517,1112,2613,9,3,0,0.0019924728802302415,0.002697841726618705,0.0,0.30000000000000004,0.2,0.1,0.1,95.0,20.0,50.0,0.30000000000000004,0.2,0.1,0.1,95.0,20.0,50.0,3641,3638,3,3641,8.239494644328481E-4,0.31375180277783205,0.5,0.6275036055556641,771,0.2119296316657504,1.0,1
"iteration_3","SCOPE_DATA_COLLECTION",700,47,2890.0,2950.0,1,3935,3376,931,3882,3372,895,3940,3349,928,1,7,4,2.537427048972342E-4,0.0020858164481525627,0.004291845493562232,0.31224187258333097,0.7276471921131017,1.2854670126481247,0.6244837451666619,0.7276471921131017,0.8569780084320832,0.2114213197969543,0.4873096446700508,0.5323275862068966,100.0,100.0,4517,1112,2613,9,3,0,0.0019924728802302415,0.002697841726618705,0.0,0.30000000000000004,0.2,0.1,0.1,95.0,20.0,50.0,0.30000000000000004,0.2,0.1,0.1,95.0,20.0,50.0,3381,3377,4,3381,0.0011830819284235432,0.7197868509343051,1.0,0.7197868509343051,1632,0.48326917382291973,1.0,1
"iteration_3","SCOPE_DATA_COLLECTION",700,47,2890.0,2950.0,2,3935,3376,931,3882,3372,895,3940,3349,928,1,7,4,2.537427048972342E-4,0.0020858164481525627,0.004291845493562232,0.31224187258333097,0.7276471921131017,1.2854670126481247,0.6244837451666619,0.7276471921131017,0.8569780084320832,0.2114213197969543,0.4873096446700508,0.5323275862068966,100.0,100.0,4517,1112,2613,9,3,0,0.0019924728802302415,0.002697841726618705,0.0,0.30000000000000004,0.2,0.1,0.1,95.0,20.0,50.0,0.30000000000000004,0.2,0.1,0.1,95.0,20.0,50.0,931,928,3,931,0.00322234156820623,1.3406501463628429,1.5,0.8937667642418953,523,0.5635775862068966,1.0,1
"iteration_3","SCOPE_DATA_COLLECTION",700,48,2950.0,3010.0,0,3641,3381,931,3935,3376,931,3633,3383,924,3,4,3,8.250825082508251E-4,0.00118098612341305,0.003236245954692557,0.3134778704186521,0.7216875689567016,1.3409840902643027,0.6269557408373042,0.7216875689567016,0.8939893935095351,0.21222130470685385,0.4847768253029855,0.5638528138528138,100.0,100.0,4434,1082,2437,8,2,0,0.0018042399639152007,0.0018484288354898336,0.0,0.30000000000000004,0.2,0.1,0.1,95.0,20.0,50.0,0.30000000000000004,0.2,0.1,0.2,85.0,30.0,50.0,3851,3849,2,3851,5.193456245131135E-4,0.3055547027477136,0.5,0.6111094054954272,772,0.20057157703299558,1.0,1
"iteration_3","SCOPE_DATA_COLLECTION",700,48,2950.0,3010.0,1,3641,3381,931,3935,3376,931,3633,3383,924,3,4,3,8.250825082508251E-4,0.00118098612341305,0.003236245954692557,0.3134778704186521,0.7216875689567016,1.3409840902643027,0.6269557408373042,0.7216875689567016,0.8939893935095351,0.21222130470685385,0.4847768253029855,0.5638528138528138,100.0,100.0,4434,1082,2437,8,2,0,0.0018042399639152007,0.0018484288354898336,0.0,0.30000000000000004,0.2,0.1,0.1,95.0,20.0,50.0,0.30000000000000004,0.2,0.1,0.2,85.0,30.0,50.0,3319,3316,3,3319,9.038867128653209E-4,0.7223632760351756,1.0,0.7223632760351756,1617,0.4876357056694813,1.0,1
"iteration_3","SCOPE_DATA_COLLECTION",700,48,2950.0,3010.0,2,3641,3381,931,3935,3376,931,3633,3383,924,3,4,3,8.250825082508251E-4,0.00118098612341305,0.003236245954692557,0.3134778704186521,0.7216875689567016,1.3409840902643027,0.6269557408373042,0.7216875689567016,0.8939893935095351,0.21222130470685385,0.4847768253029855,0.5638528138528138,100.0,100.0,4434,1082,2437,8,2,0,0.0018042399639152007,0.0018484288354898336,0.0,0.30000000000000004,0.2,0.1,0.1,95.0,20.0,50.0,0.30000000000000004,0.2,0.1,0.2,85.0,30.0,50.0,905,901,4,905,0.004419889502762431,1.3043765443816357,1.5,0.8695843629210905,492,0.5460599334073252,1.0,1
"iteration_3","SCOPE_DATA_COLLECTION",700,49,3010.0,3070.0,0,3851,3319,905,3641,3381,931,3849,3315,908,2,3,4,5.193456245131135E-4,9.041591320072332E-4,0.0043859649122807015,0.30556258601171177,0.7190073720403384,1.3107964992403576,0.6111251720234235,0.7190073720403384,0.873864332826905,0.20005196154845414,0.48446455505279035,0.5484581497797357,97.5,100.0,4415,1104,2556,8,1,0,0.001812004530011325,9.057971014492754E-4,0.0,0.30000000000000004,0.2,0.1,0.2,85.0,30.0,50.0,0.30000000000000004,0.2,0.1,0.2,85.0,30.0,50.0,3764,3746,18,3764,0.004782146652497344,0.31449965335433855,0.5,0.6289993067086771,807,0.21542979177789642,1.0,1
"iteration_3","SCOPE_DATA_COLLECTION",700,49,3010.0,3070.0,1,3851,3319,905,3641,3381,931,3849,3315,908,2,3,4,5.193456245131135E-4,9.041591320072332E-4,0.0043859649122807015,0.30556258601171177,0.7190073720403384,1.3107964992403576,0.6111251720234235,0.7190073720403384,0.873864332826905,0.20005196154845414,0.48446455505279035,0.5484581497797357,97.5,100.0,4415,1104,2556,8,1,0,0.001812004530011325,9.057971014492754E-4,0.0,0.30000000000000004,0.2,0.1,0.2,85.0,30.0,50.0,0.30000000000000004,0.2,0.1,0.2,85.0,30.0,50.0,3372,3366,6,3372,0.0017793594306049821,0.7388610508980473,1.0,0.7388610508980473,1680,0.49910873440285203,1.0,1
"iteration_3","SCOPE_DATA_COLLECTION",700,49,3010.0,3070.0,2,3851,3319,905,3641,3381,931,3849,3315,908,2,3,4,5.193456245131135E-4,9.041591320072332E-4,0.0043859649122807015,0.30556258601171177,0.7190073720403384,1.3107964992403576,0.6111251720234235,0.7190073720403384,0.873864332826905,0.20005196154845414,0.48446455505279035,0.5484581497797357,97.5,100.0,4415,1104,2556,8,1,0,0.001812004530011325,9.057971014492754E-4,0.0,0.30000000000000004,0.2,0.1,0.2,85.0,30.0,50.0,0.30000000000000004,0.2,0.1,0.2,85.0,30.0,50.0,921,915,6,921,0.006514657980456026,1.3183591124929392,1.5,0.8789060749952928,500,0.546448087431694,1.0,1
"iteration_3","SCOPE_DATA_COLLECTION",700,50,3070.0,3130.0,0,3764,3372,921,3851,3319,905,3742,3382,908,18,6,6,0.0047872340425531915,0.0017709563164108619,0.006564551422319475,0.3141437820291416,0.7401636920605027,1.3035586060231512,0.6282875640582832,0.7401636920605027,0.8690390706821008,0.2153928380545163,0.5005913660555884,0.539647577092511,97.5,100.0,4481,1108,2468,6,0,24,0.0013389868332961392,0.0,0.009724473257698542,0.30000000000000004,0.2,0.1,0.2,85.0,30.0,50.0,0.4,0.1,0.2,0.30000000000000004,75.0,20.0,60.0,3942,3937,5,3942,0.0012683916793505834,0.31092150107882766,0.5,0.6218430021576553,850,0.2159004318008636,1.0,1
"iteration_3","SCOPE_DATA_COLLECTION",700,50,3070.0,3130.0,1,3764,3372,921,3851,3319,905,3742,3382,908,18,6,6,0.0047872340425531915,0.0017709563164108619,0.006564551422319475,0.3141437820291416,0.7401636920605027,1.3035586060231512,0.6282875640582832,0.7401636920605027,0.8690390706821008,0.2153928380545163,0.5005913660555884,0.539647577092511,97.5,100.0,4481,1108,2468,6,0,24,0.0013389868332961392,0.0,0.009724473257698542,0.30000000000000004,0.2,0.1,0.2,85.0,30.0,50.0,0.4,0.1,0.2,0.30000000000000004,75.0,20.0,60.0,3363,3359,4,3363,0.0011894142134998512,0.7277722071003517,1.0,0.7277722071003517,1618,0.4816909794581721,1.0,1
"iteration_3","SCOPE_DATA_COLLECTION",700,50,3070.0,3130.0,2,3764,3372,921,3851,3319,905,3742,3382,908,18,6,6,0.0047872340425531915,0.0017709563164108619,0.006564551422319475,0.3141437820291416,0.7401636920605027,1.3035586060231512,0.6282875640582832,0.7401636920605027,0.8690390706821008,0.2153928380545163,0.5005913660555884,0.539647577092511,97.5,100.0,4481,1108,2468,6,0,24,0.0013389868332961392,0.0,0.009724473257698542,0.30000000000000004,0.2,0.1,0.2,85.0,30.0,50.0,0.4,0.1,0.2,0.30000000000000004,75.0,20.0,60.0,978,972,6,978,0.006134969325153374,1.3077121203292812,1.5,0.8718080802195208,526,0.5411522633744856,1.0,1
"iteration_3","SCOPE_DATA_COLLECTION",700,51,3130.0,3190.0,0,3942,3363,978,3764,3372,921,3946,3352,976,5,4,6,0.0012655024044545685,0.0011918951132300357,0.006109979633401222,0.3115531722293217,0.7304532728496096,1.3128113748204178,0.6231063444586434,0.7304532728496096,0.8752075832136118,0.21743537759756715,0.48418854415274465,0.5430327868852459,92.5,100.0,4533,1490,2260,14,1,0,0.003088462386940216,6.711409395973154E-4,0.0,0.4,0.1,0.2,0.30000000000000004,75.0,20.0,60.0,0.4,0.1,0.2,0.4,65.0,20.0,60.0,3882,3881,1,3882,2.5759917568263783E-4,0.30019434928027783,0.5,0.6003886985605557,718,0.18500386498325175,1.0,1
"iteration_3","SCOPE_DATA_COLLECTION",700,51,3130.0,3190.0,1,3942,3363,978,3764,3372,921,3946,3352,976,5,4,6,0.0012655024044545685,0.0011918951132300357,0.006109979633401222,0.3115531722293217,0.7304532728496096,1.3128113748204178,0.6231063444586434,0.7304532728496096,0.8752075832136118,0.21743537759756715,0.48418854415274465,0.5430327868852459,92.5,100.0,4533,1490,2260,14,1,0,0.003088462386940216,6.711409395973154E-4,0.0,0.4,0.1,0.2,0.30000000000000004,75.0,20.0,60.0,0.4,0.1,0.2,0.4,65.0,20.0,60.0,3376,3373,3,3376,8.886255924170616E-4,0.7280656360802733,1.0,0.7280656360802733,1661,0.492439964423362,1.0,1
"iteration_3","SCOPE_DATA_COLLECTION",700,51,3130.0,3190.0,2,3942,3363,978,3764,3372,921,3946,3352,976,5,4,6,0.0012655024044545685,0.0011918951132300357,0.006109979633401222,0.3115531722293217,0.7304532728496096,1.3128113748204178,0.6231063444586434,0.7304532728496096,0.8752075832136118,0.21743537759756715,0.48418854415274465,0.5430327868852459,92.5,100.0,4533,1490,2260,14,1,0,0.003088462386940216,6.711409395973154E-4,0.0,0.4,0.1,0.2,0.30000000000000004,75.0,20.0,60.0,0.4,0.1,0.2,0.4,65.0,20.0,60.0,893,889,4,893,0.004479283314669653,1.3486835071723349,1.5,0.89912233811489,503,0.5658042744656918,1.0,1
"iteration_3","SCOPE_DATA_COLLECTION",700,52,3190.0,3250.0,0,3882,3376,893,3942,3363,978,3877,3366,888,1,3,4,2.5786487880350697E-4,8.904719501335708E-4,0.004484304932735426,0.29981491032817226,0.7246701395397989,1.3516229493195346,0.5996298206563445,0.7246701395397989,0.9010819662130231,0.18390508124838792,0.48960190136660725,0.5675675675675675,97.5,100.0,4505,1425,2221,7,1,0,0.0015538290788013318,7.017543859649122E-4,0.0,0.4,0.1,0.2,0.4,65.0,20.0,60.0,0.2,0.5,0.6000000000000001,0.30000000000000004,50.0,20.0,55.0,3964,3907,57,3964,0.01437941473259334,0.3165847778238354,0.5,0.6331695556476707,900,0.23035577169183516,1.0,1
"iteration_3","SCOPE_DATA_COLLECTION",700,52,3190.0,3250.0,1,3882,3376,893,3942,3363,978,3877,3366,888,1,3,4,2.5786487880350697E-4,8.904719501335708E-4,0.004484304932735426,0.29981491032817226,0.7246701395397989,1.3516229493195346,0.5996298206563445,0.7246701395397989,0.9010819662130231,0.18390508124838792,0.48960190136660725,0.5675675675675675,97.5,100.0,4505,1425,2221,7,1,0,0.0015538290788013318,7.017543859649122E-4,0.0,0.4,0.1,0.2,0.4,65.0,20.0,60.0,0.2,0.5,0.6000000000000001,0.30000000000000004,50.0,20.0,55.0,3231,3190,41,3231,0.012689569792633859,0.7328268494572581,1.0,0.7328268494572581,1502,0.470846394984326,1.0,1
"iteration_3","SCOPE_DATA_COLLECTION",700,52,3190.0,3250.0,2,3882,3376,893,3942,3363,978,3877,3366,888,1,3,4,2.5786487880350697E-4,8.904719501335708E-4,0.004484304932735426,0.29981491032817226,0.7246701395397989,1.3516229493195346,0.5996298206563445,0.7246701395397989,0.9010819662130231,0.18390508124838792,0.48960190136660725,0.5675675675675675,97.5,100.0,4505,1425,2221,7,1,0,0.0015538290788013318,7.017543859649122E-4,0.0,0.4,0.1,0.2,0.4,65.0,20.0,60.0,0.2,0.5,0.6000000000000001,0.30000000000000004,50.0,20.0,55.0,915,903,12,915,0.013114754098360656,1.3354821649123487,1.5,0.8903214432748991,495,0.5481727574750831,1.0,1
"iteration_3","SCOPE_DATA_COLLECTION",700,53,3250.0,3310.0,0,3964,3231,915,3882,3376,893,3910,3196,905,57,41,12,0.014368540458784976,0.012666048810627124,0.013086150490730643,0.31689346768636795,0.7357714667331064,1.336490687771521,0.6337869353727359,0.7357714667331064,0.8909937918476807,0.230690537084399,0.4718397997496871,0.549171270718232,95.0,100.0,4259,762,3089,10,0,100,0.0023479690068091102,0.0,0.03237293622531564,0.2,0.5,0.6000000000000001,0.30000000000000004,50.0,20.0,55.0,0.30000000000000004,0.6000000000000001,0.6000000000000001,0.2,60.0,20.0,55.0,3935,3914,21,3935,0.005336721728081322,0.33007538707083645,0.5,0.6601507741416729,987,0.25217169136433315,1.0,1
"iteration_3","SCOPE_DATA_COLLECTION",700,53,3250.0,3310.0,1,3964,3231,915,3882,3376,893,3910,3196,905,57,41,12,0.014368540458784976,0.012666048810627124,0.013086150490730643,0.31689346768636795,0.7357714667331064,1.336490687771521,0.6337869353727359,0.7357714667331064,0.8909937918476807,0.230690537084399,0.4718397997496871,0.549171270718232,95.0,100.0,4259,762,3089,10,0,100,0.0023479690068091102,0.0,0.03237293622531564,0.2,0.5,0.6000000000000001,0.30000000000000004,50.0,20.0,55.0,0.30000000000000004,0.6000000000000001,0.6000000000000001,0.2,60.0,20.0,55.0,3307,3295,12,3307,0.003628666465074085,0.7319411336389601,1.0,0.7319411336389601,1529,0.46403641881638846,1.0,1
"iteration_3","SCOPE_DATA_COLLECTION",700,53,3250.0,3310.0,2,3964,3231,915,3882,3376,893,3910,3196,905,57,41,12,0.014368540458784976,0.012666048810627124,0.013086150490730643,0.31689346768636795,0.7357714667331064,1.336490687771521,0.6337869353727359,0.7357714667331064,0.8909937918476807,0.230690537084399,0.4718397997496871,0.549171270718232,95.0,100.0,4259,762,3089,10,0,100,0.0023479690068091102,0.0,0.03237293622531564,0.2,0.5,0.6000000000000001,0.30000000000000004,50.0,20.0,55.0,0.30000000000000004,0.6000000000000001,0.6000000000000001,0.2,60.0,20.0,55.0,905,901,4,905,0.004419889502762431,1.2967846359954094,1.5,0.8645230906636062,478,0.5305216426193119,1.0,1
"iteration_3","SCOPE_DATA_COLLECTION",700,54,3310.0,3370.0,0,3935,3307,905,3964,3231,915,3911,3294,901,21,12,4,0.005340793489318413,0.003629764065335753,0.004419889502762431,0.32988586059659264,0.7324035740983129,1.2960897322770475,0.6597717211931853,0.7324035740983129,0.8640598215180316,0.25185374584505243,0.4666059502125076,0.5294117647058824,97.5,100.0,4354,1141,2652,19,0,18,0.004363803399173174,0.0,0.006787330316742082,0.30000000000000004,0.6000000000000001,0.6000000000000001,0.2,60.0,20.0,55.0,0.2,0.1,0.30000000000000004,0.5,45.0,50.0,25.0,3997,3996,1,3997,2.501876407305479E-4,0.29553631546354037,0.5,0.5910726309270807,535,0.1338838838838839,1.0,1
"iteration_3","SCOPE_DATA_COLLECTION",700,54,3310.0,3370.0,1,3935,3307,905,3964,3231,915,3911,3294,901,21,12,4,0.005340793489318413,0.003629764065335753,0.004419889502762431,0.32988586059659264,0.7324035740983129,1.2960897322770475,0.6597717211931853,0.7324035740983129,0.8640598215180316,0.25185374584505243,0.4666059502125076,0.5294117647058824,97.5,100.0,4354,1141,2652,19,0,18,0.004363803399173174,0.0,0.006787330316742082,0.30000000000000004,0.6000000000000001,0.6000000000000001,0.2,60.0,20.0,55.0,0.2,0.1,0.30000000000000004,0.5,45.0,50.0,25.0,3298,3295,3,3298,9.096422073984233E-4,0.7311708025221856,1.0,0.7311708025221856,1570,0.4764795144157815,1.0,1
"iteration_3","SCOPE_DATA_COLLECTION",700,54,3310.0,3370.0,2,3935,3307,905,3964,3231,915,3911,3294,901,21,12,4,0.005340793489318413,0.003629764065335753,0.004419889502762431,0.32988586059659264,0.7324035740983129,1.2960897322770475,0.6597717211931853,0.7324035740983129,0.8640598215180316,0.25185374584505243,0.4666059502125076,0.5294117647058824,97.5,100.0,4354,1141,2652,19,0,18,0.004363803399173174,0.0,0.006787330316742082,0.30000000000000004,0.6000000000000001,0.6000000000000001,0.2,60.0,20.0,55.0,0.2,0.1,0.30000000000000004,0.5,45.0,50.0,25.0,913,913,0,913,0.0,1.319834441905934,1.5,0.8798896279372893,495,0.5421686746987951,1.0,1
"iteration_3","SCOPE_DATA_COLLECTION",700,55,3370.0,3430.0,0,3997,3298,913,3935,3307,905,3996,3297,905,1,3,0,2.501876407305479E-4,9.090909090909091E-4,0.0,0.29558982629342395,0.7287294053001092,1.3161973154721034,0.5911796525868479,0.7287294053001092,0.8774648769814023,0.13338338338338337,0.4740673339399454,0.5403314917127072,97.5,100.0,4526,706,2976,4,0,0,8.837825894829872E-4,0.0,0.0,0.2,0.1,0.30000000000000004,0.5,45.0,50.0,25.0,0.4,0.6000000000000001,0.7000000000000001,0.9,30.0,85.0,75.0,3949,3943,6,3949,0.0015193719929095975,0.3238444899743916,0.5,0.6476889799487832,964,0.2444838955110322,1.0,1
"iteration_3","SCOPE_DATA_COLLECTION",700,55,3370.0,3430.0,1,3997,3298,913,3935,3307,905,3996,3297,905,1,3,0,2.501876407305479E-4,9.090909090909091E-4,0.0,0.29558982629342395,0.7287294053001092,1.3161973154721034,0.5911796525868479,0.7287294053001092,0.8774648769814023,0.13338338338338337,0.4740673339399454,0.5403314917127072,97.5,100.0,4526,706,2976,4,0,0,8.837825894829872E-4,0.0,0.0,0.2,0.1,0.30000000000000004,0.5,45.0,50.0,25.0,0.4,0.6000000000000001,0.7000000000000001,0.9,30.0,85.0,75.0,3237,3230,7,3237,0.002162496138399753,0.7489663051657985,1.0,0.7489663051657985,1566,0.4848297213622291,1.0,1
"iteration_3","SCOPE_DATA_COLLECTION",700,55,3370.0,3430.0,2,3997,3298,913,3935,3307,905,3996,3297,905,1,3,0,2.501876407305479E-4,9.090909090909091E-4,0.0,0.29558982629342395,0.7287294053001092,1.3161973154721034,0.5911796525868479,0.7287294053001092,0.8774648769814023,0.13338338338338337,0.4740673339399454,0.5403314917127072,97.5,100.0,4526,706,2976,4,0,0,8.837825894829872E-4,0.0,0.0,0.2,0.1,0.30000000000000004,0.5,45.0,50.0,25.0,0.4,0.6000000000000001,0.7000000000000001,0.9,30.0,85.0,75.0,867,853,14,867,0.016147635524798153,1.3197384383963406,1.5,0.8798256255975604,454,0.5322391559202814,1.0,1
"iteration_3","SCOPE_DATA_COLLECTION",700,56,3430.0,3490.0,0,3949,3237,867,3997,3298,913,3947,3231,854,6,7,14,0.0015178345560333923,0.0021618282890673254,0.016129032258064516,0.32363176815530575,0.7488620544832084,1.3165331659163022,0.6472635363106115,0.7488620544832084,0.8776887772775348,0.24448948568533063,0.4849891674404209,0.531615925058548,100.0,100.0,4426,1435,2192,25,2,0,0.005648441030275644,0.0013937282229965157,0.0,0.4,0.6000000000000001,0.7000000000000001,0.9,30.0,85.0,75.0,0.5,0.6000000000000001,0.8,0.9,20.0,75.0,85.0,3891,3888,3,3891,7.710100231303007E-4,0.3167873989256654,0.5,0.6335747978513308,980,0.25205761316872427,1.0,1
"iteration_3","SCOPE_DATA_COLLECTION",700,56,3430.0,3490.0,1,3949,3237,867,3997,3298,913,3947,3231,854,6,7,14,0.0015178345560333923,0.0021618282890673254,0.016129032258064516,0.32363176815530575,0.7488620544832084,1.3165331659163022,0.6472635363106115,0.7488620544832084,0.8776887772775348,0.24448948568533063,0.4849891674404209,0.531615925058548,100.0,100.0,4426,1435,2192,25,2,0,0.005648441030275644,0.0013937282229965157,0.0,0.4,0.6000000000000001,0.7000000000000001,0.9,30.0,85.0,75.0,0.5,0.6000000000000001,0.8,0.9,20.0,75.0,85.0,3338,3326,12,3338,0.0035949670461354103,0.7290373687325196,1.0,0.7290373687325196,1561,0.4693325315694528,1.0,1
"iteration_3","SCOPE_DATA_COLLECTION",700,56,3430.0,3490.0,2,3949,3237,867,3997,3298,913,3947,3231,854,6,7,14,0.0015178345560333923,0.0021618282890673254,0.016129032258064516,0.32363176815530575,0.7488620544832084,1.3165331659163022,0.6472635363106115,0.7488620544832084,0.8776887772775348,0.24448948568533063,0.4849891674404209,0.531615925058548,100.0,100.0,4426,1435,2192,25,2,0,0.005648441030275644,0.0013937282229965157,0.0,0.4,0.6000000000000001,0.7000000000000001,0.9,30.0,85.0,75.0,0.5,0.6000000000000001,0.8,0.9,20.0,75.0,85.0,926,917,9,926,0.009719222462203024,1.3273899924607615,1.5,0.8849266616405077,492,0.5365321701199564,1.0,1
"iteration_3","SCOPE_DATA_COLLECTION",700,57,3490.0,3550.0,0,3891,3338,926,3949,3237,867,3882,3310,925,3,11,9,7.722007722007722E-4,0.00331225534477567,0.009635974304068522,0.31612113156174676,0.7269107394099702,1.3367201998779794,0.6322422631234935,0.7269107394099702,0.891146799918653,0.2511591962905719,0.4670694864048338,0.5416216216216216,95.0,100.0,4299,1892,1964,21,2,0,0.004884856943475227,0.0010570824524312897,0.0,0.5,0.6000000000000001,0.8,0.9,20.0,75.0,85.0,0.5,0.5,0.9,0.9,30.0,75.0,75.0,3821,3818,3,3821,7.851347814708192E-4,0.3328522821944994,0.5,0.6657045643889988,1059,0.2773703509690938,1.0,1
"iteration_3","SCOPE_DATA_COLLECTION",700,57,3490.0,3550.0,1,3891,3338,926,3949,3237,867,3882,3310,925,3,11,9,7.722007722007722E-4,0.00331225534477567,0.009635974304068522,0.31612113156174676,0.7269107394099702,1.3367201998779794,0.6322422631234935,0.7269107394099702,0.891146799918653,0.2511591962905719,0.4670694864048338,0.5416216216216216,95.0,100.0,4299,1892,1964,21,2,0,0.004884856943475227,0.0010570824524312897,0.0,0.5,0.6000000000000001,0.8,0.9,20.0,75.0,85.0,0.5,0.5,0.9,0.9,30.0,75.0,75.0,3227,3220,7,3227,0.0021691973969631237,0.7495843798261496,1.0,0.7495843798261496,1572,0.48819875776397514,1.0,1
"iteration_3","SCOPE_DATA_COLLECTION",700,57,3490.0,3550.0,2,3891,3338,926,3949,3237,867,3882,3310,925,3,11,9,7.722007722007722E-4,0.00331225534477567,0.009635974304068522,0.31612113156174676,0.7269107394099702,1.3367201998779794,0.6322422631234935,0.7269107394099702,0.891146799918653,0.2511591962905719,0.4670694864048338,0.5416216216216216,95.0,100.0,4299,1892,1964,21,2,0,0.004884856943475227,0.0010570824524312897,0.0,0.5,0.6000000000000001,0.8,0.9,20.0,75.0,85.0,0.5,0.5,0.9,0.9,30.0,75.0,75.0,917,907,10,917,0.010905125408942203,1.316365198007816,1.5,0.8775767986718773,483,0.5325248070562293,1.0,1
"iteration_3","SCOPE_DATA_COLLECTION",700,58,3550.0,3619.4041139219526,0,3821,3227,917,3891,3338,926,3812,3236,905,3,8,10,7.863695937090433E-4,0.002466091245376079,0.01092896174863388,0.33280582599524455,0.7515596252201147,1.3098474813850565,0.6656116519904891,0.7515596252201147,0.8732316542567043,0.2770199370409234,0.4894932014833127,0.5292817679558011,92.5,100.0,4388,1795,1782,19,2,0,0.004329990884229718,0.0011142061281337048,0.0,0.5,0.5,0.9,0.9,30.0,75.0,75.0,0.55,0.6000000000000001,0.2,0.30000000000000004,90.0,55.0,40.0,3196,3183,1,3184,3.14070351758794E-4,0.31052226972927627,0.5,0.6210445394585525,778,0.24442349984291548,0.9962453066332916,0
"iteration_3","SCOPE_DATA_COLLECTION",700,58,3550.0,3619.4041139219526,1,3821,3227,917,3891,3338,926,3812,3236,905,3,8,10,7.863695937090433E-4,0.002466091245376079,0.01092896174863388,0.33280582599524455,0.7515596252201147,1.3098474813850565,0.6656116519904891,0.7515596252201147,0.8732316542567043,0.2770199370409234,0.4894932014833127,0.5292817679558011,92.5,100.0,4388,1795,1782,19,2,0,0.004329990884229718,0.0011142061281337048,0.0,0.5,0.5,0.9,0.9,30.0,75.0,75.0,0.55,0.6000000000000001,0.2,0.30000000000000004,90.0,55.0,40.0,2768,2724,5,2729,0.001832172957127153,0.6925061183167386,1.0,0.6925061183167386,1247,0.4577826725403818,0.9859104046242775,0
"iteration_3","SCOPE_DATA_COLLECTION",700,58,3550.0,3619.4041139219526,2,3821,3227,917,3891,3338,926,3812,3236,905,3,8,10,7.863695937090433E-4,0.002466091245376079,0.01092896174863388,0.33280582599524455,0.7515596252201147,1.3098474813850565,0.6656116519904891,0.7515596252201147,0.8732316542567043,0.2770199370409234,0.4894932014833127,0.5292817679558011,92.5,100.0,4388,1795,1782,19,2,0,0.004329990884229718,0.0011142061281337048,0.0,0.5,0.5,0.9,0.9,30.0,75.0,75.0,0.55,0.6000000000000001,0.2,0.30000000000000004,90.0,55.0,40.0,747,718,1,719,0.0013908205841446453,1.2895474970459873,1.5,0.8596983313639915,382,0.532033426183844,0.9625167336010709,0
"iteration_3","SCOPE_DATA_COLLECTION",800,0,70.0,130.0,0,4741,2987,919,0,0,0,4722,2938,886,2,10,9,4.233700254022015E-4,0.0033921302578018998,0.01005586592178771,0.3161259532305182,0.7293370813411951,1.2269110214398105,0.6322519064610364,0.7293370813411951,0.8179406809598736,0.25370605675561203,0.4700476514635807,0.48758465011286684,97.5,100.0,4543,2481,1623,21,0,0,0.004622496147919877,0.0,0.0,0.6,0.5,0.7,0.4,85.0,80.0,90.0,0.6,0.5,0.7,0.4,85.0,80.0,90.0,5147,5146,1,5147,1.9428793471925395E-4,0.3122054434749075,0.5,0.624410886949815,1372,0.266614846482705,1.0,1
"iteration_3","SCOPE_DATA_COLLECTION",800,0,70.0,130.0,1,4741,2987,919,0,0,0,4722,2938,886,2,10,9,4.233700254022015E-4,0.0033921302578018998,0.01005586592178771,0.3161259532305182,0.7293370813411951,1.2269110214398105,0.6322519064610364,0.7293370813411951,0.8179406809598736,0.25370605675561203,0.4700476514635807,0.48758465011286684,97.5,100.0,4543,2481,1623,21,0,0,0.004622496147919877,0.0,0.0,0.6,0.5,0.7,0.4,85.0,80.0,90.0,0.6,0.5,0.7,0.4,85.0,80.0,90.0,3326,3315,11,3326,0.003307276007215875,0.7034597965867662,1.0,0.7034597965867662,1477,0.4455505279034691,1.0,1
"iteration_3","SCOPE_DATA_COLLECTION",800,0,70.0,130.0,2,4741,2987,919,0,0,0,4722,2938,886,2,10,9,4.233700254022015E-4,0.0033921302578018998,0.01005586592178771,0.3161259532305182,0.7293370813411951,1.2269110214398105,0.6322519064610364,0.7293370813411951,0.8179406809598736,0.25370605675561203,0.4700476514635807,0.48758465011286684,97.5,100.0,4543,2481,1623,21,0,0,0.004622496147919877,0.0,0.0,0.6,0.5,0.7,0.4,85.0,80.0,90.0,0.6,0.5,0.7,0.4,85.0,80.0,90.0,1080,1064,16,1080,0.014814814814814815,1.23119774814107,1.5,0.8207984987607134,515,0.48402255639097747,1.0,1
"iteration_3","SCOPE_DATA_COLLECTION",800,1,130.0,190.0,0,5147,3326,1080,4741,2987,919,5135,3319,1063,1,11,16,1.9470404984423675E-4,0.003303303303303303,0.014828544949026877,0.3115267759623412,0.7014383202270209,1.2317834742454765,0.6230535519246824,0.7014383202270209,0.8211889828303177,0.26582278481012656,0.4453148538716481,0.48447789275634995,97.5,100.0,4704,2922,1927,27,1,0,0.005739795918367347,3.4223134839151266E-4,0.0,0.6,0.5,0.7,0.4,85.0,80.0,90.0,0.75,0.7000000000000001,0.5,0.2,75.0,45.0,80.0,5091,5087,4,5091,7.85700255352583E-4,0.32944961705371334,0.5,0.6588992341074267,1506,0.2960487517200708,1.0,1
"iteration_3","SCOPE_DATA_COLLECTION",800,1,130.0,190.0,1,5147,3326,1080,4741,2987,919,5135,3319,1063,1,11,16,1.9470404984423675E-4,0.003303303303303303,0.014828544949026877,0.3115267759623412,0.7014383202270209,1.2317834742454765,0.6230535519246824,0.7014383202270209,0.8211889828303177,0.26582278481012656,0.4453148538716481,0.48447789275634995,97.5,100.0,4704,2922,1927,27,1,0,0.005739795918367347,3.4223134839151266E-4,0.0,0.6,0.5,0.7,0.4,85.0,80.0,90.0,0.75,0.7000000000000001,0.5,0.2,75.0,45.0,80.0,3313,3304,9,3313,0.0027165710836100213,0.7079322150565283,1.0,0.7079322150565283,1482,0.44854721549636806,1.0,1
"iteration_3","SCOPE_DATA_COLLECTION",800,1,130.0,190.0,2,5147,3326,1080,4741,2987,919,5135,3319,1063,1,11,16,1.9470404984423675E-4,0.003303303303303303,0.014828544949026877,0.3115267759623412,0.7014383202270209,1.2317834742454765,0.6230535519246824,0.7014383202270209,0.8211889828303177,0.26582278481012656,0.4453148538716481,0.48447789275634995,97.5,100.0,4704,2922,1927,27,1,0,0.005739795918367347,3.4223134839151266E-4,0.0,0.6,0.5,0.7,0.4,85.0,80.0,90.0,0.75,0.7000000000000001,0.5,0.2,75.0,45.0,80.0,1082,1076,6,1082,0.005545286506469501,1.199334193113501,1.5,0.7995561287423341,514,0.47769516728624534,1.0,1
"iteration_3","SCOPE_DATA_COLLECTION",800,2,190.0,250.0,0,5091,3313,1082,5147,3326,1080,5083,3302,1076,4,9,6,7.863180656575585E-4,0.002718212020537602,0.005545286506469501,0.32889174947968847,0.7092529438876435,1.1986216293729568,0.6577834989593769,0.7092529438876435,0.7990810862486378,0.29588825496753884,0.45003028467595396,0.4758364312267658,100.0,100.0,4677,3587,1222,16,3,0,0.003420996365191362,8.363534987454698E-4,0.0,0.75,0.7000000000000001,0.5,0.2,75.0,45.0,80.0,0.65,0.8,0.5,0.30000000000000004,85.0,45.0,70.0,5105,5103,2,5105,3.917727717923604E-4,0.3300610155409954,0.5,0.6601220310819907,1478,0.2896335488928082,1.0,1
"iteration_3","SCOPE_DATA_COLLECTION",800,2,190.0,250.0,1,5091,3313,1082,5147,3326,1080,5083,3302,1076,4,9,6,7.863180656575585E-4,0.002718212020537602,0.005545286506469501,0.32889174947968847,0.7092529438876435,1.1986216293729568,0.6577834989593769,0.7092529438876435,0.7990810862486378,0.29588825496753884,0.45003028467595396,0.4758364312267658,100.0,100.0,4677,3587,1222,16,3,0,0.003420996365191362,8.363534987454698E-4,0.0,0.75,0.7000000000000001,0.5,0.2,75.0,45.0,80.0,0.65,0.8,0.5,0.30000000000000004,85.0,45.0,70.0,3390,3384,6,3390,0.0017699115044247787,0.7087410650054542,1.0,0.7087410650054542,1493,0.44119385342789597,1.0,1
"iteration_3","SCOPE_DATA_COLLECTION",800,2,190.0,250.0,2,5091,3313,1082,5147,3326,1080,5083,3302,1076,4,9,6,7.863180656575585E-4,0.002718212020537602,0.005545286506469501,0.32889174947968847,0.7092529438876435,1.1986216293729568,0.6577834989593769,0.7092529438876435,0.7990810862486378,0.29588825496753884,0.45003028467595396,0.4758364312267658,100.0,100.0,4677,3587,1222,16,3,0,0.003420996365191362,8.363534987454698E-4,0.0,0.75,0.7000000000000001,0.5,0.2,75.0,45.0,80.0,0.65,0.8,0.5,0.30000000000000004,85.0,45.0,70.0,1068,1065,3,1068,0.0028089887640449437,1.1723519629369248,1.5,0.7815679752912832,489,0.4591549295774648,1.0,1
"iteration_3","SCOPE_DATA_COLLECTION",800,3,250.0,310.0,0,5105,3390,1068,5091,3313,1082,5107,3375,1068,2,6,3,3.9146604032100216E-4,0.001774622892635315,0.0028011204481792717,0.3298585413460019,0.705874114662169,1.1732285621183782,0.6597170826920038,0.705874114662169,0.7821523747455855,0.2882318386528295,0.4391111111111111,0.4606741573033708,97.5,100.0,4761,3166,1636,9,2,0,0.001890359168241966,6.317119393556538E-4,0.0,0.65,0.8,0.5,0.30000000000000004,85.0,45.0,70.0,0.65,0.8,0.5,0.30000000000000004,85.0,45.0,70.0,5044,5039,5,5044,9.912767644726407E-4,0.3260196307507343,0.5,0.6520392615014686,1483,0.2943044254812463,1.0,1
"iteration_3","SCOPE_DATA_COLLECTION",800,3,250.0,310.0,1,5105,3390,1068,5091,3313,1082,5107,3375,1068,2,6,3,3.9146604032100216E-4,0.001774622892635315,0.0028011204481792717,0.3298585413460019,0.705874114662169,1.1732285621183782,0.6597170826920038,0.705874114662169,0.7821523747455855,0.2882318386528295,0.4391111111111111,0.4606741573033708,97.5,100.0,4761,3166,1636,9,2,0,0.001890359168241966,6.317119393556538E-4,0.0,0.65,0.8,0.5,0.30000000000000004,85.0,45.0,70.0,0.65,0.8,0.5,0.30000000000000004,85.0,45.0,70.0,3415,3407,8,3415,0.002342606149341142,0.7060015664109524,1.0,0.7060015664109524,1507,0.44232462577047255,1.0,1
"iteration_3","SCOPE_DATA_COLLECTION",800,3,250.0,310.0,2,5105,3390,1068,5091,3313,1082,5107,3375,1068,2,6,3,3.9146604032100216E-4,0.001774622892635315,0.0028011204481792717,0.3298585413460019,0.705874114662169,1.1732285621183782,0.6597170826920038,0.705874114662169,0.7821523747455855,0.2882318386528295,0.4391111111111111,0.4606741573033708,97.5,100.0,4761,3166,1636,9,2,0,0.001890359168241966,6.317119393556538E-4,0.0,0.65,0.8,0.5,0.30000000000000004,85.0,45.0,70.0,0.65,0.8,0.5,0.30000000000000004,85.0,45.0,70.0,1029,1019,10,1029,0.009718172983479106,1.283554571033217,1.5,0.855703047355478,524,0.5142296368989205,1.0,1
"iteration_3","SCOPE_DATA_COLLECTION",800,4,310.0,370.0,0,5044,3415,1029,5105,3390,1068,5043,3417,1015,5,8,10,9.904912836767037E-4,0.0023357664233576644,0.00975609756097561,0.327266546764267,0.7098078420974661,1.280643252196599,0.654533093528534,0.7098078420974661,0.853762168131066,0.2972437041443585,0.44512730465320455,0.5123152709359606,100.0,100.0,4644,3190,1654,21,2,0,0.004521963824289405,6.269592476489029E-4,0.0,0.65,0.8,0.5,0.30000000000000004,85.0,45.0,70.0,0.65,0.9,0.4,0.2,95.0,35.0,70.0,4972,4969,3,4972,6.033789219629927E-4,0.3188587836678661,0.5,0.6377175673357321,1346,0.2708794526061582,1.0,1
"iteration_3","SCOPE_DATA_COLLECTION",800,4,310.0,370.0,1,5044,3415,1029,5105,3390,1068,5043,3417,1015,5,8,10,9.904912836767037E-4,0.0023357664233576644,0.00975609756097561,0.327266546764267,0.7098078420974661,1.280643252196599,0.654533093528534,0.7098078420974661,0.853762168131066,0.2972437041443585,0.44512730465320455,0.5123152709359606,100.0,100.0,4644,3190,1654,21,2,0,0.004521963824289405,6.269592476489029E-4,0.0,0.65,0.8,0.5,0.30000000000000004,85.0,45.0,70.0,0.65,0.9,0.4,0.2,95.0,35.0,70.0,3310,3305,5,3310,0.0015105740181268882,0.7076170936454009,1.0,0.7076170936454009,1504,0.4550680786686838,1.0,1
"iteration_3","SCOPE_DATA_COLLECTION",800,4,310.0,370.0,2,5044,3415,1029,5105,3390,1068,5043,3417,1015,5,8,10,9.904912836767037E-4,0.0023357664233576644,0.00975609756097561,0.327266546764267,0.7098078420974661,1.280643252196599,0.654533093528534,0.7098078420974661,0.853762168131066,0.2972437041443585,0.44512730465320455,0.5123152709359606,100.0,100.0,4644,3190,1654,21,2,0,0.004521963824289405,6.269592476489029E-4,0.0,0.65,0.8,0.5,0.30000000000000004,85.0,45.0,70.0,0.65,0.9,0.4,0.2,95.0,35.0,70.0,996,987,9,996,0.009036144578313253,1.2393168542963113,1.5,0.8262112361975409,494,0.5005065856129686,1.0,1
"iteration_3","SCOPE_DATA_COLLECTION",800,5,370.0,430.0,0,4972,3310,996,5044,3415,1029,4965,3294,993,3,5,9,6.038647342995169E-4,0.001515610791148833,0.008982035928143712,0.31843510964273813,0.7047165570993849,1.2425518877548458,0.6368702192854763,0.7047165570993849,0.8283679251698972,0.2692849949647533,0.45294474802671525,0.5025176233635448,97.5,100.0,4622,3091,1565,15,2,0,0.003245348334054522,6.470397929472663E-4,0.0,0.65,0.9,0.4,0.2,95.0,35.0,70.0,0.55,0.8,0.4,0.2,95.0,35.0,60.0,5196,5191,5,5196,9.62278675904542E-4,0.3277741079474813,0.5,0.6555482158949626,1545,0.2976305143517627,1.0,1
"iteration_3","SCOPE_DATA_COLLECTION",800,5,370.0,430.0,1,4972,3310,996,5044,3415,1029,4965,3294,993,3,5,9,6.038647342995169E-4,0.001515610791148833,0.008982035928143712,0.31843510964273813,0.7047165570993849,1.2425518877548458,0.6368702192854763,0.7047165570993849,0.8283679251698972,0.2692849949647533,0.45294474802671525,0.5025176233635448,97.5,100.0,4622,3091,1565,15,2,0,0.003245348334054522,6.470397929472663E-4,0.0,0.65,0.9,0.4,0.2,95.0,35.0,70.0,0.55,0.8,0.4,0.2,95.0,35.0,60.0,3338,3329,9,3338,0.0026962252846015576,0.7099875312674089,1.0,0.7099875312674089,1514,0.45479122859717636,1.0,1
"iteration_3","SCOPE_DATA_COLLECTION",800,5,370.0,430.0,2,4972,3310,996,5044,3415,1029,4965,3294,993,3,5,9,6.038647342995169E-4,0.001515610791148833,0.008982035928143712,0.31843510964273813,0.7047165570993849,1.2425518877548458,0.6368702192854763,0.7047165570993849,0.8283679251698972,0.2692849949647533,0.45294474802671525,0.5025176233635448,97.5,100.0,4622,3091,1565,15,2,0,0.003245348334054522,6.470397929472663E-4,0.0,0.65,0.9,0.4,0.2,95.0,35.0,70.0,0.55,0.8,0.4,0.2,95.0,35.0,60.0,1067,1063,4,1067,0.0037488284910965324,1.1873051480610732,1.5,0.7915367653740488,500,0.4703668861712135,1.0,1
"iteration_3","SCOPE_DATA_COLLECTION",800,6,430.0,490.0,0,5196,3338,1067,4972,3310,996,5185,3340,1063,5,9,4,9.633911368015414E-4,0.0026873693639892504,0.0037488284910965324,0.32740501466340716,0.7121817853220069,1.1883391644508394,0.6548100293268143,0.7121817853220069,0.792226109633893,0.29720347155255544,0.4562874251497006,0.4703668861712135,100.0,100.0,4693,2681,2227,15,3,0,0.0031962497336458554,0.0011189854531891085,0.0,0.55,0.8,0.4,0.2,95.0,35.0,60.0,0.55,0.8,0.4,0.2,95.0,35.0,60.0,5017,5013,4,5017,7.972892166633447E-4,0.3244473618976195,0.5,0.648894723795239,1462,0.2916417314981049,1.0,1
"iteration_3","SCOPE_DATA_COLLECTION",800,6,430.0,490.0,1,5196,3338,1067,4972,3310,996,5185,3340,1063,5,9,4,9.633911368015414E-4,0.0026873693639892504,0.0037488284910965324,0.32740501466340716,0.7121817853220069,1.1883391644508394,0.6548100293268143,0.7121817853220069,0.792226109633893,0.29720347155255544,0.4562874251497006,0.4703668861712135,100.0,100.0,4693,2681,2227,15,3,0,0.0031962497336458554,0.0011189854531891085,0.0,0.55,0.8,0.4,0.2,95.0,35.0,60.0,0.55,0.8,0.4,0.2,95.0,35.0,60.0,3425,3420,5,3425,0.00145985401459854,0.6963491964001307,1.0,0.6963491964001307,1527,0.44649122807017544,1.0,1
"iteration_3","SCOPE_DATA_COLLECTION",800,6,430.0,490.0,2,5196,3338,1067,4972,3310,996,5185,3340,1063,5,9,4,9.633911368015414E-4,0.0026873693639892504,0.0037488284910965324,0.32740501466340716,0.7121817853220069,1.1883391644508394,0.6548100293268143,0.7121817853220069,0.792226109633893,0.29720347155255544,0.4562874251497006,0.4703668861712135,100.0,100.0,4693,2681,2227,15,3,0,0.0031962497336458554,0.0011189854531891085,0.0,0.55,0.8,0.4,0.2,95.0,35.0,60.0,0.55,0.8,0.4,0.2,95.0,35.0,60.0,1062,1059,3,1062,0.002824858757062147,1.2426301354717686,1.5,0.8284200903145124,527,0.4976392823418319,1.0,1
"iteration_3","SCOPE_DATA_COLLECTION",800,7,490.0,550.0,0,5017,3425,1062,5196,3338,1067,5022,3419,1057,4,5,3,7.958615200955034E-4,0.0014602803738317756,0.002830188679245283,0.32483797574446444,0.6961899778037568,1.246133460869885,0.6496759514889289,0.6961899778037568,0.8307556405799233,0.2921146953405018,0.44515940333430826,0.49952696310312206,100.0,100.0,4642,2673,2189,9,3,0,0.001938819474364498,0.001122334455667789,0.0,0.55,0.8,0.4,0.2,95.0,35.0,60.0,0.65,0.8,0.4,0.1,85.0,35.0,70.0,5148,5145,3,5148,5.827505827505828E-4,0.3149360537438265,0.5,0.629872107487653,1360,0.26433430515063167,1.0,1
"iteration_3","SCOPE_DATA_COLLECTION",800,7,490.0,550.0,1,5017,3425,1062,5196,3338,1067,5022,3419,1057,4,5,3,7.958615200955034E-4,0.0014602803738317756,0.002830188679245283,0.32483797574446444,0.6961899778037568,1.246133460869885,0.6496759514889289,0.6961899778037568,0.8307556405799233,0.2921146953405018,0.44515940333430826,0.49952696310312206,100.0,100.0,4642,2673,2189,9,3,0,0.001938819474364498,0.001122334455667789,0.0,0.55,0.8,0.4,0.2,95.0,35.0,60.0,0.65,0.8,0.4,0.1,85.0,35.0,70.0,3391,3387,4,3391,0.0011795930404010617,0.6742053787068484,1.0,0.6742053787068484,1438,0.4245645113669914,1.0,1
"iteration_3","SCOPE_DATA_COLLECTION",800,7,490.0,550.0,2,5017,3425,1062,5196,3338,1067,5022,3419,1057,4,5,3,7.958615200955034E-4,0.0014602803738317756,0.002830188679245283,0.32483797574446444,0.6961899778037568,1.246133460869885,0.6496759514889289,0.6961899778037568,0.8307556405799233,0.2921146953405018,0.44515940333430826,0.49952696310312206,100.0,100.0,4642,2673,2189,9,3,0,0.001938819474364498,0.001122334455667789,0.0,0.55,0.8,0.4,0.2,95.0,35.0,60.0,0.65,0.8,0.4,0.1,85.0,35.0,70.0,1066,1064,2,1066,0.001876172607879925,1.179394480753072,1.5,0.7862629871687147,503,0.47274436090225563,1.0,1
"iteration_3","SCOPE_DATA_COLLECTION",800,8,550.0,610.0,0,5148,3391,1066,5017,3425,1062,5155,3387,1068,3,4,2,5.816207832493214E-4,0.0011795930404010617,0.001869158878504673,0.31509067178060723,0.6747215347028422,1.1779750449881514,0.6301813435612145,0.6747215347028422,0.7853166966587676,0.2653734238603298,0.42515500442869797,0.47191011235955055,100.0,100.0,4643,3195,1767,8,1,0,0.0017230239069567091,3.1298904538341156E-4,0.0,0.65,0.8,0.4,0.1,85.0,35.0,70.0,0.75,0.30000000000000004,0.4,0.1,20.0,20.0,95.0,4997,4990,7,4997,0.0014008405043025814,0.30283506310002334,0.5,0.6056701262000467,1197,0.2398797595190381,1.0,1
"iteration_3","SCOPE_DATA_COLLECTION",800,8,550.0,610.0,1,5148,3391,1066,5017,3425,1062,5155,3387,1068,3,4,2,5.816207832493214E-4,0.0011795930404010617,0.001869158878504673,0.31509067178060723,0.6747215347028422,1.1779750449881514,0.6301813435612145,0.6747215347028422,0.7853166966587676,0.2653734238603298,0.42515500442869797,0.47191011235955055,100.0,100.0,4643,3195,1767,8,1,0,0.0017230239069567091,3.1298904538341156E-4,0.0,0.65,0.8,0.4,0.1,85.0,35.0,70.0,0.75,0.30000000000000004,0.4,0.1,20.0,20.0,95.0,3313,3308,5,3313,0.001509206157561123,0.6988343050958915,1.0,0.6988343050958915,1497,0.4525392986698912,1.0,1
"iteration_3","SCOPE_DATA_COLLECTION",800,8,550.0,610.0,2,5148,3391,1066,5017,3425,1062,5155,3387,1068,3,4,2,5.816207832493214E-4,0.0011795930404010617,0.001869158878504673,0.31509067178060723,0.6747215347028422,1.1779750449881514,0.6301813435612145,0.6747215347028422,0.7853166966587676,0.2653734238603298,0.42515500442869797,0.47191011235955055,100.0,100.0,4643,3195,1767,8,1,0,0.0017230239069567091,3.1298904538341156E-4,0.0,0.65,0.8,0.4,0.1,85.0,35.0,70.0,0.75,0.30000000000000004,0.4,0.1,20.0,20.0,95.0,1067,1065,2,1067,0.0018744142455482662,1.169581285517036,1.5,0.7797208570113573,500,0.4694835680751174,1.0,1
"iteration_3","SCOPE_DATA_COLLECTION",800,9,610.0,670.0,0,4997,3313,1067,5148,3391,1066,4990,3306,1059,7,5,2,0.0014008405043025814,0.0015101177891875567,0.001885014137606032,0.3038098021775769,0.700377619891372,1.1666322698243645,0.6076196043551538,0.700377619891372,0.7777548465495764,0.2410821643286573,0.45462794918330307,0.46742209631728043,100.0,100.0,4640,3575,1162,9,5,0,0.001939655172413793,0.0013986013986013986,0.0,0.75,0.30000000000000004,0.4,0.1,20.0,20.0,95.0,0.55,0.2,0.8,0.7000000000000001,70.0,85.0,65.0,5037,5031,6,5037,0.0011911852293031567,0.2955344351898311,0.5,0.5910688703796622,1021,0.20294176108129597,1.0,1
"iteration_3","SCOPE_DATA_COLLECTION",800,9,610.0,670.0,1,4997,3313,1067,5148,3391,1066,4990,3306,1059,7,5,2,0.0014008405043025814,0.0015101177891875567,0.001885014137606032,0.3038098021775769,0.700377619891372,1.1666322698243645,0.6076196043551538,0.700377619891372,0.7777548465495764,0.2410821643286573,0.45462794918330307,0.46742209631728043,100.0,100.0,4640,3575,1162,9,5,0,0.001939655172413793,0.0013986013986013986,0.0,0.75,0.30000000000000004,0.4,0.1,20.0,20.0,95.0,0.55,0.2,0.8,0.7000000000000001,70.0,85.0,65.0,3399,3396,3,3399,8.8261253309797E-4,0.707594380703064,1.0,0.707594380703064,1560,0.45936395759717313,1.0,1
"iteration_3","SCOPE_DATA_COLLECTION",800,9,610.0,670.0,2,4997,3313,1067,5148,3391,1066,4990,3306,1059,7,5,2,0.0014008405043025814,0.0015101177891875567,0.001885014137606032,0.3038098021775769,0.700377619891372,1.1666322698243645,0.6076196043551538,0.700377619891372,0.7777548465495764,0.2410821643286573,0.45462794918330307,0.46742209631728043,100.0,100.0,4640,3575,1162,9,5,0,0.001939655172413793,0.0013986013986013986,0.0,0.75,0.30000000000000004,0.4,0.1,20.0,20.0,95.0,0.55,0.2,0.8,0.7000000000000001,70.0,85.0,65.0,1041,1025,16,1041,0.01536983669548511,1.2459968595173032,1.5,0.8306645730115355,507,0.4946341463414634,1.0,1
"iteration_3","SCOPE_DATA_COLLECTION",800,10,670.0,730.0,0,5037,3399,1041,4997,3313,1067,5031,3390,1026,6,3,16,0.0011911852293031567,8.841732979664014E-4,0.015355086372360844,0.29516021070177695,0.7035447454779927,1.2396264463147655,0.5903204214035539,0.7035447454779927,0.8264176308765103,0.20214669051878353,0.4557522123893805,0.4922027290448343,100.0,100.0,4825,2635,2017,22,3,0,0.004559585492227979,0.0011385199240986717,0.0,0.55,0.2,0.8,0.7000000000000001,70.0,85.0,65.0,0.55,0.2,0.8,0.7000000000000001,70.0,85.0,65.0,5271,5266,5,5271,9.485866059571238E-4,0.29784652112764176,0.5,0.5956930422552835,1142,0.2168628940372199,1.0,1
"iteration_3","SCOPE_DATA_COLLECTION",800,10,670.0,730.0,1,5037,3399,1041,4997,3313,1067,5031,3390,1026,6,3,16,0.0011911852293031567,8.841732979664014E-4,0.015355086372360844,0.29516021070177695,0.7035447454779927,1.2396264463147655,0.5903204214035539,0.7035447454779927,0.8264176308765103,0.20214669051878353,0.4557522123893805,0.4922027290448343,100.0,100.0,4825,2635,2017,22,3,0,0.004559585492227979,0.0011385199240986717,0.0,0.55,0.2,0.8,0.7000000000000001,70.0,85.0,65.0,0.55,0.2,0.8,0.7000000000000001,70.0,85.0,65.0,3410,3395,15,3410,0.004398826979472141,0.7061642516789063,1.0,0.7061642516789063,1535,0.4521354933726068,1.0,1
"iteration_3","SCOPE_DATA_COLLECTION",800,10,670.0,730.0,2,5037,3399,1041,4997,3313,1067,5031,3390,1026,6,3,16,0.0011911852293031567,8.841732979664014E-4,0.015355086372360844,0.29516021070177695,0.7035447454779927,1.2396264463147655,0.5903204214035539,0.7035447454779927,0.8264176308765103,0.20214669051878353,0.4557522123893805,0.4922027290448343,100.0,100.0,4825,2635,2017,22,3,0,0.004559585492227979,0.0011385199240986717,0.0,0.55,0.2,0.8,0.7000000000000001,70.0,85.0,65.0,0.55,0.2,0.8,0.7000000000000001,70.0,85.0,65.0,1037,1025,12,1037,0.011571841851494697,1.198661015242986,1.5,0.799107343495324,485,0.47317073170731705,1.0,1
"iteration_3","SCOPE_DATA_COLLECTION",800,11,730.0,790.0,0,5271,3410,1037,5037,3399,1041,5258,3404,1024,5,15,12,9.500285008550256E-4,0.004387247733255338,0.011583011583011582,0.2976985070591095,0.70801958250904,1.2074752759821783,0.595397014118219,0.70801958250904,0.8049835173214522,0.21738303537466716,0.45299647473560517,0.4775390625,97.5,100.0,4911,2606,2201,30,2,0,0.006108735491753207,7.674597083653108E-4,0.0,0.55,0.2,0.8,0.7000000000000001,70.0,85.0,65.0,0.9,0.4,0.6000000000000001,0.7000000000000001,60.0,55.0,45.0,5143,5130,13,5143,0.0025277075636787865,0.3134706762584986,0.5,0.6269413525169972,1301,0.2536062378167641,1.0,1
"iteration_3","SCOPE_DATA_COLLECTION",800,11,730.0,790.0,1,5271,3410,1037,5037,3399,1041,5258,3404,1024,5,15,12,9.500285008550256E-4,0.004387247733255338,0.011583011583011582,0.2976985070591095,0.70801958250904,1.2074752759821783,0.595397014118219,0.70801958250904,0.8049835173214522,0.21738303537466716,0.45299647473560517,0.4775390625,97.5,100.0,4911,2606,2201,30,2,0,0.006108735491753207,7.674597083653108E-4,0.0,0.55,0.2,0.8,0.7000000000000001,70.0,85.0,65.0,0.9,0.4,0.6000000000000001,0.7000000000000001,60.0,55.0,45.0,3376,3366,10,3376,0.002962085308056872,0.7042108467043895,1.0,0.7042108467043895,1514,0.44979203802733214,1.0,1
"iteration_3","SCOPE_DATA_COLLECTION",800,11,730.0,790.0,2,5271,3410,1037,5037,3399,1041,5258,3404,1024,5,15,12,9.500285008550256E-4,0.004387247733255338,0.011583011583011582,0.2976985070591095,0.70801958250904,1.2074752759821783,0.595397014118219,0.70801958250904,0.8049835173214522,0.21738303537466716,0.45299647473560517,0.4775390625,97.5,100.0,4911,2606,2201,30,2,0,0.006108735491753207,7.674597083653108E-4,0.0,0.55,0.2,0.8,0.7000000000000001,70.0,85.0,65.0,0.9,0.4,0.6000000000000001,0.7000000000000001,60.0,55.0,45.0,1054,1043,11,1054,0.010436432637571158,1.229815703116234,1.5,0.8198771354108226,503,0.4822627037392138,1.0,1
"iteration_3","SCOPE_DATA_COLLECTION",800,12,790.0,850.0,0,5143,3376,1054,5271,3410,1037,5125,3380,1039,13,10,11,0.00253016738030362,0.0029498525073746312,0.010476190476190476,0.31336099822976254,0.7058406956270068,1.2253619297089677,0.6267219964595251,0.7058406956270068,0.8169079531393119,0.25326829268292683,0.4514792899408284,0.480269489894129,100.0,100.0,4741,4338,494,32,2,0,0.006749630879561274,4.610419548178884E-4,0.0,0.9,0.4,0.6000000000000001,0.7000000000000001,60.0,55.0,45.0,0.8,0.1,0.30000000000000004,0.1,75.0,70.0,50.0,5157,5151,6,5157,0.0011634671320535194,0.30334316756763013,0.5,0.6066863351352603,1112,0.2158804115705688,1.0,1
"iteration_3","SCOPE_DATA_COLLECTION",800,12,790.0,850.0,1,5143,3376,1054,5271,3410,1037,5125,3380,1039,13,10,11,0.00253016738030362,0.0029498525073746312,0.010476190476190476,0.31336099822976254,0.7058406956270068,1.2253619297089677,0.6267219964595251,0.7058406956270068,0.8169079531393119,0.25326829268292683,0.4514792899408284,0.480269489894129,100.0,100.0,4741,4338,494,32,2,0,0.006749630879561274,4.610419548178884E-4,0.0,0.9,0.4,0.6000000000000001,0.7000000000000001,60.0,55.0,45.0,0.8,0.1,0.30000000000000004,0.1,75.0,70.0,50.0,3222,3218,4,3222,0.0012414649286157666,0.7141372246465941,1.0,0.7141372246465941,1484,0.46115599751398384,1.0,1
"iteration_3","SCOPE_DATA_COLLECTION",800,12,790.0,850.0,2,5143,3376,1054,5271,3410,1037,5125,3380,1039,13,10,11,0.00253016738030362,0.0029498525073746312,0.010476190476190476,0.31336099822976254,0.7058406956270068,1.2253619297089677,0.6267219964595251,0.7058406956270068,0.8169079531393119,0.25326829268292683,0.4514792899408284,0.480269489894129,100.0,100.0,4741,4338,494,32,2,0,0.006749630879561274,4.610419548178884E-4,0.0,0.9,0.4,0.6000000000000001,0.7000000000000001,60.0,55.0,45.0,0.8,0.1,0.30000000000000004,0.1,75.0,70.0,50.0,1115,1111,4,1115,0.003587443946188341,1.2317179213964624,1.5,0.8211452809309749,555,0.49954995499549953,1.0,1
"iteration_3","SCOPE_DATA_COLLECTION",800,13,850.0,910.0,0,5157,3222,1115,5143,3376,1054,5157,3210,1114,6,4,4,0.0011621150493898896,0.0012445550715619166,0.0035778175313059034,0.30378222437340413,0.7144286307417529,1.2326380799419512,0.6075644487468083,0.7144286307417529,0.8217587199613008,0.2169866201279814,0.461993769470405,0.4991023339317774,100.0,100.0,4870,3663,961,10,4,0,0.002053388090349076,0.001092001092001092,0.0,0.8,0.1,0.30000000000000004,0.1,75.0,70.0,50.0,0.8,0.1,0.30000000000000004,0.1,75.0,70.0,50.0,4873,4868,5,4873,0.0010260619741432383,0.3038385534729359,0.5,0.6076771069458718,1058,0.21733771569433033,1.0,1
"iteration_3","SCOPE_DATA_COLLECTION",800,13,850.0,910.0,1,5157,3222,1115,5143,3376,1054,5157,3210,1114,6,4,4,0.0011621150493898896,0.0012445550715619166,0.0035778175313059034,0.30378222437340413,0.7144286307417529,1.2326380799419512,0.6075644487468083,0.7144286307417529,0.8217587199613008,0.2169866201279814,0.461993769470405,0.4991023339317774,100.0,100.0,4870,3663,961,10,4,0,0.002053388090349076,0.001092001092001092,0.0,0.8,0.1,0.30000000000000004,0.1,75.0,70.0,50.0,0.8,0.1,0.30000000000000004,0.1,75.0,70.0,50.0,3295,3291,4,3295,0.0012139605462822458,0.7040106195900466,1.0,0.7040106195900466,1531,0.46520814342145245,1.0,1
"iteration_3","SCOPE_DATA_COLLECTION",800,13,850.0,910.0,2,5157,3222,1115,5143,3376,1054,5157,3210,1114,6,4,4,0.0011621150493898896,0.0012445550715619166,0.0035778175313059034,0.30378222437340413,0.7144286307417529,1.2326380799419512,0.6075644487468083,0.7144286307417529,0.8217587199613008,0.2169866201279814,0.461993769470405,0.4991023339317774,100.0,100.0,4870,3663,961,10,4,0,0.002053388090349076,0.001092001092001092,0.0,0.8,0.1,0.30000000000000004,0.1,75.0,70.0,50.0,0.8,0.1,0.30000000000000004,0.1,75.0,70.0,50.0,1051,1048,3,1051,0.0028544243577545195,1.2554570408893186,1.5,0.8369713605928791,535,0.5104961832061069,1.0,1
"iteration_3","SCOPE_DATA_COLLECTION",800,14,910.0,970.0,0,4873,3295,1051,5157,3222,1115,4876,3280,1047,5,4,3,0.001024380249948781,0.001218026796589525,0.002857142857142857,0.30383146095999863,0.7026049667126409,1.255675657974456,0.6076629219199973,0.7026049667126409,0.8371171053163039,0.2165709598031173,0.4634146341463415,0.5109837631327603,97.5,100.0,4765,3552,902,10,2,0,0.002098635886673662,5.630630630630631E-4,0.0,0.8,0.1,0.30000000000000004,0.1,75.0,70.0,50.0,0.8,0.1,0.30000000000000004,0.1,75.0,70.0,50.0,5044,5040,4,5044,7.930214115781126E-4,0.30405551283628285,0.5,0.6081110256725657,1101,0.21845238095238095,1.0,1
"iteration_3","SCOPE_DATA_COLLECTION",800,14,910.0,970.0,1,4873,3295,1051,5157,3222,1115,4876,3280,1047,5,4,3,0.001024380249948781,0.001218026796589525,0.002857142857142857,0.30383146095999863,0.7026049667126409,1.255675657974456,0.6076629219199973,0.7026049667126409,0.8371171053163039,0.2165709598031173,0.4634146341463415,0.5109837631327603,97.5,100.0,4765,3552,902,10,2,0,0.002098635886673662,5.630630630630631E-4,0.0,0.8,0.1,0.30000000000000004,0.1,75.0,70.0,50.0,0.8,0.1,0.30000000000000004,0.1,75.0,70.0,50.0,3417,3414,3,3417,8.77963125548727E-4,0.7041794265734053,1.0,0.7041794265734053,1561,0.45723491505565317,1.0,1
"iteration_3","SCOPE_DATA_COLLECTION",800,14,910.0,970.0,2,4873,3295,1051,5157,3222,1115,4876,3280,1047,5,4,3,0.001024380249948781,0.001218026796589525,0.002857142857142857,0.30383146095999863,0.7026049667126409,1.255675657974456,0.6076629219199973,0.7026049667126409,0.8371171053163039,0.2165709598031173,0.4634146341463415,0.5109837631327603,97.5,100.0,4765,3552,902,10,2,0,0.002098635886673662,5.630630630630631E-4,0.0,0.8,0.1,0.30000000000000004,0.1,75.0,70.0,50.0,0.8,0.1,0.30000000000000004,0.1,75.0,70.0,50.0,1042,1041,1,1042,9.596928982725527E-4,1.2722225041042456,1.5,0.8481483360694971,543,0.521613832853026,1.0,1
"iteration_3","SCOPE_DATA_COLLECTION",800,15,970.0,1030.0,0,5044,3417,1042,4873,3295,1051,5026,3424,1044,4,3,1,7.952286282306163E-4,8.754012255617158E-4,9.569377990430622E-4,0.3034984323147108,0.7051695868826607,1.2751499798650645,0.6069968646294216,0.7051695868826607,0.8500999865767097,0.2174691603660963,0.45794392523364486,0.5229885057471264,100.0,100.0,4780,3767,956,5,3,0,0.0010460251046025104,7.963897000265463E-4,0.0,0.8,0.1,0.30000000000000004,0.1,75.0,70.0,50.0,0.7000000000000001,0.1,0.4,0.1,75.0,60.0,40.0,5004,5001,3,5004,5.995203836930455E-4,0.30189534020046455,0.5,0.6037906804009291,1086,0.21715656868626274,1.0,1
"iteration_3","SCOPE_DATA_COLLECTION",800,15,970.0,1030.0,1,5044,3417,1042,4873,3295,1051,5026,3424,1044,4,3,1,7.952286282306163E-4,8.754012255617158E-4,9.569377990430622E-4,0.3034984323147108,0.7051695868826607,1.2751499798650645,0.6069968646294216,0.7051695868826607,0.8500999865767097,0.2174691603660963,0.45794392523364486,0.5229885057471264,100.0,100.0,4780,3767,956,5,3,0,0.0010460251046025104,7.963897000265463E-4,0.0,0.8,0.1,0.30000000000000004,0.1,75.0,70.0,50.0,0.7000000000000001,0.1,0.4,0.1,75.0,60.0,40.0,3202,3197,5,3202,0.001561524047470331,0.7146779847160984,1.0,0.7146779847160984,1499,0.4688770722552393,1.0,1
"iteration_3","SCOPE_DATA_COLLECTION",800,15,970.0,1030.0,2,5044,3417,1042,4873,3295,1051,5026,3424,1044,4,3,1,7.952286282306163E-4,8.754012255617158E-4,9.569377990430622E-4,0.3034984323147108,0.7051695868826607,1.2751499798650645,0.6069968646294216,0.7051695868826607,0.8500999865767097,0.2174691603660963,0.45794392523364486,0.5229885057471264,100.0,100.0,4780,3767,956,5,3,0,0.0010460251046025104,7.963897000265463E-4,0.0,0.8,0.1,0.30000000000000004,0.1,75.0,70.0,50.0,0.7000000000000001,0.1,0.4,0.1,75.0,60.0,40.0,1040,1035,5,1040,0.004807692307692308,1.265600099760608,1.5,0.8437333998404054,538,0.5198067632850242,1.0,1
"iteration_3","SCOPE_DATA_COLLECTION",800,16,1030.0,1090.0,0,5004,3202,1040,5044,3417,1042,5007,3182,1037,3,5,5,5.988023952095808E-4,0.0015688735487919673,0.0047984644913627635,0.3021689018361749,0.7109591176313382,1.262928249712897,0.6043378036723498,0.7109591176313382,0.8419521664752647,0.2176952266826443,0.4663733500942803,0.5188042430086789,97.5,100.0,4776,3150,1320,11,2,0,0.0023031825795644893,6.349206349206349E-4,0.0,0.7000000000000001,0.1,0.4,0.1,75.0,60.0,40.0,0.7000000000000001,0.1,0.30000000000000004,0.1,65.0,70.0,30.0,5080,5073,7,5080,0.0013779527559055118,0.2998503505208277,0.5,0.5997007010416554,1136,0.22393061304947762,1.0,1
"iteration_3","SCOPE_DATA_COLLECTION",800,16,1030.0,1090.0,1,5004,3202,1040,5044,3417,1042,5007,3182,1037,3,5,5,5.988023952095808E-4,0.0015688735487919673,0.0047984644913627635,0.3021689018361749,0.7109591176313382,1.262928249712897,0.6043378036723498,0.7109591176313382,0.8419521664752647,0.2176952266826443,0.4663733500942803,0.5188042430086789,97.5,100.0,4776,3150,1320,11,2,0,0.0023031825795644893,6.349206349206349E-4,0.0,0.7000000000000001,0.1,0.4,0.1,75.0,60.0,40.0,0.7000000000000001,0.1,0.30000000000000004,0.1,65.0,70.0,30.0,3361,3351,10,3361,0.002975304968759298,0.7027200826291133,1.0,0.7027200826291133,1525,0.45508803342285886,1.0,1
"iteration_3","SCOPE_DATA_COLLECTION",800,16,1030.0,1090.0,2,5004,3202,1040,5044,3417,1042,5007,3182,1037,3,5,5,5.988023952095808E-4,0.0015688735487919673,0.0047984644913627635,0.3021689018361749,0.7109591176313382,1.262928249712897,0.6043378036723498,0.7109591176313382,0.8419521664752647,0.2176952266826443,0.4663733500942803,0.5188042430086789,97.5,100.0,4776,3150,1320,11,2,0,0.0023031825795644893,6.349206349206349E-4,0.0,0.7000000000000001,0.1,0.4,0.1,75.0,60.0,40.0,0.7000000000000001,0.1,0.30000000000000004,0.1,65.0,70.0,30.0,1098,1093,5,1098,0.004553734061930784,1.3008668054624775,1.5,0.8672445369749849,582,0.5324794144556267,1.0,1
"iteration_3","SCOPE_DATA_COLLECTION",800,17,1090.0,1150.0,0,5080,3361,1098,5004,3202,1040,5054,3365,1088,7,10,5,0.0013831258644536654,0.002962962962962963,0.004574565416285453,0.29964266519245464,0.7048326808603154,1.2999233061361233,0.5992853303849093,0.7048326808603154,0.8666155374240821,0.22338741590819153,0.45676077265973253,0.5321691176470589,100.0,100.0,4758,3322,1459,19,3,0,0.003993274485077764,9.030704394942806E-4,0.0,0.7000000000000001,0.1,0.30000000000000004,0.1,65.0,70.0,30.0,0.8,0.1,0.2,0.2,75.0,80.0,20.0,5206,5195,11,5206,0.0021129466000768342,0.30322390616173445,0.5,0.6064478123234689,1158,0.22290664100096247,1.0,1
"iteration_3","SCOPE_DATA_COLLECTION",800,17,1090.0,1150.0,1,5080,3361,1098,5004,3202,1040,5054,3365,1088,7,10,5,0.0013831258644536654,0.002962962962962963,0.004574565416285453,0.29964266519245464,0.7048326808603154,1.2999233061361233,0.5992853303849093,0.7048326808603154,0.8666155374240821,0.22338741590819153,0.45676077265973253,0.5321691176470589,100.0,100.0,4758,3322,1459,19,3,0,0.003993274485077764,9.030704394942806E-4,0.0,0.7000000000000001,0.1,0.30000000000000004,0.1,65.0,70.0,30.0,0.8,0.1,0.2,0.2,75.0,80.0,20.0,3332,3328,4,3332,0.0012004801920768306,0.7133778026369183,1.0,0.7133778026369183,1587,0.4768629807692308,1.0,1
"iteration_3","SCOPE_DATA_COLLECTION",800,17,1090.0,1150.0,2,5080,3361,1098,5004,3202,1040,5054,3365,1088,7,10,5,0.0013831258644536654,0.002962962962962963,0.004574565416285453,0.29964266519245464,0.7048326808603154,1.2999233061361233,0.5992853303849093,0.7048326808603154,0.8666155374240821,0.22338741590819153,0.45676077265973253,0.5321691176470589,100.0,100.0,4758,3322,1459,19,3,0,0.003993274485077764,9.030704394942806E-4,0.0,0.7000000000000001,0.1,0.30000000000000004,0.1,65.0,70.0,30.0,0.8,0.1,0.2,0.2,75.0,80.0,20.0,1073,1068,5,1073,0.004659832246039142,1.2664980913333708,1.5,0.8443320608889139,550,0.5149812734082397,1.0,1
"iteration_3","SCOPE_DATA_COLLECTION",800,18,1150.0,1210.0,0,5206,3332,1073,5080,3361,1098,5210,3323,1067,11,4,5,0.0021068760773798123,0.0012022843402464682,0.0046641791044776115,0.3031150224047281,0.7129090483725581,1.268427418101207,0.6062300448094562,0.7129090483725581,0.845618278734138,0.22284069097888676,0.4760758350887752,0.5154639175257731,100.0,100.0,4886,3783,942,15,5,0,0.0030699959066721244,0.0013217023526301878,0.0,0.8,0.1,0.2,0.2,75.0,80.0,20.0,0.9,0.2,0.30000000000000004,0.1,75.0,90.0,20.0,5107,5102,5,5107,9.790483649892304E-4,0.2972750094499962,0.5,0.5945500188999924,1123,0.22010976087808704,1.0,1
"iteration_3","SCOPE_DATA_COLLECTION",800,18,1150.0,1210.0,1,5206,3332,1073,5080,3361,1098,5210,3323,1067,11,4,5,0.0021068760773798123,0.0012022843402464682,0.0046641791044776115,0.3031150224047281,0.7129090483725581,1.268427418101207,0.6062300448094562,0.7129090483725581,0.845618278734138,0.22284069097888676,0.4760758350887752,0.5154639175257731,100.0,100.0,4886,3783,942,15,5,0,0.0030699959066721244,0.0013217023526301878,0.0,0.8,0.1,0.2,0.2,75.0,80.0,20.0,0.9,0.2,0.30000000000000004,0.1,75.0,90.0,20.0,3494,3491,3,3494,8.586147681740126E-4,0.6846582784255137,1.0,0.6846582784255137,1549,0.44371240332283013,1.0,1
"iteration_3","SCOPE_DATA_COLLECTION",800,18,1150.0,1210.0,2,5206,3332,1073,5080,3361,1098,5210,3323,1067,11,4,5,0.0021068760773798123,0.0012022843402464682,0.0046641791044776115,0.3031150224047281,0.7129090483725581,1.268427418101207,0.6062300448094562,0.7129090483725581,0.845618278734138,0.22284069097888676,0.4760758350887752,0.5154639175257731,100.0,100.0,4886,3783,942,15,5,0,0.0030699959066721244,0.0013217023526301878,0.0,0.8,0.1,0.2,0.2,75.0,80.0,20.0,0.9,0.2,0.30000000000000004,0.1,75.0,90.0,20.0,1059,1056,3,1059,0.0028328611898017,1.1857397861053562,1.5,0.7904931907369042,500,0.4734848484848485,1.0,1
"iteration_3","SCOPE_DATA_COLLECTION",800,19,1210.0,1270.0,0,5107,3494,1059,5206,3332,1073,5101,3490,1066,5,3,3,9.792401096748924E-4,8.588605782994561E-4,0.002806361085126286,0.2969985849240489,0.6850690710662778,1.1878750775148483,0.5939971698480978,0.6850690710662778,0.7919167183432322,0.21897667124093315,0.44383954154727795,0.474671669793621,95.0,100.0,4688,4430,542,10,1,0,0.0021331058020477816,2.257336343115124E-4,0.0,0.9,0.2,0.30000000000000004,0.1,75.0,90.0,20.0,0.9500000000000001,0.30000000000000004,0.4,0.1,65.0,95.0,20.0,5051,5047,4,5051,7.919223916056226E-4,0.30672162513484696,0.5,0.6134432502696939,1227,0.24311472161680206,1.0,1
"iteration_3","SCOPE_DATA_COLLECTION",800,19,1210.0,1270.0,1,5107,3494,1059,5206,3332,1073,5101,3490,1066,5,3,3,9.792401096748924E-4,8.588605782994561E-4,0.002806361085126286,0.2969985849240489,0.6850690710662778,1.1878750775148483,0.5939971698480978,0.6850690710662778,0.7919167183432322,0.21897667124093315,0.44383954154727795,0.474671669793621,95.0,100.0,4688,4430,542,10,1,0,0.0021331058020477816,2.257336343115124E-4,0.0,0.9,0.2,0.30000000000000004,0.1,75.0,90.0,20.0,0.9500000000000001,0.30000000000000004,0.4,0.1,65.0,95.0,20.0,3279,3272,7,3279,0.0021347971942665446,0.701108972661398,1.0,0.701108972661398,1500,0.45843520782396086,1.0,1
"iteration_3","SCOPE_DATA_COLLECTION",800,19,1210.0,1270.0,2,5107,3494,1059,5206,3332,1073,5101,3490,1066,5,3,3,9.792401096748924E-4,8.588605782994561E-4,0.002806361085126286,0.2969985849240489,0.6850690710662778,1.1878750775148483,0.5939971698480978,0.6850690710662778,0.7919167183432322,0.21897667124093315,0.44383954154727795,0.474671669793621,95.0,100.0,4688,4430,542,10,1,0,0.0021331058020477816,2.257336343115124E-4,0.0,0.9,0.2,0.30000000000000004,0.1,75.0,90.0,20.0,0.9500000000000001,0.30000000000000004,0.4,0.1,65.0,95.0,20.0,1048,1044,4,1048,0.003816793893129771,1.242250025333797,1.5,0.8281666835558646,527,0.5047892720306514,1.0,1
"iteration_3","SCOPE_DATA_COLLECTION",800,20,1270.0,1330.0,0,5051,3279,1048,5107,3494,1059,5041,3265,1038,4,7,4,7.928642220019821E-4,0.002139364303178484,0.003838771593090211,0.3061451765456702,0.697541957806067,1.237344013287105,0.6122903530913404,0.697541957806067,0.82489600885807,0.24261059313628247,0.4557427258805513,0.5028901734104047,100.0,100.0,4681,4467,230,13,2,0,0.0027771843623157445,4.4772778150884264E-4,0.0,0.9500000000000001,0.30000000000000004,0.4,0.1,65.0,95.0,20.0,0.75,0.30000000000000004,0.30000000000000004,0.1,45.0,25.0,20.0,5165,5164,1,5165,1.936108422071636E-4,0.29956860121210227,0.5,0.5991372024242045,1134,0.21959721146398142,1.0,1
"iteration_3","SCOPE_DATA_COLLECTION",800,20,1270.0,1330.0,1,5051,3279,1048,5107,3494,1059,5041,3265,1038,4,7,4,7.928642220019821E-4,0.002139364303178484,0.003838771593090211,0.3061451765456702,0.697541957806067,1.237344013287105,0.6122903530913404,0.697541957806067,0.82489600885807,0.24261059313628247,0.4557427258805513,0.5028901734104047,100.0,100.0,4681,4467,230,13,2,0,0.0027771843623157445,4.4772778150884264E-4,0.0,0.9500000000000001,0.30000000000000004,0.4,0.1,65.0,95.0,20.0,0.75,0.30000000000000004,0.30000000000000004,0.1,45.0,25.0,20.0,3248,3248,0,3248,0.0,0.6813359269571315,1.0,0.6813359269571315,1437,0.44242610837438423,1.0,1
"iteration_3","SCOPE_DATA_COLLECTION",800,20,1270.0,1330.0,2,5051,3279,1048,5107,3494,1059,5041,3265,1038,4,7,4,7.928642220019821E-4,0.002139364303178484,0.003838771593090211,0.3061451765456702,0.697541957806067,1.237344013287105,0.6122903530913404,0.697541957806067,0.82489600885807,0.24261059313628247,0.4557427258805513,0.5028901734104047,100.0,100.0,4681,4467,230,13,2,0,0.0027771843623157445,4.4772778150884264E-4,0.0,0.9500000000000001,0.30000000000000004,0.4,0.1,65.0,95.0,20.0,0.75,0.30000000000000004,0.30000000000000004,0.1,45.0,25.0,20.0,1039,1035,4,1039,0.0038498556304138597,1.2016819165169048,1.5,0.8011212776779365,503,0.4859903381642512,1.0,1
"iteration_3","SCOPE_DATA_COLLECTION",800,21,1330.0,1390.0,0,5165,3248,1039,5051,3279,1048,5173,3248,1039,1,0,4,1.9327406262079628E-4,0.0,0.003835091083413231,0.30006139049455477,0.6834049975700638,1.2065047768525616,0.6001227809891095,0.6834049975700638,0.8043365179017078,0.22056833558863329,0.4445812807881773,0.4870067372473532,95.0,100.0,4696,3549,1207,4,1,0,8.517887563884157E-4,2.817695125387433E-4,0.0,0.75,0.30000000000000004,0.30000000000000004,0.1,45.0,25.0,20.0,0.75,0.30000000000000004,0.30000000000000004,0.1,45.0,25.0,20.0,5246,5241,5,5246,9.531071292413268E-4,0.3020204010897141,0.5,0.6040408021794282,1234,0.2354512497614959,1.0,1
"iteration_3","SCOPE_DATA_COLLECTION",800,21,1330.0,1390.0,1,5165,3248,1039,5051,3279,1048,5173,3248,1039,1,0,4,1.9327406262079628E-4,0.0,0.003835091083413231,0.30006139049455477,0.6834049975700638,1.2065047768525616,0.6001227809891095,0.6834049975700638,0.8043365179017078,0.22056833558863329,0.4445812807881773,0.4870067372473532,95.0,100.0,4696,3549,1207,4,1,0,8.517887563884157E-4,2.817695125387433E-4,0.0,0.75,0.30000000000000004,0.30000000000000004,0.1,45.0,25.0,20.0,0.75,0.30000000000000004,0.30000000000000004,0.1,45.0,25.0,20.0,3269,3265,4,3269,0.001223615784643622,0.6897805525127635,1.0,0.6897805525127635,1448,0.4434915773353752,1.0,1
"iteration_3","SCOPE_DATA_COLLECTION",800,21,1330.0,1390.0,2,5165,3248,1039,5051,3279,1048,5173,3248,1039,1,0,4,1.9327406262079628E-4,0.0,0.003835091083413231,0.30006139049455477,0.6834049975700638,1.2065047768525616,0.6001227809891095,0.6834049975700638,0.8043365179017078,0.22056833558863329,0.4445812807881773,0.4870067372473532,95.0,100.0,4696,3549,1207,4,1,0,8.517887563884157E-4,2.817695125387433E-4,0.0,0.75,0.30000000000000004,0.30000000000000004,0.1,45.0,25.0,20.0,0.75,0.30000000000000004,0.30000000000000004,0.1,45.0,25.0,20.0,1083,1080,3,1083,0.002770083102493075,1.2145638606792926,1.5,0.8097092404528617,528,0.4888888888888889,1.0,1
"iteration_3","SCOPE_DATA_COLLECTION",800,22,1390.0,1450.0,0,5246,3269,1083,5165,3248,1039,5238,3280,1077,5,4,3,9.536524890329964E-4,0.001218026796589525,0.002777777777777778,0.3021076729655837,0.6919163601628722,1.2120186346427346,0.6042153459311674,0.6919163601628722,0.8080124230951564,0.23520427644138983,0.4454268292682927,0.489322191272052,92.5,100.0,4726,3656,1216,8,4,0,0.0016927634363097758,0.0010940919037199124,0.0,0.75,0.30000000000000004,0.30000000000000004,0.1,45.0,25.0,20.0,0.30000000000000004,0.9,0.6000000000000001,0.6000000000000001,65.0,70.0,35.0,5052,4956,96,5052,0.019002375296912115,0.3510963092514659,0.5,0.7021926185029318,1439,0.2903551251008878,1.0,1
"iteration_3","SCOPE_DATA_COLLECTION",800,22,1390.0,1450.0,1,5246,3269,1083,5165,3248,1039,5238,3280,1077,5,4,3,9.536524890329964E-4,0.001218026796589525,0.002777777777777778,0.3021076729655837,0.6919163601628722,1.2120186346427346,0.6042153459311674,0.6919163601628722,0.8080124230951564,0.23520427644138983,0.4454268292682927,0.489322191272052,92.5,100.0,4726,3656,1216,8,4,0,0.0016927634363097758,0.0010940919037199124,0.0,0.75,0.30000000000000004,0.30000000000000004,0.1,45.0,25.0,20.0,0.30000000000000004,0.9,0.6000000000000001,0.6000000000000001,65.0,70.0,35.0,3392,3317,75,3392,0.022110849056603772,0.722875691793545,1.0,0.722875691793545,1449,0.43684051854085015,1.0,1
"iteration_3","SCOPE_DATA_COLLECTION",800,22,1390.0,1450.0,2,5246,3269,1083,5165,3248,1039,5238,3280,1077,5,4,3,9.536524890329964E-4,0.001218026796589525,0.002777777777777778,0.3021076729655837,0.6919163601628722,1.2120186346427346,0.6042153459311674,0.6919163601628722,0.8080124230951564,0.23520427644138983,0.4454268292682927,0.489322191272052,92.5,100.0,4726,3656,1216,8,4,0,0.0016927634363097758,0.0010940919037199124,0.0,0.75,0.30000000000000004,0.30000000000000004,0.1,45.0,25.0,20.0,0.30000000000000004,0.9,0.6000000000000001,0.6000000000000001,65.0,70.0,35.0,1078,1032,46,1078,0.04267161410018553,1.2770816907646654,1.5,0.8513877938431103,514,0.49806201550387597,1.0,1
"iteration_3","SCOPE_DATA_COLLECTION",800,23,1450.0,1510.0,0,5052,3392,1078,5246,3269,1083,4962,3313,1028,96,75,46,0.018979833926453145,0.022136953955135773,0.04283054003724395,0.35183413152158816,0.7238597141294331,1.2782350171254624,0.7036682630431763,0.7238597141294331,0.8521566780836416,0.29242241031842,0.4373679444612134,0.4980544747081712,100.0,100.0,4710,1434,3378,28,1,188,0.0059447983014862,6.97350069735007E-4,0.055654233274126705,0.30000000000000004,0.9,0.6000000000000001,0.6000000000000001,65.0,70.0,35.0,0.4,0.9,0.6000000000000001,0.5,65.0,60.0,45.0,5243,5239,4,5243,7.629219912263971E-4,0.3334929716558818,0.5,0.6669859433117636,1490,0.28440542088184767,1.0,1
"iteration_3","SCOPE_DATA_COLLECTION",800,23,1450.0,1510.0,1,5052,3392,1078,5246,3269,1083,4962,3313,1028,96,75,46,0.018979833926453145,0.022136953955135773,0.04283054003724395,0.35183413152158816,0.7238597141294331,1.2782350171254624,0.7036682630431763,0.7238597141294331,0.8521566780836416,0.29242241031842,0.4373679444612134,0.4980544747081712,100.0,100.0,4710,1434,3378,28,1,188,0.0059447983014862,6.97350069735007E-4,0.055654233274126705,0.30000000000000004,0.9,0.6000000000000001,0.6000000000000001,65.0,70.0,35.0,0.4,0.9,0.6000000000000001,0.5,65.0,60.0,45.0,3388,3373,15,3388,0.004427390791027155,0.6968705920016539,1.0,0.6968705920016539,1467,0.43492439964423363,1.0,1
"iteration_3","SCOPE_DATA_COLLECTION",800,23,1450.0,1510.0,2,5052,3392,1078,5246,3269,1083,4962,3313,1028,96,75,46,0.018979833926453145,0.022136953955135773,0.04283054003724395,0.35183413152158816,0.7238597141294331,1.2782350171254624,0.7036682630431763,0.7238597141294331,0.8521566780836416,0.29242241031842,0.4373679444612134,0.4980544747081712,100.0,100.0,4710,1434,3378,28,1,188,0.0059447983014862,6.97350069735007E-4,0.055654233274126705,0.30000000000000004,0.9,0.6000000000000001,0.6000000000000001,65.0,70.0,35.0,0.4,0.9,0.6000000000000001,0.5,65.0,60.0,45.0,1078,1069,9,1078,0.008348794063079777,1.2523794900333485,1.5,0.8349196600222323,525,0.49111318989710007,1.0,1
"iteration_3","SCOPE_DATA_COLLECTION",800,24,1510.0,1570.0,0,5243,3388,1078,5052,3392,1078,5235,3370,1072,4,15,9,7.635044855888528E-4,0.004431314623338257,0.008325624421831638,0.333082973192948,0.6955316765633411,1.2496334853433217,0.666165946385896,0.6955316765633411,0.8330889902288812,0.2829035339063992,0.4332344213649852,0.4906716417910448,95.0,100.0,4701,1928,3080,25,3,0,0.005318017443097213,0.0015560165975103733,0.0,0.4,0.9,0.6000000000000001,0.5,65.0,60.0,45.0,0.4,0.9,0.6000000000000001,0.5,65.0,60.0,45.0,5001,4959,42,5001,0.008398320335932814,0.3347632164922823,0.5,0.6695264329845646,1446,0.29159104658197216,1.0,1
"iteration_3","SCOPE_DATA_COLLECTION",800,24,1510.0,1570.0,1,5243,3388,1078,5052,3392,1078,5235,3370,1072,4,15,9,7.635044855888528E-4,0.004431314623338257,0.008325624421831638,0.333082973192948,0.6955316765633411,1.2496334853433217,0.666165946385896,0.6955316765633411,0.8330889902288812,0.2829035339063992,0.4332344213649852,0.4906716417910448,95.0,100.0,4701,1928,3080,25,3,0,0.005318017443097213,0.0015560165975103733,0.0,0.4,0.9,0.6000000000000001,0.5,65.0,60.0,45.0,0.4,0.9,0.6000000000000001,0.5,65.0,60.0,45.0,3334,3295,39,3334,0.011697660467906419,0.7175220582457696,1.0,0.7175220582457696,1469,0.4458270106221548,1.0,1
"iteration_3","SCOPE_DATA_COLLECTION",800,24,1510.0,1570.0,2,5243,3388,1078,5052,3392,1078,5235,3370,1072,4,15,9,7.635044855888528E-4,0.004431314623338257,0.008325624421831638,0.333082973192948,0.6955316765633411,1.2496334853433217,0.666165946385896,0.6955316765633411,0.8330889902288812,0.2829035339063992,0.4332344213649852,0.4906716417910448,95.0,100.0,4701,1928,3080,25,3,0,0.005318017443097213,0.0015560165975103733,0.0,0.4,0.9,0.6000000000000001,0.5,65.0,60.0,45.0,0.4,0.9,0.6000000000000001,0.5,65.0,60.0,45.0,1116,1097,19,1116,0.017025089605734768,1.2172359474905476,1.5,0.8114906316603651,518,0.47219690063810393,1.0,1
"iteration_3","SCOPE_DATA_COLLECTION",800,25,1570.0,1630.0,0,5001,3334,1116,5243,3388,1078,4945,3289,1100,42,39,19,0.00842189693202326,0.01171875,0.016979445933869526,0.33389835917113553,0.7164407163522456,1.224060690576863,0.6677967183422711,0.7164407163522456,0.8160404603845753,0.29079878665318504,0.4460322286409243,0.47545454545454546,95.0,100.0,4619,1914,2918,33,3,64,0.007144403550552067,0.001567398119122257,0.02193283070596299,0.4,0.9,0.6000000000000001,0.5,65.0,60.0,45.0,0.4,0.8,0.6000000000000001,0.5,75.0,50.0,35.0,5209,5196,13,5209,0.00249568055288923,0.3372955912293874,0.5,0.6745911824587748,1553,0.29888375673595075,1.0,1
"iteration_3","SCOPE_DATA_COLLECTION",800,25,1570.0,1630.0,1,5001,3334,1116,5243,3388,1078,4945,3289,1100,42,39,19,0.00842189693202326,0.01171875,0.016979445933869526,0.33389835917113553,0.7164407163522456,1.224060690576863,0.6677967183422711,0.7164407163522456,0.8160404603845753,0.29079878665318504,0.4460322286409243,0.47545454545454546,95.0,100.0,4619,1914,2918,33,3,64,0.007144403550552067,0.001567398119122257,0.02193283070596299,0.4,0.9,0.6000000000000001,0.5,65.0,60.0,45.0,0.4,0.8,0.6000000000000001,0.5,75.0,50.0,35.0,3406,3395,11,3406,0.0032295948326482677,0.734096520693043,1.0,0.734096520693043,1562,0.4600883652430044,1.0,1
"iteration_3","SCOPE_DATA_COLLECTION",800,25,1570.0,1630.0,2,5001,3334,1116,5243,3388,1078,4945,3289,1100,42,39,19,0.00842189693202326,0.01171875,0.016979445933869526,0.33389835917113553,0.7164407163522456,1.224060690576863,0.6677967183422711,0.7164407163522456,0.8160404603845753,0.29079878665318504,0.4460322286409243,0.47545454545454546,95.0,100.0,4619,1914,2918,33,3,64,0.007144403550552067,0.001567398119122257,0.02193283070596299,0.4,0.9,0.6000000000000001,0.5,65.0,60.0,45.0,0.4,0.8,0.6000000000000001,0.5,75.0,50.0,35.0,1038,1027,11,1038,0.010597302504816955,1.2330676834299954,1.5,0.8220451222866636,487,0.4741966893865628,1.0,1
"iteration_3","SCOPE_DATA_COLLECTION",800,26,1630.0,1690.0,0,5209,3406,1038,5001,3334,1116,5211,3400,1025,13,11,11,0.0024885145482388973,0.0032248607446496626,0.010617760617760617,0.33811656039572563,0.7354626277500902,1.2288474109704202,0.6762331207914513,0.7354626277500902,0.8192316073136134,0.3005181347150259,0.46058823529411763,0.4721951219512195,100.0,100.0,4822,1923,2908,25,1,9,0.0051845707175445874,5.200208008320333E-4,0.003094910591471802,0.4,0.8,0.6000000000000001,0.5,75.0,50.0,35.0,0.4,0.9,0.7000000000000001,0.5,65.0,50.0,35.0,4968,4961,7,4968,0.0014090177133655394,0.3307124185299628,0.5,0.6614248370599256,1409,0.2840153194920379,1.0,1
"iteration_3","SCOPE_DATA_COLLECTION",800,26,1630.0,1690.0,1,5209,3406,1038,5001,3334,1116,5211,3400,1025,13,11,11,0.0024885145482388973,0.0032248607446496626,0.010617760617760617,0.33811656039572563,0.7354626277500902,1.2288474109704202,0.6762331207914513,0.7354626277500902,0.8192316073136134,0.3005181347150259,0.46058823529411763,0.4721951219512195,100.0,100.0,4822,1923,2908,25,1,9,0.0051845707175445874,5.200208008320333E-4,0.003094910591471802,0.4,0.8,0.6000000000000001,0.5,75.0,50.0,35.0,0.4,0.9,0.7000000000000001,0.5,65.0,50.0,35.0,3389,3376,13,3389,0.0038359398052522867,0.7077935138060837,1.0,0.7077935138060837,1478,0.4377962085308057,1.0,1
"iteration_3","SCOPE_DATA_COLLECTION",800,26,1630.0,1690.0,2,5209,3406,1038,5001,3334,1116,5211,3400,1025,13,11,11,0.0024885145482388973,0.0032248607446496626,0.010617760617760617,0.33811656039572563,0.7354626277500902,1.2288474109704202,0.6762331207914513,0.7354626277500902,0.8192316073136134,0.3005181347150259,0.46058823529411763,0.4721951219512195,100.0,100.0,4822,1923,2908,25,1,9,0.0051845707175445874,5.200208008320333E-4,0.003094910591471802,0.4,0.8,0.6000000000000001,0.5,75.0,50.0,35.0,0.4,0.9,0.7000000000000001,0.5,65.0,50.0,35.0,1116,1098,18,1116,0.016129032258064516,1.2429974456020767,1.5,0.8286649637347178,531,0.48360655737704916,1.0,1
"iteration_3","SCOPE_DATA_COLLECTION",800,27,1690.0,1750.0,0,4968,3389,1116,5209,3406,1038,4950,3372,1096,7,13,18,0.0014121444422029454,0.0038404726735598227,0.01615798922800718,0.32894937068720664,0.7063034932110437,1.24092108272934,0.6578987413744133,0.7063034932110437,0.82728072181956,0.2814141414141414,0.43831553973902726,0.48175182481751827,100.0,100.0,4636,1935,2902,36,2,0,0.007765314926660914,0.0010335917312661498,0.0,0.4,0.9,0.7000000000000001,0.5,65.0,50.0,35.0,0.4,0.9,0.7000000000000001,0.5,65.0,50.0,35.0,5126,5092,34,5126,0.006632852126414358,0.3249061993644052,0.5,0.6498123987288104,1401,0.2751374705420267,1.0,1
"iteration_3","SCOPE_DATA_COLLECTION",800,27,1690.0,1750.0,1,4968,3389,1116,5209,3406,1038,4950,3372,1096,7,13,18,0.0014121444422029454,0.0038404726735598227,0.01615798922800718,0.32894937068720664,0.7063034932110437,1.24092108272934,0.6578987413744133,0.7063034932110437,0.82728072181956,0.2814141414141414,0.43831553973902726,0.48175182481751827,100.0,100.0,4636,1935,2902,36,2,0,0.007765314926660914,0.0010335917312661498,0.0,0.4,0.9,0.7000000000000001,0.5,65.0,50.0,35.0,0.4,0.9,0.7000000000000001,0.5,65.0,50.0,35.0,3334,3292,42,3334,0.01259748050389922,0.7303122948781116,1.0,0.7303122948781116,1522,0.4623329283110571,1.0,1
"iteration_3","SCOPE_DATA_COLLECTION",800,27,1690.0,1750.0,2,4968,3389,1116,5209,3406,1038,4950,3372,1096,7,13,18,0.0014121444422029454,0.0038404726735598227,0.01615798922800718,0.32894937068720664,0.7063034932110437,1.24092108272934,0.6578987413744133,0.7063034932110437,0.82728072181956,0.2814141414141414,0.43831553973902726,0.48175182481751827,100.0,100.0,4636,1935,2902,36,2,0,0.007765314926660914,0.0010335917312661498,0.0,0.4,0.9,0.7000000000000001,0.5,65.0,50.0,35.0,0.4,0.9,0.7000000000000001,0.5,65.0,50.0,35.0,1080,1067,13,1080,0.012037037037037037,1.2154910007753597,1.5,0.8103273338502398,504,0.4723523898781631,1.0,1
"iteration_3","SCOPE_DATA_COLLECTION",800,28,1750.0,1810.0,0,5126,3334,1080,4968,3389,1116,5108,3281,1070,33,42,13,0.006418984633339817,0.012639181462533854,0.012003693444136657,0.3264812282882256,0.7276762650034717,1.2179209398756126,0.6529624565764512,0.7276762650034717,0.8119472932504084,0.27682067345340644,0.4599207558671137,0.4738317757009346,100.0,100.0,4685,1969,2886,17,2,69,0.0036286019210245465,0.001015744032503809,0.02390852390852391,0.4,0.9,0.7000000000000001,0.5,65.0,50.0,35.0,0.4,0.9,0.7000000000000001,0.5,65.0,50.0,35.0,5105,5098,7,5105,0.0013712047012732615,0.3306386072357023,0.5,0.6612772144714046,1471,0.2885445272655944,1.0,1
"iteration_3","SCOPE_DATA_COLLECTION",800,28,1750.0,1810.0,1,5126,3334,1080,4968,3389,1116,5108,3281,1070,33,42,13,0.006418984633339817,0.012639181462533854,0.012003693444136657,0.3264812282882256,0.7276762650034717,1.2179209398756126,0.6529624565764512,0.7276762650034717,0.8119472932504084,0.27682067345340644,0.4599207558671137,0.4738317757009346,100.0,100.0,4685,1969,2886,17,2,69,0.0036286019210245465,0.001015744032503809,0.02390852390852391,0.4,0.9,0.7000000000000001,0.5,65.0,50.0,35.0,0.4,0.9,0.7000000000000001,0.5,65.0,50.0,35.0,3347,3333,14,3347,0.004182850313713774,0.7302568458338625,1.0,0.7302568458338625,1519,0.45574557455745573,1.0,1
"iteration_3","SCOPE_DATA_COLLECTION",800,28,1750.0,1810.0,2,5126,3334,1080,4968,3389,1116,5108,3281,1070,33,42,13,0.006418984633339817,0.012639181462533854,0.012003693444136657,0.3264812282882256,0.7276762650034717,1.2179209398756126,0.6529624565764512,0.7276762650034717,0.8119472932504084,0.27682067345340644,0.4599207558671137,0.4738317757009346,100.0,100.0,4685,1969,2886,17,2,69,0.0036286019210245465,0.001015744032503809,0.02390852390852391,0.4,0.9,0.7000000000000001,0.5,65.0,50.0,35.0,0.4,0.9,0.7000000000000001,0.5,65.0,50.0,35.0,1044,1038,6,1044,0.005747126436781609,1.230580337652286,1.5,0.8203868917681906,493,0.4749518304431599,1.0,1
"iteration_3","SCOPE_DATA_COLLECTION",800,29,1810.0,1870.0,0,5105,3347,1044,5126,3334,1080,5089,3349,1045,8,14,6,0.0015695507161075143,0.004162949747249479,0.005708848715509039,0.3307017560385567,0.7324921213573121,1.232476595342292,0.6614035120771135,0.7324921213573121,0.8216510635615281,0.28885832187070154,0.4574499850701702,0.47655502392344495,95.0,100.0,4730,1888,2878,28,0,0,0.005919661733615222,0.0,0.0,0.4,0.9,0.7000000000000001,0.5,65.0,50.0,35.0,0.9,0.2,0.1,0.2,60.0,90.0,45.0,5071,5067,4,5071,7.887990534411359E-4,0.3074345478395061,0.5,0.6148690956790122,1168,0.23051115058219854,1.0,1
"iteration_3","SCOPE_DATA_COLLECTION",800,29,1810.0,1870.0,1,5105,3347,1044,5126,3334,1080,5089,3349,1045,8,14,6,0.0015695507161075143,0.004162949747249479,0.005708848715509039,0.3307017560385567,0.7324921213573121,1.232476595342292,0.6614035120771135,0.7324921213573121,0.8216510635615281,0.28885832187070154,0.4574499850701702,0.47655502392344495,95.0,100.0,4730,1888,2878,28,0,0,0.005919661733615222,0.0,0.0,0.4,0.9,0.7000000000000001,0.5,65.0,50.0,35.0,0.9,0.2,0.1,0.2,60.0,90.0,45.0,3459,3453,6,3459,0.0017346053772766695,0.6915376603550794,1.0,0.6915376603550794,1563,0.4526498696785404,1.0,1
"iteration_3","SCOPE_DATA_COLLECTION",800,29,1810.0,1870.0,2,5105,3347,1044,5126,3334,1080,5089,3349,1045,8,14,6,0.0015695507161075143,0.004162949747249479,0.005708848715509039,0.3307017560385567,0.7324921213573121,1.232476595342292,0.6614035120771135,0.7324921213573121,0.8216510635615281,0.28885832187070154,0.4574499850701702,0.47655502392344495,95.0,100.0,4730,1888,2878,28,0,0,0.005919661733615222,0.0,0.0,0.4,0.9,0.7000000000000001,0.5,65.0,50.0,35.0,0.9,0.2,0.1,0.2,60.0,90.0,45.0,1148,1143,5,1148,0.004355400696864111,1.2023525250930842,1.5,0.8015683500620562,544,0.4759405074365704,1.0,1
"iteration_3","SCOPE_DATA_COLLECTION",800,30,1870.0,1930.0,0,5071,3459,1148,5105,3347,1044,5067,3449,1137,4,5,5,7.887990534411359E-4,0.0014475969889982628,0.0043782837127845885,0.30776832289228345,0.6931016531053014,1.2015024205798512,0.6155366457845669,0.6931016531053014,0.8010016137199009,0.23110321689362542,0.4517251377210786,0.47493403693931396,100.0,100.0,4762,4443,473,10,4,0,0.0020999580008399833,9.002925950934053E-4,0.0,0.9,0.2,0.1,0.2,60.0,90.0,45.0,0.9500000000000001,0.9,0.8,0.4,80.0,60.0,20.0,5063,5050,13,5063,0.002567647639739285,0.3264933263512382,0.5,0.6529866527024764,1387,0.2746534653465347,1.0,1
"iteration_3","SCOPE_DATA_COLLECTION",800,30,1870.0,1930.0,1,5071,3459,1148,5105,3347,1044,5067,3449,1137,4,5,5,7.887990534411359E-4,0.0014475969889982628,0.0043782837127845885,0.30776832289228345,0.6931016531053014,1.2015024205798512,0.6155366457845669,0.6931016531053014,0.8010016137199009,0.23110321689362542,0.4517251377210786,0.47493403693931396,100.0,100.0,4762,4443,473,10,4,0,0.0020999580008399833,9.002925950934053E-4,0.0,0.9,0.2,0.1,0.2,60.0,90.0,45.0,0.9500000000000001,0.9,0.8,0.4,80.0,60.0,20.0,3318,3310,8,3318,0.0024110910186859553,0.7060602059117173,1.0,0.7060602059117173,1458,0.4404833836858006,1.0,1
"iteration_3","SCOPE_DATA_COLLECTION",800,30,1870.0,1930.0,2,5071,3459,1148,5105,3347,1044,5067,3449,1137,4,5,5,7.887990534411359E-4,0.0014475969889982628,0.0043782837127845885,0.30776832289228345,0.6931016531053014,1.2015024205798512,0.6155366457845669,0.6931016531053014,0.8010016137199009,0.23110321689362542,0.4517251377210786,0.47493403693931396,100.0,100.0,4762,4443,473,10,4,0,0.0020999580008399833,9.002925950934053E-4,0.0,0.9,0.2,0.1,0.2,60.0,90.0,45.0,0.9500000000000001,0.9,0.8,0.4,80.0,60.0,20.0,1097,1087,10,1097,0.009115770282588878,1.2442063695719823,1.5,0.8294709130479881,531,0.48850045998160074,1.0,1
"iteration_3","SCOPE_DATA_COLLECTION",800,31,1930.0,1990.0,0,5063,3318,1097,5071,3459,1148,5048,3307,1089,13,9,10,0.002568662319699664,0.0027141133896260556,0.009099181073703366,0.32552147752142363,0.7043238052943105,1.2461118431050933,0.6510429550428473,0.7043238052943105,0.8307412287367288,0.27258320126782887,0.44088297550650135,0.4903581267217631,97.5,100.0,4651,4607,220,30,2,0,0.006450225757901527,4.341219882787063E-4,0.0,0.9500000000000001,0.9,0.8,0.4,80.0,60.0,20.0,0.9500000000000001,0.8,0.9,0.5,90.0,60.0,30.0,5063,5051,12,5063,0.002370136282836263,0.33120040260055816,0.5,0.6624008052011163,1447,0.286477925163334,1.0,1
"iteration_3","SCOPE_DATA_COLLECTION",800,31,1930.0,1990.0,1,5063,3318,1097,5071,3459,1148,5048,3307,1089,13,9,10,0.002568662319699664,0.0027141133896260556,0.009099181073703366,0.32552147752142363,0.7043238052943105,1.2461118431050933,0.6510429550428473,0.7043238052943105,0.8307412287367288,0.27258320126782887,0.44088297550650135,0.4903581267217631,97.5,100.0,4651,4607,220,30,2,0,0.006450225757901527,4.341219882787063E-4,0.0,0.9500000000000001,0.9,0.8,0.4,80.0,60.0,20.0,0.9500000000000001,0.8,0.9,0.5,90.0,60.0,30.0,3233,3216,17,3233,0.005258274048871018,0.7074327172341404,1.0,0.7074327172341404,1424,0.4427860696517413,1.0,1
"iteration_3","SCOPE_DATA_COLLECTION",800,31,1930.0,1990.0,2,5063,3318,1097,5071,3459,1148,5048,3307,1089,13,9,10,0.002568662319699664,0.0027141133896260556,0.009099181073703366,0.32552147752142363,0.7043238052943105,1.2461118431050933,0.6510429550428473,0.7043238052943105,0.8307412287367288,0.27258320126782887,0.44088297550650135,0.4903581267217631,97.5,100.0,4651,4607,220,30,2,0,0.006450225757901527,4.341219882787063E-4,0.0,0.9500000000000001,0.9,0.8,0.4,80.0,60.0,20.0,0.9500000000000001,0.8,0.9,0.5,90.0,60.0,30.0,1079,1066,13,1079,0.012048192771084338,1.2919685607585425,1.5,0.8613123738390284,544,0.5103189493433395,1.0,1
"iteration_3","SCOPE_DATA_COLLECTION",800,32,1990.0,2050.0,0,5063,3233,1079,5063,3318,1097,5054,3210,1063,12,17,13,0.002368732727990525,0.005268050821196158,0.012081784386617101,0.3312648339859354,0.7074012266062519,1.2858156406610504,0.6625296679718709,0.7074012266062519,0.857210427107367,0.28650573802928375,0.44143302180685356,0.5070555032925682,100.0,100.0,4669,4456,250,37,5,0,0.007924609124009423,0.0011220825852782765,0.0,0.9500000000000001,0.8,0.9,0.5,90.0,60.0,30.0,0.9500000000000001,0.7000000000000001,0.9,0.5,80.0,50.0,30.0,5016,5012,4,5016,7.974481658692185E-4,0.33104551795994436,0.5,0.6620910359198887,1431,0.2855147645650439,1.0,1
"iteration_3","SCOPE_DATA_COLLECTION",800,32,1990.0,2050.0,1,5063,3233,1079,5063,3318,1097,5054,3210,1063,12,17,13,0.002368732727990525,0.005268050821196158,0.012081784386617101,0.3312648339859354,0.7074012266062519,1.2858156406610504,0.6625296679718709,0.7074012266062519,0.857210427107367,0.28650573802928375,0.44143302180685356,0.5070555032925682,100.0,100.0,4669,4456,250,37,5,0,0.007924609124009423,0.0011220825852782765,0.0,0.9500000000000001,0.8,0.9,0.5,90.0,60.0,30.0,0.9500000000000001,0.7000000000000001,0.9,0.5,80.0,50.0,30.0,3414,3403,11,3414,0.003222026947861746,0.7173360356750136,1.0,0.7173360356750136,1533,0.45048486629444606,1.0,1
"iteration_3","SCOPE_DATA_COLLECTION",800,32,1990.0,2050.0,2,5063,3233,1079,5063,3318,1097,5054,3210,1063,12,17,13,0.002368732727990525,0.005268050821196158,0.012081784386617101,0.3312648339859354,0.7074012266062519,1.2858156406610504,0.6625296679718709,0.7074012266062519,0.857210427107367,0.28650573802928375,0.44143302180685356,0.5070555032925682,100.0,100.0,4669,4456,250,37,5,0,0.007924609124009423,0.0011220825852782765,0.0,0.9500000000000001,0.8,0.9,0.5,90.0,60.0,30.0,0.9500000000000001,0.7000000000000001,0.9,0.5,80.0,50.0,30.0,1107,1101,6,1107,0.005420054200542005,1.2353854894926797,1.5,0.8235903263284531,525,0.4768392370572207,1.0,1
"iteration_3","SCOPE_DATA_COLLECTION",800,33,2050.0,2110.0,0,5016,3414,1107,5063,3233,1079,5014,3414,1095,4,11,6,7.971303308090873E-4,0.003211678832116788,0.005449591280653951,0.3312332914351502,0.7170924015201422,1.2365811691767388,0.6624665828703004,0.7170924015201422,0.8243874461178259,0.28579976067012364,0.45196250732278853,0.4767123287671233,100.0,100.0,4670,4633,234,16,5,0,0.003426124197002141,0.0010792143319663286,0.0,0.9500000000000001,0.7000000000000001,0.9,0.5,80.0,50.0,30.0,0.15000000000000002,0.4,0.7000000000000001,0.4,30.0,85.0,50.0,5140,4501,639,5140,0.12431906614785992,0.3815542021868594,0.5,0.7631084043737189,1276,0.283492557209509,1.0,1
"iteration_3","SCOPE_DATA_COLLECTION",800,33,2050.0,2110.0,1,5016,3414,1107,5063,3233,1079,5014,3414,1095,4,11,6,7.971303308090873E-4,0.003211678832116788,0.005449591280653951,0.3312332914351502,0.7170924015201422,1.2365811691767388,0.6624665828703004,0.7170924015201422,0.8243874461178259,0.28579976067012364,0.45196250732278853,0.4767123287671233,100.0,100.0,4670,4633,234,16,5,0,0.003426124197002141,0.0010792143319663286,0.0,0.9500000000000001,0.7000000000000001,0.9,0.5,80.0,50.0,30.0,0.15000000000000002,0.4,0.7000000000000001,0.4,30.0,85.0,50.0,3308,2881,427,3308,0.12908101571946795,0.8172024424889247,1.0,0.8172024424889247,1439,0.4994793474488025,1.0,1
"iteration_3","SCOPE_DATA_COLLECTION",800,33,2050.0,2110.0,2,5016,3414,1107,5063,3233,1079,5014,3414,1095,4,11,6,7.971303308090873E-4,0.003211678832116788,0.005449591280653951,0.3312332914351502,0.7170924015201422,1.2365811691767388,0.6624665828703004,0.7170924015201422,0.8243874461178259,0.28579976067012364,0.45196250732278853,0.4767123287671233,100.0,100.0,4670,4633,234,16,5,0,0.003426124197002141,0.0010792143319663286,0.0,0.9500000000000001,0.7000000000000001,0.9,0.5,80.0,50.0,30.0,0.15000000000000002,0.4,0.7000000000000001,0.4,30.0,85.0,50.0,1115,964,151,1115,0.13542600896860987,1.4541603695769443,1.5,0.9694402463846296,562,0.58298755186722,1.0,1
"iteration_3","SCOPE_DATA_COLLECTION",800,34,2110.0,2170.0,0,5140,3308,1115,5016,3414,1107,4501,2888,968,639,427,151,0.12431906614785992,0.12880844645550527,0.13494191242180517,0.38214694253416276,0.8186738046957193,1.4500631108182236,0.7642938850683255,0.8186738046957193,0.9667087405454824,0.2850477671628527,0.4989612188365651,0.5805785123966942,95.0,100.0,4619,755,4189,21,1,1195,0.004546438623078589,0.0013245033112582781,0.2852709477202196,0.15000000000000002,0.4,0.7000000000000001,0.4,30.0,85.0,50.0,0.6000000000000001,0.2,0.4,0.30000000000000004,85.0,35.0,45.0,5166,5162,4,5166,7.742934572202865E-4,0.29495440525953265,0.5,0.5899088105190653,1113,0.21561410306082915,1.0,1
"iteration_3","SCOPE_DATA_COLLECTION",800,34,2110.0,2170.0,1,5140,3308,1115,5016,3414,1107,4501,2888,968,639,427,151,0.12431906614785992,0.12880844645550527,0.13494191242180517,0.38214694253416276,0.8186738046957193,1.4500631108182236,0.7642938850683255,0.8186738046957193,0.9667087405454824,0.2850477671628527,0.4989612188365651,0.5805785123966942,95.0,100.0,4619,755,4189,21,1,1195,0.004546438623078589,0.0013245033112582781,0.2852709477202196,0.15000000000000002,0.4,0.7000000000000001,0.4,30.0,85.0,50.0,0.6000000000000001,0.2,0.4,0.30000000000000004,85.0,35.0,45.0,3254,3246,8,3254,0.002458512599877074,0.6887519162177128,1.0,0.6887519162177128,1409,0.43407270486752925,1.0,1
"iteration_3","SCOPE_DATA_COLLECTION",800,34,2110.0,2170.0,2,5140,3308,1115,5016,3414,1107,4501,2888,968,639,427,151,0.12431906614785992,0.12880844645550527,0.13494191242180517,0.38214694253416276,0.8186738046957193,1.4500631108182236,0.7642938850683255,0.8186738046957193,0.9667087405454824,0.2850477671628527,0.4989612188365651,0.5805785123966942,95.0,100.0,4619,755,4189,21,1,1195,0.004546438623078589,0.0013245033112582781,0.2852709477202196,0.15000000000000002,0.4,0.7000000000000001,0.4,30.0,85.0,50.0,0.6000000000000001,0.2,0.4,0.30000000000000004,85.0,35.0,45.0,1083,1079,4,1083,0.003693444136657433,1.2397848599452066,1.5,0.8265232399634711,537,0.4976830398517145,1.0,1
"iteration_3","SCOPE_DATA_COLLECTION",800,35,2170.0,2230.0,0,5166,3254,1083,5140,3308,1115,5159,3233,1076,4,8,4,7.747433662599264E-4,0.002468373958654736,0.003703703703703704,0.29500135576043945,0.688993560856263,1.2388845052295654,0.5900027115208789,0.688993560856263,0.8259230034863769,0.2151579763520062,0.43519950510361893,0.4972118959107807,95.0,100.0,4761,2808,1934,15,1,0,0.00315059861373661,3.5612535612535614E-4,0.0,0.6000000000000001,0.2,0.4,0.30000000000000004,85.0,35.0,45.0,0.7000000000000001,0.1,0.5,0.2,75.0,35.0,45.0,5135,5133,2,5135,3.8948393378773126E-4,0.2918410875693997,0.5,0.5836821751387994,1040,0.20261055912721607,1.0,1
"iteration_3","SCOPE_DATA_COLLECTION",800,35,2170.0,2230.0,1,5166,3254,1083,5140,3308,1115,5159,3233,1076,4,8,4,7.747433662599264E-4,0.002468373958654736,0.003703703703703704,0.29500135576043945,0.688993560856263,1.2388845052295654,0.5900027115208789,0.688993560856263,0.8259230034863769,0.2151579763520062,0.43519950510361893,0.4972118959107807,95.0,100.0,4761,2808,1934,15,1,0,0.00315059861373661,3.5612535612535614E-4,0.0,0.6000000000000001,0.2,0.4,0.30000000000000004,85.0,35.0,45.0,0.7000000000000001,0.1,0.5,0.2,75.0,35.0,45.0,3321,3318,3,3321,9.033423667570009E-4,0.7245129662725254,1.0,0.7245129662725254,1564,0.4713682941531043,1.0,1
"iteration_3","SCOPE_DATA_COLLECTION",800,35,2170.0,2230.0,2,5166,3254,1083,5140,3308,1115,5159,3233,1076,4,8,4,7.747433662599264E-4,0.002468373958654736,0.003703703703703704,0.29500135576043945,0.688993560856263,1.2388845052295654,0.5900027115208789,0.688993560856263,0.8259230034863769,0.2151579763520062,0.43519950510361893,0.4972118959107807,95.0,100.0,4761,2808,1934,15,1,0,0.00315059861373661,3.5612535612535614E-4,0.0,0.6000000000000001,0.2,0.4,0.30000000000000004,85.0,35.0,45.0,0.7000000000000001,0.1,0.5,0.2,75.0,35.0,45.0,1062,1057,5,1062,0.004708097928436911,1.2275863919260683,1.5,0.8183909279507122,523,0.49479659413434246,1.0,1
"iteration_3","SCOPE_DATA_COLLECTION",800,36,2230.0,2290.0,0,5135,3321,1062,5166,3254,1083,5137,3329,1063,2,3,5,3.891807744697412E-4,9.00360144057623E-4,0.0046816479400749065,0.2914674402889606,0.7241690450581616,1.2324266406584572,0.5829348805779212,0.7241690450581616,0.8216177604389715,0.20206346116410356,0.47041153499549415,0.4967074317968015,97.5,100.0,4804,3358,1356,9,1,0,0.0018734388009991674,2.977963073257892E-4,0.0,0.7000000000000001,0.1,0.5,0.2,75.0,35.0,45.0,0.9500000000000001,0.7000000000000001,0.7000000000000001,0.8,30.0,95.0,30.0,4966,4955,11,4966,0.0022150624244865083,0.33145053065586766,0.5,0.6629010613117353,1415,0.28557013118062563,1.0,1
"iteration_3","SCOPE_DATA_COLLECTION",800,36,2230.0,2290.0,1,5135,3321,1062,5166,3254,1083,5137,3329,1063,2,3,5,3.891807744697412E-4,9.00360144057623E-4,0.0046816479400749065,0.2914674402889606,0.7241690450581616,1.2324266406584572,0.5829348805779212,0.7241690450581616,0.8216177604389715,0.20206346116410356,0.47041153499549415,0.4967074317968015,97.5,100.0,4804,3358,1356,9,1,0,0.0018734388009991674,2.977963073257892E-4,0.0,0.7000000000000001,0.1,0.5,0.2,75.0,35.0,45.0,0.9500000000000001,0.7000000000000001,0.7000000000000001,0.8,30.0,95.0,30.0,3414,3396,18,3414,0.005272407732864675,0.7361122049161021,1.0,0.7361122049161021,1572,0.4628975265017668,1.0,1
"iteration_3","SCOPE_DATA_COLLECTION",800,36,2230.0,2290.0,2,5135,3321,1062,5166,3254,1083,5137,3329,1063,2,3,5,3.891807744697412E-4,9.00360144057623E-4,0.0046816479400749065,0.2914674402889606,0.7241690450581616,1.2324266406584572,0.5829348805779212,0.7241690450581616,0.8216177604389715,0.20206346116410356,0.47041153499549415,0.4967074317968015,97.5,100.0,4804,3358,1356,9,1,0,0.0018734388009991674,2.977963073257892E-4,0.0,0.7000000000000001,0.1,0.5,0.2,75.0,35.0,45.0,0.9500000000000001,0.7000000000000001,0.7000000000000001,0.8,30.0,95.0,30.0,1056,1048,8,1056,0.007575757575757576,1.2396646915372276,1.5,0.8264431276914851,500,0.4770992366412214,1.0,1
"iteration_3","SCOPE_DATA_COLLECTION",800,37,2290.0,2350.0,0,4966,3414,1056,5135,3321,1062,4951,3388,1044,11,18,8,0.0022168480451430876,0.005284791544333529,0.0076045627376425855,0.33011083595767826,0.7341226214650703,1.2346332036024614,0.6602216719153565,0.7341226214650703,0.823088802401641,0.2841850131286609,0.4613341204250295,0.4760536398467433,95.0,100.0,4741,4466,229,33,4,0,0.0069605568445475635,8.956560680698612E-4,0.0,0.9500000000000001,0.7000000000000001,0.7000000000000001,0.8,30.0,95.0,30.0,0.9500000000000001,0.7000000000000001,0.7000000000000001,0.8,30.0,95.0,30.0,5098,5084,14,5098,0.002746174970576697,0.32767419202205533,0.5,0.6553483840441107,1423,0.27989771833202204,1.0,1
"iteration_3","SCOPE_DATA_COLLECTION",800,37,2290.0,2350.0,1,4966,3414,1056,5135,3321,1062,4951,3388,1044,11,18,8,0.0022168480451430876,0.005284791544333529,0.0076045627376425855,0.33011083595767826,0.7341226214650703,1.2346332036024614,0.6602216719153565,0.7341226214650703,0.823088802401641,0.2841850131286609,0.4613341204250295,0.4760536398467433,95.0,100.0,4741,4466,229,33,4,0,0.0069605568445475635,8.956560680698612E-4,0.0,0.9500000000000001,0.7000000000000001,0.7000000000000001,0.8,30.0,95.0,30.0,0.9500000000000001,0.7000000000000001,0.7000000000000001,0.8,30.0,95.0,30.0,3327,3318,9,3327,0.002705139765554554,0.7275581982602738,1.0,0.7275581982602738,1507,0.45418927064496684,1.0,1
"iteration_3","SCOPE_DATA_COLLECTION",800,37,2290.0,2350.0,2,4966,3414,1056,5135,3321,1062,4951,3388,1044,11,18,8,0.0022168480451430876,0.005284791544333529,0.0076045627376425855,0.33011083595767826,0.7341226214650703,1.2346332036024614,0.6602216719153565,0.7341226214650703,0.823088802401641,0.2841850131286609,0.4613341204250295,0.4760536398467433,95.0,100.0,4741,4466,229,33,4,0,0.0069605568445475635,8.956560680698612E-4,0.0,0.9500000000000001,0.7000000000000001,0.7000000000000001,0.8,30.0,95.0,30.0,0.9500000000000001,0.7000000000000001,0.7000000000000001,0.8,30.0,95.0,30.0,1088,1078,10,1088,0.009191176470588236,1.2665024063580623,1.5,0.8443349375720416,526,0.48794063079777367,1.0,1
"iteration_3","SCOPE_DATA_COLLECTION",800,38,2350.0,2410.0,0,5098,3327,1088,4966,3414,1056,5071,3310,1082,13,9,10,0.0025570416994492528,0.0027116601385959627,0.009157509157509158,0.3271022398208461,0.7247716988432712,1.2766810464534004,0.6542044796416921,0.7247716988432712,0.8511206976356003,0.2788404653914415,0.4540785498489426,0.49353049907578556,100.0,100.0,4698,4569,246,27,5,0,0.005747126436781609,0.001094331363536879,0.0,0.9500000000000001,0.7000000000000001,0.7000000000000001,0.8,30.0,95.0,30.0,0.9500000000000001,0.7000000000000001,0.7000000000000001,0.8,30.0,95.0,30.0,5144,5135,9,5144,0.001749611197511664,0.33099026951535127,0.5,0.6619805390307025,1439,0.2802336903602726,1.0,1
"iteration_3","SCOPE_DATA_COLLECTION",800,38,2350.0,2410.0,1,5098,3327,1088,4966,3414,1056,5071,3310,1082,13,9,10,0.0025570416994492528,0.0027116601385959627,0.009157509157509158,0.3271022398208461,0.7247716988432712,1.2766810464534004,0.6542044796416921,0.7247716988432712,0.8511206976356003,0.2788404653914415,0.4540785498489426,0.49353049907578556,100.0,100.0,4698,4569,246,27,5,0,0.005747126436781609,0.001094331363536879,0.0,0.9500000000000001,0.7000000000000001,0.7000000000000001,0.8,30.0,95.0,30.0,0.9500000000000001,0.7000000000000001,0.7000000000000001,0.8,30.0,95.0,30.0,3306,3295,11,3306,0.003327283726557774,0.7123450317004707,1.0,0.7123450317004707,1479,0.4488619119878604,1.0,1
"iteration_3","SCOPE_DATA_COLLECTION",800,38,2350.0,2410.0,2,5098,3327,1088,4966,3414,1056,5071,3310,1082,13,9,10,0.0025570416994492528,0.0027116601385959627,0.009157509157509158,0.3271022398208461,0.7247716988432712,1.2766810464534004,0.6542044796416921,0.7247716988432712,0.8511206976356003,0.2788404653914415,0.4540785498489426,0.49353049907578556,100.0,100.0,4698,4569,246,27,5,0,0.005747126436781609,0.001094331363536879,0.0,0.9500000000000001,0.7000000000000001,0.7000000000000001,0.8,30.0,95.0,30.0,0.9500000000000001,0.7000000000000001,0.7000000000000001,0.8,30.0,95.0,30.0,1050,1039,11,1050,0.010476190476190476,1.2434809656802297,1.5,0.8289873104534865,505,0.48604427333974976,1.0,1
"iteration_3","SCOPE_DATA_COLLECTION",800,39,2410.0,2470.0,0,5144,3306,1050,5098,3327,1088,5149,3317,1031,10,11,11,0.0019383601473153711,0.0033052884615384615,0.01055662188099808,0.33329438864669375,0.7184881395157533,1.2331189908750628,0.6665887772933875,0.7184881395157533,0.8220793272500418,0.28374441639153236,0.4522158577027434,0.47914645974781767,97.5,100.0,4745,4519,236,27,5,0,0.005690200210748156,0.0011064394777605664,0.0,0.9500000000000001,0.7000000000000001,0.7000000000000001,0.8,30.0,95.0,30.0,0.05,0.5,0.8,0.2,25.0,55.0,75.0,5203,4018,1185,5203,0.22775321929655967,0.4616186242239947,0.5,0.9232372484479894,1548,0.3852663016426083,1.0,1
"iteration_3","SCOPE_DATA_COLLECTION",800,39,2410.0,2470.0,1,5144,3306,1050,5098,3327,1088,5149,3317,1031,10,11,11,0.0019383601473153711,0.0033052884615384615,0.01055662188099808,0.33329438864669375,0.7184881395157533,1.2331189908750628,0.6665887772933875,0.7184881395157533,0.8220793272500418,0.28374441639153236,0.4522158577027434,0.47914645974781767,97.5,100.0,4745,4519,236,27,5,0,0.005690200210748156,0.0011064394777605664,0.0,0.9500000000000001,0.7000000000000001,0.7000000000000001,0.8,30.0,95.0,30.0,0.05,0.5,0.8,0.2,25.0,55.0,75.0,3256,2461,795,3256,0.24416461916461915,0.9457251822159047,1.0,0.9457251822159047,1467,0.5960991466883381,1.0,1
"iteration_3","SCOPE_DATA_COLLECTION",800,39,2410.0,2470.0,2,5144,3306,1050,5098,3327,1088,5149,3317,1031,10,11,11,0.0019383601473153711,0.0033052884615384615,0.01055662188099808,0.33329438864669375,0.7184881395157533,1.2331189908750628,0.6665887772933875,0.7184881395157533,0.8220793272500418,0.28374441639153236,0.4522158577027434,0.47914645974781767,97.5,100.0,4745,4519,236,27,5,0,0.005690200210748156,0.0011064394777605664,0.0,0.9500000000000001,0.7000000000000001,0.7000000000000001,0.8,30.0,95.0,30.0,0.05,0.5,0.8,0.2,25.0,55.0,75.0,1064,843,221,1064,0.20770676691729323,1.555883460583158,1.5,1.037255640388772,533,0.6322657176749703,1.0,1
"iteration_3","SCOPE_DATA_COLLECTION",800,40,2470.0,2530.0,0,5203,3256,1064,5144,3306,1050,4027,2455,850,1185,795,221,0.22735993860322334,0.24461538461538462,0.20634920634920634,0.46086088985796103,0.9442832367830578,1.5574099785473985,0.9217217797159221,0.9442832367830578,1.038273319031599,0.3844052644648622,0.595112016293279,0.6341176470588236,97.5,100.0,4606,269,4648,10,0,2191,0.0021710811984368217,0.0,0.4713855421686747,0.05,0.5,0.8,0.2,25.0,55.0,75.0,0.05,0.6000000000000001,0.7000000000000001,0.30000000000000004,35.0,55.0,75.0,5120,4021,1099,5120,0.2146484375,0.4751445254146177,0.5,0.9502890508292354,1642,0.40835613031584184,1.0,1
"iteration_3","SCOPE_DATA_COLLECTION",800,40,2470.0,2530.0,1,5203,3256,1064,5144,3306,1050,4027,2455,850,1185,795,221,0.22735993860322334,0.24461538461538462,0.20634920634920634,0.46086088985796103,0.9442832367830578,1.5574099785473985,0.9217217797159221,0.9442832367830578,1.038273319031599,0.3844052644648622,0.595112016293279,0.6341176470588236,97.5,100.0,4606,269,4648,10,0,2191,0.0021710811984368217,0.0,0.4713855421686747,0.05,0.5,0.8,0.2,25.0,55.0,75.0,0.05,0.6000000000000001,0.7000000000000001,0.30000000000000004,35.0,55.0,75.0,3311,2569,742,3311,0.22410147991543342,0.9483644721402241,1.0,0.9483644721402241,1533,0.5967302452316077,1.0,1
"iteration_3","SCOPE_DATA_COLLECTION",800,40,2470.0,2530.0,2,5203,3256,1064,5144,3306,1050,4027,2455,850,1185,795,221,0.22735993860322334,0.24461538461538462,0.20634920634920634,0.46086088985796103,0.9442832367830578,1.5574099785473985,0.9217217797159221,0.9442832367830578,1.038273319031599,0.3844052644648622,0.595112016293279,0.6341176470588236,97.5,100.0,4606,269,4648,10,0,2191,0.0021710811984368217,0.0,0.4713855421686747,0.05,0.5,0.8,0.2,25.0,55.0,75.0,0.05,0.6000000000000001,0.7000000000000001,0.30000000000000004,35.0,55.0,75.0,1089,825,264,1089,0.24242424242424243,1.6097330808882566,1.5,1.0731553872588377,546,0.6618181818181819,1.0,1
"iteration_3","SCOPE_DATA_COLLECTION",800,41,2530.0,2590.0,0,5120,3311,1089,5203,3256,1064,4014,2569,821,1099,742,264,0.21494230393115588,0.22410147991543342,0.24331797235023042,0.47610925271793064,0.9500692327319364,1.6179072177529432,0.9522185054358613,0.9500692327319364,1.0786048118352956,0.4105630293971101,0.5978980147917478,0.6650426309378806,97.5,100.0,4649,242,4629,21,0,2084,0.004517100451710045,0.0,0.4502052279109959,0.05,0.6000000000000001,0.7000000000000001,0.30000000000000004,35.0,55.0,75.0,0.15000000000000002,0.5,0.6000000000000001,0.30000000000000004,45.0,45.0,65.0,5058,4621,437,5058,0.08639778568604191,0.3880076358902277,0.5,0.7760152717804554,1358,0.2938757844622376,1.0,1
"iteration_3","SCOPE_DATA_COLLECTION",800,41,2530.0,2590.0,1,5120,3311,1089,5203,3256,1064,4014,2569,821,1099,742,264,0.21494230393115588,0.22410147991543342,0.24331797235023042,0.47610925271793064,0.9500692327319364,1.6179072177529432,0.9522185054358613,0.9500692327319364,1.0786048118352956,0.4105630293971101,0.5978980147917478,0.6650426309378806,97.5,100.0,4649,242,4629,21,0,2084,0.004517100451710045,0.0,0.4502052279109959,0.05,0.6000000000000001,0.7000000000000001,0.30000000000000004,35.0,55.0,75.0,0.15000000000000002,0.5,0.6000000000000001,0.30000000000000004,45.0,45.0,65.0,3366,3087,279,3366,0.08288770053475936,0.8162542899294871,1.0,0.8162542899294871,1549,0.5017816650469712,1.0,1
"iteration_3","SCOPE_DATA_COLLECTION",800,41,2530.0,2590.0,2,5120,3311,1089,5203,3256,1064,4014,2569,821,1099,742,264,0.21494230393115588,0.22410147991543342,0.24331797235023042,0.47610925271793064,0.9500692327319364,1.6179072177529432,0.9522185054358613,0.9500692327319364,1.0786048118352956,0.4105630293971101,0.5978980147917478,0.6650426309378806,97.5,100.0,4649,242,4629,21,0,2084,0.004517100451710045,0.0,0.4502052279109959,0.05,0.6000000000000001,0.7000000000000001,0.30000000000000004,35.0,55.0,75.0,0.15000000000000002,0.5,0.6000000000000001,0.30000000000000004,45.0,45.0,65.0,1074,947,127,1074,0.11824953445065177,1.402093716987387,1.5,0.9347291446582581,537,0.5670538542766631,1.0,1
"iteration_3","SCOPE_DATA_COLLECTION",800,42,2590.0,2650.0,0,5058,3366,1074,5120,3311,1089,4617,3073,941,437,279,127,0.08646616541353383,0.08323389021479713,0.11891385767790262,0.38669017108462855,0.8141293515322046,1.3909321918756556,0.7733803421692571,0.8141293515322046,0.9272881279171038,0.29239766081871343,0.5017897819720143,0.5611052072263549,97.5,100.0,4642,744,4112,12,2,829,0.0025850926324859974,0.002688172043010753,0.20160505836575876,0.15000000000000002,0.5,0.6000000000000001,0.30000000000000004,45.0,45.0,65.0,0.05,0.4,0.7000000000000001,0.2,35.0,55.0,65.0,5161,4120,1041,5161,0.20170509591164504,0.4440674454159169,0.5,0.8881348908318338,1606,0.38980582524271845,1.0,1
"iteration_3","SCOPE_DATA_COLLECTION",800,42,2590.0,2650.0,1,5058,3366,1074,5120,3311,1089,4617,3073,941,437,279,127,0.08646616541353383,0.08323389021479713,0.11891385767790262,0.38669017108462855,0.8141293515322046,1.3909321918756556,0.7733803421692571,0.8141293515322046,0.9272881279171038,0.29239766081871343,0.5017897819720143,0.5611052072263549,97.5,100.0,4642,744,4112,12,2,829,0.0025850926324859974,0.002688172043010753,0.20160505836575876,0.15000000000000002,0.5,0.6000000000000001,0.30000000000000004,45.0,45.0,65.0,0.05,0.4,0.7000000000000001,0.2,35.0,55.0,65.0,3405,2646,759,3405,0.22290748898678414,0.9219540482630735,1.0,0.9219540482630735,1554,0.5873015873015873,1.0,1
"iteration_3","SCOPE_DATA_COLLECTION",800,42,2590.0,2650.0,2,5058,3366,1074,5120,3311,1089,4617,3073,941,437,279,127,0.08646616541353383,0.08323389021479713,0.11891385767790262,0.38669017108462855,0.8141293515322046,1.3909321918756556,0.7733803421692571,0.8141293515322046,0.9272881279171038,0.29239766081871343,0.5017897819720143,0.5611052072263549,97.5,100.0,4642,744,4112,12,2,829,0.0025850926324859974,0.002688172043010753,0.20160505836575876,0.15000000000000002,0.5,0.6000000000000001,0.30000000000000004,45.0,45.0,65.0,0.05,0.4,0.7000000000000001,0.2,35.0,55.0,65.0,1073,812,261,1073,0.24324324324324326,1.5450329295195213,1.5,1.0300219530130141,510,0.6280788177339901,1.0,1
"iteration_3","SCOPE_DATA_COLLECTION",800,43,2650.0,2710.0,0,5161,3405,1073,5058,3366,1074,4137,2655,818,1041,759,261,0.2010428736964079,0.22231985940246046,0.24189063948100092,0.4447274561277087,0.9221802377684446,1.5446656335157458,0.8894549122554174,0.9221802377684446,1.0297770890104971,0.38965433889291756,0.5845574387947269,0.628361858190709,97.5,100.0,4720,262,4657,19,0,2042,0.004025423728813559,0.0,0.43847970796650204,0.05,0.4,0.7000000000000001,0.2,35.0,55.0,65.0,0.45,0.6000000000000001,0.6000000000000001,0.6000000000000001,40.0,20.0,95.0,4991,4988,3,4991,6.010819475055099E-4,0.33367901633456265,0.5,0.6673580326691253,1387,0.2780673616680032,1.0,1
"iteration_3","SCOPE_DATA_COLLECTION",800,43,2650.0,2710.0,1,5161,3405,1073,5058,3366,1074,4137,2655,818,1041,759,261,0.2010428736964079,0.22231985940246046,0.24189063948100092,0.4447274561277087,0.9221802377684446,1.5446656335157458,0.8894549122554174,0.9221802377684446,1.0297770890104971,0.38965433889291756,0.5845574387947269,0.628361858190709,97.5,100.0,4720,262,4657,19,0,2042,0.004025423728813559,0.0,0.43847970796650204,0.05,0.4,0.7000000000000001,0.2,35.0,55.0,65.0,0.45,0.6000000000000001,0.6000000000000001,0.6000000000000001,40.0,20.0,95.0,3306,3301,5,3306,0.0015124016938898972,0.7174207963488075,1.0,0.7174207963488075,1497,0.4534989397152378,1.0,1
"iteration_3","SCOPE_DATA_COLLECTION",800,43,2650.0,2710.0,2,5161,3405,1073,5058,3366,1074,4137,2655,818,1041,759,261,0.2010428736964079,0.22231985940246046,0.24189063948100092,0.4447274561277087,0.9221802377684446,1.5446656335157458,0.8894549122554174,0.9221802377684446,1.0297770890104971,0.38965433889291756,0.5845574387947269,0.628361858190709,97.5,100.0,4720,262,4657,19,0,2042,0.004025423728813559,0.0,0.43847970796650204,0.05,0.4,0.7000000000000001,0.2,35.0,55.0,65.0,0.45,0.6000000000000001,0.6000000000000001,0.6000000000000001,40.0,20.0,95.0,1008,996,12,1008,0.011904761904761904,1.2845793726915729,1.5,0.8563862484610486,511,0.5130522088353414,1.0,1
"iteration_3","SCOPE_DATA_COLLECTION",800,44,2710.0,2770.0,0,4991,3306,1008,5161,3405,1073,4979,3299,995,3,5,12,6.021678040947411E-4,0.001513317191283293,0.011916583912611719,0.33369308163288935,0.7184807588328118,1.291388517427925,0.6673861632657787,0.7184807588328118,0.8609256782852833,0.27716408917453306,0.45438011518642013,0.5165829145728643,95.0,100.0,4668,2105,2532,18,2,0,0.0038560411311053984,9.501187648456057E-4,0.0,0.45,0.6000000000000001,0.6000000000000001,0.6000000000000001,40.0,20.0,95.0,0.45,0.6000000000000001,0.5,0.6000000000000001,50.0,20.0,95.0,5134,5133,1,5134,1.9477989871445267E-4,0.31759421468702714,0.5,0.6351884293740543,1433,0.27917397233586594,1.0,1
"iteration_3","SCOPE_DATA_COLLECTION",800,44,2710.0,2770.0,1,4991,3306,1008,5161,3405,1073,4979,3299,995,3,5,12,6.021678040947411E-4,0.001513317191283293,0.011916583912611719,0.33369308163288935,0.7184807588328118,1.291388517427925,0.6673861632657787,0.7184807588328118,0.8609256782852833,0.27716408917453306,0.45438011518642013,0.5165829145728643,95.0,100.0,4668,2105,2532,18,2,0,0.0038560411311053984,9.501187648456057E-4,0.0,0.45,0.6000000000000001,0.6000000000000001,0.6000000000000001,40.0,20.0,95.0,0.45,0.6000000000000001,0.5,0.6000000000000001,50.0,20.0,95.0,3493,3487,6,3493,0.0017177211565989122,0.7089828246788431,1.0,0.7089828246788431,1535,0.4402064812159449,1.0,1
"iteration_3","SCOPE_DATA_COLLECTION",800,44,2710.0,2770.0,2,4991,3306,1008,5161,3405,1073,4979,3299,995,3,5,12,6.021678040947411E-4,0.001513317191283293,0.011916583912611719,0.33369308163288935,0.7184807588328118,1.291388517427925,0.6673861632657787,0.7184807588328118,0.8609256782852833,0.27716408917453306,0.45438011518642013,0.5165829145728643,95.0,100.0,4668,2105,2532,18,2,0,0.0038560411311053984,9.501187648456057E-4,0.0,0.45,0.6000000000000001,0.6000000000000001,0.6000000000000001,40.0,20.0,95.0,0.45,0.6000000000000001,0.5,0.6000000000000001,50.0,20.0,95.0,1084,1072,12,1084,0.01107011070110701,1.2607083513821686,1.5,0.8404722342547791,530,0.4944029850746269,1.0,1
"iteration_3","SCOPE_DATA_COLLECTION",800,45,2770.0,2830.0,0,5134,3493,1084,4991,3306,1008,5117,3491,1082,1,6,12,1.9538882375928098E-4,0.0017157563625965113,0.010968921389396709,0.31552955113949377,0.7078995074893195,1.2629979916988747,0.6310591022789875,0.7078995074893195,0.8419986611325831,0.2777017783857729,0.4397020910913778,0.49630314232902034,100.0,100.0,4684,2226,2801,18,1,0,0.003842869342442357,4.492362982929021E-4,0.0,0.45,0.6000000000000001,0.5,0.6000000000000001,50.0,20.0,95.0,0.55,0.7000000000000001,0.6000000000000001,0.7000000000000001,50.0,30.0,95.0,5107,5099,8,5107,0.0015664773839827687,0.31931011908409535,0.5,0.6386202381681907,1392,0.27299470484408705,1.0,1
"iteration_3","SCOPE_DATA_COLLECTION",800,45,2770.0,2830.0,1,5134,3493,1084,4991,3306,1008,5117,3491,1082,1,6,12,1.9538882375928098E-4,0.0017157563625965113,0.010968921389396709,0.31552955113949377,0.7078995074893195,1.2629979916988747,0.6310591022789875,0.7078995074893195,0.8419986611325831,0.2777017783857729,0.4397020910913778,0.49630314232902034,100.0,100.0,4684,2226,2801,18,1,0,0.003842869342442357,4.492362982929021E-4,0.0,0.45,0.6000000000000001,0.5,0.6000000000000001,50.0,20.0,95.0,0.55,0.7000000000000001,0.6000000000000001,0.7000000000000001,50.0,30.0,95.0,3340,3326,14,3340,0.004191616766467066,0.7010267138642633,1.0,0.7010267138642633,1468,0.44137101623571856,1.0,1
"iteration_3","SCOPE_DATA_COLLECTION",800,45,2770.0,2830.0,2,5134,3493,1084,4991,3306,1008,5117,3491,1082,1,6,12,1.9538882375928098E-4,0.0017157563625965113,0.010968921389396709,0.31552955113949377,0.7078995074893195,1.2629979916988747,0.6310591022789875,0.7078995074893195,0.8419986611325831,0.2777017783857729,0.4397020910913778,0.49630314232902034,100.0,100.0,4684,2226,2801,18,1,0,0.003842869342442357,4.492362982929021E-4,0.0,0.45,0.6000000000000001,0.5,0.6000000000000001,50.0,20.0,95.0,0.55,0.7000000000000001,0.6000000000000001,0.7000000000000001,50.0,30.0,95.0,1037,1024,13,1037,0.01253616200578592,1.278537088111666,1.5,0.8523580587411107,518,0.505859375,1.0,1
"iteration_3","SCOPE_DATA_COLLECTION",800,46,2830.0,2890.0,0,5107,3340,1037,5134,3493,1084,5104,3325,1019,8,14,13,0.001564945226917058,0.0041928721174004195,0.012596899224806201,0.32023561693385844,0.7018350870971354,1.2782438687393067,0.6404712338677169,0.7018350870971354,0.8521625791595379,0.27370689655172414,0.44090225563909774,0.5044160942100098,100.0,100.0,4716,2688,2080,34,1,0,0.00720949957591179,3.720238095238095E-4,0.0,0.55,0.7000000000000001,0.6000000000000001,0.7000000000000001,50.0,30.0,95.0,0.65,0.8,0.6000000000000001,0.8,50.0,30.0,85.0,5043,5038,5,5043,9.9147332936744E-4,0.31858836137553614,0.5,0.6371767227510723,1390,0.2759031361651449,1.0,1
"iteration_3","SCOPE_DATA_COLLECTION",800,46,2830.0,2890.0,1,5107,3340,1037,5134,3493,1084,5104,3325,1019,8,14,13,0.001564945226917058,0.0041928721174004195,0.012596899224806201,0.32023561693385844,0.7018350870971354,1.2782438687393067,0.6404712338677169,0.7018350870971354,0.8521625791595379,0.27370689655172414,0.44090225563909774,0.5044160942100098,100.0,100.0,4716,2688,2080,34,1,0,0.00720949957591179,3.720238095238095E-4,0.0,0.55,0.7000000000000001,0.6000000000000001,0.7000000000000001,50.0,30.0,95.0,0.65,0.8,0.6000000000000001,0.8,50.0,30.0,85.0,3354,3344,10,3354,0.0029815146094215863,0.7136137436067115,1.0,0.7136137436067115,1493,0.4464712918660287,1.0,1
"iteration_3","SCOPE_DATA_COLLECTION",800,46,2830.0,2890.0,2,5107,3340,1037,5134,3493,1084,5104,3325,1019,8,14,13,0.001564945226917058,0.0041928721174004195,0.012596899224806201,0.32023561693385844,0.7018350870971354,1.2782438687393067,0.6404712338677169,0.7018350870971354,0.8521625791595379,0.27370689655172414,0.44090225563909774,0.5044160942100098,100.0,100.0,4716,2688,2080,34,1,0,0.00720949957591179,3.720238095238095E-4,0.0,0.55,0.7000000000000001,0.6000000000000001,0.7000000000000001,50.0,30.0,95.0,0.65,0.8,0.6000000000000001,0.8,50.0,30.0,85.0,1080,1065,15,1080,0.013888888888888888,1.25709540531828,1.5,0.8380636035455199,524,0.492018779342723,1.0,1
"iteration_3","SCOPE_DATA_COLLECTION",800,47,2890.0,2950.0,0,5043,3354,1080,5107,3340,1037,5046,3342,1068,5,10,15,9.899029895070284E-4,0.0029832935560859188,0.013850415512465374,0.3202305945943077,0.7139144157888858,1.2548215128573024,0.6404611891886154,0.7139144157888858,0.8365476752382016,0.2780420134760206,0.4473369239976062,0.49157303370786515,100.0,100.0,4670,3167,1640,27,3,0,0.005781584582441114,9.47268708556994E-4,0.0,0.65,0.8,0.6000000000000001,0.8,50.0,30.0,85.0,0.8,0.6000000000000001,0.30000000000000004,0.1,55.0,25.0,80.0,5033,5031,2,5033,3.9737730975561295E-4,0.3134740201462194,0.5,0.6269480402924388,1348,0.26793877956668655,1.0,1
"iteration_3","SCOPE_DATA_COLLECTION",800,47,2890.0,2950.0,1,5043,3354,1080,5107,3340,1037,5046,3342,1068,5,10,15,9.899029895070284E-4,0.0029832935560859188,0.013850415512465374,0.3202305945943077,0.7139144157888858,1.2548215128573024,0.6404611891886154,0.7139144157888858,0.8365476752382016,0.2780420134760206,0.4473369239976062,0.49157303370786515,100.0,100.0,4670,3167,1640,27,3,0,0.005781584582441114,9.47268708556994E-4,0.0,0.65,0.8,0.6000000000000001,0.8,50.0,30.0,85.0,0.8,0.6000000000000001,0.30000000000000004,0.1,55.0,25.0,80.0,3401,3396,5,3401,0.001470155836518671,0.6756162192137123,1.0,0.6756162192137123,1467,0.43197879858657245,1.0,1
"iteration_3","SCOPE_DATA_COLLECTION",800,47,2890.0,2950.0,2,5043,3354,1080,5107,3340,1037,5046,3342,1068,5,10,15,9.899029895070284E-4,0.0029832935560859188,0.013850415512465374,0.3202305945943077,0.7139144157888858,1.2548215128573024,0.6404611891886154,0.7139144157888858,0.8365476752382016,0.2780420134760206,0.4473369239976062,0.49157303370786515,100.0,100.0,4670,3167,1640,27,3,0,0.005781584582441114,9.47268708556994E-4,0.0,0.65,0.8,0.6000000000000001,0.8,50.0,30.0,85.0,0.8,0.6000000000000001,0.30000000000000004,0.1,55.0,25.0,80.0,1103,1099,4,1103,0.003626473254759746,1.2301690952103883,1.5,0.8201127301402589,547,0.49772520473157417,1.0,1
"iteration_3","SCOPE_DATA_COLLECTION",800,48,2950.0,3010.0,0,5033,3401,1103,5043,3354,1080,5022,3393,1092,2,5,4,3.980891719745223E-4,0.0014714537963507945,0.0036496350364963502,0.31221833006496524,0.6741835584912902,1.224220057115126,0.6244366601299305,0.6741835584912902,0.8161467047434173,0.2654320987654321,0.43147656940760387,0.49542124542124544,100.0,100.0,4539,4015,983,9,2,0,0.0019828155981493722,4.9813200498132E-4,0.0,0.8,0.6000000000000001,0.30000000000000004,0.1,55.0,25.0,80.0,0.8,0.7000000000000001,0.4,0.2,65.0,20.0,90.0,5110,5106,4,5110,7.827788649706458E-4,0.3166796838551209,0.5,0.6333593677102418,1412,0.2765374069721896,1.0,1
"iteration_3","SCOPE_DATA_COLLECTION",800,48,2950.0,3010.0,1,5033,3401,1103,5043,3354,1080,5022,3393,1092,2,5,4,3.980891719745223E-4,0.0014714537963507945,0.0036496350364963502,0.31221833006496524,0.6741835584912902,1.224220057115126,0.6244366601299305,0.6741835584912902,0.8161467047434173,0.2654320987654321,0.43147656940760387,0.49542124542124544,100.0,100.0,4539,4015,983,9,2,0,0.0019828155981493722,4.9813200498132E-4,0.0,0.8,0.6000000000000001,0.30000000000000004,0.1,55.0,25.0,80.0,0.8,0.7000000000000001,0.4,0.2,65.0,20.0,90.0,3254,3245,9,3254,0.0027658266748617085,0.7002445124702597,1.0,0.7002445124702597,1447,0.44591679506933746,1.0,1
"iteration_3","SCOPE_DATA_COLLECTION",800,48,2950.0,3010.0,2,5033,3401,1103,5043,3354,1080,5022,3393,1092,2,5,4,3.980891719745223E-4,0.0014714537963507945,0.0036496350364963502,0.31221833006496524,0.6741835584912902,1.224220057115126,0.6244366601299305,0.6741835584912902,0.8161467047434173,0.2654320987654321,0.43147656940760387,0.49542124542124544,100.0,100.0,4539,4015,983,9,2,0,0.0019828155981493722,4.9813200498132E-4,0.0,0.8,0.6000000000000001,0.30000000000000004,0.1,55.0,25.0,80.0,0.8,0.7000000000000001,0.4,0.2,65.0,20.0,90.0,1086,1081,5,1086,0.004604051565377533,1.1763885142842119,1.5,0.7842590095228079,504,0.4662349676225717,1.0,1
"iteration_3","SCOPE_DATA_COLLECTION",800,49,3010.0,3070.0,0,5110,3254,1086,5033,3401,1103,5117,3267,1084,4,9,5,7.810974419058778E-4,0.0027472527472527475,0.004591368227731864,0.3174033839979377,0.7047974063376788,1.1842990683841976,0.6348067679958754,0.7047974063376788,0.7895327122561318,0.27848348641782295,0.4487297214569942,0.46863468634686345,95.0,100.0,4554,3902,994,15,3,0,0.0032938076416337285,7.688364941055869E-4,0.0,0.8,0.7000000000000001,0.4,0.2,65.0,20.0,90.0,0.15000000000000002,0.30000000000000004,0.4,0.7000000000000001,95.0,60.0,75.0,5051,4678,373,5051,0.07384676301722432,0.3510627281263623,0.5,0.7021254562527246,1250,0.2672082086361693,1.0,1
"iteration_3","SCOPE_DATA_COLLECTION",800,49,3010.0,3070.0,1,5110,3254,1086,5033,3401,1103,5117,3267,1084,4,9,5,7.810974419058778E-4,0.0027472527472527475,0.004591368227731864,0.3174033839979377,0.7047974063376788,1.1842990683841976,0.6348067679958754,0.7047974063376788,0.7895327122561318,0.27848348641782295,0.4487297214569942,0.46863468634686345,95.0,100.0,4554,3902,994,15,3,0,0.0032938076416337285,7.688364941055869E-4,0.0,0.8,0.7000000000000001,0.4,0.2,65.0,20.0,90.0,0.15000000000000002,0.30000000000000004,0.4,0.7000000000000001,95.0,60.0,75.0,3316,3042,274,3316,0.08262967430639324,0.7744970528030839,1.0,0.7744970528030839,1480,0.48652202498356345,1.0,1
"iteration_3","SCOPE_DATA_COLLECTION",800,49,3010.0,3070.0,2,5110,3254,1086,5033,3401,1103,5117,3267,1084,4,9,5,7.810974419058778E-4,0.0027472527472527475,0.004591368227731864,0.3174033839979377,0.7047974063376788,1.1842990683841976,0.6348067679958754,0.7047974063376788,0.7895327122561318,0.27848348641782295,0.4487297214569942,0.46863468634686345,95.0,100.0,4554,3902,994,15,3,0,0.0032938076416337285,7.688364941055869E-4,0.0,0.8,0.7000000000000001,0.4,0.2,65.0,20.0,90.0,0.15000000000000002,0.30000000000000004,0.4,0.7000000000000001,95.0,60.0,75.0,1061,950,111,1061,0.10461828463713478,1.371593827837968,1.5,0.914395885225312,517,0.5442105263157895,1.0,1
"iteration_3","SCOPE_DATA_COLLECTION",800,50,3070.0,3130.0,0,5051,3316,1061,5110,3254,1086,4675,3039,942,371,270,107,0.07352358303606818,0.0815956482320943,0.10200190657769304,0.349982629818002,0.7736001235489544,1.3609280342336516,0.699965259636004,0.7736001235489544,0.9072853561557678,0.265668449197861,0.48634419216847646,0.5392781316348195,100.0,100.0,4774,654,4000,20,1,727,0.0041893590280687055,0.0015290519877675841,0.18175,0.15000000000000002,0.30000000000000004,0.4,0.7000000000000001,95.0,60.0,75.0,0.30000000000000004,0.9,0.2,0.6000000000000001,75.0,55.0,35.0,4999,4955,44,4999,0.008801760352070413,0.3448056137975241,0.5,0.6896112275950482,1498,0.30232088799192736,1.0,1
"iteration_3","SCOPE_DATA_COLLECTION",800,50,3070.0,3130.0,1,5051,3316,1061,5110,3254,1086,4675,3039,942,371,270,107,0.07352358303606818,0.0815956482320943,0.10200190657769304,0.349982629818002,0.7736001235489544,1.3609280342336516,0.699965259636004,0.7736001235489544,0.9072853561557678,0.265668449197861,0.48634419216847646,0.5392781316348195,100.0,100.0,4774,654,4000,20,1,727,0.0041893590280687055,0.0015290519877675841,0.18175,0.15000000000000002,0.30000000000000004,0.4,0.7000000000000001,95.0,60.0,75.0,0.30000000000000004,0.9,0.2,0.6000000000000001,75.0,55.0,35.0,3467,3428,39,3467,0.011248918373233344,0.6747049332597173,1.0,0.6747049332597173,1432,0.4177362893815636,1.0,1
"iteration_3","SCOPE_DATA_COLLECTION",800,50,3070.0,3130.0,2,5051,3316,1061,5110,3254,1086,4675,3039,942,371,270,107,0.07352358303606818,0.0815956482320943,0.10200190657769304,0.349982629818002,0.7736001235489544,1.3609280342336516,0.699965259636004,0.7736001235489544,0.9072853561557678,0.265668449197861,0.48634419216847646,0.5392781316348195,100.0,100.0,4774,654,4000,20,1,727,0.0041893590280687055,0.0015290519877675841,0.18175,0.15000000000000002,0.30000000000000004,0.4,0.7000000000000001,95.0,60.0,75.0,0.30000000000000004,0.9,0.2,0.6000000000000001,75.0,55.0,35.0,1105,1091,14,1105,0.012669683257918552,1.252225620305664,1.5,0.8348170802037761,535,0.4903758020164986,1.0,1
"iteration_3","SCOPE_DATA_COLLECTION",800,51,3130.0,3190.0,0,4999,3467,1105,5051,3316,1061,4960,3414,1096,46,43,18,0.009188973232121454,0.012438530517789991,0.01615798922800718,0.34547172073866517,0.670945583577693,1.2550936228927212,0.6909434414773303,0.670945583577693,0.8367290819284808,0.3030241935483871,0.4144698301113064,0.4936131386861314,100.0,100.0,4627,1519,3425,15,1,91,0.003241841365895829,6.583278472679394E-4,0.026569343065693432,0.30000000000000004,0.9,0.2,0.6000000000000001,75.0,55.0,35.0,0.4,0.9,0.2,0.5,75.0,45.0,25.0,5030,5021,9,5030,0.0017892644135188867,0.33433070547975235,0.5,0.6686614109595047,1442,0.28719378609838675,1.0,1
"iteration_3","SCOPE_DATA_COLLECTION",800,51,3130.0,3190.0,1,4999,3467,1105,5051,3316,1061,4960,3414,1096,46,43,18,0.009188973232121454,0.012438530517789991,0.01615798922800718,0.34547172073866517,0.670945583577693,1.2550936228927212,0.6909434414773303,0.670945583577693,0.8367290819284808,0.3030241935483871,0.4144698301113064,0.4936131386861314,100.0,100.0,4627,1519,3425,15,1,91,0.003241841365895829,6.583278472679394E-4,0.026569343065693432,0.30000000000000004,0.9,0.2,0.6000000000000001,75.0,55.0,35.0,0.4,0.9,0.2,0.5,75.0,45.0,25.0,3445,3439,6,3445,0.0017416545718432512,0.6810682189585641,1.0,0.6810682189585641,1474,0.4286129688863042,1.0,1
"iteration_3","SCOPE_DATA_COLLECTION",800,51,3130.0,3190.0,2,4999,3467,1105,5051,3316,1061,4960,3414,1096,46,43,18,0.009188973232121454,0.012438530517789991,0.01615798922800718,0.34547172073866517,0.670945583577693,1.2550936228927212,0.6909434414773303,0.670945583577693,0.8367290819284808,0.3030241935483871,0.4144698301113064,0.4936131386861314,100.0,100.0,4627,1519,3425,15,1,91,0.003241841365895829,6.583278472679394E-4,0.026569343065693432,0.30000000000000004,0.9,0.2,0.6000000000000001,75.0,55.0,35.0,0.4,0.9,0.2,0.5,75.0,45.0,25.0,1062,1057,5,1062,0.004708097928436911,1.2313463665555155,1.5,0.820897577703677,508,0.4806054872280038,1.0,1
"iteration_3","SCOPE_DATA_COLLECTION",800,52,3190.0,3250.0,0,5030,3445,1062,4999,3467,1105,5019,3447,1066,9,6,5,0.0017899761336515514,0.0017376194613379669,0.004668534080298786,0.33461614370553006,0.6827935957161247,1.237952737238215,0.6692322874110601,0.6827935957161247,0.8253018248254768,0.2881052002390915,0.4308093994778068,0.4821763602251407,97.5,100.0,4597,2049,2891,19,1,0,0.004133130302371111,4.880429477794046E-4,0.0,0.4,0.9,0.2,0.5,75.0,45.0,25.0,0.9,0.7000000000000001,0.30000000000000004,0.6000000000000001,95.0,70.0,40.0,5185,5177,8,5185,0.0015429122468659595,0.324280390804725,0.5,0.64856078160945,1493,0.28839096001545295,1.0,1
"iteration_3","SCOPE_DATA_COLLECTION",800,52,3190.0,3250.0,1,5030,3445,1062,4999,3467,1105,5019,3447,1066,9,6,5,0.0017899761336515514,0.0017376194613379669,0.004668534080298786,0.33461614370553006,0.6827935957161247,1.237952737238215,0.6692322874110601,0.6827935957161247,0.8253018248254768,0.2881052002390915,0.4308093994778068,0.4821763602251407,97.5,100.0,4597,2049,2891,19,1,0,0.004133130302371111,4.880429477794046E-4,0.0,0.4,0.9,0.2,0.5,75.0,45.0,25.0,0.9,0.7000000000000001,0.30000000000000004,0.6000000000000001,95.0,70.0,40.0,3458,3449,9,3458,0.0026026604973973396,0.7004705930200431,1.0,0.7004705930200431,1544,0.44766599014207015,1.0,1
"iteration_3","SCOPE_DATA_COLLECTION",800,52,3190.0,3250.0,2,5030,3445,1062,4999,3467,1105,5019,3447,1066,9,6,5,0.0017899761336515514,0.0017376194613379669,0.004668534080298786,0.33461614370553006,0.6827935957161247,1.237952737238215,0.6692322874110601,0.6827935957161247,0.8253018248254768,0.2881052002390915,0.4308093994778068,0.4821763602251407,97.5,100.0,4597,2049,2891,19,1,0,0.004133130302371111,4.880429477794046E-4,0.0,0.4,0.9,0.2,0.5,75.0,45.0,25.0,0.9,0.7000000000000001,0.30000000000000004,0.6000000000000001,95.0,70.0,40.0,1022,1009,13,1022,0.012720156555772993,1.2297081422704972,1.5,0.8198054281803314,486,0.48166501486620417,1.0,1
"iteration_3","SCOPE_DATA_COLLECTION",800,53,3250.0,3310.0,0,5185,3458,1022,5030,3445,1062,5165,3441,1003,8,9,13,0.0015464913976416005,0.0026086956521739132,0.012795275590551181,0.3235370098197531,0.7019679524646806,1.2264780883970234,0.6470740196395062,0.7019679524646806,0.817652058931349,0.28654404646660214,0.44812554489973844,0.48055832502492524,100.0,100.0,4720,4413,532,25,5,0,0.005296610169491525,0.0011330160888284614,0.0,0.9,0.7000000000000001,0.30000000000000004,0.6000000000000001,95.0,70.0,40.0,0.9500000000000001,0.6000000000000001,0.4,0.7000000000000001,85.0,60.0,40.0,5188,5181,7,5188,0.0013492675404780262,0.32180379230127915,0.5,0.6436075846025583,1438,0.2775525960239336,1.0,1
"iteration_3","SCOPE_DATA_COLLECTION",800,53,3250.0,3310.0,1,5185,3458,1022,5030,3445,1062,5165,3441,1003,8,9,13,0.0015464913976416005,0.0026086956521739132,0.012795275590551181,0.3235370098197531,0.7019679524646806,1.2264780883970234,0.6470740196395062,0.7019679524646806,0.817652058931349,0.28654404646660214,0.44812554489973844,0.48055832502492524,100.0,100.0,4720,4413,532,25,5,0,0.005296610169491525,0.0011330160888284614,0.0,0.9,0.7000000000000001,0.30000000000000004,0.6000000000000001,95.0,70.0,40.0,0.9500000000000001,0.6000000000000001,0.4,0.7000000000000001,85.0,60.0,40.0,3344,3334,10,3344,0.0029904306220095694,0.7094447826419199,1.0,0.7094447826419199,1505,0.45140971805638874,1.0,1
"iteration_3","SCOPE_DATA_COLLECTION",800,53,3250.0,3310.0,2,5185,3458,1022,5030,3445,1062,5165,3441,1003,8,9,13,0.0015464913976416005,0.0026086956521739132,0.012795275590551181,0.3235370098197531,0.7019679524646806,1.2264780883970234,0.6470740196395062,0.7019679524646806,0.817652058931349,0.28654404646660214,0.44812554489973844,0.48055832502492524,100.0,100.0,4720,4413,532,25,5,0,0.005296610169491525,0.0011330160888284614,0.0,0.9,0.7000000000000001,0.30000000000000004,0.6000000000000001,95.0,70.0,40.0,0.9500000000000001,0.6000000000000001,0.4,0.7000000000000001,85.0,60.0,40.0,1033,1023,10,1033,0.00968054211035818,1.2898048192071674,1.5,0.8598698794714449,515,0.5034213098729228,1.0,1
"iteration_3","SCOPE_DATA_COLLECTION",800,54,3310.0,3370.0,0,5188,3344,1033,5185,3458,1022,5186,3327,1026,7,10,10,0.0013479684190256115,0.0029967036260113876,0.009652509652509652,0.32301600566712807,0.708193943756174,1.29284483053509,0.6460320113342561,0.708193943756174,0.8618965536900599,0.2792132664866949,0.4499549143372408,0.5048732943469786,100.0,100.0,4723,4636,206,26,1,0,0.0055049756510692355,2.1570319240724764E-4,0.0,0.9500000000000001,0.6000000000000001,0.4,0.7000000000000001,85.0,60.0,40.0,0.9500000000000001,0.6000000000000001,0.4,0.7000000000000001,85.0,60.0,40.0,5046,5038,8,5046,0.0015854141894569957,0.3283027949602355,0.5,0.656605589920471,1418,0.2814608971814212,1.0,1
"iteration_3","SCOPE_DATA_COLLECTION",800,54,3310.0,3370.0,1,5188,3344,1033,5185,3458,1022,5186,3327,1026,7,10,10,0.0013479684190256115,0.0029967036260113876,0.009652509652509652,0.32301600566712807,0.708193943756174,1.29284483053509,0.6460320113342561,0.708193943756174,0.8618965536900599,0.2792132664866949,0.4499549143372408,0.5048732943469786,100.0,100.0,4723,4636,206,26,1,0,0.0055049756510692355,2.1570319240724764E-4,0.0,0.9500000000000001,0.6000000000000001,0.4,0.7000000000000001,85.0,60.0,40.0,0.9500000000000001,0.6000000000000001,0.4,0.7000000000000001,85.0,60.0,40.0,3347,3342,5,3347,0.0014938751120406335,0.698762238774835,1.0,0.698762238774835,1479,0.44254937163375224,1.0,1
"iteration_3","SCOPE_DATA_COLLECTION",800,54,3310.0,3370.0,2,5188,3344,1033,5185,3458,1022,5186,3327,1026,7,10,10,0.0013479684190256115,0.0029967036260113876,0.009652509652509652,0.32301600566712807,0.708193943756174,1.29284483053509,0.6460320113342561,0.708193943756174,0.8618965536900599,0.2792132664866949,0.4499549143372408,0.5048732943469786,100.0,100.0,4723,4636,206,26,1,0,0.0055049756510692355,2.1570319240724764E-4,0.0,0.9500000000000001,0.6000000000000001,0.4,0.7000000000000001,85.0,60.0,40.0,0.9500000000000001,0.6000000000000001,0.4,0.7000000000000001,85.0,60.0,40.0,1048,1035,13,1048,0.012404580152671756,1.2505153456697846,1.5,0.8336768971131897,509,0.49178743961352656,1.0,1
"iteration_3","SCOPE_DATA_COLLECTION",800,55,3370.0,3430.0,0,5046,3347,1048,5188,3344,1033,5033,3340,1036,8,5,13,0.0015869867089863122,0.0014947683109118087,0.012392755004766444,0.3269942191435355,0.6973751065636604,1.2532834001801991,0.653988438287071,0.6973751065636604,0.8355222667867994,0.2809457579972184,0.4410179640718563,0.49324324324324326,100.0,100.0,4716,4518,207,21,5,0,0.004452926208651399,0.0011066843736166445,0.0,0.9500000000000001,0.6000000000000001,0.4,0.7000000000000001,85.0,60.0,40.0,0.9,0.30000000000000004,0.30000000000000004,0.5,55.0,30.0,50.0,5125,5117,8,5125,0.0015609756097560976,0.2999276026816266,0.5,0.5998552053632532,1180,0.23060386945475864,1.0,1
"iteration_3","SCOPE_DATA_COLLECTION",800,55,3370.0,3430.0,1,5046,3347,1048,5188,3344,1033,5033,3340,1036,8,5,13,0.0015869867089863122,0.0014947683109118087,0.012392755004766444,0.3269942191435355,0.6973751065636604,1.2532834001801991,0.653988438287071,0.6973751065636604,0.8355222667867994,0.2809457579972184,0.4410179640718563,0.49324324324324326,100.0,100.0,4716,4518,207,21,5,0,0.004452926208651399,0.0011066843736166445,0.0,0.9500000000000001,0.6000000000000001,0.4,0.7000000000000001,85.0,60.0,40.0,0.9,0.30000000000000004,0.30000000000000004,0.5,55.0,30.0,50.0,3388,3374,14,3388,0.004132231404958678,0.6933637075999379,1.0,0.6933637075999379,1477,0.43775933609958506,1.0,1
"iteration_3","SCOPE_DATA_COLLECTION",800,55,3370.0,3430.0,2,5046,3347,1048,5188,3344,1033,5033,3340,1036,8,5,13,0.0015869867089863122,0.0014947683109118087,0.012392755004766444,0.3269942191435355,0.6973751065636604,1.2532834001801991,0.653988438287071,0.6973751065636604,0.8355222667867994,0.2809457579972184,0.4410179640718563,0.49324324324324326,100.0,100.0,4716,4518,207,21,5,0,0.004452926208651399,0.0011066843736166445,0.0,0.9500000000000001,0.6000000000000001,0.4,0.7000000000000001,85.0,60.0,40.0,0.9,0.30000000000000004,0.30000000000000004,0.5,55.0,30.0,50.0,1104,1099,5,1104,0.004528985507246377,1.270692296013118,1.5,0.8471281973420787,558,0.5077343039126478,1.0,1
"iteration_3","SCOPE_DATA_COLLECTION",800,56,3430.0,3490.0,0,5125,3388,1104,5046,3347,1048,5105,3380,1094,8,14,5,0.0015646391550948563,0.0041249263406010605,0.004549590536851683,0.2984945958674699,0.6904492158515559,1.2623146201547035,0.5969891917349398,0.6904492158515559,0.8415430801031357,0.22722820763956905,0.4372781065088757,0.5045703839122486,100.0,100.0,4672,4406,539,19,8,0,0.004066780821917808,0.0018157058556513845,0.0,0.9,0.30000000000000004,0.30000000000000004,0.5,55.0,30.0,50.0,0.9500000000000001,0.30000000000000004,0.1,0.30000000000000004,95.0,85.0,65.0,5087,5083,4,5087,7.863180656575585E-4,0.309771993342145,0.5,0.61954398668429,1227,0.24139287822152272,1.0,1
"iteration_3","SCOPE_DATA_COLLECTION",800,56,3430.0,3490.0,1,5125,3388,1104,5046,3347,1048,5105,3380,1094,8,14,5,0.0015646391550948563,0.0041249263406010605,0.004549590536851683,0.2984945958674699,0.6904492158515559,1.2623146201547035,0.5969891917349398,0.6904492158515559,0.8415430801031357,0.22722820763956905,0.4372781065088757,0.5045703839122486,100.0,100.0,4672,4406,539,19,8,0,0.004066780821917808,0.0018157058556513845,0.0,0.9,0.30000000000000004,0.30000000000000004,0.5,55.0,30.0,50.0,0.9500000000000001,0.30000000000000004,0.1,0.30000000000000004,95.0,85.0,65.0,3398,3393,5,3398,0.0014714537963507945,0.6602364752187216,1.0,0.6602364752187216,1446,0.4261715296198055,1.0,1
"iteration_3","SCOPE_DATA_COLLECTION",800,56,3430.0,3490.0,2,5125,3388,1104,5046,3347,1048,5105,3380,1094,8,14,5,0.0015646391550948563,0.0041249263406010605,0.004549590536851683,0.2984945958674699,0.6904492158515559,1.2623146201547035,0.5969891917349398,0.6904492158515559,0.8415430801031357,0.22722820763956905,0.4372781065088757,0.5045703839122486,100.0,100.0,4672,4406,539,19,8,0,0.004066780821917808,0.0018157058556513845,0.0,0.9,0.30000000000000004,0.30000000000000004,0.5,55.0,30.0,50.0,0.9500000000000001,0.30000000000000004,0.1,0.30000000000000004,95.0,85.0,65.0,1040,1033,7,1040,0.006730769230769231,1.2422685383373742,1.5,0.8281790255582494,516,0.4995159728944821,1.0,1
"iteration_3","SCOPE_DATA_COLLECTION",800,57,3490.0,3550.0,0,5087,3398,1040,5125,3388,1104,5105,3393,1035,4,5,7,7.829320806420043E-4,0.0014714537963507945,0.0067178502879078695,0.31108049356159223,0.6631367256913565,1.247140695672383,0.6221609871231845,0.6631367256913565,0.8314271304482553,0.24348677766895202,0.42646625405246097,0.5004830917874397,95.0,100.0,4699,4614,212,9,7,0,0.001915301127899553,0.001517121803207629,0.0,0.9500000000000001,0.30000000000000004,0.1,0.30000000000000004,95.0,85.0,65.0,0.9500000000000001,0.2,0.2,0.2,85.0,85.0,65.0,5205,5191,14,5205,0.0026897214217098944,0.30677208812889895,0.5,0.6135441762577979,1209,0.23290310152186477,1.0,1
"iteration_3","SCOPE_DATA_COLLECTION",800,57,3490.0,3550.0,1,5087,3398,1040,5125,3388,1104,5105,3393,1035,4,5,7,7.829320806420043E-4,0.0014714537963507945,0.0067178502879078695,0.31108049356159223,0.6631367256913565,1.247140695672383,0.6221609871231845,0.6631367256913565,0.8314271304482553,0.24348677766895202,0.42646625405246097,0.5004830917874397,95.0,100.0,4699,4614,212,9,7,0,0.001915301127899553,0.001517121803207629,0.0,0.9500000000000001,0.30000000000000004,0.1,0.30000000000000004,95.0,85.0,65.0,0.9500000000000001,0.2,0.2,0.2,85.0,85.0,65.0,3307,3300,7,3307,0.0021167221046265497,0.7081513066185857,1.0,0.7081513066185857,1518,0.46,1.0,1
"iteration_3","SCOPE_DATA_COLLECTION",800,57,3490.0,3550.0,2,5087,3398,1040,5125,3388,1104,5105,3393,1035,4,5,7,7.829320806420043E-4,0.0014714537963507945,0.0067178502879078695,0.31108049356159223,0.6631367256913565,1.247140695672383,0.6221609871231845,0.6631367256913565,0.8314271304482553,0.24348677766895202,0.42646625405246097,0.5004830917874397,95.0,100.0,4699,4614,212,9,7,0,0.001915301127899553,0.001517121803207629,0.0,0.9500000000000001,0.30000000000000004,0.1,0.30000000000000004,95.0,85.0,65.0,0.9500000000000001,0.2,0.2,0.2,85.0,85.0,65.0,1052,1045,7,1052,0.006653992395437262,1.2353369242075494,1.5,0.8235579494716996,519,0.4966507177033493,1.0,1
"iteration_3","SCOPE_DATA_COLLECTION",800,58,3550.0,3618.89006894184,0,5205,3307,1052,5087,3398,1040,5181,3300,1046,14,7,7,0.002694898941289702,0.0021167221046265497,0.006647673314339981,0.3069547584755214,0.7086293317713294,1.2363639070454695,0.6139095169510428,0.7086293317713294,0.8242426046969796,0.23277359583092067,0.46060606060606063,0.497131931166348,100.0,100.0,4826,4492,246,16,12,0,0.003315375051802735,0.0026714158504007124,0.0,0.9500000000000001,0.2,0.2,0.2,85.0,85.0,65.0,0.9500000000000001,0.2,0.2,0.2,85.0,85.0,65.0,4136,4114,4,4118,9.713453132588635E-4,0.3007645517209311,0.5,0.6015291034418622,926,0.22508507535245503,0.9956479690522244,0
"iteration_3","SCOPE_DATA_COLLECTION",800,58,3550.0,3618.89006894184,1,5205,3307,1052,5087,3398,1040,5181,3300,1046,14,7,7,0.002694898941289702,0.0021167221046265497,0.006647673314339981,0.3069547584755214,0.7086293317713294,1.2363639070454695,0.6139095169510428,0.7086293317713294,0.8242426046969796,0.23277359583092067,0.46060606060606063,0.497131931166348,100.0,100.0,4826,4492,246,16,12,0,0.003315375051802735,0.0026714158504007124,0.0,0.9500000000000001,0.2,0.2,0.2,85.0,85.0,65.0,0.9500000000000001,0.2,0.2,0.2,85.0,85.0,65.0,2855,2810,3,2813,0.001066477070742979,0.6950211556688229,1.0,0.6950211556688229,1232,0.43843416370106764,0.9852889667250437,0
"iteration_3","SCOPE_DATA_COLLECTION",800,58,3550.0,3618.89006894184,2,5205,3307,1052,5087,3398,1040,5181,3300,1046,14,7,7,0.002694898941289702,0.0021167221046265497,0.006647673314339981,0.3069547584755214,0.7086293317713294,1.2363639070454695,0.6139095169510428,0.7086293317713294,0.8242426046969796,0.23277359583092067,0.46060606060606063,0.497131931166348,100.0,100.0,4826,4492,246,16,12,0,0.003315375051802735,0.0026714158504007124,0.0,0.9500000000000001,0.2,0.2,0.2,85.0,85.0,65.0,0.9500000000000001,0.2,0.2,0.2,85.0,85.0,65.0,871,841,5,846,0.00591016548463357,1.2496792014163127,1.5,0.8331194676108752,424,0.5041617122473246,0.9712973593570609,0
"iteration_3","SCOPE_DATA_COLLECTION",900,0,70.0,130.0,0,5080,3773,1082,0,0,0,5033,3691,1045,3,18,17,5.957108816521049E-4,0.004853060124022647,0.0160075329566855,0.3032381977210606,0.685856943128411,1.1468371212372725,0.6064763954421212,0.685856943128411,0.7645580808248483,0.24657262070335784,0.42644269845570304,0.4354066985645933,100.0,100.0,4640,3207,2088,37,1,0,0.007974137931034483,3.118178983473651E-4,0.0,0.6,0.5,0.7,0.4,85.0,80.0,90.0,0.6000000000000001,0.5,0.8,0.4,95.0,80.0,80.0,5454,5448,6,5454,0.0011001100110011,0.3111999700629676,0.5,0.6223999401259352,1498,0.2749632892804699,1.0,1
"iteration_3","SCOPE_DATA_COLLECTION",900,0,70.0,130.0,1,5080,3773,1082,0,0,0,5033,3691,1045,3,18,17,5.957108816521049E-4,0.004853060124022647,0.0160075329566855,0.3032381977210606,0.685856943128411,1.1468371212372725,0.6064763954421212,0.685856943128411,0.7645580808248483,0.24657262070335784,0.42644269845570304,0.4354066985645933,100.0,100.0,4640,3207,2088,37,1,0,0.007974137931034483,3.118178983473651E-4,0.0,0.6,0.5,0.7,0.4,85.0,80.0,90.0,0.6000000000000001,0.5,0.8,0.4,95.0,80.0,80.0,4060,4045,15,4060,0.003694581280788177,0.68319626114343,1.0,0.68319626114343,1669,0.4126081582200247,1.0,1
"iteration_3","SCOPE_DATA_COLLECTION",900,0,70.0,130.0,2,5080,3773,1082,0,0,0,5033,3691,1045,3,18,17,5.957108816521049E-4,0.004853060124022647,0.0160075329566855,0.3032381977210606,0.685856943128411,1.1468371212372725,0.6064763954421212,0.685856943128411,0.7645580808248483,0.24657262070335784,0.42644269845570304,0.4354066985645933,100.0,100.0,4640,3207,2088,37,1,0,0.007974137931034483,3.118178983473651E-4,0.0,0.6,0.5,0.7,0.4,85.0,80.0,90.0,0.6000000000000001,0.5,0.8,0.4,95.0,80.0,80.0,1194,1184,10,1194,0.008375209380234505,1.1508973586874156,1.5,0.7672649057916104,514,0.4341216216216216,1.0,1
"iteration_3","SCOPE_DATA_COLLECTION",900,1,130.0,190.0,0,5454,4060,1194,5080,3773,1082,5461,4078,1176,6,15,10,0.001097494055240534,0.003664793549963352,0.008431703204047217,0.31115169162693823,0.6884104223437836,1.1461146801871187,0.6223033832538765,0.6884104223437836,0.7640764534580792,0.2755905511811024,0.416135360470819,0.43197278911564624,97.5,100.0,4816,3558,2334,30,1,0,0.006229235880398671,2.810567734682406E-4,0.0,0.6000000000000001,0.5,0.8,0.4,95.0,80.0,80.0,0.7000000000000001,0.6000000000000001,0.7000000000000001,0.30000000000000004,95.0,80.0,70.0,5285,5272,13,5285,0.0024597918637653737,0.312609498235508,0.5,0.625218996471016,1457,0.2763657056145675,1.0,1
"iteration_3","SCOPE_DATA_COLLECTION",900,1,130.0,190.0,1,5454,4060,1194,5080,3773,1082,5461,4078,1176,6,15,10,0.001097494055240534,0.003664793549963352,0.008431703204047217,0.31115169162693823,0.6884104223437836,1.1461146801871187,0.6223033832538765,0.6884104223437836,0.7640764534580792,0.2755905511811024,0.416135360470819,0.43197278911564624,97.5,100.0,4816,3558,2334,30,1,0,0.006229235880398671,2.810567734682406E-4,0.0,0.6000000000000001,0.5,0.8,0.4,95.0,80.0,80.0,0.7000000000000001,0.6000000000000001,0.7000000000000001,0.30000000000000004,95.0,80.0,70.0,4040,4022,18,4040,0.004455445544554455,0.6702535411178873,1.0,0.6702535411178873,1601,0.39806066633515663,1.0,1
"iteration_3","SCOPE_DATA_COLLECTION",900,1,130.0,190.0,2,5454,4060,1194,5080,3773,1082,5461,4078,1176,6,15,10,0.001097494055240534,0.003664793549963352,0.008431703204047217,0.31115169162693823,0.6884104223437836,1.1461146801871187,0.6223033832538765,0.6884104223437836,0.7640764534580792,0.2755905511811024,0.416135360470819,0.43197278911564624,97.5,100.0,4816,3558,2334,30,1,0,0.006229235880398671,2.810567734682406E-4,0.0,0.6000000000000001,0.5,0.8,0.4,95.0,80.0,80.0,0.7000000000000001,0.6000000000000001,0.7000000000000001,0.30000000000000004,95.0,80.0,70.0,1193,1181,12,1193,0.010058675607711651,1.1850980447622916,1.5,0.7900653631748611,530,0.4487722269263336,1.0,1
"iteration_3","SCOPE_DATA_COLLECTION",900,2,190.0,250.0,0,5285,4040,1193,5454,4060,1194,5282,4007,1176,13,18,12,0.0024551463644948064,0.0044720496894409935,0.010101010101010102,0.3143016209875691,0.6695303587592352,1.1797788139131,0.6286032419751382,0.6695303587592352,0.7865192092754,0.27792502839833394,0.39655602695283254,0.44727891156462585,100.0,100.0,4720,4011,1787,38,5,0,0.008050847457627118,0.0012465719272001994,0.0,0.7000000000000001,0.6000000000000001,0.7000000000000001,0.30000000000000004,95.0,80.0,70.0,0.7000000000000001,0.6000000000000001,0.6000000000000001,0.30000000000000004,95.0,90.0,60.0,5383,5379,4,5383,7.43080066877206E-4,0.31620072607733707,0.5,0.6324014521546741,1507,0.28016359918200406,1.0,1
"iteration_3","SCOPE_DATA_COLLECTION",900,2,190.0,250.0,1,5285,4040,1193,5454,4060,1194,5282,4007,1176,13,18,12,0.0024551463644948064,0.0044720496894409935,0.010101010101010102,0.3143016209875691,0.6695303587592352,1.1797788139131,0.6286032419751382,0.6695303587592352,0.7865192092754,0.27792502839833394,0.39655602695283254,0.44727891156462585,100.0,100.0,4720,4011,1787,38,5,0,0.008050847457627118,0.0012465719272001994,0.0,0.7000000000000001,0.6000000000000001,0.7000000000000001,0.30000000000000004,95.0,80.0,70.0,0.7000000000000001,0.6000000000000001,0.6000000000000001,0.30000000000000004,95.0,90.0,60.0,4006,4001,5,4006,0.0012481278082875687,0.6932217658796264,1.0,0.6932217658796264,1688,0.4218945263684079,1.0,1
"iteration_3","SCOPE_DATA_COLLECTION",900,2,190.0,250.0,2,5285,4040,1193,5454,4060,1194,5282,4007,1176,13,18,12,0.0024551463644948064,0.0044720496894409935,0.010101010101010102,0.3143016209875691,0.6695303587592352,1.1797788139131,0.6286032419751382,0.6695303587592352,0.7865192092754,0.27792502839833394,0.39655602695283254,0.44727891156462585,100.0,100.0,4720,4011,1787,38,5,0,0.008050847457627118,0.0012465719272001994,0.0,0.7000000000000001,0.6000000000000001,0.7000000000000001,0.30000000000000004,95.0,80.0,70.0,0.7000000000000001,0.6000000000000001,0.6000000000000001,0.30000000000000004,95.0,90.0,60.0,1120,1109,11,1120,0.009821428571428571,1.1509189077608724,1.5,0.7672792718405815,486,0.4382326420198377,1.0,1
"iteration_3","SCOPE_DATA_COLLECTION",900,3,250.0,310.0,0,5383,4006,1120,5285,4040,1193,5368,3998,1120,4,5,11,7.446016381236039E-4,0.0012490632025980515,0.009725906277630416,0.3155443398081669,0.6919254067616023,1.1617645803485017,0.6310886796163337,0.6919254067616023,0.7745097202323344,0.27924739195230996,0.42171085542771386,0.44285714285714284,97.5,100.0,4780,4012,1717,19,1,0,0.0039748953974895395,2.492522432701894E-4,0.0,0.7000000000000001,0.6000000000000001,0.6000000000000001,0.30000000000000004,95.0,90.0,60.0,0.6000000000000001,0.7000000000000001,0.6000000000000001,0.4,85.0,95.0,50.0,5354,5347,7,5354,0.001307433694434068,0.308908695200074,0.5,0.617817390400148,1464,0.27379839162146996,1.0,1
"iteration_3","SCOPE_DATA_COLLECTION",900,3,250.0,310.0,1,5383,4006,1120,5285,4040,1193,5368,3998,1120,4,5,11,7.446016381236039E-4,0.0012490632025980515,0.009725906277630416,0.3155443398081669,0.6919254067616023,1.1617645803485017,0.6310886796163337,0.6919254067616023,0.7745097202323344,0.27924739195230996,0.42171085542771386,0.44285714285714284,97.5,100.0,4780,4012,1717,19,1,0,0.0039748953974895395,2.492522432701894E-4,0.0,0.7000000000000001,0.6000000000000001,0.6000000000000001,0.30000000000000004,95.0,90.0,60.0,0.6000000000000001,0.7000000000000001,0.6000000000000001,0.4,85.0,95.0,50.0,4117,4101,16,4117,0.0038863249939276173,0.6956310101456866,1.0,0.6956310101456866,1708,0.4164837844428188,1.0,1
"iteration_3","SCOPE_DATA_COLLECTION",900,3,250.0,310.0,2,5383,4006,1120,5285,4040,1193,5368,3998,1120,4,5,11,7.446016381236039E-4,0.0012490632025980515,0.009725906277630416,0.3155443398081669,0.6919254067616023,1.1617645803485017,0.6310886796163337,0.6919254067616023,0.7745097202323344,0.27924739195230996,0.42171085542771386,0.44285714285714284,97.5,100.0,4780,4012,1717,19,1,0,0.0039748953974895395,2.492522432701894E-4,0.0,0.7000000000000001,0.6000000000000001,0.6000000000000001,0.30000000000000004,95.0,90.0,60.0,0.6000000000000001,0.7000000000000001,0.6000000000000001,0.4,85.0,95.0,50.0,1128,1117,11,1128,0.00975177304964539,1.1843981782501622,1.5,0.7895987855001082,501,0.4485228290062668,1.0,1
"iteration_3","SCOPE_DATA_COLLECTION",900,4,310.0,370.0,0,5354,4117,1128,5383,4006,1120,5343,4094,1121,7,16,11,0.001308411214953271,0.0038929440389294406,0.009717314487632508,0.3092463013462547,0.6965116095796097,1.1897628689433097,0.6184926026925094,0.6965116095796097,0.7931752459622065,0.2743776904360846,0.4164631167562286,0.4504906333630687,97.5,100.0,4745,3467,2387,32,2,0,0.006743940990516333,5.768676088837611E-4,0.0,0.6000000000000001,0.7000000000000001,0.6000000000000001,0.4,85.0,95.0,50.0,0.6000000000000001,0.6000000000000001,0.7000000000000001,0.30000000000000004,95.0,95.0,40.0,5260,5257,3,5260,5.703422053231939E-4,0.31806352668414434,0.5,0.6361270533682887,1486,0.2826707247479551,1.0,1
"iteration_3","SCOPE_DATA_COLLECTION",900,4,310.0,370.0,1,5354,4117,1128,5383,4006,1120,5343,4094,1121,7,16,11,0.001308411214953271,0.0038929440389294406,0.009717314487632508,0.3092463013462547,0.6965116095796097,1.1897628689433097,0.6184926026925094,0.6965116095796097,0.7931752459622065,0.2743776904360846,0.4164631167562286,0.4504906333630687,97.5,100.0,4745,3467,2387,32,2,0,0.006743940990516333,5.768676088837611E-4,0.0,0.6000000000000001,0.7000000000000001,0.6000000000000001,0.4,85.0,95.0,50.0,0.6000000000000001,0.6000000000000001,0.7000000000000001,0.30000000000000004,95.0,95.0,40.0,4032,4010,22,4032,0.005456349206349206,0.6926455286446694,1.0,0.6926455286446694,1671,0.41670822942643393,1.0,1
"iteration_3","SCOPE_DATA_COLLECTION",900,4,310.0,370.0,2,5354,4117,1128,5383,4006,1120,5343,4094,1121,7,16,11,0.001308411214953271,0.0038929440389294406,0.009717314487632508,0.3092463013462547,0.6965116095796097,1.1897628689433097,0.6184926026925094,0.6965116095796097,0.7931752459622065,0.2743776904360846,0.4164631167562286,0.4504906333630687,97.5,100.0,4745,3467,2387,32,2,0,0.006743940990516333,5.768676088837611E-4,0.0,0.6000000000000001,0.7000000000000001,0.6000000000000001,0.4,85.0,95.0,50.0,0.6000000000000001,0.6000000000000001,0.7000000000000001,0.30000000000000004,95.0,95.0,40.0,1218,1208,10,1218,0.008210180623973728,1.1596402308163454,1.5,0.7730934872108969,538,0.445364238410596,1.0,1
"iteration_3","SCOPE_DATA_COLLECTION",900,5,370.0,430.0,0,5260,4032,1218,5354,4117,1128,5255,4011,1208,3,22,10,5.705591479650057E-4,0.005454996280684354,0.008210180623973728,0.31712239200751396,0.6883825055813587,1.152085642560947,0.6342447840150279,0.6883825055813587,0.7680570950406312,0.281255946717412,0.41460982298678634,0.4420529801324503,100.0,100.0,4736,3464,2310,32,3,0,0.006756756756756757,8.660508083140878E-4,0.0,0.6000000000000001,0.6000000000000001,0.7000000000000001,0.30000000000000004,95.0,95.0,40.0,0.6000000000000001,0.7000000000000001,0.6000000000000001,0.2,95.0,95.0,30.0,5493,5486,7,5493,0.0012743491716730383,0.3141006957874983,0.5,0.6282013915749965,1567,0.28563616478308423,1.0,1
"iteration_3","SCOPE_DATA_COLLECTION",900,5,370.0,430.0,1,5260,4032,1218,5354,4117,1128,5255,4011,1208,3,22,10,5.705591479650057E-4,0.005454996280684354,0.008210180623973728,0.31712239200751396,0.6883825055813587,1.152085642560947,0.6342447840150279,0.6883825055813587,0.7680570950406312,0.281255946717412,0.41460982298678634,0.4420529801324503,100.0,100.0,4736,3464,2310,32,3,0,0.006756756756756757,8.660508083140878E-4,0.0,0.6000000000000001,0.6000000000000001,0.7000000000000001,0.30000000000000004,95.0,95.0,40.0,0.6000000000000001,0.7000000000000001,0.6000000000000001,0.2,95.0,95.0,30.0,4021,4013,8,4021,0.001989554837105198,0.687584374922897,1.0,0.687584374922897,1660,0.4136556192374782,1.0,1
"iteration_3","SCOPE_DATA_COLLECTION",900,5,370.0,430.0,2,5260,4032,1218,5354,4117,1128,5255,4011,1208,3,22,10,5.705591479650057E-4,0.005454996280684354,0.008210180623973728,0.31712239200751396,0.6883825055813587,1.152085642560947,0.6342447840150279,0.6883825055813587,0.7680570950406312,0.281255946717412,0.41460982298678634,0.4420529801324503,100.0,100.0,4736,3464,2310,32,3,0,0.006756756756756757,8.660508083140878E-4,0.0,0.6000000000000001,0.6000000000000001,0.7000000000000001,0.30000000000000004,95.0,95.0,40.0,0.6000000000000001,0.7000000000000001,0.6000000000000001,0.2,95.0,95.0,30.0,1229,1219,10,1229,0.008136696501220505,1.0989501626541365,1.5,0.7326334417694244,508,0.4167350287120591,1.0,1
"iteration_3","SCOPE_DATA_COLLECTION",900,6,430.0,490.0,0,5493,4021,1229,5260,4032,1218,5489,4021,1219,7,8,10,0.0012736535662299854,0.0019856043683296105,0.008136696501220505,0.3143328016213035,0.6894445613209773,1.1030144082307356,0.628665603242607,0.6894445613209773,0.7353429388204904,0.2873018764802332,0.41432479482715745,0.41837571780147664,100.0,100.0,4718,3651,2374,22,3,0,0.0046629927935565915,8.216926869350862E-4,0.0,0.6000000000000001,0.7000000000000001,0.6000000000000001,0.2,95.0,95.0,30.0,0.7000000000000001,0.8,0.5,0.2,95.0,85.0,30.0,5344,5335,9,5344,0.0016841317365269462,0.30470508823250514,0.5,0.6094101764650103,1401,0.26260543580131207,1.0,1
"iteration_3","SCOPE_DATA_COLLECTION",900,6,430.0,490.0,1,5493,4021,1229,5260,4032,1218,5489,4021,1219,7,8,10,0.0012736535662299854,0.0019856043683296105,0.008136696501220505,0.3143328016213035,0.6894445613209773,1.1030144082307356,0.628665603242607,0.6894445613209773,0.7353429388204904,0.2873018764802332,0.41432479482715745,0.41837571780147664,100.0,100.0,4718,3651,2374,22,3,0,0.0046629927935565915,8.216926869350862E-4,0.0,0.6000000000000001,0.7000000000000001,0.6000000000000001,0.2,95.0,95.0,30.0,0.7000000000000001,0.8,0.5,0.2,95.0,85.0,30.0,4047,4032,15,4047,0.0037064492216456633,0.665229317321727,1.0,0.665229317321727,1611,0.39955357142857145,1.0,1
"iteration_3","SCOPE_DATA_COLLECTION",900,6,430.0,490.0,2,5493,4021,1229,5260,4032,1218,5489,4021,1219,7,8,10,0.0012736535662299854,0.0019856043683296105,0.008136696501220505,0.3143328016213035,0.6894445613209773,1.1030144082307356,0.628665603242607,0.6894445613209773,0.7353429388204904,0.2873018764802332,0.41432479482715745,0.41837571780147664,100.0,100.0,4718,3651,2374,22,3,0,0.0046629927935565915,8.216926869350862E-4,0.0,0.6000000000000001,0.7000000000000001,0.6000000000000001,0.2,95.0,95.0,30.0,0.7000000000000001,0.8,0.5,0.2,95.0,85.0,30.0,1222,1212,10,1222,0.008183306055646482,1.1676256583862055,1.5,0.7784171055908037,545,0.44966996699669964,1.0,1
"iteration_3","SCOPE_DATA_COLLECTION",900,7,490.0,550.0,0,5344,4047,1222,5493,4021,1229,5348,4022,1203,9,15,10,0.0016800448011946986,0.003715630418627694,0.008244023083264633,0.30563303657206775,0.6663505565918625,1.1647305129073116,0.6112660731441355,0.6663505565918625,0.7764870086048744,0.2617801047120419,0.40004972650422677,0.4488778054862843,97.5,100.0,4632,4232,1749,28,6,0,0.006044905008635579,0.0014177693761814746,0.0,0.7000000000000001,0.8,0.5,0.2,95.0,85.0,30.0,0.55,0.7000000000000001,0.8,0.9,25.0,20.0,95.0,5461,5445,16,5461,0.0029298663248489287,0.3212347429001799,0.5,0.6424694858003598,1511,0.2775022956841139,1.0,1
"iteration_3","SCOPE_DATA_COLLECTION",900,7,490.0,550.0,1,5344,4047,1222,5493,4021,1229,5348,4022,1203,9,15,10,0.0016800448011946986,0.003715630418627694,0.008244023083264633,0.30563303657206775,0.6663505565918625,1.1647305129073116,0.6112660731441355,0.6663505565918625,0.7764870086048744,0.2617801047120419,0.40004972650422677,0.4488778054862843,97.5,100.0,4632,4232,1749,28,6,0,0.006044905008635579,0.0014177693761814746,0.0,0.7000000000000001,0.8,0.5,0.2,95.0,85.0,30.0,0.55,0.7000000000000001,0.8,0.9,25.0,20.0,95.0,4016,3981,35,4016,0.008715139442231075,0.6925691191682418,1.0,0.6925691191682418,1670,0.4194925898015574,1.0,1
"iteration_3","SCOPE_DATA_COLLECTION",900,7,490.0,550.0,2,5344,4047,1222,5493,4021,1229,5348,4022,1203,9,15,10,0.0016800448011946986,0.003715630418627694,0.008244023083264633,0.30563303657206775,0.6663505565918625,1.1647305129073116,0.6112660731441355,0.6663505565918625,0.7764870086048744,0.2617801047120419,0.40004972650422677,0.4488778054862843,97.5,100.0,4632,4232,1749,28,6,0,0.006044905008635579,0.0014177693761814746,0.0,0.7000000000000001,0.8,0.5,0.2,95.0,85.0,30.0,0.55,0.7000000000000001,0.8,0.9,25.0,20.0,95.0,1155,1138,17,1155,0.01471861471861472,1.1396615040766542,1.5,0.7597743360511028,483,0.4244288224956063,1.0,1
"iteration_3","SCOPE_DATA_COLLECTION",900,8,550.0,610.0,0,5461,4016,1155,5344,4047,1222,5432,3991,1144,16,35,17,0.002936857562408223,0.008693492300049677,0.014642549526270457,0.32042876445889357,0.6936804144844326,1.1415499919340526,0.6408575289177871,0.6936804144844326,0.7610333279560351,0.2774300441826215,0.42069656727637184,0.42482517482517484,97.5,100.0,4882,3139,2611,45,3,20,0.009217533797623925,9.55718381650207E-4,0.0076599004212945234,0.55,0.7000000000000001,0.8,0.9,25.0,20.0,95.0,0.55,0.7000000000000001,0.8,0.9,20.0,30.0,95.0,5443,5434,9,5443,0.001653499908138894,0.3172128305372293,0.5,0.6344256610744586,1501,0.2762237762237762,1.0,1
"iteration_3","SCOPE_DATA_COLLECTION",900,8,550.0,610.0,1,5461,4016,1155,5344,4047,1222,5432,3991,1144,16,35,17,0.002936857562408223,0.008693492300049677,0.014642549526270457,0.32042876445889357,0.6936804144844326,1.1415499919340526,0.6408575289177871,0.6936804144844326,0.7610333279560351,0.2774300441826215,0.42069656727637184,0.42482517482517484,97.5,100.0,4882,3139,2611,45,3,20,0.009217533797623925,9.55718381650207E-4,0.0076599004212945234,0.55,0.7000000000000001,0.8,0.9,25.0,20.0,95.0,0.55,0.7000000000000001,0.8,0.9,20.0,30.0,95.0,3988,3972,16,3988,0.004012036108324975,0.6963207667133274,1.0,0.6963207667133274,1655,0.4166666666666667,1.0,1
"iteration_3","SCOPE_DATA_COLLECTION",900,8,550.0,610.0,2,5461,4016,1155,5344,4047,1222,5432,3991,1144,16,35,17,0.002936857562408223,0.008693492300049677,0.014642549526270457,0.32042876445889357,0.6936804144844326,1.1415499919340526,0.6408575289177871,0.6936804144844326,0.7610333279560351,0.2774300441826215,0.42069656727637184,0.42482517482517484,97.5,100.0,4882,3139,2611,45,3,20,0.009217533797623925,9.55718381650207E-4,0.0076599004212945234,0.55,0.7000000000000001,0.8,0.9,25.0,20.0,95.0,0.55,0.7000000000000001,0.8,0.9,20.0,30.0,95.0,1259,1229,30,1259,0.023828435266084195,1.1654279401729202,1.5,0.7769519601152801,536,0.43612693246541906,1.0,1
"iteration_3","SCOPE_DATA_COLLECTION",900,9,610.0,670.0,0,5443,3988,1259,5461,4016,1155,5441,3979,1225,9,16,30,0.0016513761467889909,0.004005006257822278,0.02390438247011952,0.3179537205527421,0.6977009552198348,1.1632834723945469,0.6359074411054843,0.6977009552198348,0.7755223149296979,0.2771549347546407,0.4166876099522493,0.43510204081632653,95.0,100.0,4817,3198,2675,50,5,0,0.010379904504878554,0.0015634771732332708,0.0,0.55,0.7000000000000001,0.8,0.9,20.0,30.0,95.0,0.55,0.8,0.9,0.9,20.0,30.0,85.0,5423,5415,8,5423,0.0014751982297621243,0.3165062914786215,0.5,0.633012582957243,1497,0.27645429362880886,1.0,1
"iteration_3","SCOPE_DATA_COLLECTION",900,9,610.0,670.0,1,5443,3988,1259,5461,4016,1155,5441,3979,1225,9,16,30,0.0016513761467889909,0.004005006257822278,0.02390438247011952,0.3179537205527421,0.6977009552198348,1.1632834723945469,0.6359074411054843,0.6977009552198348,0.7755223149296979,0.2771549347546407,0.4166876099522493,0.43510204081632653,95.0,100.0,4817,3198,2675,50,5,0,0.010379904504878554,0.0015634771732332708,0.0,0.55,0.7000000000000001,0.8,0.9,20.0,30.0,95.0,0.55,0.8,0.9,0.9,20.0,30.0,85.0,3933,3914,19,3933,0.004830917874396135,0.7007005344560937,1.0,0.7007005344560937,1693,0.4325498211548288,1.0,1
"iteration_3","SCOPE_DATA_COLLECTION",900,9,610.0,670.0,2,5443,3988,1259,5461,4016,1155,5441,3979,1225,9,16,30,0.0016513761467889909,0.004005006257822278,0.02390438247011952,0.3179537205527421,0.6977009552198348,1.1632834723945469,0.6359074411054843,0.6977009552198348,0.7755223149296979,0.2771549347546407,0.4166876099522493,0.43510204081632653,95.0,100.0,4817,3198,2675,50,5,0,0.010379904504878554,0.0015634771732332708,0.0,0.55,0.7000000000000001,0.8,0.9,20.0,30.0,95.0,0.55,0.8,0.9,0.9,20.0,30.0,85.0,1131,1118,13,1131,0.011494252873563218,1.1756137185064979,1.5,0.7837424790043319,497,0.4445438282647585,1.0,1
"iteration_3","SCOPE_DATA_COLLECTION",900,10,670.0,730.0,0,5423,3933,1131,5443,3988,1259,5412,3907,1121,8,19,13,0.0014760147601476014,0.004839531329597555,0.01146384479717813,0.31566464682205053,0.7008557021150382,1.17946325201424,0.6313292936441011,0.7008557021150382,0.7863088346761601,0.2756836659275684,0.4330688507806501,0.4469223907225691,100.0,100.0,4816,3081,2590,38,2,0,0.007890365448504983,6.491398896462187E-4,0.0,0.55,0.8,0.9,0.9,20.0,30.0,85.0,0.65,0.8,0.9,0.8,20.0,30.0,75.0,5308,5295,13,5308,0.0024491333835719668,0.3274550974673697,0.5,0.6549101949347395,1555,0.29367327667610954,1.0,1
"iteration_3","SCOPE_DATA_COLLECTION",900,10,670.0,730.0,1,5423,3933,1131,5443,3988,1259,5412,3907,1121,8,19,13,0.0014760147601476014,0.004839531329597555,0.01146384479717813,0.31566464682205053,0.7008557021150382,1.17946325201424,0.6313292936441011,0.7008557021150382,0.7863088346761601,0.2756836659275684,0.4330688507806501,0.4469223907225691,100.0,100.0,4816,3081,2590,38,2,0,0.007890365448504983,6.491398896462187E-4,0.0,0.55,0.8,0.9,0.9,20.0,30.0,85.0,0.65,0.8,0.9,0.8,20.0,30.0,75.0,4009,3990,19,4009,0.004739336492890996,0.702772478266214,1.0,0.702772478266214,1683,0.4218045112781955,1.0,1
"iteration_3","SCOPE_DATA_COLLECTION",900,10,670.0,730.0,2,5423,3933,1131,5443,3988,1259,5412,3907,1121,8,19,13,0.0014760147601476014,0.004839531329597555,0.01146384479717813,0.31566464682205053,0.7008557021150382,1.17946325201424,0.6313292936441011,0.7008557021150382,0.7863088346761601,0.2756836659275684,0.4330688507806501,0.4469223907225691,100.0,100.0,4816,3081,2590,38,2,0,0.007890365448504983,6.491398896462187E-4,0.0,0.55,0.8,0.9,0.9,20.0,30.0,85.0,0.65,0.8,0.9,0.8,20.0,30.0,75.0,1198,1183,15,1198,0.012520868113522538,1.1612210347340939,1.5,0.7741473564893959,513,0.43364327979712597,1.0,1
"iteration_3","SCOPE_DATA_COLLECTION",900,11,730.0,790.0,0,5308,4009,1198,5423,3933,1131,5300,3997,1177,13,19,15,0.0024468285337850555,0.0047310756972111555,0.012583892617449664,0.32752685877814175,0.7022938626266786,1.1500409956422124,0.6550537175562835,0.7022938626266786,0.7666939970948082,0.29320754716981134,0.4223167375531649,0.4282073067119796,100.0,100.0,4801,3719,1995,42,5,0,0.008748177463028535,0.0013444474321054048,0.0,0.65,0.8,0.9,0.8,20.0,30.0,75.0,0.75,0.9,0.9,0.8,20.0,40.0,85.0,5408,5397,11,5408,0.0020340236686390532,0.31673304049923157,0.5,0.6334660809984631,1489,0.2758940151936261,1.0,1
"iteration_3","SCOPE_DATA_COLLECTION",900,11,730.0,790.0,1,5308,4009,1198,5423,3933,1131,5300,3997,1177,13,19,15,0.0024468285337850555,0.0047310756972111555,0.012583892617449664,0.32752685877814175,0.7022938626266786,1.1500409956422124,0.6550537175562835,0.7022938626266786,0.7666939970948082,0.29320754716981134,0.4223167375531649,0.4282073067119796,100.0,100.0,4801,3719,1995,42,5,0,0.008748177463028535,0.0013444474321054048,0.0,0.65,0.8,0.9,0.8,20.0,30.0,75.0,0.75,0.9,0.9,0.8,20.0,40.0,85.0,4105,4090,15,4105,0.0036540803897685747,0.6866145626708636,1.0,0.6866145626708636,1675,0.4095354523227384,1.0,1
"iteration_3","SCOPE_DATA_COLLECTION",900,11,730.0,790.0,2,5308,4009,1198,5423,3933,1131,5300,3997,1177,13,19,15,0.0024468285337850555,0.0047310756972111555,0.012583892617449664,0.32752685877814175,0.7022938626266786,1.1500409956422124,0.6550537175562835,0.7022938626266786,0.7666939970948082,0.29320754716981134,0.4223167375531649,0.4282073067119796,100.0,100.0,4801,3719,1995,42,5,0,0.008748177463028535,0.0013444474321054048,0.0,0.65,0.8,0.9,0.8,20.0,30.0,75.0,0.75,0.9,0.9,0.8,20.0,40.0,85.0,1197,1174,23,1197,0.01921470342522974,1.186538973237998,1.5,0.7910259821586654,526,0.44804088586030666,1.0,1
"iteration_3","SCOPE_DATA_COLLECTION",900,12,790.0,850.0,0,5408,4105,1197,5308,4009,1198,5390,4084,1170,11,15,23,0.002036659877800407,0.003659429129055867,0.019279128248113998,0.31547258370147063,0.6872968603769102,1.1940241278006234,0.6309451674029413,0.6872968603769102,0.7960160852004156,0.274582560296846,0.4098922624877571,0.4512820512820513,97.5,100.0,4761,4496,1453,47,2,0,0.009871875656374712,4.4483985765124553E-4,0.0,0.75,0.9,0.9,0.8,20.0,40.0,85.0,0.9500000000000001,0.6000000000000001,0.30000000000000004,0.5,25.0,95.0,40.0,5365,5355,10,5365,0.001863932898415657,0.3141619009925623,0.5,0.6283238019851246,1508,0.2816059757236228,1.0,1
"iteration_3","SCOPE_DATA_COLLECTION",900,12,790.0,850.0,1,5408,4105,1197,5308,4009,1198,5390,4084,1170,11,15,23,0.002036659877800407,0.003659429129055867,0.019279128248113998,0.31547258370147063,0.6872968603769102,1.1940241278006234,0.6309451674029413,0.6872968603769102,0.7960160852004156,0.274582560296846,0.4098922624877571,0.4512820512820513,97.5,100.0,4761,4496,1453,47,2,0,0.009871875656374712,4.4483985765124553E-4,0.0,0.75,0.9,0.9,0.8,20.0,40.0,85.0,0.9500000000000001,0.6000000000000001,0.30000000000000004,0.5,25.0,95.0,40.0,3947,3940,7,3947,0.00177349885989359,0.6688225536973174,1.0,0.6688225536973174,1621,0.4114213197969543,1.0,1
"iteration_3","SCOPE_DATA_COLLECTION",900,12,790.0,850.0,2,5408,4105,1197,5308,4009,1198,5390,4084,1170,11,15,23,0.002036659877800407,0.003659429129055867,0.019279128248113998,0.31547258370147063,0.6872968603769102,1.1940241278006234,0.6309451674029413,0.6872968603769102,0.7960160852004156,0.274582560296846,0.4098922624877571,0.4512820512820513,97.5,100.0,4761,4496,1453,47,2,0,0.009871875656374712,4.4483985765124553E-4,0.0,0.75,0.9,0.9,0.8,20.0,40.0,85.0,0.9500000000000001,0.6000000000000001,0.30000000000000004,0.5,25.0,95.0,40.0,1183,1167,16,1183,0.013524936601859678,1.19062322370847,1.5,0.7937488158056466,528,0.4524421593830334,1.0,1
"iteration_3","SCOPE_DATA_COLLECTION",900,13,850.0,910.0,0,5365,3947,1183,5408,4105,1197,5361,3953,1184,10,7,16,0.001861850679575498,0.0017676767676767678,0.013333333333333334,0.31584810833136673,0.6697498900491824,1.1998466863227952,0.6316962166627335,0.6697498900491824,0.7998977908818635,0.2837157246782317,0.4108272198330382,0.45692567567567566,87.5,100.0,4718,5481,296,27,6,0,0.0057227638830012716,0.0010946907498631637,0.0,0.9500000000000001,0.6000000000000001,0.30000000000000004,0.5,25.0,95.0,40.0,0.9500000000000001,0.6000000000000001,0.30000000000000004,0.5,25.0,95.0,40.0,5379,5376,3,5379,5.577244841048522E-4,0.32185484759533256,0.5,0.6437096951906651,1451,0.26990327380952384,1.0,1
"iteration_3","SCOPE_DATA_COLLECTION",900,13,850.0,910.0,1,5365,3947,1183,5408,4105,1197,5361,3953,1184,10,7,16,0.001861850679575498,0.0017676767676767678,0.013333333333333334,0.31584810833136673,0.6697498900491824,1.1998466863227952,0.6316962166627335,0.6697498900491824,0.7998977908818635,0.2837157246782317,0.4108272198330382,0.45692567567567566,87.5,100.0,4718,5481,296,27,6,0,0.0057227638830012716,0.0010946907498631637,0.0,0.9500000000000001,0.6000000000000001,0.30000000000000004,0.5,25.0,95.0,40.0,0.9500000000000001,0.6000000000000001,0.30000000000000004,0.5,25.0,95.0,40.0,4000,3985,15,4000,0.00375,0.6527091603715098,1.0,0.6527091603715098,1599,0.40125470514429107,1.0,1
"iteration_3","SCOPE_DATA_COLLECTION",900,13,850.0,910.0,2,5365,3947,1183,5408,4105,1197,5361,3953,1184,10,7,16,0.001861850679575498,0.0017676767676767678,0.013333333333333334,0.31584810833136673,0.6697498900491824,1.1998466863227952,0.6316962166627335,0.6697498900491824,0.7998977908818635,0.2837157246782317,0.4108272198330382,0.45692567567567566,87.5,100.0,4718,5481,296,27,6,0,0.0057227638830012716,0.0010946907498631637,0.0,0.9500000000000001,0.6000000000000001,0.30000000000000004,0.5,25.0,95.0,40.0,0.9500000000000001,0.6000000000000001,0.30000000000000004,0.5,25.0,95.0,40.0,1114,1104,10,1114,0.008976660682226212,1.192114127352641,1.5,0.7947427515684273,502,0.45471014492753625,1.0,1
"iteration_3","SCOPE_DATA_COLLECTION",900,14,910.0,970.0,0,5379,4000,1114,5365,3947,1183,5381,3972,1095,3,15,10,5.572065378900445E-4,0.003762227238525207,0.00904977375565611,0.3222078980820626,0.6503731412310612,1.1847618969448528,0.6444157961641253,0.6503731412310612,0.7898412646299019,0.27002415907823824,0.4003021148036254,0.4520547945205479,97.5,100.0,4813,5389,291,25,3,0,0.005194265530853937,5.56689552792726E-4,0.0,0.9500000000000001,0.6000000000000001,0.30000000000000004,0.5,25.0,95.0,40.0,0.55,0.6000000000000001,0.7000000000000001,0.30000000000000004,40.0,55.0,80.0,5424,5402,22,5424,0.004056047197640118,0.3208880906970325,0.5,0.641776181394065,1544,0.28582006664198445,1.0,1
"iteration_3","SCOPE_DATA_COLLECTION",900,14,910.0,970.0,1,5379,4000,1114,5365,3947,1183,5381,3972,1095,3,15,10,5.572065378900445E-4,0.003762227238525207,0.00904977375565611,0.3222078980820626,0.6503731412310612,1.1847618969448528,0.6444157961641253,0.6503731412310612,0.7898412646299019,0.27002415907823824,0.4003021148036254,0.4520547945205479,97.5,100.0,4813,5389,291,25,3,0,0.005194265530853937,5.56689552792726E-4,0.0,0.9500000000000001,0.6000000000000001,0.30000000000000004,0.5,25.0,95.0,40.0,0.55,0.6000000000000001,0.7000000000000001,0.30000000000000004,40.0,55.0,80.0,3867,3846,21,3867,0.005430566330488751,0.6950488690699227,1.0,0.6950488690699227,1613,0.41939677587103485,1.0,1
"iteration_3","SCOPE_DATA_COLLECTION",900,14,910.0,970.0,2,5379,4000,1114,5365,3947,1183,5381,3972,1095,3,15,10,5.572065378900445E-4,0.003762227238525207,0.00904977375565611,0.3222078980820626,0.6503731412310612,1.1847618969448528,0.6444157961641253,0.6503731412310612,0.7898412646299019,0.27002415907823824,0.4003021148036254,0.4520547945205479,97.5,100.0,4813,5389,291,25,3,0,0.005194265530853937,5.56689552792726E-4,0.0,0.9500000000000001,0.6000000000000001,0.30000000000000004,0.5,25.0,95.0,40.0,0.55,0.6000000000000001,0.7000000000000001,0.30000000000000004,40.0,55.0,80.0,1217,1207,10,1217,0.008216926869350863,1.1638456023784203,1.5,0.7758970682522802,532,0.4407622203811102,1.0,1
"iteration_3","SCOPE_DATA_COLLECTION",900,15,970.0,1030.0,0,5424,3867,1217,5379,4000,1114,5389,3845,1205,22,21,10,0.004065791905377934,0.005431971029487843,0.00823045267489712,0.32031209913335273,0.6952582508173536,1.1638962458830588,0.6406241982667055,0.6952582508173536,0.7759308305887059,0.2846539246613472,0.4195058517555267,0.43983402489626555,100.0,100.0,4754,3166,2588,24,2,27,0.005048380311316786,6.317119393556538E-4,0.010432766615146832,0.55,0.6000000000000001,0.7000000000000001,0.30000000000000004,40.0,55.0,80.0,0.65,0.5,0.7000000000000001,0.2,30.0,65.0,90.0,5339,5334,5,5339,9.365049634763064E-4,0.31357685518959977,0.5,0.6271537103791995,1457,0.2731533558305212,1.0,1
"iteration_3","SCOPE_DATA_COLLECTION",900,15,970.0,1030.0,1,5424,3867,1217,5379,4000,1114,5389,3845,1205,22,21,10,0.004065791905377934,0.005431971029487843,0.00823045267489712,0.32031209913335273,0.6952582508173536,1.1638962458830588,0.6406241982667055,0.6952582508173536,0.7759308305887059,0.2846539246613472,0.4195058517555267,0.43983402489626555,100.0,100.0,4754,3166,2588,24,2,27,0.005048380311316786,6.317119393556538E-4,0.010432766615146832,0.55,0.6000000000000001,0.7000000000000001,0.30000000000000004,40.0,55.0,80.0,0.65,0.5,0.7000000000000001,0.2,30.0,65.0,90.0,4002,3992,10,4002,0.0024987506246876563,0.6886254737569042,1.0,0.6886254737569042,1679,0.4205911823647295,1.0,1
"iteration_3","SCOPE_DATA_COLLECTION",900,15,970.0,1030.0,2,5424,3867,1217,5379,4000,1114,5389,3845,1205,22,21,10,0.004065791905377934,0.005431971029487843,0.00823045267489712,0.32031209913335273,0.6952582508173536,1.1638962458830588,0.6406241982667055,0.6952582508173536,0.7759308305887059,0.2846539246613472,0.4195058517555267,0.43983402489626555,100.0,100.0,4754,3166,2588,24,2,27,0.005048380311316786,6.317119393556538E-4,0.010432766615146832,0.55,0.6000000000000001,0.7000000000000001,0.30000000000000004,40.0,55.0,80.0,0.65,0.5,0.7000000000000001,0.2,30.0,65.0,90.0,1191,1183,8,1191,0.006717044500419815,1.1253363920496786,1.5,0.7502242613664524,512,0.4327979712595097,1.0,1
"iteration_3","SCOPE_DATA_COLLECTION",900,16,1030.0,1090.0,0,5339,4002,1191,5424,3867,1217,5335,3990,1188,5,10,7,9.363295880149813E-4,0.0025,0.005857740585774059,0.31388914060911705,0.6902063711518043,1.1259959875614702,0.6277782812182341,0.6902063711518043,0.7506639917076469,0.27441424554826616,0.4213032581453634,0.43265993265993263,100.0,100.0,4725,3802,2005,16,6,0,0.0033862433862433864,0.0015781167806417674,0.0,0.65,0.5,0.7000000000000001,0.2,30.0,65.0,90.0,0.75,0.6000000000000001,0.7000000000000001,0.2,20.0,65.0,95.0,5257,5250,7,5257,0.0013315579227696406,0.31886321912672105,0.5,0.6377264382534421,1488,0.2834285714285714,1.0,1
"iteration_3","SCOPE_DATA_COLLECTION",900,16,1030.0,1090.0,1,5339,4002,1191,5424,3867,1217,5335,3990,1188,5,10,7,9.363295880149813E-4,0.0025,0.005857740585774059,0.31388914060911705,0.6902063711518043,1.1259959875614702,0.6277782812182341,0.6902063711518043,0.7506639917076469,0.27441424554826616,0.4213032581453634,0.43265993265993263,100.0,100.0,4725,3802,2005,16,6,0,0.0033862433862433864,0.0015781167806417674,0.0,0.65,0.5,0.7000000000000001,0.2,30.0,65.0,90.0,0.75,0.6000000000000001,0.7000000000000001,0.2,20.0,65.0,95.0,3898,3889,9,3898,0.002308876346844536,0.7059273205676275,1.0,0.7059273205676275,1669,0.42915916688094624,1.0,1
"iteration_3","SCOPE_DATA_COLLECTION",900,16,1030.0,1090.0,2,5339,4002,1191,5424,3867,1217,5335,3990,1188,5,10,7,9.363295880149813E-4,0.0025,0.005857740585774059,0.31388914060911705,0.6902063711518043,1.1259959875614702,0.6277782812182341,0.6902063711518043,0.7506639917076469,0.27441424554826616,0.4213032581453634,0.43265993265993263,100.0,100.0,4725,3802,2005,16,6,0,0.0033862433862433864,0.0015781167806417674,0.0,0.65,0.5,0.7000000000000001,0.2,30.0,65.0,90.0,0.75,0.6000000000000001,0.7000000000000001,0.2,20.0,65.0,95.0,1179,1173,6,1179,0.005089058524173028,1.173398165677042,1.5,0.7822654437846946,535,0.4560954816709292,1.0,1
"iteration_3","SCOPE_DATA_COLLECTION",900,17,1090.0,1150.0,0,5257,3898,1179,5339,4002,1191,5251,3895,1168,7,9,7,0.0013313046785850132,0.002305327868852459,0.005957446808510639,0.3183008879645122,0.7025828947019752,1.1659342906358268,0.6366017759290244,0.7025828947019752,0.7772895270905512,0.2831841553989716,0.4277278562259307,0.4529109589041096,97.5,100.0,4691,4224,1419,20,3,0,0.004263483265828182,7.102272727272727E-4,0.0,0.75,0.6000000000000001,0.7000000000000001,0.2,20.0,65.0,95.0,0.75,0.6000000000000001,0.7000000000000001,0.2,20.0,65.0,95.0,5246,5240,6,5246,0.001143728555089592,0.31497244435223287,0.5,0.6299448887044657,1442,0.27519083969465646,1.0,1
"iteration_3","SCOPE_DATA_COLLECTION",900,17,1090.0,1150.0,1,5257,3898,1179,5339,4002,1191,5251,3895,1168,7,9,7,0.0013313046785850132,0.002305327868852459,0.005957446808510639,0.3183008879645122,0.7025828947019752,1.1659342906358268,0.6366017759290244,0.7025828947019752,0.7772895270905512,0.2831841553989716,0.4277278562259307,0.4529109589041096,97.5,100.0,4691,4224,1419,20,3,0,0.004263483265828182,7.102272727272727E-4,0.0,0.75,0.6000000000000001,0.7000000000000001,0.2,20.0,65.0,95.0,0.75,0.6000000000000001,0.7000000000000001,0.2,20.0,65.0,95.0,4056,4050,6,4056,0.0014792899408284023,0.67784128856743,1.0,0.67784128856743,1676,0.4138271604938272,1.0,1
"iteration_3","SCOPE_DATA_COLLECTION",900,17,1090.0,1150.0,2,5257,3898,1179,5339,4002,1191,5251,3895,1168,7,9,7,0.0013313046785850132,0.002305327868852459,0.005957446808510639,0.3183008879645122,0.7025828947019752,1.1659342906358268,0.6366017759290244,0.7025828947019752,0.7772895270905512,0.2831841553989716,0.4277278562259307,0.4529109589041096,97.5,100.0,4691,4224,1419,20,3,0,0.004263483265828182,7.102272727272727E-4,0.0,0.75,0.6000000000000001,0.7000000000000001,0.2,20.0,65.0,95.0,0.75,0.6000000000000001,0.7000000000000001,0.2,20.0,65.0,95.0,1178,1168,10,1178,0.008488964346349746,1.1268402592373983,1.5,0.7512268394915989,503,0.4306506849315068,1.0,1
"iteration_3","SCOPE_DATA_COLLECTION",900,18,1150.0,1210.0,0,5246,4056,1178,5257,3898,1179,5247,4047,1177,6,6,10,0.001142204454597373,0.0014803849000740192,0.008424599831508003,0.31540029597732683,0.6800424509065124,1.1326477471924323,0.6308005919546537,0.6800424509065124,0.7550984981282882,0.274442538593482,0.4156165060538671,0.4333050127442651,100.0,100.0,4690,4347,1443,20,2,0,0.0042643923240938165,4.6008741660915573E-4,0.0,0.75,0.6000000000000001,0.7000000000000001,0.2,20.0,65.0,95.0,0.7000000000000001,0.1,0.9,0.2,95.0,60.0,70.0,5431,5428,3,5431,5.523844595838704E-4,0.2783580754526131,0.5,0.5567161509052262,1061,0.19546794399410464,1.0,1
"iteration_3","SCOPE_DATA_COLLECTION",900,18,1150.0,1210.0,1,5246,4056,1178,5257,3898,1179,5247,4047,1177,6,6,10,0.001142204454597373,0.0014803849000740192,0.008424599831508003,0.31540029597732683,0.6800424509065124,1.1326477471924323,0.6308005919546537,0.6800424509065124,0.7550984981282882,0.274442538593482,0.4156165060538671,0.4333050127442651,100.0,100.0,4690,4347,1443,20,2,0,0.0042643923240938165,4.6008741660915573E-4,0.0,0.75,0.6000000000000001,0.7000000000000001,0.2,20.0,65.0,95.0,0.7000000000000001,0.1,0.9,0.2,95.0,60.0,70.0,4017,4005,12,4017,0.002987303958177745,0.6837134143234395,1.0,0.6837134143234395,1675,0.418227215980025,1.0,1
"iteration_3","SCOPE_DATA_COLLECTION",900,18,1150.0,1210.0,2,5246,4056,1178,5257,3898,1179,5247,4047,1177,6,6,10,0.001142204454597373,0.0014803849000740192,0.008424599831508003,0.31540029597732683,0.6800424509065124,1.1326477471924323,0.6308005919546537,0.6800424509065124,0.7550984981282882,0.274442538593482,0.4156165060538671,0.4333050127442651,100.0,100.0,4690,4347,1443,20,2,0,0.0042643923240938165,4.6008741660915573E-4,0.0,0.75,0.6000000000000001,0.7000000000000001,0.2,20.0,65.0,95.0,0.7000000000000001,0.1,0.9,0.2,95.0,60.0,70.0,1150,1147,3,1150,0.0026086956521739132,1.1820769870129606,1.5,0.788051324675307,530,0.46207497820401044,1.0,1
"iteration_3","SCOPE_DATA_COLLECTION",900,19,1210.0,1270.0,0,5431,4017,1150,5246,4056,1178,5435,4009,1137,3,12,3,5.516734093416697E-4,0.0029843322556577967,0.002631578947368421,0.27869276540551713,0.6831607283721147,1.1770561593172204,0.5573855308110343,0.6831607283721147,0.7847041062114802,0.19760809567617296,0.41731105013719133,0.45910290237467016,100.0,100.0,4801,3991,1806,16,2,0,0.0033326390335346803,5.011275369581559E-4,0.0,0.7000000000000001,0.1,0.9,0.2,95.0,60.0,70.0,0.7000000000000001,0.9,0.9,0.5,20.0,55.0,35.0,5386,5379,7,5386,0.0012996658002228,0.3302967520821105,0.5,0.660593504164221,1583,0.29429261944599366,1.0,1
"iteration_3","SCOPE_DATA_COLLECTION",900,19,1210.0,1270.0,1,5431,4017,1150,5246,4056,1178,5435,4009,1137,3,12,3,5.516734093416697E-4,0.0029843322556577967,0.002631578947368421,0.27869276540551713,0.6831607283721147,1.1770561593172204,0.5573855308110343,0.6831607283721147,0.7847041062114802,0.19760809567617296,0.41731105013719133,0.45910290237467016,100.0,100.0,4801,3991,1806,16,2,0,0.0033326390335346803,5.011275369581559E-4,0.0,0.7000000000000001,0.1,0.9,0.2,95.0,60.0,70.0,0.7000000000000001,0.9,0.9,0.5,20.0,55.0,35.0,3952,3938,14,3952,0.00354251012145749,0.6862086627118408,1.0,0.6862086627118408,1612,0.40934484509903507,1.0,1
"iteration_3","SCOPE_DATA_COLLECTION",900,19,1210.0,1270.0,2,5431,4017,1150,5246,4056,1178,5435,4009,1137,3,12,3,5.516734093416697E-4,0.0029843322556577967,0.002631578947368421,0.27869276540551713,0.6831607283721147,1.1770561593172204,0.5573855308110343,0.6831607283721147,0.7847041062114802,0.19760809567617296,0.41731105013719133,0.45910290237467016,100.0,100.0,4801,3991,1806,16,2,0,0.0033326390335346803,5.011275369581559E-4,0.0,0.7000000000000001,0.1,0.9,0.2,95.0,60.0,70.0,0.7000000000000001,0.9,0.9,0.5,20.0,55.0,35.0,1211,1193,18,1211,0.01486374896779521,1.173496134646743,1.5,0.782330756431162,532,0.4459346186085499,1.0,1
"iteration_3","SCOPE_DATA_COLLECTION",900,20,1270.0,1330.0,0,5386,3952,1211,5431,4017,1150,5368,3936,1191,7,13,18,0.0013023255813953488,0.0032919726513041276,0.01488833746898263,0.3295441183307245,0.6875525185483546,1.1740380921000084,0.659088236661449,0.6875525185483546,0.7826920614000056,0.2915424739195231,0.4098069105691057,0.4466834592779177,97.5,100.0,4814,4050,1685,34,4,0,0.007062733693394266,9.876543209876543E-4,0.0,0.7000000000000001,0.9,0.9,0.5,20.0,55.0,35.0,0.7000000000000001,0.9,0.9,0.5,20.0,55.0,35.0,5360,5352,8,5360,0.0014925373134328358,0.3191144413964842,0.5,0.6382288827929684,1529,0.2856875934230194,1.0,1
"iteration_3","SCOPE_DATA_COLLECTION",900,20,1270.0,1330.0,1,5386,3952,1211,5431,4017,1150,5368,3936,1191,7,13,18,0.0013023255813953488,0.0032919726513041276,0.01488833746898263,0.3295441183307245,0.6875525185483546,1.1740380921000084,0.659088236661449,0.6875525185483546,0.7826920614000056,0.2915424739195231,0.4098069105691057,0.4466834592779177,97.5,100.0,4814,4050,1685,34,4,0,0.007062733693394266,9.876543209876543E-4,0.0,0.7000000000000001,0.9,0.9,0.5,20.0,55.0,35.0,0.7000000000000001,0.9,0.9,0.5,20.0,55.0,35.0,4135,4111,24,4135,0.005804111245465538,0.688079274328839,1.0,0.688079274328839,1711,0.4162004378496716,1.0,1
"iteration_3","SCOPE_DATA_COLLECTION",900,20,1270.0,1330.0,2,5386,3952,1211,5431,4017,1150,5368,3936,1191,7,13,18,0.0013023255813953488,0.0032919726513041276,0.01488833746898263,0.3295441183307245,0.6875525185483546,1.1740380921000084,0.659088236661449,0.6875525185483546,0.7826920614000056,0.2915424739195231,0.4098069105691057,0.4466834592779177,97.5,100.0,4814,4050,1685,34,4,0,0.007062733693394266,9.876543209876543E-4,0.0,0.7000000000000001,0.9,0.9,0.5,20.0,55.0,35.0,0.7000000000000001,0.9,0.9,0.5,20.0,55.0,35.0,1123,1104,19,1123,0.016918967052537846,1.1648389384981144,1.5,0.7765592923320762,485,0.43931159420289856,1.0,1
"iteration_3","SCOPE_DATA_COLLECTION",900,21,1330.0,1390.0,0,5360,4135,1123,5386,3952,1211,5361,4104,1108,8,25,19,0.001490035388340473,0.006054734802615646,0.01685891748003549,0.3201794101976333,0.6864218202827697,1.1652657403260736,0.6403588203952666,0.6864218202827697,0.7768438268840491,0.2880059690356277,0.4149610136452242,0.4404332129963899,97.5,100.0,4775,4033,1810,51,1,0,0.01068062827225131,2.479543763947434E-4,0.0,0.7000000000000001,0.9,0.9,0.5,20.0,55.0,35.0,0.8,0.9,0.8,0.5,20.0,65.0,45.0,5256,5251,5,5256,9.512937595129375E-4,0.3160019819119638,0.5,0.6320039638239277,1428,0.2719482003427918,1.0,1
"iteration_3","SCOPE_DATA_COLLECTION",900,21,1330.0,1390.0,1,5360,4135,1123,5386,3952,1211,5361,4104,1108,8,25,19,0.001490035388340473,0.006054734802615646,0.01685891748003549,0.3201794101976333,0.6864218202827697,1.1652657403260736,0.6403588203952666,0.6864218202827697,0.7768438268840491,0.2880059690356277,0.4149610136452242,0.4404332129963899,97.5,100.0,4775,4033,1810,51,1,0,0.01068062827225131,2.479543763947434E-4,0.0,0.7000000000000001,0.9,0.9,0.5,20.0,55.0,35.0,0.8,0.9,0.8,0.5,20.0,65.0,45.0,3894,3875,19,3894,0.004879301489470981,0.6821189281602886,1.0,0.6821189281602886,1602,0.4134193548387097,1.0,1
"iteration_3","SCOPE_DATA_COLLECTION",900,21,1330.0,1390.0,2,5360,4135,1123,5386,3952,1211,5361,4104,1108,8,25,19,0.001490035388340473,0.006054734802615646,0.01685891748003549,0.3201794101976333,0.6864218202827697,1.1652657403260736,0.6403588203952666,0.6864218202827697,0.7768438268840491,0.2880059690356277,0.4149610136452242,0.4404332129963899,97.5,100.0,4775,4033,1810,51,1,0,0.01068062827225131,2.479543763947434E-4,0.0,0.7000000000000001,0.9,0.9,0.5,20.0,55.0,35.0,0.8,0.9,0.8,0.5,20.0,65.0,45.0,1204,1191,13,1204,0.01079734219269103,1.1777079815916236,1.5,0.7851386543944158,534,0.44836272040302266,1.0,1
"iteration_3","SCOPE_DATA_COLLECTION",900,22,1390.0,1450.0,0,5256,3894,1204,5360,4135,1123,5251,3885,1187,5,19,13,9.512937595129375E-4,0.004866803278688525,0.010833333333333334,0.3161850362147874,0.6838636289147495,1.175861474490654,0.6323700724295748,0.6838636289147495,0.7839076496604359,0.27232908017520474,0.4146718146718147,0.44734625105307496,100.0,100.0,4683,4595,1076,34,3,0,0.007260303224428785,6.528835690968443E-4,0.0,0.8,0.9,0.8,0.5,20.0,65.0,45.0,0.8,0.9,0.8,0.5,20.0,55.0,55.0,5219,5212,7,5219,0.0013412531136232995,0.3226318536964459,0.5,0.6452637073928918,1443,0.2768610897927859,1.0,1
"iteration_3","SCOPE_DATA_COLLECTION",900,22,1390.0,1450.0,1,5256,3894,1204,5360,4135,1123,5251,3885,1187,5,19,13,9.512937595129375E-4,0.004866803278688525,0.010833333333333334,0.3161850362147874,0.6838636289147495,1.175861474490654,0.6323700724295748,0.6838636289147495,0.7839076496604359,0.27232908017520474,0.4146718146718147,0.44734625105307496,100.0,100.0,4683,4595,1076,34,3,0,0.007260303224428785,6.528835690968443E-4,0.0,0.8,0.9,0.8,0.5,20.0,65.0,45.0,0.8,0.9,0.8,0.5,20.0,55.0,55.0,3929,3911,18,3929,0.004581318401628913,0.6835565432095483,1.0,0.6835565432095483,1581,0.40424443876246485,1.0,1
"iteration_3","SCOPE_DATA_COLLECTION",900,22,1390.0,1450.0,2,5256,3894,1204,5360,4135,1123,5251,3885,1187,5,19,13,9.512937595129375E-4,0.004866803278688525,0.010833333333333334,0.3161850362147874,0.6838636289147495,1.175861474490654,0.6323700724295748,0.6838636289147495,0.7839076496604359,0.27232908017520474,0.4146718146718147,0.44734625105307496,100.0,100.0,4683,4595,1076,34,3,0,0.007260303224428785,6.528835690968443E-4,0.0,0.8,0.9,0.8,0.5,20.0,65.0,45.0,0.8,0.9,0.8,0.5,20.0,55.0,55.0,1245,1234,11,1245,0.008835341365461847,1.1542414091196112,1.5,0.7694942727464075,536,0.4343598055105348,1.0,1
"iteration_3","SCOPE_DATA_COLLECTION",900,23,1450.0,1510.0,0,5219,3929,1245,5256,3894,1204,5187,3908,1244,7,18,11,0.0013477088948787063,0.004584819154355578,0.008764940239043825,0.31908563535268103,0.6818514159500855,1.1606758883082384,0.6381712707053621,0.6818514159500855,0.7737839255388256,0.27299016772700985,0.4037871033776868,0.43729903536977494,100.0,100.0,4644,4683,1066,31,5,0,0.006675279931093884,0.001067691650651292,0.0,0.8,0.9,0.8,0.5,20.0,55.0,55.0,0.9,0.9,0.8,0.5,30.0,65.0,65.0,5410,5398,12,5410,0.0022181146025878,0.3242521544739797,0.5,0.6485043089479594,1537,0.2847350870692849,1.0,1
"iteration_3","SCOPE_DATA_COLLECTION",900,23,1450.0,1510.0,1,5219,3929,1245,5256,3894,1204,5187,3908,1244,7,18,11,0.0013477088948787063,0.004584819154355578,0.008764940239043825,0.31908563535268103,0.6818514159500855,1.1606758883082384,0.6381712707053621,0.6818514159500855,0.7737839255388256,0.27299016772700985,0.4037871033776868,0.43729903536977494,100.0,100.0,4644,4683,1066,31,5,0,0.006675279931093884,0.001067691650651292,0.0,0.8,0.9,0.8,0.5,20.0,55.0,55.0,0.9,0.9,0.8,0.5,30.0,65.0,65.0,3860,3841,19,3860,0.004922279792746114,0.7055914020099626,1.0,0.7055914020099626,1642,0.4274928404061442,1.0,1
"iteration_3","SCOPE_DATA_COLLECTION",900,23,1450.0,1510.0,2,5219,3929,1245,5256,3894,1204,5187,3908,1244,7,18,11,0.0013477088948787063,0.004584819154355578,0.008764940239043825,0.31908563535268103,0.6818514159500855,1.1606758883082384,0.6381712707053621,0.6818514159500855,0.7737839255388256,0.27299016772700985,0.4037871033776868,0.43729903536977494,100.0,100.0,4644,4683,1066,31,5,0,0.006675279931093884,0.001067691650651292,0.0,0.8,0.9,0.8,0.5,20.0,55.0,55.0,0.9,0.9,0.8,0.5,30.0,65.0,65.0,1174,1159,15,1174,0.012776831345826235,1.1763800414942138,1.5,0.7842533609961425,516,0.4452113891285591,1.0,1
"iteration_3","SCOPE_DATA_COLLECTION",900,24,1510.0,1570.0,0,5410,3860,1174,5219,3929,1245,5410,3840,1158,12,19,15,0.0022132054592401327,0.004923555325213786,0.01278772378516624,0.32748191482505934,0.7063667706023848,1.1743978213133075,0.6549638296501187,0.7063667706023848,0.7829318808755383,0.28817005545286506,0.4276041666666667,0.44473229706390327,97.5,100.0,4804,5062,578,40,6,0,0.00832639467110741,0.001185302252074279,0.0,0.9,0.9,0.8,0.5,30.0,65.0,65.0,0.8,0.9,0.8,0.5,40.0,65.0,65.0,5370,5364,6,5370,0.0011173184357541898,0.3352651536617663,0.5,0.6705303073235326,1596,0.2975391498881432,1.0,1
"iteration_3","SCOPE_DATA_COLLECTION",900,24,1510.0,1570.0,1,5410,3860,1174,5219,3929,1245,5410,3840,1158,12,19,15,0.0022132054592401327,0.004923555325213786,0.01278772378516624,0.32748191482505934,0.7063667706023848,1.1743978213133075,0.6549638296501187,0.7063667706023848,0.7829318808755383,0.28817005545286506,0.4276041666666667,0.44473229706390327,97.5,100.0,4804,5062,578,40,6,0,0.00832639467110741,0.001185302252074279,0.0,0.9,0.9,0.8,0.5,30.0,65.0,65.0,0.8,0.9,0.8,0.5,40.0,65.0,65.0,3936,3920,16,3936,0.0040650406504065045,0.7122521412384614,1.0,0.7122521412384614,1714,0.4372448979591837,1.0,1
"iteration_3","SCOPE_DATA_COLLECTION",900,24,1510.0,1570.0,2,5410,3860,1174,5219,3929,1245,5410,3840,1158,12,19,15,0.0022132054592401327,0.004923555325213786,0.01278772378516624,0.32748191482505934,0.7063667706023848,1.1743978213133075,0.6549638296501187,0.7063667706023848,0.7829318808755383,0.28817005545286506,0.4276041666666667,0.44473229706390327,97.5,100.0,4804,5062,578,40,6,0,0.00832639467110741,0.001185302252074279,0.0,0.9,0.9,0.8,0.5,30.0,65.0,65.0,0.8,0.9,0.8,0.5,40.0,65.0,65.0,1178,1165,13,1178,0.011035653650254669,1.1375785608325846,1.5,0.758385707221723,490,0.4206008583690987,1.0,1
"iteration_3","SCOPE_DATA_COLLECTION",900,25,1570.0,1630.0,0,5370,3936,1178,5410,3860,1174,5357,3928,1162,6,16,13,0.0011187768040275966,0.004056795131845842,0.011063829787234043,0.3335175554648861,0.7119914503945518,1.1360798787469086,0.6670351109297722,0.7119914503945518,0.7573865858312724,0.294754526787381,0.43660896130346233,0.41910499139414803,97.5,100.0,4888,4475,1121,28,7,0,0.0057283142389525366,0.0015642458100558658,0.0,0.8,0.9,0.8,0.5,40.0,65.0,65.0,0.65,0.6000000000000001,0.1,0.2,75.0,55.0,55.0,5436,5434,2,5436,3.679175864606328E-4,0.31924323267176474,0.5,0.6384864653435295,1606,0.29554655870445345,1.0,1
"iteration_3","SCOPE_DATA_COLLECTION",900,25,1570.0,1630.0,1,5370,3936,1178,5410,3860,1174,5357,3928,1162,6,16,13,0.0011187768040275966,0.004056795131845842,0.011063829787234043,0.3335175554648861,0.7119914503945518,1.1360798787469086,0.6670351109297722,0.7119914503945518,0.7573865858312724,0.294754526787381,0.43660896130346233,0.41910499139414803,97.5,100.0,4888,4475,1121,28,7,0,0.0057283142389525366,0.0015642458100558658,0.0,0.8,0.9,0.8,0.5,40.0,65.0,65.0,0.65,0.6000000000000001,0.1,0.2,75.0,55.0,55.0,4099,4090,9,4099,0.0021956574774335204,0.6343369615035589,1.0,0.6343369615035589,1628,0.3980440097799511,1.0,1
"iteration_3","SCOPE_DATA_COLLECTION",900,25,1570.0,1630.0,2,5370,3936,1178,5410,3860,1174,5357,3928,1162,6,16,13,0.0011187768040275966,0.004056795131845842,0.011063829787234043,0.3335175554648861,0.7119914503945518,1.1360798787469086,0.6670351109297722,0.7119914503945518,0.7573865858312724,0.294754526787381,0.43660896130346233,0.41910499139414803,97.5,100.0,4888,4475,1121,28,7,0,0.0057283142389525366,0.0015642458100558658,0.0,0.8,0.9,0.8,0.5,40.0,65.0,65.0,0.65,0.6000000000000001,0.1,0.2,75.0,55.0,55.0,1144,1141,3,1144,0.0026223776223776225,1.1298387587214573,1.5,0.7532258391476382,499,0.43733567046450483,1.0,1
"iteration_3","SCOPE_DATA_COLLECTION",900,26,1630.0,1690.0,0,5436,4099,1144,5370,3936,1178,5447,4087,1139,2,9,3,3.6703982382088455E-4,0.002197265625,0.002626970227670753,0.3208285221610232,0.6358239019910434,1.1332276623490358,0.6416570443220464,0.6358239019910434,0.7554851082326905,0.29741141912979624,0.3993149009053095,0.43898156277436345,97.5,100.0,4839,3760,2080,13,1,0,0.0026865054763380862,2.6595744680851064E-4,0.0,0.65,0.6000000000000001,0.1,0.2,75.0,55.0,55.0,0.65,0.5,0.2,0.1,85.0,45.0,55.0,5423,5412,11,5423,0.002028397565922921,0.30486330710653836,0.5,0.6097266142130767,1445,0.26699926090169995,1.0,1
"iteration_3","SCOPE_DATA_COLLECTION",900,26,1630.0,1690.0,1,5436,4099,1144,5370,3936,1178,5447,4087,1139,2,9,3,3.6703982382088455E-4,0.002197265625,0.002626970227670753,0.3208285221610232,0.6358239019910434,1.1332276623490358,0.6416570443220464,0.6358239019910434,0.7554851082326905,0.29741141912979624,0.3993149009053095,0.43898156277436345,97.5,100.0,4839,3760,2080,13,1,0,0.0026865054763380862,2.6595744680851064E-4,0.0,0.65,0.6000000000000001,0.1,0.2,75.0,55.0,55.0,0.65,0.5,0.2,0.1,85.0,45.0,55.0,3990,3986,4,3990,0.0010025062656641604,0.6551663447083266,1.0,0.6551663447083266,1643,0.4121926743602609,1.0,1
"iteration_3","SCOPE_DATA_COLLECTION",900,26,1630.0,1690.0,2,5436,4099,1144,5370,3936,1178,5447,4087,1139,2,9,3,3.6703982382088455E-4,0.002197265625,0.002626970227670753,0.3208285221610232,0.6358239019910434,1.1332276623490358,0.6416570443220464,0.6358239019910434,0.7554851082326905,0.29741141912979624,0.3993149009053095,0.43898156277436345,97.5,100.0,4839,3760,2080,13,1,0,0.0026865054763380862,2.6595744680851064E-4,0.0,0.65,0.6000000000000001,0.1,0.2,75.0,55.0,55.0,0.65,0.5,0.2,0.1,85.0,45.0,55.0,1121,1118,3,1121,0.0026761819803746653,1.113352379515155,1.5,0.74223491967677,481,0.43023255813953487,1.0,1
"iteration_3","SCOPE_DATA_COLLECTION",900,27,1690.0,1750.0,0,5423,3990,1121,5436,4099,1144,5411,3974,1131,11,4,3,0.002028771670970122,0.001005530417295123,0.0026455026455026454,0.30463395204875215,0.6543891957986627,1.125399056086182,0.6092679040975043,0.6543891957986627,0.750266037390788,0.2666789872481981,0.41041771514846503,0.4358974358974359,100.0,100.0,4773,3755,2006,14,4,0,0.002933165723863398,0.0010652463382157123,0.0,0.65,0.5,0.2,0.1,85.0,45.0,55.0,0.65,0.5,0.2,0.1,85.0,45.0,55.0,5365,5362,3,5365,5.591798695246971E-4,0.3072745390307328,0.5,0.6145490780614656,1478,0.2756434166355837,1.0,1
"iteration_3","SCOPE_DATA_COLLECTION",900,27,1690.0,1750.0,1,5423,3990,1121,5436,4099,1144,5411,3974,1131,11,4,3,0.002028771670970122,0.001005530417295123,0.0026455026455026454,0.30463395204875215,0.6543891957986627,1.125399056086182,0.6092679040975043,0.6543891957986627,0.750266037390788,0.2666789872481981,0.41041771514846503,0.4358974358974359,100.0,100.0,4773,3755,2006,14,4,0,0.002933165723863398,0.0010652463382157123,0.0,0.65,0.5,0.2,0.1,85.0,45.0,55.0,0.65,0.5,0.2,0.1,85.0,45.0,55.0,4034,4028,6,4034,0.001487357461576599,0.6418812617203815,1.0,0.6418812617203815,1645,0.4083912611717974,1.0,1
"iteration_3","SCOPE_DATA_COLLECTION",900,27,1690.0,1750.0,2,5423,3990,1121,5436,4099,1144,5411,3974,1131,11,4,3,0.002028771670970122,0.001005530417295123,0.0026455026455026454,0.30463395204875215,0.6543891957986627,1.125399056086182,0.6092679040975043,0.6543891957986627,0.750266037390788,0.2666789872481981,0.41041771514846503,0.4358974358974359,100.0,100.0,4773,3755,2006,14,4,0,0.002933165723863398,0.0010652463382157123,0.0,0.65,0.5,0.2,0.1,85.0,45.0,55.0,0.65,0.5,0.2,0.1,85.0,45.0,55.0,1206,1201,5,1206,0.0041459369817578775,1.1259415866129794,1.5,0.7506277244086529,526,0.4379683597002498,1.0,1
"iteration_3","SCOPE_DATA_COLLECTION",900,28,1750.0,1810.0,0,5365,4034,1206,5423,3990,1121,5359,4034,1193,3,6,5,5.594927265945542E-4,0.0014851485148514852,0.004173622704507512,0.3069361476100047,0.6407756342434999,1.1202505941333172,0.6138722952200094,0.6407756342434999,0.7468337294222115,0.2748647135659638,0.40927119484382746,0.4358759430008382,95.0,100.0,4703,3833,2069,10,4,0,0.00212630236019562,0.0010435690060005217,0.0,0.65,0.5,0.2,0.1,85.0,45.0,55.0,0.65,0.4,0.30000000000000004,0.1,85.0,35.0,45.0,5415,5406,9,5415,0.0016620498614958448,0.30190181379489894,0.5,0.6038036275897979,1397,0.25841657417684055,1.0,1
"iteration_3","SCOPE_DATA_COLLECTION",900,28,1750.0,1810.0,1,5365,4034,1206,5423,3990,1121,5359,4034,1193,3,6,5,5.594927265945542E-4,0.0014851485148514852,0.004173622704507512,0.3069361476100047,0.6407756342434999,1.1202505941333172,0.6138722952200094,0.6407756342434999,0.7468337294222115,0.2748647135659638,0.40927119484382746,0.4358759430008382,95.0,100.0,4703,3833,2069,10,4,0,0.00212630236019562,0.0010435690060005217,0.0,0.65,0.5,0.2,0.1,85.0,45.0,55.0,0.65,0.4,0.30000000000000004,0.1,85.0,35.0,45.0,3967,3962,5,3967,0.0012603982858583312,0.6620744351423719,1.0,0.6620744351423719,1630,0.4114083796062595,1.0,1
"iteration_3","SCOPE_DATA_COLLECTION",900,28,1750.0,1810.0,2,5365,4034,1206,5423,3990,1121,5359,4034,1193,3,6,5,5.594927265945542E-4,0.0014851485148514852,0.004173622704507512,0.3069361476100047,0.6407756342434999,1.1202505941333172,0.6138722952200094,0.6407756342434999,0.7468337294222115,0.2748647135659638,0.40927119484382746,0.4358759430008382,95.0,100.0,4703,3833,2069,10,4,0,0.00212630236019562,0.0010435690060005217,0.0,0.65,0.5,0.2,0.1,85.0,45.0,55.0,0.65,0.4,0.30000000000000004,0.1,85.0,35.0,45.0,1178,1175,3,1178,0.0025466893039049238,1.1550882183471374,1.5,0.7700588122314249,537,0.4570212765957447,1.0,1
"iteration_3","SCOPE_DATA_COLLECTION",900,29,1810.0,1870.0,0,5415,3967,1178,5365,4034,1206,5411,3947,1175,9,5,3,0.0016605166051660517,0.0012651821862348178,0.0025466893039049238,0.3020062553790475,0.6585982654109054,1.1539508046502354,0.604012510758095,0.6585982654109054,0.7693005364334903,0.25965625577527257,0.4089181656954649,0.4553191489361702,100.0,100.0,4739,3747,2074,14,3,0,0.0029542097488921715,8.006405124099279E-4,0.0,0.65,0.4,0.30000000000000004,0.1,85.0,35.0,45.0,0.75,0.30000000000000004,0.30000000000000004,0.1,85.0,25.0,45.0,5350,5346,4,5350,7.476635514018691E-4,0.2960981990592264,0.5,0.5921963981184528,1260,0.2356902356902357,1.0,1
"iteration_3","SCOPE_DATA_COLLECTION",900,29,1810.0,1870.0,1,5415,3967,1178,5365,4034,1206,5411,3947,1175,9,5,3,0.0016605166051660517,0.0012651821862348178,0.0025466893039049238,0.3020062553790475,0.6585982654109054,1.1539508046502354,0.604012510758095,0.6585982654109054,0.7693005364334903,0.25965625577527257,0.4089181656954649,0.4553191489361702,100.0,100.0,4739,3747,2074,14,3,0,0.0029542097488921715,8.006405124099279E-4,0.0,0.65,0.4,0.30000000000000004,0.1,85.0,35.0,45.0,0.75,0.30000000000000004,0.30000000000000004,0.1,85.0,25.0,45.0,4064,4060,4,4064,9.84251968503937E-4,0.6916436352374963,1.0,0.6916436352374963,1739,0.4283251231527094,1.0,1
"iteration_3","SCOPE_DATA_COLLECTION",900,29,1810.0,1870.0,2,5415,3967,1178,5365,4034,1206,5411,3947,1175,9,5,3,0.0016605166051660517,0.0012651821862348178,0.0025466893039049238,0.3020062553790475,0.6585982654109054,1.1539508046502354,0.604012510758095,0.6585982654109054,0.7693005364334903,0.25965625577527257,0.4089181656954649,0.4553191489361702,100.0,100.0,4739,3747,2074,14,3,0,0.0029542097488921715,8.006405124099279E-4,0.0,0.65,0.4,0.30000000000000004,0.1,85.0,35.0,45.0,0.75,0.30000000000000004,0.30000000000000004,0.1,85.0,25.0,45.0,1157,1154,3,1157,0.0025929127052722557,1.1342882941748036,1.5,0.7561921961165358,508,0.44020797227036396,1.0,1
"iteration_3","SCOPE_DATA_COLLECTION",900,30,1870.0,1930.0,0,5350,4064,1157,5415,3967,1178,5346,4062,1157,4,4,3,7.476635514018691E-4,9.83767830791933E-4,0.002586206896551724,0.29605409499578866,0.6922976902831103,1.1346744859663633,0.5921081899915773,0.6922976902831103,0.7564496573109089,0.2349420127197905,0.42860659773510584,0.4407951598962835,100.0,100.0,4769,4339,1463,8,3,0,0.001677500524218914,6.914035492048859E-4,0.0,0.75,0.30000000000000004,0.30000000000000004,0.1,85.0,25.0,45.0,0.65,0.4,0.4,0.1,95.0,35.0,55.0,5320,5317,3,5320,5.639097744360903E-4,0.3014355044160622,0.5,0.6028710088321244,1336,0.2512695128832048,1.0,1
"iteration_3","SCOPE_DATA_COLLECTION",900,30,1870.0,1930.0,1,5350,4064,1157,5415,3967,1178,5346,4062,1157,4,4,3,7.476635514018691E-4,9.83767830791933E-4,0.002586206896551724,0.29605409499578866,0.6922976902831103,1.1346744859663633,0.5921081899915773,0.6922976902831103,0.7564496573109089,0.2349420127197905,0.42860659773510584,0.4407951598962835,100.0,100.0,4769,4339,1463,8,3,0,0.001677500524218914,6.914035492048859E-4,0.0,0.75,0.30000000000000004,0.30000000000000004,0.1,85.0,25.0,45.0,0.65,0.4,0.4,0.1,95.0,35.0,55.0,3984,3975,9,3984,0.002259036144578313,0.6669009526341527,1.0,0.6669009526341527,1628,0.40955974842767295,1.0,1
"iteration_3","SCOPE_DATA_COLLECTION",900,30,1870.0,1930.0,2,5350,4064,1157,5415,3967,1178,5346,4062,1157,4,4,3,7.476635514018691E-4,9.83767830791933E-4,0.002586206896551724,0.29605409499578866,0.6922976902831103,1.1346744859663633,0.5921081899915773,0.6922976902831103,0.7564496573109089,0.2349420127197905,0.42860659773510584,0.4407951598962835,100.0,100.0,4769,4339,1463,8,3,0,0.001677500524218914,6.914035492048859E-4,0.0,0.75,0.30000000000000004,0.30000000000000004,0.1,85.0,25.0,45.0,0.65,0.4,0.4,0.1,95.0,35.0,55.0,1176,1172,4,1176,0.003401360544217687,1.0971400340681097,1.5,0.7314266893787398,503,0.42918088737201365,1.0,1
"iteration_3","SCOPE_DATA_COLLECTION",900,31,1930.0,1990.0,0,5320,3984,1176,5350,4064,1157,5316,3985,1173,3,9,4,5.640157924421884E-4,0.002253380070105158,0.0033984706881903144,0.30209906833553224,0.6718299715158097,1.0972916556206833,0.6041981366710645,0.6718299715158097,0.7315277704137889,0.2524454477050414,0.4120451693851945,0.4296675191815857,100.0,100.0,4696,3761,2023,13,3,0,0.002768313458262351,7.976601967561818E-4,0.0,0.65,0.4,0.4,0.1,95.0,35.0,55.0,0.55,0.30000000000000004,0.5,0.1,95.0,35.0,55.0,5383,5374,9,5383,0.0016719301504737136,0.2910642317134717,0.5,0.5821284634269434,1257,0.23390398213621139,1.0,1
"iteration_3","SCOPE_DATA_COLLECTION",900,31,1930.0,1990.0,1,5320,3984,1176,5350,4064,1157,5316,3985,1173,3,9,4,5.640157924421884E-4,0.002253380070105158,0.0033984706881903144,0.30209906833553224,0.6718299715158097,1.0972916556206833,0.6041981366710645,0.6718299715158097,0.7315277704137889,0.2524454477050414,0.4120451693851945,0.4296675191815857,100.0,100.0,4696,3761,2023,13,3,0,0.002768313458262351,7.976601967561818E-4,0.0,0.65,0.4,0.4,0.1,95.0,35.0,55.0,0.55,0.30000000000000004,0.5,0.1,95.0,35.0,55.0,3995,3973,22,3995,0.005506883604505632,0.6790756148710452,1.0,0.6790756148710452,1652,0.4158066951925497,1.0,1
"iteration_3","SCOPE_DATA_COLLECTION",900,31,1930.0,1990.0,2,5320,3984,1176,5350,4064,1157,5316,3985,1173,3,9,4,5.640157924421884E-4,0.002253380070105158,0.0033984706881903144,0.30209906833553224,0.6718299715158097,1.0972916556206833,0.6041981366710645,0.6718299715158097,0.7315277704137889,0.2524454477050414,0.4120451693851945,0.4296675191815857,100.0,100.0,4696,3761,2023,13,3,0,0.002768313458262351,7.976601967561818E-4,0.0,0.65,0.4,0.4,0.1,95.0,35.0,55.0,0.55,0.30000000000000004,0.5,0.1,95.0,35.0,55.0,1170,1167,3,1170,0.002564102564102564,1.1699605343124972,1.5,0.7799736895416648,536,0.4592973436161097,1.0,1
"iteration_3","SCOPE_DATA_COLLECTION",900,32,1990.0,2050.0,0,5383,3995,1170,5320,3984,1176,5381,3981,1152,9,22,3,0.0016697588126159556,0.005495878091431427,0.0025974025974025974,0.2912681203621563,0.6791584672201252,1.166338510554235,0.5825362407243126,0.6791584672201252,0.7775590070361567,0.2343430589109831,0.4162270786234614,0.4574652777777778,100.0,100.0,4714,3202,2632,19,0,15,0.004030547305897327,0.0,0.0056990881458966565,0.55,0.30000000000000004,0.5,0.1,95.0,35.0,55.0,0.7000000000000001,0.30000000000000004,0.5,0.7000000000000001,80.0,25.0,50.0,5336,5329,7,5336,0.0013118440779610195,0.29548079883645156,0.5,0.5909615976729031,1234,0.23156314505535747,1.0,1
"iteration_3","SCOPE_DATA_COLLECTION",900,32,1990.0,2050.0,1,5383,3995,1170,5320,3984,1176,5381,3981,1152,9,22,3,0.0016697588126159556,0.005495878091431427,0.0025974025974025974,0.2912681203621563,0.6791584672201252,1.166338510554235,0.5825362407243126,0.6791584672201252,0.7775590070361567,0.2343430589109831,0.4162270786234614,0.4574652777777778,100.0,100.0,4714,3202,2632,19,0,15,0.004030547305897327,0.0,0.0056990881458966565,0.55,0.30000000000000004,0.5,0.1,95.0,35.0,55.0,0.7000000000000001,0.30000000000000004,0.5,0.7000000000000001,80.0,25.0,50.0,4002,3982,20,4002,0.004997501249375313,0.6758508903856316,1.0,0.6758508903856316,1636,0.4108488196885987,1.0,1
"iteration_3","SCOPE_DATA_COLLECTION",900,32,1990.0,2050.0,2,5383,3995,1170,5320,3984,1176,5381,3981,1152,9,22,3,0.0016697588126159556,0.005495878091431427,0.0025974025974025974,0.2912681203621563,0.6791584672201252,1.166338510554235,0.5825362407243126,0.6791584672201252,0.7775590070361567,0.2343430589109831,0.4162270786234614,0.4574652777777778,100.0,100.0,4714,3202,2632,19,0,15,0.004030547305897327,0.0,0.0056990881458966565,0.55,0.30000000000000004,0.5,0.1,95.0,35.0,55.0,0.7000000000000001,0.30000000000000004,0.5,0.7000000000000001,80.0,25.0,50.0,1167,1156,11,1167,0.009425878320479864,1.1630429470459327,1.5,0.7753619646972885,516,0.4463667820069204,1.0,1
"iteration_3","SCOPE_DATA_COLLECTION",900,33,2050.0,2110.0,0,5336,4002,1167,5383,3995,1170,5330,3977,1161,7,19,11,0.0013115982761851227,0.004754754754754755,0.00938566552901024,0.29561345271062034,0.6751366247355589,1.1568835584452648,0.5912269054212407,0.6751366247355589,0.7712557056301765,0.23170731707317074,0.4113653507669097,0.4444444444444444,100.0,100.0,4848,4026,1631,34,3,0,0.007013201320132013,7.451564828614009E-4,0.0,0.7000000000000001,0.30000000000000004,0.5,0.7000000000000001,80.0,25.0,50.0,0.8,0.5,0.1,0.9,40.0,90.0,75.0,5364,5356,8,5364,0.0014914243102162564,0.30594299446028433,0.5,0.6118859889205687,1399,0.2612023898431665,1.0,1
"iteration_3","SCOPE_DATA_COLLECTION",900,33,2050.0,2110.0,1,5336,4002,1167,5383,3995,1170,5330,3977,1161,7,19,11,0.0013115982761851227,0.004754754754754755,0.00938566552901024,0.29561345271062034,0.6751366247355589,1.1568835584452648,0.5912269054212407,0.6751366247355589,0.7712557056301765,0.23170731707317074,0.4113653507669097,0.4444444444444444,100.0,100.0,4848,4026,1631,34,3,0,0.007013201320132013,7.451564828614009E-4,0.0,0.7000000000000001,0.30000000000000004,0.5,0.7000000000000001,80.0,25.0,50.0,0.8,0.5,0.1,0.9,40.0,90.0,75.0,4041,4038,3,4041,7.423904974016332E-4,0.6138489874334316,1.0,0.6138489874334316,1569,0.3885586924219911,1.0,1
"iteration_3","SCOPE_DATA_COLLECTION",900,33,2050.0,2110.0,2,5336,4002,1167,5383,3995,1170,5330,3977,1161,7,19,11,0.0013115982761851227,0.004754754754754755,0.00938566552901024,0.29561345271062034,0.6751366247355589,1.1568835584452648,0.5912269054212407,0.6751366247355589,0.7712557056301765,0.23170731707317074,0.4113653507669097,0.4444444444444444,100.0,100.0,4848,4026,1631,34,3,0,0.007013201320132013,7.451564828614009E-4,0.0,0.7000000000000001,0.30000000000000004,0.5,0.7000000000000001,80.0,25.0,50.0,0.8,0.5,0.1,0.9,40.0,90.0,75.0,1155,1144,11,1155,0.009523809523809525,1.1342900293983258,1.5,0.7561933529322172,498,0.4353146853146853,1.0,1
"iteration_3","SCOPE_DATA_COLLECTION",900,34,2110.0,2170.0,0,5364,4041,1155,5336,4002,1167,5352,4044,1146,8,4,11,0.0014925373134328358,9.881422924901185E-4,0.00950734658599827,0.3055381057325223,0.612937601452537,1.1372875529910929,0.6110762114650446,0.612937601452537,0.7581917019940619,0.2610239162929746,0.3879821958456973,0.4354275741710297,97.5,100.0,4716,4661,1183,20,3,0,0.004240882103477523,6.436387041407423E-4,0.0,0.8,0.5,0.1,0.9,40.0,90.0,75.0,0.7000000000000001,0.5,0.1,0.9,40.0,80.0,85.0,5360,5352,8,5360,0.0014925373134328358,0.2995812763007145,0.5,0.599162552601429,1340,0.25037369207772797,1.0,1
"iteration_3","SCOPE_DATA_COLLECTION",900,34,2110.0,2170.0,1,5364,4041,1155,5336,4002,1167,5352,4044,1146,8,4,11,0.0014925373134328358,9.881422924901185E-4,0.00950734658599827,0.3055381057325223,0.612937601452537,1.1372875529910929,0.6110762114650446,0.612937601452537,0.7581917019940619,0.2610239162929746,0.3879821958456973,0.4354275741710297,97.5,100.0,4716,4661,1183,20,3,0,0.004240882103477523,6.436387041407423E-4,0.0,0.8,0.5,0.1,0.9,40.0,90.0,75.0,0.7000000000000001,0.5,0.1,0.9,40.0,80.0,85.0,4086,4079,7,4086,0.0017131669114047968,0.6261401333087527,1.0,0.6261401333087527,1606,0.3937239519490071,1.0,1
"iteration_3","SCOPE_DATA_COLLECTION",900,34,2110.0,2170.0,2,5364,4041,1155,5336,4002,1167,5352,4044,1146,8,4,11,0.0014925373134328358,9.881422924901185E-4,0.00950734658599827,0.3055381057325223,0.612937601452537,1.1372875529910929,0.6110762114650446,0.612937601452537,0.7581917019940619,0.2610239162929746,0.3879821958456973,0.4354275741710297,97.5,100.0,4716,4661,1183,20,3,0,0.004240882103477523,6.436387041407423E-4,0.0,0.8,0.5,0.1,0.9,40.0,90.0,75.0,0.7000000000000001,0.5,0.1,0.9,40.0,80.0,85.0,1176,1168,8,1176,0.006802721088435374,1.1202834194495381,1.5,0.7468556129663587,499,0.4272260273972603,1.0,1
"iteration_3","SCOPE_DATA_COLLECTION",900,35,2170.0,2230.0,0,5360,4086,1176,5364,4041,1155,5366,4080,1166,8,7,8,0.00148864905098623,0.0017127477367262051,0.0068143100511073255,0.30009289481024026,0.6295499992463369,1.1172010122553457,0.6001857896204805,0.6295499992463369,0.7448006748368972,0.2508386134923593,0.39534313725490194,0.42538593481989706,95.0,100.0,4716,4184,1722,16,7,0,0.0033927056827820186,0.0016730401529636712,0.0,0.7000000000000001,0.5,0.1,0.9,40.0,80.0,85.0,0.5,0.4,0.5,0.1,35.0,90.0,45.0,5313,5308,5,5313,9.410878976096367E-4,0.30923837046847374,0.5,0.6184767409369475,1387,0.2613036925395629,1.0,1
"iteration_3","SCOPE_DATA_COLLECTION",900,35,2170.0,2230.0,1,5360,4086,1176,5364,4041,1155,5366,4080,1166,8,7,8,0.00148864905098623,0.0017127477367262051,0.0068143100511073255,0.30009289481024026,0.6295499992463369,1.1172010122553457,0.6001857896204805,0.6295499992463369,0.7448006748368972,0.2508386134923593,0.39534313725490194,0.42538593481989706,95.0,100.0,4716,4184,1722,16,7,0,0.0033927056827820186,0.0016730401529636712,0.0,0.7000000000000001,0.5,0.1,0.9,40.0,80.0,85.0,0.5,0.4,0.5,0.1,35.0,90.0,45.0,4011,4000,11,4011,0.002742458239840439,0.6698283341634133,1.0,0.6698283341634133,1608,0.402,1.0,1
"iteration_3","SCOPE_DATA_COLLECTION",900,35,2170.0,2230.0,2,5360,4086,1176,5364,4041,1155,5366,4080,1166,8,7,8,0.00148864905098623,0.0017127477367262051,0.0068143100511073255,0.30009289481024026,0.6295499992463369,1.1172010122553457,0.6001857896204805,0.6295499992463369,0.7448006748368972,0.2508386134923593,0.39534313725490194,0.42538593481989706,95.0,100.0,4716,4184,1722,16,7,0,0.0033927056827820186,0.0016730401529636712,0.0,0.7000000000000001,0.5,0.1,0.9,40.0,80.0,85.0,0.5,0.4,0.5,0.1,35.0,90.0,45.0,1204,1201,3,1204,0.0024916943521594683,1.1686209014943176,1.5,0.7790806009962118,548,0.4562864279766861,1.0,1
"iteration_3","SCOPE_DATA_COLLECTION",900,36,2230.0,2290.0,0,5313,4011,1204,5360,4086,1176,5290,4003,1203,5,11,3,9.442870632672333E-4,0.0027404085700049826,0.0024875621890547263,0.3084186685588254,0.6663773118696517,1.1671793545966365,0.6168373371176508,0.6663773118696517,0.778119569731091,0.2604914933837429,0.4004496627529353,0.45552784704904403,97.5,100.0,4709,2863,2956,12,7,0,0.002548311743469951,0.0024449877750611247,0.0,0.5,0.4,0.5,0.1,35.0,90.0,45.0,0.45,0.6000000000000001,0.30000000000000004,0.2,90.0,75.0,65.0,5360,5325,35,5360,0.0065298507462686565,0.3170471560993374,0.5,0.6340943121986748,1459,0.2739906103286385,1.0,1
"iteration_3","SCOPE_DATA_COLLECTION",900,36,2230.0,2290.0,1,5313,4011,1204,5360,4086,1176,5290,4003,1203,5,11,3,9.442870632672333E-4,0.0027404085700049826,0.0024875621890547263,0.3084186685588254,0.6663773118696517,1.1671793545966365,0.6168373371176508,0.6663773118696517,0.778119569731091,0.2604914933837429,0.4004496627529353,0.45552784704904403,97.5,100.0,4709,2863,2956,12,7,0,0.002548311743469951,0.0024449877750611247,0.0,0.5,0.4,0.5,0.1,35.0,90.0,45.0,0.45,0.6000000000000001,0.30000000000000004,0.2,90.0,75.0,65.0,3940,3908,32,3940,0.008121827411167513,0.6716109209317626,1.0,0.6716109209317626,1618,0.4140225179119754,1.0,1
"iteration_3","SCOPE_DATA_COLLECTION",900,36,2230.0,2290.0,2,5313,4011,1204,5360,4086,1176,5290,4003,1203,5,11,3,9.442870632672333E-4,0.0027404085700049826,0.0024875621890547263,0.3084186685588254,0.6663773118696517,1.1671793545966365,0.6168373371176508,0.6663773118696517,0.778119569731091,0.2604914933837429,0.4004496627529353,0.45552784704904403,97.5,100.0,4709,2863,2956,12,7,0,0.002548311743469951,0.0024449877750611247,0.0,0.5,0.4,0.5,0.1,35.0,90.0,45.0,0.45,0.6000000000000001,0.30000000000000004,0.2,90.0,75.0,65.0,1170,1157,13,1170,0.011111111111111112,1.1278494939702288,1.5,0.7518996626468192,495,0.4278305963699222,1.0,1
"iteration_3","SCOPE_DATA_COLLECTION",900,37,2290.0,2350.0,0,5360,3940,1170,5313,4011,1204,5332,3904,1159,35,32,13,0.006521334078628657,0.008130081300813009,0.011092150170648464,0.3169101136764442,0.671115731439907,1.1302266809991706,0.6338202273528885,0.671115731439907,0.7534844539994471,0.272880720180045,0.41265368852459017,0.4296807592752373,100.0,100.0,4704,2552,3214,14,0,66,0.002976190476190476,0.0,0.020535158680771624,0.45,0.6000000000000001,0.30000000000000004,0.2,90.0,75.0,65.0,0.55,0.7000000000000001,0.2,0.1,90.0,85.0,75.0,5389,5356,33,5389,0.006123585080719985,0.32020493449818455,0.5,0.6404098689963691,1535,0.28659447348767736,1.0,1
"iteration_3","SCOPE_DATA_COLLECTION",900,37,2290.0,2350.0,1,5360,3940,1170,5313,4011,1204,5332,3904,1159,35,32,13,0.006521334078628657,0.008130081300813009,0.011092150170648464,0.3169101136764442,0.671115731439907,1.1302266809991706,0.6338202273528885,0.671115731439907,0.7534844539994471,0.272880720180045,0.41265368852459017,0.4296807592752373,100.0,100.0,4704,2552,3214,14,0,66,0.002976190476190476,0.0,0.020535158680771624,0.45,0.6000000000000001,0.30000000000000004,0.2,90.0,75.0,65.0,0.55,0.7000000000000001,0.2,0.1,90.0,85.0,75.0,4015,3985,30,4015,0.007471980074719801,0.6493177429551121,1.0,0.6493177429551121,1625,0.4077791718946048,1.0,1
"iteration_3","SCOPE_DATA_COLLECTION",900,37,2290.0,2350.0,2,5360,3940,1170,5313,4011,1204,5332,3904,1159,35,32,13,0.006521334078628657,0.008130081300813009,0.011092150170648464,0.3169101136764442,0.671115731439907,1.1302266809991706,0.6338202273528885,0.671115731439907,0.7534844539994471,0.272880720180045,0.41265368852459017,0.4296807592752373,100.0,100.0,4704,2552,3214,14,0,66,0.002976190476190476,0.0,0.020535158680771624,0.45,0.6000000000000001,0.30000000000000004,0.2,90.0,75.0,65.0,0.55,0.7000000000000001,0.2,0.1,90.0,85.0,75.0,1156,1148,8,1156,0.006920415224913495,1.139645607576723,1.5,0.759763738384482,514,0.44773519163763065,1.0,1
"iteration_3","SCOPE_DATA_COLLECTION",900,38,2350.0,2410.0,0,5389,4015,1156,5360,3940,1170,5346,3977,1158,33,30,8,0.006134969325153374,0.007486897928624906,0.00686106346483705,0.31976663570961816,0.6489639626476377,1.1502234518208436,0.6395332714192363,0.6489639626476377,0.7668156345472291,0.2858211747100636,0.40759366356550164,0.4525043177892919,95.0,100.0,4745,3171,2644,8,5,58,0.0016859852476290833,0.001576789656259855,0.02193645990922844,0.55,0.7000000000000001,0.2,0.1,90.0,85.0,75.0,0.65,0.7000000000000001,0.30000000000000004,0.1,90.0,75.0,85.0,5420,5412,8,5420,0.0014760147601476014,0.3156524480535115,0.5,0.631304896107023,1534,0.2834441980783444,1.0,1
"iteration_3","SCOPE_DATA_COLLECTION",900,38,2350.0,2410.0,1,5389,4015,1156,5360,3940,1170,5346,3977,1158,33,30,8,0.006134969325153374,0.007486897928624906,0.00686106346483705,0.31976663570961816,0.6489639626476377,1.1502234518208436,0.6395332714192363,0.6489639626476377,0.7668156345472291,0.2858211747100636,0.40759366356550164,0.4525043177892919,95.0,100.0,4745,3171,2644,8,5,58,0.0016859852476290833,0.001576789656259855,0.02193645990922844,0.55,0.7000000000000001,0.2,0.1,90.0,85.0,75.0,0.65,0.7000000000000001,0.30000000000000004,0.1,90.0,75.0,85.0,3972,3965,7,3972,0.0017623363544813696,0.6550841810664726,1.0,0.6550841810664726,1600,0.403530895334174,1.0,1
"iteration_3","SCOPE_DATA_COLLECTION",900,38,2350.0,2410.0,2,5389,4015,1156,5360,3940,1170,5346,3977,1158,33,30,8,0.006134969325153374,0.007486897928624906,0.00686106346483705,0.31976663570961816,0.6489639626476377,1.1502234518208436,0.6395332714192363,0.6489639626476377,0.7668156345472291,0.2858211747100636,0.40759366356550164,0.4525043177892919,95.0,100.0,4745,3171,2644,8,5,58,0.0016859852476290833,0.001576789656259855,0.02193645990922844,0.55,0.7000000000000001,0.2,0.1,90.0,85.0,75.0,0.65,0.7000000000000001,0.30000000000000004,0.1,90.0,75.0,85.0,1255,1248,7,1255,0.005577689243027889,1.1298257358830937,1.5,0.7532171572553957,543,0.43509615384615385,1.0,1
"iteration_3","SCOPE_DATA_COLLECTION",900,39,2410.0,2470.0,0,5420,3972,1255,5389,4015,1156,5419,3965,1241,8,7,7,0.0014741109268472453,0.0017623363544813696,0.005608974358974359,0.3165987898135095,0.6569405315173588,1.1252426902049164,0.633197579627019,0.6569405315173588,0.7501617934699443,0.2854770252814172,0.4050441361916772,0.43271555197421435,100.0,100.0,4737,3877,2033,19,3,0,0.004010977411864049,7.737941707505803E-4,0.0,0.65,0.7000000000000001,0.30000000000000004,0.1,90.0,75.0,85.0,0.55,0.6000000000000001,0.4,0.1,90.0,75.0,75.0,5394,5387,7,5394,0.0012977382276603633,0.3136029339415095,0.5,0.627205867883019,1447,0.26860961574160014,1.0,1
"iteration_3","SCOPE_DATA_COLLECTION",900,39,2410.0,2470.0,1,5420,3972,1255,5389,4015,1156,5419,3965,1241,8,7,7,0.0014741109268472453,0.0017623363544813696,0.005608974358974359,0.3165987898135095,0.6569405315173588,1.1252426902049164,0.633197579627019,0.6569405315173588,0.7501617934699443,0.2854770252814172,0.4050441361916772,0.43271555197421435,100.0,100.0,4737,3877,2033,19,3,0,0.004010977411864049,7.737941707505803E-4,0.0,0.65,0.7000000000000001,0.30000000000000004,0.1,90.0,75.0,85.0,0.55,0.6000000000000001,0.4,0.1,90.0,75.0,75.0,3945,3940,5,3945,0.0012674271229404308,0.6727527709980631,1.0,0.6727527709980631,1634,0.4147208121827411,1.0,1
"iteration_3","SCOPE_DATA_COLLECTION",900,39,2410.0,2470.0,2,5420,3972,1255,5389,4015,1156,5419,3965,1241,8,7,7,0.0014741109268472453,0.0017623363544813696,0.005608974358974359,0.3165987898135095,0.6569405315173588,1.1252426902049164,0.633197579627019,0.6569405315173588,0.7501617934699443,0.2854770252814172,0.4050441361916772,0.43271555197421435,100.0,100.0,4737,3877,2033,19,3,0,0.004010977411864049,7.737941707505803E-4,0.0,0.65,0.7000000000000001,0.30000000000000004,0.1,90.0,75.0,85.0,0.55,0.6000000000000001,0.4,0.1,90.0,75.0,75.0,1162,1162,0,1162,0.0,1.1258019501860195,1.5,0.7505346334573463,515,0.44320137693631667,1.0,1
"iteration_3","SCOPE_DATA_COLLECTION",900,40,2470.0,2530.0,0,5394,3945,1162,5420,3972,1255,5379,3953,1153,7,5,0,0.0012996658002228,0.0012632642748863063,0.0,0.31329477320877996,0.672599034768198,1.1219283033609817,0.6265895464175599,0.672599034768198,0.7479522022406545,0.2671500278862242,0.41487477864912725,0.4405897658282741,97.5,100.0,4679,3148,2674,7,5,0,0.0014960461637101945,0.0015883100381194409,0.0,0.55,0.6000000000000001,0.4,0.1,90.0,75.0,75.0,0.45,0.6000000000000001,0.30000000000000004,0.2,95.0,75.0,65.0,5410,5373,37,5410,0.006839186691312385,0.32705200599176765,0.5,0.6541040119835353,1542,0.2869905080960357,1.0,1
"iteration_3","SCOPE_DATA_COLLECTION",900,40,2470.0,2530.0,1,5394,3945,1162,5420,3972,1255,5379,3953,1153,7,5,0,0.0012996658002228,0.0012632642748863063,0.0,0.31329477320877996,0.672599034768198,1.1219283033609817,0.6265895464175599,0.672599034768198,0.7479522022406545,0.2671500278862242,0.41487477864912725,0.4405897658282741,97.5,100.0,4679,3148,2674,7,5,0,0.0014960461637101945,0.0015883100381194409,0.0,0.55,0.6000000000000001,0.4,0.1,90.0,75.0,75.0,0.45,0.6000000000000001,0.30000000000000004,0.2,95.0,75.0,65.0,4021,3981,40,4021,0.009947774185525988,0.6716345764730459,1.0,0.6716345764730459,1643,0.41271037427781965,1.0,1
"iteration_3","SCOPE_DATA_COLLECTION",900,40,2470.0,2530.0,2,5394,3945,1162,5420,3972,1255,5379,3953,1153,7,5,0,0.0012996658002228,0.0012632642748863063,0.0,0.31329477320877996,0.672599034768198,1.1219283033609817,0.6265895464175599,0.672599034768198,0.7479522022406545,0.2671500278862242,0.41487477864912725,0.4405897658282741,97.5,100.0,4679,3148,2674,7,5,0,0.0014960461637101945,0.0015883100381194409,0.0,0.55,0.6000000000000001,0.4,0.1,90.0,75.0,75.0,0.45,0.6000000000000001,0.30000000000000004,0.2,95.0,75.0,65.0,1145,1125,20,1145,0.017467248908296942,1.173160472483082,1.5,0.782106981655388,508,0.45155555555555554,1.0,1
"iteration_3","SCOPE_DATA_COLLECTION",900,41,2530.0,2590.0,0,5410,4021,1145,5394,3945,1162,5374,3968,1135,37,40,20,0.006837922749953798,0.00998003992015968,0.017316017316017316,0.32640140777845056,0.6720845752757668,1.1814156817818375,0.6528028155569011,0.6720845752757668,0.787610454521225,0.2873092668403424,0.4128024193548387,0.4572687224669604,100.0,100.0,4766,2699,3111,15,2,80,0.003147293327738145,7.410151908114116E-4,0.02571520411443266,0.45,0.6000000000000001,0.30000000000000004,0.2,95.0,75.0,65.0,0.45,0.6000000000000001,0.30000000000000004,0.2,95.0,75.0,65.0,5400,5300,100,5400,0.018518518518518517,0.3157669734017321,0.5,0.6315339468034642,1423,0.26849056603773586,1.0,1
"iteration_3","SCOPE_DATA_COLLECTION",900,41,2530.0,2590.0,1,5410,4021,1145,5394,3945,1162,5374,3968,1135,37,40,20,0.006837922749953798,0.00998003992015968,0.017316017316017316,0.32640140777845056,0.6720845752757668,1.1814156817818375,0.6528028155569011,0.6720845752757668,0.787610454521225,0.2873092668403424,0.4128024193548387,0.4572687224669604,100.0,100.0,4766,2699,3111,15,2,80,0.003147293327738145,7.410151908114116E-4,0.02571520411443266,0.45,0.6000000000000001,0.30000000000000004,0.2,95.0,75.0,65.0,0.45,0.6000000000000001,0.30000000000000004,0.2,95.0,75.0,65.0,3997,3926,71,3997,0.0177633224918689,0.6623518895624142,1.0,0.6623518895624142,1611,0.41034131431482423,1.0,1
"iteration_3","SCOPE_DATA_COLLECTION",900,41,2530.0,2590.0,2,5410,4021,1145,5394,3945,1162,5374,3968,1135,37,40,20,0.006837922749953798,0.00998003992015968,0.017316017316017316,0.32640140777845056,0.6720845752757668,1.1814156817818375,0.6528028155569011,0.6720845752757668,0.787610454521225,0.2873092668403424,0.4128024193548387,0.4572687224669604,100.0,100.0,4766,2699,3111,15,2,80,0.003147293327738145,7.410151908114116E-4,0.02571520411443266,0.45,0.6000000000000001,0.30000000000000004,0.2,95.0,75.0,65.0,0.45,0.6000000000000001,0.30000000000000004,0.2,95.0,75.0,65.0,1202,1166,36,1202,0.029950083194675542,1.1425836903389244,1.5,0.7617224602259496,516,0.4425385934819897,1.0,1
"iteration_3","SCOPE_DATA_COLLECTION",900,42,2590.0,2650.0,0,5400,3997,1202,5410,4021,1145,5290,3929,1159,100,71,36,0.01855287569573284,0.01775,0.0301255230125523,0.314029916324722,0.6627902534447166,1.1359816251292338,0.628059832649444,0.6627902534447166,0.7573210834194892,0.2671077504725898,0.4107915500127259,0.4383088869715272,100.0,100.0,4659,2696,3244,10,1,196,0.0021463833440652502,3.70919881305638E-4,0.06041923551171394,0.45,0.6000000000000001,0.30000000000000004,0.2,95.0,75.0,65.0,0.7000000000000001,0.2,0.6000000000000001,0.8,35.0,85.0,85.0,5489,5485,4,5489,7.287301876480233E-4,0.28543329568493575,0.5,0.5708665913698715,1177,0.2145852324521422,1.0,1
"iteration_3","SCOPE_DATA_COLLECTION",900,42,2590.0,2650.0,1,5400,3997,1202,5410,4021,1145,5290,3929,1159,100,71,36,0.01855287569573284,0.01775,0.0301255230125523,0.314029916324722,0.6627902534447166,1.1359816251292338,0.628059832649444,0.6627902534447166,0.7573210834194892,0.2671077504725898,0.4107915500127259,0.4383088869715272,100.0,100.0,4659,2696,3244,10,1,196,0.0021463833440652502,3.70919881305638E-4,0.06041923551171394,0.45,0.6000000000000001,0.30000000000000004,0.2,95.0,75.0,65.0,0.7000000000000001,0.2,0.6000000000000001,0.8,35.0,85.0,85.0,3919,3910,9,3919,0.0022965042102577188,0.6638258753278959,1.0,0.6638258753278959,1568,0.4010230179028133,1.0,1
"iteration_3","SCOPE_DATA_COLLECTION",900,42,2590.0,2650.0,2,5400,3997,1202,5410,4021,1145,5290,3929,1159,100,71,36,0.01855287569573284,0.01775,0.0301255230125523,0.314029916324722,0.6627902534447166,1.1359816251292338,0.628059832649444,0.6627902534447166,0.7573210834194892,0.2671077504725898,0.4107915500127259,0.4383088869715272,100.0,100.0,4659,2696,3244,10,1,196,0.0021463833440652502,3.70919881305638E-4,0.06041923551171394,0.45,0.6000000000000001,0.30000000000000004,0.2,95.0,75.0,65.0,0.7000000000000001,0.2,0.6000000000000001,0.8,35.0,85.0,85.0,1216,1200,16,1216,0.013157894736842105,1.2017045499369676,1.5,0.801136366624645,551,0.45916666666666667,1.0,1
"iteration_3","SCOPE_DATA_COLLECTION",900,43,2650.0,2710.0,0,5489,3919,1216,5400,3997,1202,5504,3914,1203,4,9,16,7.262164124909223E-4,0.0022941626306398166,0.013125512715340444,0.28837662707662354,0.664118884636802,1.2016605326145837,0.5767532541532471,0.664118884636802,0.8011070217430558,0.21784156976744187,0.40035769034236074,0.4596841230257689,97.5,100.0,4808,4043,1773,28,1,0,0.005823627287853577,2.473410833539451E-4,0.0,0.7000000000000001,0.2,0.6000000000000001,0.8,35.0,85.0,85.0,0.5,0.2,0.5,0.5,75.0,50.0,90.0,5389,5369,20,5389,0.0037112636852848395,0.2969235557472512,0.5,0.5938471114945024,1203,0.22406407152169863,1.0,1
"iteration_3","SCOPE_DATA_COLLECTION",900,43,2650.0,2710.0,1,5489,3919,1216,5400,3997,1202,5504,3914,1203,4,9,16,7.262164124909223E-4,0.0022941626306398166,0.013125512715340444,0.28837662707662354,0.664118884636802,1.2016605326145837,0.5767532541532471,0.664118884636802,0.8011070217430558,0.21784156976744187,0.40035769034236074,0.4596841230257689,97.5,100.0,4808,4043,1773,28,1,0,0.005823627287853577,2.473410833539451E-4,0.0,0.7000000000000001,0.2,0.6000000000000001,0.8,35.0,85.0,85.0,0.5,0.2,0.5,0.5,75.0,50.0,90.0,3923,3904,19,3923,0.004843232220239612,0.6903658065717526,1.0,0.6903658065717526,1684,0.43135245901639346,1.0,1
"iteration_3","SCOPE_DATA_COLLECTION",900,43,2650.0,2710.0,2,5489,3919,1216,5400,3997,1202,5504,3914,1203,4,9,16,7.262164124909223E-4,0.0022941626306398166,0.013125512715340444,0.28837662707662354,0.664118884636802,1.2016605326145837,0.5767532541532471,0.664118884636802,0.8011070217430558,0.21784156976744187,0.40035769034236074,0.4596841230257689,97.5,100.0,4808,4043,1773,28,1,0,0.005823627287853577,2.473410833539451E-4,0.0,0.7000000000000001,0.2,0.6000000000000001,0.8,35.0,85.0,85.0,0.5,0.2,0.5,0.5,75.0,50.0,90.0,1136,1118,18,1136,0.01584507042253521,1.168363656080942,1.5,0.7789091040539614,500,0.4472271914132379,1.0,1
"iteration_3","SCOPE_DATA_COLLECTION",900,44,2710.0,2770.0,0,5389,3923,1136,5489,3919,1216,5362,3888,1126,20,19,18,0.0037160906726124115,0.004863066291272076,0.015734265734265736,0.2977477914866937,0.6869297806827657,1.1703181977073687,0.5954955829733874,0.6869297806827657,0.7802121318049124,0.2247295785154793,0.42978395061728397,0.44849023090586143,97.5,100.0,4941,2720,2787,37,5,15,0.00748836267961951,0.001838235294117647,0.005382131324004306,0.5,0.2,0.5,0.5,75.0,50.0,90.0,0.5,0.2,0.5,0.5,75.0,50.0,90.0,5423,5402,21,5423,0.0038723953531255764,0.28805145118126285,0.5,0.5761029023625257,1200,0.22213994816734542,1.0,1
"iteration_3","SCOPE_DATA_COLLECTION",900,44,2710.0,2770.0,1,5389,3923,1136,5489,3919,1216,5362,3888,1126,20,19,18,0.0037160906726124115,0.004863066291272076,0.015734265734265736,0.2977477914866937,0.6869297806827657,1.1703181977073687,0.5954955829733874,0.6869297806827657,0.7802121318049124,0.2247295785154793,0.42978395061728397,0.44849023090586143,97.5,100.0,4941,2720,2787,37,5,15,0.00748836267961951,0.001838235294117647,0.005382131324004306,0.5,0.2,0.5,0.5,75.0,50.0,90.0,0.5,0.2,0.5,0.5,75.0,50.0,90.0,3996,3976,20,3996,0.005005005005005005,0.6772408233234792,1.0,0.6772408233234792,1653,0.41574446680080485,1.0,1
"iteration_3","SCOPE_DATA_COLLECTION",900,44,2710.0,2770.0,2,5389,3923,1136,5489,3919,1216,5362,3888,1126,20,19,18,0.0037160906726124115,0.004863066291272076,0.015734265734265736,0.2977477914866937,0.6869297806827657,1.1703181977073687,0.5954955829733874,0.6869297806827657,0.7802121318049124,0.2247295785154793,0.42978395061728397,0.44849023090586143,97.5,100.0,4941,2720,2787,37,5,15,0.00748836267961951,0.001838235294117647,0.005382131324004306,0.5,0.2,0.5,0.5,75.0,50.0,90.0,0.5,0.2,0.5,0.5,75.0,50.0,90.0,1172,1153,19,1172,0.016211604095563138,1.1809327111909416,1.5,0.7872884741272944,520,0.45099739809193407,1.0,1
"iteration_3","SCOPE_DATA_COLLECTION",900,45,2770.0,2830.0,0,5423,3996,1172,5389,3923,1136,5415,3988,1141,21,20,19,0.003863134657836645,0.00499001996007984,0.016379310344827588,0.2871828589151665,0.6793348138197038,1.1804361648140151,0.574365717830333,0.6793348138197038,0.7869574432093435,0.22068328716528163,0.4170010030090271,0.4504820333041192,100.0,100.0,4861,2891,2839,37,1,22,0.00761160255091545,3.459010722933241E-4,0.007749207467418105,0.5,0.2,0.5,0.5,75.0,50.0,90.0,0.6000000000000001,0.2,0.4,0.5,85.0,40.0,95.0,5501,5493,8,5501,0.0014542810398109434,0.2786556515686335,0.5,0.557311303137267,1070,0.1947933733843073,1.0,1
"iteration_3","SCOPE_DATA_COLLECTION",900,45,2770.0,2830.0,1,5423,3996,1172,5389,3923,1136,5415,3988,1141,21,20,19,0.003863134657836645,0.00499001996007984,0.016379310344827588,0.2871828589151665,0.6793348138197038,1.1804361648140151,0.574365717830333,0.6793348138197038,0.7869574432093435,0.22068328716528163,0.4170010030090271,0.4504820333041192,100.0,100.0,4861,2891,2839,37,1,22,0.00761160255091545,3.459010722933241E-4,0.007749207467418105,0.5,0.2,0.5,0.5,75.0,50.0,90.0,0.6000000000000001,0.2,0.4,0.5,85.0,40.0,95.0,4087,4068,19,4087,0.004648886713971128,0.661431346573907,1.0,0.661431346573907,1640,0.4031465093411996,1.0,1
"iteration_3","SCOPE_DATA_COLLECTION",900,45,2770.0,2830.0,2,5423,3996,1172,5389,3923,1136,5415,3988,1141,21,20,19,0.003863134657836645,0.00499001996007984,0.016379310344827588,0.2871828589151665,0.6793348138197038,1.1804361648140151,0.574365717830333,0.6793348138197038,0.7869574432093435,0.22068328716528163,0.4170010030090271,0.4504820333041192,100.0,100.0,4861,2891,2839,37,1,22,0.00761160255091545,3.459010722933241E-4,0.007749207467418105,0.5,0.2,0.5,0.5,75.0,50.0,90.0,0.6000000000000001,0.2,0.4,0.5,85.0,40.0,95.0,1216,1203,13,1216,0.01069078947368421,1.1742601876504952,1.5,0.7828401251003302,544,0.45220282626766417,1.0,1
"iteration_3","SCOPE_DATA_COLLECTION",900,46,2830.0,2890.0,0,5501,4087,1216,5423,3996,1172,5486,4070,1206,8,19,13,0.0014561339643247178,0.0046466128637808754,0.01066447908121411,0.27852032994693693,0.6623013596455957,1.180097656780671,0.5570406598938739,0.6623013596455957,0.7867317711871139,0.1948596427269413,0.4036855036855037,0.45439469320066334,97.5,100.0,4810,3555,2439,35,5,0,0.007276507276507277,0.0014064697609001407,0.0,0.6000000000000001,0.2,0.4,0.5,85.0,40.0,95.0,0.35000000000000003,0.30000000000000004,0.4,0.30000000000000004,25.0,25.0,20.0,5323,5224,99,5323,0.018598534660905504,0.3239105007089943,0.5,0.6478210014179886,1347,0.25784839203675347,1.0,1
"iteration_3","SCOPE_DATA_COLLECTION",900,46,2830.0,2890.0,1,5501,4087,1216,5423,3996,1172,5486,4070,1206,8,19,13,0.0014561339643247178,0.0046466128637808754,0.01066447908121411,0.27852032994693693,0.6623013596455957,1.180097656780671,0.5570406598938739,0.6623013596455957,0.7867317711871139,0.1948596427269413,0.4036855036855037,0.45439469320066334,97.5,100.0,4810,3555,2439,35,5,0,0.007276507276507277,0.0014064697609001407,0.0,0.6000000000000001,0.2,0.4,0.5,85.0,40.0,95.0,0.35000000000000003,0.30000000000000004,0.4,0.30000000000000004,25.0,25.0,20.0,4027,3929,98,4027,0.02433573379687112,0.7174997274776423,1.0,0.7174997274776423,1700,0.4326800712649529,1.0,1
"iteration_3","SCOPE_DATA_COLLECTION",900,46,2830.0,2890.0,2,5501,4087,1216,5423,3996,1172,5486,4070,1206,8,19,13,0.0014561339643247178,0.0046466128637808754,0.01066447908121411,0.27852032994693693,0.6623013596455957,1.180097656780671,0.5570406598938739,0.6623013596455957,0.7867317711871139,0.1948596427269413,0.4036855036855037,0.45439469320066334,97.5,100.0,4810,3555,2439,35,5,0,0.007276507276507277,0.0014064697609001407,0.0,0.6000000000000001,0.2,0.4,0.5,85.0,40.0,95.0,0.35000000000000003,0.30000000000000004,0.4,0.30000000000000004,25.0,25.0,20.0,1191,1150,41,1191,0.03442485306465155,1.2400921156413314,1.5,0.8267280770942209,541,0.47043478260869565,1.0,1
"iteration_3","SCOPE_DATA_COLLECTION",900,47,2890.0,2950.0,0,5323,4027,1191,5501,4087,1216,5215,3930,1157,99,98,41,0.01863003387278886,0.02432969215491559,0.034223706176961605,0.3235278811919068,0.7163760261725162,1.2353618851426968,0.6470557623838136,0.7163760261725162,0.8235745900951312,0.2569511025886865,0.4310432569974555,0.4693171996542783,97.5,100.0,4790,2072,3679,37,1,200,0.0077244258872651355,4.8262548262548264E-4,0.05436259853220984,0.35000000000000003,0.30000000000000004,0.4,0.30000000000000004,25.0,25.0,20.0,0.45,0.2,0.5,0.2,25.0,20.0,20.0,5455,5417,38,5455,0.006966086159486709,0.3018210860153324,0.5,0.6036421720306648,1218,0.22484770167989662,1.0,1
"iteration_3","SCOPE_DATA_COLLECTION",900,47,2890.0,2950.0,1,5323,4027,1191,5501,4087,1216,5215,3930,1157,99,98,41,0.01863003387278886,0.02432969215491559,0.034223706176961605,0.3235278811919068,0.7163760261725162,1.2353618851426968,0.6470557623838136,0.7163760261725162,0.8235745900951312,0.2569511025886865,0.4310432569974555,0.4693171996542783,97.5,100.0,4790,2072,3679,37,1,200,0.0077244258872651355,4.8262548262548264E-4,0.05436259853220984,0.35000000000000003,0.30000000000000004,0.4,0.30000000000000004,25.0,25.0,20.0,0.45,0.2,0.5,0.2,25.0,20.0,20.0,3963,3922,41,3963,0.010345697703759779,0.6971789774965313,1.0,0.6971789774965313,1643,0.4189189189189189,1.0,1
"iteration_3","SCOPE_DATA_COLLECTION",900,47,2890.0,2950.0,2,5323,4027,1191,5501,4087,1216,5215,3930,1157,99,98,41,0.01863003387278886,0.02432969215491559,0.034223706176961605,0.3235278811919068,0.7163760261725162,1.2353618851426968,0.6470557623838136,0.7163760261725162,0.8235745900951312,0.2569511025886865,0.4310432569974555,0.4693171996542783,97.5,100.0,4790,2072,3679,37,1,200,0.0077244258872651355,4.8262548262548264E-4,0.05436259853220984,0.35000000000000003,0.30000000000000004,0.4,0.30000000000000004,25.0,25.0,20.0,0.45,0.2,0.5,0.2,25.0,20.0,20.0,1188,1168,20,1188,0.016835016835016835,1.2364341735993594,1.5,0.8242894490662396,565,0.4837328767123288,1.0,1
"iteration_3","SCOPE_DATA_COLLECTION",900,48,2950.0,3010.0,0,5455,3963,1188,5323,4027,1191,5423,3922,1154,38,41,20,0.006958432521516206,0.010345697703759779,0.017035775127768313,0.30226635608914665,0.6967128097030901,1.2285232626928153,0.6045327121782933,0.6967128097030901,0.8190155084618769,0.22588972893232528,0.41942886282508923,0.47920277296360486,97.5,100.0,4788,2653,3165,27,2,70,0.005639097744360902,7.538635506973238E-4,0.022116903633491312,0.45,0.2,0.5,0.2,25.0,20.0,20.0,0.5,0.2,0.4,0.9,60.0,75.0,70.0,5494,5491,3,5494,5.460502366217692E-4,0.29541169014276353,0.5,0.5908233802855271,1187,0.21617191768348207,1.0,1
"iteration_3","SCOPE_DATA_COLLECTION",900,48,2950.0,3010.0,1,5455,3963,1188,5323,4027,1191,5423,3922,1154,38,41,20,0.006958432521516206,0.010345697703759779,0.017035775127768313,0.30226635608914665,0.6967128097030901,1.2285232626928153,0.6045327121782933,0.6967128097030901,0.8190155084618769,0.22588972893232528,0.41942886282508923,0.47920277296360486,97.5,100.0,4788,2653,3165,27,2,70,0.005639097744360902,7.538635506973238E-4,0.022116903633491312,0.45,0.2,0.5,0.2,25.0,20.0,20.0,0.5,0.2,0.4,0.9,60.0,75.0,70.0,3916,3900,16,3916,0.0040858018386108275,0.6928319166809238,1.0,0.6928319166809238,1675,0.42948717948717946,1.0,1
"iteration_3","SCOPE_DATA_COLLECTION",900,48,2950.0,3010.0,2,5455,3963,1188,5323,4027,1191,5423,3922,1154,38,41,20,0.006958432521516206,0.010345697703759779,0.017035775127768313,0.30226635608914665,0.6967128097030901,1.2285232626928153,0.6045327121782933,0.6967128097030901,0.8190155084618769,0.22588972893232528,0.41942886282508923,0.47920277296360486,97.5,100.0,4788,2653,3165,27,2,70,0.005639097744360902,7.538635506973238E-4,0.022116903633491312,0.45,0.2,0.5,0.2,25.0,20.0,20.0,0.5,0.2,0.4,0.9,60.0,75.0,70.0,1201,1187,14,1201,0.011656952539550375,1.178552862791814,1.5,0.785701908527876,529,0.44566133108677336,1.0,1
"iteration_3","SCOPE_DATA_COLLECTION",900,49,3010.0,3070.0,0,5494,3916,1201,5455,3963,1188,5496,3897,1195,3,16,14,5.455537370430987E-4,0.004088934321492461,0.011579818031430935,0.2955879286617699,0.6941675773511405,1.1856882420542247,0.5911758573235398,0.6941675773511405,0.7904588280361499,0.2163391557496361,0.43033102386451116,0.44937238493723847,100.0,100.0,4816,2890,2905,31,2,0,0.00643687707641196,6.920415224913495E-4,0.0,0.5,0.2,0.4,0.9,60.0,75.0,70.0,0.5,0.4,0.5,0.5,45.0,75.0,20.0,5323,5317,6,5323,0.0011271839188427579,0.3058342249112398,0.5,0.6116684498224796,1384,0.2602971600526613,1.0,1
"iteration_3","SCOPE_DATA_COLLECTION",900,49,3010.0,3070.0,1,5494,3916,1201,5455,3963,1188,5496,3897,1195,3,16,14,5.455537370430987E-4,0.004088934321492461,0.011579818031430935,0.2955879286617699,0.6941675773511405,1.1856882420542247,0.5911758573235398,0.6941675773511405,0.7904588280361499,0.2163391557496361,0.43033102386451116,0.44937238493723847,100.0,100.0,4816,2890,2905,31,2,0,0.00643687707641196,6.920415224913495E-4,0.0,0.5,0.2,0.4,0.9,60.0,75.0,70.0,0.5,0.4,0.5,0.5,45.0,75.0,20.0,3964,3954,10,3964,0.0025227043390514633,0.6802363220014435,1.0,0.6802363220014435,1649,0.4170460293373799,1.0,1
"iteration_3","SCOPE_DATA_COLLECTION",900,49,3010.0,3070.0,2,5494,3916,1201,5455,3963,1188,5496,3897,1195,3,16,14,5.455537370430987E-4,0.004088934321492461,0.011579818031430935,0.2955879286617699,0.6941675773511405,1.1856882420542247,0.5911758573235398,0.6941675773511405,0.7904588280361499,0.2163391557496361,0.43033102386451116,0.44937238493723847,100.0,100.0,4816,2890,2905,31,2,0,0.00643687707641196,6.920415224913495E-4,0.0,0.5,0.2,0.4,0.9,60.0,75.0,70.0,0.5,0.4,0.5,0.5,45.0,75.0,20.0,1194,1170,24,1194,0.020100502512562814,1.197206336028546,1.5,0.798137557352364,535,0.45726495726495725,1.0,1
"iteration_3","SCOPE_DATA_COLLECTION",900,50,3070.0,3130.0,0,5323,3964,1194,5494,3916,1201,5317,3954,1166,6,10,24,0.0011271839188427579,0.0025227043390514633,0.020168067226890758,0.306004475429353,0.6817593580480145,1.1954366360487592,0.612008950858706,0.6817593580480145,0.7969577573658394,0.26067331201805527,0.4178047546788063,0.4571183533447684,100.0,100.0,4734,2880,2867,39,1,0,0.008238276299112801,3.4722222222222224E-4,0.0,0.5,0.4,0.5,0.5,45.0,75.0,20.0,0.2,0.5,0.8,0.4,80.0,50.0,60.0,5509,4335,1174,5509,0.21310582682882556,0.448202845413787,0.5,0.896405690827574,1693,0.39054209919261823,1.0,1
"iteration_3","SCOPE_DATA_COLLECTION",900,50,3070.0,3130.0,1,5323,3964,1194,5494,3916,1201,5317,3954,1166,6,10,24,0.0011271839188427579,0.0025227043390514633,0.020168067226890758,0.306004475429353,0.6817593580480145,1.1954366360487592,0.612008950858706,0.6817593580480145,0.7969577573658394,0.26067331201805527,0.4178047546788063,0.4571183533447684,100.0,100.0,4734,2880,2867,39,1,0,0.008238276299112801,3.4722222222222224E-4,0.0,0.5,0.4,0.5,0.5,45.0,75.0,20.0,0.2,0.5,0.8,0.4,80.0,50.0,60.0,3970,3130,840,3970,0.21158690176322417,0.8985814112856007,1.0,0.8985814112856007,1726,0.5514376996805112,1.0,1
"iteration_3","SCOPE_DATA_COLLECTION",900,50,3070.0,3130.0,2,5323,3964,1194,5494,3916,1201,5317,3954,1166,6,10,24,0.0011271839188427579,0.0025227043390514633,0.020168067226890758,0.306004475429353,0.6817593580480145,1.1954366360487592,0.612008950858706,0.6817593580480145,0.7969577573658394,0.26067331201805527,0.4178047546788063,0.4571183533447684,100.0,100.0,4734,2880,2867,39,1,0,0.008238276299112801,3.4722222222222224E-4,0.0,0.5,0.4,0.5,0.5,45.0,75.0,20.0,0.2,0.5,0.8,0.4,80.0,50.0,60.0,1159,878,281,1159,0.24245038826574633,1.4968761888551123,1.5,0.9979174592367416,524,0.5968109339407744,1.0,1
"iteration_3","SCOPE_DATA_COLLECTION",900,51,3130.0,3190.0,0,5509,3970,1159,5323,3964,1194,4289,3110,879,1174,840,281,0.21490023796448837,0.21265822784810126,0.24224137931034484,0.43951213877427503,0.8895595754598845,1.4891255819885973,0.8790242775485501,0.8895595754598845,0.9927503879923982,0.3849382140359058,0.5482315112540193,0.5938566552901023,97.5,100.0,4816,1162,4660,23,0,2272,0.004775747508305648,0.0,0.4875536480686695,0.2,0.5,0.8,0.4,80.0,50.0,60.0,0.30000000000000004,0.6000000000000001,0.8,0.4,80.0,50.0,60.0,5491,4890,601,5491,0.1094518302677108,0.4412712105071171,0.5,0.8825424210142342,1698,0.347239263803681,1.0,1
"iteration_3","SCOPE_DATA_COLLECTION",900,51,3130.0,3190.0,1,5509,3970,1159,5323,3964,1194,4289,3110,879,1174,840,281,0.21490023796448837,0.21265822784810126,0.24224137931034484,0.43951213877427503,0.8895595754598845,1.4891255819885973,0.8790242775485501,0.8895595754598845,0.9927503879923982,0.3849382140359058,0.5482315112540193,0.5938566552901023,97.5,100.0,4816,1162,4660,23,0,2272,0.004775747508305648,0.0,0.4875536480686695,0.2,0.5,0.8,0.4,80.0,50.0,60.0,0.30000000000000004,0.6000000000000001,0.8,0.4,80.0,50.0,60.0,4082,3610,472,4082,0.11562959333659971,0.8354508238905888,1.0,0.8354508238905888,1729,0.4789473684210526,1.0,1
"iteration_3","SCOPE_DATA_COLLECTION",900,51,3130.0,3190.0,2,5509,3970,1159,5323,3964,1194,4289,3110,879,1174,840,281,0.21490023796448837,0.21265822784810126,0.24224137931034484,0.43951213877427503,0.8895595754598845,1.4891255819885973,0.8790242775485501,0.8895595754598845,0.9927503879923982,0.3849382140359058,0.5482315112540193,0.5938566552901023,97.5,100.0,4816,1162,4660,23,0,2272,0.004775747508305648,0.0,0.4875536480686695,0.2,0.5,0.8,0.4,80.0,50.0,60.0,0.30000000000000004,0.6000000000000001,0.8,0.4,80.0,50.0,60.0,1143,1013,130,1143,0.1137357830271216,1.4397535365905818,1.5,0.9598356910603879,560,0.5528134254689042,1.0,1
"iteration_3","SCOPE_DATA_COLLECTION",900,52,3190.0,3250.0,0,5491,4082,1143,5509,3970,1159,4935,3631,1016,601,472,130,0.1085621387283237,0.11503777723616866,0.11343804537521815,0.447433008974721,0.837478398648744,1.437351530313903,0.894866017949442,0.837478398648744,0.958234353542602,0.35015197568389056,0.47865601762599835,0.5511811023622047,97.5,100.0,4795,1773,4148,39,1,1163,0.00813347236704901,5.640157924421884E-4,0.28037608486017357,0.30000000000000004,0.6000000000000001,0.8,0.4,80.0,50.0,60.0,0.30000000000000004,0.6000000000000001,0.8,0.4,80.0,50.0,60.0,5307,4715,592,5307,0.11155078198605616,0.39919249054628236,0.5,0.7983849810925647,1591,0.3374337221633086,1.0,1
"iteration_3","SCOPE_DATA_COLLECTION",900,52,3190.0,3250.0,1,5491,4082,1143,5509,3970,1159,4935,3631,1016,601,472,130,0.1085621387283237,0.11503777723616866,0.11343804537521815,0.447433008974721,0.837478398648744,1.437351530313903,0.894866017949442,0.837478398648744,0.958234353542602,0.35015197568389056,0.47865601762599835,0.5511811023622047,97.5,100.0,4795,1773,4148,39,1,1163,0.00813347236704901,5.640157924421884E-4,0.28037608486017357,0.30000000000000004,0.6000000000000001,0.8,0.4,80.0,50.0,60.0,0.30000000000000004,0.6000000000000001,0.8,0.4,80.0,50.0,60.0,4048,3601,447,4048,0.11042490118577075,0.806985286981961,1.0,0.806985286981961,1740,0.4831991113579561,1.0,1
"iteration_3","SCOPE_DATA_COLLECTION",900,52,3190.0,3250.0,2,5491,4082,1143,5509,3970,1159,4935,3631,1016,601,472,130,0.1085621387283237,0.11503777723616866,0.11343804537521815,0.447433008974721,0.837478398648744,1.437351530313903,0.894866017949442,0.837478398648744,0.958234353542602,0.35015197568389056,0.47865601762599835,0.5511811023622047,97.5,100.0,4795,1773,4148,39,1,1163,0.00813347236704901,5.640157924421884E-4,0.28037608486017357,0.30000000000000004,0.6000000000000001,0.8,0.4,80.0,50.0,60.0,0.30000000000000004,0.6000000000000001,0.8,0.4,80.0,50.0,60.0,1273,1094,179,1273,0.1406127258444619,1.29658189878169,1.5,0.8643879325211267,536,0.489945155393053,1.0,1
"iteration_3","SCOPE_DATA_COLLECTION",900,53,3250.0,3310.0,0,5307,4048,1273,5491,4082,1143,4716,3589,1095,592,447,179,0.11152976639035418,0.11075322101090189,0.14050235478806908,0.40031007481530245,0.8059099058142196,1.3101214461577333,0.8006201496306049,0.8059099058142196,0.8734142974384889,0.339058524173028,0.48258567846196715,0.4958904109589041,97.5,100.0,4746,1761,4121,33,4,1181,0.00695322376738306,0.002271436683702442,0.28658092695947585,0.30000000000000004,0.6000000000000001,0.8,0.4,80.0,50.0,60.0,0.30000000000000004,0.5,0.7000000000000001,0.5,70.0,40.0,50.0,5444,4894,550,5444,0.10102865540044086,0.42280786906496093,0.5,0.8456157381299219,1583,0.3234572946465059,1.0,1
"iteration_3","SCOPE_DATA_COLLECTION",900,53,3250.0,3310.0,1,5307,4048,1273,5491,4082,1143,4716,3589,1095,592,447,179,0.11152976639035418,0.11075322101090189,0.14050235478806908,0.40031007481530245,0.8059099058142196,1.3101214461577333,0.8006201496306049,0.8059099058142196,0.8734142974384889,0.339058524173028,0.48258567846196715,0.4958904109589041,97.5,100.0,4746,1761,4121,33,4,1181,0.00695322376738306,0.002271436683702442,0.28658092695947585,0.30000000000000004,0.6000000000000001,0.8,0.4,80.0,50.0,60.0,0.30000000000000004,0.5,0.7000000000000001,0.5,70.0,40.0,50.0,4055,3584,471,4055,0.11615289765721332,0.8286132272544531,1.0,0.8286132272544531,1728,0.48214285714285715,1.0,1
"iteration_3","SCOPE_DATA_COLLECTION",900,53,3250.0,3310.0,2,5307,4048,1273,5491,4082,1143,4716,3589,1095,592,447,179,0.11152976639035418,0.11075322101090189,0.14050235478806908,0.40031007481530245,0.8059099058142196,1.3101214461577333,0.8006201496306049,0.8059099058142196,0.8734142974384889,0.339058524173028,0.48258567846196715,0.4958904109589041,97.5,100.0,4746,1761,4121,33,4,1181,0.00695322376738306,0.002271436683702442,0.28658092695947585,0.30000000000000004,0.6000000000000001,0.8,0.4,80.0,50.0,60.0,0.30000000000000004,0.5,0.7000000000000001,0.5,70.0,40.0,50.0,1174,1005,169,1174,0.14395229982964225,1.3702062087794689,1.5,0.9134708058529792,532,0.5293532338308458,1.0,1
"iteration_3","SCOPE_DATA_COLLECTION",900,54,3310.0,3370.0,0,5444,4055,1174,5307,4048,1273,4896,3598,993,550,471,169,0.10099155343371281,0.1157532563283362,0.14543889845094665,0.42331946576264345,0.834547635682489,1.358089886374352,0.8466389315252869,0.834547635682489,0.9053932575829013,0.3243464052287582,0.4869371873262924,0.5236656596173213,100.0,100.0,4787,1783,4103,33,3,1154,0.006893670357217464,0.0016825574873808188,0.2812576163782598,0.30000000000000004,0.5,0.7000000000000001,0.5,70.0,40.0,50.0,0.30000000000000004,0.5,0.7000000000000001,0.5,70.0,40.0,50.0,5412,4760,652,5412,0.1204730229120473,0.42280882243976653,0.5,0.8456176448795331,1618,0.33991596638655464,1.0,1
"iteration_3","SCOPE_DATA_COLLECTION",900,54,3310.0,3370.0,1,5444,4055,1174,5307,4048,1273,4896,3598,993,550,471,169,0.10099155343371281,0.1157532563283362,0.14543889845094665,0.42331946576264345,0.834547635682489,1.358089886374352,0.8466389315252869,0.834547635682489,0.9053932575829013,0.3243464052287582,0.4869371873262924,0.5236656596173213,100.0,100.0,4787,1783,4103,33,3,1154,0.006893670357217464,0.0016825574873808188,0.2812576163782598,0.30000000000000004,0.5,0.7000000000000001,0.5,70.0,40.0,50.0,0.30000000000000004,0.5,0.7000000000000001,0.5,70.0,40.0,50.0,4020,3582,438,4020,0.10895522388059702,0.8143186829362291,1.0,0.8143186829362291,1665,0.4648241206030151,1.0,1
"iteration_3","SCOPE_DATA_COLLECTION",900,54,3310.0,3370.0,2,5444,4055,1174,5307,4048,1273,4896,3598,993,550,471,169,0.10099155343371281,0.1157532563283362,0.14543889845094665,0.42331946576264345,0.834547635682489,1.358089886374352,0.8466389315252869,0.834547635682489,0.9053932575829013,0.3243464052287582,0.4869371873262924,0.5236656596173213,100.0,100.0,4787,1783,4103,33,3,1154,0.006893670357217464,0.0016825574873808188,0.2812576163782598,0.30000000000000004,0.5,0.7000000000000001,0.5,70.0,40.0,50.0,0.30000000000000004,0.5,0.7000000000000001,0.5,70.0,40.0,50.0,1188,1043,145,1188,0.12205387205387205,1.3791279651535067,1.5,0.9194186434356711,539,0.5167785234899329,1.0,1
"iteration_3","SCOPE_DATA_COLLECTION",900,55,3370.0,3430.0,0,5412,4020,1188,5444,4055,1174,4757,3580,1060,652,438,145,0.12053984100573119,0.10900945744151319,0.12033195020746888,0.42177085978960566,0.8120189013895076,1.3845794440675872,0.8435417195792113,0.8120189013895076,0.9230529627117248,0.3386588185831406,0.4622905027932961,0.519811320754717,100.0,100.0,4748,1660,4212,39,2,1194,0.008213984835720303,0.0012048192771084338,0.28347578347578345,0.30000000000000004,0.5,0.7000000000000001,0.5,70.0,40.0,50.0,0.30000000000000004,0.5,0.7000000000000001,0.4,70.0,40.0,50.0,5368,5088,280,5368,0.05216095380029806,0.36088365870810746,0.5,0.7217673174162149,1549,0.3044418238993711,1.0,1
"iteration_3","SCOPE_DATA_COLLECTION",900,55,3370.0,3430.0,1,5412,4020,1188,5444,4055,1174,4757,3580,1060,652,438,145,0.12053984100573119,0.10900945744151319,0.12033195020746888,0.42177085978960566,0.8120189013895076,1.3845794440675872,0.8435417195792113,0.8120189013895076,0.9230529627117248,0.3386588185831406,0.4622905027932961,0.519811320754717,100.0,100.0,4748,1660,4212,39,2,1194,0.008213984835720303,0.0012048192771084338,0.28347578347578345,0.30000000000000004,0.5,0.7000000000000001,0.5,70.0,40.0,50.0,0.30000000000000004,0.5,0.7000000000000001,0.4,70.0,40.0,50.0,3956,3761,195,3956,0.04929221435793731,0.7561751104796688,1.0,0.7561751104796688,1698,0.4514756713639989,1.0,1
"iteration_3","SCOPE_DATA_COLLECTION",900,55,3370.0,3430.0,2,5412,4020,1188,5444,4055,1174,4757,3580,1060,652,438,145,0.12053984100573119,0.10900945744151319,0.12033195020746888,0.42177085978960566,0.8120189013895076,1.3845794440675872,0.8435417195792113,0.8120189013895076,0.9230529627117248,0.3386588185831406,0.4622905027932961,0.519811320754717,100.0,100.0,4748,1660,4212,39,2,1194,0.008213984835720303,0.0012048192771084338,0.28347578347578345,0.30000000000000004,0.5,0.7000000000000001,0.5,70.0,40.0,50.0,0.30000000000000004,0.5,0.7000000000000001,0.4,70.0,40.0,50.0,1123,1061,62,1123,0.05520926090828139,1.2301665587627406,1.5,0.8201110391751604,490,0.46182846371347785,1.0,1
"iteration_3","SCOPE_DATA_COLLECTION",900,56,3430.0,3490.0,0,5368,3956,1123,5412,4020,1188,5090,3767,1049,280,195,62,0.0521415270018622,0.04921756688541141,0.0558055805580558,0.36105477383365453,0.7546840166742792,1.2260767934325043,0.7221095476673091,0.7546840166742792,0.8173845289550029,0.3045186640471513,0.4510220334483674,0.45948522402287895,100.0,100.0,4841,1680,3926,23,1,513,0.004751084486676307,5.952380952380953E-4,0.13066734589913398,0.30000000000000004,0.5,0.7000000000000001,0.4,70.0,40.0,50.0,0.30000000000000004,0.6000000000000001,0.6000000000000001,0.5,60.0,50.0,40.0,5357,4982,375,5357,0.07000186671644577,0.3902608054158483,0.5,0.7805216108316966,1682,0.33761541549578483,1.0,1
"iteration_3","SCOPE_DATA_COLLECTION",900,56,3430.0,3490.0,1,5368,3956,1123,5412,4020,1188,5090,3767,1049,280,195,62,0.0521415270018622,0.04921756688541141,0.0558055805580558,0.36105477383365453,0.7546840166742792,1.2260767934325043,0.7221095476673091,0.7546840166742792,0.8173845289550029,0.3045186640471513,0.4510220334483674,0.45948522402287895,100.0,100.0,4841,1680,3926,23,1,513,0.004751084486676307,5.952380952380953E-4,0.13066734589913398,0.30000000000000004,0.5,0.7000000000000001,0.4,70.0,40.0,50.0,0.30000000000000004,0.6000000000000001,0.6000000000000001,0.5,60.0,50.0,40.0,4057,3764,293,4057,0.07222085284693124,0.7694476045878321,1.0,0.7694476045878321,1660,0.4410201912858661,1.0,1
"iteration_3","SCOPE_DATA_COLLECTION",900,56,3430.0,3490.0,2,5368,3956,1123,5412,4020,1188,5090,3767,1049,280,195,62,0.0521415270018622,0.04921756688541141,0.0558055805580558,0.36105477383365453,0.7546840166742792,1.2260767934325043,0.7221095476673091,0.7546840166742792,0.8173845289550029,0.3045186640471513,0.4510220334483674,0.45948522402287895,100.0,100.0,4841,1680,3926,23,1,513,0.004751084486676307,5.952380952380953E-4,0.13066734589913398,0.30000000000000004,0.5,0.7000000000000001,0.4,70.0,40.0,50.0,0.30000000000000004,0.6000000000000001,0.6000000000000001,0.5,60.0,50.0,40.0,1158,1055,103,1158,0.08894645941278066,1.3355794070244793,1.5,0.8903862713496529,535,0.5071090047393365,1.0,1
"iteration_3","SCOPE_DATA_COLLECTION",900,57,3490.0,3550.0,0,5357,4057,1158,5368,3956,1123,4969,3757,1064,375,293,103,0.07017215568862276,0.07234567901234568,0.08826049700085689,0.3896287986254438,0.771938385361346,1.3372921509879547,0.7792575972508876,0.771938385361346,0.8915281006586365,0.3376937009458644,0.4421080649454352,0.5084586466165414,97.5,100.0,4796,1717,4059,43,1,727,0.00896580483736447,5.824111822947001E-4,0.1791081547179108,0.30000000000000004,0.6000000000000001,0.6000000000000001,0.5,60.0,50.0,40.0,0.30000000000000004,0.6000000000000001,0.6000000000000001,0.5,60.0,50.0,40.0,5511,4967,544,5511,0.09871166757394302,0.37045797283807513,0.5,0.7409159456761503,1551,0.31226092208576606,1.0,1
"iteration_3","SCOPE_DATA_COLLECTION",900,57,3490.0,3550.0,1,5357,4057,1158,5368,3956,1123,4969,3757,1064,375,293,103,0.07017215568862276,0.07234567901234568,0.08826049700085689,0.3896287986254438,0.771938385361346,1.3372921509879547,0.7792575972508876,0.771938385361346,0.8915281006586365,0.3376937009458644,0.4421080649454352,0.5084586466165414,97.5,100.0,4796,1717,4059,43,1,727,0.00896580483736447,5.824111822947001E-4,0.1791081547179108,0.30000000000000004,0.6000000000000001,0.6000000000000001,0.5,60.0,50.0,40.0,0.30000000000000004,0.6000000000000001,0.6000000000000001,0.5,60.0,50.0,40.0,4012,3645,367,4012,0.09147557328015953,0.7585016491154696,1.0,0.7585016491154696,1658,0.45486968449931414,1.0,1
"iteration_3","SCOPE_DATA_COLLECTION",900,57,3490.0,3550.0,2,5357,4057,1158,5368,3956,1123,4969,3757,1064,375,293,103,0.07017215568862276,0.07234567901234568,0.08826049700085689,0.3896287986254438,0.771938385361346,1.3372921509879547,0.7792575972508876,0.771938385361346,0.8915281006586365,0.3376937009458644,0.4421080649454352,0.5084586466165414,97.5,100.0,4796,1717,4059,43,1,727,0.00896580483736447,5.824111822947001E-4,0.1791081547179108,0.30000000000000004,0.6000000000000001,0.6000000000000001,0.5,60.0,50.0,40.0,0.30000000000000004,0.6000000000000001,0.6000000000000001,0.5,60.0,50.0,40.0,1187,1058,129,1187,0.10867733782645324,1.2904193652280687,1.5,0.8602795768187125,516,0.4877126654064272,1.0,1
"iteration_3","SCOPE_DATA_COLLECTION",900,58,3550.0,3618.4454582492167,0,5511,4012,1187,5357,4057,1158,4978,3647,1054,544,367,129,0.09851503078594712,0.09142999501743897,0.10904480135249366,0.37096255741247997,0.757167972014582,1.2836749337955409,0.7419251148249599,0.757167972014582,0.8557832891970273,0.3113700281237445,0.45434603783932,0.4838709677419355,95.0,100.0,4818,1738,4154,34,2,1004,0.007056870070568701,0.0011507479861910242,0.2416947520462205,0.30000000000000004,0.6000000000000001,0.6000000000000001,0.5,60.0,50.0,40.0,0.30000000000000004,0.7000000000000001,0.5,0.4,50.0,50.0,30.0,4483,4036,418,4454,0.09384822631342614,0.3602184487949854,0.5,0.7204368975899708,1266,0.31367690782953417,0.9935311175552086,0
"iteration_3","SCOPE_DATA_COLLECTION",900,58,3550.0,3618.4454582492167,1,5511,4012,1187,5357,4057,1158,4978,3647,1054,544,367,129,0.09851503078594712,0.09142999501743897,0.10904480135249366,0.37096255741247997,0.757167972014582,1.2836749337955409,0.7419251148249599,0.757167972014582,0.8557832891970273,0.3113700281237445,0.45434603783932,0.4838709677419355,95.0,100.0,4818,1738,4154,34,2,1004,0.007056870070568701,0.0011507479861910242,0.2416947520462205,0.30000000000000004,0.6000000000000001,0.6000000000000001,0.5,60.0,50.0,40.0,0.30000000000000004,0.7000000000000001,0.5,0.4,50.0,50.0,30.0,3359,2973,339,3312,0.10235507246376811,0.7384338467138307,1.0,0.7384338467138307,1337,0.4497140935082408,0.9860077403989282,0
"iteration_3","SCOPE_DATA_COLLECTION",900,58,3550.0,3618.4454582492167,2,5511,4012,1187,5357,4057,1158,4978,3647,1054,544,367,129,0.09851503078594712,0.09142999501743897,0.10904480135249366,0.37096255741247997,0.757167972014582,1.2836749337955409,0.7419251148249599,0.757167972014582,0.8557832891970273,0.3113700281237445,0.45434603783932,0.4838709677419355,95.0,100.0,4818,1738,4154,34,2,1004,0.007056870070568701,0.0011507479861910242,0.2416947520462205,0.30000000000000004,0.6000000000000001,0.6000000000000001,0.5,60.0,50.0,40.0,0.30000000000000004,0.7000000000000001,0.5,0.4,50.0,50.0,30.0,961,844,92,936,0.09829059829059829,1.2786934254583853,1.5,0.8524622836389235,413,0.48933649289099523,0.9739854318418314,0
"iteration_3","SCOPE_DATA_COLLECTION",1000,0,70.0,130.0,0,5726,3772,1226,0,0,0,5691,3721,1185,10,16,14,0.0017540782318891423,0.004281509232004281,0.011676396997497914,0.3167485032260273,0.6705664798654235,1.1379577910100585,0.6334970064520546,0.6705664798654235,0.758638527340039,0.2704269899841856,0.39881752217145927,0.42447257383966247,100.0,100.0,4787,3671,2266,39,1,0,0.008147064967620639,2.7240533914464724E-4,0.0,0.6,0.5,0.7,0.4,85.0,80.0,90.0,0.6000000000000001,0.6000000000000001,0.6000000000000001,0.30000000000000004,85.0,70.0,90.0,6170,6164,6,6170,9.724473257698541E-4,0.3024974082666685,0.5,0.604994816533337,1627,0.26395197923426345,1.0,1
"iteration_3","SCOPE_DATA_COLLECTION",1000,0,70.0,130.0,1,5726,3772,1226,0,0,0,5691,3721,1185,10,16,14,0.0017540782318891423,0.004281509232004281,0.011676396997497914,0.3167485032260273,0.6705664798654235,1.1379577910100585,0.6334970064520546,0.6705664798654235,0.758638527340039,0.2704269899841856,0.39881752217145927,0.42447257383966247,100.0,100.0,4787,3671,2266,39,1,0,0.008147064967620639,2.7240533914464724E-4,0.0,0.6,0.5,0.7,0.4,85.0,80.0,90.0,0.6000000000000001,0.6000000000000001,0.6000000000000001,0.30000000000000004,85.0,70.0,90.0,4358,4341,17,4358,0.003900871959614502,0.6603861212956749,1.0,0.6603861212956749,1669,0.3844736235890348,1.0,1
"iteration_3","SCOPE_DATA_COLLECTION",1000,0,70.0,130.0,2,5726,3772,1226,0,0,0,5691,3721,1185,10,16,14,0.0017540782318891423,0.004281509232004281,0.011676396997497914,0.3167485032260273,0.6705664798654235,1.1379577910100585,0.6334970064520546,0.6705664798654235,0.758638527340039,0.2704269899841856,0.39881752217145927,0.42447257383966247,100.0,100.0,4787,3671,2266,39,1,0,0.008147064967620639,2.7240533914464724E-4,0.0,0.6,0.5,0.7,0.4,85.0,80.0,90.0,0.6000000000000001,0.6000000000000001,0.6000000000000001,0.30000000000000004,85.0,70.0,90.0,1340,1330,10,1340,0.007462686567164179,1.096336968182872,1.5,0.7308913121219147,536,0.4030075187969925,1.0,1
"iteration_3","SCOPE_DATA_COLLECTION",1000,1,130.0,190.0,0,6170,4358,1340,5726,3772,1226,6150,4313,1330,6,17,10,9.746588693957114E-4,0.003926096997690531,0.007462686567164179,0.30151612960354823,0.6547616004521037,1.0945636529879712,0.6030322592070965,0.6547616004521037,0.7297091019919808,0.26195121951219513,0.381636911662416,0.4045112781954887,100.0,100.0,4914,4095,2859,32,1,0,0.006512006512006512,2.442002442002442E-4,0.0,0.6000000000000001,0.6000000000000001,0.6000000000000001,0.30000000000000004,85.0,70.0,90.0,0.30000000000000004,0.4,0.5,0.6000000000000001,55.0,85.0,70.0,6114,5179,935,6114,0.15292770690219168,0.3942521051615236,0.5,0.7885042103230472,1779,0.34350260668082644,1.0,1
"iteration_3","SCOPE_DATA_COLLECTION",1000,1,130.0,190.0,1,6170,4358,1340,5726,3772,1226,6150,4313,1330,6,17,10,9.746588693957114E-4,0.003926096997690531,0.007462686567164179,0.30151612960354823,0.6547616004521037,1.0945636529879712,0.6030322592070965,0.6547616004521037,0.7297091019919808,0.26195121951219513,0.381636911662416,0.4045112781954887,100.0,100.0,4914,4095,2859,32,1,0,0.006512006512006512,2.442002442002442E-4,0.0,0.6000000000000001,0.6000000000000001,0.6000000000000001,0.30000000000000004,85.0,70.0,90.0,0.30000000000000004,0.4,0.5,0.6000000000000001,55.0,85.0,70.0,4340,3602,738,4340,0.17004608294930876,0.8018853543456625,1.0,0.8018853543456625,1641,0.45558023320377566,1.0,1
"iteration_3","SCOPE_DATA_COLLECTION",1000,1,130.0,190.0,2,6170,4358,1340,5726,3772,1226,6150,4313,1330,6,17,10,9.746588693957114E-4,0.003926096997690531,0.007462686567164179,0.30151612960354823,0.6547616004521037,1.0945636529879712,0.6030322592070965,0.6547616004521037,0.7297091019919808,0.26195121951219513,0.381636911662416,0.4045112781954887,100.0,100.0,4914,4095,2859,32,1,0,0.006512006512006512,2.442002442002442E-4,0.0,0.6000000000000001,0.6000000000000001,0.6000000000000001,0.30000000000000004,85.0,70.0,90.0,0.30000000000000004,0.4,0.5,0.6000000000000001,55.0,85.0,70.0,1404,1147,257,1404,0.18304843304843305,1.3036743281334262,1.5,0.8691162187556175,556,0.4847428073234525,1.0,1
"iteration_3","SCOPE_DATA_COLLECTION",1000,2,190.0,250.0,0,6114,4340,1404,6170,4358,1340,5190,3619,1147,935,738,256,0.1526530612244898,0.1693826027082855,0.18246614397719174,0.3944573107219168,0.8066544391697313,1.3082118811693226,0.7889146214438336,0.8066544391697313,0.8721412541128818,0.3441233140655106,0.4575849682232661,0.4864864864864865,97.5,100.0,4901,2048,4909,58,2,1869,0.011834319526627219,9.765625E-4,0.38072927276431046,0.30000000000000004,0.4,0.5,0.6000000000000001,55.0,85.0,70.0,0.4,0.4,0.5,0.6000000000000001,45.0,95.0,60.0,6254,5965,289,6254,0.04621042532779021,0.3490004478240399,0.5,0.6980008956480798,1736,0.29103101424979044,1.0,1
"iteration_3","SCOPE_DATA_COLLECTION",1000,2,190.0,250.0,1,6114,4340,1404,6170,4358,1340,5190,3619,1147,935,738,256,0.1526530612244898,0.1693826027082855,0.18246614397719174,0.3944573107219168,0.8066544391697313,1.3082118811693226,0.7889146214438336,0.8066544391697313,0.8721412541128818,0.3441233140655106,0.4575849682232661,0.4864864864864865,97.5,100.0,4901,2048,4909,58,2,1869,0.011834319526627219,9.765625E-4,0.38072927276431046,0.30000000000000004,0.4,0.5,0.6000000000000001,55.0,85.0,70.0,0.4,0.4,0.5,0.6000000000000001,45.0,95.0,60.0,4158,3945,213,4158,0.051226551226551224,0.7393678276280391,1.0,0.7393678276280391,1697,0.43016476552598226,1.0,1
"iteration_3","SCOPE_DATA_COLLECTION",1000,2,190.0,250.0,2,6114,4340,1404,6170,4358,1340,5190,3619,1147,935,738,256,0.1526530612244898,0.1693826027082855,0.18246614397719174,0.3944573107219168,0.8066544391697313,1.3082118811693226,0.7889146214438336,0.8066544391697313,0.8721412541128818,0.3441233140655106,0.4575849682232661,0.4864864864864865,97.5,100.0,4901,2048,4909,58,2,1869,0.011834319526627219,9.765625E-4,0.38072927276431046,0.30000000000000004,0.4,0.5,0.6000000000000001,55.0,85.0,70.0,0.4,0.4,0.5,0.6000000000000001,45.0,95.0,60.0,1309,1224,85,1309,0.06493506493506493,1.217683686879839,1.5,0.8117891245865594,542,0.44281045751633985,1.0,1
"iteration_3","SCOPE_DATA_COLLECTION",1000,3,250.0,310.0,0,6254,4158,1309,6114,4340,1404,5966,3939,1232,289,213,86,0.046203037569944046,0.05130057803468208,0.06525037936267071,0.34955492151435824,0.7387976819641874,1.22393248658827,0.6991098430287165,0.7387976819641874,0.8159549910588466,0.2918203151190077,0.42955064737242954,0.4439935064935065,95.0,100.0,5000,2704,4017,35,3,550,0.007,0.0011094674556213018,0.13691809808314662,0.4,0.4,0.5,0.6000000000000001,45.0,95.0,60.0,0.4,0.4,0.4,0.5,35.0,95.0,70.0,6236,5841,395,6236,0.06334188582424631,0.3600522252001001,0.5,0.7201044504002002,1847,0.31621297722992636,1.0,1
"iteration_3","SCOPE_DATA_COLLECTION",1000,3,250.0,310.0,1,6254,4158,1309,6114,4340,1404,5966,3939,1232,289,213,86,0.046203037569944046,0.05130057803468208,0.06525037936267071,0.34955492151435824,0.7387976819641874,1.22393248658827,0.6991098430287165,0.7387976819641874,0.8159549910588466,0.2918203151190077,0.42955064737242954,0.4439935064935065,95.0,100.0,5000,2704,4017,35,3,550,0.007,0.0011094674556213018,0.13691809808314662,0.4,0.4,0.5,0.6000000000000001,45.0,95.0,60.0,0.4,0.4,0.4,0.5,35.0,95.0,70.0,4172,3839,333,4172,0.07981783317353787,0.7371487336389907,1.0,0.7371487336389907,1636,0.4261526439176869,1.0,1
"iteration_3","SCOPE_DATA_COLLECTION",1000,3,250.0,310.0,2,6254,4158,1309,6114,4340,1404,5966,3939,1232,289,213,86,0.046203037569944046,0.05130057803468208,0.06525037936267071,0.34955492151435824,0.7387976819641874,1.22393248658827,0.6991098430287165,0.7387976819641874,0.8159549910588466,0.2918203151190077,0.42955064737242954,0.4439935064935065,95.0,100.0,5000,2704,4017,35,3,550,0.007,0.0011094674556213018,0.13691809808314662,0.4,0.4,0.5,0.6000000000000001,45.0,95.0,60.0,0.4,0.4,0.4,0.5,35.0,95.0,70.0,1362,1244,118,1362,0.08663729809104258,1.2384367581190736,1.5,0.8256245054127157,574,0.46141479099678456,1.0,1
"iteration_3","SCOPE_DATA_COLLECTION",1000,4,310.0,370.0,0,6236,4172,1362,6254,4158,1309,5835,3840,1244,390,318,118,0.06265060240963856,0.07647907647907648,0.08663729809104258,0.35935261168069244,0.7366653941433633,1.2358707821334072,0.7187052233613849,0.7366653941433633,0.8239138547556047,0.31533847472150817,0.42604166666666665,0.46061093247588425,100.0,100.0,4956,2723,4091,43,0,783,0.00867635189669088,0.0,0.1913957467611831,0.4,0.4,0.4,0.5,35.0,95.0,70.0,0.4,0.4,0.4,0.4,35.0,85.0,80.0,6123,5528,595,6123,0.09717458762044749,0.351701856374979,0.5,0.703403712749958,1646,0.29775687409551377,1.0,1
"iteration_3","SCOPE_DATA_COLLECTION",1000,4,310.0,370.0,1,6236,4172,1362,6254,4158,1309,5835,3840,1244,390,318,118,0.06265060240963856,0.07647907647907648,0.08663729809104258,0.35935261168069244,0.7366653941433633,1.2358707821334072,0.7187052233613849,0.7366653941433633,0.8239138547556047,0.31533847472150817,0.42604166666666665,0.46061093247588425,100.0,100.0,4956,2723,4091,43,0,783,0.00867635189669088,0.0,0.1913957467611831,0.4,0.4,0.4,0.5,35.0,95.0,70.0,0.4,0.4,0.4,0.4,35.0,85.0,80.0,4276,3805,471,4276,0.11014967259120674,0.7305533292185743,1.0,0.7305533292185743,1665,0.4375821287779238,1.0,1
"iteration_3","SCOPE_DATA_COLLECTION",1000,4,310.0,370.0,2,6236,4172,1362,6254,4158,1309,5835,3840,1244,390,318,118,0.06265060240963856,0.07647907647907648,0.08663729809104258,0.35935261168069244,0.7366653941433633,1.2358707821334072,0.7187052233613849,0.7366653941433633,0.8239138547556047,0.31533847472150817,0.42604166666666665,0.46061093247588425,100.0,100.0,4956,2723,4091,43,0,783,0.00867635189669088,0.0,0.1913957467611831,0.4,0.4,0.4,0.5,35.0,95.0,70.0,0.4,0.4,0.4,0.4,35.0,85.0,80.0,1420,1228,192,1420,0.1352112676056338,1.2213968351342663,1.5,0.8142645567561776,557,0.4535830618892508,1.0,1
"iteration_3","SCOPE_DATA_COLLECTION",1000,5,370.0,430.0,0,6123,4276,1420,6236,4172,1362,5531,3798,1215,600,486,192,0.0978633175664655,0.1134453781512605,0.13646055437100213,0.3519082331165632,0.7307296659325814,1.2144018194713158,0.7038164662331264,0.7307296659325814,0.8096012129808772,0.2977761706743808,0.43733543970510796,0.45020576131687245,97.5,100.0,4929,2792,4098,62,2,1214,0.012578616352201259,7.163323782234957E-4,0.29624206930209857,0.4,0.4,0.4,0.4,35.0,85.0,80.0,0.2,0.8,0.8,0.6000000000000001,90.0,30.0,70.0,6190,4323,1867,6190,0.30161550888529887,0.47733305233638845,0.5,0.9546661046727769,1913,0.44251677076104556,1.0,1
"iteration_3","SCOPE_DATA_COLLECTION",1000,5,370.0,430.0,1,6123,4276,1420,6236,4172,1362,5531,3798,1215,600,486,192,0.0978633175664655,0.1134453781512605,0.13646055437100213,0.3519082331165632,0.7307296659325814,1.2144018194713158,0.7038164662331264,0.7307296659325814,0.8096012129808772,0.2977761706743808,0.43733543970510796,0.45020576131687245,97.5,100.0,4929,2792,4098,62,2,1214,0.012578616352201259,7.163323782234957E-4,0.29624206930209857,0.4,0.4,0.4,0.4,35.0,85.0,80.0,0.2,0.8,0.8,0.6000000000000001,90.0,30.0,70.0,4167,2889,1278,4167,0.30669546436285094,0.9644248850753213,1.0,0.9644248850753213,1705,0.5901696088611976,1.0,1
"iteration_3","SCOPE_DATA_COLLECTION",1000,5,370.0,430.0,2,6123,4276,1420,6236,4172,1362,5531,3798,1215,600,486,192,0.0978633175664655,0.1134453781512605,0.13646055437100213,0.3519082331165632,0.7307296659325814,1.2144018194713158,0.7038164662331264,0.7307296659325814,0.8096012129808772,0.2977761706743808,0.43733543970510796,0.45020576131687245,97.5,100.0,4929,2792,4098,62,2,1214,0.012578616352201259,7.163323782234957E-4,0.29624206930209857,0.4,0.4,0.4,0.4,35.0,85.0,80.0,0.2,0.8,0.8,0.6000000000000001,90.0,30.0,70.0,1299,834,465,1299,0.3579676674364896,1.6117855920908568,1.5,1.0745237280605713,525,0.6294964028776978,1.0,1
"iteration_3","SCOPE_DATA_COLLECTION",1000,6,430.0,490.0,0,6190,4167,1299,6123,4276,1420,4331,2899,845,1867,1278,465,0.30122620200064537,0.305961216183864,0.3549618320610687,0.47753680172292556,0.9637474120420243,1.6076490528911294,0.9550736034458511,0.9637474120420243,1.071766035260753,0.4426229508196721,0.5902035184546396,0.6284023668639053,100.0,100.0,4993,1339,5324,38,0,3572,0.007610654916883637,0.0,0.6709241172051089,0.2,0.8,0.8,0.6000000000000001,90.0,30.0,70.0,0.1,0.7000000000000001,0.7000000000000001,0.6000000000000001,80.0,30.0,80.0,6047,2984,3063,6047,0.5065321647097735,0.5475113335758752,0.5,1.0950226671517505,1688,0.5656836461126006,1.0,1
"iteration_3","SCOPE_DATA_COLLECTION",1000,6,430.0,490.0,1,6190,4167,1299,6123,4276,1420,4331,2899,845,1867,1278,465,0.30122620200064537,0.305961216183864,0.3549618320610687,0.47753680172292556,0.9637474120420243,1.6076490528911294,0.9550736034458511,0.9637474120420243,1.071766035260753,0.4426229508196721,0.5902035184546396,0.6284023668639053,100.0,100.0,4993,1339,5324,38,0,3572,0.007610654916883637,0.0,0.6709241172051089,0.2,0.8,0.8,0.6000000000000001,90.0,30.0,70.0,0.1,0.7000000000000001,0.7000000000000001,0.6000000000000001,80.0,30.0,80.0,4278,2107,2171,4278,0.5074801309022908,1.1622903542527308,1.0,1.1622903542527308,1662,0.7887992406264831,1.0,1
"iteration_3","SCOPE_DATA_COLLECTION",1000,6,430.0,490.0,2,6190,4167,1299,6123,4276,1420,4331,2899,845,1867,1278,465,0.30122620200064537,0.305961216183864,0.3549618320610687,0.47753680172292556,0.9637474120420243,1.6076490528911294,0.9550736034458511,0.9637474120420243,1.071766035260753,0.4426229508196721,0.5902035184546396,0.6284023668639053,100.0,100.0,4993,1339,5324,38,0,3572,0.007610654916883637,0.0,0.6709241172051089,0.2,0.8,0.8,0.6000000000000001,90.0,30.0,70.0,0.1,0.7000000000000001,0.7000000000000001,0.6000000000000001,80.0,30.0,80.0,1381,660,721,1381,0.5220854453294714,1.9545043719135333,1.5,1.3030029146090223,560,0.8484848484848485,1.0,1
"iteration_3","SCOPE_DATA_COLLECTION",1000,7,490.0,550.0,0,6047,4278,1381,6190,4167,1299,2974,2126,658,3063,2171,721,0.5073712108663243,0.5052362113102165,0.5228426395939086,0.5465517507197133,1.1634306578621247,1.956578314761023,1.0931035014394266,1.1634306578621247,1.3043855431740152,0.5655682582380632,0.7888052681091251,0.8480243161094225,100.0,100.0,4908,650,6148,41,1,5913,0.008353708231458843,0.0015384615384615385,0.9617761873780091,0.1,0.7000000000000001,0.7000000000000001,0.6000000000000001,80.0,30.0,80.0,0.2,0.8,0.7000000000000001,0.5,70.0,20.0,80.0,6163,4198,1965,6163,0.3188382281356482,0.48591849220623246,0.5,0.9718369844124649,1925,0.45855169128156265,1.0,1
"iteration_3","SCOPE_DATA_COLLECTION",1000,7,490.0,550.0,1,6047,4278,1381,6190,4167,1299,2974,2126,658,3063,2171,721,0.5073712108663243,0.5052362113102165,0.5228426395939086,0.5465517507197133,1.1634306578621247,1.956578314761023,1.0931035014394266,1.1634306578621247,1.3043855431740152,0.5655682582380632,0.7888052681091251,0.8480243161094225,100.0,100.0,4908,650,6148,41,1,5913,0.008353708231458843,0.0015384615384615385,0.9617761873780091,0.1,0.7000000000000001,0.7000000000000001,0.6000000000000001,80.0,30.0,80.0,0.2,0.8,0.7000000000000001,0.5,70.0,20.0,80.0,4165,2773,1392,4165,0.33421368547418967,0.9770671191571254,1.0,0.9770671191571254,1715,0.6184637576631806,1.0,1
"iteration_3","SCOPE_DATA_COLLECTION",1000,7,490.0,550.0,2,6047,4278,1381,6190,4167,1299,2974,2126,658,3063,2171,721,0.5073712108663243,0.5052362113102165,0.5228426395939086,0.5465517507197133,1.1634306578621247,1.956578314761023,1.0931035014394266,1.1634306578621247,1.3043855431740152,0.5655682582380632,0.7888052681091251,0.8480243161094225,100.0,100.0,4908,650,6148,41,1,5913,0.008353708231458843,0.0015384615384615385,0.9617761873780091,0.1,0.7000000000000001,0.7000000000000001,0.6000000000000001,80.0,30.0,80.0,0.2,0.8,0.7000000000000001,0.5,70.0,20.0,80.0,1303,849,454,1303,0.3484267075978511,1.5897941417596235,1.5,1.0598627611730824,539,0.6348645465253239,1.0,1
"iteration_3","SCOPE_DATA_COLLECTION",1000,8,550.0,610.0,0,6163,4165,1303,6047,4278,1381,4191,2747,847,1965,1392,454,0.31920077972709554,0.33631311911089634,0.34896233666410453,0.48788965165286685,0.9738863823426271,1.604957302517131,0.9757793033057337,0.9738863823426271,1.0699715350114207,0.4614650441422095,0.6181288678558428,0.6446280991735537,100.0,100.0,4969,1321,5341,48,1,3762,0.00965989132622258,7.57002271006813E-4,0.7043624789365287,0.2,0.8,0.7000000000000001,0.5,70.0,20.0,80.0,0.2,0.7000000000000001,0.8,0.6000000000000001,80.0,30.0,80.0,6170,3899,2271,6170,0.36807131280388977,0.5099035190607994,0.5,1.019807038121599,1884,0.48320082072326237,1.0,1
"iteration_3","SCOPE_DATA_COLLECTION",1000,8,550.0,610.0,1,6163,4165,1303,6047,4278,1381,4191,2747,847,1965,1392,454,0.31920077972709554,0.33631311911089634,0.34896233666410453,0.48788965165286685,0.9738863823426271,1.604957302517131,0.9757793033057337,0.9738863823426271,1.0699715350114207,0.4614650441422095,0.6181288678558428,0.6446280991735537,100.0,100.0,4969,1321,5341,48,1,3762,0.00965989132622258,7.57002271006813E-4,0.7043624789365287,0.2,0.8,0.7000000000000001,0.5,70.0,20.0,80.0,0.2,0.7000000000000001,0.8,0.6000000000000001,80.0,30.0,80.0,4240,2630,1610,4240,0.37971698113207547,1.006798037405807,1.0,1.006798037405807,1653,0.6285171102661598,1.0,1
"iteration_3","SCOPE_DATA_COLLECTION",1000,8,550.0,610.0,2,6163,4165,1303,6047,4278,1381,4191,2747,847,1965,1392,454,0.31920077972709554,0.33631311911089634,0.34896233666410453,0.48788965165286685,0.9738863823426271,1.604957302517131,0.9757793033057337,0.9738863823426271,1.0699715350114207,0.4614650441422095,0.6181288678558428,0.6446280991735537,100.0,100.0,4969,1321,5341,48,1,3762,0.00965989132622258,7.57002271006813E-4,0.7043624789365287,0.2,0.8,0.7000000000000001,0.5,70.0,20.0,80.0,0.2,0.7000000000000001,0.8,0.6000000000000001,80.0,30.0,80.0,1396,825,571,1396,0.40902578796561606,1.699623299857409,1.5,1.1330821999049394,572,0.6933333333333334,1.0,1
"iteration_3","SCOPE_DATA_COLLECTION",1000,9,610.0,670.0,0,6170,4240,1396,6163,4165,1303,3902,2641,827,2271,1610,571,0.3678924347966953,0.37873441543166314,0.4084406294706724,0.5067539026529858,1.0030999401209242,1.6841443462090913,1.0135078053059716,1.0030999401209242,1.1227628974727275,0.47898513582778063,0.6262779250283983,0.6844014510278114,100.0,100.0,4906,1339,5561,45,3,4404,0.009172441907867916,0.0022404779686333084,0.7919438949829167,0.2,0.7000000000000001,0.8,0.6000000000000001,80.0,30.0,80.0,0.4,0.8,0.30000000000000004,0.8,40.0,70.0,75.0,6372,5795,577,6372,0.09055241682360327,0.3800480138235476,0.5,0.7600960276470952,1879,0.3242450388265746,1.0,1
"iteration_3","SCOPE_DATA_COLLECTION",1000,9,610.0,670.0,1,6170,4240,1396,6163,4165,1303,3902,2641,827,2271,1610,571,0.3678924347966953,0.37873441543166314,0.4084406294706724,0.5067539026529858,1.0030999401209242,1.6841443462090913,1.0135078053059716,1.0030999401209242,1.1227628974727275,0.47898513582778063,0.6262779250283983,0.6844014510278114,100.0,100.0,4906,1339,5561,45,3,4404,0.009172441907867916,0.0022404779686333084,0.7919438949829167,0.2,0.7000000000000001,0.8,0.6000000000000001,80.0,30.0,80.0,0.4,0.8,0.30000000000000004,0.8,40.0,70.0,75.0,4333,3913,420,4333,0.09693053311793215,0.7292423458222977,1.0,0.7292423458222977,1663,0.4249936110401227,1.0,1
"iteration_3","SCOPE_DATA_COLLECTION",1000,9,610.0,670.0,2,6170,4240,1396,6163,4165,1303,3902,2641,827,2271,1610,571,0.3678924347966953,0.37873441543166314,0.4084406294706724,0.5067539026529858,1.0030999401209242,1.6841443462090913,1.0135078053059716,1.0030999401209242,1.1227628974727275,0.47898513582778063,0.6262779250283983,0.6844014510278114,100.0,100.0,4906,1339,5561,45,3,4404,0.009172441907867916,0.0022404779686333084,0.7919438949829167,0.2,0.7000000000000001,0.8,0.6000000000000001,80.0,30.0,80.0,0.4,0.8,0.30000000000000004,0.8,40.0,70.0,75.0,1312,1169,143,1312,0.10899390243902439,1.2691596411061734,1.5,0.8461064274041156,547,0.4679213002566296,1.0,1
"iteration_3","SCOPE_DATA_COLLECTION",1000,10,670.0,730.0,0,6372,4333,1312,6170,4240,1396,5802,3907,1163,577,419,143,0.09045304906725192,0.09685621821544152,0.10949464012251149,0.3812708469429394,0.7350788765972098,1.2786269407141162,0.7625416938858788,0.7350788765972098,0.8524179604760774,0.32574974146845914,0.42794983363194267,0.472914875322442,95.0,100.0,4964,2791,4262,44,2,1093,0.008863819500402902,7.165890361877463E-4,0.25645236977944624,0.4,0.8,0.30000000000000004,0.8,40.0,70.0,75.0,0.4,0.8,0.30000000000000004,0.8,40.0,70.0,75.0,6110,5586,524,6110,0.08576104746317512,0.4158883871502807,0.5,0.8317767743005614,1866,0.33404940923737914,1.0,1
"iteration_3","SCOPE_DATA_COLLECTION",1000,10,670.0,730.0,1,6372,4333,1312,6170,4240,1396,5802,3907,1163,577,419,143,0.09045304906725192,0.09685621821544152,0.10949464012251149,0.3812708469429394,0.7350788765972098,1.2786269407141162,0.7625416938858788,0.7350788765972098,0.8524179604760774,0.32574974146845914,0.42794983363194267,0.472914875322442,95.0,100.0,4964,2791,4262,44,2,1093,0.008863819500402902,7.165890361877463E-4,0.25645236977944624,0.4,0.8,0.30000000000000004,0.8,40.0,70.0,75.0,0.4,0.8,0.30000000000000004,0.8,40.0,70.0,75.0,4195,3773,422,4195,0.10059594755661502,0.7524738919682503,1.0,0.7524738919682503,1639,0.43440233236151604,1.0,1
"iteration_3","SCOPE_DATA_COLLECTION",1000,10,670.0,730.0,2,6372,4333,1312,6170,4240,1396,5802,3907,1163,577,419,143,0.09045304906725192,0.09685621821544152,0.10949464012251149,0.3812708469429394,0.7350788765972098,1.2786269407141162,0.7625416938858788,0.7350788765972098,0.8524179604760774,0.32574974146845914,0.42794983363194267,0.472914875322442,95.0,100.0,4964,2791,4262,44,2,1093,0.008863819500402902,7.165890361877463E-4,0.25645236977944624,0.4,0.8,0.30000000000000004,0.8,40.0,70.0,75.0,0.4,0.8,0.30000000000000004,0.8,40.0,70.0,75.0,1353,1185,168,1353,0.12416851441241686,1.3192701640384097,1.5,0.8795134426922732,573,0.4835443037974684,1.0,1
"iteration_3","SCOPE_DATA_COLLECTION",1000,11,730.0,790.0,0,6110,4195,1353,6372,4333,1312,5561,3769,1188,521,414,162,0.0856626109832292,0.09897202964379632,0.12,0.40119340127024156,0.7422387702799329,1.300801451059598,0.8023868025404831,0.7422387702799329,0.8672009673730653,0.3303362704549541,0.4319448129477315,0.4764309764309764,97.5,100.0,4870,2642,4146,38,1,1058,0.0078028747433264885,3.785011355034065E-4,0.2551857211770381,0.4,0.8,0.30000000000000004,0.8,40.0,70.0,75.0,0.4,0.8,0.30000000000000004,0.8,40.0,70.0,75.0,6219,5578,641,6219,0.10307123331725358,0.3744111596103757,0.5,0.7488223192207514,1869,0.33506633201864466,1.0,1
"iteration_3","SCOPE_DATA_COLLECTION",1000,11,730.0,790.0,1,6110,4195,1353,6372,4333,1312,5561,3769,1188,521,414,162,0.0856626109832292,0.09897202964379632,0.12,0.40119340127024156,0.7422387702799329,1.300801451059598,0.8023868025404831,0.7422387702799329,0.8672009673730653,0.3303362704549541,0.4319448129477315,0.4764309764309764,97.5,100.0,4870,2642,4146,38,1,1058,0.0078028747433264885,3.785011355034065E-4,0.2551857211770381,0.4,0.8,0.30000000000000004,0.8,40.0,70.0,75.0,0.4,0.8,0.30000000000000004,0.8,40.0,70.0,75.0,4263,3803,460,4263,0.10790523105794042,0.7299193972382815,1.0,0.7299193972382815,1673,0.4399158559032343,1.0,1
"iteration_3","SCOPE_DATA_COLLECTION",1000,11,730.0,790.0,2,6110,4195,1353,6372,4333,1312,5561,3769,1188,521,414,162,0.0856626109832292,0.09897202964379632,0.12,0.40119340127024156,0.7422387702799329,1.300801451059598,0.8023868025404831,0.7422387702799329,0.8672009673730653,0.3303362704549541,0.4319448129477315,0.4764309764309764,97.5,100.0,4870,2642,4146,38,1,1058,0.0078028747433264885,3.785011355034065E-4,0.2551857211770381,0.4,0.8,0.30000000000000004,0.8,40.0,70.0,75.0,0.4,0.8,0.30000000000000004,0.8,40.0,70.0,75.0,1379,1193,186,1379,0.1348803480783176,1.2481019719528925,1.5,0.8320679813019284,546,0.45766974015088013,1.0,1
"iteration_3","SCOPE_DATA_COLLECTION",1000,12,790.0,850.0,0,6219,4263,1379,6110,4195,1353,5594,3817,1198,644,469,192,0.10323821737736454,0.10942603826411573,0.1381294964028777,0.38760841770518006,0.738023449445545,1.263844536439804,0.7752168354103601,0.738023449445545,0.8425630242932027,0.3375044690740079,0.4403982184962012,0.46410684474123537,95.0,100.0,4906,2817,4138,36,3,1266,0.007337953526294333,0.0010649627263045794,0.30594490091831805,0.4,0.8,0.30000000000000004,0.8,40.0,70.0,75.0,0.5,0.7000000000000001,0.4,0.9,50.0,60.0,75.0,6128,6030,98,6128,0.015992167101827676,0.3213043841772129,0.5,0.6426087683544258,1661,0.27545605306799337,1.0,1
"iteration_3","SCOPE_DATA_COLLECTION",1000,12,790.0,850.0,1,6219,4263,1379,6110,4195,1353,5594,3817,1198,644,469,192,0.10323821737736454,0.10942603826411573,0.1381294964028777,0.38760841770518006,0.738023449445545,1.263844536439804,0.7752168354103601,0.738023449445545,0.8425630242932027,0.3375044690740079,0.4403982184962012,0.46410684474123537,95.0,100.0,4906,2817,4138,36,3,1266,0.007337953526294333,0.0010649627263045794,0.30594490091831805,0.4,0.8,0.30000000000000004,0.8,40.0,70.0,75.0,0.5,0.7000000000000001,0.4,0.9,50.0,60.0,75.0,4278,4206,72,4278,0.016830294530154277,0.6680826959897161,1.0,0.6680826959897161,1653,0.3930099857346648,1.0,1
"iteration_3","SCOPE_DATA_COLLECTION",1000,12,790.0,850.0,2,6219,4263,1379,6110,4195,1353,5594,3817,1198,644,469,192,0.10323821737736454,0.10942603826411573,0.1381294964028777,0.38760841770518006,0.738023449445545,1.263844536439804,0.7752168354103601,0.738023449445545,0.8425630242932027,0.3375044690740079,0.4403982184962012,0.46410684474123537,95.0,100.0,4906,2817,4138,36,3,1266,0.007337953526294333,0.0010649627263045794,0.30594490091831805,0.4,0.8,0.30000000000000004,0.8,40.0,70.0,75.0,0.5,0.7000000000000001,0.4,0.9,50.0,60.0,75.0,1385,1344,41,1385,0.0296028880866426,1.1699552539343208,1.5,0.7799701692895472,573,0.4263392857142857,1.0,1
"iteration_3","SCOPE_DATA_COLLECTION",1000,13,850.0,910.0,0,6128,4278,1385,6219,4263,1379,6037,4196,1340,98,72,41,0.015973920130399347,0.016869728209934397,0.029688631426502535,0.32323582547401236,0.6689108252510032,1.166903731083982,0.6464716509480247,0.6689108252510032,0.7779358207226547,0.2766274639721716,0.3934699714013346,0.42388059701492536,100.0,100.0,4902,3527,3362,65,0,146,0.013259893920848633,0.0,0.04342653182629387,0.5,0.7000000000000001,0.4,0.9,50.0,60.0,75.0,0.5,0.8,0.5,0.8,50.0,60.0,85.0,6115,6066,49,6115,0.008013082583810302,0.32075835297293537,0.5,0.6415167059458707,1667,0.2748104187273327,1.0,1
"iteration_3","SCOPE_DATA_COLLECTION",1000,13,850.0,910.0,1,6128,4278,1385,6219,4263,1379,6037,4196,1340,98,72,41,0.015973920130399347,0.016869728209934397,0.029688631426502535,0.32323582547401236,0.6689108252510032,1.166903731083982,0.6464716509480247,0.6689108252510032,0.7779358207226547,0.2766274639721716,0.3934699714013346,0.42388059701492536,100.0,100.0,4902,3527,3362,65,0,146,0.013259893920848633,0.0,0.04342653182629387,0.5,0.7000000000000001,0.4,0.9,50.0,60.0,75.0,0.5,0.8,0.5,0.8,50.0,60.0,85.0,4223,4184,39,4223,0.00923514089509827,0.6889190303933066,1.0,0.6889190303933066,1713,0.4094168260038241,1.0,1
"iteration_3","SCOPE_DATA_COLLECTION",1000,13,850.0,910.0,2,6128,4278,1385,6219,4263,1379,6037,4196,1340,98,72,41,0.015973920130399347,0.016869728209934397,0.029688631426502535,0.32323582547401236,0.6689108252510032,1.166903731083982,0.6464716509480247,0.6689108252510032,0.7779358207226547,0.2766274639721716,0.3934699714013346,0.42388059701492536,100.0,100.0,4902,3527,3362,65,0,146,0.013259893920848633,0.0,0.04342653182629387,0.5,0.7000000000000001,0.4,0.9,50.0,60.0,75.0,0.5,0.8,0.5,0.8,50.0,60.0,85.0,1300,1264,36,1300,0.027692307692307693,1.1059132424208136,1.5,0.737275494947209,498,0.3939873417721519,1.0,1
"iteration_3","SCOPE_DATA_COLLECTION",1000,14,910.0,970.0,0,6115,4223,1300,6128,4278,1385,6062,4182,1263,49,39,36,0.008018327605956471,0.00923951670220327,0.02771362586605081,0.32028992116122795,0.6866254562957825,1.1064109102870596,0.6405798423224559,0.6866254562957825,0.7376072735247065,0.2744968657208842,0.40889526542324245,0.39429928741092635,100.0,100.0,4935,3333,3370,43,2,79,0.008713272543059777,6.000600060006001E-4,0.02344213649851632,0.5,0.8,0.5,0.8,50.0,60.0,85.0,0.8500000000000001,0.7000000000000001,0.30000000000000004,0.30000000000000004,20.0,20.0,25.0,6160,6151,9,6160,0.001461038961038961,0.31840333860047343,0.5,0.6368066772009469,1806,0.2936107949926841,1.0,1
"iteration_3","SCOPE_DATA_COLLECTION",1000,14,910.0,970.0,1,6115,4223,1300,6128,4278,1385,6062,4182,1263,49,39,36,0.008018327605956471,0.00923951670220327,0.02771362586605081,0.32028992116122795,0.6866254562957825,1.1064109102870596,0.6405798423224559,0.6866254562957825,0.7376072735247065,0.2744968657208842,0.40889526542324245,0.39429928741092635,100.0,100.0,4935,3333,3370,43,2,79,0.008713272543059777,6.000600060006001E-4,0.02344213649851632,0.5,0.8,0.5,0.8,50.0,60.0,85.0,0.8500000000000001,0.7000000000000001,0.30000000000000004,0.30000000000000004,20.0,20.0,25.0,4262,4245,17,4262,0.003988737681839512,0.6411340738255412,1.0,0.6411340738255412,1623,0.3823321554770318,1.0,1
"iteration_3","SCOPE_DATA_COLLECTION",1000,14,910.0,970.0,2,6115,4223,1300,6128,4278,1385,6062,4182,1263,49,39,36,0.008018327605956471,0.00923951670220327,0.02771362586605081,0.32028992116122795,0.6866254562957825,1.1064109102870596,0.6405798423224559,0.6866254562957825,0.7376072735247065,0.2744968657208842,0.40889526542324245,0.39429928741092635,100.0,100.0,4935,3333,3370,43,2,79,0.008713272543059777,6.000600060006001E-4,0.02344213649851632,0.5,0.8,0.5,0.8,50.0,60.0,85.0,0.8500000000000001,0.7000000000000001,0.30000000000000004,0.30000000000000004,20.0,20.0,25.0,1357,1339,18,1357,0.013264554163596167,1.1095616843106022,1.5,0.7397077895404015,551,0.41150112023898433,1.0,1
"iteration_3","SCOPE_DATA_COLLECTION",1000,15,970.0,1030.0,0,6160,4262,1357,6115,4223,1300,6152,4250,1340,9,17,18,0.0014608018178867068,0.00398406374501992,0.013254786450662739,0.31840110156375845,0.6431634468916811,1.106192382259993,0.6368022031275169,0.6431634468916811,0.7374615881733287,0.29275032509752924,0.38329411764705884,0.4097014925373134,97.5,100.0,4923,5809,1047,40,4,0,0.008125126955108674,6.885866758478223E-4,0.0,0.8500000000000001,0.7000000000000001,0.30000000000000004,0.30000000000000004,20.0,20.0,25.0,0.75,0.4,0.9,0.7000000000000001,55.0,25.0,60.0,6115,6103,12,6115,0.0019623875715453804,0.30113119418388407,0.5,0.6022623883677681,1551,0.25413730951990826,1.0,1
"iteration_3","SCOPE_DATA_COLLECTION",1000,15,970.0,1030.0,1,6160,4262,1357,6115,4223,1300,6152,4250,1340,9,17,18,0.0014608018178867068,0.00398406374501992,0.013254786450662739,0.31840110156375845,0.6431634468916811,1.106192382259993,0.6368022031275169,0.6431634468916811,0.7374615881733287,0.29275032509752924,0.38329411764705884,0.4097014925373134,97.5,100.0,4923,5809,1047,40,4,0,0.008125126955108674,6.885866758478223E-4,0.0,0.8500000000000001,0.7000000000000001,0.30000000000000004,0.30000000000000004,20.0,20.0,25.0,0.75,0.4,0.9,0.7000000000000001,55.0,25.0,60.0,4210,4184,26,4210,0.006175771971496437,0.6862746227821607,1.0,0.6862746227821607,1685,0.4027246653919694,1.0,1
"iteration_3","SCOPE_DATA_COLLECTION",1000,15,970.0,1030.0,2,6160,4262,1357,6115,4223,1300,6152,4250,1340,9,17,18,0.0014608018178867068,0.00398406374501992,0.013254786450662739,0.31840110156375845,0.6431634468916811,1.106192382259993,0.6368022031275169,0.6431634468916811,0.7374615881733287,0.29275032509752924,0.38329411764705884,0.4097014925373134,97.5,100.0,4923,5809,1047,40,4,0,0.008125126955108674,6.885866758478223E-4,0.0,0.8500000000000001,0.7000000000000001,0.30000000000000004,0.30000000000000004,20.0,20.0,25.0,0.75,0.4,0.9,0.7000000000000001,55.0,25.0,60.0,1369,1358,11,1369,0.008035062089116142,1.1208865645411485,1.5,0.747257709694099,556,0.40942562592047127,1.0,1
"iteration_3","SCOPE_DATA_COLLECTION",1000,16,1030.0,1090.0,0,6115,4210,1369,6160,4262,1357,6115,4177,1354,12,26,11,0.001958544148849355,0.006186057577920533,0.00805860805860806,0.3013710248676405,0.6835182020718276,1.1202855303857207,0.602742049735281,0.6835182020718276,0.7468570202571471,0.2552739165985282,0.40100550634426624,0.4091580502215657,100.0,100.0,4896,5145,1653,46,3,0,0.009395424836601307,5.830903790087463E-4,0.0,0.75,0.4,0.9,0.7000000000000001,55.0,25.0,60.0,0.75,0.4,0.9,0.8,55.0,35.0,70.0,6165,6154,11,6165,0.0017842660178426601,0.30657913674816595,0.5,0.6131582734963319,1630,0.2648683782905427,1.0,1
"iteration_3","SCOPE_DATA_COLLECTION",1000,16,1030.0,1090.0,1,6115,4210,1369,6160,4262,1357,6115,4177,1354,12,26,11,0.001958544148849355,0.006186057577920533,0.00805860805860806,0.3013710248676405,0.6835182020718276,1.1202855303857207,0.602742049735281,0.6835182020718276,0.7468570202571471,0.2552739165985282,0.40100550634426624,0.4091580502215657,100.0,100.0,4896,5145,1653,46,3,0,0.009395424836601307,5.830903790087463E-4,0.0,0.75,0.4,0.9,0.7000000000000001,55.0,25.0,60.0,0.75,0.4,0.9,0.8,55.0,35.0,70.0,4162,4144,18,4162,0.004324843825084094,0.6733236055093217,1.0,0.6733236055093217,1645,0.3969594594594595,1.0,1
"iteration_3","SCOPE_DATA_COLLECTION",1000,16,1030.0,1090.0,2,6115,4210,1369,6160,4262,1357,6115,4177,1354,12,26,11,0.001958544148849355,0.006186057577920533,0.00805860805860806,0.3013710248676405,0.6835182020718276,1.1202855303857207,0.602742049735281,0.6835182020718276,0.7468570202571471,0.2552739165985282,0.40100550634426624,0.4091580502215657,100.0,100.0,4896,5145,1653,46,3,0,0.009395424836601307,5.830903790087463E-4,0.0,0.75,0.4,0.9,0.7000000000000001,55.0,25.0,60.0,0.75,0.4,0.9,0.8,55.0,35.0,70.0,1380,1355,25,1380,0.018115942028985508,1.123565073171229,1.5,0.7490433821141527,554,0.4088560885608856,1.0,1
"iteration_3","SCOPE_DATA_COLLECTION",1000,17,1090.0,1150.0,0,6165,4162,1380,6115,4210,1369,6133,4145,1361,11,18,25,0.0017903645833333333,0.004323804948354552,0.018037518037518036,0.3055286073406309,0.6748073262773602,1.1322719384266144,0.6110572146812618,0.6748073262773602,0.7548479589510763,0.2638186857981412,0.39782870928829916,0.4129316678912564,100.0,100.0,4962,5061,1684,51,3,0,0.010278113663845224,5.927682276229994E-4,0.0,0.75,0.4,0.9,0.8,55.0,35.0,70.0,0.8500000000000001,0.4,0.9,0.8,45.0,45.0,60.0,6088,6075,13,6088,0.0021353482260183967,0.3161364912178145,0.5,0.632272982435629,1712,0.2818106995884774,1.0,1
"iteration_3","SCOPE_DATA_COLLECTION",1000,17,1090.0,1150.0,1,6165,4162,1380,6115,4210,1369,6133,4145,1361,11,18,25,0.0017903645833333333,0.004323804948354552,0.018037518037518036,0.3055286073406309,0.6748073262773602,1.1322719384266144,0.6110572146812618,0.6748073262773602,0.7548479589510763,0.2638186857981412,0.39782870928829916,0.4129316678912564,100.0,100.0,4962,5061,1684,51,3,0,0.010278113663845224,5.927682276229994E-4,0.0,0.75,0.4,0.9,0.8,55.0,35.0,70.0,0.8500000000000001,0.4,0.9,0.8,45.0,45.0,60.0,4205,4178,27,4205,0.0064209274673008325,0.6786949798113574,1.0,0.6786949798113574,1658,0.3968405935854476,1.0,1
"iteration_3","SCOPE_DATA_COLLECTION",1000,17,1090.0,1150.0,2,6165,4162,1380,6115,4210,1369,6133,4145,1361,11,18,25,0.0017903645833333333,0.004323804948354552,0.018037518037518036,0.3055286073406309,0.6748073262773602,1.1322719384266144,0.6110572146812618,0.6748073262773602,0.7548479589510763,0.2638186857981412,0.39782870928829916,0.4129316678912564,100.0,100.0,4962,5061,1684,51,3,0,0.010278113663845224,5.927682276229994E-4,0.0,0.75,0.4,0.9,0.8,55.0,35.0,70.0,0.8500000000000001,0.4,0.9,0.8,45.0,45.0,60.0,1353,1330,23,1353,0.016999260901699925,1.1536480522930006,1.5,0.7690987015286671,558,0.4195488721804511,1.0,1
"iteration_3","SCOPE_DATA_COLLECTION",1000,18,1150.0,1210.0,0,6088,4205,1353,6165,4162,1380,6090,4187,1324,13,27,23,0.002130099950843847,0.006407214048410062,0.017074981440237565,0.3173996244488263,0.6788661280647851,1.146767480141041,0.6347992488976526,0.6788661280647851,0.7645116534273607,0.28357963875205255,0.39646524958203966,0.4169184290030212,97.5,100.0,5012,5633,1001,59,4,0,0.011771747805267359,7.101011894194922E-4,0.0,0.8500000000000001,0.4,0.9,0.8,45.0,45.0,60.0,0.8500000000000001,0.5,0.9,0.8,55.0,55.0,60.0,6125,6117,8,6125,0.0013061224489795918,0.31081308929671625,0.5,0.6216261785934325,1684,0.27529834886382215,1.0,1
"iteration_3","SCOPE_DATA_COLLECTION",1000,18,1150.0,1210.0,1,6088,4205,1353,6165,4162,1380,6090,4187,1324,13,27,23,0.002130099950843847,0.006407214048410062,0.017074981440237565,0.3173996244488263,0.6788661280647851,1.146767480141041,0.6347992488976526,0.6788661280647851,0.7645116534273607,0.28357963875205255,0.39646524958203966,0.4169184290030212,97.5,100.0,5012,5633,1001,59,4,0,0.011771747805267359,7.101011894194922E-4,0.0,0.8500000000000001,0.4,0.9,0.8,45.0,45.0,60.0,0.8500000000000001,0.5,0.9,0.8,55.0,55.0,60.0,4168,4138,30,4168,0.007197696737044146,0.6682914505478998,1.0,0.6682914505478998,1627,0.3931851135814403,1.0,1
"iteration_3","SCOPE_DATA_COLLECTION",1000,18,1150.0,1210.0,2,6088,4205,1353,6165,4162,1380,6090,4187,1324,13,27,23,0.002130099950843847,0.006407214048410062,0.017074981440237565,0.3173996244488263,0.6788661280647851,1.146767480141041,0.6347992488976526,0.6788661280647851,0.7645116534273607,0.28357963875205255,0.39646524958203966,0.4169184290030212,97.5,100.0,5012,5633,1001,59,4,0,0.011771747805267359,7.101011894194922E-4,0.0,0.8500000000000001,0.4,0.9,0.8,45.0,45.0,60.0,0.8500000000000001,0.5,0.9,0.8,55.0,55.0,60.0,1360,1334,26,1360,0.01911764705882353,1.1650625440728262,1.5,0.7767083627152175,572,0.4287856071964018,1.0,1
"iteration_3","SCOPE_DATA_COLLECTION",1000,19,1210.0,1270.0,0,6125,4168,1360,6088,4205,1353,6115,4137,1325,8,30,26,0.0013065490772497142,0.007199424046076314,0.01924500370096225,0.31060184756034326,0.6685187892858889,1.1645037651551335,0.6212036951206865,0.6685187892858889,0.7763358434367557,0.2747342600163532,0.3937635968092821,0.4286792452830189,97.5,100.0,4895,5763,995,61,3,0,0.012461695607763024,5.205622071837585E-4,0.0,0.8500000000000001,0.5,0.9,0.8,55.0,55.0,60.0,0.8500000000000001,0.4,0.9,0.8,55.0,65.0,50.0,6136,6127,9,6136,0.0014667535853976532,0.31161783378848906,0.5,0.6232356675769781,1659,0.2707687285784234,1.0,1
"iteration_3","SCOPE_DATA_COLLECTION",1000,19,1210.0,1270.0,1,6125,4168,1360,6088,4205,1353,6115,4137,1325,8,30,26,0.0013065490772497142,0.007199424046076314,0.01924500370096225,0.31060184756034326,0.6685187892858889,1.1645037651551335,0.6212036951206865,0.6685187892858889,0.7763358434367557,0.2747342600163532,0.3937635968092821,0.4286792452830189,97.5,100.0,4895,5763,995,61,3,0,0.012461695607763024,5.205622071837585E-4,0.0,0.8500000000000001,0.5,0.9,0.8,55.0,55.0,60.0,0.8500000000000001,0.4,0.9,0.8,55.0,65.0,50.0,4364,4345,19,4364,0.004353803849679193,0.6865887018783116,1.0,0.6865887018783116,1727,0.39746835443037976,1.0,1
"iteration_3","SCOPE_DATA_COLLECTION",1000,19,1210.0,1270.0,2,6125,4168,1360,6088,4205,1353,6115,4137,1325,8,30,26,0.0013065490772497142,0.007199424046076314,0.01924500370096225,0.31060184756034326,0.6685187892858889,1.1645037651551335,0.6212036951206865,0.6685187892858889,0.7763358434367557,0.2747342600163532,0.3937635968092821,0.4286792452830189,97.5,100.0,4895,5763,995,61,3,0,0.012461695607763024,5.205622071837585E-4,0.0,0.8500000000000001,0.5,0.9,0.8,55.0,55.0,60.0,0.8500000000000001,0.4,0.9,0.8,55.0,65.0,50.0,1277,1258,19,1277,0.014878621769772905,1.1457781849472466,1.5,0.7638521232981644,529,0.4205087440381558,1.0,1
"iteration_3","SCOPE_DATA_COLLECTION",1000,20,1270.0,1330.0,0,6136,4364,1277,6125,4168,1360,6134,4345,1271,9,19,19,0.001465082207390526,0.004353803849679193,0.014728682170542635,0.31235872940410764,0.6856052081892906,1.1486563690210818,0.6247174588082153,0.6856052081892906,0.7657709126807212,0.27208999021845454,0.3967779056386651,0.4209284028324154,92.5,100.0,5034,5725,1018,41,6,0,0.00814461660707191,0.0010480349344978166,0.0,0.8500000000000001,0.4,0.9,0.8,55.0,65.0,50.0,0.9500000000000001,0.4,0.8,0.7000000000000001,65.0,75.0,40.0,6354,6346,8,6354,0.0012590494176896443,0.29639928518306036,0.5,0.5927985703661207,1547,0.2437756066813741,1.0,1
"iteration_3","SCOPE_DATA_COLLECTION",1000,20,1270.0,1330.0,1,6136,4364,1277,6125,4168,1360,6134,4345,1271,9,19,19,0.001465082207390526,0.004353803849679193,0.014728682170542635,0.31235872940410764,0.6856052081892906,1.1486563690210818,0.6247174588082153,0.6856052081892906,0.7657709126807212,0.27208999021845454,0.3967779056386651,0.4209284028324154,92.5,100.0,5034,5725,1018,41,6,0,0.00814461660707191,0.0010480349344978166,0.0,0.8500000000000001,0.4,0.9,0.8,55.0,65.0,50.0,0.9500000000000001,0.4,0.8,0.7000000000000001,65.0,75.0,40.0,4320,4303,17,4320,0.003935185185185185,0.6673338533391882,1.0,0.6673338533391882,1673,0.38879851266558213,1.0,1
"iteration_3","SCOPE_DATA_COLLECTION",1000,20,1270.0,1330.0,2,6136,4364,1277,6125,4168,1360,6134,4345,1271,9,19,19,0.001465082207390526,0.004353803849679193,0.014728682170542635,0.31235872940410764,0.6856052081892906,1.1486563690210818,0.6247174588082153,0.6856052081892906,0.7657709126807212,0.27208999021845454,0.3967779056386651,0.4209284028324154,92.5,100.0,5034,5725,1018,41,6,0,0.00814461660707191,0.0010480349344978166,0.0,0.8500000000000001,0.4,0.9,0.8,55.0,65.0,50.0,0.9500000000000001,0.4,0.8,0.7000000000000001,65.0,75.0,40.0,1389,1377,12,1389,0.008639308855291577,1.1188547224109286,1.5,0.7459031482739524,559,0.4059549745824256,1.0,1
"iteration_3","SCOPE_DATA_COLLECTION",1000,21,1330.0,1390.0,0,6354,4320,1389,6136,4364,1277,6336,4292,1380,8,17,12,0.0012610340479192938,0.003945230912044558,0.008620689655172414,0.29544452774686436,0.666988995726895,1.118018675629062,0.5908890554937287,0.666988995726895,0.745345783752708,0.24226641414141414,0.3895619757688723,0.4057971014492754,100.0,100.0,4917,6792,354,33,4,0,0.006711409395973154,5.889281507656066E-4,0.0,0.9500000000000001,0.4,0.8,0.7000000000000001,65.0,75.0,40.0,0.9500000000000001,0.30000000000000004,0.8,0.6000000000000001,65.0,85.0,40.0,6142,6131,11,6142,0.0017909475740801042,0.2954097477373188,0.5,0.5908194954746376,1467,0.23927581145000815,1.0,1
"iteration_3","SCOPE_DATA_COLLECTION",1000,21,1330.0,1390.0,1,6354,4320,1389,6136,4364,1277,6336,4292,1380,8,17,12,0.0012610340479192938,0.003945230912044558,0.008620689655172414,0.29544452774686436,0.666988995726895,1.118018675629062,0.5908890554937287,0.666988995726895,0.745345783752708,0.24226641414141414,0.3895619757688723,0.4057971014492754,100.0,100.0,4917,6792,354,33,4,0,0.006711409395973154,5.889281507656066E-4,0.0,0.9500000000000001,0.4,0.8,0.7000000000000001,65.0,75.0,40.0,0.9500000000000001,0.30000000000000004,0.8,0.6000000000000001,65.0,85.0,40.0,4241,4214,27,4241,0.006366423013440227,0.6798060068346289,1.0,0.6798060068346289,1673,0.39700996677740863,1.0,1
"iteration_3","SCOPE_DATA_COLLECTION",1000,21,1330.0,1390.0,2,6354,4320,1389,6136,4364,1277,6336,4292,1380,8,17,12,0.0012610340479192938,0.003945230912044558,0.008620689655172414,0.29544452774686436,0.666988995726895,1.118018675629062,0.5908890554937287,0.666988995726895,0.745345783752708,0.24226641414141414,0.3895619757688723,0.4057971014492754,100.0,100.0,4917,6792,354,33,4,0,0.006711409395973154,5.889281507656066E-4,0.0,0.9500000000000001,0.4,0.8,0.7000000000000001,65.0,75.0,40.0,0.9500000000000001,0.30000000000000004,0.8,0.6000000000000001,65.0,85.0,40.0,1353,1333,20,1353,0.014781966001478197,1.1404777578600351,1.5,0.7603185052400234,557,0.41785446361590395,1.0,1
"iteration_3","SCOPE_DATA_COLLECTION",1000,22,1390.0,1450.0,0,6142,4241,1353,6354,4320,1389,6136,4214,1330,11,27,20,0.0017894908085244834,0.006366423013440227,0.014814814814814815,0.2962274698373833,0.6809811720188909,1.1389681888322865,0.5924549396747666,0.6809811720188909,0.759312125888191,0.24022164276401564,0.39653535832937825,0.41654135338345866,100.0,100.0,4954,6429,353,44,14,0,0.008881711748082357,0.0021776326022709598,0.0,0.9500000000000001,0.30000000000000004,0.8,0.6000000000000001,65.0,85.0,40.0,0.8500000000000001,0.4,0.9,0.5,75.0,75.0,50.0,6084,6074,10,6084,0.001643655489809336,0.303548696218556,0.5,0.607097392437112,1553,0.2556799473164307,1.0,1
"iteration_3","SCOPE_DATA_COLLECTION",1000,22,1390.0,1450.0,1,6142,4241,1353,6354,4320,1389,6136,4214,1330,11,27,20,0.0017894908085244834,0.006366423013440227,0.014814814814814815,0.2962274698373833,0.6809811720188909,1.1389681888322865,0.5924549396747666,0.6809811720188909,0.759312125888191,0.24022164276401564,0.39653535832937825,0.41654135338345866,100.0,100.0,4954,6429,353,44,14,0,0.008881711748082357,0.0021776326022709598,0.0,0.9500000000000001,0.30000000000000004,0.8,0.6000000000000001,65.0,85.0,40.0,0.8500000000000001,0.4,0.9,0.5,75.0,75.0,50.0,4206,4191,15,4206,0.003566333808844508,0.6724585373322927,1.0,0.6724585373322927,1665,0.39727988546886184,1.0,1
"iteration_3","SCOPE_DATA_COLLECTION",1000,22,1390.0,1450.0,2,6142,4241,1353,6354,4320,1389,6136,4214,1330,11,27,20,0.0017894908085244834,0.006366423013440227,0.014814814814814815,0.2962274698373833,0.6809811720188909,1.1389681888322865,0.5924549396747666,0.6809811720188909,0.759312125888191,0.24022164276401564,0.39653535832937825,0.41654135338345866,100.0,100.0,4954,6429,353,44,14,0,0.008881711748082357,0.0021776326022709598,0.0,0.9500000000000001,0.30000000000000004,0.8,0.6000000000000001,65.0,85.0,40.0,0.8500000000000001,0.4,0.9,0.5,75.0,75.0,50.0,1372,1360,12,1372,0.008746355685131196,1.0904166710484613,1.5,0.7269444473656409,537,0.3948529411764706,1.0,1
"iteration_3","SCOPE_DATA_COLLECTION",1000,23,1450.0,1510.0,0,6084,4206,1372,6142,4241,1353,6066,4187,1366,10,14,12,0.0016458196181698486,0.0033325398714591763,0.008708272859216255,0.30281042305156897,0.6725030032914885,1.0934346970471704,0.6056208461031379,0.6725030032914885,0.7289564646981136,0.2545334652159578,0.3971817530451397,0.39751098096632503,100.0,100.0,4898,5706,1058,28,8,0,0.0057166190281747655,0.0014020329477742728,0.0,0.8500000000000001,0.4,0.9,0.5,75.0,75.0,50.0,0.9500000000000001,0.4,0.9,0.4,85.0,85.0,60.0,5964,5957,7,5964,0.0011737089201877935,0.311970256575015,0.5,0.62394051315003,1611,0.2704381400033574,1.0,1
"iteration_3","SCOPE_DATA_COLLECTION",1000,23,1450.0,1510.0,1,6084,4206,1372,6142,4241,1353,6066,4187,1366,10,14,12,0.0016458196181698486,0.0033325398714591763,0.008708272859216255,0.30281042305156897,0.6725030032914885,1.0934346970471704,0.6056208461031379,0.6725030032914885,0.7289564646981136,0.2545334652159578,0.3971817530451397,0.39751098096632503,100.0,100.0,4898,5706,1058,28,8,0,0.0057166190281747655,0.0014020329477742728,0.0,0.8500000000000001,0.4,0.9,0.5,75.0,75.0,50.0,0.9500000000000001,0.4,0.9,0.4,85.0,85.0,60.0,4221,4201,20,4221,0.004738213693437574,0.6764802814157652,1.0,0.6764802814157652,1657,0.39442989764341824,1.0,1
"iteration_3","SCOPE_DATA_COLLECTION",1000,23,1450.0,1510.0,2,6084,4206,1372,6142,4241,1353,6066,4187,1366,10,14,12,0.0016458196181698486,0.0033325398714591763,0.008708272859216255,0.30281042305156897,0.6725030032914885,1.0934346970471704,0.6056208461031379,0.6725030032914885,0.7289564646981136,0.2545334652159578,0.3971817530451397,0.39751098096632503,100.0,100.0,4898,5706,1058,28,8,0,0.0057166190281747655,0.0014020329477742728,0.0,0.8500000000000001,0.4,0.9,0.5,75.0,75.0,50.0,0.9500000000000001,0.4,0.9,0.4,85.0,85.0,60.0,1319,1305,14,1319,0.01061410159211524,1.1639250350994619,1.5,0.7759500233996413,568,0.43524904214559385,1.0,1
"iteration_3","SCOPE_DATA_COLLECTION",1000,24,1510.0,1570.0,0,5964,4221,1319,6084,4206,1372,5964,4212,1304,7,20,14,0.0011723329425556857,0.004725897920604915,0.010622154779969651,0.3126147563980933,0.676370798760898,1.1652961111987863,0.6252295127961865,0.676370798760898,0.7768640741325242,0.27095908786049633,0.39434947768281103,0.43558282208588955,100.0,100.0,4850,6306,348,38,3,0,0.007835051546391752,4.757373929590866E-4,0.0,0.9500000000000001,0.4,0.9,0.4,85.0,85.0,60.0,0.9500000000000001,0.4,0.9,0.30000000000000004,75.0,95.0,50.0,6083,6077,6,6083,9.863554167351635E-4,0.31000017425229853,0.5,0.6200003485045971,1601,0.2634523613625144,1.0,1
"iteration_3","SCOPE_DATA_COLLECTION",1000,24,1510.0,1570.0,1,5964,4221,1319,6084,4206,1372,5964,4212,1304,7,20,14,0.0011723329425556857,0.004725897920604915,0.010622154779969651,0.3126147563980933,0.676370798760898,1.1652961111987863,0.6252295127961865,0.676370798760898,0.7768640741325242,0.27095908786049633,0.39434947768281103,0.43558282208588955,100.0,100.0,4850,6306,348,38,3,0,0.007835051546391752,4.757373929590866E-4,0.0,0.9500000000000001,0.4,0.9,0.4,85.0,85.0,60.0,0.9500000000000001,0.4,0.9,0.30000000000000004,75.0,95.0,50.0,4212,4194,18,4212,0.004273504273504274,0.6937408002702206,1.0,0.6937408002702206,1714,0.40867906533142584,1.0,1
"iteration_3","SCOPE_DATA_COLLECTION",1000,24,1510.0,1570.0,2,5964,4221,1319,6084,4206,1372,5964,4212,1304,7,20,14,0.0011723329425556857,0.004725897920604915,0.010622154779969651,0.3126147563980933,0.676370798760898,1.1652961111987863,0.6252295127961865,0.676370798760898,0.7768640741325242,0.27095908786049633,0.39434947768281103,0.43558282208588955,100.0,100.0,4850,6306,348,38,3,0,0.007835051546391752,4.757373929590866E-4,0.0,0.9500000000000001,0.4,0.9,0.4,85.0,85.0,60.0,0.9500000000000001,0.4,0.9,0.30000000000000004,75.0,95.0,50.0,1326,1316,10,1326,0.007541478129713424,1.1077644856002284,1.5,0.7385096570668189,532,0.40425531914893614,1.0,1
"iteration_3","SCOPE_DATA_COLLECTION",1000,25,1570.0,1630.0,0,6083,4212,1326,5964,4221,1319,6064,4189,1312,6,19,10,9.884678747940692E-4,0.004515209125475285,0.007564296520423601,0.3087856433083299,0.6919594845027481,1.1076540491577096,0.6175712866166598,0.6919594845027481,0.7384360327718064,0.262368073878628,0.4084507042253521,0.4032012195121951,97.5,100.0,4928,6358,335,30,5,0,0.006087662337662338,7.864108210128972E-4,0.0,0.9500000000000001,0.4,0.9,0.30000000000000004,75.0,95.0,50.0,0.8500000000000001,0.30000000000000004,0.9,0.30000000000000004,65.0,85.0,40.0,6103,6095,8,6103,0.001310830738980829,0.2951113436068581,0.5,0.5902226872137162,1489,0.244298605414274,1.0,1
"iteration_3","SCOPE_DATA_COLLECTION",1000,25,1570.0,1630.0,1,6083,4212,1326,5964,4221,1319,6064,4189,1312,6,19,10,9.884678747940692E-4,0.004515209125475285,0.007564296520423601,0.3087856433083299,0.6919594845027481,1.1076540491577096,0.6175712866166598,0.6919594845027481,0.7384360327718064,0.262368073878628,0.4084507042253521,0.4032012195121951,97.5,100.0,4928,6358,335,30,5,0,0.006087662337662338,7.864108210128972E-4,0.0,0.9500000000000001,0.4,0.9,0.30000000000000004,75.0,95.0,50.0,0.8500000000000001,0.30000000000000004,0.9,0.30000000000000004,65.0,85.0,40.0,4267,4250,17,4267,0.00398406374501992,0.672077699456843,1.0,0.672077699456843,1695,0.3988235294117647,1.0,1
"iteration_3","SCOPE_DATA_COLLECTION",1000,25,1570.0,1630.0,2,6083,4212,1326,5964,4221,1319,6064,4189,1312,6,19,10,9.884678747940692E-4,0.004515209125475285,0.007564296520423601,0.3087856433083299,0.6919594845027481,1.1076540491577096,0.6175712866166598,0.6919594845027481,0.7384360327718064,0.262368073878628,0.4084507042253521,0.4032012195121951,97.5,100.0,4928,6358,335,30,5,0,0.006087662337662338,7.864108210128972E-4,0.0,0.9500000000000001,0.4,0.9,0.30000000000000004,75.0,95.0,50.0,0.8500000000000001,0.30000000000000004,0.9,0.30000000000000004,65.0,85.0,40.0,1377,1362,15,1377,0.010893246187363835,1.116067520841735,1.5,0.74404501389449,561,0.4118942731277533,1.0,1
"iteration_3","SCOPE_DATA_COLLECTION",1000,26,1630.0,1690.0,0,6103,4267,1377,6083,4212,1326,6105,4254,1361,8,17,15,0.0013086864060199575,0.00398033247483025,0.010901162790697675,0.29580110070932036,0.674701922262845,1.1165263976452955,0.5916022014186407,0.674701922262845,0.7443509317635303,0.24537264537264536,0.3998589562764457,0.41219691403379866,97.5,100.0,4903,5765,1079,36,4,0,0.007342443401998776,6.938421509106678E-4,0.0,0.8500000000000001,0.30000000000000004,0.9,0.30000000000000004,65.0,85.0,40.0,0.8500000000000001,0.30000000000000004,0.9,0.30000000000000004,65.0,85.0,40.0,6248,6236,12,6248,0.0019206145966709346,0.3056753787581891,0.5,0.6113507575163782,1650,0.2645926876202694,1.0,1
"iteration_3","SCOPE_DATA_COLLECTION",1000,26,1630.0,1690.0,1,6103,4267,1377,6083,4212,1326,6105,4254,1361,8,17,15,0.0013086864060199575,0.00398033247483025,0.010901162790697675,0.29580110070932036,0.674701922262845,1.1165263976452955,0.5916022014186407,0.674701922262845,0.7443509317635303,0.24537264537264536,0.3998589562764457,0.41219691403379866,97.5,100.0,4903,5765,1079,36,4,0,0.007342443401998776,6.938421509106678E-4,0.0,0.8500000000000001,0.30000000000000004,0.9,0.30000000000000004,65.0,85.0,40.0,0.8500000000000001,0.30000000000000004,0.9,0.30000000000000004,65.0,85.0,40.0,4165,4148,17,4165,0.004081632653061225,0.6702243397487542,1.0,0.6702243397487542,1628,0.39247830279652846,1.0,1
"iteration_3","SCOPE_DATA_COLLECTION",1000,26,1630.0,1690.0,2,6103,4267,1377,6083,4212,1326,6105,4254,1361,8,17,15,0.0013086864060199575,0.00398033247483025,0.010901162790697675,0.29580110070932036,0.674701922262845,1.1165263976452955,0.5916022014186407,0.674701922262845,0.7443509317635303,0.24537264537264536,0.3998589562764457,0.41219691403379866,97.5,100.0,4903,5765,1079,36,4,0,0.007342443401998776,6.938421509106678E-4,0.0,0.8500000000000001,0.30000000000000004,0.9,0.30000000000000004,65.0,85.0,40.0,0.8500000000000001,0.30000000000000004,0.9,0.30000000000000004,65.0,85.0,40.0,1321,1311,10,1321,0.00757002271006813,1.1562327392065777,1.5,0.7708218261377184,570,0.43478260869565216,1.0,1
"iteration_3","SCOPE_DATA_COLLECTION",1000,27,1690.0,1750.0,0,6248,4165,1321,6103,4267,1377,6232,4162,1318,12,17,10,0.0019218449711723255,0.004067958841828189,0.007530120481927711,0.30587684155297784,0.6722911162074509,1.1543002021488955,0.6117536831059557,0.6722911162074509,0.7695334680992637,0.2649229781771502,0.39356078808265255,0.4339908952959029,95.0,100.0,4957,5733,1044,31,8,0,0.006253782529755901,0.0013954299668585382,0.0,0.8500000000000001,0.30000000000000004,0.9,0.30000000000000004,65.0,85.0,40.0,0.8500000000000001,0.4,0.9,0.2,65.0,75.0,40.0,6160,6156,4,6160,6.493506493506494E-4,0.30991781748674807,0.5,0.6198356349734961,1681,0.27306692657569853,1.0,1
"iteration_3","SCOPE_DATA_COLLECTION",1000,27,1690.0,1750.0,1,6248,4165,1321,6103,4267,1377,6232,4162,1318,12,17,10,0.0019218449711723255,0.004067958841828189,0.007530120481927711,0.30587684155297784,0.6722911162074509,1.1543002021488955,0.6117536831059557,0.6722911162074509,0.7695334680992637,0.2649229781771502,0.39356078808265255,0.4339908952959029,95.0,100.0,4957,5733,1044,31,8,0,0.006253782529755901,0.0013954299668585382,0.0,0.8500000000000001,0.30000000000000004,0.9,0.30000000000000004,65.0,85.0,40.0,0.8500000000000001,0.4,0.9,0.2,65.0,75.0,40.0,4220,4206,14,4220,0.0033175355450236967,0.6709470690680759,1.0,0.6709470690680759,1646,0.39134569662387064,1.0,1
"iteration_3","SCOPE_DATA_COLLECTION",1000,27,1690.0,1750.0,2,6248,4165,1321,6103,4267,1377,6232,4162,1318,12,17,10,0.0019218449711723255,0.004067958841828189,0.007530120481927711,0.30587684155297784,0.6722911162074509,1.1543002021488955,0.6117536831059557,0.6722911162074509,0.7695334680992637,0.2649229781771502,0.39356078808265255,0.4339908952959029,95.0,100.0,4957,5733,1044,31,8,0,0.006253782529755901,0.0013954299668585382,0.0,0.8500000000000001,0.30000000000000004,0.9,0.30000000000000004,65.0,85.0,40.0,0.8500000000000001,0.4,0.9,0.2,65.0,75.0,40.0,1364,1358,6,1364,0.004398826979472141,1.0950413121631435,1.5,0.7300275414420957,550,0.4050073637702504,1.0,1
"iteration_3","SCOPE_DATA_COLLECTION",1000,28,1750.0,1810.0,0,6160,4220,1364,6248,4165,1321,6169,4198,1357,4,14,6,6.479831524380366E-4,0.0033238366571699905,0.004402054292002935,0.31021391574994295,0.6692086275760404,1.0975445402569792,0.6204278314998859,0.6692086275760404,0.7316963601713194,0.27313989301345437,0.39042401143401617,0.40604274134119384,97.5,100.0,4876,5788,1080,19,5,0,0.003896636587366694,8.638562543192813E-4,0.0,0.8500000000000001,0.4,0.9,0.2,65.0,75.0,40.0,0.8500000000000001,0.4,0.9,0.2,65.0,75.0,40.0,6230,6223,7,6230,0.0011235955056179776,0.31407873962392374,0.5,0.6281574792478475,1764,0.28346456692913385,1.0,1
"iteration_3","SCOPE_DATA_COLLECTION",1000,28,1750.0,1810.0,1,6160,4220,1364,6248,4165,1321,6169,4198,1357,4,14,6,6.479831524380366E-4,0.0033238366571699905,0.004402054292002935,0.31021391574994295,0.6692086275760404,1.0975445402569792,0.6204278314998859,0.6692086275760404,0.7316963601713194,0.27313989301345437,0.39042401143401617,0.40604274134119384,97.5,100.0,4876,5788,1080,19,5,0,0.003896636587366694,8.638562543192813E-4,0.0,0.8500000000000001,0.4,0.9,0.2,65.0,75.0,40.0,0.8500000000000001,0.4,0.9,0.2,65.0,75.0,40.0,4205,4191,14,4205,0.0033293697978596906,0.6780851383835913,1.0,0.6780851383835913,1659,0.39584824624194703,1.0,1
"iteration_3","SCOPE_DATA_COLLECTION",1000,28,1750.0,1810.0,2,6160,4220,1364,6248,4165,1321,6169,4198,1357,4,14,6,6.479831524380366E-4,0.0033238366571699905,0.004402054292002935,0.31021391574994295,0.6692086275760404,1.0975445402569792,0.6204278314998859,0.6692086275760404,0.7316963601713194,0.27313989301345437,0.39042401143401617,0.40604274134119384,97.5,100.0,4876,5788,1080,19,5,0,0.003896636587366694,8.638562543192813E-4,0.0,0.8500000000000001,0.4,0.9,0.2,65.0,75.0,40.0,0.8500000000000001,0.4,0.9,0.2,65.0,75.0,40.0,1305,1296,9,1305,0.006896551724137931,1.1428769053127854,1.5,0.7619179368751903,559,0.43132716049382713,1.0,1
"iteration_3","SCOPE_DATA_COLLECTION",1000,29,1810.0,1870.0,0,6230,4205,1305,6160,4220,1364,6204,4191,1293,7,14,9,0.0011270326839478344,0.0033293697978596906,0.0069124423963133645,0.31357972558023145,0.6792433284774767,1.140593739313898,0.6271594511604629,0.6792433284774767,0.7603958262092654,0.2822372662798195,0.3968026723932236,0.4300077339520495,95.0,100.0,4955,5751,1034,23,7,0,0.004641775983854692,0.0012171796209354895,0.0,0.8500000000000001,0.4,0.9,0.2,65.0,75.0,40.0,0.8500000000000001,0.4,0.8,0.2,55.0,65.0,50.0,6120,6114,6,6120,9.80392156862745E-4,0.3106587690470213,0.5,0.6213175380940426,1713,0.2801766437684004,1.0,1
"iteration_3","SCOPE_DATA_COLLECTION",1000,29,1810.0,1870.0,1,6230,4205,1305,6160,4220,1364,6204,4191,1293,7,14,9,0.0011270326839478344,0.0033293697978596906,0.0069124423963133645,0.31357972558023145,0.6792433284774767,1.140593739313898,0.6271594511604629,0.6792433284774767,0.7603958262092654,0.2822372662798195,0.3968026723932236,0.4300077339520495,95.0,100.0,4955,5751,1034,23,7,0,0.004641775983854692,0.0012171796209354895,0.0,0.8500000000000001,0.4,0.9,0.2,65.0,75.0,40.0,0.8500000000000001,0.4,0.8,0.2,55.0,65.0,50.0,4117,4099,18,4117,0.0043721156181685695,0.6843929138524945,1.0,0.6843929138524945,1629,0.3974140034154672,1.0,1
"iteration_3","SCOPE_DATA_COLLECTION",1000,29,1810.0,1870.0,2,6230,4205,1305,6160,4220,1364,6204,4191,1293,7,14,9,0.0011270326839478344,0.0033293697978596906,0.0069124423963133645,0.31357972558023145,0.6792433284774767,1.140593739313898,0.6271594511604629,0.6792433284774767,0.7603958262092654,0.2822372662798195,0.3968026723932236,0.4300077339520495,95.0,100.0,4955,5751,1034,23,7,0,0.004641775983854692,0.0012171796209354895,0.0,0.8500000000000001,0.4,0.9,0.2,65.0,75.0,40.0,0.8500000000000001,0.4,0.8,0.2,55.0,65.0,50.0,1318,1309,9,1318,0.006828528072837633,1.1347225269715562,1.5,0.7564816846477042,564,0.43086325439266615,1.0,1
"iteration_3","SCOPE_DATA_COLLECTION",1000,30,1870.0,1930.0,0,6120,4117,1318,6230,4205,1305,6132,4094,1316,6,18,9,9.775171065493646E-4,0.004377431906614786,0.006792452830188679,0.3113020952286448,0.683448162506485,1.1399199230325114,0.6226041904572897,0.683448162506485,0.7599466153550076,0.28228962818003916,0.3961895456765999,0.4338905775075988,100.0,100.0,4901,5615,1039,27,6,0,0.005509079779636809,0.0010685663401602849,0.0,0.8500000000000001,0.4,0.8,0.2,55.0,65.0,50.0,0.9500000000000001,0.30000000000000004,0.8,0.2,55.0,65.0,50.0,6115,6108,7,6115,0.0011447260834014717,0.2999597194286992,0.5,0.5999194388573984,1523,0.24934512115258678,1.0,1
"iteration_3","SCOPE_DATA_COLLECTION",1000,30,1870.0,1930.0,1,6120,4117,1318,6230,4205,1305,6132,4094,1316,6,18,9,9.775171065493646E-4,0.004377431906614786,0.006792452830188679,0.3113020952286448,0.683448162506485,1.1399199230325114,0.6226041904572897,0.683448162506485,0.7599466153550076,0.28228962818003916,0.3961895456765999,0.4338905775075988,100.0,100.0,4901,5615,1039,27,6,0,0.005509079779636809,0.0010685663401602849,0.0,0.8500000000000001,0.4,0.8,0.2,55.0,65.0,50.0,0.9500000000000001,0.30000000000000004,0.8,0.2,55.0,65.0,50.0,4245,4226,19,4245,0.00447585394581861,0.6780151719544679,1.0,0.6780151719544679,1686,0.39895882631329865,1.0,1
"iteration_3","SCOPE_DATA_COLLECTION",1000,30,1870.0,1930.0,2,6120,4117,1318,6230,4205,1305,6132,4094,1316,6,18,9,9.775171065493646E-4,0.004377431906614786,0.006792452830188679,0.3113020952286448,0.683448162506485,1.1399199230325114,0.6226041904572897,0.683448162506485,0.7599466153550076,0.28228962818003916,0.3961895456765999,0.4338905775075988,100.0,100.0,4901,5615,1039,27,6,0,0.005509079779636809,0.0010685663401602849,0.0,0.8500000000000001,0.4,0.8,0.2,55.0,65.0,50.0,0.9500000000000001,0.30000000000000004,0.8,0.2,55.0,65.0,50.0,1305,1295,10,1305,0.007662835249042145,1.131369308090622,1.5,0.754246205393748,550,0.4247104247104247,1.0,1
"iteration_3","SCOPE_DATA_COLLECTION",1000,31,1930.0,1990.0,0,6115,4245,1305,6120,4117,1318,6107,4216,1284,7,19,10,0.001144913313706248,0.00448642266824085,0.0077279752704791345,0.29999441539937943,0.6758603983212184,1.1339597733812536,0.5999888307987589,0.6758603983212184,0.7559731822541691,0.24856721794661862,0.3980075901328273,0.42601246105919005,100.0,100.0,4935,6412,318,29,7,0,0.005876393110435664,0.001091703056768559,0.0,0.9500000000000001,0.30000000000000004,0.8,0.2,55.0,65.0,50.0,0.6000000000000001,0.1,0.7000000000000001,0.6000000000000001,50.0,40.0,95.0,5947,5941,6,5947,0.0010089120564990752,0.2834465665673543,0.5,0.5668931331347086,1246,0.20972900185154014,1.0,1
"iteration_3","SCOPE_DATA_COLLECTION",1000,31,1930.0,1990.0,1,6115,4245,1305,6120,4117,1318,6107,4216,1284,7,19,10,0.001144913313706248,0.00448642266824085,0.0077279752704791345,0.29999441539937943,0.6758603983212184,1.1339597733812536,0.5999888307987589,0.6758603983212184,0.7559731822541691,0.24856721794661862,0.3980075901328273,0.42601246105919005,100.0,100.0,4935,6412,318,29,7,0,0.005876393110435664,0.001091703056768559,0.0,0.9500000000000001,0.30000000000000004,0.8,0.2,55.0,65.0,50.0,0.6000000000000001,0.1,0.7000000000000001,0.6000000000000001,50.0,40.0,95.0,4254,4239,15,4254,0.003526093088857546,0.6708153732300088,1.0,0.6708153732300088,1696,0.40009436187780134,1.0,1
"iteration_3","SCOPE_DATA_COLLECTION",1000,31,1930.0,1990.0,2,6115,4245,1305,6120,4117,1318,6107,4216,1284,7,19,10,0.001144913313706248,0.00448642266824085,0.0077279752704791345,0.29999441539937943,0.6758603983212184,1.1339597733812536,0.5999888307987589,0.6758603983212184,0.7559731822541691,0.24856721794661862,0.3980075901328273,0.42601246105919005,100.0,100.0,4935,6412,318,29,7,0,0.005876393110435664,0.001091703056768559,0.0,0.9500000000000001,0.30000000000000004,0.8,0.2,55.0,65.0,50.0,0.6000000000000001,0.1,0.7000000000000001,0.6000000000000001,50.0,40.0,95.0,1375,1359,16,1375,0.011636363636363636,1.11015386361909,1.5,0.74010257574606,566,0.41648270787343633,1.0,1
"iteration_3","SCOPE_DATA_COLLECTION",1000,32,1990.0,2050.0,0,5947,4254,1375,6115,4245,1305,5935,4247,1362,6,15,16,0.00100993098804915,0.0035194744251525107,0.011611030478955007,0.28328726853465974,0.6720912263474671,1.1066214091491677,0.5665745370693195,0.6720912263474671,0.7377476060994451,0.21027801179443975,0.40051801271485754,0.41409691629955947,95.0,100.0,5069,3973,2534,33,4,0,0.006510159794831328,0.0010067958721369243,0.0,0.6000000000000001,0.1,0.7000000000000001,0.6000000000000001,50.0,40.0,95.0,0.7000000000000001,0.2,0.6000000000000001,0.7000000000000001,60.0,50.0,85.0,6220,6209,11,6220,0.0017684887459807075,0.27909642895496783,0.5,0.5581928579099357,1274,0.20518602029312288,1.0,1
"iteration_3","SCOPE_DATA_COLLECTION",1000,32,1990.0,2050.0,1,5947,4254,1375,6115,4245,1305,5935,4247,1362,6,15,16,0.00100993098804915,0.0035194744251525107,0.011611030478955007,0.28328726853465974,0.6720912263474671,1.1066214091491677,0.5665745370693195,0.6720912263474671,0.7377476060994451,0.21027801179443975,0.40051801271485754,0.41409691629955947,95.0,100.0,5069,3973,2534,33,4,0,0.006510159794831328,0.0010067958721369243,0.0,0.6000000000000001,0.1,0.7000000000000001,0.6000000000000001,50.0,40.0,95.0,0.7000000000000001,0.2,0.6000000000000001,0.7000000000000001,60.0,50.0,85.0,4348,4332,16,4348,0.0036798528058877645,0.6710295287553915,1.0,0.6710295287553915,1729,0.3991228070175439,1.0,1
"iteration_3","SCOPE_DATA_COLLECTION",1000,32,1990.0,2050.0,2,5947,4254,1375,6115,4245,1305,5935,4247,1362,6,15,16,0.00100993098804915,0.0035194744251525107,0.011611030478955007,0.28328726853465974,0.6720912263474671,1.1066214091491677,0.5665745370693195,0.6720912263474671,0.7377476060994451,0.21027801179443975,0.40051801271485754,0.41409691629955947,95.0,100.0,5069,3973,2534,33,4,0,0.006510159794831328,0.0010067958721369243,0.0,0.6000000000000001,0.1,0.7000000000000001,0.6000000000000001,50.0,40.0,95.0,0.7000000000000001,0.2,0.6000000000000001,0.7000000000000001,60.0,50.0,85.0,1353,1330,23,1353,0.016999260901699925,1.1033455289565286,1.5,0.7355636859710191,533,0.40075187969924814,1.0,1
"iteration_3","SCOPE_DATA_COLLECTION",1000,33,2050.0,2110.0,0,6220,4348,1353,5947,4254,1375,6191,4333,1335,11,16,23,0.0017736214124475975,0.0036790066681995862,0.016936671575846832,0.2777989400187659,0.6703537684546088,1.0992769970318093,0.5555978800375319,0.6703537684546088,0.7328513313545395,0.20206751736391537,0.39879990768520657,0.40074906367041196,100.0,100.0,5045,4772,2104,50,0,0,0.009910802775024777,0.0,0.0,0.7000000000000001,0.2,0.6000000000000001,0.7000000000000001,60.0,50.0,85.0,0.8,0.30000000000000004,0.7000000000000001,0.6000000000000001,50.0,40.0,75.0,6306,6296,10,6306,0.001585791309863622,0.29905823917941954,0.5,0.5981164783588391,1581,0.2511118170266836,1.0,1
"iteration_3","SCOPE_DATA_COLLECTION",1000,33,2050.0,2110.0,1,6220,4348,1353,5947,4254,1375,6191,4333,1335,11,16,23,0.0017736214124475975,0.0036790066681995862,0.016936671575846832,0.2777989400187659,0.6703537684546088,1.0992769970318093,0.5555978800375319,0.6703537684546088,0.7328513313545395,0.20206751736391537,0.39879990768520657,0.40074906367041196,100.0,100.0,5045,4772,2104,50,0,0,0.009910802775024777,0.0,0.0,0.7000000000000001,0.2,0.6000000000000001,0.7000000000000001,60.0,50.0,85.0,0.8,0.30000000000000004,0.7000000000000001,0.6000000000000001,50.0,40.0,75.0,4268,4247,21,4268,0.0049203373945641985,0.6591325688177057,1.0,0.6591325688177057,1654,0.38945137744290087,1.0,1
"iteration_3","SCOPE_DATA_COLLECTION",1000,33,2050.0,2110.0,2,6220,4348,1353,5947,4254,1375,6191,4333,1335,11,16,23,0.0017736214124475975,0.0036790066681995862,0.016936671575846832,0.2777989400187659,0.6703537684546088,1.0992769970318093,0.5555978800375319,0.6703537684546088,0.7328513313545395,0.20206751736391537,0.39879990768520657,0.40074906367041196,100.0,100.0,5045,4772,2104,50,0,0,0.009910802775024777,0.0,0.0,0.7000000000000001,0.2,0.6000000000000001,0.7000000000000001,60.0,50.0,85.0,0.8,0.30000000000000004,0.7000000000000001,0.6000000000000001,50.0,40.0,75.0,1329,1298,31,1329,0.023325808878856283,1.1495833442607062,1.5,0.7663888961738041,551,0.42449922958397535,1.0,1
"iteration_3","SCOPE_DATA_COLLECTION",1000,34,2110.0,2170.0,0,6306,4268,1329,6220,4348,1353,6315,4248,1292,10,21,31,0.0015810276679841897,0.004919184820801124,0.02343159486016629,0.29983197041389875,0.6612221160431309,1.1508133724075444,0.5996639408277975,0.6612221160431309,0.767208914938363,0.2532066508313539,0.3907721280602637,0.4241486068111455,100.0,100.0,5024,5488,1391,54,8,0,0.010748407643312101,0.0014577259475218659,0.0,0.8,0.30000000000000004,0.7000000000000001,0.6000000000000001,50.0,40.0,75.0,0.8,0.30000000000000004,0.7000000000000001,0.7000000000000001,60.0,40.0,85.0,6178,6164,14,6178,0.0022661055357720947,0.29656115955596385,0.5,0.5931223191119277,1521,0.24675535366645035,1.0,1
"iteration_3","SCOPE_DATA_COLLECTION",1000,34,2110.0,2170.0,1,6306,4268,1329,6220,4348,1353,6315,4248,1292,10,21,31,0.0015810276679841897,0.004919184820801124,0.02343159486016629,0.29983197041389875,0.6612221160431309,1.1508133724075444,0.5996639408277975,0.6612221160431309,0.767208914938363,0.2532066508313539,0.3907721280602637,0.4241486068111455,100.0,100.0,5024,5488,1391,54,8,0,0.010748407643312101,0.0014577259475218659,0.0,0.8,0.30000000000000004,0.7000000000000001,0.6000000000000001,50.0,40.0,75.0,0.8,0.30000000000000004,0.7000000000000001,0.7000000000000001,60.0,40.0,85.0,4186,4170,16,4186,0.003822264691829909,0.6807181040881835,1.0,0.6807181040881835,1672,0.40095923261390887,1.0,1
"iteration_3","SCOPE_DATA_COLLECTION",1000,34,2110.0,2170.0,2,6306,4268,1329,6220,4348,1353,6315,4248,1292,10,21,31,0.0015810276679841897,0.004919184820801124,0.02343159486016629,0.29983197041389875,0.6612221160431309,1.1508133724075444,0.5996639408277975,0.6612221160431309,0.767208914938363,0.2532066508313539,0.3907721280602637,0.4241486068111455,100.0,100.0,5024,5488,1391,54,8,0,0.010748407643312101,0.0014577259475218659,0.0,0.8,0.30000000000000004,0.7000000000000001,0.6000000000000001,50.0,40.0,75.0,0.8,0.30000000000000004,0.7000000000000001,0.7000000000000001,60.0,40.0,85.0,1364,1339,25,1364,0.018328445747800588,1.1312718806252664,1.5,0.7541812537501776,559,0.4174757281553398,1.0,1
"iteration_3","SCOPE_DATA_COLLECTION",1000,35,2170.0,2230.0,0,6178,4186,1364,6306,4268,1329,6160,4174,1337,14,16,25,0.0022675736961451248,0.0038186157517899762,0.018355359765051395,0.29667794410624665,0.6815614667588573,1.129897401911148,0.5933558882124933,0.6815614667588573,0.753264934607432,0.24659090909090908,0.4015333013895544,0.41660433807030667,97.5,100.0,4983,5372,1373,50,5,0,0.010034115994380895,9.307520476545049E-4,0.0,0.8,0.30000000000000004,0.7000000000000001,0.7000000000000001,60.0,40.0,85.0,0.8,0.30000000000000004,0.7000000000000001,0.7000000000000001,60.0,40.0,85.0,6223,6209,14,6223,0.0022497187851518562,0.2988556112943971,0.5,0.5977112225887942,1549,0.24947656627476245,1.0,1
"iteration_3","SCOPE_DATA_COLLECTION",1000,35,2170.0,2230.0,1,6178,4186,1364,6306,4268,1329,6160,4174,1337,14,16,25,0.0022675736961451248,0.0038186157517899762,0.018355359765051395,0.29667794410624665,0.6815614667588573,1.129897401911148,0.5933558882124933,0.6815614667588573,0.753264934607432,0.24659090909090908,0.4015333013895544,0.41660433807030667,97.5,100.0,4983,5372,1373,50,5,0,0.010034115994380895,9.307520476545049E-4,0.0,0.8,0.30000000000000004,0.7000000000000001,0.7000000000000001,60.0,40.0,85.0,0.8,0.30000000000000004,0.7000000000000001,0.7000000000000001,60.0,40.0,85.0,4208,4179,29,4208,0.006891634980988593,0.6682838794350435,1.0,0.6682838794350435,1646,0.3938741325675999,1.0,1
"iteration_3","SCOPE_DATA_COLLECTION",1000,35,2170.0,2230.0,2,6178,4186,1364,6306,4268,1329,6160,4174,1337,14,16,25,0.0022675736961451248,0.0038186157517899762,0.018355359765051395,0.29667794410624665,0.6815614667588573,1.129897401911148,0.5933558882124933,0.6815614667588573,0.753264934607432,0.24659090909090908,0.4015333013895544,0.41660433807030667,97.5,100.0,4983,5372,1373,50,5,0,0.010034115994380895,9.307520476545049E-4,0.0,0.8,0.30000000000000004,0.7000000000000001,0.7000000000000001,60.0,40.0,85.0,0.8,0.30000000000000004,0.7000000000000001,0.7000000000000001,60.0,40.0,85.0,1367,1347,20,1367,0.014630577907827359,1.1408886355002672,1.5,0.7605924236668448,568,0.4216778025241277,1.0,1
"iteration_3","SCOPE_DATA_COLLECTION",1000,36,2230.0,2290.0,0,6223,4208,1367,6178,4186,1364,6213,4181,1348,14,29,20,0.0022482736470210373,0.006888361045130641,0.014619883040935672,0.29920077647574894,0.667635065692008,1.1403257228709422,0.5984015529514979,0.667635065692008,0.7602171485806282,0.24979880894897796,0.39368572111934946,0.42136498516320475,100.0,100.0,4986,5433,1379,57,6,0,0.011432009626955475,0.0011043622308117063,0.0,0.8,0.30000000000000004,0.7000000000000001,0.7000000000000001,60.0,40.0,85.0,0.8,0.4,0.7000000000000001,0.6000000000000001,60.0,50.0,95.0,6192,6184,8,6192,0.0012919896640826874,0.31581215762503073,0.5,0.6316243152500615,1799,0.29091203104786545,1.0,1
"iteration_3","SCOPE_DATA_COLLECTION",1000,36,2230.0,2290.0,1,6223,4208,1367,6178,4186,1364,6213,4181,1348,14,29,20,0.0022482736470210373,0.006888361045130641,0.014619883040935672,0.29920077647574894,0.667635065692008,1.1403257228709422,0.5984015529514979,0.667635065692008,0.7602171485806282,0.24979880894897796,0.39368572111934946,0.42136498516320475,100.0,100.0,4986,5433,1379,57,6,0,0.011432009626955475,0.0011043622308117063,0.0,0.8,0.30000000000000004,0.7000000000000001,0.7000000000000001,60.0,40.0,85.0,0.8,0.4,0.7000000000000001,0.6000000000000001,60.0,50.0,95.0,4163,4150,13,4163,0.0031227480182560653,0.6827329201062876,1.0,0.6827329201062876,1664,0.4009638554216867,1.0,1
"iteration_3","SCOPE_DATA_COLLECTION",1000,36,2230.0,2290.0,2,6223,4208,1367,6178,4186,1364,6213,4181,1348,14,29,20,0.0022482736470210373,0.006888361045130641,0.014619883040935672,0.29920077647574894,0.667635065692008,1.1403257228709422,0.5984015529514979,0.667635065692008,0.7602171485806282,0.24979880894897796,0.39368572111934946,0.42136498516320475,100.0,100.0,4986,5433,1379,57,6,0,0.011432009626955475,0.0011043622308117063,0.0,0.8,0.30000000000000004,0.7000000000000001,0.7000000000000001,60.0,40.0,85.0,0.8,0.4,0.7000000000000001,0.6000000000000001,60.0,50.0,95.0,1347,1329,18,1347,0.013363028953229399,1.1435153716216993,1.5,0.7623435810811329,560,0.4213694507148232,1.0,1
"iteration_3","SCOPE_DATA_COLLECTION",1000,37,2290.0,2350.0,0,6192,4163,1347,6223,4208,1367,6180,4144,1331,8,13,18,0.001292824822236587,0.0031272552321385616,0.013343217197924388,0.3152035452777115,0.67979600774097,1.1446030736754305,0.630407090555423,0.67979600774097,0.7630687157836203,0.2902912621359223,0.39937258687258687,0.4214876033057851,95.0,100.0,5019,5314,1369,36,3,0,0.007172743574417215,5.645464809936018E-4,0.0,0.8,0.4,0.7000000000000001,0.6000000000000001,60.0,50.0,95.0,0.9,0.30000000000000004,0.8,0.6000000000000001,70.0,40.0,85.0,6234,6225,9,6234,0.0014436958614051972,0.30470747694199324,0.5,0.6094149538839865,1576,0.2531726907630522,1.0,1
"iteration_3","SCOPE_DATA_COLLECTION",1000,37,2290.0,2350.0,1,6192,4163,1347,6223,4208,1367,6180,4144,1331,8,13,18,0.001292824822236587,0.0031272552321385616,0.013343217197924388,0.3152035452777115,0.67979600774097,1.1446030736754305,0.630407090555423,0.67979600774097,0.7630687157836203,0.2902912621359223,0.39937258687258687,0.4214876033057851,95.0,100.0,5019,5314,1369,36,3,0,0.007172743574417215,5.645464809936018E-4,0.0,0.8,0.4,0.7000000000000001,0.6000000000000001,60.0,50.0,95.0,0.9,0.30000000000000004,0.8,0.6000000000000001,70.0,40.0,85.0,4377,4353,24,4377,0.0054832076764907475,0.6768638839686567,1.0,0.6768638839686567,1689,0.38800827015851136,1.0,1
"iteration_3","SCOPE_DATA_COLLECTION",1000,37,2290.0,2350.0,2,6192,4163,1347,6223,4208,1367,6180,4144,1331,8,13,18,0.001292824822236587,0.0031272552321385616,0.013343217197924388,0.3152035452777115,0.67979600774097,1.1446030736754305,0.630407090555423,0.67979600774097,0.7630687157836203,0.2902912621359223,0.39937258687258687,0.4214876033057851,95.0,100.0,5019,5314,1369,36,3,0,0.007172743574417215,5.645464809936018E-4,0.0,0.8,0.4,0.7000000000000001,0.6000000000000001,60.0,50.0,95.0,0.9,0.30000000000000004,0.8,0.6000000000000001,70.0,40.0,85.0,1373,1353,20,1373,0.014566642388929352,1.1475721421480938,1.5,0.7650480947653958,569,0.4205469327420547,1.0,1
"iteration_3","SCOPE_DATA_COLLECTION",1000,38,2350.0,2410.0,0,6234,4377,1373,6192,4163,1347,6233,4358,1357,9,24,20,0.0014418455623197693,0.005476951163852123,0.014524328249818447,0.30544921381230855,0.6771614452009082,1.1484452588933278,0.6108984276246171,0.6771614452009082,0.7656301725955519,0.253970800577571,0.38825149150986693,0.421518054532056,97.5,100.0,4944,6309,731,48,5,0,0.009708737864077669,7.925186241876684E-4,0.0,0.9,0.30000000000000004,0.8,0.6000000000000001,70.0,40.0,85.0,0.65,0.30000000000000004,0.2,0.6000000000000001,95.0,70.0,75.0,6155,6137,18,6155,0.002924451665312754,0.29609529233853554,0.5,0.5921905846770711,1533,0.24979631741893432,1.0,1
"iteration_3","SCOPE_DATA_COLLECTION",1000,38,2350.0,2410.0,1,6234,4377,1373,6192,4163,1347,6233,4358,1357,9,24,20,0.0014418455623197693,0.005476951163852123,0.014524328249818447,0.30544921381230855,0.6771614452009082,1.1484452588933278,0.6108984276246171,0.6771614452009082,0.7656301725955519,0.253970800577571,0.38825149150986693,0.421518054532056,97.5,100.0,4944,6309,731,48,5,0,0.009708737864077669,7.925186241876684E-4,0.0,0.9,0.30000000000000004,0.8,0.6000000000000001,70.0,40.0,85.0,0.65,0.30000000000000004,0.2,0.6000000000000001,95.0,70.0,75.0,4184,4167,17,4184,0.0040630975143403445,0.6279861000313338,1.0,0.6279861000313338,1587,0.380849532037437,1.0,1
"iteration_3","SCOPE_DATA_COLLECTION",1000,38,2350.0,2410.0,2,6234,4377,1373,6192,4163,1347,6233,4358,1357,9,24,20,0.0014418455623197693,0.005476951163852123,0.014524328249818447,0.30544921381230855,0.6771614452009082,1.1484452588933278,0.6108984276246171,0.6771614452009082,0.7656301725955519,0.253970800577571,0.38825149150986693,0.421518054532056,97.5,100.0,4944,6309,731,48,5,0,0.009708737864077669,7.925186241876684E-4,0.0,0.9,0.30000000000000004,0.8,0.6000000000000001,70.0,40.0,85.0,0.65,0.30000000000000004,0.2,0.6000000000000001,95.0,70.0,75.0,1340,1323,17,1340,0.012686567164179104,1.1243748722262248,1.5,0.7495832481508166,557,0.42101284958427815,1.0,1
"iteration_3","SCOPE_DATA_COLLECTION",1000,39,2410.0,2470.0,0,6155,4184,1340,6234,4377,1373,6135,4157,1314,17,17,16,0.0027633289986996098,0.004072831816003833,0.012030075187969926,0.2955069203707409,0.6294347722167049,1.127842800262718,0.5910138407414818,0.6294347722167049,0.7518952001751454,0.24873675631621842,0.38200625451046427,0.4223744292237443,100.0,100.0,4951,4385,2343,26,3,21,0.005251464350636235,6.841505131128849E-4,0.008962868117797696,0.65,0.30000000000000004,0.2,0.6000000000000001,95.0,70.0,75.0,0.65,0.30000000000000004,0.2,0.6000000000000001,95.0,70.0,75.0,6191,6183,8,6191,0.0012921983524471006,0.2902858464484177,0.5,0.5805716928968354,1509,0.2440562833575934,1.0,1
"iteration_3","SCOPE_DATA_COLLECTION",1000,39,2410.0,2470.0,1,6155,4184,1340,6234,4377,1373,6135,4157,1314,17,17,16,0.0027633289986996098,0.004072831816003833,0.012030075187969926,0.2955069203707409,0.6294347722167049,1.127842800262718,0.5910138407414818,0.6294347722167049,0.7518952001751454,0.24873675631621842,0.38200625451046427,0.4223744292237443,100.0,100.0,4951,4385,2343,26,3,21,0.005251464350636235,6.841505131128849E-4,0.008962868117797696,0.65,0.30000000000000004,0.2,0.6000000000000001,95.0,70.0,75.0,0.65,0.30000000000000004,0.2,0.6000000000000001,95.0,70.0,75.0,4182,4177,5,4182,0.0011956001912960307,0.6264721519143459,1.0,0.6264721519143459,1593,0.3813741920038305,1.0,1
"iteration_3","SCOPE_DATA_COLLECTION",1000,39,2410.0,2470.0,2,6155,4184,1340,6234,4377,1373,6135,4157,1314,17,17,16,0.0027633289986996098,0.004072831816003833,0.012030075187969926,0.2955069203707409,0.6294347722167049,1.127842800262718,0.5910138407414818,0.6294347722167049,0.7518952001751454,0.24873675631621842,0.38200625451046427,0.4223744292237443,100.0,100.0,4951,4385,2343,26,3,21,0.005251464350636235,6.841505131128849E-4,0.008962868117797696,0.65,0.30000000000000004,0.2,0.6000000000000001,95.0,70.0,75.0,0.65,0.30000000000000004,0.2,0.6000000000000001,95.0,70.0,75.0,1337,1329,8,1337,0.005983545250560957,1.137838065480289,1.5,0.7585587103201927,569,0.42814145974416856,1.0,1
"iteration_3","SCOPE_DATA_COLLECTION",1000,40,2470.0,2530.0,0,6191,4182,1337,6155,4184,1340,6184,4181,1337,9,5,9,0.0014532536735023414,0.0011944577161968467,0.006686478454680535,0.2904764607218834,0.6270964412814669,1.1368471664474966,0.5809529214437668,0.6270964412814669,0.7578981109649977,0.24466364812419147,0.3805309734513274,0.42782348541510845,95.0,100.0,4884,4413,2413,19,4,0,0.0038902538902538903,9.064128710627691E-4,0.0,0.65,0.30000000000000004,0.2,0.6000000000000001,95.0,70.0,75.0,0.65,0.30000000000000004,0.2,0.6000000000000001,95.0,70.0,75.0,6085,6078,7,6085,0.0011503697617091207,0.28783223694529936,0.5,0.5756644738905987,1422,0.23395853899308983,1.0,1
"iteration_3","SCOPE_DATA_COLLECTION",1000,40,2470.0,2530.0,1,6191,4182,1337,6155,4184,1340,6184,4181,1337,9,5,9,0.0014532536735023414,0.0011944577161968467,0.006686478454680535,0.2904764607218834,0.6270964412814669,1.1368471664474966,0.5809529214437668,0.6270964412814669,0.7578981109649977,0.24466364812419147,0.3805309734513274,0.42782348541510845,95.0,100.0,4884,4413,2413,19,4,0,0.0038902538902538903,9.064128710627691E-4,0.0,0.65,0.30000000000000004,0.2,0.6000000000000001,95.0,70.0,75.0,0.65,0.30000000000000004,0.2,0.6000000000000001,95.0,70.0,75.0,4140,4125,15,4140,0.0036231884057971015,0.6274769722345194,1.0,0.6274769722345194,1598,0.3873939393939394,1.0,1
"iteration_3","SCOPE_DATA_COLLECTION",1000,40,2470.0,2530.0,2,6191,4182,1337,6155,4184,1340,6184,4181,1337,9,5,9,0.0014532536735023414,0.0011944577161968467,0.006686478454680535,0.2904764607218834,0.6270964412814669,1.1368471664474966,0.5809529214437668,0.6270964412814669,0.7578981109649977,0.24466364812419147,0.3805309734513274,0.42782348541510845,95.0,100.0,4884,4413,2413,19,4,0,0.0038902538902538903,9.064128710627691E-4,0.0,0.65,0.30000000000000004,0.2,0.6000000000000001,95.0,70.0,75.0,0.65,0.30000000000000004,0.2,0.6000000000000001,95.0,70.0,75.0,1314,1304,10,1314,0.0076103500761035,1.120275088177396,1.5,0.7468500587849306,552,0.4233128834355828,1.0,1
"iteration_3","SCOPE_DATA_COLLECTION",1000,41,2530.0,2590.0,0,6085,4140,1314,6191,4182,1337,6073,4120,1309,7,15,10,0.001151315789473684,0.0036275695284159614,0.0075815011372251705,0.28772909701420374,0.6265005985085126,1.1221452231888616,0.5754581940284075,0.6265005985085126,0.748096815459241,0.23431582413963445,0.38689320388349513,0.4239877769289534,100.0,100.0,4902,4350,2287,26,6,0,0.005303957568339453,0.001379310344827586,0.0,0.65,0.30000000000000004,0.2,0.6000000000000001,95.0,70.0,75.0,0.4,0.2,0.5,0.6000000000000001,35.0,60.0,30.0,6240,5874,366,6240,0.058653846153846154,0.3324469401779824,0.5,0.6648938803559648,1465,0.24940415389853593,1.0,1
"iteration_3","SCOPE_DATA_COLLECTION",1000,41,2530.0,2590.0,1,6085,4140,1314,6191,4182,1337,6073,4120,1309,7,15,10,0.001151315789473684,0.0036275695284159614,0.0075815011372251705,0.28772909701420374,0.6265005985085126,1.1221452231888616,0.5754581940284075,0.6265005985085126,0.748096815459241,0.23431582413963445,0.38689320388349513,0.4239877769289534,100.0,100.0,4902,4350,2287,26,6,0,0.005303957568339453,0.001379310344827586,0.0,0.65,0.30000000000000004,0.2,0.6000000000000001,95.0,70.0,75.0,0.4,0.2,0.5,0.6000000000000001,35.0,60.0,30.0,4242,3972,270,4242,0.06364922206506365,0.7222250189904859,1.0,0.7222250189904859,1665,0.41918429003021146,1.0,1
"iteration_3","SCOPE_DATA_COLLECTION",1000,41,2530.0,2590.0,2,6085,4140,1314,6191,4182,1337,6073,4120,1309,7,15,10,0.001151315789473684,0.0036275695284159614,0.0075815011372251705,0.28772909701420374,0.6265005985085126,1.1221452231888616,0.5754581940284075,0.6265005985085126,0.748096815459241,0.23431582413963445,0.38689320388349513,0.4239877769289534,100.0,100.0,4902,4350,2287,26,6,0,0.005303957568339453,0.001379310344827586,0.0,0.65,0.30000000000000004,0.2,0.6000000000000001,95.0,70.0,75.0,0.4,0.2,0.5,0.6000000000000001,35.0,60.0,30.0,1316,1221,95,1316,0.07218844984802432,1.223276732079968,1.5,0.8155178213866453,553,0.45290745290745293,1.0,1
"iteration_3","SCOPE_DATA_COLLECTION",1000,42,2590.0,2650.0,0,6240,4242,1316,6085,4140,1314,5865,3967,1205,366,270,95,0.058738565238324505,0.06372433325466131,0.07307692307692308,0.3294366495022479,0.7202123699266018,1.2172277465886037,0.6588732990044958,0.7202123699266018,0.8114851643924025,0.24791133844842284,0.4189563902193093,0.45062240663900416,97.5,100.0,4993,2815,3990,42,3,686,0.008411776487081914,0.0010657193605683837,0.17192982456140352,0.4,0.2,0.5,0.6000000000000001,35.0,60.0,30.0,0.5,0.1,0.5,0.6000000000000001,25.0,60.0,30.0,6045,6011,34,6045,0.0056244830438378825,0.28947168665239187,0.5,0.5789433733047837,1254,0.20861753452004658,1.0,1
"iteration_3","SCOPE_DATA_COLLECTION",1000,42,2590.0,2650.0,1,6240,4242,1316,6085,4140,1314,5865,3967,1205,366,270,95,0.058738565238324505,0.06372433325466131,0.07307692307692308,0.3294366495022479,0.7202123699266018,1.2172277465886037,0.6588732990044958,0.7202123699266018,0.8114851643924025,0.24791133844842284,0.4189563902193093,0.45062240663900416,97.5,100.0,4993,2815,3990,42,3,686,0.008411776487081914,0.0010657193605683837,0.17192982456140352,0.4,0.2,0.5,0.6000000000000001,35.0,60.0,30.0,0.5,0.1,0.5,0.6000000000000001,25.0,60.0,30.0,4230,4181,49,4230,0.011583924349881796,0.684751115653756,1.0,0.684751115653756,1710,0.40899306386032047,1.0,1
"iteration_3","SCOPE_DATA_COLLECTION",1000,42,2590.0,2650.0,2,6240,4242,1316,6085,4140,1314,5865,3967,1205,366,270,95,0.058738565238324505,0.06372433325466131,0.07307692307692308,0.3294366495022479,0.7202123699266018,1.2172277465886037,0.6588732990044958,0.7202123699266018,0.8114851643924025,0.24791133844842284,0.4189563902193093,0.45062240663900416,97.5,100.0,4993,2815,3990,42,3,686,0.008411776487081914,0.0010657193605683837,0.17192982456140352,0.4,0.2,0.5,0.6000000000000001,35.0,60.0,30.0,0.5,0.1,0.5,0.6000000000000001,25.0,60.0,30.0,1346,1323,23,1346,0.017087667161961365,1.1529822301822223,1.5,0.7686548201214816,566,0.42781557067271353,1.0,1
"iteration_3","SCOPE_DATA_COLLECTION",1000,43,2650.0,2710.0,0,6045,4230,1346,6240,4242,1316,6023,4191,1327,34,49,23,0.005613339937262671,0.011556603773584905,0.017037037037037038,0.29295435270074444,0.6860005869581769,1.1528259210227996,0.5859087054014889,0.6860005869581769,0.7685506140151998,0.2103602855719741,0.40849439274636123,0.42803315749811605,100.0,100.0,5023,3192,3406,45,3,58,0.008958789567987258,9.398496240601503E-4,0.017028772753963594,0.5,0.1,0.5,0.6000000000000001,25.0,60.0,30.0,0.6000000000000001,0.30000000000000004,0.9,0.30000000000000004,90.0,60.0,80.0,6071,6044,27,6071,0.004447372755723934,0.29686138090193104,0.5,0.5937227618038621,1495,0.2473527465254798,1.0,1
"iteration_3","SCOPE_DATA_COLLECTION",1000,43,2650.0,2710.0,1,6045,4230,1346,6240,4242,1316,6023,4191,1327,34,49,23,0.005613339937262671,0.011556603773584905,0.017037037037037038,0.29295435270074444,0.6860005869581769,1.1528259210227996,0.5859087054014889,0.6860005869581769,0.7685506140151998,0.2103602855719741,0.40849439274636123,0.42803315749811605,100.0,100.0,5023,3192,3406,45,3,58,0.008958789567987258,9.398496240601503E-4,0.017028772753963594,0.5,0.1,0.5,0.6000000000000001,25.0,60.0,30.0,0.6000000000000001,0.30000000000000004,0.9,0.30000000000000004,90.0,60.0,80.0,4197,4176,21,4197,0.005003573981415297,0.6672167756116034,1.0,0.6672167756116034,1671,0.40014367816091956,1.0,1
"iteration_3","SCOPE_DATA_COLLECTION",1000,43,2650.0,2710.0,2,6045,4230,1346,6240,4242,1316,6023,4191,1327,34,49,23,0.005613339937262671,0.011556603773584905,0.017037037037037038,0.29295435270074444,0.6860005869581769,1.1528259210227996,0.5859087054014889,0.6860005869581769,0.7685506140151998,0.2103602855719741,0.40849439274636123,0.42803315749811605,100.0,100.0,5023,3192,3406,45,3,58,0.008958789567987258,9.398496240601503E-4,0.017028772753963594,0.5,0.1,0.5,0.6000000000000001,25.0,60.0,30.0,0.6000000000000001,0.30000000000000004,0.9,0.30000000000000004,90.0,60.0,80.0,1353,1336,17,1353,0.012564671101256468,1.1044935317366618,1.5,0.7363290211577745,541,0.40494011976047906,1.0,1
"iteration_3","SCOPE_DATA_COLLECTION",1000,44,2710.0,2770.0,0,6071,4197,1353,6045,4230,1346,6041,4184,1335,27,21,17,0.004449571522742254,0.004994054696789536,0.01257396449704142,0.29708833690353814,0.6693833722627953,1.1029621818276447,0.5941766738070763,0.6693833722627953,0.7353081212184298,0.24747558351266347,0.4024856596558317,0.4037453183520599,100.0,100.0,4941,3975,2705,38,2,25,0.007690750860149767,5.031446540880503E-4,0.009242144177449169,0.6000000000000001,0.30000000000000004,0.9,0.30000000000000004,90.0,60.0,80.0,0.7000000000000001,0.4,0.9,0.30000000000000004,95.0,50.0,90.0,6041,6037,4,6041,6.621420294653203E-4,0.3062120140486745,0.5,0.612424028097349,1628,0.2696703660758655,1.0,1
"iteration_3","SCOPE_DATA_COLLECTION",1000,44,2710.0,2770.0,1,6071,4197,1353,6045,4230,1346,6041,4184,1335,27,21,17,0.004449571522742254,0.004994054696789536,0.01257396449704142,0.29708833690353814,0.6693833722627953,1.1029621818276447,0.5941766738070763,0.6693833722627953,0.7353081212184298,0.24747558351266347,0.4024856596558317,0.4037453183520599,100.0,100.0,4941,3975,2705,38,2,25,0.007690750860149767,5.031446540880503E-4,0.009242144177449169,0.6000000000000001,0.30000000000000004,0.9,0.30000000000000004,90.0,60.0,80.0,0.7000000000000001,0.4,0.9,0.30000000000000004,95.0,50.0,90.0,4144,4127,17,4144,0.004102316602316602,0.6756608838959505,1.0,0.6756608838959505,1623,0.3932638720620305,1.0,1
"iteration_3","SCOPE_DATA_COLLECTION",1000,44,2710.0,2770.0,2,6071,4197,1353,6045,4230,1346,6041,4184,1335,27,21,17,0.004449571522742254,0.004994054696789536,0.01257396449704142,0.29708833690353814,0.6693833722627953,1.1029621818276447,0.5941766738070763,0.6693833722627953,0.7353081212184298,0.24747558351266347,0.4024856596558317,0.4037453183520599,100.0,100.0,4941,3975,2705,38,2,25,0.007690750860149767,5.031446540880503E-4,0.009242144177449169,0.6000000000000001,0.30000000000000004,0.9,0.30000000000000004,90.0,60.0,80.0,0.7000000000000001,0.4,0.9,0.30000000000000004,95.0,50.0,90.0,1385,1371,14,1385,0.010108303249097473,1.1166471557951527,1.5,0.7444314371967685,567,0.4135667396061269,1.0,1
"iteration_3","SCOPE_DATA_COLLECTION",1000,45,2770.0,2830.0,0,6041,4144,1385,6071,4197,1353,6032,4128,1370,4,17,14,6.626905235255136E-4,0.004101326899879373,0.010115606936416185,0.3052549570182121,0.6721876539330537,1.1162335809719324,0.6105099140364242,0.6721876539330537,0.7441557206479549,0.26840185676392575,0.39171511627906974,0.4124087591240876,97.5,100.0,4863,4753,1954,34,1,0,0.006991568990335184,2.1039343572480537E-4,0.0,0.7000000000000001,0.4,0.9,0.30000000000000004,95.0,50.0,90.0,0.45,0.7000000000000001,0.6000000000000001,0.8,45.0,75.0,80.0,6005,5764,241,6005,0.04013322231473772,0.34741227328156515,0.5,0.6948245465631303,1613,0.27984038861901456,1.0,1
"iteration_3","SCOPE_DATA_COLLECTION",1000,45,2770.0,2830.0,1,6041,4144,1385,6071,4197,1353,6032,4128,1370,4,17,14,6.626905235255136E-4,0.004101326899879373,0.010115606936416185,0.3052549570182121,0.6721876539330537,1.1162335809719324,0.6105099140364242,0.6721876539330537,0.7441557206479549,0.26840185676392575,0.39171511627906974,0.4124087591240876,97.5,100.0,4863,4753,1954,34,1,0,0.006991568990335184,2.1039343572480537E-4,0.0,0.7000000000000001,0.4,0.9,0.30000000000000004,95.0,50.0,90.0,0.45,0.7000000000000001,0.6000000000000001,0.8,45.0,75.0,80.0,4289,4110,179,4289,0.041734670086267196,0.7175565489034154,1.0,0.7175565489034154,1682,0.4092457420924574,1.0,1
"iteration_3","SCOPE_DATA_COLLECTION",1000,45,2770.0,2830.0,2,6041,4144,1385,6071,4197,1353,6032,4128,1370,4,17,14,6.626905235255136E-4,0.004101326899879373,0.010115606936416185,0.3052549570182121,0.6721876539330537,1.1162335809719324,0.6105099140364242,0.6721876539330537,0.7441557206479549,0.26840185676392575,0.39171511627906974,0.4124087591240876,97.5,100.0,4863,4753,1954,34,1,0,0.006991568990335184,2.1039343572480537E-4,0.0,0.7000000000000001,0.4,0.9,0.30000000000000004,95.0,50.0,90.0,0.45,0.7000000000000001,0.6000000000000001,0.8,45.0,75.0,80.0,1359,1282,77,1359,0.05665930831493746,1.1950074585007846,1.5,0.7966716390005231,554,0.43213728549141966,1.0,1
"iteration_3","SCOPE_DATA_COLLECTION",1000,46,2830.0,2890.0,0,6005,4289,1359,6041,4144,1385,5776,4099,1289,241,179,77,0.04005318264916071,0.04184198223468911,0.05636896046852123,0.34802431079685825,0.7173009294737483,1.1959080639069746,0.6960486215937165,0.7173009294737483,0.7972720426046497,0.28150969529085873,0.4088802146865089,0.43366951124903025,100.0,100.0,4849,3123,3681,48,0,449,0.009898948236749845,0.0,0.12197772344471611,0.45,0.7000000000000001,0.6000000000000001,0.8,45.0,75.0,80.0,0.8,0.6000000000000001,0.4,0.5,75.0,40.0,30.0,6091,6083,8,6091,0.0013134132326383188,0.3068059995029979,0.5,0.6136119990059958,1599,0.2628637185599211,1.0,1
"iteration_3","SCOPE_DATA_COLLECTION",1000,46,2830.0,2890.0,1,6005,4289,1359,6041,4144,1385,5776,4099,1289,241,179,77,0.04005318264916071,0.04184198223468911,0.05636896046852123,0.34802431079685825,0.7173009294737483,1.1959080639069746,0.6960486215937165,0.7173009294737483,0.7972720426046497,0.28150969529085873,0.4088802146865089,0.43366951124903025,100.0,100.0,4849,3123,3681,48,0,449,0.009898948236749845,0.0,0.12197772344471611,0.45,0.7000000000000001,0.6000000000000001,0.8,45.0,75.0,80.0,0.8,0.6000000000000001,0.4,0.5,75.0,40.0,30.0,4200,4191,9,4200,0.002142857142857143,0.6398328390020507,1.0,0.6398328390020507,1614,0.3851109520400859,1.0,1
"iteration_3","SCOPE_DATA_COLLECTION",1000,46,2830.0,2890.0,2,6005,4289,1359,6041,4144,1385,5776,4099,1289,241,179,77,0.04005318264916071,0.04184198223468911,0.05636896046852123,0.34802431079685825,0.7173009294737483,1.1959080639069746,0.6960486215937165,0.7173009294737483,0.7972720426046497,0.28150969529085873,0.4088802146865089,0.43366951124903025,100.0,100.0,4849,3123,3681,48,0,449,0.009898948236749845,0.0,0.12197772344471611,0.45,0.7000000000000001,0.6000000000000001,0.8,45.0,75.0,80.0,0.8,0.6000000000000001,0.4,0.5,75.0,40.0,30.0,1384,1374,10,1384,0.0072254335260115606,1.1059459053936302,1.5,0.7372972702624202,559,0.40684133915574966,1.0,1
"iteration_3","SCOPE_DATA_COLLECTION",1000,47,2890.0,2950.0,0,6091,4200,1384,6005,4289,1359,6071,4208,1364,8,9,10,0.0013160059220266491,0.0021342186388427793,0.00727802037845706,0.3056378154328758,0.6428336133524355,1.1020781832127786,0.6112756308657517,0.6428336133524355,0.734718788808519,0.25992422994564324,0.38640684410646386,0.4046920821114369,97.5,100.0,4880,5470,1325,25,2,0,0.005122950819672131,3.6563071297989033E-4,0.0,0.8,0.6000000000000001,0.4,0.5,75.0,40.0,30.0,0.8,0.6000000000000001,0.30000000000000004,0.6000000000000001,85.0,50.0,30.0,5986,5977,9,5986,0.001503508185766789,0.3089810299007821,0.5,0.6179620598015642,1609,0.269198594612682,1.0,1
"iteration_3","SCOPE_DATA_COLLECTION",1000,47,2890.0,2950.0,1,6091,4200,1384,6005,4289,1359,6071,4208,1364,8,9,10,0.0013160059220266491,0.0021342186388427793,0.00727802037845706,0.3056378154328758,0.6428336133524355,1.1020781832127786,0.6112756308657517,0.6428336133524355,0.734718788808519,0.25992422994564324,0.38640684410646386,0.4046920821114369,97.5,100.0,4880,5470,1325,25,2,0,0.005122950819672131,3.6563071297989033E-4,0.0,0.8,0.6000000000000001,0.4,0.5,75.0,40.0,30.0,0.8,0.6000000000000001,0.30000000000000004,0.6000000000000001,85.0,50.0,30.0,4258,4238,20,4258,0.004697040864255519,0.6269725073368786,1.0,0.6269725073368786,1604,0.37848041529023124,1.0,1
"iteration_3","SCOPE_DATA_COLLECTION",1000,47,2890.0,2950.0,2,6091,4200,1384,6005,4289,1359,6071,4208,1364,8,9,10,0.0013160059220266491,0.0021342186388427793,0.00727802037845706,0.3056378154328758,0.6428336133524355,1.1020781832127786,0.6112756308657517,0.6428336133524355,0.734718788808519,0.25992422994564324,0.38640684410646386,0.4046920821114369,97.5,100.0,4880,5470,1325,25,2,0,0.005122950819672131,3.6563071297989033E-4,0.0,0.8,0.6000000000000001,0.4,0.5,75.0,40.0,30.0,0.8,0.6000000000000001,0.30000000000000004,0.6000000000000001,85.0,50.0,30.0,1441,1427,14,1441,0.009715475364330326,1.1002635073323401,1.5,0.7335090048882268,574,0.4022424667133847,1.0,1
"iteration_3","SCOPE_DATA_COLLECTION",1000,48,2950.0,3010.0,0,5986,4258,1441,6091,4200,1384,5988,4222,1432,9,20,14,0.0015007503751875938,0.004714757190004715,0.009681881051175657,0.31033133729302315,0.6261553937923638,1.1099991397804818,0.6206626745860463,0.6261553937923638,0.7399994265203212,0.2715430861723447,0.37801989578398865,0.40712290502793297,100.0,100.0,4793,5510,1382,39,4,0,0.008136866263300646,7.259528130671506E-4,0.0,0.8,0.6000000000000001,0.30000000000000004,0.6000000000000001,85.0,50.0,30.0,0.7000000000000001,0.6000000000000001,0.30000000000000004,0.5,85.0,40.0,20.0,6255,6247,8,6255,0.001278976818545164,0.31327202037305957,0.5,0.6265440407461191,1749,0.27997438770609895,1.0,1
"iteration_3","SCOPE_DATA_COLLECTION",1000,48,2950.0,3010.0,1,5986,4258,1441,6091,4200,1384,5988,4222,1432,9,20,14,0.0015007503751875938,0.004714757190004715,0.009681881051175657,0.31033133729302315,0.6261553937923638,1.1099991397804818,0.6206626745860463,0.6261553937923638,0.7399994265203212,0.2715430861723447,0.37801989578398865,0.40712290502793297,100.0,100.0,4793,5510,1382,39,4,0,0.008136866263300646,7.259528130671506E-4,0.0,0.8,0.6000000000000001,0.30000000000000004,0.6000000000000001,85.0,50.0,30.0,0.7000000000000001,0.6000000000000001,0.30000000000000004,0.5,85.0,40.0,20.0,4288,4277,11,4288,0.0025652985074626866,0.646449423821604,1.0,0.646449423821604,1642,0.3839139583820435,1.0,1
"iteration_3","SCOPE_DATA_COLLECTION",1000,48,2950.0,3010.0,2,5986,4258,1441,6091,4200,1384,5988,4222,1432,9,20,14,0.0015007503751875938,0.004714757190004715,0.009681881051175657,0.31033133729302315,0.6261553937923638,1.1099991397804818,0.6206626745860463,0.6261553937923638,0.7399994265203212,0.2715430861723447,0.37801989578398865,0.40712290502793297,100.0,100.0,4793,5510,1382,39,4,0,0.008136866263300646,7.259528130671506E-4,0.0,0.8,0.6000000000000001,0.30000000000000004,0.6000000000000001,85.0,50.0,30.0,0.7000000000000001,0.6000000000000001,0.30000000000000004,0.5,85.0,40.0,20.0,1355,1339,16,1355,0.011808118081180811,1.1116044497709918,1.5,0.7410696331806612,547,0.4085138162808066,1.0,1
"iteration_3","SCOPE_DATA_COLLECTION",1000,49,3010.0,3070.0,0,6255,4288,1355,5986,4258,1441,6239,4271,1345,8,11,16,0.0012806146950536258,0.002568893040635217,0.011756061719324026,0.3116704130199227,0.6423832990418813,1.106061074551434,0.6233408260398454,0.6423832990418813,0.7373740497009561,0.278410001602821,0.3816436431749005,0.4052044609665427,100.0,100.0,4986,4827,2085,33,2,0,0.006618531889290012,4.143360265175057E-4,0.0,0.7000000000000001,0.6000000000000001,0.30000000000000004,0.5,85.0,40.0,20.0,0.8,0.7000000000000001,0.4,0.4,95.0,30.0,30.0,6135,6123,12,6135,0.0019559902200488996,0.3177099434746945,0.5,0.635419886949389,1782,0.29103380695737385,1.0,1
"iteration_3","SCOPE_DATA_COLLECTION",1000,49,3010.0,3070.0,1,6255,4288,1355,5986,4258,1441,6239,4271,1345,8,11,16,0.0012806146950536258,0.002568893040635217,0.011756061719324026,0.3116704130199227,0.6423832990418813,1.106061074551434,0.6233408260398454,0.6423832990418813,0.7373740497009561,0.278410001602821,0.3816436431749005,0.4052044609665427,100.0,100.0,4986,4827,2085,33,2,0,0.006618531889290012,4.143360265175057E-4,0.0,0.7000000000000001,0.6000000000000001,0.30000000000000004,0.5,85.0,40.0,20.0,0.8,0.7000000000000001,0.4,0.4,95.0,30.0,30.0,4232,4210,22,4232,0.005198487712665407,0.6384389311012955,1.0,0.6384389311012955,1595,0.37885985748218526,1.0,1
"iteration_3","SCOPE_DATA_COLLECTION",1000,49,3010.0,3070.0,2,6255,4288,1355,5986,4258,1441,6239,4271,1345,8,11,16,0.0012806146950536258,0.002568893040635217,0.011756061719324026,0.3116704130199227,0.6423832990418813,1.106061074551434,0.6233408260398454,0.6423832990418813,0.7373740497009561,0.278410001602821,0.3816436431749005,0.4052044609665427,100.0,100.0,4986,4827,2085,33,2,0,0.006618531889290012,4.143360265175057E-4,0.0,0.7000000000000001,0.6000000000000001,0.30000000000000004,0.5,85.0,40.0,20.0,0.8,0.7000000000000001,0.4,0.4,95.0,30.0,30.0,1395,1384,11,1395,0.007885304659498209,1.1259002948157948,1.5,0.7506001965438632,572,0.41329479768786126,1.0,1
"iteration_3","SCOPE_DATA_COLLECTION",1000,50,3070.0,3130.0,0,6135,4232,1395,6255,4288,1355,6116,4220,1377,12,22,11,0.0019582245430809398,0.005186232909005186,0.00792507204610951,0.3183924147574743,0.642793394268108,1.1192381416016959,0.6367848295149486,0.642793394268108,0.7461587610677972,0.29153041203400915,0.3812796208530806,0.41103848946986205,100.0,100.0,4876,5505,1381,44,1,0,0.009023789991796555,1.8165304268846503E-4,0.0,0.8,0.7000000000000001,0.4,0.4,95.0,30.0,30.0,0.5,0.6000000000000001,0.9,0.30000000000000004,20.0,80.0,35.0,6186,6141,45,6186,0.0072744907856450046,0.3192260706039676,0.5,0.6384521412079353,1690,0.2751994789122293,1.0,1
"iteration_3","SCOPE_DATA_COLLECTION",1000,50,3070.0,3130.0,1,6135,4232,1395,6255,4288,1355,6116,4220,1377,12,22,11,0.0019582245430809398,0.005186232909005186,0.00792507204610951,0.3183924147574743,0.642793394268108,1.1192381416016959,0.6367848295149486,0.642793394268108,0.7461587610677972,0.29153041203400915,0.3812796208530806,0.41103848946986205,100.0,100.0,4876,5505,1381,44,1,0,0.009023789991796555,1.8165304268846503E-4,0.0,0.8,0.7000000000000001,0.4,0.4,95.0,30.0,30.0,0.5,0.6000000000000001,0.9,0.30000000000000004,20.0,80.0,35.0,4151,4105,46,4151,0.011081667068176343,0.6797971276893368,1.0,0.6797971276893368,1606,0.3912302070645554,1.0,1
"iteration_3","SCOPE_DATA_COLLECTION",1000,50,3070.0,3130.0,2,6135,4232,1395,6255,4288,1355,6116,4220,1377,12,22,11,0.0019582245430809398,0.005186232909005186,0.00792507204610951,0.3183924147574743,0.642793394268108,1.1192381416016959,0.6367848295149486,0.642793394268108,0.7461587610677972,0.29153041203400915,0.3812796208530806,0.41103848946986205,100.0,100.0,4876,5505,1381,44,1,0,0.009023789991796555,1.8165304268846503E-4,0.0,0.8,0.7000000000000001,0.4,0.4,95.0,30.0,30.0,0.5,0.6000000000000001,0.9,0.30000000000000004,20.0,80.0,35.0,1328,1304,24,1328,0.018072289156626505,1.1852276586389592,1.5,0.7901517724259728,584,0.44785276073619634,1.0,1
"iteration_3","SCOPE_DATA_COLLECTION",1000,51,3130.0,3190.0,0,6186,4151,1328,6135,4232,1395,6145,4099,1312,45,46,24,0.007269789983844911,0.011097708082026538,0.017964071856287425,0.3181035910463549,0.6767323146047942,1.1929301287569625,0.6362071820927098,0.6767323146047942,0.7952867525046416,0.2743694060211554,0.38936325933154425,0.45121951219512196,100.0,100.0,4854,3424,3387,35,2,78,0.007210548001648125,5.841121495327102E-4,0.023029229406554472,0.5,0.6000000000000001,0.9,0.30000000000000004,20.0,80.0,35.0,0.6000000000000001,0.7000000000000001,0.9,0.4,20.0,80.0,35.0,6058,6042,16,6058,0.002641135688345989,0.3298829130776209,0.5,0.6597658261552418,1835,0.3037073816617014,1.0,1
"iteration_3","SCOPE_DATA_COLLECTION",1000,51,3130.0,3190.0,1,6186,4151,1328,6135,4232,1395,6145,4099,1312,45,46,24,0.007269789983844911,0.011097708082026538,0.017964071856287425,0.3181035910463549,0.6767323146047942,1.1929301287569625,0.6362071820927098,0.6767323146047942,0.7952867525046416,0.2743694060211554,0.38936325933154425,0.45121951219512196,100.0,100.0,4854,3424,3387,35,2,78,0.007210548001648125,5.841121495327102E-4,0.023029229406554472,0.5,0.6000000000000001,0.9,0.30000000000000004,20.0,80.0,35.0,0.6000000000000001,0.7000000000000001,0.9,0.4,20.0,80.0,35.0,4200,4173,27,4200,0.0064285714285714285,0.6834434925542455,1.0,0.6834434925542455,1647,0.3946800862688713,1.0,1
"iteration_3","SCOPE_DATA_COLLECTION",1000,51,3130.0,3190.0,2,6186,4151,1328,6135,4232,1395,6145,4099,1312,45,46,24,0.007269789983844911,0.011097708082026538,0.017964071856287425,0.3181035910463549,0.6767323146047942,1.1929301287569625,0.6362071820927098,0.6767323146047942,0.7952867525046416,0.2743694060211554,0.38936325933154425,0.45121951219512196,100.0,100.0,4854,3424,3387,35,2,78,0.007210548001648125,5.841121495327102E-4,0.023029229406554472,0.5,0.6000000000000001,0.9,0.30000000000000004,20.0,80.0,35.0,0.6000000000000001,0.7000000000000001,0.9,0.4,20.0,80.0,35.0,1400,1378,22,1400,0.015714285714285715,1.1401566750732188,1.5,0.7601044500488126,573,0.4158200290275762,1.0,1
"iteration_3","SCOPE_DATA_COLLECTION",1000,52,3190.0,3250.0,0,6058,4200,1400,6186,4151,1328,6054,4175,1373,16,27,22,0.0026359143327841844,0.006425511661113755,0.015770609318996417,0.33155341165322844,0.687302298259995,1.1379292670822931,0.6631068233064569,0.687302298259995,0.7586195113881954,0.30558308556326397,0.39808383233532935,0.41369264384559357,97.5,100.0,4976,4036,2646,62,3,0,0.012459807073954984,7.433102081268583E-4,0.0,0.6000000000000001,0.7000000000000001,0.9,0.4,20.0,80.0,35.0,0.6000000000000001,0.7000000000000001,0.9,0.4,20.0,80.0,35.0,6088,6079,9,6088,0.001478318002628121,0.30201525847676486,0.5,0.6040305169535297,1609,0.2646816910676098,1.0,1
"iteration_3","SCOPE_DATA_COLLECTION",1000,52,3190.0,3250.0,1,6058,4200,1400,6186,4151,1328,6054,4175,1373,16,27,22,0.0026359143327841844,0.006425511661113755,0.015770609318996417,0.33155341165322844,0.687302298259995,1.1379292670822931,0.6631068233064569,0.687302298259995,0.7586195113881954,0.30558308556326397,0.39808383233532935,0.41369264384559357,97.5,100.0,4976,4036,2646,62,3,0,0.012459807073954984,7.433102081268583E-4,0.0,0.6000000000000001,0.7000000000000001,0.9,0.4,20.0,80.0,35.0,0.6000000000000001,0.7000000000000001,0.9,0.4,20.0,80.0,35.0,4266,4254,12,4266,0.0028129395218002813,0.6657502102355913,1.0,0.6657502102355913,1691,0.39750822755054066,1.0,1
"iteration_3","SCOPE_DATA_COLLECTION",1000,52,3190.0,3250.0,2,6058,4200,1400,6186,4151,1328,6054,4175,1373,16,27,22,0.0026359143327841844,0.006425511661113755,0.015770609318996417,0.33155341165322844,0.687302298259995,1.1379292670822931,0.6631068233064569,0.687302298259995,0.7586195113881954,0.30558308556326397,0.39808383233532935,0.41369264384559357,97.5,100.0,4976,4036,2646,62,3,0,0.012459807073954984,7.433102081268583E-4,0.0,0.6000000000000001,0.7000000000000001,0.9,0.4,20.0,80.0,35.0,0.6000000000000001,0.7000000000000001,0.9,0.4,20.0,80.0,35.0,1356,1340,16,1356,0.011799410029498525,1.1031956795433644,1.5,0.735463786362243,547,0.4082089552238806,1.0,1
"iteration_3","SCOPE_DATA_COLLECTION",1000,53,3250.0,3310.0,0,6088,4266,1356,6058,4200,1400,6073,4244,1343,9,12,16,0.00147977638934561,0.002819548872180451,0.01177336276674025,0.3014752145000579,0.6635342647143434,1.109131493818831,0.6029504290001158,0.6635342647143434,0.7394209958792207,0.2634612218014161,0.3939679547596607,0.41250930752047654,95.0,100.0,4860,4120,2730,30,7,0,0.006172839506172839,0.0016990291262135922,0.0,0.6000000000000001,0.7000000000000001,0.9,0.4,20.0,80.0,35.0,0.6000000000000001,0.7000000000000001,0.9,0.4,20.0,80.0,35.0,6074,6061,13,6074,0.002140270003292723,0.3140300374467793,0.5,0.6280600748935586,1625,0.2681075730077545,1.0,1
"iteration_3","SCOPE_DATA_COLLECTION",1000,53,3250.0,3310.0,1,6088,4266,1356,6058,4200,1400,6073,4244,1343,9,12,16,0.00147977638934561,0.002819548872180451,0.01177336276674025,0.3014752145000579,0.6635342647143434,1.109131493818831,0.6029504290001158,0.6635342647143434,0.7394209958792207,0.2634612218014161,0.3939679547596607,0.41250930752047654,95.0,100.0,4860,4120,2730,30,7,0,0.006172839506172839,0.0016990291262135922,0.0,0.6000000000000001,0.7000000000000001,0.9,0.4,20.0,80.0,35.0,0.6000000000000001,0.7000000000000001,0.9,0.4,20.0,80.0,35.0,4334,4311,23,4334,0.0053068758652515,0.6636731356324709,1.0,0.6636731356324709,1669,0.38714915332869404,1.0,1
"iteration_3","SCOPE_DATA_COLLECTION",1000,53,3250.0,3310.0,2,6088,4266,1356,6058,4200,1400,6073,4244,1343,9,12,16,0.00147977638934561,0.002819548872180451,0.01177336276674025,0.3014752145000579,0.6635342647143434,1.109131493818831,0.6029504290001158,0.6635342647143434,0.7394209958792207,0.2634612218014161,0.3939679547596607,0.41250930752047654,95.0,100.0,4860,4120,2730,30,7,0,0.006172839506172839,0.0016990291262135922,0.0,0.6000000000000001,0.7000000000000001,0.9,0.4,20.0,80.0,35.0,0.6000000000000001,0.7000000000000001,0.9,0.4,20.0,80.0,35.0,1351,1331,20,1351,0.014803849000740192,1.1206906402198695,1.5,0.747127093479913,546,0.41021788129226144,1.0,1
"iteration_3","SCOPE_DATA_COLLECTION",1000,54,3310.0,3370.0,0,6074,4334,1351,6088,4266,1356,6061,4341,1328,13,23,20,0.002140270003292723,0.005270394133822181,0.01483679525222552,0.3136704273032536,0.666158250637997,1.113252190575188,0.6273408546065072,0.666158250637997,0.7421681270501254,0.2679425837320574,0.39092375028795207,0.40512048192771083,100.0,100.0,4906,4125,2728,56,0,0,0.01141459437423563,0.0,0.0,0.6000000000000001,0.7000000000000001,0.9,0.4,20.0,80.0,35.0,0.6000000000000001,0.6000000000000001,0.9,0.30000000000000004,20.0,70.0,25.0,6261,6248,13,6261,0.002076345631688229,0.3161273752449331,0.5,0.6322547504898662,1780,0.2848911651728553,1.0,1
"iteration_3","SCOPE_DATA_COLLECTION",1000,54,3310.0,3370.0,1,6074,4334,1351,6088,4266,1356,6061,4341,1328,13,23,20,0.002140270003292723,0.005270394133822181,0.01483679525222552,0.3136704273032536,0.666158250637997,1.113252190575188,0.6273408546065072,0.666158250637997,0.7421681270501254,0.2679425837320574,0.39092375028795207,0.40512048192771083,100.0,100.0,4906,4125,2728,56,0,0,0.01141459437423563,0.0,0.0,0.6000000000000001,0.7000000000000001,0.9,0.4,20.0,80.0,35.0,0.6000000000000001,0.6000000000000001,0.9,0.30000000000000004,20.0,70.0,25.0,4245,4223,22,4245,0.005182567726737338,0.6850073341439051,1.0,0.6850073341439051,1655,0.3919014918304523,1.0,1
"iteration_3","SCOPE_DATA_COLLECTION",1000,54,3310.0,3370.0,2,6074,4334,1351,6088,4266,1356,6061,4341,1328,13,23,20,0.002140270003292723,0.005270394133822181,0.01483679525222552,0.3136704273032536,0.666158250637997,1.113252190575188,0.6273408546065072,0.666158250637997,0.7421681270501254,0.2679425837320574,0.39092375028795207,0.40512048192771083,100.0,100.0,4906,4125,2728,56,0,0,0.01141459437423563,0.0,0.0,0.6000000000000001,0.7000000000000001,0.9,0.4,20.0,80.0,35.0,0.6000000000000001,0.6000000000000001,0.9,0.30000000000000004,20.0,70.0,25.0,1374,1351,23,1374,0.016739446870451237,1.105777976010484,1.5,0.7371853173403227,550,0.4071058475203553,1.0,1
"iteration_3","SCOPE_DATA_COLLECTION",1000,55,3370.0,3430.0,0,6261,4245,1374,6074,4334,1351,6234,4212,1354,13,22,23,0.0020809988794621417,0.0051960321209258385,0.01670297748729121,0.31608763635321985,0.6845022098046486,1.1125786665845856,0.6321752727064397,0.6845022098046486,0.7417191110563904,0.2844080846968239,0.3900759734093067,0.4113737075332349,100.0,100.0,4935,4186,2759,53,5,0,0.010739614994934144,0.0011944577161968467,0.0,0.6000000000000001,0.6000000000000001,0.9,0.30000000000000004,20.0,70.0,25.0,0.30000000000000004,0.7000000000000001,0.4,0.30000000000000004,50.0,95.0,70.0,6056,4826,1230,6056,0.20310435931307794,0.42210441999309073,0.5,0.8442088399861815,1871,0.38769167012018235,1.0,1
"iteration_3","SCOPE_DATA_COLLECTION",1000,55,3370.0,3430.0,1,6261,4245,1374,6074,4334,1351,6234,4212,1354,13,22,23,0.0020809988794621417,0.0051960321209258385,0.01670297748729121,0.31608763635321985,0.6845022098046486,1.1125786665845856,0.6321752727064397,0.6845022098046486,0.7417191110563904,0.2844080846968239,0.3900759734093067,0.4113737075332349,100.0,100.0,4935,4186,2759,53,5,0,0.010739614994934144,0.0011944577161968467,0.0,0.6000000000000001,0.6000000000000001,0.9,0.30000000000000004,20.0,70.0,25.0,0.30000000000000004,0.7000000000000001,0.4,0.30000000000000004,50.0,95.0,70.0,4190,3290,900,4190,0.21479713603818615,0.8171130642951918,1.0,0.8171130642951918,1623,0.49331306990881457,1.0,1
"iteration_3","SCOPE_DATA_COLLECTION",1000,55,3370.0,3430.0,2,6261,4245,1374,6074,4334,1351,6234,4212,1354,13,22,23,0.0020809988794621417,0.0051960321209258385,0.01670297748729121,0.31608763635321985,0.6845022098046486,1.1125786665845856,0.6321752727064397,0.6845022098046486,0.7417191110563904,0.2844080846968239,0.3900759734093067,0.4113737075332349,100.0,100.0,4935,4186,2759,53,5,0,0.010739614994934144,0.0011944577161968467,0.0,0.6000000000000001,0.6000000000000001,0.9,0.30000000000000004,20.0,70.0,25.0,0.30000000000000004,0.7000000000000001,0.4,0.30000000000000004,50.0,95.0,70.0,1385,1061,324,1385,0.2339350180505415,1.3748522750288656,1.5,0.9165681833525771,562,0.529688972667295,1.0,1
"iteration_3","SCOPE_DATA_COLLECTION",1000,56,3430.0,3490.0,0,6056,4190,1385,6261,4245,1374,4835,3285,1060,1230,898,324,0.20280296784830998,0.21467846043509442,0.23410404624277456,0.42228339197802567,0.813064486937292,1.3753951759189078,0.8445667839560513,0.813064486937292,0.9169301172792719,0.3873836608066184,0.4919330289193303,0.530188679245283,97.5,100.0,4853,2090,4688,31,3,2418,0.0063878013599835155,0.0014354066985645933,0.5157849829351536,0.30000000000000004,0.7000000000000001,0.4,0.30000000000000004,50.0,95.0,70.0,0.4,0.7000000000000001,0.4,0.2,50.0,95.0,70.0,6087,5625,462,6087,0.07589945786101528,0.3759810413967529,0.5,0.7519620827935058,1806,0.32106666666666667,1.0,1
"iteration_3","SCOPE_DATA_COLLECTION",1000,56,3430.0,3490.0,1,6056,4190,1385,6261,4245,1374,4835,3285,1060,1230,898,324,0.20280296784830998,0.21467846043509442,0.23410404624277456,0.42228339197802567,0.813064486937292,1.3753951759189078,0.8445667839560513,0.813064486937292,0.9169301172792719,0.3873836608066184,0.4919330289193303,0.530188679245283,97.5,100.0,4853,2090,4688,31,3,2418,0.0063878013599835155,0.0014354066985645933,0.5157849829351536,0.30000000000000004,0.7000000000000001,0.4,0.30000000000000004,50.0,95.0,70.0,0.4,0.7000000000000001,0.4,0.2,50.0,95.0,70.0,4181,3837,344,4181,0.08227696723271945,0.7130190824855847,1.0,0.7130190824855847,1525,0.3974459212926766,1.0,1
"iteration_3","SCOPE_DATA_COLLECTION",1000,56,3430.0,3490.0,2,6056,4190,1385,6261,4245,1374,4835,3285,1060,1230,898,324,0.20280296784830998,0.21467846043509442,0.23410404624277456,0.42228339197802567,0.813064486937292,1.3753951759189078,0.8445667839560513,0.813064486937292,0.9169301172792719,0.3873836608066184,0.4919330289193303,0.530188679245283,97.5,100.0,4853,2090,4688,31,3,2418,0.0063878013599835155,0.0014354066985645933,0.5157849829351536,0.30000000000000004,0.7000000000000001,0.4,0.30000000000000004,50.0,95.0,70.0,0.4,0.7000000000000001,0.4,0.2,50.0,95.0,70.0,1396,1272,124,1396,0.08882521489971347,1.2208527832169038,1.5,0.8139018554779359,581,0.45676100628930816,1.0,1
"iteration_3","SCOPE_DATA_COLLECTION",1000,57,3490.0,3550.0,0,6087,4181,1396,6056,4190,1385,5623,3834,1266,462,346,124,0.07592440427280198,0.08277511961722488,0.08920863309352518,0.37608673076864374,0.7154283245983915,1.2186948722221198,0.7521734615372875,0.7154283245983915,0.8124632481480799,0.3222479103681309,0.39932185706833595,0.4549763033175355,100.0,100.0,4759,2735,4170,30,1,901,0.006303845345660853,3.6563071297989033E-4,0.21606714628297363,0.4,0.7000000000000001,0.4,0.2,50.0,95.0,70.0,0.45,0.7000000000000001,0.1,0.7000000000000001,50.0,65.0,75.0,6082,5929,153,6082,0.02515619861887537,0.3207309407056583,0.5,0.6414618814113165,1631,0.27508854781582054,1.0,1
"iteration_3","SCOPE_DATA_COLLECTION",1000,57,3490.0,3550.0,1,6087,4181,1396,6056,4190,1385,5623,3834,1266,462,346,124,0.07592440427280198,0.08277511961722488,0.08920863309352518,0.37608673076864374,0.7154283245983915,1.2186948722221198,0.7521734615372875,0.7154283245983915,0.8124632481480799,0.3222479103681309,0.39932185706833595,0.4549763033175355,100.0,100.0,4759,2735,4170,30,1,901,0.006303845345660853,3.6563071297989033E-4,0.21606714628297363,0.4,0.7000000000000001,0.4,0.2,50.0,95.0,70.0,0.45,0.7000000000000001,0.1,0.7000000000000001,50.0,65.0,75.0,4219,4098,121,4219,0.028679781938848067,0.6380464107822628,1.0,0.6380464107822628,1560,0.3806734992679356,1.0,1
"iteration_3","SCOPE_DATA_COLLECTION",1000,57,3490.0,3550.0,2,6087,4181,1396,6056,4190,1385,5623,3834,1266,462,346,124,0.07592440427280198,0.08277511961722488,0.08920863309352518,0.37608673076864374,0.7154283245983915,1.2186948722221198,0.7521734615372875,0.7154283245983915,0.8124632481480799,0.3222479103681309,0.39932185706833595,0.4549763033175355,100.0,100.0,4759,2735,4170,30,1,901,0.006303845345660853,3.6563071297989033E-4,0.21606714628297363,0.4,0.7000000000000001,0.4,0.2,50.0,95.0,70.0,0.45,0.7000000000000001,0.1,0.7000000000000001,50.0,65.0,75.0,1343,1290,53,1343,0.039463886820551006,1.1538493325277366,1.5,0.7692328883518244,557,0.4317829457364341,1.0,1
"iteration_3","SCOPE_DATA_COLLECTION",1000,58,3550.0,3619.1593402065687,0,6082,4219,1343,6087,4181,1396,5931,4108,1288,153,121,53,0.02514792899408284,0.028611965003546937,0.0395227442207308,0.32106420406260394,0.6402379847728134,1.1499137729259532,0.6421284081252079,0.6402379847728134,0.7666091819506354,0.2749957848592143,0.381207400194742,0.4309006211180124,97.5,100.0,4756,3100,3788,19,2,306,0.003994953742640875,6.451612903225806E-4,0.08078141499472016,0.45,0.7000000000000001,0.1,0.7000000000000001,50.0,65.0,75.0,0.45,0.7000000000000001,0.1,0.7000000000000001,50.0,65.0,75.0,5070,4885,152,5037,0.03017669247567997,0.34054581464923817,0.5,0.6810916292984763,1506,0.3082906857727738,0.993491124260355,0
"iteration_3","SCOPE_DATA_COLLECTION",1000,58,3550.0,3619.1593402065687,1,6082,4219,1343,6087,4181,1396,5931,4108,1288,153,121,53,0.02514792899408284,0.028611965003546937,0.0395227442207308,0.32106420406260394,0.6402379847728134,1.1499137729259532,0.6421284081252079,0.6402379847728134,0.7666091819506354,0.2749957848592143,0.381207400194742,0.4309006211180124,97.5,100.0,4756,3100,3788,19,2,306,0.003994953742640875,6.451612903225806E-4,0.08078141499472016,0.45,0.7000000000000001,0.1,0.7000000000000001,50.0,65.0,75.0,0.45,0.7000000000000001,0.1,0.7000000000000001,50.0,65.0,75.0,3485,3316,121,3437,0.03520512074483561,0.6497146238750106,1.0,0.6497146238750106,1320,0.39806996381182147,0.9862266857962697,0
"iteration_3","SCOPE_DATA_COLLECTION",1000,58,3550.0,3619.1593402065687,2,6082,4219,1343,6087,4181,1396,5931,4108,1288,153,121,53,0.02514792899408284,0.028611965003546937,0.0395227442207308,0.32106420406260394,0.6402379847728134,1.1499137729259532,0.6421284081252079,0.6402379847728134,0.7666091819506354,0.2749957848592143,0.381207400194742,0.4309006211180124,97.5,100.0,4756,3100,3788,19,2,306,0.003994953742640875,6.451612903225806E-4,0.08078141499472016,0.45,0.7000000000000001,0.1,0.7000000000000001,50.0,65.0,75.0,0.45,0.7000000000000001,0.1,0.7000000000000001,50.0,65.0,75.0,1115,1040,59,1099,0.05368516833484986,1.1406205092838408,1.5,0.7604136728558939,437,0.4201923076923077,0.9856502242152466,0
"iteration_3","SCOPE_DATA_COLLECTION",1100,0,70.0,130.0,0,5529,4582,1386,0,0,0,5497,4501,1333,11,22,23,0.0019970951343500363,0.004864028299801017,0.01696165191740413,0.29980882089178007,0.6580621981542996,1.077429683448455,0.5996176417835601,0.6580621981542996,0.7182864556323033,0.24558850281971983,0.3736947345034437,0.3870967741935484,97.5,100.0,4640,4066,2791,53,3,0,0.011422413793103449,7.378258730939498E-4,0.0,0.6,0.5,0.7,0.4,85.0,80.0,90.0,0.35000000000000003,0.5,0.4,0.1,95.0,55.0,95.0,6050,4876,1174,6050,0.19404958677685952,0.38369221691430877,0.5,0.7673844338286175,1716,0.35192780968006565,1.0,1
"iteration_3","SCOPE_DATA_COLLECTION",1100,0,70.0,130.0,1,5529,4582,1386,0,0,0,5497,4501,1333,11,22,23,0.0019970951343500363,0.004864028299801017,0.01696165191740413,0.29980882089178007,0.6580621981542996,1.077429683448455,0.5996176417835601,0.6580621981542996,0.7182864556323033,0.24558850281971983,0.3736947345034437,0.3870967741935484,97.5,100.0,4640,4066,2791,53,3,0,0.011422413793103449,7.378258730939498E-4,0.0,0.6,0.5,0.7,0.4,85.0,80.0,90.0,0.35000000000000003,0.5,0.4,0.1,95.0,55.0,95.0,5014,4036,978,5014,0.1950538492221779,0.7695985493516455,1.0,0.7695985493516455,1809,0.44821605550049554,1.0,1
"iteration_3","SCOPE_DATA_COLLECTION",1100,0,70.0,130.0,2,5529,4582,1386,0,0,0,5497,4501,1333,11,22,23,0.0019970951343500363,0.004864028299801017,0.01696165191740413,0.29980882089178007,0.6580621981542996,1.077429683448455,0.5996176417835601,0.6580621981542996,0.7182864556323033,0.24558850281971983,0.3736947345034437,0.3870967741935484,97.5,100.0,4640,4066,2791,53,3,0,0.011422413793103449,7.378258730939498E-4,0.0,0.6,0.5,0.7,0.4,85.0,80.0,90.0,0.35000000000000003,0.5,0.4,0.1,95.0,55.0,95.0,1504,1213,291,1504,0.1934840425531915,1.2892559107559411,1.5,0.8595039405039607,609,0.5020610057708161,1.0,1
"iteration_3","SCOPE_DATA_COLLECTION",1100,1,130.0,190.0,0,6050,5014,1504,5529,4582,1386,4875,4049,1224,1174,978,291,0.19408166639113902,0.19454943306146807,0.19207920792079208,0.38305473264009826,0.7728409887829266,1.2924423543086583,0.7661094652801965,0.7728409887829266,0.8616282362057722,0.35097435897435897,0.4492467275870585,0.5032679738562091,97.5,100.0,4694,2748,5126,24,2,2417,0.0051129100979974435,7.27802037845706E-4,0.47151775263363244,0.35000000000000003,0.5,0.4,0.1,95.0,55.0,95.0,0.35000000000000003,0.5,0.5,0.1,95.0,65.0,95.0,5906,4757,1149,5906,0.1945479173721639,0.4106612565822716,0.5,0.8213225131645432,1692,0.3556863569476561,1.0,1
"iteration_3","SCOPE_DATA_COLLECTION",1100,1,130.0,190.0,1,6050,5014,1504,5529,4582,1386,4875,4049,1224,1174,978,291,0.19408166639113902,0.19454943306146807,0.19207920792079208,0.38305473264009826,0.7728409887829266,1.2924423543086583,0.7661094652801965,0.7728409887829266,0.8616282362057722,0.35097435897435897,0.4492467275870585,0.5032679738562091,97.5,100.0,4694,2748,5126,24,2,2417,0.0051129100979974435,7.27802037845706E-4,0.47151775263363244,0.35000000000000003,0.5,0.4,0.1,95.0,55.0,95.0,0.35000000000000003,0.5,0.5,0.1,95.0,65.0,95.0,5062,4108,954,5062,0.18846305807981034,0.8132239724028151,1.0,0.8132239724028151,1878,0.4571567672833496,1.0,1
"iteration_3","SCOPE_DATA_COLLECTION",1100,1,130.0,190.0,2,6050,5014,1504,5529,4582,1386,4875,4049,1224,1174,978,291,0.19408166639113902,0.19454943306146807,0.19207920792079208,0.38305473264009826,0.7728409887829266,1.2924423543086583,0.7661094652801965,0.7728409887829266,0.8616282362057722,0.35097435897435897,0.4492467275870585,0.5032679738562091,97.5,100.0,4694,2748,5126,24,2,2417,0.0051129100979974435,7.27802037845706E-4,0.47151775263363244,0.35000000000000003,0.5,0.4,0.1,95.0,55.0,95.0,0.35000000000000003,0.5,0.5,0.1,95.0,65.0,95.0,1520,1212,308,1520,0.2026315789473684,1.2432581931292928,1.5,0.8288387954195285,569,0.46947194719471946,1.0,1
"iteration_3","SCOPE_DATA_COLLECTION",1100,2,190.0,250.0,0,5906,5062,1520,6050,5014,1504,4738,4106,1205,1149,954,308,0.19517581110922372,0.18853754940711462,0.20356906807666886,0.4093101938174723,0.8101139551933673,1.2323689920325391,0.8186203876349446,0.8101139551933673,0.8215793280216928,0.3533136344449135,0.4568923526546517,0.46556016597510375,97.5,100.0,4778,2668,5042,32,1,2378,0.006697362913352867,3.748125937031484E-4,0.4716382387941293,0.35000000000000003,0.5,0.5,0.1,95.0,65.0,95.0,0.35000000000000003,0.6000000000000001,0.6000000000000001,0.1,85.0,75.0,95.0,5986,4531,1455,5986,0.24306715669896425,0.4305764329560173,0.5,0.8611528659120345,1820,0.40167733392187155,1.0,1
"iteration_3","SCOPE_DATA_COLLECTION",1100,2,190.0,250.0,1,5906,5062,1520,6050,5014,1504,4738,4106,1205,1149,954,308,0.19517581110922372,0.18853754940711462,0.20356906807666886,0.4093101938174723,0.8101139551933673,1.2323689920325391,0.8186203876349446,0.8101139551933673,0.8215793280216928,0.3533136344449135,0.4568923526546517,0.46556016597510375,97.5,100.0,4778,2668,5042,32,1,2378,0.006697362913352867,3.748125937031484E-4,0.4716382387941293,0.35000000000000003,0.5,0.5,0.1,95.0,65.0,95.0,0.35000000000000003,0.6000000000000001,0.6000000000000001,0.1,85.0,75.0,95.0,4963,3683,1280,4963,0.25790852307072337,0.8462320409509102,1.0,0.8462320409509102,1863,0.5058376323649199,1.0,1
"iteration_3","SCOPE_DATA_COLLECTION",1100,2,190.0,250.0,2,5906,5062,1520,6050,5014,1504,4738,4106,1205,1149,954,308,0.19517581110922372,0.18853754940711462,0.20356906807666886,0.4093101938174723,0.8101139551933673,1.2323689920325391,0.8186203876349446,0.8101139551933673,0.8215793280216928,0.3533136344449135,0.4568923526546517,0.46556016597510375,97.5,100.0,4778,2668,5042,32,1,2378,0.006697362913352867,3.748125937031484E-4,0.4716382387941293,0.35000000000000003,0.5,0.5,0.1,95.0,65.0,95.0,0.35000000000000003,0.6000000000000001,0.6000000000000001,0.1,85.0,75.0,95.0,1537,1125,412,1537,0.2680546519193234,1.348038002289855,1.5,0.89869200152657,601,0.5342222222222223,1.0,1
"iteration_3","SCOPE_DATA_COLLECTION",1100,3,250.0,310.0,0,5986,4963,1537,5906,5062,1520,4556,3693,1123,1455,1280,412,0.24205623024455167,0.2573899054896441,0.26840390879478826,0.4324842824513255,0.8492615860154977,1.3527262789186696,0.864968564902651,0.8492615860154977,0.901817519279113,0.4047410008779631,0.5074465204440834,0.5342831700801425,100.0,100.0,4788,2782,4916,24,2,3121,0.005012531328320802,7.189072609633358E-4,0.6348657445077298,0.35000000000000003,0.6000000000000001,0.6000000000000001,0.1,85.0,75.0,95.0,0.35000000000000003,0.6000000000000001,0.5,0.2,75.0,85.0,85.0,6002,4586,1416,6002,0.23592135954681773,0.4329590197662048,0.5,0.8659180395324096,1889,0.41190580026166596,1.0,1
"iteration_3","SCOPE_DATA_COLLECTION",1100,3,250.0,310.0,1,5986,4963,1537,5906,5062,1520,4556,3693,1123,1455,1280,412,0.24205623024455167,0.2573899054896441,0.26840390879478826,0.4324842824513255,0.8492615860154977,1.3527262789186696,0.864968564902651,0.8492615860154977,0.901817519279113,0.4047410008779631,0.5074465204440834,0.5342831700801425,100.0,100.0,4788,2782,4916,24,2,3121,0.005012531328320802,7.189072609633358E-4,0.6348657445077298,0.35000000000000003,0.6000000000000001,0.6000000000000001,0.1,85.0,75.0,95.0,0.35000000000000003,0.6000000000000001,0.5,0.2,75.0,85.0,85.0,4854,3679,1175,4854,0.24206839719818707,0.8283046318002198,1.0,0.8283046318002198,1757,0.47757542810546344,1.0,1
"iteration_3","SCOPE_DATA_COLLECTION",1100,3,250.0,310.0,2,5986,4963,1537,5906,5062,1520,4556,3693,1123,1455,1280,412,0.24205623024455167,0.2573899054896441,0.26840390879478826,0.4324842824513255,0.8492615860154977,1.3527262789186696,0.864968564902651,0.8492615860154977,0.901817519279113,0.4047410008779631,0.5074465204440834,0.5342831700801425,100.0,100.0,4788,2782,4916,24,2,3121,0.005012531328320802,7.189072609633358E-4,0.6348657445077298,0.35000000000000003,0.6000000000000001,0.6000000000000001,0.1,85.0,75.0,95.0,0.35000000000000003,0.6000000000000001,0.5,0.2,75.0,85.0,85.0,1518,1150,368,1518,0.24242424242424243,1.3636621498809878,1.5,0.9091080999206586,596,0.5182608695652174,1.0,1
"iteration_3","SCOPE_DATA_COLLECTION",1100,4,310.0,370.0,0,6002,4854,1518,5986,4963,1537,4557,3661,1147,1416,1175,368,0.2370668006027122,0.24296939619520264,0.2429042904290429,0.42189598064097333,0.8228246991618057,1.3525328020254686,0.8437919612819467,0.8228246991618057,0.9016885346836457,0.4077243800746105,0.47500682873531824,0.5170008718395815,100.0,100.0,4882,2612,4880,46,2,2911,0.009422367882015567,7.656967840735069E-4,0.596516393442623,0.35000000000000003,0.6000000000000001,0.5,0.2,75.0,85.0,85.0,0.25,0.5,0.5,0.1,65.0,85.0,85.0,6040,3392,2648,6040,0.4384105960264901,0.49399772794644886,0.5,0.9879954558928977,1629,0.48024764150943394,1.0,1
"iteration_3","SCOPE_DATA_COLLECTION",1100,4,310.0,370.0,1,6002,4854,1518,5986,4963,1537,4557,3661,1147,1416,1175,368,0.2370668006027122,0.24296939619520264,0.2429042904290429,0.42189598064097333,0.8228246991618057,1.3525328020254686,0.8437919612819467,0.8228246991618057,0.9016885346836457,0.4077243800746105,0.47500682873531824,0.5170008718395815,100.0,100.0,4882,2612,4880,46,2,2911,0.009422367882015567,7.656967840735069E-4,0.596516393442623,0.35000000000000003,0.6000000000000001,0.5,0.2,75.0,85.0,85.0,0.25,0.5,0.5,0.1,65.0,85.0,85.0,5007,2812,2195,5007,0.4383862592370681,1.0249061762243228,1.0,1.0249061762243228,1858,0.6607396870554765,1.0,1
"iteration_3","SCOPE_DATA_COLLECTION",1100,4,310.0,370.0,2,6002,4854,1518,5986,4963,1537,4557,3661,1147,1416,1175,368,0.2370668006027122,0.24296939619520264,0.2429042904290429,0.42189598064097333,0.8228246991618057,1.3525328020254686,0.8437919612819467,0.8228246991618057,0.9016885346836457,0.4077243800746105,0.47500682873531824,0.5170008718395815,100.0,100.0,4882,2612,4880,46,2,2911,0.009422367882015567,7.656967840735069E-4,0.596516393442623,0.35000000000000003,0.6000000000000001,0.5,0.2,75.0,85.0,85.0,0.25,0.5,0.5,0.1,65.0,85.0,85.0,1486,801,685,1486,0.4609690444145357,1.6186190746033904,1.5,1.079079383068927,554,0.6916354556803995,1.0,1
"iteration_3","SCOPE_DATA_COLLECTION",1100,5,370.0,430.0,0,6040,5007,1486,6002,4854,1518,3423,2837,801,2648,2195,685,0.436171965079888,0.43620826709062005,0.4609690444145357,0.5080486699768576,1.0334544502962202,1.6363407049891483,1.0160973399537152,1.0334544502962202,1.0908938033260989,0.4843704352906807,0.6637292915051111,0.6953807740324595,100.0,100.0,4803,1912,5818,33,1,5494,0.006870705808869456,5.230125523012552E-4,0.944310759711241,0.25,0.5,0.5,0.1,65.0,85.0,85.0,0.25,0.5,0.5,0.1,65.0,85.0,85.0,5912,3499,2413,5912,0.4081529093369418,0.4726320419853174,0.5,0.9452640839706348,1664,0.47556444698485284,1.0,1
"iteration_3","SCOPE_DATA_COLLECTION",1100,5,370.0,430.0,1,6040,5007,1486,6002,4854,1518,3423,2837,801,2648,2195,685,0.436171965079888,0.43620826709062005,0.4609690444145357,0.5080486699768576,1.0334544502962202,1.6363407049891483,1.0160973399537152,1.0334544502962202,1.0908938033260989,0.4843704352906807,0.6637292915051111,0.6953807740324595,100.0,100.0,4803,1912,5818,33,1,5494,0.006870705808869456,5.230125523012552E-4,0.944310759711241,0.25,0.5,0.5,0.1,65.0,85.0,85.0,0.25,0.5,0.5,0.1,65.0,85.0,85.0,5034,2986,2048,5034,0.40683353198251887,0.9812267775489161,1.0,0.9812267775489161,1841,0.616543871399866,1.0,1
"iteration_3","SCOPE_DATA_COLLECTION",1100,5,370.0,430.0,2,6040,5007,1486,6002,4854,1518,3423,2837,801,2648,2195,685,0.436171965079888,0.43620826709062005,0.4609690444145357,0.5080486699768576,1.0334544502962202,1.6363407049891483,1.0160973399537152,1.0334544502962202,1.0908938033260989,0.4843704352906807,0.6637292915051111,0.6953807740324595,100.0,100.0,4803,1912,5818,33,1,5494,0.006870705808869456,5.230125523012552E-4,0.944310759711241,0.25,0.5,0.5,0.1,65.0,85.0,85.0,0.25,0.5,0.5,0.1,65.0,85.0,85.0,1501,890,611,1501,0.40706195869420386,1.5327363162646856,1.5,1.0218242108431237,574,0.6449438202247191,1.0,1
"iteration_3","SCOPE_DATA_COLLECTION",1100,6,430.0,490.0,0,5912,5034,1501,6040,5007,1486,3484,2966,902,2413,2048,611,0.4091911141258267,0.4084563222975668,0.4038334434897555,0.4711543219198318,0.9785563678826394,1.5385336289882512,0.9423086438396636,0.9785563678826394,1.0256890859921675,0.47388059701492535,0.614969656102495,0.647450110864745,95.0,100.0,4779,1980,5688,15,0,5057,0.003138731952291274,0.0,0.8890646976090014,0.25,0.5,0.5,0.1,65.0,85.0,85.0,0.25,0.5,0.5,0.1,65.0,85.0,85.0,6049,3501,2548,6049,0.421226649032898,0.46443882382264967,0.5,0.9288776476452993,1669,0.4767209368751785,1.0,1
"iteration_3","SCOPE_DATA_COLLECTION",1100,6,430.0,490.0,1,5912,5034,1501,6040,5007,1486,3484,2966,902,2413,2048,611,0.4091911141258267,0.4084563222975668,0.4038334434897555,0.4711543219198318,0.9785563678826394,1.5385336289882512,0.9423086438396636,0.9785563678826394,1.0256890859921675,0.47388059701492535,0.614969656102495,0.647450110864745,95.0,100.0,4779,1980,5688,15,0,5057,0.003138731952291274,0.0,0.8890646976090014,0.25,0.5,0.5,0.1,65.0,85.0,85.0,0.25,0.5,0.5,0.1,65.0,85.0,85.0,4983,2808,2175,4983,0.43648404575556893,0.9813484590920865,1.0,0.9813484590920865,1762,0.6274928774928775,1.0,1
"iteration_3","SCOPE_DATA_COLLECTION",1100,6,430.0,490.0,2,5912,5034,1501,6040,5007,1486,3484,2966,902,2413,2048,611,0.4091911141258267,0.4084563222975668,0.4038334434897555,0.4711543219198318,0.9785563678826394,1.5385336289882512,0.9423086438396636,0.9785563678826394,1.0256890859921675,0.47388059701492535,0.614969656102495,0.647450110864745,95.0,100.0,4779,1980,5688,15,0,5057,0.003138731952291274,0.0,0.8890646976090014,0.25,0.5,0.5,0.1,65.0,85.0,85.0,0.25,0.5,0.5,0.1,65.0,85.0,85.0,1528,874,654,1528,0.4280104712041885,1.5785799959097528,1.5,1.0523866639398352,582,0.665903890160183,1.0,1
"iteration_3","SCOPE_DATA_COLLECTION",1100,7,490.0,550.0,0,6049,4983,1528,5912,5034,1501,3513,2812,869,2548,2175,654,0.420392674476159,0.4361339482654903,0.4294156270518713,0.46522966013354905,0.9823044759698893,1.5698725177210373,0.9304593202670981,0.9823044759698893,1.0465816784806916,0.47822374039282667,0.6266002844950214,0.6616800920598389,100.0,100.0,4738,1994,5828,30,0,5347,0.006331785563528915,0.0,0.9174673987645847,0.25,0.5,0.5,0.1,65.0,85.0,85.0,0.35000000000000003,0.4,0.4,0.1,55.0,75.0,75.0,6031,4233,1798,6031,0.2981263472061018,0.44899586664565116,0.5,0.8979917332913023,1830,0.43231750531537916,1.0,1
"iteration_3","SCOPE_DATA_COLLECTION",1100,7,490.0,550.0,1,6049,4983,1528,5912,5034,1501,3513,2812,869,2548,2175,654,0.420392674476159,0.4361339482654903,0.4294156270518713,0.46522966013354905,0.9823044759698893,1.5698725177210373,0.9304593202670981,0.9823044759698893,1.0465816784806916,0.47822374039282667,0.6266002844950214,0.6616800920598389,100.0,100.0,4738,1994,5828,30,0,5347,0.006331785563528915,0.0,0.9174673987645847,0.25,0.5,0.5,0.1,65.0,85.0,85.0,0.35000000000000003,0.4,0.4,0.1,55.0,75.0,75.0,5135,3557,1578,5135,0.30730282375851997,0.8881349602880906,1.0,0.8881349602880906,1871,0.5260050604441946,1.0,1
"iteration_3","SCOPE_DATA_COLLECTION",1100,7,490.0,550.0,2,6049,4983,1528,5912,5034,1501,3513,2812,869,2548,2175,654,0.420392674476159,0.4361339482654903,0.4294156270518713,0.46522966013354905,0.9823044759698893,1.5698725177210373,0.9304593202670981,0.9823044759698893,1.0465816784806916,0.47822374039282667,0.6266002844950214,0.6616800920598389,100.0,100.0,4738,1994,5828,30,0,5347,0.006331785563528915,0.0,0.9174673987645847,0.25,0.5,0.5,0.1,65.0,85.0,85.0,0.35000000000000003,0.4,0.4,0.1,55.0,75.0,75.0,1569,1059,510,1569,0.32504780114722753,1.4404885182166811,1.5,0.9603256788111207,602,0.5684608120868744,1.0,1
"iteration_3","SCOPE_DATA_COLLECTION",1100,8,550.0,610.0,0,6031,5135,1569,6049,4983,1528,4215,3557,1048,1791,1560,504,0.2982017982017982,0.30486613249951144,0.3247422680412371,0.4486206557392113,0.8864294709629802,1.441980474066739,0.8972413114784226,0.8864294709629802,0.9613203160444926,0.4313167259786477,0.5268484678099522,0.5696564885496184,100.0,100.0,4823,2701,5211,23,3,3829,0.004768816089570807,0.0011106997408367272,0.7347917866052581,0.35000000000000003,0.4,0.4,0.1,55.0,75.0,75.0,0.8500000000000001,0.1,0.1,0.2,65.0,20.0,65.0,5952,5941,11,5952,0.0018481182795698926,0.277567368433935,0.5,0.55513473686787,1278,0.21511530045446894,1.0,1
"iteration_3","SCOPE_DATA_COLLECTION",1100,8,550.0,610.0,1,6031,5135,1569,6049,4983,1528,4215,3557,1048,1791,1560,504,0.2982017982017982,0.30486613249951144,0.3247422680412371,0.4486206557392113,0.8864294709629802,1.441980474066739,0.8972413114784226,0.8864294709629802,0.9613203160444926,0.4313167259786477,0.5268484678099522,0.5696564885496184,100.0,100.0,4823,2701,5211,23,3,3829,0.004768816089570807,0.0011106997408367272,0.7347917866052581,0.35000000000000003,0.4,0.4,0.1,55.0,75.0,75.0,0.8500000000000001,0.1,0.1,0.2,65.0,20.0,65.0,5040,5027,13,5040,0.0025793650793650793,0.6111489707123993,1.0,0.6111489707123993,1797,0.35746966381539685,1.0,1
"iteration_3","SCOPE_DATA_COLLECTION",1100,8,550.0,610.0,2,6031,5135,1569,6049,4983,1528,4215,3557,1048,1791,1560,504,0.2982017982017982,0.30486613249951144,0.3247422680412371,0.4486206557392113,0.8864294709629802,1.441980474066739,0.8972413114784226,0.8864294709629802,0.9613203160444926,0.4313167259786477,0.5268484678099522,0.5696564885496184,100.0,100.0,4823,2701,5211,23,3,3829,0.004768816089570807,0.0011106997408367272,0.7347917866052581,0.35000000000000003,0.4,0.4,0.1,55.0,75.0,75.0,0.8500000000000001,0.1,0.1,0.2,65.0,20.0,65.0,1513,1497,16,1513,0.010575016523463317,1.0854599048147593,1.5,0.7236399365431728,601,0.4014696058784235,1.0,1
"iteration_3","SCOPE_DATA_COLLECTION",1100,9,610.0,670.0,0,5952,5040,1513,6031,5135,1569,5958,5015,1501,18,30,22,0.0030120481927710845,0.005946481665014866,0.014445173998686802,0.27910351626966523,0.6130232162173648,1.092276965737927,0.5582070325393305,0.6130232162173648,0.7281846438252847,0.21769050016784156,0.3571286141575274,0.4043970686209194,95.0,100.0,4833,6547,1125,28,5,37,0.005793503000206911,7.637085688101421E-4,0.03288888888888889,0.8500000000000001,0.1,0.1,0.2,65.0,20.0,65.0,0.9500000000000001,0.1,0.1,0.2,65.0,20.0,75.0,5985,5977,8,5985,0.0013366750208855473,0.2805110539597116,0.5,0.5610221079194232,1239,0.20729462941274887,1.0,1
"iteration_3","SCOPE_DATA_COLLECTION",1100,9,610.0,670.0,1,5952,5040,1513,6031,5135,1569,5958,5015,1501,18,30,22,0.0030120481927710845,0.005946481665014866,0.014445173998686802,0.27910351626966523,0.6130232162173648,1.092276965737927,0.5582070325393305,0.6130232162173648,0.7281846438252847,0.21769050016784156,0.3571286141575274,0.4043970686209194,95.0,100.0,4833,6547,1125,28,5,37,0.005793503000206911,7.637085688101421E-4,0.03288888888888889,0.8500000000000001,0.1,0.1,0.2,65.0,20.0,65.0,0.9500000000000001,0.1,0.1,0.2,65.0,20.0,75.0,5058,5049,9,5058,0.0017793594306049821,0.6259028240275311,1.0,0.6259028240275311,1876,0.37155872449990096,1.0,1
"iteration_3","SCOPE_DATA_COLLECTION",1100,9,610.0,670.0,2,5952,5040,1513,6031,5135,1569,5958,5015,1501,18,30,22,0.0030120481927710845,0.005946481665014866,0.014445173998686802,0.27910351626966523,0.6130232162173648,1.092276965737927,0.5582070325393305,0.6130232162173648,0.7281846438252847,0.21769050016784156,0.3571286141575274,0.4043970686209194,95.0,100.0,4833,6547,1125,28,5,37,0.005793503000206911,7.637085688101421E-4,0.03288888888888889,0.8500000000000001,0.1,0.1,0.2,65.0,20.0,65.0,0.9500000000000001,0.1,0.1,0.2,65.0,20.0,75.0,1518,1507,11,1518,0.007246376811594203,1.0465037750741915,1.5,0.6976691833827943,572,0.3795620437956204,1.0,1
"iteration_3","SCOPE_DATA_COLLECTION",1100,10,670.0,730.0,0,5985,5058,1518,5952,5040,1513,5973,5053,1513,8,10,11,0.001337568968399933,0.0019751135690302193,0.007217847769028871,0.28044498786269495,0.6267232715419174,1.0464931396790322,0.5608899757253899,0.6267232715419174,0.6976620931193548,0.20726603047045036,0.3726499109439937,0.37937871777924653,100.0,100.0,4939,7251,371,19,10,0,0.0038469325774448267,0.0013791201213625708,0.0,0.9500000000000001,0.1,0.1,0.2,65.0,20.0,75.0,0.9500000000000001,0.5,0.2,0.7000000000000001,95.0,30.0,85.0,6123,6110,13,6123,0.0021231422505307855,0.31372153728840735,0.5,0.6274430745768147,1628,0.2664484451718494,1.0,1
"iteration_3","SCOPE_DATA_COLLECTION",1100,10,670.0,730.0,1,5985,5058,1518,5952,5040,1513,5973,5053,1513,8,10,11,0.001337568968399933,0.0019751135690302193,0.007217847769028871,0.28044498786269495,0.6267232715419174,1.0464931396790322,0.5608899757253899,0.6267232715419174,0.6976620931193548,0.20726603047045036,0.3726499109439937,0.37937871777924653,100.0,100.0,4939,7251,371,19,10,0,0.0038469325774448267,0.0013791201213625708,0.0,0.9500000000000001,0.1,0.1,0.2,65.0,20.0,75.0,0.9500000000000001,0.5,0.2,0.7000000000000001,95.0,30.0,85.0,4914,4908,6,4914,0.001221001221001221,0.6156199202599217,1.0,0.6156199202599217,1742,0.35493072534637327,1.0,1
"iteration_3","SCOPE_DATA_COLLECTION",1100,10,670.0,730.0,2,5985,5058,1518,5952,5040,1513,5973,5053,1513,8,10,11,0.001337568968399933,0.0019751135690302193,0.007217847769028871,0.28044498786269495,0.6267232715419174,1.0464931396790322,0.5608899757253899,0.6267232715419174,0.6976620931193548,0.20726603047045036,0.3726499109439937,0.37937871777924653,100.0,100.0,4939,7251,371,19,10,0,0.0038469325774448267,0.0013791201213625708,0.0,0.9500000000000001,0.1,0.1,0.2,65.0,20.0,75.0,0.9500000000000001,0.5,0.2,0.7000000000000001,95.0,30.0,85.0,1558,1542,16,1558,0.010269576379974325,1.0430619480845993,1.5,0.6953746320563995,561,0.3638132295719844,1.0,1
"iteration_3","SCOPE_DATA_COLLECTION",1100,11,730.0,790.0,0,6123,4914,1558,5985,5058,1518,6100,4905,1540,12,6,16,0.001963350785340314,0.0012217470983506415,0.010282776349614395,0.3124559877174577,0.6150845349076579,1.0420164316758902,0.6249119754349154,0.6150845349076579,0.6946776211172602,0.2639344262295082,0.3547400611620795,0.36428571428571427,97.5,100.0,4934,7262,399,29,5,0,0.005877584110255371,6.885155604516662E-4,0.0,0.9500000000000001,0.5,0.2,0.7000000000000001,95.0,30.0,85.0,0.9500000000000001,0.6000000000000001,0.2,0.8,95.0,20.0,95.0,5991,5981,10,5991,0.0016691704223001167,0.3035728957509774,0.5,0.6071457915019548,1505,0.2516301621802374,1.0,1
"iteration_3","SCOPE_DATA_COLLECTION",1100,11,730.0,790.0,1,6123,4914,1558,5985,5058,1518,6100,4905,1540,12,6,16,0.001963350785340314,0.0012217470983506415,0.010282776349614395,0.3124559877174577,0.6150845349076579,1.0420164316758902,0.6249119754349154,0.6150845349076579,0.6946776211172602,0.2639344262295082,0.3547400611620795,0.36428571428571427,97.5,100.0,4934,7262,399,29,5,0,0.005877584110255371,6.885155604516662E-4,0.0,0.9500000000000001,0.5,0.2,0.7000000000000001,95.0,30.0,85.0,0.9500000000000001,0.6000000000000001,0.2,0.8,95.0,20.0,95.0,5063,5044,19,5063,0.0037527157811574167,0.6057044969357263,1.0,0.6057044969357263,1763,0.3495241871530531,1.0,1
"iteration_3","SCOPE_DATA_COLLECTION",1100,11,730.0,790.0,2,6123,4914,1558,5985,5058,1518,6100,4905,1540,12,6,16,0.001963350785340314,0.0012217470983506415,0.010282776349614395,0.3124559877174577,0.6150845349076579,1.0420164316758902,0.6249119754349154,0.6150845349076579,0.6946776211172602,0.2639344262295082,0.3547400611620795,0.36428571428571427,97.5,100.0,4934,7262,399,29,5,0,0.005877584110255371,6.885155604516662E-4,0.0,0.9500000000000001,0.5,0.2,0.7000000000000001,95.0,30.0,85.0,0.9500000000000001,0.6000000000000001,0.2,0.8,95.0,20.0,95.0,1512,1491,21,1512,0.013888888888888888,1.0431949568889254,1.5,0.695463304592617,543,0.3641851106639839,1.0,1
"iteration_3","SCOPE_DATA_COLLECTION",1100,12,790.0,850.0,0,5991,5063,1512,6123,4914,1558,5976,5053,1489,11,19,21,0.001837314180724904,0.003746056782334385,0.01390728476821192,0.30360440921036247,0.606350324368022,1.0446837635266661,0.6072088184207249,0.606350324368022,0.6964558423511108,0.2520080321285141,0.3494953492974471,0.3646742780389523,100.0,100.0,4795,7381,390,44,7,0,0.009176225234619395,9.483809781872375E-4,0.0,0.9500000000000001,0.6000000000000001,0.2,0.8,95.0,20.0,95.0,0.9500000000000001,0.6000000000000001,0.2,0.8,95.0,20.0,95.0,6077,6061,16,6077,0.0026328780648346224,0.3048270644746332,0.5,0.6096541289492664,1541,0.2542484738491998,1.0,1
"iteration_3","SCOPE_DATA_COLLECTION",1100,12,790.0,850.0,1,5991,5063,1512,6123,4914,1558,5976,5053,1489,11,19,21,0.001837314180724904,0.003746056782334385,0.01390728476821192,0.30360440921036247,0.606350324368022,1.0446837635266661,0.6072088184207249,0.606350324368022,0.6964558423511108,0.2520080321285141,0.3494953492974471,0.3646742780389523,100.0,100.0,4795,7381,390,44,7,0,0.009176225234619395,9.483809781872375E-4,0.0,0.9500000000000001,0.6000000000000001,0.2,0.8,95.0,20.0,95.0,0.9500000000000001,0.6000000000000001,0.2,0.8,95.0,20.0,95.0,5086,5065,21,5086,0.004128981517892253,0.6070660297201923,1.0,0.6070660297201923,1785,0.35241855873642647,1.0,1
"iteration_3","SCOPE_DATA_COLLECTION",1100,12,790.0,850.0,2,5991,5063,1512,6123,4914,1558,5976,5053,1489,11,19,21,0.001837314180724904,0.003746056782334385,0.01390728476821192,0.30360440921036247,0.606350324368022,1.0446837635266661,0.6072088184207249,0.606350324368022,0.6964558423511108,0.2520080321285141,0.3494953492974471,0.3646742780389523,100.0,100.0,4795,7381,390,44,7,0,0.009176225234619395,9.483809781872375E-4,0.0,0.9500000000000001,0.6000000000000001,0.2,0.8,95.0,20.0,95.0,0.9500000000000001,0.6000000000000001,0.2,0.8,95.0,20.0,95.0,1479,1452,27,1479,0.018255578093306288,1.084940630636889,1.5,0.7232937537579259,564,0.3884297520661157,1.0,1
"iteration_3","SCOPE_DATA_COLLECTION",1100,13,850.0,910.0,0,6077,5086,1479,5991,5063,1512,6074,5068,1452,16,21,27,0.002627257799671593,0.0041265474552957355,0.018255578093306288,0.30568899696378965,0.6072810632354049,1.0810417276226851,0.6113779939275793,0.6072810632354049,0.7206944850817901,0.25584458347053013,0.35339384372533544,0.38636363636363635,97.5,100.0,4815,7451,376,55,9,0,0.01142263759086189,0.00120789155818011,0.0,0.9500000000000001,0.6000000000000001,0.2,0.8,95.0,20.0,95.0,0.35000000000000003,0.8,0.1,0.7000000000000001,60.0,30.0,45.0,6077,4381,1696,6077,0.27908507487247,0.4124830278438669,0.5,0.8249660556877338,1800,0.410865099292399,1.0,1
"iteration_3","SCOPE_DATA_COLLECTION",1100,13,850.0,910.0,1,6077,5086,1479,5991,5063,1512,6074,5068,1452,16,21,27,0.002627257799671593,0.0041265474552957355,0.018255578093306288,0.30568899696378965,0.6072810632354049,1.0810417276226851,0.6113779939275793,0.6072810632354049,0.7206944850817901,0.25584458347053013,0.35339384372533544,0.38636363636363635,97.5,100.0,4815,7451,376,55,9,0,0.01142263759086189,0.00120789155818011,0.0,0.9500000000000001,0.6000000000000001,0.2,0.8,95.0,20.0,95.0,0.35000000000000003,0.8,0.1,0.7000000000000001,60.0,30.0,45.0,5064,3587,1477,5064,0.2916666666666667,0.79283583146691,1.0,0.79283583146691,1816,0.5062726512405911,1.0,1
"iteration_3","SCOPE_DATA_COLLECTION",1100,13,850.0,910.0,2,6077,5086,1479,5991,5063,1512,6074,5068,1452,16,21,27,0.002627257799671593,0.0041265474552957355,0.018255578093306288,0.30568899696378965,0.6072810632354049,1.0810417276226851,0.6113779939275793,0.6072810632354049,0.7206944850817901,0.25584458347053013,0.35339384372533544,0.38636363636363635,97.5,100.0,4815,7451,376,55,9,0,0.01142263759086189,0.00120789155818011,0.0,0.9500000000000001,0.6000000000000001,0.2,0.8,95.0,20.0,95.0,0.35000000000000003,0.8,0.1,0.7000000000000001,60.0,30.0,45.0,1480,1034,446,1480,0.3013513513513513,1.3767447400086705,1.5,0.9178298266724471,555,0.5367504835589942,1.0,1
"iteration_3","SCOPE_DATA_COLLECTION",1100,14,910.0,970.0,0,6077,5064,1480,6077,5086,1479,4371,3596,1041,1696,1477,446,0.2795450799406626,0.2911492213680268,0.29993275050437124,0.4104134432585207,0.7929282586433802,1.3797511952251407,0.8208268865170414,0.7929282586433802,0.9198341301500937,0.40768702814001373,0.5052836484983315,0.5379442843419788,100.0,100.0,4787,2740,5094,31,5,3583,0.006475872153749739,0.0018248175182481751,0.7033765213977228,0.35000000000000003,0.8,0.1,0.7000000000000001,60.0,30.0,45.0,0.75,0.30000000000000004,0.1,0.9,30.0,45.0,65.0,6114,6102,12,6114,0.001962708537782139,0.28545039382240295,0.5,0.5709007876448059,1446,0.23697148475909538,1.0,1
"iteration_3","SCOPE_DATA_COLLECTION",1100,14,910.0,970.0,1,6077,5064,1480,6077,5086,1479,4371,3596,1041,1696,1477,446,0.2795450799406626,0.2911492213680268,0.29993275050437124,0.4104134432585207,0.7929282586433802,1.3797511952251407,0.8208268865170414,0.7929282586433802,0.9198341301500937,0.40768702814001373,0.5052836484983315,0.5379442843419788,100.0,100.0,4787,2740,5094,31,5,3583,0.006475872153749739,0.0018248175182481751,0.7033765213977228,0.35000000000000003,0.8,0.1,0.7000000000000001,60.0,30.0,45.0,0.75,0.30000000000000004,0.1,0.9,30.0,45.0,65.0,4953,4945,8,4953,0.0016151827175449223,0.6027224458322469,1.0,0.6027224458322469,1817,0.3674418604651163,1.0,1
"iteration_3","SCOPE_DATA_COLLECTION",1100,14,910.0,970.0,2,6077,5064,1480,6077,5086,1479,4371,3596,1041,1696,1477,446,0.2795450799406626,0.2911492213680268,0.29993275050437124,0.4104134432585207,0.7929282586433802,1.3797511952251407,0.8208268865170414,0.7929282586433802,0.9198341301500937,0.40768702814001373,0.5052836484983315,0.5379442843419788,100.0,100.0,4787,2740,5094,31,5,3583,0.006475872153749739,0.0018248175182481751,0.7033765213977228,0.35000000000000003,0.8,0.1,0.7000000000000001,60.0,30.0,45.0,0.75,0.30000000000000004,0.1,0.9,30.0,45.0,65.0,1499,1483,16,1499,0.01067378252168112,0.997862339706585,1.5,0.66524155980439,525,0.354012137559002,1.0,1
"iteration_3","SCOPE_DATA_COLLECTION",1100,15,970.0,1030.0,0,6114,4953,1499,6077,5064,1480,6106,4936,1487,12,8,16,0.001961425302386401,0.0016181229773462784,0.010645375914836993,0.28672003832557375,0.6006729850153787,1.0025133562183481,0.5734400766511475,0.6006729850153787,0.6683422374788988,0.23812643301670489,0.3658833063209076,0.35642232683254876,100.0,100.0,4883,5816,1867,28,2,6,0.0057341798074953924,3.43878954607978E-4,0.0032137118371719335,0.75,0.30000000000000004,0.1,0.9,30.0,45.0,65.0,0.75,0.30000000000000004,0.1,0.9,30.0,45.0,65.0,5986,5983,3,5986,5.011693952555964E-4,0.2792684242577527,0.5,0.5585368485155054,1329,0.22212936653852583,1.0,1
"iteration_3","SCOPE_DATA_COLLECTION",1100,15,970.0,1030.0,1,6114,4953,1499,6077,5064,1480,6106,4936,1487,12,8,16,0.001961425302386401,0.0016181229773462784,0.010645375914836993,0.28672003832557375,0.6006729850153787,1.0025133562183481,0.5734400766511475,0.6006729850153787,0.6683422374788988,0.23812643301670489,0.3658833063209076,0.35642232683254876,100.0,100.0,4883,5816,1867,28,2,6,0.0057341798074953924,3.43878954607978E-4,0.0032137118371719335,0.75,0.30000000000000004,0.1,0.9,30.0,45.0,65.0,0.75,0.30000000000000004,0.1,0.9,30.0,45.0,65.0,5073,5066,7,5073,0.0013798541297062883,0.6125538492823879,1.0,0.6125538492823879,1855,0.3661666008685353,1.0,1
"iteration_3","SCOPE_DATA_COLLECTION",1100,15,970.0,1030.0,2,6114,4953,1499,6077,5064,1480,6106,4936,1487,12,8,16,0.001961425302386401,0.0016181229773462784,0.010645375914836993,0.28672003832557375,0.6006729850153787,1.0025133562183481,0.5734400766511475,0.6006729850153787,0.6683422374788988,0.23812643301670489,0.3658833063209076,0.35642232683254876,100.0,100.0,4883,5816,1867,28,2,6,0.0057341798074953924,3.43878954607978E-4,0.0032137118371719335,0.75,0.30000000000000004,0.1,0.9,30.0,45.0,65.0,0.75,0.30000000000000004,0.1,0.9,30.0,45.0,65.0,1468,1453,15,1468,0.010217983651226158,1.0334868662985213,1.5,0.6889912441990141,542,0.37302133516861663,1.0,1
"iteration_3","SCOPE_DATA_COLLECTION",1100,16,1030.0,1090.0,0,5986,5073,1468,6114,4953,1499,5991,5071,1444,3,6,15,5.005005005005005E-4,0.0011818002757533978,0.01028101439342015,0.2793855358657837,0.6148881014308775,1.0288360205235343,0.5587710717315674,0.6148881014308775,0.6858906803490229,0.2226673343348356,0.3675803589035693,0.37049861495844877,100.0,100.0,4788,5798,1941,20,4,0,0.004177109440267335,6.898930665746809E-4,0.0,0.75,0.30000000000000004,0.1,0.9,30.0,45.0,65.0,0.2,0.5,0.1,0.8,65.0,30.0,70.0,6031,3259,2772,6031,0.45962526944122034,0.4800944237139439,0.5,0.9601888474278878,1615,0.49555078244860384,1.0,1
"iteration_3","SCOPE_DATA_COLLECTION",1100,16,1030.0,1090.0,1,5986,5073,1468,6114,4953,1499,5991,5071,1444,3,6,15,5.005005005005005E-4,0.0011818002757533978,0.01028101439342015,0.2793855358657837,0.6148881014308775,1.0288360205235343,0.5587710717315674,0.6148881014308775,0.6858906803490229,0.2226673343348356,0.3675803589035693,0.37049861495844877,100.0,100.0,4788,5798,1941,20,4,0,0.004177109440267335,6.898930665746809E-4,0.0,0.75,0.30000000000000004,0.1,0.9,30.0,45.0,65.0,0.2,0.5,0.1,0.8,65.0,30.0,70.0,5041,2646,2395,5041,0.47510414600277723,0.9420726062802613,1.0,0.9420726062802613,1773,0.6700680272108843,1.0,1
"iteration_3","SCOPE_DATA_COLLECTION",1100,16,1030.0,1090.0,2,5986,5073,1468,6114,4953,1499,5991,5071,1444,3,6,15,5.005005005005005E-4,0.0011818002757533978,0.01028101439342015,0.2793855358657837,0.6148881014308775,1.0288360205235343,0.5587710717315674,0.6148881014308775,0.6858906803490229,0.2226673343348356,0.3675803589035693,0.37049861495844877,100.0,100.0,4788,5798,1941,20,4,0,0.004177109440267335,6.898930665746809E-4,0.0,0.75,0.30000000000000004,0.1,0.9,30.0,45.0,65.0,0.2,0.5,0.1,0.8,65.0,30.0,70.0,1456,768,688,1456,0.4725274725274725,1.6999946703330782,1.5,1.133329780222052,554,0.7213541666666666,1.0,1
"iteration_3","SCOPE_DATA_COLLECTION",1100,17,1090.0,1150.0,0,6031,5041,1456,5986,5073,1468,3247,2649,774,2772,2396,688,0.4605416182090048,0.4749256689791873,0.47058823529411764,0.47826323165763807,0.9417221965308981,1.6888608727622434,0.9565264633152761,0.9417221965308981,1.1259072485081623,0.49337850323375426,0.6696866742166856,0.7157622739018088,100.0,100.0,4860,1533,6135,28,1,5827,0.005761316872427984,6.523157208088715E-4,0.9497962510187449,0.2,0.5,0.1,0.8,65.0,30.0,70.0,0.2,0.5,0.1,0.8,65.0,30.0,70.0,6072,3137,2935,6072,0.4833662714097497,0.4682329281328384,0.5,0.9364658562656768,1558,0.49665285304430984,1.0,1
"iteration_3","SCOPE_DATA_COLLECTION",1100,17,1090.0,1150.0,1,6031,5041,1456,5986,5073,1468,3247,2649,774,2772,2396,688,0.4605416182090048,0.4749256689791873,0.47058823529411764,0.47826323165763807,0.9417221965308981,1.6888608727622434,0.9565264633152761,0.9417221965308981,1.1259072485081623,0.49337850323375426,0.6696866742166856,0.7157622739018088,100.0,100.0,4860,1533,6135,28,1,5827,0.005761316872427984,6.523157208088715E-4,0.9497962510187449,0.2,0.5,0.1,0.8,65.0,30.0,70.0,0.2,0.5,0.1,0.8,65.0,30.0,70.0,5089,2577,2512,5089,0.4936136765572804,0.9621773508157672,1.0,0.9621773508157672,1781,0.6911136980985643,1.0,1
"iteration_3","SCOPE_DATA_COLLECTION",1100,17,1090.0,1150.0,2,6031,5041,1456,5986,5073,1468,3247,2649,774,2772,2396,688,0.4605416182090048,0.4749256689791873,0.47058823529411764,0.47826323165763807,0.9417221965308981,1.6888608727622434,0.9565264633152761,0.9417221965308981,1.1259072485081623,0.49337850323375426,0.6696866742166856,0.7157622739018088,100.0,100.0,4860,1533,6135,28,1,5827,0.005761316872427984,6.523157208088715E-4,0.9497962510187449,0.2,0.5,0.1,0.8,65.0,30.0,70.0,0.2,0.5,0.1,0.8,65.0,30.0,70.0,1564,762,802,1564,0.5127877237851662,1.7381629840384016,1.5,1.1587753226922677,563,0.7388451443569554,1.0,1
"iteration_3","SCOPE_DATA_COLLECTION",1100,18,1150.0,1210.0,0,6072,5089,1564,6031,5041,1456,3155,2577,757,2935,2512,802,0.4819376026272578,0.4936136765572804,0.514432328415651,0.4703884932368619,0.9607333237469073,1.7362153797614093,0.9407769864737238,0.9607333237469073,1.1574769198409396,0.49920760697305866,0.6915017462165308,0.7371202113606341,97.5,100.0,4763,1608,6354,27,0,6222,0.005668696199874029,0.0,0.9792256846081209,0.2,0.5,0.1,0.8,65.0,30.0,70.0,0.5,0.2,0.5,0.4,80.0,30.0,90.0,5955,5856,99,5955,0.01662468513853904,0.3149797995436747,0.5,0.6299595990873494,1481,0.25290300546448086,1.0,1
"iteration_3","SCOPE_DATA_COLLECTION",1100,18,1150.0,1210.0,1,6072,5089,1564,6031,5041,1456,3155,2577,757,2935,2512,802,0.4819376026272578,0.4936136765572804,0.514432328415651,0.4703884932368619,0.9607333237469073,1.7362153797614093,0.9407769864737238,0.9607333237469073,1.1574769198409396,0.49920760697305866,0.6915017462165308,0.7371202113606341,97.5,100.0,4763,1608,6354,27,0,6222,0.005668696199874029,0.0,0.9792256846081209,0.2,0.5,0.1,0.8,65.0,30.0,70.0,0.5,0.2,0.5,0.4,80.0,30.0,90.0,4897,4795,102,4897,0.020829079027976313,0.6757152201668591,1.0,0.6757152201668591,1825,0.3806047966631908,1.0,1
"iteration_3","SCOPE_DATA_COLLECTION",1100,18,1150.0,1210.0,2,6072,5089,1564,6031,5041,1456,3155,2577,757,2935,2512,802,0.4819376026272578,0.4936136765572804,0.514432328415651,0.4703884932368619,0.9607333237469073,1.7362153797614093,0.9407769864737238,0.9607333237469073,1.1574769198409396,0.49920760697305866,0.6915017462165308,0.7371202113606341,97.5,100.0,4763,1608,6354,27,0,6222,0.005668696199874029,0.0,0.9792256846081209,0.2,0.5,0.1,0.8,65.0,30.0,70.0,0.5,0.2,0.5,0.4,80.0,30.0,90.0,1541,1488,53,1541,0.03439325113562622,1.1105196107576898,1.5,0.7403464071717932,586,0.39381720430107525,1.0,1
"iteration_3","SCOPE_DATA_COLLECTION",1100,19,1210.0,1270.0,0,5955,4897,1541,6072,5089,1564,5849,4776,1481,94,95,52,0.015816927477704863,0.019503182098131802,0.033920417482061316,0.3138988171175772,0.6722635752496418,1.1120110197752557,0.6277976342351544,0.6722635752496418,0.7413406798501705,0.25252179859805096,0.37814070351758794,0.3977042538825118,100.0,100.0,4925,3779,3689,58,1,182,0.011776649746192894,2.646202699126753E-4,0.04933586337760911,0.5,0.2,0.5,0.4,80.0,30.0,90.0,0.5,0.1,0.5,0.4,80.0,40.0,80.0,5988,5764,224,5988,0.03740814963259853,0.3043782283272833,0.5,0.6087564566545666,1359,0.2357737682165163,1.0,1
"iteration_3","SCOPE_DATA_COLLECTION",1100,19,1210.0,1270.0,1,5955,4897,1541,6072,5089,1564,5849,4776,1481,94,95,52,0.015816927477704863,0.019503182098131802,0.033920417482061316,0.3138988171175772,0.6722635752496418,1.1120110197752557,0.6277976342351544,0.6722635752496418,0.7413406798501705,0.25252179859805096,0.37814070351758794,0.3977042538825118,100.0,100.0,4925,3779,3689,58,1,182,0.011776649746192894,2.646202699126753E-4,0.04933586337760911,0.5,0.2,0.5,0.4,80.0,30.0,90.0,0.5,0.1,0.5,0.4,80.0,40.0,80.0,5045,4819,226,5045,0.04479682854311199,0.6769135567952093,1.0,0.6769135567952093,1838,0.3814069308985267,1.0,1
"iteration_3","SCOPE_DATA_COLLECTION",1100,19,1210.0,1270.0,2,5955,4897,1541,6072,5089,1564,5849,4776,1481,94,95,52,0.015816927477704863,0.019503182098131802,0.033920417482061316,0.3138988171175772,0.6722635752496418,1.1120110197752557,0.6277976342351544,0.6722635752496418,0.7413406798501705,0.25252179859805096,0.37814070351758794,0.3977042538825118,100.0,100.0,4925,3779,3689,58,1,182,0.011776649746192894,2.646202699126753E-4,0.04933586337760911,0.5,0.2,0.5,0.4,80.0,30.0,90.0,0.5,0.1,0.5,0.4,80.0,40.0,80.0,1564,1470,94,1564,0.06010230179028133,1.1132865255652173,1.5,0.7421910170434782,591,0.4020408163265306,1.0,1
"iteration_3","SCOPE_DATA_COLLECTION",1100,20,1270.0,1330.0,0,5988,5045,1564,5955,4897,1541,5748,4818,1478,229,233,95,0.038313535218336955,0.04612947931102752,0.06039415130324221,0.3052716105055847,0.6773221472067,1.1190827397766079,0.6105432210111694,0.6773221472067,0.746055159851072,0.23556019485038274,0.38273142382731423,0.4025710419485792,100.0,100.0,5070,3807,3720,56,2,499,0.011045364891518738,5.253480430785396E-4,0.13413978494623655,0.5,0.1,0.5,0.4,80.0,40.0,80.0,0.5,0.1,0.5,0.30000000000000004,90.0,30.0,70.0,6184,5931,253,6184,0.040912031047865456,0.3268219235259689,0.5,0.6536438470519378,1311,0.2210419828022256,1.0,1
"iteration_3","SCOPE_DATA_COLLECTION",1100,20,1270.0,1330.0,1,5988,5045,1564,5955,4897,1541,5748,4818,1478,229,233,95,0.038313535218336955,0.04612947931102752,0.06039415130324221,0.3052716105055847,0.6773221472067,1.1190827397766079,0.6105432210111694,0.6773221472067,0.746055159851072,0.23556019485038274,0.38273142382731423,0.4025710419485792,100.0,100.0,5070,3807,3720,56,2,499,0.011045364891518738,5.253480430785396E-4,0.13413978494623655,0.5,0.1,0.5,0.4,80.0,40.0,80.0,0.5,0.1,0.5,0.30000000000000004,90.0,30.0,70.0,5038,4797,241,5038,0.04783644303294958,0.7036715914138775,1.0,0.7036715914138775,1916,0.39941630185532623,1.0,1
"iteration_3","SCOPE_DATA_COLLECTION",1100,20,1270.0,1330.0,2,5988,5045,1564,5955,4897,1541,5748,4818,1478,229,233,95,0.038313535218336955,0.04612947931102752,0.06039415130324221,0.3052716105055847,0.6773221472067,1.1190827397766079,0.6105432210111694,0.6773221472067,0.746055159851072,0.23556019485038274,0.38273142382731423,0.4025710419485792,100.0,100.0,5070,3807,3720,56,2,499,0.011045364891518738,5.253480430785396E-4,0.13413978494623655,0.5,0.1,0.5,0.4,80.0,40.0,80.0,0.5,0.1,0.5,0.30000000000000004,90.0,30.0,70.0,1449,1358,91,1449,0.06280193236714976,1.1359963172900334,1.5,0.7573308781933555,561,0.41310751104565535,1.0,1
"iteration_3","SCOPE_DATA_COLLECTION",1100,21,1330.0,1390.0,0,6184,5038,1449,5988,5045,1564,5942,4802,1359,253,241,91,0.04083938660209847,0.04778901447551061,0.06275862068965517,0.3269569079736867,0.703755978266777,1.137388419244246,0.6539138159473734,0.703755978266777,0.7582589461628307,0.22197913160552002,0.3985839233652645,0.41353936718175127,100.0,100.0,5048,3820,3803,38,5,542,0.007527733755942948,0.0013089005235602095,0.14251906389692348,0.5,0.1,0.5,0.30000000000000004,90.0,30.0,70.0,0.4,0.1,0.4,0.2,90.0,40.0,60.0,5943,4829,1114,5943,0.18744741712939592,0.39421798010630454,0.5,0.7884359602126091,1425,0.2950921515841789,1.0,1
"iteration_3","SCOPE_DATA_COLLECTION",1100,21,1330.0,1390.0,1,6184,5038,1449,5988,5045,1564,5942,4802,1359,253,241,91,0.04083938660209847,0.04778901447551061,0.06275862068965517,0.3269569079736867,0.703755978266777,1.137388419244246,0.6539138159473734,0.703755978266777,0.7582589461628307,0.22197913160552002,0.3985839233652645,0.41353936718175127,100.0,100.0,5048,3820,3803,38,5,542,0.007527733755942948,0.0013089005235602095,0.14251906389692348,0.5,0.1,0.5,0.30000000000000004,90.0,30.0,70.0,0.4,0.1,0.4,0.2,90.0,40.0,60.0,5111,4084,1027,5111,0.20093915085110545,0.8396391552833361,1.0,0.8396391552833361,2009,0.4919196865817826,1.0,1
"iteration_3","SCOPE_DATA_COLLECTION",1100,21,1330.0,1390.0,2,6184,5038,1449,5988,5045,1564,5942,4802,1359,253,241,91,0.04083938660209847,0.04778901447551061,0.06275862068965517,0.3269569079736867,0.703755978266777,1.137388419244246,0.6539138159473734,0.703755978266777,0.7582589461628307,0.22197913160552002,0.3985839233652645,0.41353936718175127,100.0,100.0,5048,3820,3803,38,5,542,0.007527733755942948,0.0013089005235602095,0.14251906389692348,0.5,0.1,0.5,0.30000000000000004,90.0,30.0,70.0,0.4,0.1,0.4,0.2,90.0,40.0,60.0,1522,1209,313,1522,0.20565045992115638,1.2828181116783774,1.5,0.8552120744522517,579,0.47890818858560796,1.0,1
"iteration_3","SCOPE_DATA_COLLECTION",1100,22,1390.0,1450.0,0,5943,5111,1522,6184,5038,1449,4818,4080,1204,1114,1027,313,0.1877950101146325,0.20109653416878795,0.2063282794990112,0.39185193603082286,0.8402368800412376,1.2814753434740842,0.7837038720616457,0.8402368800412376,0.8543168956493895,0.29389788293897884,0.492156862745098,0.47591362126245845,97.5,100.0,4981,2998,4597,38,3,2413,0.007628990162617948,0.0010006671114076052,0.5249075484011312,0.4,0.1,0.4,0.2,90.0,40.0,60.0,0.5,0.1,0.4,0.30000000000000004,95.0,30.0,50.0,6023,5816,207,6023,0.03436825502241408,0.31037003501179,0.5,0.62074007002358,1332,0.22902338376891335,1.0,1
"iteration_3","SCOPE_DATA_COLLECTION",1100,22,1390.0,1450.0,1,5943,5111,1522,6184,5038,1449,4818,4080,1204,1114,1027,313,0.1877950101146325,0.20109653416878795,0.2063282794990112,0.39185193603082286,0.8402368800412376,1.2814753434740842,0.7837038720616457,0.8402368800412376,0.8543168956493895,0.29389788293897884,0.492156862745098,0.47591362126245845,97.5,100.0,4981,2998,4597,38,3,2413,0.007628990162617948,0.0010006671114076052,0.5249075484011312,0.4,0.1,0.4,0.2,90.0,40.0,60.0,0.5,0.1,0.4,0.30000000000000004,95.0,30.0,50.0,5086,4890,196,5086,0.03853716083366103,0.6997037232649256,1.0,0.6997037232649256,1954,0.39959100204498976,1.0,1
"iteration_3","SCOPE_DATA_COLLECTION",1100,22,1390.0,1450.0,2,5943,5111,1522,6184,5038,1449,4818,4080,1204,1114,1027,313,0.1877950101146325,0.20109653416878795,0.2063282794990112,0.39185193603082286,0.8402368800412376,1.2814753434740842,0.7837038720616457,0.8402368800412376,0.8543168956493895,0.29389788293897884,0.492156862745098,0.47591362126245845,97.5,100.0,4981,2998,4597,38,3,2413,0.007628990162617948,0.0010006671114076052,0.5249075484011312,0.4,0.1,0.4,0.2,90.0,40.0,60.0,0.5,0.1,0.4,0.30000000000000004,95.0,30.0,50.0,1473,1404,69,1473,0.04684317718940937,1.1242333717910926,1.5,0.7494889145273951,565,0.4024216524216524,1.0,1
"iteration_3","SCOPE_DATA_COLLECTION",1100,23,1450.0,1510.0,0,6023,5086,1473,5943,5111,1522,5830,4898,1403,207,196,69,0.03428855391750869,0.038476639183352965,0.046875,0.31324095283170844,0.7014092418273368,1.12318807310186,0.6264819056634169,0.7014092418273368,0.7487920487345733,0.23104631217838764,0.40057166190281746,0.40413399857448323,95.0,100.0,4976,3776,3830,44,3,425,0.008842443729903537,7.944915254237289E-4,0.11096605744125326,0.5,0.1,0.4,0.30000000000000004,95.0,30.0,50.0,0.4,0.1,0.30000000000000004,0.4,95.0,20.0,60.0,6028,5070,958,6028,0.15892501658925018,0.37274840573687656,0.5,0.7454968114737531,1488,0.293491124260355,1.0,1
"iteration_3","SCOPE_DATA_COLLECTION",1100,23,1450.0,1510.0,1,6023,5086,1473,5943,5111,1522,5830,4898,1403,207,196,69,0.03428855391750869,0.038476639183352965,0.046875,0.31324095283170844,0.7014092418273368,1.12318807310186,0.6264819056634169,0.7014092418273368,0.7487920487345733,0.23104631217838764,0.40057166190281746,0.40413399857448323,95.0,100.0,4976,3776,3830,44,3,425,0.008842443729903537,7.944915254237289E-4,0.11096605744125326,0.5,0.1,0.4,0.30000000000000004,95.0,30.0,50.0,0.4,0.1,0.30000000000000004,0.4,95.0,20.0,60.0,5100,4201,899,5100,0.17627450980392156,0.7947895810930803,1.0,0.7947895810930803,1951,0.46441323494406095,1.0,1
"iteration_3","SCOPE_DATA_COLLECTION",1100,23,1450.0,1510.0,2,6023,5086,1473,5943,5111,1522,5830,4898,1403,207,196,69,0.03428855391750869,0.038476639183352965,0.046875,0.31324095283170844,0.7014092418273368,1.12318807310186,0.6264819056634169,0.7014092418273368,0.7487920487345733,0.23104631217838764,0.40057166190281746,0.40413399857448323,95.0,100.0,4976,3776,3830,44,3,425,0.008842443729903537,7.944915254237289E-4,0.11096605744125326,0.5,0.1,0.4,0.30000000000000004,95.0,30.0,50.0,0.4,0.1,0.30000000000000004,0.4,95.0,20.0,60.0,1536,1244,292,1536,0.19010416666666666,1.2664083677704092,1.5,0.8442722451802728,594,0.477491961414791,1.0,1
"iteration_3","SCOPE_DATA_COLLECTION",1100,24,1510.0,1570.0,0,6028,5100,1536,6023,5086,1473,5052,4170,1250,958,899,290,0.1594009983361065,0.1773525350167686,0.18831168831168832,0.36553218380311614,0.7869704855904054,1.2605564966091376,0.7310643676062323,0.7869704855904054,0.840370997739425,0.2901821060965954,0.4606714628297362,0.4744,97.5,100.0,4997,3054,4613,43,0,2104,0.008605163097858715,0.0,0.45610231953175806,0.4,0.1,0.30000000000000004,0.4,95.0,20.0,60.0,0.75,0.9,0.4,0.9,60.0,95.0,20.0,6022,5995,27,6022,0.004483560278977084,0.30364891677848604,0.5,0.6072978335569721,1598,0.2665554628857381,1.0,1
"iteration_3","SCOPE_DATA_COLLECTION",1100,24,1510.0,1570.0,1,6028,5100,1536,6023,5086,1473,5052,4170,1250,958,899,290,0.1594009983361065,0.1773525350167686,0.18831168831168832,0.36553218380311614,0.7869704855904054,1.2605564966091376,0.7310643676062323,0.7869704855904054,0.840370997739425,0.2901821060965954,0.4606714628297362,0.4744,97.5,100.0,4997,3054,4613,43,0,2104,0.008605163097858715,0.0,0.45610231953175806,0.4,0.1,0.30000000000000004,0.4,95.0,20.0,60.0,0.75,0.9,0.4,0.9,60.0,95.0,20.0,5011,4959,52,5011,0.010377170225503891,0.6404412042355027,1.0,0.6404412042355027,1795,0.3619681387376487,1.0,1
"iteration_3","SCOPE_DATA_COLLECTION",1100,24,1510.0,1570.0,2,6028,5100,1536,6023,5086,1473,5052,4170,1250,958,899,290,0.1594009983361065,0.1773525350167686,0.18831168831168832,0.36553218380311614,0.7869704855904054,1.2605564966091376,0.7310643676062323,0.7869704855904054,0.840370997739425,0.2901821060965954,0.4606714628297362,0.4744,97.5,100.0,4997,3054,4613,43,0,2104,0.008605163097858715,0.0,0.45610231953175806,0.4,0.1,0.30000000000000004,0.4,95.0,20.0,60.0,0.75,0.9,0.4,0.9,60.0,95.0,20.0,1482,1441,41,1482,0.02766531713900135,1.0949249981269973,1.5,0.7299499987513315,562,0.39000693962526023,1.0,1
"iteration_3","SCOPE_DATA_COLLECTION",1100,25,1570.0,1630.0,0,6022,5011,1482,6028,5100,1536,6003,4983,1445,27,52,43,0.004477611940298508,0.010327706057596822,0.02889784946236559,0.30893290587060485,0.6474781109072014,1.100608058319353,0.6178658117412097,0.6474781109072014,0.7337387055462353,0.2673663168415792,0.36644591611479027,0.39307958477508653,97.5,100.0,4859,5790,1866,73,5,44,0.015023667421280099,8.635578583765112E-4,0.023579849946409433,0.75,0.9,0.4,0.9,60.0,95.0,20.0,0.65,0.9,0.4,0.8,70.0,85.0,20.0,6059,6048,11,6059,0.0018154811024921605,0.3060931918981498,0.5,0.6121863837962996,1578,0.26091269841269843,1.0,1
"iteration_3","SCOPE_DATA_COLLECTION",1100,25,1570.0,1630.0,1,6022,5011,1482,6028,5100,1536,6003,4983,1445,27,52,43,0.004477611940298508,0.010327706057596822,0.02889784946236559,0.30893290587060485,0.6474781109072014,1.100608058319353,0.6178658117412097,0.6474781109072014,0.7337387055462353,0.2673663168415792,0.36644591611479027,0.39307958477508653,97.5,100.0,4859,5790,1866,73,5,44,0.015023667421280099,8.635578583765112E-4,0.023579849946409433,0.75,0.9,0.4,0.9,60.0,95.0,20.0,0.65,0.9,0.4,0.8,70.0,85.0,20.0,5044,5023,21,5044,0.004163362410785091,0.6273620558778512,1.0,0.6273620558778512,1769,0.35217997212821023,1.0,1
"iteration_3","SCOPE_DATA_COLLECTION",1100,25,1570.0,1630.0,2,6022,5011,1482,6028,5100,1536,6003,4983,1445,27,52,43,0.004477611940298508,0.010327706057596822,0.02889784946236559,0.30893290587060485,0.6474781109072014,1.100608058319353,0.6178658117412097,0.6474781109072014,0.7337387055462353,0.2673663168415792,0.36644591611479027,0.39307958477508653,97.5,100.0,4859,5790,1866,73,5,44,0.015023667421280099,8.635578583765112E-4,0.023579849946409433,0.75,0.9,0.4,0.9,60.0,95.0,20.0,0.65,0.9,0.4,0.8,70.0,85.0,20.0,1546,1520,26,1546,0.016817593790426907,1.0774105016345947,1.5,0.7182736677563965,586,0.38552631578947366,1.0,1
"iteration_3","SCOPE_DATA_COLLECTION",1100,26,1630.0,1690.0,0,6059,5044,1546,6022,5011,1482,6037,5009,1514,11,21,25,0.0018187830687830687,0.004174950298210736,0.016244314489928524,0.30405144502815373,0.6222189461926387,1.0753320340078298,0.6081028900563075,0.6222189461926387,0.7168880226718866,0.25923471923140634,0.35016969454981034,0.3844121532364597,100.0,100.0,4825,4987,2837,53,4,0,0.010984455958549223,8.020854220974534E-4,0.0,0.65,0.9,0.4,0.8,70.0,85.0,20.0,0.65,0.9,0.5,0.9,60.0,85.0,20.0,5967,5948,19,5967,0.00318417965476789,0.308025768975124,0.5,0.616051537950248,1584,0.26630800268997984,1.0,1
"iteration_3","SCOPE_DATA_COLLECTION",1100,26,1630.0,1690.0,1,6059,5044,1546,6022,5011,1482,6037,5009,1514,11,21,25,0.0018187830687830687,0.004174950298210736,0.016244314489928524,0.30405144502815373,0.6222189461926387,1.0753320340078298,0.6081028900563075,0.6222189461926387,0.7168880226718866,0.25923471923140634,0.35016969454981034,0.3844121532364597,100.0,100.0,4825,4987,2837,53,4,0,0.010984455958549223,8.020854220974534E-4,0.0,0.65,0.9,0.4,0.8,70.0,85.0,20.0,0.65,0.9,0.5,0.9,60.0,85.0,20.0,5069,5027,42,5069,0.008285657920694417,0.6318490024022284,1.0,0.6318490024022284,1790,0.3560771832106624,1.0,1
"iteration_3","SCOPE_DATA_COLLECTION",1100,26,1630.0,1690.0,2,6059,5044,1546,6022,5011,1482,6037,5009,1514,11,21,25,0.0018187830687830687,0.004174950298210736,0.016244314489928524,0.30405144502815373,0.6222189461926387,1.0753320340078298,0.6081028900563075,0.6222189461926387,0.7168880226718866,0.25923471923140634,0.35016969454981034,0.3844121532364597,100.0,100.0,4825,4987,2837,53,4,0,0.010984455958549223,8.020854220974534E-4,0.0,0.65,0.9,0.4,0.8,70.0,85.0,20.0,0.65,0.9,0.5,0.9,60.0,85.0,20.0,1531,1509,22,1531,0.014369693011103853,1.0946539113479483,1.5,0.7297692742319656,581,0.38502319416832337,1.0,1
"iteration_3","SCOPE_DATA_COLLECTION",1100,27,1690.0,1750.0,0,5967,5069,1531,6059,5044,1546,5967,5047,1504,19,42,23,0.0031740728366187773,0.008253094910591471,0.015062213490504257,0.3105978004097172,0.6397293205859806,1.0930677837400709,0.6211956008194344,0.6397293205859806,0.7287118558267139,0.2693145634322105,0.35902516346344365,0.38430851063829785,100.0,100.0,4799,5031,2737,63,6,15,0.013127734944780162,0.0011926058437686344,0.005480453050785532,0.65,0.9,0.5,0.9,60.0,85.0,20.0,0.65,0.9,0.5,0.9,60.0,85.0,20.0,6018,6006,12,6018,0.0019940179461615153,0.31345857822322276,0.5,0.6269171564464455,1657,0.2758907758907759,1.0,1
"iteration_3","SCOPE_DATA_COLLECTION",1100,27,1690.0,1750.0,1,5967,5069,1531,6059,5044,1546,5967,5047,1504,19,42,23,0.0031740728366187773,0.008253094910591471,0.015062213490504257,0.3105978004097172,0.6397293205859806,1.0930677837400709,0.6211956008194344,0.6397293205859806,0.7287118558267139,0.2693145634322105,0.35902516346344365,0.38430851063829785,100.0,100.0,4799,5031,2737,63,6,15,0.013127734944780162,0.0011926058437686344,0.005480453050785532,0.65,0.9,0.5,0.9,60.0,85.0,20.0,0.65,0.9,0.5,0.9,60.0,85.0,20.0,4960,4929,31,4960,0.00625,0.6485575332874723,1.0,0.6485575332874723,1815,0.3682288496652465,1.0,1
"iteration_3","SCOPE_DATA_COLLECTION",1100,27,1690.0,1750.0,2,5967,5069,1531,6059,5044,1546,5967,5047,1504,19,42,23,0.0031740728366187773,0.008253094910591471,0.015062213490504257,0.3105978004097172,0.6397293205859806,1.0930677837400709,0.6211956008194344,0.6397293205859806,0.7287118558267139,0.2693145634322105,0.35902516346344365,0.38430851063829785,100.0,100.0,4799,5031,2737,63,6,15,0.013127734944780162,0.0011926058437686344,0.005480453050785532,0.65,0.9,0.5,0.9,60.0,85.0,20.0,0.65,0.9,0.5,0.9,60.0,85.0,20.0,1512,1487,25,1512,0.016534391534391533,1.0666522638988862,1.5,0.7111015092659242,565,0.37995965030262274,1.0,1
"iteration_3","SCOPE_DATA_COLLECTION",1100,28,1750.0,1810.0,0,6018,4960,1512,5967,5069,1531,6008,4921,1492,12,30,24,0.0019933554817275745,0.0060593819430418095,0.0158311345646438,0.3132854073867061,0.6483628636212603,1.0732067196091217,0.6265708147734123,0.6483628636212603,0.7154711464060811,0.2762982689747004,0.36760820971347286,0.38337801608579086,97.5,100.0,4925,4945,2620,64,2,0,0.01299492385786802,4.044489383215369E-4,0.0,0.65,0.9,0.5,0.9,60.0,85.0,20.0,0.65,0.9,0.5,0.9,60.0,85.0,20.0,6083,6035,48,6083,0.007890843333881308,0.3128948134645965,0.5,0.625789626929193,1639,0.2715824357912179,1.0,1
"iteration_3","SCOPE_DATA_COLLECTION",1100,28,1750.0,1810.0,1,6018,4960,1512,5967,5069,1531,6008,4921,1492,12,30,24,0.0019933554817275745,0.0060593819430418095,0.0158311345646438,0.3132854073867061,0.6483628636212603,1.0732067196091217,0.6265708147734123,0.6483628636212603,0.7154711464060811,0.2762982689747004,0.36760820971347286,0.38337801608579086,97.5,100.0,4925,4945,2620,64,2,0,0.01299492385786802,4.044489383215369E-4,0.0,0.65,0.9,0.5,0.9,60.0,85.0,20.0,0.65,0.9,0.5,0.9,60.0,85.0,20.0,5121,5055,66,5121,0.012888107791446984,0.6497414883245052,1.0,0.6497414883245052,1836,0.3632047477744807,1.0,1
"iteration_3","SCOPE_DATA_COLLECTION",1100,28,1750.0,1810.0,2,6018,4960,1512,5967,5069,1531,6008,4921,1492,12,30,24,0.0019933554817275745,0.0060593819430418095,0.0158311345646438,0.3132854073867061,0.6483628636212603,1.0732067196091217,0.6265708147734123,0.6483628636212603,0.7154711464060811,0.2762982689747004,0.36760820971347286,0.38337801608579086,97.5,100.0,4925,4945,2620,64,2,0,0.01299492385786802,4.044489383215369E-4,0.0,0.65,0.9,0.5,0.9,60.0,85.0,20.0,0.65,0.9,0.5,0.9,60.0,85.0,20.0,1529,1489,40,1529,0.026160889470241987,1.070456848328746,1.5,0.7136378988858306,561,0.3767629281396911,1.0,1
"iteration_3","SCOPE_DATA_COLLECTION",1100,29,1810.0,1870.0,0,6083,5121,1529,6018,4960,1512,6016,5057,1491,48,67,41,0.0079155672823219,0.013075722092115535,0.026762402088772844,0.3117231283845371,0.6471461953015009,1.0658072968380585,0.6234462567690742,0.6471461953015009,0.710538197892039,0.2691156914893617,0.3622701206248764,0.37424547283702214,100.0,100.0,4928,5059,2746,71,6,79,0.014407467532467532,0.0011860051393556038,0.02876911871813547,0.65,0.9,0.5,0.9,60.0,85.0,20.0,0.65,0.9,0.4,0.8,60.0,85.0,20.0,6059,6041,18,6059,0.0029707872586235353,0.3033716217911638,0.5,0.6067432435823276,1556,0.2575732494620096,1.0,1
"iteration_3","SCOPE_DATA_COLLECTION",1100,29,1810.0,1870.0,1,6083,5121,1529,6018,4960,1512,6016,5057,1491,48,67,41,0.0079155672823219,0.013075722092115535,0.026762402088772844,0.3117231283845371,0.6471461953015009,1.0658072968380585,0.6234462567690742,0.6471461953015009,0.710538197892039,0.2691156914893617,0.3622701206248764,0.37424547283702214,100.0,100.0,4928,5059,2746,71,6,79,0.014407467532467532,0.0011860051393556038,0.02876911871813547,0.65,0.9,0.5,0.9,60.0,85.0,20.0,0.65,0.9,0.4,0.8,60.0,85.0,20.0,5088,5065,23,5088,0.004520440251572327,0.6324421878447665,1.0,0.6324421878447665,1783,0.3520236920039487,1.0,1
"iteration_3","SCOPE_DATA_COLLECTION",1100,29,1810.0,1870.0,2,6083,5121,1529,6018,4960,1512,6016,5057,1491,48,67,41,0.0079155672823219,0.013075722092115535,0.026762402088772844,0.3117231283845371,0.6471461953015009,1.0658072968380585,0.6234462567690742,0.6471461953015009,0.710538197892039,0.2691156914893617,0.3622701206248764,0.37424547283702214,100.0,100.0,4928,5059,2746,71,6,79,0.014407467532467532,0.0011860051393556038,0.02876911871813547,0.65,0.9,0.5,0.9,60.0,85.0,20.0,0.65,0.9,0.4,0.8,60.0,85.0,20.0,1523,1498,25,1523,0.016414970453053186,1.0772318327048598,1.5,0.7181545551365732,574,0.38317757009345793,1.0,1
"iteration_3","SCOPE_DATA_COLLECTION",1100,30,1870.0,1930.0,0,6059,5088,1523,6083,5121,1529,6065,5061,1497,18,23,25,0.0029590662502054907,0.004523996852871755,0.0164257555847569,0.3045943700645882,0.6316240718398156,1.0803331771260645,0.6091887401291765,0.6316240718398156,0.720222118084043,0.2598516075845012,0.3521043272080617,0.3847695390781563,100.0,100.0,4838,5097,2735,58,8,0,0.011988424968995453,0.0015695507161075143,0.0,0.65,0.9,0.4,0.8,60.0,85.0,20.0,0.4,0.6000000000000001,0.2,0.8,65.0,25.0,55.0,6076,4830,1246,6076,0.20506912442396313,0.41248147033002797,0.5,0.8249629406600559,1751,0.36252587991718427,1.0,1
"iteration_3","SCOPE_DATA_COLLECTION",1100,30,1870.0,1930.0,1,6059,5088,1523,6083,5121,1529,6065,5061,1497,18,23,25,0.0029590662502054907,0.004523996852871755,0.0164257555847569,0.3045943700645882,0.6316240718398156,1.0803331771260645,0.6091887401291765,0.6316240718398156,0.720222118084043,0.2598516075845012,0.3521043272080617,0.3847695390781563,100.0,100.0,4838,5097,2735,58,8,0,0.011988424968995453,0.0015695507161075143,0.0,0.65,0.9,0.4,0.8,60.0,85.0,20.0,0.4,0.6000000000000001,0.2,0.8,65.0,25.0,55.0,4983,3905,1078,4983,0.2163355408388521,0.758277268732773,1.0,0.758277268732773,1778,0.45531370038412294,1.0,1
"iteration_3","SCOPE_DATA_COLLECTION",1100,30,1870.0,1930.0,2,6059,5088,1523,6083,5121,1529,6065,5061,1497,18,23,25,0.0029590662502054907,0.004523996852871755,0.0164257555847569,0.3045943700645882,0.6316240718398156,1.0803331771260645,0.6091887401291765,0.6316240718398156,0.720222118084043,0.2598516075845012,0.3521043272080617,0.3847695390781563,100.0,100.0,4838,5097,2735,58,8,0,0.011988424968995453,0.0015695507161075143,0.0,0.65,0.9,0.4,0.8,60.0,85.0,20.0,0.4,0.6000000000000001,0.2,0.8,65.0,25.0,55.0,1486,1159,327,1486,0.22005383580080753,1.3013555024685755,1.5,0.8675703349790503,565,0.48748921484037966,1.0,1
"iteration_3","SCOPE_DATA_COLLECTION",1100,31,1930.0,1990.0,0,6076,4983,1486,6059,5088,1523,4825,3913,1163,1246,1078,327,0.20523801680118597,0.21598877980364656,0.21946308724832214,0.41232461350951366,0.7569551863570964,1.2947306358453072,0.8246492270190273,0.7569551863570964,0.8631537572302048,0.36186528497409326,0.4525939177101968,0.48409286328460877,97.5,100.0,4782,3014,4749,30,2,2619,0.006273525721455458,6.635700066357001E-4,0.5514845230574857,0.4,0.6000000000000001,0.2,0.8,65.0,25.0,55.0,0.4,0.7000000000000001,0.7000000000000001,0.4,25.0,75.0,90.0,6020,4971,1049,6020,0.17425249169435217,0.423437343445558,0.5,0.846874686891116,1783,0.3586803460068397,1.0,1
"iteration_3","SCOPE_DATA_COLLECTION",1100,31,1930.0,1990.0,1,6076,4983,1486,6059,5088,1523,4825,3913,1163,1246,1078,327,0.20523801680118597,0.21598877980364656,0.21946308724832214,0.41232461350951366,0.7569551863570964,1.2947306358453072,0.8246492270190273,0.7569551863570964,0.8631537572302048,0.36186528497409326,0.4525939177101968,0.48409286328460877,97.5,100.0,4782,3014,4749,30,2,2619,0.006273525721455458,6.635700066357001E-4,0.5514845230574857,0.4,0.6000000000000001,0.2,0.8,65.0,25.0,55.0,0.4,0.7000000000000001,0.7000000000000001,0.4,25.0,75.0,90.0,4956,4084,872,4956,0.17594834543987087,0.8266956354107312,1.0,0.8266956354107312,1878,0.45984329089128306,1.0,1
"iteration_3","SCOPE_DATA_COLLECTION",1100,31,1930.0,1990.0,2,6076,4983,1486,6059,5088,1523,4825,3913,1163,1246,1078,327,0.20523801680118597,0.21598877980364656,0.21946308724832214,0.41232461350951366,0.7569551863570964,1.2947306358453072,0.8246492270190273,0.7569551863570964,0.8631537572302048,0.36186528497409326,0.4525939177101968,0.48409286328460877,97.5,100.0,4782,3014,4749,30,2,2619,0.006273525721455458,6.635700066357001E-4,0.5514845230574857,0.4,0.6000000000000001,0.2,0.8,65.0,25.0,55.0,0.4,0.7000000000000001,0.7000000000000001,0.4,25.0,75.0,90.0,1472,1226,246,1472,0.1671195652173913,1.3009691121940987,1.5,0.8673127414627325,584,0.4763458401305057,1.0,1
"iteration_3","SCOPE_DATA_COLLECTION",1100,32,1990.0,2050.0,0,6020,4956,1472,6076,4983,1486,4975,4101,1221,1049,872,246,0.17413678618857903,0.17534687311482003,0.16768916155419222,0.42364835102381754,0.8289890463855963,1.2951049088044029,0.8472967020476351,0.8289890463855963,0.8634032725362686,0.3587939698492462,0.462570104852475,0.47338247338247336,97.5,100.0,4811,3031,4606,59,2,2106,0.012263562668883808,6.598482349059716E-4,0.45722970039079464,0.4,0.7000000000000001,0.7000000000000001,0.4,25.0,75.0,90.0,0.30000000000000004,0.6000000000000001,0.7000000000000001,0.4,25.0,85.0,95.0,5975,4095,1880,5975,0.31464435146443515,0.4646117923691705,0.5,0.929223584738341,1654,0.4039072039072039,1.0,1
"iteration_3","SCOPE_DATA_COLLECTION",1100,32,1990.0,2050.0,1,6020,4956,1472,6076,4983,1486,4975,4101,1221,1049,872,246,0.17413678618857903,0.17534687311482003,0.16768916155419222,0.42364835102381754,0.8289890463855963,1.2951049088044029,0.8472967020476351,0.8289890463855963,0.8634032725362686,0.3587939698492462,0.462570104852475,0.47338247338247336,97.5,100.0,4811,3031,4606,59,2,2106,0.012263562668883808,6.598482349059716E-4,0.45722970039079464,0.4,0.7000000000000001,0.7000000000000001,0.4,25.0,75.0,90.0,0.30000000000000004,0.6000000000000001,0.7000000000000001,0.4,25.0,85.0,95.0,5031,3390,1641,5031,0.3261776982707215,0.9685939225473765,1.0,0.9685939225473765,1949,0.5749262536873156,1.0,1
"iteration_3","SCOPE_DATA_COLLECTION",1100,32,1990.0,2050.0,2,6020,4956,1472,6076,4983,1486,4975,4101,1221,1049,872,246,0.17413678618857903,0.17534687311482003,0.16768916155419222,0.42364835102381754,0.8289890463855963,1.2951049088044029,0.8472967020476351,0.8289890463855963,0.8634032725362686,0.3587939698492462,0.462570104852475,0.47338247338247336,97.5,100.0,4811,3031,4606,59,2,2106,0.012263562668883808,6.598482349059716E-4,0.45722970039079464,0.4,0.7000000000000001,0.7000000000000001,0.4,25.0,75.0,90.0,0.30000000000000004,0.6000000000000001,0.7000000000000001,0.4,25.0,85.0,95.0,1508,995,513,1508,0.34018567639257297,1.4523664459167875,1.5,0.9682442972778583,550,0.5527638190954773,1.0,1
"iteration_3","SCOPE_DATA_COLLECTION",1100,33,2050.0,2110.0,0,5975,5031,1508,6020,4956,1472,4092,3374,1006,1880,1641,513,0.31480241125251174,0.3272183449651047,0.3377221856484529,0.4635195050745334,0.9667560227233862,1.4638418926921206,0.9270390101490668,0.9667560227233862,0.9758945951280804,0.4022482893450635,0.5732068761114404,0.558648111332008,100.0,100.0,4939,2289,5286,64,1,3969,0.012958088681919416,4.3687199650502403E-4,0.7508513053348468,0.30000000000000004,0.6000000000000001,0.7000000000000001,0.4,25.0,85.0,95.0,0.15000000000000002,0.30000000000000004,0.5,0.7000000000000001,75.0,30.0,90.0,5996,2867,3129,5996,0.521847898599066,0.49241884996439633,0.5,0.9848376999287927,1343,0.46843390303453086,1.0,1
"iteration_3","SCOPE_DATA_COLLECTION",1100,33,2050.0,2110.0,1,5975,5031,1508,6020,4956,1472,4092,3374,1006,1880,1641,513,0.31480241125251174,0.3272183449651047,0.3377221856484529,0.4635195050745334,0.9667560227233862,1.4638418926921206,0.9270390101490668,0.9667560227233862,0.9758945951280804,0.4022482893450635,0.5732068761114404,0.558648111332008,100.0,100.0,4939,2289,5286,64,1,3969,0.012958088681919416,4.3687199650502403E-4,0.7508513053348468,0.30000000000000004,0.6000000000000001,0.7000000000000001,0.4,25.0,85.0,95.0,0.15000000000000002,0.30000000000000004,0.5,0.7000000000000001,75.0,30.0,90.0,5034,2508,2526,5034,0.5017878426698451,1.1329738054937142,1.0,1.1329738054937142,1908,0.7607655502392344,1.0,1
"iteration_3","SCOPE_DATA_COLLECTION",1100,33,2050.0,2110.0,2,5975,5031,1508,6020,4956,1472,4092,3374,1006,1880,1641,513,0.31480241125251174,0.3272183449651047,0.3377221856484529,0.4635195050745334,0.9667560227233862,1.4638418926921206,0.9270390101490668,0.9667560227233862,0.9758945951280804,0.4022482893450635,0.5732068761114404,0.558648111332008,100.0,100.0,4939,2289,5286,64,1,3969,0.012958088681919416,4.3687199650502403E-4,0.7508513053348468,0.30000000000000004,0.6000000000000001,0.7000000000000001,0.4,25.0,85.0,95.0,0.15000000000000002,0.30000000000000004,0.5,0.7000000000000001,75.0,30.0,90.0,1471,676,795,1471,0.540448674371176,1.921724114844027,1.5,1.2811494098960179,559,0.8269230769230769,1.0,1
"iteration_3","SCOPE_DATA_COLLECTION",1100,34,2110.0,2170.0,0,5996,5034,1471,5975,5031,1508,2866,2513,674,3129,2526,795,0.5219349457881568,0.5012899384798571,0.5411844792375766,0.4908860547330851,1.1321461598314813,1.9202304759496487,0.9817721094661702,1.1321461598314813,1.280153650633099,0.4685973482205164,0.7608436132113012,0.8264094955489614,100.0,100.0,4890,1159,6452,53,0,6397,0.010838445807770962,0.0,0.9914755114693118,0.15000000000000002,0.30000000000000004,0.5,0.7000000000000001,75.0,30.0,90.0,0.05,0.30000000000000004,0.5,0.8,65.0,20.0,90.0,5952,2537,3415,5952,0.5737567204301075,0.5382001493710815,0.5,1.076400298742163,1406,0.5541978715017738,1.0,1
"iteration_3","SCOPE_DATA_COLLECTION",1100,34,2110.0,2170.0,1,5996,5034,1471,5975,5031,1508,2866,2513,674,3129,2526,795,0.5219349457881568,0.5012899384798571,0.5411844792375766,0.4908860547330851,1.1321461598314813,1.9202304759496487,0.9817721094661702,1.1321461598314813,1.280153650633099,0.4685973482205164,0.7608436132113012,0.8264094955489614,100.0,100.0,4890,1159,6452,53,0,6397,0.010838445807770962,0.0,0.9914755114693118,0.15000000000000002,0.30000000000000004,0.5,0.7000000000000001,75.0,30.0,90.0,0.05,0.30000000000000004,0.5,0.8,65.0,20.0,90.0,5080,2154,2926,5080,0.5759842519685039,1.2707461359543646,1.0,1.2707461359543646,1884,0.8746518105849582,1.0,1
"iteration_3","SCOPE_DATA_COLLECTION",1100,34,2110.0,2170.0,2,5996,5034,1471,5975,5031,1508,2866,2513,674,3129,2526,795,0.5219349457881568,0.5012899384798571,0.5411844792375766,0.4908860547330851,1.1321461598314813,1.9202304759496487,0.9817721094661702,1.1321461598314813,1.280153650633099,0.4685973482205164,0.7608436132113012,0.8264094955489614,100.0,100.0,4890,1159,6452,53,0,6397,0.010838445807770962,0.0,0.9914755114693118,0.15000000000000002,0.30000000000000004,0.5,0.7000000000000001,75.0,30.0,90.0,0.05,0.30000000000000004,0.5,0.8,65.0,20.0,90.0,1481,591,890,1481,0.6009453072248481,2.120593377752275,1.5,1.4137289185015167,547,0.9255499153976311,1.0,1
"iteration_3","SCOPE_DATA_COLLECTION",1100,35,2170.0,2230.0,0,5952,5080,1481,5996,5034,1471,2536,2165,585,3415,2926,890,0.573853133927071,0.5747397367904145,0.6033898305084746,0.5406513400080852,1.2709359583865514,2.1165067699025144,1.0813026800161705,1.2709359583865514,1.4110045132683429,0.5548107255520505,0.8739030023094688,0.9230769230769231,100.0,100.0,4967,382,7164,67,0,7164,0.013489027582041473,0.0,1.0,0.05,0.30000000000000004,0.5,0.8,65.0,20.0,90.0,0.05,0.30000000000000004,0.5,0.8,65.0,20.0,90.0,6051,2499,3552,6051,0.587010411502231,0.5286716252327712,0.5,1.0573432504655425,1356,0.5426170468187275,1.0,1
"iteration_3","SCOPE_DATA_COLLECTION",1100,35,2170.0,2230.0,1,5952,5080,1481,5996,5034,1471,2536,2165,585,3415,2926,890,0.573853133927071,0.5747397367904145,0.6033898305084746,0.5406513400080852,1.2709359583865514,2.1165067699025144,1.0813026800161705,1.2709359583865514,1.4110045132683429,0.5548107255520505,0.8739030023094688,0.9230769230769231,100.0,100.0,4967,382,7164,67,0,7164,0.013489027582041473,0.0,1.0,0.05,0.30000000000000004,0.5,0.8,65.0,20.0,90.0,0.05,0.30000000000000004,0.5,0.8,65.0,20.0,90.0,4991,2099,2892,4991,0.5794429973953116,1.2307422647813628,1.0,1.2307422647813628,1814,0.8642210576464984,1.0,1
"iteration_3","SCOPE_DATA_COLLECTION",1100,35,2170.0,2230.0,2,5952,5080,1481,5996,5034,1471,2536,2165,585,3415,2926,890,0.573853133927071,0.5747397367904145,0.6033898305084746,0.5406513400080852,1.2709359583865514,2.1165067699025144,1.0813026800161705,1.2709359583865514,1.4110045132683429,0.5548107255520505,0.8739030023094688,0.9230769230769231,100.0,100.0,4967,382,7164,67,0,7164,0.013489027582041473,0.0,1.0,0.05,0.30000000000000004,0.5,0.8,65.0,20.0,90.0,0.05,0.30000000000000004,0.5,0.8,65.0,20.0,90.0,1492,601,891,1492,0.5971849865951743,2.0931271660394724,1.5,1.3954181106929815,548,0.9118136439267887,1.0,1
"iteration_3","SCOPE_DATA_COLLECTION",1100,36,2230.0,2290.0,0,6051,4991,1492,5952,5080,1481,2507,2089,604,3552,2892,891,0.5862353523683776,0.5806063039550291,0.5959866220735786,0.528973305140125,1.23076201141901,2.091771161156375,1.05794661028025,1.23076201141901,1.3945141074375833,0.543677702433187,0.8640497845859263,0.9122516556291391,95.0,100.0,4887,372,7275,60,0,7275,0.012277470841006752,0.0,1.0,0.05,0.30000000000000004,0.5,0.8,65.0,20.0,90.0,0.05,0.30000000000000004,0.4,0.9,65.0,20.0,90.0,6044,2545,3499,6044,0.578921244209133,0.520329666027335,0.5,1.04065933205467,1342,0.5273084479371316,1.0,1
"iteration_3","SCOPE_DATA_COLLECTION",1100,36,2230.0,2290.0,1,6051,4991,1492,5952,5080,1481,2507,2089,604,3552,2892,891,0.5862353523683776,0.5806063039550291,0.5959866220735786,0.528973305140125,1.23076201141901,2.091771161156375,1.05794661028025,1.23076201141901,1.3945141074375833,0.543677702433187,0.8640497845859263,0.9122516556291391,95.0,100.0,4887,372,7275,60,0,7275,0.012277470841006752,0.0,1.0,0.05,0.30000000000000004,0.5,0.8,65.0,20.0,90.0,0.05,0.30000000000000004,0.4,0.9,65.0,20.0,90.0,4990,2156,2834,4990,0.5679358717434869,1.2277202727381065,1.0,1.2277202727381065,1868,0.8664192949907236,1.0,1
"iteration_3","SCOPE_DATA_COLLECTION",1100,36,2230.0,2290.0,2,6051,4991,1492,5952,5080,1481,2507,2089,604,3552,2892,891,0.5862353523683776,0.5806063039550291,0.5959866220735786,0.528973305140125,1.23076201141901,2.091771161156375,1.05794661028025,1.23076201141901,1.3945141074375833,0.543677702433187,0.8640497845859263,0.9122516556291391,95.0,100.0,4887,372,7275,60,0,7275,0.012277470841006752,0.0,1.0,0.05,0.30000000000000004,0.5,0.8,65.0,20.0,90.0,0.05,0.30000000000000004,0.4,0.9,65.0,20.0,90.0,1442,559,883,1442,0.6123439667128987,2.099211302419075,1.5,1.3994742016127166,517,0.924865831842576,1.0,1
"iteration_3","SCOPE_DATA_COLLECTION",1100,37,2290.0,2350.0,0,6044,4990,1442,6051,4991,1492,2531,2158,559,3499,2834,883,0.5802653399668325,0.5677083333333334,0.6123439667128987,0.5191092507339501,1.2288627815764694,2.101413382879627,1.0382185014679002,1.2288627815764694,1.4009422552530848,0.5258790991702884,0.8683966635773864,0.924865831842576,100.0,100.0,4926,378,7172,44,0,7172,0.008932196508323184,0.0,1.0,0.05,0.30000000000000004,0.4,0.9,65.0,20.0,90.0,0.15000000000000002,0.4,0.2,0.6000000000000001,60.0,35.0,20.0,5808,2781,3027,5808,0.5211776859504132,0.48143430664858294,0.5,0.9628686132971659,1396,0.501977705861201,1.0,1
"iteration_3","SCOPE_DATA_COLLECTION",1100,37,2290.0,2350.0,1,6044,4990,1442,6051,4991,1492,2531,2158,559,3499,2834,883,0.5802653399668325,0.5677083333333334,0.6123439667128987,0.5191092507339501,1.2288627815764694,2.101413382879627,1.0382185014679002,1.2288627815764694,1.4009422552530848,0.5258790991702884,0.8683966635773864,0.924865831842576,100.0,100.0,4926,378,7172,44,0,7172,0.008932196508323184,0.0,1.0,0.05,0.30000000000000004,0.4,0.9,65.0,20.0,90.0,0.15000000000000002,0.4,0.2,0.6000000000000001,60.0,35.0,20.0,5025,2336,2689,5025,0.5351243781094528,1.0608912404927757,1.0,1.0608912404927757,1744,0.7465753424657534,1.0,1
"iteration_3","SCOPE_DATA_COLLECTION",1100,37,2290.0,2350.0,2,6044,4990,1442,6051,4991,1492,2531,2158,559,3499,2834,883,0.5802653399668325,0.5677083333333334,0.6123439667128987,0.5191092507339501,1.2288627815764694,2.101413382879627,1.0382185014679002,1.2288627815764694,1.4009422552530848,0.5258790991702884,0.8683966635773864,0.924865831842576,100.0,100.0,4926,378,7172,44,0,7172,0.008932196508323184,0.0,1.0,0.05,0.30000000000000004,0.4,0.9,65.0,20.0,90.0,0.15000000000000002,0.4,0.2,0.6000000000000001,60.0,35.0,20.0,1517,711,806,1517,0.5313117996044825,1.8758959434976366,1.5,1.250597295665091,574,0.8073136427566807,1.0,1
"iteration_3","SCOPE_DATA_COLLECTION",1100,38,2350.0,2410.0,0,5808,5025,1517,6044,4990,1442,2790,2329,708,3027,2689,806,0.520371325425477,0.5358708648864089,0.5323645970937912,0.48266095671792153,1.05941628362722,1.8723327243925048,0.9653219134358431,1.05941628362722,1.2482218162616698,0.5025089605734767,0.7445255474452555,0.806497175141243,100.0,100.0,4721,1145,6484,37,1,6484,0.007837322601143825,8.733624454148472E-4,1.0,0.15000000000000002,0.4,0.2,0.6000000000000001,60.0,35.0,20.0,0.55,0.4,0.1,0.8,90.0,20.0,45.0,5975,5918,57,5975,0.009539748953974895,0.2989179123718296,0.5,0.5978358247436591,1441,0.24349442379182157,1.0,1
"iteration_3","SCOPE_DATA_COLLECTION",1100,38,2350.0,2410.0,1,5808,5025,1517,6044,4990,1442,2790,2329,708,3027,2689,806,0.520371325425477,0.5358708648864089,0.5323645970937912,0.48266095671792153,1.05941628362722,1.8723327243925048,0.9653219134358431,1.05941628362722,1.2482218162616698,0.5025089605734767,0.7445255474452555,0.806497175141243,100.0,100.0,4721,1145,6484,37,1,6484,0.007837322601143825,8.733624454148472E-4,1.0,0.15000000000000002,0.4,0.2,0.6000000000000001,60.0,35.0,20.0,0.55,0.4,0.1,0.8,90.0,20.0,45.0,5089,5037,52,5089,0.010218117508351346,0.6093558726088123,1.0,0.6093558726088123,1831,0.3635100258090133,1.0,1
"iteration_3","SCOPE_DATA_COLLECTION",1100,38,2350.0,2410.0,2,5808,5025,1517,6044,4990,1442,2790,2329,708,3027,2689,806,0.520371325425477,0.5358708648864089,0.5323645970937912,0.48266095671792153,1.05941628362722,1.8723327243925048,0.9653219134358431,1.05941628362722,1.2482218162616698,0.5025089605734767,0.7445255474452555,0.806497175141243,100.0,100.0,4721,1145,6484,37,1,6484,0.007837322601143825,8.733624454148472E-4,1.0,0.15000000000000002,0.4,0.2,0.6000000000000001,60.0,35.0,20.0,0.55,0.4,0.1,0.8,90.0,20.0,45.0,1426,1401,25,1426,0.01753155680224404,1.069059953613683,1.5,0.7127066357424553,538,0.38401142041399,1.0,1
"iteration_3","SCOPE_DATA_COLLECTION",1100,39,2410.0,2470.0,0,5975,5089,1426,5808,5025,1517,5904,5027,1402,57,52,25,0.009562154001006542,0.010238235873203386,0.01751927119831815,0.2978827553409402,0.6093933638761071,1.0786754500305618,0.5957655106818804,0.6093933638761071,0.7191169666870412,0.24220867208672087,0.36244280883230556,0.38730385164051356,100.0,100.0,4845,4223,3422,27,3,104,0.005572755417956657,7.103954534690978E-4,0.030391583869082407,0.55,0.4,0.1,0.8,90.0,20.0,45.0,0.30000000000000004,0.30000000000000004,0.4,0.6000000000000001,70.0,60.0,55.0,5979,4193,1786,5979,0.2987121592239505,0.435108767030897,0.5,0.870217534061794,1650,0.39351299785356547,1.0,1
"iteration_3","SCOPE_DATA_COLLECTION",1100,39,2410.0,2470.0,1,5975,5089,1426,5808,5025,1517,5904,5027,1402,57,52,25,0.009562154001006542,0.010238235873203386,0.01751927119831815,0.2978827553409402,0.6093933638761071,1.0786754500305618,0.5957655106818804,0.6093933638761071,0.7191169666870412,0.24220867208672087,0.36244280883230556,0.38730385164051356,100.0,100.0,4845,4223,3422,27,3,104,0.005572755417956657,7.103954534690978E-4,0.030391583869082407,0.55,0.4,0.1,0.8,90.0,20.0,45.0,0.30000000000000004,0.30000000000000004,0.4,0.6000000000000001,70.0,60.0,55.0,5056,3520,1536,5056,0.3037974683544304,0.9071234570169413,1.0,0.9071234570169413,1976,0.5613636363636364,1.0,1
"iteration_3","SCOPE_DATA_COLLECTION",1100,39,2410.0,2470.0,2,5975,5089,1426,5808,5025,1517,5904,5027,1402,57,52,25,0.009562154001006542,0.010238235873203386,0.01751927119831815,0.2978827553409402,0.6093933638761071,1.0786754500305618,0.5957655106818804,0.6093933638761071,0.7191169666870412,0.24220867208672087,0.36244280883230556,0.38730385164051356,100.0,100.0,4845,4223,3422,27,3,104,0.005572755417956657,7.103954534690978E-4,0.030391583869082407,0.55,0.4,0.1,0.8,90.0,20.0,45.0,0.30000000000000004,0.30000000000000004,0.4,0.6000000000000001,70.0,60.0,55.0,1450,980,470,1450,0.32413793103448274,1.4290559324794945,1.5,0.9527039549863296,544,0.5551020408163265,1.0,1
"iteration_3","SCOPE_DATA_COLLECTION",1100,40,2470.0,2530.0,0,5979,5056,1450,5975,5089,1426,4188,3512,977,1786,1536,470,0.2989621694007365,0.30427892234548337,0.32480995162404974,0.4363515126506823,0.9091552136743603,1.4331373881583342,0.8727030253013646,0.9091552136743603,0.9554249254388895,0.3956542502387775,0.5649202733485194,0.5588536335721597,100.0,100.0,5024,2291,5170,62,3,3727,0.012340764331210192,0.0013094718463553033,0.720889748549323,0.30000000000000004,0.30000000000000004,0.4,0.6000000000000001,70.0,60.0,55.0,0.8500000000000001,0.8,0.9,0.5,90.0,90.0,65.0,6075,6066,9,6075,0.0014814814814814814,0.316798259230968,0.5,0.633596518461936,1669,0.27514012528849324,1.0,1
"iteration_3","SCOPE_DATA_COLLECTION",1100,40,2470.0,2530.0,1,5979,5056,1450,5975,5089,1426,4188,3512,977,1786,1536,470,0.2989621694007365,0.30427892234548337,0.32480995162404974,0.4363515126506823,0.9091552136743603,1.4331373881583342,0.8727030253013646,0.9091552136743603,0.9554249254388895,0.3956542502387775,0.5649202733485194,0.5588536335721597,100.0,100.0,5024,2291,5170,62,3,3727,0.012340764331210192,0.0013094718463553033,0.720889748549323,0.30000000000000004,0.30000000000000004,0.4,0.6000000000000001,70.0,60.0,55.0,0.8500000000000001,0.8,0.9,0.5,90.0,90.0,65.0,5097,5064,33,5097,0.006474396703943496,0.6610667926722653,1.0,0.6610667926722653,1825,0.3603870458135861,1.0,1
"iteration_3","SCOPE_DATA_COLLECTION",1100,40,2470.0,2530.0,2,5979,5056,1450,5975,5089,1426,4188,3512,977,1786,1536,470,0.2989621694007365,0.30427892234548337,0.32480995162404974,0.4363515126506823,0.9091552136743603,1.4331373881583342,0.8727030253013646,0.9091552136743603,0.9554249254388895,0.3956542502387775,0.5649202733485194,0.5588536335721597,100.0,100.0,5024,2291,5170,62,3,3727,0.012340764331210192,0.0013094718463553033,0.720889748549323,0.30000000000000004,0.30000000000000004,0.4,0.6000000000000001,70.0,60.0,55.0,0.8500000000000001,0.8,0.9,0.5,90.0,90.0,65.0,1535,1509,26,1535,0.016938110749185668,1.086001379850029,1.5,0.7240009199000194,577,0.38237243207422134,1.0,1
"iteration_3","SCOPE_DATA_COLLECTION",1100,41,2530.0,2590.0,0,6075,5097,1535,5979,5056,1450,6076,5062,1505,9,33,26,0.0014790468364831552,0.00647693817468106,0.016982364467668192,0.31638949539774025,0.6581037456066727,1.0813950897792823,0.6327789907954805,0.6581037456066727,0.7209300598528549,0.27435813034891376,0.35954168312919793,0.38073089700996676,100.0,100.0,4880,6644,1183,62,6,0,0.012704918032786885,9.030704394942806E-4,0.0,0.8500000000000001,0.8,0.9,0.5,90.0,90.0,65.0,0.8500000000000001,0.8,0.9,0.6000000000000001,95.0,95.0,65.0,6083,6067,16,6083,0.0026302811112937697,0.31048492130770744,0.5,0.6209698426154149,1629,0.2685017306741388,1.0,1
"iteration_3","SCOPE_DATA_COLLECTION",1100,41,2530.0,2590.0,1,6075,5097,1535,5979,5056,1450,6076,5062,1505,9,33,26,0.0014790468364831552,0.00647693817468106,0.016982364467668192,0.31638949539774025,0.6581037456066727,1.0813950897792823,0.6327789907954805,0.6581037456066727,0.7209300598528549,0.27435813034891376,0.35954168312919793,0.38073089700996676,100.0,100.0,4880,6644,1183,62,6,0,0.012704918032786885,9.030704394942806E-4,0.0,0.8500000000000001,0.8,0.9,0.5,90.0,90.0,65.0,0.8500000000000001,0.8,0.9,0.6000000000000001,95.0,95.0,65.0,5011,4977,34,5011,0.006785072839752544,0.6618896188455884,1.0,0.6618896188455884,1836,0.3688969258589512,1.0,1
"iteration_3","SCOPE_DATA_COLLECTION",1100,41,2530.0,2590.0,2,6075,5097,1535,5979,5056,1450,6076,5062,1505,9,33,26,0.0014790468364831552,0.00647693817468106,0.016982364467668192,0.31638949539774025,0.6581037456066727,1.0813950897792823,0.6327789907954805,0.6581037456066727,0.7209300598528549,0.27435813034891376,0.35954168312919793,0.38073089700996676,100.0,100.0,4880,6644,1183,62,6,0,0.012704918032786885,9.030704394942806E-4,0.0,0.8500000000000001,0.8,0.9,0.5,90.0,90.0,65.0,0.8500000000000001,0.8,0.9,0.6000000000000001,95.0,95.0,65.0,1511,1480,31,1511,0.020516214427531435,1.1139473335753611,1.5,0.7426315557169074,586,0.39594594594594595,1.0,1
"iteration_3","SCOPE_DATA_COLLECTION",1100,42,2590.0,2650.0,0,6083,5011,1511,6075,5097,1535,6070,4989,1491,16,34,31,0.0026289845547157412,0.006768863229145929,0.020367936925098553,0.31092147082702143,0.6657832967815549,1.1125564539973785,0.6218429416540429,0.6657832967815549,0.7417043026649189,0.26935749588138386,0.370414912808178,0.39436619718309857,100.0,100.0,4887,6568,1150,75,6,0,0.015346838551258441,9.135200974421437E-4,0.0,0.8500000000000001,0.8,0.9,0.6000000000000001,95.0,95.0,65.0,0.75,0.7000000000000001,0.9,0.5,95.0,95.0,55.0,5996,5980,16,5996,0.00266844563042028,0.30550304307659876,0.5,0.6110060861531975,1606,0.268561872909699,1.0,1
"iteration_3","SCOPE_DATA_COLLECTION",1100,42,2590.0,2650.0,1,6083,5011,1511,6075,5097,1535,6070,4989,1491,16,34,31,0.0026289845547157412,0.006768863229145929,0.020367936925098553,0.31092147082702143,0.6657832967815549,1.1125564539973785,0.6218429416540429,0.6657832967815549,0.7417043026649189,0.26935749588138386,0.370414912808178,0.39436619718309857,100.0,100.0,4887,6568,1150,75,6,0,0.015346838551258441,9.135200974421437E-4,0.0,0.8500000000000001,0.8,0.9,0.6000000000000001,95.0,95.0,65.0,0.75,0.7000000000000001,0.9,0.5,95.0,95.0,55.0,5068,5035,33,5068,0.006511444356748224,0.6542206535318997,1.0,0.6542206535318997,1858,0.36901688182720954,1.0,1
"iteration_3","SCOPE_DATA_COLLECTION",1100,42,2590.0,2650.0,2,6083,5011,1511,6075,5097,1535,6070,4989,1491,16,34,31,0.0026289845547157412,0.006768863229145929,0.020367936925098553,0.31092147082702143,0.6657832967815549,1.1125564539973785,0.6218429416540429,0.6657832967815549,0.7417043026649189,0.26935749588138386,0.370414912808178,0.39436619718309857,100.0,100.0,4887,6568,1150,75,6,0,0.015346838551258441,9.135200974421437E-4,0.0,0.8500000000000001,0.8,0.9,0.6000000000000001,95.0,95.0,65.0,0.75,0.7000000000000001,0.9,0.5,95.0,95.0,55.0,1497,1466,31,1497,0.020708082832331328,1.1021376882132015,1.5,0.734758458808801,583,0.39768076398362895,1.0,1
"iteration_3","SCOPE_DATA_COLLECTION",1100,43,2650.0,2710.0,0,5996,5068,1497,6083,5011,1511,5982,5039,1466,16,33,31,0.00266755585195065,0.0065063091482649845,0.020708082832331328,0.3057941762425754,0.6529960820250928,1.103341118147559,0.6115883524851508,0.6529960820250928,0.735560745431706,0.26964226011367437,0.36812859694383804,0.39836289222373805,97.5,100.0,4873,5716,1972,73,7,0,0.014980504822491279,0.001224632610216935,0.0,0.75,0.7000000000000001,0.9,0.5,95.0,95.0,55.0,0.65,0.8,0.8,0.6000000000000001,95.0,85.0,45.0,6095,6059,36,6095,0.005906480721903199,0.32613468568861526,0.5,0.6522693713772305,1691,0.2790889585740221,1.0,1
"iteration_3","SCOPE_DATA_COLLECTION",1100,43,2650.0,2710.0,1,5996,5068,1497,6083,5011,1511,5982,5039,1466,16,33,31,0.00266755585195065,0.0065063091482649845,0.020708082832331328,0.3057941762425754,0.6529960820250928,1.103341118147559,0.6115883524851508,0.6529960820250928,0.735560745431706,0.26964226011367437,0.36812859694383804,0.39836289222373805,97.5,100.0,4873,5716,1972,73,7,0,0.014980504822491279,0.001224632610216935,0.0,0.75,0.7000000000000001,0.9,0.5,95.0,95.0,55.0,0.65,0.8,0.8,0.6000000000000001,95.0,85.0,45.0,5035,4995,40,5035,0.007944389275074478,0.6584045648636174,1.0,0.6584045648636174,1821,0.36456456456456454,1.0,1
"iteration_3","SCOPE_DATA_COLLECTION",1100,43,2650.0,2710.0,2,5996,5068,1497,6083,5011,1511,5982,5039,1466,16,33,31,0.00266755585195065,0.0065063091482649845,0.020708082832331328,0.3057941762425754,0.6529960820250928,1.103341118147559,0.6115883524851508,0.6529960820250928,0.735560745431706,0.26964226011367437,0.36812859694383804,0.39836289222373805,97.5,100.0,4873,5716,1972,73,7,0,0.014980504822491279,0.001224632610216935,0.0,0.75,0.7000000000000001,0.9,0.5,95.0,95.0,55.0,0.65,0.8,0.8,0.6000000000000001,95.0,85.0,45.0,1564,1542,22,1564,0.014066496163682864,1.0821682293491215,1.5,0.7214454862327476,583,0.3780804150453956,1.0,1
"iteration_3","SCOPE_DATA_COLLECTION",1100,44,2710.0,2770.0,0,6095,5035,1564,5996,5068,1497,6054,4993,1533,36,40,22,0.005911330049261084,0.00794754619511226,0.01414790996784566,0.3257314527727698,0.656896943120472,1.0756454437919767,0.6514629055455397,0.656896943120472,0.7170969625279845,0.2776676577469442,0.3643100340476667,0.37573385518590996,97.5,100.0,4965,5022,2707,69,8,21,0.013897280966767372,0.0015929908403026682,0.007757665312153676,0.65,0.8,0.8,0.6000000000000001,95.0,85.0,45.0,0.65,0.8,0.8,0.6000000000000001,95.0,85.0,45.0,6003,5981,22,6003,0.003664834249541896,0.31342208781486924,0.5,0.6268441756297385,1648,0.27553920749038624,1.0,1
"iteration_3","SCOPE_DATA_COLLECTION",1100,44,2710.0,2770.0,1,6095,5035,1564,5996,5068,1497,6054,4993,1533,36,40,22,0.005911330049261084,0.00794754619511226,0.01414790996784566,0.3257314527727698,0.656896943120472,1.0756454437919767,0.6514629055455397,0.656896943120472,0.7170969625279845,0.2776676577469442,0.3643100340476667,0.37573385518590996,97.5,100.0,4965,5022,2707,69,8,21,0.013897280966767372,0.0015929908403026682,0.007757665312153676,0.65,0.8,0.8,0.6000000000000001,95.0,85.0,45.0,0.65,0.8,0.8,0.6000000000000001,95.0,85.0,45.0,5057,5022,35,5057,0.006921099466086613,0.6606905526383099,1.0,0.6606905526383099,1873,0.3729589804858622,1.0,1
"iteration_3","SCOPE_DATA_COLLECTION",1100,44,2710.0,2770.0,2,6095,5035,1564,5996,5068,1497,6054,4993,1533,36,40,22,0.005911330049261084,0.00794754619511226,0.01414790996784566,0.3257314527727698,0.656896943120472,1.0756454437919767,0.6514629055455397,0.656896943120472,0.7170969625279845,0.2776676577469442,0.3643100340476667,0.37573385518590996,97.5,100.0,4965,5022,2707,69,8,21,0.013897280966767372,0.0015929908403026682,0.007757665312153676,0.65,0.8,0.8,0.6000000000000001,95.0,85.0,45.0,0.65,0.8,0.8,0.6000000000000001,95.0,85.0,45.0,1513,1479,34,1513,0.02247191011235955,1.0285921198000074,1.5,0.6857280798666716,526,0.3556457065584855,1.0,1
"iteration_3","SCOPE_DATA_COLLECTION",1100,45,2770.0,2830.0,0,6003,5057,1513,6095,5035,1564,5987,5029,1483,22,35,34,0.0036611749043102015,0.006911532385466035,0.02241265655899802,0.31433986474877734,0.6647432490326699,1.0343905482314677,0.6286797294975547,0.6647432490326699,0.6895936988209784,0.2771003841656923,0.37442831576854246,0.35738368172623064,97.5,100.0,4961,4941,2671,83,8,0,0.016730497883491232,0.0016191054442420564,0.0,0.65,0.8,0.8,0.6000000000000001,95.0,85.0,45.0,0.15000000000000002,0.4,0.7000000000000001,0.6000000000000001,70.0,80.0,45.0,6117,3011,3106,6117,0.5077652444008501,0.4925210258476934,0.5,0.9850420516953868,1563,0.5190966456326802,1.0,1
"iteration_3","SCOPE_DATA_COLLECTION",1100,45,2770.0,2830.0,1,6003,5057,1513,6095,5035,1564,5987,5029,1483,22,35,34,0.0036611749043102015,0.006911532385466035,0.02241265655899802,0.31433986474877734,0.6647432490326699,1.0343905482314677,0.6286797294975547,0.6647432490326699,0.6895936988209784,0.2771003841656923,0.37442831576854246,0.35738368172623064,97.5,100.0,4961,4941,2671,83,8,0,0.016730497883491232,0.0016191054442420564,0.0,0.65,0.8,0.8,0.6000000000000001,95.0,85.0,45.0,0.15000000000000002,0.4,0.7000000000000001,0.6000000000000001,70.0,80.0,45.0,5114,2520,2594,5114,0.5072350410637466,1.1026781536419354,1.0,1.1026781536419354,1836,0.7285714285714285,1.0,1
"iteration_3","SCOPE_DATA_COLLECTION",1100,45,2770.0,2830.0,2,6003,5057,1513,6095,5035,1564,5987,5029,1483,22,35,34,0.0036611749043102015,0.006911532385466035,0.02241265655899802,0.31433986474877734,0.6647432490326699,1.0343905482314677,0.6286797294975547,0.6647432490326699,0.6895936988209784,0.2771003841656923,0.37442831576854246,0.35738368172623064,97.5,100.0,4961,4941,2671,83,8,0,0.016730497883491232,0.0016191054442420564,0.0,0.65,0.8,0.8,0.6000000000000001,95.0,85.0,45.0,0.15000000000000002,0.4,0.7000000000000001,0.6000000000000001,70.0,80.0,45.0,1518,698,820,1518,0.5401844532279315,1.867890028557829,1.5,1.2452600190385528,548,0.7851002865329513,1.0,1
"iteration_3","SCOPE_DATA_COLLECTION",1100,46,2830.0,2890.0,0,6117,5114,1518,6003,5057,1513,3009,2529,704,3106,2594,820,0.5079313164349959,0.5063439390981846,0.5380577427821522,0.4905335385310137,1.0944491684329942,1.859767083637371,0.9810670770620274,1.0944491684329942,1.239844722424914,0.5151213027583915,0.7251878212732306,0.7826704545454546,97.5,100.0,4964,1207,6578,67,0,6453,0.013497179693795327,0.0,0.9809972636059593,0.15000000000000002,0.4,0.7000000000000001,0.6000000000000001,70.0,80.0,45.0,0.65,0.5,0.6000000000000001,0.4,65.0,20.0,20.0,5838,5816,22,5838,0.0037684138403562863,0.30634252447014637,0.5,0.6126850489402927,1577,0.27114855570839064,1.0,1
"iteration_3","SCOPE_DATA_COLLECTION",1100,46,2830.0,2890.0,1,6117,5114,1518,6003,5057,1513,3009,2529,704,3106,2594,820,0.5079313164349959,0.5063439390981846,0.5380577427821522,0.4905335385310137,1.0944491684329942,1.859767083637371,0.9810670770620274,1.0944491684329942,1.239844722424914,0.5151213027583915,0.7251878212732306,0.7826704545454546,97.5,100.0,4964,1207,6578,67,0,6453,0.013497179693795327,0.0,0.9809972636059593,0.15000000000000002,0.4,0.7000000000000001,0.6000000000000001,70.0,80.0,45.0,0.65,0.5,0.6000000000000001,0.4,65.0,20.0,20.0,4994,4962,32,4994,0.006407689227072487,0.6576173575790818,1.0,0.6576173575790818,1831,0.36900443369609026,1.0,1
"iteration_3","SCOPE_DATA_COLLECTION",1100,46,2830.0,2890.0,2,6117,5114,1518,6003,5057,1513,3009,2529,704,3106,2594,820,0.5079313164349959,0.5063439390981846,0.5380577427821522,0.4905335385310137,1.0944491684329942,1.859767083637371,0.9810670770620274,1.0944491684329942,1.239844722424914,0.5151213027583915,0.7251878212732306,0.7826704545454546,97.5,100.0,4964,1207,6578,67,0,6453,0.013497179693795327,0.0,0.9809972636059593,0.15000000000000002,0.4,0.7000000000000001,0.6000000000000001,70.0,80.0,45.0,0.65,0.5,0.6000000000000001,0.4,65.0,20.0,20.0,1493,1470,23,1493,0.015405224380442064,1.0806965250439247,1.5,0.7204643500292831,569,0.3870748299319728,1.0,1
"iteration_3","SCOPE_DATA_COLLECTION",1100,47,2890.0,2950.0,0,5838,4994,1493,6117,5114,1518,5821,4952,1464,22,32,23,0.0037651891151805577,0.006420545746388443,0.01546738399462004,0.30678908106249514,0.6595516995311047,1.0841865128531794,0.6135781621249903,0.6595516995311047,0.7227910085687862,0.27194640096203404,0.3689418416801292,0.38866120218579236,100.0,100.0,4884,4803,2638,49,4,24,0.010032760032760032,8.328128253175099E-4,0.009097801364670205,0.65,0.5,0.6000000000000001,0.4,65.0,20.0,20.0,0.65,0.5,0.6000000000000001,0.4,55.0,30.0,30.0,5992,5971,21,5992,0.0035046728971962616,0.3051984424498343,0.5,0.6103968848996686,1569,0.26277005526712444,1.0,1
"iteration_3","SCOPE_DATA_COLLECTION",1100,47,2890.0,2950.0,1,5838,4994,1493,6117,5114,1518,5821,4952,1464,22,32,23,0.0037651891151805577,0.006420545746388443,0.01546738399462004,0.30678908106249514,0.6595516995311047,1.0841865128531794,0.6135781621249903,0.6595516995311047,0.7227910085687862,0.27194640096203404,0.3689418416801292,0.38866120218579236,100.0,100.0,4884,4803,2638,49,4,24,0.010032760032760032,8.328128253175099E-4,0.009097801364670205,0.65,0.5,0.6000000000000001,0.4,65.0,20.0,20.0,0.65,0.5,0.6000000000000001,0.4,55.0,30.0,30.0,5103,5070,33,5103,0.006466784244562022,0.6719586468995441,1.0,0.6719586468995441,1877,0.37021696252465486,1.0,1
"iteration_3","SCOPE_DATA_COLLECTION",1100,47,2890.0,2950.0,2,5838,4994,1493,6117,5114,1518,5821,4952,1464,22,32,23,0.0037651891151805577,0.006420545746388443,0.01546738399462004,0.30678908106249514,0.6595516995311047,1.0841865128531794,0.6135781621249903,0.6595516995311047,0.7227910085687862,0.27194640096203404,0.3689418416801292,0.38866120218579236,100.0,100.0,4884,4803,2638,49,4,24,0.010032760032760032,8.328128253175099E-4,0.009097801364670205,0.65,0.5,0.6000000000000001,0.4,65.0,20.0,20.0,0.65,0.5,0.6000000000000001,0.4,55.0,30.0,30.0,1577,1540,37,1577,0.023462270133164237,1.072801772728092,1.5,0.715201181818728,578,0.37532467532467534,1.0,1
"iteration_3","SCOPE_DATA_COLLECTION",1100,48,2950.0,3010.0,0,5992,5103,1577,5838,4994,1493,5958,5060,1537,21,33,37,0.0035122930255895636,0.0064794816414686825,0.023506988564167726,0.3042884355043784,0.670628450087415,1.0679735046413832,0.6085768710087568,0.670628450087415,0.7119823364275888,0.2614971466935213,0.3705533596837945,0.3734547820429408,100.0,100.0,4889,5074,2709,87,4,0,0.01779505011249744,7.883326763894363E-4,0.0,0.65,0.5,0.6000000000000001,0.4,55.0,30.0,30.0,0.65,0.5,0.6000000000000001,0.4,55.0,30.0,30.0,5966,5957,9,5966,0.0015085484411666108,0.30995440858116463,0.5,0.6199088171623293,1598,0.2682558334732248,1.0,1
"iteration_3","SCOPE_DATA_COLLECTION",1100,48,2950.0,3010.0,1,5992,5103,1577,5838,4994,1493,5958,5060,1537,21,33,37,0.0035122930255895636,0.0064794816414686825,0.023506988564167726,0.3042884355043784,0.670628450087415,1.0679735046413832,0.6085768710087568,0.670628450087415,0.7119823364275888,0.2614971466935213,0.3705533596837945,0.3734547820429408,100.0,100.0,4889,5074,2709,87,4,0,0.01779505011249744,7.883326763894363E-4,0.0,0.65,0.5,0.6000000000000001,0.4,55.0,30.0,30.0,0.65,0.5,0.6000000000000001,0.4,55.0,30.0,30.0,5065,5042,23,5065,0.004540967423494571,0.6642140137972316,1.0,0.6642140137972316,1894,0.3756445854819516,1.0,1
"iteration_3","SCOPE_DATA_COLLECTION",1100,48,2950.0,3010.0,2,5992,5103,1577,5838,4994,1493,5958,5060,1537,21,33,37,0.0035122930255895636,0.0064794816414686825,0.023506988564167726,0.3042884355043784,0.670628450087415,1.0679735046413832,0.6085768710087568,0.670628450087415,0.7119823364275888,0.2614971466935213,0.3705533596837945,0.3734547820429408,100.0,100.0,4889,5074,2709,87,4,0,0.01779505011249744,7.883326763894363E-4,0.0,0.65,0.5,0.6000000000000001,0.4,55.0,30.0,30.0,0.65,0.5,0.6000000000000001,0.4,55.0,30.0,30.0,1440,1408,32,1440,0.022222222222222223,1.0752650406772128,1.5,0.7168433604514752,539,0.3828125,1.0,1
"iteration_3","SCOPE_DATA_COLLECTION",1100,49,3010.0,3070.0,0,5966,5065,1440,5992,5103,1577,5970,5048,1412,9,23,32,0.0015052684395383843,0.004535594557286532,0.0221606648199446,0.311691402754243,0.6651164280035321,1.0821142158291552,0.623382805508486,0.6651164280035321,0.7214094772194368,0.2711892797319933,0.37480190174326466,0.38526912181303113,100.0,100.0,4921,4906,2644,63,1,0,0.012802275960170697,2.0383204239706482E-4,0.0,0.65,0.5,0.6000000000000001,0.4,55.0,30.0,30.0,0.75,0.6000000000000001,0.6000000000000001,0.30000000000000004,45.0,20.0,40.0,6131,6122,9,6131,0.0014679497634969825,0.3143737449315395,0.5,0.628747489863079,1674,0.27344005227049983,1.0,1
"iteration_3","SCOPE_DATA_COLLECTION",1100,49,3010.0,3070.0,1,5966,5065,1440,5992,5103,1577,5970,5048,1412,9,23,32,0.0015052684395383843,0.004535594557286532,0.0221606648199446,0.311691402754243,0.6651164280035321,1.0821142158291552,0.623382805508486,0.6651164280035321,0.7214094772194368,0.2711892797319933,0.37480190174326466,0.38526912181303113,100.0,100.0,4921,4906,2644,63,1,0,0.012802275960170697,2.0383204239706482E-4,0.0,0.65,0.5,0.6000000000000001,0.4,55.0,30.0,30.0,0.75,0.6000000000000001,0.6000000000000001,0.30000000000000004,45.0,20.0,40.0,5122,5075,47,5122,0.009176103084732526,0.6698949987552729,1.0,0.6698949987552729,1887,0.37182266009852216,1.0,1
"iteration_3","SCOPE_DATA_COLLECTION",1100,49,3010.0,3070.0,2,5966,5065,1440,5992,5103,1577,5970,5048,1412,9,23,32,0.0015052684395383843,0.004535594557286532,0.0221606648199446,0.311691402754243,0.6651164280035321,1.0821142158291552,0.623382805508486,0.6651164280035321,0.7214094772194368,0.2711892797319933,0.37480190174326466,0.38526912181303113,100.0,100.0,4921,4906,2644,63,1,0,0.012802275960170697,2.0383204239706482E-4,0.0,0.65,0.5,0.6000000000000001,0.4,55.0,30.0,30.0,0.75,0.6000000000000001,0.6000000000000001,0.30000000000000004,45.0,20.0,40.0,1507,1492,15,1507,0.009953550099535502,1.0566900216284807,1.5,0.7044600144189871,551,0.3693029490616622,1.0,1
"iteration_3","SCOPE_DATA_COLLECTION",1100,50,3070.0,3130.0,0,6131,5122,1507,5966,5065,1440,6104,5076,1489,9,47,15,0.0014722722067724522,0.009174311926605505,0.00997340425531915,0.31251951210832035,0.6671514196907692,1.048486619414943,0.6250390242166407,0.6671514196907692,0.698991079609962,0.27113368283093053,0.37174940898345155,0.3653458697112156,100.0,100.0,4952,5928,1880,65,6,0,0.013126009693053312,0.0010121457489878543,0.0,0.75,0.6000000000000001,0.6000000000000001,0.30000000000000004,45.0,20.0,40.0,0.65,0.6000000000000001,0.6000000000000001,0.2,45.0,20.0,40.0,6061,6034,27,6061,0.0044547104438211515,0.31501130463335536,0.5,0.6300226092667107,1659,0.27494199535962877,1.0,1
"iteration_3","SCOPE_DATA_COLLECTION",1100,50,3070.0,3130.0,1,6131,5122,1507,5966,5065,1440,6104,5076,1489,9,47,15,0.0014722722067724522,0.009174311926605505,0.00997340425531915,0.31251951210832035,0.6671514196907692,1.048486619414943,0.6250390242166407,0.6671514196907692,0.698991079609962,0.27113368283093053,0.37174940898345155,0.3653458697112156,100.0,100.0,4952,5928,1880,65,6,0,0.013126009693053312,0.0010121457489878543,0.0,0.75,0.6000000000000001,0.6000000000000001,0.30000000000000004,45.0,20.0,40.0,0.65,0.6000000000000001,0.6000000000000001,0.2,45.0,20.0,40.0,5057,5013,44,5057,0.008700810757366027,0.6432441468913216,1.0,0.6432441468913216,1788,0.3566726511071215,1.0,1
"iteration_3","SCOPE_DATA_COLLECTION",1100,50,3070.0,3130.0,2,6131,5122,1507,5966,5065,1440,6104,5076,1489,9,47,15,0.0014722722067724522,0.009174311926605505,0.00997340425531915,0.31251951210832035,0.6671514196907692,1.048486619414943,0.6250390242166407,0.6671514196907692,0.698991079609962,0.27113368283093053,0.37174940898345155,0.3653458697112156,100.0,100.0,4952,5928,1880,65,6,0,0.013126009693053312,0.0010121457489878543,0.0,0.75,0.6000000000000001,0.6000000000000001,0.30000000000000004,45.0,20.0,40.0,0.65,0.6000000000000001,0.6000000000000001,0.2,45.0,20.0,40.0,1580,1560,20,1580,0.012658227848101266,1.0456816529203523,1.5,0.6971211019469016,578,0.37051282051282053,1.0,1
"iteration_3","SCOPE_DATA_COLLECTION",1100,51,3130.0,3190.0,0,6061,5057,1580,6131,5122,1507,6034,5012,1557,27,44,20,0.0044547104438211515,0.00870253164556962,0.012682308180088777,0.31488428542935665,0.6456004721492082,1.0510173485037702,0.6297685708587133,0.6456004721492082,0.7006782323358468,0.2741133576400398,0.3575418994413408,0.3725112395632627,100.0,100.0,4824,5099,2775,48,4,39,0.009950248756218905,7.844675426554226E-4,0.014054054054054054,0.65,0.6000000000000001,0.6000000000000001,0.2,45.0,20.0,40.0,0.8,0.7000000000000001,0.1,0.4,60.0,65.0,85.0,5967,5958,9,5967,0.0015082956259426848,0.3060157971767246,0.5,0.6120315943534492,1625,0.27274253105068813,1.0,1
"iteration_3","SCOPE_DATA_COLLECTION",1100,51,3130.0,3190.0,1,6061,5057,1580,6131,5122,1507,6034,5012,1557,27,44,20,0.0044547104438211515,0.00870253164556962,0.012682308180088777,0.31488428542935665,0.6456004721492082,1.0510173485037702,0.6297685708587133,0.6456004721492082,0.7006782323358468,0.2741133576400398,0.3575418994413408,0.3725112395632627,100.0,100.0,4824,5099,2775,48,4,39,0.009950248756218905,7.844675426554226E-4,0.014054054054054054,0.65,0.6000000000000001,0.6000000000000001,0.2,45.0,20.0,40.0,0.8,0.7000000000000001,0.1,0.4,60.0,65.0,85.0,5064,5056,8,5064,0.001579778830963665,0.585978593413908,1.0,0.585978593413908,1729,0.3419699367088608,1.0,1
"iteration_3","SCOPE_DATA_COLLECTION",1100,51,3130.0,3190.0,2,6061,5057,1580,6131,5122,1507,6034,5012,1557,27,44,20,0.0044547104438211515,0.00870253164556962,0.012682308180088777,0.31488428542935665,0.6456004721492082,1.0510173485037702,0.6297685708587133,0.6456004721492082,0.7006782323358468,0.2741133576400398,0.3575418994413408,0.3725112395632627,100.0,100.0,4824,5099,2775,48,4,39,0.009950248756218905,7.844675426554226E-4,0.014054054054054054,0.65,0.6000000000000001,0.6000000000000001,0.2,45.0,20.0,40.0,0.8,0.7000000000000001,0.1,0.4,60.0,65.0,85.0,1514,1497,17,1514,0.011228533685601057,1.0547149068427348,1.5,0.7031432712284899,566,0.37808951235804944,1.0,1
"iteration_3","SCOPE_DATA_COLLECTION",1100,52,3190.0,3250.0,0,5967,5064,1514,6061,5057,1580,5966,5053,1497,9,8,17,0.0015062761506276152,0.0015807152736613318,0.011228533685601057,0.3074050915180485,0.588989291213973,1.057162257260221,0.614810183036097,0.588989291213973,0.7047748381734807,0.2742205833053972,0.3439540866811795,0.3800935203740815,100.0,100.0,4785,6276,1484,28,6,0,0.005851619644723093,9.560229445506692E-4,0.0,0.8,0.7000000000000001,0.1,0.4,60.0,65.0,85.0,0.8,0.8,0.1,0.30000000000000004,70.0,75.0,85.0,6018,6010,8,6018,0.0013293452974410102,0.29895061935907047,0.5,0.5979012387181409,1612,0.2682196339434276,1.0,1
"iteration_3","SCOPE_DATA_COLLECTION",1100,52,3190.0,3250.0,1,5967,5064,1514,6061,5057,1580,5966,5053,1497,9,8,17,0.0015062761506276152,0.0015807152736613318,0.011228533685601057,0.3074050915180485,0.588989291213973,1.057162257260221,0.614810183036097,0.588989291213973,0.7047748381734807,0.2742205833053972,0.3439540866811795,0.3800935203740815,100.0,100.0,4785,6276,1484,28,6,0,0.005851619644723093,9.560229445506692E-4,0.0,0.8,0.7000000000000001,0.1,0.4,60.0,65.0,85.0,0.8,0.8,0.1,0.30000000000000004,70.0,75.0,85.0,4976,4969,7,4976,0.0014067524115755627,0.5890895641330003,1.0,0.5890895641330003,1707,0.3435298852887905,1.0,1
"iteration_3","SCOPE_DATA_COLLECTION",1100,52,3190.0,3250.0,2,5967,5064,1514,6061,5057,1580,5966,5053,1497,9,8,17,0.0015062761506276152,0.0015807152736613318,0.011228533685601057,0.3074050915180485,0.588989291213973,1.057162257260221,0.614810183036097,0.588989291213973,0.7047748381734807,0.2742205833053972,0.3439540866811795,0.3800935203740815,100.0,100.0,4785,6276,1484,28,6,0,0.005851619644723093,9.560229445506692E-4,0.0,0.8,0.7000000000000001,0.1,0.4,60.0,65.0,85.0,0.8,0.8,0.1,0.30000000000000004,70.0,75.0,85.0,1536,1524,12,1536,0.0078125,1.0583519411403466,1.5,0.7055679607602311,587,0.3851706036745407,1.0,1
"iteration_3","SCOPE_DATA_COLLECTION",1100,53,3250.0,3310.0,0,6018,4976,1536,5967,5064,1514,6019,4966,1520,8,7,12,0.001327360212377634,0.001407601045646491,0.007832898172323759,0.29893379205604553,0.587219094554084,1.052223511825766,0.5978675841120911,0.587219094554084,0.7014823412171772,0.2684831367336767,0.342327829238824,0.3815789473684211,100.0,100.0,4713,6246,1571,22,5,0,0.0046679397411415234,8.005123278898495E-4,0.0,0.8,0.8,0.1,0.30000000000000004,70.0,75.0,85.0,0.5,0.1,0.30000000000000004,0.8,90.0,50.0,50.0,6032,5863,169,6032,0.028017241379310345,0.29333556492908724,0.5,0.5866711298581745,1233,0.2103018932287225,1.0,1
"iteration_3","SCOPE_DATA_COLLECTION",1100,53,3250.0,3310.0,1,6018,4976,1536,5967,5064,1514,6019,4966,1520,8,7,12,0.001327360212377634,0.001407601045646491,0.007832898172323759,0.29893379205604553,0.587219094554084,1.052223511825766,0.5978675841120911,0.587219094554084,0.7014823412171772,0.2684831367336767,0.342327829238824,0.3815789473684211,100.0,100.0,4713,6246,1571,22,5,0,0.0046679397411415234,8.005123278898495E-4,0.0,0.8,0.8,0.1,0.30000000000000004,70.0,75.0,85.0,0.5,0.1,0.30000000000000004,0.8,90.0,50.0,50.0,5105,4954,151,5105,0.02957884427032321,0.6627257849432439,1.0,0.6627257849432439,1888,0.38110617682680664,1.0,1
"iteration_3","SCOPE_DATA_COLLECTION",1100,53,3250.0,3310.0,2,6018,4976,1536,5967,5064,1514,6019,4966,1520,8,7,12,0.001327360212377634,0.001407601045646491,0.007832898172323759,0.29893379205604553,0.587219094554084,1.052223511825766,0.5978675841120911,0.587219094554084,0.7014823412171772,0.2684831367336767,0.342327829238824,0.3815789473684211,100.0,100.0,4713,6246,1571,22,5,0,0.0046679397411415234,8.005123278898495E-4,0.0,0.8,0.8,0.1,0.30000000000000004,70.0,75.0,85.0,0.5,0.1,0.30000000000000004,0.8,90.0,50.0,50.0,1507,1442,65,1507,0.043132050431320505,1.090265188493901,1.5,0.7268434589959339,564,0.391123439667129,1.0,1
"iteration_3","SCOPE_DATA_COLLECTION",1100,54,3310.0,3370.0,0,6032,5105,1507,6018,4976,1536,5866,4966,1442,169,151,65,0.028003314001657002,0.029509478209888605,0.043132050431320505,0.2939357152421373,0.6641630302466545,1.0884659279533269,0.5878714304842746,0.6641630302466545,0.7256439519688845,0.21138765768837367,0.38219895287958117,0.39042995839112343,100.0,100.0,5008,3877,3759,43,5,337,0.008586261980830671,0.0012896569512509672,0.08965150305932429,0.5,0.1,0.30000000000000004,0.8,90.0,50.0,50.0,0.4,0.1,0.4,0.7000000000000001,80.0,40.0,60.0,5977,5118,859,5977,0.14371758407227705,0.34875795022170203,0.5,0.6975159004434041,1286,0.2512700273544353,1.0,1
"iteration_3","SCOPE_DATA_COLLECTION",1100,54,3310.0,3370.0,1,6032,5105,1507,6018,4976,1536,5866,4966,1442,169,151,65,0.028003314001657002,0.029509478209888605,0.043132050431320505,0.2939357152421373,0.6641630302466545,1.0884659279533269,0.5878714304842746,0.6641630302466545,0.7256439519688845,0.21138765768837367,0.38219895287958117,0.39042995839112343,100.0,100.0,5008,3877,3759,43,5,337,0.008586261980830671,0.0012896569512509672,0.08965150305932429,0.5,0.1,0.30000000000000004,0.8,90.0,50.0,50.0,0.4,0.1,0.4,0.7000000000000001,80.0,40.0,60.0,5143,4409,734,5143,0.1427182578261715,0.7657247783079241,1.0,0.7657247783079241,1920,0.4354728963483783,1.0,1
"iteration_3","SCOPE_DATA_COLLECTION",1100,54,3310.0,3370.0,2,6032,5105,1507,6018,4976,1536,5866,4966,1442,169,151,65,0.028003314001657002,0.029509478209888605,0.043132050431320505,0.2939357152421373,0.6641630302466545,1.0884659279533269,0.5878714304842746,0.6641630302466545,0.7256439519688845,0.21138765768837367,0.38219895287958117,0.39042995839112343,100.0,100.0,5008,3877,3759,43,5,337,0.008586261980830671,0.0012896569512509672,0.08965150305932429,0.5,0.1,0.30000000000000004,0.8,90.0,50.0,50.0,0.4,0.1,0.4,0.7000000000000001,80.0,40.0,60.0,1497,1273,224,1497,0.14963259853039412,1.2366956747099942,1.5,0.8244637831399961,577,0.45326001571091906,1.0,1
"iteration_3","SCOPE_DATA_COLLECTION",1100,55,3370.0,3430.0,0,5977,5143,1497,6032,5105,1507,5120,4413,1283,859,734,224,0.1436695099514969,0.14260734408393239,0.1486396814863968,0.34870893731458585,0.7618431193790787,1.2415207498533467,0.6974178746291717,0.7618431193790787,0.8276804999022311,0.2513671875,0.4321323362791752,0.455962587685113,100.0,100.0,4949,3106,4562,40,2,1775,0.00808244089715094,6.43915003219575E-4,0.38908373520385797,0.4,0.1,0.4,0.7000000000000001,80.0,40.0,60.0,0.35000000000000003,0.9,0.8,0.5,70.0,45.0,65.0,6012,4518,1494,6012,0.24850299401197604,0.4566687306800845,0.5,0.913337461360169,1836,0.4063745019920319,1.0,1
"iteration_3","SCOPE_DATA_COLLECTION",1100,55,3370.0,3430.0,1,5977,5143,1497,6032,5105,1507,5120,4413,1283,859,734,224,0.1436695099514969,0.14260734408393239,0.1486396814863968,0.34870893731458585,0.7618431193790787,1.2415207498533467,0.6974178746291717,0.7618431193790787,0.8276804999022311,0.2513671875,0.4321323362791752,0.455962587685113,100.0,100.0,4949,3106,4562,40,2,1775,0.00808244089715094,6.43915003219575E-4,0.38908373520385797,0.4,0.1,0.4,0.7000000000000001,80.0,40.0,60.0,0.35000000000000003,0.9,0.8,0.5,70.0,45.0,65.0,5013,3704,1309,5013,0.26112108517853583,0.885073594901045,1.0,0.885073594901045,1881,0.5078293736501079,1.0,1
"iteration_3","SCOPE_DATA_COLLECTION",1100,55,3370.0,3430.0,2,5977,5143,1497,6032,5105,1507,5120,4413,1283,859,734,224,0.1436695099514969,0.14260734408393239,0.1486396814863968,0.34870893731458585,0.7618431193790787,1.2415207498533467,0.6974178746291717,0.7618431193790787,0.8276804999022311,0.2513671875,0.4321323362791752,0.455962587685113,100.0,100.0,4949,3106,4562,40,2,1775,0.00808244089715094,6.43915003219575E-4,0.38908373520385797,0.4,0.1,0.4,0.7000000000000001,80.0,40.0,60.0,0.35000000000000003,0.9,0.8,0.5,70.0,45.0,65.0,1453,1032,421,1453,0.28974535443909155,1.401488807728695,1.5,0.9343258718191301,541,0.5242248062015504,1.0,1
"iteration_3","SCOPE_DATA_COLLECTION",1100,56,3430.0,3490.0,0,6012,5013,1453,5977,5143,1497,4496,3701,1020,1494,1309,421,0.24941569282136894,0.26127744510978046,0.2921582234559334,0.4558861974355221,0.887943321516892,1.397609505435338,0.9117723948710442,0.887943321516892,0.9317396702902253,0.40458185053380785,0.5106727911375304,0.5215686274509804,100.0,100.0,4934,2619,4925,62,2,3160,0.01256586947709769,7.636502481863307E-4,0.6416243654822334,0.35000000000000003,0.9,0.8,0.5,70.0,45.0,65.0,0.45,0.8,0.7000000000000001,0.4,70.0,35.0,75.0,5943,5389,554,5943,0.09321891300689887,0.36363309076937744,0.5,0.7272661815387549,1775,0.3293746520690295,1.0,1
"iteration_3","SCOPE_DATA_COLLECTION",1100,56,3430.0,3490.0,1,6012,5013,1453,5977,5143,1497,4496,3701,1020,1494,1309,421,0.24941569282136894,0.26127744510978046,0.2921582234559334,0.4558861974355221,0.887943321516892,1.397609505435338,0.9117723948710442,0.887943321516892,0.9317396702902253,0.40458185053380785,0.5106727911375304,0.5215686274509804,100.0,100.0,4934,2619,4925,62,2,3160,0.01256586947709769,7.636502481863307E-4,0.6416243654822334,0.35000000000000003,0.9,0.8,0.5,70.0,45.0,65.0,0.45,0.8,0.7000000000000001,0.4,70.0,35.0,75.0,5258,4709,549,5258,0.10441232407759604,0.7356184261795589,1.0,0.7356184261795589,1880,0.399235506476959,1.0,1
"iteration_3","SCOPE_DATA_COLLECTION",1100,56,3430.0,3490.0,2,6012,5013,1453,5977,5143,1497,4496,3701,1020,1494,1309,421,0.24941569282136894,0.26127744510978046,0.2921582234559334,0.4558861974355221,0.887943321516892,1.397609505435338,0.9117723948710442,0.887943321516892,0.9317396702902253,0.40458185053380785,0.5106727911375304,0.5215686274509804,100.0,100.0,4934,2619,4925,62,2,3160,0.01256586947709769,7.636502481863307E-4,0.6416243654822334,0.35000000000000003,0.9,0.8,0.5,70.0,45.0,65.0,0.45,0.8,0.7000000000000001,0.4,70.0,35.0,75.0,1515,1322,193,1515,0.12739273927392739,1.211941073494352,1.5,0.8079607156629014,569,0.43040847201210286,1.0,1
"iteration_3","SCOPE_DATA_COLLECTION",1100,57,3490.0,3550.0,0,5943,5258,1515,6012,5013,1453,5398,4686,1322,554,549,193,0.09307795698924731,0.10487106017191977,0.12739273927392739,0.36368449715569756,0.7315803619868777,1.2140236146060657,0.7273689943113951,0.7315803619868777,0.8093490764040437,0.32993701370878104,0.3969270166453265,0.43267776096822996,100.0,100.0,4849,3606,4261,74,2,1220,0.015260878531656011,5.546311702717693E-4,0.28631776578268014,0.45,0.8,0.7000000000000001,0.4,70.0,35.0,75.0,0.35000000000000003,0.9,0.7000000000000001,0.30000000000000004,80.0,35.0,75.0,5951,4560,1391,5951,0.23374222819694168,0.44843248285638343,0.5,0.8968649657127669,1804,0.3956140350877193,1.0,1
"iteration_3","SCOPE_DATA_COLLECTION",1100,57,3490.0,3550.0,1,5943,5258,1515,6012,5013,1453,5398,4686,1322,554,549,193,0.09307795698924731,0.10487106017191977,0.12739273927392739,0.36368449715569756,0.7315803619868777,1.2140236146060657,0.7273689943113951,0.7315803619868777,0.8093490764040437,0.32993701370878104,0.3969270166453265,0.43267776096822996,100.0,100.0,4849,3606,4261,74,2,1220,0.015260878531656011,5.546311702717693E-4,0.28631776578268014,0.45,0.8,0.7000000000000001,0.4,70.0,35.0,75.0,0.35000000000000003,0.9,0.7000000000000001,0.30000000000000004,80.0,35.0,75.0,5155,3962,1193,5155,0.23142580019398643,0.8738109729130854,1.0,0.8738109729130854,1977,0.4989904088844018,1.0,1
"iteration_3","SCOPE_DATA_COLLECTION",1100,57,3490.0,3550.0,2,5943,5258,1515,6012,5013,1453,5398,4686,1322,554,549,193,0.09307795698924731,0.10487106017191977,0.12739273927392739,0.36368449715569756,0.7315803619868777,1.2140236146060657,0.7273689943113951,0.7315803619868777,0.8093490764040437,0.32993701370878104,0.3969270166453265,0.43267776096822996,100.0,100.0,4849,3606,4261,74,2,1220,0.015260878531656011,5.546311702717693E-4,0.28631776578268014,0.45,0.8,0.7000000000000001,0.4,70.0,35.0,75.0,0.35000000000000003,0.9,0.7000000000000001,0.30000000000000004,80.0,35.0,75.0,1490,1063,427,1490,0.2865771812080537,1.3980794972726245,1.5,0.9320529981817497,554,0.5211665098777046,1.0,1
"iteration_3","SCOPE_DATA_COLLECTION",1100,58,3550.0,3618.7891719711647,0,5951,5155,1490,5943,5258,1515,4569,3975,1078,1391,1193,427,0.23338926174496644,0.230843653250774,0.2837209302325581,0.44803783470678255,0.8729694958446678,1.3972546631079292,0.8960756694135651,0.8729694958446678,0.9315031087386195,0.3952724885095207,0.49836477987421385,0.5194805194805194,100.0,100.0,4866,2796,4934,57,2,2952,0.011713933415536375,7.15307582260372E-4,0.5982975273611674,0.35000000000000003,0.9,0.7000000000000001,0.30000000000000004,80.0,35.0,75.0,0.25,0.8,0.7000000000000001,0.30000000000000004,90.0,45.0,75.0,4843,2918,1867,4785,0.3901776384535005,0.5231256601131501,0.5,1.0462513202263002,1490,0.5106237148732008,0.9880239520958084,0
"iteration_3","SCOPE_DATA_COLLECTION",1100,58,3550.0,3618.7891719711647,1,5951,5155,1490,5943,5258,1515,4569,3975,1078,1391,1193,427,0.23338926174496644,0.230843653250774,0.2837209302325581,0.44803783470678255,0.8729694958446678,1.3972546631079292,0.8960756694135651,0.8729694958446678,0.9315031087386195,0.3952724885095207,0.49836477987421385,0.5194805194805194,100.0,100.0,4866,2796,4934,57,2,2952,0.011713933415536375,7.15307582260372E-4,0.5982975273611674,0.35000000000000003,0.9,0.7000000000000001,0.30000000000000004,80.0,35.0,75.0,0.25,0.8,0.7000000000000001,0.30000000000000004,90.0,45.0,75.0,4238,2474,1675,4149,0.4037117377681369,1.0147714283239966,1.0,1.0147714283239966,1550,0.6265157639450283,0.9789995280792827,0
"iteration_3","SCOPE_DATA_COLLECTION",1100,58,3550.0,3618.7891719711647,2,5951,5155,1490,5943,5258,1515,4569,3975,1078,1391,1193,427,0.23338926174496644,0.230843653250774,0.2837209302325581,0.44803783470678255,0.8729694958446678,1.3972546631079292,0.8960756694135651,0.8729694958446678,0.9315031087386195,0.3952724885095207,0.49836477987421385,0.5194805194805194,100.0,100.0,4866,2796,4934,57,2,2952,0.011713933415536375,7.15307582260372E-4,0.5982975273611674,0.35000000000000003,0.9,0.7000000000000001,0.30000000000000004,80.0,35.0,75.0,0.25,0.8,0.7000000000000001,0.30000000000000004,90.0,45.0,75.0,1274,725,525,1250,0.42,1.6166411926885467,1.5,1.0777607951256978,481,0.663448275862069,0.9811616954474097,0
"iteration_3","SCOPE_DATA_COLLECTION",1200,0,70.0,130.0,0,6355,4640,1547,0,0,0,6304,4542,1494,16,38,23,0.002531645569620253,0.008296943231441048,0.015161502966381015,0.31289961823117607,0.6584303766065055,1.033420207638214,0.6257992364623521,0.6584303766065055,0.6889468050921427,0.2661802030456853,0.3582122413033906,0.35809906291834004,100.0,100.0,4874,4612,3056,58,1,18,0.011899876897825195,2.168256721595837E-4,0.0058900523560209425,0.6,0.5,0.7,0.4,85.0,80.0,90.0,0.55,0.4,0.7000000000000001,0.2,95.0,45.0,40.0,6957,6780,177,6957,0.02544200086244071,0.3268349989835334,0.5,0.6536699979670668,1924,0.2837758112094395,1.0,1
"iteration_3","SCOPE_DATA_COLLECTION",1200,0,70.0,130.0,1,6355,4640,1547,0,0,0,6304,4542,1494,16,38,23,0.002531645569620253,0.008296943231441048,0.015161502966381015,0.31289961823117607,0.6584303766065055,1.033420207638214,0.6257992364623521,0.6584303766065055,0.6889468050921427,0.2661802030456853,0.3582122413033906,0.35809906291834004,100.0,100.0,4874,4612,3056,58,1,18,0.011899876897825195,2.168256721595837E-4,0.0058900523560209425,0.6,0.5,0.7,0.4,85.0,80.0,90.0,0.55,0.4,0.7000000000000001,0.2,95.0,45.0,40.0,5110,4936,174,5110,0.03405088062622309,0.6770529340998697,1.0,0.6770529340998697,1784,0.36142625607779577,1.0,1
"iteration_3","SCOPE_DATA_COLLECTION",1200,0,70.0,130.0,2,6355,4640,1547,0,0,0,6304,4542,1494,16,38,23,0.002531645569620253,0.008296943231441048,0.015161502966381015,0.31289961823117607,0.6584303766065055,1.033420207638214,0.6257992364623521,0.6584303766065055,0.6889468050921427,0.2661802030456853,0.3582122413033906,0.35809906291834004,100.0,100.0,4874,4612,3056,58,1,18,0.011899876897825195,2.168256721595837E-4,0.0058900523560209425,0.6,0.5,0.7,0.4,85.0,80.0,90.0,0.55,0.4,0.7000000000000001,0.2,95.0,45.0,40.0,1761,1685,76,1761,0.04315729699034639,1.044519289793571,1.5,0.6963461931957139,612,0.3632047477744807,1.0,1
"iteration_3","SCOPE_DATA_COLLECTION",1200,1,130.0,190.0,0,6957,5110,1761,6355,4640,1547,6780,4940,1681,177,174,76,0.02544200086244071,0.03402424716464607,0.043255549231644846,0.32643185436283856,0.6801452030988954,1.0401527010119074,0.6528637087256771,0.6801452030988954,0.6934351340079382,0.28392330383480824,0.36356275303643726,0.36109458655562165,97.5,100.0,5044,4846,3938,66,4,357,0.013084853291038858,8.254230293025176E-4,0.09065515490096496,0.55,0.4,0.7000000000000001,0.2,95.0,45.0,40.0,0.4,0.30000000000000004,0.5,0.4,25.0,25.0,40.0,6803,5634,1169,6803,0.17183595472585625,0.3920298107075135,0.5,0.784059621415027,1860,0.3301384451544196,1.0,1
"iteration_3","SCOPE_DATA_COLLECTION",1200,1,130.0,190.0,1,6957,5110,1761,6355,4640,1547,6780,4940,1681,177,174,76,0.02544200086244071,0.03402424716464607,0.043255549231644846,0.32643185436283856,0.6801452030988954,1.0401527010119074,0.6528637087256771,0.6801452030988954,0.6934351340079382,0.28392330383480824,0.36356275303643726,0.36109458655562165,97.5,100.0,5044,4846,3938,66,4,357,0.013084853291038858,8.254230293025176E-4,0.09065515490096496,0.55,0.4,0.7000000000000001,0.2,95.0,45.0,40.0,0.4,0.30000000000000004,0.5,0.4,25.0,25.0,40.0,5143,4107,1036,5143,0.2014388489208633,0.7915172576451833,1.0,0.7915172576451833,1818,0.4426588750913075,1.0,1
"iteration_3","SCOPE_DATA_COLLECTION",1200,1,130.0,190.0,2,6957,5110,1761,6355,4640,1547,6780,4940,1681,177,174,76,0.02544200086244071,0.03402424716464607,0.043255549231644846,0.32643185436283856,0.6801452030988954,1.0401527010119074,0.6528637087256771,0.6801452030988954,0.6934351340079382,0.28392330383480824,0.36356275303643726,0.36109458655562165,97.5,100.0,5044,4846,3938,66,4,357,0.013084853291038858,8.254230293025176E-4,0.09065515490096496,0.55,0.4,0.7000000000000001,0.2,95.0,45.0,40.0,0.4,0.30000000000000004,0.5,0.4,25.0,25.0,40.0,1698,1346,352,1698,0.20730270906949352,1.244915192691127,1.5,0.8299434617940847,606,0.45022288261515603,1.0,1
"iteration_3","SCOPE_DATA_COLLECTION",1200,2,190.0,250.0,0,6803,5143,1698,6957,5110,1761,5639,4112,1347,1169,1036,352,0.17170975323149237,0.20124320124320125,0.20718069452619187,0.39258458446741334,0.7877318904947626,1.2507958814208915,0.7851691689348267,0.7877318904947626,0.833863920947261,0.33073239936158894,0.4406614785992218,0.45434298440979953,100.0,100.0,5042,3487,5115,80,0,2477,0.01586671955573185,0.0,0.4842619745845552,0.4,0.30000000000000004,0.5,0.4,25.0,25.0,40.0,0.5,0.4,0.6000000000000001,0.30000000000000004,35.0,20.0,50.0,6746,6064,682,6746,0.10109694633857101,0.3757868695145051,0.5,0.7515737390290101,1852,0.3054089709762533,1.0,1
"iteration_3","SCOPE_DATA_COLLECTION",1200,2,190.0,250.0,1,6803,5143,1698,6957,5110,1761,5639,4112,1347,1169,1036,352,0.17170975323149237,0.20124320124320125,0.20718069452619187,0.39258458446741334,0.7877318904947626,1.2507958814208915,0.7851691689348267,0.7877318904947626,0.833863920947261,0.33073239936158894,0.4406614785992218,0.45434298440979953,100.0,100.0,5042,3487,5115,80,0,2477,0.01586671955573185,0.0,0.4842619745845552,0.4,0.30000000000000004,0.5,0.4,25.0,25.0,40.0,0.5,0.4,0.6000000000000001,0.30000000000000004,35.0,20.0,50.0,5058,4549,509,5058,0.10063266113088178,0.7459040903042843,1.0,0.7459040903042843,1828,0.4018465596834469,1.0,1
"iteration_3","SCOPE_DATA_COLLECTION",1200,2,190.0,250.0,2,6803,5143,1698,6957,5110,1761,5639,4112,1347,1169,1036,352,0.17170975323149237,0.20124320124320125,0.20718069452619187,0.39258458446741334,0.7877318904947626,1.2507958814208915,0.7851691689348267,0.7877318904947626,0.833863920947261,0.33073239936158894,0.4406614785992218,0.45434298440979953,100.0,100.0,5042,3487,5115,80,0,2477,0.01586671955573185,0.0,0.4842619745845552,0.4,0.30000000000000004,0.5,0.4,25.0,25.0,40.0,0.5,0.4,0.6000000000000001,0.30000000000000004,35.0,20.0,50.0,1646,1474,172,1646,0.10449574726609964,1.1472255846414103,1.5,0.7648170564276069,593,0.4023066485753053,1.0,1
"iteration_3","SCOPE_DATA_COLLECTION",1200,3,250.0,310.0,0,6746,5058,1646,6803,5143,1698,6033,4519,1473,682,509,172,0.10156366344005957,0.10123309466984885,0.10455927051671733,0.36085452269923407,0.7368874165279541,1.131298597648023,0.7217090453984681,0.7368874165279541,0.754199065098682,0.3016741256423007,0.39942465147156453,0.3971486761710794,100.0,100.0,4985,4216,4249,56,1,1306,0.01123370110330993,2.3719165085388995E-4,0.3073664391621558,0.5,0.4,0.6000000000000001,0.30000000000000004,35.0,20.0,50.0,0.75,0.7000000000000001,0.30000000000000004,0.7000000000000001,60.0,40.0,85.0,6999,6981,18,6999,0.002571795970852979,0.3027605985253073,0.5,0.6055211970506146,1828,0.26185360263572555,1.0,1
"iteration_3","SCOPE_DATA_COLLECTION",1200,3,250.0,310.0,1,6746,5058,1646,6803,5143,1698,6033,4519,1473,682,509,172,0.10156366344005957,0.10123309466984885,0.10455927051671733,0.36085452269923407,0.7368874165279541,1.131298597648023,0.7217090453984681,0.7368874165279541,0.754199065098682,0.3016741256423007,0.39942465147156453,0.3971486761710794,100.0,100.0,4985,4216,4249,56,1,1306,0.01123370110330993,2.3719165085388995E-4,0.3073664391621558,0.5,0.4,0.6000000000000001,0.30000000000000004,35.0,20.0,50.0,0.75,0.7000000000000001,0.30000000000000004,0.7000000000000001,60.0,40.0,85.0,5087,5077,10,5087,0.001965795164143896,0.6097670790097544,1.0,0.6097670790097544,1755,0.3456765806578688,1.0,1
"iteration_3","SCOPE_DATA_COLLECTION",1200,3,250.0,310.0,2,6746,5058,1646,6803,5143,1698,6033,4519,1473,682,509,172,0.10156366344005957,0.10123309466984885,0.10455927051671733,0.36085452269923407,0.7368874165279541,1.131298597648023,0.7217090453984681,0.7368874165279541,0.754199065098682,0.3016741256423007,0.39942465147156453,0.3971486761710794,100.0,100.0,4985,4216,4249,56,1,1306,0.01123370110330993,2.3719165085388995E-4,0.3073664391621558,0.5,0.4,0.6000000000000001,0.30000000000000004,35.0,20.0,50.0,0.75,0.7000000000000001,0.30000000000000004,0.7000000000000001,60.0,40.0,85.0,1629,1605,24,1629,0.014732965009208104,1.0429081444778356,1.5,0.6952720963185571,575,0.3582554517133956,1.0,1
"iteration_3","SCOPE_DATA_COLLECTION",1200,4,310.0,370.0,0,6999,5087,1629,6746,5058,1646,7007,5118,1606,18,10,24,0.002562277580071174,0.0019500780031201249,0.014723926380368098,0.3157913015387991,0.6225246340257945,1.0582865218576119,0.6315826030775982,0.6225246340257945,0.7055243479050746,0.26459255030683604,0.3503321610003908,0.36239103362391034,100.0,100.0,4998,6545,2172,46,6,0,0.009203681472589036,9.167303284950344E-4,0.0,0.75,0.7000000000000001,0.30000000000000004,0.7000000000000001,60.0,40.0,85.0,0.8,0.5,0.1,0.9,70.0,55.0,40.0,6965,6951,14,6965,0.0020100502512562816,0.30645122505956746,0.5,0.6129024501191349,1888,0.2716155948784348,1.0,1
"iteration_3","SCOPE_DATA_COLLECTION",1200,4,310.0,370.0,1,6999,5087,1629,6746,5058,1646,7007,5118,1606,18,10,24,0.002562277580071174,0.0019500780031201249,0.014723926380368098,0.3157913015387991,0.6225246340257945,1.0582865218576119,0.6315826030775982,0.6225246340257945,0.7055243479050746,0.26459255030683604,0.3503321610003908,0.36239103362391034,100.0,100.0,4998,6545,2172,46,6,0,0.009203681472589036,9.167303284950344E-4,0.0,0.75,0.7000000000000001,0.30000000000000004,0.7000000000000001,60.0,40.0,85.0,0.8,0.5,0.1,0.9,70.0,55.0,40.0,5093,5082,11,5093,0.0021598272138228943,0.5952690138296006,1.0,0.5952690138296006,1738,0.341991341991342,1.0,1
"iteration_3","SCOPE_DATA_COLLECTION",1200,4,310.0,370.0,2,6999,5087,1629,6746,5058,1646,7007,5118,1606,18,10,24,0.002562277580071174,0.0019500780031201249,0.014723926380368098,0.3157913015387991,0.6225246340257945,1.0582865218576119,0.6315826030775982,0.6225246340257945,0.7055243479050746,0.26459255030683604,0.3503321610003908,0.36239103362391034,100.0,100.0,4998,6545,2172,46,6,0,0.009203681472589036,9.167303284950344E-4,0.0,0.75,0.7000000000000001,0.30000000000000004,0.7000000000000001,60.0,40.0,85.0,0.8,0.5,0.1,0.9,70.0,55.0,40.0,1630,1614,16,1630,0.0098159509202454,1.0359252126709726,1.5,0.6906168084473151,579,0.3587360594795539,1.0,1
"iteration_3","SCOPE_DATA_COLLECTION",1200,5,370.0,430.0,0,6965,5093,1630,6999,5087,1629,6946,5079,1620,14,11,16,0.002011494252873563,0.0021611001964636544,0.009779951100244499,0.3063519251951077,0.5974651156406745,1.0394092174909066,0.6127038503902154,0.5974651156406745,0.6929394783272711,0.27166714655917074,0.34337468005512894,0.35987654320987655,100.0,100.0,5040,6893,1755,38,3,0,0.00753968253968254,4.352241404323226E-4,0.0,0.8,0.5,0.1,0.9,70.0,55.0,40.0,0.8,0.5,0.2,0.8,60.0,45.0,50.0,7013,7005,8,7013,0.0011407386282617994,0.28973766719852895,0.5,0.5794753343970579,1734,0.24753747323340472,1.0,1
"iteration_3","SCOPE_DATA_COLLECTION",1200,5,370.0,430.0,1,6965,5093,1630,6999,5087,1629,6946,5079,1620,14,11,16,0.002011494252873563,0.0021611001964636544,0.009779951100244499,0.3063519251951077,0.5974651156406745,1.0394092174909066,0.6127038503902154,0.5974651156406745,0.6929394783272711,0.27166714655917074,0.34337468005512894,0.35987654320987655,100.0,100.0,5040,6893,1755,38,3,0,0.00753968253968254,4.352241404323226E-4,0.0,0.8,0.5,0.1,0.9,70.0,55.0,40.0,0.8,0.5,0.2,0.8,60.0,45.0,50.0,5145,5118,27,5145,0.0052478134110787176,0.5940473569783457,1.0,0.5940473569783457,1751,0.342125830402501,1.0,1
"iteration_3","SCOPE_DATA_COLLECTION",1200,5,370.0,430.0,2,6965,5093,1630,6999,5087,1629,6946,5079,1620,14,11,16,0.002011494252873563,0.0021611001964636544,0.009779951100244499,0.3063519251951077,0.5974651156406745,1.0394092174909066,0.6127038503902154,0.5974651156406745,0.6929394783272711,0.27166714655917074,0.34337468005512894,0.35987654320987655,100.0,100.0,5040,6893,1755,38,3,0,0.00753968253968254,4.352241404323226E-4,0.0,0.8,0.5,0.1,0.9,70.0,55.0,40.0,0.8,0.5,0.2,0.8,60.0,45.0,50.0,1656,1622,34,1656,0.020531400966183576,1.0309092229622343,1.5,0.6872728153081562,578,0.3563501849568434,1.0,1
"iteration_3","SCOPE_DATA_COLLECTION",1200,6,430.0,490.0,0,7013,5145,1656,6965,5093,1630,7020,5118,1615,8,27,34,0.0011383039271485487,0.0052478134110787176,0.020618556701030927,0.2898219113163631,0.5913967387575245,1.0275868493023397,0.5796438226327262,0.5913967387575245,0.6850578995348932,0.24786324786324787,0.3399765533411489,0.35541795665634673,100.0,100.0,4936,7122,1756,63,6,0,0.012763371150729336,8.424599831508003E-4,0.0,0.8,0.5,0.2,0.8,60.0,45.0,50.0,0.8,0.6000000000000001,0.30000000000000004,0.7000000000000001,50.0,35.0,40.0,6895,6881,14,6895,0.0020304568527918783,0.2969329624628746,0.5,0.5938659249257492,1738,0.25257956692341227,1.0,1
"iteration_3","SCOPE_DATA_COLLECTION",1200,6,430.0,490.0,1,7013,5145,1656,6965,5093,1630,7020,5118,1615,8,27,34,0.0011383039271485487,0.0052478134110787176,0.020618556701030927,0.2898219113163631,0.5913967387575245,1.0275868493023397,0.5796438226327262,0.5913967387575245,0.6850578995348932,0.24786324786324787,0.3399765533411489,0.35541795665634673,100.0,100.0,4936,7122,1756,63,6,0,0.012763371150729336,8.424599831508003E-4,0.0,0.8,0.5,0.2,0.8,60.0,45.0,50.0,0.8,0.6000000000000001,0.30000000000000004,0.7000000000000001,50.0,35.0,40.0,5133,5110,23,5133,0.004480810442236509,0.6311258354920108,1.0,0.6311258354920108,1807,0.3536203522504892,1.0,1
"iteration_3","SCOPE_DATA_COLLECTION",1200,6,430.0,490.0,2,7013,5145,1656,6965,5093,1630,7020,5118,1615,8,27,34,0.0011383039271485487,0.0052478134110787176,0.020618556701030927,0.2898219113163631,0.5913967387575245,1.0275868493023397,0.5796438226327262,0.5913967387575245,0.6850578995348932,0.24786324786324787,0.3399765533411489,0.35541795665634673,100.0,100.0,4936,7122,1756,63,6,0,0.012763371150729336,8.424599831508003E-4,0.0,0.8,0.5,0.2,0.8,60.0,45.0,50.0,0.8,0.6000000000000001,0.30000000000000004,0.7000000000000001,50.0,35.0,40.0,1612,1587,25,1612,0.015508684863523574,1.0336841990737249,1.5,0.6891227993824832,564,0.3553875236294896,1.0,1
"iteration_3","SCOPE_DATA_COLLECTION",1200,7,490.0,550.0,0,6895,5133,1612,7013,5145,1656,6869,5110,1595,14,22,25,0.0020339968037193083,0.004286827747466875,0.015432098765432098,0.2959027027204056,0.6299740927433004,1.0307057990658217,0.5918054054408112,0.6299740927433004,0.6871371993772145,0.25141942058523803,0.35342465753424657,0.35360501567398117,100.0,100.0,4997,6909,1734,55,6,0,0.011006603962377426,8.684324793747286E-4,0.0,0.8,0.6000000000000001,0.30000000000000004,0.7000000000000001,50.0,35.0,40.0,0.75,0.2,0.5,0.1,65.0,70.0,50.0,7013,7009,4,7013,5.703693141308997E-4,0.2869030315800935,0.5,0.573806063160187,1706,0.2434013411328292,1.0,1
"iteration_3","SCOPE_DATA_COLLECTION",1200,7,490.0,550.0,1,6895,5133,1612,7013,5145,1656,6869,5110,1595,14,22,25,0.0020339968037193083,0.004286827747466875,0.015432098765432098,0.2959027027204056,0.6299740927433004,1.0307057990658217,0.5918054054408112,0.6299740927433004,0.6871371993772145,0.25141942058523803,0.35342465753424657,0.35360501567398117,100.0,100.0,4997,6909,1734,55,6,0,0.011006603962377426,8.684324793747286E-4,0.0,0.8,0.6000000000000001,0.30000000000000004,0.7000000000000001,50.0,35.0,40.0,0.75,0.2,0.5,0.1,65.0,70.0,50.0,5109,5094,15,5109,0.002935995302407516,0.6204675763160449,1.0,0.6204675763160449,1743,0.3421672555948174,1.0,1
"iteration_3","SCOPE_DATA_COLLECTION",1200,7,490.0,550.0,2,6895,5133,1612,7013,5145,1656,6869,5110,1595,14,22,25,0.0020339968037193083,0.004286827747466875,0.015432098765432098,0.2959027027204056,0.6299740927433004,1.0307057990658217,0.5918054054408112,0.6299740927433004,0.6871371993772145,0.25141942058523803,0.35342465753424657,0.35360501567398117,100.0,100.0,4997,6909,1734,55,6,0,0.011006603962377426,8.684324793747286E-4,0.0,0.8,0.6000000000000001,0.30000000000000004,0.7000000000000001,50.0,35.0,40.0,0.75,0.2,0.5,0.1,65.0,70.0,50.0,1708,1699,9,1708,0.005269320843091335,1.0001989531774895,1.5,0.6667993021183264,598,0.35197174808711007,1.0,1
"iteration_3","SCOPE_DATA_COLLECTION",1200,8,550.0,610.0,0,7013,5109,1708,6895,5133,1612,7007,5090,1693,4,16,9,5.705320211096848E-4,0.003133568350959655,0.005287896592244419,0.2880007242748665,0.6198757665324438,1.0004567279477294,0.576001448549733,0.6198757665324438,0.666971151965153,0.24432710146995862,0.3418467583497053,0.3520378027170703,100.0,100.0,4997,6599,2234,24,5,0,0.004802881729037423,7.576905591756327E-4,0.0,0.75,0.2,0.5,0.1,65.0,70.0,50.0,0.9500000000000001,0.4,0.6000000000000001,0.5,30.0,90.0,45.0,6964,6949,15,6964,0.00215393452039058,0.3114718503158817,0.5,0.6229437006317634,1825,0.2626277162181609,1.0,1
"iteration_3","SCOPE_DATA_COLLECTION",1200,8,550.0,610.0,1,7013,5109,1708,6895,5133,1612,7007,5090,1693,4,16,9,5.705320211096848E-4,0.003133568350959655,0.005287896592244419,0.2880007242748665,0.6198757665324438,1.0004567279477294,0.576001448549733,0.6198757665324438,0.666971151965153,0.24432710146995862,0.3418467583497053,0.3520378027170703,100.0,100.0,4997,6599,2234,24,5,0,0.004802881729037423,7.576905591756327E-4,0.0,0.75,0.2,0.5,0.1,65.0,70.0,50.0,0.9500000000000001,0.4,0.6000000000000001,0.5,30.0,90.0,45.0,5070,5020,50,5070,0.009861932938856016,0.6650025490342912,1.0,0.6650025490342912,1786,0.3557768924302789,1.0,1
"iteration_3","SCOPE_DATA_COLLECTION",1200,8,550.0,610.0,2,7013,5109,1708,6895,5133,1612,7007,5090,1693,4,16,9,5.705320211096848E-4,0.003133568350959655,0.005287896592244419,0.2880007242748665,0.6198757665324438,1.0004567279477294,0.576001448549733,0.6198757665324438,0.666971151965153,0.24432710146995862,0.3418467583497053,0.3520378027170703,100.0,100.0,4997,6599,2234,24,5,0,0.004802881729037423,7.576905591756327E-4,0.0,0.75,0.2,0.5,0.1,65.0,70.0,50.0,0.9500000000000001,0.4,0.6000000000000001,0.5,30.0,90.0,45.0,1694,1646,48,1694,0.02833530106257379,1.0440322437584506,1.5,0.6960214958389671,583,0.35419198055893075,1.0,1
"iteration_3","SCOPE_DATA_COLLECTION",1200,9,610.0,670.0,0,6964,5070,1694,7013,5109,1708,6961,5014,1645,15,50,48,0.0021502293577981653,0.009873617693522907,0.02835203780271707,0.311665968610544,0.6650498469954126,1.0417867952621451,0.623331937221088,0.6650498469954126,0.6945245301747635,0.26375520758511706,0.3558037495013961,0.35319148936170214,97.5,100.0,5108,8218,402,103,10,0,0.020164447924823806,0.0012168410805548796,0.0,0.9500000000000001,0.4,0.6000000000000001,0.5,30.0,90.0,45.0,0.8500000000000001,0.5,0.6000000000000001,0.5,20.0,80.0,55.0,6862,6843,19,6862,0.002768872048965316,0.3086583151170942,0.5,0.6173166302341884,1889,0.2760485167324273,1.0,1
"iteration_3","SCOPE_DATA_COLLECTION",1200,9,610.0,670.0,1,6964,5070,1694,7013,5109,1708,6961,5014,1645,15,50,48,0.0021502293577981653,0.009873617693522907,0.02835203780271707,0.311665968610544,0.6650498469954126,1.0417867952621451,0.623331937221088,0.6650498469954126,0.6945245301747635,0.26375520758511706,0.3558037495013961,0.35319148936170214,97.5,100.0,5108,8218,402,103,10,0,0.020164447924823806,0.0012168410805548796,0.0,0.9500000000000001,0.4,0.6000000000000001,0.5,30.0,90.0,45.0,0.8500000000000001,0.5,0.6000000000000001,0.5,20.0,80.0,55.0,5176,5134,42,5176,0.00811437403400309,0.6485268533415631,1.0,0.6485268533415631,1800,0.3506038176860148,1.0,1
"iteration_3","SCOPE_DATA_COLLECTION",1200,9,610.0,670.0,2,6964,5070,1694,7013,5109,1708,6961,5014,1645,15,50,48,0.0021502293577981653,0.009873617693522907,0.02835203780271707,0.311665968610544,0.6650498469954126,1.0417867952621451,0.623331937221088,0.6650498469954126,0.6945245301747635,0.26375520758511706,0.3558037495013961,0.35319148936170214,97.5,100.0,5108,8218,402,103,10,0,0.020164447924823806,0.0012168410805548796,0.0,0.9500000000000001,0.4,0.6000000000000001,0.5,30.0,90.0,45.0,0.8500000000000001,0.5,0.6000000000000001,0.5,20.0,80.0,55.0,1667,1624,43,1667,0.02579484103179364,1.0676646164119055,1.5,0.7117764109412703,597,0.36761083743842365,1.0,1
"iteration_3","SCOPE_DATA_COLLECTION",1200,10,670.0,730.0,0,6862,5176,1667,6964,5070,1694,6820,5135,1623,19,42,43,0.002778183945021202,0.008112806644774966,0.02581032412965186,0.30627232551383937,0.6475279209985716,1.0662375539105364,0.6125446510276787,0.6475279209985716,0.7108250359403576,0.27243401759530794,0.3501460564751704,0.3678373382624769,97.5,100.0,5108,7275,1322,94,10,0,0.01840250587314017,0.0013745704467353953,0.0,0.8500000000000001,0.5,0.6000000000000001,0.5,20.0,80.0,55.0,0.9500000000000001,0.6000000000000001,0.6000000000000001,0.6000000000000001,20.0,70.0,45.0,6903,6881,22,6903,0.0031870201361726786,0.30958390178176026,0.5,0.6191678035635205,1770,0.2572300537712542,1.0,1
"iteration_3","SCOPE_DATA_COLLECTION",1200,10,670.0,730.0,1,6862,5176,1667,6964,5070,1694,6820,5135,1623,19,42,43,0.002778183945021202,0.008112806644774966,0.02581032412965186,0.30627232551383937,0.6475279209985716,1.0662375539105364,0.6125446510276787,0.6475279209985716,0.7108250359403576,0.27243401759530794,0.3501460564751704,0.3678373382624769,97.5,100.0,5108,7275,1322,94,10,0,0.01840250587314017,0.0013745704467353953,0.0,0.8500000000000001,0.5,0.6000000000000001,0.5,20.0,80.0,55.0,0.9500000000000001,0.6000000000000001,0.6000000000000001,0.6000000000000001,20.0,70.0,45.0,5099,5067,32,5099,0.006275740341243381,0.6444171548650655,1.0,0.6444171548650655,1775,0.3503059009275706,1.0,1
"iteration_3","SCOPE_DATA_COLLECTION",1200,10,670.0,730.0,2,6862,5176,1667,6964,5070,1694,6820,5135,1623,19,42,43,0.002778183945021202,0.008112806644774966,0.02581032412965186,0.30627232551383937,0.6475279209985716,1.0662375539105364,0.6125446510276787,0.6475279209985716,0.7108250359403576,0.27243401759530794,0.3501460564751704,0.3678373382624769,97.5,100.0,5108,7275,1322,94,10,0,0.01840250587314017,0.0013745704467353953,0.0,0.8500000000000001,0.5,0.6000000000000001,0.5,20.0,80.0,55.0,0.9500000000000001,0.6000000000000001,0.6000000000000001,0.6000000000000001,20.0,70.0,45.0,1676,1637,39,1676,0.023269689737470168,1.0386078717035718,1.5,0.6924052478023812,575,0.3512522907758094,1.0,1
"iteration_3","SCOPE_DATA_COLLECTION",1200,11,730.0,790.0,0,6903,5099,1676,6862,5176,1667,6888,5065,1645,22,32,39,0.0031837916063675834,0.006278202864430057,0.02315914489311164,0.31180350362784554,0.6456166756830699,1.0441603784483144,0.6236070072556911,0.6456166756830699,0.696106918965543,0.26001742160278746,0.3508390918065153,0.35319148936170214,100.0,100.0,5009,8274,395,85,8,0,0.016969454981034138,9.668842156151801E-4,0.0,0.9500000000000001,0.6000000000000001,0.6000000000000001,0.6000000000000001,20.0,70.0,45.0,0.8500000000000001,0.6000000000000001,0.5,0.6000000000000001,20.0,60.0,55.0,6858,6844,14,6858,0.002041411490230388,0.3125875136344967,0.5,0.6251750272689934,1846,0.26972530683810636,1.0,1
"iteration_3","SCOPE_DATA_COLLECTION",1200,11,730.0,790.0,1,6903,5099,1676,6862,5176,1667,6888,5065,1645,22,32,39,0.0031837916063675834,0.006278202864430057,0.02315914489311164,0.31180350362784554,0.6456166756830699,1.0441603784483144,0.6236070072556911,0.6456166756830699,0.696106918965543,0.26001742160278746,0.3508390918065153,0.35319148936170214,100.0,100.0,5009,8274,395,85,8,0,0.016969454981034138,9.668842156151801E-4,0.0,0.9500000000000001,0.6000000000000001,0.6000000000000001,0.6000000000000001,20.0,70.0,45.0,0.8500000000000001,0.6000000000000001,0.5,0.6000000000000001,20.0,60.0,55.0,5090,5052,38,5090,0.007465618860510805,0.6470186881464006,1.0,0.6470186881464006,1770,0.3503562945368171,1.0,1
"iteration_3","SCOPE_DATA_COLLECTION",1200,11,730.0,790.0,2,6903,5099,1676,6862,5176,1667,6888,5065,1645,22,32,39,0.0031837916063675834,0.006278202864430057,0.02315914489311164,0.31180350362784554,0.6456166756830699,1.0441603784483144,0.6236070072556911,0.6456166756830699,0.696106918965543,0.26001742160278746,0.3508390918065153,0.35319148936170214,100.0,100.0,5009,8274,395,85,8,0,0.016969454981034138,9.668842156151801E-4,0.0,0.9500000000000001,0.6000000000000001,0.6000000000000001,0.6000000000000001,20.0,70.0,45.0,0.8500000000000001,0.6000000000000001,0.5,0.6000000000000001,20.0,60.0,55.0,1654,1611,43,1654,0.02599758162031439,1.0681827648854454,1.5,0.7121218432569636,587,0.3643699565487275,1.0,1
"iteration_3","SCOPE_DATA_COLLECTION",1200,12,790.0,850.0,0,6858,5090,1654,6903,5099,1676,6851,5055,1612,14,38,43,0.002039329934450109,0.007461221284115452,0.025981873111782478,0.31226728834741474,0.6465502905996368,1.0675983561478601,0.6245345766948295,0.6465502905996368,0.7117322374319067,0.2687198949058532,0.3499505440158259,0.36538461538461536,97.5,100.0,5073,7247,1282,90,5,0,0.017740981667652277,6.899406651028012E-4,0.0,0.8500000000000001,0.6000000000000001,0.5,0.6000000000000001,20.0,60.0,55.0,0.75,0.7000000000000001,0.6000000000000001,0.5,20.0,70.0,55.0,6934,6920,14,6934,0.002019036631093164,0.29826390343249526,0.5,0.5965278068649905,1727,0.2495664739884393,1.0,1
"iteration_3","SCOPE_DATA_COLLECTION",1200,12,790.0,850.0,1,6858,5090,1654,6903,5099,1676,6851,5055,1612,14,38,43,0.002039329934450109,0.007461221284115452,0.025981873111782478,0.31226728834741474,0.6465502905996368,1.0675983561478601,0.6245345766948295,0.6465502905996368,0.7117322374319067,0.2687198949058532,0.3499505440158259,0.36538461538461536,97.5,100.0,5073,7247,1282,90,5,0,0.017740981667652277,6.899406651028012E-4,0.0,0.8500000000000001,0.6000000000000001,0.5,0.6000000000000001,20.0,60.0,55.0,0.75,0.7000000000000001,0.6000000000000001,0.5,20.0,70.0,55.0,5105,5068,37,5105,0.007247796278158668,0.6367794294011582,1.0,0.6367794294011582,1769,0.34905288082083663,1.0,1
"iteration_3","SCOPE_DATA_COLLECTION",1200,12,790.0,850.0,2,6858,5090,1654,6903,5099,1676,6851,5055,1612,14,38,43,0.002039329934450109,0.007461221284115452,0.025981873111782478,0.31226728834741474,0.6465502905996368,1.0675983561478601,0.6245345766948295,0.6465502905996368,0.7117322374319067,0.2687198949058532,0.3499505440158259,0.36538461538461536,97.5,100.0,5073,7247,1282,90,5,0,0.017740981667652277,6.899406651028012E-4,0.0,0.8500000000000001,0.6000000000000001,0.5,0.6000000000000001,20.0,60.0,55.0,0.75,0.7000000000000001,0.6000000000000001,0.5,20.0,70.0,55.0,1643,1615,28,1643,0.01704199634814364,1.0041159256203278,1.5,0.6694106170802185,556,0.3442724458204334,1.0,1
"iteration_3","SCOPE_DATA_COLLECTION",1200,13,850.0,910.0,0,6934,5105,1643,6858,5090,1654,6922,5069,1614,14,37,28,0.002018454440599769,0.007246376811594203,0.01705237515225335,0.29861299726654666,0.6393954412394809,1.0085235999021966,0.5972259945330933,0.6393954412394809,0.6723490666014644,0.2513724357122219,0.3501676859341093,0.3451053283767038,100.0,100.0,5008,6530,2144,76,3,0,0.015175718849840255,4.594180704441041E-4,0.0,0.75,0.7000000000000001,0.6000000000000001,0.5,20.0,70.0,55.0,0.2,0.4,0.9,0.8,30.0,95.0,50.0,6958,3476,3482,6958,0.5004311583788444,0.49220458155054064,0.5,0.9844091631010813,1813,0.5215765247410817,1.0,1
"iteration_3","SCOPE_DATA_COLLECTION",1200,13,850.0,910.0,1,6934,5105,1643,6858,5090,1654,6922,5069,1614,14,37,28,0.002018454440599769,0.007246376811594203,0.01705237515225335,0.29861299726654666,0.6393954412394809,1.0085235999021966,0.5972259945330933,0.6393954412394809,0.6723490666014644,0.2513724357122219,0.3501676859341093,0.3451053283767038,100.0,100.0,5008,6530,2144,76,3,0,0.015175718849840255,4.594180704441041E-4,0.0,0.75,0.7000000000000001,0.6000000000000001,0.5,20.0,70.0,55.0,0.2,0.4,0.9,0.8,30.0,95.0,50.0,5076,2475,2601,5076,0.5124113475177305,1.0912380718580765,1.0,1.0912380718580765,1764,0.7127272727272728,1.0,1
"iteration_3","SCOPE_DATA_COLLECTION",1200,13,850.0,910.0,2,6934,5105,1643,6858,5090,1654,6922,5069,1614,14,37,28,0.002018454440599769,0.007246376811594203,0.01705237515225335,0.29861299726654666,0.6393954412394809,1.0085235999021966,0.5972259945330933,0.6393954412394809,0.6723490666014644,0.2513724357122219,0.3501676859341093,0.3451053283767038,100.0,100.0,5008,6530,2144,76,3,0,0.015175718849840255,4.594180704441041E-4,0.0,0.75,0.7000000000000001,0.6000000000000001,0.5,20.0,70.0,55.0,0.2,0.4,0.9,0.8,30.0,95.0,50.0,1682,824,858,1682,0.5101070154577884,1.7712635346214052,1.5,1.18084235641427,602,0.7305825242718447,1.0,1
"iteration_3","SCOPE_DATA_COLLECTION",1200,14,910.0,970.0,0,6958,5076,1682,6934,5105,1643,3488,2481,825,3482,2601,858,0.49956958393113343,0.5118063754427391,0.5098039215686274,0.4908972842925652,1.0829932064768537,1.7580142725874763,0.9817945685851304,1.0829932064768537,1.1720095150583176,0.518348623853211,0.7089883111648528,0.7236363636363636,97.5,100.0,5151,1639,6926,94,1,6846,0.0182488837119006,6.101281269066504E-4,0.9884493213976321,0.2,0.4,0.9,0.8,30.0,95.0,50.0,0.2,0.5,0.9,0.7000000000000001,20.0,95.0,60.0,7011,3512,3499,7011,0.4990728854656968,0.5066851976049629,0.5,1.0133703952099258,1850,0.5267653758542141,1.0,1
"iteration_3","SCOPE_DATA_COLLECTION",1200,14,910.0,970.0,1,6958,5076,1682,6934,5105,1643,3488,2481,825,3482,2601,858,0.49956958393113343,0.5118063754427391,0.5098039215686274,0.4908972842925652,1.0829932064768537,1.7580142725874763,0.9817945685851304,1.0829932064768537,1.1720095150583176,0.518348623853211,0.7089883111648528,0.7236363636363636,97.5,100.0,5151,1639,6926,94,1,6846,0.0182488837119006,6.101281269066504E-4,0.9884493213976321,0.2,0.4,0.9,0.8,30.0,95.0,50.0,0.2,0.5,0.9,0.7000000000000001,20.0,95.0,60.0,5039,2464,2575,5039,0.5110140900972415,1.0964201455023754,1.0,1.0964201455023754,1755,0.7122564935064936,1.0,1
"iteration_3","SCOPE_DATA_COLLECTION",1200,14,910.0,970.0,2,6958,5076,1682,6934,5105,1643,3488,2481,825,3482,2601,858,0.49956958393113343,0.5118063754427391,0.5098039215686274,0.4908972842925652,1.0829932064768537,1.7580142725874763,0.9817945685851304,1.0829932064768537,1.1720095150583176,0.518348623853211,0.7089883111648528,0.7236363636363636,97.5,100.0,5151,1639,6926,94,1,6846,0.0182488837119006,6.101281269066504E-4,0.9884493213976321,0.2,0.4,0.9,0.8,30.0,95.0,50.0,0.2,0.5,0.9,0.7000000000000001,20.0,95.0,60.0,1671,821,850,1671,0.5086774386594853,1.7754095346065846,1.5,1.1836063564043897,601,0.7320341047503045,1.0,1
"iteration_3","SCOPE_DATA_COLLECTION",1200,15,970.0,1030.0,0,7011,5039,1671,6958,5076,1682,3505,2456,821,3499,2575,850,0.499571673329526,0.5118266746173723,0.5086774386594853,0.5067392050884931,1.0939212401681186,1.7727075124759537,1.0134784101769863,1.0939212401681186,1.1818050083173024,0.5275320970042796,0.7096905537459284,0.7332521315468941,100.0,100.0,5100,1724,6897,85,2,6837,0.016666666666666666,0.001160092807424594,0.9913005654632449,0.2,0.5,0.9,0.7000000000000001,20.0,95.0,60.0,0.1,0.5,0.8,0.6000000000000001,30.0,85.0,70.0,7036,3022,4014,7036,0.5704945992040933,0.5741152231025477,0.5,1.1482304462050954,1907,0.6310390469887491,1.0,1
"iteration_3","SCOPE_DATA_COLLECTION",1200,15,970.0,1030.0,1,7011,5039,1671,6958,5076,1682,3505,2456,821,3499,2575,850,0.499571673329526,0.5118266746173723,0.5086774386594853,0.5067392050884931,1.0939212401681186,1.7727075124759537,1.0134784101769863,1.0939212401681186,1.1818050083173024,0.5275320970042796,0.7096905537459284,0.7332521315468941,100.0,100.0,5100,1724,6897,85,2,6837,0.016666666666666666,0.001160092807424594,0.9913005654632449,0.2,0.5,0.9,0.7000000000000001,20.0,95.0,60.0,0.1,0.5,0.8,0.6000000000000001,30.0,85.0,70.0,5188,2171,3017,5188,0.5815343099460293,1.2511563551656242,1.0,1.2511563551656242,1760,0.8106863196683556,1.0,1
"iteration_3","SCOPE_DATA_COLLECTION",1200,15,970.0,1030.0,2,7011,5039,1671,6958,5076,1682,3505,2456,821,3499,2575,850,0.499571673329526,0.5118266746173723,0.5086774386594853,0.5067392050884931,1.0939212401681186,1.7727075124759537,1.0134784101769863,1.0939212401681186,1.1818050083173024,0.5275320970042796,0.7096905537459284,0.7332521315468941,100.0,100.0,5100,1724,6897,85,2,6837,0.016666666666666666,0.001160092807424594,0.9913005654632449,0.2,0.5,0.9,0.7000000000000001,20.0,95.0,60.0,0.1,0.5,0.8,0.6000000000000001,30.0,85.0,70.0,1746,716,1030,1746,0.5899198167239404,1.995377804981618,1.5,1.3302518699877453,607,0.8477653631284916,1.0,1
"iteration_3","SCOPE_DATA_COLLECTION",1200,16,1030.0,1090.0,0,7036,5188,1746,7011,5039,1671,3031,2176,720,4014,3017,1030,0.5697657913413768,0.5809743886000385,0.5885714285714285,0.5745837691754946,1.2538321983155944,1.997305298711193,1.1491675383509892,1.2538321983155944,1.331536865807462,0.6314747608050149,0.8111213235294118,0.8458333333333333,97.5,100.0,5140,892,7938,122,1,7938,0.023735408560311283,0.0011210762331838565,1.0,0.1,0.5,0.8,0.6000000000000001,30.0,85.0,70.0,0.1,0.4,0.9,0.5,40.0,95.0,70.0,6885,2987,3898,6885,0.566158315177923,0.5394281285816457,0.5,1.0788562571632914,1744,0.5838634081017744,1.0,1
"iteration_3","SCOPE_DATA_COLLECTION",1200,16,1030.0,1090.0,1,7036,5188,1746,7011,5039,1671,3031,2176,720,4014,3017,1030,0.5697657913413768,0.5809743886000385,0.5885714285714285,0.5745837691754946,1.2538321983155944,1.997305298711193,1.1491675383509892,1.2538321983155944,1.331536865807462,0.6314747608050149,0.8111213235294118,0.8458333333333333,97.5,100.0,5140,892,7938,122,1,7938,0.023735408560311283,0.0011210762331838565,1.0,0.1,0.5,0.8,0.6000000000000001,30.0,85.0,70.0,0.1,0.4,0.9,0.5,40.0,95.0,70.0,5139,2234,2905,5139,0.5652850749172991,1.2154941828070123,1.0,1.2154941828070123,1811,0.8106535362578334,1.0,1
"iteration_3","SCOPE_DATA_COLLECTION",1200,16,1030.0,1090.0,2,7036,5188,1746,7011,5039,1671,3031,2176,720,4014,3017,1030,0.5697657913413768,0.5809743886000385,0.5885714285714285,0.5745837691754946,1.2538321983155944,1.997305298711193,1.1491675383509892,1.2538321983155944,1.331536865807462,0.6314747608050149,0.8111213235294118,0.8458333333333333,97.5,100.0,5140,892,7938,122,1,7938,0.023735408560311283,0.0011210762331838565,1.0,0.1,0.5,0.8,0.6000000000000001,30.0,85.0,70.0,0.1,0.4,0.9,0.5,40.0,95.0,70.0,1672,683,989,1672,0.5915071770334929,1.9894001378874373,1.5,1.3262667585916248,574,0.8404099560761347,1.0,1
"iteration_3","SCOPE_DATA_COLLECTION",1200,17,1090.0,1150.0,0,6885,5139,1672,7036,5188,1746,2977,2235,680,3898,2905,989,0.5669818181818181,0.5651750972762646,0.5925704014379868,0.538160241789239,1.215150618467557,1.988189134747593,1.076320483578478,1.215150618467557,1.325459423165062,0.5821296607322808,0.8120805369127517,0.8411764705882353,100.0,100.0,5098,896,7702,90,0,7702,0.017653981953707338,0.0,1.0,0.1,0.4,0.9,0.5,40.0,95.0,70.0,0.65,0.5,0.1,0.30000000000000004,95.0,35.0,55.0,6942,6913,29,6942,0.004177470469605301,0.30361215992779084,0.5,0.6072243198555817,1865,0.26978157095327643,1.0,1
"iteration_3","SCOPE_DATA_COLLECTION",1200,17,1090.0,1150.0,1,6885,5139,1672,7036,5188,1746,2977,2235,680,3898,2905,989,0.5669818181818181,0.5651750972762646,0.5925704014379868,0.538160241789239,1.215150618467557,1.988189134747593,1.076320483578478,1.215150618467557,1.325459423165062,0.5821296607322808,0.8120805369127517,0.8411764705882353,100.0,100.0,5098,896,7702,90,0,7702,0.017653981953707338,0.0,1.0,0.1,0.4,0.9,0.5,40.0,95.0,70.0,0.65,0.5,0.1,0.30000000000000004,95.0,35.0,55.0,5079,5051,28,5079,0.005512896239417208,0.5847442185493861,1.0,0.5847442185493861,1709,0.3383488418135023,1.0,1
"iteration_3","SCOPE_DATA_COLLECTION",1200,17,1090.0,1150.0,2,6885,5139,1672,7036,5188,1746,2977,2235,680,3898,2905,989,0.5669818181818181,0.5651750972762646,0.5925704014379868,0.538160241789239,1.215150618467557,1.988189134747593,1.076320483578478,1.215150618467557,1.325459423165062,0.5821296607322808,0.8120805369127517,0.8411764705882353,100.0,100.0,5098,896,7702,90,0,7702,0.017653981953707338,0.0,1.0,0.1,0.4,0.9,0.5,40.0,95.0,70.0,0.65,0.5,0.1,0.30000000000000004,95.0,35.0,55.0,1688,1661,27,1688,0.015995260663507108,1.0050171967829926,1.5,0.6700114645219951,586,0.3527995183624323,1.0,1
"iteration_3","SCOPE_DATA_COLLECTION",1200,18,1150.0,1210.0,0,6942,5079,1688,6885,5139,1672,6920,5056,1654,29,28,27,0.004173262339905022,0.0055074744295830055,0.016061867935752528,0.3047979398559269,0.5885426208250011,1.000768042065494,0.6095958797118538,0.5885426208250011,0.6671786947103294,0.2709537572254335,0.3401898734177215,0.35066505441354295,97.5,100.0,4978,5765,2966,28,7,49,0.00562474889513861,0.0012142237640936687,0.016520566419420093,0.65,0.5,0.1,0.30000000000000004,95.0,35.0,55.0,0.55,0.6000000000000001,0.2,0.4,95.0,35.0,55.0,6926,6529,397,6926,0.05732024256425065,0.33438189837241555,0.5,0.6687637967448311,1894,0.29009036605912086,1.0,1
"iteration_3","SCOPE_DATA_COLLECTION",1200,18,1150.0,1210.0,1,6942,5079,1688,6885,5139,1672,6920,5056,1654,29,28,27,0.004173262339905022,0.0055074744295830055,0.016061867935752528,0.3047979398559269,0.5885426208250011,1.000768042065494,0.6095958797118538,0.5885426208250011,0.6671786947103294,0.2709537572254335,0.3401898734177215,0.35066505441354295,97.5,100.0,4978,5765,2966,28,7,49,0.00562474889513861,0.0012142237640936687,0.016520566419420093,0.65,0.5,0.1,0.30000000000000004,95.0,35.0,55.0,0.55,0.6000000000000001,0.2,0.4,95.0,35.0,55.0,5265,4936,329,5265,0.06248812915479582,0.6498932054414436,1.0,0.6498932054414436,1799,0.36446515397082657,1.0,1
"iteration_3","SCOPE_DATA_COLLECTION",1200,18,1150.0,1210.0,2,6942,5079,1688,6885,5139,1672,6920,5056,1654,29,28,27,0.004173262339905022,0.0055074744295830055,0.016061867935752528,0.3047979398559269,0.5885426208250011,1.000768042065494,0.6095958797118538,0.5885426208250011,0.6671786947103294,0.2709537572254335,0.3401898734177215,0.35066505441354295,97.5,100.0,4978,5765,2966,28,7,49,0.00562474889513861,0.0012142237640936687,0.016520566419420093,0.65,0.5,0.1,0.30000000000000004,95.0,35.0,55.0,0.55,0.6000000000000001,0.2,0.4,95.0,35.0,55.0,1696,1562,134,1696,0.07900943396226415,1.1046329017891294,1.5,0.7364219345260863,594,0.38028169014084506,1.0,1
"iteration_3","SCOPE_DATA_COLLECTION",1200,19,1210.0,1270.0,0,6926,5265,1696,6942,5079,1688,6534,4911,1567,397,329,133,0.05727889193478575,0.06278625954198473,0.07823529411764706,0.33431894344589375,0.646538210687323,1.1165562961820585,0.6686378868917875,0.646538210687323,0.7443708641213723,0.29017447199265384,0.36245163917735695,0.3860880663688577,100.0,100.0,4920,4963,4004,42,1,816,0.00853658536585366,2.0149103364900262E-4,0.2037962037962038,0.55,0.6000000000000001,0.2,0.4,95.0,35.0,55.0,0.55,0.7000000000000001,0.30000000000000004,0.4,85.0,25.0,55.0,6993,6625,368,6993,0.05262405262405263,0.3729654764567406,0.5,0.7459309529134812,2025,0.30566037735849055,1.0,1
"iteration_3","SCOPE_DATA_COLLECTION",1200,19,1210.0,1270.0,1,6926,5265,1696,6942,5079,1688,6534,4911,1567,397,329,133,0.05727889193478575,0.06278625954198473,0.07823529411764706,0.33431894344589375,0.646538210687323,1.1165562961820585,0.6686378868917875,0.646538210687323,0.7443708641213723,0.29017447199265384,0.36245163917735695,0.3860880663688577,100.0,100.0,4920,4963,4004,42,1,816,0.00853658536585366,2.0149103364900262E-4,0.2037962037962038,0.55,0.6000000000000001,0.2,0.4,95.0,35.0,55.0,0.55,0.7000000000000001,0.30000000000000004,0.4,85.0,25.0,55.0,5126,4849,277,5126,0.05403823644166992,0.7009686220525262,1.0,0.7009686220525262,1803,0.37182924314291604,1.0,1
"iteration_3","SCOPE_DATA_COLLECTION",1200,19,1210.0,1270.0,2,6926,5265,1696,6942,5079,1688,6534,4911,1567,397,329,133,0.05727889193478575,0.06278625954198473,0.07823529411764706,0.33431894344589375,0.646538210687323,1.1165562961820585,0.6686378868917875,0.646538210687323,0.7443708641213723,0.29017447199265384,0.36245163917735695,0.3860880663688577,100.0,100.0,4920,4963,4004,42,1,816,0.00853658536585366,2.0149103364900262E-4,0.2037962037962038,0.55,0.6000000000000001,0.2,0.4,95.0,35.0,55.0,0.55,0.7000000000000001,0.30000000000000004,0.4,85.0,25.0,55.0,1708,1590,118,1708,0.06908665105386416,1.1369644428683279,1.5,0.7579762952455519,619,0.38930817610062896,1.0,1
"iteration_3","SCOPE_DATA_COLLECTION",1200,20,1270.0,1330.0,0,6993,5126,1708,6926,5265,1696,6597,4855,1575,368,277,119,0.05283560660445082,0.05397505845674201,0.07024793388429752,0.37252426790398,0.702955667033736,1.1268083058080474,0.74504853580796,0.702955667033736,0.7512055372053649,0.3057450356222525,0.3748712667353244,0.38476190476190475,100.0,100.0,5026,4872,3929,81,5,678,0.016116195781933945,0.001026272577996716,0.1725629931280224,0.55,0.7000000000000001,0.30000000000000004,0.4,85.0,25.0,55.0,0.55,0.7000000000000001,0.30000000000000004,0.5,85.0,35.0,45.0,6946,6629,317,6946,0.0456377771379211,0.3465287698002307,0.5,0.6930575396004613,1909,0.2879770704480314,1.0,1
"iteration_3","SCOPE_DATA_COLLECTION",1200,20,1270.0,1330.0,1,6993,5126,1708,6926,5265,1696,6597,4855,1575,368,277,119,0.05283560660445082,0.05397505845674201,0.07024793388429752,0.37252426790398,0.702955667033736,1.1268083058080474,0.74504853580796,0.702955667033736,0.7512055372053649,0.3057450356222525,0.3748712667353244,0.38476190476190475,100.0,100.0,5026,4872,3929,81,5,678,0.016116195781933945,0.001026272577996716,0.1725629931280224,0.55,0.7000000000000001,0.30000000000000004,0.4,85.0,25.0,55.0,0.55,0.7000000000000001,0.30000000000000004,0.5,85.0,35.0,45.0,5255,5003,252,5255,0.047954329210275926,0.6693201541928324,1.0,0.6693201541928324,1817,0.3631820907455527,1.0,1
"iteration_3","SCOPE_DATA_COLLECTION",1200,20,1270.0,1330.0,2,6993,5126,1708,6926,5265,1696,6597,4855,1575,368,277,119,0.05283560660445082,0.05397505845674201,0.07024793388429752,0.37252426790398,0.702955667033736,1.1268083058080474,0.74504853580796,0.702955667033736,0.7512055372053649,0.3057450356222525,0.3748712667353244,0.38476190476190475,100.0,100.0,5026,4872,3929,81,5,678,0.016116195781933945,0.001026272577996716,0.1725629931280224,0.55,0.7000000000000001,0.30000000000000004,0.4,85.0,25.0,55.0,0.55,0.7000000000000001,0.30000000000000004,0.5,85.0,35.0,45.0,1737,1639,98,1737,0.05641911341393207,1.078438435766021,1.5,0.7189589571773474,600,0.36607687614399026,1.0,1
"iteration_3","SCOPE_DATA_COLLECTION",1200,21,1330.0,1390.0,0,6946,5255,1737,6993,5126,1708,6639,5003,1651,317,251,98,0.04557216791259344,0.04777312523791397,0.05603201829616924,0.3460304106402028,0.6657798888067794,1.0819729458384177,0.6920608212804056,0.6657798888067794,0.7213152972256118,0.286790179243862,0.36078352988207074,0.3676559660811629,100.0,100.0,4994,4924,4020,63,3,600,0.01261513816579896,6.092607636068237E-4,0.14925373134328357,0.55,0.7000000000000001,0.30000000000000004,0.5,85.0,35.0,45.0,0.05,0.6000000000000001,0.6000000000000001,0.5,75.0,20.0,25.0,6976,2750,4226,6976,0.6057912844036697,0.5834001102565236,0.5,1.1668002205130472,1735,0.6309090909090909,1.0,1
"iteration_3","SCOPE_DATA_COLLECTION",1200,21,1330.0,1390.0,1,6946,5255,1737,6993,5126,1708,6639,5003,1651,317,251,98,0.04557216791259344,0.04777312523791397,0.05603201829616924,0.3460304106402028,0.6657798888067794,1.0819729458384177,0.6920608212804056,0.6657798888067794,0.7213152972256118,0.286790179243862,0.36078352988207074,0.3676559660811629,100.0,100.0,4994,4924,4020,63,3,600,0.01261513816579896,6.092607636068237E-4,0.14925373134328357,0.55,0.7000000000000001,0.30000000000000004,0.5,85.0,35.0,45.0,0.05,0.6000000000000001,0.6000000000000001,0.5,75.0,20.0,25.0,5135,2014,3121,5135,0.6077896786757546,1.275268498831324,1.0,1.275268498831324,1722,0.8550148957298908,1.0,1
"iteration_3","SCOPE_DATA_COLLECTION",1200,21,1330.0,1390.0,2,6946,5255,1737,6993,5126,1708,6639,5003,1651,317,251,98,0.04557216791259344,0.04777312523791397,0.05603201829616924,0.3460304106402028,0.6657798888067794,1.0819729458384177,0.6920608212804056,0.6657798888067794,0.7213152972256118,0.286790179243862,0.36078352988207074,0.3676559660811629,100.0,100.0,4994,4924,4020,63,3,600,0.01261513816579896,6.092607636068237E-4,0.14925373134328357,0.55,0.7000000000000001,0.30000000000000004,0.5,85.0,35.0,45.0,0.05,0.6000000000000001,0.6000000000000001,0.5,75.0,20.0,25.0,1696,651,1045,1696,0.6161556603773585,2.101822793394678,1.5,1.4012151955964518,584,0.8970814132104454,1.0,1
"iteration_3","SCOPE_DATA_COLLECTION",1200,22,1390.0,1450.0,0,6976,5135,1696,6946,5255,1737,2759,2032,658,4226,3122,1045,0.6050107372942019,0.605743112145906,0.6136230182031709,0.5823862644291623,1.2742770552381295,2.094744359180438,1.1647725288583246,1.2742770552381295,1.3964962394536256,0.6299383834722726,0.8499015748031497,0.89209726443769,97.5,100.0,5016,443,8348,107,0,8286,0.021331738437001594,0.0,0.9925730713943459,0.05,0.6000000000000001,0.6000000000000001,0.5,75.0,20.0,25.0,0.05,0.6000000000000001,0.6000000000000001,0.5,75.0,20.0,25.0,6960,2753,4207,6960,0.6044540229885057,0.6103326198322763,0.5,1.2206652396645525,1858,0.6749001089720306,1.0,1
"iteration_3","SCOPE_DATA_COLLECTION",1200,22,1390.0,1450.0,1,6976,5135,1696,6946,5255,1737,2759,2032,658,4226,3122,1045,0.6050107372942019,0.605743112145906,0.6136230182031709,0.5823862644291623,1.2742770552381295,2.094744359180438,1.1647725288583246,1.2742770552381295,1.3964962394536256,0.6299383834722726,0.8499015748031497,0.89209726443769,97.5,100.0,5016,443,8348,107,0,8286,0.021331738437001594,0.0,0.9925730713943459,0.05,0.6000000000000001,0.6000000000000001,0.5,75.0,20.0,25.0,0.05,0.6000000000000001,0.6000000000000001,0.5,75.0,20.0,25.0,5004,1918,3086,5004,0.6167066346922462,1.330216317778853,1.0,1.330216317778853,1699,0.8858185610010427,1.0,1
"iteration_3","SCOPE_DATA_COLLECTION",1200,22,1390.0,1450.0,2,6976,5135,1696,6946,5255,1737,2759,2032,658,4226,3122,1045,0.6050107372942019,0.605743112145906,0.6136230182031709,0.5823862644291623,1.2742770552381295,2.094744359180438,1.1647725288583246,1.2742770552381295,1.3964962394536256,0.6299383834722726,0.8499015748031497,0.89209726443769,97.5,100.0,5016,443,8348,107,0,8286,0.021331738437001594,0.0,0.9925730713943459,0.05,0.6000000000000001,0.6000000000000001,0.5,75.0,20.0,25.0,0.05,0.6000000000000001,0.6000000000000001,0.5,75.0,20.0,25.0,1797,696,1101,1797,0.6126878130217028,2.1309044478448986,1.5,1.4206029652299323,639,0.9181034482758621,1.0,1
"iteration_3","SCOPE_DATA_COLLECTION",1200,23,1450.0,1510.0,0,6960,5004,1797,6976,5135,1696,2755,1903,698,4207,3086,1101,0.6042803792013789,0.6185608338344357,0.6120066703724292,0.610437725895983,1.3264322150778287,2.1284285161347536,1.220875451791966,1.3264322150778287,1.4189523440898357,0.6740471869328494,0.8859695218076721,0.9183381088825215,100.0,100.0,5063,420,8278,114,2,8278,0.0225162946869445,0.004761904761904762,1.0,0.05,0.6000000000000001,0.6000000000000001,0.5,75.0,20.0,25.0,0.05,0.6000000000000001,0.6000000000000001,0.5,75.0,20.0,25.0,6977,2818,4159,6977,0.5961014762792031,0.5950262211885097,0.5,1.1900524423770193,1821,0.6462029808374734,1.0,1
"iteration_3","SCOPE_DATA_COLLECTION",1200,23,1450.0,1510.0,1,6960,5004,1797,6976,5135,1696,2755,1903,698,4207,3086,1101,0.6042803792013789,0.6185608338344357,0.6120066703724292,0.610437725895983,1.3264322150778287,2.1284285161347536,1.220875451791966,1.3264322150778287,1.4189523440898357,0.6740471869328494,0.8859695218076721,0.9183381088825215,100.0,100.0,5063,420,8278,114,2,8278,0.0225162946869445,0.004761904761904762,1.0,0.05,0.6000000000000001,0.6000000000000001,0.5,75.0,20.0,25.0,0.05,0.6000000000000001,0.6000000000000001,0.5,75.0,20.0,25.0,5171,2043,3128,5171,0.6049120092825372,1.2965097183611145,1.0,1.2965097183611145,1786,0.8742046010768477,1.0,1
"iteration_3","SCOPE_DATA_COLLECTION",1200,23,1450.0,1510.0,2,6960,5004,1797,6976,5135,1696,2755,1903,698,4207,3086,1101,0.6042803792013789,0.6185608338344357,0.6120066703724292,0.610437725895983,1.3264322150778287,2.1284285161347536,1.220875451791966,1.3264322150778287,1.4189523440898357,0.6740471869328494,0.8859695218076721,0.9183381088825215,100.0,100.0,5063,420,8278,114,2,8278,0.0225162946869445,0.004761904761904762,1.0,0.05,0.6000000000000001,0.6000000000000001,0.5,75.0,20.0,25.0,0.05,0.6000000000000001,0.6000000000000001,0.5,75.0,20.0,25.0,1610,592,1018,1610,0.6322981366459627,2.141649731266465,1.5,1.4277664875109766,549,0.9273648648648649,1.0,1
"iteration_3","SCOPE_DATA_COLLECTION",1200,24,1510.0,1570.0,0,6977,5171,1610,6960,5004,1797,2815,2057,595,4159,3128,1018,0.5963579007743045,0.6032786885245902,0.6311221326720396,0.5958887476222006,1.2982778773698969,2.142390473416701,1.1917774952444011,1.2982778773698969,1.4282603156111342,0.6476021314387211,0.8750607681088964,0.9260504201680673,97.5,100.0,5067,458,8233,72,0,8233,0.014209591474245116,0.0,1.0,0.05,0.6000000000000001,0.6000000000000001,0.5,75.0,20.0,25.0,0.30000000000000004,0.1,0.30000000000000004,0.1,65.0,40.0,20.0,6902,3937,2965,6902,0.42958562735439004,0.4039090377241264,0.5,0.8078180754482528,1457,0.3700787401574803,1.0,1
"iteration_3","SCOPE_DATA_COLLECTION",1200,24,1510.0,1570.0,1,6977,5171,1610,6960,5004,1797,2815,2057,595,4159,3128,1018,0.5963579007743045,0.6032786885245902,0.6311221326720396,0.5958887476222006,1.2982778773698969,2.142390473416701,1.1917774952444011,1.2982778773698969,1.4282603156111342,0.6476021314387211,0.8750607681088964,0.9260504201680673,97.5,100.0,5067,458,8233,72,0,8233,0.014209591474245116,0.0,1.0,0.05,0.6000000000000001,0.6000000000000001,0.5,75.0,20.0,25.0,0.30000000000000004,0.1,0.30000000000000004,0.1,65.0,40.0,20.0,5199,2971,2228,5199,0.4285439507597615,0.9484211825236069,1.0,0.9484211825236069,1818,0.6119151800740491,1.0,1
"iteration_3","SCOPE_DATA_COLLECTION",1200,24,1510.0,1570.0,2,6977,5171,1610,6960,5004,1797,2815,2057,595,4159,3128,1018,0.5963579007743045,0.6032786885245902,0.6311221326720396,0.5958887476222006,1.2982778773698969,2.142390473416701,1.1917774952444011,1.2982778773698969,1.4282603156111342,0.6476021314387211,0.8750607681088964,0.9260504201680673,97.5,100.0,5067,458,8233,72,0,8233,0.014209591474245116,0.0,1.0,0.05,0.6000000000000001,0.6000000000000001,0.5,75.0,20.0,25.0,0.30000000000000004,0.1,0.30000000000000004,0.1,65.0,40.0,20.0,1680,994,686,1680,0.4083333333333333,1.5984581594732183,1.5,1.0656387729821455,672,0.676056338028169,1.0,1
"iteration_3","SCOPE_DATA_COLLECTION",1200,25,1570.0,1630.0,0,6902,5199,1680,6977,5171,1610,3942,2976,985,2965,2228,686,0.42927464890690603,0.42813220599538815,0.41053261520047873,0.40471234799844186,0.9520100209524311,1.59614976396999,0.8094246959968837,0.9520100209524311,1.06409984264666,0.37011669203450026,0.613239247311828,0.6751269035532995,100.0,100.0,5018,2619,6144,45,3,5831,0.008967716221602232,0.001145475372279496,0.9490559895833334,0.30000000000000004,0.1,0.30000000000000004,0.1,65.0,40.0,20.0,0.9,0.7000000000000001,0.8,0.1,80.0,50.0,90.0,6885,6872,13,6885,0.001888162672476398,0.3204080875579672,0.5,0.6408161751159344,1908,0.2776484284051222,1.0,1
"iteration_3","SCOPE_DATA_COLLECTION",1200,25,1570.0,1630.0,1,6902,5199,1680,6977,5171,1610,3942,2976,985,2965,2228,686,0.42927464890690603,0.42813220599538815,0.41053261520047873,0.40471234799844186,0.9520100209524311,1.59614976396999,0.8094246959968837,0.9520100209524311,1.06409984264666,0.37011669203450026,0.613239247311828,0.6751269035532995,100.0,100.0,5018,2619,6144,45,3,5831,0.008967716221602232,0.001145475372279496,0.9490559895833334,0.30000000000000004,0.1,0.30000000000000004,0.1,65.0,40.0,20.0,0.9,0.7000000000000001,0.8,0.1,80.0,50.0,90.0,4992,4970,22,4992,0.004407051282051282,0.6426605374458434,1.0,0.6426605374458434,1719,0.34587525150905435,1.0,1
"iteration_3","SCOPE_DATA_COLLECTION",1200,25,1570.0,1630.0,2,6902,5199,1680,6977,5171,1610,3942,2976,985,2965,2228,686,0.42927464890690603,0.42813220599538815,0.41053261520047873,0.40471234799844186,0.9520100209524311,1.59614976396999,0.8094246959968837,0.9520100209524311,1.06409984264666,0.37011669203450026,0.613239247311828,0.6751269035532995,100.0,100.0,5018,2619,6144,45,3,5831,0.008967716221602232,0.001145475372279496,0.9490559895833334,0.30000000000000004,0.1,0.30000000000000004,0.1,65.0,40.0,20.0,0.9,0.7000000000000001,0.8,0.1,80.0,50.0,90.0,1710,1692,18,1710,0.010526315789473684,1.021208477673474,1.5,0.680805651782316,610,0.3605200945626478,1.0,1
"iteration_3","SCOPE_DATA_COLLECTION",1200,26,1630.0,1690.0,0,6885,4992,1710,6902,5199,1680,6864,4949,1687,13,22,18,0.001890359168241966,0.004425668879501106,0.010557184750733138,0.3199249545110223,0.6415507176005106,1.0257046196017494,0.6398499090220446,0.6415507176005106,0.6838030797344996,0.2776806526806527,0.34552434835320267,0.36218138707765263,100.0,100.0,4891,7860,836,37,8,8,0.0075649151502760175,0.0010178117048346056,0.009569377990430622,0.9,0.7000000000000001,0.8,0.1,80.0,50.0,90.0,0.8,0.7000000000000001,0.8,0.1,80.0,40.0,95.0,7043,7031,12,7043,0.0017038193951441148,0.31067097793414405,0.5,0.6213419558682881,1906,0.2710851941402361,1.0,1
"iteration_3","SCOPE_DATA_COLLECTION",1200,26,1630.0,1690.0,1,6885,4992,1710,6902,5199,1680,6864,4949,1687,13,22,18,0.001890359168241966,0.004425668879501106,0.010557184750733138,0.3199249545110223,0.6415507176005106,1.0257046196017494,0.6398499090220446,0.6415507176005106,0.6838030797344996,0.2776806526806527,0.34552434835320267,0.36218138707765263,100.0,100.0,4891,7860,836,37,8,8,0.0075649151502760175,0.0010178117048346056,0.009569377990430622,0.9,0.7000000000000001,0.8,0.1,80.0,50.0,90.0,0.8,0.7000000000000001,0.8,0.1,80.0,40.0,95.0,5079,5063,16,5079,0.003150226422524119,0.6484322385369469,1.0,0.6484322385369469,1744,0.34445980643887025,1.0,1
"iteration_3","SCOPE_DATA_COLLECTION",1200,26,1630.0,1690.0,2,6885,4992,1710,6902,5199,1680,6864,4949,1687,13,22,18,0.001890359168241966,0.004425668879501106,0.010557184750733138,0.3199249545110223,0.6415507176005106,1.0257046196017494,0.6398499090220446,0.6415507176005106,0.6838030797344996,0.2776806526806527,0.34552434835320267,0.36218138707765263,100.0,100.0,4891,7860,836,37,8,8,0.0075649151502760175,0.0010178117048346056,0.009569377990430622,0.9,0.7000000000000001,0.8,0.1,80.0,50.0,90.0,0.8,0.7000000000000001,0.8,0.1,80.0,40.0,95.0,1674,1662,12,1674,0.007168458781362007,1.0277496470605245,1.5,0.685166431373683,605,0.36401925391095064,1.0,1
"iteration_3","SCOPE_DATA_COLLECTION",1200,27,1690.0,1750.0,0,7043,5079,1674,6885,4992,1710,7020,5069,1666,12,16,12,0.0017064846416382253,0.003146509341199607,0.007151370679380214,0.31003941583227035,0.6469745175764612,1.026346677458632,0.6200788316645407,0.6469745175764612,0.6842311183057547,0.27008547008547007,0.34326297100019726,0.3637454981992797,100.0,100.0,4940,7082,1774,35,5,0,0.00708502024291498,7.060152499293985E-4,0.0,0.8,0.7000000000000001,0.8,0.1,80.0,40.0,95.0,0.9,0.8,0.7000000000000001,0.2,80.0,30.0,95.0,6783,6763,20,6783,0.002948547840188707,0.3292556352124227,0.5,0.6585112704248454,1914,0.2830104982995712,1.0,1
"iteration_3","SCOPE_DATA_COLLECTION",1200,27,1690.0,1750.0,1,7043,5079,1674,6885,4992,1710,7020,5069,1666,12,16,12,0.0017064846416382253,0.003146509341199607,0.007151370679380214,0.31003941583227035,0.6469745175764612,1.026346677458632,0.6200788316645407,0.6469745175764612,0.6842311183057547,0.27008547008547007,0.34326297100019726,0.3637454981992797,100.0,100.0,4940,7082,1774,35,5,0,0.00708502024291498,7.060152499293985E-4,0.0,0.8,0.7000000000000001,0.8,0.1,80.0,40.0,95.0,0.9,0.8,0.7000000000000001,0.2,80.0,30.0,95.0,5085,5054,31,5085,0.006096361848574238,0.6644064132424666,1.0,0.6644064132424666,1771,0.35041551246537395,1.0,1
"iteration_3","SCOPE_DATA_COLLECTION",1200,27,1690.0,1750.0,2,7043,5079,1674,6885,4992,1710,7020,5069,1666,12,16,12,0.0017064846416382253,0.003146509341199607,0.007151370679380214,0.31003941583227035,0.6469745175764612,1.026346677458632,0.6200788316645407,0.6469745175764612,0.6842311183057547,0.27008547008547007,0.34326297100019726,0.3637454981992797,100.0,100.0,4940,7082,1774,35,5,0,0.00708502024291498,7.060152499293985E-4,0.0,0.8,0.7000000000000001,0.8,0.1,80.0,40.0,95.0,0.9,0.8,0.7000000000000001,0.2,80.0,30.0,95.0,1717,1691,26,1717,0.015142690739662202,1.0247016427027638,1.5,0.6831344284685091,600,0.35481963335304556,1.0,1
"iteration_3","SCOPE_DATA_COLLECTION",1200,28,1750.0,1810.0,0,6783,5085,1717,7043,5079,1674,6767,5058,1686,20,31,26,0.002946810078090467,0.00609157005305561,0.015186915887850467,0.33000295526725226,0.6652442771412177,1.0225607082185977,0.6600059105345045,0.6652442771412177,0.6817071388123984,0.28417319343874686,0.3513246342427837,0.3534994068801898,97.5,100.0,4992,7677,916,67,10,0,0.013421474358974358,0.0013025921583952064,0.0,0.9,0.8,0.7000000000000001,0.2,80.0,30.0,95.0,0.6000000000000001,0.2,0.30000000000000004,0.7000000000000001,30.0,60.0,50.0,6931,6810,121,6931,0.017457798297503966,0.30391800611780484,0.5,0.6078360122356097,1751,0.2571218795888399,1.0,1
"iteration_3","SCOPE_DATA_COLLECTION",1200,28,1750.0,1810.0,1,6783,5085,1717,7043,5079,1674,6767,5058,1686,20,31,26,0.002946810078090467,0.00609157005305561,0.015186915887850467,0.33000295526725226,0.6652442771412177,1.0225607082185977,0.6600059105345045,0.6652442771412177,0.6817071388123984,0.28417319343874686,0.3513246342427837,0.3534994068801898,97.5,100.0,4992,7677,916,67,10,0,0.013421474358974358,0.0013025921583952064,0.0,0.9,0.8,0.7000000000000001,0.2,80.0,30.0,95.0,0.6000000000000001,0.2,0.30000000000000004,0.7000000000000001,30.0,60.0,50.0,5091,4997,94,5091,0.0184639560007857,0.6423664240025836,1.0,0.6423664240025836,1776,0.3554132479487693,1.0,1
"iteration_3","SCOPE_DATA_COLLECTION",1200,28,1750.0,1810.0,2,6783,5085,1717,7043,5079,1674,6767,5058,1686,20,31,26,0.002946810078090467,0.00609157005305561,0.015186915887850467,0.33000295526725226,0.6652442771412177,1.0225607082185977,0.6600059105345045,0.6652442771412177,0.6817071388123984,0.28417319343874686,0.3513246342427837,0.3534994068801898,97.5,100.0,4992,7677,916,67,10,0,0.013421474358974358,0.0013025921583952064,0.0,0.9,0.8,0.7000000000000001,0.2,80.0,30.0,95.0,0.6000000000000001,0.2,0.30000000000000004,0.7000000000000001,30.0,60.0,50.0,1767,1701,66,1767,0.03735144312393888,1.0349492197330188,1.5,0.6899661464886792,601,0.3533215755437978,1.0,1
"iteration_3","SCOPE_DATA_COLLECTION",1200,29,1810.0,1870.0,0,6931,5091,1767,6783,5085,1717,6804,4991,1709,121,94,66,0.01747292418772563,0.018485742379547688,0.03718309859154929,0.3039238514519754,0.6430167724979161,1.0346932345644912,0.6078477029039508,0.6430167724979161,0.6897954897096609,0.25587889476778364,0.35584051292326185,0.3545933294324166,100.0,100.0,5143,5183,3463,74,5,202,0.014388489208633094,9.646922631680494E-4,0.05833092694195784,0.6000000000000001,0.2,0.30000000000000004,0.7000000000000001,30.0,60.0,50.0,0.5,0.30000000000000004,0.2,0.8,30.0,50.0,50.0,6955,6208,747,6955,0.10740474478792236,0.35731851270405096,0.5,0.7146370254081019,1895,0.30525128865979384,1.0,1
"iteration_3","SCOPE_DATA_COLLECTION",1200,29,1810.0,1870.0,1,6931,5091,1767,6783,5085,1717,6804,4991,1709,121,94,66,0.01747292418772563,0.018485742379547688,0.03718309859154929,0.3039238514519754,0.6430167724979161,1.0346932345644912,0.6078477029039508,0.6430167724979161,0.6897954897096609,0.25587889476778364,0.35584051292326185,0.3545933294324166,100.0,100.0,5143,5183,3463,74,5,202,0.014388489208633094,9.646922631680494E-4,0.05833092694195784,0.6000000000000001,0.2,0.30000000000000004,0.7000000000000001,30.0,60.0,50.0,0.5,0.30000000000000004,0.2,0.8,30.0,50.0,50.0,5112,4549,563,5112,0.11013302034428794,0.6924776935573619,1.0,0.6924776935573619,1817,0.39942844581226644,1.0,1
"iteration_3","SCOPE_DATA_COLLECTION",1200,29,1810.0,1870.0,2,6931,5091,1767,6783,5085,1717,6804,4991,1709,121,94,66,0.01747292418772563,0.018485742379547688,0.03718309859154929,0.3039238514519754,0.6430167724979161,1.0346932345644912,0.6078477029039508,0.6430167724979161,0.6897954897096609,0.25587889476778364,0.35584051292326185,0.3545933294324166,100.0,100.0,5143,5183,3463,74,5,202,0.014388489208633094,9.646922631680494E-4,0.05833092694195784,0.6000000000000001,0.2,0.30000000000000004,0.7000000000000001,30.0,60.0,50.0,0.5,0.30000000000000004,0.2,0.8,30.0,50.0,50.0,1616,1384,232,1616,0.14356435643564355,1.156298654894548,1.5,0.7708657699296987,562,0.4060693641618497,1.0,1
"iteration_3","SCOPE_DATA_COLLECTION",1200,30,1870.0,1930.0,0,6955,5112,1616,6931,5091,1767,6204,4566,1377,747,563,232,0.1074665515753129,0.10976798596217587,0.14418893722809198,0.35776688249688343,0.6949010138987297,1.164119363927727,0.7155337649937669,0.6949010138987297,0.776079575951818,0.30705996131528046,0.40013140604467806,0.40885984023238925,100.0,100.0,5070,4254,4359,44,0,1498,0.008678500986193294,0.0,0.34365680201881166,0.5,0.30000000000000004,0.2,0.8,30.0,50.0,50.0,0.6000000000000001,0.30000000000000004,0.1,0.9,40.0,40.0,60.0,6973,6902,71,6973,0.01018213107701133,0.29896041016636105,0.5,0.5979208203327221,1695,0.2455809910170965,1.0,1
"iteration_3","SCOPE_DATA_COLLECTION",1200,30,1870.0,1930.0,1,6955,5112,1616,6931,5091,1767,6204,4566,1377,747,563,232,0.1074665515753129,0.10976798596217587,0.14418893722809198,0.35776688249688343,0.6949010138987297,1.164119363927727,0.7155337649937669,0.6949010138987297,0.776079575951818,0.30705996131528046,0.40013140604467806,0.40885984023238925,100.0,100.0,5070,4254,4359,44,0,1498,0.008678500986193294,0.0,0.34365680201881166,0.5,0.30000000000000004,0.2,0.8,30.0,50.0,50.0,0.6000000000000001,0.30000000000000004,0.1,0.9,40.0,40.0,60.0,5128,5084,44,5128,0.00858034321372855,0.608626280369537,1.0,0.608626280369537,1782,0.35051140833988986,1.0,1
"iteration_3","SCOPE_DATA_COLLECTION",1200,30,1870.0,1930.0,2,6955,5112,1616,6931,5091,1767,6204,4566,1377,747,563,232,0.1074665515753129,0.10976798596217587,0.14418893722809198,0.35776688249688343,0.6949010138987297,1.164119363927727,0.7155337649937669,0.6949010138987297,0.776079575951818,0.30705996131528046,0.40013140604467806,0.40885984023238925,100.0,100.0,5070,4254,4359,44,0,1498,0.008678500986193294,0.0,0.34365680201881166,0.5,0.30000000000000004,0.2,0.8,30.0,50.0,50.0,0.6000000000000001,0.30000000000000004,0.1,0.9,40.0,40.0,60.0,1668,1642,26,1668,0.015587529976019185,1.0066878759766504,1.5,0.6711252506511003,571,0.34774665042630937,1.0,1
"iteration_3","SCOPE_DATA_COLLECTION",1200,31,1930.0,1990.0,0,6973,5128,1668,6955,5112,1616,6913,5066,1657,71,44,26,0.010166093928980527,0.008610567514677104,0.015448603683897801,0.29882297100785016,0.6077152272422716,1.0110765405544666,0.5976459420157003,0.6077152272422716,0.674051027036311,0.24519022132214668,0.34919068298460326,0.3500301750150875,100.0,100.0,5010,5288,3471,27,4,110,0.005389221556886228,7.564296520423601E-4,0.0316911552866609,0.6000000000000001,0.30000000000000004,0.1,0.9,40.0,40.0,60.0,0.7000000000000001,0.2,0.2,0.9,40.0,30.0,50.0,6887,6877,10,6887,0.001452011035283868,0.27619280362794457,0.5,0.5523856072558891,1575,0.22902428384469972,1.0,1
"iteration_3","SCOPE_DATA_COLLECTION",1200,31,1930.0,1990.0,1,6973,5128,1668,6955,5112,1616,6913,5066,1657,71,44,26,0.010166093928980527,0.008610567514677104,0.015448603683897801,0.29882297100785016,0.6077152272422716,1.0110765405544666,0.5976459420157003,0.6077152272422716,0.674051027036311,0.24519022132214668,0.34919068298460326,0.3500301750150875,100.0,100.0,5010,5288,3471,27,4,110,0.005389221556886228,7.564296520423601E-4,0.0316911552866609,0.6000000000000001,0.30000000000000004,0.1,0.9,40.0,40.0,60.0,0.7000000000000001,0.2,0.2,0.9,40.0,30.0,50.0,5139,5119,20,5139,0.003891807744697412,0.6004719999445232,1.0,0.6004719999445232,1734,0.3387380347724165,1.0,1
"iteration_3","SCOPE_DATA_COLLECTION",1200,31,1930.0,1990.0,2,6973,5128,1668,6955,5112,1616,6913,5066,1657,71,44,26,0.010166093928980527,0.008610567514677104,0.015448603683897801,0.29882297100785016,0.6077152272422716,1.0110765405544666,0.5976459420157003,0.6077152272422716,0.674051027036311,0.24519022132214668,0.34919068298460326,0.3500301750150875,100.0,100.0,5010,5288,3471,27,4,110,0.005389221556886228,7.564296520423601E-4,0.0316911552866609,0.6000000000000001,0.30000000000000004,0.1,0.9,40.0,40.0,60.0,0.7000000000000001,0.2,0.2,0.9,40.0,30.0,50.0,1742,1716,26,1742,0.014925373134328358,1.049832516362004,1.5,0.699888344241336,642,0.3741258741258741,1.0,1
"iteration_3","SCOPE_DATA_COLLECTION",1200,32,1990.0,2050.0,0,6887,5139,1742,6973,5128,1668,6868,5126,1713,10,20,26,0.0014539110206455365,0.00388651379712398,0.014951121334100058,0.27505132402031085,0.599150477553755,1.0470154957243094,0.5501026480406217,0.599150477553755,0.698010330482873,0.22757716948165405,0.33827545844713225,0.37244600116754234,100.0,100.0,4956,6181,2631,48,8,0,0.009685230024213076,0.0012942889500080893,0.0,0.7000000000000001,0.2,0.2,0.9,40.0,30.0,50.0,0.7000000000000001,0.2,0.2,0.8,30.0,40.0,60.0,6999,6983,16,6999,0.002286040862980426,0.26941385407649,0.5,0.53882770815298,1510,0.2162394386366891,1.0,1
"iteration_3","SCOPE_DATA_COLLECTION",1200,32,1990.0,2050.0,1,6887,5139,1742,6973,5128,1668,6868,5126,1713,10,20,26,0.0014539110206455365,0.00388651379712398,0.014951121334100058,0.27505132402031085,0.599150477553755,1.0470154957243094,0.5501026480406217,0.599150477553755,0.698010330482873,0.22757716948165405,0.33827545844713225,0.37244600116754234,100.0,100.0,4956,6181,2631,48,8,0,0.009685230024213076,0.0012942889500080893,0.0,0.7000000000000001,0.2,0.2,0.9,40.0,30.0,50.0,0.7000000000000001,0.2,0.2,0.8,30.0,40.0,60.0,5160,5151,9,5160,0.0017441860465116279,0.5945213147429548,1.0,0.5945213147429548,1756,0.34090467870316443,1.0,1
"iteration_3","SCOPE_DATA_COLLECTION",1200,32,1990.0,2050.0,2,6887,5139,1742,6973,5128,1668,6868,5126,1713,10,20,26,0.0014539110206455365,0.00388651379712398,0.014951121334100058,0.27505132402031085,0.599150477553755,1.0470154957243094,0.5501026480406217,0.599150477553755,0.698010330482873,0.22757716948165405,0.33827545844713225,0.37244600116754234,100.0,100.0,4956,6181,2631,48,8,0,0.009685230024213076,0.0012942889500080893,0.0,0.7000000000000001,0.2,0.2,0.9,40.0,30.0,50.0,0.7000000000000001,0.2,0.2,0.8,30.0,40.0,60.0,1723,1695,28,1723,0.01625072547881602,1.0322533379683256,1.5,0.6881688919788838,616,0.36342182890855457,1.0,1
"iteration_3","SCOPE_DATA_COLLECTION",1200,33,2050.0,2110.0,0,6999,5160,1723,6887,5139,1742,6986,5153,1684,16,9,28,0.0022850614110254213,0.001743510267338241,0.016355140186915886,0.26984574010540396,0.5946369401375435,1.027269320524962,0.5396914802108079,0.5946369401375435,0.6848462136833079,0.21671915259089608,0.3415486124587619,0.36045130641330164,92.5,100.0,4971,6236,2675,45,8,0,0.009052504526252263,0.0012828736369467607,0.0,0.7000000000000001,0.2,0.2,0.8,30.0,40.0,60.0,0.7000000000000001,0.30000000000000004,0.2,0.8,20.0,30.0,50.0,6867,6852,15,6867,0.00218435998252512,0.287748111981984,0.5,0.575496223963968,1667,0.24328663164039696,1.0,1
"iteration_3","SCOPE_DATA_COLLECTION",1200,33,2050.0,2110.0,1,6999,5160,1723,6887,5139,1742,6986,5153,1684,16,9,28,0.0022850614110254213,0.001743510267338241,0.016355140186915886,0.26984574010540396,0.5946369401375435,1.027269320524962,0.5396914802108079,0.5946369401375435,0.6848462136833079,0.21671915259089608,0.3415486124587619,0.36045130641330164,92.5,100.0,4971,6236,2675,45,8,0,0.009052504526252263,0.0012828736369467607,0.0,0.7000000000000001,0.2,0.2,0.8,30.0,40.0,60.0,0.7000000000000001,0.30000000000000004,0.2,0.8,20.0,30.0,50.0,5040,5022,18,5040,0.0035714285714285713,0.6059734081422341,1.0,0.6059734081422341,1745,0.3474711270410195,1.0,1
"iteration_3","SCOPE_DATA_COLLECTION",1200,33,2050.0,2110.0,2,6999,5160,1723,6887,5139,1742,6986,5153,1684,16,9,28,0.0022850614110254213,0.001743510267338241,0.016355140186915886,0.26984574010540396,0.5946369401375435,1.027269320524962,0.5396914802108079,0.5946369401375435,0.6848462136833079,0.21671915259089608,0.3415486124587619,0.36045130641330164,92.5,100.0,4971,6236,2675,45,8,0,0.009052504526252263,0.0012828736369467607,0.0,0.7000000000000001,0.2,0.2,0.8,30.0,40.0,60.0,0.7000000000000001,0.30000000000000004,0.2,0.8,20.0,30.0,50.0,1686,1657,29,1686,0.01720047449584816,1.036158552832956,1.5,0.690772368555304,601,0.36270368135184067,1.0,1
"iteration_3","SCOPE_DATA_COLLECTION",1200,34,2110.0,2170.0,0,6867,5040,1686,6999,5160,1723,6860,5011,1663,15,17,29,0.002181818181818182,0.003381066030230708,0.017139479905437353,0.28856400299011475,0.6065230719874426,1.0354932144758502,0.5771280059802295,0.6065230719874426,0.6903288096505668,0.24446064139941692,0.34803432448613053,0.36319903788334335,100.0,100.0,5016,5973,2604,54,7,0,0.01076555023923445,0.0011719403984597355,0.0,0.7000000000000001,0.30000000000000004,0.2,0.8,20.0,30.0,50.0,0.8,0.30000000000000004,0.30000000000000004,0.9,30.0,30.0,60.0,7041,7035,6,7041,8.521516829995739E-4,0.29001625111049695,0.5,0.5800325022209939,1767,0.2511727078891258,1.0,1
"iteration_3","SCOPE_DATA_COLLECTION",1200,34,2110.0,2170.0,1,6867,5040,1686,6999,5160,1723,6860,5011,1663,15,17,29,0.002181818181818182,0.003381066030230708,0.017139479905437353,0.28856400299011475,0.6065230719874426,1.0354932144758502,0.5771280059802295,0.6065230719874426,0.6903288096505668,0.24446064139941692,0.34803432448613053,0.36319903788334335,100.0,100.0,5016,5973,2604,54,7,0,0.01076555023923445,0.0011719403984597355,0.0,0.7000000000000001,0.30000000000000004,0.2,0.8,20.0,30.0,50.0,0.8,0.30000000000000004,0.30000000000000004,0.9,30.0,30.0,60.0,5125,5102,23,5125,0.00448780487804878,0.6414259415680759,1.0,0.6414259415680759,1847,0.3620148961191689,1.0,1
"iteration_3","SCOPE_DATA_COLLECTION",1200,34,2110.0,2170.0,2,6867,5040,1686,6999,5160,1723,6860,5011,1663,15,17,29,0.002181818181818182,0.003381066030230708,0.017139479905437353,0.28856400299011475,0.6065230719874426,1.0354932144758502,0.5771280059802295,0.6065230719874426,0.6903288096505668,0.24446064139941692,0.34803432448613053,0.36319903788334335,100.0,100.0,5016,5973,2604,54,7,0,0.01076555023923445,0.0011719403984597355,0.0,0.7000000000000001,0.30000000000000004,0.2,0.8,20.0,30.0,50.0,0.8,0.30000000000000004,0.30000000000000004,0.9,30.0,30.0,60.0,1684,1656,28,1684,0.0166270783847981,1.0134764657905213,1.5,0.6756509771936808,576,0.34782608695652173,1.0,1
"iteration_3","SCOPE_DATA_COLLECTION",1200,35,2170.0,2230.0,0,7041,5125,1684,6867,5040,1686,7037,5095,1660,5,24,28,7.100255609201931E-4,0.004688415706192616,0.016587677725118485,0.2894137629719197,0.6389566987381694,1.0184705572478423,0.5788275259438393,0.6389566987381694,0.6789803714985615,0.250532897541566,0.35996074582924437,0.35,97.5,100.0,5117,6946,1787,55,2,0,0.010748485440687903,2.8793550244745177E-4,0.0,0.8,0.30000000000000004,0.30000000000000004,0.9,30.0,30.0,60.0,0.45,0.5,0.5,0.8,60.0,40.0,90.0,6927,5511,1416,6927,0.20441749675184062,0.38524251092812517,0.5,0.7704850218562503,1877,0.34059154418435855,1.0,1
"iteration_3","SCOPE_DATA_COLLECTION",1200,35,2170.0,2230.0,1,7041,5125,1684,6867,5040,1686,7037,5095,1660,5,24,28,7.100255609201931E-4,0.004688415706192616,0.016587677725118485,0.2894137629719197,0.6389566987381694,1.0184705572478423,0.5788275259438393,0.6389566987381694,0.6789803714985615,0.250532897541566,0.35996074582924437,0.35,97.5,100.0,5117,6946,1787,55,2,0,0.010748485440687903,2.8793550244745177E-4,0.0,0.8,0.30000000000000004,0.30000000000000004,0.9,30.0,30.0,60.0,0.45,0.5,0.5,0.8,60.0,40.0,90.0,5214,4074,1140,5214,0.2186421173762946,0.7793056463210712,1.0,0.7793056463210712,1792,0.43986254295532645,1.0,1
"iteration_3","SCOPE_DATA_COLLECTION",1200,35,2170.0,2230.0,2,7041,5125,1684,6867,5040,1686,7037,5095,1660,5,24,28,7.100255609201931E-4,0.004688415706192616,0.016587677725118485,0.2894137629719197,0.6389566987381694,1.0184705572478423,0.5788275259438393,0.6389566987381694,0.6789803714985615,0.250532897541566,0.35996074582924437,0.35,97.5,100.0,5117,6946,1787,55,2,0,0.010748485440687903,2.8793550244745177E-4,0.0,0.8,0.30000000000000004,0.30000000000000004,0.9,30.0,30.0,60.0,0.45,0.5,0.5,0.8,60.0,40.0,90.0,1681,1322,359,1681,0.2135633551457466,1.2844392736182042,1.5,0.8562928490788028,607,0.45915279878971255,1.0,1
"iteration_3","SCOPE_DATA_COLLECTION",1200,36,2230.0,2290.0,0,6927,5214,1681,7041,5125,1684,5495,4075,1310,1417,1140,358,0.20500578703703703,0.21860019175455417,0.2146282973621103,0.38618929504006966,0.7793606952573235,1.278155919380388,0.7723785900801393,0.7793606952573235,0.852103946253592,0.3414012738853503,0.4404907975460123,0.45725190839694657,97.5,100.0,4986,3902,4934,88,7,2820,0.01764941837144003,0.0017939518195797027,0.5715443858937982,0.45,0.5,0.5,0.8,60.0,40.0,90.0,0.75,0.4,0.9,0.6000000000000001,65.0,75.0,70.0,6899,6884,15,6899,0.0021742281490071025,0.2988012836640739,0.5,0.5976025673281478,1779,0.2584253341080767,1.0,1
"iteration_3","SCOPE_DATA_COLLECTION",1200,36,2230.0,2290.0,1,6927,5214,1681,7041,5125,1684,5495,4075,1310,1417,1140,358,0.20500578703703703,0.21860019175455417,0.2146282973621103,0.38618929504006966,0.7793606952573235,1.278155919380388,0.7723785900801393,0.7793606952573235,0.852103946253592,0.3414012738853503,0.4404907975460123,0.45725190839694657,97.5,100.0,4986,3902,4934,88,7,2820,0.01764941837144003,0.0017939518195797027,0.5715443858937982,0.45,0.5,0.5,0.8,60.0,40.0,90.0,0.75,0.4,0.9,0.6000000000000001,65.0,75.0,70.0,5238,5203,35,5238,0.006681939671630393,0.6398906961701409,1.0,0.6398906961701409,1795,0.34499327311166633,1.0,1
"iteration_3","SCOPE_DATA_COLLECTION",1200,36,2230.0,2290.0,2,6927,5214,1681,7041,5125,1684,5495,4075,1310,1417,1140,358,0.20500578703703703,0.21860019175455417,0.2146282973621103,0.38618929504006966,0.7793606952573235,1.278155919380388,0.7723785900801393,0.7793606952573235,0.852103946253592,0.3414012738853503,0.4404907975460123,0.45725190839694657,97.5,100.0,4986,3902,4934,88,7,2820,0.01764941837144003,0.0017939518195797027,0.5715443858937982,0.45,0.5,0.5,0.8,60.0,40.0,90.0,0.75,0.4,0.9,0.6000000000000001,65.0,75.0,70.0,1725,1688,37,1725,0.021449275362318842,1.0298106703461587,1.5,0.6865404468974391,590,0.3495260663507109,1.0,1
"iteration_3","SCOPE_DATA_COLLECTION",1200,37,2290.0,2350.0,0,6899,5238,1725,6927,5214,1681,6889,5204,1696,15,35,38,0.0021726535341830824,0.006680664248902462,0.02191464821222607,0.2989757416751592,0.6395032505810417,1.03178367138345,0.5979514833503184,0.6395032505810417,0.6878557809223,0.2580926114094934,0.3447348193697156,0.35023584905660377,100.0,100.0,5005,6582,2275,81,7,0,0.016183816183816185,0.0010635065329687025,0.0,0.75,0.4,0.9,0.6000000000000001,65.0,75.0,70.0,0.15000000000000002,0.4,0.8,0.2,65.0,45.0,65.0,7007,3124,3883,7007,0.554160125588697,0.5344299288501382,0.5,1.0688598577002764,1818,0.5819462227912933,1.0,1
"iteration_3","SCOPE_DATA_COLLECTION",1200,37,2290.0,2350.0,1,6899,5238,1725,6927,5214,1681,6889,5204,1696,15,35,38,0.0021726535341830824,0.006680664248902462,0.02191464821222607,0.2989757416751592,0.6395032505810417,1.03178367138345,0.5979514833503184,0.6395032505810417,0.6878557809223,0.2580926114094934,0.3447348193697156,0.35023584905660377,100.0,100.0,5005,6582,2275,81,7,0,0.016183816183816185,0.0010635065329687025,0.0,0.75,0.4,0.9,0.6000000000000001,65.0,75.0,70.0,0.15000000000000002,0.4,0.8,0.2,65.0,45.0,65.0,5138,2318,2820,5138,0.5488516932658623,1.179624491250774,1.0,1.179624491250774,1762,0.7601380500431406,1.0,1
"iteration_3","SCOPE_DATA_COLLECTION",1200,37,2290.0,2350.0,2,6899,5238,1725,6927,5214,1681,6889,5204,1696,15,35,38,0.0021726535341830824,0.006680664248902462,0.02191464821222607,0.2989757416751592,0.6395032505810417,1.03178367138345,0.5979514833503184,0.6395032505810417,0.6878557809223,0.2580926114094934,0.3447348193697156,0.35023584905660377,100.0,100.0,5005,6582,2275,81,7,0,0.016183816183816185,0.0010635065329687025,0.0,0.75,0.4,0.9,0.6000000000000001,65.0,75.0,70.0,0.15000000000000002,0.4,0.8,0.2,65.0,45.0,65.0,1758,795,963,1758,0.5477815699658704,1.8585263596772228,1.5,1.2390175731181485,634,0.7974842767295598,1.0,1
"iteration_3","SCOPE_DATA_COLLECTION",1200,38,2350.0,2410.0,0,7007,5138,1758,6899,5238,1725,3129,2337,792,3883,2820,963,0.5537649743297205,0.5468295520651542,0.5487179487179488,0.5304114773623019,1.1722667282454622,1.8518233644459758,1.0608229547246038,1.1722667282454622,1.2345489096306506,0.5781399808245445,0.7569533590072742,0.7929292929292929,97.5,100.0,4979,1266,7658,67,1,7598,0.01345651737296646,7.898894154818325E-4,0.9921650561504309,0.15000000000000002,0.4,0.8,0.2,65.0,45.0,65.0,0.6000000000000001,0.30000000000000004,0.7000000000000001,0.1,30.0,60.0,55.0,7007,6823,184,7007,0.026259454830883402,0.32449412023169777,0.5,0.6489882404633955,1922,0.2816942693829694,1.0,1
"iteration_3","SCOPE_DATA_COLLECTION",1200,38,2350.0,2410.0,1,7007,5138,1758,6899,5238,1725,3129,2337,792,3883,2820,963,0.5537649743297205,0.5468295520651542,0.5487179487179488,0.5304114773623019,1.1722667282454622,1.8518233644459758,1.0608229547246038,1.1722667282454622,1.2345489096306506,0.5781399808245445,0.7569533590072742,0.7929292929292929,97.5,100.0,4979,1266,7658,67,1,7598,0.01345651737296646,7.898894154818325E-4,0.9921650561504309,0.15000000000000002,0.4,0.8,0.2,65.0,45.0,65.0,0.6000000000000001,0.30000000000000004,0.7000000000000001,0.1,30.0,60.0,55.0,5199,5058,141,5199,0.027120600115406807,0.661316419725275,1.0,0.661316419725275,1805,0.3568604191379992,1.0,1
"iteration_3","SCOPE_DATA_COLLECTION",1200,38,2350.0,2410.0,2,7007,5138,1758,6899,5238,1725,3129,2337,792,3883,2820,963,0.5537649743297205,0.5468295520651542,0.5487179487179488,0.5304114773623019,1.1722667282454622,1.8518233644459758,1.0608229547246038,1.1722667282454622,1.2345489096306506,0.5781399808245445,0.7569533590072742,0.7929292929292929,97.5,100.0,4979,1266,7658,67,1,7598,0.01345651737296646,7.898894154818325E-4,0.9921650561504309,0.15000000000000002,0.4,0.8,0.2,65.0,45.0,65.0,0.6000000000000001,0.30000000000000004,0.7000000000000001,0.1,30.0,60.0,55.0,1710,1648,62,1710,0.03625730994152047,1.02496745791086,1.5,0.6833116386072401,594,0.3604368932038835,1.0,1
"iteration_3","SCOPE_DATA_COLLECTION",1200,39,2410.0,2470.0,0,7007,5199,1710,7007,5138,1758,6832,5049,1647,183,141,62,0.02608695652173913,0.02716763005780347,0.03627852545348157,0.32614109159647375,0.6654837553713221,1.0287744823201328,0.6522821831929475,0.6654837553713221,0.6858496548800885,0.28366510538641687,0.35848682907506435,0.36247723132969034,100.0,100.0,5061,5282,3573,40,4,342,0.007903576368306658,7.572889057175312E-4,0.09571788413098237,0.6000000000000001,0.30000000000000004,0.7000000000000001,0.1,30.0,60.0,55.0,0.6000000000000001,0.30000000000000004,0.7000000000000001,0.1,30.0,60.0,55.0,6957,6850,107,6957,0.015380192611757942,0.3232567710134188,0.5,0.6465135420268376,1752,0.25576642335766425,1.0,1
"iteration_3","SCOPE_DATA_COLLECTION",1200,39,2410.0,2470.0,1,7007,5199,1710,7007,5138,1758,6832,5049,1647,183,141,62,0.02608695652173913,0.02716763005780347,0.03627852545348157,0.32614109159647375,0.6654837553713221,1.0287744823201328,0.6522821831929475,0.6654837553713221,0.6858496548800885,0.28366510538641687,0.35848682907506435,0.36247723132969034,100.0,100.0,5061,5282,3573,40,4,342,0.007903576368306658,7.572889057175312E-4,0.09571788413098237,0.6000000000000001,0.30000000000000004,0.7000000000000001,0.1,30.0,60.0,55.0,0.6000000000000001,0.30000000000000004,0.7000000000000001,0.1,30.0,60.0,55.0,5217,5122,95,5217,0.01820969906076289,0.6791039743512496,1.0,0.6791039743512496,1845,0.360210855134713,1.0,1
"iteration_3","SCOPE_DATA_COLLECTION",1200,39,2410.0,2470.0,2,7007,5199,1710,7007,5138,1758,6832,5049,1647,183,141,62,0.02608695652173913,0.02716763005780347,0.03627852545348157,0.32614109159647375,0.6654837553713221,1.0287744823201328,0.6522821831929475,0.6654837553713221,0.6858496548800885,0.28366510538641687,0.35848682907506435,0.36247723132969034,100.0,100.0,5061,5282,3573,40,4,342,0.007903576368306658,7.572889057175312E-4,0.09571788413098237,0.6000000000000001,0.30000000000000004,0.7000000000000001,0.1,30.0,60.0,55.0,0.6000000000000001,0.30000000000000004,0.7000000000000001,0.1,30.0,60.0,55.0,1785,1750,35,1785,0.0196078431372549,1.0111662432433879,1.5,0.6741108288289253,614,0.35085714285714287,1.0,1
"iteration_3","SCOPE_DATA_COLLECTION",1200,40,2470.0,2530.0,0,6957,5217,1785,7007,5199,1710,6831,5123,1748,108,95,35,0.01556420233463035,0.018206209275584515,0.01962983735277622,0.3219939579403385,0.6763781968451249,1.0162935685037064,0.643987915880677,0.6763781968451249,0.6775290456691376,0.25486751573708094,0.3587741557681046,0.35297482837528604,100.0,100.0,4961,5417,3581,29,6,203,0.005845595646039105,0.0011076241462063873,0.05668807595643675,0.6000000000000001,0.30000000000000004,0.7000000000000001,0.1,30.0,60.0,55.0,0.5,0.4,0.6000000000000001,0.2,40.0,60.0,65.0,7060,6258,802,7060,0.11359773371104816,0.36613533757193223,0.5,0.7322706751438645,1995,0.3187919463087248,1.0,1
"iteration_3","SCOPE_DATA_COLLECTION",1200,40,2470.0,2530.0,1,6957,5217,1785,7007,5199,1710,6831,5123,1748,108,95,35,0.01556420233463035,0.018206209275584515,0.01962983735277622,0.3219939579403385,0.6763781968451249,1.0162935685037064,0.643987915880677,0.6763781968451249,0.6775290456691376,0.25486751573708094,0.3587741557681046,0.35297482837528604,100.0,100.0,4961,5417,3581,29,6,203,0.005845595646039105,0.0011076241462063873,0.05668807595643675,0.6000000000000001,0.30000000000000004,0.7000000000000001,0.1,30.0,60.0,55.0,0.5,0.4,0.6000000000000001,0.2,40.0,60.0,65.0,5151,4522,629,5151,0.12211221122112212,0.7277611370487387,1.0,0.7277611370487387,1793,0.3965059708093764,1.0,1
"iteration_3","SCOPE_DATA_COLLECTION",1200,40,2470.0,2530.0,2,6957,5217,1785,7007,5199,1710,6831,5123,1748,108,95,35,0.01556420233463035,0.018206209275584515,0.01962983735277622,0.3219939579403385,0.6763781968451249,1.0162935685037064,0.643987915880677,0.6763781968451249,0.6775290456691376,0.25486751573708094,0.3587741557681046,0.35297482837528604,100.0,100.0,4961,5417,3581,29,6,203,0.005845595646039105,0.0011076241462063873,0.05668807595643675,0.6000000000000001,0.30000000000000004,0.7000000000000001,0.1,30.0,60.0,55.0,0.5,0.4,0.6000000000000001,0.2,40.0,60.0,65.0,1671,1442,229,1671,0.13704368641532017,1.1533698495434448,1.5,0.7689132330289632,595,0.41262135922330095,1.0,1
"iteration_3","SCOPE_DATA_COLLECTION",1200,41,2530.0,2590.0,0,7060,5151,1671,6957,5217,1785,6266,4514,1449,788,621,228,0.1117096682733201,0.12093476144109055,0.13595706618962433,0.3612835280764657,0.722933134401824,1.1533046267016234,0.7225670561529314,0.722933134401824,0.7688697511344156,0.31886370890520266,0.39632255206025696,0.41338854382332646,100.0,100.0,5067,4417,4398,58,3,1576,0.01144661535425301,6.791940230925968E-4,0.35834470213733516,0.5,0.4,0.6000000000000001,0.2,40.0,60.0,65.0,0.5,0.5,0.6000000000000001,0.1,40.0,70.0,75.0,6967,6166,801,6967,0.11497057557054687,0.3923236309460937,0.5,0.7846472618921874,2130,0.3454427505676289,1.0,1
"iteration_3","SCOPE_DATA_COLLECTION",1200,41,2530.0,2590.0,1,7060,5151,1671,6957,5217,1785,6266,4514,1449,788,621,228,0.1117096682733201,0.12093476144109055,0.13595706618962433,0.3612835280764657,0.722933134401824,1.1533046267016234,0.7225670561529314,0.722933134401824,0.7688697511344156,0.31886370890520266,0.39632255206025696,0.41338854382332646,100.0,100.0,5067,4417,4398,58,3,1576,0.01144661535425301,6.791940230925968E-4,0.35834470213733516,0.5,0.4,0.6000000000000001,0.2,40.0,60.0,65.0,0.5,0.5,0.6000000000000001,0.1,40.0,70.0,75.0,5252,4536,716,5252,0.13632901751713633,0.7572702858369363,1.0,0.7572702858369363,1854,0.4087301587301587,1.0,1
"iteration_3","SCOPE_DATA_COLLECTION",1200,41,2530.0,2590.0,2,7060,5151,1671,6957,5217,1785,6266,4514,1449,788,621,228,0.1117096682733201,0.12093476144109055,0.13595706618962433,0.3612835280764657,0.722933134401824,1.1533046267016234,0.7225670561529314,0.722933134401824,0.7688697511344156,0.31886370890520266,0.39632255206025696,0.41338854382332646,100.0,100.0,5067,4417,4398,58,3,1576,0.01144661535425301,6.791940230925968E-4,0.35834470213733516,0.5,0.4,0.6000000000000001,0.2,40.0,60.0,65.0,0.5,0.5,0.6000000000000001,0.1,40.0,70.0,75.0,1698,1469,229,1698,0.1348645465253239,1.1634817267830908,1.5,0.7756544845220605,619,0.42137508509189925,1.0,1
"iteration_3","SCOPE_DATA_COLLECTION",1200,42,2590.0,2650.0,0,6967,5252,1698,7060,5151,1671,6185,4550,1472,815,724,230,0.11642857142857142,0.1372772089495639,0.13513513513513514,0.3981817310852362,0.762938135077083,1.1605236064796633,0.7963634621704724,0.762938135077083,0.7736824043197755,0.3456750202101859,0.4087912087912088,0.41915760869565216,100.0,100.0,5038,4386,4493,48,2,1719,0.009527590313616514,4.5599635202918376E-4,0.3825951480080125,0.5,0.5,0.6000000000000001,0.1,40.0,70.0,75.0,0.6000000000000001,0.4,0.5,0.1,30.0,70.0,65.0,7071,6990,81,7071,0.011455239711497667,0.3129950032864645,0.5,0.625990006572929,1843,0.2636623748211731,1.0,1
"iteration_3","SCOPE_DATA_COLLECTION",1200,42,2590.0,2650.0,1,6967,5252,1698,7060,5151,1671,6185,4550,1472,815,724,230,0.11642857142857142,0.1372772089495639,0.13513513513513514,0.3981817310852362,0.762938135077083,1.1605236064796633,0.7963634621704724,0.762938135077083,0.7736824043197755,0.3456750202101859,0.4087912087912088,0.41915760869565216,100.0,100.0,5038,4386,4493,48,2,1719,0.009527590313616514,4.5599635202918376E-4,0.3825951480080125,0.5,0.5,0.6000000000000001,0.1,40.0,70.0,75.0,0.6000000000000001,0.4,0.5,0.1,30.0,70.0,65.0,5145,5086,59,5145,0.011467444120505346,0.6292859369128805,1.0,0.6292859369128805,1729,0.3399528116397955,1.0,1
"iteration_3","SCOPE_DATA_COLLECTION",1200,42,2590.0,2650.0,2,6967,5252,1698,7060,5151,1671,6185,4550,1472,815,724,230,0.11642857142857142,0.1372772089495639,0.13513513513513514,0.3981817310852362,0.762938135077083,1.1605236064796633,0.7963634621704724,0.762938135077083,0.7736824043197755,0.3456750202101859,0.4087912087912088,0.41915760869565216,100.0,100.0,5038,4386,4493,48,2,1719,0.009527590313616514,4.5599635202918376E-4,0.3825951480080125,0.5,0.5,0.6000000000000001,0.1,40.0,70.0,75.0,0.6000000000000001,0.4,0.5,0.1,30.0,70.0,65.0,1732,1705,27,1732,0.01558891454965358,1.0016056738688912,1.5,0.6677371159125941,595,0.3489736070381232,1.0,1
"iteration_3","SCOPE_DATA_COLLECTION",1200,43,2650.0,2710.0,0,7071,5145,1732,6967,5252,1698,6960,5079,1701,76,55,25,0.010801591813530414,0.010712894429294897,0.014484356894553883,0.3110012921452014,0.629642551470679,1.003423681988102,0.6220025842904028,0.629642551470679,0.6689491213254013,0.2607758620689655,0.3408151210868281,0.3497942386831276,97.5,100.0,4953,5421,3574,38,6,112,0.007672117908338381,0.0011068068622025456,0.03133743704532736,0.6000000000000001,0.4,0.5,0.1,30.0,70.0,65.0,0.4,0.1,0.30000000000000004,0.5,30.0,85.0,90.0,6927,5321,1606,6927,0.2318463981521582,0.3760773659225079,0.5,0.7521547318450158,1648,0.30971621875587296,1.0,1
"iteration_3","SCOPE_DATA_COLLECTION",1200,43,2650.0,2710.0,1,7071,5145,1732,6967,5252,1698,6960,5079,1701,76,55,25,0.010801591813530414,0.010712894429294897,0.014484356894553883,0.3110012921452014,0.629642551470679,1.003423681988102,0.6220025842904028,0.629642551470679,0.6689491213254013,0.2607758620689655,0.3408151210868281,0.3497942386831276,97.5,100.0,4953,5421,3574,38,6,112,0.007672117908338381,0.0011068068622025456,0.03133743704532736,0.6000000000000001,0.4,0.5,0.1,30.0,70.0,65.0,0.4,0.1,0.30000000000000004,0.5,30.0,85.0,90.0,5101,3810,1291,5101,0.2530876298764948,0.8065107663686739,1.0,0.8065107663686739,1862,0.48871391076115483,1.0,1
"iteration_3","SCOPE_DATA_COLLECTION",1200,43,2650.0,2710.0,2,7071,5145,1732,6967,5252,1698,6960,5079,1701,76,55,25,0.010801591813530414,0.010712894429294897,0.014484356894553883,0.3110012921452014,0.629642551470679,1.003423681988102,0.6220025842904028,0.629642551470679,0.6689491213254013,0.2607758620689655,0.3408151210868281,0.3497942386831276,97.5,100.0,4953,5421,3574,38,6,112,0.007672117908338381,0.0011068068622025456,0.03133743704532736,0.6000000000000001,0.4,0.5,0.1,30.0,70.0,65.0,0.4,0.1,0.30000000000000004,0.5,30.0,85.0,90.0,1680,1219,461,1680,0.27440476190476193,1.3291888703573678,1.5,0.8861259135715785,625,0.5127153404429861,1.0,1
"iteration_3","SCOPE_DATA_COLLECTION",1200,44,2710.0,2770.0,0,6927,5101,1680,7071,5145,1732,5338,3811,1214,1611,1295,463,0.2318319182616204,0.2536231884057971,0.2760882528324389,0.37830291990280784,0.8074007824538918,1.3234661112172568,0.7566058398056157,0.8074007824538918,0.8823107408115045,0.31397527163731737,0.489110469692994,0.5107084019769358,100.0,100.0,5181,3447,5080,68,1,3300,0.013124879366917584,2.901073397156948E-4,0.6496062992125984,0.4,0.1,0.30000000000000004,0.5,30.0,85.0,90.0,0.55,0.30000000000000004,0.2,0.8,85.0,55.0,75.0,6843,6482,361,6843,0.0527546397778752,0.3336153041386644,0.5,0.6672306082773288,1807,0.2787719839555693,1.0,1
"iteration_3","SCOPE_DATA_COLLECTION",1200,44,2710.0,2770.0,1,6927,5101,1680,7071,5145,1732,5338,3811,1214,1611,1295,463,0.2318319182616204,0.2536231884057971,0.2760882528324389,0.37830291990280784,0.8074007824538918,1.3234661112172568,0.7566058398056157,0.8074007824538918,0.8823107408115045,0.31397527163731737,0.489110469692994,0.5107084019769358,100.0,100.0,5181,3447,5080,68,1,3300,0.013124879366917584,2.901073397156948E-4,0.6496062992125984,0.4,0.1,0.30000000000000004,0.5,30.0,85.0,90.0,0.55,0.30000000000000004,0.2,0.8,85.0,55.0,75.0,5256,4965,291,5256,0.055365296803652965,0.6378464647137563,1.0,0.6378464647137563,1768,0.35609264853977846,1.0,1
"iteration_3","SCOPE_DATA_COLLECTION",1200,44,2710.0,2770.0,2,6927,5101,1680,7071,5145,1732,5338,3811,1214,1611,1295,463,0.2318319182616204,0.2536231884057971,0.2760882528324389,0.37830291990280784,0.8074007824538918,1.3234661112172568,0.7566058398056157,0.8074007824538918,0.8823107408115045,0.31397527163731737,0.489110469692994,0.5107084019769358,100.0,100.0,5181,3447,5080,68,1,3300,0.013124879366917584,2.901073397156948E-4,0.6496062992125984,0.4,0.1,0.30000000000000004,0.5,30.0,85.0,90.0,0.55,0.30000000000000004,0.2,0.8,85.0,55.0,75.0,1696,1579,117,1696,0.06898584905660378,1.070674161579652,1.5,0.7137827743864347,579,0.36668777707409755,1.0,1
"iteration_3","SCOPE_DATA_COLLECTION",1200,45,2770.0,2830.0,0,6843,5256,1696,6927,5101,1680,6488,4963,1584,361,291,117,0.05270842458753103,0.05538637228778074,0.06878306878306878,0.33323708095086163,0.6369808464458707,1.0727126124525628,0.6664741619017233,0.6369808464458707,0.7151417416350418,0.27758939580764486,0.3554301833568406,0.3680555555555556,97.5,100.0,5054,4791,3950,50,4,715,0.009893153937475268,8.348987685243164E-4,0.1810126582278481,0.55,0.30000000000000004,0.2,0.8,85.0,55.0,75.0,0.55,0.30000000000000004,0.2,0.8,85.0,55.0,75.0,6916,6441,475,6916,0.06868131868131869,0.33922994500328835,0.5,0.6784598900065767,1861,0.2889302903275889,1.0,1
"iteration_3","SCOPE_DATA_COLLECTION",1200,45,2770.0,2830.0,1,6843,5256,1696,6927,5101,1680,6488,4963,1584,361,291,117,0.05270842458753103,0.05538637228778074,0.06878306878306878,0.33323708095086163,0.6369808464458707,1.0727126124525628,0.6664741619017233,0.6369808464458707,0.7151417416350418,0.27758939580764486,0.3554301833568406,0.3680555555555556,97.5,100.0,5054,4791,3950,50,4,715,0.009893153937475268,8.348987685243164E-4,0.1810126582278481,0.55,0.30000000000000004,0.2,0.8,85.0,55.0,75.0,0.55,0.30000000000000004,0.2,0.8,85.0,55.0,75.0,5164,4800,364,5164,0.0704879938032533,0.6731800163968298,1.0,0.6731800163968298,1825,0.3802083333333333,1.0,1
"iteration_3","SCOPE_DATA_COLLECTION",1200,45,2770.0,2830.0,2,6843,5256,1696,6927,5101,1680,6488,4963,1584,361,291,117,0.05270842458753103,0.05538637228778074,0.06878306878306878,0.33323708095086163,0.6369808464458707,1.0727126124525628,0.6664741619017233,0.6369808464458707,0.7151417416350418,0.27758939580764486,0.3554301833568406,0.3680555555555556,97.5,100.0,5054,4791,3950,50,4,715,0.009893153937475268,8.348987685243164E-4,0.1810126582278481,0.55,0.30000000000000004,0.2,0.8,85.0,55.0,75.0,0.55,0.30000000000000004,0.2,0.8,85.0,55.0,75.0,1739,1621,118,1739,0.06785508913168488,1.1036238586687868,1.5,0.7357492391125245,629,0.3880320789636027,1.0,1
"iteration_3","SCOPE_DATA_COLLECTION",1200,46,2830.0,2890.0,0,6916,5164,1739,6843,5256,1696,6422,4805,1620,475,363,118,0.06887052341597796,0.07023993808049536,0.06789413118527042,0.3386982078049998,0.6741614920633945,1.103794341243955,0.6773964156099996,0.6741614920633945,0.7358628941626367,0.2879165369043912,0.3796045785639958,0.3882716049382716,100.0,100.0,4995,4827,3997,51,6,899,0.01021021021021021,0.001243008079552517,0.22491868901676257,0.55,0.30000000000000004,0.2,0.8,85.0,55.0,75.0,0.55,0.30000000000000004,0.2,0.8,85.0,55.0,75.0,7024,6520,504,7024,0.07175398633257403,0.3417522182036395,0.5,0.683504436407279,1902,0.2917177914110429,1.0,1
"iteration_3","SCOPE_DATA_COLLECTION",1200,46,2830.0,2890.0,1,6916,5164,1739,6843,5256,1696,6422,4805,1620,475,363,118,0.06887052341597796,0.07023993808049536,0.06789413118527042,0.3386982078049998,0.6741614920633945,1.103794341243955,0.6773964156099996,0.6741614920633945,0.7358628941626367,0.2879165369043912,0.3796045785639958,0.3882716049382716,100.0,100.0,4995,4827,3997,51,6,899,0.01021021021021021,0.001243008079552517,0.22491868901676257,0.55,0.30000000000000004,0.2,0.8,85.0,55.0,75.0,0.55,0.30000000000000004,0.2,0.8,85.0,55.0,75.0,5165,4781,384,5165,0.07434656340755082,0.6595411253258088,1.0,0.6595411253258088,1734,0.36268563062120895,1.0,1
"iteration_3","SCOPE_DATA_COLLECTION",1200,46,2830.0,2890.0,2,6916,5164,1739,6843,5256,1696,6422,4805,1620,475,363,118,0.06887052341597796,0.07023993808049536,0.06789413118527042,0.3386982078049998,0.6741614920633945,1.103794341243955,0.6773964156099996,0.6741614920633945,0.7358628941626367,0.2879165369043912,0.3796045785639958,0.3882716049382716,100.0,100.0,4995,4827,3997,51,6,899,0.01021021021021021,0.001243008079552517,0.22491868901676257,0.55,0.30000000000000004,0.2,0.8,85.0,55.0,75.0,0.55,0.30000000000000004,0.2,0.8,85.0,55.0,75.0,1679,1529,150,1679,0.08933889219773675,1.1357019799605153,1.5,0.7571346533070101,615,0.4022236756049706,1.0,1
"iteration_3","SCOPE_DATA_COLLECTION",1200,47,2890.0,2950.0,0,7024,5165,1679,6916,5164,1739,6510,4764,1525,504,385,150,0.0718562874251497,0.07477180034958245,0.08955223880597014,0.34222255862804646,0.6582032161492125,1.1408821896666705,0.6844451172560929,0.6582032161492125,0.7605881264444471,0.2926267281105991,0.3625104953820319,0.4045901639344262,100.0,100.0,4991,4821,4056,44,6,989,0.008815868563414146,0.0012445550715619166,0.243836291913215,0.55,0.30000000000000004,0.2,0.8,85.0,55.0,75.0,0.55,0.30000000000000004,0.2,0.8,85.0,55.0,75.0,6956,6610,346,6956,0.04974123059229442,0.3194935538766144,0.5,0.6389871077532288,1834,0.27745839636913766,1.0,1
"iteration_3","SCOPE_DATA_COLLECTION",1200,47,2890.0,2950.0,1,7024,5165,1679,6916,5164,1739,6510,4764,1525,504,385,150,0.0718562874251497,0.07477180034958245,0.08955223880597014,0.34222255862804646,0.6582032161492125,1.1408821896666705,0.6844451172560929,0.6582032161492125,0.7605881264444471,0.2926267281105991,0.3625104953820319,0.4045901639344262,100.0,100.0,4991,4821,4056,44,6,989,0.008815868563414146,0.0012445550715619166,0.243836291913215,0.55,0.30000000000000004,0.2,0.8,85.0,55.0,75.0,0.55,0.30000000000000004,0.2,0.8,85.0,55.0,75.0,5213,4960,253,5213,0.048532514866679456,0.6524563253119439,1.0,0.6524563253119439,1812,0.36532258064516127,1.0,1
"iteration_3","SCOPE_DATA_COLLECTION",1200,47,2890.0,2950.0,2,7024,5165,1679,6916,5164,1739,6510,4764,1525,504,385,150,0.0718562874251497,0.07477180034958245,0.08955223880597014,0.34222255862804646,0.6582032161492125,1.1408821896666705,0.6844451172560929,0.6582032161492125,0.7605881264444471,0.2926267281105991,0.3625104953820319,0.4045901639344262,100.0,100.0,4991,4821,4056,44,6,989,0.008815868563414146,0.0012445550715619166,0.243836291913215,0.55,0.30000000000000004,0.2,0.8,85.0,55.0,75.0,0.55,0.30000000000000004,0.2,0.8,85.0,55.0,75.0,1704,1590,114,1704,0.06690140845070422,1.0860082892039646,1.5,0.7240055261359765,597,0.3754716981132076,1.0,1
"iteration_3","SCOPE_DATA_COLLECTION",1200,48,2950.0,3010.0,0,6956,5213,1704,7024,5165,1679,6626,4973,1583,346,253,114,0.04962707974756168,0.048411787217757365,0.06717737183264584,0.31983740500474706,0.6544173102970946,1.0739543640103266,0.6396748100094941,0.6544173102970946,0.7159695760068844,0.2776939329912466,0.3667806153227428,0.36955148452305747,97.5,100.0,5101,4862,3910,73,6,634,0.014310919427563223,0.0012340600575894694,0.16214833759590794,0.55,0.30000000000000004,0.2,0.8,85.0,55.0,75.0,0.55,0.4,0.2,0.7000000000000001,85.0,55.0,65.0,7126,6597,529,7126,0.0742351950603424,0.3301627772785191,0.5,0.6603255545570382,1798,0.27254812793694105,1.0,1
"iteration_3","SCOPE_DATA_COLLECTION",1200,48,2950.0,3010.0,1,6956,5213,1704,7024,5165,1679,6626,4973,1583,346,253,114,0.04962707974756168,0.048411787217757365,0.06717737183264584,0.31983740500474706,0.6544173102970946,1.0739543640103266,0.6396748100094941,0.6544173102970946,0.7159695760068844,0.2776939329912466,0.3667806153227428,0.36955148452305747,97.5,100.0,5101,4862,3910,73,6,634,0.014310919427563223,0.0012340600575894694,0.16214833759590794,0.55,0.30000000000000004,0.2,0.8,85.0,55.0,75.0,0.55,0.4,0.2,0.7000000000000001,85.0,55.0,65.0,5127,4690,437,5127,0.08523503023210455,0.6588673107257428,1.0,0.6588673107257428,1719,0.3665245202558635,1.0,1
"iteration_3","SCOPE_DATA_COLLECTION",1200,48,2950.0,3010.0,2,6956,5213,1704,7024,5165,1679,6626,4973,1583,346,253,114,0.04962707974756168,0.048411787217757365,0.06717737183264584,0.31983740500474706,0.6544173102970946,1.0739543640103266,0.6396748100094941,0.6544173102970946,0.7159695760068844,0.2776939329912466,0.3667806153227428,0.36955148452305747,97.5,100.0,5101,4862,3910,73,6,634,0.014310919427563223,0.0012340600575894694,0.16214833759590794,0.55,0.30000000000000004,0.2,0.8,85.0,55.0,75.0,0.55,0.4,0.2,0.7000000000000001,85.0,55.0,65.0,1759,1622,137,1759,0.0778851620238772,1.1066917398419536,1.5,0.7377944932279691,619,0.38162762022194824,1.0,1
"iteration_3","SCOPE_DATA_COLLECTION",1200,49,3010.0,3070.0,0,7126,5127,1759,6956,5213,1704,6608,4694,1626,529,437,137,0.07412077903881183,0.0851685831221984,0.07770845150311968,0.33127634893157454,0.6604570597168027,1.1135090831553671,0.6625526978631491,0.6604570597168027,0.7423393887702447,0.274818401937046,0.3683425649765658,0.3837638376383764,97.5,100.0,4894,4962,4156,41,3,1059,0.008377605230894973,6.045949214026602E-4,0.2548123195380173,0.55,0.4,0.2,0.7000000000000001,85.0,55.0,65.0,0.45,0.4,0.30000000000000004,0.8,85.0,55.0,65.0,6934,5652,1282,6934,0.18488606864724547,0.3934878776632329,0.5,0.7869757553264658,2036,0.3602264685067233,1.0,1
"iteration_3","SCOPE_DATA_COLLECTION",1200,49,3010.0,3070.0,1,7126,5127,1759,6956,5213,1704,6608,4694,1626,529,437,137,0.07412077903881183,0.0851685831221984,0.07770845150311968,0.33127634893157454,0.6604570597168027,1.1135090831553671,0.6625526978631491,0.6604570597168027,0.7423393887702447,0.274818401937046,0.3683425649765658,0.3837638376383764,97.5,100.0,4894,4962,4156,41,3,1059,0.008377605230894973,6.045949214026602E-4,0.2548123195380173,0.55,0.4,0.2,0.7000000000000001,85.0,55.0,65.0,0.45,0.4,0.30000000000000004,0.8,85.0,55.0,65.0,5162,4176,986,5162,0.19101123595505617,0.7608888654096793,1.0,0.7608888654096793,1854,0.44396551724137934,1.0,1
"iteration_3","SCOPE_DATA_COLLECTION",1200,49,3010.0,3070.0,2,7126,5127,1759,6956,5213,1704,6608,4694,1626,529,437,137,0.07412077903881183,0.0851685831221984,0.07770845150311968,0.33127634893157454,0.6604570597168027,1.1135090831553671,0.6625526978631491,0.6604570597168027,0.7423393887702447,0.274818401937046,0.3683425649765658,0.3837638376383764,97.5,100.0,4894,4962,4156,41,3,1059,0.008377605230894973,6.045949214026602E-4,0.2548123195380173,0.55,0.4,0.2,0.7000000000000001,85.0,55.0,65.0,0.45,0.4,0.30000000000000004,0.8,85.0,55.0,65.0,1691,1292,399,1691,0.23595505617977527,1.2414717713165688,1.5,0.8276478475443793,576,0.4458204334365325,1.0,1
"iteration_3","SCOPE_DATA_COLLECTION",1200,50,3070.0,3130.0,0,6934,5162,1691,7126,5127,1759,5648,4170,1286,1282,986,399,0.184992784992785,0.191233514352211,0.23679525222551928,0.3921396365527938,0.7577519678646509,1.2406692233401289,0.7842792731055876,0.7577519678646509,0.8271128155600859,0.3580028328611898,0.4412470023980815,0.447900466562986,100.0,100.0,5132,3926,4729,64,4,2599,0.012470771628994544,0.0010188487009679063,0.5495876506661028,0.45,0.4,0.30000000000000004,0.8,85.0,55.0,65.0,0.45,0.4,0.30000000000000004,0.8,85.0,55.0,65.0,7029,5626,1403,7029,0.19960165030587565,0.4510828148718853,0.5,0.9021656297437706,2105,0.3741557056523285,1.0,1
"iteration_3","SCOPE_DATA_COLLECTION",1200,50,3070.0,3130.0,1,6934,5162,1691,7126,5127,1759,5648,4170,1286,1282,986,399,0.184992784992785,0.191233514352211,0.23679525222551928,0.3921396365527938,0.7577519678646509,1.2406692233401289,0.7842792731055876,0.7577519678646509,0.8271128155600859,0.3580028328611898,0.4412470023980815,0.447900466562986,100.0,100.0,5132,3926,4729,64,4,2599,0.012470771628994544,0.0010188487009679063,0.5495876506661028,0.45,0.4,0.30000000000000004,0.8,85.0,55.0,65.0,0.45,0.4,0.30000000000000004,0.8,85.0,55.0,65.0,5138,4029,1109,5138,0.21584274036590112,0.8029275506409176,1.0,0.8029275506409176,1823,0.45246959543310994,1.0,1
"iteration_3","SCOPE_DATA_COLLECTION",1200,50,3070.0,3130.0,2,6934,5162,1691,7126,5127,1759,5648,4170,1286,1282,986,399,0.184992784992785,0.191233514352211,0.23679525222551928,0.3921396365527938,0.7577519678646509,1.2406692233401289,0.7842792731055876,0.7577519678646509,0.8271128155600859,0.3580028328611898,0.4412470023980815,0.447900466562986,100.0,100.0,5132,3926,4729,64,4,2599,0.012470771628994544,0.0010188487009679063,0.5495876506661028,0.45,0.4,0.30000000000000004,0.8,85.0,55.0,65.0,0.45,0.4,0.30000000000000004,0.8,85.0,55.0,65.0,1683,1305,378,1683,0.22459893048128343,1.3561257999200178,1.5,0.9040838666133452,652,0.49961685823754787,1.0,1
"iteration_3","SCOPE_DATA_COLLECTION",1200,51,3130.0,3190.0,0,7029,5138,1683,6934,5162,1691,5622,4011,1315,1402,1109,377,0.19960136674259682,0.2166015625,0.22281323877068557,0.4497968438175229,0.8008551470730085,1.355723353905985,0.8995936876350458,0.8008551470730085,0.9038155692706566,0.37246531483457845,0.449763151333832,0.49961977186311785,100.0,100.0,4988,3938,4924,86,4,2798,0.017241379310344827,0.001015744032503809,0.5682372055239643,0.45,0.4,0.30000000000000004,0.8,85.0,55.0,65.0,0.45,0.30000000000000004,0.2,0.9,95.0,55.0,75.0,6901,5860,1041,6901,0.15084770323141575,0.37617344307367684,0.5,0.7523468861473537,2001,0.3414675767918089,1.0,1
"iteration_3","SCOPE_DATA_COLLECTION",1200,51,3130.0,3190.0,1,7029,5138,1683,6934,5162,1691,5622,4011,1315,1402,1109,377,0.19960136674259682,0.2166015625,0.22281323877068557,0.4497968438175229,0.8008551470730085,1.355723353905985,0.8995936876350458,0.8008551470730085,0.9038155692706566,0.37246531483457845,0.449763151333832,0.49961977186311785,100.0,100.0,4988,3938,4924,86,4,2798,0.017241379310344827,0.001015744032503809,0.5682372055239643,0.45,0.4,0.30000000000000004,0.8,85.0,55.0,65.0,0.45,0.30000000000000004,0.2,0.9,95.0,55.0,75.0,5058,4220,838,5058,0.1656781336496639,0.7347996993513148,1.0,0.7347996993513148,1781,0.42203791469194313,1.0,1
"iteration_3","SCOPE_DATA_COLLECTION",1200,51,3130.0,3190.0,2,7029,5138,1683,6934,5162,1691,5622,4011,1315,1402,1109,377,0.19960136674259682,0.2166015625,0.22281323877068557,0.4497968438175229,0.8008551470730085,1.355723353905985,0.8995936876350458,0.8008551470730085,0.9038155692706566,0.37246531483457845,0.449763151333832,0.49961977186311785,100.0,100.0,4988,3938,4924,86,4,2798,0.017241379310344827,0.001015744032503809,0.5682372055239643,0.45,0.4,0.30000000000000004,0.8,85.0,55.0,65.0,0.45,0.30000000000000004,0.2,0.9,95.0,55.0,75.0,1689,1394,295,1689,0.17465956187092954,1.2328613449859,1.5,0.8219075633239333,615,0.4411764705882353,1.0,1
"iteration_3","SCOPE_DATA_COLLECTION",1200,52,3190.0,3250.0,0,6901,5058,1689,7029,5138,1683,5853,4232,1390,1042,838,296,0.15112400290065264,0.1652859960552268,0.17556346381969157,0.3723923463480811,0.7363346830577805,1.2260029568258684,0.7447846926961622,0.7363346830577805,0.8173353045505789,0.3410216982743892,0.42320415879017015,0.4352517985611511,100.0,100.0,4958,4034,4656,49,2,2125,0.009883017345703913,4.957858205255329E-4,0.45640034364261167,0.45,0.30000000000000004,0.2,0.9,95.0,55.0,75.0,0.15000000000000002,0.2,0.6000000000000001,0.5,60.0,60.0,55.0,6932,3244,3688,6932,0.5320253894979804,0.4847101117843553,0.5,0.9694202235687106,1614,0.49753390875462394,1.0,1
"iteration_3","SCOPE_DATA_COLLECTION",1200,52,3190.0,3250.0,1,6901,5058,1689,7029,5138,1683,5853,4232,1390,1042,838,296,0.15112400290065264,0.1652859960552268,0.17556346381969157,0.3723923463480811,0.7363346830577805,1.2260029568258684,0.7447846926961622,0.7363346830577805,0.8173353045505789,0.3410216982743892,0.42320415879017015,0.4352517985611511,100.0,100.0,4958,4034,4656,49,2,2125,0.009883017345703913,4.957858205255329E-4,0.45640034364261167,0.45,0.30000000000000004,0.2,0.9,95.0,55.0,75.0,0.15000000000000002,0.2,0.6000000000000001,0.5,60.0,60.0,55.0,5097,2339,2758,5097,0.5411026093780655,1.1472173391196991,1.0,1.1472173391196991,1777,0.7597263787943566,1.0,1
"iteration_3","SCOPE_DATA_COLLECTION",1200,52,3190.0,3250.0,2,6901,5058,1689,7029,5138,1683,5853,4232,1390,1042,838,296,0.15112400290065264,0.1652859960552268,0.17556346381969157,0.3723923463480811,0.7363346830577805,1.2260029568258684,0.7447846926961622,0.7363346830577805,0.8173353045505789,0.3410216982743892,0.42320415879017015,0.4352517985611511,100.0,100.0,4958,4034,4656,49,2,2125,0.009883017345703913,4.957858205255329E-4,0.45640034364261167,0.45,0.30000000000000004,0.2,0.9,95.0,55.0,75.0,0.15000000000000002,0.2,0.6000000000000001,0.5,60.0,60.0,55.0,1683,768,915,1683,0.5436720142602496,1.8477391601688524,1.5,1.2318261067792349,600,0.78125,1.0,1
"iteration_3","SCOPE_DATA_COLLECTION",1200,53,3250.0,3310.0,0,6932,5097,1683,6901,5058,1689,3268,2351,777,3688,2758,915,0.5301897642323175,0.5398316696026619,0.5407801418439716,0.4933296428337227,1.1479216161988928,1.8452483330154703,0.9866592856674454,1.1479216161988928,1.2301655553436468,0.5012239902080783,0.76095278604849,0.7799227799227799,100.0,100.0,5109,1307,7296,65,0,7296,0.01272264631043257,0.0,1.0,0.15000000000000002,0.2,0.6000000000000001,0.5,60.0,60.0,55.0,0.15000000000000002,0.2,0.7000000000000001,0.4,70.0,70.0,55.0,6890,3248,3642,6890,0.5285921625544268,0.4822893919303051,0.5,0.9645787838606102,1606,0.4944581280788177,1.0,1
"iteration_3","SCOPE_DATA_COLLECTION",1200,53,3250.0,3310.0,1,6932,5097,1683,6901,5058,1689,3268,2351,777,3688,2758,915,0.5301897642323175,0.5398316696026619,0.5407801418439716,0.4933296428337227,1.1479216161988928,1.8452483330154703,0.9866592856674454,1.1479216161988928,1.2301655553436468,0.5012239902080783,0.76095278604849,0.7799227799227799,100.0,100.0,5109,1307,7296,65,0,7296,0.01272264631043257,0.0,1.0,0.15000000000000002,0.2,0.6000000000000001,0.5,60.0,60.0,55.0,0.15000000000000002,0.2,0.7000000000000001,0.4,70.0,70.0,55.0,5262,2445,2817,5262,0.5353477765108324,1.1154872568098866,1.0,1.1154872568098866,1811,0.7406952965235174,1.0,1
"iteration_3","SCOPE_DATA_COLLECTION",1200,53,3250.0,3310.0,2,6932,5097,1683,6901,5058,1689,3268,2351,777,3688,2758,915,0.5301897642323175,0.5398316696026619,0.5407801418439716,0.4933296428337227,1.1479216161988928,1.8452483330154703,0.9866592856674454,1.1479216161988928,1.2301655553436468,0.5012239902080783,0.76095278604849,0.7799227799227799,100.0,100.0,5109,1307,7296,65,0,7296,0.01272264631043257,0.0,1.0,0.15000000000000002,0.2,0.6000000000000001,0.5,60.0,60.0,55.0,0.15000000000000002,0.2,0.7000000000000001,0.4,70.0,70.0,55.0,1701,746,955,1701,0.5614344503233392,1.7755597651857855,1.5,1.183706510123857,559,0.7493297587131368,1.0,1
"iteration_3","SCOPE_DATA_COLLECTION",1200,54,3310.0,3370.0,0,6890,5262,1701,6932,5097,1683,3232,2463,745,3642,2817,955,0.5298225196392202,0.5335227272727273,0.5617647058823529,0.4817453803109427,1.1120934626654697,1.77087021607363,0.9634907606218854,1.1120934626654697,1.1805801440490866,0.4944306930693069,0.7401542833942347,0.748993288590604,97.5,100.0,5133,1376,7344,69,1,7344,0.013442431326709527,7.267441860465116E-4,1.0,0.15000000000000002,0.2,0.7000000000000001,0.4,70.0,70.0,55.0,0.55,0.2,0.1,0.5,50.0,55.0,45.0,6922,6563,359,6922,0.051863623230280265,0.3338828632091829,0.5,0.6677657264183658,1734,0.2642084412616182,1.0,1
"iteration_3","SCOPE_DATA_COLLECTION",1200,54,3310.0,3370.0,1,6890,5262,1701,6932,5097,1683,3232,2463,745,3642,2817,955,0.5298225196392202,0.5335227272727273,0.5617647058823529,0.4817453803109427,1.1120934626654697,1.77087021607363,0.9634907606218854,1.1120934626654697,1.1805801440490866,0.4944306930693069,0.7401542833942347,0.748993288590604,97.5,100.0,5133,1376,7344,69,1,7344,0.013442431326709527,7.267441860465116E-4,1.0,0.15000000000000002,0.2,0.7000000000000001,0.4,70.0,70.0,55.0,0.55,0.2,0.1,0.5,50.0,55.0,45.0,5179,4859,320,5179,0.06178798995945163,0.6320712469685388,1.0,0.6320712469685388,1776,0.36550730603004733,1.0,1
"iteration_3","SCOPE_DATA_COLLECTION",1200,54,3310.0,3370.0,2,6890,5262,1701,6932,5097,1683,3232,2463,745,3642,2817,955,0.5298225196392202,0.5335227272727273,0.5617647058823529,0.4817453803109427,1.1120934626654697,1.77087021607363,0.9634907606218854,1.1120934626654697,1.1805801440490866,0.4944306930693069,0.7401542833942347,0.748993288590604,97.5,100.0,5133,1376,7344,69,1,7344,0.013442431326709527,7.267441860465116E-4,1.0,0.15000000000000002,0.2,0.7000000000000001,0.4,70.0,70.0,55.0,0.55,0.2,0.1,0.5,50.0,55.0,45.0,1670,1531,139,1670,0.08323353293413174,1.109107187113211,1.5,0.7394047914088073,610,0.3984323971260614,1.0,1
"iteration_3","SCOPE_DATA_COLLECTION",1200,55,3370.0,3430.0,0,6922,5179,1670,6890,5262,1701,6563,4850,1532,359,320,139,0.051863623230280265,0.061895551257253385,0.0831837223219629,0.3342348625853392,0.634353348880006,1.1157325504159283,0.6684697251706784,0.634353348880006,0.7438217002772856,0.2645131799481944,0.36597938144329895,0.4007832898172324,97.5,100.0,5003,4818,3950,40,3,775,0.007995202878273036,6.226650062266501E-4,0.1962025316455696,0.55,0.2,0.1,0.5,50.0,55.0,45.0,0.55,0.1,0.1,0.5,40.0,65.0,35.0,7129,6776,353,7129,0.049516061158647776,0.2934559502174216,0.5,0.5869119004348432,1459,0.21531877213695397,1.0,1
"iteration_3","SCOPE_DATA_COLLECTION",1200,55,3370.0,3430.0,1,6922,5179,1670,6890,5262,1701,6563,4850,1532,359,320,139,0.051863623230280265,0.061895551257253385,0.0831837223219629,0.3342348625853392,0.634353348880006,1.1157325504159283,0.6684697251706784,0.634353348880006,0.7438217002772856,0.2645131799481944,0.36597938144329895,0.4007832898172324,97.5,100.0,5003,4818,3950,40,3,775,0.007995202878273036,6.226650062266501E-4,0.1962025316455696,0.55,0.2,0.1,0.5,50.0,55.0,45.0,0.55,0.1,0.1,0.5,40.0,65.0,35.0,5166,4933,233,5166,0.04510259388308169,0.6428723121841954,1.0,0.6428723121841954,1859,0.3768497871477803,1.0,1
"iteration_3","SCOPE_DATA_COLLECTION",1200,55,3370.0,3430.0,2,6922,5179,1670,6890,5262,1701,6563,4850,1532,359,320,139,0.051863623230280265,0.061895551257253385,0.0831837223219629,0.3342348625853392,0.634353348880006,1.1157325504159283,0.6684697251706784,0.634353348880006,0.7438217002772856,0.2645131799481944,0.36597938144329895,0.4007832898172324,97.5,100.0,5003,4818,3950,40,3,775,0.007995202878273036,6.226650062266501E-4,0.1962025316455696,0.55,0.2,0.1,0.5,50.0,55.0,45.0,0.55,0.1,0.1,0.5,40.0,65.0,35.0,1647,1563,84,1647,0.051001821493624776,1.079999343501707,1.5,0.7199995623344714,614,0.39283429302623163,1.0,1
"iteration_3","SCOPE_DATA_COLLECTION",1200,56,3430.0,3490.0,0,7129,5166,1647,6922,5179,1670,6788,4923,1558,353,233,84,0.049432852541660834,0.045190069821567105,0.05115712545676005,0.29384265192857556,0.639676378690369,1.0796197529719747,0.5876853038571511,0.639676378690369,0.7197465019813164,0.2153800824985268,0.37456835263050986,0.3921694480102696,97.5,100.0,5128,4865,3949,38,5,627,0.0074102964118564745,0.0010277492291880781,0.15877437325905291,0.55,0.1,0.1,0.5,40.0,65.0,35.0,0.4,0.1,0.7000000000000001,0.30000000000000004,85.0,80.0,90.0,7059,5125,1934,7059,0.2739764839212353,0.3762040465464046,0.5,0.7524080930928092,1611,0.31434146341463415,1.0,1
"iteration_3","SCOPE_DATA_COLLECTION",1200,56,3430.0,3490.0,1,7129,5166,1647,6922,5179,1670,6788,4923,1558,353,233,84,0.049432852541660834,0.045190069821567105,0.05115712545676005,0.29384265192857556,0.639676378690369,1.0796197529719747,0.5876853038571511,0.639676378690369,0.7197465019813164,0.2153800824985268,0.37456835263050986,0.3921694480102696,97.5,100.0,5128,4865,3949,38,5,627,0.0074102964118564745,0.0010277492291880781,0.15877437325905291,0.55,0.1,0.1,0.5,40.0,65.0,35.0,0.4,0.1,0.7000000000000001,0.30000000000000004,85.0,80.0,90.0,5191,3688,1503,5191,0.2895395877480254,0.8666247571281236,1.0,0.8666247571281236,1895,0.5138286334056399,1.0,1
"iteration_3","SCOPE_DATA_COLLECTION",1200,56,3430.0,3490.0,2,7129,5166,1647,6922,5179,1670,6788,4923,1558,353,233,84,0.049432852541660834,0.045190069821567105,0.05115712545676005,0.29384265192857556,0.639676378690369,1.0796197529719747,0.5876853038571511,0.639676378690369,0.7197465019813164,0.2153800824985268,0.37456835263050986,0.3921694480102696,97.5,100.0,5128,4865,3949,38,5,627,0.0074102964118564745,0.0010277492291880781,0.15877437325905291,0.55,0.1,0.1,0.5,40.0,65.0,35.0,0.4,0.1,0.7000000000000001,0.30000000000000004,85.0,80.0,90.0,1706,1173,533,1706,0.31242672919109027,1.35283362640813,1.5,0.9018890842720867,602,0.5132139812446718,1.0,1
"iteration_3","SCOPE_DATA_COLLECTION",1200,57,3490.0,3550.0,0,7059,5191,1706,7129,5166,1647,5123,3689,1170,1934,1503,533,0.274054130650418,0.28948382126348227,0.31297709923664124,0.37610173155950466,0.8671736005393141,1.3408094433643907,0.7522034631190093,0.8671736005393141,0.8938729622429271,0.31407378489166504,0.5139604228788289,0.5094017094017094,100.0,100.0,5194,3567,5195,60,2,3908,0.011551790527531768,5.60695262125035E-4,0.7522617901828681,0.4,0.1,0.7000000000000001,0.30000000000000004,85.0,80.0,90.0,0.2,0.5,0.9,0.4,85.0,55.0,45.0,6923,3472,3451,6923,0.49848331648129424,0.4984049515635761,0.5,0.9968099031271522,1805,0.5198732718894009,1.0,1
"iteration_3","SCOPE_DATA_COLLECTION",1200,57,3490.0,3550.0,1,7059,5191,1706,7129,5166,1647,5123,3689,1170,1934,1503,533,0.274054130650418,0.28948382126348227,0.31297709923664124,0.37610173155950466,0.8671736005393141,1.3408094433643907,0.7522034631190093,0.8671736005393141,0.8938729622429271,0.31407378489166504,0.5139604228788289,0.5094017094017094,100.0,100.0,5194,3567,5195,60,2,3908,0.011551790527531768,5.60695262125035E-4,0.7522617901828681,0.4,0.1,0.7000000000000001,0.30000000000000004,85.0,80.0,90.0,0.2,0.5,0.9,0.4,85.0,55.0,45.0,5148,2545,2603,5148,0.5056332556332557,1.0871096453542333,1.0,1.0871096453542333,1782,0.7001964636542239,1.0,1
"iteration_3","SCOPE_DATA_COLLECTION",1200,57,3490.0,3550.0,2,7059,5191,1706,7129,5166,1647,5123,3689,1170,1934,1503,533,0.274054130650418,0.28948382126348227,0.31297709923664124,0.37610173155950466,0.8671736005393141,1.3408094433643907,0.7522034631190093,0.8671736005393141,0.8938729622429271,0.31407378489166504,0.5139604228788289,0.5094017094017094,100.0,100.0,5194,3567,5195,60,2,3908,0.011551790527531768,5.60695262125035E-4,0.7522617901828681,0.4,0.1,0.7000000000000001,0.30000000000000004,85.0,80.0,90.0,0.2,0.5,0.9,0.4,85.0,55.0,45.0,1678,821,857,1678,0.5107270560190703,1.7545929927481723,1.5,1.1697286618321148,598,0.728380024360536,1.0,1
"iteration_3","SCOPE_DATA_COLLECTION",1200,58,3550.0,3619.721126184759,0,6923,5148,1678,7059,5191,1706,3477,2544,830,3451,2603,857,0.49812355658198615,0.505731494074218,0.5080023710729105,0.4982611870412214,1.0841172105362646,1.7654938553131418,0.9965223740824428,1.0841172105362646,1.1769959035420945,0.5202761000862812,0.6985062893081762,0.7325301204819277,100.0,100.0,5081,1710,6958,82,0,6829,0.016138555402479826,0.0,0.9814601897096867,0.2,0.5,0.9,0.4,85.0,55.0,45.0,0.2,0.5,0.9,0.4,85.0,55.0,45.0,5868,2767,3081,5848,0.5268467852257182,0.5069833549070326,0.5,1.0139667098140652,1465,0.5294542826165523,0.9965916837082481,0
"iteration_3","SCOPE_DATA_COLLECTION",1200,58,3550.0,3619.721126184759,1,6923,5148,1678,7059,5191,1706,3477,2544,830,3451,2603,857,0.49812355658198615,0.505731494074218,0.5080023710729105,0.4982611870412214,1.0841172105362646,1.7654938553131418,0.9965223740824428,1.0841172105362646,1.1769959035420945,0.5202761000862812,0.6985062893081762,0.7325301204819277,100.0,100.0,5081,1710,6958,82,0,6829,0.016138555402479826,0.0,0.9814601897096867,0.2,0.5,0.9,0.4,85.0,55.0,45.0,0.2,0.5,0.9,0.4,85.0,55.0,45.0,4392,2028,2326,4354,0.5342214056040423,1.1130605103035762,1.0,1.1130605103035762,1426,0.703155818540434,0.9913479052823315,0
"iteration_3","SCOPE_DATA_COLLECTION",1200,58,3550.0,3619.721126184759,2,6923,5148,1678,7059,5191,1706,3477,2544,830,3451,2603,857,0.49812355658198615,0.505731494074218,0.5080023710729105,0.4982611870412214,1.0841172105362646,1.7654938553131418,0.9965223740824428,1.0841172105362646,1.1769959035420945,0.5202761000862812,0.6985062893081762,0.7325301204819277,100.0,100.0,5081,1710,6958,82,0,6829,0.016138555402479826,0.0,0.9814601897096867,0.2,0.5,0.9,0.4,85.0,55.0,45.0,0.2,0.5,0.9,0.4,85.0,55.0,45.0,1443,659,758,1417,0.5349329569513056,1.7448712217019813,1.5,1.1632474811346543,474,0.7192716236722306,0.9819819819819819,0
"iteration_3","SCOPE_DATA_COLLECTION",1300,0,70.0,130.0,0,7008,5132,1715,0,0,0,6839,4934,1612,135,142,60,0.019357613994837968,0.02797478329393223,0.03588516746411483,0.3315346355482762,0.6405298361310802,1.0166441791486915,0.6630692710965524,0.6405298361310802,0.6777627860991277,0.27840327533265097,0.33765707336846373,0.3411910669975186,100.0,100.0,5045,5269,3541,91,6,240,0.018037661050545096,0.0011387360030366293,0.06777746399322225,0.6,0.5,0.7,0.4,85.0,80.0,90.0,0.45,0.2,0.30000000000000004,0.7000000000000001,80.0,85.0,70.0,7684,6258,1426,7684,0.1855804268610099,0.3529965281773597,0.5,0.7059930563547194,1987,0.3175135826142538,1.0,1
"iteration_3","SCOPE_DATA_COLLECTION",1300,0,70.0,130.0,1,7008,5132,1715,0,0,0,6839,4934,1612,135,142,60,0.019357613994837968,0.02797478329393223,0.03588516746411483,0.3315346355482762,0.6405298361310802,1.0166441791486915,0.6630692710965524,0.6405298361310802,0.6777627860991277,0.27840327533265097,0.33765707336846373,0.3411910669975186,100.0,100.0,5045,5269,3541,91,6,240,0.018037661050545096,0.0011387360030366293,0.06777746399322225,0.6,0.5,0.7,0.4,85.0,80.0,90.0,0.45,0.2,0.30000000000000004,0.7000000000000001,80.0,85.0,70.0,5475,4387,1088,5475,0.19872146118721462,0.7401655804479934,1.0,0.7401655804479934,1806,0.4116708456804194,1.0,1
"iteration_3","SCOPE_DATA_COLLECTION",1300,0,70.0,130.0,2,7008,5132,1715,0,0,0,6839,4934,1612,135,142,60,0.019357613994837968,0.02797478329393223,0.03588516746411483,0.3315346355482762,0.6405298361310802,1.0166441791486915,0.6630692710965524,0.6405298361310802,0.6777627860991277,0.27840327533265097,0.33765707336846373,0.3411910669975186,100.0,100.0,5045,5269,3541,91,6,240,0.018037661050545096,0.0011387360030366293,0.06777746399322225,0.6,0.5,0.7,0.4,85.0,80.0,90.0,0.45,0.2,0.30000000000000004,0.7000000000000001,80.0,85.0,70.0,1916,1453,463,1916,0.24164926931106473,1.195218133377144,1.5,0.7968120889180961,622,0.428079834824501,1.0,1
"iteration_3","SCOPE_DATA_COLLECTION",1300,1,130.0,190.0,0,7684,5475,1916,7008,5132,1715,6259,4393,1461,1429,1092,466,0.18587408949011447,0.19908842297174112,0.2418266735858848,0.3526872847623425,0.7405513929279963,1.2020117308218652,0.705374569524685,0.7405513929279963,0.8013411538812435,0.31778239335357084,0.4131572956977009,0.43121149897330596,100.0,100.0,5136,4469,5470,86,8,2893,0.01674454828660436,0.0017901096442157081,0.5288848263254113,0.45,0.2,0.30000000000000004,0.7000000000000001,80.0,85.0,70.0,0.45,0.2,0.30000000000000004,0.6000000000000001,80.0,75.0,60.0,7680,6253,1427,7680,0.18580729166666668,0.3431111297332643,0.5,0.6862222594665286,1884,0.30129537821845515,1.0,1
"iteration_3","SCOPE_DATA_COLLECTION",1300,1,130.0,190.0,1,7684,5475,1916,7008,5132,1715,6259,4393,1461,1429,1092,466,0.18587408949011447,0.19908842297174112,0.2418266735858848,0.3526872847623425,0.7405513929279963,1.2020117308218652,0.705374569524685,0.7405513929279963,0.8013411538812435,0.31778239335357084,0.4131572956977009,0.43121149897330596,100.0,100.0,5136,4469,5470,86,8,2893,0.01674454828660436,0.0017901096442157081,0.5288848263254113,0.45,0.2,0.30000000000000004,0.7000000000000001,80.0,85.0,70.0,0.45,0.2,0.30000000000000004,0.6000000000000001,80.0,75.0,60.0,5497,4454,1043,5497,0.1897398581044206,0.7367785985898654,1.0,0.7367785985898654,1862,0.4180511899416255,1.0,1
"iteration_3","SCOPE_DATA_COLLECTION",1300,1,130.0,190.0,2,7684,5475,1916,7008,5132,1715,6259,4393,1461,1429,1092,466,0.18587408949011447,0.19908842297174112,0.2418266735858848,0.3526872847623425,0.7405513929279963,1.2020117308218652,0.705374569524685,0.7405513929279963,0.8013411538812435,0.31778239335357084,0.4131572956977009,0.43121149897330596,100.0,100.0,5136,4469,5470,86,8,2893,0.01674454828660436,0.0017901096442157081,0.5288848263254113,0.45,0.2,0.30000000000000004,0.7000000000000001,80.0,85.0,70.0,0.45,0.2,0.30000000000000004,0.6000000000000001,80.0,75.0,60.0,1817,1414,403,1817,0.22179416620803521,1.1776488587776988,1.5,0.7850992391851325,595,0.4207920792079208,1.0,1
"iteration_3","SCOPE_DATA_COLLECTION",1300,2,190.0,250.0,0,7680,5497,1817,7684,5475,1916,6256,4449,1413,1427,1043,402,0.18573473903423143,0.1899126001456664,0.22148760330578512,0.3429747584187959,0.7370429675480523,1.1752485247936852,0.6859495168375918,0.7370429675480523,0.7834990165291235,0.30051150895140666,0.41807147673634526,0.418966737438075,97.5,100.0,5294,4379,5321,84,2,2786,0.015867019267094825,4.5672527974423386E-4,0.5235857921443338,0.45,0.2,0.30000000000000004,0.6000000000000001,80.0,75.0,60.0,0.45,0.1,0.30000000000000004,0.6000000000000001,80.0,65.0,70.0,7500,5637,1863,7500,0.2484,0.41356903927655647,0.5,0.8271380785531129,1967,0.34894447401099876,1.0,1
"iteration_3","SCOPE_DATA_COLLECTION",1300,2,190.0,250.0,1,7680,5497,1817,7684,5475,1916,6256,4449,1413,1427,1043,402,0.18573473903423143,0.1899126001456664,0.22148760330578512,0.3429747584187959,0.7370429675480523,1.1752485247936852,0.6859495168375918,0.7370429675480523,0.7834990165291235,0.30051150895140666,0.41807147673634526,0.418966737438075,97.5,100.0,5294,4379,5321,84,2,2786,0.015867019267094825,4.5672527974423386E-4,0.5235857921443338,0.45,0.2,0.30000000000000004,0.6000000000000001,80.0,75.0,60.0,0.45,0.1,0.30000000000000004,0.6000000000000001,80.0,65.0,70.0,5399,4022,1377,5399,0.2550472309686979,0.8308620874904898,1.0,0.8308620874904898,1948,0.48433615116857287,1.0,1
"iteration_3","SCOPE_DATA_COLLECTION",1300,2,190.0,250.0,2,7680,5497,1817,7684,5475,1916,6256,4449,1413,1427,1043,402,0.18573473903423143,0.1899126001456664,0.22148760330578512,0.3429747584187959,0.7370429675480523,1.1752485247936852,0.6859495168375918,0.7370429675480523,0.7834990165291235,0.30051150895140666,0.41807147673634526,0.418966737438075,97.5,100.0,5294,4379,5321,84,2,2786,0.015867019267094825,4.5672527974423386E-4,0.5235857921443338,0.45,0.2,0.30000000000000004,0.6000000000000001,80.0,75.0,60.0,0.45,0.1,0.30000000000000004,0.6000000000000001,80.0,65.0,70.0,1833,1306,527,1833,0.287506819421713,1.3039923560582523,1.5,0.8693282373721681,629,0.48162327718223585,1.0,1
"iteration_3","SCOPE_DATA_COLLECTION",1300,3,250.0,310.0,0,7500,5399,1833,7680,5497,1817,5634,4022,1318,1863,1377,528,0.24849939975990396,0.2550472309686979,0.28602383531960995,0.4127038691224476,0.8290845641292804,1.3071313175642618,0.8254077382448952,0.8290845641292804,0.8714208783761745,0.34806531771388,0.48234709099950274,0.48330804248861914,100.0,100.0,5276,4182,5274,72,6,3690,0.013646702047005308,0.0014347202295552368,0.6996587030716723,0.45,0.1,0.30000000000000004,0.6000000000000001,80.0,65.0,70.0,0.5,0.1,0.1,0.2,90.0,45.0,40.0,7527,6204,1323,7527,0.17576723794340374,0.3815302843509955,0.5,0.763060568701991,1955,0.3151192778852353,1.0,1
"iteration_3","SCOPE_DATA_COLLECTION",1300,3,250.0,310.0,1,7500,5399,1833,7680,5497,1817,5634,4022,1318,1863,1377,528,0.24849939975990396,0.2550472309686979,0.28602383531960995,0.4127038691224476,0.8290845641292804,1.3071313175642618,0.8254077382448952,0.8290845641292804,0.8714208783761745,0.34806531771388,0.48234709099950274,0.48330804248861914,100.0,100.0,5276,4182,5274,72,6,3690,0.013646702047005308,0.0014347202295552368,0.6996587030716723,0.45,0.1,0.30000000000000004,0.6000000000000001,80.0,65.0,70.0,0.5,0.1,0.1,0.2,90.0,45.0,40.0,5446,4482,964,5446,0.1770106500183621,0.7522872769657557,1.0,0.7522872769657557,1886,0.42079428826416776,1.0,1
"iteration_3","SCOPE_DATA_COLLECTION",1300,3,250.0,310.0,2,7500,5399,1833,7680,5497,1817,5634,4022,1318,1863,1377,528,0.24849939975990396,0.2550472309686979,0.28602383531960995,0.4127038691224476,0.8290845641292804,1.3071313175642618,0.8254077382448952,0.8290845641292804,0.8714208783761745,0.34806531771388,0.48234709099950274,0.48330804248861914,100.0,100.0,5276,4182,5274,72,6,3690,0.013646702047005308,0.0014347202295552368,0.6996587030716723,0.45,0.1,0.30000000000000004,0.6000000000000001,80.0,65.0,70.0,0.5,0.1,0.1,0.2,90.0,45.0,40.0,1830,1453,377,1830,0.20601092896174864,1.256706703975631,1.5,0.8378044693170873,673,0.4631796283551273,1.0,1
"iteration_3","SCOPE_DATA_COLLECTION",1300,4,310.0,370.0,0,7527,5446,1830,7500,5399,1833,6197,4493,1442,1305,949,365,0.17395361237003465,0.17438441749356853,0.20199225235196458,0.3817796196937652,0.7536835146986016,1.2522201825065364,0.7635592393875305,0.7536835146986016,0.8348134550043577,0.3161207035662417,0.4215446249721789,0.46116504854368934,100.0,100.0,5208,4793,4802,42,3,2574,0.008064516129032258,6.259127894846651E-4,0.5360266555601833,0.5,0.1,0.1,0.2,90.0,45.0,40.0,0.55,0.5,0.6000000000000001,0.7000000000000001,80.0,40.0,55.0,7662,6792,870,7662,0.11354737666405638,0.36324106399716216,0.5,0.7264821279943243,2201,0.32405771495877506,1.0,1
"iteration_3","SCOPE_DATA_COLLECTION",1300,4,310.0,370.0,1,7527,5446,1830,7500,5399,1833,6197,4493,1442,1305,949,365,0.17395361237003465,0.17438441749356853,0.20199225235196458,0.3817796196937652,0.7536835146986016,1.2522201825065364,0.7635592393875305,0.7536835146986016,0.8348134550043577,0.3161207035662417,0.4215446249721789,0.46116504854368934,100.0,100.0,5208,4793,4802,42,3,2574,0.008064516129032258,6.259127894846651E-4,0.5360266555601833,0.5,0.1,0.1,0.2,90.0,45.0,40.0,0.55,0.5,0.6000000000000001,0.7000000000000001,80.0,40.0,55.0,5469,4756,713,5469,0.13037118303163284,0.7231662430580273,1.0,0.7231662430580273,1826,0.38393608074011776,1.0,1
"iteration_3","SCOPE_DATA_COLLECTION",1300,4,310.0,370.0,2,7527,5446,1830,7500,5399,1833,6197,4493,1442,1305,949,365,0.17395361237003465,0.17438441749356853,0.20199225235196458,0.3817796196937652,0.7536835146986016,1.2522201825065364,0.7635592393875305,0.7536835146986016,0.8348134550043577,0.3161207035662417,0.4215446249721789,0.46116504854368934,100.0,100.0,5208,4793,4802,42,3,2574,0.008064516129032258,6.259127894846651E-4,0.5360266555601833,0.5,0.1,0.1,0.2,90.0,45.0,40.0,0.55,0.5,0.6000000000000001,0.7000000000000001,80.0,40.0,55.0,1798,1544,254,1798,0.14126807563959956,1.1119811982337116,1.5,0.7413207988224744,582,0.37694300518134716,1.0,1
"iteration_3","SCOPE_DATA_COLLECTION",1300,5,370.0,430.0,0,7662,5469,1798,7527,5446,1830,6793,4748,1545,888,727,266,0.11560994662153365,0.13278538812785387,0.14688017669795694,0.36281254585683037,0.721079648120328,1.116984321791551,0.7256250917136607,0.721079648120328,0.7446562145277006,0.32253790666862947,0.38374052232518957,0.38058252427184464,97.5,100.0,5225,5297,4407,92,2,1787,0.017607655502392343,3.7757221068529355E-4,0.40549126389834356,0.55,0.5,0.6000000000000001,0.7000000000000001,80.0,40.0,55.0,0.55,0.5,0.6000000000000001,0.7000000000000001,80.0,40.0,55.0,7479,6703,776,7479,0.10375718678967777,0.36507137532816514,0.5,0.7301427506563303,2159,0.32209458451439654,1.0,1
"iteration_3","SCOPE_DATA_COLLECTION",1300,5,370.0,430.0,1,7662,5469,1798,7527,5446,1830,6793,4748,1545,888,727,266,0.11560994662153365,0.13278538812785387,0.14688017669795694,0.36281254585683037,0.721079648120328,1.116984321791551,0.7256250917136607,0.721079648120328,0.7446562145277006,0.32253790666862947,0.38374052232518957,0.38058252427184464,97.5,100.0,5225,5297,4407,92,2,1787,0.017607655502392343,3.7757221068529355E-4,0.40549126389834356,0.55,0.5,0.6000000000000001,0.7000000000000001,80.0,40.0,55.0,0.55,0.5,0.6000000000000001,0.7000000000000001,80.0,40.0,55.0,5440,4880,560,5440,0.10294117647058823,0.7199991522821189,1.0,0.7199991522821189,1814,0.3717213114754098,1.0,1
"iteration_3","SCOPE_DATA_COLLECTION",1300,5,370.0,430.0,2,7662,5469,1798,7527,5446,1830,6793,4748,1545,888,727,266,0.11560994662153365,0.13278538812785387,0.14688017669795694,0.36281254585683037,0.721079648120328,1.116984321791551,0.7256250917136607,0.721079648120328,0.7446562145277006,0.32253790666862947,0.38374052232518957,0.38058252427184464,97.5,100.0,5225,5297,4407,92,2,1787,0.017607655502392343,3.7757221068529355E-4,0.40549126389834356,0.55,0.5,0.6000000000000001,0.7000000000000001,80.0,40.0,55.0,0.55,0.5,0.6000000000000001,0.7000000000000001,80.0,40.0,55.0,1820,1583,237,1820,0.13021978021978023,1.155788121700394,1.5,0.7705254144669293,616,0.3891345546430828,1.0,1
"iteration_3","SCOPE_DATA_COLLECTION",1300,6,430.0,490.0,0,7479,5440,1820,7662,5469,1798,6702,4872,1579,776,561,237,0.10377106178122493,0.10325786858089453,0.1305066079295154,0.3603518507521999,0.7170423935056244,1.1466805586230788,0.7207037015043998,0.7170423935056244,0.7644537057487192,0.3225902715607281,0.3713054187192118,0.3850538315389487,100.0,100.0,5146,5196,4397,82,3,1489,0.015934706568208317,5.773672055427252E-4,0.33863998180577665,0.55,0.5,0.6000000000000001,0.7000000000000001,80.0,40.0,55.0,0.45,0.5,0.6000000000000001,0.7000000000000001,90.0,30.0,65.0,7622,5608,2014,7622,0.26423510889530305,0.44284548786435657,0.5,0.8856909757287131,2175,0.3878388017118402,1.0,1
"iteration_3","SCOPE_DATA_COLLECTION",1300,6,430.0,490.0,1,7479,5440,1820,7662,5469,1798,6702,4872,1579,776,561,237,0.10377106178122493,0.10325786858089453,0.1305066079295154,0.3603518507521999,0.7170423935056244,1.1466805586230788,0.7207037015043998,0.7170423935056244,0.7644537057487192,0.3225902715607281,0.3713054187192118,0.3850538315389487,100.0,100.0,5146,5196,4397,82,3,1489,0.015934706568208317,5.773672055427252E-4,0.33863998180577665,0.55,0.5,0.6000000000000001,0.7000000000000001,80.0,40.0,55.0,0.45,0.5,0.6000000000000001,0.7000000000000001,90.0,30.0,65.0,5461,3955,1506,5461,0.27577366782640544,0.8504838528459301,1.0,0.8504838528459301,1880,0.47534766118836913,1.0,1
"iteration_3","SCOPE_DATA_COLLECTION",1300,6,430.0,490.0,2,7479,5440,1820,7662,5469,1798,6702,4872,1579,776,561,237,0.10377106178122493,0.10325786858089453,0.1305066079295154,0.3603518507521999,0.7170423935056244,1.1466805586230788,0.7207037015043998,0.7170423935056244,0.7644537057487192,0.3225902715607281,0.3713054187192118,0.3850538315389487,100.0,100.0,5146,5196,4397,82,3,1489,0.015934706568208317,5.773672055427252E-4,0.33863998180577665,0.55,0.5,0.6000000000000001,0.7000000000000001,80.0,40.0,55.0,0.45,0.5,0.6000000000000001,0.7000000000000001,90.0,30.0,65.0,1854,1281,573,1854,0.30906148867313915,1.3190940413357601,1.5,0.8793960275571734,605,0.4722872755659641,1.0,1
"iteration_3","SCOPE_DATA_COLLECTION",1300,7,490.0,550.0,0,7622,5461,1854,7479,5440,1820,5606,3963,1289,2014,1506,573,0.2643044619422572,0.27537026878771254,0.30773361976369495,0.4490617875793751,0.8536765927924037,1.3231081133524183,0.8981235751587502,0.8536765927924037,0.8820720755682788,0.3876204067070995,0.47438808983093617,0.474010861132661,97.5,100.0,5322,4359,5256,119,4,3970,0.02236001503194288,9.176416609314062E-4,0.7553272450532724,0.45,0.5,0.6000000000000001,0.7000000000000001,90.0,30.0,65.0,0.45,0.5,0.5,0.7000000000000001,95.0,30.0,65.0,7654,5507,2147,7654,0.28050692448393,0.42806702841772815,0.5,0.8561340568354563,2051,0.37243508262211733,1.0,1
"iteration_3","SCOPE_DATA_COLLECTION",1300,7,490.0,550.0,1,7622,5461,1854,7479,5440,1820,5606,3963,1289,2014,1506,573,0.2643044619422572,0.27537026878771254,0.30773361976369495,0.4490617875793751,0.8536765927924037,1.3231081133524183,0.8981235751587502,0.8536765927924037,0.8820720755682788,0.3876204067070995,0.47438808983093617,0.474010861132661,97.5,100.0,5322,4359,5256,119,4,3970,0.02236001503194288,9.176416609314062E-4,0.7553272450532724,0.45,0.5,0.6000000000000001,0.7000000000000001,90.0,30.0,65.0,0.45,0.5,0.5,0.7000000000000001,95.0,30.0,65.0,5521,3922,1599,5521,0.28962144539032786,0.8410062006351662,1.0,0.8410062006351662,1877,0.4785823559408465,1.0,1
"iteration_3","SCOPE_DATA_COLLECTION",1300,7,490.0,550.0,2,7622,5461,1854,7479,5440,1820,5606,3963,1289,2014,1506,573,0.2643044619422572,0.27537026878771254,0.30773361976369495,0.4490617875793751,0.8536765927924037,1.3231081133524183,0.8981235751587502,0.8536765927924037,0.8820720755682788,0.3876204067070995,0.47438808983093617,0.474010861132661,97.5,100.0,5322,4359,5256,119,4,3970,0.02236001503194288,9.176416609314062E-4,0.7553272450532724,0.45,0.5,0.6000000000000001,0.7000000000000001,90.0,30.0,65.0,0.45,0.5,0.5,0.7000000000000001,95.0,30.0,65.0,1800,1213,587,1800,0.32611111111111113,1.3331044632285638,1.5,0.8887363088190425,592,0.4880461665292663,1.0,1
"iteration_3","SCOPE_DATA_COLLECTION",1300,8,550.0,610.0,0,7654,5521,1800,7622,5461,1854,5499,3909,1215,2135,1592,581,0.27966989782551743,0.28940192692237776,0.3234966592427617,0.415487876515852,0.8412278547882882,1.340936648204966,0.830975753031704,0.8412278547882882,0.8939577654699774,0.37224949990907436,0.4799181376311077,0.49135802469135803,100.0,100.0,5222,4324,5429,112,5,4191,0.021447721179624665,0.001156336725254394,0.7719653711549088,0.45,0.5,0.5,0.7000000000000001,95.0,30.0,65.0,0.45,0.5,0.5,0.7000000000000001,95.0,30.0,65.0,7464,5587,1877,7464,0.25147374062165057,0.4036952801212956,0.5,0.8073905602425911,2061,0.36889207087882586,1.0,1
"iteration_3","SCOPE_DATA_COLLECTION",1300,8,550.0,610.0,1,7654,5521,1800,7622,5461,1854,5499,3909,1215,2135,1592,581,0.27966989782551743,0.28940192692237776,0.3234966592427617,0.415487876515852,0.8412278547882882,1.340936648204966,0.830975753031704,0.8412278547882882,0.8939577654699774,0.37224949990907436,0.4799181376311077,0.49135802469135803,100.0,100.0,5222,4324,5429,112,5,4191,0.021447721179624665,0.001156336725254394,0.7719653711549088,0.45,0.5,0.5,0.7000000000000001,95.0,30.0,65.0,0.45,0.5,0.5,0.7000000000000001,95.0,30.0,65.0,5487,4014,1473,5487,0.2684527063969382,0.8050311245171139,1.0,0.8050311245171139,1865,0.46462381664175384,1.0,1
"iteration_3","SCOPE_DATA_COLLECTION",1300,8,550.0,610.0,2,7654,5521,1800,7622,5461,1854,5499,3909,1215,2135,1592,581,0.27966989782551743,0.28940192692237776,0.3234966592427617,0.415487876515852,0.8412278547882882,1.340936648204966,0.830975753031704,0.8412278547882882,0.8939577654699774,0.37224949990907436,0.4799181376311077,0.49135802469135803,100.0,100.0,5222,4324,5429,112,5,4191,0.021447721179624665,0.001156336725254394,0.7719653711549088,0.45,0.5,0.5,0.7000000000000001,95.0,30.0,65.0,0.45,0.5,0.5,0.7000000000000001,95.0,30.0,65.0,1830,1315,515,1830,0.2814207650273224,1.2932333758887318,1.5,0.8621555839258211,606,0.46083650190114067,1.0,1
"iteration_3","SCOPE_DATA_COLLECTION",1300,9,610.0,670.0,0,7464,5487,1830,7654,5521,1800,5608,4018,1316,1889,1480,521,0.2519674536481259,0.2691887959257912,0.28361458900381054,0.415581855868004,0.8034939778757726,1.2906312251517837,0.831163711736008,0.8034939778757726,0.8604208167678559,0.36893723252496435,0.46366351418616225,0.45972644376899696,100.0,100.0,5103,4397,5281,101,3,3786,0.01979227905153831,6.822833750284285E-4,0.7169096761976899,0.45,0.5,0.5,0.7000000000000001,95.0,30.0,65.0,0.75,0.5,0.30000000000000004,0.5,70.0,75.0,45.0,7549,7525,24,7549,0.0031792290369585374,0.2947905683734772,0.5,0.5895811367469544,1852,0.24611295681063122,1.0,1
"iteration_3","SCOPE_DATA_COLLECTION",1300,9,610.0,670.0,1,7464,5487,1830,7654,5521,1800,5608,4018,1316,1889,1480,521,0.2519674536481259,0.2691887959257912,0.28361458900381054,0.415581855868004,0.8034939778757726,1.2906312251517837,0.831163711736008,0.8034939778757726,0.8604208167678559,0.36893723252496435,0.46366351418616225,0.45972644376899696,100.0,100.0,5103,4397,5281,101,3,3786,0.01979227905153831,6.822833750284285E-4,0.7169096761976899,0.45,0.5,0.5,0.7000000000000001,95.0,30.0,65.0,0.75,0.5,0.30000000000000004,0.5,70.0,75.0,45.0,5512,5478,34,5512,0.006168359941944848,0.6025454702277668,1.0,0.6025454702277668,1795,0.3276743336984301,1.0,1
"iteration_3","SCOPE_DATA_COLLECTION",1300,9,610.0,670.0,2,7464,5487,1830,7654,5521,1800,5608,4018,1316,1889,1480,521,0.2519674536481259,0.2691887959257912,0.28361458900381054,0.415581855868004,0.8034939778757726,1.2906312251517837,0.831163711736008,0.8034939778757726,0.8604208167678559,0.36893723252496435,0.46366351418616225,0.45972644376899696,100.0,100.0,5103,4397,5281,101,3,3786,0.01979227905153831,6.822833750284285E-4,0.7169096761976899,0.45,0.5,0.5,0.7000000000000001,95.0,30.0,65.0,0.75,0.5,0.30000000000000004,0.5,70.0,75.0,45.0,1811,1771,40,1811,0.022087244616234125,0.9965034296193991,1.5,0.6643356197462661,585,0.33032185206098247,1.0,1
"iteration_3","SCOPE_DATA_COLLECTION",1300,10,670.0,730.0,0,7549,5512,1811,7464,5487,1830,7507,5489,1759,24,34,40,0.0031868277785154693,0.006156074597139236,0.022234574763757644,0.2942132264272984,0.6075657434300893,0.985888197849898,0.5884264528545968,0.6075657434300893,0.6572587985665986,0.24577061409351272,0.3304791400983786,0.32575326890278566,100.0,100.0,5129,7291,2452,72,9,17,0.014037824137258724,0.0012343985735838706,0.006933115823817292,0.75,0.5,0.30000000000000004,0.5,70.0,75.0,45.0,0.65,0.1,0.30000000000000004,0.5,85.0,95.0,35.0,7615,7563,52,7615,0.006828627708470125,0.2799548419488901,0.5,0.5599096838977802,1661,0.21962184318392172,1.0,1
"iteration_3","SCOPE_DATA_COLLECTION",1300,10,670.0,730.0,1,7549,5512,1811,7464,5487,1830,7507,5489,1759,24,34,40,0.0031868277785154693,0.006156074597139236,0.022234574763757644,0.2942132264272984,0.6075657434300893,0.985888197849898,0.5884264528545968,0.6075657434300893,0.6572587985665986,0.24577061409351272,0.3304791400983786,0.32575326890278566,100.0,100.0,5129,7291,2452,72,9,17,0.014037824137258724,0.0012343985735838706,0.006933115823817292,0.75,0.5,0.30000000000000004,0.5,70.0,75.0,45.0,0.65,0.1,0.30000000000000004,0.5,85.0,95.0,35.0,5464,5402,62,5464,0.011346998535871157,0.6187231558694827,1.0,0.6187231558694827,1769,0.32747130692336174,1.0,1
"iteration_3","SCOPE_DATA_COLLECTION",1300,10,670.0,730.0,2,7549,5512,1811,7464,5487,1830,7507,5489,1759,24,34,40,0.0031868277785154693,0.006156074597139236,0.022234574763757644,0.2942132264272984,0.6075657434300893,0.985888197849898,0.5884264528545968,0.6075657434300893,0.6572587985665986,0.24577061409351272,0.3304791400983786,0.32575326890278566,100.0,100.0,5129,7291,2452,72,9,17,0.014037824137258724,0.0012343985735838706,0.006933115823817292,0.75,0.5,0.30000000000000004,0.5,70.0,75.0,45.0,0.65,0.1,0.30000000000000004,0.5,85.0,95.0,35.0,1848,1797,51,1848,0.027597402597402596,1.0304076881371307,1.5,0.6869384587580871,634,0.3528102392877017,1.0,1
"iteration_3","SCOPE_DATA_COLLECTION",1300,11,730.0,790.0,0,7615,5464,1848,7549,5512,1811,7564,5398,1796,52,62,51,0.006827731092436975,0.011355311355311355,0.027612344342176503,0.2811586129818453,0.6187066047958713,1.0389021656302986,0.5623172259636906,0.6187066047958713,0.6926014437535324,0.22117927022739292,0.32752871433864394,0.35523385300668153,100.0,100.0,5217,6338,3372,60,6,99,0.011500862564692352,9.466708740927738E-4,0.029359430604982206,0.65,0.1,0.30000000000000004,0.5,85.0,95.0,35.0,0.65,0.1,0.4,0.5,75.0,85.0,25.0,7569,7533,36,7569,0.0047562425683709865,0.283459075124687,0.5,0.566918150249374,1713,0.2273994424532059,1.0,1
"iteration_3","SCOPE_DATA_COLLECTION",1300,11,730.0,790.0,1,7615,5464,1848,7549,5512,1811,7564,5398,1796,52,62,51,0.006827731092436975,0.011355311355311355,0.027612344342176503,0.2811586129818453,0.6187066047958713,1.0389021656302986,0.5623172259636906,0.6187066047958713,0.6926014437535324,0.22117927022739292,0.32752871433864394,0.35523385300668153,100.0,100.0,5217,6338,3372,60,6,99,0.011500862564692352,9.466708740927738E-4,0.029359430604982206,0.65,0.1,0.30000000000000004,0.5,85.0,95.0,35.0,0.65,0.1,0.4,0.5,75.0,85.0,25.0,5429,5376,53,5429,0.009762387179959477,0.6413896985407094,1.0,0.6413896985407094,1848,0.34375,1.0,1
"iteration_3","SCOPE_DATA_COLLECTION",1300,11,730.0,790.0,2,7615,5464,1848,7549,5512,1811,7564,5398,1796,52,62,51,0.006827731092436975,0.011355311355311355,0.027612344342176503,0.2811586129818453,0.6187066047958713,1.0389021656302986,0.5623172259636906,0.6187066047958713,0.6926014437535324,0.22117927022739292,0.32752871433864394,0.35523385300668153,100.0,100.0,5217,6338,3372,60,6,99,0.011500862564692352,9.466708740927738E-4,0.029359430604982206,0.65,0.1,0.30000000000000004,0.5,85.0,95.0,35.0,0.65,0.1,0.4,0.5,75.0,85.0,25.0,1821,1776,45,1821,0.02471169686985173,1.0303338380744904,1.5,0.6868892253829936,620,0.3490990990990991,1.0,1
"iteration_3","SCOPE_DATA_COLLECTION",1300,12,790.0,850.0,0,7569,5429,1821,7615,5464,1848,7541,5374,1792,36,53,45,0.0047512207997888346,0.009765984890363,0.024496461622210124,0.28319765108636363,0.6393459588114292,1.0382142876897815,0.5663953021727273,0.6393459588114292,0.6921428584598543,0.22689298501524996,0.3414588760699665,0.35323660714285715,100.0,100.0,5333,6156,3330,82,4,48,0.015375960997562348,6.49772579597141E-4,0.014414414414414415,0.65,0.1,0.4,0.5,75.0,85.0,25.0,0.65,0.2,0.30000000000000004,0.5,75.0,85.0,20.0,7580,7507,73,7580,0.00963060686015831,0.2945345007285416,0.5,0.5890690014570832,1833,0.24417210603436793,1.0,1
"iteration_3","SCOPE_DATA_COLLECTION",1300,12,790.0,850.0,1,7569,5429,1821,7615,5464,1848,7541,5374,1792,36,53,45,0.0047512207997888346,0.009765984890363,0.024496461622210124,0.28319765108636363,0.6393459588114292,1.0382142876897815,0.5663953021727273,0.6393459588114292,0.6921428584598543,0.22689298501524996,0.3414588760699665,0.35323660714285715,100.0,100.0,5333,6156,3330,82,4,48,0.015375960997562348,6.49772579597141E-4,0.014414414414414415,0.65,0.1,0.4,0.5,75.0,85.0,25.0,0.65,0.2,0.30000000000000004,0.5,75.0,85.0,20.0,5521,5448,73,5521,0.013222242347400832,0.6112640536461735,1.0,0.6112640536461735,1784,0.3274596182085169,1.0,1
"iteration_3","SCOPE_DATA_COLLECTION",1300,12,790.0,850.0,2,7569,5429,1821,7615,5464,1848,7541,5374,1792,36,53,45,0.0047512207997888346,0.009765984890363,0.024496461622210124,0.28319765108636363,0.6393459588114292,1.0382142876897815,0.5663953021727273,0.6393459588114292,0.6921428584598543,0.22689298501524996,0.3414588760699665,0.35323660714285715,100.0,100.0,5333,6156,3330,82,4,48,0.015375960997562348,6.49772579597141E-4,0.014414414414414415,0.65,0.1,0.4,0.5,75.0,85.0,25.0,0.65,0.2,0.30000000000000004,0.5,75.0,85.0,20.0,1854,1798,56,1854,0.030204962243797196,1.0176234476445054,1.5,0.6784156317630036,618,0.3437152391546162,1.0,1
"iteration_3","SCOPE_DATA_COLLECTION",1300,13,850.0,910.0,0,7580,5521,1854,7569,5429,1821,7511,5443,1785,73,73,56,0.009625527426160338,0.013234227701232778,0.030418250950570342,0.2944566737752613,0.6110291827768957,1.0083671604865978,0.5889133475505226,0.6110291827768957,0.6722447736577318,0.24390893356410598,0.32776042623553187,0.33949579831932775,100.0,100.0,5205,6315,3435,74,4,124,0.014217098943323727,6.334125098970705E-4,0.03609898107714701,0.65,0.2,0.30000000000000004,0.5,75.0,85.0,20.0,0.65,0.1,0.2,0.5,75.0,75.0,20.0,7736,7672,64,7736,0.008273009307135471,0.29446515517156935,0.5,0.5889303103431387,1795,0.23396767466110532,1.0,1
"iteration_3","SCOPE_DATA_COLLECTION",1300,13,850.0,910.0,1,7580,5521,1854,7569,5429,1821,7511,5443,1785,73,73,56,0.009625527426160338,0.013234227701232778,0.030418250950570342,0.2944566737752613,0.6110291827768957,1.0083671604865978,0.5889133475505226,0.6110291827768957,0.6722447736577318,0.24390893356410598,0.32776042623553187,0.33949579831932775,100.0,100.0,5205,6315,3435,74,4,124,0.014217098943323727,6.334125098970705E-4,0.03609898107714701,0.65,0.2,0.30000000000000004,0.5,75.0,85.0,20.0,0.65,0.1,0.2,0.5,75.0,75.0,20.0,5408,5361,47,5408,0.008690828402366863,0.6313827738490382,1.0,0.6313827738490382,1829,0.3411676925946652,1.0,1
"iteration_3","SCOPE_DATA_COLLECTION",1300,13,850.0,910.0,2,7580,5521,1854,7569,5429,1821,7511,5443,1785,73,73,56,0.009625527426160338,0.013234227701232778,0.030418250950570342,0.2944566737752613,0.6110291827768957,1.0083671604865978,0.5889133475505226,0.6110291827768957,0.6722447736577318,0.24390893356410598,0.32776042623553187,0.33949579831932775,100.0,100.0,5205,6315,3435,74,4,124,0.014217098943323727,6.334125098970705E-4,0.03609898107714701,0.65,0.2,0.30000000000000004,0.5,75.0,85.0,20.0,0.65,0.1,0.2,0.5,75.0,75.0,20.0,1827,1795,32,1827,0.01751505199781062,0.997407573474755,1.5,0.6649383823165033,611,0.3403899721448468,1.0,1
"iteration_3","SCOPE_DATA_COLLECTION",1300,14,910.0,970.0,0,7736,5408,1827,7580,5521,1854,7658,5358,1807,64,47,32,0.008288008288008289,0.008695652173913044,0.017400761283306143,0.29470907463998613,0.6306396488346316,1.0001301631648247,0.5894181492799723,0.6306396488346316,0.6667534421098832,0.23426482110211544,0.34061216871967154,0.3420033204205866,95.0,100.0,5273,6363,3335,43,5,95,0.00815475061634743,7.857928650007858E-4,0.02848575712143928,0.65,0.1,0.2,0.5,75.0,75.0,20.0,0.65,0.1,0.2,0.5,75.0,75.0,20.0,7642,7579,63,7642,0.0082439152054436,0.2981759518124383,0.5,0.5963519036248766,1754,0.2314289484100805,1.0,1
"iteration_3","SCOPE_DATA_COLLECTION",1300,14,910.0,970.0,1,7736,5408,1827,7580,5521,1854,7658,5358,1807,64,47,32,0.008288008288008289,0.008695652173913044,0.017400761283306143,0.29470907463998613,0.6306396488346316,1.0001301631648247,0.5894181492799723,0.6306396488346316,0.6667534421098832,0.23426482110211544,0.34061216871967154,0.3420033204205866,95.0,100.0,5273,6363,3335,43,5,95,0.00815475061634743,7.857928650007858E-4,0.02848575712143928,0.65,0.1,0.2,0.5,75.0,75.0,20.0,0.65,0.1,0.2,0.5,75.0,75.0,20.0,5531,5451,80,5531,0.014463930573133249,0.6317591681375644,1.0,0.6317591681375644,1870,0.34305631994129515,1.0,1
"iteration_3","SCOPE_DATA_COLLECTION",1300,14,910.0,970.0,2,7736,5408,1827,7580,5521,1854,7658,5358,1807,64,47,32,0.008288008288008289,0.008695652173913044,0.017400761283306143,0.29470907463998613,0.6306396488346316,1.0001301631648247,0.5894181492799723,0.6306396488346316,0.6667534421098832,0.23426482110211544,0.34061216871967154,0.3420033204205866,95.0,100.0,5273,6363,3335,43,5,95,0.00815475061634743,7.857928650007858E-4,0.02848575712143928,0.65,0.1,0.2,0.5,75.0,75.0,20.0,0.65,0.1,0.2,0.5,75.0,75.0,20.0,1747,1711,36,1747,0.0206067544361763,1.021978382896013,1.5,0.6813189219306753,605,0.35359438924605496,1.0,1
"iteration_3","SCOPE_DATA_COLLECTION",1300,15,970.0,1030.0,0,7642,5531,1747,7736,5408,1827,7594,5460,1704,63,80,36,0.008227765443385137,0.01444043321299639,0.020689655172413793,0.29890051850329,0.6334893000307219,1.025202703350674,0.59780103700658,0.6334893000307219,0.6834684689004494,0.23268369765604424,0.3445054945054945,0.3538732394366197,100.0,100.0,5279,6298,3343,60,9,110,0.011365788975184693,0.0014290250873293109,0.03290457672749028,0.65,0.1,0.2,0.5,75.0,75.0,20.0,0.65,0.1,0.2,0.6000000000000001,75.0,85.0,30.0,7456,7403,53,7456,0.007108369098712446,0.2848714596006775,0.5,0.569742919201355,1706,0.23044711603404025,1.0,1
"iteration_3","SCOPE_DATA_COLLECTION",1300,15,970.0,1030.0,1,7642,5531,1747,7736,5408,1827,7594,5460,1704,63,80,36,0.008227765443385137,0.01444043321299639,0.020689655172413793,0.29890051850329,0.6334893000307219,1.025202703350674,0.59780103700658,0.6334893000307219,0.6834684689004494,0.23268369765604424,0.3445054945054945,0.3538732394366197,100.0,100.0,5279,6298,3343,60,9,110,0.011365788975184693,0.0014290250873293109,0.03290457672749028,0.65,0.1,0.2,0.5,75.0,75.0,20.0,0.65,0.1,0.2,0.6000000000000001,75.0,85.0,30.0,5346,5278,68,5346,0.012719790497568275,0.629649761976377,1.0,0.629649761976377,1854,0.35126942023493746,1.0,1
"iteration_3","SCOPE_DATA_COLLECTION",1300,15,970.0,1030.0,2,7642,5531,1747,7736,5408,1827,7594,5460,1704,63,80,36,0.008227765443385137,0.01444043321299639,0.020689655172413793,0.29890051850329,0.6334893000307219,1.025202703350674,0.59780103700658,0.6334893000307219,0.6834684689004494,0.23268369765604424,0.3445054945054945,0.3538732394366197,100.0,100.0,5279,6298,3343,60,9,110,0.011365788975184693,0.0014290250873293109,0.03290457672749028,0.65,0.1,0.2,0.5,75.0,75.0,20.0,0.65,0.1,0.2,0.6000000000000001,75.0,85.0,30.0,1825,1781,44,1825,0.02410958904109589,0.9971916703308918,1.5,0.6647944468872612,607,0.34081976417742843,1.0,1
"iteration_3","SCOPE_DATA_COLLECTION",1300,16,1030.0,1090.0,0,7456,5346,1825,7642,5531,1747,7390,5262,1777,53,68,44,0.007120784629853554,0.01275797373358349,0.02416254805052169,0.2846985443271054,0.6277728597767153,0.9961146713201934,0.5693970886542108,0.6277728597767153,0.6640764475467956,0.23004059539918809,0.3498669707335614,0.3410241980866629,100.0,100.0,5271,6072,3284,58,8,99,0.011003604629102636,0.0013175230566534915,0.030146163215590743,0.65,0.1,0.2,0.6000000000000001,75.0,85.0,30.0,0.35000000000000003,0.5,0.1,0.30000000000000004,50.0,60.0,60.0,7836,4462,3374,7836,0.43057682491066873,0.4335159266195841,0.5,0.8670318532391682,1986,0.44509188704616764,1.0,1
"iteration_3","SCOPE_DATA_COLLECTION",1300,16,1030.0,1090.0,1,7456,5346,1825,7642,5531,1747,7390,5262,1777,53,68,44,0.007120784629853554,0.01275797373358349,0.02416254805052169,0.2846985443271054,0.6277728597767153,0.9961146713201934,0.5693970886542108,0.6277728597767153,0.6640764475467956,0.23004059539918809,0.3498669707335614,0.3410241980866629,100.0,100.0,5271,6072,3284,58,8,99,0.011003604629102636,0.0013175230566534915,0.030146163215590743,0.65,0.1,0.2,0.6000000000000001,75.0,85.0,30.0,0.35000000000000003,0.5,0.1,0.30000000000000004,50.0,60.0,60.0,5474,3088,2386,5474,0.4358786993058093,0.8410687377773053,1.0,0.8410687377773053,1724,0.5582901554404145,1.0,1
"iteration_3","SCOPE_DATA_COLLECTION",1300,16,1030.0,1090.0,2,7456,5346,1825,7642,5531,1747,7390,5262,1777,53,68,44,0.007120784629853554,0.01275797373358349,0.02416254805052169,0.2846985443271054,0.6277728597767153,0.9961146713201934,0.5693970886542108,0.6277728597767153,0.6640764475467956,0.23004059539918809,0.3498669707335614,0.3410241980866629,100.0,100.0,5271,6072,3284,58,8,99,0.011003604629102636,0.0013175230566534915,0.030146163215590743,0.65,0.1,0.2,0.6000000000000001,75.0,85.0,30.0,0.35000000000000003,0.5,0.1,0.30000000000000004,50.0,60.0,60.0,1837,1020,817,1837,0.4447468698965705,1.4267728946650056,1.5,0.9511819297766704,583,0.5715686274509804,1.0,1
"iteration_3","SCOPE_DATA_COLLECTION",1300,17,1090.0,1150.0,0,7836,5474,1837,7456,5346,1825,4466,3113,1018,3374,2386,817,0.4303571428571429,0.43389707219494456,0.4452316076294278,0.429532645096048,0.8427042447479179,1.4092332359478,0.859065290192096,0.8427042447479179,0.9394888239652,0.43976712942230184,0.5592675875361388,0.5638506876227898,100.0,100.0,5102,3434,6611,27,1,6549,0.005292042336338691,2.9120559114735004E-4,0.9906216911208592,0.35000000000000003,0.5,0.1,0.30000000000000004,50.0,60.0,60.0,0.35000000000000003,0.5,0.1,0.30000000000000004,50.0,60.0,60.0,7580,4513,3067,7580,0.4046174142480211,0.43687624438909306,0.5,0.8737524887781861,2051,0.4544648792377576,1.0,1
"iteration_3","SCOPE_DATA_COLLECTION",1300,17,1090.0,1150.0,1,7836,5474,1837,7456,5346,1825,4466,3113,1018,3374,2386,817,0.4303571428571429,0.43389707219494456,0.4452316076294278,0.429532645096048,0.8427042447479179,1.4092332359478,0.859065290192096,0.8427042447479179,0.9394888239652,0.43976712942230184,0.5592675875361388,0.5638506876227898,100.0,100.0,5102,3434,6611,27,1,6549,0.005292042336338691,2.9120559114735004E-4,0.9906216911208592,0.35000000000000003,0.5,0.1,0.30000000000000004,50.0,60.0,60.0,0.35000000000000003,0.5,0.1,0.30000000000000004,50.0,60.0,60.0,5448,3176,2272,5448,0.4170337738619677,0.8234152405709808,1.0,0.8234152405709808,1700,0.535264483627204,1.0,1
"iteration_3","SCOPE_DATA_COLLECTION",1300,17,1090.0,1150.0,2,7836,5474,1837,7456,5346,1825,4466,3113,1018,3374,2386,817,0.4303571428571429,0.43389707219494456,0.4452316076294278,0.429532645096048,0.8427042447479179,1.4092332359478,0.859065290192096,0.8427042447479179,0.9394888239652,0.43976712942230184,0.5592675875361388,0.5638506876227898,100.0,100.0,5102,3434,6611,27,1,6549,0.005292042336338691,2.9120559114735004E-4,0.9906216911208592,0.35000000000000003,0.5,0.1,0.30000000000000004,50.0,60.0,60.0,0.35000000000000003,0.5,0.1,0.30000000000000004,50.0,60.0,60.0,1839,1060,779,1839,0.42359978249048397,1.410425622579988,1.5,0.9402837483866587,591,0.5575471698113208,1.0,1
"iteration_3","SCOPE_DATA_COLLECTION",1300,18,1150.0,1210.0,0,7580,5448,1839,7836,5474,1837,4500,3164,1077,3067,2272,779,0.4053125412977402,0.4179543782192789,0.4197198275862069,0.43698277275657355,0.820360876026661,1.423601833091356,0.8739655455131471,0.820360876026661,0.9490678887275706,0.45444444444444443,0.5316055625790139,0.5636025998142989,97.5,100.0,5079,3490,6298,41,1,6076,0.008072455207718056,2.8653295128939826E-4,0.9647507145125437,0.35000000000000003,0.5,0.1,0.30000000000000004,50.0,60.0,60.0,0.45,0.4,0.1,0.4,50.0,50.0,50.0,7534,5430,2104,7534,0.2792673214759756,0.4256870075395088,0.5,0.8513740150790176,2030,0.3738489871086556,1.0,1
"iteration_3","SCOPE_DATA_COLLECTION",1300,18,1150.0,1210.0,1,7580,5448,1839,7836,5474,1837,4500,3164,1077,3067,2272,779,0.4053125412977402,0.4179543782192789,0.4197198275862069,0.43698277275657355,0.820360876026661,1.423601833091356,0.8739655455131471,0.820360876026661,0.9490678887275706,0.45444444444444443,0.5316055625790139,0.5636025998142989,97.5,100.0,5079,3490,6298,41,1,6076,0.008072455207718056,2.8653295128939826E-4,0.9647507145125437,0.35000000000000003,0.5,0.1,0.30000000000000004,50.0,60.0,60.0,0.45,0.4,0.1,0.4,50.0,50.0,50.0,5401,3968,1433,5401,0.2653212368079985,0.7683038982022249,1.0,0.7683038982022249,1804,0.45463709677419356,1.0,1
"iteration_3","SCOPE_DATA_COLLECTION",1300,18,1150.0,1210.0,2,7580,5448,1839,7836,5474,1837,4500,3164,1077,3067,2272,779,0.4053125412977402,0.4179543782192789,0.4197198275862069,0.43698277275657355,0.820360876026661,1.423601833091356,0.8739655455131471,0.820360876026661,0.9490678887275706,0.45444444444444443,0.5316055625790139,0.5636025998142989,97.5,100.0,5079,3490,6298,41,1,6076,0.008072455207718056,2.8653295128939826E-4,0.9647507145125437,0.35000000000000003,0.5,0.1,0.30000000000000004,50.0,60.0,60.0,0.45,0.4,0.1,0.4,50.0,50.0,50.0,1828,1329,499,1828,0.27297592997811815,1.2913129643950418,1.5,0.8608753095966946,642,0.48306997742663654,1.0,1
"iteration_3","SCOPE_DATA_COLLECTION",1300,19,1210.0,1270.0,0,7534,5401,1828,7580,5448,1839,5443,3954,1319,2104,1433,499,0.27878627269113554,0.2660107666604789,0.27447744774477445,0.4285308040625881,0.7741937717019557,1.2947363126643665,0.8570616081251762,0.7741937717019557,0.8631575417762444,0.3784677567517913,0.45928174001011635,0.4844579226686884,100.0,100.0,4942,4456,5365,45,3,3988,0.009105625252934034,6.732495511669659E-4,0.743336439888164,0.45,0.4,0.1,0.4,50.0,50.0,50.0,0.55,0.9,0.2,0.5,55.0,40.0,65.0,7673,6695,978,7673,0.12745992441026976,0.3889129171482105,0.5,0.777825834296421,2177,0.3251680358476475,1.0,1
"iteration_3","SCOPE_DATA_COLLECTION",1300,19,1210.0,1270.0,1,7534,5401,1828,7580,5448,1839,5443,3954,1319,2104,1433,499,0.27878627269113554,0.2660107666604789,0.27447744774477445,0.4285308040625881,0.7741937717019557,1.2947363126643665,0.8570616081251762,0.7741937717019557,0.8631575417762444,0.3784677567517913,0.45928174001011635,0.4844579226686884,100.0,100.0,4942,4456,5365,45,3,3988,0.009105625252934034,6.732495511669659E-4,0.743336439888164,0.45,0.4,0.1,0.4,50.0,50.0,50.0,0.55,0.9,0.2,0.5,55.0,40.0,65.0,5452,4709,743,5452,0.13628026412325753,0.7055550593811403,1.0,0.7055550593811403,1785,0.37906137184115524,1.0,1
"iteration_3","SCOPE_DATA_COLLECTION",1300,19,1210.0,1270.0,2,7534,5401,1828,7580,5448,1839,5443,3954,1319,2104,1433,499,0.27878627269113554,0.2660107666604789,0.27447744774477445,0.4285308040625881,0.7741937717019557,1.2947363126643665,0.8570616081251762,0.7741937717019557,0.8631575417762444,0.3784677567517913,0.45928174001011635,0.4844579226686884,100.0,100.0,4942,4456,5365,45,3,3988,0.009105625252934034,6.732495511669659E-4,0.743336439888164,0.45,0.4,0.1,0.4,50.0,50.0,50.0,0.55,0.9,0.2,0.5,55.0,40.0,65.0,1899,1623,276,1899,0.14533965244865718,1.1217869289692886,1.5,0.7478579526461924,615,0.3789279112754159,1.0,1
"iteration_3","SCOPE_DATA_COLLECTION",1300,20,1270.0,1330.0,0,7673,5452,1899,7534,5401,1828,6702,4732,1623,978,743,276,0.12734375,0.13570776255707762,0.14533965244865718,0.38781952443034584,0.7023484081738369,1.1199114147197347,0.7756390488606917,0.7023484081738369,0.7466076098131564,0.3230378991345867,0.3776415891800507,0.3783117683302526,100.0,100.0,5101,5361,4562,78,2,1917,0.015291119388355225,3.7306472673008767E-4,0.4202104340201666,0.55,0.9,0.2,0.5,55.0,40.0,65.0,0.75,0.9,0.5,0.8,40.0,75.0,95.0,7572,7548,24,7572,0.003169572107765452,0.30530261575042916,0.5,0.6106052315008583,1984,0.26285108638049814,1.0,1
"iteration_3","SCOPE_DATA_COLLECTION",1300,20,1270.0,1330.0,1,7673,5452,1899,7534,5401,1828,6702,4732,1623,978,743,276,0.12734375,0.13570776255707762,0.14533965244865718,0.38781952443034584,0.7023484081738369,1.1199114147197347,0.7756390488606917,0.7023484081738369,0.7466076098131564,0.3230378991345867,0.3776415891800507,0.3783117683302526,100.0,100.0,5101,5361,4562,78,2,1917,0.015291119388355225,3.7306472673008767E-4,0.4202104340201666,0.55,0.9,0.2,0.5,55.0,40.0,65.0,0.75,0.9,0.5,0.8,40.0,75.0,95.0,5360,5292,68,5360,0.012686567164179104,0.6300681438345764,1.0,0.6300681438345764,1782,0.336734693877551,1.0,1
"iteration_3","SCOPE_DATA_COLLECTION",1300,20,1270.0,1330.0,2,7673,5452,1899,7534,5401,1828,6702,4732,1623,978,743,276,0.12734375,0.13570776255707762,0.14533965244865718,0.38781952443034584,0.7023484081738369,1.1199114147197347,0.7756390488606917,0.7023484081738369,0.7466076098131564,0.3230378991345867,0.3776415891800507,0.3783117683302526,100.0,100.0,5101,5361,4562,78,2,1917,0.015291119388355225,3.7306472673008767E-4,0.4202104340201666,0.55,0.9,0.2,0.5,55.0,40.0,65.0,0.75,0.9,0.5,0.8,40.0,75.0,95.0,1833,1774,59,1833,0.03218767048554282,1.0131747612841733,1.5,0.6754498408561155,602,0.33934611048478014,1.0,1
"iteration_3","SCOPE_DATA_COLLECTION",1300,21,1330.0,1390.0,0,7572,5360,1833,7673,5452,1899,7524,5271,1774,24,68,59,0.003179650238473768,0.012736467503277768,0.03218767048554282,0.3035172194608123,0.6268379147062775,1.0069863062229318,0.6070344389216246,0.6268379147062775,0.6713242041486213,0.26116427432216904,0.3344716372604819,0.3365276211950395,97.5,100.0,5193,7161,2411,120,8,23,0.023108030040439053,0.0011171624074849881,0.00953961012028204,0.75,0.9,0.5,0.8,40.0,75.0,95.0,0.65,0.8,0.6000000000000001,0.7000000000000001,40.0,65.0,95.0,7551,7525,26,7551,0.0034432525493312146,0.3181715637623047,0.5,0.6363431275246094,2056,0.27322259136212623,1.0,1
"iteration_3","SCOPE_DATA_COLLECTION",1300,21,1330.0,1390.0,1,7572,5360,1833,7673,5452,1899,7524,5271,1774,24,68,59,0.003179650238473768,0.012736467503277768,0.03218767048554282,0.3035172194608123,0.6268379147062775,1.0069863062229318,0.6070344389216246,0.6268379147062775,0.6713242041486213,0.26116427432216904,0.3344716372604819,0.3365276211950395,97.5,100.0,5193,7161,2411,120,8,23,0.023108030040439053,0.0011171624074849881,0.00953961012028204,0.75,0.9,0.5,0.8,40.0,75.0,95.0,0.65,0.8,0.6000000000000001,0.7000000000000001,40.0,65.0,95.0,5425,5368,57,5425,0.010506912442396314,0.6323697796583955,1.0,0.6323697796583955,1757,0.3273099850968703,1.0,1
"iteration_3","SCOPE_DATA_COLLECTION",1300,21,1330.0,1390.0,2,7572,5360,1833,7673,5452,1899,7524,5271,1774,24,68,59,0.003179650238473768,0.012736467503277768,0.03218767048554282,0.3035172194608123,0.6268379147062775,1.0069863062229318,0.6070344389216246,0.6268379147062775,0.6713242041486213,0.26116427432216904,0.3344716372604819,0.3365276211950395,97.5,100.0,5193,7161,2411,120,8,23,0.023108030040439053,0.0011171624074849881,0.00953961012028204,0.75,0.9,0.5,0.8,40.0,75.0,95.0,0.65,0.8,0.6000000000000001,0.7000000000000001,40.0,65.0,95.0,1850,1801,49,1850,0.026486486486486487,1.0202982016007047,1.5,0.6801988010671365,605,0.3359244863964464,1.0,1
"iteration_3","SCOPE_DATA_COLLECTION",1300,22,1390.0,1450.0,0,7551,5425,1850,7572,5360,1833,7542,5377,1807,26,57,49,0.003435517970401691,0.01048951048951049,0.026400862068965518,0.3195299245717773,0.6347135568682956,1.0262529948224648,0.6390598491435546,0.6347135568682956,0.6841686632149765,0.27419782551047467,0.32880788543797657,0.338682899833979,97.5,100.0,5150,6304,3372,106,7,19,0.02058252427184466,0.0011104060913705585,0.005634638196915777,0.65,0.8,0.6000000000000001,0.7000000000000001,40.0,65.0,95.0,0.55,0.8,0.6000000000000001,0.6000000000000001,40.0,75.0,95.0,7573,6878,695,7573,0.09177340551960914,0.3707753130801579,0.5,0.7415506261603158,2205,0.3205873800523408,1.0,1
"iteration_3","SCOPE_DATA_COLLECTION",1300,22,1390.0,1450.0,1,7551,5425,1850,7572,5360,1833,7542,5377,1807,26,57,49,0.003435517970401691,0.01048951048951049,0.026400862068965518,0.3195299245717773,0.6347135568682956,1.0262529948224648,0.6390598491435546,0.6347135568682956,0.6841686632149765,0.27419782551047467,0.32880788543797657,0.338682899833979,97.5,100.0,5150,6304,3372,106,7,19,0.02058252427184466,0.0011104060913705585,0.005634638196915777,0.65,0.8,0.6000000000000001,0.7000000000000001,40.0,65.0,95.0,0.55,0.8,0.6000000000000001,0.6000000000000001,40.0,75.0,95.0,5511,4946,565,5511,0.10252222827073126,0.6970953405654612,1.0,0.6970953405654612,1779,0.3596845936109988,1.0,1
"iteration_3","SCOPE_DATA_COLLECTION",1300,22,1390.0,1450.0,2,7551,5425,1850,7572,5360,1833,7542,5377,1807,26,57,49,0.003435517970401691,0.01048951048951049,0.026400862068965518,0.3195299245717773,0.6347135568682956,1.0262529948224648,0.6390598491435546,0.6347135568682956,0.6841686632149765,0.27419782551047467,0.32880788543797657,0.338682899833979,97.5,100.0,5150,6304,3372,106,7,19,0.02058252427184466,0.0011104060913705585,0.005634638196915777,0.65,0.8,0.6000000000000001,0.7000000000000001,40.0,65.0,95.0,0.55,0.8,0.6000000000000001,0.6000000000000001,40.0,75.0,95.0,1873,1661,212,1873,0.11318739989321944,1.100395517518469,1.5,0.7335970116789793,607,0.3654425045153522,1.0,1
"iteration_3","SCOPE_DATA_COLLECTION",1300,23,1450.0,1510.0,0,7573,5511,1873,7551,5425,1850,6883,4928,1657,694,565,212,0.09159297875148475,0.10285818314218095,0.11342964151952915,0.37051776647958257,0.693741627389297,1.0988593422263921,0.7410355329591651,0.693741627389297,0.7325728948175948,0.3209356385297109,0.3585633116883117,0.3651176825588413,97.5,100.0,5211,5409,4337,136,2,1333,0.02609863749760123,3.6975411351451286E-4,0.3073553147336869,0.55,0.8,0.6000000000000001,0.6000000000000001,40.0,75.0,95.0,0.45,0.9,0.6000000000000001,0.5,50.0,85.0,95.0,7614,5458,2156,7614,0.2831625952193328,0.42209404600752587,0.5,0.8441880920150517,2149,0.3937339684866251,1.0,1
"iteration_3","SCOPE_DATA_COLLECTION",1300,23,1450.0,1510.0,1,7573,5511,1873,7551,5425,1850,6883,4928,1657,694,565,212,0.09159297875148475,0.10285818314218095,0.11342964151952915,0.37051776647958257,0.693741627389297,1.0988593422263921,0.7410355329591651,0.693741627389297,0.7325728948175948,0.3209356385297109,0.3585633116883117,0.3651176825588413,97.5,100.0,5211,5409,4337,136,2,1333,0.02609863749760123,3.6975411351451286E-4,0.3073553147336869,0.55,0.8,0.6000000000000001,0.6000000000000001,40.0,75.0,95.0,0.45,0.9,0.6000000000000001,0.5,50.0,85.0,95.0,5603,3980,1623,5603,0.2896662502230948,0.841403058792534,1.0,0.841403058792534,1909,0.47964824120603017,1.0,1
"iteration_3","SCOPE_DATA_COLLECTION",1300,23,1450.0,1510.0,2,7573,5511,1873,7551,5425,1850,6883,4928,1657,694,565,212,0.09159297875148475,0.10285818314218095,0.11342964151952915,0.37051776647958257,0.693741627389297,1.0988593422263921,0.7410355329591651,0.693741627389297,0.7325728948175948,0.3209356385297109,0.3585633116883117,0.3651176825588413,97.5,100.0,5211,5409,4337,136,2,1333,0.02609863749760123,3.6975411351451286E-4,0.3073553147336869,0.55,0.8,0.6000000000000001,0.6000000000000001,40.0,75.0,95.0,0.45,0.9,0.6000000000000001,0.5,50.0,85.0,95.0,1770,1218,552,1770,0.31186440677966104,1.2925683221913327,1.5,0.8617122147942218,573,0.47044334975369456,1.0,1
"iteration_3","SCOPE_DATA_COLLECTION",1300,24,1510.0,1570.0,0,7614,5603,1770,7573,5511,1873,5460,4003,1224,2157,1623,552,0.2831823552579756,0.28848204763597585,0.3108108108108108,0.4223238999038343,0.8421998423063586,1.2904390326939468,0.8446477998076686,0.8421998423063586,0.8602926884626312,0.3943223443223443,0.4796402697976518,0.46895424836601307,97.5,100.0,5209,4440,5338,79,5,4248,0.015166058744480706,0.0011261261261261261,0.7958036717871863,0.45,0.9,0.6000000000000001,0.5,50.0,85.0,95.0,0.35000000000000003,0.9,0.6000000000000001,0.4,60.0,75.0,95.0,7537,4565,2972,7537,0.3943213480164522,0.4485387449427533,0.5,0.8970774898855066,2063,0.45191675794085434,1.0,1
"iteration_3","SCOPE_DATA_COLLECTION",1300,24,1510.0,1570.0,1,7614,5603,1770,7573,5511,1873,5460,4003,1224,2157,1623,552,0.2831823552579756,0.28848204763597585,0.3108108108108108,0.4223238999038343,0.8421998423063586,1.2904390326939468,0.8446477998076686,0.8421998423063586,0.8602926884626312,0.3943223443223443,0.4796402697976518,0.46895424836601307,97.5,100.0,5209,4440,5338,79,5,4248,0.015166058744480706,0.0011261261261261261,0.7958036717871863,0.45,0.9,0.6000000000000001,0.5,50.0,85.0,95.0,0.35000000000000003,0.9,0.6000000000000001,0.4,60.0,75.0,95.0,5487,3226,2261,5487,0.4120648806269364,0.9178804067906138,1.0,0.9178804067906138,1803,0.5588964662120273,1.0,1
"iteration_3","SCOPE_DATA_COLLECTION",1300,24,1510.0,1570.0,2,7614,5603,1770,7573,5511,1873,5460,4003,1224,2157,1623,552,0.2831823552579756,0.28848204763597585,0.3108108108108108,0.4223238999038343,0.8421998423063586,1.2904390326939468,0.8446477998076686,0.8421998423063586,0.8602926884626312,0.3943223443223443,0.4796402697976518,0.46895424836601307,97.5,100.0,5209,4440,5338,79,5,4248,0.015166058744480706,0.0011261261261261261,0.7958036717871863,0.45,0.9,0.6000000000000001,0.5,50.0,85.0,95.0,0.35000000000000003,0.9,0.6000000000000001,0.4,60.0,75.0,95.0,1844,1005,839,1844,0.4549891540130152,1.4635826037856818,1.5,0.9757217358571212,580,0.5771144278606966,1.0,1
"iteration_3","SCOPE_DATA_COLLECTION",1300,25,1570.0,1630.0,0,7537,5487,1844,7614,5603,1770,4550,3242,1000,2972,2261,839,0.3951076841265621,0.4108667999273124,0.456226209896683,0.4474686215584621,0.920936402243386,1.4606841356288467,0.8949372431169242,0.920936402243386,0.9737894237525645,0.4503296703296703,0.5604565083281925,0.575,100.0,100.0,5222,3435,6211,109,1,5962,0.020873228648027577,2.911208151382824E-4,0.9599098373852841,0.35000000000000003,0.9,0.6000000000000001,0.4,60.0,75.0,95.0,0.2,0.2,0.5,0.8,60.0,70.0,25.0,7708,3719,3989,7708,0.5175142708873898,0.46542812346632767,0.5,0.9308562469326553,1844,0.49583221296047325,1.0,1
"iteration_3","SCOPE_DATA_COLLECTION",1300,25,1570.0,1630.0,1,7537,5487,1844,7614,5603,1770,4550,3242,1000,2972,2261,839,0.3951076841265621,0.4108667999273124,0.456226209896683,0.4474686215584621,0.920936402243386,1.4606841356288467,0.8949372431169242,0.920936402243386,0.9737894237525645,0.4503296703296703,0.5604565083281925,0.575,100.0,100.0,5222,3435,6211,109,1,5962,0.020873228648027577,2.911208151382824E-4,0.9599098373852841,0.35000000000000003,0.9,0.6000000000000001,0.4,60.0,75.0,95.0,0.2,0.2,0.5,0.8,60.0,70.0,25.0,5531,2623,2908,5531,0.5257638763333936,1.0807995916323152,1.0,1.0807995916323152,1818,0.6930995043842928,1.0,1
"iteration_3","SCOPE_DATA_COLLECTION",1300,25,1570.0,1630.0,2,7537,5487,1844,7614,5603,1770,4550,3242,1000,2972,2261,839,0.3951076841265621,0.4108667999273124,0.456226209896683,0.4474686215584621,0.920936402243386,1.4606841356288467,0.8949372431169242,0.920936402243386,0.9737894237525645,0.4503296703296703,0.5604565083281925,0.575,100.0,100.0,5222,3435,6211,109,1,5962,0.020873228648027577,2.911208151382824E-4,0.9599098373852841,0.35000000000000003,0.9,0.6000000000000001,0.4,60.0,75.0,95.0,0.2,0.2,0.5,0.8,60.0,70.0,25.0,1797,852,945,1797,0.5258764607679466,1.7140038340144415,1.5,1.1426692226762942,601,0.7053990610328639,1.0,1
"iteration_3","SCOPE_DATA_COLLECTION",1300,26,1630.0,1690.0,0,7708,5531,1797,7537,5487,1844,3735,2603,856,3989,2908,945,0.5164422578974625,0.5276719288695336,0.5247084952803998,0.46771730770957864,1.0763695207061101,1.715687570438941,0.9354346154191573,1.0763695207061101,1.1437917136259605,0.4969210174029451,0.6907414521705724,0.7067757009345794,100.0,100.0,5222,2065,7749,92,1,7749,0.017617770968977403,4.8426150121065375E-4,1.0,0.2,0.2,0.5,0.8,60.0,70.0,25.0,0.2,0.2,0.5,0.8,60.0,70.0,25.0,7729,3622,4107,7729,0.5313753396299651,0.4666929289873409,0.5,0.9333858579746818,1795,0.4955825510767532,1.0,1
"iteration_3","SCOPE_DATA_COLLECTION",1300,26,1630.0,1690.0,1,7708,5531,1797,7537,5487,1844,3735,2603,856,3989,2908,945,0.5164422578974625,0.5276719288695336,0.5247084952803998,0.46771730770957864,1.0763695207061101,1.715687570438941,0.9354346154191573,1.0763695207061101,1.1437917136259605,0.4969210174029451,0.6907414521705724,0.7067757009345794,100.0,100.0,5222,2065,7749,92,1,7749,0.017617770968977403,4.8426150121065375E-4,1.0,0.2,0.2,0.5,0.8,60.0,70.0,25.0,0.2,0.2,0.5,0.8,60.0,70.0,25.0,5515,2576,2939,5515,0.5329102447869447,1.0947418602333305,1.0,1.0947418602333305,1807,0.7014751552795031,1.0,1
"iteration_3","SCOPE_DATA_COLLECTION",1300,26,1630.0,1690.0,2,7708,5531,1797,7537,5487,1844,3735,2603,856,3989,2908,945,0.5164422578974625,0.5276719288695336,0.5247084952803998,0.46771730770957864,1.0763695207061101,1.715687570438941,0.9354346154191573,1.0763695207061101,1.1437917136259605,0.4969210174029451,0.6907414521705724,0.7067757009345794,100.0,100.0,5222,2065,7749,92,1,7749,0.017617770968977403,4.8426150121065375E-4,1.0,0.2,0.2,0.5,0.8,60.0,70.0,25.0,0.2,0.2,0.5,0.8,60.0,70.0,25.0,1846,824,1022,1846,0.5536294691224268,1.8055075442350836,1.5,1.2036716961567224,616,0.7475728155339806,1.0,1
"iteration_3","SCOPE_DATA_COLLECTION",1300,27,1690.0,1750.0,0,7729,5515,1846,7708,5531,1797,3617,2586,827,4107,2939,1022,0.5317193164163646,0.5319457013574661,0.5527312060573283,0.4667407290057037,1.0996456324545212,1.8096852314955243,0.9334814580114074,1.0996456324545212,1.2064568209970161,0.49682056953276194,0.703016241299304,0.7484885126964933,100.0,100.0,5228,1916,7946,122,0,7946,0.023335883703136953,0.0,1.0,0.2,0.2,0.5,0.8,60.0,70.0,25.0,0.2,0.2,0.5,0.8,60.0,70.0,25.0,7689,3773,3916,7689,0.5092989985693849,0.4700757972872713,0.5,0.9401515945745426,1907,0.505433342168036,1.0,1
"iteration_3","SCOPE_DATA_COLLECTION",1300,27,1690.0,1750.0,1,7729,5515,1846,7708,5531,1797,3617,2586,827,4107,2939,1022,0.5317193164163646,0.5319457013574661,0.5527312060573283,0.4667407290057037,1.0996456324545212,1.8096852314955243,0.9334814580114074,1.0996456324545212,1.2064568209970161,0.49682056953276194,0.703016241299304,0.7484885126964933,100.0,100.0,5228,1916,7946,122,0,7946,0.023335883703136953,0.0,1.0,0.2,0.2,0.5,0.8,60.0,70.0,25.0,0.2,0.2,0.5,0.8,60.0,70.0,25.0,5447,2582,2865,5447,0.5259776023499174,1.0966629664153196,1.0,1.0966629664153196,1795,0.6951975213013168,1.0,1
"iteration_3","SCOPE_DATA_COLLECTION",1300,27,1690.0,1750.0,2,7729,5515,1846,7708,5531,1797,3617,2586,827,4107,2939,1022,0.5317193164163646,0.5319457013574661,0.5527312060573283,0.4667407290057037,1.0996456324545212,1.8096852314955243,0.9334814580114074,1.0996456324545212,1.2064568209970161,0.49682056953276194,0.703016241299304,0.7484885126964933,100.0,100.0,5228,1916,7946,122,0,7946,0.023335883703136953,0.0,1.0,0.2,0.2,0.5,0.8,60.0,70.0,25.0,0.2,0.2,0.5,0.8,60.0,70.0,25.0,1820,830,990,1820,0.5439560439560439,1.7775511235529662,1.5,1.185034082368644,606,0.7301204819277108,1.0,1
"iteration_3","SCOPE_DATA_COLLECTION",1300,28,1750.0,1810.0,0,7689,5447,1820,7729,5515,1846,3782,2590,825,3915,2865,990,0.5086397297648434,0.5252062328139322,0.5454545454545454,0.4711208048484835,1.0995198567236413,1.775558336731736,0.942241609696967,1.0995198567236413,1.1837055578211573,0.5071390798519302,0.696911196911197,0.7284848484848485,97.5,100.0,5327,1965,7664,105,1,7664,0.01971090670170828,5.089058524173028E-4,1.0,0.2,0.2,0.5,0.8,60.0,70.0,25.0,0.2,0.2,0.5,0.9,70.0,70.0,20.0,7482,3504,3978,7482,0.5316760224538893,0.47096180853262626,0.5,0.9419236170652525,1746,0.4982876712328767,1.0,1
"iteration_3","SCOPE_DATA_COLLECTION",1300,28,1750.0,1810.0,1,7689,5447,1820,7729,5515,1846,3782,2590,825,3915,2865,990,0.5086397297648434,0.5252062328139322,0.5454545454545454,0.4711208048484835,1.0995198567236413,1.775558336731736,0.942241609696967,1.0995198567236413,1.1837055578211573,0.5071390798519302,0.696911196911197,0.7284848484848485,97.5,100.0,5327,1965,7664,105,1,7664,0.01971090670170828,5.089058524173028E-4,1.0,0.2,0.2,0.5,0.8,60.0,70.0,25.0,0.2,0.2,0.5,0.9,70.0,70.0,20.0,5583,2707,2876,5583,0.5151352319541466,1.0964220755964855,1.0,1.0964220755964855,1884,0.6959734022903583,1.0,1
"iteration_3","SCOPE_DATA_COLLECTION",1300,28,1750.0,1810.0,2,7689,5447,1820,7729,5515,1846,3782,2590,825,3915,2865,990,0.5086397297648434,0.5252062328139322,0.5454545454545454,0.4711208048484835,1.0995198567236413,1.775558336731736,0.942241609696967,1.0995198567236413,1.1837055578211573,0.5071390798519302,0.696911196911197,0.7284848484848485,97.5,100.0,5327,1965,7664,105,1,7664,0.01971090670170828,5.089058524173028E-4,1.0,0.2,0.2,0.5,0.8,60.0,70.0,25.0,0.2,0.2,0.5,0.9,70.0,70.0,20.0,1851,851,1000,1851,0.5402485143165856,1.7515077194569126,1.5,1.167671812971275,610,0.7168037602820212,1.0,1
"iteration_3","SCOPE_DATA_COLLECTION",1300,29,1810.0,1870.0,0,7482,5583,1851,7689,5447,1820,3499,2693,849,3979,2876,1000,0.5320941428189355,0.5164302388220506,0.5408328826392644,0.46818932354178766,1.0881029047508481,1.750461314981144,0.9363786470835753,1.0881029047508481,1.1669742099874294,0.49442697913689626,0.6917935388043075,0.71849234393404,100.0,100.0,5209,1962,7745,109,1,7745,0.020925321558840467,5.096839959225281E-4,1.0,0.2,0.2,0.5,0.9,70.0,70.0,20.0,0.2,0.1,0.6000000000000001,0.9,80.0,70.0,20.0,7516,3660,3856,7516,0.5130388504523683,0.4498583709429542,0.5,0.8997167418859084,1655,0.4521857923497268,1.0,1
"iteration_3","SCOPE_DATA_COLLECTION",1300,29,1810.0,1870.0,1,7482,5583,1851,7689,5447,1820,3499,2693,849,3979,2876,1000,0.5320941428189355,0.5164302388220506,0.5408328826392644,0.46818932354178766,1.0881029047508481,1.750461314981144,0.9363786470835753,1.0881029047508481,1.1669742099874294,0.49442697913689626,0.6917935388043075,0.71849234393404,100.0,100.0,5209,1962,7745,109,1,7745,0.020925321558840467,5.096839959225281E-4,1.0,0.2,0.2,0.5,0.9,70.0,70.0,20.0,0.2,0.1,0.6000000000000001,0.9,80.0,70.0,20.0,5438,2638,2800,5438,0.5148951820522251,1.0775322540002685,1.0,1.0775322540002685,1832,0.6944655041698257,1.0,1
"iteration_3","SCOPE_DATA_COLLECTION",1300,29,1810.0,1870.0,2,7482,5583,1851,7689,5447,1820,3499,2693,849,3979,2876,1000,0.5320941428189355,0.5164302388220506,0.5408328826392644,0.46818932354178766,1.0881029047508481,1.750461314981144,0.9363786470835753,1.0881029047508481,1.1669742099874294,0.49442697913689626,0.6917935388043075,0.71849234393404,100.0,100.0,5209,1962,7745,109,1,7745,0.020925321558840467,5.096839959225281E-4,1.0,0.2,0.2,0.5,0.9,70.0,70.0,20.0,0.2,0.1,0.6000000000000001,0.9,80.0,70.0,20.0,1837,830,1007,1837,0.54817637452368,1.7666993681640732,1.5,1.177799578776049,610,0.7349397590361446,1.0,1
"iteration_3","SCOPE_DATA_COLLECTION",1300,30,1870.0,1930.0,0,7516,5438,1837,7482,5583,1851,3662,2647,824,3856,2799,1007,0.512902367650971,0.5139551964744766,0.5499726925177498,0.45046653224590955,1.0804270776504263,1.7571943885454497,0.9009330644918191,1.0804270776504263,1.1714629256969664,0.4541234298197706,0.6955043445409897,0.7293689320388349,100.0,100.0,5312,1916,7563,98,1,7563,0.018448795180722892,5.219206680584551E-4,1.0,0.2,0.1,0.6000000000000001,0.9,80.0,70.0,20.0,0.1,0.1,0.6000000000000001,0.8,80.0,80.0,20.0,7597,3198,4399,7597,0.5790443596156377,0.484519393128034,0.5,0.969038786256068,1589,0.49687304565353346,1.0,1
"iteration_3","SCOPE_DATA_COLLECTION",1300,30,1870.0,1930.0,1,7516,5438,1837,7482,5583,1851,3662,2647,824,3856,2799,1007,0.512902367650971,0.5139551964744766,0.5499726925177498,0.45046653224590955,1.0804270776504263,1.7571943885454497,0.9009330644918191,1.0804270776504263,1.1714629256969664,0.4541234298197706,0.6955043445409897,0.7293689320388349,100.0,100.0,5312,1916,7563,98,1,7563,0.018448795180722892,5.219206680584551E-4,1.0,0.2,0.1,0.6000000000000001,0.9,80.0,70.0,20.0,0.1,0.1,0.6000000000000001,0.8,80.0,80.0,20.0,5442,2238,3204,5442,0.5887541345093715,1.2120199172436372,1.0,1.2120199172436372,1793,0.8011617515638964,1.0,1
"iteration_3","SCOPE_DATA_COLLECTION",1300,30,1870.0,1930.0,2,7516,5438,1837,7482,5583,1851,3662,2647,824,3856,2799,1007,0.512902367650971,0.5139551964744766,0.5499726925177498,0.45046653224590955,1.0804270776504263,1.7571943885454497,0.9009330644918191,1.0804270776504263,1.1714629256969664,0.4541234298197706,0.6955043445409897,0.7293689320388349,100.0,100.0,5312,1916,7563,98,1,7563,0.018448795180722892,5.219206680584551E-4,1.0,0.2,0.1,0.6000000000000001,0.9,80.0,70.0,20.0,0.1,0.1,0.6000000000000001,0.8,80.0,80.0,20.0,1901,768,1133,1901,0.5960021041557075,1.979621345653649,1.5,1.3197475637690992,650,0.8463541666666666,1.0,1
"iteration_3","SCOPE_DATA_COLLECTION",1300,31,1930.0,1990.0,0,7597,5442,1901,7516,5438,1837,3205,2231,771,4399,3205,1133,0.5785113098369279,0.5895879323031641,0.595063025210084,0.486040138610975,1.2121789209935423,1.9824587800926645,0.97208027722195,1.2121789209935423,1.321639186728443,0.49765990639625585,0.8018825638727028,0.8482490272373541,100.0,100.0,5278,1025,8637,100,0,8637,0.018946570670708603,0.0,1.0,0.1,0.1,0.6000000000000001,0.8,80.0,80.0,20.0,0.2,0.2,0.5,0.7000000000000001,70.0,80.0,20.0,7615,3621,3994,7615,0.5244911359159553,0.4746536569527372,0.5,0.9493073139054744,1807,0.49903341618337477,1.0,1
"iteration_3","SCOPE_DATA_COLLECTION",1300,31,1930.0,1990.0,1,7597,5442,1901,7516,5438,1837,3205,2231,771,4399,3205,1133,0.5785113098369279,0.5895879323031641,0.595063025210084,0.486040138610975,1.2121789209935423,1.9824587800926645,0.97208027722195,1.2121789209935423,1.321639186728443,0.49765990639625585,0.8018825638727028,0.8482490272373541,100.0,100.0,5278,1025,8637,100,0,8637,0.018946570670708603,0.0,1.0,0.1,0.1,0.6000000000000001,0.8,80.0,80.0,20.0,0.2,0.2,0.5,0.7000000000000001,70.0,80.0,20.0,5459,2628,2831,5459,0.5185931489283752,1.086437667489998,1.0,1.086437667489998,1832,0.6971080669710806,1.0,1
"iteration_3","SCOPE_DATA_COLLECTION",1300,31,1930.0,1990.0,2,7597,5442,1901,7516,5438,1837,3205,2231,771,4399,3205,1133,0.5785113098369279,0.5895879323031641,0.595063025210084,0.486040138610975,1.2121789209935423,1.9824587800926645,0.97208027722195,1.2121789209935423,1.321639186728443,0.49765990639625585,0.8018825638727028,0.8482490272373541,100.0,100.0,5278,1025,8637,100,0,8637,0.018946570670708603,0.0,1.0,0.1,0.1,0.6000000000000001,0.8,80.0,80.0,20.0,0.2,0.2,0.5,0.7000000000000001,70.0,80.0,20.0,1896,856,1040,1896,0.5485232067510548,1.6988931563873864,1.5,1.132595437591591,590,0.6892523364485982,1.0,1
"iteration_3","SCOPE_DATA_COLLECTION",1300,32,1990.0,2050.0,0,7615,5459,1896,7597,5442,1901,3609,2635,870,3994,2831,1040,0.5253189530448508,0.517929015733626,0.5445026178010471,0.4748943207558689,1.0888180986653715,1.7052449891810897,0.9497886415117378,1.0888180986653715,1.136829992787393,0.5004156275976724,0.6975332068311195,0.6931034482758621,100.0,100.0,5251,1948,7771,94,0,7771,0.017901352123405066,0.0,1.0,0.2,0.2,0.5,0.7000000000000001,70.0,80.0,20.0,0.1,0.2,0.4,0.6000000000000001,70.0,90.0,30.0,7596,3160,4436,7596,0.5839915745129015,0.5306217011473754,0.5,1.0612434022947508,1866,0.5905063291139241,1.0,1
"iteration_3","SCOPE_DATA_COLLECTION",1300,32,1990.0,2050.0,1,7615,5459,1896,7597,5442,1901,3609,2635,870,3994,2831,1040,0.5253189530448508,0.517929015733626,0.5445026178010471,0.4748943207558689,1.0888180986653715,1.7052449891810897,0.9497886415117378,1.0888180986653715,1.136829992787393,0.5004156275976724,0.6975332068311195,0.6931034482758621,100.0,100.0,5251,1948,7771,94,0,7771,0.017901352123405066,0.0,1.0,0.2,0.2,0.5,0.7000000000000001,70.0,80.0,20.0,0.1,0.2,0.4,0.6000000000000001,70.0,90.0,30.0,5480,2188,3292,5480,0.6007299270072993,1.2047729234151972,1.0,1.2047729234151972,1765,0.806672760511883,1.0,1
"iteration_3","SCOPE_DATA_COLLECTION",1300,32,1990.0,2050.0,2,7615,5459,1896,7597,5442,1901,3609,2635,870,3994,2831,1040,0.5253189530448508,0.517929015733626,0.5445026178010471,0.4748943207558689,1.0888180986653715,1.7052449891810897,0.9497886415117378,1.0888180986653715,1.136829992787393,0.5004156275976724,0.6975332068311195,0.6931034482758621,100.0,100.0,5251,1948,7771,94,0,7771,0.017901352123405066,0.0,1.0,0.2,0.2,0.5,0.7000000000000001,70.0,80.0,20.0,0.1,0.2,0.4,0.6000000000000001,70.0,90.0,30.0,1864,754,1110,1864,0.5954935622317596,1.9351062145098696,1.5,1.2900708096732465,617,0.8183023872679045,1.0,1
"iteration_3","SCOPE_DATA_COLLECTION",1300,33,2050.0,2110.0,0,7596,5480,1864,7615,5459,1896,3176,2198,740,4436,3292,1110,0.5827640567524961,0.5996357012750455,0.6,0.5299124706400319,1.2048000509494843,1.9286405710757395,1.0598249412800638,1.2048000509494843,1.2857603807171596,0.5878463476070529,0.8061874431301183,0.8148648648648649,100.0,100.0,5206,984,8750,88,0,8750,0.016903572800614674,0.0,1.0,0.1,0.2,0.4,0.6000000000000001,70.0,90.0,30.0,0.75,0.2,0.4,0.30000000000000004,60.0,85.0,80.0,7585,7548,37,7585,0.004878048780487805,0.28313265801961973,0.5,0.5662653160392395,1782,0.23608903020667726,1.0,1
"iteration_3","SCOPE_DATA_COLLECTION",1300,33,2050.0,2110.0,1,7596,5480,1864,7615,5459,1896,3176,2198,740,4436,3292,1110,0.5827640567524961,0.5996357012750455,0.6,0.5299124706400319,1.2048000509494843,1.9286405710757395,1.0598249412800638,1.2048000509494843,1.2857603807171596,0.5878463476070529,0.8061874431301183,0.8148648648648649,100.0,100.0,5206,984,8750,88,0,8750,0.016903572800614674,0.0,1.0,0.1,0.2,0.4,0.6000000000000001,70.0,90.0,30.0,0.75,0.2,0.4,0.30000000000000004,60.0,85.0,80.0,5441,5376,65,5441,0.011946333394596581,0.6266571639126031,1.0,0.6266571639126031,1809,0.3364955357142857,1.0,1
"iteration_3","SCOPE_DATA_COLLECTION",1300,33,2050.0,2110.0,2,7596,5480,1864,7615,5459,1896,3176,2198,740,4436,3292,1110,0.5827640567524961,0.5996357012750455,0.6,0.5299124706400319,1.2048000509494843,1.9286405710757395,1.0598249412800638,1.2048000509494843,1.2857603807171596,0.5878463476070529,0.8061874431301183,0.8148648648648649,100.0,100.0,5206,984,8750,88,0,8750,0.016903572800614674,0.0,1.0,0.1,0.2,0.4,0.6000000000000001,70.0,90.0,30.0,0.75,0.2,0.4,0.30000000000000004,60.0,85.0,80.0,1862,1826,36,1862,0.01933404940923738,0.989135920332053,1.5,0.6594239468880353,611,0.33461117196056955,1.0,1
"iteration_3","SCOPE_DATA_COLLECTION",1300,34,2110.0,2170.0,0,7585,5441,1862,7596,5480,1864,7528,5341,1829,37,65,36,0.004890945142101784,0.012023677395486496,0.0193029490616622,0.28253311781123197,0.6221188101491645,1.0004147477351923,0.5650662356224639,0.6221188101491645,0.6669431651567949,0.23565356004250798,0.3349560007489234,0.3400765445598688,100.0,100.0,5235,7240,2413,81,9,48,0.015472779369627506,0.0012430939226519336,0.01989225031081641,0.75,0.2,0.4,0.30000000000000004,60.0,85.0,80.0,0.65,0.1,0.5,0.30000000000000004,70.0,95.0,80.0,7602,7572,30,7602,0.003946329913180742,0.2915932375251612,0.5,0.5831864750503224,1690,0.2231907025884839,1.0,1
"iteration_3","SCOPE_DATA_COLLECTION",1300,34,2110.0,2170.0,1,7585,5441,1862,7596,5480,1864,7528,5341,1829,37,65,36,0.004890945142101784,0.012023677395486496,0.0193029490616622,0.28253311781123197,0.6221188101491645,1.0004147477351923,0.5650662356224639,0.6221188101491645,0.6669431651567949,0.23565356004250798,0.3349560007489234,0.3400765445598688,100.0,100.0,5235,7240,2413,81,9,48,0.015472779369627506,0.0012430939226519336,0.01989225031081641,0.75,0.2,0.4,0.30000000000000004,60.0,85.0,80.0,0.65,0.1,0.5,0.30000000000000004,70.0,95.0,80.0,5386,5334,52,5386,0.009654660230226514,0.642632636178217,1.0,0.642632636178217,1840,0.34495688038995126,1.0,1
"iteration_3","SCOPE_DATA_COLLECTION",1300,34,2110.0,2170.0,2,7585,5441,1862,7596,5480,1864,7528,5341,1829,37,65,36,0.004890945142101784,0.012023677395486496,0.0193029490616622,0.28253311781123197,0.6221188101491645,1.0004147477351923,0.5650662356224639,0.6221188101491645,0.6669431651567949,0.23565356004250798,0.3349560007489234,0.3400765445598688,100.0,100.0,5235,7240,2413,81,9,48,0.015472779369627506,0.0012430939226519336,0.01989225031081641,0.75,0.2,0.4,0.30000000000000004,60.0,85.0,80.0,0.65,0.1,0.5,0.30000000000000004,70.0,95.0,80.0,1821,1786,35,1821,0.019220208676551345,1.0269180048546112,1.5,0.6846120032364075,624,0.3493840985442329,1.0,1
"iteration_3","SCOPE_DATA_COLLECTION",1300,35,2170.0,2230.0,0,7602,5386,1821,7585,5441,1862,7566,5349,1784,30,52,35,0.0039494470774091624,0.009627846695056471,0.019241341396371632,0.29133638900523817,0.646942310649396,1.024854741104599,0.5826727780104763,0.646942310649396,0.6832364940697326,0.2225746761829236,0.3464198915685175,0.3486547085201794,97.5,100.0,5255,6233,3321,72,4,41,0.013701236917221693,6.417455478902615E-4,0.012345679012345678,0.65,0.1,0.5,0.30000000000000004,70.0,95.0,80.0,0.45,0.9,0.2,0.2,95.0,50.0,85.0,7642,5380,2262,7642,0.2959958126144988,0.42267916624347457,0.5,0.8453583324869491,2108,0.39182156133828994,1.0,1
"iteration_3","SCOPE_DATA_COLLECTION",1300,35,2170.0,2230.0,1,7602,5386,1821,7585,5441,1862,7566,5349,1784,30,52,35,0.0039494470774091624,0.009627846695056471,0.019241341396371632,0.29133638900523817,0.646942310649396,1.024854741104599,0.5826727780104763,0.646942310649396,0.6832364940697326,0.2225746761829236,0.3464198915685175,0.3486547085201794,97.5,100.0,5255,6233,3321,72,4,41,0.013701236917221693,6.417455478902615E-4,0.012345679012345678,0.65,0.1,0.5,0.30000000000000004,70.0,95.0,80.0,0.45,0.9,0.2,0.2,95.0,50.0,85.0,5363,3780,1583,5363,0.2951706134626142,0.7992007751816868,1.0,0.7992007751816868,1843,0.4875661375661376,1.0,1
"iteration_3","SCOPE_DATA_COLLECTION",1300,35,2170.0,2230.0,2,7602,5386,1821,7585,5441,1862,7566,5349,1784,30,52,35,0.0039494470774091624,0.009627846695056471,0.019241341396371632,0.29133638900523817,0.646942310649396,1.024854741104599,0.5826727780104763,0.646942310649396,0.6832364940697326,0.2225746761829236,0.3464198915685175,0.3486547085201794,97.5,100.0,5255,6233,3321,72,4,41,0.013701236917221693,6.417455478902615E-4,0.012345679012345678,0.65,0.1,0.5,0.30000000000000004,70.0,95.0,80.0,0.45,0.9,0.2,0.2,95.0,50.0,85.0,1817,1281,536,1817,0.2949917446340121,1.298784644960891,1.5,0.8658564299739274,615,0.48009367681498827,1.0,1
"iteration_3","SCOPE_DATA_COLLECTION",1300,36,2230.0,2290.0,0,7642,5363,1817,7602,5386,1821,5356,3773,1275,2262,1583,536,0.29692832764505117,0.2955563853622106,0.2959690778575373,0.42000624114845336,0.7990253799827958,1.2961225893963566,0.8400124822969067,0.7990253799827958,0.8640817262642377,0.3881628080657207,0.4903260005300822,0.4807843137254902,100.0,100.0,4949,4417,5456,33,2,4346,0.006668013740149525,4.527960153950645E-4,0.7965542521994134,0.45,0.9,0.2,0.2,95.0,50.0,85.0,0.45,0.9,0.2,0.2,95.0,50.0,85.0,7562,5386,2176,7562,0.28775456228510976,0.44814673206208727,0.5,0.8962934641241745,2285,0.42424805050129966,1.0,1
"iteration_3","SCOPE_DATA_COLLECTION",1300,36,2230.0,2290.0,1,7642,5363,1817,7602,5386,1821,5356,3773,1275,2262,1583,536,0.29692832764505117,0.2955563853622106,0.2959690778575373,0.42000624114845336,0.7990253799827958,1.2961225893963566,0.8400124822969067,0.7990253799827958,0.8640817262642377,0.3881628080657207,0.4903260005300822,0.4807843137254902,100.0,100.0,4949,4417,5456,33,2,4346,0.006668013740149525,4.527960153950645E-4,0.7965542521994134,0.45,0.9,0.2,0.2,95.0,50.0,85.0,0.45,0.9,0.2,0.2,95.0,50.0,85.0,5477,3860,1617,5477,0.29523461749132734,0.8175372329591604,1.0,0.8175372329591604,1824,0.47253886010362695,1.0,1
"iteration_3","SCOPE_DATA_COLLECTION",1300,36,2230.0,2290.0,2,7642,5363,1817,7602,5386,1821,5356,3773,1275,2262,1583,536,0.29692832764505117,0.2955563853622106,0.2959690778575373,0.42000624114845336,0.7990253799827958,1.2961225893963566,0.8400124822969067,0.7990253799827958,0.8640817262642377,0.3881628080657207,0.4903260005300822,0.4807843137254902,100.0,100.0,4949,4417,5456,33,2,4346,0.006668013740149525,4.527960153950645E-4,0.7965542521994134,0.45,0.9,0.2,0.2,95.0,50.0,85.0,0.45,0.9,0.2,0.2,95.0,50.0,85.0,1883,1322,561,1883,0.2979288369622942,1.3022214533486767,1.5,0.8681476355657844,631,0.4773071104387292,1.0,1
"iteration_3","SCOPE_DATA_COLLECTION",1300,37,2290.0,2350.0,0,7562,5477,1883,7642,5363,1817,5429,3873,1328,2176,1617,561,0.28612754766600923,0.29453551912568304,0.29698253043938594,0.45067082590578017,0.8160643475179737,1.2961076143179366,0.9013416518115603,0.8160643475179737,0.8640717428786244,0.4280714680419967,0.469145365349858,0.47213855421686746,97.5,100.0,5059,4376,5487,45,3,4306,0.008895038545167029,6.855575868372943E-4,0.7847639876070712,0.45,0.9,0.2,0.2,95.0,50.0,85.0,0.45,0.9,0.2,0.2,95.0,50.0,85.0,7677,5294,2383,7677,0.3104077113455777,0.4462734908545157,0.5,0.8925469817090314,2177,0.4112202493388742,1.0,1
"iteration_3","SCOPE_DATA_COLLECTION",1300,37,2290.0,2350.0,1,7562,5477,1883,7642,5363,1817,5429,3873,1328,2176,1617,561,0.28612754766600923,0.29453551912568304,0.29698253043938594,0.45067082590578017,0.8160643475179737,1.2961076143179366,0.9013416518115603,0.8160643475179737,0.8640717428786244,0.4280714680419967,0.469145365349858,0.47213855421686746,97.5,100.0,5059,4376,5487,45,3,4306,0.008895038545167029,6.855575868372943E-4,0.7847639876070712,0.45,0.9,0.2,0.2,95.0,50.0,85.0,0.45,0.9,0.2,0.2,95.0,50.0,85.0,5513,3830,1683,5513,0.30527843279521133,0.7944236109970135,1.0,0.7944236109970135,1744,0.45535248041775456,1.0,1
"iteration_3","SCOPE_DATA_COLLECTION",1300,37,2290.0,2350.0,2,7562,5477,1883,7642,5363,1817,5429,3873,1328,2176,1617,561,0.28612754766600923,0.29453551912568304,0.29698253043938594,0.45067082590578017,0.8160643475179737,1.2961076143179366,0.9013416518115603,0.8160643475179737,0.8640717428786244,0.4280714680419967,0.469145365349858,0.47213855421686746,97.5,100.0,5059,4376,5487,45,3,4306,0.008895038545167029,6.855575868372943E-4,0.7847639876070712,0.45,0.9,0.2,0.2,95.0,50.0,85.0,0.45,0.9,0.2,0.2,95.0,50.0,85.0,1874,1277,597,1874,0.31856990394877266,1.3249094982805858,1.5,0.8832729988537239,641,0.5019577133907596,1.0,1
"iteration_3","SCOPE_DATA_COLLECTION",1300,38,2350.0,2410.0,0,7677,5513,1874,7562,5477,1883,5297,3836,1284,2383,1683,597,0.31028645833333335,0.30494654828773327,0.31738437001594894,0.44637203300760947,0.7956331784430271,1.3314888085700687,0.8927440660152189,0.7956331784430271,0.8876592057133791,0.4107985652255994,0.45542231491136603,0.5038940809968847,100.0,100.0,5041,4459,5564,52,1,4610,0.010315413608411029,2.2426553038797938E-4,0.8285406182602444,0.45,0.9,0.2,0.2,95.0,50.0,85.0,0.45,0.9,0.4,0.5,45.0,85.0,45.0,7643,5474,2169,7643,0.2837890880544289,0.4590000702745838,0.5,0.9180001405491676,2242,0.40957252466203875,1.0,1
"iteration_3","SCOPE_DATA_COLLECTION",1300,38,2350.0,2410.0,1,7677,5513,1874,7562,5477,1883,5297,3836,1284,2383,1683,597,0.31028645833333335,0.30494654828773327,0.31738437001594894,0.44637203300760947,0.7956331784430271,1.3314888085700687,0.8927440660152189,0.7956331784430271,0.8876592057133791,0.4107985652255994,0.45542231491136603,0.5038940809968847,100.0,100.0,5041,4459,5564,52,1,4610,0.010315413608411029,2.2426553038797938E-4,0.8285406182602444,0.45,0.9,0.2,0.2,95.0,50.0,85.0,0.45,0.9,0.4,0.5,45.0,85.0,45.0,5488,3880,1608,5488,0.29300291545189505,0.8585309660385941,1.0,0.8585309660385941,1909,0.4920103092783505,1.0,1
"iteration_3","SCOPE_DATA_COLLECTION",1300,38,2350.0,2410.0,2,7677,5513,1874,7562,5477,1883,5297,3836,1284,2383,1683,597,0.31028645833333335,0.30494654828773327,0.31738437001594894,0.44637203300760947,0.7956331784430271,1.3314888085700687,0.8927440660152189,0.7956331784430271,0.8876592057133791,0.4107985652255994,0.45542231491136603,0.5038940809968847,100.0,100.0,5041,4459,5564,52,1,4610,0.010315413608411029,2.2426553038797938E-4,0.8285406182602444,0.45,0.9,0.2,0.2,95.0,50.0,85.0,0.45,0.9,0.4,0.5,45.0,85.0,45.0,1850,1273,577,1850,0.31189189189189187,1.3339121229589843,1.5,0.8892747486393229,613,0.48153967007069914,1.0,1
"iteration_3","SCOPE_DATA_COLLECTION",1300,39,2410.0,2470.0,0,7643,5488,1850,7677,5513,1874,5448,3847,1264,2169,1608,577,0.284757778653013,0.294775435380385,0.3134166214014123,0.45626775426792543,0.8548940176932021,1.3365906323377224,0.9125355085358509,0.8548940176932021,0.8910604215584815,0.4080396475770925,0.4912919157785287,0.48417721518987344,97.5,100.0,5210,4402,5369,107,5,4242,0.02053742802303263,0.0011358473421172195,0.7900912646675359,0.45,0.9,0.4,0.5,45.0,85.0,45.0,0.55,0.9,0.4,0.6000000000000001,55.0,85.0,45.0,7514,6707,807,7514,0.10739952089433058,0.3854586527037017,0.5,0.7709173054074034,2261,0.3371104815864023,1.0,1
"iteration_3","SCOPE_DATA_COLLECTION",1300,39,2410.0,2470.0,1,7643,5488,1850,7677,5513,1874,5448,3847,1264,2169,1608,577,0.284757778653013,0.294775435380385,0.3134166214014123,0.45626775426792543,0.8548940176932021,1.3365906323377224,0.9125355085358509,0.8548940176932021,0.8910604215584815,0.4080396475770925,0.4912919157785287,0.48417721518987344,97.5,100.0,5210,4402,5369,107,5,4242,0.02053742802303263,0.0011358473421172195,0.7900912646675359,0.45,0.9,0.4,0.5,45.0,85.0,45.0,0.55,0.9,0.4,0.6000000000000001,55.0,85.0,45.0,5550,4916,634,5550,0.11423423423423423,0.7297668651685735,1.0,0.7297668651685735,1823,0.3708299430431245,1.0,1
"iteration_3","SCOPE_DATA_COLLECTION",1300,39,2410.0,2470.0,2,7643,5488,1850,7677,5513,1874,5448,3847,1264,2169,1608,577,0.284757778653013,0.294775435380385,0.3134166214014123,0.45626775426792543,0.8548940176932021,1.3365906323377224,0.9125355085358509,0.8548940176932021,0.8910604215584815,0.4080396475770925,0.4912919157785287,0.48417721518987344,97.5,100.0,5210,4402,5369,107,5,4242,0.02053742802303263,0.0011358473421172195,0.7900912646675359,0.45,0.9,0.4,0.5,45.0,85.0,45.0,0.55,0.9,0.4,0.6000000000000001,55.0,85.0,45.0,1862,1625,237,1862,0.1272824919441461,1.1848624538584898,1.5,0.7899083025723265,653,0.40184615384615385,1.0,1
"iteration_3","SCOPE_DATA_COLLECTION",1300,40,2470.0,2530.0,0,7514,5550,1862,7643,5488,1850,6727,4928,1626,799,625,232,0.10616529364868456,0.11255177381595534,0.12486544671689989,0.38752353217457536,0.7304732366571673,1.1830608492258052,0.7750470643491507,0.7304732366571673,0.7887072328172035,0.33908131410732867,0.37195616883116883,0.4009840098400984,95.0,100.0,5094,5460,4372,110,3,1543,0.021594032194738908,5.494505494505495E-4,0.3529277218664227,0.55,0.9,0.4,0.6000000000000001,55.0,85.0,45.0,0.65,0.9,0.4,0.6000000000000001,45.0,75.0,35.0,7671,7591,80,7671,0.010428888019814887,0.3206828987912209,0.5,0.6413657975824418,2097,0.2762481886444474,1.0,1
"iteration_3","SCOPE_DATA_COLLECTION",1300,40,2470.0,2530.0,1,7514,5550,1862,7643,5488,1850,6727,4928,1626,799,625,232,0.10616529364868456,0.11255177381595534,0.12486544671689989,0.38752353217457536,0.7304732366571673,1.1830608492258052,0.7750470643491507,0.7304732366571673,0.7887072328172035,0.33908131410732867,0.37195616883116883,0.4009840098400984,95.0,100.0,5094,5460,4372,110,3,1543,0.021594032194738908,5.494505494505495E-4,0.3529277218664227,0.55,0.9,0.4,0.6000000000000001,55.0,85.0,45.0,0.65,0.9,0.4,0.6000000000000001,45.0,75.0,35.0,5460,5385,75,5460,0.013736263736263736,0.6263229832576055,1.0,0.6263229832576055,1785,0.33147632311977715,1.0,1
"iteration_3","SCOPE_DATA_COLLECTION",1300,40,2470.0,2530.0,2,7514,5550,1862,7643,5488,1850,6727,4928,1626,799,625,232,0.10616529364868456,0.11255177381595534,0.12486544671689989,0.38752353217457536,0.7304732366571673,1.1830608492258052,0.7750470643491507,0.7304732366571673,0.7887072328172035,0.33908131410732867,0.37195616883116883,0.4009840098400984,95.0,100.0,5094,5460,4372,110,3,1543,0.021594032194738908,5.494505494505495E-4,0.3529277218664227,0.55,0.9,0.4,0.6000000000000001,55.0,85.0,45.0,0.65,0.9,0.4,0.6000000000000001,45.0,75.0,35.0,1859,1810,49,1859,0.026358257127487898,0.9978184834797516,1.5,0.6652123223198344,591,0.3265193370165746,1.0,1
"iteration_3","SCOPE_DATA_COLLECTION",1300,41,2530.0,2590.0,0,7671,5460,1859,7514,5550,1862,7578,5401,1798,88,84,54,0.01147925906600574,0.015314494074749316,0.029157667386609073,0.3204512831359946,0.6283827066787607,0.9921056911891818,0.6409025662719892,0.6283827066787607,0.6614037941261212,0.27540248086566377,0.33216071097944827,0.3236929922135706,97.5,100.0,5181,6426,3383,99,10,117,0.01910828025477707,0.001556178026766262,0.03458468814661543,0.65,0.9,0.4,0.6000000000000001,45.0,75.0,35.0,0.2,0.5,0.6000000000000001,0.7000000000000001,50.0,70.0,40.0,7683,3734,3949,7683,0.5139919302355851,0.5018487432399605,0.5,1.003697486479921,1972,0.5281199785752544,1.0,1
"iteration_3","SCOPE_DATA_COLLECTION",1300,41,2530.0,2590.0,1,7671,5460,1859,7514,5550,1862,7578,5401,1798,88,84,54,0.01147925906600574,0.015314494074749316,0.029157667386609073,0.3204512831359946,0.6283827066787607,0.9921056911891818,0.6409025662719892,0.6283827066787607,0.6614037941261212,0.27540248086566377,0.33216071097944827,0.3236929922135706,97.5,100.0,5181,6426,3383,99,10,117,0.01910828025477707,0.001556178026766262,0.03458468814661543,0.65,0.9,0.4,0.6000000000000001,45.0,75.0,35.0,0.2,0.5,0.6000000000000001,0.7000000000000001,50.0,70.0,40.0,5303,2494,2809,5303,0.5297001697152555,1.0866824001898603,1.0,1.0866824001898603,1716,0.6880513231756215,1.0,1
"iteration_3","SCOPE_DATA_COLLECTION",1300,41,2530.0,2590.0,2,7671,5460,1859,7514,5550,1862,7578,5401,1798,88,84,54,0.01147925906600574,0.015314494074749316,0.029157667386609073,0.3204512831359946,0.6283827066787607,0.9921056911891818,0.6409025662719892,0.6283827066787607,0.6614037941261212,0.27540248086566377,0.33216071097944827,0.3236929922135706,97.5,100.0,5181,6426,3383,99,10,117,0.01910828025477707,0.001556178026766262,0.03458468814661543,0.65,0.9,0.4,0.6000000000000001,45.0,75.0,35.0,0.2,0.5,0.6000000000000001,0.7000000000000001,50.0,70.0,40.0,1819,838,981,1819,0.5393073117097307,1.8149517766461853,1.5,1.209967851097457,621,0.7410501193317423,1.0,1
"iteration_3","SCOPE_DATA_COLLECTION",1300,42,2590.0,2650.0,0,7683,5303,1819,7671,5460,1859,3735,2500,855,3949,2809,980,0.5139250390421656,0.5291015257110567,0.5340599455040872,0.5012548682791859,1.086893073984025,1.801188252153984,1.0025097365583717,1.086893073984025,1.2007921681026559,0.5263721552878179,0.6856,0.7345029239766082,100.0,100.0,5221,1916,7668,121,2,7615,0.023175636851177937,0.0010438413361169101,0.9930881585811163,0.2,0.5,0.6000000000000001,0.7000000000000001,50.0,70.0,40.0,0.2,0.5,0.6000000000000001,0.8,40.0,80.0,50.0,7759,3720,4039,7759,0.5205567727799975,0.5110300315025375,0.5,1.022060063005075,1998,0.5370967741935484,1.0,1
"iteration_3","SCOPE_DATA_COLLECTION",1300,42,2590.0,2650.0,1,7683,5303,1819,7671,5460,1859,3735,2500,855,3949,2809,980,0.5139250390421656,0.5291015257110567,0.5340599455040872,0.5012548682791859,1.086893073984025,1.801188252153984,1.0025097365583717,1.086893073984025,1.2007921681026559,0.5263721552878179,0.6856,0.7345029239766082,100.0,100.0,5221,1916,7668,121,2,7615,0.023175636851177937,0.0010438413361169101,0.9930881585811163,0.2,0.5,0.6000000000000001,0.7000000000000001,50.0,70.0,40.0,0.2,0.5,0.6000000000000001,0.8,40.0,80.0,50.0,5444,2535,2909,5444,0.5343497428361499,1.103105821055556,1.0,1.103105821055556,1791,0.7065088757396449,1.0,1
"iteration_3","SCOPE_DATA_COLLECTION",1300,42,2590.0,2650.0,2,7683,5303,1819,7671,5460,1859,3735,2500,855,3949,2809,980,0.5139250390421656,0.5291015257110567,0.5340599455040872,0.5012548682791859,1.086893073984025,1.801188252153984,1.0025097365583717,1.086893073984025,1.2007921681026559,0.5263721552878179,0.6856,0.7345029239766082,100.0,100.0,5221,1916,7668,121,2,7615,0.023175636851177937,0.0010438413361169101,0.9930881585811163,0.2,0.5,0.6000000000000001,0.7000000000000001,50.0,70.0,40.0,0.2,0.5,0.6000000000000001,0.8,40.0,80.0,50.0,1803,793,1010,1803,0.5601774819744869,1.7767717903384557,1.5,1.1845145268923039,579,0.7301387137452712,1.0,1
"iteration_3","SCOPE_DATA_COLLECTION",1300,43,2650.0,2710.0,0,7759,5444,1803,7683,5303,1819,3729,2536,797,4039,2909,1011,0.5199536560247168,0.5342516069788797,0.5591814159292036,0.5124507803750769,1.102286260742567,1.7818677451077296,1.0249015607501537,1.102286260742567,1.1879118300718197,0.5395548404397962,0.7074132492113565,0.7314930991217063,97.5,100.0,5251,1898,7857,101,1,7857,0.019234431536850123,5.268703898840885E-4,1.0,0.2,0.5,0.6000000000000001,0.8,40.0,80.0,50.0,0.30000000000000004,0.5,0.5,0.7000000000000001,50.0,70.0,50.0,7552,4083,3469,7552,0.4593485169491525,0.4496729189100412,0.5,0.8993458378200824,1880,0.4604457506735244,1.0,1
"iteration_3","SCOPE_DATA_COLLECTION",1300,43,2650.0,2710.0,1,7759,5444,1803,7683,5303,1819,3729,2536,797,4039,2909,1011,0.5199536560247168,0.5342516069788797,0.5591814159292036,0.5124507803750769,1.102286260742567,1.7818677451077296,1.0249015607501537,1.102286260742567,1.1879118300718197,0.5395548404397962,0.7074132492113565,0.7314930991217063,97.5,100.0,5251,1898,7857,101,1,7857,0.019234431536850123,5.268703898840885E-4,1.0,0.2,0.5,0.6000000000000001,0.8,40.0,80.0,50.0,0.30000000000000004,0.5,0.5,0.7000000000000001,50.0,70.0,50.0,5370,2953,2417,5370,0.4500931098696462,0.9394568175161191,1.0,0.9394568175161191,1755,0.5943108703013884,1.0,1
"iteration_3","SCOPE_DATA_COLLECTION",1300,43,2650.0,2710.0,2,7759,5444,1803,7683,5303,1819,3729,2536,797,4039,2909,1011,0.5199536560247168,0.5342516069788797,0.5591814159292036,0.5124507803750769,1.102286260742567,1.7818677451077296,1.0249015607501537,1.102286260742567,1.1879118300718197,0.5395548404397962,0.7074132492113565,0.7314930991217063,97.5,100.0,5251,1898,7857,101,1,7857,0.019234431536850123,5.268703898840885E-4,1.0,0.2,0.5,0.6000000000000001,0.8,40.0,80.0,50.0,0.30000000000000004,0.5,0.5,0.7000000000000001,50.0,70.0,50.0,1768,963,805,1768,0.45531674208144796,1.57007480299401,1.5,1.04671653532934,603,0.6261682242990654,1.0,1
"iteration_3","SCOPE_DATA_COLLECTION",1300,44,2710.0,2770.0,0,7552,5370,1768,7759,5444,1803,4082,2936,962,3469,2417,805,0.45940934975499936,0.4515225107416402,0.4555744199207697,0.4485664010828951,0.9385031032995795,1.571917715669409,0.8971328021657902,0.9385031032995795,1.0479451437796061,0.45982361587457127,0.592983651226158,0.6278586278586279,97.5,100.0,5089,2923,6678,76,1,6614,0.014934171742975044,3.4211426616489907E-4,0.9904162923030848,0.30000000000000004,0.5,0.5,0.7000000000000001,50.0,70.0,50.0,0.30000000000000004,0.6000000000000001,0.6000000000000001,0.7000000000000001,40.0,80.0,40.0,7517,4160,3357,7517,0.446587734468538,0.4526945407890633,0.5,0.9053890815781266,1938,0.4658653846153846,1.0,1
"iteration_3","SCOPE_DATA_COLLECTION",1300,44,2710.0,2770.0,1,7552,5370,1768,7759,5444,1803,4082,2936,962,3469,2417,805,0.45940934975499936,0.4515225107416402,0.4555744199207697,0.4485664010828951,0.9385031032995795,1.571917715669409,0.8971328021657902,0.9385031032995795,1.0479451437796061,0.45982361587457127,0.592983651226158,0.6278586278586279,97.5,100.0,5089,2923,6678,76,1,6614,0.014934171742975044,3.4211426616489907E-4,0.9904162923030848,0.30000000000000004,0.5,0.5,0.7000000000000001,50.0,70.0,50.0,0.30000000000000004,0.6000000000000001,0.6000000000000001,0.7000000000000001,40.0,80.0,40.0,5490,2968,2522,5490,0.45938069216757743,0.9627499841183044,1.0,0.9627499841183044,1781,0.6000673854447439,1.0,1
"iteration_3","SCOPE_DATA_COLLECTION",1300,44,2710.0,2770.0,2,7552,5370,1768,7759,5444,1803,4082,2936,962,3469,2417,805,0.45940934975499936,0.4515225107416402,0.4555744199207697,0.4485664010828951,0.9385031032995795,1.571917715669409,0.8971328021657902,0.9385031032995795,1.0479451437796061,0.45982361587457127,0.592983651226158,0.6278586278586279,97.5,100.0,5089,2923,6678,76,1,6614,0.014934171742975044,3.4211426616489907E-4,0.9904162923030848,0.30000000000000004,0.5,0.5,0.7000000000000001,50.0,70.0,50.0,0.30000000000000004,0.6000000000000001,0.6000000000000001,0.7000000000000001,40.0,80.0,40.0,1917,957,960,1917,0.5007824726134585,1.59224059599154,1.5,1.0614937306610266,608,0.6353187042842215,1.0,1
"iteration_3","SCOPE_DATA_COLLECTION",1300,45,2770.0,2830.0,0,7517,5490,1917,7552,5370,1768,4162,2980,948,3357,2522,960,0.44646894533847586,0.4583787713558706,0.5031446540880503,0.45273477144010404,0.9603038430237358,1.5843819173864697,0.9054695428802081,0.9603038430237358,1.0562546115909799,0.46564151850072083,0.6006711409395973,0.630801687763713,100.0,100.0,5183,3011,6730,103,6,6730,0.019872660621261817,0.0019926934573231483,1.0,0.30000000000000004,0.6000000000000001,0.6000000000000001,0.7000000000000001,40.0,80.0,40.0,0.30000000000000004,0.6000000000000001,0.6000000000000001,0.7000000000000001,40.0,80.0,40.0,7735,4253,3482,7735,0.4501616031027796,0.46730537275881845,0.5,0.9346107455176369,2016,0.4740183399952974,1.0,1
"iteration_3","SCOPE_DATA_COLLECTION",1300,45,2770.0,2830.0,1,7517,5490,1917,7552,5370,1768,4162,2980,948,3357,2522,960,0.44646894533847586,0.4583787713558706,0.5031446540880503,0.45273477144010404,0.9603038430237358,1.5843819173864697,0.9054695428802081,0.9603038430237358,1.0562546115909799,0.46564151850072083,0.6006711409395973,0.630801687763713,100.0,100.0,5183,3011,6730,103,6,6730,0.019872660621261817,0.0019926934573231483,1.0,0.30000000000000004,0.6000000000000001,0.6000000000000001,0.7000000000000001,40.0,80.0,40.0,0.30000000000000004,0.6000000000000001,0.6000000000000001,0.7000000000000001,40.0,80.0,40.0,5385,2930,2455,5385,0.4558960074280409,0.9730685707153179,1.0,0.9730685707153179,1775,0.60580204778157,1.0,1
"iteration_3","SCOPE_DATA_COLLECTION",1300,45,2770.0,2830.0,2,7517,5490,1917,7552,5370,1768,4162,2980,948,3357,2522,960,0.44646894533847586,0.4583787713558706,0.5031446540880503,0.45273477144010404,0.9603038430237358,1.5843819173864697,0.9054695428802081,0.9603038430237358,1.0562546115909799,0.46564151850072083,0.6006711409395973,0.630801687763713,100.0,100.0,5183,3011,6730,103,6,6730,0.019872660621261817,0.0019926934573231483,1.0,0.30000000000000004,0.6000000000000001,0.6000000000000001,0.7000000000000001,40.0,80.0,40.0,0.30000000000000004,0.6000000000000001,0.6000000000000001,0.7000000000000001,40.0,80.0,40.0,1792,992,800,1792,0.44642857142857145,1.507495069524477,1.5,1.004996713016318,588,0.592741935483871,1.0,1
"iteration_3","SCOPE_DATA_COLLECTION",1300,46,2830.0,2890.0,0,7735,5385,1792,7517,5490,1917,4243,2924,1001,3482,2455,800,0.4507443365695793,0.4564045361591374,0.4441976679622432,0.46794827058043303,0.9722656426712747,1.5156179839207664,0.9358965411608661,0.9722656426712747,1.010411989280511,0.4739571058213528,0.6053351573187414,0.5974025974025974,95.0,100.0,5274,2900,6738,113,1,6623,0.02142586272279105,3.448275862068965E-4,0.9829326209557733,0.30000000000000004,0.6000000000000001,0.6000000000000001,0.7000000000000001,40.0,80.0,40.0,0.9500000000000001,0.5,0.6000000000000001,0.5,25.0,60.0,85.0,7650,7561,89,7650,0.011633986928104575,0.32919409159212404,0.5,0.6583881831842481,2104,0.2782700700965481,1.0,1
"iteration_3","SCOPE_DATA_COLLECTION",1300,46,2830.0,2890.0,1,7735,5385,1792,7517,5490,1917,4243,2924,1001,3482,2455,800,0.4507443365695793,0.4564045361591374,0.4441976679622432,0.46794827058043303,0.9722656426712747,1.5156179839207664,0.9358965411608661,0.9722656426712747,1.010411989280511,0.4739571058213528,0.6053351573187414,0.5974025974025974,95.0,100.0,5274,2900,6738,113,1,6623,0.02142586272279105,3.448275862068965E-4,0.9829326209557733,0.30000000000000004,0.6000000000000001,0.6000000000000001,0.7000000000000001,40.0,80.0,40.0,0.9500000000000001,0.5,0.6000000000000001,0.5,25.0,60.0,85.0,5414,5321,93,5414,0.017177687476911712,0.6720763582094563,1.0,0.6720763582094563,1831,0.34410825032888553,1.0,1
"iteration_3","SCOPE_DATA_COLLECTION",1300,46,2830.0,2890.0,2,7735,5385,1792,7517,5490,1917,4243,2924,1001,3482,2455,800,0.4507443365695793,0.4564045361591374,0.4441976679622432,0.46794827058043303,0.9722656426712747,1.5156179839207664,0.9358965411608661,0.9722656426712747,1.010411989280511,0.4739571058213528,0.6053351573187414,0.5974025974025974,95.0,100.0,5274,2900,6738,113,1,6623,0.02142586272279105,3.448275862068965E-4,0.9829326209557733,0.30000000000000004,0.6000000000000001,0.6000000000000001,0.7000000000000001,40.0,80.0,40.0,0.9500000000000001,0.5,0.6000000000000001,0.5,25.0,60.0,85.0,1851,1785,66,1851,0.03565640194489465,1.0152013659585082,1.5,0.6768009106390055,587,0.3288515406162465,1.0,1
"iteration_3","SCOPE_DATA_COLLECTION",1300,47,2890.0,2950.0,0,7650,5414,1851,7735,5385,1792,7550,5318,1776,89,93,66,0.011650739625605446,0.017187211236370358,0.035830618892508145,0.3287306404535601,0.6752342999382592,1.0173139372698974,0.6574612809071202,0.6752342999382592,0.6782092915132649,0.2785430463576159,0.34505453177886425,0.3293918918918919,97.5,100.0,5305,9157,453,128,118,2,0.02412818096135721,0.012886316479196244,0.004415011037527594,0.9500000000000001,0.5,0.6000000000000001,0.5,25.0,60.0,85.0,0.8500000000000001,0.4,0.7000000000000001,0.5,25.0,50.0,85.0,7547,7521,26,7547,0.0034450775142440705,0.3070636235823055,0.5,0.614127247164611,1952,0.2595399547932456,1.0,1
"iteration_3","SCOPE_DATA_COLLECTION",1300,47,2890.0,2950.0,1,7650,5414,1851,7735,5385,1792,7550,5318,1776,89,93,66,0.011650739625605446,0.017187211236370358,0.035830618892508145,0.3287306404535601,0.6752342999382592,1.0173139372698974,0.6574612809071202,0.6752342999382592,0.6782092915132649,0.2785430463576159,0.34505453177886425,0.3293918918918919,97.5,100.0,5305,9157,453,128,118,2,0.02412818096135721,0.012886316479196244,0.004415011037527594,0.9500000000000001,0.5,0.6000000000000001,0.5,25.0,60.0,85.0,0.8500000000000001,0.4,0.7000000000000001,0.5,25.0,50.0,85.0,5352,5324,28,5352,0.00523168908819133,0.6377278597622501,1.0,0.6377278597622501,1804,0.33884297520661155,1.0,1
"iteration_3","SCOPE_DATA_COLLECTION",1300,47,2890.0,2950.0,2,7650,5414,1851,7735,5385,1792,7550,5318,1776,89,93,66,0.011650739625605446,0.017187211236370358,0.035830618892508145,0.3287306404535601,0.6752342999382592,1.0173139372698974,0.6574612809071202,0.6752342999382592,0.6782092915132649,0.2785430463576159,0.34505453177886425,0.3293918918918919,97.5,100.0,5305,9157,453,128,118,2,0.02412818096135721,0.012886316479196244,0.004415011037527594,0.9500000000000001,0.5,0.6000000000000001,0.5,25.0,60.0,85.0,0.8500000000000001,0.4,0.7000000000000001,0.5,25.0,50.0,85.0,1799,1761,38,1799,0.021122846025569762,0.981093483105221,1.5,0.6540623220701474,567,0.3219761499148211,1.0,1
"iteration_3","SCOPE_DATA_COLLECTION",1300,48,2950.0,3010.0,0,7547,5352,1799,7650,5414,1851,7534,5313,1766,26,28,38,0.0034391534391534392,0.005242463958060288,0.02106430155210643,0.3072042200408749,0.6337764250355923,0.980202624603288,0.6144084400817498,0.6337764250355923,0.653468416402192,0.2589593841252986,0.33747412008281574,0.32163080407701017,97.5,100.0,5226,8019,1453,84,8,0,0.016073478760045924,9.97630627260257E-4,0.0,0.8500000000000001,0.4,0.7000000000000001,0.5,25.0,50.0,85.0,0.9500000000000001,0.4,0.6000000000000001,0.6000000000000001,20.0,40.0,75.0,7551,7479,72,7551,0.009535160905840286,0.3179960119274116,0.5,0.6359920238548232,1953,0.2611311672683514,1.0,1
"iteration_3","SCOPE_DATA_COLLECTION",1300,48,2950.0,3010.0,1,7547,5352,1799,7650,5414,1851,7534,5313,1766,26,28,38,0.0034391534391534392,0.005242463958060288,0.02106430155210643,0.3072042200408749,0.6337764250355923,0.980202624603288,0.6144084400817498,0.6337764250355923,0.653468416402192,0.2589593841252986,0.33747412008281574,0.32163080407701017,97.5,100.0,5226,8019,1453,84,8,0,0.016073478760045924,9.97630627260257E-4,0.0,0.8500000000000001,0.4,0.7000000000000001,0.5,25.0,50.0,85.0,0.9500000000000001,0.4,0.6000000000000001,0.6000000000000001,20.0,40.0,75.0,5451,5370,81,5451,0.014859658778205834,0.6568072744479186,1.0,0.6568072744479186,1851,0.3446927374301676,1.0,1
"iteration_3","SCOPE_DATA_COLLECTION",1300,48,2950.0,3010.0,2,7547,5352,1799,7650,5414,1851,7534,5313,1766,26,28,38,0.0034391534391534392,0.005242463958060288,0.02106430155210643,0.3072042200408749,0.6337764250355923,0.980202624603288,0.6144084400817498,0.6337764250355923,0.653468416402192,0.2589593841252986,0.33747412008281574,0.32163080407701017,97.5,100.0,5226,8019,1453,84,8,0,0.016073478760045924,9.97630627260257E-4,0.0,0.8500000000000001,0.4,0.7000000000000001,0.5,25.0,50.0,85.0,0.9500000000000001,0.4,0.6000000000000001,0.6000000000000001,20.0,40.0,75.0,1873,1825,48,1873,0.02562733582487987,1.023306447722468,1.5,0.6822042984816453,598,0.32767123287671235,1.0,1
"iteration_3","SCOPE_DATA_COLLECTION",1300,49,3010.0,3070.0,0,7551,5451,1873,7547,5352,1799,7474,5363,1828,70,81,48,0.009278897136797455,0.014878765613519472,0.0255863539445629,0.31802135110317353,0.6563756993943787,1.0218896824331392,0.6360427022063471,0.6563756993943787,0.6812597882887594,0.26077067166176077,0.34346447883647213,0.3276805251641138,100.0,100.0,5206,9198,471,122,77,0,0.02343449865539762,0.00837138508371385,0.0,0.9500000000000001,0.4,0.6000000000000001,0.6000000000000001,20.0,40.0,75.0,0.9500000000000001,0.4,0.6000000000000001,0.7000000000000001,20.0,30.0,85.0,7741,7639,102,7741,0.013176592171554063,0.3217912016341033,0.5,0.6435824032682066,2012,0.26338525985076583,1.0,1
"iteration_3","SCOPE_DATA_COLLECTION",1300,49,3010.0,3070.0,1,7551,5451,1873,7547,5352,1799,7474,5363,1828,70,81,48,0.009278897136797455,0.014878765613519472,0.0255863539445629,0.31802135110317353,0.6563756993943787,1.0218896824331392,0.6360427022063471,0.6563756993943787,0.6812597882887594,0.26077067166176077,0.34346447883647213,0.3276805251641138,100.0,100.0,5206,9198,471,122,77,0,0.02343449865539762,0.00837138508371385,0.0,0.9500000000000001,0.4,0.6000000000000001,0.6000000000000001,20.0,40.0,75.0,0.9500000000000001,0.4,0.6000000000000001,0.7000000000000001,20.0,30.0,85.0,5463,5375,88,5463,0.01610836536701446,0.6488862791893999,1.0,0.6488862791893999,1792,0.3333953488372093,1.0,1
"iteration_3","SCOPE_DATA_COLLECTION",1300,49,3010.0,3070.0,2,7551,5451,1873,7547,5352,1799,7474,5363,1828,70,81,48,0.009278897136797455,0.014878765613519472,0.0255863539445629,0.31802135110317353,0.6563756993943787,1.0218896824331392,0.6360427022063471,0.6563756993943787,0.6812597882887594,0.26077067166176077,0.34346447883647213,0.3276805251641138,100.0,100.0,5206,9198,471,122,77,0,0.02343449865539762,0.00837138508371385,0.0,0.9500000000000001,0.4,0.6000000000000001,0.6000000000000001,20.0,40.0,75.0,0.9500000000000001,0.4,0.6000000000000001,0.7000000000000001,20.0,30.0,85.0,1856,1805,51,1856,0.02747844827586207,1.0458809570596646,1.5,0.6972539713731097,612,0.33905817174515235,1.0,1
"iteration_3","SCOPE_DATA_COLLECTION",1300,50,3070.0,3130.0,0,7741,5463,1856,7551,5451,1873,7640,5395,1798,104,88,51,0.013429752066115703,0.016049607878898413,0.027582477014602487,0.322605449412948,0.6520147446974464,1.0441233639938423,0.645210898825896,0.6520147446974464,0.6960822426625616,0.2643979057591623,0.3362372567191844,0.3381535038932147,100.0,100.0,5179,9360,521,89,154,0,0.017184784707472485,0.016452991452991454,0.0,0.9500000000000001,0.4,0.6000000000000001,0.7000000000000001,20.0,30.0,85.0,0.8500000000000001,0.5,0.7000000000000001,0.6000000000000001,20.0,20.0,85.0,7489,7463,26,7489,0.003471758579249566,0.3179422524080211,0.5,0.6358845048160422,2074,0.27790432801822323,1.0,1
"iteration_3","SCOPE_DATA_COLLECTION",1300,50,3070.0,3130.0,1,7741,5463,1856,7551,5451,1873,7640,5395,1798,104,88,51,0.013429752066115703,0.016049607878898413,0.027582477014602487,0.322605449412948,0.6520147446974464,1.0441233639938423,0.645210898825896,0.6520147446974464,0.6960822426625616,0.2643979057591623,0.3362372567191844,0.3381535038932147,100.0,100.0,5179,9360,521,89,154,0,0.017184784707472485,0.016452991452991454,0.0,0.9500000000000001,0.4,0.6000000000000001,0.7000000000000001,20.0,30.0,85.0,0.8500000000000001,0.5,0.7000000000000001,0.6000000000000001,20.0,20.0,85.0,5497,5444,53,5497,0.009641622703292704,0.6450306144035384,1.0,0.6450306144035384,1804,0.331373989713446,1.0,1
"iteration_3","SCOPE_DATA_COLLECTION",1300,50,3070.0,3130.0,2,7741,5463,1856,7551,5451,1873,7640,5395,1798,104,88,51,0.013429752066115703,0.016049607878898413,0.027582477014602487,0.322605449412948,0.6520147446974464,1.0441233639938423,0.645210898825896,0.6520147446974464,0.6960822426625616,0.2643979057591623,0.3362372567191844,0.3381535038932147,100.0,100.0,5179,9360,521,89,154,0,0.017184784707472485,0.016452991452991454,0.0,0.9500000000000001,0.4,0.6000000000000001,0.7000000000000001,20.0,30.0,85.0,0.8500000000000001,0.5,0.7000000000000001,0.6000000000000001,20.0,20.0,85.0,1876,1833,43,1876,0.022921108742004266,1.0473260702249507,1.5,0.6982173801499671,641,0.3496999454446263,1.0,1
"iteration_3","SCOPE_DATA_COLLECTION",1300,51,3130.0,3190.0,0,7489,5497,1876,7741,5463,1856,7468,5441,1822,26,52,43,0.003469442220443021,0.009466593846714,0.023056300268096516,0.31737316152518597,0.6433881377772636,1.0445133951282257,0.6347463230503719,0.6433881377772636,0.6963422634188171,0.2779860739153723,0.33118911964712366,0.34742041712403954,100.0,100.0,5173,8260,1429,104,17,0,0.02010438816934081,0.0020581113801452786,0.0,0.8500000000000001,0.5,0.7000000000000001,0.6000000000000001,20.0,20.0,85.0,0.35000000000000003,0.4,0.1,0.6000000000000001,30.0,70.0,90.0,7593,4447,3146,7593,0.4143289872250757,0.437422215363982,0.5,0.874844430727964,2009,0.4517652349898808,1.0,1
"iteration_3","SCOPE_DATA_COLLECTION",1300,51,3130.0,3190.0,1,7489,5497,1876,7741,5463,1856,7468,5441,1822,26,52,43,0.003469442220443021,0.009466593846714,0.023056300268096516,0.31737316152518597,0.6433881377772636,1.0445133951282257,0.6347463230503719,0.6433881377772636,0.6963422634188171,0.2779860739153723,0.33118911964712366,0.34742041712403954,100.0,100.0,5173,8260,1429,104,17,0,0.02010438816934081,0.0020581113801452786,0.0,0.8500000000000001,0.5,0.7000000000000001,0.6000000000000001,20.0,20.0,85.0,0.35000000000000003,0.4,0.1,0.6000000000000001,30.0,70.0,90.0,5419,3279,2140,5419,0.39490680937442335,0.8470616818183683,1.0,0.8470616818183683,1832,0.55870692284233,1.0,1
"iteration_3","SCOPE_DATA_COLLECTION",1300,51,3130.0,3190.0,2,7489,5497,1876,7741,5463,1856,7468,5441,1822,26,52,43,0.003469442220443021,0.009466593846714,0.023056300268096516,0.31737316152518597,0.6433881377772636,1.0445133951282257,0.6347463230503719,0.6433881377772636,0.6963422634188171,0.2779860739153723,0.33118911964712366,0.34742041712403954,100.0,100.0,5173,8260,1429,104,17,0,0.02010438816934081,0.0020581113801452786,0.0,0.8500000000000001,0.5,0.7000000000000001,0.6000000000000001,20.0,20.0,85.0,0.35000000000000003,0.4,0.1,0.6000000000000001,30.0,70.0,90.0,1795,1054,741,1795,0.4128133704735376,1.3757495459893896,1.5,0.9171663639929264,566,0.5370018975332068,1.0,1
"iteration_3","SCOPE_DATA_COLLECTION",1300,52,3190.0,3250.0,0,7593,5419,1795,7489,5497,1876,4458,3278,1075,3146,2141,741,0.41372961599158337,0.39509134526665435,0.4080396475770925,0.4381868658332025,0.8520535563752301,1.3849497741348975,0.876373731666405,0.8520535563752301,0.923299849423265,0.4522207267833109,0.5585723001830384,0.5404651162790698,100.0,100.0,5147,3414,6246,34,4,5990,0.006605789780454634,0.0011716461628588166,0.9590137688120397,0.35000000000000003,0.4,0.1,0.6000000000000001,30.0,70.0,90.0,0.25,0.5,0.2,0.6000000000000001,20.0,60.0,90.0,7637,3861,3776,7637,0.4944349875605604,0.4809689153343303,0.5,0.9619378306686606,1962,0.5081585081585082,1.0,1
"iteration_3","SCOPE_DATA_COLLECTION",1300,52,3190.0,3250.0,1,7593,5419,1795,7489,5497,1876,4458,3278,1075,3146,2141,741,0.41372961599158337,0.39509134526665435,0.4080396475770925,0.4381868658332025,0.8520535563752301,1.3849497741348975,0.876373731666405,0.8520535563752301,0.923299849423265,0.4522207267833109,0.5585723001830384,0.5404651162790698,100.0,100.0,5147,3414,6246,34,4,5990,0.006605789780454634,0.0011716461628588166,0.9590137688120397,0.35000000000000003,0.4,0.1,0.6000000000000001,30.0,70.0,90.0,0.25,0.5,0.2,0.6000000000000001,20.0,60.0,90.0,5470,2767,2703,5470,0.4941499085923218,0.9487389794892754,1.0,0.9487389794892754,1761,0.6364293458619443,1.0,1
"iteration_3","SCOPE_DATA_COLLECTION",1300,52,3190.0,3250.0,2,7593,5419,1795,7489,5497,1876,4458,3278,1075,3146,2141,741,0.41372961599158337,0.39509134526665435,0.4080396475770925,0.4381868658332025,0.8520535563752301,1.3849497741348975,0.876373731666405,0.8520535563752301,0.923299849423265,0.4522207267833109,0.5585723001830384,0.5404651162790698,100.0,100.0,5147,3414,6246,34,4,5990,0.006605789780454634,0.0011716461628588166,0.9590137688120397,0.35000000000000003,0.4,0.1,0.6000000000000001,30.0,70.0,90.0,0.25,0.5,0.2,0.6000000000000001,20.0,60.0,90.0,1879,906,973,1879,0.5178286322511975,1.6089095959039341,1.5,1.0726063972692894,592,0.6534216335540839,1.0,1
"iteration_3","SCOPE_DATA_COLLECTION",1300,53,3250.0,3310.0,0,7637,5470,1879,7593,5419,1795,3855,2773,899,3776,2703,973,0.4948237452496396,0.49360847333820307,0.5197649572649573,0.4797084542669102,0.945091884522815,1.601307196437918,0.9594169085338204,0.945091884522815,1.067538130958612,0.5068741893644617,0.6336098088712586,0.6518353726362626,97.5,100.0,5120,2478,7388,62,2,7388,0.012109375,8.071025020177562E-4,1.0,0.25,0.5,0.2,0.6000000000000001,20.0,60.0,90.0,0.05,0.8,0.6000000000000001,0.1,70.0,85.0,55.0,7488,2825,4663,7488,0.6227297008547008,0.6320649483774698,0.5,1.2641298967549397,1992,0.7051327433628318,1.0,1
"iteration_3","SCOPE_DATA_COLLECTION",1300,53,3250.0,3310.0,1,7637,5470,1879,7593,5419,1795,3855,2773,899,3776,2703,973,0.4948237452496396,0.49360847333820307,0.5197649572649573,0.4797084542669102,0.945091884522815,1.601307196437918,0.9594169085338204,0.945091884522815,1.067538130958612,0.5068741893644617,0.6336098088712586,0.6518353726362626,97.5,100.0,5120,2478,7388,62,2,7388,0.012109375,8.071025020177562E-4,1.0,0.25,0.5,0.2,0.6000000000000001,20.0,60.0,90.0,0.05,0.8,0.6000000000000001,0.1,70.0,85.0,55.0,5465,1965,3500,5465,0.6404391582799634,1.333847650861964,1.0,1.333847650861964,1703,0.8666666666666667,1.0,1
"iteration_3","SCOPE_DATA_COLLECTION",1300,53,3250.0,3310.0,2,7637,5470,1879,7593,5419,1795,3855,2773,899,3776,2703,973,0.4948237452496396,0.49360847333820307,0.5197649572649573,0.4797084542669102,0.945091884522815,1.601307196437918,0.9594169085338204,0.945091884522815,1.067538130958612,0.5068741893644617,0.6336098088712586,0.6518353726362626,97.5,100.0,5120,2478,7388,62,2,7388,0.012109375,8.071025020177562E-4,1.0,0.25,0.5,0.2,0.6000000000000001,20.0,60.0,90.0,0.05,0.8,0.6000000000000001,0.1,70.0,85.0,55.0,1896,698,1198,1896,0.6318565400843882,2.0534602695753827,1.5,1.3689735130502552,638,0.9140401146131805,1.0,1
"iteration_3","SCOPE_DATA_COLLECTION",1300,54,3310.0,3370.0,0,7488,5465,1896,7637,5470,1879,2835,1972,701,4663,3500,1198,0.62189917311283,0.6396198830409356,0.630858346498157,0.6327487876438193,1.3331712892018694,2.0474145571050495,1.2654975752876385,1.3331712892018694,1.364943038070033,0.7054673721340388,0.8676470588235294,0.9087018544935807,100.0,100.0,5029,507,9313,48,0,9313,0.00954464108172599,0.0,1.0,0.05,0.8,0.6000000000000001,0.1,70.0,85.0,55.0,0.5,0.4,0.4,0.4,20.0,70.0,30.0,7662,6245,1417,7662,0.1849386583137562,0.429451798379421,0.5,0.858903596758842,2277,0.3646116893514812,1.0,1
"iteration_3","SCOPE_DATA_COLLECTION",1300,54,3310.0,3370.0,1,7488,5465,1896,7637,5470,1879,2835,1972,701,4663,3500,1198,0.62189917311283,0.6396198830409356,0.630858346498157,0.6327487876438193,1.3331712892018694,2.0474145571050495,1.2654975752876385,1.3331712892018694,1.364943038070033,0.7054673721340388,0.8676470588235294,0.9087018544935807,100.0,100.0,5029,507,9313,48,0,9313,0.00954464108172599,0.0,1.0,0.05,0.8,0.6000000000000001,0.1,70.0,85.0,55.0,0.5,0.4,0.4,0.4,20.0,70.0,30.0,5496,4450,1046,5496,0.19032023289665212,0.7939270042018092,1.0,0.7939270042018092,1881,0.42269662921348317,1.0,1
"iteration_3","SCOPE_DATA_COLLECTION",1300,54,3310.0,3370.0,2,7488,5465,1896,7637,5470,1879,2835,1972,701,4663,3500,1198,0.62189917311283,0.6396198830409356,0.630858346498157,0.6327487876438193,1.3331712892018694,2.0474145571050495,1.2654975752876385,1.3331712892018694,1.364943038070033,0.7054673721340388,0.8676470588235294,0.9087018544935807,100.0,100.0,5029,507,9313,48,0,9313,0.00954464108172599,0.0,1.0,0.05,0.8,0.6000000000000001,0.1,70.0,85.0,55.0,0.5,0.4,0.4,0.4,20.0,70.0,30.0,1825,1451,374,1825,0.20493150684931508,1.2243531594675612,1.5,0.8162354396450408,618,0.4259131633356306,1.0,1
"iteration_3","SCOPE_DATA_COLLECTION",1300,55,3370.0,3430.0,0,7662,5496,1825,7488,5465,1896,6238,4452,1447,1417,1046,374,0.18510777269758327,0.19025100036376863,0.20538165842943437,0.4298978286836815,0.7977274652666381,1.2223878581205467,0.859795657367363,0.7977274652666381,0.8149252387470312,0.3653414555947419,0.4252021563342318,0.4250172771250864,100.0,100.0,5229,4862,4892,100,2,2735,0.019124115509657678,4.1135335252982314E-4,0.5590760425183974,0.5,0.4,0.4,0.4,20.0,70.0,30.0,0.6000000000000001,0.30000000000000004,0.4,0.30000000000000004,20.0,80.0,20.0,7497,7197,300,7497,0.040016006402561026,0.3213169087578676,0.5,0.6426338175157352,1928,0.26788939836042797,1.0,1
"iteration_3","SCOPE_DATA_COLLECTION",1300,55,3370.0,3430.0,1,7662,5496,1825,7488,5465,1896,6238,4452,1447,1417,1046,374,0.18510777269758327,0.19025100036376863,0.20538165842943437,0.4298978286836815,0.7977274652666381,1.2223878581205467,0.859795657367363,0.7977274652666381,0.8149252387470312,0.3653414555947419,0.4252021563342318,0.4250172771250864,100.0,100.0,5229,4862,4892,100,2,2735,0.019124115509657678,4.1135335252982314E-4,0.5590760425183974,0.5,0.4,0.4,0.4,20.0,70.0,30.0,0.6000000000000001,0.30000000000000004,0.4,0.30000000000000004,20.0,80.0,20.0,5577,5328,249,5577,0.04464766003227542,0.6553771394094474,1.0,0.6553771394094474,1806,0.33896396396396394,1.0,1
"iteration_3","SCOPE_DATA_COLLECTION",1300,55,3370.0,3430.0,2,7662,5496,1825,7488,5465,1896,6238,4452,1447,1417,1046,374,0.18510777269758327,0.19025100036376863,0.20538165842943437,0.4298978286836815,0.7977274652666381,1.2223878581205467,0.859795657367363,0.7977274652666381,0.8149252387470312,0.3653414555947419,0.4252021563342318,0.4250172771250864,100.0,100.0,5229,4862,4892,100,2,2735,0.019124115509657678,4.1135335252982314E-4,0.5590760425183974,0.5,0.4,0.4,0.4,20.0,70.0,30.0,0.6000000000000001,0.30000000000000004,0.4,0.30000000000000004,20.0,80.0,20.0,1847,1735,112,1847,0.06063887384948565,1.0800780050144005,1.5,0.7200520033429337,634,0.3654178674351585,1.0,1
"iteration_3","SCOPE_DATA_COLLECTION",1300,56,3430.0,3490.0,0,7497,5577,1847,7662,5496,1825,7195,5308,1730,300,249,112,0.0400266844563042,0.04480834982904445,0.06080347448425624,0.32061472242880085,0.6524960555388708,1.084693223039342,0.6412294448576017,0.6524960555388708,0.7231288153595613,0.26685198054204307,0.3370384325546345,0.3676300578034682,97.5,100.0,5111,5893,3917,64,10,587,0.012522011348072784,0.0016969285593076533,0.14985958641817718,0.6000000000000001,0.30000000000000004,0.4,0.30000000000000004,20.0,80.0,20.0,0.6000000000000001,0.30000000000000004,0.5,0.2,30.0,70.0,30.0,7658,7283,375,7658,0.04896839905980674,0.3312109605721782,0.5,0.6624219211443564,1922,0.2639022380886997,1.0,1
"iteration_3","SCOPE_DATA_COLLECTION",1300,56,3430.0,3490.0,1,7497,5577,1847,7662,5496,1825,7195,5308,1730,300,249,112,0.0400266844563042,0.04480834982904445,0.06080347448425624,0.32061472242880085,0.6524960555388708,1.084693223039342,0.6412294448576017,0.6524960555388708,0.7231288153595613,0.26685198054204307,0.3370384325546345,0.3676300578034682,97.5,100.0,5111,5893,3917,64,10,587,0.012522011348072784,0.0016969285593076533,0.14985958641817718,0.6000000000000001,0.30000000000000004,0.4,0.30000000000000004,20.0,80.0,20.0,0.6000000000000001,0.30000000000000004,0.5,0.2,30.0,70.0,30.0,5644,5291,353,5644,0.06254429482636428,0.667973057046091,1.0,0.667973057046091,1862,0.3519183519183519,1.0,1
"iteration_3","SCOPE_DATA_COLLECTION",1300,56,3430.0,3490.0,2,7497,5577,1847,7662,5496,1825,7195,5308,1730,300,249,112,0.0400266844563042,0.04480834982904445,0.06080347448425624,0.32061472242880085,0.6524960555388708,1.084693223039342,0.6412294448576017,0.6524960555388708,0.7231288153595613,0.26685198054204307,0.3370384325546345,0.3676300578034682,97.5,100.0,5111,5893,3917,64,10,587,0.012522011348072784,0.0016969285593076533,0.14985958641817718,0.6000000000000001,0.30000000000000004,0.4,0.30000000000000004,20.0,80.0,20.0,0.6000000000000001,0.30000000000000004,0.5,0.2,30.0,70.0,30.0,1753,1623,130,1753,0.07415858528237307,1.0463330473368935,1.5,0.6975553648912624,583,0.359211337030191,1.0,1
"iteration_3","SCOPE_DATA_COLLECTION",1300,57,3490.0,3550.0,0,7658,5644,1753,7497,5577,1847,7272,5284,1621,375,353,130,0.04903883876029816,0.06262196203654426,0.07424328954882924,0.33178648538770245,0.6659175398166364,1.046320773003678,0.6635729707754049,0.6659175398166364,0.697547182002452,0.26416391639163916,0.35143830431491296,0.3596545342381246,97.5,100.0,5175,5943,3937,68,3,787,0.013140096618357487,5.047955577990914E-4,0.1998983997967996,0.6000000000000001,0.30000000000000004,0.5,0.2,30.0,70.0,30.0,0.35000000000000003,0.6000000000000001,0.9,0.9,70.0,25.0,65.0,7600,4492,3108,7600,0.4089473684210526,0.4459031925194505,0.5,0.891806385038901,1982,0.44122885129118433,1.0,1
"iteration_3","SCOPE_DATA_COLLECTION",1300,57,3490.0,3550.0,1,7658,5644,1753,7497,5577,1847,7272,5284,1621,375,353,130,0.04903883876029816,0.06262196203654426,0.07424328954882924,0.33178648538770245,0.6659175398166364,1.046320773003678,0.6635729707754049,0.6659175398166364,0.697547182002452,0.26416391639163916,0.35143830431491296,0.3596545342381246,97.5,100.0,5175,5943,3937,68,3,787,0.013140096618357487,5.047955577990914E-4,0.1998983997967996,0.6000000000000001,0.30000000000000004,0.5,0.2,30.0,70.0,30.0,0.35000000000000003,0.6000000000000001,0.9,0.9,70.0,25.0,65.0,5499,3216,2283,5499,0.41516639388979815,0.9445299084459015,1.0,0.9445299084459015,1841,0.5724502487562189,1.0,1
"iteration_3","SCOPE_DATA_COLLECTION",1300,57,3490.0,3550.0,2,7658,5644,1753,7497,5577,1847,7272,5284,1621,375,353,130,0.04903883876029816,0.06262196203654426,0.07424328954882924,0.33178648538770245,0.6659175398166364,1.046320773003678,0.6635729707754049,0.6659175398166364,0.697547182002452,0.26416391639163916,0.35143830431491296,0.3596545342381246,97.5,100.0,5175,5943,3937,68,3,787,0.013140096618357487,5.047955577990914E-4,0.1998983997967996,0.6000000000000001,0.30000000000000004,0.5,0.2,30.0,70.0,30.0,0.35000000000000003,0.6000000000000001,0.9,0.9,70.0,25.0,65.0,1764,996,768,1764,0.43537414965986393,1.4726322798605966,1.5,0.9817548532403978,567,0.5692771084337349,1.0,1
"iteration_3","SCOPE_DATA_COLLECTION",1300,58,3550.0,3619.170026425441,0,7600,5499,1764,7658,5644,1753,4507,3224,1002,3108,2283,768,0.4081418253447144,0.4145632830942437,0.43389830508474575,0.4442239196060194,0.9415903868021656,1.4558680822197352,0.8884478392120388,0.9415903868021656,0.9705787214798235,0.4399822498335922,0.5700992555831266,0.56187624750499,100.0,100.0,5278,3306,6279,99,2,6058,0.018757104964001514,6.049606775559589E-4,0.9648033126293996,0.35000000000000003,0.6000000000000001,0.9,0.9,70.0,25.0,65.0,0.25,0.6000000000000001,0.9,0.9,60.0,20.0,65.0,6374,3167,3179,6346,0.5009454774661204,0.47878792807719694,0.5,0.9575758561543939,1590,0.5020524155352069,0.9956071540633825,0
"iteration_3","SCOPE_DATA_COLLECTION",1300,58,3550.0,3619.170026425441,1,7600,5499,1764,7658,5644,1753,4507,3224,1002,3108,2283,768,0.4081418253447144,0.4145632830942437,0.43389830508474575,0.4442239196060194,0.9415903868021656,1.4558680822197352,0.8884478392120388,0.9415903868021656,0.9705787214798235,0.4399822498335922,0.5700992555831266,0.56187624750499,100.0,100.0,5278,3306,6279,99,2,6058,0.018757104964001514,6.049606775559589E-4,0.9648033126293996,0.35000000000000003,0.6000000000000001,0.9,0.9,70.0,25.0,65.0,0.25,0.6000000000000001,0.9,0.9,60.0,20.0,65.0,4591,2273,2262,4535,0.498787210584344,1.0553068576930826,1.0,1.0553068576930826,1495,0.6577210734711835,0.9878022217381834,0
"iteration_3","SCOPE_DATA_COLLECTION",1300,58,3550.0,3619.170026425441,2,7600,5499,1764,7658,5644,1753,4507,3224,1002,3108,2283,768,0.4081418253447144,0.4145632830942437,0.43389830508474575,0.4442239196060194,0.9415903868021656,1.4558680822197352,0.8884478392120388,0.9415903868021656,0.9705787214798235,0.4399822498335922,0.5700992555831266,0.56187624750499,100.0,100.0,5278,3306,6279,99,2,6058,0.018757104964001514,6.049606775559589E-4,0.9648033126293996,0.35000000000000003,0.6000000000000001,0.9,0.9,70.0,25.0,65.0,0.25,0.6000000000000001,0.9,0.9,60.0,20.0,65.0,1497,687,786,1473,0.5336048879837068,1.6839981654633007,1.5,1.1226654436422006,469,0.6826783114992722,0.9839679358717435,0
"iteration_3","SCOPE_DATA_COLLECTION",1400,0,70.0,130.0,0,7979,5464,1755,0,0,0,7454,5046,1558,463,346,161,0.05848174813692055,0.06416913946587537,0.09365910413030831,0.3369466294885918,0.6816173988139645,1.0641888698277473,0.6738932589771836,0.6816173988139645,0.7094592465518316,0.28360611752079423,0.35315101070154575,0.35301668806161746,100.0,100.0,5244,5945,4009,137,4,829,0.02612509534706331,6.72834314550042E-4,0.20678473434771763,0.6,0.5,0.7,0.4,85.0,80.0,90.0,0.55,0.9,0.9,0.30000000000000004,55.0,70.0,25.0,8479,7500,979,8479,0.11546172897747375,0.3883965529171146,0.5,0.7767931058342292,2466,0.3288,1.0,1
"iteration_3","SCOPE_DATA_COLLECTION",1400,0,70.0,130.0,1,7979,5464,1755,0,0,0,7454,5046,1558,463,346,161,0.05848174813692055,0.06416913946587537,0.09365910413030831,0.3369466294885918,0.6816173988139645,1.0641888698277473,0.6738932589771836,0.6816173988139645,0.7094592465518316,0.28360611752079423,0.35315101070154575,0.35301668806161746,100.0,100.0,5244,5945,4009,137,4,829,0.02612509534706331,6.72834314550042E-4,0.20678473434771763,0.6,0.5,0.7,0.4,85.0,80.0,90.0,0.55,0.9,0.9,0.30000000000000004,55.0,70.0,25.0,5876,5145,731,5876,0.12440435670524166,0.7654500625878368,1.0,0.7654500625878368,1947,0.3784256559766764,1.0,1
"iteration_3","SCOPE_DATA_COLLECTION",1400,0,70.0,130.0,2,7979,5464,1755,0,0,0,7454,5046,1558,463,346,161,0.05848174813692055,0.06416913946587537,0.09365910413030831,0.3369466294885918,0.6816173988139645,1.0641888698277473,0.6738932589771836,0.6816173988139645,0.7094592465518316,0.28360611752079423,0.35315101070154575,0.35301668806161746,100.0,100.0,5244,5945,4009,137,4,829,0.02612509534706331,6.72834314550042E-4,0.20678473434771763,0.6,0.5,0.7,0.4,85.0,80.0,90.0,0.55,0.9,0.9,0.30000000000000004,55.0,70.0,25.0,1948,1679,269,1948,0.13809034907597537,1.123010260629227,1.5,0.7486735070861513,621,0.3698630136986301,1.0,1
"iteration_3","SCOPE_DATA_COLLECTION",1400,1,130.0,190.0,0,8479,5876,1948,7979,5464,1755,7491,5129,1673,979,731,267,0.11558441558441558,0.12474402730375427,0.13762886597938145,0.38379921857590926,0.7581990247470494,1.1138951350610649,0.7675984371518185,0.7581990247470494,0.7425967567073766,0.32692564410626085,0.37570676545135506,0.36640765092647937,100.0,100.0,5420,5972,4911,155,7,1815,0.02859778597785978,0.001172136637642331,0.369578497251069,0.55,0.9,0.9,0.30000000000000004,55.0,70.0,25.0,0.65,0.8,0.8,0.2,45.0,60.0,35.0,8551,8388,163,8551,0.019062098000233892,0.33930551460904307,0.5,0.6786110292180861,2321,0.2767048164043872,1.0,1
"iteration_3","SCOPE_DATA_COLLECTION",1400,1,130.0,190.0,1,8479,5876,1948,7979,5464,1755,7491,5129,1673,979,731,267,0.11558441558441558,0.12474402730375427,0.13762886597938145,0.38379921857590926,0.7581990247470494,1.1138951350610649,0.7675984371518185,0.7581990247470494,0.7425967567073766,0.32692564410626085,0.37570676545135506,0.36640765092647937,100.0,100.0,5420,5972,4911,155,7,1815,0.02859778597785978,0.001172136637642331,0.369578497251069,0.55,0.9,0.9,0.30000000000000004,55.0,70.0,25.0,0.65,0.8,0.8,0.2,45.0,60.0,35.0,5802,5669,133,5802,0.022923129955187867,0.6516491019763593,1.0,0.6516491019763593,1803,0.3180455106720762,1.0,1
"iteration_3","SCOPE_DATA_COLLECTION",1400,1,130.0,190.0,2,8479,5876,1948,7979,5464,1755,7491,5129,1673,979,731,267,0.11558441558441558,0.12474402730375427,0.13762886597938145,0.38379921857590926,0.7581990247470494,1.1138951350610649,0.7675984371518185,0.7581990247470494,0.7425967567073766,0.32692564410626085,0.37570676545135506,0.36640765092647937,100.0,100.0,5420,5972,4911,155,7,1815,0.02859778597785978,0.001172136637642331,0.369578497251069,0.55,0.9,0.9,0.30000000000000004,55.0,70.0,25.0,0.65,0.8,0.8,0.2,45.0,60.0,35.0,1976,1912,64,1976,0.032388663967611336,0.9948599078455002,1.5,0.6632399385636668,625,0.32688284518828453,1.0,1
"iteration_3","SCOPE_DATA_COLLECTION",1400,2,190.0,250.0,0,8551,5802,1976,8479,5876,1948,8414,5679,1919,163,133,66,0.01900431386265594,0.022883688919476945,0.03324937027707808,0.34178886933240804,0.6560417979323169,1.0000462818162565,0.6835777386648161,0.6560417979323169,0.6666975212108377,0.2789398621345377,0.3195985208663497,0.327774882751433,100.0,100.0,5240,7208,3881,95,4,263,0.01812977099236641,5.549389567147614E-4,0.06776603968049472,0.65,0.8,0.8,0.2,45.0,60.0,35.0,0.5,0.4,0.9,0.6000000000000001,25.0,40.0,50.0,8456,6212,2244,8456,0.2653736991485336,0.4798661668842576,0.5,0.9597323337685152,2431,0.3913393432066967,1.0,1
"iteration_3","SCOPE_DATA_COLLECTION",1400,2,190.0,250.0,1,8551,5802,1976,8479,5876,1948,8414,5679,1919,163,133,66,0.01900431386265594,0.022883688919476945,0.03324937027707808,0.34178886933240804,0.6560417979323169,1.0000462818162565,0.6835777386648161,0.6560417979323169,0.6666975212108377,0.2789398621345377,0.3195985208663497,0.327774882751433,100.0,100.0,5240,7208,3881,95,4,263,0.01812977099236641,5.549389567147614E-4,0.06776603968049472,0.65,0.8,0.8,0.2,45.0,60.0,35.0,0.5,0.4,0.9,0.6000000000000001,25.0,40.0,50.0,5907,4281,1626,5907,0.27526663280853225,0.8807877403881903,1.0,0.8807877403881903,1941,0.4533987386124737,1.0,1
"iteration_3","SCOPE_DATA_COLLECTION",1400,2,190.0,250.0,2,8551,5802,1976,8479,5876,1948,8414,5679,1919,163,133,66,0.01900431386265594,0.022883688919476945,0.03324937027707808,0.34178886933240804,0.6560417979323169,1.0000462818162565,0.6835777386648161,0.6560417979323169,0.6666975212108377,0.2789398621345377,0.3195985208663497,0.327774882751433,100.0,100.0,5240,7208,3881,95,4,263,0.01812977099236641,5.549389567147614E-4,0.06776603968049472,0.65,0.8,0.8,0.2,45.0,60.0,35.0,0.5,0.4,0.9,0.6000000000000001,25.0,40.0,50.0,1910,1344,566,1910,0.2963350785340314,1.306478011697569,1.5,0.8709853411317127,611,0.45461309523809523,1.0,1
"iteration_3","SCOPE_DATA_COLLECTION",1400,3,250.0,310.0,0,8456,5907,1910,8551,5802,1976,6225,4298,1362,2244,1626,566,0.26496634785688983,0.274476704929102,0.29356846473029047,0.4821708037895159,0.8794732670665265,1.3090760066322977,0.9643416075790318,0.8794732670665265,0.8727173377548652,0.3921285140562249,0.45207073057235925,0.4566813509544787,100.0,100.0,5387,5377,5509,121,5,4310,0.02246148134397624,9.298865538404315E-4,0.7823561444908331,0.5,0.4,0.9,0.6000000000000001,25.0,40.0,50.0,0.6000000000000001,0.4,0.9,0.6000000000000001,35.0,40.0,40.0,8402,7671,731,8402,0.0870030945013092,0.3639667338616327,0.5,0.7279334677232654,2309,0.3010037804719072,1.0,1
"iteration_3","SCOPE_DATA_COLLECTION",1400,3,250.0,310.0,1,8456,5907,1910,8551,5802,1976,6225,4298,1362,2244,1626,566,0.26496634785688983,0.274476704929102,0.29356846473029047,0.4821708037895159,0.8794732670665265,1.3090760066322977,0.9643416075790318,0.8794732670665265,0.8727173377548652,0.3921285140562249,0.45207073057235925,0.4566813509544787,100.0,100.0,5387,5377,5509,121,5,4310,0.02246148134397624,9.298865538404315E-4,0.7823561444908331,0.5,0.4,0.9,0.6000000000000001,25.0,40.0,50.0,0.6000000000000001,0.4,0.9,0.6000000000000001,35.0,40.0,40.0,5908,5343,565,5908,0.09563303994583615,0.7277050330555026,1.0,0.7277050330555026,1996,0.37357289912034436,1.0,1
"iteration_3","SCOPE_DATA_COLLECTION",1400,3,250.0,310.0,2,8456,5907,1910,8551,5802,1976,6225,4298,1362,2244,1626,566,0.26496634785688983,0.274476704929102,0.29356846473029047,0.4821708037895159,0.8794732670665265,1.3090760066322977,0.9643416075790318,0.8794732670665265,0.8727173377548652,0.3921285140562249,0.45207073057235925,0.4566813509544787,100.0,100.0,5387,5377,5509,121,5,4310,0.02246148134397624,9.298865538404315E-4,0.7823561444908331,0.5,0.4,0.9,0.6000000000000001,25.0,40.0,50.0,0.6000000000000001,0.4,0.9,0.6000000000000001,35.0,40.0,40.0,1934,1693,241,1934,0.12461220268872802,1.0748750299835665,1.5,0.7165833533223777,594,0.35085646780862373,1.0,1
"iteration_3","SCOPE_DATA_COLLECTION",1400,4,310.0,370.0,0,8402,5908,1934,8456,5907,1910,7665,5337,1687,725,561,237,0.0864123957091776,0.09511698880976602,0.12318087318087319,0.36369915042637635,0.7281067828771343,1.0755268677058931,0.7273983008527527,0.7281067828771343,0.7170179118039287,0.3001956947162427,0.37343076634813566,0.3515115589804386,100.0,100.0,5281,6538,4425,102,3,1418,0.019314523764438554,4.588559192413582E-4,0.32045197740112996,0.6000000000000001,0.4,0.9,0.6000000000000001,35.0,40.0,40.0,0.6000000000000001,0.5,0.8,0.7000000000000001,25.0,30.0,30.0,8500,7678,822,8500,0.09670588235294118,0.36708562425175295,0.5,0.7341712485035059,2389,0.3111487366501693,1.0,1
"iteration_3","SCOPE_DATA_COLLECTION",1400,4,310.0,370.0,1,8402,5908,1934,8456,5907,1910,7665,5337,1687,725,561,237,0.0864123957091776,0.09511698880976602,0.12318087318087319,0.36369915042637635,0.7281067828771343,1.0755268677058931,0.7273983008527527,0.7281067828771343,0.7170179118039287,0.3001956947162427,0.37343076634813566,0.3515115589804386,100.0,100.0,5281,6538,4425,102,3,1418,0.019314523764438554,4.588559192413582E-4,0.32045197740112996,0.6000000000000001,0.4,0.9,0.6000000000000001,35.0,40.0,40.0,0.6000000000000001,0.5,0.8,0.7000000000000001,25.0,30.0,30.0,5816,5232,584,5816,0.10041265474552957,0.7136329246949871,1.0,0.7136329246949871,1849,0.35340214067278286,1.0,1
"iteration_3","SCOPE_DATA_COLLECTION",1400,4,310.0,370.0,2,8402,5908,1934,8456,5907,1910,7665,5337,1687,725,561,237,0.0864123957091776,0.09511698880976602,0.12318087318087319,0.36369915042637635,0.7281067828771343,1.0755268677058931,0.7273983008527527,0.7281067828771343,0.7170179118039287,0.3001956947162427,0.37343076634813566,0.3515115589804386,100.0,100.0,5281,6538,4425,102,3,1418,0.019314523764438554,4.588559192413582E-4,0.32045197740112996,0.6000000000000001,0.4,0.9,0.6000000000000001,35.0,40.0,40.0,0.6000000000000001,0.5,0.8,0.7000000000000001,25.0,30.0,30.0,1910,1672,238,1910,0.12460732984293194,1.1102137779548775,1.5,0.740142518636585,603,0.36064593301435405,1.0,1
"iteration_3","SCOPE_DATA_COLLECTION",1400,5,370.0,430.0,0,8500,5816,1910,8402,5908,1934,7655,5233,1662,828,588,242,0.09760697866320878,0.10101357155127985,0.12710084033613445,0.36682183467084023,0.7175762230115039,1.1100476210790118,0.7336436693416805,0.7175762230115039,0.7400317473860079,0.3110385369039843,0.35639212688706284,0.35980746089049337,97.5,100.0,5415,6427,4384,155,6,1497,0.028624192059095107,9.335615372646647E-4,0.3414689781021898,0.6000000000000001,0.5,0.8,0.7000000000000001,25.0,30.0,30.0,0.7000000000000001,0.4,0.8,0.7000000000000001,25.0,40.0,40.0,8590,8565,25,8590,0.002910360884749709,0.30858293205324117,0.5,0.6171658641064823,2257,0.26351430239346174,1.0,1
"iteration_3","SCOPE_DATA_COLLECTION",1400,5,370.0,430.0,1,8500,5816,1910,8402,5908,1934,7655,5233,1662,828,588,242,0.09760697866320878,0.10101357155127985,0.12710084033613445,0.36682183467084023,0.7175762230115039,1.1100476210790118,0.7336436693416805,0.7175762230115039,0.7400317473860079,0.3110385369039843,0.35639212688706284,0.35980746089049337,97.5,100.0,5415,6427,4384,155,6,1497,0.028624192059095107,9.335615372646647E-4,0.3414689781021898,0.6000000000000001,0.5,0.8,0.7000000000000001,25.0,30.0,30.0,0.7000000000000001,0.4,0.8,0.7000000000000001,25.0,40.0,40.0,5879,5824,55,5879,0.009355332539547541,0.6457769117656589,1.0,0.6457769117656589,1882,0.3231456043956044,1.0,1
"iteration_3","SCOPE_DATA_COLLECTION",1400,5,370.0,430.0,2,8500,5816,1910,8402,5908,1934,7655,5233,1662,828,588,242,0.09760697866320878,0.10101357155127985,0.12710084033613445,0.36682183467084023,0.7175762230115039,1.1100476210790118,0.7336436693416805,0.7175762230115039,0.7400317473860079,0.3110385369039843,0.35639212688706284,0.35980746089049337,97.5,100.0,5415,6427,4384,155,6,1497,0.028624192059095107,9.335615372646647E-4,0.3414689781021898,0.6000000000000001,0.5,0.8,0.7000000000000001,25.0,30.0,30.0,0.7000000000000001,0.4,0.8,0.7000000000000001,25.0,40.0,40.0,1940,1882,58,1940,0.029896907216494847,0.9763563010574099,1.5,0.6509042007049399,577,0.3065887353878852,1.0,1
"iteration_3","SCOPE_DATA_COLLECTION",1400,6,430.0,490.0,0,8590,5879,1940,8500,5816,1910,8580,5823,1889,25,55,58,0.002905287623474724,0.00935692412385165,0.029789419619928096,0.3095250441727811,0.6431644091942977,0.9798700525256145,0.6190500883455622,0.6431644091942977,0.653246701683743,0.26433566433566436,0.321483771251932,0.3080995235574378,100.0,100.0,5458,7741,3210,134,4,0,0.024551117625503847,5.16729104766826E-4,0.0,0.7000000000000001,0.4,0.8,0.7000000000000001,25.0,40.0,40.0,0.9500000000000001,0.1,0.30000000000000004,0.4,25.0,75.0,70.0,8630,8247,383,8630,0.04438006952491309,0.3156242250790313,0.5,0.6312484501580626,2011,0.24384624712016492,1.0,1
"iteration_3","SCOPE_DATA_COLLECTION",1400,6,430.0,490.0,1,8590,5879,1940,8500,5816,1910,8580,5823,1889,25,55,58,0.002905287623474724,0.00935692412385165,0.029789419619928096,0.3095250441727811,0.6431644091942977,0.9798700525256145,0.6190500883455622,0.6431644091942977,0.653246701683743,0.26433566433566436,0.321483771251932,0.3080995235574378,100.0,100.0,5458,7741,3210,134,4,0,0.024551117625503847,5.16729104766826E-4,0.0,0.7000000000000001,0.4,0.8,0.7000000000000001,25.0,40.0,40.0,0.9500000000000001,0.1,0.30000000000000004,0.4,25.0,75.0,70.0,5781,5469,312,5781,0.05396990140114167,0.6698224559453477,1.0,0.6698224559453477,1848,0.337904552934723,1.0,1
"iteration_3","SCOPE_DATA_COLLECTION",1400,6,430.0,490.0,2,8590,5879,1940,8500,5816,1910,8580,5823,1889,25,55,58,0.002905287623474724,0.00935692412385165,0.029789419619928096,0.3095250441727811,0.6431644091942977,0.9798700525256145,0.6190500883455622,0.6431644091942977,0.653246701683743,0.26433566433566436,0.321483771251932,0.3080995235574378,100.0,100.0,5458,7741,3210,134,4,0,0.024551117625503847,5.16729104766826E-4,0.0,0.7000000000000001,0.4,0.8,0.7000000000000001,25.0,40.0,40.0,0.9500000000000001,0.1,0.30000000000000004,0.4,25.0,75.0,70.0,1935,1793,142,1935,0.07338501291989664,1.061789558382965,1.5,0.7078597055886434,621,0.3463469046291132,1.0,1
"iteration_3","SCOPE_DATA_COLLECTION",1400,7,490.0,550.0,0,8630,5781,1935,8590,5879,1940,8235,5491,1776,383,312,142,0.04444186586214899,0.053765293813544716,0.0740354535974974,0.3156556095009378,0.6745028989613469,1.0584245449115637,0.6313112190018756,0.6745028989613469,0.7056163632743758,0.24395871281117182,0.3409215079220543,0.34459459459459457,100.0,100.0,5417,10396,533,75,762,0,0.01384530182757984,0.07329742208541747,0.0,0.9500000000000001,0.1,0.30000000000000004,0.4,25.0,75.0,70.0,0.9500000000000001,0.2,0.30000000000000004,0.4,25.0,75.0,70.0,8379,8088,291,8379,0.0347296813462227,0.3311893762487522,0.5,0.6623787524975044,2226,0.27522255192878337,1.0,1
"iteration_3","SCOPE_DATA_COLLECTION",1400,7,490.0,550.0,1,8630,5781,1935,8590,5879,1940,8235,5491,1776,383,312,142,0.04444186586214899,0.053765293813544716,0.0740354535974974,0.3156556095009378,0.6745028989613469,1.0584245449115637,0.6313112190018756,0.6745028989613469,0.7056163632743758,0.24395871281117182,0.3409215079220543,0.34459459459459457,100.0,100.0,5417,10396,533,75,762,0,0.01384530182757984,0.07329742208541747,0.0,0.9500000000000001,0.1,0.30000000000000004,0.4,25.0,75.0,70.0,0.9500000000000001,0.2,0.30000000000000004,0.4,25.0,75.0,70.0,5892,5672,220,5892,0.0373387644263408,0.6491877318723768,1.0,0.6491877318723768,1798,0.3169957686882934,1.0,1
"iteration_3","SCOPE_DATA_COLLECTION",1400,7,490.0,550.0,2,8630,5781,1935,8590,5879,1940,8235,5491,1776,383,312,142,0.04444186586214899,0.053765293813544716,0.0740354535974974,0.3156556095009378,0.6745028989613469,1.0584245449115637,0.6313112190018756,0.6745028989613469,0.7056163632743758,0.24395871281117182,0.3409215079220543,0.34459459459459457,100.0,100.0,5417,10396,533,75,762,0,0.01384530182757984,0.07329742208541747,0.0,0.9500000000000001,0.1,0.30000000000000004,0.4,25.0,75.0,70.0,0.9500000000000001,0.2,0.30000000000000004,0.4,25.0,75.0,70.0,1902,1812,90,1902,0.0473186119873817,1.07000268301492,1.5,0.7133351220099468,632,0.3487858719646799,1.0,1
"iteration_3","SCOPE_DATA_COLLECTION",1400,8,550.0,610.0,0,8379,5892,1902,8630,5781,1935,8094,5661,1830,291,220,90,0.034704830053667264,0.03740860397891515,0.046875,0.33132456824965856,0.6479818231240633,1.0680703502947921,0.6626491364993171,0.6479818231240633,0.712046900196528,0.27477143563133183,0.3158452570217276,0.3475409836065574,100.0,100.0,5361,10296,516,82,519,0,0.015295653795933594,0.05040792540792541,0.0,0.9500000000000001,0.2,0.30000000000000004,0.4,25.0,75.0,70.0,0.8500000000000001,0.2,0.4,0.30000000000000004,25.0,85.0,60.0,8515,8496,19,8515,0.002231356429829712,0.29281170006377727,0.5,0.5856234001275545,2017,0.23740583804143126,1.0,1
"iteration_3","SCOPE_DATA_COLLECTION",1400,8,550.0,610.0,1,8379,5892,1902,8630,5781,1935,8094,5661,1830,291,220,90,0.034704830053667264,0.03740860397891515,0.046875,0.33132456824965856,0.6479818231240633,1.0680703502947921,0.6626491364993171,0.6479818231240633,0.712046900196528,0.27477143563133183,0.3158452570217276,0.3475409836065574,100.0,100.0,5361,10296,516,82,519,0,0.015295653795933594,0.05040792540792541,0.0,0.9500000000000001,0.2,0.30000000000000004,0.4,25.0,75.0,70.0,0.8500000000000001,0.2,0.4,0.30000000000000004,25.0,85.0,60.0,5898,5852,46,5898,0.007799253984401492,0.6247050148696801,1.0,0.6247050148696801,1827,0.31220095693779903,1.0,1
"iteration_3","SCOPE_DATA_COLLECTION",1400,8,550.0,610.0,2,8379,5892,1902,8630,5781,1935,8094,5661,1830,291,220,90,0.034704830053667264,0.03740860397891515,0.046875,0.33132456824965856,0.6479818231240633,1.0680703502947921,0.6626491364993171,0.6479818231240633,0.712046900196528,0.27477143563133183,0.3158452570217276,0.3475409836065574,100.0,100.0,5361,10296,516,82,519,0,0.015295653795933594,0.05040792540792541,0.0,0.9500000000000001,0.2,0.30000000000000004,0.4,25.0,75.0,70.0,0.8500000000000001,0.2,0.4,0.30000000000000004,25.0,85.0,60.0,1951,1905,46,1951,0.023577652485904665,1.0006582784011953,1.5,0.6671055189341302,622,0.32650918635170606,1.0,1
"iteration_3","SCOPE_DATA_COLLECTION",1400,9,610.0,670.0,0,8515,5898,1951,8379,5892,1902,8514,5869,1894,19,46,45,0.0022266494784952537,0.007776838546069315,0.02320783909231563,0.2934221439523743,0.6255843541387696,1.0011484366214953,0.5868442879047486,0.6255843541387696,0.6674322910809969,0.23854827343199436,0.313341284716306,0.32682154171066524,100.0,100.0,5346,9309,1709,102,8,0,0.019079685746352413,8.593833924159416E-4,0.0,0.8500000000000001,0.2,0.4,0.30000000000000004,25.0,85.0,60.0,0.75,0.2,0.5,0.30000000000000004,35.0,85.0,60.0,8438,8401,37,8438,0.004384925337757762,0.2864930259655755,0.5,0.572986051931151,1971,0.23461492679442925,1.0,1
"iteration_3","SCOPE_DATA_COLLECTION",1400,9,610.0,670.0,1,8515,5898,1951,8379,5892,1902,8514,5869,1894,19,46,45,0.0022266494784952537,0.007776838546069315,0.02320783909231563,0.2934221439523743,0.6255843541387696,1.0011484366214953,0.5868442879047486,0.6255843541387696,0.6674322910809969,0.23854827343199436,0.313341284716306,0.32682154171066524,100.0,100.0,5346,9309,1709,102,8,0,0.019079685746352413,8.593833924159416E-4,0.0,0.8500000000000001,0.2,0.4,0.30000000000000004,25.0,85.0,60.0,0.75,0.2,0.5,0.30000000000000004,35.0,85.0,60.0,5983,5929,54,5983,0.009025572455289989,0.6255140344636594,1.0,0.6255140344636594,1874,0.31607353685275763,1.0,1
"iteration_3","SCOPE_DATA_COLLECTION",1400,9,610.0,670.0,2,8515,5898,1951,8379,5892,1902,8514,5869,1894,19,46,45,0.0022266494784952537,0.007776838546069315,0.02320783909231563,0.2934221439523743,0.6255843541387696,1.0011484366214953,0.5868442879047486,0.6255843541387696,0.6674322910809969,0.23854827343199436,0.313341284716306,0.32682154171066524,100.0,100.0,5346,9309,1709,102,8,0,0.019079685746352413,8.593833924159416E-4,0.0,0.8500000000000001,0.2,0.4,0.30000000000000004,25.0,85.0,60.0,0.75,0.2,0.5,0.30000000000000004,35.0,85.0,60.0,2038,1997,41,2038,0.020117762512266928,0.9702787906988232,1.5,0.6468525271325488,617,0.30896344516775165,1.0,1
"iteration_3","SCOPE_DATA_COLLECTION",1400,10,670.0,730.0,0,8438,5983,2038,8515,5898,1951,8393,5909,2008,37,54,42,0.0043890865954922895,0.00905584437363743,0.02048780487804878,0.28565012621115227,0.6224121212499686,0.9766597553209367,0.5713002524223045,0.6224121212499686,0.6511065035472912,0.2335279399499583,0.3137586732103571,0.31324701195219123,97.5,100.0,5347,8285,2827,99,9,25,0.018515055171123996,0.0010863005431502716,0.008843296781039971,0.75,0.2,0.5,0.30000000000000004,35.0,85.0,60.0,0.15000000000000002,0.30000000000000004,0.1,0.7000000000000001,25.0,25.0,40.0,8555,3711,4844,8555,0.566218585622443,0.5000341102646988,0.5,1.0000682205293976,1993,0.537052007545136,1.0,1
"iteration_3","SCOPE_DATA_COLLECTION",1400,10,670.0,730.0,1,8438,5983,2038,8515,5898,1951,8393,5909,2008,37,54,42,0.0043890865954922895,0.00905584437363743,0.02048780487804878,0.28565012621115227,0.6224121212499686,0.9766597553209367,0.5713002524223045,0.6224121212499686,0.6511065035472912,0.2335279399499583,0.3137586732103571,0.31324701195219123,97.5,100.0,5347,8285,2827,99,9,25,0.018515055171123996,0.0010863005431502716,0.008843296781039971,0.75,0.2,0.5,0.30000000000000004,35.0,85.0,60.0,0.15000000000000002,0.30000000000000004,0.1,0.7000000000000001,25.0,25.0,40.0,5987,2517,3470,5987,0.5795891097377651,0.9932924539561684,1.0,0.9932924539561684,1762,0.7000397298371077,1.0,1
"iteration_3","SCOPE_DATA_COLLECTION",1400,10,670.0,730.0,2,8438,5983,2038,8515,5898,1951,8393,5909,2008,37,54,42,0.0043890865954922895,0.00905584437363743,0.02048780487804878,0.28565012621115227,0.6224121212499686,0.9766597553209367,0.5713002524223045,0.6224121212499686,0.6511065035472912,0.2335279399499583,0.3137586732103571,0.31324701195219123,97.5,100.0,5347,8285,2827,99,9,25,0.018515055171123996,0.0010863005431502716,0.008843296781039971,0.75,0.2,0.5,0.30000000000000004,35.0,85.0,60.0,0.15000000000000002,0.30000000000000004,0.1,0.7000000000000001,25.0,25.0,40.0,1939,789,1150,1939,0.5930892212480661,1.753107822778971,1.5,1.168738548519314,579,0.7338403041825095,1.0,1
"iteration_3","SCOPE_DATA_COLLECTION",1400,11,730.0,790.0,0,8555,5987,1939,8438,5983,2038,3709,2540,796,4844,3469,1150,0.5663509879574419,0.5773007155932768,0.590955806783145,0.49834932019219486,0.99591544384308,1.7316461294733918,0.9966986403843897,0.99591544384308,1.1544307529822613,0.5338366136424912,0.6980314960629921,0.7211055276381909,100.0,100.0,5294,1714,9473,42,0,9421,0.007933509633547412,0.0,0.9945107146627257,0.15000000000000002,0.30000000000000004,0.1,0.7000000000000001,25.0,25.0,40.0,0.15000000000000002,0.4,0.1,0.7000000000000001,35.0,35.0,30.0,8470,3531,4939,8470,0.5831168831168831,0.4994749529240959,0.5,0.9989499058481918,1902,0.5386576040781649,1.0,1
"iteration_3","SCOPE_DATA_COLLECTION",1400,11,730.0,790.0,1,8555,5987,1939,8438,5983,2038,3709,2540,796,4844,3469,1150,0.5663509879574419,0.5773007155932768,0.590955806783145,0.49834932019219486,0.99591544384308,1.7316461294733918,0.9966986403843897,0.99591544384308,1.1544307529822613,0.5338366136424912,0.6980314960629921,0.7211055276381909,100.0,100.0,5294,1714,9473,42,0,9421,0.007933509633547412,0.0,0.9945107146627257,0.15000000000000002,0.30000000000000004,0.1,0.7000000000000001,25.0,25.0,40.0,0.15000000000000002,0.4,0.1,0.7000000000000001,35.0,35.0,30.0,5832,2494,3338,5832,0.5723593964334706,0.9781444514036649,1.0,0.9781444514036649,1703,0.6828388131515638,1.0,1
"iteration_3","SCOPE_DATA_COLLECTION",1400,11,730.0,790.0,2,8555,5987,1939,8438,5983,2038,3709,2540,796,4844,3469,1150,0.5663509879574419,0.5773007155932768,0.590955806783145,0.49834932019219486,0.99591544384308,1.7316461294733918,0.9966986403843897,0.99591544384308,1.1544307529822613,0.5338366136424912,0.6980314960629921,0.7211055276381909,100.0,100.0,5294,1714,9473,42,0,9421,0.007933509633547412,0.0,0.9945107146627257,0.15000000000000002,0.30000000000000004,0.1,0.7000000000000001,25.0,25.0,40.0,0.15000000000000002,0.4,0.1,0.7000000000000001,35.0,35.0,30.0,1982,815,1167,1982,0.5887991927346115,1.728111525128706,1.5,1.152074350085804,590,0.7239263803680982,1.0,1
"iteration_3","SCOPE_DATA_COLLECTION",1400,12,790.0,850.0,0,8470,5832,1982,8555,5987,1939,3543,2493,808,4939,3339,1166,0.5822919122848385,0.5725308641975309,0.5906788247213779,0.500913580085643,0.9753423391821496,1.7249537276103253,1.001827160171286,0.9753423391821496,1.1499691517402169,0.5413491391476151,0.6835138387484958,0.7227722772277227,97.5,100.0,5165,1730,9389,54,1,9389,0.010454985479186834,5.780346820809249E-4,1.0,0.15000000000000002,0.4,0.1,0.7000000000000001,35.0,35.0,30.0,0.8500000000000001,0.5,0.6000000000000001,0.6000000000000001,20.0,65.0,30.0,8414,8352,62,8414,0.0073686712621820775,0.31677955170905875,0.5,0.6335591034181175,2181,0.26113505747126436,1.0,1
"iteration_3","SCOPE_DATA_COLLECTION",1400,12,790.0,850.0,1,8470,5832,1982,8555,5987,1939,3543,2493,808,4939,3339,1166,0.5822919122848385,0.5725308641975309,0.5906788247213779,0.500913580085643,0.9753423391821496,1.7249537276103253,1.001827160171286,0.9753423391821496,1.1499691517402169,0.5413491391476151,0.6835138387484958,0.7227722772277227,97.5,100.0,5165,1730,9389,54,1,9389,0.010454985479186834,5.780346820809249E-4,1.0,0.15000000000000002,0.4,0.1,0.7000000000000001,35.0,35.0,30.0,0.8500000000000001,0.5,0.6000000000000001,0.6000000000000001,20.0,65.0,30.0,5970,5884,86,5970,0.01440536013400335,0.6630032945508516,1.0,0.6630032945508516,1905,0.3237593473827328,1.0,1
"iteration_3","SCOPE_DATA_COLLECTION",1400,12,790.0,850.0,2,8470,5832,1982,8555,5987,1939,3543,2493,808,4939,3339,1166,0.5822919122848385,0.5725308641975309,0.5906788247213779,0.500913580085643,0.9753423391821496,1.7249537276103253,1.001827160171286,0.9753423391821496,1.1499691517402169,0.5413491391476151,0.6835138387484958,0.7227722772277227,97.5,100.0,5165,1730,9389,54,1,9389,0.010454985479186834,5.780346820809249E-4,1.0,0.15000000000000002,0.4,0.1,0.7000000000000001,35.0,35.0,30.0,0.8500000000000001,0.5,0.6000000000000001,0.6000000000000001,20.0,65.0,30.0,1943,1880,63,1943,0.03242408646423057,1.0001150433264543,1.5,0.6667433622176362,599,0.31861702127659575,1.0,1
"iteration_3","SCOPE_DATA_COLLECTION",1400,13,850.0,910.0,0,8414,5970,1943,8470,5832,1982,8335,5866,1867,62,86,64,0.007383589377158509,0.014448924731182795,0.033143448990160536,0.31555768246025534,0.6597735683547034,0.9977049693878096,0.6311153649205107,0.6597735683547034,0.6651366462585397,0.25950809838032396,0.3225366518922605,0.3181574718800214,100.0,100.0,5374,9294,1659,135,64,13,0.02512095273539263,0.00688616311598881,0.007836045810729355,0.8500000000000001,0.5,0.6000000000000001,0.6000000000000001,20.0,65.0,30.0,0.9500000000000001,0.4,0.5,0.6000000000000001,20.0,65.0,40.0,8515,8101,414,8515,0.04862008220786847,0.35410715617793737,0.5,0.7082143123558747,2331,0.28774225404271075,1.0,1
"iteration_3","SCOPE_DATA_COLLECTION",1400,13,850.0,910.0,1,8414,5970,1943,8470,5832,1982,8335,5866,1867,62,86,64,0.007383589377158509,0.014448924731182795,0.033143448990160536,0.31555768246025534,0.6597735683547034,0.9977049693878096,0.6311153649205107,0.6597735683547034,0.6651366462585397,0.25950809838032396,0.3225366518922605,0.3181574718800214,100.0,100.0,5374,9294,1659,135,64,13,0.02512095273539263,0.00688616311598881,0.007836045810729355,0.8500000000000001,0.5,0.6000000000000001,0.6000000000000001,20.0,65.0,30.0,0.9500000000000001,0.4,0.5,0.6000000000000001,20.0,65.0,40.0,5816,5487,329,5816,0.05656808803301238,0.6734340625097449,1.0,0.6734340625097449,1782,0.32476763258611263,1.0,1
"iteration_3","SCOPE_DATA_COLLECTION",1400,13,850.0,910.0,2,8414,5970,1943,8470,5832,1982,8335,5866,1867,62,86,64,0.007383589377158509,0.014448924731182795,0.033143448990160536,0.31555768246025534,0.6597735683547034,0.9977049693878096,0.6311153649205107,0.6597735683547034,0.6651366462585397,0.25950809838032396,0.3225366518922605,0.3181574718800214,100.0,100.0,5374,9294,1659,135,64,13,0.02512095273539263,0.00688616311598881,0.007836045810729355,0.8500000000000001,0.5,0.6000000000000001,0.6000000000000001,20.0,65.0,30.0,0.9500000000000001,0.4,0.5,0.6000000000000001,20.0,65.0,40.0,2024,1831,193,2024,0.09535573122529645,1.0599340690527772,1.5,0.7066227127018515,617,0.3369743309666849,1.0,1
"iteration_3","SCOPE_DATA_COLLECTION",1400,14,910.0,970.0,0,8515,5816,2024,8414,5970,1943,8105,5485,1838,414,329,193,0.048597253198732246,0.0565875472996216,0.09502708025603152,0.35593705978959367,0.6758533946314188,1.066349584880605,0.7118741195791873,0.6758533946314188,0.7108997232537367,0.2903146206045651,0.32579762989972655,0.3400435255712731,97.5,100.0,5386,10388,581,139,797,0,0.025807649461567026,0.0767231420870235,0.0,0.9500000000000001,0.4,0.5,0.6000000000000001,20.0,65.0,40.0,0.9500000000000001,0.5,0.5,0.5,20.0,75.0,50.0,8565,8098,467,8565,0.05452422650321074,0.3643464268347919,0.5,0.7286928536695838,2368,0.2924178809582613,1.0,1
"iteration_3","SCOPE_DATA_COLLECTION",1400,14,910.0,970.0,1,8515,5816,2024,8414,5970,1943,8105,5485,1838,414,329,193,0.048597253198732246,0.0565875472996216,0.09502708025603152,0.35593705978959367,0.6758533946314188,1.066349584880605,0.7118741195791873,0.6758533946314188,0.7108997232537367,0.2903146206045651,0.32579762989972655,0.3400435255712731,97.5,100.0,5386,10388,581,139,797,0,0.025807649461567026,0.0767231420870235,0.0,0.9500000000000001,0.4,0.5,0.6000000000000001,20.0,65.0,40.0,0.9500000000000001,0.5,0.5,0.5,20.0,75.0,50.0,5847,5476,371,5847,0.06345134256883872,0.6874293944998858,1.0,0.6874293944998858,1870,0.34149013878743606,1.0,1
"iteration_3","SCOPE_DATA_COLLECTION",1400,14,910.0,970.0,2,8515,5816,2024,8414,5970,1943,8105,5485,1838,414,329,193,0.048597253198732246,0.0565875472996216,0.09502708025603152,0.35593705978959367,0.6758533946314188,1.066349584880605,0.7118741195791873,0.6758533946314188,0.7108997232537367,0.2903146206045651,0.32579762989972655,0.3400435255712731,97.5,100.0,5386,10388,581,139,797,0,0.025807649461567026,0.0767231420870235,0.0,0.9500000000000001,0.4,0.5,0.6000000000000001,20.0,65.0,40.0,0.9500000000000001,0.5,0.5,0.5,20.0,75.0,50.0,1977,1806,171,1977,0.08649468892261002,1.0585095946344132,1.5,0.7056730630896088,609,0.3372093023255814,1.0,1
"iteration_3","SCOPE_DATA_COLLECTION",1400,15,970.0,1030.0,0,8565,5847,1977,8515,5816,2024,8092,5471,1812,467,371,171,0.05456244888421544,0.06350564875042794,0.08623298033282904,0.3628957837090338,0.687370655025631,1.0577805568182832,0.7257915674180676,0.687370655025631,0.7051870378788555,0.2902867029164607,0.3410711021751051,0.3360927152317881,97.5,100.0,5418,10415,556,128,881,0,0.023624953857511996,0.08458953432549209,0.0,0.9500000000000001,0.5,0.5,0.5,20.0,75.0,50.0,0.9500000000000001,0.4,0.5,0.4,30.0,75.0,50.0,8306,8009,297,8306,0.03575728389116301,0.3581971202108054,0.5,0.7163942404216108,2313,0.2888000998876264,1.0,1
"iteration_3","SCOPE_DATA_COLLECTION",1400,15,970.0,1030.0,1,8565,5847,1977,8515,5816,2024,8092,5471,1812,467,371,171,0.05456244888421544,0.06350564875042794,0.08623298033282904,0.3628957837090338,0.687370655025631,1.0577805568182832,0.7257915674180676,0.687370655025631,0.7051870378788555,0.2902867029164607,0.3410711021751051,0.3360927152317881,97.5,100.0,5418,10415,556,128,881,0,0.023624953857511996,0.08458953432549209,0.0,0.9500000000000001,0.5,0.5,0.5,20.0,75.0,50.0,0.9500000000000001,0.4,0.5,0.4,30.0,75.0,50.0,6010,5748,262,6010,0.04359400998336106,0.6737797827463855,1.0,0.6737797827463855,1867,0.32480862908837854,1.0,1
"iteration_3","SCOPE_DATA_COLLECTION",1400,15,970.0,1030.0,2,8565,5847,1977,8515,5816,2024,8092,5471,1812,467,371,171,0.05456244888421544,0.06350564875042794,0.08623298033282904,0.3628957837090338,0.687370655025631,1.0577805568182832,0.7257915674180676,0.687370655025631,0.7051870378788555,0.2902867029164607,0.3410711021751051,0.3360927152317881,97.5,100.0,5418,10415,556,128,881,0,0.023624953857511996,0.08458953432549209,0.0,0.9500000000000001,0.5,0.5,0.5,20.0,75.0,50.0,0.9500000000000001,0.4,0.5,0.4,30.0,75.0,50.0,1939,1835,104,1939,0.05363589479112945,1.0517289791480524,1.5,0.7011526527653683,612,0.3335149863760218,1.0,1
"iteration_3","SCOPE_DATA_COLLECTION",1400,16,1030.0,1090.0,0,8306,6010,1939,8565,5847,1977,7998,5749,1835,297,262,104,0.03580470162748644,0.04358675761104641,0.05363589479112945,0.3565923728468773,0.6726883679491119,1.051108377244933,0.7131847456937546,0.6726883679491119,0.7007389181632887,0.2874468617154289,0.3244042442163855,0.3329700272479564,97.5,100.0,5320,10351,584,116,547,0,0.02180451127819549,0.052845135735677715,0.0,0.9500000000000001,0.4,0.5,0.4,30.0,75.0,50.0,0.8500000000000001,0.4,0.4,0.5,30.0,75.0,60.0,8567,8439,128,8567,0.014941052877319949,0.3191038497158336,0.5,0.6382076994316672,2245,0.2660267804242209,1.0,1
"iteration_3","SCOPE_DATA_COLLECTION",1400,16,1030.0,1090.0,1,8306,6010,1939,8565,5847,1977,7998,5749,1835,297,262,104,0.03580470162748644,0.04358675761104641,0.05363589479112945,0.3565923728468773,0.6726883679491119,1.051108377244933,0.7131847456937546,0.6726883679491119,0.7007389181632887,0.2874468617154289,0.3244042442163855,0.3329700272479564,97.5,100.0,5320,10351,584,116,547,0,0.02180451127819549,0.052845135735677715,0.0,0.9500000000000001,0.4,0.5,0.4,30.0,75.0,50.0,0.8500000000000001,0.4,0.4,0.5,30.0,75.0,60.0,5821,5715,106,5821,0.018209929565366774,0.6276237423228411,1.0,0.6276237423228411,1813,0.3172353455818023,1.0,1
"iteration_3","SCOPE_DATA_COLLECTION",1400,16,1030.0,1090.0,2,8306,6010,1939,8565,5847,1977,7998,5749,1835,297,262,104,0.03580470162748644,0.04358675761104641,0.05363589479112945,0.3565923728468773,0.6726883679491119,1.051108377244933,0.7131847456937546,0.6726883679491119,0.7007389181632887,0.2874468617154289,0.3244042442163855,0.3329700272479564,97.5,100.0,5320,10351,584,116,547,0,0.02180451127819549,0.052845135735677715,0.0,0.9500000000000001,0.4,0.5,0.4,30.0,75.0,50.0,0.8500000000000001,0.4,0.4,0.5,30.0,75.0,60.0,1924,1875,49,1924,0.02546777546777547,0.9744013777564191,1.5,0.6496009185042794,578,0.3082666666666667,1.0,1
"iteration_3","SCOPE_DATA_COLLECTION",1400,17,1090.0,1150.0,0,8567,5821,1924,8306,6010,1939,8448,5718,1874,128,106,49,0.014925373134328358,0.018200549450549452,0.02548101924076963,0.3199361391357556,0.6271550139598084,0.9759409365681716,0.6398722782715112,0.6271550139598084,0.6506272910454477,0.2665719696969697,0.31654424623994404,0.3094983991462113,97.5,100.0,5397,9306,1609,99,184,0,0.018343524180100056,0.019772189984955942,0.0,0.8500000000000001,0.4,0.4,0.5,30.0,75.0,60.0,0.75,0.30000000000000004,0.30000000000000004,0.4,20.0,75.0,50.0,8644,8617,27,8644,0.0031235539102267467,0.2983900085619745,0.5,0.596780017123949,2134,0.24764999419751654,1.0,1
"iteration_3","SCOPE_DATA_COLLECTION",1400,17,1090.0,1150.0,1,8567,5821,1924,8306,6010,1939,8448,5718,1874,128,106,49,0.014925373134328358,0.018200549450549452,0.02548101924076963,0.3199361391357556,0.6271550139598084,0.9759409365681716,0.6398722782715112,0.6271550139598084,0.6506272910454477,0.2665719696969697,0.31654424623994404,0.3094983991462113,97.5,100.0,5397,9306,1609,99,184,0,0.018343524180100056,0.019772189984955942,0.0,0.8500000000000001,0.4,0.4,0.5,30.0,75.0,60.0,0.75,0.30000000000000004,0.30000000000000004,0.4,20.0,75.0,50.0,5928,5890,38,5928,0.00641025641025641,0.5923697786238413,1.0,0.5923697786238413,1794,0.3045840407470289,1.0,1
"iteration_3","SCOPE_DATA_COLLECTION",1400,17,1090.0,1150.0,2,8567,5821,1924,8306,6010,1939,8448,5718,1874,128,106,49,0.014925373134328358,0.018200549450549452,0.02548101924076963,0.3199361391357556,0.6271550139598084,0.9759409365681716,0.6398722782715112,0.6271550139598084,0.6506272910454477,0.2665719696969697,0.31654424623994404,0.3094983991462113,97.5,100.0,5397,9306,1609,99,184,0,0.018343524180100056,0.019772189984955942,0.0,0.8500000000000001,0.4,0.4,0.5,30.0,75.0,60.0,0.75,0.30000000000000004,0.30000000000000004,0.4,20.0,75.0,50.0,1964,1921,43,1964,0.02189409368635438,0.9605014303864915,1.5,0.6403342869243277,591,0.30765226444560123,1.0,1
"iteration_3","SCOPE_DATA_COLLECTION",1400,18,1150.0,1210.0,0,8644,5928,1964,8567,5821,1924,8634,5882,1916,27,38,43,0.0031174229303775544,0.006418918918918919,0.021949974476773864,0.29985531372421526,0.5939592923447268,0.9569494899070707,0.5997106274484305,0.5939592923447268,0.6379663266047139,0.2488996988649525,0.3049982998979939,0.3058455114822547,100.0,100.0,5374,8396,2766,97,11,0,0.01804986974320804,0.0013101476893758932,0.0,0.75,0.30000000000000004,0.30000000000000004,0.4,20.0,75.0,50.0,0.7000000000000001,0.6000000000000001,0.1,0.1,55.0,45.0,80.0,8492,8394,98,8492,0.011540273198304286,0.3134159113523662,0.5,0.6268318227047324,2232,0.26590421729807007,1.0,1
"iteration_3","SCOPE_DATA_COLLECTION",1400,18,1150.0,1210.0,1,8644,5928,1964,8567,5821,1924,8634,5882,1916,27,38,43,0.0031174229303775544,0.006418918918918919,0.021949974476773864,0.29985531372421526,0.5939592923447268,0.9569494899070707,0.5997106274484305,0.5939592923447268,0.6379663266047139,0.2488996988649525,0.3049982998979939,0.3058455114822547,100.0,100.0,5374,8396,2766,97,11,0,0.01804986974320804,0.0013101476893758932,0.0,0.75,0.30000000000000004,0.30000000000000004,0.4,20.0,75.0,50.0,0.7000000000000001,0.6000000000000001,0.1,0.1,55.0,45.0,80.0,5966,5895,71,5966,0.01190077103586993,0.579040035152855,1.0,0.579040035152855,1808,0.3067005937234945,1.0,1
"iteration_3","SCOPE_DATA_COLLECTION",1400,18,1150.0,1210.0,2,8644,5928,1964,8567,5821,1924,8634,5882,1916,27,38,43,0.0031174229303775544,0.006418918918918919,0.021949974476773864,0.29985531372421526,0.5939592923447268,0.9569494899070707,0.5997106274484305,0.5939592923447268,0.6379663266047139,0.2488996988649525,0.3049982998979939,0.3058455114822547,100.0,100.0,5374,8396,2766,97,11,0,0.01804986974320804,0.0013101476893758932,0.0,0.75,0.30000000000000004,0.30000000000000004,0.4,20.0,75.0,50.0,0.7000000000000001,0.6000000000000001,0.1,0.1,55.0,45.0,80.0,1913,1877,36,1913,0.01881860951385259,0.9634373741938504,1.5,0.6422915827959003,600,0.3196590303676079,1.0,1
"iteration_3","SCOPE_DATA_COLLECTION",1400,19,1210.0,1270.0,0,8492,5966,1913,8644,5928,1964,8370,5900,1873,98,71,36,0.011572980632971186,0.011890805560207671,0.01885804085908853,0.30773158663257383,0.5763744061280918,0.961010171225189,0.6154631732651477,0.5763744061280918,0.6406734474834593,0.26415770609318995,0.30627118644067797,0.3192738921516284,100.0,100.0,5212,7767,3392,28,4,173,0.005372217958557176,5.149993562508047E-4,0.05100235849056604,0.7000000000000001,0.6000000000000001,0.1,0.1,55.0,45.0,80.0,0.8,0.6000000000000001,0.1,0.1,45.0,55.0,70.0,8582,8569,13,8582,0.0015147984152878117,0.30026891223022584,0.5,0.6005378244604517,2155,0.2514879215777804,1.0,1
"iteration_3","SCOPE_DATA_COLLECTION",1400,19,1210.0,1270.0,1,8492,5966,1913,8644,5928,1964,8370,5900,1873,98,71,36,0.011572980632971186,0.011890805560207671,0.01885804085908853,0.30773158663257383,0.5763744061280918,0.961010171225189,0.6154631732651477,0.5763744061280918,0.6406734474834593,0.26415770609318995,0.30627118644067797,0.3192738921516284,100.0,100.0,5212,7767,3392,28,4,173,0.005372217958557176,5.149993562508047E-4,0.05100235849056604,0.7000000000000001,0.6000000000000001,0.1,0.1,55.0,45.0,80.0,0.8,0.6000000000000001,0.1,0.1,45.0,55.0,70.0,5873,5866,7,5873,0.0011918951132300357,0.5635807188156705,1.0,0.5635807188156705,1778,0.3031026252983294,1.0,1
"iteration_3","SCOPE_DATA_COLLECTION",1400,19,1210.0,1270.0,2,8492,5966,1913,8644,5928,1964,8370,5900,1873,98,71,36,0.011572980632971186,0.011890805560207671,0.01885804085908853,0.30773158663257383,0.5763744061280918,0.961010171225189,0.6154631732651477,0.5763744061280918,0.6406734474834593,0.26415770609318995,0.30627118644067797,0.3192738921516284,100.0,100.0,5212,7767,3392,28,4,173,0.005372217958557176,5.149993562508047E-4,0.05100235849056604,0.7000000000000001,0.6000000000000001,0.1,0.1,55.0,45.0,80.0,0.8,0.6000000000000001,0.1,0.1,45.0,55.0,70.0,1977,1965,12,1977,0.006069802731411229,0.9303802077691549,1.5,0.6202534718461032,594,0.30229007633587784,1.0,1
"iteration_3","SCOPE_DATA_COLLECTION",1400,20,1270.0,1330.0,0,8582,5873,1977,8492,5966,1913,8587,5858,1964,13,7,12,0.0015116279069767441,0.0011935208866155158,0.006072874493927126,0.3059924903684933,0.5674467280807689,0.9356912879037083,0.6119849807369866,0.5674467280807689,0.6237941919358055,0.25445440782578316,0.30488221235916696,0.3044806517311609,100.0,100.0,5122,9064,2246,23,9,0,0.004490433424443577,9.929390997352162E-4,0.0,0.8,0.6000000000000001,0.1,0.1,45.0,55.0,70.0,0.4,0.30000000000000004,0.6000000000000001,0.5,30.0,40.0,35.0,8287,5037,3250,8287,0.3921805237118378,0.40215046330652265,0.5,0.8043009266130453,2003,0.3976573357157038,1.0,1
"iteration_3","SCOPE_DATA_COLLECTION",1400,20,1270.0,1330.0,1,8582,5873,1977,8492,5966,1913,8587,5858,1964,13,7,12,0.0015116279069767441,0.0011935208866155158,0.006072874493927126,0.3059924903684933,0.5674467280807689,0.9356912879037083,0.6119849807369866,0.5674467280807689,0.6237941919358055,0.25445440782578316,0.30488221235916696,0.3044806517311609,100.0,100.0,5122,9064,2246,23,9,0,0.004490433424443577,9.929390997352162E-4,0.0,0.8,0.6000000000000001,0.1,0.1,45.0,55.0,70.0,0.4,0.30000000000000004,0.6000000000000001,0.5,30.0,40.0,35.0,5887,3500,2387,5887,0.4054696789536266,0.8947097141413566,1.0,0.8947097141413566,1853,0.5294285714285715,1.0,1
"iteration_3","SCOPE_DATA_COLLECTION",1400,20,1270.0,1330.0,2,8582,5873,1977,8492,5966,1913,8587,5858,1964,13,7,12,0.0015116279069767441,0.0011935208866155158,0.006072874493927126,0.3059924903684933,0.5674467280807689,0.9356912879037083,0.6119849807369866,0.5674467280807689,0.6237941919358055,0.25445440782578316,0.30488221235916696,0.3044806517311609,100.0,100.0,5122,9064,2246,23,9,0,0.004490433424443577,9.929390997352162E-4,0.0,0.8,0.6000000000000001,0.1,0.1,45.0,55.0,70.0,0.4,0.30000000000000004,0.6000000000000001,0.5,30.0,40.0,35.0,1943,1151,792,1943,0.4076170869788986,1.3913074753522625,1.5,0.9275383169015083,611,0.5308427454387489,1.0,1
"iteration_3","SCOPE_DATA_COLLECTION",1400,21,1330.0,1390.0,0,8287,5887,1943,8582,5873,1977,5040,3525,1155,3250,2387,792,0.39203860072376356,0.4037550744248985,0.4067796610169492,0.400627352019908,0.8883600105568309,1.3794213698593336,0.801254704039816,0.8883600105568309,0.919614246572889,0.3954365079365079,0.5265248226950354,0.5246753246753246,100.0,100.0,5396,4321,6400,136,4,6289,0.025203854707190512,9.257116408238834E-4,0.98265625,0.4,0.30000000000000004,0.6000000000000001,0.5,30.0,40.0,35.0,0.9,0.4,0.5,0.8,60.0,60.0,85.0,8535,8423,112,8535,0.013122437024018746,0.33857479665361,0.5,0.67714959330722,2312,0.2744865249910958,1.0,1
"iteration_3","SCOPE_DATA_COLLECTION",1400,21,1330.0,1390.0,1,8287,5887,1943,8582,5873,1977,5040,3525,1155,3250,2387,792,0.39203860072376356,0.4037550744248985,0.4067796610169492,0.400627352019908,0.8883600105568309,1.3794213698593336,0.801254704039816,0.8883600105568309,0.919614246572889,0.3954365079365079,0.5265248226950354,0.5246753246753246,100.0,100.0,5396,4321,6400,136,4,6289,0.025203854707190512,9.257116408238834E-4,0.98265625,0.4,0.30000000000000004,0.6000000000000001,0.5,30.0,40.0,35.0,0.9,0.4,0.5,0.8,60.0,60.0,85.0,5911,5803,108,5911,0.018271020131957368,0.6623079800714019,1.0,0.6623079800714019,1939,0.3341375150784077,1.0,1
"iteration_3","SCOPE_DATA_COLLECTION",1400,21,1330.0,1390.0,2,8287,5887,1943,8582,5873,1977,5040,3525,1155,3250,2387,792,0.39203860072376356,0.4037550744248985,0.4067796610169492,0.400627352019908,0.8883600105568309,1.3794213698593336,0.801254704039816,0.8883600105568309,0.919614246572889,0.3954365079365079,0.5265248226950354,0.5246753246753246,100.0,100.0,5396,4321,6400,136,4,6289,0.025203854707190512,9.257116408238834E-4,0.98265625,0.4,0.30000000000000004,0.6000000000000001,0.5,30.0,40.0,35.0,0.9,0.4,0.5,0.8,60.0,60.0,85.0,1863,1784,79,1863,0.042404723564143855,1.0304638325298068,1.5,0.6869758883532046,594,0.3329596412556054,1.0,1
"iteration_3","SCOPE_DATA_COLLECTION",1400,22,1390.0,1450.0,0,8535,5911,1863,8287,5887,1943,8347,5761,1776,112,108,79,0.013240335737084762,0.018401772022491054,0.042587601078167114,0.3311981451456432,0.6609336025745297,1.03028445475723,0.6623962902912864,0.6609336025745297,0.6868563031714867,0.26907871091410085,0.3313660822773824,0.330518018018018,97.5,100.0,5472,9784,1053,132,157,10,0.02412280701754386,0.016046606704824204,0.00949667616334283,0.9,0.4,0.5,0.8,60.0,60.0,85.0,0.9500000000000001,0.30000000000000004,0.30000000000000004,0.7000000000000001,40.0,30.0,50.0,8444,8184,260,8444,0.030791094268119375,0.32873353572726005,0.5,0.6574670714545201,2125,0.25965298142717497,1.0,1
"iteration_3","SCOPE_DATA_COLLECTION",1400,22,1390.0,1450.0,1,8535,5911,1863,8287,5887,1943,8347,5761,1776,112,108,79,0.013240335737084762,0.018401772022491054,0.042587601078167114,0.3311981451456432,0.6609336025745297,1.03028445475723,0.6623962902912864,0.6609336025745297,0.6868563031714867,0.26907871091410085,0.3313660822773824,0.330518018018018,97.5,100.0,5472,9784,1053,132,157,10,0.02412280701754386,0.016046606704824204,0.00949667616334283,0.9,0.4,0.5,0.8,60.0,60.0,85.0,0.9500000000000001,0.30000000000000004,0.30000000000000004,0.7000000000000001,40.0,30.0,50.0,5851,5599,252,5851,0.04306956075884464,0.657218879256486,1.0,0.657218879256486,1838,0.3282729058760493,1.0,1
"iteration_3","SCOPE_DATA_COLLECTION",1400,22,1390.0,1450.0,2,8535,5911,1863,8287,5887,1943,8347,5761,1776,112,108,79,0.013240335737084762,0.018401772022491054,0.042587601078167114,0.3311981451456432,0.6609336025745297,1.03028445475723,0.6623962902912864,0.6609336025745297,0.6868563031714867,0.26907871091410085,0.3313660822773824,0.330518018018018,97.5,100.0,5472,9784,1053,132,157,10,0.02412280701754386,0.016046606704824204,0.00949667616334283,0.9,0.4,0.5,0.8,60.0,60.0,85.0,0.9500000000000001,0.30000000000000004,0.30000000000000004,0.7000000000000001,40.0,30.0,50.0,2007,1875,132,2007,0.06576980568011959,1.0462782917003608,1.5,0.6975188611335739,622,0.3317333333333333,1.0,1
"iteration_3","SCOPE_DATA_COLLECTION",1400,23,1450.0,1510.0,0,8444,5851,2007,8535,5911,1863,8265,5641,1885,257,242,122,0.03015724008448721,0.04113547509773925,0.060787244643746886,0.3374690247002856,0.6611449327243182,1.045855903309344,0.6749380494005712,0.6611449327243182,0.6972372688728959,0.26642468239564426,0.33221060095727706,0.33315649867374003,100.0,100.0,5388,10332,582,132,489,0,0.024498886414253896,0.04732868757259001,0.0,0.9500000000000001,0.30000000000000004,0.30000000000000004,0.7000000000000001,40.0,30.0,50.0,0.45,0.1,0.1,0.8,80.0,65.0,40.0,8645,5699,2946,8645,0.340775014459225,0.3571470313057207,0.5,0.7142940626114413,1910,0.33514651693279524,1.0,1
"iteration_3","SCOPE_DATA_COLLECTION",1400,23,1450.0,1510.0,1,8444,5851,2007,8535,5911,1863,8265,5641,1885,257,242,122,0.03015724008448721,0.04113547509773925,0.060787244643746886,0.3374690247002856,0.6611449327243182,1.045855903309344,0.6749380494005712,0.6611449327243182,0.6972372688728959,0.26642468239564426,0.33221060095727706,0.33315649867374003,100.0,100.0,5388,10332,582,132,489,0,0.024498886414253896,0.04732868757259001,0.0,0.9500000000000001,0.30000000000000004,0.30000000000000004,0.7000000000000001,40.0,30.0,50.0,0.45,0.1,0.1,0.8,80.0,65.0,40.0,5831,3739,2092,5831,0.3587720802606757,0.7995541261526468,1.0,0.7995541261526468,1843,0.4929125434608184,1.0,1
"iteration_3","SCOPE_DATA_COLLECTION",1400,23,1450.0,1510.0,2,8444,5851,2007,8535,5911,1863,8265,5641,1885,257,242,122,0.03015724008448721,0.04113547509773925,0.060787244643746886,0.3374690247002856,0.6611449327243182,1.045855903309344,0.6749380494005712,0.6611449327243182,0.6972372688728959,0.26642468239564426,0.33221060095727706,0.33315649867374003,100.0,100.0,5388,10332,582,132,489,0,0.024498886414253896,0.04732868757259001,0.0,0.9500000000000001,0.30000000000000004,0.30000000000000004,0.7000000000000001,40.0,30.0,50.0,0.45,0.1,0.1,0.8,80.0,65.0,40.0,1852,1183,669,1852,0.36123110151187904,1.3014627286671427,1.5,0.8676418191114285,603,0.5097210481825867,1.0,1
"iteration_3","SCOPE_DATA_COLLECTION",1400,24,1510.0,1570.0,0,8645,5831,1852,8444,5851,2007,5685,3712,1181,2949,2102,679,0.34155663655316193,0.3615411076711386,0.3650537634408602,0.3563558580705631,0.7973834187247563,1.3069473531773697,0.7127117161411262,0.7973834187247563,0.8712982354515798,0.3329815303430079,0.49137931034482757,0.5139712108382727,100.0,100.0,5474,4827,6027,46,44,5640,0.008403361344537815,0.009115392583385125,0.9357889497262319,0.45,0.1,0.1,0.8,80.0,65.0,40.0,0.45,0.1,0.1,0.8,90.0,65.0,50.0,8427,5705,2722,8427,0.3230093746291681,0.38984448858955006,0.5,0.7796889771791001,1936,0.33935144609991236,1.0,1
"iteration_3","SCOPE_DATA_COLLECTION",1400,24,1510.0,1570.0,1,8645,5831,1852,8444,5851,2007,5685,3712,1181,2949,2102,679,0.34155663655316193,0.3615411076711386,0.3650537634408602,0.3563558580705631,0.7973834187247563,1.3069473531773697,0.7127117161411262,0.7973834187247563,0.8712982354515798,0.3329815303430079,0.49137931034482757,0.5139712108382727,100.0,100.0,5474,4827,6027,46,44,5640,0.008403361344537815,0.009115392583385125,0.9357889497262319,0.45,0.1,0.1,0.8,80.0,65.0,40.0,0.45,0.1,0.1,0.8,90.0,65.0,50.0,5779,3872,1907,5779,0.3299878871777124,0.8115426174361864,1.0,0.8115426174361864,1919,0.4956095041322314,1.0,1
"iteration_3","SCOPE_DATA_COLLECTION",1400,24,1510.0,1570.0,2,8645,5831,1852,8444,5851,2007,5685,3712,1181,2949,2102,679,0.34155663655316193,0.3615411076711386,0.3650537634408602,0.3563558580705631,0.7973834187247563,1.3069473531773697,0.7127117161411262,0.7973834187247563,0.8712982354515798,0.3329815303430079,0.49137931034482757,0.5139712108382727,100.0,100.0,5474,4827,6027,46,44,5640,0.008403361344537815,0.009115392583385125,0.9357889497262319,0.45,0.1,0.1,0.8,80.0,65.0,40.0,0.45,0.1,0.1,0.8,90.0,65.0,50.0,1928,1230,698,1928,0.3620331950207469,1.3001121629442414,1.5,0.8667414419628275,612,0.4975609756097561,1.0,1
"iteration_3","SCOPE_DATA_COLLECTION",1400,25,1570.0,1630.0,0,8427,5779,1928,8645,5831,1852,5731,3892,1235,2722,1907,698,0.3220158523601088,0.32884980168994654,0.3610967408173823,0.3906843265795142,0.81212100208749,1.3068472801797544,0.7813686531590284,0.81212100208749,0.8712315201198363,0.34199965102076424,0.49460431654676257,0.4987854251012146,100.0,100.0,5397,4867,5870,44,4,5279,0.008152677413377803,8.218615163344976E-4,0.8993185689948893,0.45,0.1,0.1,0.8,90.0,65.0,50.0,0.35000000000000003,0.2,0.1,0.7000000000000001,90.0,75.0,60.0,8442,4841,3601,8442,0.4265576877517176,0.3983770950749653,0.5,0.7967541901499307,1963,0.4054947324932865,1.0,1
"iteration_3","SCOPE_DATA_COLLECTION",1400,25,1570.0,1630.0,1,8427,5779,1928,8645,5831,1852,5731,3892,1235,2722,1907,698,0.3220158523601088,0.32884980168994654,0.3610967408173823,0.3906843265795142,0.81212100208749,1.3068472801797544,0.7813686531590284,0.81212100208749,0.8712315201198363,0.34199965102076424,0.49460431654676257,0.4987854251012146,100.0,100.0,5397,4867,5870,44,4,5279,0.008152677413377803,8.218615163344976E-4,0.8993185689948893,0.45,0.1,0.1,0.8,90.0,65.0,50.0,0.35000000000000003,0.2,0.1,0.7000000000000001,90.0,75.0,60.0,5956,3320,2636,5956,0.4425789120214909,0.8573423399544496,1.0,0.8573423399544496,1861,0.5605421686746987,1.0,1
"iteration_3","SCOPE_DATA_COLLECTION",1400,25,1570.0,1630.0,2,8427,5779,1928,8645,5831,1852,5731,3892,1235,2722,1907,698,0.3220158523601088,0.32884980168994654,0.3610967408173823,0.3906843265795142,0.81212100208749,1.3068472801797544,0.7813686531590284,0.81212100208749,0.8712315201198363,0.34199965102076424,0.49460431654676257,0.4987854251012146,100.0,100.0,5397,4867,5870,44,4,5279,0.008152677413377803,8.218615163344976E-4,0.8993185689948893,0.45,0.1,0.1,0.8,90.0,65.0,50.0,0.35000000000000003,0.2,0.1,0.7000000000000001,90.0,75.0,60.0,1953,1070,883,1953,0.45212493599590375,1.4057635962989952,1.5,0.9371757308659968,598,0.5588785046728972,1.0,1
"iteration_3","SCOPE_DATA_COLLECTION",1400,26,1630.0,1690.0,0,8442,5956,1953,8427,5779,1928,4838,3326,1066,3601,2636,883,0.4267093257494964,0.4421335122442134,0.4530528476141611,0.3978384406178022,0.8603690151715792,1.3914882365377028,0.7956768812356044,0.8603690151715792,0.9276588243584686,0.4040926002480364,0.5619362597714973,0.5525328330206379,100.0,100.0,5347,3936,7068,48,4,7068,0.008976996446605573,0.0010162601626016261,1.0,0.35000000000000003,0.2,0.1,0.7000000000000001,90.0,75.0,60.0,0.45,0.30000000000000004,0.7000000000000001,0.30000000000000004,90.0,60.0,30.0,8518,5639,2879,8518,0.3379901385301714,0.420239477985692,0.5,0.840478955971384,2307,0.4091150913282497,1.0,1
"iteration_3","SCOPE_DATA_COLLECTION",1400,26,1630.0,1690.0,1,8442,5956,1953,8427,5779,1928,4838,3326,1066,3601,2636,883,0.4267093257494964,0.4421335122442134,0.4530528476141611,0.3978384406178022,0.8603690151715792,1.3914882365377028,0.7956768812356044,0.8603690151715792,0.9276588243584686,0.4040926002480364,0.5619362597714973,0.5525328330206379,100.0,100.0,5347,3936,7068,48,4,7068,0.008976996446605573,0.0010162601626016261,1.0,0.35000000000000003,0.2,0.1,0.7000000000000001,90.0,75.0,60.0,0.45,0.30000000000000004,0.7000000000000001,0.30000000000000004,90.0,60.0,30.0,5852,3781,2071,5852,0.3538961038961039,0.8691821258776038,1.0,0.8691821258776038,1848,0.4887595874107379,1.0,1
"iteration_3","SCOPE_DATA_COLLECTION",1400,26,1630.0,1690.0,2,8442,5956,1953,8427,5779,1928,4838,3326,1066,3601,2636,883,0.4267093257494964,0.4421335122442134,0.4530528476141611,0.3978384406178022,0.8603690151715792,1.3914882365377028,0.7956768812356044,0.8603690151715792,0.9276588243584686,0.4040926002480364,0.5619362597714973,0.5525328330206379,100.0,100.0,5347,3936,7068,48,4,7068,0.008976996446605573,0.0010162601626016261,1.0,0.35000000000000003,0.2,0.1,0.7000000000000001,90.0,75.0,60.0,0.45,0.30000000000000004,0.7000000000000001,0.30000000000000004,90.0,60.0,30.0,1983,1281,702,1983,0.3540090771558245,1.3332616972548479,1.5,0.888841131503232,634,0.49492583918813426,1.0,1
"iteration_3","SCOPE_DATA_COLLECTION",1400,27,1690.0,1750.0,0,8518,5852,1983,8442,5956,1953,5642,3774,1284,2879,2071,702,0.3378711418847553,0.35431993156544056,0.35347432024169184,0.4202215400338563,0.8655769331439269,1.3369249917814279,0.8404430800677126,0.8655769331439269,0.8912833278542852,0.4090747961715704,0.4883412824589295,0.4976635514018692,100.0,100.0,5374,4893,6086,106,3,5543,0.01972459992556755,6.131207847946045E-4,0.9107788366743346,0.45,0.30000000000000004,0.7000000000000001,0.30000000000000004,90.0,60.0,30.0,0.45,0.30000000000000004,0.7000000000000001,0.30000000000000004,90.0,60.0,30.0,8416,5390,3026,8416,0.3595532319391635,0.41577090417540175,0.5,0.8315418083508035,2170,0.4025974025974026,1.0,1
"iteration_3","SCOPE_DATA_COLLECTION",1400,27,1690.0,1750.0,1,8518,5852,1983,8442,5956,1953,5642,3774,1284,2879,2071,702,0.3378711418847553,0.35431993156544056,0.35347432024169184,0.4202215400338563,0.8655769331439269,1.3369249917814279,0.8404430800677126,0.8655769331439269,0.8912833278542852,0.4090747961715704,0.4883412824589295,0.4976635514018692,100.0,100.0,5374,4893,6086,106,3,5543,0.01972459992556755,6.131207847946045E-4,0.9107788366743346,0.45,0.30000000000000004,0.7000000000000001,0.30000000000000004,90.0,60.0,30.0,0.45,0.30000000000000004,0.7000000000000001,0.30000000000000004,90.0,60.0,30.0,5971,3819,2152,5971,0.360408641768548,0.8762834888866117,1.0,0.8762834888866117,1914,0.5011783189316575,1.0,1
"iteration_3","SCOPE_DATA_COLLECTION",1400,27,1690.0,1750.0,2,8518,5852,1983,8442,5956,1953,5642,3774,1284,2879,2071,702,0.3378711418847553,0.35431993156544056,0.35347432024169184,0.4202215400338563,0.8655769331439269,1.3369249917814279,0.8404430800677126,0.8655769331439269,0.8912833278542852,0.4090747961715704,0.4883412824589295,0.4976635514018692,100.0,100.0,5374,4893,6086,106,3,5543,0.01972459992556755,6.131207847946045E-4,0.9107788366743346,0.45,0.30000000000000004,0.7000000000000001,0.30000000000000004,90.0,60.0,30.0,0.45,0.30000000000000004,0.7000000000000001,0.30000000000000004,90.0,60.0,30.0,1935,1221,714,1935,0.3689922480620155,1.3199817377044651,1.5,0.8799878251363101,603,0.49385749385749383,1.0,1
"iteration_3","SCOPE_DATA_COLLECTION",1400,28,1750.0,1810.0,0,8416,5971,1935,8518,5852,1983,5379,3828,1227,3026,2152,714,0.3600237953599048,0.35986622073578595,0.3678516228748068,0.4152141788597817,0.8772250781013197,1.3235622943297742,0.8304283577195634,0.8772250781013197,0.8823748628865161,0.40174753671686186,0.5010449320794148,0.49551752241238795,95.0,100.0,5348,4931,6043,117,3,5772,0.0218773373223635,6.083958629081322E-4,0.9551547244745987,0.45,0.30000000000000004,0.7000000000000001,0.30000000000000004,90.0,60.0,30.0,0.55,0.30000000000000004,0.7000000000000001,0.30000000000000004,95.0,50.0,20.0,8406,7134,1272,8406,0.15132048536759457,0.3795018178994898,0.5,0.7590036357989796,2313,0.3242220353238015,1.0,1
"iteration_3","SCOPE_DATA_COLLECTION",1400,28,1750.0,1810.0,1,8416,5971,1935,8518,5852,1983,5379,3828,1227,3026,2152,714,0.3600237953599048,0.35986622073578595,0.3678516228748068,0.4152141788597817,0.8772250781013197,1.3235622943297742,0.8304283577195634,0.8772250781013197,0.8823748628865161,0.40174753671686186,0.5010449320794148,0.49551752241238795,95.0,100.0,5348,4931,6043,117,3,5772,0.0218773373223635,6.083958629081322E-4,0.9551547244745987,0.45,0.30000000000000004,0.7000000000000001,0.30000000000000004,90.0,60.0,30.0,0.55,0.30000000000000004,0.7000000000000001,0.30000000000000004,95.0,50.0,20.0,5824,4857,967,5824,0.1660370879120879,0.7490491694476369,1.0,0.7490491694476369,1879,0.38686431953880995,1.0,1
"iteration_3","SCOPE_DATA_COLLECTION",1400,28,1750.0,1810.0,2,8416,5971,1935,8518,5852,1983,5379,3828,1227,3026,2152,714,0.3600237953599048,0.35986622073578595,0.3678516228748068,0.4152141788597817,0.8772250781013197,1.3235622943297742,0.8304283577195634,0.8772250781013197,0.8823748628865161,0.40174753671686186,0.5010449320794148,0.49551752241238795,95.0,100.0,5348,4931,6043,117,3,5772,0.0218773373223635,6.083958629081322E-4,0.9551547244745987,0.45,0.30000000000000004,0.7000000000000001,0.30000000000000004,90.0,60.0,30.0,0.55,0.30000000000000004,0.7000000000000001,0.30000000000000004,95.0,50.0,20.0,1929,1578,351,1929,0.18195956454121306,1.1288551052203049,1.5,0.7525700701468699,603,0.3821292775665399,1.0,1
"iteration_3","SCOPE_DATA_COLLECTION",1400,29,1810.0,1870.0,0,8406,5824,1929,8416,5971,1935,7113,4831,1572,1272,965,351,0.1516994633273703,0.16649413388543824,0.18252730109204368,0.3702693007327169,0.7415082176009297,1.1202461392461414,0.7405386014654338,0.7415082176009297,0.7468307594974276,0.32236749613383947,0.3843924653280894,0.38040712468193383,97.5,100.0,5358,5949,4852,63,4,2521,0.011758118701007838,6.723819129265423E-4,0.5195795548227535,0.55,0.30000000000000004,0.7000000000000001,0.30000000000000004,95.0,50.0,20.0,0.5,0.2,0.8,0.8,45.0,70.0,25.0,8441,6302,2139,8441,0.25340599455040874,0.40044936611987225,0.5,0.8008987322397445,2201,0.34925420501428117,1.0,1
"iteration_3","SCOPE_DATA_COLLECTION",1400,29,1810.0,1870.0,1,8406,5824,1929,8416,5971,1935,7113,4831,1572,1272,965,351,0.1516994633273703,0.16649413388543824,0.18252730109204368,0.3702693007327169,0.7415082176009297,1.1202461392461414,0.7405386014654338,0.7415082176009297,0.7468307594974276,0.32236749613383947,0.3843924653280894,0.38040712468193383,97.5,100.0,5358,5949,4852,63,4,2521,0.011758118701007838,6.723819129265423E-4,0.5195795548227535,0.55,0.30000000000000004,0.7000000000000001,0.30000000000000004,95.0,50.0,20.0,0.5,0.2,0.8,0.8,45.0,70.0,25.0,5794,4316,1478,5794,0.25509147393855713,0.8207266838724481,1.0,0.8207266838724481,1911,0.4427710843373494,1.0,1
"iteration_3","SCOPE_DATA_COLLECTION",1400,29,1810.0,1870.0,2,8406,5824,1929,8416,5971,1935,7113,4831,1572,1272,965,351,0.1516994633273703,0.16649413388543824,0.18252730109204368,0.3702693007327169,0.7415082176009297,1.1202461392461414,0.7405386014654338,0.7415082176009297,0.7468307594974276,0.32236749613383947,0.3843924653280894,0.38040712468193383,97.5,100.0,5358,5949,4852,63,4,2521,0.011758118701007838,6.723819129265423E-4,0.5195795548227535,0.55,0.30000000000000004,0.7000000000000001,0.30000000000000004,95.0,50.0,20.0,0.5,0.2,0.8,0.8,45.0,70.0,25.0,1945,1372,573,1945,0.2946015424164524,1.2793537033102398,1.5,0.8529024688734932,623,0.45408163265306123,1.0,1
"iteration_3","SCOPE_DATA_COLLECTION",1400,30,1870.0,1930.0,0,8441,5794,1945,8406,5824,1929,6319,4343,1369,2130,1471,571,0.25210084033613445,0.25300997592019264,0.2943298969072165,0.41067486057320496,0.8286182654675548,1.2842642460846017,0.8213497211464099,0.8286182654675548,0.8561761640564011,0.3511631587276468,0.44554455445544555,0.45361577794010227,100.0,100.0,5429,5348,5403,123,1,4048,0.022656106096887087,1.8698578908002991E-4,0.7492133999629835,0.5,0.2,0.8,0.8,45.0,70.0,25.0,0.4,0.1,0.8,0.8,45.0,80.0,35.0,8548,5249,3299,8548,0.38593823116518483,0.3728745148365603,0.5,0.7457490296731206,1866,0.3554962850066679,1.0,1
"iteration_3","SCOPE_DATA_COLLECTION",1400,30,1870.0,1930.0,1,8441,5794,1945,8406,5824,1929,6319,4343,1369,2130,1471,571,0.25210084033613445,0.25300997592019264,0.2943298969072165,0.41067486057320496,0.8286182654675548,1.2842642460846017,0.8213497211464099,0.8286182654675548,0.8561761640564011,0.3511631587276468,0.44554455445544555,0.45361577794010227,100.0,100.0,5429,5348,5403,123,1,4048,0.022656106096887087,1.8698578908002991E-4,0.7492133999629835,0.5,0.2,0.8,0.8,45.0,70.0,25.0,0.4,0.1,0.8,0.8,45.0,80.0,35.0,5887,3466,2421,5887,0.41124511635807715,0.8885190705943017,1.0,0.8885190705943017,1840,0.5308713214079631,1.0,1
"iteration_3","SCOPE_DATA_COLLECTION",1400,30,1870.0,1930.0,2,8441,5794,1945,8406,5824,1929,6319,4343,1369,2130,1471,571,0.25210084033613445,0.25300997592019264,0.2943298969072165,0.41067486057320496,0.8286182654675548,1.2842642460846017,0.8213497211464099,0.8286182654675548,0.8561761640564011,0.3511631587276468,0.44554455445544555,0.45361577794010227,100.0,100.0,5429,5348,5403,123,1,4048,0.022656106096887087,1.8698578908002991E-4,0.7492133999629835,0.5,0.2,0.8,0.8,45.0,70.0,25.0,0.4,0.1,0.8,0.8,45.0,80.0,35.0,1918,1114,804,1918,0.4191866527632951,1.4069500002013597,1.5,0.9379666668009065,603,0.5412926391382405,1.0,1
"iteration_3","SCOPE_DATA_COLLECTION",1400,31,1930.0,1990.0,0,8548,5887,1918,8441,5794,1945,5258,3465,1110,3308,2430,806,0.3861779126780294,0.4122137404580153,0.42066805845511485,0.3734780870995364,0.8875444413602175,1.404121383422705,0.7469561741990728,0.8875444413602175,0.9360809222818034,0.35659946747812854,0.5304473304473305,0.5396396396396397,97.5,100.0,5547,4305,6501,122,3,6419,0.02199387056066342,6.968641114982578E-4,0.9873865559144747,0.4,0.1,0.8,0.8,45.0,80.0,35.0,0.4,0.2,0.9,0.9,45.0,70.0,35.0,8434,5061,3373,8434,0.39992885937870526,0.39840378478034255,0.5,0.7968075695606851,1998,0.3947836395969176,1.0,1
"iteration_3","SCOPE_DATA_COLLECTION",1400,31,1930.0,1990.0,1,8548,5887,1918,8441,5794,1945,5258,3465,1110,3308,2430,806,0.3861779126780294,0.4122137404580153,0.42066805845511485,0.3734780870995364,0.8875444413602175,1.404121383422705,0.7469561741990728,0.8875444413602175,0.9360809222818034,0.35659946747812854,0.5304473304473305,0.5396396396396397,97.5,100.0,5547,4305,6501,122,3,6419,0.02199387056066342,6.968641114982578E-4,0.9873865559144747,0.4,0.1,0.8,0.8,45.0,80.0,35.0,0.4,0.2,0.9,0.9,45.0,70.0,35.0,5903,3467,2436,5903,0.41267152295442994,0.9192727014973471,1.0,0.9192727014973471,1891,0.5454283241995962,1.0,1
"iteration_3","SCOPE_DATA_COLLECTION",1400,31,1930.0,1990.0,2,8548,5887,1918,8441,5794,1945,5258,3465,1110,3308,2430,806,0.3861779126780294,0.4122137404580153,0.42066805845511485,0.3734780870995364,0.8875444413602175,1.404121383422705,0.7469561741990728,0.8875444413602175,0.9360809222818034,0.35659946747812854,0.5304473304473305,0.5396396396396397,97.5,100.0,5547,4305,6501,122,3,6419,0.02199387056066342,6.968641114982578E-4,0.9873865559144747,0.4,0.1,0.8,0.8,45.0,80.0,35.0,0.4,0.2,0.9,0.9,45.0,70.0,35.0,1937,1101,836,1937,0.4315952503871967,1.4062868118558114,1.5,0.9375245412372076,591,0.5367847411444142,1.0,1
"iteration_3","SCOPE_DATA_COLLECTION",1400,32,1990.0,2050.0,0,8434,5903,1937,8548,5887,1918,5050,3456,1104,3373,2436,836,0.40045114567256324,0.4134419551934827,0.4309278350515464,0.3972908092489044,0.9180570493325925,1.4097652240390632,0.7945816184978088,0.9180570493325925,0.9398434826927088,0.3930693069306931,0.5442708333333334,0.5398550724637681,97.5,100.0,5511,4258,6505,134,6,6505,0.024315006350934493,0.0014091122592766556,1.0,0.4,0.2,0.9,0.9,45.0,70.0,35.0,0.4,0.30000000000000004,0.8,0.9,45.0,80.0,45.0,8452,5047,3405,8452,0.4028632276384288,0.4113658172860037,0.5,0.8227316345720074,2086,0.4133148404993065,1.0,1
"iteration_3","SCOPE_DATA_COLLECTION",1400,32,1990.0,2050.0,1,8434,5903,1937,8548,5887,1918,5050,3456,1104,3373,2436,836,0.40045114567256324,0.4134419551934827,0.4309278350515464,0.3972908092489044,0.9180570493325925,1.4097652240390632,0.7945816184978088,0.9180570493325925,0.9398434826927088,0.3930693069306931,0.5442708333333334,0.5398550724637681,97.5,100.0,5511,4258,6505,134,6,6505,0.024315006350934493,0.0014091122592766556,1.0,0.4,0.2,0.9,0.9,45.0,70.0,35.0,0.4,0.30000000000000004,0.8,0.9,45.0,80.0,45.0,5767,3375,2392,5767,0.4147737125021675,0.918837369126135,1.0,0.918837369126135,1830,0.5422222222222223,1.0,1
"iteration_3","SCOPE_DATA_COLLECTION",1400,32,1990.0,2050.0,2,8434,5903,1937,8548,5887,1918,5050,3456,1104,3373,2436,836,0.40045114567256324,0.4134419551934827,0.4309278350515464,0.3972908092489044,0.9180570493325925,1.4097652240390632,0.7945816184978088,0.9180570493325925,0.9398434826927088,0.3930693069306931,0.5442708333333334,0.5398550724637681,97.5,100.0,5511,4258,6505,134,6,6505,0.024315006350934493,0.0014091122592766556,1.0,0.4,0.2,0.9,0.9,45.0,70.0,35.0,0.4,0.30000000000000004,0.8,0.9,45.0,80.0,45.0,1913,1120,793,1913,0.4145321484579195,1.4038956285731232,1.5,0.9359304190487489,599,0.5348214285714286,1.0,1
"iteration_3","SCOPE_DATA_COLLECTION",1400,33,2050.0,2110.0,0,8452,5767,1913,8434,5903,1937,5052,3381,1127,3405,2392,793,0.4026250443419652,0.41434262948207173,0.41302083333333334,0.411480236284276,0.919964082527639,1.4004419492488158,0.822960472568552,0.919964082527639,0.9336279661658772,0.41369754552652416,0.5433303756285123,0.5323868677905945,100.0,100.0,5423,4191,6518,130,2,6458,0.02397197123363452,4.772130756382725E-4,0.9907947223074562,0.4,0.30000000000000004,0.8,0.9,45.0,80.0,45.0,0.5,0.2,0.8,0.8,35.0,70.0,35.0,8559,6469,2090,8559,0.24418740507068581,0.3747623532005388,0.5,0.7495247064010776,2218,0.34286597619415676,1.0,1
"iteration_3","SCOPE_DATA_COLLECTION",1400,33,2050.0,2110.0,1,8452,5767,1913,8434,5903,1937,5052,3381,1127,3405,2392,793,0.4026250443419652,0.41434262948207173,0.41302083333333334,0.411480236284276,0.919964082527639,1.4004419492488158,0.822960472568552,0.919964082527639,0.9336279661658772,0.41369754552652416,0.5433303756285123,0.5323868677905945,100.0,100.0,5423,4191,6518,130,2,6458,0.02397197123363452,4.772130756382725E-4,0.9907947223074562,0.4,0.30000000000000004,0.8,0.9,45.0,80.0,45.0,0.5,0.2,0.8,0.8,35.0,70.0,35.0,5756,4238,1518,5756,0.263724808895066,0.7990092212663011,1.0,0.7990092212663011,1865,0.4400660689004247,1.0,1
"iteration_3","SCOPE_DATA_COLLECTION",1400,33,2050.0,2110.0,2,8452,5767,1913,8434,5903,1937,5052,3381,1127,3405,2392,793,0.4026250443419652,0.41434262948207173,0.41302083333333334,0.411480236284276,0.919964082527639,1.4004419492488158,0.822960472568552,0.919964082527639,0.9336279661658772,0.41369754552652416,0.5433303756285123,0.5323868677905945,100.0,100.0,5423,4191,6518,130,2,6458,0.02397197123363452,4.772130756382725E-4,0.9907947223074562,0.4,0.30000000000000004,0.8,0.9,45.0,80.0,45.0,0.5,0.2,0.8,0.8,35.0,70.0,35.0,1946,1400,546,1946,0.2805755395683453,1.2505801022371803,1.5,0.8337200681581202,623,0.445,1.0,1
"iteration_3","SCOPE_DATA_COLLECTION",1400,34,2110.0,2170.0,0,8559,5756,1946,8452,5767,1913,6464,4240,1397,2090,1518,546,0.24433013794715921,0.2636332059742966,0.281008749356665,0.37562109943641575,0.7997402870796566,1.253517056059929,0.7512421988728315,0.7997402870796566,0.8356780373732859,0.3443688118811881,0.4400943396226415,0.44738725841088045,97.5,100.0,5463,5381,5417,131,3,4020,0.023979498444078345,5.575171901133618E-4,0.7421081779582794,0.5,0.2,0.8,0.8,35.0,70.0,35.0,0.5,0.30000000000000004,0.7000000000000001,0.8,45.0,80.0,25.0,8596,6509,2087,8596,0.2427873429502094,0.40833259663089794,0.5,0.8166651932617959,2394,0.36779843293900755,1.0,1
"iteration_3","SCOPE_DATA_COLLECTION",1400,34,2110.0,2170.0,1,8559,5756,1946,8452,5767,1913,6464,4240,1397,2090,1518,546,0.24433013794715921,0.2636332059742966,0.281008749356665,0.37562109943641575,0.7997402870796566,1.253517056059929,0.7512421988728315,0.7997402870796566,0.8356780373732859,0.3443688118811881,0.4400943396226415,0.44738725841088045,97.5,100.0,5463,5381,5417,131,3,4020,0.023979498444078345,5.575171901133618E-4,0.7421081779582794,0.5,0.2,0.8,0.8,35.0,70.0,35.0,0.5,0.30000000000000004,0.7000000000000001,0.8,45.0,80.0,25.0,5860,4371,1489,5860,0.25409556313993176,0.7938996496520017,1.0,0.7938996496520017,1863,0.42621825669183255,1.0,1
"iteration_3","SCOPE_DATA_COLLECTION",1400,34,2110.0,2170.0,2,8559,5756,1946,8452,5767,1913,6464,4240,1397,2090,1518,546,0.24433013794715921,0.2636332059742966,0.281008749356665,0.37562109943641575,0.7997402870796566,1.253517056059929,0.7512421988728315,0.7997402870796566,0.8356780373732859,0.3443688118811881,0.4400943396226415,0.44738725841088045,97.5,100.0,5463,5381,5417,131,3,4020,0.023979498444078345,5.575171901133618E-4,0.7421081779582794,0.5,0.2,0.8,0.8,35.0,70.0,35.0,0.5,0.30000000000000004,0.7000000000000001,0.8,45.0,80.0,25.0,1951,1393,558,1951,0.2860071758072783,1.2246154291262346,1.5,0.8164102860841563,592,0.42498205312275666,1.0,1
"iteration_3","SCOPE_DATA_COLLECTION",1400,35,2170.0,2230.0,0,8596,5860,1951,8559,5756,1946,6517,4369,1388,2087,1489,558,0.24256159925615992,0.25418231478320247,0.2867420349434738,0.40781236244997543,0.7952132993783374,1.2208753071277096,0.8156247248999509,0.7952132993783374,0.8139168714184731,0.36688660426576647,0.4268711375600824,0.4214697406340058,100.0,100.0,5534,5450,5423,129,1,4004,0.023310444524756054,1.834862385321101E-4,0.7383367139959433,0.5,0.30000000000000004,0.7000000000000001,0.8,45.0,80.0,25.0,0.5,0.30000000000000004,0.6000000000000001,0.9,45.0,90.0,25.0,8470,6237,2233,8470,0.2636363636363636,0.40904691247113567,0.5,0.8180938249422713,2261,0.36251402918069586,1.0,1
"iteration_3","SCOPE_DATA_COLLECTION",1400,35,2170.0,2230.0,1,8596,5860,1951,8559,5756,1946,6517,4369,1388,2087,1489,558,0.24256159925615992,0.25418231478320247,0.2867420349434738,0.40781236244997543,0.7952132993783374,1.2208753071277096,0.8156247248999509,0.7952132993783374,0.8139168714184731,0.36688660426576647,0.4268711375600824,0.4214697406340058,100.0,100.0,5534,5450,5423,129,1,4004,0.023310444524756054,1.834862385321101E-4,0.7383367139959433,0.5,0.30000000000000004,0.7000000000000001,0.8,45.0,80.0,25.0,0.5,0.30000000000000004,0.6000000000000001,0.9,45.0,90.0,25.0,5925,4322,1603,5925,0.27054852320675105,0.8230187435034498,1.0,0.8230187435034498,1911,0.4421564090698751,1.0,1
"iteration_3","SCOPE_DATA_COLLECTION",1400,35,2170.0,2230.0,2,8596,5860,1951,8559,5756,1946,6517,4369,1388,2087,1489,558,0.24256159925615992,0.25418231478320247,0.2867420349434738,0.40781236244997543,0.7952132993783374,1.2208753071277096,0.8156247248999509,0.7952132993783374,0.8139168714184731,0.36688660426576647,0.4268711375600824,0.4214697406340058,100.0,100.0,5534,5450,5423,129,1,4004,0.023310444524756054,1.834862385321101E-4,0.7383367139959433,0.5,0.30000000000000004,0.7000000000000001,0.8,45.0,80.0,25.0,0.5,0.30000000000000004,0.6000000000000001,0.9,45.0,90.0,25.0,1944,1359,585,1944,0.30092592592592593,1.2847534441585522,1.5,0.8565022961057015,615,0.45253863134657835,1.0,1
"iteration_3","SCOPE_DATA_COLLECTION",1400,36,2230.0,2290.0,0,8470,5925,1944,8596,5860,1951,6229,4324,1363,2233,1603,585,0.2638856062396597,0.2704572296271301,0.30030800821355236,0.4089427901826296,0.821748019873886,1.289275731146728,0.8178855803652592,0.821748019873886,0.8595171540978187,0.3618558356076417,0.4417206290471785,0.4556126192223037,97.5,100.0,5399,5471,5469,134,5,4282,0.024819411002037415,9.139097057210748E-4,0.7829584933260194,0.5,0.30000000000000004,0.6000000000000001,0.9,45.0,90.0,25.0,0.5,0.30000000000000004,0.6000000000000001,0.9,45.0,90.0,25.0,8413,6206,2207,8413,0.26233210507547844,0.42373302585599654,0.5,0.8474660517119931,2419,0.3897840799226555,1.0,1
"iteration_3","SCOPE_DATA_COLLECTION",1400,36,2230.0,2290.0,1,8470,5925,1944,8596,5860,1951,6229,4324,1363,2233,1603,585,0.2638856062396597,0.2704572296271301,0.30030800821355236,0.4089427901826296,0.821748019873886,1.289275731146728,0.8178855803652592,0.821748019873886,0.8595171540978187,0.3618558356076417,0.4417206290471785,0.4556126192223037,97.5,100.0,5399,5471,5469,134,5,4282,0.024819411002037415,9.139097057210748E-4,0.7829584933260194,0.5,0.30000000000000004,0.6000000000000001,0.9,45.0,90.0,25.0,0.5,0.30000000000000004,0.6000000000000001,0.9,45.0,90.0,25.0,5790,4141,1649,5790,0.2848013816925734,0.8413224739419122,1.0,0.8413224739419122,1895,0.45761893262496983,1.0,1
"iteration_3","SCOPE_DATA_COLLECTION",1400,36,2230.0,2290.0,2,8470,5925,1944,8596,5860,1951,6229,4324,1363,2233,1603,585,0.2638856062396597,0.2704572296271301,0.30030800821355236,0.4089427901826296,0.821748019873886,1.289275731146728,0.8178855803652592,0.821748019873886,0.8595171540978187,0.3618558356076417,0.4417206290471785,0.4556126192223037,97.5,100.0,5399,5471,5469,134,5,4282,0.024819411002037415,9.139097057210748E-4,0.7829584933260194,0.5,0.30000000000000004,0.6000000000000001,0.9,45.0,90.0,25.0,0.5,0.30000000000000004,0.6000000000000001,0.9,45.0,90.0,25.0,1967,1381,586,1967,0.2979156075241485,1.2703324328424594,1.5,0.8468882885616397,612,0.44315713251267197,1.0,1
"iteration_3","SCOPE_DATA_COLLECTION",1400,37,2290.0,2350.0,0,8413,5790,1967,8470,5925,1944,6201,4128,1389,2207,1649,586,0.262488106565176,0.2854422710749524,0.29670886075949365,0.4232558310519079,0.8364415937448432,1.2757816362600292,0.8465116621038158,0.8364415937448432,0.8505210908400195,0.3902596355426544,0.45566860465116277,0.4456443484521238,97.5,100.0,5492,5272,5406,140,10,4292,0.025491624180626365,0.0018968133535660092,0.7939326674065853,0.5,0.30000000000000004,0.6000000000000001,0.9,45.0,90.0,25.0,0.6000000000000001,0.6000000000000001,0.4,0.5,50.0,95.0,90.0,8585,7594,991,8585,0.11543389633080955,0.3770291445412974,0.5,0.7540582890825948,2528,0.332894390308138,1.0,1
"iteration_3","SCOPE_DATA_COLLECTION",1400,37,2290.0,2350.0,1,8413,5790,1967,8470,5925,1944,6201,4128,1389,2207,1649,586,0.262488106565176,0.2854422710749524,0.29670886075949365,0.4232558310519079,0.8364415937448432,1.2757816362600292,0.8465116621038158,0.8364415937448432,0.8505210908400195,0.3902596355426544,0.45566860465116277,0.4456443484521238,97.5,100.0,5492,5272,5406,140,10,4292,0.025491624180626365,0.0018968133535660092,0.7939326674065853,0.5,0.30000000000000004,0.6000000000000001,0.9,45.0,90.0,25.0,0.6000000000000001,0.6000000000000001,0.4,0.5,50.0,95.0,90.0,5843,5182,661,5843,0.11312681841519767,0.7067698272550943,1.0,0.7067698272550943,1874,0.36163643380934,1.0,1
"iteration_3","SCOPE_DATA_COLLECTION",1400,37,2290.0,2350.0,2,8413,5790,1967,8470,5925,1944,6201,4128,1389,2207,1649,586,0.262488106565176,0.2854422710749524,0.29670886075949365,0.4232558310519079,0.8364415937448432,1.2757816362600292,0.8465116621038158,0.8364415937448432,0.8505210908400195,0.3902596355426544,0.45566860465116277,0.4456443484521238,97.5,100.0,5492,5272,5406,140,10,4292,0.025491624180626365,0.0018968133535660092,0.7939326674065853,0.5,0.30000000000000004,0.6000000000000001,0.9,45.0,90.0,25.0,0.6000000000000001,0.6000000000000001,0.4,0.5,50.0,95.0,90.0,1889,1617,272,1889,0.1439915299100053,1.0959460205314493,1.5,0.7306306803542996,579,0.3580705009276438,1.0,1
"iteration_3","SCOPE_DATA_COLLECTION",1400,38,2350.0,2410.0,0,8585,5843,1889,8413,5790,1967,7584,5177,1605,991,661,272,0.11556851311953353,0.1132237067488866,0.1449120937666489,0.3776466249161047,0.7123663221418228,1.0905305143784343,0.7552932498322094,0.7123663221418228,0.7270203429189562,0.3337289029535865,0.36430365076299015,0.356386292834891,100.0,100.0,5460,6488,4369,117,4,1803,0.02142857142857143,6.165228113440197E-4,0.4126802471961547,0.6000000000000001,0.6000000000000001,0.4,0.5,50.0,95.0,90.0,0.6000000000000001,0.6000000000000001,0.4,0.5,50.0,95.0,90.0,8538,7809,729,8538,0.08538299367533381,0.3532205337669648,0.5,0.7064410675339295,2369,0.3033679088231528,1.0,1
"iteration_3","SCOPE_DATA_COLLECTION",1400,38,2350.0,2410.0,1,8585,5843,1889,8413,5790,1967,7584,5177,1605,991,661,272,0.11556851311953353,0.1132237067488866,0.1449120937666489,0.3776466249161047,0.7123663221418228,1.0905305143784343,0.7552932498322094,0.7123663221418228,0.7270203429189562,0.3337289029535865,0.36430365076299015,0.356386292834891,100.0,100.0,5460,6488,4369,117,4,1803,0.02142857142857143,6.165228113440197E-4,0.4126802471961547,0.6000000000000001,0.6000000000000001,0.4,0.5,50.0,95.0,90.0,0.6000000000000001,0.6000000000000001,0.4,0.5,50.0,95.0,90.0,5849,5326,523,5849,0.08941699435800991,0.6850497620139039,1.0,0.6850497620139039,1879,0.35279759669545624,1.0,1
"iteration_3","SCOPE_DATA_COLLECTION",1400,38,2350.0,2410.0,2,8585,5843,1889,8413,5790,1967,7584,5177,1605,991,661,272,0.11556851311953353,0.1132237067488866,0.1449120937666489,0.3776466249161047,0.7123663221418228,1.0905305143784343,0.7552932498322094,0.7123663221418228,0.7270203429189562,0.3337289029535865,0.36430365076299015,0.356386292834891,100.0,100.0,5460,6488,4369,117,4,1803,0.02142857142857143,6.165228113440197E-4,0.4126802471961547,0.6000000000000001,0.6000000000000001,0.4,0.5,50.0,95.0,90.0,0.6000000000000001,0.6000000000000001,0.4,0.5,50.0,95.0,90.0,1930,1704,226,1930,0.11709844559585492,1.043624195296211,1.5,0.6957494635308074,569,0.33392018779342725,1.0,1
"iteration_3","SCOPE_DATA_COLLECTION",1400,39,2410.0,2470.0,0,8538,5849,1930,8585,5843,1889,7796,5319,1716,726,518,224,0.08519126965501056,0.08874421792016447,0.1154639175257732,0.3518724754550761,0.6835493121804141,1.0496073537816846,0.7037449509101522,0.6835493121804141,0.6997382358544564,0.30066700872242175,0.3510058281631886,0.33624708624708627,95.0,100.0,5391,6571,4355,104,4,1360,0.019291411611945836,6.087353523055851E-4,0.31228473019517794,0.6000000000000001,0.6000000000000001,0.4,0.5,50.0,95.0,90.0,0.7000000000000001,0.5,0.4,0.5,50.0,95.0,90.0,8578,8541,37,8578,0.004313359757519235,0.3086516342121326,0.5,0.6173032684242652,2173,0.2544198571595832,1.0,1
"iteration_3","SCOPE_DATA_COLLECTION",1400,39,2410.0,2470.0,1,8538,5849,1930,8585,5843,1889,7796,5319,1716,726,518,224,0.08519126965501056,0.08874421792016447,0.1154639175257732,0.3518724754550761,0.6835493121804141,1.0496073537816846,0.7037449509101522,0.6835493121804141,0.6997382358544564,0.30066700872242175,0.3510058281631886,0.33624708624708627,95.0,100.0,5391,6571,4355,104,4,1360,0.019291411611945836,6.087353523055851E-4,0.31228473019517794,0.6000000000000001,0.6000000000000001,0.4,0.5,50.0,95.0,90.0,0.7000000000000001,0.5,0.4,0.5,50.0,95.0,90.0,5921,5863,58,5921,0.00979564262793447,0.6177175542285542,1.0,0.6177175542285542,1846,0.3148558758314856,1.0,1
"iteration_3","SCOPE_DATA_COLLECTION",1400,39,2410.0,2470.0,2,8538,5849,1930,8585,5843,1889,7796,5319,1716,726,518,224,0.08519126965501056,0.08874421792016447,0.1154639175257732,0.3518724754550761,0.6835493121804141,1.0496073537816846,0.7037449509101522,0.6835493121804141,0.6997382358544564,0.30066700872242175,0.3510058281631886,0.33624708624708627,95.0,100.0,5391,6571,4355,104,4,1360,0.019291411611945836,6.087353523055851E-4,0.31228473019517794,0.6000000000000001,0.6000000000000001,0.4,0.5,50.0,95.0,90.0,0.7000000000000001,0.5,0.4,0.5,50.0,95.0,90.0,1958,1917,41,1958,0.02093973442288049,0.9918105108689512,1.5,0.6612070072459675,608,0.3171622326551904,1.0,1
"iteration_3","SCOPE_DATA_COLLECTION",1400,40,2470.0,2530.0,0,8578,5921,1958,8538,5849,1930,8564,5881,1908,36,61,39,0.004186046511627907,0.010265903736115786,0.020030816640986132,0.30949583473278003,0.617241716306306,0.9849370982998525,0.6189916694655601,0.617241716306306,0.6566247321999017,0.2559551611396544,0.3155925862948478,0.31341719077568136,95.0,100.0,5346,7822,3289,106,2,28,0.019827908716797606,2.5568908207619537E-4,0.008513225904530252,0.7000000000000001,0.5,0.4,0.5,50.0,95.0,90.0,0.6000000000000001,0.6000000000000001,0.5,0.6000000000000001,60.0,95.0,80.0,8459,7906,553,8459,0.065374157701856,0.4013294791239881,0.5,0.8026589582479762,2525,0.3193776878320263,1.0,1
"iteration_3","SCOPE_DATA_COLLECTION",1400,40,2470.0,2530.0,1,8578,5921,1958,8538,5849,1930,8564,5881,1908,36,61,39,0.004186046511627907,0.010265903736115786,0.020030816640986132,0.30949583473278003,0.617241716306306,0.9849370982998525,0.6189916694655601,0.617241716306306,0.6566247321999017,0.2559551611396544,0.3155925862948478,0.31341719077568136,95.0,100.0,5346,7822,3289,106,2,28,0.019827908716797606,2.5568908207619537E-4,0.008513225904530252,0.7000000000000001,0.5,0.4,0.5,50.0,95.0,90.0,0.6000000000000001,0.6000000000000001,0.5,0.6000000000000001,60.0,95.0,80.0,5879,5443,436,5879,0.07416227249532234,0.7279419435676306,1.0,0.7279419435676306,1918,0.35237920264559985,1.0,1
"iteration_3","SCOPE_DATA_COLLECTION",1400,40,2470.0,2530.0,2,8578,5921,1958,8538,5849,1930,8564,5881,1908,36,61,39,0.004186046511627907,0.010265903736115786,0.020030816640986132,0.30949583473278003,0.617241716306306,0.9849370982998525,0.6189916694655601,0.617241716306306,0.6566247321999017,0.2559551611396544,0.3155925862948478,0.31341719077568136,95.0,100.0,5346,7822,3289,106,2,28,0.019827908716797606,2.5568908207619537E-4,0.008513225904530252,0.7000000000000001,0.5,0.4,0.5,50.0,95.0,90.0,0.6000000000000001,0.6000000000000001,0.5,0.6000000000000001,60.0,95.0,80.0,1945,1792,153,1945,0.07866323907455013,1.1095144604854503,1.5,0.7396763069903002,630,0.3515625,1.0,1
"iteration_3","SCOPE_DATA_COLLECTION",1400,41,2530.0,2590.0,0,8459,5879,1945,8578,5921,1958,7913,5448,1786,552,432,155,0.06520968694624926,0.07346938775510205,0.07985574446161772,0.40176742461080167,0.7304309156671288,1.1129640153235965,0.8035348492216033,0.7304309156671288,0.741976010215731,0.3198534057879439,0.3540748898678414,0.3527435610302352,97.5,100.0,5422,6590,4271,111,10,1018,0.020472150497971228,0.0015174506828528073,0.23835167408101146,0.6000000000000001,0.6000000000000001,0.5,0.6000000000000001,60.0,95.0,80.0,0.5,0.6000000000000001,0.4,0.7000000000000001,50.0,85.0,90.0,8685,6350,2335,8685,0.2688543465745538,0.3976068324789779,0.5,0.7952136649579558,2359,0.371496062992126,1.0,1
"iteration_3","SCOPE_DATA_COLLECTION",1400,41,2530.0,2590.0,1,8459,5879,1945,8578,5921,1958,7913,5448,1786,552,432,155,0.06520968694624926,0.07346938775510205,0.07985574446161772,0.40176742461080167,0.7304309156671288,1.1129640153235965,0.8035348492216033,0.7304309156671288,0.741976010215731,0.3198534057879439,0.3540748898678414,0.3527435610302352,97.5,100.0,5422,6590,4271,111,10,1018,0.020472150497971228,0.0015174506828528073,0.23835167408101146,0.6000000000000001,0.6000000000000001,0.5,0.6000000000000001,60.0,95.0,80.0,0.5,0.6000000000000001,0.4,0.7000000000000001,50.0,85.0,90.0,5904,4272,1632,5904,0.2764227642276423,0.7696989147180322,1.0,0.7696989147180322,1863,0.43609550561797755,1.0,1
"iteration_3","SCOPE_DATA_COLLECTION",1400,41,2530.0,2590.0,2,8459,5879,1945,8578,5921,1958,7913,5448,1786,552,432,155,0.06520968694624926,0.07346938775510205,0.07985574446161772,0.40176742461080167,0.7304309156671288,1.1129640153235965,0.8035348492216033,0.7304309156671288,0.741976010215731,0.3198534057879439,0.3540748898678414,0.3527435610302352,97.5,100.0,5422,6590,4271,111,10,1018,0.020472150497971228,0.0015174506828528073,0.23835167408101146,0.6000000000000001,0.6000000000000001,0.5,0.6000000000000001,60.0,95.0,80.0,0.5,0.6000000000000001,0.4,0.7000000000000001,50.0,85.0,90.0,1905,1341,564,1905,0.29606299212598425,1.2404498402682078,1.5,0.8269665601788052,587,0.4377330350484713,1.0,1
"iteration_3","SCOPE_DATA_COLLECTION",1400,42,2590.0,2650.0,0,8685,5904,1905,8459,5879,1945,6356,4243,1355,2340,1638,566,0.2690892364305428,0.2785240605339228,0.2946382092660073,0.39768067525941286,0.7624324890596761,1.2434027998355077,0.7953613505188257,0.7624324890596761,0.8289351998903385,0.3717747010698553,0.4315342917746877,0.4398523985239852,100.0,100.0,5378,5638,5478,109,1,4434,0.02026775753068055,1.77367860943597E-4,0.8094194961664841,0.5,0.6000000000000001,0.4,0.7000000000000001,50.0,85.0,90.0,0.75,0.9,0.7000000000000001,0.2,45.0,30.0,95.0,8486,8406,80,8486,0.009427292010370021,0.32653750875633814,0.5,0.6530750175126763,2314,0.2752795622174637,1.0,1
"iteration_3","SCOPE_DATA_COLLECTION",1400,42,2590.0,2650.0,1,8685,5904,1905,8459,5879,1945,6356,4243,1355,2340,1638,566,0.2690892364305428,0.2785240605339228,0.2946382092660073,0.39768067525941286,0.7624324890596761,1.2434027998355077,0.7953613505188257,0.7624324890596761,0.8289351998903385,0.3717747010698553,0.4315342917746877,0.4398523985239852,100.0,100.0,5378,5638,5478,109,1,4434,0.02026775753068055,1.77367860943597E-4,0.8094194961664841,0.5,0.6000000000000001,0.4,0.7000000000000001,50.0,85.0,90.0,0.75,0.9,0.7000000000000001,0.2,45.0,30.0,95.0,5988,5888,100,5988,0.016700066800267203,0.6311040307833413,1.0,0.6311040307833413,1809,0.3072350543478261,1.0,1
"iteration_3","SCOPE_DATA_COLLECTION",1400,42,2590.0,2650.0,2,8685,5904,1905,8459,5879,1945,6356,4243,1355,2340,1638,566,0.2690892364305428,0.2785240605339228,0.2946382092660073,0.39768067525941286,0.7624324890596761,1.2434027998355077,0.7953613505188257,0.7624324890596761,0.8289351998903385,0.3717747010698553,0.4315342917746877,0.4398523985239852,100.0,100.0,5378,5638,5478,109,1,4434,0.02026775753068055,1.77367860943597E-4,0.8094194961664841,0.5,0.6000000000000001,0.4,0.7000000000000001,50.0,85.0,90.0,0.75,0.9,0.7000000000000001,0.2,45.0,30.0,95.0,1955,1920,35,1955,0.017902813299232736,0.9804985658865597,1.5,0.6536657105910398,617,0.32135416666666666,1.0,1
"iteration_3","SCOPE_DATA_COLLECTION",1400,43,2650.0,2710.0,0,8486,5988,1955,8685,5904,1905,8387,5898,1901,80,100,35,0.009448446911538916,0.016672224074691565,0.018078512396694214,0.32537652794365185,0.63255455442382,0.9738604755654628,0.6507530558873037,0.63255455442382,0.6492403170436419,0.2738762370335042,0.30874872838250256,0.31877958968963704,100.0,100.0,5359,8277,2793,115,78,22,0.02145922746781116,0.009423704240666908,0.007876834944504118,0.75,0.9,0.7000000000000001,0.2,45.0,30.0,95.0,0.15000000000000002,0.1,0.1,0.9,90.0,50.0,35.0,8601,3671,4930,8601,0.5731891640506918,0.44262008482977133,0.5,0.8852401696595427,1583,0.43121765186597655,1.0,1
"iteration_3","SCOPE_DATA_COLLECTION",1400,43,2650.0,2710.0,1,8486,5988,1955,8685,5904,1905,8387,5898,1901,80,100,35,0.009448446911538916,0.016672224074691565,0.018078512396694214,0.32537652794365185,0.63255455442382,0.9738604755654628,0.6507530558873037,0.63255455442382,0.6492403170436419,0.2738762370335042,0.30874872838250256,0.31877958968963704,100.0,100.0,5359,8277,2793,115,78,22,0.02145922746781116,0.009423704240666908,0.007876834944504118,0.75,0.9,0.7000000000000001,0.2,45.0,30.0,95.0,0.15000000000000002,0.1,0.1,0.9,90.0,50.0,35.0,5958,2494,3464,5958,0.5814031554212823,1.0560054780591932,1.0,1.0560054780591932,1828,0.7329591018444266,1.0,1
"iteration_3","SCOPE_DATA_COLLECTION",1400,43,2650.0,2710.0,2,8486,5988,1955,8685,5904,1905,8387,5898,1901,80,100,35,0.009448446911538916,0.016672224074691565,0.018078512396694214,0.32537652794365185,0.63255455442382,0.9738604755654628,0.6507530558873037,0.63255455442382,0.6492403170436419,0.2738762370335042,0.30874872838250256,0.31877958968963704,100.0,100.0,5359,8277,2793,115,78,22,0.02145922746781116,0.009423704240666908,0.007876834944504118,0.75,0.9,0.7000000000000001,0.2,45.0,30.0,95.0,0.15000000000000002,0.1,0.1,0.9,90.0,50.0,35.0,1959,847,1112,1959,0.5676365492598264,1.736386984558783,1.5,1.1575913230391885,627,0.7402597402597403,1.0,1
"iteration_3","SCOPE_DATA_COLLECTION",1400,44,2710.0,2770.0,0,8601,5958,1959,8486,5988,1955,3694,2520,864,4930,3464,1112,0.5716604823747681,0.5788770053475936,0.562753036437247,0.44607776777253255,1.0626150658356834,1.727209693072132,0.8921555355450651,1.0626150658356834,1.1514731287147546,0.4363833243096914,0.7309523809523809,0.7314814814814815,100.0,100.0,5341,1636,9541,39,1,9466,0.007302003370155402,6.112469437652812E-4,0.9921391887642804,0.15000000000000002,0.1,0.1,0.9,90.0,50.0,35.0,0.15000000000000002,0.1,0.1,0.9,95.0,60.0,25.0,8549,3608,4941,8549,0.5779623347759972,0.4508350468277821,0.5,0.9016700936555642,1645,0.4559312638580931,1.0,1
"iteration_3","SCOPE_DATA_COLLECTION",1400,44,2710.0,2770.0,1,8601,5958,1959,8486,5988,1955,3694,2520,864,4930,3464,1112,0.5716604823747681,0.5788770053475936,0.562753036437247,0.44607776777253255,1.0626150658356834,1.727209693072132,0.8921555355450651,1.0626150658356834,1.1514731287147546,0.4363833243096914,0.7309523809523809,0.7314814814814815,100.0,100.0,5341,1636,9541,39,1,9466,0.007302003370155402,6.112469437652812E-4,0.9921391887642804,0.15000000000000002,0.1,0.1,0.9,90.0,50.0,35.0,0.15000000000000002,0.1,0.1,0.9,95.0,60.0,25.0,5782,2408,3374,5782,0.5835351089588378,1.0496810568546848,1.0,1.0496810568546848,1756,0.729235880398671,1.0,1
"iteration_3","SCOPE_DATA_COLLECTION",1400,44,2710.0,2770.0,2,8601,5958,1959,8486,5988,1955,3694,2520,864,4930,3464,1112,0.5716604823747681,0.5788770053475936,0.562753036437247,0.44607776777253255,1.0626150658356834,1.727209693072132,0.8921555355450651,1.0626150658356834,1.1514731287147546,0.4363833243096914,0.7309523809523809,0.7314814814814815,100.0,100.0,5341,1636,9541,39,1,9466,0.007302003370155402,6.112469437652812E-4,0.9921391887642804,0.15000000000000002,0.1,0.1,0.9,90.0,50.0,35.0,0.15000000000000002,0.1,0.1,0.9,95.0,60.0,25.0,2053,882,1171,2053,0.5703848027277155,1.7782412184461198,1.5,1.1854941456307466,672,0.7619047619047619,1.0,1
"iteration_3","SCOPE_DATA_COLLECTION",1400,45,2770.0,2830.0,0,8549,5782,2053,8601,5958,1959,3602,2413,877,4941,3374,1171,0.5783682547114597,0.5830309313979609,0.57177734375,0.44921083445917914,1.0488932639982511,1.7764456825430217,0.8984216689183583,1.0488932639982511,1.1842971216953477,0.45252637423653524,0.7310401989225032,0.7616875712656784,100.0,100.0,5294,1664,9426,58,2,9426,0.01095579901775595,0.001201923076923077,1.0,0.15000000000000002,0.1,0.1,0.9,95.0,60.0,25.0,0.15000000000000002,0.1,0.1,0.9,95.0,60.0,25.0,8438,3630,4808,8438,0.569803270917279,0.44752887840012195,0.5,0.8950577568002439,1585,0.4366391184573003,1.0,1
"iteration_3","SCOPE_DATA_COLLECTION",1400,45,2770.0,2830.0,1,8549,5782,2053,8601,5958,1959,3602,2413,877,4941,3374,1171,0.5783682547114597,0.5830309313979609,0.57177734375,0.44921083445917914,1.0488932639982511,1.7764456825430217,0.8984216689183583,1.0488932639982511,1.1842971216953477,0.45252637423653524,0.7310401989225032,0.7616875712656784,100.0,100.0,5294,1664,9426,58,2,9426,0.01095579901775595,0.001201923076923077,1.0,0.15000000000000002,0.1,0.1,0.9,95.0,60.0,25.0,0.15000000000000002,0.1,0.1,0.9,95.0,60.0,25.0,5902,2545,3357,5902,0.568790240596408,1.0427493438690216,1.0,1.0427493438690216,1843,0.7241650294695481,1.0,1
"iteration_3","SCOPE_DATA_COLLECTION",1400,45,2770.0,2830.0,2,8549,5782,2053,8601,5958,1959,3602,2413,877,4941,3374,1171,0.5783682547114597,0.5830309313979609,0.57177734375,0.44921083445917914,1.0488932639982511,1.7764456825430217,0.8984216689183583,1.0488932639982511,1.1842971216953477,0.45252637423653524,0.7310401989225032,0.7616875712656784,100.0,100.0,5294,1664,9426,58,2,9426,0.01095579901775595,0.001201923076923077,1.0,0.15000000000000002,0.1,0.1,0.9,95.0,60.0,25.0,0.15000000000000002,0.1,0.1,0.9,95.0,60.0,25.0,1991,823,1168,1991,0.586639879457559,1.6944869141479664,1.5,1.1296579427653108,598,0.7266099635479951,1.0,1
"iteration_3","SCOPE_DATA_COLLECTION",1400,46,2830.0,2890.0,0,8438,5902,1991,8549,5782,2053,3627,2544,837,4808,3357,1168,0.5700059276822762,0.56888662938485,0.5825436408977556,0.4485974039997252,1.0457257199779877,1.7004561402229663,0.8971948079994504,1.0457257199779877,1.1336374268153109,0.4378274055693411,0.7240566037735849,0.7287933094384708,100.0,100.0,5356,1693,9282,49,2,9282,0.009148618371919343,0.0011813349084465446,1.0,0.15000000000000002,0.1,0.1,0.9,95.0,60.0,25.0,0.05,0.2,0.1,0.9,95.0,50.0,25.0,8528,3047,5481,8528,0.6427063789868668,0.5509766264086801,0.5,1.1019532528173601,1901,0.6238923531342304,1.0,1
"iteration_3","SCOPE_DATA_COLLECTION",1400,46,2830.0,2890.0,1,8438,5902,1991,8549,5782,2053,3627,2544,837,4808,3357,1168,0.5700059276822762,0.56888662938485,0.5825436408977556,0.4485974039997252,1.0457257199779877,1.7004561402229663,0.8971948079994504,1.0457257199779877,1.1336374268153109,0.4378274055693411,0.7240566037735849,0.7287933094384708,100.0,100.0,5356,1693,9282,49,2,9282,0.009148618371919343,0.0011813349084465446,1.0,0.15000000000000002,0.1,0.1,0.9,95.0,60.0,25.0,0.05,0.2,0.1,0.9,95.0,50.0,25.0,5886,2127,3759,5886,0.6386340468909276,1.2032828940823475,1.0,1.2032828940823475,1840,0.8650681711330512,1.0,1
"iteration_3","SCOPE_DATA_COLLECTION",1400,46,2830.0,2890.0,2,8438,5902,1991,8549,5782,2053,3627,2544,837,4808,3357,1168,0.5700059276822762,0.56888662938485,0.5825436408977556,0.4485974039997252,1.0457257199779877,1.7004561402229663,0.8971948079994504,1.0457257199779877,1.1336374268153109,0.4378274055693411,0.7240566037735849,0.7287933094384708,100.0,100.0,5356,1693,9282,49,2,9282,0.009148618371919343,0.0011813349084465446,1.0,0.15000000000000002,0.1,0.1,0.9,95.0,60.0,25.0,0.05,0.2,0.1,0.9,95.0,50.0,25.0,1893,658,1235,1893,0.6524035921817222,2.0565421166596045,1.5,1.3710280777730697,595,0.9042553191489362,1.0,1
"iteration_3","SCOPE_DATA_COLLECTION",1400,47,2890.0,2950.0,0,8528,5886,1893,8438,5902,1991,3056,2125,649,5481,3759,1235,0.6420288157432353,0.638851121685928,0.6555201698513801,0.5496699910515844,1.2012415598321227,2.05258682013134,1.0993399821031689,1.2012415598321227,1.3683912134208933,0.6223821989528796,0.8644705882352941,0.9029275808936826,100.0,100.0,5304,564,10439,35,1,10439,0.006598793363499246,0.0017730496453900709,1.0,0.05,0.2,0.1,0.9,95.0,50.0,25.0,0.6000000000000001,0.9,0.2,0.9,25.0,65.0,90.0,8585,7702,883,8585,0.10285381479324403,0.4025306860779837,0.5,0.8050613721559674,2493,0.32368216047779796,1.0,1
"iteration_3","SCOPE_DATA_COLLECTION",1400,47,2890.0,2950.0,1,8528,5886,1893,8438,5902,1991,3056,2125,649,5481,3759,1235,0.6420288157432353,0.638851121685928,0.6555201698513801,0.5496699910515844,1.2012415598321227,2.05258682013134,1.0993399821031689,1.2012415598321227,1.3683912134208933,0.6223821989528796,0.8644705882352941,0.9029275808936826,100.0,100.0,5304,564,10439,35,1,10439,0.006598793363499246,0.0017730496453900709,1.0,0.05,0.2,0.1,0.9,95.0,50.0,25.0,0.6000000000000001,0.9,0.2,0.9,25.0,65.0,90.0,5979,5359,620,5979,0.10369627027931091,0.6900260788577074,1.0,0.6900260788577074,1919,0.3580891957454749,1.0,1
"iteration_3","SCOPE_DATA_COLLECTION",1400,47,2890.0,2950.0,2,8528,5886,1893,8438,5902,1991,3056,2125,649,5481,3759,1235,0.6420288157432353,0.638851121685928,0.6555201698513801,0.5496699910515844,1.2012415598321227,2.05258682013134,1.0993399821031689,1.2012415598321227,1.3683912134208933,0.6223821989528796,0.8644705882352941,0.9029275808936826,100.0,100.0,5304,564,10439,35,1,10439,0.006598793363499246,0.0017730496453900709,1.0,0.05,0.2,0.1,0.9,95.0,50.0,25.0,0.6000000000000001,0.9,0.2,0.9,25.0,65.0,90.0,1910,1670,240,1910,0.1256544502617801,1.1205152473977744,1.5,0.7470101649318496,613,0.36706586826347304,1.0,1
"iteration_3","SCOPE_DATA_COLLECTION",1400,48,2950.0,3010.0,0,8585,5979,1910,8528,5886,1893,7693,5329,1665,883,620,240,0.10296175373134328,0.10421919650361405,0.12598425196850394,0.40246151769627564,0.687913745771673,1.1258058105633664,0.8049230353925513,0.687913745771673,0.7505372070422442,0.32354088132068115,0.35653968849690376,0.3705705705705706,100.0,100.0,5268,6697,4509,82,3,1658,0.015565679574791193,4.479617739286248E-4,0.36770902639166114,0.6000000000000001,0.9,0.2,0.9,25.0,65.0,90.0,0.65,0.8,0.4,0.5,95.0,35.0,35.0,8530,8311,219,8530,0.02567409144196952,0.32706690093815377,0.5,0.6541338018763075,2259,0.2718084466369871,1.0,1
"iteration_3","SCOPE_DATA_COLLECTION",1400,48,2950.0,3010.0,1,8585,5979,1910,8528,5886,1893,7693,5329,1665,883,620,240,0.10296175373134328,0.10421919650361405,0.12598425196850394,0.40246151769627564,0.687913745771673,1.1258058105633664,0.8049230353925513,0.687913745771673,0.7505372070422442,0.32354088132068115,0.35653968849690376,0.3705705705705706,100.0,100.0,5268,6697,4509,82,3,1658,0.015565679574791193,4.479617739286248E-4,0.36770902639166114,0.6000000000000001,0.9,0.2,0.9,25.0,65.0,90.0,0.65,0.8,0.4,0.5,95.0,35.0,35.0,5931,5778,153,5931,0.025796661608497723,0.6406137495657457,1.0,0.6406137495657457,1906,0.3298719280027691,1.0,1
"iteration_3","SCOPE_DATA_COLLECTION",1400,48,2950.0,3010.0,2,8585,5979,1910,8528,5886,1893,7693,5329,1665,883,620,240,0.10296175373134328,0.10421919650361405,0.12598425196850394,0.40246151769627564,0.687913745771673,1.1258058105633664,0.8049230353925513,0.687913745771673,0.7505372070422442,0.32354088132068115,0.35653968849690376,0.3705705705705706,100.0,100.0,5268,6697,4509,82,3,1658,0.015565679574791193,4.479617739286248E-4,0.36770902639166114,0.6000000000000001,0.9,0.2,0.9,25.0,65.0,90.0,0.65,0.8,0.4,0.5,95.0,35.0,35.0,1938,1844,94,1938,0.048503611971104234,0.9794052218408994,1.5,0.6529368145605996,565,0.3063991323210412,1.0,1
"iteration_3","SCOPE_DATA_COLLECTION",1400,49,3010.0,3070.0,0,8530,5931,1938,8585,5979,1910,8303,5794,1843,219,153,94,0.025698192912461865,0.025727257440726417,0.048528652555498195,0.32737326747087997,0.642526284795472,0.9797064023992859,0.6547465349417599,0.642526284795472,0.6531376015995239,0.2719498976273636,0.3317224715222644,0.30602278893109064,97.5,100.0,5375,7224,3800,91,4,371,0.016930232558139535,5.537098560354374E-4,0.09763157894736842,0.65,0.8,0.4,0.5,95.0,35.0,35.0,0.55,0.8,0.30000000000000004,0.4,95.0,25.0,25.0,8627,7397,1230,8627,0.14257563463544684,0.38373219617620175,0.5,0.7674643923524035,2408,0.32553738001892657,1.0,1
"iteration_3","SCOPE_DATA_COLLECTION",1400,49,3010.0,3070.0,1,8530,5931,1938,8585,5979,1910,8303,5794,1843,219,153,94,0.025698192912461865,0.025727257440726417,0.048528652555498195,0.32737326747087997,0.642526284795472,0.9797064023992859,0.6547465349417599,0.642526284795472,0.6531376015995239,0.2719498976273636,0.3317224715222644,0.30602278893109064,97.5,100.0,5375,7224,3800,91,4,371,0.016930232558139535,5.537098560354374E-4,0.09763157894736842,0.65,0.8,0.4,0.5,95.0,35.0,35.0,0.55,0.8,0.30000000000000004,0.4,95.0,25.0,25.0,5789,4871,918,5789,0.15857661081361202,0.7117087988392471,1.0,0.7117087988392471,1801,0.369739273249846,1.0,1
"iteration_3","SCOPE_DATA_COLLECTION",1400,49,3010.0,3070.0,2,8530,5931,1938,8585,5979,1910,8303,5794,1843,219,153,94,0.025698192912461865,0.025727257440726417,0.048528652555498195,0.32737326747087997,0.642526284795472,0.9797064023992859,0.6547465349417599,0.642526284795472,0.6531376015995239,0.2719498976273636,0.3317224715222644,0.30602278893109064,97.5,100.0,5375,7224,3800,91,4,371,0.016930232558139535,5.537098560354374E-4,0.09763157894736842,0.65,0.8,0.4,0.5,95.0,35.0,35.0,0.55,0.8,0.30000000000000004,0.4,95.0,25.0,25.0,1873,1543,330,1873,0.1761879337960491,1.199749567632581,1.5,0.7998330450883873,623,0.4037589112119248,1.0,1
"iteration_3","SCOPE_DATA_COLLECTION",1400,50,3070.0,3130.0,0,8627,5789,1873,8530,5931,1938,7401,4867,1545,1209,903,320,0.14041811846689894,0.15649913344887348,0.17158176943699732,0.382954532254376,0.7064332177869441,1.1894265513225675,0.765909064508752,0.7064332177869441,0.792951034215045,0.3248209701391704,0.3669611670433532,0.39935275080906146,100.0,100.0,5343,6072,4874,96,4,2332,0.017967434025828188,6.587615283267457E-4,0.47845711940910957,0.55,0.8,0.30000000000000004,0.4,95.0,25.0,25.0,0.30000000000000004,0.2,0.9,0.5,55.0,55.0,50.0,8461,4515,3946,8461,0.46637513296300676,0.4280491164008142,0.5,0.8560982328016284,1917,0.4245847176079734,1.0,1
"iteration_3","SCOPE_DATA_COLLECTION",1400,50,3070.0,3130.0,1,8627,5789,1873,8530,5931,1938,7401,4867,1545,1209,903,320,0.14041811846689894,0.15649913344887348,0.17158176943699732,0.382954532254376,0.7064332177869441,1.1894265513225675,0.765909064508752,0.7064332177869441,0.792951034215045,0.3248209701391704,0.3669611670433532,0.39935275080906146,100.0,100.0,5343,6072,4874,96,4,2332,0.017967434025828188,6.587615283267457E-4,0.47845711940910957,0.55,0.8,0.30000000000000004,0.4,95.0,25.0,25.0,0.30000000000000004,0.2,0.9,0.5,55.0,55.0,50.0,5862,3141,2721,5862,0.4641760491299898,0.9855873339995992,1.0,0.9855873339995992,1894,0.6029926774912449,1.0,1
"iteration_3","SCOPE_DATA_COLLECTION",1400,50,3070.0,3130.0,2,8627,5789,1873,8530,5931,1938,7401,4867,1545,1209,903,320,0.14041811846689894,0.15649913344887348,0.17158176943699732,0.382954532254376,0.7064332177869441,1.1894265513225675,0.765909064508752,0.7064332177869441,0.792951034215045,0.3248209701391704,0.3669611670433532,0.39935275080906146,100.0,100.0,5343,6072,4874,96,4,2332,0.017967434025828188,6.587615283267457E-4,0.47845711940910957,0.55,0.8,0.30000000000000004,0.4,95.0,25.0,25.0,0.30000000000000004,0.2,0.9,0.5,55.0,55.0,50.0,1916,986,930,1916,0.48538622129436326,1.5158598340895577,1.5,1.0105732227263717,589,0.5973630831643002,1.0,1
"iteration_3","SCOPE_DATA_COLLECTION",1400,51,3130.0,3190.0,0,8461,5862,1916,8627,5789,1873,4522,3154,977,3967,2736,940,0.46731063729532335,0.4645161290322581,0.4903495044340115,0.4290941031292716,0.9878377245763653,1.513871400014111,0.8581882062585432,0.9878377245763653,1.0092476000094073,0.4252543122512163,0.6046290424857323,0.5967246673490276,100.0,100.0,5433,3264,7542,121,1,7521,0.022271304988036075,3.0637254901960784E-4,0.9972155926809865,0.30000000000000004,0.2,0.9,0.5,55.0,55.0,50.0,0.45,0.7000000000000001,0.8,0.2,80.0,75.0,90.0,8462,5540,2922,8462,0.3453084377215788,0.4327830055179586,0.5,0.8655660110359172,2363,0.4265342960288809,1.0,1
"iteration_3","SCOPE_DATA_COLLECTION",1400,51,3130.0,3190.0,1,8461,5862,1916,8627,5789,1873,4522,3154,977,3967,2736,940,0.46731063729532335,0.4645161290322581,0.4903495044340115,0.4290941031292716,0.9878377245763653,1.513871400014111,0.8581882062585432,0.9878377245763653,1.0092476000094073,0.4252543122512163,0.6046290424857323,0.5967246673490276,100.0,100.0,5433,3264,7542,121,1,7521,0.022271304988036075,3.0637254901960784E-4,0.9972155926809865,0.30000000000000004,0.2,0.9,0.5,55.0,55.0,50.0,0.45,0.7000000000000001,0.8,0.2,80.0,75.0,90.0,5826,3677,2149,5826,0.3688637143837968,0.8688261479759035,1.0,0.8688261479759035,1795,0.48816970356268696,1.0,1
"iteration_3","SCOPE_DATA_COLLECTION",1400,51,3130.0,3190.0,2,8461,5862,1916,8627,5789,1873,4522,3154,977,3967,2736,940,0.46731063729532335,0.4645161290322581,0.4903495044340115,0.4290941031292716,0.9878377245763653,1.513871400014111,0.8581882062585432,0.9878377245763653,1.0092476000094073,0.4252543122512163,0.6046290424857323,0.5967246673490276,100.0,100.0,5433,3264,7542,121,1,7521,0.022271304988036075,3.0637254901960784E-4,0.9972155926809865,0.30000000000000004,0.2,0.9,0.5,55.0,55.0,50.0,0.45,0.7000000000000001,0.8,0.2,80.0,75.0,90.0,1873,1201,672,1873,0.3587827015483182,1.3211597506992427,1.5,0.8807731671328285,602,0.5012489592006661,1.0,1
"iteration_3","SCOPE_DATA_COLLECTION",1400,52,3190.0,3250.0,0,8462,5826,1873,8461,5862,1916,5532,3667,1221,2922,2149,672,0.3456352022711143,0.36949793672627235,0.3549920760697306,0.4320603522250375,0.867694509808102,1.3372739071023,0.864120704450075,0.867694509808102,0.8915159380682001,0.4269703543022415,0.48841014453231524,0.5085995085995086,100.0,100.0,5328,4740,6093,87,3,5653,0.01632882882882883,6.329113924050633E-4,0.9277859839159691,0.45,0.7000000000000001,0.8,0.2,80.0,75.0,90.0,0.55,0.8,0.9,0.2,70.0,85.0,95.0,8441,6927,1514,8441,0.1793626347589148,0.38383978161539123,0.5,0.7676795632307825,2348,0.3389634762523459,1.0,1
"iteration_3","SCOPE_DATA_COLLECTION",1400,52,3190.0,3250.0,1,8462,5826,1873,8461,5862,1916,5532,3667,1221,2922,2149,672,0.3456352022711143,0.36949793672627235,0.3549920760697306,0.4320603522250375,0.867694509808102,1.3372739071023,0.864120704450075,0.867694509808102,0.8915159380682001,0.4269703543022415,0.48841014453231524,0.5085995085995086,100.0,100.0,5328,4740,6093,87,3,5653,0.01632882882882883,6.329113924050633E-4,0.9277859839159691,0.45,0.7000000000000001,0.8,0.2,80.0,75.0,90.0,0.55,0.8,0.9,0.2,70.0,85.0,95.0,5794,4750,1044,5794,0.18018639972385225,0.736467800172065,1.0,0.736467800172065,1813,0.3816842105263158,1.0,1
"iteration_3","SCOPE_DATA_COLLECTION",1400,52,3190.0,3250.0,2,8462,5826,1873,8461,5862,1916,5532,3667,1221,2922,2149,672,0.3456352022711143,0.36949793672627235,0.3549920760697306,0.4320603522250375,0.867694509808102,1.3372739071023,0.864120704450075,0.867694509808102,0.8915159380682001,0.4269703543022415,0.48841014453231524,0.5085995085995086,100.0,100.0,5328,4740,6093,87,3,5653,0.01632882882882883,6.329113924050633E-4,0.9277859839159691,0.45,0.7000000000000001,0.8,0.2,80.0,75.0,90.0,0.55,0.8,0.9,0.2,70.0,85.0,95.0,1925,1562,363,1925,0.18857142857142858,1.1182383599612227,1.5,0.7454922399741485,606,0.3879641485275288,1.0,1
"iteration_3","SCOPE_DATA_COLLECTION",1400,53,3250.0,3310.0,0,8441,5794,1925,8462,5826,1873,6918,4741,1548,1514,1044,363,0.1795540796963947,0.18046672428694902,0.18995290423861852,0.3846565832495907,0.7413207472589614,1.1139846463415923,0.7693131664991814,0.7413207472589614,0.7426564308943949,0.34012720439433364,0.3840961822400337,0.3856589147286822,100.0,100.0,5272,5890,4998,81,7,2833,0.015364188163884674,0.0011884550084889642,0.566826730692277,0.55,0.8,0.9,0.2,70.0,85.0,95.0,0.7000000000000001,0.1,0.9,0.8,70.0,25.0,40.0,8488,8476,12,8488,0.001413760603204524,0.2786951639949287,0.5,0.5573903279898574,1850,0.21826333176026427,1.0,1
"iteration_3","SCOPE_DATA_COLLECTION",1400,53,3250.0,3310.0,1,8441,5794,1925,8462,5826,1873,6918,4741,1548,1514,1044,363,0.1795540796963947,0.18046672428694902,0.18995290423861852,0.3846565832495907,0.7413207472589614,1.1139846463415923,0.7693131664991814,0.7413207472589614,0.7426564308943949,0.34012720439433364,0.3840961822400337,0.3856589147286822,100.0,100.0,5272,5890,4998,81,7,2833,0.015364188163884674,0.0011884550084889642,0.566826730692277,0.55,0.8,0.9,0.2,70.0,85.0,95.0,0.7000000000000001,0.1,0.9,0.8,70.0,25.0,40.0,5944,5880,64,5944,0.010767160161507403,0.6382430123649122,1.0,0.6382430123649122,1911,0.325,1.0,1
"iteration_3","SCOPE_DATA_COLLECTION",1400,53,3250.0,3310.0,2,8441,5794,1925,8462,5826,1873,6918,4741,1548,1514,1044,363,0.1795540796963947,0.18046672428694902,0.18995290423861852,0.3846565832495907,0.7413207472589614,1.1139846463415923,0.7693131664991814,0.7413207472589614,0.7426564308943949,0.34012720439433364,0.3840961822400337,0.3856589147286822,100.0,100.0,5272,5890,4998,81,7,2833,0.015364188163884674,0.0011884550084889642,0.566826730692277,0.55,0.8,0.9,0.2,70.0,85.0,95.0,0.7000000000000001,0.1,0.9,0.8,70.0,25.0,40.0,1886,1841,45,1886,0.02386002120890774,1.0096302046182157,1.5,0.6730868030788105,611,0.33188484519282996,1.0,1
"iteration_3","SCOPE_DATA_COLLECTION",1400,54,3310.0,3370.0,0,8488,5944,1886,8441,5794,1925,8487,5875,1853,12,64,45,0.0014119308153900459,0.010776224953695908,0.02370916754478398,0.2790891278117561,0.6356003190709436,1.0131864183178656,0.5581782556235122,0.6356003190709436,0.6754576122119104,0.21786261340874277,0.3225531914893617,0.33351322180248244,97.5,100.0,5511,7603,3204,115,6,0,0.020867356196697513,7.891621728265158E-4,0.0,0.7000000000000001,0.1,0.9,0.8,70.0,25.0,40.0,0.6000000000000001,0.2,0.9,0.9,60.0,25.0,30.0,8549,7917,632,8549,0.0739267750614107,0.35348473264494157,0.5,0.7069694652898831,2265,0.28609321712769986,1.0,1
"iteration_3","SCOPE_DATA_COLLECTION",1400,54,3310.0,3370.0,1,8488,5944,1886,8441,5794,1925,8487,5875,1853,12,64,45,0.0014119308153900459,0.010776224953695908,0.02370916754478398,0.2790891278117561,0.6356003190709436,1.0131864183178656,0.5581782556235122,0.6356003190709436,0.6754576122119104,0.21786261340874277,0.3225531914893617,0.33351322180248244,97.5,100.0,5511,7603,3204,115,6,0,0.020867356196697513,7.891621728265158E-4,0.0,0.7000000000000001,0.1,0.9,0.8,70.0,25.0,40.0,0.6000000000000001,0.2,0.9,0.9,60.0,25.0,30.0,5886,5333,553,5886,0.09395174991505267,0.7371175908550807,1.0,0.7371175908550807,1975,0.3703356459778736,1.0,1
"iteration_3","SCOPE_DATA_COLLECTION",1400,54,3310.0,3370.0,2,8488,5944,1886,8441,5794,1925,8487,5875,1853,12,64,45,0.0014119308153900459,0.010776224953695908,0.02370916754478398,0.2790891278117561,0.6356003190709436,1.0131864183178656,0.5581782556235122,0.6356003190709436,0.6754576122119104,0.21786261340874277,0.3225531914893617,0.33351322180248244,97.5,100.0,5511,7603,3204,115,6,0,0.020867356196697513,7.891621728265158E-4,0.0,0.7000000000000001,0.1,0.9,0.8,70.0,25.0,40.0,0.6000000000000001,0.2,0.9,0.9,60.0,25.0,30.0,1884,1663,221,1884,0.1173036093418259,1.112213572254598,1.5,0.7414757148363987,604,0.36319903788334335,1.0,1
"iteration_3","SCOPE_DATA_COLLECTION",1400,55,3370.0,3430.0,0,8549,5886,1884,8488,5944,1886,7895,5331,1643,632,553,221,0.07411750908877683,0.09398368456832087,0.11856223175965665,0.34905973632690707,0.7313702077475787,1.0890050106869085,0.6981194726538141,0.7313702077475787,0.726003340457939,0.2833438885370488,0.3710373288313637,0.35605599513085817,100.0,100.0,5564,6491,4264,136,5,1265,0.024442846872753415,7.702973347712217E-4,0.29666979362101314,0.6000000000000001,0.2,0.9,0.9,60.0,25.0,30.0,0.5,0.30000000000000004,0.8,0.8,50.0,20.0,20.0,8416,6399,2017,8416,0.23966254752851712,0.405908432223022,0.5,0.811816864446044,2438,0.38099703078606034,1.0,1
"iteration_3","SCOPE_DATA_COLLECTION",1400,55,3370.0,3430.0,1,8549,5886,1884,8488,5944,1886,7895,5331,1643,632,553,221,0.07411750908877683,0.09398368456832087,0.11856223175965665,0.34905973632690707,0.7313702077475787,1.0890050106869085,0.6981194726538141,0.7313702077475787,0.726003340457939,0.2833438885370488,0.3710373288313637,0.35605599513085817,100.0,100.0,5564,6491,4264,136,5,1265,0.024442846872753415,7.702973347712217E-4,0.29666979362101314,0.6000000000000001,0.2,0.9,0.9,60.0,25.0,30.0,0.5,0.30000000000000004,0.8,0.8,50.0,20.0,20.0,5956,4423,1533,5956,0.2573875083948959,0.8013554152878845,1.0,0.8013554152878845,1923,0.43477277865702013,1.0,1
"iteration_3","SCOPE_DATA_COLLECTION",1400,55,3370.0,3430.0,2,8549,5886,1884,8488,5944,1886,7895,5331,1643,632,553,221,0.07411750908877683,0.09398368456832087,0.11856223175965665,0.34905973632690707,0.7313702077475787,1.0890050106869085,0.6981194726538141,0.7313702077475787,0.726003340457939,0.2833438885370488,0.3710373288313637,0.35605599513085817,100.0,100.0,5564,6491,4264,136,5,1265,0.024442846872753415,7.702973347712217E-4,0.29666979362101314,0.6000000000000001,0.2,0.9,0.9,60.0,25.0,30.0,0.5,0.30000000000000004,0.8,0.8,50.0,20.0,20.0,1929,1389,540,1929,0.27993779160186627,1.2212206974489306,1.5,0.8141471316326204,599,0.4312455003599712,1.0,1
"iteration_3","SCOPE_DATA_COLLECTION",1400,56,3430.0,3490.0,0,8416,5956,1929,8549,5886,1884,6416,4431,1400,2017,1533,540,0.2391794142060951,0.25704225352112675,0.27835051546391754,0.4112373137123738,0.8118823597825195,1.242147170276073,0.8224746274247476,0.8118823597825195,0.8280981135173819,0.38481920199501246,0.4364703227262469,0.43714285714285717,100.0,100.0,5503,5393,5405,114,4,3972,0.020715973105578774,7.417022065640646E-4,0.7348751156336725,0.5,0.30000000000000004,0.8,0.8,50.0,20.0,20.0,0.4,0.2,0.8,0.8,50.0,20.0,20.0,8459,5074,3385,8459,0.40016550419671354,0.4330717097954455,0.5,0.866143419590891,2068,0.40756799369333857,1.0,1
"iteration_3","SCOPE_DATA_COLLECTION",1400,56,3430.0,3490.0,1,8416,5956,1929,8549,5886,1884,6416,4431,1400,2017,1533,540,0.2391794142060951,0.25704225352112675,0.27835051546391754,0.4112373137123738,0.8118823597825195,1.242147170276073,0.8224746274247476,0.8118823597825195,0.8280981135173819,0.38481920199501246,0.4364703227262469,0.43714285714285717,100.0,100.0,5503,5393,5405,114,4,3972,0.020715973105578774,7.417022065640646E-4,0.7348751156336725,0.5,0.30000000000000004,0.8,0.8,50.0,20.0,20.0,0.4,0.2,0.8,0.8,50.0,20.0,20.0,5855,3502,2353,5855,0.4018787361229718,0.9501481561156736,1.0,0.9501481561156736,1912,0.5459737292975443,1.0,1
"iteration_3","SCOPE_DATA_COLLECTION",1400,56,3430.0,3490.0,2,8416,5956,1929,8549,5886,1884,6416,4431,1400,2017,1533,540,0.2391794142060951,0.25704225352112675,0.27835051546391754,0.4112373137123738,0.8118823597825195,1.242147170276073,0.8224746274247476,0.8118823597825195,0.8280981135173819,0.38481920199501246,0.4364703227262469,0.43714285714285717,100.0,100.0,5503,5393,5405,114,4,3972,0.020715973105578774,7.417022065640646E-4,0.7348751156336725,0.5,0.30000000000000004,0.8,0.8,50.0,20.0,20.0,0.4,0.2,0.8,0.8,50.0,20.0,20.0,2056,1204,852,2056,0.4143968871595331,1.4113448485955444,1.5,0.940896565730363,634,0.526578073089701,1.0,1
"iteration_3","SCOPE_DATA_COLLECTION",1400,57,3490.0,3550.0,0,8459,5855,2056,8416,5956,1929,5087,3512,1203,3385,2353,852,0.3995514636449481,0.40119352088661553,0.4145985401459854,0.4329722616954977,0.9444162369066579,1.405928431891718,0.8659445233909954,0.9444162369066579,0.9372856212611453,0.4069195989777865,0.5421412300683371,0.5236907730673317,100.0,100.0,5426,4324,6620,138,4,6448,0.025433099889421305,9.250693802035153E-4,0.9740181268882175,0.4,0.2,0.8,0.8,50.0,20.0,20.0,0.05,0.8,0.4,0.5,40.0,40.0,45.0,8500,3065,5435,8500,0.6394117647058823,0.6462016641811761,0.5,1.2924033283623522,2193,0.7154975530179445,1.0,1
"iteration_3","SCOPE_DATA_COLLECTION",1400,57,3490.0,3550.0,1,8459,5855,2056,8416,5956,1929,5087,3512,1203,3385,2353,852,0.3995514636449481,0.40119352088661553,0.4145985401459854,0.4329722616954977,0.9444162369066579,1.405928431891718,0.8659445233909954,0.9444162369066579,0.9372856212611453,0.4069195989777865,0.5421412300683371,0.5236907730673317,100.0,100.0,5426,4324,6620,138,4,6448,0.025433099889421305,9.250693802035153E-4,0.9740181268882175,0.4,0.2,0.8,0.8,50.0,20.0,20.0,0.05,0.8,0.4,0.5,40.0,40.0,45.0,5676,2099,3577,5676,0.6301973220577872,1.3023304209691169,1.0,1.3023304209691169,1822,0.8680323963792282,1.0,1
"iteration_3","SCOPE_DATA_COLLECTION",1400,57,3490.0,3550.0,2,8459,5855,2056,8416,5956,1929,5087,3512,1203,3385,2353,852,0.3995514636449481,0.40119352088661553,0.4145985401459854,0.4329722616954977,0.9444162369066579,1.405928431891718,0.8659445233909954,0.9444162369066579,0.9372856212611453,0.4069195989777865,0.5421412300683371,0.5236907730673317,100.0,100.0,5426,4324,6620,138,4,6448,0.025433099889421305,9.250693802035153E-4,0.9740181268882175,0.4,0.2,0.8,0.8,50.0,20.0,20.0,0.05,0.8,0.4,0.5,40.0,40.0,45.0,1982,660,1322,1982,0.6670030272452069,2.1446842601416587,1.5,1.4297895067611057,597,0.9045454545454545,1.0,1
"iteration_3","SCOPE_DATA_COLLECTION",1400,58,3550.0,3618.7202788236764,0,8500,5676,1982,8459,5855,2056,3072,2104,662,5435,3577,1322,0.6388856236040907,0.6296426685442704,0.6663306451612904,0.6433194259985715,1.30113255557736,2.1469926511488526,1.286638851997143,1.30113255557736,1.4313284340992352,0.7125651041666666,0.8673954372623575,0.9033232628398792,100.0,100.0,5380,549,10229,105,0,10229,0.019516728624535316,0.0,1.0,0.05,0.8,0.4,0.5,40.0,40.0,45.0,0.05,0.8,0.4,0.5,40.0,40.0,45.0,6900,2481,4393,6874,0.6390747745126564,0.6391558521503491,0.5,1.2783117043006982,1801,0.7259169689641274,0.996231884057971,0
"iteration_3","SCOPE_DATA_COLLECTION",1400,58,3550.0,3618.7202788236764,1,8500,5676,1982,8459,5855,2056,3072,2104,662,5435,3577,1322,0.6388856236040907,0.6296426685442704,0.6663306451612904,0.6433194259985715,1.30113255557736,2.1469926511488526,1.286638851997143,1.30113255557736,1.4313284340992352,0.7125651041666666,0.8673954372623575,0.9033232628398792,100.0,100.0,5380,549,10229,105,0,10229,0.019516728624535316,0.0,1.0,0.05,0.8,0.4,0.5,40.0,40.0,45.0,0.05,0.8,0.4,0.5,40.0,40.0,45.0,4898,1673,3187,4860,0.655761316872428,1.3058129195667603,1.0,1.3058129195667603,1441,0.8613269575612672,0.9922417313189057,0
"iteration_3","SCOPE_DATA_COLLECTION",1400,58,3550.0,3618.7202788236764,2,8500,5676,1982,8459,5855,2056,3072,2104,662,5435,3577,1322,0.6388856236040907,0.6296426685442704,0.6663306451612904,0.6433194259985715,1.30113255557736,2.1469926511488526,1.286638851997143,1.30113255557736,1.4313284340992352,0.7125651041666666,0.8673954372623575,0.9033232628398792,100.0,100.0,5380,549,10229,105,0,10229,0.019516728624535316,0.0,1.0,0.05,0.8,0.4,0.5,40.0,40.0,45.0,0.05,0.8,0.4,0.5,40.0,40.0,45.0,1659,533,1101,1634,0.6738066095471236,2.148248666640105,1.5,1.43216577776007,482,0.9043151969981238,0.9849306811332128,0
"iteration_3","SCOPE_DATA_COLLECTION",1500,0,70.0,130.0,0,8205,5694,1982,0,0,0,7429,5111,1724,725,516,225,0.08891341672798626,0.09170072862982051,0.11544381734222678,0.34696776101958743,0.6742901619625502,1.0244548096714943,0.6939355220391749,0.6742901619625502,0.6829698731143296,0.2961367613406919,0.33633339855214245,0.3329466357308585,97.5,100.0,5326,6339,4216,134,5,1327,0.025159594442358244,7.887679444707368E-4,0.31475332068311196,0.6,0.5,0.7,0.4,85.0,80.0,90.0,0.25,0.9,0.30000000000000004,0.9,40.0,90.0,75.0,8991,4372,4619,8991,0.5137359581804026,0.49648968879933386,0.5,0.9929793775986677,2253,0.5153247941445562,1.0,1
"iteration_3","SCOPE_DATA_COLLECTION",1500,0,70.0,130.0,1,8205,5694,1982,0,0,0,7429,5111,1724,725,516,225,0.08891341672798626,0.09170072862982051,0.11544381734222678,0.34696776101958743,0.6742901619625502,1.0244548096714943,0.6939355220391749,0.6742901619625502,0.6829698731143296,0.2961367613406919,0.33633339855214245,0.3329466357308585,97.5,100.0,5326,6339,4216,134,5,1327,0.025159594442358244,7.887679444707368E-4,0.31475332068311196,0.6,0.5,0.7,0.4,85.0,80.0,90.0,0.25,0.9,0.30000000000000004,0.9,40.0,90.0,75.0,6225,2951,3274,6225,0.5259437751004016,1.0039588192975764,1.0,1.0039588192975764,1852,0.6275838698746188,1.0,1
"iteration_3","SCOPE_DATA_COLLECTION",1500,0,70.0,130.0,2,8205,5694,1982,0,0,0,7429,5111,1724,725,516,225,0.08891341672798626,0.09170072862982051,0.11544381734222678,0.34696776101958743,0.6742901619625502,1.0244548096714943,0.6939355220391749,0.6742901619625502,0.6829698731143296,0.2961367613406919,0.33633339855214245,0.3329466357308585,97.5,100.0,5326,6339,4216,134,5,1327,0.025159594442358244,7.887679444707368E-4,0.31475332068311196,0.6,0.5,0.7,0.4,85.0,80.0,90.0,0.25,0.9,0.30000000000000004,0.9,40.0,90.0,75.0,2071,959,1112,2071,0.5369386769676485,1.5623434110909356,1.5,1.0415622740606236,590,0.6152241918665277,1.0,1
"iteration_3","SCOPE_DATA_COLLECTION",1500,1,130.0,190.0,0,8991,6225,2071,8205,5694,1982,4387,2976,966,4619,3274,1112,0.512880302020875,0.52384,0.5351299326275265,0.4988838133102204,1.0115044064600471,1.5458417185138442,0.9977676266204408,1.0115044064600471,1.030561145675896,0.516981992249829,0.6293682795698925,0.6076604554865425,95.0,100.0,5417,2917,8953,111,2,8892,0.020491046704818165,6.856359273225917E-4,0.9931866413492684,0.25,0.9,0.30000000000000004,0.9,40.0,90.0,75.0,0.65,0.4,0.7000000000000001,0.8,55.0,80.0,90.0,8748,8446,302,8748,0.03452217649748514,0.34200409850602076,0.5,0.6840081970120415,2441,0.28901255031967793,1.0,1
"iteration_3","SCOPE_DATA_COLLECTION",1500,1,130.0,190.0,1,8991,6225,2071,8205,5694,1982,4387,2976,966,4619,3274,1112,0.512880302020875,0.52384,0.5351299326275265,0.4988838133102204,1.0115044064600471,1.5458417185138442,0.9977676266204408,1.0115044064600471,1.030561145675896,0.516981992249829,0.6293682795698925,0.6076604554865425,95.0,100.0,5417,2917,8953,111,2,8892,0.020491046704818165,6.856359273225917E-4,0.9931866413492684,0.25,0.9,0.30000000000000004,0.9,40.0,90.0,75.0,0.65,0.4,0.7000000000000001,0.8,55.0,80.0,90.0,6212,5895,317,6212,0.05103026400515132,0.6845062547606415,1.0,0.6845062547606415,1889,0.32044105173876164,1.0,1
"iteration_3","SCOPE_DATA_COLLECTION",1500,1,130.0,190.0,2,8991,6225,2071,8205,5694,1982,4387,2976,966,4619,3274,1112,0.512880302020875,0.52384,0.5351299326275265,0.4988838133102204,1.0115044064600471,1.5458417185138442,0.9977676266204408,1.0115044064600471,1.030561145675896,0.516981992249829,0.6293682795698925,0.6076604554865425,95.0,100.0,5417,2917,8953,111,2,8892,0.020491046704818165,6.856359273225917E-4,0.9931866413492684,0.25,0.9,0.30000000000000004,0.9,40.0,90.0,75.0,0.65,0.4,0.7000000000000001,0.8,55.0,80.0,90.0,2122,1967,155,2122,0.07304429783223375,1.0349099277420295,1.5,0.6899399518280197,636,0.3233350279613625,1.0,1
"iteration_3","SCOPE_DATA_COLLECTION",1500,2,190.0,250.0,0,8748,6212,2122,8991,6225,2071,8423,5885,1958,302,317,155,0.03461318051575931,0.05111254434053531,0.07335541883577851,0.34139746266898086,0.6864628259007685,1.0339924096637687,0.6827949253379617,0.6864628259007685,0.6893282731091791,0.2884957853496379,0.3220050977060323,0.3232890704800817,100.0,100.0,5547,7506,4029,224,6,544,0.040382188570398415,7.993605115907274E-4,0.1350210970464135,0.65,0.4,0.7000000000000001,0.8,55.0,80.0,90.0,0.35000000000000003,0.7000000000000001,0.6000000000000001,0.7000000000000001,80.0,65.0,60.0,8959,5079,3880,8959,0.43308404955910257,0.47251109379410655,0.5,0.9450221875882131,2421,0.47666863555818073,1.0,1
"iteration_3","SCOPE_DATA_COLLECTION",1500,2,190.0,250.0,1,8748,6212,2122,8991,6225,2071,8423,5885,1958,302,317,155,0.03461318051575931,0.05111254434053531,0.07335541883577851,0.34139746266898086,0.6864628259007685,1.0339924096637687,0.6827949253379617,0.6864628259007685,0.6893282731091791,0.2884957853496379,0.3220050977060323,0.3232890704800817,100.0,100.0,5547,7506,4029,224,6,544,0.040382188570398415,7.993605115907274E-4,0.1350210970464135,0.65,0.4,0.7000000000000001,0.8,55.0,80.0,90.0,0.35000000000000003,0.7000000000000001,0.6000000000000001,0.7000000000000001,80.0,65.0,60.0,6180,3334,2846,6180,0.46051779935275083,0.9421777067157433,1.0,0.9421777067157433,1824,0.5470905818836233,1.0,1
"iteration_3","SCOPE_DATA_COLLECTION",1500,2,190.0,250.0,2,8748,6212,2122,8991,6225,2071,8423,5885,1958,302,317,155,0.03461318051575931,0.05111254434053531,0.07335541883577851,0.34139746266898086,0.6864628259007685,1.0339924096637687,0.6827949253379617,0.6864628259007685,0.6893282731091791,0.2884957853496379,0.3220050977060323,0.3232890704800817,100.0,100.0,5547,7506,4029,224,6,544,0.040382188570398415,7.993605115907274E-4,0.1350210970464135,0.65,0.4,0.7000000000000001,0.8,55.0,80.0,90.0,0.35000000000000003,0.7000000000000001,0.6000000000000001,0.7000000000000001,80.0,65.0,60.0,2129,1103,1026,2129,0.48191639267261627,1.485166956081877,1.5,0.9901113040545847,615,0.557570262919311,1.0,1
"iteration_3","SCOPE_DATA_COLLECTION",1500,3,250.0,310.0,0,8959,6180,2129,8748,6212,2122,5093,3344,1107,3880,2846,1026,0.4324083361194695,0.45977382875605816,0.4810126582278481,0.47145762641996347,0.936032800680748,1.47721178300012,0.9429152528399269,0.936032800680748,0.9848078553334133,0.4749656391125074,0.5433612440191388,0.5537488708220416,97.5,100.0,5585,4089,7594,193,0,7559,0.034556848701880034,0.0,0.995391098235449,0.35000000000000003,0.7000000000000001,0.6000000000000001,0.7000000000000001,80.0,65.0,60.0,0.35000000000000003,0.6000000000000001,0.7000000000000001,0.7000000000000001,80.0,75.0,70.0,8948,4900,4048,8948,0.4523915958873491,0.464463333374956,0.5,0.928926666749912,2333,0.47612244897959183,1.0,1
"iteration_3","SCOPE_DATA_COLLECTION",1500,3,250.0,310.0,1,8959,6180,2129,8748,6212,2122,5093,3344,1107,3880,2846,1026,0.4324083361194695,0.45977382875605816,0.4810126582278481,0.47145762641996347,0.936032800680748,1.47721178300012,0.9429152528399269,0.936032800680748,0.9848078553334133,0.4749656391125074,0.5433612440191388,0.5537488708220416,97.5,100.0,5585,4089,7594,193,0,7559,0.034556848701880034,0.0,0.995391098235449,0.35000000000000003,0.7000000000000001,0.6000000000000001,0.7000000000000001,80.0,65.0,60.0,0.35000000000000003,0.6000000000000001,0.7000000000000001,0.7000000000000001,80.0,75.0,70.0,6338,3429,2909,6338,0.4589775954559798,0.9828402609776535,1.0,0.9828402609776535,1923,0.5608048993875766,1.0,1
"iteration_3","SCOPE_DATA_COLLECTION",1500,3,250.0,310.0,2,8959,6180,2129,8748,6212,2122,5093,3344,1107,3880,2846,1026,0.4324083361194695,0.45977382875605816,0.4810126582278481,0.47145762641996347,0.936032800680748,1.47721178300012,0.9429152528399269,0.936032800680748,0.9848078553334133,0.4749656391125074,0.5433612440191388,0.5537488708220416,97.5,100.0,5585,4089,7594,193,0,7559,0.034556848701880034,0.0,0.995391098235449,0.35000000000000003,0.7000000000000001,0.6000000000000001,0.7000000000000001,80.0,65.0,60.0,0.35000000000000003,0.6000000000000001,0.7000000000000001,0.7000000000000001,80.0,75.0,70.0,2289,1214,1075,2289,0.46963739624290085,1.3745436788198688,1.5,0.9163624525465792,608,0.500823723228995,1.0,1
"iteration_3","SCOPE_DATA_COLLECTION",1500,4,310.0,370.0,0,8948,6338,2289,8959,6180,2129,4908,3418,1221,4048,2909,1075,0.4519874944171505,0.4597755650387229,0.468205574912892,0.46528325277314536,0.9819774760676101,1.3853276039743243,0.9305665055462907,0.9819774760676101,0.9235517359828829,0.47616136919315405,0.5590988882387361,0.5053235053235053,97.5,100.0,5466,4255,7854,174,4,7854,0.031833150384193196,9.400705052878966E-4,1.0,0.35000000000000003,0.6000000000000001,0.7000000000000001,0.7000000000000001,80.0,75.0,70.0,0.35000000000000003,0.7000000000000001,0.8,0.6000000000000001,70.0,65.0,80.0,8892,4931,3961,8892,0.4454565901934323,0.47746422634974905,0.5,0.9549284526994981,2363,0.4792131413506388,1.0,1
"iteration_3","SCOPE_DATA_COLLECTION",1500,4,310.0,370.0,1,8948,6338,2289,8959,6180,2129,4908,3418,1221,4048,2909,1075,0.4519874944171505,0.4597755650387229,0.468205574912892,0.46528325277314536,0.9819774760676101,1.3853276039743243,0.9305665055462907,0.9819774760676101,0.9235517359828829,0.47616136919315405,0.5590988882387361,0.5053235053235053,97.5,100.0,5466,4255,7854,174,4,7854,0.031833150384193196,9.400705052878966E-4,1.0,0.35000000000000003,0.6000000000000001,0.7000000000000001,0.7000000000000001,80.0,75.0,70.0,0.35000000000000003,0.7000000000000001,0.8,0.6000000000000001,70.0,65.0,80.0,6229,3421,2808,6229,0.4507946700915075,0.9537578260139076,1.0,0.9537578260139076,1853,0.5416544869921076,1.0,1
"iteration_3","SCOPE_DATA_COLLECTION",1500,4,310.0,370.0,2,8948,6338,2289,8959,6180,2129,4908,3418,1221,4048,2909,1075,0.4519874944171505,0.4597755650387229,0.468205574912892,0.46528325277314536,0.9819774760676101,1.3853276039743243,0.9305665055462907,0.9819774760676101,0.9235517359828829,0.47616136919315405,0.5590988882387361,0.5053235053235053,97.5,100.0,5466,4255,7854,174,4,7854,0.031833150384193196,9.400705052878966E-4,1.0,0.35000000000000003,0.6000000000000001,0.7000000000000001,0.7000000000000001,80.0,75.0,70.0,0.35000000000000003,0.7000000000000001,0.8,0.6000000000000001,70.0,65.0,80.0,2192,1155,1037,2192,0.47308394160583944,1.4311466203537944,1.5,0.9540977469025296,618,0.535064935064935,1.0,1
"iteration_3","SCOPE_DATA_COLLECTION",1500,5,370.0,430.0,0,8892,6229,2192,8948,6338,2289,4920,3403,1153,3961,2808,1037,0.44600833239500054,0.45210111093221705,0.4735159817351598,0.4760399629811436,0.9488113938056829,1.4243822743819885,0.9520799259622872,0.9488113938056829,0.9495881829213256,0.4790650406504065,0.540405524537173,0.5325238508239376,97.5,100.0,5580,4147,7586,217,3,7586,0.03888888888888889,7.234145165179648E-4,1.0,0.35000000000000003,0.7000000000000001,0.8,0.6000000000000001,70.0,65.0,80.0,0.35000000000000003,0.7000000000000001,0.8,0.6000000000000001,70.0,65.0,80.0,8782,4883,3899,8782,0.4439763151901617,0.467142939462518,0.5,0.934285878925036,2315,0.47409379479827973,1.0,1
"iteration_3","SCOPE_DATA_COLLECTION",1500,5,370.0,430.0,1,8892,6229,2192,8948,6338,2289,4920,3403,1153,3961,2808,1037,0.44600833239500054,0.45210111093221705,0.4735159817351598,0.4760399629811436,0.9488113938056829,1.4243822743819885,0.9520799259622872,0.9488113938056829,0.9495881829213256,0.4790650406504065,0.540405524537173,0.5325238508239376,97.5,100.0,5580,4147,7586,217,3,7586,0.03888888888888889,7.234145165179648E-4,1.0,0.35000000000000003,0.7000000000000001,0.8,0.6000000000000001,70.0,65.0,80.0,0.35000000000000003,0.7000000000000001,0.8,0.6000000000000001,70.0,65.0,80.0,6120,3312,2808,6120,0.4588235294117647,0.9729813633052156,1.0,0.9729813633052156,1851,0.5588768115942029,1.0,1
"iteration_3","SCOPE_DATA_COLLECTION",1500,5,370.0,430.0,2,8892,6229,2192,8948,6338,2289,4920,3403,1153,3961,2808,1037,0.44600833239500054,0.45210111093221705,0.4735159817351598,0.4760399629811436,0.9488113938056829,1.4243822743819885,0.9520799259622872,0.9488113938056829,0.9495881829213256,0.4790650406504065,0.540405524537173,0.5325238508239376,97.5,100.0,5580,4147,7586,217,3,7586,0.03888888888888889,7.234145165179648E-4,1.0,0.35000000000000003,0.7000000000000001,0.8,0.6000000000000001,70.0,65.0,80.0,0.35000000000000003,0.7000000000000001,0.8,0.6000000000000001,70.0,65.0,80.0,2124,1099,1025,2124,0.4825800376647834,1.4425983612302087,1.5,0.9617322408201391,599,0.5450409463148317,1.0,1
"iteration_3","SCOPE_DATA_COLLECTION",1500,6,430.0,490.0,0,8782,6120,2124,8892,6229,2192,4896,3340,1100,3899,2808,1025,0.4433200682205799,0.4567338972023422,0.4823529411764706,0.46914863285655894,0.9794609227401577,1.4419025216054782,0.9382972657131179,0.9794609227401577,0.9612683477369854,0.47610294117647056,0.5616766467065868,0.5445454545454546,100.0,100.0,5455,4019,7552,179,1,7552,0.032813932172318976,2.488181139586962E-4,1.0,0.35000000000000003,0.7000000000000001,0.8,0.6000000000000001,70.0,65.0,80.0,0.35000000000000003,0.8,0.7000000000000001,0.6000000000000001,70.0,75.0,90.0,9113,4984,4129,9113,0.4530889937451992,0.46271457161352875,0.5,0.9254291432270575,2329,0.46729534510433385,1.0,1
"iteration_3","SCOPE_DATA_COLLECTION",1500,6,430.0,490.0,1,8782,6120,2124,8892,6229,2192,4896,3340,1100,3899,2808,1025,0.4433200682205799,0.4567338972023422,0.4823529411764706,0.46914863285655894,0.9794609227401577,1.4419025216054782,0.9382972657131179,0.9794609227401577,0.9612683477369854,0.47610294117647056,0.5616766467065868,0.5445454545454546,100.0,100.0,5455,4019,7552,179,1,7552,0.032813932172318976,2.488181139586962E-4,1.0,0.35000000000000003,0.7000000000000001,0.8,0.6000000000000001,70.0,65.0,80.0,0.35000000000000003,0.8,0.7000000000000001,0.6000000000000001,70.0,75.0,90.0,6320,3432,2888,6320,0.4569620253164557,0.9416543598936171,1.0,0.9416543598936171,1866,0.5437062937062938,1.0,1
"iteration_3","SCOPE_DATA_COLLECTION",1500,6,430.0,490.0,2,8782,6120,2124,8892,6229,2192,4896,3340,1100,3899,2808,1025,0.4433200682205799,0.4567338972023422,0.4823529411764706,0.46914863285655894,0.9794609227401577,1.4419025216054782,0.9382972657131179,0.9794609227401577,0.9612683477369854,0.47610294117647056,0.5616766467065868,0.5445454545454546,100.0,100.0,5455,4019,7552,179,1,7552,0.032813932172318976,2.488181139586962E-4,1.0,0.35000000000000003,0.7000000000000001,0.8,0.6000000000000001,70.0,65.0,80.0,0.35000000000000003,0.8,0.7000000000000001,0.6000000000000001,70.0,75.0,90.0,2074,1102,972,2074,0.4686595949855352,1.4560406296822803,1.5,0.9706937531215202,610,0.5535390199637024,1.0,1
"iteration_3","SCOPE_DATA_COLLECTION",1500,7,490.0,550.0,0,9113,6320,2074,8782,6120,2124,4962,3413,1101,4129,2888,972,0.45418545814541855,0.4583399460403111,0.46888567293777134,0.45966434658775773,0.9351447445405446,1.4609565300487315,0.9193286931755155,0.9351447445405446,0.9739710200324877,0.4633212414349053,0.5420451215939056,0.5567665758401453,100.0,100.0,5491,4195,7821,161,7,7821,0.0293207066108177,0.00166865315852205,1.0,0.35000000000000003,0.8,0.7000000000000001,0.6000000000000001,70.0,75.0,90.0,0.35000000000000003,0.7000000000000001,0.6000000000000001,0.5,60.0,75.0,95.0,8916,4819,4097,8916,0.4595109914759982,0.46117545812474586,0.5,0.9223509162494917,2299,0.4770699315210625,1.0,1
"iteration_3","SCOPE_DATA_COLLECTION",1500,7,490.0,550.0,1,9113,6320,2074,8782,6120,2124,4962,3413,1101,4129,2888,972,0.45418545814541855,0.4583399460403111,0.46888567293777134,0.45966434658775773,0.9351447445405446,1.4609565300487315,0.9193286931755155,0.9351447445405446,0.9739710200324877,0.4633212414349053,0.5420451215939056,0.5567665758401453,100.0,100.0,5491,4195,7821,161,7,7821,0.0293207066108177,0.00166865315852205,1.0,0.35000000000000003,0.8,0.7000000000000001,0.6000000000000001,70.0,75.0,90.0,0.35000000000000003,0.7000000000000001,0.6000000000000001,0.5,60.0,75.0,95.0,6276,3357,2919,6276,0.46510516252390055,0.9413359737375449,1.0,0.9413359737375449,1806,0.5379803395889187,1.0,1
"iteration_3","SCOPE_DATA_COLLECTION",1500,7,490.0,550.0,2,9113,6320,2074,8782,6120,2124,4962,3413,1101,4129,2888,972,0.45418545814541855,0.4583399460403111,0.46888567293777134,0.45966434658775773,0.9351447445405446,1.4609565300487315,0.9193286931755155,0.9351447445405446,0.9739710200324877,0.4633212414349053,0.5420451215939056,0.5567665758401453,100.0,100.0,5491,4195,7821,161,7,7821,0.0293207066108177,0.00166865315852205,1.0,0.35000000000000003,0.8,0.7000000000000001,0.6000000000000001,70.0,75.0,90.0,0.35000000000000003,0.7000000000000001,0.6000000000000001,0.5,60.0,75.0,95.0,2143,1152,991,2143,0.46243583761082596,1.4719957532913002,1.5,0.9813305021942001,641,0.5564236111111112,1.0,1
"iteration_3","SCOPE_DATA_COLLECTION",1500,8,550.0,610.0,0,8916,6276,2143,9113,6320,2074,4837,3377,1146,4097,2919,991,0.45858518021043204,0.4636277001270648,0.4637342068320075,0.46294933539908806,0.9491928755594211,1.4681632072933275,0.9258986707981761,0.9491928755594211,0.978775471528885,0.4798428778168286,0.5404204915605567,0.5541012216404887,97.5,100.0,5366,4144,7825,174,8,7825,0.03242638837122624,0.0019305019305019305,1.0,0.35000000000000003,0.7000000000000001,0.6000000000000001,0.5,60.0,75.0,95.0,0.35000000000000003,0.8,0.6000000000000001,0.5,60.0,75.0,95.0,8856,4868,3988,8856,0.450316169828365,0.45669636905281236,0.5,0.9133927381056247,2209,0.4537797863599014,1.0,1
"iteration_3","SCOPE_DATA_COLLECTION",1500,8,550.0,610.0,1,8916,6276,2143,9113,6320,2074,4837,3377,1146,4097,2919,991,0.45858518021043204,0.4636277001270648,0.4637342068320075,0.46294933539908806,0.9491928755594211,1.4681632072933275,0.9258986707981761,0.9491928755594211,0.978775471528885,0.4798428778168286,0.5404204915605567,0.5541012216404887,97.5,100.0,5366,4144,7825,174,8,7825,0.03242638837122624,0.0019305019305019305,1.0,0.35000000000000003,0.7000000000000001,0.6000000000000001,0.5,60.0,75.0,95.0,0.35000000000000003,0.8,0.6000000000000001,0.5,60.0,75.0,95.0,6229,3410,2819,6229,0.4525606036281907,0.9510000389378472,1.0,0.9510000389378472,1846,0.5413489736070382,1.0,1
"iteration_3","SCOPE_DATA_COLLECTION",1500,8,550.0,610.0,2,8916,6276,2143,9113,6320,2074,4837,3377,1146,4097,2919,991,0.45858518021043204,0.4636277001270648,0.4637342068320075,0.46294933539908806,0.9491928755594211,1.4681632072933275,0.9258986707981761,0.9491928755594211,0.978775471528885,0.4798428778168286,0.5404204915605567,0.5541012216404887,97.5,100.0,5366,4144,7825,174,8,7825,0.03242638837122624,0.0019305019305019305,1.0,0.35000000000000003,0.7000000000000001,0.6000000000000001,0.5,60.0,75.0,95.0,0.35000000000000003,0.8,0.6000000000000001,0.5,60.0,75.0,95.0,2217,1169,1048,2217,0.4727108705457826,1.4307140848981879,1.5,0.9538093899321253,628,0.5372112917023096,1.0,1
"iteration_3","SCOPE_DATA_COLLECTION",1500,9,610.0,670.0,0,8856,6229,2217,8916,6276,2143,4863,3392,1177,3988,2819,1048,0.4505705569992091,0.4538721622927065,0.4710112359550562,0.4577665069622918,0.9472835710327883,1.4343459662094362,0.9155330139245836,0.9472835710327883,0.9562306441396241,0.4542463499897183,0.5400943396226415,0.5386576040781649,100.0,100.0,5400,4228,7674,176,5,7674,0.03259259259259259,0.0011825922421948912,1.0,0.35000000000000003,0.8,0.6000000000000001,0.5,60.0,75.0,95.0,0.45,0.9,0.5,0.4,50.0,65.0,95.0,9031,5575,3456,9031,0.38268187354667255,0.4151375342082742,0.5,0.8302750684165484,2306,0.4136322869955157,1.0,1
"iteration_3","SCOPE_DATA_COLLECTION",1500,9,610.0,670.0,1,8856,6229,2217,8916,6276,2143,4863,3392,1177,3988,2819,1048,0.4505705569992091,0.4538721622927065,0.4710112359550562,0.4577665069622918,0.9472835710327883,1.4343459662094362,0.9155330139245836,0.9472835710327883,0.9562306441396241,0.4542463499897183,0.5400943396226415,0.5386576040781649,100.0,100.0,5400,4228,7674,176,5,7674,0.03259259259259259,0.0011825922421948912,1.0,0.35000000000000003,0.8,0.6000000000000001,0.5,60.0,75.0,95.0,0.45,0.9,0.5,0.4,50.0,65.0,95.0,6222,3827,2395,6222,0.3849244615879139,0.8529660871639784,1.0,0.8529660871639784,1853,0.48419127253723543,1.0,1
"iteration_3","SCOPE_DATA_COLLECTION",1500,9,610.0,670.0,2,8856,6229,2217,8916,6276,2143,4863,3392,1177,3988,2819,1048,0.4505705569992091,0.4538721622927065,0.4710112359550562,0.4577665069622918,0.9472835710327883,1.4343459662094362,0.9155330139245836,0.9472835710327883,0.9562306441396241,0.4542463499897183,0.5400943396226415,0.5386576040781649,100.0,100.0,5400,4228,7674,176,5,7674,0.03259259259259259,0.0011825922421948912,1.0,0.35000000000000003,0.8,0.6000000000000001,0.5,60.0,75.0,95.0,0.45,0.9,0.5,0.4,50.0,65.0,95.0,2209,1319,890,2209,0.40289723856948845,1.2842395032028924,1.5,0.8561596688019283,624,0.47308567096285065,1.0,1
"iteration_3","SCOPE_DATA_COLLECTION",1500,10,670.0,730.0,0,9031,6222,2209,8856,6229,2217,5579,3843,1312,3456,2395,890,0.38251245157719976,0.3839371593459442,0.40417801998183467,0.41487753522236237,0.8560146797956688,1.2805051885032606,0.8297550704447247,0.8560146797956688,0.8536701256688404,0.4129772360638107,0.4855581576893052,0.47103658536585363,100.0,100.0,5425,5384,6653,144,4,6593,0.026543778801843318,7.429420505200594E-4,0.9909815120998046,0.45,0.9,0.5,0.4,50.0,65.0,95.0,0.9,0.7000000000000001,0.5,0.9,20.0,80.0,85.0,8913,8429,484,8913,0.05430270391562886,0.3677130017378823,0.5,0.7354260034757646,2526,0.2996796773045438,1.0,1
"iteration_3","SCOPE_DATA_COLLECTION",1500,10,670.0,730.0,1,9031,6222,2209,8856,6229,2217,5579,3843,1312,3456,2395,890,0.38251245157719976,0.3839371593459442,0.40417801998183467,0.41487753522236237,0.8560146797956688,1.2805051885032606,0.8297550704447247,0.8560146797956688,0.8536701256688404,0.4129772360638107,0.4855581576893052,0.47103658536585363,100.0,100.0,5425,5384,6653,144,4,6593,0.026543778801843318,7.429420505200594E-4,0.9909815120998046,0.45,0.9,0.5,0.4,50.0,65.0,95.0,0.9,0.7000000000000001,0.5,0.9,20.0,80.0,85.0,6169,5785,384,6169,0.062246717458259035,0.6885966144863281,1.0,0.6885966144863281,1937,0.3348314606741573,1.0,1
"iteration_3","SCOPE_DATA_COLLECTION",1500,10,670.0,730.0,2,9031,6222,2209,8856,6229,2217,5579,3843,1312,3456,2395,890,0.38251245157719976,0.3839371593459442,0.40417801998183467,0.41487753522236237,0.8560146797956688,1.2805051885032606,0.8297550704447247,0.8560146797956688,0.8536701256688404,0.4129772360638107,0.4855581576893052,0.47103658536585363,100.0,100.0,5425,5384,6653,144,4,6593,0.026543778801843318,7.429420505200594E-4,0.9909815120998046,0.45,0.9,0.5,0.4,50.0,65.0,95.0,0.9,0.7000000000000001,0.5,0.9,20.0,80.0,85.0,2147,1969,178,2147,0.08290638099673964,1.0409222881194415,1.5,0.6939481920796277,607,0.30827831386490606,1.0,1
"iteration_3","SCOPE_DATA_COLLECTION",1500,11,730.0,790.0,0,8913,6169,2147,9031,6222,2209,8403,5777,1969,483,384,178,0.05435516542876435,0.06232754422983282,0.08290638099673964,0.3676032359327849,0.6891030315944527,1.04415305581146,0.7352064718655698,0.6891030315944527,0.69610203720764,0.299892895394502,0.3347758352085858,0.31081767394616555,100.0,100.0,5503,10592,1134,162,873,10,0.02943848809740142,0.08242069486404834,0.008818342151675485,0.9,0.7000000000000001,0.5,0.9,20.0,80.0,85.0,0.4,0.7000000000000001,0.7000000000000001,0.9,85.0,65.0,55.0,8935,5272,3663,8935,0.40996082820369334,0.43609005231875886,0.5,0.8721801046375177,2289,0.4341805766312595,1.0,1
"iteration_3","SCOPE_DATA_COLLECTION",1500,11,730.0,790.0,1,8913,6169,2147,9031,6222,2209,8403,5777,1969,483,384,178,0.05435516542876435,0.06232754422983282,0.08290638099673964,0.3676032359327849,0.6891030315944527,1.04415305581146,0.7352064718655698,0.6891030315944527,0.69610203720764,0.299892895394502,0.3347758352085858,0.31081767394616555,100.0,100.0,5503,10592,1134,162,873,10,0.02943848809740142,0.08242069486404834,0.008818342151675485,0.9,0.7000000000000001,0.5,0.9,20.0,80.0,85.0,0.4,0.7000000000000001,0.7000000000000001,0.9,85.0,65.0,55.0,6143,3605,2538,6143,0.4131531824841283,0.9025683080702549,1.0,0.9025683080702549,1863,0.5167822468793343,1.0,1
"iteration_3","SCOPE_DATA_COLLECTION",1500,11,730.0,790.0,2,8913,6169,2147,9031,6222,2209,8403,5777,1969,483,384,178,0.05435516542876435,0.06232754422983282,0.08290638099673964,0.3676032359327849,0.6891030315944527,1.04415305581146,0.7352064718655698,0.6891030315944527,0.69610203720764,0.299892895394502,0.3347758352085858,0.31081767394616555,100.0,100.0,5503,10592,1134,162,873,10,0.02943848809740142,0.08242069486404834,0.008818342151675485,0.9,0.7000000000000001,0.5,0.9,20.0,80.0,85.0,0.4,0.7000000000000001,0.7000000000000001,0.9,85.0,65.0,55.0,2102,1158,944,2102,0.4490960989533777,1.390168249818456,1.5,0.926778833212304,605,0.5224525043177893,1.0,1
"iteration_3","SCOPE_DATA_COLLECTION",1500,12,790.0,850.0,0,8935,6143,2102,8913,6169,2147,5285,3579,1173,3664,2538,944,0.4094312213655157,0.4149092692496322,0.4459140292867265,0.4355457984406703,0.8920619910014279,1.3952911443559375,0.8710915968813406,0.8920619910014279,0.9301940962372917,0.4327341532639546,0.5124336406817547,0.5225916453537937,95.0,100.0,5476,4703,7001,194,4,6948,0.035427319211102995,8.505209440782479E-4,0.9924296529067276,0.4,0.7000000000000001,0.7000000000000001,0.9,85.0,65.0,55.0,0.5,0.7000000000000001,0.8,0.9,95.0,65.0,45.0,8942,6072,2870,8942,0.32095728025050324,0.4524077710103919,0.5,0.9048155420207838,2422,0.39888010540184454,1.0,1
"iteration_3","SCOPE_DATA_COLLECTION",1500,12,790.0,850.0,1,8935,6143,2102,8913,6169,2147,5285,3579,1173,3664,2538,944,0.4094312213655157,0.4149092692496322,0.4459140292867265,0.4355457984406703,0.8920619910014279,1.3952911443559375,0.8710915968813406,0.8920619910014279,0.9301940962372917,0.4327341532639546,0.5124336406817547,0.5225916453537937,95.0,100.0,5476,4703,7001,194,4,6948,0.035427319211102995,8.505209440782479E-4,0.9924296529067276,0.4,0.7000000000000001,0.7000000000000001,0.9,85.0,65.0,55.0,0.5,0.7000000000000001,0.8,0.9,95.0,65.0,45.0,6302,4215,2087,6302,0.3311647096159949,0.8762620845163941,1.0,0.8762620845163941,1940,0.46026097271648875,1.0,1
"iteration_3","SCOPE_DATA_COLLECTION",1500,12,790.0,850.0,2,8935,6143,2102,8913,6169,2147,5285,3579,1173,3664,2538,944,0.4094312213655157,0.4149092692496322,0.4459140292867265,0.4355457984406703,0.8920619910014279,1.3952911443559375,0.8710915968813406,0.8920619910014279,0.9301940962372917,0.4327341532639546,0.5124336406817547,0.5225916453537937,95.0,100.0,5476,4703,7001,194,4,6948,0.035427319211102995,8.505209440782479E-4,0.9924296529067276,0.4,0.7000000000000001,0.7000000000000001,0.9,85.0,65.0,55.0,0.5,0.7000000000000001,0.8,0.9,95.0,65.0,45.0,2132,1387,745,2132,0.349437148217636,1.287133444698302,1.5,0.8580889631322014,621,0.44772891131939435,1.0,1
"iteration_3","SCOPE_DATA_COLLECTION",1500,13,850.0,910.0,0,8942,6302,2132,8935,6143,2102,6089,4237,1373,2870,2087,745,0.3203482531532537,0.3300126502213789,0.35174693106704435,0.45335497745181863,0.880579788848131,1.2731743628886838,0.9067099549036373,0.880579788848131,0.8487829085924559,0.4003941533913615,0.46259145621902287,0.4420975965040058,97.5,100.0,5487,5951,5938,181,8,5513,0.032987060324403135,0.0013443118803562427,0.9284270798248568,0.5,0.7000000000000001,0.8,0.9,95.0,65.0,45.0,0.75,0.4,0.5,0.2,80.0,80.0,55.0,8915,8877,38,8915,0.004262478968031408,0.31778464011166924,0.5,0.6355692802233385,2321,0.2614622057001239,1.0,1
"iteration_3","SCOPE_DATA_COLLECTION",1500,13,850.0,910.0,1,8942,6302,2132,8935,6143,2102,6089,4237,1373,2870,2087,745,0.3203482531532537,0.3300126502213789,0.35174693106704435,0.45335497745181863,0.880579788848131,1.2731743628886838,0.9067099549036373,0.880579788848131,0.8487829085924559,0.4003941533913615,0.46259145621902287,0.4420975965040058,97.5,100.0,5487,5951,5938,181,8,5513,0.032987060324403135,0.0013443118803562427,0.9284270798248568,0.5,0.7000000000000001,0.8,0.9,95.0,65.0,45.0,0.75,0.4,0.5,0.2,80.0,80.0,55.0,6254,6194,60,6254,0.009593859929645027,0.630738340899988,1.0,0.630738340899988,1847,0.29819179851469163,1.0,1
"iteration_3","SCOPE_DATA_COLLECTION",1500,13,850.0,910.0,2,8942,6302,2132,8935,6143,2102,6089,4237,1373,2870,2087,745,0.3203482531532537,0.3300126502213789,0.35174693106704435,0.45335497745181863,0.880579788848131,1.2731743628886838,0.9067099549036373,0.880579788848131,0.8487829085924559,0.4003941533913615,0.46259145621902287,0.4420975965040058,97.5,100.0,5487,5951,5938,181,8,5513,0.032987060324403135,0.0013443118803562427,0.9284270798248568,0.5,0.7000000000000001,0.8,0.9,95.0,65.0,45.0,0.75,0.4,0.5,0.2,80.0,80.0,55.0,2107,2068,39,2107,0.018509729473184623,0.9719257050480752,1.5,0.6479504700320501,636,0.30754352030947774,1.0,1
"iteration_3","SCOPE_DATA_COLLECTION",1500,14,910.0,970.0,0,8915,6254,2107,8942,6302,2132,8869,6196,2063,38,60,39,0.004266307398675199,0.00959079283887468,0.018553758325404377,0.3178865191903623,0.6321980450293881,0.9744285150028377,0.6357730383807246,0.6321980450293881,0.6496190100018918,0.26169804938550006,0.2989025177533893,0.30780416868637905,100.0,100.0,5333,8960,2983,99,9,29,0.0185636602287643,0.0010044642857142856,0.009721756620851492,0.75,0.4,0.5,0.2,80.0,80.0,55.0,0.75,0.30000000000000004,0.4,0.30000000000000004,90.0,80.0,65.0,8923,8769,154,8923,0.01725876947215062,0.3122746738620933,0.5,0.6245493477241866,2234,0.2547610902041282,1.0,1
"iteration_3","SCOPE_DATA_COLLECTION",1500,14,910.0,970.0,1,8915,6254,2107,8942,6302,2132,8869,6196,2063,38,60,39,0.004266307398675199,0.00959079283887468,0.018553758325404377,0.3178865191903623,0.6321980450293881,0.9744285150028377,0.6357730383807246,0.6321980450293881,0.6496190100018918,0.26169804938550006,0.2989025177533893,0.30780416868637905,100.0,100.0,5333,8960,2983,99,9,29,0.0185636602287643,0.0010044642857142856,0.009721756620851492,0.75,0.4,0.5,0.2,80.0,80.0,55.0,0.75,0.30000000000000004,0.4,0.30000000000000004,90.0,80.0,65.0,6171,6035,136,6171,0.02203856749311295,0.6348415264193684,1.0,0.6348415264193684,1872,0.31019055509527754,1.0,1
"iteration_3","SCOPE_DATA_COLLECTION",1500,14,910.0,970.0,2,8915,6254,2107,8942,6302,2132,8869,6196,2063,38,60,39,0.004266307398675199,0.00959079283887468,0.018553758325404377,0.3178865191903623,0.6321980450293881,0.9744285150028377,0.6357730383807246,0.6321980450293881,0.6496190100018918,0.26169804938550006,0.2989025177533893,0.30780416868637905,100.0,100.0,5333,8960,2983,99,9,29,0.0185636602287643,0.0010044642857142856,0.009721756620851492,0.75,0.4,0.5,0.2,80.0,80.0,55.0,0.75,0.30000000000000004,0.4,0.30000000000000004,90.0,80.0,65.0,2190,2123,67,2190,0.030593607305936073,0.9541701500124707,1.5,0.6361134333416472,615,0.2896844088553933,1.0,1
"iteration_3","SCOPE_DATA_COLLECTION",1500,15,970.0,1030.0,0,8923,6171,2190,8915,6254,2107,8758,6026,2117,154,136,67,0.017280071813285457,0.02207075624797144,0.030677655677655676,0.3110756777311542,0.6353628742290055,0.9545942547342496,0.6221513554623084,0.6353628742290055,0.6363961698228331,0.25382507421785794,0.31048788582807835,0.2900330656589514,100.0,100.0,5359,9079,2846,104,216,37,0.019406605710020525,0.023791166428020708,0.013000702740688685,0.75,0.30000000000000004,0.4,0.30000000000000004,90.0,80.0,65.0,0.8500000000000001,0.30000000000000004,0.30000000000000004,0.30000000000000004,90.0,80.0,65.0,8883,8579,304,8883,0.03422267252054486,0.3369810594156547,0.5,0.6739621188313094,2207,0.2572560904534328,1.0,1
"iteration_3","SCOPE_DATA_COLLECTION",1500,15,970.0,1030.0,1,8923,6171,2190,8915,6254,2107,8758,6026,2117,154,136,67,0.017280071813285457,0.02207075624797144,0.030677655677655676,0.3110756777311542,0.6353628742290055,0.9545942547342496,0.6221513554623084,0.6353628742290055,0.6363961698228331,0.25382507421785794,0.31048788582807835,0.2900330656589514,100.0,100.0,5359,9079,2846,104,216,37,0.019406605710020525,0.023791166428020708,0.013000702740688685,0.75,0.30000000000000004,0.4,0.30000000000000004,90.0,80.0,65.0,0.8500000000000001,0.30000000000000004,0.30000000000000004,0.30000000000000004,90.0,80.0,65.0,6263,6036,227,6263,0.03624461120868593,0.6352778814454852,1.0,0.6352778814454852,1828,0.3028495692511597,1.0,1
"iteration_3","SCOPE_DATA_COLLECTION",1500,15,970.0,1030.0,2,8923,6171,2190,8915,6254,2107,8758,6026,2117,154,136,67,0.017280071813285457,0.02207075624797144,0.030677655677655676,0.3110756777311542,0.6353628742290055,0.9545942547342496,0.6221513554623084,0.6353628742290055,0.6363961698228331,0.25382507421785794,0.31048788582807835,0.2900330656589514,100.0,100.0,5359,9079,2846,104,216,37,0.019406605710020525,0.023791166428020708,0.013000702740688685,0.75,0.30000000000000004,0.4,0.30000000000000004,90.0,80.0,65.0,0.8500000000000001,0.30000000000000004,0.30000000000000004,0.30000000000000004,90.0,80.0,65.0,2279,2157,122,2279,0.05353225098727512,0.9882686228862541,1.5,0.658845748590836,647,0.2999536393138618,1.0,1
"iteration_3","SCOPE_DATA_COLLECTION",1500,16,1030.0,1090.0,0,8883,6263,2279,8923,6171,2190,8595,6030,2152,304,227,122,0.034161141701314755,0.0362793671088381,0.05364995602462621,0.3386451884591891,0.6356783289976168,0.9884667374100061,0.6772903769183782,0.6356783289976168,0.6589778249400041,0.2588714368819081,0.3029850746268657,0.30111524163568776,100.0,100.0,5195,10408,1822,114,539,0,0.021944177093359,0.05178708685626441,0.0,0.8500000000000001,0.30000000000000004,0.30000000000000004,0.30000000000000004,90.0,80.0,65.0,0.8500000000000001,0.30000000000000004,0.30000000000000004,0.30000000000000004,90.0,80.0,65.0,8992,8719,273,8992,0.03036032028469751,0.3249653081523792,0.5,0.6499306163047583,2261,0.2593187292120656,1.0,1
"iteration_3","SCOPE_DATA_COLLECTION",1500,16,1030.0,1090.0,1,8883,6263,2279,8923,6171,2190,8595,6030,2152,304,227,122,0.034161141701314755,0.0362793671088381,0.05364995602462621,0.3386451884591891,0.6356783289976168,0.9884667374100061,0.6772903769183782,0.6356783289976168,0.6589778249400041,0.2588714368819081,0.3029850746268657,0.30111524163568776,100.0,100.0,5195,10408,1822,114,539,0,0.021944177093359,0.05178708685626441,0.0,0.8500000000000001,0.30000000000000004,0.30000000000000004,0.30000000000000004,90.0,80.0,65.0,0.8500000000000001,0.30000000000000004,0.30000000000000004,0.30000000000000004,90.0,80.0,65.0,6059,5851,208,6059,0.03432909721076085,0.651659624689008,1.0,0.651659624689008,1849,0.31601435652025295,1.0,1
"iteration_3","SCOPE_DATA_COLLECTION",1500,16,1030.0,1090.0,2,8883,6263,2279,8923,6171,2190,8595,6030,2152,304,227,122,0.034161141701314755,0.0362793671088381,0.05364995602462621,0.3386451884591891,0.6356783289976168,0.9884667374100061,0.6772903769183782,0.6356783289976168,0.6589778249400041,0.2588714368819081,0.3029850746268657,0.30111524163568776,100.0,100.0,5195,10408,1822,114,539,0,0.021944177093359,0.05178708685626441,0.0,0.8500000000000001,0.30000000000000004,0.30000000000000004,0.30000000000000004,90.0,80.0,65.0,0.8500000000000001,0.30000000000000004,0.30000000000000004,0.30000000000000004,90.0,80.0,65.0,2165,2049,116,2165,0.0535796766743649,0.9916510907894621,1.5,0.6611007271929747,624,0.30453879941434847,1.0,1
"iteration_3","SCOPE_DATA_COLLECTION",1500,17,1090.0,1150.0,0,8992,6059,2165,8883,6263,2279,8702,5846,2067,273,208,116,0.030417827298050138,0.03435744962008589,0.05313788364635822,0.3242953499315932,0.6496872953090411,0.9970726209835318,0.6485906998631864,0.6496872953090411,0.6647150806556879,0.2584463341760515,0.3145740677386247,0.3062409288824383,100.0,100.0,5373,10054,1789,111,486,0,0.02065884980457845,0.0483389695643525,0.0,0.8500000000000001,0.30000000000000004,0.30000000000000004,0.30000000000000004,90.0,80.0,65.0,0.05,0.9,0.30000000000000004,0.9,35.0,55.0,55.0,9051,3186,5865,9051,0.6479946967185947,0.6597329879299306,0.5,1.3194659758598613,2356,0.7394852479598242,1.0,1
"iteration_3","SCOPE_DATA_COLLECTION",1500,17,1090.0,1150.0,1,8992,6059,2165,8883,6263,2279,8702,5846,2067,273,208,116,0.030417827298050138,0.03435744962008589,0.05313788364635822,0.3242953499315932,0.6496872953090411,0.9970726209835318,0.6485906998631864,0.6496872953090411,0.6647150806556879,0.2584463341760515,0.3145740677386247,0.3062409288824383,100.0,100.0,5373,10054,1789,111,486,0,0.02065884980457845,0.0483389695643525,0.0,0.8500000000000001,0.30000000000000004,0.30000000000000004,0.30000000000000004,90.0,80.0,65.0,0.05,0.9,0.30000000000000004,0.9,35.0,55.0,55.0,6215,2159,4056,6215,0.6526146419951729,1.3337047295051871,1.0,1.3337047295051871,1905,0.8823529411764706,1.0,1
"iteration_3","SCOPE_DATA_COLLECTION",1500,17,1090.0,1150.0,2,8992,6059,2165,8883,6263,2279,8702,5846,2067,273,208,116,0.030417827298050138,0.03435744962008589,0.05313788364635822,0.3242953499315932,0.6496872953090411,0.9970726209835318,0.6485906998631864,0.6496872953090411,0.6647150806556879,0.2584463341760515,0.3145740677386247,0.3062409288824383,100.0,100.0,5373,10054,1789,111,486,0,0.02065884980457845,0.0483389695643525,0.0,0.8500000000000001,0.30000000000000004,0.30000000000000004,0.30000000000000004,90.0,80.0,65.0,0.05,0.9,0.30000000000000004,0.9,35.0,55.0,55.0,2175,656,1519,2175,0.6983908045977012,2.183054100010214,1.5,1.4553694000068094,599,0.913109756097561,1.0,1
"iteration_3","SCOPE_DATA_COLLECTION",1500,18,1150.0,1210.0,0,9051,6215,2175,8992,6059,2165,3208,2197,654,5865,4056,1519,0.6464234542047834,0.6486486486486487,0.699033594109526,0.6573972169229986,1.329869128505508,2.161361474382222,1.3147944338459971,1.329869128505508,1.4409076495881479,0.7341022443890274,0.8771051433773327,0.9021406727828746,100.0,100.0,5502,567,11372,130,0,11310,0.023627771719374774,0.0,0.9945480126626802,0.05,0.9,0.30000000000000004,0.9,35.0,55.0,55.0,0.05,0.9,0.30000000000000004,0.9,35.0,55.0,55.0,8905,3099,5806,8905,0.6519932622122403,0.6458606766375607,0.5,1.2917213532751215,2254,0.7273313972249112,1.0,1
"iteration_3","SCOPE_DATA_COLLECTION",1500,18,1150.0,1210.0,1,9051,6215,2175,8992,6059,2165,3208,2197,654,5865,4056,1519,0.6464234542047834,0.6486486486486487,0.699033594109526,0.6573972169229986,1.329869128505508,2.161361474382222,1.3147944338459971,1.329869128505508,1.4409076495881479,0.7341022443890274,0.8771051433773327,0.9021406727828746,100.0,100.0,5502,567,11372,130,0,11310,0.023627771719374774,0.0,0.9945480126626802,0.05,0.9,0.30000000000000004,0.9,35.0,55.0,55.0,0.05,0.9,0.30000000000000004,0.9,35.0,55.0,55.0,6263,2148,4115,6263,0.6570333705891745,1.287488548872918,1.0,1.287488548872918,1846,0.8594040968342644,1.0,1
"iteration_3","SCOPE_DATA_COLLECTION",1500,18,1150.0,1210.0,2,9051,6215,2175,8992,6059,2165,3208,2197,654,5865,4056,1519,0.6464234542047834,0.6486486486486487,0.699033594109526,0.6573972169229986,1.329869128505508,2.161361474382222,1.3147944338459971,1.329869128505508,1.4409076495881479,0.7341022443890274,0.8771051433773327,0.9021406727828746,100.0,100.0,5502,567,11372,130,0,11310,0.023627771719374774,0.0,0.9945480126626802,0.05,0.9,0.30000000000000004,0.9,35.0,55.0,55.0,0.05,0.9,0.30000000000000004,0.9,35.0,55.0,55.0,2096,631,1465,2096,0.6989503816793893,2.1760697701965697,1.5,1.4507131801310464,578,0.9160063391442155,1.0,1
"iteration_3","SCOPE_DATA_COLLECTION",1500,19,1210.0,1270.0,0,8905,6263,2096,9051,6215,2175,3100,2148,635,5806,4115,1465,0.6519200538962497,0.6570333705891745,0.6976190476190476,0.6454540210139043,1.2878571195157429,2.175518331199054,1.2909080420278085,1.2878571195157429,1.4503455541327026,0.7296774193548388,0.8608007448789572,0.9149606299212598,100.0,100.0,5430,576,11258,128,0,11258,0.023572744014732964,0.0,1.0,0.05,0.9,0.30000000000000004,0.9,35.0,55.0,55.0,0.05,0.9,0.30000000000000004,0.9,35.0,55.0,55.0,8756,2935,5821,8756,0.6648012791228871,0.6677272041580801,0.5,1.3354544083161601,2200,0.7495741056218058,1.0,1
"iteration_3","SCOPE_DATA_COLLECTION",1500,19,1210.0,1270.0,1,8905,6263,2096,9051,6215,2175,3100,2148,635,5806,4115,1465,0.6519200538962497,0.6570333705891745,0.6976190476190476,0.6454540210139043,1.2878571195157429,2.175518331199054,1.2909080420278085,1.2878571195157429,1.4503455541327026,0.7296774193548388,0.8608007448789572,0.9149606299212598,100.0,100.0,5430,576,11258,128,0,11258,0.023572744014732964,0.0,1.0,0.05,0.9,0.30000000000000004,0.9,35.0,55.0,55.0,0.05,0.9,0.30000000000000004,0.9,35.0,55.0,55.0,6136,1998,4138,6136,0.674380704041721,1.3320837054143164,1.0,1.3320837054143164,1737,0.8693693693693694,1.0,1
"iteration_3","SCOPE_DATA_COLLECTION",1500,19,1210.0,1270.0,2,8905,6263,2096,9051,6215,2175,3100,2148,635,5806,4115,1465,0.6519200538962497,0.6570333705891745,0.6976190476190476,0.6454540210139043,1.2878571195157429,2.175518331199054,1.2909080420278085,1.2878571195157429,1.4503455541327026,0.7296774193548388,0.8608007448789572,0.9149606299212598,100.0,100.0,5430,576,11258,128,0,11258,0.023572744014732964,0.0,1.0,0.05,0.9,0.30000000000000004,0.9,35.0,55.0,55.0,0.05,0.9,0.30000000000000004,0.9,35.0,55.0,55.0,2156,739,1417,2156,0.6572356215213359,2.158299026967019,1.5,1.4388660179780126,667,0.9025710419485792,1.0,1
"iteration_3","SCOPE_DATA_COLLECTION",1500,20,1270.0,1330.0,0,8756,6136,2156,8905,6263,2096,2918,1988,735,5821,4137,1417,0.666094518823664,0.6754285714285714,0.658457249070632,0.6653007560277429,1.3238808979511971,2.1533796533107403,1.3306015120554857,1.3238808979511971,1.4355864355404935,0.746401644962303,0.8677062374245473,0.9034013605442177,97.5,100.0,5262,571,11215,159,1,11215,0.030216647662485746,0.0017513134851138354,1.0,0.05,0.9,0.30000000000000004,0.9,35.0,55.0,55.0,0.05,0.9,0.2,0.8,35.0,45.0,55.0,8956,3058,5898,8956,0.6585529254131308,0.6413256316882119,0.5,1.2826512633764238,2129,0.6962066710268149,1.0,1
"iteration_3","SCOPE_DATA_COLLECTION",1500,20,1270.0,1330.0,1,8756,6136,2156,8905,6263,2096,2918,1988,735,5821,4137,1417,0.666094518823664,0.6754285714285714,0.658457249070632,0.6653007560277429,1.3238808979511971,2.1533796533107403,1.3306015120554857,1.3238808979511971,1.4355864355404935,0.746401644962303,0.8677062374245473,0.9034013605442177,97.5,100.0,5262,571,11215,159,1,11215,0.030216647662485746,0.0017513134851138354,1.0,0.05,0.9,0.30000000000000004,0.9,35.0,55.0,55.0,0.05,0.9,0.2,0.8,35.0,45.0,55.0,6297,2141,4156,6297,0.6599968238843894,1.2478962514716194,1.0,1.2478962514716194,1822,0.8510042036431574,1.0,1
"iteration_3","SCOPE_DATA_COLLECTION",1500,20,1270.0,1330.0,2,8756,6136,2156,8905,6263,2096,2918,1988,735,5821,4137,1417,0.666094518823664,0.6754285714285714,0.658457249070632,0.6653007560277429,1.3238808979511971,2.1533796533107403,1.3306015120554857,1.3238808979511971,1.4355864355404935,0.746401644962303,0.8677062374245473,0.9034013605442177,97.5,100.0,5262,571,11215,159,1,11215,0.030216647662485746,0.0017513134851138354,1.0,0.05,0.9,0.30000000000000004,0.9,35.0,55.0,55.0,0.05,0.9,0.2,0.8,35.0,45.0,55.0,2136,672,1464,2136,0.6853932584269663,2.0882801736830836,1.5,1.392186782455389,592,0.8809523809523809,1.0,1
"iteration_3","SCOPE_DATA_COLLECTION",1500,21,1330.0,1390.0,0,8956,6297,2136,8756,6136,2156,3084,2136,686,5898,4157,1464,0.6566466265865063,0.6605752423327507,0.6809302325581396,0.6440338818207866,1.256004218462235,2.093743090798835,1.2880677636415732,1.256004218462235,1.3958287271992234,0.6994163424124513,0.8515917602996255,0.8819241982507289,97.5,100.0,5306,651,11432,87,0,11432,0.016396532227666794,0.0,1.0,0.05,0.9,0.2,0.8,35.0,45.0,55.0,0.7000000000000001,0.6000000000000001,0.6000000000000001,0.4,95.0,85.0,75.0,8995,8819,176,8995,0.019566425792106726,0.33149568334966856,0.5,0.6629913666993371,2368,0.2685111690667876,1.0,1
"iteration_3","SCOPE_DATA_COLLECTION",1500,21,1330.0,1390.0,1,8956,6297,2136,8756,6136,2156,3084,2136,686,5898,4157,1464,0.6566466265865063,0.6605752423327507,0.6809302325581396,0.6440338818207866,1.256004218462235,2.093743090798835,1.2880677636415732,1.256004218462235,1.3958287271992234,0.6994163424124513,0.8515917602996255,0.8819241982507289,97.5,100.0,5306,651,11432,87,0,11432,0.016396532227666794,0.0,1.0,0.05,0.9,0.2,0.8,35.0,45.0,55.0,0.7000000000000001,0.6000000000000001,0.6000000000000001,0.4,95.0,85.0,75.0,6137,5965,172,6137,0.028026723154635814,0.6659241449637632,1.0,0.6659241449637632,1901,0.3186923721709975,1.0,1
"iteration_3","SCOPE_DATA_COLLECTION",1500,21,1330.0,1390.0,2,8956,6297,2136,8756,6136,2156,3084,2136,686,5898,4157,1464,0.6566466265865063,0.6605752423327507,0.6809302325581396,0.6440338818207866,1.256004218462235,2.093743090798835,1.2880677636415732,1.256004218462235,1.3958287271992234,0.6994163424124513,0.8515917602996255,0.8819241982507289,97.5,100.0,5306,651,11432,87,0,11432,0.016396532227666794,0.0,1.0,0.05,0.9,0.2,0.8,35.0,45.0,55.0,0.7000000000000001,0.6000000000000001,0.6000000000000001,0.4,95.0,85.0,75.0,2082,1999,83,2082,0.039865513928914506,0.9906596764181101,1.5,0.6604397842787401,620,0.31015507753876936,1.0,1
"iteration_3","SCOPE_DATA_COLLECTION",1500,22,1390.0,1450.0,0,8995,6137,2082,8956,6297,2136,8787,5947,1978,176,171,83,0.019636282494700435,0.027950310559006212,0.04027171276079573,0.3248976422486724,0.6557388996540952,0.978569345111927,0.6497952844973448,0.6557388996540952,0.6523795634079513,0.26618868783430066,0.3179754498066252,0.3058645096056623,100.0,100.0,5525,8189,3500,151,8,271,0.02733031674208145,9.769202588838686E-4,0.07742857142857143,0.7000000000000001,0.6000000000000001,0.6000000000000001,0.4,95.0,85.0,75.0,0.15000000000000002,0.7000000000000001,0.7000000000000001,0.30000000000000004,35.0,30.0,70.0,8836,3688,5148,8836,0.5826165685830693,0.5867170941605573,0.5,1.1734341883211146,2263,0.6136117136659436,1.0,1
"iteration_3","SCOPE_DATA_COLLECTION",1500,22,1390.0,1450.0,1,8995,6137,2082,8956,6297,2136,8787,5947,1978,176,171,83,0.019636282494700435,0.027950310559006212,0.04027171276079573,0.3248976422486724,0.6557388996540952,0.978569345111927,0.6497952844973448,0.6557388996540952,0.6523795634079513,0.26618868783430066,0.3179754498066252,0.3058645096056623,100.0,100.0,5525,8189,3500,151,8,271,0.02733031674208145,9.769202588838686E-4,0.07742857142857143,0.7000000000000001,0.6000000000000001,0.6000000000000001,0.4,95.0,85.0,75.0,0.15000000000000002,0.7000000000000001,0.7000000000000001,0.30000000000000004,35.0,30.0,70.0,6147,2519,3628,6147,0.5902066048478933,1.162385903334872,1.0,1.162385903334872,1788,0.7098054783644303,1.0,1
"iteration_3","SCOPE_DATA_COLLECTION",1500,22,1390.0,1450.0,2,8995,6137,2082,8956,6297,2136,8787,5947,1978,176,171,83,0.019636282494700435,0.027950310559006212,0.04027171276079573,0.3248976422486724,0.6557388996540952,0.978569345111927,0.6497952844973448,0.6557388996540952,0.6523795634079513,0.26618868783430066,0.3179754498066252,0.3058645096056623,100.0,100.0,5525,8189,3500,151,8,271,0.02733031674208145,9.769202588838686E-4,0.07742857142857143,0.7000000000000001,0.6000000000000001,0.6000000000000001,0.4,95.0,85.0,75.0,0.15000000000000002,0.7000000000000001,0.7000000000000001,0.30000000000000004,35.0,30.0,70.0,2212,877,1335,2212,0.6035262206148282,1.7768482987398133,1.5,1.184565532493209,634,0.7229190421892816,1.0,1
"iteration_3","SCOPE_DATA_COLLECTION",1500,23,1450.0,1510.0,0,8836,6147,2212,8995,6137,2082,3705,2548,883,5148,3627,1335,0.5814977973568282,0.5873684210526315,0.6018935978358881,0.5992237646971186,1.1840442072657653,1.7795717111039828,1.1984475293942372,1.1840442072657653,1.1863811407359885,0.6140350877192983,0.7099686028257457,0.7202718006795017,95.0,100.0,5398,1773,10024,147,2,9961,0.027232308262319378,0.0011280315848843769,0.9937150837988827,0.15000000000000002,0.7000000000000001,0.7000000000000001,0.30000000000000004,35.0,30.0,70.0,0.15000000000000002,0.8,0.7000000000000001,0.4,35.0,20.0,70.0,8826,3636,5190,8826,0.5880353501019715,0.594184420079093,0.5,1.188368840158186,2289,0.6295379537953796,1.0,1
"iteration_3","SCOPE_DATA_COLLECTION",1500,23,1450.0,1510.0,1,8836,6147,2212,8995,6137,2082,3705,2548,883,5148,3627,1335,0.5814977973568282,0.5873684210526315,0.6018935978358881,0.5992237646971186,1.1840442072657653,1.7795717111039828,1.1984475293942372,1.1840442072657653,1.1863811407359885,0.6140350877192983,0.7099686028257457,0.7202718006795017,95.0,100.0,5398,1773,10024,147,2,9961,0.027232308262319378,0.0011280315848843769,0.9937150837988827,0.15000000000000002,0.7000000000000001,0.7000000000000001,0.30000000000000004,35.0,30.0,70.0,0.15000000000000002,0.8,0.7000000000000001,0.4,35.0,20.0,70.0,6302,2592,3710,6302,0.5887019993652809,1.2064780938983168,1.0,1.2064780938983168,1894,0.7307098765432098,1.0,1
"iteration_3","SCOPE_DATA_COLLECTION",1500,23,1450.0,1510.0,2,8836,6147,2212,8995,6137,2082,3705,2548,883,5148,3627,1335,0.5814977973568282,0.5873684210526315,0.6018935978358881,0.5992237646971186,1.1840442072657653,1.7795717111039828,1.1984475293942372,1.1840442072657653,1.1863811407359885,0.6140350877192983,0.7099686028257457,0.7202718006795017,95.0,100.0,5398,1773,10024,147,2,9961,0.027232308262319378,0.0011280315848843769,0.9937150837988827,0.15000000000000002,0.7000000000000001,0.7000000000000001,0.30000000000000004,35.0,30.0,70.0,0.15000000000000002,0.8,0.7000000000000001,0.4,35.0,20.0,70.0,2172,842,1330,2172,0.6123388581952118,1.784072056076461,1.5,1.1893813707176406,606,0.7197149643705463,1.0,1
"iteration_3","SCOPE_DATA_COLLECTION",1500,24,1510.0,1570.0,0,8826,6302,2172,8836,6147,2212,3647,2577,858,5190,3712,1330,0.5873033835011882,0.5902369216091589,0.6078610603290676,0.5952358570086214,1.202932324432387,1.7922789255425868,1.1904717140172427,1.202932324432387,1.1948526170283913,0.6306553331505347,0.7283663174233604,0.7226107226107226,100.0,100.0,5456,1790,10054,177,1,10054,0.03244134897360704,5.586592178770949E-4,1.0,0.15000000000000002,0.8,0.7000000000000001,0.4,35.0,20.0,70.0,0.15000000000000002,0.9,0.8,0.5,45.0,30.0,80.0,8954,3731,5223,8954,0.583314719678356,0.5800685963817723,0.5,1.1601371927635447,2348,0.6293218976145806,1.0,1
"iteration_3","SCOPE_DATA_COLLECTION",1500,24,1510.0,1570.0,1,8826,6302,2172,8836,6147,2212,3647,2577,858,5190,3712,1330,0.5873033835011882,0.5902369216091589,0.6078610603290676,0.5952358570086214,1.202932324432387,1.7922789255425868,1.1904717140172427,1.202932324432387,1.1948526170283913,0.6306553331505347,0.7283663174233604,0.7226107226107226,100.0,100.0,5456,1790,10054,177,1,10054,0.03244134897360704,5.586592178770949E-4,1.0,0.15000000000000002,0.8,0.7000000000000001,0.4,35.0,20.0,70.0,0.15000000000000002,0.9,0.8,0.5,45.0,30.0,80.0,6154,2523,3631,6154,0.5900227494312642,1.1916984143818505,1.0,1.1916984143818505,1860,0.737217598097503,1.0,1
"iteration_3","SCOPE_DATA_COLLECTION",1500,24,1510.0,1570.0,2,8826,6302,2172,8836,6147,2212,3647,2577,858,5190,3712,1330,0.5873033835011882,0.5902369216091589,0.6078610603290676,0.5952358570086214,1.202932324432387,1.7922789255425868,1.1904717140172427,1.202932324432387,1.1948526170283913,0.6306553331505347,0.7283663174233604,0.7226107226107226,100.0,100.0,5456,1790,10054,177,1,10054,0.03244134897360704,5.586592178770949E-4,1.0,0.15000000000000002,0.8,0.7000000000000001,0.4,35.0,20.0,70.0,0.15000000000000002,0.9,0.8,0.5,45.0,30.0,80.0,2113,818,1295,2113,0.6128726928537624,1.8053313476551904,1.5,1.2035542317701269,598,0.7310513447432763,1.0,1
"iteration_3","SCOPE_DATA_COLLECTION",1500,25,1570.0,1630.0,0,8954,6154,2113,8826,6302,2172,3723,2520,813,5223,3631,1295,0.5838363514419852,0.5903105186148594,0.614326375711575,0.5781382657757511,1.1906827431247207,1.8058589672292917,1.1562765315515022,1.1906827431247207,1.2039059781528612,0.6287939833467634,0.7373015873015873,0.7306273062730627,95.0,100.0,5535,1705,9981,167,1,9981,0.03017163504968383,5.865102639296188E-4,1.0,0.15000000000000002,0.9,0.8,0.5,45.0,30.0,80.0,0.15000000000000002,0.9,0.9,0.4,45.0,20.0,90.0,8772,3633,5139,8772,0.5858413132694938,0.585512082914227,0.5,1.171024165828454,2272,0.6253784750894578,1.0,1
"iteration_3","SCOPE_DATA_COLLECTION",1500,25,1570.0,1630.0,1,8954,6154,2113,8826,6302,2172,3723,2520,813,5223,3631,1295,0.5838363514419852,0.5903105186148594,0.614326375711575,0.5781382657757511,1.1906827431247207,1.8058589672292917,1.1562765315515022,1.1906827431247207,1.2039059781528612,0.6287939833467634,0.7373015873015873,0.7306273062730627,95.0,100.0,5535,1705,9981,167,1,9981,0.03017163504968383,5.865102639296188E-4,1.0,0.15000000000000002,0.9,0.8,0.5,45.0,30.0,80.0,0.15000000000000002,0.9,0.9,0.4,45.0,20.0,90.0,6215,2481,3734,6215,0.600804505229284,1.2289851603460833,1.0,1.2289851603460833,1859,0.7492946392583636,1.0,1
"iteration_3","SCOPE_DATA_COLLECTION",1500,25,1570.0,1630.0,2,8954,6154,2113,8826,6302,2172,3723,2520,813,5223,3631,1295,0.5838363514419852,0.5903105186148594,0.614326375711575,0.5781382657757511,1.1906827431247207,1.8058589672292917,1.1562765315515022,1.1906827431247207,1.2039059781528612,0.6287939833467634,0.7373015873015873,0.7306273062730627,95.0,100.0,5535,1705,9981,167,1,9981,0.03017163504968383,5.865102639296188E-4,1.0,0.15000000000000002,0.9,0.8,0.5,45.0,30.0,80.0,0.15000000000000002,0.9,0.9,0.4,45.0,20.0,90.0,2150,835,1315,2150,0.6116279069767442,1.8269629147391966,1.5,1.2179752764927978,622,0.7449101796407186,1.0,1
"iteration_3","SCOPE_DATA_COLLECTION",1500,26,1630.0,1690.0,0,8772,6215,2150,8954,6154,2113,3645,2501,833,5139,3734,1315,0.5850409836065574,0.5988773055332799,0.6121973929236499,0.5877293728214457,1.233672917564839,1.8263785761013944,1.1754587456428913,1.233672917564839,1.2175857174009297,0.6266117969821674,0.750499800079968,0.7442977190876351,100.0,100.0,5415,1677,10045,142,1,10045,0.026223453370267776,5.963029218843172E-4,1.0,0.15000000000000002,0.9,0.9,0.4,45.0,20.0,90.0,0.15000000000000002,0.9,0.9,0.4,45.0,20.0,90.0,8899,3717,5182,8899,0.5823126193954377,0.5947340185175034,0.5,1.1894680370350068,2353,0.6330373957492601,1.0,1
"iteration_3","SCOPE_DATA_COLLECTION",1500,26,1630.0,1690.0,1,8772,6215,2150,8954,6154,2113,3645,2501,833,5139,3734,1315,0.5850409836065574,0.5988773055332799,0.6121973929236499,0.5877293728214457,1.233672917564839,1.8263785761013944,1.1754587456428913,1.233672917564839,1.2175857174009297,0.6266117969821674,0.750499800079968,0.7442977190876351,100.0,100.0,5415,1677,10045,142,1,10045,0.026223453370267776,5.963029218843172E-4,1.0,0.15000000000000002,0.9,0.9,0.4,45.0,20.0,90.0,0.15000000000000002,0.9,0.9,0.4,45.0,20.0,90.0,6302,2597,3705,6302,0.5879086004443034,1.2383491062900611,1.0,1.2383491062900611,1914,0.7370042356565267,1.0,1
"iteration_3","SCOPE_DATA_COLLECTION",1500,26,1630.0,1690.0,2,8772,6215,2150,8954,6154,2113,3645,2501,833,5139,3734,1315,0.5850409836065574,0.5988773055332799,0.6121973929236499,0.5877293728214457,1.233672917564839,1.8263785761013944,1.1754587456428913,1.233672917564839,1.2175857174009297,0.6266117969821674,0.750499800079968,0.7442977190876351,100.0,100.0,5415,1677,10045,142,1,10045,0.026223453370267776,5.963029218843172E-4,1.0,0.15000000000000002,0.9,0.9,0.4,45.0,20.0,90.0,0.15000000000000002,0.9,0.9,0.4,45.0,20.0,90.0,2174,845,1329,2174,0.6113155473781049,1.8567950667986624,1.5,1.2378633778657748,629,0.744378698224852,1.0,1
"iteration_3","SCOPE_DATA_COLLECTION",1500,27,1690.0,1750.0,0,8899,6302,2174,8772,6215,2150,3704,2579,839,5182,3704,1329,0.5831645284717534,0.5895272958777654,0.6130073800738007,0.5935843422920959,1.2302285501982821,1.8458991605235362,1.1871686845841918,1.2302285501982821,1.2305994403490241,0.6317494600431965,0.7351686700271423,0.7413587604290822,100.0,100.0,5539,1796,10040,175,0,10040,0.03159415056869471,0.0,1.0,0.15000000000000002,0.9,0.9,0.4,45.0,20.0,90.0,0.05,0.9,0.8,0.30000000000000004,55.0,30.0,95.0,8895,3079,5816,8895,0.653850477796515,0.665000393497171,0.5,1.330000786994342,2303,0.747970120168886,1.0,1
"iteration_3","SCOPE_DATA_COLLECTION",1500,27,1690.0,1750.0,1,8899,6302,2174,8772,6215,2150,3704,2579,839,5182,3704,1329,0.5831645284717534,0.5895272958777654,0.6130073800738007,0.5935843422920959,1.2302285501982821,1.8458991605235362,1.1871686845841918,1.2302285501982821,1.2305994403490241,0.6317494600431965,0.7351686700271423,0.7413587604290822,100.0,100.0,5539,1796,10040,175,0,10040,0.03159415056869471,0.0,1.0,0.15000000000000002,0.9,0.9,0.4,45.0,20.0,90.0,0.05,0.9,0.8,0.30000000000000004,55.0,30.0,95.0,6329,2084,4245,6329,0.6707220729973139,1.390877931915838,1.0,1.390877931915838,1821,0.8738003838771593,1.0,1
"iteration_3","SCOPE_DATA_COLLECTION",1500,27,1690.0,1750.0,2,8899,6302,2174,8772,6215,2150,3704,2579,839,5182,3704,1329,0.5831645284717534,0.5895272958777654,0.6130073800738007,0.5935843422920959,1.2302285501982821,1.8458991605235362,1.1871686845841918,1.2302285501982821,1.2305994403490241,0.6317494600431965,0.7351686700271423,0.7413587604290822,100.0,100.0,5539,1796,10040,175,0,10040,0.03159415056869471,0.0,1.0,0.15000000000000002,0.9,0.9,0.4,45.0,20.0,90.0,0.05,0.9,0.8,0.30000000000000004,55.0,30.0,95.0,2136,669,1467,2136,0.6867977528089888,2.109451065571272,1.5,1.406300710380848,600,0.8968609865470852,1.0,1
"iteration_3","SCOPE_DATA_COLLECTION",1500,28,1750.0,1810.0,0,8895,6329,2136,8899,6302,2174,3096,2092,677,5816,4246,1467,0.6526032315978456,0.6699274218996529,0.6842350746268657,0.6659343119749341,1.3945747162125846,2.117575511455858,1.3318686239498683,1.3945747162125846,1.4117170076372387,0.75,0.874282982791587,0.8980797636632201,97.5,100.0,5403,582,11375,153,1,11375,0.028317601332593003,0.001718213058419244,1.0,0.05,0.9,0.8,0.30000000000000004,55.0,30.0,95.0,0.05,0.9,0.8,0.4,55.0,40.0,95.0,8904,3072,5832,8904,0.6549865229110512,0.6647098553616869,0.5,1.3294197107233738,2275,0.7405598958333334,1.0,1
"iteration_3","SCOPE_DATA_COLLECTION",1500,28,1750.0,1810.0,1,8895,6329,2136,8899,6302,2174,3096,2092,677,5816,4246,1467,0.6526032315978456,0.6699274218996529,0.6842350746268657,0.6659343119749341,1.3945747162125846,2.117575511455858,1.3318686239498683,1.3945747162125846,1.4117170076372387,0.75,0.874282982791587,0.8980797636632201,97.5,100.0,5403,582,11375,153,1,11375,0.028317601332593003,0.001718213058419244,1.0,0.05,0.9,0.8,0.30000000000000004,55.0,30.0,95.0,0.05,0.9,0.8,0.4,55.0,40.0,95.0,6159,2090,4069,6159,0.6606591979217405,1.4038109886879009,1.0,1.4038109886879009,1853,0.8866028708133972,1.0,1
"iteration_3","SCOPE_DATA_COLLECTION",1500,28,1750.0,1810.0,2,8895,6329,2136,8899,6302,2174,3096,2092,677,5816,4246,1467,0.6526032315978456,0.6699274218996529,0.6842350746268657,0.6659343119749341,1.3945747162125846,2.117575511455858,1.3318686239498683,1.3945747162125846,1.4117170076372387,0.75,0.874282982791587,0.8980797636632201,97.5,100.0,5403,582,11375,153,1,11375,0.028317601332593003,0.001718213058419244,1.0,0.05,0.9,0.8,0.30000000000000004,55.0,30.0,95.0,0.05,0.9,0.8,0.4,55.0,40.0,95.0,2100,683,1417,2100,0.6747619047619048,2.1146269201801933,1.5,1.4097512801201288,607,0.8887262079062958,1.0,1
"iteration_3","SCOPE_DATA_COLLECTION",1500,29,1810.0,1870.0,0,8904,6159,2100,8895,6329,2136,3050,2077,684,5832,4068,1417,0.6566088718757037,0.6620016273393002,0.6744407425035698,0.6629795066788475,1.4045238520966112,2.108928890261849,1.325959013357695,1.4045238520966112,1.4059525935078991,0.7390163934426229,0.8854116514203177,0.8888888888888888,100.0,100.0,5427,570,11166,151,0,11166,0.027823843744241756,0.0,1.0,0.05,0.9,0.8,0.4,55.0,40.0,95.0,0.7000000000000001,0.6000000000000001,0.8,0.5,20.0,35.0,75.0,8866,8680,186,8866,0.02097902097902098,0.3407576354835409,0.5,0.6815152709670818,2383,0.27453917050691246,1.0,1
"iteration_3","SCOPE_DATA_COLLECTION",1500,29,1810.0,1870.0,1,8904,6159,2100,8895,6329,2136,3050,2077,684,5832,4068,1417,0.6566088718757037,0.6620016273393002,0.6744407425035698,0.6629795066788475,1.4045238520966112,2.108928890261849,1.325959013357695,1.4045238520966112,1.4059525935078991,0.7390163934426229,0.8854116514203177,0.8888888888888888,100.0,100.0,5427,570,11166,151,0,11166,0.027823843744241756,0.0,1.0,0.05,0.9,0.8,0.4,55.0,40.0,95.0,0.7000000000000001,0.6000000000000001,0.8,0.5,20.0,35.0,75.0,6229,6028,201,6229,0.03226842189757585,0.6556070460991643,1.0,0.6556070460991643,1868,0.3098871930988719,1.0,1
"iteration_3","SCOPE_DATA_COLLECTION",1500,29,1810.0,1870.0,2,8904,6159,2100,8895,6329,2136,3050,2077,684,5832,4068,1417,0.6566088718757037,0.6620016273393002,0.6744407425035698,0.6629795066788475,1.4045238520966112,2.108928890261849,1.325959013357695,1.4045238520966112,1.4059525935078991,0.7390163934426229,0.8854116514203177,0.8888888888888888,100.0,100.0,5427,570,11166,151,0,11166,0.027823843744241756,0.0,1.0,0.05,0.9,0.8,0.4,55.0,40.0,95.0,0.7000000000000001,0.6000000000000001,0.8,0.5,20.0,35.0,75.0,2178,2072,106,2178,0.048668503213957756,0.9861067898889925,1.5,0.6574045265926617,622,0.3001930501930502,1.0,1
"iteration_3","SCOPE_DATA_COLLECTION",1500,30,1870.0,1930.0,0,8866,6229,2178,8904,6159,2100,8689,6025,2059,186,201,106,0.02095774647887324,0.03228397044651462,0.04896073903002309,0.3419766916726117,0.6591716781345448,0.9847378124173416,0.6839533833452234,0.6591716781345448,0.6564918749448944,0.2757509494763494,0.31269709543568464,0.29917435648373,100.0,100.0,5423,8316,3534,178,5,310,0.03282316061220727,6.012506012506013E-4,0.08771929824561403,0.7000000000000001,0.6000000000000001,0.8,0.5,20.0,35.0,75.0,0.6000000000000001,0.7000000000000001,0.9,0.6000000000000001,20.0,25.0,65.0,8845,7807,1038,8845,0.11735443753533069,0.3963461065471237,0.5,0.7926922130942474,2559,0.3277827590623799,1.0,1
"iteration_3","SCOPE_DATA_COLLECTION",1500,30,1870.0,1930.0,1,8866,6229,2178,8904,6159,2100,8689,6025,2059,186,201,106,0.02095774647887324,0.03228397044651462,0.04896073903002309,0.3419766916726117,0.6591716781345448,0.9847378124173416,0.6839533833452234,0.6591716781345448,0.6564918749448944,0.2757509494763494,0.31269709543568464,0.29917435648373,100.0,100.0,5423,8316,3534,178,5,310,0.03282316061220727,6.012506012506013E-4,0.08771929824561403,0.7000000000000001,0.6000000000000001,0.8,0.5,20.0,35.0,75.0,0.6000000000000001,0.7000000000000001,0.9,0.6000000000000001,20.0,25.0,65.0,6230,5421,809,6230,0.12985553772070627,0.7399779655908834,1.0,0.7399779655908834,1958,0.36118797269876407,1.0,1
"iteration_3","SCOPE_DATA_COLLECTION",1500,30,1870.0,1930.0,2,8866,6229,2178,8904,6159,2100,8689,6025,2059,186,201,106,0.02095774647887324,0.03228397044651462,0.04896073903002309,0.3419766916726117,0.6591716781345448,0.9847378124173416,0.6839533833452234,0.6591716781345448,0.6564918749448944,0.2757509494763494,0.31269709543568464,0.29917435648373,100.0,100.0,5423,8316,3534,178,5,310,0.03282316061220727,6.012506012506013E-4,0.08771929824561403,0.7000000000000001,0.6000000000000001,0.8,0.5,20.0,35.0,75.0,0.6000000000000001,0.7000000000000001,0.9,0.6000000000000001,20.0,25.0,65.0,2092,1757,335,2092,0.1601338432122371,1.1554579947912496,1.5,0.770305329860833,650,0.3699487763232783,1.0,1
"iteration_3","SCOPE_DATA_COLLECTION",1500,31,1930.0,1990.0,0,8845,6230,2092,8866,6229,2178,7781,5422,1752,1036,809,335,0.11750028354315527,0.12983469748034024,0.1605174892189746,0.384608059198419,0.7321350288319762,1.1471381926930135,0.769216118396838,0.7321350288319762,0.7647587951286757,0.32553656342372445,0.3600147547030616,0.3681506849315068,100.0,100.0,5419,7014,4734,191,3,1986,0.03524635541612844,4.27715996578272E-4,0.41951837769328265,0.6000000000000001,0.7000000000000001,0.9,0.6000000000000001,20.0,25.0,65.0,0.5,0.8,0.9,0.5,20.0,20.0,65.0,8936,6205,2731,8936,0.3056177260519248,0.4296771271933992,0.5,0.8593542543867984,2447,0.3943593875906527,1.0,1
"iteration_3","SCOPE_DATA_COLLECTION",1500,31,1930.0,1990.0,1,8845,6230,2092,8866,6229,2178,7781,5422,1752,1036,809,335,0.11750028354315527,0.12983469748034024,0.1605174892189746,0.384608059198419,0.7321350288319762,1.1471381926930135,0.769216118396838,0.7321350288319762,0.7647587951286757,0.32553656342372445,0.3600147547030616,0.3681506849315068,100.0,100.0,5419,7014,4734,191,3,1986,0.03524635541612844,4.27715996578272E-4,0.41951837769328265,0.6000000000000001,0.7000000000000001,0.9,0.6000000000000001,20.0,25.0,65.0,0.5,0.8,0.9,0.5,20.0,20.0,65.0,6261,4349,1912,6261,0.3053825267529149,0.8484022458629152,1.0,0.8484022458629152,1939,0.4458496206024373,1.0,1
"iteration_3","SCOPE_DATA_COLLECTION",1500,31,1930.0,1990.0,2,8845,6230,2092,8866,6229,2178,7781,5422,1752,1036,809,335,0.11750028354315527,0.12983469748034024,0.1605174892189746,0.384608059198419,0.7321350288319762,1.1471381926930135,0.769216118396838,0.7321350288319762,0.7647587951286757,0.32553656342372445,0.3600147547030616,0.3681506849315068,100.0,100.0,5419,7014,4734,191,3,1986,0.03524635541612844,4.27715996578272E-4,0.41951837769328265,0.6000000000000001,0.7000000000000001,0.9,0.6000000000000001,20.0,25.0,65.0,0.5,0.8,0.9,0.5,20.0,20.0,65.0,2092,1394,698,2092,0.33365200764818354,1.257105746858092,1.5,0.8380704979053947,619,0.44404591104734575,1.0,1
"iteration_3","SCOPE_DATA_COLLECTION",1500,32,1990.0,2050.0,0,8936,6261,2092,8845,6230,2092,6215,4336,1412,2733,1913,698,0.3054313813142602,0.3061289806369019,0.33080568720379144,0.44249691051267576,0.8509190526347734,1.2700969026895146,0.8849938210253515,0.8509190526347734,0.8467312684596764,0.39485116653258245,0.4441881918819188,0.4475920679886686,97.5,100.0,5547,5970,5772,187,7,5150,0.033711916351180815,0.0011725293132328308,0.8922383922383922,0.5,0.8,0.9,0.5,20.0,20.0,65.0,0.6000000000000001,0.9,0.8,0.5,30.0,30.0,75.0,8954,7694,1260,8954,0.14071923162832253,0.3946381455255586,0.5,0.7892762910511172,2506,0.32570834416428385,1.0,1
"iteration_3","SCOPE_DATA_COLLECTION",1500,32,1990.0,2050.0,1,8936,6261,2092,8845,6230,2092,6215,4336,1412,2733,1913,698,0.3054313813142602,0.3061289806369019,0.33080568720379144,0.44249691051267576,0.8509190526347734,1.2700969026895146,0.8849938210253515,0.8509190526347734,0.8467312684596764,0.39485116653258245,0.4441881918819188,0.4475920679886686,97.5,100.0,5547,5970,5772,187,7,5150,0.033711916351180815,0.0011725293132328308,0.8922383922383922,0.5,0.8,0.9,0.5,20.0,20.0,65.0,0.6000000000000001,0.9,0.8,0.5,30.0,30.0,75.0,6195,5213,982,6195,0.15851493139628733,0.7225529523936055,1.0,0.7225529523936055,1865,0.35775944753500866,1.0,1
"iteration_3","SCOPE_DATA_COLLECTION",1500,32,1990.0,2050.0,2,8936,6261,2092,8845,6230,2092,6215,4336,1412,2733,1913,698,0.3054313813142602,0.3061289806369019,0.33080568720379144,0.44249691051267576,0.8509190526347734,1.2700969026895146,0.8849938210253515,0.8509190526347734,0.8467312684596764,0.39485116653258245,0.4441881918819188,0.4475920679886686,97.5,100.0,5547,5970,5772,187,7,5150,0.033711916351180815,0.0011725293132328308,0.8922383922383922,0.5,0.8,0.9,0.5,20.0,20.0,65.0,0.6000000000000001,0.9,0.8,0.5,30.0,30.0,75.0,2140,1776,364,2140,0.17009345794392525,1.0809043361537576,1.5,0.7206028907691717,620,0.3490990990990991,1.0,1
"iteration_3","SCOPE_DATA_COLLECTION",1500,33,2050.0,2110.0,0,8954,6195,2140,8936,6261,2092,7703,5249,1763,1254,971,361,0.14000223289047672,0.15610932475884245,0.1699623352165725,0.3945996389612191,0.7282672896094757,1.0760707920588723,0.7891992779224382,0.7282672896094757,0.7173805280392482,0.32623653122160196,0.36140217184225565,0.34600113442994895,100.0,100.0,5492,7060,4737,163,10,2413,0.029679533867443555,0.00141643059490085,0.5093941313067342,0.6000000000000001,0.9,0.8,0.5,30.0,30.0,75.0,0.30000000000000004,0.4,0.8,0.5,40.0,95.0,65.0,9002,4660,4342,9002,0.4823372583870251,0.46066246510167447,0.5,0.9213249302033489,2210,0.4742489270386266,1.0,1
"iteration_3","SCOPE_DATA_COLLECTION",1500,33,2050.0,2110.0,1,8954,6195,2140,8936,6261,2092,7703,5249,1763,1254,971,361,0.14000223289047672,0.15610932475884245,0.1699623352165725,0.3945996389612191,0.7282672896094757,1.0760707920588723,0.7891992779224382,0.7282672896094757,0.7173805280392482,0.32623653122160196,0.36140217184225565,0.34600113442994895,100.0,100.0,5492,7060,4737,163,10,2413,0.029679533867443555,0.00141643059490085,0.5093941313067342,0.6000000000000001,0.9,0.8,0.5,30.0,30.0,75.0,0.30000000000000004,0.4,0.8,0.5,40.0,95.0,65.0,6222,3128,3094,6222,0.4972677595628415,1.0061265100760886,1.0,1.0061265100760886,1855,0.5930306905370843,1.0,1
"iteration_3","SCOPE_DATA_COLLECTION",1500,33,2050.0,2110.0,2,8954,6195,2140,8936,6261,2092,7703,5249,1763,1254,971,361,0.14000223289047672,0.15610932475884245,0.1699623352165725,0.3945996389612191,0.7282672896094757,1.0760707920588723,0.7891992779224382,0.7282672896094757,0.7173805280392482,0.32623653122160196,0.36140217184225565,0.34600113442994895,100.0,100.0,5492,7060,4737,163,10,2413,0.029679533867443555,0.00141643059490085,0.5093941313067342,0.6000000000000001,0.9,0.8,0.5,30.0,30.0,75.0,0.30000000000000004,0.4,0.8,0.5,40.0,95.0,65.0,2153,1068,1085,2153,0.5039479795633999,1.473633750309615,1.5,0.9824225002064101,607,0.5683520599250936,1.0,1
"iteration_3","SCOPE_DATA_COLLECTION",1500,34,2110.0,2170.0,0,9002,6222,2153,8954,6195,2140,4662,3127,1080,4348,3105,1088,0.4825749167591565,0.49823491655969193,0.5018450184501845,0.4613353587820102,1.0083872794523636,1.4773667307493321,0.9226707175640204,1.0083872794523636,0.9849111538328881,0.47533247533247536,0.5922609529900863,0.5694444444444444,100.0,100.0,5422,3598,8357,160,5,8376,0.02950940612320177,0.0013896609227348527,1.0022735431374896,0.30000000000000004,0.4,0.8,0.5,40.0,95.0,65.0,0.6000000000000001,0.6000000000000001,0.5,0.7000000000000001,80.0,75.0,30.0,8915,7993,922,8915,0.103421200224341,0.36956241730404144,0.5,0.7391248346080829,2598,0.3250344051044664,1.0,1
"iteration_3","SCOPE_DATA_COLLECTION",1500,34,2110.0,2170.0,1,9002,6222,2153,8954,6195,2140,4662,3127,1080,4348,3105,1088,0.4825749167591565,0.49823491655969193,0.5018450184501845,0.4613353587820102,1.0083872794523636,1.4773667307493321,0.9226707175640204,1.0083872794523636,0.9849111538328881,0.47533247533247536,0.5922609529900863,0.5694444444444444,100.0,100.0,5422,3598,8357,160,5,8376,0.02950940612320177,0.0013896609227348527,1.0022735431374896,0.30000000000000004,0.4,0.8,0.5,40.0,95.0,65.0,0.6000000000000001,0.6000000000000001,0.5,0.7000000000000001,80.0,75.0,30.0,6105,5422,683,6105,0.11187551187551188,0.7016030891448704,1.0,0.7016030891448704,1852,0.3415713758760605,1.0,1
"iteration_3","SCOPE_DATA_COLLECTION",1500,34,2110.0,2170.0,2,9002,6222,2153,8954,6195,2140,4662,3127,1080,4348,3105,1088,0.4825749167591565,0.49823491655969193,0.5018450184501845,0.4613353587820102,1.0083872794523636,1.4773667307493321,0.9226707175640204,1.0083872794523636,0.9849111538328881,0.47533247533247536,0.5922609529900863,0.5694444444444444,100.0,100.0,5422,3598,8357,160,5,8376,0.02950940612320177,0.0013896609227348527,1.0022735431374896,0.30000000000000004,0.4,0.8,0.5,40.0,95.0,65.0,0.6000000000000001,0.6000000000000001,0.5,0.7000000000000001,80.0,75.0,30.0,2067,1807,260,2067,0.12578616352201258,1.0985640718568748,1.5,0.7323760479045832,626,0.3464305478693968,1.0,1
"iteration_3","SCOPE_DATA_COLLECTION",1500,35,2170.0,2230.0,0,8915,6105,2067,9002,6222,2153,7961,5411,1800,922,683,260,0.10379376336823146,0.11207745323268789,0.1262135922330097,0.36920167126846076,0.7012809651662963,1.0972894799602724,0.7384033425369215,0.7012809651662963,0.7315263199735149,0.32307499057907296,0.3422657549436333,0.3466666666666667,97.5,100.0,5503,7096,4488,162,5,1698,0.02943848809740142,7.046223224351747E-4,0.3783422459893048,0.6000000000000001,0.6000000000000001,0.5,0.7000000000000001,80.0,75.0,30.0,0.6000000000000001,0.6000000000000001,0.5,0.7000000000000001,80.0,75.0,30.0,9013,7825,1188,9013,0.13180960834350383,0.36589374615595255,0.5,0.7317874923119051,2482,0.3171884984025559,1.0,1
"iteration_3","SCOPE_DATA_COLLECTION",1500,35,2170.0,2230.0,1,8915,6105,2067,9002,6222,2153,7961,5411,1800,922,683,260,0.10379376336823146,0.11207745323268789,0.1262135922330097,0.36920167126846076,0.7012809651662963,1.0972894799602724,0.7384033425369215,0.7012809651662963,0.7315263199735149,0.32307499057907296,0.3422657549436333,0.3466666666666667,97.5,100.0,5503,7096,4488,162,5,1698,0.02943848809740142,7.046223224351747E-4,0.3783422459893048,0.6000000000000001,0.6000000000000001,0.5,0.7000000000000001,80.0,75.0,30.0,0.6000000000000001,0.6000000000000001,0.5,0.7000000000000001,80.0,75.0,30.0,6105,5184,921,6105,0.15085995085995085,0.720799124707267,1.0,0.720799124707267,1847,0.35628858024691357,1.0,1
"iteration_3","SCOPE_DATA_COLLECTION",1500,35,2170.0,2230.0,2,8915,6105,2067,9002,6222,2153,7961,5411,1800,922,683,260,0.10379376336823146,0.11207745323268789,0.1262135922330097,0.36920167126846076,0.7012809651662963,1.0972894799602724,0.7384033425369215,0.7012809651662963,0.7315263199735149,0.32307499057907296,0.3422657549436333,0.3466666666666667,97.5,100.0,5503,7096,4488,162,5,1698,0.02943848809740142,7.046223224351747E-4,0.3783422459893048,0.6000000000000001,0.6000000000000001,0.5,0.7000000000000001,80.0,75.0,30.0,0.6000000000000001,0.6000000000000001,0.5,0.7000000000000001,80.0,75.0,30.0,2184,1806,378,2184,0.17307692307692307,1.0778801128579374,1.5,0.7185867419052916,620,0.3433001107419712,1.0,1
"iteration_3","SCOPE_DATA_COLLECTION",1500,36,2230.0,2290.0,0,9013,6105,2184,8915,6105,2067,7851,5168,1801,1188,921,378,0.13143046797212082,0.1512563639349647,0.1734740706746214,0.36649475803722203,0.7173699171045274,1.077183858924996,0.7329895160744441,0.7173699171045274,0.718122572616664,0.3183034008406572,0.35371517027863775,0.34203220433092724,100.0,100.0,5504,7126,4672,183,8,2296,0.033248546511627904,0.001122649452708392,0.4914383561643836,0.6000000000000001,0.6000000000000001,0.5,0.7000000000000001,80.0,75.0,30.0,0.30000000000000004,0.7000000000000001,0.9,0.4,80.0,25.0,75.0,9020,4712,4308,9020,0.4776053215077605,0.4829691911225681,0.5,0.9659383822451362,2337,0.4959677419354839,1.0,1
"iteration_3","SCOPE_DATA_COLLECTION",1500,36,2230.0,2290.0,1,9013,6105,2184,8915,6105,2067,7851,5168,1801,1188,921,378,0.13143046797212082,0.1512563639349647,0.1734740706746214,0.36649475803722203,0.7173699171045274,1.077183858924996,0.7329895160744441,0.7173699171045274,0.718122572616664,0.3183034008406572,0.35371517027863775,0.34203220433092724,100.0,100.0,5504,7126,4672,183,8,2296,0.033248546511627904,0.001122649452708392,0.4914383561643836,0.6000000000000001,0.6000000000000001,0.5,0.7000000000000001,80.0,75.0,30.0,0.30000000000000004,0.7000000000000001,0.9,0.4,80.0,25.0,75.0,6161,3135,3026,6161,0.4911540334361305,0.9816601464972337,1.0,0.9816601464972337,1793,0.5719298245614035,1.0,1
"iteration_3","SCOPE_DATA_COLLECTION",1500,36,2230.0,2290.0,2,9013,6105,2184,8915,6105,2067,7851,5168,1801,1188,921,378,0.13143046797212082,0.1512563639349647,0.1734740706746214,0.36649475803722203,0.7173699171045274,1.077183858924996,0.7329895160744441,0.7173699171045274,0.718122572616664,0.3183034008406572,0.35371517027863775,0.34203220433092724,100.0,100.0,5504,7126,4672,183,8,2296,0.033248546511627904,0.001122649452708392,0.4914383561643836,0.6000000000000001,0.6000000000000001,0.5,0.7000000000000001,80.0,75.0,30.0,0.30000000000000004,0.7000000000000001,0.9,0.4,80.0,25.0,75.0,2129,1070,1059,2129,0.4974166275246595,1.5001516542162194,1.5,1.0001011028108129,616,0.5757009345794393,1.0,1
"iteration_3","SCOPE_DATA_COLLECTION",1500,37,2290.0,2350.0,0,9020,6161,2129,9013,6105,2184,4726,3142,1075,4308,3026,1059,0.4768651760017711,0.4905966277561608,0.49625117150890347,0.48325017488690875,0.9774786451447417,1.5011939846086326,0.9665003497738175,0.9774786451447417,1.0007959897390883,0.4968260685569192,0.5693825588796945,0.5767441860465117,100.0,100.0,5403,3584,8323,122,4,8267,0.02258004812141403,0.0011160714285714285,0.9932716568544996,0.30000000000000004,0.7000000000000001,0.9,0.4,80.0,25.0,75.0,0.30000000000000004,0.7000000000000001,0.9,0.4,80.0,25.0,75.0,8988,4644,4344,8988,0.4833110814419226,0.49249556101752145,0.5,0.9849911220350429,2394,0.5155038759689923,1.0,1
"iteration_3","SCOPE_DATA_COLLECTION",1500,37,2290.0,2350.0,1,9020,6161,2129,9013,6105,2184,4726,3142,1075,4308,3026,1059,0.4768651760017711,0.4905966277561608,0.49625117150890347,0.48325017488690875,0.9774786451447417,1.5011939846086326,0.9665003497738175,0.9774786451447417,1.0007959897390883,0.4968260685569192,0.5693825588796945,0.5767441860465117,100.0,100.0,5403,3584,8323,122,4,8267,0.02258004812141403,0.0011160714285714285,0.9932716568544996,0.30000000000000004,0.7000000000000001,0.9,0.4,80.0,25.0,75.0,0.30000000000000004,0.7000000000000001,0.9,0.4,80.0,25.0,75.0,6211,3162,3049,6211,0.4909032361938496,0.9954287124433076,1.0,0.9954287124433076,1811,0.5727387729285263,1.0,1
"iteration_3","SCOPE_DATA_COLLECTION",1500,37,2290.0,2350.0,2,9020,6161,2129,9013,6105,2184,4726,3142,1075,4308,3026,1059,0.4768651760017711,0.4905966277561608,0.49625117150890347,0.48325017488690875,0.9774786451447417,1.5011939846086326,0.9665003497738175,0.9774786451447417,1.0007959897390883,0.4968260685569192,0.5693825588796945,0.5767441860465117,100.0,100.0,5403,3584,8323,122,4,8267,0.02258004812141403,0.0011160714285714285,0.9932716568544996,0.30000000000000004,0.7000000000000001,0.9,0.4,80.0,25.0,75.0,0.30000000000000004,0.7000000000000001,0.9,0.4,80.0,25.0,75.0,2196,1085,1111,2196,0.50591985428051,1.52611120024295,1.5,1.0174074668286333,641,0.5907834101382489,1.0,1
"iteration_3","SCOPE_DATA_COLLECTION",1500,38,2350.0,2410.0,0,8988,6211,2196,9020,6161,2129,4618,3172,1080,4344,3049,1110,0.4847132336532024,0.4901141295611638,0.5068493150684932,0.4886845856670065,0.9967281060489152,1.5135868614273398,0.977369171334013,0.9967281060489152,1.0090579076182264,0.5123430056301429,0.5740857503152585,0.5861111111111111,100.0,100.0,5490,3587,8318,182,3,8318,0.033151183970856105,8.363534987454698E-4,1.0,0.30000000000000004,0.7000000000000001,0.9,0.4,80.0,25.0,75.0,0.30000000000000004,0.7000000000000001,0.9,0.4,80.0,25.0,75.0,8994,4581,4413,8994,0.490660440293529,0.4778625293918282,0.5,0.9557250587836564,2228,0.4863566906788911,1.0,1
"iteration_3","SCOPE_DATA_COLLECTION",1500,38,2350.0,2410.0,1,8988,6211,2196,9020,6161,2129,4618,3172,1080,4344,3049,1110,0.4847132336532024,0.4901141295611638,0.5068493150684932,0.4886845856670065,0.9967281060489152,1.5135868614273398,0.977369171334013,0.9967281060489152,1.0090579076182264,0.5123430056301429,0.5740857503152585,0.5861111111111111,100.0,100.0,5490,3587,8318,182,3,8318,0.033151183970856105,8.363534987454698E-4,1.0,0.30000000000000004,0.7000000000000001,0.9,0.4,80.0,25.0,75.0,0.30000000000000004,0.7000000000000001,0.9,0.4,80.0,25.0,75.0,6375,3223,3152,6375,0.4944313725490196,1.0174922901062702,1.0,1.0174922901062702,1907,0.5916847657461992,1.0,1
"iteration_3","SCOPE_DATA_COLLECTION",1500,38,2350.0,2410.0,2,8988,6211,2196,9020,6161,2129,4618,3172,1080,4344,3049,1110,0.4847132336532024,0.4901141295611638,0.5068493150684932,0.4886845856670065,0.9967281060489152,1.5135868614273398,0.977369171334013,0.9967281060489152,1.0090579076182264,0.5123430056301429,0.5740857503152585,0.5861111111111111,100.0,100.0,5490,3587,8318,182,3,8318,0.033151183970856105,8.363534987454698E-4,1.0,0.30000000000000004,0.7000000000000001,0.9,0.4,80.0,25.0,75.0,0.30000000000000004,0.7000000000000001,0.9,0.4,80.0,25.0,75.0,2122,1052,1070,2122,0.5042412818096136,1.4875126606249793,1.5,0.9916751070833195,593,0.5636882129277566,1.0,1
"iteration_3","SCOPE_DATA_COLLECTION",1500,39,2410.0,2470.0,0,8994,6375,2122,8988,6211,2196,4621,3215,1057,4413,3152,1071,0.48848793446978084,0.49505261504633263,0.5032894736842105,0.48324667804163896,1.0200539759679428,1.4942345907028665,0.9664933560832779,1.0200539759679428,0.996156393801911,0.4918848734040251,0.5906687402799378,0.565752128666036,100.0,100.0,5372,3636,8483,152,1,8483,0.028294862248696945,2.75027502750275E-4,1.0,0.30000000000000004,0.7000000000000001,0.9,0.4,80.0,25.0,75.0,0.30000000000000004,0.8,0.9,0.4,90.0,35.0,85.0,8987,4737,4250,8987,0.4729053076666296,0.515639854841524,0.5,1.031279709683048,2537,0.5355710365210049,1.0,1
"iteration_3","SCOPE_DATA_COLLECTION",1500,39,2410.0,2470.0,1,8994,6375,2122,8988,6211,2196,4621,3215,1057,4413,3152,1071,0.48848793446978084,0.49505261504633263,0.5032894736842105,0.48324667804163896,1.0200539759679428,1.4942345907028665,0.9664933560832779,1.0200539759679428,0.996156393801911,0.4918848734040251,0.5906687402799378,0.565752128666036,100.0,100.0,5372,3636,8483,152,1,8483,0.028294862248696945,2.75027502750275E-4,1.0,0.30000000000000004,0.7000000000000001,0.9,0.4,80.0,25.0,75.0,0.30000000000000004,0.8,0.9,0.4,90.0,35.0,85.0,6160,3131,3029,6160,0.4917207792207792,1.0264992918370264,1.0,1.0264992918370264,1823,0.5822420951772597,1.0,1
"iteration_3","SCOPE_DATA_COLLECTION",1500,39,2410.0,2470.0,2,8994,6375,2122,8988,6211,2196,4621,3215,1057,4413,3152,1071,0.48848793446978084,0.49505261504633263,0.5032894736842105,0.48324667804163896,1.0200539759679428,1.4942345907028665,0.9664933560832779,1.0200539759679428,0.996156393801911,0.4918848734040251,0.5906687402799378,0.565752128666036,100.0,100.0,5372,3636,8483,152,1,8483,0.028294862248696945,2.75027502750275E-4,1.0,0.30000000000000004,0.7000000000000001,0.9,0.4,80.0,25.0,75.0,0.30000000000000004,0.8,0.9,0.4,90.0,35.0,85.0,2098,1080,1018,2098,0.4852240228789323,1.5062574014950736,1.5,1.0041716009967157,621,0.575,1.0,1
"iteration_3","SCOPE_DATA_COLLECTION",1500,40,2470.0,2530.0,0,8987,6160,2098,8994,6375,2122,4714,3152,1075,4250,3029,1018,0.47411869701026327,0.4900501536968128,0.48638318203535597,0.5138627628761931,1.0296973695068583,1.5018583251840358,1.0277255257523863,1.0296973695068583,1.001238883456024,0.5324565125159101,0.5856598984771574,0.5720930232558139,97.5,100.0,5552,3557,8136,157,4,8136,0.028278097982708934,0.001124543154343548,1.0,0.30000000000000004,0.8,0.9,0.4,90.0,35.0,85.0,0.4,0.9,0.9,0.5,90.0,35.0,85.0,9051,5340,3711,9051,0.41000994365263504,0.46786083072210893,0.5,0.9357216614442179,2477,0.4638576779026217,1.0,1
"iteration_3","SCOPE_DATA_COLLECTION",1500,40,2470.0,2530.0,1,8987,6160,2098,8994,6375,2122,4714,3152,1075,4250,3029,1018,0.47411869701026327,0.4900501536968128,0.48638318203535597,0.5138627628761931,1.0296973695068583,1.5018583251840358,1.0277255257523863,1.0296973695068583,1.001238883456024,0.5324565125159101,0.5856598984771574,0.5720930232558139,97.5,100.0,5552,3557,8136,157,4,8136,0.028278097982708934,0.001124543154343548,1.0,0.30000000000000004,0.8,0.9,0.4,90.0,35.0,85.0,0.4,0.9,0.9,0.5,90.0,35.0,85.0,6252,3645,2607,6252,0.4169865642994242,0.9159680182683907,1.0,0.9159680182683907,1840,0.50480109739369,1.0,1
"iteration_3","SCOPE_DATA_COLLECTION",1500,40,2470.0,2530.0,2,8987,6160,2098,8994,6375,2122,4714,3152,1075,4250,3029,1018,0.47411869701026327,0.4900501536968128,0.48638318203535597,0.5138627628761931,1.0296973695068583,1.5018583251840358,1.0277255257523863,1.0296973695068583,1.001238883456024,0.5324565125159101,0.5856598984771574,0.5720930232558139,97.5,100.0,5552,3557,8136,157,4,8136,0.028278097982708934,0.001124543154343548,1.0,0.30000000000000004,0.8,0.9,0.4,90.0,35.0,85.0,0.4,0.9,0.9,0.5,90.0,35.0,85.0,2219,1257,962,2219,0.43352861649391616,1.3681164067175429,1.5,0.912077604478362,637,0.5067621320604614,1.0,1
"iteration_3","SCOPE_DATA_COLLECTION",1500,41,2530.0,2590.0,0,9051,6252,2219,8987,6160,2098,5332,3637,1263,3711,2607,962,0.4103726639389583,0.4175208199871877,0.43235955056179776,0.46675469608197523,0.9126629988319135,1.3702142726407824,0.9335093921639505,0.9126629988319135,0.9134761817605216,0.4643660915228807,0.503436898542755,0.5083135391923991,100.0,100.0,5495,4897,7130,197,2,7081,0.03585077343039127,4.084133142740453E-4,0.9931276297335203,0.4,0.9,0.9,0.5,90.0,35.0,85.0,0.9500000000000001,0.8,0.7000000000000001,0.8,35.0,85.0,95.0,8904,7525,1379,8904,0.15487421383647798,0.39920568944569146,0.5,0.7984113788913829,2477,0.3291694352159468,1.0,1
"iteration_3","SCOPE_DATA_COLLECTION",1500,41,2530.0,2590.0,1,9051,6252,2219,8987,6160,2098,5332,3637,1263,3711,2607,962,0.4103726639389583,0.4175208199871877,0.43235955056179776,0.46675469608197523,0.9126629988319135,1.3702142726407824,0.9335093921639505,0.9126629988319135,0.9134761817605216,0.4643660915228807,0.503436898542755,0.5083135391923991,100.0,100.0,5495,4897,7130,197,2,7081,0.03585077343039127,4.084133142740453E-4,0.9931276297335203,0.4,0.9,0.9,0.5,90.0,35.0,85.0,0.9500000000000001,0.8,0.7000000000000001,0.8,35.0,85.0,95.0,6252,5261,991,6252,0.15850927703134995,0.7676513983423674,1.0,0.7676513983423674,1959,0.3723626686941646,1.0,1
"iteration_3","SCOPE_DATA_COLLECTION",1500,41,2530.0,2590.0,2,9051,6252,2219,8987,6160,2098,5332,3637,1263,3711,2607,962,0.4103726639389583,0.4175208199871877,0.43235955056179776,0.46675469608197523,0.9126629988319135,1.3702142726407824,0.9335093921639505,0.9126629988319135,0.9134761817605216,0.4643660915228807,0.503436898542755,0.5083135391923991,100.0,100.0,5495,4897,7130,197,2,7081,0.03585077343039127,4.084133142740453E-4,0.9931276297335203,0.4,0.9,0.9,0.5,90.0,35.0,85.0,0.9500000000000001,0.8,0.7000000000000001,0.8,35.0,85.0,95.0,2134,1723,411,2134,0.19259606373008434,1.155329528557041,1.5,0.770219685704694,632,0.3668020893789901,1.0,1
"iteration_3","SCOPE_DATA_COLLECTION",1500,42,2590.0,2650.0,0,8904,6252,2134,9051,6252,2219,7514,5245,1723,1379,991,411,0.15506578207578994,0.15891597177678,0.19259606373008434,0.4002531869210337,0.7709721172015058,1.1586422778321168,0.8005063738420674,0.7709721172015058,0.7724281852214112,0.32911897790790523,0.3736892278360343,0.3685432385374347,97.5,100.0,5482,11175,633,186,2588,7,0.03392922291134622,0.23158836689038031,0.011058451816745656,0.9500000000000001,0.8,0.7000000000000001,0.8,35.0,85.0,95.0,0.8500000000000001,0.9,0.8,0.8,35.0,75.0,95.0,8924,8608,316,8924,0.035410129986553115,0.35577579382217384,0.5,0.7115515876443477,2417,0.2807853159851301,1.0,1
"iteration_3","SCOPE_DATA_COLLECTION",1500,42,2590.0,2650.0,1,8904,6252,2134,9051,6252,2219,7514,5245,1723,1379,991,411,0.15506578207578994,0.15891597177678,0.19259606373008434,0.4002531869210337,0.7709721172015058,1.1586422778321168,0.8005063738420674,0.7709721172015058,0.7724281852214112,0.32911897790790523,0.3736892278360343,0.3685432385374347,97.5,100.0,5482,11175,633,186,2588,7,0.03392922291134622,0.23158836689038031,0.011058451816745656,0.9500000000000001,0.8,0.7000000000000001,0.8,35.0,85.0,95.0,0.8500000000000001,0.9,0.8,0.8,35.0,75.0,95.0,6185,5881,304,6185,0.04915117219078415,0.6792917665574036,1.0,0.6792917665574036,1861,0.31644278183982316,1.0,1
"iteration_3","SCOPE_DATA_COLLECTION",1500,42,2590.0,2650.0,2,8904,6252,2134,9051,6252,2219,7514,5245,1723,1379,991,411,0.15506578207578994,0.15891597177678,0.19259606373008434,0.4002531869210337,0.7709721172015058,1.1586422778321168,0.8005063738420674,0.7709721172015058,0.7724281852214112,0.32911897790790523,0.3736892278360343,0.3685432385374347,97.5,100.0,5482,11175,633,186,2588,7,0.03392922291134622,0.23158836689038031,0.011058451816745656,0.9500000000000001,0.8,0.7000000000000001,0.8,35.0,85.0,95.0,0.8500000000000001,0.9,0.8,0.8,35.0,75.0,95.0,2260,2092,168,2260,0.0743362831858407,0.9939658482084709,1.5,0.6626438988056472,626,0.29923518164435947,1.0,1
"iteration_3","SCOPE_DATA_COLLECTION",1500,43,2650.0,2710.0,0,8924,6185,2260,8904,6252,2134,8615,5875,2081,316,304,168,0.0353823759937297,0.0491988994983007,0.07469986660738105,0.3563438368332744,0.6779620507407396,0.9936450738317588,0.7126876736665488,0.6779620507407396,0.6624300492211725,0.28183401044689493,0.3159148936170213,0.2988947621335896,100.0,100.0,5521,10122,1726,202,586,0,0.036587574714725596,0.05789369689784628,0.0,0.8500000000000001,0.9,0.8,0.8,35.0,75.0,95.0,0.05,0.30000000000000004,0.2,0.5,50.0,55.0,45.0,8877,3088,5789,8877,0.6521347302016447,0.5892011800267798,0.5,1.1784023600535596,2041,0.6609455958549223,1.0,1
"iteration_3","SCOPE_DATA_COLLECTION",1500,43,2650.0,2710.0,1,8924,6185,2260,8904,6252,2134,8615,5875,2081,316,304,168,0.0353823759937297,0.0491988994983007,0.07469986660738105,0.3563438368332744,0.6779620507407396,0.9936450738317588,0.7126876736665488,0.6779620507407396,0.6624300492211725,0.28183401044689493,0.3159148936170213,0.2988947621335896,100.0,100.0,5521,10122,1726,202,586,0,0.036587574714725596,0.05789369689784628,0.0,0.8500000000000001,0.9,0.8,0.8,35.0,75.0,95.0,0.05,0.30000000000000004,0.2,0.5,50.0,55.0,45.0,6155,2160,3995,6155,0.6490658001624695,1.2520026335303909,1.0,1.2520026335303909,1843,0.8532407407407407,1.0,1
"iteration_3","SCOPE_DATA_COLLECTION",1500,43,2650.0,2710.0,2,8924,6185,2260,8904,6252,2134,8615,5875,2081,316,304,168,0.0353823759937297,0.0491988994983007,0.07469986660738105,0.3563438368332744,0.6779620507407396,0.9936450738317588,0.7126876736665488,0.6779620507407396,0.6624300492211725,0.28183401044689493,0.3159148936170213,0.2988947621335896,100.0,100.0,5521,10122,1726,202,586,0,0.036587574714725596,0.05789369689784628,0.0,0.8500000000000001,0.9,0.8,0.8,35.0,75.0,95.0,0.05,0.30000000000000004,0.2,0.5,50.0,55.0,45.0,2129,664,1465,2129,0.6881164866134335,2.114211005014121,1.5,1.4094740033427475,597,0.8990963855421686,1.0,1
"iteration_3","SCOPE_DATA_COLLECTION",1500,44,2710.0,2770.0,0,8877,6155,2129,8924,6185,2260,3113,2168,685,5789,3995,1465,0.6503033026286228,0.6482232678890151,0.6813953488372093,0.588887046472924,1.245401940165236,2.091415723828704,1.177774092945848,1.245401940165236,1.3942771492191361,0.6607773851590106,0.8445571955719557,0.8861313868613139,100.0,100.0,5328,597,11236,86,0,11163,0.01614114114114114,0.0,0.9935030259878961,0.05,0.30000000000000004,0.2,0.5,50.0,55.0,45.0,0.05,0.4,0.30000000000000004,0.6000000000000001,50.0,55.0,45.0,8945,3100,5845,8945,0.6534376746785914,0.617886896358041,0.5,1.235773792716082,2157,0.6958064516129032,1.0,1
"iteration_3","SCOPE_DATA_COLLECTION",1500,44,2710.0,2770.0,1,8877,6155,2129,8924,6185,2260,3113,2168,685,5789,3995,1465,0.6503033026286228,0.6482232678890151,0.6813953488372093,0.588887046472924,1.245401940165236,2.091415723828704,1.177774092945848,1.245401940165236,1.3942771492191361,0.6607773851590106,0.8445571955719557,0.8861313868613139,100.0,100.0,5328,597,11236,86,0,11163,0.01614114114114114,0.0,0.9935030259878961,0.05,0.30000000000000004,0.2,0.5,50.0,55.0,45.0,0.05,0.4,0.30000000000000004,0.6000000000000001,50.0,55.0,45.0,6269,2075,4194,6269,0.6690062210878928,1.2953334326728128,1.0,1.2953334326728128,1793,0.8640963855421687,1.0,1
"iteration_3","SCOPE_DATA_COLLECTION",1500,44,2710.0,2770.0,2,8877,6155,2129,8924,6185,2260,3113,2168,685,5789,3995,1465,0.6503033026286228,0.6482232678890151,0.6813953488372093,0.588887046472924,1.245401940165236,2.091415723828704,1.177774092945848,1.245401940165236,1.3942771492191361,0.6607773851590106,0.8445571955719557,0.8861313868613139,100.0,100.0,5328,597,11236,86,0,11163,0.01614114114114114,0.0,0.9935030259878961,0.05,0.30000000000000004,0.2,0.5,50.0,55.0,45.0,0.05,0.4,0.30000000000000004,0.6000000000000001,50.0,55.0,45.0,2079,684,1395,2079,0.670995670995671,2.1019215062113448,1.5,1.4012810041408965,611,0.8932748538011696,1.0,1
"iteration_3","SCOPE_DATA_COLLECTION",1500,45,2770.0,2830.0,0,8945,6269,2079,8877,6155,2129,3092,2089,675,5845,4194,1395,0.6540226026630861,0.6675155180646188,0.6739130434782609,0.6150866349227104,1.294122667640463,2.1007229581262954,1.2301732698454209,1.294122667640463,1.400481972084197,0.6927554980595084,0.865007180469124,0.8948148148148148,100.0,100.0,5359,602,11332,102,0,11332,0.019033401754058592,0.0,1.0,0.05,0.4,0.30000000000000004,0.6000000000000001,50.0,55.0,45.0,0.05,0.4,0.30000000000000004,0.6000000000000001,50.0,55.0,45.0,8816,3020,5796,8816,0.6574410163339383,0.6221440047861184,0.5,1.2442880095722368,2100,0.695364238410596,1.0,1
"iteration_3","SCOPE_DATA_COLLECTION",1500,45,2770.0,2830.0,1,8945,6269,2079,8877,6155,2129,3092,2089,675,5845,4194,1395,0.6540226026630861,0.6675155180646188,0.6739130434782609,0.6150866349227104,1.294122667640463,2.1007229581262954,1.2301732698454209,1.294122667640463,1.400481972084197,0.6927554980595084,0.865007180469124,0.8948148148148148,100.0,100.0,5359,602,11332,102,0,11332,0.019033401754058592,0.0,1.0,0.05,0.4,0.30000000000000004,0.6000000000000001,50.0,55.0,45.0,0.05,0.4,0.30000000000000004,0.6000000000000001,50.0,55.0,45.0,6142,2065,4077,6142,0.6637902963204168,1.2981077077652177,1.0,1.2981077077652177,1785,0.864406779661017,1.0,1
"iteration_3","SCOPE_DATA_COLLECTION",1500,45,2770.0,2830.0,2,8945,6269,2079,8877,6155,2129,3092,2089,675,5845,4194,1395,0.6540226026630861,0.6675155180646188,0.6739130434782609,0.6150866349227104,1.294122667640463,2.1007229581262954,1.2301732698454209,1.294122667640463,1.400481972084197,0.6927554980595084,0.865007180469124,0.8948148148148148,100.0,100.0,5359,602,11332,102,0,11332,0.019033401754058592,0.0,1.0,0.05,0.4,0.30000000000000004,0.6000000000000001,50.0,55.0,45.0,0.05,0.4,0.30000000000000004,0.6000000000000001,50.0,55.0,45.0,2238,731,1507,2238,0.6733690795352993,2.107005205003014,1.5,1.404670136668676,645,0.8823529411764706,1.0,1
"iteration_3","SCOPE_DATA_COLLECTION",1500,46,2830.0,2890.0,0,8816,6142,2238,8945,6269,2079,3002,2049,735,5796,4077,1507,0.6587860877472153,0.6655239960822723,0.6721677074041035,0.6199414229153491,1.2961446890423252,2.1018856994581268,1.2398828458306983,1.2961446890423252,1.4012571329720844,0.6922051965356429,0.8638360175695461,0.8802721088435375,100.0,100.0,5338,624,11234,146,0,11234,0.027351067815661295,0.0,1.0,0.05,0.4,0.30000000000000004,0.6000000000000001,50.0,55.0,45.0,0.15000000000000002,0.4,0.2,0.7000000000000001,60.0,65.0,55.0,8748,3649,5099,8748,0.5828760859625057,0.5208134442287999,0.5,1.0416268884575999,2087,0.5719375171279802,1.0,1
"iteration_3","SCOPE_DATA_COLLECTION",1500,46,2830.0,2890.0,1,8816,6142,2238,8945,6269,2079,3002,2049,735,5796,4077,1507,0.6587860877472153,0.6655239960822723,0.6721677074041035,0.6199414229153491,1.2961446890423252,2.1018856994581268,1.2398828458306983,1.2961446890423252,1.4012571329720844,0.6922051965356429,0.8638360175695461,0.8802721088435375,100.0,100.0,5338,624,11234,146,0,11234,0.027351067815661295,0.0,1.0,0.05,0.4,0.30000000000000004,0.6000000000000001,50.0,55.0,45.0,0.15000000000000002,0.4,0.2,0.7000000000000001,60.0,65.0,55.0,6264,2572,3692,6264,0.5893997445721584,1.0655485291349116,1.0,1.0655485291349116,1823,0.7087869362363919,1.0,1
"iteration_3","SCOPE_DATA_COLLECTION",1500,46,2830.0,2890.0,2,8816,6142,2238,8945,6269,2079,3002,2049,735,5796,4077,1507,0.6587860877472153,0.6655239960822723,0.6721677074041035,0.6199414229153491,1.2961446890423252,2.1018856994581268,1.2398828458306983,1.2961446890423252,1.4012571329720844,0.6922051965356429,0.8638360175695461,0.8802721088435375,100.0,100.0,5338,624,11234,146,0,11234,0.027351067815661295,0.0,1.0,0.05,0.4,0.30000000000000004,0.6000000000000001,50.0,55.0,45.0,0.15000000000000002,0.4,0.2,0.7000000000000001,60.0,65.0,55.0,2084,790,1294,2084,0.6209213051823417,1.792610053791245,1.5,1.1950733691941633,586,0.7417721518987341,1.0,1
"iteration_3","SCOPE_DATA_COLLECTION",1500,47,2890.0,2950.0,0,8748,6264,2084,8816,6142,2238,3669,2591,786,5099,3692,1294,0.5815465328467153,0.5876173802323731,0.6221153846153846,0.5235077918673703,1.067814052006727,1.7940425932035133,1.0470155837347406,1.067814052006727,1.196028395469009,0.574270918506405,0.7109224237746044,0.7430025445292621,100.0,100.0,5314,1781,10001,79,5,10001,0.014866390666164847,0.002807411566535654,1.0,0.15000000000000002,0.4,0.2,0.7000000000000001,60.0,65.0,55.0,0.15000000000000002,0.5,0.2,0.6000000000000001,60.0,75.0,65.0,8883,3645,5238,8883,0.5896656534954408,0.5459664128481331,0.5,1.0919328256962662,2205,0.6049382716049383,1.0,1
"iteration_3","SCOPE_DATA_COLLECTION",1500,47,2890.0,2950.0,1,8748,6264,2084,8816,6142,2238,3669,2591,786,5099,3692,1294,0.5815465328467153,0.5876173802323731,0.6221153846153846,0.5235077918673703,1.067814052006727,1.7940425932035133,1.0470155837347406,1.067814052006727,1.196028395469009,0.574270918506405,0.7109224237746044,0.7430025445292621,100.0,100.0,5314,1781,10001,79,5,10001,0.014866390666164847,0.002807411566535654,1.0,0.15000000000000002,0.4,0.2,0.7000000000000001,60.0,65.0,55.0,0.15000000000000002,0.5,0.2,0.6000000000000001,60.0,75.0,65.0,6296,2523,3773,6296,0.5992693773824651,1.0819811601727236,1.0,1.0819811601727236,1766,0.6999603646452636,1.0,1
"iteration_3","SCOPE_DATA_COLLECTION",1500,47,2890.0,2950.0,2,8748,6264,2084,8816,6142,2238,3669,2591,786,5099,3692,1294,0.5815465328467153,0.5876173802323731,0.6221153846153846,0.5235077918673703,1.067814052006727,1.7940425932035133,1.0470155837347406,1.067814052006727,1.196028395469009,0.574270918506405,0.7109224237746044,0.7430025445292621,100.0,100.0,5314,1781,10001,79,5,10001,0.014866390666164847,0.002807411566535654,1.0,0.15000000000000002,0.4,0.2,0.7000000000000001,60.0,65.0,55.0,0.15000000000000002,0.5,0.2,0.6000000000000001,60.0,75.0,65.0,2169,859,1310,2169,0.6039649608114338,1.7783838033966854,1.5,1.185589202264457,624,0.7264260768335273,1.0,1
"iteration_3","SCOPE_DATA_COLLECTION",1500,48,2950.0,3010.0,0,8883,6296,2169,8748,6264,2084,3637,2525,854,5238,3773,1310,0.5901971830985916,0.5990790727214989,0.6053604436229205,0.5456147411808893,1.084308361064371,1.7785352584054128,1.0912294823617785,1.084308361064371,1.1856901722702753,0.6043442397580423,0.7001980198019802,0.724824355971897,97.5,100.0,5303,1805,10240,81,0,10240,0.015274372996417122,0.0,1.0,0.15000000000000002,0.5,0.2,0.6000000000000001,60.0,75.0,65.0,0.2,0.5,0.5,0.8,70.0,55.0,20.0,8957,4078,4879,8957,0.5447136317963603,0.5290019365810664,0.5,1.0580038731621328,2290,0.5615497793035802,1.0,1
"iteration_3","SCOPE_DATA_COLLECTION",1500,48,2950.0,3010.0,1,8883,6296,2169,8748,6264,2084,3637,2525,854,5238,3773,1310,0.5901971830985916,0.5990790727214989,0.6053604436229205,0.5456147411808893,1.084308361064371,1.7785352584054128,1.0912294823617785,1.084308361064371,1.1856901722702753,0.6043442397580423,0.7001980198019802,0.724824355971897,97.5,100.0,5303,1805,10240,81,0,10240,0.015274372996417122,0.0,1.0,0.15000000000000002,0.5,0.2,0.6000000000000001,60.0,75.0,65.0,0.2,0.5,0.5,0.8,70.0,55.0,20.0,6214,2710,3504,6214,0.5638879948503379,1.1369277889125007,1.0,1.1369277889125007,1856,0.6848708487084871,1.0,1
"iteration_3","SCOPE_DATA_COLLECTION",1500,48,2950.0,3010.0,2,8883,6296,2169,8748,6264,2084,3637,2525,854,5238,3773,1310,0.5901971830985916,0.5990790727214989,0.6053604436229205,0.5456147411808893,1.084308361064371,1.7785352584054128,1.0912294823617785,1.084308361064371,1.1856901722702753,0.6043442397580423,0.7001980198019802,0.724824355971897,97.5,100.0,5303,1805,10240,81,0,10240,0.015274372996417122,0.0,1.0,0.15000000000000002,0.5,0.2,0.6000000000000001,60.0,75.0,65.0,0.2,0.5,0.5,0.8,70.0,55.0,20.0,2150,927,1223,2150,0.5688372093023256,1.660751922473567,1.5,1.1071679483157113,609,0.656957928802589,1.0,1
"iteration_3","SCOPE_DATA_COLLECTION",1500,49,3010.0,3070.0,0,8957,6214,2150,8883,6296,2169,4075,2707,928,4879,3504,1223,0.5448961358052267,0.5641603606504588,0.5685727568572757,0.5287886509539733,1.1346992018313284,1.6589237850375338,1.0575773019079466,1.1346992018313284,1.1059491900250225,0.5617177914110429,0.6841521980051718,0.65625,97.5,100.0,5477,2407,9437,166,3,9437,0.030308563081979184,0.0012463647694225177,1.0,0.2,0.5,0.5,0.8,70.0,55.0,20.0,0.1,0.4,0.4,0.8,60.0,65.0,20.0,8837,3412,5425,8837,0.6138961185922824,0.5871846202246221,0.5,1.1743692404492443,2202,0.645369284876905,1.0,1
"iteration_3","SCOPE_DATA_COLLECTION",1500,49,3010.0,3070.0,1,8957,6214,2150,8883,6296,2169,4075,2707,928,4879,3504,1223,0.5448961358052267,0.5641603606504588,0.5685727568572757,0.5287886509539733,1.1346992018313284,1.6589237850375338,1.0575773019079466,1.1346992018313284,1.1059491900250225,0.5617177914110429,0.6841521980051718,0.65625,97.5,100.0,5477,2407,9437,166,3,9437,0.030308563081979184,0.0012463647694225177,1.0,0.2,0.5,0.5,0.8,70.0,55.0,20.0,0.1,0.4,0.4,0.8,60.0,65.0,20.0,6142,2334,3808,6142,0.619993487463367,1.2544595546767972,1.0,1.2544595546767972,1867,0.7999143101970866,1.0,1
"iteration_3","SCOPE_DATA_COLLECTION",1500,49,3010.0,3070.0,2,8957,6214,2150,8883,6296,2169,4075,2707,928,4879,3504,1223,0.5448961358052267,0.5641603606504588,0.5685727568572757,0.5287886509539733,1.1346992018313284,1.6589237850375338,1.0575773019079466,1.1346992018313284,1.1059491900250225,0.5617177914110429,0.6841521980051718,0.65625,97.5,100.0,5477,2407,9437,166,3,9437,0.030308563081979184,0.0012463647694225177,1.0,0.2,0.5,0.5,0.8,70.0,55.0,20.0,0.1,0.4,0.4,0.8,60.0,65.0,20.0,2190,743,1447,2190,0.6607305936073059,1.9399825249786333,1.5,1.2933216833190888,593,0.7981157469717362,1.0,1
"iteration_3","SCOPE_DATA_COLLECTION",1500,50,3070.0,3130.0,0,8837,6142,2190,8957,6214,2150,3413,2325,750,5425,3808,1447,0.613826657614845,0.620903309962498,0.6586253982703687,0.5872104842399805,1.2507868652526686,1.940473572053952,1.174420968479961,1.2507868652526686,1.2936490480359681,0.6454731907412833,0.7987096774193548,0.8,100.0,100.0,5446,1175,10548,131,1,10548,0.02405435181784796,8.51063829787234E-4,1.0,0.1,0.4,0.4,0.8,60.0,65.0,20.0,0.05,0.4,0.30000000000000004,0.9,60.0,55.0,20.0,8892,3043,5849,8892,0.6577822762033289,0.6341665621529228,0.5,1.2683331243058455,2179,0.7160696680906999,1.0,1
"iteration_3","SCOPE_DATA_COLLECTION",1500,50,3070.0,3130.0,1,8837,6142,2190,8957,6214,2150,3413,2325,750,5425,3808,1447,0.613826657614845,0.620903309962498,0.6586253982703687,0.5872104842399805,1.2507868652526686,1.940473572053952,1.174420968479961,1.2507868652526686,1.2936490480359681,0.6454731907412833,0.7987096774193548,0.8,100.0,100.0,5446,1175,10548,131,1,10548,0.02405435181784796,8.51063829787234E-4,1.0,0.1,0.4,0.4,0.8,60.0,65.0,20.0,0.05,0.4,0.30000000000000004,0.9,60.0,55.0,20.0,6125,2040,4085,6125,0.6669387755102041,1.3224972019953094,1.0,1.3224972019953094,1778,0.8715686274509804,1.0,1
"iteration_3","SCOPE_DATA_COLLECTION",1500,50,3070.0,3130.0,2,8837,6142,2190,8957,6214,2150,3413,2325,750,5425,3808,1447,0.613826657614845,0.620903309962498,0.6586253982703687,0.5872104842399805,1.2507868652526686,1.940473572053952,1.174420968479961,1.2507868652526686,1.2936490480359681,0.6454731907412833,0.7987096774193548,0.8,100.0,100.0,5446,1175,10548,131,1,10548,0.02405435181784796,8.51063829787234E-4,1.0,0.1,0.4,0.4,0.8,60.0,65.0,20.0,0.05,0.4,0.30000000000000004,0.9,60.0,55.0,20.0,2199,716,1483,2199,0.6743974533879036,2.13313902410034,1.5,1.4220926827335598,642,0.8966480446927374,1.0,1
"iteration_3","SCOPE_DATA_COLLECTION",1500,51,3130.0,3190.0,0,8892,6125,2199,8837,6142,2190,3062,2063,713,5849,4085,1483,0.6563797553585456,0.6644437215354587,0.6753187613843351,0.6365363878661496,1.3309842988969378,2.1376146001857834,1.2730727757322993,1.3309842988969378,1.4250764001238556,0.717504898758981,0.8739699466795928,0.8962131837307152,100.0,100.0,5318,616,11282,135,0,11282,0.025385483264385108,0.0,1.0,0.05,0.4,0.30000000000000004,0.9,60.0,55.0,20.0,0.05,0.4,0.30000000000000004,0.9,60.0,55.0,20.0,8844,3020,5824,8844,0.6585255540479421,0.6319724266514383,0.5,1.2639448533028765,2133,0.7062913907284768,1.0,1
"iteration_3","SCOPE_DATA_COLLECTION",1500,51,3130.0,3190.0,1,8892,6125,2199,8837,6142,2190,3062,2063,713,5849,4085,1483,0.6563797553585456,0.6644437215354587,0.6753187613843351,0.6365363878661496,1.3309842988969378,2.1376146001857834,1.2730727757322993,1.3309842988969378,1.4250764001238556,0.717504898758981,0.8739699466795928,0.8962131837307152,100.0,100.0,5318,616,11282,135,0,11282,0.025385483264385108,0.0,1.0,0.05,0.4,0.30000000000000004,0.9,60.0,55.0,20.0,0.05,0.4,0.30000000000000004,0.9,60.0,55.0,20.0,6179,2076,4103,6179,0.6640233047418677,1.3200263876467102,1.0,1.3200263876467102,1808,0.8709055876685935,1.0,1
"iteration_3","SCOPE_DATA_COLLECTION",1500,51,3130.0,3190.0,2,8892,6125,2199,8837,6142,2190,3062,2063,713,5849,4085,1483,0.6563797553585456,0.6644437215354587,0.6753187613843351,0.6365363878661496,1.3309842988969378,2.1376146001857834,1.2730727757322993,1.3309842988969378,1.4250764001238556,0.717504898758981,0.8739699466795928,0.8962131837307152,100.0,100.0,5318,616,11282,135,0,11282,0.025385483264385108,0.0,1.0,0.05,0.4,0.30000000000000004,0.9,60.0,55.0,20.0,0.05,0.4,0.30000000000000004,0.9,60.0,55.0,20.0,2108,692,1416,2108,0.6717267552182163,2.113487788391234,1.5,1.4089918589274895,617,0.8916184971098265,1.0,1
"iteration_3","SCOPE_DATA_COLLECTION",1500,52,3190.0,3250.0,0,8844,6179,2108,8892,6125,2199,3005,2058,698,5824,4103,1416,0.6596443538339563,0.6659633176432397,0.6698202459791863,0.631851454998177,1.3167199976471151,2.112905786802413,1.263702909996354,1.3167199976471151,1.4086038578682754,0.7064891846921797,0.8688046647230321,0.8925501432664756,97.5,100.0,5313,571,11247,95,1,11247,0.0178806700545831,0.0017513134851138354,1.0,0.05,0.4,0.30000000000000004,0.9,60.0,55.0,20.0,0.05,0.4,0.2,0.8,50.0,45.0,30.0,8779,3026,5753,8779,0.6553138170634468,0.6054579271744875,0.5,1.210915854348975,2060,0.6807666886979511,1.0,1
"iteration_3","SCOPE_DATA_COLLECTION",1500,52,3190.0,3250.0,1,8844,6179,2108,8892,6125,2199,3005,2058,698,5824,4103,1416,0.6596443538339563,0.6659633176432397,0.6698202459791863,0.631851454998177,1.3167199976471151,2.112905786802413,1.263702909996354,1.3167199976471151,1.4086038578682754,0.7064891846921797,0.8688046647230321,0.8925501432664756,97.5,100.0,5313,571,11247,95,1,11247,0.0178806700545831,0.0017513134851138354,1.0,0.05,0.4,0.30000000000000004,0.9,60.0,55.0,20.0,0.05,0.4,0.2,0.8,50.0,45.0,30.0,6048,2095,3953,6048,0.6536044973544973,1.2543672575845557,1.0,1.2543672575845557,1822,0.8696897374701671,1.0,1
"iteration_3","SCOPE_DATA_COLLECTION",1500,52,3190.0,3250.0,2,8844,6179,2108,8892,6125,2199,3005,2058,698,5824,4103,1416,0.6596443538339563,0.6659633176432397,0.6698202459791863,0.631851454998177,1.3167199976471151,2.112905786802413,1.263702909996354,1.3167199976471151,1.4086038578682754,0.7064891846921797,0.8688046647230321,0.8925501432664756,97.5,100.0,5313,571,11247,95,1,11247,0.0178806700545831,0.0017513134851138354,1.0,0.05,0.4,0.30000000000000004,0.9,60.0,55.0,20.0,0.05,0.4,0.2,0.8,50.0,45.0,30.0,2186,704,1482,2186,0.6779505946935042,2.0654432417829383,1.5,1.3769621611886256,623,0.8849431818181818,1.0,1
"iteration_3","SCOPE_DATA_COLLECTION",1500,53,3250.0,3310.0,0,8779,6048,2186,8844,6179,2108,3035,2102,698,5753,3953,1482,0.654642694583523,0.6528488852188274,0.6798165137614679,0.6037789574958475,1.2563082710400373,2.064115567508251,1.207557914991695,1.2563082710400373,1.3760770450055009,0.6797364085667216,0.8701236917221694,0.8825214899713467,100.0,100.0,5304,610,11099,88,1,11099,0.016591251885369532,0.001639344262295082,1.0,0.05,0.4,0.2,0.8,50.0,45.0,30.0,0.05,0.5,0.2,0.7000000000000001,50.0,55.0,20.0,8925,3054,5871,8925,0.6578151260504201,0.6335337192021148,0.5,1.2670674384042295,2188,0.7164374590700721,1.0,1
"iteration_3","SCOPE_DATA_COLLECTION",1500,53,3250.0,3310.0,1,8779,6048,2186,8844,6179,2108,3035,2102,698,5753,3953,1482,0.654642694583523,0.6528488852188274,0.6798165137614679,0.6037789574958475,1.2563082710400373,2.064115567508251,1.207557914991695,1.2563082710400373,1.3760770450055009,0.6797364085667216,0.8701236917221694,0.8825214899713467,100.0,100.0,5304,610,11099,88,1,11099,0.016591251885369532,0.001639344262295082,1.0,0.05,0.4,0.2,0.8,50.0,45.0,30.0,0.05,0.5,0.2,0.7000000000000001,50.0,55.0,20.0,6281,2070,4211,6281,0.6704346441649419,1.2697820367050507,1.0,1.2697820367050507,1780,0.8599033816425121,1.0,1
"iteration_3","SCOPE_DATA_COLLECTION",1500,53,3250.0,3310.0,2,8779,6048,2186,8844,6179,2108,3035,2102,698,5753,3953,1482,0.654642694583523,0.6528488852188274,0.6798165137614679,0.6037789574958475,1.2563082710400373,2.064115567508251,1.207557914991695,1.2563082710400373,1.3760770450055009,0.6797364085667216,0.8701236917221694,0.8825214899713467,100.0,100.0,5304,610,11099,88,1,11099,0.016591251885369532,0.001639344262295082,1.0,0.05,0.4,0.2,0.8,50.0,45.0,30.0,0.05,0.5,0.2,0.7000000000000001,50.0,55.0,20.0,2175,682,1493,2175,0.6864367816091954,2.095361620869234,1.5,1.396907747246156,609,0.8929618768328446,1.0,1
"iteration_3","SCOPE_DATA_COLLECTION",1500,54,3310.0,3370.0,0,8925,6281,2175,8779,6048,2186,3059,2077,683,5871,4211,1493,0.6574468085106383,0.6696882951653944,0.6861213235294118,0.6350748533963901,1.27048070501802,2.095945470701438,1.2701497067927803,1.27048070501802,1.3972969804676254,0.7188623733246159,0.861819932595089,0.8931185944363104,100.0,100.0,5324,584,11473,101,1,11473,0.01897069872276484,0.0017123287671232876,1.0,0.05,0.5,0.2,0.7000000000000001,50.0,55.0,20.0,0.05,0.4,0.30000000000000004,0.6000000000000001,50.0,65.0,20.0,8830,3051,5779,8830,0.6544733861834655,0.5915403453943862,0.5,1.1830806907887723,1991,0.6525729269092101,1.0,1
"iteration_3","SCOPE_DATA_COLLECTION",1500,54,3310.0,3370.0,1,8925,6281,2175,8779,6048,2186,3059,2077,683,5871,4211,1493,0.6574468085106383,0.6696882951653944,0.6861213235294118,0.6350748533963901,1.27048070501802,2.095945470701438,1.2701497067927803,1.27048070501802,1.3972969804676254,0.7188623733246159,0.861819932595089,0.8931185944363104,100.0,100.0,5324,584,11473,101,1,11473,0.01897069872276484,0.0017123287671232876,1.0,0.05,0.5,0.2,0.7000000000000001,50.0,55.0,20.0,0.05,0.4,0.30000000000000004,0.6000000000000001,50.0,65.0,20.0,6216,2080,4136,6216,0.6653796653796654,1.2706169015662385,1.0,1.2706169015662385,1790,0.8605769230769231,1.0,1
"iteration_3","SCOPE_DATA_COLLECTION",1500,54,3310.0,3370.0,2,8925,6281,2175,8779,6048,2186,3059,2077,683,5871,4211,1493,0.6574468085106383,0.6696882951653944,0.6861213235294118,0.6350748533963901,1.27048070501802,2.095945470701438,1.2701497067927803,1.27048070501802,1.3972969804676254,0.7188623733246159,0.861819932595089,0.8931185944363104,100.0,100.0,5324,584,11473,101,1,11473,0.01897069872276484,0.0017123287671232876,1.0,0.05,0.5,0.2,0.7000000000000001,50.0,55.0,20.0,0.05,0.4,0.30000000000000004,0.6000000000000001,50.0,65.0,20.0,2119,676,1443,2119,0.6809815950920245,2.07397308731419,1.5,1.3826487248761268,598,0.8846153846153846,1.0,1
"iteration_3","SCOPE_DATA_COLLECTION",1500,55,3370.0,3430.0,0,8830,6216,2119,8925,6281,2175,3047,2083,671,5779,4136,1443,0.6547699977339678,0.6650586911078952,0.6825922421948912,0.5911561997088629,1.2724505381494189,2.070885611605544,1.1823123994177258,1.2724505381494189,1.3805904077370295,0.6511322612405644,0.8612578012481997,0.8852459016393442,97.5,100.0,5272,637,11256,102,0,11256,0.019347496206373292,0.0,1.0,0.05,0.4,0.30000000000000004,0.6000000000000001,50.0,65.0,20.0,0.15000000000000002,0.30000000000000004,0.30000000000000004,0.7000000000000001,40.0,65.0,20.0,8971,3793,5178,8971,0.5771931780180581,0.5129476046659387,0.5,1.0258952093318774,2123,0.5597152649617717,1.0,1
"iteration_3","SCOPE_DATA_COLLECTION",1500,55,3370.0,3430.0,1,8830,6216,2119,8925,6281,2175,3047,2083,671,5779,4136,1443,0.6547699977339678,0.6650586911078952,0.6825922421948912,0.5911561997088629,1.2724505381494189,2.070885611605544,1.1823123994177258,1.2724505381494189,1.3805904077370295,0.6511322612405644,0.8612578012481997,0.8852459016393442,97.5,100.0,5272,637,11256,102,0,11256,0.019347496206373292,0.0,1.0,0.05,0.4,0.30000000000000004,0.6000000000000001,50.0,65.0,20.0,0.15000000000000002,0.30000000000000004,0.30000000000000004,0.7000000000000001,40.0,65.0,20.0,6265,2517,3748,6265,0.598244213886672,1.1287271904807028,1.0,1.1287271904807028,1854,0.7365911799761621,1.0,1
"iteration_3","SCOPE_DATA_COLLECTION",1500,55,3370.0,3430.0,2,8830,6216,2119,8925,6281,2175,3047,2083,671,5779,4136,1443,0.6547699977339678,0.6650586911078952,0.6825922421948912,0.5911561997088629,1.2724505381494189,2.070885611605544,1.1823123994177258,1.2724505381494189,1.3805904077370295,0.6511322612405644,0.8612578012481997,0.8852459016393442,97.5,100.0,5272,637,11256,102,0,11256,0.019347496206373292,0.0,1.0,0.05,0.4,0.30000000000000004,0.6000000000000001,50.0,65.0,20.0,0.15000000000000002,0.30000000000000004,0.30000000000000004,0.7000000000000001,40.0,65.0,20.0,2075,821,1254,2075,0.6043373493975903,1.8120489506207795,1.5,1.2080326337471863,609,0.7417783191230207,1.0,1
"iteration_3","SCOPE_DATA_COLLECTION",1500,56,3430.0,3490.0,0,8971,6265,2075,8830,6216,2119,3785,2489,827,5178,3748,1254,0.5777083565770389,0.6009299342632676,0.6025949062950504,0.5122288607714436,1.121651255862916,1.8159715396291831,1.0244577215428872,1.121651255862916,1.210647693086122,0.5582562747688243,0.7324226597026918,0.7436517533252721,100.0,100.0,5466,1780,10065,115,0,10065,0.021039151115989755,0.0,1.0,0.15000000000000002,0.30000000000000004,0.30000000000000004,0.7000000000000001,40.0,65.0,20.0,0.05,0.2,0.4,0.6000000000000001,40.0,75.0,30.0,8880,3134,5746,8880,0.6470720720720721,0.5755162289748135,0.5,1.151032457949627,1981,0.6320995532865348,1.0,1
"iteration_3","SCOPE_DATA_COLLECTION",1500,56,3430.0,3490.0,1,8971,6265,2075,8830,6216,2119,3785,2489,827,5178,3748,1254,0.5777083565770389,0.6009299342632676,0.6025949062950504,0.5122288607714436,1.121651255862916,1.8159715396291831,1.0244577215428872,1.121651255862916,1.210647693086122,0.5582562747688243,0.7324226597026918,0.7436517533252721,100.0,100.0,5466,1780,10065,115,0,10065,0.021039151115989755,0.0,1.0,0.15000000000000002,0.30000000000000004,0.30000000000000004,0.7000000000000001,40.0,65.0,20.0,0.05,0.2,0.4,0.6000000000000001,40.0,75.0,30.0,6125,2062,4063,6125,0.6633469387755102,1.3279134083229533,1.0,1.3279134083229533,1807,0.876333656644035,1.0,1
"iteration_3","SCOPE_DATA_COLLECTION",1500,56,3430.0,3490.0,2,8971,6265,2075,8830,6216,2119,3785,2489,827,5178,3748,1254,0.5777083565770389,0.6009299342632676,0.6025949062950504,0.5122288607714436,1.121651255862916,1.8159715396291831,1.0244577215428872,1.121651255862916,1.210647693086122,0.5582562747688243,0.7324226597026918,0.7436517533252721,100.0,100.0,5466,1780,10065,115,0,10065,0.021039151115989755,0.0,1.0,0.15000000000000002,0.30000000000000004,0.30000000000000004,0.7000000000000001,40.0,65.0,20.0,0.05,0.2,0.4,0.6000000000000001,40.0,75.0,30.0,2099,706,1393,2099,0.6636493568365889,2.0804170550733625,1.5,1.3869447033822417,624,0.8838526912181303,1.0,1
"iteration_3","SCOPE_DATA_COLLECTION",1500,57,3490.0,3550.0,0,8880,6125,2099,8971,6265,2075,3144,2070,707,5746,4063,1393,0.6463442069741282,0.6624816566117724,0.6633333333333333,0.5766690097337657,1.3295000612642052,2.0805198442260444,1.1533380194675313,1.3295000612642052,1.3870132294840296,0.6335877862595419,0.8777777777777778,0.884016973125884,100.0,100.0,5439,576,11089,113,0,11089,0.020775877918735062,0.0,1.0,0.05,0.2,0.4,0.6000000000000001,40.0,75.0,30.0,0.15000000000000002,0.9,0.5,0.1,85.0,25.0,95.0,8967,3639,5328,8967,0.5941786550685848,0.5869585825741659,0.5,1.1739171651483318,2244,0.6166529266281946,1.0,1
"iteration_3","SCOPE_DATA_COLLECTION",1500,57,3490.0,3550.0,1,8880,6125,2099,8971,6265,2075,3144,2070,707,5746,4063,1393,0.6463442069741282,0.6624816566117724,0.6633333333333333,0.5766690097337657,1.3295000612642052,2.0805198442260444,1.1533380194675313,1.3295000612642052,1.3870132294840296,0.6335877862595419,0.8777777777777778,0.884016973125884,100.0,100.0,5439,576,11089,113,0,11089,0.020775877918735062,0.0,1.0,0.05,0.2,0.4,0.6000000000000001,40.0,75.0,30.0,0.15000000000000002,0.9,0.5,0.1,85.0,25.0,95.0,6156,2505,3651,6156,0.5930799220272904,1.1880301310290355,1.0,1.1880301310290355,1817,0.7253493013972055,1.0,1
"iteration_3","SCOPE_DATA_COLLECTION",1500,57,3490.0,3550.0,2,8880,6125,2099,8971,6265,2075,3144,2070,707,5746,4063,1393,0.6463442069741282,0.6624816566117724,0.6633333333333333,0.5766690097337657,1.3295000612642052,2.0805198442260444,1.1533380194675313,1.3295000612642052,1.3870132294840296,0.6335877862595419,0.8777777777777778,0.884016973125884,100.0,100.0,5439,576,11089,113,0,11089,0.020775877918735062,0.0,1.0,0.05,0.2,0.4,0.6000000000000001,40.0,75.0,30.0,0.15000000000000002,0.9,0.5,0.1,85.0,25.0,95.0,2146,875,1271,2146,0.592264678471575,1.7154409412132519,1.5,1.143627294142168,639,0.7302857142857143,1.0,1
"iteration_3","SCOPE_DATA_COLLECTION",1500,58,3550.0,3619.2557202416765,0,8967,6156,2146,8880,6125,2099,3625,2503,872,5328,3651,1271,0.5951077850999665,0.5932726681832954,0.5930937937470835,0.5852170459678085,1.1870763569844867,1.7213372692896487,1.170434091935617,1.1870763569844867,1.1475581795264325,0.6148965517241379,0.724730323611666,0.731651376146789,100.0,100.0,5293,1803,10173,75,2,10173,0.014169658038919328,0.0011092623405435386,1.0,0.15000000000000002,0.9,0.5,0.1,85.0,25.0,95.0,0.15000000000000002,0.9,0.5,0.1,85.0,25.0,95.0,7388,3018,4339,7357,0.5897784422998504,0.6017205600949163,0.5,1.2034411201898325,1935,0.6411530815109344,0.9958040064970222,0
"iteration_3","SCOPE_DATA_COLLECTION",1500,58,3550.0,3619.2557202416765,1,8967,6156,2146,8880,6125,2099,3625,2503,872,5328,3651,1271,0.5951077850999665,0.5932726681832954,0.5930937937470835,0.5852170459678085,1.1870763569844867,1.7213372692896487,1.170434091935617,1.1870763569844867,1.1475581795264325,0.6148965517241379,0.724730323611666,0.731651376146789,100.0,100.0,5293,1803,10173,75,2,10173,0.014169658038919328,0.0011092623405435386,1.0,0.15000000000000002,0.9,0.5,0.1,85.0,25.0,95.0,0.15000000000000002,0.9,0.5,0.1,85.0,25.0,95.0,5193,2015,3134,5149,0.6086618760924452,1.187437136615821,1.0,1.187437136615821,1439,0.7141439205955334,0.991527055651839,0
"iteration_3","SCOPE_DATA_COLLECTION",1500,58,3550.0,3619.2557202416765,2,8967,6156,2146,8880,6125,2099,3625,2503,872,5328,3651,1271,0.5951077850999665,0.5932726681832954,0.5930937937470835,0.5852170459678085,1.1870763569844867,1.7213372692896487,1.170434091935617,1.1870763569844867,1.1475581795264325,0.6148965517241379,0.724730323611666,0.731651376146789,100.0,100.0,5293,1803,10173,75,2,10173,0.014169658038919328,0.0011092623405435386,1.0,0.15000000000000002,0.9,0.5,0.1,85.0,25.0,95.0,0.15000000000000002,0.9,0.5,0.1,85.0,25.0,95.0,1776,700,1054,1754,0.6009122006841505,1.7171717454174125,1.5,1.1447811636116083,510,0.7285714285714285,0.9876126126126126,0
"iteration_3","SCOPE_DATA_COLLECTION",1600,0,70.0,130.0,0,8917,5661,2069,0,0,0,8050,4962,1751,821,636,273,0.09254875436816594,0.11361200428724544,0.13488142292490118,0.3511865971467886,0.6880549136378639,1.0251160225468372,0.7023731942935773,0.6880549136378639,0.6834106816978914,0.29403726708074535,0.3401854091092302,0.3300970873786408,100.0,100.0,5425,6752,4470,162,9,1559,0.029861751152073734,0.0013329383886255925,0.34876957494407157,0.6,0.5,0.7,0.4,85.0,80.0,90.0,0.45,0.8,0.5,0.4,40.0,75.0,20.0,9726,6159,3567,9726,0.36674892041949414,0.4227498778124567,0.5,0.8454997556249134,2441,0.3963305731449911,1.0,1
"iteration_3","SCOPE_DATA_COLLECTION",1600,0,70.0,130.0,1,8917,5661,2069,0,0,0,8050,4962,1751,821,636,273,0.09254875436816594,0.11361200428724544,0.13488142292490118,0.3511865971467886,0.6880549136378639,1.0251160225468372,0.7023731942935773,0.6880549136378639,0.6834106816978914,0.29403726708074535,0.3401854091092302,0.3300970873786408,100.0,100.0,5425,6752,4470,162,9,1559,0.029861751152073734,0.0013329383886255925,0.34876957494407157,0.6,0.5,0.7,0.4,85.0,80.0,90.0,0.45,0.8,0.5,0.4,40.0,75.0,20.0,6403,4003,2400,6403,0.37482430110885523,0.8293217089598851,1.0,0.8293217089598851,1791,0.447414439170622,1.0,1
"iteration_3","SCOPE_DATA_COLLECTION",1600,0,70.0,130.0,2,8917,5661,2069,0,0,0,8050,4962,1751,821,636,273,0.09254875436816594,0.11361200428724544,0.13488142292490118,0.3511865971467886,0.6880549136378639,1.0251160225468372,0.7023731942935773,0.6880549136378639,0.6834106816978914,0.29403726708074535,0.3401854091092302,0.3300970873786408,100.0,100.0,5425,6752,4470,162,9,1559,0.029861751152073734,0.0013329383886255925,0.34876957494407157,0.6,0.5,0.7,0.4,85.0,80.0,90.0,0.45,0.8,0.5,0.4,40.0,75.0,20.0,2363,1431,932,2363,0.39441388066017774,1.2532054213700092,1.5,0.8354702809133395,641,0.4479385045422781,1.0,1
"iteration_3","SCOPE_DATA_COLLECTION",1600,1,130.0,190.0,0,9726,6403,2363,8917,5661,2069,6175,4003,1442,3568,2407,935,0.366211639125526,0.37550702028081123,0.3933529659234329,0.4233480687938189,0.8264684096231558,1.2601206248470327,0.8466961375876378,0.8264684096231558,0.8400804165646885,0.3962753036437247,0.4446665001249063,0.4500693481276006,100.0,100.0,5517,5838,7137,206,4,6700,0.03733913358709443,6.851661527920521E-4,0.9387697912288077,0.45,0.8,0.5,0.4,40.0,75.0,20.0,0.45,0.9,0.6000000000000001,0.4,40.0,85.0,20.0,9845,6352,3493,9845,0.3547993905535805,0.4616585810732276,0.5,0.9233171621464552,2660,0.41876574307304787,1.0,1
"iteration_3","SCOPE_DATA_COLLECTION",1600,1,130.0,190.0,1,9726,6403,2363,8917,5661,2069,6175,4003,1442,3568,2407,935,0.366211639125526,0.37550702028081123,0.3933529659234329,0.4233480687938189,0.8264684096231558,1.2601206248470327,0.8466961375876378,0.8264684096231558,0.8400804165646885,0.3962753036437247,0.4446665001249063,0.4500693481276006,100.0,100.0,5517,5838,7137,206,4,6700,0.03733913358709443,6.851661527920521E-4,0.9387697912288077,0.45,0.8,0.5,0.4,40.0,75.0,20.0,0.45,0.9,0.6000000000000001,0.4,40.0,85.0,20.0,6240,3894,2346,6240,0.37596153846153846,0.8639264521756875,1.0,0.8639264521756875,1755,0.450693374422188,1.0,1
"iteration_3","SCOPE_DATA_COLLECTION",1600,1,130.0,190.0,2,9726,6403,2363,8917,5661,2069,6175,4003,1442,3568,2407,935,0.366211639125526,0.37550702028081123,0.3933529659234329,0.4233480687938189,0.8264684096231558,1.2601206248470327,0.8466961375876378,0.8264684096231558,0.8400804165646885,0.3962753036437247,0.4446665001249063,0.4500693481276006,100.0,100.0,5517,5838,7137,206,4,6700,0.03733913358709443,6.851661527920521E-4,0.9387697912288077,0.45,0.8,0.5,0.4,40.0,75.0,20.0,0.45,0.9,0.6000000000000001,0.4,40.0,85.0,20.0,2403,1467,936,2403,0.3895131086142322,1.327252117277957,1.5,0.8848347448519713,684,0.4662576687116564,1.0,1
"iteration_3","SCOPE_DATA_COLLECTION",1600,2,190.0,250.0,0,9845,6240,2403,9726,6403,2363,6328,3894,1464,3493,2346,936,0.3556664290805417,0.37596153846153846,0.39,0.4594419710258093,0.8623191558205816,1.321742888716782,0.9188839420516186,0.8623191558205816,0.8811619258111879,0.41624525916561317,0.45017976373908575,0.4644808743169399,100.0,100.0,5588,5753,7147,217,3,6555,0.03883321403006442,5.214670606640013E-4,0.9171680425353295,0.45,0.9,0.6000000000000001,0.4,40.0,85.0,20.0,0.45,0.9,0.6000000000000001,0.4,40.0,85.0,20.0,9721,5942,3779,9721,0.38874601378459006,0.43179709252476906,0.5,0.8635941850495381,2487,0.4185459441265567,1.0,1
"iteration_3","SCOPE_DATA_COLLECTION",1600,2,190.0,250.0,1,9845,6240,2403,9726,6403,2363,6328,3894,1464,3493,2346,936,0.3556664290805417,0.37596153846153846,0.39,0.4594419710258093,0.8623191558205816,1.321742888716782,0.9188839420516186,0.8623191558205816,0.8811619258111879,0.41624525916561317,0.45017976373908575,0.4644808743169399,100.0,100.0,5588,5753,7147,217,3,6555,0.03883321403006442,5.214670606640013E-4,0.9171680425353295,0.45,0.9,0.6000000000000001,0.4,40.0,85.0,20.0,0.45,0.9,0.6000000000000001,0.4,40.0,85.0,20.0,6459,3938,2521,6459,0.39030809722867316,0.8646009791500883,1.0,0.8646009791500883,1858,0.4718131030980193,1.0,1
"iteration_3","SCOPE_DATA_COLLECTION",1600,2,190.0,250.0,2,9845,6240,2403,9726,6403,2363,6328,3894,1464,3493,2346,936,0.3556664290805417,0.37596153846153846,0.39,0.4594419710258093,0.8623191558205816,1.321742888716782,0.9188839420516186,0.8623191558205816,0.8811619258111879,0.41624525916561317,0.45017976373908575,0.4644808743169399,100.0,100.0,5588,5753,7147,217,3,6555,0.03883321403006442,5.214670606640013E-4,0.9171680425353295,0.45,0.9,0.6000000000000001,0.4,40.0,85.0,20.0,0.45,0.9,0.6000000000000001,0.4,40.0,85.0,20.0,2325,1370,955,2325,0.410752688172043,1.242404516840351,1.5,0.8282696778935673,608,0.44379562043795623,1.0,1
"iteration_3","SCOPE_DATA_COLLECTION",1600,3,250.0,310.0,0,9721,6459,2325,9845,6240,2403,5952,3943,1377,3779,2521,955,0.38834652142636933,0.3900061881188119,0.4095197255574614,0.43293397163161657,0.8673728574228091,1.2461586623678582,0.8658679432632331,0.8673728574228091,0.8307724415785721,0.4205309139784946,0.4737509510524981,0.44517066085693535,100.0,100.0,5540,5800,7165,151,3,7101,0.027256317689530685,5.172413793103448E-4,0.9910676901605024,0.45,0.9,0.6000000000000001,0.4,40.0,85.0,20.0,0.55,0.9,0.7000000000000001,0.30000000000000004,30.0,95.0,30.0,9913,7114,2799,9913,0.28235650156360337,0.4146176338434752,0.5,0.8292352676869504,2578,0.3623840314872083,1.0,1
"iteration_3","SCOPE_DATA_COLLECTION",1600,3,250.0,310.0,1,9721,6459,2325,9845,6240,2403,5952,3943,1377,3779,2521,955,0.38834652142636933,0.3900061881188119,0.4095197255574614,0.43293397163161657,0.8673728574228091,1.2461586623678582,0.8658679432632331,0.8673728574228091,0.8307724415785721,0.4205309139784946,0.4737509510524981,0.44517066085693535,100.0,100.0,5540,5800,7165,151,3,7101,0.027256317689530685,5.172413793103448E-4,0.9910676901605024,0.45,0.9,0.6000000000000001,0.4,40.0,85.0,20.0,0.55,0.9,0.7000000000000001,0.30000000000000004,30.0,95.0,30.0,6309,4453,1856,6309,0.2941829132984625,0.7877125104933371,1.0,0.7877125104933371,1808,0.40601841455198745,1.0,1
"iteration_3","SCOPE_DATA_COLLECTION",1600,3,250.0,310.0,2,9721,6459,2325,9845,6240,2403,5952,3943,1377,3779,2521,955,0.38834652142636933,0.3900061881188119,0.4095197255574614,0.43293397163161657,0.8673728574228091,1.2461586623678582,0.8658679432632331,0.8673728574228091,0.8307724415785721,0.4205309139784946,0.4737509510524981,0.44517066085693535,100.0,100.0,5540,5800,7165,151,3,7101,0.027256317689530685,5.172413793103448E-4,0.9910676901605024,0.45,0.9,0.6000000000000001,0.4,40.0,85.0,20.0,0.55,0.9,0.7000000000000001,0.30000000000000004,30.0,95.0,30.0,2274,1582,692,2274,0.3043095866314864,1.16626240223102,1.5,0.7775082681540133,629,0.3975979772439949,1.0,1
"iteration_3","SCOPE_DATA_COLLECTION",1600,4,310.0,370.0,0,9913,6309,2274,9721,6459,2325,7095,4456,1573,2799,1855,692,0.28289872650090964,0.2939312311836476,0.3055187637969095,0.4130388828010466,0.7849863653061971,1.1625251694913,0.8260777656020932,0.7849863653061971,0.7750167796608666,0.36138125440451024,0.4046229802513465,0.39669421487603307,97.5,100.0,5522,7148,5826,147,7,5192,0.02662078956899674,9.7929490766648E-4,0.8911774802608994,0.55,0.9,0.7000000000000001,0.30000000000000004,30.0,95.0,30.0,0.55,0.9,0.7000000000000001,0.30000000000000004,30.0,95.0,30.0,9833,6837,2996,9833,0.30468829451845825,0.4381401944182177,0.5,0.8762803888364354,2554,0.37355565306420946,1.0,1
"iteration_3","SCOPE_DATA_COLLECTION",1600,4,310.0,370.0,1,9913,6309,2274,9721,6459,2325,7095,4456,1573,2799,1855,692,0.28289872650090964,0.2939312311836476,0.3055187637969095,0.4130388828010466,0.7849863653061971,1.1625251694913,0.8260777656020932,0.7849863653061971,0.7750167796608666,0.36138125440451024,0.4046229802513465,0.39669421487603307,97.5,100.0,5522,7148,5826,147,7,5192,0.02662078956899674,9.7929490766648E-4,0.8911774802608994,0.55,0.9,0.7000000000000001,0.30000000000000004,30.0,95.0,30.0,0.55,0.9,0.7000000000000001,0.30000000000000004,30.0,95.0,30.0,6382,4414,1968,6382,0.3083672829833908,0.8205239504346281,1.0,0.8205239504346281,1824,0.4132306298142275,1.0,1
"iteration_3","SCOPE_DATA_COLLECTION",1600,4,310.0,370.0,2,9913,6309,2274,9721,6459,2325,7095,4456,1573,2799,1855,692,0.28289872650090964,0.2939312311836476,0.3055187637969095,0.4130388828010466,0.7849863653061971,1.1625251694913,0.8260777656020932,0.7849863653061971,0.7750167796608666,0.36138125440451024,0.4046229802513465,0.39669421487603307,97.5,100.0,5522,7148,5826,147,7,5192,0.02662078956899674,9.7929490766648E-4,0.8911774802608994,0.55,0.9,0.7000000000000001,0.30000000000000004,30.0,95.0,30.0,0.55,0.9,0.7000000000000001,0.30000000000000004,30.0,95.0,30.0,2305,1564,741,2305,0.32147505422993494,1.214434534016613,1.5,0.809623022677742,657,0.420076726342711,1.0,1
"iteration_3","SCOPE_DATA_COLLECTION",1600,5,370.0,430.0,0,9833,6382,2305,9913,6309,2274,6850,4408,1568,2996,1969,741,0.3042860044688198,0.30876587737180494,0.3209181463837159,0.43930859072284784,0.8208414704882735,1.218989052747932,0.8786171814456957,0.8208414704882735,0.8126593684986213,0.3743065693430657,0.4135662431941924,0.4215561224489796,100.0,100.0,5422,7113,5985,137,5,5564,0.025267428992991517,7.029382820188388E-4,0.9296574770258981,0.55,0.9,0.7000000000000001,0.30000000000000004,30.0,95.0,30.0,0.55,0.1,0.9,0.6000000000000001,90.0,90.0,30.0,9739,7036,2703,9739,0.27754389567717425,0.35906922044932804,0.5,0.7181384408986561,2275,0.3233371233655486,1.0,1
"iteration_3","SCOPE_DATA_COLLECTION",1600,5,370.0,430.0,1,9833,6382,2305,9913,6309,2274,6850,4408,1568,2996,1969,741,0.3042860044688198,0.30876587737180494,0.3209181463837159,0.43930859072284784,0.8208414704882735,1.218989052747932,0.8786171814456957,0.8208414704882735,0.8126593684986213,0.3743065693430657,0.4135662431941924,0.4215561224489796,100.0,100.0,5422,7113,5985,137,5,5564,0.025267428992991517,7.029382820188388E-4,0.9296574770258981,0.55,0.9,0.7000000000000001,0.30000000000000004,30.0,95.0,30.0,0.55,0.1,0.9,0.6000000000000001,90.0,90.0,30.0,6419,4592,1827,6419,0.2846237731733915,0.7716361130629731,1.0,0.7716361130629731,1868,0.406794425087108,1.0,1
"iteration_3","SCOPE_DATA_COLLECTION",1600,5,370.0,430.0,2,9833,6382,2305,9913,6309,2274,6850,4408,1568,2996,1969,741,0.3042860044688198,0.30876587737180494,0.3209181463837159,0.43930859072284784,0.8208414704882735,1.218989052747932,0.8786171814456957,0.8208414704882735,0.8126593684986213,0.3743065693430657,0.4135662431941924,0.4215561224489796,100.0,100.0,5422,7113,5985,137,5,5564,0.025267428992991517,7.029382820188388E-4,0.9296574770258981,0.55,0.9,0.7000000000000001,0.30000000000000004,30.0,95.0,30.0,0.55,0.1,0.9,0.6000000000000001,90.0,90.0,30.0,2308,1621,687,2308,0.29766031195840553,1.1892987057083062,1.5,0.7928658038055375,678,0.41826033312769895,1.0,1
"iteration_3","SCOPE_DATA_COLLECTION",1600,6,430.0,490.0,0,9739,6419,2308,9833,6382,2305,7048,4591,1621,2703,1827,687,0.27720233822172086,0.2846681209099408,0.29766031195840553,0.36056858647663514,0.7752119165573236,1.186797499477816,0.7211371729532703,0.7752119165573236,0.7911983329852107,0.32562429057888764,0.408189936832934,0.4164096236890808,100.0,100.0,5644,7102,5720,146,2,5069,0.0258681785967399,2.81610813855252E-4,0.8861888111888112,0.55,0.1,0.9,0.6000000000000001,90.0,90.0,30.0,0.55,0.1,0.8,0.6000000000000001,90.0,80.0,30.0,9866,7294,2572,9866,0.2606932900871681,0.35354755205090543,0.5,0.7070951041018109,2328,0.31916643816835755,1.0,1
"iteration_3","SCOPE_DATA_COLLECTION",1600,6,430.0,490.0,1,9739,6419,2308,9833,6382,2305,7048,4591,1621,2703,1827,687,0.27720233822172086,0.2846681209099408,0.29766031195840553,0.36056858647663514,0.7752119165573236,1.186797499477816,0.7211371729532703,0.7752119165573236,0.7911983329852107,0.32562429057888764,0.408189936832934,0.4164096236890808,100.0,100.0,5644,7102,5720,146,2,5069,0.0258681785967399,2.81610813855252E-4,0.8861888111888112,0.55,0.1,0.9,0.6000000000000001,90.0,90.0,30.0,0.55,0.1,0.8,0.6000000000000001,90.0,80.0,30.0,6200,4542,1658,6200,0.26741935483870966,0.7890946428728519,1.0,0.7890946428728519,1869,0.41149273447820345,1.0,1
"iteration_3","SCOPE_DATA_COLLECTION",1600,6,430.0,490.0,2,9739,6419,2308,9833,6382,2305,7048,4591,1621,2703,1827,687,0.27720233822172086,0.2846681209099408,0.29766031195840553,0.36056858647663514,0.7752119165573236,1.186797499477816,0.7211371729532703,0.7752119165573236,0.7911983329852107,0.32562429057888764,0.408189936832934,0.4164096236890808,100.0,100.0,5644,7102,5720,146,2,5069,0.0258681785967399,2.81610813855252E-4,0.8861888111888112,0.55,0.1,0.9,0.6000000000000001,90.0,90.0,30.0,0.55,0.1,0.8,0.6000000000000001,90.0,80.0,30.0,2320,1647,673,2320,0.29008620689655173,1.1486142206914896,1.5,0.7657428137943264,637,0.3867638129933212,1.0,1
"iteration_3","SCOPE_DATA_COLLECTION",1600,7,490.0,550.0,0,9866,6200,2320,9739,6419,2308,7271,4512,1642,2572,1658,673,0.2613024484405161,0.26871961102106967,0.29071274298056154,0.3531374359736404,0.784526350826735,1.1530556049651424,0.7062748719472808,0.784526350826735,0.7687037366434283,0.3181130518498143,0.40979609929078015,0.3915956151035323,97.5,100.0,5717,7007,5662,177,5,4721,0.0309602938604163,7.135721421435707E-4,0.8338043094312964,0.55,0.1,0.8,0.6000000000000001,90.0,80.0,30.0,0.55,0.1,0.8,0.5,90.0,70.0,20.0,9716,7202,2514,9716,0.2587484561547962,0.40252537667024885,0.5,0.8050507533404977,2447,0.33976673146348235,1.0,1
"iteration_3","SCOPE_DATA_COLLECTION",1600,7,490.0,550.0,1,9866,6200,2320,9739,6419,2308,7271,4512,1642,2572,1658,673,0.2613024484405161,0.26871961102106967,0.29071274298056154,0.3531374359736404,0.784526350826735,1.1530556049651424,0.7062748719472808,0.784526350826735,0.7687037366434283,0.3181130518498143,0.40979609929078015,0.3915956151035323,97.5,100.0,5717,7007,5662,177,5,4721,0.0309602938604163,7.135721421435707E-4,0.8338043094312964,0.55,0.1,0.8,0.6000000000000001,90.0,80.0,30.0,0.55,0.1,0.8,0.5,90.0,70.0,20.0,6337,4606,1731,6337,0.27315764557361527,0.8295540553805781,1.0,0.8295540553805781,1968,0.4272687798523665,1.0,1
"iteration_3","SCOPE_DATA_COLLECTION",1600,7,490.0,550.0,2,9866,6200,2320,9739,6419,2308,7271,4512,1642,2572,1658,673,0.2613024484405161,0.26871961102106967,0.29071274298056154,0.3531374359736404,0.784526350826735,1.1530556049651424,0.7062748719472808,0.784526350826735,0.7687037366434283,0.3181130518498143,0.40979609929078015,0.3915956151035323,97.5,100.0,5717,7007,5662,177,5,4721,0.0309602938604163,7.135721421435707E-4,0.8338043094312964,0.55,0.1,0.8,0.6000000000000001,90.0,80.0,30.0,0.55,0.1,0.8,0.5,90.0,70.0,20.0,2307,1631,676,2307,0.2930212397052449,1.188157196629438,1.5,0.7921047977529586,660,0.404659717964439,1.0,1
"iteration_3","SCOPE_DATA_COLLECTION",1600,8,550.0,610.0,0,9716,6337,2307,9866,6200,2320,7216,4633,1637,2514,1731,676,0.25837615621788285,0.27199874292897547,0.2922611327280588,0.4020846415973429,0.830492469126634,1.18573969916175,0.8041692831946858,0.830492469126634,0.7904931327745,0.33938470066518844,0.4269371897258796,0.40134392180818573,100.0,100.0,5719,6949,5692,145,5,4771,0.02535408288162266,7.19527989638797E-4,0.8381939564300773,0.55,0.1,0.8,0.5,90.0,70.0,20.0,0.65,0.2,0.8,0.4,80.0,70.0,20.0,9973,8855,1118,9973,0.112102677228517,0.3540349077393761,0.5,0.7080698154787523,2540,0.2868435911914173,1.0,1
"iteration_3","SCOPE_DATA_COLLECTION",1600,8,550.0,610.0,1,9716,6337,2307,9866,6200,2320,7216,4633,1637,2514,1731,676,0.25837615621788285,0.27199874292897547,0.2922611327280588,0.4020846415973429,0.830492469126634,1.18573969916175,0.8041692831946858,0.830492469126634,0.7904931327745,0.33938470066518844,0.4269371897258796,0.40134392180818573,100.0,100.0,5719,6949,5692,145,5,4771,0.02535408288162266,7.19527989638797E-4,0.8381939564300773,0.55,0.1,0.8,0.5,90.0,70.0,20.0,0.65,0.2,0.8,0.4,80.0,70.0,20.0,6391,5614,777,6391,0.12157721796276014,0.7065803522756902,1.0,0.7065803522756902,1857,0.3307801923762024,1.0,1
"iteration_3","SCOPE_DATA_COLLECTION",1600,8,550.0,610.0,2,9716,6337,2307,9866,6200,2320,7216,4633,1637,2514,1731,676,0.25837615621788285,0.27199874292897547,0.2922611327280588,0.4020846415973429,0.830492469126634,1.18573969916175,0.8041692831946858,0.830492469126634,0.7904931327745,0.33938470066518844,0.4269371897258796,0.40134392180818573,100.0,100.0,5719,6949,5692,145,5,4771,0.02535408288162266,7.19527989638797E-4,0.8381939564300773,0.55,0.1,0.8,0.5,90.0,70.0,20.0,0.65,0.2,0.8,0.4,80.0,70.0,20.0,2327,1963,364,2327,0.1564245810055866,1.0498722447770081,1.5,0.6999148298513388,637,0.32450331125827814,1.0,1
"iteration_3","SCOPE_DATA_COLLECTION",1600,9,610.0,670.0,0,9973,6391,2327,9716,6337,2307,8852,5612,1964,1118,777,364,0.11213640922768305,0.12161527625606511,0.1563573883161512,0.35489416594226575,0.7086296878099136,1.0556910644549544,0.7097883318845315,0.7086296878099136,0.7037940429699696,0.2878445549028468,0.3321454027084818,0.3268839103869654,100.0,100.0,5644,8443,4604,163,7,2089,0.028880226789510986,8.290891863081842E-4,0.45373588184187663,0.65,0.2,0.8,0.4,80.0,70.0,20.0,0.65,0.2,0.8,0.4,80.0,70.0,20.0,9791,8931,860,9791,0.08783576754161986,0.34309129244234093,0.5,0.6861825848846819,2510,0.28104355615272647,1.0,1
"iteration_3","SCOPE_DATA_COLLECTION",1600,9,610.0,670.0,1,9973,6391,2327,9716,6337,2307,8852,5612,1964,1118,777,364,0.11213640922768305,0.12161527625606511,0.1563573883161512,0.35489416594226575,0.7086296878099136,1.0556910644549544,0.7097883318845315,0.7086296878099136,0.7037940429699696,0.2878445549028468,0.3321454027084818,0.3268839103869654,100.0,100.0,5644,8443,4604,163,7,2089,0.028880226789510986,8.290891863081842E-4,0.45373588184187663,0.65,0.2,0.8,0.4,80.0,70.0,20.0,0.65,0.2,0.8,0.4,80.0,70.0,20.0,6359,5722,637,6359,0.10017298317345495,0.6854691731095882,1.0,0.6854691731095882,1821,0.31824536875218457,1.0,1
"iteration_3","SCOPE_DATA_COLLECTION",1600,9,610.0,670.0,2,9973,6391,2327,9716,6337,2307,8852,5612,1964,1118,777,364,0.11213640922768305,0.12161527625606511,0.1563573883161512,0.35489416594226575,0.7086296878099136,1.0556910644549544,0.7097883318845315,0.7086296878099136,0.7037940429699696,0.2878445549028468,0.3321454027084818,0.3268839103869654,100.0,100.0,5644,8443,4604,163,7,2089,0.028880226789510986,8.290891863081842E-4,0.45373588184187663,0.65,0.2,0.8,0.4,80.0,70.0,20.0,0.65,0.2,0.8,0.4,80.0,70.0,20.0,2328,2086,242,2328,0.10395189003436427,1.0409502732323976,1.5,0.6939668488215984,669,0.32070949185043146,1.0,1
"iteration_3","SCOPE_DATA_COLLECTION",1600,10,670.0,730.0,0,9791,6359,2328,9973,6391,2327,8902,5708,2077,860,637,242,0.08809670149559516,0.10039401103230891,0.10435532557136697,0.3378704167229119,0.6825463162156227,1.0339070616479396,0.6757408334458238,0.6825463162156227,0.6892713744319597,0.277016400808807,0.31762438682550803,0.31680308136735674,100.0,100.0,5563,8421,4494,148,9,1582,0.026604350170771167,0.0010687566797292483,0.35202492211838005,0.65,0.2,0.8,0.4,80.0,70.0,20.0,0.55,0.6000000000000001,0.30000000000000004,0.1,45.0,25.0,25.0,9693,6950,2743,9693,0.2829877230991437,0.3906846438442851,0.5,0.7813692876885702,2420,0.34820143884892085,1.0,1
"iteration_3","SCOPE_DATA_COLLECTION",1600,10,670.0,730.0,1,9791,6359,2328,9973,6391,2327,8902,5708,2077,860,637,242,0.08809670149559516,0.10039401103230891,0.10435532557136697,0.3378704167229119,0.6825463162156227,1.0339070616479396,0.6757408334458238,0.6825463162156227,0.6892713744319597,0.277016400808807,0.31762438682550803,0.31680308136735674,100.0,100.0,5563,8421,4494,148,9,1582,0.026604350170771167,0.0010687566797292483,0.35202492211838005,0.65,0.2,0.8,0.4,80.0,70.0,20.0,0.55,0.6000000000000001,0.30000000000000004,0.1,45.0,25.0,25.0,6361,4443,1918,6361,0.3015249174658073,0.7711225832928477,1.0,0.7711225832928477,1801,0.40535674094080576,1.0,1
"iteration_3","SCOPE_DATA_COLLECTION",1600,10,670.0,730.0,2,9791,6359,2328,9973,6391,2327,8902,5708,2077,860,637,242,0.08809670149559516,0.10039401103230891,0.10435532557136697,0.3378704167229119,0.6825463162156227,1.0339070616479396,0.6757408334458238,0.6825463162156227,0.6892713744319597,0.277016400808807,0.31762438682550803,0.31680308136735674,100.0,100.0,5563,8421,4494,148,9,1582,0.026604350170771167,0.0010687566797292483,0.35202492211838005,0.65,0.2,0.8,0.4,80.0,70.0,20.0,0.55,0.6000000000000001,0.30000000000000004,0.1,45.0,25.0,25.0,2290,1583,707,2290,0.3087336244541485,1.123628300273674,1.5,0.7490855335157827,642,0.40555906506632977,1.0,1
"iteration_3","SCOPE_DATA_COLLECTION",1600,11,730.0,790.0,0,9693,6361,2290,9791,6359,2328,6998,4460,1602,2743,1918,707,0.2815932655784827,0.3007212292254625,0.30619315721091384,0.3966819640410418,0.7740169850567515,1.131927383444054,0.7933639280820836,0.7740169850567515,0.7546182556293693,0.3523863961131752,0.4044843049327354,0.4094881398252185,97.5,100.0,5325,7153,5866,62,8,5298,0.011643192488262911,0.0011184118551656648,0.9031708148653256,0.55,0.6000000000000001,0.30000000000000004,0.1,45.0,25.0,25.0,0.05,0.7000000000000001,0.30000000000000004,0.2,25.0,55.0,40.0,9621,3170,6451,9621,0.6705124207462841,0.6680815987225198,0.5,1.3361631974450396,2369,0.7473186119873817,1.0,1
"iteration_3","SCOPE_DATA_COLLECTION",1600,11,730.0,790.0,1,9693,6361,2290,9791,6359,2328,6998,4460,1602,2743,1918,707,0.2815932655784827,0.3007212292254625,0.30619315721091384,0.3966819640410418,0.7740169850567515,1.131927383444054,0.7933639280820836,0.7740169850567515,0.7546182556293693,0.3523863961131752,0.4044843049327354,0.4094881398252185,97.5,100.0,5325,7153,5866,62,8,5298,0.011643192488262911,0.0011184118551656648,0.9031708148653256,0.55,0.6000000000000001,0.30000000000000004,0.1,45.0,25.0,25.0,0.05,0.7000000000000001,0.30000000000000004,0.2,25.0,55.0,40.0,6389,2093,4296,6389,0.672405697292221,1.3415332977342396,1.0,1.3415332977342396,1814,0.8666985188724319,1.0,1
"iteration_3","SCOPE_DATA_COLLECTION",1600,11,730.0,790.0,2,9693,6361,2290,9791,6359,2328,6998,4460,1602,2743,1918,707,0.2815932655784827,0.3007212292254625,0.30619315721091384,0.3966819640410418,0.7740169850567515,1.131927383444054,0.7933639280820836,0.7740169850567515,0.7546182556293693,0.3523863961131752,0.4044843049327354,0.4094881398252185,97.5,100.0,5325,7153,5866,62,8,5298,0.011643192488262911,0.0011184118551656648,0.9031708148653256,0.55,0.6000000000000001,0.30000000000000004,0.1,45.0,25.0,25.0,0.05,0.7000000000000001,0.30000000000000004,0.2,25.0,55.0,40.0,2274,708,1566,2274,0.6886543535620053,2.0192799208036964,1.5,1.346186613869131,611,0.8629943502824858,1.0,1
"iteration_3","SCOPE_DATA_COLLECTION",1600,12,790.0,850.0,0,9621,6389,2274,9693,6361,2290,3174,2099,701,6451,4296,1566,0.6702337662337662,0.6717748240813135,0.6907807675341862,0.6672649964853113,1.3362171834094023,2.0028608422599845,1.3345299929706227,1.3362171834094023,1.3352405615066563,0.7444864524259609,0.863744640304907,0.8573466476462197,100.0,100.0,5436,629,12219,94,0,12219,0.017292126563649743,0.0,1.0,0.05,0.7000000000000001,0.30000000000000004,0.2,25.0,55.0,40.0,0.15000000000000002,0.1,0.9,0.4,55.0,95.0,50.0,9671,3859,5812,9671,0.6009719780787922,0.48209042936563484,0.5,0.9641808587312697,1902,0.49287380150298005,1.0,1
"iteration_3","SCOPE_DATA_COLLECTION",1600,12,790.0,850.0,1,9621,6389,2274,9693,6361,2290,3174,2099,701,6451,4296,1566,0.6702337662337662,0.6717748240813135,0.6907807675341862,0.6672649964853113,1.3362171834094023,2.0028608422599845,1.3345299929706227,1.3362171834094023,1.3352405615066563,0.7444864524259609,0.863744640304907,0.8573466476462197,100.0,100.0,5436,629,12219,94,0,12219,0.017292126563649743,0.0,1.0,0.05,0.7000000000000001,0.30000000000000004,0.2,25.0,55.0,40.0,0.15000000000000002,0.1,0.9,0.4,55.0,95.0,50.0,6578,2648,3930,6578,0.5974460322286409,1.1891498353181396,1.0,1.1891498353181396,1909,0.7209214501510574,1.0,1
"iteration_3","SCOPE_DATA_COLLECTION",1600,12,790.0,850.0,2,9621,6389,2274,9693,6361,2290,3174,2099,701,6451,4296,1566,0.6702337662337662,0.6717748240813135,0.6907807675341862,0.6672649964853113,1.3362171834094023,2.0028608422599845,1.3345299929706227,1.3362171834094023,1.3352405615066563,0.7444864524259609,0.863744640304907,0.8573466476462197,100.0,100.0,5436,629,12219,94,0,12219,0.017292126563649743,0.0,1.0,0.05,0.7000000000000001,0.30000000000000004,0.2,25.0,55.0,40.0,0.15000000000000002,0.1,0.9,0.4,55.0,95.0,50.0,2306,848,1458,2306,0.632263660017346,1.8476120933527593,1.5,1.2317413955685061,633,0.7464622641509434,1.0,1
"iteration_3","SCOPE_DATA_COLLECTION",1600,13,850.0,910.0,0,9671,6578,2306,9621,6389,2274,3870,2660,839,5812,3930,1458,0.6002891964470151,0.5963581183611533,0.6347409664780148,0.4834648065574224,1.190908936117746,1.8496890450492633,0.9669296131148448,1.190908936117746,1.2331260300328422,0.49560723514211885,0.7221804511278196,0.7485101311084624,100.0,100.0,5603,1923,11029,171,0,11029,0.030519364626093164,0.0,1.0,0.15000000000000002,0.1,0.9,0.4,55.0,95.0,50.0,0.6000000000000001,0.9,0.5,0.1,75.0,65.0,35.0,9859,8033,1826,9859,0.18521148189471548,0.4114687976050278,0.5,0.8229375952100556,2902,0.3612598033113407,1.0,1
"iteration_3","SCOPE_DATA_COLLECTION",1600,13,850.0,910.0,1,9671,6578,2306,9621,6389,2274,3870,2660,839,5812,3930,1458,0.6002891964470151,0.5963581183611533,0.6347409664780148,0.4834648065574224,1.190908936117746,1.8496890450492633,0.9669296131148448,1.190908936117746,1.2331260300328422,0.49560723514211885,0.7221804511278196,0.7485101311084624,100.0,100.0,5603,1923,11029,171,0,11029,0.030519364626093164,0.0,1.0,0.15000000000000002,0.1,0.9,0.4,55.0,95.0,50.0,0.6000000000000001,0.9,0.5,0.1,75.0,65.0,35.0,6410,5106,1304,6410,0.20343213728549142,0.7336719973028263,1.0,0.7336719973028263,1827,0.35781433607520563,1.0,1
"iteration_3","SCOPE_DATA_COLLECTION",1600,13,850.0,910.0,2,9671,6578,2306,9621,6389,2274,3870,2660,839,5812,3930,1458,0.6002891964470151,0.5963581183611533,0.6347409664780148,0.4834648065574224,1.190908936117746,1.8496890450492633,0.9669296131148448,1.190908936117746,1.2331260300328422,0.49560723514211885,0.7221804511278196,0.7485101311084624,100.0,100.0,5603,1923,11029,171,0,11029,0.030519364626093164,0.0,1.0,0.15000000000000002,0.1,0.9,0.4,55.0,95.0,50.0,0.6000000000000001,0.9,0.5,0.1,75.0,65.0,35.0,2278,1789,489,2278,0.21466198419666374,1.0921594918341915,1.5,0.728106327889461,670,0.37451089994410286,1.0,1
"iteration_3","SCOPE_DATA_COLLECTION",1600,14,910.0,970.0,0,9859,6410,2278,9671,6578,2306,7982,5079,1780,1826,1304,488,0.18617455138662317,0.20429265235782548,0.21516754850088182,0.41019012404747657,0.7327043448436135,1.1048746307826112,0.8203802480949531,0.7327043448436135,0.7365830871884075,0.3594337258832373,0.3575506989564875,0.38033707865168537,100.0,100.0,5464,7861,5222,89,5,3524,0.01628843338213763,6.360513929525506E-4,0.6748372271160475,0.6000000000000001,0.9,0.5,0.1,75.0,65.0,35.0,0.6000000000000001,0.9,0.4,0.1,75.0,55.0,35.0,9723,7925,1798,9723,0.1849223490692173,0.39708487920830204,0.5,0.7941697584166041,2635,0.3324921135646688,1.0,1
"iteration_3","SCOPE_DATA_COLLECTION",1600,14,910.0,970.0,1,9859,6410,2278,9671,6578,2306,7982,5079,1780,1826,1304,488,0.18617455138662317,0.20429265235782548,0.21516754850088182,0.41019012404747657,0.7327043448436135,1.1048746307826112,0.8203802480949531,0.7327043448436135,0.7365830871884075,0.3594337258832373,0.3575506989564875,0.38033707865168537,100.0,100.0,5464,7861,5222,89,5,3524,0.01628843338213763,6.360513929525506E-4,0.6748372271160475,0.6000000000000001,0.9,0.5,0.1,75.0,65.0,35.0,0.6000000000000001,0.9,0.4,0.1,75.0,55.0,35.0,6424,5222,1202,6424,0.18711083437110834,0.7449000671535349,1.0,0.7449000671535349,1899,0.3636537725009575,1.0,1
"iteration_3","SCOPE_DATA_COLLECTION",1600,14,910.0,970.0,2,9859,6410,2278,9671,6578,2306,7982,5079,1780,1826,1304,488,0.18617455138662317,0.20429265235782548,0.21516754850088182,0.41019012404747657,0.7327043448436135,1.1048746307826112,0.8203802480949531,0.7327043448436135,0.7365830871884075,0.3594337258832373,0.3575506989564875,0.38033707865168537,100.0,100.0,5464,7861,5222,89,5,3524,0.01628843338213763,6.360513929525506E-4,0.6748372271160475,0.6000000000000001,0.9,0.5,0.1,75.0,65.0,35.0,0.6000000000000001,0.9,0.4,0.1,75.0,55.0,35.0,2352,1879,473,2352,0.20110544217687074,1.032789178427869,1.5,0.6885261189519127,638,0.339542309739223,1.0,1
"iteration_3","SCOPE_DATA_COLLECTION",1600,15,970.0,1030.0,0,9723,6424,2352,9859,6410,2278,7929,5226,1885,1798,1202,474,0.18484630410198416,0.18699439950217797,0.20093259855871132,0.39646506449345215,0.7470539381898056,1.0335437629001099,0.7929301289869043,0.7470539381898056,0.6890291752667399,0.33207214024467147,0.3652889399158056,0.3395225464190981,100.0,100.0,5392,7897,5210,87,20,3367,0.01613501483679525,0.0025326073192351527,0.6462571976967371,0.6000000000000001,0.9,0.4,0.1,75.0,55.0,35.0,0.7000000000000001,0.9,0.30000000000000004,0.1,75.0,55.0,35.0,9866,9623,243,9866,0.02463004257044395,0.3294759108894116,0.5,0.6589518217788232,2449,0.2544944404032007,1.0,1
"iteration_3","SCOPE_DATA_COLLECTION",1600,15,970.0,1030.0,1,9723,6424,2352,9859,6410,2278,7929,5226,1885,1798,1202,474,0.18484630410198416,0.18699439950217797,0.20093259855871132,0.39646506449345215,0.7470539381898056,1.0335437629001099,0.7929301289869043,0.7470539381898056,0.6890291752667399,0.33207214024467147,0.3652889399158056,0.3395225464190981,100.0,100.0,5392,7897,5210,87,20,3367,0.01613501483679525,0.0025326073192351527,0.6462571976967371,0.6000000000000001,0.9,0.4,0.1,75.0,55.0,35.0,0.7000000000000001,0.9,0.30000000000000004,0.1,75.0,55.0,35.0,6240,6082,158,6240,0.02532051282051282,0.6293155720956374,1.0,0.6293155720956374,1785,0.29348898388687933,1.0,1
"iteration_3","SCOPE_DATA_COLLECTION",1600,15,970.0,1030.0,2,9723,6424,2352,9859,6410,2278,7929,5226,1885,1798,1202,474,0.18484630410198416,0.18699439950217797,0.20093259855871132,0.39646506449345215,0.7470539381898056,1.0335437629001099,0.7929301289869043,0.7470539381898056,0.6890291752667399,0.33207214024467147,0.3652889399158056,0.3395225464190981,100.0,100.0,5392,7897,5210,87,20,3367,0.01613501483679525,0.0025326073192351527,0.6462571976967371,0.6000000000000001,0.9,0.4,0.1,75.0,55.0,35.0,0.7000000000000001,0.9,0.30000000000000004,0.1,75.0,55.0,35.0,2359,2284,75,2359,0.0317931326833404,0.9523720928070617,1.5,0.6349147285380411,662,0.28984238178633975,1.0,1
"iteration_3","SCOPE_DATA_COLLECTION",1600,16,1030.0,1090.0,0,9866,6240,2359,9723,6424,2352,9643,6095,2278,243,158,74,0.024580214444669228,0.025267871421717575,0.031462585034013606,0.33102738264780546,0.6322585361918203,0.9468853325815049,0.6620547652956109,0.6322585361918203,0.6312568883876699,0.2562480555843617,0.29466776045939297,0.286215978928885,97.5,100.0,5223,9338,3904,60,20,395,0.011487650775416428,0.0021417862497322766,0.1011782786885246,0.7000000000000001,0.9,0.30000000000000004,0.1,75.0,55.0,35.0,0.6000000000000001,0.8,0.4,0.1,65.0,65.0,35.0,9939,8068,1871,9939,0.18824831471979073,0.3918963907955134,0.5,0.7837927815910268,2692,0.3336638572136837,1.0,1
"iteration_3","SCOPE_DATA_COLLECTION",1600,16,1030.0,1090.0,1,9866,6240,2359,9723,6424,2352,9643,6095,2278,243,158,74,0.024580214444669228,0.025267871421717575,0.031462585034013606,0.33102738264780546,0.6322585361918203,0.9468853325815049,0.6620547652956109,0.6322585361918203,0.6312568883876699,0.2562480555843617,0.29466776045939297,0.286215978928885,97.5,100.0,5223,9338,3904,60,20,395,0.011487650775416428,0.0021417862497322766,0.1011782786885246,0.7000000000000001,0.9,0.30000000000000004,0.1,75.0,55.0,35.0,0.6000000000000001,0.8,0.4,0.1,65.0,65.0,35.0,6470,5171,1299,6470,0.2007727975270479,0.7201902386888097,1.0,0.7201902386888097,1831,0.35409011796557727,1.0,1
"iteration_3","SCOPE_DATA_COLLECTION",1600,16,1030.0,1090.0,2,9866,6240,2359,9723,6424,2352,9643,6095,2278,243,158,74,0.024580214444669228,0.025267871421717575,0.031462585034013606,0.33102738264780546,0.6322585361918203,0.9468853325815049,0.6620547652956109,0.6322585361918203,0.6312568883876699,0.2562480555843617,0.29466776045939297,0.286215978928885,97.5,100.0,5223,9338,3904,60,20,395,0.011487650775416428,0.0021417862497322766,0.1011782786885246,0.7000000000000001,0.9,0.30000000000000004,0.1,75.0,55.0,35.0,0.6000000000000001,0.8,0.4,0.1,65.0,65.0,35.0,2307,1775,532,2307,0.2306025140875596,1.051227530841371,1.5,0.7008183538942473,628,0.35380281690140847,1.0,1
"iteration_3","SCOPE_DATA_COLLECTION",1600,17,1090.0,1150.0,0,9939,6470,2307,9866,6240,2359,8086,5161,1790,1861,1288,526,0.18709158540263396,0.1997208869592185,0.22711571675302245,0.3917156028620611,0.7151275342012026,1.0519993052045051,0.7834312057241222,0.7151275342012026,0.7013328701363367,0.3337867919861489,0.3512885099786863,0.3553072625698324,100.0,100.0,5426,7992,5298,90,15,3570,0.016586804275709546,0.0018768768768768769,0.6738391845979615,0.6000000000000001,0.8,0.4,0.1,65.0,65.0,35.0,0.7000000000000001,0.8,0.5,0.1,75.0,65.0,45.0,9623,9209,414,9623,0.04302192663410579,0.3620141466883224,0.5,0.7240282933766448,2648,0.2875447931371484,1.0,1
"iteration_3","SCOPE_DATA_COLLECTION",1600,17,1090.0,1150.0,1,9939,6470,2307,9866,6240,2359,8086,5161,1790,1861,1288,526,0.18709158540263396,0.1997208869592185,0.22711571675302245,0.3917156028620611,0.7151275342012026,1.0519993052045051,0.7834312057241222,0.7151275342012026,0.7013328701363367,0.3337867919861489,0.3512885099786863,0.3553072625698324,100.0,100.0,5426,7992,5298,90,15,3570,0.016586804275709546,0.0018768768768768769,0.6738391845979615,0.6000000000000001,0.8,0.4,0.1,65.0,65.0,35.0,0.7000000000000001,0.8,0.5,0.1,75.0,65.0,45.0,6340,6001,339,6340,0.05347003154574133,0.6585549142216666,1.0,0.6585549142216666,1739,0.2897850358273621,1.0,1
"iteration_3","SCOPE_DATA_COLLECTION",1600,17,1090.0,1150.0,2,9939,6470,2307,9866,6240,2359,8086,5161,1790,1861,1288,526,0.18709158540263396,0.1997208869592185,0.22711571675302245,0.3917156028620611,0.7151275342012026,1.0519993052045051,0.7834312057241222,0.7151275342012026,0.7013328701363367,0.3337867919861489,0.3512885099786863,0.3553072625698324,100.0,100.0,5426,7992,5298,90,15,3570,0.016586804275709546,0.0018768768768768769,0.6738391845979615,0.6000000000000001,0.8,0.4,0.1,65.0,65.0,35.0,0.7000000000000001,0.8,0.5,0.1,75.0,65.0,45.0,2457,2310,147,2457,0.05982905982905983,0.9854049281954994,1.5,0.6569366187969996,706,0.30562770562770564,1.0,1
"iteration_3","SCOPE_DATA_COLLECTION",1600,18,1150.0,1210.0,0,9623,6340,2457,9939,6470,2307,9164,5999,2296,423,350,154,0.044122248878689894,0.05512679162072767,0.06285714285714286,0.3597042435012899,0.6562084774891946,0.9851536017486104,0.7194084870025798,0.6562084774891946,0.656769067832407,0.2855739851593191,0.28954825804300716,0.3057491289198606,100.0,100.0,5296,9191,3933,92,75,760,0.017371601208459216,0.00816015667500816,0.1932367149758454,0.7000000000000001,0.8,0.5,0.1,75.0,65.0,45.0,0.8,0.9,0.4,0.1,75.0,65.0,55.0,9851,9621,230,9851,0.023347883463607756,0.34702881694519105,0.5,0.6940576338903821,2592,0.2694106641721235,1.0,1
"iteration_3","SCOPE_DATA_COLLECTION",1600,18,1150.0,1210.0,1,9623,6340,2457,9939,6470,2307,9164,5999,2296,423,350,154,0.044122248878689894,0.05512679162072767,0.06285714285714286,0.3597042435012899,0.6562084774891946,0.9851536017486104,0.7194084870025798,0.6562084774891946,0.656769067832407,0.2855739851593191,0.28954825804300716,0.3057491289198606,100.0,100.0,5296,9191,3933,92,75,760,0.017371601208459216,0.00816015667500816,0.1932367149758454,0.7000000000000001,0.8,0.5,0.1,75.0,65.0,45.0,0.8,0.9,0.4,0.1,75.0,65.0,55.0,6414,6221,193,6414,0.030090427190520738,0.6370044438055897,1.0,0.6370044438055897,1801,0.2895032952901463,1.0,1
"iteration_3","SCOPE_DATA_COLLECTION",1600,18,1150.0,1210.0,2,9623,6340,2457,9939,6470,2307,9164,5999,2296,423,350,154,0.044122248878689894,0.05512679162072767,0.06285714285714286,0.3597042435012899,0.6562084774891946,0.9851536017486104,0.7194084870025798,0.6562084774891946,0.656769067832407,0.2855739851593191,0.28954825804300716,0.3057491289198606,100.0,100.0,5296,9191,3933,92,75,760,0.017371601208459216,0.00816015667500816,0.1932367149758454,0.7000000000000001,0.8,0.5,0.1,75.0,65.0,45.0,0.8,0.9,0.4,0.1,75.0,65.0,55.0,2298,2231,67,2298,0.029155787641427327,0.9366829488105756,1.5,0.6244552992070503,628,0.2814881219184222,1.0,1
"iteration_3","SCOPE_DATA_COLLECTION",1600,19,1210.0,1270.0,0,9851,6414,2298,9623,6340,2457,9647,6213,2234,231,193,67,0.02338530066815145,0.03012800499531689,0.029117774880486745,0.34900313187346826,0.6406388587722461,0.9372089357810299,0.6980062637469365,0.6406388587722461,0.6248059571873533,0.2706540893542034,0.2906808305166586,0.2820053715308863,100.0,100.0,5406,10515,2642,71,420,0,0.01313355530891602,0.039942938659058486,0.0,0.8,0.9,0.4,0.1,75.0,65.0,55.0,0.8,0.9,0.4,0.1,75.0,65.0,55.0,9574,9135,439,9574,0.04585335283058283,0.3512261683457673,0.5,0.7024523366915346,2518,0.2756431308155446,1.0,1
"iteration_3","SCOPE_DATA_COLLECTION",1600,19,1210.0,1270.0,1,9851,6414,2298,9623,6340,2457,9647,6213,2234,231,193,67,0.02338530066815145,0.03012800499531689,0.029117774880486745,0.34900313187346826,0.6406388587722461,0.9372089357810299,0.6980062637469365,0.6406388587722461,0.6248059571873533,0.2706540893542034,0.2906808305166586,0.2820053715308863,100.0,100.0,5406,10515,2642,71,420,0,0.01313355530891602,0.039942938659058486,0.0,0.8,0.9,0.4,0.1,75.0,65.0,55.0,0.8,0.9,0.4,0.1,75.0,65.0,55.0,6503,6162,341,6503,0.05243733661387052,0.642991973645145,1.0,0.642991973645145,1795,0.29130152547874066,1.0,1
"iteration_3","SCOPE_DATA_COLLECTION",1600,19,1210.0,1270.0,2,9851,6414,2298,9623,6340,2457,9647,6213,2234,231,193,67,0.02338530066815145,0.03012800499531689,0.029117774880486745,0.34900313187346826,0.6406388587722461,0.9372089357810299,0.6980062637469365,0.6406388587722461,0.6248059571873533,0.2706540893542034,0.2906808305166586,0.2820053715308863,100.0,100.0,5406,10515,2642,71,420,0,0.01313355530891602,0.039942938659058486,0.0,0.8,0.9,0.4,0.1,75.0,65.0,55.0,0.8,0.9,0.4,0.1,75.0,65.0,55.0,2379,2263,116,2379,0.0487599831862127,0.9695583092597291,1.5,0.6463722061731527,680,0.30048608042421565,1.0,1
"iteration_3","SCOPE_DATA_COLLECTION",1600,20,1270.0,1330.0,0,9574,6503,2379,9851,6414,2298,9138,6162,2271,439,340,116,0.045838989245066304,0.05229160258382036,0.04859656472559699,0.3512386192091204,0.6414557649666888,0.969802125437519,0.7024772384182408,0.6414557649666888,0.6465347502916793,0.2759903698840009,0.29097695553391756,0.2998678996036988,100.0,100.0,5331,10560,2565,93,779,23,0.017445132245357344,0.0737689393939394,0.008966861598440545,0.8,0.9,0.4,0.1,75.0,65.0,55.0,0.8,0.9,0.4,0.1,75.0,65.0,55.0,9896,9600,296,9896,0.029911075181891674,0.3587255636759078,0.5,0.7174511273518156,2602,0.2710416666666667,1.0,1
"iteration_3","SCOPE_DATA_COLLECTION",1600,20,1270.0,1330.0,1,9574,6503,2379,9851,6414,2298,9138,6162,2271,439,340,116,0.045838989245066304,0.05229160258382036,0.04859656472559699,0.3512386192091204,0.6414557649666888,0.969802125437519,0.7024772384182408,0.6414557649666888,0.6465347502916793,0.2759903698840009,0.29097695553391756,0.2998678996036988,100.0,100.0,5331,10560,2565,93,779,23,0.017445132245357344,0.0737689393939394,0.008966861598440545,0.8,0.9,0.4,0.1,75.0,65.0,55.0,0.8,0.9,0.4,0.1,75.0,65.0,55.0,6390,6110,280,6390,0.04381846635367762,0.6712112568283013,1.0,0.6712112568283013,1846,0.3021276595744681,1.0,1
"iteration_3","SCOPE_DATA_COLLECTION",1600,20,1270.0,1330.0,2,9574,6503,2379,9851,6414,2298,9138,6162,2271,439,340,116,0.045838989245066304,0.05229160258382036,0.04859656472559699,0.3512386192091204,0.6414557649666888,0.969802125437519,0.7024772384182408,0.6414557649666888,0.6465347502916793,0.2759903698840009,0.29097695553391756,0.2998678996036988,100.0,100.0,5331,10560,2565,93,779,23,0.017445132245357344,0.0737689393939394,0.008966861598440545,0.8,0.9,0.4,0.1,75.0,65.0,55.0,0.8,0.9,0.4,0.1,75.0,65.0,55.0,2330,2218,112,2330,0.048068669527897,1.0014843674536011,1.5,0.6676562449690674,679,0.306131650135257,1.0,1
"iteration_3","SCOPE_DATA_COLLECTION",1600,21,1330.0,1390.0,0,9896,6390,2330,9574,6503,2379,9592,6127,2212,296,281,112,0.029935275080906147,0.04385143570536829,0.04819277108433735,0.3583936941741541,0.6735312806415237,0.9985225032329302,0.7167873883483082,0.6735312806415237,0.6656816688219535,0.27053794829024186,0.30292149502203364,0.3047016274864376,100.0,100.0,5344,10651,2621,105,584,0,0.01964820359281437,0.05483053234438081,0.0,0.8,0.9,0.4,0.1,75.0,65.0,55.0,0.8,0.9,0.4,0.1,75.0,65.0,55.0,9867,9351,516,9867,0.05229553055640012,0.3696805374421716,0.5,0.7393610748843432,2621,0.2802908779809646,1.0,1
"iteration_3","SCOPE_DATA_COLLECTION",1600,21,1330.0,1390.0,1,9896,6390,2330,9574,6503,2379,9592,6127,2212,296,281,112,0.029935275080906147,0.04385143570536829,0.04819277108433735,0.3583936941741541,0.6735312806415237,0.9985225032329302,0.7167873883483082,0.6735312806415237,0.6656816688219535,0.27053794829024186,0.30292149502203364,0.3047016274864376,100.0,100.0,5344,10651,2621,105,584,0,0.01964820359281437,0.05483053234438081,0.0,0.8,0.9,0.4,0.1,75.0,65.0,55.0,0.8,0.9,0.4,0.1,75.0,65.0,55.0,6389,6060,329,6389,0.05149475661292847,0.6697599750757564,1.0,0.6697599750757564,1807,0.2981848184818482,1.0,1
"iteration_3","SCOPE_DATA_COLLECTION",1600,21,1330.0,1390.0,2,9896,6390,2330,9574,6503,2379,9592,6127,2212,296,281,112,0.029935275080906147,0.04385143570536829,0.04819277108433735,0.3583936941741541,0.6735312806415237,0.9985225032329302,0.7167873883483082,0.6735312806415237,0.6656816688219535,0.27053794829024186,0.30292149502203364,0.3047016274864376,100.0,100.0,5344,10651,2621,105,584,0,0.01964820359281437,0.05483053234438081,0.0,0.8,0.9,0.4,0.1,75.0,65.0,55.0,0.8,0.9,0.4,0.1,75.0,65.0,55.0,2355,2196,159,2355,0.06751592356687898,0.9869851939054323,1.5,0.6579901292702882,674,0.3069216757741348,1.0,1
"iteration_3","SCOPE_DATA_COLLECTION",1600,22,1390.0,1450.0,0,9867,6389,2355,9896,6390,2330,9305,6018,2193,515,329,159,0.05244399185336049,0.051835512840712146,0.06760204081632654,0.36759208168585816,0.6655968068199508,0.9893356499906852,0.7351841633717163,0.6655968068199508,0.6595570999937902,0.2797420741536808,0.2971086739780658,0.3091655266757866,100.0,100.0,5402,10539,2670,88,915,0,0.01629026286560533,0.08682038144036436,0.0,0.8,0.9,0.4,0.1,75.0,65.0,55.0,0.7000000000000001,0.9,0.4,0.1,65.0,75.0,65.0,9868,9575,293,9868,0.02969193352249696,0.34739245238078476,0.5,0.6947849047615695,2528,0.26402088772845955,1.0,1
"iteration_3","SCOPE_DATA_COLLECTION",1600,22,1390.0,1450.0,1,9867,6389,2355,9896,6390,2330,9305,6018,2193,515,329,159,0.05244399185336049,0.051835512840712146,0.06760204081632654,0.36759208168585816,0.6655968068199508,0.9893356499906852,0.7351841633717163,0.6655968068199508,0.6595570999937902,0.2797420741536808,0.2971086739780658,0.3091655266757866,100.0,100.0,5402,10539,2670,88,915,0,0.01629026286560533,0.08682038144036436,0.0,0.8,0.9,0.4,0.1,75.0,65.0,55.0,0.7000000000000001,0.9,0.4,0.1,65.0,75.0,65.0,6414,6173,241,6414,0.0375740567508575,0.64720231967094,1.0,0.64720231967094,1820,0.29483233435930667,1.0,1
"iteration_3","SCOPE_DATA_COLLECTION",1600,22,1390.0,1450.0,2,9867,6389,2355,9896,6390,2330,9305,6018,2193,515,329,159,0.05244399185336049,0.051835512840712146,0.06760204081632654,0.36759208168585816,0.6655968068199508,0.9893356499906852,0.7351841633717163,0.6655968068199508,0.6595570999937902,0.2797420741536808,0.2971086739780658,0.3091655266757866,100.0,100.0,5402,10539,2670,88,915,0,0.01629026286560533,0.08682038144036436,0.0,0.8,0.9,0.4,0.1,75.0,65.0,55.0,0.7000000000000001,0.9,0.4,0.1,65.0,75.0,65.0,2314,2211,103,2314,0.044511668107173726,0.9503246126187883,1.5,0.6335497417458589,655,0.2962460425146992,1.0,1
"iteration_3","SCOPE_DATA_COLLECTION",1600,23,1450.0,1510.0,0,9868,6414,2314,9867,6389,2355,9613,6203,2222,294,241,103,0.029675986676087614,0.03739913097454997,0.04430107526881721,0.3494534675562042,0.6507492834491344,0.9531482179795054,0.6989069351124084,0.6507492834491344,0.6354321453196703,0.2641215021325289,0.2953409640496534,0.29612961296129614,100.0,100.0,5334,9339,3923,79,75,484,0.014810648668916385,0.008030838419530999,0.12337496813663013,0.7000000000000001,0.9,0.4,0.1,65.0,75.0,65.0,0.7000000000000001,0.9,0.4,0.1,65.0,75.0,65.0,9797,9640,157,9797,0.016025313871593345,0.3432138118549159,0.5,0.6864276237098318,2694,0.2794605809128631,1.0,1
"iteration_3","SCOPE_DATA_COLLECTION",1600,23,1450.0,1510.0,1,9868,6414,2314,9867,6389,2355,9613,6203,2222,294,241,103,0.029675986676087614,0.03739913097454997,0.04430107526881721,0.3494534675562042,0.6507492834491344,0.9531482179795054,0.6989069351124084,0.6507492834491344,0.6354321453196703,0.2641215021325289,0.2953409640496534,0.29612961296129614,100.0,100.0,5334,9339,3923,79,75,484,0.014810648668916385,0.008030838419530999,0.12337496813663013,0.7000000000000001,0.9,0.4,0.1,65.0,75.0,65.0,0.7000000000000001,0.9,0.4,0.1,65.0,75.0,65.0,6330,6217,113,6330,0.017851500789889417,0.6294293874534957,1.0,0.6294293874534957,1779,0.286150876628599,1.0,1
"iteration_3","SCOPE_DATA_COLLECTION",1600,23,1450.0,1510.0,2,9868,6414,2314,9867,6389,2355,9613,6203,2222,294,241,103,0.029675986676087614,0.03739913097454997,0.04430107526881721,0.3494534675562042,0.6507492834491344,0.9531482179795054,0.6989069351124084,0.6507492834491344,0.6354321453196703,0.2641215021325289,0.2953409640496534,0.29612961296129614,100.0,100.0,5334,9339,3923,79,75,484,0.014810648668916385,0.008030838419530999,0.12337496813663013,0.7000000000000001,0.9,0.4,0.1,65.0,75.0,65.0,0.7000000000000001,0.9,0.4,0.1,65.0,75.0,65.0,2354,2298,56,2354,0.0237892948173322,0.9390095046024145,1.5,0.6260063364016096,656,0.2854656222802437,1.0,1
"iteration_3","SCOPE_DATA_COLLECTION",1600,24,1510.0,1570.0,0,9797,6330,2354,9868,6414,2314,9635,6196,2293,157,112,56,0.016033496732026142,0.017755231452124286,0.023839931885908897,0.3423131088749319,0.6261438732867982,0.9365763027142973,0.6846262177498638,0.6261438732867982,0.6243842018095315,0.279605604566684,0.28486120077469335,0.2847797645006542,100.0,100.0,5365,9236,3880,70,5,250,0.0130475302889096,5.413598960589E-4,0.06443298969072164,0.7000000000000001,0.9,0.4,0.1,65.0,75.0,65.0,0.8,0.8,0.4,0.1,65.0,85.0,55.0,9636,9312,324,9636,0.033623910336239106,0.35167983692168175,0.5,0.7033596738433635,2506,0.2691151202749141,1.0,1
"iteration_3","SCOPE_DATA_COLLECTION",1600,24,1510.0,1570.0,1,9797,6330,2354,9868,6414,2314,9635,6196,2293,157,112,56,0.016033496732026142,0.017755231452124286,0.023839931885908897,0.3423131088749319,0.6261438732867982,0.9365763027142973,0.6846262177498638,0.6261438732867982,0.6243842018095315,0.279605604566684,0.28486120077469335,0.2847797645006542,100.0,100.0,5365,9236,3880,70,5,250,0.0130475302889096,5.413598960589E-4,0.06443298969072164,0.7000000000000001,0.9,0.4,0.1,65.0,75.0,65.0,0.8,0.8,0.4,0.1,65.0,85.0,55.0,6396,6120,276,6396,0.043151969981238276,0.6529930876778852,1.0,0.6529930876778852,1795,0.29330065359477125,1.0,1
"iteration_3","SCOPE_DATA_COLLECTION",1600,24,1510.0,1570.0,2,9797,6330,2354,9868,6414,2314,9635,6196,2293,157,112,56,0.016033496732026142,0.017755231452124286,0.023839931885908897,0.3423131088749319,0.6261438732867982,0.9365763027142973,0.6846262177498638,0.6261438732867982,0.6243842018095315,0.279605604566684,0.28486120077469335,0.2847797645006542,100.0,100.0,5365,9236,3880,70,5,250,0.0130475302889096,5.413598960589E-4,0.06443298969072164,0.7000000000000001,0.9,0.4,0.1,65.0,75.0,65.0,0.8,0.8,0.4,0.1,65.0,85.0,55.0,2293,2202,91,2293,0.0396860008722198,0.9617401642906417,1.5,0.6411601095270945,652,0.296094459582198,1.0,1
"iteration_3","SCOPE_DATA_COLLECTION",1600,25,1570.0,1630.0,0,9636,6396,2293,9797,6330,2354,9327,6146,2204,323,277,91,0.03347150259067357,0.043126264985209405,0.03965141612200436,0.3536838207894842,0.6566764904346774,0.9638148242421224,0.7073676415789684,0.6566764904346774,0.642543216161415,0.2710410635788571,0.2943377806703547,0.2967332123411978,100.0,100.0,5342,10431,2552,88,603,0,0.01647323099962561,0.057808455565142365,0.0,0.8,0.8,0.4,0.1,65.0,85.0,55.0,0.7000000000000001,0.9,0.4,0.1,75.0,95.0,45.0,9824,9632,192,9824,0.019543973941368076,0.3462565468451948,0.5,0.6925130936903896,2649,0.2750207641196013,1.0,1
"iteration_3","SCOPE_DATA_COLLECTION",1600,25,1570.0,1630.0,1,9636,6396,2293,9797,6330,2354,9327,6146,2204,323,277,91,0.03347150259067357,0.043126264985209405,0.03965141612200436,0.3536838207894842,0.6566764904346774,0.9638148242421224,0.7073676415789684,0.6566764904346774,0.642543216161415,0.2710410635788571,0.2943377806703547,0.2967332123411978,100.0,100.0,5342,10431,2552,88,603,0,0.01647323099962561,0.057808455565142365,0.0,0.8,0.8,0.4,0.1,65.0,85.0,55.0,0.7000000000000001,0.9,0.4,0.1,75.0,95.0,45.0,6367,6203,164,6367,0.02575781372703,0.6555327910451985,1.0,0.6555327910451985,1877,0.30259551829759795,1.0,1
"iteration_3","SCOPE_DATA_COLLECTION",1600,25,1570.0,1630.0,2,9636,6396,2293,9797,6330,2354,9327,6146,2204,323,277,91,0.03347150259067357,0.043126264985209405,0.03965141612200436,0.3536838207894842,0.6566764904346774,0.9638148242421224,0.7073676415789684,0.6566764904346774,0.642543216161415,0.2710410635788571,0.2943377806703547,0.2967332123411978,100.0,100.0,5342,10431,2552,88,603,0,0.01647323099962561,0.057808455565142365,0.0,0.8,0.8,0.4,0.1,65.0,85.0,55.0,0.7000000000000001,0.9,0.4,0.1,75.0,95.0,45.0,2314,2243,71,2314,0.030682800345721694,0.9511096985048536,1.5,0.634073132336569,641,0.2857779759251003,1.0,1
"iteration_3","SCOPE_DATA_COLLECTION",1600,26,1630.0,1690.0,0,9824,6367,2314,9636,6396,2293,9630,6208,2233,193,164,71,0.01964776544843734,0.02573760200878845,0.030815972222222224,0.3451845044658116,0.6537976685214583,0.9458389438670721,0.6903690089316232,0.6537976685214583,0.6305592959113814,0.27424714434060227,0.30299613402061853,0.2843708016121809,97.5,100.0,5373,9166,3966,78,9,341,0.014517029592406477,9.81889591970325E-4,0.08598083711548159,0.7000000000000001,0.9,0.4,0.1,75.0,95.0,45.0,0.8,0.8,0.30000000000000004,0.1,65.0,95.0,55.0,9825,9434,391,9825,0.03979643765903308,0.3536786773439755,0.5,0.707357354687951,2533,0.26849692601229597,1.0,1
"iteration_3","SCOPE_DATA_COLLECTION",1600,26,1630.0,1690.0,1,9824,6367,2314,9636,6396,2293,9630,6208,2233,193,164,71,0.01964776544843734,0.02573760200878845,0.030815972222222224,0.3451845044658116,0.6537976685214583,0.9458389438670721,0.6903690089316232,0.6537976685214583,0.6305592959113814,0.27424714434060227,0.30299613402061853,0.2843708016121809,97.5,100.0,5373,9166,3966,78,9,341,0.014517029592406477,9.81889591970325E-4,0.08598083711548159,0.7000000000000001,0.9,0.4,0.1,75.0,95.0,45.0,0.8,0.8,0.30000000000000004,0.1,65.0,95.0,55.0,6299,6012,287,6299,0.04556278774408636,0.6460259766714138,1.0,0.6460259766714138,1757,0.2922488356620093,1.0,1
"iteration_3","SCOPE_DATA_COLLECTION",1600,26,1630.0,1690.0,2,9824,6367,2314,9636,6396,2293,9630,6208,2233,193,164,71,0.01964776544843734,0.02573760200878845,0.030815972222222224,0.3451845044658116,0.6537976685214583,0.9458389438670721,0.6903690089316232,0.6537976685214583,0.6305592959113814,0.27424714434060227,0.30299613402061853,0.2843708016121809,97.5,100.0,5373,9166,3966,78,9,341,0.014517029592406477,9.81889591970325E-4,0.08598083711548159,0.7000000000000001,0.9,0.4,0.1,75.0,95.0,45.0,0.8,0.8,0.30000000000000004,0.1,65.0,95.0,55.0,2377,2260,117,2377,0.049221708035338665,0.9937220857070346,1.5,0.6624813904713563,685,0.3030973451327434,1.0,1
"iteration_3","SCOPE_DATA_COLLECTION",1600,27,1690.0,1750.0,0,9825,6299,2377,9824,6367,2314,9398,5986,2263,364,265,103,0.03728744109813563,0.04239321708526636,0.04353338968723584,0.34137495207442736,0.6269621513909716,0.9798126704434306,0.6827499041488547,0.6269621513909716,0.6532084469622871,0.2650563949776548,0.28800534580688275,0.3013698630136986,100.0,100.0,5295,10500,2706,63,646,23,0.01189801699716714,0.06152380952380952,0.008499630450849963,0.8,0.8,0.30000000000000004,0.1,65.0,95.0,55.0,0.7000000000000001,0.8,0.30000000000000004,0.1,65.0,95.0,45.0,9641,9144,497,9641,0.05155066901773675,0.3474686461363266,0.5,0.6949372922726532,2458,0.26881014873140857,1.0,1
"iteration_3","SCOPE_DATA_COLLECTION",1600,27,1690.0,1750.0,1,9825,6299,2377,9824,6367,2314,9398,5986,2263,364,265,103,0.03728744109813563,0.04239321708526636,0.04353338968723584,0.34137495207442736,0.6269621513909716,0.9798126704434306,0.6827499041488547,0.6269621513909716,0.6532084469622871,0.2650563949776548,0.28800534580688275,0.3013698630136986,100.0,100.0,5295,10500,2706,63,646,23,0.01189801699716714,0.06152380952380952,0.008499630450849963,0.8,0.8,0.30000000000000004,0.1,65.0,95.0,55.0,0.7000000000000001,0.8,0.30000000000000004,0.1,65.0,95.0,45.0,6374,6025,349,6374,0.05475368685283966,0.660155378263704,1.0,0.660155378263704,1842,0.30572614107883817,1.0,1
"iteration_3","SCOPE_DATA_COLLECTION",1600,27,1690.0,1750.0,2,9825,6299,2377,9824,6367,2314,9398,5986,2263,364,265,103,0.03728744109813563,0.04239321708526636,0.04353338968723584,0.34137495207442736,0.6269621513909716,0.9798126704434306,0.6827499041488547,0.6269621513909716,0.6532084469622871,0.2650563949776548,0.28800534580688275,0.3013698630136986,100.0,100.0,5295,10500,2706,63,646,23,0.01189801699716714,0.06152380952380952,0.008499630450849963,0.8,0.8,0.30000000000000004,0.1,65.0,95.0,55.0,0.7000000000000001,0.8,0.30000000000000004,0.1,65.0,95.0,45.0,2396,2261,135,2396,0.056343906510851416,0.9860168598093486,1.5,0.6573445732062324,684,0.3025210084033613,1.0,1
"iteration_3","SCOPE_DATA_COLLECTION",1600,28,1750.0,1810.0,0,9641,6374,2396,9825,6299,2377,9169,6040,2272,524,371,149,0.05405963066130197,0.05786928716268913,0.06154481619165634,0.3601725318647255,0.6790642180198475,1.0072569586913245,0.720345063729451,0.6790642180198475,0.6715046391275497,0.27124004798778495,0.30927152317880796,0.30633802816901406,100.0,100.0,5198,9246,3967,70,335,639,0.013466717968449404,0.036231884057971016,0.16107890093269472,0.7000000000000001,0.8,0.30000000000000004,0.1,65.0,95.0,45.0,0.7000000000000001,0.8,0.30000000000000004,0.1,65.0,95.0,45.0,9634,9289,345,9634,0.03581067054183101,0.35370915957058724,0.5,0.7074183191411745,2589,0.27871676176122295,1.0,1
"iteration_3","SCOPE_DATA_COLLECTION",1600,28,1750.0,1810.0,1,9641,6374,2396,9825,6299,2377,9169,6040,2272,524,371,149,0.05405963066130197,0.05786928716268913,0.06154481619165634,0.3601725318647255,0.6790642180198475,1.0072569586913245,0.720345063729451,0.6790642180198475,0.6715046391275497,0.27124004798778495,0.30927152317880796,0.30633802816901406,100.0,100.0,5198,9246,3967,70,335,639,0.013466717968449404,0.036231884057971016,0.16107890093269472,0.7000000000000001,0.8,0.30000000000000004,0.1,65.0,95.0,45.0,0.7000000000000001,0.8,0.30000000000000004,0.1,65.0,95.0,45.0,6507,6271,236,6507,0.03626863377900722,0.648817050098202,1.0,0.648817050098202,1956,0.31191197576144153,1.0,1
"iteration_3","SCOPE_DATA_COLLECTION",1600,28,1750.0,1810.0,2,9641,6374,2396,9825,6299,2377,9169,6040,2272,524,371,149,0.05405963066130197,0.05786928716268913,0.06154481619165634,0.3601725318647255,0.6790642180198475,1.0072569586913245,0.720345063729451,0.6790642180198475,0.6715046391275497,0.27124004798778495,0.30927152317880796,0.30633802816901406,100.0,100.0,5198,9246,3967,70,335,639,0.013466717968449404,0.036231884057971016,0.16107890093269472,0.7000000000000001,0.8,0.30000000000000004,0.1,65.0,95.0,45.0,0.7000000000000001,0.8,0.30000000000000004,0.1,65.0,95.0,45.0,2264,2159,105,2264,0.04637809187279152,0.9673986141189479,1.5,0.644932409412632,645,0.2987494210282538,1.0,1
"iteration_3","SCOPE_DATA_COLLECTION",1600,29,1810.0,1870.0,0,9634,6507,2264,9641,6374,2396,9277,6265,2162,345,236,105,0.03585533153190605,0.03630210736809721,0.04631671812968681,0.35276756674175913,0.6481230236134464,0.9660774735996992,0.7055351334835183,0.6481230236134464,0.6440516490664662,0.27810714670690956,0.3110933758978452,0.2992599444958372,100.0,100.0,5363,9138,3904,53,12,621,0.009882528435577102,0.0013131976362442547,0.15906762295081966,0.7000000000000001,0.8,0.30000000000000004,0.1,65.0,95.0,45.0,0.7000000000000001,0.7000000000000001,0.2,0.1,55.0,95.0,35.0,9710,9465,245,9710,0.025231719876416064,0.3372957026812921,0.5,0.6745914053625842,2490,0.2630744849445325,1.0,1
"iteration_3","SCOPE_DATA_COLLECTION",1600,29,1810.0,1870.0,1,9634,6507,2264,9641,6374,2396,9277,6265,2162,345,236,105,0.03585533153190605,0.03630210736809721,0.04631671812968681,0.35276756674175913,0.6481230236134464,0.9660774735996992,0.7055351334835183,0.6481230236134464,0.6440516490664662,0.27810714670690956,0.3110933758978452,0.2992599444958372,100.0,100.0,5363,9138,3904,53,12,621,0.009882528435577102,0.0013131976362442547,0.15906762295081966,0.7000000000000001,0.8,0.30000000000000004,0.1,65.0,95.0,45.0,0.7000000000000001,0.7000000000000001,0.2,0.1,55.0,95.0,35.0,6275,6123,152,6275,0.024223107569721115,0.6040927931117988,1.0,0.6040927931117988,1753,0.2862975665523436,1.0,1
"iteration_3","SCOPE_DATA_COLLECTION",1600,29,1810.0,1870.0,2,9634,6507,2264,9641,6374,2396,9277,6265,2162,345,236,105,0.03585533153190605,0.03630210736809721,0.04631671812968681,0.35276756674175913,0.6481230236134464,0.9660774735996992,0.7055351334835183,0.6481230236134464,0.6440516490664662,0.27810714670690956,0.3110933758978452,0.2992599444958372,100.0,100.0,5363,9138,3904,53,12,621,0.009882528435577102,0.0013131976362442547,0.15906762295081966,0.7000000000000001,0.8,0.30000000000000004,0.1,65.0,95.0,45.0,0.7000000000000001,0.7000000000000001,0.2,0.1,55.0,95.0,35.0,2372,2285,87,2372,0.0366779089376054,0.9540444931076157,1.5,0.6360296620717438,673,0.29452954048140045,1.0,1
"iteration_3","SCOPE_DATA_COLLECTION",1600,30,1870.0,1930.0,0,9710,6275,2372,9634,6507,2264,9464,6140,2272,245,152,87,0.025234318673395817,0.024157660521296885,0.03688003391267486,0.33539577788723407,0.6059176089034733,0.9513039451084575,0.6707915557744681,0.6059176089034733,0.634202630072305,0.26193998309382927,0.2876221498371335,0.292693661971831,100.0,100.0,5305,9133,3919,57,16,411,0.010744580584354383,0.0017518887550640534,0.10487369226843582,0.7000000000000001,0.7000000000000001,0.2,0.1,55.0,95.0,35.0,0.8,0.7000000000000001,0.30000000000000004,0.1,65.0,95.0,45.0,9833,9637,196,9833,0.019932879080646802,0.33215818383903306,0.5,0.6643163676780661,2525,0.26201099927363286,1.0,1
"iteration_3","SCOPE_DATA_COLLECTION",1600,30,1870.0,1930.0,1,9710,6275,2372,9634,6507,2264,9464,6140,2272,245,152,87,0.025234318673395817,0.024157660521296885,0.03688003391267486,0.33539577788723407,0.6059176089034733,0.9513039451084575,0.6707915557744681,0.6059176089034733,0.634202630072305,0.26193998309382927,0.2876221498371335,0.292693661971831,100.0,100.0,5305,9133,3919,57,16,411,0.010744580584354383,0.0017518887550640534,0.10487369226843582,0.7000000000000001,0.7000000000000001,0.2,0.1,55.0,95.0,35.0,0.8,0.7000000000000001,0.30000000000000004,0.1,65.0,95.0,45.0,6444,6295,149,6444,0.023122284295468653,0.6186089858513691,1.0,0.6186089858513691,1802,0.2862589356632248,1.0,1
"iteration_3","SCOPE_DATA_COLLECTION",1600,30,1870.0,1930.0,2,9710,6275,2372,9634,6507,2264,9464,6140,2272,245,152,87,0.025234318673395817,0.024157660521296885,0.03688003391267486,0.33539577788723407,0.6059176089034733,0.9513039451084575,0.6707915557744681,0.6059176089034733,0.634202630072305,0.26193998309382927,0.2876221498371335,0.292693661971831,100.0,100.0,5305,9133,3919,57,16,411,0.010744580584354383,0.0017518887550640534,0.10487369226843582,0.7000000000000001,0.7000000000000001,0.2,0.1,55.0,95.0,35.0,0.8,0.7000000000000001,0.30000000000000004,0.1,65.0,95.0,45.0,2178,2121,57,2178,0.026170798898071626,0.953091224514777,1.5,0.635394149676518,637,0.30033003300330036,1.0,1
"iteration_3","SCOPE_DATA_COLLECTION",1600,31,1930.0,1990.0,0,9833,6444,2178,9710,6275,2372,9664,6291,2124,196,149,57,0.019878296146044624,0.02313664596273292,0.026134800550206328,0.3348351251963362,0.6157134666979397,0.9553734718372632,0.6696702503926724,0.6157134666979397,0.6369156478915088,0.2640728476821192,0.28453346049912576,0.3008474576271186,100.0,100.0,5412,10348,2695,50,330,22,0.009238728750923873,0.031890220332431385,0.00816326530612245,0.8,0.7000000000000001,0.30000000000000004,0.1,65.0,95.0,45.0,0.9,0.7000000000000001,0.4,0.2,55.0,95.0,55.0,9835,7501,2334,9835,0.2373157092018302,0.4152007407521962,0.5,0.8304014815043924,2602,0.346887081722437,1.0,1
"iteration_3","SCOPE_DATA_COLLECTION",1600,31,1930.0,1990.0,1,9833,6444,2178,9710,6275,2372,9664,6291,2124,196,149,57,0.019878296146044624,0.02313664596273292,0.026134800550206328,0.3348351251963362,0.6157134666979397,0.9553734718372632,0.6696702503926724,0.6157134666979397,0.6369156478915088,0.2640728476821192,0.28453346049912576,0.3008474576271186,100.0,100.0,5412,10348,2695,50,330,22,0.009238728750923873,0.031890220332431385,0.00816326530612245,0.8,0.7000000000000001,0.30000000000000004,0.1,65.0,95.0,45.0,0.9,0.7000000000000001,0.4,0.2,55.0,95.0,55.0,6339,4770,1569,6339,0.24751538097491718,0.7729006344854081,1.0,0.7729006344854081,1753,0.36750524109014676,1.0,1
"iteration_3","SCOPE_DATA_COLLECTION",1600,31,1930.0,1990.0,2,9833,6444,2178,9710,6275,2372,9664,6291,2124,196,149,57,0.019878296146044624,0.02313664596273292,0.026134800550206328,0.3348351251963362,0.6157134666979397,0.9553734718372632,0.6696702503926724,0.6157134666979397,0.6369156478915088,0.2640728476821192,0.28453346049912576,0.3008474576271186,100.0,100.0,5412,10348,2695,50,330,22,0.009238728750923873,0.031890220332431385,0.00816326530612245,0.8,0.7000000000000001,0.30000000000000004,0.1,65.0,95.0,45.0,0.9,0.7000000000000001,0.4,0.2,55.0,95.0,55.0,2353,1749,604,2353,0.2566935826604335,1.185289925592818,1.5,0.7901932837285454,683,0.3905088622069754,1.0,1
"iteration_3","SCOPE_DATA_COLLECTION",1600,32,1990.0,2050.0,0,9835,6339,2353,9833,6444,2178,7494,4767,1755,2334,1569,603,0.23748473748473747,0.24763257575757575,0.25572519083969464,0.41503145075927234,0.7745420439829876,1.1846181619782015,0.8300629015185447,0.7745420439829876,0.789745441318801,0.3457432612756872,0.36815607300188796,0.392022792022792,97.5,100.0,5331,11804,1392,141,4365,0,0.026449071468767585,0.36978990172822773,0.0,0.9,0.7000000000000001,0.4,0.2,55.0,95.0,55.0,0.9500000000000001,0.8,0.4,0.2,65.0,95.0,55.0,9795,6702,3093,9795,0.31577335375191423,0.4846503209874612,0.5,0.9693006419749224,2916,0.4350940017905103,1.0,1
"iteration_3","SCOPE_DATA_COLLECTION",1600,32,1990.0,2050.0,1,9835,6339,2353,9833,6444,2178,7494,4767,1755,2334,1569,603,0.23748473748473747,0.24763257575757575,0.25572519083969464,0.41503145075927234,0.7745420439829876,1.1846181619782015,0.8300629015185447,0.7745420439829876,0.789745441318801,0.3457432612756872,0.36815607300188796,0.392022792022792,97.5,100.0,5331,11804,1392,141,4365,0,0.026449071468767585,0.36978990172822773,0.0,0.9,0.7000000000000001,0.4,0.2,55.0,95.0,55.0,0.9500000000000001,0.8,0.4,0.2,65.0,95.0,55.0,6279,4116,2163,6279,0.34448160535117056,0.8889765179000731,1.0,0.8889765179000731,1892,0.45966958211856174,1.0,1
"iteration_3","SCOPE_DATA_COLLECTION",1600,32,1990.0,2050.0,2,9835,6339,2353,9833,6444,2178,7494,4767,1755,2334,1569,603,0.23748473748473747,0.24763257575757575,0.25572519083969464,0.41503145075927234,0.7745420439829876,1.1846181619782015,0.8300629015185447,0.7745420439829876,0.789745441318801,0.3457432612756872,0.36815607300188796,0.392022792022792,97.5,100.0,5331,11804,1392,141,4365,0,0.026449071468767585,0.36978990172822773,0.0,0.9,0.7000000000000001,0.4,0.2,55.0,95.0,55.0,0.9500000000000001,0.8,0.4,0.2,65.0,95.0,55.0,2373,1490,883,2373,0.3721028234302571,1.2988999864285777,1.5,0.8659333242857185,661,0.4436241610738255,1.0,1
"iteration_3","SCOPE_DATA_COLLECTION",1600,33,2050.0,2110.0,0,9795,6279,2373,9835,6339,2353,6644,4070,1477,3059,2141,874,0.3152633206224879,0.3447109966189019,0.37175669927690347,0.4814002089580304,0.8861303568439006,1.2941713568004403,0.9628004179160607,0.8861303568439006,0.8627809045336269,0.43527995183624324,0.45995085995085994,0.4414353419092756,97.5,100.0,5415,12417,615,132,5942,0,0.02437673130193906,0.4785374889264718,0.0,0.9500000000000001,0.8,0.4,0.2,65.0,95.0,55.0,0.9500000000000001,0.9,0.30000000000000004,0.2,55.0,95.0,65.0,9882,6695,3187,9882,0.3225055656749646,0.5079670043612046,0.5,1.0159340087224091,3018,0.45078416728902165,1.0,1
"iteration_3","SCOPE_DATA_COLLECTION",1600,33,2050.0,2110.0,1,9795,6279,2373,9835,6339,2353,6644,4070,1477,3059,2141,874,0.3152633206224879,0.3447109966189019,0.37175669927690347,0.4814002089580304,0.8861303568439006,1.2941713568004403,0.9628004179160607,0.8861303568439006,0.8627809045336269,0.43527995183624324,0.45995085995085994,0.4414353419092756,97.5,100.0,5415,12417,615,132,5942,0,0.02437673130193906,0.4785374889264718,0.0,0.9500000000000001,0.8,0.4,0.2,65.0,95.0,55.0,0.9500000000000001,0.9,0.30000000000000004,0.2,55.0,95.0,65.0,6428,4326,2102,6428,0.32700684505289357,0.8801524992648608,1.0,0.8801524992648608,1941,0.4486823855755895,1.0,1
"iteration_3","SCOPE_DATA_COLLECTION",1600,33,2050.0,2110.0,2,9795,6279,2373,9835,6339,2353,6644,4070,1477,3059,2141,874,0.3152633206224879,0.3447109966189019,0.37175669927690347,0.4814002089580304,0.8861303568439006,1.2941713568004403,0.9628004179160607,0.8861303568439006,0.8627809045336269,0.43527995183624324,0.45995085995085994,0.4414353419092756,97.5,100.0,5415,12417,615,132,5942,0,0.02437673130193906,0.4785374889264718,0.0,0.9500000000000001,0.8,0.4,0.2,65.0,95.0,55.0,0.9500000000000001,0.9,0.30000000000000004,0.2,55.0,95.0,65.0,2297,1458,839,2297,0.3652590335219852,1.336682663866413,1.5,0.8911217759109421,668,0.45816186556927296,1.0,1
"iteration_3","SCOPE_DATA_COLLECTION",1600,34,2110.0,2170.0,0,9882,6428,2297,9795,6279,2373,6745,4357,1469,3221,2124,849,0.3231988761790086,0.32772720259219257,0.36626402070750647,0.5096696098620991,0.879800369952968,1.3339866390816242,1.0193392197241982,0.879800369952968,0.8893244260544161,0.45159377316530763,0.44870323617167773,0.45745405037440434,100.0,100.0,5470,12420,717,113,6081,0,0.020658135283363802,0.4896135265700483,0.0,0.9500000000000001,0.9,0.30000000000000004,0.2,55.0,95.0,65.0,0.9500000000000001,0.8,0.30000000000000004,0.2,45.0,85.0,65.0,9611,6586,3025,9611,0.3147435230465092,0.514624366091715,0.5,1.02924873218343,2714,0.4120862435469177,1.0,1
"iteration_3","SCOPE_DATA_COLLECTION",1600,34,2110.0,2170.0,1,9882,6428,2297,9795,6279,2373,6745,4357,1469,3221,2124,849,0.3231988761790086,0.32772720259219257,0.36626402070750647,0.5096696098620991,0.879800369952968,1.3339866390816242,1.0193392197241982,0.879800369952968,0.8893244260544161,0.45159377316530763,0.44870323617167773,0.45745405037440434,100.0,100.0,5470,12420,717,113,6081,0,0.020658135283363802,0.4896135265700483,0.0,0.9500000000000001,0.9,0.30000000000000004,0.2,55.0,95.0,65.0,0.9500000000000001,0.8,0.30000000000000004,0.2,45.0,85.0,65.0,6363,4290,2073,6363,0.3257897218293258,0.8949399401420204,1.0,0.8949399401420204,1930,0.44988344988344986,1.0,1
"iteration_3","SCOPE_DATA_COLLECTION",1600,34,2110.0,2170.0,2,9882,6428,2297,9795,6279,2373,6745,4357,1469,3221,2124,849,0.3231988761790086,0.32772720259219257,0.36626402070750647,0.5096696098620991,0.879800369952968,1.3339866390816242,1.0193392197241982,0.879800369952968,0.8893244260544161,0.45159377316530763,0.44870323617167773,0.45745405037440434,100.0,100.0,5470,12420,717,113,6081,0,0.020658135283363802,0.4896135265700483,0.0,0.9500000000000001,0.9,0.30000000000000004,0.2,55.0,95.0,65.0,0.9500000000000001,0.8,0.30000000000000004,0.2,45.0,85.0,65.0,2256,1443,813,2256,0.3603723404255319,1.3257566373722356,1.5,0.883837758248157,650,0.45045045045045046,1.0,1
"iteration_3","SCOPE_DATA_COLLECTION",1600,35,2170.0,2230.0,0,9611,6363,2256,9882,6428,2297,6540,4270,1438,3025,2073,813,0.316257187663356,0.3268169635819013,0.3611728120835184,0.5085065743512884,0.8933450428150577,1.3318847486348062,1.0170131487025769,0.8933450428150577,0.8879231657565375,0.4059633027522936,0.446135831381733,0.44923504867872044,100.0,100.0,5380,12201,649,107,5804,0,0.019888475836431226,0.47569871322022783,0.0,0.9500000000000001,0.8,0.30000000000000004,0.2,45.0,85.0,65.0,0.15000000000000002,0.5,0.9,0.1,35.0,80.0,20.0,9802,3920,5882,9802,0.6000816159967354,0.5895295111862188,0.5,1.1790590223724375,2432,0.6204081632653061,1.0,1
"iteration_3","SCOPE_DATA_COLLECTION",1600,35,2170.0,2230.0,1,9611,6363,2256,9882,6428,2297,6540,4270,1438,3025,2073,813,0.316257187663356,0.3268169635819013,0.3611728120835184,0.5085065743512884,0.8933450428150577,1.3318847486348062,1.0170131487025769,0.8933450428150577,0.8879231657565375,0.4059633027522936,0.446135831381733,0.44923504867872044,100.0,100.0,5380,12201,649,107,5804,0,0.019888475836431226,0.47569871322022783,0.0,0.9500000000000001,0.8,0.30000000000000004,0.2,45.0,85.0,65.0,0.15000000000000002,0.5,0.9,0.1,35.0,80.0,20.0,6352,2504,3848,6352,0.6057934508816121,1.2303669261042902,1.0,1.2303669261042902,1810,0.7228434504792333,1.0,1
"iteration_3","SCOPE_DATA_COLLECTION",1600,35,2170.0,2230.0,2,9611,6363,2256,9882,6428,2297,6540,4270,1438,3025,2073,813,0.316257187663356,0.3268169635819013,0.3611728120835184,0.5085065743512884,0.8933450428150577,1.3318847486348062,1.0170131487025769,0.8933450428150577,0.8879231657565375,0.4059633027522936,0.446135831381733,0.44923504867872044,100.0,100.0,5380,12201,649,107,5804,0,0.019888475836431226,0.47569871322022783,0.0,0.9500000000000001,0.8,0.30000000000000004,0.2,45.0,85.0,65.0,0.15000000000000002,0.5,0.9,0.1,35.0,80.0,20.0,2289,898,1391,2289,0.6076889471384884,1.7118729626000588,1.5,1.1412486417333725,651,0.7249443207126949,1.0,1
"iteration_3","SCOPE_DATA_COLLECTION",1600,36,2230.0,2290.0,0,9802,6352,2289,9611,6363,2256,3983,2538,916,5882,3848,1391,0.596249366447035,0.6025681177575948,0.6029475509319463,0.5976726247393304,1.2249292724124095,1.7034393113854298,1.1953452494786607,1.2249292724124095,1.1356262075902865,0.6246547828270148,0.7210401891252955,0.7237991266375546,100.0,100.0,5407,1955,11081,94,3,11024,0.01738487146291844,0.001534526854219949,0.9948560599223897,0.15000000000000002,0.5,0.9,0.1,35.0,80.0,20.0,0.05,0.4,0.8,0.2,25.0,70.0,20.0,9733,3160,6573,9733,0.6753313469639372,0.6710460175692106,0.5,1.3420920351384211,2342,0.7411392405063291,1.0,1
"iteration_3","SCOPE_DATA_COLLECTION",1600,36,2230.0,2290.0,1,9802,6352,2289,9611,6363,2256,3983,2538,916,5882,3848,1391,0.596249366447035,0.6025681177575948,0.6029475509319463,0.5976726247393304,1.2249292724124095,1.7034393113854298,1.1953452494786607,1.2249292724124095,1.1356262075902865,0.6246547828270148,0.7210401891252955,0.7237991266375546,100.0,100.0,5407,1955,11081,94,3,11024,0.01738487146291844,0.001534526854219949,0.9948560599223897,0.15000000000000002,0.5,0.9,0.1,35.0,80.0,20.0,0.05,0.4,0.8,0.2,25.0,70.0,20.0,6507,2106,4401,6507,0.6763485477178424,1.4169853929269711,1.0,1.4169853929269711,1849,0.8779677113010447,1.0,1
"iteration_3","SCOPE_DATA_COLLECTION",1600,36,2230.0,2290.0,2,9802,6352,2289,9611,6363,2256,3983,2538,916,5882,3848,1391,0.596249366447035,0.6025681177575948,0.6029475509319463,0.5976726247393304,1.2249292724124095,1.7034393113854298,1.1953452494786607,1.2249292724124095,1.1356262075902865,0.6246547828270148,0.7210401891252955,0.7237991266375546,100.0,100.0,5407,1955,11081,94,3,11024,0.01738487146291844,0.001534526854219949,0.9948560599223897,0.15000000000000002,0.5,0.9,0.1,35.0,80.0,20.0,0.05,0.4,0.8,0.2,25.0,70.0,20.0,2280,698,1582,2280,0.6938596491228071,2.1461093576875765,1.5,1.4307395717917177,634,0.9083094555873925,1.0,1
"iteration_3","SCOPE_DATA_COLLECTION",1600,37,2290.0,2350.0,0,9733,6507,2280,9802,6352,2289,3180,2123,690,6573,4401,1581,0.6739464780067671,0.6745861434702637,0.6961690885072656,0.6743281937892471,1.4219805037791673,2.1377440175029494,1.3486563875784943,1.4219805037791673,1.4251626783352995,0.7421383647798742,0.8784738577484692,0.9043478260869565,97.5,100.0,5491,641,12388,167,0,12388,0.030413403751593515,0.0,1.0,0.05,0.4,0.8,0.2,25.0,70.0,20.0,0.05,0.30000000000000004,0.8,0.30000000000000004,20.0,60.0,20.0,9703,3170,6533,9703,0.673296918478821,0.6725977617503112,0.5,1.3451955235006223,2366,0.7463722397476341,1.0,1
"iteration_3","SCOPE_DATA_COLLECTION",1600,37,2290.0,2350.0,1,9733,6507,2280,9802,6352,2289,3180,2123,690,6573,4401,1581,0.6739464780067671,0.6745861434702637,0.6961690885072656,0.6743281937892471,1.4219805037791673,2.1377440175029494,1.3486563875784943,1.4219805037791673,1.4251626783352995,0.7421383647798742,0.8784738577484692,0.9043478260869565,97.5,100.0,5491,641,12388,167,0,12388,0.030413403751593515,0.0,1.0,0.05,0.4,0.8,0.2,25.0,70.0,20.0,0.05,0.30000000000000004,0.8,0.30000000000000004,20.0,60.0,20.0,6333,2012,4321,6333,0.6822990683720196,1.443422731479924,1.0,1.443422731479924,1774,0.8817097415506958,1.0,1
"iteration_3","SCOPE_DATA_COLLECTION",1600,37,2290.0,2350.0,2,9733,6507,2280,9802,6352,2289,3180,2123,690,6573,4401,1581,0.6739464780067671,0.6745861434702637,0.6961690885072656,0.6743281937892471,1.4219805037791673,2.1377440175029494,1.3486563875784943,1.4219805037791673,1.4251626783352995,0.7421383647798742,0.8784738577484692,0.9043478260869565,97.5,100.0,5491,641,12388,167,0,12388,0.030413403751593515,0.0,1.0,0.05,0.4,0.8,0.2,25.0,70.0,20.0,0.05,0.30000000000000004,0.8,0.30000000000000004,20.0,60.0,20.0,2403,747,1656,2403,0.6891385767790262,2.10894797261571,1.5,1.4059653150771398,663,0.8875502008032129,1.0,1
"iteration_3","SCOPE_DATA_COLLECTION",1600,38,2350.0,2410.0,0,9703,6333,2403,9733,6507,2280,3167,2010,748,6533,4321,1657,0.6735051546391753,0.6825146106460275,0.688981288981289,0.6728381712873679,1.4422741213726245,2.1085686620218085,1.3456763425747358,1.4422741213726245,1.4057124413478723,0.7473950110514682,0.8820895522388059,0.8877005347593583,100.0,100.0,5499,604,12336,174,1,12336,0.031642116748499725,0.0016556291390728477,1.0,0.05,0.30000000000000004,0.8,0.30000000000000004,20.0,60.0,20.0,0.15000000000000002,0.2,0.8,0.4,20.0,70.0,20.0,9656,4090,5566,9656,0.5764291632145816,0.550169188699942,0.5,1.100338377399884,2455,0.6002444987775061,1.0,1
"iteration_3","SCOPE_DATA_COLLECTION",1600,38,2350.0,2410.0,1,9703,6333,2403,9733,6507,2280,3167,2010,748,6533,4321,1657,0.6735051546391753,0.6825146106460275,0.688981288981289,0.6728381712873679,1.4422741213726245,2.1085686620218085,1.3456763425747358,1.4422741213726245,1.4057124413478723,0.7473950110514682,0.8820895522388059,0.8877005347593583,100.0,100.0,5499,604,12336,174,1,12336,0.031642116748499725,0.0016556291390728477,1.0,0.05,0.30000000000000004,0.8,0.30000000000000004,20.0,60.0,20.0,0.15000000000000002,0.2,0.8,0.4,20.0,70.0,20.0,6222,2481,3741,6222,0.6012536162005786,1.2118479348815765,1.0,1.2118479348815765,1800,0.7255139056831923,1.0,1
"iteration_3","SCOPE_DATA_COLLECTION",1600,38,2350.0,2410.0,2,9703,6333,2403,9733,6507,2280,3167,2010,748,6533,4321,1657,0.6735051546391753,0.6825146106460275,0.688981288981289,0.6728381712873679,1.4422741213726245,2.1085686620218085,1.3456763425747358,1.4422741213726245,1.4057124413478723,0.7473950110514682,0.8820895522388059,0.8877005347593583,100.0,100.0,5499,604,12336,174,1,12336,0.031642116748499725,0.0016556291390728477,1.0,0.05,0.30000000000000004,0.8,0.30000000000000004,20.0,60.0,20.0,0.15000000000000002,0.2,0.8,0.4,20.0,70.0,20.0,2262,891,1371,2262,0.6061007957559682,1.8198881451104787,1.5,1.2132587634069858,652,0.7317620650953984,1.0,1
"iteration_3","SCOPE_DATA_COLLECTION",1600,39,2410.0,2470.0,0,9656,6222,2262,9703,6333,2403,4084,2463,894,5566,3741,1371,0.5767875647668393,0.6029980657640233,0.6052980132450331,0.5494677412382819,1.2078374188453471,1.8214043826930386,1.0989354824765638,1.2078374188453471,1.2142695884620258,0.5991674828599413,0.7239139261063744,0.7337807606263982,97.5,100.0,5727,1910,10503,173,2,10503,0.030207787672428845,0.0010471204188481676,1.0,0.15000000000000002,0.2,0.8,0.4,20.0,70.0,20.0,0.25,0.2,0.8,0.30000000000000004,20.0,70.0,20.0,9870,4650,5220,9870,0.5288753799392097,0.45954672156129567,0.5,0.9190934431225913,2223,0.4780645161290323,1.0,1
"iteration_3","SCOPE_DATA_COLLECTION",1600,39,2410.0,2470.0,1,9656,6222,2262,9703,6333,2403,4084,2463,894,5566,3741,1371,0.5767875647668393,0.6029980657640233,0.6052980132450331,0.5494677412382819,1.2078374188453471,1.8214043826930386,1.0989354824765638,1.2078374188453471,1.2142695884620258,0.5991674828599413,0.7239139261063744,0.7337807606263982,97.5,100.0,5727,1910,10503,173,2,10503,0.030207787672428845,0.0010471204188481676,1.0,0.15000000000000002,0.2,0.8,0.4,20.0,70.0,20.0,0.25,0.2,0.8,0.30000000000000004,20.0,70.0,20.0,6547,3073,3474,6547,0.5306247136092866,1.0875390402672651,1.0,1.0875390402672651,1919,0.6244712007809957,1.0,1
"iteration_3","SCOPE_DATA_COLLECTION",1600,39,2410.0,2470.0,2,9656,6222,2262,9703,6333,2403,4084,2463,894,5566,3741,1371,0.5767875647668393,0.6029980657640233,0.6052980132450331,0.5494677412382819,1.2078374188453471,1.8214043826930386,1.0989354824765638,1.2078374188453471,1.2142695884620258,0.5991674828599413,0.7239139261063744,0.7337807606263982,97.5,100.0,5727,1910,10503,173,2,10503,0.030207787672428845,0.0010471204188481676,1.0,0.15000000000000002,0.2,0.8,0.4,20.0,70.0,20.0,0.25,0.2,0.8,0.30000000000000004,20.0,70.0,20.0,2341,1023,1318,2341,0.5630072618539086,1.5274430693230996,1.5,1.018295379548733,611,0.5972629521016618,1.0,1
"iteration_3","SCOPE_DATA_COLLECTION",1600,40,2470.0,2530.0,0,9870,6547,2341,9656,6222,2262,4660,3081,1026,5220,3474,1318,0.52834008097166,0.5299771167048055,0.5622866894197952,0.46140677573962907,1.0943073083495827,1.5346753870053491,0.9228135514792581,1.0943073083495827,1.0231169246702327,0.48004291845493563,0.6267445634534242,0.5984405458089669,95.0,100.0,5550,3339,9869,138,5,9869,0.024864864864864864,0.001497454327643007,1.0,0.25,0.2,0.8,0.30000000000000004,20.0,70.0,20.0,0.25,0.2,0.8,0.30000000000000004,20.0,70.0,20.0,9771,4639,5132,9771,0.525227714665848,0.4713007917060616,0.5,0.9426015834121232,2300,0.495796507868075,1.0,1
"iteration_3","SCOPE_DATA_COLLECTION",1600,40,2470.0,2530.0,1,9870,6547,2341,9656,6222,2262,4660,3081,1026,5220,3474,1318,0.52834008097166,0.5299771167048055,0.5622866894197952,0.46140677573962907,1.0943073083495827,1.5346753870053491,0.9228135514792581,1.0943073083495827,1.0231169246702327,0.48004291845493563,0.6267445634534242,0.5984405458089669,95.0,100.0,5550,3339,9869,138,5,9869,0.024864864864864864,0.001497454327643007,1.0,0.25,0.2,0.8,0.30000000000000004,20.0,70.0,20.0,0.25,0.2,0.8,0.30000000000000004,20.0,70.0,20.0,6367,2936,3431,6367,0.5388723103502434,1.0690541634271573,1.0,1.0690541634271573,1804,0.614441416893733,1.0,1
"iteration_3","SCOPE_DATA_COLLECTION",1600,40,2470.0,2530.0,2,9870,6547,2341,9656,6222,2262,4660,3081,1026,5220,3474,1318,0.52834008097166,0.5299771167048055,0.5622866894197952,0.46140677573962907,1.0943073083495827,1.5346753870053491,0.9228135514792581,1.0943073083495827,1.0231169246702327,0.48004291845493563,0.6267445634534242,0.5984405458089669,95.0,100.0,5550,3339,9869,138,5,9869,0.024864864864864864,0.001497454327643007,1.0,0.25,0.2,0.8,0.30000000000000004,20.0,70.0,20.0,0.25,0.2,0.8,0.30000000000000004,20.0,70.0,20.0,2352,1075,1277,2352,0.5429421768707483,1.5866240683213602,1.5,1.0577493788809067,670,0.6232558139534884,1.0,1
"iteration_3","SCOPE_DATA_COLLECTION",1600,41,2530.0,2590.0,0,9771,6367,2352,9870,6547,2341,4624,2935,1070,5132,3431,1277,0.5260352603526035,0.538956958843858,0.5440988495952279,0.46908856301148316,1.0642765694904373,1.5817980378310226,0.9381771260229663,1.0642765694904373,1.0545320252206818,0.4945934256055363,0.6129471890971039,0.6214953271028038,100.0,100.0,5597,3220,9673,165,2,9673,0.02948007861354297,6.211180124223603E-4,1.0,0.25,0.2,0.8,0.30000000000000004,20.0,70.0,20.0,0.25,0.30000000000000004,0.7000000000000001,0.2,20.0,80.0,20.0,9714,4575,5139,9714,0.5290302655960469,0.4788697051784472,0.5,0.9577394103568944,2304,0.5036065573770492,1.0,1
"iteration_3","SCOPE_DATA_COLLECTION",1600,41,2530.0,2590.0,1,9771,6367,2352,9870,6547,2341,4624,2935,1070,5132,3431,1277,0.5260352603526035,0.538956958843858,0.5440988495952279,0.46908856301148316,1.0642765694904373,1.5817980378310226,0.9381771260229663,1.0642765694904373,1.0545320252206818,0.4945934256055363,0.6129471890971039,0.6214953271028038,100.0,100.0,5597,3220,9673,165,2,9673,0.02948007861354297,6.211180124223603E-4,1.0,0.25,0.2,0.8,0.30000000000000004,20.0,70.0,20.0,0.25,0.30000000000000004,0.7000000000000001,0.2,20.0,80.0,20.0,6286,2878,3408,6286,0.5421571746738785,1.0442803010503672,1.0,1.0442803010503672,1780,0.6184850590687978,1.0,1
"iteration_3","SCOPE_DATA_COLLECTION",1600,41,2530.0,2590.0,2,9771,6367,2352,9870,6547,2341,4624,2935,1070,5132,3431,1277,0.5260352603526035,0.538956958843858,0.5440988495952279,0.46908856301148316,1.0642765694904373,1.5817980378310226,0.9381771260229663,1.0642765694904373,1.0545320252206818,0.4945934256055363,0.6129471890971039,0.6214953271028038,100.0,100.0,5597,3220,9673,165,2,9673,0.02948007861354297,6.211180124223603E-4,1.0,0.25,0.2,0.8,0.30000000000000004,20.0,70.0,20.0,0.25,0.30000000000000004,0.7000000000000001,0.2,20.0,80.0,20.0,2255,1047,1208,2255,0.5356984478935698,1.5172291592369003,1.5,1.0114861061579334,632,0.603629417382999,1.0,1
"iteration_3","SCOPE_DATA_COLLECTION",1600,42,2590.0,2650.0,0,9714,6286,2255,9771,6367,2352,4566,2883,1052,5139,3408,1208,0.5295208655332303,0.541726275631855,0.5345132743362832,0.47893528753185566,1.0499325958165149,1.5202663451937954,0.9578705750637113,1.0499325958165149,1.0135108967958637,0.5013140604467805,0.6201873048907388,0.6055133079847909,100.0,100.0,5431,3192,9632,121,2,9632,0.022279506536549438,6.265664160401002E-4,1.0,0.25,0.30000000000000004,0.7000000000000001,0.2,20.0,80.0,20.0,0.25,0.30000000000000004,0.7000000000000001,0.2,20.0,80.0,20.0,9675,4553,5122,9675,0.529405684754522,0.4858600870875295,0.5,0.971720174175059,2333,0.5124094003953438,1.0,1
"iteration_3","SCOPE_DATA_COLLECTION",1600,42,2590.0,2650.0,1,9714,6286,2255,9771,6367,2352,4566,2883,1052,5139,3408,1208,0.5295208655332303,0.541726275631855,0.5345132743362832,0.47893528753185566,1.0499325958165149,1.5202663451937954,0.9578705750637113,1.0499325958165149,1.0135108967958637,0.5013140604467805,0.6201873048907388,0.6055133079847909,100.0,100.0,5431,3192,9632,121,2,9632,0.022279506536549438,6.265664160401002E-4,1.0,0.25,0.30000000000000004,0.7000000000000001,0.2,20.0,80.0,20.0,0.25,0.30000000000000004,0.7000000000000001,0.2,20.0,80.0,20.0,6338,2964,3374,6338,0.5323445881981698,1.0756047632861947,1.0,1.0756047632861947,1847,0.623144399460189,1.0,1
"iteration_3","SCOPE_DATA_COLLECTION",1600,42,2590.0,2650.0,2,9714,6286,2255,9771,6367,2352,4566,2883,1052,5139,3408,1208,0.5295208655332303,0.541726275631855,0.5345132743362832,0.47893528753185566,1.0499325958165149,1.5202663451937954,0.9578705750637113,1.0499325958165149,1.0135108967958637,0.5013140604467805,0.6201873048907388,0.6055133079847909,100.0,100.0,5431,3192,9632,121,2,9632,0.022279506536549438,6.265664160401002E-4,1.0,0.25,0.30000000000000004,0.7000000000000001,0.2,20.0,80.0,20.0,0.25,0.30000000000000004,0.7000000000000001,0.2,20.0,80.0,20.0,2355,1035,1320,2355,0.5605095541401274,1.5244508661951266,1.5,1.0163005774634177,629,0.6077294685990338,1.0,1
"iteration_3","SCOPE_DATA_COLLECTION",1600,43,2650.0,2710.0,0,9675,6338,2355,9714,6286,2255,4571,2967,1026,5122,3374,1319,0.5284225729908181,0.5320927298533354,0.5624733475479744,0.4865234856057105,1.0711101059006067,1.516451374811775,0.973046971211421,1.0711101059006067,1.01096758320785,0.5147670094071319,0.6231884057971014,0.6042884990253411,100.0,100.0,5468,3197,9703,109,3,9703,0.019934162399414777,9.383797309978105E-4,1.0,0.25,0.30000000000000004,0.7000000000000001,0.2,20.0,80.0,20.0,0.25,0.2,0.7000000000000001,0.30000000000000004,20.0,80.0,20.0,9920,4725,5195,9920,0.5236895161290323,0.45977711574653185,0.5,0.9195542314930637,2259,0.4780952380952381,1.0,1
"iteration_3","SCOPE_DATA_COLLECTION",1600,43,2650.0,2710.0,1,9675,6338,2355,9714,6286,2255,4571,2967,1026,5122,3374,1319,0.5284225729908181,0.5320927298533354,0.5624733475479744,0.4865234856057105,1.0711101059006067,1.516451374811775,0.973046971211421,1.0711101059006067,1.01096758320785,0.5147670094071319,0.6231884057971014,0.6042884990253411,100.0,100.0,5468,3197,9703,109,3,9703,0.019934162399414777,9.383797309978105E-4,1.0,0.25,0.30000000000000004,0.7000000000000001,0.2,20.0,80.0,20.0,0.25,0.2,0.7000000000000001,0.30000000000000004,20.0,80.0,20.0,6452,3060,3392,6452,0.5257284562926224,1.0567064440788652,1.0,1.0567064440788652,1862,0.6084967320261437,1.0,1
"iteration_3","SCOPE_DATA_COLLECTION",1600,43,2650.0,2710.0,2,9675,6338,2355,9714,6286,2255,4571,2967,1026,5122,3374,1319,0.5284225729908181,0.5320927298533354,0.5624733475479744,0.4865234856057105,1.0711101059006067,1.516451374811775,0.973046971211421,1.0711101059006067,1.01096758320785,0.5147670094071319,0.6231884057971014,0.6042884990253411,100.0,100.0,5468,3197,9703,109,3,9703,0.019934162399414777,9.383797309978105E-4,1.0,0.25,0.30000000000000004,0.7000000000000001,0.2,20.0,80.0,20.0,0.25,0.2,0.7000000000000001,0.30000000000000004,20.0,80.0,20.0,2347,1058,1289,2347,0.5492117596932254,1.5255756620619736,1.5,1.017050441374649,635,0.6001890359168242,1.0,1
"iteration_3","SCOPE_DATA_COLLECTION",1600,44,2710.0,2770.0,0,9920,6452,2347,9675,6338,2355,4707,3055,1066,5195,3392,1290,0.5246414865683701,0.5261361873739724,0.5475382003395586,0.4588390379279306,1.054316511634537,1.530296840086914,0.9176780758558613,1.054316511634537,1.0201978933912759,0.47609942638623326,0.6062193126022913,0.6031894934333959,100.0,100.0,5606,3374,9739,134,4,9739,0.023902961113093115,0.0011855364552459987,1.0,0.25,0.2,0.7000000000000001,0.30000000000000004,20.0,80.0,20.0,0.35000000000000003,0.1,0.7000000000000001,0.2,30.0,70.0,20.0,9783,5261,4522,9783,0.46223039967290197,0.38406276446886645,0.5,0.7681255289377329,1963,0.373122980421973,1.0,1
"iteration_3","SCOPE_DATA_COLLECTION",1600,44,2710.0,2770.0,1,9920,6452,2347,9675,6338,2355,4707,3055,1066,5195,3392,1290,0.5246414865683701,0.5261361873739724,0.5475382003395586,0.4588390379279306,1.054316511634537,1.530296840086914,0.9176780758558613,1.054316511634537,1.0201978933912759,0.47609942638623326,0.6062193126022913,0.6031894934333959,100.0,100.0,5606,3374,9739,134,4,9739,0.023902961113093115,0.0011855364552459987,1.0,0.25,0.2,0.7000000000000001,0.30000000000000004,20.0,80.0,20.0,0.35000000000000003,0.1,0.7000000000000001,0.2,30.0,70.0,20.0,6438,3438,3000,6438,0.4659832246039143,0.9524891865420807,1.0,0.9524891865420807,1875,0.5453752181500873,1.0,1
"iteration_3","SCOPE_DATA_COLLECTION",1600,44,2710.0,2770.0,2,9920,6452,2347,9675,6338,2355,4707,3055,1066,5195,3392,1290,0.5246414865683701,0.5261361873739724,0.5475382003395586,0.4588390379279306,1.054316511634537,1.530296840086914,0.9176780758558613,1.054316511634537,1.0201978933912759,0.47609942638623326,0.6062193126022913,0.6031894934333959,100.0,100.0,5606,3374,9739,134,4,9739,0.023902961113093115,0.0011855364552459987,1.0,0.25,0.2,0.7000000000000001,0.30000000000000004,20.0,80.0,20.0,0.35000000000000003,0.1,0.7000000000000001,0.2,30.0,70.0,20.0,2326,1215,1111,2326,0.47764402407566636,1.367147170080864,1.5,0.911431446720576,643,0.5292181069958848,1.0,1
"iteration_3","SCOPE_DATA_COLLECTION",1600,45,2770.0,2830.0,0,9783,6438,2326,9920,6452,2347,5260,3432,1213,4522,2999,1110,0.4622776528317318,0.4663349401337273,0.47783039173482567,0.38461081828510746,0.9532332733844836,1.367436535067019,0.7692216365702149,0.9532332733844836,0.911624356711346,0.37338403041825097,0.5454545454545454,0.5292662819455894,100.0,100.0,5555,4472,8520,107,4,8520,0.019261926192619263,8.944543828264759E-4,1.0,0.35000000000000003,0.1,0.7000000000000001,0.2,30.0,70.0,20.0,0.25,0.7000000000000001,0.2,0.7000000000000001,50.0,85.0,20.0,9736,4592,5144,9736,0.5283483976992605,0.4923303411862898,0.5,0.9846606823725796,2360,0.5139372822299652,1.0,1
"iteration_3","SCOPE_DATA_COLLECTION",1600,45,2770.0,2830.0,1,9783,6438,2326,9920,6452,2347,5260,3432,1213,4522,2999,1110,0.4622776528317318,0.4663349401337273,0.47783039173482567,0.38461081828510746,0.9532332733844836,1.367436535067019,0.7692216365702149,0.9532332733844836,0.911624356711346,0.37338403041825097,0.5454545454545454,0.5292662819455894,100.0,100.0,5555,4472,8520,107,4,8520,0.019261926192619263,8.944543828264759E-4,1.0,0.35000000000000003,0.1,0.7000000000000001,0.2,30.0,70.0,20.0,0.25,0.7000000000000001,0.2,0.7000000000000001,50.0,85.0,20.0,6360,2896,3464,6360,0.5446540880503145,0.9325096313539686,1.0,0.9325096313539686,1718,0.5932320441988951,1.0,1
"iteration_3","SCOPE_DATA_COLLECTION",1600,45,2770.0,2830.0,2,9783,6438,2326,9920,6452,2347,5260,3432,1213,4522,2999,1110,0.4622776528317318,0.4663349401337273,0.47783039173482567,0.38461081828510746,0.9532332733844836,1.367436535067019,0.7692216365702149,0.9532332733844836,0.911624356711346,0.37338403041825097,0.5454545454545454,0.5292662819455894,100.0,100.0,5555,4472,8520,107,4,8520,0.019261926192619263,8.944543828264759E-4,1.0,0.35000000000000003,0.1,0.7000000000000001,0.2,30.0,70.0,20.0,0.25,0.7000000000000001,0.2,0.7000000000000001,50.0,85.0,20.0,2340,1058,1282,2340,0.5478632478632479,1.550383695607992,1.5,1.033589130405328,644,0.6086956521739131,1.0,1
"iteration_3","SCOPE_DATA_COLLECTION",1600,46,2830.0,2890.0,0,9736,6360,2340,9783,6438,2326,4607,2913,1054,5144,3465,1283,0.5275356373705261,0.5432737535277516,0.5489944373127942,0.4924487113090318,0.9411096721932694,1.5482787075672844,0.9848974226180636,0.9411096721932694,1.0321858050448562,0.5150857390926851,0.5966357706831446,0.6072106261859582,97.5,100.0,5407,3263,9766,121,5,9766,0.022378398372480117,0.0015323322096230463,1.0,0.25,0.7000000000000001,0.2,0.7000000000000001,50.0,85.0,20.0,0.35000000000000003,0.7000000000000001,0.30000000000000004,0.6000000000000001,40.0,95.0,20.0,9745,5252,4493,9745,0.4610569522832222,0.45984928447644213,0.5,0.9196985689528843,2381,0.45335110434120335,1.0,1
"iteration_3","SCOPE_DATA_COLLECTION",1600,46,2830.0,2890.0,1,9736,6360,2340,9783,6438,2326,4607,2913,1054,5144,3465,1283,0.5275356373705261,0.5432737535277516,0.5489944373127942,0.4924487113090318,0.9411096721932694,1.5482787075672844,0.9848974226180636,0.9411096721932694,1.0321858050448562,0.5150857390926851,0.5966357706831446,0.6072106261859582,97.5,100.0,5407,3263,9766,121,5,9766,0.022378398372480117,0.0015323322096230463,1.0,0.25,0.7000000000000001,0.2,0.7000000000000001,50.0,85.0,20.0,0.35000000000000003,0.7000000000000001,0.30000000000000004,0.6000000000000001,40.0,95.0,20.0,6317,3377,2940,6317,0.4654107962640494,0.8936424600928471,1.0,0.8936424600928471,1803,0.5339058335801007,1.0,1
"iteration_3","SCOPE_DATA_COLLECTION",1600,46,2830.0,2890.0,2,9736,6360,2340,9783,6438,2326,4607,2913,1054,5144,3465,1283,0.5275356373705261,0.5432737535277516,0.5489944373127942,0.4924487113090318,0.9411096721932694,1.5482787075672844,0.9848974226180636,0.9411096721932694,1.0321858050448562,0.5150857390926851,0.5966357706831446,0.6072106261859582,97.5,100.0,5407,3263,9766,121,5,9766,0.022378398372480117,0.0015323322096230463,1.0,0.25,0.7000000000000001,0.2,0.7000000000000001,50.0,85.0,20.0,0.35000000000000003,0.7000000000000001,0.30000000000000004,0.6000000000000001,40.0,95.0,20.0,2341,1231,1110,2341,0.4741563434429731,1.4095440575653173,1.5,0.9396960383768782,646,0.5247766043866775,1.0,1
"iteration_3","SCOPE_DATA_COLLECTION",1600,47,2890.0,2950.0,0,9745,6317,2341,9736,6360,2340,5252,3371,1227,4493,2940,1110,0.4610569522832222,0.46585327206464905,0.4749679075738126,0.4588262288149355,0.895612433278982,1.4083574761105846,0.917652457629871,0.895612433278982,0.938904984073723,0.452970297029703,0.535449421536636,0.5240423797881011,97.5,100.0,5499,4526,8378,161,4,8378,0.0292780505546463,8.837825894829872E-4,1.0,0.35000000000000003,0.7000000000000001,0.30000000000000004,0.6000000000000001,40.0,95.0,20.0,0.6000000000000001,0.30000000000000004,0.1,0.4,55.0,90.0,30.0,9846,8087,1759,9846,0.17865122892545196,0.3765748500348549,0.5,0.7531497000697098,2676,0.33090144676641525,1.0,1
"iteration_3","SCOPE_DATA_COLLECTION",1600,47,2890.0,2950.0,1,9745,6317,2341,9736,6360,2340,5252,3371,1227,4493,2940,1110,0.4610569522832222,0.46585327206464905,0.4749679075738126,0.4588262288149355,0.895612433278982,1.4083574761105846,0.917652457629871,0.895612433278982,0.938904984073723,0.452970297029703,0.535449421536636,0.5240423797881011,97.5,100.0,5499,4526,8378,161,4,8378,0.0292780505546463,8.837825894829872E-4,1.0,0.35000000000000003,0.7000000000000001,0.30000000000000004,0.6000000000000001,40.0,95.0,20.0,0.6000000000000001,0.30000000000000004,0.1,0.4,55.0,90.0,30.0,6328,5120,1208,6328,0.19089759797724398,0.6803728821663416,1.0,0.6803728821663416,1880,0.3671875,1.0,1
"iteration_3","SCOPE_DATA_COLLECTION",1600,47,2890.0,2950.0,2,9745,6317,2341,9736,6360,2340,5252,3371,1227,4493,2940,1110,0.4610569522832222,0.46585327206464905,0.4749679075738126,0.4588262288149355,0.895612433278982,1.4083574761105846,0.917652457629871,0.895612433278982,0.938904984073723,0.452970297029703,0.535449421536636,0.5240423797881011,97.5,100.0,5499,4526,8378,161,4,8378,0.0292780505546463,8.837825894829872E-4,1.0,0.35000000000000003,0.7000000000000001,0.30000000000000004,0.6000000000000001,40.0,95.0,20.0,0.6000000000000001,0.30000000000000004,0.1,0.4,55.0,90.0,30.0,2315,1814,501,2315,0.216414686825054,1.0999964982217032,1.5,0.7333309988144688,661,0.3643880926130099,1.0,1
"iteration_3","SCOPE_DATA_COLLECTION",1600,48,2950.0,3010.0,0,9846,6328,2315,9745,6317,2341,8090,5127,1818,1759,1208,501,0.17859681185907197,0.19068666140489346,0.21604139715394566,0.3780929871789663,0.681305706262078,1.1085153370317022,0.7561859743579326,0.681305706262078,0.7390102246878015,0.33263288009888753,0.36707626292178663,0.36853685368536854,100.0,100.0,5358,7899,5232,74,2,3392,0.013811123553564763,2.53196607165464E-4,0.6483180428134556,0.6000000000000001,0.30000000000000004,0.1,0.4,55.0,90.0,30.0,0.45,0.8,0.9,0.2,80.0,80.0,60.0,9793,6006,3787,9793,0.3867047891350965,0.41753685734256146,0.5,0.8350737146851229,2368,0.3942723942723943,1.0,1
"iteration_3","SCOPE_DATA_COLLECTION",1600,48,2950.0,3010.0,1,9846,6328,2315,9745,6317,2341,8090,5127,1818,1759,1208,501,0.17859681185907197,0.19068666140489346,0.21604139715394566,0.3780929871789663,0.681305706262078,1.1085153370317022,0.7561859743579326,0.681305706262078,0.7390102246878015,0.33263288009888753,0.36707626292178663,0.36853685368536854,100.0,100.0,5358,7899,5232,74,2,3392,0.013811123553564763,2.53196607165464E-4,0.6483180428134556,0.6000000000000001,0.30000000000000004,0.1,0.4,55.0,90.0,30.0,0.45,0.8,0.9,0.2,80.0,80.0,60.0,6339,3856,2483,6339,0.39170216122416784,0.8847860778471435,1.0,0.8847860778471435,1861,0.48262448132780084,1.0,1
"iteration_3","SCOPE_DATA_COLLECTION",1600,48,2950.0,3010.0,2,9846,6328,2315,9745,6317,2341,8090,5127,1818,1759,1208,501,0.17859681185907197,0.19068666140489346,0.21604139715394566,0.3780929871789663,0.681305706262078,1.1085153370317022,0.7561859743579326,0.681305706262078,0.7390102246878015,0.33263288009888753,0.36707626292178663,0.36853685368536854,100.0,100.0,5358,7899,5232,74,2,3392,0.013811123553564763,2.53196607165464E-4,0.6483180428134556,0.6000000000000001,0.30000000000000004,0.1,0.4,55.0,90.0,30.0,0.45,0.8,0.9,0.2,80.0,80.0,60.0,2318,1341,977,2318,0.4214840379637619,1.25941925012064,1.5,0.83961283341376,627,0.46756152125279643,1.0,1
"iteration_3","SCOPE_DATA_COLLECTION",1600,49,3010.0,3070.0,0,9793,6339,2318,9846,6328,2315,5993,3844,1346,3787,2483,977,0.3872188139059305,0.39244507665560296,0.4205768402927249,0.4161405187925448,0.8784880489750844,1.2586381609257946,0.8322810375850896,0.8784880489750844,0.8390921072838631,0.39195728349741366,0.4799687825182102,0.4673105497771174,97.5,100.0,5417,5906,7127,117,3,7127,0.021598670851024553,5.079580088046055E-4,1.0,0.45,0.8,0.9,0.2,80.0,80.0,60.0,0.15000000000000002,0.9,0.2,0.30000000000000004,65.0,60.0,90.0,9800,3945,5855,9800,0.5974489795918367,0.5858371137743197,0.5,1.1716742275486394,2487,0.6304182509505704,1.0,1
"iteration_3","SCOPE_DATA_COLLECTION",1600,49,3010.0,3070.0,1,9793,6339,2318,9846,6328,2315,5993,3844,1346,3787,2483,977,0.3872188139059305,0.39244507665560296,0.4205768402927249,0.4161405187925448,0.8784880489750844,1.2586381609257946,0.8322810375850896,0.8784880489750844,0.8390921072838631,0.39195728349741366,0.4799687825182102,0.4673105497771174,97.5,100.0,5417,5906,7127,117,3,7127,0.021598670851024553,5.079580088046055E-4,1.0,0.45,0.8,0.9,0.2,80.0,80.0,60.0,0.15000000000000002,0.9,0.2,0.30000000000000004,65.0,60.0,90.0,6425,2469,3956,6425,0.6157198443579767,1.1162524632749844,1.0,1.1162524632749844,1777,0.7197245848521668,1.0,1
"iteration_3","SCOPE_DATA_COLLECTION",1600,49,3010.0,3070.0,2,9793,6339,2318,9846,6328,2315,5993,3844,1346,3787,2483,977,0.3872188139059305,0.39244507665560296,0.4205768402927249,0.4161405187925448,0.8784880489750844,1.2586381609257946,0.8322810375850896,0.8784880489750844,0.8390921072838631,0.39195728349741366,0.4799687825182102,0.4673105497771174,97.5,100.0,5417,5906,7127,117,3,7127,0.021598670851024553,5.079580088046055E-4,1.0,0.45,0.8,0.9,0.2,80.0,80.0,60.0,0.15000000000000002,0.9,0.2,0.30000000000000004,65.0,60.0,90.0,2328,867,1461,2328,0.6275773195876289,1.7856238306713494,1.5,1.190415887114233,630,0.726643598615917,1.0,1
"iteration_3","SCOPE_DATA_COLLECTION",1600,50,3070.0,3130.0,0,9800,6425,2328,9793,6339,2318,3948,2475,867,5855,3955,1461,0.5972661430174436,0.6150855365474339,0.6275773195876289,0.5858201574254058,1.1191074745000449,1.777443981073088,1.1716403148508117,1.1191074745000449,1.1849626540487253,0.6299392097264438,0.7195959595959596,0.7220299884659747,97.5,100.0,5486,1914,11153,116,2,11153,0.021144732045205977,0.0010449320794148381,1.0,0.15000000000000002,0.9,0.2,0.30000000000000004,65.0,60.0,90.0,0.15000000000000002,0.9,0.1,0.4,55.0,50.0,95.0,9657,3841,5816,9657,0.6022574298436367,0.5590436886811658,0.5,1.1180873773623317,2339,0.6089560010413955,1.0,1
"iteration_3","SCOPE_DATA_COLLECTION",1600,50,3070.0,3130.0,1,9800,6425,2328,9793,6339,2318,3948,2475,867,5855,3955,1461,0.5972661430174436,0.6150855365474339,0.6275773195876289,0.5858201574254058,1.1191074745000449,1.777443981073088,1.1716403148508117,1.1191074745000449,1.1849626540487253,0.6299392097264438,0.7195959595959596,0.7220299884659747,97.5,100.0,5486,1914,11153,116,2,11153,0.021144732045205977,0.0010449320794148381,1.0,0.15000000000000002,0.9,0.2,0.30000000000000004,65.0,60.0,90.0,0.15000000000000002,0.9,0.1,0.4,55.0,50.0,95.0,6466,2604,3862,6466,0.5972780699041138,1.014799237953202,1.0,1.014799237953202,1806,0.6935483870967742,1.0,1
"iteration_3","SCOPE_DATA_COLLECTION",1600,50,3070.0,3130.0,2,9800,6425,2328,9793,6339,2318,3948,2475,867,5855,3955,1461,0.5972661430174436,0.6150855365474339,0.6275773195876289,0.5858201574254058,1.1191074745000449,1.777443981073088,1.1716403148508117,1.1191074745000449,1.1849626540487253,0.6299392097264438,0.7195959595959596,0.7220299884659747,97.5,100.0,5486,1914,11153,116,2,11153,0.021144732045205977,0.0010449320794148381,1.0,0.15000000000000002,0.9,0.2,0.30000000000000004,65.0,60.0,90.0,0.15000000000000002,0.9,0.1,0.4,55.0,50.0,95.0,2208,810,1398,2208,0.6331521739130435,1.7692192190261833,1.5,1.1794794793507888,592,0.7308641975308642,1.0,1
"iteration_3","SCOPE_DATA_COLLECTION",1600,51,3130.0,3190.0,0,9657,6466,2208,9800,6425,2328,3837,2612,815,5816,3863,1398,0.6025069926447737,0.5966023166023166,0.631721644826028,0.5577544837117537,1.0182233594691255,1.773808121421258,1.1155089674235075,1.0182233594691255,1.182538747614172,0.6090695856137608,0.6960183767228177,0.7325153374233129,97.5,100.0,5381,1950,11000,75,2,11000,0.013937929752834045,0.0010256410256410256,1.0,0.15000000000000002,0.9,0.1,0.4,55.0,50.0,95.0,0.35000000000000003,0.5,0.6000000000000001,0.2,75.0,40.0,60.0,9855,5358,4497,9855,0.4563165905631659,0.46065966348284754,0.5,0.9213193269656951,2482,0.46323254945875325,1.0,1
"iteration_3","SCOPE_DATA_COLLECTION",1600,51,3130.0,3190.0,1,9657,6466,2208,9800,6425,2328,3837,2612,815,5816,3863,1398,0.6025069926447737,0.5966023166023166,0.631721644826028,0.5577544837117537,1.0182233594691255,1.773808121421258,1.1155089674235075,1.0182233594691255,1.182538747614172,0.6090695856137608,0.6960183767228177,0.7325153374233129,97.5,100.0,5381,1950,11000,75,2,11000,0.013937929752834045,0.0010256410256410256,1.0,0.15000000000000002,0.9,0.1,0.4,55.0,50.0,95.0,0.35000000000000003,0.5,0.6000000000000001,0.2,75.0,40.0,60.0,6358,3404,2954,6358,0.4646115130544196,0.9403296546126017,1.0,0.9403296546126017,1783,0.5237955346650999,1.0,1
"iteration_3","SCOPE_DATA_COLLECTION",1600,51,3130.0,3190.0,2,9657,6466,2208,9800,6425,2328,3837,2612,815,5816,3863,1398,0.6025069926447737,0.5966023166023166,0.631721644826028,0.5577544837117537,1.0182233594691255,1.773808121421258,1.1155089674235075,1.0182233594691255,1.182538747614172,0.6090695856137608,0.6960183767228177,0.7325153374233129,97.5,100.0,5381,1950,11000,75,2,11000,0.013937929752834045,0.0010256410256410256,1.0,0.15000000000000002,0.9,0.1,0.4,55.0,50.0,95.0,0.35000000000000003,0.5,0.6000000000000001,0.2,75.0,40.0,60.0,2286,1172,1114,2286,0.4873140857392826,1.4046330741228135,1.5,0.936422049415209,632,0.5392491467576792,1.0,1
"iteration_3","SCOPE_DATA_COLLECTION",1600,52,3190.0,3250.0,0,9855,6358,2286,9657,6466,2208,5370,3400,1159,4497,2954,1114,0.45576162967467315,0.46490399748190114,0.4901011878574571,0.4621500991171771,0.9367853192440424,1.3964755251311778,0.9243001982343542,0.9367853192440424,0.9309836834207852,0.46368715083798884,0.523235294117647,0.5349439171699741,100.0,100.0,5540,4535,8424,137,4,8424,0.02472924187725632,8.820286659316428E-4,1.0,0.35000000000000003,0.5,0.6000000000000001,0.2,75.0,40.0,60.0,0.45,0.4,0.6000000000000001,0.1,85.0,50.0,50.0,9838,5934,3904,9838,0.3968286237040049,0.40878139492230947,0.5,0.8175627898446189,2369,0.3992248062015504,1.0,1
"iteration_3","SCOPE_DATA_COLLECTION",1600,52,3190.0,3250.0,1,9855,6358,2286,9657,6466,2208,5370,3400,1159,4497,2954,1114,0.45576162967467315,0.46490399748190114,0.4901011878574571,0.4621500991171771,0.9367853192440424,1.3964755251311778,0.9243001982343542,0.9367853192440424,0.9309836834207852,0.46368715083798884,0.523235294117647,0.5349439171699741,100.0,100.0,5540,4535,8424,137,4,8424,0.02472924187725632,8.820286659316428E-4,1.0,0.35000000000000003,0.5,0.6000000000000001,0.2,75.0,40.0,60.0,0.45,0.4,0.6000000000000001,0.1,85.0,50.0,50.0,6378,3824,2554,6378,0.4004390090937598,0.8526297472876178,1.0,0.8526297472876178,1784,0.4665271966527197,1.0,1
"iteration_3","SCOPE_DATA_COLLECTION",1600,52,3190.0,3250.0,2,9855,6358,2286,9657,6466,2208,5370,3400,1159,4497,2954,1114,0.45576162967467315,0.46490399748190114,0.4901011878574571,0.4621500991171771,0.9367853192440424,1.3964755251311778,0.9243001982343542,0.9367853192440424,0.9309836834207852,0.46368715083798884,0.523235294117647,0.5349439171699741,100.0,100.0,5540,4535,8424,137,4,8424,0.02472924187725632,8.820286659316428E-4,1.0,0.35000000000000003,0.5,0.6000000000000001,0.2,75.0,40.0,60.0,0.45,0.4,0.6000000000000001,0.1,85.0,50.0,50.0,2340,1396,944,2340,0.40341880341880343,1.2566720379471956,1.5,0.8377813586314637,670,0.4799426934097421,1.0,1
"iteration_3","SCOPE_DATA_COLLECTION",1600,53,3250.0,3310.0,0,9838,6378,2340,9855,6358,2286,5937,3814,1397,3904,2554,944,0.3967076516614165,0.4010678391959799,0.40324647586501494,0.40964817568245837,0.8477028695363366,1.257864679804458,0.8192963513649167,0.8477028695363366,0.8385764532029719,0.40020212228398183,0.46381751442055585,0.47959914101646384,100.0,100.0,5367,5898,7291,106,5,7291,0.019750326066703933,8.4774499830451E-4,1.0,0.45,0.4,0.6000000000000001,0.1,85.0,50.0,50.0,0.9500000000000001,0.4,0.5,0.30000000000000004,55.0,40.0,30.0,9813,7108,2705,9813,0.275654743707327,0.46759019793618717,0.5,0.9351803958723743,2793,0.3929375351716376,1.0,1
"iteration_3","SCOPE_DATA_COLLECTION",1600,53,3250.0,3310.0,1,9838,6378,2340,9855,6358,2286,5937,3814,1397,3904,2554,944,0.3967076516614165,0.4010678391959799,0.40324647586501494,0.40964817568245837,0.8477028695363366,1.257864679804458,0.8192963513649167,0.8477028695363366,0.8385764532029719,0.40020212228398183,0.46381751442055585,0.47959914101646384,100.0,100.0,5367,5898,7291,106,5,7291,0.019750326066703933,8.4774499830451E-4,1.0,0.45,0.4,0.6000000000000001,0.1,85.0,50.0,50.0,0.9500000000000001,0.4,0.5,0.30000000000000004,55.0,40.0,30.0,6306,4423,1883,6306,0.29860450364732,0.8821990825970831,1.0,0.8821990825970831,1891,0.42753787022383,1.0,1
"iteration_3","SCOPE_DATA_COLLECTION",1600,53,3250.0,3310.0,2,9838,6378,2340,9855,6358,2286,5937,3814,1397,3904,2554,944,0.3967076516614165,0.4010678391959799,0.40324647586501494,0.40964817568245837,0.8477028695363366,1.257864679804458,0.8192963513649167,0.8477028695363366,0.8385764532029719,0.40020212228398183,0.46381751442055585,0.47959914101646384,100.0,100.0,5367,5898,7291,106,5,7291,0.019750326066703933,8.4774499830451E-4,1.0,0.45,0.4,0.6000000000000001,0.1,85.0,50.0,50.0,0.9500000000000001,0.4,0.5,0.30000000000000004,55.0,40.0,30.0,2341,1516,825,2341,0.35241349850491244,1.303814887551791,1.5,0.8692099250345273,651,0.42941952506596304,1.0,1
"iteration_3","SCOPE_DATA_COLLECTION",1600,54,3310.0,3370.0,0,9813,6306,2341,9838,6378,2340,7107,4420,1521,2699,1872,812,0.2752396491943708,0.2975206611570248,0.34804972138876983,0.4663943781934893,0.8819380341160081,1.3015996724038308,0.9327887563869786,0.8819380341160081,0.8677331149358872,0.39172646686365553,0.4266968325791855,0.43063773833004604,95.0,100.0,5618,12197,645,161,5218,4,0.028657885368458525,0.42781011724194473,0.006201550387596899,0.9500000000000001,0.4,0.5,0.30000000000000004,55.0,40.0,30.0,0.8500000000000001,0.30000000000000004,0.5,0.30000000000000004,55.0,40.0,40.0,10050,8562,1488,10050,0.1480597014925373,0.38828999630879996,0.5,0.7765799926175999,2585,0.3019154403176828,1.0,1
"iteration_3","SCOPE_DATA_COLLECTION",1600,54,3310.0,3370.0,1,9813,6306,2341,9838,6378,2340,7107,4420,1521,2699,1872,812,0.2752396491943708,0.2975206611570248,0.34804972138876983,0.4663943781934893,0.8819380341160081,1.3015996724038308,0.9327887563869786,0.8819380341160081,0.8677331149358872,0.39172646686365553,0.4266968325791855,0.43063773833004604,95.0,100.0,5618,12197,645,161,5218,4,0.028657885368458525,0.42781011724194473,0.006201550387596899,0.9500000000000001,0.4,0.5,0.30000000000000004,55.0,40.0,30.0,0.8500000000000001,0.30000000000000004,0.5,0.30000000000000004,55.0,40.0,40.0,6208,5216,992,6208,0.15979381443298968,0.7421523135798218,1.0,0.7421523135798218,1837,0.3521855828220859,1.0,1
"iteration_3","SCOPE_DATA_COLLECTION",1600,54,3310.0,3370.0,2,9813,6306,2341,9838,6378,2340,7107,4420,1521,2699,1872,812,0.2752396491943708,0.2975206611570248,0.34804972138876983,0.4663943781934893,0.8819380341160081,1.3015996724038308,0.9327887563869786,0.8819380341160081,0.8677331149358872,0.39172646686365553,0.4266968325791855,0.43063773833004604,95.0,100.0,5618,12197,645,161,5218,4,0.028657885368458525,0.42781011724194473,0.006201550387596899,0.9500000000000001,0.4,0.5,0.30000000000000004,55.0,40.0,30.0,0.8500000000000001,0.30000000000000004,0.5,0.30000000000000004,55.0,40.0,40.0,2305,1869,436,2305,0.1891540130151844,1.1007686260887521,1.5,0.7338457507258348,647,0.3461744248261102,1.0,1
"iteration_3","SCOPE_DATA_COLLECTION",1600,55,3370.0,3430.0,0,10050,6208,2305,9813,6306,2341,8550,5208,1852,1493,1002,447,0.14866075873742907,0.16135265700483092,0.19443236189647672,0.3894034995870182,0.7495702080372163,1.1094289021387613,0.7788069991740364,0.7495702080372163,0.7396192680925076,0.30350877192982456,0.3563748079877112,0.3509719222462203,100.0,100.0,5503,11177,1883,149,2793,0,0.027076140287116118,0.24988816319226984,0.0,0.8500000000000001,0.30000000000000004,0.5,0.30000000000000004,55.0,40.0,40.0,0.75,0.4,0.4,0.2,45.0,40.0,30.0,9718,9461,257,9718,0.026445770734719078,0.31534184250724917,0.5,0.6306836850144983,2447,0.25864073565162243,1.0,1
"iteration_3","SCOPE_DATA_COLLECTION",1600,55,3370.0,3430.0,1,10050,6208,2305,9813,6306,2341,8550,5208,1852,1493,1002,447,0.14866075873742907,0.16135265700483092,0.19443236189647672,0.3894034995870182,0.7495702080372163,1.1094289021387613,0.7788069991740364,0.7495702080372163,0.7396192680925076,0.30350877192982456,0.3563748079877112,0.3509719222462203,100.0,100.0,5503,11177,1883,149,2793,0,0.027076140287116118,0.24988816319226984,0.0,0.8500000000000001,0.30000000000000004,0.5,0.30000000000000004,55.0,40.0,40.0,0.75,0.4,0.4,0.2,45.0,40.0,30.0,6420,6236,184,6420,0.02866043613707165,0.6221039998198327,1.0,0.6221039998198327,1819,0.2916933932007697,1.0,1
"iteration_3","SCOPE_DATA_COLLECTION",1600,55,3370.0,3430.0,2,10050,6208,2305,9813,6306,2341,8550,5208,1852,1493,1002,447,0.14866075873742907,0.16135265700483092,0.19443236189647672,0.3894034995870182,0.7495702080372163,1.1094289021387613,0.7788069991740364,0.7495702080372163,0.7396192680925076,0.30350877192982456,0.3563748079877112,0.3509719222462203,100.0,100.0,5503,11177,1883,149,2793,0,0.027076140287116118,0.24988816319226984,0.0,0.8500000000000001,0.30000000000000004,0.5,0.30000000000000004,55.0,40.0,40.0,0.75,0.4,0.4,0.2,45.0,40.0,30.0,2257,2170,87,2257,0.038546743464776254,0.9567674225803223,1.5,0.6378449483868815,635,0.2926267281105991,1.0,1
"iteration_3","SCOPE_DATA_COLLECTION",1600,56,3430.0,3490.0,0,9718,6420,2257,10050,6208,2305,9462,6225,2176,258,185,89,0.02654320987654321,0.028861154446177848,0.039293598233995586,0.315350026147943,0.6201555145705681,0.9581281027768354,0.630700052295886,0.6201555145705681,0.6387520685178902,0.25850771507080955,0.290281124497992,0.29181985294117646,100.0,100.0,5393,9649,3353,100,400,32,0.018542555164101613,0.04145507306456628,0.009543692215926037,0.75,0.4,0.4,0.2,45.0,40.0,30.0,0.75,0.5,0.4,0.2,55.0,50.0,40.0,9661,9526,135,9661,0.013973708725804782,0.32964253898963736,0.5,0.6592850779792747,2516,0.26411925257190844,1.0,1
"iteration_3","SCOPE_DATA_COLLECTION",1600,56,3430.0,3490.0,1,9718,6420,2257,10050,6208,2305,9462,6225,2176,258,185,89,0.02654320987654321,0.028861154446177848,0.039293598233995586,0.315350026147943,0.6201555145705681,0.9581281027768354,0.630700052295886,0.6201555145705681,0.6387520685178902,0.25850771507080955,0.290281124497992,0.29181985294117646,100.0,100.0,5393,9649,3353,100,400,32,0.018542555164101613,0.04145507306456628,0.009543692215926037,0.75,0.4,0.4,0.2,45.0,40.0,30.0,0.75,0.5,0.4,0.2,55.0,50.0,40.0,6291,6172,119,6291,0.01891591161977428,0.6251415907673809,1.0,0.6251415907673809,1726,0.279650032404407,1.0,1
"iteration_3","SCOPE_DATA_COLLECTION",1600,56,3430.0,3490.0,2,9718,6420,2257,10050,6208,2305,9462,6225,2176,258,185,89,0.02654320987654321,0.028861154446177848,0.039293598233995586,0.315350026147943,0.6201555145705681,0.9581281027768354,0.630700052295886,0.6201555145705681,0.6387520685178902,0.25850771507080955,0.290281124497992,0.29181985294117646,100.0,100.0,5393,9649,3353,100,400,32,0.018542555164101613,0.04145507306456628,0.009543692215926037,0.75,0.4,0.4,0.2,45.0,40.0,30.0,0.75,0.5,0.4,0.2,55.0,50.0,40.0,2349,2284,65,2349,0.02767134951042997,0.9729426073064426,1.5,0.6486284048709617,675,0.29553415061295973,1.0,1
"iteration_3","SCOPE_DATA_COLLECTION",1600,57,3490.0,3550.0,0,9661,6291,2349,9718,6420,2257,9517,6177,2286,134,119,64,0.01388457154698995,0.018900889453621346,0.02723404255319149,0.3275577082737482,0.6227252160667023,0.9703481932501105,0.6551154165474964,0.6227252160667023,0.6468987955000737,0.2620573710202795,0.27909988667638014,0.29483814523184604,100.0,100.0,5403,9613,3285,112,184,21,0.02072922450490468,0.019140746905232497,0.006392694063926941,0.75,0.5,0.4,0.2,55.0,50.0,40.0,0.75,0.5,0.4,0.2,55.0,50.0,40.0,9875,9496,379,9875,0.03837974683544304,0.33716197892588834,0.5,0.6743239578517767,2575,0.27116680707666385,1.0,1
"iteration_3","SCOPE_DATA_COLLECTION",1600,57,3490.0,3550.0,1,9661,6291,2349,9718,6420,2257,9517,6177,2286,134,119,64,0.01388457154698995,0.018900889453621346,0.02723404255319149,0.3275577082737482,0.6227252160667023,0.9703481932501105,0.6551154165474964,0.6227252160667023,0.6468987955000737,0.2620573710202795,0.27909988667638014,0.29483814523184604,100.0,100.0,5403,9613,3285,112,184,21,0.02072922450490468,0.019140746905232497,0.006392694063926941,0.75,0.5,0.4,0.2,55.0,50.0,40.0,0.75,0.5,0.4,0.2,55.0,50.0,40.0,6417,6114,303,6417,0.047218326320710616,0.6584908149167557,1.0,0.6584908149167557,1856,0.3035655871769709,1.0,1
"iteration_3","SCOPE_DATA_COLLECTION",1600,57,3490.0,3550.0,2,9661,6291,2349,9718,6420,2257,9517,6177,2286,134,119,64,0.01388457154698995,0.018900889453621346,0.02723404255319149,0.3275577082737482,0.6227252160667023,0.9703481932501105,0.6551154165474964,0.6227252160667023,0.6468987955000737,0.2620573710202795,0.27909988667638014,0.29483814523184604,100.0,100.0,5403,9613,3285,112,184,21,0.02072922450490468,0.019140746905232497,0.006392694063926941,0.75,0.5,0.4,0.2,55.0,50.0,40.0,0.75,0.5,0.4,0.2,55.0,50.0,40.0,2329,2202,127,2329,0.05452984113353371,0.9598002540697718,1.5,0.6398668360465145,624,0.28337874659400547,1.0,1
"iteration_3","SCOPE_DATA_COLLECTION",1600,58,3550.0,3619.128599825334,0,9875,6417,2329,9661,6291,2349,9502,6121,2205,380,303,128,0.038453754300748835,0.04716687422166874,0.05486498071153022,0.3382140166455227,0.6563520564366266,0.9598292802185853,0.6764280332910454,0.6563520564366266,0.6398861868123902,0.2717322668911808,0.3025649403692207,0.2834467120181406,100.0,100.0,5455,9901,3265,117,640,54,0.021448212648945923,0.06463993536006464,0.01653905053598775,0.75,0.5,0.4,0.2,55.0,50.0,40.0,0.9,0.9,0.30000000000000004,0.1,85.0,80.0,85.0,8193,6680,1465,8145,0.17986494782074894,0.4336269725238649,0.5,0.8672539450477298,2374,0.35538922155688624,0.9941413401684365,0
"iteration_3","SCOPE_DATA_COLLECTION",1600,58,3550.0,3619.128599825334,1,9875,6417,2329,9661,6291,2349,9502,6121,2205,380,303,128,0.038453754300748835,0.04716687422166874,0.05486498071153022,0.3382140166455227,0.6563520564366266,0.9598292802185853,0.6764280332910454,0.6563520564366266,0.6398861868123902,0.2717322668911808,0.3025649403692207,0.2834467120181406,100.0,100.0,5455,9901,3265,117,640,54,0.021448212648945923,0.06463993536006464,0.01653905053598775,0.75,0.5,0.4,0.2,55.0,50.0,40.0,0.9,0.9,0.30000000000000004,0.1,85.0,80.0,85.0,5331,4209,1054,5263,0.2002660079802394,0.7496938872327228,1.0,0.7496938872327228,1515,0.35994297933000713,0.9872444194335022,0
"iteration_3","SCOPE_DATA_COLLECTION",1600,58,3550.0,3619.128599825334,2,9875,6417,2329,9661,6291,2349,9502,6121,2205,380,303,128,0.038453754300748835,0.04716687422166874,0.05486498071153022,0.3382140166455227,0.6563520564366266,0.9598292802185853,0.6764280332910454,0.6563520564366266,0.6398861868123902,0.2717322668911808,0.3025649403692207,0.2834467120181406,100.0,100.0,5455,9901,3265,117,640,54,0.021448212648945923,0.06463993536006464,0.01653905053598775,0.75,0.5,0.4,0.2,55.0,50.0,40.0,0.9,0.9,0.30000000000000004,0.1,85.0,80.0,85.0,1899,1443,415,1858,0.22335844994617868,1.1152556539002387,1.5,0.7435037692668258,517,0.35828135828135826,0.9784096893101633,0
"iteration_3","SCOPE_DATA_COLLECTION",1700,0,70.0,130.0,0,9475,6545,2226,0,0,0,7977,5416,1766,1436,1040,418,0.15255497715924785,0.161090458488228,0.19139194139194138,0.4004976578371442,0.7154639283119023,1.069996791178241,0.8009953156742884,0.7154639283119023,0.7133311941188274,0.32205089632693995,0.3388109305760709,0.34258210645526616,100.0,100.0,5468,7685,5093,188,10,2696,0.03438185808339429,0.0013012361743656475,0.5293540153151384,0.6,0.5,0.7,0.4,85.0,80.0,90.0,0.7000000000000001,0.6000000000000001,0.6000000000000001,0.5,85.0,80.0,95.0,10296,9852,444,10296,0.04312354312354312,0.3342982019637987,0.5,0.6685964039275974,2595,0.2633982947624848,1.0,1
"iteration_3","SCOPE_DATA_COLLECTION",1700,0,70.0,130.0,1,9475,6545,2226,0,0,0,7977,5416,1766,1436,1040,418,0.15255497715924785,0.161090458488228,0.19139194139194138,0.4004976578371442,0.7154639283119023,1.069996791178241,0.8009953156742884,0.7154639283119023,0.7133311941188274,0.32205089632693995,0.3388109305760709,0.34258210645526616,100.0,100.0,5468,7685,5093,188,10,2696,0.03438185808339429,0.0013012361743656475,0.5293540153151384,0.6,0.5,0.7,0.4,85.0,80.0,90.0,0.7000000000000001,0.6000000000000001,0.6000000000000001,0.5,85.0,80.0,95.0,7181,6788,393,7181,0.05472775379473611,0.6587489525830055,1.0,0.6587489525830055,2017,0.297142015321155,1.0,1
"iteration_3","SCOPE_DATA_COLLECTION",1700,0,70.0,130.0,2,9475,6545,2226,0,0,0,7977,5416,1766,1436,1040,418,0.15255497715924785,0.161090458488228,0.19139194139194138,0.4004976578371442,0.7154639283119023,1.069996791178241,0.8009953156742884,0.7154639283119023,0.7133311941188274,0.32205089632693995,0.3388109305760709,0.34258210645526616,100.0,100.0,5468,7685,5093,188,10,2696,0.03438185808339429,0.0013012361743656475,0.5293540153151384,0.6,0.5,0.7,0.4,85.0,80.0,90.0,0.7000000000000001,0.6000000000000001,0.6000000000000001,0.5,85.0,80.0,95.0,2291,2122,169,2291,0.07376691401134876,0.9750110269901304,1.5,0.6500073513267536,598,0.28180961357210177,1.0,1
"iteration_3","SCOPE_DATA_COLLECTION",1700,1,130.0,190.0,0,10296,7181,2291,9475,6545,2226,9830,6779,2114,456,411,179,0.04433210188605872,0.057162726008344926,0.07806367204535543,0.3328408134797378,0.6559530092228419,0.9697935317152235,0.6656816269594756,0.6559530092228419,0.6465290211434823,0.26307222787385554,0.2966514235137926,0.2800378429517502,100.0,100.0,5765,9866,4137,234,271,541,0.04058976582827407,0.027468072167038313,0.1307710901619531,0.7000000000000001,0.6000000000000001,0.6000000000000001,0.5,85.0,80.0,95.0,0.7000000000000001,0.30000000000000004,0.7000000000000001,0.6000000000000001,30.0,95.0,60.0,10276,9665,611,10276,0.05945893343713507,0.3760715080677964,0.5,0.7521430161355928,2589,0.2678737713398862,1.0,1
"iteration_3","SCOPE_DATA_COLLECTION",1700,1,130.0,190.0,1,10296,7181,2291,9475,6545,2226,9830,6779,2114,456,411,179,0.04433210188605872,0.057162726008344926,0.07806367204535543,0.3328408134797378,0.6559530092228419,0.9697935317152235,0.6656816269594756,0.6559530092228419,0.6465290211434823,0.26307222787385554,0.2966514235137926,0.2800378429517502,100.0,100.0,5765,9866,4137,234,271,541,0.04058976582827407,0.027468072167038313,0.1307710901619531,0.7000000000000001,0.6000000000000001,0.6000000000000001,0.5,85.0,80.0,95.0,0.7000000000000001,0.30000000000000004,0.7000000000000001,0.6000000000000001,30.0,95.0,60.0,7087,6476,611,7087,0.08621419500493863,0.7066140769005984,1.0,0.7066140769005984,1944,0.30018529956763434,1.0,1
"iteration_3","SCOPE_DATA_COLLECTION",1700,1,130.0,190.0,2,10296,7181,2291,9475,6545,2226,9830,6779,2114,456,411,179,0.04433210188605872,0.057162726008344926,0.07806367204535543,0.3328408134797378,0.6559530092228419,0.9697935317152235,0.6656816269594756,0.6559530092228419,0.6465290211434823,0.26307222787385554,0.2966514235137926,0.2800378429517502,100.0,100.0,5765,9866,4137,234,271,541,0.04058976582827407,0.027468072167038313,0.1307710901619531,0.7000000000000001,0.6000000000000001,0.6000000000000001,0.5,85.0,80.0,95.0,0.7000000000000001,0.30000000000000004,0.7000000000000001,0.6000000000000001,30.0,95.0,60.0,2495,2234,261,2495,0.10460921843687375,1.0327852649107563,1.5,0.6885235099405042,656,0.2936436884512086,1.0,1
"iteration_3","SCOPE_DATA_COLLECTION",1700,2,190.0,250.0,0,10276,7087,2495,10296,7181,2291,9663,6461,2238,594,599,253,0.05791167007897046,0.0848441926345609,0.10156563629064633,0.37439019097571663,0.7069138886639557,1.04129157096788,0.7487803819514333,0.7069138886639557,0.6941943806452534,0.2673082893511332,0.2990249187432286,0.2975871313672922,100.0,100.0,5708,9899,4251,246,461,739,0.04309740714786265,0.04657036064248914,0.17384144907080687,0.7000000000000001,0.30000000000000004,0.7000000000000001,0.6000000000000001,30.0,95.0,60.0,0.6000000000000001,0.30000000000000004,0.8,0.7000000000000001,40.0,95.0,60.0,10400,7929,2471,10400,0.23759615384615385,0.4211242603741022,0.5,0.8422485207482044,2749,0.3467019800731492,1.0,1
"iteration_3","SCOPE_DATA_COLLECTION",1700,2,190.0,250.0,1,10276,7087,2495,10296,7181,2291,9663,6461,2238,594,599,253,0.05791167007897046,0.0848441926345609,0.10156563629064633,0.37439019097571663,0.7069138886639557,1.04129157096788,0.7487803819514333,0.7069138886639557,0.6941943806452534,0.2673082893511332,0.2990249187432286,0.2975871313672922,100.0,100.0,5708,9899,4251,246,461,739,0.04309740714786265,0.04657036064248914,0.17384144907080687,0.7000000000000001,0.30000000000000004,0.7000000000000001,0.6000000000000001,30.0,95.0,60.0,0.6000000000000001,0.30000000000000004,0.8,0.7000000000000001,40.0,95.0,60.0,6945,5182,1763,6945,0.25385169186465084,0.7820136508792215,1.0,0.7820136508792215,1909,0.3683905827865689,1.0,1
"iteration_3","SCOPE_DATA_COLLECTION",1700,2,190.0,250.0,2,10276,7087,2495,10296,7181,2291,9663,6461,2238,594,599,253,0.05791167007897046,0.0848441926345609,0.10156563629064633,0.37439019097571663,0.7069138886639557,1.04129157096788,0.7487803819514333,0.7069138886639557,0.6941943806452534,0.2673082893511332,0.2990249187432286,0.2975871313672922,100.0,100.0,5708,9899,4251,246,461,739,0.04309740714786265,0.04657036064248914,0.17384144907080687,0.7000000000000001,0.30000000000000004,0.7000000000000001,0.6000000000000001,30.0,95.0,60.0,0.6000000000000001,0.30000000000000004,0.8,0.7000000000000001,40.0,95.0,60.0,2432,1734,698,2432,0.2870065789473684,1.1783661989796603,1.5,0.7855774659864402,655,0.37773933102652824,1.0,1
"iteration_3","SCOPE_DATA_COLLECTION",1700,3,250.0,310.0,0,10400,6945,2432,10276,7087,2495,7939,5189,1734,2488,1775,706,0.23861129759278796,0.25488225157955197,0.289344262295082,0.40381254810402395,0.7539656936696075,1.1517494945835405,0.8076250962080479,0.7539656936696075,0.767832996389027,0.3467691144980476,0.3671227596839468,0.37254901960784315,100.0,100.0,5769,8353,5655,244,12,4713,0.04229502513433871,0.0014366096013408356,0.83342175066313,0.6000000000000001,0.30000000000000004,0.8,0.7000000000000001,40.0,95.0,60.0,0.6000000000000001,0.30000000000000004,0.8,0.7000000000000001,40.0,95.0,60.0,10350,7713,2637,10350,0.25478260869565217,0.38537427868142365,0.5,0.7707485573628473,2651,0.3437054323868793,1.0,1
"iteration_3","SCOPE_DATA_COLLECTION",1700,3,250.0,310.0,1,10400,6945,2432,10276,7087,2495,7939,5189,1734,2488,1775,706,0.23861129759278796,0.25488225157955197,0.289344262295082,0.40381254810402395,0.7539656936696075,1.1517494945835405,0.8076250962080479,0.7539656936696075,0.767832996389027,0.3467691144980476,0.3671227596839468,0.37254901960784315,100.0,100.0,5769,8353,5655,244,12,4713,0.04229502513433871,0.0014366096013408356,0.83342175066313,0.6000000000000001,0.30000000000000004,0.8,0.7000000000000001,40.0,95.0,60.0,0.6000000000000001,0.30000000000000004,0.8,0.7000000000000001,40.0,95.0,60.0,7210,5277,1933,7210,0.2680998613037448,0.7705625525951251,1.0,0.7705625525951251,2006,0.3801402311919651,1.0,1
"iteration_3","SCOPE_DATA_COLLECTION",1700,3,250.0,310.0,2,10400,6945,2432,10276,7087,2495,7939,5189,1734,2488,1775,706,0.23861129759278796,0.25488225157955197,0.289344262295082,0.40381254810402395,0.7539656936696075,1.1517494945835405,0.8076250962080479,0.7539656936696075,0.767832996389027,0.3467691144980476,0.3671227596839468,0.37254901960784315,100.0,100.0,5769,8353,5655,244,12,4713,0.04229502513433871,0.0014366096013408356,0.83342175066313,0.6000000000000001,0.30000000000000004,0.8,0.7000000000000001,40.0,95.0,60.0,0.6000000000000001,0.30000000000000004,0.8,0.7000000000000001,40.0,95.0,60.0,2301,1670,631,2301,0.2742285962624946,1.128651651082002,1.5,0.7524344340546679,617,0.36946107784431137,1.0,1
"iteration_3","SCOPE_DATA_COLLECTION",1700,4,310.0,370.0,0,10350,7210,2301,10400,6945,2432,7728,5293,1682,2637,1933,631,0.25441389290882777,0.26750622751176306,0.27280587980977083,0.40707638923409173,0.7990119714972057,1.1535259047572508,0.8141527784681835,0.7990119714972057,0.7690172698381672,0.3447204968944099,0.38182505195541283,0.3727705112960761,100.0,100.0,5707,8507,5647,203,19,4979,0.035570352199053794,0.0022334548019278242,0.8817071011156367,0.6000000000000001,0.30000000000000004,0.8,0.7000000000000001,40.0,95.0,60.0,0.6000000000000001,0.30000000000000004,0.8,0.7000000000000001,40.0,95.0,60.0,10259,7917,2342,10259,0.22828735744224582,0.3886373989485202,0.5,0.7772747978970403,2695,0.34040671971706454,1.0,1
"iteration_3","SCOPE_DATA_COLLECTION",1700,4,310.0,370.0,1,10350,7210,2301,10400,6945,2432,7728,5293,1682,2637,1933,631,0.25441389290882777,0.26750622751176306,0.27280587980977083,0.40707638923409173,0.7990119714972057,1.1535259047572508,0.8141527784681835,0.7990119714972057,0.7690172698381672,0.3447204968944099,0.38182505195541283,0.3727705112960761,100.0,100.0,5707,8507,5647,203,19,4979,0.035570352199053794,0.0022334548019278242,0.8817071011156367,0.6000000000000001,0.30000000000000004,0.8,0.7000000000000001,40.0,95.0,60.0,0.6000000000000001,0.30000000000000004,0.8,0.7000000000000001,40.0,95.0,60.0,6974,5285,1689,6974,0.24218525953541725,0.7469146989904168,1.0,0.7469146989904168,1931,0.36537369914853357,1.0,1
"iteration_3","SCOPE_DATA_COLLECTION",1700,4,310.0,370.0,2,10350,7210,2301,10400,6945,2432,7728,5293,1682,2637,1933,631,0.25441389290882777,0.26750622751176306,0.27280587980977083,0.40707638923409173,0.7990119714972057,1.1535259047572508,0.8141527784681835,0.7990119714972057,0.7690172698381672,0.3447204968944099,0.38182505195541283,0.3727705112960761,100.0,100.0,5707,8507,5647,203,19,4979,0.035570352199053794,0.0022334548019278242,0.8817071011156367,0.6000000000000001,0.30000000000000004,0.8,0.7000000000000001,40.0,95.0,60.0,0.6000000000000001,0.30000000000000004,0.8,0.7000000000000001,40.0,95.0,60.0,2386,1766,620,2386,0.2598491198658843,1.1075774049129754,1.5,0.7383849366086502,629,0.35617214043035106,1.0,1
"iteration_3","SCOPE_DATA_COLLECTION",1700,5,370.0,430.0,0,10259,6974,2386,10350,7210,2301,7928,5293,1756,2342,1689,620,0.22804284323271665,0.2419077628186766,0.2609427609427609,0.388905964643865,0.7493670604590674,1.099752091750422,0.77781192928773,0.7493670604590674,0.733168061166948,0.3411957618567104,0.3659550349518232,0.35193621867881547,97.5,100.0,5789,8265,5565,237,29,4385,0.04093971324926585,0.0035087719298245615,0.7879604672057502,0.6000000000000001,0.30000000000000004,0.8,0.7000000000000001,40.0,95.0,60.0,0.45,0.6000000000000001,0.8,0.6000000000000001,40.0,70.0,40.0,10322,6191,4131,10322,0.4002131369889556,0.4432309606821228,0.5,0.8864619213642456,2647,0.42755612986593444,1.0,1
"iteration_3","SCOPE_DATA_COLLECTION",1700,5,370.0,430.0,1,10259,6974,2386,10350,7210,2301,7928,5293,1756,2342,1689,620,0.22804284323271665,0.2419077628186766,0.2609427609427609,0.388905964643865,0.7493670604590674,1.099752091750422,0.77781192928773,0.7493670604590674,0.733168061166948,0.3411957618567104,0.3659550349518232,0.35193621867881547,97.5,100.0,5789,8265,5565,237,29,4385,0.04093971324926585,0.0035087719298245615,0.7879604672057502,0.6000000000000001,0.30000000000000004,0.8,0.7000000000000001,40.0,95.0,60.0,0.45,0.6000000000000001,0.8,0.6000000000000001,40.0,70.0,40.0,6947,4169,2778,6947,0.39988484237800487,0.8655964557997031,1.0,0.8655964557997031,1930,0.4629407531782202,1.0,1
"iteration_3","SCOPE_DATA_COLLECTION",1700,5,370.0,430.0,2,10259,6974,2386,10350,7210,2301,7928,5293,1756,2342,1689,620,0.22804284323271665,0.2419077628186766,0.2609427609427609,0.388905964643865,0.7493670604590674,1.099752091750422,0.77781192928773,0.7493670604590674,0.733168061166948,0.3411957618567104,0.3659550349518232,0.35193621867881547,97.5,100.0,5789,8265,5565,237,29,4385,0.04093971324926585,0.0035087719298245615,0.7879604672057502,0.6000000000000001,0.30000000000000004,0.8,0.7000000000000001,40.0,95.0,60.0,0.45,0.6000000000000001,0.8,0.6000000000000001,40.0,70.0,40.0,2324,1342,982,2324,0.4225473321858864,1.2540309028364955,1.5,0.836020601890997,591,0.4403874813710879,1.0,1
"iteration_3","SCOPE_DATA_COLLECTION",1700,6,430.0,490.0,0,10322,6947,2324,10259,6974,2386,6193,4188,1351,4131,2778,982,0.4001356063541263,0.3987941429801895,0.42091727389627087,0.44327861440298827,0.8685733237730421,1.2539243297543134,0.8865572288059765,0.8685733237730421,0.8359495531695423,0.4274180526400775,0.46513849092645654,0.4411547002220577,100.0,100.0,5745,6170,7678,210,3,7678,0.03655352480417755,4.8622366288492705E-4,1.0,0.45,0.6000000000000001,0.8,0.6000000000000001,40.0,70.0,40.0,0.45,0.5,0.8,0.5,50.0,60.0,50.0,10255,6161,4094,10255,0.3992198927352511,0.430463241408924,0.5,0.860926482817848,2556,0.4148677162798247,1.0,1
"iteration_3","SCOPE_DATA_COLLECTION",1700,6,430.0,490.0,1,10322,6947,2324,10259,6974,2386,6193,4188,1351,4131,2778,982,0.4001356063541263,0.3987941429801895,0.42091727389627087,0.44327861440298827,0.8685733237730421,1.2539243297543134,0.8865572288059765,0.8685733237730421,0.8359495531695423,0.4274180526400775,0.46513849092645654,0.4411547002220577,100.0,100.0,5745,6170,7678,210,3,7678,0.03655352480417755,4.8622366288492705E-4,1.0,0.45,0.6000000000000001,0.8,0.6000000000000001,40.0,70.0,40.0,0.45,0.5,0.8,0.5,50.0,60.0,50.0,6999,4150,2849,6999,0.40705815116445204,0.8786010834505303,1.0,0.8786010834505303,1928,0.464578313253012,1.0,1
"iteration_3","SCOPE_DATA_COLLECTION",1700,6,430.0,490.0,2,10322,6947,2324,10259,6974,2386,6193,4188,1351,4131,2778,982,0.4001356063541263,0.3987941429801895,0.42091727389627087,0.44327861440298827,0.8685733237730421,1.2539243297543134,0.8865572288059765,0.8685733237730421,0.8359495531695423,0.4274180526400775,0.46513849092645654,0.4411547002220577,100.0,100.0,5745,6170,7678,210,3,7678,0.03655352480417755,4.8622366288492705E-4,1.0,0.45,0.6000000000000001,0.8,0.6000000000000001,40.0,70.0,40.0,0.45,0.5,0.8,0.5,50.0,60.0,50.0,2340,1366,974,2340,0.41623931623931626,1.296352486534088,1.5,0.8642349910227254,628,0.45973645680819913,1.0,1
"iteration_3","SCOPE_DATA_COLLECTION",1700,7,490.0,550.0,0,10255,6999,2340,10322,6947,2324,6149,4145,1353,4094,2849,974,0.39968759152592015,0.4073491564197884,0.41856467554791577,0.42887746367440616,0.8759703456547026,1.2850824876532647,0.8577549273488123,0.8759703456547026,0.8567216584355098,0.41323792486583183,0.4646562123039807,0.45528455284552843,100.0,100.0,5745,6175,7674,240,3,7674,0.04177545691906005,4.8582995951417006E-4,1.0,0.45,0.5,0.8,0.5,50.0,60.0,50.0,0.45,0.6000000000000001,0.7000000000000001,0.5,60.0,60.0,40.0,10258,6154,4104,10258,0.40007798791187366,0.4337042073545984,0.5,0.8674084147091968,2533,0.4116022099447514,1.0,1
"iteration_3","SCOPE_DATA_COLLECTION",1700,7,490.0,550.0,1,10255,6999,2340,10322,6947,2324,6149,4145,1353,4094,2849,974,0.39968759152592015,0.4073491564197884,0.41856467554791577,0.42887746367440616,0.8759703456547026,1.2850824876532647,0.8577549273488123,0.8759703456547026,0.8567216584355098,0.41323792486583183,0.4646562123039807,0.45528455284552843,100.0,100.0,5745,6175,7674,240,3,7674,0.04177545691906005,4.8582995951417006E-4,1.0,0.45,0.5,0.8,0.5,50.0,60.0,50.0,0.45,0.6000000000000001,0.7000000000000001,0.5,60.0,60.0,40.0,7041,4180,2861,7041,0.40633432751029686,0.8725352534810711,1.0,0.8725352534810711,1936,0.4631578947368421,1.0,1
"iteration_3","SCOPE_DATA_COLLECTION",1700,7,490.0,550.0,2,10255,6999,2340,10322,6947,2324,6149,4145,1353,4094,2849,974,0.39968759152592015,0.4073491564197884,0.41856467554791577,0.42887746367440616,0.8759703456547026,1.2850824876532647,0.8577549273488123,0.8759703456547026,0.8567216584355098,0.41323792486583183,0.4646562123039807,0.45528455284552843,100.0,100.0,5745,6175,7674,240,3,7674,0.04177545691906005,4.8582995951417006E-4,1.0,0.45,0.5,0.8,0.5,50.0,60.0,50.0,0.45,0.6000000000000001,0.7000000000000001,0.5,60.0,60.0,40.0,2382,1380,1002,2382,0.42065491183879095,1.22490326823443,1.5,0.8166021788229534,589,0.42681159420289855,1.0,1
"iteration_3","SCOPE_DATA_COLLECTION",1700,8,550.0,610.0,0,10258,7041,2382,10255,6999,2340,6166,4166,1394,4104,2861,1002,0.3996105160662123,0.4071438736302832,0.41819699499165275,0.43447228389630793,0.868545092812172,1.241467946189597,0.8689445677926159,0.868545092812172,0.8276452974597314,0.4124229646448265,0.46087373979836777,0.4332855093256815,100.0,100.0,5717,6233,7731,230,6,7731,0.04023089032709463,9.626183218353923E-4,1.0,0.45,0.6000000000000001,0.7000000000000001,0.5,60.0,60.0,40.0,0.45,0.6000000000000001,0.7000000000000001,0.5,60.0,60.0,40.0,10116,6155,3961,10116,0.3915579280347964,0.42924051972696003,0.5,0.8584810394539201,2538,0.4123476848090983,1.0,1
"iteration_3","SCOPE_DATA_COLLECTION",1700,8,550.0,610.0,1,10258,7041,2382,10255,6999,2340,6166,4166,1394,4104,2861,1002,0.3996105160662123,0.4071438736302832,0.41819699499165275,0.43447228389630793,0.868545092812172,1.241467946189597,0.8689445677926159,0.868545092812172,0.8276452974597314,0.4124229646448265,0.46087373979836777,0.4332855093256815,100.0,100.0,5717,6233,7731,230,6,7731,0.04023089032709463,9.626183218353923E-4,1.0,0.45,0.6000000000000001,0.7000000000000001,0.5,60.0,60.0,40.0,0.45,0.6000000000000001,0.7000000000000001,0.5,60.0,60.0,40.0,7075,4216,2859,7075,0.4040989399293286,0.8621706419746379,1.0,0.8621706419746379,1932,0.45825426944971537,1.0,1
"iteration_3","SCOPE_DATA_COLLECTION",1700,8,550.0,610.0,2,10258,7041,2382,10255,6999,2340,6166,4166,1394,4104,2861,1002,0.3996105160662123,0.4071438736302832,0.41819699499165275,0.43447228389630793,0.868545092812172,1.241467946189597,0.8689445677926159,0.868545092812172,0.8276452974597314,0.4124229646448265,0.46087373979836777,0.4332855093256815,100.0,100.0,5717,6233,7731,230,6,7731,0.04023089032709463,9.626183218353923E-4,1.0,0.45,0.6000000000000001,0.7000000000000001,0.5,60.0,60.0,40.0,0.45,0.6000000000000001,0.7000000000000001,0.5,60.0,60.0,40.0,2388,1386,1002,2388,0.41959798994974873,1.264006367061642,1.5,0.842670911374428,619,0.4466089466089466,1.0,1
"iteration_3","SCOPE_DATA_COLLECTION",1700,9,610.0,670.0,0,10116,7075,2388,10258,7041,2382,6149,4211,1375,3961,2859,1002,0.3917903066271019,0.4043847241867044,0.42153975599495164,0.429185321962554,0.863041951067352,1.2566335485533526,0.858370643925108,0.863041951067352,0.8377556990355685,0.4129126687266222,0.4580859653289005,0.44363636363636366,95.0,100.0,5703,6283,7593,224,5,7593,0.03927757320708399,7.957981855801369E-4,1.0,0.45,0.6000000000000001,0.7000000000000001,0.5,60.0,60.0,40.0,0.45,0.6000000000000001,0.7000000000000001,0.5,60.0,60.0,40.0,10119,6181,3938,10119,0.38916889020654216,0.41269990718561045,0.5,0.8253998143712209,2418,0.39119883513994497,1.0,1
"iteration_3","SCOPE_DATA_COLLECTION",1700,9,610.0,670.0,1,10116,7075,2388,10258,7041,2382,6149,4211,1375,3961,2859,1002,0.3917903066271019,0.4043847241867044,0.42153975599495164,0.429185321962554,0.863041951067352,1.2566335485533526,0.858370643925108,0.863041951067352,0.8377556990355685,0.4129126687266222,0.4580859653289005,0.44363636363636366,95.0,100.0,5703,6283,7593,224,5,7593,0.03927757320708399,7.957981855801369E-4,1.0,0.45,0.6000000000000001,0.7000000000000001,0.5,60.0,60.0,40.0,0.45,0.6000000000000001,0.7000000000000001,0.5,60.0,60.0,40.0,7141,4223,2918,7141,0.40862624282313403,0.8667794796174592,1.0,0.8667794796174592,1931,0.4572578735496093,1.0,1
"iteration_3","SCOPE_DATA_COLLECTION",1700,9,610.0,670.0,2,10116,7075,2388,10258,7041,2382,6149,4211,1375,3961,2859,1002,0.3917903066271019,0.4043847241867044,0.42153975599495164,0.429185321962554,0.863041951067352,1.2566335485533526,0.858370643925108,0.863041951067352,0.8377556990355685,0.4129126687266222,0.4580859653289005,0.44363636363636366,95.0,100.0,5703,6283,7593,224,5,7593,0.03927757320708399,7.957981855801369E-4,1.0,0.45,0.6000000000000001,0.7000000000000001,0.5,60.0,60.0,40.0,0.45,0.6000000000000001,0.7000000000000001,0.5,60.0,60.0,40.0,2405,1380,1025,2405,0.4261954261954262,1.2785695538428226,1.5,0.8523797025618817,625,0.4528985507246377,1.0,1
"iteration_3","SCOPE_DATA_COLLECTION",1700,10,670.0,730.0,0,10119,7141,2405,10116,7075,2388,6177,4242,1392,3938,2918,1025,0.3893227879387049,0.4075418994413408,0.4240794373189905,0.41246494748476165,0.8689509292396725,1.2793792137873654,0.8249298949695233,0.8689509292396725,0.8529194758582436,0.3904808159300631,0.4582743988684583,0.4540229885057471,100.0,100.0,5672,6407,7586,286,9,7586,0.0504231311706629,0.001404713594506009,1.0,0.45,0.6000000000000001,0.7000000000000001,0.5,60.0,60.0,40.0,0.55,0.7000000000000001,0.8,0.5,50.0,70.0,50.0,10162,7075,3087,10162,0.3037787837039953,0.42051285095950985,0.5,0.8410257019190197,2607,0.36848056537102475,1.0,1
"iteration_3","SCOPE_DATA_COLLECTION",1700,10,670.0,730.0,1,10119,7141,2405,10116,7075,2388,6177,4242,1392,3938,2918,1025,0.3893227879387049,0.4075418994413408,0.4240794373189905,0.41246494748476165,0.8689509292396725,1.2793792137873654,0.8249298949695233,0.8689509292396725,0.8529194758582436,0.3904808159300631,0.4582743988684583,0.4540229885057471,100.0,100.0,5672,6407,7586,286,9,7586,0.0504231311706629,0.001404713594506009,1.0,0.45,0.6000000000000001,0.7000000000000001,0.5,60.0,60.0,40.0,0.55,0.7000000000000001,0.8,0.5,50.0,70.0,50.0,6995,4822,2173,6995,0.310650464617584,0.7961481878621466,1.0,0.7961481878621466,1909,0.3958938199917047,1.0,1
"iteration_3","SCOPE_DATA_COLLECTION",1700,10,670.0,730.0,2,10119,7141,2405,10116,7075,2388,6177,4242,1392,3938,2918,1025,0.3893227879387049,0.4075418994413408,0.4240794373189905,0.41246494748476165,0.8689509292396725,1.2793792137873654,0.8249298949695233,0.8689509292396725,0.8529194758582436,0.3904808159300631,0.4582743988684583,0.4540229885057471,100.0,100.0,5672,6407,7586,286,9,7586,0.0504231311706629,0.001404713594506009,1.0,0.45,0.6000000000000001,0.7000000000000001,0.5,60.0,60.0,40.0,0.55,0.7000000000000001,0.8,0.5,50.0,70.0,50.0,2450,1646,804,2450,0.32816326530612244,1.1505813617697855,1.5,0.767054241179857,638,0.38760631834750914,1.0,1
"iteration_3","SCOPE_DATA_COLLECTION",1700,11,730.0,790.0,0,10162,6995,2450,10119,7141,2405,7070,4821,1646,3087,2173,804,0.3039283252929014,0.3106948813268516,0.32816326530612244,0.4215953669982055,0.7954521483715715,1.1555061394572483,0.843190733996411,0.7954521483715715,0.7703374263048323,0.3688826025459689,0.3957685127566895,0.3894289185905225,97.5,100.0,5697,7725,6185,263,7,5794,0.04616464806038266,9.061488673139158E-4,0.9367825383993533,0.55,0.7000000000000001,0.8,0.5,50.0,70.0,50.0,0.9,0.6000000000000001,0.6000000000000001,0.5,55.0,25.0,60.0,10113,7243,2870,10113,0.2837931375457332,0.48521767205402505,0.5,0.9704353441080501,2995,0.41350269225459063,1.0,1
"iteration_3","SCOPE_DATA_COLLECTION",1700,11,730.0,790.0,1,10162,6995,2450,10119,7141,2405,7070,4821,1646,3087,2173,804,0.3039283252929014,0.3106948813268516,0.32816326530612244,0.4215953669982055,0.7954521483715715,1.1555061394572483,0.843190733996411,0.7954521483715715,0.7703374263048323,0.3688826025459689,0.3957685127566895,0.3894289185905225,97.5,100.0,5697,7725,6185,263,7,5794,0.04616464806038266,9.061488673139158E-4,0.9367825383993533,0.55,0.7000000000000001,0.8,0.5,50.0,70.0,50.0,0.9,0.6000000000000001,0.6000000000000001,0.5,55.0,25.0,60.0,7073,4972,2101,7073,0.29704510108864696,0.8727948034870278,1.0,0.8727948034870278,2058,0.413917940466613,1.0,1
"iteration_3","SCOPE_DATA_COLLECTION",1700,11,730.0,790.0,2,10162,6995,2450,10119,7141,2405,7070,4821,1646,3087,2173,804,0.3039283252929014,0.3106948813268516,0.32816326530612244,0.4215953669982055,0.7954521483715715,1.1555061394572483,0.843190733996411,0.7954521483715715,0.7703374263048323,0.3688826025459689,0.3957685127566895,0.3894289185905225,97.5,100.0,5697,7725,6185,263,7,5794,0.04616464806038266,9.061488673139158E-4,0.9367825383993533,0.55,0.7000000000000001,0.8,0.5,50.0,70.0,50.0,0.9,0.6000000000000001,0.6000000000000001,0.5,55.0,25.0,60.0,2402,1571,831,2402,0.3459616985845129,1.2586537662906825,1.5,0.839102510860455,619,0.39401654996817315,1.0,1
"iteration_3","SCOPE_DATA_COLLECTION",1700,12,790.0,850.0,0,10113,7073,2402,10162,6995,2450,7238,4958,1556,2870,2101,829,0.2839335180055402,0.2976342258110214,0.34758909853249476,0.48483199643317093,0.8743447971740026,1.2549050881846626,0.9696639928663419,0.8743447971740026,0.8366033921231084,0.414617297596021,0.4154901169826543,0.39138817480719795,95.0,100.0,5705,12462,1421,203,5589,8,0.03558282208588957,0.44848338950409244,0.005629838142153413,0.9,0.6000000000000001,0.6000000000000001,0.5,55.0,25.0,60.0,0.65,0.7000000000000001,0.5,0.8,45.0,60.0,35.0,10155,8697,1458,10155,0.14357459379615953,0.40994171197005674,0.5,0.8198834239401135,2722,0.31298148786938024,1.0,1
"iteration_3","SCOPE_DATA_COLLECTION",1700,12,790.0,850.0,1,10113,7073,2402,10162,6995,2450,7238,4958,1556,2870,2101,829,0.2839335180055402,0.2976342258110214,0.34758909853249476,0.48483199643317093,0.8743447971740026,1.2549050881846626,0.9696639928663419,0.8743447971740026,0.8366033921231084,0.414617297596021,0.4154901169826543,0.39138817480719795,95.0,100.0,5705,12462,1421,203,5589,8,0.03558282208588957,0.44848338950409244,0.005629838142153413,0.9,0.6000000000000001,0.6000000000000001,0.5,55.0,25.0,60.0,0.65,0.7000000000000001,0.5,0.8,45.0,60.0,35.0,7191,6054,1137,7191,0.15811430955360867,0.7387280634072022,1.0,0.7387280634072022,2038,0.33663693425834157,1.0,1
"iteration_3","SCOPE_DATA_COLLECTION",1700,12,790.0,850.0,2,10113,7073,2402,10162,6995,2450,7238,4958,1556,2870,2101,829,0.2839335180055402,0.2976342258110214,0.34758909853249476,0.48483199643317093,0.8743447971740026,1.2549050881846626,0.9696639928663419,0.8743447971740026,0.8366033921231084,0.414617297596021,0.4154901169826543,0.39138817480719795,95.0,100.0,5705,12462,1421,203,5589,8,0.03558282208588957,0.44848338950409244,0.005629838142153413,0.9,0.6000000000000001,0.6000000000000001,0.5,55.0,25.0,60.0,0.65,0.7000000000000001,0.5,0.8,45.0,60.0,35.0,2415,1994,421,2415,0.1743271221532091,1.0821950178936641,1.5,0.7214633452624427,648,0.324974924774323,1.0,1
"iteration_3","SCOPE_DATA_COLLECTION",1700,13,850.0,910.0,0,10155,7191,2415,10113,7073,2402,8704,6054,2000,1457,1135,420,0.14339139848440113,0.15788009458895536,0.17355371900826447,0.40907519066536874,0.7380569066050814,1.0840856593662083,0.8181503813307375,0.7380569066050814,0.7227237729108055,0.3112362132352941,0.3354806739345887,0.3265,100.0,100.0,5664,9132,4965,236,89,2687,0.041666666666666664,0.009745948313622427,0.5411883182275932,0.65,0.7000000000000001,0.5,0.8,45.0,60.0,35.0,0.75,0.6000000000000001,0.4,0.8,55.0,50.0,45.0,10101,9673,428,10101,0.042372042372042375,0.3391371586164385,0.5,0.678274317232877,2530,0.26155277576760055,1.0,1
"iteration_3","SCOPE_DATA_COLLECTION",1700,13,850.0,910.0,1,10155,7191,2415,10113,7073,2402,8704,6054,2000,1457,1135,420,0.14339139848440113,0.15788009458895536,0.17355371900826447,0.40907519066536874,0.7380569066050814,1.0840856593662083,0.8181503813307375,0.7380569066050814,0.7227237729108055,0.3112362132352941,0.3354806739345887,0.3265,100.0,100.0,5664,9132,4965,236,89,2687,0.041666666666666664,0.009745948313622427,0.5411883182275932,0.65,0.7000000000000001,0.5,0.8,45.0,60.0,35.0,0.75,0.6000000000000001,0.4,0.8,55.0,50.0,45.0,6944,6637,307,6944,0.04421082949308756,0.6605466734050072,1.0,0.6605466734050072,1948,0.2935061021545879,1.0,1
"iteration_3","SCOPE_DATA_COLLECTION",1700,13,850.0,910.0,2,10155,7191,2415,10113,7073,2402,8704,6054,2000,1457,1135,420,0.14339139848440113,0.15788009458895536,0.17355371900826447,0.40907519066536874,0.7380569066050814,1.0840856593662083,0.8181503813307375,0.7380569066050814,0.7227237729108055,0.3112362132352941,0.3354806739345887,0.3265,100.0,100.0,5664,9132,4965,236,89,2687,0.041666666666666664,0.009745948313622427,0.5411883182275932,0.65,0.7000000000000001,0.5,0.8,45.0,60.0,35.0,0.75,0.6000000000000001,0.4,0.8,55.0,50.0,45.0,2429,2278,151,2429,0.062165500205846026,0.9781163648921268,1.5,0.6520775765947512,620,0.2721685689201054,1.0,1
"iteration_3","SCOPE_DATA_COLLECTION",1700,14,910.0,970.0,0,10101,6944,2429,10155,7191,2415,9667,6625,2268,429,309,154,0.042492076069730586,0.04456302278627055,0.06358381502890173,0.3399761654832974,0.6612301464938812,0.9754057667072484,0.6799523309665948,0.6612301464938812,0.6502705111381656,0.2628530050687907,0.2949433962264151,0.27116402116402116,100.0,100.0,5616,10449,3409,194,582,116,0.03454415954415954,0.05569910996267585,0.03402757406864183,0.75,0.6000000000000001,0.4,0.8,55.0,50.0,45.0,0.7000000000000001,0.8,0.30000000000000004,0.5,75.0,25.0,60.0,10295,9594,701,10295,0.06809130645944633,0.37458342852365323,0.5,0.7491668570473065,2703,0.2817385866166354,1.0,1
"iteration_3","SCOPE_DATA_COLLECTION",1700,14,910.0,970.0,1,10101,6944,2429,10155,7191,2415,9667,6625,2268,429,309,154,0.042492076069730586,0.04456302278627055,0.06358381502890173,0.3399761654832974,0.6612301464938812,0.9754057667072484,0.6799523309665948,0.6612301464938812,0.6502705111381656,0.2628530050687907,0.2949433962264151,0.27116402116402116,100.0,100.0,5616,10449,3409,194,582,116,0.03454415954415954,0.05569910996267585,0.03402757406864183,0.75,0.6000000000000001,0.4,0.8,55.0,50.0,45.0,0.7000000000000001,0.8,0.30000000000000004,0.5,75.0,25.0,60.0,7054,6515,539,7054,0.07641054720725829,0.6656556912309242,1.0,0.6656556912309242,1921,0.29485801995395244,1.0,1
"iteration_3","SCOPE_DATA_COLLECTION",1700,14,910.0,970.0,2,10101,6944,2429,10155,7191,2415,9667,6625,2268,429,309,154,0.042492076069730586,0.04456302278627055,0.06358381502890173,0.3399761654832974,0.6612301464938812,0.9754057667072484,0.6799523309665948,0.6612301464938812,0.6502705111381656,0.2628530050687907,0.2949433962264151,0.27116402116402116,100.0,100.0,5616,10449,3409,194,582,116,0.03454415954415954,0.05569910996267585,0.03402757406864183,0.75,0.6000000000000001,0.4,0.8,55.0,50.0,45.0,0.7000000000000001,0.8,0.30000000000000004,0.5,75.0,25.0,60.0,2397,2162,235,2397,0.09803921568627451,1.0576526383559666,1.5,0.7051017589039777,670,0.3098982423681776,1.0,1
"iteration_3","SCOPE_DATA_COLLECTION",1700,15,970.0,1030.0,0,10295,7054,2397,10101,6944,2429,9544,6482,2143,701,539,235,0.06842362127867252,0.07676969092721835,0.09882253994953742,0.36435413102476455,0.655244336607198,1.0446309912218474,0.7287082620495291,0.655244336607198,0.696420660814565,0.2788139145012573,0.29065103363159517,0.30377974801679886,100.0,100.0,5572,9866,4308,177,175,1123,0.03176597272074659,0.01773768497871478,0.260677808727948,0.7000000000000001,0.8,0.30000000000000004,0.5,75.0,25.0,60.0,0.8,0.7000000000000001,0.30000000000000004,0.4,75.0,25.0,70.0,10361,9141,1220,10361,0.11774925200270245,0.425848681568218,0.5,0.851697363136436,2806,0.30696860299748385,1.0,1
"iteration_3","SCOPE_DATA_COLLECTION",1700,15,970.0,1030.0,1,10295,7054,2397,10101,6944,2429,9544,6482,2143,701,539,235,0.06842362127867252,0.07676969092721835,0.09882253994953742,0.36435413102476455,0.655244336607198,1.0446309912218474,0.7287082620495291,0.655244336607198,0.696420660814565,0.2788139145012573,0.29065103363159517,0.30377974801679886,100.0,100.0,5572,9866,4308,177,175,1123,0.03176597272074659,0.01773768497871478,0.260677808727948,0.7000000000000001,0.8,0.30000000000000004,0.5,75.0,25.0,60.0,0.8,0.7000000000000001,0.30000000000000004,0.4,75.0,25.0,70.0,7096,6194,902,7096,0.12711386696730553,0.7148053581062389,1.0,0.7148053581062389,2001,0.32305456893768164,1.0,1
"iteration_3","SCOPE_DATA_COLLECTION",1700,15,970.0,1030.0,2,10295,7054,2397,10101,6944,2429,9544,6482,2143,701,539,235,0.06842362127867252,0.07676969092721835,0.09882253994953742,0.36435413102476455,0.655244336607198,1.0446309912218474,0.7287082620495291,0.655244336607198,0.696420660814565,0.2788139145012573,0.29065103363159517,0.30377974801679886,100.0,100.0,5572,9866,4308,177,175,1123,0.03176597272074659,0.01773768497871478,0.260677808727948,0.7000000000000001,0.8,0.30000000000000004,0.5,75.0,25.0,60.0,0.8,0.7000000000000001,0.30000000000000004,0.4,75.0,25.0,70.0,2343,1978,365,2343,0.15578318395219803,1.1059009995097198,1.5,0.7372673330064798,642,0.32457027300303337,1.0,1
"iteration_3","SCOPE_DATA_COLLECTION",1700,16,1030.0,1090.0,0,10361,7096,2343,10295,7054,2397,9184,6213,1995,1219,900,361,0.11717773719119484,0.12652889076339097,0.1532258064516129,0.4357666416690604,0.7247788495964282,1.1218671866471734,0.8715332833381207,0.7247788495964282,0.7479114577647823,0.30956010452961674,0.32592950265572185,0.33283208020050126,100.0,100.0,5537,11302,2961,167,2313,0,0.030160736861116127,0.20465404353211822,0.0,0.8,0.7000000000000001,0.30000000000000004,0.4,75.0,25.0,70.0,0.9,0.8,0.30000000000000004,0.4,85.0,20.0,70.0,10278,6226,4052,10278,0.39424012453784785,0.5622015537441594,0.5,1.1244031074883187,2962,0.4757468679730164,1.0,1
"iteration_3","SCOPE_DATA_COLLECTION",1700,16,1030.0,1090.0,1,10361,7096,2343,10295,7054,2397,9184,6213,1995,1219,900,361,0.11717773719119484,0.12652889076339097,0.1532258064516129,0.4357666416690604,0.7247788495964282,1.1218671866471734,0.8715332833381207,0.7247788495964282,0.7479114577647823,0.30956010452961674,0.32592950265572185,0.33283208020050126,100.0,100.0,5537,11302,2961,167,2313,0,0.030160736861116127,0.20465404353211822,0.0,0.8,0.7000000000000001,0.30000000000000004,0.4,75.0,25.0,70.0,0.9,0.8,0.30000000000000004,0.4,85.0,20.0,70.0,7086,4208,2878,7086,0.406152977702512,0.9428100511691715,1.0,0.9428100511691715,1963,0.46649239543726234,1.0,1
"iteration_3","SCOPE_DATA_COLLECTION",1700,16,1030.0,1090.0,2,10361,7096,2343,10295,7054,2397,9184,6213,1995,1219,900,361,0.11717773719119484,0.12652889076339097,0.1532258064516129,0.4357666416690604,0.7247788495964282,1.1218671866471734,0.8715332833381207,0.7247788495964282,0.7479114577647823,0.30956010452961674,0.32592950265572185,0.33283208020050126,100.0,100.0,5537,11302,2961,167,2313,0,0.030160736861116127,0.20465404353211822,0.0,0.8,0.7000000000000001,0.30000000000000004,0.4,75.0,25.0,70.0,0.9,0.8,0.30000000000000004,0.4,85.0,20.0,70.0,2366,1296,1070,2366,0.452240067624683,1.421153476206825,1.5,0.94743565080455,624,0.48148148148148145,1.0,1
"iteration_3","SCOPE_DATA_COLLECTION",1700,17,1090.0,1150.0,0,10278,7086,2366,10361,7096,2343,6228,4205,1306,4053,2880,1074,0.3942223519112927,0.40649258997882853,0.4512605042016807,0.5621862156445897,0.9402997906352633,1.4273015485359752,1.1243724312891794,0.9402997906352633,0.9515343656906502,0.47559409120102764,0.4642092746730083,0.4831546707503829,100.0,100.0,5520,12788,1422,157,7850,0,0.028442028985507246,0.613856740694401,0.0,0.9,0.8,0.30000000000000004,0.4,85.0,20.0,70.0,0.9,0.7000000000000001,0.4,0.5,75.0,20.0,80.0,10127,6478,3649,10127,0.3603238866396761,0.49670628488413326,0.5,0.9934125697682665,2866,0.4424205001543686,1.0,1
"iteration_3","SCOPE_DATA_COLLECTION",1700,17,1090.0,1150.0,1,10278,7086,2366,10361,7096,2343,6228,4205,1306,4053,2880,1074,0.3942223519112927,0.40649258997882853,0.4512605042016807,0.5621862156445897,0.9402997906352633,1.4273015485359752,1.1243724312891794,0.9402997906352633,0.9515343656906502,0.47559409120102764,0.4642092746730083,0.4831546707503829,100.0,100.0,5520,12788,1422,157,7850,0,0.028442028985507246,0.613856740694401,0.0,0.9,0.8,0.30000000000000004,0.4,85.0,20.0,70.0,0.9,0.7000000000000001,0.4,0.5,75.0,20.0,80.0,7105,4501,2604,7105,0.3665024630541872,0.8826145001412496,1.0,0.8826145001412496,2030,0.4510108864696734,1.0,1
"iteration_3","SCOPE_DATA_COLLECTION",1700,17,1090.0,1150.0,2,10278,7086,2366,10361,7096,2343,6228,4205,1306,4053,2880,1074,0.3942223519112927,0.40649258997882853,0.4512605042016807,0.5621862156445897,0.9402997906352633,1.4273015485359752,1.1243724312891794,0.9402997906352633,0.9515343656906502,0.47559409120102764,0.4642092746730083,0.4831546707503829,100.0,100.0,5520,12788,1422,157,7850,0,0.028442028985507246,0.613856740694401,0.0,0.9,0.8,0.30000000000000004,0.4,85.0,20.0,70.0,0.9,0.7000000000000001,0.4,0.5,75.0,20.0,80.0,2456,1486,970,2456,0.3949511400651466,1.3382763054464468,1.5,0.8921842036309645,654,0.44010767160161507,1.0,1
"iteration_3","SCOPE_DATA_COLLECTION",1700,18,1150.0,1210.0,0,10127,7105,2456,10278,7086,2366,6454,4516,1469,3649,2604,970,0.3611798475700287,0.3657303370786517,0.3977039770397704,0.4964175587090521,0.8849310077532879,1.330593771965909,0.9928351174181042,0.8849310077532879,0.8870625146439393,0.44344592500774715,0.4550487156775908,0.43771272974812797,100.0,100.0,5526,12717,1445,187,7036,0,0.03384002895403547,0.5532751435086891,0.0,0.9,0.7000000000000001,0.4,0.5,75.0,20.0,80.0,0.4,0.8,0.1,0.7000000000000001,35.0,80.0,35.0,10335,5865,4470,10335,0.432510885341074,0.43952948859001995,0.5,0.8790589771800399,2502,0.4265984654731458,1.0,1
"iteration_3","SCOPE_DATA_COLLECTION",1700,18,1150.0,1210.0,1,10127,7105,2456,10278,7086,2366,6454,4516,1469,3649,2604,970,0.3611798475700287,0.3657303370786517,0.3977039770397704,0.4964175587090521,0.8849310077532879,1.330593771965909,0.9928351174181042,0.8849310077532879,0.8870625146439393,0.44344592500774715,0.4550487156775908,0.43771272974812797,100.0,100.0,5526,12717,1445,187,7036,0,0.03384002895403547,0.5532751435086891,0.0,0.9,0.7000000000000001,0.4,0.5,75.0,20.0,80.0,0.4,0.8,0.1,0.7000000000000001,35.0,80.0,35.0,7087,3987,3100,7087,0.4374206293212925,0.7681362161076492,1.0,0.7681362161076492,1846,0.4630047654878355,1.0,1
"iteration_3","SCOPE_DATA_COLLECTION",1700,18,1150.0,1210.0,2,10127,7105,2456,10278,7086,2366,6454,4516,1469,3649,2604,970,0.3611798475700287,0.3657303370786517,0.3977039770397704,0.4964175587090521,0.8849310077532879,1.330593771965909,0.9928351174181042,0.8849310077532879,0.8870625146439393,0.44344592500774715,0.4550487156775908,0.43771272974812797,100.0,100.0,5526,12717,1445,187,7036,0,0.03384002895403547,0.5532751435086891,0.0,0.9,0.7000000000000001,0.4,0.5,75.0,20.0,80.0,0.4,0.8,0.1,0.7000000000000001,35.0,80.0,35.0,2398,1319,1079,2398,0.4499582985821518,1.2818531612197963,1.5,0.8545687741465309,611,0.4632297194844579,1.0,1
"iteration_3","SCOPE_DATA_COLLECTION",1700,19,1210.0,1270.0,0,10335,7087,2398,10127,7105,2456,5893,4013,1336,4470,3100,1079,0.4313422754028756,0.43582173485168,0.44679089026915114,0.4367223144666582,0.7697368693285627,1.2721729054560744,0.8734446289333164,0.7697368693285627,0.8481152703040497,0.4221958255557441,0.45950660353849987,0.45583832335329344,100.0,100.0,5530,5683,8607,101,2,8546,0.018264014466546113,3.5192679922576106E-4,0.9929127454397584,0.4,0.8,0.1,0.7000000000000001,35.0,80.0,35.0,0.4,0.7000000000000001,0.1,0.8,25.0,80.0,25.0,10198,5708,4490,10198,0.440282408315356,0.42144101235971193,0.5,0.8428820247194239,2303,0.403468815697267,1.0,1
"iteration_3","SCOPE_DATA_COLLECTION",1700,19,1210.0,1270.0,1,10335,7087,2398,10127,7105,2456,5893,4013,1336,4470,3100,1079,0.4313422754028756,0.43582173485168,0.44679089026915114,0.4367223144666582,0.7697368693285627,1.2721729054560744,0.8734446289333164,0.7697368693285627,0.8481152703040497,0.4221958255557441,0.45950660353849987,0.45583832335329344,100.0,100.0,5530,5683,8607,101,2,8546,0.018264014466546113,3.5192679922576106E-4,0.9929127454397584,0.4,0.8,0.1,0.7000000000000001,35.0,80.0,35.0,0.4,0.7000000000000001,0.1,0.8,25.0,80.0,25.0,7134,4003,3131,7134,0.43888421642837117,0.7522302774370531,1.0,0.7522302774370531,1820,0.45465900574569074,1.0,1
"iteration_3","SCOPE_DATA_COLLECTION",1700,19,1210.0,1270.0,2,10335,7087,2398,10127,7105,2456,5893,4013,1336,4470,3100,1079,0.4313422754028756,0.43582173485168,0.44679089026915114,0.4367223144666582,0.7697368693285627,1.2721729054560744,0.8734446289333164,0.7697368693285627,0.8481152703040497,0.4221958255557441,0.45950660353849987,0.45583832335329344,100.0,100.0,5530,5683,8607,101,2,8546,0.018264014466546113,3.5192679922576106E-4,0.9929127454397584,0.4,0.8,0.1,0.7000000000000001,35.0,80.0,35.0,0.4,0.7000000000000001,0.1,0.8,25.0,80.0,25.0,2516,1326,1190,2516,0.47297297297297297,1.2735399989887453,1.5,0.8490266659924969,618,0.4660633484162896,1.0,1
"iteration_3","SCOPE_DATA_COLLECTION",1700,20,1270.0,1330.0,0,10198,7134,2516,10335,7087,2398,5726,4004,1335,4490,3131,1190,0.4395066562255286,0.43882270497547304,0.47128712871287126,0.42464027476525273,0.7550237915649517,1.2814361607481317,0.8492805495305055,0.7550237915649517,0.8542907738320878,0.40604261264407965,0.45604395604395603,0.4696629213483146,100.0,100.0,5387,5764,8697,110,4,8697,0.020419528494523855,6.939625260235947E-4,1.0,0.4,0.7000000000000001,0.1,0.8,25.0,80.0,25.0,0.30000000000000004,0.6000000000000001,0.1,0.7000000000000001,35.0,90.0,20.0,10081,5013,5068,10081,0.50272790397778,0.45577784836037954,0.5,0.9115556967207591,2318,0.46239776580889685,1.0,1
"iteration_3","SCOPE_DATA_COLLECTION",1700,20,1270.0,1330.0,1,10198,7134,2516,10335,7087,2398,5726,4004,1335,4490,3131,1190,0.4395066562255286,0.43882270497547304,0.47128712871287126,0.42464027476525273,0.7550237915649517,1.2814361607481317,0.8492805495305055,0.7550237915649517,0.8542907738320878,0.40604261264407965,0.45604395604395603,0.4696629213483146,100.0,100.0,5387,5764,8697,110,4,8697,0.020419528494523855,6.939625260235947E-4,1.0,0.4,0.7000000000000001,0.1,0.8,25.0,80.0,25.0,0.30000000000000004,0.6000000000000001,0.1,0.7000000000000001,35.0,90.0,20.0,6971,3400,3571,6971,0.5122650982642376,0.8420474231280005,1.0,0.8420474231280005,1832,0.5388235294117647,1.0,1
"iteration_3","SCOPE_DATA_COLLECTION",1700,20,1270.0,1330.0,2,10198,7134,2516,10335,7087,2398,5726,4004,1335,4490,3131,1190,0.4395066562255286,0.43882270497547304,0.47128712871287126,0.42464027476525273,0.7550237915649517,1.2814361607481317,0.8492805495305055,0.7550237915649517,0.8542907738320878,0.40604261264407965,0.45604395604395603,0.4696629213483146,100.0,100.0,5387,5764,8697,110,4,8697,0.020419528494523855,6.939625260235947E-4,1.0,0.4,0.7000000000000001,0.1,0.8,25.0,80.0,25.0,0.30000000000000004,0.6000000000000001,0.1,0.7000000000000001,35.0,90.0,20.0,2435,1160,1275,2435,0.5236139630390144,1.410759797489137,1.5,0.9405065316594247,623,0.5370689655172414,1.0,1
"iteration_3","SCOPE_DATA_COLLECTION",1700,21,1330.0,1390.0,0,10081,6971,2435,10198,7134,2516,5024,3405,1151,5068,3571,1275,0.5021799445105034,0.5118979357798165,0.5255564715581204,0.4573301941147615,0.8402543980610127,1.405972335047456,0.914660388229523,0.8402543980610127,0.9373148900316374,0.4635748407643312,0.5380323054331865,0.5343179843614249,100.0,100.0,5461,4214,9812,101,1,9812,0.018494781175608863,2.3730422401518748E-4,1.0,0.30000000000000004,0.6000000000000001,0.1,0.7000000000000001,35.0,90.0,20.0,0.4,0.6000000000000001,0.1,0.6000000000000001,25.0,95.0,20.0,10246,5714,4532,10246,0.44231895373804414,0.4016770774970814,0.5,0.8033541549941629,2218,0.3881694084704235,1.0,1
"iteration_3","SCOPE_DATA_COLLECTION",1700,21,1330.0,1390.0,1,10081,6971,2435,10198,7134,2516,5024,3405,1151,5068,3571,1275,0.5021799445105034,0.5118979357798165,0.5255564715581204,0.4573301941147615,0.8402543980610127,1.405972335047456,0.914660388229523,0.8402543980610127,0.9373148900316374,0.4635748407643312,0.5380323054331865,0.5343179843614249,100.0,100.0,5461,4214,9812,101,1,9812,0.018494781175608863,2.3730422401518748E-4,1.0,0.30000000000000004,0.6000000000000001,0.1,0.7000000000000001,35.0,90.0,20.0,0.4,0.6000000000000001,0.1,0.6000000000000001,25.0,95.0,20.0,7111,3969,3142,7111,0.44185065391646744,0.7610656315104253,1.0,0.7610656315104253,1875,0.47241118669690096,1.0,1
"iteration_3","SCOPE_DATA_COLLECTION",1700,21,1330.0,1390.0,2,10081,6971,2435,10198,7134,2516,5024,3405,1151,5068,3571,1275,0.5021799445105034,0.5118979357798165,0.5255564715581204,0.4573301941147615,0.8402543980610127,1.405972335047456,0.914660388229523,0.8402543980610127,0.9373148900316374,0.4635748407643312,0.5380323054331865,0.5343179843614249,100.0,100.0,5461,4214,9812,101,1,9812,0.018494781175608863,2.3730422401518748E-4,1.0,0.30000000000000004,0.6000000000000001,0.1,0.7000000000000001,35.0,90.0,20.0,0.4,0.6000000000000001,0.1,0.6000000000000001,25.0,95.0,20.0,2399,1332,1067,2399,0.44476865360566903,1.2558887136677879,1.5,0.837259142445192,619,0.4647147147147147,1.0,1
"iteration_3","SCOPE_DATA_COLLECTION",1700,22,1390.0,1450.0,0,10246,7111,2399,10081,6971,2435,5711,3980,1341,4532,3142,1067,0.4424485014156009,0.4411682111766358,0.4431063122923588,0.40151170979070516,0.7642585704027168,1.263995563374714,0.8030234195814103,0.7642585704027168,0.842663708916476,0.38784801260724916,0.47412060301507536,0.46756152125279643,100.0,100.0,5364,5738,8654,80,7,8654,0.014914243102162566,0.0012199372603694668,1.0,0.4,0.6000000000000001,0.1,0.6000000000000001,25.0,95.0,20.0,0.65,0.5,0.5,0.5,30.0,70.0,25.0,10209,8921,1288,10209,0.1261631893427368,0.3906851560351381,0.5,0.7813703120702762,2806,0.3145387288420581,1.0,1
"iteration_3","SCOPE_DATA_COLLECTION",1700,22,1390.0,1450.0,1,10246,7111,2399,10081,6971,2435,5711,3980,1341,4532,3142,1067,0.4424485014156009,0.4411682111766358,0.4431063122923588,0.40151170979070516,0.7642585704027168,1.263995563374714,0.8030234195814103,0.7642585704027168,0.842663708916476,0.38784801260724916,0.47412060301507536,0.46756152125279643,100.0,100.0,5364,5738,8654,80,7,8654,0.014914243102162566,0.0012199372603694668,1.0,0.4,0.6000000000000001,0.1,0.6000000000000001,25.0,95.0,20.0,0.65,0.5,0.5,0.5,30.0,70.0,25.0,6992,6052,940,6992,0.13443935926773457,0.7153755325190746,1.0,0.7153755325190746,2023,0.3342696629213483,1.0,1
"iteration_3","SCOPE_DATA_COLLECTION",1700,22,1390.0,1450.0,2,10246,7111,2399,10081,6971,2435,5711,3980,1341,4532,3142,1067,0.4424485014156009,0.4411682111766358,0.4431063122923588,0.40151170979070516,0.7642585704027168,1.263995563374714,0.8030234195814103,0.7642585704027168,0.842663708916476,0.38784801260724916,0.47412060301507536,0.46756152125279643,100.0,100.0,5364,5738,8654,80,7,8654,0.014914243102162566,0.0012199372603694668,1.0,0.4,0.6000000000000001,0.1,0.6000000000000001,25.0,95.0,20.0,0.65,0.5,0.5,0.5,30.0,70.0,25.0,2390,1980,410,2390,0.17154811715481172,1.056898265141604,1.5,0.7045988434277359,629,0.31767676767676767,1.0,1
"iteration_3","SCOPE_DATA_COLLECTION",1700,23,1450.0,1510.0,0,10209,6992,2390,10246,7111,2399,8911,6022,1973,1288,940,410,0.1262868908716541,0.1350186727951738,0.17205203524968526,0.3898835536699171,0.7103575138068847,1.0502575397746021,0.7797671073398342,0.7103575138068847,0.700171693183068,0.31376949837279766,0.33244769179674527,0.3157627977698936,100.0,100.0,5741,8979,4871,222,10,2406,0.03866922139000174,0.0011137097672346587,0.4939437487168959,0.65,0.5,0.5,0.5,30.0,70.0,25.0,0.75,0.5,0.6000000000000001,0.4,20.0,60.0,25.0,10183,9878,305,10183,0.029951880585289206,0.3639388289390834,0.5,0.7278776578781668,2757,0.27910508200040496,1.0,1
"iteration_3","SCOPE_DATA_COLLECTION",1700,23,1450.0,1510.0,1,10209,6992,2390,10246,7111,2399,8911,6022,1973,1288,940,410,0.1262868908716541,0.1350186727951738,0.17205203524968526,0.3898835536699171,0.7103575138068847,1.0502575397746021,0.7797671073398342,0.7103575138068847,0.700171693183068,0.31376949837279766,0.33244769179674527,0.3157627977698936,100.0,100.0,5741,8979,4871,222,10,2406,0.03866922139000174,0.0011137097672346587,0.4939437487168959,0.65,0.5,0.5,0.5,30.0,70.0,25.0,0.75,0.5,0.6000000000000001,0.4,20.0,60.0,25.0,7058,6779,279,7058,0.039529611788041936,0.666436683920734,1.0,0.666436683920734,1958,0.2888331612332202,1.0,1
"iteration_3","SCOPE_DATA_COLLECTION",1700,23,1450.0,1510.0,2,10209,6992,2390,10246,7111,2399,8911,6022,1973,1288,940,410,0.1262868908716541,0.1350186727951738,0.17205203524968526,0.3898835536699171,0.7103575138068847,1.0502575397746021,0.7797671073398342,0.7103575138068847,0.700171693183068,0.31376949837279766,0.33244769179674527,0.3157627977698936,100.0,100.0,5741,8979,4871,222,10,2406,0.03866922139000174,0.0011137097672346587,0.4939437487168959,0.65,0.5,0.5,0.5,30.0,70.0,25.0,0.75,0.5,0.6000000000000001,0.4,20.0,60.0,25.0,2363,2211,152,2363,0.06432501057977148,0.9816366137269309,1.5,0.6544244091512873,621,0.2808683853459973,1.0,1
"iteration_3","SCOPE_DATA_COLLECTION",1700,24,1510.0,1570.0,0,10183,7058,2363,10209,6992,2390,9859,6771,2210,305,279,152,0.030007870916961825,0.03957446808510638,0.06435224386113463,0.36483979916802955,0.6657205155985206,0.9908307468734926,0.7296795983360591,0.6657205155985206,0.660553831248995,0.2803529769753525,0.2884359769605671,0.2850678733031674,100.0,100.0,5761,10431,3412,243,368,125,0.04218017705259504,0.03527945546927428,0.036635404454865184,0.75,0.5,0.6000000000000001,0.4,20.0,60.0,25.0,0.8500000000000001,0.5,0.4,0.30000000000000004,35.0,65.0,80.0,10147,7677,2470,10147,0.24342170099536808,0.4335299584109036,0.5,0.8670599168218072,2746,0.3576918066953237,1.0,1
"iteration_3","SCOPE_DATA_COLLECTION",1700,24,1510.0,1570.0,1,10183,7058,2363,10209,6992,2390,9859,6771,2210,305,279,152,0.030007870916961825,0.03957446808510638,0.06435224386113463,0.36483979916802955,0.6657205155985206,0.9908307468734926,0.7296795983360591,0.6657205155985206,0.660553831248995,0.2803529769753525,0.2884359769605671,0.2850678733031674,100.0,100.0,5761,10431,3412,243,368,125,0.04218017705259504,0.03527945546927428,0.036635404454865184,0.75,0.5,0.6000000000000001,0.4,20.0,60.0,25.0,0.8500000000000001,0.5,0.4,0.30000000000000004,35.0,65.0,80.0,7016,5219,1797,7016,0.25612884834663624,0.8012441764451896,1.0,0.8012441764451896,2019,0.38685571948649167,1.0,1
"iteration_3","SCOPE_DATA_COLLECTION",1700,24,1510.0,1570.0,2,10183,7058,2363,10209,6992,2390,9859,6771,2210,305,279,152,0.030007870916961825,0.03957446808510638,0.06435224386113463,0.36483979916802955,0.6657205155985206,0.9908307468734926,0.7296795983360591,0.6657205155985206,0.660553831248995,0.2803529769753525,0.2884359769605671,0.2850678733031674,100.0,100.0,5761,10431,3412,243,368,125,0.04218017705259504,0.03527945546927428,0.036635404454865184,0.75,0.5,0.6000000000000001,0.4,20.0,60.0,25.0,0.8500000000000001,0.5,0.4,0.30000000000000004,35.0,65.0,80.0,2425,1760,665,2425,0.27422680412371137,1.1568258597812033,1.5,0.7712172398541356,656,0.37272727272727274,1.0,1
"iteration_3","SCOPE_DATA_COLLECTION",1700,25,1570.0,1630.0,0,10147,7016,2425,10183,7058,2363,7668,5187,1756,2457,1791,662,0.24266666666666667,0.25666380051590715,0.2737799834574028,0.425501776832201,0.7930243964818492,1.149081913888299,0.851003553664402,0.7930243964818492,0.766054609258866,0.3541992696922274,0.38288027761711974,0.3690205011389522,97.5,100.0,5622,11928,2038,196,4714,0,0.034863038064745645,0.39520456069751847,0.0,0.8500000000000001,0.5,0.4,0.30000000000000004,35.0,65.0,80.0,0.75,0.2,0.9,0.30000000000000004,85.0,20.0,20.0,10153,9439,714,10153,0.07032404215502808,0.3327395659821743,0.5,0.6654791319643486,2433,0.2577603559699121,1.0,1
"iteration_3","SCOPE_DATA_COLLECTION",1700,25,1570.0,1630.0,1,10147,7016,2425,10183,7058,2363,7668,5187,1756,2457,1791,662,0.24266666666666667,0.25666380051590715,0.2737799834574028,0.425501776832201,0.7930243964818492,1.149081913888299,0.851003553664402,0.7930243964818492,0.766054609258866,0.3541992696922274,0.38288027761711974,0.3690205011389522,97.5,100.0,5622,11928,2038,196,4714,0,0.034863038064745645,0.39520456069751847,0.0,0.8500000000000001,0.5,0.4,0.30000000000000004,35.0,65.0,80.0,0.75,0.2,0.9,0.30000000000000004,85.0,20.0,20.0,7117,6636,481,7117,0.06758465645637207,0.6747156986288206,1.0,0.6747156986288206,2007,0.3024412296564195,1.0,1
"iteration_3","SCOPE_DATA_COLLECTION",1700,25,1570.0,1630.0,2,10147,7016,2425,10183,7058,2363,7668,5187,1756,2457,1791,662,0.24266666666666667,0.25666380051590715,0.2737799834574028,0.425501776832201,0.7930243964818492,1.149081913888299,0.851003553664402,0.7930243964818492,0.766054609258866,0.3541992696922274,0.38288027761711974,0.3690205011389522,97.5,100.0,5622,11928,2038,196,4714,0,0.034863038064745645,0.39520456069751847,0.0,0.8500000000000001,0.5,0.4,0.30000000000000004,35.0,65.0,80.0,0.75,0.2,0.9,0.30000000000000004,85.0,20.0,20.0,2296,2108,188,2296,0.08188153310104529,0.9802879302883235,1.5,0.6535252868588823,600,0.2846299810246679,1.0,1
"iteration_3","SCOPE_DATA_COLLECTION",1700,26,1630.0,1690.0,0,10153,7117,2296,10147,7016,2425,9474,6678,2115,727,487,191,0.07126752279188314,0.06796929518492673,0.08282740676496098,0.338921582922392,0.6824496044108843,0.9817041939749739,0.677843165844784,0.6824496044108843,0.6544694626499826,0.26050242769685455,0.3060796645702306,0.2851063829787234,100.0,100.0,5657,10494,3415,118,1227,60,0.020859112603853633,0.11692395654659805,0.017569546120058566,0.75,0.2,0.9,0.30000000000000004,85.0,20.0,20.0,0.65,0.30000000000000004,0.9,0.2,75.0,30.0,20.0,10098,8794,1304,10098,0.12913448207565856,0.39237611220903557,0.5,0.7847522244180711,2778,0.3158972026381624,1.0,1
"iteration_3","SCOPE_DATA_COLLECTION",1700,26,1630.0,1690.0,1,10153,7117,2296,10147,7016,2425,9474,6678,2115,727,487,191,0.07126752279188314,0.06796929518492673,0.08282740676496098,0.338921582922392,0.6824496044108843,0.9817041939749739,0.677843165844784,0.6824496044108843,0.6544694626499826,0.26050242769685455,0.3060796645702306,0.2851063829787234,100.0,100.0,5657,10494,3415,118,1227,60,0.020859112603853633,0.11692395654659805,0.017569546120058566,0.75,0.2,0.9,0.30000000000000004,85.0,20.0,20.0,0.65,0.30000000000000004,0.9,0.2,75.0,30.0,20.0,7034,6030,1004,7034,0.14273528575490474,0.7339633598150191,1.0,0.7339633598150191,2028,0.336318407960199,1.0,1
"iteration_3","SCOPE_DATA_COLLECTION",1700,26,1630.0,1690.0,2,10153,7117,2296,10147,7016,2425,9474,6678,2115,727,487,191,0.07126752279188314,0.06796929518492673,0.08282740676496098,0.338921582922392,0.6824496044108843,0.9817041939749739,0.677843165844784,0.6824496044108843,0.6544694626499826,0.26050242769685455,0.3060796645702306,0.2851063829787234,100.0,100.0,5657,10494,3415,118,1227,60,0.020859112603853633,0.11692395654659805,0.017569546120058566,0.75,0.2,0.9,0.30000000000000004,85.0,20.0,20.0,0.65,0.30000000000000004,0.9,0.2,75.0,30.0,20.0,2375,1990,385,2375,0.16210526315789472,1.0510593301884472,1.5,0.7007062201256314,645,0.3241206030150754,1.0,1
"iteration_3","SCOPE_DATA_COLLECTION",1700,27,1690.0,1750.0,0,10098,7034,2375,10153,7117,2296,8772,6037,1997,1294,992,381,0.1285515597059408,0.1411296059183383,0.16021867115222876,0.39052347191630754,0.7348665640411219,1.05489124677576,0.7810469438326151,0.7348665640411219,0.7032608311838401,0.31509347925216596,0.33625973165479545,0.3259889834752128,100.0,100.0,5574,9055,4878,134,33,2500,0.024040186580552566,0.0036443953616786305,0.5125051250512506,0.65,0.30000000000000004,0.9,0.2,75.0,30.0,20.0,0.55,0.30000000000000004,0.9,0.2,65.0,30.0,30.0,10215,6946,3269,10215,0.32001957905041606,0.3801863001432423,0.5,0.7603726002864846,2376,0.3420673769075727,1.0,1
"iteration_3","SCOPE_DATA_COLLECTION",1700,27,1690.0,1750.0,1,10098,7034,2375,10153,7117,2296,8772,6037,1997,1294,992,381,0.1285515597059408,0.1411296059183383,0.16021867115222876,0.39052347191630754,0.7348665640411219,1.05489124677576,0.7810469438326151,0.7348665640411219,0.7032608311838401,0.31509347925216596,0.33625973165479545,0.3259889834752128,100.0,100.0,5574,9055,4878,134,33,2500,0.024040186580552566,0.0036443953616786305,0.5125051250512506,0.65,0.30000000000000004,0.9,0.2,75.0,30.0,20.0,0.55,0.30000000000000004,0.9,0.2,65.0,30.0,30.0,6924,4716,2208,6924,0.3188908145580589,0.8020031194038281,1.0,0.8020031194038281,1955,0.41454622561492793,1.0,1
"iteration_3","SCOPE_DATA_COLLECTION",1700,27,1690.0,1750.0,2,10098,7034,2375,10153,7117,2296,8772,6037,1997,1294,992,381,0.1285515597059408,0.1411296059183383,0.16021867115222876,0.39052347191630754,0.7348665640411219,1.05489124677576,0.7810469438326151,0.7348665640411219,0.7032608311838401,0.31509347925216596,0.33625973165479545,0.3259889834752128,100.0,100.0,5574,9055,4878,134,33,2500,0.024040186580552566,0.0036443953616786305,0.5125051250512506,0.65,0.30000000000000004,0.9,0.2,75.0,30.0,20.0,0.55,0.30000000000000004,0.9,0.2,65.0,30.0,30.0,2372,1579,793,2372,0.3343170320404722,1.1172765022001305,1.5,0.7448510014667536,604,0.3825205826472451,1.0,1
"iteration_3","SCOPE_DATA_COLLECTION",1700,28,1750.0,1810.0,0,10215,6924,2372,10098,7034,2375,6946,4724,1571,3279,2220,797,0.3206845965770171,0.3197004608294931,0.33657094594594594,0.38233065157844215,0.8022082510707219,1.1184143735163996,0.7646613031568843,0.8022082510707219,0.7456095823442664,0.3420673769075727,0.4155376799322608,0.3825588796944621,100.0,100.0,5526,7660,6325,104,24,6168,0.018820123054650743,0.003133159268929504,0.9751778656126482,0.55,0.30000000000000004,0.9,0.2,65.0,30.0,30.0,0.65,0.30000000000000004,0.8,0.30000000000000004,55.0,20.0,30.0,10036,8646,1390,10036,0.13850139497807892,0.3626476670783294,0.5,0.7252953341566588,2616,0.3025676613462873,1.0,1
"iteration_3","SCOPE_DATA_COLLECTION",1700,28,1750.0,1810.0,1,10215,6924,2372,10098,7034,2375,6946,4724,1571,3279,2220,797,0.3206845965770171,0.3197004608294931,0.33657094594594594,0.38233065157844215,0.8022082510707219,1.1184143735163996,0.7646613031568843,0.8022082510707219,0.7456095823442664,0.3420673769075727,0.4155376799322608,0.3825588796944621,100.0,100.0,5526,7660,6325,104,24,6168,0.018820123054650743,0.003133159268929504,0.9751778656126482,0.55,0.30000000000000004,0.9,0.2,65.0,30.0,30.0,0.65,0.30000000000000004,0.8,0.30000000000000004,55.0,20.0,30.0,7126,6053,1073,7126,0.15057535784451306,0.7173469358914123,1.0,0.7173469358914123,1999,0.3302494630761606,1.0,1
"iteration_3","SCOPE_DATA_COLLECTION",1700,28,1750.0,1810.0,2,10215,6924,2372,10098,7034,2375,6946,4724,1571,3279,2220,797,0.3206845965770171,0.3197004608294931,0.33657094594594594,0.38233065157844215,0.8022082510707219,1.1184143735163996,0.7646613031568843,0.8022082510707219,0.7456095823442664,0.3420673769075727,0.4155376799322608,0.3825588796944621,100.0,100.0,5526,7660,6325,104,24,6168,0.018820123054650743,0.003133159268929504,0.9751778656126482,0.55,0.30000000000000004,0.9,0.2,65.0,30.0,30.0,0.65,0.30000000000000004,0.8,0.30000000000000004,55.0,20.0,30.0,2335,1947,388,2335,0.16616702355460386,1.026046710222324,1.5,0.6840311401482161,608,0.3122752953261428,1.0,1
"iteration_3","SCOPE_DATA_COLLECTION",1700,29,1810.0,1870.0,0,10036,7126,2335,10215,6924,2372,8645,6019,1941,1390,1073,388,0.13851519681116092,0.15129723632261705,0.16659510519536283,0.3626274628170283,0.71503833268257,1.023238363864618,0.7252549256340566,0.71503833268257,0.6821589092430788,0.3020242914979757,0.32962286094035553,0.312210200927357,100.0,100.0,5624,9121,4752,139,81,2631,0.024715504978662872,0.008880605196798596,0.5536616161616161,0.65,0.30000000000000004,0.8,0.30000000000000004,55.0,20.0,30.0,0.75,0.2,0.8,0.2,55.0,20.0,30.0,10130,9346,784,10130,0.0773938795656466,0.3635791599741786,0.5,0.7271583199483572,2689,0.28771667023325487,1.0,1
"iteration_3","SCOPE_DATA_COLLECTION",1700,29,1810.0,1870.0,1,10036,7126,2335,10215,6924,2372,8645,6019,1941,1390,1073,388,0.13851519681116092,0.15129723632261705,0.16659510519536283,0.3626274628170283,0.71503833268257,1.023238363864618,0.7252549256340566,0.71503833268257,0.6821589092430788,0.3020242914979757,0.32962286094035553,0.312210200927357,100.0,100.0,5624,9121,4752,139,81,2631,0.024715504978662872,0.008880605196798596,0.5536616161616161,0.65,0.30000000000000004,0.8,0.30000000000000004,55.0,20.0,30.0,0.75,0.2,0.8,0.2,55.0,20.0,30.0,7109,6489,620,7109,0.08721339147559432,0.699257305386857,1.0,0.699257305386857,1966,0.30297426413931267,1.0,1
"iteration_3","SCOPE_DATA_COLLECTION",1700,29,1810.0,1870.0,2,10036,7126,2335,10215,6924,2372,8645,6019,1941,1390,1073,388,0.13851519681116092,0.15129723632261705,0.16659510519536283,0.3626274628170283,0.71503833268257,1.023238363864618,0.7252549256340566,0.71503833268257,0.6821589092430788,0.3020242914979757,0.32962286094035553,0.312210200927357,100.0,100.0,5624,9121,4752,139,81,2631,0.024715504978662872,0.008880605196798596,0.5536616161616161,0.65,0.30000000000000004,0.8,0.30000000000000004,55.0,20.0,30.0,0.75,0.2,0.8,0.2,55.0,20.0,30.0,2431,2182,249,2431,0.10242698477992596,1.0182565776212227,1.5,0.6788377184141484,639,0.2928505957836847,1.0,1
"iteration_3","SCOPE_DATA_COLLECTION",1700,30,1870.0,1930.0,0,10130,7109,2431,10036,7126,2335,9355,6496,2183,784,619,249,0.07732517999802742,0.08699929725931131,0.10238486842105263,0.36384932666343056,0.6997584585217608,1.0210045831147434,0.7276986533268611,0.6997584585217608,0.6806697220764956,0.28850881881346874,0.3020320197044335,0.293632615666514,100.0,100.0,5624,10632,3414,129,1357,166,0.02293741109530583,0.12763355906696763,0.04862331575864089,0.75,0.2,0.8,0.2,55.0,20.0,30.0,0.75,0.30000000000000004,0.9,0.2,65.0,20.0,30.0,10217,9512,705,10217,0.06900264265439952,0.35369484024441766,0.5,0.7073896804888353,2514,0.26429772918418837,1.0,1
"iteration_3","SCOPE_DATA_COLLECTION",1700,30,1870.0,1930.0,1,10130,7109,2431,10036,7126,2335,9355,6496,2183,784,619,249,0.07732517999802742,0.08699929725931131,0.10238486842105263,0.36384932666343056,0.6997584585217608,1.0210045831147434,0.7276986533268611,0.6997584585217608,0.6806697220764956,0.28850881881346874,0.3020320197044335,0.293632615666514,100.0,100.0,5624,10632,3414,129,1357,166,0.02293741109530583,0.12763355906696763,0.04862331575864089,0.75,0.2,0.8,0.2,55.0,20.0,30.0,0.75,0.30000000000000004,0.9,0.2,65.0,20.0,30.0,6995,6486,509,6995,0.0727662616154396,0.6734779187211499,1.0,0.6734779187211499,1901,0.29309281529448045,1.0,1
"iteration_3","SCOPE_DATA_COLLECTION",1700,30,1870.0,1930.0,2,10130,7109,2431,10036,7126,2335,9355,6496,2183,784,619,249,0.07732517999802742,0.08699929725931131,0.10238486842105263,0.36384932666343056,0.6997584585217608,1.0210045831147434,0.7276986533268611,0.6997584585217608,0.6806697220764956,0.28850881881346874,0.3020320197044335,0.293632615666514,100.0,100.0,5624,10632,3414,129,1357,166,0.02293741109530583,0.12763355906696763,0.04862331575864089,0.75,0.2,0.8,0.2,55.0,20.0,30.0,0.75,0.30000000000000004,0.9,0.2,65.0,20.0,30.0,2440,2237,203,2440,0.08319672131147542,0.9944932077977218,1.5,0.6629954718651478,657,0.29369691551184623,1.0,1
"iteration_3","SCOPE_DATA_COLLECTION",1700,31,1930.0,1990.0,0,10217,6995,2440,10130,7109,2431,9480,6482,2227,705,508,203,0.06921944035346098,0.07267525035765379,0.08353909465020576,0.3454816993836156,0.6695880409666032,0.9800804856411782,0.6909633987672312,0.6695880409666032,0.6533869904274522,0.26276371308016877,0.2932736809626658,0.29052537045352494,97.5,100.0,5569,10529,3554,147,1121,148,0.026396121386245287,0.10646785069807199,0.04164321890827237,0.75,0.30000000000000004,0.9,0.2,65.0,20.0,30.0,0.05,0.5,0.8,0.4,55.0,95.0,80.0,10240,3296,6944,10240,0.678125,0.6745973365690151,0.5,1.3491946731380302,2445,0.7418082524271845,1.0,1
"iteration_3","SCOPE_DATA_COLLECTION",1700,31,1930.0,1990.0,1,10217,6995,2440,10130,7109,2431,9480,6482,2227,705,508,203,0.06921944035346098,0.07267525035765379,0.08353909465020576,0.3454816993836156,0.6695880409666032,0.9800804856411782,0.6909633987672312,0.6695880409666032,0.6533869904274522,0.26276371308016877,0.2932736809626658,0.29052537045352494,97.5,100.0,5569,10529,3554,147,1121,148,0.026396121386245287,0.10646785069807199,0.04164321890827237,0.75,0.30000000000000004,0.9,0.2,65.0,20.0,30.0,0.05,0.5,0.8,0.4,55.0,95.0,80.0,7079,2150,4929,7079,0.6962847859867213,1.4567742464455182,1.0,1.4567742464455182,1885,0.8767441860465116,1.0,1
"iteration_3","SCOPE_DATA_COLLECTION",1700,31,1930.0,1990.0,2,10217,6995,2440,10130,7109,2431,9480,6482,2227,705,508,203,0.06921944035346098,0.07267525035765379,0.08353909465020576,0.3454816993836156,0.6695880409666032,0.9800804856411782,0.6909633987672312,0.6695880409666032,0.6533869904274522,0.26276371308016877,0.2932736809626658,0.29052537045352494,97.5,100.0,5569,10529,3554,147,1121,148,0.026396121386245287,0.10646785069807199,0.04164321890827237,0.75,0.30000000000000004,0.9,0.2,65.0,20.0,30.0,0.05,0.5,0.8,0.4,55.0,95.0,80.0,2362,703,1659,2362,0.7023708721422524,2.1576193847217318,1.5,1.438412923147821,622,0.8847795163584637,1.0,1
"iteration_3","SCOPE_DATA_COLLECTION",1700,32,1990.0,2050.0,0,10240,7079,2362,10217,6995,2440,3343,2174,724,6944,4931,1659,0.675026732769515,0.694018296973962,0.6961812840956777,0.6927571097466356,1.454980052861292,2.1609798026248805,1.3855142194932712,1.454980052861292,1.4406532017499203,0.7385581812743045,0.8684452621895125,0.8729281767955801,100.0,100.0,5630,661,13390,217,2,13315,0.03854351687388988,0.0030257186081694403,0.9943988050784167,0.05,0.5,0.8,0.4,55.0,95.0,80.0,0.05,0.4,0.9,0.5,45.0,95.0,80.0,10355,3359,6996,10355,0.6756156446161274,0.6735772868567866,0.5,1.3471545737135733,2498,0.743673712414409,1.0,1
"iteration_3","SCOPE_DATA_COLLECTION",1700,32,1990.0,2050.0,1,10240,7079,2362,10217,6995,2440,3343,2174,724,6944,4931,1659,0.675026732769515,0.694018296973962,0.6961812840956777,0.6927571097466356,1.454980052861292,2.1609798026248805,1.3855142194932712,1.454980052861292,1.4406532017499203,0.7385581812743045,0.8684452621895125,0.8729281767955801,100.0,100.0,5630,661,13390,217,2,13315,0.03854351687388988,0.0030257186081694403,0.9943988050784167,0.05,0.5,0.8,0.4,55.0,95.0,80.0,0.05,0.4,0.9,0.5,45.0,95.0,80.0,6930,2156,4774,6930,0.6888888888888889,1.4413116242197315,1.0,1.4413116242197315,1869,0.8668831168831169,1.0,1
"iteration_3","SCOPE_DATA_COLLECTION",1700,32,1990.0,2050.0,2,10240,7079,2362,10217,6995,2440,3343,2174,724,6944,4931,1659,0.675026732769515,0.694018296973962,0.6961812840956777,0.6927571097466356,1.454980052861292,2.1609798026248805,1.3855142194932712,1.454980052861292,1.4406532017499203,0.7385581812743045,0.8684452621895125,0.8729281767955801,100.0,100.0,5630,661,13390,217,2,13315,0.03854351687388988,0.0030257186081694403,0.9943988050784167,0.05,0.5,0.8,0.4,55.0,95.0,80.0,0.05,0.4,0.9,0.5,45.0,95.0,80.0,2395,713,1682,2395,0.7022964509394573,2.149023465482154,1.5,1.432682310321436,629,0.8821879382889201,1.0,1
"iteration_3","SCOPE_DATA_COLLECTION",1700,33,2050.0,2110.0,0,10355,6930,2395,10240,7079,2362,3360,2166,709,6996,4774,1682,0.6755504055619931,0.6878962536023054,0.7034713508992053,0.67331491592606,1.4482077813989946,2.1390527584869257,1.34662983185212,1.4482077813989946,1.4260351723246172,0.7431547619047619,0.868421052631579,0.8772919605077574,100.0,100.0,5679,745,13256,196,0,13256,0.034513118506779364,0.0,1.0,0.05,0.4,0.9,0.5,45.0,95.0,80.0,0.05,0.5,0.9,0.5,45.0,95.0,90.0,10192,3235,6957,10192,0.6825941915227629,0.6805068038299298,0.5,1.3610136076598596,2460,0.7604327666151468,1.0,1
"iteration_3","SCOPE_DATA_COLLECTION",1700,33,2050.0,2110.0,1,10355,6930,2395,10240,7079,2362,3360,2166,709,6996,4774,1682,0.6755504055619931,0.6878962536023054,0.7034713508992053,0.67331491592606,1.4482077813989946,2.1390527584869257,1.34662983185212,1.4482077813989946,1.4260351723246172,0.7431547619047619,0.868421052631579,0.8772919605077574,100.0,100.0,5679,745,13256,196,0,13256,0.034513118506779364,0.0,1.0,0.05,0.4,0.9,0.5,45.0,95.0,80.0,0.05,0.5,0.9,0.5,45.0,95.0,90.0,7031,2229,4802,7031,0.6829753946806998,1.4188725067674077,1.0,1.4188725067674077,1901,0.8528488111260655,1.0,1
"iteration_3","SCOPE_DATA_COLLECTION",1700,33,2050.0,2110.0,2,10355,6930,2395,10240,7079,2362,3360,2166,709,6996,4774,1682,0.6755504055619931,0.6878962536023054,0.7034713508992053,0.67331491592606,1.4482077813989946,2.1390527584869257,1.34662983185212,1.4482077813989946,1.4260351723246172,0.7431547619047619,0.868421052631579,0.8772919605077574,100.0,100.0,5679,745,13256,196,0,13256,0.034513118506779364,0.0,1.0,0.05,0.4,0.9,0.5,45.0,95.0,80.0,0.05,0.5,0.9,0.5,45.0,95.0,90.0,2392,691,1701,2392,0.7111204013377926,2.166017848077353,1.5,1.4440118987182353,614,0.8885672937771346,1.0,1
"iteration_3","SCOPE_DATA_COLLECTION",1700,34,2110.0,2170.0,0,10192,7031,2392,10355,6930,2395,3231,2212,699,6957,4802,1701,0.6828621908127208,0.6846307385229541,0.70875,0.6817148138552128,1.4145669288078737,2.1669920746192872,1.3634296277104256,1.4145669288078737,1.4446613830795247,0.7619931909625502,0.8512658227848101,0.8898426323319027,100.0,100.0,5624,738,13253,207,0,13253,0.036806543385490754,0.0,1.0,0.05,0.5,0.9,0.5,45.0,95.0,90.0,0.05,0.5,0.9,0.5,45.0,95.0,90.0,10267,3241,7026,10267,0.6843284308951008,0.6996798865785647,0.5,1.3993597731571294,2503,0.7722925023141006,1.0,1
"iteration_3","SCOPE_DATA_COLLECTION",1700,34,2110.0,2170.0,1,10192,7031,2392,10355,6930,2395,3231,2212,699,6957,4802,1701,0.6828621908127208,0.6846307385229541,0.70875,0.6817148138552128,1.4145669288078737,2.1669920746192872,1.3634296277104256,1.4145669288078737,1.4446613830795247,0.7619931909625502,0.8512658227848101,0.8898426323319027,100.0,100.0,5624,738,13253,207,0,13253,0.036806543385490754,0.0,1.0,0.05,0.5,0.9,0.5,45.0,95.0,90.0,0.05,0.5,0.9,0.5,45.0,95.0,90.0,7112,2234,4878,7112,0.6858830146231721,1.4661386416796773,1.0,1.4661386416796773,1982,0.8871978513876455,1.0,1
"iteration_3","SCOPE_DATA_COLLECTION",1700,34,2110.0,2170.0,2,10192,7031,2392,10355,6930,2395,3231,2212,699,6957,4802,1701,0.6828621908127208,0.6846307385229541,0.70875,0.6817148138552128,1.4145669288078737,2.1669920746192872,1.3634296277104256,1.4145669288078737,1.4446613830795247,0.7619931909625502,0.8512658227848101,0.8898426323319027,100.0,100.0,5624,738,13253,207,0,13253,0.036806543385490754,0.0,1.0,0.05,0.5,0.9,0.5,45.0,95.0,90.0,0.05,0.5,0.9,0.5,45.0,95.0,90.0,2380,665,1715,2380,0.7205882352941176,2.1348803420427704,1.5,1.4232535613618469,577,0.8676691729323308,1.0,1
"iteration_3","SCOPE_DATA_COLLECTION",1700,35,2170.0,2230.0,0,10267,7112,2380,10192,7031,2392,3226,2247,664,7026,4878,1715,0.6853296917674601,0.6846315789473684,0.7208911307271963,0.6965098047729256,1.4660399128796497,2.131518785095991,1.3930196095458511,1.4660399128796497,1.4210125233973274,0.7706137631742096,0.8878504672897196,0.8674698795180723,100.0,100.0,5721,652,13386,233,0,13386,0.040727145603915396,0.0,1.0,0.05,0.5,0.9,0.5,45.0,95.0,90.0,0.15000000000000002,0.5,0.4,0.30000000000000004,70.0,70.0,75.0,10236,3960,6276,10236,0.6131301289566237,0.5671723649532231,0.5,1.1343447299064462,2392,0.604040404040404,1.0,1
"iteration_3","SCOPE_DATA_COLLECTION",1700,35,2170.0,2230.0,1,10267,7112,2380,10192,7031,2392,3226,2247,664,7026,4878,1715,0.6853296917674601,0.6846315789473684,0.7208911307271963,0.6965098047729256,1.4660399128796497,2.131518785095991,1.3930196095458511,1.4660399128796497,1.4210125233973274,0.7706137631742096,0.8878504672897196,0.8674698795180723,100.0,100.0,5721,652,13386,233,0,13386,0.040727145603915396,0.0,1.0,0.05,0.5,0.9,0.5,45.0,95.0,90.0,0.15000000000000002,0.5,0.4,0.30000000000000004,70.0,70.0,75.0,7005,2628,4377,7005,0.6248394004282656,1.1869662862620642,1.0,1.1869662862620642,1854,0.7054794520547946,1.0,1
"iteration_3","SCOPE_DATA_COLLECTION",1700,35,2170.0,2230.0,2,10267,7112,2380,10192,7031,2392,3226,2247,664,7026,4878,1715,0.6853296917674601,0.6846315789473684,0.7208911307271963,0.6965098047729256,1.4660399128796497,2.131518785095991,1.3930196095458511,1.4660399128796497,1.4210125233973274,0.7706137631742096,0.8878504672897196,0.8674698795180723,100.0,100.0,5721,652,13386,233,0,13386,0.040727145603915396,0.0,1.0,0.05,0.5,0.9,0.5,45.0,95.0,90.0,0.15000000000000002,0.5,0.4,0.30000000000000004,70.0,70.0,75.0,2473,899,1574,2473,0.6364739183178326,1.774675428306618,1.5,1.183116952204412,636,0.7074527252502781,1.0,1
"iteration_3","SCOPE_DATA_COLLECTION",1700,36,2230.0,2290.0,0,10236,7005,2473,10267,7112,2380,3984,2627,895,6276,4377,1574,0.6116959064327485,0.6249286122215877,0.6375050627784529,0.5702783651101992,1.191251996319769,1.7740903750981423,1.1405567302203985,1.191251996319769,1.1827269167320948,0.6054216867469879,0.7068899885801294,0.7072625698324022,97.5,100.0,5494,2158,12062,165,0,12062,0.030032763014197307,0.0,1.0,0.15000000000000002,0.5,0.4,0.30000000000000004,70.0,70.0,75.0,0.15000000000000002,0.5,0.4,0.30000000000000004,70.0,70.0,75.0,10215,3884,6331,10215,0.6197748409202154,0.5921305137994305,0.5,1.184261027598861,2458,0.6328527291452111,1.0,1
"iteration_3","SCOPE_DATA_COLLECTION",1700,36,2230.0,2290.0,1,10236,7005,2473,10267,7112,2380,3984,2627,895,6276,4377,1574,0.6116959064327485,0.6249286122215877,0.6375050627784529,0.5702783651101992,1.191251996319769,1.7740903750981423,1.1405567302203985,1.191251996319769,1.1827269167320948,0.6054216867469879,0.7068899885801294,0.7072625698324022,97.5,100.0,5494,2158,12062,165,0,12062,0.030032763014197307,0.0,1.0,0.15000000000000002,0.5,0.4,0.30000000000000004,70.0,70.0,75.0,0.15000000000000002,0.5,0.4,0.30000000000000004,70.0,70.0,75.0,7163,2671,4492,7163,0.627111545441854,1.1916936820729571,1.0,1.1916936820729571,1891,0.7079745413702733,1.0,1
"iteration_3","SCOPE_DATA_COLLECTION",1700,36,2230.0,2290.0,2,10236,7005,2473,10267,7112,2380,3984,2627,895,6276,4377,1574,0.6116959064327485,0.6249286122215877,0.6375050627784529,0.5702783651101992,1.191251996319769,1.7740903750981423,1.1405567302203985,1.191251996319769,1.1827269167320948,0.6054216867469879,0.7068899885801294,0.7072625698324022,97.5,100.0,5494,2158,12062,165,0,12062,0.030032763014197307,0.0,1.0,0.15000000000000002,0.5,0.4,0.30000000000000004,70.0,70.0,75.0,0.15000000000000002,0.5,0.4,0.30000000000000004,70.0,70.0,75.0,2403,934,1469,2403,0.6113191843528922,1.7574874403304914,1.5,1.171658293553661,645,0.6905781584582441,1.0,1
"iteration_3","SCOPE_DATA_COLLECTION",1700,37,2290.0,2350.0,0,10215,7163,2403,10236,7005,2473,3886,2653,935,6331,4492,1469,0.619653518645395,0.6286913925822253,0.6110648918469218,0.5915406640338335,1.188925559260379,1.765451278010704,1.183081328067667,1.188925559260379,1.1769675186738027,0.6332990221307256,0.7052393516773464,0.6930481283422459,100.0,100.0,5580,2101,12100,192,0,12100,0.034408602150537634,0.0,1.0,0.15000000000000002,0.5,0.4,0.30000000000000004,70.0,70.0,75.0,0.05,0.6000000000000001,0.30000000000000004,0.30000000000000004,70.0,70.0,65.0,10124,3161,6963,10124,0.6877716317661003,0.6843251734695558,0.5,1.3686503469391116,2374,0.7510281556469471,1.0,1
"iteration_3","SCOPE_DATA_COLLECTION",1700,37,2290.0,2350.0,1,10215,7163,2403,10236,7005,2473,3886,2653,935,6331,4492,1469,0.619653518645395,0.6286913925822253,0.6110648918469218,0.5915406640338335,1.188925559260379,1.765451278010704,1.183081328067667,1.188925559260379,1.1769675186738027,0.6332990221307256,0.7052393516773464,0.6930481283422459,100.0,100.0,5580,2101,12100,192,0,12100,0.034408602150537634,0.0,1.0,0.15000000000000002,0.5,0.4,0.30000000000000004,70.0,70.0,75.0,0.05,0.6000000000000001,0.30000000000000004,0.30000000000000004,70.0,70.0,65.0,7025,2219,4806,7025,0.6841281138790035,1.3652522223685715,1.0,1.3652522223685715,1913,0.8621000450653448,1.0,1
"iteration_3","SCOPE_DATA_COLLECTION",1700,37,2290.0,2350.0,2,10215,7163,2403,10236,7005,2473,3886,2653,935,6331,4492,1469,0.619653518645395,0.6286913925822253,0.6110648918469218,0.5915406640338335,1.188925559260379,1.765451278010704,1.183081328067667,1.188925559260379,1.1769675186738027,0.6332990221307256,0.7052393516773464,0.6930481283422459,100.0,100.0,5580,2101,12100,192,0,12100,0.034408602150537634,0.0,1.0,0.15000000000000002,0.5,0.4,0.30000000000000004,70.0,70.0,75.0,0.05,0.6000000000000001,0.30000000000000004,0.30000000000000004,70.0,70.0,65.0,2474,695,1779,2474,0.7190784155214228,2.1222847344430718,1.5,1.4148564896287146,617,0.8877697841726618,1.0,1
"iteration_3","SCOPE_DATA_COLLECTION",1700,38,2350.0,2410.0,0,10124,7025,2474,10215,7163,2403,3143,2246,692,6963,4805,1778,0.688996635661983,0.6814636221812509,0.719838056680162,0.6828136256666916,1.3655248656487198,2.1184762642086605,1.3656272513333831,1.3655248656487198,1.4123175094724403,0.7496022908049634,0.8628673196794301,0.884393063583815,95.0,100.0,5484,725,13414,130,2,13414,0.023705324580598104,0.002758620689655172,1.0,0.05,0.6000000000000001,0.30000000000000004,0.30000000000000004,70.0,70.0,65.0,0.9500000000000001,0.7000000000000001,0.1,0.2,25.0,25.0,70.0,10351,5295,5056,10351,0.48845522171770844,0.6429378446213084,0.5,1.2858756892426169,2743,0.5180358829084042,1.0,1
"iteration_3","SCOPE_DATA_COLLECTION",1700,38,2350.0,2410.0,1,10124,7025,2474,10215,7163,2403,3143,2246,692,6963,4805,1778,0.688996635661983,0.6814636221812509,0.719838056680162,0.6828136256666916,1.3655248656487198,2.1184762642086605,1.3656272513333831,1.3655248656487198,1.4123175094724403,0.7496022908049634,0.8628673196794301,0.884393063583815,95.0,100.0,5484,725,13414,130,2,13414,0.023705324580598104,0.002758620689655172,1.0,0.05,0.6000000000000001,0.30000000000000004,0.30000000000000004,70.0,70.0,65.0,0.9500000000000001,0.7000000000000001,0.1,0.2,25.0,25.0,70.0,7033,3486,3547,7033,0.5043366984217261,1.0093097212768847,1.0,1.0093097212768847,1999,0.5734366035570855,1.0,1
"iteration_3","SCOPE_DATA_COLLECTION",1700,38,2350.0,2410.0,2,10124,7025,2474,10215,7163,2403,3143,2246,692,6963,4805,1778,0.688996635661983,0.6814636221812509,0.719838056680162,0.6828136256666916,1.3655248656487198,2.1184762642086605,1.3656272513333831,1.3655248656487198,1.4123175094724403,0.7496022908049634,0.8628673196794301,0.884393063583815,95.0,100.0,5484,725,13414,130,2,13414,0.023705324580598104,0.002758620689655172,1.0,0.05,0.6000000000000001,0.30000000000000004,0.30000000000000004,70.0,70.0,65.0,0.9500000000000001,0.7000000000000001,0.1,0.2,25.0,25.0,70.0,2331,1073,1258,2331,0.5396825396825397,1.569082253305604,1.5,1.0460548355370693,635,0.5917986952469712,1.0,1
"iteration_3","SCOPE_DATA_COLLECTION",1700,39,2410.0,2470.0,0,10351,7033,2331,10124,7025,2474,5301,3468,1082,5055,3548,1259,0.48812282734646584,0.5057012542759407,0.5378043571123452,0.6436004636557093,1.0090364354153087,1.5741360043478805,1.2872009273114187,1.0090364354153087,1.049424002898587,0.51877004338804,0.5715109573241061,0.5951940850277264,95.0,100.0,5394,13577,744,127,9732,3,0.023544679273266592,0.7168004713854312,0.004032258064516129,0.9500000000000001,0.7000000000000001,0.1,0.2,25.0,25.0,70.0,0.8500000000000001,0.5,0.2,0.1,80.0,20.0,45.0,10122,7293,2829,10122,0.2794902193242442,0.42300551926241947,0.5,0.8460110385248389,2620,0.3592485945427122,1.0,1
"iteration_3","SCOPE_DATA_COLLECTION",1700,39,2410.0,2470.0,1,10351,7033,2331,10124,7025,2474,5301,3468,1082,5055,3548,1259,0.48812282734646584,0.5057012542759407,0.5378043571123452,0.6436004636557093,1.0090364354153087,1.5741360043478805,1.2872009273114187,1.0090364354153087,1.049424002898587,0.51877004338804,0.5715109573241061,0.5951940850277264,95.0,100.0,5394,13577,744,127,9732,3,0.023544679273266592,0.7168004713854312,0.004032258064516129,0.9500000000000001,0.7000000000000001,0.1,0.2,25.0,25.0,70.0,0.8500000000000001,0.5,0.2,0.1,80.0,20.0,45.0,7154,5058,2096,7154,0.2929829466032989,0.7607334868480341,1.0,0.7607334868480341,1974,0.3902728351126928,1.0,1
"iteration_3","SCOPE_DATA_COLLECTION",1700,39,2410.0,2470.0,2,10351,7033,2331,10124,7025,2474,5301,3468,1082,5055,3548,1259,0.48812282734646584,0.5057012542759407,0.5378043571123452,0.6436004636557093,1.0090364354153087,1.5741360043478805,1.2872009273114187,1.0090364354153087,1.049424002898587,0.51877004338804,0.5715109573241061,0.5951940850277264,95.0,100.0,5394,13577,744,127,9732,3,0.023544679273266592,0.7168004713854312,0.004032258064516129,0.9500000000000001,0.7000000000000001,0.1,0.2,25.0,25.0,70.0,0.8500000000000001,0.5,0.2,0.1,80.0,20.0,45.0,2360,1599,761,2360,0.32245762711864406,1.1745261325600374,1.5,0.7830174217066915,625,0.3908692933083177,1.0,1
"iteration_3","SCOPE_DATA_COLLECTION",1700,40,2470.0,2530.0,0,10122,7154,2360,10351,7033,2331,7268,5046,1585,2830,2096,761,0.28025351554763317,0.2934752170260431,0.32438192668371696,0.42382689636947335,0.7642912864121169,1.1758613120112642,0.8476537927389467,0.7642912864121169,0.7839075413408428,0.3600715465052284,0.3939754260800634,0.3911671924290221,100.0,100.0,5414,12099,2123,57,5630,0,0.010528260066494275,0.46532771303413506,0.0,0.8500000000000001,0.5,0.2,0.1,80.0,20.0,45.0,0.9500000000000001,0.5,0.1,0.2,80.0,20.0,45.0,10172,4922,5250,10172,0.5161226897365316,0.5830618000292774,0.5,1.1661236000585549,2916,0.592442096708655,1.0,1
"iteration_3","SCOPE_DATA_COLLECTION",1700,40,2470.0,2530.0,1,10122,7154,2360,10351,7033,2331,7268,5046,1585,2830,2096,761,0.28025351554763317,0.2934752170260431,0.32438192668371696,0.42382689636947335,0.7642912864121169,1.1758613120112642,0.8476537927389467,0.7642912864121169,0.7839075413408428,0.3600715465052284,0.3939754260800634,0.3911671924290221,100.0,100.0,5414,12099,2123,57,5630,0,0.010528260066494275,0.46532771303413506,0.0,0.8500000000000001,0.5,0.2,0.1,80.0,20.0,45.0,0.9500000000000001,0.5,0.1,0.2,80.0,20.0,45.0,7139,3401,3738,7139,0.5236027454825606,0.9920503270949335,1.0,0.9920503270949335,2012,0.5915907086151132,1.0,1
"iteration_3","SCOPE_DATA_COLLECTION",1700,40,2470.0,2530.0,2,10122,7154,2360,10351,7033,2331,7268,5046,1585,2830,2096,761,0.28025351554763317,0.2934752170260431,0.32438192668371696,0.42382689636947335,0.7642912864121169,1.1758613120112642,0.8476537927389467,0.7642912864121169,0.7839075413408428,0.3600715465052284,0.3939754260800634,0.3911671924290221,100.0,100.0,5414,12099,2123,57,5630,0,0.010528260066494275,0.46532771303413506,0.0,0.8500000000000001,0.5,0.2,0.1,80.0,20.0,45.0,0.9500000000000001,0.5,0.1,0.2,80.0,20.0,45.0,2378,1028,1350,2378,0.567703952901598,1.5681580793118715,1.5,1.0454387195412476,590,0.5739299610894941,1.0,1
"iteration_3","SCOPE_DATA_COLLECTION",1700,41,2530.0,2590.0,0,10172,7139,2378,10122,7154,2360,4948,3431,1038,5246,3735,1349,0.5146164410437513,0.5212112754674854,0.5651445328864684,0.5818742478208205,0.9878960658977205,1.559717932106031,1.163748495641641,0.9878960658977205,1.039811954737354,0.5901374292643492,0.5872923345963276,0.5703275529865125,100.0,100.0,5502,13478,709,44,10286,0,0.007997091966557615,0.763169609734382,0.0,0.9500000000000001,0.5,0.1,0.2,80.0,20.0,45.0,0.4,0.8,0.7000000000000001,0.9,60.0,75.0,55.0,10101,5806,4295,10101,0.4252054252054252,0.4654018076409139,0.5,0.9308036152818278,2606,0.4488460213572167,1.0,1
"iteration_3","SCOPE_DATA_COLLECTION",1700,41,2530.0,2590.0,1,10172,7139,2378,10122,7154,2360,4948,3431,1038,5246,3735,1349,0.5146164410437513,0.5212112754674854,0.5651445328864684,0.5818742478208205,0.9878960658977205,1.559717932106031,1.163748495641641,0.9878960658977205,1.039811954737354,0.5901374292643492,0.5872923345963276,0.5703275529865125,100.0,100.0,5502,13478,709,44,10286,0,0.007997091966557615,0.763169609734382,0.0,0.9500000000000001,0.5,0.1,0.2,80.0,20.0,45.0,0.4,0.8,0.7000000000000001,0.9,60.0,75.0,55.0,7094,3966,3128,7094,0.4409360022554271,0.9099754653060265,1.0,0.9099754653060265,1937,0.48840141200201714,1.0,1
"iteration_3","SCOPE_DATA_COLLECTION",1700,41,2530.0,2590.0,2,10172,7139,2378,10122,7154,2360,4948,3431,1038,5246,3735,1349,0.5146164410437513,0.5212112754674854,0.5651445328864684,0.5818742478208205,0.9878960658977205,1.559717932106031,1.163748495641641,0.9878960658977205,1.039811954737354,0.5901374292643492,0.5872923345963276,0.5703275529865125,100.0,100.0,5502,13478,709,44,10286,0,0.007997091966557615,0.763169609734382,0.0,0.9500000000000001,0.5,0.1,0.2,80.0,20.0,45.0,0.4,0.8,0.7000000000000001,0.9,60.0,75.0,55.0,2401,1300,1101,2401,0.45855893377759266,1.3279549481446349,1.5,0.8853032987630899,618,0.4753846153846154,1.0,1
"iteration_3","SCOPE_DATA_COLLECTION",1700,42,2590.0,2650.0,0,10101,7094,2401,10172,7139,2378,5814,3949,1297,4299,3131,1102,0.4250964105606645,0.4422316384180791,0.4593580658607753,0.466168027948407,0.9087117034679176,1.3309557966747636,0.932336055896814,0.9087117034679176,0.8873038644498424,0.4502923976608187,0.48746518105849584,0.4772552043176561,100.0,100.0,5819,5526,8251,277,57,8198,0.047602680873002234,0.01031487513572204,0.993576536177433,0.4,0.8,0.7000000000000001,0.9,60.0,75.0,55.0,0.5,0.7000000000000001,0.7000000000000001,0.9,50.0,75.0,45.0,10272,6598,3674,10272,0.35767133956386293,0.43042800990639163,0.5,0.8608560198127833,2657,0.4026977872082449,1.0,1
"iteration_3","SCOPE_DATA_COLLECTION",1700,42,2590.0,2650.0,1,10101,7094,2401,10172,7139,2378,5814,3949,1297,4299,3131,1102,0.4250964105606645,0.4422316384180791,0.4593580658607753,0.466168027948407,0.9087117034679176,1.3309557966747636,0.932336055896814,0.9087117034679176,0.8873038644498424,0.4502923976608187,0.48746518105849584,0.4772552043176561,100.0,100.0,5819,5526,8251,277,57,8198,0.047602680873002234,0.01031487513572204,0.993576536177433,0.4,0.8,0.7000000000000001,0.9,60.0,75.0,55.0,0.5,0.7000000000000001,0.7000000000000001,0.9,50.0,75.0,45.0,7108,4467,2641,7108,0.3715531795160383,0.838821646886413,1.0,0.838821646886413,1961,0.4389970897694202,1.0,1
"iteration_3","SCOPE_DATA_COLLECTION",1700,42,2590.0,2650.0,2,10101,7094,2401,10172,7139,2378,5814,3949,1297,4299,3131,1102,0.4250964105606645,0.4422316384180791,0.4593580658607753,0.466168027948407,0.9087117034679176,1.3309557966747636,0.932336055896814,0.9087117034679176,0.8873038644498424,0.4502923976608187,0.48746518105849584,0.4772552043176561,100.0,100.0,5819,5526,8251,277,57,8198,0.047602680873002234,0.01031487513572204,0.993576536177433,0.4,0.8,0.7000000000000001,0.9,60.0,75.0,55.0,0.5,0.7000000000000001,0.7000000000000001,0.9,50.0,75.0,45.0,2455,1467,988,2455,0.4024439918533605,1.1977384300486538,1.5,0.7984922866991025,600,0.40899795501022496,1.0,1
"iteration_3","SCOPE_DATA_COLLECTION",1700,43,2650.0,2710.0,0,10272,7108,2455,10101,7094,2401,6570,4458,1468,3674,2641,988,0.35864896524795004,0.3720242287646147,0.4022801302931596,0.427971651295569,0.8343862792305577,1.1890543406232015,0.855943302591138,0.8343862792305577,0.792702893748801,0.4004566210045662,0.4385374607447286,0.40667574931880107,100.0,100.0,5873,6937,7025,274,4,7025,0.04665418014643283,5.766181346403345E-4,1.0,0.5,0.7000000000000001,0.7000000000000001,0.9,50.0,75.0,45.0,0.5,0.8,0.7000000000000001,0.9,60.0,85.0,35.0,10182,6537,3645,10182,0.3579846788450206,0.4171375477164213,0.5,0.8342750954328426,2519,0.3853449594615267,1.0,1
"iteration_3","SCOPE_DATA_COLLECTION",1700,43,2650.0,2710.0,1,10272,7108,2455,10101,7094,2401,6570,4458,1468,3674,2641,988,0.35864896524795004,0.3720242287646147,0.4022801302931596,0.427971651295569,0.8343862792305577,1.1890543406232015,0.855943302591138,0.8343862792305577,0.792702893748801,0.4004566210045662,0.4385374607447286,0.40667574931880107,100.0,100.0,5873,6937,7025,274,4,7025,0.04665418014643283,5.766181346403345E-4,1.0,0.5,0.7000000000000001,0.7000000000000001,0.9,50.0,75.0,45.0,0.5,0.8,0.7000000000000001,0.9,60.0,85.0,35.0,7076,4419,2657,7076,0.3754946297343132,0.8407302596774213,1.0,0.8407302596774213,1891,0.42792486988006334,1.0,1
"iteration_3","SCOPE_DATA_COLLECTION",1700,43,2650.0,2710.0,2,10272,7108,2455,10101,7094,2401,6570,4458,1468,3674,2641,988,0.35864896524795004,0.3720242287646147,0.4022801302931596,0.427971651295569,0.8343862792305577,1.1890543406232015,0.855943302591138,0.8343862792305577,0.792702893748801,0.4004566210045662,0.4385374607447286,0.40667574931880107,100.0,100.0,5873,6937,7025,274,4,7025,0.04665418014643283,5.766181346403345E-4,1.0,0.5,0.7000000000000001,0.7000000000000001,0.9,50.0,75.0,45.0,0.5,0.8,0.7000000000000001,0.9,60.0,85.0,35.0,2471,1505,966,2471,0.3909348441926346,1.2244365344923696,1.5,0.8162910229949131,630,0.4186046511627907,1.0,1
"iteration_3","SCOPE_DATA_COLLECTION",1700,44,2710.0,2770.0,0,10182,7076,2471,10272,7108,2455,6574,4436,1502,3645,2657,966,0.3566885213817399,0.3745946708021993,0.3914100486223663,0.420485613593879,0.848778704735294,1.2255772813160573,0.840971227187758,0.848778704735294,0.8170515208773715,0.3894128384545178,0.4314697926059513,0.4181091877496671,100.0,100.0,5683,7078,6968,297,3,6968,0.05226112968502551,4.238485447866629E-4,1.0,0.5,0.8,0.7000000000000001,0.9,60.0,85.0,35.0,0.4,0.9,0.7000000000000001,0.9,70.0,95.0,25.0,10157,5732,4425,10157,0.43566013586688984,0.4435134800328822,0.5,0.8870269600657644,2437,0.42515701325889743,1.0,1
"iteration_3","SCOPE_DATA_COLLECTION",1700,44,2710.0,2770.0,1,10182,7076,2471,10272,7108,2455,6574,4436,1502,3645,2657,966,0.3566885213817399,0.3745946708021993,0.3914100486223663,0.420485613593879,0.848778704735294,1.2255772813160573,0.840971227187758,0.848778704735294,0.8170515208773715,0.3894128384545178,0.4314697926059513,0.4181091877496671,100.0,100.0,5683,7078,6968,297,3,6968,0.05226112968502551,4.238485447866629E-4,1.0,0.5,0.8,0.7000000000000001,0.9,60.0,85.0,35.0,0.4,0.9,0.7000000000000001,0.9,70.0,95.0,25.0,7105,3970,3135,7105,0.44123856439127374,0.9150804824657127,1.0,0.9150804824657127,1980,0.4987405541561713,1.0,1
"iteration_3","SCOPE_DATA_COLLECTION",1700,44,2710.0,2770.0,2,10182,7076,2471,10272,7108,2455,6574,4436,1502,3645,2657,966,0.3566885213817399,0.3745946708021993,0.3914100486223663,0.420485613593879,0.848778704735294,1.2255772813160573,0.840971227187758,0.848778704735294,0.8170515208773715,0.3894128384545178,0.4314697926059513,0.4181091877496671,100.0,100.0,5683,7078,6968,297,3,6968,0.05226112968502551,4.238485447866629E-4,1.0,0.5,0.8,0.7000000000000001,0.9,60.0,85.0,35.0,0.4,0.9,0.7000000000000001,0.9,70.0,95.0,25.0,2360,1262,1098,2360,0.4652542372881356,1.328066674127072,1.5,0.8853777827513812,604,0.4786053882725832,1.0,1
"iteration_3","SCOPE_DATA_COLLECTION",1700,45,2770.0,2830.0,0,10157,7105,2360,10182,7076,2471,5697,3935,1265,4425,3135,1098,0.43716656787196206,0.4434229137199434,0.46466356326703345,0.43991968280064203,0.9030362032062791,1.3347221592163334,0.8798393656012841,0.9030362032062791,0.8898147728108889,0.42022116903633494,0.49275730622617536,0.48142292490118577,92.5,100.0,5732,5502,8388,268,2,8388,0.04675505931612003,3.635041802980734E-4,1.0,0.4,0.9,0.7000000000000001,0.9,70.0,95.0,25.0,0.4,0.9,0.7000000000000001,0.9,70.0,95.0,25.0,10073,5777,4296,10073,0.42648664747344384,0.448228898202273,0.5,0.896457796404546,2521,0.4363856673013675,1.0,1
"iteration_3","SCOPE_DATA_COLLECTION",1700,45,2770.0,2830.0,1,10157,7105,2360,10182,7076,2471,5697,3935,1265,4425,3135,1098,0.43716656787196206,0.4434229137199434,0.46466356326703345,0.43991968280064203,0.9030362032062791,1.3347221592163334,0.8798393656012841,0.9030362032062791,0.8898147728108889,0.42022116903633494,0.49275730622617536,0.48142292490118577,92.5,100.0,5732,5502,8388,268,2,8388,0.04675505931612003,3.635041802980734E-4,1.0,0.4,0.9,0.7000000000000001,0.9,70.0,95.0,25.0,0.4,0.9,0.7000000000000001,0.9,70.0,95.0,25.0,7026,3945,3081,7026,0.4385140905209223,0.903157225673908,1.0,0.903157225673908,1928,0.48871989860583015,1.0,1
"iteration_3","SCOPE_DATA_COLLECTION",1700,45,2770.0,2830.0,2,10157,7105,2360,10182,7076,2471,5697,3935,1265,4425,3135,1098,0.43716656787196206,0.4434229137199434,0.46466356326703345,0.43991968280064203,0.9030362032062791,1.3347221592163334,0.8798393656012841,0.9030362032062791,0.8898147728108889,0.42022116903633494,0.49275730622617536,0.48142292490118577,92.5,100.0,5732,5502,8388,268,2,8388,0.04675505931612003,3.635041802980734E-4,1.0,0.4,0.9,0.7000000000000001,0.9,70.0,95.0,25.0,0.4,0.9,0.7000000000000001,0.9,70.0,95.0,25.0,2364,1245,1119,2364,0.4733502538071066,1.3154025539173815,1.5,0.876935035944921,589,0.47309236947791167,1.0,1
"iteration_3","SCOPE_DATA_COLLECTION",1700,46,2830.0,2890.0,0,10073,7026,2364,10157,7105,2360,5780,3991,1238,4296,3080,1117,0.42635966653433904,0.4355819544618866,0.4743099787685775,0.449077126322878,0.9115655464360037,1.306159016463868,0.898154252645756,0.9115655464360037,0.8707726776425786,0.43719723183391,0.4933600601353044,0.4693053311793215,100.0,100.0,5710,5521,8232,250,11,8232,0.043782837127845885,0.001992392682485057,1.0,0.4,0.9,0.7000000000000001,0.9,70.0,95.0,25.0,0.9,0.2,0.1,0.8,95.0,25.0,70.0,10243,6478,3765,10243,0.3675680952845846,0.5117087423689437,0.5,1.0234174847378874,2729,0.42127199753010186,1.0,1
"iteration_3","SCOPE_DATA_COLLECTION",1700,46,2830.0,2890.0,1,10073,7026,2364,10157,7105,2360,5780,3991,1238,4296,3080,1117,0.42635966653433904,0.4355819544618866,0.4743099787685775,0.449077126322878,0.9115655464360037,1.306159016463868,0.898154252645756,0.9115655464360037,0.8707726776425786,0.43719723183391,0.4933600601353044,0.4693053311793215,100.0,100.0,5710,5521,8232,250,11,8232,0.043782837127845885,0.001992392682485057,1.0,0.4,0.9,0.7000000000000001,0.9,70.0,95.0,25.0,0.9,0.2,0.1,0.8,95.0,25.0,70.0,7081,4308,2773,7081,0.39161135432848465,0.9205364123767928,1.0,0.9205364123767928,2076,0.4818941504178273,1.0,1
"iteration_3","SCOPE_DATA_COLLECTION",1700,46,2830.0,2890.0,2,10073,7026,2364,10157,7105,2360,5780,3991,1238,4296,3080,1117,0.42635966653433904,0.4355819544618866,0.4743099787685775,0.449077126322878,0.9115655464360037,1.306159016463868,0.898154252645756,0.9115655464360037,0.8707726776425786,0.43719723183391,0.4933600601353044,0.4693053311793215,100.0,100.0,5710,5521,8232,250,11,8232,0.043782837127845885,0.001992392682485057,1.0,0.4,0.9,0.7000000000000001,0.9,70.0,95.0,25.0,0.9,0.2,0.1,0.8,95.0,25.0,70.0,2343,1321,1022,2343,0.4361929150661545,1.3501494462873282,1.5,0.9000996308582189,629,0.4761544284632854,1.0,1
"iteration_3","SCOPE_DATA_COLLECTION",1700,47,2890.0,2950.0,0,10243,7081,2343,10073,7026,2364,6490,4292,1329,3763,2774,1024,0.3670145323320004,0.3925842060571752,0.4351891202719932,0.5121042937043588,0.918822908030786,1.35847953585126,1.0242085874087177,0.918822908030786,0.90565302390084,0.4218798151001541,0.4797297297297297,0.4778028592927013,95.0,100.0,5580,12678,1409,69,7475,17,0.012365591397849462,0.5896040384918757,0.0120652945351313,0.9,0.2,0.1,0.8,95.0,25.0,70.0,0.9500000000000001,0.30000000000000004,0.1,0.7000000000000001,95.0,20.0,60.0,10089,5227,4862,10089,0.48191099216968974,0.5651797289195267,0.5,1.1303594578390534,2823,0.5400803520183661,1.0,1
"iteration_3","SCOPE_DATA_COLLECTION",1700,47,2890.0,2950.0,1,10243,7081,2343,10073,7026,2364,6490,4292,1329,3763,2774,1024,0.3670145323320004,0.3925842060571752,0.4351891202719932,0.5121042937043588,0.918822908030786,1.35847953585126,1.0242085874087177,0.918822908030786,0.90565302390084,0.4218798151001541,0.4797297297297297,0.4778028592927013,95.0,100.0,5580,12678,1409,69,7475,17,0.012365591397849462,0.5896040384918757,0.0120652945351313,0.9,0.2,0.1,0.8,95.0,25.0,70.0,0.9500000000000001,0.30000000000000004,0.1,0.7000000000000001,95.0,20.0,60.0,7034,3505,3529,7034,0.5017059994313335,1.0111328991396615,1.0,1.0111328991396615,2009,0.5731811697574893,1.0,1
"iteration_3","SCOPE_DATA_COLLECTION",1700,47,2890.0,2950.0,2,10243,7081,2343,10073,7026,2364,6490,4292,1329,3763,2774,1024,0.3670145323320004,0.3925842060571752,0.4351891202719932,0.5121042937043588,0.918822908030786,1.35847953585126,1.0242085874087177,0.918822908030786,0.90565302390084,0.4218798151001541,0.4797297297297297,0.4778028592927013,95.0,100.0,5580,12678,1409,69,7475,17,0.012365591397849462,0.5896040384918757,0.0120652945351313,0.9,0.2,0.1,0.8,95.0,25.0,70.0,0.9500000000000001,0.30000000000000004,0.1,0.7000000000000001,95.0,20.0,60.0,2356,1094,1262,2356,0.5356536502546689,1.5982146487233784,1.5,1.0654764324822523,616,0.5630712979890311,1.0,1
"iteration_3","SCOPE_DATA_COLLECTION",1700,48,2950.0,3010.0,0,10089,7034,2356,10243,7081,2343,5221,3509,1104,4857,3526,1260,0.4819408612820004,0.5012082444918265,0.5329949238578681,0.5647301068509791,1.0122294435248789,1.6019044248746395,1.1294602137019583,1.0122294435248789,1.0679362832497596,0.5399348783757901,0.573382730122542,0.5652173913043478,100.0,100.0,5552,13247,680,87,9556,0,0.015670028818443805,0.7213708764248509,0.0,0.9500000000000001,0.30000000000000004,0.1,0.7000000000000001,95.0,20.0,60.0,0.9500000000000001,0.30000000000000004,0.1,0.7000000000000001,95.0,20.0,60.0,10167,4993,5174,10167,0.5089013474968034,0.5890707681369225,0.5,1.178141536273845,2670,0.5347486481073503,1.0,1
"iteration_3","SCOPE_DATA_COLLECTION",1700,48,2950.0,3010.0,1,10089,7034,2356,10243,7081,2343,5221,3509,1104,4857,3526,1260,0.4819408612820004,0.5012082444918265,0.5329949238578681,0.5647301068509791,1.0122294435248789,1.6019044248746395,1.1294602137019583,1.0122294435248789,1.0679362832497596,0.5399348783757901,0.573382730122542,0.5652173913043478,100.0,100.0,5552,13247,680,87,9556,0,0.015670028818443805,0.7213708764248509,0.0,0.9500000000000001,0.30000000000000004,0.1,0.7000000000000001,95.0,20.0,60.0,0.9500000000000001,0.30000000000000004,0.1,0.7000000000000001,95.0,20.0,60.0,7055,3486,3569,7055,0.5058823529411764,1.0401838200799327,1.0,1.0401838200799327,2096,0.6012621916236374,1.0,1
"iteration_3","SCOPE_DATA_COLLECTION",1700,48,2950.0,3010.0,2,10089,7034,2356,10243,7081,2343,5221,3509,1104,4857,3526,1260,0.4819408612820004,0.5012082444918265,0.5329949238578681,0.5647301068509791,1.0122294435248789,1.6019044248746395,1.1294602137019583,1.0122294435248789,1.0679362832497596,0.5399348783757901,0.573382730122542,0.5652173913043478,100.0,100.0,5552,13247,680,87,9556,0,0.015670028818443805,0.7213708764248509,0.0,0.9500000000000001,0.30000000000000004,0.1,0.7000000000000001,95.0,20.0,60.0,0.9500000000000001,0.30000000000000004,0.1,0.7000000000000001,95.0,20.0,60.0,2415,1080,1335,2415,0.5527950310559007,1.5990232263207889,1.5,1.0660154842138592,628,0.5814814814814815,1.0,1
"iteration_3","SCOPE_DATA_COLLECTION",1700,49,3010.0,3070.0,0,10167,7055,2415,10089,7034,2356,5023,3503,1063,5168,3566,1334,0.5071141203022275,0.5044560758240204,0.556528994576554,0.5902486657326494,1.0435793649938196,1.5861196527022565,1.180497331465299,1.0435793649938196,1.0574131018015043,0.5367310372287477,0.6029117898943762,0.5747883349012229,97.5,100.0,5440,13462,735,109,9959,0,0.020036764705882355,0.7397860644777894,0.0,0.9500000000000001,0.30000000000000004,0.1,0.7000000000000001,95.0,20.0,60.0,0.9500000000000001,0.4,0.1,0.6000000000000001,95.0,20.0,60.0,10237,4441,5796,10237,0.5661814984858845,0.6984373188508514,0.5,1.3968746377017027,2654,0.5976131501913984,1.0,1
"iteration_3","SCOPE_DATA_COLLECTION",1700,49,3010.0,3070.0,1,10167,7055,2415,10089,7034,2356,5023,3503,1063,5168,3566,1334,0.5071141203022275,0.5044560758240204,0.556528994576554,0.5902486657326494,1.0435793649938196,1.5861196527022565,1.180497331465299,1.0435793649938196,1.0574131018015043,0.5367310372287477,0.6029117898943762,0.5747883349012229,97.5,100.0,5440,13462,735,109,9959,0,0.020036764705882355,0.7397860644777894,0.0,0.9500000000000001,0.30000000000000004,0.1,0.7000000000000001,95.0,20.0,60.0,0.9500000000000001,0.4,0.1,0.6000000000000001,95.0,20.0,60.0,7087,3150,3937,7087,0.5555241992380415,1.1483814071656497,1.0,1.1483814071656497,2068,0.6565079365079365,1.0,1
"iteration_3","SCOPE_DATA_COLLECTION",1700,49,3010.0,3070.0,2,10167,7055,2415,10089,7034,2356,5023,3503,1063,5168,3566,1334,0.5071141203022275,0.5044560758240204,0.556528994576554,0.5902486657326494,1.0435793649938196,1.5861196527022565,1.180497331465299,1.0435793649938196,1.0574131018015043,0.5367310372287477,0.6029117898943762,0.5747883349012229,97.5,100.0,5440,13462,735,109,9959,0,0.020036764705882355,0.7397860644777894,0.0,0.9500000000000001,0.30000000000000004,0.1,0.7000000000000001,95.0,20.0,60.0,0.9500000000000001,0.4,0.1,0.6000000000000001,95.0,20.0,60.0,2401,936,1465,2401,0.6101624323198668,1.7925589733600154,1.5,1.1950393155733436,638,0.6816239316239316,1.0,1
"iteration_3","SCOPE_DATA_COLLECTION",1700,50,3070.0,3130.0,0,10237,7087,2401,10167,7055,2415,4404,3093,933,5807,3941,1467,0.5687004211144844,0.5602786465737845,0.61125,0.7010738982464161,1.1553570062069398,1.8160339008142186,1.4021477964928322,1.1553570062069398,1.2106892672094791,0.6010445049954587,0.6637568703524087,0.6945337620578779,97.5,100.0,5338,13688,699,96,11119,0,0.01798426376920195,0.8123173582700175,0.0,0.9500000000000001,0.4,0.1,0.6000000000000001,95.0,20.0,60.0,0.9500000000000001,0.4,0.1,0.6000000000000001,95.0,20.0,60.0,10221,5122,5099,10221,0.4988748654730457,0.5400749156883462,0.5,1.0801498313766924,2685,0.5242092932448262,1.0,1
"iteration_3","SCOPE_DATA_COLLECTION",1700,50,3070.0,3130.0,1,10237,7087,2401,10167,7055,2415,4404,3093,933,5807,3941,1467,0.5687004211144844,0.5602786465737845,0.61125,0.7010738982464161,1.1553570062069398,1.8160339008142186,1.4021477964928322,1.1553570062069398,1.2106892672094791,0.6010445049954587,0.6637568703524087,0.6945337620578779,97.5,100.0,5338,13688,699,96,11119,0,0.01798426376920195,0.8123173582700175,0.0,0.9500000000000001,0.4,0.1,0.6000000000000001,95.0,20.0,60.0,0.9500000000000001,0.4,0.1,0.6000000000000001,95.0,20.0,60.0,6972,3460,3512,6972,0.5037292025243832,0.9594117835007966,1.0,0.9594117835007966,1942,0.5612716763005781,1.0,1
"iteration_3","SCOPE_DATA_COLLECTION",1700,50,3070.0,3130.0,2,10237,7087,2401,10167,7055,2415,4404,3093,933,5807,3941,1467,0.5687004211144844,0.5602786465737845,0.61125,0.7010738982464161,1.1553570062069398,1.8160339008142186,1.4021477964928322,1.1553570062069398,1.2106892672094791,0.6010445049954587,0.6637568703524087,0.6945337620578779,97.5,100.0,5338,13688,699,96,11119,0,0.01798426376920195,0.8123173582700175,0.0,0.9500000000000001,0.4,0.1,0.6000000000000001,95.0,20.0,60.0,0.9500000000000001,0.4,0.1,0.6000000000000001,95.0,20.0,60.0,2348,1116,1232,2348,0.524701873935264,1.5091090826518216,1.5,1.006072721767881,599,0.5367383512544803,1.0,1
"iteration_3","SCOPE_DATA_COLLECTION",1700,51,3130.0,3190.0,0,10221,6972,2348,10237,7087,2401,5076,3454,1114,5098,3512,1230,0.5010811873402792,0.5041630778064886,0.5247440273037542,0.538063314573025,0.9609557151501279,1.5100320158564922,1.07612662914605,0.9609557151501279,1.0066880105709948,0.5224586288416075,0.5648523451071221,0.5403949730700179,95.0,100.0,5444,13425,672,124,9716,0,0.022777369581190303,0.7237243947858473,0.0,0.9500000000000001,0.4,0.1,0.6000000000000001,95.0,20.0,60.0,0.9500000000000001,0.4,0.1,0.6000000000000001,95.0,20.0,60.0,10140,4936,5204,10140,0.513214990138067,0.5882821822394609,0.5,1.1765643644789219,2683,0.5435575364667747,1.0,1
"iteration_3","SCOPE_DATA_COLLECTION",1700,51,3130.0,3190.0,1,10221,6972,2348,10237,7087,2401,5076,3454,1114,5098,3512,1230,0.5010811873402792,0.5041630778064886,0.5247440273037542,0.538063314573025,0.9609557151501279,1.5100320158564922,1.07612662914605,0.9609557151501279,1.0066880105709948,0.5224586288416075,0.5648523451071221,0.5403949730700179,95.0,100.0,5444,13425,672,124,9716,0,0.022777369581190303,0.7237243947858473,0.0,0.9500000000000001,0.4,0.1,0.6000000000000001,95.0,20.0,60.0,0.9500000000000001,0.4,0.1,0.6000000000000001,95.0,20.0,60.0,6992,3422,3570,6992,0.51058352402746,0.9956514505073236,1.0,0.9956514505073236,1963,0.5736411455289304,1.0,1
"iteration_3","SCOPE_DATA_COLLECTION",1700,51,3130.0,3190.0,2,10221,6972,2348,10237,7087,2401,5076,3454,1114,5098,3512,1230,0.5010811873402792,0.5041630778064886,0.5247440273037542,0.538063314573025,0.9609557151501279,1.5100320158564922,1.07612662914605,0.9609557151501279,1.0066880105709948,0.5224586288416075,0.5648523451071221,0.5403949730700179,95.0,100.0,5444,13425,672,124,9716,0,0.022777369581190303,0.7237243947858473,0.0,0.9500000000000001,0.4,0.1,0.6000000000000001,95.0,20.0,60.0,0.9500000000000001,0.4,0.1,0.6000000000000001,95.0,20.0,60.0,2402,1098,1304,2402,0.5428809325562032,1.6175975092507926,1.5,1.0783983395005283,670,0.6102003642987249,1.0,1
"iteration_3","SCOPE_DATA_COLLECTION",1700,52,3190.0,3250.0,0,10140,6992,2402,10221,6972,2348,4991,3465,1105,5207,3572,1307,0.5105903118258482,0.5076026715930084,0.5418739635157546,0.5862592323819161,0.9855705239036466,1.5986408891446622,1.1725184647638323,0.9855705239036466,1.0657605927631082,0.5399719495091164,0.5621933621933622,0.5963800904977375,100.0,100.0,5435,13386,713,109,9977,0,0.020055197792088315,0.7453309427760346,0.0,0.9500000000000001,0.4,0.1,0.6000000000000001,95.0,20.0,60.0,0.9500000000000001,0.4,0.1,0.7000000000000001,95.0,30.0,70.0,10050,4810,5240,10050,0.5213930348258706,0.5223428168404134,0.5,1.0446856336808268,2497,0.5191268191268191,1.0,1
"iteration_3","SCOPE_DATA_COLLECTION",1700,52,3190.0,3250.0,1,10140,6992,2402,10221,6972,2348,4991,3465,1105,5207,3572,1307,0.5105903118258482,0.5076026715930084,0.5418739635157546,0.5862592323819161,0.9855705239036466,1.5986408891446622,1.1725184647638323,0.9855705239036466,1.0657605927631082,0.5399719495091164,0.5621933621933622,0.5963800904977375,100.0,100.0,5435,13386,713,109,9977,0,0.020055197792088315,0.7453309427760346,0.0,0.9500000000000001,0.4,0.1,0.6000000000000001,95.0,20.0,60.0,0.9500000000000001,0.4,0.1,0.7000000000000001,95.0,30.0,70.0,7095,3307,3788,7095,0.5338971106412966,0.952714640483783,1.0,0.952714640483783,1883,0.5693982461445419,1.0,1
"iteration_3","SCOPE_DATA_COLLECTION",1700,52,3190.0,3250.0,2,10140,6992,2402,10221,6972,2348,4991,3465,1105,5207,3572,1307,0.5105903118258482,0.5076026715930084,0.5418739635157546,0.5862592323819161,0.9855705239036466,1.5986408891446622,1.1725184647638323,0.9855705239036466,1.0657605927631082,0.5399719495091164,0.5621933621933622,0.5963800904977375,100.0,100.0,5435,13386,713,109,9977,0,0.020055197792088315,0.7453309427760346,0.0,0.9500000000000001,0.4,0.1,0.6000000000000001,95.0,20.0,60.0,0.9500000000000001,0.4,0.1,0.7000000000000001,95.0,30.0,70.0,2369,1074,1295,2369,0.5466441536513297,1.5640162913745832,1.5,1.0426775275830555,636,0.5921787709497207,1.0,1
"iteration_3","SCOPE_DATA_COLLECTION",1700,53,3250.0,3310.0,0,10050,7095,2369,10140,6992,2402,4807,3314,1081,5236,3784,1295,0.5213581599123768,0.5331079177233023,0.54503367003367,0.5223910560174384,0.9536838981533582,1.5670671818721387,1.0447821120348768,0.9536838981533582,1.0447114545814258,0.5184106511337633,0.5706095353047677,0.5948196114708603,100.0,100.0,5341,13426,747,76,10239,0,0.014229545029020782,0.7626247579323701,0.0,0.9500000000000001,0.4,0.1,0.7000000000000001,95.0,30.0,70.0,0.6000000000000001,0.4,0.8,0.1,20.0,40.0,55.0,10170,7596,2574,10170,0.25309734513274335,0.38562773322622534,0.5,0.7712554664524507,2599,0.34215376513954715,1.0,1
"iteration_3","SCOPE_DATA_COLLECTION",1700,53,3250.0,3310.0,1,10050,7095,2369,10140,6992,2402,4807,3314,1081,5236,3784,1295,0.5213581599123768,0.5331079177233023,0.54503367003367,0.5223910560174384,0.9536838981533582,1.5670671818721387,1.0447821120348768,0.9536838981533582,1.0447114545814258,0.5184106511337633,0.5706095353047677,0.5948196114708603,100.0,100.0,5341,13426,747,76,10239,0,0.014229545029020782,0.7626247579323701,0.0,0.9500000000000001,0.4,0.1,0.7000000000000001,95.0,30.0,70.0,0.6000000000000001,0.4,0.8,0.1,20.0,40.0,55.0,7123,5345,1778,7123,0.24961392671627122,0.7523692486701391,1.0,0.7523692486701391,1957,0.36613657623947615,1.0,1
"iteration_3","SCOPE_DATA_COLLECTION",1700,53,3250.0,3310.0,2,10050,7095,2369,10140,6992,2402,4807,3314,1081,5236,3784,1295,0.5213581599123768,0.5331079177233023,0.54503367003367,0.5223910560174384,0.9536838981533582,1.5670671818721387,1.0447821120348768,0.9536838981533582,1.0447114545814258,0.5184106511337633,0.5706095353047677,0.5948196114708603,100.0,100.0,5341,13426,747,76,10239,0,0.014229545029020782,0.7626247579323701,0.0,0.9500000000000001,0.4,0.1,0.7000000000000001,95.0,30.0,70.0,0.6000000000000001,0.4,0.8,0.1,20.0,40.0,55.0,2407,1770,637,2407,0.26464478604071456,1.0363521182236377,1.5,0.6909014121490918,616,0.3480225988700565,1.0,1
"iteration_3","SCOPE_DATA_COLLECTION",1700,54,3310.0,3370.0,0,10170,7123,2407,10050,7095,2369,7584,5317,1760,2578,1782,637,0.25369021846093287,0.25102127060149315,0.2657488527325824,0.3849868268004551,0.7484527537429011,1.0397543619294676,0.7699736536009102,0.7484527537429011,0.693169574619645,0.34229957805907174,0.36524355839759265,0.3494318181818182,100.0,100.0,5575,8432,5693,116,77,4804,0.020807174887892375,0.009131878557874763,0.8438433163534165,0.6000000000000001,0.4,0.8,0.1,20.0,40.0,55.0,0.6000000000000001,0.5,0.8,0.2,20.0,40.0,65.0,10117,7890,2227,10117,0.22012454284867056,0.43440272525821727,0.5,0.8688054505164345,2719,0.34461343472750317,1.0,1
"iteration_3","SCOPE_DATA_COLLECTION",1700,54,3310.0,3370.0,1,10170,7123,2407,10050,7095,2369,7584,5317,1760,2578,1782,637,0.25369021846093287,0.25102127060149315,0.2657488527325824,0.3849868268004551,0.7484527537429011,1.0397543619294676,0.7699736536009102,0.7484527537429011,0.693169574619645,0.34229957805907174,0.36524355839759265,0.3494318181818182,100.0,100.0,5575,8432,5693,116,77,4804,0.020807174887892375,0.009131878557874763,0.8438433163534165,0.6000000000000001,0.4,0.8,0.1,20.0,40.0,55.0,0.6000000000000001,0.5,0.8,0.2,20.0,40.0,65.0,6949,5412,1537,6949,0.22118290401496618,0.7834433189461489,1.0,0.7834433189461489,1987,0.3671470805617147,1.0,1
"iteration_3","SCOPE_DATA_COLLECTION",1700,54,3310.0,3370.0,2,10170,7123,2407,10050,7095,2369,7584,5317,1760,2578,1782,637,0.25369021846093287,0.25102127060149315,0.2657488527325824,0.3849868268004551,0.7484527537429011,1.0397543619294676,0.7699736536009102,0.7484527537429011,0.693169574619645,0.34229957805907174,0.36524355839759265,0.3494318181818182,100.0,100.0,5575,8432,5693,116,77,4804,0.020807174887892375,0.009131878557874763,0.8438433163534165,0.6000000000000001,0.4,0.8,0.1,20.0,40.0,55.0,0.6000000000000001,0.5,0.8,0.2,20.0,40.0,65.0,2317,1733,584,2317,0.25205006473888647,1.0975370396473125,1.5,0.731691359764875,626,0.36122331217541837,1.0,1
"iteration_3","SCOPE_DATA_COLLECTION",1700,55,3370.0,3430.0,0,10117,6949,2317,10170,7123,2407,7898,5427,1742,2227,1537,584,0.21995061728395063,0.22070649052268812,0.2510748065348237,0.435502925931183,0.7871034469992613,1.0977006867756733,0.871005851862366,0.7871034469992613,0.7318004578504489,0.34502405672322106,0.3679749401142436,0.3622273249138921,100.0,100.0,5543,8398,5442,148,6,4194,0.026700342774670757,7.144558228149559E-4,0.7706725468577729,0.6000000000000001,0.5,0.8,0.2,20.0,40.0,65.0,0.6000000000000001,0.5,0.8,0.2,20.0,40.0,65.0,10138,7909,2229,10138,0.21986585125271257,0.4073170637691893,0.5,0.8146341275383786,2701,0.34150967252497155,1.0,1
"iteration_3","SCOPE_DATA_COLLECTION",1700,55,3370.0,3430.0,1,10117,6949,2317,10170,7123,2407,7898,5427,1742,2227,1537,584,0.21995061728395063,0.22070649052268812,0.2510748065348237,0.435502925931183,0.7871034469992613,1.0977006867756733,0.871005851862366,0.7871034469992613,0.7318004578504489,0.34502405672322106,0.3679749401142436,0.3622273249138921,100.0,100.0,5543,8398,5442,148,6,4194,0.026700342774670757,7.144558228149559E-4,0.7706725468577729,0.6000000000000001,0.5,0.8,0.2,20.0,40.0,65.0,0.6000000000000001,0.5,0.8,0.2,20.0,40.0,65.0,6971,5411,1560,6971,0.22378424903170277,0.7716988317989271,1.0,0.7716988317989271,2013,0.37201995934208093,1.0,1
"iteration_3","SCOPE_DATA_COLLECTION",1700,55,3370.0,3430.0,2,10117,6949,2317,10170,7123,2407,7898,5427,1742,2227,1537,584,0.21995061728395063,0.22070649052268812,0.2510748065348237,0.435502925931183,0.7871034469992613,1.0977006867756733,0.871005851862366,0.7871034469992613,0.7318004578504489,0.34502405672322106,0.3679749401142436,0.3622273249138921,100.0,100.0,5543,8398,5442,148,6,4194,0.026700342774670757,7.144558228149559E-4,0.7706725468577729,0.6000000000000001,0.5,0.8,0.2,20.0,40.0,65.0,0.6000000000000001,0.5,0.8,0.2,20.0,40.0,65.0,2358,1799,559,2358,0.23706530958439356,1.0903150281207565,1.5,0.7268766854138377,647,0.3596442468037799,1.0,1
"iteration_3","SCOPE_DATA_COLLECTION",1700,56,3430.0,3490.0,0,10138,6971,2358,10117,6949,2317,7914,5402,1797,2229,1560,559,0.21975746820467318,0.2240735420856076,0.23726655348047537,0.4075735567969603,0.7701744528368666,1.0940103953950457,0.8151471135939206,0.7701744528368666,0.7293402635966971,0.3424311346980035,0.3715290633098852,0.3606010016694491,100.0,100.0,5557,8442,5468,147,6,4195,0.026453122188231058,7.107320540156361E-4,0.7671909290416972,0.6000000000000001,0.5,0.8,0.2,20.0,40.0,65.0,0.5,0.5,0.7000000000000001,0.1,20.0,40.0,55.0,10347,6623,3724,10347,0.35991108533874555,0.4108988851897726,0.5,0.8217977703795452,2517,0.3800392571342292,1.0,1
"iteration_3","SCOPE_DATA_COLLECTION",1700,56,3430.0,3490.0,1,10138,6971,2358,10117,6949,2317,7914,5402,1797,2229,1560,559,0.21975746820467318,0.2240735420856076,0.23726655348047537,0.4075735567969603,0.7701744528368666,1.0940103953950457,0.8151471135939206,0.7701744528368666,0.7293402635966971,0.3424311346980035,0.3715290633098852,0.3606010016694491,100.0,100.0,5557,8442,5468,147,6,4195,0.026453122188231058,7.107320540156361E-4,0.7671909290416972,0.6000000000000001,0.5,0.8,0.2,20.0,40.0,65.0,0.5,0.5,0.7000000000000001,0.1,20.0,40.0,55.0,7083,4430,2653,7083,0.37455880276718906,0.8068522373539319,1.0,0.8068522373539319,1844,0.4162528216704289,1.0,1
"iteration_3","SCOPE_DATA_COLLECTION",1700,56,3430.0,3490.0,2,10138,6971,2358,10117,6949,2317,7914,5402,1797,2229,1560,559,0.21975746820467318,0.2240735420856076,0.23726655348047537,0.4075735567969603,0.7701744528368666,1.0940103953950457,0.8151471135939206,0.7701744528368666,0.7293402635966971,0.3424311346980035,0.3715290633098852,0.3606010016694491,100.0,100.0,5557,8442,5468,147,6,4195,0.026453122188231058,7.107320540156361E-4,0.7671909290416972,0.6000000000000001,0.5,0.8,0.2,20.0,40.0,65.0,0.5,0.5,0.7000000000000001,0.1,20.0,40.0,55.0,2289,1441,848,2289,0.3704674530362604,1.19989575843207,1.5,0.79993050562138,650,0.45107564191533656,1.0,1
"iteration_3","SCOPE_DATA_COLLECTION",1700,57,3490.0,3550.0,0,10347,7083,2289,10138,6971,2358,6621,4439,1438,3724,2653,848,0.35998066698888354,0.37408347433728145,0.37095363079615046,0.4103801921485166,0.8073503555820738,1.191029905554063,0.8207603842970332,0.8073503555820738,0.794019937036042,0.3792478477571364,0.4165352556882181,0.44645340751043117,97.5,100.0,5510,7088,7121,98,6,7121,0.017785843920145192,8.465011286681715E-4,1.0,0.5,0.5,0.7000000000000001,0.1,20.0,40.0,55.0,0.4,0.6000000000000001,0.7000000000000001,0.1,30.0,30.0,65.0,10213,5749,4464,10213,0.43708998335454813,0.44320209228296475,0.5,0.8864041845659295,2461,0.42807444773004,1.0,1
"iteration_3","SCOPE_DATA_COLLECTION",1700,57,3490.0,3550.0,1,10347,7083,2289,10138,6971,2358,6621,4439,1438,3724,2653,848,0.35998066698888354,0.37408347433728145,0.37095363079615046,0.4103801921485166,0.8073503555820738,1.191029905554063,0.8207603842970332,0.8073503555820738,0.794019937036042,0.3792478477571364,0.4165352556882181,0.44645340751043117,97.5,100.0,5510,7088,7121,98,6,7121,0.017785843920145192,8.465011286681715E-4,1.0,0.5,0.5,0.7000000000000001,0.1,20.0,40.0,55.0,0.4,0.6000000000000001,0.7000000000000001,0.1,30.0,30.0,65.0,6919,3880,3039,6919,0.4392253215782628,0.9025316172772104,1.0,0.9025316172772104,1858,0.4788659793814433,1.0,1
"iteration_3","SCOPE_DATA_COLLECTION",1700,57,3490.0,3550.0,2,10347,7083,2289,10138,6971,2358,6621,4439,1438,3724,2653,848,0.35998066698888354,0.37408347433728145,0.37095363079615046,0.4103801921485166,0.8073503555820738,1.191029905554063,0.8207603842970332,0.8073503555820738,0.794019937036042,0.3792478477571364,0.4165352556882181,0.44645340751043117,97.5,100.0,5510,7088,7121,98,6,7121,0.017785843920145192,8.465011286681715E-4,1.0,0.5,0.5,0.7000000000000001,0.1,20.0,40.0,55.0,0.4,0.6000000000000001,0.7000000000000001,0.1,30.0,30.0,65.0,2430,1367,1063,2430,0.4374485596707819,1.2563759960482395,1.5,0.8375839973654929,647,0.47329919531821507,1.0,1
"iteration_3","SCOPE_DATA_COLLECTION",1700,58,3550.0,3619.2814943361914,0,10213,6919,2430,10347,7083,2289,5766,3876,1369,4464,3039,1063,0.43636363636363634,0.43947939262472885,0.4370888157894737,0.4433845164484081,0.9035486793655825,1.2594462143931084,0.8867690328968162,0.9035486793655825,0.8396308095954056,0.4287200832466181,0.47961816305469557,0.47552958363769177,97.5,100.0,5438,5693,8431,127,8,8431,0.023354174328797352,0.0014052344985069384,1.0,0.4,0.6000000000000001,0.7000000000000001,0.1,30.0,30.0,65.0,0.4,0.7000000000000001,0.8,0.1,40.0,40.0,75.0,8406,4675,3688,8363,0.4409900753318187,0.4692348282216228,0.5,0.9384696564432456,2081,0.4451336898395722,0.9948846062336426,0
"iteration_3","SCOPE_DATA_COLLECTION",1700,58,3550.0,3619.2814943361914,1,10213,6919,2430,10347,7083,2289,5766,3876,1369,4464,3039,1063,0.43636363636363634,0.43947939262472885,0.4370888157894737,0.4433845164484081,0.9035486793655825,1.2594462143931084,0.8867690328968162,0.9035486793655825,0.8396308095954056,0.4287200832466181,0.47961816305469557,0.47552958363769177,97.5,100.0,5438,5693,8431,127,8,8431,0.023354174328797352,0.0014052344985069384,1.0,0.4,0.6000000000000001,0.7000000000000001,0.1,30.0,30.0,65.0,0.4,0.7000000000000001,0.8,0.1,40.0,40.0,75.0,5900,3264,2568,5832,0.4403292181069959,0.8777473726111544,1.0,0.8777473726111544,1522,0.46629901960784315,0.9884745762711864,0
"iteration_3","SCOPE_DATA_COLLECTION",1700,58,3550.0,3619.2814943361914,2,10213,6919,2430,10347,7083,2289,5766,3876,1369,4464,3039,1063,0.43636363636363634,0.43947939262472885,0.4370888157894737,0.4433845164484081,0.9035486793655825,1.2594462143931084,0.8867690328968162,0.9035486793655825,0.8396308095954056,0.4287200832466181,0.47961816305469557,0.47552958363769177,97.5,100.0,5438,5693,8431,127,8,8431,0.023354174328797352,0.0014052344985069384,1.0,0.4,0.6000000000000001,0.7000000000000001,0.1,30.0,30.0,65.0,0.4,0.7000000000000001,0.8,0.1,40.0,40.0,75.0,1998,1040,933,1973,0.4728839330968069,1.3074881688642204,1.5,0.8716587792428135,522,0.5019230769230769,0.9874874874874875,0
"iteration_3","SCOPE_DATA_COLLECTION",1800,0,70.0,130.0,0,9459,6973,2392,0,0,0,7654,5474,1803,1740,1407,553,0.18522461145411964,0.20447609359104782,0.23471986417657045,0.36672377732980077,0.7100754489031691,1.0409501621971962,0.7334475546596015,0.7100754489031691,0.6939667747981307,0.30337078651685395,0.33357690902447934,0.3261231281198003,97.5,100.0,5482,8024,5318,181,177,3342,0.033017147026632616,0.022058823529411766,0.6284317412561113,0.6,0.5,0.7,0.4,85.0,80.0,90.0,0.6,0.5,0.7,0.4,85.0,80.0,90.0,10576,8281,2295,10576,0.21700075642965205,0.3829412359750733,0.5,0.7658824719501466,2646,0.31952662721893493,1.0,1
"iteration_3","SCOPE_DATA_COLLECTION",1800,0,70.0,130.0,1,9459,6973,2392,0,0,0,7654,5474,1803,1740,1407,553,0.18522461145411964,0.20447609359104782,0.23471986417657045,0.36672377732980077,0.7100754489031691,1.0409501621971962,0.7334475546596015,0.7100754489031691,0.6939667747981307,0.30337078651685395,0.33357690902447934,0.3261231281198003,97.5,100.0,5482,8024,5318,181,177,3342,0.033017147026632616,0.022058823529411766,0.6284317412561113,0.6,0.5,0.7,0.4,85.0,80.0,90.0,0.6,0.5,0.7,0.4,85.0,80.0,90.0,7485,5763,1722,7485,0.23006012024048098,0.7444948021004353,1.0,0.7444948021004353,1969,0.34166232864827345,1.0,1
"iteration_3","SCOPE_DATA_COLLECTION",1800,0,70.0,130.0,2,9459,6973,2392,0,0,0,7654,5474,1803,1740,1407,553,0.18522461145411964,0.20447609359104782,0.23471986417657045,0.36672377732980077,0.7100754489031691,1.0409501621971962,0.7334475546596015,0.7100754489031691,0.6939667747981307,0.30337078651685395,0.33357690902447934,0.3261231281198003,97.5,100.0,5482,8024,5318,181,177,3342,0.033017147026632616,0.022058823529411766,0.6284317412561113,0.6,0.5,0.7,0.4,85.0,80.0,90.0,0.6,0.5,0.7,0.4,85.0,80.0,90.0,2716,2014,702,2716,0.25846833578792344,1.0678645154297042,1.5,0.7119096769531361,656,0.3257199602780536,1.0,1
"iteration_3","SCOPE_DATA_COLLECTION",1800,1,130.0,190.0,0,10576,7485,2716,9459,6973,2392,8298,5801,2007,2295,1722,703,0.21665250637213254,0.2288980459922903,0.25940959409594094,0.38301118565996783,0.7444064883869796,1.0615107321760329,0.7660223713199357,0.7444064883869796,0.7076738214506886,0.31923355025307304,0.3426995345630064,0.3218734429496761,97.5,100.0,5729,9085,5963,316,7,4397,0.055157968231803106,7.705008255365987E-4,0.7373805131645145,0.6,0.5,0.7,0.4,85.0,80.0,90.0,0.2,0.2,0.6000000000000001,0.6000000000000001,25.0,60.0,85.0,10415,4414,6001,10415,0.5761881901104177,0.49324201629244196,0.5,0.9864840325848839,2311,0.5235613955595831,1.0,1
"iteration_3","SCOPE_DATA_COLLECTION",1800,1,130.0,190.0,1,10576,7485,2716,9459,6973,2392,8298,5801,2007,2295,1722,703,0.21665250637213254,0.2288980459922903,0.25940959409594094,0.38301118565996783,0.7444064883869796,1.0615107321760329,0.7660223713199357,0.7444064883869796,0.7076738214506886,0.31923355025307304,0.3426995345630064,0.3218734429496761,97.5,100.0,5729,9085,5963,316,7,4397,0.055157968231803106,7.705008255365987E-4,0.7373805131645145,0.6,0.5,0.7,0.4,85.0,80.0,90.0,0.2,0.2,0.6000000000000001,0.6000000000000001,25.0,60.0,85.0,7694,3191,4503,7694,0.5852612425266441,1.1207025215228787,1.0,1.1207025215228787,2024,0.634283923534942,1.0,1
"iteration_3","SCOPE_DATA_COLLECTION",1800,1,130.0,190.0,2,10576,7485,2716,9459,6973,2392,8298,5801,2007,2295,1722,703,0.21665250637213254,0.2288980459922903,0.25940959409594094,0.38301118565996783,0.7444064883869796,1.0615107321760329,0.7660223713199357,0.7444064883869796,0.7076738214506886,0.31923355025307304,0.3426995345630064,0.3218734429496761,97.5,100.0,5729,9085,5963,316,7,4397,0.055157968231803106,7.705008255365987E-4,0.7373805131645145,0.6,0.5,0.7,0.4,85.0,80.0,90.0,0.2,0.2,0.6000000000000001,0.6000000000000001,25.0,60.0,85.0,2477,1004,1473,2477,0.5946709729511506,1.593582000291866,1.5,1.0623880001945774,613,0.6105577689243028,1.0,1
"iteration_3","SCOPE_DATA_COLLECTION",1800,2,190.0,250.0,0,10415,7694,2477,10576,7485,2716,4424,3186,1024,6001,4503,1473,0.5756354916067147,0.5856418259851737,0.5899078894673608,0.494855807810249,1.1174349982872285,1.5897494069288085,0.989711615620498,1.1174349982872285,1.059832937952539,0.5250904159132007,0.6318267419962336,0.607421875,97.5,100.0,5781,3086,11719,257,1,11719,0.04445597647465836,3.240440699935191E-4,1.0,0.2,0.2,0.6000000000000001,0.6000000000000001,25.0,60.0,85.0,0.30000000000000004,0.1,0.5,0.5,20.0,60.0,95.0,10450,5267,5183,10450,0.49598086124401913,0.41485490202712627,0.5,0.8297098040542525,2147,0.40763242832732105,1.0,1
"iteration_3","SCOPE_DATA_COLLECTION",1800,2,190.0,250.0,1,10415,7694,2477,10576,7485,2716,4424,3186,1024,6001,4503,1473,0.5756354916067147,0.5856418259851737,0.5899078894673608,0.494855807810249,1.1174349982872285,1.5897494069288085,0.989711615620498,1.1174349982872285,1.059832937952539,0.5250904159132007,0.6318267419962336,0.607421875,97.5,100.0,5781,3086,11719,257,1,11719,0.04445597647465836,3.240440699935191E-4,1.0,0.2,0.2,0.6000000000000001,0.6000000000000001,25.0,60.0,85.0,0.30000000000000004,0.1,0.5,0.5,20.0,60.0,95.0,7530,3634,3896,7530,0.5173970783532537,0.9716234104453269,1.0,0.9716234104453269,1975,0.5434782608695652,1.0,1
"iteration_3","SCOPE_DATA_COLLECTION",1800,2,190.0,250.0,2,10415,7694,2477,10576,7485,2716,4424,3186,1024,6001,4503,1473,0.5756354916067147,0.5856418259851737,0.5899078894673608,0.494855807810249,1.1174349982872285,1.5897494069288085,0.989711615620498,1.1174349982872285,1.059832937952539,0.5250904159132007,0.6318267419962336,0.607421875,97.5,100.0,5781,3086,11719,257,1,11719,0.04445597647465836,3.240440699935191E-4,1.0,0.2,0.2,0.6000000000000001,0.6000000000000001,25.0,60.0,85.0,0.30000000000000004,0.1,0.5,0.5,20.0,60.0,95.0,2570,1226,1344,2570,0.5229571984435798,1.4169716594347534,1.5,0.9446477729565023,643,0.5244698205546493,1.0,1
"iteration_3","SCOPE_DATA_COLLECTION",1800,3,250.0,310.0,0,10450,7530,2570,10415,7694,2477,5265,3636,1219,5183,3896,1344,0.49607580398162326,0.5172596919808816,0.5243854857588763,0.4147688983120131,0.9720045848272072,1.4212698202571614,0.8295377966240262,0.9720045848272072,0.9475132135047742,0.40683760683760684,0.5451045104510451,0.5266611977030353,97.5,100.0,5839,4499,10212,208,3,10212,0.03562253810584004,6.668148477439431E-4,1.0,0.30000000000000004,0.1,0.5,0.5,20.0,60.0,95.0,0.8,0.4,0.7000000000000001,0.30000000000000004,70.0,30.0,65.0,10506,7714,2792,10506,0.26575290310298877,0.44364756362210817,0.5,0.8872951272442163,2640,0.3422348975887996,1.0,1
"iteration_3","SCOPE_DATA_COLLECTION",1800,3,250.0,310.0,1,10450,7530,2570,10415,7694,2477,5265,3636,1219,5183,3896,1344,0.49607580398162326,0.5172596919808816,0.5243854857588763,0.4147688983120131,0.9720045848272072,1.4212698202571614,0.8295377966240262,0.9720045848272072,0.9475132135047742,0.40683760683760684,0.5451045104510451,0.5266611977030353,97.5,100.0,5839,4499,10212,208,3,10212,0.03562253810584004,6.668148477439431E-4,1.0,0.30000000000000004,0.1,0.5,0.5,20.0,60.0,95.0,0.8,0.4,0.7000000000000001,0.30000000000000004,70.0,30.0,65.0,7678,5541,2137,7678,0.2783276895024746,0.8358262567252931,1.0,0.8358262567252931,2063,0.3723154665222884,1.0,1
"iteration_3","SCOPE_DATA_COLLECTION",1800,3,250.0,310.0,2,10450,7530,2570,10415,7694,2477,5265,3636,1219,5183,3896,1344,0.49607580398162326,0.5172596919808816,0.5243854857588763,0.4147688983120131,0.9720045848272072,1.4212698202571614,0.8295377966240262,0.9720045848272072,0.9475132135047742,0.40683760683760684,0.5451045104510451,0.5266611977030353,97.5,100.0,5839,4499,10212,208,3,10212,0.03562253810584004,6.668148477439431E-4,1.0,0.30000000000000004,0.1,0.5,0.5,20.0,60.0,95.0,0.8,0.4,0.7000000000000001,0.30000000000000004,70.0,30.0,65.0,2552,1822,730,2552,0.28605015673981193,1.2114754729300625,1.5,0.8076503152867084,674,0.3699231613611416,1.0,1
"iteration_3","SCOPE_DATA_COLLECTION",1800,4,310.0,370.0,0,10506,7678,2552,10450,7530,2570,7680,5516,1809,2790,2136,730,0.2664756446991404,0.2791427077888134,0.2875147695943285,0.44497093614799016,0.8404420538595231,1.206811270939726,0.8899418722959803,0.8404420538595231,0.8045408472931507,0.346484375,0.3756345177664975,0.3676064123825318,92.5,100.0,5573,12149,3014,214,5389,53,0.03839942580297865,0.4435756029302823,0.017584605175846053,0.8,0.4,0.7000000000000001,0.30000000000000004,70.0,30.0,65.0,0.9,0.5,0.8,0.30000000000000004,80.0,30.0,55.0,10397,4981,5416,10397,0.520919496008464,0.5541242855700633,0.5,1.1082485711401266,2705,0.5430636418389881,1.0,1
"iteration_3","SCOPE_DATA_COLLECTION",1800,4,310.0,370.0,1,10506,7678,2552,10450,7530,2570,7680,5516,1809,2790,2136,730,0.2664756446991404,0.2791427077888134,0.2875147695943285,0.44497093614799016,0.8404420538595231,1.206811270939726,0.8899418722959803,0.8404420538595231,0.8045408472931507,0.346484375,0.3756345177664975,0.3676064123825318,92.5,100.0,5573,12149,3014,214,5389,53,0.03839942580297865,0.4435756029302823,0.017584605175846053,0.8,0.4,0.7000000000000001,0.30000000000000004,70.0,30.0,65.0,0.9,0.5,0.8,0.30000000000000004,80.0,30.0,55.0,7631,3476,4155,7631,0.5444895819682872,1.088562358384486,1.0,1.088562358384486,2050,0.5897583429228999,1.0,1
"iteration_3","SCOPE_DATA_COLLECTION",1800,4,310.0,370.0,2,10506,7678,2552,10450,7530,2570,7680,5516,1809,2790,2136,730,0.2664756446991404,0.2791427077888134,0.2875147695943285,0.44497093614799016,0.8404420538595231,1.206811270939726,0.8899418722959803,0.8404420538595231,0.8045408472931507,0.346484375,0.3756345177664975,0.3676064123825318,92.5,100.0,5573,12149,3014,214,5389,53,0.03839942580297865,0.4435756029302823,0.017584605175846053,0.8,0.4,0.7000000000000001,0.30000000000000004,70.0,30.0,65.0,0.9,0.5,0.8,0.30000000000000004,80.0,30.0,55.0,2497,1149,1348,2497,0.5398478173808571,1.5575998057804092,1.5,1.0383998705202728,646,0.5622280243690165,1.0,1
"iteration_3","SCOPE_DATA_COLLECTION",1800,5,370.0,430.0,0,10397,7631,2497,10506,7678,2552,5014,3504,1166,5413,4153,1348,0.5191330200441162,0.5423795220060076,0.5361972951471758,0.5505190906584824,1.0780567772350043,1.5542651701509453,1.1010381813169647,1.0780567772350043,1.0361767801006303,0.5345033905065816,0.5810502283105022,0.5600343053173242,97.5,100.0,5560,13463,1502,168,10746,0,0.030215827338129497,0.7981876253435342,0.0,0.9,0.5,0.8,0.30000000000000004,80.0,30.0,55.0,0.8,0.5,0.9,0.4,90.0,40.0,45.0,10604,8299,2305,10604,0.21737080347038854,0.4557120849214055,0.5,0.911424169842811,2926,0.3525725991083263,1.0,1
"iteration_3","SCOPE_DATA_COLLECTION",1800,5,370.0,430.0,1,10397,7631,2497,10506,7678,2552,5014,3504,1166,5413,4153,1348,0.5191330200441162,0.5423795220060076,0.5361972951471758,0.5505190906584824,1.0780567772350043,1.5542651701509453,1.1010381813169647,1.0780567772350043,1.0361767801006303,0.5345033905065816,0.5810502283105022,0.5600343053173242,97.5,100.0,5560,13463,1502,168,10746,0,0.030215827338129497,0.7981876253435342,0.0,0.9,0.5,0.8,0.30000000000000004,80.0,30.0,55.0,0.8,0.5,0.9,0.4,90.0,40.0,45.0,7386,5537,1849,7386,0.2503384782020038,0.8230794956399434,1.0,0.8230794956399434,2122,0.38324002167238574,1.0,1
"iteration_3","SCOPE_DATA_COLLECTION",1800,5,370.0,430.0,2,10397,7631,2497,10506,7678,2552,5014,3504,1166,5413,4153,1348,0.5191330200441162,0.5423795220060076,0.5361972951471758,0.5505190906584824,1.0780567772350043,1.5542651701509453,1.1010381813169647,1.0780567772350043,1.0361767801006303,0.5345033905065816,0.5810502283105022,0.5600343053173242,97.5,100.0,5560,13463,1502,168,10746,0,0.030215827338129497,0.7981876253435342,0.0,0.9,0.5,0.8,0.30000000000000004,80.0,30.0,55.0,0.8,0.5,0.9,0.4,90.0,40.0,45.0,2647,1887,760,2647,0.2871174914998111,1.1598935573743228,1.5,0.7732623715828818,647,0.34287228404875464,1.0,1
"iteration_3","SCOPE_DATA_COLLECTION",1800,6,430.0,490.0,0,10604,7386,2647,10397,7631,2497,8285,5524,1870,2306,1848,760,0.21773203663487867,0.25067824199674443,0.2889733840304182,0.45602739404941833,0.8272809681121207,1.1594993348600644,0.9120547880988367,0.8272809681121207,0.7729995565733763,0.3530476765238383,0.38613323678493844,0.3422459893048128,100.0,100.0,5683,11885,3069,223,4609,82,0.039239838113672355,0.38779974758098446,0.0267188009123493,0.8,0.5,0.9,0.4,90.0,40.0,45.0,0.8,0.6000000000000001,0.9,0.30000000000000004,90.0,50.0,45.0,10282,7914,2368,10282,0.2303053880567983,0.4329485674160293,0.5,0.8658971348320585,2760,0.34874905231235787,1.0,1
"iteration_3","SCOPE_DATA_COLLECTION",1800,6,430.0,490.0,1,10604,7386,2647,10397,7631,2497,8285,5524,1870,2306,1848,760,0.21773203663487867,0.25067824199674443,0.2889733840304182,0.45602739404941833,0.8272809681121207,1.1594993348600644,0.9120547880988367,0.8272809681121207,0.7729995565733763,0.3530476765238383,0.38613323678493844,0.3422459893048128,100.0,100.0,5683,11885,3069,223,4609,82,0.039239838113672355,0.38779974758098446,0.0267188009123493,0.8,0.5,0.9,0.4,90.0,40.0,45.0,0.8,0.6000000000000001,0.9,0.30000000000000004,90.0,50.0,45.0,7535,5610,1925,7535,0.25547445255474455,0.8144876272073653,1.0,0.8144876272073653,2100,0.37433155080213903,1.0,1
"iteration_3","SCOPE_DATA_COLLECTION",1800,6,430.0,490.0,2,10604,7386,2647,10397,7631,2497,8285,5524,1870,2306,1848,760,0.21773203663487867,0.25067824199674443,0.2889733840304182,0.45602739404941833,0.8272809681121207,1.1594993348600644,0.9120547880988367,0.8272809681121207,0.7729995565733763,0.3530476765238383,0.38613323678493844,0.3422459893048128,100.0,100.0,5683,11885,3069,223,4609,82,0.039239838113672355,0.38779974758098446,0.0267188009123493,0.8,0.5,0.9,0.4,90.0,40.0,45.0,0.8,0.6000000000000001,0.9,0.30000000000000004,90.0,50.0,45.0,2604,1864,740,2604,0.28417818740399386,1.1353122652321888,1.5,0.7568748434881258,640,0.34334763948497854,1.0,1
"iteration_3","SCOPE_DATA_COLLECTION",1800,7,490.0,550.0,0,10282,7535,2604,10604,7386,2647,7868,5606,1857,2372,1929,740,0.231640625,0.2560053085600531,0.2849441663457836,0.4316031423010071,0.8138661642585315,1.1396126138662208,0.8632062846020142,0.8138661642585315,0.7597417425774805,0.34862735129639044,0.3744202640028541,0.34679590737749055,97.5,100.0,5622,11868,2931,230,4811,0,0.040910707933119884,0.4053758004718571,0.0,0.8,0.6000000000000001,0.9,0.30000000000000004,90.0,50.0,45.0,0.8,0.6000000000000001,0.8,0.4,95.0,40.0,55.0,10406,7544,2862,10406,0.2750336344416683,0.44033754605715314,0.5,0.8806750921143063,2626,0.3480911983032874,1.0,1
"iteration_3","SCOPE_DATA_COLLECTION",1800,7,490.0,550.0,1,10282,7535,2604,10604,7386,2647,7868,5606,1857,2372,1929,740,0.231640625,0.2560053085600531,0.2849441663457836,0.4316031423010071,0.8138661642585315,1.1396126138662208,0.8632062846020142,0.8138661642585315,0.7597417425774805,0.34862735129639044,0.3744202640028541,0.34679590737749055,97.5,100.0,5622,11868,2931,230,4811,0,0.040910707933119884,0.4053758004718571,0.0,0.8,0.6000000000000001,0.9,0.30000000000000004,90.0,50.0,45.0,0.8,0.6000000000000001,0.8,0.4,95.0,40.0,55.0,7560,5443,2117,7560,0.280026455026455,0.8062095541717449,1.0,0.8062095541717449,2006,0.36854675730295794,1.0,1
"iteration_3","SCOPE_DATA_COLLECTION",1800,7,490.0,550.0,2,10282,7535,2604,10604,7386,2647,7868,5606,1857,2372,1929,740,0.231640625,0.2560053085600531,0.2849441663457836,0.4316031423010071,0.8138661642585315,1.1396126138662208,0.8632062846020142,0.8138661642585315,0.7597417425774805,0.34862735129639044,0.3744202640028541,0.34679590737749055,97.5,100.0,5622,11868,2931,230,4811,0,0.040910707933119884,0.4053758004718571,0.0,0.8,0.6000000000000001,0.9,0.30000000000000004,90.0,50.0,45.0,0.8,0.6000000000000001,0.8,0.4,95.0,40.0,55.0,2631,1838,793,2631,0.3014063093880654,1.195707155783432,1.5,0.7971381038556213,685,0.37268770402611534,1.0,1
"iteration_3","SCOPE_DATA_COLLECTION",1800,8,550.0,610.0,0,10406,7560,2631,10282,7535,2604,7586,5421,1854,2862,2117,793,0.2739280245022971,0.2808437251260281,0.2995844352096713,0.44178695244486244,0.8046010741577994,1.1989824831792586,0.8835739048897249,0.8046010741577994,0.7993216554528391,0.34932770893751647,0.3669064748201439,0.3743257820927724,100.0,100.0,5673,12034,2890,287,5466,19,0.05059051648157941,0.4542130629882001,0.00657439446366782,0.8,0.6000000000000001,0.8,0.4,95.0,40.0,55.0,0.7000000000000001,0.6000000000000001,0.8,0.30000000000000004,85.0,30.0,65.0,10535,9659,876,10535,0.0831514000949217,0.3821495348243707,0.5,0.7642990696487414,2734,0.2830520757842427,1.0,1
"iteration_3","SCOPE_DATA_COLLECTION",1800,8,550.0,610.0,1,10406,7560,2631,10282,7535,2604,7586,5421,1854,2862,2117,793,0.2739280245022971,0.2808437251260281,0.2995844352096713,0.44178695244486244,0.8046010741577994,1.1989824831792586,0.8835739048897249,0.8046010741577994,0.7993216554528391,0.34932770893751647,0.3669064748201439,0.3743257820927724,100.0,100.0,5673,12034,2890,287,5466,19,0.05059051648157941,0.4542130629882001,0.00657439446366782,0.8,0.6000000000000001,0.8,0.4,95.0,40.0,55.0,0.7000000000000001,0.6000000000000001,0.8,0.30000000000000004,85.0,30.0,65.0,7381,6717,664,7381,0.08996070993090367,0.692217535113878,1.0,0.692217535113878,1959,0.2916480571683787,1.0,1
"iteration_3","SCOPE_DATA_COLLECTION",1800,8,550.0,610.0,2,10406,7560,2631,10282,7535,2604,7586,5421,1854,2862,2117,793,0.2739280245022971,0.2808437251260281,0.2995844352096713,0.44178695244486244,0.8046010741577994,1.1989824831792586,0.8835739048897249,0.8046010741577994,0.7993216554528391,0.34932770893751647,0.3669064748201439,0.3743257820927724,100.0,100.0,5673,12034,2890,287,5466,19,0.05059051648157941,0.4542130629882001,0.00657439446366782,0.8,0.6000000000000001,0.8,0.4,95.0,40.0,55.0,0.7000000000000001,0.6000000000000001,0.8,0.30000000000000004,85.0,30.0,65.0,2532,2249,283,2532,0.1117693522906793,0.9962883240776338,1.5,0.6641922160517558,629,0.2796798577145398,1.0,1
"iteration_3","SCOPE_DATA_COLLECTION",1800,9,610.0,670.0,0,10535,7381,2532,10406,7560,2631,9660,6724,2253,876,664,283,0.08314350797266515,0.08987547374120194,0.11159305993690852,0.38172061878545166,0.6921680826504815,0.9948684415513884,0.7634412375709033,0.6921680826504815,0.6632456277009257,0.28209109730848864,0.2900059488399762,0.27785175321793165,97.5,100.0,5743,10274,4431,230,178,1415,0.04004875500609437,0.017325287132567646,0.319341006544798,0.7000000000000001,0.6000000000000001,0.8,0.30000000000000004,85.0,30.0,65.0,0.6000000000000001,0.5,0.9,0.30000000000000004,85.0,20.0,75.0,10393,7512,2881,10393,0.2772058116039642,0.4032433770679026,0.5,0.8064867541358052,2564,0.34132055378061765,1.0,1
"iteration_3","SCOPE_DATA_COLLECTION",1800,9,610.0,670.0,1,10535,7381,2532,10406,7560,2631,9660,6724,2253,876,664,283,0.08314350797266515,0.08987547374120194,0.11159305993690852,0.38172061878545166,0.6921680826504815,0.9948684415513884,0.7634412375709033,0.6921680826504815,0.6632456277009257,0.28209109730848864,0.2900059488399762,0.27785175321793165,97.5,100.0,5743,10274,4431,230,178,1415,0.04004875500609437,0.017325287132567646,0.319341006544798,0.7000000000000001,0.6000000000000001,0.8,0.30000000000000004,85.0,30.0,65.0,0.6000000000000001,0.5,0.9,0.30000000000000004,85.0,20.0,75.0,7541,5362,2179,7541,0.28895371966582684,0.7627148617640821,1.0,0.7627148617640821,1937,0.3612458038045505,1.0,1
"iteration_3","SCOPE_DATA_COLLECTION",1800,9,610.0,670.0,2,10535,7381,2532,10406,7560,2631,9660,6724,2253,876,664,283,0.08314350797266515,0.08987547374120194,0.11159305993690852,0.38172061878545166,0.6921680826504815,0.9948684415513884,0.7634412375709033,0.6921680826504815,0.6632456277009257,0.28209109730848864,0.2900059488399762,0.27785175321793165,97.5,100.0,5743,10274,4431,230,178,1415,0.04004875500609437,0.017325287132567646,0.319341006544798,0.7000000000000001,0.6000000000000001,0.8,0.30000000000000004,85.0,30.0,65.0,0.6000000000000001,0.5,0.9,0.30000000000000004,85.0,20.0,75.0,2629,1889,740,2629,0.2814758463294028,1.1006708174935778,1.5,0.7337805449957185,682,0.3610375860243515,1.0,1
"iteration_3","SCOPE_DATA_COLLECTION",1800,10,670.0,730.0,0,10393,7541,2629,10535,7381,2532,7539,5381,1881,2881,2179,740,0.27648752399232246,0.2882275132275132,0.2823349866463182,0.40481621139484136,0.7604217130016058,1.0960633161824382,0.8096324227896827,0.7604217130016058,0.7307088774549588,0.34288367157447935,0.3622003345103141,0.3593833067517278,97.5,100.0,5624,8992,5947,254,91,5455,0.04516358463726885,0.010120106761565837,0.9172692113670758,0.6000000000000001,0.5,0.9,0.30000000000000004,85.0,20.0,75.0,0.9500000000000001,0.8,0.7000000000000001,0.9,25.0,55.0,55.0,10496,4391,6105,10496,0.5816501524390244,0.6522941803832042,0.5,1.3045883607664084,2858,0.6508767934411296,1.0,1
"iteration_3","SCOPE_DATA_COLLECTION",1800,10,670.0,730.0,1,10393,7541,2629,10535,7381,2532,7539,5381,1881,2881,2179,740,0.27648752399232246,0.2882275132275132,0.2823349866463182,0.40481621139484136,0.7604217130016058,1.0960633161824382,0.8096324227896827,0.7604217130016058,0.7307088774549588,0.34288367157447935,0.3622003345103141,0.3593833067517278,97.5,100.0,5624,8992,5947,254,91,5455,0.04516358463726885,0.010120106761565837,0.9172692113670758,0.6000000000000001,0.5,0.9,0.30000000000000004,85.0,20.0,75.0,0.9500000000000001,0.8,0.7000000000000001,0.9,25.0,55.0,55.0,7635,3039,4596,7635,0.6019646365422396,1.2445024149273787,1.0,1.2445024149273787,2084,0.6857518920697598,1.0,1
"iteration_3","SCOPE_DATA_COLLECTION",1800,10,670.0,730.0,2,10393,7541,2629,10535,7381,2532,7539,5381,1881,2881,2179,740,0.27648752399232246,0.2882275132275132,0.2823349866463182,0.40481621139484136,0.7604217130016058,1.0960633161824382,0.8096324227896827,0.7604217130016058,0.7307088774549588,0.34288367157447935,0.3622003345103141,0.3593833067517278,97.5,100.0,5624,8992,5947,254,91,5455,0.04516358463726885,0.010120106761565837,0.9172692113670758,0.6000000000000001,0.5,0.9,0.30000000000000004,85.0,20.0,75.0,0.9500000000000001,0.8,0.7000000000000001,0.9,25.0,55.0,55.0,2584,907,1677,2584,0.6489938080495357,1.7825384470366352,1.5,1.1883589646910901,600,0.6615214994487321,1.0,1
"iteration_3","SCOPE_DATA_COLLECTION",1800,11,730.0,790.0,0,10496,7635,2584,10393,7541,2629,4395,3047,913,6099,4592,1677,0.5811892510005717,0.6011258018065192,0.6474903474903475,0.6516409040998374,1.2417056564900422,1.766420486286774,1.3032818081996749,1.2417056564900422,1.177613657524516,0.6498293515358362,0.6836232359698063,0.6538882803943045,100.0,100.0,5951,14031,733,310,12048,10,0.0520920853638044,0.8586700876630319,0.013642564802182811,0.9500000000000001,0.8,0.7000000000000001,0.9,25.0,55.0,55.0,0.35000000000000003,0.6000000000000001,0.8,0.5,70.0,25.0,55.0,10660,5599,5061,10660,0.474765478424015,0.4628295902900846,0.5,0.9256591805801692,2530,0.4518664047151277,1.0,1
"iteration_3","SCOPE_DATA_COLLECTION",1800,11,730.0,790.0,1,10496,7635,2584,10393,7541,2629,4395,3047,913,6099,4592,1677,0.5811892510005717,0.6011258018065192,0.6474903474903475,0.6516409040998374,1.2417056564900422,1.766420486286774,1.3032818081996749,1.2417056564900422,1.177613657524516,0.6498293515358362,0.6836232359698063,0.6538882803943045,100.0,100.0,5951,14031,733,310,12048,10,0.0520920853638044,0.8586700876630319,0.013642564802182811,0.9500000000000001,0.8,0.7000000000000001,0.9,25.0,55.0,55.0,0.35000000000000003,0.6000000000000001,0.8,0.5,70.0,25.0,55.0,7563,3877,3686,7563,0.4873727356868967,0.9325905700323687,1.0,0.9325905700323687,1934,0.4988393087438741,1.0,1
"iteration_3","SCOPE_DATA_COLLECTION",1800,11,730.0,790.0,2,10496,7635,2584,10393,7541,2629,4395,3047,913,6099,4592,1677,0.5811892510005717,0.6011258018065192,0.6474903474903475,0.6516409040998374,1.2417056564900422,1.766420486286774,1.3032818081996749,1.2417056564900422,1.177613657524516,0.6498293515358362,0.6836232359698063,0.6538882803943045,100.0,100.0,5951,14031,733,310,12048,10,0.0520920853638044,0.8586700876630319,0.013642564802182811,0.9500000000000001,0.8,0.7000000000000001,0.9,25.0,55.0,55.0,0.35000000000000003,0.6000000000000001,0.8,0.5,70.0,25.0,55.0,2578,1265,1313,2578,0.5093095422808379,1.3501103888953845,1.5,0.900073592596923,618,0.48853754940711464,1.0,1
"iteration_3","SCOPE_DATA_COLLECTION",1800,12,790.0,850.0,0,10660,7563,2578,10496,7635,2584,5575,3890,1267,5067,3690,1313,0.47613230595752676,0.4868073878627968,0.5089147286821706,0.4603955902557824,0.9389690580048258,1.3570888516937374,0.9207911805115648,0.9389690580048258,0.9047259011291583,0.44968609865470854,0.5025706940874036,0.49171270718232046,95.0,100.0,5745,5276,9780,280,70,9720,0.04873803307223673,0.013267626990144048,0.9938650306748467,0.35000000000000003,0.6000000000000001,0.8,0.5,70.0,25.0,55.0,0.35000000000000003,0.6000000000000001,0.9,0.6000000000000001,70.0,35.0,55.0,10409,5488,4921,10409,0.47276395427034296,0.4756343379007547,0.5,0.9512686758015094,2549,0.46446793002915454,1.0,1
"iteration_3","SCOPE_DATA_COLLECTION",1800,12,790.0,850.0,1,10660,7563,2578,10496,7635,2584,5575,3890,1267,5067,3690,1313,0.47613230595752676,0.4868073878627968,0.5089147286821706,0.4603955902557824,0.9389690580048258,1.3570888516937374,0.9207911805115648,0.9389690580048258,0.9047259011291583,0.44968609865470854,0.5025706940874036,0.49171270718232046,95.0,100.0,5745,5276,9780,280,70,9720,0.04873803307223673,0.013267626990144048,0.9938650306748467,0.35000000000000003,0.6000000000000001,0.8,0.5,70.0,25.0,55.0,0.35000000000000003,0.6000000000000001,0.9,0.6000000000000001,70.0,35.0,55.0,7559,3869,3690,7559,0.48815980949861093,0.9448842887607732,1.0,0.9448842887607732,1945,0.5027138795554407,1.0,1
"iteration_3","SCOPE_DATA_COLLECTION",1800,12,790.0,850.0,2,10660,7563,2578,10496,7635,2584,5575,3890,1267,5067,3690,1313,0.47613230595752676,0.4868073878627968,0.5089147286821706,0.4603955902557824,0.9389690580048258,1.3570888516937374,0.9207911805115648,0.9389690580048258,0.9047259011291583,0.44968609865470854,0.5025706940874036,0.49171270718232046,95.0,100.0,5745,5276,9780,280,70,9720,0.04873803307223673,0.013267626990144048,0.9938650306748467,0.35000000000000003,0.6000000000000001,0.8,0.5,70.0,25.0,55.0,0.35000000000000003,0.6000000000000001,0.9,0.6000000000000001,70.0,35.0,55.0,2467,1233,1234,2467,0.5002026753141467,1.3765194544616943,1.5,0.9176796363077963,619,0.5020275750202757,1.0,1
"iteration_3","SCOPE_DATA_COLLECTION",1800,13,850.0,910.0,0,10409,7559,2467,10660,7563,2578,5500,3866,1232,4921,3690,1234,0.4722195566644276,0.48835362625727896,0.5004055150040552,0.47735874256303545,0.9438420074973772,1.376891015720324,0.9547174851260709,0.9438420074973772,0.9179273438135493,0.46636363636363637,0.5025866528711846,0.5016233766233766,100.0,100.0,5783,5098,9554,290,1,9554,0.05014698253501643,1.9615535504119262E-4,1.0,0.35000000000000003,0.6000000000000001,0.9,0.6000000000000001,70.0,35.0,55.0,0.25,0.6000000000000001,0.8,0.7000000000000001,70.0,45.0,55.0,10421,4734,5687,10421,0.5457249784089818,0.5401361190886302,0.5,1.0802722381772605,2587,0.5464723278411492,1.0,1
"iteration_3","SCOPE_DATA_COLLECTION",1800,13,850.0,910.0,1,10409,7559,2467,10660,7563,2578,5500,3866,1232,4921,3690,1234,0.4722195566644276,0.48835362625727896,0.5004055150040552,0.47735874256303545,0.9438420074973772,1.376891015720324,0.9547174851260709,0.9438420074973772,0.9179273438135493,0.46636363636363637,0.5025866528711846,0.5016233766233766,100.0,100.0,5783,5098,9554,290,1,9554,0.05014698253501643,1.9615535504119262E-4,1.0,0.35000000000000003,0.6000000000000001,0.9,0.6000000000000001,70.0,35.0,55.0,0.25,0.6000000000000001,0.8,0.7000000000000001,70.0,45.0,55.0,7449,3397,4052,7449,0.5439656329708685,1.0629091778393442,1.0,1.0629091778393442,2006,0.5905210479835149,1.0,1
"iteration_3","SCOPE_DATA_COLLECTION",1800,13,850.0,910.0,2,10409,7559,2467,10660,7563,2578,5500,3866,1232,4921,3690,1234,0.4722195566644276,0.48835362625727896,0.5004055150040552,0.47735874256303545,0.9438420074973772,1.376891015720324,0.9547174851260709,0.9438420074973772,0.9179273438135493,0.46636363636363637,0.5025866528711846,0.5016233766233766,100.0,100.0,5783,5098,9554,290,1,9554,0.05014698253501643,1.9615535504119262E-4,1.0,0.35000000000000003,0.6000000000000001,0.9,0.6000000000000001,70.0,35.0,55.0,0.25,0.6000000000000001,0.8,0.7000000000000001,70.0,45.0,55.0,2518,1030,1488,2518,0.5909451945988881,1.5437373839260602,1.5,1.0291582559507069,598,0.5805825242718446,1.0,1
"iteration_3","SCOPE_DATA_COLLECTION",1800,14,910.0,970.0,0,10421,7449,2518,10409,7559,2467,4729,3389,1034,5687,4051,1488,0.5459869431643625,0.5444892473118279,0.5900079302141158,0.5393009468477452,1.0607625872327737,1.5488807471804718,1.0786018936954904,1.0607625872327737,1.032587164786981,0.545146965531825,0.5889642962525818,0.5831721470019342,100.0,100.0,5837,3604,10947,277,2,10947,0.04745588487236594,5.549389567147614E-4,1.0,0.25,0.6000000000000001,0.8,0.7000000000000001,70.0,45.0,55.0,0.25,0.5,0.9,0.8,70.0,35.0,55.0,10567,4906,5661,10567,0.5357244250970001,0.5317918546628132,0.5,1.0635837093256264,2673,0.5448430493273543,1.0,1
"iteration_3","SCOPE_DATA_COLLECTION",1800,14,910.0,970.0,1,10421,7449,2518,10409,7559,2467,4729,3389,1034,5687,4051,1488,0.5459869431643625,0.5444892473118279,0.5900079302141158,0.5393009468477452,1.0607625872327737,1.5488807471804718,1.0786018936954904,1.0607625872327737,1.032587164786981,0.545146965531825,0.5889642962525818,0.5831721470019342,100.0,100.0,5837,3604,10947,277,2,10947,0.04745588487236594,5.549389567147614E-4,1.0,0.25,0.6000000000000001,0.8,0.7000000000000001,70.0,45.0,55.0,0.25,0.5,0.9,0.8,70.0,35.0,55.0,7621,3363,4258,7621,0.5587193281721559,1.0697174587028468,1.0,1.0697174587028468,1956,0.5816235504014273,1.0,1
"iteration_3","SCOPE_DATA_COLLECTION",1800,14,910.0,970.0,2,10421,7449,2518,10409,7559,2467,4729,3389,1034,5687,4051,1488,0.5459869431643625,0.5444892473118279,0.5900079302141158,0.5393009468477452,1.0607625872327737,1.5488807471804718,1.0786018936954904,1.0607625872327737,1.032587164786981,0.545146965531825,0.5889642962525818,0.5831721470019342,100.0,100.0,5837,3604,10947,277,2,10947,0.04745588487236594,5.549389567147614E-4,1.0,0.25,0.6000000000000001,0.8,0.7000000000000001,70.0,45.0,55.0,0.25,0.5,0.9,0.8,70.0,35.0,55.0,2604,1093,1511,2604,0.5802611367127496,1.5237374056586517,1.5,1.0158249371057677,612,0.5599268069533394,1.0,1
"iteration_3","SCOPE_DATA_COLLECTION",1800,15,970.0,1030.0,0,10567,7621,2604,10421,7449,2518,4912,3370,1088,5661,4259,1511,0.5354204104795233,0.5582645169747018,0.5813774528664871,0.532588128995787,1.0717151767006043,1.518283019610601,1.065176257991574,1.0717151767006043,1.0121886797404007,0.5460097719869706,0.5818991097922849,0.5588235294117647,97.5,100.0,5879,3793,11120,310,1,11120,0.05273005613199524,2.636435539151068E-4,1.0,0.25,0.5,0.9,0.8,70.0,35.0,55.0,0.05,0.8,0.30000000000000004,0.30000000000000004,30.0,95.0,60.0,10337,3172,7165,10337,0.693141143465222,0.6800649414751788,0.5,1.3601298829503576,2394,0.7547288776796973,1.0,1
"iteration_3","SCOPE_DATA_COLLECTION",1800,15,970.0,1030.0,1,10567,7621,2604,10421,7449,2518,4912,3370,1088,5661,4259,1511,0.5354204104795233,0.5582645169747018,0.5813774528664871,0.532588128995787,1.0717151767006043,1.518283019610601,1.065176257991574,1.0717151767006043,1.0121886797404007,0.5460097719869706,0.5818991097922849,0.5588235294117647,97.5,100.0,5879,3793,11120,310,1,11120,0.05273005613199524,2.636435539151068E-4,1.0,0.25,0.5,0.9,0.8,70.0,35.0,55.0,0.05,0.8,0.30000000000000004,0.30000000000000004,30.0,95.0,60.0,7742,2279,5463,7742,0.7056316197365022,1.37129469266015,1.0,1.37129469266015,1951,0.8560772268538833,1.0,1
"iteration_3","SCOPE_DATA_COLLECTION",1800,15,970.0,1030.0,2,10567,7621,2604,10421,7449,2518,4912,3370,1088,5661,4259,1511,0.5354204104795233,0.5582645169747018,0.5813774528664871,0.532588128995787,1.0717151767006043,1.518283019610601,1.065176257991574,1.0717151767006043,1.0121886797404007,0.5460097719869706,0.5818991097922849,0.5588235294117647,97.5,100.0,5879,3793,11120,310,1,11120,0.05273005613199524,2.636435539151068E-4,1.0,0.25,0.5,0.9,0.8,70.0,35.0,55.0,0.05,0.8,0.30000000000000004,0.30000000000000004,30.0,95.0,60.0,2556,715,1841,2556,0.7202660406885759,2.124150357905234,1.5,1.4161002386034893,633,0.8853146853146853,1.0,1
"iteration_3","SCOPE_DATA_COLLECTION",1800,16,1030.0,1090.0,0,10337,7742,2556,10567,7621,2604,3171,2273,713,7165,5463,1841,0.6932082043343654,0.7061789038262668,0.7208300704776821,0.6784194344696611,1.3678540152138203,2.119220234857734,1.3568388689393223,1.3678540152138203,1.412813489905156,0.7533900977609587,0.8552573691157062,0.8807854137447405,100.0,100.0,5580,776,14279,189,1,14279,0.03387096774193549,0.001288659793814433,1.0,0.05,0.8,0.30000000000000004,0.30000000000000004,30.0,95.0,60.0,0.5,0.9,0.30000000000000004,0.7000000000000001,55.0,90.0,85.0,10516,6636,3880,10516,0.3689615823507037,0.40108019963493285,0.5,0.8021603992698657,2406,0.36256781193490056,1.0,1
"iteration_3","SCOPE_DATA_COLLECTION",1800,16,1030.0,1090.0,1,10337,7742,2556,10567,7621,2604,3171,2273,713,7165,5463,1841,0.6932082043343654,0.7061789038262668,0.7208300704776821,0.6784194344696611,1.3678540152138203,2.119220234857734,1.3568388689393223,1.3678540152138203,1.412813489905156,0.7533900977609587,0.8552573691157062,0.8807854137447405,100.0,100.0,5580,776,14279,189,1,14279,0.03387096774193549,0.001288659793814433,1.0,0.05,0.8,0.30000000000000004,0.30000000000000004,30.0,95.0,60.0,0.5,0.9,0.30000000000000004,0.7000000000000001,55.0,90.0,85.0,7657,4765,2892,7657,0.3776936136868225,0.7748619506752157,1.0,0.7748619506752157,1919,0.40272822665267577,1.0,1
"iteration_3","SCOPE_DATA_COLLECTION",1800,16,1030.0,1090.0,2,10337,7742,2556,10567,7621,2604,3171,2273,713,7165,5463,1841,0.6932082043343654,0.7061789038262668,0.7208300704776821,0.6784194344696611,1.3678540152138203,2.119220234857734,1.3568388689393223,1.3678540152138203,1.412813489905156,0.7533900977609587,0.8552573691157062,0.8807854137447405,100.0,100.0,5580,776,14279,189,1,14279,0.03387096774193549,0.001288659793814433,1.0,0.05,0.8,0.30000000000000004,0.30000000000000004,30.0,95.0,60.0,0.5,0.9,0.30000000000000004,0.7000000000000001,55.0,90.0,85.0,2556,1564,992,2556,0.38810641627543035,1.1711448171430858,1.5,0.7807632114287238,624,0.3989769820971867,1.0,1
"iteration_3","SCOPE_DATA_COLLECTION",1800,17,1090.0,1150.0,0,10516,7657,2556,10337,7742,2556,6637,4761,1569,3880,2892,992,0.3689264999524579,0.377891023128185,0.3873486919172198,0.401411410308618,0.7784737402353313,1.1791188272687687,0.802822820617236,0.7784737402353313,0.7860792181791791,0.36356787705288535,0.40411678218861585,0.4021669853409815,100.0,100.0,5573,7622,7534,222,8,7534,0.03983491835636103,0.0010495932826029913,1.0,0.5,0.9,0.30000000000000004,0.7000000000000001,55.0,90.0,85.0,0.30000000000000004,0.8,0.1,0.4,35.0,35.0,45.0,10302,5002,5300,10302,0.514463211026985,0.4741447993987214,0.5,0.9482895987974428,2344,0.4686125549780088,1.0,1
"iteration_3","SCOPE_DATA_COLLECTION",1800,17,1090.0,1150.0,1,10516,7657,2556,10337,7742,2556,6637,4761,1569,3880,2892,992,0.3689264999524579,0.377891023128185,0.3873486919172198,0.401411410308618,0.7784737402353313,1.1791188272687687,0.802822820617236,0.7784737402353313,0.7860792181791791,0.36356787705288535,0.40411678218861585,0.4021669853409815,100.0,100.0,5573,7622,7534,222,8,7534,0.03983491835636103,0.0010495932826029913,1.0,0.5,0.9,0.30000000000000004,0.7000000000000001,55.0,90.0,85.0,0.30000000000000004,0.8,0.1,0.4,35.0,35.0,45.0,7506,3636,3870,7506,0.5155875299760192,0.8444292887263725,1.0,0.8444292887263725,1881,0.5173267326732673,1.0,1
"iteration_3","SCOPE_DATA_COLLECTION",1800,17,1090.0,1150.0,2,10516,7657,2556,10337,7742,2556,6637,4761,1569,3880,2892,992,0.3689264999524579,0.377891023128185,0.3873486919172198,0.401411410308618,0.7784737402353313,1.1791188272687687,0.802822820617236,0.7784737402353313,0.7860792181791791,0.36356787705288535,0.40411678218861585,0.4021669853409815,100.0,100.0,5573,7622,7534,222,8,7534,0.03983491835636103,0.0010495932826029913,1.0,0.5,0.9,0.30000000000000004,0.7000000000000001,55.0,90.0,85.0,0.30000000000000004,0.8,0.1,0.4,35.0,35.0,45.0,2536,1166,1370,2536,0.5402208201892744,1.4658050945634402,1.5,0.9772033963756268,651,0.5583190394511149,1.0,1
"iteration_3","SCOPE_DATA_COLLECTION",1800,18,1150.0,1210.0,0,10302,7506,2536,10516,7657,2556,4999,3645,1170,5300,3870,1370,0.5146130692300224,0.5149700598802395,0.5393700787401575,0.4750993096632499,0.8449586563918619,1.4625616645153263,0.9501986193264998,0.8449586563918619,0.9750411096768842,0.46929385877175434,0.5160493827160494,0.5581196581196581,100.0,100.0,5426,4479,10439,99,2,10439,0.018245484703280503,4.4652824291136416E-4,1.0,0.30000000000000004,0.8,0.1,0.4,35.0,35.0,45.0,0.2,0.9,0.1,0.30000000000000004,25.0,35.0,55.0,10532,4232,6300,10532,0.5981769844284086,0.5307374842156837,0.5,1.0614749684313673,2304,0.5444234404536862,1.0,1
"iteration_3","SCOPE_DATA_COLLECTION",1800,18,1150.0,1210.0,1,10302,7506,2536,10516,7657,2556,4999,3645,1170,5300,3870,1370,0.5146130692300224,0.5149700598802395,0.5393700787401575,0.4750993096632499,0.8449586563918619,1.4625616645153263,0.9501986193264998,0.8449586563918619,0.9750411096768842,0.46929385877175434,0.5160493827160494,0.5581196581196581,100.0,100.0,5426,4479,10439,99,2,10439,0.018245484703280503,4.4652824291136416E-4,1.0,0.30000000000000004,0.8,0.1,0.4,35.0,35.0,45.0,0.2,0.9,0.1,0.30000000000000004,25.0,35.0,55.0,7641,3068,4573,7641,0.5984818741002487,0.9336744252987604,1.0,0.9336744252987604,1844,0.6010430247718384,1.0,1
"iteration_3","SCOPE_DATA_COLLECTION",1800,18,1150.0,1210.0,2,10302,7506,2536,10516,7657,2556,4999,3645,1170,5300,3870,1370,0.5146130692300224,0.5149700598802395,0.5393700787401575,0.4750993096632499,0.8449586563918619,1.4625616645153263,0.9501986193264998,0.8449586563918619,0.9750411096768842,0.46929385877175434,0.5160493827160494,0.5581196581196581,100.0,100.0,5426,4479,10439,99,2,10439,0.018245484703280503,4.4652824291136416E-4,1.0,0.30000000000000004,0.8,0.1,0.4,35.0,35.0,45.0,0.2,0.9,0.1,0.30000000000000004,25.0,35.0,55.0,2616,1038,1578,2616,0.6032110091743119,1.534598880334796,1.5,1.0230659202231973,628,0.605009633911368,1.0,1
"iteration_3","SCOPE_DATA_COLLECTION",1800,19,1210.0,1270.0,0,10532,7641,2616,10302,7506,2536,4238,3062,1032,6300,4573,1578,0.5978364015942303,0.5989521938441388,0.6045977011494252,0.5300349872516716,0.933150441966785,1.5299278368830627,1.0600699745033433,0.933150441966785,1.019951891255375,0.5438886267107126,0.6018941868060091,0.6027131782945736,100.0,100.0,5346,3078,12365,84,2,12365,0.015712682379349047,6.49772579597141E-4,1.0,0.2,0.9,0.1,0.30000000000000004,25.0,35.0,55.0,0.1,0.2,0.8,0.4,30.0,80.0,25.0,10416,3531,6885,10416,0.6610023041474654,0.5643208025274097,0.5,1.1286416050548194,2176,0.616256018125177,1.0,1
"iteration_3","SCOPE_DATA_COLLECTION",1800,19,1210.0,1270.0,1,10532,7641,2616,10302,7506,2536,4238,3062,1032,6300,4573,1578,0.5978364015942303,0.5989521938441388,0.6045977011494252,0.5300349872516716,0.933150441966785,1.5299278368830627,1.0600699745033433,0.933150441966785,1.019951891255375,0.5438886267107126,0.6018941868060091,0.6027131782945736,100.0,100.0,5346,3078,12365,84,2,12365,0.015712682379349047,6.49772579597141E-4,1.0,0.2,0.9,0.1,0.30000000000000004,25.0,35.0,55.0,0.1,0.2,0.8,0.4,30.0,80.0,25.0,7548,2577,4971,7548,0.6585850556438791,1.336444635929457,1.0,1.336444635929457,2031,0.7881257275902211,1.0,1
"iteration_3","SCOPE_DATA_COLLECTION",1800,19,1210.0,1270.0,2,10532,7641,2616,10302,7506,2536,4238,3062,1032,6300,4573,1578,0.5978364015942303,0.5989521938441388,0.6045977011494252,0.5300349872516716,0.933150441966785,1.5299278368830627,1.0600699745033433,0.933150441966785,1.019951891255375,0.5438886267107126,0.6018941868060091,0.6027131782945736,100.0,100.0,5346,3078,12365,84,2,12365,0.015712682379349047,6.49772579597141E-4,1.0,0.2,0.9,0.1,0.30000000000000004,25.0,35.0,55.0,0.1,0.2,0.8,0.4,30.0,80.0,25.0,2527,774,1753,2527,0.6937079540957657,1.9485879811147777,1.5,1.2990586540765185,610,0.7881136950904393,1.0,1
"iteration_3","SCOPE_DATA_COLLECTION",1800,20,1270.0,1330.0,0,10416,7548,2527,10532,7641,2616,3520,2575,779,6885,4971,1753,0.6617011052378664,0.6587596077391996,0.6923380726698263,0.5640610456817882,1.3291932617552653,1.9517655644548078,1.1281220913635763,1.3291932617552653,1.301177042969872,0.6136363636363636,0.785242718446602,0.7894736842105263,100.0,100.0,5639,1444,13408,201,0,13408,0.03564461784004256,0.0,1.0,0.1,0.2,0.8,0.4,30.0,80.0,25.0,0.2,0.2,0.7000000000000001,0.4,30.0,80.0,35.0,10615,4483,6132,10615,0.5776731040979746,0.4922197365473579,0.5,0.9844394730947158,2349,0.5239794780281062,1.0,1
"iteration_3","SCOPE_DATA_COLLECTION",1800,20,1270.0,1330.0,1,10416,7548,2527,10532,7641,2616,3520,2575,779,6885,4971,1753,0.6617011052378664,0.6587596077391996,0.6923380726698263,0.5640610456817882,1.3291932617552653,1.9517655644548078,1.1281220913635763,1.3291932617552653,1.301177042969872,0.6136363636363636,0.785242718446602,0.7894736842105263,100.0,100.0,5639,1444,13408,201,0,13408,0.03564461784004256,0.0,1.0,0.1,0.2,0.8,0.4,30.0,80.0,25.0,0.2,0.2,0.7000000000000001,0.4,30.0,80.0,35.0,7686,3088,4598,7686,0.5982305490502212,1.1118752415783466,1.0,1.1118752415783466,1979,0.6408678756476683,1.0,1
"iteration_3","SCOPE_DATA_COLLECTION",1800,20,1270.0,1330.0,2,10416,7548,2527,10532,7641,2616,3520,2575,779,6885,4971,1753,0.6617011052378664,0.6587596077391996,0.6923380726698263,0.5640610456817882,1.3291932617552653,1.9517655644548078,1.1281220913635763,1.3291932617552653,1.301177042969872,0.6136363636363636,0.785242718446602,0.7894736842105263,100.0,100.0,5639,1444,13408,201,0,13408,0.03564461784004256,0.0,1.0,0.1,0.2,0.8,0.4,30.0,80.0,25.0,0.2,0.2,0.7000000000000001,0.4,30.0,80.0,35.0,2505,974,1531,2505,0.6111776447105789,1.6040980257276956,1.5,1.0693986838184637,604,0.6201232032854209,1.0,1
"iteration_3","SCOPE_DATA_COLLECTION",1800,21,1330.0,1390.0,0,10615,7686,2505,10416,7548,2527,4483,3078,980,6132,4596,1531,0.5776731040979746,0.5989053948397185,0.6097172441258463,0.49172244267799514,1.1098755281077055,1.60608955985945,0.9834448853559903,1.1098755281077055,1.0707263732396333,0.5248717376756636,0.6403508771929824,0.6214285714285714,100.0,100.0,5777,2975,12054,204,1,12054,0.03531244590617968,3.361344537815126E-4,1.0,0.2,0.2,0.7000000000000001,0.4,30.0,80.0,35.0,0.2,0.30000000000000004,0.6000000000000001,0.4,30.0,80.0,35.0,10567,4479,6088,10567,0.5761332450080439,0.5164997704200416,0.5,1.0329995408400832,2445,0.5458807769591426,1.0,1
"iteration_3","SCOPE_DATA_COLLECTION",1800,21,1330.0,1390.0,1,10615,7686,2505,10416,7548,2527,4483,3078,980,6132,4596,1531,0.5776731040979746,0.5989053948397185,0.6097172441258463,0.49172244267799514,1.1098755281077055,1.60608955985945,0.9834448853559903,1.1098755281077055,1.0707263732396333,0.5248717376756636,0.6403508771929824,0.6214285714285714,100.0,100.0,5777,2975,12054,204,1,12054,0.03531244590617968,3.361344537815126E-4,1.0,0.2,0.2,0.7000000000000001,0.4,30.0,80.0,35.0,0.2,0.30000000000000004,0.6000000000000001,0.4,30.0,80.0,35.0,7567,2982,4585,7567,0.6059204440333025,1.100445388001588,1.0,1.100445388001588,1883,0.6314553990610329,1.0,1
"iteration_3","SCOPE_DATA_COLLECTION",1800,21,1330.0,1390.0,2,10615,7686,2505,10416,7548,2527,4483,3078,980,6132,4596,1531,0.5776731040979746,0.5989053948397185,0.6097172441258463,0.49172244267799514,1.1098755281077055,1.60608955985945,0.9834448853559903,1.1098755281077055,1.0707263732396333,0.5248717376756636,0.6403508771929824,0.6214285714285714,100.0,100.0,5777,2975,12054,204,1,12054,0.03531244590617968,3.361344537815126E-4,1.0,0.2,0.2,0.7000000000000001,0.4,30.0,80.0,35.0,0.2,0.30000000000000004,0.6000000000000001,0.4,30.0,80.0,35.0,2520,1008,1512,2520,0.6,1.6197771919289785,1.5,1.0798514612859857,631,0.6259920634920635,1.0,1
"iteration_3","SCOPE_DATA_COLLECTION",1800,22,1390.0,1450.0,0,10567,7567,2520,10615,7686,2505,4486,2986,1004,6088,4587,1512,0.5757518441460185,0.6057044764294203,0.6009538950715422,0.5171545110788746,1.1026994273045478,1.6179106723863117,1.0343090221577491,1.1026994273045478,1.0786071149242078,0.5465893892108783,0.6326188881446752,0.6245019920318725,100.0,100.0,5694,2986,11974,211,2,11974,0.03705655075518089,6.697923643670462E-4,1.0,0.2,0.30000000000000004,0.6000000000000001,0.4,30.0,80.0,35.0,0.2,0.2,0.6000000000000001,0.30000000000000004,30.0,80.0,35.0,10360,4353,6007,10360,0.5798262548262548,0.4842035245634874,0.5,0.9684070491269748,2206,0.5067769354468182,1.0,1
"iteration_3","SCOPE_DATA_COLLECTION",1800,22,1390.0,1450.0,1,10567,7567,2520,10615,7686,2505,4486,2986,1004,6088,4587,1512,0.5757518441460185,0.6057044764294203,0.6009538950715422,0.5171545110788746,1.1026994273045478,1.6179106723863117,1.0343090221577491,1.1026994273045478,1.0786071149242078,0.5465893892108783,0.6326188881446752,0.6245019920318725,100.0,100.0,5694,2986,11974,211,2,11974,0.03705655075518089,6.697923643670462E-4,1.0,0.2,0.30000000000000004,0.6000000000000001,0.4,30.0,80.0,35.0,0.2,0.2,0.6000000000000001,0.30000000000000004,30.0,80.0,35.0,7610,3139,4471,7610,0.5875164257555847,1.100267018930003,1.0,1.100267018930003,1968,0.6269512583625358,1.0,1
"iteration_3","SCOPE_DATA_COLLECTION",1800,22,1390.0,1450.0,2,10567,7567,2520,10615,7686,2505,4486,2986,1004,6088,4587,1512,0.5757518441460185,0.6057044764294203,0.6009538950715422,0.5171545110788746,1.1026994273045478,1.6179106723863117,1.0343090221577491,1.1026994273045478,1.0786071149242078,0.5465893892108783,0.6326188881446752,0.6245019920318725,100.0,100.0,5694,2986,11974,211,2,11974,0.03705655075518089,6.697923643670462E-4,1.0,0.2,0.30000000000000004,0.6000000000000001,0.4,30.0,80.0,35.0,0.2,0.2,0.6000000000000001,0.30000000000000004,30.0,80.0,35.0,2547,1012,1535,2547,0.6026698076168041,1.59901868933904,1.5,1.0660124595593599,628,0.6205533596837944,1.0,1
"iteration_3","SCOPE_DATA_COLLECTION",1800,23,1450.0,1510.0,0,10360,7610,2547,10567,7567,2520,4380,3146,1002,6007,4471,1535,0.5783190526619814,0.5869764999343574,0.6050453291288924,0.4868295230549212,1.1009155773570023,1.5970340753697678,0.9736590461098424,1.1009155773570023,1.0646893835798452,0.5089041095890411,0.6284170375079466,0.6197604790419161,97.5,100.0,5663,3063,11791,221,1,11791,0.039025251633409856,3.26477309826967E-4,1.0,0.2,0.2,0.6000000000000001,0.30000000000000004,30.0,80.0,35.0,0.30000000000000004,0.30000000000000004,0.6000000000000001,0.4,30.0,90.0,35.0,10301,4954,5347,10301,0.519075817881759,0.4638517123662966,0.5,0.9277034247325932,2305,0.46528058134840533,1.0,1
"iteration_3","SCOPE_DATA_COLLECTION",1800,23,1450.0,1510.0,1,10360,7610,2547,10567,7567,2520,4380,3146,1002,6007,4471,1535,0.5783190526619814,0.5869764999343574,0.6050453291288924,0.4868295230549212,1.1009155773570023,1.5970340753697678,0.9736590461098424,1.1009155773570023,1.0646893835798452,0.5089041095890411,0.6284170375079466,0.6197604790419161,97.5,100.0,5663,3063,11791,221,1,11791,0.039025251633409856,3.26477309826967E-4,1.0,0.2,0.2,0.6000000000000001,0.30000000000000004,30.0,80.0,35.0,0.30000000000000004,0.30000000000000004,0.6000000000000001,0.4,30.0,90.0,35.0,7553,3627,3926,7553,0.5197934595524957,0.9594135938130772,1.0,0.9594135938130772,1913,0.5274331403363661,1.0,1
"iteration_3","SCOPE_DATA_COLLECTION",1800,23,1450.0,1510.0,2,10360,7610,2547,10567,7567,2520,4380,3146,1002,6007,4471,1535,0.5783190526619814,0.5869764999343574,0.6050453291288924,0.4868295230549212,1.1009155773570023,1.5970340753697678,0.9736590461098424,1.1009155773570023,1.0646893835798452,0.5089041095890411,0.6284170375079466,0.6197604790419161,97.5,100.0,5663,3063,11791,221,1,11791,0.039025251633409856,3.26477309826967E-4,1.0,0.2,0.2,0.6000000000000001,0.30000000000000004,30.0,80.0,35.0,0.30000000000000004,0.30000000000000004,0.6000000000000001,0.4,30.0,90.0,35.0,2634,1216,1418,2634,0.5383447228549735,1.45710858293818,1.5,0.9714057219587867,653,0.5370065789473685,1.0,1
"iteration_3","SCOPE_DATA_COLLECTION",1800,24,1510.0,1570.0,0,10301,7553,2634,10360,7610,2547,4927,3613,1216,5347,3925,1418,0.5204399454934787,0.5206951446006899,0.5383447228549735,0.46191513829165326,0.9560527331183545,1.4573796571347166,0.9238302765833065,0.9560527331183545,0.971586438089811,0.46275624112035724,0.5256019928037642,0.537828947368421,100.0,100.0,5648,4431,10409,276,5,10409,0.04886685552407932,0.0011284134506883321,1.0,0.30000000000000004,0.30000000000000004,0.6000000000000001,0.4,30.0,90.0,35.0,0.4,0.4,0.7000000000000001,0.7000000000000001,45.0,35.0,25.0,10479,5880,4599,10479,0.43887775551102204,0.43024587196024117,0.5,0.8604917439204823,2438,0.41462585034013605,1.0,1
"iteration_3","SCOPE_DATA_COLLECTION",1800,24,1510.0,1570.0,1,10301,7553,2634,10360,7610,2547,4927,3613,1216,5347,3925,1418,0.5204399454934787,0.5206951446006899,0.5383447228549735,0.46191513829165326,0.9560527331183545,1.4573796571347166,0.9238302765833065,0.9560527331183545,0.971586438089811,0.46275624112035724,0.5256019928037642,0.537828947368421,100.0,100.0,5648,4431,10409,276,5,10409,0.04886685552407932,0.0011284134506883321,1.0,0.30000000000000004,0.30000000000000004,0.6000000000000001,0.4,30.0,90.0,35.0,0.4,0.4,0.7000000000000001,0.7000000000000001,45.0,35.0,25.0,7498,4192,3306,7498,0.44091757802080556,0.8993390075437728,1.0,0.8993390075437728,2021,0.4821087786259542,1.0,1
"iteration_3","SCOPE_DATA_COLLECTION",1800,24,1510.0,1570.0,2,10301,7553,2634,10360,7610,2547,4927,3613,1216,5347,3925,1418,0.5204399454934787,0.5206951446006899,0.5383447228549735,0.46191513829165326,0.9560527331183545,1.4573796571347166,0.9238302765833065,0.9560527331183545,0.971586438089811,0.46275624112035724,0.5256019928037642,0.537828947368421,100.0,100.0,5648,4431,10409,276,5,10409,0.04886685552407932,0.0011284134506883321,1.0,0.30000000000000004,0.30000000000000004,0.6000000000000001,0.4,30.0,90.0,35.0,0.4,0.4,0.7000000000000001,0.7000000000000001,45.0,35.0,25.0,2512,1321,1191,2512,0.47412420382165604,1.3044343416693636,1.5,0.8696228944462424,610,0.46177138531415596,1.0,1
"iteration_3","SCOPE_DATA_COLLECTION",1800,25,1570.0,1630.0,0,10479,7498,2512,10301,7553,2634,5856,4212,1319,4599,3307,1191,0.4398852223816356,0.4398191248836281,0.4745019920318725,0.4278161718972015,0.9028975650395202,1.298124132757762,0.855632343794403,0.9028975650395202,0.8654160885051746,0.4139344262295082,0.48338081671415006,0.45943896891584535,100.0,100.0,5832,5872,8785,310,2,8785,0.053155006858710566,3.405994550408719E-4,1.0,0.4,0.4,0.7000000000000001,0.7000000000000001,45.0,35.0,25.0,0.4,0.4,0.7000000000000001,0.7000000000000001,45.0,35.0,25.0,10476,5895,4581,10476,0.4372852233676976,0.4359375824257665,0.5,0.871875164851533,2484,0.4213740458015267,1.0,1
"iteration_3","SCOPE_DATA_COLLECTION",1800,25,1570.0,1630.0,1,10479,7498,2512,10301,7553,2634,5856,4212,1319,4599,3307,1191,0.4398852223816356,0.4398191248836281,0.4745019920318725,0.4278161718972015,0.9028975650395202,1.298124132757762,0.855632343794403,0.9028975650395202,0.8654160885051746,0.4139344262295082,0.48338081671415006,0.45943896891584535,100.0,100.0,5832,5872,8785,310,2,8785,0.053155006858710566,3.405994550408719E-4,1.0,0.4,0.4,0.7000000000000001,0.7000000000000001,45.0,35.0,25.0,0.4,0.4,0.7000000000000001,0.7000000000000001,45.0,35.0,25.0,7650,4193,3457,7650,0.45189542483660133,0.8906771757865883,1.0,0.8906771757865883,1977,0.471500119246363,1.0,1
"iteration_3","SCOPE_DATA_COLLECTION",1800,25,1570.0,1630.0,2,10479,7498,2512,10301,7553,2634,5856,4212,1319,4599,3307,1191,0.4398852223816356,0.4398191248836281,0.4745019920318725,0.4278161718972015,0.9028975650395202,1.298124132757762,0.855632343794403,0.9028975650395202,0.8654160885051746,0.4139344262295082,0.48338081671415006,0.45943896891584535,100.0,100.0,5832,5872,8785,310,2,8785,0.053155006858710566,3.405994550408719E-4,1.0,0.4,0.4,0.7000000000000001,0.7000000000000001,45.0,35.0,25.0,0.4,0.4,0.7000000000000001,0.7000000000000001,45.0,35.0,25.0,2562,1325,1237,2562,0.48282591725214674,1.313517226288565,1.5,0.8756781508590433,617,0.4656603773584906,1.0,1
"iteration_3","SCOPE_DATA_COLLECTION",1800,26,1630.0,1690.0,0,10476,7650,2562,10479,7498,2512,5918,4186,1333,4581,3457,1237,0.4363272692637394,0.4523093026298574,0.4813229571984436,0.43856399131025686,0.8934067918361334,1.3208955594492524,0.8771279826205137,0.8934067918361334,0.880597039632835,0.4227779655288949,0.4720496894409938,0.46811702925731435,100.0,100.0,5803,5919,8966,302,7,8966,0.052042047216956745,0.0011826322013853692,1.0,0.4,0.4,0.7000000000000001,0.7000000000000001,45.0,35.0,25.0,0.55,0.7000000000000001,0.5,0.5,85.0,90.0,50.0,10673,7160,3513,10673,0.32914831818607704,0.40061074390035584,0.5,0.8012214878007117,2559,0.3574022346368715,1.0,1
"iteration_3","SCOPE_DATA_COLLECTION",1800,26,1630.0,1690.0,1,10476,7650,2562,10479,7498,2512,5918,4186,1333,4581,3457,1237,0.4363272692637394,0.4523093026298574,0.4813229571984436,0.43856399131025686,0.8934067918361334,1.3208955594492524,0.8771279826205137,0.8934067918361334,0.880597039632835,0.4227779655288949,0.4720496894409938,0.46811702925731435,100.0,100.0,5803,5919,8966,302,7,8966,0.052042047216956745,0.0011826322013853692,1.0,0.4,0.4,0.7000000000000001,0.7000000000000001,45.0,35.0,25.0,0.55,0.7000000000000001,0.5,0.5,85.0,90.0,50.0,7715,5062,2653,7715,0.34387556707712247,0.7743933059236155,1.0,0.7743933059236155,1969,0.3889766890557092,1.0,1
"iteration_3","SCOPE_DATA_COLLECTION",1800,26,1630.0,1690.0,2,10476,7650,2562,10479,7498,2512,5918,4186,1333,4581,3457,1237,0.4363272692637394,0.4523093026298574,0.4813229571984436,0.43856399131025686,0.8934067918361334,1.3208955594492524,0.8771279826205137,0.8934067918361334,0.880597039632835,0.4227779655288949,0.4720496894409938,0.46811702925731435,100.0,100.0,5803,5919,8966,302,7,8966,0.052042047216956745,0.0011826322013853692,1.0,0.4,0.4,0.7000000000000001,0.7000000000000001,45.0,35.0,25.0,0.55,0.7000000000000001,0.5,0.5,85.0,90.0,50.0,2631,1694,937,2631,0.3561383504370962,1.1304629185394839,1.5,0.7536419456929893,629,0.37131050767414403,1.0,1
"iteration_3","SCOPE_DATA_COLLECTION",1800,27,1690.0,1750.0,0,10673,7715,2631,10476,7650,2562,7154,5048,1682,3513,2653,937,0.32933345832942723,0.34450071419296197,0.35777014127529594,0.40028812861027796,0.7727979966340653,1.132848164630017,0.8005762572205559,0.7727979966340653,0.7552321097533446,0.3572826390830305,0.3886687797147385,0.3733650416171225,100.0,100.0,5713,8405,6901,264,5,6834,0.04621039733940137,5.94883997620464E-4,0.9902912621359223,0.55,0.7000000000000001,0.5,0.5,85.0,90.0,50.0,0.55,0.6000000000000001,0.6000000000000001,0.4,85.0,80.0,50.0,10402,7080,3322,10402,0.31936166121899634,0.39504078450921903,0.5,0.7900815690184381,2471,0.34901129943502823,1.0,1
"iteration_3","SCOPE_DATA_COLLECTION",1800,27,1690.0,1750.0,1,10673,7715,2631,10476,7650,2562,7154,5048,1682,3513,2653,937,0.32933345832942723,0.34450071419296197,0.35777014127529594,0.40028812861027796,0.7727979966340653,1.132848164630017,0.8005762572205559,0.7727979966340653,0.7552321097533446,0.3572826390830305,0.3886687797147385,0.3733650416171225,100.0,100.0,5713,8405,6901,264,5,6834,0.04621039733940137,5.94883997620464E-4,0.9902912621359223,0.55,0.7000000000000001,0.5,0.5,85.0,90.0,50.0,0.55,0.6000000000000001,0.6000000000000001,0.4,85.0,80.0,50.0,7665,5093,2572,7665,0.3355512067840835,0.7678979307224952,1.0,0.7678979307224952,1952,0.38327115648929905,1.0,1
"iteration_3","SCOPE_DATA_COLLECTION",1800,27,1690.0,1750.0,2,10673,7715,2631,10476,7650,2562,7154,5048,1682,3513,2653,937,0.32933345832942723,0.34450071419296197,0.35777014127529594,0.40028812861027796,0.7727979966340653,1.132848164630017,0.8005762572205559,0.7727979966340653,0.7552321097533446,0.3572826390830305,0.3886687797147385,0.3733650416171225,100.0,100.0,5713,8405,6901,264,5,6834,0.04621039733940137,5.94883997620464E-4,0.9902912621359223,0.55,0.7000000000000001,0.5,0.5,85.0,90.0,50.0,0.55,0.6000000000000001,0.6000000000000001,0.4,85.0,80.0,50.0,2594,1639,955,2594,0.3681572860447186,1.129450742050365,1.5,0.75296716136691,617,0.3764490543014033,1.0,1
"iteration_3","SCOPE_DATA_COLLECTION",1800,28,1750.0,1810.0,0,10402,7665,2594,10673,7715,2631,7094,5110,1646,3322,2572,955,0.31893241167434716,0.3348086435824004,0.3671664744329104,0.39621543389501807,0.77036888077979,1.131460141552384,0.7924308677900361,0.77036888077979,0.7543067610349227,0.34973216802932056,0.3841487279843444,0.37606318347509116,95.0,100.0,5678,8265,6718,251,4,6594,0.044205706234589644,4.839685420447671E-4,0.9815421256326288,0.55,0.6000000000000001,0.6000000000000001,0.4,85.0,80.0,50.0,0.45,0.7000000000000001,0.7000000000000001,0.5,95.0,70.0,40.0,10704,6322,4382,10704,0.4093796711509716,0.4359520995578919,0.5,0.8719041991157838,2588,0.40936412527681115,1.0,1
"iteration_3","SCOPE_DATA_COLLECTION",1800,28,1750.0,1810.0,1,10402,7665,2594,10673,7715,2631,7094,5110,1646,3322,2572,955,0.31893241167434716,0.3348086435824004,0.3671664744329104,0.39621543389501807,0.77036888077979,1.131460141552384,0.7924308677900361,0.77036888077979,0.7543067610349227,0.34973216802932056,0.3841487279843444,0.37606318347509116,95.0,100.0,5678,8265,6718,251,4,6594,0.044205706234589644,4.839685420447671E-4,0.9815421256326288,0.55,0.6000000000000001,0.6000000000000001,0.4,85.0,80.0,50.0,0.45,0.7000000000000001,0.7000000000000001,0.5,95.0,70.0,40.0,7709,4523,3186,7709,0.4132831755091452,0.8626867987488971,1.0,0.8626867987488971,1997,0.44152111430466506,1.0,1
"iteration_3","SCOPE_DATA_COLLECTION",1800,28,1750.0,1810.0,2,10402,7665,2594,10673,7715,2631,7094,5110,1646,3322,2572,955,0.31893241167434716,0.3348086435824004,0.3671664744329104,0.39621543389501807,0.77036888077979,1.131460141552384,0.7924308677900361,0.77036888077979,0.7543067610349227,0.34973216802932056,0.3841487279843444,0.37606318347509116,95.0,100.0,5678,8265,6718,251,4,6594,0.044205706234589644,4.839685420447671E-4,0.9815421256326288,0.55,0.6000000000000001,0.6000000000000001,0.4,85.0,80.0,50.0,0.45,0.7000000000000001,0.7000000000000001,0.5,95.0,70.0,40.0,2537,1447,1090,2537,0.4296413086322428,1.2484481892763057,1.5,0.8322987928508705,622,0.42985487214927437,1.0,1
"iteration_3","SCOPE_DATA_COLLECTION",1800,29,1810.0,1870.0,0,10704,7709,2537,10402,7665,2594,6306,4527,1447,4382,3186,1090,0.4099925149700599,0.4130688448074679,0.4296413086322428,0.4337019621029912,0.8626164300867243,1.2404609126840866,0.8674039242059824,0.8626164300867243,0.8269739417893911,0.40802410402790995,0.44223547603269275,0.42639944713199723,100.0,100.0,5833,6768,8349,299,10,8349,0.05126007200411452,0.0014775413711583924,1.0,0.45,0.7000000000000001,0.7000000000000001,0.5,95.0,70.0,40.0,0.55,0.6000000000000001,0.7000000000000001,0.6000000000000001,95.0,70.0,40.0,10548,7098,3450,10548,0.32707622298065986,0.4050047352642582,0.5,0.8100094705285164,2587,0.36446886446886445,1.0,1
"iteration_3","SCOPE_DATA_COLLECTION",1800,29,1810.0,1870.0,1,10704,7709,2537,10402,7665,2594,6306,4527,1447,4382,3186,1090,0.4099925149700599,0.4130688448074679,0.4296413086322428,0.4337019621029912,0.8626164300867243,1.2404609126840866,0.8674039242059824,0.8626164300867243,0.8269739417893911,0.40802410402790995,0.44223547603269275,0.42639944713199723,100.0,100.0,5833,6768,8349,299,10,8349,0.05126007200411452,0.0014775413711583924,1.0,0.45,0.7000000000000001,0.7000000000000001,0.5,95.0,70.0,40.0,0.55,0.6000000000000001,0.7000000000000001,0.6000000000000001,95.0,70.0,40.0,7500,4937,2563,7500,0.34173333333333333,0.7863276261933089,1.0,0.7863276261933089,1926,0.39011545472959286,1.0,1
"iteration_3","SCOPE_DATA_COLLECTION",1800,29,1810.0,1870.0,2,10704,7709,2537,10402,7665,2594,6306,4527,1447,4382,3186,1090,0.4099925149700599,0.4130688448074679,0.4296413086322428,0.4337019621029912,0.8626164300867243,1.2404609126840866,0.8674039242059824,0.8626164300867243,0.8269739417893911,0.40802410402790995,0.44223547603269275,0.42639944713199723,100.0,100.0,5833,6768,8349,299,10,8349,0.05126007200411452,0.0014775413711583924,1.0,0.45,0.7000000000000001,0.7000000000000001,0.5,95.0,70.0,40.0,0.55,0.6000000000000001,0.7000000000000001,0.6000000000000001,95.0,70.0,40.0,2467,1591,876,2467,0.3550871503850831,1.1709463189691816,1.5,0.7806308793127877,633,0.3978629792583281,1.0,1
"iteration_3","SCOPE_DATA_COLLECTION",1800,30,1870.0,1930.0,0,10548,7500,2467,10704,7709,2537,7086,4926,1594,3450,2562,876,0.32744874715261957,0.3421474358974359,0.35465587044534413,0.4033372549581636,0.7833240401381196,1.1723655048938042,0.8066745099163272,0.7833240401381196,0.7815770032625361,0.36311035845328815,0.38875355257815675,0.3989962358845671,100.0,100.0,5774,8139,6602,282,4,6602,0.048839625909248355,4.91460867428431E-4,1.0,0.55,0.6000000000000001,0.7000000000000001,0.6000000000000001,95.0,70.0,40.0,0.55,0.5,0.8,0.6000000000000001,95.0,70.0,50.0,10582,7068,3514,10582,0.33207333207333206,0.3967790409441238,0.5,0.7935580818882476,2548,0.36049801924165253,1.0,1
"iteration_3","SCOPE_DATA_COLLECTION",1800,30,1870.0,1930.0,1,10548,7500,2467,10704,7709,2537,7086,4926,1594,3450,2562,876,0.32744874715261957,0.3421474358974359,0.35465587044534413,0.4033372549581636,0.7833240401381196,1.1723655048938042,0.8066745099163272,0.7833240401381196,0.7815770032625361,0.36311035845328815,0.38875355257815675,0.3989962358845671,100.0,100.0,5774,8139,6602,282,4,6602,0.048839625909248355,4.91460867428431E-4,1.0,0.55,0.6000000000000001,0.7000000000000001,0.6000000000000001,95.0,70.0,40.0,0.55,0.5,0.8,0.6000000000000001,95.0,70.0,50.0,7576,4964,2612,7576,0.3447729672650475,0.7764727090935198,1.0,0.7764727090935198,1927,0.38819500402900886,1.0,1
"iteration_3","SCOPE_DATA_COLLECTION",1800,30,1870.0,1930.0,2,10548,7500,2467,10704,7709,2537,7086,4926,1594,3450,2562,876,0.32744874715261957,0.3421474358974359,0.35465587044534413,0.4033372549581636,0.7833240401381196,1.1723655048938042,0.8066745099163272,0.7833240401381196,0.7815770032625361,0.36311035845328815,0.38875355257815675,0.3989962358845671,100.0,100.0,5774,8139,6602,282,4,6602,0.048839625909248355,4.91460867428431E-4,1.0,0.55,0.6000000000000001,0.7000000000000001,0.6000000000000001,95.0,70.0,40.0,0.55,0.5,0.8,0.6000000000000001,95.0,70.0,50.0,2596,1698,898,2596,0.3459167950693374,1.1249302638342171,1.5,0.7499535092228115,624,0.3674911660777385,1.0,1
"iteration_3","SCOPE_DATA_COLLECTION",1800,31,1930.0,1990.0,0,10582,7576,2596,10548,7500,2467,7094,4972,1694,3514,2613,898,0.33125942684766213,0.34449571522742256,0.3464506172839506,0.3995147461387316,0.781389203538004,1.1260196091816548,0.7990294922774632,0.781389203538004,0.7506797394544366,0.36255990978291514,0.3899839098954143,0.36835891381345925,100.0,100.0,5735,8193,6826,250,6,6769,0.043591979075850044,7.323324789454412E-4,0.9916495751538236,0.55,0.5,0.8,0.6000000000000001,95.0,70.0,50.0,0.55,0.5,0.8,0.6000000000000001,95.0,70.0,50.0,10379,7018,3361,10379,0.3238269582811446,0.3950454823404969,0.5,0.7900909646809938,2464,0.3510971786833856,1.0,1
"iteration_3","SCOPE_DATA_COLLECTION",1800,31,1930.0,1990.0,1,10582,7576,2596,10548,7500,2467,7094,4972,1694,3514,2613,898,0.33125942684766213,0.34449571522742256,0.3464506172839506,0.3995147461387316,0.781389203538004,1.1260196091816548,0.7990294922774632,0.781389203538004,0.7506797394544366,0.36255990978291514,0.3899839098954143,0.36835891381345925,100.0,100.0,5735,8193,6826,250,6,6769,0.043591979075850044,7.323324789454412E-4,0.9916495751538236,0.55,0.5,0.8,0.6000000000000001,95.0,70.0,50.0,0.55,0.5,0.8,0.6000000000000001,95.0,70.0,50.0,7560,5062,2498,7560,0.3304232804232804,0.7903341505751493,1.0,0.7903341505751493,1994,0.39391544843935206,1.0,1
"iteration_3","SCOPE_DATA_COLLECTION",1800,31,1930.0,1990.0,2,10582,7576,2596,10548,7500,2467,7094,4972,1694,3514,2613,898,0.33125942684766213,0.34449571522742256,0.3464506172839506,0.3995147461387316,0.781389203538004,1.1260196091816548,0.7990294922774632,0.781389203538004,0.7506797394544366,0.36255990978291514,0.3899839098954143,0.36835891381345925,100.0,100.0,5735,8193,6826,250,6,6769,0.043591979075850044,7.323324789454412E-4,0.9916495751538236,0.55,0.5,0.8,0.6000000000000001,95.0,70.0,50.0,0.55,0.5,0.8,0.6000000000000001,95.0,70.0,50.0,2545,1658,887,2545,0.34852652259332023,1.1369308380565206,1.5,0.7579538920376804,622,0.3751507840772014,1.0,1
"iteration_3","SCOPE_DATA_COLLECTION",1800,32,1990.0,2050.0,0,10379,7560,2545,10582,7576,2596,7012,5061,1657,3361,2497,887,0.3240142678106623,0.33037840698597515,0.3486635220125786,0.3951223262937085,0.7880230192117924,1.128291201873158,0.790244652587417,0.7880230192117924,0.7521941345821053,0.3512549914432402,0.39261015609563327,0.37054918527459263,100.0,100.0,5784,8180,6520,285,6,6454,0.049273858921161824,7.334963325183374E-4,0.9898773006134969,0.55,0.5,0.8,0.6000000000000001,95.0,70.0,50.0,0.30000000000000004,0.6000000000000001,0.8,0.7000000000000001,75.0,55.0,60.0,10510,5092,5418,10510,0.5155090390104662,0.49049040498998064,0.5,0.9809808099799613,2487,0.4884131971720346,1.0,1
"iteration_3","SCOPE_DATA_COLLECTION",1800,32,1990.0,2050.0,1,10379,7560,2545,10582,7576,2596,7012,5061,1657,3361,2497,887,0.3240142678106623,0.33037840698597515,0.3486635220125786,0.3951223262937085,0.7880230192117924,1.128291201873158,0.790244652587417,0.7880230192117924,0.7521941345821053,0.3512549914432402,0.39261015609563327,0.37054918527459263,100.0,100.0,5784,8180,6520,285,6,6454,0.049273858921161824,7.334963325183374E-4,0.9898773006134969,0.55,0.5,0.8,0.6000000000000001,95.0,70.0,50.0,0.30000000000000004,0.6000000000000001,0.8,0.7000000000000001,75.0,55.0,60.0,7356,3447,3909,7356,0.5314029363784666,1.012953596862482,1.0,1.012953596862482,1915,0.5555555555555556,1.0,1
"iteration_3","SCOPE_DATA_COLLECTION",1800,32,1990.0,2050.0,2,10379,7560,2545,10582,7576,2596,7012,5061,1657,3361,2497,887,0.3240142678106623,0.33037840698597515,0.3486635220125786,0.3951223262937085,0.7880230192117924,1.128291201873158,0.790244652587417,0.7880230192117924,0.7521941345821053,0.3512549914432402,0.39261015609563327,0.37054918527459263,100.0,100.0,5784,8180,6520,285,6,6454,0.049273858921161824,7.334963325183374E-4,0.9898773006134969,0.55,0.5,0.8,0.6000000000000001,95.0,70.0,50.0,0.30000000000000004,0.6000000000000001,0.8,0.7000000000000001,75.0,55.0,60.0,2590,1155,1435,2590,0.5540540540540541,1.4634081314259084,1.5,0.9756054209506057,621,0.5376623376623376,1.0,1
"iteration_3","SCOPE_DATA_COLLECTION",1800,33,2050.0,2110.0,0,10510,7356,2590,10379,7560,2545,5086,3436,1162,5418,3910,1435,0.5158035034272658,0.5322624557582357,0.5525606469002695,0.4874347757121263,1.0075978388992293,1.4740650520687968,0.9748695514242526,1.0075978388992293,0.9827100347125312,0.48721981911128587,0.5538416763678696,0.5438898450946644,100.0,100.0,5700,4277,10479,282,2,10479,0.049473684210526316,4.6761748889408465E-4,1.0,0.30000000000000004,0.6000000000000001,0.8,0.7000000000000001,75.0,55.0,60.0,0.8500000000000001,0.5,0.30000000000000004,0.9,25.0,20.0,50.0,10804,6653,4151,10804,0.3842095520177712,0.538816628590052,0.5,1.077633257180104,2697,0.40538103111378326,1.0,1
"iteration_3","SCOPE_DATA_COLLECTION",1800,33,2050.0,2110.0,1,10510,7356,2590,10379,7560,2545,5086,3436,1162,5418,3910,1435,0.5158035034272658,0.5322624557582357,0.5525606469002695,0.4874347757121263,1.0075978388992293,1.4740650520687968,0.9748695514242526,1.0075978388992293,0.9827100347125312,0.48721981911128587,0.5538416763678696,0.5438898450946644,100.0,100.0,5700,4277,10479,282,2,10479,0.049473684210526316,4.6761748889408465E-4,1.0,0.30000000000000004,0.6000000000000001,0.8,0.7000000000000001,75.0,55.0,60.0,0.8500000000000001,0.5,0.30000000000000004,0.9,25.0,20.0,50.0,7579,4600,2979,7579,0.393059770418261,0.9436512014655521,1.0,0.9436512014655521,2074,0.4508695652173913,1.0,1
"iteration_3","SCOPE_DATA_COLLECTION",1800,33,2050.0,2110.0,2,10510,7356,2590,10379,7560,2545,5086,3436,1162,5418,3910,1435,0.5158035034272658,0.5322624557582357,0.5525606469002695,0.4874347757121263,1.0075978388992293,1.4740650520687968,0.9748695514242526,1.0075978388992293,0.9827100347125312,0.48721981911128587,0.5538416763678696,0.5438898450946644,100.0,100.0,5700,4277,10479,282,2,10479,0.049473684210526316,4.6761748889408465E-4,1.0,0.30000000000000004,0.6000000000000001,0.8,0.7000000000000001,75.0,55.0,60.0,0.8500000000000001,0.5,0.30000000000000004,0.9,25.0,20.0,50.0,2602,1446,1156,2602,0.44427363566487316,1.3568140842248506,1.5,0.9045427228165671,644,0.44536652835408025,1.0,1
"iteration_3","SCOPE_DATA_COLLECTION",1800,34,2110.0,2170.0,0,10804,7579,2602,10510,7356,2590,6598,4560,1444,4151,2976,1148,0.3861754581821565,0.39490445859872614,0.44290123456790126,0.4972971052645378,0.8994032709764748,1.3300260163608795,0.9945942105290756,0.8994032709764748,0.886684010907253,0.4007274931797514,0.4453947368421053,0.4425207756232687,100.0,100.0,5706,12947,2332,211,8046,18,0.03697861899754644,0.6214567081177107,0.007718696397941681,0.8500000000000001,0.5,0.30000000000000004,0.9,25.0,20.0,50.0,0.9500000000000001,0.6000000000000001,0.2,0.9,35.0,30.0,50.0,10533,3674,6859,10533,0.6511914934016899,0.7360931452864841,0.5,1.4721862905729681,2627,0.7150244964616222,1.0,1
"iteration_3","SCOPE_DATA_COLLECTION",1800,34,2110.0,2170.0,1,10804,7579,2602,10510,7356,2590,6598,4560,1444,4151,2976,1148,0.3861754581821565,0.39490445859872614,0.44290123456790126,0.4972971052645378,0.8994032709764748,1.3300260163608795,0.9945942105290756,0.8994032709764748,0.886684010907253,0.4007274931797514,0.4453947368421053,0.4425207756232687,100.0,100.0,5706,12947,2332,211,8046,18,0.03697861899754644,0.6214567081177107,0.007718696397941681,0.8500000000000001,0.5,0.30000000000000004,0.9,25.0,20.0,50.0,0.9500000000000001,0.6000000000000001,0.2,0.9,35.0,30.0,50.0,7576,2655,4921,7576,0.6495512143611405,1.2892770759839018,1.0,1.2892770759839018,2092,0.7879472693032015,1.0,1
"iteration_3","SCOPE_DATA_COLLECTION",1800,34,2110.0,2170.0,2,10804,7579,2602,10510,7356,2590,6598,4560,1444,4151,2976,1148,0.3861754581821565,0.39490445859872614,0.44290123456790126,0.4972971052645378,0.8994032709764748,1.3300260163608795,0.9945942105290756,0.8994032709764748,0.886684010907253,0.4007274931797514,0.4453947368421053,0.4425207756232687,100.0,100.0,5706,12947,2332,211,8046,18,0.03697861899754644,0.6214567081177107,0.007718696397941681,0.8500000000000001,0.5,0.30000000000000004,0.9,25.0,20.0,50.0,0.9500000000000001,0.6000000000000001,0.2,0.9,35.0,30.0,50.0,2521,813,1708,2521,0.6775089250297501,2.0306322681797546,1.5,1.3537548454531698,661,0.8130381303813038,1.0,1
"iteration_3","SCOPE_DATA_COLLECTION",1800,35,2170.0,2230.0,0,10533,7576,2521,10804,7579,2602,3749,2724,816,6853,4922,1715,0.6463874740614979,0.6437352864242741,0.6775977874357961,0.8097044792883324,1.3637857281250925,2.0721102445027237,1.619408958576665,1.3637857281250925,1.3814068296684825,0.7185916244331821,0.7918502202643172,0.8125,100.0,100.0,5559,14354,717,151,13339,0,0.027163158841518258,0.9292880033440156,0.0,0.9500000000000001,0.6000000000000001,0.2,0.9,35.0,30.0,50.0,0.9500000000000001,0.5,0.30000000000000004,0.8,45.0,20.0,50.0,10615,3430,7185,10615,0.67687235044748,0.6467571549653892,0.5,1.2935143099307784,2458,0.7166180758017493,1.0,1
"iteration_3","SCOPE_DATA_COLLECTION",1800,35,2170.0,2230.0,1,10533,7576,2521,10804,7579,2602,3749,2724,816,6853,4922,1715,0.6463874740614979,0.6437352864242741,0.6775977874357961,0.8097044792883324,1.3637857281250925,2.0721102445027237,1.619408958576665,1.3637857281250925,1.3814068296684825,0.7185916244331821,0.7918502202643172,0.8125,100.0,100.0,5559,14354,717,151,13339,0,0.027163158841518258,0.9292880033440156,0.0,0.9500000000000001,0.6000000000000001,0.2,0.9,35.0,30.0,50.0,0.9500000000000001,0.5,0.30000000000000004,0.8,45.0,20.0,50.0,7514,2402,5112,7514,0.6803300505722651,1.3239765200761184,1.0,1.3239765200761184,1948,0.8109908409658618,1.0,1
"iteration_3","SCOPE_DATA_COLLECTION",1800,35,2170.0,2230.0,2,10533,7576,2521,10804,7579,2602,3749,2724,816,6853,4922,1715,0.6463874740614979,0.6437352864242741,0.6775977874357961,0.8097044792883324,1.3637857281250925,2.0721102445027237,1.619408958576665,1.3637857281250925,1.3814068296684825,0.7185916244331821,0.7918502202643172,0.8125,100.0,100.0,5559,14354,717,151,13339,0,0.027163158841518258,0.9292880033440156,0.0,0.9500000000000001,0.6000000000000001,0.2,0.9,35.0,30.0,50.0,0.9500000000000001,0.5,0.30000000000000004,0.8,45.0,20.0,50.0,2666,802,1864,2666,0.6991747936984246,2.001655643948207,1.5,1.3344370959654714,645,0.8042394014962594,1.0,1
"iteration_3","SCOPE_DATA_COLLECTION",1800,36,2230.0,2290.0,0,10615,7514,2666,10533,7576,2521,3378,2357,797,7185,5106,1862,0.680204487361545,0.6841752646388851,0.7002632568634826,0.6499975123849101,1.329136545281674,2.0156136878262485,1.2999950247698202,1.329136545281674,1.3437424585508324,0.7249851983422143,0.8167161646160374,0.8117942283563363,100.0,100.0,5627,14357,811,196,13957,0,0.03483205971210236,0.9721390262589678,0.0,0.9500000000000001,0.5,0.30000000000000004,0.8,45.0,20.0,50.0,0.9500000000000001,0.6000000000000001,0.30000000000000004,0.9,55.0,20.0,60.0,10534,3635,6899,10534,0.6549269033605468,0.7051008222086255,0.5,1.410201644417251,2489,0.6847317744154058,1.0,1
"iteration_3","SCOPE_DATA_COLLECTION",1800,36,2230.0,2290.0,1,10615,7514,2666,10533,7576,2521,3378,2357,797,7185,5106,1862,0.680204487361545,0.6841752646388851,0.7002632568634826,0.6499975123849101,1.329136545281674,2.0156136878262485,1.2999950247698202,1.329136545281674,1.3437424585508324,0.7249851983422143,0.8167161646160374,0.8117942283563363,100.0,100.0,5627,14357,811,196,13957,0,0.03483205971210236,0.9721390262589678,0.0,0.9500000000000001,0.5,0.30000000000000004,0.8,45.0,20.0,50.0,0.9500000000000001,0.6000000000000001,0.30000000000000004,0.9,55.0,20.0,60.0,7721,2648,5073,7721,0.6570392436212926,1.322734027614447,1.0,1.322734027614447,2015,0.7609516616314199,1.0,1
"iteration_3","SCOPE_DATA_COLLECTION",1800,36,2230.0,2290.0,2,10615,7514,2666,10533,7576,2521,3378,2357,797,7185,5106,1862,0.680204487361545,0.6841752646388851,0.7002632568634826,0.6499975123849101,1.329136545281674,2.0156136878262485,1.2999950247698202,1.329136545281674,1.3437424585508324,0.7249851983422143,0.8167161646160374,0.8117942283563363,100.0,100.0,5627,14357,811,196,13957,0,0.03483205971210236,0.9721390262589678,0.0,0.9500000000000001,0.5,0.30000000000000004,0.8,45.0,20.0,50.0,0.9500000000000001,0.6000000000000001,0.30000000000000004,0.9,55.0,20.0,60.0,2542,845,1697,2542,0.6675845790715972,2.0071409868271473,1.5,1.3380939912180982,649,0.7680473372781065,1.0,1
"iteration_3","SCOPE_DATA_COLLECTION",1800,37,2290.0,2350.0,0,10534,7721,2542,10615,7514,2666,3692,2683,842,6904,5079,1698,0.6515666289165722,0.6543416645194537,0.668503937007874,0.7005731998546755,1.3174243006693866,1.9746045157789824,1.401146399709351,1.3174243006693866,1.3164030105193216,0.6774106175514626,0.7566157286619456,0.7600950118764845,100.0,100.0,5584,14500,713,158,13523,0,0.02829512893982808,0.9326206896551724,0.0,0.9500000000000001,0.6000000000000001,0.30000000000000004,0.9,55.0,20.0,60.0,0.8500000000000001,0.7000000000000001,0.30000000000000004,0.9,65.0,20.0,50.0,10651,6458,4193,10651,0.3936719556849122,0.46747916790817723,0.5,0.9349583358163545,2660,0.4118922266955714,1.0,1
"iteration_3","SCOPE_DATA_COLLECTION",1800,37,2290.0,2350.0,1,10534,7721,2542,10615,7514,2666,3692,2683,842,6904,5079,1698,0.6515666289165722,0.6543416645194537,0.668503937007874,0.7005731998546755,1.3174243006693866,1.9746045157789824,1.401146399709351,1.3174243006693866,1.3164030105193216,0.6774106175514626,0.7566157286619456,0.7600950118764845,100.0,100.0,5584,14500,713,158,13523,0,0.02829512893982808,0.9326206896551724,0.0,0.9500000000000001,0.6000000000000001,0.30000000000000004,0.9,55.0,20.0,60.0,0.8500000000000001,0.7000000000000001,0.30000000000000004,0.9,65.0,20.0,50.0,7588,4538,3050,7588,0.40195044807590935,0.86289032053051,1.0,0.86289032053051,2008,0.44248567650947557,1.0,1
"iteration_3","SCOPE_DATA_COLLECTION",1800,37,2290.0,2350.0,2,10534,7721,2542,10615,7514,2666,3692,2683,842,6904,5079,1698,0.6515666289165722,0.6543416645194537,0.668503937007874,0.7005731998546755,1.3174243006693866,1.9746045157789824,1.401146399709351,1.3174243006693866,1.3164030105193216,0.6774106175514626,0.7566157286619456,0.7600950118764845,100.0,100.0,5584,14500,713,158,13523,0,0.02829512893982808,0.9326206896551724,0.0,0.9500000000000001,0.6000000000000001,0.30000000000000004,0.9,55.0,20.0,60.0,0.8500000000000001,0.7000000000000001,0.30000000000000004,0.9,65.0,20.0,50.0,2546,1415,1131,2546,0.44422623723487825,1.303533417777232,1.5,0.8690222785181546,610,0.43109540636042404,1.0,1
"iteration_3","SCOPE_DATA_COLLECTION",1800,38,2350.0,2410.0,0,10651,7588,2546,10534,7721,2542,6429,4498,1408,4190,3046,1131,0.39457576042941894,0.4037645811240721,0.44545096494682945,0.46747948238175346,0.8651613715986954,1.3290705676151005,0.9349589647635069,0.8651613715986954,0.8860470450767336,0.41250583294447035,0.4455313472654513,0.4396306818181818,100.0,100.0,5567,12936,2282,162,8205,0,0.029100053888988682,0.6342764378478665,0.0,0.8500000000000001,0.7000000000000001,0.30000000000000004,0.9,65.0,20.0,50.0,0.05,0.4,0.4,0.1,25.0,45.0,35.0,10623,3228,7395,10623,0.6961310364303869,0.673829033424174,0.5,1.347658066848348,2389,0.740086741016109,1.0,1
"iteration_3","SCOPE_DATA_COLLECTION",1800,38,2350.0,2410.0,1,10651,7588,2546,10534,7721,2542,6429,4498,1408,4190,3046,1131,0.39457576042941894,0.4037645811240721,0.44545096494682945,0.46747948238175346,0.8651613715986954,1.3290705676151005,0.9349589647635069,0.8651613715986954,0.8860470450767336,0.41250583294447035,0.4455313472654513,0.4396306818181818,100.0,100.0,5567,12936,2282,162,8205,0,0.029100053888988682,0.6342764378478665,0.0,0.8500000000000001,0.7000000000000001,0.30000000000000004,0.9,65.0,20.0,50.0,0.05,0.4,0.4,0.1,25.0,45.0,35.0,7374,2255,5119,7374,0.6941958231624628,1.3903002583895854,1.0,1.3903002583895854,1899,0.8421286031042129,1.0,1
"iteration_3","SCOPE_DATA_COLLECTION",1800,38,2350.0,2410.0,2,10651,7588,2546,10534,7721,2542,6429,4498,1408,4190,3046,1131,0.39457576042941894,0.4037645811240721,0.44545096494682945,0.46747948238175346,0.8651613715986954,1.3290705676151005,0.9349589647635069,0.8651613715986954,0.8860470450767336,0.41250583294447035,0.4455313472654513,0.4396306818181818,100.0,100.0,5567,12936,2282,162,8205,0,0.029100053888988682,0.6342764378478665,0.0,0.8500000000000001,0.7000000000000001,0.30000000000000004,0.9,65.0,20.0,50.0,0.05,0.4,0.4,0.1,25.0,45.0,35.0,2583,775,1808,2583,0.699961285327139,1.943132871080599,1.5,1.2954219140537326,651,0.84,1.0,1
"iteration_3","SCOPE_DATA_COLLECTION",1800,39,2410.0,2470.0,0,10623,7374,2583,10651,7588,2546,3217,2291,789,7399,5125,1810,0.6969668425018839,0.6910733549083063,0.6964217006540977,0.6689839480772851,1.3700874814614241,1.9156836425953971,1.3379678961545702,1.3700874814614241,1.2771224283969314,0.7323593410009326,0.8275862068965517,0.8212927756653993,100.0,100.0,5483,801,14296,101,15,14218,0.018420572679190225,0.018726591760299626,0.9945439283715725,0.05,0.4,0.4,0.1,25.0,45.0,35.0,0.05,0.4,0.4,0.1,25.0,45.0,35.0,10671,3211,7460,10671,0.6990909942835724,0.6848666279544967,0.5,1.3697332559089934,2400,0.747430706944877,1.0,1
"iteration_3","SCOPE_DATA_COLLECTION",1800,39,2410.0,2470.0,1,10623,7374,2583,10651,7588,2546,3217,2291,789,7399,5125,1810,0.6969668425018839,0.6910733549083063,0.6964217006540977,0.6689839480772851,1.3700874814614241,1.9156836425953971,1.3379678961545702,1.3700874814614241,1.2771224283969314,0.7323593410009326,0.8275862068965517,0.8212927756653993,100.0,100.0,5483,801,14296,101,15,14218,0.018420572679190225,0.018726591760299626,0.9945439283715725,0.05,0.4,0.4,0.1,25.0,45.0,35.0,0.05,0.4,0.4,0.1,25.0,45.0,35.0,7484,2142,5342,7484,0.7137894174238375,1.4181559027720105,1.0,1.4181559027720105,1838,0.8580765639589168,1.0,1
"iteration_3","SCOPE_DATA_COLLECTION",1800,39,2410.0,2470.0,2,10623,7374,2583,10651,7588,2546,3217,2291,789,7399,5125,1810,0.6969668425018839,0.6910733549083063,0.6964217006540977,0.6689839480772851,1.3700874814614241,1.9156836425953971,1.3379678961545702,1.3700874814614241,1.2771224283969314,0.7323593410009326,0.8275862068965517,0.8212927756653993,100.0,100.0,5483,801,14296,101,15,14218,0.018420572679190225,0.018726591760299626,0.9945439283715725,0.05,0.4,0.4,0.1,25.0,45.0,35.0,0.05,0.4,0.4,0.1,25.0,45.0,35.0,2628,750,1878,2628,0.7146118721461188,2.0076976498470196,1.5,1.338465099898013,653,0.8706666666666667,1.0,1
"iteration_3","SCOPE_DATA_COLLECTION",1800,40,2470.0,2530.0,0,10671,7484,2628,10623,7374,2583,3243,2146,750,7460,5342,1878,0.697000840885733,0.7134081196581197,0.7146118721461188,0.6871803269086302,1.419899831350592,2.0099315459275524,1.3743606538172604,1.419899831350592,1.3399543639517015,0.7502312673450509,0.858807082945014,0.8706666666666667,97.5,100.0,5449,780,14554,124,2,14554,0.022756469076894843,0.002564102564102564,1.0,0.05,0.4,0.4,0.1,25.0,45.0,35.0,0.7000000000000001,0.30000000000000004,0.30000000000000004,0.6000000000000001,65.0,45.0,35.0,10567,9269,1298,10567,0.12283524179047979,0.39208625367906486,0.5,0.7841725073581297,2779,0.2998165929442227,1.0,1
"iteration_3","SCOPE_DATA_COLLECTION",1800,40,2470.0,2530.0,1,10671,7484,2628,10623,7374,2583,3243,2146,750,7460,5342,1878,0.697000840885733,0.7134081196581197,0.7146118721461188,0.6871803269086302,1.419899831350592,2.0099315459275524,1.3743606538172604,1.419899831350592,1.3399543639517015,0.7502312673450509,0.858807082945014,0.8706666666666667,97.5,100.0,5449,780,14554,124,2,14554,0.022756469076894843,0.002564102564102564,1.0,0.05,0.4,0.4,0.1,25.0,45.0,35.0,0.7000000000000001,0.30000000000000004,0.30000000000000004,0.6000000000000001,65.0,45.0,35.0,7437,6452,985,7437,0.13244587871453542,0.7058004540265674,1.0,0.7058004540265674,2047,0.31726596404215746,1.0,1
"iteration_3","SCOPE_DATA_COLLECTION",1800,40,2470.0,2530.0,2,10671,7484,2628,10623,7374,2583,3243,2146,750,7460,5342,1878,0.697000840885733,0.7134081196581197,0.7146118721461188,0.6871803269086302,1.419899831350592,2.0099315459275524,1.3743606538172604,1.419899831350592,1.3399543639517015,0.7502312673450509,0.858807082945014,0.8706666666666667,97.5,100.0,5449,780,14554,124,2,14554,0.022756469076894843,0.002564102564102564,1.0,0.05,0.4,0.4,0.1,25.0,45.0,35.0,0.7000000000000001,0.30000000000000004,0.30000000000000004,0.6000000000000001,65.0,45.0,35.0,2625,2235,390,2625,0.14857142857142858,1.0265631514412545,1.5,0.6843754342941697,631,0.28232662192393737,1.0,1
"iteration_3","SCOPE_DATA_COLLECTION",1800,41,2530.0,2590.0,0,10567,7437,2625,10671,7484,2628,9267,6458,2230,1290,984,386,0.12219380505825518,0.13222252082773447,0.14755351681957188,0.3921883782124611,0.7062040449321724,1.0250139754123182,0.7843767564249222,0.7062040449321724,0.6833426502748788,0.2998812992338405,0.31774543202229794,0.2825112107623318,97.5,100.0,5649,10442,4538,156,814,1690,0.027615507169410514,0.07795441486305306,0.372410753635963,0.7000000000000001,0.30000000000000004,0.30000000000000004,0.6000000000000001,65.0,45.0,35.0,0.6000000000000001,0.30000000000000004,0.2,0.5,75.0,55.0,25.0,10495,7708,2787,10495,0.2655550262029538,0.37329274416385433,0.5,0.7465854883277087,2483,0.3221328489880643,1.0,1
"iteration_3","SCOPE_DATA_COLLECTION",1800,41,2530.0,2590.0,1,10567,7437,2625,10671,7484,2628,9267,6458,2230,1290,984,386,0.12219380505825518,0.13222252082773447,0.14755351681957188,0.3921883782124611,0.7062040449321724,1.0250139754123182,0.7843767564249222,0.7062040449321724,0.6833426502748788,0.2998812992338405,0.31774543202229794,0.2825112107623318,97.5,100.0,5649,10442,4538,156,814,1690,0.027615507169410514,0.07795441486305306,0.372410753635963,0.7000000000000001,0.30000000000000004,0.30000000000000004,0.6000000000000001,65.0,45.0,35.0,0.6000000000000001,0.30000000000000004,0.2,0.5,75.0,55.0,25.0,7561,5476,2085,7561,0.2757571749768549,0.7167908157756604,1.0,0.7167908157756604,1992,0.36376917457998537,1.0,1
"iteration_3","SCOPE_DATA_COLLECTION",1800,41,2530.0,2590.0,2,10567,7437,2625,10671,7484,2628,9267,6458,2230,1290,984,386,0.12219380505825518,0.13222252082773447,0.14755351681957188,0.3921883782124611,0.7062040449321724,1.0250139754123182,0.7843767564249222,0.7062040449321724,0.6833426502748788,0.2998812992338405,0.31774543202229794,0.2825112107623318,97.5,100.0,5649,10442,4538,156,814,1690,0.027615507169410514,0.07795441486305306,0.372410753635963,0.7000000000000001,0.30000000000000004,0.30000000000000004,0.6000000000000001,65.0,45.0,35.0,0.6000000000000001,0.30000000000000004,0.2,0.5,75.0,55.0,25.0,2626,1880,746,2626,0.2840822543792841,1.0986636650779156,1.5,0.7324424433852771,677,0.3601063829787234,1.0,1
"iteration_3","SCOPE_DATA_COLLECTION",1800,42,2590.0,2650.0,0,10495,7561,2626,10567,7437,2625,7681,5465,1873,2795,2086,750,0.26680030546009925,0.2762548006886505,0.28593213877239804,0.37245981988833954,0.7190456064086037,1.0984579166373647,0.7449196397766791,0.7190456064086037,0.7323052777582432,0.32118213774248144,0.3646843549862763,0.3603844100373732,100.0,100.0,5583,9228,5871,151,75,5405,0.02704639082930324,0.008127438231469442,0.9206268097428036,0.6000000000000001,0.30000000000000004,0.2,0.5,75.0,55.0,25.0,0.5,0.30000000000000004,0.30000000000000004,0.5,85.0,55.0,35.0,10244,6443,3801,10244,0.3710464662241312,0.37448047542636387,0.5,0.7489609508527277,2302,0.3572869781157846,1.0,1
"iteration_3","SCOPE_DATA_COLLECTION",1800,42,2590.0,2650.0,1,10495,7561,2626,10567,7437,2625,7681,5465,1873,2795,2086,750,0.26680030546009925,0.2762548006886505,0.28593213877239804,0.37245981988833954,0.7190456064086037,1.0984579166373647,0.7449196397766791,0.7190456064086037,0.7323052777582432,0.32118213774248144,0.3646843549862763,0.3603844100373732,100.0,100.0,5583,9228,5871,151,75,5405,0.02704639082930324,0.008127438231469442,0.9206268097428036,0.6000000000000001,0.30000000000000004,0.2,0.5,75.0,55.0,25.0,0.5,0.30000000000000004,0.30000000000000004,0.5,85.0,55.0,35.0,7629,4791,2838,7629,0.37200157294534014,0.7789049160581154,1.0,0.7789049160581154,2004,0.41828428303068255,1.0,1
"iteration_3","SCOPE_DATA_COLLECTION",1800,42,2590.0,2650.0,2,10495,7561,2626,10567,7437,2625,7681,5465,1873,2795,2086,750,0.26680030546009925,0.2762548006886505,0.28593213877239804,0.37245981988833954,0.7190456064086037,1.0984579166373647,0.7449196397766791,0.7190456064086037,0.7323052777582432,0.32118213774248144,0.3646843549862763,0.3603844100373732,100.0,100.0,5583,9228,5871,151,75,5405,0.02704639082930324,0.008127438231469442,0.9206268097428036,0.6000000000000001,0.30000000000000004,0.2,0.5,75.0,55.0,25.0,0.5,0.30000000000000004,0.30000000000000004,0.5,85.0,55.0,35.0,2596,1584,1012,2596,0.3898305084745763,1.164264093195024,1.5,0.7761760621300161,627,0.3958333333333333,1.0,1
"iteration_3","SCOPE_DATA_COLLECTION",1800,43,2650.0,2710.0,0,10244,7629,2596,10495,7561,2626,6461,4782,1593,3801,2838,1012,0.3703956343792633,0.3724409448818898,0.38848368522072935,0.37599871917873406,0.7749630333310906,1.174746008825405,0.7519974383574681,0.7749630333310906,0.7831640058836032,0.3592323169787959,0.41656210790464243,0.3992467043314501,97.5,100.0,5587,7435,7447,195,9,7447,0.034902452120995166,0.00121049092131809,1.0,0.5,0.30000000000000004,0.30000000000000004,0.5,85.0,55.0,35.0,0.4,0.2,0.4,0.6000000000000001,85.0,45.0,35.0,10455,5868,4587,10455,0.4387374461979914,0.39357460132402156,0.5,0.7871492026480431,2295,0.3911042944785276,1.0,1
"iteration_3","SCOPE_DATA_COLLECTION",1800,43,2650.0,2710.0,1,10244,7629,2596,10495,7561,2626,6461,4782,1593,3801,2838,1012,0.3703956343792633,0.3724409448818898,0.38848368522072935,0.37599871917873406,0.7749630333310906,1.174746008825405,0.7519974383574681,0.7749630333310906,0.7831640058836032,0.3592323169787959,0.41656210790464243,0.3992467043314501,97.5,100.0,5587,7435,7447,195,9,7447,0.034902452120995166,0.00121049092131809,1.0,0.5,0.30000000000000004,0.30000000000000004,0.5,85.0,55.0,35.0,0.4,0.2,0.4,0.6000000000000001,85.0,45.0,35.0,7618,4231,3387,7618,0.4446048831714361,0.8494232257900459,1.0,0.8494232257900459,1955,0.46206570550697235,1.0,1
"iteration_3","SCOPE_DATA_COLLECTION",1800,43,2650.0,2710.0,2,10244,7629,2596,10495,7561,2626,6461,4782,1593,3801,2838,1012,0.3703956343792633,0.3724409448818898,0.38848368522072935,0.37599871917873406,0.7749630333310906,1.174746008825405,0.7519974383574681,0.7749630333310906,0.7831640058836032,0.3592323169787959,0.41656210790464243,0.3992467043314501,97.5,100.0,5587,7435,7447,195,9,7447,0.034902452120995166,0.00121049092131809,1.0,0.5,0.30000000000000004,0.30000000000000004,0.5,85.0,55.0,35.0,0.4,0.2,0.4,0.6000000000000001,85.0,45.0,35.0,2553,1384,1169,2553,0.45789267528397964,1.2746443130880922,1.5,0.8497628753920615,631,0.4559248554913295,1.0,1
"iteration_3","SCOPE_DATA_COLLECTION",1800,44,2710.0,2770.0,0,10455,7618,2553,10244,7629,2596,5860,4250,1381,4587,3387,1169,0.4390734182061836,0.44349875605604294,0.4584313725490196,0.3925406162364546,0.8530245362370452,1.25689148663228,0.7850812324729092,0.8530245362370452,0.8379276577548533,0.389419795221843,0.46376470588235297,0.4489500362056481,97.5,100.0,5719,5993,8914,226,3,8914,0.03951739814652911,5.005840146837978E-4,1.0,0.4,0.2,0.4,0.6000000000000001,85.0,45.0,35.0,0.30000000000000004,0.2,0.30000000000000004,0.6000000000000001,75.0,45.0,35.0,10453,5151,5302,10453,0.5072228068497082,0.43863051339168063,0.5,0.8772610267833613,2316,0.44962143273150845,1.0,1
"iteration_3","SCOPE_DATA_COLLECTION",1800,44,2710.0,2770.0,1,10455,7618,2553,10244,7629,2596,5860,4250,1381,4587,3387,1169,0.4390734182061836,0.44349875605604294,0.4584313725490196,0.3925406162364546,0.8530245362370452,1.25689148663228,0.7850812324729092,0.8530245362370452,0.8379276577548533,0.389419795221843,0.46376470588235297,0.4489500362056481,97.5,100.0,5719,5993,8914,226,3,8914,0.03951739814652911,5.005840146837978E-4,1.0,0.4,0.2,0.4,0.6000000000000001,85.0,45.0,35.0,0.30000000000000004,0.2,0.30000000000000004,0.6000000000000001,75.0,45.0,35.0,7588,3622,3966,7588,0.5226673695308381,0.9547560196396544,1.0,0.9547560196396544,1991,0.5496963003865267,1.0,1
"iteration_3","SCOPE_DATA_COLLECTION",1800,44,2710.0,2770.0,2,10455,7618,2553,10244,7629,2596,5860,4250,1381,4587,3387,1169,0.4390734182061836,0.44349875605604294,0.4584313725490196,0.3925406162364546,0.8530245362370452,1.25689148663228,0.7850812324729092,0.8530245362370452,0.8379276577548533,0.389419795221843,0.46376470588235297,0.4489500362056481,97.5,100.0,5719,5993,8914,226,3,8914,0.03951739814652911,5.005840146837978E-4,1.0,0.4,0.2,0.4,0.6000000000000001,85.0,45.0,35.0,0.30000000000000004,0.2,0.30000000000000004,0.6000000000000001,75.0,45.0,35.0,2534,1149,1385,2534,0.5465666929755327,1.414293171863026,1.5,0.9428621145753507,607,0.5282854656222803,1.0,1
"iteration_3","SCOPE_DATA_COLLECTION",1800,45,2770.0,2830.0,0,10453,7588,2534,10455,7618,2553,5153,3595,1163,5302,3966,1385,0.5071257771401243,0.524533791826478,0.543563579277865,0.439641719046433,0.9511340178709546,1.4314360666972203,0.879283438092866,0.9511340178709546,0.9542907111314802,0.45022317096836795,0.5465924895688457,0.5356835769561479,100.0,100.0,5750,4368,10457,193,3,10457,0.033565217391304344,6.868131868131869E-4,1.0,0.30000000000000004,0.2,0.30000000000000004,0.6000000000000001,75.0,45.0,35.0,0.2,0.30000000000000004,0.30000000000000004,0.7000000000000001,65.0,35.0,25.0,10257,4205,6052,10257,0.5900360729258067,0.5109898043106005,0.5,1.021979608621201,2271,0.5400713436385256,1.0,1
"iteration_3","SCOPE_DATA_COLLECTION",1800,45,2770.0,2830.0,1,10453,7588,2534,10455,7618,2553,5153,3595,1163,5302,3966,1385,0.5071257771401243,0.524533791826478,0.543563579277865,0.439641719046433,0.9511340178709546,1.4314360666972203,0.879283438092866,0.9511340178709546,0.9542907111314802,0.45022317096836795,0.5465924895688457,0.5356835769561479,100.0,100.0,5750,4368,10457,193,3,10457,0.033565217391304344,6.868131868131869E-4,1.0,0.30000000000000004,0.2,0.30000000000000004,0.6000000000000001,75.0,45.0,35.0,0.2,0.30000000000000004,0.30000000000000004,0.7000000000000001,65.0,35.0,25.0,7291,3029,4262,7291,0.5845563022904952,1.084789327530777,1.0,1.084789327530777,1932,0.6378342687355563,1.0,1
"iteration_3","SCOPE_DATA_COLLECTION",1800,45,2770.0,2830.0,2,10453,7588,2534,10455,7618,2553,5153,3595,1163,5302,3966,1385,0.5071257771401243,0.524533791826478,0.543563579277865,0.439641719046433,0.9511340178709546,1.4314360666972203,0.879283438092866,0.9511340178709546,0.9542907111314802,0.45022317096836795,0.5465924895688457,0.5356835769561479,100.0,100.0,5750,4368,10457,193,3,10457,0.033565217391304344,6.868131868131869E-4,1.0,0.30000000000000004,0.2,0.30000000000000004,0.6000000000000001,75.0,45.0,35.0,0.2,0.30000000000000004,0.30000000000000004,0.7000000000000001,65.0,35.0,25.0,2699,1048,1651,2699,0.6117080400148203,1.60417753287425,1.5,1.0694516885828333,653,0.6230916030534351,1.0,1
"iteration_3","SCOPE_DATA_COLLECTION",1800,46,2830.0,2890.0,0,10257,7291,2699,10453,7588,2534,4211,3041,1037,6052,4262,1651,0.5896911234531813,0.5835957825551144,0.6142113095238095,0.5092575807962796,1.0830673708143863,1.5896741614770569,1.0185151615925592,1.0830673708143863,1.059782774318038,0.5388268819757778,0.6376192042091418,0.6181292189006751,100.0,100.0,5545,2958,11744,220,1,11744,0.03967538322813345,3.380662609871535E-4,1.0,0.2,0.30000000000000004,0.30000000000000004,0.7000000000000001,65.0,35.0,25.0,0.7000000000000001,0.1,0.30000000000000004,0.2,30.0,90.0,80.0,10741,9022,1719,10741,0.1600409645284424,0.3441057165348625,0.5,0.688211433069725,2369,0.2625803591221459,1.0,1
"iteration_3","SCOPE_DATA_COLLECTION",1800,46,2830.0,2890.0,1,10257,7291,2699,10453,7588,2534,4211,3041,1037,6052,4262,1651,0.5896911234531813,0.5835957825551144,0.6142113095238095,0.5092575807962796,1.0830673708143863,1.5896741614770569,1.0185151615925592,1.0830673708143863,1.059782774318038,0.5388268819757778,0.6376192042091418,0.6181292189006751,100.0,100.0,5545,2958,11744,220,1,11744,0.03967538322813345,3.380662609871535E-4,1.0,0.2,0.30000000000000004,0.30000000000000004,0.7000000000000001,65.0,35.0,25.0,0.7000000000000001,0.1,0.30000000000000004,0.2,30.0,90.0,80.0,7549,6267,1282,7549,0.16982381772420188,0.7280665333588063,1.0,0.7280665333588063,2089,0.3333333333333333,1.0,1
"iteration_3","SCOPE_DATA_COLLECTION",1800,46,2830.0,2890.0,2,10257,7291,2699,10453,7588,2534,4211,3041,1037,6052,4262,1651,0.5896911234531813,0.5835957825551144,0.6142113095238095,0.5092575807962796,1.0830673708143863,1.5896741614770569,1.0185151615925592,1.0830673708143863,1.059782774318038,0.5388268819757778,0.6376192042091418,0.6181292189006751,100.0,100.0,5545,2958,11744,220,1,11744,0.03967538322813345,3.380662609871535E-4,1.0,0.2,0.30000000000000004,0.30000000000000004,0.7000000000000001,65.0,35.0,25.0,0.7000000000000001,0.1,0.30000000000000004,0.2,30.0,90.0,80.0,2537,2050,487,2537,0.19195900670082774,1.0528688197025518,1.5,0.7019125464683679,623,0.30390243902439024,1.0,1
"iteration_3","SCOPE_DATA_COLLECTION",1800,47,2890.0,2950.0,0,10741,7549,2537,10257,7291,2699,9014,6243,2040,1710,1274,483,0.15945542707944796,0.16948250631901024,0.19143876337693222,0.3455425230170699,0.7324151782195503,1.059811969069199,0.6910850460341398,0.7324151782195503,0.7065413127127993,0.2645884180164189,0.336056383149127,0.30686274509803924,97.5,100.0,5742,10640,4445,118,1456,1893,0.02055033089515848,0.1368421052631579,0.42587176602924637,0.7000000000000001,0.1,0.30000000000000004,0.2,30.0,90.0,80.0,0.8,0.2,0.30000000000000004,0.1,40.0,80.0,80.0,10442,8062,2380,10442,0.22792568473472516,0.39800076191445805,0.5,0.7960015238289161,2506,0.3108409823865046,1.0,1
"iteration_3","SCOPE_DATA_COLLECTION",1800,47,2890.0,2950.0,1,10741,7549,2537,10257,7291,2699,9014,6243,2040,1710,1274,483,0.15945542707944796,0.16948250631901024,0.19143876337693222,0.3455425230170699,0.7324151782195503,1.059811969069199,0.6910850460341398,0.7324151782195503,0.7065413127127993,0.2645884180164189,0.336056383149127,0.30686274509803924,97.5,100.0,5742,10640,4445,118,1456,1893,0.02055033089515848,0.1368421052631579,0.42587176602924637,0.7000000000000001,0.1,0.30000000000000004,0.2,30.0,90.0,80.0,0.8,0.2,0.30000000000000004,0.1,40.0,80.0,80.0,7462,5734,1728,7462,0.23157330474403645,0.764840685121981,1.0,0.764840685121981,1995,0.3479246599232647,1.0,1
"iteration_3","SCOPE_DATA_COLLECTION",1800,47,2890.0,2950.0,2,10741,7549,2537,10257,7291,2699,9014,6243,2040,1710,1274,483,0.15945542707944796,0.16948250631901024,0.19143876337693222,0.3455425230170699,0.7324151782195503,1.059811969069199,0.6910850460341398,0.7324151782195503,0.7065413127127993,0.2645884180164189,0.336056383149127,0.30686274509803924,97.5,100.0,5742,10640,4445,118,1456,1893,0.02055033089515848,0.1368421052631579,0.42587176602924637,0.7000000000000001,0.1,0.30000000000000004,0.2,30.0,90.0,80.0,0.8,0.2,0.30000000000000004,0.1,40.0,80.0,80.0,2604,1987,617,2604,0.2369431643625192,1.1436402083573682,1.5,0.7624268055715788,693,0.34876698540513335,1.0,1
"iteration_3","SCOPE_DATA_COLLECTION",1800,48,2950.0,3010.0,0,10442,7462,2604,10741,7549,2537,8044,5744,1974,2370,1717,607,0.22757826003456885,0.23013000938212036,0.23518016272762496,0.38254154361220455,0.7471842973693781,1.1068502754429903,0.7650830872244091,0.7471842973693781,0.7379001836286602,0.3071854798607658,0.342966573816156,0.33890577507598785,100.0,100.0,5489,11913,3106,70,4579,45,0.012752778283840409,0.3843700159489633,0.014488087572440437,0.8,0.2,0.30000000000000004,0.1,40.0,80.0,80.0,0.45,0.30000000000000004,0.7000000000000001,0.8,30.0,40.0,25.0,10388,6213,4175,10388,0.4019060454370427,0.41226003891773016,0.5,0.8245200778354603,2445,0.39352969579913083,1.0,1
"iteration_3","SCOPE_DATA_COLLECTION",1800,48,2950.0,3010.0,1,10442,7462,2604,10741,7549,2537,8044,5744,1974,2370,1717,607,0.22757826003456885,0.23013000938212036,0.23518016272762496,0.38254154361220455,0.7471842973693781,1.1068502754429903,0.7650830872244091,0.7471842973693781,0.7379001836286602,0.3071854798607658,0.342966573816156,0.33890577507598785,100.0,100.0,5489,11913,3106,70,4579,45,0.012752778283840409,0.3843700159489633,0.014488087572440437,0.8,0.2,0.30000000000000004,0.1,40.0,80.0,80.0,0.45,0.30000000000000004,0.7000000000000001,0.8,30.0,40.0,25.0,7537,4415,3122,7537,0.41422316571580203,0.8475804805269108,1.0,0.8475804805269108,1941,0.43963759909399774,1.0,1
"iteration_3","SCOPE_DATA_COLLECTION",1800,48,2950.0,3010.0,2,10442,7462,2604,10741,7549,2537,8044,5744,1974,2370,1717,607,0.22757826003456885,0.23013000938212036,0.23518016272762496,0.38254154361220455,0.7471842973693781,1.1068502754429903,0.7650830872244091,0.7471842973693781,0.7379001836286602,0.3071854798607658,0.342966573816156,0.33890577507598785,100.0,100.0,5489,11913,3106,70,4579,45,0.012752778283840409,0.3843700159489633,0.014488087572440437,0.8,0.2,0.30000000000000004,0.1,40.0,80.0,80.0,0.45,0.30000000000000004,0.7000000000000001,0.8,30.0,40.0,25.0,2591,1487,1104,2591,0.4260903126206098,1.2144187549127883,1.5,0.8096125032751922,625,0.4203093476798924,1.0,1
"iteration_3","SCOPE_DATA_COLLECTION",1800,49,3010.0,3070.0,0,10388,7537,2591,10442,7462,2604,6237,4422,1509,4194,3141,1118,0.40207075064710956,0.41531138437128123,0.4255805100875523,0.4315768418408633,0.8657233099861691,1.2559400773626221,0.8631536836817266,0.8657233099861691,0.8372933849084148,0.3968253968253968,0.44369063772048845,0.42876076872100727,97.5,100.0,5724,6648,8144,246,106,8101,0.0429769392033543,0.015944645006016847,0.9947200392927309,0.45,0.30000000000000004,0.7000000000000001,0.8,30.0,40.0,25.0,0.55,0.4,0.6000000000000001,0.8,40.0,40.0,20.0,10705,7244,3461,10705,0.3233068659504904,0.39381683943630535,0.5,0.7876336788726107,2579,0.3560187741579238,1.0,1
"iteration_3","SCOPE_DATA_COLLECTION",1800,49,3010.0,3070.0,1,10388,7537,2591,10442,7462,2604,6237,4422,1509,4194,3141,1118,0.40207075064710956,0.41531138437128123,0.4255805100875523,0.4315768418408633,0.8657233099861691,1.2559400773626221,0.8631536836817266,0.8657233099861691,0.8372933849084148,0.3968253968253968,0.44369063772048845,0.42876076872100727,97.5,100.0,5724,6648,8144,246,106,8101,0.0429769392033543,0.015944645006016847,0.9947200392927309,0.45,0.30000000000000004,0.7000000000000001,0.8,30.0,40.0,25.0,0.55,0.4,0.6000000000000001,0.8,40.0,40.0,20.0,7472,4944,2528,7472,0.33832976445396146,0.7821105608256277,1.0,0.7821105608256277,1970,0.39846278317152106,1.0,1
"iteration_3","SCOPE_DATA_COLLECTION",1800,49,3010.0,3070.0,2,10388,7537,2591,10442,7462,2604,6237,4422,1509,4194,3141,1118,0.40207075064710956,0.41531138437128123,0.4255805100875523,0.4315768418408633,0.8657233099861691,1.2559400773626221,0.8631536836817266,0.8657233099861691,0.8372933849084148,0.3968253968253968,0.44369063772048845,0.42876076872100727,97.5,100.0,5724,6648,8144,246,106,8101,0.0429769392033543,0.015944645006016847,0.9947200392927309,0.45,0.30000000000000004,0.7000000000000001,0.8,30.0,40.0,25.0,0.55,0.4,0.6000000000000001,0.8,40.0,40.0,20.0,2561,1640,921,2561,0.3596251464271769,1.1460313943203302,1.5,0.7640209295468868,622,0.37926829268292683,1.0,1
"iteration_3","SCOPE_DATA_COLLECTION",1800,50,3070.0,3130.0,0,10705,7472,2561,10388,7537,2591,7232,4942,1640,3461,2528,921,0.32366969045169736,0.33842034805890225,0.3596251464271769,0.39240059266314603,0.7851709292452459,1.147588145042951,0.7848011853262921,0.7851709292452459,0.7650587633619673,0.35467367256637167,0.3990287333063537,0.3798780487804878,100.0,100.0,5759,8267,6712,245,3,6662,0.04254210800486195,3.6288859320188704E-4,0.9925506555423123,0.55,0.4,0.6000000000000001,0.8,40.0,40.0,20.0,0.45,0.30000000000000004,0.7000000000000001,0.9,30.0,30.0,30.0,10424,6211,4213,10424,0.4041634689178818,0.4065663886246632,0.5,0.8131327772493264,2415,0.3888262759620029,1.0,1
"iteration_3","SCOPE_DATA_COLLECTION",1800,50,3070.0,3130.0,1,10705,7472,2561,10388,7537,2591,7232,4942,1640,3461,2528,921,0.32366969045169736,0.33842034805890225,0.3596251464271769,0.39240059266314603,0.7851709292452459,1.147588145042951,0.7848011853262921,0.7851709292452459,0.7650587633619673,0.35467367256637167,0.3990287333063537,0.3798780487804878,100.0,100.0,5759,8267,6712,245,3,6662,0.04254210800486195,3.6288859320188704E-4,0.9925506555423123,0.55,0.4,0.6000000000000001,0.8,40.0,40.0,20.0,0.45,0.30000000000000004,0.7000000000000001,0.9,30.0,30.0,30.0,7427,4378,3049,7427,0.4105291503971994,0.8478589366380079,1.0,0.8478589366380079,1942,0.44358154408405664,1.0,1
"iteration_3","SCOPE_DATA_COLLECTION",1800,50,3070.0,3130.0,2,10705,7472,2561,10388,7537,2591,7232,4942,1640,3461,2528,921,0.32366969045169736,0.33842034805890225,0.3596251464271769,0.39240059266314603,0.7851709292452459,1.147588145042951,0.7848011853262921,0.7851709292452459,0.7650587633619673,0.35467367256637167,0.3990287333063537,0.3798780487804878,100.0,100.0,5759,8267,6712,245,3,6662,0.04254210800486195,3.6288859320188704E-4,0.9925506555423123,0.55,0.4,0.6000000000000001,0.8,40.0,40.0,20.0,0.45,0.30000000000000004,0.7000000000000001,0.9,30.0,30.0,30.0,2532,1458,1074,2532,0.42417061611374407,1.2596855894512329,1.5,0.8397903929674886,642,0.4403292181069959,1.0,1
"iteration_3","SCOPE_DATA_COLLECTION",1800,51,3130.0,3190.0,0,10424,7427,2532,10705,7472,2561,6229,4379,1457,4213,3049,1074,0.40346676881823407,0.4104738826063543,0.4243382062425919,0.4074426154010905,0.8450907132150294,1.2553100400364854,0.814885230802181,0.8450907132150294,0.8368733600243236,0.38946861454487075,0.44279515871203473,0.43925875085792726,100.0,100.0,5688,6627,8068,264,4,8068,0.046413502109704644,6.035913686434284E-4,1.0,0.45,0.30000000000000004,0.7000000000000001,0.9,30.0,30.0,30.0,0.55,0.2,0.7000000000000001,0.8,20.0,20.0,30.0,10585,7133,3452,10585,0.32612187057156355,0.3736656825923912,0.5,0.7473313651847824,2433,0.34109070517313894,1.0,1
"iteration_3","SCOPE_DATA_COLLECTION",1800,51,3130.0,3190.0,1,10424,7427,2532,10705,7472,2561,6229,4379,1457,4213,3049,1074,0.40346676881823407,0.4104738826063543,0.4243382062425919,0.4074426154010905,0.8450907132150294,1.2553100400364854,0.814885230802181,0.8450907132150294,0.8368733600243236,0.38946861454487075,0.44279515871203473,0.43925875085792726,100.0,100.0,5688,6627,8068,264,4,8068,0.046413502109704644,6.035913686434284E-4,1.0,0.45,0.30000000000000004,0.7000000000000001,0.9,30.0,30.0,30.0,0.55,0.2,0.7000000000000001,0.8,20.0,20.0,30.0,7446,4967,2479,7446,0.33293043244695136,0.7738963040266325,1.0,0.7738963040266325,1948,0.39218844372860884,1.0,1
"iteration_3","SCOPE_DATA_COLLECTION",1800,51,3130.0,3190.0,2,10424,7427,2532,10705,7472,2561,6229,4379,1457,4213,3049,1074,0.40346676881823407,0.4104738826063543,0.4243382062425919,0.4074426154010905,0.8450907132150294,1.2553100400364854,0.814885230802181,0.8450907132150294,0.8368733600243236,0.38946861454487075,0.44279515871203473,0.43925875085792726,100.0,100.0,5688,6627,8068,264,4,8068,0.046413502109704644,6.035913686434284E-4,1.0,0.45,0.30000000000000004,0.7000000000000001,0.9,30.0,30.0,30.0,0.55,0.2,0.7000000000000001,0.8,20.0,20.0,30.0,2581,1636,945,2581,0.3661371561410306,1.1166498873775075,1.5,0.7444332582516716,610,0.37286063569682154,1.0,1
"iteration_3","SCOPE_DATA_COLLECTION",1800,52,3190.0,3250.0,0,10585,7446,2581,10424,7427,2532,7114,4968,1640,3452,2479,945,0.32670830967253456,0.3328857257956224,0.3655705996131528,0.3743656580816217,0.7719464355427871,1.1237683272225387,0.7487313161632434,0.7719464355427871,0.7491788848150258,0.34200168681473153,0.391304347826087,0.375609756097561,97.5,100.0,5798,8176,6638,228,10,6638,0.039323904794756816,0.001223091976516634,1.0,0.55,0.2,0.7000000000000001,0.8,20.0,20.0,30.0,0.45,0.1,0.8,0.9,20.0,20.0,20.0,10615,6383,4232,10615,0.3986811116344795,0.36275478661807753,0.5,0.7255095732361551,2186,0.3424721917593608,1.0,1
"iteration_3","SCOPE_DATA_COLLECTION",1800,52,3190.0,3250.0,1,10585,7446,2581,10424,7427,2532,7114,4968,1640,3452,2479,945,0.32670830967253456,0.3328857257956224,0.3655705996131528,0.3743656580816217,0.7719464355427871,1.1237683272225387,0.7487313161632434,0.7719464355427871,0.7491788848150258,0.34200168681473153,0.391304347826087,0.375609756097561,97.5,100.0,5798,8176,6638,228,10,6638,0.039323904794756816,0.001223091976516634,1.0,0.55,0.2,0.7000000000000001,0.8,20.0,20.0,30.0,0.45,0.1,0.8,0.9,20.0,20.0,20.0,7550,4469,3081,7550,0.4080794701986755,0.8430400235558603,1.0,0.8430400235558603,2031,0.45446408592526294,1.0,1
"iteration_3","SCOPE_DATA_COLLECTION",1800,52,3190.0,3250.0,2,10585,7446,2581,10424,7427,2532,7114,4968,1640,3452,2479,945,0.32670830967253456,0.3328857257956224,0.3655705996131528,0.3743656580816217,0.7719464355427871,1.1237683272225387,0.7487313161632434,0.7719464355427871,0.7491788848150258,0.34200168681473153,0.391304347826087,0.375609756097561,97.5,100.0,5798,8176,6638,228,10,6638,0.039323904794756816,0.001223091976516634,1.0,0.55,0.2,0.7000000000000001,0.8,20.0,20.0,30.0,0.45,0.1,0.8,0.9,20.0,20.0,20.0,2522,1412,1110,2522,0.4401268834258525,1.212252441489033,1.5,0.808168294326022,597,0.4228045325779037,1.0,1
"iteration_3","SCOPE_DATA_COLLECTION",1800,53,3250.0,3310.0,0,10615,7550,2522,10585,7446,2581,6411,4478,1412,4232,3081,1110,0.3976322465470262,0.40759359703664505,0.4401268834258525,0.36364366834220735,0.8463478323442888,1.2102155543774278,0.7272873366844147,0.8463478323442888,0.8068103695849519,0.34409608485415694,0.4564537740062528,0.42209631728045327,100.0,100.0,5863,6609,8215,203,5,8215,0.03462391267269316,7.565441065214102E-4,1.0,0.45,0.1,0.8,0.9,20.0,20.0,20.0,0.9500000000000001,0.7000000000000001,0.6000000000000001,0.1,80.0,80.0,50.0,10406,3667,6739,10406,0.6476071497213146,0.7002329426634538,0.5,1.4004658853269076,2587,0.705481319880011,1.0,1
"iteration_3","SCOPE_DATA_COLLECTION",1800,53,3250.0,3310.0,1,10615,7550,2522,10585,7446,2581,6411,4478,1412,4232,3081,1110,0.3976322465470262,0.40759359703664505,0.4401268834258525,0.36364366834220735,0.8463478323442888,1.2102155543774278,0.7272873366844147,0.8463478323442888,0.8068103695849519,0.34409608485415694,0.4564537740062528,0.42209631728045327,100.0,100.0,5863,6609,8215,203,5,8215,0.03462391267269316,7.565441065214102E-4,1.0,0.45,0.1,0.8,0.9,20.0,20.0,20.0,0.9500000000000001,0.7000000000000001,0.6000000000000001,0.1,80.0,80.0,50.0,7644,2627,5017,7644,0.6563317634746206,1.368429607436334,1.0,1.368429607436334,2054,0.781880472021317,1.0,1
"iteration_3","SCOPE_DATA_COLLECTION",1800,53,3250.0,3310.0,2,10615,7550,2522,10585,7446,2581,6411,4478,1412,4232,3081,1110,0.3976322465470262,0.40759359703664505,0.4401268834258525,0.36364366834220735,0.8463478323442888,1.2102155543774278,0.7272873366844147,0.8463478323442888,0.8068103695849519,0.34409608485415694,0.4564537740062528,0.42209631728045327,100.0,100.0,5863,6609,8215,203,5,8215,0.03462391267269316,7.565441065214102E-4,1.0,0.45,0.1,0.8,0.9,20.0,20.0,20.0,0.9500000000000001,0.7000000000000001,0.6000000000000001,0.1,80.0,80.0,50.0,2555,845,1710,2555,0.6692759295499021,1.8939945369207527,1.5,1.262663024613835,665,0.7869822485207101,1.0,1
"iteration_3","SCOPE_DATA_COLLECTION",1800,54,3310.0,3370.0,0,10406,7644,2555,10615,7550,2522,3662,2635,852,6735,5015,1709,0.647783014331057,0.6555555555555556,0.6673174541194846,0.6977540449874637,1.365330530185044,1.888571692984685,1.3955080899749275,1.365330530185044,1.2590477953231234,0.7004369197160022,0.7783681214421252,0.7828638497652582,100.0,100.0,5560,14308,737,142,13311,6,0.02553956834532374,0.9303187028235952,0.008141112618724558,0.9500000000000001,0.7000000000000001,0.6000000000000001,0.1,80.0,80.0,50.0,0.9500000000000001,0.7000000000000001,0.5,0.1,80.0,80.0,60.0,10550,3904,6646,10550,0.6299526066350711,0.747982697437686,0.5,1.495965394875372,2731,0.6995389344262295,1.0,1
"iteration_3","SCOPE_DATA_COLLECTION",1800,54,3310.0,3370.0,1,10406,7644,2555,10615,7550,2522,3662,2635,852,6735,5015,1709,0.647783014331057,0.6555555555555556,0.6673174541194846,0.6977540449874637,1.365330530185044,1.888571692984685,1.3955080899749275,1.365330530185044,1.2590477953231234,0.7004369197160022,0.7783681214421252,0.7828638497652582,100.0,100.0,5560,14308,737,142,13311,6,0.02553956834532374,0.9303187028235952,0.008141112618724558,0.9500000000000001,0.7000000000000001,0.6000000000000001,0.1,80.0,80.0,50.0,0.9500000000000001,0.7000000000000001,0.5,0.1,80.0,80.0,60.0,7632,2768,4864,7632,0.6373165618448637,1.3590328028811418,1.0,1.3590328028811418,2068,0.7471098265895953,1.0,1
"iteration_3","SCOPE_DATA_COLLECTION",1800,54,3310.0,3370.0,2,10406,7644,2555,10615,7550,2522,3662,2635,852,6735,5015,1709,0.647783014331057,0.6555555555555556,0.6673174541194846,0.6977540449874637,1.365330530185044,1.888571692984685,1.3955080899749275,1.365330530185044,1.2590477953231234,0.7004369197160022,0.7783681214421252,0.7828638497652582,100.0,100.0,5560,14308,737,142,13311,6,0.02553956834532374,0.9303187028235952,0.008141112618724558,0.9500000000000001,0.7000000000000001,0.6000000000000001,0.1,80.0,80.0,50.0,0.9500000000000001,0.7000000000000001,0.5,0.1,80.0,80.0,60.0,2514,871,1643,2514,0.6535401750198886,1.8495222406231018,1.5,1.2330148270820678,642,0.7370838117106774,1.0,1
"iteration_3","SCOPE_DATA_COLLECTION",1800,55,3370.0,3430.0,0,10550,7632,2514,10406,7644,2555,3894,2760,866,6649,4864,1643,0.6306554111732904,0.6379853095487933,0.6548425667596652,0.7480049680667006,1.357143326191054,1.8470732213836585,1.4960099361334012,1.357143326191054,1.2313821475891056,0.6992809450436569,0.7467391304347826,0.7355658198614319,100.0,100.0,5580,14370,746,144,13012,0,0.025806451612903226,0.9054975643702158,0.0,0.9500000000000001,0.7000000000000001,0.5,0.1,80.0,80.0,60.0,0.9500000000000001,0.8,0.4,0.2,70.0,70.0,70.0,10552,3884,6668,10552,0.631918119787718,0.7864725046591489,0.5,1.5729450093182977,2763,0.7113800205973223,1.0,1
"iteration_3","SCOPE_DATA_COLLECTION",1800,55,3370.0,3430.0,1,10550,7632,2514,10406,7644,2555,3894,2760,866,6649,4864,1643,0.6306554111732904,0.6379853095487933,0.6548425667596652,0.7480049680667006,1.357143326191054,1.8470732213836585,1.4960099361334012,1.357143326191054,1.2313821475891056,0.6992809450436569,0.7467391304347826,0.7355658198614319,100.0,100.0,5580,14370,746,144,13012,0,0.025806451612903226,0.9054975643702158,0.0,0.9500000000000001,0.7000000000000001,0.5,0.1,80.0,80.0,60.0,0.9500000000000001,0.8,0.4,0.2,70.0,70.0,70.0,7577,2755,4822,7577,0.6363996304606044,1.3921501349250647,1.0,1.3921501349250647,2116,0.7680580762250454,1.0,1
"iteration_3","SCOPE_DATA_COLLECTION",1800,55,3370.0,3430.0,2,10550,7632,2514,10406,7644,2555,3894,2760,866,6649,4864,1643,0.6306554111732904,0.6379853095487933,0.6548425667596652,0.7480049680667006,1.357143326191054,1.8470732213836585,1.4960099361334012,1.357143326191054,1.2313821475891056,0.6992809450436569,0.7467391304347826,0.7355658198614319,100.0,100.0,5580,14370,746,144,13012,0,0.025806451612903226,0.9054975643702158,0.0,0.9500000000000001,0.7000000000000001,0.5,0.1,80.0,80.0,60.0,0.9500000000000001,0.8,0.4,0.2,70.0,70.0,70.0,2622,864,1758,2622,0.6704805491990846,1.9310475142446009,1.5,1.2873650094964006,663,0.7673611111111112,1.0,1
"iteration_3","SCOPE_DATA_COLLECTION",1800,56,3430.0,3490.0,0,10552,7577,2622,10550,7632,2514,3815,2718,854,6666,4818,1759,0.6360080145024329,0.6393312101910829,0.6731725985457329,0.6949749470138148,1.3317999089982016,1.8815931572737874,1.3899498940276296,1.3317999089982016,1.2543954381825249,0.7056356487549148,0.7641648270787343,0.765807962529274,100.0,100.0,5628,14350,773,190,13053,0,0.03375977256574272,0.9096167247386759,0.0,0.9500000000000001,0.8,0.4,0.2,70.0,70.0,70.0,0.9500000000000001,0.9,0.30000000000000004,0.1,60.0,60.0,60.0,10442,3323,7119,10442,0.681765945221222,0.6951495529891721,0.5,1.3902991059783443,2513,0.7562443575082757,1.0,1
"iteration_3","SCOPE_DATA_COLLECTION",1800,56,3430.0,3490.0,1,10552,7577,2622,10550,7632,2514,3815,2718,854,6666,4818,1759,0.6360080145024329,0.6393312101910829,0.6731725985457329,0.6949749470138148,1.3317999089982016,1.8815931572737874,1.3899498940276296,1.3317999089982016,1.2543954381825249,0.7056356487549148,0.7641648270787343,0.765807962529274,100.0,100.0,5628,14350,773,190,13053,0,0.03375977256574272,0.9096167247386759,0.0,0.9500000000000001,0.8,0.4,0.2,70.0,70.0,70.0,0.9500000000000001,0.9,0.30000000000000004,0.1,60.0,60.0,60.0,7618,2451,5167,7618,0.6782620110265162,1.3261101137870541,1.0,1.3261101137870541,1938,0.7906976744186046,1.0,1
"iteration_3","SCOPE_DATA_COLLECTION",1800,56,3430.0,3490.0,2,10552,7577,2622,10550,7632,2514,3815,2718,854,6666,4818,1759,0.6360080145024329,0.6393312101910829,0.6731725985457329,0.6949749470138148,1.3317999089982016,1.8815931572737874,1.3899498940276296,1.3317999089982016,1.2543954381825249,0.7056356487549148,0.7641648270787343,0.765807962529274,100.0,100.0,5628,14350,773,190,13053,0,0.03375977256574272,0.9096167247386759,0.0,0.9500000000000001,0.8,0.4,0.2,70.0,70.0,70.0,0.9500000000000001,0.9,0.30000000000000004,0.1,60.0,60.0,60.0,2527,793,1734,2527,0.6861891571032845,1.9451915246683567,1.5,1.2967943497789045,655,0.8259773013871374,1.0,1
"iteration_3","SCOPE_DATA_COLLECTION",1800,57,3490.0,3550.0,0,10442,7618,2527,10552,7577,2622,3391,2491,803,7120,5173,1734,0.6773855960422415,0.6749739039665971,0.6834844304296414,0.7988824899439555,1.3925423292996422,2.0005196954316298,1.597764979887911,1.3925423292996422,1.3336797969544198,0.7614273075788853,0.7940586109995985,0.8268991282689913,97.5,100.0,5437,14386,764,106,13921,0,0.01949604561338974,0.9676769081051022,0.0,0.9500000000000001,0.9,0.30000000000000004,0.1,60.0,60.0,60.0,0.9500000000000001,0.9,0.4,0.1,70.0,70.0,50.0,10634,3444,7190,10634,0.6761331577957495,0.722498947827199,0.5,1.444997895654398,2522,0.7322880371660859,1.0,1
"iteration_3","SCOPE_DATA_COLLECTION",1800,57,3490.0,3550.0,1,10442,7618,2527,10552,7577,2622,3391,2491,803,7120,5173,1734,0.6773855960422415,0.6749739039665971,0.6834844304296414,0.7988824899439555,1.3925423292996422,2.0005196954316298,1.597764979887911,1.3925423292996422,1.3336797969544198,0.7614273075788853,0.7940586109995985,0.8268991282689913,97.5,100.0,5437,14386,764,106,13921,0,0.01949604561338974,0.9676769081051022,0.0,0.9500000000000001,0.9,0.30000000000000004,0.1,60.0,60.0,60.0,0.9500000000000001,0.9,0.4,0.1,70.0,70.0,50.0,7621,2422,5199,7621,0.6821939378034378,1.39904615201257,1.0,1.39904615201257,1993,0.8228736581337738,1.0,1
"iteration_3","SCOPE_DATA_COLLECTION",1800,57,3490.0,3550.0,2,10442,7618,2527,10552,7577,2622,3391,2491,803,7120,5173,1734,0.6773855960422415,0.6749739039665971,0.6834844304296414,0.7988824899439555,1.3925423292996422,2.0005196954316298,1.597764979887911,1.3925423292996422,1.3336797969544198,0.7614273075788853,0.7940586109995985,0.8268991282689913,97.5,100.0,5437,14386,764,106,13921,0,0.01949604561338974,0.9676769081051022,0.0,0.9500000000000001,0.9,0.30000000000000004,0.1,60.0,60.0,60.0,0.9500000000000001,0.9,0.4,0.1,70.0,70.0,50.0,2568,831,1737,2568,0.6764018691588785,1.9383281485076833,1.5,1.292218765671789,684,0.8231046931407943,1.0,1
"iteration_3","SCOPE_DATA_COLLECTION",1800,58,3550.0,3619.097963565076,0,10634,7621,2568,10442,7618,2527,3450,2422,832,7191,5198,1737,0.6757823512827742,0.6821522309711286,0.6761385753211366,0.7236136294631166,1.3945362510316348,1.9354087293696802,1.4472272589262332,1.3945362510316348,1.2902724862464534,0.7336231884057971,0.8224607762180016,0.8233173076923077,100.0,100.0,5410,14632,781,116,14010,0,0.02144177449168207,0.9574904319300164,0.0,0.9500000000000001,0.9,0.4,0.1,70.0,70.0,50.0,0.65,0.4,0.4,0.2,45.0,65.0,90.0,8769,7055,1674,8729,0.19177454462137702,0.36545335518939553,0.5,0.7309067103787911,2069,0.29326718639262933,0.9954384764511347,0
"iteration_3","SCOPE_DATA_COLLECTION",1800,58,3550.0,3619.097963565076,1,10634,7621,2568,10442,7618,2527,3450,2422,832,7191,5198,1737,0.6757823512827742,0.6821522309711286,0.6761385753211366,0.7236136294631166,1.3945362510316348,1.9354087293696802,1.4472272589262332,1.3945362510316348,1.2902724862464534,0.7336231884057971,0.8224607762180016,0.8233173076923077,100.0,100.0,5410,14632,781,116,14010,0,0.02144177449168207,0.9574904319300164,0.0,0.9500000000000001,0.9,0.4,0.1,70.0,70.0,50.0,0.65,0.4,0.4,0.2,45.0,65.0,90.0,6136,4869,1202,6071,0.19799044638445068,0.6983223962893559,1.0,0.6983223962893559,1562,0.3208050934483467,0.989406779661017,0
"iteration_3","SCOPE_DATA_COLLECTION",1800,58,3550.0,3619.097963565076,2,10634,7621,2568,10442,7618,2527,3450,2422,832,7191,5198,1737,0.6757823512827742,0.6821522309711286,0.6761385753211366,0.7236136294631166,1.3945362510316348,1.9354087293696802,1.4472272589262332,1.3945362510316348,1.2902724862464534,0.7336231884057971,0.8224607762180016,0.8233173076923077,100.0,100.0,5410,14632,781,116,14010,0,0.02144177449168207,0.9574904319300164,0.0,0.9500000000000001,0.9,0.4,0.1,70.0,70.0,50.0,0.65,0.4,0.4,0.2,45.0,65.0,90.0,2109,1612,462,2074,0.2227579556412729,1.0372908404252055,1.5,0.691527226950137,510,0.3163771712158809,0.9834044570886676,0
"iteration_4","SCOPE_DATA_COLLECTION",100,0,70.0,130.0,0,569,329,124,0,0,0,563,319,114,1,0,1,0.0017730496453900709,0.0,0.008695652173913044,0.3455347967851769,1.0568759943608874,2.05464508389354,0.6910695935703538,1.0568759943608874,1.36976338926236,0.0,0.774294670846395,1.0,60.0,100.0,1022,0,0,2,0,0,0.0019569471624266144,0.0,0.0,0.6,0.5,0.7,0.4,85.0,80.0,90.0,0.05,0.8,0.1,0.9,30.0,80.0,20.0,617,617,0,617,0.0,0.34728792319119306,0.5,0.6945758463823861,0,0.0,1.0,1
"iteration_4","SCOPE_DATA_COLLECTION",100,0,70.0,130.0,1,569,329,124,0,0,0,563,319,114,1,0,1,0.0017730496453900709,0.0,0.008695652173913044,0.3455347967851769,1.0568759943608874,2.05464508389354,0.6910695935703538,1.0568759943608874,1.36976338926236,0.0,0.774294670846395,1.0,60.0,100.0,1022,0,0,2,0,0,0.0019569471624266144,0.0,0.0,0.6,0.5,0.7,0.4,85.0,80.0,90.0,0.05,0.8,0.1,0.9,30.0,80.0,20.0,375,374,1,375,0.0026666666666666666,1.0513344746579563,1.0,1.0513344746579563,283,0.7566844919786097,1.0,1
"iteration_4","SCOPE_DATA_COLLECTION",100,0,70.0,130.0,2,569,329,124,0,0,0,563,319,114,1,0,1,0.0017730496453900709,0.0,0.008695652173913044,0.3455347967851769,1.0568759943608874,2.05464508389354,0.6910695935703538,1.0568759943608874,1.36976338926236,0.0,0.774294670846395,1.0,60.0,100.0,1022,0,0,2,0,0,0.0019569471624266144,0.0,0.0,0.6,0.5,0.7,0.4,85.0,80.0,90.0,0.05,0.8,0.1,0.9,30.0,80.0,20.0,130,130,0,130,0.0,2.0756049673680366,1.5,1.3837366449120243,130,1.0,1.0,1
"iteration_4","SCOPE_DATA_COLLECTION",100,1,130.0,190.0,0,617,375,130,569,329,124,619,376,135,0,1,0,0.0,0.002652519893899204,0.0,0.34726866994173244,1.0524452755162226,2.0693601878396266,0.6945373398834649,1.0524452755162226,1.379573458559751,0.0,0.7632978723404256,1.0,32.5,100.0,1122,0,0,1,0,0,8.9126559714795E-4,0.0,0.0,0.05,0.8,0.1,0.9,30.0,80.0,20.0,0.15000000000000002,0.9,0.1,0.9,40.0,70.0,30.0,620,620,0,620,0.0,0.34726647064408145,0.5,0.6945329412881629,0,0.0,1.0,1
"iteration_4","SCOPE_DATA_COLLECTION",100,1,130.0,190.0,1,617,375,130,569,329,124,619,376,135,0,1,0,0.0,0.002652519893899204,0.0,0.34726866994173244,1.0524452755162226,2.0693601878396266,0.6945373398834649,1.0524452755162226,1.379573458559751,0.0,0.7632978723404256,1.0,32.5,100.0,1122,0,0,1,0,0,8.9126559714795E-4,0.0,0.0,0.05,0.8,0.1,0.9,30.0,80.0,20.0,0.15000000000000002,0.9,0.1,0.9,40.0,70.0,30.0,383,383,0,383,0.0,1.0584352138865298,1.0,1.0584352138865298,306,0.7989556135770235,1.0,1
"iteration_4","SCOPE_DATA_COLLECTION",100,1,130.0,190.0,2,617,375,130,569,329,124,619,376,135,0,1,0,0.0,0.002652519893899204,0.0,0.34726866994173244,1.0524452755162226,2.0693601878396266,0.6945373398834649,1.0524452755162226,1.379573458559751,0.0,0.7632978723404256,1.0,32.5,100.0,1122,0,0,1,0,0,8.9126559714795E-4,0.0,0.0,0.05,0.8,0.1,0.9,30.0,80.0,20.0,0.15000000000000002,0.9,0.1,0.9,40.0,70.0,30.0,117,117,0,117,0.0,2.051819356479894,1.5,1.367879570986596,117,1.0,1.0,1
"iteration_4","SCOPE_DATA_COLLECTION",100,2,190.0,250.0,0,620,383,117,617,375,130,622,386,118,0,0,0,0.0,0.0,0.0,0.3473442030026703,1.058581575004051,2.055665454509734,0.6946884060053407,1.058581575004051,1.3704436363398227,0.0,0.7979274611398963,1.0,22.5,100.0,1120,0,0,0,0,0,0.0,0.0,0.0,0.15000000000000002,0.9,0.1,0.9,40.0,70.0,30.0,0.75,0.5,0.7000000000000001,0.9,55.0,60.0,40.0,615,615,0,615,0.0,0.3464506753776648,0.5,0.6929013507553295,0,0.0,1.0,1
"iteration_4","SCOPE_DATA_COLLECTION",100,2,190.0,250.0,1,620,383,117,617,375,130,622,386,118,0,0,0,0.0,0.0,0.0,0.3473442030026703,1.058581575004051,2.055665454509734,0.6946884060053407,1.058581575004051,1.3704436363398227,0.0,0.7979274611398963,1.0,22.5,100.0,1120,0,0,0,0,0,0.0,0.0,0.0,0.15000000000000002,0.9,0.1,0.9,40.0,70.0,30.0,0.75,0.5,0.7000000000000001,0.9,55.0,60.0,40.0,389,389,0,389,0.0,1.0570823912968597,1.0,1.0570823912968597,308,0.7917737789203085,1.0,1
"iteration_4","SCOPE_DATA_COLLECTION",100,2,190.0,250.0,2,620,383,117,617,375,130,622,386,118,0,0,0,0.0,0.0,0.0,0.3473442030026703,1.058581575004051,2.055665454509734,0.6946884060053407,1.058581575004051,1.3704436363398227,0.0,0.7979274611398963,1.0,22.5,100.0,1120,0,0,0,0,0,0.0,0.0,0.0,0.15000000000000002,0.9,0.1,0.9,40.0,70.0,30.0,0.75,0.5,0.7000000000000001,0.9,55.0,60.0,40.0,132,132,0,132,0.0,2.0667946366209593,1.5,1.3778630910806395,132,1.0,1.0,1
"iteration_4","SCOPE_DATA_COLLECTION",100,3,250.0,310.0,0,615,389,132,620,383,117,613,382,130,0,0,0,0.0,0.0,0.0,0.3464306588868213,1.0567432825434104,2.065025676781322,0.6928613177736426,1.0567432825434104,1.3766837845208812,0.0,0.7905759162303665,1.0,50.0,100.0,1136,0,0,0,0,0,0.0,0.0,0.0,0.75,0.5,0.7000000000000001,0.9,55.0,60.0,40.0,0.8500000000000001,0.4,0.7000000000000001,0.9,55.0,60.0,40.0,604,604,0,604,0.0,0.34801370510601204,0.5,0.6960274102120241,0,0.0,1.0,1
"iteration_4","SCOPE_DATA_COLLECTION",100,3,250.0,310.0,1,615,389,132,620,383,117,613,382,130,0,0,0,0.0,0.0,0.0,0.3464306588868213,1.0567432825434104,2.065025676781322,0.6928613177736426,1.0567432825434104,1.3766837845208812,0.0,0.7905759162303665,1.0,50.0,100.0,1136,0,0,0,0,0,0.0,0.0,0.0,0.75,0.5,0.7000000000000001,0.9,55.0,60.0,40.0,0.8500000000000001,0.4,0.7000000000000001,0.9,55.0,60.0,40.0,369,369,0,369,0.0,1.0550008835845766,1.0,1.0550008835845766,280,0.7588075880758808,1.0,1
"iteration_4","SCOPE_DATA_COLLECTION",100,3,250.0,310.0,2,615,389,132,620,383,117,613,382,130,0,0,0,0.0,0.0,0.0,0.3464306588868213,1.0567432825434104,2.065025676781322,0.6928613177736426,1.0567432825434104,1.3766837845208812,0.0,0.7905759162303665,1.0,50.0,100.0,1136,0,0,0,0,0,0.0,0.0,0.0,0.75,0.5,0.7000000000000001,0.9,55.0,60.0,40.0,0.8500000000000001,0.4,0.7000000000000001,0.9,55.0,60.0,40.0,139,139,0,139,0.0,2.0565775013100103,1.5,1.3710516675400068,139,1.0,1.0,1
"iteration_4","SCOPE_DATA_COLLECTION",100,4,310.0,370.0,0,604,369,139,615,389,132,600,374,137,0,0,0,0.0,0.0,0.0,0.3480310482126575,1.055008185680302,2.054068094976012,0.696062096425315,1.055008185680302,1.369378729984008,0.0,0.7620320855614974,1.0,52.5,100.0,1112,0,0,0,0,0,0.0,0.0,0.0,0.8500000000000001,0.4,0.7000000000000001,0.9,55.0,60.0,40.0,0.1,0.5,0.1,0.6000000000000001,30.0,35.0,35.0,664,662,2,664,0.0030120481927710845,0.3493690571642773,0.5,0.6987381143285546,0,0.0,1.0,1
"iteration_4","SCOPE_DATA_COLLECTION",100,4,310.0,370.0,1,604,369,139,615,389,132,600,374,137,0,0,0,0.0,0.0,0.0,0.3480310482126575,1.055008185680302,2.054068094976012,0.696062096425315,1.055008185680302,1.369378729984008,0.0,0.7620320855614974,1.0,52.5,100.0,1112,0,0,0,0,0,0.0,0.0,0.0,0.8500000000000001,0.4,0.7000000000000001,0.9,55.0,60.0,40.0,0.1,0.5,0.1,0.6000000000000001,30.0,35.0,35.0,395,395,0,395,0.0,1.0568709073191573,1.0,1.0568709073191573,303,0.7670886075949367,1.0,1
"iteration_4","SCOPE_DATA_COLLECTION",100,4,310.0,370.0,2,604,369,139,615,389,132,600,374,137,0,0,0,0.0,0.0,0.0,0.3480310482126575,1.055008185680302,2.054068094976012,0.696062096425315,1.055008185680302,1.369378729984008,0.0,0.7620320855614974,1.0,52.5,100.0,1112,0,0,0,0,0,0.0,0.0,0.0,0.8500000000000001,0.4,0.7000000000000001,0.9,55.0,60.0,40.0,0.1,0.5,0.1,0.6000000000000001,30.0,35.0,35.0,149,148,1,149,0.006711409395973154,2.054760400418847,1.5,1.369840266945898,148,1.0,1.0,1
"iteration_4","SCOPE_DATA_COLLECTION",100,5,370.0,430.0,0,664,395,149,604,369,139,663,398,149,2,0,1,0.0030075187969924814,0.0,0.006666666666666667,0.3495140662997502,1.0569527390743856,2.0564664631213825,0.6990281325995004,1.0569527390743856,1.3709776420809217,0.0,0.7638190954773869,1.0,37.5,100.0,1208,0,0,3,0,0,0.0024834437086092716,0.0,0.0,0.1,0.5,0.1,0.6000000000000001,30.0,35.0,35.0,0.1,0.4,0.1,0.5,40.0,35.0,35.0,635,634,1,635,0.0015748031496062992,0.35056018309925135,0.5,0.7011203661985027,0,0.0,1.0,1
"iteration_4","SCOPE_DATA_COLLECTION",100,5,370.0,430.0,1,664,395,149,604,369,139,663,398,149,2,0,1,0.0030075187969924814,0.0,0.006666666666666667,0.3495140662997502,1.0569527390743856,2.0564664631213825,0.6990281325995004,1.0569527390743856,1.3709776420809217,0.0,0.7638190954773869,1.0,37.5,100.0,1208,0,0,3,0,0,0.0024834437086092716,0.0,0.0,0.1,0.5,0.1,0.6000000000000001,30.0,35.0,35.0,0.1,0.4,0.1,0.5,40.0,35.0,35.0,367,367,0,367,0.0,1.055255688574372,1.0,1.055255688574372,281,0.7656675749318801,1.0,1
"iteration_4","SCOPE_DATA_COLLECTION",100,5,370.0,430.0,2,664,395,149,604,369,139,663,398,149,2,0,1,0.0030075187969924814,0.0,0.006666666666666667,0.3495140662997502,1.0569527390743856,2.0564664631213825,0.6990281325995004,1.0569527390743856,1.3709776420809217,0.0,0.7638190954773869,1.0,37.5,100.0,1208,0,0,3,0,0,0.0024834437086092716,0.0,0.0,0.1,0.5,0.1,0.6000000000000001,30.0,35.0,35.0,0.1,0.4,0.1,0.5,40.0,35.0,35.0,141,141,0,141,0.0,2.048818734473328,1.5,1.3658791563155521,141,1.0,1.0,1
"iteration_4","SCOPE_DATA_COLLECTION",100,6,430.0,490.0,0,635,367,141,664,395,149,635,365,145,1,0,0,0.0015723270440251573,0.0,0.0,0.3504277422046819,1.0562774733646392,2.0506002728923134,0.7008554844093638,1.0562774733646392,1.3670668485948756,0.0,0.7753424657534247,1.0,30.0,100.0,1143,0,0,1,0,0,8.748906386701663E-4,0.0,0.0,0.1,0.4,0.1,0.5,40.0,35.0,35.0,0.5,0.8,0.8,0.5,30.0,30.0,90.0,625,624,1,625,0.0016,0.3485802374516133,0.5,0.6971604749032266,0,0.0,1.0,1
"iteration_4","SCOPE_DATA_COLLECTION",100,6,430.0,490.0,1,635,367,141,664,395,149,635,365,145,1,0,0,0.0015723270440251573,0.0,0.0,0.3504277422046819,1.0562774733646392,2.0506002728923134,0.7008554844093638,1.0562774733646392,1.3670668485948756,0.0,0.7753424657534247,1.0,30.0,100.0,1143,0,0,1,0,0,8.748906386701663E-4,0.0,0.0,0.1,0.4,0.1,0.5,40.0,35.0,35.0,0.5,0.8,0.8,0.5,30.0,30.0,90.0,393,392,1,393,0.002544529262086514,1.0565258673581324,1.0,1.0565258673581324,303,0.7729591836734694,1.0,1
"iteration_4","SCOPE_DATA_COLLECTION",100,6,430.0,490.0,2,635,367,141,664,395,149,635,365,145,1,0,0,0.0015723270440251573,0.0,0.0,0.3504277422046819,1.0562774733646392,2.0506002728923134,0.7008554844093638,1.0562774733646392,1.3670668485948756,0.0,0.7753424657534247,1.0,30.0,100.0,1143,0,0,1,0,0,8.748906386701663E-4,0.0,0.0,0.1,0.4,0.1,0.5,40.0,35.0,35.0,0.5,0.8,0.8,0.5,30.0,30.0,90.0,140,140,0,140,0.0,2.0667216931607135,1.5,1.3778144621071424,140,1.0,1.0,1
"iteration_4","SCOPE_DATA_COLLECTION",100,7,490.0,550.0,0,625,393,140,635,367,141,625,393,135,1,1,0,0.001597444089456869,0.0025380710659898475,0.0,0.3486094786649409,1.056364146105693,2.0649840300664515,0.6972189573298818,1.056364146105693,1.376656020044301,0.0,0.7709923664122137,1.0,35.0,100.0,1158,0,0,2,0,0,0.0017271157167530224,0.0,0.0,0.5,0.8,0.8,0.5,30.0,30.0,90.0,0.4,0.8,0.30000000000000004,0.8,70.0,50.0,30.0,682,681,1,682,0.001466275659824047,0.3485354007623249,0.5,0.6970708015246498,0,0.0,1.0,1
"iteration_4","SCOPE_DATA_COLLECTION",100,7,490.0,550.0,1,625,393,140,635,367,141,625,393,135,1,1,0,0.001597444089456869,0.0025380710659898475,0.0,0.3486094786649409,1.056364146105693,2.0649840300664515,0.6972189573298818,1.056364146105693,1.376656020044301,0.0,0.7709923664122137,1.0,35.0,100.0,1158,0,0,2,0,0,0.0017271157167530224,0.0,0.0,0.5,0.8,0.8,0.5,30.0,30.0,90.0,0.4,0.8,0.30000000000000004,0.8,70.0,50.0,30.0,389,389,0,389,0.0,1.0510751562227196,1.0,1.0510751562227196,298,0.7660668380462725,1.0,1
"iteration_4","SCOPE_DATA_COLLECTION",100,7,490.0,550.0,2,625,393,140,635,367,141,625,393,135,1,1,0,0.001597444089456869,0.0025380710659898475,0.0,0.3486094786649409,1.056364146105693,2.0649840300664515,0.6972189573298818,1.056364146105693,1.376656020044301,0.0,0.7709923664122137,1.0,35.0,100.0,1158,0,0,2,0,0,0.0017271157167530224,0.0,0.0,0.5,0.8,0.8,0.5,30.0,30.0,90.0,0.4,0.8,0.30000000000000004,0.8,70.0,50.0,30.0,149,148,1,149,0.006711409395973154,2.0820591605135053,1.5,1.3880394403423368,148,1.0,1.0,1
"iteration_4","SCOPE_DATA_COLLECTION",100,8,550.0,610.0,0,682,389,149,625,393,140,682,387,152,1,0,1,0.0014641288433382138,0.0,0.006535947712418301,0.3485529769433337,1.0503513623482765,2.0838639639689296,0.6971059538866674,1.0503513623482765,1.389242642645953,0.0,0.7571059431524548,1.0,32.5,100.0,1220,0,0,2,0,0,0.001639344262295082,0.0,0.0,0.4,0.8,0.30000000000000004,0.8,70.0,50.0,30.0,0.4,0.7000000000000001,0.30000000000000004,0.7000000000000001,60.0,50.0,30.0,657,656,1,657,0.0015220700152207,0.34714834855448357,0.5,0.6942966971089671,0,0.0,1.0,1
"iteration_4","SCOPE_DATA_COLLECTION",100,8,550.0,610.0,1,682,389,149,625,393,140,682,387,152,1,0,1,0.0014641288433382138,0.0,0.006535947712418301,0.3485529769433337,1.0503513623482765,2.0838639639689296,0.6971059538866674,1.0503513623482765,1.389242642645953,0.0,0.7571059431524548,1.0,32.5,100.0,1220,0,0,2,0,0,0.001639344262295082,0.0,0.0,0.4,0.8,0.30000000000000004,0.8,70.0,50.0,30.0,0.4,0.7000000000000001,0.30000000000000004,0.7000000000000001,60.0,50.0,30.0,383,383,0,383,0.0,1.050803764023498,1.0,1.050803764023498,292,0.762402088772846,1.0,1
"iteration_4","SCOPE_DATA_COLLECTION",100,8,550.0,610.0,2,682,389,149,625,393,140,682,387,152,1,0,1,0.0014641288433382138,0.0,0.006535947712418301,0.3485529769433337,1.0503513623482765,2.0838639639689296,0.6971059538866674,1.0503513623482765,1.389242642645953,0.0,0.7571059431524548,1.0,32.5,100.0,1220,0,0,2,0,0,0.001639344262295082,0.0,0.0,0.4,0.8,0.30000000000000004,0.8,70.0,50.0,30.0,0.4,0.7000000000000001,0.30000000000000004,0.7000000000000001,60.0,50.0,30.0,158,158,0,158,0.0,2.092191380998593,1.5,1.3947942539990619,158,1.0,1.0,1
"iteration_4","SCOPE_DATA_COLLECTION",100,9,610.0,670.0,0,657,383,158,682,389,149,652,384,154,1,0,0,0.0015313935681470138,0.0,0.0,0.3468929212497213,1.0505229682084016,2.0924638119521233,0.6937858424994426,1.0505229682084016,1.394975874634749,0.0,0.7682291666666666,1.0,45.0,100.0,1198,0,0,1,0,0,8.347245409015025E-4,0.0,0.0,0.4,0.7000000000000001,0.30000000000000004,0.7000000000000001,60.0,50.0,30.0,0.4,0.6000000000000001,0.30000000000000004,0.7000000000000001,50.0,40.0,40.0,620,619,1,620,0.0016129032258064516,0.3470952094125917,0.5,0.6941904188251834,0,0.0,1.0,1
"iteration_4","SCOPE_DATA_COLLECTION",100,9,610.0,670.0,1,657,383,158,682,389,149,652,384,154,1,0,0,0.0015313935681470138,0.0,0.0,0.3468929212497213,1.0505229682084016,2.0924638119521233,0.6937858424994426,1.0505229682084016,1.394975874634749,0.0,0.7682291666666666,1.0,45.0,100.0,1198,0,0,1,0,0,8.347245409015025E-4,0.0,0.0,0.4,0.7000000000000001,0.30000000000000004,0.7000000000000001,60.0,50.0,30.0,0.4,0.6000000000000001,0.30000000000000004,0.7000000000000001,50.0,40.0,40.0,440,440,0,440,0.0,1.0575392672751116,1.0,1.0575392672751116,340,0.7727272727272727,1.0,1
"iteration_4","SCOPE_DATA_COLLECTION",100,9,610.0,670.0,2,657,383,158,682,389,149,652,384,154,1,0,0,0.0015313935681470138,0.0,0.0,0.3468929212497213,1.0505229682084016,2.0924638119521233,0.6937858424994426,1.0505229682084016,1.394975874634749,0.0,0.7682291666666666,1.0,45.0,100.0,1198,0,0,1,0,0,8.347245409015025E-4,0.0,0.0,0.4,0.7000000000000001,0.30000000000000004,0.7000000000000001,60.0,50.0,30.0,0.4,0.6000000000000001,0.30000000000000004,0.7000000000000001,50.0,40.0,40.0,136,136,0,136,0.0,2.075720950183534,1.5,1.3838139667890228,136,1.0,1.0,1
"iteration_4","SCOPE_DATA_COLLECTION",100,10,670.0,730.0,0,620,440,136,657,383,158,624,438,139,1,0,0,0.0016,0.0,0.0,0.3472916692659574,1.058456411177143,2.0774796172916927,0.6945833385319148,1.058456411177143,1.3849864115277952,0.0,0.771689497716895,1.0,35.0,100.0,1196,0,0,1,0,0,8.361204013377926E-4,0.0,0.0,0.4,0.6000000000000001,0.30000000000000004,0.7000000000000001,50.0,40.0,40.0,0.4,0.7000000000000001,0.2,0.7000000000000001,50.0,50.0,50.0,626,626,0,626,0.0,0.3491928341155416,0.5,0.6983856682310832,0,0.0,1.0,1
"iteration_4","SCOPE_DATA_COLLECTION",100,10,670.0,730.0,1,620,440,136,657,383,158,624,438,139,1,0,0,0.0016,0.0,0.0,0.3472916692659574,1.058456411177143,2.0774796172916927,0.6945833385319148,1.058456411177143,1.3849864115277952,0.0,0.771689497716895,1.0,35.0,100.0,1196,0,0,1,0,0,8.361204013377926E-4,0.0,0.0,0.4,0.6000000000000001,0.30000000000000004,0.7000000000000001,50.0,40.0,40.0,0.4,0.7000000000000001,0.2,0.7000000000000001,50.0,50.0,50.0,426,426,0,426,0.0,1.0581135067733871,1.0,1.0581135067733871,341,0.8004694835680751,1.0,1
"iteration_4","SCOPE_DATA_COLLECTION",100,10,670.0,730.0,2,620,440,136,657,383,158,624,438,139,1,0,0,0.0016,0.0,0.0,0.3472916692659574,1.058456411177143,2.0774796172916927,0.6945833385319148,1.058456411177143,1.3849864115277952,0.0,0.771689497716895,1.0,35.0,100.0,1196,0,0,1,0,0,8.361204013377926E-4,0.0,0.0,0.4,0.6000000000000001,0.30000000000000004,0.7000000000000001,50.0,40.0,40.0,0.4,0.7000000000000001,0.2,0.7000000000000001,50.0,50.0,50.0,152,152,0,152,0.0,2.0519858530335457,1.5,1.3679905686890306,152,1.0,1.0,1
"iteration_4","SCOPE_DATA_COLLECTION",100,11,730.0,790.0,0,626,426,152,620,440,136,626,426,150,0,0,0,0.0,0.0,0.0,0.34920905132812635,1.0573215740790287,2.0518874436185555,0.6984181026562527,1.0573215740790287,1.3679249624123704,0.0,0.8028169014084507,1.0,40.0,100.0,1204,0,0,0,0,0,0.0,0.0,0.0,0.4,0.7000000000000001,0.2,0.7000000000000001,50.0,50.0,50.0,0.15000000000000002,0.8,0.4,0.2,50.0,95.0,50.0,646,646,0,646,0.0,0.34799295410455044,0.5,0.6959859082091009,0,0.0,1.0,1
"iteration_4","SCOPE_DATA_COLLECTION",100,11,730.0,790.0,1,626,426,152,620,440,136,626,426,150,0,0,0,0.0,0.0,0.0,0.34920905132812635,1.0573215740790287,2.0518874436185555,0.6984181026562527,1.0573215740790287,1.3679249624123704,0.0,0.8028169014084507,1.0,40.0,100.0,1204,0,0,0,0,0,0.0,0.0,0.0,0.4,0.7000000000000001,0.2,0.7000000000000001,50.0,50.0,50.0,0.15000000000000002,0.8,0.4,0.2,50.0,95.0,50.0,357,357,0,357,0.0,1.0534904567451995,1.0,1.0534904567451995,270,0.7563025210084033,1.0,1
"iteration_4","SCOPE_DATA_COLLECTION",100,11,730.0,790.0,2,626,426,152,620,440,136,626,426,150,0,0,0,0.0,0.0,0.0,0.34920905132812635,1.0573215740790287,2.0518874436185555,0.6984181026562527,1.0573215740790287,1.3679249624123704,0.0,0.8028169014084507,1.0,40.0,100.0,1204,0,0,0,0,0,0.0,0.0,0.0,0.4,0.7000000000000001,0.2,0.7000000000000001,50.0,50.0,50.0,0.15000000000000002,0.8,0.4,0.2,50.0,95.0,50.0,160,160,0,160,0.0,2.0434552341323418,1.5,1.362303489421561,160,1.0,1.0,1
"iteration_4","SCOPE_DATA_COLLECTION",100,12,790.0,850.0,0,646,357,160,626,426,152,645,358,164,0,0,0,0.0,0.0,0.0,0.34802680322047747,1.0534596358013757,2.042628498756523,0.6960536064409549,1.0534596358013757,1.3617523325043486,0.0,0.7513966480446927,1.0,27.5,100.0,1163,0,0,0,0,0,0.0,0.0,0.0,0.15000000000000002,0.8,0.4,0.2,50.0,95.0,50.0,0.05,0.9,0.4,0.1,40.0,95.0,60.0,646,646,0,646,0.0,0.3504864929242392,0.5,0.7009729858484784,0,0.0,1.0,1
"iteration_4","SCOPE_DATA_COLLECTION",100,12,790.0,850.0,1,646,357,160,626,426,152,645,358,164,0,0,0,0.0,0.0,0.0,0.34802680322047747,1.0534596358013757,2.042628498756523,0.6960536064409549,1.0534596358013757,1.3617523325043486,0.0,0.7513966480446927,1.0,27.5,100.0,1163,0,0,0,0,0,0.0,0.0,0.0,0.15000000000000002,0.8,0.4,0.2,50.0,95.0,50.0,0.05,0.9,0.4,0.1,40.0,95.0,60.0,380,380,0,380,0.0,1.0558139930593735,1.0,1.0558139930593735,296,0.7789473684210526,1.0,1
"iteration_4","SCOPE_DATA_COLLECTION",100,12,790.0,850.0,2,646,357,160,626,426,152,645,358,164,0,0,0,0.0,0.0,0.0,0.34802680322047747,1.0534596358013757,2.042628498756523,0.6960536064409549,1.0534596358013757,1.3617523325043486,0.0,0.7513966480446927,1.0,27.5,100.0,1163,0,0,0,0,0,0.0,0.0,0.0,0.15000000000000002,0.8,0.4,0.2,50.0,95.0,50.0,0.05,0.9,0.4,0.1,40.0,95.0,60.0,148,148,0,148,0.0,2.0696018884060594,1.5,1.3797345922707063,148,1.0,1.0,1
"iteration_4","SCOPE_DATA_COLLECTION",100,13,850.0,910.0,0,646,380,148,646,357,160,645,379,143,0,0,0,0.0,0.0,0.0,0.35046177201003814,1.0558597829796652,2.0685204751891617,0.7009235440200763,1.0558597829796652,1.3790136501261079,0.0,0.7783641160949868,1.0,45.0,100.0,1174,0,0,0,0,0,0.0,0.0,0.0,0.05,0.9,0.4,0.1,40.0,95.0,60.0,0.05,0.9,0.4,0.2,50.0,85.0,70.0,641,641,0,641,0.0,0.3481967400845244,0.5,0.6963934801690488,0,0.0,1.0,1
"iteration_4","SCOPE_DATA_COLLECTION",100,13,850.0,910.0,1,646,380,148,646,357,160,645,379,143,0,0,0,0.0,0.0,0.0,0.35046177201003814,1.0558597829796652,2.0685204751891617,0.7009235440200763,1.0558597829796652,1.3790136501261079,0.0,0.7783641160949868,1.0,45.0,100.0,1174,0,0,0,0,0,0.0,0.0,0.0,0.05,0.9,0.4,0.1,40.0,95.0,60.0,0.05,0.9,0.4,0.2,50.0,85.0,70.0,380,380,0,380,0.0,1.048506342930186,1.0,1.048506342930186,286,0.7526315789473684,1.0,1
"iteration_4","SCOPE_DATA_COLLECTION",100,13,850.0,910.0,2,646,380,148,646,357,160,645,379,143,0,0,0,0.0,0.0,0.0,0.35046177201003814,1.0558597829796652,2.0685204751891617,0.7009235440200763,1.0558597829796652,1.3790136501261079,0.0,0.7783641160949868,1.0,45.0,100.0,1174,0,0,0,0,0,0.0,0.0,0.0,0.05,0.9,0.4,0.1,40.0,95.0,60.0,0.05,0.9,0.4,0.2,50.0,85.0,70.0,134,134,0,134,0.0,2.0387745476931514,1.5,1.3591830317954343,134,1.0,1.0,1
"iteration_4","SCOPE_DATA_COLLECTION",100,14,910.0,970.0,0,641,380,134,646,380,148,641,386,135,0,0,0,0.0,0.0,0.0,0.34821543772153457,1.0491759286449382,2.040464185578668,0.6964308754430691,1.0491759286449382,1.3603094570524454,0.0,0.7564766839378239,1.0,30.0,100.0,1155,0,0,0,0,0,0.0,0.0,0.0,0.05,0.9,0.4,0.2,50.0,85.0,70.0,0.05,0.9,0.30000000000000004,0.1,50.0,75.0,70.0,641,640,1,641,0.0015600624024961,0.35120410392819074,0.5,0.7024082078563815,0,0.0,1.0,1
"iteration_4","SCOPE_DATA_COLLECTION",100,14,910.0,970.0,1,641,380,134,646,380,148,641,386,135,0,0,0,0.0,0.0,0.0,0.34821543772153457,1.0491759286449382,2.040464185578668,0.6964308754430691,1.0491759286449382,1.3603094570524454,0.0,0.7564766839378239,1.0,30.0,100.0,1155,0,0,0,0,0,0.0,0.0,0.0,0.05,0.9,0.4,0.2,50.0,85.0,70.0,0.05,0.9,0.30000000000000004,0.1,50.0,75.0,70.0,380,380,0,380,0.0,1.0600471254253927,1.0,1.0600471254253927,297,0.781578947368421,1.0,1
"iteration_4","SCOPE_DATA_COLLECTION",100,14,910.0,970.0,2,641,380,134,646,380,148,641,386,135,0,0,0,0.0,0.0,0.0,0.34821543772153457,1.0491759286449382,2.040464185578668,0.6964308754430691,1.0491759286449382,1.3603094570524454,0.0,0.7564766839378239,1.0,30.0,100.0,1155,0,0,0,0,0,0.0,0.0,0.0,0.05,0.9,0.4,0.2,50.0,85.0,70.0,0.05,0.9,0.30000000000000004,0.1,50.0,75.0,70.0,144,143,1,144,0.006944444444444444,2.061077215909383,1.5,1.374051477272922,143,1.0,1.0,1
"iteration_4","SCOPE_DATA_COLLECTION",100,15,970.0,1030.0,0,641,380,144,641,380,134,641,377,142,1,0,1,0.001557632398753894,0.0,0.006993006993006993,0.35120552758554024,1.0595892780497582,2.062804245063187,0.7024110551710805,1.0595892780497582,1.3752028300421246,0.0,0.7798408488063661,1.0,37.5,100.0,1165,0,0,2,0,0,0.0017167381974248926,0.0,0.0,0.05,0.9,0.30000000000000004,0.1,50.0,75.0,70.0,0.75,0.5,0.5,0.6000000000000001,25.0,90.0,25.0,606,606,0,606,0.0,0.349227851860761,0.5,0.698455703721522,0,0.0,1.0,1
"iteration_4","SCOPE_DATA_COLLECTION",100,15,970.0,1030.0,1,641,380,144,641,380,134,641,377,142,1,0,1,0.001557632398753894,0.0,0.006993006993006993,0.35120552758554024,1.0595892780497582,2.062804245063187,0.7024110551710805,1.0595892780497582,1.3752028300421246,0.0,0.7798408488063661,1.0,37.5,100.0,1165,0,0,2,0,0,0.0017167381974248926,0.0,0.0,0.05,0.9,0.30000000000000004,0.1,50.0,75.0,70.0,0.75,0.5,0.5,0.6000000000000001,25.0,90.0,25.0,394,394,0,394,0.0,1.0482852340604771,1.0,1.0482852340604771,289,0.733502538071066,1.0,1
"iteration_4","SCOPE_DATA_COLLECTION",100,15,970.0,1030.0,2,641,380,144,641,380,134,641,377,142,1,0,1,0.001557632398753894,0.0,0.006993006993006993,0.35120552758554024,1.0595892780497582,2.062804245063187,0.7024110551710805,1.0595892780497582,1.3752028300421246,0.0,0.7798408488063661,1.0,37.5,100.0,1165,0,0,2,0,0,0.0017167381974248926,0.0,0.0,0.05,0.9,0.30000000000000004,0.1,50.0,75.0,70.0,0.75,0.5,0.5,0.6000000000000001,25.0,90.0,25.0,138,138,0,138,0.0,2.0657255567910386,1.5,1.3771503711940258,138,1.0,1.0,1
"iteration_4","SCOPE_DATA_COLLECTION",100,16,1030.0,1090.0,0,606,394,138,641,380,144,604,391,140,0,0,0,0.0,0.0,0.0,0.3489247393278474,1.0487089949049644,2.061084528215082,0.6978494786556948,1.0487089949049644,1.374056352143388,0.0,0.7340153452685422,1.0,42.5,100.0,1138,0,0,0,0,0,0.0,0.0,0.0,0.75,0.5,0.5,0.6000000000000001,25.0,90.0,25.0,0.2,0.7000000000000001,0.8,0.1,70.0,35.0,65.0,616,616,0,616,0.0,0.3507249069594747,0.5,0.7014498139189494,0,0.0,1.0,1
"iteration_4","SCOPE_DATA_COLLECTION",100,16,1030.0,1090.0,1,606,394,138,641,380,144,604,391,140,0,0,0,0.0,0.0,0.0,0.3489247393278474,1.0487089949049644,2.061084528215082,0.6978494786556948,1.0487089949049644,1.374056352143388,0.0,0.7340153452685422,1.0,42.5,100.0,1138,0,0,0,0,0,0.0,0.0,0.0,0.75,0.5,0.5,0.6000000000000001,25.0,90.0,25.0,0.2,0.7000000000000001,0.8,0.1,70.0,35.0,65.0,383,382,1,383,0.0026109660574412533,1.0552805475455131,1.0,1.0552805475455131,285,0.7460732984293194,1.0,1
"iteration_4","SCOPE_DATA_COLLECTION",100,16,1030.0,1090.0,2,606,394,138,641,380,144,604,391,140,0,0,0,0.0,0.0,0.0,0.3489247393278474,1.0487089949049644,2.061084528215082,0.6978494786556948,1.0487089949049644,1.374056352143388,0.0,0.7340153452685422,1.0,42.5,100.0,1138,0,0,0,0,0,0.0,0.0,0.0,0.75,0.5,0.5,0.6000000000000001,25.0,90.0,25.0,0.2,0.7000000000000001,0.8,0.1,70.0,35.0,65.0,153,152,1,153,0.006535947712418301,2.0613003145068647,1.5,1.3742002096712431,152,1.0,1.0,1
"iteration_4","SCOPE_DATA_COLLECTION",100,17,1090.0,1150.0,0,616,383,153,606,394,138,618,384,149,0,1,1,0.0,0.0025974025974025974,0.006666666666666667,0.35110630719696584,1.0549046942414677,2.058229105074516,0.7022126143939317,1.0549046942414677,1.372152736716344,0.0,0.7421875,1.0,42.5,100.0,1152,0,0,2,0,0,0.001736111111111111,0.0,0.0,0.2,0.7000000000000001,0.8,0.1,70.0,35.0,65.0,0.2,0.6000000000000001,0.8,0.2,80.0,35.0,65.0,633,631,2,633,0.00315955766192733,0.34861944769244524,0.5,0.6972388953848905,0,0.0,1.0,1
"iteration_4","SCOPE_DATA_COLLECTION",100,17,1090.0,1150.0,1,616,383,153,606,394,138,618,384,149,0,1,1,0.0,0.0025974025974025974,0.006666666666666667,0.35110630719696584,1.0549046942414677,2.058229105074516,0.7022126143939317,1.0549046942414677,1.372152736716344,0.0,0.7421875,1.0,42.5,100.0,1152,0,0,2,0,0,0.001736111111111111,0.0,0.0,0.2,0.7000000000000001,0.8,0.1,70.0,35.0,65.0,0.2,0.6000000000000001,0.8,0.2,80.0,35.0,65.0,405,405,0,405,0.0,1.0588916008757256,1.0,1.0588916008757256,323,0.7975308641975308,1.0,1
"iteration_4","SCOPE_DATA_COLLECTION",100,17,1090.0,1150.0,2,616,383,153,606,394,138,618,384,149,0,1,1,0.0,0.0025974025974025974,0.006666666666666667,0.35110630719696584,1.0549046942414677,2.058229105074516,0.7022126143939317,1.0549046942414677,1.372152736716344,0.0,0.7421875,1.0,42.5,100.0,1152,0,0,2,0,0,0.001736111111111111,0.0,0.0,0.2,0.7000000000000001,0.8,0.1,70.0,35.0,65.0,0.2,0.6000000000000001,0.8,0.2,80.0,35.0,65.0,133,133,0,133,0.0,2.052047681890637,1.5,1.3680317879270911,133,1.0,1.0,1
"iteration_4","SCOPE_DATA_COLLECTION",100,18,1150.0,1210.0,0,633,405,133,616,383,153,633,404,135,2,0,0,0.0031496062992125984,0.0,0.0,0.3484648572668328,1.0591725147058428,2.0599213633314184,0.6969297145336656,1.0591725147058428,1.3732809088876123,0.0,0.8044554455445545,1.0,35.0,100.0,1171,0,0,2,0,0,0.0017079419299743809,0.0,0.0,0.2,0.6000000000000001,0.8,0.2,80.0,35.0,65.0,0.35000000000000003,0.2,0.7000000000000001,0.4,35.0,65.0,55.0,657,656,1,657,0.0015220700152207,0.3481327960733483,0.5,0.6962655921466966,0,0.0,1.0,1
"iteration_4","SCOPE_DATA_COLLECTION",100,18,1150.0,1210.0,1,633,405,133,616,383,153,633,404,135,2,0,0,0.0031496062992125984,0.0,0.0,0.3484648572668328,1.0591725147058428,2.0599213633314184,0.6969297145336656,1.0591725147058428,1.3732809088876123,0.0,0.8044554455445545,1.0,35.0,100.0,1171,0,0,2,0,0,0.0017079419299743809,0.0,0.0,0.2,0.6000000000000001,0.8,0.2,80.0,35.0,65.0,0.35000000000000003,0.2,0.7000000000000001,0.4,35.0,65.0,55.0,418,418,0,418,0.0,1.0487092318757856,1.0,1.0487092318757856,313,0.7488038277511961,1.0,1
"iteration_4","SCOPE_DATA_COLLECTION",100,18,1150.0,1210.0,2,633,405,133,616,383,153,633,404,135,2,0,0,0.0031496062992125984,0.0,0.0,0.3484648572668328,1.0591725147058428,2.0599213633314184,0.6969297145336656,1.0591725147058428,1.3732809088876123,0.0,0.8044554455445545,1.0,35.0,100.0,1171,0,0,2,0,0,0.0017079419299743809,0.0,0.0,0.2,0.6000000000000001,0.8,0.2,80.0,35.0,65.0,0.35000000000000003,0.2,0.7000000000000001,0.4,35.0,65.0,55.0,137,137,0,137,0.0,2.064671387045119,1.5,1.3764475913634129,137,1.0,1.0,1
"iteration_4","SCOPE_DATA_COLLECTION",100,19,1210.0,1270.0,0,657,418,137,633,405,133,655,418,139,1,0,0,0.001524390243902439,0.0,0.0,0.34824151903559447,1.048195029485807,2.060273813701578,0.6964830380711889,1.048195029485807,1.3735158758010522,0.0,0.7464114832535885,1.0,30.0,100.0,1212,0,0,1,0,0,8.250825082508251E-4,0.0,0.0,0.35000000000000003,0.2,0.7000000000000001,0.4,35.0,65.0,55.0,0.9500000000000001,0.4,0.2,0.1,85.0,80.0,90.0,628,628,0,628,0.0,0.34788180775298144,0.5,0.6957636155059629,0,0.0,1.0,1
"iteration_4","SCOPE_DATA_COLLECTION",100,19,1210.0,1270.0,1,657,418,137,633,405,133,655,418,139,1,0,0,0.001524390243902439,0.0,0.0,0.34824151903559447,1.048195029485807,2.060273813701578,0.6964830380711889,1.048195029485807,1.3735158758010522,0.0,0.7464114832535885,1.0,30.0,100.0,1212,0,0,1,0,0,8.250825082508251E-4,0.0,0.0,0.35000000000000003,0.2,0.7000000000000001,0.4,35.0,65.0,55.0,0.9500000000000001,0.4,0.2,0.1,85.0,80.0,90.0,371,371,0,371,0.0,1.0524478431973194,1.0,1.0524478431973194,284,0.7654986522911051,1.0,1
"iteration_4","SCOPE_DATA_COLLECTION",100,19,1210.0,1270.0,2,657,418,137,633,405,133,655,418,139,1,0,0,0.001524390243902439,0.0,0.0,0.34824151903559447,1.048195029485807,2.060273813701578,0.6964830380711889,1.048195029485807,1.3735158758010522,0.0,0.7464114832535885,1.0,30.0,100.0,1212,0,0,1,0,0,8.250825082508251E-4,0.0,0.0,0.35000000000000003,0.2,0.7000000000000001,0.4,35.0,65.0,55.0,0.9500000000000001,0.4,0.2,0.1,85.0,80.0,90.0,141,141,0,141,0.0,2.0679301848088953,1.5,1.3786201232059303,141,1.0,1.0,1
"iteration_4","SCOPE_DATA_COLLECTION",100,20,1270.0,1330.0,0,628,371,141,657,418,137,624,367,142,0,0,0,0.0,0.0,0.0,0.34773005440802746,1.0528336396917468,2.0707874952617953,0.6954601088160549,1.0528336396917468,1.3805249968411968,0.0,0.7656675749318801,1.0,45.0,100.0,1140,0,0,0,0,0,0.0,0.0,0.0,0.9500000000000001,0.4,0.2,0.1,85.0,80.0,90.0,0.8500000000000001,0.30000000000000004,0.1,0.1,85.0,90.0,80.0,668,668,0,668,0.0,0.34645922897534803,0.5,0.6929184579506961,0,0.0,1.0,1
"iteration_4","SCOPE_DATA_COLLECTION",100,20,1270.0,1330.0,1,628,371,141,657,418,137,624,367,142,0,0,0,0.0,0.0,0.0,0.34773005440802746,1.0528336396917468,2.0707874952617953,0.6954601088160549,1.0528336396917468,1.3805249968411968,0.0,0.7656675749318801,1.0,45.0,100.0,1140,0,0,0,0,0,0.0,0.0,0.0,0.9500000000000001,0.4,0.2,0.1,85.0,80.0,90.0,0.8500000000000001,0.30000000000000004,0.1,0.1,85.0,90.0,80.0,407,406,1,407,0.002457002457002457,1.0526028797439166,1.0,1.0526028797439166,299,0.7364532019704434,1.0,1
"iteration_4","SCOPE_DATA_COLLECTION",100,20,1270.0,1330.0,2,628,371,141,657,418,137,624,367,142,0,0,0,0.0,0.0,0.0,0.34773005440802746,1.0528336396917468,2.0707874952617953,0.6954601088160549,1.0528336396917468,1.3805249968411968,0.0,0.7656675749318801,1.0,45.0,100.0,1140,0,0,0,0,0,0.0,0.0,0.0,0.9500000000000001,0.4,0.2,0.1,85.0,80.0,90.0,0.8500000000000001,0.30000000000000004,0.1,0.1,85.0,90.0,80.0,136,136,0,136,0.0,2.062202859108792,1.5,1.374801906072528,136,1.0,1.0,1
"iteration_4","SCOPE_DATA_COLLECTION",100,21,1330.0,1390.0,0,668,407,136,628,371,141,672,411,136,0,1,0,0.0,0.0024271844660194173,0.0,0.34657222743335075,1.0524986048703446,2.0609996718223544,0.6931444548667015,1.0524986048703446,1.373999781214903,0.0,0.7372262773722628,1.0,25.0,100.0,1211,0,0,1,0,0,8.257638315441783E-4,0.0,0.0,0.8500000000000001,0.30000000000000004,0.1,0.1,85.0,90.0,80.0,0.25,0.8,0.2,0.5,40.0,45.0,80.0,637,637,0,637,0.0,0.34697215458907177,0.5,0.6939443091781435,0,0.0,1.0,1
"iteration_4","SCOPE_DATA_COLLECTION",100,21,1330.0,1390.0,1,668,407,136,628,371,141,672,411,136,0,1,0,0.0,0.0024271844660194173,0.0,0.34657222743335075,1.0524986048703446,2.0609996718223544,0.6931444548667015,1.0524986048703446,1.373999781214903,0.0,0.7372262773722628,1.0,25.0,100.0,1211,0,0,1,0,0,8.257638315441783E-4,0.0,0.0,0.8500000000000001,0.30000000000000004,0.1,0.1,85.0,90.0,80.0,0.25,0.8,0.2,0.5,40.0,45.0,80.0,410,410,0,410,0.0,1.0484476000649765,1.0,1.0484476000649765,297,0.724390243902439,1.0,1
"iteration_4","SCOPE_DATA_COLLECTION",100,21,1330.0,1390.0,2,668,407,136,628,371,141,672,411,136,0,1,0,0.0,0.0024271844660194173,0.0,0.34657222743335075,1.0524986048703446,2.0609996718223544,0.6931444548667015,1.0524986048703446,1.373999781214903,0.0,0.7372262773722628,1.0,25.0,100.0,1211,0,0,1,0,0,8.257638315441783E-4,0.0,0.0,0.8500000000000001,0.30000000000000004,0.1,0.1,85.0,90.0,80.0,0.25,0.8,0.2,0.5,40.0,45.0,80.0,155,154,1,155,0.0064516129032258064,2.069039725874025,1.5,1.37935981724935,154,1.0,1.0,1
"iteration_4","SCOPE_DATA_COLLECTION",100,22,1390.0,1450.0,0,637,410,155,668,407,136,636,408,146,0,0,1,0.0,0.0,0.006802721088435374,0.3469813754276936,1.0485799174705697,2.069824883102959,0.6939627508553872,1.0485799174705697,1.3798832554019727,0.0,0.7230392156862745,1.0,52.5,100.0,1202,0,0,1,0,0,8.319467554076539E-4,0.0,0.0,0.25,0.8,0.2,0.5,40.0,45.0,80.0,0.25,0.8,0.2,0.5,40.0,45.0,80.0,623,623,0,623,0.0,0.3470790086089718,0.5,0.6941580172179436,0,0.0,1.0,1
"iteration_4","SCOPE_DATA_COLLECTION",100,22,1390.0,1450.0,1,637,410,155,668,407,136,636,408,146,0,0,1,0.0,0.0,0.006802721088435374,0.3469813754276936,1.0485799174705697,2.069824883102959,0.6939627508553872,1.0485799174705697,1.3798832554019727,0.0,0.7230392156862745,1.0,52.5,100.0,1202,0,0,1,0,0,8.319467554076539E-4,0.0,0.0,0.25,0.8,0.2,0.5,40.0,45.0,80.0,0.25,0.8,0.2,0.5,40.0,45.0,80.0,340,340,0,340,0.0,1.0565442256617357,1.0,1.0565442256617357,258,0.7588235294117647,1.0,1
"iteration_4","SCOPE_DATA_COLLECTION",100,22,1390.0,1450.0,2,637,410,155,668,407,136,636,408,146,0,0,1,0.0,0.0,0.006802721088435374,0.3469813754276936,1.0485799174705697,2.069824883102959,0.6939627508553872,1.0485799174705697,1.3798832554019727,0.0,0.7230392156862745,1.0,52.5,100.0,1202,0,0,1,0,0,8.319467554076539E-4,0.0,0.0,0.25,0.8,0.2,0.5,40.0,45.0,80.0,0.25,0.8,0.2,0.5,40.0,45.0,80.0,129,129,0,129,0.0,2.0509484190456497,1.5,1.3672989460304332,129,1.0,1.0,1
"iteration_4","SCOPE_DATA_COLLECTION",100,23,1450.0,1510.0,0,623,340,129,637,410,155,623,342,136,0,0,0,0.0,0.0,0.0,0.3470218994466074,1.0559375961562776,2.0544615135848705,0.6940437988932148,1.0559375961562776,1.3696410090565803,0.0,0.7543859649122807,1.0,32.5,100.0,1092,0,0,0,0,0,0.0,0.0,0.0,0.25,0.8,0.2,0.5,40.0,45.0,80.0,0.25,0.8,0.2,0.4,35.0,30.0,60.0,658,658,0,658,0.0,0.34740665679104415,0.5,0.6948133135820883,0,0.0,1.0,1
"iteration_4","SCOPE_DATA_COLLECTION",100,23,1450.0,1510.0,1,623,340,129,637,410,155,623,342,136,0,0,0,0.0,0.0,0.0,0.3470218994466074,1.0559375961562776,2.0544615135848705,0.6940437988932148,1.0559375961562776,1.3696410090565803,0.0,0.7543859649122807,1.0,32.5,100.0,1092,0,0,0,0,0,0.0,0.0,0.0,0.25,0.8,0.2,0.5,40.0,45.0,80.0,0.25,0.8,0.2,0.4,35.0,30.0,60.0,381,380,1,381,0.0026246719160104987,1.0541678660779548,1.0,1.0541678660779548,288,0.7578947368421053,1.0,1
"iteration_4","SCOPE_DATA_COLLECTION",100,23,1450.0,1510.0,2,623,340,129,637,410,155,623,342,136,0,0,0,0.0,0.0,0.0,0.3470218994466074,1.0559375961562776,2.0544615135848705,0.6940437988932148,1.0559375961562776,1.3696410090565803,0.0,0.7543859649122807,1.0,32.5,100.0,1092,0,0,0,0,0,0.0,0.0,0.0,0.25,0.8,0.2,0.5,40.0,45.0,80.0,0.25,0.8,0.2,0.4,35.0,30.0,60.0,139,138,1,139,0.007194244604316547,2.0691882842156835,1.5,1.379458856143789,138,1.0,1.0,1
"iteration_4","SCOPE_DATA_COLLECTION",100,24,1510.0,1570.0,0,658,381,139,623,340,129,658,380,135,0,1,1,0.0,0.0026246719160104987,0.007352941176470588,0.34744375709840264,1.0550142768708723,2.0610395637078436,0.6948875141968053,1.0550142768708723,1.3740263758052291,0.0,0.7605263157894737,1.0,37.5,100.0,1178,0,0,2,0,0,0.001697792869269949,0.0,0.0,0.25,0.8,0.2,0.4,35.0,30.0,60.0,0.45,0.6000000000000001,0.5,0.30000000000000004,60.0,85.0,65.0,658,658,0,658,0.0,0.34718933149724174,0.5,0.6943786629944835,0,0.0,1.0,1
"iteration_4","SCOPE_DATA_COLLECTION",100,24,1510.0,1570.0,1,658,381,139,623,340,129,658,380,135,0,1,1,0.0,0.0026246719160104987,0.007352941176470588,0.34744375709840264,1.0550142768708723,2.0610395637078436,0.6948875141968053,1.0550142768708723,1.3740263758052291,0.0,0.7605263157894737,1.0,37.5,100.0,1178,0,0,2,0,0,0.001697792869269949,0.0,0.0,0.25,0.8,0.2,0.4,35.0,30.0,60.0,0.45,0.6000000000000001,0.5,0.30000000000000004,60.0,85.0,65.0,392,392,0,392,0.0,1.056271075422893,1.0,1.056271075422893,307,0.7831632653061225,1.0,1
"iteration_4","SCOPE_DATA_COLLECTION",100,24,1510.0,1570.0,2,658,381,139,623,340,129,658,380,135,0,1,1,0.0,0.0026246719160104987,0.007352941176470588,0.34744375709840264,1.0550142768708723,2.0610395637078436,0.6948875141968053,1.0550142768708723,1.3740263758052291,0.0,0.7605263157894737,1.0,37.5,100.0,1178,0,0,2,0,0,0.001697792869269949,0.0,0.0,0.25,0.8,0.2,0.4,35.0,30.0,60.0,0.45,0.6000000000000001,0.5,0.30000000000000004,60.0,85.0,65.0,158,157,1,158,0.006329113924050633,2.0898540338570264,1.5,1.393236022571351,157,1.0,1.0,1
"iteration_4","SCOPE_DATA_COLLECTION",100,25,1570.0,1630.0,0,658,392,158,658,381,139,659,392,159,0,0,1,0.0,0.0,0.00625,0.34716414232132264,1.0553193468180904,2.0934833360584926,0.6943282846426453,1.0553193468180904,1.3956555573723284,0.0,0.7831632653061225,1.0,30.0,100.0,1208,0,0,1,0,0,8.278145695364238E-4,0.0,0.0,0.45,0.6000000000000001,0.5,0.30000000000000004,60.0,85.0,65.0,0.55,0.5,0.4,0.4,50.0,95.0,75.0,660,660,0,660,0.0,0.3467856433369809,0.5,0.6935712866739618,0,0.0,1.0,1
"iteration_4","SCOPE_DATA_COLLECTION",100,25,1570.0,1630.0,1,658,392,158,658,381,139,659,392,159,0,0,1,0.0,0.0,0.00625,0.34716414232132264,1.0553193468180904,2.0934833360584926,0.6943282846426453,1.0553193468180904,1.3956555573723284,0.0,0.7831632653061225,1.0,30.0,100.0,1208,0,0,1,0,0,8.278145695364238E-4,0.0,0.0,0.45,0.6000000000000001,0.5,0.30000000000000004,60.0,85.0,65.0,0.55,0.5,0.4,0.4,50.0,95.0,75.0,381,381,0,381,0.0,1.0526612528903272,1.0,1.0526612528903272,287,0.7532808398950132,1.0,1
"iteration_4","SCOPE_DATA_COLLECTION",100,25,1570.0,1630.0,2,658,392,158,658,381,139,659,392,159,0,0,1,0.0,0.0,0.00625,0.34716414232132264,1.0553193468180904,2.0934833360584926,0.6943282846426453,1.0553193468180904,1.3956555573723284,0.0,0.7831632653061225,1.0,30.0,100.0,1208,0,0,1,0,0,8.278145695364238E-4,0.0,0.0,0.45,0.6000000000000001,0.5,0.30000000000000004,60.0,85.0,65.0,0.55,0.5,0.4,0.4,50.0,95.0,75.0,138,138,0,138,0.0,2.0708741790258895,1.5,1.3805827860172597,138,1.0,1.0,1
"iteration_4","SCOPE_DATA_COLLECTION",100,26,1630.0,1690.0,0,660,381,138,658,392,158,657,376,137,0,0,0,0.0,0.0,0.0,0.34677810076794335,1.0528884552381363,2.0684555800615265,0.6935562015358867,1.0528884552381363,1.3789703867076843,0.0,0.7526595744680851,1.0,55.0,100.0,1179,0,0,0,0,0,0.0,0.0,0.0,0.55,0.5,0.4,0.4,50.0,95.0,75.0,0.45,0.5,0.4,0.4,50.0,95.0,85.0,666,666,0,666,0.0,0.34729436688100157,0.5,0.6945887337620031,0,0.0,1.0,1
"iteration_4","SCOPE_DATA_COLLECTION",100,26,1630.0,1690.0,1,660,381,138,658,392,158,657,376,137,0,0,0,0.0,0.0,0.0,0.34677810076794335,1.0528884552381363,2.0684555800615265,0.6935562015358867,1.0528884552381363,1.3789703867076843,0.0,0.7526595744680851,1.0,55.0,100.0,1179,0,0,0,0,0,0.0,0.0,0.0,0.55,0.5,0.4,0.4,50.0,95.0,75.0,0.45,0.5,0.4,0.4,50.0,95.0,85.0,390,390,0,390,0.0,1.056019568749046,1.0,1.056019568749046,302,0.7743589743589744,1.0,1
"iteration_4","SCOPE_DATA_COLLECTION",100,26,1630.0,1690.0,2,660,381,138,658,392,158,657,376,137,0,0,0,0.0,0.0,0.0,0.34677810076794335,1.0528884552381363,2.0684555800615265,0.6935562015358867,1.0528884552381363,1.3789703867076843,0.0,0.7526595744680851,1.0,55.0,100.0,1179,0,0,0,0,0,0.0,0.0,0.0,0.55,0.5,0.4,0.4,50.0,95.0,75.0,0.45,0.5,0.4,0.4,50.0,95.0,85.0,126,126,0,126,0.0,2.0682640210303966,1.5,1.3788426806869312,126,1.0,1.0,1
"iteration_4","SCOPE_DATA_COLLECTION",100,27,1690.0,1750.0,0,666,390,126,660,381,138,665,389,131,0,0,0,0.0,0.0,0.0,0.3473714411531238,1.056015511899209,2.0706832826100317,0.6947428823062476,1.056015511899209,1.3804555217400212,0.0,0.7737789203084833,1.0,37.5,100.0,1182,0,0,0,0,0,0.0,0.0,0.0,0.45,0.5,0.4,0.4,50.0,95.0,85.0,0.45,0.5,0.4,0.4,50.0,95.0,85.0,628,628,0,628,0.0,0.3475586973031778,0.5,0.6951173946063556,0,0.0,1.0,1
"iteration_4","SCOPE_DATA_COLLECTION",100,27,1690.0,1750.0,1,666,390,126,660,381,138,665,389,131,0,0,0,0.0,0.0,0.0,0.3473714411531238,1.056015511899209,2.0706832826100317,0.6947428823062476,1.056015511899209,1.3804555217400212,0.0,0.7737789203084833,1.0,37.5,100.0,1182,0,0,0,0,0,0.0,0.0,0.0,0.45,0.5,0.4,0.4,50.0,95.0,85.0,0.45,0.5,0.4,0.4,50.0,95.0,85.0,395,395,0,395,0.0,1.0567031725067346,1.0,1.0567031725067346,304,0.769620253164557,1.0,1
"iteration_4","SCOPE_DATA_COLLECTION",100,27,1690.0,1750.0,2,666,390,126,660,381,138,665,389,131,0,0,0,0.0,0.0,0.0,0.3473714411531238,1.056015511899209,2.0706832826100317,0.6947428823062476,1.056015511899209,1.3804555217400212,0.0,0.7737789203084833,1.0,37.5,100.0,1182,0,0,0,0,0,0.0,0.0,0.0,0.45,0.5,0.4,0.4,50.0,95.0,85.0,0.45,0.5,0.4,0.4,50.0,95.0,85.0,124,124,0,124,0.0,2.071366730806385,1.5,1.3809111538709233,124,1.0,1.0,1
"iteration_4","SCOPE_DATA_COLLECTION",100,28,1750.0,1810.0,0,628,395,124,666,390,126,633,401,122,0,0,0,0.0,0.0,0.0,0.34757086483623995,1.0569482347318009,2.0685916740087373,0.6951417296724799,1.0569482347318009,1.3790611160058248,0.0,0.770573566084788,1.0,25.0,100.0,1147,0,0,0,0,0,0.0,0.0,0.0,0.45,0.5,0.4,0.4,50.0,95.0,85.0,0.55,0.6000000000000001,0.4,0.4,50.0,85.0,85.0,617,617,0,617,0.0,0.3477781238933835,0.5,0.695556247786767,0,0.0,1.0,1
"iteration_4","SCOPE_DATA_COLLECTION",100,28,1750.0,1810.0,1,628,395,124,666,390,126,633,401,122,0,0,0,0.0,0.0,0.0,0.34757086483623995,1.0569482347318009,2.0685916740087373,0.6951417296724799,1.0569482347318009,1.3790611160058248,0.0,0.770573566084788,1.0,25.0,100.0,1147,0,0,0,0,0,0.0,0.0,0.0,0.45,0.5,0.4,0.4,50.0,95.0,85.0,0.55,0.6000000000000001,0.4,0.4,50.0,85.0,85.0,379,379,0,379,0.0,1.051012512614312,1.0,1.051012512614312,275,0.7255936675461742,1.0,1
"iteration_4","SCOPE_DATA_COLLECTION",100,28,1750.0,1810.0,2,628,395,124,666,390,126,633,401,122,0,0,0,0.0,0.0,0.0,0.34757086483623995,1.0569482347318009,2.0685916740087373,0.6951417296724799,1.0569482347318009,1.3790611160058248,0.0,0.770573566084788,1.0,25.0,100.0,1147,0,0,0,0,0,0.0,0.0,0.0,0.45,0.5,0.4,0.4,50.0,95.0,85.0,0.55,0.6000000000000001,0.4,0.4,50.0,85.0,85.0,139,139,0,139,0.0,2.0723830564557835,1.5,1.3815887043038557,139,1.0,1.0,1
"iteration_4","SCOPE_DATA_COLLECTION",100,29,1810.0,1870.0,0,617,379,139,628,395,124,615,377,136,0,0,0,0.0,0.0,0.0,0.3475464178446722,1.0512883758735632,2.0718326159117217,0.6950928356893444,1.0512883758735632,1.3812217439411478,0.0,0.726790450928382,1.0,42.5,100.0,1135,0,0,0,0,0,0.0,0.0,0.0,0.55,0.6000000000000001,0.4,0.4,50.0,85.0,85.0,0.65,0.7000000000000001,0.30000000000000004,0.5,40.0,85.0,95.0,675,675,0,675,0.0,0.34788426437102554,0.5,0.6957685287420511,0,0.0,1.0,1
"iteration_4","SCOPE_DATA_COLLECTION",100,29,1810.0,1870.0,1,617,379,139,628,395,124,615,377,136,0,0,0,0.0,0.0,0.0,0.3475464178446722,1.0512883758735632,2.0718326159117217,0.6950928356893444,1.0512883758735632,1.3812217439411478,0.0,0.726790450928382,1.0,42.5,100.0,1135,0,0,0,0,0,0.0,0.0,0.0,0.55,0.6000000000000001,0.4,0.4,50.0,85.0,85.0,0.65,0.7000000000000001,0.30000000000000004,0.5,40.0,85.0,95.0,366,366,0,366,0.0,1.0571785344438047,1.0,1.0571785344438047,291,0.7950819672131147,1.0,1
"iteration_4","SCOPE_DATA_COLLECTION",100,29,1810.0,1870.0,2,617,379,139,628,395,124,615,377,136,0,0,0,0.0,0.0,0.0,0.3475464178446722,1.0512883758735632,2.0718326159117217,0.6950928356893444,1.0512883758735632,1.3812217439411478,0.0,0.726790450928382,1.0,42.5,100.0,1135,0,0,0,0,0,0.0,0.0,0.0,0.55,0.6000000000000001,0.4,0.4,50.0,85.0,85.0,0.65,0.7000000000000001,0.30000000000000004,0.5,40.0,85.0,95.0,150,150,0,150,0.0,2.0499900649195464,1.5,1.3666600432796976,150,1.0,1.0,1
"iteration_4","SCOPE_DATA_COLLECTION",100,30,1870.0,1930.0,0,675,366,150,617,379,139,677,363,152,0,0,0,0.0,0.0,0.0,0.3479942015521352,1.0571823922615826,2.0555482561870773,0.6959884031042703,1.0571823922615826,1.3703655041247182,0.0,0.7961432506887053,1.0,40.0,100.0,1191,0,0,0,0,0,0.0,0.0,0.0,0.65,0.7000000000000001,0.30000000000000004,0.5,40.0,85.0,95.0,0.65,0.6000000000000001,0.2,0.6000000000000001,40.0,85.0,95.0,622,622,0,622,0.0,0.3472228109100901,0.5,0.6944456218201802,0,0.0,1.0,1
"iteration_4","SCOPE_DATA_COLLECTION",100,30,1870.0,1930.0,1,675,366,150,617,379,139,677,363,152,0,0,0,0.0,0.0,0.0,0.3479942015521352,1.0571823922615826,2.0555482561870773,0.6959884031042703,1.0571823922615826,1.3703655041247182,0.0,0.7961432506887053,1.0,40.0,100.0,1191,0,0,0,0,0,0.0,0.0,0.0,0.65,0.7000000000000001,0.30000000000000004,0.5,40.0,85.0,95.0,0.65,0.6000000000000001,0.2,0.6000000000000001,40.0,85.0,95.0,367,365,2,367,0.005449591280653951,1.0545630970925082,1.0,1.0545630970925082,283,0.7753424657534247,1.0,1
"iteration_4","SCOPE_DATA_COLLECTION",100,30,1870.0,1930.0,2,675,366,150,617,379,139,677,363,152,0,0,0,0.0,0.0,0.0,0.3479942015521352,1.0571823922615826,2.0555482561870773,0.6959884031042703,1.0571823922615826,1.3703655041247182,0.0,0.7961432506887053,1.0,40.0,100.0,1191,0,0,0,0,0,0.0,0.0,0.0,0.65,0.7000000000000001,0.30000000000000004,0.5,40.0,85.0,95.0,0.65,0.6000000000000001,0.2,0.6000000000000001,40.0,85.0,95.0,129,128,1,129,0.007751937984496124,2.0424126405896583,1.5,1.3616084270597721,128,1.0,1.0,1
"iteration_4","SCOPE_DATA_COLLECTION",100,31,1930.0,1990.0,0,622,367,129,675,366,150,617,369,124,0,2,1,0.0,0.005390835579514825,0.008,0.3472479247265251,1.054200844353269,2.041923129035706,0.6944958494530502,1.054200844353269,1.361282086023804,0.0,0.7750677506775068,1.0,47.5,100.0,1118,0,0,3,0,0,0.0026833631484794273,0.0,0.0,0.65,0.6000000000000001,0.2,0.6000000000000001,40.0,85.0,95.0,0.75,0.6000000000000001,0.30000000000000004,0.6000000000000001,40.0,75.0,95.0,604,602,2,604,0.0033112582781456954,0.3473988416238725,0.5,0.694797683247745,0,0.0,1.0,1
"iteration_4","SCOPE_DATA_COLLECTION",100,31,1930.0,1990.0,1,622,367,129,675,366,150,617,369,124,0,2,1,0.0,0.005390835579514825,0.008,0.3472479247265251,1.054200844353269,2.041923129035706,0.6944958494530502,1.054200844353269,1.361282086023804,0.0,0.7750677506775068,1.0,47.5,100.0,1118,0,0,3,0,0,0.0026833631484794273,0.0,0.0,0.65,0.6000000000000001,0.2,0.6000000000000001,40.0,85.0,95.0,0.75,0.6000000000000001,0.30000000000000004,0.6000000000000001,40.0,75.0,95.0,375,375,0,375,0.0,1.0559067059806209,1.0,1.0559067059806209,289,0.7706666666666667,1.0,1
"iteration_4","SCOPE_DATA_COLLECTION",100,31,1930.0,1990.0,2,622,367,129,675,366,150,617,369,124,0,2,1,0.0,0.005390835579514825,0.008,0.3472479247265251,1.054200844353269,2.041923129035706,0.6944958494530502,1.054200844353269,1.361282086023804,0.0,0.7750677506775068,1.0,47.5,100.0,1118,0,0,3,0,0,0.0026833631484794273,0.0,0.0,0.65,0.6000000000000001,0.2,0.6000000000000001,40.0,85.0,95.0,0.75,0.6000000000000001,0.30000000000000004,0.6000000000000001,40.0,75.0,95.0,160,160,0,160,0.0,2.051697430386173,1.5,1.3677982869241152,160,1.0,1.0,1
"iteration_4","SCOPE_DATA_COLLECTION",100,32,1990.0,2050.0,0,604,375,160,622,367,129,607,379,163,2,0,0,0.003284072249589491,0.0,0.0,0.3474225488304986,1.0564019176703725,2.0529697852284348,0.6948450976609972,1.0564019176703725,1.368646523485623,0.0,0.7730870712401056,1.0,22.5,100.0,1139,0,0,2,0,0,0.001755926251097454,0.0,0.0,0.75,0.6000000000000001,0.30000000000000004,0.6000000000000001,40.0,75.0,95.0,0.75,0.6000000000000001,0.30000000000000004,0.6000000000000001,40.0,75.0,95.0,642,642,0,642,0.0,0.3453920740531473,0.5,0.6907841481062946,0,0.0,1.0,1
"iteration_4","SCOPE_DATA_COLLECTION",100,32,1990.0,2050.0,1,604,375,160,622,367,129,607,379,163,2,0,0,0.003284072249589491,0.0,0.0,0.3474225488304986,1.0564019176703725,2.0529697852284348,0.6948450976609972,1.0564019176703725,1.368646523485623,0.0,0.7730870712401056,1.0,22.5,100.0,1139,0,0,2,0,0,0.001755926251097454,0.0,0.0,0.75,0.6000000000000001,0.30000000000000004,0.6000000000000001,40.0,75.0,95.0,0.75,0.6000000000000001,0.30000000000000004,0.6000000000000001,40.0,75.0,95.0,358,358,0,358,0.0,1.0457035128812298,1.0,1.0457035128812298,269,0.7513966480446927,1.0,1
"iteration_4","SCOPE_DATA_COLLECTION",100,32,1990.0,2050.0,2,604,375,160,622,367,129,607,379,163,2,0,0,0.003284072249589491,0.0,0.0,0.3474225488304986,1.0564019176703725,2.0529697852284348,0.6948450976609972,1.0564019176703725,1.368646523485623,0.0,0.7730870712401056,1.0,22.5,100.0,1139,0,0,2,0,0,0.001755926251097454,0.0,0.0,0.75,0.6000000000000001,0.30000000000000004,0.6000000000000001,40.0,75.0,95.0,0.75,0.6000000000000001,0.30000000000000004,0.6000000000000001,40.0,75.0,95.0,133,133,0,133,0.0,2.0693925230201122,1.5,1.3795950153467416,133,1.0,1.0,1
"iteration_4","SCOPE_DATA_COLLECTION",100,33,2050.0,2110.0,0,642,358,133,604,375,160,637,354,133,0,0,0,0.0,0.0,0.0,0.3453205583056833,1.0447517261157522,2.0640705972327713,0.6906411166113666,1.0447517261157522,1.3760470648218475,0.0,0.748587570621469,1.0,40.0,100.0,1133,0,0,0,0,0,0.0,0.0,0.0,0.75,0.6000000000000001,0.30000000000000004,0.6000000000000001,40.0,75.0,95.0,0.75,0.6000000000000001,0.30000000000000004,0.6000000000000001,40.0,75.0,95.0,603,603,0,603,0.0,0.3476225822344895,0.5,0.695245164468979,0,0.0,1.0,1
"iteration_4","SCOPE_DATA_COLLECTION",100,33,2050.0,2110.0,1,642,358,133,604,375,160,637,354,133,0,0,0,0.0,0.0,0.0,0.3453205583056833,1.0447517261157522,2.0640705972327713,0.6906411166113666,1.0447517261157522,1.3760470648218475,0.0,0.748587570621469,1.0,40.0,100.0,1133,0,0,0,0,0,0.0,0.0,0.0,0.75,0.6000000000000001,0.30000000000000004,0.6000000000000001,40.0,75.0,95.0,0.75,0.6000000000000001,0.30000000000000004,0.6000000000000001,40.0,75.0,95.0,386,386,0,386,0.0,1.0545061469404977,1.0,1.0545061469404977,297,0.7694300518134715,1.0,1
"iteration_4","SCOPE_DATA_COLLECTION",100,33,2050.0,2110.0,2,642,358,133,604,375,160,637,354,133,0,0,0,0.0,0.0,0.0,0.3453205583056833,1.0447517261157522,2.0640705972327713,0.6906411166113666,1.0447517261157522,1.3760470648218475,0.0,0.748587570621469,1.0,40.0,100.0,1133,0,0,0,0,0,0.0,0.0,0.0,0.75,0.6000000000000001,0.30000000000000004,0.6000000000000001,40.0,75.0,95.0,0.75,0.6000000000000001,0.30000000000000004,0.6000000000000001,40.0,75.0,95.0,154,154,0,154,0.0,2.0544814715213824,1.5,1.3696543143475883,154,1.0,1.0,1
"iteration_4","SCOPE_DATA_COLLECTION",100,34,2110.0,2170.0,0,603,386,154,642,358,133,605,387,151,0,0,0,0.0,0.0,0.0,0.34766296821552495,1.0550087595975939,2.054656134927126,0.6953259364310499,1.0550087595975939,1.369770756618084,0.0,0.7700258397932817,1.0,45.0,100.0,1143,0,0,0,0,0,0.0,0.0,0.0,0.75,0.6000000000000001,0.30000000000000004,0.6000000000000001,40.0,75.0,95.0,0.75,0.5,0.4,0.5,30.0,65.0,95.0,574,574,0,574,0.0,0.34917024057282764,0.5,0.6983404811456553,0,0.0,1.0,1
"iteration_4","SCOPE_DATA_COLLECTION",100,34,2110.0,2170.0,1,603,386,154,642,358,133,605,387,151,0,0,0,0.0,0.0,0.0,0.34766296821552495,1.0550087595975939,2.054656134927126,0.6953259364310499,1.0550087595975939,1.369770756618084,0.0,0.7700258397932817,1.0,45.0,100.0,1143,0,0,0,0,0,0.0,0.0,0.0,0.75,0.6000000000000001,0.30000000000000004,0.6000000000000001,40.0,75.0,95.0,0.75,0.5,0.4,0.5,30.0,65.0,95.0,403,402,1,403,0.0024813895781637717,1.0554332898006502,1.0,1.0554332898006502,305,0.7587064676616916,1.0,1
"iteration_4","SCOPE_DATA_COLLECTION",100,34,2110.0,2170.0,2,603,386,154,642,358,133,605,387,151,0,0,0,0.0,0.0,0.0,0.34766296821552495,1.0550087595975939,2.054656134927126,0.6953259364310499,1.0550087595975939,1.369770756618084,0.0,0.7700258397932817,1.0,45.0,100.0,1143,0,0,0,0,0,0.0,0.0,0.0,0.75,0.6000000000000001,0.30000000000000004,0.6000000000000001,40.0,75.0,95.0,0.75,0.5,0.4,0.5,30.0,65.0,95.0,152,152,0,152,0.0,2.065308408542807,1.5,1.3768722723618714,152,1.0,1.0,1
"iteration_4","SCOPE_DATA_COLLECTION",100,35,2170.0,2230.0,0,574,403,152,603,386,154,571,398,153,0,1,0,0.0,0.002506265664160401,0.0,0.3491589139421616,1.055514631801557,2.0670545902795383,0.6983178278843232,1.055514631801557,1.3780363935196922,0.0,0.7587939698492462,1.0,55.0,100.0,1129,0,0,1,0,0,8.857395925597874E-4,0.0,0.0,0.75,0.5,0.4,0.5,30.0,65.0,95.0,0.9500000000000001,0.7000000000000001,0.1,0.5,45.0,25.0,25.0,624,623,1,624,0.0016025641025641025,0.3506291735955479,0.5,0.7012583471910958,0,0.0,1.0,1
"iteration_4","SCOPE_DATA_COLLECTION",100,35,2170.0,2230.0,1,574,403,152,603,386,154,571,398,153,0,1,0,0.0,0.002506265664160401,0.0,0.3491589139421616,1.055514631801557,2.0670545902795383,0.6983178278843232,1.055514631801557,1.3780363935196922,0.0,0.7587939698492462,1.0,55.0,100.0,1129,0,0,1,0,0,8.857395925597874E-4,0.0,0.0,0.75,0.5,0.4,0.5,30.0,65.0,95.0,0.9500000000000001,0.7000000000000001,0.1,0.5,45.0,25.0,25.0,413,413,0,413,0.0,1.0579066353927404,1.0,1.0579066353927404,324,0.784503631961259,1.0,1
"iteration_4","SCOPE_DATA_COLLECTION",100,35,2170.0,2230.0,2,574,403,152,603,386,154,571,398,153,0,1,0,0.0,0.002506265664160401,0.0,0.3491589139421616,1.055514631801557,2.0670545902795383,0.6983178278843232,1.055514631801557,1.3780363935196922,0.0,0.7587939698492462,1.0,55.0,100.0,1129,0,0,1,0,0,8.857395925597874E-4,0.0,0.0,0.75,0.5,0.4,0.5,30.0,65.0,95.0,0.9500000000000001,0.7000000000000001,0.1,0.5,45.0,25.0,25.0,142,141,1,142,0.007042253521126761,2.063705303801971,1.5,1.3758035358679805,141,1.0,1.0,1
"iteration_4","SCOPE_DATA_COLLECTION",100,36,2230.0,2290.0,0,624,413,142,574,403,152,627,411,143,1,0,1,0.0015923566878980893,0.0,0.006944444444444444,0.3504569491041151,1.0567949863291604,2.0628737532479264,0.7009138982082302,1.0567949863291604,1.375249168831951,0.0,0.7785888077858881,1.0,47.5,100.0,1179,0,0,2,0,0,0.0016963528413910093,0.0,0.0,0.9500000000000001,0.7000000000000001,0.1,0.5,45.0,25.0,25.0,0.55,0.30000000000000004,0.7000000000000001,0.2,55.0,25.0,90.0,616,616,0,616,0.0,0.3489818356744539,0.5,0.6979636713489078,0,0.0,1.0,1
"iteration_4","SCOPE_DATA_COLLECTION",100,36,2230.0,2290.0,1,624,413,142,574,403,152,627,411,143,1,0,1,0.0015923566878980893,0.0,0.006944444444444444,0.3504569491041151,1.0567949863291604,2.0628737532479264,0.7009138982082302,1.0567949863291604,1.375249168831951,0.0,0.7785888077858881,1.0,47.5,100.0,1179,0,0,2,0,0,0.0016963528413910093,0.0,0.0,0.9500000000000001,0.7000000000000001,0.1,0.5,45.0,25.0,25.0,0.55,0.30000000000000004,0.7000000000000001,0.2,55.0,25.0,90.0,353,353,0,353,0.0,1.0589755064630344,1.0,1.0589755064630344,288,0.8158640226628895,1.0,1
"iteration_4","SCOPE_DATA_COLLECTION",100,36,2230.0,2290.0,2,624,413,142,574,403,152,627,411,143,1,0,1,0.0015923566878980893,0.0,0.006944444444444444,0.3504569491041151,1.0567949863291604,2.0628737532479264,0.7009138982082302,1.0567949863291604,1.375249168831951,0.0,0.7785888077858881,1.0,47.5,100.0,1179,0,0,2,0,0,0.0016963528413910093,0.0,0.0,0.9500000000000001,0.7000000000000001,0.1,0.5,45.0,25.0,25.0,0.55,0.30000000000000004,0.7000000000000001,0.2,55.0,25.0,90.0,146,146,0,146,0.0,2.0666672624789055,1.5,1.377778174985937,146,1.0,1.0,1
"iteration_4","SCOPE_DATA_COLLECTION",100,37,2290.0,2350.0,0,616,353,146,624,413,142,613,360,147,0,0,0,0.0,0.0,0.0,0.3492458760406511,1.0594504199466719,2.0653175588509547,0.6984917520813022,1.0594504199466719,1.376878372567303,0.0,0.8166666666666667,1.0,35.0,100.0,1115,0,0,0,0,0,0.0,0.0,0.0,0.55,0.30000000000000004,0.7000000000000001,0.2,55.0,25.0,90.0,0.45,0.30000000000000004,0.6000000000000001,0.1,65.0,35.0,95.0,619,619,0,619,0.0,0.34871816094694436,0.5,0.6974363218938887,0,0.0,1.0,1
"iteration_4","SCOPE_DATA_COLLECTION",100,37,2290.0,2350.0,1,616,353,146,624,413,142,613,360,147,0,0,0,0.0,0.0,0.0,0.3492458760406511,1.0594504199466719,2.0653175588509547,0.6984917520813022,1.0594504199466719,1.376878372567303,0.0,0.8166666666666667,1.0,35.0,100.0,1115,0,0,0,0,0,0.0,0.0,0.0,0.55,0.30000000000000004,0.7000000000000001,0.2,55.0,25.0,90.0,0.45,0.30000000000000004,0.6000000000000001,0.1,65.0,35.0,95.0,377,377,0,377,0.0,1.0545716779999774,1.0,1.0545716779999774,302,0.8010610079575596,1.0,1
"iteration_4","SCOPE_DATA_COLLECTION",100,37,2290.0,2350.0,2,616,353,146,624,413,142,613,360,147,0,0,0,0.0,0.0,0.0,0.3492458760406511,1.0594504199466719,2.0653175588509547,0.6984917520813022,1.0594504199466719,1.376878372567303,0.0,0.8166666666666667,1.0,35.0,100.0,1115,0,0,0,0,0,0.0,0.0,0.0,0.55,0.30000000000000004,0.7000000000000001,0.2,55.0,25.0,90.0,0.45,0.30000000000000004,0.6000000000000001,0.1,65.0,35.0,95.0,126,126,0,126,0.0,2.065144049241409,1.5,1.3767626994942725,126,1.0,1.0,1
"iteration_4","SCOPE_DATA_COLLECTION",100,38,2350.0,2410.0,0,619,377,126,616,353,146,622,377,129,0,0,0,0.0,0.0,0.0,0.34866546966703926,1.0548178962383352,2.0668942285084126,0.6973309393340785,1.0548178962383352,1.377929485672275,0.0,0.8037135278514589,1.0,20.0,100.0,1122,0,0,0,0,0,0.0,0.0,0.0,0.45,0.30000000000000004,0.6000000000000001,0.1,65.0,35.0,95.0,0.5,0.7000000000000001,0.4,0.7000000000000001,95.0,80.0,80.0,656,656,0,656,0.0,0.3479112659684541,0.5,0.6958225319369082,0,0.0,1.0,1
"iteration_4","SCOPE_DATA_COLLECTION",100,38,2350.0,2410.0,1,619,377,126,616,353,146,622,377,129,0,0,0,0.0,0.0,0.0,0.34866546966703926,1.0548178962383352,2.0668942285084126,0.6973309393340785,1.0548178962383352,1.377929485672275,0.0,0.8037135278514589,1.0,20.0,100.0,1122,0,0,0,0,0,0.0,0.0,0.0,0.45,0.30000000000000004,0.6000000000000001,0.1,65.0,35.0,95.0,0.5,0.7000000000000001,0.4,0.7000000000000001,95.0,80.0,80.0,393,393,0,393,0.0,1.0523046521748418,1.0,1.0523046521748418,287,0.7302798982188295,1.0,1
"iteration_4","SCOPE_DATA_COLLECTION",100,38,2350.0,2410.0,2,619,377,126,616,353,146,622,377,129,0,0,0,0.0,0.0,0.0,0.34866546966703926,1.0548178962383352,2.0668942285084126,0.6973309393340785,1.0548178962383352,1.377929485672275,0.0,0.8037135278514589,1.0,20.0,100.0,1122,0,0,0,0,0,0.0,0.0,0.0,0.45,0.30000000000000004,0.6000000000000001,0.1,65.0,35.0,95.0,0.5,0.7000000000000001,0.4,0.7000000000000001,95.0,80.0,80.0,118,117,1,118,0.00847457627118644,2.0647381887000744,1.5,1.3764921258000495,117,1.0,1.0,1
"iteration_4","SCOPE_DATA_COLLECTION",100,39,2410.0,2470.0,0,656,393,118,619,377,126,656,392,116,0,0,1,0.0,0.0,0.008547008547008548,0.34784521586729855,1.0527060028934814,2.063437008236586,0.6956904317345971,1.0527060028934814,1.375624672157724,0.0,0.7295918367346939,1.0,25.0,100.0,1167,0,0,1,0,0,8.56898029134533E-4,0.0,0.0,0.5,0.7000000000000001,0.4,0.7000000000000001,95.0,80.0,80.0,0.5,0.8,0.4,0.6000000000000001,85.0,90.0,80.0,650,649,1,650,0.0015384615384615385,0.34775422213100227,0.5,0.6955084442620045,0,0.0,1.0,1
"iteration_4","SCOPE_DATA_COLLECTION",100,39,2410.0,2470.0,1,656,393,118,619,377,126,656,392,116,0,0,1,0.0,0.0,0.008547008547008548,0.34784521586729855,1.0527060028934814,2.063437008236586,0.6956904317345971,1.0527060028934814,1.375624672157724,0.0,0.7295918367346939,1.0,25.0,100.0,1167,0,0,1,0,0,8.56898029134533E-4,0.0,0.0,0.5,0.7000000000000001,0.4,0.7000000000000001,95.0,80.0,80.0,0.5,0.8,0.4,0.6000000000000001,85.0,90.0,80.0,409,409,0,409,0.0,1.0585539396234298,1.0,1.0585539396234298,324,0.7921760391198044,1.0,1
"iteration_4","SCOPE_DATA_COLLECTION",100,39,2410.0,2470.0,2,656,393,118,619,377,126,656,392,116,0,0,1,0.0,0.0,0.008547008547008548,0.34784521586729855,1.0527060028934814,2.063437008236586,0.6956904317345971,1.0527060028934814,1.375624672157724,0.0,0.7295918367346939,1.0,25.0,100.0,1167,0,0,1,0,0,8.56898029134533E-4,0.0,0.0,0.5,0.7000000000000001,0.4,0.7000000000000001,95.0,80.0,80.0,0.5,0.8,0.4,0.6000000000000001,85.0,90.0,80.0,154,153,1,154,0.006493506493506494,2.065536462495812,1.5,1.3770243083305413,153,1.0,1.0,1
"iteration_4","SCOPE_DATA_COLLECTION",100,40,2470.0,2530.0,0,650,409,154,656,393,118,648,407,148,1,0,1,0.0015408320493066256,0.0,0.006711409395973154,0.3479135312838338,1.0584579908161271,2.064873368797899,0.6958270625676676,1.0584579908161271,1.376582245865266,0.0,0.7936117936117936,1.0,42.5,100.0,1213,0,0,2,0,0,0.0016488046166529267,0.0,0.0,0.5,0.8,0.4,0.6000000000000001,85.0,90.0,80.0,0.6000000000000001,0.9,0.30000000000000004,0.5,75.0,80.0,90.0,594,594,0,594,0.0,0.3481936931543615,0.5,0.696387386308723,0,0.0,1.0,1
"iteration_4","SCOPE_DATA_COLLECTION",100,40,2470.0,2530.0,1,650,409,154,656,393,118,648,407,148,1,0,1,0.0015408320493066256,0.0,0.006711409395973154,0.3479135312838338,1.0584579908161271,2.064873368797899,0.6958270625676676,1.0584579908161271,1.376582245865266,0.0,0.7936117936117936,1.0,42.5,100.0,1213,0,0,2,0,0,0.0016488046166529267,0.0,0.0,0.5,0.8,0.4,0.6000000000000001,85.0,90.0,80.0,0.6000000000000001,0.9,0.30000000000000004,0.5,75.0,80.0,90.0,363,363,0,363,0.0,1.0590408177927553,1.0,1.0590408177927553,286,0.7878787878787878,1.0,1
"iteration_4","SCOPE_DATA_COLLECTION",100,40,2470.0,2530.0,2,650,409,154,656,393,118,648,407,148,1,0,1,0.0015408320493066256,0.0,0.006711409395973154,0.3479135312838338,1.0584579908161271,2.064873368797899,0.6958270625676676,1.0584579908161271,1.376582245865266,0.0,0.7936117936117936,1.0,42.5,100.0,1213,0,0,2,0,0,0.0016488046166529267,0.0,0.0,0.5,0.8,0.4,0.6000000000000001,85.0,90.0,80.0,0.6000000000000001,0.9,0.30000000000000004,0.5,75.0,80.0,90.0,127,127,0,127,0.0,2.051540762552487,1.5,1.367693841701658,127,1.0,1.0,1
"iteration_4","SCOPE_DATA_COLLECTION",100,41,2530.0,2590.0,0,594,363,127,650,409,154,593,360,127,0,0,0,0.0,0.0,0.0,0.34783452277731464,1.0577252288821746,2.058519083367603,0.6956690455546293,1.0577252288821746,1.372346055578402,0.0,0.7833333333333333,1.0,57.5,100.0,1084,0,0,0,0,0,0.0,0.0,0.0,0.6000000000000001,0.9,0.30000000000000004,0.5,75.0,80.0,90.0,0.7000000000000001,0.8,0.30000000000000004,0.5,85.0,80.0,90.0,627,627,0,627,0.0,0.34898240709751704,0.5,0.6979648141950341,0,0.0,1.0,1
"iteration_4","SCOPE_DATA_COLLECTION",100,41,2530.0,2590.0,1,594,363,127,650,409,154,593,360,127,0,0,0,0.0,0.0,0.0,0.34783452277731464,1.0577252288821746,2.058519083367603,0.6956690455546293,1.0577252288821746,1.372346055578402,0.0,0.7833333333333333,1.0,57.5,100.0,1084,0,0,0,0,0,0.0,0.0,0.0,0.6000000000000001,0.9,0.30000000000000004,0.5,75.0,80.0,90.0,0.7000000000000001,0.8,0.30000000000000004,0.5,85.0,80.0,90.0,405,405,0,405,0.0,1.0581443642549813,1.0,1.0581443642549813,320,0.7901234567901234,1.0,1
"iteration_4","SCOPE_DATA_COLLECTION",100,41,2530.0,2590.0,2,594,363,127,650,409,154,593,360,127,0,0,0,0.0,0.0,0.0,0.34783452277731464,1.0577252288821746,2.058519083367603,0.6956690455546293,1.0577252288821746,1.372346055578402,0.0,0.7833333333333333,1.0,57.5,100.0,1084,0,0,0,0,0,0.0,0.0,0.0,0.6000000000000001,0.9,0.30000000000000004,0.5,75.0,80.0,90.0,0.7000000000000001,0.8,0.30000000000000004,0.5,85.0,80.0,90.0,137,137,0,137,0.0,2.0622111099574916,1.5,1.3748074066383278,137,1.0,1.0,1
"iteration_4","SCOPE_DATA_COLLECTION",100,42,2590.0,2650.0,0,627,405,137,594,363,127,628,407,141,0,0,0,0.0,0.0,0.0,0.3489836592139101,1.058248809355751,2.059785909340904,0.6979673184278202,1.058248809355751,1.3731906062272694,0.0,0.7911547911547911,1.0,37.5,100.0,1169,0,0,0,0,0,0.0,0.0,0.0,0.7000000000000001,0.8,0.30000000000000004,0.5,85.0,80.0,90.0,0.6000000000000001,0.9,0.30000000000000004,0.6000000000000001,75.0,90.0,90.0,635,634,1,635,0.0015748031496062992,0.34720298673308964,0.5,0.6944059734661793,0,0.0,1.0,1
"iteration_4","SCOPE_DATA_COLLECTION",100,42,2590.0,2650.0,1,627,405,137,594,363,127,628,407,141,0,0,0,0.0,0.0,0.0,0.3489836592139101,1.058248809355751,2.059785909340904,0.6979673184278202,1.058248809355751,1.3731906062272694,0.0,0.7911547911547911,1.0,37.5,100.0,1169,0,0,0,0,0,0.0,0.0,0.0,0.7000000000000001,0.8,0.30000000000000004,0.5,85.0,80.0,90.0,0.6000000000000001,0.9,0.30000000000000004,0.6000000000000001,75.0,90.0,90.0,382,381,1,382,0.002617801047120419,1.057900632920752,1.0,1.057900632920752,293,0.7690288713910761,1.0,1
"iteration_4","SCOPE_DATA_COLLECTION",100,42,2590.0,2650.0,2,627,405,137,594,363,127,628,407,141,0,0,0,0.0,0.0,0.0,0.3489836592139101,1.058248809355751,2.059785909340904,0.6979673184278202,1.058248809355751,1.3731906062272694,0.0,0.7911547911547911,1.0,37.5,100.0,1169,0,0,0,0,0,0.0,0.0,0.0,0.7000000000000001,0.8,0.30000000000000004,0.5,85.0,80.0,90.0,0.6000000000000001,0.9,0.30000000000000004,0.6000000000000001,75.0,90.0,90.0,158,158,0,158,0.0,2.074355813611062,1.5,1.382903875740708,158,1.0,1.0,1
"iteration_4","SCOPE_DATA_COLLECTION",100,43,2650.0,2710.0,0,635,382,158,627,405,137,637,380,152,1,1,0,0.001567398119122257,0.0026246719160104987,0.0,0.34747253728226546,1.058214675766348,2.0715701961220607,0.6949450745645309,1.058214675766348,1.3810467974147072,0.0,0.7684210526315789,1.0,47.5,100.0,1175,0,0,2,0,0,0.001702127659574468,0.0,0.0,0.6000000000000001,0.9,0.30000000000000004,0.6000000000000001,75.0,90.0,90.0,0.05,0.4,0.6000000000000001,0.9,65.0,25.0,45.0,638,638,0,638,0.0,0.3470499279872137,0.5,0.6940998559744274,0,0.0,1.0,1
"iteration_4","SCOPE_DATA_COLLECTION",100,43,2650.0,2710.0,1,635,382,158,627,405,137,637,380,152,1,1,0,0.001567398119122257,0.0026246719160104987,0.0,0.34747253728226546,1.058214675766348,2.0715701961220607,0.6949450745645309,1.058214675766348,1.3810467974147072,0.0,0.7684210526315789,1.0,47.5,100.0,1175,0,0,2,0,0,0.001702127659574468,0.0,0.0,0.6000000000000001,0.9,0.30000000000000004,0.6000000000000001,75.0,90.0,90.0,0.05,0.4,0.6000000000000001,0.9,65.0,25.0,45.0,384,383,1,384,0.0026041666666666665,1.0514378748529614,1.0,1.0514378748529614,285,0.7441253263707572,1.0,1
"iteration_4","SCOPE_DATA_COLLECTION",100,43,2650.0,2710.0,2,635,382,158,627,405,137,637,380,152,1,1,0,0.001567398119122257,0.0026246719160104987,0.0,0.34747253728226546,1.058214675766348,2.0715701961220607,0.6949450745645309,1.058214675766348,1.3810467974147072,0.0,0.7684210526315789,1.0,47.5,100.0,1175,0,0,2,0,0,0.001702127659574468,0.0,0.0,0.6000000000000001,0.9,0.30000000000000004,0.6000000000000001,75.0,90.0,90.0,0.05,0.4,0.6000000000000001,0.9,65.0,25.0,45.0,141,141,0,141,0.0,2.0485971505961142,1.5,1.365731433730743,141,1.0,1.0,1
"iteration_4","SCOPE_DATA_COLLECTION",100,44,2710.0,2770.0,0,638,384,141,635,382,158,636,390,147,0,1,0,0.0,0.0025575447570332483,0.0,0.34710528551507785,1.0524718763186696,2.052607316957542,0.6942105710301557,1.0524718763186696,1.3684048779716946,0.0,0.7487179487179487,1.0,15.0,100.0,1163,0,0,1,0,0,8.598452278589854E-4,0.0,0.0,0.05,0.4,0.6000000000000001,0.9,65.0,25.0,45.0,0.25,0.30000000000000004,0.1,0.4,35.0,45.0,45.0,622,621,1,622,0.001607717041800643,0.34672567841578744,0.5,0.6934513568315749,0,0.0,1.0,1
"iteration_4","SCOPE_DATA_COLLECTION",100,44,2710.0,2770.0,1,638,384,141,635,382,158,636,390,147,0,1,0,0.0,0.0025575447570332483,0.0,0.34710528551507785,1.0524718763186696,2.052607316957542,0.6942105710301557,1.0524718763186696,1.3684048779716946,0.0,0.7487179487179487,1.0,15.0,100.0,1163,0,0,1,0,0,8.598452278589854E-4,0.0,0.0,0.05,0.4,0.6000000000000001,0.9,65.0,25.0,45.0,0.25,0.30000000000000004,0.1,0.4,35.0,45.0,45.0,355,355,0,355,0.0,1.0516390408835679,1.0,1.0516390408835679,267,0.752112676056338,1.0,1
"iteration_4","SCOPE_DATA_COLLECTION",100,44,2710.0,2770.0,2,638,384,141,635,382,158,636,390,147,0,1,0,0.0,0.0025575447570332483,0.0,0.34710528551507785,1.0524718763186696,2.052607316957542,0.6942105710301557,1.0524718763186696,1.3684048779716946,0.0,0.7487179487179487,1.0,15.0,100.0,1163,0,0,1,0,0,8.598452278589854E-4,0.0,0.0,0.05,0.4,0.6000000000000001,0.9,65.0,25.0,45.0,0.25,0.30000000000000004,0.1,0.4,35.0,45.0,45.0,116,116,0,116,0.0,2.036963611125237,1.5,1.357975740750158,116,1.0,1.0,1
"iteration_4","SCOPE_DATA_COLLECTION",100,45,2770.0,2830.0,0,622,355,116,638,384,141,621,356,117,1,0,0,0.001607717041800643,0.0,0.0,0.34661032426252775,1.0515046088642563,2.0373361797952056,0.6932206485250555,1.0515046088642563,1.3582241198634704,0.0,0.7528089887640449,1.0,12.5,100.0,1093,0,0,1,0,0,9.149130832570906E-4,0.0,0.0,0.25,0.30000000000000004,0.1,0.4,35.0,45.0,45.0,0.25,0.4,0.1,0.4,25.0,55.0,55.0,638,638,0,638,0.0,0.3491148495235426,0.5,0.6982296990470852,0,0.0,1.0,1
"iteration_4","SCOPE_DATA_COLLECTION",100,45,2770.0,2830.0,1,622,355,116,638,384,141,621,356,117,1,0,0,0.001607717041800643,0.0,0.0,0.34661032426252775,1.0515046088642563,2.0373361797952056,0.6932206485250555,1.0515046088642563,1.3582241198634704,0.0,0.7528089887640449,1.0,12.5,100.0,1093,0,0,1,0,0,9.149130832570906E-4,0.0,0.0,0.25,0.30000000000000004,0.1,0.4,35.0,45.0,45.0,0.25,0.4,0.1,0.4,25.0,55.0,55.0,369,368,1,369,0.0027100271002710027,1.052345552148292,1.0,1.052345552148292,272,0.7391304347826086,1.0,1
"iteration_4","SCOPE_DATA_COLLECTION",100,45,2770.0,2830.0,2,622,355,116,638,384,141,621,356,117,1,0,0,0.001607717041800643,0.0,0.0,0.34661032426252775,1.0515046088642563,2.0373361797952056,0.6932206485250555,1.0515046088642563,1.3582241198634704,0.0,0.7528089887640449,1.0,12.5,100.0,1093,0,0,1,0,0,9.149130832570906E-4,0.0,0.0,0.25,0.30000000000000004,0.1,0.4,35.0,45.0,45.0,0.25,0.4,0.1,0.4,25.0,55.0,55.0,156,156,0,156,0.0,2.0500621403944024,1.5,1.3667080935962683,156,1.0,1.0,1
"iteration_4","SCOPE_DATA_COLLECTION",100,46,2830.0,2890.0,0,638,369,156,622,355,116,637,358,153,0,1,0,0.0,0.002785515320334262,0.0,0.3487482517546009,1.0530791626572245,2.0498349760440155,0.6974965035092018,1.0530791626572245,1.3665566506960103,0.0,0.7402234636871509,1.0,45.0,100.0,1163,0,0,1,0,0,8.598452278589854E-4,0.0,0.0,0.25,0.4,0.1,0.4,25.0,55.0,55.0,0.05,0.8,0.5,0.9,95.0,25.0,75.0,657,657,0,657,0.0,0.34904890253809046,0.5,0.6980978050761809,0,0.0,1.0,1
"iteration_4","SCOPE_DATA_COLLECTION",100,46,2830.0,2890.0,1,638,369,156,622,355,116,637,358,153,0,1,0,0.0,0.002785515320334262,0.0,0.3487482517546009,1.0530791626572245,2.0498349760440155,0.6974965035092018,1.0530791626572245,1.3665566506960103,0.0,0.7402234636871509,1.0,45.0,100.0,1163,0,0,1,0,0,8.598452278589854E-4,0.0,0.0,0.25,0.4,0.1,0.4,25.0,55.0,55.0,0.05,0.8,0.5,0.9,95.0,25.0,75.0,372,372,0,372,0.0,1.0540098910716664,1.0,1.0540098910716664,282,0.7580645161290323,1.0,1
"iteration_4","SCOPE_DATA_COLLECTION",100,46,2830.0,2890.0,2,638,369,156,622,355,116,637,358,153,0,1,0,0.0,0.002785515320334262,0.0,0.3487482517546009,1.0530791626572245,2.0498349760440155,0.6974965035092018,1.0530791626572245,1.3665566506960103,0.0,0.7402234636871509,1.0,45.0,100.0,1163,0,0,1,0,0,8.598452278589854E-4,0.0,0.0,0.25,0.4,0.1,0.4,25.0,55.0,55.0,0.05,0.8,0.5,0.9,95.0,25.0,75.0,156,156,0,156,0.0,2.0698043758362963,1.5,1.3798695838908641,156,1.0,1.0,1
"iteration_4","SCOPE_DATA_COLLECTION",100,47,2890.0,2950.0,0,657,372,156,638,369,156,658,378,155,0,0,0,0.0,0.0,0.0,0.34940659909707017,1.0530534003405676,2.065522478395668,0.6988131981941403,1.0530534003405676,1.377014985597112,0.0,0.7566137566137566,1.0,37.5,100.0,1185,0,0,0,0,0,0.0,0.0,0.0,0.05,0.8,0.5,0.9,95.0,25.0,75.0,0.05,0.8,0.5,0.9,85.0,25.0,65.0,637,636,1,637,0.0015698587127158557,0.3495381923348638,0.5,0.6990763846697275,0,0.0,1.0,1
"iteration_4","SCOPE_DATA_COLLECTION",100,47,2890.0,2950.0,1,657,372,156,638,369,156,658,378,155,0,0,0,0.0,0.0,0.0,0.34940659909707017,1.0530534003405676,2.065522478395668,0.6988131981941403,1.0530534003405676,1.377014985597112,0.0,0.7566137566137566,1.0,37.5,100.0,1185,0,0,0,0,0,0.0,0.0,0.0,0.05,0.8,0.5,0.9,95.0,25.0,75.0,0.05,0.8,0.5,0.9,85.0,25.0,65.0,396,396,0,396,0.0,1.053295562953957,1.0,1.053295562953957,309,0.7803030303030303,1.0,1
"iteration_4","SCOPE_DATA_COLLECTION",100,47,2890.0,2950.0,2,657,372,156,638,369,156,658,378,155,0,0,0,0.0,0.0,0.0,0.34940659909707017,1.0530534003405676,2.065522478395668,0.6988131981941403,1.0530534003405676,1.377014985597112,0.0,0.7566137566137566,1.0,37.5,100.0,1185,0,0,0,0,0,0.0,0.0,0.0,0.05,0.8,0.5,0.9,95.0,25.0,75.0,0.05,0.8,0.5,0.9,85.0,25.0,65.0,144,144,0,144,0.0,2.082789382186797,1.5,1.3885262547911978,144,1.0,1.0,1
"iteration_4","SCOPE_DATA_COLLECTION",100,48,2950.0,3010.0,0,637,396,144,657,372,156,637,393,147,1,0,0,0.001567398119122257,0.0,0.0,0.3495785152968268,1.0535982592664808,2.0853997597592926,0.6991570305936536,1.0535982592664808,1.390266506506195,0.0,0.7811704834605598,1.0,35.0,100.0,1177,0,0,1,0,0,8.496176720475786E-4,0.0,0.0,0.05,0.8,0.5,0.9,85.0,25.0,65.0,0.05,0.8,0.5,0.9,85.0,25.0,65.0,673,672,1,673,0.0014858841010401188,0.34878174682826635,0.5,0.6975634936565327,0,0.0,1.0,1
"iteration_4","SCOPE_DATA_COLLECTION",100,48,2950.0,3010.0,1,637,396,144,657,372,156,637,393,147,1,0,0,0.001567398119122257,0.0,0.0,0.3495785152968268,1.0535982592664808,2.0853997597592926,0.6991570305936536,1.0535982592664808,1.390266506506195,0.0,0.7811704834605598,1.0,35.0,100.0,1177,0,0,1,0,0,8.496176720475786E-4,0.0,0.0,0.05,0.8,0.5,0.9,85.0,25.0,65.0,0.05,0.8,0.5,0.9,85.0,25.0,65.0,419,418,1,419,0.002386634844868735,1.0474994888041458,1.0,1.0474994888041458,296,0.7081339712918661,1.0,1
"iteration_4","SCOPE_DATA_COLLECTION",100,48,2950.0,3010.0,2,637,396,144,657,372,156,637,393,147,1,0,0,0.001567398119122257,0.0,0.0,0.3495785152968268,1.0535982592664808,2.0853997597592926,0.6991570305936536,1.0535982592664808,1.390266506506195,0.0,0.7811704834605598,1.0,35.0,100.0,1177,0,0,1,0,0,8.496176720475786E-4,0.0,0.0,0.05,0.8,0.5,0.9,85.0,25.0,65.0,0.05,0.8,0.5,0.9,85.0,25.0,65.0,124,124,0,124,0.0,2.0663054958629785,1.5,1.3775369972419858,124,1.0,1.0,1
"iteration_4","SCOPE_DATA_COLLECTION",100,49,3010.0,3070.0,0,673,419,124,637,396,144,671,421,124,1,1,0,0.001488095238095238,0.002369668246445498,0.0,0.34875844271974515,1.048238821926823,2.0654533043106196,0.6975168854394903,1.048238821926823,1.376968869540413,0.0,0.7102137767220903,1.0,30.0,100.0,1216,0,0,2,0,0,0.001644736842105263,0.0,0.0,0.05,0.8,0.5,0.9,85.0,25.0,65.0,0.15000000000000002,0.9,0.4,0.8,75.0,20.0,65.0,660,660,0,660,0.0,0.34716209778243795,0.5,0.6943241955648759,0,0.0,1.0,1
"iteration_4","SCOPE_DATA_COLLECTION",100,49,3010.0,3070.0,1,673,419,124,637,396,144,671,421,124,1,1,0,0.001488095238095238,0.002369668246445498,0.0,0.34875844271974515,1.048238821926823,2.0654533043106196,0.6975168854394903,1.048238821926823,1.376968869540413,0.0,0.7102137767220903,1.0,30.0,100.0,1216,0,0,2,0,0,0.001644736842105263,0.0,0.0,0.05,0.8,0.5,0.9,85.0,25.0,65.0,0.15000000000000002,0.9,0.4,0.8,75.0,20.0,65.0,389,389,0,389,0.0,1.0556187258722347,1.0,1.0556187258722347,305,0.7840616966580977,1.0,1
"iteration_4","SCOPE_DATA_COLLECTION",100,49,3010.0,3070.0,2,673,419,124,637,396,144,671,421,124,1,1,0,0.001488095238095238,0.002369668246445498,0.0,0.34875844271974515,1.048238821926823,2.0654533043106196,0.6975168854394903,1.048238821926823,1.376968869540413,0.0,0.7102137767220903,1.0,30.0,100.0,1216,0,0,2,0,0,0.001644736842105263,0.0,0.0,0.05,0.8,0.5,0.9,85.0,25.0,65.0,0.15000000000000002,0.9,0.4,0.8,75.0,20.0,65.0,137,137,0,137,0.0,2.0586389907106732,1.5,1.3724259938071155,137,1.0,1.0,1
"iteration_4","SCOPE_DATA_COLLECTION",100,50,3070.0,3130.0,0,660,389,137,673,419,124,660,388,135,0,0,0,0.0,0.0,0.0,0.3471445155204547,1.0549003937021495,2.0594434858697883,0.6942890310409094,1.0549003937021495,1.3729623239131923,0.0,0.7809278350515464,1.0,32.5,100.0,1186,0,0,0,0,0,0.0,0.0,0.0,0.15000000000000002,0.9,0.4,0.8,75.0,20.0,65.0,0.4,0.6000000000000001,0.7000000000000001,0.8,90.0,70.0,35.0,666,665,1,666,0.0015015015015015015,0.3511692118495984,0.5,0.7023384236991967,0,0.0,1.0,1
"iteration_4","SCOPE_DATA_COLLECTION",100,50,3070.0,3130.0,1,660,389,137,673,419,124,660,388,135,0,0,0,0.0,0.0,0.0,0.3471445155204547,1.0549003937021495,2.0594434858697883,0.6942890310409094,1.0549003937021495,1.3729623239131923,0.0,0.7809278350515464,1.0,32.5,100.0,1186,0,0,0,0,0,0.0,0.0,0.0,0.15000000000000002,0.9,0.4,0.8,75.0,20.0,65.0,0.4,0.6000000000000001,0.7000000000000001,0.8,90.0,70.0,35.0,344,343,1,344,0.0029069767441860465,1.053071942987398,1.0,1.053071942987398,254,0.7405247813411079,1.0,1
"iteration_4","SCOPE_DATA_COLLECTION",100,50,3070.0,3130.0,2,660,389,137,673,419,124,660,388,135,0,0,0,0.0,0.0,0.0,0.3471445155204547,1.0549003937021495,2.0594434858697883,0.6942890310409094,1.0549003937021495,1.3729623239131923,0.0,0.7809278350515464,1.0,32.5,100.0,1186,0,0,0,0,0,0.0,0.0,0.0,0.15000000000000002,0.9,0.4,0.8,75.0,20.0,65.0,0.4,0.6000000000000001,0.7000000000000001,0.8,90.0,70.0,35.0,162,162,0,162,0.0,2.0768411346458113,1.5,1.3845607564305409,162,1.0,1.0,1
"iteration_4","SCOPE_DATA_COLLECTION",100,51,3130.0,3190.0,0,666,344,162,660,389,137,663,347,164,1,1,0,0.0015060240963855422,0.0028735632183908046,0.0,0.351181019053118,1.0527381075668236,2.0740796009008564,0.702362038106236,1.0527381075668236,1.3827197339339043,0.0,0.7406340057636888,1.0,27.5,100.0,1172,0,0,2,0,0,0.0017064846416382253,0.0,0.0,0.4,0.6000000000000001,0.7000000000000001,0.8,90.0,70.0,35.0,0.25,0.5,0.5,0.6000000000000001,65.0,50.0,90.0,660,659,1,660,0.0015151515151515152,0.3484287289640001,0.5,0.6968574579280002,0,0.0,1.0,1
"iteration_4","SCOPE_DATA_COLLECTION",100,51,3130.0,3190.0,1,666,344,162,660,389,137,663,347,164,1,1,0,0.0015060240963855422,0.0028735632183908046,0.0,0.351181019053118,1.0527381075668236,2.0740796009008564,0.702362038106236,1.0527381075668236,1.3827197339339043,0.0,0.7406340057636888,1.0,27.5,100.0,1172,0,0,2,0,0,0.0017064846416382253,0.0,0.0,0.4,0.6000000000000001,0.7000000000000001,0.8,90.0,70.0,35.0,0.25,0.5,0.5,0.6000000000000001,65.0,50.0,90.0,405,405,0,405,0.0,1.054700501226835,1.0,1.054700501226835,305,0.7530864197530864,1.0,1
"iteration_4","SCOPE_DATA_COLLECTION",100,51,3130.0,3190.0,2,666,344,162,660,389,137,663,347,164,1,1,0,0.0015060240963855422,0.0028735632183908046,0.0,0.351181019053118,1.0527381075668236,2.0740796009008564,0.702362038106236,1.0527381075668236,1.3827197339339043,0.0,0.7406340057636888,1.0,27.5,100.0,1172,0,0,2,0,0,0.0017064846416382253,0.0,0.0,0.4,0.6000000000000001,0.7000000000000001,0.8,90.0,70.0,35.0,0.25,0.5,0.5,0.6000000000000001,65.0,50.0,90.0,136,136,0,136,0.0,2.065018340168582,1.5,1.3766788934457213,136,1.0,1.0,1
"iteration_4","SCOPE_DATA_COLLECTION",100,52,3190.0,3250.0,0,660,405,136,666,344,162,658,399,134,1,0,0,0.0015174506828528073,0.0,0.0,0.34829491714516375,1.0551239999415503,2.0696459561679164,0.6965898342903275,1.0551239999415503,1.379763970778611,0.0,0.7543859649122807,1.0,47.5,100.0,1201,0,0,1,0,0,8.326394671107411E-4,0.0,0.0,0.25,0.5,0.5,0.6000000000000001,65.0,50.0,90.0,0.25,0.5,0.4,0.7000000000000001,75.0,50.0,90.0,636,636,0,636,0.0,0.3469068101004052,0.5,0.6938136202008104,0,0.0,1.0,1
"iteration_4","SCOPE_DATA_COLLECTION",100,52,3190.0,3250.0,1,660,405,136,666,344,162,658,399,134,1,0,0,0.0015174506828528073,0.0,0.0,0.34829491714516375,1.0551239999415503,2.0696459561679164,0.6965898342903275,1.0551239999415503,1.379763970778611,0.0,0.7543859649122807,1.0,47.5,100.0,1201,0,0,1,0,0,8.326394671107411E-4,0.0,0.0,0.25,0.5,0.5,0.6000000000000001,65.0,50.0,90.0,0.25,0.5,0.4,0.7000000000000001,75.0,50.0,90.0,411,411,0,411,0.0,1.0562631079003888,1.0,1.0562631079003888,328,0.7980535279805353,1.0,1
"iteration_4","SCOPE_DATA_COLLECTION",100,52,3190.0,3250.0,2,660,405,136,666,344,162,658,399,134,1,0,0,0.0015174506828528073,0.0,0.0,0.34829491714516375,1.0551239999415503,2.0696459561679164,0.6965898342903275,1.0551239999415503,1.379763970778611,0.0,0.7543859649122807,1.0,47.5,100.0,1201,0,0,1,0,0,8.326394671107411E-4,0.0,0.0,0.25,0.5,0.5,0.6000000000000001,65.0,50.0,90.0,0.25,0.5,0.4,0.7000000000000001,75.0,50.0,90.0,132,132,0,132,0.0,2.064691368454581,1.5,1.376460912303054,132,1.0,1.0,1
"iteration_4","SCOPE_DATA_COLLECTION",100,53,3250.0,3310.0,0,636,411,132,660,405,136,639,411,133,0,0,0,0.0,0.0,0.0,0.34709746536695224,1.0561550596682012,2.0634409680526,0.6941949307339045,1.0561550596682012,1.3756273120350666,0.0,0.7980535279805353,1.0,37.5,100.0,1179,0,0,0,0,0,0.0,0.0,0.0,0.25,0.5,0.4,0.7000000000000001,75.0,50.0,90.0,0.15000000000000002,0.4,0.30000000000000004,0.6000000000000001,85.0,60.0,80.0,670,668,2,670,0.0029850746268656717,0.3467257678131709,0.5,0.6934515356263418,0,0.0,1.0,1
"iteration_4","SCOPE_DATA_COLLECTION",100,53,3250.0,3310.0,1,636,411,132,660,405,136,639,411,133,0,0,0,0.0,0.0,0.0,0.34709746536695224,1.0561550596682012,2.0634409680526,0.6941949307339045,1.0561550596682012,1.3756273120350666,0.0,0.7980535279805353,1.0,37.5,100.0,1179,0,0,0,0,0,0.0,0.0,0.0,0.25,0.5,0.4,0.7000000000000001,75.0,50.0,90.0,0.15000000000000002,0.4,0.30000000000000004,0.6000000000000001,85.0,60.0,80.0,355,355,0,355,0.0,1.0498662979430302,1.0,1.0498662979430302,270,0.7605633802816901,1.0,1
"iteration_4","SCOPE_DATA_COLLECTION",100,53,3250.0,3310.0,2,636,411,132,660,405,136,639,411,133,0,0,0,0.0,0.0,0.0,0.34709746536695224,1.0561550596682012,2.0634409680526,0.6941949307339045,1.0561550596682012,1.3756273120350666,0.0,0.7980535279805353,1.0,37.5,100.0,1179,0,0,0,0,0,0.0,0.0,0.0,0.25,0.5,0.4,0.7000000000000001,75.0,50.0,90.0,0.15000000000000002,0.4,0.30000000000000004,0.6000000000000001,85.0,60.0,80.0,146,146,0,146,0.0,2.065762689088319,1.5,1.3771751260588794,146,1.0,1.0,1
"iteration_4","SCOPE_DATA_COLLECTION",100,54,3310.0,3370.0,0,670,355,146,636,411,132,664,358,142,2,0,0,0.003003003003003003,0.0,0.0,0.3465551260830185,1.0494652820275545,2.0639452170050943,0.693110252166037,1.0494652820275545,1.3759634780033962,0.0,0.7597765363128491,1.0,50.0,100.0,1171,0,0,2,0,0,0.0017079419299743809,0.0,0.0,0.15000000000000002,0.4,0.30000000000000004,0.6000000000000001,85.0,60.0,80.0,0.4,0.30000000000000004,0.9,0.8,85.0,55.0,60.0,609,609,0,609,0.0,0.3448399024446219,0.5,0.6896798048892439,0,0.0,1.0,1
"iteration_4","SCOPE_DATA_COLLECTION",100,54,3310.0,3370.0,1,670,355,146,636,411,132,664,358,142,2,0,0,0.003003003003003003,0.0,0.0,0.3465551260830185,1.0494652820275545,2.0639452170050943,0.693110252166037,1.0494652820275545,1.3759634780033962,0.0,0.7597765363128491,1.0,50.0,100.0,1171,0,0,2,0,0,0.0017079419299743809,0.0,0.0,0.15000000000000002,0.4,0.30000000000000004,0.6000000000000001,85.0,60.0,80.0,0.4,0.30000000000000004,0.9,0.8,85.0,55.0,60.0,384,384,0,384,0.0,1.057582592285775,1.0,1.057582592285775,306,0.796875,1.0,1
"iteration_4","SCOPE_DATA_COLLECTION",100,54,3310.0,3370.0,2,670,355,146,636,411,132,664,358,142,2,0,0,0.003003003003003003,0.0,0.0,0.3465551260830185,1.0494652820275545,2.0639452170050943,0.693110252166037,1.0494652820275545,1.3759634780033962,0.0,0.7597765363128491,1.0,50.0,100.0,1171,0,0,2,0,0,0.0017079419299743809,0.0,0.0,0.15000000000000002,0.4,0.30000000000000004,0.6000000000000001,85.0,60.0,80.0,0.4,0.30000000000000004,0.9,0.8,85.0,55.0,60.0,131,131,0,131,0.0,2.057602418467239,1.5,1.3717349456448258,131,1.0,1.0,1
"iteration_4","SCOPE_DATA_COLLECTION",100,55,3370.0,3430.0,0,609,384,131,670,355,146,613,385,133,0,0,0,0.0,0.0,0.0,0.345055170660661,1.0576564346087571,2.0586655538499814,0.690110341321322,1.0576564346087571,1.3724437025666543,0.0,0.7922077922077922,1.0,25.0,100.0,1124,0,0,0,0,0,0.0,0.0,0.0,0.4,0.30000000000000004,0.9,0.8,85.0,55.0,60.0,0.4,0.30000000000000004,0.9,0.8,85.0,55.0,60.0,647,647,0,647,0.0,0.34839999194576865,0.5,0.6967999838915373,0,0.0,1.0,1
"iteration_4","SCOPE_DATA_COLLECTION",100,55,3370.0,3430.0,1,609,384,131,670,355,146,613,385,133,0,0,0,0.0,0.0,0.0,0.345055170660661,1.0576564346087571,2.0586655538499814,0.690110341321322,1.0576564346087571,1.3724437025666543,0.0,0.7922077922077922,1.0,25.0,100.0,1124,0,0,0,0,0,0.0,0.0,0.0,0.4,0.30000000000000004,0.9,0.8,85.0,55.0,60.0,0.4,0.30000000000000004,0.9,0.8,85.0,55.0,60.0,392,392,0,392,0.0,1.0545926373301917,1.0,1.0545926373301917,302,0.7704081632653061,1.0,1
"iteration_4","SCOPE_DATA_COLLECTION",100,55,3370.0,3430.0,2,609,384,131,670,355,146,613,385,133,0,0,0,0.0,0.0,0.0,0.345055170660661,1.0576564346087571,2.0586655538499814,0.690110341321322,1.0576564346087571,1.3724437025666543,0.0,0.7922077922077922,1.0,25.0,100.0,1124,0,0,0,0,0,0.0,0.0,0.0,0.4,0.30000000000000004,0.9,0.8,85.0,55.0,60.0,0.4,0.30000000000000004,0.9,0.8,85.0,55.0,60.0,145,145,0,145,0.0,2.046723953249035,1.5,1.3644826354993567,145,1.0,1.0,1
"iteration_4","SCOPE_DATA_COLLECTION",100,56,3430.0,3490.0,0,647,392,145,609,384,131,645,394,146,0,0,0,0.0,0.0,0.0,0.3482149828747065,1.0548122541093519,2.04674781036085,0.696429965749413,1.0548122541093519,1.3644985402405665,0.0,0.7741116751269036,1.0,30.0,100.0,1184,0,0,0,0,0,0.0,0.0,0.0,0.4,0.30000000000000004,0.9,0.8,85.0,55.0,60.0,0.30000000000000004,0.8,0.30000000000000004,0.4,35.0,35.0,55.0,646,646,0,646,0.0,0.3472322060778257,0.5,0.6944644121556514,0,0.0,1.0,1
"iteration_4","SCOPE_DATA_COLLECTION",100,56,3430.0,3490.0,1,647,392,145,609,384,131,645,394,146,0,0,0,0.0,0.0,0.0,0.3482149828747065,1.0548122541093519,2.04674781036085,0.696429965749413,1.0548122541093519,1.3644985402405665,0.0,0.7741116751269036,1.0,30.0,100.0,1184,0,0,0,0,0,0.0,0.0,0.0,0.4,0.30000000000000004,0.9,0.8,85.0,55.0,60.0,0.30000000000000004,0.8,0.30000000000000004,0.4,35.0,35.0,55.0,383,383,0,383,0.0,1.0571094920837014,1.0,1.0571094920837014,294,0.7676240208877284,1.0,1
"iteration_4","SCOPE_DATA_COLLECTION",100,56,3430.0,3490.0,2,647,392,145,609,384,131,645,394,146,0,0,0,0.0,0.0,0.0,0.3482149828747065,1.0548122541093519,2.04674781036085,0.696429965749413,1.0548122541093519,1.3644985402405665,0.0,0.7741116751269036,1.0,30.0,100.0,1184,0,0,0,0,0,0.0,0.0,0.0,0.4,0.30000000000000004,0.9,0.8,85.0,55.0,60.0,0.30000000000000004,0.8,0.30000000000000004,0.4,35.0,35.0,55.0,149,149,0,149,0.0,2.0660446655465816,1.5,1.3773631103643877,149,1.0,1.0,1
"iteration_4","SCOPE_DATA_COLLECTION",100,57,3490.0,3550.0,0,646,383,149,647,392,145,647,379,152,0,0,0,0.0,0.0,0.0,0.34736861209513553,1.0571891673236335,2.06603546484512,0.6947372241902711,1.0571891673236335,1.3773569765634133,0.0,0.7678100263852242,1.0,30.0,100.0,1178,0,0,0,0,0,0.0,0.0,0.0,0.30000000000000004,0.8,0.30000000000000004,0.4,35.0,35.0,55.0,0.4,0.7000000000000001,0.4,0.30000000000000004,45.0,25.0,45.0,641,640,1,641,0.0015600624024961,0.35039636759173404,0.5,0.7007927351834681,0,0.0,1.0,1
"iteration_4","SCOPE_DATA_COLLECTION",100,57,3490.0,3550.0,1,646,383,149,647,392,145,647,379,152,0,0,0,0.0,0.0,0.0,0.34736861209513553,1.0571891673236335,2.06603546484512,0.6947372241902711,1.0571891673236335,1.3773569765634133,0.0,0.7678100263852242,1.0,30.0,100.0,1178,0,0,0,0,0,0.0,0.0,0.0,0.30000000000000004,0.8,0.30000000000000004,0.4,35.0,35.0,55.0,0.4,0.7000000000000001,0.4,0.30000000000000004,45.0,25.0,45.0,367,367,0,367,0.0,1.0537523265677236,1.0,1.0537523265677236,283,0.771117166212534,1.0,1
"iteration_4","SCOPE_DATA_COLLECTION",100,57,3490.0,3550.0,2,646,383,149,647,392,145,647,379,152,0,0,0,0.0,0.0,0.0,0.34736861209513553,1.0571891673236335,2.06603546484512,0.6947372241902711,1.0571891673236335,1.3773569765634133,0.0,0.7678100263852242,1.0,30.0,100.0,1178,0,0,0,0,0,0.0,0.0,0.0,0.30000000000000004,0.8,0.30000000000000004,0.4,35.0,35.0,55.0,0.4,0.7000000000000001,0.4,0.30000000000000004,45.0,25.0,45.0,157,157,0,157,0.0,2.0593153019293546,1.5,1.372876867952903,157,1.0,1.0,1
"iteration_4","SCOPE_DATA_COLLECTION",100,58,3550.0,3617.131907226264,0,641,367,157,646,383,149,641,365,156,1,0,0,0.001557632398753894,0.0,0.0,0.3505105594893687,1.0536341239832687,2.060434185635662,0.7010211189787374,1.0536341239832687,1.3736227904237746,0.0,0.7671232876712328,1.0,37.5,100.0,1165,0,0,1,0,0,8.583690987124463E-4,0.0,0.0,0.4,0.7000000000000001,0.4,0.30000000000000004,45.0,25.0,45.0,0.4,0.7000000000000001,0.4,0.30000000000000004,45.0,25.0,45.0,528,524,1,525,0.0019047619047619048,0.35011684918971114,0.5,0.7002336983794223,0,0.0,0.9943181818181818,0
"iteration_4","SCOPE_DATA_COLLECTION",100,58,3550.0,3617.131907226264,1,641,367,157,646,383,149,641,365,156,1,0,0,0.001557632398753894,0.0,0.0,0.3505105594893687,1.0536341239832687,2.060434185635662,0.7010211189787374,1.0536341239832687,1.3736227904237746,0.0,0.7671232876712328,1.0,37.5,100.0,1165,0,0,1,0,0,8.583690987124463E-4,0.0,0.0,0.4,0.7000000000000001,0.4,0.30000000000000004,45.0,25.0,45.0,0.4,0.7000000000000001,0.4,0.30000000000000004,45.0,25.0,45.0,313,304,1,305,0.003278688524590164,1.05627264384228,1.0,1.05627264384228,236,0.7763157894736842,0.9744408945686901,0
"iteration_4","SCOPE_DATA_COLLECTION",100,58,3550.0,3617.131907226264,2,641,367,157,646,383,149,641,365,156,1,0,0,0.001557632398753894,0.0,0.0,0.3505105594893687,1.0536341239832687,2.060434185635662,0.7010211189787374,1.0536341239832687,1.3736227904237746,0.0,0.7671232876712328,1.0,37.5,100.0,1165,0,0,1,0,0,8.583690987124463E-4,0.0,0.0,0.4,0.7000000000000001,0.4,0.30000000000000004,45.0,25.0,45.0,0.4,0.7000000000000001,0.4,0.30000000000000004,45.0,25.0,45.0,150,143,0,143,0.0,2.0588396597816243,1.5,1.3725597731877495,143,1.0,0.9533333333333334,0
"iteration_4","SCOPE_DATA_COLLECTION",200,0,70.0,130.0,0,1076,808,250,0,0,0,1066,787,238,2,3,1,0.0018726591760299626,0.0037974683544303796,0.0041841004184100415,0.35343602044176553,1.0569446985893047,2.0598901201211905,0.7068720408835311,1.0569446985893047,1.3732600800807937,9.380863039399625E-4,0.7598475222363406,1.0,90.0,100.0,2134,0,0,6,0,0,0.0028116213683223993,0.0,0.0,0.6,0.5,0.7,0.4,85.0,80.0,90.0,0.6000000000000001,0.6000000000000001,0.7000000000000001,0.30000000000000004,85.0,90.0,95.0,1168,1168,0,1168,0.0,0.3515506681635828,0.5,0.7031013363271656,0,0.0,1.0,1
"iteration_4","SCOPE_DATA_COLLECTION",200,0,70.0,130.0,1,1076,808,250,0,0,0,1066,787,238,2,3,1,0.0018726591760299626,0.0037974683544303796,0.0041841004184100415,0.35343602044176553,1.0569446985893047,2.0598901201211905,0.7068720408835311,1.0569446985893047,1.3732600800807937,9.380863039399625E-4,0.7598475222363406,1.0,90.0,100.0,2134,0,0,6,0,0,0.0028116213683223993,0.0,0.0,0.6,0.5,0.7,0.4,85.0,80.0,90.0,0.6000000000000001,0.6000000000000001,0.7000000000000001,0.30000000000000004,85.0,90.0,95.0,882,882,0,882,0.0,1.0530317832344507,1.0,1.0530317832344507,698,0.7913832199546486,1.0,1
"iteration_4","SCOPE_DATA_COLLECTION",200,0,70.0,130.0,2,1076,808,250,0,0,0,1066,787,238,2,3,1,0.0018726591760299626,0.0037974683544303796,0.0041841004184100415,0.35343602044176553,1.0569446985893047,2.0598901201211905,0.7068720408835311,1.0569446985893047,1.3732600800807937,9.380863039399625E-4,0.7598475222363406,1.0,90.0,100.0,2134,0,0,6,0,0,0.0028116213683223993,0.0,0.0,0.6,0.5,0.7,0.4,85.0,80.0,90.0,0.6000000000000001,0.6000000000000001,0.7000000000000001,0.30000000000000004,85.0,90.0,95.0,269,269,0,269,0.0,2.0617867286084817,1.5,1.3745244857389878,268,0.9962825278810409,1.0,1
"iteration_4","SCOPE_DATA_COLLECTION",200,1,130.0,190.0,0,1168,882,269,1076,808,250,1168,885,275,0,0,0,0.0,0.0,0.0,0.3516980225848151,1.052871585881075,2.061168653701993,0.7033960451696302,1.052871585881075,1.3741124358013286,0.0,0.7898305084745763,0.9963636363636363,67.5,100.0,2312,2,5,0,0,0,0.0,0.0,0.0,0.6000000000000001,0.6000000000000001,0.7000000000000001,0.30000000000000004,85.0,90.0,95.0,0.30000000000000004,0.1,0.30000000000000004,0.30000000000000004,95.0,90.0,80.0,1201,1200,1,1201,8.326394671107411E-4,0.35844414567860156,0.5,0.7168882913572031,18,0.015,1.0,1
"iteration_4","SCOPE_DATA_COLLECTION",200,1,130.0,190.0,1,1168,882,269,1076,808,250,1168,885,275,0,0,0,0.0,0.0,0.0,0.3516980225848151,1.052871585881075,2.061168653701993,0.7033960451696302,1.052871585881075,1.3741124358013286,0.0,0.7898305084745763,0.9963636363636363,67.5,100.0,2312,2,5,0,0,0,0.0,0.0,0.0,0.6000000000000001,0.6000000000000001,0.7000000000000001,0.30000000000000004,85.0,90.0,95.0,0.30000000000000004,0.1,0.30000000000000004,0.30000000000000004,95.0,90.0,80.0,880,878,2,880,0.0022727272727272726,1.0578195562158004,1.0,1.0578195562158004,691,0.7870159453302962,1.0,1
"iteration_4","SCOPE_DATA_COLLECTION",200,1,130.0,190.0,2,1168,882,269,1076,808,250,1168,885,275,0,0,0,0.0,0.0,0.0,0.3516980225848151,1.052871585881075,2.061168653701993,0.7033960451696302,1.052871585881075,1.3741124358013286,0.0,0.7898305084745763,0.9963636363636363,67.5,100.0,2312,2,5,0,0,0,0.0,0.0,0.0,0.6000000000000001,0.6000000000000001,0.7000000000000001,0.30000000000000004,85.0,90.0,95.0,0.30000000000000004,0.1,0.30000000000000004,0.30000000000000004,95.0,90.0,80.0,277,277,0,277,0.0,2.0568644494817776,1.5,1.3712429663211851,277,1.0,1.0,1
"iteration_4","SCOPE_DATA_COLLECTION",200,2,190.0,250.0,0,1201,880,277,1168,882,269,1200,878,274,1,2,0,8.326394671107411E-4,0.0022727272727272726,0.0,0.3582693613359419,1.0580410783928655,2.0569390401068373,0.7165387226718838,1.0580410783928655,1.3712926934045582,0.015,0.7881548974943052,1.0,65.0,100.0,2358,0,0,3,0,0,0.001272264631043257,0.0,0.0,0.30000000000000004,0.1,0.30000000000000004,0.30000000000000004,95.0,90.0,80.0,0.55,0.9,0.5,0.7000000000000001,70.0,40.0,95.0,1198,1198,0,1198,0.0,0.35818857003527066,0.5,0.7163771400705413,20,0.01669449081803005,1.0,1
"iteration_4","SCOPE_DATA_COLLECTION",200,2,190.0,250.0,1,1201,880,277,1168,882,269,1200,878,274,1,2,0,8.326394671107411E-4,0.0022727272727272726,0.0,0.3582693613359419,1.0580410783928655,2.0569390401068373,0.7165387226718838,1.0580410783928655,1.3712926934045582,0.015,0.7881548974943052,1.0,65.0,100.0,2358,0,0,3,0,0,0.001272264631043257,0.0,0.0,0.30000000000000004,0.1,0.30000000000000004,0.30000000000000004,95.0,90.0,80.0,0.55,0.9,0.5,0.7000000000000001,70.0,40.0,95.0,850,850,0,850,0.0,1.0555542581242907,1.0,1.0555542581242907,657,0.7729411764705882,1.0,1
"iteration_4","SCOPE_DATA_COLLECTION",200,2,190.0,250.0,2,1201,880,277,1168,882,269,1200,878,274,1,2,0,8.326394671107411E-4,0.0022727272727272726,0.0,0.3582693613359419,1.0580410783928655,2.0569390401068373,0.7165387226718838,1.0580410783928655,1.3712926934045582,0.015,0.7881548974943052,1.0,65.0,100.0,2358,0,0,3,0,0,0.001272264631043257,0.0,0.0,0.30000000000000004,0.1,0.30000000000000004,0.30000000000000004,95.0,90.0,80.0,0.55,0.9,0.5,0.7000000000000001,70.0,40.0,95.0,293,292,1,293,0.0034129692832764505,2.0650849891662846,1.5,1.3767233261108565,291,0.9965753424657534,1.0,1
"iteration_4","SCOPE_DATA_COLLECTION",200,3,250.0,310.0,0,1198,850,293,1201,880,277,1201,843,290,0,0,1,0.0,0.0,0.003436426116838488,0.35829834068403454,1.0558441939435046,2.064704520133995,0.7165966813680691,1.0558441939435046,1.37646968008933,0.01665278934221482,0.7781731909845789,0.996551724137931,90.0,100.0,2334,4,3,1,0,0,4.284490145672665E-4,0.0,0.0,0.55,0.9,0.5,0.7000000000000001,70.0,40.0,95.0,0.55,0.9,0.5,0.7000000000000001,70.0,40.0,95.0,1161,1158,3,1161,0.002583979328165375,0.353794393010866,0.5,0.707588786021732,7,0.006044905008635579,1.0,1
"iteration_4","SCOPE_DATA_COLLECTION",200,3,250.0,310.0,1,1198,850,293,1201,880,277,1201,843,290,0,0,1,0.0,0.0,0.003436426116838488,0.35829834068403454,1.0558441939435046,2.064704520133995,0.7165966813680691,1.0558441939435046,1.37646968008933,0.01665278934221482,0.7781731909845789,0.996551724137931,90.0,100.0,2334,4,3,1,0,0,4.284490145672665E-4,0.0,0.0,0.55,0.9,0.5,0.7000000000000001,70.0,40.0,95.0,0.55,0.9,0.5,0.7000000000000001,70.0,40.0,95.0,842,842,0,842,0.0,1.0574802154204106,1.0,1.0574802154204106,669,0.7945368171021377,1.0,1
"iteration_4","SCOPE_DATA_COLLECTION",200,3,250.0,310.0,2,1198,850,293,1201,880,277,1201,843,290,0,0,1,0.0,0.0,0.003436426116838488,0.35829834068403454,1.0558441939435046,2.064704520133995,0.7165966813680691,1.0558441939435046,1.37646968008933,0.01665278934221482,0.7781731909845789,0.996551724137931,90.0,100.0,2334,4,3,1,0,0,4.284490145672665E-4,0.0,0.0,0.55,0.9,0.5,0.7000000000000001,70.0,40.0,95.0,0.55,0.9,0.5,0.7000000000000001,70.0,40.0,95.0,273,273,0,273,0.0,2.06830735405823,1.5,1.3788715693721534,273,1.0,1.0,1
"iteration_4","SCOPE_DATA_COLLECTION",200,4,310.0,370.0,0,1161,842,273,1198,850,293,1159,847,273,3,0,0,0.0025817555938037868,0.0,0.0,0.3537150325114964,1.057187777016766,2.070392563905935,0.7074300650229928,1.057187777016766,1.3802617092706233,0.0060396893874029335,0.7910271546635183,1.0,65.0,100.0,2270,5,1,3,0,0,0.0013215859030837004,0.0,0.0,0.55,0.9,0.5,0.7000000000000001,70.0,40.0,95.0,0.55,0.9,0.6000000000000001,0.6000000000000001,70.0,30.0,95.0,1151,1151,0,1151,0.0,0.3553968160792434,0.5,0.7107936321584868,7,0.006081668114682885,1.0,1
"iteration_4","SCOPE_DATA_COLLECTION",200,4,310.0,370.0,1,1161,842,273,1198,850,293,1159,847,273,3,0,0,0.0025817555938037868,0.0,0.0,0.3537150325114964,1.057187777016766,2.070392563905935,0.7074300650229928,1.057187777016766,1.3802617092706233,0.0060396893874029335,0.7910271546635183,1.0,65.0,100.0,2270,5,1,3,0,0,0.0013215859030837004,0.0,0.0,0.55,0.9,0.5,0.7000000000000001,70.0,40.0,95.0,0.55,0.9,0.6000000000000001,0.6000000000000001,70.0,30.0,95.0,888,888,0,888,0.0,1.0562002628394958,1.0,1.0562002628394958,705,0.793918918918919,1.0,1
"iteration_4","SCOPE_DATA_COLLECTION",200,4,310.0,370.0,2,1161,842,273,1198,850,293,1159,847,273,3,0,0,0.0025817555938037868,0.0,0.0,0.3537150325114964,1.057187777016766,2.070392563905935,0.7074300650229928,1.057187777016766,1.3802617092706233,0.0060396893874029335,0.7910271546635183,1.0,65.0,100.0,2270,5,1,3,0,0,0.0013215859030837004,0.0,0.0,0.55,0.9,0.5,0.7000000000000001,70.0,40.0,95.0,0.55,0.9,0.6000000000000001,0.6000000000000001,70.0,30.0,95.0,251,251,0,251,0.0,2.0397660251384533,1.5,1.359844016758969,249,0.9920318725099602,1.0,1
"iteration_4","SCOPE_DATA_COLLECTION",200,5,370.0,430.0,0,1151,888,251,1161,842,273,1146,883,251,0,0,0,0.0,0.0,0.0,0.3554707777011172,1.056354937578483,2.0394713183998037,0.7109415554022344,1.056354937578483,1.3596475455998691,0.006108202443280977,0.7927519818799547,0.9920318725099602,82.5,100.0,2283,1,6,0,0,0,0.0,0.0,0.0,0.55,0.9,0.6000000000000001,0.6000000000000001,70.0,30.0,95.0,0.65,0.8,0.7000000000000001,0.6000000000000001,60.0,40.0,95.0,1166,1165,1,1166,8.576329331046312E-4,0.35477470651562915,0.5,0.7095494130312583,4,0.0034334763948497852,1.0,1
"iteration_4","SCOPE_DATA_COLLECTION",200,5,370.0,430.0,1,1151,888,251,1161,842,273,1146,883,251,0,0,0,0.0,0.0,0.0,0.3554707777011172,1.056354937578483,2.0394713183998037,0.7109415554022344,1.056354937578483,1.3596475455998691,0.006108202443280977,0.7927519818799547,0.9920318725099602,82.5,100.0,2283,1,6,0,0,0,0.0,0.0,0.0,0.55,0.9,0.6000000000000001,0.6000000000000001,70.0,30.0,95.0,0.65,0.8,0.7000000000000001,0.6000000000000001,60.0,40.0,95.0,894,893,1,894,0.0011185682326621924,1.0628048365764495,1.0,1.0628048365764495,710,0.7950727883538634,1.0,1
"iteration_4","SCOPE_DATA_COLLECTION",200,5,370.0,430.0,2,1151,888,251,1161,842,273,1146,883,251,0,0,0,0.0,0.0,0.0,0.3554707777011172,1.056354937578483,2.0394713183998037,0.7109415554022344,1.056354937578483,1.3596475455998691,0.006108202443280977,0.7927519818799547,0.9920318725099602,82.5,100.0,2283,1,6,0,0,0,0.0,0.0,0.0,0.55,0.9,0.6000000000000001,0.6000000000000001,70.0,30.0,95.0,0.65,0.8,0.7000000000000001,0.6000000000000001,60.0,40.0,95.0,289,289,0,289,0.0,2.0605930263803818,1.5,1.3737286842535879,289,1.0,1.0,1
"iteration_4","SCOPE_DATA_COLLECTION",200,6,430.0,490.0,0,1166,894,289,1151,888,251,1166,900,285,1,1,0,8.56898029134533E-4,0.0011098779134295228,0.0,0.3545862576778948,1.0623712036805428,2.0588761041059076,0.7091725153557896,1.0623712036805428,1.3725840694039384,0.002572898799313894,0.7944444444444444,1.0,82.5,100.0,2343,3,3,2,0,0,8.536064874093043E-4,0.0,0.0,0.65,0.8,0.7000000000000001,0.6000000000000001,60.0,40.0,95.0,0.55,0.8,0.6000000000000001,0.7000000000000001,70.0,50.0,95.0,1178,1178,0,1178,0.0,0.35516235929186274,0.5,0.7103247185837255,5,0.004244482173174873,1.0,1
"iteration_4","SCOPE_DATA_COLLECTION",200,6,430.0,490.0,1,1166,894,289,1151,888,251,1166,900,285,1,1,0,8.56898029134533E-4,0.0011098779134295228,0.0,0.3545862576778948,1.0623712036805428,2.0588761041059076,0.7091725153557896,1.0623712036805428,1.3725840694039384,0.002572898799313894,0.7944444444444444,1.0,82.5,100.0,2343,3,3,2,0,0,8.536064874093043E-4,0.0,0.0,0.65,0.8,0.7000000000000001,0.6000000000000001,60.0,40.0,95.0,0.55,0.8,0.6000000000000001,0.7000000000000001,70.0,50.0,95.0,855,854,1,855,0.0011695906432748538,1.058168754669605,1.0,1.058168754669605,679,0.7950819672131147,1.0,1
"iteration_4","SCOPE_DATA_COLLECTION",200,6,430.0,490.0,2,1166,894,289,1151,888,251,1166,900,285,1,1,0,8.56898029134533E-4,0.0011098779134295228,0.0,0.3545862576778948,1.0623712036805428,2.0588761041059076,0.7091725153557896,1.0623712036805428,1.3725840694039384,0.002572898799313894,0.7944444444444444,1.0,82.5,100.0,2343,3,3,2,0,0,8.536064874093043E-4,0.0,0.0,0.65,0.8,0.7000000000000001,0.6000000000000001,60.0,40.0,95.0,0.55,0.8,0.6000000000000001,0.7000000000000001,70.0,50.0,95.0,285,285,0,285,0.0,2.0632992881041683,1.5,1.3755328587361122,285,1.0,1.0,1
"iteration_4","SCOPE_DATA_COLLECTION",200,7,490.0,550.0,0,1178,855,285,1166,894,289,1179,848,290,0,1,0,0.0,0.001177856301531213,0.0,0.35537296603307267,1.058389652635564,2.0628084917659564,0.7107459320661453,1.058389652635564,1.3752056611773043,0.005089058524173028,0.7936320754716981,1.0,85.0,100.0,2316,1,1,1,0,0,4.317789291882556E-4,0.0,0.0,0.55,0.8,0.6000000000000001,0.7000000000000001,70.0,50.0,95.0,0.65,0.9,0.7000000000000001,0.6000000000000001,80.0,50.0,95.0,1178,1176,2,1178,0.001697792869269949,0.35470318619277363,0.5,0.7094063723855473,4,0.003401360544217687,1.0,1
"iteration_4","SCOPE_DATA_COLLECTION",200,7,490.0,550.0,1,1178,855,285,1166,894,289,1179,848,290,0,1,0,0.0,0.001177856301531213,0.0,0.35537296603307267,1.058389652635564,2.0628084917659564,0.7107459320661453,1.058389652635564,1.3752056611773043,0.005089058524173028,0.7936320754716981,1.0,85.0,100.0,2316,1,1,1,0,0,4.317789291882556E-4,0.0,0.0,0.55,0.8,0.6000000000000001,0.7000000000000001,70.0,50.0,95.0,0.65,0.9,0.7000000000000001,0.6000000000000001,80.0,50.0,95.0,800,799,1,800,0.00125,1.059520865855242,1.0,1.059520865855242,615,0.769712140175219,1.0,1
"iteration_4","SCOPE_DATA_COLLECTION",200,7,490.0,550.0,2,1178,855,285,1166,894,289,1179,848,290,0,1,0,0.0,0.001177856301531213,0.0,0.35537296603307267,1.058389652635564,2.0628084917659564,0.7107459320661453,1.058389652635564,1.3752056611773043,0.005089058524173028,0.7936320754716981,1.0,85.0,100.0,2316,1,1,1,0,0,4.317789291882556E-4,0.0,0.0,0.55,0.8,0.6000000000000001,0.7000000000000001,70.0,50.0,95.0,0.65,0.9,0.7000000000000001,0.6000000000000001,80.0,50.0,95.0,279,278,1,279,0.0035842293906810036,2.0616307356219417,1.5,1.3744204904146278,277,0.9964028776978417,1.0,1
"iteration_4","SCOPE_DATA_COLLECTION",200,8,550.0,610.0,0,1178,800,279,1178,855,285,1177,808,278,2,1,1,0.0016963528413910093,0.0012360939431396785,0.0035842293906810036,0.354620498831947,1.0600334433042689,2.061981279925,0.709240997663894,1.0600334433042689,1.3746541866166666,0.0033984706881903144,0.775990099009901,0.9964028776978417,57.5,100.0,2255,0,2,4,0,0,0.0017738359201773836,0.0,0.0,0.65,0.9,0.7000000000000001,0.6000000000000001,80.0,50.0,95.0,0.75,0.8,0.6000000000000001,0.6000000000000001,80.0,40.0,95.0,1216,1215,1,1216,8.223684210526315E-4,0.35336885633582626,0.5,0.7067377126716525,8,0.006584362139917695,1.0,1
"iteration_4","SCOPE_DATA_COLLECTION",200,8,550.0,610.0,1,1178,800,279,1178,855,285,1177,808,278,2,1,1,0.0016963528413910093,0.0012360939431396785,0.0035842293906810036,0.354620498831947,1.0600334433042689,2.061981279925,0.709240997663894,1.0600334433042689,1.3746541866166666,0.0033984706881903144,0.775990099009901,0.9964028776978417,57.5,100.0,2255,0,2,4,0,0,0.0017738359201773836,0.0,0.0,0.65,0.9,0.7000000000000001,0.6000000000000001,80.0,50.0,95.0,0.75,0.8,0.6000000000000001,0.6000000000000001,80.0,40.0,95.0,859,858,1,859,0.0011641443538998836,1.053004933166899,1.0,1.053004933166899,681,0.7937062937062938,1.0,1
"iteration_4","SCOPE_DATA_COLLECTION",200,8,550.0,610.0,2,1178,800,279,1178,855,285,1177,808,278,2,1,1,0.0016963528413910093,0.0012360939431396785,0.0035842293906810036,0.354620498831947,1.0600334433042689,2.061981279925,0.709240997663894,1.0600334433042689,1.3746541866166666,0.0033984706881903144,0.775990099009901,0.9964028776978417,57.5,100.0,2255,0,2,4,0,0,0.0017738359201773836,0.0,0.0,0.65,0.9,0.7000000000000001,0.6000000000000001,80.0,50.0,95.0,0.75,0.8,0.6000000000000001,0.6000000000000001,80.0,40.0,95.0,279,278,1,279,0.0035842293906810036,2.0380562138140856,1.5,1.3587041425427238,272,0.9784172661870504,1.0,1
"iteration_4","SCOPE_DATA_COLLECTION",200,9,610.0,670.0,0,1216,859,279,1178,800,279,1215,857,273,1,1,1,8.223684210526315E-4,0.0011655011655011655,0.0036496350364963502,0.3532475552979032,1.0524438747762972,2.035961507481198,0.7064951105958064,1.0524438747762972,1.357307671654132,0.006584362139917695,0.7899649941656943,0.978021978021978,75.0,100.0,2331,19,4,3,0,0,0.001287001287001287,0.0,0.0,0.75,0.8,0.6000000000000001,0.6000000000000001,80.0,40.0,95.0,0.75,0.8,0.6000000000000001,0.6000000000000001,80.0,40.0,95.0,1129,1128,1,1129,8.857395925597874E-4,0.35473447607870795,0.5,0.7094689521574159,3,0.0026595744680851063,1.0,1
"iteration_4","SCOPE_DATA_COLLECTION",200,9,610.0,670.0,1,1216,859,279,1178,800,279,1215,857,273,1,1,1,8.223684210526315E-4,0.0011655011655011655,0.0036496350364963502,0.3532475552979032,1.0524438747762972,2.035961507481198,0.7064951105958064,1.0524438747762972,1.357307671654132,0.006584362139917695,0.7899649941656943,0.978021978021978,75.0,100.0,2331,19,4,3,0,0,0.001287001287001287,0.0,0.0,0.75,0.8,0.6000000000000001,0.6000000000000001,80.0,40.0,95.0,0.75,0.8,0.6000000000000001,0.6000000000000001,80.0,40.0,95.0,925,924,1,925,0.001081081081081081,1.0603522647240806,1.0,1.0603522647240806,729,0.788961038961039,1.0,1
"iteration_4","SCOPE_DATA_COLLECTION",200,9,610.0,670.0,2,1216,859,279,1178,800,279,1215,857,273,1,1,1,8.223684210526315E-4,0.0011655011655011655,0.0036496350364963502,0.3532475552979032,1.0524438747762972,2.035961507481198,0.7064951105958064,1.0524438747762972,1.357307671654132,0.006584362139917695,0.7899649941656943,0.978021978021978,75.0,100.0,2331,19,4,3,0,0,0.001287001287001287,0.0,0.0,0.75,0.8,0.6000000000000001,0.6000000000000001,80.0,40.0,95.0,0.75,0.8,0.6000000000000001,0.6000000000000001,80.0,40.0,95.0,259,259,0,259,0.0,2.0709935959122756,1.5,1.3806623972748504,259,1.0,1.0,1
"iteration_4","SCOPE_DATA_COLLECTION",200,10,670.0,730.0,0,1129,925,259,1216,859,279,1122,924,267,1,1,0,8.904719501335708E-4,0.001081081081081081,0.0,0.35491380712011095,1.0601119731941753,2.073040768453397,0.7098276142402219,1.0601119731941753,1.3820271789689313,0.00267379679144385,0.7878787878787878,1.0,70.0,100.0,2312,1,0,2,0,0,8.650519031141869E-4,0.0,0.0,0.75,0.8,0.6000000000000001,0.6000000000000001,80.0,40.0,95.0,0.75,0.7000000000000001,0.6000000000000001,0.6000000000000001,80.0,40.0,95.0,1230,1229,1,1230,8.130081300813008E-4,0.35275532223806544,0.5,0.7055106444761309,4,0.0032546786004882017,1.0,1
"iteration_4","SCOPE_DATA_COLLECTION",200,10,670.0,730.0,1,1129,925,259,1216,859,279,1122,924,267,1,1,0,8.904719501335708E-4,0.001081081081081081,0.0,0.35491380712011095,1.0601119731941753,2.073040768453397,0.7098276142402219,1.0601119731941753,1.3820271789689313,0.00267379679144385,0.7878787878787878,1.0,70.0,100.0,2312,1,0,2,0,0,8.650519031141869E-4,0.0,0.0,0.75,0.8,0.6000000000000001,0.6000000000000001,80.0,40.0,95.0,0.75,0.7000000000000001,0.6000000000000001,0.6000000000000001,80.0,40.0,95.0,883,883,0,883,0.0,1.053696573516453,1.0,1.053696573516453,675,0.7644394110985278,1.0,1
"iteration_4","SCOPE_DATA_COLLECTION",200,10,670.0,730.0,2,1129,925,259,1216,859,279,1122,924,267,1,1,0,8.904719501335708E-4,0.001081081081081081,0.0,0.35491380712011095,1.0601119731941753,2.073040768453397,0.7098276142402219,1.0601119731941753,1.3820271789689313,0.00267379679144385,0.7878787878787878,1.0,70.0,100.0,2312,1,0,2,0,0,8.650519031141869E-4,0.0,0.0,0.75,0.8,0.6000000000000001,0.6000000000000001,80.0,40.0,95.0,0.75,0.7000000000000001,0.6000000000000001,0.6000000000000001,80.0,40.0,95.0,276,276,0,276,0.0,2.0479568356330455,1.5,1.365304557088697,276,1.0,1.0,1
"iteration_4","SCOPE_DATA_COLLECTION",200,11,730.0,790.0,0,1230,883,276,1129,925,259,1237,887,267,1,0,0,8.077544426494346E-4,0.0,0.0,0.3528106594700945,1.0543785446350145,2.0466865198084316,0.705621318940189,1.0543785446350145,1.3644576798722878,0.0032336297493936943,0.7677564825253664,1.0,65.0,100.0,2386,3,0,1,0,0,4.1911148365465214E-4,0.0,0.0,0.75,0.7000000000000001,0.6000000000000001,0.6000000000000001,80.0,40.0,95.0,0.8500000000000001,0.7000000000000001,0.5,0.7000000000000001,70.0,30.0,85.0,1177,1177,0,1177,0.0,0.35522080754880025,0.5,0.7104416150976005,4,0.0033984706881903144,1.0,1
"iteration_4","SCOPE_DATA_COLLECTION",200,11,730.0,790.0,1,1230,883,276,1129,925,259,1237,887,267,1,0,0,8.077544426494346E-4,0.0,0.0,0.3528106594700945,1.0543785446350145,2.0466865198084316,0.705621318940189,1.0543785446350145,1.3644576798722878,0.0032336297493936943,0.7677564825253664,1.0,65.0,100.0,2386,3,0,1,0,0,4.1911148365465214E-4,0.0,0.0,0.75,0.7000000000000001,0.6000000000000001,0.6000000000000001,80.0,40.0,95.0,0.8500000000000001,0.7000000000000001,0.5,0.7000000000000001,70.0,30.0,85.0,909,908,1,909,0.0011001100110011,1.0551729634834908,1.0,1.0551729634834908,712,0.7841409691629956,1.0,1
"iteration_4","SCOPE_DATA_COLLECTION",200,11,730.0,790.0,2,1230,883,276,1129,925,259,1237,887,267,1,0,0,8.077544426494346E-4,0.0,0.0,0.3528106594700945,1.0543785446350145,2.0466865198084316,0.705621318940189,1.0543785446350145,1.3644576798722878,0.0032336297493936943,0.7677564825253664,1.0,65.0,100.0,2386,3,0,1,0,0,4.1911148365465214E-4,0.0,0.0,0.75,0.7000000000000001,0.6000000000000001,0.6000000000000001,80.0,40.0,95.0,0.8500000000000001,0.7000000000000001,0.5,0.7000000000000001,70.0,30.0,85.0,268,268,0,268,0.0,2.0569289956512833,1.5,1.3712859971008555,268,1.0,1.0,1
"iteration_4","SCOPE_DATA_COLLECTION",200,12,790.0,850.0,0,1177,909,268,1230,883,276,1177,896,274,0,1,0,0.0,0.0011148272017837235,0.0,0.3552350576136551,1.0543397773127932,2.0585655293208105,0.7104701152273102,1.0543397773127932,1.372377019547207,0.0033984706881903144,0.7801339285714286,1.0,75.0,100.0,2351,2,1,1,0,0,4.253509145044662E-4,0.0,0.0,0.8500000000000001,0.7000000000000001,0.5,0.7000000000000001,70.0,30.0,85.0,0.75,0.6000000000000001,0.4,0.6000000000000001,70.0,40.0,75.0,1175,1172,3,1175,0.002553191489361702,0.35360330384786554,0.5,0.7072066076957311,4,0.0034129692832764505,1.0,1
"iteration_4","SCOPE_DATA_COLLECTION",200,12,790.0,850.0,1,1177,909,268,1230,883,276,1177,896,274,0,1,0,0.0,0.0011148272017837235,0.0,0.3552350576136551,1.0543397773127932,2.0585655293208105,0.7104701152273102,1.0543397773127932,1.372377019547207,0.0033984706881903144,0.7801339285714286,1.0,75.0,100.0,2351,2,1,1,0,0,4.253509145044662E-4,0.0,0.0,0.8500000000000001,0.7000000000000001,0.5,0.7000000000000001,70.0,30.0,85.0,0.75,0.6000000000000001,0.4,0.6000000000000001,70.0,40.0,75.0,858,857,1,858,0.0011655011655011655,1.0551009296490659,1.0,1.0551009296490659,663,0.7736289381563594,1.0,1
"iteration_4","SCOPE_DATA_COLLECTION",200,12,790.0,850.0,2,1177,909,268,1230,883,276,1177,896,274,0,1,0,0.0,0.0011148272017837235,0.0,0.3552350576136551,1.0543397773127932,2.0585655293208105,0.7104701152273102,1.0543397773127932,1.372377019547207,0.0033984706881903144,0.7801339285714286,1.0,75.0,100.0,2351,2,1,1,0,0,4.253509145044662E-4,0.0,0.0,0.8500000000000001,0.7000000000000001,0.5,0.7000000000000001,70.0,30.0,85.0,0.75,0.6000000000000001,0.4,0.6000000000000001,70.0,40.0,75.0,254,254,0,254,0.0,2.054732282754043,1.5,1.3698215218360286,254,1.0,1.0,1
"iteration_4","SCOPE_DATA_COLLECTION",200,13,850.0,910.0,0,1175,858,254,1177,909,268,1169,859,257,3,1,0,0.002559726962457338,0.0011627906976744186,0.0,0.35349429896707074,1.0554924687638558,2.0558651743114504,0.7069885979341415,1.0554924687638558,1.3705767828743003,0.003421727972626176,0.7764842840512224,1.0,70.0,100.0,2287,0,0,4,0,0,0.0017490161783996502,0.0,0.0,0.75,0.6000000000000001,0.4,0.6000000000000001,70.0,40.0,75.0,0.5,0.30000000000000004,0.7000000000000001,0.1,45.0,25.0,95.0,1235,1235,0,1235,0.0,0.3560922332671459,0.5,0.7121844665342918,5,0.004048582995951417,1.0,1
"iteration_4","SCOPE_DATA_COLLECTION",200,13,850.0,910.0,1,1175,858,254,1177,909,268,1169,859,257,3,1,0,0.002559726962457338,0.0011627906976744186,0.0,0.35349429896707074,1.0554924687638558,2.0558651743114504,0.7069885979341415,1.0554924687638558,1.3705767828743003,0.003421727972626176,0.7764842840512224,1.0,70.0,100.0,2287,0,0,4,0,0,0.0017490161783996502,0.0,0.0,0.75,0.6000000000000001,0.4,0.6000000000000001,70.0,40.0,75.0,0.5,0.30000000000000004,0.7000000000000001,0.1,45.0,25.0,95.0,872,872,0,872,0.0,1.0563342183034574,1.0,1.0563342183034574,681,0.7809633027522935,1.0,1
"iteration_4","SCOPE_DATA_COLLECTION",200,13,850.0,910.0,2,1175,858,254,1177,909,268,1169,859,257,3,1,0,0.002559726962457338,0.0011627906976744186,0.0,0.35349429896707074,1.0554924687638558,2.0558651743114504,0.7069885979341415,1.0554924687638558,1.3705767828743003,0.003421727972626176,0.7764842840512224,1.0,70.0,100.0,2287,0,0,4,0,0,0.0017490161783996502,0.0,0.0,0.75,0.6000000000000001,0.4,0.6000000000000001,70.0,40.0,75.0,0.5,0.30000000000000004,0.7000000000000001,0.1,45.0,25.0,95.0,271,271,0,271,0.0,2.0585459294678294,1.5,1.372363952978553,271,1.0,1.0,1
"iteration_4","SCOPE_DATA_COLLECTION",200,14,910.0,970.0,0,1235,872,271,1175,858,254,1237,879,267,0,0,0,0.0,0.0,0.0,0.3561880351527083,1.0564168956071462,2.056800285247536,0.7123760703054166,1.0564168956071462,1.3712001901650241,0.004042037186742118,0.7804323094425484,1.0,67.5,100.0,2377,0,1,0,0,0,0.0,0.0,0.0,0.5,0.30000000000000004,0.7000000000000001,0.1,45.0,25.0,95.0,0.5,0.4,0.8,0.1,35.0,25.0,95.0,1129,1129,0,1129,0.0,0.35695018933461314,0.5,0.7139003786692263,6,0.005314437555358724,1.0,1
"iteration_4","SCOPE_DATA_COLLECTION",200,14,910.0,970.0,1,1235,872,271,1175,858,254,1237,879,267,0,0,0,0.0,0.0,0.0,0.3561880351527083,1.0564168956071462,2.056800285247536,0.7123760703054166,1.0564168956071462,1.3712001901650241,0.004042037186742118,0.7804323094425484,1.0,67.5,100.0,2377,0,1,0,0,0,0.0,0.0,0.0,0.5,0.30000000000000004,0.7000000000000001,0.1,45.0,25.0,95.0,0.5,0.4,0.8,0.1,35.0,25.0,95.0,887,885,2,887,0.002254791431792559,1.060201308144108,1.0,1.060201308144108,694,0.784180790960452,1.0,1
"iteration_4","SCOPE_DATA_COLLECTION",200,14,910.0,970.0,2,1235,872,271,1175,858,254,1237,879,267,0,0,0,0.0,0.0,0.0,0.3561880351527083,1.0564168956071462,2.056800285247536,0.7123760703054166,1.0564168956071462,1.3712001901650241,0.004042037186742118,0.7804323094425484,1.0,67.5,100.0,2377,0,1,0,0,0,0.0,0.0,0.0,0.5,0.30000000000000004,0.7000000000000001,0.1,45.0,25.0,95.0,0.5,0.4,0.8,0.1,35.0,25.0,95.0,283,282,1,283,0.0035335689045936395,2.0702434692712766,1.5,1.3801623128475178,282,1.0,1.0,1
"iteration_4","SCOPE_DATA_COLLECTION",200,15,970.0,1030.0,0,1129,887,283,1235,872,271,1129,886,283,0,2,1,0.0,0.0022522522522522522,0.0035211267605633804,0.3568797279270258,1.0603533181750444,2.069344361409428,0.7137594558540516,1.0603533181750444,1.3795629076062852,0.005314437555358724,0.7855530474040632,1.0,57.5,100.0,2299,0,0,3,0,0,0.0013049151805132667,0.0,0.0,0.5,0.4,0.8,0.1,35.0,25.0,95.0,0.5,0.4,0.8,0.1,35.0,25.0,95.0,1123,1122,1,1123,8.904719501335708E-4,0.35481494609298553,0.5,0.7096298921859711,2,0.0017825311942959,1.0,1
"iteration_4","SCOPE_DATA_COLLECTION",200,15,970.0,1030.0,1,1129,887,283,1235,872,271,1129,886,283,0,2,1,0.0,0.0022522522522522522,0.0035211267605633804,0.3568797279270258,1.0603533181750444,2.069344361409428,0.7137594558540516,1.0603533181750444,1.3795629076062852,0.005314437555358724,0.7855530474040632,1.0,57.5,100.0,2299,0,0,3,0,0,0.0013049151805132667,0.0,0.0,0.5,0.4,0.8,0.1,35.0,25.0,95.0,0.5,0.4,0.8,0.1,35.0,25.0,95.0,858,857,1,858,0.0011655011655011655,1.0532606742596264,1.0,1.0532606742596264,657,0.7666277712952159,1.0,1
"iteration_4","SCOPE_DATA_COLLECTION",200,15,970.0,1030.0,2,1129,887,283,1235,872,271,1129,886,283,0,2,1,0.0,0.0022522522522522522,0.0035211267605633804,0.3568797279270258,1.0603533181750444,2.069344361409428,0.7137594558540516,1.0603533181750444,1.3795629076062852,0.005314437555358724,0.7855530474040632,1.0,57.5,100.0,2299,0,0,3,0,0,0.0013049151805132667,0.0,0.0,0.5,0.4,0.8,0.1,35.0,25.0,95.0,0.5,0.4,0.8,0.1,35.0,25.0,95.0,242,242,0,242,0.0,2.0471707770789482,1.5,1.3647805180526322,241,0.9958677685950413,1.0,1
"iteration_4","SCOPE_DATA_COLLECTION",200,16,1030.0,1090.0,0,1123,858,242,1129,887,283,1119,856,243,1,1,0,8.928571428571428E-4,0.0011668611435239206,0.0,0.3548780879972398,1.0532693782849176,2.0477120365947528,0.7097561759944796,1.0532693782849176,1.3651413577298352,0.0017873100983020554,0.7663551401869159,0.9958847736625515,67.5,100.0,2215,3,5,2,0,0,9.029345372460496E-4,0.0,0.0,0.5,0.4,0.8,0.1,35.0,25.0,95.0,0.4,0.30000000000000004,0.9,0.1,35.0,35.0,95.0,1206,1206,0,1206,0.0,0.35703678773570746,0.5,0.7140735754714149,12,0.009950248756218905,1.0,1
"iteration_4","SCOPE_DATA_COLLECTION",200,16,1030.0,1090.0,1,1123,858,242,1129,887,283,1119,856,243,1,1,0,8.928571428571428E-4,0.0011668611435239206,0.0,0.3548780879972398,1.0532693782849176,2.0477120365947528,0.7097561759944796,1.0532693782849176,1.3651413577298352,0.0017873100983020554,0.7663551401869159,0.9958847736625515,67.5,100.0,2215,3,5,2,0,0,9.029345372460496E-4,0.0,0.0,0.5,0.4,0.8,0.1,35.0,25.0,95.0,0.4,0.30000000000000004,0.9,0.1,35.0,35.0,95.0,880,880,0,880,0.0,1.0562667416367149,1.0,1.0562667416367149,694,0.7886363636363637,1.0,1
"iteration_4","SCOPE_DATA_COLLECTION",200,16,1030.0,1090.0,2,1123,858,242,1129,887,283,1119,856,243,1,1,0,8.928571428571428E-4,0.0011668611435239206,0.0,0.3548780879972398,1.0532693782849176,2.0477120365947528,0.7097561759944796,1.0532693782849176,1.3651413577298352,0.0017873100983020554,0.7663551401869159,0.9958847736625515,67.5,100.0,2215,3,5,2,0,0,9.029345372460496E-4,0.0,0.0,0.5,0.4,0.8,0.1,35.0,25.0,95.0,0.4,0.30000000000000004,0.9,0.1,35.0,35.0,95.0,270,270,0,270,0.0,2.0658000843374347,1.5,1.3772000562249564,269,0.9962962962962963,1.0,1
"iteration_4","SCOPE_DATA_COLLECTION",200,17,1090.0,1150.0,0,1206,880,270,1123,858,242,1210,878,266,0,0,0,0.0,0.0,0.0,0.3570331965536025,1.0565078090509148,2.068711605427458,0.714066393107205,1.0565078090509148,1.379141070284972,0.009917355371900827,0.7904328018223234,0.9962406015037594,67.5,100.0,2350,3,3,0,0,0,0.0,0.0,0.0,0.4,0.30000000000000004,0.9,0.1,35.0,35.0,95.0,0.6000000000000001,0.9,0.8,0.6000000000000001,40.0,35.0,75.0,1174,1172,2,1174,0.0017035775127768314,0.35557846608225585,0.5,0.7111569321645117,14,0.011945392491467578,1.0,1
"iteration_4","SCOPE_DATA_COLLECTION",200,17,1090.0,1150.0,1,1206,880,270,1123,858,242,1210,878,266,0,0,0,0.0,0.0,0.0,0.3570331965536025,1.0565078090509148,2.068711605427458,0.714066393107205,1.0565078090509148,1.379141070284972,0.009917355371900827,0.7904328018223234,0.9962406015037594,67.5,100.0,2350,3,3,0,0,0,0.0,0.0,0.0,0.4,0.30000000000000004,0.9,0.1,35.0,35.0,95.0,0.6000000000000001,0.9,0.8,0.6000000000000001,40.0,35.0,75.0,875,875,0,875,0.0,1.0596639076351781,1.0,1.0596639076351781,694,0.7931428571428571,1.0,1
"iteration_4","SCOPE_DATA_COLLECTION",200,17,1090.0,1150.0,2,1206,880,270,1123,858,242,1210,878,266,0,0,0,0.0,0.0,0.0,0.3570331965536025,1.0565078090509148,2.068711605427458,0.714066393107205,1.0565078090509148,1.379141070284972,0.009917355371900827,0.7904328018223234,0.9962406015037594,67.5,100.0,2350,3,3,0,0,0,0.0,0.0,0.0,0.4,0.30000000000000004,0.9,0.1,35.0,35.0,95.0,0.6000000000000001,0.9,0.8,0.6000000000000001,40.0,35.0,75.0,279,278,1,279,0.0035842293906810036,2.06355779252975,1.5,1.3757051950198333,277,0.9964028776978417,1.0,1
"iteration_4","SCOPE_DATA_COLLECTION",200,18,1150.0,1210.0,0,1174,875,279,1206,880,270,1171,876,284,2,0,1,0.0017050298380221654,0.0,0.0035087719298245615,0.355560880634593,1.0588947302141491,2.059818270067893,0.711121761269186,1.0588947302141491,1.373212180045262,0.011955593509820665,0.7876712328767124,0.9964788732394366,57.5,100.0,2319,5,4,3,0,0,0.00129366106080207,0.0,0.0,0.6000000000000001,0.9,0.8,0.6000000000000001,40.0,35.0,75.0,0.7000000000000001,0.8,0.8,0.6000000000000001,50.0,25.0,75.0,1179,1177,2,1179,0.0016963528413910093,0.3529397856270514,0.5,0.7058795712541028,4,0.0033984706881903144,1.0,1
"iteration_4","SCOPE_DATA_COLLECTION",200,18,1150.0,1210.0,1,1174,875,279,1206,880,270,1171,876,284,2,0,1,0.0017050298380221654,0.0,0.0035087719298245615,0.355560880634593,1.0588947302141491,2.059818270067893,0.711121761269186,1.0588947302141491,1.373212180045262,0.011955593509820665,0.7876712328767124,0.9964788732394366,57.5,100.0,2319,5,4,3,0,0,0.00129366106080207,0.0,0.0,0.6000000000000001,0.9,0.8,0.6000000000000001,40.0,35.0,75.0,0.7000000000000001,0.8,0.8,0.6000000000000001,50.0,25.0,75.0,884,884,0,884,0.0,1.0556861586675388,1.0,1.0556861586675388,677,0.7658371040723982,1.0,1
"iteration_4","SCOPE_DATA_COLLECTION",200,18,1150.0,1210.0,2,1174,875,279,1206,880,270,1171,876,284,2,0,1,0.0017050298380221654,0.0,0.0035087719298245615,0.355560880634593,1.0588947302141491,2.059818270067893,0.711121761269186,1.0588947302141491,1.373212180045262,0.011955593509820665,0.7876712328767124,0.9964788732394366,57.5,100.0,2319,5,4,3,0,0,0.00129366106080207,0.0,0.0,0.6000000000000001,0.9,0.8,0.6000000000000001,40.0,35.0,75.0,0.7000000000000001,0.8,0.8,0.6000000000000001,50.0,25.0,75.0,279,279,0,279,0.0,2.052015279787306,1.5,1.3680101865248708,278,0.996415770609319,1.0,1
"iteration_4","SCOPE_DATA_COLLECTION",200,19,1210.0,1270.0,0,1179,884,279,1174,875,279,1175,877,273,2,0,0,0.0016992353440951572,0.0,0.0,0.35290662036070103,1.0556187909786106,2.0537477105662427,0.7058132407214021,1.0556187909786106,1.3691651403774951,0.003404255319148936,0.766248574686431,0.9963369963369964,82.5,100.0,2332,10,0,2,0,0,8.576329331046312E-4,0.0,0.0,0.7000000000000001,0.8,0.8,0.6000000000000001,50.0,25.0,75.0,0.7000000000000001,0.8,0.7000000000000001,0.7000000000000001,50.0,20.0,75.0,1188,1186,2,1188,0.0016835016835016834,0.3553682324277957,0.5,0.7107364648555914,3,0.002529510961214165,1.0,1
"iteration_4","SCOPE_DATA_COLLECTION",200,19,1210.0,1270.0,1,1179,884,279,1174,875,279,1175,877,273,2,0,0,0.0016992353440951572,0.0,0.0,0.35290662036070103,1.0556187909786106,2.0537477105662427,0.7058132407214021,1.0556187909786106,1.3691651403774951,0.003404255319148936,0.766248574686431,0.9963369963369964,82.5,100.0,2332,10,0,2,0,0,8.576329331046312E-4,0.0,0.0,0.7000000000000001,0.8,0.8,0.6000000000000001,50.0,25.0,75.0,0.7000000000000001,0.8,0.7000000000000001,0.7000000000000001,50.0,20.0,75.0,820,818,2,820,0.0024390243902439024,1.0549504291258782,1.0,1.0549504291258782,625,0.7640586797066015,1.0,1
"iteration_4","SCOPE_DATA_COLLECTION",200,19,1210.0,1270.0,2,1179,884,279,1174,875,279,1175,877,273,2,0,0,0.0016992353440951572,0.0,0.0,0.35290662036070103,1.0556187909786106,2.0537477105662427,0.7058132407214021,1.0556187909786106,1.3691651403774951,0.003404255319148936,0.766248574686431,0.9963369963369964,82.5,100.0,2332,10,0,2,0,0,8.576329331046312E-4,0.0,0.0,0.7000000000000001,0.8,0.8,0.6000000000000001,50.0,25.0,75.0,0.7000000000000001,0.8,0.7000000000000001,0.7000000000000001,50.0,20.0,75.0,311,311,0,311,0.0,2.0617119267145094,1.5,1.374474617809673,310,0.9967845659163987,1.0,1
"iteration_4","SCOPE_DATA_COLLECTION",200,20,1270.0,1330.0,0,1188,820,311,1179,884,279,1186,820,317,2,2,0,0.0016835016835016834,0.0024330900243309003,0.0,0.35535967024042414,1.0553406128707596,2.0612839429013454,0.7107193404808483,1.0553406128707596,1.3741892952675636,0.002529510961214165,0.7670731707317073,0.9968454258675079,72.5,100.0,2310,6,3,4,0,0,0.0017316017316017316,0.0,0.0,0.7000000000000001,0.8,0.7000000000000001,0.7000000000000001,50.0,20.0,75.0,0.7000000000000001,0.7000000000000001,0.6000000000000001,0.6000000000000001,40.0,30.0,85.0,1152,1151,1,1152,8.680555555555555E-4,0.35444822930723885,0.5,0.7088964586144777,5,0.004344048653344918,1.0,1
"iteration_4","SCOPE_DATA_COLLECTION",200,20,1270.0,1330.0,1,1188,820,311,1179,884,279,1186,820,317,2,2,0,0.0016835016835016834,0.0024330900243309003,0.0,0.35535967024042414,1.0553406128707596,2.0612839429013454,0.7107193404808483,1.0553406128707596,1.3741892952675636,0.002529510961214165,0.7670731707317073,0.9968454258675079,72.5,100.0,2310,6,3,4,0,0,0.0017316017316017316,0.0,0.0,0.7000000000000001,0.8,0.7000000000000001,0.7000000000000001,50.0,20.0,75.0,0.7000000000000001,0.7000000000000001,0.6000000000000001,0.6000000000000001,40.0,30.0,85.0,851,848,3,851,0.0035252643948296123,1.0622762874910991,1.0,1.0622762874910991,658,0.7759433962264151,1.0,1
"iteration_4","SCOPE_DATA_COLLECTION",200,20,1270.0,1330.0,2,1188,820,311,1179,884,279,1186,820,317,2,2,0,0.0016835016835016834,0.0024330900243309003,0.0,0.35535967024042414,1.0553406128707596,2.0612839429013454,0.7107193404808483,1.0553406128707596,1.3741892952675636,0.002529510961214165,0.7670731707317073,0.9968454258675079,72.5,100.0,2310,6,3,4,0,0,0.0017316017316017316,0.0,0.0,0.7000000000000001,0.8,0.7000000000000001,0.7000000000000001,50.0,20.0,75.0,0.7000000000000001,0.7000000000000001,0.6000000000000001,0.6000000000000001,40.0,30.0,85.0,262,262,0,262,0.0,2.0561515864210107,1.5,1.3707677242806737,262,1.0,1.0,1
"iteration_4","SCOPE_DATA_COLLECTION",200,21,1330.0,1390.0,0,1152,851,262,1188,820,311,1153,847,260,1,2,0,8.665511265164644E-4,0.002355712603062426,0.0,0.35444060756086954,1.062410257572007,2.0563080629516968,0.7088812151217391,1.062410257572007,1.3708720419677978,0.004336513443191674,0.7768595041322314,1.0,77.5,100.0,2264,0,1,3,0,0,0.001325088339222615,0.0,0.0,0.7000000000000001,0.7000000000000001,0.6000000000000001,0.6000000000000001,40.0,30.0,85.0,0.6000000000000001,0.9,0.1,0.30000000000000004,70.0,90.0,90.0,1137,1137,0,1137,0.0,0.3537927942582809,0.5,0.7075855885165618,3,0.002638522427440633,1.0,1
"iteration_4","SCOPE_DATA_COLLECTION",200,21,1330.0,1390.0,1,1152,851,262,1188,820,311,1153,847,260,1,2,0,8.665511265164644E-4,0.002355712603062426,0.0,0.35444060756086954,1.062410257572007,2.0563080629516968,0.7088812151217391,1.062410257572007,1.3708720419677978,0.004336513443191674,0.7768595041322314,1.0,77.5,100.0,2264,0,1,3,0,0,0.001325088339222615,0.0,0.0,0.7000000000000001,0.7000000000000001,0.6000000000000001,0.6000000000000001,40.0,30.0,85.0,0.6000000000000001,0.9,0.1,0.30000000000000004,70.0,90.0,90.0,839,838,1,839,0.0011918951132300357,1.0591645040652637,1.0,1.0591645040652637,665,0.7935560859188544,1.0,1
"iteration_4","SCOPE_DATA_COLLECTION",200,21,1330.0,1390.0,2,1152,851,262,1188,820,311,1153,847,260,1,2,0,8.665511265164644E-4,0.002355712603062426,0.0,0.35444060756086954,1.062410257572007,2.0563080629516968,0.7088812151217391,1.062410257572007,1.3708720419677978,0.004336513443191674,0.7768595041322314,1.0,77.5,100.0,2264,0,1,3,0,0,0.001325088339222615,0.0,0.0,0.7000000000000001,0.7000000000000001,0.6000000000000001,0.6000000000000001,40.0,30.0,85.0,0.6000000000000001,0.9,0.1,0.30000000000000004,70.0,90.0,90.0,247,247,0,247,0.0,2.0559221617673242,1.5,1.3706147745115496,247,1.0,1.0,1
"iteration_4","SCOPE_DATA_COLLECTION",200,22,1390.0,1450.0,0,1137,839,247,1152,851,262,1138,847,243,0,2,0,0.0,0.002355712603062426,0.0,0.3538485698875206,1.059117750275359,2.0545229190777383,0.7076971397750412,1.059117750275359,1.3696819460518255,0.0026362038664323375,0.7910271546635183,1.0,57.5,100.0,2223,0,0,2,0,0,8.99685110211426E-4,0.0,0.0,0.6000000000000001,0.9,0.1,0.30000000000000004,70.0,90.0,90.0,0.8500000000000001,0.6000000000000001,0.30000000000000004,0.6000000000000001,20.0,40.0,60.0,1189,1189,0,1189,0.0,0.35394487208163555,0.5,0.7078897441632711,6,0.005046257359125316,1.0,1
"iteration_4","SCOPE_DATA_COLLECTION",200,22,1390.0,1450.0,1,1137,839,247,1152,851,262,1138,847,243,0,2,0,0.0,0.002355712603062426,0.0,0.3538485698875206,1.059117750275359,2.0545229190777383,0.7076971397750412,1.059117750275359,1.3696819460518255,0.0026362038664323375,0.7910271546635183,1.0,57.5,100.0,2223,0,0,2,0,0,8.99685110211426E-4,0.0,0.0,0.6000000000000001,0.9,0.1,0.30000000000000004,70.0,90.0,90.0,0.8500000000000001,0.6000000000000001,0.30000000000000004,0.6000000000000001,20.0,40.0,60.0,926,926,0,926,0.0,1.058092633656643,1.0,1.058092633656643,736,0.7948164146868251,1.0,1
"iteration_4","SCOPE_DATA_COLLECTION",200,22,1390.0,1450.0,2,1137,839,247,1152,851,262,1138,847,243,0,2,0,0.0,0.002355712603062426,0.0,0.3538485698875206,1.059117750275359,2.0545229190777383,0.7076971397750412,1.059117750275359,1.3696819460518255,0.0026362038664323375,0.7910271546635183,1.0,57.5,100.0,2223,0,0,2,0,0,8.99685110211426E-4,0.0,0.0,0.6000000000000001,0.9,0.1,0.30000000000000004,70.0,90.0,90.0,0.8500000000000001,0.6000000000000001,0.30000000000000004,0.6000000000000001,20.0,40.0,60.0,259,259,0,259,0.0,2.0603498790227626,1.5,1.3735665860151751,258,0.9961389961389961,1.0,1
"iteration_4","SCOPE_DATA_COLLECTION",200,23,1450.0,1510.0,0,1189,926,259,1137,839,247,1187,923,264,0,0,0,0.0,0.0,0.0,0.354001299158972,1.0581907316618069,2.0594074456071296,0.708002598317944,1.0581907316618069,1.3729382970714197,0.005054759898904802,0.7963163596966414,0.9962121212121212,57.5,100.0,2369,4,1,0,0,0,0.0,0.0,0.0,0.8500000000000001,0.6000000000000001,0.30000000000000004,0.6000000000000001,20.0,40.0,60.0,0.75,0.7000000000000001,0.30000000000000004,0.5,30.0,30.0,70.0,1189,1189,0,1189,0.0,0.3524946018388061,0.5,0.7049892036776122,3,0.002523128679562658,1.0,1
"iteration_4","SCOPE_DATA_COLLECTION",200,23,1450.0,1510.0,1,1189,926,259,1137,839,247,1187,923,264,0,0,0,0.0,0.0,0.0,0.354001299158972,1.0581907316618069,2.0594074456071296,0.708002598317944,1.0581907316618069,1.3729382970714197,0.005054759898904802,0.7963163596966414,0.9962121212121212,57.5,100.0,2369,4,1,0,0,0,0.0,0.0,0.0,0.8500000000000001,0.6000000000000001,0.30000000000000004,0.6000000000000001,20.0,40.0,60.0,0.75,0.7000000000000001,0.30000000000000004,0.5,30.0,30.0,70.0,832,831,1,832,0.001201923076923077,1.0558820679497884,1.0,1.0558820679497884,655,0.7882069795427196,1.0,1
"iteration_4","SCOPE_DATA_COLLECTION",200,23,1450.0,1510.0,2,1189,926,259,1137,839,247,1187,923,264,0,0,0,0.0,0.0,0.0,0.354001299158972,1.0581907316618069,2.0594074456071296,0.708002598317944,1.0581907316618069,1.3729382970714197,0.005054759898904802,0.7963163596966414,0.9962121212121212,57.5,100.0,2369,4,1,0,0,0,0.0,0.0,0.0,0.8500000000000001,0.6000000000000001,0.30000000000000004,0.6000000000000001,20.0,40.0,60.0,0.75,0.7000000000000001,0.30000000000000004,0.5,30.0,30.0,70.0,295,295,0,295,0.0,2.0648544459604943,1.5,1.3765696306403294,294,0.9966101694915255,1.0,1
"iteration_4","SCOPE_DATA_COLLECTION",200,24,1510.0,1570.0,0,1189,832,295,1189,926,259,1192,835,296,0,1,0,0.0,0.0011961722488038277,0.0,0.352414802100913,1.0558540094234374,2.0667049450402537,0.704829604201826,1.0558540094234374,1.3778032966935025,0.0025167785234899327,0.7868263473053893,0.9966216216216216,45.0,100.0,2307,7,2,1,0,0,4.3346337234503684E-4,0.0,0.0,0.75,0.7000000000000001,0.30000000000000004,0.5,30.0,30.0,70.0,0.65,0.6000000000000001,0.2,0.5,40.0,40.0,60.0,1143,1141,2,1143,0.0017497812773403325,0.35398759158956705,0.5,0.7079751831791341,5,0.0043821209465381246,1.0,1
"iteration_4","SCOPE_DATA_COLLECTION",200,24,1510.0,1570.0,1,1189,832,295,1189,926,259,1192,835,296,0,1,0,0.0,0.0011961722488038277,0.0,0.352414802100913,1.0558540094234374,2.0667049450402537,0.704829604201826,1.0558540094234374,1.3778032966935025,0.0025167785234899327,0.7868263473053893,0.9966216216216216,45.0,100.0,2307,7,2,1,0,0,4.3346337234503684E-4,0.0,0.0,0.75,0.7000000000000001,0.30000000000000004,0.5,30.0,30.0,70.0,0.65,0.6000000000000001,0.2,0.5,40.0,40.0,60.0,843,843,0,843,0.0,1.0565177324906374,1.0,1.0565177324906374,654,0.7758007117437722,1.0,1
"iteration_4","SCOPE_DATA_COLLECTION",200,24,1510.0,1570.0,2,1189,832,295,1189,926,259,1192,835,296,0,1,0,0.0,0.0011961722488038277,0.0,0.352414802100913,1.0558540094234374,2.0667049450402537,0.704829604201826,1.0558540094234374,1.3778032966935025,0.0025167785234899327,0.7868263473053893,0.9966216216216216,45.0,100.0,2307,7,2,1,0,0,4.3346337234503684E-4,0.0,0.0,0.75,0.7000000000000001,0.30000000000000004,0.5,30.0,30.0,70.0,0.65,0.6000000000000001,0.2,0.5,40.0,40.0,60.0,269,269,0,269,0.0,2.0628817476524266,1.5,1.375254498434951,269,1.0,1.0,1
"iteration_4","SCOPE_DATA_COLLECTION",200,25,1570.0,1630.0,0,1143,843,269,1189,832,295,1135,838,262,2,0,0,0.001759014951627089,0.0,0.0,0.3539896438431214,1.0562349693963764,2.063580142216477,0.7079792876862429,1.0562349693963764,1.3757200948109845,0.004405286343612335,0.7756563245823389,1.0,80.0,100.0,2250,4,1,2,0,0,8.888888888888889E-4,0.0,0.0,0.65,0.6000000000000001,0.2,0.5,40.0,40.0,60.0,0.75,0.7000000000000001,0.2,0.6000000000000001,50.0,40.0,60.0,1165,1162,3,1165,0.002575107296137339,0.3586399612825506,0.5,0.7172799225651012,14,0.012048192771084338,1.0,1
"iteration_4","SCOPE_DATA_COLLECTION",200,25,1570.0,1630.0,1,1143,843,269,1189,832,295,1135,838,262,2,0,0,0.001759014951627089,0.0,0.0,0.3539896438431214,1.0562349693963764,2.063580142216477,0.7079792876862429,1.0562349693963764,1.3757200948109845,0.004405286343612335,0.7756563245823389,1.0,80.0,100.0,2250,4,1,2,0,0,8.888888888888889E-4,0.0,0.0,0.65,0.6000000000000001,0.2,0.5,40.0,40.0,60.0,0.75,0.7000000000000001,0.2,0.6000000000000001,50.0,40.0,60.0,889,889,0,889,0.0,1.0578537530573802,1.0,1.0578537530573802,687,0.7727784026996626,1.0,1
"iteration_4","SCOPE_DATA_COLLECTION",200,25,1570.0,1630.0,2,1143,843,269,1189,832,295,1135,838,262,2,0,0,0.001759014951627089,0.0,0.0,0.3539896438431214,1.0562349693963764,2.063580142216477,0.7079792876862429,1.0562349693963764,1.3757200948109845,0.004405286343612335,0.7756563245823389,1.0,80.0,100.0,2250,4,1,2,0,0,8.888888888888889E-4,0.0,0.0,0.65,0.6000000000000001,0.2,0.5,40.0,40.0,60.0,0.75,0.7000000000000001,0.2,0.6000000000000001,50.0,40.0,60.0,287,286,1,287,0.003484320557491289,2.054475907702982,1.5,1.3696506051353214,286,1.0,1.0,1
"iteration_4","SCOPE_DATA_COLLECTION",200,26,1630.0,1690.0,0,1165,889,287,1143,843,269,1165,888,285,3,0,1,0.0025684931506849314,0.0,0.0034965034965034965,0.3584436833871715,1.0583164678132502,2.0541557293988046,0.716887366774343,1.0583164678132502,1.3694371529325364,0.01201716738197425,0.7736486486486487,1.0,77.5,100.0,2339,1,1,4,0,0,0.0017101325352714834,0.0,0.0,0.75,0.7000000000000001,0.2,0.6000000000000001,50.0,40.0,60.0,0.30000000000000004,0.30000000000000004,0.6000000000000001,0.5,80.0,50.0,80.0,1198,1196,2,1198,0.001669449081803005,0.3564017353913802,0.5,0.7128034707827604,8,0.006688963210702341,1.0,1
"iteration_4","SCOPE_DATA_COLLECTION",200,26,1630.0,1690.0,1,1165,889,287,1143,843,269,1165,888,285,3,0,1,0.0025684931506849314,0.0,0.0034965034965034965,0.3584436833871715,1.0583164678132502,2.0541557293988046,0.716887366774343,1.0583164678132502,1.3694371529325364,0.01201716738197425,0.7736486486486487,1.0,77.5,100.0,2339,1,1,4,0,0,0.0017101325352714834,0.0,0.0,0.75,0.7000000000000001,0.2,0.6000000000000001,50.0,40.0,60.0,0.30000000000000004,0.30000000000000004,0.6000000000000001,0.5,80.0,50.0,80.0,823,822,1,823,0.001215066828675577,1.0546840325102478,1.0,1.0546840325102478,640,0.7785888077858881,1.0,1
"iteration_4","SCOPE_DATA_COLLECTION",200,26,1630.0,1690.0,2,1165,889,287,1143,843,269,1165,888,285,3,0,1,0.0025684931506849314,0.0,0.0034965034965034965,0.3584436833871715,1.0583164678132502,2.0541557293988046,0.716887366774343,1.0583164678132502,1.3694371529325364,0.01201716738197425,0.7736486486486487,1.0,77.5,100.0,2339,1,1,4,0,0,0.0017101325352714834,0.0,0.0,0.75,0.7000000000000001,0.2,0.6000000000000001,50.0,40.0,60.0,0.30000000000000004,0.30000000000000004,0.6000000000000001,0.5,80.0,50.0,80.0,280,279,1,280,0.0035714285714285713,2.046870924633946,1.5,1.3645806164226306,279,1.0,1.0,1
"iteration_4","SCOPE_DATA_COLLECTION",200,27,1690.0,1750.0,0,1198,823,280,1165,889,287,1197,828,290,2,1,1,0.0016680567139282735,0.0012062726176115801,0.003436426116838488,0.3565015429246185,1.0543960394132763,2.047002370385097,0.713003085849237,1.0543960394132763,1.364668246923398,0.006683375104427736,0.7765700483091788,1.0,37.5,100.0,2294,1,6,4,0,0,0.0017436791630340018,0.0,0.0,0.30000000000000004,0.30000000000000004,0.6000000000000001,0.5,80.0,50.0,80.0,0.9500000000000001,0.1,0.1,0.9,70.0,95.0,20.0,1198,1198,0,1198,0.0,0.36088200745621823,0.5,0.7217640149124365,9,0.007512520868113523,1.0,1
"iteration_4","SCOPE_DATA_COLLECTION",200,27,1690.0,1750.0,1,1198,823,280,1165,889,287,1197,828,290,2,1,1,0.0016680567139282735,0.0012062726176115801,0.003436426116838488,0.3565015429246185,1.0543960394132763,2.047002370385097,0.713003085849237,1.0543960394132763,1.364668246923398,0.006683375104427736,0.7765700483091788,1.0,37.5,100.0,2294,1,6,4,0,0,0.0017436791630340018,0.0,0.0,0.30000000000000004,0.30000000000000004,0.6000000000000001,0.5,80.0,50.0,80.0,0.9500000000000001,0.1,0.1,0.9,70.0,95.0,20.0,889,889,0,889,0.0,1.0652775956150777,1.0,1.0652775956150777,747,0.8402699662542182,1.0,1
"iteration_4","SCOPE_DATA_COLLECTION",200,27,1690.0,1750.0,2,1198,823,280,1165,889,287,1197,828,290,2,1,1,0.0016680567139282735,0.0012062726176115801,0.003436426116838488,0.3565015429246185,1.0543960394132763,2.047002370385097,0.713003085849237,1.0543960394132763,1.364668246923398,0.006683375104427736,0.7765700483091788,1.0,37.5,100.0,2294,1,6,4,0,0,0.0017436791630340018,0.0,0.0,0.30000000000000004,0.30000000000000004,0.6000000000000001,0.5,80.0,50.0,80.0,0.9500000000000001,0.1,0.1,0.9,70.0,95.0,20.0,290,290,0,290,0.0,2.055147317745574,1.5,1.3700982118303828,290,1.0,1.0,1
"iteration_4","SCOPE_DATA_COLLECTION",200,28,1750.0,1810.0,0,1198,889,290,1198,823,280,1189,881,282,0,0,0,0.0,0.0,0.0,0.36088736401292165,1.065405632009671,2.0556834232706933,0.7217747280258433,1.065405632009671,1.3704556155137955,0.007569386038687973,0.8422247446083996,1.0,80.0,100.0,2377,0,0,0,0,0,0.0,0.0,0.0,0.9500000000000001,0.1,0.1,0.9,70.0,95.0,20.0,0.8500000000000001,0.1,0.1,0.9,70.0,85.0,20.0,1117,1117,0,1117,0.0,0.35985966823838783,0.5,0.7197193364767757,8,0.007162041181736795,1.0,1
"iteration_4","SCOPE_DATA_COLLECTION",200,28,1750.0,1810.0,1,1198,889,290,1198,823,280,1189,881,282,0,0,0,0.0,0.0,0.0,0.36088736401292165,1.065405632009671,2.0556834232706933,0.7217747280258433,1.065405632009671,1.3704556155137955,0.007569386038687973,0.8422247446083996,1.0,80.0,100.0,2377,0,0,0,0,0,0.0,0.0,0.0,0.9500000000000001,0.1,0.1,0.9,70.0,95.0,20.0,0.8500000000000001,0.1,0.1,0.9,70.0,85.0,20.0,878,877,1,878,0.0011389521640091116,1.0638660624285403,1.0,1.0638660624285403,709,0.8084378563283923,1.0,1
"iteration_4","SCOPE_DATA_COLLECTION",200,28,1750.0,1810.0,2,1198,889,290,1198,823,280,1189,881,282,0,0,0,0.0,0.0,0.0,0.36088736401292165,1.065405632009671,2.0556834232706933,0.7217747280258433,1.065405632009671,1.3704556155137955,0.007569386038687973,0.8422247446083996,1.0,80.0,100.0,2377,0,0,0,0,0,0.0,0.0,0.0,0.9500000000000001,0.1,0.1,0.9,70.0,95.0,20.0,0.8500000000000001,0.1,0.1,0.9,70.0,85.0,20.0,259,259,0,259,0.0,2.0652811090429988,1.5,1.3768540726953324,259,1.0,1.0,1
"iteration_4","SCOPE_DATA_COLLECTION",200,29,1810.0,1870.0,0,1117,878,259,1198,889,290,1122,880,263,0,1,0,0.0,0.0011350737797956867,0.0,0.35999397053801163,1.0638740664204547,2.066135870959227,0.7199879410760233,1.0638740664204547,1.377423913972818,0.0071301247771836,0.8090909090909091,1.0,65.0,100.0,2254,0,0,1,0,0,4.4365572315882877E-4,0.0,0.0,0.8500000000000001,0.1,0.1,0.9,70.0,85.0,20.0,0.8500000000000001,0.1,0.1,0.9,70.0,85.0,20.0,1197,1197,0,1197,0.0,0.3606344541539021,0.5,0.7212689083078042,14,0.011695906432748537,1.0,1
"iteration_4","SCOPE_DATA_COLLECTION",200,29,1810.0,1870.0,1,1117,878,259,1198,889,290,1122,880,263,0,1,0,0.0,0.0011350737797956867,0.0,0.35999397053801163,1.0638740664204547,2.066135870959227,0.7199879410760233,1.0638740664204547,1.377423913972818,0.0071301247771836,0.8090909090909091,1.0,65.0,100.0,2254,0,0,1,0,0,4.4365572315882877E-4,0.0,0.0,0.8500000000000001,0.1,0.1,0.9,70.0,85.0,20.0,0.8500000000000001,0.1,0.1,0.9,70.0,85.0,20.0,863,860,3,863,0.0034762456546929316,1.0596765273475826,1.0,1.0596765273475826,693,0.8058139534883721,1.0,1
"iteration_4","SCOPE_DATA_COLLECTION",200,29,1810.0,1870.0,2,1117,878,259,1198,889,290,1122,880,263,0,1,0,0.0,0.0011350737797956867,0.0,0.35999397053801163,1.0638740664204547,2.066135870959227,0.7199879410760233,1.0638740664204547,1.377423913972818,0.0071301247771836,0.8090909090909091,1.0,65.0,100.0,2254,0,0,1,0,0,4.4365572315882877E-4,0.0,0.0,0.8500000000000001,0.1,0.1,0.9,70.0,85.0,20.0,0.8500000000000001,0.1,0.1,0.9,70.0,85.0,20.0,267,267,0,267,0.0,2.064162485275453,1.5,1.3761083235169689,267,1.0,1.0,1
"iteration_4","SCOPE_DATA_COLLECTION",200,30,1870.0,1930.0,0,1197,863,267,1117,878,259,1195,860,266,0,3,0,0.0,0.0034762456546929316,0.0,0.3605959810004686,1.0600779508390896,2.0619736192943474,0.7211919620009372,1.0600779508390896,1.374649079529565,0.011715481171548118,0.8069767441860465,1.0,72.5,100.0,2326,1,0,3,0,0,0.0012897678417884782,0.0,0.0,0.8500000000000001,0.1,0.1,0.9,70.0,85.0,20.0,0.05,0.2,0.5,0.1,25.0,75.0,80.0,1132,1132,0,1132,0.0,0.3534464829809684,0.5,0.7068929659619368,3,0.00265017667844523,1.0,1
"iteration_4","SCOPE_DATA_COLLECTION",200,30,1870.0,1930.0,1,1197,863,267,1117,878,259,1195,860,266,0,3,0,0.0,0.0034762456546929316,0.0,0.3605959810004686,1.0600779508390896,2.0619736192943474,0.7211919620009372,1.0600779508390896,1.374649079529565,0.011715481171548118,0.8069767441860465,1.0,72.5,100.0,2326,1,0,3,0,0,0.0012897678417884782,0.0,0.0,0.8500000000000001,0.1,0.1,0.9,70.0,85.0,20.0,0.05,0.2,0.5,0.1,25.0,75.0,80.0,863,862,1,863,0.0011587485515643105,1.0578674470241267,1.0,1.0578674470241267,691,0.8016241299303944,1.0,1
"iteration_4","SCOPE_DATA_COLLECTION",200,30,1870.0,1930.0,2,1197,863,267,1117,878,259,1195,860,266,0,3,0,0.0,0.0034762456546929316,0.0,0.3605959810004686,1.0600779508390896,2.0619736192943474,0.7211919620009372,1.0600779508390896,1.374649079529565,0.011715481171548118,0.8069767441860465,1.0,72.5,100.0,2326,1,0,3,0,0,0.0012897678417884782,0.0,0.0,0.8500000000000001,0.1,0.1,0.9,70.0,85.0,20.0,0.05,0.2,0.5,0.1,25.0,75.0,80.0,255,254,1,255,0.00392156862745098,2.057602446259482,1.5,1.371734964172988,254,1.0,1.0,1
"iteration_4","SCOPE_DATA_COLLECTION",200,31,1930.0,1990.0,0,1132,863,255,1197,863,267,1137,861,253,0,1,1,0.0,0.001160092807424594,0.003937007874015748,0.3535146110823106,1.057757358732267,2.0594482326712025,0.7070292221646212,1.057757358732267,1.3729654884474682,0.002638522427440633,0.8002322880371661,1.0,57.5,100.0,2250,0,0,2,0,0,8.888888888888889E-4,0.0,0.0,0.05,0.2,0.5,0.1,25.0,75.0,80.0,0.05,0.2,0.5,0.1,25.0,75.0,80.0,1143,1142,1,1143,8.748906386701663E-4,0.35461504359490204,0.5,0.7092300871898041,6,0.005253940455341506,1.0,1
"iteration_4","SCOPE_DATA_COLLECTION",200,31,1930.0,1990.0,1,1132,863,255,1197,863,267,1137,861,253,0,1,1,0.0,0.001160092807424594,0.003937007874015748,0.3535146110823106,1.057757358732267,2.0594482326712025,0.7070292221646212,1.057757358732267,1.3729654884474682,0.002638522427440633,0.8002322880371661,1.0,57.5,100.0,2250,0,0,2,0,0,8.888888888888889E-4,0.0,0.0,0.05,0.2,0.5,0.1,25.0,75.0,80.0,0.05,0.2,0.5,0.1,25.0,75.0,80.0,891,891,0,891,0.0,1.0571287523316948,1.0,1.0571287523316948,697,0.7822671156004489,1.0,1
"iteration_4","SCOPE_DATA_COLLECTION",200,31,1930.0,1990.0,2,1132,863,255,1197,863,267,1137,861,253,0,1,1,0.0,0.001160092807424594,0.003937007874015748,0.3535146110823106,1.057757358732267,2.0594482326712025,0.7070292221646212,1.057757358732267,1.3729654884474682,0.002638522427440633,0.8002322880371661,1.0,57.5,100.0,2250,0,0,2,0,0,8.888888888888889E-4,0.0,0.0,0.05,0.2,0.5,0.1,25.0,75.0,80.0,0.05,0.2,0.5,0.1,25.0,75.0,80.0,317,317,0,317,0.0,2.054379948808939,1.5,1.3695866325392927,317,1.0,1.0,1
"iteration_4","SCOPE_DATA_COLLECTION",200,32,1990.0,2050.0,0,1143,891,317,1132,863,255,1142,888,316,1,0,0,8.748906386701663E-4,0.0,0.0,0.3546788856102415,1.0566266241393913,2.052177358423269,0.709357771220483,1.0566266241393913,1.3681182389488462,0.005253940455341506,0.7804054054054054,1.0,82.5,100.0,2340,0,11,1,0,0,4.2735042735042735E-4,0.0,0.0,0.05,0.2,0.5,0.1,25.0,75.0,80.0,0.8,0.2,0.6000000000000001,0.1,80.0,45.0,80.0,1167,1165,2,1167,0.001713796058269066,0.35500235933654034,0.5,0.7100047186730807,2,0.0017167381974248926,1.0,1
"iteration_4","SCOPE_DATA_COLLECTION",200,32,1990.0,2050.0,1,1143,891,317,1132,863,255,1142,888,316,1,0,0,8.748906386701663E-4,0.0,0.0,0.3546788856102415,1.0566266241393913,2.052177358423269,0.709357771220483,1.0566266241393913,1.3681182389488462,0.005253940455341506,0.7804054054054054,1.0,82.5,100.0,2340,0,11,1,0,0,4.2735042735042735E-4,0.0,0.0,0.05,0.2,0.5,0.1,25.0,75.0,80.0,0.8,0.2,0.6000000000000001,0.1,80.0,45.0,80.0,856,854,2,856,0.002336448598130841,1.0574402776976135,1.0,1.0574402776976135,671,0.7857142857142857,1.0,1
"iteration_4","SCOPE_DATA_COLLECTION",200,32,1990.0,2050.0,2,1143,891,317,1132,863,255,1142,888,316,1,0,0,8.748906386701663E-4,0.0,0.0,0.3546788856102415,1.0566266241393913,2.052177358423269,0.709357771220483,1.0566266241393913,1.3681182389488462,0.005253940455341506,0.7804054054054054,1.0,82.5,100.0,2340,0,11,1,0,0,4.2735042735042735E-4,0.0,0.0,0.05,0.2,0.5,0.1,25.0,75.0,80.0,0.8,0.2,0.6000000000000001,0.1,80.0,45.0,80.0,262,262,0,262,0.0,2.0509596753334707,1.5,1.3673064502223138,262,1.0,1.0,1
"iteration_4","SCOPE_DATA_COLLECTION",200,33,2050.0,2110.0,0,1167,856,262,1143,891,317,1165,861,261,2,2,0,0.001713796058269066,0.002317497103128621,0.0,0.35486956102875883,1.0575829506601575,2.052030265490371,0.7097391220575177,1.0575829506601575,1.3680201769935805,0.0017167381974248926,0.7862950058072009,1.0,65.0,100.0,2285,0,0,4,0,0,0.00175054704595186,0.0,0.0,0.8,0.2,0.6000000000000001,0.1,80.0,45.0,80.0,0.65,0.30000000000000004,0.2,0.1,90.0,30.0,65.0,1146,1146,0,1146,0.0,0.3532652690543004,0.5,0.7065305381086008,1,8.726003490401396E-4,1.0,1
"iteration_4","SCOPE_DATA_COLLECTION",200,33,2050.0,2110.0,1,1167,856,262,1143,891,317,1165,861,261,2,2,0,0.001713796058269066,0.002317497103128621,0.0,0.35486956102875883,1.0575829506601575,2.052030265490371,0.7097391220575177,1.0575829506601575,1.3680201769935805,0.0017167381974248926,0.7862950058072009,1.0,65.0,100.0,2285,0,0,4,0,0,0.00175054704595186,0.0,0.0,0.8,0.2,0.6000000000000001,0.1,80.0,45.0,80.0,0.65,0.30000000000000004,0.2,0.1,90.0,30.0,65.0,838,836,2,838,0.002386634844868735,1.0532129512295365,1.0,1.0532129512295365,630,0.7535885167464115,1.0,1
"iteration_4","SCOPE_DATA_COLLECTION",200,33,2050.0,2110.0,2,1167,856,262,1143,891,317,1165,861,261,2,2,0,0.001713796058269066,0.002317497103128621,0.0,0.35486956102875883,1.0575829506601575,2.052030265490371,0.7097391220575177,1.0575829506601575,1.3680201769935805,0.0017167381974248926,0.7862950058072009,1.0,65.0,100.0,2285,0,0,4,0,0,0.00175054704595186,0.0,0.0,0.8,0.2,0.6000000000000001,0.1,80.0,45.0,80.0,0.65,0.30000000000000004,0.2,0.1,90.0,30.0,65.0,266,266,0,266,0.0,2.046884382004283,1.5,1.3645895880028551,266,1.0,1.0,1
"iteration_4","SCOPE_DATA_COLLECTION",200,34,2110.0,2170.0,0,1146,838,266,1167,856,262,1141,825,263,0,2,0,0.0,0.0024183796856106408,0.0,0.3531482527228135,1.0545525249264827,2.047347727213322,0.706296505445627,1.0545525249264827,1.3648984848088812,8.764241893076249E-4,0.7587878787878788,1.0,97.5,100.0,2249,1,0,2,0,0,8.892841262783459E-4,0.0,0.0,0.65,0.30000000000000004,0.2,0.1,90.0,30.0,65.0,0.65,0.2,0.1,0.1,95.0,20.0,65.0,1167,1166,1,1167,8.56898029134533E-4,0.3570991561848513,0.5,0.7141983123697025,13,0.011149228130360206,1.0,1
"iteration_4","SCOPE_DATA_COLLECTION",200,34,2110.0,2170.0,1,1146,838,266,1167,856,262,1141,825,263,0,2,0,0.0,0.0024183796856106408,0.0,0.3531482527228135,1.0545525249264827,2.047347727213322,0.706296505445627,1.0545525249264827,1.3648984848088812,8.764241893076249E-4,0.7587878787878788,1.0,97.5,100.0,2249,1,0,2,0,0,8.892841262783459E-4,0.0,0.0,0.65,0.30000000000000004,0.2,0.1,90.0,30.0,65.0,0.65,0.2,0.1,0.1,95.0,20.0,65.0,894,894,0,894,0.0,1.0600880709013463,1.0,1.0600880709013463,702,0.785234899328859,1.0,1
"iteration_4","SCOPE_DATA_COLLECTION",200,34,2110.0,2170.0,2,1146,838,266,1167,856,262,1141,825,263,0,2,0,0.0,0.0024183796856106408,0.0,0.3531482527228135,1.0545525249264827,2.047347727213322,0.706296505445627,1.0545525249264827,1.3648984848088812,8.764241893076249E-4,0.7587878787878788,1.0,97.5,100.0,2249,1,0,2,0,0,8.892841262783459E-4,0.0,0.0,0.65,0.30000000000000004,0.2,0.1,90.0,30.0,65.0,0.65,0.2,0.1,0.1,95.0,20.0,65.0,253,253,0,253,0.0,2.071604270251341,1.5,1.3810695135008941,253,1.0,1.0,1
"iteration_4","SCOPE_DATA_COLLECTION",200,35,2170.0,2230.0,0,1167,894,253,1146,838,266,1174,902,262,1,0,0,8.51063829787234E-4,0.0,0.0,0.3572420974628554,1.058639727036624,2.069689741448911,0.7144841949257108,1.058639727036624,1.3797931609659406,0.011073253833049404,0.7804878048780488,1.0,45.0,100.0,2312,2,0,1,0,0,4.3252595155709344E-4,0.0,0.0,0.65,0.2,0.1,0.1,95.0,20.0,65.0,0.75,0.2,0.1,0.1,95.0,20.0,75.0,1157,1155,2,1157,0.001728608470181504,0.35623022997152193,0.5,0.7124604599430439,8,0.006926406926406926,1.0,1
"iteration_4","SCOPE_DATA_COLLECTION",200,35,2170.0,2230.0,1,1167,894,253,1146,838,266,1174,902,262,1,0,0,8.51063829787234E-4,0.0,0.0,0.3572420974628554,1.058639727036624,2.069689741448911,0.7144841949257108,1.058639727036624,1.3797931609659406,0.011073253833049404,0.7804878048780488,1.0,45.0,100.0,2312,2,0,1,0,0,4.3252595155709344E-4,0.0,0.0,0.65,0.2,0.1,0.1,95.0,20.0,65.0,0.75,0.2,0.1,0.1,95.0,20.0,75.0,795,795,0,795,0.0,1.0541129767961361,1.0,1.0541129767961361,613,0.7710691823899372,1.0,1
"iteration_4","SCOPE_DATA_COLLECTION",200,35,2170.0,2230.0,2,1167,894,253,1146,838,266,1174,902,262,1,0,0,8.51063829787234E-4,0.0,0.0,0.3572420974628554,1.058639727036624,2.069689741448911,0.7144841949257108,1.058639727036624,1.3797931609659406,0.011073253833049404,0.7804878048780488,1.0,45.0,100.0,2312,2,0,1,0,0,4.3252595155709344E-4,0.0,0.0,0.65,0.2,0.1,0.1,95.0,20.0,65.0,0.75,0.2,0.1,0.1,95.0,20.0,75.0,299,299,0,299,0.0,2.0720075734588344,1.5,1.3813383823058896,298,0.9966555183946488,1.0,1
"iteration_4","SCOPE_DATA_COLLECTION",200,36,2230.0,2290.0,0,1157,795,299,1167,894,253,1153,798,298,2,0,0,0.0017316017316017316,0.0,0.0,0.356210124462721,1.0542674950118238,2.0726830987868694,0.712420248925442,1.0542674950118238,1.3817887325245797,0.006938421509106678,0.7719298245614035,0.9966442953020134,52.5,100.0,2247,2,2,2,0,0,8.900756564307966E-4,0.0,0.0,0.75,0.2,0.1,0.1,95.0,20.0,75.0,0.75,0.2,0.1,0.1,95.0,20.0,75.0,1189,1189,0,1189,0.0,0.36067237283856624,0.5,0.7213447456771325,14,0.011774600504625737,1.0,1
"iteration_4","SCOPE_DATA_COLLECTION",200,36,2230.0,2290.0,1,1157,795,299,1167,894,253,1153,798,298,2,0,0,0.0017316017316017316,0.0,0.0,0.356210124462721,1.0542674950118238,2.0726830987868694,0.712420248925442,1.0542674950118238,1.3817887325245797,0.006938421509106678,0.7719298245614035,0.9966442953020134,52.5,100.0,2247,2,2,2,0,0,8.900756564307966E-4,0.0,0.0,0.75,0.2,0.1,0.1,95.0,20.0,75.0,0.75,0.2,0.1,0.1,95.0,20.0,75.0,939,939,0,939,0.0,1.0595823421645938,1.0,1.0595823421645938,722,0.7689030883919062,1.0,1
"iteration_4","SCOPE_DATA_COLLECTION",200,36,2230.0,2290.0,2,1157,795,299,1167,894,253,1153,798,298,2,0,0,0.0017316017316017316,0.0,0.0,0.356210124462721,1.0542674950118238,2.0726830987868694,0.712420248925442,1.0542674950118238,1.3817887325245797,0.006938421509106678,0.7719298245614035,0.9966442953020134,52.5,100.0,2247,2,2,2,0,0,8.900756564307966E-4,0.0,0.0,0.75,0.2,0.1,0.1,95.0,20.0,75.0,0.75,0.2,0.1,0.1,95.0,20.0,75.0,288,288,0,288,0.0,2.0536730754331782,1.5,1.3691153836221188,287,0.9965277777777778,1.0,1
"iteration_4","SCOPE_DATA_COLLECTION",200,37,2290.0,2350.0,0,1189,939,288,1157,795,299,1185,925,286,0,0,0,0.0,0.0,0.0,0.3603885422056812,1.0596102289000393,2.0537475809662005,0.7207770844113623,1.0596102289000393,1.369165053977467,0.01181434599156118,0.7697297297297298,0.9965034965034965,87.5,100.0,2413,3,0,0,0,0,0.0,0.0,0.0,0.75,0.2,0.1,0.1,95.0,20.0,75.0,0.75,0.2,0.1,0.1,95.0,20.0,75.0,1201,1201,0,1201,0.0,0.3567138507386052,0.5,0.7134277014772104,5,0.004163197335553705,1.0,1
"iteration_4","SCOPE_DATA_COLLECTION",200,37,2290.0,2350.0,1,1189,939,288,1157,795,299,1185,925,286,0,0,0,0.0,0.0,0.0,0.3603885422056812,1.0596102289000393,2.0537475809662005,0.7207770844113623,1.0596102289000393,1.369165053977467,0.01181434599156118,0.7697297297297298,0.9965034965034965,87.5,100.0,2413,3,0,0,0,0,0.0,0.0,0.0,0.75,0.2,0.1,0.1,95.0,20.0,75.0,0.75,0.2,0.1,0.1,95.0,20.0,75.0,914,914,0,914,0.0,1.0573810076199441,1.0,1.0573810076199441,702,0.7680525164113785,1.0,1
"iteration_4","SCOPE_DATA_COLLECTION",200,37,2290.0,2350.0,2,1189,939,288,1157,795,299,1185,925,286,0,0,0,0.0,0.0,0.0,0.3603885422056812,1.0596102289000393,2.0537475809662005,0.7207770844113623,1.0596102289000393,1.369165053977467,0.01181434599156118,0.7697297297297298,0.9965034965034965,87.5,100.0,2413,3,0,0,0,0,0.0,0.0,0.0,0.75,0.2,0.1,0.1,95.0,20.0,75.0,0.75,0.2,0.1,0.1,95.0,20.0,75.0,242,242,0,242,0.0,2.0676701452333375,1.5,1.3784467634888917,242,1.0,1.0,1
"iteration_4","SCOPE_DATA_COLLECTION",200,38,2350.0,2410.0,0,1201,914,242,1189,939,288,1205,920,238,0,0,0,0.0,0.0,0.0,0.3569587903892929,1.057870113949191,2.066897853435889,0.7139175807785858,1.057870113949191,1.3779319022905927,0.004149377593360996,0.7684782608695652,1.0,80.0,100.0,2357,0,0,0,0,0,0.0,0.0,0.0,0.75,0.2,0.1,0.1,95.0,20.0,75.0,0.65,0.30000000000000004,0.5,0.6000000000000001,25.0,70.0,30.0,1170,1170,0,1170,0.0,0.35410001088770765,0.5,0.7082000217754153,0,0.0,1.0,1
"iteration_4","SCOPE_DATA_COLLECTION",200,38,2350.0,2410.0,1,1201,914,242,1189,939,288,1205,920,238,0,0,0,0.0,0.0,0.0,0.3569587903892929,1.057870113949191,2.066897853435889,0.7139175807785858,1.057870113949191,1.3779319022905927,0.004149377593360996,0.7684782608695652,1.0,80.0,100.0,2357,0,0,0,0,0,0.0,0.0,0.0,0.75,0.2,0.1,0.1,95.0,20.0,75.0,0.65,0.30000000000000004,0.5,0.6000000000000001,25.0,70.0,30.0,808,806,2,808,0.0024752475247524753,1.0598990531578838,1.0,1.0598990531578838,646,0.8014888337468983,1.0,1
"iteration_4","SCOPE_DATA_COLLECTION",200,38,2350.0,2410.0,2,1201,914,242,1189,939,288,1205,920,238,0,0,0,0.0,0.0,0.0,0.3569587903892929,1.057870113949191,2.066897853435889,0.7139175807785858,1.057870113949191,1.3779319022905927,0.004149377593360996,0.7684782608695652,1.0,80.0,100.0,2357,0,0,0,0,0,0.0,0.0,0.0,0.75,0.2,0.1,0.1,95.0,20.0,75.0,0.65,0.30000000000000004,0.5,0.6000000000000001,25.0,70.0,30.0,256,256,0,256,0.0,2.049386324294014,1.5,1.3662575495293428,256,1.0,1.0,1
"iteration_4","SCOPE_DATA_COLLECTION",200,39,2410.0,2470.0,0,1170,808,256,1201,914,242,1168,811,262,0,2,0,0.0,0.0024600246002460025,0.0,0.3541932897438931,1.0595526970639877,2.050162583607176,0.7083865794877862,1.0595526970639877,1.3667750557381175,0.0,0.7990135635018496,1.0,67.5,100.0,2234,0,0,2,0,0,8.952551477170994E-4,0.0,0.0,0.65,0.30000000000000004,0.5,0.6000000000000001,25.0,70.0,30.0,0.65,0.30000000000000004,0.5,0.6000000000000001,35.0,70.0,20.0,1132,1132,0,1132,0.0,0.3554188576362423,0.5,0.7108377152724846,2,0.0017667844522968198,1.0,1
"iteration_4","SCOPE_DATA_COLLECTION",200,39,2410.0,2470.0,1,1170,808,256,1201,914,242,1168,811,262,0,2,0,0.0,0.0024600246002460025,0.0,0.3541932897438931,1.0595526970639877,2.050162583607176,0.7083865794877862,1.0595526970639877,1.3667750557381175,0.0,0.7990135635018496,1.0,67.5,100.0,2234,0,0,2,0,0,8.952551477170994E-4,0.0,0.0,0.65,0.30000000000000004,0.5,0.6000000000000001,25.0,70.0,30.0,0.65,0.30000000000000004,0.5,0.6000000000000001,35.0,70.0,20.0,876,876,0,876,0.0,1.0585456217129237,1.0,1.0585456217129237,695,0.79337899543379,1.0,1
"iteration_4","SCOPE_DATA_COLLECTION",200,39,2410.0,2470.0,2,1170,808,256,1201,914,242,1168,811,262,0,2,0,0.0,0.0024600246002460025,0.0,0.3541932897438931,1.0595526970639877,2.050162583607176,0.7083865794877862,1.0595526970639877,1.3667750557381175,0.0,0.7990135635018496,1.0,67.5,100.0,2234,0,0,2,0,0,8.952551477170994E-4,0.0,0.0,0.65,0.30000000000000004,0.5,0.6000000000000001,25.0,70.0,30.0,0.65,0.30000000000000004,0.5,0.6000000000000001,35.0,70.0,20.0,281,281,0,281,0.0,2.0566589179008066,1.5,1.3711059452672043,281,1.0,1.0,1
"iteration_4","SCOPE_DATA_COLLECTION",200,40,2470.0,2530.0,0,1132,876,281,1170,808,256,1132,876,278,0,0,0,0.0,0.0,0.0,0.35530296524522303,1.0589802519072664,2.057473185458996,0.7106059304904461,1.0589802519072664,1.3716487903059973,0.0017667844522968198,0.7968036529680366,1.0,72.5,100.0,2289,0,0,0,0,0,0.0,0.0,0.0,0.65,0.30000000000000004,0.5,0.6000000000000001,35.0,70.0,20.0,0.55,0.4,0.5,0.7000000000000001,35.0,60.0,30.0,1168,1167,1,1168,8.561643835616438E-4,0.3568271455139217,0.5,0.7136542910278434,5,0.004284490145672665,1.0,1
"iteration_4","SCOPE_DATA_COLLECTION",200,40,2470.0,2530.0,1,1132,876,281,1170,808,256,1132,876,278,0,0,0,0.0,0.0,0.0,0.35530296524522303,1.0589802519072664,2.057473185458996,0.7106059304904461,1.0589802519072664,1.3716487903059973,0.0017667844522968198,0.7968036529680366,1.0,72.5,100.0,2289,0,0,0,0,0,0.0,0.0,0.0,0.65,0.30000000000000004,0.5,0.6000000000000001,35.0,70.0,20.0,0.55,0.4,0.5,0.7000000000000001,35.0,60.0,30.0,855,855,0,855,0.0,1.0564159330829341,1.0,1.0564159330829341,658,0.7695906432748538,1.0,1
"iteration_4","SCOPE_DATA_COLLECTION",200,40,2470.0,2530.0,2,1132,876,281,1170,808,256,1132,876,278,0,0,0,0.0,0.0,0.0,0.35530296524522303,1.0589802519072664,2.057473185458996,0.7106059304904461,1.0589802519072664,1.3716487903059973,0.0017667844522968198,0.7968036529680366,1.0,72.5,100.0,2289,0,0,0,0,0,0.0,0.0,0.0,0.65,0.30000000000000004,0.5,0.6000000000000001,35.0,70.0,20.0,0.55,0.4,0.5,0.7000000000000001,35.0,60.0,30.0,304,304,0,304,0.0,2.039381039425531,1.5,1.3595873596170207,302,0.993421052631579,1.0,1
"iteration_4","SCOPE_DATA_COLLECTION",200,41,2530.0,2590.0,0,1168,855,304,1132,876,281,1169,847,301,1,0,0,8.547008547008547E-4,0.0,0.0,0.3568141169865626,1.055742425526033,2.041745630570506,0.7136282339731252,1.055742425526033,1.3611637537136707,0.00427715996578272,0.7650531286894924,0.9933554817275747,90.0,100.0,2323,4,0,1,0,0,4.3047783039173483E-4,0.0,0.0,0.55,0.4,0.5,0.7000000000000001,35.0,60.0,30.0,0.55,0.4,0.5,0.7000000000000001,35.0,60.0,30.0,1117,1117,0,1117,0.0,0.3551770323703111,0.5,0.7103540647406222,3,0.0026857654431512983,1.0,1
"iteration_4","SCOPE_DATA_COLLECTION",200,41,2530.0,2590.0,1,1168,855,304,1132,876,281,1169,847,301,1,0,0,8.547008547008547E-4,0.0,0.0,0.3568141169865626,1.055742425526033,2.041745630570506,0.7136282339731252,1.055742425526033,1.3611637537136707,0.00427715996578272,0.7650531286894924,0.9933554817275747,90.0,100.0,2323,4,0,1,0,0,4.3047783039173483E-4,0.0,0.0,0.55,0.4,0.5,0.7000000000000001,35.0,60.0,30.0,0.55,0.4,0.5,0.7000000000000001,35.0,60.0,30.0,942,942,0,942,0.0,1.0607216795646186,1.0,1.0607216795646186,745,0.7908704883227177,1.0,1
"iteration_4","SCOPE_DATA_COLLECTION",200,41,2530.0,2590.0,2,1168,855,304,1132,876,281,1169,847,301,1,0,0,8.547008547008547E-4,0.0,0.0,0.3568141169865626,1.055742425526033,2.041745630570506,0.7136282339731252,1.055742425526033,1.3611637537136707,0.00427715996578272,0.7650531286894924,0.9933554817275747,90.0,100.0,2323,4,0,1,0,0,4.3047783039173483E-4,0.0,0.0,0.55,0.4,0.5,0.7000000000000001,35.0,60.0,30.0,0.55,0.4,0.5,0.7000000000000001,35.0,60.0,30.0,277,277,0,277,0.0,2.06905561937317,1.5,1.3793704129154467,277,1.0,1.0,1
"iteration_4","SCOPE_DATA_COLLECTION",200,42,2590.0,2650.0,0,1117,942,277,1168,855,304,1119,946,275,0,0,0,0.0,0.0,0.0,0.3552612305119103,1.060461987521143,2.061988081173589,0.7105224610238206,1.060461987521143,1.3746587207823928,0.002680965147453083,0.7906976744186046,1.0,75.0,100.0,2332,3,1,0,0,0,0.0,0.0,0.0,0.55,0.4,0.5,0.7000000000000001,35.0,60.0,30.0,0.65,0.8,0.9,0.7000000000000001,75.0,85.0,75.0,1231,1229,2,1231,0.0016246953696181965,0.35186088736694976,0.5,0.7037217747338995,5,0.0040683482506102524,1.0,1
"iteration_4","SCOPE_DATA_COLLECTION",200,42,2590.0,2650.0,1,1117,942,277,1168,855,304,1119,946,275,0,0,0,0.0,0.0,0.0,0.3552612305119103,1.060461987521143,2.061988081173589,0.7105224610238206,1.060461987521143,1.3746587207823928,0.002680965147453083,0.7906976744186046,1.0,75.0,100.0,2332,3,1,0,0,0,0.0,0.0,0.0,0.55,0.4,0.5,0.7000000000000001,35.0,60.0,30.0,0.65,0.8,0.9,0.7000000000000001,75.0,85.0,75.0,832,832,0,832,0.0,1.0577281147989548,1.0,1.0577281147989548,652,0.7836538461538461,1.0,1
"iteration_4","SCOPE_DATA_COLLECTION",200,42,2590.0,2650.0,2,1117,942,277,1168,855,304,1119,946,275,0,0,0,0.0,0.0,0.0,0.3552612305119103,1.060461987521143,2.061988081173589,0.7105224610238206,1.060461987521143,1.3746587207823928,0.002680965147453083,0.7906976744186046,1.0,75.0,100.0,2332,3,1,0,0,0,0.0,0.0,0.0,0.55,0.4,0.5,0.7000000000000001,35.0,60.0,30.0,0.65,0.8,0.9,0.7000000000000001,75.0,85.0,75.0,257,257,0,257,0.0,2.0503315190706943,1.5,1.366887679380463,256,0.9961089494163424,1.0,1
"iteration_4","SCOPE_DATA_COLLECTION",200,43,2650.0,2710.0,0,1231,832,257,1117,942,277,1227,831,264,2,0,0,0.0016273393002441008,0.0,0.0,0.3518340605350328,1.0578356155653754,2.05421976975453,0.7036681210700656,1.0578356155653754,1.36947984650302,0.004074979625101874,0.7833935018050542,0.9962121212121212,77.5,100.0,2310,5,5,2,0,0,8.658008658008658E-4,0.0,0.0,0.65,0.8,0.9,0.7000000000000001,75.0,85.0,75.0,0.05,0.6000000000000001,0.4,0.30000000000000004,20.0,85.0,35.0,1210,1208,2,1210,0.001652892561983471,0.3536493839968445,0.5,0.707298767993689,7,0.005794701986754967,1.0,1
"iteration_4","SCOPE_DATA_COLLECTION",200,43,2650.0,2710.0,1,1231,832,257,1117,942,277,1227,831,264,2,0,0,0.0016273393002441008,0.0,0.0,0.3518340605350328,1.0578356155653754,2.05421976975453,0.7036681210700656,1.0578356155653754,1.36947984650302,0.004074979625101874,0.7833935018050542,0.9962121212121212,77.5,100.0,2310,5,5,2,0,0,8.658008658008658E-4,0.0,0.0,0.65,0.8,0.9,0.7000000000000001,75.0,85.0,75.0,0.05,0.6000000000000001,0.4,0.30000000000000004,20.0,85.0,35.0,904,903,1,904,0.0011061946902654867,1.0531706909054634,1.0,1.0531706909054634,712,0.7884828349944629,1.0,1
"iteration_4","SCOPE_DATA_COLLECTION",200,43,2650.0,2710.0,2,1231,832,257,1117,942,277,1227,831,264,2,0,0,0.0016273393002441008,0.0,0.0,0.3518340605350328,1.0578356155653754,2.05421976975453,0.7036681210700656,1.0578356155653754,1.36947984650302,0.004074979625101874,0.7833935018050542,0.9962121212121212,77.5,100.0,2310,5,5,2,0,0,8.658008658008658E-4,0.0,0.0,0.65,0.8,0.9,0.7000000000000001,75.0,85.0,75.0,0.05,0.6000000000000001,0.4,0.30000000000000004,20.0,85.0,35.0,282,282,0,282,0.0,2.056462405855087,1.5,1.3709749372367248,282,1.0,1.0,1
"iteration_4","SCOPE_DATA_COLLECTION",200,44,2710.0,2770.0,0,1210,904,282,1231,832,257,1208,910,279,2,1,0,0.001652892561983471,0.0010976948408342481,0.0,0.35359536940738784,1.0532405922511676,2.057288969875761,0.7071907388147757,1.0532405922511676,1.371525979917174,0.005794701986754967,0.789010989010989,1.0,57.5,100.0,2385,1,10,3,0,0,0.0012578616352201257,0.0,0.0,0.05,0.6000000000000001,0.4,0.30000000000000004,20.0,85.0,35.0,0.25,0.2,0.5,0.9,60.0,95.0,60.0,1217,1217,0,1217,0.0,0.35570938901578103,0.5,0.7114187780315621,12,0.009860312243221035,1.0,1
"iteration_4","SCOPE_DATA_COLLECTION",200,44,2710.0,2770.0,1,1210,904,282,1231,832,257,1208,910,279,2,1,0,0.001652892561983471,0.0010976948408342481,0.0,0.35359536940738784,1.0532405922511676,2.057288969875761,0.7071907388147757,1.0532405922511676,1.371525979917174,0.005794701986754967,0.789010989010989,1.0,57.5,100.0,2385,1,10,3,0,0,0.0012578616352201257,0.0,0.0,0.05,0.6000000000000001,0.4,0.30000000000000004,20.0,85.0,35.0,0.25,0.2,0.5,0.9,60.0,95.0,60.0,885,884,1,885,0.0011299435028248588,1.0559233168504873,1.0,1.0559233168504873,692,0.7828054298642534,1.0,1
"iteration_4","SCOPE_DATA_COLLECTION",200,44,2710.0,2770.0,2,1210,904,282,1231,832,257,1208,910,279,2,1,0,0.001652892561983471,0.0010976948408342481,0.0,0.35359536940738784,1.0532405922511676,2.057288969875761,0.7071907388147757,1.0532405922511676,1.371525979917174,0.005794701986754967,0.789010989010989,1.0,57.5,100.0,2385,1,10,3,0,0,0.0012578616352201257,0.0,0.0,0.05,0.6000000000000001,0.4,0.30000000000000004,20.0,85.0,35.0,0.25,0.2,0.5,0.9,60.0,95.0,60.0,286,286,0,286,0.0,2.06217108623678,1.5,1.3747807241578534,286,1.0,1.0,1
"iteration_4","SCOPE_DATA_COLLECTION",200,45,2770.0,2830.0,0,1217,885,286,1210,904,282,1211,872,287,0,1,0,0.0,0.001145475372279496,0.0,0.35561881637671944,1.0560924078530909,2.061251966060452,0.7112376327534389,1.0560924078530909,1.3741679773736346,0.00990916597853014,0.783256880733945,1.0,90.0,100.0,2381,2,5,1,0,0,4.1999160016799666E-4,0.0,0.0,0.25,0.2,0.5,0.9,60.0,95.0,60.0,0.25,0.2,0.5,0.9,60.0,95.0,60.0,1147,1145,2,1147,0.0017436791630340018,0.356394974650568,0.5,0.712789949301136,6,0.005240174672489083,1.0,1
"iteration_4","SCOPE_DATA_COLLECTION",200,45,2770.0,2830.0,1,1217,885,286,1210,904,282,1211,872,287,0,1,0,0.0,0.001145475372279496,0.0,0.35561881637671944,1.0560924078530909,2.061251966060452,0.7112376327534389,1.0560924078530909,1.3741679773736346,0.00990916597853014,0.783256880733945,1.0,90.0,100.0,2381,2,5,1,0,0,4.1999160016799666E-4,0.0,0.0,0.25,0.2,0.5,0.9,60.0,95.0,60.0,0.25,0.2,0.5,0.9,60.0,95.0,60.0,829,829,0,829,0.0,1.0624743232962133,1.0,1.0624743232962133,664,0.8009650180940893,1.0,1
"iteration_4","SCOPE_DATA_COLLECTION",200,45,2770.0,2830.0,2,1217,885,286,1210,904,282,1211,872,287,0,1,0,0.0,0.001145475372279496,0.0,0.35561881637671944,1.0560924078530909,2.061251966060452,0.7112376327534389,1.0560924078530909,1.3741679773736346,0.00990916597853014,0.783256880733945,1.0,90.0,100.0,2381,2,5,1,0,0,4.1999160016799666E-4,0.0,0.0,0.25,0.2,0.5,0.9,60.0,95.0,60.0,0.25,0.2,0.5,0.9,60.0,95.0,60.0,280,280,0,280,0.0,2.0721082260937758,1.5,1.3814054840625172,280,1.0,1.0,1
"iteration_4","SCOPE_DATA_COLLECTION",200,46,2830.0,2890.0,0,1147,829,280,1217,885,286,1148,839,279,2,0,0,0.0017391304347826088,0.0,0.0,0.35652859915216534,1.0625436267984487,2.0728325920781163,0.7130571983043307,1.0625436267984487,1.3818883947187441,0.005226480836236934,0.8045292014302742,1.0,70.0,100.0,2251,0,5,2,0,0,8.88494002665482E-4,0.0,0.0,0.25,0.2,0.5,0.9,60.0,95.0,60.0,0.35000000000000003,0.1,0.6000000000000001,0.9,50.0,95.0,50.0,1238,1237,1,1238,8.077544426494346E-4,0.35615122149400796,0.5,0.7123024429880159,9,0.007275666936135812,1.0,1
"iteration_4","SCOPE_DATA_COLLECTION",200,46,2830.0,2890.0,1,1147,829,280,1217,885,286,1148,839,279,2,0,0,0.0017391304347826088,0.0,0.0,0.35652859915216534,1.0625436267984487,2.0728325920781163,0.7130571983043307,1.0625436267984487,1.3818883947187441,0.005226480836236934,0.8045292014302742,1.0,70.0,100.0,2251,0,5,2,0,0,8.88494002665482E-4,0.0,0.0,0.25,0.2,0.5,0.9,60.0,95.0,60.0,0.35000000000000003,0.1,0.6000000000000001,0.9,50.0,95.0,50.0,808,807,1,808,0.0012376237623762376,1.058245086009136,1.0,1.058245086009136,628,0.7781908302354399,1.0,1
"iteration_4","SCOPE_DATA_COLLECTION",200,46,2830.0,2890.0,2,1147,829,280,1217,885,286,1148,839,279,2,0,0,0.0017391304347826088,0.0,0.0,0.35652859915216534,1.0625436267984487,2.0728325920781163,0.7130571983043307,1.0625436267984487,1.3818883947187441,0.005226480836236934,0.8045292014302742,1.0,70.0,100.0,2251,0,5,2,0,0,8.88494002665482E-4,0.0,0.0,0.25,0.2,0.5,0.9,60.0,95.0,60.0,0.35000000000000003,0.1,0.6000000000000001,0.9,50.0,95.0,50.0,290,290,0,290,0.0,2.06383670934895,1.5,1.3758911395659668,290,1.0,1.0,1
"iteration_4","SCOPE_DATA_COLLECTION",200,47,2890.0,2950.0,0,1238,808,290,1147,829,280,1235,804,295,1,1,0,8.090614886731392E-4,0.0012422360248447205,0.0,0.35586421966386866,1.058461723725546,2.0634852855938797,0.7117284393277373,1.058461723725546,1.3756568570625864,0.0072874493927125505,0.7761194029850746,1.0,75.0,100.0,2336,0,0,2,0,0,8.561643835616438E-4,0.0,0.0,0.35000000000000003,0.1,0.6000000000000001,0.9,50.0,95.0,50.0,0.1,0.9,0.8,0.6000000000000001,70.0,30.0,45.0,1153,1152,1,1153,8.673026886383347E-4,0.3564657671031763,0.5,0.7129315342063526,10,0.008680555555555556,1.0,1
"iteration_4","SCOPE_DATA_COLLECTION",200,47,2890.0,2950.0,1,1238,808,290,1147,829,280,1235,804,295,1,1,0,8.090614886731392E-4,0.0012422360248447205,0.0,0.35586421966386866,1.058461723725546,2.0634852855938797,0.7117284393277373,1.058461723725546,1.3756568570625864,0.0072874493927125505,0.7761194029850746,1.0,75.0,100.0,2336,0,0,2,0,0,8.561643835616438E-4,0.0,0.0,0.35000000000000003,0.1,0.6000000000000001,0.9,50.0,95.0,50.0,0.1,0.9,0.8,0.6000000000000001,70.0,30.0,45.0,814,813,1,814,0.0012285012285012285,1.0646039227972235,1.0,1.0646039227972235,668,0.8216482164821648,1.0,1
"iteration_4","SCOPE_DATA_COLLECTION",200,47,2890.0,2950.0,2,1238,808,290,1147,829,280,1235,804,295,1,1,0,8.090614886731392E-4,0.0012422360248447205,0.0,0.35586421966386866,1.058461723725546,2.0634852855938797,0.7117284393277373,1.058461723725546,1.3756568570625864,0.0072874493927125505,0.7761194029850746,1.0,75.0,100.0,2336,0,0,2,0,0,8.561643835616438E-4,0.0,0.0,0.35000000000000003,0.1,0.6000000000000001,0.9,50.0,95.0,50.0,0.1,0.9,0.8,0.6000000000000001,70.0,30.0,45.0,295,295,0,295,0.0,2.0580534343321633,1.5,1.3720356228881088,295,1.0,1.0,1
"iteration_4","SCOPE_DATA_COLLECTION",200,48,2950.0,3010.0,0,1153,814,295,1238,808,290,1149,818,294,1,1,0,8.695652173913044E-4,0.001221001221001221,0.0,0.3564378098381246,1.0639333371195216,2.0566794643360176,0.7128756196762492,1.0639333371195216,1.3711196428906784,0.006962576153176675,0.8202933985330073,1.0,65.0,100.0,2262,0,0,2,0,0,8.841732979664014E-4,0.0,0.0,0.1,0.9,0.8,0.6000000000000001,70.0,30.0,45.0,0.2,0.9,0.8,0.7000000000000001,80.0,40.0,55.0,1147,1146,1,1147,8.718395815170009E-4,0.35735007322035217,0.5,0.7147001464407043,12,0.010471204188481676,1.0,1
"iteration_4","SCOPE_DATA_COLLECTION",200,48,2950.0,3010.0,1,1153,814,295,1238,808,290,1149,818,294,1,1,0,8.695652173913044E-4,0.001221001221001221,0.0,0.3564378098381246,1.0639333371195216,2.0566794643360176,0.7128756196762492,1.0639333371195216,1.3711196428906784,0.006962576153176675,0.8202933985330073,1.0,65.0,100.0,2262,0,0,2,0,0,8.841732979664014E-4,0.0,0.0,0.1,0.9,0.8,0.6000000000000001,70.0,30.0,45.0,0.2,0.9,0.8,0.7000000000000001,80.0,40.0,55.0,901,900,1,901,0.0011098779134295228,1.061635778143115,1.0,1.061635778143115,706,0.7844444444444445,1.0,1
"iteration_4","SCOPE_DATA_COLLECTION",200,48,2950.0,3010.0,2,1153,814,295,1238,808,290,1149,818,294,1,1,0,8.695652173913044E-4,0.001221001221001221,0.0,0.3564378098381246,1.0639333371195216,2.0566794643360176,0.7128756196762492,1.0639333371195216,1.3711196428906784,0.006962576153176675,0.8202933985330073,1.0,65.0,100.0,2262,0,0,2,0,0,8.841732979664014E-4,0.0,0.0,0.1,0.9,0.8,0.6000000000000001,70.0,30.0,45.0,0.2,0.9,0.8,0.7000000000000001,80.0,40.0,55.0,264,264,0,264,0.0,2.0565000098347426,1.5,1.3710000065564951,264,1.0,1.0,1
"iteration_4","SCOPE_DATA_COLLECTION",200,49,3010.0,3070.0,0,1147,901,264,1153,814,295,1149,893,260,1,1,0,8.695652173913044E-4,0.0011185682326621924,0.0,0.35763202195879407,1.0611046523385876,2.06047470750309,0.7152640439175881,1.0611046523385876,1.37364980500206,0.011314186248912098,0.7816349384098544,1.0,82.5,100.0,2311,0,1,2,0,0,8.654262224145391E-4,0.0,0.0,0.2,0.9,0.8,0.7000000000000001,80.0,40.0,55.0,0.35000000000000003,0.4,0.2,0.2,55.0,25.0,25.0,1193,1192,1,1193,8.382229673093043E-4,0.3557272232792563,0.5,0.7114544465585126,4,0.003355704697986577,1.0,1
"iteration_4","SCOPE_DATA_COLLECTION",200,49,3010.0,3070.0,1,1147,901,264,1153,814,295,1149,893,260,1,1,0,8.695652173913044E-4,0.0011185682326621924,0.0,0.35763202195879407,1.0611046523385876,2.06047470750309,0.7152640439175881,1.0611046523385876,1.37364980500206,0.011314186248912098,0.7816349384098544,1.0,82.5,100.0,2311,0,1,2,0,0,8.654262224145391E-4,0.0,0.0,0.2,0.9,0.8,0.7000000000000001,80.0,40.0,55.0,0.35000000000000003,0.4,0.2,0.2,55.0,25.0,25.0,879,879,0,879,0.0,1.0590334382877007,1.0,1.0590334382877007,693,0.78839590443686,1.0,1
"iteration_4","SCOPE_DATA_COLLECTION",200,49,3010.0,3070.0,2,1147,901,264,1153,814,295,1149,893,260,1,1,0,8.695652173913044E-4,0.0011185682326621924,0.0,0.35763202195879407,1.0611046523385876,2.06047470750309,0.7152640439175881,1.0611046523385876,1.37364980500206,0.011314186248912098,0.7816349384098544,1.0,82.5,100.0,2311,0,1,2,0,0,8.654262224145391E-4,0.0,0.0,0.2,0.9,0.8,0.7000000000000001,80.0,40.0,55.0,0.35000000000000003,0.4,0.2,0.2,55.0,25.0,25.0,255,255,0,255,0.0,2.059272473337223,1.5,1.3728483155581488,255,1.0,1.0,1
"iteration_4","SCOPE_DATA_COLLECTION",200,50,3070.0,3130.0,0,1193,879,255,1147,901,264,1193,885,254,1,0,0,8.375209380234506E-4,0.0,0.0,0.35576155670122667,1.060058649514256,2.057694054725869,0.7115231134024533,1.060058649514256,1.3717960364839126,0.004191114836546521,0.7943502824858757,1.0,75.0,100.0,2327,0,0,1,0,0,4.297378599054577E-4,0.0,0.0,0.35000000000000003,0.4,0.2,0.2,55.0,25.0,25.0,0.45,0.5,0.1,0.30000000000000004,55.0,25.0,20.0,1189,1189,0,1189,0.0,0.3555817718152481,0.5,0.7111635436304962,8,0.00672834314550042,1.0,1
"iteration_4","SCOPE_DATA_COLLECTION",200,50,3070.0,3130.0,1,1193,879,255,1147,901,264,1193,885,254,1,0,0,8.375209380234506E-4,0.0,0.0,0.35576155670122667,1.060058649514256,2.057694054725869,0.7115231134024533,1.060058649514256,1.3717960364839126,0.004191114836546521,0.7943502824858757,1.0,75.0,100.0,2327,0,0,1,0,0,4.297378599054577E-4,0.0,0.0,0.35000000000000003,0.4,0.2,0.2,55.0,25.0,25.0,0.45,0.5,0.1,0.30000000000000004,55.0,25.0,20.0,873,873,0,873,0.0,1.057272258585315,1.0,1.057272258585315,682,0.7812142038946163,1.0,1
"iteration_4","SCOPE_DATA_COLLECTION",200,50,3070.0,3130.0,2,1193,879,255,1147,901,264,1193,885,254,1,0,0,8.375209380234506E-4,0.0,0.0,0.35576155670122667,1.060058649514256,2.057694054725869,0.7115231134024533,1.060058649514256,1.3717960364839126,0.004191114836546521,0.7943502824858757,1.0,75.0,100.0,2327,0,0,1,0,0,4.297378599054577E-4,0.0,0.0,0.35000000000000003,0.4,0.2,0.2,55.0,25.0,25.0,0.45,0.5,0.1,0.30000000000000004,55.0,25.0,20.0,274,274,0,274,0.0,2.038155758581559,1.5,1.3587705057210393,272,0.9927007299270073,1.0,1
"iteration_4","SCOPE_DATA_COLLECTION",200,51,3130.0,3190.0,0,1189,873,274,1193,879,255,1194,876,276,0,0,0,0.0,0.0,0.0,0.3556431139322797,1.0572983465961132,2.03783662303162,0.7112862278645594,1.0572983465961132,1.3585577486877467,0.006700167504187605,0.7785388127853882,0.9927536231884058,55.0,100.0,2328,7,1,0,0,0,0.0,0.0,0.0,0.45,0.5,0.1,0.30000000000000004,55.0,25.0,20.0,0.45,0.8,0.6000000000000001,0.9,60.0,55.0,35.0,1149,1149,0,1149,0.0,0.3541917493713652,0.5,0.7083834987427304,4,0.0034812880765883376,1.0,1
"iteration_4","SCOPE_DATA_COLLECTION",200,51,3130.0,3190.0,1,1189,873,274,1193,879,255,1194,876,276,0,0,0,0.0,0.0,0.0,0.3556431139322797,1.0572983465961132,2.03783662303162,0.7112862278645594,1.0572983465961132,1.3585577486877467,0.006700167504187605,0.7785388127853882,0.9927536231884058,55.0,100.0,2328,7,1,0,0,0,0.0,0.0,0.0,0.45,0.5,0.1,0.30000000000000004,55.0,25.0,20.0,0.45,0.8,0.6000000000000001,0.9,60.0,55.0,35.0,904,903,1,904,0.0011061946902654867,1.0539302331012126,1.0,1.0539302331012126,696,0.770764119601329,1.0,1
"iteration_4","SCOPE_DATA_COLLECTION",200,51,3130.0,3190.0,2,1189,873,274,1193,879,255,1194,876,276,0,0,0,0.0,0.0,0.0,0.3556431139322797,1.0572983465961132,2.03783662303162,0.7112862278645594,1.0572983465961132,1.3585577486877467,0.006700167504187605,0.7785388127853882,0.9927536231884058,55.0,100.0,2328,7,1,0,0,0,0.0,0.0,0.0,0.45,0.5,0.1,0.30000000000000004,55.0,25.0,20.0,0.45,0.8,0.6000000000000001,0.9,60.0,55.0,35.0,270,268,2,270,0.007407407407407408,2.0656565142834276,1.5,1.3771043428556184,268,1.0,1.0,1
"iteration_4","SCOPE_DATA_COLLECTION",200,52,3190.0,3250.0,0,1149,904,270,1189,873,274,1145,890,273,0,1,2,0.0,0.001122334455667789,0.007272727272727273,0.35424245839292534,1.053596168038576,2.066158062054697,0.7084849167858507,1.053596168038576,1.3774387080364647,0.0034934497816593887,0.7707865168539326,1.0,77.5,100.0,2316,4,3,3,0,0,0.0012953367875647669,0.0,0.0,0.45,0.8,0.6000000000000001,0.9,60.0,55.0,35.0,0.45,0.7000000000000001,0.7000000000000001,0.8,50.0,55.0,35.0,1175,1175,0,1175,0.0,0.35483301861589195,0.5,0.7096660372317839,7,0.005957446808510639,1.0,1
"iteration_4","SCOPE_DATA_COLLECTION",200,52,3190.0,3250.0,1,1149,904,270,1189,873,274,1145,890,273,0,1,2,0.0,0.001122334455667789,0.007272727272727273,0.35424245839292534,1.053596168038576,2.066158062054697,0.7084849167858507,1.053596168038576,1.3774387080364647,0.0034934497816593887,0.7707865168539326,1.0,77.5,100.0,2316,4,3,3,0,0,0.0012953367875647669,0.0,0.0,0.45,0.8,0.6000000000000001,0.9,60.0,55.0,35.0,0.45,0.7000000000000001,0.7000000000000001,0.8,50.0,55.0,35.0,898,898,0,898,0.0,1.0603154624447155,1.0,1.0603154624447155,709,0.7895322939866369,1.0,1
"iteration_4","SCOPE_DATA_COLLECTION",200,52,3190.0,3250.0,2,1149,904,270,1189,873,274,1145,890,273,0,1,2,0.0,0.001122334455667789,0.007272727272727273,0.35424245839292534,1.053596168038576,2.066158062054697,0.7084849167858507,1.053596168038576,1.3774387080364647,0.0034934497816593887,0.7707865168539326,1.0,77.5,100.0,2316,4,3,3,0,0,0.0012953367875647669,0.0,0.0,0.45,0.8,0.6000000000000001,0.9,60.0,55.0,35.0,0.45,0.7000000000000001,0.7000000000000001,0.8,50.0,55.0,35.0,307,307,0,307,0.0,2.0545785046253027,1.5,1.3697190030835351,305,0.993485342019544,1.0,1
"iteration_4","SCOPE_DATA_COLLECTION",200,53,3250.0,3310.0,0,1175,898,307,1149,904,270,1175,904,298,0,0,0,0.0,0.0,0.0,0.35479116803587224,1.060616076570952,2.0535960016189136,0.7095823360717445,1.060616076570952,1.3690640010792758,0.005957446808510639,0.7898230088495575,0.9932885906040269,87.5,100.0,2367,5,8,0,0,0,0.0,0.0,0.0,0.45,0.7000000000000001,0.7000000000000001,0.8,50.0,55.0,35.0,0.35000000000000003,0.4,0.6000000000000001,0.2,60.0,70.0,75.0,1161,1160,1,1161,8.613264427217916E-4,0.3529876343945285,0.5,0.705975268789057,5,0.004310344827586207,1.0,1
"iteration_4","SCOPE_DATA_COLLECTION",200,53,3250.0,3310.0,1,1175,898,307,1149,904,270,1175,904,298,0,0,0,0.0,0.0,0.0,0.35479116803587224,1.060616076570952,2.0535960016189136,0.7095823360717445,1.060616076570952,1.3690640010792758,0.005957446808510639,0.7898230088495575,0.9932885906040269,87.5,100.0,2367,5,8,0,0,0,0.0,0.0,0.0,0.45,0.7000000000000001,0.7000000000000001,0.8,50.0,55.0,35.0,0.35000000000000003,0.4,0.6000000000000001,0.2,60.0,70.0,75.0,879,879,0,879,0.0,1.0610020429573506,1.0,1.0610020429573506,688,0.782707622298066,1.0,1
"iteration_4","SCOPE_DATA_COLLECTION",200,53,3250.0,3310.0,2,1175,898,307,1149,904,270,1175,904,298,0,0,0,0.0,0.0,0.0,0.35479116803587224,1.060616076570952,2.0535960016189136,0.7095823360717445,1.060616076570952,1.3690640010792758,0.005957446808510639,0.7898230088495575,0.9932885906040269,87.5,100.0,2367,5,8,0,0,0,0.0,0.0,0.0,0.45,0.7000000000000001,0.7000000000000001,0.8,50.0,55.0,35.0,0.35000000000000003,0.4,0.6000000000000001,0.2,60.0,70.0,75.0,260,260,0,260,0.0,2.0539593812183896,1.5,1.3693062541455931,260,1.0,1.0,1
"iteration_4","SCOPE_DATA_COLLECTION",200,54,3310.0,3370.0,0,1161,879,260,1175,898,307,1158,888,264,1,0,0,8.628127696289905E-4,0.0,0.0,0.35291592573715197,1.0606196979673885,2.055707037757319,0.7058318514743039,1.0606196979673885,1.3704713585048793,0.004317789291882556,0.7815315315315315,1.0,67.5,100.0,2300,0,0,1,0,0,4.347826086956522E-4,0.0,0.0,0.35000000000000003,0.4,0.6000000000000001,0.2,60.0,70.0,75.0,0.45,0.30000000000000004,0.7000000000000001,0.30000000000000004,70.0,60.0,65.0,1238,1236,2,1238,0.0016155088852988692,0.3540711155994927,0.5,0.7081422311989855,4,0.003236245954692557,1.0,1
"iteration_4","SCOPE_DATA_COLLECTION",200,54,3310.0,3370.0,1,1161,879,260,1175,898,307,1158,888,264,1,0,0,8.628127696289905E-4,0.0,0.0,0.35291592573715197,1.0606196979673885,2.055707037757319,0.7058318514743039,1.0606196979673885,1.3704713585048793,0.004317789291882556,0.7815315315315315,1.0,67.5,100.0,2300,0,0,1,0,0,4.347826086956522E-4,0.0,0.0,0.35000000000000003,0.4,0.6000000000000001,0.2,60.0,70.0,75.0,0.45,0.30000000000000004,0.7000000000000001,0.30000000000000004,70.0,60.0,65.0,833,832,1,833,0.0012004801920768306,1.057959145299459,1.0,1.057959145299459,643,0.7728365384615384,1.0,1
"iteration_4","SCOPE_DATA_COLLECTION",200,54,3310.0,3370.0,2,1161,879,260,1175,898,307,1158,888,264,1,0,0,8.628127696289905E-4,0.0,0.0,0.35291592573715197,1.0606196979673885,2.055707037757319,0.7058318514743039,1.0606196979673885,1.3704713585048793,0.004317789291882556,0.7815315315315315,1.0,67.5,100.0,2300,0,0,1,0,0,4.347826086956522E-4,0.0,0.0,0.35000000000000003,0.4,0.6000000000000001,0.2,60.0,70.0,75.0,0.45,0.30000000000000004,0.7000000000000001,0.30000000000000004,70.0,60.0,65.0,275,275,0,275,0.0,2.05409315762496,1.5,1.36939543841664,274,0.9963636363636363,1.0,1
"iteration_4","SCOPE_DATA_COLLECTION",200,55,3370.0,3430.0,0,1238,833,275,1161,879,260,1234,819,274,2,1,0,0.0016181229773462784,0.0012195121951219512,0.0,0.354067532395604,1.0583819368064205,2.0531823071584525,0.708135064791208,1.0583819368064205,1.3687882047723017,0.0032414910858995136,0.778998778998779,0.9963503649635036,85.0,100.0,2340,2,4,3,0,0,0.001282051282051282,0.0,0.0,0.45,0.30000000000000004,0.7000000000000001,0.30000000000000004,70.0,60.0,65.0,0.45,0.30000000000000004,0.7000000000000001,0.30000000000000004,70.0,60.0,65.0,1248,1248,0,1248,0.0,0.35471231257277697,0.5,0.7094246251455539,7,0.005608974358974359,1.0,1
"iteration_4","SCOPE_DATA_COLLECTION",200,55,3370.0,3430.0,1,1238,833,275,1161,879,260,1234,819,274,2,1,0,0.0016181229773462784,0.0012195121951219512,0.0,0.354067532395604,1.0583819368064205,2.0531823071584525,0.708135064791208,1.0583819368064205,1.3687882047723017,0.0032414910858995136,0.778998778998779,0.9963503649635036,85.0,100.0,2340,2,4,3,0,0,0.001282051282051282,0.0,0.0,0.45,0.30000000000000004,0.7000000000000001,0.30000000000000004,70.0,60.0,65.0,0.45,0.30000000000000004,0.7000000000000001,0.30000000000000004,70.0,60.0,65.0,890,888,2,890,0.0022471910112359553,1.0612869891191195,1.0,1.0612869891191195,702,0.7905405405405406,1.0,1
"iteration_4","SCOPE_DATA_COLLECTION",200,55,3370.0,3430.0,2,1238,833,275,1161,879,260,1234,819,274,2,1,0,0.0016181229773462784,0.0012195121951219512,0.0,0.354067532395604,1.0583819368064205,2.0531823071584525,0.708135064791208,1.0583819368064205,1.3687882047723017,0.0032414910858995136,0.778998778998779,0.9963503649635036,85.0,100.0,2340,2,4,3,0,0,0.001282051282051282,0.0,0.0,0.45,0.30000000000000004,0.7000000000000001,0.30000000000000004,70.0,60.0,65.0,0.45,0.30000000000000004,0.7000000000000001,0.30000000000000004,70.0,60.0,65.0,224,224,0,224,0.0,2.0710136994421293,1.5,1.3806757996280863,224,1.0,1.0,1
"iteration_4","SCOPE_DATA_COLLECTION",200,56,3430.0,3490.0,0,1248,890,224,1238,833,275,1254,893,223,0,2,0,0.0,0.0022346368715083797,0.0,0.3548319267832145,1.060857317950519,2.06876161436771,0.709663853566429,1.060857317950519,1.3791744095784733,0.005582137161084529,0.7838745800671892,1.0,75.0,100.0,2362,0,0,2,0,0,8.46740050804403E-4,0.0,0.0,0.45,0.30000000000000004,0.7000000000000001,0.30000000000000004,70.0,60.0,65.0,0.45,0.4,0.6000000000000001,0.2,70.0,60.0,65.0,1196,1195,1,1196,8.361204013377926E-4,0.3541724461711634,0.5,0.7083448923423268,0,0.0,1.0,1
"iteration_4","SCOPE_DATA_COLLECTION",200,56,3430.0,3490.0,1,1248,890,224,1238,833,275,1254,893,223,0,2,0,0.0,0.0022346368715083797,0.0,0.3548319267832145,1.060857317950519,2.06876161436771,0.709663853566429,1.060857317950519,1.3791744095784733,0.005582137161084529,0.7838745800671892,1.0,75.0,100.0,2362,0,0,2,0,0,8.46740050804403E-4,0.0,0.0,0.45,0.30000000000000004,0.7000000000000001,0.30000000000000004,70.0,60.0,65.0,0.45,0.4,0.6000000000000001,0.2,70.0,60.0,65.0,799,798,1,799,0.0012515644555694619,1.0597874626096302,1.0,1.0597874626096302,630,0.7894736842105263,1.0,1
"iteration_4","SCOPE_DATA_COLLECTION",200,56,3430.0,3490.0,2,1248,890,224,1238,833,275,1254,893,223,0,2,0,0.0,0.0022346368715083797,0.0,0.3548319267832145,1.060857317950519,2.06876161436771,0.709663853566429,1.060857317950519,1.3791744095784733,0.005582137161084529,0.7838745800671892,1.0,75.0,100.0,2362,0,0,2,0,0,8.46740050804403E-4,0.0,0.0,0.45,0.30000000000000004,0.7000000000000001,0.30000000000000004,70.0,60.0,65.0,0.45,0.4,0.6000000000000001,0.2,70.0,60.0,65.0,277,277,0,277,0.0,2.040998702360044,1.5,1.3606658015733626,277,1.0,1.0,1
"iteration_4","SCOPE_DATA_COLLECTION",200,57,3490.0,3550.0,0,1196,799,277,1248,890,224,1195,800,274,1,1,0,8.361204013377926E-4,0.0012484394506866417,0.0,0.3541602447118109,1.0598373140552808,2.0444704387663957,0.7083204894236218,1.0598373140552808,1.3629802925109304,0.0,0.79,1.0,80.0,100.0,2271,0,1,2,0,0,8.806693086745927E-4,0.0,0.0,0.45,0.4,0.6000000000000001,0.2,70.0,60.0,65.0,0.75,0.5,0.7000000000000001,0.8,65.0,85.0,45.0,1211,1211,0,1211,0.0,0.3541077358694611,0.5,0.7082154717389222,1,8.257638315441783E-4,1.0,1
"iteration_4","SCOPE_DATA_COLLECTION",200,57,3490.0,3550.0,1,1196,799,277,1248,890,224,1195,800,274,1,1,0,8.361204013377926E-4,0.0012484394506866417,0.0,0.3541602447118109,1.0598373140552808,2.0444704387663957,0.7083204894236218,1.0598373140552808,1.3629802925109304,0.0,0.79,1.0,80.0,100.0,2271,0,1,2,0,0,8.806693086745927E-4,0.0,0.0,0.45,0.4,0.6000000000000001,0.2,70.0,60.0,65.0,0.75,0.5,0.7000000000000001,0.8,65.0,85.0,45.0,837,837,0,837,0.0,1.0511173522003616,1.0,1.0511173522003616,651,0.7777777777777778,1.0,1
"iteration_4","SCOPE_DATA_COLLECTION",200,57,3490.0,3550.0,2,1196,799,277,1248,890,224,1195,800,274,1,1,0,8.361204013377926E-4,0.0012484394506866417,0.0,0.3541602447118109,1.0598373140552808,2.0444704387663957,0.7083204894236218,1.0598373140552808,1.3629802925109304,0.0,0.79,1.0,80.0,100.0,2271,0,1,2,0,0,8.806693086745927E-4,0.0,0.0,0.45,0.4,0.6000000000000001,0.2,70.0,60.0,65.0,0.75,0.5,0.7000000000000001,0.8,65.0,85.0,45.0,260,260,0,260,0.0,2.05719525728195,1.5,1.3714635048546333,260,1.0,1.0,1
"iteration_4","SCOPE_DATA_COLLECTION",200,58,3550.0,3615.8734907081557,0,1211,837,260,1196,799,277,1208,834,264,0,0,0,0.0,0.0,0.0,0.3540791253400666,1.0514765306677123,2.053607715218155,0.7081582506801332,1.0514765306677123,1.3690718101454367,8.278145695364238E-4,0.7793764988009593,1.0,82.5,100.0,2302,4,2,0,0,0,0.0,0.0,0.0,0.75,0.5,0.7000000000000001,0.8,65.0,85.0,45.0,0.05,0.9,0.8,0.2,40.0,25.0,30.0,1004,1001,0,1001,0.0,0.3532352111984618,0.5,0.7064704223969236,3,0.002997002997002997,0.9970119521912351,0
"iteration_4","SCOPE_DATA_COLLECTION",200,58,3550.0,3615.8734907081557,1,1211,837,260,1196,799,277,1208,834,264,0,0,0,0.0,0.0,0.0,0.3540791253400666,1.0514765306677123,2.053607715218155,0.7081582506801332,1.0514765306677123,1.3690718101454367,8.278145695364238E-4,0.7793764988009593,1.0,82.5,100.0,2302,4,2,0,0,0,0.0,0.0,0.0,0.75,0.5,0.7000000000000001,0.8,65.0,85.0,45.0,0.05,0.9,0.8,0.2,40.0,25.0,30.0,725,708,0,708,0.0,1.0625388028132552,1.0,1.0625388028132552,546,0.7711864406779662,0.976551724137931,0
"iteration_4","SCOPE_DATA_COLLECTION",200,58,3550.0,3615.8734907081557,2,1211,837,260,1196,799,277,1208,834,264,0,0,0,0.0,0.0,0.0,0.3540791253400666,1.0514765306677123,2.053607715218155,0.7081582506801332,1.0514765306677123,1.3690718101454367,8.278145695364238E-4,0.7793764988009593,1.0,82.5,100.0,2302,4,2,0,0,0,0.0,0.0,0.0,0.75,0.5,0.7000000000000001,0.8,65.0,85.0,45.0,0.05,0.9,0.8,0.2,40.0,25.0,30.0,200,193,0,193,0.0,2.0651930413420927,1.5,1.3767953608947285,193,1.0,0.965,0
"iteration_4","SCOPE_DATA_COLLECTION",300,0,70.0,130.0,0,1686,1076,407,0,0,0,1674,1063,391,0,0,1,0.0,0.0,0.002551020408163265,0.3470466887531167,1.0211505323941816,1.9699376808326043,0.6940933775062335,1.0211505323941816,1.3132917872217362,0.02986857825567503,0.7572906867356538,0.9386189258312021,87.5,100.0,2960,117,92,1,0,0,3.3783783783783786E-4,0.0,0.0,0.6,0.5,0.7,0.4,85.0,80.0,90.0,0.1,0.4,0.7000000000000001,0.4,30.0,30.0,65.0,1892,1890,2,1892,0.0010570824524312897,0.35093454464271234,0.5,0.7018690892854247,68,0.03597883597883598,1.0,1
"iteration_4","SCOPE_DATA_COLLECTION",300,0,70.0,130.0,1,1686,1076,407,0,0,0,1674,1063,391,0,0,1,0.0,0.0,0.002551020408163265,0.3470466887531167,1.0211505323941816,1.9699376808326043,0.6940933775062335,1.0211505323941816,1.3132917872217362,0.02986857825567503,0.7572906867356538,0.9386189258312021,87.5,100.0,2960,117,92,1,0,0,3.3783783783783786E-4,0.0,0.0,0.6,0.5,0.7,0.4,85.0,80.0,90.0,0.1,0.4,0.7000000000000001,0.4,30.0,30.0,65.0,1145,1144,1,1145,8.733624454148472E-4,1.0231367856960867,1.0,1.0231367856960867,842,0.736013986013986,1.0,1
"iteration_4","SCOPE_DATA_COLLECTION",300,0,70.0,130.0,2,1686,1076,407,0,0,0,1674,1063,391,0,0,1,0.0,0.0,0.002551020408163265,0.3470466887531167,1.0211505323941816,1.9699376808326043,0.6940933775062335,1.0211505323941816,1.3132917872217362,0.02986857825567503,0.7572906867356538,0.9386189258312021,87.5,100.0,2960,117,92,1,0,0,3.3783783783783786E-4,0.0,0.0,0.6,0.5,0.7,0.4,85.0,80.0,90.0,0.1,0.4,0.7000000000000001,0.4,30.0,30.0,65.0,436,435,1,436,0.0022935779816513763,1.9000851190373158,1.5,1.2667234126915439,393,0.903448275862069,1.0,1
"iteration_4","SCOPE_DATA_COLLECTION",300,1,130.0,190.0,0,1892,1145,436,1686,1076,407,1891,1140,437,2,1,1,0.0010565240359218173,8.764241893076249E-4,0.00228310502283105,0.35063635425465595,1.0231757880101258,1.895232829128451,0.7012727085093119,1.0231757880101258,1.2634885527523008,0.034902168164992066,0.7359649122807017,0.9016018306636155,87.5,100.0,3269,18,186,4,0,0,0.001223615784643622,0.0,0.0,0.1,0.4,0.7000000000000001,0.4,30.0,30.0,65.0,0.05,0.5,0.7000000000000001,0.4,30.0,30.0,55.0,1766,1765,1,1766,5.662514156285391E-4,0.3450574655973172,0.5,0.6901149311946344,46,0.026062322946175637,1.0,1
"iteration_4","SCOPE_DATA_COLLECTION",300,1,130.0,190.0,1,1892,1145,436,1686,1076,407,1891,1140,437,2,1,1,0.0010565240359218173,8.764241893076249E-4,0.00228310502283105,0.35063635425465595,1.0231757880101258,1.895232829128451,0.7012727085093119,1.0231757880101258,1.2634885527523008,0.034902168164992066,0.7359649122807017,0.9016018306636155,87.5,100.0,3269,18,186,4,0,0,0.001223615784643622,0.0,0.0,0.1,0.4,0.7000000000000001,0.4,30.0,30.0,65.0,0.05,0.5,0.7000000000000001,0.4,30.0,30.0,55.0,1178,1176,2,1178,0.001697792869269949,1.0238718205612585,1.0,1.0238718205612585,883,0.7508503401360545,1.0,1
"iteration_4","SCOPE_DATA_COLLECTION",300,1,130.0,190.0,2,1892,1145,436,1686,1076,407,1891,1140,437,2,1,1,0.0010565240359218173,8.764241893076249E-4,0.00228310502283105,0.35063635425465595,1.0231757880101258,1.895232829128451,0.7012727085093119,1.0231757880101258,1.2634885527523008,0.034902168164992066,0.7359649122807017,0.9016018306636155,87.5,100.0,3269,18,186,4,0,0,0.001223615784643622,0.0,0.0,0.1,0.4,0.7000000000000001,0.4,30.0,30.0,65.0,0.05,0.5,0.7000000000000001,0.4,30.0,30.0,55.0,426,426,0,426,0.0,1.9524024259505965,1.5,1.3016016173003977,398,0.9342723004694836,1.0,1
"iteration_4","SCOPE_DATA_COLLECTION",300,2,190.0,250.0,0,1766,1178,426,1892,1145,436,1768,1175,423,1,2,0,5.652911249293386E-4,0.0016992353440951572,0.0,0.3453736165090014,1.0237751232792964,1.9516367415902545,0.6907472330180028,1.0237751232792964,1.3010911610601696,0.027149321266968326,0.7497872340425532,0.933806146572104,92.5,100.0,3156,9,205,3,0,0,9.505703422053232E-4,0.0,0.0,0.05,0.5,0.7000000000000001,0.4,30.0,30.0,55.0,0.25,0.2,0.30000000000000004,0.7000000000000001,50.0,55.0,40.0,1920,1920,0,1920,0.0,0.36520801405189346,0.5,0.7304160281037869,84,0.04375,1.0,1
"iteration_4","SCOPE_DATA_COLLECTION",300,2,190.0,250.0,1,1766,1178,426,1892,1145,436,1768,1175,423,1,2,0,5.652911249293386E-4,0.0016992353440951572,0.0,0.3453736165090014,1.0237751232792964,1.9516367415902545,0.6907472330180028,1.0237751232792964,1.3010911610601696,0.027149321266968326,0.7497872340425532,0.933806146572104,92.5,100.0,3156,9,205,3,0,0,9.505703422053232E-4,0.0,0.0,0.05,0.5,0.7000000000000001,0.4,30.0,30.0,55.0,0.25,0.2,0.30000000000000004,0.7000000000000001,50.0,55.0,40.0,1164,1163,1,1164,8.59106529209622E-4,1.039834375437137,1.0,1.039834375437137,892,0.766981943250215,1.0,1
"iteration_4","SCOPE_DATA_COLLECTION",300,2,190.0,250.0,2,1766,1178,426,1892,1145,436,1768,1175,423,1,2,0,5.652911249293386E-4,0.0016992353440951572,0.0,0.3453736165090014,1.0237751232792964,1.9516367415902545,0.6907472330180028,1.0237751232792964,1.3010911610601696,0.027149321266968326,0.7497872340425532,0.933806146572104,92.5,100.0,3156,9,205,3,0,0,9.505703422053232E-4,0.0,0.0,0.05,0.5,0.7000000000000001,0.4,30.0,30.0,55.0,0.25,0.2,0.30000000000000004,0.7000000000000001,50.0,55.0,40.0,386,385,1,386,0.0025906735751295338,2.006629806943923,1.5,1.337753204629282,369,0.9584415584415584,1.0,1
"iteration_4","SCOPE_DATA_COLLECTION",300,3,250.0,310.0,0,1920,1164,386,1766,1178,426,1914,1161,393,0,1,1,0.0,8.605851979345956E-4,0.0025380710659898475,0.3650851036111136,1.0400112603028868,2.0091034400705996,0.7301702072222273,1.0400112603028868,1.3394022933803997,0.042842215256008356,0.768303186907838,0.9592875318066157,85.0,100.0,3357,32,81,2,0,0,5.957700327673518E-4,0.0,0.0,0.25,0.2,0.30000000000000004,0.7000000000000001,50.0,55.0,40.0,0.25,0.30000000000000004,0.30000000000000004,0.6000000000000001,50.0,45.0,50.0,1832,1832,0,1832,0.0,0.3529420960202013,0.5,0.7058841920404026,65,0.035480349344978165,1.0,1
"iteration_4","SCOPE_DATA_COLLECTION",300,3,250.0,310.0,1,1920,1164,386,1766,1178,426,1914,1161,393,0,1,1,0.0,8.605851979345956E-4,0.0025380710659898475,0.3650851036111136,1.0400112603028868,2.0091034400705996,0.7301702072222273,1.0400112603028868,1.3394022933803997,0.042842215256008356,0.768303186907838,0.9592875318066157,85.0,100.0,3357,32,81,2,0,0,5.957700327673518E-4,0.0,0.0,0.25,0.2,0.30000000000000004,0.7000000000000001,50.0,55.0,40.0,0.25,0.30000000000000004,0.30000000000000004,0.6000000000000001,50.0,45.0,50.0,1128,1125,3,1128,0.0026595744680851063,1.000400420834081,1.0,1.000400420834081,839,0.7457777777777778,1.0,1
"iteration_4","SCOPE_DATA_COLLECTION",300,3,250.0,310.0,2,1920,1164,386,1766,1178,426,1914,1161,393,0,1,1,0.0,8.605851979345956E-4,0.0025380710659898475,0.3650851036111136,1.0400112603028868,2.0091034400705996,0.7301702072222273,1.0400112603028868,1.3394022933803997,0.042842215256008356,0.768303186907838,0.9592875318066157,85.0,100.0,3357,32,81,2,0,0,5.957700327673518E-4,0.0,0.0,0.25,0.2,0.30000000000000004,0.7000000000000001,50.0,55.0,40.0,0.25,0.30000000000000004,0.30000000000000004,0.6000000000000001,50.0,45.0,50.0,464,464,0,464,0.0,1.9879160704061927,1.5,1.3252773802707951,442,0.9525862068965517,1.0,1
"iteration_4","SCOPE_DATA_COLLECTION",300,4,310.0,370.0,0,1832,1128,464,1920,1164,386,1842,1130,461,0,1,0,0.0,8.841732979664014E-4,0.0,0.3530704416096886,1.000538809840317,1.9868877766908712,0.7061408832193772,1.000538809840317,1.3245918511272474,0.03637350705754615,0.7460176991150442,0.9522776572668112,72.5,100.0,3175,65,184,1,0,0,3.1496062992125983E-4,0.0,0.0,0.25,0.30000000000000004,0.30000000000000004,0.6000000000000001,50.0,45.0,50.0,0.15000000000000002,0.4,0.2,0.7000000000000001,50.0,45.0,50.0,1833,1832,1,1833,5.455537370430987E-4,0.3468731799642868,0.5,0.6937463599285736,67,0.03657205240174673,1.0,1
"iteration_4","SCOPE_DATA_COLLECTION",300,4,310.0,370.0,1,1832,1128,464,1920,1164,386,1842,1130,461,0,1,0,0.0,8.841732979664014E-4,0.0,0.3530704416096886,1.000538809840317,1.9868877766908712,0.7061408832193772,1.000538809840317,1.3245918511272474,0.03637350705754615,0.7460176991150442,0.9522776572668112,72.5,100.0,3175,65,184,1,0,0,3.1496062992125983E-4,0.0,0.0,0.25,0.30000000000000004,0.30000000000000004,0.6000000000000001,50.0,45.0,50.0,0.15000000000000002,0.4,0.2,0.7000000000000001,50.0,45.0,50.0,1173,1173,0,1173,0.0,0.9992325643573687,1.0,0.9992325643573687,893,0.7612958226768969,1.0,1
"iteration_4","SCOPE_DATA_COLLECTION",300,4,310.0,370.0,2,1832,1128,464,1920,1164,386,1842,1130,461,0,1,0,0.0,8.841732979664014E-4,0.0,0.3530704416096886,1.000538809840317,1.9868877766908712,0.7061408832193772,1.000538809840317,1.3245918511272474,0.03637350705754615,0.7460176991150442,0.9522776572668112,72.5,100.0,3175,65,184,1,0,0,3.1496062992125983E-4,0.0,0.0,0.25,0.30000000000000004,0.30000000000000004,0.6000000000000001,50.0,45.0,50.0,0.15000000000000002,0.4,0.2,0.7000000000000001,50.0,45.0,50.0,497,497,0,497,0.0,1.9496430084258656,1.5,1.2997620056172436,463,0.93158953722334,1.0,1
"iteration_4","SCOPE_DATA_COLLECTION",300,5,370.0,430.0,0,1833,1173,497,1832,1128,464,1819,1168,493,1,2,0,5.494505494505495E-4,0.0017094017094017094,0.0,0.34610721713704523,0.9989791565096968,1.9488086277590038,0.6922144342740905,0.9989791565096968,1.2992057518393358,0.034634414513468936,0.761986301369863,0.9310344827586207,95.0,100.0,3199,45,259,3,0,0,9.377930603313535E-4,0.0,0.0,0.15000000000000002,0.4,0.2,0.7000000000000001,50.0,45.0,50.0,0.05,0.30000000000000004,0.30000000000000004,0.6000000000000001,40.0,55.0,40.0,1819,1816,3,1819,0.0016492578339747114,0.3562397487908251,0.5,0.7124794975816502,63,0.034691629955947136,1.0,1
"iteration_4","SCOPE_DATA_COLLECTION",300,5,370.0,430.0,1,1833,1173,497,1832,1128,464,1819,1168,493,1,2,0,5.494505494505495E-4,0.0017094017094017094,0.0,0.34610721713704523,0.9989791565096968,1.9488086277590038,0.6922144342740905,0.9989791565096968,1.2992057518393358,0.034634414513468936,0.761986301369863,0.9310344827586207,95.0,100.0,3199,45,259,3,0,0,9.377930603313535E-4,0.0,0.0,0.15000000000000002,0.4,0.2,0.7000000000000001,50.0,45.0,50.0,0.05,0.30000000000000004,0.30000000000000004,0.6000000000000001,40.0,55.0,40.0,1113,1112,1,1113,8.984725965858042E-4,1.0101385544863528,1.0,1.0101385544863528,846,0.7607913669064749,1.0,1
"iteration_4","SCOPE_DATA_COLLECTION",300,5,370.0,430.0,2,1833,1173,497,1832,1128,464,1819,1168,493,1,2,0,5.494505494505495E-4,0.0017094017094017094,0.0,0.34610721713704523,0.9989791565096968,1.9488086277590038,0.6922144342740905,0.9989791565096968,1.2992057518393358,0.034634414513468936,0.761986301369863,0.9310344827586207,95.0,100.0,3199,45,259,3,0,0,9.377930603313535E-4,0.0,0.0,0.15000000000000002,0.4,0.2,0.7000000000000001,50.0,45.0,50.0,0.05,0.30000000000000004,0.30000000000000004,0.6000000000000001,40.0,55.0,40.0,443,443,0,443,0.0,1.930707410649203,1.5,1.2871382737661354,408,0.9209932279909706,1.0,1
"iteration_4","SCOPE_DATA_COLLECTION",300,6,430.0,490.0,0,1819,1113,443,1833,1173,497,1813,1116,446,3,1,0,0.0016519823788546256,8.952551477170994E-4,0.0,0.35652839049429735,1.010437149529768,1.9321647970440994,0.7130567809885947,1.010437149529768,1.2881098646960663,0.03640375068946498,0.7589605734767025,0.92152466367713,92.5,100.0,3170,15,190,4,0,0,0.0012618296529968455,0.0,0.0,0.05,0.30000000000000004,0.30000000000000004,0.6000000000000001,40.0,55.0,40.0,0.25,0.5,0.5,0.30000000000000004,70.0,60.0,25.0,1838,1837,1,1838,5.44069640914037E-4,0.35145054543002396,0.5,0.7029010908600479,66,0.03592814371257485,1.0,1
"iteration_4","SCOPE_DATA_COLLECTION",300,6,430.0,490.0,1,1819,1113,443,1833,1173,497,1813,1116,446,3,1,0,0.0016519823788546256,8.952551477170994E-4,0.0,0.35652839049429735,1.010437149529768,1.9321647970440994,0.7130567809885947,1.010437149529768,1.2881098646960663,0.03640375068946498,0.7589605734767025,0.92152466367713,92.5,100.0,3170,15,190,4,0,0,0.0012618296529968455,0.0,0.0,0.05,0.30000000000000004,0.30000000000000004,0.6000000000000001,40.0,55.0,40.0,0.25,0.5,0.5,0.30000000000000004,70.0,60.0,25.0,1098,1097,1,1098,9.107468123861566E-4,1.0092661151918005,1.0,1.0092661151918005,834,0.7602552415679125,1.0,1
"iteration_4","SCOPE_DATA_COLLECTION",300,6,430.0,490.0,2,1819,1113,443,1833,1173,497,1813,1116,446,3,1,0,0.0016519823788546256,8.952551477170994E-4,0.0,0.35652839049429735,1.010437149529768,1.9321647970440994,0.7130567809885947,1.010437149529768,1.2881098646960663,0.03640375068946498,0.7589605734767025,0.92152466367713,92.5,100.0,3170,15,190,4,0,0,0.0012618296529968455,0.0,0.0,0.05,0.30000000000000004,0.30000000000000004,0.6000000000000001,40.0,55.0,40.0,0.25,0.5,0.5,0.30000000000000004,70.0,60.0,25.0,435,434,1,435,0.0022988505747126436,1.963984698901836,1.5,1.309323132601224,407,0.9377880184331797,1.0,1
"iteration_4","SCOPE_DATA_COLLECTION",300,7,490.0,550.0,0,1838,1098,435,1819,1113,443,1851,1087,432,1,1,1,5.399568034557236E-4,9.191176470588235E-4,0.0023094688221709007,0.3517096799026605,1.0083165620295378,1.9668546336735784,0.703419359805321,1.0083165620295378,1.3112364224490523,0.036196650459211235,0.7589696412143514,0.9398148148148148,95.0,100.0,3162,61,148,3,0,0,9.487666034155598E-4,0.0,0.0,0.25,0.5,0.5,0.30000000000000004,70.0,60.0,25.0,0.15000000000000002,0.5,0.6000000000000001,0.4,70.0,50.0,20.0,1837,1834,3,1837,0.001633097441480675,0.35001931292971283,0.5,0.7000386258594257,55,0.029989094874591057,1.0,1
"iteration_4","SCOPE_DATA_COLLECTION",300,7,490.0,550.0,1,1838,1098,435,1819,1113,443,1851,1087,432,1,1,1,5.399568034557236E-4,9.191176470588235E-4,0.0023094688221709007,0.3517096799026605,1.0083165620295378,1.9668546336735784,0.703419359805321,1.0083165620295378,1.3112364224490523,0.036196650459211235,0.7589696412143514,0.9398148148148148,95.0,100.0,3162,61,148,3,0,0,9.487666034155598E-4,0.0,0.0,0.25,0.5,0.5,0.30000000000000004,70.0,60.0,25.0,0.15000000000000002,0.5,0.6000000000000001,0.4,70.0,50.0,20.0,1114,1113,1,1114,8.976660682226212E-4,1.0206526468842938,1.0,1.0206526468842938,830,0.7457322551662174,1.0,1
"iteration_4","SCOPE_DATA_COLLECTION",300,7,490.0,550.0,2,1838,1098,435,1819,1113,443,1851,1087,432,1,1,1,5.399568034557236E-4,9.191176470588235E-4,0.0023094688221709007,0.3517096799026605,1.0083165620295378,1.9668546336735784,0.703419359805321,1.0083165620295378,1.3112364224490523,0.036196650459211235,0.7589696412143514,0.9398148148148148,95.0,100.0,3162,61,148,3,0,0,9.487666034155598E-4,0.0,0.0,0.25,0.5,0.5,0.30000000000000004,70.0,60.0,25.0,0.15000000000000002,0.5,0.6000000000000001,0.4,70.0,50.0,20.0,412,412,0,412,0.0,1.9931248452368313,1.5,1.3287498968245541,395,0.9587378640776699,1.0,1
"iteration_4","SCOPE_DATA_COLLECTION",300,8,550.0,610.0,0,1837,1114,412,1838,1098,435,1825,1117,412,3,1,0,0.0016411378555798686,8.944543828264759E-4,0.0,0.3499621236578763,1.0207279711034571,1.9866724936371598,0.6999242473157526,1.0207279711034571,1.32444832909144,0.02958904109589041,0.7457475380483438,0.9563106796116505,95.0,100.0,3183,21,159,4,0,0,0.0012566760917373547,0.0,0.0,0.15000000000000002,0.5,0.6000000000000001,0.4,70.0,50.0,20.0,0.15000000000000002,0.4,0.7000000000000001,0.5,70.0,40.0,20.0,1762,1758,4,1762,0.0022701475595913734,0.3458698084652536,0.5,0.6917396169305072,38,0.02161547212741752,1.0,1
"iteration_4","SCOPE_DATA_COLLECTION",300,8,550.0,610.0,1,1837,1114,412,1838,1098,435,1825,1117,412,3,1,0,0.0016411378555798686,8.944543828264759E-4,0.0,0.3499621236578763,1.0207279711034571,1.9866724936371598,0.6999242473157526,1.0207279711034571,1.32444832909144,0.02958904109589041,0.7457475380483438,0.9563106796116505,95.0,100.0,3183,21,159,4,0,0,0.0012566760917373547,0.0,0.0,0.15000000000000002,0.5,0.6000000000000001,0.4,70.0,50.0,20.0,0.15000000000000002,0.4,0.7000000000000001,0.5,70.0,40.0,20.0,1128,1128,0,1128,0.0,1.0142809623650506,1.0,1.0142809623650506,842,0.7464539007092199,1.0,1
"iteration_4","SCOPE_DATA_COLLECTION",300,8,550.0,610.0,2,1837,1114,412,1838,1098,435,1825,1117,412,3,1,0,0.0016411378555798686,8.944543828264759E-4,0.0,0.3499621236578763,1.0207279711034571,1.9866724936371598,0.6999242473157526,1.0207279711034571,1.32444832909144,0.02958904109589041,0.7457475380483438,0.9563106796116505,95.0,100.0,3183,21,159,4,0,0,0.0012566760917373547,0.0,0.0,0.15000000000000002,0.5,0.6000000000000001,0.4,70.0,50.0,20.0,0.15000000000000002,0.4,0.7000000000000001,0.5,70.0,40.0,20.0,460,459,1,460,0.002173913043478261,1.975052786852438,1.5,1.3167018579016252,435,0.9477124183006536,1.0,1
"iteration_4","SCOPE_DATA_COLLECTION",300,9,610.0,670.0,0,1762,1128,460,1837,1114,412,1757,1126,461,4,0,1,0.002271436683702442,0.0,0.0021645021645021645,0.3458902514565678,1.0145274571438123,1.9768920240749834,0.6917805029131356,1.0145274571438123,1.3179280160499889,0.021627774615822423,0.7495559502664298,0.9479392624728851,92.5,100.0,3129,33,188,5,0,0,0.0015979546180888463,0.0,0.0,0.15000000000000002,0.4,0.7000000000000001,0.5,70.0,40.0,20.0,0.9500000000000001,0.30000000000000004,0.7000000000000001,0.7000000000000001,30.0,95.0,75.0,1833,1832,1,1833,5.455537370430987E-4,0.3488599039080067,0.5,0.6977198078160134,48,0.026200873362445413,1.0,1
"iteration_4","SCOPE_DATA_COLLECTION",300,9,610.0,670.0,1,1762,1128,460,1837,1114,412,1757,1126,461,4,0,1,0.002271436683702442,0.0,0.0021645021645021645,0.3458902514565678,1.0145274571438123,1.9768920240749834,0.6917805029131356,1.0145274571438123,1.3179280160499889,0.021627774615822423,0.7495559502664298,0.9479392624728851,92.5,100.0,3129,33,188,5,0,0,0.0015979546180888463,0.0,0.0,0.15000000000000002,0.4,0.7000000000000001,0.5,70.0,40.0,20.0,0.9500000000000001,0.30000000000000004,0.7000000000000001,0.7000000000000001,30.0,95.0,75.0,1159,1157,2,1159,0.001725625539257981,1.0167731044686747,1.0,1.0167731044686747,873,0.7545375972342264,1.0,1
"iteration_4","SCOPE_DATA_COLLECTION",300,9,610.0,670.0,2,1762,1128,460,1837,1114,412,1757,1126,461,4,0,1,0.002271436683702442,0.0,0.0021645021645021645,0.3458902514565678,1.0145274571438123,1.9768920240749834,0.6917805029131356,1.0145274571438123,1.3179280160499889,0.021627774615822423,0.7495559502664298,0.9479392624728851,92.5,100.0,3129,33,188,5,0,0,0.0015979546180888463,0.0,0.0,0.15000000000000002,0.4,0.7000000000000001,0.5,70.0,40.0,20.0,0.9500000000000001,0.30000000000000004,0.7000000000000001,0.7000000000000001,30.0,95.0,75.0,426,426,0,426,0.0,1.9929973151208427,1.5,1.3286648767472284,405,0.9507042253521126,1.0,1
"iteration_4","SCOPE_DATA_COLLECTION",300,10,670.0,730.0,0,1833,1159,426,1762,1128,460,1838,1160,420,1,2,0,5.43773790103317E-4,0.0017211703958691911,0.0,0.34913229680398244,1.0167913727557107,1.9928976355581305,0.6982645936079649,1.0167913727557107,1.3285984237054203,0.02665941240478781,0.7525862068965518,0.95,95.0,100.0,3206,198,14,3,0,0,9.357454772301934E-4,0.0,0.0,0.9500000000000001,0.30000000000000004,0.7000000000000001,0.7000000000000001,30.0,95.0,75.0,0.55,0.5,0.4,0.30000000000000004,90.0,50.0,60.0,1870,1870,0,1870,0.0,0.3504606121416116,0.5,0.7009212242832232,72,0.038502673796791446,1.0,1
"iteration_4","SCOPE_DATA_COLLECTION",300,10,670.0,730.0,1,1833,1159,426,1762,1128,460,1838,1160,420,1,2,0,5.43773790103317E-4,0.0017211703958691911,0.0,0.34913229680398244,1.0167913727557107,1.9928976355581305,0.6982645936079649,1.0167913727557107,1.3285984237054203,0.02665941240478781,0.7525862068965518,0.95,95.0,100.0,3206,198,14,3,0,0,9.357454772301934E-4,0.0,0.0,0.9500000000000001,0.30000000000000004,0.7000000000000001,0.7000000000000001,30.0,95.0,75.0,0.55,0.5,0.4,0.30000000000000004,90.0,50.0,60.0,1139,1139,0,1139,0.0,0.998990272016646,1.0,0.998990272016646,848,0.7445127304653204,1.0,1
"iteration_4","SCOPE_DATA_COLLECTION",300,10,670.0,730.0,2,1833,1159,426,1762,1128,460,1838,1160,420,1,2,0,5.43773790103317E-4,0.0017211703958691911,0.0,0.34913229680398244,1.0167913727557107,1.9928976355581305,0.6982645936079649,1.0167913727557107,1.3285984237054203,0.02665941240478781,0.7525862068965518,0.95,95.0,100.0,3206,198,14,3,0,0,9.357454772301934E-4,0.0,0.0,0.9500000000000001,0.30000000000000004,0.7000000000000001,0.7000000000000001,30.0,95.0,75.0,0.55,0.5,0.4,0.30000000000000004,90.0,50.0,60.0,466,465,1,466,0.002145922746781116,1.9591907258342964,1.5,1.3061271505561975,434,0.9333333333333333,1.0,1
"iteration_4","SCOPE_DATA_COLLECTION",300,11,730.0,790.0,0,1870,1139,466,1833,1159,426,1876,1140,461,0,0,1,0.0,0.0,0.0021645021645021645,0.3503896800204523,0.9989988183099949,1.9618758257798778,0.7007793600409046,0.9989988183099949,1.3079172171865852,0.03837953091684435,0.7456140350877193,0.9349240780911063,97.5,100.0,3224,138,113,1,0,0,3.1017369727047146E-4,0.0,0.0,0.55,0.5,0.4,0.30000000000000004,90.0,50.0,60.0,0.8,0.6000000000000001,0.4,0.7000000000000001,30.0,60.0,80.0,1872,1870,2,1872,0.0010683760683760685,0.3453670734566837,0.5,0.6907341469133674,52,0.027807486631016044,1.0,1
"iteration_4","SCOPE_DATA_COLLECTION",300,11,730.0,790.0,1,1870,1139,466,1833,1159,426,1876,1140,461,0,0,1,0.0,0.0,0.0021645021645021645,0.3503896800204523,0.9989988183099949,1.9618758257798778,0.7007793600409046,0.9989988183099949,1.3079172171865852,0.03837953091684435,0.7456140350877193,0.9349240780911063,97.5,100.0,3224,138,113,1,0,0,3.1017369727047146E-4,0.0,0.0,0.55,0.5,0.4,0.30000000000000004,90.0,50.0,60.0,0.8,0.6000000000000001,0.4,0.7000000000000001,30.0,60.0,80.0,1163,1162,1,1163,8.598452278589854E-4,0.9921967416774978,1.0,0.9921967416774978,876,0.7538726333907056,1.0,1
"iteration_4","SCOPE_DATA_COLLECTION",300,11,730.0,790.0,2,1870,1139,466,1833,1159,426,1876,1140,461,0,0,1,0.0,0.0,0.0021645021645021645,0.3503896800204523,0.9989988183099949,1.9618758257798778,0.7007793600409046,0.9989988183099949,1.3079172171865852,0.03837953091684435,0.7456140350877193,0.9349240780911063,97.5,100.0,3224,138,113,1,0,0,3.1017369727047146E-4,0.0,0.0,0.55,0.5,0.4,0.30000000000000004,90.0,50.0,60.0,0.8,0.6000000000000001,0.4,0.7000000000000001,30.0,60.0,80.0,416,416,0,416,0.0,1.9574052299680547,1.5,1.304936819978703,388,0.9326923076923077,1.0,1
"iteration_4","SCOPE_DATA_COLLECTION",300,12,790.0,850.0,0,1872,1163,416,1870,1139,466,1861,1164,426,2,1,0,0.0010735373054213634,8.583690987124463E-4,0.0,0.3452409307234979,0.9924397327778021,1.9610819877643801,0.6904818614469957,0.9924397327778021,1.30738799184292,0.027941966684578184,0.7525773195876289,0.9342723004694836,85.0,100.0,3176,223,52,3,0,0,9.445843828715365E-4,0.0,0.0,0.8,0.6000000000000001,0.4,0.7000000000000001,30.0,60.0,80.0,0.7000000000000001,0.6000000000000001,0.4,0.6000000000000001,30.0,60.0,80.0,1896,1895,1,1896,5.274261603375527E-4,0.3451425011078432,0.5,0.6902850022156864,70,0.036939313984168866,1.0,1
"iteration_4","SCOPE_DATA_COLLECTION",300,12,790.0,850.0,1,1872,1163,416,1870,1139,466,1861,1164,426,2,1,0,0.0010735373054213634,8.583690987124463E-4,0.0,0.3452409307234979,0.9924397327778021,1.9610819877643801,0.6904818614469957,0.9924397327778021,1.30738799184292,0.027941966684578184,0.7525773195876289,0.9342723004694836,85.0,100.0,3176,223,52,3,0,0,9.445843828715365E-4,0.0,0.0,0.8,0.6000000000000001,0.4,0.7000000000000001,30.0,60.0,80.0,0.7000000000000001,0.6000000000000001,0.4,0.6000000000000001,30.0,60.0,80.0,1160,1160,0,1160,0.0,0.9903012505659443,1.0,0.9903012505659443,845,0.728448275862069,1.0,1
"iteration_4","SCOPE_DATA_COLLECTION",300,12,790.0,850.0,2,1872,1163,416,1870,1139,466,1861,1164,426,2,1,0,0.0010735373054213634,8.583690987124463E-4,0.0,0.3452409307234979,0.9924397327778021,1.9610819877643801,0.6904818614469957,0.9924397327778021,1.30738799184292,0.027941966684578184,0.7525773195876289,0.9342723004694836,85.0,100.0,3176,223,52,3,0,0,9.445843828715365E-4,0.0,0.0,0.8,0.6000000000000001,0.4,0.7000000000000001,30.0,60.0,80.0,0.7000000000000001,0.6000000000000001,0.4,0.6000000000000001,30.0,60.0,80.0,491,489,2,491,0.004073319755600814,1.9149094785232157,1.5,1.276606319015477,444,0.9079754601226994,1.0,1
"iteration_4","SCOPE_DATA_COLLECTION",300,13,850.0,910.0,0,1896,1160,491,1872,1163,416,1896,1165,488,1,0,2,5.271481286241434E-4,0.0,0.004081632653061225,0.34520079338640036,0.990909391765401,1.910534022725602,0.6904015867728007,0.990909391765401,1.2736893484837346,0.03691983122362869,0.7304721030042919,0.9057377049180327,90.0,100.0,3228,220,99,3,0,0,9.293680297397769E-4,0.0,0.0,0.7000000000000001,0.6000000000000001,0.4,0.6000000000000001,30.0,60.0,80.0,0.6000000000000001,0.6000000000000001,0.30000000000000004,0.7000000000000001,20.0,60.0,80.0,1830,1829,1,1830,5.46448087431694E-4,0.3531278747135995,0.5,0.706255749427199,71,0.038819026790595956,1.0,1
"iteration_4","SCOPE_DATA_COLLECTION",300,13,850.0,910.0,1,1896,1160,491,1872,1163,416,1896,1165,488,1,0,2,5.271481286241434E-4,0.0,0.004081632653061225,0.34520079338640036,0.990909391765401,1.910534022725602,0.6904015867728007,0.990909391765401,1.2736893484837346,0.03691983122362869,0.7304721030042919,0.9057377049180327,90.0,100.0,3228,220,99,3,0,0,9.293680297397769E-4,0.0,0.0,0.7000000000000001,0.6000000000000001,0.4,0.6000000000000001,30.0,60.0,80.0,0.6000000000000001,0.6000000000000001,0.30000000000000004,0.7000000000000001,20.0,60.0,80.0,1133,1133,0,1133,0.0,1.0126256042888222,1.0,1.0126256042888222,845,0.7458075904677847,1.0,1
"iteration_4","SCOPE_DATA_COLLECTION",300,13,850.0,910.0,2,1896,1160,491,1872,1163,416,1896,1165,488,1,0,2,5.271481286241434E-4,0.0,0.004081632653061225,0.34520079338640036,0.990909391765401,1.910534022725602,0.6904015867728007,0.990909391765401,1.2736893484837346,0.03691983122362869,0.7304721030042919,0.9057377049180327,90.0,100.0,3228,220,99,3,0,0,9.293680297397769E-4,0.0,0.0,0.7000000000000001,0.6000000000000001,0.4,0.6000000000000001,30.0,60.0,80.0,0.6000000000000001,0.6000000000000001,0.30000000000000004,0.7000000000000001,20.0,60.0,80.0,471,471,0,471,0.0,1.941919998743672,1.5,1.2946133324957814,438,0.9299363057324841,1.0,1
"iteration_4","SCOPE_DATA_COLLECTION",300,14,910.0,970.0,0,1830,1133,471,1896,1160,491,1835,1122,471,1,0,0,5.446623093681918E-4,0.0,0.0,0.35305212007441034,1.0115786721822364,1.942452662311107,0.7061042401488207,1.0115786721822364,1.2949684415407379,0.038692098092643054,0.7433155080213903,0.9299363057324841,97.5,100.0,3214,127,93,1,0,0,3.1113876789047915E-4,0.0,0.0,0.6000000000000001,0.6000000000000001,0.30000000000000004,0.7000000000000001,20.0,60.0,80.0,0.5,0.5,0.2,0.8,30.0,50.0,70.0,1913,1912,1,1913,5.227391531625719E-4,0.3514690294356303,0.5,0.7029380588712606,79,0.04131799163179916,1.0,1
"iteration_4","SCOPE_DATA_COLLECTION",300,14,910.0,970.0,1,1830,1133,471,1896,1160,491,1835,1122,471,1,0,0,5.446623093681918E-4,0.0,0.0,0.35305212007441034,1.0115786721822364,1.942452662311107,0.7061042401488207,1.0115786721822364,1.2949684415407379,0.038692098092643054,0.7433155080213903,0.9299363057324841,97.5,100.0,3214,127,93,1,0,0,3.1113876789047915E-4,0.0,0.0,0.6000000000000001,0.6000000000000001,0.30000000000000004,0.7000000000000001,20.0,60.0,80.0,0.5,0.5,0.2,0.8,30.0,50.0,70.0,1160,1159,1,1160,8.620689655172414E-4,0.995672556406812,1.0,0.995672556406812,883,0.7618636755823986,1.0,1
"iteration_4","SCOPE_DATA_COLLECTION",300,14,910.0,970.0,2,1830,1133,471,1896,1160,491,1835,1122,471,1,0,0,5.446623093681918E-4,0.0,0.0,0.35305212007441034,1.0115786721822364,1.942452662311107,0.7061042401488207,1.0115786721822364,1.2949684415407379,0.038692098092643054,0.7433155080213903,0.9299363057324841,97.5,100.0,3214,127,93,1,0,0,3.1113876789047915E-4,0.0,0.0,0.6000000000000001,0.6000000000000001,0.30000000000000004,0.7000000000000001,20.0,60.0,80.0,0.5,0.5,0.2,0.8,30.0,50.0,70.0,458,457,1,458,0.002183406113537118,1.9570051516320024,1.5,1.3046701010880015,428,0.936542669584245,1.0,1
"iteration_4","SCOPE_DATA_COLLECTION",300,15,970.0,1030.0,0,1913,1160,458,1830,1133,471,1904,1156,448,1,1,1,5.249343832020997E-4,8.64304235090752E-4,0.0022271714922048997,0.3508951786248684,0.9949727681696608,1.9581575461270082,0.7017903572497368,0.9949727681696608,1.305438364084672,0.038340336134453784,0.7629757785467128,0.9375,100.0,100.0,3262,132,137,3,0,0,9.196811771919068E-4,0.0,0.0,0.5,0.5,0.2,0.8,30.0,50.0,70.0,0.5,0.4,0.1,0.8,30.0,40.0,60.0,1909,1907,2,1909,0.0010476689366160294,0.35931075037134635,0.5,0.7186215007426927,90,0.04719454640797063,1.0,1
"iteration_4","SCOPE_DATA_COLLECTION",300,15,970.0,1030.0,1,1913,1160,458,1830,1133,471,1904,1156,448,1,1,1,5.249343832020997E-4,8.64304235090752E-4,0.0022271714922048997,0.3508951786248684,0.9949727681696608,1.9581575461270082,0.7017903572497368,0.9949727681696608,1.305438364084672,0.038340336134453784,0.7629757785467128,0.9375,100.0,100.0,3262,132,137,3,0,0,9.196811771919068E-4,0.0,0.0,0.5,0.5,0.2,0.8,30.0,50.0,70.0,0.5,0.4,0.1,0.8,30.0,40.0,60.0,1157,1157,0,1157,0.0,1.0154795282591893,1.0,1.0154795282591893,867,0.749351771823682,1.0,1
"iteration_4","SCOPE_DATA_COLLECTION",300,15,970.0,1030.0,2,1913,1160,458,1830,1133,471,1904,1156,448,1,1,1,5.249343832020997E-4,8.64304235090752E-4,0.0022271714922048997,0.3508951786248684,0.9949727681696608,1.9581575461270082,0.7017903572497368,0.9949727681696608,1.305438364084672,0.038340336134453784,0.7629757785467128,0.9375,100.0,100.0,3262,132,137,3,0,0,9.196811771919068E-4,0.0,0.0,0.5,0.5,0.2,0.8,30.0,50.0,70.0,0.5,0.4,0.1,0.8,30.0,40.0,60.0,432,432,0,432,0.0,2.0044286638891937,1.5,1.336285775926129,417,0.9652777777777778,1.0,1
"iteration_4","SCOPE_DATA_COLLECTION",300,16,1030.0,1090.0,0,1909,1157,432,1913,1160,458,1915,1163,437,2,0,0,0.0010432968179447052,0.0,0.0,0.35990612453516246,1.0160207735132694,2.001390947549064,0.7198122490703249,1.0160207735132694,1.334260631699376,0.050130548302872065,0.7463456577815993,0.9633867276887872,92.5,100.0,3316,80,102,1,1,0,3.0156815440289503E-4,0.0125,0.0,0.5,0.4,0.1,0.8,30.0,40.0,60.0,0.5,0.5,0.1,0.7000000000000001,30.0,40.0,70.0,1859,1858,1,1859,5.379236148466917E-4,0.35602359178507026,0.5,0.7120471835701405,50,0.02691065662002153,1.0,1
"iteration_4","SCOPE_DATA_COLLECTION",300,16,1030.0,1090.0,1,1909,1157,432,1913,1160,458,1915,1163,437,2,0,0,0.0010432968179447052,0.0,0.0,0.35990612453516246,1.0160207735132694,2.001390947549064,0.7198122490703249,1.0160207735132694,1.334260631699376,0.050130548302872065,0.7463456577815993,0.9633867276887872,92.5,100.0,3316,80,102,1,1,0,3.0156815440289503E-4,0.0125,0.0,0.5,0.4,0.1,0.8,30.0,40.0,60.0,0.5,0.5,0.1,0.7000000000000001,30.0,40.0,70.0,1195,1194,1,1195,8.368200836820083E-4,1.0130342145447626,1.0,1.0130342145447626,884,0.7403685092127303,1.0,1
"iteration_4","SCOPE_DATA_COLLECTION",300,16,1030.0,1090.0,2,1909,1157,432,1913,1160,458,1915,1163,437,2,0,0,0.0010432968179447052,0.0,0.0,0.35990612453516246,1.0160207735132694,2.001390947549064,0.7198122490703249,1.0160207735132694,1.334260631699376,0.050130548302872065,0.7463456577815993,0.9633867276887872,92.5,100.0,3316,80,102,1,1,0,3.0156815440289503E-4,0.0125,0.0,0.5,0.4,0.1,0.8,30.0,40.0,60.0,0.5,0.5,0.1,0.7000000000000001,30.0,40.0,70.0,449,449,0,449,0.0,1.9327495468332796,1.5,1.288499697888853,413,0.9198218262806236,1.0,1
"iteration_4","SCOPE_DATA_COLLECTION",300,17,1090.0,1150.0,0,1859,1195,449,1909,1157,432,1847,1194,456,1,1,0,5.411255411255411E-4,8.368200836820083E-4,0.0,0.3559905054413304,1.0137905670684375,1.9335948607192772,0.7119810108826607,1.0137905670684375,1.2890632404795181,0.02707092582566324,0.7462311557788944,0.9210526315789473,92.5,100.0,3299,107,97,2,0,0,6.062443164595332E-4,0.0,0.0,0.5,0.5,0.1,0.7000000000000001,30.0,40.0,70.0,0.6000000000000001,0.5,0.1,0.6000000000000001,30.0,50.0,70.0,1800,1800,0,1800,0.0,0.3587234434512753,0.5,0.7174468869025507,49,0.02722222222222222,1.0,1
"iteration_4","SCOPE_DATA_COLLECTION",300,17,1090.0,1150.0,1,1859,1195,449,1909,1157,432,1847,1194,456,1,1,0,5.411255411255411E-4,8.368200836820083E-4,0.0,0.3559905054413304,1.0137905670684375,1.9335948607192772,0.7119810108826607,1.0137905670684375,1.2890632404795181,0.02707092582566324,0.7462311557788944,0.9210526315789473,92.5,100.0,3299,107,97,2,0,0,6.062443164595332E-4,0.0,0.0,0.5,0.5,0.1,0.7000000000000001,30.0,40.0,70.0,0.6000000000000001,0.5,0.1,0.6000000000000001,30.0,50.0,70.0,1144,1140,4,1144,0.0034965034965034965,1.014141185763604,1.0,1.014141185763604,845,0.7412280701754386,1.0,1
"iteration_4","SCOPE_DATA_COLLECTION",300,17,1090.0,1150.0,2,1859,1195,449,1909,1157,432,1847,1194,456,1,1,0,5.411255411255411E-4,8.368200836820083E-4,0.0,0.3559905054413304,1.0137905670684375,1.9335948607192772,0.7119810108826607,1.0137905670684375,1.2890632404795181,0.02707092582566324,0.7462311557788944,0.9210526315789473,92.5,100.0,3299,107,97,2,0,0,6.062443164595332E-4,0.0,0.0,0.5,0.5,0.1,0.7000000000000001,30.0,40.0,70.0,0.6000000000000001,0.5,0.1,0.6000000000000001,30.0,50.0,70.0,412,410,2,412,0.0048543689320388345,2.00615622556754,1.5,1.3374374837116934,395,0.9634146341463414,1.0,1
"iteration_4","SCOPE_DATA_COLLECTION",300,18,1150.0,1210.0,0,1800,1144,412,1859,1195,449,1803,1148,407,0,4,2,0.0,0.003472222222222222,0.004889975550122249,0.3584069589732791,1.0142988897974392,2.007113795930394,0.7168139179465582,1.0142988897974392,1.338075863953596,0.025513033832501388,0.7386759581881533,0.9631449631449631,80.0,100.0,3220,80,56,6,0,0,0.0018633540372670807,0.0,0.0,0.6000000000000001,0.5,0.1,0.6000000000000001,30.0,50.0,70.0,0.45,0.8,0.6000000000000001,0.30000000000000004,55.0,45.0,70.0,1807,1805,2,1807,0.0011068068622025456,0.35208143767645056,0.5,0.7041628753529011,58,0.03213296398891967,1.0,1
"iteration_4","SCOPE_DATA_COLLECTION",300,18,1150.0,1210.0,1,1800,1144,412,1859,1195,449,1803,1148,407,0,4,2,0.0,0.003472222222222222,0.004889975550122249,0.3584069589732791,1.0142988897974392,2.007113795930394,0.7168139179465582,1.0142988897974392,1.338075863953596,0.025513033832501388,0.7386759581881533,0.9631449631449631,80.0,100.0,3220,80,56,6,0,0,0.0018633540372670807,0.0,0.0,0.6000000000000001,0.5,0.1,0.6000000000000001,30.0,50.0,70.0,0.45,0.8,0.6000000000000001,0.30000000000000004,55.0,45.0,70.0,1105,1105,0,1105,0.0,1.0188261036257207,1.0,1.0188261036257207,825,0.746606334841629,1.0,1
"iteration_4","SCOPE_DATA_COLLECTION",300,18,1150.0,1210.0,2,1800,1144,412,1859,1195,449,1803,1148,407,0,4,2,0.0,0.003472222222222222,0.004889975550122249,0.3584069589732791,1.0142988897974392,2.007113795930394,0.7168139179465582,1.0142988897974392,1.338075863953596,0.025513033832501388,0.7386759581881533,0.9631449631449631,80.0,100.0,3220,80,56,6,0,0,0.0018633540372670807,0.0,0.0,0.6000000000000001,0.5,0.1,0.6000000000000001,30.0,50.0,70.0,0.45,0.8,0.6000000000000001,0.30000000000000004,55.0,45.0,70.0,410,410,0,410,0.0,1.990137436069621,1.5,1.3267582907130806,392,0.9560975609756097,1.0,1
"iteration_4","SCOPE_DATA_COLLECTION",300,19,1210.0,1270.0,0,1807,1105,410,1800,1144,412,1815,1098,413,2,0,0,0.001100715465052284,0.0,0.0,0.3525034644987501,1.0188839209289655,1.991221089727483,0.7050069289975002,1.0188839209289655,1.3274807264849886,0.03360881542699724,0.7468123861566485,0.9564164648910412,77.5,100.0,3135,88,99,2,0,0,6.379585326953748E-4,0.0,0.0,0.45,0.8,0.6000000000000001,0.30000000000000004,55.0,45.0,70.0,0.35000000000000003,0.7000000000000001,0.5,0.30000000000000004,45.0,35.0,60.0,1948,1945,3,1948,0.001540041067761807,0.34914269821742927,0.5,0.6982853964348585,85,0.043701799485861184,1.0,1
"iteration_4","SCOPE_DATA_COLLECTION",300,19,1210.0,1270.0,1,1807,1105,410,1800,1144,412,1815,1098,413,2,0,0,0.001100715465052284,0.0,0.0,0.3525034644987501,1.0188839209289655,1.991221089727483,0.7050069289975002,1.0188839209289655,1.3274807264849886,0.03360881542699724,0.7468123861566485,0.9564164648910412,77.5,100.0,3135,88,99,2,0,0,6.379585326953748E-4,0.0,0.0,0.45,0.8,0.6000000000000001,0.30000000000000004,55.0,45.0,70.0,0.35000000000000003,0.7000000000000001,0.5,0.30000000000000004,45.0,35.0,60.0,1182,1182,0,1182,0.0,0.999868102961991,1.0,0.999868102961991,862,0.7292724196277496,1.0,1
"iteration_4","SCOPE_DATA_COLLECTION",300,19,1210.0,1270.0,2,1807,1105,410,1800,1144,412,1815,1098,413,2,0,0,0.001100715465052284,0.0,0.0,0.3525034644987501,1.0188839209289655,1.991221089727483,0.7050069289975002,1.0188839209289655,1.3274807264849886,0.03360881542699724,0.7468123861566485,0.9564164648910412,77.5,100.0,3135,88,99,2,0,0,6.379585326953748E-4,0.0,0.0,0.45,0.8,0.6000000000000001,0.30000000000000004,55.0,45.0,70.0,0.35000000000000003,0.7000000000000001,0.5,0.30000000000000004,45.0,35.0,60.0,442,441,1,442,0.0022624434389140274,1.873580010010787,1.5,1.2490533400071913,391,0.8866213151927438,1.0,1
"iteration_4","SCOPE_DATA_COLLECTION",300,20,1270.0,1330.0,0,1948,1182,442,1807,1105,410,1942,1189,439,3,0,1,0.0015424164524421595,0.0,0.0022727272727272726,0.3492076663986917,0.9999765266488266,1.8731804012006872,0.6984153327973834,0.9999765266488266,1.2487869341337914,0.04376930998970134,0.7291841883936081,0.8861047835990888,70.0,100.0,3283,99,190,4,0,0,0.0012183978068839476,0.0,0.0,0.35000000000000003,0.7000000000000001,0.5,0.30000000000000004,45.0,35.0,60.0,0.35000000000000003,0.7000000000000001,0.5,0.30000000000000004,45.0,35.0,60.0,1871,1871,0,1871,0.0,0.3448875889257771,0.5,0.6897751778515542,52,0.02779262426509888,1.0,1
"iteration_4","SCOPE_DATA_COLLECTION",300,20,1270.0,1330.0,1,1948,1182,442,1807,1105,410,1942,1189,439,3,0,1,0.0015424164524421595,0.0,0.0022727272727272726,0.3492076663986917,0.9999765266488266,1.8731804012006872,0.6984153327973834,0.9999765266488266,1.2487869341337914,0.04376930998970134,0.7291841883936081,0.8861047835990888,70.0,100.0,3283,99,190,4,0,0,0.0012183978068839476,0.0,0.0,0.35000000000000003,0.7000000000000001,0.5,0.30000000000000004,45.0,35.0,60.0,0.35000000000000003,0.7000000000000001,0.5,0.30000000000000004,45.0,35.0,60.0,1121,1118,3,1121,0.0026761819803746653,1.0035918193174285,1.0,1.0035918193174285,850,0.7602862254025045,1.0,1
"iteration_4","SCOPE_DATA_COLLECTION",300,20,1270.0,1330.0,2,1948,1182,442,1807,1105,410,1942,1189,439,3,0,1,0.0015424164524421595,0.0,0.0022727272727272726,0.3492076663986917,0.9999765266488266,1.8731804012006872,0.6984153327973834,0.9999765266488266,1.2487869341337914,0.04376930998970134,0.7291841883936081,0.8861047835990888,70.0,100.0,3283,99,190,4,0,0,0.0012183978068839476,0.0,0.0,0.35000000000000003,0.7000000000000001,0.5,0.30000000000000004,45.0,35.0,60.0,0.35000000000000003,0.7000000000000001,0.5,0.30000000000000004,45.0,35.0,60.0,434,434,0,434,0.0,1.9636857515005979,1.5,1.309123834333732,409,0.9423963133640553,1.0,1
"iteration_4","SCOPE_DATA_COLLECTION",300,21,1330.0,1390.0,0,1871,1121,434,1948,1182,442,1867,1114,434,0,3,0,0.0,0.0026857654431512983,0.0,0.34479076014173554,1.0032774752438594,1.963915231314018,0.6895815202834711,1.0032774752438594,1.309276820876012,0.02785216925549009,0.7621184919210053,0.9423963133640553,82.5,100.0,3180,90,156,3,0,0,9.433962264150943E-4,0.0,0.0,0.35000000000000003,0.7000000000000001,0.5,0.30000000000000004,45.0,35.0,60.0,0.35000000000000003,0.7000000000000001,0.5,0.30000000000000004,45.0,35.0,60.0,1871,1870,1,1871,5.344735435595938E-4,0.35012849859104733,0.5,0.7002569971820947,63,0.033689839572192515,1.0,1
"iteration_4","SCOPE_DATA_COLLECTION",300,21,1330.0,1390.0,1,1871,1121,434,1948,1182,442,1867,1114,434,0,3,0,0.0,0.0026857654431512983,0.0,0.34479076014173554,1.0032774752438594,1.963915231314018,0.6895815202834711,1.0032774752438594,1.309276820876012,0.02785216925549009,0.7621184919210053,0.9423963133640553,82.5,100.0,3180,90,156,3,0,0,9.433962264150943E-4,0.0,0.0,0.35000000000000003,0.7000000000000001,0.5,0.30000000000000004,45.0,35.0,60.0,0.35000000000000003,0.7000000000000001,0.5,0.30000000000000004,45.0,35.0,60.0,1183,1181,2,1183,0.0016906170752324597,1.008112427515607,1.0,1.008112427515607,886,0.7502116850127011,1.0,1
"iteration_4","SCOPE_DATA_COLLECTION",300,21,1330.0,1390.0,2,1871,1121,434,1948,1182,442,1867,1114,434,0,3,0,0.0,0.0026857654431512983,0.0,0.34479076014173554,1.0032774752438594,1.963915231314018,0.6895815202834711,1.0032774752438594,1.309276820876012,0.02785216925549009,0.7621184919210053,0.9423963133640553,82.5,100.0,3180,90,156,3,0,0,9.433962264150943E-4,0.0,0.0,0.35000000000000003,0.7000000000000001,0.5,0.30000000000000004,45.0,35.0,60.0,0.35000000000000003,0.7000000000000001,0.5,0.30000000000000004,45.0,35.0,60.0,426,425,1,426,0.002347417840375587,1.9097169096330735,1.5,1.273144606422049,387,0.9105882352941177,1.0,1
"iteration_4","SCOPE_DATA_COLLECTION",300,22,1390.0,1450.0,0,1871,1183,426,1871,1121,434,1867,1177,422,1,2,1,5.353319057815846E-4,0.0016963528413910093,0.002364066193853428,0.350251313118234,1.0073895357269707,1.9094604217730609,0.700502626236468,1.0073895357269707,1.2729736145153738,0.033743974290305304,0.7493627867459643,0.9123222748815166,100.0,100.0,3247,89,144,4,0,0,0.0012319063751154912,0.0,0.0,0.35000000000000003,0.7000000000000001,0.5,0.30000000000000004,45.0,35.0,60.0,0.55,0.30000000000000004,0.6000000000000001,0.30000000000000004,80.0,25.0,80.0,1775,1772,3,1775,0.0016901408450704226,0.3574217938876113,0.5,0.7148435877752226,72,0.040632054176072234,1.0,1
"iteration_4","SCOPE_DATA_COLLECTION",300,22,1390.0,1450.0,1,1871,1183,426,1871,1121,434,1867,1177,422,1,2,1,5.353319057815846E-4,0.0016963528413910093,0.002364066193853428,0.350251313118234,1.0073895357269707,1.9094604217730609,0.700502626236468,1.0073895357269707,1.2729736145153738,0.033743974290305304,0.7493627867459643,0.9123222748815166,100.0,100.0,3247,89,144,4,0,0,0.0012319063751154912,0.0,0.0,0.35000000000000003,0.7000000000000001,0.5,0.30000000000000004,45.0,35.0,60.0,0.55,0.30000000000000004,0.6000000000000001,0.30000000000000004,80.0,25.0,80.0,1068,1068,0,1068,0.0,1.0411720578994959,1.0,1.0411720578994959,835,0.7818352059925093,1.0,1
"iteration_4","SCOPE_DATA_COLLECTION",300,22,1390.0,1450.0,2,1871,1183,426,1871,1121,434,1867,1177,422,1,2,1,5.353319057815846E-4,0.0016963528413910093,0.002364066193853428,0.350251313118234,1.0073895357269707,1.9094604217730609,0.700502626236468,1.0073895357269707,1.2729736145153738,0.033743974290305304,0.7493627867459643,0.9123222748815166,100.0,100.0,3247,89,144,4,0,0,0.0012319063751154912,0.0,0.0,0.35000000000000003,0.7000000000000001,0.5,0.30000000000000004,45.0,35.0,60.0,0.55,0.30000000000000004,0.6000000000000001,0.30000000000000004,80.0,25.0,80.0,438,437,1,438,0.00228310502283105,2.019031207115858,1.5,1.3460208047439053,424,0.9702517162471396,1.0,1
"iteration_4","SCOPE_DATA_COLLECTION",300,23,1450.0,1510.0,0,1775,1068,438,1871,1183,426,1774,1073,435,3,0,1,0.0016882386043894203,0.0,0.0022935779816513763,0.35696701640085243,1.0419106504586273,2.016000984607934,0.7139340328017049,1.0419106504586273,1.3440006564052893,0.040022547914317926,0.7809878844361603,0.967816091954023,87.5,100.0,3147,75,59,4,0,0,0.001271051795360661,0.0,0.0,0.55,0.30000000000000004,0.6000000000000001,0.30000000000000004,80.0,25.0,80.0,0.5,0.6000000000000001,0.6000000000000001,0.2,70.0,75.0,60.0,1844,1843,1,1844,5.422993492407809E-4,0.35260087227110193,0.5,0.7052017445422039,54,0.02930005425935974,1.0,1
"iteration_4","SCOPE_DATA_COLLECTION",300,23,1450.0,1510.0,1,1775,1068,438,1871,1183,426,1774,1073,435,3,0,1,0.0016882386043894203,0.0,0.0022935779816513763,0.35696701640085243,1.0419106504586273,2.016000984607934,0.7139340328017049,1.0419106504586273,1.3440006564052893,0.040022547914317926,0.7809878844361603,0.967816091954023,87.5,100.0,3147,75,59,4,0,0,0.001271051795360661,0.0,0.0,0.55,0.30000000000000004,0.6000000000000001,0.30000000000000004,80.0,25.0,80.0,0.5,0.6000000000000001,0.6000000000000001,0.2,70.0,75.0,60.0,1165,1161,4,1165,0.0034334763948497852,1.0039835739059202,1.0,1.0039835739059202,863,0.7433247200689062,1.0,1
"iteration_4","SCOPE_DATA_COLLECTION",300,23,1450.0,1510.0,2,1775,1068,438,1871,1183,426,1774,1073,435,3,0,1,0.0016882386043894203,0.0,0.0022935779816513763,0.35696701640085243,1.0419106504586273,2.016000984607934,0.7139340328017049,1.0419106504586273,1.3440006564052893,0.040022547914317926,0.7809878844361603,0.967816091954023,87.5,100.0,3147,75,59,4,0,0,0.001271051795360661,0.0,0.0,0.55,0.30000000000000004,0.6000000000000001,0.30000000000000004,80.0,25.0,80.0,0.5,0.6000000000000001,0.6000000000000001,0.2,70.0,75.0,60.0,428,426,2,428,0.004672897196261682,1.9514662323859437,1.5,1.3009774882572958,396,0.9295774647887324,1.0,1
"iteration_4","SCOPE_DATA_COLLECTION",300,24,1510.0,1570.0,0,1844,1165,428,1775,1068,438,1846,1158,428,1,4,2,5.414185165132648E-4,0.0034423407917383822,0.004651162790697674,0.35268841601567075,1.0034659297360864,1.9518443903208882,0.7053768320313415,1.0034659297360864,1.3012295935472589,0.028710725893824486,0.7426597582037997,0.9299065420560748,82.5,100.0,3225,102,110,7,0,0,0.0021705426356589145,0.0,0.0,0.5,0.6000000000000001,0.6000000000000001,0.2,70.0,75.0,60.0,0.4,0.6000000000000001,0.5,0.1,70.0,75.0,60.0,1824,1823,1,1824,5.482456140350877E-4,0.3436716427585356,0.5,0.6873432855170712,47,0.02578167855183763,1.0,1
"iteration_4","SCOPE_DATA_COLLECTION",300,24,1510.0,1570.0,1,1844,1165,428,1775,1068,438,1846,1158,428,1,4,2,5.414185165132648E-4,0.0034423407917383822,0.004651162790697674,0.35268841601567075,1.0034659297360864,1.9518443903208882,0.7053768320313415,1.0034659297360864,1.3012295935472589,0.028710725893824486,0.7426597582037997,0.9299065420560748,82.5,100.0,3225,102,110,7,0,0,0.0021705426356589145,0.0,0.0,0.5,0.6000000000000001,0.6000000000000001,0.2,70.0,75.0,60.0,0.4,0.6000000000000001,0.5,0.1,70.0,75.0,60.0,1177,1177,0,1177,0.0,1.0104359586085836,1.0,1.0104359586085836,885,0.7519116397621071,1.0,1
"iteration_4","SCOPE_DATA_COLLECTION",300,24,1510.0,1570.0,2,1844,1165,428,1775,1068,438,1846,1158,428,1,4,2,5.414185165132648E-4,0.0034423407917383822,0.004651162790697674,0.35268841601567075,1.0034659297360864,1.9518443903208882,0.7053768320313415,1.0034659297360864,1.3012295935472589,0.028710725893824486,0.7426597582037997,0.9299065420560748,82.5,100.0,3225,102,110,7,0,0,0.0021705426356589145,0.0,0.0,0.5,0.6000000000000001,0.6000000000000001,0.2,70.0,75.0,60.0,0.4,0.6000000000000001,0.5,0.1,70.0,75.0,60.0,455,455,0,455,0.0,1.9093760645947015,1.5,1.2729173763964676,414,0.9098901098901099,1.0,1
"iteration_4","SCOPE_DATA_COLLECTION",300,25,1570.0,1630.0,0,1824,1177,455,1844,1165,428,1827,1179,454,1,0,0,5.470459518599562E-4,0.0,0.0,0.34392655047283144,1.0107410542090034,1.9101163189152475,0.6878531009456629,1.0107410542090034,1.2734108792768317,0.02681992337164751,0.7506361323155216,0.9096916299559471,80.0,100.0,3182,124,150,1,0,0,3.1426775612822125E-4,0.0,0.0,0.4,0.6000000000000001,0.5,0.1,70.0,75.0,60.0,0.4,0.6000000000000001,0.6000000000000001,0.1,80.0,85.0,50.0,1895,1893,2,1895,0.0010554089709762533,0.35015978821696353,0.5,0.7003195764339271,54,0.028526148969889066,1.0,1
"iteration_4","SCOPE_DATA_COLLECTION",300,25,1570.0,1630.0,1,1824,1177,455,1844,1165,428,1827,1179,454,1,0,0,5.470459518599562E-4,0.0,0.0,0.34392655047283144,1.0107410542090034,1.9101163189152475,0.6878531009456629,1.0107410542090034,1.2734108792768317,0.02681992337164751,0.7506361323155216,0.9096916299559471,80.0,100.0,3182,124,150,1,0,0,3.1426775612822125E-4,0.0,0.0,0.4,0.6000000000000001,0.5,0.1,70.0,75.0,60.0,0.4,0.6000000000000001,0.6000000000000001,0.1,80.0,85.0,50.0,1088,1085,3,1088,0.0027573529411764708,1.0278511748759607,1.0,1.0278511748759607,830,0.7649769585253456,1.0,1
"iteration_4","SCOPE_DATA_COLLECTION",300,25,1570.0,1630.0,2,1824,1177,455,1844,1165,428,1827,1179,454,1,0,0,5.470459518599562E-4,0.0,0.0,0.34392655047283144,1.0107410542090034,1.9101163189152475,0.6878531009456629,1.0107410542090034,1.2734108792768317,0.02681992337164751,0.7506361323155216,0.9096916299559471,80.0,100.0,3182,124,150,1,0,0,3.1426775612822125E-4,0.0,0.0,0.4,0.6000000000000001,0.5,0.1,70.0,75.0,60.0,0.4,0.6000000000000001,0.6000000000000001,0.1,80.0,85.0,50.0,439,439,0,439,0.0,1.9675329499809326,1.5,1.3116886333206217,411,0.9362186788154897,1.0,1
"iteration_4","SCOPE_DATA_COLLECTION",300,26,1630.0,1690.0,0,1895,1088,439,1824,1177,455,1888,1081,444,2,3,0,0.0010582010582010583,0.0027675276752767526,0.0,0.3500182395150054,1.027559465304387,1.968035774778715,0.7000364790300108,1.027559465304387,1.3120238498524766,0.028072033898305086,0.7641073080481036,0.9369369369369369,82.5,100.0,3223,77,122,5,0,0,0.0015513496742165685,0.0,0.0,0.4,0.6000000000000001,0.6000000000000001,0.1,80.0,85.0,50.0,0.45,0.9,0.8,0.8,40.0,35.0,70.0,1852,1851,1,1852,5.399568034557236E-4,0.3478407151418902,0.5,0.6956814302837804,54,0.029173419773095625,1.0,1
"iteration_4","SCOPE_DATA_COLLECTION",300,26,1630.0,1690.0,1,1895,1088,439,1824,1177,455,1888,1081,444,2,3,0,0.0010582010582010583,0.0027675276752767526,0.0,0.3500182395150054,1.027559465304387,1.968035774778715,0.7000364790300108,1.027559465304387,1.3120238498524766,0.028072033898305086,0.7641073080481036,0.9369369369369369,82.5,100.0,3223,77,122,5,0,0,0.0015513496742165685,0.0,0.0,0.4,0.6000000000000001,0.6000000000000001,0.1,80.0,85.0,50.0,0.45,0.9,0.8,0.8,40.0,35.0,70.0,1137,1135,2,1137,0.001759014951627089,1.0249415607586607,1.0,1.0249415607586607,857,0.7550660792951542,1.0,1
"iteration_4","SCOPE_DATA_COLLECTION",300,26,1630.0,1690.0,2,1895,1088,439,1824,1177,455,1888,1081,444,2,3,0,0.0010582010582010583,0.0027675276752767526,0.0,0.3500182395150054,1.027559465304387,1.968035774778715,0.7000364790300108,1.027559465304387,1.3120238498524766,0.028072033898305086,0.7641073080481036,0.9369369369369369,82.5,100.0,3223,77,122,5,0,0,0.0015513496742165685,0.0,0.0,0.4,0.6000000000000001,0.6000000000000001,0.1,80.0,85.0,50.0,0.45,0.9,0.8,0.8,40.0,35.0,70.0,417,417,0,417,0.0,1.9863181833932138,1.5,1.3242121222621426,392,0.9400479616306955,1.0,1
"iteration_4","SCOPE_DATA_COLLECTION",300,27,1690.0,1750.0,0,1852,1137,417,1895,1088,439,1844,1134,416,1,2,0,5.420054200542005E-4,0.0017605633802816902,0.0,0.34741305554124713,1.0241552756658971,1.9843069356769678,0.6948261110824943,1.0241552756658971,1.3228712904513118,0.027657266811279828,0.7548500881834215,0.9399038461538461,97.5,100.0,3193,96,117,3,0,0,9.395552771688068E-4,0.0,0.0,0.45,0.9,0.8,0.8,40.0,35.0,70.0,0.75,0.5,0.9,0.7000000000000001,25.0,45.0,45.0,1883,1881,2,1883,0.0010621348911311736,0.347405934834878,0.5,0.694811869669756,85,0.045188729399255716,1.0,1
"iteration_4","SCOPE_DATA_COLLECTION",300,27,1690.0,1750.0,1,1852,1137,417,1895,1088,439,1844,1134,416,1,2,0,5.420054200542005E-4,0.0017605633802816902,0.0,0.34741305554124713,1.0241552756658971,1.9843069356769678,0.6948261110824943,1.0241552756658971,1.3228712904513118,0.027657266811279828,0.7548500881834215,0.9399038461538461,97.5,100.0,3193,96,117,3,0,0,9.395552771688068E-4,0.0,0.0,0.45,0.9,0.8,0.8,40.0,35.0,70.0,0.75,0.5,0.9,0.7000000000000001,25.0,45.0,45.0,1221,1220,1,1221,8.19000819000819E-4,0.9900258498827347,1.0,0.9900258498827347,899,0.7368852459016394,1.0,1
"iteration_4","SCOPE_DATA_COLLECTION",300,27,1690.0,1750.0,2,1852,1137,417,1895,1088,439,1844,1134,416,1,2,0,5.420054200542005E-4,0.0017605633802816902,0.0,0.34741305554124713,1.0241552756658971,1.9843069356769678,0.6948261110824943,1.0241552756658971,1.3228712904513118,0.027657266811279828,0.7548500881834215,0.9399038461538461,97.5,100.0,3193,96,117,3,0,0,9.395552771688068E-4,0.0,0.0,0.45,0.9,0.8,0.8,40.0,35.0,70.0,0.75,0.5,0.9,0.7000000000000001,25.0,45.0,45.0,473,472,1,473,0.0021141649048625794,1.8885465996482964,1.5,1.2590310664321975,424,0.8983050847457628,1.0,1
"iteration_4","SCOPE_DATA_COLLECTION",300,28,1750.0,1810.0,0,1883,1221,473,1852,1137,417,1883,1228,466,2,1,1,0.0010610079575596816,8.136696501220504E-4,0.0021413276231263384,0.3475221090211096,0.9913250991841285,1.8858058862916423,0.6950442180422192,0.9913250991841285,1.2572039241944282,0.04567180031864047,0.738599348534202,0.8969957081545065,90.0,100.0,3248,243,86,4,0,0,0.0012315270935960591,0.0,0.0,0.75,0.5,0.9,0.7000000000000001,25.0,45.0,45.0,0.05,0.9,0.2,0.1,40.0,60.0,75.0,1853,1852,1,1853,5.396654074473826E-4,0.3513408719066788,0.5,0.7026817438133576,96,0.05183585313174946,1.0,1
"iteration_4","SCOPE_DATA_COLLECTION",300,28,1750.0,1810.0,1,1883,1221,473,1852,1137,417,1883,1228,466,2,1,1,0.0010610079575596816,8.136696501220504E-4,0.0021413276231263384,0.3475221090211096,0.9913250991841285,1.8858058862916423,0.6950442180422192,0.9913250991841285,1.2572039241944282,0.04567180031864047,0.738599348534202,0.8969957081545065,90.0,100.0,3248,243,86,4,0,0,0.0012315270935960591,0.0,0.0,0.75,0.5,0.9,0.7000000000000001,25.0,45.0,45.0,0.05,0.9,0.2,0.1,40.0,60.0,75.0,1159,1159,0,1159,0.0,0.9968035128602462,1.0,0.9968035128602462,872,0.7523727351164797,1.0,1
"iteration_4","SCOPE_DATA_COLLECTION",300,28,1750.0,1810.0,2,1883,1221,473,1852,1137,417,1883,1228,466,2,1,1,0.0010610079575596816,8.136696501220504E-4,0.0021413276231263384,0.3475221090211096,0.9913250991841285,1.8858058862916423,0.6950442180422192,0.9913250991841285,1.2572039241944282,0.04567180031864047,0.738599348534202,0.8969957081545065,90.0,100.0,3248,243,86,4,0,0,0.0012315270935960591,0.0,0.0,0.75,0.5,0.9,0.7000000000000001,25.0,45.0,45.0,0.05,0.9,0.2,0.1,40.0,60.0,75.0,466,466,0,466,0.0,1.9243254131917367,1.5,1.282883608794491,429,0.9206008583690987,1.0,1
"iteration_4","SCOPE_DATA_COLLECTION",300,29,1810.0,1870.0,0,1853,1159,466,1883,1221,473,1864,1156,467,1,0,0,5.361930294906167E-4,0.0,0.0,0.3518084309209294,0.9966052950581201,1.9344041104437166,0.7036168618418588,0.9966052950581201,1.289602740295811,0.053111587982832616,0.7525951557093425,0.9250535331905781,77.5,100.0,3202,7,269,1,0,0,3.123048094940662E-4,0.0,0.0,0.05,0.9,0.2,0.1,40.0,60.0,75.0,0.05,0.9,0.1,0.1,30.0,70.0,65.0,1898,1896,2,1898,0.001053740779768177,0.3515694663703662,0.5,0.7031389327407324,68,0.035864978902953586,1.0,1
"iteration_4","SCOPE_DATA_COLLECTION",300,29,1810.0,1870.0,1,1853,1159,466,1883,1221,473,1864,1156,467,1,0,0,5.361930294906167E-4,0.0,0.0,0.3518084309209294,0.9966052950581201,1.9344041104437166,0.7036168618418588,0.9966052950581201,1.289602740295811,0.053111587982832616,0.7525951557093425,0.9250535331905781,77.5,100.0,3202,7,269,1,0,0,3.123048094940662E-4,0.0,0.0,0.05,0.9,0.2,0.1,40.0,60.0,75.0,0.05,0.9,0.1,0.1,30.0,70.0,65.0,1144,1142,2,1144,0.0017482517482517483,1.0192066940798188,1.0,1.0192066940798188,874,0.7653239929947461,1.0,1
"iteration_4","SCOPE_DATA_COLLECTION",300,29,1810.0,1870.0,2,1853,1159,466,1883,1221,473,1864,1156,467,1,0,0,5.361930294906167E-4,0.0,0.0,0.3518084309209294,0.9966052950581201,1.9344041104437166,0.7036168618418588,0.9966052950581201,1.289602740295811,0.053111587982832616,0.7525951557093425,0.9250535331905781,77.5,100.0,3202,7,269,1,0,0,3.123048094940662E-4,0.0,0.0,0.05,0.9,0.2,0.1,40.0,60.0,75.0,0.05,0.9,0.1,0.1,30.0,70.0,65.0,466,466,0,466,0.0,1.992013149270707,1.5,1.3280087661804714,445,0.9549356223175965,1.0,1
"iteration_4","SCOPE_DATA_COLLECTION",300,30,1870.0,1930.0,0,1898,1144,466,1853,1159,466,1887,1143,467,2,2,0,0.0010587612493382743,0.0017467248908296944,0.0,0.3514884915866287,1.0194095102613967,1.9822944650623022,0.7029769831732574,1.0194095102613967,1.3215296433748682,0.036036036036036036,0.7681539807524059,0.9507494646680942,87.5,100.0,3312,9,187,4,0,0,0.0012077294685990338,0.0,0.0,0.05,0.9,0.1,0.1,30.0,70.0,65.0,0.05,0.8,0.2,0.1,30.0,80.0,65.0,1877,1877,0,1877,0.0,0.34678552770792154,0.5,0.6935710554158431,65,0.03462972828982419,1.0,1
"iteration_4","SCOPE_DATA_COLLECTION",300,30,1870.0,1930.0,1,1898,1144,466,1853,1159,466,1887,1143,467,2,2,0,0.0010587612493382743,0.0017467248908296944,0.0,0.3514884915866287,1.0194095102613967,1.9822944650623022,0.7029769831732574,1.0194095102613967,1.3215296433748682,0.036036036036036036,0.7681539807524059,0.9507494646680942,87.5,100.0,3312,9,187,4,0,0,0.0012077294685990338,0.0,0.0,0.05,0.9,0.1,0.1,30.0,70.0,65.0,0.05,0.8,0.2,0.1,30.0,80.0,65.0,1142,1141,1,1142,8.756567425569177E-4,1.002354295194184,1.0,1.002354295194184,827,0.7248028045574058,1.0,1
"iteration_4","SCOPE_DATA_COLLECTION",300,30,1870.0,1930.0,2,1898,1144,466,1853,1159,466,1887,1143,467,2,2,0,0.0010587612493382743,0.0017467248908296944,0.0,0.3514884915866287,1.0194095102613967,1.9822944650623022,0.7029769831732574,1.0194095102613967,1.3215296433748682,0.036036036036036036,0.7681539807524059,0.9507494646680942,87.5,100.0,3312,9,187,4,0,0,0.0012077294685990338,0.0,0.0,0.05,0.9,0.1,0.1,30.0,70.0,65.0,0.05,0.8,0.2,0.1,30.0,80.0,65.0,431,431,0,431,0.0,1.9553992073000965,1.5,1.3035994715333976,404,0.9373549883990719,1.0,1
"iteration_4","SCOPE_DATA_COLLECTION",300,31,1930.0,1990.0,0,1877,1142,431,1898,1144,466,1882,1129,435,0,1,0,0.0,8.849557522123894E-4,0.0,0.34692355515294543,1.001755276084792,1.9583815195407812,0.6938471103058909,1.001755276084792,1.3055876796938541,0.03453772582359192,0.7209920283436669,0.9379310344827586,90.0,100.0,3215,18,217,1,0,0,3.1104199066874026E-4,0.0,0.0,0.05,0.8,0.2,0.1,30.0,80.0,65.0,0.8,0.1,0.6000000000000001,0.30000000000000004,70.0,40.0,85.0,1894,1893,1,1894,5.279831045406547E-4,0.35749744729401434,0.5,0.7149948945880287,52,0.02746962493396725,1.0,1
"iteration_4","SCOPE_DATA_COLLECTION",300,31,1930.0,1990.0,1,1877,1142,431,1898,1144,466,1882,1129,435,0,1,0,0.0,8.849557522123894E-4,0.0,0.34692355515294543,1.001755276084792,1.9583815195407812,0.6938471103058909,1.001755276084792,1.3055876796938541,0.03453772582359192,0.7209920283436669,0.9379310344827586,90.0,100.0,3215,18,217,1,0,0,3.1104199066874026E-4,0.0,0.0,0.05,0.8,0.2,0.1,30.0,80.0,65.0,0.8,0.1,0.6000000000000001,0.30000000000000004,70.0,40.0,85.0,1202,1202,0,1202,0.0,1.0216799464073893,1.0,1.0216799464073893,900,0.7487520798668885,1.0,1
"iteration_4","SCOPE_DATA_COLLECTION",300,31,1930.0,1990.0,2,1877,1142,431,1898,1144,466,1882,1129,435,0,1,0,0.0,8.849557522123894E-4,0.0,0.34692355515294543,1.001755276084792,1.9583815195407812,0.6938471103058909,1.001755276084792,1.3055876796938541,0.03453772582359192,0.7209920283436669,0.9379310344827586,90.0,100.0,3215,18,217,1,0,0,3.1104199066874026E-4,0.0,0.0,0.05,0.8,0.2,0.1,30.0,80.0,65.0,0.8,0.1,0.6000000000000001,0.30000000000000004,70.0,40.0,85.0,385,385,0,385,0.0,1.9722406217379373,1.5,1.314827081158625,366,0.9506493506493506,1.0,1
"iteration_4","SCOPE_DATA_COLLECTION",300,32,1990.0,2050.0,0,1894,1202,385,1877,1142,431,1884,1211,386,1,0,0,5.305039787798408E-4,0.0,0.0,0.3574751863347852,1.0222146639786245,1.9724844631709015,0.7149503726695704,1.0222146639786245,1.3149896421139344,0.027600849256900213,0.7522708505367465,0.9507772020725389,95.0,100.0,3312,134,35,1,0,0,3.0193236714975844E-4,0.0,0.0,0.8,0.1,0.6000000000000001,0.30000000000000004,70.0,40.0,85.0,0.8,0.1,0.6000000000000001,0.30000000000000004,70.0,40.0,85.0,1820,1818,2,1820,0.001098901098901099,0.3593938391497476,0.5,0.7187876782994952,60,0.033003300330033,1.0,1
"iteration_4","SCOPE_DATA_COLLECTION",300,32,1990.0,2050.0,1,1894,1202,385,1877,1142,431,1884,1211,386,1,0,0,5.305039787798408E-4,0.0,0.0,0.3574751863347852,1.0222146639786245,1.9724844631709015,0.7149503726695704,1.0222146639786245,1.3149896421139344,0.027600849256900213,0.7522708505367465,0.9507772020725389,95.0,100.0,3312,134,35,1,0,0,3.0193236714975844E-4,0.0,0.0,0.8,0.1,0.6000000000000001,0.30000000000000004,70.0,40.0,85.0,0.8,0.1,0.6000000000000001,0.30000000000000004,70.0,40.0,85.0,1160,1159,1,1160,8.620689655172414E-4,1.021970107560499,1.0,1.021970107560499,886,0.7644521138912856,1.0,1
"iteration_4","SCOPE_DATA_COLLECTION",300,32,1990.0,2050.0,2,1894,1202,385,1877,1142,431,1884,1211,386,1,0,0,5.305039787798408E-4,0.0,0.0,0.3574751863347852,1.0222146639786245,1.9724844631709015,0.7149503726695704,1.0222146639786245,1.3149896421139344,0.027600849256900213,0.7522708505367465,0.9507772020725389,95.0,100.0,3312,134,35,1,0,0,3.0193236714975844E-4,0.0,0.0,0.8,0.1,0.6000000000000001,0.30000000000000004,70.0,40.0,85.0,0.8,0.1,0.6000000000000001,0.30000000000000004,70.0,40.0,85.0,420,420,0,420,0.0,1.9943064472201724,1.5,1.3295376314801148,402,0.9571428571428572,1.0,1
"iteration_4","SCOPE_DATA_COLLECTION",300,33,2050.0,2110.0,0,1820,1160,420,1894,1202,385,1815,1159,410,2,1,0,0.001100715465052284,8.620689655172414E-4,0.0,0.35981312920066044,1.0233536133051797,1.9930955200505096,0.7196262584013209,1.0233536133051797,1.3287303467003397,0.03305785123966942,0.7644521138912856,0.9560975609756097,100.0,100.0,3229,128,43,3,0,0,9.290802105915144E-4,0.0,0.0,0.8,0.1,0.6000000000000001,0.30000000000000004,70.0,40.0,85.0,0.15000000000000002,0.9,0.30000000000000004,0.9,25.0,25.0,80.0,1917,1915,2,1917,0.0010432968179447052,0.3408413395267616,0.5,0.6816826790535232,55,0.028720626631853787,1.0,1
"iteration_4","SCOPE_DATA_COLLECTION",300,33,2050.0,2110.0,1,1820,1160,420,1894,1202,385,1815,1159,410,2,1,0,0.001100715465052284,8.620689655172414E-4,0.0,0.35981312920066044,1.0233536133051797,1.9930955200505096,0.7196262584013209,1.0233536133051797,1.3287303467003397,0.03305785123966942,0.7644521138912856,0.9560975609756097,100.0,100.0,3229,128,43,3,0,0,9.290802105915144E-4,0.0,0.0,0.8,0.1,0.6000000000000001,0.30000000000000004,70.0,40.0,85.0,0.15000000000000002,0.9,0.30000000000000004,0.9,25.0,25.0,80.0,1104,1103,1,1104,9.057971014492754E-4,1.0195482826690798,1.0,1.0195482826690798,844,0.7651858567543064,1.0,1
"iteration_4","SCOPE_DATA_COLLECTION",300,33,2050.0,2110.0,2,1820,1160,420,1894,1202,385,1815,1159,410,2,1,0,0.001100715465052284,8.620689655172414E-4,0.0,0.35981312920066044,1.0233536133051797,1.9930955200505096,0.7196262584013209,1.0233536133051797,1.3287303467003397,0.03305785123966942,0.7644521138912856,0.9560975609756097,100.0,100.0,3229,128,43,3,0,0,9.290802105915144E-4,0.0,0.0,0.8,0.1,0.6000000000000001,0.30000000000000004,70.0,40.0,85.0,0.15000000000000002,0.9,0.30000000000000004,0.9,25.0,25.0,80.0,469,469,0,469,0.0,1.8982272146513415,1.5,1.265484809767561,423,0.9019189765458422,1.0,1
"iteration_4","SCOPE_DATA_COLLECTION",300,34,2110.0,2170.0,0,1917,1104,469,1820,1160,420,1924,1108,475,2,1,0,0.0010384215991692627,9.017132551848512E-4,0.0,0.3404108821063575,1.01746260569767,1.8981173682553665,0.680821764212715,1.01746260569767,1.265411578836911,0.028586278586278588,0.7635379061371841,0.9031578947368422,82.5,100.0,3214,45,231,3,0,0,9.334163036714375E-4,0.0,0.0,0.15000000000000002,0.9,0.30000000000000004,0.9,25.0,25.0,80.0,0.45,0.30000000000000004,0.1,0.30000000000000004,25.0,45.0,20.0,1863,1860,3,1863,0.001610305958132045,0.36176135449338986,0.5,0.7235227089867797,86,0.046236559139784944,1.0,1
"iteration_4","SCOPE_DATA_COLLECTION",300,34,2110.0,2170.0,1,1917,1104,469,1820,1160,420,1924,1108,475,2,1,0,0.0010384215991692627,9.017132551848512E-4,0.0,0.3404108821063575,1.01746260569767,1.8981173682553665,0.680821764212715,1.01746260569767,1.265411578836911,0.028586278586278588,0.7635379061371841,0.9031578947368422,82.5,100.0,3214,45,231,3,0,0,9.334163036714375E-4,0.0,0.0,0.15000000000000002,0.9,0.30000000000000004,0.9,25.0,25.0,80.0,0.45,0.30000000000000004,0.1,0.30000000000000004,25.0,45.0,20.0,1214,1212,2,1214,0.0016474464579901153,1.022968076889981,1.0,1.022968076889981,927,0.7648514851485149,1.0,1
"iteration_4","SCOPE_DATA_COLLECTION",300,34,2110.0,2170.0,2,1917,1104,469,1820,1160,420,1924,1108,475,2,1,0,0.0010384215991692627,9.017132551848512E-4,0.0,0.3404108821063575,1.01746260569767,1.8981173682553665,0.680821764212715,1.01746260569767,1.265411578836911,0.028586278586278588,0.7635379061371841,0.9031578947368422,82.5,100.0,3214,45,231,3,0,0,9.334163036714375E-4,0.0,0.0,0.15000000000000002,0.9,0.30000000000000004,0.9,25.0,25.0,80.0,0.45,0.30000000000000004,0.1,0.30000000000000004,25.0,45.0,20.0,444,444,0,444,0.0,1.999965244562888,1.5,1.3333101630419253,427,0.9617117117117117,1.0,1
"iteration_4","SCOPE_DATA_COLLECTION",300,35,2170.0,2230.0,0,1863,1214,444,1917,1104,469,1864,1203,446,3,1,0,0.0016068559185859668,8.305647840531562E-4,0.0,0.36182268954703595,1.023035730621048,2.001192314121572,0.7236453790940719,1.023035730621048,1.3341282094143814,0.046137339055793994,0.7647547797173733,0.9618834080717489,90.0,100.0,3331,79,111,4,0,0,0.0012008405884118883,0.0,0.0,0.45,0.30000000000000004,0.1,0.30000000000000004,25.0,45.0,20.0,0.45,0.2,0.2,0.30000000000000004,20.0,35.0,30.0,1906,1905,1,1906,5.246589716684155E-4,0.3626352177989324,0.5,0.7252704355978647,106,0.05564304461942257,1.0,1
"iteration_4","SCOPE_DATA_COLLECTION",300,35,2170.0,2230.0,1,1863,1214,444,1917,1104,469,1864,1203,446,3,1,0,0.0016068559185859668,8.305647840531562E-4,0.0,0.36182268954703595,1.023035730621048,2.001192314121572,0.7236453790940719,1.023035730621048,1.3341282094143814,0.046137339055793994,0.7647547797173733,0.9618834080717489,90.0,100.0,3331,79,111,4,0,0,0.0012008405884118883,0.0,0.0,0.45,0.30000000000000004,0.1,0.30000000000000004,25.0,45.0,20.0,0.45,0.2,0.2,0.30000000000000004,20.0,35.0,30.0,1168,1168,0,1168,0.0,1.022632844118611,1.0,1.022632844118611,912,0.7808219178082192,1.0,1
"iteration_4","SCOPE_DATA_COLLECTION",300,35,2170.0,2230.0,2,1863,1214,444,1917,1104,469,1864,1203,446,3,1,0,0.0016068559185859668,8.305647840531562E-4,0.0,0.36182268954703595,1.023035730621048,2.001192314121572,0.7236453790940719,1.023035730621048,1.3341282094143814,0.046137339055793994,0.7647547797173733,0.9618834080717489,90.0,100.0,3331,79,111,4,0,0,0.0012008405884118883,0.0,0.0,0.45,0.30000000000000004,0.1,0.30000000000000004,25.0,45.0,20.0,0.45,0.2,0.2,0.30000000000000004,20.0,35.0,30.0,444,444,0,444,0.0,1.969125172793542,1.5,1.3127501151956946,420,0.9459459459459459,1.0,1
"iteration_4","SCOPE_DATA_COLLECTION",300,36,2230.0,2290.0,0,1906,1168,444,1863,1214,444,1902,1173,438,1,1,0,5.254860746190226E-4,8.517887563884157E-4,0.0,0.362589421627157,1.021903226420856,1.9758600867962512,0.725178843254314,1.021903226420856,1.3172400578641674,0.055205047318611984,0.7783461210571185,0.9497716894977168,90.0,100.0,3316,94,108,2,0,0,6.031363088057901E-4,0.0,0.0,0.45,0.2,0.2,0.30000000000000004,20.0,35.0,30.0,0.45,0.2,0.2,0.30000000000000004,20.0,35.0,30.0,1817,1816,1,1817,5.50357732526142E-4,0.37149103209677775,0.5,0.7429820641935555,107,0.05892070484581498,1.0,1
"iteration_4","SCOPE_DATA_COLLECTION",300,36,2230.0,2290.0,1,1906,1168,444,1863,1214,444,1902,1173,438,1,1,0,5.254860746190226E-4,8.517887563884157E-4,0.0,0.362589421627157,1.021903226420856,1.9758600867962512,0.725178843254314,1.021903226420856,1.3172400578641674,0.055205047318611984,0.7783461210571185,0.9497716894977168,90.0,100.0,3316,94,108,2,0,0,6.031363088057901E-4,0.0,0.0,0.45,0.2,0.2,0.30000000000000004,20.0,35.0,30.0,0.45,0.2,0.2,0.30000000000000004,20.0,35.0,30.0,1180,1179,1,1180,8.47457627118644E-4,1.0468392748201838,1.0,1.0468392748201838,934,0.7921967769296013,1.0,1
"iteration_4","SCOPE_DATA_COLLECTION",300,36,2230.0,2290.0,2,1906,1168,444,1863,1214,444,1902,1173,438,1,1,0,5.254860746190226E-4,8.517887563884157E-4,0.0,0.362589421627157,1.021903226420856,1.9758600867962512,0.725178843254314,1.021903226420856,1.3172400578641674,0.055205047318611984,0.7783461210571185,0.9497716894977168,90.0,100.0,3316,94,108,2,0,0,6.031363088057901E-4,0.0,0.0,0.45,0.2,0.2,0.30000000000000004,20.0,35.0,30.0,0.45,0.2,0.2,0.30000000000000004,20.0,35.0,30.0,408,405,3,408,0.007352941176470588,2.0223878685142873,1.5,1.348258579009525,392,0.9679012345679012,1.0,1
"iteration_4","SCOPE_DATA_COLLECTION",300,37,2290.0,2350.0,0,1817,1180,408,1906,1168,444,1817,1187,412,1,1,3,5.5005500550055E-4,8.417508417508417E-4,0.007228915662650603,0.371443605121672,1.0480701569579807,2.0173762322549873,0.742887210243344,1.0480701569579807,1.3449174881699915,0.05943863511282334,0.7952822240943556,0.9635922330097088,72.5,100.0,3294,55,56,5,0,0,0.0015179113539769277,0.0,0.0,0.45,0.2,0.2,0.30000000000000004,20.0,35.0,30.0,0.35000000000000003,0.2,0.30000000000000004,0.2,30.0,35.0,40.0,1760,1760,0,1760,0.0,0.36824380729043316,0.5,0.7364876145808663,122,0.06931818181818182,1.0,1
"iteration_4","SCOPE_DATA_COLLECTION",300,37,2290.0,2350.0,1,1817,1180,408,1906,1168,444,1817,1187,412,1,1,3,5.5005500550055E-4,8.417508417508417E-4,0.007228915662650603,0.371443605121672,1.0480701569579807,2.0173762322549873,0.742887210243344,1.0480701569579807,1.3449174881699915,0.05943863511282334,0.7952822240943556,0.9635922330097088,72.5,100.0,3294,55,56,5,0,0,0.0015179113539769277,0.0,0.0,0.45,0.2,0.2,0.30000000000000004,20.0,35.0,30.0,0.35000000000000003,0.2,0.30000000000000004,0.2,30.0,35.0,40.0,1155,1154,1,1155,8.658008658008658E-4,1.025693619971048,1.0,1.025693619971048,895,0.7755632582322357,1.0,1
"iteration_4","SCOPE_DATA_COLLECTION",300,37,2290.0,2350.0,2,1817,1180,408,1906,1168,444,1817,1187,412,1,1,3,5.5005500550055E-4,8.417508417508417E-4,0.007228915662650603,0.371443605121672,1.0480701569579807,2.0173762322549873,0.742887210243344,1.0480701569579807,1.3449174881699915,0.05943863511282334,0.7952822240943556,0.9635922330097088,72.5,100.0,3294,55,56,5,0,0,0.0015179113539769277,0.0,0.0,0.45,0.2,0.2,0.30000000000000004,20.0,35.0,30.0,0.35000000000000003,0.2,0.30000000000000004,0.2,30.0,35.0,40.0,471,471,0,471,0.0,1.9781447457921062,1.5,1.3187631638614041,443,0.940552016985138,1.0,1
"iteration_4","SCOPE_DATA_COLLECTION",300,38,2350.0,2410.0,0,1760,1155,471,1817,1180,408,1757,1141,473,0,1,0,0.0,8.756567425569177E-4,0.0,0.36817063212089285,1.0243154061400261,1.9756745616307527,0.7363412642417857,1.0243154061400261,1.317116374420502,0.0688673875924872,0.7703768624014022,0.9408033826638478,87.5,100.0,3203,66,117,1,0,0,3.1220730565095225E-4,0.0,0.0,0.35000000000000003,0.2,0.30000000000000004,0.2,30.0,35.0,40.0,0.35000000000000003,0.2,0.2,0.2,20.0,45.0,30.0,1823,1823,0,1823,0.0,0.3742477591813445,0.5,0.748495518362689,133,0.07295666483817882,1.0,1
"iteration_4","SCOPE_DATA_COLLECTION",300,38,2350.0,2410.0,1,1760,1155,471,1817,1180,408,1757,1141,473,0,1,0,0.0,8.756567425569177E-4,0.0,0.36817063212089285,1.0243154061400261,1.9756745616307527,0.7363412642417857,1.0243154061400261,1.317116374420502,0.0688673875924872,0.7703768624014022,0.9408033826638478,87.5,100.0,3203,66,117,1,0,0,3.1220730565095225E-4,0.0,0.0,0.35000000000000003,0.2,0.30000000000000004,0.2,30.0,35.0,40.0,0.35000000000000003,0.2,0.2,0.2,20.0,45.0,30.0,1107,1107,0,1107,0.0,1.040340362418903,1.0,1.040340362418903,869,0.7850045167118338,1.0,1
"iteration_4","SCOPE_DATA_COLLECTION",300,38,2350.0,2410.0,2,1760,1155,471,1817,1180,408,1757,1141,473,0,1,0,0.0,8.756567425569177E-4,0.0,0.36817063212089285,1.0243154061400261,1.9756745616307527,0.7363412642417857,1.0243154061400261,1.317116374420502,0.0688673875924872,0.7703768624014022,0.9408033826638478,87.5,100.0,3203,66,117,1,0,0,3.1220730565095225E-4,0.0,0.0,0.35000000000000003,0.2,0.30000000000000004,0.2,30.0,35.0,40.0,0.35000000000000003,0.2,0.2,0.2,20.0,45.0,30.0,446,445,1,446,0.002242152466367713,1.9908291487933536,1.5,1.3272194325289024,426,0.9573033707865168,1.0,1
"iteration_4","SCOPE_DATA_COLLECTION",300,39,2410.0,2470.0,0,1823,1107,446,1760,1155,471,1822,1111,447,0,0,1,0.0,0.0,0.002232142857142857,0.3740219219817305,1.0415715260786116,1.9935418793609976,0.748043843963461,1.0415715260786116,1.3290279195739985,0.07244785949506037,0.7920792079207921,0.9574944071588367,77.5,100.0,3250,30,96,1,0,0,3.076923076923077E-4,0.0,0.0,0.35000000000000003,0.2,0.2,0.2,20.0,45.0,30.0,0.05,0.9,0.1,0.5,35.0,90.0,85.0,1763,1763,0,1763,0.0,0.34958301727391083,0.5,0.6991660345478217,41,0.023255813953488372,1.0,1
"iteration_4","SCOPE_DATA_COLLECTION",300,39,2410.0,2470.0,1,1823,1107,446,1760,1155,471,1822,1111,447,0,0,1,0.0,0.0,0.002232142857142857,0.3740219219817305,1.0415715260786116,1.9935418793609976,0.748043843963461,1.0415715260786116,1.3290279195739985,0.07244785949506037,0.7920792079207921,0.9574944071588367,77.5,100.0,3250,30,96,1,0,0,3.076923076923077E-4,0.0,0.0,0.35000000000000003,0.2,0.2,0.2,20.0,45.0,30.0,0.05,0.9,0.1,0.5,35.0,90.0,85.0,1138,1138,0,1138,0.0,1.0143414861793838,1.0,1.0143414861793838,854,0.7504393673110721,1.0,1
"iteration_4","SCOPE_DATA_COLLECTION",300,39,2410.0,2470.0,2,1823,1107,446,1760,1155,471,1822,1111,447,0,0,1,0.0,0.0,0.002232142857142857,0.3740219219817305,1.0415715260786116,1.9935418793609976,0.748043843963461,1.0415715260786116,1.3290279195739985,0.07244785949506037,0.7920792079207921,0.9574944071588367,77.5,100.0,3250,30,96,1,0,0,3.076923076923077E-4,0.0,0.0,0.35000000000000003,0.2,0.2,0.2,20.0,45.0,30.0,0.05,0.9,0.1,0.5,35.0,90.0,85.0,432,432,0,432,0.0,1.9888506442015468,1.5,1.325900429467698,411,0.9513888888888888,1.0,1
"iteration_4","SCOPE_DATA_COLLECTION",300,40,2470.0,2530.0,0,1763,1138,432,1823,1107,446,1767,1135,426,0,0,0,0.0,0.0,0.0,0.34981572692437246,1.0138626808877516,1.9868857552590296,0.6996314538487449,1.0138626808877516,1.3245905035060197,0.02320316921335597,0.7480176211453744,0.9507042253521126,92.5,100.0,3154,14,165,0,0,0,0.0,0.0,0.0,0.05,0.9,0.1,0.5,35.0,90.0,85.0,0.05,0.9,0.1,0.5,35.0,95.0,85.0,1905,1903,2,1905,0.0010498687664041995,0.3514116668953192,0.5,0.7028233337906384,56,0.029427220178665267,1.0,1
"iteration_4","SCOPE_DATA_COLLECTION",300,40,2470.0,2530.0,1,1763,1138,432,1823,1107,446,1767,1135,426,0,0,0,0.0,0.0,0.0,0.34981572692437246,1.0138626808877516,1.9868857552590296,0.6996314538487449,1.0138626808877516,1.3245905035060197,0.02320316921335597,0.7480176211453744,0.9507042253521126,92.5,100.0,3154,14,165,0,0,0,0.0,0.0,0.0,0.05,0.9,0.1,0.5,35.0,90.0,85.0,0.05,0.9,0.1,0.5,35.0,95.0,85.0,1135,1134,1,1135,8.81057268722467E-4,1.0097583286065637,1.0,1.0097583286065637,855,0.753968253968254,1.0,1
"iteration_4","SCOPE_DATA_COLLECTION",300,40,2470.0,2530.0,2,1763,1138,432,1823,1107,446,1767,1135,426,0,0,0,0.0,0.0,0.0,0.34981572692437246,1.0138626808877516,1.9868857552590296,0.6996314538487449,1.0138626808877516,1.3245905035060197,0.02320316921335597,0.7480176211453744,0.9507042253521126,92.5,100.0,3154,14,165,0,0,0,0.0,0.0,0.0,0.05,0.9,0.1,0.5,35.0,90.0,85.0,0.05,0.9,0.1,0.5,35.0,95.0,85.0,448,448,0,448,0.0,1.9351211794177061,1.5,1.2900807862784707,417,0.9308035714285714,1.0,1
"iteration_4","SCOPE_DATA_COLLECTION",300,41,2530.0,2590.0,0,1905,1135,448,1763,1138,432,1896,1139,449,2,1,0,0.001053740779768177,8.771929824561404E-4,0.0,0.3516348143990425,1.0104070047884368,1.9357123507182412,0.703269628798085,1.0104070047884368,1.2904749004788274,0.03059071729957806,0.7568042142230026,0.9309576837416481,95.0,100.0,3284,10,194,3,0,0,9.135200974421437E-4,0.0,0.0,0.05,0.9,0.1,0.5,35.0,95.0,85.0,0.05,0.9,0.1,0.4,35.0,85.0,95.0,1896,1896,0,1896,0.0,0.3513213361403241,0.5,0.7026426722806483,60,0.03164556962025317,1.0,1
"iteration_4","SCOPE_DATA_COLLECTION",300,41,2530.0,2590.0,1,1905,1135,448,1763,1138,432,1896,1139,449,2,1,0,0.001053740779768177,8.771929824561404E-4,0.0,0.3516348143990425,1.0104070047884368,1.9357123507182412,0.703269628798085,1.0104070047884368,1.2904749004788274,0.03059071729957806,0.7568042142230026,0.9309576837416481,95.0,100.0,3284,10,194,3,0,0,9.135200974421437E-4,0.0,0.0,0.05,0.9,0.1,0.5,35.0,95.0,85.0,0.05,0.9,0.1,0.4,35.0,85.0,95.0,1129,1129,0,1129,0.0,1.0121527438290978,1.0,1.0121527438290978,843,0.7466784765279008,1.0,1
"iteration_4","SCOPE_DATA_COLLECTION",300,41,2530.0,2590.0,2,1905,1135,448,1763,1138,432,1896,1139,449,2,1,0,0.001053740779768177,8.771929824561404E-4,0.0,0.3516348143990425,1.0104070047884368,1.9357123507182412,0.703269628798085,1.0104070047884368,1.2904749004788274,0.03059071729957806,0.7568042142230026,0.9309576837416481,95.0,100.0,3284,10,194,3,0,0,9.135200974421437E-4,0.0,0.0,0.05,0.9,0.1,0.5,35.0,95.0,85.0,0.05,0.9,0.1,0.4,35.0,85.0,95.0,459,459,0,459,0.0,1.969424445664997,1.5,1.3129496304433312,435,0.9477124183006536,1.0,1
"iteration_4","SCOPE_DATA_COLLECTION",300,42,2590.0,2650.0,0,1896,1129,459,1905,1135,448,1907,1137,457,0,0,0,0.0,0.0,0.0,0.3513084780376404,1.0124265349096846,1.9695561855120618,0.7026169560752809,1.0124265349096846,1.3130374570080412,0.03146303093864709,0.7449428320140721,0.9474835886214442,67.5,100.0,3281,6,197,0,0,0,0.0,0.0,0.0,0.05,0.9,0.1,0.4,35.0,85.0,95.0,0.05,0.9,0.1,0.4,35.0,85.0,95.0,1824,1824,0,1824,0.0,0.34722725333692495,0.5,0.6944545066738499,59,0.03234649122807018,1.0,1
"iteration_4","SCOPE_DATA_COLLECTION",300,42,2590.0,2650.0,1,1896,1129,459,1905,1135,448,1907,1137,457,0,0,0,0.0,0.0,0.0,0.3513084780376404,1.0124265349096846,1.9695561855120618,0.7026169560752809,1.0124265349096846,1.3130374570080412,0.03146303093864709,0.7449428320140721,0.9474835886214442,67.5,100.0,3281,6,197,0,0,0,0.0,0.0,0.0,0.05,0.9,0.1,0.4,35.0,85.0,95.0,0.05,0.9,0.1,0.4,35.0,85.0,95.0,1218,1217,1,1218,8.210180623973727E-4,1.0118620665181954,1.0,1.0118620665181954,889,0.7304847986852917,1.0,1
"iteration_4","SCOPE_DATA_COLLECTION",300,42,2590.0,2650.0,2,1896,1129,459,1905,1135,448,1907,1137,457,0,0,0,0.0,0.0,0.0,0.3513084780376404,1.0124265349096846,1.9695561855120618,0.7026169560752809,1.0124265349096846,1.3130374570080412,0.03146303093864709,0.7449428320140721,0.9474835886214442,67.5,100.0,3281,6,197,0,0,0,0.0,0.0,0.0,0.05,0.9,0.1,0.4,35.0,85.0,95.0,0.05,0.9,0.1,0.4,35.0,85.0,95.0,457,457,0,457,0.0,1.9215728214028696,1.5,1.2810485476019131,421,0.9212253829321663,1.0,1
"iteration_4","SCOPE_DATA_COLLECTION",300,43,2650.0,2710.0,0,1824,1218,457,1896,1129,459,1816,1203,460,0,1,0,0.0,8.305647840531562E-4,0.0,0.34695991252884556,1.011203562810945,1.9219532297940374,0.6939198250576911,1.011203562810945,1.281302153196025,0.031938325991189426,0.7290108063175395,0.9217391304347826,92.5,100.0,3252,10,237,1,0,0,3.075030750307503E-4,0.0,0.0,0.05,0.9,0.1,0.4,35.0,85.0,95.0,0.05,0.9,0.2,0.5,25.0,95.0,95.0,1813,1811,2,1813,0.0011031439602868175,0.3475122952241228,0.5,0.6950245904482456,61,0.03368304803975704,1.0,1
"iteration_4","SCOPE_DATA_COLLECTION",300,43,2650.0,2710.0,1,1824,1218,457,1896,1129,459,1816,1203,460,0,1,0,0.0,8.305647840531562E-4,0.0,0.34695991252884556,1.011203562810945,1.9219532297940374,0.6939198250576911,1.011203562810945,1.281302153196025,0.031938325991189426,0.7290108063175395,0.9217391304347826,92.5,100.0,3252,10,237,1,0,0,3.075030750307503E-4,0.0,0.0,0.05,0.9,0.1,0.4,35.0,85.0,95.0,0.05,0.9,0.2,0.5,25.0,95.0,95.0,1165,1164,1,1165,8.583690987124463E-4,0.9924496545296331,1.0,0.9924496545296331,850,0.7302405498281787,1.0,1
"iteration_4","SCOPE_DATA_COLLECTION",300,43,2650.0,2710.0,2,1824,1218,457,1896,1129,459,1816,1203,460,0,1,0,0.0,8.305647840531562E-4,0.0,0.34695991252884556,1.011203562810945,1.9219532297940374,0.6939198250576911,1.011203562810945,1.281302153196025,0.031938325991189426,0.7290108063175395,0.9217391304347826,92.5,100.0,3252,10,237,1,0,0,3.075030750307503E-4,0.0,0.0,0.05,0.9,0.1,0.4,35.0,85.0,95.0,0.05,0.9,0.2,0.5,25.0,95.0,95.0,464,464,0,464,0.0,1.9568268090234011,1.5,1.3045512060156008,435,0.9375,1.0,1
"iteration_4","SCOPE_DATA_COLLECTION",300,44,2710.0,2770.0,0,1813,1165,464,1824,1218,457,1814,1170,457,2,1,0,0.0011013215859030838,8.539709649871904E-4,0.0,0.3475556641612182,0.9923950530617863,1.9547118150882805,0.6951113283224364,0.9923950530617863,1.3031412100588537,0.034178610804851156,0.7299145299145299,0.936542669584245,92.5,100.0,3177,12,253,3,0,0,9.442870632672333E-4,0.0,0.0,0.05,0.9,0.2,0.5,25.0,95.0,95.0,0.05,0.9,0.2,0.6000000000000001,20.0,85.0,95.0,1805,1803,2,1805,0.00110803324099723,0.347498694415025,0.5,0.69499738883005,61,0.03383250138657792,1.0,1
"iteration_4","SCOPE_DATA_COLLECTION",300,44,2710.0,2770.0,1,1813,1165,464,1824,1218,457,1814,1170,457,2,1,0,0.0011013215859030838,8.539709649871904E-4,0.0,0.3475556641612182,0.9923950530617863,1.9547118150882805,0.6951113283224364,0.9923950530617863,1.3031412100588537,0.034178610804851156,0.7299145299145299,0.936542669584245,92.5,100.0,3177,12,253,3,0,0,9.442870632672333E-4,0.0,0.0,0.05,0.9,0.2,0.5,25.0,95.0,95.0,0.05,0.9,0.2,0.6000000000000001,20.0,85.0,95.0,1161,1158,3,1161,0.002583979328165375,0.9993088399781226,1.0,0.9993088399781226,855,0.7383419689119171,1.0,1
"iteration_4","SCOPE_DATA_COLLECTION",300,44,2710.0,2770.0,2,1813,1165,464,1824,1218,457,1814,1170,457,2,1,0,0.0011013215859030838,8.539709649871904E-4,0.0,0.3475556641612182,0.9923950530617863,1.9547118150882805,0.6951113283224364,0.9923950530617863,1.3031412100588537,0.034178610804851156,0.7299145299145299,0.936542669584245,92.5,100.0,3177,12,253,3,0,0,9.442870632672333E-4,0.0,0.0,0.05,0.9,0.2,0.5,25.0,95.0,95.0,0.05,0.9,0.2,0.6000000000000001,20.0,85.0,95.0,455,454,1,455,0.002197802197802198,1.9255381555985918,1.5,1.2836921037323945,419,0.9229074889867841,1.0,1
"iteration_4","SCOPE_DATA_COLLECTION",300,45,2770.0,2830.0,0,1805,1161,455,1813,1165,464,1799,1160,459,2,3,1,0.001110494169905608,0.0025795356835769563,0.002173913043478261,0.34775689280748595,0.9997718231221813,1.9269718612766191,0.6955137856149719,0.9997718231221813,1.2846479075177462,0.0339077265147304,0.7396551724137931,0.9237472766884531,80.0,100.0,3161,11,249,6,0,0,0.0018981335020563112,0.0,0.0,0.05,0.9,0.2,0.6000000000000001,20.0,85.0,95.0,0.05,0.8,0.30000000000000004,0.5,20.0,95.0,95.0,1797,1795,2,1797,0.0011129660545353367,0.35080940959999407,0.5,0.7016188191999881,66,0.03676880222841226,1.0,1
"iteration_4","SCOPE_DATA_COLLECTION",300,45,2770.0,2830.0,1,1805,1161,455,1813,1165,464,1799,1160,459,2,3,1,0.001110494169905608,0.0025795356835769563,0.002173913043478261,0.34775689280748595,0.9997718231221813,1.9269718612766191,0.6955137856149719,0.9997718231221813,1.2846479075177462,0.0339077265147304,0.7396551724137931,0.9237472766884531,80.0,100.0,3161,11,249,6,0,0,0.0018981335020563112,0.0,0.0,0.05,0.9,0.2,0.6000000000000001,20.0,85.0,95.0,0.05,0.8,0.30000000000000004,0.5,20.0,95.0,95.0,1117,1116,1,1117,8.952551477170994E-4,1.005767239149454,1.0,1.005767239149454,833,0.746415770609319,1.0,1
"iteration_4","SCOPE_DATA_COLLECTION",300,45,2770.0,2830.0,2,1805,1161,455,1813,1165,464,1799,1160,459,2,3,1,0.001110494169905608,0.0025795356835769563,0.002173913043478261,0.34775689280748595,0.9997718231221813,1.9269718612766191,0.6955137856149719,0.9997718231221813,1.2846479075177462,0.0339077265147304,0.7396551724137931,0.9237472766884531,80.0,100.0,3161,11,249,6,0,0,0.0018981335020563112,0.0,0.0,0.05,0.9,0.2,0.6000000000000001,20.0,85.0,95.0,0.05,0.8,0.30000000000000004,0.5,20.0,95.0,95.0,445,444,1,445,0.0022471910112359553,1.9877110115127705,1.5,1.325140674341847,423,0.9527027027027027,1.0,1
"iteration_4","SCOPE_DATA_COLLECTION",300,46,2830.0,2890.0,0,1797,1117,445,1805,1161,455,1799,1116,445,2,1,1,0.001110494169905608,8.952551477170994E-4,0.002242152466367713,0.35074986082468035,1.0058332045752105,1.9886109957759912,0.7014997216493607,1.0058332045752105,1.3257406638506608,0.03668704836020011,0.746415770609319,0.952808988764045,80.0,100.0,3163,9,187,4,0,0,0.001264622194119507,0.0,0.0,0.05,0.8,0.30000000000000004,0.5,20.0,95.0,95.0,0.05,0.8,0.2,0.5,20.0,95.0,95.0,1928,1928,0,1928,0.0,0.34919471010350434,0.5,0.6983894202070087,66,0.03423236514522822,1.0,1
"iteration_4","SCOPE_DATA_COLLECTION",300,46,2830.0,2890.0,1,1797,1117,445,1805,1161,455,1799,1116,445,2,1,1,0.001110494169905608,8.952551477170994E-4,0.002242152466367713,0.35074986082468035,1.0058332045752105,1.9886109957759912,0.7014997216493607,1.0058332045752105,1.3257406638506608,0.03668704836020011,0.746415770609319,0.952808988764045,80.0,100.0,3163,9,187,4,0,0,0.001264622194119507,0.0,0.0,0.05,0.8,0.30000000000000004,0.5,20.0,95.0,95.0,0.05,0.8,0.2,0.5,20.0,95.0,95.0,1135,1134,1,1135,8.81057268722467E-4,1.0011931308896218,1.0,1.0011931308896218,822,0.7248677248677249,1.0,1
"iteration_4","SCOPE_DATA_COLLECTION",300,46,2830.0,2890.0,2,1797,1117,445,1805,1161,455,1799,1116,445,2,1,1,0.001110494169905608,8.952551477170994E-4,0.002242152466367713,0.35074986082468035,1.0058332045752105,1.9886109957759912,0.7014997216493607,1.0058332045752105,1.3257406638506608,0.03668704836020011,0.746415770609319,0.952808988764045,80.0,100.0,3163,9,187,4,0,0,0.001264622194119507,0.0,0.0,0.05,0.8,0.30000000000000004,0.5,20.0,95.0,95.0,0.05,0.8,0.2,0.5,20.0,95.0,95.0,464,464,0,464,0.0,1.961437576665214,1.5,1.3076250511101426,434,0.9353448275862069,1.0,1
"iteration_4","SCOPE_DATA_COLLECTION",300,47,2890.0,2950.0,0,1928,1135,464,1797,1117,445,1924,1132,463,0,1,0,0.0,8.8261253309797E-4,0.0,0.34923175980023224,1.0009729058626111,1.9611799272644692,0.6984635196004645,1.0009729058626111,1.3074532848429794,0.034303534303534305,0.7252650176678446,0.9352051835853131,90.0,100.0,3288,12,227,1,0,0,3.0413625304136254E-4,0.0,0.0,0.05,0.8,0.2,0.5,20.0,95.0,95.0,0.9,0.4,0.1,0.6000000000000001,55.0,40.0,55.0,1800,1798,2,1800,0.0011111111111111111,0.36043481925821425,0.5,0.7208696385164285,70,0.0389321468298109,1.0,1
"iteration_4","SCOPE_DATA_COLLECTION",300,47,2890.0,2950.0,1,1928,1135,464,1797,1117,445,1924,1132,463,0,1,0,0.0,8.8261253309797E-4,0.0,0.34923175980023224,1.0009729058626111,1.9611799272644692,0.6984635196004645,1.0009729058626111,1.3074532848429794,0.034303534303534305,0.7252650176678446,0.9352051835853131,90.0,100.0,3288,12,227,1,0,0,3.0413625304136254E-4,0.0,0.0,0.05,0.8,0.2,0.5,20.0,95.0,95.0,0.9,0.4,0.1,0.6000000000000001,55.0,40.0,55.0,1222,1220,2,1222,0.0016366612111292963,1.0247473798430653,1.0,1.0247473798430653,932,0.7639344262295082,1.0,1
"iteration_4","SCOPE_DATA_COLLECTION",300,47,2890.0,2950.0,2,1928,1135,464,1797,1117,445,1924,1132,463,0,1,0,0.0,8.8261253309797E-4,0.0,0.34923175980023224,1.0009729058626111,1.9611799272644692,0.6984635196004645,1.0009729058626111,1.3074532848429794,0.034303534303534305,0.7252650176678446,0.9352051835853131,90.0,100.0,3288,12,227,1,0,0,3.0413625304136254E-4,0.0,0.0,0.05,0.8,0.2,0.5,20.0,95.0,95.0,0.9,0.4,0.1,0.6000000000000001,55.0,40.0,55.0,427,427,0,427,0.0,1.992135635617684,1.5,1.3280904237451228,408,0.955503512880562,1.0,1
"iteration_4","SCOPE_DATA_COLLECTION",300,48,2950.0,3010.0,0,1800,1222,427,1928,1135,464,1804,1213,427,2,2,0,0.0011074197120708748,0.0016460905349794238,0.0,0.3603892114473594,1.0244548532987166,1.9912421945279635,0.7207784228947188,1.0244548532987166,1.3274947963519756,0.038802660753880266,0.7625721352019785,0.955503512880562,87.5,100.0,3291,152,6,4,0,0,0.001215436037678517,0.0,0.0,0.9,0.4,0.1,0.6000000000000001,55.0,40.0,55.0,0.9,0.4,0.1,0.6000000000000001,55.0,40.0,55.0,1810,1810,0,1810,0.0,0.3581138610692747,0.5,0.7162277221385493,67,0.037016574585635356,1.0,1
"iteration_4","SCOPE_DATA_COLLECTION",300,48,2950.0,3010.0,1,1800,1222,427,1928,1135,464,1804,1213,427,2,2,0,0.0011074197120708748,0.0016460905349794238,0.0,0.3603892114473594,1.0244548532987166,1.9912421945279635,0.7207784228947188,1.0244548532987166,1.3274947963519756,0.038802660753880266,0.7625721352019785,0.955503512880562,87.5,100.0,3291,152,6,4,0,0,0.001215436037678517,0.0,0.0,0.9,0.4,0.1,0.6000000000000001,55.0,40.0,55.0,0.9,0.4,0.1,0.6000000000000001,55.0,40.0,55.0,1180,1180,0,1180,0.0,1.0171265312040119,1.0,1.0171265312040119,884,0.7491525423728813,1.0,1
"iteration_4","SCOPE_DATA_COLLECTION",300,48,2950.0,3010.0,2,1800,1222,427,1928,1135,464,1804,1213,427,2,2,0,0.0011074197120708748,0.0016460905349794238,0.0,0.3603892114473594,1.0244548532987166,1.9912421945279635,0.7207784228947188,1.0244548532987166,1.3274947963519756,0.038802660753880266,0.7625721352019785,0.955503512880562,87.5,100.0,3291,152,6,4,0,0,0.001215436037678517,0.0,0.0,0.9,0.4,0.1,0.6000000000000001,55.0,40.0,55.0,0.9,0.4,0.1,0.6000000000000001,55.0,40.0,55.0,474,473,1,474,0.002109704641350211,1.9540810106775865,1.5,1.3027206737850576,442,0.9344608879492601,1.0,1
"iteration_4","SCOPE_DATA_COLLECTION",300,49,3010.0,3070.0,0,1810,1180,474,1800,1222,427,1803,1184,477,0,0,1,0.0,0.0,0.0020920502092050207,0.3578151776560961,1.0170329624052232,1.9560054512142022,0.7156303553121922,1.0170329624052232,1.3040036341428014,0.03716028840820854,0.7491554054054054,0.9350104821802935,80.0,100.0,3247,198,19,1,0,0,3.079765937788728E-4,0.0,0.0,0.9,0.4,0.1,0.6000000000000001,55.0,40.0,55.0,0.9,0.30000000000000004,0.2,0.5,55.0,30.0,65.0,1821,1820,1,1821,5.491488193300384E-4,0.357092999028873,0.5,0.714185998057746,53,0.02912087912087912,1.0,1
"iteration_4","SCOPE_DATA_COLLECTION",300,49,3010.0,3070.0,1,1810,1180,474,1800,1222,427,1803,1184,477,0,0,1,0.0,0.0,0.0020920502092050207,0.3578151776560961,1.0170329624052232,1.9560054512142022,0.7156303553121922,1.0170329624052232,1.3040036341428014,0.03716028840820854,0.7491554054054054,0.9350104821802935,80.0,100.0,3247,198,19,1,0,0,3.079765937788728E-4,0.0,0.0,0.9,0.4,0.1,0.6000000000000001,55.0,40.0,55.0,0.9,0.30000000000000004,0.2,0.5,55.0,30.0,65.0,1134,1133,1,1134,8.818342151675485E-4,1.0325796211545155,1.0,1.0325796211545155,860,0.7590467784642542,1.0,1
"iteration_4","SCOPE_DATA_COLLECTION",300,49,3010.0,3070.0,2,1810,1180,474,1800,1222,427,1803,1184,477,0,0,1,0.0,0.0,0.0020920502092050207,0.3578151776560961,1.0170329624052232,1.9560054512142022,0.7156303553121922,1.0170329624052232,1.3040036341428014,0.03716028840820854,0.7491554054054054,0.9350104821802935,80.0,100.0,3247,198,19,1,0,0,3.079765937788728E-4,0.0,0.0,0.9,0.4,0.1,0.6000000000000001,55.0,40.0,55.0,0.9,0.30000000000000004,0.2,0.5,55.0,30.0,65.0,393,393,0,393,0.0,1.9695453668743745,1.5,1.3130302445829163,374,0.9516539440203562,1.0,1
"iteration_4","SCOPE_DATA_COLLECTION",300,50,3070.0,3130.0,0,1821,1134,393,1810,1180,474,1823,1131,390,1,1,0,5.482456140350877E-4,8.833922261484099E-4,0.0,0.35762430775691345,1.0329205506024686,1.9678019759342824,0.7152486155138269,1.0329205506024686,1.3118679839561882,0.029072956664838178,0.7603890362511052,0.9512820512820512,92.5,100.0,3198,133,17,2,0,0,6.253908692933083E-4,0.0,0.0,0.9,0.30000000000000004,0.2,0.5,55.0,30.0,65.0,0.9500000000000001,0.2,0.30000000000000004,0.6000000000000001,45.0,30.0,65.0,1829,1829,0,1829,0.0,0.36428438102692984,0.5,0.7285687620538597,71,0.038819026790595956,1.0,1
"iteration_4","SCOPE_DATA_COLLECTION",300,50,3070.0,3130.0,1,1821,1134,393,1810,1180,474,1823,1131,390,1,1,0,5.482456140350877E-4,8.833922261484099E-4,0.0,0.35762430775691345,1.0329205506024686,1.9678019759342824,0.7152486155138269,1.0329205506024686,1.3118679839561882,0.029072956664838178,0.7603890362511052,0.9512820512820512,92.5,100.0,3198,133,17,2,0,0,6.253908692933083E-4,0.0,0.0,0.9,0.30000000000000004,0.2,0.5,55.0,30.0,65.0,0.9500000000000001,0.2,0.30000000000000004,0.6000000000000001,45.0,30.0,65.0,1112,1109,3,1112,0.002697841726618705,1.0212153202921048,1.0,1.0212153202921048,836,0.7538322813345356,1.0,1
"iteration_4","SCOPE_DATA_COLLECTION",300,50,3070.0,3130.0,2,1821,1134,393,1810,1180,474,1823,1131,390,1,1,0,5.482456140350877E-4,8.833922261484099E-4,0.0,0.35762430775691345,1.0329205506024686,1.9678019759342824,0.7152486155138269,1.0329205506024686,1.3118679839561882,0.029072956664838178,0.7603890362511052,0.9512820512820512,92.5,100.0,3198,133,17,2,0,0,6.253908692933083E-4,0.0,0.0,0.9,0.30000000000000004,0.2,0.5,55.0,30.0,65.0,0.9500000000000001,0.2,0.30000000000000004,0.6000000000000001,45.0,30.0,65.0,445,445,0,445,0.0,1.9999190763889643,1.5,1.3332793842593096,428,0.9617977528089887,1.0,1
"iteration_4","SCOPE_DATA_COLLECTION",300,51,3130.0,3190.0,0,1829,1112,445,1821,1134,393,1826,1118,446,0,3,0,0.0,0.0026761819803746653,0.0,0.36371670143706375,1.0215340873212968,2.0003217051396005,0.7274334028741275,1.0215340873212968,1.3335478034264003,0.03888280394304491,0.7531305903398927,0.9618834080717489,77.5,100.0,3223,150,13,3,0,0,9.30809804529941E-4,0.0,0.0,0.9500000000000001,0.2,0.30000000000000004,0.6000000000000001,45.0,30.0,65.0,0.8500000000000001,0.1,0.4,0.7000000000000001,55.0,20.0,55.0,1805,1803,2,1805,0.00110803324099723,0.37009581695842464,0.5,0.7401916339168493,138,0.07653910149750416,1.0,1
"iteration_4","SCOPE_DATA_COLLECTION",300,51,3130.0,3190.0,1,1829,1112,445,1821,1134,393,1826,1118,446,0,3,0,0.0,0.0026761819803746653,0.0,0.36371670143706375,1.0215340873212968,2.0003217051396005,0.7274334028741275,1.0215340873212968,1.3335478034264003,0.03888280394304491,0.7531305903398927,0.9618834080717489,77.5,100.0,3223,150,13,3,0,0,9.30809804529941E-4,0.0,0.0,0.9500000000000001,0.2,0.30000000000000004,0.6000000000000001,45.0,30.0,65.0,0.8500000000000001,0.1,0.4,0.7000000000000001,55.0,20.0,55.0,1178,1175,3,1178,0.0025466893039049238,1.029194927370767,1.0,1.029194927370767,911,0.7753191489361703,1.0,1
"iteration_4","SCOPE_DATA_COLLECTION",300,51,3130.0,3190.0,2,1829,1112,445,1821,1134,393,1826,1118,446,0,3,0,0.0,0.0026761819803746653,0.0,0.36371670143706375,1.0215340873212968,2.0003217051396005,0.7274334028741275,1.0215340873212968,1.3335478034264003,0.03888280394304491,0.7531305903398927,0.9618834080717489,77.5,100.0,3223,150,13,3,0,0,9.30809804529941E-4,0.0,0.0,0.9500000000000001,0.2,0.30000000000000004,0.6000000000000001,45.0,30.0,65.0,0.8500000000000001,0.1,0.4,0.7000000000000001,55.0,20.0,55.0,453,452,1,453,0.002207505518763797,1.977651410484797,1.5,1.3184342736565313,425,0.9402654867256637,1.0,1
"iteration_4","SCOPE_DATA_COLLECTION",300,52,3190.0,3250.0,0,1805,1178,453,1829,1112,445,1812,1168,454,2,3,1,0.0011025358324145535,0.0025619128949615714,0.002197802197802198,0.3700851354147665,1.0271313324509896,1.978084832938569,0.740170270829533,1.0271313324509896,1.318723221959046,0.07505518763796909,0.7722602739726028,0.9405286343612335,70.0,100.0,3244,161,31,6,0,0,0.0018495684340320592,0.0,0.0,0.8500000000000001,0.1,0.4,0.7000000000000001,55.0,20.0,55.0,0.8500000000000001,0.2,0.4,0.7000000000000001,45.0,30.0,45.0,1838,1836,2,1838,0.001088139281828074,0.3580170775392657,0.5,0.7160341550785314,81,0.04411764705882353,1.0,1
"iteration_4","SCOPE_DATA_COLLECTION",300,52,3190.0,3250.0,1,1805,1178,453,1829,1112,445,1812,1168,454,2,3,1,0.0011025358324145535,0.0025619128949615714,0.002197802197802198,0.3700851354147665,1.0271313324509896,1.978084832938569,0.740170270829533,1.0271313324509896,1.318723221959046,0.07505518763796909,0.7722602739726028,0.9405286343612335,70.0,100.0,3244,161,31,6,0,0,0.0018495684340320592,0.0,0.0,0.8500000000000001,0.1,0.4,0.7000000000000001,55.0,20.0,55.0,0.8500000000000001,0.2,0.4,0.7000000000000001,45.0,30.0,45.0,1160,1159,1,1160,8.620689655172414E-4,1.021884863614277,1.0,1.021884863614277,887,0.7653149266609146,1.0,1
"iteration_4","SCOPE_DATA_COLLECTION",300,52,3190.0,3250.0,2,1805,1178,453,1829,1112,445,1812,1168,454,2,3,1,0.0011025358324145535,0.0025619128949615714,0.002197802197802198,0.3700851354147665,1.0271313324509896,1.978084832938569,0.740170270829533,1.0271313324509896,1.318723221959046,0.07505518763796909,0.7722602739726028,0.9405286343612335,70.0,100.0,3244,161,31,6,0,0,0.0018495684340320592,0.0,0.0,0.8500000000000001,0.1,0.4,0.7000000000000001,55.0,20.0,55.0,0.8500000000000001,0.2,0.4,0.7000000000000001,45.0,30.0,45.0,483,481,2,483,0.004140786749482402,1.9245180590257873,1.5,1.2830120393505249,442,0.918918918918919,1.0,1
"iteration_4","SCOPE_DATA_COLLECTION",300,53,3250.0,3310.0,0,1838,1160,483,1805,1178,453,1825,1156,469,2,1,2,0.0010946907498631637,8.64304235090752E-4,0.004246284501061571,0.3586558900014172,1.024144084663896,1.9249592157868183,0.7173117800028344,1.024144084663896,1.2833061438578788,0.044931506849315066,0.7690311418685121,0.9189765458422174,97.5,100.0,3240,209,32,5,0,0,0.0015432098765432098,0.0,0.0,0.8500000000000001,0.2,0.4,0.7000000000000001,45.0,30.0,45.0,0.9500000000000001,0.2,0.30000000000000004,0.8,45.0,20.0,45.0,1856,1855,1,1856,5.387931034482759E-4,0.3576556631695874,0.5,0.7153113263391748,63,0.033962264150943396,1.0,1
"iteration_4","SCOPE_DATA_COLLECTION",300,53,3250.0,3310.0,1,1838,1160,483,1805,1178,453,1825,1156,469,2,1,2,0.0010946907498631637,8.64304235090752E-4,0.004246284501061571,0.3586558900014172,1.024144084663896,1.9249592157868183,0.7173117800028344,1.024144084663896,1.2833061438578788,0.044931506849315066,0.7690311418685121,0.9189765458422174,97.5,100.0,3240,209,32,5,0,0,0.0015432098765432098,0.0,0.0,0.8500000000000001,0.2,0.4,0.7000000000000001,45.0,30.0,45.0,0.9500000000000001,0.2,0.30000000000000004,0.8,45.0,20.0,45.0,1139,1137,2,1139,0.001755926251097454,1.0152286951315113,1.0,1.0152286951315113,863,0.7590149516270889,1.0,1
"iteration_4","SCOPE_DATA_COLLECTION",300,53,3250.0,3310.0,2,1838,1160,483,1805,1178,453,1825,1156,469,2,1,2,0.0010946907498631637,8.64304235090752E-4,0.004246284501061571,0.3586558900014172,1.024144084663896,1.9249592157868183,0.7173117800028344,1.024144084663896,1.2833061438578788,0.044931506849315066,0.7690311418685121,0.9189765458422174,97.5,100.0,3240,209,32,5,0,0,0.0015432098765432098,0.0,0.0,0.8500000000000001,0.2,0.4,0.7000000000000001,45.0,30.0,45.0,0.9500000000000001,0.2,0.30000000000000004,0.8,45.0,20.0,45.0,450,449,1,450,0.0022222222222222222,1.9477730245951317,1.5,1.2985153497300879,420,0.9354120267260579,1.0,1
"iteration_4","SCOPE_DATA_COLLECTION",300,54,3310.0,3370.0,0,1856,1139,450,1838,1160,483,1855,1143,466,1,2,1,5.387931034482759E-4,0.0017467248908296944,0.0021413276231263384,0.3573282536924339,1.015283729986023,1.9472170137322862,0.7146565073848677,1.015283729986023,1.298144675821524,0.03450134770889488,0.7602799650043744,0.9356223175965666,80.0,100.0,3236,203,6,4,0,0,0.0012360939431396785,0.0,0.0,0.9500000000000001,0.2,0.30000000000000004,0.8,45.0,20.0,45.0,0.9500000000000001,0.2,0.30000000000000004,0.8,45.0,20.0,45.0,1941,1940,1,1941,5.151983513652757E-4,0.35564304419875153,0.5,0.7112860883975031,78,0.04020618556701031,1.0,1
"iteration_4","SCOPE_DATA_COLLECTION",300,54,3310.0,3370.0,1,1856,1139,450,1838,1160,483,1855,1143,466,1,2,1,5.387931034482759E-4,0.0017467248908296944,0.0021413276231263384,0.3573282536924339,1.015283729986023,1.9472170137322862,0.7146565073848677,1.015283729986023,1.298144675821524,0.03450134770889488,0.7602799650043744,0.9356223175965666,80.0,100.0,3236,203,6,4,0,0,0.0012360939431396785,0.0,0.0,0.9500000000000001,0.2,0.30000000000000004,0.8,45.0,20.0,45.0,0.9500000000000001,0.2,0.30000000000000004,0.8,45.0,20.0,45.0,1135,1135,0,1135,0.0,1.0194301640780925,1.0,1.0194301640780925,858,0.7559471365638767,1.0,1
"iteration_4","SCOPE_DATA_COLLECTION",300,54,3310.0,3370.0,2,1856,1139,450,1838,1160,483,1855,1143,466,1,2,1,5.387931034482759E-4,0.0017467248908296944,0.0021413276231263384,0.3573282536924339,1.015283729986023,1.9472170137322862,0.7146565073848677,1.015283729986023,1.298144675821524,0.03450134770889488,0.7602799650043744,0.9356223175965666,80.0,100.0,3236,203,6,4,0,0,0.0012360939431396785,0.0,0.0,0.9500000000000001,0.2,0.30000000000000004,0.8,45.0,20.0,45.0,0.9500000000000001,0.2,0.30000000000000004,0.8,45.0,20.0,45.0,473,472,1,473,0.0021141649048625794,1.9211972989192831,1.5,1.280798199279522,433,0.9173728813559322,1.0,1
"iteration_4","SCOPE_DATA_COLLECTION",300,55,3370.0,3430.0,0,1941,1135,473,1856,1139,450,1946,1134,462,1,0,1,5.136106831022085E-4,0.0,0.0021598272138228943,0.3554771682879794,1.018855717818089,1.9187282388875178,0.7109543365759587,1.018855717818089,1.2791521592583452,0.040082219938335044,0.7548500881834215,0.9155844155844156,90.0,100.0,3308,231,10,2,0,0,6.045949214026602E-4,0.0,0.0,0.9500000000000001,0.2,0.30000000000000004,0.8,45.0,20.0,45.0,0.7000000000000001,0.1,0.7000000000000001,0.5,50.0,50.0,20.0,1924,1921,3,1924,0.0015592515592515593,0.3601126890345634,0.5,0.7202253780691268,101,0.052576782925559604,1.0,1
"iteration_4","SCOPE_DATA_COLLECTION",300,55,3370.0,3430.0,1,1941,1135,473,1856,1139,450,1946,1134,462,1,0,1,5.136106831022085E-4,0.0,0.0021598272138228943,0.3554771682879794,1.018855717818089,1.9187282388875178,0.7109543365759587,1.018855717818089,1.2791521592583452,0.040082219938335044,0.7548500881834215,0.9155844155844156,90.0,100.0,3308,231,10,2,0,0,6.045949214026602E-4,0.0,0.0,0.9500000000000001,0.2,0.30000000000000004,0.8,45.0,20.0,45.0,0.7000000000000001,0.1,0.7000000000000001,0.5,50.0,50.0,20.0,1153,1150,3,1153,0.0026019080659150044,1.0156518764399085,1.0,1.0156518764399085,860,0.7478260869565218,1.0,1
"iteration_4","SCOPE_DATA_COLLECTION",300,55,3370.0,3430.0,2,1941,1135,473,1856,1139,450,1946,1134,462,1,0,1,5.136106831022085E-4,0.0,0.0021598272138228943,0.3554771682879794,1.018855717818089,1.9187282388875178,0.7109543365759587,1.018855717818089,1.2791521592583452,0.040082219938335044,0.7548500881834215,0.9155844155844156,90.0,100.0,3308,231,10,2,0,0,6.045949214026602E-4,0.0,0.0,0.9500000000000001,0.2,0.30000000000000004,0.8,45.0,20.0,45.0,0.7000000000000001,0.1,0.7000000000000001,0.5,50.0,50.0,20.0,454,452,2,454,0.004405286343612335,1.9647110826597036,1.5,1.3098073884398025,424,0.9380530973451328,1.0,1
"iteration_4","SCOPE_DATA_COLLECTION",300,56,3430.0,3490.0,0,1924,1153,454,1941,1135,473,1921,1150,458,3,2,2,0.0015592515592515593,0.001736111111111111,0.004347826086956522,0.3601546238791391,1.015907768548423,1.96625414220935,0.7203092477582782,1.015907768548423,1.3108360948062334,0.052576782925559604,0.7486956521739131,0.9388646288209607,75.0,100.0,3296,159,76,7,0,0,0.00212378640776699,0.0,0.0,0.7000000000000001,0.1,0.7000000000000001,0.5,50.0,50.0,20.0,0.30000000000000004,0.30000000000000004,0.2,0.9,55.0,40.0,90.0,1898,1898,0,1898,0.0,0.35105706180898644,0.5,0.7021141236179729,54,0.02845100105374078,1.0,1
"iteration_4","SCOPE_DATA_COLLECTION",300,56,3430.0,3490.0,1,1924,1153,454,1941,1135,473,1921,1150,458,3,2,2,0.0015592515592515593,0.001736111111111111,0.004347826086956522,0.3601546238791391,1.015907768548423,1.96625414220935,0.7203092477582782,1.015907768548423,1.3108360948062334,0.052576782925559604,0.7486956521739131,0.9388646288209607,75.0,100.0,3296,159,76,7,0,0,0.00212378640776699,0.0,0.0,0.7000000000000001,0.1,0.7000000000000001,0.5,50.0,50.0,20.0,0.30000000000000004,0.30000000000000004,0.2,0.9,55.0,40.0,90.0,1081,1080,1,1081,9.250693802035153E-4,1.0003307769959229,1.0,1.0003307769959229,813,0.7527777777777778,1.0,1
"iteration_4","SCOPE_DATA_COLLECTION",300,56,3430.0,3490.0,2,1924,1153,454,1941,1135,473,1921,1150,458,3,2,2,0.0015592515592515593,0.001736111111111111,0.004347826086956522,0.3601546238791391,1.015907768548423,1.96625414220935,0.7203092477582782,1.015907768548423,1.3108360948062334,0.052576782925559604,0.7486956521739131,0.9388646288209607,75.0,100.0,3296,159,76,7,0,0,0.00212378640776699,0.0,0.0,0.7000000000000001,0.1,0.7000000000000001,0.5,50.0,50.0,20.0,0.30000000000000004,0.30000000000000004,0.2,0.9,55.0,40.0,90.0,467,467,0,467,0.0,1.988166230295605,1.5,1.3254441535304033,447,0.9571734475374732,1.0,1
"iteration_4","SCOPE_DATA_COLLECTION",300,57,3490.0,3550.0,0,1898,1081,467,1924,1153,454,1902,1073,457,0,2,0,0.0,0.0018604651162790699,0.0,0.3511717702116767,0.9992938076136437,1.9940631531947821,0.7023435404233535,0.9992938076136437,1.3293754354631881,0.028391167192429023,0.7493010251630942,0.9606126914660832,97.5,100.0,3224,61,161,2,0,0,6.203473945409429E-4,0.0,0.0,0.30000000000000004,0.30000000000000004,0.2,0.9,55.0,40.0,90.0,0.8500000000000001,0.5,0.7000000000000001,0.8,95.0,25.0,25.0,1875,1874,1,1875,5.333333333333334E-4,0.34428072523356407,0.5,0.6885614504671281,53,0.028281750266808965,1.0,1
"iteration_4","SCOPE_DATA_COLLECTION",300,57,3490.0,3550.0,1,1898,1081,467,1924,1153,454,1902,1073,457,0,2,0,0.0,0.0018604651162790699,0.0,0.3511717702116767,0.9992938076136437,1.9940631531947821,0.7023435404233535,0.9992938076136437,1.3293754354631881,0.028391167192429023,0.7493010251630942,0.9606126914660832,97.5,100.0,3224,61,161,2,0,0,6.203473945409429E-4,0.0,0.0,0.30000000000000004,0.30000000000000004,0.2,0.9,55.0,40.0,90.0,0.8500000000000001,0.5,0.7000000000000001,0.8,95.0,25.0,25.0,1178,1178,0,1178,0.0,1.0052990393816497,1.0,1.0052990393816497,883,0.7495755517826825,1.0,1
"iteration_4","SCOPE_DATA_COLLECTION",300,57,3490.0,3550.0,2,1898,1081,467,1924,1153,454,1902,1073,457,0,2,0,0.0,0.0018604651162790699,0.0,0.3511717702116767,0.9992938076136437,1.9940631531947821,0.7023435404233535,0.9992938076136437,1.3293754354631881,0.028391167192429023,0.7493010251630942,0.9606126914660832,97.5,100.0,3224,61,161,2,0,0,6.203473945409429E-4,0.0,0.0,0.30000000000000004,0.30000000000000004,0.2,0.9,55.0,40.0,90.0,0.8500000000000001,0.5,0.7000000000000001,0.8,95.0,25.0,25.0,442,441,1,442,0.0022624434389140274,1.941592612426365,1.5,1.2943950749509099,409,0.927437641723356,1.0,1
"iteration_4","SCOPE_DATA_COLLECTION",300,58,3550.0,3617.737570474264,0,1875,1178,442,1898,1081,467,1870,1184,440,1,0,1,5.344735435595938E-4,0.0,0.0022675736961451248,0.34401177035624886,1.0061074759740685,1.9296794829615123,0.6880235407124977,1.0061074759740685,1.286452988641008,0.027807486631016044,0.75,0.9227272727272727,97.5,100.0,3214,244,37,2,0,0,6.222775357809583E-4,0.0,0.0,0.8500000000000001,0.5,0.7000000000000001,0.8,95.0,25.0,25.0,0.9500000000000001,0.5,0.7000000000000001,0.9,95.0,25.0,20.0,1587,1570,3,1573,0.0019071837253655435,0.3481601859326909,0.5,0.6963203718653818,42,0.0267515923566879,0.9911783238815375,0
"iteration_4","SCOPE_DATA_COLLECTION",300,58,3550.0,3617.737570474264,1,1875,1178,442,1898,1081,467,1870,1184,440,1,0,1,5.344735435595938E-4,0.0,0.0022675736961451248,0.34401177035624886,1.0061074759740685,1.9296794829615123,0.6880235407124977,1.0061074759740685,1.286452988641008,0.027807486631016044,0.75,0.9227272727272727,97.5,100.0,3214,244,37,2,0,0,6.222775357809583E-4,0.0,0.0,0.8500000000000001,0.5,0.7000000000000001,0.8,95.0,25.0,25.0,0.9500000000000001,0.5,0.7000000000000001,0.9,95.0,25.0,20.0,954,931,2,933,0.0021436227224008574,0.9966801590627626,1.0,0.9966801590627626,694,0.7454350161117078,0.9779874213836478,0
"iteration_4","SCOPE_DATA_COLLECTION",300,58,3550.0,3617.737570474264,2,1875,1178,442,1898,1081,467,1870,1184,440,1,0,1,5.344735435595938E-4,0.0,0.0022675736961451248,0.34401177035624886,1.0061074759740685,1.9296794829615123,0.6880235407124977,1.0061074759740685,1.286452988641008,0.027807486631016044,0.75,0.9227272727272727,97.5,100.0,3214,244,37,2,0,0,6.222775357809583E-4,0.0,0.0,0.8500000000000001,0.5,0.7000000000000001,0.8,95.0,25.0,25.0,0.9500000000000001,0.5,0.7000000000000001,0.9,95.0,25.0,20.0,370,354,0,354,0.0,1.9319705331283643,1.5,1.2879803554189095,324,0.9152542372881356,0.9567567567567568,0
"iteration_4","SCOPE_DATA_COLLECTION",400,0,70.0,130.0,0,2256,1431,539,0,0,0,2237,1399,517,0,1,2,0.0,7.142857142857143E-4,0.0038535645472061657,0.3264168268334796,0.9059601862124764,1.7265781335045565,0.6528336536669592,0.9059601862124764,1.1510520890030376,0.07107733571747876,0.6426018584703359,0.7988394584139265,97.5,100.0,3357,535,334,2,1,0,5.957700327673518E-4,0.001869158878504673,0.0,0.6,0.5,0.7,0.4,85.0,80.0,90.0,0.6,0.5,0.7,0.4,85.0,80.0,90.0,2444,2441,3,2444,0.0012274959083469722,0.338112834351731,0.5,0.676225668703462,218,0.08930766079475624,1.0,1
"iteration_4","SCOPE_DATA_COLLECTION",400,0,70.0,130.0,1,2256,1431,539,0,0,0,2237,1399,517,0,1,2,0.0,7.142857142857143E-4,0.0038535645472061657,0.3264168268334796,0.9059601862124764,1.7265781335045565,0.6528336536669592,0.9059601862124764,1.1510520890030376,0.07107733571747876,0.6426018584703359,0.7988394584139265,97.5,100.0,3357,535,334,2,1,0,5.957700327673518E-4,0.001869158878504673,0.0,0.6,0.5,0.7,0.4,85.0,80.0,90.0,0.6,0.5,0.7,0.4,85.0,80.0,90.0,1551,1548,3,1551,0.0019342359767891683,0.9243518623155893,1.0,0.9243518623155893,1026,0.6627906976744186,1.0,1
"iteration_4","SCOPE_DATA_COLLECTION",400,0,70.0,130.0,2,2256,1431,539,0,0,0,2237,1399,517,0,1,2,0.0,7.142857142857143E-4,0.0038535645472061657,0.3264168268334796,0.9059601862124764,1.7265781335045565,0.6528336536669592,0.9059601862124764,1.1510520890030376,0.07107733571747876,0.6426018584703359,0.7988394584139265,97.5,100.0,3357,535,334,2,1,0,5.957700327673518E-4,0.001869158878504673,0.0,0.6,0.5,0.7,0.4,85.0,80.0,90.0,0.6,0.5,0.7,0.4,85.0,80.0,90.0,559,558,1,559,0.0017889087656529517,1.7341706566132784,1.5,1.156113771075519,445,0.7974910394265233,1.0,1
"iteration_4","SCOPE_DATA_COLLECTION",400,1,130.0,190.0,0,2444,1551,559,2256,1431,539,2442,1558,564,3,3,1,0.001226993865030675,0.0019218449711723255,0.0017699115044247787,0.3379502801054855,0.9254673725775068,1.72447317347669,0.675900560210971,0.9254673725775068,1.1496487823177934,0.08927108927108927,0.6611039794608472,0.7907801418439716,97.5,100.0,3713,492,349,6,1,0,0.0016159439806086723,0.0020325203252032522,0.0,0.6,0.5,0.7,0.4,85.0,80.0,90.0,0.6,0.5,0.7,0.4,85.0,80.0,90.0,2490,2490,0,2490,0.0,0.33784611498670414,0.5,0.6756922299734083,224,0.08995983935742972,1.0,1
"iteration_4","SCOPE_DATA_COLLECTION",400,1,130.0,190.0,1,2444,1551,559,2256,1431,539,2442,1558,564,3,3,1,0.001226993865030675,0.0019218449711723255,0.0017699115044247787,0.3379502801054855,0.9254673725775068,1.72447317347669,0.675900560210971,0.9254673725775068,1.1496487823177934,0.08927108927108927,0.6611039794608472,0.7907801418439716,97.5,100.0,3713,492,349,6,1,0,0.0016159439806086723,0.0020325203252032522,0.0,0.6,0.5,0.7,0.4,85.0,80.0,90.0,0.6,0.5,0.7,0.4,85.0,80.0,90.0,1580,1577,3,1580,0.0018987341772151898,0.9127772616144231,1.0,0.9127772616144231,1040,0.6594800253646164,1.0,1
"iteration_4","SCOPE_DATA_COLLECTION",400,1,130.0,190.0,2,2444,1551,559,2256,1431,539,2442,1558,564,3,3,1,0.001226993865030675,0.0019218449711723255,0.0017699115044247787,0.3379502801054855,0.9254673725775068,1.72447317347669,0.675900560210971,0.9254673725775068,1.1496487823177934,0.08927108927108927,0.6611039794608472,0.7907801418439716,97.5,100.0,3713,492,349,6,1,0,0.0016159439806086723,0.0020325203252032522,0.0,0.6,0.5,0.7,0.4,85.0,80.0,90.0,0.6,0.5,0.7,0.4,85.0,80.0,90.0,554,551,3,554,0.005415162454873646,1.7269433628900575,1.5,1.1512955752600382,437,0.7931034482758621,1.0,1
"iteration_4","SCOPE_DATA_COLLECTION",400,2,190.0,250.0,0,2490,1580,554,2444,1551,559,2499,1571,544,0,3,3,0.0,0.0019059720457433292,0.005484460694698354,0.33777864937802227,0.9099090657428567,1.7304550283155196,0.6755572987560445,0.9099090657428567,1.1536366855436797,0.08923569427771108,0.6581795035009548,0.7959558823529411,97.5,100.0,3749,520,355,5,1,0,0.0013336889837289945,0.0019230769230769232,0.0,0.6,0.5,0.7,0.4,85.0,80.0,90.0,0.6000000000000001,0.4,0.7000000000000001,0.4,85.0,90.0,95.0,2418,2415,3,2418,0.0012406947890818859,0.3292421647948298,0.5,0.6584843295896596,208,0.08612836438923395,1.0,1
"iteration_4","SCOPE_DATA_COLLECTION",400,2,190.0,250.0,1,2490,1580,554,2444,1551,559,2499,1571,544,0,3,3,0.0,0.0019059720457433292,0.005484460694698354,0.33777864937802227,0.9099090657428567,1.7304550283155196,0.6755572987560445,0.9099090657428567,1.1536366855436797,0.08923569427771108,0.6581795035009548,0.7959558823529411,97.5,100.0,3749,520,355,5,1,0,0.0013336889837289945,0.0019230769230769232,0.0,0.6,0.5,0.7,0.4,85.0,80.0,90.0,0.6000000000000001,0.4,0.7000000000000001,0.4,85.0,90.0,95.0,1555,1554,1,1555,6.430868167202572E-4,0.929466200973662,1.0,0.929466200973662,1048,0.6743886743886743,1.0,1
"iteration_4","SCOPE_DATA_COLLECTION",400,2,190.0,250.0,2,2490,1580,554,2444,1551,559,2499,1571,544,0,3,3,0.0,0.0019059720457433292,0.005484460694698354,0.33777864937802227,0.9099090657428567,1.7304550283155196,0.6755572987560445,0.9099090657428567,1.1536366855436797,0.08923569427771108,0.6581795035009548,0.7959558823529411,97.5,100.0,3749,520,355,5,1,0,0.0013336889837289945,0.0019230769230769232,0.0,0.6,0.5,0.7,0.4,85.0,80.0,90.0,0.6000000000000001,0.4,0.7000000000000001,0.4,85.0,90.0,95.0,602,602,0,602,0.0,1.749069218975864,1.5,1.1660461459839093,487,0.8089700996677741,1.0,1
"iteration_4","SCOPE_DATA_COLLECTION",400,3,250.0,310.0,0,2418,1555,602,2490,1580,554,2414,1557,607,3,1,0,0.0012412081092263137,6.418485237483953E-4,0.0,0.32924703675938877,0.9310069944634809,1.7437857269365087,0.6584940735187775,0.9310069944634809,1.1625238179576725,0.08699254349627175,0.6750160565189467,0.8056013179571664,87.5,100.0,3614,592,369,3,1,0,8.301051466519093E-4,0.0016891891891891893,0.0,0.6000000000000001,0.4,0.7000000000000001,0.4,85.0,90.0,95.0,0.5,0.4,0.8,0.4,85.0,95.0,85.0,2499,2496,3,2499,0.0012004801920768306,0.3403523241339532,0.5,0.6807046482679064,259,0.10376602564102565,1.0,1
"iteration_4","SCOPE_DATA_COLLECTION",400,3,250.0,310.0,1,2418,1555,602,2490,1580,554,2414,1557,607,3,1,0,0.0012412081092263137,6.418485237483953E-4,0.0,0.32924703675938877,0.9310069944634809,1.7437857269365087,0.6584940735187775,0.9310069944634809,1.1625238179576725,0.08699254349627175,0.6750160565189467,0.8056013179571664,87.5,100.0,3614,592,369,3,1,0,8.301051466519093E-4,0.0016891891891891893,0.0,0.6000000000000001,0.4,0.7000000000000001,0.4,85.0,90.0,95.0,0.5,0.4,0.8,0.4,85.0,95.0,85.0,1584,1580,4,1584,0.0025252525252525255,0.930746408174512,1.0,0.930746408174512,1049,0.6639240506329114,1.0,1
"iteration_4","SCOPE_DATA_COLLECTION",400,3,250.0,310.0,2,2418,1555,602,2490,1580,554,2414,1557,607,3,1,0,0.0012412081092263137,6.418485237483953E-4,0.0,0.32924703675938877,0.9310069944634809,1.7437857269365087,0.6584940735187775,0.9310069944634809,1.1625238179576725,0.08699254349627175,0.6750160565189467,0.8056013179571664,87.5,100.0,3614,592,369,3,1,0,8.301051466519093E-4,0.0016891891891891893,0.0,0.6000000000000001,0.4,0.7000000000000001,0.4,85.0,90.0,95.0,0.5,0.4,0.8,0.4,85.0,95.0,85.0,588,586,2,588,0.003401360544217687,1.7179959197597512,1.5,1.1453306131731675,459,0.7832764505119454,1.0,1
"iteration_4","SCOPE_DATA_COLLECTION",400,4,310.0,370.0,0,2499,1584,588,2418,1555,602,2493,1578,586,3,4,2,0.001201923076923077,0.0025284450063211127,0.003401360544217687,0.34013179520481407,0.9282680957709651,1.7211994707520266,0.6802635904096281,0.9282680957709651,1.1474663138346843,0.10268752507019654,0.6622306717363752,0.7849829351535836,100.0,100.0,3763,437,471,9,0,0,0.0023917087430241827,0.0,0.0,0.5,0.4,0.8,0.4,85.0,95.0,85.0,0.5,0.4,0.7000000000000001,0.5,75.0,95.0,85.0,2534,2533,1,2534,3.946329913180742E-4,0.3327405252373219,0.5,0.6654810504746438,226,0.08922226608764311,1.0,1
"iteration_4","SCOPE_DATA_COLLECTION",400,4,310.0,370.0,1,2499,1584,588,2418,1555,602,2493,1578,586,3,4,2,0.001201923076923077,0.0025284450063211127,0.003401360544217687,0.34013179520481407,0.9282680957709651,1.7211994707520266,0.6802635904096281,0.9282680957709651,1.1474663138346843,0.10268752507019654,0.6622306717363752,0.7849829351535836,100.0,100.0,3763,437,471,9,0,0,0.0023917087430241827,0.0,0.0,0.5,0.4,0.8,0.4,85.0,95.0,85.0,0.5,0.4,0.7000000000000001,0.5,75.0,95.0,85.0,1572,1568,4,1572,0.002544529262086514,0.9003204943627585,1.0,0.9003204943627585,1034,0.6594387755102041,1.0,1
"iteration_4","SCOPE_DATA_COLLECTION",400,4,310.0,370.0,2,2499,1584,588,2418,1555,602,2493,1578,586,3,4,2,0.001201923076923077,0.0025284450063211127,0.003401360544217687,0.34013179520481407,0.9282680957709651,1.7211994707520266,0.6802635904096281,0.9282680957709651,1.1474663138346843,0.10268752507019654,0.6622306717363752,0.7849829351535836,100.0,100.0,3763,437,471,9,0,0,0.0023917087430241827,0.0,0.0,0.5,0.4,0.8,0.4,85.0,95.0,85.0,0.5,0.4,0.7000000000000001,0.5,75.0,95.0,85.0,610,609,1,610,0.001639344262295082,1.7307236940763888,1.5,1.1538157960509259,483,0.7931034482758621,1.0,1
"iteration_4","SCOPE_DATA_COLLECTION",400,5,370.0,430.0,0,2534,1572,610,2499,1584,588,2534,1572,613,1,4,1,3.944773175542406E-4,0.0025380710659898475,0.0016286644951140066,0.3329989114154138,0.9033071650341712,1.7303091938281214,0.6659978228308276,0.9033071650341712,1.153539462552081,0.08997632202052092,0.660941475826972,0.7928221859706363,87.5,100.0,3709,497,510,4,2,0,0.0010784578053383662,0.004024144869215292,0.0,0.5,0.4,0.7000000000000001,0.5,75.0,95.0,85.0,0.5,0.4,0.7000000000000001,0.5,75.0,95.0,85.0,2537,2537,0,2537,0.0,0.3326474411156627,0.5,0.6652948822313254,235,0.09262908947575876,1.0,1
"iteration_4","SCOPE_DATA_COLLECTION",400,5,370.0,430.0,1,2534,1572,610,2499,1584,588,2534,1572,613,1,4,1,3.944773175542406E-4,0.0025380710659898475,0.0016286644951140066,0.3329989114154138,0.9033071650341712,1.7303091938281214,0.6659978228308276,0.9033071650341712,1.153539462552081,0.08997632202052092,0.660941475826972,0.7928221859706363,87.5,100.0,3709,497,510,4,2,0,0.0010784578053383662,0.004024144869215292,0.0,0.5,0.4,0.7000000000000001,0.5,75.0,95.0,85.0,0.5,0.4,0.7000000000000001,0.5,75.0,95.0,85.0,1593,1590,3,1593,0.0018832391713747645,0.8917524514995798,1.0,0.8917524514995798,1014,0.6377358490566037,1.0,1
"iteration_4","SCOPE_DATA_COLLECTION",400,5,370.0,430.0,2,2534,1572,610,2499,1584,588,2534,1572,613,1,4,1,3.944773175542406E-4,0.0025380710659898475,0.0016286644951140066,0.3329989114154138,0.9033071650341712,1.7303091938281214,0.6659978228308276,0.9033071650341712,1.153539462552081,0.08997632202052092,0.660941475826972,0.7928221859706363,87.5,100.0,3709,497,510,4,2,0,0.0010784578053383662,0.004024144869215292,0.0,0.5,0.4,0.7000000000000001,0.5,75.0,95.0,85.0,0.5,0.4,0.7000000000000001,0.5,75.0,95.0,85.0,591,589,2,591,0.00338409475465313,1.7386292192306465,1.5,1.1590861461537643,470,0.797962648556876,1.0,1
"iteration_4","SCOPE_DATA_COLLECTION",400,6,430.0,490.0,0,2537,1593,591,2534,1572,610,2536,1581,590,0,3,2,0.0,0.001893939393939394,0.0033783783783783786,0.3326679587955475,0.8904892612236261,1.7418532743906727,0.665335917591095,0.8904892612236261,1.1612355162604484,0.09227129337539432,0.6363061353573688,0.8,90.0,100.0,3714,518,489,5,0,0,0.0013462574044157242,0.0,0.0,0.5,0.4,0.7000000000000001,0.5,75.0,95.0,85.0,0.5,0.4,0.6000000000000001,0.5,75.0,85.0,95.0,2430,2428,2,2430,8.230452674897119E-4,0.333891740546403,0.5,0.667783481092806,166,0.06836902800658978,1.0,1
"iteration_4","SCOPE_DATA_COLLECTION",400,6,430.0,490.0,1,2537,1593,591,2534,1572,610,2536,1581,590,0,3,2,0.0,0.001893939393939394,0.0033783783783783786,0.3326679587955475,0.8904892612236261,1.7418532743906727,0.665335917591095,0.8904892612236261,1.1612355162604484,0.09227129337539432,0.6363061353573688,0.8,90.0,100.0,3714,518,489,5,0,0,0.0013462574044157242,0.0,0.0,0.5,0.4,0.7000000000000001,0.5,75.0,95.0,85.0,0.5,0.4,0.6000000000000001,0.5,75.0,85.0,95.0,1510,1507,3,1510,0.001986754966887417,0.9047990119142251,1.0,0.9047990119142251,977,0.648307896483079,1.0,1
"iteration_4","SCOPE_DATA_COLLECTION",400,6,430.0,490.0,2,2537,1593,591,2534,1572,610,2536,1581,590,0,3,2,0.0,0.001893939393939394,0.0033783783783783786,0.3326679587955475,0.8904892612236261,1.7418532743906727,0.665335917591095,0.8904892612236261,1.1612355162604484,0.09227129337539432,0.6363061353573688,0.8,90.0,100.0,3714,518,489,5,0,0,0.0013462574044157242,0.0,0.0,0.5,0.4,0.7000000000000001,0.5,75.0,95.0,85.0,0.5,0.4,0.6000000000000001,0.5,75.0,85.0,95.0,590,587,3,590,0.005084745762711864,1.747483310840249,1.5,1.1649888738934993,477,0.8126064735945485,1.0,1
"iteration_4","SCOPE_DATA_COLLECTION",400,7,490.0,550.0,0,2430,1510,590,2537,1593,591,2422,1521,578,2,2,3,8.250825082508251E-4,0.0013131976362442547,0.0051635111876075735,0.33327881600834425,0.9086751653518078,1.7452592594596397,0.6665576320166885,0.9086751653518078,1.1635061729730931,0.06606110652353427,0.653517422748192,0.8114186851211073,87.5,100.0,3660,435,435,7,0,0,0.001912568306010929,0.0,0.0,0.5,0.4,0.6000000000000001,0.5,75.0,85.0,95.0,0.15000000000000002,0.5,0.6000000000000001,0.30000000000000004,40.0,35.0,65.0,2517,2513,4,2517,0.0015891934843067143,0.33119591406564103,0.5,0.6623918281312821,195,0.07759649820931158,1.0,1
"iteration_4","SCOPE_DATA_COLLECTION",400,7,490.0,550.0,1,2430,1510,590,2537,1593,591,2422,1521,578,2,2,3,8.250825082508251E-4,0.0013131976362442547,0.0051635111876075735,0.33327881600834425,0.9086751653518078,1.7452592594596397,0.6665576320166885,0.9086751653518078,1.1635061729730931,0.06606110652353427,0.653517422748192,0.8114186851211073,87.5,100.0,3660,435,435,7,0,0,0.001912568306010929,0.0,0.0,0.5,0.4,0.6000000000000001,0.5,75.0,85.0,95.0,0.15000000000000002,0.5,0.6000000000000001,0.30000000000000004,40.0,35.0,65.0,1572,1572,0,1572,0.0,0.8993618543636626,1.0,0.8993618543636626,1010,0.6424936386768448,1.0,1
"iteration_4","SCOPE_DATA_COLLECTION",400,7,490.0,550.0,2,2430,1510,590,2537,1593,591,2422,1521,578,2,2,3,8.250825082508251E-4,0.0013131976362442547,0.0051635111876075735,0.33327881600834425,0.9086751653518078,1.7452592594596397,0.6665576320166885,0.9086751653518078,1.1635061729730931,0.06606110652353427,0.653517422748192,0.8114186851211073,87.5,100.0,3660,435,435,7,0,0,0.001912568306010929,0.0,0.0,0.5,0.4,0.6000000000000001,0.5,75.0,85.0,95.0,0.15000000000000002,0.5,0.6000000000000001,0.30000000000000004,40.0,35.0,65.0,570,568,2,570,0.0035087719298245615,1.7486380410597864,1.5,1.1657586940398577,459,0.8080985915492958,1.0,1
"iteration_4","SCOPE_DATA_COLLECTION",400,8,550.0,610.0,0,2517,1572,570,2430,1510,590,2519,1558,568,4,1,2,0.0015854141894569957,6.414368184733803E-4,0.0035087719298245615,0.3321163939413799,0.8974787072830377,1.7539130465355555,0.6642327878827597,0.8974787072830377,1.169275364357037,0.08058753473600636,0.6392811296534018,0.8116197183098591,95.0,100.0,3734,138,787,6,1,0,0.0016068559185859668,0.007246376811594203,0.0,0.15000000000000002,0.5,0.6000000000000001,0.30000000000000004,40.0,35.0,65.0,0.15000000000000002,0.5,0.7000000000000001,0.4,50.0,25.0,75.0,2420,2418,2,2420,8.264462809917355E-4,0.3215448774189688,0.5,0.6430897548379376,171,0.0707196029776675,1.0,1
"iteration_4","SCOPE_DATA_COLLECTION",400,8,550.0,610.0,1,2517,1572,570,2430,1510,590,2519,1558,568,4,1,2,0.0015854141894569957,6.414368184733803E-4,0.0035087719298245615,0.3321163939413799,0.8974787072830377,1.7539130465355555,0.6642327878827597,0.8974787072830377,1.169275364357037,0.08058753473600636,0.6392811296534018,0.8116197183098591,95.0,100.0,3734,138,787,6,1,0,0.0016068559185859668,0.007246376811594203,0.0,0.15000000000000002,0.5,0.6000000000000001,0.30000000000000004,40.0,35.0,65.0,0.15000000000000002,0.5,0.7000000000000001,0.4,50.0,25.0,75.0,1625,1624,1,1625,6.153846153846154E-4,0.9117880269375493,1.0,0.9117880269375493,1071,0.6594827586206896,1.0,1
"iteration_4","SCOPE_DATA_COLLECTION",400,8,550.0,610.0,2,2517,1572,570,2430,1510,590,2519,1558,568,4,1,2,0.0015854141894569957,6.414368184733803E-4,0.0035087719298245615,0.3321163939413799,0.8974787072830377,1.7539130465355555,0.6642327878827597,0.8974787072830377,1.169275364357037,0.08058753473600636,0.6392811296534018,0.8116197183098591,95.0,100.0,3734,138,787,6,1,0,0.0016068559185859668,0.007246376811594203,0.0,0.15000000000000002,0.5,0.6000000000000001,0.30000000000000004,40.0,35.0,65.0,0.15000000000000002,0.5,0.7000000000000001,0.4,50.0,25.0,75.0,585,584,1,585,0.0017094017094017094,1.6942456167947084,1.5,1.129497077863139,453,0.7756849315068494,1.0,1
"iteration_4","SCOPE_DATA_COLLECTION",400,9,610.0,670.0,0,2420,1625,585,2517,1572,570,2417,1634,583,2,1,1,8.267879288962381E-4,6.116207951070336E-4,0.0017123287671232876,0.320379075437312,0.910523466668915,1.681797093313247,0.640758150874624,0.910523466668915,1.1211980622088313,0.06868018204385602,0.6591187270501836,0.7684391080617495,97.5,100.0,3639,147,844,4,0,0,0.0010992030777686177,0.0,0.0,0.15000000000000002,0.5,0.7000000000000001,0.4,50.0,25.0,75.0,0.15000000000000002,0.6000000000000001,0.6000000000000001,0.4,50.0,35.0,75.0,2480,2479,1,2480,4.032258064516129E-4,0.3296694083079083,0.5,0.6593388166158166,227,0.09156918112141993,1.0,1
"iteration_4","SCOPE_DATA_COLLECTION",400,9,610.0,670.0,1,2420,1625,585,2517,1572,570,2417,1634,583,2,1,1,8.267879288962381E-4,6.116207951070336E-4,0.0017123287671232876,0.320379075437312,0.910523466668915,1.681797093313247,0.640758150874624,0.910523466668915,1.1211980622088313,0.06868018204385602,0.6591187270501836,0.7684391080617495,97.5,100.0,3639,147,844,4,0,0,0.0010992030777686177,0.0,0.0,0.15000000000000002,0.5,0.7000000000000001,0.4,50.0,25.0,75.0,0.15000000000000002,0.6000000000000001,0.6000000000000001,0.4,50.0,35.0,75.0,1577,1575,2,1577,0.0012682308180088776,0.8897937605985495,1.0,0.8897937605985495,1012,0.6425396825396825,1.0,1
"iteration_4","SCOPE_DATA_COLLECTION",400,9,610.0,670.0,2,2420,1625,585,2517,1572,570,2417,1634,583,2,1,1,8.267879288962381E-4,6.116207951070336E-4,0.0017123287671232876,0.320379075437312,0.910523466668915,1.681797093313247,0.640758150874624,0.910523466668915,1.1211980622088313,0.06868018204385602,0.6591187270501836,0.7684391080617495,97.5,100.0,3639,147,844,4,0,0,0.0010992030777686177,0.0,0.0,0.15000000000000002,0.5,0.7000000000000001,0.4,50.0,25.0,75.0,0.15000000000000002,0.6000000000000001,0.6000000000000001,0.4,50.0,35.0,75.0,590,589,1,590,0.001694915254237288,1.7035193998240379,1.5,1.1356795998826918,460,0.7809847198641766,1.0,1
"iteration_4","SCOPE_DATA_COLLECTION",400,10,670.0,730.0,0,2480,1577,590,2420,1625,585,2485,1568,593,1,2,1,4.0225261464199515E-4,0.0012738853503184713,0.0016835016835016834,0.33043037507680817,0.8889117235028132,1.7113947500975342,0.6608607501536163,0.8889117235028132,1.1409298333983562,0.09295774647887324,0.6409438775510204,0.7858347386172007,100.0,100.0,3649,163,835,4,0,0,0.0010961907371882709,0.0,0.0,0.15000000000000002,0.6000000000000001,0.6000000000000001,0.4,50.0,35.0,75.0,0.15000000000000002,0.6000000000000001,0.7000000000000001,0.5,40.0,35.0,65.0,2445,2443,2,2445,8.179959100204499E-4,0.33286214775583894,0.5,0.6657242955116779,221,0.0904625460499386,1.0,1
"iteration_4","SCOPE_DATA_COLLECTION",400,10,670.0,730.0,1,2480,1577,590,2420,1625,585,2485,1568,593,1,2,1,4.0225261464199515E-4,0.0012738853503184713,0.0016835016835016834,0.33043037507680817,0.8889117235028132,1.7113947500975342,0.6608607501536163,0.8889117235028132,1.1409298333983562,0.09295774647887324,0.6409438775510204,0.7858347386172007,100.0,100.0,3649,163,835,4,0,0,0.0010961907371882709,0.0,0.0,0.15000000000000002,0.6000000000000001,0.6000000000000001,0.4,50.0,35.0,75.0,0.15000000000000002,0.6000000000000001,0.7000000000000001,0.5,40.0,35.0,65.0,1521,1518,3,1521,0.0019723865877712033,0.9313349367835728,1.0,0.9313349367835728,1034,0.6811594202898551,1.0,1
"iteration_4","SCOPE_DATA_COLLECTION",400,10,670.0,730.0,2,2480,1577,590,2420,1625,585,2485,1568,593,1,2,1,4.0225261464199515E-4,0.0012738853503184713,0.0016835016835016834,0.33043037507680817,0.8889117235028132,1.7113947500975342,0.6608607501536163,0.8889117235028132,1.1409298333983562,0.09295774647887324,0.6409438775510204,0.7858347386172007,100.0,100.0,3649,163,835,4,0,0,0.0010961907371882709,0.0,0.0,0.15000000000000002,0.6000000000000001,0.6000000000000001,0.4,50.0,35.0,75.0,0.15000000000000002,0.6000000000000001,0.7000000000000001,0.5,40.0,35.0,65.0,573,573,0,573,0.0,1.7071887016688478,1.5,1.1381258011125652,448,0.7818499127399651,1.0,1
"iteration_4","SCOPE_DATA_COLLECTION",400,11,730.0,790.0,0,2445,1521,573,2480,1577,590,2441,1527,579,2,3,0,8.186655751125665E-4,0.00196078431372549,0.0,0.33303328491296386,0.9314111891924898,1.7051884051377895,0.6660665698259277,0.9314111891924898,1.1367922700918596,0.0909463334698894,0.6836935166994106,0.7806563039723662,90.0,100.0,3672,133,734,5,0,0,0.0013616557734204794,0.0,0.0,0.15000000000000002,0.6000000000000001,0.7000000000000001,0.5,40.0,35.0,65.0,0.15000000000000002,0.5,0.8,0.4,50.0,25.0,75.0,2471,2470,1,2471,4.046944556859571E-4,0.3300532991027333,0.5,0.6601065982054666,207,0.08380566801619434,1.0,1
"iteration_4","SCOPE_DATA_COLLECTION",400,11,730.0,790.0,1,2445,1521,573,2480,1577,590,2441,1527,579,2,3,0,8.186655751125665E-4,0.00196078431372549,0.0,0.33303328491296386,0.9314111891924898,1.7051884051377895,0.6660665698259277,0.9314111891924898,1.1367922700918596,0.0909463334698894,0.6836935166994106,0.7806563039723662,90.0,100.0,3672,133,734,5,0,0,0.0013616557734204794,0.0,0.0,0.15000000000000002,0.6000000000000001,0.7000000000000001,0.5,40.0,35.0,65.0,0.15000000000000002,0.5,0.8,0.4,50.0,25.0,75.0,1620,1620,0,1620,0.0,0.9016331652626386,1.0,0.9016331652626386,1044,0.6444444444444445,1.0,1
"iteration_4","SCOPE_DATA_COLLECTION",400,11,730.0,790.0,2,2445,1521,573,2480,1577,590,2441,1527,579,2,3,0,8.186655751125665E-4,0.00196078431372549,0.0,0.33303328491296386,0.9314111891924898,1.7051884051377895,0.6660665698259277,0.9314111891924898,1.1367922700918596,0.0909463334698894,0.6836935166994106,0.7806563039723662,90.0,100.0,3672,133,734,5,0,0,0.0013616557734204794,0.0,0.0,0.15000000000000002,0.6000000000000001,0.7000000000000001,0.5,40.0,35.0,65.0,0.15000000000000002,0.5,0.8,0.4,50.0,25.0,75.0,567,565,2,567,0.003527336860670194,1.6893423735062483,1.5,1.1262282490041655,437,0.7734513274336283,1.0,1
"iteration_4","SCOPE_DATA_COLLECTION",400,12,790.0,850.0,0,2471,1620,567,2445,1521,573,2471,1607,563,1,0,2,4.045307443365696E-4,0.0,0.0035398230088495575,0.33011761781794247,0.900460484649304,1.6901127342396873,0.6602352356358849,0.900460484649304,1.1267418228264583,0.08377175232699312,0.6409458618543871,0.7726465364120781,92.5,100.0,3709,142,807,3,0,0,8.088433540037746E-4,0.0,0.0,0.15000000000000002,0.5,0.8,0.4,50.0,25.0,75.0,0.6000000000000001,0.8,0.1,0.6000000000000001,95.0,35.0,60.0,2523,2523,0,2523,0.0,0.3275005251820165,0.5,0.655001050364033,180,0.0713436385255648,1.0,1
"iteration_4","SCOPE_DATA_COLLECTION",400,12,790.0,850.0,1,2471,1620,567,2445,1521,573,2471,1607,563,1,0,2,4.045307443365696E-4,0.0,0.0035398230088495575,0.33011761781794247,0.900460484649304,1.6901127342396873,0.6602352356358849,0.900460484649304,1.1267418228264583,0.08377175232699312,0.6409458618543871,0.7726465364120781,92.5,100.0,3709,142,807,3,0,0,8.088433540037746E-4,0.0,0.0,0.15000000000000002,0.5,0.8,0.4,50.0,25.0,75.0,0.6000000000000001,0.8,0.1,0.6000000000000001,95.0,35.0,60.0,1565,1565,0,1565,0.0,0.9084670395883772,1.0,0.9084670395883772,1036,0.6619808306709265,1.0,1
"iteration_4","SCOPE_DATA_COLLECTION",400,12,790.0,850.0,2,2471,1620,567,2445,1521,573,2471,1607,563,1,0,2,4.045307443365696E-4,0.0,0.0035398230088495575,0.33011761781794247,0.900460484649304,1.6901127342396873,0.6602352356358849,0.900460484649304,1.1267418228264583,0.08377175232699312,0.6409458618543871,0.7726465364120781,92.5,100.0,3709,142,807,3,0,0,8.088433540037746E-4,0.0,0.0,0.15000000000000002,0.5,0.8,0.4,50.0,25.0,75.0,0.6000000000000001,0.8,0.1,0.6000000000000001,95.0,35.0,60.0,523,523,0,523,0.0,1.7662259338906183,1.5,1.1774839559270789,429,0.8202676864244742,1.0,1
"iteration_4","SCOPE_DATA_COLLECTION",400,13,850.0,910.0,0,2523,1565,523,2471,1620,567,2518,1568,521,0,0,0,0.0,0.0,0.0,0.32715431941929324,0.90930535084908,1.7684500070039448,0.6543086388385865,0.90930535084908,1.1789666713359632,0.07069102462271644,0.6619897959183674,0.8214971209213052,100.0,100.0,3722,553,336,0,0,0,0.0,0.0,0.0,0.6000000000000001,0.8,0.1,0.6000000000000001,95.0,35.0,60.0,0.7000000000000001,0.9,0.2,0.5,85.0,25.0,70.0,2437,2433,4,2437,0.0016413623307345096,0.3280053659525395,0.5,0.656010731905079,217,0.08919030004110153,1.0,1
"iteration_4","SCOPE_DATA_COLLECTION",400,13,850.0,910.0,1,2523,1565,523,2471,1620,567,2518,1568,521,0,0,0,0.0,0.0,0.0,0.32715431941929324,0.90930535084908,1.7684500070039448,0.6543086388385865,0.90930535084908,1.1789666713359632,0.07069102462271644,0.6619897959183674,0.8214971209213052,100.0,100.0,3722,553,336,0,0,0,0.0,0.0,0.0,0.6000000000000001,0.8,0.1,0.6000000000000001,95.0,35.0,60.0,0.7000000000000001,0.9,0.2,0.5,85.0,25.0,70.0,1593,1593,0,1593,0.0,0.8892647843407779,1.0,0.8892647843407779,1033,0.6484620213433773,1.0,1
"iteration_4","SCOPE_DATA_COLLECTION",400,13,850.0,910.0,2,2523,1565,523,2471,1620,567,2518,1568,521,0,0,0,0.0,0.0,0.0,0.32715431941929324,0.90930535084908,1.7684500070039448,0.6543086388385865,0.90930535084908,1.1789666713359632,0.07069102462271644,0.6619897959183674,0.8214971209213052,100.0,100.0,3722,553,336,0,0,0,0.0,0.0,0.0,0.6000000000000001,0.8,0.1,0.6000000000000001,95.0,35.0,60.0,0.7000000000000001,0.9,0.2,0.5,85.0,25.0,70.0,605,601,4,605,0.006611570247933884,1.6998822487959881,1.5,1.1332548325306588,468,0.778702163061564,1.0,1
"iteration_4","SCOPE_DATA_COLLECTION",400,14,910.0,970.0,0,2437,1593,605,2523,1565,523,2433,1599,596,4,0,4,0.0016413623307345096,0.0,0.006666666666666667,0.32813169971759615,0.8925326898744195,1.6978877044351308,0.6562633994351923,0.8925326898744195,1.1319251362900873,0.08919030004110153,0.6522826766729206,0.7785234899328859,97.5,100.0,3615,722,298,7,1,0,0.0019363762102351315,0.0013850415512465374,0.0,0.7000000000000001,0.9,0.2,0.5,85.0,25.0,70.0,0.4,0.7000000000000001,0.1,0.7000000000000001,55.0,55.0,85.0,2474,2474,0,2474,0.0,0.32916691462134995,0.5,0.6583338292426999,173,0.06992724333063864,1.0,1
"iteration_4","SCOPE_DATA_COLLECTION",400,14,910.0,970.0,1,2437,1593,605,2523,1565,523,2433,1599,596,4,0,4,0.0016413623307345096,0.0,0.006666666666666667,0.32813169971759615,0.8925326898744195,1.6978877044351308,0.6562633994351923,0.8925326898744195,1.1319251362900873,0.08919030004110153,0.6522826766729206,0.7785234899328859,97.5,100.0,3615,722,298,7,1,0,0.0019363762102351315,0.0013850415512465374,0.0,0.7000000000000001,0.9,0.2,0.5,85.0,25.0,70.0,0.4,0.7000000000000001,0.1,0.7000000000000001,55.0,55.0,85.0,1603,1603,0,1603,0.0,0.8963001172049885,1.0,0.8963001172049885,1052,0.6562694946974423,1.0,1
"iteration_4","SCOPE_DATA_COLLECTION",400,14,910.0,970.0,2,2437,1593,605,2523,1565,523,2433,1599,596,4,0,4,0.0016413623307345096,0.0,0.006666666666666667,0.32813169971759615,0.8925326898744195,1.6978877044351308,0.6562633994351923,0.8925326898744195,1.1319251362900873,0.08919030004110153,0.6522826766729206,0.7785234899328859,97.5,100.0,3615,722,298,7,1,0,0.0019363762102351315,0.0013850415512465374,0.0,0.7000000000000001,0.9,0.2,0.5,85.0,25.0,70.0,0.4,0.7000000000000001,0.1,0.7000000000000001,55.0,55.0,85.0,563,562,1,563,0.0017761989342806395,1.7256052610323667,1.5,1.150403507354911,449,0.798932384341637,1.0,1
"iteration_4","SCOPE_DATA_COLLECTION",400,15,970.0,1030.0,0,2474,1603,563,2437,1593,605,2482,1601,568,0,0,1,0.0,0.0,0.0017574692442882249,0.32934527904741734,0.8935797315109696,1.724118854846894,0.6586905580948347,0.8935797315109696,1.1494125698979294,0.07050765511684126,0.6533416614615865,0.7975352112676056,90.0,100.0,3729,406,505,1,0,0,2.681684097613301E-4,0.0,0.0,0.4,0.7000000000000001,0.1,0.7000000000000001,55.0,55.0,85.0,0.15000000000000002,0.6000000000000001,0.5,0.6000000000000001,90.0,75.0,30.0,2490,2489,1,2490,4.0160642570281126E-4,0.32737985732125363,0.5,0.6547597146425073,249,0.10004017677782241,1.0,1
"iteration_4","SCOPE_DATA_COLLECTION",400,15,970.0,1030.0,1,2474,1603,563,2437,1593,605,2482,1601,568,0,0,1,0.0,0.0,0.0017574692442882249,0.32934527904741734,0.8935797315109696,1.724118854846894,0.6586905580948347,0.8935797315109696,1.1494125698979294,0.07050765511684126,0.6533416614615865,0.7975352112676056,90.0,100.0,3729,406,505,1,0,0,2.681684097613301E-4,0.0,0.0,0.4,0.7000000000000001,0.1,0.7000000000000001,55.0,55.0,85.0,0.15000000000000002,0.6000000000000001,0.5,0.6000000000000001,90.0,75.0,30.0,1626,1624,2,1626,0.0012300123001230013,0.8900819404641716,1.0,0.8900819404641716,1040,0.6403940886699507,1.0,1
"iteration_4","SCOPE_DATA_COLLECTION",400,15,970.0,1030.0,2,2474,1603,563,2437,1593,605,2482,1601,568,0,0,1,0.0,0.0,0.0017574692442882249,0.32934527904741734,0.8935797315109696,1.724118854846894,0.6586905580948347,0.8935797315109696,1.1494125698979294,0.07050765511684126,0.6533416614615865,0.7975352112676056,90.0,100.0,3729,406,505,1,0,0,2.681684097613301E-4,0.0,0.0,0.4,0.7000000000000001,0.1,0.7000000000000001,55.0,55.0,85.0,0.15000000000000002,0.6000000000000001,0.5,0.6000000000000001,90.0,75.0,30.0,617,615,2,617,0.0032414910858995136,1.6988225205684735,1.5,1.132548347045649,475,0.7723577235772358,1.0,1
"iteration_4","SCOPE_DATA_COLLECTION",400,16,1030.0,1090.0,0,2490,1626,617,2474,1603,563,2481,1623,609,1,2,2,4.0290088638195E-4,0.0012307692307692308,0.0032733224222585926,0.32710095277461354,0.8896798951883946,1.692188768689331,0.6542019055492271,0.8896798951883946,1.1281258457928873,0.09915356711003627,0.6401725200246458,0.7701149425287356,97.5,100.0,3670,149,914,4,1,0,0.0010899182561307902,0.006711409395973154,0.0,0.15000000000000002,0.6000000000000001,0.5,0.6000000000000001,90.0,75.0,30.0,0.15000000000000002,0.6000000000000001,0.5,0.6000000000000001,90.0,75.0,30.0,2502,2500,2,2502,7.993605115907274E-4,0.33401683838226226,0.5,0.6680336767645245,229,0.0916,1.0,1
"iteration_4","SCOPE_DATA_COLLECTION",400,16,1030.0,1090.0,1,2490,1626,617,2474,1603,563,2481,1623,609,1,2,2,4.0290088638195E-4,0.0012307692307692308,0.0032733224222585926,0.32710095277461354,0.8896798951883946,1.692188768689331,0.6542019055492271,0.8896798951883946,1.1281258457928873,0.09915356711003627,0.6401725200246458,0.7701149425287356,97.5,100.0,3670,149,914,4,1,0,0.0010899182561307902,0.006711409395973154,0.0,0.15000000000000002,0.6000000000000001,0.5,0.6000000000000001,90.0,75.0,30.0,0.15000000000000002,0.6000000000000001,0.5,0.6000000000000001,90.0,75.0,30.0,1543,1542,1,1543,6.480881399870382E-4,0.9320576297974078,1.0,0.9320576297974078,1063,0.6893644617380026,1.0,1
"iteration_4","SCOPE_DATA_COLLECTION",400,16,1030.0,1090.0,2,2490,1626,617,2474,1603,563,2481,1623,609,1,2,2,4.0290088638195E-4,0.0012307692307692308,0.0032733224222585926,0.32710095277461354,0.8896798951883946,1.692188768689331,0.6542019055492271,0.8896798951883946,1.1281258457928873,0.09915356711003627,0.6401725200246458,0.7701149425287356,97.5,100.0,3670,149,914,4,1,0,0.0010899182561307902,0.006711409395973154,0.0,0.15000000000000002,0.6000000000000001,0.5,0.6000000000000001,90.0,75.0,30.0,0.15000000000000002,0.6000000000000001,0.5,0.6000000000000001,90.0,75.0,30.0,546,544,2,546,0.003663003663003663,1.7266693035232923,1.5,1.1511128690155281,431,0.7922794117647058,1.0,1
"iteration_4","SCOPE_DATA_COLLECTION",400,17,1090.0,1150.0,0,2502,1543,546,2490,1626,617,2498,1544,547,2,1,2,8.0E-4,6.472491909385113E-4,0.0036429872495446266,0.33456657296393816,0.9331353045026749,1.7338788487102397,0.6691331459278763,0.9331353045026749,1.155919232473493,0.09287429943955164,0.6910621761658031,0.7952468007312614,100.0,100.0,3732,143,716,5,0,0,0.0013397642015005359,0.0,0.0,0.15000000000000002,0.6000000000000001,0.5,0.6000000000000001,90.0,75.0,30.0,0.05,0.5,0.5,0.5,95.0,65.0,20.0,2405,2402,3,2405,0.0012474012474012475,0.3318548689812455,0.5,0.663709737962491,214,0.0890924229808493,1.0,1
"iteration_4","SCOPE_DATA_COLLECTION",400,17,1090.0,1150.0,1,2502,1543,546,2490,1626,617,2498,1544,547,2,1,2,8.0E-4,6.472491909385113E-4,0.0036429872495446266,0.33456657296393816,0.9331353045026749,1.7338788487102397,0.6691331459278763,0.9331353045026749,1.155919232473493,0.09287429943955164,0.6910621761658031,0.7952468007312614,100.0,100.0,3732,143,716,5,0,0,0.0013397642015005359,0.0,0.0,0.15000000000000002,0.6000000000000001,0.5,0.6000000000000001,90.0,75.0,30.0,0.05,0.5,0.5,0.5,95.0,65.0,20.0,1549,1547,2,1549,0.0012911555842479018,0.915397214634088,1.0,0.915397214634088,1053,0.680672268907563,1.0,1
"iteration_4","SCOPE_DATA_COLLECTION",400,17,1090.0,1150.0,2,2502,1543,546,2490,1626,617,2498,1544,547,2,1,2,8.0E-4,6.472491909385113E-4,0.0036429872495446266,0.33456657296393816,0.9331353045026749,1.7338788487102397,0.6691331459278763,0.9331353045026749,1.155919232473493,0.09287429943955164,0.6910621761658031,0.7952468007312614,100.0,100.0,3732,143,716,5,0,0,0.0013397642015005359,0.0,0.0,0.15000000000000002,0.6000000000000001,0.5,0.6000000000000001,90.0,75.0,30.0,0.05,0.5,0.5,0.5,95.0,65.0,20.0,576,575,1,576,0.001736111111111111,1.769664693497447,1.5,1.1797764623316314,473,0.8226086956521739,1.0,1
"iteration_4","SCOPE_DATA_COLLECTION",400,18,1150.0,1210.0,0,2405,1549,576,2502,1543,546,2410,1551,574,3,2,1,0.0012432656444260257,0.00128783000643915,0.0017391304347826088,0.3315990214486033,0.9167086535322369,1.767251793981198,0.6631980428972066,0.9167086535322369,1.178167862654132,0.08879668049792531,0.6827852998065764,0.8205574912891986,95.0,100.0,3643,42,845,6,0,0,0.0016469942355201758,0.0,0.0,0.05,0.5,0.5,0.5,95.0,65.0,20.0,0.15000000000000002,0.6000000000000001,0.6000000000000001,0.5,85.0,75.0,20.0,2469,2468,1,2469,4.050222762251924E-4,0.3245538357656367,0.5,0.6491076715312734,214,0.08670988654781199,1.0,1
"iteration_4","SCOPE_DATA_COLLECTION",400,18,1150.0,1210.0,1,2405,1549,576,2502,1543,546,2410,1551,574,3,2,1,0.0012432656444260257,0.00128783000643915,0.0017391304347826088,0.3315990214486033,0.9167086535322369,1.767251793981198,0.6631980428972066,0.9167086535322369,1.178167862654132,0.08879668049792531,0.6827852998065764,0.8205574912891986,95.0,100.0,3643,42,845,6,0,0,0.0016469942355201758,0.0,0.0,0.05,0.5,0.5,0.5,95.0,65.0,20.0,0.15000000000000002,0.6000000000000001,0.6000000000000001,0.5,85.0,75.0,20.0,1603,1602,1,1603,6.238303181534623E-4,0.8964702809542409,1.0,0.8964702809542409,1015,0.6335830212234707,1.0,1
"iteration_4","SCOPE_DATA_COLLECTION",400,18,1150.0,1210.0,2,2405,1549,576,2502,1543,546,2410,1551,574,3,2,1,0.0012432656444260257,0.00128783000643915,0.0017391304347826088,0.3315990214486033,0.9167086535322369,1.767251793981198,0.6631980428972066,0.9167086535322369,1.178167862654132,0.08879668049792531,0.6827852998065764,0.8205574912891986,95.0,100.0,3643,42,845,6,0,0,0.0016469942355201758,0.0,0.0,0.05,0.5,0.5,0.5,95.0,65.0,20.0,0.15000000000000002,0.6000000000000001,0.6000000000000001,0.5,85.0,75.0,20.0,567,566,1,567,0.001763668430335097,1.7057804013091455,1.5,1.137186934206097,441,0.7791519434628975,1.0,1
"iteration_4","SCOPE_DATA_COLLECTION",400,19,1210.0,1270.0,0,2469,1603,567,2405,1549,576,2459,1599,571,1,1,1,4.065040650406504E-4,6.25E-4,0.0017482517482517483,0.3242166101241714,0.895042190205759,1.7097995960468577,0.6484332202483428,0.895042190205759,1.1398663973645717,0.08621390809272061,0.6303939962476548,0.7810858143607706,97.5,100.0,3629,141,869,3,0,0,8.266740148801323E-4,0.0,0.0,0.15000000000000002,0.6000000000000001,0.6000000000000001,0.5,85.0,75.0,20.0,0.7000000000000001,0.9,0.7000000000000001,0.30000000000000004,95.0,60.0,40.0,2482,2481,1,2482,4.0290088638195E-4,0.32582286719448295,0.5,0.6516457343889659,181,0.07295445384925434,1.0,1
"iteration_4","SCOPE_DATA_COLLECTION",400,19,1210.0,1270.0,1,2469,1603,567,2405,1549,576,2459,1599,571,1,1,1,4.065040650406504E-4,6.25E-4,0.0017482517482517483,0.3242166101241714,0.895042190205759,1.7097995960468577,0.6484332202483428,0.895042190205759,1.1398663973645717,0.08621390809272061,0.6303939962476548,0.7810858143607706,97.5,100.0,3629,141,869,3,0,0,8.266740148801323E-4,0.0,0.0,0.15000000000000002,0.6000000000000001,0.6000000000000001,0.5,85.0,75.0,20.0,0.7000000000000001,0.9,0.7000000000000001,0.30000000000000004,95.0,60.0,40.0,1606,1605,1,1606,6.226650062266501E-4,0.8996577734882286,1.0,0.8996577734882286,1040,0.6479750778816199,1.0,1
"iteration_4","SCOPE_DATA_COLLECTION",400,19,1210.0,1270.0,2,2469,1603,567,2405,1549,576,2459,1599,571,1,1,1,4.065040650406504E-4,6.25E-4,0.0017482517482517483,0.3242166101241714,0.895042190205759,1.7097995960468577,0.6484332202483428,0.895042190205759,1.1398663973645717,0.08621390809272061,0.6303939962476548,0.7810858143607706,97.5,100.0,3629,141,869,3,0,0,8.266740148801323E-4,0.0,0.0,0.15000000000000002,0.6000000000000001,0.6000000000000001,0.5,85.0,75.0,20.0,0.7000000000000001,0.9,0.7000000000000001,0.30000000000000004,95.0,60.0,40.0,570,568,2,570,0.0035087719298245615,1.697338804369041,1.5,1.131559202912694,443,0.7799295774647887,1.0,1
"iteration_4","SCOPE_DATA_COLLECTION",400,20,1270.0,1330.0,0,2482,1606,570,2469,1603,567,2485,1604,565,1,1,2,4.0225261464199515E-4,6.230529595015577E-4,0.003527336860670194,0.32598117265733095,0.899636860828021,1.6975955448306979,0.6519623453146619,0.899636860828021,1.1317303632204652,0.07323943661971831,0.6483790523690773,0.7805309734513274,100.0,100.0,3658,723,277,3,1,0,8.201202843083652E-4,0.0013831258644536654,0.0,0.7000000000000001,0.9,0.7000000000000001,0.30000000000000004,95.0,60.0,40.0,0.6000000000000001,0.9,0.8,0.2,85.0,50.0,50.0,2369,2366,3,2369,0.001266357112705783,0.33114650597797946,0.5,0.6622930119559589,183,0.07734573119188504,1.0,1
"iteration_4","SCOPE_DATA_COLLECTION",400,20,1270.0,1330.0,1,2482,1606,570,2469,1603,567,2485,1604,565,1,1,2,4.0225261464199515E-4,6.230529595015577E-4,0.003527336860670194,0.32598117265733095,0.899636860828021,1.6975955448306979,0.6519623453146619,0.899636860828021,1.1317303632204652,0.07323943661971831,0.6483790523690773,0.7805309734513274,100.0,100.0,3658,723,277,3,1,0,8.201202843083652E-4,0.0013831258644536654,0.0,0.7000000000000001,0.9,0.7000000000000001,0.30000000000000004,95.0,60.0,40.0,0.6000000000000001,0.9,0.8,0.2,85.0,50.0,50.0,1527,1526,1,1527,6.548788474132286E-4,0.9130015217114328,1.0,0.9130015217114328,1008,0.6605504587155964,1.0,1
"iteration_4","SCOPE_DATA_COLLECTION",400,20,1270.0,1330.0,2,2482,1606,570,2469,1603,567,2485,1604,565,1,1,2,4.0225261464199515E-4,6.230529595015577E-4,0.003527336860670194,0.32598117265733095,0.899636860828021,1.6975955448306979,0.6519623453146619,0.899636860828021,1.1317303632204652,0.07323943661971831,0.6483790523690773,0.7805309734513274,100.0,100.0,3658,723,277,3,1,0,8.201202843083652E-4,0.0013831258644536654,0.0,0.7000000000000001,0.9,0.7000000000000001,0.30000000000000004,95.0,60.0,40.0,0.6000000000000001,0.9,0.8,0.2,85.0,50.0,50.0,575,575,0,575,0.0,1.7376419819718518,1.5,1.1584279879812345,462,0.8034782608695652,1.0,1
"iteration_4","SCOPE_DATA_COLLECTION",400,21,1330.0,1390.0,0,2369,1527,575,2482,1606,570,2366,1521,580,3,1,0,0.001266357112705783,6.57030223390276E-4,0.0,0.33094462568209726,0.9125872833854669,1.7367205714118548,0.6618892513641945,0.9125872833854669,1.15781371427457,0.0765004226542688,0.6594345825115056,0.803448275862069,100.0,100.0,3581,557,333,3,1,0,8.377548170901983E-4,0.0017953321364452424,0.0,0.6000000000000001,0.9,0.8,0.2,85.0,50.0,50.0,0.7000000000000001,0.9,0.8,0.30000000000000004,85.0,40.0,60.0,2519,2517,2,2519,7.939658594680428E-4,0.3295630770546315,0.5,0.659126154109263,224,0.08899483512117601,1.0,1
"iteration_4","SCOPE_DATA_COLLECTION",400,21,1330.0,1390.0,1,2369,1527,575,2482,1606,570,2366,1521,580,3,1,0,0.001266357112705783,6.57030223390276E-4,0.0,0.33094462568209726,0.9125872833854669,1.7367205714118548,0.6618892513641945,0.9125872833854669,1.15781371427457,0.0765004226542688,0.6594345825115056,0.803448275862069,100.0,100.0,3581,557,333,3,1,0,8.377548170901983E-4,0.0017953321364452424,0.0,0.6000000000000001,0.9,0.8,0.2,85.0,50.0,50.0,0.7000000000000001,0.9,0.8,0.30000000000000004,85.0,40.0,60.0,1641,1638,3,1641,0.0018281535648994515,0.9192911221916429,1.0,0.9192911221916429,1067,0.6514041514041514,1.0,1
"iteration_4","SCOPE_DATA_COLLECTION",400,21,1330.0,1390.0,2,2369,1527,575,2482,1606,570,2366,1521,580,3,1,0,0.001266357112705783,6.57030223390276E-4,0.0,0.33094462568209726,0.9125872833854669,1.7367205714118548,0.6618892513641945,0.9125872833854669,1.15781371427457,0.0765004226542688,0.6594345825115056,0.803448275862069,100.0,100.0,3581,557,333,3,1,0,8.377548170901983E-4,0.0017953321364452424,0.0,0.6000000000000001,0.9,0.8,0.2,85.0,50.0,50.0,0.7000000000000001,0.9,0.8,0.30000000000000004,85.0,40.0,60.0,558,558,0,558,0.0,1.6913966984072597,1.5,1.1275977989381731,433,0.7759856630824373,1.0,1
"iteration_4","SCOPE_DATA_COLLECTION",400,22,1390.0,1450.0,0,2519,1641,558,2369,1527,575,2518,1644,554,2,3,0,7.936507936507937E-4,0.0018214936247723133,0.0,0.3297552435135302,0.9198500875423978,1.6906669933269116,0.6595104870270604,0.9198500875423978,1.1271113288846077,0.08975377283558379,0.6538929440389294,0.776173285198556,92.5,100.0,3734,649,335,5,0,0,0.001339046598821639,0.0,0.0,0.7000000000000001,0.9,0.8,0.30000000000000004,85.0,40.0,60.0,0.6000000000000001,0.9,0.7000000000000001,0.30000000000000004,85.0,40.0,60.0,2490,2488,2,2490,8.032128514056225E-4,0.33636001929150666,0.5,0.6727200385830133,241,0.09686495176848875,1.0,1
"iteration_4","SCOPE_DATA_COLLECTION",400,22,1390.0,1450.0,1,2519,1641,558,2369,1527,575,2518,1644,554,2,3,0,7.936507936507937E-4,0.0018214936247723133,0.0,0.3297552435135302,0.9198500875423978,1.6906669933269116,0.6595104870270604,0.9198500875423978,1.1271113288846077,0.08975377283558379,0.6538929440389294,0.776173285198556,92.5,100.0,3734,649,335,5,0,0,0.001339046598821639,0.0,0.0,0.7000000000000001,0.9,0.8,0.30000000000000004,85.0,40.0,60.0,0.6000000000000001,0.9,0.7000000000000001,0.30000000000000004,85.0,40.0,60.0,1531,1530,1,1531,6.531678641410843E-4,0.920225061303411,1.0,0.920225061303411,1022,0.6679738562091503,1.0,1
"iteration_4","SCOPE_DATA_COLLECTION",400,22,1390.0,1450.0,2,2519,1641,558,2369,1527,575,2518,1644,554,2,3,0,7.936507936507937E-4,0.0018214936247723133,0.0,0.3297552435135302,0.9198500875423978,1.6906669933269116,0.6595104870270604,0.9198500875423978,1.1271113288846077,0.08975377283558379,0.6538929440389294,0.776173285198556,92.5,100.0,3734,649,335,5,0,0,0.001339046598821639,0.0,0.0,0.7000000000000001,0.9,0.8,0.30000000000000004,85.0,40.0,60.0,0.6000000000000001,0.9,0.7000000000000001,0.30000000000000004,85.0,40.0,60.0,595,592,3,595,0.005042016806722689,1.6786469505212005,1.5,1.1190979670141337,456,0.7702702702702703,1.0,1
"iteration_4","SCOPE_DATA_COLLECTION",400,23,1450.0,1510.0,0,2490,1531,595,2519,1641,558,2487,1527,593,2,1,3,8.035355564483728E-4,6.544502617801048E-4,0.0050335570469798654,0.3364726493070335,0.9197987727456512,1.678375133844508,0.672945298614067,0.9197987727456512,1.1189167558963387,0.0973059911540008,0.6653569089718402,0.7689713322091062,97.5,100.0,3667,580,369,6,0,0,0.001636214889555495,0.0,0.0,0.6000000000000001,0.9,0.7000000000000001,0.30000000000000004,85.0,40.0,60.0,0.5,0.9,0.6000000000000001,0.30000000000000004,75.0,50.0,50.0,2570,2569,1,2570,3.891050583657588E-4,0.3277578171740246,0.5,0.6555156343480492,255,0.09926041261191125,1.0,1
"iteration_4","SCOPE_DATA_COLLECTION",400,23,1450.0,1510.0,1,2490,1531,595,2519,1641,558,2487,1527,593,2,1,3,8.035355564483728E-4,6.544502617801048E-4,0.0050335570469798654,0.3364726493070335,0.9197987727456512,1.678375133844508,0.672945298614067,0.9197987727456512,1.1189167558963387,0.0973059911540008,0.6653569089718402,0.7689713322091062,97.5,100.0,3667,580,369,6,0,0,0.001636214889555495,0.0,0.0,0.6000000000000001,0.9,0.7000000000000001,0.30000000000000004,85.0,40.0,60.0,0.5,0.9,0.6000000000000001,0.30000000000000004,75.0,50.0,50.0,1556,1554,2,1556,0.0012853470437017994,0.8985155937927848,1.0,0.8985155937927848,1017,0.6544401544401545,1.0,1
"iteration_4","SCOPE_DATA_COLLECTION",400,23,1450.0,1510.0,2,2490,1531,595,2519,1641,558,2487,1527,593,2,1,3,8.035355564483728E-4,6.544502617801048E-4,0.0050335570469798654,0.3364726493070335,0.9197987727456512,1.678375133844508,0.672945298614067,0.9197987727456512,1.1189167558963387,0.0973059911540008,0.6653569089718402,0.7689713322091062,97.5,100.0,3667,580,369,6,0,0,0.001636214889555495,0.0,0.0,0.6000000000000001,0.9,0.7000000000000001,0.30000000000000004,85.0,40.0,60.0,0.5,0.9,0.6000000000000001,0.30000000000000004,75.0,50.0,50.0,604,603,1,604,0.0016556291390728477,1.7074456377120009,1.5,1.1382970918080006,477,0.7910447761194029,1.0,1
"iteration_4","SCOPE_DATA_COLLECTION",400,24,1510.0,1570.0,0,2570,1556,604,2490,1531,595,2568,1558,604,1,2,1,3.8925652004671076E-4,0.001282051282051282,0.001652892561983471,0.32712198676068843,0.8989745973195379,1.707466149308709,0.6542439735213769,0.8989745973195379,1.138310766205806,0.09774143302180685,0.6553273427471117,0.7913907284768212,100.0,100.0,3683,539,508,2,2,0,5.430355688297583E-4,0.0037105751391465678,0.0,0.5,0.9,0.6000000000000001,0.30000000000000004,75.0,50.0,50.0,0.6000000000000001,0.8,0.5,0.4,75.0,50.0,40.0,2448,2446,2,2448,8.169934640522876E-4,0.3337163297197677,0.5,0.6674326594395354,215,0.08789860997547015,1.0,1
"iteration_4","SCOPE_DATA_COLLECTION",400,24,1510.0,1570.0,1,2570,1556,604,2490,1531,595,2568,1558,604,1,2,1,3.8925652004671076E-4,0.001282051282051282,0.001652892561983471,0.32712198676068843,0.8989745973195379,1.707466149308709,0.6542439735213769,0.8989745973195379,1.138310766205806,0.09774143302180685,0.6553273427471117,0.7913907284768212,100.0,100.0,3683,539,508,2,2,0,5.430355688297583E-4,0.0037105751391465678,0.0,0.5,0.9,0.6000000000000001,0.30000000000000004,75.0,50.0,50.0,0.6000000000000001,0.8,0.5,0.4,75.0,50.0,40.0,1529,1528,1,1529,6.540222367560497E-4,0.9096163826128677,1.0,0.9096163826128677,1021,0.6681937172774869,1.0,1
"iteration_4","SCOPE_DATA_COLLECTION",400,24,1510.0,1570.0,2,2570,1556,604,2490,1531,595,2568,1558,604,1,2,1,3.8925652004671076E-4,0.001282051282051282,0.001652892561983471,0.32712198676068843,0.8989745973195379,1.707466149308709,0.6542439735213769,0.8989745973195379,1.138310766205806,0.09774143302180685,0.6553273427471117,0.7913907284768212,100.0,100.0,3683,539,508,2,2,0,5.430355688297583E-4,0.0037105751391465678,0.0,0.5,0.9,0.6000000000000001,0.30000000000000004,75.0,50.0,50.0,0.6000000000000001,0.8,0.5,0.4,75.0,50.0,40.0,572,571,1,572,0.0017482517482517483,1.7420147799069883,1.5,1.1613431866046589,458,0.8021015761821366,1.0,1
"iteration_4","SCOPE_DATA_COLLECTION",400,25,1570.0,1630.0,0,2448,1529,572,2570,1556,604,2448,1531,572,2,1,1,8.163265306122449E-4,6.527415143603133E-4,0.0017452006980802793,0.3344193151574212,0.9091128178551441,1.744710935880641,0.6688386303148424,0.9091128178551441,1.1631406239204274,0.08946078431372549,0.6694970607446113,0.8041958041958042,82.5,100.0,3657,526,366,4,0,0,0.0010937927262783702,0.0,0.0,0.6000000000000001,0.8,0.5,0.4,75.0,50.0,40.0,0.6000000000000001,0.8,0.5,0.4,75.0,50.0,40.0,2421,2420,1,2421,4.130524576621231E-4,0.3316210697987938,0.5,0.6632421395975876,227,0.09380165289256198,1.0,1
"iteration_4","SCOPE_DATA_COLLECTION",400,25,1570.0,1630.0,1,2448,1529,572,2570,1556,604,2448,1531,572,2,1,1,8.163265306122449E-4,6.527415143603133E-4,0.0017452006980802793,0.3344193151574212,0.9091128178551441,1.744710935880641,0.6688386303148424,0.9091128178551441,1.1631406239204274,0.08946078431372549,0.6694970607446113,0.8041958041958042,82.5,100.0,3657,526,366,4,0,0,0.0010937927262783702,0.0,0.0,0.6000000000000001,0.8,0.5,0.4,75.0,50.0,40.0,0.6000000000000001,0.8,0.5,0.4,75.0,50.0,40.0,1641,1640,1,1641,6.093845216331506E-4,0.9043491457676278,1.0,0.9043491457676278,1066,0.65,1.0,1
"iteration_4","SCOPE_DATA_COLLECTION",400,25,1570.0,1630.0,2,2448,1529,572,2570,1556,604,2448,1531,572,2,1,1,8.163265306122449E-4,6.527415143603133E-4,0.0017452006980802793,0.3344193151574212,0.9091128178551441,1.744710935880641,0.6688386303148424,0.9091128178551441,1.1631406239204274,0.08946078431372549,0.6694970607446113,0.8041958041958042,82.5,100.0,3657,526,366,4,0,0,0.0010937927262783702,0.0,0.0,0.6000000000000001,0.8,0.5,0.4,75.0,50.0,40.0,0.6000000000000001,0.8,0.5,0.4,75.0,50.0,40.0,564,564,0,564,0.0,1.6969257090035412,1.5,1.131283806002361,440,0.7801418439716312,1.0,1
"iteration_4","SCOPE_DATA_COLLECTION",400,26,1630.0,1690.0,0,2421,1641,564,2448,1529,572,2422,1634,559,1,1,0,4.127115146512588E-4,6.116207951070336E-4,0.0,0.3313096303866973,0.9037309137706386,1.6921360868331918,0.6626192607733946,0.9037309137706386,1.1280907245554612,0.09289843104872006,0.6481028151774786,0.776386404293381,97.5,100.0,3650,578,398,1,1,0,2.73972602739726E-4,0.0017301038062283738,0.0,0.6000000000000001,0.8,0.5,0.4,75.0,50.0,40.0,0.7000000000000001,0.9,0.5,0.4,65.0,60.0,40.0,2547,2546,1,2547,3.9261876717707107E-4,0.3284665526837133,0.5,0.6569331053674266,259,0.10172820109976434,1.0,1
"iteration_4","SCOPE_DATA_COLLECTION",400,26,1630.0,1690.0,1,2421,1641,564,2448,1529,572,2422,1634,559,1,1,0,4.127115146512588E-4,6.116207951070336E-4,0.0,0.3313096303866973,0.9037309137706386,1.6921360868331918,0.6626192607733946,0.9037309137706386,1.1280907245554612,0.09289843104872006,0.6481028151774786,0.776386404293381,97.5,100.0,3650,578,398,1,1,0,2.73972602739726E-4,0.0017301038062283738,0.0,0.6000000000000001,0.8,0.5,0.4,75.0,50.0,40.0,0.7000000000000001,0.9,0.5,0.4,65.0,60.0,40.0,1566,1563,3,1566,0.0019157088122605363,0.9094446266603208,1.0,0.9094446266603208,1013,0.6481126039667306,1.0,1
"iteration_4","SCOPE_DATA_COLLECTION",400,26,1630.0,1690.0,2,2421,1641,564,2448,1529,572,2422,1634,559,1,1,0,4.127115146512588E-4,6.116207951070336E-4,0.0,0.3313096303866973,0.9037309137706386,1.6921360868331918,0.6626192607733946,0.9037309137706386,1.1280907245554612,0.09289843104872006,0.6481028151774786,0.776386404293381,97.5,100.0,3650,578,398,1,1,0,2.73972602739726E-4,0.0017301038062283738,0.0,0.6000000000000001,0.8,0.5,0.4,75.0,50.0,40.0,0.7000000000000001,0.9,0.5,0.4,65.0,60.0,40.0,580,579,1,580,0.0017241379310344827,1.7351903195797767,1.5,1.1567935463865178,463,0.7996545768566494,1.0,1
"iteration_4","SCOPE_DATA_COLLECTION",400,27,1690.0,1750.0,0,2547,1566,580,2421,1641,564,2538,1559,580,1,3,1,3.9385584875935406E-4,0.0019206145966709346,0.0017211703958691911,0.3282930255210028,0.9085069632048683,1.733934786787255,0.6565860510420056,0.9085069632048683,1.1559565245248367,0.1016548463356974,0.6478511866581141,0.8,97.5,100.0,3663,716,314,4,1,0,0.001092001092001092,0.0013966480446927375,0.0,0.7000000000000001,0.9,0.5,0.4,65.0,60.0,40.0,0.6000000000000001,0.9,0.5,0.30000000000000004,65.0,70.0,50.0,2509,2509,0,2509,0.0,0.3345597807785099,0.5,0.6691195615570198,239,0.09525707453168593,1.0,1
"iteration_4","SCOPE_DATA_COLLECTION",400,27,1690.0,1750.0,1,2547,1566,580,2421,1641,564,2538,1559,580,1,3,1,3.9385584875935406E-4,0.0019206145966709346,0.0017211703958691911,0.3282930255210028,0.9085069632048683,1.733934786787255,0.6565860510420056,0.9085069632048683,1.1559565245248367,0.1016548463356974,0.6478511866581141,0.8,97.5,100.0,3663,716,314,4,1,0,0.001092001092001092,0.0013966480446927375,0.0,0.7000000000000001,0.9,0.5,0.4,65.0,60.0,40.0,0.6000000000000001,0.9,0.5,0.30000000000000004,65.0,70.0,50.0,1626,1626,0,1626,0.0,0.8768989075429962,1.0,0.8768989075429962,1009,0.6205412054120542,1.0,1
"iteration_4","SCOPE_DATA_COLLECTION",400,27,1690.0,1750.0,2,2547,1566,580,2421,1641,564,2538,1559,580,1,3,1,3.9385584875935406E-4,0.0019206145966709346,0.0017211703958691911,0.3282930255210028,0.9085069632048683,1.733934786787255,0.6565860510420056,0.9085069632048683,1.1559565245248367,0.1016548463356974,0.6478511866581141,0.8,97.5,100.0,3663,716,314,4,1,0,0.001092001092001092,0.0013966480446927375,0.0,0.7000000000000001,0.9,0.5,0.4,65.0,60.0,40.0,0.6000000000000001,0.9,0.5,0.30000000000000004,65.0,70.0,50.0,589,587,2,589,0.003395585738539898,1.7045452696126118,1.5,1.1363635130750744,457,0.778534923339012,1.0,1
"iteration_4","SCOPE_DATA_COLLECTION",400,28,1750.0,1810.0,0,2509,1626,589,2547,1566,580,2509,1626,590,0,0,2,0.0,0.0,0.0033783783783783786,0.3344363401737112,0.8785147604112923,1.707805402546562,0.6688726803474224,0.8785147604112923,1.1385369350310415,0.09525707453168593,0.6236162361623616,0.7796610169491526,97.5,100.0,3691,627,406,2,0,0,5.41858574911948E-4,0.0,0.0,0.6000000000000001,0.9,0.5,0.30000000000000004,65.0,70.0,50.0,0.5,0.9,0.5,0.30000000000000004,65.0,70.0,60.0,2515,2514,1,2515,3.9761431411530816E-4,0.3357871828724488,0.5,0.6715743657448976,252,0.10023866348448687,1.0,1
"iteration_4","SCOPE_DATA_COLLECTION",400,28,1750.0,1810.0,1,2509,1626,589,2547,1566,580,2509,1626,590,0,0,2,0.0,0.0,0.0033783783783783786,0.3344363401737112,0.8785147604112923,1.707805402546562,0.6688726803474224,0.8785147604112923,1.1385369350310415,0.09525707453168593,0.6236162361623616,0.7796610169491526,97.5,100.0,3691,627,406,2,0,0,5.41858574911948E-4,0.0,0.0,0.6000000000000001,0.9,0.5,0.30000000000000004,65.0,70.0,50.0,0.5,0.9,0.5,0.30000000000000004,65.0,70.0,60.0,1552,1552,0,1552,0.0,0.8901370983718956,1.0,0.8901370983718956,979,0.6307989690721649,1.0,1
"iteration_4","SCOPE_DATA_COLLECTION",400,28,1750.0,1810.0,2,2509,1626,589,2547,1566,580,2509,1626,590,0,0,2,0.0,0.0,0.0033783783783783786,0.3344363401737112,0.8785147604112923,1.707805402546562,0.6688726803474224,0.8785147604112923,1.1385369350310415,0.09525707453168593,0.6236162361623616,0.7796610169491526,97.5,100.0,3691,627,406,2,0,0,5.41858574911948E-4,0.0,0.0,0.6000000000000001,0.9,0.5,0.30000000000000004,65.0,70.0,50.0,0.5,0.9,0.5,0.30000000000000004,65.0,70.0,60.0,600,599,1,600,0.0016666666666666668,1.7260246797154057,1.5,1.1506831198102705,476,0.7946577629382304,1.0,1
"iteration_4","SCOPE_DATA_COLLECTION",400,29,1810.0,1870.0,0,2515,1552,600,2509,1626,589,2519,1559,593,1,0,1,3.968253968253968E-4,0.0,0.0016835016835016834,0.33603285859786236,0.8905959529321698,1.7214311775322355,0.6720657171957247,0.8905959529321698,1.1476207850214903,0.1000396982929734,0.6286080821039127,0.7925801011804384,97.5,100.0,3672,483,512,2,0,0,5.446623093681918E-4,0.0,0.0,0.5,0.9,0.5,0.30000000000000004,65.0,70.0,60.0,0.15000000000000002,0.4,0.5,0.6000000000000001,25.0,35.0,65.0,2439,2435,4,2439,0.0016400164001640015,0.3314704384592177,0.5,0.6629408769184354,219,0.08993839835728953,1.0,1
"iteration_4","SCOPE_DATA_COLLECTION",400,29,1810.0,1870.0,1,2515,1552,600,2509,1626,589,2519,1559,593,1,0,1,3.968253968253968E-4,0.0,0.0016835016835016834,0.33603285859786236,0.8905959529321698,1.7214311775322355,0.6720657171957247,0.8905959529321698,1.1476207850214903,0.1000396982929734,0.6286080821039127,0.7925801011804384,97.5,100.0,3672,483,512,2,0,0,5.446623093681918E-4,0.0,0.0,0.5,0.9,0.5,0.30000000000000004,65.0,70.0,60.0,0.15000000000000002,0.4,0.5,0.6000000000000001,25.0,35.0,65.0,1550,1549,1,1550,6.451612903225806E-4,0.909945177359815,1.0,0.909945177359815,1032,0.6662362814719174,1.0,1
"iteration_4","SCOPE_DATA_COLLECTION",400,29,1810.0,1870.0,2,2515,1552,600,2509,1626,589,2519,1559,593,1,0,1,3.968253968253968E-4,0.0,0.0016835016835016834,0.33603285859786236,0.8905959529321698,1.7214311775322355,0.6720657171957247,0.8905959529321698,1.1476207850214903,0.1000396982929734,0.6286080821039127,0.7925801011804384,97.5,100.0,3672,483,512,2,0,0,5.446623093681918E-4,0.0,0.0,0.5,0.9,0.5,0.30000000000000004,65.0,70.0,60.0,0.15000000000000002,0.4,0.5,0.6000000000000001,25.0,35.0,65.0,582,581,1,582,0.001718213058419244,1.7813567803205743,1.5,1.1875711868803829,477,0.8209982788296041,1.0,1
"iteration_4","SCOPE_DATA_COLLECTION",400,30,1870.0,1930.0,0,2439,1550,582,2515,1552,600,2438,1549,575,4,1,1,0.001638001638001638,6.451612903225806E-4,0.001736111111111111,0.3317296941157351,0.910281741949677,1.7870660973820625,0.6634593882314702,0.910281741949677,1.1913773982547082,0.09064807219031994,0.6668818592640413,0.8226086956521739,95.0,100.0,3655,140,776,6,0,0,0.0016415868673050615,0.0,0.0,0.15000000000000002,0.4,0.5,0.6000000000000001,25.0,35.0,65.0,0.30000000000000004,0.8,0.4,0.2,20.0,60.0,30.0,2559,2559,0,2559,0.0,0.3289314951638278,0.5,0.6578629903276556,197,0.07698319656115671,1.0,1
"iteration_4","SCOPE_DATA_COLLECTION",400,30,1870.0,1930.0,1,2439,1550,582,2515,1552,600,2438,1549,575,4,1,1,0.001638001638001638,6.451612903225806E-4,0.001736111111111111,0.3317296941157351,0.910281741949677,1.7870660973820625,0.6634593882314702,0.910281741949677,1.1913773982547082,0.09064807219031994,0.6668818592640413,0.8226086956521739,95.0,100.0,3655,140,776,6,0,0,0.0016415868673050615,0.0,0.0,0.15000000000000002,0.4,0.5,0.6000000000000001,25.0,35.0,65.0,0.30000000000000004,0.8,0.4,0.2,20.0,60.0,30.0,1545,1544,1,1545,6.472491909385113E-4,0.8921460314939952,1.0,0.8921460314939952,1002,0.6489637305699482,1.0,1
"iteration_4","SCOPE_DATA_COLLECTION",400,30,1870.0,1930.0,2,2439,1550,582,2515,1552,600,2438,1549,575,4,1,1,0.001638001638001638,6.451612903225806E-4,0.001736111111111111,0.3317296941157351,0.910281741949677,1.7870660973820625,0.6634593882314702,0.910281741949677,1.1913773982547082,0.09064807219031994,0.6668818592640413,0.8226086956521739,95.0,100.0,3655,140,776,6,0,0,0.0016415868673050615,0.0,0.0,0.15000000000000002,0.4,0.5,0.6000000000000001,25.0,35.0,65.0,0.30000000000000004,0.8,0.4,0.2,20.0,60.0,30.0,603,601,2,603,0.003316749585406302,1.7154655060656507,1.5,1.1436436707104338,478,0.7953410981697171,1.0,1
"iteration_4","SCOPE_DATA_COLLECTION",400,31,1930.0,1990.0,0,2559,1545,603,2439,1550,582,2550,1543,611,0,1,2,0.0,6.476683937823834E-4,0.0032626427406199023,0.3293246970202044,0.8919989167733007,1.7130876232930292,0.6586493940404088,0.8919989167733007,1.1420584155286861,0.07764705882352942,0.6493843162670123,0.795417348608838,100.0,100.0,3739,269,699,3,0,0,8.023535704733886E-4,0.0,0.0,0.30000000000000004,0.8,0.4,0.2,20.0,60.0,30.0,0.25,0.8,0.9,0.1,60.0,70.0,75.0,2518,2518,0,2518,0.0,0.3280966090292012,0.5,0.6561932180584024,219,0.08697378872120731,1.0,1
"iteration_4","SCOPE_DATA_COLLECTION",400,31,1930.0,1990.0,1,2559,1545,603,2439,1550,582,2550,1543,611,0,1,2,0.0,6.476683937823834E-4,0.0032626427406199023,0.3293246970202044,0.8919989167733007,1.7130876232930292,0.6586493940404088,0.8919989167733007,1.1420584155286861,0.07764705882352942,0.6493843162670123,0.795417348608838,100.0,100.0,3739,269,699,3,0,0,8.023535704733886E-4,0.0,0.0,0.30000000000000004,0.8,0.4,0.2,20.0,60.0,30.0,0.25,0.8,0.9,0.1,60.0,70.0,75.0,1602,1600,2,1602,0.0012484394506866417,0.9019223911510501,1.0,0.9019223911510501,1045,0.653125,1.0,1
"iteration_4","SCOPE_DATA_COLLECTION",400,31,1930.0,1990.0,2,2559,1545,603,2439,1550,582,2550,1543,611,0,1,2,0.0,6.476683937823834E-4,0.0032626427406199023,0.3293246970202044,0.8919989167733007,1.7130876232930292,0.6586493940404088,0.8919989167733007,1.1420584155286861,0.07764705882352942,0.6493843162670123,0.795417348608838,100.0,100.0,3739,269,699,3,0,0,8.023535704733886E-4,0.0,0.0,0.30000000000000004,0.8,0.4,0.2,20.0,60.0,30.0,0.25,0.8,0.9,0.1,60.0,70.0,75.0,570,570,0,570,0.0,1.7086596703645651,1.5,1.13910644690971,451,0.7912280701754386,1.0,1
"iteration_4","SCOPE_DATA_COLLECTION",400,32,1990.0,2050.0,0,2518,1602,570,2559,1545,603,2523,1600,572,0,2,0,0.0,0.0012484394506866417,0.0,0.32757361678189395,0.9010718546028886,1.7152595955775827,0.6551472335637879,0.9010718546028886,1.1435063970517219,0.08640507332540626,0.653125,0.7937062937062938,97.5,100.0,3706,259,725,2,0,0,5.396654074473826E-4,0.0,0.0,0.25,0.8,0.9,0.1,60.0,70.0,75.0,0.65,0.1,0.5,0.30000000000000004,90.0,95.0,55.0,2475,2473,2,2475,8.080808080808081E-4,0.3457227456830617,0.5,0.6914454913661234,213,0.08613020622725434,1.0,1
"iteration_4","SCOPE_DATA_COLLECTION",400,32,1990.0,2050.0,1,2518,1602,570,2559,1545,603,2523,1600,572,0,2,0,0.0,0.0012484394506866417,0.0,0.32757361678189395,0.9010718546028886,1.7152595955775827,0.6551472335637879,0.9010718546028886,1.1435063970517219,0.08640507332540626,0.653125,0.7937062937062938,97.5,100.0,3706,259,725,2,0,0,5.396654074473826E-4,0.0,0.0,0.25,0.8,0.9,0.1,60.0,70.0,75.0,0.65,0.1,0.5,0.30000000000000004,90.0,95.0,55.0,1518,1515,3,1518,0.001976284584980237,0.9192089450620167,1.0,0.9192089450620167,996,0.6574257425742575,1.0,1
"iteration_4","SCOPE_DATA_COLLECTION",400,32,1990.0,2050.0,2,2518,1602,570,2559,1545,603,2523,1600,572,0,2,0,0.0,0.0012484394506866417,0.0,0.32757361678189395,0.9010718546028886,1.7152595955775827,0.6551472335637879,0.9010718546028886,1.1435063970517219,0.08640507332540626,0.653125,0.7937062937062938,97.5,100.0,3706,259,725,2,0,0,5.396654074473826E-4,0.0,0.0,0.25,0.8,0.9,0.1,60.0,70.0,75.0,0.65,0.1,0.5,0.30000000000000004,90.0,95.0,55.0,596,594,2,596,0.003355704697986577,1.7671997822095131,1.5,1.1781331881396755,489,0.8232323232323232,1.0,1
"iteration_4","SCOPE_DATA_COLLECTION",400,33,2050.0,2110.0,0,2475,1518,596,2518,1602,570,2480,1520,586,2,3,2,8.058017727639E-4,0.001969796454366382,0.003401360544217687,0.34588177133464176,0.9201039372233156,1.757947314156494,0.6917635426692835,0.9201039372233156,1.1719648761043293,0.08629032258064516,0.6578947368421053,0.8191126279863481,92.5,100.0,3769,555,265,4,3,0,0.0010612894667020429,0.005405405405405406,0.0,0.65,0.1,0.5,0.30000000000000004,90.0,95.0,55.0,0.2,0.9,0.6000000000000001,0.9,85.0,65.0,45.0,2524,2520,4,2524,0.001584786053882726,0.3303181080286145,0.5,0.660636216057229,222,0.0880952380952381,1.0,1
"iteration_4","SCOPE_DATA_COLLECTION",400,33,2050.0,2110.0,1,2475,1518,596,2518,1602,570,2480,1520,586,2,3,2,8.058017727639E-4,0.001969796454366382,0.003401360544217687,0.34588177133464176,0.9201039372233156,1.757947314156494,0.6917635426692835,0.9201039372233156,1.1719648761043293,0.08629032258064516,0.6578947368421053,0.8191126279863481,92.5,100.0,3769,555,265,4,3,0,0.0010612894667020429,0.005405405405405406,0.0,0.65,0.1,0.5,0.30000000000000004,90.0,95.0,55.0,0.2,0.9,0.6000000000000001,0.9,85.0,65.0,45.0,1522,1518,4,1522,0.002628120893561104,0.9104460856586769,1.0,0.9104460856586769,997,0.6567852437417655,1.0,1
"iteration_4","SCOPE_DATA_COLLECTION",400,33,2050.0,2110.0,2,2475,1518,596,2518,1602,570,2480,1520,586,2,3,2,8.058017727639E-4,0.001969796454366382,0.003401360544217687,0.34588177133464176,0.9201039372233156,1.757947314156494,0.6917635426692835,0.9201039372233156,1.1719648761043293,0.08629032258064516,0.6578947368421053,0.8191126279863481,92.5,100.0,3769,555,265,4,3,0,0.0010612894667020429,0.005405405405405406,0.0,0.65,0.1,0.5,0.30000000000000004,90.0,95.0,55.0,0.2,0.9,0.6000000000000001,0.9,85.0,65.0,45.0,559,556,3,559,0.005366726296958855,1.7490622555888784,1.5,1.1660415037259189,449,0.8075539568345323,1.0,1
"iteration_4","SCOPE_DATA_COLLECTION",400,34,2110.0,2170.0,0,2524,1522,559,2475,1518,596,2515,1506,559,4,3,3,0.0015879317189360857,0.0019880715705765406,0.005338078291814947,0.3300009186535171,0.9054256198127015,1.7536219402314634,0.6600018373070342,0.9054256198127015,1.1690812934876422,0.08707753479125248,0.6533864541832669,0.8103756708407871,97.5,100.0,3704,209,692,10,0,0,0.0026997840172786176,0.0,0.0,0.2,0.9,0.6000000000000001,0.9,85.0,65.0,45.0,0.30000000000000004,0.8,0.6000000000000001,0.9,95.0,55.0,55.0,2424,2421,3,2424,0.0012376237623762376,0.3249434630219164,0.5,0.6498869260438328,177,0.07311028500619579,1.0,1
"iteration_4","SCOPE_DATA_COLLECTION",400,34,2110.0,2170.0,1,2524,1522,559,2475,1518,596,2515,1506,559,4,3,3,0.0015879317189360857,0.0019880715705765406,0.005338078291814947,0.3300009186535171,0.9054256198127015,1.7536219402314634,0.6600018373070342,0.9054256198127015,1.1690812934876422,0.08707753479125248,0.6533864541832669,0.8103756708407871,97.5,100.0,3704,209,692,10,0,0,0.0026997840172786176,0.0,0.0,0.2,0.9,0.6000000000000001,0.9,85.0,65.0,45.0,0.30000000000000004,0.8,0.6000000000000001,0.9,95.0,55.0,55.0,1608,1605,3,1608,0.0018656716417910447,0.9044373050179424,1.0,0.9044373050179424,1055,0.6573208722741433,1.0,1
"iteration_4","SCOPE_DATA_COLLECTION",400,34,2110.0,2170.0,2,2524,1522,559,2475,1518,596,2515,1506,559,4,3,3,0.0015879317189360857,0.0019880715705765406,0.005338078291814947,0.3300009186535171,0.9054256198127015,1.7536219402314634,0.6600018373070342,0.9054256198127015,1.1690812934876422,0.08707753479125248,0.6533864541832669,0.8103756708407871,97.5,100.0,3704,209,692,10,0,0,0.0026997840172786176,0.0,0.0,0.2,0.9,0.6000000000000001,0.9,85.0,65.0,45.0,0.30000000000000004,0.8,0.6000000000000001,0.9,95.0,55.0,55.0,536,535,1,536,0.0018656716417910447,1.7465650704791111,1.5,1.1643767136527408,432,0.8074766355140187,1.0,1
"iteration_4","SCOPE_DATA_COLLECTION",400,35,2170.0,2230.0,0,2424,1608,536,2524,1522,559,2413,1613,538,3,4,1,0.0012417218543046358,0.0024737167594310453,0.0018552875695732839,0.3249161623738363,0.908834011435541,1.7471042389442462,0.6498323247476726,0.908834011435541,1.164736159296164,0.07335267302113552,0.6627402355858648,0.8066914498141264,100.0,100.0,3660,271,637,8,0,0,0.002185792349726776,0.0,0.0,0.30000000000000004,0.8,0.6000000000000001,0.9,95.0,55.0,55.0,0.75,0.7000000000000001,0.4,0.5,70.0,25.0,35.0,2466,2464,2,2466,8.110300081103001E-4,0.3367847742942454,0.5,0.6735695485884908,275,0.11160714285714286,1.0,1
"iteration_4","SCOPE_DATA_COLLECTION",400,35,2170.0,2230.0,1,2424,1608,536,2524,1522,559,2413,1613,538,3,4,1,0.0012417218543046358,0.0024737167594310453,0.0018552875695732839,0.3249161623738363,0.908834011435541,1.7471042389442462,0.6498323247476726,0.908834011435541,1.164736159296164,0.07335267302113552,0.6627402355858648,0.8066914498141264,100.0,100.0,3660,271,637,8,0,0,0.002185792349726776,0.0,0.0,0.30000000000000004,0.8,0.6000000000000001,0.9,95.0,55.0,55.0,0.75,0.7000000000000001,0.4,0.5,70.0,25.0,35.0,1608,1607,1,1608,6.218905472636816E-4,0.8964631959206104,1.0,0.8964631959206104,1054,0.65588052271313,1.0,1
"iteration_4","SCOPE_DATA_COLLECTION",400,35,2170.0,2230.0,2,2424,1608,536,2524,1522,559,2413,1613,538,3,4,1,0.0012417218543046358,0.0024737167594310453,0.0018552875695732839,0.3249161623738363,0.908834011435541,1.7471042389442462,0.6498323247476726,0.908834011435541,1.164736159296164,0.07335267302113552,0.6627402355858648,0.8066914498141264,100.0,100.0,3660,271,637,8,0,0,0.002185792349726776,0.0,0.0,0.30000000000000004,0.8,0.6000000000000001,0.9,95.0,55.0,55.0,0.75,0.7000000000000001,0.4,0.5,70.0,25.0,35.0,596,595,1,596,0.0016778523489932886,1.7190947777447159,1.5,1.146063185163144,468,0.7865546218487395,1.0,1
"iteration_4","SCOPE_DATA_COLLECTION",400,36,2230.0,2290.0,0,2466,1608,596,2424,1608,536,2467,1607,592,2,1,1,8.100445524503848E-4,6.218905472636816E-4,0.0016863406408094434,0.3369545551348723,0.8985413001267357,1.7179563194771905,0.6739091102697446,0.8985413001267357,1.1453042129847937,0.1114714227807053,0.6546359676415682,0.785472972972973,100.0,100.0,3654,775,241,3,1,0,8.210180623973727E-4,0.0012903225806451613,0.0,0.75,0.7000000000000001,0.4,0.5,70.0,25.0,35.0,0.65,0.7000000000000001,0.30000000000000004,0.4,70.0,25.0,45.0,2415,2413,2,2415,8.281573498964803E-4,0.3345203084830804,0.5,0.6690406169661608,213,0.08827186075424782,1.0,1
"iteration_4","SCOPE_DATA_COLLECTION",400,36,2230.0,2290.0,1,2466,1608,596,2424,1608,536,2467,1607,592,2,1,1,8.100445524503848E-4,6.218905472636816E-4,0.0016863406408094434,0.3369545551348723,0.8985413001267357,1.7179563194771905,0.6739091102697446,0.8985413001267357,1.1453042129847937,0.1114714227807053,0.6546359676415682,0.785472972972973,100.0,100.0,3654,775,241,3,1,0,8.210180623973727E-4,0.0012903225806451613,0.0,0.75,0.7000000000000001,0.4,0.5,70.0,25.0,35.0,0.65,0.7000000000000001,0.30000000000000004,0.4,70.0,25.0,45.0,1612,1612,0,1612,0.0,0.9067031520152999,1.0,0.9067031520152999,1052,0.652605459057072,1.0,1
"iteration_4","SCOPE_DATA_COLLECTION",400,36,2230.0,2290.0,2,2466,1608,596,2424,1608,536,2467,1607,592,2,1,1,8.100445524503848E-4,6.218905472636816E-4,0.0016863406408094434,0.3369545551348723,0.8985413001267357,1.7179563194771905,0.6739091102697446,0.8985413001267357,1.1453042129847937,0.1114714227807053,0.6546359676415682,0.785472972972973,100.0,100.0,3654,775,241,3,1,0,8.210180623973727E-4,0.0012903225806451613,0.0,0.75,0.7000000000000001,0.4,0.5,70.0,25.0,35.0,0.65,0.7000000000000001,0.30000000000000004,0.4,70.0,25.0,45.0,560,560,0,560,0.0,1.7099715873318522,1.5,1.1399810582212349,441,0.7875,1.0,1
"iteration_4","SCOPE_DATA_COLLECTION",400,37,2290.0,2350.0,0,2415,1612,560,2466,1608,596,2417,1607,561,2,0,0,8.267879288962381E-4,0.0,0.0,0.33404457593614306,0.9058349569849384,1.7130871548654953,0.6680891518722861,0.9058349569849384,1.1420581032436636,0.08688456764584196,0.6521468574984443,0.7896613190730838,100.0,100.0,3649,612,326,2,0,0,5.480953685941354E-4,0.0,0.0,0.65,0.7000000000000001,0.30000000000000004,0.4,70.0,25.0,45.0,0.4,0.1,0.4,0.2,25.0,90.0,35.0,2552,2549,3,2552,0.0011755485893416929,0.36309464231109767,0.5,0.7261892846221953,346,0.1357395056885053,1.0,1
"iteration_4","SCOPE_DATA_COLLECTION",400,37,2290.0,2350.0,1,2415,1612,560,2466,1608,596,2417,1607,561,2,0,0,8.267879288962381E-4,0.0,0.0,0.33404457593614306,0.9058349569849384,1.7130871548654953,0.6680891518722861,0.9058349569849384,1.1420581032436636,0.08688456764584196,0.6521468574984443,0.7896613190730838,100.0,100.0,3649,612,326,2,0,0,5.480953685941354E-4,0.0,0.0,0.65,0.7000000000000001,0.30000000000000004,0.4,70.0,25.0,45.0,0.4,0.1,0.4,0.2,25.0,90.0,35.0,1523,1522,1,1523,6.565988181221273E-4,0.9534821076767356,1.0,0.9534821076767356,1071,0.7036793692509855,1.0,1
"iteration_4","SCOPE_DATA_COLLECTION",400,37,2290.0,2350.0,2,2415,1612,560,2466,1608,596,2417,1607,561,2,0,0,8.267879288962381E-4,0.0,0.0,0.33404457593614306,0.9058349569849384,1.7130871548654953,0.6680891518722861,0.9058349569849384,1.1420581032436636,0.08688456764584196,0.6521468574984443,0.7896613190730838,100.0,100.0,3649,612,326,2,0,0,5.480953685941354E-4,0.0,0.0,0.65,0.7000000000000001,0.30000000000000004,0.4,70.0,25.0,45.0,0.4,0.1,0.4,0.2,25.0,90.0,35.0,542,542,0,542,0.0,1.7973141053156232,1.5,1.1982094035437487,454,0.8376383763837638,1.0,1
"iteration_4","SCOPE_DATA_COLLECTION",400,38,2350.0,2410.0,0,2552,1523,542,2415,1612,560,2546,1527,546,3,1,0,0.0011769321302471558,6.544502617801048E-4,0.0,0.36335906443630406,0.9524873919071788,1.7952052460297874,0.7267181288726081,0.9524873919071788,1.1968034973531916,0.1370777690494894,0.7039947609692206,0.836996336996337,90.0,100.0,3904,269,444,4,0,0,0.0010245901639344263,0.0,0.0,0.4,0.1,0.4,0.2,25.0,90.0,35.0,0.30000000000000004,0.1,0.4,0.30000000000000004,20.0,80.0,45.0,2469,2469,0,2469,0.0,0.3611224916730761,0.5,0.7222449833461522,348,0.14094775212636695,1.0,1
"iteration_4","SCOPE_DATA_COLLECTION",400,38,2350.0,2410.0,1,2552,1523,542,2415,1612,560,2546,1527,546,3,1,0,0.0011769321302471558,6.544502617801048E-4,0.0,0.36335906443630406,0.9524873919071788,1.7952052460297874,0.7267181288726081,0.9524873919071788,1.1968034973531916,0.1370777690494894,0.7039947609692206,0.836996336996337,90.0,100.0,3904,269,444,4,0,0,0.0010245901639344263,0.0,0.0,0.4,0.1,0.4,0.2,25.0,90.0,35.0,0.30000000000000004,0.1,0.4,0.30000000000000004,20.0,80.0,45.0,1494,1494,0,1494,0.0,0.9446036734197948,1.0,0.9446036734197948,1044,0.6987951807228916,1.0,1
"iteration_4","SCOPE_DATA_COLLECTION",400,38,2350.0,2410.0,2,2552,1523,542,2415,1612,560,2546,1527,546,3,1,0,0.0011769321302471558,6.544502617801048E-4,0.0,0.36335906443630406,0.9524873919071788,1.7952052460297874,0.7267181288726081,0.9524873919071788,1.1968034973531916,0.1370777690494894,0.7039947609692206,0.836996336996337,90.0,100.0,3904,269,444,4,0,0,0.0010245901639344263,0.0,0.0,0.4,0.1,0.4,0.2,25.0,90.0,35.0,0.30000000000000004,0.1,0.4,0.30000000000000004,20.0,80.0,45.0,561,560,1,561,0.0017825311942959,1.854049251900465,1.5,1.23603283460031,487,0.8696428571428572,1.0,1
"iteration_4","SCOPE_DATA_COLLECTION",400,39,2410.0,2470.0,0,2469,1494,561,2552,1523,542,2472,1490,558,0,0,1,0.0,0.0,0.0017889087656529517,0.3612407165005415,0.9448301186203751,1.8579201872770987,0.722481433001083,0.9448301186203751,1.2386134581847326,0.14158576051779936,0.6959731543624161,0.8709677419354839,100.0,100.0,3815,213,496,1,0,0,2.621231979030144E-4,0.0,0.0,0.30000000000000004,0.1,0.4,0.30000000000000004,20.0,80.0,45.0,0.30000000000000004,0.1,0.4,0.30000000000000004,20.0,80.0,45.0,2531,2528,3,2531,0.001185302252074279,0.3597327261119955,0.5,0.719465452223991,325,0.12856012658227847,1.0,1
"iteration_4","SCOPE_DATA_COLLECTION",400,39,2410.0,2470.0,1,2469,1494,561,2552,1523,542,2472,1490,558,0,0,1,0.0,0.0,0.0017889087656529517,0.3612407165005415,0.9448301186203751,1.8579201872770987,0.722481433001083,0.9448301186203751,1.2386134581847326,0.14158576051779936,0.6959731543624161,0.8709677419354839,100.0,100.0,3815,213,496,1,0,0,2.621231979030144E-4,0.0,0.0,0.30000000000000004,0.1,0.4,0.30000000000000004,20.0,80.0,45.0,0.30000000000000004,0.1,0.4,0.30000000000000004,20.0,80.0,45.0,1626,1625,1,1626,6.150061500615006E-4,0.9210636745456076,1.0,0.9210636745456076,1106,0.6806153846153846,1.0,1
"iteration_4","SCOPE_DATA_COLLECTION",400,39,2410.0,2470.0,2,2469,1494,561,2552,1523,542,2472,1490,558,0,0,1,0.0,0.0,0.0017889087656529517,0.3612407165005415,0.9448301186203751,1.8579201872770987,0.722481433001083,0.9448301186203751,1.2386134581847326,0.14158576051779936,0.6959731543624161,0.8709677419354839,100.0,100.0,3815,213,496,1,0,0,2.621231979030144E-4,0.0,0.0,0.30000000000000004,0.1,0.4,0.30000000000000004,20.0,80.0,45.0,0.30000000000000004,0.1,0.4,0.30000000000000004,20.0,80.0,45.0,545,545,0,545,0.0,1.8118442625864448,1.5,1.2078961750576298,459,0.8422018348623853,1.0,1
"iteration_4","SCOPE_DATA_COLLECTION",400,40,2470.0,2530.0,0,2531,1626,545,2469,1494,561,2527,1625,544,3,1,0,0.0011857707509881424,6.150061500615006E-4,0.0,0.35956868478158616,0.9210283493083522,1.804473484650699,0.7191373695631723,0.9210283493083522,1.202982323100466,0.12781954887218044,0.6806153846153846,0.8400735294117647,97.5,100.0,3901,239,562,4,0,0,0.0010253781081773904,0.0,0.0,0.30000000000000004,0.1,0.4,0.30000000000000004,20.0,80.0,45.0,0.7000000000000001,0.7000000000000001,0.8,0.8,70.0,55.0,60.0,2549,2548,1,2549,3.9231071008238524E-4,0.33909792653077375,0.5,0.6781958530615475,263,0.1032182103610675,1.0,1
"iteration_4","SCOPE_DATA_COLLECTION",400,40,2470.0,2530.0,1,2531,1626,545,2469,1494,561,2527,1625,544,3,1,0,0.0011857707509881424,6.150061500615006E-4,0.0,0.35956868478158616,0.9210283493083522,1.804473484650699,0.7191373695631723,0.9210283493083522,1.202982323100466,0.12781954887218044,0.6806153846153846,0.8400735294117647,97.5,100.0,3901,239,562,4,0,0,0.0010253781081773904,0.0,0.0,0.30000000000000004,0.1,0.4,0.30000000000000004,20.0,80.0,45.0,0.7000000000000001,0.7000000000000001,0.8,0.8,70.0,55.0,60.0,1578,1576,2,1578,0.0012674271229404308,0.9148300602295443,1.0,0.9148300602295443,1047,0.6643401015228426,1.0,1
"iteration_4","SCOPE_DATA_COLLECTION",400,40,2470.0,2530.0,2,2531,1626,545,2469,1494,561,2527,1625,544,3,1,0,0.0011857707509881424,6.150061500615006E-4,0.0,0.35956868478158616,0.9210283493083522,1.804473484650699,0.7191373695631723,0.9210283493083522,1.202982323100466,0.12781954887218044,0.6806153846153846,0.8400735294117647,97.5,100.0,3901,239,562,4,0,0,0.0010253781081773904,0.0,0.0,0.30000000000000004,0.1,0.4,0.30000000000000004,20.0,80.0,45.0,0.7000000000000001,0.7000000000000001,0.8,0.8,70.0,55.0,60.0,560,557,3,560,0.005357142857142857,1.7955250794012716,1.5,1.1970167196008477,460,0.8258527827648114,1.0,1
"iteration_4","SCOPE_DATA_COLLECTION",400,41,2530.0,2590.0,0,2549,1578,560,2531,1626,545,2542,1577,557,1,2,3,3.9323633503735744E-4,0.001266624445851805,0.005357142857142857,0.33840612521126007,0.915065442158455,1.801930113877286,0.6768122504225201,0.915065442158455,1.2012867425848575,0.1007081038552321,0.667723525681674,0.8276481149012568,100.0,100.0,3762,640,285,5,1,0,0.0013290802764486975,0.0015625,0.0,0.7000000000000001,0.7000000000000001,0.8,0.8,70.0,55.0,60.0,0.8500000000000001,0.2,0.4,0.1,50.0,25.0,20.0,2498,2497,1,2498,4.0032025620496394E-4,0.34669635294076023,0.5,0.6933927058815205,236,0.09451341609931918,1.0,1
"iteration_4","SCOPE_DATA_COLLECTION",400,41,2530.0,2590.0,1,2549,1578,560,2531,1626,545,2542,1577,557,1,2,3,3.9323633503735744E-4,0.001266624445851805,0.005357142857142857,0.33840612521126007,0.915065442158455,1.801930113877286,0.6768122504225201,0.915065442158455,1.2012867425848575,0.1007081038552321,0.667723525681674,0.8276481149012568,100.0,100.0,3762,640,285,5,1,0,0.0013290802764486975,0.0015625,0.0,0.7000000000000001,0.7000000000000001,0.8,0.8,70.0,55.0,60.0,0.8500000000000001,0.2,0.4,0.1,50.0,25.0,20.0,1543,1543,0,1543,0.0,0.9132185792692002,1.0,0.9132185792692002,1025,0.6642903434867142,1.0,1
"iteration_4","SCOPE_DATA_COLLECTION",400,41,2530.0,2590.0,2,2549,1578,560,2531,1626,545,2542,1577,557,1,2,3,3.9323633503735744E-4,0.001266624445851805,0.005357142857142857,0.33840612521126007,0.915065442158455,1.801930113877286,0.6768122504225201,0.915065442158455,1.2012867425848575,0.1007081038552321,0.667723525681674,0.8276481149012568,100.0,100.0,3762,640,285,5,1,0,0.0013290802764486975,0.0015625,0.0,0.7000000000000001,0.7000000000000001,0.8,0.8,70.0,55.0,60.0,0.8500000000000001,0.2,0.4,0.1,50.0,25.0,20.0,571,570,1,571,0.0017513134851138354,1.7548965632189688,1.5,1.1699310421459792,466,0.8175438596491228,1.0,1
"iteration_4","SCOPE_DATA_COLLECTION",400,42,2590.0,2650.0,0,2498,1543,571,2549,1578,560,2504,1543,566,1,0,1,3.992015968063872E-4,0.0,0.001763668430335097,0.3478565970770548,0.9129411629168077,1.7570925299365336,0.6957131941541096,0.9129411629168077,1.171395019957689,0.09744408945686901,0.661049902786779,0.8197879858657244,97.5,100.0,3766,735,111,2,0,0,5.310674455655868E-4,0.0,0.0,0.8500000000000001,0.2,0.4,0.1,50.0,25.0,20.0,0.4,0.6000000000000001,0.30000000000000004,0.2,50.0,40.0,50.0,2432,2430,2,2432,8.223684210526315E-4,0.3274279934486312,0.5,0.6548559868972624,210,0.08641975308641975,1.0,1
"iteration_4","SCOPE_DATA_COLLECTION",400,42,2590.0,2650.0,1,2498,1543,571,2549,1578,560,2504,1543,566,1,0,1,3.992015968063872E-4,0.0,0.001763668430335097,0.3478565970770548,0.9129411629168077,1.7570925299365336,0.6957131941541096,0.9129411629168077,1.171395019957689,0.09744408945686901,0.661049902786779,0.8197879858657244,97.5,100.0,3766,735,111,2,0,0,5.310674455655868E-4,0.0,0.0,0.8500000000000001,0.2,0.4,0.1,50.0,25.0,20.0,0.4,0.6000000000000001,0.30000000000000004,0.2,50.0,40.0,50.0,1629,1627,2,1629,0.0012277470841006752,0.8947130690008047,1.0,0.8947130690008047,1061,0.652120467117394,1.0,1
"iteration_4","SCOPE_DATA_COLLECTION",400,42,2590.0,2650.0,2,2498,1543,571,2549,1578,560,2504,1543,566,1,0,1,3.992015968063872E-4,0.0,0.001763668430335097,0.3478565970770548,0.9129411629168077,1.7570925299365336,0.6957131941541096,0.9129411629168077,1.171395019957689,0.09744408945686901,0.661049902786779,0.8197879858657244,97.5,100.0,3766,735,111,2,0,0,5.310674455655868E-4,0.0,0.0,0.8500000000000001,0.2,0.4,0.1,50.0,25.0,20.0,0.4,0.6000000000000001,0.30000000000000004,0.2,50.0,40.0,50.0,538,538,0,538,0.0,1.7849469671197866,1.5,1.1899646447465244,448,0.8327137546468402,1.0,1
"iteration_4","SCOPE_DATA_COLLECTION",400,43,2650.0,2710.0,0,2432,1629,538,2498,1543,571,2434,1628,537,2,2,0,8.210180623973727E-4,0.001226993865030675,0.0,0.32730255842588196,0.8941829617490683,1.7764341816785407,0.6546051168517639,0.8941829617490683,1.1842894544523606,0.08668857847165161,0.6517199017199017,0.8268156424581006,95.0,100.0,3663,369,567,4,0,0,0.001092001092001092,0.0,0.0,0.4,0.6000000000000001,0.30000000000000004,0.2,50.0,40.0,50.0,0.4,0.6000000000000001,0.30000000000000004,0.2,50.0,40.0,50.0,2569,2567,2,2569,7.785130400934215E-4,0.3239826424473578,0.5,0.6479652848947156,265,0.10323334631865991,1.0,1
"iteration_4","SCOPE_DATA_COLLECTION",400,43,2650.0,2710.0,1,2432,1629,538,2498,1543,571,2434,1628,537,2,2,0,8.210180623973727E-4,0.001226993865030675,0.0,0.32730255842588196,0.8941829617490683,1.7764341816785407,0.6546051168517639,0.8941829617490683,1.1842894544523606,0.08668857847165161,0.6517199017199017,0.8268156424581006,95.0,100.0,3663,369,567,4,0,0,0.001092001092001092,0.0,0.0,0.4,0.6000000000000001,0.30000000000000004,0.2,50.0,40.0,50.0,0.4,0.6000000000000001,0.30000000000000004,0.2,50.0,40.0,50.0,1597,1595,2,1597,0.0012523481527864746,0.8782058274811181,1.0,0.8782058274811181,1006,0.6307210031347963,1.0,1
"iteration_4","SCOPE_DATA_COLLECTION",400,43,2650.0,2710.0,2,2432,1629,538,2498,1543,571,2434,1628,537,2,2,0,8.210180623973727E-4,0.001226993865030675,0.0,0.32730255842588196,0.8941829617490683,1.7764341816785407,0.6546051168517639,0.8941829617490683,1.1842894544523606,0.08668857847165161,0.6517199017199017,0.8268156424581006,95.0,100.0,3663,369,567,4,0,0,0.001092001092001092,0.0,0.0,0.4,0.6000000000000001,0.30000000000000004,0.2,50.0,40.0,50.0,0.4,0.6000000000000001,0.30000000000000004,0.2,50.0,40.0,50.0,643,642,1,643,0.0015552099533437014,1.6667341766162593,1.5,1.1111561177441729,491,0.764797507788162,1.0,1
"iteration_4","SCOPE_DATA_COLLECTION",400,44,2710.0,2770.0,0,2569,1597,643,2432,1629,538,2560,1605,639,2,2,1,7.8064012490242E-4,0.0012445550715619166,0.0015625,0.3237006236444701,0.878723398672714,1.6625010633152657,0.6474012472889402,0.878723398672714,1.108334042210177,0.103515625,0.6342679127725857,0.7636932707355243,95.0,100.0,3657,414,738,5,0,0,0.0013672409078479629,0.0,0.0,0.4,0.6000000000000001,0.30000000000000004,0.2,50.0,40.0,50.0,0.30000000000000004,0.5,0.30000000000000004,0.2,50.0,30.0,50.0,2566,2564,2,2566,7.79423226812159E-4,0.32867718710037075,0.5,0.6573543742007415,222,0.08658346333853355,1.0,1
"iteration_4","SCOPE_DATA_COLLECTION",400,44,2710.0,2770.0,1,2569,1597,643,2432,1629,538,2560,1605,639,2,2,1,7.8064012490242E-4,0.0012445550715619166,0.0015625,0.3237006236444701,0.878723398672714,1.6625010633152657,0.6474012472889402,0.878723398672714,1.108334042210177,0.103515625,0.6342679127725857,0.7636932707355243,95.0,100.0,3657,414,738,5,0,0,0.0013672409078479629,0.0,0.0,0.4,0.6000000000000001,0.30000000000000004,0.2,50.0,40.0,50.0,0.30000000000000004,0.5,0.30000000000000004,0.2,50.0,30.0,50.0,1553,1553,0,1553,0.0,0.8953513095881213,1.0,0.8953513095881213,991,0.6381197681905988,1.0,1
"iteration_4","SCOPE_DATA_COLLECTION",400,44,2710.0,2770.0,2,2569,1597,643,2432,1629,538,2560,1605,639,2,2,1,7.8064012490242E-4,0.0012445550715619166,0.0015625,0.3237006236444701,0.878723398672714,1.6625010633152657,0.6474012472889402,0.878723398672714,1.108334042210177,0.103515625,0.6342679127725857,0.7636932707355243,95.0,100.0,3657,414,738,5,0,0,0.0013672409078479629,0.0,0.0,0.4,0.6000000000000001,0.30000000000000004,0.2,50.0,40.0,50.0,0.30000000000000004,0.5,0.30000000000000004,0.2,50.0,30.0,50.0,590,588,2,590,0.003389830508474576,1.7122116324533505,1.5,1.141474421635567,466,0.7925170068027211,1.0,1
"iteration_4","SCOPE_DATA_COLLECTION",400,45,2770.0,2830.0,0,2566,1553,590,2569,1597,643,2563,1540,598,2,0,1,7.797270955165692E-4,0.0,0.001669449081803005,0.3282292655169209,0.8912479920427846,1.7196872215154266,0.6564585310338418,0.8912479920427846,1.146458147676951,0.08466640655481857,0.6331168831168831,0.7959866220735786,97.5,100.0,3712,305,692,3,0,0,8.081896551724138E-4,0.0,0.0,0.30000000000000004,0.5,0.30000000000000004,0.2,50.0,30.0,50.0,0.4,0.6000000000000001,0.30000000000000004,0.30000000000000004,40.0,40.0,50.0,2370,2370,0,2370,0.0,0.32963974752932057,0.5,0.6592794950586411,219,0.09240506329113925,1.0,1
"iteration_4","SCOPE_DATA_COLLECTION",400,45,2770.0,2830.0,1,2566,1553,590,2569,1597,643,2563,1540,598,2,0,1,7.797270955165692E-4,0.0,0.001669449081803005,0.3282292655169209,0.8912479920427846,1.7196872215154266,0.6564585310338418,0.8912479920427846,1.146458147676951,0.08466640655481857,0.6331168831168831,0.7959866220735786,97.5,100.0,3712,305,692,3,0,0,8.081896551724138E-4,0.0,0.0,0.30000000000000004,0.5,0.30000000000000004,0.2,50.0,30.0,50.0,0.4,0.6000000000000001,0.30000000000000004,0.30000000000000004,40.0,40.0,50.0,1574,1574,0,1574,0.0,0.9183945799614669,1.0,0.9183945799614669,1050,0.6670902160101652,1.0,1
"iteration_4","SCOPE_DATA_COLLECTION",400,45,2770.0,2830.0,2,2566,1553,590,2569,1597,643,2563,1540,598,2,0,1,7.797270955165692E-4,0.0,0.001669449081803005,0.3282292655169209,0.8912479920427846,1.7196872215154266,0.6564585310338418,0.8912479920427846,1.146458147676951,0.08466640655481857,0.6331168831168831,0.7959866220735786,97.5,100.0,3712,305,692,3,0,0,8.081896551724138E-4,0.0,0.0,0.30000000000000004,0.5,0.30000000000000004,0.2,50.0,30.0,50.0,0.4,0.6000000000000001,0.30000000000000004,0.30000000000000004,40.0,40.0,50.0,559,556,3,559,0.005366726296958855,1.7530869128193185,1.5,1.1687246085462124,450,0.8093525179856115,1.0,1
"iteration_4","SCOPE_DATA_COLLECTION",400,46,2830.0,2890.0,0,2370,1574,559,2566,1553,590,2371,1579,555,0,0,4,0.0,0.0,0.007155635062611807,0.33019208359545177,0.9227104036451095,1.7520705140994102,0.6603841671909035,0.9227104036451095,1.1680470093996067,0.09405314213412062,0.6694110196326789,0.809009009009009,95.0,100.0,3585,359,559,4,0,0,0.0011157601115760112,0.0,0.0,0.4,0.6000000000000001,0.30000000000000004,0.30000000000000004,40.0,40.0,50.0,0.65,0.7000000000000001,0.9,0.30000000000000004,75.0,40.0,40.0,2494,2494,0,2494,0.0,0.32698317457646486,0.5,0.6539663491529297,247,0.09903769045709704,1.0,1
"iteration_4","SCOPE_DATA_COLLECTION",400,46,2830.0,2890.0,1,2370,1574,559,2566,1553,590,2371,1579,555,0,0,4,0.0,0.0,0.007155635062611807,0.33019208359545177,0.9227104036451095,1.7520705140994102,0.6603841671909035,0.9227104036451095,1.1680470093996067,0.09405314213412062,0.6694110196326789,0.809009009009009,95.0,100.0,3585,359,559,4,0,0,0.0011157601115760112,0.0,0.0,0.4,0.6000000000000001,0.30000000000000004,0.30000000000000004,40.0,40.0,50.0,0.65,0.7000000000000001,0.9,0.30000000000000004,75.0,40.0,40.0,1574,1573,1,1574,6.353240152477764E-4,0.8872197490095014,1.0,0.8872197490095014,986,0.6268277177368087,1.0,1
"iteration_4","SCOPE_DATA_COLLECTION",400,46,2830.0,2890.0,2,2370,1574,559,2566,1553,590,2371,1579,555,0,0,4,0.0,0.0,0.007155635062611807,0.33019208359545177,0.9227104036451095,1.7520705140994102,0.6603841671909035,0.9227104036451095,1.1680470093996067,0.09405314213412062,0.6694110196326789,0.809009009009009,95.0,100.0,3585,359,559,4,0,0,0.0011157601115760112,0.0,0.0,0.4,0.6000000000000001,0.30000000000000004,0.30000000000000004,40.0,40.0,50.0,0.65,0.7000000000000001,0.9,0.30000000000000004,75.0,40.0,40.0,636,634,2,636,0.0031446540880503146,1.7213853764275426,1.5,1.147590250951695,500,0.7886435331230284,1.0,1
"iteration_4","SCOPE_DATA_COLLECTION",400,47,2890.0,2950.0,0,2494,1574,636,2370,1574,559,2493,1577,625,0,1,2,0.0,6.337135614702154E-4,0.003189792663476874,0.32729748796266,0.8869130991342602,1.7195712951892719,0.65459497592532,0.8869130991342602,1.1463808634595145,0.09947853991175291,0.6284083703233989,0.7872,97.5,100.0,3626,684,394,3,0,0,8.27357970215113E-4,0.0,0.0,0.65,0.7000000000000001,0.9,0.30000000000000004,75.0,40.0,40.0,0.55,0.8,0.9,0.30000000000000004,65.0,40.0,40.0,2420,2418,2,2420,8.264462809917355E-4,0.3291282679569072,0.5,0.6582565359138144,176,0.07278742762613731,1.0,1
"iteration_4","SCOPE_DATA_COLLECTION",400,47,2890.0,2950.0,1,2494,1574,636,2370,1574,559,2493,1577,625,0,1,2,0.0,6.337135614702154E-4,0.003189792663476874,0.32729748796266,0.8869130991342602,1.7195712951892719,0.65459497592532,0.8869130991342602,1.1463808634595145,0.09947853991175291,0.6284083703233989,0.7872,97.5,100.0,3626,684,394,3,0,0,8.27357970215113E-4,0.0,0.0,0.65,0.7000000000000001,0.9,0.30000000000000004,75.0,40.0,40.0,0.55,0.8,0.9,0.30000000000000004,65.0,40.0,40.0,1514,1513,1,1514,6.605019815059445E-4,0.9248149938919061,1.0,0.9248149938919061,1010,0.6675479180436219,1.0,1
"iteration_4","SCOPE_DATA_COLLECTION",400,47,2890.0,2950.0,2,2494,1574,636,2370,1574,559,2493,1577,625,0,1,2,0.0,6.337135614702154E-4,0.003189792663476874,0.32729748796266,0.8869130991342602,1.7195712951892719,0.65459497592532,0.8869130991342602,1.1463808634595145,0.09947853991175291,0.6284083703233989,0.7872,97.5,100.0,3626,684,394,3,0,0,8.27357970215113E-4,0.0,0.0,0.65,0.7000000000000001,0.9,0.30000000000000004,75.0,40.0,40.0,0.55,0.8,0.9,0.30000000000000004,65.0,40.0,40.0,557,557,0,557,0.0,1.7776042842420716,1.5,1.1850695228280477,459,0.8240574506283662,1.0,1
"iteration_4","SCOPE_DATA_COLLECTION",400,48,2950.0,3010.0,0,2420,1514,557,2494,1574,636,2422,1503,560,2,1,0,8.250825082508251E-4,6.648936170212766E-4,0.0,0.3288132022898419,0.9231834831797892,1.771330228973788,0.6576264045796838,0.9231834831797892,1.1808868193158586,0.07225433526011561,0.6679973386560213,0.8232142857142857,92.5,100.0,3623,475,393,2,1,0,5.520287054926856E-4,0.002105263157894737,0.0,0.55,0.8,0.9,0.30000000000000004,65.0,40.0,40.0,0.7000000000000001,0.8,0.4,0.5,40.0,70.0,60.0,2485,2482,3,2485,0.0012072434607645875,0.3330962119805265,0.5,0.666192423961053,213,0.08581788879935535,1.0,1
"iteration_4","SCOPE_DATA_COLLECTION",400,48,2950.0,3010.0,1,2420,1514,557,2494,1574,636,2422,1503,560,2,1,0,8.250825082508251E-4,6.648936170212766E-4,0.0,0.3288132022898419,0.9231834831797892,1.771330228973788,0.6576264045796838,0.9231834831797892,1.1808868193158586,0.07225433526011561,0.6679973386560213,0.8232142857142857,92.5,100.0,3623,475,393,2,1,0,5.520287054926856E-4,0.002105263157894737,0.0,0.55,0.8,0.9,0.30000000000000004,65.0,40.0,40.0,0.7000000000000001,0.8,0.4,0.5,40.0,70.0,60.0,1510,1509,1,1510,6.622516556291391E-4,0.9038535248982338,1.0,0.9038535248982338,980,0.6494367130550033,1.0,1
"iteration_4","SCOPE_DATA_COLLECTION",400,48,2950.0,3010.0,2,2420,1514,557,2494,1574,636,2422,1503,560,2,1,0,8.250825082508251E-4,6.648936170212766E-4,0.0,0.3288132022898419,0.9231834831797892,1.771330228973788,0.6576264045796838,0.9231834831797892,1.1808868193158586,0.07225433526011561,0.6679973386560213,0.8232142857142857,92.5,100.0,3623,475,393,2,1,0,5.520287054926856E-4,0.002105263157894737,0.0,0.55,0.8,0.9,0.30000000000000004,65.0,40.0,40.0,0.7000000000000001,0.8,0.4,0.5,40.0,70.0,60.0,568,566,2,568,0.0035211267605633804,1.7847646602967517,1.5,1.1898431068645012,469,0.8286219081272085,1.0,1
"iteration_4","SCOPE_DATA_COLLECTION",400,49,3010.0,3070.0,0,2485,1510,568,2420,1514,557,2482,1516,562,3,1,2,0.0012072434607645875,6.591957811470006E-4,0.0035460992907801418,0.333185906371741,0.9048811692621008,1.7878371331829834,0.666371812743482,0.9048811692621008,1.191891422121989,0.0854149879129734,0.6490765171503958,0.8291814946619217,100.0,100.0,3662,615,286,6,0,0,0.0016384489350081922,0.0,0.0,0.7000000000000001,0.8,0.4,0.5,40.0,70.0,60.0,0.6000000000000001,0.9,0.5,0.6000000000000001,30.0,80.0,70.0,2503,2502,1,2503,3.9952057530962844E-4,0.3367508491446039,0.5,0.6735016982892078,277,0.11071143085531575,1.0,1
"iteration_4","SCOPE_DATA_COLLECTION",400,49,3010.0,3070.0,1,2485,1510,568,2420,1514,557,2482,1516,562,3,1,2,0.0012072434607645875,6.591957811470006E-4,0.0035460992907801418,0.333185906371741,0.9048811692621008,1.7878371331829834,0.666371812743482,0.9048811692621008,1.191891422121989,0.0854149879129734,0.6490765171503958,0.8291814946619217,100.0,100.0,3662,615,286,6,0,0,0.0016384489350081922,0.0,0.0,0.7000000000000001,0.8,0.4,0.5,40.0,70.0,60.0,0.6000000000000001,0.9,0.5,0.6000000000000001,30.0,80.0,70.0,1581,1580,1,1581,6.325110689437065E-4,0.9058850830095909,1.0,0.9058850830095909,1031,0.6525316455696203,1.0,1
"iteration_4","SCOPE_DATA_COLLECTION",400,49,3010.0,3070.0,2,2485,1510,568,2420,1514,557,2482,1516,562,3,1,2,0.0012072434607645875,6.591957811470006E-4,0.0035460992907801418,0.333185906371741,0.9048811692621008,1.7878371331829834,0.666371812743482,0.9048811692621008,1.191891422121989,0.0854149879129734,0.6490765171503958,0.8291814946619217,100.0,100.0,3662,615,286,6,0,0,0.0016384489350081922,0.0,0.0,0.7000000000000001,0.8,0.4,0.5,40.0,70.0,60.0,0.6000000000000001,0.9,0.5,0.6000000000000001,30.0,80.0,70.0,587,585,2,587,0.0034071550255536627,1.7659773318677874,1.5,1.1773182212451916,473,0.8085470085470086,1.0,1
"iteration_4","SCOPE_DATA_COLLECTION",400,50,3070.0,3130.0,0,2503,1581,587,2485,1510,568,2501,1574,590,1,1,2,3.996802557953637E-4,6.349206349206349E-4,0.0033783783783783786,0.3360225173896875,0.9046303850934021,1.7663277895437157,0.672045034779375,0.9046303850934021,1.1775518596958106,0.11035585765693723,0.650571791613723,0.8084745762711865,100.0,100.0,3679,608,384,4,0,0,0.0010872519706441968,0.0,0.0,0.6000000000000001,0.9,0.5,0.6000000000000001,30.0,80.0,70.0,0.5,0.9,0.6000000000000001,0.5,30.0,70.0,60.0,2488,2485,3,2488,0.0012057877813504824,0.3349761034422424,0.5,0.6699522068844848,221,0.08893360160965795,1.0,1
"iteration_4","SCOPE_DATA_COLLECTION",400,50,3070.0,3130.0,1,2503,1581,587,2485,1510,568,2501,1574,590,1,1,2,3.996802557953637E-4,6.349206349206349E-4,0.0033783783783783786,0.3360225173896875,0.9046303850934021,1.7663277895437157,0.672045034779375,0.9046303850934021,1.1775518596958106,0.11035585765693723,0.650571791613723,0.8084745762711865,100.0,100.0,3679,608,384,4,0,0,0.0010872519706441968,0.0,0.0,0.6000000000000001,0.9,0.5,0.6000000000000001,30.0,80.0,70.0,0.5,0.9,0.6000000000000001,0.5,30.0,70.0,60.0,1541,1540,1,1541,6.489292667099286E-4,0.9240096082264495,1.0,0.9240096082264495,1022,0.6636363636363637,1.0,1
"iteration_4","SCOPE_DATA_COLLECTION",400,50,3070.0,3130.0,2,2503,1581,587,2485,1510,568,2501,1574,590,1,1,2,3.996802557953637E-4,6.349206349206349E-4,0.0033783783783783786,0.3360225173896875,0.9046303850934021,1.7663277895437157,0.672045034779375,0.9046303850934021,1.1775518596958106,0.11035585765693723,0.650571791613723,0.8084745762711865,100.0,100.0,3679,608,384,4,0,0,0.0010872519706441968,0.0,0.0,0.6000000000000001,0.9,0.5,0.6000000000000001,30.0,80.0,70.0,0.5,0.9,0.6000000000000001,0.5,30.0,70.0,60.0,559,559,0,559,0.0,1.7291339175639613,1.5,1.1527559450426408,445,0.7960644007155635,1.0,1
"iteration_4","SCOPE_DATA_COLLECTION",400,51,3130.0,3190.0,0,2488,1541,559,2503,1581,587,2485,1551,561,3,1,0,0.0012057877813504824,6.443298969072165E-4,0.0,0.33537882952858644,0.9251623522732491,1.7310227143132104,0.6707576590571729,0.9251623522732491,1.1540151428754737,0.08893360160965795,0.6647324306898775,0.7967914438502673,90.0,100.0,3700,424,464,4,0,0,0.001081081081081081,0.0,0.0,0.5,0.9,0.6000000000000001,0.5,30.0,70.0,60.0,0.2,0.4,0.9,0.2,65.0,55.0,65.0,2456,2454,2,2456,8.143322475570033E-4,0.3304387519503708,0.5,0.6608775039007416,205,0.08353708231458842,1.0,1
"iteration_4","SCOPE_DATA_COLLECTION",400,51,3130.0,3190.0,1,2488,1541,559,2503,1581,587,2485,1551,561,3,1,0,0.0012057877813504824,6.443298969072165E-4,0.0,0.33537882952858644,0.9251623522732491,1.7310227143132104,0.6707576590571729,0.9251623522732491,1.1540151428754737,0.08893360160965795,0.6647324306898775,0.7967914438502673,90.0,100.0,3700,424,464,4,0,0,0.001081081081081081,0.0,0.0,0.5,0.9,0.6000000000000001,0.5,30.0,70.0,60.0,0.2,0.4,0.9,0.2,65.0,55.0,65.0,1567,1567,0,1567,0.0,0.8900165593917398,1.0,0.8900165593917398,1004,0.6407147415443523,1.0,1
"iteration_4","SCOPE_DATA_COLLECTION",400,51,3130.0,3190.0,2,2488,1541,559,2503,1581,587,2485,1551,561,3,1,0,0.0012057877813504824,6.443298969072165E-4,0.0,0.33537882952858644,0.9251623522732491,1.7310227143132104,0.6707576590571729,0.9251623522732491,1.1540151428754737,0.08893360160965795,0.6647324306898775,0.7967914438502673,90.0,100.0,3700,424,464,4,0,0,0.001081081081081081,0.0,0.0,0.5,0.9,0.6000000000000001,0.5,30.0,70.0,60.0,0.2,0.4,0.9,0.2,65.0,55.0,65.0,576,576,0,576,0.0,1.7122595794204076,1.5,1.1415063862802717,454,0.7881944444444444,1.0,1
"iteration_4","SCOPE_DATA_COLLECTION",400,52,3190.0,3250.0,0,2456,1567,576,2488,1541,559,2458,1558,579,2,0,0,8.130081300813008E-4,0.0,0.0,0.33083670476226773,0.8903625279819152,1.715748652700075,0.6616734095245355,0.8903625279819152,1.1438324351333833,0.08462164361269324,0.6392811296534018,0.7892918825561313,95.0,100.0,3636,192,771,2,0,0,5.5005500550055E-4,0.0,0.0,0.2,0.4,0.9,0.2,65.0,55.0,65.0,0.35000000000000003,0.4,0.30000000000000004,0.8,70.0,65.0,65.0,2459,2458,1,2459,4.0666937779585197E-4,0.32995407082189737,0.5,0.6599081416437947,216,0.08787632221318145,1.0,1
"iteration_4","SCOPE_DATA_COLLECTION",400,52,3190.0,3250.0,1,2456,1567,576,2488,1541,559,2458,1558,579,2,0,0,8.130081300813008E-4,0.0,0.0,0.33083670476226773,0.8903625279819152,1.715748652700075,0.6616734095245355,0.8903625279819152,1.1438324351333833,0.08462164361269324,0.6392811296534018,0.7892918825561313,95.0,100.0,3636,192,771,2,0,0,5.5005500550055E-4,0.0,0.0,0.2,0.4,0.9,0.2,65.0,55.0,65.0,0.35000000000000003,0.4,0.30000000000000004,0.8,70.0,65.0,65.0,1604,1602,2,1604,0.0012468827930174563,0.8940287974979113,1.0,0.8940287974979113,1033,0.6448189762796505,1.0,1
"iteration_4","SCOPE_DATA_COLLECTION",400,52,3190.0,3250.0,2,2456,1567,576,2488,1541,559,2458,1558,579,2,0,0,8.130081300813008E-4,0.0,0.0,0.33083670476226773,0.8903625279819152,1.715748652700075,0.6616734095245355,0.8903625279819152,1.1438324351333833,0.08462164361269324,0.6392811296534018,0.7892918825561313,95.0,100.0,3636,192,771,2,0,0,5.5005500550055E-4,0.0,0.0,0.2,0.4,0.9,0.2,65.0,55.0,65.0,0.35000000000000003,0.4,0.30000000000000004,0.8,70.0,65.0,65.0,603,603,0,603,0.0,1.6796672267151165,1.5,1.119778151143411,465,0.7711442786069652,1.0,1
"iteration_4","SCOPE_DATA_COLLECTION",400,53,3250.0,3310.0,0,2459,1604,603,2456,1567,576,2450,1617,607,1,2,0,4.079967360261118E-4,0.0012353304508956147,0.0,0.32996572613675607,0.8955763331476886,1.6816493078747705,0.6599314522735121,0.8955763331476886,1.1210995385831803,0.08857142857142856,0.647495361781076,0.7726523887973641,80.0,100.0,3646,375,645,2,1,0,5.485463521667581E-4,0.0026666666666666666,0.0,0.35000000000000003,0.4,0.30000000000000004,0.8,70.0,65.0,65.0,0.25,0.5,0.4,0.7000000000000001,60.0,65.0,65.0,2554,2552,2,2554,7.830853563038371E-4,0.3331195003028572,0.5,0.6662390006057144,200,0.07836990595611286,1.0,1
"iteration_4","SCOPE_DATA_COLLECTION",400,53,3250.0,3310.0,1,2459,1604,603,2456,1567,576,2450,1617,607,1,2,0,4.079967360261118E-4,0.0012353304508956147,0.0,0.32996572613675607,0.8955763331476886,1.6816493078747705,0.6599314522735121,0.8955763331476886,1.1210995385831803,0.08857142857142856,0.647495361781076,0.7726523887973641,80.0,100.0,3646,375,645,2,1,0,5.485463521667581E-4,0.0026666666666666666,0.0,0.35000000000000003,0.4,0.30000000000000004,0.8,70.0,65.0,65.0,0.25,0.5,0.4,0.7000000000000001,60.0,65.0,65.0,1545,1544,1,1545,6.472491909385113E-4,0.9029685426434771,1.0,0.9029685426434771,1024,0.6632124352331606,1.0,1
"iteration_4","SCOPE_DATA_COLLECTION",400,53,3250.0,3310.0,2,2459,1604,603,2456,1567,576,2450,1617,607,1,2,0,4.079967360261118E-4,0.0012353304508956147,0.0,0.32996572613675607,0.8955763331476886,1.6816493078747705,0.6599314522735121,0.8955763331476886,1.1210995385831803,0.08857142857142856,0.647495361781076,0.7726523887973641,80.0,100.0,3646,375,645,2,1,0,5.485463521667581E-4,0.0026666666666666666,0.0,0.35000000000000003,0.4,0.30000000000000004,0.8,70.0,65.0,65.0,0.25,0.5,0.4,0.7000000000000001,60.0,65.0,65.0,573,573,0,573,0.0,1.7545127624371677,1.5,1.1696751749581118,465,0.8115183246073299,1.0,1
"iteration_4","SCOPE_DATA_COLLECTION",400,54,3310.0,3370.0,0,2554,1545,573,2459,1604,603,2544,1530,570,2,1,0,7.855459544383347E-4,6.531678641410843E-4,0.0,0.33302333523151323,0.9004404096947434,1.7539153510483279,0.6660466704630265,0.9004404096947434,1.1692769006988852,0.07861635220125786,0.6601307189542484,0.8122807017543859,100.0,100.0,3768,226,678,3,0,0,7.961783439490446E-4,0.0,0.0,0.25,0.5,0.4,0.7000000000000001,60.0,65.0,65.0,0.25,0.5,0.4,0.7000000000000001,60.0,65.0,65.0,2481,2481,0,2481,0.0,0.32896798890921,0.5,0.65793597781842,237,0.09552599758162031,1.0,1
"iteration_4","SCOPE_DATA_COLLECTION",400,54,3310.0,3370.0,1,2554,1545,573,2459,1604,603,2544,1530,570,2,1,0,7.855459544383347E-4,6.531678641410843E-4,0.0,0.33302333523151323,0.9004404096947434,1.7539153510483279,0.6660466704630265,0.9004404096947434,1.1692769006988852,0.07861635220125786,0.6601307189542484,0.8122807017543859,100.0,100.0,3768,226,678,3,0,0,7.961783439490446E-4,0.0,0.0,0.25,0.5,0.4,0.7000000000000001,60.0,65.0,65.0,0.25,0.5,0.4,0.7000000000000001,60.0,65.0,65.0,1568,1566,2,1568,0.0012755102040816326,0.8853203916849038,1.0,0.8853203916849038,1001,0.6392081736909323,1.0,1
"iteration_4","SCOPE_DATA_COLLECTION",400,54,3310.0,3370.0,2,2554,1545,573,2459,1604,603,2544,1530,570,2,1,0,7.855459544383347E-4,6.531678641410843E-4,0.0,0.33302333523151323,0.9004404096947434,1.7539153510483279,0.6660466704630265,0.9004404096947434,1.1692769006988852,0.07861635220125786,0.6601307189542484,0.8122807017543859,100.0,100.0,3768,226,678,3,0,0,7.961783439490446E-4,0.0,0.0,0.25,0.5,0.4,0.7000000000000001,60.0,65.0,65.0,0.25,0.5,0.4,0.7000000000000001,60.0,65.0,65.0,607,607,0,607,0.0,1.7000540789373448,1.5,1.13336938595823,475,0.7825370675453048,1.0,1
"iteration_4","SCOPE_DATA_COLLECTION",400,55,3370.0,3430.0,0,2481,1568,607,2554,1545,573,2494,1572,602,0,2,0,0.0,0.0012706480304955528,0.0,0.3288454835553701,0.886704915393016,1.703861596662694,0.6576909671107402,0.886704915393016,1.1359077311084627,0.09502806736166801,0.6412213740458015,0.782392026578073,87.5,100.0,3628,255,773,2,0,0,5.512679162072767E-4,0.0,0.0,0.25,0.5,0.4,0.7000000000000001,60.0,65.0,65.0,0.6000000000000001,0.1,0.4,0.7000000000000001,65.0,60.0,50.0,2512,2512,0,2512,0.0,0.3350327961925165,0.5,0.670065592385033,158,0.06289808917197452,1.0,1
"iteration_4","SCOPE_DATA_COLLECTION",400,55,3370.0,3430.0,1,2481,1568,607,2554,1545,573,2494,1572,602,0,2,0,0.0,0.0012706480304955528,0.0,0.3288454835553701,0.886704915393016,1.703861596662694,0.6576909671107402,0.886704915393016,1.1359077311084627,0.09502806736166801,0.6412213740458015,0.782392026578073,87.5,100.0,3628,255,773,2,0,0,5.512679162072767E-4,0.0,0.0,0.25,0.5,0.4,0.7000000000000001,60.0,65.0,65.0,0.6000000000000001,0.1,0.4,0.7000000000000001,65.0,60.0,50.0,1526,1526,0,1526,0.0,0.9398106334285422,1.0,0.9398106334285422,1044,0.6841415465268676,1.0,1
"iteration_4","SCOPE_DATA_COLLECTION",400,55,3370.0,3430.0,2,2481,1568,607,2554,1545,573,2494,1572,602,0,2,0,0.0,0.0012706480304955528,0.0,0.3288454835553701,0.886704915393016,1.703861596662694,0.6576909671107402,0.886704915393016,1.1359077311084627,0.09502806736166801,0.6412213740458015,0.782392026578073,87.5,100.0,3628,255,773,2,0,0,5.512679162072767E-4,0.0,0.0,0.25,0.5,0.4,0.7000000000000001,60.0,65.0,65.0,0.6000000000000001,0.1,0.4,0.7000000000000001,65.0,60.0,50.0,567,567,0,567,0.0,1.7602993747520055,1.5,1.173532916501337,467,0.8236331569664903,1.0,1
"iteration_4","SCOPE_DATA_COLLECTION",400,56,3430.0,3490.0,0,2512,1526,567,2481,1568,607,2507,1526,567,0,0,0,0.0,0.0,0.0,0.3345567327763433,0.9391714656433207,1.7514322863670708,0.6691134655526866,0.9391714656433207,1.1676215242447139,0.06102911846828879,0.682175622542595,0.8201058201058201,92.5,100.0,3797,475,333,0,0,0,0.0,0.0,0.0,0.6000000000000001,0.1,0.4,0.7000000000000001,65.0,60.0,50.0,0.6000000000000001,0.1,0.4,0.7000000000000001,65.0,60.0,50.0,2562,2561,1,2562,3.9032006245121E-4,0.34321074802871177,0.5,0.6864214960574235,212,0.08278016399843811,1.0,1
"iteration_4","SCOPE_DATA_COLLECTION",400,56,3430.0,3490.0,1,2512,1526,567,2481,1568,607,2507,1526,567,0,0,0,0.0,0.0,0.0,0.3345567327763433,0.9391714656433207,1.7514322863670708,0.6691134655526866,0.9391714656433207,1.1676215242447139,0.06102911846828879,0.682175622542595,0.8201058201058201,92.5,100.0,3797,475,333,0,0,0,0.0,0.0,0.0,0.6000000000000001,0.1,0.4,0.7000000000000001,65.0,60.0,50.0,0.6000000000000001,0.1,0.4,0.7000000000000001,65.0,60.0,50.0,1536,1534,2,1536,0.0013020833333333333,0.9286476119849625,1.0,0.9286476119849625,1007,0.6564537157757496,1.0,1
"iteration_4","SCOPE_DATA_COLLECTION",400,56,3430.0,3490.0,2,2512,1526,567,2481,1568,607,2507,1526,567,0,0,0,0.0,0.0,0.0,0.3345567327763433,0.9391714656433207,1.7514322863670708,0.6691134655526866,0.9391714656433207,1.1676215242447139,0.06102911846828879,0.682175622542595,0.8201058201058201,92.5,100.0,3797,475,333,0,0,0,0.0,0.0,0.0,0.6000000000000001,0.1,0.4,0.7000000000000001,65.0,60.0,50.0,0.6000000000000001,0.1,0.4,0.7000000000000001,65.0,60.0,50.0,602,599,3,602,0.0049833887043189366,1.7672409844123274,1.5,1.178160656274885,486,0.8113522537562604,1.0,1
"iteration_4","SCOPE_DATA_COLLECTION",400,57,3490.0,3550.0,0,2562,1536,602,2512,1526,567,2561,1531,597,1,2,3,3.9032006245121E-4,0.001304631441617743,0.005,0.3438175069999426,0.9301664954669068,1.7658607415264014,0.6876350139998852,0.9301664954669068,1.1772404943509343,0.08317063647012886,0.6577400391900718,0.8107202680067002,97.5,100.0,3869,526,305,5,1,0,0.0012923235978288964,0.0019011406844106464,0.0,0.6000000000000001,0.1,0.4,0.7000000000000001,65.0,60.0,50.0,0.9,0.9,0.1,0.2,85.0,70.0,30.0,2418,2414,4,2418,0.0016542597187758478,0.3311297123323003,0.5,0.6622594246646006,154,0.06379453189726594,1.0,1
"iteration_4","SCOPE_DATA_COLLECTION",400,57,3490.0,3550.0,1,2562,1536,602,2512,1526,567,2561,1531,597,1,2,3,3.9032006245121E-4,0.001304631441617743,0.005,0.3438175069999426,0.9301664954669068,1.7658607415264014,0.6876350139998852,0.9301664954669068,1.1772404943509343,0.08317063647012886,0.6577400391900718,0.8107202680067002,97.5,100.0,3869,526,305,5,1,0,0.0012923235978288964,0.0019011406844106464,0.0,0.6000000000000001,0.1,0.4,0.7000000000000001,65.0,60.0,50.0,0.9,0.9,0.1,0.2,85.0,70.0,30.0,1607,1605,2,1607,0.0012445550715619166,0.8989552974455495,1.0,0.8989552974455495,1034,0.6442367601246106,1.0,1
"iteration_4","SCOPE_DATA_COLLECTION",400,57,3490.0,3550.0,2,2562,1536,602,2512,1526,567,2561,1531,597,1,2,3,3.9032006245121E-4,0.001304631441617743,0.005,0.3438175069999426,0.9301664954669068,1.7658607415264014,0.6876350139998852,0.9301664954669068,1.1772404943509343,0.08317063647012886,0.6577400391900718,0.8107202680067002,97.5,100.0,3869,526,305,5,1,0,0.0012923235978288964,0.0019011406844106464,0.0,0.6000000000000001,0.1,0.4,0.7000000000000001,65.0,60.0,50.0,0.9,0.9,0.1,0.2,85.0,70.0,30.0,542,541,1,542,0.0018450184501845018,1.7707713719810088,1.5,1.1805142479873392,447,0.8262476894639557,1.0,1
"iteration_4","SCOPE_DATA_COLLECTION",400,58,3550.0,3616.280764860611,0,2418,1607,542,2562,1536,602,2416,1606,551,4,2,1,0.001652892561983471,0.0012437810945273632,0.0018115942028985507,0.3312072821693153,0.8985926965245808,1.777551150001616,0.6624145643386306,0.8985926965245808,1.1850341000010773,0.06539735099337748,0.6457036114570361,0.8294010889292196,92.5,100.0,3691,794,82,6,1,0,0.001625575724735844,0.0012594458438287153,0.0,0.9,0.9,0.1,0.2,85.0,70.0,30.0,0.8,0.9,0.1,0.2,75.0,80.0,40.0,2093,2082,1,2083,4.8007681228996637E-4,0.3287045237825909,0.5,0.6574090475651818,159,0.07636887608069164,0.9952221691352127,0
"iteration_4","SCOPE_DATA_COLLECTION",400,58,3550.0,3616.280764860611,1,2418,1607,542,2562,1536,602,2416,1606,551,4,2,1,0.001652892561983471,0.0012437810945273632,0.0018115942028985507,0.3312072821693153,0.8985926965245808,1.777551150001616,0.6624145643386306,0.8985926965245808,1.1850341000010773,0.06539735099337748,0.6457036114570361,0.8294010889292196,92.5,100.0,3691,794,82,6,1,0,0.001625575724735844,0.0012594458438287153,0.0,0.9,0.9,0.1,0.2,85.0,70.0,30.0,0.8,0.9,0.1,0.2,75.0,80.0,40.0,1312,1288,1,1289,7.757951900698216E-4,0.9054081858651465,1.0,0.9054081858651465,837,0.6498447204968945,0.9824695121951219,0
"iteration_4","SCOPE_DATA_COLLECTION",400,58,3550.0,3616.280764860611,2,2418,1607,542,2562,1536,602,2416,1606,551,4,2,1,0.001652892561983471,0.0012437810945273632,0.0018115942028985507,0.3312072821693153,0.8985926965245808,1.777551150001616,0.6624145643386306,0.8985926965245808,1.1850341000010773,0.06539735099337748,0.6457036114570361,0.8294010889292196,92.5,100.0,3691,794,82,6,1,0,0.001625575724735844,0.0012594458438287153,0.0,0.9,0.9,0.1,0.2,85.0,70.0,30.0,0.8,0.9,0.1,0.2,75.0,80.0,40.0,486,465,2,467,0.004282655246252677,1.7420231885189492,1.5,1.1613487923459662,376,0.8086021505376344,0.9609053497942387,0
"iteration_4","SCOPE_DATA_COLLECTION",500,0,70.0,130.0,0,2721,1779,658,0,0,0,2701,1747,640,2,4,3,7.399186089530152E-4,0.002284408909194746,0.004665629860031105,0.3296629346376457,0.8582378360289459,1.5593012820189602,0.6593258692752914,0.8582378360289459,1.03953418801264,0.1525360977415772,0.5998855180309102,0.6953125,100.0,100.0,3677,906,575,9,0,0,0.0024476475387544194,0.0,0.0,0.6,0.5,0.7,0.4,85.0,80.0,90.0,0.6000000000000001,0.6000000000000001,0.6000000000000001,0.1,95.0,45.0,65.0,3121,3118,3,3121,9.612303748798462E-4,0.3254756357505614,0.5,0.6509512715011228,465,0.14913406029506093,1.0,1
"iteration_4","SCOPE_DATA_COLLECTION",500,0,70.0,130.0,1,2721,1779,658,0,0,0,2701,1747,640,2,4,3,7.399186089530152E-4,0.002284408909194746,0.004665629860031105,0.3296629346376457,0.8582378360289459,1.5593012820189602,0.6593258692752914,0.8582378360289459,1.03953418801264,0.1525360977415772,0.5998855180309102,0.6953125,100.0,100.0,3677,906,575,9,0,0,0.0024476475387544194,0.0,0.0,0.6,0.5,0.7,0.4,85.0,80.0,90.0,0.6000000000000001,0.6000000000000001,0.6000000000000001,0.1,95.0,45.0,65.0,1904,1903,1,1904,5.252100840336134E-4,0.8186143973667811,1.0,0.8186143973667811,1074,0.5643720441408303,1.0,1
"iteration_4","SCOPE_DATA_COLLECTION",500,0,70.0,130.0,2,2721,1779,658,0,0,0,2701,1747,640,2,4,3,7.399186089530152E-4,0.002284408909194746,0.004665629860031105,0.3296629346376457,0.8582378360289459,1.5593012820189602,0.6593258692752914,0.8582378360289459,1.03953418801264,0.1525360977415772,0.5998855180309102,0.6953125,100.0,100.0,3677,906,575,9,0,0,0.0024476475387544194,0.0,0.0,0.6,0.5,0.7,0.4,85.0,80.0,90.0,0.6000000000000001,0.6000000000000001,0.6000000000000001,0.1,95.0,45.0,65.0,766,765,1,766,0.0013054830287206266,1.5065314143810278,1.5,1.0043542762540185,512,0.6692810457516339,1.0,1
"iteration_4","SCOPE_DATA_COLLECTION",500,1,130.0,190.0,0,3121,1904,766,2721,1779,658,3125,1898,765,3,1,1,9.590792838874681E-4,5.26592943654555E-4,0.0013054830287206266,0.3256720854322162,0.8167062636949056,1.501903120635728,0.6513441708644324,0.8167062636949056,1.0012687470904853,0.14944,0.5626975763962065,0.6679738562091503,95.0,100.0,3946,1077,768,4,1,0,0.0010136847440446021,9.285051067780873E-4,0.0,0.6000000000000001,0.6000000000000001,0.6000000000000001,0.1,95.0,45.0,65.0,0.6000000000000001,0.6000000000000001,0.6000000000000001,0.1,95.0,45.0,65.0,3090,3089,1,3090,3.2362459546925567E-4,0.31992340758666904,0.5,0.6398468151733381,443,0.14341210747814828,1.0,1
"iteration_4","SCOPE_DATA_COLLECTION",500,1,130.0,190.0,1,3121,1904,766,2721,1779,658,3125,1898,765,3,1,1,9.590792838874681E-4,5.26592943654555E-4,0.0013054830287206266,0.3256720854322162,0.8167062636949056,1.501903120635728,0.6513441708644324,0.8167062636949056,1.0012687470904853,0.14944,0.5626975763962065,0.6679738562091503,95.0,100.0,3946,1077,768,4,1,0,0.0010136847440446021,9.285051067780873E-4,0.0,0.6000000000000001,0.6000000000000001,0.6000000000000001,0.1,95.0,45.0,65.0,0.6000000000000001,0.6000000000000001,0.6000000000000001,0.1,95.0,45.0,65.0,1912,1908,4,1912,0.0020920502092050207,0.8267627711528445,1.0,0.8267627711528445,1118,0.5859538784067087,1.0,1
"iteration_4","SCOPE_DATA_COLLECTION",500,1,130.0,190.0,2,3121,1904,766,2721,1779,658,3125,1898,765,3,1,1,9.590792838874681E-4,5.26592943654555E-4,0.0013054830287206266,0.3256720854322162,0.8167062636949056,1.501903120635728,0.6513441708644324,0.8167062636949056,1.0012687470904853,0.14944,0.5626975763962065,0.6679738562091503,95.0,100.0,3946,1077,768,4,1,0,0.0010136847440446021,9.285051067780873E-4,0.0,0.6000000000000001,0.6000000000000001,0.6000000000000001,0.1,95.0,45.0,65.0,0.6000000000000001,0.6000000000000001,0.6000000000000001,0.1,95.0,45.0,65.0,762,762,0,762,0.0,1.4974353990810283,1.5,0.9982902660540188,508,0.6666666666666666,1.0,1
"iteration_4","SCOPE_DATA_COLLECTION",500,2,190.0,250.0,0,3090,1912,762,3121,1904,766,3083,1915,762,1,4,0,3.2425421530479895E-4,0.0020844189682126106,0.0,0.32011839207694137,0.8297489896507122,1.5001806881798745,0.6402367841538827,0.8297489896507122,1.000120458786583,0.14369120986052547,0.5900783289817232,0.6666666666666666,100.0,100.0,3938,1086,740,4,1,0,0.001015744032503809,9.208103130755065E-4,0.0,0.6000000000000001,0.6000000000000001,0.6000000000000001,0.1,95.0,45.0,65.0,0.6000000000000001,0.7000000000000001,0.5,0.2,95.0,35.0,65.0,3068,3067,1,3068,3.259452411994785E-4,0.3144205851565812,0.5,0.6288411703131624,423,0.13791979132702967,1.0,1
"iteration_4","SCOPE_DATA_COLLECTION",500,2,190.0,250.0,1,3090,1912,762,3121,1904,766,3083,1915,762,1,4,0,3.2425421530479895E-4,0.0020844189682126106,0.0,0.32011839207694137,0.8297489896507122,1.5001806881798745,0.6402367841538827,0.8297489896507122,1.000120458786583,0.14369120986052547,0.5900783289817232,0.6666666666666666,100.0,100.0,3938,1086,740,4,1,0,0.001015744032503809,9.208103130755065E-4,0.0,0.6000000000000001,0.6000000000000001,0.6000000000000001,0.1,95.0,45.0,65.0,0.6000000000000001,0.7000000000000001,0.5,0.2,95.0,35.0,65.0,1872,1869,3,1872,0.0016025641025641025,0.8162377110827963,1.0,0.8162377110827963,1060,0.5671482075976458,1.0,1
"iteration_4","SCOPE_DATA_COLLECTION",500,2,190.0,250.0,2,3090,1912,762,3121,1904,766,3083,1915,762,1,4,0,3.2425421530479895E-4,0.0020844189682126106,0.0,0.32011839207694137,0.8297489896507122,1.5001806881798745,0.6402367841538827,0.8297489896507122,1.000120458786583,0.14369120986052547,0.5900783289817232,0.6666666666666666,100.0,100.0,3938,1086,740,4,1,0,0.001015744032503809,9.208103130755065E-4,0.0,0.6000000000000001,0.6000000000000001,0.6000000000000001,0.1,95.0,45.0,65.0,0.6000000000000001,0.7000000000000001,0.5,0.2,95.0,35.0,65.0,761,760,1,761,0.001314060446780552,1.5727749499240584,1.5,1.0485166332827056,535,0.7039473684210527,1.0,1
"iteration_4","SCOPE_DATA_COLLECTION",500,3,250.0,310.0,0,3068,1872,761,3090,1912,762,3064,1869,757,1,3,1,3.262642740619902E-4,0.0016025641025641025,0.0013192612137203166,0.3139454538524384,0.817103049786493,1.5747763793192928,0.6278909077048768,0.817103049786493,1.0498509195461951,0.1377284595300261,0.5692883895131086,0.7054161162483488,95.0,100.0,3812,1165,724,4,1,0,0.001049317943336831,8.583690987124463E-4,0.0,0.6000000000000001,0.7000000000000001,0.5,0.2,95.0,35.0,65.0,0.7000000000000001,0.8,0.6000000000000001,0.2,85.0,45.0,75.0,3070,3067,3,3070,9.77198697068404E-4,0.3215297964439847,0.5,0.6430595928879694,452,0.14737528529507662,1.0,1
"iteration_4","SCOPE_DATA_COLLECTION",500,3,250.0,310.0,1,3068,1872,761,3090,1912,762,3064,1869,757,1,3,1,3.262642740619902E-4,0.0016025641025641025,0.0013192612137203166,0.3139454538524384,0.817103049786493,1.5747763793192928,0.6278909077048768,0.817103049786493,1.0498509195461951,0.1377284595300261,0.5692883895131086,0.7054161162483488,95.0,100.0,3812,1165,724,4,1,0,0.001049317943336831,8.583690987124463E-4,0.0,0.6000000000000001,0.7000000000000001,0.5,0.2,95.0,35.0,65.0,0.7000000000000001,0.8,0.6000000000000001,0.2,85.0,45.0,75.0,1897,1896,1,1897,5.271481286241434E-4,0.8450903759844798,1.0,0.8450903759844798,1140,0.6012658227848101,1.0,1
"iteration_4","SCOPE_DATA_COLLECTION",500,3,250.0,310.0,2,3068,1872,761,3090,1912,762,3064,1869,757,1,3,1,3.262642740619902E-4,0.0016025641025641025,0.0013192612137203166,0.3139454538524384,0.817103049786493,1.5747763793192928,0.6278909077048768,0.817103049786493,1.0498509195461951,0.1377284595300261,0.5692883895131086,0.7054161162483488,95.0,100.0,3812,1165,724,4,1,0,0.001049317943336831,8.583690987124463E-4,0.0,0.6000000000000001,0.7000000000000001,0.5,0.2,95.0,35.0,65.0,0.7000000000000001,0.8,0.6000000000000001,0.2,85.0,45.0,75.0,744,742,2,744,0.002688172043010753,1.4906334556968328,1.5,0.9937556371312218,488,0.6576819407008087,1.0,1
"iteration_4","SCOPE_DATA_COLLECTION",500,4,310.0,370.0,0,3070,1897,744,3068,1872,761,3067,1903,749,3,1,2,9.77198697068404E-4,5.252100840336134E-4,0.002663115845539281,0.32178545824107335,0.8440252284850175,1.4945656946360315,0.6435709164821467,0.8440252284850175,0.9963771297573544,0.14835343984349528,0.5990541250656858,0.6595460614152203,85.0,100.0,3890,1255,566,4,2,0,0.0010282776349614395,0.0015936254980079682,0.0,0.7000000000000001,0.8,0.6000000000000001,0.2,85.0,45.0,75.0,0.9500000000000001,0.8,0.5,0.8,80.0,55.0,50.0,2930,2926,4,2930,0.0013651877133105802,0.33118184548596324,0.5,0.6623636909719265,449,0.1534518113465482,1.0,1
"iteration_4","SCOPE_DATA_COLLECTION",500,4,310.0,370.0,1,3070,1897,744,3068,1872,761,3067,1903,749,3,1,2,9.77198697068404E-4,5.252100840336134E-4,0.002663115845539281,0.32178545824107335,0.8440252284850175,1.4945656946360315,0.6435709164821467,0.8440252284850175,0.9963771297573544,0.14835343984349528,0.5990541250656858,0.6595460614152203,85.0,100.0,3890,1255,566,4,2,0,0.0010282776349614395,0.0015936254980079682,0.0,0.7000000000000001,0.8,0.6000000000000001,0.2,85.0,45.0,75.0,0.9500000000000001,0.8,0.5,0.8,80.0,55.0,50.0,1928,1926,2,1928,0.001037344398340249,0.8429196243681295,1.0,0.8429196243681295,1150,0.5970924195223261,1.0,1
"iteration_4","SCOPE_DATA_COLLECTION",500,4,310.0,370.0,2,3070,1897,744,3068,1872,761,3067,1903,749,3,1,2,9.77198697068404E-4,5.252100840336134E-4,0.002663115845539281,0.32178545824107335,0.8440252284850175,1.4945656946360315,0.6435709164821467,0.8440252284850175,0.9963771297573544,0.14835343984349528,0.5990541250656858,0.6595460614152203,85.0,100.0,3890,1255,566,4,2,0,0.0010282776349614395,0.0015936254980079682,0.0,0.7000000000000001,0.8,0.6000000000000001,0.2,85.0,45.0,75.0,0.9500000000000001,0.8,0.5,0.8,80.0,55.0,50.0,743,742,1,743,0.0013458950201884253,1.5507925281197832,1.5,1.0338616854131888,506,0.6819407008086253,1.0,1
"iteration_4","SCOPE_DATA_COLLECTION",500,5,370.0,430.0,0,2930,1928,743,3070,1897,744,2938,1913,738,4,2,1,0.0013596193065941536,0.0010443864229765013,0.0013531799729364006,0.33108448588085776,0.8418137475172631,1.5457899586553328,0.6621689717617155,0.8418137475172631,1.0305266391035552,0.15146358066712048,0.5938316779926817,0.6788617886178862,95.0,100.0,3885,1640,76,5,2,0,0.001287001287001287,0.0012195121951219512,0.0,0.9500000000000001,0.8,0.5,0.8,80.0,55.0,50.0,0.9500000000000001,0.8,0.5,0.8,80.0,55.0,50.0,2988,2985,3,2988,0.001004016064257028,0.32852816054601225,0.5,0.6570563210920245,473,0.15845896147403685,1.0,1
"iteration_4","SCOPE_DATA_COLLECTION",500,5,370.0,430.0,1,2930,1928,743,3070,1897,744,2938,1913,738,4,2,1,0.0013596193065941536,0.0010443864229765013,0.0013531799729364006,0.33108448588085776,0.8418137475172631,1.5457899586553328,0.6621689717617155,0.8418137475172631,1.0305266391035552,0.15146358066712048,0.5938316779926817,0.6788617886178862,95.0,100.0,3885,1640,76,5,2,0,0.001287001287001287,0.0012195121951219512,0.0,0.9500000000000001,0.8,0.5,0.8,80.0,55.0,50.0,0.9500000000000001,0.8,0.5,0.8,80.0,55.0,50.0,1941,1936,5,1941,0.002575991756826378,0.8337534914434825,1.0,0.8337534914434825,1129,0.5831611570247934,1.0,1
"iteration_4","SCOPE_DATA_COLLECTION",500,5,370.0,430.0,2,2930,1928,743,3070,1897,744,2938,1913,738,4,2,1,0.0013596193065941536,0.0010443864229765013,0.0013531799729364006,0.33108448588085776,0.8418137475172631,1.5457899586553328,0.6621689717617155,0.8418137475172631,1.0305266391035552,0.15146358066712048,0.5938316779926817,0.6788617886178862,95.0,100.0,3885,1640,76,5,2,0,0.001287001287001287,0.0012195121951219512,0.0,0.9500000000000001,0.8,0.5,0.8,80.0,55.0,50.0,0.9500000000000001,0.8,0.5,0.8,80.0,55.0,50.0,767,765,2,767,0.002607561929595828,1.5418369373257228,1.5,1.0278912915504819,513,0.6705882352941176,1.0,1
"iteration_4","SCOPE_DATA_COLLECTION",500,6,430.0,490.0,0,2988,1941,767,2930,1928,743,2978,1936,763,3,5,2,0.0010063737001006373,0.002575991756826378,0.00261437908496732,0.3285542057239703,0.8338098595372521,1.5398630677365346,0.6571084114479406,0.8338098595372521,1.026575378491023,0.1588314304902619,0.5841942148760331,0.6697247706422018,100.0,100.0,3890,1714,92,9,1,0,0.002313624678663239,5.834305717619603E-4,0.0,0.9500000000000001,0.8,0.5,0.8,80.0,55.0,50.0,0.45,0.2,0.6000000000000001,0.30000000000000004,30.0,55.0,25.0,3070,3070,0,3070,0.0,0.31250932077574967,0.5,0.6250186415514993,354,0.11530944625407166,1.0,1
"iteration_4","SCOPE_DATA_COLLECTION",500,6,430.0,490.0,1,2988,1941,767,2930,1928,743,2978,1936,763,3,5,2,0.0010063737001006373,0.002575991756826378,0.00261437908496732,0.3285542057239703,0.8338098595372521,1.5398630677365346,0.6571084114479406,0.8338098595372521,1.026575378491023,0.1588314304902619,0.5841942148760331,0.6697247706422018,100.0,100.0,3890,1714,92,9,1,0,0.002313624678663239,5.834305717619603E-4,0.0,0.9500000000000001,0.8,0.5,0.8,80.0,55.0,50.0,0.45,0.2,0.6000000000000001,0.30000000000000004,30.0,55.0,25.0,1986,1985,1,1986,5.035246727089627E-4,0.8224972956603286,1.0,0.8224972956603286,1149,0.5788413098236775,1.0,1
"iteration_4","SCOPE_DATA_COLLECTION",500,6,430.0,490.0,2,2988,1941,767,2930,1928,743,2978,1936,763,3,5,2,0.0010063737001006373,0.002575991756826378,0.00261437908496732,0.3285542057239703,0.8338098595372521,1.5398630677365346,0.6571084114479406,0.8338098595372521,1.026575378491023,0.1588314304902619,0.5841942148760331,0.6697247706422018,100.0,100.0,3890,1714,92,9,1,0,0.002313624678663239,5.834305717619603E-4,0.0,0.9500000000000001,0.8,0.5,0.8,80.0,55.0,50.0,0.45,0.2,0.6000000000000001,0.30000000000000004,30.0,55.0,25.0,730,726,4,730,0.005479452054794521,1.5724472218910397,1.5,1.0482981479273599,511,0.7038567493112947,1.0,1
"iteration_4","SCOPE_DATA_COLLECTION",500,7,490.0,550.0,0,3070,1986,730,2988,1941,767,3067,1999,727,0,1,4,0.0,5.0E-4,0.005471956224350205,0.31239915899558346,0.8237125749059294,1.5749988892106523,0.6247983179911669,0.8237125749059294,1.0499992594737682,0.11640039126181936,0.5802901450725363,0.7042640990371389,90.0,100.0,3963,855,968,5,0,0,0.0012616704516780217,0.0,0.0,0.45,0.2,0.6000000000000001,0.30000000000000004,30.0,55.0,25.0,0.55,0.1,0.7000000000000001,0.30000000000000004,20.0,65.0,25.0,3026,3025,1,3026,3.3046926635822867E-4,0.32727075365878244,0.5,0.6545415073175649,412,0.13619834710743803,1.0,1
"iteration_4","SCOPE_DATA_COLLECTION",500,7,490.0,550.0,1,3070,1986,730,2988,1941,767,3067,1999,727,0,1,4,0.0,5.0E-4,0.005471956224350205,0.31239915899558346,0.8237125749059294,1.5749988892106523,0.6247983179911669,0.8237125749059294,1.0499992594737682,0.11640039126181936,0.5802901450725363,0.7042640990371389,90.0,100.0,3963,855,968,5,0,0,0.0012616704516780217,0.0,0.0,0.45,0.2,0.6000000000000001,0.30000000000000004,30.0,55.0,25.0,0.55,0.1,0.7000000000000001,0.30000000000000004,20.0,65.0,25.0,1868,1867,1,1868,5.353319057815846E-4,0.8612394937424517,1.0,0.8612394937424517,1146,0.6138189608998393,1.0,1
"iteration_4","SCOPE_DATA_COLLECTION",500,7,490.0,550.0,2,3070,1986,730,2988,1941,767,3067,1999,727,0,1,4,0.0,5.0E-4,0.005471956224350205,0.31239915899558346,0.8237125749059294,1.5749988892106523,0.6247983179911669,0.8237125749059294,1.0499992594737682,0.11640039126181936,0.5802901450725363,0.7042640990371389,90.0,100.0,3963,855,968,5,0,0,0.0012616704516780217,0.0,0.0,0.45,0.2,0.6000000000000001,0.30000000000000004,30.0,55.0,25.0,0.55,0.1,0.7000000000000001,0.30000000000000004,20.0,65.0,25.0,713,712,1,713,0.001402524544179523,1.6237035011352978,1.5,1.0824690007568651,522,0.7331460674157303,1.0,1
"iteration_4","SCOPE_DATA_COLLECTION",500,8,550.0,610.0,0,3026,1868,713,3070,1986,730,3024,1852,705,1,1,1,3.3057851239669424E-4,5.396654074473826E-4,0.00141643059490085,0.3274113880733208,0.8591388441785464,1.6220740761950267,0.6548227761466416,0.8591388441785464,1.0813827174633512,0.13525132275132276,0.6123110151187905,0.7333333333333333,97.5,100.0,4070,844,693,2,1,0,4.914004914004914E-4,0.001184834123222749,0.0,0.55,0.1,0.7000000000000001,0.30000000000000004,20.0,65.0,25.0,0.1,0.8,0.1,0.1,60.0,85.0,70.0,2983,2983,0,2983,0.0,0.3127268774605216,0.5,0.6254537549210432,329,0.11029165269862555,1.0,1
"iteration_4","SCOPE_DATA_COLLECTION",500,8,550.0,610.0,1,3026,1868,713,3070,1986,730,3024,1852,705,1,1,1,3.3057851239669424E-4,5.396654074473826E-4,0.00141643059490085,0.3274113880733208,0.8591388441785464,1.6220740761950267,0.6548227761466416,0.8591388441785464,1.0813827174633512,0.13525132275132276,0.6123110151187905,0.7333333333333333,97.5,100.0,4070,844,693,2,1,0,4.914004914004914E-4,0.001184834123222749,0.0,0.55,0.1,0.7000000000000001,0.30000000000000004,20.0,65.0,25.0,0.1,0.8,0.1,0.1,60.0,85.0,70.0,1993,1993,0,1993,0.0,0.8136383821919044,1.0,0.8136383821919044,1140,0.572002007024586,1.0,1
"iteration_4","SCOPE_DATA_COLLECTION",500,8,550.0,610.0,2,3026,1868,713,3070,1986,730,3024,1852,705,1,1,1,3.3057851239669424E-4,5.396654074473826E-4,0.00141643059490085,0.3274113880733208,0.8591388441785464,1.6220740761950267,0.6548227761466416,0.8591388441785464,1.0813827174633512,0.13525132275132276,0.6123110151187905,0.7333333333333333,97.5,100.0,4070,844,693,2,1,0,4.914004914004914E-4,0.001184834123222749,0.0,0.55,0.1,0.7000000000000001,0.30000000000000004,20.0,65.0,25.0,0.1,0.8,0.1,0.1,60.0,85.0,70.0,763,762,1,763,0.001310615989515072,1.5373872177678485,1.5,1.0249248118452323,528,0.6929133858267716,1.0,1
"iteration_4","SCOPE_DATA_COLLECTION",500,9,610.0,670.0,0,2983,1993,763,3026,1868,713,2990,2002,766,0,0,1,0.0,0.0,0.001303780964797914,0.31298828745748625,0.8163061238023795,1.5363613146620365,0.6259765749149725,0.8163061238023795,1.0242408764413578,0.11137123745819398,0.5734265734265734,0.6919060052219321,95.0,100.0,3967,176,1596,1,0,0,2.5207965717166626E-4,0.0,0.0,0.1,0.8,0.1,0.1,60.0,85.0,70.0,0.2,0.8,0.1,0.1,60.0,75.0,60.0,3031,3026,5,3031,0.001649620587264929,0.3094340476612282,0.5,0.6188680953224563,326,0.10773298083278256,1.0,1
"iteration_4","SCOPE_DATA_COLLECTION",500,9,610.0,670.0,1,2983,1993,763,3026,1868,713,2990,2002,766,0,0,1,0.0,0.0,0.001303780964797914,0.31298828745748625,0.8163061238023795,1.5363613146620365,0.6259765749149725,0.8163061238023795,1.0242408764413578,0.11137123745819398,0.5734265734265734,0.6919060052219321,95.0,100.0,3967,176,1596,1,0,0,2.5207965717166626E-4,0.0,0.0,0.1,0.8,0.1,0.1,60.0,85.0,70.0,0.2,0.8,0.1,0.1,60.0,75.0,60.0,1899,1897,2,1899,0.00105318588730911,0.8050295515964728,1.0,0.8050295515964728,1089,0.5740643120716922,1.0,1
"iteration_4","SCOPE_DATA_COLLECTION",500,9,610.0,670.0,2,2983,1993,763,3026,1868,713,2990,2002,766,0,0,1,0.0,0.0,0.001303780964797914,0.31298828745748625,0.8163061238023795,1.5363613146620365,0.6259765749149725,0.8163061238023795,1.0242408764413578,0.11137123745819398,0.5734265734265734,0.6919060052219321,95.0,100.0,3967,176,1596,1,0,0,2.5207965717166626E-4,0.0,0.0,0.1,0.8,0.1,0.1,60.0,85.0,70.0,0.2,0.8,0.1,0.1,60.0,75.0,60.0,742,741,1,742,0.0013477088948787063,1.5838502664281302,1.5,1.0559001776187535,530,0.7152496626180836,1.0,1
"iteration_4","SCOPE_DATA_COLLECTION",500,10,670.0,730.0,0,3031,1899,742,2983,1993,763,3024,1896,737,5,2,1,0.001650709805216243,0.001053740779768177,0.0013550135501355014,0.3091055895369403,0.8047064186149598,1.5798201710117896,0.6182111790738806,0.8047064186149598,1.0532134473411932,0.10747354497354497,0.5759493670886076,0.7137042062415196,95.0,100.0,3926,374,1372,8,0,0,0.0020376974019358125,0.0,0.0,0.2,0.8,0.1,0.1,60.0,75.0,60.0,0.2,0.8,0.1,0.2,50.0,75.0,70.0,2967,2966,1,2967,3.370407819346141E-4,0.305460117773591,0.5,0.610920235547182,310,0.10451786918408631,1.0,1
"iteration_4","SCOPE_DATA_COLLECTION",500,10,670.0,730.0,1,3031,1899,742,2983,1993,763,3024,1896,737,5,2,1,0.001650709805216243,0.001053740779768177,0.0013550135501355014,0.3091055895369403,0.8047064186149598,1.5798201710117896,0.6182111790738806,0.8047064186149598,1.0532134473411932,0.10747354497354497,0.5759493670886076,0.7137042062415196,95.0,100.0,3926,374,1372,8,0,0,0.0020376974019358125,0.0,0.0,0.2,0.8,0.1,0.1,60.0,75.0,60.0,0.2,0.8,0.1,0.2,50.0,75.0,70.0,1869,1868,1,1869,5.350454788657035E-4,0.8100012436135984,1.0,0.8100012436135984,1067,0.5711991434689507,1.0,1
"iteration_4","SCOPE_DATA_COLLECTION",500,10,670.0,730.0,2,3031,1899,742,2983,1993,763,3024,1896,737,5,2,1,0.001650709805216243,0.001053740779768177,0.0013550135501355014,0.3091055895369403,0.8047064186149598,1.5798201710117896,0.6182111790738806,0.8047064186149598,1.0532134473411932,0.10747354497354497,0.5759493670886076,0.7137042062415196,95.0,100.0,3926,374,1372,8,0,0,0.0020376974019358125,0.0,0.0,0.2,0.8,0.1,0.1,60.0,75.0,60.0,0.2,0.8,0.1,0.2,50.0,75.0,70.0,774,774,0,774,0.0,1.4977191815827173,1.5,0.9984794543884782,518,0.6692506459948321,1.0,1
"iteration_4","SCOPE_DATA_COLLECTION",500,11,730.0,790.0,0,2967,1869,774,3031,1899,742,2964,1872,774,1,1,0,3.372681281618887E-4,5.339028296849973E-4,0.0,0.3057787261059586,0.8089534467197574,1.501589514666681,0.6115574522119172,0.8089534467197574,1.001059676444454,0.10425101214574899,0.5689102564102564,0.6705426356589147,100.0,100.0,3848,325,1437,2,0,0,5.197505197505198E-4,0.0,0.0,0.2,0.8,0.1,0.2,50.0,75.0,70.0,0.30000000000000004,0.7000000000000001,0.1,0.2,60.0,85.0,60.0,3034,3031,3,3034,9.88793671720501E-4,0.3097740473507633,0.5,0.6195480947015266,334,0.11019465522929726,1.0,1
"iteration_4","SCOPE_DATA_COLLECTION",500,11,730.0,790.0,1,2967,1869,774,3031,1899,742,2964,1872,774,1,1,0,3.372681281618887E-4,5.339028296849973E-4,0.0,0.3057787261059586,0.8089534467197574,1.501589514666681,0.6115574522119172,0.8089534467197574,1.001059676444454,0.10425101214574899,0.5689102564102564,0.6705426356589147,100.0,100.0,3848,325,1437,2,0,0,5.197505197505198E-4,0.0,0.0,0.2,0.8,0.1,0.2,50.0,75.0,70.0,0.30000000000000004,0.7000000000000001,0.1,0.2,60.0,85.0,60.0,1950,1950,0,1950,0.0,0.7937569241985891,1.0,0.7937569241985891,1104,0.5661538461538461,1.0,1
"iteration_4","SCOPE_DATA_COLLECTION",500,11,730.0,790.0,2,2967,1869,774,3031,1899,742,2964,1872,774,1,1,0,3.372681281618887E-4,5.339028296849973E-4,0.0,0.3057787261059586,0.8089534467197574,1.501589514666681,0.6115574522119172,0.8089534467197574,1.001059676444454,0.10425101214574899,0.5689102564102564,0.6705426356589147,100.0,100.0,3848,325,1437,2,0,0,5.197505197505198E-4,0.0,0.0,0.2,0.8,0.1,0.2,50.0,75.0,70.0,0.30000000000000004,0.7000000000000001,0.1,0.2,60.0,85.0,60.0,756,754,2,756,0.0026455026455026454,1.5371705903236916,1.5,1.0247803935491278,526,0.6976127320954907,1.0,1
"iteration_4","SCOPE_DATA_COLLECTION",500,12,790.0,850.0,0,3034,1950,756,2967,1869,774,3035,1944,763,3,0,2,9.874917709019092E-4,0.0,0.00261437908496732,0.30984157122053424,0.7937278913330904,1.543818801632721,0.6196831424410685,0.7937278913330904,1.029212534421814,0.11103789126853378,0.5653292181069959,0.7011795543905636,92.5,100.0,3925,565,1250,5,0,0,0.0012738853503184713,0.0,0.0,0.30000000000000004,0.7000000000000001,0.1,0.2,60.0,85.0,60.0,0.4,0.7000000000000001,0.1,0.2,50.0,75.0,60.0,3110,3109,1,3110,3.215434083601286E-4,0.3179709607259406,0.5,0.6359419214518812,373,0.11997426825345771,1.0,1
"iteration_4","SCOPE_DATA_COLLECTION",500,12,790.0,850.0,1,3034,1950,756,2967,1869,774,3035,1944,763,3,0,2,9.874917709019092E-4,0.0,0.00261437908496732,0.30984157122053424,0.7937278913330904,1.543818801632721,0.6196831424410685,0.7937278913330904,1.029212534421814,0.11103789126853378,0.5653292181069959,0.7011795543905636,92.5,100.0,3925,565,1250,5,0,0,0.0012738853503184713,0.0,0.0,0.30000000000000004,0.7000000000000001,0.1,0.2,60.0,85.0,60.0,0.4,0.7000000000000001,0.1,0.2,50.0,75.0,60.0,1833,1833,0,1833,0.0,0.7989791013810846,1.0,0.7989791013810846,1027,0.5602836879432624,1.0,1
"iteration_4","SCOPE_DATA_COLLECTION",500,12,790.0,850.0,2,3034,1950,756,2967,1869,774,3035,1944,763,3,0,2,9.874917709019092E-4,0.0,0.00261437908496732,0.30984157122053424,0.7937278913330904,1.543818801632721,0.6196831424410685,0.7937278913330904,1.029212534421814,0.11103789126853378,0.5653292181069959,0.7011795543905636,92.5,100.0,3925,565,1250,5,0,0,0.0012738853503184713,0.0,0.0,0.30000000000000004,0.7000000000000001,0.1,0.2,60.0,85.0,60.0,0.4,0.7000000000000001,0.1,0.2,50.0,75.0,60.0,804,803,1,804,0.0012437810945273632,1.5131715413433424,1.5,1.0087810275622282,541,0.6737235367372354,1.0,1
"iteration_4","SCOPE_DATA_COLLECTION",500,13,850.0,910.0,0,3110,1833,804,3034,1950,756,3105,1830,793,1,0,1,3.219575016097875E-4,0.0,0.0012594458438287153,0.31764469855853866,0.7979296468202417,1.507463438358941,0.6352893971170773,0.7979296468202417,1.0049756255726272,0.11916264090177134,0.5601092896174863,0.6721311475409836,95.0,100.0,3965,677,1105,2,0,0,5.044136191677175E-4,0.0,0.0,0.4,0.7000000000000001,0.1,0.2,50.0,75.0,60.0,0.5,0.6000000000000001,0.1,0.2,60.0,75.0,70.0,3035,3029,6,3035,0.0019769357495881385,0.3175339204133781,0.5,0.6350678408267562,364,0.12017167381974249,1.0,1
"iteration_4","SCOPE_DATA_COLLECTION",500,13,850.0,910.0,1,3110,1833,804,3034,1950,756,3105,1830,793,1,0,1,3.219575016097875E-4,0.0,0.0012594458438287153,0.31764469855853866,0.7979296468202417,1.507463438358941,0.6352893971170773,0.7979296468202417,1.0049756255726272,0.11916264090177134,0.5601092896174863,0.6721311475409836,95.0,100.0,3965,677,1105,2,0,0,5.044136191677175E-4,0.0,0.0,0.4,0.7000000000000001,0.1,0.2,50.0,75.0,60.0,0.5,0.6000000000000001,0.1,0.2,60.0,75.0,70.0,1983,1980,3,1983,0.0015128593040847202,0.8246787828274605,1.0,0.8246787828274605,1169,0.5904040404040404,1.0,1
"iteration_4","SCOPE_DATA_COLLECTION",500,13,850.0,910.0,2,3110,1833,804,3034,1950,756,3105,1830,793,1,0,1,3.219575016097875E-4,0.0,0.0012594458438287153,0.31764469855853866,0.7979296468202417,1.507463438358941,0.6352893971170773,0.7979296468202417,1.0049756255726272,0.11916264090177134,0.5601092896174863,0.6721311475409836,95.0,100.0,3965,677,1105,2,0,0,5.044136191677175E-4,0.0,0.0,0.4,0.7000000000000001,0.1,0.2,50.0,75.0,60.0,0.5,0.6000000000000001,0.1,0.2,60.0,75.0,70.0,760,758,2,760,0.002631578947368421,1.515232198937547,1.5,1.010154799291698,511,0.6741424802110818,1.0,1
"iteration_4","SCOPE_DATA_COLLECTION",500,14,910.0,970.0,0,3035,1983,760,3110,1833,804,3025,1978,760,6,3,2,0.001979544704717915,0.001514386673397274,0.0026246719160104987,0.31747612889991456,0.8233370772393448,1.516603140765591,0.6349522577998291,0.8233370772393448,1.011068760510394,0.12,0.5884732052578362,0.6736842105263158,97.5,100.0,3987,899,892,8,3,0,0.00200652119388011,0.0033370411568409346,0.0,0.5,0.6000000000000001,0.1,0.2,60.0,75.0,70.0,0.55,0.1,0.1,0.6000000000000001,75.0,25.0,40.0,3042,3041,1,3042,3.287310979618672E-4,0.3487679550339843,0.5,0.6975359100679686,591,0.19434396580072344,1.0,1
"iteration_4","SCOPE_DATA_COLLECTION",500,14,910.0,970.0,1,3035,1983,760,3110,1833,804,3025,1978,760,6,3,2,0.001979544704717915,0.001514386673397274,0.0026246719160104987,0.31747612889991456,0.8233370772393448,1.516603140765591,0.6349522577998291,0.8233370772393448,1.011068760510394,0.12,0.5884732052578362,0.6736842105263158,97.5,100.0,3987,899,892,8,3,0,0.00200652119388011,0.0033370411568409346,0.0,0.5,0.6000000000000001,0.1,0.2,60.0,75.0,70.0,0.55,0.1,0.1,0.6000000000000001,75.0,25.0,40.0,1926,1925,1,1926,5.192107995846313E-4,0.855118696254013,1.0,0.855118696254013,1212,0.6296103896103896,1.0,1
"iteration_4","SCOPE_DATA_COLLECTION",500,14,910.0,970.0,2,3035,1983,760,3110,1833,804,3025,1978,760,6,3,2,0.001979544704717915,0.001514386673397274,0.0026246719160104987,0.31747612889991456,0.8233370772393448,1.516603140765591,0.6349522577998291,0.8233370772393448,1.011068760510394,0.12,0.5884732052578362,0.6736842105263158,97.5,100.0,3987,899,892,8,3,0,0.00200652119388011,0.0033370411568409346,0.0,0.5,0.6000000000000001,0.1,0.2,60.0,75.0,70.0,0.55,0.1,0.1,0.6000000000000001,75.0,25.0,40.0,770,768,2,770,0.0025974025974025974,1.602702345077921,1.5,1.0684682300519472,561,0.73046875,1.0,1
"iteration_4","SCOPE_DATA_COLLECTION",500,15,970.0,1030.0,0,3042,1926,770,3035,1983,760,3034,1924,770,1,1,2,3.2948929159802305E-4,5.194805194805195E-4,0.0025906735751295338,0.3474691358243947,0.8554541801496415,1.6019293001316892,0.6949382716487894,0.8554541801496415,1.0679528667544596,0.1901779828609097,0.6299376299376299,0.7298701298701299,97.5,100.0,4130,893,715,3,1,0,7.263922518159806E-4,0.0011198208286674132,0.0,0.55,0.1,0.1,0.6000000000000001,75.0,25.0,40.0,0.2,0.9,0.6000000000000001,0.1,40.0,55.0,50.0,3106,3105,1,3106,3.219575016097875E-4,0.3160079231611745,0.5,0.632015846322349,417,0.13429951690821257,1.0,1
"iteration_4","SCOPE_DATA_COLLECTION",500,15,970.0,1030.0,1,3042,1926,770,3035,1983,760,3034,1924,770,1,1,2,3.2948929159802305E-4,5.194805194805195E-4,0.0025906735751295338,0.3474691358243947,0.8554541801496415,1.6019293001316892,0.6949382716487894,0.8554541801496415,1.0679528667544596,0.1901779828609097,0.6299376299376299,0.7298701298701299,97.5,100.0,4130,893,715,3,1,0,7.263922518159806E-4,0.0011198208286674132,0.0,0.55,0.1,0.1,0.6000000000000001,75.0,25.0,40.0,0.2,0.9,0.6000000000000001,0.1,40.0,55.0,50.0,1884,1884,0,1884,0.0,0.8135684571146072,1.0,0.8135684571146072,1078,0.5721868365180467,1.0,1
"iteration_4","SCOPE_DATA_COLLECTION",500,15,970.0,1030.0,2,3042,1926,770,3035,1983,760,3034,1924,770,1,1,2,3.2948929159802305E-4,5.194805194805195E-4,0.0025906735751295338,0.3474691358243947,0.8554541801496415,1.6019293001316892,0.6949382716487894,0.8554541801496415,1.0679528667544596,0.1901779828609097,0.6299376299376299,0.7298701298701299,97.5,100.0,4130,893,715,3,1,0,7.263922518159806E-4,0.0011198208286674132,0.0,0.55,0.1,0.1,0.6000000000000001,75.0,25.0,40.0,0.2,0.9,0.6000000000000001,0.1,40.0,55.0,50.0,749,749,0,749,0.0,1.5083579544622319,1.5,1.005571969641488,506,0.6755674232309746,1.0,1
"iteration_4","SCOPE_DATA_COLLECTION",500,16,1030.0,1090.0,0,3106,1884,749,3042,1926,770,3117,1894,748,1,0,0,3.2071840923669016E-4,0.0,0.0,0.31714744493676006,0.8152785740575997,1.5054272098529253,0.6342948898735201,0.8152785740575997,1.0036181399019501,0.13731151748476098,0.5744456177402323,0.6737967914438503,92.5,100.0,3917,380,1442,1,0,0,2.552974214960429E-4,0.0,0.0,0.2,0.9,0.6000000000000001,0.1,40.0,55.0,50.0,0.65,0.5,0.9,0.1,45.0,85.0,80.0,3033,3030,3,3033,9.891196834817012E-4,0.3206614651385418,0.5,0.6413229302770836,376,0.12409240924092409,1.0,1
"iteration_4","SCOPE_DATA_COLLECTION",500,16,1030.0,1090.0,1,3106,1884,749,3042,1926,770,3117,1894,748,1,0,0,3.2071840923669016E-4,0.0,0.0,0.31714744493676006,0.8152785740575997,1.5054272098529253,0.6342948898735201,0.8152785740575997,1.0036181399019501,0.13731151748476098,0.5744456177402323,0.6737967914438503,92.5,100.0,3917,380,1442,1,0,0,2.552974214960429E-4,0.0,0.0,0.2,0.9,0.6000000000000001,0.1,40.0,55.0,50.0,0.65,0.5,0.9,0.1,45.0,85.0,80.0,1900,1899,1,1900,5.263157894736842E-4,0.8441779555305619,1.0,0.8441779555305619,1147,0.6040021063717746,1.0,1
"iteration_4","SCOPE_DATA_COLLECTION",500,16,1030.0,1090.0,2,3106,1884,749,3042,1926,770,3117,1894,748,1,0,0,3.2071840923669016E-4,0.0,0.0,0.31714744493676006,0.8152785740575997,1.5054272098529253,0.6342948898735201,0.8152785740575997,1.0036181399019501,0.13731151748476098,0.5744456177402323,0.6737967914438503,92.5,100.0,3917,380,1442,1,0,0,2.552974214960429E-4,0.0,0.0,0.2,0.9,0.6000000000000001,0.1,40.0,55.0,50.0,0.65,0.5,0.9,0.1,45.0,85.0,80.0,746,746,0,746,0.0,1.497222254881124,1.5,0.9981481699207494,494,0.6621983914209115,1.0,1
"iteration_4","SCOPE_DATA_COLLECTION",500,17,1090.0,1150.0,0,3033,1900,746,3106,1884,749,3027,1894,749,3,1,0,9.900990099009901E-4,5.277044854881266E-4,0.0,0.32052262288782074,0.8418339304756226,1.4998178228184937,0.6410452457756415,0.8418339304756226,0.9998785485456625,0.12421539478031055,0.6019007391763463,0.6635514018691588,95.0,100.0,3945,1116,618,2,2,0,5.069708491761723E-4,0.0017921146953405018,0.0,0.65,0.5,0.9,0.1,45.0,85.0,80.0,0.15000000000000002,0.6000000000000001,0.1,0.30000000000000004,80.0,20.0,75.0,3039,3033,6,3039,0.0019743336623889436,0.3175061652270068,0.5,0.6350123304540136,381,0.12561819980217606,1.0,1
"iteration_4","SCOPE_DATA_COLLECTION",500,17,1090.0,1150.0,1,3033,1900,746,3106,1884,749,3027,1894,749,3,1,0,9.900990099009901E-4,5.277044854881266E-4,0.0,0.32052262288782074,0.8418339304756226,1.4998178228184937,0.6410452457756415,0.8418339304756226,0.9998785485456625,0.12421539478031055,0.6019007391763463,0.6635514018691588,95.0,100.0,3945,1116,618,2,2,0,5.069708491761723E-4,0.0017921146953405018,0.0,0.65,0.5,0.9,0.1,45.0,85.0,80.0,0.15000000000000002,0.6000000000000001,0.1,0.30000000000000004,80.0,20.0,75.0,1936,1927,9,1936,0.0046487603305785125,0.8061961877087714,1.0,0.8061961877087714,1116,0.5791385573430202,1.0,1
"iteration_4","SCOPE_DATA_COLLECTION",500,17,1090.0,1150.0,2,3033,1900,746,3106,1884,749,3027,1894,749,3,1,0,9.900990099009901E-4,5.277044854881266E-4,0.0,0.32052262288782074,0.8418339304756226,1.4998178228184937,0.6410452457756415,0.8418339304756226,0.9998785485456625,0.12421539478031055,0.6019007391763463,0.6635514018691588,95.0,100.0,3945,1116,618,2,2,0,5.069708491761723E-4,0.0017921146953405018,0.0,0.65,0.5,0.9,0.1,45.0,85.0,80.0,0.15000000000000002,0.6000000000000001,0.1,0.30000000000000004,80.0,20.0,75.0,751,749,2,751,0.002663115845539281,1.580056416597481,1.5,1.0533709443983208,534,0.7129506008010681,1.0,1
"iteration_4","SCOPE_DATA_COLLECTION",500,18,1150.0,1210.0,0,3039,1936,751,3033,1900,746,3025,1930,746,6,9,2,0.001979544704717915,0.0046415678184631255,0.00267379679144385,0.3165058670991349,0.8077042906875342,1.5796959690125647,0.6330117341982698,0.8077042906875342,1.0531306460083765,0.12297520661157024,0.5803108808290155,0.7144772117962467,87.5,100.0,3961,257,1508,5,0,12,0.0012623074981065387,0.0,0.007957559681697613,0.15000000000000002,0.6000000000000001,0.1,0.30000000000000004,80.0,20.0,75.0,0.05,0.6000000000000001,0.1,0.30000000000000004,80.0,30.0,75.0,3121,3118,3,3121,9.612303748798462E-4,0.3152737945816988,0.5,0.6305475891633976,391,0.12540089801154586,1.0,1
"iteration_4","SCOPE_DATA_COLLECTION",500,18,1150.0,1210.0,1,3039,1936,751,3033,1900,746,3025,1930,746,6,9,2,0.001979544704717915,0.0046415678184631255,0.00267379679144385,0.3165058670991349,0.8077042906875342,1.5796959690125647,0.6330117341982698,0.8077042906875342,1.0531306460083765,0.12297520661157024,0.5803108808290155,0.7144772117962467,87.5,100.0,3961,257,1508,5,0,12,0.0012623074981065387,0.0,0.007957559681697613,0.15000000000000002,0.6000000000000001,0.1,0.30000000000000004,80.0,20.0,75.0,0.05,0.6000000000000001,0.1,0.30000000000000004,80.0,30.0,75.0,1975,1973,2,1975,0.0010126582278481013,0.8231167659146325,1.0,0.8231167659146325,1164,0.5899645210339585,1.0,1
"iteration_4","SCOPE_DATA_COLLECTION",500,18,1150.0,1210.0,2,3039,1936,751,3033,1900,746,3025,1930,746,6,9,2,0.001979544704717915,0.0046415678184631255,0.00267379679144385,0.3165058670991349,0.8077042906875342,1.5796959690125647,0.6330117341982698,0.8077042906875342,1.0531306460083765,0.12297520661157024,0.5803108808290155,0.7144772117962467,87.5,100.0,3961,257,1508,5,0,12,0.0012623074981065387,0.0,0.007957559681697613,0.15000000000000002,0.6000000000000001,0.1,0.30000000000000004,80.0,20.0,75.0,0.05,0.6000000000000001,0.1,0.30000000000000004,80.0,30.0,75.0,737,732,5,737,0.0067842605156037995,1.4989056898980138,1.5,0.9992704599320091,490,0.6693989071038251,1.0,1
"iteration_4","SCOPE_DATA_COLLECTION",500,19,1210.0,1270.0,0,3121,1975,737,3039,1936,751,3121,1970,732,3,2,5,9.603072983354673E-4,0.0010141987829614604,0.0067842605156037995,0.31543535485352,0.8247957128720117,1.4984809331198834,0.63087070970704,0.8247957128720117,0.9989872887465889,0.12592117910925985,0.5908629441624366,0.6680327868852459,95.0,100.0,4032,86,1715,10,0,0,0.00248015873015873,0.0,0.0,0.05,0.6000000000000001,0.1,0.30000000000000004,80.0,30.0,75.0,0.15000000000000002,0.5,0.1,0.2,90.0,20.0,65.0,2965,2963,2,2965,6.745362563237774E-4,0.31972293310293,0.5,0.63944586620586,402,0.13567330408369896,1.0,1
"iteration_4","SCOPE_DATA_COLLECTION",500,19,1210.0,1270.0,1,3121,1975,737,3039,1936,751,3121,1970,732,3,2,5,9.603072983354673E-4,0.0010141987829614604,0.0067842605156037995,0.31543535485352,0.8247957128720117,1.4984809331198834,0.63087070970704,0.8247957128720117,0.9989872887465889,0.12592117910925985,0.5908629441624366,0.6680327868852459,95.0,100.0,4032,86,1715,10,0,0,0.00248015873015873,0.0,0.0,0.05,0.6000000000000001,0.1,0.30000000000000004,80.0,30.0,75.0,0.15000000000000002,0.5,0.1,0.2,90.0,20.0,65.0,1932,1932,0,1932,0.0,0.8335726973221035,1.0,0.8335726973221035,1162,0.6014492753623188,1.0,1
"iteration_4","SCOPE_DATA_COLLECTION",500,19,1210.0,1270.0,2,3121,1975,737,3039,1936,751,3121,1970,732,3,2,5,9.603072983354673E-4,0.0010141987829614604,0.0067842605156037995,0.31543535485352,0.8247957128720117,1.4984809331198834,0.63087070970704,0.8247957128720117,0.9989872887465889,0.12592117910925985,0.5908629441624366,0.6680327868852459,95.0,100.0,4032,86,1715,10,0,0,0.00248015873015873,0.0,0.0,0.05,0.6000000000000001,0.1,0.30000000000000004,80.0,30.0,75.0,0.15000000000000002,0.5,0.1,0.2,90.0,20.0,65.0,782,782,0,782,0.0,1.5264854240571062,1.5,1.017656949371404,534,0.6828644501278772,1.0,1
"iteration_4","SCOPE_DATA_COLLECTION",500,20,1270.0,1330.0,0,2965,1932,782,3121,1975,737,2968,1942,785,2,0,0,6.734006734006734E-4,0.0,0.0,0.3212708077636161,0.8340250559473436,1.5297679748485349,0.6425416155272322,0.8340250559473436,1.01984531656569,0.13982479784366578,0.6029866117404737,0.6840764331210191,97.5,100.0,3972,254,1453,2,0,0,5.035246727089627E-4,0.0,0.0,0.15000000000000002,0.5,0.1,0.2,90.0,20.0,65.0,0.15000000000000002,0.5,0.1,0.2,90.0,20.0,65.0,3040,3039,1,3040,3.289473684210526E-4,0.3206695193285585,0.5,0.641339038657117,370,0.1217505758473182,1.0,1
"iteration_4","SCOPE_DATA_COLLECTION",500,20,1270.0,1330.0,1,2965,1932,782,3121,1975,737,2968,1942,785,2,0,0,6.734006734006734E-4,0.0,0.0,0.3212708077636161,0.8340250559473436,1.5297679748485349,0.6425416155272322,0.8340250559473436,1.01984531656569,0.13982479784366578,0.6029866117404737,0.6840764331210191,97.5,100.0,3972,254,1453,2,0,0,5.035246727089627E-4,0.0,0.0,0.15000000000000002,0.5,0.1,0.2,90.0,20.0,65.0,0.15000000000000002,0.5,0.1,0.2,90.0,20.0,65.0,1916,1915,1,1916,5.219206680584551E-4,0.8139066383635563,1.0,0.8139066383635563,1123,0.5864229765013055,1.0,1
"iteration_4","SCOPE_DATA_COLLECTION",500,20,1270.0,1330.0,2,2965,1932,782,3121,1975,737,2968,1942,785,2,0,0,6.734006734006734E-4,0.0,0.0,0.3212708077636161,0.8340250559473436,1.5297679748485349,0.6425416155272322,0.8340250559473436,1.01984531656569,0.13982479784366578,0.6029866117404737,0.6840764331210191,97.5,100.0,3972,254,1453,2,0,0,5.035246727089627E-4,0.0,0.0,0.15000000000000002,0.5,0.1,0.2,90.0,20.0,65.0,0.15000000000000002,0.5,0.1,0.2,90.0,20.0,65.0,704,702,2,704,0.002840909090909091,1.5474831700594753,1.5,1.0316554467063168,491,0.6994301994301995,1.0,1
"iteration_4","SCOPE_DATA_COLLECTION",500,21,1330.0,1390.0,0,3040,1916,704,2965,1932,782,3044,1891,706,1,1,2,3.284072249589491E-4,5.285412262156448E-4,0.002824858757062147,0.3206032258908547,0.8107275322047772,1.5488738807411218,0.6412064517817094,0.8107275322047772,1.032582587160748,0.12122207621550592,0.5811739820200952,0.6997167138810199,100.0,100.0,4018,240,1402,4,0,0,9.955201592832255E-4,0.0,0.0,0.15000000000000002,0.5,0.1,0.2,90.0,20.0,65.0,0.15000000000000002,0.5,0.1,0.2,90.0,20.0,65.0,3033,3032,1,3033,3.297065611605671E-4,0.3158044765559437,0.5,0.6316089531118874,340,0.11213720316622691,1.0,1
"iteration_4","SCOPE_DATA_COLLECTION",500,21,1330.0,1390.0,1,3040,1916,704,2965,1932,782,3044,1891,706,1,1,2,3.284072249589491E-4,5.285412262156448E-4,0.002824858757062147,0.3206032258908547,0.8107275322047772,1.5488738807411218,0.6412064517817094,0.8107275322047772,1.032582587160748,0.12122207621550592,0.5811739820200952,0.6997167138810199,100.0,100.0,4018,240,1402,4,0,0,9.955201592832255E-4,0.0,0.0,0.15000000000000002,0.5,0.1,0.2,90.0,20.0,65.0,0.15000000000000002,0.5,0.1,0.2,90.0,20.0,65.0,1927,1925,2,1927,0.0010378827192527244,0.7862476638499228,1.0,0.7862476638499228,1061,0.5511688311688312,1.0,1
"iteration_4","SCOPE_DATA_COLLECTION",500,21,1330.0,1390.0,2,3040,1916,704,2965,1932,782,3044,1891,706,1,1,2,3.284072249589491E-4,5.285412262156448E-4,0.002824858757062147,0.3206032258908547,0.8107275322047772,1.5488738807411218,0.6412064517817094,0.8107275322047772,1.032582587160748,0.12122207621550592,0.5811739820200952,0.6997167138810199,100.0,100.0,4018,240,1402,4,0,0,9.955201592832255E-4,0.0,0.0,0.15000000000000002,0.5,0.1,0.2,90.0,20.0,65.0,0.15000000000000002,0.5,0.1,0.2,90.0,20.0,65.0,790,788,2,790,0.002531645569620253,1.49014306017447,1.5,0.99342870678298,523,0.6637055837563451,1.0,1
"iteration_4","SCOPE_DATA_COLLECTION",500,22,1390.0,1450.0,0,3033,1927,790,3040,1916,704,3019,1943,785,1,2,2,3.3112582781456954E-4,0.0010282776349614395,0.0025412960609911056,0.3156672941409149,0.7879815266544872,1.4862570235266097,0.6313345882818298,0.7879815266544872,0.9908380156844064,0.11262007287181186,0.5532681420483788,0.6624203821656051,95.0,100.0,3952,260,1538,5,0,0,0.0012651821862348178,0.0,0.0,0.15000000000000002,0.5,0.1,0.2,90.0,20.0,65.0,0.05,0.5,0.1,0.2,80.0,20.0,75.0,3061,3060,1,3061,3.266906239790918E-4,0.3163447654190228,0.5,0.6326895308380456,388,0.12679738562091503,1.0,1
"iteration_4","SCOPE_DATA_COLLECTION",500,22,1390.0,1450.0,1,3033,1927,790,3040,1916,704,3019,1943,785,1,2,2,3.3112582781456954E-4,0.0010282776349614395,0.0025412960609911056,0.3156672941409149,0.7879815266544872,1.4862570235266097,0.6313345882818298,0.7879815266544872,0.9908380156844064,0.11262007287181186,0.5532681420483788,0.6624203821656051,95.0,100.0,3952,260,1538,5,0,0,0.0012651821862348178,0.0,0.0,0.15000000000000002,0.5,0.1,0.2,90.0,20.0,65.0,0.05,0.5,0.1,0.2,80.0,20.0,75.0,1862,1862,0,1862,0.0,0.8188240229410592,1.0,0.8188240229410592,1103,0.592373791621912,1.0,1
"iteration_4","SCOPE_DATA_COLLECTION",500,22,1390.0,1450.0,2,3033,1927,790,3040,1916,704,3019,1943,785,1,2,2,3.3112582781456954E-4,0.0010282776349614395,0.0025412960609911056,0.3156672941409149,0.7879815266544872,1.4862570235266097,0.6313345882818298,0.7879815266544872,0.9908380156844064,0.11262007287181186,0.5532681420483788,0.6624203821656051,95.0,100.0,3952,260,1538,5,0,0,0.0012651821862348178,0.0,0.0,0.15000000000000002,0.5,0.1,0.2,90.0,20.0,65.0,0.05,0.5,0.1,0.2,80.0,20.0,75.0,752,750,2,752,0.0026595744680851063,1.5537382606515344,1.5,1.035825507101023,523,0.6973333333333334,1.0,1
"iteration_4","SCOPE_DATA_COLLECTION",500,23,1450.0,1510.0,0,3061,1862,752,3033,1927,790,3067,1864,745,1,0,2,3.259452411994785E-4,0.0,0.002677376171352075,0.31606807185181396,0.8196275428310007,1.5566357732735407,0.6321361437036279,0.8196275428310007,1.0377571821823606,0.12487773068144767,0.5938841201716738,0.6993288590604027,97.5,100.0,3953,79,1643,3,0,0,7.589172780166962E-4,0.0,0.0,0.05,0.5,0.1,0.2,80.0,20.0,75.0,0.8500000000000001,0.30000000000000004,0.7000000000000001,0.30000000000000004,85.0,55.0,85.0,2871,2868,3,2871,0.0010449320794148381,0.32211533018499094,0.5,0.6442306603699819,367,0.12796373779637377,1.0,1
"iteration_4","SCOPE_DATA_COLLECTION",500,23,1450.0,1510.0,1,3061,1862,752,3033,1927,790,3067,1864,745,1,0,2,3.259452411994785E-4,0.0,0.002677376171352075,0.31606807185181396,0.8196275428310007,1.5566357732735407,0.6321361437036279,0.8196275428310007,1.0377571821823606,0.12487773068144767,0.5938841201716738,0.6993288590604027,97.5,100.0,3953,79,1643,3,0,0,7.589172780166962E-4,0.0,0.0,0.05,0.5,0.1,0.2,80.0,20.0,75.0,0.8500000000000001,0.30000000000000004,0.7000000000000001,0.30000000000000004,85.0,55.0,85.0,1884,1881,3,1884,0.0015923566878980893,0.8448425141968021,1.0,0.8448425141968021,1111,0.5906432748538012,1.0,1
"iteration_4","SCOPE_DATA_COLLECTION",500,23,1450.0,1510.0,2,3061,1862,752,3033,1927,790,3067,1864,745,1,0,2,3.259452411994785E-4,0.0,0.002677376171352075,0.31606807185181396,0.8196275428310007,1.5566357732735407,0.6321361437036279,0.8196275428310007,1.0377571821823606,0.12487773068144767,0.5938841201716738,0.6993288590604027,97.5,100.0,3953,79,1643,3,0,0,7.589172780166962E-4,0.0,0.0,0.05,0.5,0.1,0.2,80.0,20.0,75.0,0.8500000000000001,0.30000000000000004,0.7000000000000001,0.30000000000000004,85.0,55.0,85.0,770,769,1,770,0.0012987012987012987,1.5809485046310936,1.5,1.0539656697540625,540,0.7022106631989596,1.0,1
"iteration_4","SCOPE_DATA_COLLECTION",500,24,1510.0,1570.0,0,2871,1884,770,3061,1862,752,2875,1880,764,3,3,1,0.0010423905489923557,0.0015932023366967605,0.00130718954248366,0.3222459311882433,0.8429924788602773,1.5697965559033096,0.6444918623764866,0.8429924788602773,1.046531037268873,0.12869565217391304,0.5904255319148937,0.6976439790575916,90.0,100.0,3817,1452,256,6,1,0,0.0015719151165837044,6.887052341597796E-4,0.0,0.8500000000000001,0.30000000000000004,0.7000000000000001,0.30000000000000004,85.0,55.0,85.0,0.9500000000000001,0.30000000000000004,0.8,0.30000000000000004,75.0,55.0,85.0,3001,3000,1,3001,3.332222592469177E-4,0.33106618664258297,0.5,0.6621323732851659,394,0.13133333333333333,1.0,1
"iteration_4","SCOPE_DATA_COLLECTION",500,24,1510.0,1570.0,1,2871,1884,770,3061,1862,752,2875,1880,764,3,3,1,0.0010423905489923557,0.0015932023366967605,0.00130718954248366,0.3222459311882433,0.8429924788602773,1.5697965559033096,0.6444918623764866,0.8429924788602773,1.046531037268873,0.12869565217391304,0.5904255319148937,0.6976439790575916,90.0,100.0,3817,1452,256,6,1,0,0.0015719151165837044,6.887052341597796E-4,0.0,0.8500000000000001,0.30000000000000004,0.7000000000000001,0.30000000000000004,85.0,55.0,85.0,0.9500000000000001,0.30000000000000004,0.8,0.30000000000000004,75.0,55.0,85.0,1816,1811,5,1816,0.0027533039647577094,0.8482928543665648,1.0,0.8482928543665648,1078,0.5952512424075097,1.0,1
"iteration_4","SCOPE_DATA_COLLECTION",500,24,1510.0,1570.0,2,2871,1884,770,3061,1862,752,2875,1880,764,3,3,1,0.0010423905489923557,0.0015932023366967605,0.00130718954248366,0.3222459311882433,0.8429924788602773,1.5697965559033096,0.6444918623764866,0.8429924788602773,1.046531037268873,0.12869565217391304,0.5904255319148937,0.6976439790575916,90.0,100.0,3817,1452,256,6,1,0,0.0015719151165837044,6.887052341597796E-4,0.0,0.8500000000000001,0.30000000000000004,0.7000000000000001,0.30000000000000004,85.0,55.0,85.0,0.9500000000000001,0.30000000000000004,0.8,0.30000000000000004,75.0,55.0,85.0,772,771,1,772,0.0012953367875647669,1.5873119828694597,1.5,1.0582079885796398,541,0.7016861219195849,1.0,1
"iteration_4","SCOPE_DATA_COLLECTION",500,25,1570.0,1630.0,0,3001,1816,772,2871,1884,770,3004,1805,783,1,5,1,3.3277870216306157E-4,0.0027624309392265192,0.0012755102040816326,0.3314747181586719,0.8481675658625631,1.5968157422563831,0.6629494363173438,0.8481675658625631,1.064543828170922,0.1321571238348868,0.5950138504155125,0.7049808429118773,95.0,100.0,3927,1581,81,5,2,0,0.0012732365673542145,0.001265022137887413,0.0,0.9500000000000001,0.30000000000000004,0.8,0.30000000000000004,75.0,55.0,85.0,0.9500000000000001,0.4,0.7000000000000001,0.30000000000000004,65.0,45.0,85.0,3079,3077,2,3079,6.495615459564793E-4,0.32369768943339977,0.5,0.6473953788667995,450,0.14624634384140398,1.0,1
"iteration_4","SCOPE_DATA_COLLECTION",500,25,1570.0,1630.0,1,3001,1816,772,2871,1884,770,3004,1805,783,1,5,1,3.3277870216306157E-4,0.0027624309392265192,0.0012755102040816326,0.3314747181586719,0.8481675658625631,1.5968157422563831,0.6629494363173438,0.8481675658625631,1.064543828170922,0.1321571238348868,0.5950138504155125,0.7049808429118773,95.0,100.0,3927,1581,81,5,2,0,0.0012732365673542145,0.001265022137887413,0.0,0.9500000000000001,0.30000000000000004,0.8,0.30000000000000004,75.0,55.0,85.0,0.9500000000000001,0.4,0.7000000000000001,0.30000000000000004,65.0,45.0,85.0,1885,1883,2,1885,0.0010610079575596816,0.8309200242086436,1.0,0.8309200242086436,1093,0.5804567180031864,1.0,1
"iteration_4","SCOPE_DATA_COLLECTION",500,25,1570.0,1630.0,2,3001,1816,772,2871,1884,770,3004,1805,783,1,5,1,3.3277870216306157E-4,0.0027624309392265192,0.0012755102040816326,0.3314747181586719,0.8481675658625631,1.5968157422563831,0.6629494363173438,0.8481675658625631,1.064543828170922,0.1321571238348868,0.5950138504155125,0.7049808429118773,95.0,100.0,3927,1581,81,5,2,0,0.0012732365673542145,0.001265022137887413,0.0,0.9500000000000001,0.30000000000000004,0.8,0.30000000000000004,75.0,55.0,85.0,0.9500000000000001,0.4,0.7000000000000001,0.30000000000000004,65.0,45.0,85.0,734,732,2,734,0.0027247956403269754,1.588671282245239,1.5,1.0591141881634927,516,0.7049180327868853,1.0,1
"iteration_4","SCOPE_DATA_COLLECTION",500,26,1630.0,1690.0,0,3079,1885,734,3001,1816,772,3069,1885,734,2,2,2,6.512536633018561E-4,0.0010598834128245894,0.002717391304347826,0.3234432460959426,0.8341704348276267,1.5890874569590887,0.6468864921918852,0.8341704348276267,1.0593916379727257,0.14695340501792115,0.5824933687002652,0.7057220708446866,100.0,100.0,3889,1719,90,3,3,0,7.714065312419646E-4,0.0017452006980802793,0.0,0.9500000000000001,0.4,0.7000000000000001,0.30000000000000004,65.0,45.0,85.0,0.9500000000000001,0.4,0.7000000000000001,0.30000000000000004,65.0,45.0,85.0,2978,2974,4,2978,0.001343183344526528,0.3345813425414635,0.5,0.669162685082927,469,0.15770006724949562,1.0,1
"iteration_4","SCOPE_DATA_COLLECTION",500,26,1630.0,1690.0,1,3079,1885,734,3001,1816,772,3069,1885,734,2,2,2,6.512536633018561E-4,0.0010598834128245894,0.002717391304347826,0.3234432460959426,0.8341704348276267,1.5890874569590887,0.6468864921918852,0.8341704348276267,1.0593916379727257,0.14695340501792115,0.5824933687002652,0.7057220708446866,100.0,100.0,3889,1719,90,3,3,0,7.714065312419646E-4,0.0017452006980802793,0.0,0.9500000000000001,0.4,0.7000000000000001,0.30000000000000004,65.0,45.0,85.0,0.9500000000000001,0.4,0.7000000000000001,0.30000000000000004,65.0,45.0,85.0,1841,1838,3,1841,0.0016295491580662683,0.8594855267538399,1.0,0.8594855267538399,1121,0.6099020674646355,1.0,1
"iteration_4","SCOPE_DATA_COLLECTION",500,26,1630.0,1690.0,2,3079,1885,734,3001,1816,772,3069,1885,734,2,2,2,6.512536633018561E-4,0.0010598834128245894,0.002717391304347826,0.3234432460959426,0.8341704348276267,1.5890874569590887,0.6468864921918852,0.8341704348276267,1.0593916379727257,0.14695340501792115,0.5824933687002652,0.7057220708446866,100.0,100.0,3889,1719,90,3,3,0,7.714065312419646E-4,0.0017452006980802793,0.0,0.9500000000000001,0.4,0.7000000000000001,0.30000000000000004,65.0,45.0,85.0,0.9500000000000001,0.4,0.7000000000000001,0.30000000000000004,65.0,45.0,85.0,764,762,2,764,0.002617801047120419,1.5441178764351011,1.5,1.0294119176234007,519,0.6811023622047244,1.0,1
"iteration_4","SCOPE_DATA_COLLECTION",500,27,1690.0,1750.0,0,2978,1841,764,3079,1885,734,2973,1840,755,4,3,2,0.0013436345314074571,0.0016277807921866521,0.002642007926023778,0.3335497489362185,0.8582533296443707,1.5423097595539272,0.667099497872437,0.8582533296443707,1.028206506369285,0.15304406323578876,0.6097826086956522,0.680794701986755,97.5,100.0,3938,1561,84,9,0,0,0.0022854240731335703,0.0,0.0,0.9500000000000001,0.4,0.7000000000000001,0.30000000000000004,65.0,45.0,85.0,0.8500000000000001,0.30000000000000004,0.8,0.30000000000000004,75.0,35.0,75.0,3027,3025,2,3027,6.607201850016518E-4,0.33484154806859917,0.5,0.6696830961371983,481,0.1590082644628099,1.0,1
"iteration_4","SCOPE_DATA_COLLECTION",500,27,1690.0,1750.0,1,2978,1841,764,3079,1885,734,2973,1840,755,4,3,2,0.0013436345314074571,0.0016277807921866521,0.002642007926023778,0.3335497489362185,0.8582533296443707,1.5423097595539272,0.667099497872437,0.8582533296443707,1.028206506369285,0.15304406323578876,0.6097826086956522,0.680794701986755,97.5,100.0,3938,1561,84,9,0,0,0.0022854240731335703,0.0,0.0,0.9500000000000001,0.4,0.7000000000000001,0.30000000000000004,65.0,45.0,85.0,0.8500000000000001,0.30000000000000004,0.8,0.30000000000000004,75.0,35.0,75.0,1949,1947,2,1949,0.001026167265264238,0.8758424333219537,1.0,0.8758424333219537,1205,0.6189008731381612,1.0,1
"iteration_4","SCOPE_DATA_COLLECTION",500,27,1690.0,1750.0,2,2978,1841,764,3079,1885,734,2973,1840,755,4,3,2,0.0013436345314074571,0.0016277807921866521,0.002642007926023778,0.3335497489362185,0.8582533296443707,1.5423097595539272,0.667099497872437,0.8582533296443707,1.028206506369285,0.15304406323578876,0.6097826086956522,0.680794701986755,97.5,100.0,3938,1561,84,9,0,0,0.0022854240731335703,0.0,0.0,0.9500000000000001,0.4,0.7000000000000001,0.30000000000000004,65.0,45.0,85.0,0.8500000000000001,0.30000000000000004,0.8,0.30000000000000004,75.0,35.0,75.0,728,727,1,728,0.0013736263736263737,1.5516074143453242,1.5,1.034404942896883,491,0.6753782668500687,1.0,1
"iteration_4","SCOPE_DATA_COLLECTION",500,28,1750.0,1810.0,0,3027,1949,728,2978,1841,764,3022,1944,729,2,2,1,6.613756613756613E-4,0.0010277492291880781,0.0013698630136986301,0.33570922569842426,0.8727441343009009,1.5500339734868631,0.6714184513968485,0.8727441343009009,1.0333559823245755,0.1628060886829914,0.6183127572016461,0.6735253772290809,100.0,100.0,4013,1431,260,5,0,0,0.00124595066035385,0.0,0.0,0.8500000000000001,0.30000000000000004,0.8,0.30000000000000004,75.0,35.0,75.0,0.1,0.8,0.8,0.5,50.0,80.0,50.0,2991,2989,2,2991,6.686726847208291E-4,0.3143652654850249,0.5,0.6287305309700498,440,0.14720642355302777,1.0,1
"iteration_4","SCOPE_DATA_COLLECTION",500,28,1750.0,1810.0,1,3027,1949,728,2978,1841,764,3022,1944,729,2,2,1,6.613756613756613E-4,0.0010277492291880781,0.0013698630136986301,0.33570922569842426,0.8727441343009009,1.5500339734868631,0.6714184513968485,0.8727441343009009,1.0333559823245755,0.1628060886829914,0.6183127572016461,0.6735253772290809,100.0,100.0,4013,1431,260,5,0,0,0.00124595066035385,0.0,0.0,0.8500000000000001,0.30000000000000004,0.8,0.30000000000000004,75.0,35.0,75.0,0.1,0.8,0.8,0.5,50.0,80.0,50.0,1951,1947,4,1951,0.0020502306509482316,0.8595778981872286,1.0,0.8595778981872286,1171,0.6014381099126862,1.0,1
"iteration_4","SCOPE_DATA_COLLECTION",500,28,1750.0,1810.0,2,3027,1949,728,2978,1841,764,3022,1944,729,2,2,1,6.613756613756613E-4,0.0010277492291880781,0.0013698630136986301,0.33570922569842426,0.8727441343009009,1.5500339734868631,0.6714184513968485,0.8727441343009009,1.0333559823245755,0.1628060886829914,0.6183127572016461,0.6735253772290809,100.0,100.0,4013,1431,260,5,0,0,0.00124595066035385,0.0,0.0,0.8500000000000001,0.30000000000000004,0.8,0.30000000000000004,75.0,35.0,75.0,0.1,0.8,0.8,0.5,50.0,80.0,50.0,716,713,3,716,0.004189944134078212,1.5490827063875814,1.5,1.0327218042583877,489,0.6858345021037868,1.0,1
"iteration_4","SCOPE_DATA_COLLECTION",500,29,1810.0,1870.0,0,2991,1951,716,3027,1949,728,2998,1941,713,2,4,3,6.666666666666666E-4,0.002056555269922879,0.004189944134078212,0.31508341687599356,0.861989975991069,1.5503946098282493,0.6301668337519871,0.861989975991069,1.0335964065521661,0.14743162108072047,0.6007212776919114,0.6872370266479664,95.0,100.0,3887,173,1598,8,1,0,0.0020581425263699513,0.005780346820809248,0.0,0.1,0.8,0.8,0.5,50.0,80.0,50.0,0.05,0.7000000000000001,0.7000000000000001,0.4,40.0,80.0,50.0,3017,3016,1,3017,3.3145508783559825E-4,0.3221426036719027,0.5,0.6442852073438055,463,0.15351458885941643,1.0,1
"iteration_4","SCOPE_DATA_COLLECTION",500,29,1810.0,1870.0,1,2991,1951,716,3027,1949,728,2998,1941,713,2,4,3,6.666666666666666E-4,0.002056555269922879,0.004189944134078212,0.31508341687599356,0.861989975991069,1.5503946098282493,0.6301668337519871,0.861989975991069,1.0335964065521661,0.14743162108072047,0.6007212776919114,0.6872370266479664,95.0,100.0,3887,173,1598,8,1,0,0.0020581425263699513,0.005780346820809248,0.0,0.1,0.8,0.8,0.5,50.0,80.0,50.0,0.05,0.7000000000000001,0.7000000000000001,0.4,40.0,80.0,50.0,1960,1957,3,1960,0.001530612244897959,0.8108815527973673,1.0,0.8108815527973673,1101,0.5625958099131323,1.0,1
"iteration_4","SCOPE_DATA_COLLECTION",500,29,1810.0,1870.0,2,2991,1951,716,3027,1949,728,2998,1941,713,2,4,3,6.666666666666666E-4,0.002056555269922879,0.004189944134078212,0.31508341687599356,0.861989975991069,1.5503946098282493,0.6301668337519871,0.861989975991069,1.0335964065521661,0.14743162108072047,0.6007212776919114,0.6872370266479664,95.0,100.0,3887,173,1598,8,1,0,0.0020581425263699513,0.005780346820809248,0.0,0.1,0.8,0.8,0.5,50.0,80.0,50.0,0.05,0.7000000000000001,0.7000000000000001,0.4,40.0,80.0,50.0,782,777,5,782,0.00639386189258312,1.5064971459001173,1.5,1.0043314306000781,519,0.667953667953668,1.0,1
"iteration_4","SCOPE_DATA_COLLECTION",500,30,1870.0,1930.0,0,3017,1960,782,2991,1951,716,3006,1966,774,1,3,5,3.325573661456601E-4,0.0015236160487557136,0.006418485237483954,0.3215248549202981,0.8111210688095171,1.5107334476199983,0.6430497098405962,0.8111210688095171,1.0071556317466654,0.15269461077844312,0.5630722278738556,0.6692506459948321,100.0,100.0,3871,92,1796,9,0,0,0.002324980625161457,0.0,0.0,0.05,0.7000000000000001,0.7000000000000001,0.4,40.0,80.0,50.0,0.8500000000000001,0.9,0.9,0.6000000000000001,55.0,85.0,30.0,3086,3080,6,3086,0.0019442644199611147,0.3251661270052399,0.5,0.6503322540104798,445,0.1444805194805195,1.0,1
"iteration_4","SCOPE_DATA_COLLECTION",500,30,1870.0,1930.0,1,3017,1960,782,2991,1951,716,3006,1966,774,1,3,5,3.325573661456601E-4,0.0015236160487557136,0.006418485237483954,0.3215248549202981,0.8111210688095171,1.5107334476199983,0.6430497098405962,0.8111210688095171,1.0071556317466654,0.15269461077844312,0.5630722278738556,0.6692506459948321,100.0,100.0,3871,92,1796,9,0,0,0.002324980625161457,0.0,0.0,0.05,0.7000000000000001,0.7000000000000001,0.4,40.0,80.0,50.0,0.8500000000000001,0.9,0.9,0.6000000000000001,55.0,85.0,30.0,1864,1860,4,1864,0.002145922746781116,0.8149892912670169,1.0,0.8149892912670169,1028,0.5526881720430108,1.0,1
"iteration_4","SCOPE_DATA_COLLECTION",500,30,1870.0,1930.0,2,3017,1960,782,2991,1951,716,3006,1966,774,1,3,5,3.325573661456601E-4,0.0015236160487557136,0.006418485237483954,0.3215248549202981,0.8111210688095171,1.5107334476199983,0.6430497098405962,0.8111210688095171,1.0071556317466654,0.15269461077844312,0.5630722278738556,0.6692506459948321,100.0,100.0,3871,92,1796,9,0,0,0.002324980625161457,0.0,0.0,0.05,0.7000000000000001,0.7000000000000001,0.4,40.0,80.0,50.0,0.8500000000000001,0.9,0.9,0.6000000000000001,55.0,85.0,30.0,803,798,5,803,0.0062266500622665,1.540638043024045,1.5,1.0270920286826966,539,0.6754385964912281,1.0,1
"iteration_4","SCOPE_DATA_COLLECTION",500,31,1930.0,1990.0,0,3086,1864,803,3017,1960,782,3084,1863,802,6,4,5,0.001941747572815534,0.0021424745581146223,0.006195786864931847,0.32571132329729585,0.8179095454173448,1.5390794328580104,0.6514226465945917,0.8179095454173448,1.0260529552386737,0.14591439688715954,0.5555555555555556,0.6745635910224439,100.0,100.0,3888,1591,274,13,2,0,0.0033436213991769547,0.001257071024512885,0.0,0.8500000000000001,0.9,0.9,0.6000000000000001,55.0,85.0,30.0,0.75,0.8,0.9,0.5,65.0,95.0,30.0,2970,2970,0,2970,0.0,0.33044119766455116,0.5,0.6608823953291023,439,0.1478114478114478,1.0,1
"iteration_4","SCOPE_DATA_COLLECTION",500,31,1930.0,1990.0,1,3086,1864,803,3017,1960,782,3084,1863,802,6,4,5,0.001941747572815534,0.0021424745581146223,0.006195786864931847,0.32571132329729585,0.8179095454173448,1.5390794328580104,0.6514226465945917,0.8179095454173448,1.0260529552386737,0.14591439688715954,0.5555555555555556,0.6745635910224439,100.0,100.0,3888,1591,274,13,2,0,0.0033436213991769547,0.001257071024512885,0.0,0.8500000000000001,0.9,0.9,0.6000000000000001,55.0,85.0,30.0,0.75,0.8,0.9,0.5,65.0,95.0,30.0,1868,1865,3,1868,0.0016059957173447537,0.8281107842947991,1.0,0.8281107842947991,1073,0.5753351206434316,1.0,1
"iteration_4","SCOPE_DATA_COLLECTION",500,31,1930.0,1990.0,2,3086,1864,803,3017,1960,782,3084,1863,802,6,4,5,0.001941747572815534,0.0021424745581146223,0.006195786864931847,0.32571132329729585,0.8179095454173448,1.5390794328580104,0.6514226465945917,0.8179095454173448,1.0260529552386737,0.14591439688715954,0.5555555555555556,0.6745635910224439,100.0,100.0,3888,1591,274,13,2,0,0.0033436213991769547,0.001257071024512885,0.0,0.8500000000000001,0.9,0.9,0.6000000000000001,55.0,85.0,30.0,0.75,0.8,0.9,0.5,65.0,95.0,30.0,749,745,4,749,0.0053404539385847796,1.5631513018249361,1.5,1.0421008678832908,515,0.6912751677852349,1.0,1
"iteration_4","SCOPE_DATA_COLLECTION",500,32,1990.0,2050.0,0,2970,1868,749,3086,1864,803,2976,1864,743,0,3,4,0.0,0.0016068559185859668,0.00535475234270415,0.3301081543924158,0.8262242370176018,1.5593151488113097,0.6602163087848316,0.8262242370176018,1.0395434325408732,0.14684139784946237,0.5734978540772532,0.6890982503364738,95.0,100.0,3893,1256,438,7,0,0,0.0017980991523246853,0.0,0.0,0.75,0.8,0.9,0.5,65.0,95.0,30.0,0.8500000000000001,0.8,0.9,0.4,55.0,95.0,30.0,2947,2942,5,2947,0.0016966406515100101,0.32357587313165315,0.5,0.6471517462633063,448,0.15227736233854522,1.0,1
"iteration_4","SCOPE_DATA_COLLECTION",500,32,1990.0,2050.0,1,2970,1868,749,3086,1864,803,2976,1864,743,0,3,4,0.0,0.0016068559185859668,0.00535475234270415,0.3301081543924158,0.8262242370176018,1.5593151488113097,0.6602163087848316,0.8262242370176018,1.0395434325408732,0.14684139784946237,0.5734978540772532,0.6890982503364738,95.0,100.0,3893,1256,438,7,0,0,0.0017980991523246853,0.0,0.0,0.75,0.8,0.9,0.5,65.0,95.0,30.0,0.8500000000000001,0.8,0.9,0.4,55.0,95.0,30.0,1921,1915,6,1921,0.0031233732431025507,0.8088430833427319,1.0,0.8088430833427319,1062,0.5545691906005222,1.0,1
"iteration_4","SCOPE_DATA_COLLECTION",500,32,1990.0,2050.0,2,2970,1868,749,3086,1864,803,2976,1864,743,0,3,4,0.0,0.0016068559185859668,0.00535475234270415,0.3301081543924158,0.8262242370176018,1.5593151488113097,0.6602163087848316,0.8262242370176018,1.0395434325408732,0.14684139784946237,0.5734978540772532,0.6890982503364738,95.0,100.0,3893,1256,438,7,0,0,0.0017980991523246853,0.0,0.0,0.75,0.8,0.9,0.5,65.0,95.0,30.0,0.8500000000000001,0.8,0.9,0.4,55.0,95.0,30.0,761,755,6,761,0.00788436268068331,1.5829118020054282,1.5,1.0552745346702854,531,0.7033112582781457,1.0,1
"iteration_4","SCOPE_DATA_COLLECTION",500,33,2050.0,2110.0,0,2947,1921,761,2970,1868,749,2939,1910,751,5,6,6,0.0016983695652173913,0.003131524008350731,0.007926023778071334,0.3235980928616251,0.8082743335398483,1.583723333654066,0.6471961857232502,0.8082743335398483,1.0558155557693774,0.15243280027220144,0.5534031413612566,0.7043941411451398,100.0,100.0,3803,1560,266,13,4,0,0.0034183539311070208,0.002564102564102564,0.0,0.8500000000000001,0.8,0.9,0.4,55.0,95.0,30.0,0.4,0.9,0.30000000000000004,0.1,25.0,75.0,60.0,3155,3150,5,3155,0.001584786053882726,0.3088504959319237,0.5,0.6177009918638474,403,0.12793650793650793,1.0,1
"iteration_4","SCOPE_DATA_COLLECTION",500,33,2050.0,2110.0,1,2947,1921,761,2970,1868,749,2939,1910,751,5,6,6,0.0016983695652173913,0.003131524008350731,0.007926023778071334,0.3235980928616251,0.8082743335398483,1.583723333654066,0.6471961857232502,0.8082743335398483,1.0558155557693774,0.15243280027220144,0.5534031413612566,0.7043941411451398,100.0,100.0,3803,1560,266,13,4,0,0.0034183539311070208,0.002564102564102564,0.0,0.8500000000000001,0.8,0.9,0.4,55.0,95.0,30.0,0.4,0.9,0.30000000000000004,0.1,25.0,75.0,60.0,1904,1904,0,1904,0.0,0.8154842821315647,1.0,0.8154842821315647,1098,0.5766806722689075,1.0,1
"iteration_4","SCOPE_DATA_COLLECTION",500,33,2050.0,2110.0,2,2947,1921,761,2970,1868,749,2939,1910,751,5,6,6,0.0016983695652173913,0.003131524008350731,0.007926023778071334,0.3235980928616251,0.8082743335398483,1.583723333654066,0.6471961857232502,0.8082743335398483,1.0558155557693774,0.15243280027220144,0.5534031413612566,0.7043941411451398,100.0,100.0,3803,1560,266,13,4,0,0.0034183539311070208,0.002564102564102564,0.0,0.8500000000000001,0.8,0.9,0.4,55.0,95.0,30.0,0.4,0.9,0.30000000000000004,0.1,25.0,75.0,60.0,710,709,1,710,0.0014084507042253522,1.5491235656068627,1.5,1.0327490437379085,494,0.6967559943582511,1.0,1
"iteration_4","SCOPE_DATA_COLLECTION",500,34,2110.0,2170.0,0,3155,1904,710,2947,1921,761,3153,1912,717,5,0,1,0.0015832805573147563,0.0,0.001392757660167131,0.3090201882805428,0.8152386406971259,1.5494541161056832,0.6180403765610856,0.8152386406971259,1.0329694107371221,0.12844909609895339,0.5768828451882845,0.697350069735007,82.5,100.0,3903,733,1133,6,0,0,0.0015372790161414297,0.0,0.0,0.4,0.9,0.30000000000000004,0.1,25.0,75.0,60.0,0.4,0.8,0.2,0.2,20.0,65.0,60.0,3062,3057,5,3062,0.0016329196603527107,0.3114807778426988,0.5,0.6229615556853976,453,0.1481844946025515,1.0,1
"iteration_4","SCOPE_DATA_COLLECTION",500,34,2110.0,2170.0,1,3155,1904,710,2947,1921,761,3153,1912,717,5,0,1,0.0015832805573147563,0.0,0.001392757660167131,0.3090201882805428,0.8152386406971259,1.5494541161056832,0.6180403765610856,0.8152386406971259,1.0329694107371221,0.12844909609895339,0.5768828451882845,0.697350069735007,82.5,100.0,3903,733,1133,6,0,0,0.0015372790161414297,0.0,0.0,0.4,0.9,0.30000000000000004,0.1,25.0,75.0,60.0,0.4,0.8,0.2,0.2,20.0,65.0,60.0,1908,1907,1,1908,5.241090146750524E-4,0.7896986735668942,1.0,0.7896986735668942,1074,0.563188253801783,1.0,1
"iteration_4","SCOPE_DATA_COLLECTION",500,34,2110.0,2170.0,2,3155,1904,710,2947,1921,761,3153,1912,717,5,0,1,0.0015832805573147563,0.0,0.001392757660167131,0.3090201882805428,0.8152386406971259,1.5494541161056832,0.6180403765610856,0.8152386406971259,1.0329694107371221,0.12844909609895339,0.5768828451882845,0.697350069735007,82.5,100.0,3903,733,1133,6,0,0,0.0015372790161414297,0.0,0.0,0.4,0.9,0.30000000000000004,0.1,25.0,75.0,60.0,0.4,0.8,0.2,0.2,20.0,65.0,60.0,791,789,2,791,0.0025284450063211127,1.563064232086215,1.5,1.04204282139081,550,0.697084917617237,1.0,1
"iteration_4","SCOPE_DATA_COLLECTION",500,35,2170.0,2230.0,0,3062,1908,791,3155,1904,710,3058,1911,788,5,1,2,0.001632386549134835,5.230125523012552E-4,0.002531645569620253,0.31149572637799267,0.7910680754327564,1.5649341255877058,0.6229914527559853,0.7910680754327564,1.0432894170584706,0.14813603662524527,0.5635792778649922,0.6967005076142132,85.0,100.0,3822,774,1165,7,1,0,0.0018315018315018315,0.0012919896640826874,0.0,0.4,0.8,0.2,0.2,20.0,65.0,60.0,0.4,0.7000000000000001,0.30000000000000004,0.30000000000000004,30.0,55.0,50.0,3035,3031,4,3035,0.0013179571663920922,0.3221783040254358,0.5,0.6443566080508716,489,0.16133289343451007,1.0,1
"iteration_4","SCOPE_DATA_COLLECTION",500,35,2170.0,2230.0,1,3062,1908,791,3155,1904,710,3058,1911,788,5,1,2,0.001632386549134835,5.230125523012552E-4,0.002531645569620253,0.31149572637799267,0.7910680754327564,1.5649341255877058,0.6229914527559853,0.7910680754327564,1.0432894170584706,0.14813603662524527,0.5635792778649922,0.6967005076142132,85.0,100.0,3822,774,1165,7,1,0,0.0018315018315018315,0.0012919896640826874,0.0,0.4,0.8,0.2,0.2,20.0,65.0,60.0,0.4,0.7000000000000001,0.30000000000000004,0.30000000000000004,30.0,55.0,50.0,1853,1850,3,1853,0.0016189962223421479,0.8294926135975461,1.0,0.8294926135975461,1095,0.5918918918918918,1.0,1
"iteration_4","SCOPE_DATA_COLLECTION",500,35,2170.0,2230.0,2,3062,1908,791,3155,1904,710,3058,1911,788,5,1,2,0.001632386549134835,5.230125523012552E-4,0.002531645569620253,0.31149572637799267,0.7910680754327564,1.5649341255877058,0.6229914527559853,0.7910680754327564,1.0432894170584706,0.14813603662524527,0.5635792778649922,0.6967005076142132,85.0,100.0,3822,774,1165,7,1,0,0.0018315018315018315,0.0012919896640826874,0.0,0.4,0.8,0.2,0.2,20.0,65.0,60.0,0.4,0.7000000000000001,0.30000000000000004,0.30000000000000004,30.0,55.0,50.0,751,748,3,751,0.0039946737683089215,1.576686061888761,1.5,1.051124041259174,523,0.6991978609625669,1.0,1
"iteration_4","SCOPE_DATA_COLLECTION",500,36,2230.0,2290.0,0,3035,1853,751,3062,1908,791,3019,1849,743,4,3,3,0.0013231888852133643,0.0016198704103671706,0.004021447721179625,0.32114430523257564,0.8291804790319524,1.5731219313204265,0.6422886104651513,0.8291804790319524,1.0487479542136178,0.15899304405432263,0.5922120064899946,0.6985195154777928,90.0,100.0,3886,706,1047,10,0,0,0.0025733401955738548,0.0,0.0,0.4,0.7000000000000001,0.30000000000000004,0.30000000000000004,30.0,55.0,50.0,0.35000000000000003,0.4,0.9,0.1,30.0,35.0,50.0,3011,3009,2,3011,6.642311524410495E-4,0.32460423350445683,0.5,0.6492084670089137,484,0.16085078099036224,1.0,1
"iteration_4","SCOPE_DATA_COLLECTION",500,36,2230.0,2290.0,1,3035,1853,751,3062,1908,791,3019,1849,743,4,3,3,0.0013231888852133643,0.0016198704103671706,0.004021447721179625,0.32114430523257564,0.8291804790319524,1.5731219313204265,0.6422886104651513,0.8291804790319524,1.0487479542136178,0.15899304405432263,0.5922120064899946,0.6985195154777928,90.0,100.0,3886,706,1047,10,0,0,0.0025733401955738548,0.0,0.0,0.4,0.7000000000000001,0.30000000000000004,0.30000000000000004,30.0,55.0,50.0,0.35000000000000003,0.4,0.9,0.1,30.0,35.0,50.0,1965,1963,2,1965,0.0010178117048346056,0.810644225049435,1.0,0.810644225049435,1110,0.565461029037188,1.0,1
"iteration_4","SCOPE_DATA_COLLECTION",500,36,2230.0,2290.0,2,3035,1853,751,3062,1908,791,3019,1849,743,4,3,3,0.0013231888852133643,0.0016198704103671706,0.004021447721179625,0.32114430523257564,0.8291804790319524,1.5731219313204265,0.6422886104651513,0.8291804790319524,1.0487479542136178,0.15899304405432263,0.5922120064899946,0.6985195154777928,90.0,100.0,3886,706,1047,10,0,0,0.0025733401955738548,0.0,0.0,0.4,0.7000000000000001,0.30000000000000004,0.30000000000000004,30.0,55.0,50.0,0.35000000000000003,0.4,0.9,0.1,30.0,35.0,50.0,781,781,0,781,0.0,1.5370146304655579,1.5,1.024676420310372,535,0.6850192061459667,1.0,1
"iteration_4","SCOPE_DATA_COLLECTION",500,37,2290.0,2350.0,0,3011,1965,781,3035,1853,751,3011,1956,782,2,2,0,6.637902422834385E-4,0.0010214504596527069,0.0,0.3247136628918106,0.8096625552590017,1.5365887324143488,0.6494273257836212,0.8096625552590017,1.0243924882762325,0.16074393889073396,0.5664621676891616,0.6841432225063938,97.5,100.0,3874,682,1201,3,1,0,7.743933918430562E-4,0.001466275659824047,0.0,0.35000000000000003,0.4,0.9,0.1,30.0,35.0,50.0,0.35000000000000003,0.5,0.9,0.1,30.0,25.0,60.0,3115,3113,2,3115,6.420545746388443E-4,0.3199893707273401,0.5,0.6399787414546801,434,0.13941535496305815,1.0,1
"iteration_4","SCOPE_DATA_COLLECTION",500,37,2290.0,2350.0,1,3011,1965,781,3035,1853,751,3011,1956,782,2,2,0,6.637902422834385E-4,0.0010214504596527069,0.0,0.3247136628918106,0.8096625552590017,1.5365887324143488,0.6494273257836212,0.8096625552590017,1.0243924882762325,0.16074393889073396,0.5664621676891616,0.6841432225063938,97.5,100.0,3874,682,1201,3,1,0,7.743933918430562E-4,0.001466275659824047,0.0,0.35000000000000003,0.4,0.9,0.1,30.0,35.0,50.0,0.35000000000000003,0.5,0.9,0.1,30.0,25.0,60.0,1871,1871,0,1871,0.0,0.830595747305565,1.0,0.830595747305565,1092,0.5836451095670764,1.0,1
"iteration_4","SCOPE_DATA_COLLECTION",500,37,2290.0,2350.0,2,3011,1965,781,3035,1853,751,3011,1956,782,2,2,0,6.637902422834385E-4,0.0010214504596527069,0.0,0.3247136628918106,0.8096625552590017,1.5365887324143488,0.6494273257836212,0.8096625552590017,1.0243924882762325,0.16074393889073396,0.5664621676891616,0.6841432225063938,97.5,100.0,3874,682,1201,3,1,0,7.743933918430562E-4,0.001466275659824047,0.0,0.35000000000000003,0.4,0.9,0.1,30.0,35.0,50.0,0.35000000000000003,0.5,0.9,0.1,30.0,25.0,60.0,766,763,3,766,0.0039164490861618795,1.4719165331815862,1.5,0.9812776887877241,499,0.653997378768021,1.0,1
"iteration_4","SCOPE_DATA_COLLECTION",500,38,2350.0,2410.0,0,3115,1871,766,3011,1965,781,3117,1869,762,2,0,3,6.412311638345624E-4,0.0,0.00392156862745098,0.3205949332273937,0.8297342939952117,1.478718955124338,0.6411898664547874,0.8297342939952117,0.9858126367495587,0.14116137311517485,0.5815944355270198,0.65748031496063,97.5,100.0,3946,610,1196,3,2,0,7.602635580334517E-4,0.003278688524590164,0.0,0.35000000000000003,0.5,0.9,0.1,30.0,25.0,60.0,0.35000000000000003,0.30000000000000004,0.30000000000000004,0.2,70.0,45.0,20.0,2939,2938,1,2939,3.402517863218782E-4,0.3375258926253418,0.5,0.6750517852506835,507,0.17256637168141592,1.0,1
"iteration_4","SCOPE_DATA_COLLECTION",500,38,2350.0,2410.0,1,3115,1871,766,3011,1965,781,3117,1869,762,2,0,3,6.412311638345624E-4,0.0,0.00392156862745098,0.3205949332273937,0.8297342939952117,1.478718955124338,0.6411898664547874,0.8297342939952117,0.9858126367495587,0.14116137311517485,0.5815944355270198,0.65748031496063,97.5,100.0,3946,610,1196,3,2,0,7.602635580334517E-4,0.003278688524590164,0.0,0.35000000000000003,0.5,0.9,0.1,30.0,25.0,60.0,0.35000000000000003,0.30000000000000004,0.30000000000000004,0.2,70.0,45.0,20.0,1961,1960,1,1961,5.099439061703213E-4,0.8395137908823576,1.0,0.8395137908823576,1171,0.5974489795918367,1.0,1
"iteration_4","SCOPE_DATA_COLLECTION",500,38,2350.0,2410.0,2,3115,1871,766,3011,1965,781,3117,1869,762,2,0,3,6.412311638345624E-4,0.0,0.00392156862745098,0.3205949332273937,0.8297342939952117,1.478718955124338,0.6411898664547874,0.8297342939952117,0.9858126367495587,0.14116137311517485,0.5815944355270198,0.65748031496063,97.5,100.0,3946,610,1196,3,2,0,7.602635580334517E-4,0.003278688524590164,0.0,0.35000000000000003,0.5,0.9,0.1,30.0,25.0,60.0,0.35000000000000003,0.30000000000000004,0.30000000000000004,0.2,70.0,45.0,20.0,715,714,1,715,0.0013986013986013986,1.554879899887345,1.5,1.0365865999248967,495,0.6932773109243697,1.0,1
"iteration_4","SCOPE_DATA_COLLECTION",500,39,2410.0,2470.0,0,2939,1961,715,3115,1871,766,2937,1961,720,1,1,1,3.403675970047651E-4,5.096839959225281E-4,0.0013869625520110957,0.3376100241259421,0.8412954732888313,1.5505829691686441,0.6752200482518842,0.8412954732888313,1.0337219794457628,0.17296561116785836,0.5991840897501275,0.6916666666666667,100.0,100.0,3965,576,1074,3,0,0,7.566204287515763E-4,0.0,0.0,0.35000000000000003,0.30000000000000004,0.30000000000000004,0.2,70.0,45.0,20.0,0.35000000000000003,0.4,0.4,0.2,60.0,35.0,30.0,2979,2977,2,2979,6.71366230278617E-4,0.3217273380794052,0.5,0.6434546761588104,465,0.1561975142761169,1.0,1
"iteration_4","SCOPE_DATA_COLLECTION",500,39,2410.0,2470.0,1,2939,1961,715,3115,1871,766,2937,1961,720,1,1,1,3.403675970047651E-4,5.096839959225281E-4,0.0013869625520110957,0.3376100241259421,0.8412954732888313,1.5505829691686441,0.6752200482518842,0.8412954732888313,1.0337219794457628,0.17296561116785836,0.5991840897501275,0.6916666666666667,100.0,100.0,3965,576,1074,3,0,0,7.566204287515763E-4,0.0,0.0,0.35000000000000003,0.30000000000000004,0.30000000000000004,0.2,70.0,45.0,20.0,0.35000000000000003,0.4,0.4,0.2,60.0,35.0,30.0,1905,1903,2,1905,0.0010498687664041995,0.8399857574746056,1.0,0.8399857574746056,1137,0.5974776668418287,1.0,1
"iteration_4","SCOPE_DATA_COLLECTION",500,39,2410.0,2470.0,2,2939,1961,715,3115,1871,766,2937,1961,720,1,1,1,3.403675970047651E-4,5.096839959225281E-4,0.0013869625520110957,0.3376100241259421,0.8412954732888313,1.5505829691686441,0.6752200482518842,0.8412954732888313,1.0337219794457628,0.17296561116785836,0.5991840897501275,0.6916666666666667,100.0,100.0,3965,576,1074,3,0,0,7.566204287515763E-4,0.0,0.0,0.35000000000000003,0.30000000000000004,0.30000000000000004,0.2,70.0,45.0,20.0,0.35000000000000003,0.4,0.4,0.2,60.0,35.0,30.0,774,773,1,774,0.0012919896640826874,1.5208535224581226,1.5,1.013902348305415,522,0.6752910737386805,1.0,1
"iteration_4","SCOPE_DATA_COLLECTION",500,40,2470.0,2530.0,0,2979,1905,774,2939,1961,715,2976,1908,770,2,2,1,6.71591672263264E-4,0.0010471204188481676,0.0012970168612191958,0.32175549119906255,0.8398697308807963,1.5180841557858098,0.6435109823981251,0.8398697308807963,1.0120561038572065,0.15658602150537634,0.5980083857442348,0.674025974025974,97.5,100.0,3858,617,1183,5,0,0,0.0012960082944530845,0.0,0.0,0.35000000000000003,0.4,0.4,0.2,60.0,35.0,30.0,0.45,0.30000000000000004,0.7000000000000001,0.7000000000000001,25.0,80.0,75.0,2965,2965,0,2965,0.0,0.3184658180714491,0.5,0.6369316361428982,380,0.1281618887015177,1.0,1
"iteration_4","SCOPE_DATA_COLLECTION",500,40,2470.0,2530.0,1,2979,1905,774,2939,1961,715,2976,1908,770,2,2,1,6.71591672263264E-4,0.0010471204188481676,0.0012970168612191958,0.32175549119906255,0.8398697308807963,1.5180841557858098,0.6435109823981251,0.8398697308807963,1.0120561038572065,0.15658602150537634,0.5980083857442348,0.674025974025974,97.5,100.0,3858,617,1183,5,0,0,0.0012960082944530845,0.0,0.0,0.35000000000000003,0.4,0.4,0.2,60.0,35.0,30.0,0.45,0.30000000000000004,0.7000000000000001,0.7000000000000001,25.0,80.0,75.0,1959,1954,5,1959,0.002552322613578356,0.8379032404741066,1.0,0.8379032404741066,1145,0.5859774820880246,1.0,1
"iteration_4","SCOPE_DATA_COLLECTION",500,40,2470.0,2530.0,2,2979,1905,774,2939,1961,715,2976,1908,770,2,2,1,6.71591672263264E-4,0.0010471204188481676,0.0012970168612191958,0.32175549119906255,0.8398697308807963,1.5180841557858098,0.6435109823981251,0.8398697308807963,1.0120561038572065,0.15658602150537634,0.5980083857442348,0.674025974025974,97.5,100.0,3858,617,1183,5,0,0,0.0012960082944530845,0.0,0.0,0.35000000000000003,0.4,0.4,0.2,60.0,35.0,30.0,0.45,0.30000000000000004,0.7000000000000001,0.7000000000000001,25.0,80.0,75.0,779,771,8,779,0.010269576379974325,1.5462089827429817,1.5,1.0308059884953211,528,0.6848249027237354,1.0,1
"iteration_4","SCOPE_DATA_COLLECTION",500,41,2530.0,2590.0,0,2965,1959,779,2979,1905,774,2975,1957,762,0,3,8,0.0,0.001530612244897959,0.01038961038961039,0.3184851259530596,0.8388041371006089,1.545297058224274,0.6369702519061192,0.8388041371006089,1.0301980388161827,0.12739495798319328,0.5855901890648952,0.6824146981627297,97.5,100.0,3916,802,985,10,1,0,0.002553626149131767,0.0012468827930174563,0.0,0.45,0.30000000000000004,0.7000000000000001,0.7000000000000001,25.0,80.0,75.0,0.25,0.30000000000000004,0.2,0.6000000000000001,30.0,20.0,60.0,3152,3150,2,3152,6.345177664974619E-4,0.3226065064810237,0.5,0.6452130129620474,492,0.15619047619047619,1.0,1
"iteration_4","SCOPE_DATA_COLLECTION",500,41,2530.0,2590.0,1,2965,1959,779,2979,1905,774,2975,1957,762,0,3,8,0.0,0.001530612244897959,0.01038961038961039,0.3184851259530596,0.8388041371006089,1.545297058224274,0.6369702519061192,0.8388041371006089,1.0301980388161827,0.12739495798319328,0.5855901890648952,0.6824146981627297,97.5,100.0,3916,802,985,10,1,0,0.002553626149131767,0.0012468827930174563,0.0,0.45,0.30000000000000004,0.7000000000000001,0.7000000000000001,25.0,80.0,75.0,0.25,0.30000000000000004,0.2,0.6000000000000001,30.0,20.0,60.0,1978,1975,3,1978,0.0015166835187057635,0.8083969002993477,1.0,0.8083969002993477,1154,0.5843037974683545,1.0,1
"iteration_4","SCOPE_DATA_COLLECTION",500,41,2530.0,2590.0,2,2965,1959,779,2979,1905,774,2975,1957,762,0,3,8,0.0,0.001530612244897959,0.01038961038961039,0.3184851259530596,0.8388041371006089,1.545297058224274,0.6369702519061192,0.8388041371006089,1.0301980388161827,0.12739495798319328,0.5855901890648952,0.6824146981627297,97.5,100.0,3916,802,985,10,1,0,0.002553626149131767,0.0012468827930174563,0.0,0.45,0.30000000000000004,0.7000000000000001,0.7000000000000001,25.0,80.0,75.0,0.25,0.30000000000000004,0.2,0.6000000000000001,30.0,20.0,60.0,769,764,5,769,0.006501950585175552,1.5140578157995541,1.5,1.0093718771997027,511,0.668848167539267,1.0,1
"iteration_4","SCOPE_DATA_COLLECTION",500,42,2590.0,2650.0,0,3152,1978,769,2965,1959,779,3139,1962,774,2,5,5,6.367398917542184E-4,0.002541942043721403,0.006418485237483954,0.32227868764044604,0.8059076641937575,1.5198277740749246,0.6445573752808921,0.8059076641937575,1.0132185160499498,0.15641924179675057,0.5815494393476045,0.6731266149870802,97.5,100.0,4028,483,1388,12,0,0,0.0029791459781529296,0.0,0.0,0.25,0.30000000000000004,0.2,0.6000000000000001,30.0,20.0,60.0,0.35000000000000003,0.2,0.30000000000000004,0.5,30.0,30.0,60.0,2955,2954,1,2955,3.3840947546531303E-4,0.3108918090632544,0.5,0.6217836181265088,323,0.10934326337169939,1.0,1
"iteration_4","SCOPE_DATA_COLLECTION",500,42,2590.0,2650.0,1,3152,1978,769,2965,1959,779,3139,1962,774,2,5,5,6.367398917542184E-4,0.002541942043721403,0.006418485237483954,0.32227868764044604,0.8059076641937575,1.5198277740749246,0.6445573752808921,0.8059076641937575,1.0132185160499498,0.15641924179675057,0.5815494393476045,0.6731266149870802,97.5,100.0,4028,483,1388,12,0,0,0.0029791459781529296,0.0,0.0,0.25,0.30000000000000004,0.2,0.6000000000000001,30.0,20.0,60.0,0.35000000000000003,0.2,0.30000000000000004,0.5,30.0,30.0,60.0,1904,1901,3,1904,0.0015756302521008404,0.815276389761931,1.0,0.815276389761931,1117,0.587585481325618,1.0,1
"iteration_4","SCOPE_DATA_COLLECTION",500,42,2590.0,2650.0,2,3152,1978,769,2965,1959,779,3139,1962,774,2,5,5,6.367398917542184E-4,0.002541942043721403,0.006418485237483954,0.32227868764044604,0.8059076641937575,1.5198277740749246,0.6445573752808921,0.8059076641937575,1.0132185160499498,0.15641924179675057,0.5815494393476045,0.6731266149870802,97.5,100.0,4028,483,1388,12,0,0,0.0029791459781529296,0.0,0.0,0.25,0.30000000000000004,0.2,0.6000000000000001,30.0,20.0,60.0,0.35000000000000003,0.2,0.30000000000000004,0.5,30.0,30.0,60.0,764,757,7,764,0.009162303664921465,1.5434148649518518,1.5,1.0289432433012344,524,0.6922060766182299,1.0,1
"iteration_4","SCOPE_DATA_COLLECTION",500,43,2650.0,2710.0,0,2955,1904,764,3152,1978,769,2959,1902,751,1,3,6,3.3783783783783786E-4,0.0015748031496062992,0.007926023778071334,0.3111283925544134,0.817185833203034,1.542818372360514,0.6222567851088268,0.817185833203034,1.028545581573676,0.10949645150388645,0.5893796004206099,0.6910785619174434,95.0,100.0,3875,623,1125,9,1,0,0.00232258064516129,0.0016051364365971107,0.0,0.35000000000000003,0.2,0.30000000000000004,0.5,30.0,30.0,60.0,0.35000000000000003,0.2,0.2,0.6000000000000001,20.0,40.0,60.0,2974,2971,3,2974,0.0010087424344317419,0.31963593200406826,0.5,0.6392718640081365,406,0.13665432514304948,1.0,1
"iteration_4","SCOPE_DATA_COLLECTION",500,43,2650.0,2710.0,1,2955,1904,764,3152,1978,769,2959,1902,751,1,3,6,3.3783783783783786E-4,0.0015748031496062992,0.007926023778071334,0.3111283925544134,0.817185833203034,1.542818372360514,0.6222567851088268,0.817185833203034,1.028545581573676,0.10949645150388645,0.5893796004206099,0.6910785619174434,95.0,100.0,3875,623,1125,9,1,0,0.00232258064516129,0.0016051364365971107,0.0,0.35000000000000003,0.2,0.30000000000000004,0.5,30.0,30.0,60.0,0.35000000000000003,0.2,0.2,0.6000000000000001,20.0,40.0,60.0,1852,1851,1,1852,5.399568034557236E-4,0.8194513180527513,1.0,0.8194513180527513,1097,0.5926526202052944,1.0,1
"iteration_4","SCOPE_DATA_COLLECTION",500,43,2650.0,2710.0,2,2955,1904,764,3152,1978,769,2959,1902,751,1,3,6,3.3783783783783786E-4,0.0015748031496062992,0.007926023778071334,0.3111283925544134,0.817185833203034,1.542818372360514,0.6222567851088268,0.817185833203034,1.028545581573676,0.10949645150388645,0.5893796004206099,0.6910785619174434,95.0,100.0,3875,623,1125,9,1,0,0.00232258064516129,0.0016051364365971107,0.0,0.35000000000000003,0.2,0.30000000000000004,0.5,30.0,30.0,60.0,0.35000000000000003,0.2,0.2,0.6000000000000001,20.0,40.0,60.0,786,781,5,786,0.006361323155216285,1.5123684122462488,1.5,1.008245608164166,527,0.674775928297055,1.0,1
"iteration_4","SCOPE_DATA_COLLECTION",500,44,2710.0,2770.0,0,2974,1852,786,2955,1904,764,2969,1859,784,3,1,6,0.001009421265141319,5.376344086021505E-4,0.007594936708860759,0.3197034087439391,0.8181373966658988,1.509871014504082,0.6394068174878782,0.8181373966658988,1.0065806763360545,0.13607275176827213,0.5911780527165142,0.673469387755102,95.0,100.0,3879,592,1141,9,1,0,0.002320185614849188,0.0016891891891891893,0.0,0.35000000000000003,0.2,0.2,0.6000000000000001,20.0,40.0,60.0,0.6000000000000001,0.9,0.5,0.4,70.0,90.0,95.0,2986,2982,4,2986,0.0013395847287340924,0.32475587567049696,0.5,0.6495117513409939,461,0.1545942320590208,1.0,1
"iteration_4","SCOPE_DATA_COLLECTION",500,44,2710.0,2770.0,1,2974,1852,786,2955,1904,764,2969,1859,784,3,1,6,0.001009421265141319,5.376344086021505E-4,0.007594936708860759,0.3197034087439391,0.8181373966658988,1.509871014504082,0.6394068174878782,0.8181373966658988,1.0065806763360545,0.13607275176827213,0.5911780527165142,0.673469387755102,95.0,100.0,3879,592,1141,9,1,0,0.002320185614849188,0.0016891891891891893,0.0,0.35000000000000003,0.2,0.2,0.6000000000000001,20.0,40.0,60.0,0.6000000000000001,0.9,0.5,0.4,70.0,90.0,95.0,1836,1833,3,1836,0.0016339869281045752,0.8448541315393097,1.0,0.8448541315393097,1094,0.59683578832515,1.0,1
"iteration_4","SCOPE_DATA_COLLECTION",500,44,2710.0,2770.0,2,2974,1852,786,2955,1904,764,2969,1859,784,3,1,6,0.001009421265141319,5.376344086021505E-4,0.007594936708860759,0.3197034087439391,0.8181373966658988,1.509871014504082,0.6394068174878782,0.8181373966658988,1.0065806763360545,0.13607275176827213,0.5911780527165142,0.673469387755102,95.0,100.0,3879,592,1141,9,1,0,0.002320185614849188,0.0016891891891891893,0.0,0.35000000000000003,0.2,0.2,0.6000000000000001,20.0,40.0,60.0,0.6000000000000001,0.9,0.5,0.4,70.0,90.0,95.0,796,794,2,796,0.002512562814070352,1.542169706800419,1.5,1.028113137866946,541,0.681360201511335,1.0,1
"iteration_4","SCOPE_DATA_COLLECTION",500,45,2770.0,2830.0,0,2986,1836,796,2974,1852,786,2984,1832,792,4,3,2,0.0013386880856760374,0.0016348773841961854,0.0025188916876574307,0.324461149290117,0.8473243853774464,1.5396923442541355,0.648922298580234,0.8473243853774464,1.0264615628360902,0.153485254691689,0.5993449781659389,0.6805555555555556,100.0,100.0,3854,1078,686,8,1,0,0.0020757654385054488,9.276437847866419E-4,0.0,0.6000000000000001,0.9,0.5,0.4,70.0,90.0,95.0,0.1,0.7000000000000001,0.2,0.1,95.0,45.0,50.0,2938,2936,2,2938,6.807351940095302E-4,0.3151313063935463,0.5,0.6302626127870926,389,0.13249318801089918,1.0,1
"iteration_4","SCOPE_DATA_COLLECTION",500,45,2770.0,2830.0,1,2986,1836,796,2974,1852,786,2984,1832,792,4,3,2,0.0013386880856760374,0.0016348773841961854,0.0025188916876574307,0.324461149290117,0.8473243853774464,1.5396923442541355,0.648922298580234,0.8473243853774464,1.0264615628360902,0.153485254691689,0.5993449781659389,0.6805555555555556,100.0,100.0,3854,1078,686,8,1,0,0.0020757654385054488,9.276437847866419E-4,0.0,0.6000000000000001,0.9,0.5,0.4,70.0,90.0,95.0,0.1,0.7000000000000001,0.2,0.1,95.0,45.0,50.0,1957,1952,5,1957,0.0025549310168625446,0.8074980333287248,1.0,0.8074980333287248,1123,0.5753073770491803,1.0,1
"iteration_4","SCOPE_DATA_COLLECTION",500,45,2770.0,2830.0,2,2986,1836,796,2974,1852,786,2984,1832,792,4,3,2,0.0013386880856760374,0.0016348773841961854,0.0025188916876574307,0.324461149290117,0.8473243853774464,1.5396923442541355,0.648922298580234,0.8473243853774464,1.0264615628360902,0.153485254691689,0.5993449781659389,0.6805555555555556,100.0,100.0,3854,1078,686,8,1,0,0.0020757654385054488,9.276437847866419E-4,0.0,0.6000000000000001,0.9,0.5,0.4,70.0,90.0,95.0,0.1,0.7000000000000001,0.2,0.1,95.0,45.0,50.0,774,774,0,774,0.0,1.4800404890707226,1.5,0.9866936593804817,512,0.661498708010336,1.0,1
"iteration_4","SCOPE_DATA_COLLECTION",500,46,2830.0,2890.0,0,2938,1957,774,2986,1836,796,2942,1952,778,2,5,0,6.793478260869565E-4,0.0025549310168625446,0.0,0.31567120395678033,0.8057053979678258,1.48555233068623,0.6313424079135607,0.8057053979678258,0.9903682204574866,0.13460231135282122,0.5737704918032787,0.6645244215938303,95.0,100.0,3849,174,1646,7,0,0,0.0018186541958950377,0.0,0.0,0.1,0.7000000000000001,0.2,0.1,95.0,45.0,50.0,0.1,0.7000000000000001,0.2,0.2,95.0,35.0,60.0,2990,2987,3,2990,0.001003344481605351,0.3117539373427614,0.5,0.6235078746855228,411,0.1375962504184801,1.0,1
"iteration_4","SCOPE_DATA_COLLECTION",500,46,2830.0,2890.0,1,2938,1957,774,2986,1836,796,2942,1952,778,2,5,0,6.793478260869565E-4,0.0025549310168625446,0.0,0.31567120395678033,0.8057053979678258,1.48555233068623,0.6313424079135607,0.8057053979678258,0.9903682204574866,0.13460231135282122,0.5737704918032787,0.6645244215938303,95.0,100.0,3849,174,1646,7,0,0,0.0018186541958950377,0.0,0.0,0.1,0.7000000000000001,0.2,0.1,95.0,45.0,50.0,0.1,0.7000000000000001,0.2,0.2,95.0,35.0,60.0,1989,1987,2,1989,0.001005530417295123,0.8090209047234505,1.0,0.8090209047234505,1134,0.5707096124811273,1.0,1
"iteration_4","SCOPE_DATA_COLLECTION",500,46,2830.0,2890.0,2,2938,1957,774,2986,1836,796,2942,1952,778,2,5,0,6.793478260869565E-4,0.0025549310168625446,0.0,0.31567120395678033,0.8057053979678258,1.48555233068623,0.6313424079135607,0.8057053979678258,0.9903682204574866,0.13460231135282122,0.5737704918032787,0.6645244215938303,95.0,100.0,3849,174,1646,7,0,0,0.0018186541958950377,0.0,0.0,0.1,0.7000000000000001,0.2,0.1,95.0,45.0,50.0,0.1,0.7000000000000001,0.2,0.2,95.0,35.0,60.0,764,762,2,764,0.002617801047120419,1.5012694435191327,1.5,1.0008462956794217,509,0.6679790026246719,1.0,1
"iteration_4","SCOPE_DATA_COLLECTION",500,47,2890.0,2950.0,0,2990,1989,764,2938,1957,774,2974,1990,756,3,2,2,0.001007725898555593,0.001004016064257028,0.002638522427440633,0.310831699930253,0.8091231650688401,1.4974305634712823,0.621663399860506,0.8091231650688401,0.9982870423141882,0.13584398117014124,0.5708542713567839,0.6653439153439153,97.5,100.0,3851,192,1700,7,0,0,0.001817709685795897,0.0,0.0,0.1,0.7000000000000001,0.2,0.2,95.0,35.0,60.0,0.05,0.6000000000000001,0.1,0.1,85.0,25.0,70.0,3053,3052,1,3053,3.2754667540124465E-4,0.31637070783282134,0.5,0.6327414156656427,383,0.12549148099606816,1.0,1
"iteration_4","SCOPE_DATA_COLLECTION",500,47,2890.0,2950.0,1,2990,1989,764,2938,1957,774,2974,1990,756,3,2,2,0.001007725898555593,0.001004016064257028,0.002638522427440633,0.310831699930253,0.8091231650688401,1.4974305634712823,0.621663399860506,0.8091231650688401,0.9982870423141882,0.13584398117014124,0.5708542713567839,0.6653439153439153,97.5,100.0,3851,192,1700,7,0,0,0.001817709685795897,0.0,0.0,0.1,0.7000000000000001,0.2,0.2,95.0,35.0,60.0,0.05,0.6000000000000001,0.1,0.1,85.0,25.0,70.0,1925,1925,0,1925,0.0,0.821754834528685,1.0,0.821754834528685,1121,0.5823376623376624,1.0,1
"iteration_4","SCOPE_DATA_COLLECTION",500,47,2890.0,2950.0,2,2990,1989,764,2938,1957,774,2974,1990,756,3,2,2,0.001007725898555593,0.001004016064257028,0.002638522427440633,0.310831699930253,0.8091231650688401,1.4974305634712823,0.621663399860506,0.8091231650688401,0.9982870423141882,0.13584398117014124,0.5708542713567839,0.6653439153439153,97.5,100.0,3851,192,1700,7,0,0,0.001817709685795897,0.0,0.0,0.1,0.7000000000000001,0.2,0.2,95.0,35.0,60.0,0.05,0.6000000000000001,0.1,0.1,85.0,25.0,70.0,790,789,1,790,0.0012658227848101266,1.5179443568984647,1.5,1.0119629045989764,535,0.6780735107731305,1.0,1
"iteration_4","SCOPE_DATA_COLLECTION",500,48,2950.0,3010.0,0,3053,1925,790,2990,1989,764,3055,1922,796,1,0,1,3.272251308900524E-4,0.0,0.0012547051442910915,0.3169753892580537,0.8214362797493072,1.5200123490482322,0.6339507785161074,0.8214362797493072,1.0133415660321548,0.12733224222585926,0.5827263267429761,0.6796482412060302,95.0,100.0,4009,84,1675,2,0,0,4.988775255674732E-4,0.0,0.0,0.05,0.6000000000000001,0.1,0.1,85.0,25.0,70.0,0.1,0.8,0.7000000000000001,0.5,55.0,65.0,45.0,3075,3074,1,3075,3.252032520325203E-4,0.3219755645136346,0.5,0.6439511290272693,492,0.16005204944697463,1.0,1
"iteration_4","SCOPE_DATA_COLLECTION",500,48,2950.0,3010.0,1,3053,1925,790,2990,1989,764,3055,1922,796,1,0,1,3.272251308900524E-4,0.0,0.0012547051442910915,0.3169753892580537,0.8214362797493072,1.5200123490482322,0.6339507785161074,0.8214362797493072,1.0133415660321548,0.12733224222585926,0.5827263267429761,0.6796482412060302,95.0,100.0,4009,84,1675,2,0,0,4.988775255674732E-4,0.0,0.0,0.05,0.6000000000000001,0.1,0.1,85.0,25.0,70.0,0.1,0.8,0.7000000000000001,0.5,55.0,65.0,45.0,2024,2024,0,2024,0.0,0.8132327289981846,1.0,0.8132327289981846,1163,0.5746047430830039,1.0,1
"iteration_4","SCOPE_DATA_COLLECTION",500,48,2950.0,3010.0,2,3053,1925,790,2990,1989,764,3055,1922,796,1,0,1,3.272251308900524E-4,0.0,0.0012547051442910915,0.3169753892580537,0.8214362797493072,1.5200123490482322,0.6339507785161074,0.8214362797493072,1.0133415660321548,0.12733224222585926,0.5827263267429761,0.6796482412060302,95.0,100.0,4009,84,1675,2,0,0,4.988775255674732E-4,0.0,0.0,0.05,0.6000000000000001,0.1,0.1,85.0,25.0,70.0,0.1,0.8,0.7000000000000001,0.5,55.0,65.0,45.0,735,730,5,735,0.006802721088435374,1.5893380367195513,1.5,1.0595586911463675,515,0.7054794520547946,1.0,1
"iteration_4","SCOPE_DATA_COLLECTION",500,49,3010.0,3070.0,0,3075,2024,735,3053,1925,790,3077,2020,726,1,0,5,3.248862897985705E-4,0.0,0.006839945280437756,0.3220237472970324,0.8128980091518324,1.5872156294043271,0.6440474945940649,0.8128980091518324,1.058143752936218,0.15794605134871628,0.5737623762376237,0.7052341597796143,100.0,100.0,3952,186,1696,6,0,0,0.0015182186234817814,0.0,0.0,0.1,0.8,0.7000000000000001,0.5,55.0,65.0,45.0,0.1,0.8,0.7000000000000001,0.5,55.0,65.0,45.0,3017,3016,1,3017,3.3145508783559825E-4,0.3211306015061072,0.5,0.6422612030122145,481,0.15948275862068967,1.0,1
"iteration_4","SCOPE_DATA_COLLECTION",500,49,3010.0,3070.0,1,3075,2024,735,3053,1925,790,3077,2020,726,1,0,5,3.248862897985705E-4,0.0,0.006839945280437756,0.3220237472970324,0.8128980091518324,1.5872156294043271,0.6440474945940649,0.8128980091518324,1.058143752936218,0.15794605134871628,0.5737623762376237,0.7052341597796143,100.0,100.0,3952,186,1696,6,0,0,0.0015182186234817814,0.0,0.0,0.1,0.8,0.7000000000000001,0.5,55.0,65.0,45.0,0.1,0.8,0.7000000000000001,0.5,55.0,65.0,45.0,1915,1914,1,1915,5.221932114882506E-4,0.8444312880250595,1.0,0.8444312880250595,1129,0.589864158829676,1.0,1
"iteration_4","SCOPE_DATA_COLLECTION",500,49,3010.0,3070.0,2,3075,2024,735,3053,1925,790,3077,2020,726,1,0,5,3.248862897985705E-4,0.0,0.006839945280437756,0.3220237472970324,0.8128980091518324,1.5872156294043271,0.6440474945940649,0.8128980091518324,1.058143752936218,0.15794605134871628,0.5737623762376237,0.7052341597796143,100.0,100.0,3952,186,1696,6,0,0,0.0015182186234817814,0.0,0.0,0.1,0.8,0.7000000000000001,0.5,55.0,65.0,45.0,0.1,0.8,0.7000000000000001,0.5,55.0,65.0,45.0,734,733,1,734,0.0013623978201634877,1.5747771300235476,1.5,1.0498514200156983,511,0.6971350613915416,1.0,1
"iteration_4","SCOPE_DATA_COLLECTION",500,50,3070.0,3130.0,0,3017,1915,734,3075,2024,735,3018,1914,733,1,1,1,3.312355084465055E-4,5.221932114882506E-4,0.0013623978201634877,0.32086014340816826,0.8452227735707152,1.5756912263778655,0.6417202868163365,0.8452227735707152,1.0504608175852437,0.1597084161696488,0.5903866248693835,0.6971350613915416,100.0,100.0,3928,182,1556,3,0,0,7.637474541751527E-4,0.0,0.0,0.1,0.8,0.7000000000000001,0.5,55.0,65.0,45.0,0.05,0.8,0.7000000000000001,0.5,55.0,65.0,45.0,3066,3066,0,3066,0.0,0.31710455536862514,0.5,0.6342091107372503,434,0.1415525114155251,1.0,1
"iteration_4","SCOPE_DATA_COLLECTION",500,50,3070.0,3130.0,1,3017,1915,734,3075,2024,735,3018,1914,733,1,1,1,3.312355084465055E-4,5.221932114882506E-4,0.0013623978201634877,0.32086014340816826,0.8452227735707152,1.5756912263778655,0.6417202868163365,0.8452227735707152,1.0504608175852437,0.1597084161696488,0.5903866248693835,0.6971350613915416,100.0,100.0,3928,182,1556,3,0,0,7.637474541751527E-4,0.0,0.0,0.1,0.8,0.7000000000000001,0.5,55.0,65.0,45.0,0.05,0.8,0.7000000000000001,0.5,55.0,65.0,45.0,1890,1884,6,1890,0.0031746031746031746,0.8303074085675191,1.0,0.8303074085675191,1064,0.564755838641189,1.0,1
"iteration_4","SCOPE_DATA_COLLECTION",500,50,3070.0,3130.0,2,3017,1915,734,3075,2024,735,3018,1914,733,1,1,1,3.312355084465055E-4,5.221932114882506E-4,0.0013623978201634877,0.32086014340816826,0.8452227735707152,1.5756912263778655,0.6417202868163365,0.8452227735707152,1.0504608175852437,0.1597084161696488,0.5903866248693835,0.6971350613915416,100.0,100.0,3928,182,1556,3,0,0,7.637474541751527E-4,0.0,0.0,0.1,0.8,0.7000000000000001,0.5,55.0,65.0,45.0,0.05,0.8,0.7000000000000001,0.5,55.0,65.0,45.0,753,745,8,753,0.010624169986719787,1.5247981878806016,1.5,1.0165321252537345,501,0.6724832214765101,1.0,1
"iteration_4","SCOPE_DATA_COLLECTION",500,51,3130.0,3190.0,0,3066,1890,753,3017,1915,734,3060,1891,748,0,6,8,0.0,0.0031628887717448603,0.010582010582010581,0.3171589151907458,0.83081999188967,1.529505283412167,0.6343178303814916,0.83081999188967,1.0196701889414446,0.14215686274509803,0.565309360126917,0.6751336898395722,97.5,100.0,3895,87,1727,14,0,0,0.003594351732991014,0.0,0.0,0.05,0.8,0.7000000000000001,0.5,55.0,65.0,45.0,0.7000000000000001,0.2,0.7000000000000001,0.4,70.0,20.0,30.0,3018,3018,0,3018,0.0,0.325160657928066,0.5,0.650321315856132,394,0.13055003313452618,1.0,1
"iteration_4","SCOPE_DATA_COLLECTION",500,51,3130.0,3190.0,1,3066,1890,753,3017,1915,734,3060,1891,748,0,6,8,0.0,0.0031628887717448603,0.010582010582010581,0.3171589151907458,0.83081999188967,1.529505283412167,0.6343178303814916,0.83081999188967,1.0196701889414446,0.14215686274509803,0.565309360126917,0.6751336898395722,97.5,100.0,3895,87,1727,14,0,0,0.003594351732991014,0.0,0.0,0.05,0.8,0.7000000000000001,0.5,55.0,65.0,45.0,0.7000000000000001,0.2,0.7000000000000001,0.4,70.0,20.0,30.0,1858,1858,0,1858,0.0,0.8438787841549041,1.0,0.8438787841549041,1089,0.5861141011840689,1.0,1
"iteration_4","SCOPE_DATA_COLLECTION",500,51,3130.0,3190.0,2,3066,1890,753,3017,1915,734,3060,1891,748,0,6,8,0.0,0.0031628887717448603,0.010582010582010581,0.3171589151907458,0.83081999188967,1.529505283412167,0.6343178303814916,0.83081999188967,1.0196701889414446,0.14215686274509803,0.565309360126917,0.6751336898395722,97.5,100.0,3895,87,1727,14,0,0,0.003594351732991014,0.0,0.0,0.05,0.8,0.7000000000000001,0.5,55.0,65.0,45.0,0.7000000000000001,0.2,0.7000000000000001,0.4,70.0,20.0,30.0,756,754,2,756,0.0026455026455026454,1.580592776408724,1.5,1.053728517605816,529,0.7015915119363395,1.0,1
"iteration_4","SCOPE_DATA_COLLECTION",500,52,3190.0,3250.0,0,3018,1858,756,3066,1890,753,3024,1856,752,0,0,2,0.0,0.0,0.002652519893899204,0.3254516631537783,0.843758760888177,1.5768975410978183,0.6509033263075567,0.843758760888177,1.0512650273985455,0.13161375661375663,0.5862068965517241,0.699468085106383,100.0,100.0,3967,1155,510,1,1,0,2.5207965717166626E-4,8.658008658008658E-4,0.0,0.7000000000000001,0.2,0.7000000000000001,0.4,70.0,20.0,30.0,0.6000000000000001,0.30000000000000004,0.7000000000000001,0.30000000000000004,70.0,30.0,40.0,3000,2999,1,3000,3.333333333333333E-4,0.3194151352100479,0.5,0.6388302704200958,383,0.12770923641213738,1.0,1
"iteration_4","SCOPE_DATA_COLLECTION",500,52,3190.0,3250.0,1,3018,1858,756,3066,1890,753,3024,1856,752,0,0,2,0.0,0.0,0.002652519893899204,0.3254516631537783,0.843758760888177,1.5768975410978183,0.6509033263075567,0.843758760888177,1.0512650273985455,0.13161375661375663,0.5862068965517241,0.699468085106383,100.0,100.0,3967,1155,510,1,1,0,2.5207965717166626E-4,8.658008658008658E-4,0.0,0.7000000000000001,0.2,0.7000000000000001,0.4,70.0,20.0,30.0,0.6000000000000001,0.30000000000000004,0.7000000000000001,0.30000000000000004,70.0,30.0,40.0,1895,1895,0,1895,0.0,0.8352576003322707,1.0,0.8352576003322707,1119,0.5905013192612137,1.0,1
"iteration_4","SCOPE_DATA_COLLECTION",500,52,3190.0,3250.0,2,3018,1858,756,3066,1890,753,3024,1856,752,0,0,2,0.0,0.0,0.002652519893899204,0.3254516631537783,0.843758760888177,1.5768975410978183,0.6509033263075567,0.843758760888177,1.0512650273985455,0.13161375661375663,0.5862068965517241,0.699468085106383,100.0,100.0,3967,1155,510,1,1,0,2.5207965717166626E-4,8.658008658008658E-4,0.0,0.7000000000000001,0.2,0.7000000000000001,0.4,70.0,20.0,30.0,0.6000000000000001,0.30000000000000004,0.7000000000000001,0.30000000000000004,70.0,30.0,40.0,745,741,4,745,0.005369127516778523,1.5732625898505324,1.5,1.0488417265670216,519,0.7004048582995951,1.0,1
"iteration_4","SCOPE_DATA_COLLECTION",500,53,3250.0,3310.0,0,3000,1895,745,3018,1858,756,3001,1895,749,1,0,4,3.3311125916055963E-4,0.0,0.005312084993359893,0.3194530190897366,0.8349536121292077,1.5763629149710712,0.6389060381794732,0.8349536121292077,1.0509086099807141,0.1279573475508164,0.5894459102902375,0.7022696929238985,87.5,100.0,3916,1058,666,5,0,0,0.0012768130745658835,0.0,0.0,0.6000000000000001,0.30000000000000004,0.7000000000000001,0.30000000000000004,70.0,30.0,40.0,0.30000000000000004,0.9,0.5,0.7000000000000001,45.0,95.0,55.0,3056,3056,0,3056,0.0,0.3227613586083692,0.5,0.6455227172167384,475,0.15543193717277487,1.0,1
"iteration_4","SCOPE_DATA_COLLECTION",500,53,3250.0,3310.0,1,3000,1895,745,3018,1858,756,3001,1895,749,1,0,4,3.3311125916055963E-4,0.0,0.005312084993359893,0.3194530190897366,0.8349536121292077,1.5763629149710712,0.6389060381794732,0.8349536121292077,1.0509086099807141,0.1279573475508164,0.5894459102902375,0.7022696929238985,87.5,100.0,3916,1058,666,5,0,0,0.0012768130745658835,0.0,0.0,0.6000000000000001,0.30000000000000004,0.7000000000000001,0.30000000000000004,70.0,30.0,40.0,0.30000000000000004,0.9,0.5,0.7000000000000001,45.0,95.0,55.0,1932,1925,7,1932,0.0036231884057971015,0.8275655903925917,1.0,0.8275655903925917,1124,0.5838961038961039,1.0,1
"iteration_4","SCOPE_DATA_COLLECTION",500,53,3250.0,3310.0,2,3000,1895,745,3018,1858,756,3001,1895,749,1,0,4,3.3311125916055963E-4,0.0,0.005312084993359893,0.3194530190897366,0.8349536121292077,1.5763629149710712,0.6389060381794732,0.8349536121292077,1.0509086099807141,0.1279573475508164,0.5894459102902375,0.7022696929238985,87.5,100.0,3916,1058,666,5,0,0,0.0012768130745658835,0.0,0.0,0.6000000000000001,0.30000000000000004,0.7000000000000001,0.30000000000000004,70.0,30.0,40.0,0.30000000000000004,0.9,0.5,0.7000000000000001,45.0,95.0,55.0,740,734,6,740,0.008108108108108109,1.516955936682782,1.5,1.0113039577885214,490,0.667574931880109,1.0,1
"iteration_4","SCOPE_DATA_COLLECTION",500,54,3310.0,3370.0,0,3056,1932,740,3000,1895,745,3046,1925,735,0,7,6,0.0,0.0036231884057971015,0.008097165991902834,0.322494254163244,0.8275816875000225,1.5180949625566018,0.644988508326488,0.8275816875000225,1.012063308371068,0.15495732107682206,0.5854545454545454,0.6680272108843538,95.0,100.0,3914,516,1298,13,0,0,0.003321410321921308,0.0,0.0,0.30000000000000004,0.9,0.5,0.7000000000000001,45.0,95.0,55.0,0.55,0.2,0.4,0.6000000000000001,70.0,70.0,20.0,3117,3116,1,3117,3.208213025344883E-4,0.31763137094795324,0.5,0.6352627418959065,401,0.1286906290115533,1.0,1
"iteration_4","SCOPE_DATA_COLLECTION",500,54,3310.0,3370.0,1,3056,1932,740,3000,1895,745,3046,1925,735,0,7,6,0.0,0.0036231884057971015,0.008097165991902834,0.322494254163244,0.8275816875000225,1.5180949625566018,0.644988508326488,0.8275816875000225,1.012063308371068,0.15495732107682206,0.5854545454545454,0.6680272108843538,95.0,100.0,3914,516,1298,13,0,0,0.003321410321921308,0.0,0.0,0.30000000000000004,0.9,0.5,0.7000000000000001,45.0,95.0,55.0,0.55,0.2,0.4,0.6000000000000001,70.0,70.0,20.0,1960,1954,6,1960,0.003061224489795918,0.8138566602745955,1.0,0.8138566602745955,1119,0.5726714431934493,1.0,1
"iteration_4","SCOPE_DATA_COLLECTION",500,54,3310.0,3370.0,2,3056,1932,740,3000,1895,745,3046,1925,735,0,7,6,0.0,0.0036231884057971015,0.008097165991902834,0.322494254163244,0.8275816875000225,1.5180949625566018,0.644988508326488,0.8275816875000225,1.012063308371068,0.15495732107682206,0.5854545454545454,0.6680272108843538,95.0,100.0,3914,516,1298,13,0,0,0.003321410321921308,0.0,0.0,0.30000000000000004,0.9,0.5,0.7000000000000001,45.0,95.0,55.0,0.55,0.2,0.4,0.6000000000000001,70.0,70.0,20.0,779,773,6,779,0.007702182284980745,1.5839430542128117,1.5,1.0559620361418744,550,0.7115135834411385,1.0,1
"iteration_4","SCOPE_DATA_COLLECTION",500,55,3370.0,3430.0,0,3117,1960,779,3056,1932,740,3117,1955,764,1,6,6,3.2071840923669016E-4,0.0030596634370219276,0.007792207792207792,0.3177941964603139,0.814448672800155,1.5793541529935464,0.6355883929206279,0.814448672800155,1.0529027686623642,0.1289701636188643,0.5728900255754475,0.7081151832460733,100.0,100.0,4011,1055,790,13,0,0,0.0032410870107205184,0.0,0.0,0.55,0.2,0.4,0.6000000000000001,70.0,70.0,20.0,0.55,0.2,0.5,0.7000000000000001,70.0,60.0,20.0,2898,2895,3,2898,0.0010351966873706005,0.31846257511889425,0.5,0.6369251502377885,386,0.13333333333333333,1.0,1
"iteration_4","SCOPE_DATA_COLLECTION",500,55,3370.0,3430.0,1,3117,1960,779,3056,1932,740,3117,1955,764,1,6,6,3.2071840923669016E-4,0.0030596634370219276,0.007792207792207792,0.3177941964603139,0.814448672800155,1.5793541529935464,0.6355883929206279,0.814448672800155,1.0529027686623642,0.1289701636188643,0.5728900255754475,0.7081151832460733,100.0,100.0,4011,1055,790,13,0,0,0.0032410870107205184,0.0,0.0,0.55,0.2,0.4,0.6000000000000001,70.0,70.0,20.0,0.55,0.2,0.5,0.7000000000000001,70.0,60.0,20.0,1890,1888,2,1890,0.0010582010582010583,0.8351798823975625,1.0,0.8351798823975625,1134,0.600635593220339,1.0,1
"iteration_4","SCOPE_DATA_COLLECTION",500,55,3370.0,3430.0,2,3117,1960,779,3056,1932,740,3117,1955,764,1,6,6,3.2071840923669016E-4,0.0030596634370219276,0.007792207792207792,0.3177941964603139,0.814448672800155,1.5793541529935464,0.6355883929206279,0.814448672800155,1.0529027686623642,0.1289701636188643,0.5728900255754475,0.7081151832460733,100.0,100.0,4011,1055,790,13,0,0,0.0032410870107205184,0.0,0.0,0.55,0.2,0.4,0.6000000000000001,70.0,70.0,20.0,0.55,0.2,0.5,0.7000000000000001,70.0,60.0,20.0,768,764,4,768,0.005208333333333333,1.5327215037625093,1.5,1.021814335841673,522,0.6832460732984293,1.0,1
"iteration_4","SCOPE_DATA_COLLECTION",500,56,3430.0,3490.0,0,2898,1890,768,3117,1960,779,2896,1886,764,3,2,4,0.0010348395998620215,0.001059322033898305,0.005208333333333333,0.31785014790284316,0.8343329355281633,1.5345665586427606,0.6357002958056863,0.8343329355281633,1.023044372428507,0.13156077348066297,0.6007423117709438,0.6845549738219895,95.0,100.0,3849,970,737,8,1,0,0.0020784619381657575,0.0010309278350515464,0.0,0.55,0.2,0.5,0.7000000000000001,70.0,60.0,20.0,0.55,0.2,0.5,0.7000000000000001,70.0,60.0,20.0,3082,3078,4,3082,0.0012978585334198572,0.3248884082238051,0.5,0.6497768164476102,362,0.11760883690708251,1.0,1
"iteration_4","SCOPE_DATA_COLLECTION",500,56,3430.0,3490.0,1,2898,1890,768,3117,1960,779,2896,1886,764,3,2,4,0.0010348395998620215,0.001059322033898305,0.005208333333333333,0.31785014790284316,0.8343329355281633,1.5345665586427606,0.6357002958056863,0.8343329355281633,1.023044372428507,0.13156077348066297,0.6007423117709438,0.6845549738219895,95.0,100.0,3849,970,737,8,1,0,0.0020784619381657575,0.0010309278350515464,0.0,0.55,0.2,0.5,0.7000000000000001,70.0,60.0,20.0,0.55,0.2,0.5,0.7000000000000001,70.0,60.0,20.0,1938,1935,3,1938,0.0015479876160990713,0.8512913007796005,1.0,0.8512913007796005,1183,0.6113695090439276,1.0,1
"iteration_4","SCOPE_DATA_COLLECTION",500,56,3430.0,3490.0,2,2898,1890,768,3117,1960,779,2896,1886,764,3,2,4,0.0010348395998620215,0.001059322033898305,0.005208333333333333,0.31785014790284316,0.8343329355281633,1.5345665586427606,0.6357002958056863,0.8343329355281633,1.023044372428507,0.13156077348066297,0.6007423117709438,0.6845549738219895,95.0,100.0,3849,970,737,8,1,0,0.0020784619381657575,0.0010309278350515464,0.0,0.55,0.2,0.5,0.7000000000000001,70.0,60.0,20.0,0.55,0.2,0.5,0.7000000000000001,70.0,60.0,20.0,714,712,2,714,0.0028011204481792717,1.572183294967061,1.5,1.0481221966447074,496,0.6966292134831461,1.0,1
"iteration_4","SCOPE_DATA_COLLECTION",500,57,3490.0,3550.0,0,3082,1938,714,2898,1890,768,3083,1920,716,4,3,2,0.0012957563977972141,0.0015600624024961,0.002785515320334262,0.3253801124348036,0.8488660335300947,1.5698430307747944,0.6507602248696072,0.8488660335300947,1.0465620205165296,0.11903989620499514,0.6078125,0.696927374301676,100.0,100.0,4079,916,739,8,1,0,0.001961265015935278,0.001091703056768559,0.0,0.55,0.2,0.5,0.7000000000000001,70.0,60.0,20.0,0.45,0.2,0.4,0.8,70.0,50.0,20.0,3079,3074,5,3079,0.0016239038648911985,0.31377587709309623,0.5,0.6275517541861925,412,0.1340273259596617,1.0,1
"iteration_4","SCOPE_DATA_COLLECTION",500,57,3490.0,3550.0,1,3082,1938,714,2898,1890,768,3083,1920,716,4,3,2,0.0012957563977972141,0.0015600624024961,0.002785515320334262,0.3253801124348036,0.8488660335300947,1.5698430307747944,0.6507602248696072,0.8488660335300947,1.0465620205165296,0.11903989620499514,0.6078125,0.696927374301676,100.0,100.0,4079,916,739,8,1,0,0.001961265015935278,0.001091703056768559,0.0,0.55,0.2,0.5,0.7000000000000001,70.0,60.0,20.0,0.45,0.2,0.4,0.8,70.0,50.0,20.0,1925,1923,2,1925,0.001038961038961039,0.831359289603351,1.0,0.831359289603351,1155,0.6006240249609984,1.0,1
"iteration_4","SCOPE_DATA_COLLECTION",500,57,3490.0,3550.0,2,3082,1938,714,2898,1890,768,3083,1920,716,4,3,2,0.0012957563977972141,0.0015600624024961,0.002785515320334262,0.3253801124348036,0.8488660335300947,1.5698430307747944,0.6507602248696072,0.8488660335300947,1.0465620205165296,0.11903989620499514,0.6078125,0.696927374301676,100.0,100.0,4079,916,739,8,1,0,0.001961265015935278,0.001091703056768559,0.0,0.55,0.2,0.5,0.7000000000000001,70.0,60.0,20.0,0.45,0.2,0.4,0.8,70.0,50.0,20.0,783,779,4,783,0.005108556832694764,1.5779183704665922,1.5,1.0519455803110616,547,0.7021822849807445,1.0,1
"iteration_4","SCOPE_DATA_COLLECTION",500,58,3550.0,3617.110948798024,0,3079,1925,783,3082,1938,714,3076,1931,777,5,2,4,0.0016228497241155468,0.0010346611484738748,0.005121638924455826,0.3137541678849688,0.8323006832078541,1.5829079279970115,0.6275083357699376,0.8323006832078541,1.0552719519980076,0.13394018205461639,0.6007250129466598,0.703989703989704,100.0,100.0,3936,854,997,8,3,0,0.0020325203252032522,0.00351288056206089,0.0,0.45,0.2,0.4,0.8,70.0,50.0,20.0,0.45,0.2,0.4,0.8,70.0,50.0,20.0,2491,2463,4,2467,0.0016214025131738954,0.32132489424487815,0.5,0.6426497884897563,358,0.14535119772634997,0.9903653151344841,0
"iteration_4","SCOPE_DATA_COLLECTION",500,58,3550.0,3617.110948798024,1,3079,1925,783,3082,1938,714,3076,1931,777,5,2,4,0.0016228497241155468,0.0010346611484738748,0.005121638924455826,0.3137541678849688,0.8323006832078541,1.5829079279970115,0.6275083357699376,0.8323006832078541,1.0552719519980076,0.13394018205461639,0.6007250129466598,0.703989703989704,100.0,100.0,3936,854,997,8,3,0,0.0020325203252032522,0.00351288056206089,0.0,0.45,0.2,0.4,0.8,70.0,50.0,20.0,0.45,0.2,0.4,0.8,70.0,50.0,20.0,1575,1549,1,1550,6.451612903225806E-4,0.8378854782441916,1.0,0.8378854782441916,923,0.5958683021304068,0.9841269841269841,0
"iteration_4","SCOPE_DATA_COLLECTION",500,58,3550.0,3617.110948798024,2,3079,1925,783,3082,1938,714,3076,1931,777,5,2,4,0.0016228497241155468,0.0010346611484738748,0.005121638924455826,0.3137541678849688,0.8323006832078541,1.5829079279970115,0.6275083357699376,0.8323006832078541,1.0552719519980076,0.13394018205461639,0.6007250129466598,0.703989703989704,100.0,100.0,3936,854,997,8,3,0,0.0020325203252032522,0.00351288056206089,0.0,0.45,0.2,0.4,0.8,70.0,50.0,20.0,0.45,0.2,0.4,0.8,70.0,50.0,20.0,632,610,3,613,0.004893964110929853,1.5455668188940024,1.5,1.0303778792626683,421,0.6901639344262295,0.9699367088607594,0
"iteration_4","SCOPE_DATA_COLLECTION",600,0,70.0,130.0,0,3478,2172,755,0,0,0,3456,2150,726,1,2,8,2.892681515765114E-4,9.293680297397769E-4,0.010899182561307902,0.3229840300001835,0.7925003041757437,1.4412231831680173,0.645968060000367,0.7925003041757437,0.9608154554453449,0.19820601851851852,0.5427906976744186,0.6198347107438017,100.0,100.0,4016,1416,973,11,0,0,0.0027390438247011954,0.0,0.0,0.6,0.5,0.7,0.4,85.0,80.0,90.0,0.6,0.5,0.7,0.4,85.0,80.0,90.0,3826,3824,2,3826,5.227391531625719E-4,0.31544801080813756,0.5,0.6308960216162751,748,0.19560669456066945,1.0,1
"iteration_4","SCOPE_DATA_COLLECTION",600,0,70.0,130.0,1,3478,2172,755,0,0,0,3456,2150,726,1,2,8,2.892681515765114E-4,9.293680297397769E-4,0.010899182561307902,0.3229840300001835,0.7925003041757437,1.4412231831680173,0.645968060000367,0.7925003041757437,0.9608154554453449,0.19820601851851852,0.5427906976744186,0.6198347107438017,100.0,100.0,4016,1416,973,11,0,0,0.0027390438247011954,0.0,0.0,0.6,0.5,0.7,0.4,85.0,80.0,90.0,0.6,0.5,0.7,0.4,85.0,80.0,90.0,2292,2289,3,2292,0.0013089005235602095,0.7633202221085301,1.0,0.7633202221085301,1179,0.5150720838794234,1.0,1
"iteration_4","SCOPE_DATA_COLLECTION",600,0,70.0,130.0,2,3478,2172,755,0,0,0,3456,2150,726,1,2,8,2.892681515765114E-4,9.293680297397769E-4,0.010899182561307902,0.3229840300001835,0.7925003041757437,1.4412231831680173,0.645968060000367,0.7925003041757437,0.9608154554453449,0.19820601851851852,0.5427906976744186,0.6198347107438017,100.0,100.0,4016,1416,973,11,0,0,0.0027390438247011954,0.0,0.0,0.6,0.5,0.7,0.4,85.0,80.0,90.0,0.6,0.5,0.7,0.4,85.0,80.0,90.0,855,852,3,855,0.0035087719298245615,1.438747381206189,1.5,0.9591649208041261,523,0.613849765258216,1.0,1
"iteration_4","SCOPE_DATA_COLLECTION",600,1,130.0,190.0,0,3826,2292,855,3478,2172,755,3822,2274,848,2,3,3,5.230125523012552E-4,0.0013175230566534915,0.0035252643948296123,0.31522416004772474,0.7623846687504913,1.430939022190373,0.6304483200954495,0.7623846687504913,0.9539593481269154,0.19387755102040816,0.5145118733509235,0.6096698113207547,100.0,100.0,4206,1661,1106,8,0,0,0.0019020446980504042,0.0,0.0,0.6,0.5,0.7,0.4,85.0,80.0,90.0,0.5,0.4,0.6000000000000001,0.4,75.0,80.0,90.0,3771,3765,6,3771,0.0015910898965791568,0.3133798651331811,0.5,0.6267597302663622,728,0.19335989375830012,1.0,1
"iteration_4","SCOPE_DATA_COLLECTION",600,1,130.0,190.0,1,3826,2292,855,3478,2172,755,3822,2274,848,2,3,3,5.230125523012552E-4,0.0013175230566534915,0.0035252643948296123,0.31522416004772474,0.7623846687504913,1.430939022190373,0.6304483200954495,0.7623846687504913,0.9539593481269154,0.19387755102040816,0.5145118733509235,0.6096698113207547,100.0,100.0,4206,1661,1106,8,0,0,0.0019020446980504042,0.0,0.0,0.6,0.5,0.7,0.4,85.0,80.0,90.0,0.5,0.4,0.6000000000000001,0.4,75.0,80.0,90.0,2265,2259,6,2265,0.0026490066225165563,0.7977762805021326,1.0,0.7977762805021326,1242,0.549800796812749,1.0,1
"iteration_4","SCOPE_DATA_COLLECTION",600,1,130.0,190.0,2,3826,2292,855,3478,2172,755,3822,2274,848,2,3,3,5.230125523012552E-4,0.0013175230566534915,0.0035252643948296123,0.31522416004772474,0.7623846687504913,1.430939022190373,0.6304483200954495,0.7623846687504913,0.9539593481269154,0.19387755102040816,0.5145118733509235,0.6096698113207547,100.0,100.0,4206,1661,1106,8,0,0,0.0019020446980504042,0.0,0.0,0.6,0.5,0.7,0.4,85.0,80.0,90.0,0.5,0.4,0.6000000000000001,0.4,75.0,80.0,90.0,862,858,4,862,0.004640371229698376,1.4549281778349028,1.5,0.9699521185566019,534,0.6223776223776224,1.0,1
"iteration_4","SCOPE_DATA_COLLECTION",600,2,190.0,250.0,0,3771,2265,862,3826,2292,855,3766,2262,861,6,6,4,0.0015906680805938495,0.0026455026455026454,0.004624277456647399,0.3136947626364875,0.7958423677709267,1.4589087146036837,0.627389525272975,0.7958423677709267,0.9726058097357891,0.19490175252257036,0.5490716180371353,0.6248548199767712,100.0,100.0,4246,1312,1340,14,2,0,0.003297220913801225,0.001524390243902439,0.0,0.5,0.4,0.6000000000000001,0.4,75.0,80.0,90.0,0.5,0.4,0.5,0.30000000000000004,85.0,80.0,80.0,3894,3892,2,3894,5.136106831022085E-4,0.3198681083807612,0.5,0.6397362167615224,842,0.21634121274409043,1.0,1
"iteration_4","SCOPE_DATA_COLLECTION",600,2,190.0,250.0,1,3771,2265,862,3826,2292,855,3766,2262,861,6,6,4,0.0015906680805938495,0.0026455026455026454,0.004624277456647399,0.3136947626364875,0.7958423677709267,1.4589087146036837,0.627389525272975,0.7958423677709267,0.9726058097357891,0.19490175252257036,0.5490716180371353,0.6248548199767712,100.0,100.0,4246,1312,1340,14,2,0,0.003297220913801225,0.001524390243902439,0.0,0.5,0.4,0.6000000000000001,0.4,75.0,80.0,90.0,0.5,0.4,0.5,0.30000000000000004,85.0,80.0,80.0,2371,2368,3,2371,0.0012652889076339097,0.7698474252467247,1.0,0.7698474252467247,1234,0.5211148648648649,1.0,1
"iteration_4","SCOPE_DATA_COLLECTION",600,2,190.0,250.0,2,3771,2265,862,3826,2292,855,3766,2262,861,6,6,4,0.0015906680805938495,0.0026455026455026454,0.004624277456647399,0.3136947626364875,0.7958423677709267,1.4589087146036837,0.627389525272975,0.7958423677709267,0.9726058097357891,0.19490175252257036,0.5490716180371353,0.6248548199767712,100.0,100.0,4246,1312,1340,14,2,0,0.003297220913801225,0.001524390243902439,0.0,0.5,0.4,0.6000000000000001,0.4,75.0,80.0,90.0,0.5,0.4,0.5,0.30000000000000004,85.0,80.0,80.0,830,825,5,830,0.006024096385542169,1.4691088361545868,1.5,0.9794058907697245,523,0.6339393939393939,1.0,1
"iteration_4","SCOPE_DATA_COLLECTION",600,3,250.0,310.0,0,3894,2371,830,3771,2265,862,3892,2369,825,2,3,5,5.136106831022085E-4,0.0012647554806070826,0.006024096385542169,0.32000887798219685,0.7670556462648934,1.4711126745094325,0.6400177559643937,0.7670556462648934,0.9807417830062883,0.21685508735868447,0.5183621781342339,0.6339393939393939,97.5,100.0,4248,1466,1381,9,1,0,0.00211864406779661,6.821282401091405E-4,0.0,0.5,0.4,0.5,0.30000000000000004,85.0,80.0,80.0,0.05,0.6000000000000001,0.7000000000000001,0.2,40.0,25.0,20.0,3822,3821,1,3822,2.6164311878597594E-4,0.3209583121359899,0.5,0.6419166242719798,786,0.2057053127453546,1.0,1
"iteration_4","SCOPE_DATA_COLLECTION",600,3,250.0,310.0,1,3894,2371,830,3771,2265,862,3892,2369,825,2,3,5,5.136106831022085E-4,0.0012647554806070826,0.006024096385542169,0.32000887798219685,0.7670556462648934,1.4711126745094325,0.6400177559643937,0.7670556462648934,0.9807417830062883,0.21685508735868447,0.5183621781342339,0.6339393939393939,97.5,100.0,4248,1466,1381,9,1,0,0.00211864406779661,6.821282401091405E-4,0.0,0.5,0.4,0.5,0.30000000000000004,85.0,80.0,80.0,0.05,0.6000000000000001,0.7000000000000001,0.2,40.0,25.0,20.0,2312,2311,1,2312,4.3252595155709344E-4,0.7913844748867973,1.0,0.7913844748867973,1236,0.5348334054521852,1.0,1
"iteration_4","SCOPE_DATA_COLLECTION",600,3,250.0,310.0,2,3894,2371,830,3771,2265,862,3892,2369,825,2,3,5,5.136106831022085E-4,0.0012647554806070826,0.006024096385542169,0.32000887798219685,0.7670556462648934,1.4711126745094325,0.6400177559643937,0.7670556462648934,0.9807417830062883,0.21685508735868447,0.5183621781342339,0.6339393939393939,97.5,100.0,4248,1466,1381,9,1,0,0.00211864406779661,6.821282401091405E-4,0.0,0.5,0.4,0.5,0.30000000000000004,85.0,80.0,80.0,0.05,0.6000000000000001,0.7000000000000001,0.2,40.0,25.0,20.0,823,823,0,823,0.0,1.4232719103119658,1.5,0.9488479402079771,501,0.6087484811664642,1.0,1
"iteration_4","SCOPE_DATA_COLLECTION",600,4,310.0,370.0,0,3822,2312,823,3894,2371,830,3827,2313,821,1,1,0,2.6123301985370953E-4,4.32152117545376E-4,0.0,0.320755191215536,0.7935730044969314,1.4207979576707221,0.641510382431072,0.7935730044969314,0.9471986384471481,0.20459890253462243,0.5365326415910073,0.607795371498173,100.0,100.0,4225,119,2613,2,0,0,4.7337278106508875E-4,0.0,0.0,0.05,0.6000000000000001,0.7000000000000001,0.2,40.0,25.0,20.0,0.5,0.9,0.2,0.8,35.0,45.0,40.0,3910,3909,1,3910,2.557544757033248E-4,0.32042845854039526,0.5,0.6408569170807905,767,0.19621386543873112,1.0,1
"iteration_4","SCOPE_DATA_COLLECTION",600,4,310.0,370.0,1,3822,2312,823,3894,2371,830,3827,2313,821,1,1,0,2.6123301985370953E-4,4.32152117545376E-4,0.0,0.320755191215536,0.7935730044969314,1.4207979576707221,0.641510382431072,0.7935730044969314,0.9471986384471481,0.20459890253462243,0.5365326415910073,0.607795371498173,100.0,100.0,4225,119,2613,2,0,0,4.7337278106508875E-4,0.0,0.0,0.05,0.6000000000000001,0.7000000000000001,0.2,40.0,25.0,20.0,0.5,0.9,0.2,0.8,35.0,45.0,40.0,2334,2331,3,2334,0.0012853470437017994,0.7536763540380461,1.0,0.7536763540380461,1218,0.5225225225225225,1.0,1
"iteration_4","SCOPE_DATA_COLLECTION",600,4,310.0,370.0,2,3822,2312,823,3894,2371,830,3827,2313,821,1,1,0,2.6123301985370953E-4,4.32152117545376E-4,0.0,0.320755191215536,0.7935730044969314,1.4207979576707221,0.641510382431072,0.7935730044969314,0.9471986384471481,0.20459890253462243,0.5365326415910073,0.607795371498173,100.0,100.0,4225,119,2613,2,0,0,4.7337278106508875E-4,0.0,0.0,0.05,0.6000000000000001,0.7000000000000001,0.2,40.0,25.0,20.0,0.5,0.9,0.2,0.8,35.0,45.0,40.0,797,795,2,797,0.002509410288582183,1.3893762769701612,1.5,0.9262508513134408,469,0.589937106918239,1.0,1
"iteration_4","SCOPE_DATA_COLLECTION",600,5,370.0,430.0,0,3910,2334,797,3822,2312,823,3902,2335,802,1,3,2,2.5621316935690495E-4,0.0012831479897348161,0.0024875621890547263,0.3202584472968442,0.7566204684046398,1.3945801035383454,0.6405168945936884,0.7566204684046398,0.9297200690255636,0.19656586365966172,0.5229122055674518,0.5922693266832918,95.0,100.0,4334,1318,1389,3,3,0,6.922011998154131E-4,0.002276176024279211,0.0,0.5,0.9,0.2,0.8,35.0,45.0,40.0,0.4,0.8,0.2,0.7000000000000001,25.0,35.0,30.0,3787,3785,2,3787,5.281225244256667E-4,0.31608261036239216,0.5,0.6321652207247843,702,0.18546895640686922,1.0,1
"iteration_4","SCOPE_DATA_COLLECTION",600,5,370.0,430.0,1,3910,2334,797,3822,2312,823,3902,2335,802,1,3,2,2.5621316935690495E-4,0.0012831479897348161,0.0024875621890547263,0.3202584472968442,0.7566204684046398,1.3945801035383454,0.6405168945936884,0.7566204684046398,0.9297200690255636,0.19656586365966172,0.5229122055674518,0.5922693266832918,95.0,100.0,4334,1318,1389,3,3,0,6.922011998154131E-4,0.002276176024279211,0.0,0.5,0.9,0.2,0.8,35.0,45.0,40.0,0.4,0.8,0.2,0.7000000000000001,25.0,35.0,30.0,2314,2312,2,2314,8.64304235090752E-4,0.7605910544697684,1.0,0.7605910544697684,1209,0.5229238754325259,1.0,1
"iteration_4","SCOPE_DATA_COLLECTION",600,5,370.0,430.0,2,3910,2334,797,3822,2312,823,3902,2335,802,1,3,2,2.5621316935690495E-4,0.0012831479897348161,0.0024875621890547263,0.3202584472968442,0.7566204684046398,1.3945801035383454,0.6405168945936884,0.7566204684046398,0.9297200690255636,0.19656586365966172,0.5229122055674518,0.5922693266832918,95.0,100.0,4334,1318,1389,3,3,0,6.922011998154131E-4,0.002276176024279211,0.0,0.5,0.9,0.2,0.8,35.0,45.0,40.0,0.4,0.8,0.2,0.7000000000000001,25.0,35.0,30.0,846,841,5,846,0.00591016548463357,1.3565091682665216,1.5,0.9043394455110144,483,0.5743162901307967,1.0,1
"iteration_4","SCOPE_DATA_COLLECTION",600,6,430.0,490.0,0,3787,2314,846,3910,2334,797,3795,2308,840,2,2,5,5.267316302343956E-4,8.658008658008658E-4,0.005917159763313609,0.31666918048801684,0.7595877834863223,1.3578773702309368,0.6333383609760337,0.7595877834863223,0.9052515801539579,0.1857707509881423,0.5238301559792028,0.575,95.0,100.0,4242,1142,1563,6,3,0,0.0014144271570014145,0.002626970227670753,0.0,0.4,0.8,0.2,0.7000000000000001,25.0,35.0,30.0,0.9,0.6000000000000001,0.2,0.7000000000000001,35.0,20.0,35.0,3928,3918,10,3928,0.0025458248472505093,0.31771121162178956,0.5,0.6354224232435791,730,0.18631955079122,1.0,1
"iteration_4","SCOPE_DATA_COLLECTION",600,6,430.0,490.0,1,3787,2314,846,3910,2334,797,3795,2308,840,2,2,5,5.267316302343956E-4,8.658008658008658E-4,0.005917159763313609,0.31666918048801684,0.7595877834863223,1.3578773702309368,0.6333383609760337,0.7595877834863223,0.9052515801539579,0.1857707509881423,0.5238301559792028,0.575,95.0,100.0,4242,1142,1563,6,3,0,0.0014144271570014145,0.002626970227670753,0.0,0.4,0.8,0.2,0.7000000000000001,25.0,35.0,30.0,0.9,0.6000000000000001,0.2,0.7000000000000001,35.0,20.0,35.0,2264,2261,3,2264,0.001325088339222615,0.7598255594030241,1.0,0.7598255594030241,1170,0.5174701459531181,1.0,1
"iteration_4","SCOPE_DATA_COLLECTION",600,6,430.0,490.0,2,3787,2314,846,3910,2334,797,3795,2308,840,2,2,5,5.267316302343956E-4,8.658008658008658E-4,0.005917159763313609,0.31666918048801684,0.7595877834863223,1.3578773702309368,0.6333383609760337,0.7595877834863223,0.9052515801539579,0.1857707509881423,0.5238301559792028,0.575,95.0,100.0,4242,1142,1563,6,3,0,0.0014144271570014145,0.002626970227670753,0.0,0.4,0.8,0.2,0.7000000000000001,25.0,35.0,30.0,0.9,0.6000000000000001,0.2,0.7000000000000001,35.0,20.0,35.0,809,806,3,809,0.003708281829419036,1.4458079457460138,1.5,0.9638719638306759,496,0.6153846153846154,1.0,1
"iteration_4","SCOPE_DATA_COLLECTION",600,7,490.0,550.0,0,3928,2264,809,3787,2314,846,3915,2255,801,10,2,3,0.0025477707006369425,8.861320336730173E-4,0.0037313432835820895,0.3173591999013384,0.7576934794595905,1.4414658317255116,0.6347183998026767,0.7576934794595905,0.960977221150341,0.18569604086845465,0.5170731707317073,0.6142322097378277,95.0,100.0,4263,2486,252,11,4,0,0.0025803424818203143,0.0016090104585679806,0.0,0.9,0.6000000000000001,0.2,0.7000000000000001,35.0,20.0,35.0,0.9500000000000001,0.7000000000000001,0.2,0.7000000000000001,35.0,20.0,35.0,3949,3946,3,3949,7.596859964547987E-4,0.32515795480787274,0.5,0.6503159096157455,815,0.2065382665990877,1.0,1
"iteration_4","SCOPE_DATA_COLLECTION",600,7,490.0,550.0,1,3928,2264,809,3787,2314,846,3915,2255,801,10,2,3,0.0025477707006369425,8.861320336730173E-4,0.0037313432835820895,0.3173591999013384,0.7576934794595905,1.4414658317255116,0.6347183998026767,0.7576934794595905,0.960977221150341,0.18569604086845465,0.5170731707317073,0.6142322097378277,95.0,100.0,4263,2486,252,11,4,0,0.0025803424818203143,0.0016090104585679806,0.0,0.9,0.6000000000000001,0.2,0.7000000000000001,35.0,20.0,35.0,0.9500000000000001,0.7000000000000001,0.2,0.7000000000000001,35.0,20.0,35.0,2311,2305,6,2311,0.0025962786672436176,0.7586804227064835,1.0,0.7586804227064835,1199,0.5201735357917571,1.0,1
"iteration_4","SCOPE_DATA_COLLECTION",600,7,490.0,550.0,2,3928,2264,809,3787,2314,846,3915,2255,801,10,2,3,0.0025477707006369425,8.861320336730173E-4,0.0037313432835820895,0.3173591999013384,0.7576934794595905,1.4414658317255116,0.6347183998026767,0.7576934794595905,0.960977221150341,0.18569604086845465,0.5170731707317073,0.6142322097378277,95.0,100.0,4263,2486,252,11,4,0,0.0025803424818203143,0.0016090104585679806,0.0,0.9,0.6000000000000001,0.2,0.7000000000000001,35.0,20.0,35.0,0.9500000000000001,0.7000000000000001,0.2,0.7000000000000001,35.0,20.0,35.0,846,843,3,846,0.0035460992907801418,1.3862628213574841,1.5,0.9241752142383227,492,0.5836298932384342,1.0,1
"iteration_4","SCOPE_DATA_COLLECTION",600,8,550.0,610.0,0,3949,2311,846,3928,2264,809,3946,2309,843,3,7,3,7.596859964547987E-4,0.0030224525043177895,0.0035460992907801418,0.324338530027978,0.7611875844703375,1.3814589788646694,0.648677060055956,0.7611875844703375,0.9209726525764462,0.20552458185504308,0.5223040277176266,0.5800711743772242,100.0,100.0,4285,2670,151,7,6,0,0.001633605600933489,0.0022471910112359553,0.0,0.9500000000000001,0.7000000000000001,0.2,0.7000000000000001,35.0,20.0,35.0,0.9500000000000001,0.8,0.30000000000000004,0.6000000000000001,25.0,20.0,25.0,3922,3918,4,3922,0.0010198878123406426,0.32113086873692953,0.5,0.6422617374738591,859,0.2192445125063808,1.0,1
"iteration_4","SCOPE_DATA_COLLECTION",600,8,550.0,610.0,1,3949,2311,846,3928,2264,809,3946,2309,843,3,7,3,7.596859964547987E-4,0.0030224525043177895,0.0035460992907801418,0.324338530027978,0.7611875844703375,1.3814589788646694,0.648677060055956,0.7611875844703375,0.9209726525764462,0.20552458185504308,0.5223040277176266,0.5800711743772242,100.0,100.0,4285,2670,151,7,6,0,0.001633605600933489,0.0022471910112359553,0.0,0.9500000000000001,0.7000000000000001,0.2,0.7000000000000001,35.0,20.0,35.0,0.9500000000000001,0.8,0.30000000000000004,0.6000000000000001,25.0,20.0,25.0,2387,2383,4,2387,0.0016757436112274822,0.7408421803419795,1.0,0.7408421803419795,1188,0.4985312631137222,1.0,1
"iteration_4","SCOPE_DATA_COLLECTION",600,8,550.0,610.0,2,3949,2311,846,3928,2264,809,3946,2309,843,3,7,3,7.596859964547987E-4,0.0030224525043177895,0.0035460992907801418,0.324338530027978,0.7611875844703375,1.3814589788646694,0.648677060055956,0.7611875844703375,0.9209726525764462,0.20552458185504308,0.5223040277176266,0.5800711743772242,100.0,100.0,4285,2670,151,7,6,0,0.001633605600933489,0.0022471910112359553,0.0,0.9500000000000001,0.7000000000000001,0.2,0.7000000000000001,35.0,20.0,35.0,0.9500000000000001,0.8,0.30000000000000004,0.6000000000000001,25.0,20.0,25.0,892,888,4,892,0.004484304932735426,1.4057402201677833,1.5,0.9371601467785222,522,0.5878378378378378,1.0,1
"iteration_4","SCOPE_DATA_COLLECTION",600,9,610.0,670.0,0,3922,2387,892,3949,2311,846,3907,2382,899,4,3,4,0.0010227563283047815,0.0012578616352201257,0.004429678848283499,0.32106190194722356,0.7398545509912937,1.4147706962926951,0.6421238038944471,0.7398545509912937,0.9431804641951301,0.21909393396467877,0.49622166246851385,0.592880978865406,97.5,100.0,4192,2872,137,9,2,0,0.0021469465648854963,6.963788300835655E-4,0.0,0.9500000000000001,0.8,0.30000000000000004,0.6000000000000001,25.0,20.0,25.0,0.8,0.6000000000000001,0.8,0.5,60.0,50.0,95.0,3872,3865,7,3872,0.0018078512396694215,0.32302082659820053,0.5,0.6460416531964011,706,0.18266494178525228,1.0,1
"iteration_4","SCOPE_DATA_COLLECTION",600,9,610.0,670.0,1,3922,2387,892,3949,2311,846,3907,2382,899,4,3,4,0.0010227563283047815,0.0012578616352201257,0.004429678848283499,0.32106190194722356,0.7398545509912937,1.4147706962926951,0.6421238038944471,0.7398545509912937,0.9431804641951301,0.21909393396467877,0.49622166246851385,0.592880978865406,97.5,100.0,4192,2872,137,9,2,0,0.0021469465648854963,6.963788300835655E-4,0.0,0.9500000000000001,0.8,0.30000000000000004,0.6000000000000001,25.0,20.0,25.0,0.8,0.6000000000000001,0.8,0.5,60.0,50.0,95.0,2325,2323,2,2325,8.602150537634409E-4,0.7809387538892487,1.0,0.7809387538892487,1226,0.5277658200602668,1.0,1
"iteration_4","SCOPE_DATA_COLLECTION",600,9,610.0,670.0,2,3922,2387,892,3949,2311,846,3907,2382,899,4,3,4,0.0010227563283047815,0.0012578616352201257,0.004429678848283499,0.32106190194722356,0.7398545509912937,1.4147706962926951,0.6421238038944471,0.7398545509912937,0.9431804641951301,0.21909393396467877,0.49622166246851385,0.592880978865406,97.5,100.0,4192,2872,137,9,2,0,0.0021469465648854963,6.963788300835655E-4,0.0,0.9500000000000001,0.8,0.30000000000000004,0.6000000000000001,25.0,20.0,25.0,0.8,0.6000000000000001,0.8,0.5,60.0,50.0,95.0,821,816,5,821,0.0060901339829476245,1.4062360998546826,1.5,0.937490733236455,484,0.5931372549019608,1.0,1
"iteration_4","SCOPE_DATA_COLLECTION",600,10,670.0,730.0,0,3872,2325,821,3922,2387,892,3876,2321,803,7,3,5,0.0018027298480556271,0.0012908777969018934,0.006188118811881188,0.3240157595753516,0.7805181913008351,1.4012274989416067,0.6480315191507032,0.7805181913008351,0.9341516659610711,0.18395252837977297,0.5290822921154674,0.5902864259028643,97.5,100.0,4315,2166,537,14,1,0,0.0032444959443800694,4.616805170821791E-4,0.0,0.8,0.6000000000000001,0.8,0.5,60.0,50.0,95.0,0.25,0.2,0.30000000000000004,0.2,80.0,70.0,80.0,3793,3787,6,3793,0.0015818613234906407,0.31101572114452314,0.5,0.6220314422890463,605,0.15975706363876419,1.0,1
"iteration_4","SCOPE_DATA_COLLECTION",600,10,670.0,730.0,1,3872,2325,821,3922,2387,892,3876,2321,803,7,3,5,0.0018027298480556271,0.0012908777969018934,0.006188118811881188,0.3240157595753516,0.7805181913008351,1.4012274989416067,0.6480315191507032,0.7805181913008351,0.9341516659610711,0.18395252837977297,0.5290822921154674,0.5902864259028643,97.5,100.0,4315,2166,537,14,1,0,0.0032444959443800694,4.616805170821791E-4,0.0,0.8,0.6000000000000001,0.8,0.5,60.0,50.0,95.0,0.25,0.2,0.30000000000000004,0.2,80.0,70.0,80.0,2324,2323,1,2324,4.302925989672978E-4,0.7667354560570259,1.0,0.7667354560570259,1244,0.5355144210073182,1.0,1
"iteration_4","SCOPE_DATA_COLLECTION",600,10,670.0,730.0,2,3872,2325,821,3922,2387,892,3876,2321,803,7,3,5,0.0018027298480556271,0.0012908777969018934,0.006188118811881188,0.3240157595753516,0.7805181913008351,1.4012274989416067,0.6480315191507032,0.7805181913008351,0.9341516659610711,0.18395252837977297,0.5290822921154674,0.5902864259028643,97.5,100.0,4315,2166,537,14,1,0,0.0032444959443800694,4.616805170821791E-4,0.0,0.8,0.6000000000000001,0.8,0.5,60.0,50.0,95.0,0.25,0.2,0.30000000000000004,0.2,80.0,70.0,80.0,833,832,1,833,0.0012004801920768306,1.3958595266343063,1.5,0.9305730177562043,501,0.6021634615384616,1.0,1
"iteration_4","SCOPE_DATA_COLLECTION",600,11,730.0,790.0,0,3793,2324,833,3872,2325,821,3788,2333,838,6,1,1,0.0015814443858724301,4.284490145672665E-4,0.0011918951132300357,0.3110666422430618,0.7682680853221453,1.3998997836158866,0.6221332844861236,0.7682680853221453,0.933266522410591,0.15997888067581836,0.5357908272610373,0.60381861575179,97.5,100.0,4315,684,1951,7,1,0,0.0016222479721900347,0.0014619883040935672,0.0,0.25,0.2,0.30000000000000004,0.2,80.0,70.0,80.0,0.25,0.30000000000000004,0.30000000000000004,0.30000000000000004,80.0,80.0,70.0,3853,3849,4,3853,0.0010381520892810796,0.3118868890661738,0.5,0.6237737781323476,761,0.19771369186801765,1.0,1
"iteration_4","SCOPE_DATA_COLLECTION",600,11,730.0,790.0,1,3793,2324,833,3872,2325,821,3788,2333,838,6,1,1,0.0015814443858724301,4.284490145672665E-4,0.0011918951132300357,0.3110666422430618,0.7682680853221453,1.3998997836158866,0.6221332844861236,0.7682680853221453,0.933266522410591,0.15997888067581836,0.5357908272610373,0.60381861575179,97.5,100.0,4315,684,1951,7,1,0,0.0016222479721900347,0.0014619883040935672,0.0,0.25,0.2,0.30000000000000004,0.2,80.0,70.0,80.0,0.25,0.30000000000000004,0.30000000000000004,0.30000000000000004,80.0,80.0,70.0,2411,2407,4,2411,0.0016590626296142678,0.7461570797969972,1.0,0.7461570797969972,1218,0.5060240963855421,1.0,1
"iteration_4","SCOPE_DATA_COLLECTION",600,11,730.0,790.0,2,3793,2324,833,3872,2325,821,3788,2333,838,6,1,1,0.0015814443858724301,4.284490145672665E-4,0.0011918951132300357,0.3110666422430618,0.7682680853221453,1.3998997836158866,0.6221332844861236,0.7682680853221453,0.933266522410591,0.15997888067581836,0.5357908272610373,0.60381861575179,97.5,100.0,4315,684,1951,7,1,0,0.0016222479721900347,0.0014619883040935672,0.0,0.25,0.2,0.30000000000000004,0.2,80.0,70.0,80.0,0.25,0.30000000000000004,0.30000000000000004,0.30000000000000004,80.0,80.0,70.0,858,856,2,858,0.002331002331002331,1.4479120879211609,1.5,0.965274725280774,531,0.6203271028037384,1.0,1
"iteration_4","SCOPE_DATA_COLLECTION",600,12,790.0,850.0,0,3853,2411,858,3793,2324,833,3848,2396,855,4,4,2,0.0010384215991692627,0.0016666666666666668,0.002333722287047841,0.312108536241727,0.7456734929899049,1.4435933800791534,0.624217072483454,0.7456734929899049,0.9623955867194356,0.19776507276507277,0.5054257095158597,0.6187134502923977,100.0,100.0,4225,723,2174,10,0,0,0.002366863905325444,0.0,0.0,0.25,0.30000000000000004,0.30000000000000004,0.30000000000000004,80.0,80.0,70.0,0.25,0.30000000000000004,0.2,0.30000000000000004,80.0,80.0,80.0,3799,3797,2,3799,5.264543300868649E-4,0.30940942064546517,0.5,0.6188188412909303,638,0.16802739004477218,1.0,1
"iteration_4","SCOPE_DATA_COLLECTION",600,12,790.0,850.0,1,3853,2411,858,3793,2324,833,3848,2396,855,4,4,2,0.0010384215991692627,0.0016666666666666668,0.002333722287047841,0.312108536241727,0.7456734929899049,1.4435933800791534,0.624217072483454,0.7456734929899049,0.9623955867194356,0.19776507276507277,0.5054257095158597,0.6187134502923977,100.0,100.0,4225,723,2174,10,0,0,0.002366863905325444,0.0,0.0,0.25,0.30000000000000004,0.30000000000000004,0.30000000000000004,80.0,80.0,70.0,0.25,0.30000000000000004,0.2,0.30000000000000004,80.0,80.0,80.0,2335,2335,0,2335,0.0,0.7463100909439757,1.0,0.7463100909439757,1203,0.515203426124197,1.0,1
"iteration_4","SCOPE_DATA_COLLECTION",600,12,790.0,850.0,2,3853,2411,858,3793,2324,833,3848,2396,855,4,4,2,0.0010384215991692627,0.0016666666666666668,0.002333722287047841,0.312108536241727,0.7456734929899049,1.4435933800791534,0.624217072483454,0.7456734929899049,0.9623955867194356,0.19776507276507277,0.5054257095158597,0.6187134502923977,100.0,100.0,4225,723,2174,10,0,0,0.002366863905325444,0.0,0.0,0.25,0.30000000000000004,0.30000000000000004,0.30000000000000004,80.0,80.0,70.0,0.25,0.30000000000000004,0.2,0.30000000000000004,80.0,80.0,80.0,838,838,0,838,0.0,1.4429347740878997,1.5,0.9619565160585998,525,0.6264916467780429,1.0,1
"iteration_4","SCOPE_DATA_COLLECTION",600,13,850.0,910.0,0,3799,2335,838,3853,2411,858,3803,2333,842,2,0,0,5.256241787122207E-4,0.0,0.0,0.30973093898987636,0.7444965950595758,1.4536221674747827,0.6194618779797527,0.7444965950595758,0.9690814449831885,0.16933999474099395,0.5122160308615517,0.6318289786223278,100.0,100.0,4225,676,2071,2,0,0,4.7337278106508875E-4,0.0,0.0,0.25,0.30000000000000004,0.2,0.30000000000000004,80.0,80.0,80.0,0.25,0.30000000000000004,0.2,0.30000000000000004,80.0,80.0,80.0,4016,4015,1,4016,2.49003984063745E-4,0.3244832793946367,0.5,0.6489665587892735,872,0.21718555417185553,1.0,1
"iteration_4","SCOPE_DATA_COLLECTION",600,13,850.0,910.0,1,3799,2335,838,3853,2411,858,3803,2333,842,2,0,0,5.256241787122207E-4,0.0,0.0,0.30973093898987636,0.7444965950595758,1.4536221674747827,0.6194618779797527,0.7444965950595758,0.9690814449831885,0.16933999474099395,0.5122160308615517,0.6318289786223278,100.0,100.0,4225,676,2071,2,0,0,4.7337278106508875E-4,0.0,0.0,0.25,0.30000000000000004,0.2,0.30000000000000004,80.0,80.0,80.0,0.25,0.30000000000000004,0.2,0.30000000000000004,80.0,80.0,80.0,2408,2407,1,2408,4.152823920265781E-4,0.7569375149866551,1.0,0.7569375149866551,1281,0.5321977565434151,1.0,1
"iteration_4","SCOPE_DATA_COLLECTION",600,13,850.0,910.0,2,3799,2335,838,3853,2411,858,3803,2333,842,2,0,0,5.256241787122207E-4,0.0,0.0,0.30973093898987636,0.7444965950595758,1.4536221674747827,0.6194618779797527,0.7444965950595758,0.9690814449831885,0.16933999474099395,0.5122160308615517,0.6318289786223278,100.0,100.0,4225,676,2071,2,0,0,4.7337278106508875E-4,0.0,0.0,0.25,0.30000000000000004,0.2,0.30000000000000004,80.0,80.0,80.0,0.25,0.30000000000000004,0.2,0.30000000000000004,80.0,80.0,80.0,829,826,3,829,0.0036188178528347406,1.4181770255612345,1.5,0.9454513503741563,502,0.6077481840193705,1.0,1
"iteration_4","SCOPE_DATA_COLLECTION",600,14,910.0,970.0,0,4016,2408,829,3799,2335,838,3992,2415,823,1,1,3,2.5043826696719256E-4,4.139072847682119E-4,0.0036319612590799033,0.3228042847795894,0.7573764552631752,1.4106192915805267,0.6456085695591788,0.7573764552631752,0.9404128610536845,0.21442885771543085,0.5320910973084886,0.6038882138517618,97.5,100.0,4462,708,2083,5,0,0,0.0011205737337516809,0.0,0.0,0.25,0.30000000000000004,0.2,0.30000000000000004,80.0,80.0,80.0,0.6000000000000001,0.7000000000000001,0.5,0.4,75.0,95.0,60.0,3816,3813,3,3816,7.861635220125787E-4,0.3185848041158427,0.5,0.6371696082316854,740,0.19407290847102018,1.0,1
"iteration_4","SCOPE_DATA_COLLECTION",600,14,910.0,970.0,1,4016,2408,829,3799,2335,838,3992,2415,823,1,1,3,2.5043826696719256E-4,4.139072847682119E-4,0.0036319612590799033,0.3228042847795894,0.7573764552631752,1.4106192915805267,0.6456085695591788,0.7573764552631752,0.9404128610536845,0.21442885771543085,0.5320910973084886,0.6038882138517618,97.5,100.0,4462,708,2083,5,0,0,0.0011205737337516809,0.0,0.0,0.25,0.30000000000000004,0.2,0.30000000000000004,80.0,80.0,80.0,0.6000000000000001,0.7000000000000001,0.5,0.4,75.0,95.0,60.0,2302,2299,3,2302,0.0013032145960034753,0.7809719654508059,1.0,0.7809719654508059,1229,0.5345802522836016,1.0,1
"iteration_4","SCOPE_DATA_COLLECTION",600,14,910.0,970.0,2,4016,2408,829,3799,2335,838,3992,2415,823,1,1,3,2.5043826696719256E-4,4.139072847682119E-4,0.0036319612590799033,0.3228042847795894,0.7573764552631752,1.4106192915805267,0.6456085695591788,0.7573764552631752,0.9404128610536845,0.21442885771543085,0.5320910973084886,0.6038882138517618,97.5,100.0,4462,708,2083,5,0,0,0.0011205737337516809,0.0,0.0,0.25,0.30000000000000004,0.2,0.30000000000000004,80.0,80.0,80.0,0.6000000000000001,0.7000000000000001,0.5,0.4,75.0,95.0,60.0,826,825,1,826,0.0012106537530266344,1.4452383206659811,1.5,0.9634922137773207,510,0.6181818181818182,1.0,1
"iteration_4","SCOPE_DATA_COLLECTION",600,15,970.0,1030.0,0,3816,2302,826,4016,2408,829,3824,2310,822,3,3,1,7.839038411288215E-4,0.0012970168612191958,0.001215066828675577,0.3193578761678119,0.7834043199923542,1.4444167552267035,0.6387157523356238,0.7834043199923542,0.962944503484469,0.19586820083682008,0.5367965367965368,0.6180048661800487,90.0,100.0,4218,1623,1103,7,0,0,0.0016595542911332385,0.0,0.0,0.6000000000000001,0.7000000000000001,0.5,0.4,75.0,95.0,60.0,0.5,0.8,0.6000000000000001,0.5,75.0,95.0,50.0,3902,3899,3,3902,7.688364941055869E-4,0.31819471637793095,0.5,0.6363894327558619,866,0.2221082328802257,1.0,1
"iteration_4","SCOPE_DATA_COLLECTION",600,15,970.0,1030.0,1,3816,2302,826,4016,2408,829,3824,2310,822,3,3,1,7.839038411288215E-4,0.0012970168612191958,0.001215066828675577,0.3193578761678119,0.7834043199923542,1.4444167552267035,0.6387157523356238,0.7834043199923542,0.962944503484469,0.19586820083682008,0.5367965367965368,0.6180048661800487,90.0,100.0,4218,1623,1103,7,0,0,0.0016595542911332385,0.0,0.0,0.6000000000000001,0.7000000000000001,0.5,0.4,75.0,95.0,60.0,0.5,0.8,0.6000000000000001,0.5,75.0,95.0,50.0,2377,2374,3,2377,0.0012620950778291964,0.771575678463903,1.0,0.771575678463903,1218,0.5130581297388374,1.0,1
"iteration_4","SCOPE_DATA_COLLECTION",600,15,970.0,1030.0,2,3816,2302,826,4016,2408,829,3824,2310,822,3,3,1,7.839038411288215E-4,0.0012970168612191958,0.001215066828675577,0.3193578761678119,0.7834043199923542,1.4444167552267035,0.6387157523356238,0.7834043199923542,0.962944503484469,0.19586820083682008,0.5367965367965368,0.6180048661800487,90.0,100.0,4218,1623,1103,7,0,0,0.0016595542911332385,0.0,0.0,0.6000000000000001,0.7000000000000001,0.5,0.4,75.0,95.0,60.0,0.5,0.8,0.6000000000000001,0.5,75.0,95.0,50.0,862,859,3,862,0.0034802784222737818,1.442580943625235,1.5,0.96172062908349,530,0.6169965075669382,1.0,1
"iteration_4","SCOPE_DATA_COLLECTION",600,16,1030.0,1090.0,0,3902,2377,862,3816,2302,826,3903,2359,864,3,3,3,7.680491551459293E-4,0.0012701100762066045,0.0034602076124567475,0.31808803268172153,0.7685847725344329,1.439209791910598,0.6361760653634431,0.7685847725344329,0.9594731946070653,0.2216243914937228,0.5125052988554473,0.6157407407407407,95.0,100.0,4208,1481,1452,8,1,0,0.0019011406844106464,6.752194463200541E-4,0.0,0.5,0.8,0.6000000000000001,0.5,75.0,95.0,50.0,0.4,0.9,0.7000000000000001,0.4,65.0,95.0,50.0,3948,3944,4,3948,0.0010131712259371835,0.32318362875968426,0.5,0.6463672575193685,898,0.22768762677484786,1.0,1
"iteration_4","SCOPE_DATA_COLLECTION",600,16,1030.0,1090.0,1,3902,2377,862,3816,2302,826,3903,2359,864,3,3,3,7.680491551459293E-4,0.0012701100762066045,0.0034602076124567475,0.31808803268172153,0.7685847725344329,1.439209791910598,0.6361760653634431,0.7685847725344329,0.9594731946070653,0.2216243914937228,0.5125052988554473,0.6157407407407407,95.0,100.0,4208,1481,1452,8,1,0,0.0019011406844106464,6.752194463200541E-4,0.0,0.5,0.8,0.6000000000000001,0.5,75.0,95.0,50.0,0.4,0.9,0.7000000000000001,0.4,65.0,95.0,50.0,2332,2327,5,2332,0.002144082332761578,0.7724192481673078,1.0,0.7724192481673078,1211,0.5204125483455092,1.0,1
"iteration_4","SCOPE_DATA_COLLECTION",600,16,1030.0,1090.0,2,3902,2377,862,3816,2302,826,3903,2359,864,3,3,3,7.680491551459293E-4,0.0012701100762066045,0.0034602076124567475,0.31808803268172153,0.7685847725344329,1.439209791910598,0.6361760653634431,0.7685847725344329,0.9594731946070653,0.2216243914937228,0.5125052988554473,0.6157407407407407,95.0,100.0,4208,1481,1452,8,1,0,0.0019011406844106464,6.752194463200541E-4,0.0,0.5,0.8,0.6000000000000001,0.5,75.0,95.0,50.0,0.4,0.9,0.7000000000000001,0.4,65.0,95.0,50.0,867,863,4,867,0.00461361014994233,1.3944422237773564,1.5,0.9296281491849042,509,0.589803012746234,1.0,1
"iteration_4","SCOPE_DATA_COLLECTION",600,17,1090.0,1150.0,0,3948,2332,867,3902,2377,862,3941,2333,864,4,5,4,0.0010139416983523447,0.00213857998289136,0.004608294930875576,0.3230819271641183,0.7740525758357144,1.3985753170467532,0.6461638543282366,0.7740525758357144,0.9323835446978355,0.22659223547323015,0.5203600514359195,0.5914351851851852,95.0,100.0,4253,1250,1644,12,1,0,0.0028215377380672465,8.0E-4,0.0,0.4,0.9,0.7000000000000001,0.4,65.0,95.0,50.0,0.25,0.8,0.5,0.4,70.0,20.0,40.0,3939,3937,2,3939,5.077430820005078E-4,0.3203698063636723,0.5,0.6407396127273446,844,0.2143764287528575,1.0,1
"iteration_4","SCOPE_DATA_COLLECTION",600,17,1090.0,1150.0,1,3948,2332,867,3902,2377,862,3941,2333,864,4,5,4,0.0010139416983523447,0.00213857998289136,0.004608294930875576,0.3230819271641183,0.7740525758357144,1.3985753170467532,0.6461638543282366,0.7740525758357144,0.9323835446978355,0.22659223547323015,0.5203600514359195,0.5914351851851852,95.0,100.0,4253,1250,1644,12,1,0,0.0028215377380672465,8.0E-4,0.0,0.4,0.9,0.7000000000000001,0.4,65.0,95.0,50.0,0.25,0.8,0.5,0.4,70.0,20.0,40.0,2290,2289,1,2290,4.366812227074236E-4,0.7674736137771504,1.0,0.7674736137771504,1205,0.5264307557885539,1.0,1
"iteration_4","SCOPE_DATA_COLLECTION",600,17,1090.0,1150.0,2,3948,2332,867,3902,2377,862,3941,2333,864,4,5,4,0.0010139416983523447,0.00213857998289136,0.004608294930875576,0.3230819271641183,0.7740525758357144,1.3985753170467532,0.6461638543282366,0.7740525758357144,0.9323835446978355,0.22659223547323015,0.5203600514359195,0.5914351851851852,95.0,100.0,4253,1250,1644,12,1,0,0.0028215377380672465,8.0E-4,0.0,0.4,0.9,0.7000000000000001,0.4,65.0,95.0,50.0,0.25,0.8,0.5,0.4,70.0,20.0,40.0,852,849,3,852,0.0035211267605633804,1.4345414819926927,1.5,0.9563609879951285,519,0.6113074204946997,1.0,1
"iteration_4","SCOPE_DATA_COLLECTION",600,18,1150.0,1210.0,0,3939,2290,852,3948,2332,867,3941,2294,843,2,1,3,5.07227998985544E-4,4.3572984749455336E-4,0.0035460992907801418,0.32119561288613874,0.767994148564556,1.4298741106958899,0.6423912257722775,0.767994148564556,0.9532494071305933,0.21644252727734078,0.5274629468177855,0.608540925266904,100.0,100.0,4261,744,2076,6,0,0,0.0014081201595869514,0.0,0.0,0.25,0.8,0.5,0.4,70.0,20.0,40.0,0.15000000000000002,0.7000000000000001,0.5,0.5,80.0,20.0,50.0,3842,3842,0,3842,0.0,0.32190380023564696,0.5,0.6438076004712939,725,0.18870380010411245,1.0,1
"iteration_4","SCOPE_DATA_COLLECTION",600,18,1150.0,1210.0,1,3939,2290,852,3948,2332,867,3941,2294,843,2,1,3,5.07227998985544E-4,4.3572984749455336E-4,0.0035460992907801418,0.32119561288613874,0.767994148564556,1.4298741106958899,0.6423912257722775,0.767994148564556,0.9532494071305933,0.21644252727734078,0.5274629468177855,0.608540925266904,100.0,100.0,4261,744,2076,6,0,0,0.0014081201595869514,0.0,0.0,0.25,0.8,0.5,0.4,70.0,20.0,40.0,0.15000000000000002,0.7000000000000001,0.5,0.5,80.0,20.0,50.0,2355,2349,6,2355,0.0025477707006369425,0.770387416048275,1.0,0.770387416048275,1212,0.5159642401021711,1.0,1
"iteration_4","SCOPE_DATA_COLLECTION",600,18,1150.0,1210.0,2,3939,2290,852,3948,2332,867,3941,2294,843,2,1,3,5.07227998985544E-4,4.3572984749455336E-4,0.0035460992907801418,0.32119561288613874,0.767994148564556,1.4298741106958899,0.6423912257722775,0.767994148564556,0.9532494071305933,0.21644252727734078,0.5274629468177855,0.608540925266904,100.0,100.0,4261,744,2076,6,0,0,0.0014081201595869514,0.0,0.0,0.25,0.8,0.5,0.4,70.0,20.0,40.0,0.15000000000000002,0.7000000000000001,0.5,0.5,80.0,20.0,50.0,808,803,5,808,0.006188118811881188,1.4180008067458936,1.5,0.9453338711639291,483,0.6014943960149439,1.0,1
"iteration_4","SCOPE_DATA_COLLECTION",600,19,1210.0,1270.0,0,3842,2355,808,3939,2290,852,3834,2346,802,0,6,5,0.0,0.002551020408163265,0.006195786864931847,0.3205475672300186,0.770541041309513,1.4164492902661459,0.6410951344600372,0.770541041309513,0.9442995268440972,0.18596765779864372,0.5166240409207161,0.600997506234414,97.5,100.0,4282,431,2292,11,0,0,0.002568893040635217,0.0,0.0,0.15000000000000002,0.7000000000000001,0.5,0.5,80.0,20.0,50.0,0.1,0.6000000000000001,0.5,0.1,50.0,20.0,95.0,3990,3986,4,3990,0.0010025062656641604,0.3233030092878123,0.5,0.6466060185756246,824,0.20672353236327146,1.0,1
"iteration_4","SCOPE_DATA_COLLECTION",600,19,1210.0,1270.0,1,3842,2355,808,3939,2290,852,3834,2346,802,0,6,5,0.0,0.002551020408163265,0.006195786864931847,0.3205475672300186,0.770541041309513,1.4164492902661459,0.6410951344600372,0.770541041309513,0.9442995268440972,0.18596765779864372,0.5166240409207161,0.600997506234414,97.5,100.0,4282,431,2292,11,0,0,0.002568893040635217,0.0,0.0,0.15000000000000002,0.7000000000000001,0.5,0.5,80.0,20.0,50.0,0.1,0.6000000000000001,0.5,0.1,50.0,20.0,95.0,2358,2356,2,2358,8.481764206955047E-4,0.7776425133238584,1.0,0.7776425133238584,1243,0.5275891341256367,1.0,1
"iteration_4","SCOPE_DATA_COLLECTION",600,19,1210.0,1270.0,2,3842,2355,808,3939,2290,852,3834,2346,802,0,6,5,0.0,0.002551020408163265,0.006195786864931847,0.3205475672300186,0.770541041309513,1.4164492902661459,0.6410951344600372,0.770541041309513,0.9442995268440972,0.18596765779864372,0.5166240409207161,0.600997506234414,97.5,100.0,4282,431,2292,11,0,0,0.002568893040635217,0.0,0.0,0.15000000000000002,0.7000000000000001,0.5,0.5,80.0,20.0,50.0,0.1,0.6000000000000001,0.5,0.1,50.0,20.0,95.0,818,818,0,818,0.0,1.3932059109087644,1.5,0.9288039406058429,492,0.6014669926650367,1.0,1
"iteration_4","SCOPE_DATA_COLLECTION",600,20,1270.0,1330.0,0,3990,2358,818,3842,2355,808,3999,2349,825,4,2,0,9.992505620784412E-4,8.507018290089324E-4,0.0,0.324617510260925,0.7772746354921809,1.4058506438427136,0.64923502052185,0.7772746354921809,0.9372337625618091,0.20855213803450862,0.5257556406981694,0.6072727272727273,97.5,100.0,4280,314,2572,6,0,0,0.0014018691588785046,0.0,0.0,0.1,0.6000000000000001,0.5,0.1,50.0,20.0,95.0,0.1,0.6000000000000001,0.6000000000000001,0.2,40.0,20.0,85.0,3969,3950,19,3969,0.004787100025195263,0.3126882263281299,0.5,0.6253764526562599,741,0.18759493670886077,1.0,1
"iteration_4","SCOPE_DATA_COLLECTION",600,20,1270.0,1330.0,1,3990,2358,818,3842,2355,808,3999,2349,825,4,2,0,9.992505620784412E-4,8.507018290089324E-4,0.0,0.324617510260925,0.7772746354921809,1.4058506438427136,0.64923502052185,0.7772746354921809,0.9372337625618091,0.20855213803450862,0.5257556406981694,0.6072727272727273,97.5,100.0,4280,314,2572,6,0,0,0.0014018691588785046,0.0,0.0,0.1,0.6000000000000001,0.5,0.1,50.0,20.0,95.0,0.1,0.6000000000000001,0.6000000000000001,0.2,40.0,20.0,85.0,2277,2268,9,2277,0.003952569169960474,0.7789439999907543,1.0,0.7789439999907543,1197,0.5277777777777778,1.0,1
"iteration_4","SCOPE_DATA_COLLECTION",600,20,1270.0,1330.0,2,3990,2358,818,3842,2355,808,3999,2349,825,4,2,0,9.992505620784412E-4,8.507018290089324E-4,0.0,0.324617510260925,0.7772746354921809,1.4058506438427136,0.64923502052185,0.7772746354921809,0.9372337625618091,0.20855213803450862,0.5257556406981694,0.6072727272727273,97.5,100.0,4280,314,2572,6,0,0,0.0014018691588785046,0.0,0.0,0.1,0.6000000000000001,0.5,0.1,50.0,20.0,95.0,0.1,0.6000000000000001,0.6000000000000001,0.2,40.0,20.0,85.0,893,890,3,893,0.0033594624860022394,1.3659027721236492,1.5,0.9106018480824328,513,0.5764044943820225,1.0,1
"iteration_4","SCOPE_DATA_COLLECTION",600,21,1330.0,1390.0,0,3969,2277,893,3990,2358,818,3940,2264,879,19,9,3,0.004799191715079565,0.003959524857017158,0.003401360544217687,0.31220044842019695,0.7782073838326161,1.370548182789574,0.6244008968403939,0.7782073838326161,0.9136987885263826,0.1865482233502538,0.5273851590106007,0.5790671217292378,100.0,100.0,4198,284,2657,8,0,23,0.0019056693663649356,0.0,0.008656379375235227,0.1,0.6000000000000001,0.6000000000000001,0.2,40.0,20.0,85.0,0.35000000000000003,0.4,0.30000000000000004,0.1,20.0,75.0,50.0,3912,3910,2,3912,5.112474437627812E-4,0.31387374352403175,0.5,0.6277474870480635,752,0.19232736572890025,1.0,1
"iteration_4","SCOPE_DATA_COLLECTION",600,21,1330.0,1390.0,1,3969,2277,893,3990,2358,818,3940,2264,879,19,9,3,0.004799191715079565,0.003959524857017158,0.003401360544217687,0.31220044842019695,0.7782073838326161,1.370548182789574,0.6244008968403939,0.7782073838326161,0.9136987885263826,0.1865482233502538,0.5273851590106007,0.5790671217292378,100.0,100.0,4198,284,2657,8,0,23,0.0019056693663649356,0.0,0.008656379375235227,0.1,0.6000000000000001,0.6000000000000001,0.2,40.0,20.0,85.0,0.35000000000000003,0.4,0.30000000000000004,0.1,20.0,75.0,50.0,2306,2304,2,2306,8.673026886383347E-4,0.7557820548449425,1.0,0.7557820548449425,1197,0.51953125,1.0,1
"iteration_4","SCOPE_DATA_COLLECTION",600,21,1330.0,1390.0,2,3969,2277,893,3990,2358,818,3940,2264,879,19,9,3,0.004799191715079565,0.003959524857017158,0.003401360544217687,0.31220044842019695,0.7782073838326161,1.370548182789574,0.6244008968403939,0.7782073838326161,0.9136987885263826,0.1865482233502538,0.5273851590106007,0.5790671217292378,100.0,100.0,4198,284,2657,8,0,23,0.0019056693663649356,0.0,0.008656379375235227,0.1,0.6000000000000001,0.6000000000000001,0.2,40.0,20.0,85.0,0.35000000000000003,0.4,0.30000000000000004,0.1,20.0,75.0,50.0,847,846,1,847,0.0011806375442739079,1.461311312466446,1.5,0.9742075416442973,544,0.6430260047281324,1.0,1
"iteration_4","SCOPE_DATA_COLLECTION",600,22,1390.0,1450.0,0,3912,2306,847,3969,2277,893,3908,2298,862,2,2,1,5.115089514066496E-4,8.695652173913044E-4,0.0011587485515643105,0.3134239132814357,0.7506917137559188,1.4517763936324621,0.6268478265628714,0.7506917137559188,0.967850929088308,0.19191402251791198,0.5169712793733682,0.6380510440835266,97.5,100.0,4268,1005,1792,5,0,0,0.0011715089034676663,0.0,0.0,0.35000000000000003,0.4,0.30000000000000004,0.1,20.0,75.0,50.0,0.45,0.4,0.2,0.1,30.0,75.0,50.0,3903,3901,2,3903,5.124263387138099E-4,0.30898998459899546,0.5,0.6179799691979909,682,0.17482696744424506,1.0,1
"iteration_4","SCOPE_DATA_COLLECTION",600,22,1390.0,1450.0,1,3912,2306,847,3969,2277,893,3908,2298,862,2,2,1,5.115089514066496E-4,8.695652173913044E-4,0.0011587485515643105,0.3134239132814357,0.7506917137559188,1.4517763936324621,0.6268478265628714,0.7506917137559188,0.967850929088308,0.19191402251791198,0.5169712793733682,0.6380510440835266,97.5,100.0,4268,1005,1792,5,0,0,0.0011715089034676663,0.0,0.0,0.35000000000000003,0.4,0.30000000000000004,0.1,20.0,75.0,50.0,0.45,0.4,0.2,0.1,30.0,75.0,50.0,2269,2266,3,2269,0.0013221683561040105,0.7577131565107791,1.0,0.7577131565107791,1201,0.530008826125331,1.0,1
"iteration_4","SCOPE_DATA_COLLECTION",600,22,1390.0,1450.0,2,3912,2306,847,3969,2277,893,3908,2298,862,2,2,1,5.115089514066496E-4,8.695652173913044E-4,0.0011587485515643105,0.3134239132814357,0.7506917137559188,1.4517763936324621,0.6268478265628714,0.7506917137559188,0.967850929088308,0.19191402251791198,0.5169712793733682,0.6380510440835266,97.5,100.0,4268,1005,1792,5,0,0,0.0011715089034676663,0.0,0.0,0.35000000000000003,0.4,0.30000000000000004,0.1,20.0,75.0,50.0,0.45,0.4,0.2,0.1,30.0,75.0,50.0,825,823,2,825,0.0024242424242424242,1.46746210674298,1.5,0.9783080711619867,529,0.6427703523693803,1.0,1
"iteration_4","SCOPE_DATA_COLLECTION",600,23,1450.0,1510.0,0,3903,2269,825,3912,2306,847,3910,2269,817,2,3,2,5.112474437627812E-4,0.0013204225352112676,0.002442002442002442,0.31002522086419676,0.7624813317361862,1.4651856977972488,0.6200504417283935,0.7624813317361862,0.9767904651981659,0.1772378516624041,0.5319524019391803,0.642594859241126,92.5,100.0,4239,1229,1529,6,1,0,0.0014154281670205238,8.136696501220504E-4,0.0,0.45,0.4,0.2,0.1,30.0,75.0,50.0,0.30000000000000004,0.8,0.9,0.8,50.0,30.0,60.0,3839,3833,6,3839,0.0015629070070330815,0.3147103133092188,0.5,0.6294206266184376,752,0.1961909731280981,1.0,1
"iteration_4","SCOPE_DATA_COLLECTION",600,23,1450.0,1510.0,1,3903,2269,825,3912,2306,847,3910,2269,817,2,3,2,5.112474437627812E-4,0.0013204225352112676,0.002442002442002442,0.31002522086419676,0.7624813317361862,1.4651856977972488,0.6200504417283935,0.7624813317361862,0.9767904651981659,0.1772378516624041,0.5319524019391803,0.642594859241126,92.5,100.0,4239,1229,1529,6,1,0,0.0014154281670205238,8.136696501220504E-4,0.0,0.45,0.4,0.2,0.1,30.0,75.0,50.0,0.30000000000000004,0.8,0.9,0.8,50.0,30.0,60.0,2482,2474,8,2482,0.0032232070910556,0.7769435582505714,1.0,0.7769435582505714,1277,0.5161681487469685,1.0,1
"iteration_4","SCOPE_DATA_COLLECTION",600,23,1450.0,1510.0,2,3903,2269,825,3912,2306,847,3910,2269,817,2,3,2,5.112474437627812E-4,0.0013204225352112676,0.002442002442002442,0.31002522086419676,0.7624813317361862,1.4651856977972488,0.6200504417283935,0.7624813317361862,0.9767904651981659,0.1772378516624041,0.5319524019391803,0.642594859241126,92.5,100.0,4239,1229,1529,6,1,0,0.0014154281670205238,8.136696501220504E-4,0.0,0.45,0.4,0.2,0.1,30.0,75.0,50.0,0.30000000000000004,0.8,0.9,0.8,50.0,30.0,60.0,854,849,5,854,0.00585480093676815,1.411476692160708,1.5,0.940984461440472,501,0.5901060070671378,1.0,1
"iteration_4","SCOPE_DATA_COLLECTION",600,24,1510.0,1570.0,0,3839,2482,854,3903,2269,825,3831,2479,842,6,8,5,0.001563721657544957,0.003216726980297547,0.0059031877213695395,0.31459095302795725,0.7760730673310682,1.4069167868575492,0.6291819060559145,0.7760730673310682,0.9379445245716994,0.19577133907595928,0.5167406212182332,0.5878859857482185,97.5,100.0,4232,931,2012,18,1,0,0.004253308128544423,0.0010741138560687433,0.0,0.30000000000000004,0.8,0.9,0.8,50.0,30.0,60.0,0.4,0.6000000000000001,0.2,0.9,50.0,50.0,40.0,3885,3885,0,3885,0.0,0.3205674443975097,0.5,0.6411348887950195,736,0.18944658944658946,1.0,1
"iteration_4","SCOPE_DATA_COLLECTION",600,24,1510.0,1570.0,1,3839,2482,854,3903,2269,825,3831,2479,842,6,8,5,0.001563721657544957,0.003216726980297547,0.0059031877213695395,0.31459095302795725,0.7760730673310682,1.4069167868575492,0.6291819060559145,0.7760730673310682,0.9379445245716994,0.19577133907595928,0.5167406212182332,0.5878859857482185,97.5,100.0,4232,931,2012,18,1,0,0.004253308128544423,0.0010741138560687433,0.0,0.30000000000000004,0.8,0.9,0.8,50.0,30.0,60.0,0.4,0.6000000000000001,0.2,0.9,50.0,50.0,40.0,2392,2386,6,2392,0.002508361204013378,0.7408957336401794,1.0,0.7408957336401794,1219,0.510896898575021,1.0,1
"iteration_4","SCOPE_DATA_COLLECTION",600,24,1510.0,1570.0,2,3839,2482,854,3903,2269,825,3831,2479,842,6,8,5,0.001563721657544957,0.003216726980297547,0.0059031877213695395,0.31459095302795725,0.7760730673310682,1.4069167868575492,0.6291819060559145,0.7760730673310682,0.9379445245716994,0.19577133907595928,0.5167406212182332,0.5878859857482185,97.5,100.0,4232,931,2012,18,1,0,0.004253308128544423,0.0010741138560687433,0.0,0.30000000000000004,0.8,0.9,0.8,50.0,30.0,60.0,0.4,0.6000000000000001,0.2,0.9,50.0,50.0,40.0,797,796,1,797,0.0012547051442910915,1.4075376753442115,1.5,0.9383584502294743,478,0.6005025125628141,1.0,1
"iteration_4","SCOPE_DATA_COLLECTION",600,25,1570.0,1630.0,0,3885,2392,797,3839,2482,854,3882,2389,799,0,6,1,0.0,0.0025052192066805845,0.00125,0.3199152058989199,0.7418575649329056,1.4113779645768514,0.6398304117978398,0.7418575649329056,0.9409186430512343,0.18778979907264295,0.5119296776894098,0.6020025031289111,100.0,100.0,4314,1146,1614,6,1,0,0.0013908205841446453,8.726003490401396E-4,0.0,0.4,0.6000000000000001,0.2,0.9,50.0,50.0,40.0,0.25,0.4,0.1,0.7000000000000001,50.0,80.0,85.0,3821,3818,3,3821,7.851347814708192E-4,0.32035972480048586,0.5,0.6407194496009717,704,0.18438973284442117,1.0,1
"iteration_4","SCOPE_DATA_COLLECTION",600,25,1570.0,1630.0,1,3885,2392,797,3839,2482,854,3882,2389,799,0,6,1,0.0,0.0025052192066805845,0.00125,0.3199152058989199,0.7418575649329056,1.4113779645768514,0.6398304117978398,0.7418575649329056,0.9409186430512343,0.18778979907264295,0.5119296776894098,0.6020025031289111,100.0,100.0,4314,1146,1614,6,1,0,0.0013908205841446453,8.726003490401396E-4,0.0,0.4,0.6000000000000001,0.2,0.9,50.0,50.0,40.0,0.25,0.4,0.1,0.7000000000000001,50.0,80.0,85.0,2366,2364,2,2366,8.453085376162299E-4,0.7554545009792659,1.0,0.7554545009792659,1264,0.5346869712351946,1.0,1
"iteration_4","SCOPE_DATA_COLLECTION",600,25,1570.0,1630.0,2,3885,2392,797,3839,2482,854,3882,2389,799,0,6,1,0.0,0.0025052192066805845,0.00125,0.3199152058989199,0.7418575649329056,1.4113779645768514,0.6398304117978398,0.7418575649329056,0.9409186430512343,0.18778979907264295,0.5119296776894098,0.6020025031289111,100.0,100.0,4314,1146,1614,6,1,0,0.0013908205841446453,8.726003490401396E-4,0.0,0.4,0.6000000000000001,0.2,0.9,50.0,50.0,40.0,0.25,0.4,0.1,0.7000000000000001,50.0,80.0,85.0,810,806,4,810,0.0049382716049382715,1.4346550787827013,1.5,0.9564367191884675,503,0.6240694789081885,1.0,1
"iteration_4","SCOPE_DATA_COLLECTION",600,26,1630.0,1690.0,0,3821,2366,810,3885,2392,797,3822,2364,808,3,2,4,7.84313725490196E-4,8.453085376162299E-4,0.0049261083743842365,0.32056828807061555,0.7567994237662454,1.4394208272463467,0.6411365761412311,0.7567994237662454,0.9596138848308978,0.18628990057561487,0.5346869712351946,0.6262376237623762,100.0,100.0,4382,635,1980,8,1,0,0.0018256503879507074,0.0015748031496062992,0.0,0.25,0.4,0.1,0.7000000000000001,50.0,80.0,85.0,0.55,0.6000000000000001,0.2,0.30000000000000004,55.0,25.0,95.0,3834,3832,2,3834,5.216484089723526E-4,0.3188167115872618,0.5,0.6376334231745237,787,0.20537578288100208,1.0,1
"iteration_4","SCOPE_DATA_COLLECTION",600,26,1630.0,1690.0,1,3821,2366,810,3885,2392,797,3822,2364,808,3,2,4,7.84313725490196E-4,8.453085376162299E-4,0.0049261083743842365,0.32056828807061555,0.7567994237662454,1.4394208272463467,0.6411365761412311,0.7567994237662454,0.9596138848308978,0.18628990057561487,0.5346869712351946,0.6262376237623762,100.0,100.0,4382,635,1980,8,1,0,0.0018256503879507074,0.0015748031496062992,0.0,0.25,0.4,0.1,0.7000000000000001,50.0,80.0,85.0,0.55,0.6000000000000001,0.2,0.30000000000000004,55.0,25.0,95.0,2388,2386,2,2388,8.375209380234506E-4,0.7494217701227852,1.0,0.7494217701227852,1222,0.512154233025985,1.0,1
"iteration_4","SCOPE_DATA_COLLECTION",600,26,1630.0,1690.0,2,3821,2366,810,3885,2392,797,3822,2364,808,3,2,4,7.84313725490196E-4,8.453085376162299E-4,0.0049261083743842365,0.32056828807061555,0.7567994237662454,1.4394208272463467,0.6411365761412311,0.7567994237662454,0.9596138848308978,0.18628990057561487,0.5346869712351946,0.6262376237623762,100.0,100.0,4382,635,1980,8,1,0,0.0018256503879507074,0.0015748031496062992,0.0,0.25,0.4,0.1,0.7000000000000001,50.0,80.0,85.0,0.55,0.6000000000000001,0.2,0.30000000000000004,55.0,25.0,95.0,861,858,3,861,0.003484320557491289,1.4337209064257592,1.5,0.9558139376171728,528,0.6153846153846154,1.0,1
"iteration_4","SCOPE_DATA_COLLECTION",600,27,1690.0,1750.0,0,3834,2388,861,3821,2366,810,3832,2388,864,2,2,3,5.216484089723526E-4,8.368200836820083E-4,0.0034602076124567475,0.3192093124298835,0.748912122256688,1.4324471480770185,0.638418624859767,0.748912122256688,0.954964765384679,0.20589770354906053,0.5113065326633166,0.6145833333333334,97.5,100.0,4245,1557,1281,6,1,0,0.0014134275618374558,6.422607578676942E-4,0.0,0.55,0.6000000000000001,0.2,0.30000000000000004,55.0,25.0,95.0,0.75,0.2,0.5,0.30000000000000004,55.0,70.0,30.0,3936,3931,5,3936,0.0012703252032520325,0.32854820186363104,0.5,0.6570964037272621,831,0.2113965911981684,1.0,1
"iteration_4","SCOPE_DATA_COLLECTION",600,27,1690.0,1750.0,1,3834,2388,861,3821,2366,810,3832,2388,864,2,2,3,5.216484089723526E-4,8.368200836820083E-4,0.0034602076124567475,0.3192093124298835,0.748912122256688,1.4324471480770185,0.638418624859767,0.748912122256688,0.954964765384679,0.20589770354906053,0.5113065326633166,0.6145833333333334,97.5,100.0,4245,1557,1281,6,1,0,0.0014134275618374558,6.422607578676942E-4,0.0,0.55,0.6000000000000001,0.2,0.30000000000000004,55.0,25.0,95.0,0.75,0.2,0.5,0.30000000000000004,55.0,70.0,30.0,2265,2264,1,2265,4.415011037527594E-4,0.8001368113237932,1.0,0.8001368113237932,1246,0.5503533568904594,1.0,1
"iteration_4","SCOPE_DATA_COLLECTION",600,27,1690.0,1750.0,2,3834,2388,861,3821,2366,810,3832,2388,864,2,2,3,5.216484089723526E-4,8.368200836820083E-4,0.0034602076124567475,0.3192093124298835,0.748912122256688,1.4324471480770185,0.638418624859767,0.748912122256688,0.954964765384679,0.20589770354906053,0.5113065326633166,0.6145833333333334,97.5,100.0,4245,1557,1281,6,1,0,0.0014134275618374558,6.422607578676942E-4,0.0,0.55,0.6000000000000001,0.2,0.30000000000000004,55.0,25.0,95.0,0.75,0.2,0.5,0.30000000000000004,55.0,70.0,30.0,807,804,3,807,0.0037174721189591076,1.4972763306690344,1.5,0.998184220446023,517,0.6430348258706468,1.0,1
"iteration_4","SCOPE_DATA_COLLECTION",600,28,1750.0,1810.0,0,3936,2265,807,3834,2388,861,3928,2262,805,5,1,3,0.0012712941774726673,4.418912947414936E-4,0.0037128712871287127,0.3284417032135162,0.7996058623916596,1.4960564029494006,0.6568834064270324,0.7996058623916596,0.9973709352996004,0.21181262729124237,0.5503978779840849,0.6422360248447205,100.0,100.0,4443,1918,647,6,3,0,0.0013504388926401081,0.0015641293013555788,0.0,0.75,0.2,0.5,0.30000000000000004,55.0,70.0,30.0,0.75,0.1,0.5,0.30000000000000004,65.0,60.0,40.0,3902,3899,3,3902,7.688364941055869E-4,0.33093643327405764,0.5,0.6618728665481153,788,0.20210310335983586,1.0,1
"iteration_4","SCOPE_DATA_COLLECTION",600,28,1750.0,1810.0,1,3936,2265,807,3834,2388,861,3928,2262,805,5,1,3,0.0012712941774726673,4.418912947414936E-4,0.0037128712871287127,0.3284417032135162,0.7996058623916596,1.4960564029494006,0.6568834064270324,0.7996058623916596,0.9973709352996004,0.21181262729124237,0.5503978779840849,0.6422360248447205,100.0,100.0,4443,1918,647,6,3,0,0.0013504388926401081,0.0015641293013555788,0.0,0.75,0.2,0.5,0.30000000000000004,55.0,70.0,30.0,0.75,0.1,0.5,0.30000000000000004,65.0,60.0,40.0,2299,2296,3,2299,0.0013049151805132667,0.7988572149379066,1.0,0.7988572149379066,1260,0.5487804878048781,1.0,1
"iteration_4","SCOPE_DATA_COLLECTION",600,28,1750.0,1810.0,2,3936,2265,807,3834,2388,861,3928,2262,805,5,1,3,0.0012712941774726673,4.418912947414936E-4,0.0037128712871287127,0.3284417032135162,0.7996058623916596,1.4960564029494006,0.6568834064270324,0.7996058623916596,0.9973709352996004,0.21181262729124237,0.5503978779840849,0.6422360248447205,100.0,100.0,4443,1918,647,6,3,0,0.0013504388926401081,0.0015641293013555788,0.0,0.75,0.2,0.5,0.30000000000000004,55.0,70.0,30.0,0.75,0.1,0.5,0.30000000000000004,65.0,60.0,40.0,825,820,5,825,0.006060606060606061,1.4405971790276142,1.5,0.9603981193517428,507,0.6182926829268293,1.0,1
"iteration_4","SCOPE_DATA_COLLECTION",600,29,1810.0,1870.0,0,3902,2299,825,3936,2265,807,3894,2295,818,3,3,5,7.698229407236335E-4,0.0013054830287206266,0.006075334143377886,0.33132429227053484,0.797740204604833,1.4452807537194958,0.6626485845410697,0.797740204604833,0.9635205024796639,0.20210580380071905,0.5485838779956427,0.6210268948655256,95.0,100.0,4517,1897,612,11,0,0,0.0024352446313925173,0.0,0.0,0.75,0.1,0.5,0.30000000000000004,65.0,60.0,40.0,0.8500000000000001,0.2,0.4,0.4,55.0,70.0,30.0,3912,3908,4,3912,0.0010224948875255625,0.3214340813111449,0.5,0.6428681626222899,764,0.195496417604913,1.0,1
"iteration_4","SCOPE_DATA_COLLECTION",600,29,1810.0,1870.0,1,3902,2299,825,3936,2265,807,3894,2295,818,3,3,5,7.698229407236335E-4,0.0013054830287206266,0.006075334143377886,0.33132429227053484,0.797740204604833,1.4452807537194958,0.6626485845410697,0.797740204604833,0.9635205024796639,0.20210580380071905,0.5485838779956427,0.6210268948655256,95.0,100.0,4517,1897,612,11,0,0,0.0024352446313925173,0.0,0.0,0.75,0.1,0.5,0.30000000000000004,65.0,60.0,40.0,0.8500000000000001,0.2,0.4,0.4,55.0,70.0,30.0,2388,2384,4,2388,0.0016750418760469012,0.7827560488843452,1.0,0.7827560488843452,1283,0.5381711409395973,1.0,1
"iteration_4","SCOPE_DATA_COLLECTION",600,29,1810.0,1870.0,2,3902,2299,825,3936,2265,807,3894,2295,818,3,3,5,7.698229407236335E-4,0.0013054830287206266,0.006075334143377886,0.33132429227053484,0.797740204604833,1.4452807537194958,0.6626485845410697,0.797740204604833,0.9635205024796639,0.20210580380071905,0.5485838779956427,0.6210268948655256,95.0,100.0,4517,1897,612,11,0,0,0.0024352446313925173,0.0,0.0,0.75,0.1,0.5,0.30000000000000004,65.0,60.0,40.0,0.8500000000000001,0.2,0.4,0.4,55.0,70.0,30.0,890,887,3,890,0.0033707865168539327,1.3789857665758893,1.5,0.9193238443839262,514,0.5794813979706878,1.0,1
"iteration_4","SCOPE_DATA_COLLECTION",600,30,1870.0,1930.0,0,3912,2388,890,3902,2299,825,3915,2378,882,4,4,3,0.0010206685378923194,0.0016792611251049538,0.003389830508474576,0.3211943525294212,0.7859725269509268,1.3804572288411834,0.6423887050588424,0.7859725269509268,0.9203048192274556,0.19489144316730522,0.539529015979815,0.5793650793650794,97.5,100.0,4409,2373,408,10,1,0,0.0022680880018144706,4.2140750105351877E-4,0.0,0.8500000000000001,0.2,0.4,0.4,55.0,70.0,30.0,0.75,0.30000000000000004,0.5,0.5,45.0,80.0,20.0,3944,3940,4,3944,0.0010141987829614604,0.3209841990967179,0.5,0.6419683981934358,724,0.18375634517766498,1.0,1
"iteration_4","SCOPE_DATA_COLLECTION",600,30,1870.0,1930.0,1,3912,2388,890,3902,2299,825,3915,2378,882,4,4,3,0.0010206685378923194,0.0016792611251049538,0.003389830508474576,0.3211943525294212,0.7859725269509268,1.3804572288411834,0.6423887050588424,0.7859725269509268,0.9203048192274556,0.19489144316730522,0.539529015979815,0.5793650793650794,97.5,100.0,4409,2373,408,10,1,0,0.0022680880018144706,4.2140750105351877E-4,0.0,0.8500000000000001,0.2,0.4,0.4,55.0,70.0,30.0,0.75,0.30000000000000004,0.5,0.5,45.0,80.0,20.0,2314,2308,6,2314,0.0025929127052722557,0.7730274354283374,1.0,0.7730274354283374,1212,0.5251299826689775,1.0,1
"iteration_4","SCOPE_DATA_COLLECTION",600,30,1870.0,1930.0,2,3912,2388,890,3902,2299,825,3915,2378,882,4,4,3,0.0010206685378923194,0.0016792611251049538,0.003389830508474576,0.3211943525294212,0.7859725269509268,1.3804572288411834,0.6423887050588424,0.7859725269509268,0.9203048192274556,0.19489144316730522,0.539529015979815,0.5793650793650794,97.5,100.0,4409,2373,408,10,1,0,0.0022680880018144706,4.2140750105351877E-4,0.0,0.8500000000000001,0.2,0.4,0.4,55.0,70.0,30.0,0.75,0.30000000000000004,0.5,0.5,45.0,80.0,20.0,845,838,7,845,0.008284023668639054,1.45467145162604,1.5,0.9697809677506933,518,0.6181384248210023,1.0,1
"iteration_4","SCOPE_DATA_COLLECTION",600,31,1930.0,1990.0,0,3944,2314,845,3912,2388,890,3936,2324,831,4,6,7,0.0010152284263959391,0.002575107296137339,0.008353221957040573,0.32081089458408624,0.7723924617788246,1.4421760884422423,0.6416217891681725,0.7723924617788246,0.9614507256281616,0.18318089430894308,0.5253872633390706,0.6113116726835138,95.0,100.0,4404,2009,690,15,2,0,0.0034059945504087193,9.955201592832255E-4,0.0,0.75,0.30000000000000004,0.5,0.5,45.0,80.0,20.0,0.75,0.1,0.6000000000000001,0.9,55.0,50.0,30.0,3801,3800,1,3801,2.6308866087871614E-4,0.31079474482865577,0.5,0.6215894896573115,582,0.1531578947368421,1.0,1
"iteration_4","SCOPE_DATA_COLLECTION",600,31,1930.0,1990.0,1,3944,2314,845,3912,2388,890,3936,2324,831,4,6,7,0.0010152284263959391,0.002575107296137339,0.008353221957040573,0.32081089458408624,0.7723924617788246,1.4421760884422423,0.6416217891681725,0.7723924617788246,0.9614507256281616,0.18318089430894308,0.5253872633390706,0.6113116726835138,95.0,100.0,4404,2009,690,15,2,0,0.0034059945504087193,9.955201592832255E-4,0.0,0.75,0.30000000000000004,0.5,0.5,45.0,80.0,20.0,0.75,0.1,0.6000000000000001,0.9,55.0,50.0,30.0,2360,2358,2,2360,8.47457627118644E-4,0.782874108292563,1.0,0.782874108292563,1260,0.5343511450381679,1.0,1
"iteration_4","SCOPE_DATA_COLLECTION",600,31,1930.0,1990.0,2,3944,2314,845,3912,2388,890,3936,2324,831,4,6,7,0.0010152284263959391,0.002575107296137339,0.008353221957040573,0.32081089458408624,0.7723924617788246,1.4421760884422423,0.6416217891681725,0.7723924617788246,0.9614507256281616,0.18318089430894308,0.5253872633390706,0.6113116726835138,95.0,100.0,4404,2009,690,15,2,0,0.0034059945504087193,9.955201592832255E-4,0.0,0.75,0.30000000000000004,0.5,0.5,45.0,80.0,20.0,0.75,0.1,0.6000000000000001,0.9,55.0,50.0,30.0,865,859,6,865,0.006936416184971098,1.4197281641300212,1.5,0.9464854427533475,524,0.610011641443539,1.0,1
"iteration_4","SCOPE_DATA_COLLECTION",600,32,1990.0,2050.0,0,3801,2360,865,3944,2314,845,3808,2349,864,1,2,6,2.6253609871357313E-4,8.507018290089324E-4,0.006896551724137931,0.31135567740466785,0.7810125887317251,1.4202802833972674,0.6227113548093357,0.7810125887317251,0.946853522264845,0.15441176470588236,0.5334184759472116,0.6111111111111112,97.5,100.0,4378,1948,700,8,1,0,0.001827318410232983,5.13347022587269E-4,0.0,0.75,0.1,0.6000000000000001,0.9,55.0,50.0,30.0,0.05,0.1,0.9,0.7000000000000001,75.0,60.0,40.0,3924,3905,19,3924,0.004841997961264016,0.30676604057213,0.5,0.61353208114426,487,0.12471190781049936,1.0,1
"iteration_4","SCOPE_DATA_COLLECTION",600,32,1990.0,2050.0,1,3801,2360,865,3944,2314,845,3808,2349,864,1,2,6,2.6253609871357313E-4,8.507018290089324E-4,0.006896551724137931,0.31135567740466785,0.7810125887317251,1.4202802833972674,0.6227113548093357,0.7810125887317251,0.946853522264845,0.15441176470588236,0.5334184759472116,0.6111111111111112,97.5,100.0,4378,1948,700,8,1,0,0.001827318410232983,5.13347022587269E-4,0.0,0.75,0.1,0.6000000000000001,0.9,55.0,50.0,30.0,0.05,0.1,0.9,0.7000000000000001,75.0,60.0,40.0,2313,2297,16,2313,0.006917423259835711,0.7739332993491067,1.0,0.7739332993491067,1202,0.523291249455812,1.0,1
"iteration_4","SCOPE_DATA_COLLECTION",600,32,1990.0,2050.0,2,3801,2360,865,3944,2314,845,3808,2349,864,1,2,6,2.6253609871357313E-4,8.507018290089324E-4,0.006896551724137931,0.31135567740466785,0.7810125887317251,1.4202802833972674,0.6227113548093357,0.7810125887317251,0.946853522264845,0.15441176470588236,0.5334184759472116,0.6111111111111112,97.5,100.0,4378,1948,700,8,1,0,0.001827318410232983,5.13347022587269E-4,0.0,0.75,0.1,0.6000000000000001,0.9,55.0,50.0,30.0,0.05,0.1,0.9,0.7000000000000001,75.0,60.0,40.0,870,862,8,870,0.009195402298850575,1.4545152453929557,1.5,0.9696768302619705,540,0.6264501160092807,1.0,1
"iteration_4","SCOPE_DATA_COLLECTION",600,33,2050.0,2110.0,0,3924,2313,870,3801,2360,865,3901,2294,856,19,16,8,0.004846938775510204,0.006926406926406926,0.009259259259259259,0.3058546148176697,0.7749570999084615,1.456941460786989,0.6117092296353394,0.7749570999084615,0.971294307191326,0.1233017175083312,0.523539668700959,0.6285046728971962,100.0,100.0,4405,119,2583,16,0,27,0.0036322360953461976,0.0,0.010452961672473868,0.05,0.1,0.9,0.7000000000000001,75.0,60.0,40.0,0.05,0.1,0.9,0.8,65.0,50.0,50.0,3840,3836,4,3840,0.0010416666666666667,0.30701950899653113,0.5,0.6140390179930623,482,0.1256517205422315,1.0,1
"iteration_4","SCOPE_DATA_COLLECTION",600,33,2050.0,2110.0,1,3924,2313,870,3801,2360,865,3901,2294,856,19,16,8,0.004846938775510204,0.006926406926406926,0.009259259259259259,0.3058546148176697,0.7749570999084615,1.456941460786989,0.6117092296353394,0.7749570999084615,0.971294307191326,0.1233017175083312,0.523539668700959,0.6285046728971962,100.0,100.0,4405,119,2583,16,0,27,0.0036322360953461976,0.0,0.010452961672473868,0.05,0.1,0.9,0.7000000000000001,75.0,60.0,40.0,0.05,0.1,0.9,0.8,65.0,50.0,50.0,2315,2311,4,2315,0.0017278617710583153,0.7948368394474763,1.0,0.7948368394474763,1250,0.540891389009087,1.0,1
"iteration_4","SCOPE_DATA_COLLECTION",600,33,2050.0,2110.0,2,3924,2313,870,3801,2360,865,3901,2294,856,19,16,8,0.004846938775510204,0.006926406926406926,0.009259259259259259,0.3058546148176697,0.7749570999084615,1.456941460786989,0.6117092296353394,0.7749570999084615,0.971294307191326,0.1233017175083312,0.523539668700959,0.6285046728971962,100.0,100.0,4405,119,2583,16,0,27,0.0036322360953461976,0.0,0.010452961672473868,0.05,0.1,0.9,0.7000000000000001,75.0,60.0,40.0,0.05,0.1,0.9,0.8,65.0,50.0,50.0,813,806,7,813,0.008610086100861008,1.4722535679072237,1.5,0.9815023786048158,509,0.6315136476426799,1.0,1
"iteration_4","SCOPE_DATA_COLLECTION",600,34,2110.0,2170.0,0,3840,2315,813,3924,2313,870,3837,2318,812,4,4,7,0.001041395469929706,0.0017226528854435831,0.008547008547008548,0.3079072385454548,0.7950262736735488,1.47684230502927,0.6158144770909096,0.7950262736735488,0.9845615366861801,0.127443315089914,0.5414150129421915,0.6330049261083743,95.0,100.0,4441,106,2421,15,0,0,0.003377617653681603,0.0,0.0,0.05,0.1,0.9,0.8,65.0,50.0,50.0,0.05,0.2,0.8,0.8,75.0,50.0,40.0,3843,3841,2,3843,5.204267499349467E-4,0.32105469940613596,0.5,0.6421093988122719,669,0.1741733923457433,1.0,1
"iteration_4","SCOPE_DATA_COLLECTION",600,34,2110.0,2170.0,1,3840,2315,813,3924,2313,870,3837,2318,812,4,4,7,0.001041395469929706,0.0017226528854435831,0.008547008547008548,0.3079072385454548,0.7950262736735488,1.47684230502927,0.6158144770909096,0.7950262736735488,0.9845615366861801,0.127443315089914,0.5414150129421915,0.6330049261083743,95.0,100.0,4441,106,2421,15,0,0,0.003377617653681603,0.0,0.0,0.05,0.1,0.9,0.8,65.0,50.0,50.0,0.05,0.2,0.8,0.8,75.0,50.0,40.0,2298,2292,6,2298,0.0026109660574412533,0.7888437070243483,1.0,0.7888437070243483,1243,0.5423211169284468,1.0,1
"iteration_4","SCOPE_DATA_COLLECTION",600,34,2110.0,2170.0,2,3840,2315,813,3924,2313,870,3837,2318,812,4,4,7,0.001041395469929706,0.0017226528854435831,0.008547008547008548,0.3079072385454548,0.7950262736735488,1.47684230502927,0.6158144770909096,0.7950262736735488,0.9845615366861801,0.127443315089914,0.5414150129421915,0.6330049261083743,95.0,100.0,4441,106,2421,15,0,0,0.003377617653681603,0.0,0.0,0.05,0.1,0.9,0.8,65.0,50.0,50.0,0.05,0.2,0.8,0.8,75.0,50.0,40.0,862,853,9,862,0.010440835266821345,1.4603662240009943,1.5,0.9735774826673295,535,0.6271981242672919,1.0,1
"iteration_4","SCOPE_DATA_COLLECTION",600,35,2170.0,2230.0,0,3843,2298,862,3840,2315,813,3837,2285,858,2,6,9,5.209690023443605E-4,0.0026189436927106066,0.010380622837370242,0.32055378179600114,0.7879350746587976,1.4608415562314585,0.6411075635920023,0.7879350746587976,0.9738943708209723,0.17331248371123273,0.5417943107221006,0.627039627039627,100.0,100.0,4406,122,2475,17,0,0,0.003858374943259192,0.0,0.0,0.05,0.2,0.8,0.8,75.0,50.0,40.0,0.75,0.5,0.5,0.1,80.0,30.0,65.0,3882,3881,1,3882,2.5759917568263783E-4,0.32149441966161524,0.5,0.6429888393232305,753,0.19402215923730998,1.0,1
"iteration_4","SCOPE_DATA_COLLECTION",600,35,2170.0,2230.0,1,3843,2298,862,3840,2315,813,3837,2285,858,2,6,9,5.209690023443605E-4,0.0026189436927106066,0.010380622837370242,0.32055378179600114,0.7879350746587976,1.4608415562314585,0.6411075635920023,0.7879350746587976,0.9738943708209723,0.17331248371123273,0.5417943107221006,0.627039627039627,100.0,100.0,4406,122,2475,17,0,0,0.003858374943259192,0.0,0.0,0.05,0.2,0.8,0.8,75.0,50.0,40.0,0.75,0.5,0.5,0.1,80.0,30.0,65.0,2369,2368,1,2369,4.2211903756859433E-4,0.7781043081145175,1.0,0.7781043081145175,1264,0.5337837837837838,1.0,1
"iteration_4","SCOPE_DATA_COLLECTION",600,35,2170.0,2230.0,2,3843,2298,862,3840,2315,813,3837,2285,858,2,6,9,5.209690023443605E-4,0.0026189436927106066,0.010380622837370242,0.32055378179600114,0.7879350746587976,1.4608415562314585,0.6411075635920023,0.7879350746587976,0.9738943708209723,0.17331248371123273,0.5417943107221006,0.627039627039627,100.0,100.0,4406,122,2475,17,0,0,0.003858374943259192,0.0,0.0,0.05,0.2,0.8,0.8,75.0,50.0,40.0,0.75,0.5,0.5,0.1,80.0,30.0,65.0,828,827,1,828,0.0012077294685990338,1.3651683610606973,1.5,0.9101122407071315,483,0.5840386940749698,1.0,1
"iteration_4","SCOPE_DATA_COLLECTION",600,36,2230.0,2290.0,0,3882,2369,828,3843,2298,862,3882,2377,815,1,1,1,2.575328354365182E-4,4.2052144659377626E-4,0.0012254901960784314,0.32134310479329314,0.7795971976989918,1.3586244280981588,0.6426862095865863,0.7795971976989918,0.9057496187321058,0.19242658423493045,0.5342869162810265,0.5815950920245399,100.0,100.0,4321,2098,660,3,0,0,6.942837306179125E-4,0.0,0.0,0.75,0.5,0.5,0.1,80.0,30.0,65.0,0.65,0.5,0.6000000000000001,0.1,90.0,20.0,75.0,3918,3916,2,3918,5.104645227156713E-4,0.31896085953466397,0.5,0.6379217190693279,767,0.19586312563840655,1.0,1
"iteration_4","SCOPE_DATA_COLLECTION",600,36,2230.0,2290.0,1,3882,2369,828,3843,2298,862,3882,2377,815,1,1,1,2.575328354365182E-4,4.2052144659377626E-4,0.0012254901960784314,0.32134310479329314,0.7795971976989918,1.3586244280981588,0.6426862095865863,0.7795971976989918,0.9057496187321058,0.19242658423493045,0.5342869162810265,0.5815950920245399,100.0,100.0,4321,2098,660,3,0,0,6.942837306179125E-4,0.0,0.0,0.75,0.5,0.5,0.1,80.0,30.0,65.0,0.65,0.5,0.6000000000000001,0.1,90.0,20.0,75.0,2359,2356,3,2359,0.001271725307333616,0.783794372693654,1.0,0.783794372693654,1237,0.5250424448217318,1.0,1
"iteration_4","SCOPE_DATA_COLLECTION",600,36,2230.0,2290.0,2,3882,2369,828,3843,2298,862,3882,2377,815,1,1,1,2.575328354365182E-4,4.2052144659377626E-4,0.0012254901960784314,0.32134310479329314,0.7795971976989918,1.3586244280981588,0.6426862095865863,0.7795971976989918,0.9057496187321058,0.19242658423493045,0.5342869162810265,0.5815950920245399,100.0,100.0,4321,2098,660,3,0,0,6.942837306179125E-4,0.0,0.0,0.75,0.5,0.5,0.1,80.0,30.0,65.0,0.65,0.5,0.6000000000000001,0.1,90.0,20.0,75.0,879,877,2,879,0.0022753128555176336,1.3740677261119187,1.5,0.9160451507412791,514,0.5860889395667047,1.0,1
"iteration_4","SCOPE_DATA_COLLECTION",600,37,2290.0,2350.0,0,3918,2359,879,3882,2369,828,3918,2351,882,2,3,2,5.102040816326531E-4,0.001274426508071368,0.0022624434389140274,0.31860181434707846,0.7814944591760645,1.3789186918377347,0.6372036286941569,0.7814944591760645,0.9192791278918232,0.19576314446145993,0.5244576775840069,0.5884353741496599,97.5,100.0,4296,1887,973,7,0,0,0.0016294227188081937,0.0,0.0,0.65,0.5,0.6000000000000001,0.1,90.0,20.0,75.0,0.65,0.4,0.6000000000000001,0.1,90.0,30.0,75.0,3888,3887,1,3888,2.57201646090535E-4,0.32132317620295475,0.5,0.6426463524059095,781,0.20092616413686648,1.0,1
"iteration_4","SCOPE_DATA_COLLECTION",600,37,2290.0,2350.0,1,3918,2359,879,3882,2369,828,3918,2351,882,2,3,2,5.102040816326531E-4,0.001274426508071368,0.0022624434389140274,0.31860181434707846,0.7814944591760645,1.3789186918377347,0.6372036286941569,0.7814944591760645,0.9192791278918232,0.19576314446145993,0.5244576775840069,0.5884353741496599,97.5,100.0,4296,1887,973,7,0,0,0.0016294227188081937,0.0,0.0,0.65,0.5,0.6000000000000001,0.1,90.0,20.0,75.0,0.65,0.4,0.6000000000000001,0.1,90.0,30.0,75.0,2362,2362,0,2362,0.0,0.7711811907408928,1.0,0.7711811907408928,1239,0.5245554614733277,1.0,1
"iteration_4","SCOPE_DATA_COLLECTION",600,37,2290.0,2350.0,2,3918,2359,879,3882,2369,828,3918,2351,882,2,3,2,5.102040816326531E-4,0.001274426508071368,0.0022624434389140274,0.31860181434707846,0.7814944591760645,1.3789186918377347,0.6372036286941569,0.7814944591760645,0.9192791278918232,0.19576314446145993,0.5244576775840069,0.5884353741496599,97.5,100.0,4296,1887,973,7,0,0,0.0016294227188081937,0.0,0.0,0.65,0.5,0.6000000000000001,0.1,90.0,20.0,75.0,0.65,0.4,0.6000000000000001,0.1,90.0,30.0,75.0,833,832,1,833,0.0012004801920768306,1.4215881348898554,1.5,0.9477254232599036,512,0.6153846153846154,1.0,1
"iteration_4","SCOPE_DATA_COLLECTION",600,38,2350.0,2410.0,0,3888,2362,833,3918,2359,879,3889,2366,833,1,0,1,2.570694087403599E-4,0.0,0.001199040767386091,0.32158783282348646,0.7726136674568224,1.412411544139506,0.6431756656469729,0.7726136674568224,0.941607696093004,0.20082283363332476,0.5240912933220625,0.6110444177671068,97.5,100.0,4298,1806,979,1,1,0,2.3266635644485808E-4,5.537098560354374E-4,0.0,0.65,0.4,0.6000000000000001,0.1,90.0,30.0,75.0,0.2,0.2,0.30000000000000004,0.7000000000000001,65.0,45.0,35.0,3927,3923,4,3927,0.0010185892538833714,0.32056953453093184,0.5,0.6411390690618637,748,0.19067040530206475,1.0,1
"iteration_4","SCOPE_DATA_COLLECTION",600,38,2350.0,2410.0,1,3888,2362,833,3918,2359,879,3889,2366,833,1,0,1,2.570694087403599E-4,0.0,0.001199040767386091,0.32158783282348646,0.7726136674568224,1.412411544139506,0.6431756656469729,0.7726136674568224,0.941607696093004,0.20082283363332476,0.5240912933220625,0.6110444177671068,97.5,100.0,4298,1806,979,1,1,0,2.3266635644485808E-4,5.537098560354374E-4,0.0,0.65,0.4,0.6000000000000001,0.1,90.0,30.0,75.0,0.2,0.2,0.30000000000000004,0.7000000000000001,65.0,45.0,35.0,2325,2322,3,2325,0.0012903225806451613,0.7679365858473283,1.0,0.7679365858473283,1230,0.5297157622739018,1.0,1
"iteration_4","SCOPE_DATA_COLLECTION",600,38,2350.0,2410.0,2,3888,2362,833,3918,2359,879,3889,2366,833,1,0,1,2.570694087403599E-4,0.0,0.001199040767386091,0.32158783282348646,0.7726136674568224,1.412411544139506,0.6431756656469729,0.7726136674568224,0.941607696093004,0.20082283363332476,0.5240912933220625,0.6110444177671068,97.5,100.0,4298,1806,979,1,1,0,2.3266635644485808E-4,5.537098560354374E-4,0.0,0.65,0.4,0.6000000000000001,0.1,90.0,30.0,75.0,0.2,0.2,0.30000000000000004,0.7000000000000001,65.0,45.0,35.0,793,786,7,793,0.008827238335435058,1.4695629805587944,1.5,0.9797086537058629,502,0.638676844783715,1.0,1
"iteration_4","SCOPE_DATA_COLLECTION",600,39,2410.0,2470.0,0,3927,2325,793,3888,2362,833,3927,2317,791,4,3,7,0.0010175527855507504,0.001293103448275862,0.008771929824561403,0.3212168864510043,0.7685576334068507,1.4786101661730229,0.6424337729020086,0.7685576334068507,0.9857401107820153,0.19276801629742807,0.5304272766508416,0.6422250316055625,97.5,100.0,4425,554,2066,14,0,0,0.0031638418079096044,0.0,0.0,0.2,0.2,0.30000000000000004,0.7000000000000001,65.0,45.0,35.0,0.2,0.2,0.30000000000000004,0.7000000000000001,65.0,45.0,35.0,3890,3890,0,3890,0.0,0.3108749838223271,0.5,0.6217499676446542,731,0.1879177377892031,1.0,1
"iteration_4","SCOPE_DATA_COLLECTION",600,39,2410.0,2470.0,1,3927,2325,793,3888,2362,833,3927,2317,791,4,3,7,0.0010175527855507504,0.001293103448275862,0.008771929824561403,0.3212168864510043,0.7685576334068507,1.4786101661730229,0.6424337729020086,0.7685576334068507,0.9857401107820153,0.19276801629742807,0.5304272766508416,0.6422250316055625,97.5,100.0,4425,554,2066,14,0,0,0.0031638418079096044,0.0,0.0,0.2,0.2,0.30000000000000004,0.7000000000000001,65.0,45.0,35.0,0.2,0.2,0.30000000000000004,0.7000000000000001,65.0,45.0,35.0,2300,2295,5,2300,0.002173913043478261,0.7840842747029959,1.0,0.7840842747029959,1248,0.5437908496732026,1.0,1
"iteration_4","SCOPE_DATA_COLLECTION",600,39,2410.0,2470.0,2,3927,2325,793,3888,2362,833,3927,2317,791,4,3,7,0.0010175527855507504,0.001293103448275862,0.008771929824561403,0.3212168864510043,0.7685576334068507,1.4786101661730229,0.6424337729020086,0.7685576334068507,0.9857401107820153,0.19276801629742807,0.5304272766508416,0.6422250316055625,97.5,100.0,4425,554,2066,14,0,0,0.0031638418079096044,0.0,0.0,0.2,0.2,0.30000000000000004,0.7000000000000001,65.0,45.0,35.0,0.2,0.2,0.30000000000000004,0.7000000000000001,65.0,45.0,35.0,819,810,9,819,0.01098901098901099,1.494484603958221,1.5,0.9963230693054806,531,0.6555555555555556,1.0,1
"iteration_4","SCOPE_DATA_COLLECTION",600,40,2470.0,2530.0,0,3890,2300,819,3927,2325,793,3884,2282,804,0,5,9,0.0,0.0021862702229995625,0.01107011070110701,0.3105951056932097,0.7801413712561195,1.4844791884773347,0.6211902113864194,0.7801413712561195,0.9896527923182231,0.18692070030895983,0.5416301489921121,0.6517412935323383,97.5,100.0,4360,550,2099,14,0,0,0.003211009174311927,0.0,0.0,0.2,0.2,0.30000000000000004,0.7000000000000001,65.0,45.0,35.0,0.6000000000000001,0.9,0.5,0.5,75.0,80.0,75.0,3926,3921,5,3926,0.0012735608762098828,0.31615581816304017,0.5,0.6323116363260803,797,0.20326447334863557,1.0,1
"iteration_4","SCOPE_DATA_COLLECTION",600,40,2470.0,2530.0,1,3890,2300,819,3927,2325,793,3884,2282,804,0,5,9,0.0,0.0021862702229995625,0.01107011070110701,0.3105951056932097,0.7801413712561195,1.4844791884773347,0.6211902113864194,0.7801413712561195,0.9896527923182231,0.18692070030895983,0.5416301489921121,0.6517412935323383,97.5,100.0,4360,550,2099,14,0,0,0.003211009174311927,0.0,0.0,0.2,0.2,0.30000000000000004,0.7000000000000001,65.0,45.0,35.0,0.6000000000000001,0.9,0.5,0.5,75.0,80.0,75.0,2316,2309,7,2316,0.0030224525043177895,0.7574972583308218,1.0,0.7574972583308218,1198,0.5188393243828497,1.0,1
"iteration_4","SCOPE_DATA_COLLECTION",600,40,2470.0,2530.0,2,3890,2300,819,3927,2325,793,3884,2282,804,0,5,9,0.0,0.0021862702229995625,0.01107011070110701,0.3105951056932097,0.7801413712561195,1.4844791884773347,0.6211902113864194,0.7801413712561195,0.9896527923182231,0.18692070030895983,0.5416301489921121,0.6517412935323383,97.5,100.0,4360,550,2099,14,0,0,0.003211009174311927,0.0,0.0,0.2,0.2,0.30000000000000004,0.7000000000000001,65.0,45.0,35.0,0.6000000000000001,0.9,0.5,0.5,75.0,80.0,75.0,823,813,10,823,0.012150668286755772,1.4663949402946317,1.5,0.9775966268630878,509,0.6260762607626076,1.0,1
"iteration_4","SCOPE_DATA_COLLECTION",600,41,2530.0,2590.0,0,3926,2316,823,3890,2300,819,3912,2330,814,5,7,10,0.0012764871074802144,0.002995293110825845,0.012135922330097087,0.31577745387906353,0.7622533406445998,1.4740404854776779,0.6315549077581271,0.7622533406445998,0.9826936569851186,0.20270961145194274,0.5214592274678111,0.628992628992629,97.5,100.0,4252,1697,1116,20,2,0,0.004703668861712135,0.0011785503830288745,0.0,0.6000000000000001,0.9,0.5,0.5,75.0,80.0,75.0,0.2,0.4,0.2,0.8,70.0,75.0,20.0,3903,3899,4,3903,0.0010248526774276198,0.31968279919961506,0.5,0.6393655983992301,783,0.20082072326237496,1.0,1
"iteration_4","SCOPE_DATA_COLLECTION",600,41,2530.0,2590.0,1,3926,2316,823,3890,2300,819,3912,2330,814,5,7,10,0.0012764871074802144,0.002995293110825845,0.012135922330097087,0.31577745387906353,0.7622533406445998,1.4740404854776779,0.6315549077581271,0.7622533406445998,0.9826936569851186,0.20270961145194274,0.5214592274678111,0.628992628992629,97.5,100.0,4252,1697,1116,20,2,0,0.004703668861712135,0.0011785503830288745,0.0,0.6000000000000001,0.9,0.5,0.5,75.0,80.0,75.0,0.2,0.4,0.2,0.8,70.0,75.0,20.0,2369,2369,0,2369,0.0,0.7405550517934125,1.0,0.7405550517934125,1205,0.5086534402701561,1.0,1
"iteration_4","SCOPE_DATA_COLLECTION",600,41,2530.0,2590.0,2,3926,2316,823,3890,2300,819,3912,2330,814,5,7,10,0.0012764871074802144,0.002995293110825845,0.012135922330097087,0.31577745387906353,0.7622533406445998,1.4740404854776779,0.6315549077581271,0.7622533406445998,0.9826936569851186,0.20270961145194274,0.5214592274678111,0.628992628992629,97.5,100.0,4252,1697,1116,20,2,0,0.004703668861712135,0.0011785503830288745,0.0,0.6000000000000001,0.9,0.5,0.5,75.0,80.0,75.0,0.2,0.4,0.2,0.8,70.0,75.0,20.0,833,827,6,833,0.007202881152460984,1.4409726546900312,1.5,0.9606484364600208,512,0.619105199516324,1.0,1
"iteration_4","SCOPE_DATA_COLLECTION",600,42,2590.0,2650.0,0,3903,2369,833,3926,2316,823,3897,2361,827,4,0,6,0.0010253781081773904,0.0,0.007202881152460984,0.31993904303156884,0.7396283556041002,1.4381202896006113,0.6398780860631377,0.7396283556041002,0.9587468597337409,0.2004105722350526,0.5082592121982211,0.6178960096735188,100.0,100.0,4293,576,2236,10,0,0,0.0023293733985557887,0.0,0.0,0.2,0.4,0.2,0.8,70.0,75.0,20.0,0.1,0.5,0.30000000000000004,0.8,80.0,75.0,20.0,3926,3919,7,3926,0.001782985226693836,0.3192188895193484,0.5,0.6384377790386968,731,0.18652717529982138,1.0,1
"iteration_4","SCOPE_DATA_COLLECTION",600,42,2590.0,2650.0,1,3903,2369,833,3926,2316,823,3897,2361,827,4,0,6,0.0010253781081773904,0.0,0.007202881152460984,0.31993904303156884,0.7396283556041002,1.4381202896006113,0.6398780860631377,0.7396283556041002,0.9587468597337409,0.2004105722350526,0.5082592121982211,0.6178960096735188,100.0,100.0,4293,576,2236,10,0,0,0.0023293733985557887,0.0,0.0,0.2,0.4,0.2,0.8,70.0,75.0,20.0,0.1,0.5,0.30000000000000004,0.8,80.0,75.0,20.0,2411,2404,7,2411,0.002903359601824969,0.7662981506970052,1.0,0.7662981506970052,1283,0.53369384359401,1.0,1
"iteration_4","SCOPE_DATA_COLLECTION",600,42,2590.0,2650.0,2,3903,2369,833,3926,2316,823,3897,2361,827,4,0,6,0.0010253781081773904,0.0,0.007202881152460984,0.31993904303156884,0.7396283556041002,1.4381202896006113,0.6398780860631377,0.7396283556041002,0.9587468597337409,0.2004105722350526,0.5082592121982211,0.6178960096735188,100.0,100.0,4293,576,2236,10,0,0,0.0023293733985557887,0.0,0.0,0.2,0.4,0.2,0.8,70.0,75.0,20.0,0.1,0.5,0.30000000000000004,0.8,80.0,75.0,20.0,790,783,7,790,0.008860759493670886,1.407032442544028,1.5,0.9380216283626853,468,0.5977011494252874,1.0,1
"iteration_4","SCOPE_DATA_COLLECTION",600,43,2650.0,2710.0,0,3926,2411,790,3903,2369,833,3923,2404,789,7,7,7,0.0017811704834605599,0.002903359601824969,0.008793969849246231,0.3193836810516665,0.7654077007709058,1.41258874708708,0.638767362103333,0.7654077007709058,0.9417258313913867,0.18735661483558502,0.5328618968386023,0.6007604562737643,100.0,100.0,4308,281,2538,12,1,8,0.002785515320334262,0.0035587188612099642,0.0031520882584712374,0.1,0.5,0.30000000000000004,0.8,80.0,75.0,20.0,0.35000000000000003,0.1,0.9,0.5,80.0,25.0,60.0,4033,4031,2,4033,4.959087527894868E-4,0.2968424968096275,0.5,0.593684993619255,566,0.14041180848424709,1.0,1
"iteration_4","SCOPE_DATA_COLLECTION",600,43,2650.0,2710.0,1,3926,2411,790,3903,2369,833,3923,2404,789,7,7,7,0.0017811704834605599,0.002903359601824969,0.008793969849246231,0.3193836810516665,0.7654077007709058,1.41258874708708,0.638767362103333,0.7654077007709058,0.9417258313913867,0.18735661483558502,0.5328618968386023,0.6007604562737643,100.0,100.0,4308,281,2538,12,1,8,0.002785515320334262,0.0035587188612099642,0.0031520882584712374,0.1,0.5,0.30000000000000004,0.8,80.0,75.0,20.0,0.35000000000000003,0.1,0.9,0.5,80.0,25.0,60.0,2358,2355,3,2358,0.001272264631043257,0.787267117575549,1.0,0.787267117575549,1269,0.5388535031847134,1.0,1
"iteration_4","SCOPE_DATA_COLLECTION",600,43,2650.0,2710.0,2,3926,2411,790,3903,2369,833,3923,2404,789,7,7,7,0.0017811704834605599,0.002903359601824969,0.008793969849246231,0.3193836810516665,0.7654077007709058,1.41258874708708,0.638767362103333,0.7654077007709058,0.9417258313913867,0.18735661483558502,0.5328618968386023,0.6007604562737643,100.0,100.0,4308,281,2538,12,1,8,0.002785515320334262,0.0035587188612099642,0.0031520882584712374,0.1,0.5,0.30000000000000004,0.8,80.0,75.0,20.0,0.35000000000000003,0.1,0.9,0.5,80.0,25.0,60.0,830,826,4,830,0.004819277108433735,1.4671824226205503,1.5,0.9781216150803669,527,0.6380145278450363,1.0,1
"iteration_4","SCOPE_DATA_COLLECTION",600,44,2710.0,2770.0,0,4033,2358,830,3926,2411,790,4038,2354,825,2,3,4,4.950495049504951E-4,0.0012728044123886295,0.0048250904704463205,0.2969073939357483,0.7869283293175028,1.4688306622973868,0.5938147878714966,0.7869283293175028,0.9792204415315912,0.1421495789995047,0.5378079864061173,0.6375757575757576,100.0,100.0,4435,1007,1779,9,0,0,0.002029312288613303,0.0,0.0,0.35000000000000003,0.1,0.9,0.5,80.0,25.0,60.0,0.35000000000000003,0.1,0.9,0.5,80.0,25.0,60.0,3901,3900,1,3901,2.563445270443476E-4,0.30169639274265814,0.5,0.6033927854853163,509,0.1305128205128205,1.0,1
"iteration_4","SCOPE_DATA_COLLECTION",600,44,2710.0,2770.0,1,4033,2358,830,3926,2411,790,4038,2354,825,2,3,4,4.950495049504951E-4,0.0012728044123886295,0.0048250904704463205,0.2969073939357483,0.7869283293175028,1.4688306622973868,0.5938147878714966,0.7869283293175028,0.9792204415315912,0.1421495789995047,0.5378079864061173,0.6375757575757576,100.0,100.0,4435,1007,1779,9,0,0,0.002029312288613303,0.0,0.0,0.35000000000000003,0.1,0.9,0.5,80.0,25.0,60.0,0.35000000000000003,0.1,0.9,0.5,80.0,25.0,60.0,2402,2394,8,2402,0.0033305578684429643,0.7756707288766835,1.0,0.7756707288766835,1259,0.5258980785296575,1.0,1
"iteration_4","SCOPE_DATA_COLLECTION",600,44,2710.0,2770.0,2,4033,2358,830,3926,2411,790,4038,2354,825,2,3,4,4.950495049504951E-4,0.0012728044123886295,0.0048250904704463205,0.2969073939357483,0.7869283293175028,1.4688306622973868,0.5938147878714966,0.7869283293175028,0.9792204415315912,0.1421495789995047,0.5378079864061173,0.6375757575757576,100.0,100.0,4435,1007,1779,9,0,0,0.002029312288613303,0.0,0.0,0.35000000000000003,0.1,0.9,0.5,80.0,25.0,60.0,0.35000000000000003,0.1,0.9,0.5,80.0,25.0,60.0,807,804,3,807,0.0037174721189591076,1.486242408422805,1.5,0.99082827228187,521,0.6480099502487562,1.0,1
"iteration_4","SCOPE_DATA_COLLECTION",600,45,2770.0,2830.0,0,3901,2402,807,4033,2358,830,3897,2396,803,1,8,3,2.565418163160595E-4,0.0033277870216306157,0.0037220843672456576,0.30149866897107624,0.7763523324331021,1.4820428078336831,0.6029973379421525,0.7763523324331021,0.9880285385557888,0.1288170387477547,0.5262938230383973,0.6463262764632628,95.0,100.0,4465,920,1725,12,0,0,0.0026875699888017916,0.0,0.0,0.35000000000000003,0.1,0.9,0.5,80.0,25.0,60.0,0.45,0.1,0.9,0.4,90.0,20.0,60.0,3903,3899,4,3903,0.0010248526774276198,0.3066721199832061,0.5,0.6133442399664122,551,0.14131828674018979,1.0,1
"iteration_4","SCOPE_DATA_COLLECTION",600,45,2770.0,2830.0,1,3901,2402,807,4033,2358,830,3897,2396,803,1,8,3,2.565418163160595E-4,0.0033277870216306157,0.0037220843672456576,0.30149866897107624,0.7763523324331021,1.4820428078336831,0.6029973379421525,0.7763523324331021,0.9880285385557888,0.1288170387477547,0.5262938230383973,0.6463262764632628,95.0,100.0,4465,920,1725,12,0,0,0.0026875699888017916,0.0,0.0,0.35000000000000003,0.1,0.9,0.5,80.0,25.0,60.0,0.45,0.1,0.9,0.4,90.0,20.0,60.0,2315,2313,2,2315,8.639308855291577E-4,0.7820073782498169,1.0,0.7820073782498169,1273,0.5503674881106788,1.0,1
"iteration_4","SCOPE_DATA_COLLECTION",600,45,2770.0,2830.0,2,3901,2402,807,4033,2358,830,3897,2396,803,1,8,3,2.565418163160595E-4,0.0033277870216306157,0.0037220843672456576,0.30149866897107624,0.7763523324331021,1.4820428078336831,0.6029973379421525,0.7763523324331021,0.9880285385557888,0.1288170387477547,0.5262938230383973,0.6463262764632628,95.0,100.0,4465,920,1725,12,0,0,0.0026875699888017916,0.0,0.0,0.35000000000000003,0.1,0.9,0.5,80.0,25.0,60.0,0.45,0.1,0.9,0.4,90.0,20.0,60.0,878,874,4,878,0.004555808656036446,1.4131419122487419,1.5,0.9420946081658279,531,0.6075514874141876,1.0,1
"iteration_4","SCOPE_DATA_COLLECTION",600,46,2830.0,2890.0,0,3903,2315,878,3901,2402,807,3903,2319,872,4,2,4,0.0010238034297414896,8.616975441619991E-4,0.0045662100456621,0.30696604173502423,0.7825511223137475,1.414208076425561,0.6139320834700485,0.7825511223137475,0.9428053842837073,0.14271073533179607,0.5515308322552824,0.6077981651376146,92.5,100.0,4464,1160,1472,9,1,0,0.0020161290322580645,8.620689655172414E-4,0.0,0.45,0.1,0.9,0.4,90.0,20.0,60.0,0.45,0.2,0.9,0.4,95.0,20.0,60.0,3996,3992,4,3996,0.001001001001001001,0.31683579622023605,0.5,0.6336715924404721,669,0.16758517034068135,1.0,1
"iteration_4","SCOPE_DATA_COLLECTION",600,46,2830.0,2890.0,1,3903,2315,878,3901,2402,807,3903,2319,872,4,2,4,0.0010238034297414896,8.616975441619991E-4,0.0045662100456621,0.30696604173502423,0.7825511223137475,1.414208076425561,0.6139320834700485,0.7825511223137475,0.9428053842837073,0.14271073533179607,0.5515308322552824,0.6077981651376146,92.5,100.0,4464,1160,1472,9,1,0,0.0020161290322580645,8.620689655172414E-4,0.0,0.45,0.1,0.9,0.4,90.0,20.0,60.0,0.45,0.2,0.9,0.4,95.0,20.0,60.0,2288,2284,4,2288,0.0017482517482517483,0.7742314744815982,1.0,0.7742314744815982,1231,0.5389667250437828,1.0,1
"iteration_4","SCOPE_DATA_COLLECTION",600,46,2830.0,2890.0,2,3903,2315,878,3901,2402,807,3903,2319,872,4,2,4,0.0010238034297414896,8.616975441619991E-4,0.0045662100456621,0.30696604173502423,0.7825511223137475,1.414208076425561,0.6139320834700485,0.7825511223137475,0.9428053842837073,0.14271073533179607,0.5515308322552824,0.6077981651376146,92.5,100.0,4464,1160,1472,9,1,0,0.0020161290322580645,8.620689655172414E-4,0.0,0.45,0.1,0.9,0.4,90.0,20.0,60.0,0.45,0.2,0.9,0.4,95.0,20.0,60.0,816,812,4,816,0.004901960784313725,1.444959606269551,1.5,0.9633064041797006,504,0.6206896551724138,1.0,1
"iteration_4","SCOPE_DATA_COLLECTION",600,47,2890.0,2950.0,0,3996,2288,816,3903,2315,878,3979,2280,811,4,4,4,0.0010042681395932714,0.0017513134851138354,0.0049079754601227,0.3153650571388739,0.7743256526481709,1.44286654327651,0.6307301142777478,0.7743256526481709,0.9619110288510067,0.1638602663985926,0.5394736842105263,0.6202219482120839,100.0,100.0,4475,1171,1454,11,1,0,0.002458100558659218,8.539709649871904E-4,0.0,0.45,0.2,0.9,0.4,95.0,20.0,60.0,0.45,0.2,0.9,0.4,95.0,20.0,60.0,3782,3781,1,3782,2.6441036488630354E-4,0.31886243374673695,0.5,0.6377248674934739,718,0.189896852684475,1.0,1
"iteration_4","SCOPE_DATA_COLLECTION",600,47,2890.0,2950.0,1,3996,2288,816,3903,2315,878,3979,2280,811,4,4,4,0.0010042681395932714,0.0017513134851138354,0.0049079754601227,0.3153650571388739,0.7743256526481709,1.44286654327651,0.6307301142777478,0.7743256526481709,0.9619110288510067,0.1638602663985926,0.5394736842105263,0.6202219482120839,100.0,100.0,4475,1171,1454,11,1,0,0.002458100558659218,8.539709649871904E-4,0.0,0.45,0.2,0.9,0.4,95.0,20.0,60.0,0.45,0.2,0.9,0.4,95.0,20.0,60.0,2325,2320,5,2325,0.002150537634408602,0.7934063274136127,1.0,0.7934063274136127,1282,0.5525862068965517,1.0,1
"iteration_4","SCOPE_DATA_COLLECTION",600,47,2890.0,2950.0,2,3996,2288,816,3903,2315,878,3979,2280,811,4,4,4,0.0010042681395932714,0.0017513134851138354,0.0049079754601227,0.3153650571388739,0.7743256526481709,1.44286654327651,0.6307301142777478,0.7743256526481709,0.9619110288510067,0.1638602663985926,0.5394736842105263,0.6202219482120839,100.0,100.0,4475,1171,1454,11,1,0,0.002458100558659218,8.539709649871904E-4,0.0,0.45,0.2,0.9,0.4,95.0,20.0,60.0,0.45,0.2,0.9,0.4,95.0,20.0,60.0,809,803,6,809,0.007416563658838072,1.467922005178312,1.5,0.9786146701188746,508,0.6326276463262764,1.0,1
"iteration_4","SCOPE_DATA_COLLECTION",600,48,2950.0,3010.0,0,3782,2325,809,3996,2288,816,3792,2317,806,1,5,6,2.636435539151068E-4,0.002153316106804479,0.007389162561576354,0.3202696302975276,0.793454533862249,1.4661426577776664,0.6405392605950552,0.793454533862249,0.9774284385184443,0.1933016877637131,0.551575312904618,0.6327543424317618,92.5,100.0,4392,1107,1417,12,0,0,0.00273224043715847,0.0,0.0,0.45,0.2,0.9,0.4,95.0,20.0,60.0,0.1,0.7000000000000001,0.30000000000000004,0.1,20.0,95.0,40.0,3921,3900,21,3921,0.005355776587605203,0.3225851696106289,0.5,0.6451703392212578,771,0.1976923076923077,1.0,1
"iteration_4","SCOPE_DATA_COLLECTION",600,48,2950.0,3010.0,1,3782,2325,809,3996,2288,816,3792,2317,806,1,5,6,2.636435539151068E-4,0.002153316106804479,0.007389162561576354,0.3202696302975276,0.793454533862249,1.4661426577776664,0.6405392605950552,0.793454533862249,0.9774284385184443,0.1933016877637131,0.551575312904618,0.6327543424317618,92.5,100.0,4392,1107,1417,12,0,0,0.00273224043715847,0.0,0.0,0.45,0.2,0.9,0.4,95.0,20.0,60.0,0.1,0.7000000000000001,0.30000000000000004,0.1,20.0,95.0,40.0,2407,2390,17,2407,0.007062733693394266,0.754981852467416,1.0,0.754981852467416,1237,0.5175732217573221,1.0,1
"iteration_4","SCOPE_DATA_COLLECTION",600,48,2950.0,3010.0,2,3782,2325,809,3996,2288,816,3792,2317,806,1,5,6,2.636435539151068E-4,0.002153316106804479,0.007389162561576354,0.3202696302975276,0.793454533862249,1.4661426577776664,0.6405392605950552,0.793454533862249,0.9774284385184443,0.1933016877637131,0.551575312904618,0.6327543424317618,92.5,100.0,4392,1107,1417,12,0,0,0.00273224043715847,0.0,0.0,0.45,0.2,0.9,0.4,95.0,20.0,60.0,0.1,0.7000000000000001,0.30000000000000004,0.1,20.0,95.0,40.0,850,841,9,850,0.010588235294117647,1.414948957226996,1.5,0.9432993048179973,513,0.6099881093935791,1.0,1
"iteration_4","SCOPE_DATA_COLLECTION",600,49,3010.0,3070.0,0,3921,2407,850,3782,2325,809,3903,2390,835,21,17,8,0.005351681957186544,0.007062733693394266,0.009489916963226572,0.3219073415095863,0.7559125071818151,1.4109328336061138,0.6438146830191726,0.7559125071818151,0.9406218890707425,0.1960030745580323,0.5188284518828452,0.6071856287425149,100.0,100.0,4264,285,2629,1,0,45,2.3452157598499062E-4,0.0,0.017116774438950173,0.1,0.7000000000000001,0.30000000000000004,0.1,20.0,95.0,40.0,0.1,0.8,0.4,0.1,20.0,85.0,50.0,3796,3793,3,3796,7.903055848261328E-4,0.32740594272600493,0.5,0.6548118854520099,796,0.20986026891642498,1.0,1
"iteration_4","SCOPE_DATA_COLLECTION",600,49,3010.0,3070.0,1,3921,2407,850,3782,2325,809,3903,2390,835,21,17,8,0.005351681957186544,0.007062733693394266,0.009489916963226572,0.3219073415095863,0.7559125071818151,1.4109328336061138,0.6438146830191726,0.7559125071818151,0.9406218890707425,0.1960030745580323,0.5188284518828452,0.6071856287425149,100.0,100.0,4264,285,2629,1,0,45,2.3452157598499062E-4,0.0,0.017116774438950173,0.1,0.7000000000000001,0.30000000000000004,0.1,20.0,95.0,40.0,0.1,0.8,0.4,0.1,20.0,85.0,50.0,2320,2319,1,2320,4.310344827586207E-4,0.7545680510422633,1.0,0.7545680510422633,1213,0.523070288917637,1.0,1
"iteration_4","SCOPE_DATA_COLLECTION",600,49,3010.0,3070.0,2,3921,2407,850,3782,2325,809,3903,2390,835,21,17,8,0.005351681957186544,0.007062733693394266,0.009489916963226572,0.3219073415095863,0.7559125071818151,1.4109328336061138,0.6438146830191726,0.7559125071818151,0.9406218890707425,0.1960030745580323,0.5188284518828452,0.6071856287425149,100.0,100.0,4264,285,2629,1,0,45,2.3452157598499062E-4,0.0,0.017116774438950173,0.1,0.7000000000000001,0.30000000000000004,0.1,20.0,95.0,40.0,0.1,0.8,0.4,0.1,20.0,85.0,50.0,796,796,0,796,0.0,1.4309514773931968,1.5,0.9539676515954646,493,0.6193467336683417,1.0,1
"iteration_4","SCOPE_DATA_COLLECTION",600,50,3070.0,3130.0,0,3796,2320,796,3921,2407,850,3790,2321,804,3,1,1,7.909306617453203E-4,4.306632213608958E-4,0.0012422360248447205,0.32798477899267925,0.7520265529274714,1.4434839076821133,0.6559695579853585,0.7520265529274714,0.9623226051214089,0.21134564643799472,0.5204653166738474,0.6256218905472637,100.0,100.0,4228,278,2406,5,0,0,0.0011825922421948912,0.0,0.0,0.1,0.8,0.4,0.1,20.0,85.0,50.0,0.05,0.9,0.5,0.1,30.0,95.0,50.0,3935,3923,12,3935,0.0030495552731893264,0.3299435417195317,0.5,0.6598870834390634,781,0.19908233494774408,1.0,1
"iteration_4","SCOPE_DATA_COLLECTION",600,50,3070.0,3130.0,1,3796,2320,796,3921,2407,850,3790,2321,804,3,1,1,7.909306617453203E-4,4.306632213608958E-4,0.0012422360248447205,0.32798477899267925,0.7520265529274714,1.4434839076821133,0.6559695579853585,0.7520265529274714,0.9623226051214089,0.21134564643799472,0.5204653166738474,0.6256218905472637,100.0,100.0,4228,278,2406,5,0,0,0.0011825922421948912,0.0,0.0,0.1,0.8,0.4,0.1,20.0,85.0,50.0,0.05,0.9,0.5,0.1,30.0,95.0,50.0,2355,2350,5,2355,0.0021231422505307855,0.7680707862838896,1.0,0.7680707862838896,1222,0.52,1.0,1
"iteration_4","SCOPE_DATA_COLLECTION",600,50,3070.0,3130.0,2,3796,2320,796,3921,2407,850,3790,2321,804,3,1,1,7.909306617453203E-4,4.306632213608958E-4,0.0012422360248447205,0.32798477899267925,0.7520265529274714,1.4434839076821133,0.6559695579853585,0.7520265529274714,0.9623226051214089,0.21134564643799472,0.5204653166738474,0.6256218905472637,100.0,100.0,4228,278,2406,5,0,0,0.0011825922421948912,0.0,0.0,0.1,0.8,0.4,0.1,20.0,85.0,50.0,0.05,0.9,0.5,0.1,30.0,95.0,50.0,896,891,5,896,0.005580357142857143,1.327218791903103,1.5,0.8848125279354021,499,0.5600448933782267,1.0,1
"iteration_4","SCOPE_DATA_COLLECTION",600,51,3130.0,3190.0,0,3935,2355,896,3796,2320,796,3923,2352,887,12,5,5,0.0030495552731893264,0.0021213406873143827,0.005605381165919282,0.33022241270671,0.7693854116379711,1.3223565356027034,0.66044482541342,0.7693854116379711,0.8815710237351356,0.200101962783584,0.5221088435374149,0.5580608793686584,100.0,100.0,4244,139,2803,7,0,15,0.001649387370405278,0.0,0.005351409204423832,0.05,0.9,0.5,0.1,30.0,95.0,50.0,0.30000000000000004,0.6000000000000001,0.9,0.6000000000000001,60.0,55.0,95.0,3870,3866,4,3870,0.0010335917312661498,0.32178797107031154,0.5,0.6435759421406231,827,0.21391619244697363,1.0,1
"iteration_4","SCOPE_DATA_COLLECTION",600,51,3130.0,3190.0,1,3935,2355,896,3796,2320,796,3923,2352,887,12,5,5,0.0030495552731893264,0.0021213406873143827,0.005605381165919282,0.33022241270671,0.7693854116379711,1.3223565356027034,0.66044482541342,0.7693854116379711,0.8815710237351356,0.200101962783584,0.5221088435374149,0.5580608793686584,100.0,100.0,4244,139,2803,7,0,15,0.001649387370405278,0.0,0.005351409204423832,0.05,0.9,0.5,0.1,30.0,95.0,50.0,0.30000000000000004,0.6000000000000001,0.9,0.6000000000000001,60.0,55.0,95.0,2356,2347,9,2356,0.0038200339558573855,0.7881858953206518,1.0,0.7881858953206518,1249,0.532168726033234,1.0,1
"iteration_4","SCOPE_DATA_COLLECTION",600,51,3130.0,3190.0,2,3935,2355,896,3796,2320,796,3923,2352,887,12,5,5,0.0030495552731893264,0.0021213406873143827,0.005605381165919282,0.33022241270671,0.7693854116379711,1.3223565356027034,0.66044482541342,0.7693854116379711,0.8815710237351356,0.200101962783584,0.5221088435374149,0.5580608793686584,100.0,100.0,4244,139,2803,7,0,15,0.001649387370405278,0.0,0.005351409204423832,0.05,0.9,0.5,0.1,30.0,95.0,50.0,0.30000000000000004,0.6000000000000001,0.9,0.6000000000000001,60.0,55.0,95.0,829,822,7,829,0.008443908323281062,1.496324989121133,1.5,0.997549992747422,524,0.6374695863746959,1.0,1
"iteration_4","SCOPE_DATA_COLLECTION",600,52,3190.0,3250.0,0,3870,2356,829,3935,2355,896,3868,2329,821,4,9,7,0.0010330578512396695,0.003849443969204448,0.008454106280193236,0.3216916894251318,0.7849003713370954,1.4880376168695009,0.6433833788502636,0.7849003713370954,0.9920250779130005,0.21225439503619442,0.5294117647058824,0.6345919610231425,97.5,100.0,4297,827,1931,20,0,0,0.004654410053525715,0.0,0.0,0.30000000000000004,0.6000000000000001,0.9,0.6000000000000001,60.0,55.0,95.0,0.2,0.5,0.9,0.7000000000000001,50.0,55.0,95.0,3916,3911,5,3916,0.0012768130745658835,0.315928110615564,0.5,0.631856221231128,793,0.2027614420864229,1.0,1
"iteration_4","SCOPE_DATA_COLLECTION",600,52,3190.0,3250.0,1,3870,2356,829,3935,2355,896,3868,2329,821,4,9,7,0.0010330578512396695,0.003849443969204448,0.008454106280193236,0.3216916894251318,0.7849003713370954,1.4880376168695009,0.6433833788502636,0.7849003713370954,0.9920250779130005,0.21225439503619442,0.5294117647058824,0.6345919610231425,97.5,100.0,4297,827,1931,20,0,0,0.004654410053525715,0.0,0.0,0.30000000000000004,0.6000000000000001,0.9,0.6000000000000001,60.0,55.0,95.0,0.2,0.5,0.9,0.7000000000000001,50.0,55.0,95.0,2346,2341,5,2346,0.002131287297527707,0.7738392474916971,1.0,0.7738392474916971,1201,0.5130286202477574,1.0,1
"iteration_4","SCOPE_DATA_COLLECTION",600,52,3190.0,3250.0,2,3870,2356,829,3935,2355,896,3868,2329,821,4,9,7,0.0010330578512396695,0.003849443969204448,0.008454106280193236,0.3216916894251318,0.7849003713370954,1.4880376168695009,0.6433833788502636,0.7849003713370954,0.9920250779130005,0.21225439503619442,0.5294117647058824,0.6345919610231425,97.5,100.0,4297,827,1931,20,0,0,0.004654410053525715,0.0,0.0,0.30000000000000004,0.6000000000000001,0.9,0.6000000000000001,60.0,55.0,95.0,0.2,0.5,0.9,0.7000000000000001,50.0,55.0,95.0,885,882,3,885,0.003389830508474576,1.4488413081060627,1.5,0.9658942054040418,539,0.6111111111111112,1.0,1
"iteration_4","SCOPE_DATA_COLLECTION",600,53,3250.0,3310.0,0,3916,2346,885,3870,2356,829,3898,2355,884,5,5,3,0.0012810658467845247,0.00211864406779661,0.0033821871476888386,0.31554592531479275,0.7755748193471751,1.4520172695068314,0.6310918506295855,0.7755748193471751,0.9680115130045542,0.2034376603386352,0.5146496815286624,0.6119909502262444,100.0,100.0,4267,556,2324,13,0,0,0.0030466369814858216,0.0,0.0,0.2,0.5,0.9,0.7000000000000001,50.0,55.0,95.0,0.2,0.5,0.9,0.7000000000000001,50.0,55.0,95.0,3777,3775,2,3777,5.295207836907599E-4,0.3164441298196425,0.5,0.632888259639285,631,0.1671523178807947,1.0,1
"iteration_4","SCOPE_DATA_COLLECTION",600,53,3250.0,3310.0,1,3916,2346,885,3870,2356,829,3898,2355,884,5,5,3,0.0012810658467845247,0.00211864406779661,0.0033821871476888386,0.31554592531479275,0.7755748193471751,1.4520172695068314,0.6310918506295855,0.7755748193471751,0.9680115130045542,0.2034376603386352,0.5146496815286624,0.6119909502262444,100.0,100.0,4267,556,2324,13,0,0,0.0030466369814858216,0.0,0.0,0.2,0.5,0.9,0.7000000000000001,50.0,55.0,95.0,0.2,0.5,0.9,0.7000000000000001,50.0,55.0,95.0,2205,2201,4,2205,0.0018140589569160999,0.7947926739673762,1.0,0.7947926739673762,1176,0.53430258973194,1.0,1
"iteration_4","SCOPE_DATA_COLLECTION",600,53,3250.0,3310.0,2,3916,2346,885,3870,2356,829,3898,2355,884,5,5,3,0.0012810658467845247,0.00211864406779661,0.0033821871476888386,0.31554592531479275,0.7755748193471751,1.4520172695068314,0.6310918506295855,0.7755748193471751,0.9680115130045542,0.2034376603386352,0.5146496815286624,0.6119909502262444,100.0,100.0,4267,556,2324,13,0,0,0.0030466369814858216,0.0,0.0,0.2,0.5,0.9,0.7000000000000001,50.0,55.0,95.0,0.2,0.5,0.9,0.7000000000000001,50.0,55.0,95.0,841,831,10,841,0.011890606420927468,1.4275294116425739,1.5,0.9516862744283826,501,0.6028880866425993,1.0,1
"iteration_4","SCOPE_DATA_COLLECTION",600,54,3310.0,3370.0,0,3777,2205,841,3916,2346,885,3776,2214,831,2,4,10,5.293806246691371E-4,0.0018034265103697023,0.011890606420927468,0.3164345586024384,0.7974048031003332,1.4309080702656578,0.6328691172048768,0.7974048031003332,0.9539387135104386,0.1673728813559322,0.5370370370370371,0.6040914560770156,97.5,100.0,4281,461,2081,16,0,0,0.003737444522307872,0.0,0.0,0.2,0.5,0.9,0.7000000000000001,50.0,55.0,95.0,0.2,0.6000000000000001,0.8,0.6000000000000001,40.0,65.0,85.0,3832,3829,3,3832,7.828810020876827E-4,0.3165652699604277,0.5,0.6331305399208554,731,0.19091146513449986,1.0,1
"iteration_4","SCOPE_DATA_COLLECTION",600,54,3310.0,3370.0,1,3777,2205,841,3916,2346,885,3776,2214,831,2,4,10,5.293806246691371E-4,0.0018034265103697023,0.011890606420927468,0.3164345586024384,0.7974048031003332,1.4309080702656578,0.6328691172048768,0.7974048031003332,0.9539387135104386,0.1673728813559322,0.5370370370370371,0.6040914560770156,97.5,100.0,4281,461,2081,16,0,0,0.003737444522307872,0.0,0.0,0.2,0.5,0.9,0.7000000000000001,50.0,55.0,95.0,0.2,0.6000000000000001,0.8,0.6000000000000001,40.0,65.0,85.0,2344,2341,3,2344,0.001279863481228669,0.7712942635436342,1.0,0.7712942635436342,1218,0.5202904741563434,1.0,1
"iteration_4","SCOPE_DATA_COLLECTION",600,54,3310.0,3370.0,2,3777,2205,841,3916,2346,885,3776,2214,831,2,4,10,5.293806246691371E-4,0.0018034265103697023,0.011890606420927468,0.3164345586024384,0.7974048031003332,1.4309080702656578,0.6328691172048768,0.7974048031003332,0.9539387135104386,0.1673728813559322,0.5370370370370371,0.6040914560770156,97.5,100.0,4281,461,2081,16,0,0,0.003737444522307872,0.0,0.0,0.2,0.5,0.9,0.7000000000000001,50.0,55.0,95.0,0.2,0.6000000000000001,0.8,0.6000000000000001,40.0,65.0,85.0,840,835,5,840,0.005952380952380952,1.4515616824380466,1.5,0.9677077882920311,518,0.6203592814371257,1.0,1
"iteration_4","SCOPE_DATA_COLLECTION",600,55,3370.0,3430.0,0,3832,2344,840,3777,2205,841,3837,2327,839,3,3,5,7.8125E-4,0.0012875536480686696,0.005924170616113744,0.3165144068725372,0.7684974889851408,1.4506762513007376,0.6330288137450744,0.7684974889851408,0.9671175008671584,0.18973156111545478,0.5169746454662656,0.6197854588796186,97.5,100.0,4265,496,2255,11,0,0,0.002579132473622509,0.0,0.0,0.2,0.6000000000000001,0.8,0.6000000000000001,40.0,65.0,85.0,0.1,0.5,0.9,0.6000000000000001,50.0,65.0,75.0,4024,4006,18,4024,0.0044731610337972166,0.32447530221224746,0.5,0.6489506044244949,809,0.2019470793809286,1.0,1
"iteration_4","SCOPE_DATA_COLLECTION",600,55,3370.0,3430.0,1,3832,2344,840,3777,2205,841,3837,2327,839,3,3,5,7.8125E-4,0.0012875536480686696,0.005924170616113744,0.3165144068725372,0.7684974889851408,1.4506762513007376,0.6330288137450744,0.7684974889851408,0.9671175008671584,0.18973156111545478,0.5169746454662656,0.6197854588796186,97.5,100.0,4265,496,2255,11,0,0,0.002579132473622509,0.0,0.0,0.2,0.6000000000000001,0.8,0.6000000000000001,40.0,65.0,85.0,0.1,0.5,0.9,0.6000000000000001,50.0,65.0,75.0,2352,2331,21,2352,0.008928571428571428,0.800870760901391,1.0,0.800870760901391,1255,0.5383955383955384,1.0,1
"iteration_4","SCOPE_DATA_COLLECTION",600,55,3370.0,3430.0,2,3832,2344,840,3777,2205,841,3837,2327,839,3,3,5,7.8125E-4,0.0012875536480686696,0.005924170616113744,0.3165144068725372,0.7684974889851408,1.4506762513007376,0.6330288137450744,0.7684974889851408,0.9671175008671584,0.18973156111545478,0.5169746454662656,0.6197854588796186,97.5,100.0,4265,496,2255,11,0,0,0.002579132473622509,0.0,0.0,0.2,0.6000000000000001,0.8,0.6000000000000001,40.0,65.0,85.0,0.1,0.5,0.9,0.6000000000000001,50.0,65.0,75.0,828,821,7,828,0.008454106280193236,1.410201282329171,1.5,0.9401341882194473,490,0.5968331303288672,1.0,1
"iteration_4","SCOPE_DATA_COLLECTION",600,56,3430.0,3490.0,0,4024,2352,828,3832,2344,840,4000,2336,815,18,21,7,0.004479840716774514,0.008909630886720407,0.00851581508515815,0.324099675328314,0.8020788678368348,1.412112735926764,0.648199350656628,0.8020788678368348,0.9414084906178427,0.2025,0.5402397260273972,0.5975460122699386,87.5,100.0,4411,231,2562,16,0,30,0.003627295397868964,0.0,0.0117096018735363,0.1,0.5,0.9,0.6000000000000001,50.0,65.0,75.0,0.1,0.4,0.9,0.7000000000000001,40.0,75.0,65.0,3807,3804,3,3807,7.880220646178094E-4,0.31496372396548034,0.5,0.6299274479309607,678,0.17823343848580442,1.0,1
"iteration_4","SCOPE_DATA_COLLECTION",600,56,3430.0,3490.0,1,4024,2352,828,3832,2344,840,4000,2336,815,18,21,7,0.004479840716774514,0.008909630886720407,0.00851581508515815,0.324099675328314,0.8020788678368348,1.412112735926764,0.648199350656628,0.8020788678368348,0.9414084906178427,0.2025,0.5402397260273972,0.5975460122699386,87.5,100.0,4411,231,2562,16,0,30,0.003627295397868964,0.0,0.0117096018735363,0.1,0.5,0.9,0.6000000000000001,50.0,65.0,75.0,0.1,0.4,0.9,0.7000000000000001,40.0,75.0,65.0,2290,2287,3,2290,0.0013100436681222707,0.7904533936121471,1.0,0.7904533936121471,1223,0.534761696545693,1.0,1
"iteration_4","SCOPE_DATA_COLLECTION",600,56,3430.0,3490.0,2,4024,2352,828,3832,2344,840,4000,2336,815,18,21,7,0.004479840716774514,0.008909630886720407,0.00851581508515815,0.324099675328314,0.8020788678368348,1.412112735926764,0.648199350656628,0.8020788678368348,0.9414084906178427,0.2025,0.5402397260273972,0.5975460122699386,87.5,100.0,4411,231,2562,16,0,30,0.003627295397868964,0.0,0.0117096018735363,0.1,0.5,0.9,0.6000000000000001,50.0,65.0,75.0,0.1,0.4,0.9,0.7000000000000001,40.0,75.0,65.0,829,821,8,829,0.009650180940892641,1.4573104686176008,1.5,0.9715403124117339,512,0.6236297198538368,1.0,1
"iteration_4","SCOPE_DATA_COLLECTION",600,57,3490.0,3550.0,0,3807,2290,829,4024,2352,828,3811,2282,823,3,3,8,7.865757734661773E-4,0.001312910284463895,0.009626955475330927,0.3152503661905748,0.7899167610399254,1.4520948143123489,0.6305007323811496,0.7899167610399254,0.9680632095415659,0.1776436630805563,0.5337423312883436,0.6208991494532199,97.5,100.0,4262,271,2393,14,0,0,0.00328484279680901,0.0,0.0,0.1,0.4,0.9,0.7000000000000001,40.0,75.0,65.0,0.1,0.30000000000000004,0.9,0.7000000000000001,30.0,65.0,55.0,3847,3834,13,3847,0.0033792565635560176,0.3134404508747192,0.5,0.6268809017494384,622,0.16223265519040167,1.0,1
"iteration_4","SCOPE_DATA_COLLECTION",600,57,3490.0,3550.0,1,3807,2290,829,4024,2352,828,3811,2282,823,3,3,8,7.865757734661773E-4,0.001312910284463895,0.009626955475330927,0.3152503661905748,0.7899167610399254,1.4520948143123489,0.6305007323811496,0.7899167610399254,0.9680632095415659,0.1776436630805563,0.5337423312883436,0.6208991494532199,97.5,100.0,4262,271,2393,14,0,0,0.00328484279680901,0.0,0.0,0.1,0.4,0.9,0.7000000000000001,40.0,75.0,65.0,0.1,0.30000000000000004,0.9,0.7000000000000001,30.0,65.0,55.0,2305,2294,11,2305,0.004772234273318872,0.8015422962236927,1.0,0.8015422962236927,1269,0.553182214472537,1.0,1
"iteration_4","SCOPE_DATA_COLLECTION",600,57,3490.0,3550.0,2,3807,2290,829,4024,2352,828,3811,2282,823,3,3,8,7.865757734661773E-4,0.001312910284463895,0.009626955475330927,0.3152503661905748,0.7899167610399254,1.4520948143123489,0.6305007323811496,0.7899167610399254,0.9680632095415659,0.1776436630805563,0.5337423312883436,0.6208991494532199,97.5,100.0,4262,271,2393,14,0,0,0.00328484279680901,0.0,0.0,0.1,0.4,0.9,0.7000000000000001,40.0,75.0,65.0,0.1,0.30000000000000004,0.9,0.7000000000000001,30.0,65.0,55.0,804,797,7,804,0.008706467661691543,1.4283654360867144,1.5,0.9522436240578096,488,0.6122961104140527,1.0,1
"iteration_4","SCOPE_DATA_COLLECTION",600,58,3550.0,3617.210876613525,0,3847,2305,804,3807,2290,829,3830,2287,797,13,11,7,0.0033827738745771533,0.004786771105308964,0.008706467661691543,0.3138252701798724,0.7998026387371377,1.4323694103298663,0.6276505403597448,0.7998026387371377,0.9549129402199109,0.1626631853785901,0.5513773502404897,0.6148055207026348,100.0,100.0,4409,275,2272,14,0,17,0.0031753232025402587,0.0,0.007482394366197183,0.1,0.30000000000000004,0.9,0.7000000000000001,30.0,65.0,55.0,0.1,0.30000000000000004,0.9,0.7000000000000001,30.0,65.0,55.0,3192,3169,1,3170,3.154574132492114E-4,0.30885423937663437,0.5,0.6177084787532687,546,0.17229409908488483,0.9931077694235589,0
"iteration_4","SCOPE_DATA_COLLECTION",600,58,3550.0,3617.210876613525,1,3847,2305,804,3807,2290,829,3830,2287,797,13,11,7,0.0033827738745771533,0.004786771105308964,0.008706467661691543,0.3138252701798724,0.7998026387371377,1.4323694103298663,0.6276505403597448,0.7998026387371377,0.9549129402199109,0.1626631853785901,0.5513773502404897,0.6148055207026348,100.0,100.0,4409,275,2272,14,0,17,0.0031753232025402587,0.0,0.007482394366197183,0.1,0.30000000000000004,0.9,0.7000000000000001,30.0,65.0,55.0,0.1,0.30000000000000004,0.9,0.7000000000000001,30.0,65.0,55.0,2006,1969,5,1974,0.0025329280648429585,0.7878593691409796,1.0,0.7878593691409796,1037,0.526663280853225,0.9840478564307079,0
"iteration_4","SCOPE_DATA_COLLECTION",600,58,3550.0,3617.210876613525,2,3847,2305,804,3807,2290,829,3830,2287,797,13,11,7,0.0033827738745771533,0.004786771105308964,0.008706467661691543,0.3138252701798724,0.7998026387371377,1.4323694103298663,0.6276505403597448,0.7998026387371377,0.9549129402199109,0.1626631853785901,0.5513773502404897,0.6148055207026348,100.0,100.0,4409,275,2272,14,0,17,0.0031753232025402587,0.0,0.007482394366197183,0.1,0.30000000000000004,0.9,0.7000000000000001,30.0,65.0,55.0,0.1,0.30000000000000004,0.9,0.7000000000000001,30.0,65.0,55.0,717,694,5,699,0.00715307582260372,1.4247392238660597,1.5,0.9498261492440397,418,0.6023054755043228,0.9748953974895398,0
"iteration_4","SCOPE_DATA_COLLECTION",700,0,70.0,130.0,0,3821,2623,910,0,0,0,3793,2587,883,2,7,3,5.270092226613965E-4,0.0026985350809560524,0.003386004514672686,0.3176509115053542,0.7549194852969423,1.3706080363594062,0.6353018230107084,0.7549194852969423,0.9137386909062708,0.2293698919061429,0.48589099342868186,0.5685164212910532,95.0,100.0,4118,1946,1290,9,3,0,0.002185526954832443,0.001541623843782117,0.0,0.6,0.5,0.7,0.4,85.0,80.0,90.0,0.6,0.5,0.7,0.4,85.0,80.0,90.0,4294,4288,6,4294,0.0013972985561248254,0.30871405124216583,0.5,0.6174281024843317,968,0.22574626865671643,1.0,1
"iteration_4","SCOPE_DATA_COLLECTION",700,0,70.0,130.0,1,3821,2623,910,0,0,0,3793,2587,883,2,7,3,5.270092226613965E-4,0.0026985350809560524,0.003386004514672686,0.3176509115053542,0.7549194852969423,1.3706080363594062,0.6353018230107084,0.7549194852969423,0.9137386909062708,0.2293698919061429,0.48589099342868186,0.5685164212910532,95.0,100.0,4118,1946,1290,9,3,0,0.002185526954832443,0.001541623843782117,0.0,0.6,0.5,0.7,0.4,85.0,80.0,90.0,0.6,0.5,0.7,0.4,85.0,80.0,90.0,2785,2777,8,2785,0.002872531418312388,0.7393703096486369,1.0,0.7393703096486369,1353,0.4872164205977674,1.0,1
"iteration_4","SCOPE_DATA_COLLECTION",700,0,70.0,130.0,2,3821,2623,910,0,0,0,3793,2587,883,2,7,3,5.270092226613965E-4,0.0026985350809560524,0.003386004514672686,0.3176509115053542,0.7549194852969423,1.3706080363594062,0.6353018230107084,0.7549194852969423,0.9137386909062708,0.2293698919061429,0.48589099342868186,0.5685164212910532,95.0,100.0,4118,1946,1290,9,3,0,0.002185526954832443,0.001541623843782117,0.0,0.6,0.5,0.7,0.4,85.0,80.0,90.0,0.6,0.5,0.7,0.4,85.0,80.0,90.0,978,968,10,978,0.010224948875255624,1.3457581729296684,1.5,0.8971721152864456,537,0.5547520661157025,1.0,1
"iteration_4","SCOPE_DATA_COLLECTION",700,1,130.0,190.0,0,4294,2785,978,3821,2623,910,4278,2773,969,6,8,10,0.0014005602240896359,0.002876663070837828,0.010214504596527068,0.3085893654926409,0.7404366128749755,1.3507410692292234,0.6171787309852818,0.7404366128749755,0.9004940461528156,0.2244039270687237,0.4861161197259286,0.5572755417956656,100.0,100.0,4361,2218,1478,21,3,0,0.004815409309791332,0.001352569882777277,0.0,0.6,0.5,0.7,0.4,85.0,80.0,90.0,0.6,0.5,0.7,0.4,85.0,80.0,90.0,4189,4183,6,4189,0.0014323227500596801,0.31667758652164857,0.5,0.6333551730432971,1030,0.2462347597418121,1.0,1
"iteration_4","SCOPE_DATA_COLLECTION",700,1,130.0,190.0,1,4294,2785,978,3821,2623,910,4278,2773,969,6,8,10,0.0014005602240896359,0.002876663070837828,0.010214504596527068,0.3085893654926409,0.7404366128749755,1.3507410692292234,0.6171787309852818,0.7404366128749755,0.9004940461528156,0.2244039270687237,0.4861161197259286,0.5572755417956656,100.0,100.0,4361,2218,1478,21,3,0,0.004815409309791332,0.001352569882777277,0.0,0.6,0.5,0.7,0.4,85.0,80.0,90.0,0.6,0.5,0.7,0.4,85.0,80.0,90.0,2858,2853,5,2858,0.0017494751574527643,0.7275077898711073,1.0,0.7275077898711073,1342,0.4703820539782685,1.0,1
"iteration_4","SCOPE_DATA_COLLECTION",700,1,130.0,190.0,2,4294,2785,978,3821,2623,910,4278,2773,969,6,8,10,0.0014005602240896359,0.002876663070837828,0.010214504596527068,0.3085893654926409,0.7404366128749755,1.3507410692292234,0.6171787309852818,0.7404366128749755,0.9004940461528156,0.2244039270687237,0.4861161197259286,0.5572755417956656,100.0,100.0,4361,2218,1478,21,3,0,0.004815409309791332,0.001352569882777277,0.0,0.6,0.5,0.7,0.4,85.0,80.0,90.0,0.6,0.5,0.7,0.4,85.0,80.0,90.0,1023,1010,13,1023,0.01270772238514174,1.3302194929555191,1.5,0.8868129953036794,550,0.5445544554455446,1.0,1
"iteration_4","SCOPE_DATA_COLLECTION",700,2,190.0,250.0,0,4189,2858,1023,4294,2785,978,4207,2845,1014,6,5,13,0.0014241633040588653,0.0017543859649122807,0.012658227848101266,0.31807724506417295,0.727725894808341,1.3364216526703885,0.6361544901283459,0.727725894808341,0.8909477684469257,0.24910862847634893,0.4699472759226713,0.5463510848126233,100.0,100.0,4337,2200,1533,23,1,0,0.005303204980401199,4.5454545454545455E-4,0.0,0.6,0.5,0.7,0.4,85.0,80.0,90.0,0.6000000000000001,0.6000000000000001,0.6000000000000001,0.4,85.0,70.0,95.0,4233,4232,1,4233,2.3623907394283014E-4,0.32809948902256125,0.5,0.6561989780451225,1104,0.2608695652173913,1.0,1
"iteration_4","SCOPE_DATA_COLLECTION",700,2,190.0,250.0,1,4189,2858,1023,4294,2785,978,4207,2845,1014,6,5,13,0.0014241633040588653,0.0017543859649122807,0.012658227848101266,0.31807724506417295,0.727725894808341,1.3364216526703885,0.6361544901283459,0.727725894808341,0.8909477684469257,0.24910862847634893,0.4699472759226713,0.5463510848126233,100.0,100.0,4337,2200,1533,23,1,0,0.005303204980401199,4.5454545454545455E-4,0.0,0.6,0.5,0.7,0.4,85.0,80.0,90.0,0.6000000000000001,0.6000000000000001,0.6000000000000001,0.4,85.0,70.0,95.0,2865,2858,7,2865,0.002443280977312391,0.7331276668133797,1.0,0.7331276668133797,1398,0.48915325402379284,1.0,1
"iteration_4","SCOPE_DATA_COLLECTION",700,2,190.0,250.0,2,4189,2858,1023,4294,2785,978,4207,2845,1014,6,5,13,0.0014241633040588653,0.0017543859649122807,0.012658227848101266,0.31807724506417295,0.727725894808341,1.3364216526703885,0.6361544901283459,0.727725894808341,0.8909477684469257,0.24910862847634893,0.4699472759226713,0.5463510848126233,100.0,100.0,4337,2200,1533,23,1,0,0.005303204980401199,4.5454545454545455E-4,0.0,0.6,0.5,0.7,0.4,85.0,80.0,90.0,0.6000000000000001,0.6000000000000001,0.6000000000000001,0.4,85.0,70.0,95.0,1005,993,12,1005,0.011940298507462687,1.3069346524722742,1.5,0.8712897683148495,530,0.5337361530715005,1.0,1
"iteration_4","SCOPE_DATA_COLLECTION",700,3,250.0,310.0,0,4233,2865,1005,4189,2858,1023,4218,2860,996,1,7,12,2.3702299123014932E-4,0.002441576560865016,0.011904761904761904,0.3267244938325891,0.7311225881521661,1.3077157167872089,0.6534489876651782,0.7311225881521661,0.8718104778581393,0.2574679943100996,0.48776223776223776,0.5341365461847389,95.0,100.0,4423,2193,1487,20,0,0,0.0045218177707438394,0.0,0.0,0.6000000000000001,0.6000000000000001,0.6000000000000001,0.4,85.0,70.0,95.0,0.6000000000000001,0.5,0.5,0.5,75.0,70.0,85.0,4242,4240,2,4242,4.714757190004715E-4,0.32691728417868016,0.5,0.6538345683573603,1121,0.2643867924528302,1.0,1
"iteration_4","SCOPE_DATA_COLLECTION",700,3,250.0,310.0,1,4233,2865,1005,4189,2858,1023,4218,2860,996,1,7,12,2.3702299123014932E-4,0.002441576560865016,0.011904761904761904,0.3267244938325891,0.7311225881521661,1.3077157167872089,0.6534489876651782,0.7311225881521661,0.8718104778581393,0.2574679943100996,0.48776223776223776,0.5341365461847389,95.0,100.0,4423,2193,1487,20,0,0,0.0045218177707438394,0.0,0.0,0.6000000000000001,0.6000000000000001,0.6000000000000001,0.4,85.0,70.0,95.0,0.6000000000000001,0.5,0.5,0.5,75.0,70.0,85.0,2875,2865,10,2875,0.0034782608695652175,0.7356110300822003,1.0,0.7356110300822003,1376,0.4802792321116928,1.0,1
"iteration_4","SCOPE_DATA_COLLECTION",700,3,250.0,310.0,2,4233,2865,1005,4189,2858,1023,4218,2860,996,1,7,12,2.3702299123014932E-4,0.002441576560865016,0.011904761904761904,0.3267244938325891,0.7311225881521661,1.3077157167872089,0.6534489876651782,0.7311225881521661,0.8718104778581393,0.2574679943100996,0.48776223776223776,0.5341365461847389,95.0,100.0,4423,2193,1487,20,0,0,0.0045218177707438394,0.0,0.0,0.6000000000000001,0.6000000000000001,0.6000000000000001,0.4,85.0,70.0,95.0,0.6000000000000001,0.5,0.5,0.5,75.0,70.0,85.0,1026,1022,4,1026,0.003898635477582846,1.3143130414455113,1.5,0.8762086942970075,543,0.5313111545988258,1.0,1
"iteration_4","SCOPE_DATA_COLLECTION",700,4,310.0,370.0,0,4242,2875,1026,4233,2865,1005,4245,2865,1014,2,10,4,4.709206498704968E-4,0.0034782608695652175,0.003929273084479371,0.32767029695586036,0.7386809639898912,1.3086247371251312,0.6553405939117207,0.7386809639898912,0.8724164914167541,0.2664310954063604,0.48411867364746947,0.5295857988165681,100.0,100.0,4431,2165,1547,15,1,0,0.003385240352064997,4.6189376443418013E-4,0.0,0.6000000000000001,0.5,0.5,0.5,75.0,70.0,85.0,0.5,0.4,0.6000000000000001,0.6000000000000001,85.0,80.0,75.0,4331,4322,9,4331,0.0020780420226275687,0.3065353946110745,0.5,0.613070789222149,954,0.22073114298935678,1.0,1
"iteration_4","SCOPE_DATA_COLLECTION",700,4,310.0,370.0,1,4242,2875,1026,4233,2865,1005,4245,2865,1014,2,10,4,4.709206498704968E-4,0.0034782608695652175,0.003929273084479371,0.32767029695586036,0.7386809639898912,1.3086247371251312,0.6553405939117207,0.7386809639898912,0.8724164914167541,0.2664310954063604,0.48411867364746947,0.5295857988165681,100.0,100.0,4431,2165,1547,15,1,0,0.003385240352064997,4.6189376443418013E-4,0.0,0.6000000000000001,0.5,0.5,0.5,75.0,70.0,85.0,0.5,0.4,0.6000000000000001,0.6000000000000001,85.0,80.0,75.0,2821,2814,7,2821,0.0024813895781637717,0.741387527242552,1.0,0.741387527242552,1358,0.48258706467661694,1.0,1
"iteration_4","SCOPE_DATA_COLLECTION",700,4,310.0,370.0,2,4242,2875,1026,4233,2865,1005,4245,2865,1014,2,10,4,4.709206498704968E-4,0.0034782608695652175,0.003929273084479371,0.32767029695586036,0.7386809639898912,1.3086247371251312,0.6553405939117207,0.7386809639898912,0.8724164914167541,0.2664310954063604,0.48411867364746947,0.5295857988165681,100.0,100.0,4431,2165,1547,15,1,0,0.003385240352064997,4.6189376443418013E-4,0.0,0.6000000000000001,0.5,0.5,0.5,75.0,70.0,85.0,0.5,0.4,0.6000000000000001,0.6000000000000001,85.0,80.0,75.0,976,965,11,976,0.011270491803278689,1.3578865378560587,1.5,0.9052576919040392,533,0.5523316062176166,1.0,1
"iteration_4","SCOPE_DATA_COLLECTION",700,5,370.0,430.0,0,4331,2821,976,4242,2875,1026,4325,2822,965,9,7,11,0.002076603599446239,0.002474372569812655,0.011270491803278689,0.3067188600912115,0.742004782561327,1.355874172408951,0.613437720182423,0.742004782561327,0.9039161149393006,0.22057803468208093,0.48228206945428775,0.550259067357513,97.5,100.0,4403,1840,1885,26,1,0,0.0059050647285941405,5.434782608695652E-4,0.0,0.5,0.4,0.6000000000000001,0.6000000000000001,85.0,80.0,75.0,0.4,0.4,0.6000000000000001,0.7000000000000001,85.0,70.0,85.0,4129,4122,7,4129,0.0016953257447323807,0.3166743269514466,0.5,0.6333486539028932,972,0.23580786026200873,1.0,1
"iteration_4","SCOPE_DATA_COLLECTION",700,5,370.0,430.0,1,4331,2821,976,4242,2875,1026,4325,2822,965,9,7,11,0.002076603599446239,0.002474372569812655,0.011270491803278689,0.3067188600912115,0.742004782561327,1.355874172408951,0.613437720182423,0.742004782561327,0.9039161149393006,0.22057803468208093,0.48228206945428775,0.550259067357513,97.5,100.0,4403,1840,1885,26,1,0,0.0059050647285941405,5.434782608695652E-4,0.0,0.5,0.4,0.6000000000000001,0.6000000000000001,85.0,80.0,75.0,0.4,0.4,0.6000000000000001,0.7000000000000001,85.0,70.0,85.0,2871,2857,14,2871,0.004876349703935911,0.7556681553738949,1.0,0.7556681553738949,1415,0.4952747637381869,1.0,1
"iteration_4","SCOPE_DATA_COLLECTION",700,5,370.0,430.0,2,4331,2821,976,4242,2875,1026,4325,2822,965,9,7,11,0.002076603599446239,0.002474372569812655,0.011270491803278689,0.3067188600912115,0.742004782561327,1.355874172408951,0.613437720182423,0.742004782561327,0.9039161149393006,0.22057803468208093,0.48228206945428775,0.550259067357513,97.5,100.0,4403,1840,1885,26,1,0,0.0059050647285941405,5.434782608695652E-4,0.0,0.5,0.4,0.6000000000000001,0.6000000000000001,85.0,80.0,75.0,0.4,0.4,0.6000000000000001,0.7000000000000001,85.0,70.0,85.0,970,962,8,970,0.008247422680412371,1.3135485499741089,1.5,0.8756990333160726,509,0.5291060291060291,1.0,1
"iteration_4","SCOPE_DATA_COLLECTION",700,6,430.0,490.0,0,4129,2871,970,4331,2821,976,4112,2852,968,7,13,8,0.0016994416120417577,0.004537521815008726,0.00819672131147541,0.316259331120893,0.7523397140902851,1.31450986452704,0.632518662241786,0.7523397140902851,0.8763399096846934,0.23492217898832685,0.49298737727910236,0.53099173553719,95.0,100.0,4421,1376,2173,25,3,0,0.005654829224157431,0.002180232558139535,0.0,0.4,0.4,0.6000000000000001,0.7000000000000001,85.0,70.0,85.0,0.4,0.4,0.6000000000000001,0.7000000000000001,85.0,70.0,85.0,4190,4183,7,4190,0.0016706443914081145,0.31632915351512075,0.5,0.6326583070302415,1025,0.24503944537413339,1.0,1
"iteration_4","SCOPE_DATA_COLLECTION",700,6,430.0,490.0,1,4129,2871,970,4331,2821,976,4112,2852,968,7,13,8,0.0016994416120417577,0.004537521815008726,0.00819672131147541,0.316259331120893,0.7523397140902851,1.31450986452704,0.632518662241786,0.7523397140902851,0.8763399096846934,0.23492217898832685,0.49298737727910236,0.53099173553719,95.0,100.0,4421,1376,2173,25,3,0,0.005654829224157431,0.002180232558139535,0.0,0.4,0.4,0.6000000000000001,0.7000000000000001,85.0,70.0,85.0,0.4,0.4,0.6000000000000001,0.7000000000000001,85.0,70.0,85.0,2908,2897,11,2908,0.003782668500687758,0.7402976062947432,1.0,0.7402976062947432,1397,0.4822229892992751,1.0,1
"iteration_4","SCOPE_DATA_COLLECTION",700,6,430.0,490.0,2,4129,2871,970,4331,2821,976,4112,2852,968,7,13,8,0.0016994416120417577,0.004537521815008726,0.00819672131147541,0.316259331120893,0.7523397140902851,1.31450986452704,0.632518662241786,0.7523397140902851,0.8763399096846934,0.23492217898832685,0.49298737727910236,0.53099173553719,95.0,100.0,4421,1376,2173,25,3,0,0.005654829224157431,0.002180232558139535,0.0,0.4,0.4,0.6000000000000001,0.7000000000000001,85.0,70.0,85.0,0.4,0.4,0.6000000000000001,0.7000000000000001,85.0,70.0,85.0,984,969,15,984,0.01524390243902439,1.3537676848528903,1.5,0.9025117899019269,536,0.5531475748194015,1.0,1
"iteration_4","SCOPE_DATA_COLLECTION",700,7,490.0,550.0,0,4190,2908,984,4129,2871,970,4198,2899,962,7,11,15,0.0016646848989298453,0.003780068728522337,0.015353121801432957,0.31653318697270744,0.7395992322656423,1.3485876279890465,0.6330663739454149,0.7395992322656423,0.8990584186593643,0.2455931395902811,0.48292514660227664,0.5498960498960499,97.5,100.0,4396,1452,2234,32,1,0,0.007279344858962694,6.887052341597796E-4,0.0,0.4,0.4,0.6000000000000001,0.7000000000000001,85.0,70.0,85.0,0.5,0.30000000000000004,0.5,0.7000000000000001,75.0,80.0,85.0,4212,4207,5,4212,0.0011870845204178537,0.30374286379689175,0.5,0.6074857275937835,906,0.21535536011409556,1.0,1
"iteration_4","SCOPE_DATA_COLLECTION",700,7,490.0,550.0,1,4190,2908,984,4129,2871,970,4198,2899,962,7,11,15,0.0016646848989298453,0.003780068728522337,0.015353121801432957,0.31653318697270744,0.7395992322656423,1.3485876279890465,0.6330663739454149,0.7395992322656423,0.8990584186593643,0.2455931395902811,0.48292514660227664,0.5498960498960499,97.5,100.0,4396,1452,2234,32,1,0,0.007279344858962694,6.887052341597796E-4,0.0,0.4,0.4,0.6000000000000001,0.7000000000000001,85.0,70.0,85.0,0.5,0.30000000000000004,0.5,0.7000000000000001,75.0,80.0,85.0,2813,2803,10,2813,0.0035549235691432635,0.7350160121997075,1.0,0.7350160121997075,1360,0.4851944345344274,1.0,1
"iteration_4","SCOPE_DATA_COLLECTION",700,7,490.0,550.0,2,4190,2908,984,4129,2871,970,4198,2899,962,7,11,15,0.0016646848989298453,0.003780068728522337,0.015353121801432957,0.31653318697270744,0.7395992322656423,1.3485876279890465,0.6330663739454149,0.7395992322656423,0.8990584186593643,0.2455931395902811,0.48292514660227664,0.5498960498960499,97.5,100.0,4396,1452,2234,32,1,0,0.007279344858962694,6.887052341597796E-4,0.0,0.4,0.4,0.6000000000000001,0.7000000000000001,85.0,70.0,85.0,0.5,0.30000000000000004,0.5,0.7000000000000001,75.0,80.0,85.0,1026,1019,7,1026,0.00682261208576998,1.317194275051339,1.5,0.8781295167008927,549,0.5387634936211972,1.0,1
"iteration_4","SCOPE_DATA_COLLECTION",700,8,550.0,610.0,0,4212,2813,1026,4190,2908,984,4197,2808,1018,5,11,7,0.0011899095668729176,0.0039020929407591345,0.006829268292682927,0.30413622074994406,0.7370276287855929,1.318530580163963,0.6082724414998881,0.7370276287855929,0.8790203867759754,0.21610674291160353,0.4843304843304843,0.5383104125736738,100.0,100.0,4389,1832,1830,22,1,0,0.005012531328320802,5.458515283842794E-4,0.0,0.5,0.30000000000000004,0.5,0.7000000000000001,75.0,80.0,85.0,0.5,0.30000000000000004,0.5,0.7000000000000001,75.0,80.0,85.0,4156,4154,2,4156,4.8123195380173246E-4,0.30119628346058513,0.5,0.6023925669211703,843,0.20293692826191623,1.0,1
"iteration_4","SCOPE_DATA_COLLECTION",700,8,550.0,610.0,1,4212,2813,1026,4190,2908,984,4197,2808,1018,5,11,7,0.0011899095668729176,0.0039020929407591345,0.006829268292682927,0.30413622074994406,0.7370276287855929,1.318530580163963,0.6082724414998881,0.7370276287855929,0.8790203867759754,0.21610674291160353,0.4843304843304843,0.5383104125736738,100.0,100.0,4389,1832,1830,22,1,0,0.005012531328320802,5.458515283842794E-4,0.0,0.5,0.30000000000000004,0.5,0.7000000000000001,75.0,80.0,85.0,0.5,0.30000000000000004,0.5,0.7000000000000001,75.0,80.0,85.0,2832,2826,6,2832,0.00211864406779661,0.7222687111062441,1.0,0.7222687111062441,1325,0.4688605803255485,1.0,1
"iteration_4","SCOPE_DATA_COLLECTION",700,8,550.0,610.0,2,4212,2813,1026,4190,2908,984,4197,2808,1018,5,11,7,0.0011899095668729176,0.0039020929407591345,0.006829268292682927,0.30413622074994406,0.7370276287855929,1.318530580163963,0.6082724414998881,0.7370276287855929,0.8790203867759754,0.21610674291160353,0.4843304843304843,0.5383104125736738,100.0,100.0,4389,1832,1830,22,1,0,0.005012531328320802,5.458515283842794E-4,0.0,0.5,0.30000000000000004,0.5,0.7000000000000001,75.0,80.0,85.0,0.5,0.30000000000000004,0.5,0.7000000000000001,75.0,80.0,85.0,1044,1032,12,1044,0.011494252873563218,1.354295578424608,1.5,0.9028637189497387,574,0.5562015503875969,1.0,1
"iteration_4","SCOPE_DATA_COLLECTION",700,9,610.0,670.0,0,4156,2832,1044,4212,2813,1026,4151,2822,1040,2,6,12,4.815795810257645E-4,0.0021216407355021216,0.011406844106463879,0.30169248164231655,0.7245301751771925,1.3606444508227915,0.6033849632846331,0.7245301751771925,0.9070963005485276,0.20404721753794267,0.47200566973777464,0.5596153846153846,97.5,100.0,4313,1934,1785,20,0,0,0.004637143519591932,0.0,0.0,0.5,0.30000000000000004,0.5,0.7000000000000001,75.0,80.0,85.0,0.15000000000000002,0.9,0.1,0.7000000000000001,70.0,80.0,90.0,4236,4167,69,4236,0.016288951841359773,0.3261107638773593,0.5,0.6522215277547186,969,0.23254139668826493,1.0,1
"iteration_4","SCOPE_DATA_COLLECTION",700,9,610.0,670.0,1,4156,2832,1044,4212,2813,1026,4151,2822,1040,2,6,12,4.815795810257645E-4,0.0021216407355021216,0.011406844106463879,0.30169248164231655,0.7245301751771925,1.3606444508227915,0.6033849632846331,0.7245301751771925,0.9070963005485276,0.20404721753794267,0.47200566973777464,0.5596153846153846,97.5,100.0,4313,1934,1785,20,0,0,0.004637143519591932,0.0,0.0,0.5,0.30000000000000004,0.5,0.7000000000000001,75.0,80.0,85.0,0.15000000000000002,0.9,0.1,0.7000000000000001,70.0,80.0,90.0,2836,2798,38,2836,0.013399153737658674,0.7013657018399034,1.0,0.7013657018399034,1310,0.4681915654038599,1.0,1
"iteration_4","SCOPE_DATA_COLLECTION",700,9,610.0,670.0,2,4156,2832,1044,4212,2813,1026,4151,2822,1040,2,6,12,4.815795810257645E-4,0.0021216407355021216,0.011406844106463879,0.30169248164231655,0.7245301751771925,1.3606444508227915,0.6033849632846331,0.7245301751771925,0.9070963005485276,0.20404721753794267,0.47200566973777464,0.5596153846153846,97.5,100.0,4313,1934,1785,20,0,0,0.004637143519591932,0.0,0.0,0.5,0.30000000000000004,0.5,0.7000000000000001,75.0,80.0,85.0,0.15000000000000002,0.9,0.1,0.7000000000000001,70.0,80.0,90.0,1018,993,25,1018,0.02455795677799607,1.3324507215406078,1.5,0.8883004810270719,540,0.5438066465256798,1.0,1
"iteration_4","SCOPE_DATA_COLLECTION",700,10,670.0,730.0,0,4236,2836,1018,4156,2832,1044,4160,2801,987,69,38,25,0.016315913927642468,0.013384994716449454,0.024703557312252964,0.32502577880861533,0.7016045401186461,1.323242017474736,0.6500515576172307,0.7016045401186461,0.8821613449831572,0.23149038461538463,0.467690110674759,0.5400202634245187,100.0,100.0,4340,578,3172,15,0,117,0.0034562211981566822,0.0,0.036885245901639344,0.15000000000000002,0.9,0.1,0.7000000000000001,70.0,80.0,90.0,0.15000000000000002,0.9,0.1,0.7000000000000001,70.0,80.0,90.0,4282,4250,32,4282,0.007473143390938813,0.3154145435734989,0.5,0.6308290871469978,862,0.2028235294117647,1.0,1
"iteration_4","SCOPE_DATA_COLLECTION",700,10,670.0,730.0,1,4236,2836,1018,4156,2832,1044,4160,2801,987,69,38,25,0.016315913927642468,0.013384994716449454,0.024703557312252964,0.32502577880861533,0.7016045401186461,1.323242017474736,0.6500515576172307,0.7016045401186461,0.8821613449831572,0.23149038461538463,0.467690110674759,0.5400202634245187,100.0,100.0,4340,578,3172,15,0,117,0.0034562211981566822,0.0,0.036885245901639344,0.15000000000000002,0.9,0.1,0.7000000000000001,70.0,80.0,90.0,0.15000000000000002,0.9,0.1,0.7000000000000001,70.0,80.0,90.0,2816,2795,21,2816,0.007457386363636364,0.6990955634472827,1.0,0.6990955634472827,1255,0.4490161001788909,1.0,1
"iteration_4","SCOPE_DATA_COLLECTION",700,10,670.0,730.0,2,4236,2836,1018,4156,2832,1044,4160,2801,987,69,38,25,0.016315913927642468,0.013384994716449454,0.024703557312252964,0.32502577880861533,0.7016045401186461,1.323242017474736,0.6500515576172307,0.7016045401186461,0.8821613449831572,0.23149038461538463,0.467690110674759,0.5400202634245187,100.0,100.0,4340,578,3172,15,0,117,0.0034562211981566822,0.0,0.036885245901639344,0.15000000000000002,0.9,0.1,0.7000000000000001,70.0,80.0,90.0,0.15000000000000002,0.9,0.1,0.7000000000000001,70.0,80.0,90.0,987,980,7,987,0.0070921985815602835,1.2835362518408988,1.5,0.8556908345605992,515,0.5255102040816326,1.0,1
"iteration_4","SCOPE_DATA_COLLECTION",700,11,730.0,790.0,0,4282,2816,987,4236,2836,1018,4258,2797,983,32,21,7,0.007459207459207459,0.007452093683463449,0.007070707070707071,0.31552273709949996,0.6976750239531685,1.2944873556103198,0.6310454741989999,0.6976750239531685,0.8629915704068799,0.2031470173790512,0.44797997854844473,0.5300101729399797,97.5,100.0,4361,586,3138,5,0,55,0.0011465260261407934,0.0,0.01752708731676227,0.15000000000000002,0.9,0.1,0.7000000000000001,70.0,80.0,90.0,0.05,0.9,0.1,0.8,70.0,70.0,95.0,4181,4052,129,4181,0.03085386271226979,0.37847427743358775,0.5,0.7569485548671755,968,0.2388943731490622,1.0,1
"iteration_4","SCOPE_DATA_COLLECTION",700,11,730.0,790.0,1,4282,2816,987,4236,2836,1018,4258,2797,983,32,21,7,0.007459207459207459,0.007452093683463449,0.007070707070707071,0.31552273709949996,0.6976750239531685,1.2944873556103198,0.6310454741989999,0.6976750239531685,0.8629915704068799,0.2031470173790512,0.44797997854844473,0.5300101729399797,97.5,100.0,4361,586,3138,5,0,55,0.0011465260261407934,0.0,0.01752708731676227,0.15000000000000002,0.9,0.1,0.7000000000000001,70.0,80.0,90.0,0.05,0.9,0.1,0.8,70.0,70.0,95.0,2835,2743,92,2835,0.032451499118165784,0.7743068108044523,1.0,0.7743068108044523,1392,0.5074735690849435,1.0,1
"iteration_4","SCOPE_DATA_COLLECTION",700,11,730.0,790.0,2,4282,2816,987,4236,2836,1018,4258,2797,983,32,21,7,0.007459207459207459,0.007452093683463449,0.007070707070707071,0.31552273709949996,0.6976750239531685,1.2944873556103198,0.6310454741989999,0.6976750239531685,0.8629915704068799,0.2031470173790512,0.44797997854844473,0.5300101729399797,97.5,100.0,4361,586,3138,5,0,55,0.0011465260261407934,0.0,0.01752708731676227,0.15000000000000002,0.9,0.1,0.7000000000000001,70.0,80.0,90.0,0.05,0.9,0.1,0.8,70.0,70.0,95.0,985,950,35,985,0.03553299492385787,1.3126276336222131,1.5,0.8750850890814754,499,0.5252631578947369,1.0,1
"iteration_4","SCOPE_DATA_COLLECTION",700,12,790.0,850.0,0,4181,2835,985,4282,2816,987,4032,2728,948,129,92,35,0.031002162941600575,0.032624113475177303,0.03560528992878942,0.35447553836849127,0.7598001898445436,1.3036961232828583,0.7089510767369825,0.7598001898445436,0.8691307488552389,0.23487103174603174,0.5073313782991202,0.5242616033755274,100.0,100.0,4459,192,3350,5,0,251,0.001121327651939897,0.0,0.07492537313432836,0.05,0.9,0.1,0.8,70.0,70.0,95.0,0.9500000000000001,0.5,0.1,0.8,95.0,25.0,30.0,4231,4226,5,4231,0.001181753722524226,0.3180119118204009,0.5,0.6360238236408018,988,0.23379081874112637,1.0,1
"iteration_4","SCOPE_DATA_COLLECTION",700,12,790.0,850.0,1,4181,2835,985,4282,2816,987,4032,2728,948,129,92,35,0.031002162941600575,0.032624113475177303,0.03560528992878942,0.35447553836849127,0.7598001898445436,1.3036961232828583,0.7089510767369825,0.7598001898445436,0.8691307488552389,0.23487103174603174,0.5073313782991202,0.5242616033755274,100.0,100.0,4459,192,3350,5,0,251,0.001121327651939897,0.0,0.07492537313432836,0.05,0.9,0.1,0.8,70.0,70.0,95.0,0.9500000000000001,0.5,0.1,0.8,95.0,25.0,30.0,2849,2847,2,2849,7.02000702000702E-4,0.7101777983935721,1.0,0.7101777983935721,1357,0.4766420793818054,1.0,1
"iteration_4","SCOPE_DATA_COLLECTION",700,12,790.0,850.0,2,4181,2835,985,4282,2816,987,4032,2728,948,129,92,35,0.031002162941600575,0.032624113475177303,0.03560528992878942,0.35447553836849127,0.7598001898445436,1.3036961232828583,0.7089510767369825,0.7598001898445436,0.8691307488552389,0.23487103174603174,0.5073313782991202,0.5242616033755274,100.0,100.0,4459,192,3350,5,0,251,0.001121327651939897,0.0,0.07492537313432836,0.05,0.9,0.1,0.8,70.0,70.0,95.0,0.9500000000000001,0.5,0.1,0.8,95.0,25.0,30.0,1014,1008,6,1014,0.005917159763313609,1.2777900817389969,1.5,0.8518600544926646,524,0.5198412698412699,1.0,1
"iteration_4","SCOPE_DATA_COLLECTION",700,13,850.0,910.0,0,4231,2849,1014,4181,2835,985,4257,2869,1003,5,2,6,0.0011731581417175035,6.966213862765587E-4,0.005946481665014866,0.3417989050822335,0.7261989973410783,1.2731422792748184,0.683597810164467,0.7261989973410783,0.8487615195165455,0.23819591261451725,0.47856395956779363,0.514456630109671,100.0,100.0,4393,3519,182,13,0,0,0.0029592533576143867,0.0,0.0,0.9500000000000001,0.5,0.1,0.8,95.0,25.0,30.0,0.45,0.9,0.1,0.2,50.0,25.0,80.0,4229,4227,2,4229,4.729250413809411E-4,0.3117114581836378,0.5,0.6234229163672756,863,0.20416370948663354,1.0,1
"iteration_4","SCOPE_DATA_COLLECTION",700,13,850.0,910.0,1,4231,2849,1014,4181,2835,985,4257,2869,1003,5,2,6,0.0011731581417175035,6.966213862765587E-4,0.005946481665014866,0.3417989050822335,0.7261989973410783,1.2731422792748184,0.683597810164467,0.7261989973410783,0.8487615195165455,0.23819591261451725,0.47856395956779363,0.514456630109671,100.0,100.0,4393,3519,182,13,0,0,0.0029592533576143867,0.0,0.0,0.9500000000000001,0.5,0.1,0.8,95.0,25.0,30.0,0.45,0.9,0.1,0.2,50.0,25.0,80.0,2764,2759,5,2764,0.001808972503617945,0.7079088163278756,1.0,0.7079088163278756,1314,0.47625951431678143,1.0,1
"iteration_4","SCOPE_DATA_COLLECTION",700,13,850.0,910.0,2,4231,2849,1014,4181,2835,985,4257,2869,1003,5,2,6,0.0011731581417175035,6.966213862765587E-4,0.005946481665014866,0.3417989050822335,0.7261989973410783,1.2731422792748184,0.683597810164467,0.7261989973410783,0.8487615195165455,0.23819591261451725,0.47856395956779363,0.514456630109671,100.0,100.0,4393,3519,182,13,0,0,0.0029592533576143867,0.0,0.0,0.9500000000000001,0.5,0.1,0.8,95.0,25.0,30.0,0.45,0.9,0.1,0.2,50.0,25.0,80.0,982,981,1,982,0.0010183299389002036,1.3034065211008277,1.5,0.8689376807338851,536,0.54638124362895,1.0,1
"iteration_4","SCOPE_DATA_COLLECTION",700,14,910.0,970.0,0,4229,2764,982,4231,2849,1014,4214,2754,982,2,5,1,4.743833017077799E-4,0.001812250815512867,0.001017293997965412,0.31173333179176627,0.707193897620771,1.3191471742308927,0.6234666635835325,0.707193897620771,0.8794314494872618,0.2047935453251068,0.47530864197530864,0.5539714867617108,100.0,100.0,4413,1591,1971,7,1,0,0.0015862225243598459,6.285355122564425E-4,0.0,0.45,0.9,0.1,0.2,50.0,25.0,80.0,0.55,0.8,0.1,0.30000000000000004,40.0,35.0,80.0,4158,4157,1,4158,2.405002405002405E-4,0.31538487713898444,0.5,0.6307697542779689,980,0.23574693288429155,1.0,1
"iteration_4","SCOPE_DATA_COLLECTION",700,14,910.0,970.0,1,4229,2764,982,4231,2849,1014,4214,2754,982,2,5,1,4.743833017077799E-4,0.001812250815512867,0.001017293997965412,0.31173333179176627,0.707193897620771,1.3191471742308927,0.6234666635835325,0.707193897620771,0.8794314494872618,0.2047935453251068,0.47530864197530864,0.5539714867617108,100.0,100.0,4413,1591,1971,7,1,0,0.0015862225243598459,6.285355122564425E-4,0.0,0.45,0.9,0.1,0.2,50.0,25.0,80.0,0.55,0.8,0.1,0.30000000000000004,40.0,35.0,80.0,2893,2891,2,2893,6.91323885240235E-4,0.7112327861366854,1.0,0.7112327861366854,1380,0.47734347976478725,1.0,1
"iteration_4","SCOPE_DATA_COLLECTION",700,14,910.0,970.0,2,4229,2764,982,4231,2849,1014,4214,2754,982,2,5,1,4.743833017077799E-4,0.001812250815512867,0.001017293997965412,0.31173333179176627,0.707193897620771,1.3191471742308927,0.6234666635835325,0.707193897620771,0.8794314494872618,0.2047935453251068,0.47530864197530864,0.5539714867617108,100.0,100.0,4413,1591,1971,7,1,0,0.0015862225243598459,6.285355122564425E-4,0.0,0.45,0.9,0.1,0.2,50.0,25.0,80.0,0.55,0.8,0.1,0.30000000000000004,40.0,35.0,80.0,963,957,6,963,0.006230529595015576,1.328202659333744,1.5,0.8854684395558293,532,0.5559038662486938,1.0,1
"iteration_4","SCOPE_DATA_COLLECTION",700,15,970.0,1030.0,0,4158,2893,963,4229,2764,982,4176,2879,962,1,2,6,2.3940627244433804E-4,6.942034015966678E-4,0.006198347107438017,0.31548191907906636,0.7071389887758046,1.321005648265247,0.6309638381581327,0.7071389887758046,0.8806704321768314,0.23515325670498086,0.47481764501563045,0.5519750519750519,100.0,100.0,4411,1987,1616,8,1,0,0.001813647698934482,5.032712632108706E-4,0.0,0.55,0.8,0.1,0.30000000000000004,40.0,35.0,80.0,0.65,0.7000000000000001,0.2,0.2,30.0,25.0,70.0,4214,4212,2,4214,4.7460844803037496E-4,0.31581069345132995,0.5,0.6316213869026599,1069,0.2537986704653371,1.0,1
"iteration_4","SCOPE_DATA_COLLECTION",700,15,970.0,1030.0,1,4158,2893,963,4229,2764,982,4176,2879,962,1,2,6,2.3940627244433804E-4,6.942034015966678E-4,0.006198347107438017,0.31548191907906636,0.7071389887758046,1.321005648265247,0.6309638381581327,0.7071389887758046,0.8806704321768314,0.23515325670498086,0.47481764501563045,0.5519750519750519,100.0,100.0,4411,1987,1616,8,1,0,0.001813647698934482,5.032712632108706E-4,0.0,0.55,0.8,0.1,0.30000000000000004,40.0,35.0,80.0,0.65,0.7000000000000001,0.2,0.2,30.0,25.0,70.0,2926,2923,3,2926,0.0010252904989747095,0.7002956522417373,1.0,0.7002956522417373,1362,0.46595963051659256,1.0,1
"iteration_4","SCOPE_DATA_COLLECTION",700,15,970.0,1030.0,2,4158,2893,963,4229,2764,982,4176,2879,962,1,2,6,2.3940627244433804E-4,6.942034015966678E-4,0.006198347107438017,0.31548191907906636,0.7071389887758046,1.321005648265247,0.6309638381581327,0.7071389887758046,0.8806704321768314,0.23515325670498086,0.47481764501563045,0.5519750519750519,100.0,100.0,4411,1987,1616,8,1,0,0.001813647698934482,5.032712632108706E-4,0.0,0.55,0.8,0.1,0.30000000000000004,40.0,35.0,80.0,0.65,0.7000000000000001,0.2,0.2,30.0,25.0,70.0,998,991,7,998,0.0070140280561122245,1.3044164471177346,1.5,0.8696109647451564,534,0.5388496468213926,1.0,1
"iteration_4","SCOPE_DATA_COLLECTION",700,16,1030.0,1090.0,0,4214,2926,998,4158,2893,963,4202,2914,1002,2,2,7,4.757373929590866E-4,6.858710562414266E-4,0.006937561942517344,0.3158217703120025,0.7017949493137061,1.3127215194235449,0.631643540624005,0.7017949493137061,0.8751476796156966,0.2544026653974298,0.46636925188743994,0.5429141716566867,100.0,100.0,4335,2446,1357,9,2,0,0.0020761245674740486,8.176614881439084E-4,0.0,0.65,0.7000000000000001,0.2,0.2,30.0,25.0,70.0,0.55,0.8,0.30000000000000004,0.30000000000000004,30.0,35.0,70.0,4371,4367,4,4371,9.151223976206818E-4,0.317155065700901,0.5,0.634310131401802,1139,0.26081978474925577,1.0,1
"iteration_4","SCOPE_DATA_COLLECTION",700,16,1030.0,1090.0,1,4214,2926,998,4158,2893,963,4202,2914,1002,2,2,7,4.757373929590866E-4,6.858710562414266E-4,0.006937561942517344,0.3158217703120025,0.7017949493137061,1.3127215194235449,0.631643540624005,0.7017949493137061,0.8751476796156966,0.2544026653974298,0.46636925188743994,0.5429141716566867,100.0,100.0,4335,2446,1357,9,2,0,0.0020761245674740486,8.176614881439084E-4,0.0,0.65,0.7000000000000001,0.2,0.2,30.0,25.0,70.0,0.55,0.8,0.30000000000000004,0.30000000000000004,30.0,35.0,70.0,2873,2870,3,2873,0.0010442046641141664,0.7259872296147772,1.0,0.7259872296147772,1395,0.48606271777003485,1.0,1
"iteration_4","SCOPE_DATA_COLLECTION",700,16,1030.0,1090.0,2,4214,2926,998,4158,2893,963,4202,2914,1002,2,2,7,4.757373929590866E-4,6.858710562414266E-4,0.006937561942517344,0.3158217703120025,0.7017949493137061,1.3127215194235449,0.631643540624005,0.7017949493137061,0.8751476796156966,0.2544026653974298,0.46636925188743994,0.5429141716566867,100.0,100.0,4335,2446,1357,9,2,0,0.0020761245674740486,8.176614881439084E-4,0.0,0.65,0.7000000000000001,0.2,0.2,30.0,25.0,70.0,0.55,0.8,0.30000000000000004,0.30000000000000004,30.0,35.0,70.0,984,979,5,984,0.00508130081300813,1.3054544791731513,1.5,0.8703029861154342,528,0.5393258426966292,1.0,1
"iteration_4","SCOPE_DATA_COLLECTION",700,17,1090.0,1150.0,0,4371,2873,984,4214,2926,998,4358,2881,962,4,4,5,9.170105456212746E-4,0.0013864818024263432,0.005170630816959669,0.31630410480453836,0.7280100414692883,1.2918844500593163,0.6326082096090767,0.7280100414692883,0.8612563000395442,0.25837540156034877,0.4873307879208608,0.5332640332640333,97.5,100.0,4374,2145,1709,12,1,0,0.0027434842249657062,4.662004662004662E-4,0.0,0.55,0.8,0.30000000000000004,0.30000000000000004,30.0,35.0,70.0,0.65,0.9,0.30000000000000004,0.30000000000000004,30.0,35.0,60.0,4200,4198,2,4200,4.761904761904762E-4,0.3195044309976703,0.5,0.6390088619953406,1098,0.2615531205335874,1.0,1
"iteration_4","SCOPE_DATA_COLLECTION",700,17,1090.0,1150.0,1,4371,2873,984,4214,2926,998,4358,2881,962,4,4,5,9.170105456212746E-4,0.0013864818024263432,0.005170630816959669,0.31630410480453836,0.7280100414692883,1.2918844500593163,0.6326082096090767,0.7280100414692883,0.8612563000395442,0.25837540156034877,0.4873307879208608,0.5332640332640333,97.5,100.0,4374,2145,1709,12,1,0,0.0027434842249657062,4.662004662004662E-4,0.0,0.55,0.8,0.30000000000000004,0.30000000000000004,30.0,35.0,70.0,0.65,0.9,0.30000000000000004,0.30000000000000004,30.0,35.0,60.0,2912,2908,4,2912,0.0013736263736263737,0.7167586183947147,1.0,0.7167586183947147,1366,0.46973865199449794,1.0,1
"iteration_4","SCOPE_DATA_COLLECTION",700,17,1090.0,1150.0,2,4371,2873,984,4214,2926,998,4358,2881,962,4,4,5,9.170105456212746E-4,0.0013864818024263432,0.005170630816959669,0.31630410480453836,0.7280100414692883,1.2918844500593163,0.6326082096090767,0.7280100414692883,0.8612563000395442,0.25837540156034877,0.4873307879208608,0.5332640332640333,97.5,100.0,4374,2145,1709,12,1,0,0.0027434842249657062,4.662004662004662E-4,0.0,0.55,0.8,0.30000000000000004,0.30000000000000004,30.0,35.0,70.0,0.65,0.9,0.30000000000000004,0.30000000000000004,30.0,35.0,60.0,1019,1017,2,1019,0.001962708537782139,1.2410135189649534,1.5,0.8273423459766356,510,0.5014749262536873,1.0,1
"iteration_4","SCOPE_DATA_COLLECTION",700,18,1150.0,1210.0,0,4200,2912,1019,4371,2873,984,4200,2915,1023,2,4,2,4.7596382674916705E-4,0.0013703323055841042,0.001951219512195122,0.3193300808350364,0.716212763273929,1.2462820751410324,0.6386601616700728,0.716212763273929,0.8308547167606882,0.2619047619047619,0.47135506003430533,0.5043988269794721,95.0,100.0,4325,2469,1337,5,3,0,0.0011560693641618498,0.001215066828675577,0.0,0.65,0.9,0.30000000000000004,0.30000000000000004,30.0,35.0,60.0,0.65,0.8,0.4,0.4,30.0,45.0,60.0,4066,4063,3,4066,7.378258730939498E-4,0.3175067645396273,0.5,0.6350135290792546,1021,0.25129214865862665,1.0,1
"iteration_4","SCOPE_DATA_COLLECTION",700,18,1150.0,1210.0,1,4200,2912,1019,4371,2873,984,4200,2915,1023,2,4,2,4.7596382674916705E-4,0.0013703323055841042,0.001951219512195122,0.3193300808350364,0.716212763273929,1.2462820751410324,0.6386601616700728,0.716212763273929,0.8308547167606882,0.2619047619047619,0.47135506003430533,0.5043988269794721,95.0,100.0,4325,2469,1337,5,3,0,0.0011560693641618498,0.001215066828675577,0.0,0.65,0.9,0.30000000000000004,0.30000000000000004,30.0,35.0,60.0,0.65,0.8,0.4,0.4,30.0,45.0,60.0,2988,2983,5,2988,0.0016733601070950468,0.7276663989636906,1.0,0.7276663989636906,1409,0.47234327857861214,1.0,1
"iteration_4","SCOPE_DATA_COLLECTION",700,18,1150.0,1210.0,2,4200,2912,1019,4371,2873,984,4200,2915,1023,2,4,2,4.7596382674916705E-4,0.0013703323055841042,0.001951219512195122,0.3193300808350364,0.716212763273929,1.2462820751410324,0.6386601616700728,0.716212763273929,0.8308547167606882,0.2619047619047619,0.47135506003430533,0.5043988269794721,95.0,100.0,4325,2469,1337,5,3,0,0.0011560693641618498,0.001215066828675577,0.0,0.65,0.9,0.30000000000000004,0.30000000000000004,30.0,35.0,60.0,0.65,0.8,0.4,0.4,30.0,45.0,60.0,1018,1006,12,1018,0.011787819253438114,1.2739877039716279,1.5,0.8493251359810853,517,0.5139165009940357,1.0,1
"iteration_4","SCOPE_DATA_COLLECTION",700,19,1210.0,1270.0,0,4066,2988,1018,4200,2912,1019,4069,2977,1003,3,5,12,7.367387033398821E-4,0.001676727028839705,0.011822660098522168,0.3178454299135305,0.7267378334650871,1.266190285782723,0.635690859827061,0.7267378334650871,0.844126857188482,0.25141312361759643,0.4699361773597581,0.5104685942173479,100.0,100.0,4300,2405,1367,17,3,0,0.003953488372093023,0.0012474012474012475,0.0,0.65,0.8,0.4,0.4,30.0,45.0,60.0,0.15000000000000002,0.7000000000000001,0.8,0.1,80.0,35.0,85.0,4289,4179,110,4289,0.025647003963627884,0.3295487709222561,0.5,0.6590975418445122,1001,0.23953098827470687,1.0,1
"iteration_4","SCOPE_DATA_COLLECTION",700,19,1210.0,1270.0,1,4066,2988,1018,4200,2912,1019,4069,2977,1003,3,5,12,7.367387033398821E-4,0.001676727028839705,0.011822660098522168,0.3178454299135305,0.7267378334650871,1.266190285782723,0.635690859827061,0.7267378334650871,0.844126857188482,0.25141312361759643,0.4699361773597581,0.5104685942173479,100.0,100.0,4300,2405,1367,17,3,0,0.003953488372093023,0.0012474012474012475,0.0,0.65,0.8,0.4,0.4,30.0,45.0,60.0,0.15000000000000002,0.7000000000000001,0.8,0.1,80.0,35.0,85.0,2863,2801,62,2863,0.021655606007684246,0.7507412065756423,1.0,0.7507412065756423,1373,0.49018207782934664,1.0,1
"iteration_4","SCOPE_DATA_COLLECTION",700,19,1210.0,1270.0,2,4066,2988,1018,4200,2912,1019,4069,2977,1003,3,5,12,7.367387033398821E-4,0.001676727028839705,0.011822660098522168,0.3178454299135305,0.7267378334650871,1.266190285782723,0.635690859827061,0.7267378334650871,0.844126857188482,0.25141312361759643,0.4699361773597581,0.5104685942173479,100.0,100.0,4300,2405,1367,17,3,0,0.003953488372093023,0.0012474012474012475,0.0,0.65,0.8,0.4,0.4,30.0,45.0,60.0,0.15000000000000002,0.7000000000000001,0.8,0.1,80.0,35.0,85.0,998,973,25,998,0.025050100200400802,1.2701221370631965,1.5,0.8467480913754644,511,0.5251798561151079,1.0,1
"iteration_4","SCOPE_DATA_COLLECTION",700,20,1270.0,1330.0,0,4289,2863,998,4066,2988,1018,4181,2802,984,110,62,25,0.02563505010487066,0.02164804469273743,0.024777006937561942,0.32973734207739297,0.7516728288876949,1.287329421149421,0.6594746841547859,0.7516728288876949,0.858219614099614,0.2401339392489835,0.49036402569593146,0.532520325203252,100.0,100.0,4370,607,3173,8,1,188,0.0018306636155606408,0.0016474464579901153,0.05924992121021116,0.15000000000000002,0.7000000000000001,0.8,0.1,80.0,35.0,85.0,0.25,0.8,0.9,0.1,70.0,35.0,95.0,4296,4292,4,4296,9.31098696461825E-4,0.329277457034922,0.5,0.658554914069844,1110,0.25862068965517243,1.0,1
"iteration_4","SCOPE_DATA_COLLECTION",700,20,1270.0,1330.0,1,4289,2863,998,4066,2988,1018,4181,2802,984,110,62,25,0.02563505010487066,0.02164804469273743,0.024777006937561942,0.32973734207739297,0.7516728288876949,1.287329421149421,0.6594746841547859,0.7516728288876949,0.858219614099614,0.2401339392489835,0.49036402569593146,0.532520325203252,100.0,100.0,4370,607,3173,8,1,188,0.0018306636155606408,0.0016474464579901153,0.05924992121021116,0.15000000000000002,0.7000000000000001,0.8,0.1,80.0,35.0,85.0,0.25,0.8,0.9,0.1,70.0,35.0,95.0,2864,2862,2,2864,6.983240223463687E-4,0.734629101410644,1.0,0.734629101410644,1349,0.4713487071977638,1.0,1
"iteration_4","SCOPE_DATA_COLLECTION",700,20,1270.0,1330.0,2,4289,2863,998,4066,2988,1018,4181,2802,984,110,62,25,0.02563505010487066,0.02164804469273743,0.024777006937561942,0.32973734207739297,0.7516728288876949,1.287329421149421,0.6594746841547859,0.7516728288876949,0.858219614099614,0.2401339392489835,0.49036402569593146,0.532520325203252,100.0,100.0,4370,607,3173,8,1,188,0.0018306636155606408,0.0016474464579901153,0.05924992121021116,0.15000000000000002,0.7000000000000001,0.8,0.1,80.0,35.0,85.0,0.25,0.8,0.9,0.1,70.0,35.0,95.0,1018,1017,1,1018,9.823182711198428E-4,1.3082019703071877,1.5,0.8721346468714585,557,0.5476892822025565,1.0,1
"iteration_4","SCOPE_DATA_COLLECTION",700,21,1330.0,1390.0,0,4296,2864,1018,4289,2863,998,4291,2844,1008,4,2,1,9.313154831199069E-4,7.027406886858749E-4,9.910802775024777E-4,0.3293862748852876,0.7340781122495246,1.3070768419119314,0.6587725497705752,0.7340781122495246,0.8713845612746209,0.25914705196923793,0.47257383966244726,0.5476190476190477,100.0,100.0,4309,1000,2869,7,0,0,0.0016245068461359943,0.0,0.0,0.25,0.8,0.9,0.1,70.0,35.0,95.0,0.8,0.8,0.2,0.30000000000000004,60.0,50.0,70.0,4268,4264,4,4268,9.372071227741331E-4,0.31049229172405374,0.5,0.6209845834481075,950,0.2227954971857411,1.0,1
"iteration_4","SCOPE_DATA_COLLECTION",700,21,1330.0,1390.0,1,4296,2864,1018,4289,2863,998,4291,2844,1008,4,2,1,9.313154831199069E-4,7.027406886858749E-4,9.910802775024777E-4,0.3293862748852876,0.7340781122495246,1.3070768419119314,0.6587725497705752,0.7340781122495246,0.8713845612746209,0.25914705196923793,0.47257383966244726,0.5476190476190477,100.0,100.0,4309,1000,2869,7,0,0,0.0016245068461359943,0.0,0.0,0.25,0.8,0.9,0.1,70.0,35.0,95.0,0.8,0.8,0.2,0.30000000000000004,60.0,50.0,70.0,2816,2815,1,2816,3.551136363636364E-4,0.6832072134476974,1.0,0.6832072134476974,1283,0.4557726465364121,1.0,1
"iteration_4","SCOPE_DATA_COLLECTION",700,21,1330.0,1390.0,2,4296,2864,1018,4289,2863,998,4291,2844,1008,4,2,1,9.313154831199069E-4,7.027406886858749E-4,9.910802775024777E-4,0.3293862748852876,0.7340781122495246,1.3070768419119314,0.6587725497705752,0.7340781122495246,0.8713845612746209,0.25914705196923793,0.47257383966244726,0.5476190476190477,100.0,100.0,4309,1000,2869,7,0,0,0.0016245068461359943,0.0,0.0,0.25,0.8,0.9,0.1,70.0,35.0,95.0,0.8,0.8,0.2,0.30000000000000004,60.0,50.0,70.0,994,989,5,994,0.005030181086519115,1.2928131606770954,1.5,0.861875440451397,529,0.5348837209302325,1.0,1
"iteration_4","SCOPE_DATA_COLLECTION",700,22,1390.0,1450.0,0,4268,2816,994,4296,2864,1018,4255,2838,991,4,1,5,9.391876027236441E-4,3.522367030644593E-4,0.0050200803212851405,0.3103605547365072,0.6851745984010768,1.2879588191391145,0.6207211094730144,0.6851745984010768,0.8586392127594097,0.22256169212690952,0.45630725863284005,0.5317860746720484,100.0,100.0,4274,3075,729,8,2,0,0.0018717828731867104,6.504065040650406E-4,0.0,0.8,0.8,0.2,0.30000000000000004,60.0,50.0,70.0,0.8,0.8,0.2,0.2,50.0,40.0,60.0,4210,4207,3,4210,7.125890736342043E-4,0.3251949527548742,0.5,0.6503899055097484,1102,0.2619443784169242,1.0,1
"iteration_4","SCOPE_DATA_COLLECTION",700,22,1390.0,1450.0,1,4268,2816,994,4296,2864,1018,4255,2838,991,4,1,5,9.391876027236441E-4,3.522367030644593E-4,0.0050200803212851405,0.3103605547365072,0.6851745984010768,1.2879588191391145,0.6207211094730144,0.6851745984010768,0.8586392127594097,0.22256169212690952,0.45630725863284005,0.5317860746720484,100.0,100.0,4274,3075,729,8,2,0,0.0018717828731867104,6.504065040650406E-4,0.0,0.8,0.8,0.2,0.30000000000000004,60.0,50.0,70.0,0.8,0.8,0.2,0.2,50.0,40.0,60.0,2934,2928,6,2934,0.002044989775051125,0.6923650717529746,1.0,0.6923650717529746,1353,0.46209016393442626,1.0,1
"iteration_4","SCOPE_DATA_COLLECTION",700,22,1390.0,1450.0,2,4268,2816,994,4296,2864,1018,4255,2838,991,4,1,5,9.391876027236441E-4,3.522367030644593E-4,0.0050200803212851405,0.3103605547365072,0.6851745984010768,1.2879588191391145,0.6207211094730144,0.6851745984010768,0.8586392127594097,0.22256169212690952,0.45630725863284005,0.5317860746720484,100.0,100.0,4274,3075,729,8,2,0,0.0018717828731867104,6.504065040650406E-4,0.0,0.8,0.8,0.2,0.30000000000000004,60.0,50.0,70.0,0.8,0.8,0.2,0.2,50.0,40.0,60.0,1023,1021,2,1023,0.0019550342130987292,1.2835930242775369,1.5,0.8557286828516912,538,0.5269343780607247,1.0,1
"iteration_4","SCOPE_DATA_COLLECTION",700,23,1450.0,1510.0,0,4210,2934,1023,4268,2816,994,4208,2927,1021,3,6,2,7.124198527665638E-4,0.002045687009887487,0.0019550342130987292,0.32516887775498593,0.6908976762527232,1.2852783231078388,0.6503377555099719,0.6908976762527232,0.8568522154052259,0.26188212927756654,0.46019815510761874,0.5279138099902057,95.0,100.0,4338,3094,735,7,4,0,0.0016136468418626094,0.001292824822236587,0.0,0.8,0.8,0.2,0.2,50.0,40.0,60.0,0.8,0.8,0.2,0.2,50.0,40.0,60.0,4211,4207,4,4211,9.49893137022085E-4,0.3187007853194389,0.5,0.6374015706388778,1018,0.2419776562871405,1.0,1
"iteration_4","SCOPE_DATA_COLLECTION",700,23,1450.0,1510.0,1,4210,2934,1023,4268,2816,994,4208,2927,1021,3,6,2,7.124198527665638E-4,0.002045687009887487,0.0019550342130987292,0.32516887775498593,0.6908976762527232,1.2852783231078388,0.6503377555099719,0.6908976762527232,0.8568522154052259,0.26188212927756654,0.46019815510761874,0.5279138099902057,95.0,100.0,4338,3094,735,7,4,0,0.0016136468418626094,0.001292824822236587,0.0,0.8,0.8,0.2,0.2,50.0,40.0,60.0,0.8,0.8,0.2,0.2,50.0,40.0,60.0,2855,2853,2,2855,7.005253940455342E-4,0.6962751324452678,1.0,0.6962751324452678,1301,0.4560112162635822,1.0,1
"iteration_4","SCOPE_DATA_COLLECTION",700,23,1450.0,1510.0,2,4210,2934,1023,4268,2816,994,4208,2927,1021,3,6,2,7.124198527665638E-4,0.002045687009887487,0.0019550342130987292,0.32516887775498593,0.6908976762527232,1.2852783231078388,0.6503377555099719,0.6908976762527232,0.8568522154052259,0.26188212927756654,0.46019815510761874,0.5279138099902057,95.0,100.0,4338,3094,735,7,4,0,0.0016136468418626094,0.001292824822236587,0.0,0.8,0.8,0.2,0.2,50.0,40.0,60.0,0.8,0.8,0.2,0.2,50.0,40.0,60.0,985,982,3,985,0.003045685279187817,1.3128611527350642,1.5,0.8752407684900428,534,0.5437881873727087,1.0,1
"iteration_4","SCOPE_DATA_COLLECTION",700,24,1510.0,1570.0,0,4211,2855,985,4210,2934,1023,4219,2849,978,4,2,3,9.47193937958797E-4,7.015082427218519E-4,0.0030581039755351682,0.31893949108216263,0.6976191731404664,1.3106518774832565,0.6378789821643253,0.6976191731404664,0.873767918322171,0.24200047404598246,0.457002457002457,0.5429447852760736,97.5,100.0,4314,3037,700,8,1,0,0.0018544274455261937,3.2927230819888045E-4,0.0,0.8,0.8,0.2,0.2,50.0,40.0,60.0,0.55,0.8,0.6000000000000001,0.2,25.0,55.0,55.0,4342,4338,4,4342,9.212344541685859E-4,0.31703192882113546,0.5,0.6340638576422709,1129,0.26025818349469804,1.0,1
"iteration_4","SCOPE_DATA_COLLECTION",700,24,1510.0,1570.0,1,4211,2855,985,4210,2934,1023,4219,2849,978,4,2,3,9.47193937958797E-4,7.015082427218519E-4,0.0030581039755351682,0.31893949108216263,0.6976191731404664,1.3106518774832565,0.6378789821643253,0.6976191731404664,0.873767918322171,0.24200047404598246,0.457002457002457,0.5429447852760736,97.5,100.0,4314,3037,700,8,1,0,0.0018544274455261937,3.2927230819888045E-4,0.0,0.8,0.8,0.2,0.2,50.0,40.0,60.0,0.55,0.8,0.6000000000000001,0.2,25.0,55.0,55.0,2823,2816,7,2823,0.002479631597591215,0.7308279525844846,1.0,0.7308279525844846,1370,0.4865056818181818,1.0,1
"iteration_4","SCOPE_DATA_COLLECTION",700,24,1510.0,1570.0,2,4211,2855,985,4210,2934,1023,4219,2849,978,4,2,3,9.47193937958797E-4,7.015082427218519E-4,0.0030581039755351682,0.31893949108216263,0.6976191731404664,1.3106518774832565,0.6378789821643253,0.6976191731404664,0.873767918322171,0.24200047404598246,0.457002457002457,0.5429447852760736,97.5,100.0,4314,3037,700,8,1,0,0.0018544274455261937,3.2927230819888045E-4,0.0,0.8,0.8,0.2,0.2,50.0,40.0,60.0,0.55,0.8,0.6000000000000001,0.2,25.0,55.0,55.0,1018,1015,3,1018,0.0029469548133595285,1.2689634502670366,1.5,0.8459756335113577,529,0.5211822660098522,1.0,1
"iteration_4","SCOPE_DATA_COLLECTION",700,25,1570.0,1630.0,0,4342,2823,1018,4211,2855,985,4325,2820,1021,4,7,3,9.24000924000924E-4,0.002476123098691192,0.0029296875,0.31709459740942153,0.7295495492076357,1.2703042472188217,0.6341891948188431,0.7295495492076357,0.8468694981458812,0.261271676300578,0.48617021276595745,0.5220372184133203,100.0,100.0,4332,2106,1745,13,1,0,0.0030009233610341643,4.748338081671415E-4,0.0,0.55,0.8,0.6000000000000001,0.2,25.0,55.0,55.0,0.55,0.8,0.6000000000000001,0.2,25.0,55.0,55.0,4189,4186,3,4189,7.161613750298401E-4,0.3159682526606676,0.5,0.6319365053213352,984,0.23506927854753942,1.0,1
"iteration_4","SCOPE_DATA_COLLECTION",700,25,1570.0,1630.0,1,4342,2823,1018,4211,2855,985,4325,2820,1021,4,7,3,9.24000924000924E-4,0.002476123098691192,0.0029296875,0.31709459740942153,0.7295495492076357,1.2703042472188217,0.6341891948188431,0.7295495492076357,0.8468694981458812,0.261271676300578,0.48617021276595745,0.5220372184133203,100.0,100.0,4332,2106,1745,13,1,0,0.0030009233610341643,4.748338081671415E-4,0.0,0.55,0.8,0.6000000000000001,0.2,25.0,55.0,55.0,0.55,0.8,0.6000000000000001,0.2,25.0,55.0,55.0,2812,2808,4,2812,0.001422475106685633,0.7211596669880304,1.0,0.7211596669880304,1330,0.47364672364672367,1.0,1
"iteration_4","SCOPE_DATA_COLLECTION",700,25,1570.0,1630.0,2,4342,2823,1018,4211,2855,985,4325,2820,1021,4,7,3,9.24000924000924E-4,0.002476123098691192,0.0029296875,0.31709459740942153,0.7295495492076357,1.2703042472188217,0.6341891948188431,0.7295495492076357,0.8468694981458812,0.261271676300578,0.48617021276595745,0.5220372184133203,100.0,100.0,4332,2106,1745,13,1,0,0.0030009233610341643,4.748338081671415E-4,0.0,0.55,0.8,0.6000000000000001,0.2,25.0,55.0,55.0,0.55,0.8,0.6000000000000001,0.2,25.0,55.0,55.0,1001,999,2,1001,0.001998001998001998,1.3056957420456172,1.5,0.8704638280304114,545,0.5455455455455456,1.0,1
"iteration_4","SCOPE_DATA_COLLECTION",700,26,1630.0,1690.0,0,4189,2812,1001,4342,2823,1018,4196,2803,992,3,4,2,7.144558228149559E-4,0.0014250089063056644,0.002012072434607646,0.3157804662410105,0.7200876560367141,1.295400242747923,0.631560932482021,0.7200876560367141,0.8636001618319487,0.23427073403241183,0.47342133428469496,0.5403225806451613,97.5,100.0,4252,1993,1757,8,1,0,0.0018814675446848542,5.017561465127947E-4,0.0,0.55,0.8,0.6000000000000001,0.2,25.0,55.0,55.0,0.65,0.7000000000000001,0.5,0.1,25.0,45.0,45.0,4258,4249,9,4258,0.0021136683889149835,0.31694559575338066,0.5,0.6338911915067613,1063,0.25017651212049896,1.0,1
"iteration_4","SCOPE_DATA_COLLECTION",700,26,1630.0,1690.0,1,4189,2812,1001,4342,2823,1018,4196,2803,992,3,4,2,7.144558228149559E-4,0.0014250089063056644,0.002012072434607646,0.3157804662410105,0.7200876560367141,1.295400242747923,0.631560932482021,0.7200876560367141,0.8636001618319487,0.23427073403241183,0.47342133428469496,0.5403225806451613,97.5,100.0,4252,1993,1757,8,1,0,0.0018814675446848542,5.017561465127947E-4,0.0,0.55,0.8,0.6000000000000001,0.2,25.0,55.0,55.0,0.65,0.7000000000000001,0.5,0.1,25.0,45.0,45.0,2788,2784,4,2788,0.0014347202295552368,0.7121791176621903,1.0,0.7121791176621903,1314,0.47198275862068967,1.0,1
"iteration_4","SCOPE_DATA_COLLECTION",700,26,1630.0,1690.0,2,4189,2812,1001,4342,2823,1018,4196,2803,992,3,4,2,7.144558228149559E-4,0.0014250089063056644,0.002012072434607646,0.3157804662410105,0.7200876560367141,1.295400242747923,0.631560932482021,0.7200876560367141,0.8636001618319487,0.23427073403241183,0.47342133428469496,0.5403225806451613,97.5,100.0,4252,1993,1757,8,1,0,0.0018814675446848542,5.017561465127947E-4,0.0,0.55,0.8,0.6000000000000001,0.2,25.0,55.0,55.0,0.65,0.7000000000000001,0.5,0.1,25.0,45.0,45.0,998,994,4,998,0.004008016032064128,1.2855917407062118,1.5,0.8570611604708079,536,0.5392354124748491,1.0,1
"iteration_4","SCOPE_DATA_COLLECTION",700,27,1690.0,1750.0,0,4258,2788,998,4189,2812,1001,4252,2795,992,9,4,4,0.0021121802393804273,0.0014290818149339049,0.004016064257028112,0.3171424566665549,0.7155854979883963,1.2901523808359352,0.6342849133331098,0.7155854979883963,0.8601015872239568,0.2502351834430856,0.4740608228980322,0.5403225806451613,97.5,100.0,4246,2505,1293,14,3,0,0.003297220913801225,0.0011976047904191617,0.0,0.65,0.7000000000000001,0.5,0.1,25.0,45.0,45.0,0.65,0.7000000000000001,0.5,0.1,20.0,45.0,45.0,4366,4363,3,4366,6.871278057718735E-4,0.32148008673607803,0.5,0.6429601734721561,1113,0.2550997020398808,1.0,1
"iteration_4","SCOPE_DATA_COLLECTION",700,27,1690.0,1750.0,1,4258,2788,998,4189,2812,1001,4252,2795,992,9,4,4,0.0021121802393804273,0.0014290818149339049,0.004016064257028112,0.3171424566665549,0.7155854979883963,1.2901523808359352,0.6342849133331098,0.7155854979883963,0.8601015872239568,0.2502351834430856,0.4740608228980322,0.5403225806451613,97.5,100.0,4246,2505,1293,14,3,0,0.003297220913801225,0.0011976047904191617,0.0,0.65,0.7000000000000001,0.5,0.1,25.0,45.0,45.0,0.65,0.7000000000000001,0.5,0.1,20.0,45.0,45.0,2829,2829,0,2829,0.0,0.7014974449587285,1.0,0.7014974449587285,1281,0.4528101802757158,1.0,1
"iteration_4","SCOPE_DATA_COLLECTION",700,27,1690.0,1750.0,2,4258,2788,998,4189,2812,1001,4252,2795,992,9,4,4,0.0021121802393804273,0.0014290818149339049,0.004016064257028112,0.3171424566665549,0.7155854979883963,1.2901523808359352,0.6342849133331098,0.7155854979883963,0.8601015872239568,0.2502351834430856,0.4740608228980322,0.5403225806451613,97.5,100.0,4246,2505,1293,14,3,0,0.003297220913801225,0.0011976047904191617,0.0,0.65,0.7000000000000001,0.5,0.1,25.0,45.0,45.0,0.65,0.7000000000000001,0.5,0.1,20.0,45.0,45.0,1060,1056,4,1060,0.0037735849056603774,1.289701438062785,1.5,0.8598009587085232,570,0.5397727272727273,1.0,1
"iteration_4","SCOPE_DATA_COLLECTION",700,28,1750.0,1810.0,0,4366,2829,1060,4258,2788,998,4350,2813,1065,3,0,4,6.891798759476223E-4,0.0,0.0037418147801683817,0.32099613589737763,0.6945763603739,1.2976193714347604,0.6419922717947553,0.6945763603739,0.8650795809565069,0.25471264367816093,0.4479203697120512,0.5446009389671361,95.0,100.0,4336,2526,1393,7,0,0,0.0016143911439114391,0.0,0.0,0.65,0.7000000000000001,0.5,0.1,20.0,45.0,45.0,0.65,0.7000000000000001,0.5,0.1,20.0,45.0,45.0,4209,4203,6,4209,0.0014255167498218105,0.31978109695282353,0.5,0.6395621939056471,1056,0.251249107780157,1.0,1
"iteration_4","SCOPE_DATA_COLLECTION",700,28,1750.0,1810.0,1,4366,2829,1060,4258,2788,998,4350,2813,1065,3,0,4,6.891798759476223E-4,0.0,0.0037418147801683817,0.32099613589737763,0.6945763603739,1.2976193714347604,0.6419922717947553,0.6945763603739,0.8650795809565069,0.25471264367816093,0.4479203697120512,0.5446009389671361,95.0,100.0,4336,2526,1393,7,0,0,0.0016143911439114391,0.0,0.0,0.65,0.7000000000000001,0.5,0.1,20.0,45.0,45.0,0.65,0.7000000000000001,0.5,0.1,20.0,45.0,45.0,2871,2864,7,2871,0.0024381748519679554,0.726949573333743,1.0,0.726949573333743,1389,0.48498603351955305,1.0,1
"iteration_4","SCOPE_DATA_COLLECTION",700,28,1750.0,1810.0,2,4366,2829,1060,4258,2788,998,4350,2813,1065,3,0,4,6.891798759476223E-4,0.0,0.0037418147801683817,0.32099613589737763,0.6945763603739,1.2976193714347604,0.6419922717947553,0.6945763603739,0.8650795809565069,0.25471264367816093,0.4479203697120512,0.5446009389671361,95.0,100.0,4336,2526,1393,7,0,0,0.0016143911439114391,0.0,0.0,0.65,0.7000000000000001,0.5,0.1,20.0,45.0,45.0,0.65,0.7000000000000001,0.5,0.1,20.0,45.0,45.0,950,948,2,950,0.002105263157894737,1.339386072429921,1.5,0.892924048286614,533,0.5622362869198312,1.0,1
"iteration_4","SCOPE_DATA_COLLECTION",700,29,1810.0,1870.0,0,4209,2871,950,4366,2829,1060,4214,2881,945,6,7,2,0.0014218009478672985,0.0024238227146814403,0.0021119324181626186,0.3203981408048642,0.7321726088999925,1.3357958727978543,0.6407962816097283,0.7321726088999925,0.8905305818652361,0.25272899857617465,0.4883720930232558,0.5597883597883598,97.5,100.0,4335,2446,1249,10,5,0,0.002306805074971165,0.002044153720359771,0.0,0.65,0.7000000000000001,0.5,0.1,20.0,45.0,45.0,0.65,0.8,0.7000000000000001,0.8,45.0,75.0,25.0,4132,4127,5,4132,0.0012100677637947724,0.32434027275913035,0.5,0.6486805455182607,1066,0.25829900654228255,1.0,1
"iteration_4","SCOPE_DATA_COLLECTION",700,29,1810.0,1870.0,1,4209,2871,950,4366,2829,1060,4214,2881,945,6,7,2,0.0014218009478672985,0.0024238227146814403,0.0021119324181626186,0.3203981408048642,0.7321726088999925,1.3357958727978543,0.6407962816097283,0.7321726088999925,0.8905305818652361,0.25272899857617465,0.4883720930232558,0.5597883597883598,97.5,100.0,4335,2446,1249,10,5,0,0.002306805074971165,0.002044153720359771,0.0,0.65,0.7000000000000001,0.5,0.1,20.0,45.0,45.0,0.65,0.8,0.7000000000000001,0.8,45.0,75.0,25.0,2921,2903,18,2921,0.0061622731941116055,0.7427915918052866,1.0,0.7427915918052866,1395,0.4805373751291767,1.0,1
"iteration_4","SCOPE_DATA_COLLECTION",700,29,1810.0,1870.0,2,4209,2871,950,4366,2829,1060,4214,2881,945,6,7,2,0.0014218009478672985,0.0024238227146814403,0.0021119324181626186,0.3203981408048642,0.7321726088999925,1.3357958727978543,0.6407962816097283,0.7321726088999925,0.8905305818652361,0.25272899857617465,0.4883720930232558,0.5597883597883598,97.5,100.0,4335,2446,1249,10,5,0,0.002306805074971165,0.002044153720359771,0.0,0.65,0.7000000000000001,0.5,0.1,20.0,45.0,45.0,0.65,0.8,0.7000000000000001,0.8,45.0,75.0,25.0,991,975,16,991,0.016145307769929364,1.3222214695221965,1.5,0.8814809796814643,521,0.5343589743589744,1.0,1
"iteration_4","SCOPE_DATA_COLLECTION",700,30,1870.0,1930.0,0,4132,2921,991,4209,2871,950,4111,2881,982,5,18,16,0.0012147716229348883,0.006209037599172128,0.01603206412825651,0.3225335407891241,0.7364905620368836,1.3272277555966723,0.6450670815782482,0.7364905620368836,0.8848185037311148,0.2541960593529555,0.47761194029850745,0.5376782077393075,100.0,100.0,4386,2353,1305,39,0,0,0.008891928864569083,0.0,0.0,0.65,0.8,0.7000000000000001,0.8,45.0,75.0,25.0,0.65,0.7000000000000001,0.6000000000000001,0.8,35.0,75.0,35.0,4240,4230,10,4240,0.0023584905660377358,0.3178031403720376,0.5,0.6356062807440752,1061,0.2508274231678487,1.0,1
"iteration_4","SCOPE_DATA_COLLECTION",700,30,1870.0,1930.0,1,4132,2921,991,4209,2871,950,4111,2881,982,5,18,16,0.0012147716229348883,0.006209037599172128,0.01603206412825651,0.3225335407891241,0.7364905620368836,1.3272277555966723,0.6450670815782482,0.7364905620368836,0.8848185037311148,0.2541960593529555,0.47761194029850745,0.5376782077393075,100.0,100.0,4386,2353,1305,39,0,0,0.008891928864569083,0.0,0.0,0.65,0.8,0.7000000000000001,0.8,45.0,75.0,25.0,0.65,0.7000000000000001,0.6000000000000001,0.8,35.0,75.0,35.0,2907,2894,13,2907,0.004471964224286206,0.7268759466582685,1.0,0.7268759466582685,1371,0.47373876986869384,1.0,1
"iteration_4","SCOPE_DATA_COLLECTION",700,30,1870.0,1930.0,2,4132,2921,991,4209,2871,950,4111,2881,982,5,18,16,0.0012147716229348883,0.006209037599172128,0.01603206412825651,0.3225335407891241,0.7364905620368836,1.3272277555966723,0.6450670815782482,0.7364905620368836,0.8848185037311148,0.2541960593529555,0.47761194029850745,0.5376782077393075,100.0,100.0,4386,2353,1305,39,0,0,0.008891928864569083,0.0,0.0,0.65,0.8,0.7000000000000001,0.8,45.0,75.0,25.0,0.65,0.7000000000000001,0.6000000000000001,0.8,35.0,75.0,35.0,1005,999,6,1005,0.005970149253731343,1.3197348072603505,1.5,0.8798232048402337,534,0.5345345345345346,1.0,1
"iteration_4","SCOPE_DATA_COLLECTION",700,31,1930.0,1990.0,0,4240,2907,1005,4132,2921,991,4249,2910,988,10,13,6,0.0023479690068091102,0.004447485460143688,0.006036217303822937,0.3196152762870792,0.732209369673548,1.3071273955093663,0.6392305525741584,0.732209369673548,0.8714182636729109,0.25394210402447637,0.4756013745704467,0.5293522267206477,100.0,100.0,4359,2470,1323,24,5,0,0.0055058499655884375,0.0020242914979757085,0.0,0.65,0.7000000000000001,0.6000000000000001,0.8,35.0,75.0,35.0,0.55,0.30000000000000004,0.9,0.9,55.0,20.0,85.0,4225,4221,4,4225,9.467455621301775E-4,0.2970590860194634,0.5,0.5941181720389268,798,0.1890547263681592,1.0,1
"iteration_4","SCOPE_DATA_COLLECTION",700,31,1930.0,1990.0,1,4240,2907,1005,4132,2921,991,4249,2910,988,10,13,6,0.0023479690068091102,0.004447485460143688,0.006036217303822937,0.3196152762870792,0.732209369673548,1.3071273955093663,0.6392305525741584,0.732209369673548,0.8714182636729109,0.25394210402447637,0.4756013745704467,0.5293522267206477,100.0,100.0,4359,2470,1323,24,5,0,0.0055058499655884375,0.0020242914979757085,0.0,0.65,0.7000000000000001,0.6000000000000001,0.8,35.0,75.0,35.0,0.55,0.30000000000000004,0.9,0.9,55.0,20.0,85.0,2966,2957,9,2966,0.0030343897505057315,0.7496722338422572,1.0,0.7496722338422572,1450,0.4903618532296246,1.0,1
"iteration_4","SCOPE_DATA_COLLECTION",700,31,1930.0,1990.0,2,4240,2907,1005,4132,2921,991,4249,2910,988,10,13,6,0.0023479690068091102,0.004447485460143688,0.006036217303822937,0.3196152762870792,0.732209369673548,1.3071273955093663,0.6392305525741584,0.732209369673548,0.8714182636729109,0.25394210402447637,0.4756013745704467,0.5293522267206477,100.0,100.0,4359,2470,1323,24,5,0,0.0055058499655884375,0.0020242914979757085,0.0,0.65,0.7000000000000001,0.6000000000000001,0.8,35.0,75.0,35.0,0.55,0.30000000000000004,0.9,0.9,55.0,20.0,85.0,956,950,6,956,0.006276150627615063,1.2792628223300666,1.5,0.8528418815533777,494,0.52,1.0,1
"iteration_4","SCOPE_DATA_COLLECTION",700,32,1990.0,2050.0,0,4225,2966,956,4240,2907,1005,4210,2945,957,4,9,6,9.492168960607499E-4,0.003046716316858497,0.006230529595015576,0.2963714316357569,0.7488978852575783,1.2882668547920757,0.5927428632715138,0.7488978852575783,0.8588445698613838,0.18812351543942993,0.4910016977928693,0.5235109717868338,97.5,100.0,4432,2024,1691,18,1,0,0.004061371841155234,4.940711462450593E-4,0.0,0.55,0.30000000000000004,0.9,0.9,55.0,20.0,85.0,0.1,0.4,0.5,0.8,90.0,85.0,60.0,4199,4124,75,4199,0.0178613955703739,0.3414315399509941,0.5,0.6828630799019882,1076,0.2609117361784675,1.0,1
"iteration_4","SCOPE_DATA_COLLECTION",700,32,1990.0,2050.0,1,4225,2966,956,4240,2907,1005,4210,2945,957,4,9,6,9.492168960607499E-4,0.003046716316858497,0.006230529595015576,0.2963714316357569,0.7488978852575783,1.2882668547920757,0.5927428632715138,0.7488978852575783,0.8588445698613838,0.18812351543942993,0.4910016977928693,0.5235109717868338,97.5,100.0,4432,2024,1691,18,1,0,0.004061371841155234,4.940711462450593E-4,0.0,0.55,0.30000000000000004,0.9,0.9,55.0,20.0,85.0,0.1,0.4,0.5,0.8,90.0,85.0,60.0,3029,2950,79,3029,0.026081214922416638,0.7390248258329133,1.0,0.7390248258329133,1361,0.46135593220338983,1.0,1
"iteration_4","SCOPE_DATA_COLLECTION",700,32,1990.0,2050.0,2,4225,2966,956,4240,2907,1005,4210,2945,957,4,9,6,9.492168960607499E-4,0.003046716316858497,0.006230529595015576,0.2963714316357569,0.7488978852575783,1.2882668547920757,0.5927428632715138,0.7488978852575783,0.8588445698613838,0.18812351543942993,0.4910016977928693,0.5235109717868338,97.5,100.0,4432,2024,1691,18,1,0,0.004061371841155234,4.940711462450593E-4,0.0,0.55,0.30000000000000004,0.9,0.9,55.0,20.0,85.0,0.1,0.4,0.5,0.8,90.0,85.0,60.0,1041,1004,37,1041,0.03554274735830932,1.3959078758209789,1.5,0.9306052505473192,568,0.5657370517928287,1.0,1
"iteration_4","SCOPE_DATA_COLLECTION",700,33,2050.0,2110.0,0,4199,3029,1041,4225,2966,956,4125,2954,1002,75,79,37,0.017857142857142856,0.0260468183316848,0.0356111645813282,0.3421081571722695,0.7400784475928734,1.3957377870167456,0.684216314344539,0.7400784475928734,0.9304918580111637,0.2627878787878788,0.4617467840216655,0.5658682634730539,100.0,100.0,4375,401,3493,20,0,171,0.004571428571428572,0.0,0.048955052963069,0.1,0.4,0.5,0.8,90.0,85.0,60.0,0.2,0.4,0.6000000000000001,0.1,20.0,40.0,85.0,4210,4209,1,4210,2.3752969121140142E-4,0.32694868814856964,0.5,0.6538973762971393,995,0.23639819434545023,1.0,1
"iteration_4","SCOPE_DATA_COLLECTION",700,33,2050.0,2110.0,1,4199,3029,1041,4225,2966,956,4125,2954,1002,75,79,37,0.017857142857142856,0.0260468183316848,0.0356111645813282,0.3421081571722695,0.7400784475928734,1.3957377870167456,0.684216314344539,0.7400784475928734,0.9304918580111637,0.2627878787878788,0.4617467840216655,0.5658682634730539,100.0,100.0,4375,401,3493,20,0,171,0.004571428571428572,0.0,0.048955052963069,0.1,0.4,0.5,0.8,90.0,85.0,60.0,0.2,0.4,0.6000000000000001,0.1,20.0,40.0,85.0,2875,2872,3,2875,0.0010434782608695651,0.7304551108329741,1.0,0.7304551108329741,1344,0.467966573816156,1.0,1
"iteration_4","SCOPE_DATA_COLLECTION",700,33,2050.0,2110.0,2,4199,3029,1041,4225,2966,956,4125,2954,1002,75,79,37,0.017857142857142856,0.0260468183316848,0.0356111645813282,0.3421081571722695,0.7400784475928734,1.3957377870167456,0.684216314344539,0.7400784475928734,0.9304918580111637,0.2627878787878788,0.4617467840216655,0.5658682634730539,100.0,100.0,4375,401,3493,20,0,171,0.004571428571428572,0.0,0.048955052963069,0.1,0.4,0.5,0.8,90.0,85.0,60.0,0.2,0.4,0.6000000000000001,0.1,20.0,40.0,85.0,960,955,5,960,0.005208333333333333,1.3094094912690888,1.5,0.8729396608460592,520,0.5445026178010471,1.0,1
"iteration_4","SCOPE_DATA_COLLECTION",700,34,2110.0,2170.0,0,4210,2875,960,4199,3029,1041,4212,2871,958,1,3,5,2.3736055067647758E-4,0.0010438413361169101,0.005192107995846314,0.3267559499959418,0.7314871126562713,1.308253033481475,0.6535118999918836,0.7314871126562713,0.87216868898765,0.23504273504273504,0.46847788227098575,0.5438413361169102,100.0,100.0,4361,740,2944,9,0,0,0.0020637468470534283,0.0,0.0,0.2,0.4,0.6000000000000001,0.1,20.0,40.0,85.0,0.30000000000000004,0.5,0.7000000000000001,0.1,20.0,50.0,95.0,4250,4229,21,4250,0.004941176470588235,0.3225982484174151,0.5,0.6451964968348302,1061,0.25088673445258924,1.0,1
"iteration_4","SCOPE_DATA_COLLECTION",700,34,2110.0,2170.0,1,4210,2875,960,4199,3029,1041,4212,2871,958,1,3,5,2.3736055067647758E-4,0.0010438413361169101,0.005192107995846314,0.3267559499959418,0.7314871126562713,1.308253033481475,0.6535118999918836,0.7314871126562713,0.87216868898765,0.23504273504273504,0.46847788227098575,0.5438413361169102,100.0,100.0,4361,740,2944,9,0,0,0.0020637468470534283,0.0,0.0,0.2,0.4,0.6000000000000001,0.1,20.0,40.0,85.0,0.30000000000000004,0.5,0.7000000000000001,0.1,20.0,50.0,95.0,2892,2878,14,2892,0.004840940525587829,0.730166437728967,1.0,0.730166437728967,1331,0.4624739402362752,1.0,1
"iteration_4","SCOPE_DATA_COLLECTION",700,34,2110.0,2170.0,2,4210,2875,960,4199,3029,1041,4212,2871,958,1,3,5,2.3736055067647758E-4,0.0010438413361169101,0.005192107995846314,0.3267559499959418,0.7314871126562713,1.308253033481475,0.6535118999918836,0.7314871126562713,0.87216868898765,0.23504273504273504,0.46847788227098575,0.5438413361169102,100.0,100.0,4361,740,2944,9,0,0,0.0020637468470534283,0.0,0.0,0.2,0.4,0.6000000000000001,0.1,20.0,40.0,85.0,0.30000000000000004,0.5,0.7000000000000001,0.1,20.0,50.0,95.0,969,962,7,969,0.007223942208462332,1.333295333085192,1.5,0.888863555390128,536,0.5571725571725572,1.0,1
"iteration_4","SCOPE_DATA_COLLECTION",700,35,2170.0,2230.0,0,4250,2892,969,4210,2875,960,4224,2882,955,21,14,7,0.0049469964664310955,0.004834254143646409,0.007276507276507277,0.3219743159872133,0.7289646289643946,1.3308097847175362,0.6439486319744266,0.7289646289643946,0.8872065231450241,0.25,0.4621790423317141,0.556020942408377,100.0,100.0,4330,1112,2669,5,0,37,0.0011547344110854503,0.0,0.013862869988759834,0.30000000000000004,0.5,0.7000000000000001,0.1,20.0,50.0,95.0,0.30000000000000004,0.5,0.7000000000000001,0.1,20.0,50.0,95.0,4116,4114,2,4116,4.8590864917395527E-4,0.3147196522510948,0.5,0.6294393045021895,946,0.22994652406417113,1.0,1
"iteration_4","SCOPE_DATA_COLLECTION",700,35,2170.0,2230.0,1,4250,2892,969,4210,2875,960,4224,2882,955,21,14,7,0.0049469964664310955,0.004834254143646409,0.007276507276507277,0.3219743159872133,0.7289646289643946,1.3308097847175362,0.6439486319744266,0.7289646289643946,0.8872065231450241,0.25,0.4621790423317141,0.556020942408377,100.0,100.0,4330,1112,2669,5,0,37,0.0011547344110854503,0.0,0.013862869988759834,0.30000000000000004,0.5,0.7000000000000001,0.1,20.0,50.0,95.0,0.30000000000000004,0.5,0.7000000000000001,0.1,20.0,50.0,95.0,2859,2854,5,2859,0.0017488632388947185,0.7380460582295509,1.0,0.7380460582295509,1377,0.48248072880168186,1.0,1
"iteration_4","SCOPE_DATA_COLLECTION",700,35,2170.0,2230.0,2,4250,2892,969,4210,2875,960,4224,2882,955,21,14,7,0.0049469964664310955,0.004834254143646409,0.007276507276507277,0.3219743159872133,0.7289646289643946,1.3308097847175362,0.6439486319744266,0.7289646289643946,0.8872065231450241,0.25,0.4621790423317141,0.556020942408377,100.0,100.0,4330,1112,2669,5,0,37,0.0011547344110854503,0.0,0.013862869988759834,0.30000000000000004,0.5,0.7000000000000001,0.1,20.0,50.0,95.0,0.30000000000000004,0.5,0.7000000000000001,0.1,20.0,50.0,95.0,1014,1010,4,1014,0.0039447731755424065,1.2737368104086129,1.5,0.8491578736057419,533,0.5277227722772277,1.0,1
"iteration_4","SCOPE_DATA_COLLECTION",700,36,2230.0,2290.0,0,4116,2859,1014,4250,2892,969,4122,2841,1020,2,5,4,4.8496605237633366E-4,0.0017568517217146872,0.00390625,0.31509708640282985,0.7350948281954669,1.2810639914161137,0.6301941728056597,0.7350948281954669,0.8540426609440758,0.2311984473556526,0.4804646251319958,0.5313725490196078,97.5,100.0,4299,1098,2592,11,0,0,0.0025587345894394044,0.0,0.0,0.30000000000000004,0.5,0.7000000000000001,0.1,20.0,50.0,95.0,0.30000000000000004,0.4,0.7000000000000001,0.2,20.0,40.0,95.0,4169,4165,4,4169,9.59462700887503E-4,0.30907451281762827,0.5,0.6181490256352565,934,0.22424969987995197,1.0,1
"iteration_4","SCOPE_DATA_COLLECTION",700,36,2230.0,2290.0,1,4116,2859,1014,4250,2892,969,4122,2841,1020,2,5,4,4.8496605237633366E-4,0.0017568517217146872,0.00390625,0.31509708640282985,0.7350948281954669,1.2810639914161137,0.6301941728056597,0.7350948281954669,0.8540426609440758,0.2311984473556526,0.4804646251319958,0.5313725490196078,97.5,100.0,4299,1098,2592,11,0,0,0.0025587345894394044,0.0,0.0,0.30000000000000004,0.5,0.7000000000000001,0.1,20.0,50.0,95.0,0.30000000000000004,0.4,0.7000000000000001,0.2,20.0,40.0,95.0,2820,2817,3,2820,0.0010638297872340426,0.7319103204084145,1.0,0.7319103204084145,1350,0.4792332268370607,1.0,1
"iteration_4","SCOPE_DATA_COLLECTION",700,36,2230.0,2290.0,2,4116,2859,1014,4250,2892,969,4122,2841,1020,2,5,4,4.8496605237633366E-4,0.0017568517217146872,0.00390625,0.31509708640282985,0.7350948281954669,1.2810639914161137,0.6301941728056597,0.7350948281954669,0.8540426609440758,0.2311984473556526,0.4804646251319958,0.5313725490196078,97.5,100.0,4299,1098,2592,11,0,0,0.0025587345894394044,0.0,0.0,0.30000000000000004,0.5,0.7000000000000001,0.1,20.0,50.0,95.0,0.30000000000000004,0.4,0.7000000000000001,0.2,20.0,40.0,95.0,1006,1002,4,1006,0.003976143141153081,1.3023879114718926,1.5,0.8682586076479284,542,0.5409181636726547,1.0,1
"iteration_4","SCOPE_DATA_COLLECTION",700,37,2290.0,2350.0,0,4169,2820,1006,4116,2859,1014,4165,2822,990,4,3,4,9.59462700887503E-4,0.0010619469026548673,0.004024144869215292,0.3096493144398985,0.7343355779720653,1.2966241177078668,0.619298628879797,0.7343355779720653,0.8644160784719112,0.22400960384153662,0.4801559177888023,0.5373737373737374,97.5,100.0,4293,1064,2638,11,0,0,0.002562310738411367,0.0,0.0,0.30000000000000004,0.4,0.7000000000000001,0.2,20.0,40.0,95.0,0.30000000000000004,0.30000000000000004,0.6000000000000001,0.1,20.0,30.0,95.0,4105,4103,2,4105,4.8721071863581E-4,0.3129302500447973,0.5,0.6258605000895946,930,0.22666341701194248,1.0,1
"iteration_4","SCOPE_DATA_COLLECTION",700,37,2290.0,2350.0,1,4169,2820,1006,4116,2859,1014,4165,2822,990,4,3,4,9.59462700887503E-4,0.0010619469026548673,0.004024144869215292,0.3096493144398985,0.7343355779720653,1.2966241177078668,0.619298628879797,0.7343355779720653,0.8644160784719112,0.22400960384153662,0.4801559177888023,0.5373737373737374,97.5,100.0,4293,1064,2638,11,0,0,0.002562310738411367,0.0,0.0,0.30000000000000004,0.4,0.7000000000000001,0.2,20.0,40.0,95.0,0.30000000000000004,0.30000000000000004,0.6000000000000001,0.1,20.0,30.0,95.0,2919,2916,3,2919,0.0010277492291880781,0.7445833174285318,1.0,0.7445833174285318,1438,0.49314128943758573,1.0,1
"iteration_4","SCOPE_DATA_COLLECTION",700,37,2290.0,2350.0,2,4169,2820,1006,4116,2859,1014,4165,2822,990,4,3,4,9.59462700887503E-4,0.0010619469026548673,0.004024144869215292,0.3096493144398985,0.7343355779720653,1.2966241177078668,0.619298628879797,0.7343355779720653,0.8644160784719112,0.22400960384153662,0.4801559177888023,0.5373737373737374,97.5,100.0,4293,1064,2638,11,0,0,0.002562310738411367,0.0,0.0,0.30000000000000004,0.4,0.7000000000000001,0.2,20.0,40.0,95.0,0.30000000000000004,0.30000000000000004,0.6000000000000001,0.1,20.0,30.0,95.0,971,967,4,971,0.004119464469618949,1.289137417520535,1.5,0.85942494501369,522,0.5398138572905895,1.0,1
"iteration_4","SCOPE_DATA_COLLECTION",700,38,2350.0,2410.0,0,4105,2919,971,4169,2820,1006,4084,2922,979,2,3,4,4.894762604013706E-4,0.0010256410256410256,0.004069175991861648,0.3125882464529242,0.7439978988209286,1.2952913329627638,0.6251764929058484,0.7439978988209286,0.8635275553085092,0.22796278158667974,0.4941820670773443,0.54341164453524,97.5,100.0,4388,1115,2492,8,1,0,0.0018231540565177757,8.968609865470852E-4,0.0,0.30000000000000004,0.30000000000000004,0.6000000000000001,0.1,20.0,30.0,95.0,0.15000000000000002,0.5,0.9,0.8,75.0,35.0,70.0,4180,4171,9,4180,0.00215311004784689,0.3381341391588924,0.5,0.6762682783177848,1042,0.24982018700551425,1.0,1
"iteration_4","SCOPE_DATA_COLLECTION",700,38,2350.0,2410.0,1,4105,2919,971,4169,2820,1006,4084,2922,979,2,3,4,4.894762604013706E-4,0.0010256410256410256,0.004069175991861648,0.3125882464529242,0.7439978988209286,1.2952913329627638,0.6251764929058484,0.7439978988209286,0.8635275553085092,0.22796278158667974,0.4941820670773443,0.54341164453524,97.5,100.0,4388,1115,2492,8,1,0,0.0018231540565177757,8.968609865470852E-4,0.0,0.30000000000000004,0.30000000000000004,0.6000000000000001,0.1,20.0,30.0,95.0,0.15000000000000002,0.5,0.9,0.8,75.0,35.0,70.0,2838,2820,18,2838,0.006342494714587738,0.764640251362739,1.0,0.764640251362739,1371,0.48617021276595745,1.0,1
"iteration_4","SCOPE_DATA_COLLECTION",700,38,2350.0,2410.0,2,4105,2919,971,4169,2820,1006,4084,2922,979,2,3,4,4.894762604013706E-4,0.0010256410256410256,0.004069175991861648,0.3125882464529242,0.7439978988209286,1.2952913329627638,0.6251764929058484,0.7439978988209286,0.8635275553085092,0.22796278158667974,0.4941820670773443,0.54341164453524,97.5,100.0,4388,1115,2492,8,1,0,0.0018231540565177757,8.968609865470852E-4,0.0,0.30000000000000004,0.30000000000000004,0.6000000000000001,0.1,20.0,30.0,95.0,0.15000000000000002,0.5,0.9,0.8,75.0,35.0,70.0,989,973,16,989,0.016177957532861477,1.3682756697926053,1.5,0.9121837798617368,544,0.5590955806783144,1.0,1
"iteration_4","SCOPE_DATA_COLLECTION",700,39,2410.0,2470.0,0,4180,2838,989,4105,2919,971,4179,2822,971,9,18,16,0.002148997134670487,0.006338028169014085,0.016210739614994935,0.33838095647973315,0.7659822388112792,1.367553509595726,0.6767619129594663,0.7659822388112792,0.9117023397304841,0.24958123953098826,0.4861800141743444,0.5592173017507724,95.0,100.0,4455,544,3008,22,1,20,0.0049382716049382715,0.001838235294117647,0.006648936170212766,0.15000000000000002,0.5,0.9,0.8,75.0,35.0,70.0,0.25,0.6000000000000001,0.9,0.8,65.0,35.0,80.0,4297,4283,14,4297,0.003258087037468001,0.3473825608292563,0.5,0.6947651216585126,1162,0.2713051599346253,1.0,1
"iteration_4","SCOPE_DATA_COLLECTION",700,39,2410.0,2470.0,1,4180,2838,989,4105,2919,971,4179,2822,971,9,18,16,0.002148997134670487,0.006338028169014085,0.016210739614994935,0.33838095647973315,0.7659822388112792,1.367553509595726,0.6767619129594663,0.7659822388112792,0.9117023397304841,0.24958123953098826,0.4861800141743444,0.5592173017507724,95.0,100.0,4455,544,3008,22,1,20,0.0049382716049382715,0.001838235294117647,0.006648936170212766,0.15000000000000002,0.5,0.9,0.8,75.0,35.0,70.0,0.25,0.6000000000000001,0.9,0.8,65.0,35.0,80.0,2898,2880,18,2898,0.006211180124223602,0.758800043896338,1.0,0.758800043896338,1392,0.48333333333333334,1.0,1
"iteration_4","SCOPE_DATA_COLLECTION",700,39,2410.0,2470.0,2,4180,2838,989,4105,2919,971,4179,2822,971,9,18,16,0.002148997134670487,0.006338028169014085,0.016210739614994935,0.33838095647973315,0.7659822388112792,1.367553509595726,0.6767619129594663,0.7659822388112792,0.9117023397304841,0.24958123953098826,0.4861800141743444,0.5592173017507724,95.0,100.0,4455,544,3008,22,1,20,0.0049382716049382715,0.001838235294117647,0.006648936170212766,0.15000000000000002,0.5,0.9,0.8,75.0,35.0,70.0,0.25,0.6000000000000001,0.9,0.8,65.0,35.0,80.0,1022,1013,9,1022,0.008806262230919765,1.3125723983246416,1.5,0.875048265549761,528,0.5212240868706811,1.0,1
"iteration_4","SCOPE_DATA_COLLECTION",700,40,2470.0,2530.0,0,4297,2898,1022,4180,2838,989,4290,2891,1003,14,18,9,0.0032527881040892194,0.006187693365417669,0.008893280632411068,0.3470592282984772,0.7602487438670756,1.3019634626941088,0.6941184565969544,0.7602487438670756,0.8679756417960726,0.27016317016317015,0.48426150121065376,0.5154536390827518,100.0,100.0,4458,935,2824,20,2,19,0.004486316733961417,0.0021390374331550803,0.006728045325779037,0.25,0.6000000000000001,0.9,0.8,65.0,35.0,80.0,0.15000000000000002,0.7000000000000001,0.9,0.9,55.0,45.0,90.0,4257,4203,54,4257,0.012684989429175475,0.34508775476606407,0.5,0.6901755095321281,1202,0.2859862003330954,1.0,1
"iteration_4","SCOPE_DATA_COLLECTION",700,40,2470.0,2530.0,1,4297,2898,1022,4180,2838,989,4290,2891,1003,14,18,9,0.0032527881040892194,0.006187693365417669,0.008893280632411068,0.3470592282984772,0.7602487438670756,1.3019634626941088,0.6941184565969544,0.7602487438670756,0.8679756417960726,0.27016317016317015,0.48426150121065376,0.5154536390827518,100.0,100.0,4458,935,2824,20,2,19,0.004486316733961417,0.0021390374331550803,0.006728045325779037,0.25,0.6000000000000001,0.9,0.8,65.0,35.0,80.0,0.15000000000000002,0.7000000000000001,0.9,0.9,55.0,45.0,90.0,2906,2850,56,2906,0.019270474879559532,0.7560993728225974,1.0,0.7560993728225974,1342,0.4708771929824561,1.0,1
"iteration_4","SCOPE_DATA_COLLECTION",700,40,2470.0,2530.0,2,4297,2898,1022,4180,2838,989,4290,2891,1003,14,18,9,0.0032527881040892194,0.006187693365417669,0.008893280632411068,0.3470592282984772,0.7602487438670756,1.3019634626941088,0.6941184565969544,0.7602487438670756,0.8679756417960726,0.27016317016317015,0.48426150121065376,0.5154536390827518,100.0,100.0,4458,935,2824,20,2,19,0.004486316733961417,0.0021390374331550803,0.006728045325779037,0.25,0.6000000000000001,0.9,0.8,65.0,35.0,80.0,0.15000000000000002,0.7000000000000001,0.9,0.9,55.0,45.0,90.0,1032,1011,21,1032,0.020348837209302327,1.383748511099729,1.5,0.9224990073998193,563,0.5568743818001978,1.0,1
"iteration_4","SCOPE_DATA_COLLECTION",700,41,2530.0,2590.0,0,4257,2906,1032,4297,2898,1022,4193,2845,1015,54,56,21,0.012714857546503415,0.019303688383316097,0.02027027027027027,0.3438079383511901,0.7549651299572623,1.386645638465171,0.6876158767023802,0.7549651299572623,0.9244304256434474,0.28452182208442645,0.4713532513181019,0.5586206896551724,97.5,100.0,4372,580,3243,20,1,110,0.004574565416285453,0.0017241379310344827,0.033919210607462225,0.15000000000000002,0.7000000000000001,0.9,0.9,55.0,45.0,90.0,0.15000000000000002,0.8,0.9,0.8,65.0,55.0,80.0,4303,4281,22,4303,0.005112712061352545,0.34106412289730553,0.5,0.6821282457946111,1178,0.27516935295491707,1.0,1
"iteration_4","SCOPE_DATA_COLLECTION",700,41,2530.0,2590.0,1,4257,2906,1032,4297,2898,1022,4193,2845,1015,54,56,21,0.012714857546503415,0.019303688383316097,0.02027027027027027,0.3438079383511901,0.7549651299572623,1.386645638465171,0.6876158767023802,0.7549651299572623,0.9244304256434474,0.28452182208442645,0.4713532513181019,0.5586206896551724,97.5,100.0,4372,580,3243,20,1,110,0.004574565416285453,0.0017241379310344827,0.033919210607462225,0.15000000000000002,0.7000000000000001,0.9,0.9,55.0,45.0,90.0,0.15000000000000002,0.8,0.9,0.8,65.0,55.0,80.0,2805,2784,21,2805,0.0074866310160427805,0.7553863324557993,1.0,0.7553863324557993,1373,0.4931752873563218,1.0,1
"iteration_4","SCOPE_DATA_COLLECTION",700,41,2530.0,2590.0,2,4257,2906,1032,4297,2898,1022,4193,2845,1015,54,56,21,0.012714857546503415,0.019303688383316097,0.02027027027027027,0.3438079383511901,0.7549651299572623,1.386645638465171,0.6876158767023802,0.7549651299572623,0.9244304256434474,0.28452182208442645,0.4713532513181019,0.5586206896551724,97.5,100.0,4372,580,3243,20,1,110,0.004574565416285453,0.0017241379310344827,0.033919210607462225,0.15000000000000002,0.7000000000000001,0.9,0.9,55.0,45.0,90.0,0.15000000000000002,0.8,0.9,0.8,65.0,55.0,80.0,971,961,10,971,0.010298661174047374,1.3912611863362256,1.5,0.9275074575574838,541,0.562955254942768,1.0,1
"iteration_4","SCOPE_DATA_COLLECTION",700,42,2590.0,2650.0,0,4303,2805,971,4257,2906,1032,4285,2775,961,22,21,10,0.005107963779893197,0.0075107296137339056,0.010298661174047374,0.3419483970395412,0.7527804640436395,1.391249709420998,0.6838967940790824,0.7527804640436395,0.9274998062806653,0.2763127187864644,0.4900900900900901,0.5619146722164412,97.5,100.0,4422,562,3095,15,0,38,0.0033921302578018998,0.0,0.012277867528271405,0.15000000000000002,0.8,0.9,0.8,65.0,55.0,80.0,0.2,0.2,0.4,0.8,40.0,25.0,75.0,4261,4240,21,4261,0.00492842055855433,0.3186701295500556,0.5,0.6373402591001112,800,0.18867924528301888,1.0,1
"iteration_4","SCOPE_DATA_COLLECTION",700,42,2590.0,2650.0,1,4303,2805,971,4257,2906,1032,4285,2775,961,22,21,10,0.005107963779893197,0.0075107296137339056,0.010298661174047374,0.3419483970395412,0.7527804640436395,1.391249709420998,0.6838967940790824,0.7527804640436395,0.9274998062806653,0.2763127187864644,0.4900900900900901,0.5619146722164412,97.5,100.0,4422,562,3095,15,0,38,0.0033921302578018998,0.0,0.012277867528271405,0.15000000000000002,0.8,0.9,0.8,65.0,55.0,80.0,0.2,0.2,0.4,0.8,40.0,25.0,75.0,2937,2915,22,2937,0.00749063670411985,0.7468033849921271,1.0,0.7468033849921271,1402,0.48096054888507717,1.0,1
"iteration_4","SCOPE_DATA_COLLECTION",700,42,2590.0,2650.0,2,4303,2805,971,4257,2906,1032,4285,2775,961,22,21,10,0.005107963779893197,0.0075107296137339056,0.010298661174047374,0.3419483970395412,0.7527804640436395,1.391249709420998,0.6838967940790824,0.7527804640436395,0.9274998062806653,0.2763127187864644,0.4900900900900901,0.5619146722164412,97.5,100.0,4422,562,3095,15,0,38,0.0033921302578018998,0.0,0.012277867528271405,0.15000000000000002,0.8,0.9,0.8,65.0,55.0,80.0,0.2,0.2,0.4,0.8,40.0,25.0,75.0,1013,999,14,1013,0.013820335636722606,1.3394733165574548,1.5,0.8929822110383032,541,0.5415415415415415,1.0,1
"iteration_4","SCOPE_DATA_COLLECTION",700,43,2650.0,2710.0,0,4261,2937,1013,4303,2805,971,4251,2908,999,21,22,14,0.0049157303370786515,0.007508532423208191,0.013820335636722606,0.3192363252153476,0.748089546723669,1.3456073406347129,0.6384726504306952,0.748089546723669,0.897071560423142,0.19007292401787815,0.4810866574965612,0.5455455455455456,97.5,100.0,4431,736,3044,25,1,31,0.005642067253441661,0.001358695652173913,0.010183968462549276,0.2,0.2,0.4,0.8,40.0,25.0,75.0,0.2,0.2,0.4,0.8,40.0,25.0,75.0,4157,4089,68,4157,0.016357950445032476,0.31847116501113887,0.5,0.6369423300222777,785,0.19197847884568353,1.0,1
"iteration_4","SCOPE_DATA_COLLECTION",700,43,2650.0,2710.0,1,4261,2937,1013,4303,2805,971,4251,2908,999,21,22,14,0.0049157303370786515,0.007508532423208191,0.013820335636722606,0.3192363252153476,0.748089546723669,1.3456073406347129,0.6384726504306952,0.748089546723669,0.897071560423142,0.19007292401787815,0.4810866574965612,0.5455455455455456,97.5,100.0,4431,736,3044,25,1,31,0.005642067253441661,0.001358695652173913,0.010183968462549276,0.2,0.2,0.4,0.8,40.0,25.0,75.0,0.2,0.2,0.4,0.8,40.0,25.0,75.0,2918,2868,50,2918,0.017135023989033583,0.7286793195333652,1.0,0.7286793195333652,1362,0.47489539748953974,1.0,1
"iteration_4","SCOPE_DATA_COLLECTION",700,43,2650.0,2710.0,2,4261,2937,1013,4303,2805,971,4251,2908,999,21,22,14,0.0049157303370786515,0.007508532423208191,0.013820335636722606,0.3192363252153476,0.748089546723669,1.3456073406347129,0.6384726504306952,0.748089546723669,0.897071560423142,0.19007292401787815,0.4810866574965612,0.5455455455455456,97.5,100.0,4431,736,3044,25,1,31,0.005642067253441661,0.001358695652173913,0.010183968462549276,0.2,0.2,0.4,0.8,40.0,25.0,75.0,0.2,0.2,0.4,0.8,40.0,25.0,75.0,1018,996,22,1018,0.021611001964636542,1.359439561047715,1.5,0.9062930406984767,552,0.5542168674698795,1.0,1
"iteration_4","SCOPE_DATA_COLLECTION",700,44,2710.0,2770.0,0,4157,2918,1018,4261,2937,1013,4084,2872,1002,68,50,22,0.016377649325626204,0.017111567419575632,0.021484375,0.31774343625198614,0.7271749772023801,1.3582633110529836,0.6354868725039723,0.7271749772023801,0.9055088740353224,0.19049951028403525,0.4738857938718663,0.5538922155688623,92.5,100.0,4450,709,2934,27,0,113,0.006067415730337079,0.0,0.03851397409679618,0.2,0.2,0.4,0.8,40.0,25.0,75.0,0.75,0.1,0.8,0.8,35.0,85.0,75.0,4385,4380,5,4385,0.0011402508551881414,0.2932829513115686,0.5,0.5865659026231372,677,0.1545662100456621,1.0,1
"iteration_4","SCOPE_DATA_COLLECTION",700,44,2710.0,2770.0,1,4157,2918,1018,4261,2937,1013,4084,2872,1002,68,50,22,0.016377649325626204,0.017111567419575632,0.021484375,0.31774343625198614,0.7271749772023801,1.3582633110529836,0.6354868725039723,0.7271749772023801,0.9055088740353224,0.19049951028403525,0.4738857938718663,0.5538922155688623,92.5,100.0,4450,709,2934,27,0,113,0.006067415730337079,0.0,0.03851397409679618,0.2,0.2,0.4,0.8,40.0,25.0,75.0,0.75,0.1,0.8,0.8,35.0,85.0,75.0,2771,2765,6,2771,0.0021652832912306026,0.7599142988879588,1.0,0.7599142988879588,1383,0.5001808318264015,1.0,1
"iteration_4","SCOPE_DATA_COLLECTION",700,44,2710.0,2770.0,2,4157,2918,1018,4261,2937,1013,4084,2872,1002,68,50,22,0.016377649325626204,0.017111567419575632,0.021484375,0.31774343625198614,0.7271749772023801,1.3582633110529836,0.6354868725039723,0.7271749772023801,0.9055088740353224,0.19049951028403525,0.4738857938718663,0.5538922155688623,92.5,100.0,4450,709,2934,27,0,113,0.006067415730337079,0.0,0.03851397409679618,0.2,0.2,0.4,0.8,40.0,25.0,75.0,0.75,0.1,0.8,0.8,35.0,85.0,75.0,974,958,16,974,0.01642710472279261,1.3734012010473968,1.5,0.9156008006982645,548,0.5720250521920668,1.0,1
"iteration_4","SCOPE_DATA_COLLECTION",700,45,2770.0,2830.0,0,4385,2771,974,4157,2918,1018,4375,2768,957,5,6,16,0.001141552511415525,0.0021629416005767843,0.01644398766700925,0.2935204889705515,0.7598945606896177,1.3721123850829642,0.587040977941103,0.7598945606896177,0.9147415900553094,0.1552,0.49963872832369943,0.5705329153605015,97.5,100.0,4606,2653,871,23,4,0,0.00499348675640469,0.0015077271013946476,0.0,0.75,0.1,0.8,0.8,35.0,85.0,75.0,0.65,0.2,0.7000000000000001,0.7000000000000001,35.0,95.0,75.0,4189,4182,7,4189,0.0016710432084029601,0.30336034383877525,0.5,0.6067206876775505,839,0.20062171209947394,1.0,1
"iteration_4","SCOPE_DATA_COLLECTION",700,45,2770.0,2830.0,1,4385,2771,974,4157,2918,1018,4375,2768,957,5,6,16,0.001141552511415525,0.0021629416005767843,0.01644398766700925,0.2935204889705515,0.7598945606896177,1.3721123850829642,0.587040977941103,0.7598945606896177,0.9147415900553094,0.1552,0.49963872832369943,0.5705329153605015,97.5,100.0,4606,2653,871,23,4,0,0.00499348675640469,0.0015077271013946476,0.0,0.75,0.1,0.8,0.8,35.0,85.0,75.0,0.65,0.2,0.7000000000000001,0.7000000000000001,35.0,95.0,75.0,2851,2844,7,2851,0.002455278849526482,0.7496770030280203,1.0,0.7496770030280203,1410,0.4957805907172996,1.0,1
"iteration_4","SCOPE_DATA_COLLECTION",700,45,2770.0,2830.0,2,4385,2771,974,4157,2918,1018,4375,2768,957,5,6,16,0.001141552511415525,0.0021629416005767843,0.01644398766700925,0.2935204889705515,0.7598945606896177,1.3721123850829642,0.587040977941103,0.7598945606896177,0.9147415900553094,0.1552,0.49963872832369943,0.5705329153605015,97.5,100.0,4606,2653,871,23,4,0,0.00499348675640469,0.0015077271013946476,0.0,0.75,0.1,0.8,0.8,35.0,85.0,75.0,0.65,0.2,0.7000000000000001,0.7000000000000001,35.0,95.0,75.0,1001,986,15,1001,0.014985014985014986,1.3388254395203814,1.5,0.8925502930135876,541,0.5486815415821501,1.0,1
"iteration_4","SCOPE_DATA_COLLECTION",700,46,2830.0,2890.0,0,4189,2851,1001,4385,2771,974,4182,2843,986,7,7,15,0.0016710432084029601,0.002456140350877193,0.014985014985014986,0.30299320841053046,0.7502631306759893,1.3404084714418194,0.6059864168210609,0.7502631306759893,0.8936056476278796,0.1994261119081779,0.4966584593739008,0.5496957403651116,100.0,100.0,4472,2350,1219,28,1,0,0.006261180679785331,4.25531914893617E-4,0.0,0.65,0.2,0.7000000000000001,0.7000000000000001,35.0,95.0,75.0,0.75,0.1,0.8,0.7000000000000001,25.0,85.0,85.0,4217,4216,1,4217,2.3713540431586437E-4,0.3007590007560602,0.5,0.6015180015121204,725,0.1719639468690702,1.0,1
"iteration_4","SCOPE_DATA_COLLECTION",700,46,2830.0,2890.0,1,4189,2851,1001,4385,2771,974,4182,2843,986,7,7,15,0.0016710432084029601,0.002456140350877193,0.014985014985014986,0.30299320841053046,0.7502631306759893,1.3404084714418194,0.6059864168210609,0.7502631306759893,0.8936056476278796,0.1994261119081779,0.4966584593739008,0.5496957403651116,100.0,100.0,4472,2350,1219,28,1,0,0.006261180679785331,4.25531914893617E-4,0.0,0.65,0.2,0.7000000000000001,0.7000000000000001,35.0,95.0,75.0,0.75,0.1,0.8,0.7000000000000001,25.0,85.0,85.0,2802,2795,7,2802,0.0024982155603140615,0.7616193166766492,1.0,0.7616193166766492,1434,0.5130590339892666,1.0,1
"iteration_4","SCOPE_DATA_COLLECTION",700,46,2830.0,2890.0,2,4189,2851,1001,4385,2771,974,4182,2843,986,7,7,15,0.0016710432084029601,0.002456140350877193,0.014985014985014986,0.30299320841053046,0.7502631306759893,1.3404084714418194,0.6059864168210609,0.7502631306759893,0.8936056476278796,0.1994261119081779,0.4966584593739008,0.5496957403651116,100.0,100.0,4472,2350,1219,28,1,0,0.006261180679785331,4.25531914893617E-4,0.0,0.65,0.2,0.7000000000000001,0.7000000000000001,35.0,95.0,75.0,0.75,0.1,0.8,0.7000000000000001,25.0,85.0,85.0,943,932,11,943,0.01166489925768823,1.3574626001606995,1.5,0.9049750667737997,530,0.5686695278969958,1.0,1
"iteration_4","SCOPE_DATA_COLLECTION",700,47,2890.0,2950.0,0,4217,2802,943,4189,2851,1001,4226,2795,931,1,7,11,2.365744026496333E-4,0.0024982155603140615,0.01167728237791932,0.3010639222158392,0.760279338645305,1.354240200371758,0.6021278444316784,0.760279338645305,0.9028268002478387,0.1722669190724089,0.5144901610017889,0.5671321160042965,100.0,100.0,4555,2549,858,19,0,0,0.004171240395170143,0.0,0.0,0.75,0.1,0.8,0.7000000000000001,25.0,85.0,85.0,0.6000000000000001,0.30000000000000004,0.7000000000000001,0.7000000000000001,80.0,65.0,65.0,4135,4132,3,4135,7.255139056831923E-4,0.3105450653617783,0.5,0.6210901307235566,948,0.22942884801548888,1.0,1
"iteration_4","SCOPE_DATA_COLLECTION",700,47,2890.0,2950.0,1,4217,2802,943,4189,2851,1001,4226,2795,931,1,7,11,2.365744026496333E-4,0.0024982155603140615,0.01167728237791932,0.3010639222158392,0.760279338645305,1.354240200371758,0.6021278444316784,0.760279338645305,0.9028268002478387,0.1722669190724089,0.5144901610017889,0.5671321160042965,100.0,100.0,4555,2549,858,19,0,0,0.004171240395170143,0.0,0.0,0.75,0.1,0.8,0.7000000000000001,25.0,85.0,85.0,0.6000000000000001,0.30000000000000004,0.7000000000000001,0.7000000000000001,80.0,65.0,65.0,2865,2857,8,2865,0.002792321116928447,0.7526069390711178,1.0,0.7526069390711178,1408,0.4928246412320616,1.0,1
"iteration_4","SCOPE_DATA_COLLECTION",700,47,2890.0,2950.0,2,4217,2802,943,4189,2851,1001,4226,2795,931,1,7,11,2.365744026496333E-4,0.0024982155603140615,0.01167728237791932,0.3010639222158392,0.760279338645305,1.354240200371758,0.6021278444316784,0.760279338645305,0.9028268002478387,0.1722669190724089,0.5144901610017889,0.5671321160042965,100.0,100.0,4555,2549,858,19,0,0,0.004171240395170143,0.0,0.0,0.75,0.1,0.8,0.7000000000000001,25.0,85.0,85.0,0.6000000000000001,0.30000000000000004,0.7000000000000001,0.7000000000000001,80.0,65.0,65.0,1058,1051,7,1058,0.006616257088846881,1.296569923277674,1.5,0.8643799488517826,556,0.5290199809705043,1.0,1
"iteration_4","SCOPE_DATA_COLLECTION",700,48,2950.0,3010.0,0,4135,2865,1058,4217,2802,943,4120,2867,1055,3,8,7,7.276255154014067E-4,0.002782608695652174,0.006591337099811676,0.3104779632346631,0.7565496587093815,1.2991549701238725,0.6209559264693262,0.7565496587093815,0.866103313415915,0.23009708737864076,0.4938960585978375,0.5308056872037915,100.0,100.0,4377,2221,1460,17,1,0,0.0038839387708476127,4.5024763619990995E-4,0.0,0.6000000000000001,0.30000000000000004,0.7000000000000001,0.7000000000000001,80.0,65.0,65.0,0.7000000000000001,0.2,0.7000000000000001,0.6000000000000001,80.0,65.0,55.0,4270,4266,4,4270,9.36768149882904E-4,0.31243728960106754,0.5,0.6248745792021351,904,0.21190811064228784,1.0,1
"iteration_4","SCOPE_DATA_COLLECTION",700,48,2950.0,3010.0,1,4135,2865,1058,4217,2802,943,4120,2867,1055,3,8,7,7.276255154014067E-4,0.002782608695652174,0.006591337099811676,0.3104779632346631,0.7565496587093815,1.2991549701238725,0.6209559264693262,0.7565496587093815,0.866103313415915,0.23009708737864076,0.4938960585978375,0.5308056872037915,100.0,100.0,4377,2221,1460,17,1,0,0.0038839387708476127,4.5024763619990995E-4,0.0,0.6000000000000001,0.30000000000000004,0.7000000000000001,0.7000000000000001,80.0,65.0,65.0,0.7000000000000001,0.2,0.7000000000000001,0.6000000000000001,80.0,65.0,55.0,2942,2937,5,2942,0.001699524133242692,0.7264099080850179,1.0,0.7264099080850179,1417,0.4824651004426285,1.0,1
"iteration_4","SCOPE_DATA_COLLECTION",700,48,2950.0,3010.0,2,4135,2865,1058,4217,2802,943,4120,2867,1055,3,8,7,7.276255154014067E-4,0.002782608695652174,0.006591337099811676,0.3104779632346631,0.7565496587093815,1.2991549701238725,0.6209559264693262,0.7565496587093815,0.866103313415915,0.23009708737864076,0.4938960585978375,0.5308056872037915,100.0,100.0,4377,2221,1460,17,1,0,0.0038839387708476127,4.5024763619990995E-4,0.0,0.6000000000000001,0.30000000000000004,0.7000000000000001,0.7000000000000001,80.0,65.0,65.0,0.7000000000000001,0.2,0.7000000000000001,0.6000000000000001,80.0,65.0,55.0,1000,994,6,1000,0.006,1.3258943728163892,1.5,0.8839295818775929,541,0.5442655935613682,1.0,1
"iteration_4","SCOPE_DATA_COLLECTION",700,49,3010.0,3070.0,0,4270,2942,1000,4135,2865,1058,4277,2927,987,4,5,6,9.34361130576968E-4,0.0017053206002728514,0.006042296072507553,0.3128882559986362,0.725475839543738,1.323580431921664,0.6257765119972724,0.725475839543738,0.8823869546144426,0.21206453121346738,0.48103860608131194,0.5430597771023303,97.5,100.0,4546,2554,1112,14,1,0,0.0030796304443466782,3.9154267815191856E-4,0.0,0.7000000000000001,0.2,0.7000000000000001,0.6000000000000001,80.0,65.0,55.0,0.1,0.7000000000000001,0.5,0.8,60.0,25.0,50.0,4230,3984,246,4230,0.05815602836879433,0.40463591552812905,0.5,0.8092718310562581,1195,0.29994979919678716,1.0,1
"iteration_4","SCOPE_DATA_COLLECTION",700,49,3010.0,3070.0,1,4270,2942,1000,4135,2865,1058,4277,2927,987,4,5,6,9.34361130576968E-4,0.0017053206002728514,0.006042296072507553,0.3128882559986362,0.725475839543738,1.323580431921664,0.6257765119972724,0.725475839543738,0.8823869546144426,0.21206453121346738,0.48103860608131194,0.5430597771023303,97.5,100.0,4546,2554,1112,14,1,0,0.0030796304443466782,3.9154267815191856E-4,0.0,0.7000000000000001,0.2,0.7000000000000001,0.6000000000000001,80.0,65.0,55.0,0.1,0.7000000000000001,0.5,0.8,60.0,25.0,50.0,2901,2733,168,2901,0.057911065149948295,0.7994704873196415,1.0,0.7994704873196415,1378,0.5042078302231979,1.0,1
"iteration_4","SCOPE_DATA_COLLECTION",700,49,3010.0,3070.0,2,4270,2942,1000,4135,2865,1058,4277,2927,987,4,5,6,9.34361130576968E-4,0.0017053206002728514,0.006042296072507553,0.3128882559986362,0.725475839543738,1.323580431921664,0.6257765119972724,0.725475839543738,0.8823869546144426,0.21206453121346738,0.48103860608131194,0.5430597771023303,97.5,100.0,4546,2554,1112,14,1,0,0.0030796304443466782,3.9154267815191856E-4,0.0,0.7000000000000001,0.2,0.7000000000000001,0.6000000000000001,80.0,65.0,55.0,0.1,0.7000000000000001,0.5,0.8,60.0,25.0,50.0,1078,992,86,1078,0.07977736549165121,1.4396693109448475,1.5,0.9597795406298983,575,0.5796370967741935,1.0,1
"iteration_4","SCOPE_DATA_COLLECTION",700,50,3070.0,3130.0,0,4230,2901,1078,4270,2942,1000,3971,2740,996,246,168,86,0.05833530946170263,0.0577716643741403,0.07948243992606285,0.4035285897439839,0.7987675090645845,1.4412306179910253,0.8070571794879678,0.7987675090645845,0.9608204119940168,0.2971543691765298,0.504014598540146,0.5803212851405622,97.5,100.0,4342,359,3508,21,0,479,0.004836480884385076,0.0,0.13654503990877992,0.1,0.7000000000000001,0.5,0.8,60.0,25.0,50.0,0.75,0.8,0.7000000000000001,0.6000000000000001,25.0,85.0,55.0,4300,4294,6,4300,0.0013953488372093023,0.3221993792791994,0.5,0.6443987585583988,1098,0.25570563577084304,1.0,1
"iteration_4","SCOPE_DATA_COLLECTION",700,50,3070.0,3130.0,1,4230,2901,1078,4270,2942,1000,3971,2740,996,246,168,86,0.05833530946170263,0.0577716643741403,0.07948243992606285,0.4035285897439839,0.7987675090645845,1.4412306179910253,0.8070571794879678,0.7987675090645845,0.9608204119940168,0.2971543691765298,0.504014598540146,0.5803212851405622,97.5,100.0,4342,359,3508,21,0,479,0.004836480884385076,0.0,0.13654503990877992,0.1,0.7000000000000001,0.5,0.8,60.0,25.0,50.0,0.75,0.8,0.7000000000000001,0.6000000000000001,25.0,85.0,55.0,2937,2925,12,2937,0.0040858018386108275,0.7458129444667689,1.0,0.7458129444667689,1423,0.4864957264957265,1.0,1
"iteration_4","SCOPE_DATA_COLLECTION",700,50,3070.0,3130.0,2,4230,2901,1078,4270,2942,1000,3971,2740,996,246,168,86,0.05833530946170263,0.0577716643741403,0.07948243992606285,0.4035285897439839,0.7987675090645845,1.4412306179910253,0.8070571794879678,0.7987675090645845,0.9608204119940168,0.2971543691765298,0.504014598540146,0.5803212851405622,97.5,100.0,4342,359,3508,21,0,479,0.004836480884385076,0.0,0.13654503990877992,0.1,0.7000000000000001,0.5,0.8,60.0,25.0,50.0,0.75,0.8,0.7000000000000001,0.6000000000000001,25.0,85.0,55.0,1016,1003,13,1016,0.012795275590551181,1.2788933149336252,1.5,0.8525955432890835,511,0.5094715852442672,1.0,1
"iteration_4","SCOPE_DATA_COLLECTION",700,51,3130.0,3190.0,0,4300,2937,1016,4230,2901,1078,4299,2922,1000,6,12,13,0.0013937282229965157,0.00408997955010225,0.012833168805528134,0.32219949794918196,0.7464899984138752,1.2772700428148283,0.6443989958983639,0.7464899984138752,0.8515133618765521,0.2565712956501512,0.487337440109514,0.508,100.0,100.0,4407,2865,981,26,5,0,0.0058997050147492625,0.0017452006980802793,0.0,0.75,0.8,0.7000000000000001,0.6000000000000001,25.0,85.0,55.0,0.8500000000000001,0.9,0.6000000000000001,0.5,20.0,85.0,65.0,4185,4173,12,4185,0.002867383512544803,0.32647366325514837,0.5,0.6529473265102967,1109,0.26575605080277975,1.0,1
"iteration_4","SCOPE_DATA_COLLECTION",700,51,3130.0,3190.0,1,4300,2937,1016,4230,2901,1078,4299,2922,1000,6,12,13,0.0013937282229965157,0.00408997955010225,0.012833168805528134,0.32219949794918196,0.7464899984138752,1.2772700428148283,0.6443989958983639,0.7464899984138752,0.8515133618765521,0.2565712956501512,0.487337440109514,0.508,100.0,100.0,4407,2865,981,26,5,0,0.0058997050147492625,0.0017452006980802793,0.0,0.75,0.8,0.7000000000000001,0.6000000000000001,25.0,85.0,55.0,0.8500000000000001,0.9,0.6000000000000001,0.5,20.0,85.0,65.0,2873,2869,4,2873,0.0013922728854855553,0.7619020544793572,1.0,0.7619020544793572,1416,0.49355176019519,1.0,1
"iteration_4","SCOPE_DATA_COLLECTION",700,51,3130.0,3190.0,2,4300,2937,1016,4230,2901,1078,4299,2922,1000,6,12,13,0.0013937282229965157,0.00408997955010225,0.012833168805528134,0.32219949794918196,0.7464899984138752,1.2772700428148283,0.6443989958983639,0.7464899984138752,0.8515133618765521,0.2565712956501512,0.487337440109514,0.508,100.0,100.0,4407,2865,981,26,5,0,0.0058997050147492625,0.0017452006980802793,0.0,0.75,0.8,0.7000000000000001,0.6000000000000001,25.0,85.0,55.0,0.8500000000000001,0.9,0.6000000000000001,0.5,20.0,85.0,65.0,962,953,9,962,0.009355509355509356,1.338702323765446,1.5,0.8924682158436307,522,0.5477439664218258,1.0,1
"iteration_4","SCOPE_DATA_COLLECTION",700,52,3190.0,3250.0,0,4185,2873,962,4300,2937,1016,4180,2868,949,12,4,9,0.0028625954198473282,0.001392757660167131,0.009394572025052192,0.3276462570093442,0.759980372125035,1.3388168085161822,0.6552925140186884,0.759980372125035,0.8925445390107881,0.2669856459330144,0.4916317991631799,0.5489989462592202,97.5,100.0,4405,3082,533,19,6,0,0.004313280363223609,0.001946787800129786,0.0,0.8500000000000001,0.9,0.6000000000000001,0.5,20.0,85.0,65.0,0.8500000000000001,0.9,0.6000000000000001,0.5,20.0,85.0,65.0,4393,4386,7,4393,0.0015934441156385158,0.32229862564447465,0.5,0.6445972512889493,1133,0.2583219334245326,1.0,1
"iteration_4","SCOPE_DATA_COLLECTION",700,52,3190.0,3250.0,1,4185,2873,962,4300,2937,1016,4180,2868,949,12,4,9,0.0028625954198473282,0.001392757660167131,0.009394572025052192,0.3276462570093442,0.759980372125035,1.3388168085161822,0.6552925140186884,0.759980372125035,0.8925445390107881,0.2669856459330144,0.4916317991631799,0.5489989462592202,97.5,100.0,4405,3082,533,19,6,0,0.004313280363223609,0.001946787800129786,0.0,0.8500000000000001,0.9,0.6000000000000001,0.5,20.0,85.0,65.0,0.8500000000000001,0.9,0.6000000000000001,0.5,20.0,85.0,65.0,2883,2871,12,2883,0.004162330905306972,0.7369029670058196,1.0,0.7369029670058196,1369,0.4768373389063044,1.0,1
"iteration_4","SCOPE_DATA_COLLECTION",700,52,3190.0,3250.0,2,4185,2873,962,4300,2937,1016,4180,2868,949,12,4,9,0.0028625954198473282,0.001392757660167131,0.009394572025052192,0.3276462570093442,0.759980372125035,1.3388168085161822,0.6552925140186884,0.759980372125035,0.8925445390107881,0.2669856459330144,0.4916317991631799,0.5489989462592202,97.5,100.0,4405,3082,533,19,6,0,0.004313280363223609,0.001946787800129786,0.0,0.8500000000000001,0.9,0.6000000000000001,0.5,20.0,85.0,65.0,0.8500000000000001,0.9,0.6000000000000001,0.5,20.0,85.0,65.0,981,974,7,981,0.007135575942915392,1.3450779201871084,1.5,0.8967186134580722,533,0.5472279260780287,1.0,1
"iteration_4","SCOPE_DATA_COLLECTION",700,53,3250.0,3310.0,0,4393,2883,981,4185,2873,962,4378,2864,979,7,12,7,0.0015963511972633979,0.004172461752433936,0.007099391480730223,0.3215000969083284,0.7381327018265603,1.3441721250917191,0.6430001938166569,0.7381327018265603,0.896114750061146,0.2574234810415715,0.47835195530726254,0.5464759959141982,97.5,100.0,4412,3244,601,24,2,0,0.005439709882139619,6.165228113440197E-4,0.0,0.8500000000000001,0.9,0.6000000000000001,0.5,20.0,85.0,65.0,0.25,0.4,0.4,0.2,50.0,30.0,20.0,4217,4194,23,4217,0.005454114299264881,0.3236262137742437,0.5,0.6472524275484874,1001,0.23867429661421077,1.0,1
"iteration_4","SCOPE_DATA_COLLECTION",700,53,3250.0,3310.0,1,4393,2883,981,4185,2873,962,4378,2864,979,7,12,7,0.0015963511972633979,0.004172461752433936,0.007099391480730223,0.3215000969083284,0.7381327018265603,1.3441721250917191,0.6430001938166569,0.7381327018265603,0.896114750061146,0.2574234810415715,0.47835195530726254,0.5464759959141982,97.5,100.0,4412,3244,601,24,2,0,0.005439709882139619,6.165228113440197E-4,0.0,0.8500000000000001,0.9,0.6000000000000001,0.5,20.0,85.0,65.0,0.25,0.4,0.4,0.2,50.0,30.0,20.0,2852,2830,22,2852,0.007713884992987377,0.73176308417228,1.0,0.73176308417228,1371,0.48445229681978796,1.0,1
"iteration_4","SCOPE_DATA_COLLECTION",700,53,3250.0,3310.0,2,4393,2883,981,4185,2873,962,4378,2864,979,7,12,7,0.0015963511972633979,0.004172461752433936,0.007099391480730223,0.3215000969083284,0.7381327018265603,1.3441721250917191,0.6430001938166569,0.7381327018265603,0.896114750061146,0.2574234810415715,0.47835195530726254,0.5464759959141982,97.5,100.0,4412,3244,601,24,2,0,0.005439709882139619,6.165228113440197E-4,0.0,0.8500000000000001,0.9,0.6000000000000001,0.5,20.0,85.0,65.0,0.25,0.4,0.4,0.2,50.0,30.0,20.0,971,960,11,971,0.01132852729145211,1.2911360771321299,1.5,0.8607573847547533,512,0.5333333333333333,1.0,1
"iteration_4","SCOPE_DATA_COLLECTION",700,54,3310.0,3370.0,0,4217,2852,971,4393,2883,981,4197,2839,962,23,22,11,0.0054502369668246444,0.007689619014330654,0.011305241521068859,0.3242367851121238,0.7316066311484973,1.294291346185273,0.6484735702242476,0.7316066311484973,0.8628608974568487,0.2399332856802478,0.4839732300105671,0.5343035343035343,95.0,100.0,4412,937,2691,6,1,49,0.0013599274705349048,0.0010672358591248667,0.018208844295800816,0.25,0.4,0.4,0.2,50.0,30.0,20.0,0.15000000000000002,0.30000000000000004,0.4,0.1,60.0,30.0,30.0,4196,4155,41,4196,0.009771210676835082,0.31864434555318616,0.5,0.6372886911063723,833,0.20048134777376656,1.0,1
"iteration_4","SCOPE_DATA_COLLECTION",700,54,3310.0,3370.0,1,4217,2852,971,4393,2883,981,4197,2839,962,23,22,11,0.0054502369668246444,0.007689619014330654,0.011305241521068859,0.3242367851121238,0.7316066311484973,1.294291346185273,0.6484735702242476,0.7316066311484973,0.8628608974568487,0.2399332856802478,0.4839732300105671,0.5343035343035343,95.0,100.0,4412,937,2691,6,1,49,0.0013599274705349048,0.0010672358591248667,0.018208844295800816,0.25,0.4,0.4,0.2,50.0,30.0,20.0,0.15000000000000002,0.30000000000000004,0.4,0.1,60.0,30.0,30.0,2904,2872,32,2904,0.011019283746556474,0.7357229901953424,1.0,0.7357229901953424,1376,0.479108635097493,1.0,1
"iteration_4","SCOPE_DATA_COLLECTION",700,54,3310.0,3370.0,2,4217,2852,971,4393,2883,981,4197,2839,962,23,22,11,0.0054502369668246444,0.007689619014330654,0.011305241521068859,0.3242367851121238,0.7316066311484973,1.294291346185273,0.6484735702242476,0.7316066311484973,0.8628608974568487,0.2399332856802478,0.4839732300105671,0.5343035343035343,95.0,100.0,4412,937,2691,6,1,49,0.0013599274705349048,0.0010672358591248667,0.018208844295800816,0.25,0.4,0.4,0.2,50.0,30.0,20.0,0.15000000000000002,0.30000000000000004,0.4,0.1,60.0,30.0,30.0,1011,996,15,1011,0.01483679525222552,1.2989402939986043,1.5,0.8659601959990696,536,0.5381526104417671,1.0,1
"iteration_4","SCOPE_DATA_COLLECTION",700,55,3370.0,3430.0,0,4196,2904,1011,4217,2852,971,4160,2874,986,41,32,15,0.009759581052130446,0.011011699931176875,0.014985014985014986,0.31852050625801337,0.7369631502795597,1.3000676224699572,0.6370410125160267,0.7369631502795597,0.8667117483133048,0.2,0.48086290883785665,0.537525354969574,100.0,100.0,4338,600,3173,4,0,84,9.220839096357768E-4,0.0,0.026473369051370942,0.15000000000000002,0.30000000000000004,0.4,0.1,60.0,30.0,30.0,0.4,0.9,0.2,0.7000000000000001,95.0,50.0,40.0,4170,4169,1,4170,2.3980815347721823E-4,0.3154200725683833,0.5,0.6308401451367666,1002,0.2403454065723195,1.0,1
"iteration_4","SCOPE_DATA_COLLECTION",700,55,3370.0,3430.0,1,4196,2904,1011,4217,2852,971,4160,2874,986,41,32,15,0.009759581052130446,0.011011699931176875,0.014985014985014986,0.31852050625801337,0.7369631502795597,1.3000676224699572,0.6370410125160267,0.7369631502795597,0.8667117483133048,0.2,0.48086290883785665,0.537525354969574,100.0,100.0,4338,600,3173,4,0,84,9.220839096357768E-4,0.0,0.026473369051370942,0.15000000000000002,0.30000000000000004,0.4,0.1,60.0,30.0,30.0,0.4,0.9,0.2,0.7000000000000001,95.0,50.0,40.0,2868,2863,5,2868,0.0017433751743375174,0.7001906520888503,1.0,0.7001906520888503,1310,0.4575619979042962,1.0,1
"iteration_4","SCOPE_DATA_COLLECTION",700,55,3370.0,3430.0,2,4196,2904,1011,4217,2852,971,4160,2874,986,41,32,15,0.009759581052130446,0.011011699931176875,0.014985014985014986,0.31852050625801337,0.7369631502795597,1.3000676224699572,0.6370410125160267,0.7369631502795597,0.8667117483133048,0.2,0.48086290883785665,0.537525354969574,100.0,100.0,4338,600,3173,4,0,84,9.220839096357768E-4,0.0,0.026473369051370942,0.15000000000000002,0.30000000000000004,0.4,0.1,60.0,30.0,30.0,0.4,0.9,0.2,0.7000000000000001,95.0,50.0,40.0,1015,1003,12,1015,0.011822660098522168,1.2952676243966115,1.5,0.863511749597741,532,0.5304087736789631,1.0,1
"iteration_4","SCOPE_DATA_COLLECTION",700,56,3430.0,3490.0,0,4170,2868,1015,4196,2904,1011,4177,2860,1011,1,5,11,2.3934897079942556E-4,0.0017452006980802793,0.010763209393346379,0.3162506381724885,0.7006559583207812,1.2928643197418077,0.632501276344977,0.7006559583207812,0.8619095464945384,0.2418003351687814,0.4562937062937063,0.5301681503461919,95.0,100.0,4321,1538,2194,15,2,0,0.0034714186530895625,0.0013003901170351106,0.0,0.4,0.9,0.2,0.7000000000000001,95.0,50.0,40.0,0.4,0.9,0.2,0.7000000000000001,95.0,50.0,40.0,4223,4219,4,4223,9.47193937958797E-4,0.313824993286987,0.5,0.627649986573974,976,0.23133443944062573,1.0,1
"iteration_4","SCOPE_DATA_COLLECTION",700,56,3430.0,3490.0,1,4170,2868,1015,4196,2904,1011,4177,2860,1011,1,5,11,2.3934897079942556E-4,0.0017452006980802793,0.010763209393346379,0.3162506381724885,0.7006559583207812,1.2928643197418077,0.632501276344977,0.7006559583207812,0.8619095464945384,0.2418003351687814,0.4562937062937063,0.5301681503461919,95.0,100.0,4321,1538,2194,15,2,0,0.0034714186530895625,0.0013003901170351106,0.0,0.4,0.9,0.2,0.7000000000000001,95.0,50.0,40.0,0.4,0.9,0.2,0.7000000000000001,95.0,50.0,40.0,2827,2824,3,2827,0.0010611956137247967,0.6928115529472455,1.0,0.6928115529472455,1277,0.4521954674220963,1.0,1
"iteration_4","SCOPE_DATA_COLLECTION",700,56,3430.0,3490.0,2,4170,2868,1015,4196,2904,1011,4177,2860,1011,1,5,11,2.3934897079942556E-4,0.0017452006980802793,0.010763209393346379,0.3162506381724885,0.7006559583207812,1.2928643197418077,0.632501276344977,0.7006559583207812,0.8619095464945384,0.2418003351687814,0.4562937062937063,0.5301681503461919,95.0,100.0,4321,1538,2194,15,2,0,0.0034714186530895625,0.0013003901170351106,0.0,0.4,0.9,0.2,0.7000000000000001,95.0,50.0,40.0,0.4,0.9,0.2,0.7000000000000001,95.0,50.0,40.0,985,981,4,985,0.0040609137055837565,1.3259122285242888,1.5,0.8839414856828592,536,0.54638124362895,1.0,1
"iteration_4","SCOPE_DATA_COLLECTION",700,57,3490.0,3550.0,0,4223,2827,985,4170,2868,1015,4207,2820,979,4,3,5,9.49893137022085E-4,0.0010626992561105207,0.00508130081300813,0.3131217537991066,0.6910846681442652,1.3276519009396304,0.6262435075982132,0.6910846681442652,0.8851012672930869,0.22937960541953886,0.45283687943262413,0.5474974463738509,100.0,100.0,4303,1512,2220,12,0,0,0.0027887520334650244,0.0,0.0,0.4,0.9,0.2,0.7000000000000001,95.0,50.0,40.0,0.55,0.1,0.9,0.1,45.0,30.0,75.0,4307,4303,4,4307,9.287206872533086E-4,0.2975486352677527,0.5,0.5950972705355054,816,0.18963513827562167,1.0,1
"iteration_4","SCOPE_DATA_COLLECTION",700,57,3490.0,3550.0,1,4223,2827,985,4170,2868,1015,4207,2820,979,4,3,5,9.49893137022085E-4,0.0010626992561105207,0.00508130081300813,0.3131217537991066,0.6910846681442652,1.3276519009396304,0.6262435075982132,0.6910846681442652,0.8851012672930869,0.22937960541953886,0.45283687943262413,0.5474974463738509,100.0,100.0,4303,1512,2220,12,0,0,0.0027887520334650244,0.0,0.0,0.4,0.9,0.2,0.7000000000000001,95.0,50.0,40.0,0.55,0.1,0.9,0.1,45.0,30.0,75.0,2844,2842,2,2844,7.032348804500703E-4,0.7435938040483956,1.0,0.7435938040483956,1411,0.4964813511611541,1.0,1
"iteration_4","SCOPE_DATA_COLLECTION",700,57,3490.0,3550.0,2,4223,2827,985,4170,2868,1015,4207,2820,979,4,3,5,9.49893137022085E-4,0.0010626992561105207,0.00508130081300813,0.3131217537991066,0.6910846681442652,1.3276519009396304,0.6262435075982132,0.6910846681442652,0.8851012672930869,0.22937960541953886,0.45283687943262413,0.5474974463738509,100.0,100.0,4303,1512,2220,12,0,0,0.0027887520334650244,0.0,0.0,0.4,0.9,0.2,0.7000000000000001,95.0,50.0,40.0,0.55,0.1,0.9,0.1,45.0,30.0,75.0,1012,1006,6,1012,0.005928853754940711,1.317438677872705,1.5,0.8782924519151366,555,0.55168986083499,1.0,1
"iteration_4","SCOPE_DATA_COLLECTION",700,58,3550.0,3619.022511825697,0,4307,2844,1012,4223,2827,985,4308,2848,997,4,2,6,9.276437847866419E-4,7.017543859649122E-4,0.005982053838484547,0.29761344321250105,0.7445817919603898,1.311276556604186,0.5952268864250021,0.7445817919603898,0.8741843710694573,0.19103992571959147,0.49543539325842695,0.5486459378134403,97.5,100.0,4504,2034,1625,9,3,0,0.0019982238010657193,0.0014749262536873156,0.0,0.55,0.1,0.9,0.1,45.0,30.0,75.0,0.45,0.2,0.2,0.30000000000000004,20.0,60.0,55.0,3635,3623,3,3626,8.27357970215113E-4,0.30389602225952456,0.5,0.6077920445190491,781,0.21556720949489375,0.9975240715268225,0
"iteration_4","SCOPE_DATA_COLLECTION",700,58,3550.0,3619.022511825697,1,4307,2844,1012,4223,2827,985,4308,2848,997,4,2,6,9.276437847866419E-4,7.017543859649122E-4,0.005982053838484547,0.29761344321250105,0.7445817919603898,1.311276556604186,0.5952268864250021,0.7445817919603898,0.8741843710694573,0.19103992571959147,0.49543539325842695,0.5486459378134403,97.5,100.0,4504,2034,1625,9,3,0,0.0019982238010657193,0.0014749262536873156,0.0,0.55,0.1,0.9,0.1,45.0,30.0,75.0,0.45,0.2,0.2,0.30000000000000004,20.0,60.0,55.0,2406,2370,1,2371,4.2176296921130323E-4,0.7018169757509053,1.0,0.7018169757509053,1108,0.4675105485232067,0.985453034081463,0
"iteration_4","SCOPE_DATA_COLLECTION",700,58,3550.0,3619.022511825697,2,4307,2844,1012,4223,2827,985,4308,2848,997,4,2,6,9.276437847866419E-4,7.017543859649122E-4,0.005982053838484547,0.29761344321250105,0.7445817919603898,1.311276556604186,0.5952268864250021,0.7445817919603898,0.8741843710694573,0.19103992571959147,0.49543539325842695,0.5486459378134403,97.5,100.0,4504,2034,1625,9,3,0,0.0019982238010657193,0.0014749262536873156,0.0,0.55,0.1,0.9,0.1,45.0,30.0,75.0,0.45,0.2,0.2,0.30000000000000004,20.0,60.0,55.0,893,860,7,867,0.008073817762399077,1.2496597367991604,1.5,0.8331064911994402,438,0.5093023255813953,0.9708846584546472,0
"iteration_4","SCOPE_DATA_COLLECTION",800,0,70.0,130.0,0,4329,3159,1002,0,0,0,4302,3110,974,4,8,12,9.289363678588017E-4,0.0025657472738935213,0.012170385395537525,0.31883460835430827,0.7254755718837467,1.1960509743991525,0.6376692167086165,0.7254755718837467,0.7973673162661017,0.25546257554625756,0.46237942122186493,0.4681724845995893,97.5,100.0,4437,2443,1610,21,3,0,0.004732927653820149,0.0012279983626688497,0.0,0.6,0.5,0.7,0.4,85.0,80.0,90.0,0.6,0.5,0.7,0.4,85.0,80.0,90.0,4784,4781,3,4784,6.270903010033445E-4,0.30458509020020086,0.5,0.6091701804004017,1233,0.25789583769085966,1.0,1
"iteration_4","SCOPE_DATA_COLLECTION",800,0,70.0,130.0,1,4329,3159,1002,0,0,0,4302,3110,974,4,8,12,9.289363678588017E-4,0.0025657472738935213,0.012170385395537525,0.31883460835430827,0.7254755718837467,1.1960509743991525,0.6376692167086165,0.7254755718837467,0.7973673162661017,0.25546257554625756,0.46237942122186493,0.4681724845995893,97.5,100.0,4437,2443,1610,21,3,0,0.004732927653820149,0.0012279983626688497,0.0,0.6,0.5,0.7,0.4,85.0,80.0,90.0,0.6,0.5,0.7,0.4,85.0,80.0,90.0,3410,3399,11,3410,0.0032258064516129032,0.7048004109819361,1.0,0.7048004109819361,1505,0.4427772874374816,1.0,1
"iteration_4","SCOPE_DATA_COLLECTION",800,0,70.0,130.0,2,4329,3159,1002,0,0,0,4302,3110,974,4,8,12,9.289363678588017E-4,0.0025657472738935213,0.012170385395537525,0.31883460835430827,0.7254755718837467,1.1960509743991525,0.6376692167086165,0.7254755718837467,0.7973673162661017,0.25546257554625756,0.46237942122186493,0.4681724845995893,97.5,100.0,4437,2443,1610,21,3,0,0.004732927653820149,0.0012279983626688497,0.0,0.6,0.5,0.7,0.4,85.0,80.0,90.0,0.6,0.5,0.7,0.4,85.0,80.0,90.0,1066,1061,5,1066,0.004690431519699813,1.2381006190718722,1.5,0.8254004127145814,522,0.49198868991517436,1.0,1
"iteration_4","SCOPE_DATA_COLLECTION",800,1,130.0,190.0,0,4784,3410,1066,4329,3159,1002,4775,3411,1056,3,11,5,6.278777731268313E-4,0.0032144944476914087,0.00471253534401508,0.30443983711228223,0.708158096948746,1.2371461901666838,0.6088796742245645,0.708158096948746,0.8247641267777892,0.25863874345549737,0.4467897977132806,0.49053030303030304,87.5,100.0,4509,2872,1879,16,3,0,0.0035484586382789974,0.0010445682451253482,0.0,0.6,0.5,0.7,0.4,85.0,80.0,90.0,0.6,0.5,0.7,0.4,85.0,80.0,90.0,4713,4711,2,4713,4.24358158285593E-4,0.31385146812491316,0.5,0.6277029362498263,1263,0.2680959456590957,1.0,1
"iteration_4","SCOPE_DATA_COLLECTION",800,1,130.0,190.0,1,4784,3410,1066,4329,3159,1002,4775,3411,1056,3,11,5,6.278777731268313E-4,0.0032144944476914087,0.00471253534401508,0.30443983711228223,0.708158096948746,1.2371461901666838,0.6088796742245645,0.708158096948746,0.8247641267777892,0.25863874345549737,0.4467897977132806,0.49053030303030304,87.5,100.0,4509,2872,1879,16,3,0,0.0035484586382789974,0.0010445682451253482,0.0,0.6,0.5,0.7,0.4,85.0,80.0,90.0,0.6,0.5,0.7,0.4,85.0,80.0,90.0,3473,3462,11,3473,0.0031672905269219693,0.7108596075979879,1.0,0.7108596075979879,1556,0.4494511842865396,1.0,1
"iteration_4","SCOPE_DATA_COLLECTION",800,1,130.0,190.0,2,4784,3410,1066,4329,3159,1002,4775,3411,1056,3,11,5,6.278777731268313E-4,0.0032144944476914087,0.00471253534401508,0.30443983711228223,0.708158096948746,1.2371461901666838,0.6088796742245645,0.708158096948746,0.8247641267777892,0.25863874345549737,0.4467897977132806,0.49053030303030304,87.5,100.0,4509,2872,1879,16,3,0,0.0035484586382789974,0.0010445682451253482,0.0,0.6,0.5,0.7,0.4,85.0,80.0,90.0,0.6,0.5,0.7,0.4,85.0,80.0,90.0,1093,1082,11,1093,0.010064043915827997,1.213007426104338,1.5,0.808671617402892,516,0.47689463955637706,1.0,1
"iteration_4","SCOPE_DATA_COLLECTION",800,2,190.0,250.0,0,4713,3473,1093,4784,3410,1066,4719,3450,1081,2,11,11,4.2363905952128787E-4,0.003178272175671771,0.010073260073260074,0.31413045346653795,0.7090126974622423,1.2138824524496585,0.6282609069330759,0.7090126974622423,0.8092549682997724,0.26742954015681286,0.44666666666666666,0.47733580018501387,100.0,100.0,4563,2813,1903,24,0,0,0.005259697567389875,0.0,0.0,0.6,0.5,0.7,0.4,85.0,80.0,90.0,0.5,0.4,0.6000000000000001,0.5,75.0,70.0,90.0,4821,4799,22,4821,0.0045633685957270275,0.305987317450152,0.5,0.611974634900304,1207,0.2515107314023755,1.0,1
"iteration_4","SCOPE_DATA_COLLECTION",800,2,190.0,250.0,1,4713,3473,1093,4784,3410,1066,4719,3450,1081,2,11,11,4.2363905952128787E-4,0.003178272175671771,0.010073260073260074,0.31413045346653795,0.7090126974622423,1.2138824524496585,0.6282609069330759,0.7090126974622423,0.8092549682997724,0.26742954015681286,0.44666666666666666,0.47733580018501387,100.0,100.0,4563,2813,1903,24,0,0,0.005259697567389875,0.0,0.0,0.6,0.5,0.7,0.4,85.0,80.0,90.0,0.5,0.4,0.6000000000000001,0.5,75.0,70.0,90.0,3466,3433,33,3466,0.009521061742642816,0.6946638748813467,1.0,0.6946638748813467,1489,0.43373143023594524,1.0,1
"iteration_4","SCOPE_DATA_COLLECTION",800,2,190.0,250.0,2,4713,3473,1093,4784,3410,1066,4719,3450,1081,2,11,11,4.2363905952128787E-4,0.003178272175671771,0.010073260073260074,0.31413045346653795,0.7090126974622423,1.2138824524496585,0.6282609069330759,0.7090126974622423,0.8092549682997724,0.26742954015681286,0.44666666666666666,0.47733580018501387,100.0,100.0,4563,2813,1903,24,0,0,0.005259697567389875,0.0,0.0,0.6,0.5,0.7,0.4,85.0,80.0,90.0,0.5,0.4,0.6000000000000001,0.5,75.0,70.0,90.0,1166,1149,17,1166,0.014579759862778732,1.2723433741624484,1.5,0.8482289161082989,573,0.49869451697127937,1.0,1
"iteration_4","SCOPE_DATA_COLLECTION",800,3,250.0,310.0,0,4821,3466,1166,4713,3473,1093,4801,3431,1146,22,33,17,0.004561476259589467,0.009526558891454965,0.014617368873602751,0.3059528175535516,0.694270276878769,1.2645062125253845,0.6119056351071032,0.694270276878769,0.8430041416835897,0.2518225369714643,0.43340134071699216,0.4956369982547993,100.0,100.0,4532,2474,2447,37,0,35,0.008164165931156223,0.0,0.014303228442991417,0.5,0.4,0.6000000000000001,0.5,75.0,70.0,90.0,0.4,0.30000000000000004,0.5,0.4,65.0,70.0,90.0,4583,4569,14,4583,0.0030547676194632336,0.3032091661400113,0.5,0.6064183322800226,1069,0.23396804552418474,1.0,1
"iteration_4","SCOPE_DATA_COLLECTION",800,3,250.0,310.0,1,4821,3466,1166,4713,3473,1093,4801,3431,1146,22,33,17,0.004561476259589467,0.009526558891454965,0.014617368873602751,0.3059528175535516,0.694270276878769,1.2645062125253845,0.6119056351071032,0.694270276878769,0.8430041416835897,0.2518225369714643,0.43340134071699216,0.4956369982547993,100.0,100.0,4532,2474,2447,37,0,35,0.008164165931156223,0.0,0.014303228442991417,0.5,0.4,0.6000000000000001,0.5,75.0,70.0,90.0,0.4,0.30000000000000004,0.5,0.4,65.0,70.0,90.0,3337,3315,22,3337,0.006592747977225052,0.7104920921756944,1.0,0.7104920921756944,1480,0.4464555052790347,1.0,1
"iteration_4","SCOPE_DATA_COLLECTION",800,3,250.0,310.0,2,4821,3466,1166,4713,3473,1093,4801,3431,1146,22,33,17,0.004561476259589467,0.009526558891454965,0.014617368873602751,0.3059528175535516,0.694270276878769,1.2645062125253845,0.6119056351071032,0.694270276878769,0.8430041416835897,0.2518225369714643,0.43340134071699216,0.4956369982547993,100.0,100.0,4532,2474,2447,37,0,35,0.008164165931156223,0.0,0.014303228442991417,0.5,0.4,0.6000000000000001,0.5,75.0,70.0,90.0,0.4,0.30000000000000004,0.5,0.4,65.0,70.0,90.0,1101,1089,12,1101,0.010899182561307902,1.272466968949026,1.5,0.848311312632684,554,0.5087235996326905,1.0,1
"iteration_4","SCOPE_DATA_COLLECTION",800,4,310.0,370.0,0,4583,3337,1101,4821,3466,1166,4565,3309,1095,14,22,12,0.0030574361214238915,0.006604623236265386,0.01084010840108401,0.30344751641137924,0.710886533593187,1.2775238105369,0.6068950328227585,0.710886533593187,0.8516825403579333,0.2343921139101862,0.44786944696282865,0.5105022831050229,100.0,100.0,4465,1849,2707,28,1,19,0.006270996640537514,5.408328826392645E-4,0.007018840044329516,0.4,0.30000000000000004,0.5,0.4,65.0,70.0,90.0,0.4,0.30000000000000004,0.4,0.30000000000000004,75.0,80.0,95.0,4689,4648,41,4689,0.00874386862870548,0.31787255164874584,0.5,0.6357451032974917,1211,0.2605421686746988,1.0,1
"iteration_4","SCOPE_DATA_COLLECTION",800,4,310.0,370.0,1,4583,3337,1101,4821,3466,1166,4565,3309,1095,14,22,12,0.0030574361214238915,0.006604623236265386,0.01084010840108401,0.30344751641137924,0.710886533593187,1.2775238105369,0.6068950328227585,0.710886533593187,0.8516825403579333,0.2343921139101862,0.44786944696282865,0.5105022831050229,100.0,100.0,4465,1849,2707,28,1,19,0.006270996640537514,5.408328826392645E-4,0.007018840044329516,0.4,0.30000000000000004,0.5,0.4,65.0,70.0,90.0,0.4,0.30000000000000004,0.4,0.30000000000000004,75.0,80.0,95.0,3408,3365,43,3408,0.01261737089201878,0.7161526627100335,1.0,0.7161526627100335,1542,0.45824665676077264,1.0,1
"iteration_4","SCOPE_DATA_COLLECTION",800,4,310.0,370.0,2,4583,3337,1101,4821,3466,1166,4565,3309,1095,14,22,12,0.0030574361214238915,0.006604623236265386,0.01084010840108401,0.30344751641137924,0.710886533593187,1.2775238105369,0.6068950328227585,0.710886533593187,0.8516825403579333,0.2343921139101862,0.44786944696282865,0.5105022831050229,100.0,100.0,4465,1849,2707,28,1,19,0.006270996640537514,5.408328826392645E-4,0.007018840044329516,0.4,0.30000000000000004,0.5,0.4,65.0,70.0,90.0,0.4,0.30000000000000004,0.4,0.30000000000000004,75.0,80.0,95.0,1164,1150,14,1164,0.012027491408934709,1.205967652841909,1.5,0.8039784352279393,543,0.4721739130434783,1.0,1
"iteration_4","SCOPE_DATA_COLLECTION",800,5,370.0,430.0,0,4689,3408,1164,4583,3337,1101,4647,3366,1142,41,43,14,0.008745733788395904,0.01261366969785861,0.012110726643598616,0.31835112722676856,0.7140141894434753,1.20141552080233,0.6367022544535371,0.7140141894434753,0.8009436805348867,0.26102862061545085,0.4563279857397504,0.4702276707530648,100.0,100.0,4623,1851,2787,22,0,76,0.004758814622539477,0.0,0.02726946537495515,0.4,0.30000000000000004,0.4,0.30000000000000004,75.0,80.0,95.0,0.5,0.2,0.5,0.4,85.0,90.0,85.0,4654,4650,4,4654,8.594757198109154E-4,0.30080471535946435,0.5,0.6016094307189287,996,0.21419354838709678,1.0,1
"iteration_4","SCOPE_DATA_COLLECTION",800,5,370.0,430.0,1,4689,3408,1164,4583,3337,1101,4647,3366,1142,41,43,14,0.008745733788395904,0.01261366969785861,0.012110726643598616,0.31835112722676856,0.7140141894434753,1.20141552080233,0.6367022544535371,0.7140141894434753,0.8009436805348867,0.26102862061545085,0.4563279857397504,0.4702276707530648,100.0,100.0,4623,1851,2787,22,0,76,0.004758814622539477,0.0,0.02726946537495515,0.4,0.30000000000000004,0.4,0.30000000000000004,75.0,80.0,95.0,0.5,0.2,0.5,0.4,85.0,90.0,85.0,3403,3393,10,3403,0.0029385836027034967,0.6987660323943253,1.0,0.6987660323943253,1539,0.4535809018567639,1.0,1
"iteration_4","SCOPE_DATA_COLLECTION",800,5,370.0,430.0,2,4689,3408,1164,4583,3337,1101,4647,3366,1142,41,43,14,0.008745733788395904,0.01261366969785861,0.012110726643598616,0.31835112722676856,0.7140141894434753,1.20141552080233,0.6367022544535371,0.7140141894434753,0.8009436805348867,0.26102862061545085,0.4563279857397504,0.4702276707530648,100.0,100.0,4623,1851,2787,22,0,76,0.004758814622539477,0.0,0.02726946537495515,0.4,0.30000000000000004,0.4,0.30000000000000004,75.0,80.0,95.0,0.5,0.2,0.5,0.4,85.0,90.0,85.0,1073,1063,10,1073,0.009319664492078284,1.2515519085787352,1.5,0.8343679390524902,535,0.5032925682031985,1.0,1
"iteration_4","SCOPE_DATA_COLLECTION",800,6,430.0,490.0,0,4654,3403,1073,4689,3408,1164,4645,3396,1069,4,10,10,8.604000860400087E-4,0.002935995302407516,0.009267840593141797,0.29941416417617145,0.6989208181590064,1.2582249253830315,0.5988283283523429,0.6989208181590064,0.838816616922021,0.21205597416576966,0.45288574793875147,0.5060804490177736,100.0,100.0,4607,2297,2226,23,1,0,0.004992402865205123,4.3535045711797995E-4,0.0,0.5,0.2,0.5,0.4,85.0,90.0,85.0,0.4,0.8,0.6000000000000001,0.6000000000000001,60.0,20.0,65.0,4729,4722,7,4729,0.00148022837809262,0.3309563962011343,0.5,0.6619127924022686,1344,0.2846251588310038,1.0,1
"iteration_4","SCOPE_DATA_COLLECTION",800,6,430.0,490.0,1,4654,3403,1073,4689,3408,1164,4645,3396,1069,4,10,10,8.604000860400087E-4,0.002935995302407516,0.009267840593141797,0.29941416417617145,0.6989208181590064,1.2582249253830315,0.5988283283523429,0.6989208181590064,0.838816616922021,0.21205597416576966,0.45288574793875147,0.5060804490177736,100.0,100.0,4607,2297,2226,23,1,0,0.004992402865205123,4.3535045711797995E-4,0.0,0.5,0.2,0.5,0.4,85.0,90.0,85.0,0.4,0.8,0.6000000000000001,0.6000000000000001,60.0,20.0,65.0,3393,3377,16,3393,0.004715590922487474,0.7328310658253163,1.0,0.7328310658253163,1547,0.458098904352976,1.0,1
"iteration_4","SCOPE_DATA_COLLECTION",800,6,430.0,490.0,2,4654,3403,1073,4689,3408,1164,4645,3396,1069,4,10,10,8.604000860400087E-4,0.002935995302407516,0.009267840593141797,0.29941416417617145,0.6989208181590064,1.2582249253830315,0.5988283283523429,0.6989208181590064,0.838816616922021,0.21205597416576966,0.45288574793875147,0.5060804490177736,100.0,100.0,4607,2297,2226,23,1,0,0.004992402865205123,4.3535045711797995E-4,0.0,0.5,0.2,0.5,0.4,85.0,90.0,85.0,0.4,0.8,0.6000000000000001,0.6000000000000001,60.0,20.0,65.0,1097,1082,15,1097,0.013673655423883319,1.223565509345423,1.5,0.8157103395636153,511,0.4722735674676525,1.0,1
"iteration_4","SCOPE_DATA_COLLECTION",800,7,490.0,550.0,0,4729,3393,1097,4654,3403,1073,4721,3379,1090,7,16,15,0.0014805414551607445,0.00471281296023564,0.013574660633484163,0.3306929730560196,0.734320527437215,1.2261143031368364,0.6613859461120392,0.734320527437215,0.8174095354245576,0.2848972675280661,0.45989937851435336,0.4743119266055046,95.0,100.0,4620,1846,2753,38,0,0,0.008225108225108226,0.0,0.0,0.4,0.8,0.6000000000000001,0.6000000000000001,60.0,20.0,65.0,0.6000000000000001,0.30000000000000004,0.9,0.5,70.0,70.0,55.0,4664,4660,4,4664,8.576329331046312E-4,0.30417019859779276,0.5,0.6083403971955855,1153,0.24742489270386267,1.0,1
"iteration_4","SCOPE_DATA_COLLECTION",800,7,490.0,550.0,1,4729,3393,1097,4654,3403,1073,4721,3379,1090,7,16,15,0.0014805414551607445,0.00471281296023564,0.013574660633484163,0.3306929730560196,0.734320527437215,1.2261143031368364,0.6613859461120392,0.734320527437215,0.8174095354245576,0.2848972675280661,0.45989937851435336,0.4743119266055046,95.0,100.0,4620,1846,2753,38,0,0,0.008225108225108226,0.0,0.0,0.4,0.8,0.6000000000000001,0.6000000000000001,60.0,20.0,65.0,0.6000000000000001,0.30000000000000004,0.9,0.5,70.0,70.0,55.0,3520,3511,9,3520,0.002556818181818182,0.7237233142959606,1.0,0.7237233142959606,1623,0.4622614639703788,1.0,1
"iteration_4","SCOPE_DATA_COLLECTION",800,7,490.0,550.0,2,4729,3393,1097,4654,3403,1073,4721,3379,1090,7,16,15,0.0014805414551607445,0.00471281296023564,0.013574660633484163,0.3306929730560196,0.734320527437215,1.2261143031368364,0.6613859461120392,0.734320527437215,0.8174095354245576,0.2848972675280661,0.45989937851435336,0.4743119266055046,95.0,100.0,4620,1846,2753,38,0,0,0.008225108225108226,0.0,0.0,0.4,0.8,0.6000000000000001,0.6000000000000001,60.0,20.0,65.0,0.6000000000000001,0.30000000000000004,0.9,0.5,70.0,70.0,55.0,1041,1029,12,1041,0.011527377521613832,1.2263335963490596,1.5,0.8175557308993731,497,0.48299319727891155,1.0,1
"iteration_4","SCOPE_DATA_COLLECTION",800,8,550.0,610.0,0,4664,3520,1041,4729,3393,1097,4660,3499,1027,4,9,12,8.576329331046312E-4,0.002565564424173318,0.011549566891241578,0.30494740769106243,0.7236520137124233,1.2258113392558352,0.6098948153821249,0.7236520137124233,0.8172075595038901,0.24763948497854077,0.46270362960845957,0.4819863680623174,97.5,100.0,4641,2754,1830,24,1,0,0.005171299288946348,3.6310820624546115E-4,0.0,0.6000000000000001,0.30000000000000004,0.9,0.5,70.0,70.0,55.0,0.6000000000000001,0.30000000000000004,0.9,0.5,70.0,70.0,55.0,4801,4799,2,4801,4.1657987919183504E-4,0.30267290477762854,0.5,0.6053458095552571,1159,0.24150864763492394,1.0,1
"iteration_4","SCOPE_DATA_COLLECTION",800,8,550.0,610.0,1,4664,3520,1041,4729,3393,1097,4660,3499,1027,4,9,12,8.576329331046312E-4,0.002565564424173318,0.011549566891241578,0.30494740769106243,0.7236520137124233,1.2258113392558352,0.6098948153821249,0.7236520137124233,0.8172075595038901,0.24763948497854077,0.46270362960845957,0.4819863680623174,97.5,100.0,4641,2754,1830,24,1,0,0.005171299288946348,3.6310820624546115E-4,0.0,0.6000000000000001,0.30000000000000004,0.9,0.5,70.0,70.0,55.0,0.6000000000000001,0.30000000000000004,0.9,0.5,70.0,70.0,55.0,3410,3397,13,3410,0.003812316715542522,0.7266028920611233,1.0,0.7266028920611233,1558,0.45863997644980864,1.0,1
"iteration_4","SCOPE_DATA_COLLECTION",800,8,550.0,610.0,2,4664,3520,1041,4729,3393,1097,4660,3499,1027,4,9,12,8.576329331046312E-4,0.002565564424173318,0.011549566891241578,0.30494740769106243,0.7236520137124233,1.2258113392558352,0.6098948153821249,0.7236520137124233,0.8172075595038901,0.24763948497854077,0.46270362960845957,0.4819863680623174,97.5,100.0,4641,2754,1830,24,1,0,0.005171299288946348,3.6310820624546115E-4,0.0,0.6000000000000001,0.30000000000000004,0.9,0.5,70.0,70.0,55.0,0.6000000000000001,0.30000000000000004,0.9,0.5,70.0,70.0,55.0,1042,1030,12,1042,0.011516314779270634,1.3318186608463363,1.5,0.8878791072308908,549,0.5330097087378641,1.0,1
"iteration_4","SCOPE_DATA_COLLECTION",800,9,610.0,670.0,0,4801,3410,1042,4664,3520,1041,4813,3410,1017,2,13,12,4.153686396677051E-4,0.0037978381536663743,0.011661807580174927,0.3032331907914878,0.7259311207796474,1.322449382567209,0.6064663815829756,0.7259311207796474,0.8816329217114727,0.2432993974651984,0.4574780058651026,0.5290068829891839,100.0,100.0,4665,2784,1804,23,4,0,0.004930332261521972,0.0014367816091954023,0.0,0.6000000000000001,0.30000000000000004,0.9,0.5,70.0,70.0,55.0,0.5,0.2,0.9,0.6000000000000001,60.0,70.0,45.0,4812,4808,4,4812,8.312551953449709E-4,0.30713356856849566,0.5,0.6142671371369913,1025,0.21318635607321132,1.0,1
"iteration_4","SCOPE_DATA_COLLECTION",800,9,610.0,670.0,1,4801,3410,1042,4664,3520,1041,4813,3410,1017,2,13,12,4.153686396677051E-4,0.0037978381536663743,0.011661807580174927,0.3032331907914878,0.7259311207796474,1.322449382567209,0.6064663815829756,0.7259311207796474,0.8816329217114727,0.2432993974651984,0.4574780058651026,0.5290068829891839,100.0,100.0,4665,2784,1804,23,4,0,0.004930332261521972,0.0014367816091954023,0.0,0.6000000000000001,0.30000000000000004,0.9,0.5,70.0,70.0,55.0,0.5,0.2,0.9,0.6000000000000001,60.0,70.0,45.0,3392,3377,15,3392,0.004422169811320755,0.7378472706599588,1.0,0.7378472706599588,1583,0.4687592537755404,1.0,1
"iteration_4","SCOPE_DATA_COLLECTION",800,9,610.0,670.0,2,4801,3410,1042,4664,3520,1041,4813,3410,1017,2,13,12,4.153686396677051E-4,0.0037978381536663743,0.011661807580174927,0.3032331907914878,0.7259311207796474,1.322449382567209,0.6064663815829756,0.7259311207796474,0.8816329217114727,0.2432993974651984,0.4574780058651026,0.5290068829891839,100.0,100.0,4665,2784,1804,23,4,0,0.004930332261521972,0.0014367816091954023,0.0,0.6000000000000001,0.30000000000000004,0.9,0.5,70.0,70.0,55.0,0.5,0.2,0.9,0.6000000000000001,60.0,70.0,45.0,1089,1070,19,1089,0.017447199265381085,1.2129119940181277,1.5,0.8086079960120851,506,0.47289719626168225,1.0,1
"iteration_4","SCOPE_DATA_COLLECTION",800,10,670.0,730.0,0,4812,3392,1089,4801,3410,1042,4806,3374,1075,4,15,19,8.316008316008316E-4,0.004426084390675715,0.01736745886654479,0.30740303779407196,0.7352213827036078,1.2130800050026551,0.6148060755881439,0.7352213827036078,0.8087200033351034,0.21389929255097795,0.46828689982216953,0.47348837209302325,100.0,100.0,4791,2215,2287,38,0,0,0.007931538300981006,0.0,0.0,0.5,0.2,0.9,0.6000000000000001,60.0,70.0,45.0,0.5,0.1,0.9,0.7000000000000001,70.0,60.0,45.0,4740,4737,3,4740,6.329113924050633E-4,0.2811933129804921,0.5,0.5623866259609842,774,0.16339455351488283,1.0,1
"iteration_4","SCOPE_DATA_COLLECTION",800,10,670.0,730.0,1,4812,3392,1089,4801,3410,1042,4806,3374,1075,4,15,19,8.316008316008316E-4,0.004426084390675715,0.01736745886654479,0.30740303779407196,0.7352213827036078,1.2130800050026551,0.6148060755881439,0.7352213827036078,0.8087200033351034,0.21389929255097795,0.46828689982216953,0.47348837209302325,100.0,100.0,4791,2215,2287,38,0,0,0.007931538300981006,0.0,0.0,0.5,0.2,0.9,0.6000000000000001,60.0,70.0,45.0,0.5,0.1,0.9,0.7000000000000001,70.0,60.0,45.0,3418,3410,8,3418,0.0023405500292568754,0.7060398368311271,1.0,0.7060398368311271,1531,0.44897360703812317,1.0,1
"iteration_4","SCOPE_DATA_COLLECTION",800,10,670.0,730.0,2,4812,3392,1089,4801,3410,1042,4806,3374,1075,4,15,19,8.316008316008316E-4,0.004426084390675715,0.01736745886654479,0.30740303779407196,0.7352213827036078,1.2130800050026551,0.6148060755881439,0.7352213827036078,0.8087200033351034,0.21389929255097795,0.46828689982216953,0.47348837209302325,100.0,100.0,4791,2215,2287,38,0,0,0.007931538300981006,0.0,0.0,0.5,0.2,0.9,0.6000000000000001,60.0,70.0,45.0,0.5,0.1,0.9,0.7000000000000001,70.0,60.0,45.0,1102,1091,11,1102,0.009981851179673321,1.2699923269230216,1.5,0.8466615512820144,554,0.5077910174152154,1.0,1
"iteration_4","SCOPE_DATA_COLLECTION",800,11,730.0,790.0,0,4740,3418,1102,4812,3392,1089,4739,3417,1095,3,8,11,6.326444538169548E-4,0.0023357664233576644,0.009945750452079566,0.2810875335388712,0.7101315440962533,1.2746223049087644,0.5621750670777425,0.7101315440962533,0.8497482032725096,0.1622705212070057,0.45127304653204564,0.508675799086758,100.0,100.0,4650,2395,2215,22,0,0,0.004731182795698925,0.0,0.0,0.5,0.1,0.9,0.7000000000000001,70.0,60.0,45.0,0.5,0.1,0.9,0.7000000000000001,70.0,60.0,45.0,4822,4817,5,4822,0.0010369141435089175,0.29239696027116635,0.5,0.5847939205423327,904,0.1876686734482043,1.0,1
"iteration_4","SCOPE_DATA_COLLECTION",800,11,730.0,790.0,1,4740,3418,1102,4812,3392,1089,4739,3417,1095,3,8,11,6.326444538169548E-4,0.0023357664233576644,0.009945750452079566,0.2810875335388712,0.7101315440962533,1.2746223049087644,0.5621750670777425,0.7101315440962533,0.8497482032725096,0.1622705212070057,0.45127304653204564,0.508675799086758,100.0,100.0,4650,2395,2215,22,0,0,0.004731182795698925,0.0,0.0,0.5,0.1,0.9,0.7000000000000001,70.0,60.0,45.0,0.5,0.1,0.9,0.7000000000000001,70.0,60.0,45.0,3403,3392,11,3403,0.0032324419629738465,0.7251710310710047,1.0,0.7251710310710047,1566,0.46167452830188677,1.0,1
"iteration_4","SCOPE_DATA_COLLECTION",800,11,730.0,790.0,2,4740,3418,1102,4812,3392,1089,4739,3417,1095,3,8,11,6.326444538169548E-4,0.0023357664233576644,0.009945750452079566,0.2810875335388712,0.7101315440962533,1.2746223049087644,0.5621750670777425,0.7101315440962533,0.8497482032725096,0.1622705212070057,0.45127304653204564,0.508675799086758,100.0,100.0,4650,2395,2215,22,0,0,0.004731182795698925,0.0,0.0,0.5,0.1,0.9,0.7000000000000001,70.0,60.0,45.0,0.5,0.1,0.9,0.7000000000000001,70.0,60.0,45.0,1089,1078,11,1089,0.010101010101010102,1.2310585654706194,1.5,0.8207057103137463,529,0.4907235621521336,1.0,1
"iteration_4","SCOPE_DATA_COLLECTION",800,12,790.0,850.0,0,4822,3403,1089,4740,3418,1102,4808,3374,1074,5,11,11,0.0010388531061707874,0.0032496307237813884,0.010138248847926268,0.29252546810613655,0.720429130278769,1.22694826507381,0.5850509362122731,0.720429130278769,0.8179655100492066,0.18801996672212978,0.4582098399525785,0.4897579143389199,100.0,100.0,4768,2332,2214,25,2,0,0.005243288590604027,8.576329331046312E-4,0.0,0.5,0.1,0.9,0.7000000000000001,70.0,60.0,45.0,0.4,0.2,0.9,0.7000000000000001,60.0,60.0,45.0,4627,4622,5,4627,0.001080613788631943,0.30088403631927774,0.5,0.6017680726385555,949,0.2053223712678494,1.0,1
"iteration_4","SCOPE_DATA_COLLECTION",800,12,790.0,850.0,1,4822,3403,1089,4740,3418,1102,4808,3374,1074,5,11,11,0.0010388531061707874,0.0032496307237813884,0.010138248847926268,0.29252546810613655,0.720429130278769,1.22694826507381,0.5850509362122731,0.720429130278769,0.8179655100492066,0.18801996672212978,0.4582098399525785,0.4897579143389199,100.0,100.0,4768,2332,2214,25,2,0,0.005243288590604027,8.576329331046312E-4,0.0,0.5,0.1,0.9,0.7000000000000001,70.0,60.0,45.0,0.4,0.2,0.9,0.7000000000000001,60.0,60.0,45.0,3427,3415,12,3427,0.0035016049022468633,0.7239492847603302,1.0,0.7239492847603302,1565,0.4582723279648609,1.0,1
"iteration_4","SCOPE_DATA_COLLECTION",800,12,790.0,850.0,2,4822,3403,1089,4740,3418,1102,4808,3374,1074,5,11,11,0.0010388531061707874,0.0032496307237813884,0.010138248847926268,0.29252546810613655,0.720429130278769,1.22694826507381,0.5850509362122731,0.720429130278769,0.8179655100492066,0.18801996672212978,0.4582098399525785,0.4897579143389199,100.0,100.0,4768,2332,2214,25,2,0,0.005243288590604027,8.576329331046312E-4,0.0,0.5,0.1,0.9,0.7000000000000001,70.0,60.0,45.0,0.4,0.2,0.9,0.7000000000000001,60.0,60.0,45.0,1099,1090,9,1099,0.00818926296633303,1.2308650708924092,1.5,0.8205767139282728,528,0.48440366972477067,1.0,1
"iteration_4","SCOPE_DATA_COLLECTION",800,13,850.0,910.0,0,4627,3427,1099,4822,3403,1089,4631,3432,1085,5,12,9,0.0010785159620362382,0.003484320557491289,0.008226691042047532,0.300473601676428,0.7274728044886715,1.2351916598466606,0.600947203352856,0.7274728044886715,0.8234611065644404,0.20513927877348304,0.4606643356643357,0.4847926267281106,100.0,100.0,4674,1793,2686,25,1,0,0.005348737697903295,5.577244841048522E-4,0.0,0.4,0.2,0.9,0.7000000000000001,60.0,60.0,45.0,0.4,0.7000000000000001,0.5,0.2,80.0,65.0,35.0,4743,4735,8,4743,0.001686696183849884,0.33480133288280317,0.5,0.6696026657656063,1292,0.27286166842661036,1.0,1
"iteration_4","SCOPE_DATA_COLLECTION",800,13,850.0,910.0,1,4627,3427,1099,4822,3403,1089,4631,3432,1085,5,12,9,0.0010785159620362382,0.003484320557491289,0.008226691042047532,0.300473601676428,0.7274728044886715,1.2351916598466606,0.600947203352856,0.7274728044886715,0.8234611065644404,0.20513927877348304,0.4606643356643357,0.4847926267281106,100.0,100.0,4674,1793,2686,25,1,0,0.005348737697903295,5.577244841048522E-4,0.0,0.4,0.2,0.9,0.7000000000000001,60.0,60.0,45.0,0.4,0.7000000000000001,0.5,0.2,80.0,65.0,35.0,3379,3373,6,3379,0.0017756732761171944,0.7270072608558549,1.0,0.7270072608558549,1493,0.44263267121257044,1.0,1
"iteration_4","SCOPE_DATA_COLLECTION",800,13,850.0,910.0,2,4627,3427,1099,4822,3403,1089,4631,3432,1085,5,12,9,0.0010785159620362382,0.003484320557491289,0.008226691042047532,0.300473601676428,0.7274728044886715,1.2351916598466606,0.600947203352856,0.7274728044886715,0.8234611065644404,0.20513927877348304,0.4606643356643357,0.4847926267281106,100.0,100.0,4674,1793,2686,25,1,0,0.005348737697903295,5.577244841048522E-4,0.0,0.4,0.2,0.9,0.7000000000000001,60.0,60.0,45.0,0.4,0.7000000000000001,0.5,0.2,80.0,65.0,35.0,1158,1151,7,1158,0.006044905008635579,1.2609246954980884,1.5,0.8406164636653922,572,0.49695916594265854,1.0,1
"iteration_4","SCOPE_DATA_COLLECTION",800,14,910.0,970.0,0,4743,3379,1158,4627,3427,1099,4720,3377,1160,8,6,7,0.001692047377326565,0.0017735737511084836,0.005998286203941731,0.33380123434943515,0.7294940777859776,1.2574325615322637,0.6676024686988703,0.7294940777859776,0.8382883743548425,0.27055084745762714,0.4444773467574771,0.496551724137931,100.0,100.0,4442,1875,2963,19,2,0,0.004277352543899144,0.0010666666666666667,0.0,0.4,0.7000000000000001,0.5,0.2,80.0,65.0,35.0,0.4,0.8,0.6000000000000001,0.30000000000000004,70.0,55.0,35.0,4759,4752,7,4759,0.0014708972473208657,0.3300125959219581,0.5,0.6600251918439162,1372,0.2887205387205387,1.0,1
"iteration_4","SCOPE_DATA_COLLECTION",800,14,910.0,970.0,1,4743,3379,1158,4627,3427,1099,4720,3377,1160,8,6,7,0.001692047377326565,0.0017735737511084836,0.005998286203941731,0.33380123434943515,0.7294940777859776,1.2574325615322637,0.6676024686988703,0.7294940777859776,0.8382883743548425,0.27055084745762714,0.4444773467574771,0.496551724137931,100.0,100.0,4442,1875,2963,19,2,0,0.004277352543899144,0.0010666666666666667,0.0,0.4,0.7000000000000001,0.5,0.2,80.0,65.0,35.0,0.4,0.8,0.6000000000000001,0.30000000000000004,70.0,55.0,35.0,3438,3433,5,3438,0.0014543339150668994,0.7112245852031328,1.0,0.7112245852031328,1526,0.4445091756481212,1.0,1
"iteration_4","SCOPE_DATA_COLLECTION",800,14,910.0,970.0,2,4743,3379,1158,4627,3427,1099,4720,3377,1160,8,6,7,0.001692047377326565,0.0017735737511084836,0.005998286203941731,0.33380123434943515,0.7294940777859776,1.2574325615322637,0.6676024686988703,0.7294940777859776,0.8382883743548425,0.27055084745762714,0.4444773467574771,0.496551724137931,100.0,100.0,4442,1875,2963,19,2,0,0.004277352543899144,0.0010666666666666667,0.0,0.4,0.7000000000000001,0.5,0.2,80.0,65.0,35.0,0.4,0.8,0.6000000000000001,0.30000000000000004,70.0,55.0,35.0,1060,1050,10,1060,0.009433962264150943,1.2025437062149005,1.5,0.801695804143267,494,0.4704761904761905,1.0,1
"iteration_4","SCOPE_DATA_COLLECTION",800,15,970.0,1030.0,0,4759,3438,1060,4743,3379,1158,4747,3436,1051,7,5,10,0.001472444257467396,0.0014530659691950015,0.00942507068803016,0.3295507053650914,0.7096179880749767,1.2084329856117064,0.6591014107301828,0.7096179880749767,0.8056219904078042,0.28818200969033075,0.44324796274738065,0.47288296860133205,97.5,100.0,4609,1872,2776,21,1,0,0.004556302885658494,5.341880341880342E-4,0.0,0.4,0.8,0.6000000000000001,0.30000000000000004,70.0,55.0,35.0,0.5,0.7000000000000001,0.6000000000000001,0.4,80.0,65.0,25.0,4732,4726,6,4732,0.001267962806424345,0.3212911796322747,0.5,0.6425823592645494,1313,0.2778247989843419,1.0,1
"iteration_4","SCOPE_DATA_COLLECTION",800,15,970.0,1030.0,1,4759,3438,1060,4743,3379,1158,4747,3436,1051,7,5,10,0.001472444257467396,0.0014530659691950015,0.00942507068803016,0.3295507053650914,0.7096179880749767,1.2084329856117064,0.6591014107301828,0.7096179880749767,0.8056219904078042,0.28818200969033075,0.44324796274738065,0.47288296860133205,97.5,100.0,4609,1872,2776,21,1,0,0.004556302885658494,5.341880341880342E-4,0.0,0.4,0.8,0.6000000000000001,0.30000000000000004,70.0,55.0,35.0,0.5,0.7000000000000001,0.6000000000000001,0.4,80.0,65.0,25.0,3494,3478,16,3494,0.0045792787635947334,0.713512713946629,1.0,0.713512713946629,1516,0.43588269120184014,1.0,1
"iteration_4","SCOPE_DATA_COLLECTION",800,15,970.0,1030.0,2,4759,3438,1060,4743,3379,1158,4747,3436,1051,7,5,10,0.001472444257467396,0.0014530659691950015,0.00942507068803016,0.3295507053650914,0.7096179880749767,1.2084329856117064,0.6591014107301828,0.7096179880749767,0.8056219904078042,0.28818200969033075,0.44324796274738065,0.47288296860133205,97.5,100.0,4609,1872,2776,21,1,0,0.004556302885658494,5.341880341880342E-4,0.0,0.4,0.8,0.6000000000000001,0.30000000000000004,70.0,55.0,35.0,0.5,0.7000000000000001,0.6000000000000001,0.4,80.0,65.0,25.0,1154,1141,13,1154,0.011265164644714038,1.2272615673152425,1.5,0.8181743782101617,544,0.4767747589833479,1.0,1
"iteration_4","SCOPE_DATA_COLLECTION",800,16,1030.0,1090.0,0,4732,3494,1154,4759,3438,1060,4738,3475,1137,5,16,13,0.0010541851149061775,0.004583213978802635,0.011304347826086957,0.3222250660848222,0.7130887824333414,1.21967410081383,0.6444501321696444,0.7130887824333414,0.81311606720922,0.27944280287040946,0.43510791366906476,0.47405452946350046,100.0,100.0,4539,2378,2463,32,2,0,0.007050011015642212,8.410428931875525E-4,0.0,0.5,0.7000000000000001,0.6000000000000001,0.4,80.0,65.0,25.0,0.5,0.7000000000000001,0.6000000000000001,0.4,80.0,65.0,25.0,4733,4722,11,4733,0.0023241073315022186,0.31933889564463064,0.5,0.6386777912892613,1294,0.2740364252435409,1.0,1
"iteration_4","SCOPE_DATA_COLLECTION",800,16,1030.0,1090.0,1,4732,3494,1154,4759,3438,1060,4738,3475,1137,5,16,13,0.0010541851149061775,0.004583213978802635,0.011304347826086957,0.3222250660848222,0.7130887824333414,1.21967410081383,0.6444501321696444,0.7130887824333414,0.81311606720922,0.27944280287040946,0.43510791366906476,0.47405452946350046,100.0,100.0,4539,2378,2463,32,2,0,0.007050011015642212,8.410428931875525E-4,0.0,0.5,0.7000000000000001,0.6000000000000001,0.4,80.0,65.0,25.0,0.5,0.7000000000000001,0.6000000000000001,0.4,80.0,65.0,25.0,3456,3434,22,3456,0.00636574074074074,0.6905649738081602,1.0,0.6905649738081602,1447,0.4213744903902155,1.0,1
"iteration_4","SCOPE_DATA_COLLECTION",800,16,1030.0,1090.0,2,4732,3494,1154,4759,3438,1060,4738,3475,1137,5,16,13,0.0010541851149061775,0.004583213978802635,0.011304347826086957,0.3222250660848222,0.7130887824333414,1.21967410081383,0.6444501321696444,0.7130887824333414,0.81311606720922,0.27944280287040946,0.43510791366906476,0.47405452946350046,100.0,100.0,4539,2378,2463,32,2,0,0.007050011015642212,8.410428931875525E-4,0.0,0.5,0.7000000000000001,0.6000000000000001,0.4,80.0,65.0,25.0,0.5,0.7000000000000001,0.6000000000000001,0.4,80.0,65.0,25.0,1091,1086,5,1091,0.00458295142071494,1.269003057008685,1.5,0.84600203800579,547,0.503683241252302,1.0,1
"iteration_4","SCOPE_DATA_COLLECTION",800,17,1090.0,1150.0,0,4733,3456,1091,4732,3494,1154,4715,3441,1089,12,22,5,0.0025386079966151893,0.006352873231302339,0.004570383912248629,0.3188677381191361,0.6915253797646804,1.275114222414802,0.6377354762382722,0.6915253797646804,0.8500761482765347,0.27295864262990455,0.42284219703574544,0.5050505050505051,97.5,100.0,4499,2416,2365,21,1,17,0.0046677039342076015,4.139072847682119E-4,0.00718816067653277,0.5,0.7000000000000001,0.6000000000000001,0.4,80.0,65.0,25.0,0.5,0.7000000000000001,0.6000000000000001,0.5,90.0,55.0,35.0,4850,4841,9,4850,0.0018556701030927835,0.3290697981827954,0.5,0.6581395963655908,1410,0.2912621359223301,1.0,1
"iteration_4","SCOPE_DATA_COLLECTION",800,17,1090.0,1150.0,1,4733,3456,1091,4732,3494,1154,4715,3441,1089,12,22,5,0.0025386079966151893,0.006352873231302339,0.004570383912248629,0.3188677381191361,0.6915253797646804,1.275114222414802,0.6377354762382722,0.6915253797646804,0.8500761482765347,0.27295864262990455,0.42284219703574544,0.5050505050505051,97.5,100.0,4499,2416,2365,21,1,17,0.0046677039342076015,4.139072847682119E-4,0.00718816067653277,0.5,0.7000000000000001,0.6000000000000001,0.4,80.0,65.0,25.0,0.5,0.7000000000000001,0.6000000000000001,0.5,90.0,55.0,35.0,3522,3508,14,3522,0.003975014196479273,0.6973828903742032,1.0,0.6973828903742032,1505,0.4290193842645382,1.0,1
"iteration_4","SCOPE_DATA_COLLECTION",800,17,1090.0,1150.0,2,4733,3456,1091,4732,3494,1154,4715,3441,1089,12,22,5,0.0025386079966151893,0.006352873231302339,0.004570383912248629,0.3188677381191361,0.6915253797646804,1.275114222414802,0.6377354762382722,0.6915253797646804,0.8500761482765347,0.27295864262990455,0.42284219703574544,0.5050505050505051,97.5,100.0,4499,2416,2365,21,1,17,0.0046677039342076015,4.139072847682119E-4,0.00718816067653277,0.5,0.7000000000000001,0.6000000000000001,0.4,80.0,65.0,25.0,0.5,0.7000000000000001,0.6000000000000001,0.5,90.0,55.0,35.0,1161,1149,12,1161,0.0103359173126615,1.2450140809057753,1.5,0.8300093872705169,558,0.4856396866840731,1.0,1
"iteration_4","SCOPE_DATA_COLLECTION",800,18,1150.0,1210.0,0,4850,3522,1161,4733,3456,1091,4842,3501,1136,9,14,12,0.0018552875695732839,0.003982930298719772,0.010452961672473868,0.32941976886960495,0.6991478270802413,1.2343871312508703,0.6588395377392099,0.6991478270802413,0.8229247541672469,0.2926476662536142,0.43044844330191373,0.4823943661971831,100.0,100.0,4596,2369,2568,34,1,0,0.0073977371627502175,4.2211903756859433E-4,0.0,0.5,0.7000000000000001,0.6000000000000001,0.5,90.0,55.0,35.0,0.5,0.8,0.6000000000000001,0.5,95.0,65.0,45.0,4699,4690,9,4699,0.001915301127899553,0.3220545760284937,0.5,0.6441091520569874,1296,0.27633262260127933,1.0,1
"iteration_4","SCOPE_DATA_COLLECTION",800,18,1150.0,1210.0,1,4850,3522,1161,4733,3456,1091,4842,3501,1136,9,14,12,0.0018552875695732839,0.003982930298719772,0.010452961672473868,0.32941976886960495,0.6991478270802413,1.2343871312508703,0.6588395377392099,0.6991478270802413,0.8229247541672469,0.2926476662536142,0.43044844330191373,0.4823943661971831,100.0,100.0,4596,2369,2568,34,1,0,0.0073977371627502175,4.2211903756859433E-4,0.0,0.5,0.7000000000000001,0.6000000000000001,0.5,90.0,55.0,35.0,0.5,0.8,0.6000000000000001,0.5,95.0,65.0,45.0,3427,3412,15,3427,0.004377006127808579,0.7058628215563411,1.0,0.7058628215563411,1520,0.4454865181711606,1.0,1
"iteration_4","SCOPE_DATA_COLLECTION",800,18,1150.0,1210.0,2,4850,3522,1161,4733,3456,1091,4842,3501,1136,9,14,12,0.0018552875695732839,0.003982930298719772,0.010452961672473868,0.32941976886960495,0.6991478270802413,1.2343871312508703,0.6588395377392099,0.6991478270802413,0.8229247541672469,0.2926476662536142,0.43044844330191373,0.4823943661971831,100.0,100.0,4596,2369,2568,34,1,0,0.0073977371627502175,4.2211903756859433E-4,0.0,0.5,0.7000000000000001,0.6000000000000001,0.5,90.0,55.0,35.0,0.5,0.8,0.6000000000000001,0.5,95.0,65.0,45.0,1127,1115,12,1127,0.01064773735581189,1.2319822175112516,1.5,0.8213214783408344,539,0.4834080717488789,1.0,1
"iteration_4","SCOPE_DATA_COLLECTION",800,19,1210.0,1270.0,0,4699,3427,1127,4850,3522,1161,4691,3412,1132,9,15,12,0.0019148936170212765,0.004377006127808579,0.01048951048951049,0.3219505954620949,0.7032726772474172,1.241503465176019,0.6439011909241898,0.7032726772474172,0.8276689767840127,0.27606054146237474,0.44343493552168817,0.4876325088339223,95.0,100.0,4532,2391,2330,31,5,0,0.006840247131509268,0.002091175240485153,0.0,0.5,0.8,0.6000000000000001,0.5,95.0,65.0,45.0,0.4,0.7000000000000001,0.7000000000000001,0.5,85.0,75.0,45.0,4625,4621,4,4625,8.648648648648649E-4,0.3258114372738142,0.5,0.6516228745476284,1241,0.2685565894827959,1.0,1
"iteration_4","SCOPE_DATA_COLLECTION",800,19,1210.0,1270.0,1,4699,3427,1127,4850,3522,1161,4691,3412,1132,9,15,12,0.0019148936170212765,0.004377006127808579,0.01048951048951049,0.3219505954620949,0.7032726772474172,1.241503465176019,0.6439011909241898,0.7032726772474172,0.8276689767840127,0.27606054146237474,0.44343493552168817,0.4876325088339223,95.0,100.0,4532,2391,2330,31,5,0,0.006840247131509268,0.002091175240485153,0.0,0.5,0.8,0.6000000000000001,0.5,95.0,65.0,45.0,0.4,0.7000000000000001,0.7000000000000001,0.5,85.0,75.0,45.0,3419,3412,7,3419,0.0020473822755191578,0.7022916649108588,1.0,0.7022916649108588,1496,0.4384525205158265,1.0,1
"iteration_4","SCOPE_DATA_COLLECTION",800,19,1210.0,1270.0,2,4699,3427,1127,4850,3522,1161,4691,3412,1132,9,15,12,0.0019148936170212765,0.004377006127808579,0.01048951048951049,0.3219505954620949,0.7032726772474172,1.241503465176019,0.6439011909241898,0.7032726772474172,0.8276689767840127,0.27606054146237474,0.44343493552168817,0.4876325088339223,95.0,100.0,4532,2391,2330,31,5,0,0.006840247131509268,0.002091175240485153,0.0,0.5,0.8,0.6000000000000001,0.5,95.0,65.0,45.0,0.4,0.7000000000000001,0.7000000000000001,0.5,85.0,75.0,45.0,1115,1100,15,1115,0.013452914798206279,1.2772141074339924,1.5,0.8514760716226616,551,0.5009090909090909,1.0,1
"iteration_4","SCOPE_DATA_COLLECTION",800,20,1270.0,1330.0,0,4625,3419,1115,4699,3427,1127,4622,3397,1093,4,7,15,8.646779074794639E-4,0.002056404230317274,0.013537906137184115,0.32599968464040535,0.7014153289907167,1.282506861595551,0.6519993692808107,0.7014153289907167,0.855004574397034,0.2680657723929035,0.43773918163085074,0.5032021957913998,100.0,100.0,4518,1819,2822,24,2,0,0.005312084993359893,0.0010995052226498076,0.0,0.4,0.7000000000000001,0.7000000000000001,0.5,85.0,75.0,45.0,0.7000000000000001,0.7000000000000001,0.4,0.30000000000000004,70.0,25.0,95.0,4730,4727,3,4730,6.342494714587737E-4,0.3219040752046659,0.5,0.6438081504093318,1329,0.2811508356251322,1.0,1
"iteration_4","SCOPE_DATA_COLLECTION",800,20,1270.0,1330.0,1,4625,3419,1115,4699,3427,1127,4622,3397,1093,4,7,15,8.646779074794639E-4,0.002056404230317274,0.013537906137184115,0.32599968464040535,0.7014153289907167,1.282506861595551,0.6519993692808107,0.7014153289907167,0.855004574397034,0.2680657723929035,0.43773918163085074,0.5032021957913998,100.0,100.0,4518,1819,2822,24,2,0,0.005312084993359893,0.0010995052226498076,0.0,0.4,0.7000000000000001,0.7000000000000001,0.5,85.0,75.0,45.0,0.7000000000000001,0.7000000000000001,0.4,0.30000000000000004,70.0,25.0,95.0,3414,3403,11,3414,0.003222026947861746,0.6940416716373637,1.0,0.6940416716373637,1486,0.43667352336173965,1.0,1
"iteration_4","SCOPE_DATA_COLLECTION",800,20,1270.0,1330.0,2,4625,3419,1115,4699,3427,1127,4622,3397,1093,4,7,15,8.646779074794639E-4,0.002056404230317274,0.013537906137184115,0.32599968464040535,0.7014153289907167,1.282506861595551,0.6519993692808107,0.7014153289907167,0.855004574397034,0.2680657723929035,0.43773918163085074,0.5032021957913998,100.0,100.0,4518,1819,2822,24,2,0,0.005312084993359893,0.0010995052226498076,0.0,0.4,0.7000000000000001,0.7000000000000001,0.5,85.0,75.0,45.0,0.7000000000000001,0.7000000000000001,0.4,0.30000000000000004,70.0,25.0,95.0,1053,1043,10,1053,0.00949667616334283,1.2555468682548432,1.5,0.8370312455032288,525,0.5033557046979866,1.0,1
"iteration_4","SCOPE_DATA_COLLECTION",800,21,1330.0,1390.0,0,4730,3414,1053,4625,3419,1115,4730,3426,1038,3,11,10,6.338474540460595E-4,0.003200465522257783,0.009541984732824428,0.3222696758202929,0.6961509449535125,1.2449124961791904,0.6445393516405858,0.6961509449535125,0.8299416641194602,0.2822410147991543,0.43812025685931116,0.49710982658959535,95.0,100.0,4556,3221,1420,19,5,0,0.004170324846356453,0.001552312946289972,0.0,0.7000000000000001,0.7000000000000001,0.4,0.30000000000000004,70.0,25.0,95.0,0.7000000000000001,0.8,0.4,0.30000000000000004,80.0,35.0,95.0,4808,4805,3,4808,6.239600665557404E-4,0.31327666019974787,0.5,0.6265533203994957,1294,0.26930280957336106,1.0,1
"iteration_4","SCOPE_DATA_COLLECTION",800,21,1330.0,1390.0,1,4730,3414,1053,4625,3419,1115,4730,3426,1038,3,11,10,6.338474540460595E-4,0.003200465522257783,0.009541984732824428,0.3222696758202929,0.6961509449535125,1.2449124961791904,0.6445393516405858,0.6961509449535125,0.8299416641194602,0.2822410147991543,0.43812025685931116,0.49710982658959535,95.0,100.0,4556,3221,1420,19,5,0,0.004170324846356453,0.001552312946289972,0.0,0.7000000000000001,0.7000000000000001,0.4,0.30000000000000004,70.0,25.0,95.0,0.7000000000000001,0.8,0.4,0.30000000000000004,80.0,35.0,95.0,3435,3428,7,3435,0.0020378457059679767,0.6990069157025924,1.0,0.6990069157025924,1504,0.4387397899649942,1.0,1
"iteration_4","SCOPE_DATA_COLLECTION",800,21,1330.0,1390.0,2,4730,3414,1053,4625,3419,1115,4730,3426,1038,3,11,10,6.338474540460595E-4,0.003200465522257783,0.009541984732824428,0.3222696758202929,0.6961509449535125,1.2449124961791904,0.6445393516405858,0.6961509449535125,0.8299416641194602,0.2822410147991543,0.43812025685931116,0.49710982658959535,95.0,100.0,4556,3221,1420,19,5,0,0.004170324846356453,0.001552312946289972,0.0,0.7000000000000001,0.7000000000000001,0.4,0.30000000000000004,70.0,25.0,95.0,0.7000000000000001,0.8,0.4,0.30000000000000004,80.0,35.0,95.0,1108,1097,11,1108,0.009927797833935019,1.2088274469582412,1.5,0.8058849646388274,524,0.47766636280765723,1.0,1
"iteration_4","SCOPE_DATA_COLLECTION",800,22,1390.0,1450.0,0,4808,3435,1108,4730,3414,1053,4804,3420,1103,3,7,11,6.240898689411275E-4,0.0020426028596440037,0.009874326750448833,0.3129117137054104,0.6971404791450567,1.2131560567942505,0.6258234274108208,0.6971404791450567,0.8087707045295004,0.26935886761032474,0.43859649122807015,0.48050770625566636,100.0,100.0,4568,3382,1401,19,2,0,0.004159369527145359,5.913660555884093E-4,0.0,0.7000000000000001,0.8,0.4,0.30000000000000004,80.0,35.0,95.0,0.45,0.7000000000000001,0.4,0.6000000000000001,30.0,60.0,45.0,4636,4632,4,4636,8.628127696289905E-4,0.3267983340364031,0.5,0.6535966680728063,1299,0.280440414507772,1.0,1
"iteration_4","SCOPE_DATA_COLLECTION",800,22,1390.0,1450.0,1,4808,3435,1108,4730,3414,1053,4804,3420,1103,3,7,11,6.240898689411275E-4,0.0020426028596440037,0.009874326750448833,0.3129117137054104,0.6971404791450567,1.2131560567942505,0.6258234274108208,0.6971404791450567,0.8087707045295004,0.26935886761032474,0.43859649122807015,0.48050770625566636,100.0,100.0,4568,3382,1401,19,2,0,0.004159369527145359,5.913660555884093E-4,0.0,0.7000000000000001,0.8,0.4,0.30000000000000004,80.0,35.0,95.0,0.45,0.7000000000000001,0.4,0.6000000000000001,30.0,60.0,45.0,3472,3458,14,3472,0.004032258064516129,0.6948290058485811,1.0,0.6948290058485811,1523,0.44042799305957203,1.0,1
"iteration_4","SCOPE_DATA_COLLECTION",800,22,1390.0,1450.0,2,4808,3435,1108,4730,3414,1053,4804,3420,1103,3,7,11,6.240898689411275E-4,0.0020426028596440037,0.009874326750448833,0.3129117137054104,0.6971404791450567,1.2131560567942505,0.6258234274108208,0.6971404791450567,0.8087707045295004,0.26935886761032474,0.43859649122807015,0.48050770625566636,100.0,100.0,4568,3382,1401,19,2,0,0.004159369527145359,5.913660555884093E-4,0.0,0.7000000000000001,0.8,0.4,0.30000000000000004,80.0,35.0,95.0,0.45,0.7000000000000001,0.4,0.6000000000000001,30.0,60.0,45.0,1044,1032,12,1044,0.011494252873563218,1.2712413274491872,1.5,0.8474942182994581,517,0.500968992248062,1.0,1
"iteration_4","SCOPE_DATA_COLLECTION",800,23,1450.0,1510.0,0,4636,3472,1044,4808,3435,1108,4621,3453,1027,4,14,12,8.648648648648649E-4,0.004038073262186328,0.011549566891241578,0.3255215441753295,0.695797285161592,1.2683834941296717,0.651043088350659,0.695797285161592,0.8455889960864478,0.27807833802207316,0.4401969302056183,0.5004868549172347,97.5,100.0,4575,2019,2558,28,2,0,0.006120218579234973,9.905894006934125E-4,0.0,0.45,0.7000000000000001,0.4,0.6000000000000001,30.0,60.0,45.0,0.45,0.7000000000000001,0.4,0.5,40.0,70.0,55.0,4678,4655,23,4678,0.004916631038905515,0.32421689471298076,0.5,0.6484337894259615,1309,0.281203007518797,1.0,1
"iteration_4","SCOPE_DATA_COLLECTION",800,23,1450.0,1510.0,1,4636,3472,1044,4808,3435,1108,4621,3453,1027,4,14,12,8.648648648648649E-4,0.004038073262186328,0.011549566891241578,0.3255215441753295,0.695797285161592,1.2683834941296717,0.651043088350659,0.695797285161592,0.8455889960864478,0.27807833802207316,0.4401969302056183,0.5004868549172347,97.5,100.0,4575,2019,2558,28,2,0,0.006120218579234973,9.905894006934125E-4,0.0,0.45,0.7000000000000001,0.4,0.6000000000000001,30.0,60.0,45.0,0.45,0.7000000000000001,0.4,0.5,40.0,70.0,55.0,3489,3459,30,3489,0.008598452278589854,0.6986737307495442,1.0,0.6986737307495442,1533,0.44319167389418906,1.0,1
"iteration_4","SCOPE_DATA_COLLECTION",800,23,1450.0,1510.0,2,4636,3472,1044,4808,3435,1108,4621,3453,1027,4,14,12,8.648648648648649E-4,0.004038073262186328,0.011549566891241578,0.3255215441753295,0.695797285161592,1.2683834941296717,0.651043088350659,0.695797285161592,0.8455889960864478,0.27807833802207316,0.4401969302056183,0.5004868549172347,97.5,100.0,4575,2019,2558,28,2,0,0.006120218579234973,9.905894006934125E-4,0.0,0.45,0.7000000000000001,0.4,0.6000000000000001,30.0,60.0,45.0,0.45,0.7000000000000001,0.4,0.5,40.0,70.0,55.0,1131,1110,21,1131,0.01856763925729443,1.20633511762096,1.5,0.8042234117473067,515,0.46396396396396394,1.0,1
"iteration_4","SCOPE_DATA_COLLECTION",800,24,1510.0,1570.0,0,4678,3489,1131,4636,3472,1044,4676,3472,1108,23,30,21,0.004894658437965525,0.008566533409480296,0.018600531443755536,0.3265605794719036,0.7005553492515342,1.2046862622440015,0.6531211589438072,0.7005553492515342,0.8031241748293344,0.2848588537211292,0.4449884792626728,0.4620938628158845,95.0,100.0,4550,2157,2591,23,1,50,0.005054945054945055,4.636068613815484E-4,0.0192975685063682,0.45,0.7000000000000001,0.4,0.5,40.0,70.0,55.0,0.45,0.8,0.4,0.5,40.0,80.0,45.0,4618,4614,4,4618,8.661758336942399E-4,0.3233127521906333,0.5,0.6466255043812666,1276,0.2765496315561335,1.0,1
"iteration_4","SCOPE_DATA_COLLECTION",800,24,1510.0,1570.0,1,4678,3489,1131,4636,3472,1044,4676,3472,1108,23,30,21,0.004894658437965525,0.008566533409480296,0.018600531443755536,0.3265605794719036,0.7005553492515342,1.2046862622440015,0.6531211589438072,0.7005553492515342,0.8031241748293344,0.2848588537211292,0.4449884792626728,0.4620938628158845,95.0,100.0,4550,2157,2591,23,1,50,0.005054945054945055,4.636068613815484E-4,0.0192975685063682,0.45,0.7000000000000001,0.4,0.5,40.0,70.0,55.0,0.45,0.8,0.4,0.5,40.0,80.0,45.0,3463,3454,9,3463,0.0025989026855327752,0.6961763987454312,1.0,0.6961763987454312,1515,0.43862188766647364,1.0,1
"iteration_4","SCOPE_DATA_COLLECTION",800,24,1510.0,1570.0,2,4678,3489,1131,4636,3472,1044,4676,3472,1108,23,30,21,0.004894658437965525,0.008566533409480296,0.018600531443755536,0.3265605794719036,0.7005553492515342,1.2046862622440015,0.6531211589438072,0.7005553492515342,0.8031241748293344,0.2848588537211292,0.4449884792626728,0.4620938628158845,95.0,100.0,4550,2157,2591,23,1,50,0.005054945054945055,4.636068613815484E-4,0.0192975685063682,0.45,0.7000000000000001,0.4,0.5,40.0,70.0,55.0,0.45,0.8,0.4,0.5,40.0,80.0,45.0,1153,1140,13,1153,0.011274934952298352,1.2133758963521464,1.5,0.8089172642347643,538,0.47192982456140353,1.0,1
"iteration_4","SCOPE_DATA_COLLECTION",800,25,1570.0,1630.0,0,4618,3463,1153,4678,3489,1131,4599,3451,1146,4,9,13,8.689984792526613E-4,0.002601156069364162,0.011216566005176877,0.32189804694921204,0.6950973006144712,1.2172255090499702,0.6437960938984241,0.6950973006144712,0.8114836726999801,0.2728854098717112,0.43639524775427413,0.4738219895287958,100.0,100.0,4509,2085,2640,22,4,0,0.004879130627633622,0.0019184652278177458,0.0,0.45,0.8,0.4,0.5,40.0,80.0,45.0,0.35000000000000003,0.7000000000000001,0.30000000000000004,0.6000000000000001,40.0,90.0,35.0,4816,4749,67,4816,0.013911960132890365,0.33151407831246804,0.5,0.6630281566249361,1319,0.2777426826700358,1.0,1
"iteration_4","SCOPE_DATA_COLLECTION",800,25,1570.0,1630.0,1,4618,3463,1153,4678,3489,1131,4599,3451,1146,4,9,13,8.689984792526613E-4,0.002601156069364162,0.011216566005176877,0.32189804694921204,0.6950973006144712,1.2172255090499702,0.6437960938984241,0.6950973006144712,0.8114836726999801,0.2728854098717112,0.43639524775427413,0.4738219895287958,100.0,100.0,4509,2085,2640,22,4,0,0.004879130627633622,0.0019184652278177458,0.0,0.45,0.8,0.4,0.5,40.0,80.0,45.0,0.35000000000000003,0.7000000000000001,0.30000000000000004,0.6000000000000001,40.0,90.0,35.0,3457,3415,42,3457,0.01214926236621348,0.7129943050491886,1.0,0.7129943050491886,1531,0.44831625183016105,1.0,1
"iteration_4","SCOPE_DATA_COLLECTION",800,25,1570.0,1630.0,2,4618,3463,1153,4678,3489,1131,4599,3451,1146,4,9,13,8.689984792526613E-4,0.002601156069364162,0.011216566005176877,0.32189804694921204,0.6950973006144712,1.2172255090499702,0.6437960938984241,0.6950973006144712,0.8114836726999801,0.2728854098717112,0.43639524775427413,0.4738219895287958,100.0,100.0,4509,2085,2640,22,4,0,0.004879130627633622,0.0019184652278177458,0.0,0.45,0.8,0.4,0.5,40.0,80.0,45.0,0.35000000000000003,0.7000000000000001,0.30000000000000004,0.6000000000000001,40.0,90.0,35.0,1135,1106,29,1135,0.02555066079295154,1.2531652610427413,1.5,0.8354435073618275,540,0.488245931283906,1.0,1
"iteration_4","SCOPE_DATA_COLLECTION",800,26,1630.0,1690.0,0,4816,3457,1135,4618,3463,1153,4749,3404,1110,67,42,29,0.013911960132890365,0.012188044109112013,0.025460930640913083,0.3316078846937932,0.71179444754216,1.2600271372920675,0.6632157693875864,0.71179444754216,0.840018091528045,0.2781638239629396,0.4480023501762632,0.4918918918918919,100.0,100.0,4536,1660,3212,26,0,112,0.005731922398589065,0.0,0.034869240348692404,0.35000000000000003,0.7000000000000001,0.30000000000000004,0.6000000000000001,40.0,90.0,35.0,0.35000000000000003,0.8,0.4,0.7000000000000001,40.0,95.0,45.0,4757,4742,15,4757,0.003153247845280639,0.3260781005959795,0.5,0.652156201191959,1367,0.2882749894559258,1.0,1
"iteration_4","SCOPE_DATA_COLLECTION",800,26,1630.0,1690.0,1,4816,3457,1135,4618,3463,1153,4749,3404,1110,67,42,29,0.013911960132890365,0.012188044109112013,0.025460930640913083,0.3316078846937932,0.71179444754216,1.2600271372920675,0.6632157693875864,0.71179444754216,0.840018091528045,0.2781638239629396,0.4480023501762632,0.4918918918918919,100.0,100.0,4536,1660,3212,26,0,112,0.005731922398589065,0.0,0.034869240348692404,0.35000000000000003,0.7000000000000001,0.30000000000000004,0.6000000000000001,40.0,90.0,35.0,0.35000000000000003,0.8,0.4,0.7000000000000001,40.0,95.0,45.0,3503,3471,32,3503,0.009135027119611762,0.7029979725772,1.0,0.7029979725772,1521,0.43820224719101125,1.0,1
"iteration_4","SCOPE_DATA_COLLECTION",800,26,1630.0,1690.0,2,4816,3457,1135,4618,3463,1153,4749,3404,1110,67,42,29,0.013911960132890365,0.012188044109112013,0.025460930640913083,0.3316078846937932,0.71179444754216,1.2600271372920675,0.6632157693875864,0.71179444754216,0.840018091528045,0.2781638239629396,0.4480023501762632,0.4918918918918919,100.0,100.0,4536,1660,3212,26,0,112,0.005731922398589065,0.0,0.034869240348692404,0.35000000000000003,0.7000000000000001,0.30000000000000004,0.6000000000000001,40.0,90.0,35.0,0.35000000000000003,0.8,0.4,0.7000000000000001,40.0,95.0,45.0,1120,1103,17,1120,0.015178571428571428,1.3071871654370684,1.5,0.8714581102913789,566,0.5131459655485041,1.0,1
"iteration_4","SCOPE_DATA_COLLECTION",800,27,1690.0,1750.0,0,4757,3503,1120,4816,3457,1135,4741,3467,1100,15,32,17,0.003153910849453322,0.009145470134324093,0.01521933751119069,0.32625339987551744,0.7041642269266506,1.3019092183388148,0.6525067997510349,0.7041642269266506,0.8679394788925432,0.28896857203121706,0.43870781655610036,0.5109090909090909,100.0,100.0,4495,1696,3189,34,2,28,0.007563959955506118,0.0011792452830188679,0.008780181875195987,0.35000000000000003,0.8,0.4,0.7000000000000001,40.0,95.0,45.0,0.25,0.7000000000000001,0.5,0.8,30.0,95.0,55.0,4610,4535,75,4610,0.016268980477223426,0.34742343235013035,0.5,0.6948468647002607,1305,0.28776185226019846,1.0,1
"iteration_4","SCOPE_DATA_COLLECTION",800,27,1690.0,1750.0,1,4757,3503,1120,4816,3457,1135,4741,3467,1100,15,32,17,0.003153910849453322,0.009145470134324093,0.01521933751119069,0.32625339987551744,0.7041642269266506,1.3019092183388148,0.6525067997510349,0.7041642269266506,0.8679394788925432,0.28896857203121706,0.43870781655610036,0.5109090909090909,100.0,100.0,4495,1696,3189,34,2,28,0.007563959955506118,0.0011792452830188679,0.008780181875195987,0.35000000000000003,0.8,0.4,0.7000000000000001,40.0,95.0,45.0,0.25,0.7000000000000001,0.5,0.8,30.0,95.0,55.0,3420,3362,58,3420,0.01695906432748538,0.7217334634794309,1.0,0.7217334634794309,1465,0.4357525282569899,1.0,1
"iteration_4","SCOPE_DATA_COLLECTION",800,27,1690.0,1750.0,2,4757,3503,1120,4816,3457,1135,4741,3467,1100,15,32,17,0.003153910849453322,0.009145470134324093,0.01521933751119069,0.32625339987551744,0.7041642269266506,1.3019092183388148,0.6525067997510349,0.7041642269266506,0.8679394788925432,0.28896857203121706,0.43870781655610036,0.5109090909090909,100.0,100.0,4495,1696,3189,34,2,28,0.007563959955506118,0.0011792452830188679,0.008780181875195987,0.35000000000000003,0.8,0.4,0.7000000000000001,40.0,95.0,45.0,0.25,0.7000000000000001,0.5,0.8,30.0,95.0,55.0,1129,1088,41,1129,0.03631532329495128,1.2983510542070895,1.5,0.865567369471393,551,0.5064338235294118,1.0,1
"iteration_4","SCOPE_DATA_COLLECTION",800,28,1750.0,1810.0,0,4610,3420,1129,4757,3503,1120,4544,3373,1086,75,58,41,0.016237280796709243,0.016904692509472456,0.03637976929902396,0.34749567187983715,0.7220061557280385,1.2980527181574626,0.6949913437596743,0.7220061557280385,0.8653684787716417,0.28807218309859156,0.4355173436110288,0.505524861878453,100.0,100.0,4540,1167,3452,32,1,141,0.007048458149779736,8.56898029134533E-4,0.04084588644264195,0.25,0.7000000000000001,0.5,0.8,30.0,95.0,55.0,0.15000000000000002,0.8,0.6000000000000001,0.8,30.0,85.0,45.0,4711,4300,411,4711,0.08724262364678412,0.3831026092878354,0.5,0.7662052185756708,1382,0.3213953488372093,1.0,1
"iteration_4","SCOPE_DATA_COLLECTION",800,28,1750.0,1810.0,1,4610,3420,1129,4757,3503,1120,4544,3373,1086,75,58,41,0.016237280796709243,0.016904692509472456,0.03637976929902396,0.34749567187983715,0.7220061557280385,1.2980527181574626,0.6949913437596743,0.7220061557280385,0.8653684787716417,0.28807218309859156,0.4355173436110288,0.505524861878453,100.0,100.0,4540,1167,3452,32,1,141,0.007048458149779736,8.56898029134533E-4,0.04084588644264195,0.25,0.7000000000000001,0.5,0.8,30.0,95.0,55.0,0.15000000000000002,0.8,0.6000000000000001,0.8,30.0,85.0,45.0,3402,3116,286,3402,0.08406819517930629,0.8068672879485298,1.0,0.8068672879485298,1536,0.49293966623876767,1.0,1
"iteration_4","SCOPE_DATA_COLLECTION",800,28,1750.0,1810.0,2,4610,3420,1129,4757,3503,1120,4544,3373,1086,75,58,41,0.016237280796709243,0.016904692509472456,0.03637976929902396,0.34749567187983715,0.7220061557280385,1.2980527181574626,0.6949913437596743,0.7220061557280385,0.8653684787716417,0.28807218309859156,0.4355173436110288,0.505524861878453,100.0,100.0,4540,1167,3452,32,1,141,0.007048458149779736,8.56898029134533E-4,0.04084588644264195,0.25,0.7000000000000001,0.5,0.8,30.0,95.0,55.0,0.15000000000000002,0.8,0.6000000000000001,0.8,30.0,85.0,45.0,1096,1000,96,1096,0.08759124087591241,1.389495233918359,1.5,0.9263301559455727,542,0.542,1.0,1
"iteration_4","SCOPE_DATA_COLLECTION",800,29,1810.0,1870.0,0,4711,3402,1096,4610,3420,1129,4296,3110,993,411,286,96,0.08731676226896112,0.08421672555948174,0.0881542699724518,0.3823945016052967,0.805486067865797,1.3886091603165132,0.7647890032105934,0.805486067865797,0.9257394402110087,0.3200651769087523,0.49389067524115754,0.5427995971802618,100.0,100.0,4540,691,3978,29,0,764,0.006387665198237885,0.0,0.19205630970336854,0.15000000000000002,0.8,0.6000000000000001,0.8,30.0,85.0,45.0,0.05,0.7000000000000001,0.5,0.9,40.0,85.0,45.0,4742,3430,1312,4742,0.27667650780261493,0.4716796105017655,0.5,0.943359221003531,1359,0.39620991253644317,1.0,1
"iteration_4","SCOPE_DATA_COLLECTION",800,29,1810.0,1870.0,1,4711,3402,1096,4610,3420,1129,4296,3110,993,411,286,96,0.08731676226896112,0.08421672555948174,0.0881542699724518,0.3823945016052967,0.805486067865797,1.3886091603165132,0.7647890032105934,0.805486067865797,0.9257394402110087,0.3200651769087523,0.49389067524115754,0.5427995971802618,100.0,100.0,4540,691,3978,29,0,764,0.006387665198237885,0.0,0.19205630970336854,0.15000000000000002,0.8,0.6000000000000001,0.8,30.0,85.0,45.0,0.05,0.7000000000000001,0.5,0.9,40.0,85.0,45.0,3467,2466,1001,3467,0.2887222382463225,0.9428631281519025,1.0,0.9428631281519025,1480,0.6001622060016221,1.0,1
"iteration_4","SCOPE_DATA_COLLECTION",800,29,1810.0,1870.0,2,4711,3402,1096,4610,3420,1129,4296,3110,993,411,286,96,0.08731676226896112,0.08421672555948174,0.0881542699724518,0.3823945016052967,0.805486067865797,1.3886091603165132,0.7647890032105934,0.805486067865797,0.9257394402110087,0.3200651769087523,0.49389067524115754,0.5427995971802618,100.0,100.0,4540,691,3978,29,0,764,0.006387665198237885,0.0,0.19205630970336854,0.15000000000000002,0.8,0.6000000000000001,0.8,30.0,85.0,45.0,0.05,0.7000000000000001,0.5,0.9,40.0,85.0,45.0,1149,815,334,1149,0.2906875543951262,1.670559982680375,1.5,1.11370665512025,560,0.6871165644171779,1.0,1
"iteration_4","SCOPE_DATA_COLLECTION",800,30,1870.0,1930.0,0,4742,3467,1149,4711,3402,1096,3435,2456,816,1312,1001,334,0.27638508531704237,0.28955741972808796,0.29043478260869565,0.47378846515687645,0.9423774301456345,1.6620473567784364,0.9475769303137529,0.9423774301456345,1.1080315711856243,0.40058224163027656,0.6005700325732899,0.6813725490196079,100.0,100.0,4482,232,4644,27,0,2620,0.006024096385542169,0.0,0.5641688199827735,0.05,0.7000000000000001,0.5,0.9,40.0,85.0,45.0,0.05,0.7000000000000001,0.5,0.9,40.0,85.0,45.0,4609,3708,901,4609,0.1954870904751573,0.4723266563666977,0.5,0.9446533127333954,1520,0.4099244875943905,1.0,1
"iteration_4","SCOPE_DATA_COLLECTION",800,30,1870.0,1930.0,1,4742,3467,1149,4711,3402,1096,3435,2456,816,1312,1001,334,0.27638508531704237,0.28955741972808796,0.29043478260869565,0.47378846515687645,0.9423774301456345,1.6620473567784364,0.9475769303137529,0.9423774301456345,1.1080315711856243,0.40058224163027656,0.6005700325732899,0.6813725490196079,100.0,100.0,4482,232,4644,27,0,2620,0.006024096385542169,0.0,0.5641688199827735,0.05,0.7000000000000001,0.5,0.9,40.0,85.0,45.0,0.05,0.7000000000000001,0.5,0.9,40.0,85.0,45.0,3458,2732,726,3458,0.20994794679005205,0.9266310526895076,1.0,0.9266310526895076,1582,0.5790629575402635,1.0,1
"iteration_4","SCOPE_DATA_COLLECTION",800,30,1870.0,1930.0,2,4742,3467,1149,4711,3402,1096,3435,2456,816,1312,1001,334,0.27638508531704237,0.28955741972808796,0.29043478260869565,0.47378846515687645,0.9423774301456345,1.6620473567784364,0.9475769303137529,0.9423774301456345,1.1080315711856243,0.40058224163027656,0.6005700325732899,0.6813725490196079,100.0,100.0,4482,232,4644,27,0,2620,0.006024096385542169,0.0,0.5641688199827735,0.05,0.7000000000000001,0.5,0.9,40.0,85.0,45.0,0.05,0.7000000000000001,0.5,0.9,40.0,85.0,45.0,1161,889,272,1161,0.23428079242032732,1.5725302941974362,1.5,1.0483535294649575,560,0.6299212598425197,1.0,1
"iteration_4","SCOPE_DATA_COLLECTION",800,31,1930.0,1990.0,0,4609,3458,1161,4742,3467,1149,3709,2754,898,895,718,270,0.19439617723718505,0.20679723502304148,0.23116438356164384,0.4708158930937085,0.926453895556181,1.5759871965995362,0.941631786187417,0.926453895556181,1.0506581310663574,0.407926664869237,0.5769789397240378,0.6314031180400891,90.0,100.0,4565,209,4454,33,0,1850,0.007228915662650603,0.0,0.41535698248765157,0.05,0.7000000000000001,0.5,0.9,40.0,85.0,45.0,0.8500000000000001,0.6000000000000001,0.5,0.9,50.0,25.0,95.0,4713,4703,10,4713,0.0021217907914279654,0.3201267118198418,0.5,0.6402534236396836,1249,0.2655751647884329,1.0,1
"iteration_4","SCOPE_DATA_COLLECTION",800,31,1930.0,1990.0,1,4609,3458,1161,4742,3467,1149,3709,2754,898,895,718,270,0.19439617723718505,0.20679723502304148,0.23116438356164384,0.4708158930937085,0.926453895556181,1.5759871965995362,0.941631786187417,0.926453895556181,1.0506581310663574,0.407926664869237,0.5769789397240378,0.6314031180400891,90.0,100.0,4565,209,4454,33,0,1850,0.007228915662650603,0.0,0.41535698248765157,0.05,0.7000000000000001,0.5,0.9,40.0,85.0,45.0,0.8500000000000001,0.6000000000000001,0.5,0.9,50.0,25.0,95.0,3480,3471,9,3480,0.002586206896551724,0.7089715736417513,1.0,0.7089715736417513,1545,0.44511668107173724,1.0,1
"iteration_4","SCOPE_DATA_COLLECTION",800,31,1930.0,1990.0,2,4609,3458,1161,4742,3467,1149,3709,2754,898,895,718,270,0.19439617723718505,0.20679723502304148,0.23116438356164384,0.4708158930937085,0.926453895556181,1.5759871965995362,0.941631786187417,0.926453895556181,1.0506581310663574,0.407926664869237,0.5769789397240378,0.6314031180400891,90.0,100.0,4565,209,4454,33,0,1850,0.007228915662650603,0.0,0.41535698248765157,0.05,0.7000000000000001,0.5,0.9,40.0,85.0,45.0,0.8500000000000001,0.6000000000000001,0.5,0.9,50.0,25.0,95.0,1111,1104,7,1111,0.0063006300630063005,1.222158942229376,1.5,0.8147726281529173,523,0.473731884057971,1.0,1
"iteration_4","SCOPE_DATA_COLLECTION",800,32,1990.0,2050.0,0,4713,3480,1111,4609,3458,1161,4697,3457,1099,16,17,9,0.003394865266284744,0.00489349453080023,0.008122743682310469,0.3203623308650032,0.7103683807728313,1.2189782275776253,0.6407246617300064,0.7103683807728313,0.8126521517184169,0.265701511603151,0.4463407578825571,0.4731574158325751,97.5,100.0,4545,4026,733,17,4,21,0.0037403740374037406,9.935419771485345E-4,0.0286493860845839,0.8500000000000001,0.6000000000000001,0.5,0.9,50.0,25.0,95.0,0.8500000000000001,0.6000000000000001,0.5,0.9,50.0,25.0,95.0,4717,4709,8,4717,0.0016959932160271359,0.3214468204544369,0.5,0.6428936409088738,1285,0.2728817158632406,1.0,1
"iteration_4","SCOPE_DATA_COLLECTION",800,32,1990.0,2050.0,1,4713,3480,1111,4609,3458,1161,4697,3457,1099,16,17,9,0.003394865266284744,0.00489349453080023,0.008122743682310469,0.3203623308650032,0.7103683807728313,1.2189782275776253,0.6407246617300064,0.7103683807728313,0.8126521517184169,0.265701511603151,0.4463407578825571,0.4731574158325751,97.5,100.0,4545,4026,733,17,4,21,0.0037403740374037406,9.935419771485345E-4,0.0286493860845839,0.8500000000000001,0.6000000000000001,0.5,0.9,50.0,25.0,95.0,0.8500000000000001,0.6000000000000001,0.5,0.9,50.0,25.0,95.0,3378,3368,10,3378,0.002960331557134399,0.6956875538135472,1.0,0.6956875538135472,1485,0.4409144893111639,1.0,1
"iteration_4","SCOPE_DATA_COLLECTION",800,32,1990.0,2050.0,2,4713,3480,1111,4609,3458,1161,4697,3457,1099,16,17,9,0.003394865266284744,0.00489349453080023,0.008122743682310469,0.3203623308650032,0.7103683807728313,1.2189782275776253,0.6407246617300064,0.7103683807728313,0.8126521517184169,0.265701511603151,0.4463407578825571,0.4731574158325751,97.5,100.0,4545,4026,733,17,4,21,0.0037403740374037406,9.935419771485345E-4,0.0286493860845839,0.8500000000000001,0.6000000000000001,0.5,0.9,50.0,25.0,95.0,0.8500000000000001,0.6000000000000001,0.5,0.9,50.0,25.0,95.0,1106,1097,9,1106,0.0081374321880651,1.268986427637699,1.5,0.845990951758466,548,0.4995442114858706,1.0,1
"iteration_4","SCOPE_DATA_COLLECTION",800,33,2050.0,2110.0,0,4717,3378,1106,4713,3480,1111,4716,3368,1106,8,10,9,0.001693480101608806,0.002960331557134399,0.008071748878923767,0.32221309252302016,0.6949481832418282,1.27603650053248,0.6444261850460403,0.6949481832418282,0.8506910003549867,0.27353689567430023,0.44002375296912116,0.5027124773960217,97.5,100.0,4514,3930,757,25,2,0,0.005538325210456358,5.089058524173028E-4,0.0,0.8500000000000001,0.6000000000000001,0.5,0.9,50.0,25.0,95.0,0.9500000000000001,0.6000000000000001,0.5,0.8,50.0,25.0,95.0,4648,4642,6,4648,0.0012908777969018934,0.32249733765386457,0.5,0.6449946753077291,1246,0.2684187850064627,1.0,1
"iteration_4","SCOPE_DATA_COLLECTION",800,33,2050.0,2110.0,1,4717,3378,1106,4713,3480,1111,4716,3368,1106,8,10,9,0.001693480101608806,0.002960331557134399,0.008071748878923767,0.32221309252302016,0.6949481832418282,1.27603650053248,0.6444261850460403,0.6949481832418282,0.8506910003549867,0.27353689567430023,0.44002375296912116,0.5027124773960217,97.5,100.0,4514,3930,757,25,2,0,0.005538325210456358,5.089058524173028E-4,0.0,0.8500000000000001,0.6000000000000001,0.5,0.9,50.0,25.0,95.0,0.9500000000000001,0.6000000000000001,0.5,0.8,50.0,25.0,95.0,3456,3443,13,3456,0.003761574074074074,0.6927343025380637,1.0,0.6927343025380637,1475,0.4284054603543421,1.0,1
"iteration_4","SCOPE_DATA_COLLECTION",800,33,2050.0,2110.0,2,4717,3378,1106,4713,3480,1111,4716,3368,1106,8,10,9,0.001693480101608806,0.002960331557134399,0.008071748878923767,0.32221309252302016,0.6949481832418282,1.27603650053248,0.6444261850460403,0.6949481832418282,0.8506910003549867,0.27353689567430023,0.44002375296912116,0.5027124773960217,97.5,100.0,4514,3930,757,25,2,0,0.005538325210456358,5.089058524173028E-4,0.0,0.8500000000000001,0.6000000000000001,0.5,0.9,50.0,25.0,95.0,0.9500000000000001,0.6000000000000001,0.5,0.8,50.0,25.0,95.0,1106,1092,14,1106,0.012658227848101266,1.2919633866045424,1.5,0.8613089244030282,559,0.5119047619047619,1.0,1
"iteration_4","SCOPE_DATA_COLLECTION",800,34,2110.0,2170.0,0,4648,3456,1106,4717,3378,1106,4643,3449,1080,6,13,14,0.001290600129060013,0.003755054881571346,0.012797074954296161,0.3221541694638885,0.69174198814226,1.2862043028455905,0.644308338927777,0.69174198814226,0.8574695352303937,0.26749946155502907,0.42853000869817337,0.5092592592592593,97.5,100.0,4538,4455,217,30,3,0,0.006610841780520053,6.734006734006734E-4,0.0,0.9500000000000001,0.6000000000000001,0.5,0.8,50.0,25.0,95.0,0.9500000000000001,0.7000000000000001,0.4,0.9,60.0,20.0,85.0,4843,4838,5,4843,0.0010324179227751394,0.32268773357068964,0.5,0.6453754671413793,1324,0.2736668044646548,1.0,1
"iteration_4","SCOPE_DATA_COLLECTION",800,34,2110.0,2170.0,1,4648,3456,1106,4717,3378,1106,4643,3449,1080,6,13,14,0.001290600129060013,0.003755054881571346,0.012797074954296161,0.3221541694638885,0.69174198814226,1.2862043028455905,0.644308338927777,0.69174198814226,0.8574695352303937,0.26749946155502907,0.42853000869817337,0.5092592592592593,97.5,100.0,4538,4455,217,30,3,0,0.006610841780520053,6.734006734006734E-4,0.0,0.9500000000000001,0.6000000000000001,0.5,0.8,50.0,25.0,95.0,0.9500000000000001,0.7000000000000001,0.4,0.9,60.0,20.0,85.0,3415,3405,10,3415,0.0029282576866764276,0.6885401852490722,1.0,0.6885401852490722,1496,0.4393538913362702,1.0,1
"iteration_4","SCOPE_DATA_COLLECTION",800,34,2110.0,2170.0,2,4648,3456,1106,4717,3378,1106,4643,3449,1080,6,13,14,0.001290600129060013,0.003755054881571346,0.012797074954296161,0.3221541694638885,0.69174198814226,1.2862043028455905,0.644308338927777,0.69174198814226,0.8574695352303937,0.26749946155502907,0.42853000869817337,0.5092592592592593,97.5,100.0,4538,4455,217,30,3,0,0.006610841780520053,6.734006734006734E-4,0.0,0.9500000000000001,0.6000000000000001,0.5,0.8,50.0,25.0,95.0,0.9500000000000001,0.7000000000000001,0.4,0.9,60.0,20.0,85.0,1122,1111,11,1122,0.00980392156862745,1.239184469672745,1.5,0.82612297978183,535,0.4815481548154815,1.0,1
"iteration_4","SCOPE_DATA_COLLECTION",800,35,2170.0,2230.0,0,4843,3415,1122,4648,3456,1106,4839,3401,1117,5,10,11,0.001032204789430223,0.002931691586045148,0.00975177304964539,0.32327951341310895,0.6905930951554535,1.241949375777912,0.6465590268262179,0.6905930951554535,0.8279662505186081,0.27547013845835916,0.4401646574536901,0.4825425246195166,100.0,100.0,4577,4559,244,25,1,0,0.005462093074065982,2.1934634788330776E-4,0.0,0.9500000000000001,0.7000000000000001,0.4,0.9,60.0,20.0,85.0,0.9500000000000001,0.6000000000000001,0.4,0.9,60.0,30.0,75.0,4679,4669,10,4679,0.0021372088053002777,0.3222717145418524,0.5,0.6445434290837048,1250,0.2677232812165346,1.0,1
"iteration_4","SCOPE_DATA_COLLECTION",800,35,2170.0,2230.0,1,4843,3415,1122,4648,3456,1106,4839,3401,1117,5,10,11,0.001032204789430223,0.002931691586045148,0.00975177304964539,0.32327951341310895,0.6905930951554535,1.241949375777912,0.6465590268262179,0.6905930951554535,0.8279662505186081,0.27547013845835916,0.4401646574536901,0.4825425246195166,100.0,100.0,4577,4559,244,25,1,0,0.005462093074065982,2.1934634788330776E-4,0.0,0.9500000000000001,0.7000000000000001,0.4,0.9,60.0,20.0,85.0,0.9500000000000001,0.6000000000000001,0.4,0.9,60.0,30.0,75.0,3393,3380,13,3393,0.0038314176245210726,0.7108540480234843,1.0,0.7108540480234843,1523,0.45059171597633135,1.0,1
"iteration_4","SCOPE_DATA_COLLECTION",800,35,2170.0,2230.0,2,4843,3415,1122,4648,3456,1106,4839,3401,1117,5,10,11,0.001032204789430223,0.002931691586045148,0.00975177304964539,0.32327951341310895,0.6905930951554535,1.241949375777912,0.6465590268262179,0.6905930951554535,0.8279662505186081,0.27547013845835916,0.4401646574536901,0.4825425246195166,100.0,100.0,4577,4559,244,25,1,0,0.005462093074065982,2.1934634788330776E-4,0.0,0.9500000000000001,0.7000000000000001,0.4,0.9,60.0,20.0,85.0,0.9500000000000001,0.6000000000000001,0.4,0.9,60.0,30.0,75.0,1127,1115,12,1127,0.01064773735581189,1.2220683326949342,1.5,0.8147122217966228,526,0.4717488789237668,1.0,1
"iteration_4","SCOPE_DATA_COLLECTION",800,36,2230.0,2290.0,0,4679,3393,1127,4843,3415,1122,4665,3378,1105,10,13,12,0.0021390374331550803,0.0038336773813034504,0.010743061772605193,0.3214134093264994,0.7103548115253786,1.2221115177737494,0.6428268186529988,0.7103548115253786,0.8147410118491663,0.26538049303322614,0.4502664298401421,0.47239819004524886,100.0,100.0,4537,4427,235,33,2,0,0.00727352876350011,4.5177320984865596E-4,0.0,0.9500000000000001,0.6000000000000001,0.4,0.9,60.0,30.0,75.0,0.9500000000000001,0.7000000000000001,0.5,0.8,70.0,30.0,75.0,4777,4771,6,4777,0.0012560184216035169,0.3229972606337195,0.5,0.645994521267439,1289,0.27017396772165164,1.0,1
"iteration_4","SCOPE_DATA_COLLECTION",800,36,2230.0,2290.0,1,4679,3393,1127,4843,3415,1122,4665,3378,1105,10,13,12,0.0021390374331550803,0.0038336773813034504,0.010743061772605193,0.3214134093264994,0.7103548115253786,1.2221115177737494,0.6428268186529988,0.7103548115253786,0.8147410118491663,0.26538049303322614,0.4502664298401421,0.47239819004524886,100.0,100.0,4537,4427,235,33,2,0,0.00727352876350011,4.5177320984865596E-4,0.0,0.9500000000000001,0.6000000000000001,0.4,0.9,60.0,30.0,75.0,0.9500000000000001,0.7000000000000001,0.5,0.8,70.0,30.0,75.0,3375,3361,14,3375,0.004148148148148148,0.7058140256307891,1.0,0.7058140256307891,1500,0.44629574531389465,1.0,1
"iteration_4","SCOPE_DATA_COLLECTION",800,36,2230.0,2290.0,2,4679,3393,1127,4843,3415,1122,4665,3378,1105,10,13,12,0.0021390374331550803,0.0038336773813034504,0.010743061772605193,0.3214134093264994,0.7103548115253786,1.2221115177737494,0.6428268186529988,0.7103548115253786,0.8147410118491663,0.26538049303322614,0.4502664298401421,0.47239819004524886,100.0,100.0,4537,4427,235,33,2,0,0.00727352876350011,4.5177320984865596E-4,0.0,0.9500000000000001,0.6000000000000001,0.4,0.9,60.0,30.0,75.0,0.9500000000000001,0.7000000000000001,0.5,0.8,70.0,30.0,75.0,1138,1118,20,1138,0.01757469244288225,1.2370785816750451,1.5,0.8247190544500301,535,0.4785330948121646,1.0,1
"iteration_4","SCOPE_DATA_COLLECTION",800,37,2290.0,2350.0,0,4777,3375,1138,4679,3393,1127,4770,3360,1129,6,14,20,0.001256281407035176,0.004149377593360996,0.017406440382941687,0.3229233846166008,0.7034718533632092,1.2389474688301811,0.6458467692332016,0.7034718533632092,0.8259649792201208,0.2708595387840671,0.44494047619047616,0.479185119574845,97.5,100.0,4537,4531,222,35,5,0,0.0077143486885607225,0.0011035091591260207,0.0,0.9500000000000001,0.7000000000000001,0.5,0.8,70.0,30.0,75.0,0.9500000000000001,0.7000000000000001,0.5,0.8,70.0,30.0,75.0,4807,4798,9,4807,0.0018722696068233825,0.3251715224700072,0.5,0.6503430449400144,1331,0.2774072530220925,1.0,1
"iteration_4","SCOPE_DATA_COLLECTION",800,37,2290.0,2350.0,1,4777,3375,1138,4679,3393,1127,4770,3360,1129,6,14,20,0.001256281407035176,0.004149377593360996,0.017406440382941687,0.3229233846166008,0.7034718533632092,1.2389474688301811,0.6458467692332016,0.7034718533632092,0.8259649792201208,0.2708595387840671,0.44494047619047616,0.479185119574845,97.5,100.0,4537,4531,222,35,5,0,0.0077143486885607225,0.0011035091591260207,0.0,0.9500000000000001,0.7000000000000001,0.5,0.8,70.0,30.0,75.0,0.9500000000000001,0.7000000000000001,0.5,0.8,70.0,30.0,75.0,3381,3371,10,3381,0.0029577048210588583,0.7103491930856002,1.0,0.7103491930856002,1506,0.44675170572530404,1.0,1
"iteration_4","SCOPE_DATA_COLLECTION",800,37,2290.0,2350.0,2,4777,3375,1138,4679,3393,1127,4770,3360,1129,6,14,20,0.001256281407035176,0.004149377593360996,0.017406440382941687,0.3229233846166008,0.7034718533632092,1.2389474688301811,0.6458467692332016,0.7034718533632092,0.8259649792201208,0.2708595387840671,0.44494047619047616,0.479185119574845,97.5,100.0,4537,4531,222,35,5,0,0.0077143486885607225,0.0011035091591260207,0.0,0.9500000000000001,0.7000000000000001,0.5,0.8,70.0,30.0,75.0,0.9500000000000001,0.7000000000000001,0.5,0.8,70.0,30.0,75.0,1158,1145,13,1158,0.011226252158894647,1.2752675600388836,1.5,0.8501783733592557,571,0.49868995633187774,1.0,1
"iteration_4","SCOPE_DATA_COLLECTION",800,38,2350.0,2410.0,0,4807,3381,1158,4777,3375,1138,4802,3369,1143,9,10,13,0.0018707129494907504,0.002959455460195324,0.01124567474048443,0.3253186981103275,0.7119685410189249,1.273796807610561,0.650637396220655,0.7119685410189249,0.849197871740374,0.2775926697209496,0.44761056693380824,0.4978127734033246,95.0,100.0,4535,4574,237,25,7,0,0.005512679162072767,0.001530389156099694,0.0,0.9500000000000001,0.7000000000000001,0.5,0.8,70.0,30.0,75.0,0.9500000000000001,0.8,0.5,0.9,80.0,40.0,65.0,4657,4650,7,4657,0.001503113592441486,0.3405176723724094,0.5,0.6810353447448187,1357,0.2918279569892473,1.0,1
"iteration_4","SCOPE_DATA_COLLECTION",800,38,2350.0,2410.0,1,4807,3381,1158,4777,3375,1138,4802,3369,1143,9,10,13,0.0018707129494907504,0.002959455460195324,0.01124567474048443,0.3253186981103275,0.7119685410189249,1.273796807610561,0.650637396220655,0.7119685410189249,0.849197871740374,0.2775926697209496,0.44761056693380824,0.4978127734033246,95.0,100.0,4535,4574,237,25,7,0,0.005512679162072767,0.001530389156099694,0.0,0.9500000000000001,0.7000000000000001,0.5,0.8,70.0,30.0,75.0,0.9500000000000001,0.8,0.5,0.9,80.0,40.0,65.0,3509,3493,16,3509,0.004559703619264748,0.7186821632028498,1.0,0.7186821632028498,1578,0.45176066418551386,1.0,1
"iteration_4","SCOPE_DATA_COLLECTION",800,38,2350.0,2410.0,2,4807,3381,1158,4777,3375,1138,4802,3369,1143,9,10,13,0.0018707129494907504,0.002959455460195324,0.01124567474048443,0.3253186981103275,0.7119685410189249,1.273796807610561,0.650637396220655,0.7119685410189249,0.849197871740374,0.2775926697209496,0.44761056693380824,0.4978127734033246,95.0,100.0,4535,4574,237,25,7,0,0.005512679162072767,0.001530389156099694,0.0,0.9500000000000001,0.7000000000000001,0.5,0.8,70.0,30.0,75.0,0.9500000000000001,0.8,0.5,0.9,80.0,40.0,65.0,1053,1035,18,1053,0.017094017094017096,1.2718943657367123,1.5,0.8479295771578083,513,0.4956521739130435,1.0,1
"iteration_4","SCOPE_DATA_COLLECTION",800,39,2410.0,2470.0,0,4657,3509,1053,4807,3381,1158,4645,3490,1043,7,16,18,0.0015047291487532244,0.004563605248146035,0.016965127238454288,0.3402102638145477,0.7176924977071205,1.2766348552485247,0.6804205276290954,0.7176924977071205,0.8510899034990165,0.29106566200215284,0.4504297994269341,0.49760306807286675,97.5,100.0,4625,4376,218,38,3,0,0.008216216216216217,6.855575868372943E-4,0.0,0.9500000000000001,0.8,0.5,0.9,80.0,40.0,65.0,0.9500000000000001,0.7000000000000001,0.4,0.9,70.0,40.0,65.0,4689,4683,6,4689,0.0012795905310300703,0.329163147116094,0.5,0.658326294232188,1296,0.2767456758488149,1.0,1
"iteration_4","SCOPE_DATA_COLLECTION",800,39,2410.0,2470.0,1,4657,3509,1053,4807,3381,1158,4645,3490,1043,7,16,18,0.0015047291487532244,0.004563605248146035,0.016965127238454288,0.3402102638145477,0.7176924977071205,1.2766348552485247,0.6804205276290954,0.7176924977071205,0.8510899034990165,0.29106566200215284,0.4504297994269341,0.49760306807286675,97.5,100.0,4625,4376,218,38,3,0,0.008216216216216217,6.855575868372943E-4,0.0,0.9500000000000001,0.8,0.5,0.9,80.0,40.0,65.0,0.9500000000000001,0.7000000000000001,0.4,0.9,70.0,40.0,65.0,3325,3313,12,3325,0.0036090225563909775,0.6986499430045494,1.0,0.6986499430045494,1457,0.4397826743133112,1.0,1
"iteration_4","SCOPE_DATA_COLLECTION",800,39,2410.0,2470.0,2,4657,3509,1053,4807,3381,1158,4645,3490,1043,7,16,18,0.0015047291487532244,0.004563605248146035,0.016965127238454288,0.3402102638145477,0.7176924977071205,1.2766348552485247,0.6804205276290954,0.7176924977071205,0.8510899034990165,0.29106566200215284,0.4504297994269341,0.49760306807286675,97.5,100.0,4625,4376,218,38,3,0,0.008216216216216217,6.855575868372943E-4,0.0,0.9500000000000001,0.8,0.5,0.9,80.0,40.0,65.0,0.9500000000000001,0.7000000000000001,0.4,0.9,70.0,40.0,65.0,1134,1119,15,1134,0.013227513227513227,1.2649164023526305,1.5,0.8432776015684204,556,0.4968722073279714,1.0,1
"iteration_4","SCOPE_DATA_COLLECTION",800,40,2470.0,2530.0,0,4689,3325,1134,4657,3509,1053,4693,3328,1104,6,12,15,0.001276867418599702,0.003592814371257485,0.013404825737265416,0.329493861949111,0.700162344417169,1.2524514521659125,0.658987723898222,0.700162344417169,0.834967634777275,0.2770083102493075,0.4423076923076923,0.490036231884058,95.0,100.0,4525,4383,240,32,1,0,0.0070718232044198895,2.2815423226100844E-4,0.0,0.9500000000000001,0.7000000000000001,0.4,0.9,70.0,40.0,65.0,0.9500000000000001,0.6000000000000001,0.5,0.9,70.0,40.0,55.0,4699,4689,10,4699,0.0021281123643328366,0.33896843091823425,0.5,0.6779368618364685,1408,0.3002772446150565,1.0,1
"iteration_4","SCOPE_DATA_COLLECTION",800,40,2470.0,2530.0,1,4689,3325,1134,4657,3509,1053,4693,3328,1104,6,12,15,0.001276867418599702,0.003592814371257485,0.013404825737265416,0.329493861949111,0.700162344417169,1.2524514521659125,0.658987723898222,0.700162344417169,0.834967634777275,0.2770083102493075,0.4423076923076923,0.490036231884058,95.0,100.0,4525,4383,240,32,1,0,0.0070718232044198895,2.2815423226100844E-4,0.0,0.9500000000000001,0.7000000000000001,0.4,0.9,70.0,40.0,65.0,0.9500000000000001,0.6000000000000001,0.5,0.9,70.0,40.0,55.0,3511,3495,16,3511,0.004557106237539163,0.7245762003171563,1.0,0.7245762003171563,1569,0.44892703862660943,1.0,1
"iteration_4","SCOPE_DATA_COLLECTION",800,40,2470.0,2530.0,2,4689,3325,1134,4657,3509,1053,4693,3328,1104,6,12,15,0.001276867418599702,0.003592814371257485,0.013404825737265416,0.329493861949111,0.700162344417169,1.2524514521659125,0.658987723898222,0.700162344417169,0.834967634777275,0.2770083102493075,0.4423076923076923,0.490036231884058,95.0,100.0,4525,4383,240,32,1,0,0.0070718232044198895,2.2815423226100844E-4,0.0,0.9500000000000001,0.7000000000000001,0.4,0.9,70.0,40.0,65.0,0.9500000000000001,0.6000000000000001,0.5,0.9,70.0,40.0,55.0,1090,1082,8,1090,0.007339449541284404,1.2447855182624852,1.5,0.8298570121749901,519,0.47966728280961185,1.0,1
"iteration_4","SCOPE_DATA_COLLECTION",800,41,2530.0,2590.0,0,4699,3511,1090,4689,3325,1134,4688,3491,1083,10,16,8,0.0021285653469561515,0.004562303963501569,0.007332722273143905,0.33919636741578046,0.7246077366520942,1.2504980493650975,0.6783927348315609,0.7246077366520942,0.8336653662433983,0.3005546075085324,0.44829561730163275,0.4838411819021237,97.5,100.0,4650,4403,247,30,4,0,0.0064516129032258064,9.084714967067908E-4,0.0,0.9500000000000001,0.6000000000000001,0.5,0.9,70.0,40.0,55.0,0.8500000000000001,0.5,0.6000000000000001,0.9,70.0,40.0,55.0,4730,4729,1,4730,2.1141649048625792E-4,0.32388380651139254,0.5,0.6477676130227851,1316,0.27828293508141255,1.0,1
"iteration_4","SCOPE_DATA_COLLECTION",800,41,2530.0,2590.0,1,4699,3511,1090,4689,3325,1134,4688,3491,1083,10,16,8,0.0021285653469561515,0.004562303963501569,0.007332722273143905,0.33919636741578046,0.7246077366520942,1.2504980493650975,0.6783927348315609,0.7246077366520942,0.8336653662433983,0.3005546075085324,0.44829561730163275,0.4838411819021237,97.5,100.0,4650,4403,247,30,4,0,0.0064516129032258064,9.084714967067908E-4,0.0,0.9500000000000001,0.6000000000000001,0.5,0.9,70.0,40.0,55.0,0.8500000000000001,0.5,0.6000000000000001,0.9,70.0,40.0,55.0,3448,3431,17,3448,0.004930394431554524,0.7188051676810135,1.0,0.7188051676810135,1537,0.4479743515010201,1.0,1
"iteration_4","SCOPE_DATA_COLLECTION",800,41,2530.0,2590.0,2,4699,3511,1090,4689,3325,1134,4688,3491,1083,10,16,8,0.0021285653469561515,0.004562303963501569,0.007332722273143905,0.33919636741578046,0.7246077366520942,1.2504980493650975,0.6783927348315609,0.7246077366520942,0.8336653662433983,0.3005546075085324,0.44829561730163275,0.4838411819021237,97.5,100.0,4650,4403,247,30,4,0,0.0064516129032258064,9.084714967067908E-4,0.0,0.9500000000000001,0.6000000000000001,0.5,0.9,70.0,40.0,55.0,0.8500000000000001,0.5,0.6000000000000001,0.9,70.0,40.0,55.0,1078,1060,18,1078,0.016697588126159554,1.2582839246321251,1.5,0.8388559497547501,522,0.49245283018867925,1.0,1
"iteration_4","SCOPE_DATA_COLLECTION",800,42,2590.0,2650.0,0,4730,3448,1078,4699,3511,1090,4725,3429,1071,0,17,18,0.0,0.004933255948926291,0.01652892561983471,0.32357576857677484,0.7161050095799822,1.261604532157248,0.6471515371535497,0.7161050095799822,0.841069688104832,0.2778835978835979,0.4461942257217848,0.4939309056956116,100.0,100.0,4614,3918,724,35,0,0,0.007585609016038145,0.0,0.0,0.8500000000000001,0.5,0.6000000000000001,0.9,70.0,40.0,55.0,0.9500000000000001,0.5,0.6000000000000001,0.9,80.0,50.0,65.0,4777,4769,8,4777,0.0016746912288046892,0.3129502331863899,0.5,0.6259004663727799,1220,0.25581882994338434,1.0,1
"iteration_4","SCOPE_DATA_COLLECTION",800,42,2590.0,2650.0,1,4730,3448,1078,4699,3511,1090,4725,3429,1071,0,17,18,0.0,0.004933255948926291,0.01652892561983471,0.32357576857677484,0.7161050095799822,1.261604532157248,0.6471515371535497,0.7161050095799822,0.841069688104832,0.2778835978835979,0.4461942257217848,0.4939309056956116,100.0,100.0,4614,3918,724,35,0,0,0.007585609016038145,0.0,0.0,0.8500000000000001,0.5,0.6000000000000001,0.9,70.0,40.0,55.0,0.9500000000000001,0.5,0.6000000000000001,0.9,80.0,50.0,65.0,3453,3444,9,3453,0.0026064291920069507,0.7066758962310953,1.0,0.7066758962310953,1522,0.4419279907084785,1.0,1
"iteration_4","SCOPE_DATA_COLLECTION",800,42,2590.0,2650.0,2,4730,3448,1078,4699,3511,1090,4725,3429,1071,0,17,18,0.0,0.004933255948926291,0.01652892561983471,0.32357576857677484,0.7161050095799822,1.261604532157248,0.6471515371535497,0.7161050095799822,0.841069688104832,0.2778835978835979,0.4461942257217848,0.4939309056956116,100.0,100.0,4614,3918,724,35,0,0,0.007585609016038145,0.0,0.0,0.8500000000000001,0.5,0.6000000000000001,0.9,70.0,40.0,55.0,0.9500000000000001,0.5,0.6000000000000001,0.9,80.0,50.0,65.0,1085,1066,19,1085,0.017511520737327188,1.2715182270172722,1.5,0.8476788180115148,531,0.4981238273921201,1.0,1
"iteration_4","SCOPE_DATA_COLLECTION",800,43,2650.0,2710.0,0,4777,3453,1085,4730,3448,1078,4770,3442,1050,9,9,19,0.0018832391713747645,0.002607939727615184,0.01777362020579981,0.31371216421095216,0.7073784884772257,1.2717180755116013,0.6274243284219043,0.7073784884772257,0.8478120503410675,0.2570230607966457,0.44247530505520044,0.4990476190476191,100.0,100.0,4542,4567,206,37,0,0,0.008146191105239982,0.0,0.0,0.9500000000000001,0.5,0.6000000000000001,0.9,80.0,50.0,65.0,0.9500000000000001,0.5,0.7000000000000001,0.9,80.0,50.0,65.0,4536,4532,4,4536,8.818342151675485E-4,0.32504539645956565,0.5,0.6500907929191313,1239,0.2733892321270962,1.0,1
"iteration_4","SCOPE_DATA_COLLECTION",800,43,2650.0,2710.0,1,4777,3453,1085,4730,3448,1078,4770,3442,1050,9,9,19,0.0018832391713747645,0.002607939727615184,0.01777362020579981,0.31371216421095216,0.7073784884772257,1.2717180755116013,0.6274243284219043,0.7073784884772257,0.8478120503410675,0.2570230607966457,0.44247530505520044,0.4990476190476191,100.0,100.0,4542,4567,206,37,0,0,0.008146191105239982,0.0,0.0,0.9500000000000001,0.5,0.6000000000000001,0.9,80.0,50.0,65.0,0.9500000000000001,0.5,0.7000000000000001,0.9,80.0,50.0,65.0,3440,3426,14,3440,0.004069767441860465,0.7169077381642989,1.0,0.7169077381642989,1515,0.44220665499124345,1.0,1
"iteration_4","SCOPE_DATA_COLLECTION",800,43,2650.0,2710.0,2,4777,3453,1085,4730,3448,1078,4770,3442,1050,9,9,19,0.0018832391713747645,0.002607939727615184,0.01777362020579981,0.31371216421095216,0.7073784884772257,1.2717180755116013,0.6274243284219043,0.7073784884772257,0.8478120503410675,0.2570230607966457,0.44247530505520044,0.4990476190476191,100.0,100.0,4542,4567,206,37,0,0,0.008146191105239982,0.0,0.0,0.9500000000000001,0.5,0.6000000000000001,0.9,80.0,50.0,65.0,0.9500000000000001,0.5,0.7000000000000001,0.9,80.0,50.0,65.0,1101,1086,15,1101,0.013623978201634877,1.270589456645246,1.5,0.8470596377634974,542,0.4990791896869245,1.0,1
"iteration_4","SCOPE_DATA_COLLECTION",800,44,2710.0,2770.0,0,4536,3440,1101,4777,3453,1085,4522,3419,1088,4,14,15,8.837825894829872E-4,0.00407806583163414,0.013599274705349048,0.3242493646290152,0.7151689937869501,1.268339072203671,0.6484987292580304,0.7151689937869501,0.8455593814691139,0.2722246793454224,0.44194208832992105,0.49816176470588236,95.0,100.0,4518,4317,242,30,3,0,0.006640106241699867,6.949270326615705E-4,0.0,0.9500000000000001,0.5,0.7000000000000001,0.9,80.0,50.0,65.0,0.8500000000000001,0.5,0.6000000000000001,0.9,90.0,60.0,75.0,4768,4761,7,4768,0.0014681208053691276,0.30906906376630355,0.5,0.6181381275326071,1134,0.2381852551984877,1.0,1
"iteration_4","SCOPE_DATA_COLLECTION",800,44,2710.0,2770.0,1,4536,3440,1101,4777,3453,1085,4522,3419,1088,4,14,15,8.837825894829872E-4,0.00407806583163414,0.013599274705349048,0.3242493646290152,0.7151689937869501,1.268339072203671,0.6484987292580304,0.7151689937869501,0.8455593814691139,0.2722246793454224,0.44194208832992105,0.49816176470588236,95.0,100.0,4518,4317,242,30,3,0,0.006640106241699867,6.949270326615705E-4,0.0,0.9500000000000001,0.5,0.7000000000000001,0.9,80.0,50.0,65.0,0.8500000000000001,0.5,0.6000000000000001,0.9,90.0,60.0,75.0,3356,3338,18,3356,0.005363528009535161,0.7053616977114716,1.0,0.7053616977114716,1468,0.4397843019772319,1.0,1
"iteration_4","SCOPE_DATA_COLLECTION",800,44,2710.0,2770.0,2,4536,3440,1101,4777,3453,1085,4522,3419,1088,4,14,15,8.837825894829872E-4,0.00407806583163414,0.013599274705349048,0.3242493646290152,0.7151689937869501,1.268339072203671,0.6484987292580304,0.7151689937869501,0.8455593814691139,0.2722246793454224,0.44194208832992105,0.49816176470588236,95.0,100.0,4518,4317,242,30,3,0,0.006640106241699867,6.949270326615705E-4,0.0,0.9500000000000001,0.5,0.7000000000000001,0.9,80.0,50.0,65.0,0.8500000000000001,0.5,0.6000000000000001,0.9,90.0,60.0,75.0,1099,1083,16,1099,0.014558689717925387,1.269115781155152,1.5,0.846077187436768,541,0.4995383194829178,1.0,1
"iteration_4","SCOPE_DATA_COLLECTION",800,45,2770.0,2830.0,0,4768,3356,1099,4536,3440,1101,4757,3357,1094,7,17,16,0.0014693534844668346,0.005038529934795495,0.014414414414414415,0.3077833121610025,0.7085255398210788,1.2694570277759927,0.615566624322005,0.7085255398210788,0.8463046851839952,0.2377548875341602,0.44146559428060766,0.49817184643510054,97.5,100.0,4545,3947,731,38,2,0,0.008360836083608362,5.067139599695972E-4,0.0,0.8500000000000001,0.5,0.6000000000000001,0.9,90.0,60.0,75.0,0.7000000000000001,0.1,0.7000000000000001,0.6000000000000001,25.0,80.0,30.0,4642,4639,3,4642,6.462731581214993E-4,0.29326004578928566,0.5,0.5865200915785713,887,0.1912050010778185,1.0,1
"iteration_4","SCOPE_DATA_COLLECTION",800,45,2770.0,2830.0,1,4768,3356,1099,4536,3440,1101,4757,3357,1094,7,17,16,0.0014693534844668346,0.005038529934795495,0.014414414414414415,0.3077833121610025,0.7085255398210788,1.2694570277759927,0.615566624322005,0.7085255398210788,0.8463046851839952,0.2377548875341602,0.44146559428060766,0.49817184643510054,97.5,100.0,4545,3947,731,38,2,0,0.008360836083608362,5.067139599695972E-4,0.0,0.8500000000000001,0.5,0.6000000000000001,0.9,90.0,60.0,75.0,0.7000000000000001,0.1,0.7000000000000001,0.6000000000000001,25.0,80.0,30.0,3432,3420,12,3432,0.0034965034965034965,0.7012053720551582,1.0,0.7012053720551582,1559,0.4558479532163743,1.0,1
"iteration_4","SCOPE_DATA_COLLECTION",800,45,2770.0,2830.0,2,4768,3356,1099,4536,3440,1101,4757,3357,1094,7,17,16,0.0014693534844668346,0.005038529934795495,0.014414414414414415,0.3077833121610025,0.7085255398210788,1.2694570277759927,0.615566624322005,0.7085255398210788,0.8463046851839952,0.2377548875341602,0.44146559428060766,0.49817184643510054,97.5,100.0,4545,3947,731,38,2,0,0.008360836083608362,5.067139599695972E-4,0.0,0.8500000000000001,0.5,0.6000000000000001,0.9,90.0,60.0,75.0,0.7000000000000001,0.1,0.7000000000000001,0.6000000000000001,25.0,80.0,30.0,1088,1073,15,1088,0.013786764705882353,1.2647934837982244,1.5,0.843195655865483,548,0.51071761416589,1.0,1
"iteration_4","SCOPE_DATA_COLLECTION",800,46,2830.0,2890.0,0,4642,3432,1088,4768,3356,1099,4645,3419,1067,3,13,15,6.454388984509467E-4,0.003787878787878788,0.013863216266173753,0.2944666874820172,0.70161137982051,1.2603051597480464,0.5889333749640344,0.70161137982051,0.8402034398320309,0.19268030139935413,0.4556887978941211,0.5079662605435802,100.0,100.0,4662,3168,1332,28,3,0,0.006006006006006006,9.46969696969697E-4,0.0,0.7000000000000001,0.1,0.7000000000000001,0.6000000000000001,25.0,80.0,30.0,0.8,0.1,0.8,0.5,20.0,90.0,40.0,4717,4715,2,4717,4.2399830400678397E-4,0.2965569777184582,0.5,0.5931139554369164,955,0.20254506892895016,1.0,1
"iteration_4","SCOPE_DATA_COLLECTION",800,46,2830.0,2890.0,1,4642,3432,1088,4768,3356,1099,4645,3419,1067,3,13,15,6.454388984509467E-4,0.003787878787878788,0.013863216266173753,0.2944666874820172,0.70161137982051,1.2603051597480464,0.5889333749640344,0.70161137982051,0.8402034398320309,0.19268030139935413,0.4556887978941211,0.5079662605435802,100.0,100.0,4662,3168,1332,28,3,0,0.006006006006006006,9.46969696969697E-4,0.0,0.7000000000000001,0.1,0.7000000000000001,0.6000000000000001,25.0,80.0,30.0,0.8,0.1,0.8,0.5,20.0,90.0,40.0,3409,3400,9,3409,0.0026400704018773834,0.7243791096139086,1.0,0.7243791096139086,1570,0.46176470588235297,1.0,1
"iteration_4","SCOPE_DATA_COLLECTION",800,46,2830.0,2890.0,2,4642,3432,1088,4768,3356,1099,4645,3419,1067,3,13,15,6.454388984509467E-4,0.003787878787878788,0.013863216266173753,0.2944666874820172,0.70161137982051,1.2603051597480464,0.5889333749640344,0.70161137982051,0.8402034398320309,0.19268030139935413,0.4556887978941211,0.5079662605435802,100.0,100.0,4662,3168,1332,28,3,0,0.006006006006006006,9.46969696969697E-4,0.0,0.7000000000000001,0.1,0.7000000000000001,0.6000000000000001,25.0,80.0,30.0,0.8,0.1,0.8,0.5,20.0,90.0,40.0,1089,1081,8,1089,0.0073461891643709825,1.231054939911596,1.5,0.8207032932743973,535,0.49491211840888066,1.0,1
"iteration_4","SCOPE_DATA_COLLECTION",800,47,2890.0,2950.0,0,4717,3409,1089,4642,3432,1088,4719,3385,1080,2,9,8,4.2363905952128787E-4,0.0026517383618149676,0.007352941176470588,0.2962697829856766,0.7229006129064453,1.2436287439774614,0.5925395659713532,0.7229006129064453,0.8290858293183075,0.20046620046620048,0.45967503692762185,0.5018518518518519,95.0,100.0,4684,3637,894,19,0,0,0.0040563620836891546,0.0,0.0,0.8,0.1,0.8,0.5,20.0,90.0,40.0,0.55,0.8,0.8,0.2,50.0,65.0,65.0,4755,4750,5,4755,0.0010515247108307045,0.32924231120987074,0.5,0.6584846224197415,1391,0.2928421052631579,1.0,1
"iteration_4","SCOPE_DATA_COLLECTION",800,47,2890.0,2950.0,1,4717,3409,1089,4642,3432,1088,4719,3385,1080,2,9,8,4.2363905952128787E-4,0.0026517383618149676,0.007352941176470588,0.2962697829856766,0.7229006129064453,1.2436287439774614,0.5925395659713532,0.7229006129064453,0.8290858293183075,0.20046620046620048,0.45967503692762185,0.5018518518518519,95.0,100.0,4684,3637,894,19,0,0,0.0040563620836891546,0.0,0.0,0.8,0.1,0.8,0.5,20.0,90.0,40.0,0.55,0.8,0.8,0.2,50.0,65.0,65.0,3462,3453,9,3462,0.0025996533795493936,0.6875752141679705,1.0,0.6875752141679705,1485,0.4300608166811468,1.0,1
"iteration_4","SCOPE_DATA_COLLECTION",800,47,2890.0,2950.0,2,4717,3409,1089,4642,3432,1088,4719,3385,1080,2,9,8,4.2363905952128787E-4,0.0026517383618149676,0.007352941176470588,0.2962697829856766,0.7229006129064453,1.2436287439774614,0.5925395659713532,0.7229006129064453,0.8290858293183075,0.20046620046620048,0.45967503692762185,0.5018518518518519,95.0,100.0,4684,3637,894,19,0,0,0.0040563620836891546,0.0,0.0,0.8,0.1,0.8,0.5,20.0,90.0,40.0,0.55,0.8,0.8,0.2,50.0,65.0,65.0,1142,1135,7,1142,0.006129597197898424,1.197789666423742,1.5,0.7985264442824946,542,0.4775330396475771,1.0,1
"iteration_4","SCOPE_DATA_COLLECTION",800,48,2950.0,3010.0,0,4755,3462,1142,4717,3409,1089,4731,3454,1136,5,9,7,0.0010557432432432433,0.0025989026855327752,0.006124234470691163,0.3283379373401063,0.6872766981246834,1.2016100414162736,0.6566758746802126,0.6872766981246834,0.8010733609441824,0.2927499471570493,0.43109438332368266,0.47975352112676056,100.0,100.0,4506,2684,2169,19,2,0,0.004216600088770528,7.451564828614009E-4,0.0,0.55,0.8,0.8,0.2,50.0,65.0,65.0,0.75,0.8,0.8,0.5,40.0,85.0,55.0,4666,4657,9,4666,0.0019288469781397343,0.3277398554792436,0.5,0.6554797109584872,1348,0.289456731801589,1.0,1
"iteration_4","SCOPE_DATA_COLLECTION",800,48,2950.0,3010.0,1,4755,3462,1142,4717,3409,1089,4731,3454,1136,5,9,7,0.0010557432432432433,0.0025989026855327752,0.006124234470691163,0.3283379373401063,0.6872766981246834,1.2016100414162736,0.6566758746802126,0.6872766981246834,0.8010733609441824,0.2927499471570493,0.43109438332368266,0.47975352112676056,100.0,100.0,4506,2684,2169,19,2,0,0.004216600088770528,7.451564828614009E-4,0.0,0.55,0.8,0.8,0.2,50.0,65.0,65.0,0.75,0.8,0.8,0.5,40.0,85.0,55.0,3376,3362,14,3376,0.004146919431279621,0.709062569724343,1.0,0.709062569724343,1502,0.44675788221296847,1.0,1
"iteration_4","SCOPE_DATA_COLLECTION",800,48,2950.0,3010.0,2,4755,3462,1142,4717,3409,1089,4731,3454,1136,5,9,7,0.0010557432432432433,0.0025989026855327752,0.006124234470691163,0.3283379373401063,0.6872766981246834,1.2016100414162736,0.6566758746802126,0.6872766981246834,0.8010733609441824,0.2927499471570493,0.43109438332368266,0.47975352112676056,100.0,100.0,4506,2684,2169,19,2,0,0.004216600088770528,7.451564828614009E-4,0.0,0.55,0.8,0.8,0.2,50.0,65.0,65.0,0.75,0.8,0.8,0.5,40.0,85.0,55.0,1081,1068,13,1081,0.012025901942645698,1.250930607642011,1.5,0.8339537384280074,525,0.49157303370786515,1.0,1
"iteration_4","SCOPE_DATA_COLLECTION",800,49,3010.0,3070.0,0,4666,3376,1081,4755,3462,1142,4671,3358,1069,9,14,13,0.0019230769230769232,0.004151838671411625,0.012014787430683918,0.3286788179652644,0.7086607064110747,1.2348565915996679,0.6573576359305288,0.7086607064110747,0.8232377277331119,0.28987368871761937,0.4460988683740322,0.48362956033676335,100.0,100.0,4563,3424,1136,34,2,0,0.00745123822046899,5.841121495327102E-4,0.0,0.75,0.8,0.8,0.5,40.0,85.0,55.0,0.75,0.9,0.7000000000000001,0.6000000000000001,30.0,75.0,65.0,4627,4622,5,4627,0.001080613788631943,0.3255622801498868,0.5,0.6511245602997736,1345,0.2909995672868888,1.0,1
"iteration_4","SCOPE_DATA_COLLECTION",800,49,3010.0,3070.0,1,4666,3376,1081,4755,3462,1142,4671,3358,1069,9,14,13,0.0019230769230769232,0.004151838671411625,0.012014787430683918,0.3286788179652644,0.7086607064110747,1.2348565915996679,0.6573576359305288,0.7086607064110747,0.8232377277331119,0.28987368871761937,0.4460988683740322,0.48362956033676335,100.0,100.0,4563,3424,1136,34,2,0,0.00745123822046899,5.841121495327102E-4,0.0,0.75,0.8,0.8,0.5,40.0,85.0,55.0,0.75,0.9,0.7000000000000001,0.6000000000000001,30.0,75.0,65.0,3433,3422,11,3433,0.003204194581998252,0.710347505004224,1.0,0.710347505004224,1517,0.4433080070134424,1.0,1
"iteration_4","SCOPE_DATA_COLLECTION",800,49,3010.0,3070.0,2,4666,3376,1081,4755,3462,1142,4671,3358,1069,9,14,13,0.0019230769230769232,0.004151838671411625,0.012014787430683918,0.3286788179652644,0.7086607064110747,1.2348565915996679,0.6573576359305288,0.7086607064110747,0.8232377277331119,0.28987368871761937,0.4460988683740322,0.48362956033676335,100.0,100.0,4563,3424,1136,34,2,0,0.00745123822046899,5.841121495327102E-4,0.0,0.75,0.8,0.8,0.5,40.0,85.0,55.0,0.75,0.9,0.7000000000000001,0.6000000000000001,30.0,75.0,65.0,1092,1080,12,1092,0.01098901098901099,1.2870101269407874,1.5,0.8580067512938583,550,0.5092592592592593,1.0,1
"iteration_4","SCOPE_DATA_COLLECTION",800,50,3070.0,3130.0,0,4627,3433,1092,4666,3376,1081,4621,3437,1082,5,11,12,0.00108084738434933,0.0031902552204176333,0.010968921389396709,0.3257259376685426,0.7136002176586266,1.2906708434005996,0.6514518753370852,0.7136002176586266,0.860447228933733,0.29171175070331096,0.4457375618271749,0.5101663585951941,100.0,100.0,4490,3515,1147,27,1,0,0.0060133630289532294,2.844950213371266E-4,0.0,0.75,0.9,0.7000000000000001,0.6000000000000001,30.0,75.0,65.0,0.15000000000000002,0.8,0.1,0.4,95.0,80.0,30.0,4696,4214,482,4696,0.10264054514480409,0.3903494640815295,0.5,0.780698928163059,1320,0.31324157570004746,1.0,1
"iteration_4","SCOPE_DATA_COLLECTION",800,50,3070.0,3130.0,1,4627,3433,1092,4666,3376,1081,4621,3437,1082,5,11,12,0.00108084738434933,0.0031902552204176333,0.010968921389396709,0.3257259376685426,0.7136002176586266,1.2906708434005996,0.6514518753370852,0.7136002176586266,0.860447228933733,0.29171175070331096,0.4457375618271749,0.5101663585951941,100.0,100.0,4490,3515,1147,27,1,0,0.0060133630289532294,2.844950213371266E-4,0.0,0.75,0.9,0.7000000000000001,0.6000000000000001,30.0,75.0,65.0,0.15000000000000002,0.8,0.1,0.4,95.0,80.0,30.0,3483,3054,429,3483,0.1231696813092162,0.751085781005132,1.0,0.751085781005132,1451,0.47511460379829734,1.0,1
"iteration_4","SCOPE_DATA_COLLECTION",800,50,3070.0,3130.0,2,4627,3433,1092,4666,3376,1081,4621,3437,1082,5,11,12,0.00108084738434933,0.0031902552204176333,0.010968921389396709,0.3257259376685426,0.7136002176586266,1.2906708434005996,0.6514518753370852,0.7136002176586266,0.860447228933733,0.29171175070331096,0.4457375618271749,0.5101663585951941,100.0,100.0,4490,3515,1147,27,1,0,0.0060133630289532294,2.844950213371266E-4,0.0,0.75,0.9,0.7000000000000001,0.6000000000000001,30.0,75.0,65.0,0.15000000000000002,0.8,0.1,0.4,95.0,80.0,30.0,1110,955,155,1110,0.13963963963963963,1.4332953656855143,1.5,0.9555302437903429,553,0.5790575916230366,1.0,1
"iteration_4","SCOPE_DATA_COLLECTION",800,51,3130.0,3190.0,0,4696,3483,1110,4627,3433,1092,4213,3061,961,482,429,155,0.10266240681576144,0.12292263610315186,0.1388888888888889,0.39036244228915695,0.7509851185116061,1.434363840913396,0.7807248845783139,0.7509851185116061,0.9562425606089308,0.31355328744362687,0.4743547860176413,0.5796045785639958,97.5,100.0,4511,708,4070,13,1,1052,0.002881844380403458,0.0014124293785310734,0.25847665847665846,0.15000000000000002,0.8,0.1,0.4,95.0,80.0,30.0,0.15000000000000002,0.8,0.1,0.4,95.0,80.0,30.0,4630,4347,283,4630,0.061123110151187904,0.37504754569647414,0.5,0.7500950913929483,1291,0.29698642742121,1.0,1
"iteration_4","SCOPE_DATA_COLLECTION",800,51,3130.0,3190.0,1,4696,3483,1110,4627,3433,1092,4213,3061,961,482,429,155,0.10266240681576144,0.12292263610315186,0.1388888888888889,0.39036244228915695,0.7509851185116061,1.434363840913396,0.7807248845783139,0.7509851185116061,0.9562425606089308,0.31355328744362687,0.4743547860176413,0.5796045785639958,97.5,100.0,4511,708,4070,13,1,1052,0.002881844380403458,0.0014124293785310734,0.25847665847665846,0.15000000000000002,0.8,0.1,0.4,95.0,80.0,30.0,0.15000000000000002,0.8,0.1,0.4,95.0,80.0,30.0,3402,3212,190,3402,0.05584950029394474,0.743485201345884,1.0,0.743485201345884,1504,0.46824408468244083,1.0,1
"iteration_4","SCOPE_DATA_COLLECTION",800,51,3130.0,3190.0,2,4696,3483,1110,4627,3433,1092,4213,3061,961,482,429,155,0.10266240681576144,0.12292263610315186,0.1388888888888889,0.39036244228915695,0.7509851185116061,1.434363840913396,0.7807248845783139,0.7509851185116061,0.9562425606089308,0.31355328744362687,0.4743547860176413,0.5796045785639958,97.5,100.0,4511,708,4070,13,1,1052,0.002881844380403458,0.0014124293785310734,0.25847665847665846,0.15000000000000002,0.8,0.1,0.4,95.0,80.0,30.0,0.15000000000000002,0.8,0.1,0.4,95.0,80.0,30.0,1109,1020,89,1109,0.08025247971145176,1.3249958129990564,1.5,0.883330541999371,535,0.5245098039215687,1.0,1
"iteration_4","SCOPE_DATA_COLLECTION",800,52,3190.0,3250.0,0,4630,3402,1109,4696,3483,1110,4340,3195,1017,283,190,89,0.06121566082630327,0.056129985228951254,0.08047016274864376,0.3756911277272766,0.7445046123002654,1.3276005635802326,0.7513822554545532,0.7445046123002654,0.8850670423868218,0.2976958525345622,0.4697965571205008,0.5260570304818093,95.0,100.0,4501,748,3892,14,0,548,0.003110419906687403,0.0,0.1408016443987667,0.15000000000000002,0.8,0.1,0.4,95.0,80.0,30.0,0.15000000000000002,0.9,0.2,0.30000000000000004,95.0,90.0,40.0,4663,4112,551,4663,0.11816427192794339,0.40955572978161897,0.5,0.8191114595632379,1414,0.3438715953307393,1.0,1
"iteration_4","SCOPE_DATA_COLLECTION",800,52,3190.0,3250.0,1,4630,3402,1109,4696,3483,1110,4340,3195,1017,283,190,89,0.06121566082630327,0.056129985228951254,0.08047016274864376,0.3756911277272766,0.7445046123002654,1.3276005635802326,0.7513822554545532,0.7445046123002654,0.8850670423868218,0.2976958525345622,0.4697965571205008,0.5260570304818093,95.0,100.0,4501,748,3892,14,0,548,0.003110419906687403,0.0,0.1408016443987667,0.15000000000000002,0.8,0.1,0.4,95.0,80.0,30.0,0.15000000000000002,0.9,0.2,0.30000000000000004,95.0,90.0,40.0,3369,2957,412,3369,0.12229148115167705,0.7832320425331657,1.0,0.7832320425331657,1374,0.4646601285086236,1.0,1
"iteration_4","SCOPE_DATA_COLLECTION",800,52,3190.0,3250.0,2,4630,3402,1109,4696,3483,1110,4340,3195,1017,283,190,89,0.06121566082630327,0.056129985228951254,0.08047016274864376,0.3756911277272766,0.7445046123002654,1.3276005635802326,0.7513822554545532,0.7445046123002654,0.8850670423868218,0.2976958525345622,0.4697965571205008,0.5260570304818093,95.0,100.0,4501,748,3892,14,0,548,0.003110419906687403,0.0,0.1408016443987667,0.15000000000000002,0.8,0.1,0.4,95.0,80.0,30.0,0.15000000000000002,0.9,0.2,0.30000000000000004,95.0,90.0,40.0,1138,997,141,1138,0.12390158172231985,1.4048047532617518,1.5,0.9365365021745012,569,0.5707121364092277,1.0,1
"iteration_4","SCOPE_DATA_COLLECTION",800,53,3250.0,3310.0,0,4663,3369,1138,4630,3402,1109,4121,2960,995,551,412,141,0.11793664383561644,0.1221826809015421,0.12411971830985916,0.40880782293128426,0.781299071945781,1.407366336822231,0.8176156458625685,0.781299071945781,0.9382442245481539,0.3421499636010677,0.4631756756756757,0.5728643216080402,100.0,100.0,4388,655,4127,20,0,1084,0.004557885141294439,0.0,0.2626605282287376,0.15000000000000002,0.9,0.2,0.30000000000000004,95.0,90.0,40.0,0.5,0.8,0.4,0.2,35.0,90.0,30.0,4752,4751,1,4752,2.1043771043771043E-4,0.31342147013424565,0.5,0.6268429402684913,1267,0.2666806988002526,1.0,1
"iteration_4","SCOPE_DATA_COLLECTION",800,53,3250.0,3310.0,1,4663,3369,1138,4630,3402,1109,4121,2960,995,551,412,141,0.11793664383561644,0.1221826809015421,0.12411971830985916,0.40880782293128426,0.781299071945781,1.407366336822231,0.8176156458625685,0.781299071945781,0.9382442245481539,0.3421499636010677,0.4631756756756757,0.5728643216080402,100.0,100.0,4388,655,4127,20,0,1084,0.004557885141294439,0.0,0.2626605282287376,0.15000000000000002,0.9,0.2,0.30000000000000004,95.0,90.0,40.0,0.5,0.8,0.4,0.2,35.0,90.0,30.0,3369,3366,3,3369,8.904719501335708E-4,0.6897545690992771,1.0,0.6897545690992771,1471,0.43701723113487817,1.0,1
"iteration_4","SCOPE_DATA_COLLECTION",800,53,3250.0,3310.0,2,4663,3369,1138,4630,3402,1109,4121,2960,995,551,412,141,0.11793664383561644,0.1221826809015421,0.12411971830985916,0.40880782293128426,0.781299071945781,1.407366336822231,0.8176156458625685,0.781299071945781,0.9382442245481539,0.3421499636010677,0.4631756756756757,0.5728643216080402,100.0,100.0,4388,655,4127,20,0,1084,0.004557885141294439,0.0,0.2626605282287376,0.15000000000000002,0.9,0.2,0.30000000000000004,95.0,90.0,40.0,0.5,0.8,0.4,0.2,35.0,90.0,30.0,1091,1088,3,1091,0.002749770852428964,1.2023551774297223,1.5,0.8015701182864815,524,0.48161764705882354,1.0,1
"iteration_4","SCOPE_DATA_COLLECTION",800,54,3310.0,3370.0,0,4752,3369,1091,4663,3369,1138,4766,3368,1087,1,3,3,2.0977554017201594E-4,8.899436369029962E-4,0.0027522935779816515,0.3140686068485218,0.6880466329185485,1.1962157677866345,0.6281372136970436,0.6880466329185485,0.797477178524423,0.26814939152329,0.4346793349168646,0.47746090156393745,100.0,100.0,4444,2349,2419,7,0,0,0.0015751575157515751,0.0,0.0,0.5,0.8,0.4,0.2,35.0,90.0,30.0,0.6000000000000001,0.8,0.4,0.1,35.0,95.0,40.0,4891,4890,1,4891,2.0445716622367614E-4,0.31898034408243425,0.5,0.6379606881648685,1336,0.27321063394683026,1.0,1
"iteration_4","SCOPE_DATA_COLLECTION",800,54,3310.0,3370.0,1,4752,3369,1091,4663,3369,1138,4766,3368,1087,1,3,3,2.0977554017201594E-4,8.899436369029962E-4,0.0027522935779816515,0.3140686068485218,0.6880466329185485,1.1962157677866345,0.6281372136970436,0.6880466329185485,0.797477178524423,0.26814939152329,0.4346793349168646,0.47746090156393745,100.0,100.0,4444,2349,2419,7,0,0,0.0015751575157515751,0.0,0.0,0.5,0.8,0.4,0.2,35.0,90.0,30.0,0.6000000000000001,0.8,0.4,0.1,35.0,95.0,40.0,3370,3369,1,3370,2.967359050445104E-4,0.6725131322804239,1.0,0.6725131322804239,1440,0.42742653606411396,1.0,1
"iteration_4","SCOPE_DATA_COLLECTION",800,54,3310.0,3370.0,2,4752,3369,1091,4663,3369,1138,4766,3368,1087,1,3,3,2.0977554017201594E-4,8.899436369029962E-4,0.0027522935779816515,0.3140686068485218,0.6880466329185485,1.1962157677866345,0.6281372136970436,0.6880466329185485,0.797477178524423,0.26814939152329,0.4346793349168646,0.47746090156393745,100.0,100.0,4444,2349,2419,7,0,0,0.0015751575157515751,0.0,0.0,0.5,0.8,0.4,0.2,35.0,90.0,30.0,0.6000000000000001,0.8,0.4,0.1,35.0,95.0,40.0,1062,1054,8,1062,0.007532956685499058,1.204627213323179,1.5,0.8030848088821193,517,0.4905123339658444,1.0,1
"iteration_4","SCOPE_DATA_COLLECTION",800,55,3370.0,3430.0,0,4891,3370,1062,4752,3369,1091,4883,3371,1046,1,1,8,2.0475020475020476E-4,2.965599051008304E-4,0.007590132827324478,0.3184152379543353,0.6736295819820663,1.201438362182594,0.6368304759086706,0.6736295819820663,0.8009589081217293,0.2723735408560311,0.4289528329872441,0.48852772466539196,97.5,100.0,4561,2786,1976,10,0,0,0.0021925016443762333,0.0,0.0,0.6000000000000001,0.8,0.4,0.1,35.0,95.0,40.0,0.5,0.7000000000000001,0.4,0.1,25.0,95.0,50.0,4642,4639,3,4642,6.462731581214993E-4,0.31057270227961487,0.5,0.6211454045592297,1205,0.2597542573830567,1.0,1
"iteration_4","SCOPE_DATA_COLLECTION",800,55,3370.0,3430.0,1,4891,3370,1062,4752,3369,1091,4883,3371,1046,1,1,8,2.0475020475020476E-4,2.965599051008304E-4,0.007590132827324478,0.3184152379543353,0.6736295819820663,1.201438362182594,0.6368304759086706,0.6736295819820663,0.8009589081217293,0.2723735408560311,0.4289528329872441,0.48852772466539196,97.5,100.0,4561,2786,1976,10,0,0,0.0021925016443762333,0.0,0.0,0.6000000000000001,0.8,0.4,0.1,35.0,95.0,40.0,0.5,0.7000000000000001,0.4,0.1,25.0,95.0,50.0,3347,3342,5,3347,0.0014938751120406335,0.6848634414644391,1.0,0.6848634414644391,1462,0.4374625972471574,1.0,1
"iteration_4","SCOPE_DATA_COLLECTION",800,55,3370.0,3430.0,2,4891,3370,1062,4752,3369,1091,4883,3371,1046,1,1,8,2.0475020475020476E-4,2.965599051008304E-4,0.007590132827324478,0.3184152379543353,0.6736295819820663,1.201438362182594,0.6368304759086706,0.6736295819820663,0.8009589081217293,0.2723735408560311,0.4289528329872441,0.48852772466539196,97.5,100.0,4561,2786,1976,10,0,0,0.0021925016443762333,0.0,0.0,0.6000000000000001,0.8,0.4,0.1,35.0,95.0,40.0,0.5,0.7000000000000001,0.4,0.1,25.0,95.0,50.0,1069,1067,2,1069,0.0018709073900841909,1.1916694576472628,1.5,0.7944463050981753,516,0.4835988753514527,1.0,1
"iteration_4","SCOPE_DATA_COLLECTION",800,56,3430.0,3490.0,0,4642,3347,1069,4891,3370,1062,4634,3336,1077,3,5,2,6.469700237222342E-4,0.00149655791679138,0.0018535681186283596,0.31073971879786105,0.6860126472295778,1.196549740917312,0.6214794375957221,0.6860126472295778,0.797699827278208,0.2600345274061286,0.4382494004796163,0.48653667595171773,95.0,100.0,4428,2291,2339,8,2,0,0.0018066847335140017,8.729812309035355E-4,0.0,0.5,0.7000000000000001,0.4,0.1,25.0,95.0,50.0,0.5,0.7000000000000001,0.4,0.2,20.0,95.0,50.0,4774,4771,3,4774,6.284038542103058E-4,0.3110916337018266,0.5,0.6221832674036532,1246,0.2611611821421086,1.0,1
"iteration_4","SCOPE_DATA_COLLECTION",800,56,3430.0,3490.0,1,4642,3347,1069,4891,3370,1062,4634,3336,1077,3,5,2,6.469700237222342E-4,0.00149655791679138,0.0018535681186283596,0.31073971879786105,0.6860126472295778,1.196549740917312,0.6214794375957221,0.6860126472295778,0.797699827278208,0.2600345274061286,0.4382494004796163,0.48653667595171773,95.0,100.0,4428,2291,2339,8,2,0,0.0018066847335140017,8.729812309035355E-4,0.0,0.5,0.7000000000000001,0.4,0.1,25.0,95.0,50.0,0.5,0.7000000000000001,0.4,0.2,20.0,95.0,50.0,3447,3441,6,3447,0.0017406440382941688,0.6790672012190334,1.0,0.6790672012190334,1470,0.4272013949433304,1.0,1
"iteration_4","SCOPE_DATA_COLLECTION",800,56,3430.0,3490.0,2,4642,3347,1069,4891,3370,1062,4634,3336,1077,3,5,2,6.469700237222342E-4,0.00149655791679138,0.0018535681186283596,0.31073971879786105,0.6860126472295778,1.196549740917312,0.6214794375957221,0.6860126472295778,0.797699827278208,0.2600345274061286,0.4382494004796163,0.48653667595171773,95.0,100.0,4428,2291,2339,8,2,0,0.0018066847335140017,8.729812309035355E-4,0.0,0.5,0.7000000000000001,0.4,0.1,25.0,95.0,50.0,0.5,0.7000000000000001,0.4,0.2,20.0,95.0,50.0,1127,1123,4,1127,0.00354924578527063,1.201539118173533,1.5,0.8010260787823554,540,0.4808548530721282,1.0,1
"iteration_4","SCOPE_DATA_COLLECTION",800,57,3490.0,3550.0,0,4774,3447,1127,4642,3347,1069,4761,3453,1124,2,6,4,4.19903422212891E-4,0.0017346053772766695,0.0035460992907801418,0.3104652852976888,0.6793187889760516,1.2035524091838528,0.6209305705953776,0.6793187889760516,0.8023682727892352,0.26107960512497375,0.4277439907326962,0.4822064056939502,100.0,100.0,4466,2505,2377,10,2,0,0.0022391401701746527,7.984031936127744E-4,0.0,0.5,0.7000000000000001,0.4,0.2,20.0,95.0,50.0,0.5,0.8,0.4,0.1,20.0,95.0,60.0,4689,4686,3,4689,6.397952655150352E-4,0.3213469230850427,0.5,0.6426938461700854,1341,0.2861715749039693,1.0,1
"iteration_4","SCOPE_DATA_COLLECTION",800,57,3490.0,3550.0,1,4774,3447,1127,4642,3347,1069,4761,3453,1124,2,6,4,4.19903422212891E-4,0.0017346053772766695,0.0035460992907801418,0.3104652852976888,0.6793187889760516,1.2035524091838528,0.6209305705953776,0.6793187889760516,0.8023682727892352,0.26107960512497375,0.4277439907326962,0.4822064056939502,100.0,100.0,4466,2505,2377,10,2,0,0.0022391401701746527,7.984031936127744E-4,0.0,0.5,0.7000000000000001,0.4,0.2,20.0,95.0,50.0,0.5,0.8,0.4,0.1,20.0,95.0,60.0,3459,3459,0,3459,0.0,0.6957952660120958,1.0,0.6957952660120958,1536,0.4440589765828274,1.0,1
"iteration_4","SCOPE_DATA_COLLECTION",800,57,3490.0,3550.0,2,4774,3447,1127,4642,3347,1069,4761,3453,1124,2,6,4,4.19903422212891E-4,0.0017346053772766695,0.0035460992907801418,0.3104652852976888,0.6793187889760516,1.2035524091838528,0.6209305705953776,0.6793187889760516,0.8023682727892352,0.26107960512497375,0.4277439907326962,0.4822064056939502,100.0,100.0,4466,2505,2377,10,2,0,0.0022391401701746527,7.984031936127744E-4,0.0,0.5,0.7000000000000001,0.4,0.2,20.0,95.0,50.0,0.5,0.8,0.4,0.1,20.0,95.0,60.0,1141,1138,3,1141,0.0026292725679228747,1.150963983906408,1.5,0.7673093226042721,520,0.45694200351493847,1.0,1
"iteration_4","SCOPE_DATA_COLLECTION",800,58,3550.0,3619.4859298990577,0,4689,3459,1141,4774,3447,1127,4690,3449,1139,4,0,3,8.521516829995739E-4,0.0,0.002626970227670753,0.3209953311756204,0.6917167697619176,1.1497256374054607,0.6419906623512408,0.6917167697619176,0.7664837582703071,0.2844349680170576,0.44186720788634387,0.456540825285338,97.5,100.0,4498,2421,2370,5,2,0,0.0011116051578479323,8.261049153242462E-4,0.0,0.5,0.8,0.4,0.1,20.0,95.0,60.0,0.7000000000000001,0.4,0.1,0.2,60.0,65.0,40.0,3918,3883,2,3885,5.148005148005148E-4,0.30725902828766394,0.5,0.6145180565753279,979,0.2521246458923513,0.9915773353751914,0
"iteration_4","SCOPE_DATA_COLLECTION",800,58,3550.0,3619.4859298990577,1,4689,3459,1141,4774,3447,1127,4690,3449,1139,4,0,3,8.521516829995739E-4,0.0,0.002626970227670753,0.3209953311756204,0.6917167697619176,1.1497256374054607,0.6419906623512408,0.6917167697619176,0.7664837582703071,0.2844349680170576,0.44186720788634387,0.456540825285338,97.5,100.0,4498,2421,2370,5,2,0,0.0011116051578479323,8.261049153242462E-4,0.0,0.5,0.8,0.4,0.1,20.0,95.0,60.0,0.7000000000000001,0.4,0.1,0.2,60.0,65.0,40.0,2870,2821,4,2825,0.001415929203539823,0.6726524806875693,1.0,0.6726524806875693,1234,0.43743353420772774,0.9843205574912892,0
"iteration_4","SCOPE_DATA_COLLECTION",800,58,3550.0,3619.4859298990577,2,4689,3459,1141,4774,3447,1127,4690,3449,1139,4,0,3,8.521516829995739E-4,0.0,0.002626970227670753,0.3209953311756204,0.6917167697619176,1.1497256374054607,0.6419906623512408,0.6917167697619176,0.7664837582703071,0.2844349680170576,0.44186720788634387,0.456540825285338,97.5,100.0,4498,2421,2370,5,2,0,0.0011116051578479323,8.261049153242462E-4,0.0,0.5,0.8,0.4,0.1,20.0,95.0,60.0,0.7000000000000001,0.4,0.1,0.2,60.0,65.0,40.0,939,912,4,916,0.004366812227074236,1.1962435381644714,1.5,0.7974956921096475,434,0.4758771929824561,0.9755058572949947,0
"iteration_4","SCOPE_DATA_COLLECTION",900,0,70.0,130.0,0,4978,3455,1115,0,0,0,4956,3383,1075,3,23,19,6.049606775559589E-4,0.006752789195537287,0.01736745886654479,0.3052700764512151,0.6905374845197836,1.213146440679941,0.6105401529024302,0.6905374845197836,0.8087642937866274,0.2566585956416465,0.42358853088974285,0.47255813953488374,100.0,100.0,4559,2987,2002,41,4,0,0.008993200263215618,0.0013391362571141614,0.0,0.6,0.5,0.7,0.4,85.0,80.0,90.0,0.7000000000000001,0.5,0.7000000000000001,0.5,75.0,80.0,95.0,5317,5309,8,5317,0.0015046078615760768,0.30892937831386624,0.5,0.6178587566277325,1433,0.2699190054624223,1.0,1
"iteration_4","SCOPE_DATA_COLLECTION",900,0,70.0,130.0,1,4978,3455,1115,0,0,0,4956,3383,1075,3,23,19,6.049606775559589E-4,0.006752789195537287,0.01736745886654479,0.3052700764512151,0.6905374845197836,1.213146440679941,0.6105401529024302,0.6905374845197836,0.8087642937866274,0.2566585956416465,0.42358853088974285,0.47255813953488374,100.0,100.0,4559,2987,2002,41,4,0,0.008993200263215618,0.0013391362571141614,0.0,0.6,0.5,0.7,0.4,85.0,80.0,90.0,0.7000000000000001,0.5,0.7000000000000001,0.5,75.0,80.0,95.0,3852,3836,16,3852,0.004153686396677051,0.6801431964210028,1.0,0.6801431964210028,1567,0.4084984358706986,1.0,1
"iteration_4","SCOPE_DATA_COLLECTION",900,0,70.0,130.0,2,4978,3455,1115,0,0,0,4956,3383,1075,3,23,19,6.049606775559589E-4,0.006752789195537287,0.01736745886654479,0.3052700764512151,0.6905374845197836,1.213146440679941,0.6105401529024302,0.6905374845197836,0.8087642937866274,0.2566585956416465,0.42358853088974285,0.47255813953488374,100.0,100.0,4559,2987,2002,41,4,0,0.008993200263215618,0.0013391362571141614,0.0,0.6,0.5,0.7,0.4,85.0,80.0,90.0,0.7000000000000001,0.5,0.7000000000000001,0.5,75.0,80.0,95.0,1222,1203,19,1222,0.015548281505728314,1.2008047805808022,1.5,0.8005365203872015,553,0.4596841230257689,1.0,1
"iteration_4","SCOPE_DATA_COLLECTION",900,1,130.0,190.0,0,5317,3852,1222,4978,3455,1115,5310,3835,1202,8,17,19,0.001504324934185784,0.004413291796469367,0.015561015561015561,0.3087539916310189,0.6789496359908003,1.2007317310270371,0.6175079832620378,0.6789496359908003,0.8004878206846914,0.2696798493408663,0.40808344198174706,0.45923460898502494,97.5,100.0,4715,4005,1671,42,2,0,0.008907741251325556,4.993757802746567E-4,0.0,0.7000000000000001,0.5,0.7000000000000001,0.5,75.0,80.0,95.0,0.6000000000000001,0.5,0.7000000000000001,0.5,65.0,90.0,85.0,5474,5469,5,5474,9.134088417975886E-4,0.31403441739412963,0.5,0.6280688347882593,1484,0.2713475955384897,1.0,1
"iteration_4","SCOPE_DATA_COLLECTION",900,1,130.0,190.0,1,5317,3852,1222,4978,3455,1115,5310,3835,1202,8,17,19,0.001504324934185784,0.004413291796469367,0.015561015561015561,0.3087539916310189,0.6789496359908003,1.2007317310270371,0.6175079832620378,0.6789496359908003,0.8004878206846914,0.2696798493408663,0.40808344198174706,0.45923460898502494,97.5,100.0,4715,4005,1671,42,2,0,0.008907741251325556,4.993757802746567E-4,0.0,0.7000000000000001,0.5,0.7000000000000001,0.5,75.0,80.0,95.0,0.6000000000000001,0.5,0.7000000000000001,0.5,65.0,90.0,85.0,3772,3754,18,3772,0.004772004241781549,0.6671050306750695,1.0,0.6671050306750695,1528,0.4070324986680874,1.0,1
"iteration_4","SCOPE_DATA_COLLECTION",900,1,130.0,190.0,2,5317,3852,1222,4978,3455,1115,5310,3835,1202,8,17,19,0.001504324934185784,0.004413291796469367,0.015561015561015561,0.3087539916310189,0.6789496359908003,1.2007317310270371,0.6175079832620378,0.6789496359908003,0.8004878206846914,0.2696798493408663,0.40808344198174706,0.45923460898502494,97.5,100.0,4715,4005,1671,42,2,0,0.008907741251325556,4.993757802746567E-4,0.0,0.7000000000000001,0.5,0.7000000000000001,0.5,75.0,80.0,95.0,0.6000000000000001,0.5,0.7000000000000001,0.5,65.0,90.0,85.0,1268,1253,15,1268,0.011829652996845425,1.189054813809683,1.5,0.7927032092064553,569,0.45411013567438147,1.0,1
"iteration_4","SCOPE_DATA_COLLECTION",900,2,190.0,250.0,0,5474,3772,1268,5317,3852,1222,5457,3775,1254,5,18,15,9.154155986818016E-4,0.004745583970471922,0.01182033096926714,0.3131177898339291,0.6703061099067867,1.1900189497956484,0.6262355796678583,0.6703061099067867,0.7933459665304322,0.27047828477185265,0.4090066225165563,0.45454545454545453,95.0,100.0,4718,3525,2271,36,2,0,0.007630351844001695,5.673758865248227E-4,0.0,0.6000000000000001,0.5,0.7000000000000001,0.5,65.0,90.0,85.0,0.7000000000000001,0.5,0.6000000000000001,0.5,55.0,95.0,85.0,5477,5472,5,5477,9.129085265656381E-4,0.31254129737188974,0.5,0.6250825947437795,1497,0.2735745614035088,1.0,1
"iteration_4","SCOPE_DATA_COLLECTION",900,2,190.0,250.0,1,5474,3772,1268,5317,3852,1222,5457,3775,1254,5,18,15,9.154155986818016E-4,0.004745583970471922,0.01182033096926714,0.3131177898339291,0.6703061099067867,1.1900189497956484,0.6262355796678583,0.6703061099067867,0.7933459665304322,0.27047828477185265,0.4090066225165563,0.45454545454545453,95.0,100.0,4718,3525,2271,36,2,0,0.007630351844001695,5.673758865248227E-4,0.0,0.6000000000000001,0.5,0.7000000000000001,0.5,65.0,90.0,85.0,0.7000000000000001,0.5,0.6000000000000001,0.5,55.0,95.0,85.0,3729,3717,12,3729,0.003218020917135961,0.6701500672847188,1.0,0.6701500672847188,1517,0.4081248318536454,1.0,1
"iteration_4","SCOPE_DATA_COLLECTION",900,2,190.0,250.0,2,5474,3772,1268,5317,3852,1222,5457,3775,1254,5,18,15,9.154155986818016E-4,0.004745583970471922,0.01182033096926714,0.3131177898339291,0.6703061099067867,1.1900189497956484,0.6262355796678583,0.6703061099067867,0.7933459665304322,0.27047828477185265,0.4090066225165563,0.45454545454545453,95.0,100.0,4718,3525,2271,36,2,0,0.007630351844001695,5.673758865248227E-4,0.0,0.6000000000000001,0.5,0.7000000000000001,0.5,65.0,90.0,85.0,0.7000000000000001,0.5,0.6000000000000001,0.5,55.0,95.0,85.0,1226,1208,18,1226,0.01468189233278956,1.2062543826065575,1.5,0.8041695884043717,563,0.46605960264900664,1.0,1
"iteration_4","SCOPE_DATA_COLLECTION",900,3,250.0,310.0,0,5477,3729,1226,5474,3772,1268,5476,3711,1201,5,12,18,9.122422915526364E-4,0.0032232070910556,0.014766201804757998,0.31367864107717336,0.669884313377189,1.1998884955544544,0.6273572821543467,0.669884313377189,0.7999256637029696,0.27465303140978814,0.4077068175693883,0.46378018318068276,100.0,100.0,4795,3911,1726,33,2,0,0.0068821689259645465,5.113781641523907E-4,0.0,0.7000000000000001,0.5,0.6000000000000001,0.5,55.0,95.0,85.0,0.6000000000000001,0.6000000000000001,0.5,0.6000000000000001,65.0,95.0,95.0,5378,5374,4,5378,7.437709185570844E-4,0.31672039902255456,0.5,0.6334407980451091,1530,0.28470413100111647,1.0,1
"iteration_4","SCOPE_DATA_COLLECTION",900,3,250.0,310.0,1,5477,3729,1226,5474,3772,1268,5476,3711,1201,5,12,18,9.122422915526364E-4,0.0032232070910556,0.014766201804757998,0.31367864107717336,0.669884313377189,1.1998884955544544,0.6273572821543467,0.669884313377189,0.7999256637029696,0.27465303140978814,0.4077068175693883,0.46378018318068276,100.0,100.0,4795,3911,1726,33,2,0,0.0068821689259645465,5.113781641523907E-4,0.0,0.7000000000000001,0.5,0.6000000000000001,0.5,55.0,95.0,85.0,0.6000000000000001,0.6000000000000001,0.5,0.6000000000000001,65.0,95.0,95.0,3889,3879,10,3889,0.0025713551041398816,0.6636531714370335,1.0,0.6636531714370335,1555,0.4008765145656097,1.0,1
"iteration_4","SCOPE_DATA_COLLECTION",900,3,250.0,310.0,2,5477,3729,1226,5474,3772,1268,5476,3711,1201,5,12,18,9.122422915526364E-4,0.0032232070910556,0.014766201804757998,0.31367864107717336,0.669884313377189,1.1998884955544544,0.6273572821543467,0.669884313377189,0.7999256637029696,0.27465303140978814,0.4077068175693883,0.46378018318068276,100.0,100.0,4795,3911,1726,33,2,0,0.0068821689259645465,5.113781641523907E-4,0.0,0.7000000000000001,0.5,0.6000000000000001,0.5,55.0,95.0,85.0,0.6000000000000001,0.6000000000000001,0.5,0.6000000000000001,65.0,95.0,95.0,1303,1284,19,1303,0.014581734458940905,1.1951668050986974,1.5,0.7967778700657983,576,0.4485981308411215,1.0,1
"iteration_4","SCOPE_DATA_COLLECTION",900,4,310.0,370.0,0,5378,3889,1303,5477,3729,1226,5370,3871,1286,4,10,19,7.44324525493115E-4,0.002576655501159495,0.014559386973180077,0.31636581752719745,0.6616690647323378,1.1996219149928387,0.6327316350543949,0.6616690647323378,0.7997479433285591,0.2837988826815642,0.4004133298889176,0.4510108864696734,100.0,100.0,4676,3512,2382,30,3,0,0.00641573994867408,8.542141230068337E-4,0.0,0.6000000000000001,0.6000000000000001,0.5,0.6000000000000001,65.0,95.0,95.0,0.5,0.7000000000000001,0.6000000000000001,0.6000000000000001,55.0,85.0,95.0,5405,5394,11,5405,0.0020351526364477336,0.32445974788913035,0.5,0.6489194957782607,1545,0.2864293659621802,1.0,1
"iteration_4","SCOPE_DATA_COLLECTION",900,4,310.0,370.0,1,5378,3889,1303,5477,3729,1226,5370,3871,1286,4,10,19,7.44324525493115E-4,0.002576655501159495,0.014559386973180077,0.31636581752719745,0.6616690647323378,1.1996219149928387,0.6327316350543949,0.6616690647323378,0.7997479433285591,0.2837988826815642,0.4004133298889176,0.4510108864696734,100.0,100.0,4676,3512,2382,30,3,0,0.00641573994867408,8.542141230068337E-4,0.0,0.6000000000000001,0.6000000000000001,0.5,0.6000000000000001,65.0,95.0,95.0,0.5,0.7000000000000001,0.6000000000000001,0.6000000000000001,55.0,85.0,95.0,3698,3677,21,3698,0.005678745267712277,0.6913443193477331,1.0,0.6913443193477331,1535,0.4174598857764482,1.0,1
"iteration_4","SCOPE_DATA_COLLECTION",900,4,310.0,370.0,2,5378,3889,1303,5477,3729,1226,5370,3871,1286,4,10,19,7.44324525493115E-4,0.002576655501159495,0.014559386973180077,0.31636581752719745,0.6616690647323378,1.1996219149928387,0.6327316350543949,0.6616690647323378,0.7997479433285591,0.2837988826815642,0.4004133298889176,0.4510108864696734,100.0,100.0,4676,3512,2382,30,3,0,0.00641573994867408,8.542141230068337E-4,0.0,0.6000000000000001,0.6000000000000001,0.5,0.6000000000000001,65.0,95.0,95.0,0.5,0.7000000000000001,0.6000000000000001,0.6000000000000001,55.0,85.0,95.0,1244,1230,14,1244,0.011254019292604502,1.210741022315293,1.5,0.8071606815435287,564,0.4585365853658537,1.0,1
"iteration_4","SCOPE_DATA_COLLECTION",900,5,370.0,430.0,0,5405,3698,1244,5378,3889,1303,5393,3666,1229,11,21,14,0.0020355292376017763,0.005695687550854353,0.011263073209975865,0.3227946818289189,0.6889537586644721,1.2092218466265119,0.6455893636578378,0.6889537586644721,0.8061478977510079,0.2851844984238828,0.4157119476268412,0.45728234336859236,100.0,100.0,4745,2790,2812,45,1,0,0.009483667017913594,3.5842293906810036E-4,0.0,0.5,0.7000000000000001,0.6000000000000001,0.6000000000000001,55.0,85.0,95.0,0.5,0.7000000000000001,0.6000000000000001,0.6000000000000001,55.0,85.0,95.0,5370,5352,18,5370,0.0033519553072625698,0.3259049510672274,0.5,0.6518099021344548,1547,0.289050822122571,1.0,1
"iteration_4","SCOPE_DATA_COLLECTION",900,5,370.0,430.0,1,5405,3698,1244,5378,3889,1303,5393,3666,1229,11,21,14,0.0020355292376017763,0.005695687550854353,0.011263073209975865,0.3227946818289189,0.6889537586644721,1.2092218466265119,0.6455893636578378,0.6889537586644721,0.8061478977510079,0.2851844984238828,0.4157119476268412,0.45728234336859236,100.0,100.0,4745,2790,2812,45,1,0,0.009483667017913594,3.5842293906810036E-4,0.0,0.5,0.7000000000000001,0.6000000000000001,0.6000000000000001,55.0,85.0,95.0,0.5,0.7000000000000001,0.6000000000000001,0.6000000000000001,55.0,85.0,95.0,3716,3685,31,3716,0.008342303552206673,0.6981253953364164,1.0,0.6981253953364164,1559,0.4230664857530529,1.0,1
"iteration_4","SCOPE_DATA_COLLECTION",900,5,370.0,430.0,2,5405,3698,1244,5378,3889,1303,5393,3666,1229,11,21,14,0.0020355292376017763,0.005695687550854353,0.011263073209975865,0.3227946818289189,0.6889537586644721,1.2092218466265119,0.6455893636578378,0.6889537586644721,0.8061478977510079,0.2851844984238828,0.4157119476268412,0.45728234336859236,100.0,100.0,4745,2790,2812,45,1,0,0.009483667017913594,3.5842293906810036E-4,0.0,0.5,0.7000000000000001,0.6000000000000001,0.6000000000000001,55.0,85.0,95.0,0.5,0.7000000000000001,0.6000000000000001,0.6000000000000001,55.0,85.0,95.0,1223,1209,14,1223,0.011447260834014717,1.2115926351562227,1.5,0.8077284234374819,557,0.46071133167907363,1.0,1
"iteration_4","SCOPE_DATA_COLLECTION",900,6,430.0,490.0,0,5370,3716,1223,5405,3698,1244,5352,3689,1220,18,31,14,0.0033519553072625698,0.008333333333333333,0.011345218800648298,0.3262771563875516,0.6986720279576558,1.2125456392722929,0.6525543127751032,0.6986720279576558,0.808363759514862,0.289237668161435,0.42369205746814853,0.46229508196721314,97.5,100.0,4744,2812,2753,30,3,30,0.006323777403035413,0.0010668563300142249,0.010897203051216855,0.5,0.7000000000000001,0.6000000000000001,0.6000000000000001,55.0,85.0,95.0,0.5,0.7000000000000001,0.6000000000000001,0.6000000000000001,55.0,85.0,95.0,5334,5322,12,5334,0.0022497187851518562,0.317583953145995,0.5,0.63516790629199,1484,0.2788425403983465,1.0,1
"iteration_4","SCOPE_DATA_COLLECTION",900,6,430.0,490.0,1,5370,3716,1223,5405,3698,1244,5352,3689,1220,18,31,14,0.0033519553072625698,0.008333333333333333,0.011345218800648298,0.3262771563875516,0.6986720279576558,1.2125456392722929,0.6525543127751032,0.6986720279576558,0.808363759514862,0.289237668161435,0.42369205746814853,0.46229508196721314,97.5,100.0,4744,2812,2753,30,3,30,0.006323777403035413,0.0010668563300142249,0.010897203051216855,0.5,0.7000000000000001,0.6000000000000001,0.6000000000000001,55.0,85.0,95.0,0.5,0.7000000000000001,0.6000000000000001,0.6000000000000001,55.0,85.0,95.0,3874,3852,22,3874,0.005678884873515746,0.6854887800862843,1.0,0.6854887800862843,1575,0.4088785046728972,1.0,1
"iteration_4","SCOPE_DATA_COLLECTION",900,6,430.0,490.0,2,5370,3716,1223,5405,3698,1244,5352,3689,1220,18,31,14,0.0033519553072625698,0.008333333333333333,0.011345218800648298,0.3262771563875516,0.6986720279576558,1.2125456392722929,0.6525543127751032,0.6986720279576558,0.808363759514862,0.289237668161435,0.42369205746814853,0.46229508196721314,97.5,100.0,4744,2812,2753,30,3,30,0.006323777403035413,0.0010668563300142249,0.010897203051216855,0.5,0.7000000000000001,0.6000000000000001,0.6000000000000001,55.0,85.0,95.0,0.5,0.7000000000000001,0.6000000000000001,0.6000000000000001,55.0,85.0,95.0,1265,1245,20,1265,0.015810276679841896,1.2342377785062077,1.5,0.8228251856708052,581,0.4666666666666667,1.0,1
"iteration_4","SCOPE_DATA_COLLECTION",900,7,490.0,550.0,0,5334,3874,1265,5370,3716,1223,5328,3860,1237,12,22,20,0.0022471910112359553,0.005667181865018032,0.015910898965791568,0.3185232444545978,0.6864604102220773,1.2309580164880007,0.6370464889091956,0.6864604102220773,0.8206386776586672,0.27984234234234234,0.4098445595854922,0.4648342764753436,97.5,100.0,4689,2838,2946,51,3,0,0.010876519513755598,0.0010570824524312897,0.0,0.5,0.7000000000000001,0.6000000000000001,0.6000000000000001,55.0,85.0,95.0,0.5,0.7000000000000001,0.6000000000000001,0.6000000000000001,55.0,85.0,95.0,5419,5384,35,5419,0.006458756228086363,0.31776665974645607,0.5,0.6355333194929121,1491,0.27693164933135217,1.0,1
"iteration_4","SCOPE_DATA_COLLECTION",900,7,490.0,550.0,1,5334,3874,1265,5370,3716,1223,5328,3860,1237,12,22,20,0.0022471910112359553,0.005667181865018032,0.015910898965791568,0.3185232444545978,0.6864604102220773,1.2309580164880007,0.6370464889091956,0.6864604102220773,0.8206386776586672,0.27984234234234234,0.4098445595854922,0.4648342764753436,97.5,100.0,4689,2838,2946,51,3,0,0.010876519513755598,0.0010570824524312897,0.0,0.5,0.7000000000000001,0.6000000000000001,0.6000000000000001,55.0,85.0,95.0,0.5,0.7000000000000001,0.6000000000000001,0.6000000000000001,55.0,85.0,95.0,3798,3757,41,3798,0.010795155344918378,0.6734029707814427,1.0,0.6734029707814427,1535,0.40857066808623904,1.0,1
"iteration_4","SCOPE_DATA_COLLECTION",900,7,490.0,550.0,2,5334,3874,1265,5370,3716,1223,5328,3860,1237,12,22,20,0.0022471910112359553,0.005667181865018032,0.015910898965791568,0.3185232444545978,0.6864604102220773,1.2309580164880007,0.6370464889091956,0.6864604102220773,0.8206386776586672,0.27984234234234234,0.4098445595854922,0.4648342764753436,97.5,100.0,4689,2838,2946,51,3,0,0.010876519513755598,0.0010570824524312897,0.0,0.5,0.7000000000000001,0.6000000000000001,0.6000000000000001,55.0,85.0,95.0,0.5,0.7000000000000001,0.6000000000000001,0.6000000000000001,55.0,85.0,95.0,1301,1268,33,1301,0.02536510376633359,1.186520085660844,1.5,0.7910133904405626,569,0.44873817034700314,1.0,1
"iteration_4","SCOPE_DATA_COLLECTION",900,8,550.0,610.0,0,5419,3798,1301,5334,3874,1265,5382,3756,1260,35,41,33,0.0064611408528705925,0.010797998419805109,0.025522041763341066,0.3181659528449393,0.6755581880948447,1.1847421676578693,0.6363319056898786,0.6755581880948447,0.7898281117719129,0.27740616871051654,0.40947816826411076,0.44761904761904764,100.0,100.0,4720,2898,2900,49,2,58,0.01038135593220339,6.901311249137336E-4,0.02,0.5,0.7000000000000001,0.6000000000000001,0.6000000000000001,55.0,85.0,95.0,0.4,0.6000000000000001,0.7000000000000001,0.5,55.0,85.0,95.0,5335,5211,124,5335,0.0232427366447985,0.33798697088793306,0.5,0.6759739417758661,1519,0.291498752638649,1.0,1
"iteration_4","SCOPE_DATA_COLLECTION",900,8,550.0,610.0,1,5419,3798,1301,5334,3874,1265,5382,3756,1260,35,41,33,0.0064611408528705925,0.010797998419805109,0.025522041763341066,0.3181659528449393,0.6755581880948447,1.1847421676578693,0.6363319056898786,0.6755581880948447,0.7898281117719129,0.27740616871051654,0.40947816826411076,0.44761904761904764,100.0,100.0,4720,2898,2900,49,2,58,0.01038135593220339,6.901311249137336E-4,0.02,0.5,0.7000000000000001,0.6000000000000001,0.6000000000000001,55.0,85.0,95.0,0.4,0.6000000000000001,0.7000000000000001,0.5,55.0,85.0,95.0,3814,3711,103,3814,0.02700576822233875,0.7235294469789795,1.0,0.7235294469789795,1577,0.424952842899488,1.0,1
"iteration_4","SCOPE_DATA_COLLECTION",900,8,550.0,610.0,2,5419,3798,1301,5334,3874,1265,5382,3756,1260,35,41,33,0.0064611408528705925,0.010797998419805109,0.025522041763341066,0.3181659528449393,0.6755581880948447,1.1847421676578693,0.6363319056898786,0.6755581880948447,0.7898281117719129,0.27740616871051654,0.40947816826411076,0.44761904761904764,100.0,100.0,4720,2898,2900,49,2,58,0.01038135593220339,6.901311249137336E-4,0.02,0.5,0.7000000000000001,0.6000000000000001,0.6000000000000001,55.0,85.0,95.0,0.4,0.6000000000000001,0.7000000000000001,0.5,55.0,85.0,95.0,1289,1238,51,1289,0.0395655546935609,1.2162596794186329,1.5,0.8108397862790886,572,0.4620355411954766,1.0,1
"iteration_4","SCOPE_DATA_COLLECTION",900,9,610.0,670.0,0,5335,3814,1289,5419,3798,1301,5192,3719,1249,124,103,51,0.023325808878856283,0.02694924123495552,0.03923076923076923,0.3369059612478328,0.7235694187282972,1.2185171225806204,0.6738119224956656,0.7235694187282972,0.8123447483870803,0.2902542372881356,0.4248453885453079,0.46277021617293834,100.0,100.0,4681,2267,3490,34,2,242,0.007263405255287332,8.82223202470225E-4,0.06934097421203439,0.4,0.6000000000000001,0.7000000000000001,0.5,55.0,85.0,95.0,0.4,0.6000000000000001,0.7000000000000001,0.5,55.0,85.0,95.0,5595,5435,160,5595,0.028596961572832886,0.3391897940932204,0.5,0.6783795881864408,1617,0.29751609935602574,1.0,1
"iteration_4","SCOPE_DATA_COLLECTION",900,9,610.0,670.0,1,5335,3814,1289,5419,3798,1301,5192,3719,1249,124,103,51,0.023325808878856283,0.02694924123495552,0.03923076923076923,0.3369059612478328,0.7235694187282972,1.2185171225806204,0.6738119224956656,0.7235694187282972,0.8123447483870803,0.2902542372881356,0.4248453885453079,0.46277021617293834,100.0,100.0,4681,2267,3490,34,2,242,0.007263405255287332,8.82223202470225E-4,0.06934097421203439,0.4,0.6000000000000001,0.7000000000000001,0.5,55.0,85.0,95.0,0.4,0.6000000000000001,0.7000000000000001,0.5,55.0,85.0,95.0,3806,3669,137,3806,0.03599579611140305,0.7117895161206678,1.0,0.7117895161206678,1538,0.4191877895884437,1.0,1
"iteration_4","SCOPE_DATA_COLLECTION",900,9,610.0,670.0,2,5335,3814,1289,5419,3798,1301,5192,3719,1249,124,103,51,0.023325808878856283,0.02694924123495552,0.03923076923076923,0.3369059612478328,0.7235694187282972,1.2185171225806204,0.6738119224956656,0.7235694187282972,0.8123447483870803,0.2902542372881356,0.4248453885453079,0.46277021617293834,100.0,100.0,4681,2267,3490,34,2,242,0.007263405255287332,8.82223202470225E-4,0.06934097421203439,0.4,0.6000000000000001,0.7000000000000001,0.5,55.0,85.0,95.0,0.4,0.6000000000000001,0.7000000000000001,0.5,55.0,85.0,95.0,1280,1222,58,1280,0.0453125,1.2370076216609993,1.5,0.8246717477739995,574,0.469721767594108,1.0,1
"iteration_4","SCOPE_DATA_COLLECTION",900,10,670.0,730.0,0,5595,3806,1280,5335,3814,1289,5458,3654,1217,160,137,58,0.02847988608045568,0.03613822210498549,0.04549019607843137,0.34052393188060026,0.7124641971737788,1.2354614315000663,0.6810478637612005,0.7124641971737788,0.8236409543333775,0.29901062660315136,0.42036124794745483,0.4683648315529992,100.0,100.0,4777,2311,3593,46,0,309,0.009629474565626963,0.0,0.08600055663790704,0.4,0.6000000000000001,0.7000000000000001,0.5,55.0,85.0,95.0,0.4,0.7000000000000001,0.7000000000000001,0.5,55.0,95.0,95.0,5397,5253,144,5397,0.02668148971650917,0.33915626617155803,0.5,0.6783125323431161,1514,0.2882162573767371,1.0,1
"iteration_4","SCOPE_DATA_COLLECTION",900,10,670.0,730.0,1,5595,3806,1280,5335,3814,1289,5458,3654,1217,160,137,58,0.02847988608045568,0.03613822210498549,0.04549019607843137,0.34052393188060026,0.7124641971737788,1.2354614315000663,0.6810478637612005,0.7124641971737788,0.8236409543333775,0.29901062660315136,0.42036124794745483,0.4683648315529992,100.0,100.0,4777,2311,3593,46,0,309,0.009629474565626963,0.0,0.08600055663790704,0.4,0.6000000000000001,0.7000000000000001,0.5,55.0,85.0,95.0,0.4,0.7000000000000001,0.7000000000000001,0.5,55.0,95.0,95.0,3726,3617,109,3726,0.029253891572732154,0.7157475649702865,1.0,0.7157475649702865,1510,0.41747304395908214,1.0,1
"iteration_4","SCOPE_DATA_COLLECTION",900,10,670.0,730.0,2,5595,3806,1280,5335,3814,1289,5458,3654,1217,160,137,58,0.02847988608045568,0.03613822210498549,0.04549019607843137,0.34052393188060026,0.7124641971737788,1.2354614315000663,0.6810478637612005,0.7124641971737788,0.8236409543333775,0.29901062660315136,0.42036124794745483,0.4683648315529992,100.0,100.0,4777,2311,3593,46,0,309,0.009629474565626963,0.0,0.08600055663790704,0.4,0.6000000000000001,0.7000000000000001,0.5,55.0,85.0,95.0,0.4,0.7000000000000001,0.7000000000000001,0.5,55.0,95.0,95.0,1305,1265,40,1305,0.03065134099616858,1.1967287719554,1.5,0.7978191813036001,565,0.44664031620553357,1.0,1
"iteration_4","SCOPE_DATA_COLLECTION",900,11,730.0,790.0,0,5397,3726,1305,5595,3806,1280,5222,3612,1263,144,109,40,0.026835631755497576,0.02929320075248589,0.03069838833461243,0.33685593269065706,0.7142705423891368,1.2024173177533382,0.6737118653813141,0.7142705423891368,0.8016115451688921,0.2855227882037534,0.4172203765227021,0.45209817893903403,100.0,100.0,4650,2278,3500,27,2,264,0.005806451612903226,8.77963125548727E-4,0.07542857142857143,0.4,0.7000000000000001,0.7000000000000001,0.5,55.0,95.0,95.0,0.4,0.8,0.7000000000000001,0.4,55.0,85.0,95.0,5362,5329,33,5362,0.006154419992540097,0.34059882311468903,0.5,0.6811976462293781,1565,0.2936761118408707,1.0,1
"iteration_4","SCOPE_DATA_COLLECTION",900,11,730.0,790.0,1,5397,3726,1305,5595,3806,1280,5222,3612,1263,144,109,40,0.026835631755497576,0.02929320075248589,0.03069838833461243,0.33685593269065706,0.7142705423891368,1.2024173177533382,0.6737118653813141,0.7142705423891368,0.8016115451688921,0.2855227882037534,0.4172203765227021,0.45209817893903403,100.0,100.0,4650,2278,3500,27,2,264,0.005806451612903226,8.77963125548727E-4,0.07542857142857143,0.4,0.7000000000000001,0.7000000000000001,0.5,55.0,95.0,95.0,0.4,0.8,0.7000000000000001,0.4,55.0,85.0,95.0,3745,3718,27,3745,0.007209612817089452,0.709561767072261,1.0,0.709561767072261,1547,0.4160839160839161,1.0,1
"iteration_4","SCOPE_DATA_COLLECTION",900,11,730.0,790.0,2,5397,3726,1305,5595,3806,1280,5222,3612,1263,144,109,40,0.026835631755497576,0.02929320075248589,0.03069838833461243,0.33685593269065706,0.7142705423891368,1.2024173177533382,0.6737118653813141,0.7142705423891368,0.8016115451688921,0.2855227882037534,0.4172203765227021,0.45209817893903403,100.0,100.0,4650,2278,3500,27,2,264,0.005806451612903226,8.77963125548727E-4,0.07542857142857143,0.4,0.7000000000000001,0.7000000000000001,0.5,55.0,95.0,95.0,0.4,0.8,0.7000000000000001,0.4,55.0,85.0,95.0,1218,1195,23,1218,0.018883415435139574,1.22427167523226,1.5,0.8161811168215066,561,0.4694560669456067,1.0,1
"iteration_4","SCOPE_DATA_COLLECTION",900,12,790.0,850.0,0,5362,3745,1218,5397,3726,1305,5350,3734,1195,33,27,23,0.00613041055173695,0.007178941770805637,0.018883415435139574,0.34225776686979914,0.7118094967002101,1.2192683994723943,0.6845155337395983,0.7118094967002101,0.8128455996482629,0.2958878504672897,0.4164434922335297,0.46443514644351463,100.0,100.0,4706,2251,3368,33,1,49,0.0070123246918827025,4.44247001332741E-4,0.014548693586698337,0.4,0.8,0.7000000000000001,0.4,55.0,85.0,95.0,0.30000000000000004,0.9,0.8,0.30000000000000004,55.0,75.0,85.0,5317,4978,339,5317,0.06375775813428625,0.41154170870607504,0.5,0.8230834174121501,1724,0.34632382482924867,1.0,1
"iteration_4","SCOPE_DATA_COLLECTION",900,12,790.0,850.0,1,5362,3745,1218,5397,3726,1305,5350,3734,1195,33,27,23,0.00613041055173695,0.007178941770805637,0.018883415435139574,0.34225776686979914,0.7118094967002101,1.2192683994723943,0.6845155337395983,0.7118094967002101,0.8128455996482629,0.2958878504672897,0.4164434922335297,0.46443514644351463,100.0,100.0,4706,2251,3368,33,1,49,0.0070123246918827025,4.44247001332741E-4,0.014548693586698337,0.4,0.8,0.7000000000000001,0.4,55.0,85.0,95.0,0.30000000000000004,0.9,0.8,0.30000000000000004,55.0,75.0,85.0,3785,3490,295,3785,0.07793923381770146,0.8205599917663147,1.0,0.8205599917663147,1636,0.4687679083094556,1.0,1
"iteration_4","SCOPE_DATA_COLLECTION",900,12,790.0,850.0,2,5362,3745,1218,5397,3726,1305,5350,3734,1195,33,27,23,0.00613041055173695,0.007178941770805637,0.018883415435139574,0.34225776686979914,0.7118094967002101,1.2192683994723943,0.6845155337395983,0.7118094967002101,0.8128455996482629,0.2958878504672897,0.4164434922335297,0.46443514644351463,100.0,100.0,4706,2251,3368,33,1,49,0.0070123246918827025,4.44247001332741E-4,0.014548693586698337,0.4,0.8,0.7000000000000001,0.4,55.0,85.0,95.0,0.30000000000000004,0.9,0.8,0.30000000000000004,55.0,75.0,85.0,1292,1187,105,1292,0.08126934984520123,1.3105871870023156,1.5,0.873724791334877,577,0.4860994102780118,1.0,1
"iteration_4","SCOPE_DATA_COLLECTION",900,13,850.0,910.0,0,5317,3785,1292,5362,3745,1218,4983,3482,1194,339,295,105,0.0636978579481398,0.07810431559438707,0.08083140877598152,0.4112364493305984,0.8198700125976973,1.3149282064596537,0.8224728986611968,0.8198700125976973,0.8766188043064358,0.3463776841260285,0.4684089603676048,0.4882747068676717,100.0,100.0,4583,1771,4040,35,2,702,0.007636919048658084,0.001129305477131564,0.17376237623762375,0.30000000000000004,0.9,0.8,0.30000000000000004,55.0,75.0,85.0,0.30000000000000004,0.9,0.8,0.4,55.0,65.0,85.0,5402,4874,528,5402,0.09774157719363198,0.3921704557464909,0.5,0.7843409114929818,1543,0.31657775954041856,1.0,1
"iteration_4","SCOPE_DATA_COLLECTION",900,13,850.0,910.0,1,5317,3785,1292,5362,3745,1218,4983,3482,1194,339,295,105,0.0636978579481398,0.07810431559438707,0.08083140877598152,0.4112364493305984,0.8198700125976973,1.3149282064596537,0.8224728986611968,0.8198700125976973,0.8766188043064358,0.3463776841260285,0.4684089603676048,0.4882747068676717,100.0,100.0,4583,1771,4040,35,2,702,0.007636919048658084,0.001129305477131564,0.17376237623762375,0.30000000000000004,0.9,0.8,0.30000000000000004,55.0,75.0,85.0,0.30000000000000004,0.9,0.8,0.4,55.0,65.0,85.0,3746,3375,371,3746,0.099038974906567,0.8044303616405217,1.0,0.8044303616405217,1628,0.4823703703703704,1.0,1
"iteration_4","SCOPE_DATA_COLLECTION",900,13,850.0,910.0,2,5317,3785,1292,5362,3745,1218,4983,3482,1194,339,295,105,0.0636978579481398,0.07810431559438707,0.08083140877598152,0.4112364493305984,0.8198700125976973,1.3149282064596537,0.8224728986611968,0.8198700125976973,0.8766188043064358,0.3463776841260285,0.4684089603676048,0.4882747068676717,100.0,100.0,4583,1771,4040,35,2,702,0.007636919048658084,0.001129305477131564,0.17376237623762375,0.30000000000000004,0.9,0.8,0.30000000000000004,55.0,75.0,85.0,0.30000000000000004,0.9,0.8,0.4,55.0,65.0,85.0,1274,1140,134,1274,0.10518053375196232,1.3128160949209693,1.5,0.8752107299473129,571,0.5008771929824561,1.0,1
"iteration_4","SCOPE_DATA_COLLECTION",900,14,910.0,970.0,0,5402,3746,1274,5317,3785,1292,4890,3376,1126,528,371,134,0.09745293466223699,0.09901254336802776,0.10634920634920635,0.39291038759547325,0.8048501394298629,1.3075749159103167,0.7858207751909465,0.8048501394298629,0.8717166106068778,0.31758691206543965,0.4819312796208531,0.4991119005328597,100.0,100.0,4646,1787,3989,26,1,1006,0.005596211795092553,5.595970900951316E-4,0.25219353221358737,0.30000000000000004,0.9,0.8,0.4,55.0,65.0,85.0,0.6000000000000001,0.2,0.8,0.4,40.0,20.0,95.0,5410,5404,6,5410,0.0011090573012939,0.30157126868190764,0.5,0.6031425373638153,1349,0.24962990377498148,1.0,1
"iteration_4","SCOPE_DATA_COLLECTION",900,14,910.0,970.0,1,5402,3746,1274,5317,3785,1292,4890,3376,1126,528,371,134,0.09745293466223699,0.09901254336802776,0.10634920634920635,0.39291038759547325,0.8048501394298629,1.3075749159103167,0.7858207751909465,0.8048501394298629,0.8717166106068778,0.31758691206543965,0.4819312796208531,0.4991119005328597,100.0,100.0,4646,1787,3989,26,1,1006,0.005596211795092553,5.595970900951316E-4,0.25219353221358737,0.30000000000000004,0.9,0.8,0.4,55.0,65.0,85.0,0.6000000000000001,0.2,0.8,0.4,40.0,20.0,95.0,3819,3806,13,3819,0.0034040324692327832,0.6937574000013909,1.0,0.6937574000013909,1627,0.4274829217025749,1.0,1
"iteration_4","SCOPE_DATA_COLLECTION",900,14,910.0,970.0,2,5402,3746,1274,5317,3785,1292,4890,3376,1126,528,371,134,0.09745293466223699,0.09901254336802776,0.10634920634920635,0.39291038759547325,0.8048501394298629,1.3075749159103167,0.7858207751909465,0.8048501394298629,0.8717166106068778,0.31758691206543965,0.4819312796208531,0.4991119005328597,100.0,100.0,4646,1787,3989,26,1,1006,0.005596211795092553,5.595970900951316E-4,0.25219353221358737,0.30000000000000004,0.9,0.8,0.4,55.0,65.0,85.0,0.6000000000000001,0.2,0.8,0.4,40.0,20.0,95.0,1251,1239,12,1251,0.009592326139088728,1.1429916541181016,1.5,0.7619944360787344,536,0.43260694108151737,1.0,1
"iteration_4","SCOPE_DATA_COLLECTION",900,15,970.0,1030.0,0,5410,3819,1251,5402,3746,1274,5389,3801,1249,6,13,12,0.0011121408711770157,0.0034084950183534348,0.00951625693893735,0.3005463404355961,0.6914062004209731,1.142724972900934,0.6010926808711922,0.6914062004209731,0.7618166486006227,0.2475412878084988,0.4259405419626414,0.4323458767013611,100.0,100.0,4869,3376,2235,28,3,0,0.005750667488190594,8.886255924170616E-4,0.0,0.6000000000000001,0.2,0.8,0.4,40.0,20.0,95.0,0.9500000000000001,0.2,0.2,0.6000000000000001,35.0,90.0,35.0,5419,5413,6,5419,0.0011072153533862336,0.2981076184137337,0.5,0.5962152368274674,1257,0.23221873268058377,1.0,1
"iteration_4","SCOPE_DATA_COLLECTION",900,15,970.0,1030.0,1,5410,3819,1251,5402,3746,1274,5389,3801,1249,6,13,12,0.0011121408711770157,0.0034084950183534348,0.00951625693893735,0.3005463404355961,0.6914062004209731,1.142724972900934,0.6010926808711922,0.6914062004209731,0.7618166486006227,0.2475412878084988,0.4259405419626414,0.4323458767013611,100.0,100.0,4869,3376,2235,28,3,0,0.005750667488190594,8.886255924170616E-4,0.0,0.6000000000000001,0.2,0.8,0.4,40.0,20.0,95.0,0.9500000000000001,0.2,0.2,0.6000000000000001,35.0,90.0,35.0,3786,3772,14,3786,0.0036978341257263604,0.6719023576214125,1.0,0.6719023576214125,1586,0.42046659597030756,1.0,1
"iteration_4","SCOPE_DATA_COLLECTION",900,15,970.0,1030.0,2,5410,3819,1251,5402,3746,1274,5389,3801,1249,6,13,12,0.0011121408711770157,0.0034084950183534348,0.00951625693893735,0.3005463404355961,0.6914062004209731,1.142724972900934,0.6010926808711922,0.6914062004209731,0.7618166486006227,0.2475412878084988,0.4259405419626414,0.4323458767013611,100.0,100.0,4869,3376,2235,28,3,0,0.005750667488190594,8.886255924170616E-4,0.0,0.6000000000000001,0.2,0.8,0.4,40.0,20.0,95.0,0.9500000000000001,0.2,0.2,0.6000000000000001,35.0,90.0,35.0,1259,1248,11,1259,0.008737092930897538,1.1792851054726285,1.5,0.7861900703150857,567,0.4543269230769231,1.0,1
"iteration_4","SCOPE_DATA_COLLECTION",900,16,1030.0,1090.0,0,5419,3786,1259,5410,3819,1251,5418,3776,1249,6,14,11,0.0011061946902654867,0.0036939313984168864,0.00873015873015873,0.2996043301530605,0.6752970160491226,1.182734556976352,0.599208660306121,0.6752970160491226,0.7884897046509014,0.23477297895902546,0.421875,0.455564451561249,95.0,100.0,4757,5423,284,25,6,0,0.0052554130754677315,0.0011063986723215931,0.0,0.9500000000000001,0.2,0.2,0.6000000000000001,35.0,90.0,35.0,0.75,0.9,0.8,0.4,40.0,75.0,30.0,5361,5352,9,5361,0.0016787912702853946,0.3271293126583492,0.5,0.6542586253166984,1535,0.2868086696562033,1.0,1
"iteration_4","SCOPE_DATA_COLLECTION",900,16,1030.0,1090.0,1,5419,3786,1259,5410,3819,1251,5418,3776,1249,6,14,11,0.0011061946902654867,0.0036939313984168864,0.00873015873015873,0.2996043301530605,0.6752970160491226,1.182734556976352,0.599208660306121,0.6752970160491226,0.7884897046509014,0.23477297895902546,0.421875,0.455564451561249,95.0,100.0,4757,5423,284,25,6,0,0.0052554130754677315,0.0011063986723215931,0.0,0.9500000000000001,0.2,0.2,0.6000000000000001,35.0,90.0,35.0,0.75,0.9,0.8,0.4,40.0,75.0,30.0,3710,3692,18,3710,0.004851752021563342,0.6948894794309207,1.0,0.6948894794309207,1566,0.42416034669555797,1.0,1
"iteration_4","SCOPE_DATA_COLLECTION",900,16,1030.0,1090.0,2,5419,3786,1259,5410,3819,1251,5418,3776,1249,6,14,11,0.0011061946902654867,0.0036939313984168864,0.00873015873015873,0.2996043301530605,0.6752970160491226,1.182734556976352,0.599208660306121,0.6752970160491226,0.7884897046509014,0.23477297895902546,0.421875,0.455564451561249,95.0,100.0,4757,5423,284,25,6,0,0.0052554130754677315,0.0011063986723215931,0.0,0.9500000000000001,0.2,0.2,0.6000000000000001,35.0,90.0,35.0,0.75,0.9,0.8,0.4,40.0,75.0,30.0,1273,1255,18,1273,0.014139827179890024,1.1945958433005595,1.5,0.7963972288670397,575,0.4581673306772908,1.0,1
"iteration_4","SCOPE_DATA_COLLECTION",900,17,1090.0,1150.0,0,5361,3710,1273,5419,3786,1259,5339,3690,1263,9,18,18,0.0016828721017202693,0.0048543689320388345,0.01405152224824356,0.32563714324551074,0.694716213431125,1.198527061876338,0.6512742864910215,0.694716213431125,0.7990180412508919,0.2846975088967972,0.4254742547425474,0.4600158353127474,97.5,100.0,4717,4223,1404,40,5,0,0.00847996608013568,0.0011839924224484964,0.0,0.75,0.9,0.8,0.4,40.0,75.0,30.0,0.65,0.9,0.8,0.5,40.0,65.0,30.0,5387,5379,8,5387,0.001485056617783553,0.3290958807779828,0.5,0.6581917615559656,1621,0.3013571295779885,1.0,1
"iteration_4","SCOPE_DATA_COLLECTION",900,17,1090.0,1150.0,1,5361,3710,1273,5419,3786,1259,5339,3690,1263,9,18,18,0.0016828721017202693,0.0048543689320388345,0.01405152224824356,0.32563714324551074,0.694716213431125,1.198527061876338,0.6512742864910215,0.694716213431125,0.7990180412508919,0.2846975088967972,0.4254742547425474,0.4600158353127474,97.5,100.0,4717,4223,1404,40,5,0,0.00847996608013568,0.0011839924224484964,0.0,0.75,0.9,0.8,0.4,40.0,75.0,30.0,0.65,0.9,0.8,0.5,40.0,65.0,30.0,3884,3866,18,3884,0.004634397528321318,0.6876860280418854,1.0,0.6876860280418854,1612,0.41696844283497153,1.0,1
"iteration_4","SCOPE_DATA_COLLECTION",900,17,1090.0,1150.0,2,5361,3710,1273,5419,3786,1259,5339,3690,1263,9,18,18,0.0016828721017202693,0.0048543689320388345,0.01405152224824356,0.32563714324551074,0.694716213431125,1.198527061876338,0.6512742864910215,0.694716213431125,0.7990180412508919,0.2846975088967972,0.4254742547425474,0.4600158353127474,97.5,100.0,4717,4223,1404,40,5,0,0.00847996608013568,0.0011839924224484964,0.0,0.75,0.9,0.8,0.4,40.0,75.0,30.0,0.65,0.9,0.8,0.5,40.0,65.0,30.0,1222,1212,10,1222,0.008183306055646482,1.1753046997515497,1.5,0.7835364665010331,541,0.44636963696369636,1.0,1
"iteration_4","SCOPE_DATA_COLLECTION",900,18,1150.0,1210.0,0,5387,3884,1222,5361,3710,1273,5384,3880,1197,8,18,10,0.001483679525222552,0.004617752693689072,0.008285004142502071,0.3293938558639523,0.6874294850707848,1.1738254471808283,0.6587877117279046,0.6874294850707848,0.7825502981205522,0.3012630014858841,0.4162371134020619,0.44611528822055135,100.0,100.0,4786,3774,1933,31,5,0,0.006477225240284162,0.0013248542660307366,0.0,0.65,0.9,0.8,0.5,40.0,65.0,30.0,0.75,0.9,0.7000000000000001,0.5,50.0,65.0,40.0,5285,5274,11,5285,0.0020813623462630085,0.322359139035278,0.5,0.644718278070556,1529,0.2899127796738718,1.0,1
"iteration_4","SCOPE_DATA_COLLECTION",900,18,1150.0,1210.0,1,5387,3884,1222,5361,3710,1273,5384,3880,1197,8,18,10,0.001483679525222552,0.004617752693689072,0.008285004142502071,0.3293938558639523,0.6874294850707848,1.1738254471808283,0.6587877117279046,0.6874294850707848,0.7825502981205522,0.3012630014858841,0.4162371134020619,0.44611528822055135,100.0,100.0,4786,3774,1933,31,5,0,0.006477225240284162,0.0013248542660307366,0.0,0.65,0.9,0.8,0.5,40.0,65.0,30.0,0.75,0.9,0.7000000000000001,0.5,50.0,65.0,40.0,3797,3778,19,3797,0.005003950487226758,0.6839540361767195,1.0,0.6839540361767195,1554,0.4113287453679195,1.0,1
"iteration_4","SCOPE_DATA_COLLECTION",900,18,1150.0,1210.0,2,5387,3884,1222,5361,3710,1273,5384,3880,1197,8,18,10,0.001483679525222552,0.004617752693689072,0.008285004142502071,0.3293938558639523,0.6874294850707848,1.1738254471808283,0.6587877117279046,0.6874294850707848,0.7825502981205522,0.3012630014858841,0.4162371134020619,0.44611528822055135,100.0,100.0,4786,3774,1933,31,5,0,0.006477225240284162,0.0013248542660307366,0.0,0.65,0.9,0.8,0.5,40.0,65.0,30.0,0.75,0.9,0.7000000000000001,0.5,50.0,65.0,40.0,1268,1242,26,1268,0.02050473186119874,1.1823813894952588,1.5,0.7882542596635059,556,0.4476650563607085,1.0,1
"iteration_4","SCOPE_DATA_COLLECTION",900,19,1210.0,1270.0,0,5285,3797,1268,5387,3884,1222,5283,3757,1246,11,19,26,0.00207782395164337,0.005031779661016949,0.020440251572327043,0.32252223747071956,0.6803798032487868,1.174205685350689,0.6450444749414391,0.6803798032487868,0.7828037902337927,0.29055460912360404,0.40857066808623904,0.4446227929373997,97.5,100.0,4734,4158,1458,52,4,0,0.010984368398817067,9.62000962000962E-4,0.0,0.75,0.9,0.7000000000000001,0.5,50.0,65.0,40.0,0.65,0.9,0.6000000000000001,0.4,60.0,65.0,40.0,5406,5399,7,5406,0.0012948575656677765,0.3153282380847404,0.5,0.6306564761694808,1473,0.27282830153732174,1.0,1
"iteration_4","SCOPE_DATA_COLLECTION",900,19,1210.0,1270.0,1,5285,3797,1268,5387,3884,1222,5283,3757,1246,11,19,26,0.00207782395164337,0.005031779661016949,0.020440251572327043,0.32252223747071956,0.6803798032487868,1.174205685350689,0.6450444749414391,0.6803798032487868,0.7828037902337927,0.29055460912360404,0.40857066808623904,0.4446227929373997,97.5,100.0,4734,4158,1458,52,4,0,0.010984368398817067,9.62000962000962E-4,0.0,0.75,0.9,0.7000000000000001,0.5,50.0,65.0,40.0,0.65,0.9,0.6000000000000001,0.4,60.0,65.0,40.0,3762,3745,17,3762,0.004518872939925572,0.6853507385008996,1.0,0.6853507385008996,1559,0.4162883845126836,1.0,1
"iteration_4","SCOPE_DATA_COLLECTION",900,19,1210.0,1270.0,2,5285,3797,1268,5387,3884,1222,5283,3757,1246,11,19,26,0.00207782395164337,0.005031779661016949,0.020440251572327043,0.32252223747071956,0.6803798032487868,1.174205685350689,0.6450444749414391,0.6803798032487868,0.7828037902337927,0.29055460912360404,0.40857066808623904,0.4446227929373997,97.5,100.0,4734,4158,1458,52,4,0,0.010984368398817067,9.62000962000962E-4,0.0,0.75,0.9,0.7000000000000001,0.5,50.0,65.0,40.0,0.65,0.9,0.6000000000000001,0.4,60.0,65.0,40.0,1205,1189,16,1205,0.013278008298755186,1.154431560361977,1.5,0.769621040241318,523,0.43986543313709,1.0,1
"iteration_4","SCOPE_DATA_COLLECTION",900,20,1270.0,1330.0,0,5406,3762,1205,5285,3797,1268,5405,3761,1191,7,17,16,0.0012934220251293422,0.004499735309687666,0.013256006628003313,0.3157149025442388,0.6896272610423784,1.1607127838067324,0.6314298050884776,0.6896272610423784,0.7738085225378216,0.2730804810360777,0.4198351502260037,0.44080604534005036,100.0,100.0,4737,3665,1971,37,3,0,0.007810850749419463,8.185538881309686E-4,0.0,0.65,0.9,0.6000000000000001,0.4,60.0,65.0,40.0,0.9500000000000001,0.1,0.4,0.6000000000000001,45.0,25.0,35.0,5499,5487,12,5499,0.002182214948172395,0.2901283511477415,0.5,0.580256702295483,1126,0.20521232002915984,1.0,1
"iteration_4","SCOPE_DATA_COLLECTION",900,20,1270.0,1330.0,1,5406,3762,1205,5285,3797,1268,5405,3761,1191,7,17,16,0.0012934220251293422,0.004499735309687666,0.013256006628003313,0.3157149025442388,0.6896272610423784,1.1607127838067324,0.6314298050884776,0.6896272610423784,0.7738085225378216,0.2730804810360777,0.4198351502260037,0.44080604534005036,100.0,100.0,4737,3665,1971,37,3,0,0.007810850749419463,8.185538881309686E-4,0.0,0.65,0.9,0.6000000000000001,0.4,60.0,65.0,40.0,0.9500000000000001,0.1,0.4,0.6000000000000001,45.0,25.0,35.0,3726,3709,17,3726,0.004562533548040795,0.6761677416346593,1.0,0.6761677416346593,1547,0.4170935562146131,1.0,1
"iteration_4","SCOPE_DATA_COLLECTION",900,20,1270.0,1330.0,2,5406,3762,1205,5285,3797,1268,5405,3761,1191,7,17,16,0.0012934220251293422,0.004499735309687666,0.013256006628003313,0.3157149025442388,0.6896272610423784,1.1607127838067324,0.6314298050884776,0.6896272610423784,0.7738085225378216,0.2730804810360777,0.4198351502260037,0.44080604534005036,100.0,100.0,4737,3665,1971,37,3,0,0.007810850749419463,8.185538881309686E-4,0.0,0.65,0.9,0.6000000000000001,0.4,60.0,65.0,40.0,0.9500000000000001,0.1,0.4,0.6000000000000001,45.0,25.0,35.0,1249,1230,19,1249,0.01521216973578863,1.2445772635488723,1.5,0.8297181756992482,597,0.4853658536585366,1.0,1
"iteration_4","SCOPE_DATA_COLLECTION",900,21,1330.0,1390.0,0,5499,3726,1249,5406,3762,1205,5485,3699,1222,12,17,19,0.0021830089139530653,0.00457481162540366,0.015310233682514102,0.29065517038633454,0.6713286474421077,1.2398639403133727,0.5813103407726691,0.6713286474421077,0.8265759602089151,0.20674567000911578,0.4144363341443633,0.4844517184942717,97.5,100.0,4891,5321,262,43,5,0,0.008791658147618075,9.396729937981583E-4,0.0,0.9500000000000001,0.1,0.4,0.6000000000000001,45.0,25.0,35.0,0.75,0.30000000000000004,0.9,0.9,95.0,95.0,40.0,5432,5426,6,5432,0.0011045655375552283,0.30534046167726475,0.5,0.6106809233545295,1397,0.2574640619240693,1.0,1
"iteration_4","SCOPE_DATA_COLLECTION",900,21,1330.0,1390.0,1,5499,3726,1249,5406,3762,1205,5485,3699,1222,12,17,19,0.0021830089139530653,0.00457481162540366,0.015310233682514102,0.29065517038633454,0.6713286474421077,1.2398639403133727,0.5813103407726691,0.6713286474421077,0.8265759602089151,0.20674567000911578,0.4144363341443633,0.4844517184942717,97.5,100.0,4891,5321,262,43,5,0,0.008791658147618075,9.396729937981583E-4,0.0,0.9500000000000001,0.1,0.4,0.6000000000000001,45.0,25.0,35.0,0.75,0.30000000000000004,0.9,0.9,95.0,95.0,40.0,3859,3836,23,3859,0.005960093288416689,0.6935207429842117,1.0,0.6935207429842117,1636,0.4264859228362878,1.0,1
"iteration_4","SCOPE_DATA_COLLECTION",900,21,1330.0,1390.0,2,5499,3726,1249,5406,3762,1205,5485,3699,1222,12,17,19,0.0021830089139530653,0.00457481162540366,0.015310233682514102,0.29065517038633454,0.6713286474421077,1.2398639403133727,0.5813103407726691,0.6713286474421077,0.8265759602089151,0.20674567000911578,0.4144363341443633,0.4844517184942717,97.5,100.0,4891,5321,262,43,5,0,0.008791658147618075,9.396729937981583E-4,0.0,0.9500000000000001,0.1,0.4,0.6000000000000001,45.0,25.0,35.0,0.75,0.30000000000000004,0.9,0.9,95.0,95.0,40.0,1214,1192,22,1214,0.018121911037891267,1.1902201160371066,1.5,0.7934800773580711,540,0.45302013422818793,1.0,1
"iteration_4","SCOPE_DATA_COLLECTION",900,22,1390.0,1450.0,0,5432,3859,1214,5499,3726,1249,5417,3841,1193,6,23,22,0.0011063986723215931,0.005952380952380952,0.01810699588477366,0.30426332938571155,0.6938313644223797,1.1893052363685364,0.6085266587714231,0.6938313644223797,0.7928701575790242,0.25567657374930775,0.4254100494662848,0.4526404023470243,97.5,100.0,4907,4198,1400,46,5,0,0.009374363154676992,0.0011910433539780848,0.0,0.75,0.30000000000000004,0.9,0.9,95.0,95.0,40.0,0.2,0.7000000000000001,0.8,0.1,75.0,65.0,60.0,5455,4428,1027,5455,0.18826764436296975,0.4319505391296811,0.5,0.8639010782593622,1724,0.3893405600722674,1.0,1
"iteration_4","SCOPE_DATA_COLLECTION",900,22,1390.0,1450.0,1,5432,3859,1214,5499,3726,1249,5417,3841,1193,6,23,22,0.0011063986723215931,0.005952380952380952,0.01810699588477366,0.30426332938571155,0.6938313644223797,1.1893052363685364,0.6085266587714231,0.6938313644223797,0.7928701575790242,0.25567657374930775,0.4254100494662848,0.4526404023470243,97.5,100.0,4907,4198,1400,46,5,0,0.009374363154676992,0.0011910433539780848,0.0,0.75,0.30000000000000004,0.9,0.9,95.0,95.0,40.0,0.2,0.7000000000000001,0.8,0.1,75.0,65.0,60.0,3830,3061,769,3830,0.20078328981723237,0.8464329341208494,1.0,0.8464329341208494,1544,0.5044103234237177,1.0,1
"iteration_4","SCOPE_DATA_COLLECTION",900,22,1390.0,1450.0,2,5432,3859,1214,5499,3726,1249,5417,3841,1193,6,23,22,0.0011063986723215931,0.005952380952380952,0.01810699588477366,0.30426332938571155,0.6938313644223797,1.1893052363685364,0.6085266587714231,0.6938313644223797,0.7928701575790242,0.25567657374930775,0.4254100494662848,0.4526404023470243,97.5,100.0,4907,4198,1400,46,5,0,0.009374363154676992,0.0011910433539780848,0.0,0.75,0.30000000000000004,0.9,0.9,95.0,95.0,40.0,0.2,0.7000000000000001,0.8,0.1,75.0,65.0,60.0,1186,959,227,1186,0.19139966273187184,1.3687749344140074,1.5,0.9125166229426717,526,0.5484880083420229,1.0,1
"iteration_4","SCOPE_DATA_COLLECTION",900,23,1450.0,1510.0,0,5455,3830,1186,5432,3859,1214,4406,3055,971,1027,769,227,0.18903000184060373,0.20109832635983263,0.18948247078464106,0.43105008961183844,0.8504528059929954,1.379272197755498,0.8621001792236769,0.8504528059929954,0.9195147985036654,0.3858374943259192,0.5099836333878887,0.5520082389289392,100.0,100.0,4676,1181,4614,11,1,2011,0.002352437981180496,8.46740050804403E-4,0.43584742089293455,0.2,0.7000000000000001,0.8,0.1,75.0,65.0,60.0,0.30000000000000004,0.8,0.8,0.2,75.0,75.0,50.0,5392,4721,671,5392,0.12444362017804154,0.3861776847263748,0.5,0.7723553694527496,1581,0.33488667655157806,1.0,1
"iteration_4","SCOPE_DATA_COLLECTION",900,23,1450.0,1510.0,1,5455,3830,1186,5432,3859,1214,4406,3055,971,1027,769,227,0.18903000184060373,0.20109832635983263,0.18948247078464106,0.43105008961183844,0.8504528059929954,1.379272197755498,0.8621001792236769,0.8504528059929954,0.9195147985036654,0.3858374943259192,0.5099836333878887,0.5520082389289392,100.0,100.0,4676,1181,4614,11,1,2011,0.002352437981180496,8.46740050804403E-4,0.43584742089293455,0.2,0.7000000000000001,0.8,0.1,75.0,65.0,60.0,0.30000000000000004,0.8,0.8,0.2,75.0,75.0,50.0,3793,3317,476,3793,0.12549433166359084,0.7783091605936011,1.0,0.7783091605936011,1546,0.46608381067229426,1.0,1
"iteration_4","SCOPE_DATA_COLLECTION",900,23,1450.0,1510.0,2,5455,3830,1186,5432,3859,1214,4406,3055,971,1027,769,227,0.18903000184060373,0.20109832635983263,0.18948247078464106,0.43105008961183844,0.8504528059929954,1.379272197755498,0.8621001792236769,0.8504528059929954,0.9195147985036654,0.3858374943259192,0.5099836333878887,0.5520082389289392,100.0,100.0,4676,1181,4614,11,1,2011,0.002352437981180496,8.46740050804403E-4,0.43584742089293455,0.2,0.7000000000000001,0.8,0.1,75.0,65.0,60.0,0.30000000000000004,0.8,0.8,0.2,75.0,75.0,50.0,1332,1152,180,1332,0.13513513513513514,1.290895492441867,1.5,0.8605969949612446,579,0.5026041666666666,1.0,1
"iteration_4","SCOPE_DATA_COLLECTION",900,24,1510.0,1570.0,0,5392,3793,1332,5455,3830,1186,4727,3327,1144,671,476,180,0.1243052982586143,0.12516434393899553,0.13595166163141995,0.38597695998587156,0.7755380555314396,1.2879445153764641,0.7719539199717431,0.7755380555314396,0.8586296769176428,0.336154008885128,0.46348061316501354,0.5026223776223776,100.0,100.0,4634,1743,4140,33,1,1293,0.007121277514026759,5.737234652897303E-4,0.31231884057971016,0.30000000000000004,0.8,0.8,0.2,75.0,75.0,50.0,0.30000000000000004,0.9,0.8,0.2,75.0,65.0,50.0,5383,5010,373,5383,0.06929221623629946,0.38758258587706057,0.5,0.7751651717541211,1670,0.3333333333333333,1.0,1
"iteration_4","SCOPE_DATA_COLLECTION",900,24,1510.0,1570.0,1,5392,3793,1332,5455,3830,1186,4727,3327,1144,671,476,180,0.1243052982586143,0.12516434393899553,0.13595166163141995,0.38597695998587156,0.7755380555314396,1.2879445153764641,0.7719539199717431,0.7755380555314396,0.8586296769176428,0.336154008885128,0.46348061316501354,0.5026223776223776,100.0,100.0,4634,1743,4140,33,1,1293,0.007121277514026759,5.737234652897303E-4,0.31231884057971016,0.30000000000000004,0.8,0.8,0.2,75.0,75.0,50.0,0.30000000000000004,0.9,0.8,0.2,75.0,65.0,50.0,3693,3402,291,3693,0.07879772542648253,0.7656276376813964,1.0,0.7656276376813964,1555,0.4570840681951793,1.0,1
"iteration_4","SCOPE_DATA_COLLECTION",900,24,1510.0,1570.0,2,5392,3793,1332,5455,3830,1186,4727,3327,1144,671,476,180,0.1243052982586143,0.12516434393899553,0.13595166163141995,0.38597695998587156,0.7755380555314396,1.2879445153764641,0.7719539199717431,0.7755380555314396,0.8586296769176428,0.336154008885128,0.46348061316501354,0.5026223776223776,100.0,100.0,4634,1743,4140,33,1,1293,0.007121277514026759,5.737234652897303E-4,0.31231884057971016,0.30000000000000004,0.8,0.8,0.2,75.0,75.0,50.0,0.30000000000000004,0.9,0.8,0.2,75.0,65.0,50.0,1277,1165,112,1277,0.08770555990602975,1.2559344523277027,1.5,0.8372896348851352,568,0.4875536480686695,1.0,1
"iteration_4","SCOPE_DATA_COLLECTION",900,25,1570.0,1630.0,0,5383,3693,1277,5392,3793,1332,5020,3403,1166,373,291,112,0.06916373076209902,0.07877639415268002,0.08763693270735524,0.38844083696891124,0.7684674328130091,1.2603011399133137,0.7768816739378225,0.7684674328130091,0.8402007599422091,0.33426294820717134,0.4572436085806641,0.4888507718696398,95.0,100.0,4702,1695,3956,21,2,753,0.004466184602296895,0.0011799410029498525,0.1903437815975733,0.30000000000000004,0.9,0.8,0.2,75.0,65.0,50.0,0.30000000000000004,0.9,0.8,0.2,75.0,65.0,50.0,5382,4817,565,5382,0.10497956150130063,0.4121066597698533,0.5,0.8242133195397066,1739,0.36101307867967614,1.0,1
"iteration_4","SCOPE_DATA_COLLECTION",900,25,1570.0,1630.0,1,5383,3693,1277,5392,3793,1332,5020,3403,1166,373,291,112,0.06916373076209902,0.07877639415268002,0.08763693270735524,0.38844083696891124,0.7684674328130091,1.2603011399133137,0.7768816739378225,0.7684674328130091,0.8402007599422091,0.33426294820717134,0.4572436085806641,0.4888507718696398,95.0,100.0,4702,1695,3956,21,2,753,0.004466184602296895,0.0011799410029498525,0.1903437815975733,0.30000000000000004,0.9,0.8,0.2,75.0,65.0,50.0,0.30000000000000004,0.9,0.8,0.2,75.0,65.0,50.0,3826,3398,428,3826,0.11186617877679038,0.7953021826431039,1.0,0.7953021826431039,1541,0.4535020600353149,1.0,1
"iteration_4","SCOPE_DATA_COLLECTION",900,25,1570.0,1630.0,2,5383,3693,1277,5392,3793,1332,5020,3403,1166,373,291,112,0.06916373076209902,0.07877639415268002,0.08763693270735524,0.38844083696891124,0.7684674328130091,1.2603011399133137,0.7768816739378225,0.7684674328130091,0.8402007599422091,0.33426294820717134,0.4572436085806641,0.4888507718696398,95.0,100.0,4702,1695,3956,21,2,753,0.004466184602296895,0.0011799410029498525,0.1903437815975733,0.30000000000000004,0.9,0.8,0.2,75.0,65.0,50.0,0.30000000000000004,0.9,0.8,0.2,75.0,65.0,50.0,1301,1139,162,1301,0.1245196003074558,1.3399169942946638,1.5,0.8932779961964425,597,0.52414398595259,1.0,1
"iteration_4","SCOPE_DATA_COLLECTION",900,26,1630.0,1690.0,0,5382,3826,1301,5383,3693,1277,4829,3389,1140,565,428,162,0.10474601408972933,0.11212994498297092,0.12442396313364056,0.41201606025910237,0.7904862151659193,1.3394240239459756,0.8240321205182047,0.7904862151659193,0.8929493492973171,0.36197970594325946,0.4517556801416347,0.5236842105263158,100.0,100.0,4615,1736,4158,26,2,1127,0.005633802816901409,0.001152073732718894,0.27104377104377103,0.30000000000000004,0.9,0.8,0.2,75.0,65.0,50.0,0.30000000000000004,0.9,0.9,0.2,65.0,55.0,50.0,5498,5004,494,5498,0.08985085485631139,0.3901802197215468,0.5,0.7803604394430936,1737,0.3471223021582734,1.0,1
"iteration_4","SCOPE_DATA_COLLECTION",900,26,1630.0,1690.0,1,5382,3826,1301,5383,3693,1277,4829,3389,1140,565,428,162,0.10474601408972933,0.11212994498297092,0.12442396313364056,0.41201606025910237,0.7904862151659193,1.3394240239459756,0.8240321205182047,0.7904862151659193,0.8929493492973171,0.36197970594325946,0.4517556801416347,0.5236842105263158,100.0,100.0,4615,1736,4158,26,2,1127,0.005633802816901409,0.001152073732718894,0.27104377104377103,0.30000000000000004,0.9,0.8,0.2,75.0,65.0,50.0,0.30000000000000004,0.9,0.9,0.2,65.0,55.0,50.0,3779,3437,342,3779,0.09050013231013496,0.8083607577269393,1.0,0.8083607577269393,1629,0.4739598487052662,1.0,1
"iteration_4","SCOPE_DATA_COLLECTION",900,26,1630.0,1690.0,2,5382,3826,1301,5383,3693,1277,4829,3389,1140,565,428,162,0.10474601408972933,0.11212994498297092,0.12442396313364056,0.41201606025910237,0.7904862151659193,1.3394240239459756,0.8240321205182047,0.7904862151659193,0.8929493492973171,0.36197970594325946,0.4517556801416347,0.5236842105263158,100.0,100.0,4615,1736,4158,26,2,1127,0.005633802816901409,0.001152073732718894,0.27104377104377103,0.30000000000000004,0.9,0.8,0.2,75.0,65.0,50.0,0.30000000000000004,0.9,0.9,0.2,65.0,55.0,50.0,1300,1173,127,1300,0.09769230769230769,1.244589669717764,1.5,0.8297264464785093,557,0.47485080988917305,1.0,1
"iteration_4","SCOPE_DATA_COLLECTION",900,27,1690.0,1750.0,0,5498,3779,1300,5382,3826,1301,5000,3447,1175,494,342,127,0.08991627229705133,0.09026128266033254,0.09754224270353302,0.3908930475394562,0.8112617703457481,1.2397752629958474,0.7817860950789124,0.8112617703457481,0.8265168419972316,0.348,0.4763562518131709,0.4723404255319149,100.0,100.0,4723,1778,4076,28,2,933,0.0059284353165360995,0.0011248593925759281,0.228900883218842,0.30000000000000004,0.9,0.9,0.2,65.0,55.0,50.0,0.30000000000000004,0.9,0.9,0.2,65.0,55.0,50.0,5474,5199,275,5474,0.05023748629886737,0.37175617371805686,0.5,0.7435123474361137,1679,0.3229467205231775,1.0,1
"iteration_4","SCOPE_DATA_COLLECTION",900,27,1690.0,1750.0,1,5498,3779,1300,5382,3826,1301,5000,3447,1175,494,342,127,0.08991627229705133,0.09026128266033254,0.09754224270353302,0.3908930475394562,0.8112617703457481,1.2397752629958474,0.7817860950789124,0.8112617703457481,0.8265168419972316,0.348,0.4763562518131709,0.4723404255319149,100.0,100.0,4723,1778,4076,28,2,933,0.0059284353165360995,0.0011248593925759281,0.228900883218842,0.30000000000000004,0.9,0.9,0.2,65.0,55.0,50.0,0.30000000000000004,0.9,0.9,0.2,65.0,55.0,50.0,3689,3491,198,3689,0.05367308213608024,0.7656594005924316,1.0,0.7656594005924316,1575,0.4511601260383844,1.0,1
"iteration_4","SCOPE_DATA_COLLECTION",900,27,1690.0,1750.0,2,5498,3779,1300,5382,3826,1301,5000,3447,1175,494,342,127,0.08991627229705133,0.09026128266033254,0.09754224270353302,0.3908930475394562,0.8112617703457481,1.2397752629958474,0.7817860950789124,0.8112617703457481,0.8265168419972316,0.348,0.4763562518131709,0.4723404255319149,100.0,100.0,4723,1778,4076,28,2,933,0.0059284353165360995,0.0011248593925759281,0.228900883218842,0.30000000000000004,0.9,0.9,0.2,65.0,55.0,50.0,0.30000000000000004,0.9,0.9,0.2,65.0,55.0,50.0,1250,1178,72,1250,0.0576,1.2465187206142077,1.5,0.8310124804094717,563,0.4779286926994907,1.0,1
"iteration_4","SCOPE_DATA_COLLECTION",900,28,1750.0,1810.0,0,5474,3689,1250,5498,3779,1300,5188,3486,1176,275,198,72,0.05033864177192019,0.05374592833876222,0.057692307692307696,0.3707783042634254,0.7655813894722194,1.2472656797313928,0.7415566085268508,0.7655813894722194,0.8315104531542619,0.32035466461063994,0.4503729202524383,0.47959183673469385,100.0,100.0,4692,1768,3953,15,1,529,0.00319693094629156,5.656108597285068E-4,0.1338224133569441,0.30000000000000004,0.9,0.9,0.2,65.0,55.0,50.0,0.30000000000000004,0.9,0.9,0.1,65.0,65.0,60.0,5364,4990,374,5364,0.06972408650260999,0.3852515724332461,0.5,0.7705031448664922,1732,0.3470941883767535,1.0,1
"iteration_4","SCOPE_DATA_COLLECTION",900,28,1750.0,1810.0,1,5474,3689,1250,5498,3779,1300,5188,3486,1176,275,198,72,0.05033864177192019,0.05374592833876222,0.057692307692307696,0.3707783042634254,0.7655813894722194,1.2472656797313928,0.7415566085268508,0.7655813894722194,0.8315104531542619,0.32035466461063994,0.4503729202524383,0.47959183673469385,100.0,100.0,4692,1768,3953,15,1,529,0.00319693094629156,5.656108597285068E-4,0.1338224133569441,0.30000000000000004,0.9,0.9,0.2,65.0,55.0,50.0,0.30000000000000004,0.9,0.9,0.1,65.0,65.0,60.0,3746,3469,277,3746,0.07394554191137213,0.7618027980942662,1.0,0.7618027980942662,1533,0.4419140962813491,1.0,1
"iteration_4","SCOPE_DATA_COLLECTION",900,28,1750.0,1810.0,2,5474,3689,1250,5498,3779,1300,5188,3486,1176,275,198,72,0.05033864177192019,0.05374592833876222,0.057692307692307696,0.3707783042634254,0.7655813894722194,1.2472656797313928,0.7415566085268508,0.7655813894722194,0.8315104531542619,0.32035466461063994,0.4503729202524383,0.47959183673469385,100.0,100.0,4692,1768,3953,15,1,529,0.00319693094629156,5.656108597285068E-4,0.1338224133569441,0.30000000000000004,0.9,0.9,0.2,65.0,55.0,50.0,0.30000000000000004,0.9,0.9,0.1,65.0,65.0,60.0,1274,1173,101,1274,0.07927786499215071,1.2704807724773814,1.5,0.8469871816515876,578,0.4927536231884058,1.0,1
"iteration_4","SCOPE_DATA_COLLECTION",900,29,1810.0,1870.0,0,5364,3746,1274,5474,3689,1250,4999,3451,1173,374,277,101,0.06960729573794901,0.07430257510729614,0.07927786499215071,0.3856461927966412,0.7606525390331621,1.2746695816097504,0.7712923855932824,0.7606525390331621,0.8497797210731669,0.34846969393878774,0.4407418139669661,0.4936061381074169,97.5,100.0,4684,1710,3990,14,2,736,0.0029888983774551663,0.0011695906432748538,0.18446115288220552,0.30000000000000004,0.9,0.9,0.1,65.0,65.0,60.0,0.30000000000000004,0.9,0.9,0.2,55.0,65.0,70.0,5512,4760,752,5512,0.13642960812772134,0.4142262989573709,0.5,0.8284525979147418,1765,0.3707983193277311,1.0,1
"iteration_4","SCOPE_DATA_COLLECTION",900,29,1810.0,1870.0,1,5364,3746,1274,5474,3689,1250,4999,3451,1173,374,277,101,0.06960729573794901,0.07430257510729614,0.07927786499215071,0.3856461927966412,0.7606525390331621,1.2746695816097504,0.7712923855932824,0.7606525390331621,0.8497797210731669,0.34846969393878774,0.4407418139669661,0.4936061381074169,97.5,100.0,4684,1710,3990,14,2,736,0.0029888983774551663,0.0011695906432748538,0.18446115288220552,0.30000000000000004,0.9,0.9,0.1,65.0,65.0,60.0,0.30000000000000004,0.9,0.9,0.2,55.0,65.0,70.0,3839,3261,578,3839,0.15056004167752018,0.8024808205020922,1.0,0.8024808205020922,1573,0.4823673719717878,1.0,1
"iteration_4","SCOPE_DATA_COLLECTION",900,29,1810.0,1870.0,2,5364,3746,1274,5474,3689,1250,4999,3451,1173,374,277,101,0.06960729573794901,0.07430257510729614,0.07927786499215071,0.3856461927966412,0.7606525390331621,1.2746695816097504,0.7712923855932824,0.7606525390331621,0.8497797210731669,0.34846969393878774,0.4407418139669661,0.4936061381074169,97.5,100.0,4684,1710,3990,14,2,736,0.0029888983774551663,0.0011695906432748538,0.18446115288220552,0.30000000000000004,0.9,0.9,0.1,65.0,65.0,60.0,0.30000000000000004,0.9,0.9,0.2,55.0,65.0,70.0,1299,1097,202,1299,0.15550423402617397,1.3265798630204844,1.5,0.8843865753469896,569,0.5186873290793071,1.0,1
"iteration_4","SCOPE_DATA_COLLECTION",900,30,1870.0,1930.0,0,5512,3839,1299,5364,3746,1274,4744,3290,1099,752,578,202,0.13682678311499272,0.14943123061013444,0.15526518063028438,0.4141541416233355,0.8055342484471134,1.3181364619704221,0.828308283246671,0.8055342484471134,0.8787576413136148,0.37036256323777406,0.4857142857142857,0.5150136487716106,97.5,100.0,4718,1734,4198,27,0,1505,0.0057227638830012716,0.0,0.3585040495474035,0.30000000000000004,0.9,0.9,0.2,55.0,65.0,70.0,0.2,0.8,0.9,0.1,45.0,55.0,80.0,5420,4402,1018,5420,0.1878228782287823,0.4628478939690428,0.5,0.9256957879380856,1718,0.3902771467514766,1.0,1
"iteration_4","SCOPE_DATA_COLLECTION",900,30,1870.0,1930.0,1,5512,3839,1299,5364,3746,1274,4744,3290,1099,752,578,202,0.13682678311499272,0.14943123061013444,0.15526518063028438,0.4141541416233355,0.8055342484471134,1.3181364619704221,0.828308283246671,0.8055342484471134,0.8787576413136148,0.37036256323777406,0.4857142857142857,0.5150136487716106,97.5,100.0,4718,1734,4198,27,0,1505,0.0057227638830012716,0.0,0.3585040495474035,0.30000000000000004,0.9,0.9,0.2,55.0,65.0,70.0,0.2,0.8,0.9,0.1,45.0,55.0,80.0,3752,2982,770,3752,0.20522388059701493,0.9000456055739272,1.0,0.9000456055739272,1559,0.52280348759222,1.0,1
"iteration_4","SCOPE_DATA_COLLECTION",900,30,1870.0,1930.0,2,5512,3839,1299,5364,3746,1274,4744,3290,1099,752,578,202,0.13682678311499272,0.14943123061013444,0.15526518063028438,0.4141541416233355,0.8055342484471134,1.3181364619704221,0.828308283246671,0.8055342484471134,0.8787576413136148,0.37036256323777406,0.4857142857142857,0.5150136487716106,97.5,100.0,4718,1734,4198,27,0,1505,0.0057227638830012716,0.0,0.3585040495474035,0.30000000000000004,0.9,0.9,0.2,55.0,65.0,70.0,0.2,0.8,0.9,0.1,45.0,55.0,80.0,1293,1020,273,1293,0.2111368909512761,1.4440061827361077,1.5,0.9626707884907385,574,0.5627450980392157,1.0,1
"iteration_4","SCOPE_DATA_COLLECTION",900,31,1930.0,1990.0,0,5420,3752,1293,5512,3839,1299,4388,2943,1018,1018,770,273,0.18830928597854235,0.20737947751144628,0.2114639814097599,0.4285900994903336,0.8450265064896173,1.3954454348724552,0.8571801989806672,0.8450265064896173,0.9302969565816368,0.3862807657247037,0.5134216785592932,0.5599214145383105,100.0,100.0,4695,1149,4621,17,2,2042,0.00362087326943557,0.0017406440382941688,0.4418956935728197,0.2,0.8,0.9,0.1,45.0,55.0,80.0,0.2,0.8,0.9,0.1,45.0,55.0,80.0,5413,4130,1283,5413,0.2370219841123222,0.4289332226423042,0.5,0.8578664452846084,1556,0.37675544794188864,1.0,1
"iteration_4","SCOPE_DATA_COLLECTION",900,31,1930.0,1990.0,1,5420,3752,1293,5512,3839,1299,4388,2943,1018,1018,770,273,0.18830928597854235,0.20737947751144628,0.2114639814097599,0.4285900994903336,0.8450265064896173,1.3954454348724552,0.8571801989806672,0.8450265064896173,0.9302969565816368,0.3862807657247037,0.5134216785592932,0.5599214145383105,100.0,100.0,4695,1149,4621,17,2,2042,0.00362087326943557,0.0017406440382941688,0.4418956935728197,0.2,0.8,0.9,0.1,45.0,55.0,80.0,0.2,0.8,0.9,0.1,45.0,55.0,80.0,3713,2814,899,3713,0.24212227309453271,0.8631262531778237,1.0,0.8631262531778237,1475,0.5241648898365316,1.0,1
"iteration_4","SCOPE_DATA_COLLECTION",900,31,1930.0,1990.0,2,5420,3752,1293,5512,3839,1299,4388,2943,1018,1018,770,273,0.18830928597854235,0.20737947751144628,0.2114639814097599,0.4285900994903336,0.8450265064896173,1.3954454348724552,0.8571801989806672,0.8450265064896173,0.9302969565816368,0.3862807657247037,0.5134216785592932,0.5599214145383105,100.0,100.0,4695,1149,4621,17,2,2042,0.00362087326943557,0.0017406440382941688,0.4418956935728197,0.2,0.8,0.9,0.1,45.0,55.0,80.0,0.2,0.8,0.9,0.1,45.0,55.0,80.0,1289,990,299,1289,0.23196276183087663,1.4461072479657202,1.5,0.9640714986438135,586,0.591919191919192,1.0,1
"iteration_4","SCOPE_DATA_COLLECTION",900,32,1990.0,2050.0,0,5413,3713,1289,5420,3752,1293,4157,2839,991,1283,899,299,0.2358455882352941,0.24050294275013376,0.2317829457364341,0.4662100540901798,0.9198493613310802,1.5049042646642234,0.9324201081803596,0.9198493613310802,1.003269509776149,0.3836901611739235,0.5315251849242691,0.5993945509586277,95.0,100.0,4508,1174,4733,7,1,2473,0.0015527950310559005,8.517887563884157E-4,0.5225015846186352,0.2,0.8,0.9,0.1,45.0,55.0,80.0,0.45,0.8,0.8,0.1,45.0,75.0,80.0,5318,5272,46,5318,0.008649868371568259,0.32759188777005616,0.5,0.6551837755401123,1468,0.27845220030349016,1.0,1
"iteration_4","SCOPE_DATA_COLLECTION",900,32,1990.0,2050.0,1,5413,3713,1289,5420,3752,1293,4157,2839,991,1283,899,299,0.2358455882352941,0.24050294275013376,0.2317829457364341,0.4662100540901798,0.9198493613310802,1.5049042646642234,0.9324201081803596,0.9198493613310802,1.003269509776149,0.3836901611739235,0.5315251849242691,0.5993945509586277,95.0,100.0,4508,1174,4733,7,1,2473,0.0015527950310559005,8.517887563884157E-4,0.5225015846186352,0.2,0.8,0.9,0.1,45.0,55.0,80.0,0.45,0.8,0.8,0.1,45.0,75.0,80.0,3830,3791,39,3830,0.010182767624020888,0.6859989581568224,1.0,0.6859989581568224,1528,0.40305987865998416,1.0,1
"iteration_4","SCOPE_DATA_COLLECTION",900,32,1990.0,2050.0,2,5413,3713,1289,5420,3752,1293,4157,2839,991,1283,899,299,0.2358455882352941,0.24050294275013376,0.2317829457364341,0.4662100540901798,0.9198493613310802,1.5049042646642234,0.9324201081803596,0.9198493613310802,1.003269509776149,0.3836901611739235,0.5315251849242691,0.5993945509586277,95.0,100.0,4508,1174,4733,7,1,2473,0.0015527950310559005,8.517887563884157E-4,0.5225015846186352,0.2,0.8,0.9,0.1,45.0,55.0,80.0,0.45,0.8,0.8,0.1,45.0,75.0,80.0,1216,1201,15,1216,0.012335526315789474,1.1562931747796754,1.5,0.7708621165197836,547,0.45545378850957535,1.0,1
"iteration_4","SCOPE_DATA_COLLECTION",900,33,2050.0,2110.0,0,5318,3830,1216,5413,3713,1289,5284,3803,1194,46,39,15,0.008630393996247656,0.01015096304008329,0.01240694789081886,0.3270453872367579,0.6859036636054844,1.1466314821076713,0.6540907744735158,0.6859036636054844,0.7644209880717808,0.2780090840272521,0.4036287141730213,0.44974874371859297,97.5,100.0,4619,2565,3180,25,0,75,0.0054124269322364145,0.0,0.02358490566037736,0.45,0.8,0.8,0.1,45.0,75.0,80.0,0.35000000000000003,0.8,0.9,0.1,55.0,85.0,80.0,5397,5187,210,5397,0.038910505836575876,0.361015531748873,0.5,0.722031063497746,1596,0.3076923076923077,1.0,1
"iteration_4","SCOPE_DATA_COLLECTION",900,33,2050.0,2110.0,1,5318,3830,1216,5413,3713,1289,5284,3803,1194,46,39,15,0.008630393996247656,0.01015096304008329,0.01240694789081886,0.3270453872367579,0.6859036636054844,1.1466314821076713,0.6540907744735158,0.6859036636054844,0.7644209880717808,0.2780090840272521,0.4036287141730213,0.44974874371859297,97.5,100.0,4619,2565,3180,25,0,75,0.0054124269322364145,0.0,0.02358490566037736,0.45,0.8,0.8,0.1,45.0,75.0,80.0,0.35000000000000003,0.8,0.9,0.1,55.0,85.0,80.0,3777,3608,169,3777,0.04474450622186921,0.7445526262323389,1.0,0.7445526262323389,1568,0.43458980044345896,1.0,1
"iteration_4","SCOPE_DATA_COLLECTION",900,33,2050.0,2110.0,2,5318,3830,1216,5413,3713,1289,5284,3803,1194,46,39,15,0.008630393996247656,0.01015096304008329,0.01240694789081886,0.3270453872367579,0.6859036636054844,1.1466314821076713,0.6540907744735158,0.6859036636054844,0.7644209880717808,0.2780090840272521,0.4036287141730213,0.44974874371859297,97.5,100.0,4619,2565,3180,25,0,75,0.0054124269322364145,0.0,0.02358490566037736,0.45,0.8,0.8,0.1,45.0,75.0,80.0,0.35000000000000003,0.8,0.9,0.1,55.0,85.0,80.0,1249,1198,51,1249,0.04083266613290633,1.1956270800415436,1.5,0.7970847200276957,552,0.4607679465776294,1.0,1
"iteration_4","SCOPE_DATA_COLLECTION",900,34,2110.0,2170.0,0,5397,3777,1249,5318,3830,1216,5166,3599,1210,210,169,51,0.0390625,0.04485138004246284,0.040444091990483745,0.3603362398862651,0.7431805767104434,1.2077545537409151,0.7206724797725302,0.7431805767104434,0.8051697024939434,0.3060394889663182,0.4331758821894971,0.4669421487603306,95.0,100.0,4642,2077,3704,17,2,411,0.0036622145626884965,9.629272989889263E-4,0.11096112311015119,0.35000000000000003,0.8,0.9,0.1,55.0,85.0,80.0,0.25,0.7000000000000001,0.9,0.1,55.0,85.0,70.0,5464,4744,720,5464,0.13177159590043924,0.42487155310712943,0.5,0.8497431062142589,1642,0.34612141652613826,1.0,1
"iteration_4","SCOPE_DATA_COLLECTION",900,34,2110.0,2170.0,1,5397,3777,1249,5318,3830,1216,5166,3599,1210,210,169,51,0.0390625,0.04485138004246284,0.040444091990483745,0.3603362398862651,0.7431805767104434,1.2077545537409151,0.7206724797725302,0.7431805767104434,0.8051697024939434,0.3060394889663182,0.4331758821894971,0.4669421487603306,95.0,100.0,4642,2077,3704,17,2,411,0.0036622145626884965,9.629272989889263E-4,0.11096112311015119,0.35000000000000003,0.8,0.9,0.1,55.0,85.0,80.0,0.25,0.7000000000000001,0.9,0.1,55.0,85.0,70.0,3765,3247,518,3765,0.13758300132802126,0.8263612288005803,1.0,0.8263612288005803,1581,0.4869109947643979,1.0,1
"iteration_4","SCOPE_DATA_COLLECTION",900,34,2110.0,2170.0,2,5397,3777,1249,5318,3830,1216,5166,3599,1210,210,169,51,0.0390625,0.04485138004246284,0.040444091990483745,0.3603362398862651,0.7431805767104434,1.2077545537409151,0.7206724797725302,0.7431805767104434,0.8051697024939434,0.3060394889663182,0.4331758821894971,0.4669421487603306,95.0,100.0,4642,2077,3704,17,2,411,0.0036622145626884965,9.629272989889263E-4,0.11096112311015119,0.35000000000000003,0.8,0.9,0.1,55.0,85.0,80.0,0.25,0.7000000000000001,0.9,0.1,55.0,85.0,70.0,1245,1069,176,1245,0.14136546184738955,1.3257231241191387,1.5,0.8838154160794258,566,0.529466791393826,1.0,1
"iteration_4","SCOPE_DATA_COLLECTION",900,35,2170.0,2230.0,0,5464,3765,1245,5397,3777,1249,4750,3231,1073,710,510,169,0.13003663003663005,0.136327185244587,0.1360708534621578,0.41590370028467893,0.8081803692428352,1.321785378377536,0.8318074005693579,0.8081803692428352,0.8811902522516907,0.3450526315789474,0.4840606623336428,0.527493010251631,100.0,100.0,4592,1495,4387,7,0,1382,0.001524390243902439,0.0,0.3150216548894461,0.25,0.7000000000000001,0.9,0.1,55.0,85.0,70.0,0.15000000000000002,0.7000000000000001,0.9,0.1,45.0,85.0,80.0,5525,3887,1638,5525,0.2964705882352941,0.4380464750424725,0.5,0.876092950084945,1529,0.3933624903524569,1.0,1
"iteration_4","SCOPE_DATA_COLLECTION",900,35,2170.0,2230.0,1,5464,3765,1245,5397,3777,1249,4750,3231,1073,710,510,169,0.13003663003663005,0.136327185244587,0.1360708534621578,0.41590370028467893,0.8081803692428352,1.321785378377536,0.8318074005693579,0.8081803692428352,0.8811902522516907,0.3450526315789474,0.4840606623336428,0.527493010251631,100.0,100.0,4592,1495,4387,7,0,1382,0.001524390243902439,0.0,0.3150216548894461,0.25,0.7000000000000001,0.9,0.1,55.0,85.0,70.0,0.15000000000000002,0.7000000000000001,0.9,0.1,45.0,85.0,80.0,3779,2641,1138,3779,0.3011378671606245,0.918819087452002,1.0,0.918819087452002,1548,0.5861416130253692,1.0,1
"iteration_4","SCOPE_DATA_COLLECTION",900,35,2170.0,2230.0,2,5464,3765,1245,5397,3777,1249,4750,3231,1073,710,510,169,0.13003663003663005,0.136327185244587,0.1360708534621578,0.41590370028467893,0.8081803692428352,1.321785378377536,0.8318074005693579,0.8081803692428352,0.8811902522516907,0.3450526315789474,0.4840606623336428,0.527493010251631,100.0,100.0,4592,1495,4387,7,0,1382,0.001524390243902439,0.0,0.3150216548894461,0.25,0.7000000000000001,0.9,0.1,55.0,85.0,70.0,0.15000000000000002,0.7000000000000001,0.9,0.1,45.0,85.0,80.0,1213,839,374,1213,0.3083264633140973,1.5204899900988247,1.5,1.0136599933992165,533,0.635280095351609,1.0,1
"iteration_4","SCOPE_DATA_COLLECTION",900,36,2230.0,2290.0,0,5525,3779,1213,5464,3765,1245,3895,2672,835,1648,1145,381,0.2973119249503879,0.29997380141472363,0.31332236842105265,0.4492616521520443,0.9413614412965293,1.5184133329700378,0.8985233043040886,0.9413614412965293,1.0122755553133584,0.3956354300385109,0.5894461077844312,0.6335329341317365,100.0,100.0,4707,842,4968,7,0,3167,0.0014871468026343743,0.0,0.6374798711755234,0.15000000000000002,0.7000000000000001,0.9,0.1,45.0,85.0,80.0,0.05,0.7000000000000001,0.9,0.1,35.0,75.0,70.0,5461,3221,2240,5461,0.41018128547885,0.5746215025053998,0.5,1.1492430050107996,1833,0.5690779261099037,1.0,1
"iteration_4","SCOPE_DATA_COLLECTION",900,36,2230.0,2290.0,1,5525,3779,1213,5464,3765,1245,3895,2672,835,1648,1145,381,0.2973119249503879,0.29997380141472363,0.31332236842105265,0.4492616521520443,0.9413614412965293,1.5184133329700378,0.8985233043040886,0.9413614412965293,1.0122755553133584,0.3956354300385109,0.5894461077844312,0.6335329341317365,100.0,100.0,4707,842,4968,7,0,3167,0.0014871468026343743,0.0,0.6374798711755234,0.15000000000000002,0.7000000000000001,0.9,0.1,45.0,85.0,80.0,0.05,0.7000000000000001,0.9,0.1,35.0,75.0,70.0,3780,2193,1587,3780,0.41984126984126985,1.127300696125618,1.0,1.127300696125618,1663,0.7583219334245326,1.0,1
"iteration_4","SCOPE_DATA_COLLECTION",900,36,2230.0,2290.0,2,5525,3779,1213,5464,3765,1245,3895,2672,835,1648,1145,381,0.2973119249503879,0.29997380141472363,0.31332236842105265,0.4492616521520443,0.9413614412965293,1.5184133329700378,0.8985233043040886,0.9413614412965293,1.0122755553133584,0.3956354300385109,0.5894461077844312,0.6335329341317365,100.0,100.0,4707,842,4968,7,0,3167,0.0014871468026343743,0.0,0.6374798711755234,0.15000000000000002,0.7000000000000001,0.9,0.1,45.0,85.0,80.0,0.05,0.7000000000000001,0.9,0.1,35.0,75.0,70.0,1252,716,536,1252,0.4281150159744409,1.8279942734751577,1.5,1.2186628489834386,572,0.7988826815642458,1.0,1
"iteration_4","SCOPE_DATA_COLLECTION",900,37,2290.0,2350.0,0,5461,3780,1252,5525,3779,1213,3212,2177,713,2240,1588,536,0.41085840058694056,0.42177954847277555,0.4291433146517214,0.5759846399419771,1.1315429243034332,1.8292655429220626,1.1519692798839543,1.1315429243034332,1.2195103619480416,0.5712951432129514,0.7629765732659624,0.8008415147265077,97.5,100.0,4666,300,5527,19,0,4345,0.0040720102871838835,0.0,0.786140763524516,0.05,0.7000000000000001,0.9,0.1,35.0,75.0,70.0,0.05,0.8,0.8,0.1,45.0,85.0,60.0,5381,3423,1958,5381,0.36387288608065416,0.5342385733640752,0.5,1.0684771467281504,1717,0.5016067776803973,1.0,1
"iteration_4","SCOPE_DATA_COLLECTION",900,37,2290.0,2350.0,1,5461,3780,1252,5525,3779,1213,3212,2177,713,2240,1588,536,0.41085840058694056,0.42177954847277555,0.4291433146517214,0.5759846399419771,1.1315429243034332,1.8292655429220626,1.1519692798839543,1.1315429243034332,1.2195103619480416,0.5712951432129514,0.7629765732659624,0.8008415147265077,97.5,100.0,4666,300,5527,19,0,4345,0.0040720102871838835,0.0,0.786140763524516,0.05,0.7000000000000001,0.9,0.1,35.0,75.0,70.0,0.05,0.8,0.8,0.1,45.0,85.0,60.0,3692,2331,1361,3692,0.36863488624052004,1.0535386180580533,1.0,1.0535386180580533,1569,0.6731016731016731,1.0,1
"iteration_4","SCOPE_DATA_COLLECTION",900,37,2290.0,2350.0,2,5461,3780,1252,5525,3779,1213,3212,2177,713,2240,1588,536,0.41085840058694056,0.42177954847277555,0.4291433146517214,0.5759846399419771,1.1315429243034332,1.8292655429220626,1.1519692798839543,1.1315429243034332,1.2195103619480416,0.5712951432129514,0.7629765732659624,0.8008415147265077,97.5,100.0,4666,300,5527,19,0,4345,0.0040720102871838835,0.0,0.786140763524516,0.05,0.7000000000000001,0.9,0.1,35.0,75.0,70.0,0.05,0.8,0.8,0.1,45.0,85.0,60.0,1210,739,471,1210,0.38925619834710745,1.7156412712216393,1.5,1.143760847481093,549,0.7428958051420839,1.0,1
"iteration_4","SCOPE_DATA_COLLECTION",900,38,2350.0,2410.0,0,5381,3692,1210,5461,3780,1252,3429,2346,741,1958,1361,471,0.3634676072025246,0.3671432425141624,0.3886138613861386,0.532624202426969,1.049177946692489,1.7122041541714368,1.065248404853938,1.049177946692489,1.1414694361142912,0.4978127734033246,0.6683716965046889,0.7395411605937922,100.0,100.0,4693,298,5292,17,0,3773,0.0036224163647986364,0.0,0.7129629629629629,0.05,0.8,0.8,0.1,45.0,85.0,60.0,0.35000000000000003,0.8,0.7000000000000001,0.8,75.0,80.0,80.0,5389,5042,347,5389,0.06439042493969196,0.37495472032196325,0.5,0.7499094406439265,1603,0.317929393097977,1.0,1
"iteration_4","SCOPE_DATA_COLLECTION",900,38,2350.0,2410.0,1,5381,3692,1210,5461,3780,1252,3429,2346,741,1958,1361,471,0.3634676072025246,0.3671432425141624,0.3886138613861386,0.532624202426969,1.049177946692489,1.7122041541714368,1.065248404853938,1.049177946692489,1.1414694361142912,0.4978127734033246,0.6683716965046889,0.7395411605937922,100.0,100.0,4693,298,5292,17,0,3773,0.0036224163647986364,0.0,0.7129629629629629,0.05,0.8,0.8,0.1,45.0,85.0,60.0,0.35000000000000003,0.8,0.7000000000000001,0.8,75.0,80.0,80.0,3881,3593,288,3881,0.07420767843339346,0.7731447944994099,1.0,0.7731447944994099,1626,0.4525466184247147,1.0,1
"iteration_4","SCOPE_DATA_COLLECTION",900,38,2350.0,2410.0,2,5381,3692,1210,5461,3780,1252,3429,2346,741,1958,1361,471,0.3634676072025246,0.3671432425141624,0.3886138613861386,0.532624202426969,1.049177946692489,1.7122041541714368,1.065248404853938,1.049177946692489,1.1414694361142912,0.4978127734033246,0.6683716965046889,0.7395411605937922,100.0,100.0,4693,298,5292,17,0,3773,0.0036224163647986364,0.0,0.7129629629629629,0.05,0.8,0.8,0.1,45.0,85.0,60.0,0.35000000000000003,0.8,0.7000000000000001,0.8,75.0,80.0,80.0,1197,1105,92,1197,0.07685881370091896,1.3084332161361327,1.5,0.8722888107574218,542,0.49049773755656106,1.0,1
"iteration_4","SCOPE_DATA_COLLECTION",900,39,2410.0,2470.0,0,5389,3881,1197,5381,3692,1210,5051,3586,1105,347,288,92,0.06428306780288996,0.0743417656169334,0.07685881370091896,0.3760863338741645,0.7746168572952323,1.309249552901879,0.752172667748329,0.7746168572952323,0.8728330352679193,0.31973866561077013,0.4531511433351924,0.49230769230769234,97.5,100.0,4794,1975,3698,42,1,684,0.008760951188986232,5.063291139240507E-4,0.18496484586262846,0.35000000000000003,0.8,0.7000000000000001,0.8,75.0,80.0,80.0,0.35000000000000003,0.8,0.7000000000000001,0.8,75.0,80.0,80.0,5364,5149,215,5364,0.04008202833706189,0.3545282552752053,0.5,0.7090565105504106,1560,0.30297145076713927,1.0,1
"iteration_4","SCOPE_DATA_COLLECTION",900,39,2410.0,2470.0,1,5389,3881,1197,5381,3692,1210,5051,3586,1105,347,288,92,0.06428306780288996,0.0743417656169334,0.07685881370091896,0.3760863338741645,0.7746168572952323,1.309249552901879,0.752172667748329,0.7746168572952323,0.8728330352679193,0.31973866561077013,0.4531511433351924,0.49230769230769234,97.5,100.0,4794,1975,3698,42,1,684,0.008760951188986232,5.063291139240507E-4,0.18496484586262846,0.35000000000000003,0.8,0.7000000000000001,0.8,75.0,80.0,80.0,0.35000000000000003,0.8,0.7000000000000001,0.8,75.0,80.0,80.0,3759,3600,159,3759,0.04229848363926576,0.7302784202835215,1.0,0.7302784202835215,1576,0.43777777777777777,1.0,1
"iteration_4","SCOPE_DATA_COLLECTION",900,39,2410.0,2470.0,2,5389,3881,1197,5381,3692,1210,5051,3586,1105,347,288,92,0.06428306780288996,0.0743417656169334,0.07685881370091896,0.3760863338741645,0.7746168572952323,1.309249552901879,0.752172667748329,0.7746168572952323,0.8728330352679193,0.31973866561077013,0.4531511433351924,0.49230769230769234,97.5,100.0,4794,1975,3698,42,1,684,0.008760951188986232,5.063291139240507E-4,0.18496484586262846,0.35000000000000003,0.8,0.7000000000000001,0.8,75.0,80.0,80.0,0.35000000000000003,0.8,0.7000000000000001,0.8,75.0,80.0,80.0,1288,1212,76,1288,0.059006211180124224,1.2353678349820358,1.5,0.8235785566546906,563,0.4645214521452145,1.0,1
"iteration_4","SCOPE_DATA_COLLECTION",900,40,2470.0,2530.0,0,5364,3759,1288,5389,3881,1197,5137,3594,1209,215,159,76,0.04017189835575486,0.042366107114308556,0.05914396887159533,0.3545558929095014,0.7314249649795708,1.240491894053794,0.7091117858190028,0.7314249649795708,0.8269945960358626,0.30212186100837063,0.43850862548692265,0.4665012406947891,97.5,100.0,4737,2036,3638,43,0,407,0.00907747519527127,0.0,0.11187465640461793,0.35000000000000003,0.8,0.7000000000000001,0.8,75.0,80.0,80.0,0.25,0.9,0.7000000000000001,0.8,75.0,70.0,90.0,5348,4586,762,5348,0.1424831712789828,0.4164093823235453,0.5,0.8328187646470906,1692,0.3689489751417357,1.0,1
"iteration_4","SCOPE_DATA_COLLECTION",900,40,2470.0,2530.0,1,5364,3759,1288,5389,3881,1197,5137,3594,1209,215,159,76,0.04017189835575486,0.042366107114308556,0.05914396887159533,0.3545558929095014,0.7314249649795708,1.240491894053794,0.7091117858190028,0.7314249649795708,0.8269945960358626,0.30212186100837063,0.43850862548692265,0.4665012406947891,97.5,100.0,4737,2036,3638,43,0,407,0.00907747519527127,0.0,0.11187465640461793,0.35000000000000003,0.8,0.7000000000000001,0.8,75.0,80.0,80.0,0.25,0.9,0.7000000000000001,0.8,75.0,70.0,90.0,3852,3263,589,3852,0.15290758047767394,0.8350570860399062,1.0,0.8350570860399062,1619,0.49616916947594236,1.0,1
"iteration_4","SCOPE_DATA_COLLECTION",900,40,2470.0,2530.0,2,5364,3759,1288,5389,3881,1197,5137,3594,1209,215,159,76,0.04017189835575486,0.042366107114308556,0.05914396887159533,0.3545558929095014,0.7314249649795708,1.240491894053794,0.7091117858190028,0.7314249649795708,0.8269945960358626,0.30212186100837063,0.43850862548692265,0.4665012406947891,97.5,100.0,4737,2036,3638,43,0,407,0.00907747519527127,0.0,0.11187465640461793,0.35000000000000003,0.8,0.7000000000000001,0.8,75.0,80.0,80.0,0.25,0.9,0.7000000000000001,0.8,75.0,70.0,90.0,1358,1091,267,1358,0.19661266568483063,1.406223603573177,1.5,0.937482402382118,577,0.5288725939505041,1.0,1
"iteration_4","SCOPE_DATA_COLLECTION",900,41,2530.0,2590.0,0,5348,3852,1358,5364,3759,1288,4584,3265,1090,758,576,263,0.14189442156495694,0.14996094766987764,0.1943828529194383,0.41408962000795396,0.8304812737107281,1.39421021338149,0.8281792400159079,0.8304812737107281,0.92947347558766,0.3669284467713787,0.4940275650842266,0.5238532110091743,100.0,100.0,4732,1450,4376,44,0,1553,0.009298393913778529,0.0,0.35489031078610606,0.25,0.9,0.7000000000000001,0.8,75.0,70.0,90.0,0.15000000000000002,0.8,0.6000000000000001,0.8,85.0,80.0,95.0,5358,3881,1477,5358,0.27566256065696154,0.5120387402974904,0.5,1.0240774805949808,1736,0.44730739500128835,1.0,1
"iteration_4","SCOPE_DATA_COLLECTION",900,41,2530.0,2590.0,1,5348,3852,1358,5364,3759,1288,4584,3265,1090,758,576,263,0.14189442156495694,0.14996094766987764,0.1943828529194383,0.41408962000795396,0.8304812737107281,1.39421021338149,0.8281792400159079,0.8304812737107281,0.92947347558766,0.3669284467713787,0.4940275650842266,0.5238532110091743,100.0,100.0,4732,1450,4376,44,0,1553,0.009298393913778529,0.0,0.35489031078610606,0.25,0.9,0.7000000000000001,0.8,75.0,70.0,90.0,0.15000000000000002,0.8,0.6000000000000001,0.8,85.0,80.0,95.0,3731,2646,1085,3731,0.29080675422138835,0.9691669080316475,1.0,0.9691669080316475,1599,0.6043083900226758,1.0,1
"iteration_4","SCOPE_DATA_COLLECTION",900,41,2530.0,2590.0,2,5348,3852,1358,5364,3759,1288,4584,3265,1090,758,576,263,0.14189442156495694,0.14996094766987764,0.1943828529194383,0.41408962000795396,0.8304812737107281,1.39421021338149,0.8281792400159079,0.8304812737107281,0.92947347558766,0.3669284467713787,0.4940275650842266,0.5238532110091743,100.0,100.0,4732,1450,4376,44,0,1553,0.009298393913778529,0.0,0.35489031078610606,0.25,0.9,0.7000000000000001,0.8,75.0,70.0,90.0,0.15000000000000002,0.8,0.6000000000000001,0.8,85.0,80.0,95.0,1299,934,365,1299,0.28098537336412627,1.6385550477664947,1.5,1.09237003184433,601,0.6434689507494646,1.0,1
"iteration_4","SCOPE_DATA_COLLECTION",900,42,2590.0,2650.0,0,5358,3731,1299,5348,3852,1358,3890,2636,932,1481,1098,369,0.27574008564513125,0.2940546331012319,0.2836279784780938,0.5147648968309474,0.9746037157195653,1.651580893546756,1.0295297936618948,0.9746037157195653,1.1010539290311707,0.45141388174807195,0.6069802731411229,0.6502145922746781,100.0,100.0,4665,864,4859,45,0,2903,0.00964630225080386,0.0,0.5974480345750154,0.15000000000000002,0.8,0.6000000000000001,0.8,85.0,80.0,95.0,0.15000000000000002,0.8,0.6000000000000001,0.8,85.0,80.0,95.0,5454,3897,1557,5454,0.2854785478547855,0.47135907149627904,0.5,0.9427181429925581,1725,0.4426481909160893,1.0,1
"iteration_4","SCOPE_DATA_COLLECTION",900,42,2590.0,2650.0,1,5358,3731,1299,5348,3852,1358,3890,2636,932,1481,1098,369,0.27574008564513125,0.2940546331012319,0.2836279784780938,0.5147648968309474,0.9746037157195653,1.651580893546756,1.0295297936618948,0.9746037157195653,1.1010539290311707,0.45141388174807195,0.6069802731411229,0.6502145922746781,100.0,100.0,4665,864,4859,45,0,2903,0.00964630225080386,0.0,0.5974480345750154,0.15000000000000002,0.8,0.6000000000000001,0.8,85.0,80.0,95.0,0.15000000000000002,0.8,0.6000000000000001,0.8,85.0,80.0,95.0,3739,2640,1099,3739,0.293928857983418,0.9472774785844298,1.0,0.9472774785844298,1583,0.5996212121212121,1.0,1
"iteration_4","SCOPE_DATA_COLLECTION",900,42,2590.0,2650.0,2,5358,3731,1299,5348,3852,1358,3890,2636,932,1481,1098,369,0.27574008564513125,0.2940546331012319,0.2836279784780938,0.5147648968309474,0.9746037157195653,1.651580893546756,1.0295297936618948,0.9746037157195653,1.1010539290311707,0.45141388174807195,0.6069802731411229,0.6502145922746781,100.0,100.0,4665,864,4859,45,0,2903,0.00964630225080386,0.0,0.5974480345750154,0.15000000000000002,0.8,0.6000000000000001,0.8,85.0,80.0,95.0,0.15000000000000002,0.8,0.6000000000000001,0.8,85.0,80.0,95.0,1313,893,420,1313,0.31987814166031986,1.600808486559045,1.5,1.06720565770603,577,0.6461366181410975,1.0,1
"iteration_4","SCOPE_DATA_COLLECTION",900,43,2650.0,2710.0,0,5454,3739,1313,5358,3731,1299,3898,2654,898,1547,1088,413,0.28411386593204774,0.290753607696419,0.3150266971777269,0.47081193526801723,0.9439681787349201,1.588890211734456,0.9416238705360345,0.9439681787349201,1.059260141156304,0.44202154951257056,0.5972117558402411,0.6391982182628062,97.5,100.0,4745,860,4901,51,1,2996,0.010748155953635406,0.0011627906976744186,0.6113038155478474,0.15000000000000002,0.8,0.6000000000000001,0.8,85.0,80.0,95.0,0.5,0.2,0.2,0.2,45.0,20.0,40.0,5422,5392,30,5422,0.005533013648100332,0.294204617969037,0.5,0.588409235938074,1261,0.23386498516320475,1.0,1
"iteration_4","SCOPE_DATA_COLLECTION",900,43,2650.0,2710.0,1,5454,3739,1313,5358,3731,1299,3898,2654,898,1547,1088,413,0.28411386593204774,0.290753607696419,0.3150266971777269,0.47081193526801723,0.9439681787349201,1.588890211734456,0.9416238705360345,0.9439681787349201,1.059260141156304,0.44202154951257056,0.5972117558402411,0.6391982182628062,97.5,100.0,4745,860,4901,51,1,2996,0.010748155953635406,0.0011627906976744186,0.6113038155478474,0.15000000000000002,0.8,0.6000000000000001,0.8,85.0,80.0,95.0,0.5,0.2,0.2,0.2,45.0,20.0,40.0,3759,3738,21,3759,0.00558659217877095,0.6609717491117454,1.0,0.6609717491117454,1543,0.4127875869448903,1.0,1
"iteration_4","SCOPE_DATA_COLLECTION",900,43,2650.0,2710.0,2,5454,3739,1313,5358,3731,1299,3898,2654,898,1547,1088,413,0.28411386593204774,0.290753607696419,0.3150266971777269,0.47081193526801723,0.9439681787349201,1.588890211734456,0.9416238705360345,0.9439681787349201,1.059260141156304,0.44202154951257056,0.5972117558402411,0.6391982182628062,97.5,100.0,4745,860,4901,51,1,2996,0.010748155953635406,0.0011627906976744186,0.6113038155478474,0.15000000000000002,0.8,0.6000000000000001,0.8,85.0,80.0,95.0,0.5,0.2,0.2,0.2,45.0,20.0,40.0,1273,1264,9,1273,0.007069913589945012,1.2008481013675971,1.5,0.8005654009117315,601,0.4754746835443038,1.0,1
"iteration_4","SCOPE_DATA_COLLECTION",900,44,2710.0,2770.0,0,5422,3759,1273,5454,3739,1313,5390,3733,1268,40,32,16,0.007366482504604052,0.00849933598937583,0.012461059190031152,0.294556529707598,0.6628003644791128,1.2083615651920536,0.589113059415196,0.6628003644791128,0.8055743767947025,0.23450834879406307,0.4136083578890972,0.47870662460567825,92.5,100.0,4698,2898,2858,7,2,79,0.001489995742869306,6.901311249137336E-4,0.027641707487753672,0.5,0.2,0.2,0.2,45.0,20.0,40.0,0.5,0.2,0.2,0.2,45.0,20.0,40.0,5333,5319,14,5333,0.0026251640727545473,0.2898570471391287,0.5,0.5797140942782574,1172,0.22034216958074826,1.0,1
"iteration_4","SCOPE_DATA_COLLECTION",900,44,2710.0,2770.0,1,5422,3759,1273,5454,3739,1313,5390,3733,1268,40,32,16,0.007366482504604052,0.00849933598937583,0.012461059190031152,0.294556529707598,0.6628003644791128,1.2083615651920536,0.589113059415196,0.6628003644791128,0.8055743767947025,0.23450834879406307,0.4136083578890972,0.47870662460567825,92.5,100.0,4698,2898,2858,7,2,79,0.001489995742869306,6.901311249137336E-4,0.027641707487753672,0.5,0.2,0.2,0.2,45.0,20.0,40.0,0.5,0.2,0.2,0.2,45.0,20.0,40.0,3874,3863,11,3874,0.002839442436757873,0.6669884293703755,1.0,0.6669884293703755,1623,0.4201397877297437,1.0,1
"iteration_4","SCOPE_DATA_COLLECTION",900,44,2710.0,2770.0,2,5422,3759,1273,5454,3739,1313,5390,3733,1268,40,32,16,0.007366482504604052,0.00849933598937583,0.012461059190031152,0.294556529707598,0.6628003644791128,1.2083615651920536,0.589113059415196,0.6628003644791128,0.8055743767947025,0.23450834879406307,0.4136083578890972,0.47870662460567825,92.5,100.0,4698,2898,2858,7,2,79,0.001489995742869306,6.901311249137336E-4,0.027641707487753672,0.5,0.2,0.2,0.2,45.0,20.0,40.0,0.5,0.2,0.2,0.2,45.0,20.0,40.0,1238,1230,8,1238,0.006462035541195477,1.146319216427862,1.5,0.764212810951908,545,0.44308943089430897,1.0,1
"iteration_4","SCOPE_DATA_COLLECTION",900,45,2770.0,2830.0,0,5333,3874,1238,5422,3759,1273,5310,3875,1214,14,11,8,0.002629601803155522,0.0028306742151312406,0.006546644844517185,0.2892107562144754,0.6675384884879049,1.1413152581297297,0.5784215124289508,0.6675384884879049,0.7608768387531532,0.2184557438794727,0.42116129032258065,0.44069192751235586,100.0,100.0,4735,2815,2895,8,5,20,0.001689545934530095,0.0017761989342806395,0.0069084628670120895,0.5,0.2,0.2,0.2,45.0,20.0,40.0,0.4,0.1,0.1,0.2,55.0,20.0,40.0,5342,5119,223,5342,0.041744664919505806,0.30062879585235736,0.5,0.6012575917047147,1076,0.21019730416096893,1.0,1
"iteration_4","SCOPE_DATA_COLLECTION",900,45,2770.0,2830.0,1,5333,3874,1238,5422,3759,1273,5310,3875,1214,14,11,8,0.002629601803155522,0.0028306742151312406,0.006546644844517185,0.2892107562144754,0.6675384884879049,1.1413152581297297,0.5784215124289508,0.6675384884879049,0.7608768387531532,0.2184557438794727,0.42116129032258065,0.44069192751235586,100.0,100.0,4735,2815,2895,8,5,20,0.001689545934530095,0.0017761989342806395,0.0069084628670120895,0.5,0.2,0.2,0.2,45.0,20.0,40.0,0.4,0.1,0.1,0.2,55.0,20.0,40.0,3777,3622,155,3777,0.04103786073603389,0.7138061554263074,1.0,0.7138061554263074,1645,0.4541689674213142,1.0,1
"iteration_4","SCOPE_DATA_COLLECTION",900,45,2770.0,2830.0,2,5333,3874,1238,5422,3759,1273,5310,3875,1214,14,11,8,0.002629601803155522,0.0028306742151312406,0.006546644844517185,0.2892107562144754,0.6675384884879049,1.1413152581297297,0.5784215124289508,0.6675384884879049,0.7608768387531532,0.2184557438794727,0.42116129032258065,0.44069192751235586,100.0,100.0,4735,2815,2895,8,5,20,0.001689545934530095,0.0017761989342806395,0.0069084628670120895,0.5,0.2,0.2,0.2,45.0,20.0,40.0,0.4,0.1,0.1,0.2,55.0,20.0,40.0,1314,1256,58,1314,0.0441400304414003,1.2167079927699396,1.5,0.8111386618466264,602,0.47929936305732485,1.0,1
"iteration_4","SCOPE_DATA_COLLECTION",900,46,2830.0,2890.0,0,5342,3777,1314,5333,3874,1238,5123,3613,1257,223,155,58,0.04171343060231949,0.04113588110403397,0.04410646387832699,0.30151068307138207,0.7116920424508385,1.2113488335019826,0.6030213661427641,0.7116920424508385,0.8075658890013218,0.2129611555729065,0.4525325214503183,0.47653142402545745,100.0,100.0,4748,2266,3419,19,2,415,0.004001684919966301,8.8261253309797E-4,0.12138052062006435,0.4,0.1,0.1,0.2,55.0,20.0,40.0,0.30000000000000004,0.1,0.2,0.2,55.0,20.0,40.0,5397,5086,311,5397,0.05762460626273856,0.33485992052092883,0.5,0.6697198410418577,1230,0.24184034604797483,1.0,1
"iteration_4","SCOPE_DATA_COLLECTION",900,46,2830.0,2890.0,1,5342,3777,1314,5333,3874,1238,5123,3613,1257,223,155,58,0.04171343060231949,0.04113588110403397,0.04410646387832699,0.30151068307138207,0.7116920424508385,1.2113488335019826,0.6030213661427641,0.7116920424508385,0.8075658890013218,0.2129611555729065,0.4525325214503183,0.47653142402545745,100.0,100.0,4748,2266,3419,19,2,415,0.004001684919966301,8.8261253309797E-4,0.12138052062006435,0.4,0.1,0.1,0.2,55.0,20.0,40.0,0.30000000000000004,0.1,0.2,0.2,55.0,20.0,40.0,3730,3459,271,3730,0.07265415549597855,0.7382580000142246,1.0,0.7382580000142246,1585,0.45822492049725355,1.0,1
"iteration_4","SCOPE_DATA_COLLECTION",900,46,2830.0,2890.0,2,5342,3777,1314,5333,3874,1238,5123,3613,1257,223,155,58,0.04171343060231949,0.04113588110403397,0.04410646387832699,0.30151068307138207,0.7116920424508385,1.2113488335019826,0.6030213661427641,0.7116920424508385,0.8075658890013218,0.2129611555729065,0.4525325214503183,0.47653142402545745,100.0,100.0,4748,2266,3419,19,2,415,0.004001684919966301,8.8261253309797E-4,0.12138052062006435,0.4,0.1,0.1,0.2,55.0,20.0,40.0,0.30000000000000004,0.1,0.2,0.2,55.0,20.0,40.0,1237,1120,117,1237,0.09458367016976556,1.3206667261195195,1.5,0.8804444840796797,588,0.525,1.0,1
"iteration_4","SCOPE_DATA_COLLECTION",900,47,2890.0,2950.0,0,5397,3730,1237,5342,3777,1314,5088,3443,1137,311,271,117,0.05760325986293758,0.07296715131933226,0.09330143540669857,0.33485865501191403,0.7386957192342738,1.3277270334594569,0.6697173100238281,0.7386957192342738,0.8851513556396379,0.24194182389937108,0.45919256462387453,0.5285839929639402,100.0,100.0,4845,1660,3859,16,1,682,0.003302373581011352,6.024096385542169E-4,0.17672972272609486,0.30000000000000004,0.1,0.2,0.2,55.0,20.0,40.0,0.2,0.2,0.1,0.2,65.0,20.0,50.0,5437,4349,1088,5437,0.20011035497517013,0.42825504019396154,0.5,0.8565100803879231,1345,0.3092664980455277,1.0,1
"iteration_4","SCOPE_DATA_COLLECTION",900,47,2890.0,2950.0,1,5397,3730,1237,5342,3777,1314,5088,3443,1137,311,271,117,0.05760325986293758,0.07296715131933226,0.09330143540669857,0.33485865501191403,0.7386957192342738,1.3277270334594569,0.6697173100238281,0.7386957192342738,0.8851513556396379,0.24194182389937108,0.45919256462387453,0.5285839929639402,100.0,100.0,4845,1660,3859,16,1,682,0.003302373581011352,6.024096385542169E-4,0.17672972272609486,0.30000000000000004,0.1,0.2,0.2,55.0,20.0,40.0,0.2,0.2,0.1,0.2,65.0,20.0,50.0,3766,2990,776,3766,0.2060541688794477,0.8457129985447952,1.0,0.8457129985447952,1633,0.5461538461538461,1.0,1
"iteration_4","SCOPE_DATA_COLLECTION",900,47,2890.0,2950.0,2,5397,3730,1237,5342,3777,1314,5088,3443,1137,311,271,117,0.05760325986293758,0.07296715131933226,0.09330143540669857,0.33485865501191403,0.7386957192342738,1.3277270334594569,0.6697173100238281,0.7386957192342738,0.8851513556396379,0.24194182389937108,0.45919256462387453,0.5285839929639402,100.0,100.0,4845,1660,3859,16,1,682,0.003302373581011352,6.024096385542169E-4,0.17672972272609486,0.30000000000000004,0.1,0.2,0.2,55.0,20.0,40.0,0.2,0.2,0.1,0.2,65.0,20.0,50.0,1225,975,250,1225,0.20408163265306123,1.443576208146821,1.5,0.9623841387645474,571,0.5856410256410256,1.0,1
"iteration_4","SCOPE_DATA_COLLECTION",900,48,2950.0,3010.0,0,5437,3766,1225,5397,3730,1237,4336,3009,964,1088,776,249,0.20058997050147492,0.20501981505944517,0.20527617477328935,0.4251717797607277,0.8430869801258638,1.4353651939563659,0.8503435595214553,0.8430869801258638,0.9569101293042439,0.305119926199262,0.543369890329013,0.5819502074688797,97.5,100.0,4799,1110,4519,16,1,2096,0.003334027922483851,9.009009009009009E-4,0.46381942907722945,0.2,0.2,0.1,0.2,65.0,20.0,50.0,0.55,0.5,0.4,0.4,35.0,50.0,55.0,5292,5275,17,5292,0.003212396069538927,0.31110435331320996,0.5,0.6222087066264199,1401,0.26559241706161135,1.0,1
"iteration_4","SCOPE_DATA_COLLECTION",900,48,2950.0,3010.0,1,5437,3766,1225,5397,3730,1237,4336,3009,964,1088,776,249,0.20058997050147492,0.20501981505944517,0.20527617477328935,0.4251717797607277,0.8430869801258638,1.4353651939563659,0.8503435595214553,0.8430869801258638,0.9569101293042439,0.305119926199262,0.543369890329013,0.5819502074688797,97.5,100.0,4799,1110,4519,16,1,2096,0.003334027922483851,9.009009009009009E-4,0.46381942907722945,0.2,0.2,0.1,0.2,65.0,20.0,50.0,0.55,0.5,0.4,0.4,35.0,50.0,55.0,3735,3707,28,3735,0.00749665327978581,0.6654307438686002,1.0,0.6654307438686002,1528,0.41219314809819263,1.0,1
"iteration_4","SCOPE_DATA_COLLECTION",900,48,2950.0,3010.0,2,5437,3766,1225,5397,3730,1237,4336,3009,964,1088,776,249,0.20058997050147492,0.20501981505944517,0.20527617477328935,0.4251717797607277,0.8430869801258638,1.4353651939563659,0.8503435595214553,0.8430869801258638,0.9569101293042439,0.305119926199262,0.543369890329013,0.5819502074688797,97.5,100.0,4799,1110,4519,16,1,2096,0.003334027922483851,9.009009009009009E-4,0.46381942907722945,0.2,0.2,0.1,0.2,65.0,20.0,50.0,0.55,0.5,0.4,0.4,35.0,50.0,55.0,1334,1309,25,1334,0.018740629685157422,1.1749570077296798,1.5,0.7833046718197866,584,0.44614209320091675,1.0,1
"iteration_4","SCOPE_DATA_COLLECTION",900,49,3010.0,3070.0,0,5292,3735,1334,5437,3766,1225,5286,3690,1312,17,28,26,0.0032057326041863097,0.007530930607853685,0.01943198804185351,0.3127103568561746,0.6636204086739773,1.1801785093650383,0.6254207137123492,0.6636204086739773,0.7867856729100255,0.2667423382519864,0.4111111111111111,0.4489329268292683,100.0,100.0,4669,3142,2550,45,3,23,0.009638038123795245,9.548058561425843E-4,0.009019607843137255,0.55,0.5,0.4,0.4,35.0,50.0,55.0,0.30000000000000004,0.5,0.30000000000000004,0.1,70.0,30.0,60.0,5479,5216,263,5479,0.048001460120459936,0.375634088072391,0.5,0.751268176144782,1631,0.31269171779141103,1.0,1
"iteration_4","SCOPE_DATA_COLLECTION",900,49,3010.0,3070.0,1,5292,3735,1334,5437,3766,1225,5286,3690,1312,17,28,26,0.0032057326041863097,0.007530930607853685,0.01943198804185351,0.3127103568561746,0.6636204086739773,1.1801785093650383,0.6254207137123492,0.6636204086739773,0.7867856729100255,0.2667423382519864,0.4111111111111111,0.4489329268292683,100.0,100.0,4669,3142,2550,45,3,23,0.009638038123795245,9.548058561425843E-4,0.009019607843137255,0.55,0.5,0.4,0.4,35.0,50.0,55.0,0.30000000000000004,0.5,0.30000000000000004,0.1,70.0,30.0,60.0,3844,3649,195,3844,0.05072840790842872,0.7367900566911901,1.0,0.7367900566911901,1612,0.4417648670868731,1.0,1
"iteration_4","SCOPE_DATA_COLLECTION",900,49,3010.0,3070.0,2,5292,3735,1334,5437,3766,1225,5286,3690,1312,17,28,26,0.0032057326041863097,0.007530930607853685,0.01943198804185351,0.3127103568561746,0.6636204086739773,1.1801785093650383,0.6254207137123492,0.6636204086739773,0.7867856729100255,0.2667423382519864,0.4111111111111111,0.4489329268292683,100.0,100.0,4669,3142,2550,45,3,23,0.009638038123795245,9.548058561425843E-4,0.009019607843137255,0.55,0.5,0.4,0.4,35.0,50.0,55.0,0.30000000000000004,0.5,0.30000000000000004,0.1,70.0,30.0,60.0,1195,1116,79,1195,0.06610878661087866,1.2434658609000682,1.5,0.8289772406000454,537,0.48118279569892475,1.0,1
"iteration_4","SCOPE_DATA_COLLECTION",900,50,3070.0,3130.0,0,5479,3844,1195,5292,3735,1334,5223,3654,1124,263,195,79,0.047940211447320455,0.05066250974279034,0.0656691604322527,0.3762445735336461,0.7384871963211636,1.2518420251924036,0.7524891470672922,0.7384871963211636,0.834561350128269,0.3122726402450699,0.4430760810071155,0.48576512455516013,100.0,100.0,4755,1755,4008,20,4,513,0.004206098843322818,0.002279202279202279,0.1279940119760479,0.30000000000000004,0.5,0.30000000000000004,0.1,70.0,30.0,60.0,0.4,0.2,0.7000000000000001,0.5,55.0,30.0,65.0,5523,5428,95,5523,0.017200796668477278,0.30799845263736947,0.5,0.6159969052747389,1238,0.22807663964627856,1.0,1
"iteration_4","SCOPE_DATA_COLLECTION",900,50,3070.0,3130.0,1,5479,3844,1195,5292,3735,1334,5223,3654,1124,263,195,79,0.047940211447320455,0.05066250974279034,0.0656691604322527,0.3762445735336461,0.7384871963211636,1.2518420251924036,0.7524891470672922,0.7384871963211636,0.834561350128269,0.3122726402450699,0.4430760810071155,0.48576512455516013,100.0,100.0,4755,1755,4008,20,4,513,0.004206098843322818,0.002279202279202279,0.1279940119760479,0.30000000000000004,0.5,0.30000000000000004,0.1,70.0,30.0,60.0,0.4,0.2,0.7000000000000001,0.5,55.0,30.0,65.0,3780,3715,65,3780,0.017195767195767195,0.6951040217615091,1.0,0.6951040217615091,1564,0.4209959623149394,1.0,1
"iteration_4","SCOPE_DATA_COLLECTION",900,50,3070.0,3130.0,2,5479,3844,1195,5292,3735,1334,5223,3654,1124,263,195,79,0.047940211447320455,0.05066250974279034,0.0656691604322527,0.3762445735336461,0.7384871963211636,1.2518420251924036,0.7524891470672922,0.7384871963211636,0.834561350128269,0.3122726402450699,0.4430760810071155,0.48576512455516013,100.0,100.0,4755,1755,4008,20,4,513,0.004206098843322818,0.002279202279202279,0.1279940119760479,0.30000000000000004,0.5,0.30000000000000004,0.1,70.0,30.0,60.0,0.4,0.2,0.7000000000000001,0.5,55.0,30.0,65.0,1304,1270,34,1304,0.02607361963190184,1.1897998927914475,1.5,0.7931999285276317,573,0.4511811023622047,1.0,1
"iteration_4","SCOPE_DATA_COLLECTION",900,51,3130.0,3190.0,0,5523,3780,1304,5479,3844,1195,5429,3728,1261,95,65,34,0.01719768283852281,0.01713683100448194,0.026254826254826256,0.3079011725934601,0.695455307691612,1.1814441080984048,0.6158023451869202,0.695455307691612,0.7876294053989366,0.22840302081414626,0.4216738197424893,0.4456780333068993,100.0,100.0,4860,2275,3472,37,1,156,0.007613168724279836,4.3956043956043956E-4,0.044930875576036866,0.4,0.2,0.7000000000000001,0.5,55.0,30.0,65.0,0.8500000000000001,0.5,0.8,0.5,55.0,80.0,70.0,5510,5503,7,5510,0.0012704174228675136,0.31652458618852963,0.5,0.6330491723770593,1563,0.2840268944212248,1.0,1
"iteration_4","SCOPE_DATA_COLLECTION",900,51,3130.0,3190.0,1,5523,3780,1304,5479,3844,1195,5429,3728,1261,95,65,34,0.01719768283852281,0.01713683100448194,0.026254826254826256,0.3079011725934601,0.695455307691612,1.1814441080984048,0.6158023451869202,0.695455307691612,0.7876294053989366,0.22840302081414626,0.4216738197424893,0.4456780333068993,100.0,100.0,4860,2275,3472,37,1,156,0.007613168724279836,4.3956043956043956E-4,0.044930875576036866,0.4,0.2,0.7000000000000001,0.5,55.0,30.0,65.0,0.8500000000000001,0.5,0.8,0.5,55.0,80.0,70.0,3728,3711,17,3728,0.0045600858369098714,0.6794404654203331,1.0,0.6794404654203331,1523,0.4104015090272164,1.0,1
"iteration_4","SCOPE_DATA_COLLECTION",900,51,3130.0,3190.0,2,5523,3780,1304,5479,3844,1195,5429,3728,1261,95,65,34,0.01719768283852281,0.01713683100448194,0.026254826254826256,0.3079011725934601,0.695455307691612,1.1814441080984048,0.6158023451869202,0.695455307691612,0.7876294053989366,0.22840302081414626,0.4216738197424893,0.4456780333068993,100.0,100.0,4860,2275,3472,37,1,156,0.007613168724279836,4.3956043956043956E-4,0.044930875576036866,0.4,0.2,0.7000000000000001,0.5,55.0,30.0,65.0,0.8500000000000001,0.5,0.8,0.5,55.0,80.0,70.0,1217,1196,21,1217,0.01725554642563681,1.2436823462048399,1.5,0.8291215641365599,570,0.4765886287625418,1.0,1
"iteration_4","SCOPE_DATA_COLLECTION",900,52,3190.0,3250.0,0,5510,3728,1217,5523,3780,1304,5498,3705,1199,7,17,21,0.0012715712988192551,0.0045674368619022035,0.01721311475409836,0.31644827578939644,0.6801003809487928,1.2474168997611303,0.6328965515787929,0.6801003809487928,0.8316112665074202,0.2848308475809385,0.40998650472334686,0.47956630525437866,92.5,100.0,4746,4870,839,40,5,0,0.008428150021070375,0.001026694045174538,0.0,0.8500000000000001,0.5,0.8,0.5,55.0,80.0,70.0,0.25,0.30000000000000004,0.2,0.2,70.0,20.0,50.0,5309,4663,646,5309,0.12168016575626295,0.3946262036658811,0.5,0.7892524073317622,1427,0.3060261634141111,1.0,1
"iteration_4","SCOPE_DATA_COLLECTION",900,52,3190.0,3250.0,1,5510,3728,1217,5523,3780,1304,5498,3705,1199,7,17,21,0.0012715712988192551,0.0045674368619022035,0.01721311475409836,0.31644827578939644,0.6801003809487928,1.2474168997611303,0.6328965515787929,0.6801003809487928,0.8316112665074202,0.2848308475809385,0.40998650472334686,0.47956630525437866,92.5,100.0,4746,4870,839,40,5,0,0.008428150021070375,0.001026694045174538,0.0,0.8500000000000001,0.5,0.8,0.5,55.0,80.0,70.0,0.25,0.30000000000000004,0.2,0.2,70.0,20.0,50.0,3867,3375,492,3867,0.12723041117145073,0.7800994137108137,1.0,0.7800994137108137,1627,0.4820740740740741,1.0,1
"iteration_4","SCOPE_DATA_COLLECTION",900,52,3190.0,3250.0,2,5510,3728,1217,5523,3780,1304,5498,3705,1199,7,17,21,0.0012715712988192551,0.0045674368619022035,0.01721311475409836,0.31644827578939644,0.6801003809487928,1.2474168997611303,0.6328965515787929,0.6801003809487928,0.8316112665074202,0.2848308475809385,0.40998650472334686,0.47956630525437866,92.5,100.0,4746,4870,839,40,5,0,0.008428150021070375,0.001026694045174538,0.0,0.8500000000000001,0.5,0.8,0.5,55.0,80.0,70.0,0.25,0.30000000000000004,0.2,0.2,70.0,20.0,50.0,1270,1108,162,1270,0.12755905511811025,1.3300339188019898,1.5,0.8866892792013266,572,0.516245487364621,1.0,1
"iteration_4","SCOPE_DATA_COLLECTION",900,53,3250.0,3310.0,0,5309,3867,1270,5510,3728,1217,4664,3382,1109,646,492,162,0.12165725047080979,0.12700051626226122,0.12745869394177814,0.39455455512090554,0.7802248988246265,1.322856170139073,0.7891091102418111,0.7802248988246265,0.8819041134260487,0.30510291595197253,0.48255470136014195,0.5130748422001803,97.5,100.0,4644,1489,4313,12,1,1287,0.002583979328165375,6.71591672263264E-4,0.29840018548574077,0.25,0.30000000000000004,0.2,0.2,70.0,20.0,50.0,0.25,0.30000000000000004,0.2,0.2,70.0,20.0,50.0,5291,4651,640,5291,0.12096012096012096,0.35925414885537665,0.5,0.7185082977107533,1290,0.27735970758976564,1.0,1
"iteration_4","SCOPE_DATA_COLLECTION",900,53,3250.0,3310.0,1,5309,3867,1270,5510,3728,1217,4664,3382,1109,646,492,162,0.12165725047080979,0.12700051626226122,0.12745869394177814,0.39455455512090554,0.7802248988246265,1.322856170139073,0.7891091102418111,0.7802248988246265,0.8819041134260487,0.30510291595197253,0.48255470136014195,0.5130748422001803,97.5,100.0,4644,1489,4313,12,1,1287,0.002583979328165375,6.71591672263264E-4,0.29840018548574077,0.25,0.30000000000000004,0.2,0.2,70.0,20.0,50.0,0.25,0.30000000000000004,0.2,0.2,70.0,20.0,50.0,3858,3326,532,3858,0.13789528252980818,0.7494306663218081,1.0,0.7494306663218081,1534,0.4612146722790138,1.0,1
"iteration_4","SCOPE_DATA_COLLECTION",900,53,3250.0,3310.0,2,5309,3867,1270,5510,3728,1217,4664,3382,1109,646,492,162,0.12165725047080979,0.12700051626226122,0.12745869394177814,0.39455455512090554,0.7802248988246265,1.322856170139073,0.7891091102418111,0.7802248988246265,0.8819041134260487,0.30510291595197253,0.48255470136014195,0.5130748422001803,97.5,100.0,4644,1489,4313,12,1,1287,0.002583979328165375,6.71591672263264E-4,0.29840018548574077,0.25,0.30000000000000004,0.2,0.2,70.0,20.0,50.0,0.25,0.30000000000000004,0.2,0.2,70.0,20.0,50.0,1191,1031,160,1191,0.1343408900083963,1.330313694289532,1.5,0.8868757961930213,545,0.5286129970902037,1.0,1
"iteration_4","SCOPE_DATA_COLLECTION",900,54,3310.0,3370.0,0,5291,3858,1191,5309,3867,1270,4660,3317,1035,640,532,160,0.12075471698113208,0.13821771888802287,0.13389121338912133,0.3596378899843851,0.7478076074854765,1.3357221561923163,0.7192757799687702,0.7478076074854765,0.8904814374615442,0.27875536480686697,0.45945131142598733,0.5304347826086957,95.0,100.0,4628,1404,4308,7,1,1324,0.001512532411408816,7.122507122507123E-4,0.3073351903435469,0.25,0.30000000000000004,0.2,0.2,70.0,20.0,50.0,0.8,0.9,0.4,0.4,85.0,20.0,65.0,5282,5271,11,5282,0.0020825444907232107,0.32488508960518114,0.5,0.6497701792103623,1507,0.28590400303547714,1.0,1
"iteration_4","SCOPE_DATA_COLLECTION",900,54,3310.0,3370.0,1,5291,3858,1191,5309,3867,1270,4660,3317,1035,640,532,160,0.12075471698113208,0.13821771888802287,0.13389121338912133,0.3596378899843851,0.7478076074854765,1.3357221561923163,0.7192757799687702,0.7478076074854765,0.8904814374615442,0.27875536480686697,0.45945131142598733,0.5304347826086957,95.0,100.0,4628,1404,4308,7,1,1324,0.001512532411408816,7.122507122507123E-4,0.3073351903435469,0.25,0.30000000000000004,0.2,0.2,70.0,20.0,50.0,0.8,0.9,0.4,0.4,85.0,20.0,65.0,3776,3752,24,3776,0.006355932203389831,0.6893530462882372,1.0,0.6893530462882372,1580,0.4211087420042644,1.0,1
"iteration_4","SCOPE_DATA_COLLECTION",900,54,3310.0,3370.0,2,5291,3858,1191,5309,3867,1270,4660,3317,1035,640,532,160,0.12075471698113208,0.13821771888802287,0.13389121338912133,0.3596378899843851,0.7478076074854765,1.3357221561923163,0.7192757799687702,0.7478076074854765,0.8904814374615442,0.27875536480686697,0.45945131142598733,0.5304347826086957,95.0,100.0,4628,1404,4308,7,1,1324,0.001512532411408816,7.122507122507123E-4,0.3073351903435469,0.25,0.30000000000000004,0.2,0.2,70.0,20.0,50.0,0.8,0.9,0.4,0.4,85.0,20.0,65.0,1212,1199,13,1212,0.010726072607260726,1.1465920854318568,1.5,0.7643947236212378,521,0.43452877397831524,1.0,1
"iteration_4","SCOPE_DATA_COLLECTION",900,55,3370.0,3430.0,0,5282,3776,1212,5291,3858,1191,5261,3753,1181,11,24,13,0.00208649468892261,0.006354249404289118,0.010887772194304857,0.3240285788783061,0.690328592882647,1.1417863984682524,0.6480571577566122,0.690328592882647,0.7611909323121683,0.28454666413229424,0.42312816413535836,0.43183742591024554,100.0,100.0,4776,4344,1150,42,6,0,0.008793969849246231,0.0013812154696132596,0.0,0.8,0.9,0.4,0.4,85.0,20.0,65.0,0.30000000000000004,0.30000000000000004,0.5,0.30000000000000004,85.0,20.0,50.0,5333,4843,490,5333,0.09188074254640916,0.34880783523431375,0.5,0.6976156704686275,1332,0.27503613462729715,1.0,1
"iteration_4","SCOPE_DATA_COLLECTION",900,55,3370.0,3430.0,1,5282,3776,1212,5291,3858,1191,5261,3753,1181,11,24,13,0.00208649468892261,0.006354249404289118,0.010887772194304857,0.3240285788783061,0.690328592882647,1.1417863984682524,0.6480571577566122,0.690328592882647,0.7611909323121683,0.28454666413229424,0.42312816413535836,0.43183742591024554,100.0,100.0,4776,4344,1150,42,6,0,0.008793969849246231,0.0013812154696132596,0.0,0.8,0.9,0.4,0.4,85.0,20.0,65.0,0.30000000000000004,0.30000000000000004,0.5,0.30000000000000004,85.0,20.0,50.0,3771,3430,341,3771,0.09042694245558207,0.7573214390206153,1.0,0.7573214390206153,1558,0.4542274052478134,1.0,1
"iteration_4","SCOPE_DATA_COLLECTION",900,55,3370.0,3430.0,2,5282,3776,1212,5291,3858,1191,5261,3753,1181,11,24,13,0.00208649468892261,0.006354249404289118,0.010887772194304857,0.3240285788783061,0.690328592882647,1.1417863984682524,0.6480571577566122,0.690328592882647,0.7611909323121683,0.28454666413229424,0.42312816413535836,0.43183742591024554,100.0,100.0,4776,4344,1150,42,6,0,0.008793969849246231,0.0013812154696132596,0.0,0.8,0.9,0.4,0.4,85.0,20.0,65.0,0.30000000000000004,0.30000000000000004,0.5,0.30000000000000004,85.0,20.0,50.0,1277,1155,122,1277,0.09553641346906813,1.258913288294619,1.5,0.839275525529746,550,0.47619047619047616,1.0,1
"iteration_4","SCOPE_DATA_COLLECTION",900,56,3430.0,3490.0,0,5333,3771,1277,5282,3776,1212,4838,3431,1165,490,341,122,0.09196696696696696,0.09040296924708377,0.0947940947940948,0.34870906484398806,0.7572443531017032,1.2571243531844587,0.6974181296879761,0.7572443531017032,0.8380829021229724,0.27449359239355103,0.4538035558146313,0.47639484978540775,100.0,100.0,4670,1709,4002,32,2,919,0.006852248394004282,0.0011702750146284377,0.2296351824087956,0.30000000000000004,0.30000000000000004,0.5,0.30000000000000004,85.0,20.0,50.0,0.2,0.30000000000000004,0.4,0.4,75.0,20.0,50.0,5328,4209,1119,5328,0.21002252252252251,0.43780262375548945,0.5,0.8756052475109789,1432,0.3402233309574721,1.0,1
"iteration_4","SCOPE_DATA_COLLECTION",900,56,3430.0,3490.0,1,5333,3771,1277,5282,3776,1212,4838,3431,1165,490,341,122,0.09196696696696696,0.09040296924708377,0.0947940947940948,0.34870906484398806,0.7572443531017032,1.2571243531844587,0.6974181296879761,0.7572443531017032,0.8380829021229724,0.27449359239355103,0.4538035558146313,0.47639484978540775,100.0,100.0,4670,1709,4002,32,2,919,0.006852248394004282,0.0011702750146284377,0.2296351824087956,0.30000000000000004,0.30000000000000004,0.5,0.30000000000000004,85.0,20.0,50.0,0.2,0.30000000000000004,0.4,0.4,75.0,20.0,50.0,3822,2969,853,3822,0.22318158032443747,0.8823628378304981,1.0,0.8823628378304981,1611,0.5426069383630853,1.0,1
"iteration_4","SCOPE_DATA_COLLECTION",900,56,3430.0,3490.0,2,5333,3771,1277,5282,3776,1212,4838,3431,1165,490,341,122,0.09196696696696696,0.09040296924708377,0.0947940947940948,0.34870906484398806,0.7572443531017032,1.2571243531844587,0.6974181296879761,0.7572443531017032,0.8380829021229724,0.27449359239355103,0.4538035558146313,0.47639484978540775,100.0,100.0,4670,1709,4002,32,2,919,0.006852248394004282,0.0011702750146284377,0.2296351824087956,0.30000000000000004,0.30000000000000004,0.5,0.30000000000000004,85.0,20.0,50.0,0.2,0.30000000000000004,0.4,0.4,75.0,20.0,50.0,1325,1025,300,1325,0.22641509433962265,1.4654760000463205,1.5,0.9769840000308804,591,0.5765853658536585,1.0,1
"iteration_4","SCOPE_DATA_COLLECTION",900,57,3490.0,3550.0,0,5328,3822,1325,5333,3771,1277,4219,2964,1033,1114,845,295,0.20888805550346898,0.22184300341296928,0.22213855421686746,0.4384820466643541,0.8803969942642477,1.471989518607756,0.8769640933287082,0.8803969942642477,0.9813263457385041,0.34083906138895476,0.5398110661268556,0.5808325266214908,95.0,100.0,4655,1172,4648,30,0,2224,0.00644468313641246,0.0,0.4784853700516351,0.2,0.30000000000000004,0.4,0.4,75.0,20.0,50.0,0.1,0.30000000000000004,0.4,0.30000000000000004,65.0,30.0,60.0,5345,3704,1641,5345,0.3070159027128157,0.4599702550517598,0.5,0.9199405101035196,1471,0.39713822894168466,1.0,1
"iteration_4","SCOPE_DATA_COLLECTION",900,57,3490.0,3550.0,1,5328,3822,1325,5333,3771,1277,4219,2964,1033,1114,845,295,0.20888805550346898,0.22184300341296928,0.22213855421686746,0.4384820466643541,0.8803969942642477,1.471989518607756,0.8769640933287082,0.8803969942642477,0.9813263457385041,0.34083906138895476,0.5398110661268556,0.5808325266214908,95.0,100.0,4655,1172,4648,30,0,2224,0.00644468313641246,0.0,0.4784853700516351,0.2,0.30000000000000004,0.4,0.4,75.0,20.0,50.0,0.1,0.30000000000000004,0.4,0.30000000000000004,65.0,30.0,60.0,3807,2604,1203,3807,0.31599684791174154,0.9724910655360883,1.0,0.9724910655360883,1654,0.6351766513056836,1.0,1
"iteration_4","SCOPE_DATA_COLLECTION",900,57,3490.0,3550.0,2,5328,3822,1325,5333,3771,1277,4219,2964,1033,1114,845,295,0.20888805550346898,0.22184300341296928,0.22213855421686746,0.4384820466643541,0.8803969942642477,1.471989518607756,0.8769640933287082,0.8803969942642477,0.9813263457385041,0.34083906138895476,0.5398110661268556,0.5808325266214908,95.0,100.0,4655,1172,4648,30,0,2224,0.00644468313641246,0.0,0.4784853700516351,0.2,0.30000000000000004,0.4,0.4,75.0,20.0,50.0,0.1,0.30000000000000004,0.4,0.30000000000000004,65.0,30.0,60.0,1209,809,400,1209,0.3308519437551696,1.6247743226913394,1.5,1.0831828817942262,540,0.6674907292954264,1.0,1
"iteration_4","SCOPE_DATA_COLLECTION",900,58,3550.0,3618.0724761551833,0,5345,3807,1209,5328,3822,1325,3692,2608,803,1646,1211,405,0.3083551892094417,0.31709871694160774,0.3352649006622517,0.45994764544502464,0.9746682024594926,1.6226519325489008,0.9198952908900493,0.9746682024594926,1.0817679550326005,0.397887323943662,0.6372699386503068,0.6650062266500623,100.0,100.0,4748,573,5040,21,0,3241,0.0044229149115417015,0.0,0.6430555555555556,0.1,0.30000000000000004,0.4,0.30000000000000004,65.0,30.0,60.0,0.15000000000000002,0.9,0.6000000000000001,0.2,70.0,45.0,30.0,4474,3340,1108,4448,0.24910071942446044,0.4835919579369231,0.5,0.9671839158738462,1428,0.4275449101796407,0.994188645507376,0
"iteration_4","SCOPE_DATA_COLLECTION",900,58,3550.0,3618.0724761551833,1,5345,3807,1209,5328,3822,1325,3692,2608,803,1646,1211,405,0.3083551892094417,0.31709871694160774,0.3352649006622517,0.45994764544502464,0.9746682024594926,1.6226519325489008,0.9198952908900493,0.9746682024594926,1.0817679550326005,0.397887323943662,0.6372699386503068,0.6650062266500623,100.0,100.0,4748,573,5040,21,0,3241,0.0044229149115417015,0.0,0.6430555555555556,0.1,0.30000000000000004,0.4,0.30000000000000004,65.0,30.0,60.0,0.15000000000000002,0.9,0.6000000000000001,0.2,70.0,45.0,30.0,3284,2403,823,3226,0.2551146931184129,0.9338774273320654,1.0,0.9338774273320654,1397,0.5813566375364129,0.9823386114494519,0
"iteration_4","SCOPE_DATA_COLLECTION",900,58,3550.0,3618.0724761551833,2,5345,3807,1209,5328,3822,1325,3692,2608,803,1646,1211,405,0.3083551892094417,0.31709871694160774,0.3352649006622517,0.45994764544502464,0.9746682024594926,1.6226519325489008,0.9198952908900493,0.9746682024594926,1.0817679550326005,0.397887323943662,0.6372699386503068,0.6650062266500623,100.0,100.0,4748,573,5040,21,0,3241,0.0044229149115417015,0.0,0.6430555555555556,0.1,0.30000000000000004,0.4,0.30000000000000004,65.0,30.0,60.0,0.15000000000000002,0.9,0.6000000000000001,0.2,70.0,45.0,30.0,997,727,244,971,0.2512873326467559,1.4642742490968998,1.5,0.9761828327312666,426,0.5859697386519945,0.9739217652958877,0
"iteration_4","SCOPE_DATA_COLLECTION",1000,0,70.0,130.0,0,5365,4113,1325,0,0,0,5326,4046,1279,5,20,22,9.379103357719002E-4,0.004918839153959666,0.016910069177555727,0.3078812190808361,0.6573303448867263,1.0921159913035414,0.6157624381616722,0.6573303448867263,0.7280773275356943,0.25854299662035296,0.3838358872960949,0.40265832681782643,100.0,100.0,4661,3686,2456,43,4,0,0.009225488092683974,0.0010851871947911015,0.0,0.6,0.5,0.7,0.4,85.0,80.0,90.0,0.6000000000000001,0.4,0.8,0.5,85.0,70.0,80.0,5670,5659,11,5670,0.0019400352733686067,0.29944854351038536,0.5,0.5988970870207707,1452,0.25658243505919776,1.0,1
"iteration_4","SCOPE_DATA_COLLECTION",1000,0,70.0,130.0,1,5365,4113,1325,0,0,0,5326,4046,1279,5,20,22,9.379103357719002E-4,0.004918839153959666,0.016910069177555727,0.3078812190808361,0.6573303448867263,1.0921159913035414,0.6157624381616722,0.6573303448867263,0.7280773275356943,0.25854299662035296,0.3838358872960949,0.40265832681782643,100.0,100.0,4661,3686,2456,43,4,0,0.009225488092683974,0.0010851871947911015,0.0,0.6,0.5,0.7,0.4,85.0,80.0,90.0,0.6000000000000001,0.4,0.8,0.5,85.0,70.0,80.0,4438,4407,31,4438,0.006985128436232537,0.665120767785302,1.0,0.665120767785302,1707,0.3873383253914227,1.0,1
"iteration_4","SCOPE_DATA_COLLECTION",1000,0,70.0,130.0,2,5365,4113,1325,0,0,0,5326,4046,1279,5,20,22,9.379103357719002E-4,0.004918839153959666,0.016910069177555727,0.3078812190808361,0.6573303448867263,1.0921159913035414,0.6157624381616722,0.6573303448867263,0.7280773275356943,0.25854299662035296,0.3838358872960949,0.40265832681782643,100.0,100.0,4661,3686,2456,43,4,0,0.009225488092683974,0.0010851871947911015,0.0,0.6,0.5,0.7,0.4,85.0,80.0,90.0,0.6000000000000001,0.4,0.8,0.5,85.0,70.0,80.0,1394,1374,20,1394,0.014347202295552367,1.1262521404028207,1.5,0.7508347602685471,570,0.4148471615720524,1.0,1
"iteration_4","SCOPE_DATA_COLLECTION",1000,1,130.0,190.0,0,5670,4438,1394,5365,4113,1325,5662,4413,1369,11,31,20,0.0019390093424995593,0.006975697569756975,0.014398848092152628,0.3001859668907392,0.6679231730833266,1.1212975629330666,0.6003719337814784,0.6679231730833266,0.7475317086220444,0.2582126457082303,0.3893043281214593,0.41197954711468227,100.0,100.0,4846,4002,2654,58,4,0,0.011968633924886504,9.995002498750624E-4,0.0,0.6000000000000001,0.4,0.8,0.5,85.0,70.0,80.0,0.1,0.1,0.6000000000000001,0.4,20.0,50.0,60.0,5733,3637,2096,5733,0.36560265131693703,0.463718053589473,0.5,0.927436107178946,1350,0.3711850426175419,1.0,1
"iteration_4","SCOPE_DATA_COLLECTION",1000,1,130.0,190.0,1,5670,4438,1394,5365,4113,1325,5662,4413,1369,11,31,20,0.0019390093424995593,0.006975697569756975,0.014398848092152628,0.3001859668907392,0.6679231730833266,1.1212975629330666,0.6003719337814784,0.6679231730833266,0.7475317086220444,0.2582126457082303,0.3893043281214593,0.41197954711468227,100.0,100.0,4846,4002,2654,58,4,0,0.011968633924886504,9.995002498750624E-4,0.0,0.6000000000000001,0.4,0.8,0.5,85.0,70.0,80.0,0.1,0.1,0.6000000000000001,0.4,20.0,50.0,60.0,4432,2798,1634,4432,0.3686823104693141,1.0337699294159461,1.0,1.0337699294159461,1839,0.6572551822730521,1.0,1
"iteration_4","SCOPE_DATA_COLLECTION",1000,1,130.0,190.0,2,5670,4438,1394,5365,4113,1325,5662,4413,1369,11,31,20,0.0019390093424995593,0.006975697569756975,0.014398848092152628,0.3001859668907392,0.6679231730833266,1.1212975629330666,0.6003719337814784,0.6679231730833266,0.7475317086220444,0.2582126457082303,0.3893043281214593,0.41197954711468227,100.0,100.0,4846,4002,2654,58,4,0,0.011968633924886504,9.995002498750624E-4,0.0,0.6000000000000001,0.4,0.8,0.5,85.0,70.0,80.0,0.1,0.1,0.6000000000000001,0.4,20.0,50.0,60.0,1423,843,580,1423,0.4075895994378074,1.6858287866578263,1.5,1.1238858577718842,583,0.6915776986951364,1.0,1
"iteration_4","SCOPE_DATA_COLLECTION",1000,2,190.0,250.0,0,5733,4432,1423,5670,4438,1394,3651,2782,854,2096,1634,580,0.3647120236645206,0.370018115942029,0.40446304044630405,0.4639372534933469,1.0264739745941196,1.6797945245527672,0.9278745069866938,1.0264739745941196,1.1198630163685115,0.3722267871815941,0.6524083393242271,0.6885245901639344,100.0,100.0,4929,645,6014,48,0,4262,0.009738283627510651,0.0,0.7086797472564017,0.1,0.1,0.6000000000000001,0.4,20.0,50.0,60.0,0.05,0.1,0.6000000000000001,0.5,30.0,60.0,60.0,5790,2618,3172,5790,0.5478411053540587,0.503248126073349,0.5,1.006496252146698,1225,0.4679144385026738,1.0,1
"iteration_4","SCOPE_DATA_COLLECTION",1000,2,190.0,250.0,1,5733,4432,1423,5670,4438,1394,3651,2782,854,2096,1634,580,0.3647120236645206,0.370018115942029,0.40446304044630405,0.4639372534933469,1.0264739745941196,1.6797945245527672,0.9278745069866938,1.0264739745941196,1.1198630163685115,0.3722267871815941,0.6524083393242271,0.6885245901639344,100.0,100.0,4929,645,6014,48,0,4262,0.009738283627510651,0.0,0.7086797472564017,0.1,0.1,0.6000000000000001,0.4,20.0,50.0,60.0,0.05,0.1,0.6000000000000001,0.5,30.0,60.0,60.0,4583,2035,2548,4583,0.5559677067423086,1.2390172966651403,1.0,1.2390172966651403,1773,0.8712530712530713,1.0,1
"iteration_4","SCOPE_DATA_COLLECTION",1000,2,190.0,250.0,2,5733,4432,1423,5670,4438,1394,3651,2782,854,2096,1634,580,0.3647120236645206,0.370018115942029,0.40446304044630405,0.4639372534933469,1.0264739745941196,1.6797945245527672,0.9278745069866938,1.0264739745941196,1.1198630163685115,0.3722267871815941,0.6524083393242271,0.6885245901639344,100.0,100.0,4929,645,6014,48,0,4262,0.009738283627510651,0.0,0.7086797472564017,0.1,0.1,0.6000000000000001,0.4,20.0,50.0,60.0,0.05,0.1,0.6000000000000001,0.5,30.0,60.0,60.0,1391,608,783,1391,0.5629043853342919,2.0984559935598712,1.5,1.3989706623732474,565,0.9292763157894737,1.0,1
"iteration_4","SCOPE_DATA_COLLECTION",1000,3,250.0,310.0,0,5790,4583,1391,5733,4432,1423,2617,2038,608,3172,2548,783,0.5479357401969253,0.5556040122110771,0.5629043853342919,0.5038104432828946,1.2431729493757233,2.1037310742791124,1.0076208865657892,1.2431729493757233,1.4024873828527415,0.4684753534581582,0.8719332679097154,0.930921052631579,100.0,100.0,4983,317,6464,39,0,6464,0.007826610475617099,0.0,1.0,0.05,0.1,0.6000000000000001,0.5,30.0,60.0,60.0,0.05,0.1,0.6000000000000001,0.5,20.0,70.0,50.0,5779,2619,3160,5779,0.5468074061256273,0.4887869761482127,0.5,0.9775739522964254,1205,0.46009927453226424,1.0,1
"iteration_4","SCOPE_DATA_COLLECTION",1000,3,250.0,310.0,1,5790,4583,1391,5733,4432,1423,2617,2038,608,3172,2548,783,0.5479357401969253,0.5556040122110771,0.5629043853342919,0.5038104432828946,1.2431729493757233,2.1037310742791124,1.0076208865657892,1.2431729493757233,1.4024873828527415,0.4684753534581582,0.8719332679097154,0.930921052631579,100.0,100.0,4983,317,6464,39,0,6464,0.007826610475617099,0.0,1.0,0.05,0.1,0.6000000000000001,0.5,30.0,60.0,60.0,0.05,0.1,0.6000000000000001,0.5,20.0,70.0,50.0,4445,2036,2409,4445,0.5419572553430821,1.186820945757489,1.0,1.186820945757489,1719,0.8443025540275049,1.0,1
"iteration_4","SCOPE_DATA_COLLECTION",1000,3,250.0,310.0,2,5790,4583,1391,5733,4432,1423,2617,2038,608,3172,2548,783,0.5479357401969253,0.5556040122110771,0.5629043853342919,0.5038104432828946,1.2431729493757233,2.1037310742791124,1.0076208865657892,1.2431729493757233,1.4024873828527415,0.4684753534581582,0.8719332679097154,0.930921052631579,100.0,100.0,4983,317,6464,39,0,6464,0.007826610475617099,0.0,1.0,0.05,0.1,0.6000000000000001,0.5,30.0,60.0,60.0,0.05,0.1,0.6000000000000001,0.5,20.0,70.0,50.0,1349,627,722,1349,0.5352112676056338,2.042047374321262,1.5,1.3613649162141748,573,0.9138755980861244,1.0,1
"iteration_4","SCOPE_DATA_COLLECTION",1000,4,310.0,370.0,0,5779,4445,1349,5790,4583,1391,2609,2049,624,3160,2409,722,0.547755243543075,0.5403768506056528,0.5364041604754829,0.4854740020643149,1.1864119655319567,2.035926023490604,0.9709480041286298,1.1864119655319567,1.3572840156604027,0.45496358758144884,0.8452903855539288,0.9118589743589743,97.5,100.0,4869,352,6352,26,0,6265,0.005339905524748409,0.0,0.9863035264483627,0.05,0.1,0.6000000000000001,0.5,20.0,70.0,50.0,0.05,0.1,0.5,0.5,20.0,80.0,60.0,5809,2847,2962,5809,0.5098984334653125,0.48297541405871836,0.5,0.9659508281174367,1252,0.4397611520899192,1.0,1
"iteration_4","SCOPE_DATA_COLLECTION",1000,4,310.0,370.0,1,5779,4445,1349,5790,4583,1391,2609,2049,624,3160,2409,722,0.547755243543075,0.5403768506056528,0.5364041604754829,0.4854740020643149,1.1864119655319567,2.035926023490604,0.9709480041286298,1.1864119655319567,1.3572840156604027,0.45496358758144884,0.8452903855539288,0.9118589743589743,97.5,100.0,4869,352,6352,26,0,6265,0.005339905524748409,0.0,0.9863035264483627,0.05,0.1,0.6000000000000001,0.5,20.0,70.0,50.0,0.05,0.1,0.5,0.5,20.0,80.0,60.0,4420,2169,2251,4420,0.5092760180995475,1.1895371305707438,1.0,1.1895371305707438,1786,0.8234209313047487,1.0,1
"iteration_4","SCOPE_DATA_COLLECTION",1000,4,310.0,370.0,2,5779,4445,1349,5790,4583,1391,2609,2049,624,3160,2409,722,0.547755243543075,0.5403768506056528,0.5364041604754829,0.4854740020643149,1.1864119655319567,2.035926023490604,0.9709480041286298,1.1864119655319567,1.3572840156604027,0.45496358758144884,0.8452903855539288,0.9118589743589743,97.5,100.0,4869,352,6352,26,0,6265,0.005339905524748409,0.0,0.9863035264483627,0.05,0.1,0.6000000000000001,0.5,20.0,70.0,50.0,0.05,0.1,0.5,0.5,20.0,80.0,60.0,1302,610,692,1302,0.5314900153609831,2.030117626131304,1.5,1.3534117507542025,543,0.8901639344262295,1.0,1
"iteration_4","SCOPE_DATA_COLLECTION",1000,5,370.0,430.0,0,5809,4420,1302,5779,4445,1349,2848,2170,610,2962,2251,692,0.5098106712564544,0.5091608233431351,0.5314900153609831,0.4855696677232167,1.191191671223009,2.027706249999312,0.9711393354464334,1.191191671223009,1.3518041666662082,0.44241573033707865,0.8248847926267281,0.8901639344262295,100.0,100.0,5001,347,6183,35,1,5869,0.006998600279944011,0.002881844380403458,0.9492155911369885,0.05,0.1,0.5,0.5,20.0,80.0,60.0,0.05,0.1,0.6000000000000001,0.5,30.0,80.0,70.0,5765,2683,3082,5765,0.5346053772766696,0.4946881775642106,0.5,0.9893763551284211,1260,0.4696235557212076,1.0,1
"iteration_4","SCOPE_DATA_COLLECTION",1000,5,370.0,430.0,1,5809,4420,1302,5779,4445,1349,2848,2170,610,2962,2251,692,0.5098106712564544,0.5091608233431351,0.5314900153609831,0.4855696677232167,1.191191671223009,2.027706249999312,0.9711393354464334,1.191191671223009,1.3518041666662082,0.44241573033707865,0.8248847926267281,0.8901639344262295,100.0,100.0,5001,347,6183,35,1,5869,0.006998600279944011,0.002881844380403458,0.9492155911369885,0.05,0.1,0.5,0.5,20.0,80.0,60.0,0.05,0.1,0.6000000000000001,0.5,30.0,80.0,70.0,4465,2063,2402,4465,0.5379619260918254,1.2131889456394156,1.0,1.2131889456394156,1750,0.8482792050412021,1.0,1
"iteration_4","SCOPE_DATA_COLLECTION",1000,5,370.0,430.0,2,5809,4420,1302,5779,4445,1349,2848,2170,610,2962,2251,692,0.5098106712564544,0.5091608233431351,0.5314900153609831,0.4855696677232167,1.191191671223009,2.027706249999312,0.9711393354464334,1.191191671223009,1.3518041666662082,0.44241573033707865,0.8248847926267281,0.8901639344262295,100.0,100.0,5001,347,6183,35,1,5869,0.006998600279944011,0.002881844380403458,0.9492155911369885,0.05,0.1,0.5,0.5,20.0,80.0,60.0,0.05,0.1,0.6000000000000001,0.5,30.0,80.0,70.0,1349,641,708,1349,0.5248332097850259,2.0193385264283474,1.5,1.3462256842855649,574,0.8954758190327613,1.0,1
"iteration_4","SCOPE_DATA_COLLECTION",1000,6,430.0,490.0,0,5765,4465,1349,5809,4420,1302,2692,2061,637,3082,2402,708,0.5337720817457569,0.5382030024647099,0.5263940520446097,0.4946958482323716,1.2152979339910877,2.028405967232179,0.9893916964647432,1.2152979339910877,1.3522706448214528,0.4699108469539376,0.8471615720524017,0.8979591836734694,100.0,100.0,4973,316,6290,51,1,6140,0.010255379046853006,0.0031645569620253164,0.9761526232114467,0.05,0.1,0.6000000000000001,0.5,30.0,80.0,70.0,0.9500000000000001,0.9,0.5,0.4,50.0,75.0,45.0,5907,5889,18,5907,0.0030472320975114273,0.3184777059285151,0.5,0.6369554118570302,1639,0.2783155034810664,1.0,1
"iteration_4","SCOPE_DATA_COLLECTION",1000,6,430.0,490.0,1,5765,4465,1349,5809,4420,1302,2692,2061,637,3082,2402,708,0.5337720817457569,0.5382030024647099,0.5263940520446097,0.4946958482323716,1.2152979339910877,2.028405967232179,0.9893916964647432,1.2152979339910877,1.3522706448214528,0.4699108469539376,0.8471615720524017,0.8979591836734694,100.0,100.0,4973,316,6290,51,1,6140,0.010255379046853006,0.0031645569620253164,0.9761526232114467,0.05,0.1,0.6000000000000001,0.5,30.0,80.0,70.0,0.9500000000000001,0.9,0.5,0.4,50.0,75.0,45.0,4460,4439,21,4460,0.0047085201793721975,0.645932168402155,1.0,0.645932168402155,1674,0.3771119621536382,1.0,1
"iteration_4","SCOPE_DATA_COLLECTION",1000,6,430.0,490.0,2,5765,4465,1349,5809,4420,1302,2692,2061,637,3082,2402,708,0.5337720817457569,0.5382030024647099,0.5263940520446097,0.4946958482323716,1.2152979339910877,2.028405967232179,0.9893916964647432,1.2152979339910877,1.3522706448214528,0.4699108469539376,0.8471615720524017,0.8979591836734694,100.0,100.0,4973,316,6290,51,1,6140,0.010255379046853006,0.0031645569620253164,0.9761526232114467,0.05,0.1,0.6000000000000001,0.5,30.0,80.0,70.0,0.9500000000000001,0.9,0.5,0.4,50.0,75.0,45.0,1385,1367,18,1385,0.012996389891696752,1.1207357634663835,1.5,0.7471571756442557,557,0.4074615947329919,1.0,1
"iteration_4","SCOPE_DATA_COLLECTION",1000,7,490.0,550.0,0,5907,4460,1385,5765,4465,1349,5879,4434,1369,18,20,18,0.003052399525182296,0.00449034575662326,0.012977649603460706,0.31792281927538946,0.6469062581892275,1.1206431895842452,0.6358456385507789,0.6469062581892275,0.7470954597228302,0.27708794012587173,0.3786648624267028,0.40759678597516436,100.0,100.0,4798,6580,374,40,9,7,0.008336807002917883,0.0013677811550151975,0.01871657754010695,0.9500000000000001,0.9,0.5,0.4,50.0,75.0,45.0,0.8500000000000001,0.9,0.5,0.4,60.0,85.0,35.0,5661,5649,12,5661,0.0021197668256491787,0.31131100486484903,0.5,0.6226220097296981,1550,0.2743848468755532,1.0,1
"iteration_4","SCOPE_DATA_COLLECTION",1000,7,490.0,550.0,1,5907,4460,1385,5765,4465,1349,5879,4434,1369,18,20,18,0.003052399525182296,0.00449034575662326,0.012977649603460706,0.31792281927538946,0.6469062581892275,1.1206431895842452,0.6358456385507789,0.6469062581892275,0.7470954597228302,0.27708794012587173,0.3786648624267028,0.40759678597516436,100.0,100.0,4798,6580,374,40,9,7,0.008336807002917883,0.0013677811550151975,0.01871657754010695,0.9500000000000001,0.9,0.5,0.4,50.0,75.0,45.0,0.8500000000000001,0.9,0.5,0.4,60.0,85.0,35.0,4334,4317,17,4334,0.003922473465620674,0.6582691216005215,1.0,0.6582691216005215,1674,0.3877692842251564,1.0,1
"iteration_4","SCOPE_DATA_COLLECTION",1000,7,490.0,550.0,2,5907,4460,1385,5765,4465,1349,5879,4434,1369,18,20,18,0.003052399525182296,0.00449034575662326,0.012977649603460706,0.31792281927538946,0.6469062581892275,1.1206431895842452,0.6358456385507789,0.6469062581892275,0.7470954597228302,0.27708794012587173,0.3786648624267028,0.40759678597516436,100.0,100.0,4798,6580,374,40,9,7,0.008336807002917883,0.0013677811550151975,0.01871657754010695,0.9500000000000001,0.9,0.5,0.4,50.0,75.0,45.0,0.8500000000000001,0.9,0.5,0.4,60.0,85.0,35.0,1393,1372,21,1393,0.01507537688442211,1.1093820129150564,1.5,0.7395880086100376,563,0.4103498542274053,1.0,1
"iteration_4","SCOPE_DATA_COLLECTION",1000,8,550.0,610.0,0,5661,4334,1393,5907,4460,1385,5646,4320,1368,12,18,21,0.0021208907741251328,0.004149377593360996,0.01511879049676026,0.31145189882487084,0.6578675489647002,1.1091388611402047,0.6229037976497417,0.6578675489647002,0.7394259074268031,0.27506199078993976,0.38773148148148145,0.4100877192982456,97.5,100.0,4749,5637,1002,46,5,0,0.009686249736786692,8.869966294128083E-4,0.0,0.8500000000000001,0.9,0.5,0.4,60.0,85.0,35.0,0.9500000000000001,0.9,0.4,0.5,70.0,95.0,35.0,5869,5854,15,5869,0.0025558016697904244,0.31477523365234017,0.5,0.6295504673046803,1592,0.2719508028698326,1.0,1
"iteration_4","SCOPE_DATA_COLLECTION",1000,8,550.0,610.0,1,5661,4334,1393,5907,4460,1385,5646,4320,1368,12,18,21,0.0021208907741251328,0.004149377593360996,0.01511879049676026,0.31145189882487084,0.6578675489647002,1.1091388611402047,0.6229037976497417,0.6578675489647002,0.7394259074268031,0.27506199078993976,0.38773148148148145,0.4100877192982456,97.5,100.0,4749,5637,1002,46,5,0,0.009686249736786692,8.869966294128083E-4,0.0,0.8500000000000001,0.9,0.5,0.4,60.0,85.0,35.0,0.9500000000000001,0.9,0.4,0.5,70.0,95.0,35.0,4458,4443,15,4458,0.0033647375504710633,0.6437792773377987,1.0,0.6437792773377987,1670,0.37587215845149674,1.0,1
"iteration_4","SCOPE_DATA_COLLECTION",1000,8,550.0,610.0,2,5661,4334,1393,5907,4460,1385,5646,4320,1368,12,18,21,0.0021208907741251328,0.004149377593360996,0.01511879049676026,0.31145189882487084,0.6578675489647002,1.1091388611402047,0.6229037976497417,0.6578675489647002,0.7394259074268031,0.27506199078993976,0.38773148148148145,0.4100877192982456,97.5,100.0,4749,5637,1002,46,5,0,0.009686249736786692,8.869966294128083E-4,0.0,0.8500000000000001,0.9,0.5,0.4,60.0,85.0,35.0,0.9500000000000001,0.9,0.4,0.5,70.0,95.0,35.0,1429,1412,17,1429,0.011896431070678797,1.0666273000169113,1.5,0.7110848666779409,535,0.37889518413597734,1.0,1
"iteration_4","SCOPE_DATA_COLLECTION",1000,9,610.0,670.0,0,5869,4458,1429,5661,4334,1393,5861,4444,1406,15,15,17,0.0025527569775357388,0.0033639829558196905,0.011946591707659873,0.31417879318531955,0.644302219233705,1.0651877243490036,0.6283575863706391,0.644302219233705,0.7101251495660024,0.27094352499573454,0.37601260126012603,0.3790896159317212,100.0,100.0,4791,6609,356,41,6,0,0.008557712377374243,9.078529278256923E-4,0.0,0.9500000000000001,0.9,0.4,0.5,70.0,95.0,35.0,0.8500000000000001,0.9,0.30000000000000004,0.5,80.0,95.0,25.0,5837,5824,13,5837,0.0022271714922048997,0.30462365213409553,0.5,0.6092473042681911,1538,0.26407967032967034,1.0,1
"iteration_4","SCOPE_DATA_COLLECTION",1000,9,610.0,670.0,1,5869,4458,1429,5661,4334,1393,5861,4444,1406,15,15,17,0.0025527569775357388,0.0033639829558196905,0.011946591707659873,0.31417879318531955,0.644302219233705,1.0651877243490036,0.6283575863706391,0.644302219233705,0.7101251495660024,0.27094352499573454,0.37601260126012603,0.3790896159317212,100.0,100.0,4791,6609,356,41,6,0,0.008557712377374243,9.078529278256923E-4,0.0,0.9500000000000001,0.9,0.4,0.5,70.0,95.0,35.0,0.8500000000000001,0.9,0.30000000000000004,0.5,80.0,95.0,25.0,4578,4561,17,4578,0.003713411970292704,0.6225972261371712,1.0,0.6225972261371712,1674,0.36702477526858146,1.0,1
"iteration_4","SCOPE_DATA_COLLECTION",1000,9,610.0,670.0,2,5869,4458,1429,5661,4334,1393,5861,4444,1406,15,15,17,0.0025527569775357388,0.0033639829558196905,0.011946591707659873,0.31417879318531955,0.644302219233705,1.0651877243490036,0.6283575863706391,0.644302219233705,0.7101251495660024,0.27094352499573454,0.37601260126012603,0.3790896159317212,100.0,100.0,4791,6609,356,41,6,0,0.008557712377374243,9.078529278256923E-4,0.0,0.9500000000000001,0.9,0.4,0.5,70.0,95.0,35.0,0.8500000000000001,0.9,0.30000000000000004,0.5,80.0,95.0,25.0,1378,1355,23,1378,0.016690856313497822,1.0987353436978546,1.5,0.7324902291319031,545,0.4022140221402214,1.0,1
"iteration_4","SCOPE_DATA_COLLECTION",1000,10,670.0,730.0,0,5837,4578,1378,5869,4458,1429,5815,4567,1365,13,17,23,0.002230610844200412,0.0037085514834205935,0.016570605187319884,0.3050501568408568,0.6222162680512277,1.101416600915063,0.6101003136817136,0.6222162680512277,0.7342777339433754,0.26397248495270853,0.3663236260126998,0.40293040293040294,92.5,100.0,4779,5952,1062,50,3,0,0.010462439840970915,5.040322580645161E-4,0.0,0.8500000000000001,0.9,0.30000000000000004,0.5,80.0,95.0,25.0,0.6000000000000001,0.1,0.7000000000000001,0.2,45.0,80.0,65.0,5773,5764,9,5773,0.0015589814654425776,0.274000374095523,0.5,0.548000748191046,1106,0.19188063844552394,1.0,1
"iteration_4","SCOPE_DATA_COLLECTION",1000,10,670.0,730.0,1,5837,4578,1378,5869,4458,1429,5815,4567,1365,13,17,23,0.002230610844200412,0.0037085514834205935,0.016570605187319884,0.3050501568408568,0.6222162680512277,1.101416600915063,0.6101003136817136,0.6222162680512277,0.7342777339433754,0.26397248495270853,0.3663236260126998,0.40293040293040294,92.5,100.0,4779,5952,1062,50,3,0,0.010462439840970915,5.040322580645161E-4,0.0,0.8500000000000001,0.9,0.30000000000000004,0.5,80.0,95.0,25.0,0.6000000000000001,0.1,0.7000000000000001,0.2,45.0,80.0,65.0,4551,4531,20,4551,0.004394638540980004,0.6551800115982487,1.0,0.6551800115982487,1751,0.3864489075259325,1.0,1
"iteration_4","SCOPE_DATA_COLLECTION",1000,10,670.0,730.0,2,5837,4578,1378,5869,4458,1429,5815,4567,1365,13,17,23,0.002230610844200412,0.0037085514834205935,0.016570605187319884,0.3050501568408568,0.6222162680512277,1.101416600915063,0.6101003136817136,0.6222162680512277,0.7342777339433754,0.26397248495270853,0.3663236260126998,0.40293040293040294,92.5,100.0,4779,5952,1062,50,3,0,0.010462439840970915,5.040322580645161E-4,0.0,0.8500000000000001,0.9,0.30000000000000004,0.5,80.0,95.0,25.0,0.6000000000000001,0.1,0.7000000000000001,0.2,45.0,80.0,65.0,1343,1328,15,1343,0.011169024571854059,1.1102441749821146,1.5,0.7401627833214097,556,0.4186746987951807,1.0,1
"iteration_4","SCOPE_DATA_COLLECTION",1000,11,730.0,790.0,0,5773,4551,1343,5837,4578,1378,5754,4498,1326,9,20,15,0.0015616866215512754,0.004426737494466578,0.011185682326621925,0.27362067998594064,0.6520126453732101,1.1073628106482376,0.5472413599718813,0.6520126453732101,0.7382418737654918,0.19256169621133123,0.38550466874166295,0.41855203619909503,97.5,100.0,4875,4024,2768,28,3,13,0.005743589743589744,7.455268389662028E-4,0.004696531791907515,0.6000000000000001,0.1,0.7000000000000001,0.2,45.0,80.0,65.0,0.5,0.1,0.7000000000000001,0.1,45.0,80.0,55.0,5766,5740,26,5766,0.004509191814082553,0.28874767513554533,0.5,0.5774953502710907,1214,0.21149825783972126,1.0,1
"iteration_4","SCOPE_DATA_COLLECTION",1000,11,730.0,790.0,1,5773,4551,1343,5837,4578,1378,5754,4498,1326,9,20,15,0.0015616866215512754,0.004426737494466578,0.011185682326621925,0.27362067998594064,0.6520126453732101,1.1073628106482376,0.5472413599718813,0.6520126453732101,0.7382418737654918,0.19256169621133123,0.38550466874166295,0.41855203619909503,97.5,100.0,4875,4024,2768,28,3,13,0.005743589743589744,7.455268389662028E-4,0.004696531791907515,0.6000000000000001,0.1,0.7000000000000001,0.2,45.0,80.0,65.0,0.5,0.1,0.7000000000000001,0.1,45.0,80.0,55.0,4404,4376,28,4404,0.006357856494096276,0.6714081615582214,1.0,0.6714081615582214,1726,0.3944241316270567,1.0,1
"iteration_4","SCOPE_DATA_COLLECTION",1000,11,730.0,790.0,2,5773,4551,1343,5837,4578,1378,5754,4498,1326,9,20,15,0.0015616866215512754,0.004426737494466578,0.011185682326621925,0.27362067998594064,0.6520126453732101,1.1073628106482376,0.5472413599718813,0.6520126453732101,0.7382418737654918,0.19256169621133123,0.38550466874166295,0.41855203619909503,97.5,100.0,4875,4024,2768,28,3,13,0.005743589743589744,7.455268389662028E-4,0.004696531791907515,0.6000000000000001,0.1,0.7000000000000001,0.2,45.0,80.0,65.0,0.5,0.1,0.7000000000000001,0.1,45.0,80.0,55.0,1317,1304,13,1317,0.009870918754745633,1.1440717782504095,1.5,0.7627145188336063,571,0.4378834355828221,1.0,1
"iteration_4","SCOPE_DATA_COLLECTION",1000,12,790.0,850.0,0,5766,4404,1317,5773,4551,1343,5758,4403,1303,26,28,13,0.004495159059474412,0.00631911532385466,0.009878419452887538,0.2895715841258618,0.6754521273075648,1.1481903522181016,0.5791431682517236,0.6754521273075648,0.7654602348120677,0.21187912469607503,0.3960935725641608,0.4382194934765925,97.5,100.0,4891,3356,3240,21,0,46,0.004293600490697199,0.0,0.014197530864197531,0.5,0.1,0.7000000000000001,0.1,45.0,80.0,55.0,0.5,0.1,0.7000000000000001,0.1,45.0,80.0,55.0,5912,5891,21,5912,0.0035520974289580515,0.2936903649347493,0.5,0.5873807298694986,1304,0.22135460872517398,1.0,1
"iteration_4","SCOPE_DATA_COLLECTION",1000,12,790.0,850.0,1,5766,4404,1317,5773,4551,1343,5758,4403,1303,26,28,13,0.004495159059474412,0.00631911532385466,0.009878419452887538,0.2895715841258618,0.6754521273075648,1.1481903522181016,0.5791431682517236,0.6754521273075648,0.7654602348120677,0.21187912469607503,0.3960935725641608,0.4382194934765925,97.5,100.0,4891,3356,3240,21,0,46,0.004293600490697199,0.0,0.014197530864197531,0.5,0.1,0.7000000000000001,0.1,45.0,80.0,55.0,0.5,0.1,0.7000000000000001,0.1,45.0,80.0,55.0,4331,4300,31,4331,0.007157700300161625,0.6902794746868255,1.0,0.6902794746868255,1747,0.4062790697674419,1.0,1
"iteration_4","SCOPE_DATA_COLLECTION",1000,12,790.0,850.0,2,5766,4404,1317,5773,4551,1343,5758,4403,1303,26,28,13,0.004495159059474412,0.00631911532385466,0.009878419452887538,0.2895715841258618,0.6754521273075648,1.1481903522181016,0.5791431682517236,0.6754521273075648,0.7654602348120677,0.21187912469607503,0.3960935725641608,0.4382194934765925,97.5,100.0,4891,3356,3240,21,0,46,0.004293600490697199,0.0,0.014197530864197531,0.5,0.1,0.7000000000000001,0.1,45.0,80.0,55.0,0.5,0.1,0.7000000000000001,0.1,45.0,80.0,55.0,1312,1300,12,1312,0.009146341463414634,1.1657151318643046,1.5,0.7771434212428697,578,0.44461538461538463,1.0,1
"iteration_4","SCOPE_DATA_COLLECTION",1000,13,850.0,910.0,0,5912,4331,1312,5766,4404,1317,5900,4295,1306,21,31,12,0.0035466981928728254,0.007165973185390661,0.009104704097116844,0.2944511317234702,0.6878106907771019,1.1660020431820735,0.5889022634469404,0.6878106907771019,0.7773346954547157,0.22322033898305085,0.4041909196740396,0.444104134762634,97.5,100.0,4912,3328,3315,16,3,45,0.003257328990228013,9.014423076923077E-4,0.013574660633484163,0.5,0.1,0.7000000000000001,0.1,45.0,80.0,55.0,0.4,0.1,0.7000000000000001,0.1,35.0,90.0,65.0,5810,5332,478,5810,0.08227194492254733,0.3399836065066662,0.5,0.6799672130133324,1403,0.26312828207051764,1.0,1
"iteration_4","SCOPE_DATA_COLLECTION",1000,13,850.0,910.0,1,5912,4331,1312,5766,4404,1317,5900,4295,1306,21,31,12,0.0035466981928728254,0.007165973185390661,0.009104704097116844,0.2944511317234702,0.6878106907771019,1.1660020431820735,0.5889022634469404,0.6878106907771019,0.7773346954547157,0.22322033898305085,0.4041909196740396,0.444104134762634,97.5,100.0,4912,3328,3315,16,3,45,0.003257328990228013,9.014423076923077E-4,0.013574660633484163,0.5,0.1,0.7000000000000001,0.1,45.0,80.0,55.0,0.4,0.1,0.7000000000000001,0.1,35.0,90.0,65.0,4538,4111,427,4538,0.09409431467606875,0.758062091414293,1.0,0.758062091414293,1795,0.4366334225249331,1.0,1
"iteration_4","SCOPE_DATA_COLLECTION",1000,13,850.0,910.0,2,5912,4331,1312,5766,4404,1317,5900,4295,1306,21,31,12,0.0035466981928728254,0.007165973185390661,0.009104704097116844,0.2944511317234702,0.6878106907771019,1.1660020431820735,0.5889022634469404,0.6878106907771019,0.7773346954547157,0.22322033898305085,0.4041909196740396,0.444104134762634,97.5,100.0,4912,3328,3315,16,3,45,0.003257328990228013,9.014423076923077E-4,0.013574660633484163,0.5,0.1,0.7000000000000001,0.1,45.0,80.0,55.0,0.4,0.1,0.7000000000000001,0.1,35.0,90.0,65.0,1353,1208,145,1353,0.10716925351071692,1.2113461944395396,1.5,0.8075641296263597,546,0.4519867549668874,1.0,1
"iteration_4","SCOPE_DATA_COLLECTION",1000,14,910.0,970.0,0,5810,4538,1353,5912,4331,1312,5301,4104,1204,478,427,145,0.08271327219242083,0.09423968218936217,0.10748702742772424,0.33744540975372217,0.7595111915609217,1.2099119438263355,0.6748908195074443,0.7595111915609217,0.8066079625508903,0.2586304470854556,0.43932748538011696,0.45348837209302323,100.0,100.0,4883,2731,4087,17,1,1032,0.003481466311693631,3.661662394727206E-4,0.25250795204306337,0.4,0.1,0.7000000000000001,0.1,35.0,90.0,65.0,0.4,0.1,0.7000000000000001,0.1,35.0,90.0,65.0,5720,5120,600,5720,0.1048951048951049,0.35546462132111556,0.5,0.7109292426422311,1332,0.26015625,1.0,1
"iteration_4","SCOPE_DATA_COLLECTION",1000,14,910.0,970.0,1,5810,4538,1353,5912,4331,1312,5301,4104,1204,478,427,145,0.08271327219242083,0.09423968218936217,0.10748702742772424,0.33744540975372217,0.7595111915609217,1.2099119438263355,0.6748908195074443,0.7595111915609217,0.8066079625508903,0.2586304470854556,0.43932748538011696,0.45348837209302323,100.0,100.0,4883,2731,4087,17,1,1032,0.003481466311693631,3.661662394727206E-4,0.25250795204306337,0.4,0.1,0.7000000000000001,0.1,35.0,90.0,65.0,0.4,0.1,0.7000000000000001,0.1,35.0,90.0,65.0,4527,4067,460,4527,0.10161254694057875,0.7874590744576778,1.0,0.7874590744576778,1889,0.4644701253995574,1.0,1
"iteration_4","SCOPE_DATA_COLLECTION",1000,14,910.0,970.0,2,5810,4538,1353,5912,4331,1312,5301,4104,1204,478,427,145,0.08271327219242083,0.09423968218936217,0.10748702742772424,0.33744540975372217,0.7595111915609217,1.2099119438263355,0.6748908195074443,0.7595111915609217,0.8066079625508903,0.2586304470854556,0.43932748538011696,0.45348837209302323,100.0,100.0,4883,2731,4087,17,1,1032,0.003481466311693631,3.661662394727206E-4,0.25250795204306337,0.4,0.1,0.7000000000000001,0.1,35.0,90.0,65.0,0.4,0.1,0.7000000000000001,0.1,35.0,90.0,65.0,1336,1178,158,1336,0.11826347305389222,1.2648730629899398,1.5,0.8432487086599599,571,0.4847198641765705,1.0,1
"iteration_4","SCOPE_DATA_COLLECTION",1000,15,970.0,1030.0,0,5720,4527,1336,5810,4538,1353,5130,4063,1170,600,460,158,0.10471204188481675,0.10170240990493036,0.11897590361445783,0.3564853338926012,0.7843366894392261,1.2679053020687032,0.7129706677852023,0.7843366894392261,0.8452702013791354,0.2625730994152047,0.4617277873492493,0.4863247863247863,100.0,100.0,4872,2703,4008,23,4,1191,0.004720853858784894,0.0014798372179060304,0.2971556886227545,0.4,0.1,0.7000000000000001,0.1,35.0,90.0,65.0,0.5,0.2,0.7000000000000001,0.1,25.0,90.0,65.0,5824,5701,123,5824,0.021119505494505496,0.3057724635798176,0.5,0.6115449271596352,1398,0.2452201368181021,1.0,1
"iteration_4","SCOPE_DATA_COLLECTION",1000,15,970.0,1030.0,1,5720,4527,1336,5810,4538,1353,5130,4063,1170,600,460,158,0.10471204188481675,0.10170240990493036,0.11897590361445783,0.3564853338926012,0.7843366894392261,1.2679053020687032,0.7129706677852023,0.7843366894392261,0.8452702013791354,0.2625730994152047,0.4617277873492493,0.4863247863247863,100.0,100.0,4872,2703,4008,23,4,1191,0.004720853858784894,0.0014798372179060304,0.2971556886227545,0.4,0.1,0.7000000000000001,0.1,35.0,90.0,65.0,0.5,0.2,0.7000000000000001,0.1,25.0,90.0,65.0,4509,4405,104,4509,0.023064981148813484,0.6831108292374007,1.0,0.6831108292374007,1742,0.3954597048808173,1.0,1
"iteration_4","SCOPE_DATA_COLLECTION",1000,15,970.0,1030.0,2,5720,4527,1336,5810,4538,1353,5130,4063,1170,600,460,158,0.10471204188481675,0.10170240990493036,0.11897590361445783,0.3564853338926012,0.7843366894392261,1.2679053020687032,0.7129706677852023,0.7843366894392261,0.8452702013791354,0.2625730994152047,0.4617277873492493,0.4863247863247863,100.0,100.0,4872,2703,4008,23,4,1191,0.004720853858784894,0.0014798372179060304,0.2971556886227545,0.4,0.1,0.7000000000000001,0.1,35.0,90.0,65.0,0.5,0.2,0.7000000000000001,0.1,25.0,90.0,65.0,1428,1375,53,1428,0.03711484593837535,1.1115397741077482,1.5,0.7410265160718321,569,0.4138181818181818,1.0,1
"iteration_4","SCOPE_DATA_COLLECTION",1000,16,1030.0,1090.0,0,5824,4509,1428,5720,4527,1336,5709,4416,1383,122,104,53,0.020922654776196193,0.023008849557522124,0.03690807799442897,0.3067652975927026,0.683940730777612,1.1101720892692768,0.6135305951854052,0.683940730777612,0.7401147261795179,0.24610264494657558,0.3965126811594203,0.4121475054229935,97.5,100.0,4757,3461,3543,21,2,256,0.004414546983392895,5.778676683039584E-4,0.07225515100197573,0.5,0.2,0.7000000000000001,0.1,25.0,90.0,65.0,0.5,0.2,0.7000000000000001,0.1,25.0,90.0,65.0,5715,5666,49,5715,0.008573928258967628,0.30872261068364776,0.5,0.6174452213672955,1424,0.25132368513942815,1.0,1
"iteration_4","SCOPE_DATA_COLLECTION",1000,16,1030.0,1090.0,1,5824,4509,1428,5720,4527,1336,5709,4416,1383,122,104,53,0.020922654776196193,0.023008849557522124,0.03690807799442897,0.3067652975927026,0.683940730777612,1.1101720892692768,0.6135305951854052,0.683940730777612,0.7401147261795179,0.24610264494657558,0.3965126811594203,0.4121475054229935,97.5,100.0,4757,3461,3543,21,2,256,0.004414546983392895,5.778676683039584E-4,0.07225515100197573,0.5,0.2,0.7000000000000001,0.1,25.0,90.0,65.0,0.5,0.2,0.7000000000000001,0.1,25.0,90.0,65.0,4442,4397,45,4442,0.010130571814497974,0.6681928585703365,1.0,0.6681928585703365,1702,0.3870821014327951,1.0,1
"iteration_4","SCOPE_DATA_COLLECTION",1000,16,1030.0,1090.0,2,5824,4509,1428,5720,4527,1336,5709,4416,1383,122,104,53,0.020922654776196193,0.023008849557522124,0.03690807799442897,0.3067652975927026,0.683940730777612,1.1101720892692768,0.6135305951854052,0.683940730777612,0.7401147261795179,0.24610264494657558,0.3965126811594203,0.4121475054229935,97.5,100.0,4757,3461,3543,21,2,256,0.004414546983392895,5.778676683039584E-4,0.07225515100197573,0.5,0.2,0.7000000000000001,0.1,25.0,90.0,65.0,0.5,0.2,0.7000000000000001,0.1,25.0,90.0,65.0,1404,1393,11,1404,0.007834757834757835,1.1126078133558397,1.5,0.7417385422372265,582,0.4178033022254128,1.0,1
"iteration_4","SCOPE_DATA_COLLECTION",1000,17,1090.0,1150.0,0,5715,4442,1404,5824,4509,1428,5676,4397,1390,50,45,11,0.008732099196646874,0.010130571814497974,0.007851534618129907,0.3086887988108623,0.6692313309065352,1.1190864073920221,0.6173775976217246,0.6692313309065352,0.7460576049280148,0.2512332628611698,0.3868546736411189,0.420863309352518,100.0,100.0,4833,3383,3345,24,2,80,0.004965859714463066,5.911912503694946E-4,0.02391629297458894,0.5,0.2,0.7000000000000001,0.1,25.0,90.0,65.0,0.5,0.2,0.7000000000000001,0.1,25.0,90.0,65.0,5732,5675,57,5732,0.00994417306350314,0.30419478274830225,0.5,0.6083895654966045,1414,0.24916299559471367,1.0,1
"iteration_4","SCOPE_DATA_COLLECTION",1000,17,1090.0,1150.0,1,5715,4442,1404,5824,4509,1428,5676,4397,1390,50,45,11,0.008732099196646874,0.010130571814497974,0.007851534618129907,0.3086887988108623,0.6692313309065352,1.1190864073920221,0.6173775976217246,0.6692313309065352,0.7460576049280148,0.2512332628611698,0.3868546736411189,0.420863309352518,100.0,100.0,4833,3383,3345,24,2,80,0.004965859714463066,5.911912503694946E-4,0.02391629297458894,0.5,0.2,0.7000000000000001,0.1,25.0,90.0,65.0,0.5,0.2,0.7000000000000001,0.1,25.0,90.0,65.0,4398,4349,49,4398,0.011141427921782628,0.6622250415941686,1.0,0.6622250415941686,1686,0.3876753276615314,1.0,1
"iteration_4","SCOPE_DATA_COLLECTION",1000,17,1090.0,1150.0,2,5715,4442,1404,5824,4509,1428,5676,4397,1390,50,45,11,0.008732099196646874,0.010130571814497974,0.007851534618129907,0.3086887988108623,0.6692313309065352,1.1190864073920221,0.6173775976217246,0.6692313309065352,0.7460576049280148,0.2512332628611698,0.3868546736411189,0.420863309352518,100.0,100.0,4833,3383,3345,24,2,80,0.004965859714463066,5.911912503694946E-4,0.02391629297458894,0.5,0.2,0.7000000000000001,0.1,25.0,90.0,65.0,0.5,0.2,0.7000000000000001,0.1,25.0,90.0,65.0,1424,1396,28,1424,0.019662921348314606,1.0960421953455126,1.5,0.7306947968970084,579,0.414756446991404,1.0,1
"iteration_4","SCOPE_DATA_COLLECTION",1000,18,1150.0,1210.0,0,5732,4398,1424,5715,4442,1404,5666,4343,1391,57,49,28,0.009959811287786125,0.011156648451730419,0.019732205778717406,0.30351518948036393,0.661414066885325,1.0909867775802664,0.6070303789607279,0.661414066885325,0.7273245183868443,0.2483233321567243,0.3884411696983652,0.4119338605319914,100.0,100.0,4766,3433,3355,15,3,116,0.003147293327738145,8.73871249635887E-4,0.034575260804769005,0.5,0.2,0.7000000000000001,0.1,25.0,90.0,65.0,0.6000000000000001,0.1,0.6000000000000001,0.1,25.0,95.0,55.0,5718,5717,1,5718,1.7488632388947185E-4,0.28408663634201,0.5,0.56817327268402,1214,0.2123491341612734,1.0,1
"iteration_4","SCOPE_DATA_COLLECTION",1000,18,1150.0,1210.0,1,5732,4398,1424,5715,4442,1404,5666,4343,1391,57,49,28,0.009959811287786125,0.011156648451730419,0.019732205778717406,0.30351518948036393,0.661414066885325,1.0909867775802664,0.6070303789607279,0.661414066885325,0.7273245183868443,0.2483233321567243,0.3884411696983652,0.4119338605319914,100.0,100.0,4766,3433,3355,15,3,116,0.003147293327738145,8.73871249635887E-4,0.034575260804769005,0.5,0.2,0.7000000000000001,0.1,25.0,90.0,65.0,0.6000000000000001,0.1,0.6000000000000001,0.1,25.0,95.0,55.0,4537,4525,12,4537,0.0026449195503636764,0.6738140011927366,1.0,0.6738140011927366,1799,0.39756906077348064,1.0,1
"iteration_4","SCOPE_DATA_COLLECTION",1000,18,1150.0,1210.0,2,5732,4398,1424,5715,4442,1404,5666,4343,1391,57,49,28,0.009959811287786125,0.011156648451730419,0.019732205778717406,0.30351518948036393,0.661414066885325,1.0909867775802664,0.6070303789607279,0.661414066885325,0.7273245183868443,0.2483233321567243,0.3884411696983652,0.4119338605319914,100.0,100.0,4766,3433,3355,15,3,116,0.003147293327738145,8.73871249635887E-4,0.034575260804769005,0.5,0.2,0.7000000000000001,0.1,25.0,90.0,65.0,0.6000000000000001,0.1,0.6000000000000001,0.1,25.0,95.0,55.0,1356,1351,5,1356,0.003687315634218289,1.0964319544045236,1.5,0.7309546362696824,560,0.41450777202072536,1.0,1
"iteration_4","SCOPE_DATA_COLLECTION",1000,19,1210.0,1270.0,0,5718,4537,1356,5732,4398,1424,5719,4526,1355,1,12,4,1.7482517482517483E-4,0.002644336712208021,0.0029433406916850625,0.28445101050883154,0.6748701046692994,1.094364673994378,0.5689020210176631,0.6748701046692994,0.7295764493295853,0.21279944046161917,0.397039328325232,0.4140221402214022,95.0,100.0,4942,4012,2657,14,3,0,0.0028328611898017,7.477567298105683E-4,0.0,0.6000000000000001,0.1,0.6000000000000001,0.1,25.0,95.0,55.0,0.55,0.30000000000000004,0.30000000000000004,0.30000000000000004,25.0,30.0,40.0,5876,5870,6,5876,0.0010211027910142954,0.2967779138838716,0.5,0.5935558277677432,1377,0.23458262350936968,1.0,1
"iteration_4","SCOPE_DATA_COLLECTION",1000,19,1210.0,1270.0,1,5718,4537,1356,5732,4398,1424,5719,4526,1355,1,12,4,1.7482517482517483E-4,0.002644336712208021,0.0029433406916850625,0.28445101050883154,0.6748701046692994,1.094364673994378,0.5689020210176631,0.6748701046692994,0.7295764493295853,0.21279944046161917,0.397039328325232,0.4140221402214022,95.0,100.0,4942,4012,2657,14,3,0,0.0028328611898017,7.477567298105683E-4,0.0,0.6000000000000001,0.1,0.6000000000000001,0.1,25.0,95.0,55.0,0.55,0.30000000000000004,0.30000000000000004,0.30000000000000004,25.0,30.0,40.0,4472,4458,14,4472,0.0031305903398926656,0.6533579833090172,1.0,0.6533579833090172,1719,0.3855989232839839,1.0,1
"iteration_4","SCOPE_DATA_COLLECTION",1000,19,1210.0,1270.0,2,5718,4537,1356,5732,4398,1424,5719,4526,1355,1,12,4,1.7482517482517483E-4,0.002644336712208021,0.0029433406916850625,0.28445101050883154,0.6748701046692994,1.094364673994378,0.5689020210176631,0.6748701046692994,0.7295764493295853,0.21279944046161917,0.397039328325232,0.4140221402214022,95.0,100.0,4942,4012,2657,14,3,0,0.0028328611898017,7.477567298105683E-4,0.0,0.6000000000000001,0.1,0.6000000000000001,0.1,25.0,95.0,55.0,0.55,0.30000000000000004,0.30000000000000004,0.30000000000000004,25.0,30.0,40.0,1316,1305,11,1316,0.008358662613981762,1.1365609788239182,1.5,0.7577073192159455,549,0.4206896551724138,1.0,1
"iteration_4","SCOPE_DATA_COLLECTION",1000,20,1270.0,1330.0,0,5876,4472,1316,5718,4537,1356,5866,4456,1309,6,14,12,0.0010217983651226157,0.003131991051454139,0.009084027252081756,0.2957785960208203,0.6531500153434051,1.1396839402313854,0.5915571920416406,0.6531500153434051,0.7597892934875903,0.23389021479713604,0.38532315978456017,0.42245989304812837,97.5,100.0,4831,3789,3044,30,2,0,0.00620989443179466,5.278437582475588E-4,0.0,0.55,0.30000000000000004,0.30000000000000004,0.30000000000000004,25.0,30.0,40.0,0.8500000000000001,0.6000000000000001,0.8,0.6000000000000001,55.0,40.0,95.0,5631,5621,10,5631,0.001775883502042266,0.31136658825838043,0.5,0.6227331765167609,1500,0.26685643123999286,1.0,1
"iteration_4","SCOPE_DATA_COLLECTION",1000,20,1270.0,1330.0,1,5876,4472,1316,5718,4537,1356,5866,4456,1309,6,14,12,0.0010217983651226157,0.003131991051454139,0.009084027252081756,0.2957785960208203,0.6531500153434051,1.1396839402313854,0.5915571920416406,0.6531500153434051,0.7597892934875903,0.23389021479713604,0.38532315978456017,0.42245989304812837,97.5,100.0,4831,3789,3044,30,2,0,0.00620989443179466,5.278437582475588E-4,0.0,0.55,0.30000000000000004,0.30000000000000004,0.30000000000000004,25.0,30.0,40.0,0.8500000000000001,0.6000000000000001,0.8,0.6000000000000001,55.0,40.0,95.0,4477,4462,15,4477,0.0033504578959124413,0.6663795458735083,1.0,0.6663795458735083,1745,0.39108023307933665,1.0,1
"iteration_4","SCOPE_DATA_COLLECTION",1000,20,1270.0,1330.0,2,5876,4472,1316,5718,4537,1356,5866,4456,1309,6,14,12,0.0010217983651226157,0.003131991051454139,0.009084027252081756,0.2957785960208203,0.6531500153434051,1.1396839402313854,0.5915571920416406,0.6531500153434051,0.7597892934875903,0.23389021479713604,0.38532315978456017,0.42245989304812837,97.5,100.0,4831,3789,3044,30,2,0,0.00620989443179466,5.278437582475588E-4,0.0,0.55,0.30000000000000004,0.30000000000000004,0.30000000000000004,25.0,30.0,40.0,0.8500000000000001,0.6000000000000001,0.8,0.6000000000000001,55.0,40.0,95.0,1317,1289,28,1317,0.02126044039483675,1.1374199765620885,1.5,0.7582799843747257,536,0.41582622187742435,1.0,1
"iteration_4","SCOPE_DATA_COLLECTION",1000,21,1330.0,1390.0,0,5631,4477,1317,5876,4472,1316,5619,4481,1284,10,15,28,0.0017765144785930006,0.0033362989323843417,0.021341463414634148,0.3116735089256018,0.6675848707950468,1.1325031120712161,0.6233470178512036,0.6675848707950468,0.755002074714144,0.26606157679302367,0.3914304842669047,0.4135514018691589,100.0,100.0,4830,5607,988,48,5,0,0.009937888198757764,8.917424647761727E-4,0.0,0.8500000000000001,0.6000000000000001,0.8,0.6000000000000001,55.0,40.0,95.0,0.8500000000000001,0.6000000000000001,0.8,0.6000000000000001,55.0,40.0,95.0,5763,5754,9,5763,0.0015616866215512754,0.32046870326128785,0.5,0.6409374065225757,1615,0.28067431352102884,1.0,1
"iteration_4","SCOPE_DATA_COLLECTION",1000,21,1330.0,1390.0,1,5631,4477,1317,5876,4472,1316,5619,4481,1284,10,15,28,0.0017765144785930006,0.0033362989323843417,0.021341463414634148,0.3116735089256018,0.6675848707950468,1.1325031120712161,0.6233470178512036,0.6675848707950468,0.755002074714144,0.26606157679302367,0.3914304842669047,0.4135514018691589,100.0,100.0,4830,5607,988,48,5,0,0.009937888198757764,8.917424647761727E-4,0.0,0.8500000000000001,0.6000000000000001,0.8,0.6000000000000001,55.0,40.0,95.0,0.8500000000000001,0.6000000000000001,0.8,0.6000000000000001,55.0,40.0,95.0,4379,4355,24,4379,0.005480703356930806,0.6893112729817681,1.0,0.6893112729817681,1738,0.39908151549942594,1.0,1
"iteration_4","SCOPE_DATA_COLLECTION",1000,21,1330.0,1390.0,2,5631,4477,1317,5876,4472,1316,5619,4481,1284,10,15,28,0.0017765144785930006,0.0033362989323843417,0.021341463414634148,0.3116735089256018,0.6675848707950468,1.1325031120712161,0.6233470178512036,0.6675848707950468,0.755002074714144,0.26606157679302367,0.3914304842669047,0.4135514018691589,100.0,100.0,4830,5607,988,48,5,0,0.009937888198757764,8.917424647761727E-4,0.0,0.8500000000000001,0.6000000000000001,0.8,0.6000000000000001,55.0,40.0,95.0,0.8500000000000001,0.6000000000000001,0.8,0.6000000000000001,55.0,40.0,95.0,1367,1351,16,1367,0.011704462326261888,1.0834009186895965,1.5,0.7222672791263977,527,0.39008142116950406,1.0,1
"iteration_4","SCOPE_DATA_COLLECTION",1000,22,1390.0,1450.0,0,5763,4379,1367,5631,4477,1317,5757,4337,1358,9,24,16,0.0015608740894901144,0.005503324925475808,0.011644832605531296,0.3208962623815699,0.6864656201147958,1.0877607512859913,0.6417925247631397,0.6864656201147958,0.7251738341906608,0.2815702622893868,0.3988932441780032,0.3917525773195876,92.5,100.0,4884,5629,996,44,5,0,0.009009009009009009,8.882572392965003E-4,0.0,0.8500000000000001,0.6000000000000001,0.8,0.6000000000000001,55.0,40.0,95.0,0.1,0.4,0.4,0.9,45.0,40.0,40.0,5830,2875,2955,5830,0.5068610634648371,0.5281878836293905,0.5,1.056375767258781,1556,0.5412173913043479,1.0,1
"iteration_4","SCOPE_DATA_COLLECTION",1000,22,1390.0,1450.0,1,5763,4379,1367,5631,4477,1317,5757,4337,1358,9,24,16,0.0015608740894901144,0.005503324925475808,0.011644832605531296,0.3208962623815699,0.6864656201147958,1.0877607512859913,0.6417925247631397,0.6864656201147958,0.7251738341906608,0.2815702622893868,0.3988932441780032,0.3917525773195876,92.5,100.0,4884,5629,996,44,5,0,0.009009009009009009,8.882572392965003E-4,0.0,0.8500000000000001,0.6000000000000001,0.8,0.6000000000000001,55.0,40.0,95.0,0.1,0.4,0.4,0.9,45.0,40.0,40.0,4464,2201,2263,4464,0.5069444444444444,1.1229565564361432,1.0,1.1229565564361432,1724,0.7832803271240345,1.0,1
"iteration_4","SCOPE_DATA_COLLECTION",1000,22,1390.0,1450.0,2,5763,4379,1367,5631,4477,1317,5757,4337,1358,9,24,16,0.0015608740894901144,0.005503324925475808,0.011644832605531296,0.3208962623815699,0.6864656201147958,1.0877607512859913,0.6417925247631397,0.6864656201147958,0.7251738341906608,0.2815702622893868,0.3988932441780032,0.3917525773195876,92.5,100.0,4884,5629,996,44,5,0,0.009009009009009009,8.882572392965003E-4,0.0,0.8500000000000001,0.6000000000000001,0.8,0.6000000000000001,55.0,40.0,95.0,0.1,0.4,0.4,0.9,45.0,40.0,40.0,1413,677,736,1413,0.5208775654635527,1.930618110905194,1.5,1.2870787406034627,562,0.8301329394387001,1.0,1
"iteration_4","SCOPE_DATA_COLLECTION",1000,23,1450.0,1510.0,0,5830,4464,1413,5763,4379,1367,2887,2205,681,2955,2263,736,0.5058199246833276,0.506490599820949,0.5194071983062809,0.5286731136711726,1.1229414450119013,1.921450558334374,1.0573462273423453,1.1229414450119013,1.2809670388895826,0.5424315898856945,0.7795918367346939,0.8267254038179148,97.5,100.0,4778,672,6257,48,1,5905,0.010046044370029301,0.001488095238095238,0.943743007831229,0.1,0.4,0.4,0.9,45.0,40.0,40.0,0.25,0.30000000000000004,0.4,0.4,60.0,50.0,80.0,5829,4090,1739,5829,0.2983359066735289,0.42763197154210447,0.5,0.8552639430842089,1542,0.3770171149144254,1.0,1
"iteration_4","SCOPE_DATA_COLLECTION",1000,23,1450.0,1510.0,1,5830,4464,1413,5763,4379,1367,2887,2205,681,2955,2263,736,0.5058199246833276,0.506490599820949,0.5194071983062809,0.5286731136711726,1.1229414450119013,1.921450558334374,1.0573462273423453,1.1229414450119013,1.2809670388895826,0.5424315898856945,0.7795918367346939,0.8267254038179148,97.5,100.0,4778,672,6257,48,1,5905,0.010046044370029301,0.001488095238095238,0.943743007831229,0.1,0.4,0.4,0.9,45.0,40.0,40.0,0.25,0.30000000000000004,0.4,0.4,60.0,50.0,80.0,4461,3135,1326,4461,0.2972427706792199,0.8861469910341975,1.0,0.8861469910341975,1755,0.5598086124401914,1.0,1
"iteration_4","SCOPE_DATA_COLLECTION",1000,23,1450.0,1510.0,2,5830,4464,1413,5763,4379,1367,2887,2205,681,2955,2263,736,0.5058199246833276,0.506490599820949,0.5194071983062809,0.5286731136711726,1.1229414450119013,1.921450558334374,1.0573462273423453,1.1229414450119013,1.2809670388895826,0.5424315898856945,0.7795918367346939,0.8267254038179148,97.5,100.0,4778,672,6257,48,1,5905,0.010046044370029301,0.001488095238095238,0.943743007831229,0.1,0.4,0.4,0.9,45.0,40.0,40.0,0.25,0.30000000000000004,0.4,0.4,60.0,50.0,80.0,1294,887,407,1294,0.31452859350850076,1.5671037909407752,1.5,1.0447358606271835,563,0.6347237880496054,1.0,1
"iteration_4","SCOPE_DATA_COLLECTION",1000,24,1510.0,1570.0,0,5829,4461,1294,5830,4464,1413,4086,3146,882,1739,1326,407,0.29854077253218886,0.29651162790697677,0.3157486423584174,0.4275243338886656,0.8868844848620097,1.5616939308360138,0.8550486677773312,0.8868844848620097,1.0411292872240092,0.37738619676945667,0.561347743165925,0.6326530612244898,100.0,100.0,4872,1662,5050,35,0,3437,0.007183908045977011,0.0,0.6805940594059406,0.25,0.30000000000000004,0.4,0.4,60.0,50.0,80.0,0.2,0.1,0.2,0.30000000000000004,50.0,35.0,45.0,5653,3774,1879,5653,0.3323898814788608,0.4184176963720764,0.5,0.8368353927441528,1262,0.3343932167461579,1.0,1
"iteration_4","SCOPE_DATA_COLLECTION",1000,24,1510.0,1570.0,1,5829,4461,1294,5830,4464,1413,4086,3146,882,1739,1326,407,0.29854077253218886,0.29651162790697677,0.3157486423584174,0.4275243338886656,0.8868844848620097,1.5616939308360138,0.8550486677773312,0.8868844848620097,1.0411292872240092,0.37738619676945667,0.561347743165925,0.6326530612244898,100.0,100.0,4872,1662,5050,35,0,3437,0.007183908045977011,0.0,0.6805940594059406,0.25,0.30000000000000004,0.4,0.4,60.0,50.0,80.0,0.2,0.1,0.2,0.30000000000000004,50.0,35.0,45.0,4398,2938,1460,4398,0.33196907685311505,0.9275835289565422,1.0,0.9275835289565422,1814,0.617426820966644,1.0,1
"iteration_4","SCOPE_DATA_COLLECTION",1000,24,1510.0,1570.0,2,5829,4461,1294,5830,4464,1413,4086,3146,882,1739,1326,407,0.29854077253218886,0.29651162790697677,0.3157486423584174,0.4275243338886656,0.8868844848620097,1.5616939308360138,0.8550486677773312,0.8868844848620097,1.0411292872240092,0.37738619676945667,0.561347743165925,0.6326530612244898,100.0,100.0,4872,1662,5050,35,0,3437,0.007183908045977011,0.0,0.6805940594059406,0.25,0.30000000000000004,0.4,0.4,60.0,50.0,80.0,0.2,0.1,0.2,0.30000000000000004,50.0,35.0,45.0,1400,887,513,1400,0.36642857142857144,1.554367701676619,1.5,1.0362451344510795,569,0.6414881623449831,1.0,1
"iteration_4","SCOPE_DATA_COLLECTION",1000,25,1570.0,1630.0,0,5653,4398,1400,5829,4461,1294,3777,2941,892,1879,1460,513,0.3322135785007072,0.3317427857305158,0.36512455516014236,0.41880098708687646,0.929655112550971,1.5628632189191742,0.8376019741737529,0.929655112550971,1.041908812612783,0.33465713529256025,0.6178170690241415,0.6434977578475336,100.0,100.0,4836,1308,5307,29,1,3822,0.0059966914805624485,7.645259938837921E-4,0.7201808931599774,0.2,0.1,0.2,0.30000000000000004,50.0,35.0,45.0,0.2,0.1,0.2,0.30000000000000004,50.0,35.0,45.0,5676,3666,2010,5676,0.35412262156448204,0.46458853775216524,0.5,0.9291770755043305,1387,0.378341516639389,1.0,1
"iteration_4","SCOPE_DATA_COLLECTION",1000,25,1570.0,1630.0,1,5653,4398,1400,5829,4461,1294,3777,2941,892,1879,1460,513,0.3322135785007072,0.3317427857305158,0.36512455516014236,0.41880098708687646,0.929655112550971,1.5628632189191742,0.8376019741737529,0.929655112550971,1.041908812612783,0.33465713529256025,0.6178170690241415,0.6434977578475336,100.0,100.0,4836,1308,5307,29,1,3822,0.0059966914805624485,7.645259938837921E-4,0.7201808931599774,0.2,0.1,0.2,0.30000000000000004,50.0,35.0,45.0,0.2,0.1,0.2,0.30000000000000004,50.0,35.0,45.0,4516,2887,1629,4516,0.36071744906997344,0.9927912540040662,1.0,0.9927912540040662,1859,0.6439210252857638,1.0,1
"iteration_4","SCOPE_DATA_COLLECTION",1000,25,1570.0,1630.0,2,5653,4398,1400,5829,4461,1294,3777,2941,892,1879,1460,513,0.3322135785007072,0.3317427857305158,0.36512455516014236,0.41880098708687646,0.929655112550971,1.5628632189191742,0.8376019741737529,0.929655112550971,1.041908812612783,0.33465713529256025,0.6178170690241415,0.6434977578475336,100.0,100.0,4836,1308,5307,29,1,3822,0.0059966914805624485,7.645259938837921E-4,0.7201808931599774,0.2,0.1,0.2,0.30000000000000004,50.0,35.0,45.0,0.2,0.1,0.2,0.30000000000000004,50.0,35.0,45.0,1396,889,507,1396,0.3631805157593123,1.628845146537009,1.5,1.085896764358006,587,0.6602924634420697,1.0,1
"iteration_4","SCOPE_DATA_COLLECTION",1000,26,1630.0,1690.0,0,5676,4516,1396,5653,4398,1400,3639,2854,882,2010,1629,507,0.35581518852894317,0.3633727414677671,0.3650107991360691,0.4605205472043448,0.9888763242190247,1.6276977426239854,0.9210410944086896,0.9888763242190247,1.0851318284159903,0.3734542456718879,0.6405045550105115,0.6632653061224489,100.0,100.0,4907,1326,5355,23,0,4123,0.004687181577338496,0.0,0.7699346405228759,0.2,0.1,0.2,0.30000000000000004,50.0,35.0,45.0,0.05,0.30000000000000004,0.7000000000000001,0.6000000000000001,35.0,55.0,50.0,5768,2732,3036,5768,0.5263522884882108,0.5372446269306277,0.5,1.0744892538612554,1409,0.5157393850658858,1.0,1
"iteration_4","SCOPE_DATA_COLLECTION",1000,26,1630.0,1690.0,1,5676,4516,1396,5653,4398,1400,3639,2854,882,2010,1629,507,0.35581518852894317,0.3633727414677671,0.3650107991360691,0.4605205472043448,0.9888763242190247,1.6276977426239854,0.9210410944086896,0.9888763242190247,1.0851318284159903,0.3734542456718879,0.6405045550105115,0.6632653061224489,100.0,100.0,4907,1326,5355,23,0,4123,0.004687181577338496,0.0,0.7699346405228759,0.2,0.1,0.2,0.30000000000000004,50.0,35.0,45.0,0.05,0.30000000000000004,0.7000000000000001,0.6000000000000001,35.0,55.0,50.0,4365,2078,2287,4365,0.5239404352806415,1.1997294555489493,1.0,1.1997294555489493,1726,0.8306063522617901,1.0,1
"iteration_4","SCOPE_DATA_COLLECTION",1000,26,1630.0,1690.0,2,5676,4516,1396,5653,4398,1400,3639,2854,882,2010,1629,507,0.35581518852894317,0.3633727414677671,0.3650107991360691,0.4605205472043448,0.9888763242190247,1.6276977426239854,0.9210410944086896,0.9888763242190247,1.0851318284159903,0.3734542456718879,0.6405045550105115,0.6632653061224489,100.0,100.0,4907,1326,5355,23,0,4123,0.004687181577338496,0.0,0.7699346405228759,0.2,0.1,0.2,0.30000000000000004,50.0,35.0,45.0,0.05,0.30000000000000004,0.7000000000000001,0.6000000000000001,35.0,55.0,50.0,1345,627,718,1345,0.5338289962825279,2.0491028594703766,1.5,1.366068572980251,564,0.8995215311004785,1.0,1
"iteration_4","SCOPE_DATA_COLLECTION",1000,27,1690.0,1750.0,0,5768,4365,1345,5676,4516,1396,2756,2096,629,3036,2287,718,0.524171270718232,0.5217887291809263,0.5330363771343727,0.5405388915792033,1.196791844371803,2.0432275766597616,1.0810777831584066,1.196791844371803,1.3621517177731743,0.5177793904208998,0.8301526717557252,0.8918918918918919,97.5,100.0,4881,325,6272,45,2,5994,0.00921942224953903,0.006153846153846154,0.9556760204081632,0.05,0.30000000000000004,0.7000000000000001,0.6000000000000001,35.0,55.0,50.0,0.9,0.8,0.8,0.9,45.0,40.0,30.0,5710,5688,22,5710,0.003852889667250438,0.32044332522008734,0.5,0.6408866504401747,1603,0.2818213783403657,1.0,1
"iteration_4","SCOPE_DATA_COLLECTION",1000,27,1690.0,1750.0,1,5768,4365,1345,5676,4516,1396,2756,2096,629,3036,2287,718,0.524171270718232,0.5217887291809263,0.5330363771343727,0.5405388915792033,1.196791844371803,2.0432275766597616,1.0810777831584066,1.196791844371803,1.3621517177731743,0.5177793904208998,0.8301526717557252,0.8918918918918919,97.5,100.0,4881,325,6272,45,2,5994,0.00921942224953903,0.006153846153846154,0.9556760204081632,0.05,0.30000000000000004,0.7000000000000001,0.6000000000000001,35.0,55.0,50.0,0.9,0.8,0.8,0.9,45.0,40.0,30.0,4407,4388,19,4407,0.004311322895393692,0.678746201441267,1.0,0.678746201441267,1739,0.3963081130355515,1.0,1
"iteration_4","SCOPE_DATA_COLLECTION",1000,27,1690.0,1750.0,2,5768,4365,1345,5676,4516,1396,2756,2096,629,3036,2287,718,0.524171270718232,0.5217887291809263,0.5330363771343727,0.5405388915792033,1.196791844371803,2.0432275766597616,1.0810777831584066,1.196791844371803,1.3621517177731743,0.5177793904208998,0.8301526717557252,0.8918918918918919,97.5,100.0,4881,325,6272,45,2,5994,0.00921942224953903,0.006153846153846154,0.9556760204081632,0.05,0.30000000000000004,0.7000000000000001,0.6000000000000001,35.0,55.0,50.0,0.9,0.8,0.8,0.9,45.0,40.0,30.0,1382,1359,23,1382,0.016642547033285094,1.133878015971427,1.5,0.7559186773142846,557,0.40986019131714496,1.0,1
"iteration_4","SCOPE_DATA_COLLECTION",1000,28,1750.0,1810.0,0,5710,4407,1382,5768,4365,1345,5680,4374,1353,22,19,23,0.003858295334970186,0.004325062599590257,0.016715116279069766,0.32012319432877473,0.6788048864027237,1.1355195694780083,0.6402463886575495,0.6788048864027237,0.7570130463186722,0.2813380281690141,0.39780521262002744,0.4116777531411678,97.5,100.0,4827,6002,670,56,2,6,0.01160140874249016,3.332222592469177E-4,0.008955223880597015,0.9,0.8,0.8,0.9,45.0,40.0,30.0,0.9,0.7000000000000001,0.7000000000000001,0.9,45.0,30.0,40.0,5718,5713,5,5718,8.744316194473592E-4,0.32409382832790745,0.5,0.6481876566558149,1601,0.28023805356205145,1.0,1
"iteration_4","SCOPE_DATA_COLLECTION",1000,28,1750.0,1810.0,1,5710,4407,1382,5768,4365,1345,5680,4374,1353,22,19,23,0.003858295334970186,0.004325062599590257,0.016715116279069766,0.32012319432877473,0.6788048864027237,1.1355195694780083,0.6402463886575495,0.6788048864027237,0.7570130463186722,0.2813380281690141,0.39780521262002744,0.4116777531411678,97.5,100.0,4827,6002,670,56,2,6,0.01160140874249016,3.332222592469177E-4,0.008955223880597015,0.9,0.8,0.8,0.9,45.0,40.0,30.0,0.9,0.7000000000000001,0.7000000000000001,0.9,45.0,30.0,40.0,4345,4326,19,4345,0.004372842347525892,0.6535620656328581,1.0,0.6535620656328581,1635,0.3779472954230236,1.0,1
"iteration_4","SCOPE_DATA_COLLECTION",1000,28,1750.0,1810.0,2,5710,4407,1382,5768,4365,1345,5680,4374,1353,22,19,23,0.003858295334970186,0.004325062599590257,0.016715116279069766,0.32012319432877473,0.6788048864027237,1.1355195694780083,0.6402463886575495,0.6788048864027237,0.7570130463186722,0.2813380281690141,0.39780521262002744,0.4116777531411678,97.5,100.0,4827,6002,670,56,2,6,0.01160140874249016,3.332222592469177E-4,0.008955223880597015,0.9,0.8,0.8,0.9,45.0,40.0,30.0,0.9,0.7000000000000001,0.7000000000000001,0.9,45.0,30.0,40.0,1346,1324,22,1346,0.01634472511144131,1.1848130032079325,1.5,0.789875335471955,578,0.43655589123867067,1.0,1
"iteration_4","SCOPE_DATA_COLLECTION",1000,29,1810.0,1870.0,0,5718,4345,1346,5710,4407,1382,5720,4336,1324,5,19,22,8.733624454148472E-4,0.004362801377726751,0.01634472511144131,0.32469629809729805,0.6583667947633904,1.1815173855739673,0.6493925961945961,0.6583667947633904,0.7876782570493116,0.28146853146853146,0.3807656826568266,0.4350453172205438,100.0,100.0,4776,5942,691,43,3,0,0.009003350083752094,5.048805116122518E-4,0.0,0.9,0.7000000000000001,0.7000000000000001,0.9,45.0,30.0,40.0,0.9,0.7000000000000001,0.6000000000000001,0.9,55.0,40.0,50.0,5769,5755,14,5769,0.0024267637372161555,0.31914187501023966,0.5,0.6382837500204793,1645,0.2858384013900956,1.0,1
"iteration_4","SCOPE_DATA_COLLECTION",1000,29,1810.0,1870.0,1,5718,4345,1346,5710,4407,1382,5720,4336,1324,5,19,22,8.733624454148472E-4,0.004362801377726751,0.01634472511144131,0.32469629809729805,0.6583667947633904,1.1815173855739673,0.6493925961945961,0.6583667947633904,0.7876782570493116,0.28146853146853146,0.3807656826568266,0.4350453172205438,100.0,100.0,4776,5942,691,43,3,0,0.009003350083752094,5.048805116122518E-4,0.0,0.9,0.7000000000000001,0.7000000000000001,0.9,45.0,30.0,40.0,0.9,0.7000000000000001,0.6000000000000001,0.9,55.0,40.0,50.0,4424,4398,26,4424,0.005877034358047016,0.6753529906810687,1.0,0.6753529906810687,1729,0.3931332423829013,1.0,1
"iteration_4","SCOPE_DATA_COLLECTION",1000,29,1810.0,1870.0,2,5718,4345,1346,5710,4407,1382,5720,4336,1324,5,19,22,8.733624454148472E-4,0.004362801377726751,0.01634472511144131,0.32469629809729805,0.6583667947633904,1.1815173855739673,0.6493925961945961,0.6583667947633904,0.7876782570493116,0.28146853146853146,0.3807656826568266,0.4350453172205438,100.0,100.0,4776,5942,691,43,3,0,0.009003350083752094,5.048805116122518E-4,0.0,0.9,0.7000000000000001,0.7000000000000001,0.9,45.0,30.0,40.0,0.9,0.7000000000000001,0.6000000000000001,0.9,55.0,40.0,50.0,1377,1356,21,1377,0.015250544662309368,1.1420720182455117,1.5,0.7613813454970079,562,0.4144542772861357,1.0,1
"iteration_4","SCOPE_DATA_COLLECTION",1000,30,1870.0,1930.0,0,5769,4424,1377,5718,4345,1346,5733,4407,1369,14,26,21,0.00243605359317905,0.005865102639296188,0.015107913669064749,0.31828569743322566,0.6733185580951995,1.1479844495823062,0.6365713948664513,0.6733185580951995,0.7653229663882041,0.28501657073085646,0.3909689130928069,0.4178232286340394,100.0,100.0,4908,5982,680,57,4,0,0.011613691931540342,6.686726847208291E-4,0.0,0.9,0.7000000000000001,0.6000000000000001,0.9,55.0,40.0,50.0,0.8,0.6000000000000001,0.5,0.9,45.0,40.0,50.0,5795,5786,9,5795,0.0015530629853321828,0.3089389405935849,0.5,0.6178778811871698,1565,0.27048047010024195,1.0,1
"iteration_4","SCOPE_DATA_COLLECTION",1000,30,1870.0,1930.0,1,5769,4424,1377,5718,4345,1346,5733,4407,1369,14,26,21,0.00243605359317905,0.005865102639296188,0.015107913669064749,0.31828569743322566,0.6733185580951995,1.1479844495823062,0.6365713948664513,0.6733185580951995,0.7653229663882041,0.28501657073085646,0.3909689130928069,0.4178232286340394,100.0,100.0,4908,5982,680,57,4,0,0.011613691931540342,6.686726847208291E-4,0.0,0.9,0.7000000000000001,0.6000000000000001,0.9,55.0,40.0,50.0,0.8,0.6000000000000001,0.5,0.9,45.0,40.0,50.0,4421,4404,17,4421,0.0038452838724270526,0.6491955667028145,1.0,0.6491955667028145,1654,0.37556766575840145,1.0,1
"iteration_4","SCOPE_DATA_COLLECTION",1000,30,1870.0,1930.0,2,5769,4424,1377,5718,4345,1346,5733,4407,1369,14,26,21,0.00243605359317905,0.005865102639296188,0.015107913669064749,0.31828569743322566,0.6733185580951995,1.1479844495823062,0.6365713948664513,0.6733185580951995,0.7653229663882041,0.28501657073085646,0.3909689130928069,0.4178232286340394,100.0,100.0,4908,5982,680,57,4,0,0.011613691931540342,6.686726847208291E-4,0.0,0.9,0.7000000000000001,0.6000000000000001,0.9,55.0,40.0,50.0,0.8,0.6000000000000001,0.5,0.9,45.0,40.0,50.0,1467,1436,31,1467,0.021131561008861623,1.1128753390049804,1.5,0.741916892669987,574,0.3997214484679666,1.0,1
"iteration_4","SCOPE_DATA_COLLECTION",1000,31,1930.0,1990.0,0,5795,4421,1467,5769,4424,1377,5796,4408,1423,9,17,31,0.0015503875968992248,0.0038418079096045198,0.021320495185694635,0.3092069927963485,0.6504436653377118,1.1077053580255536,0.618413985592697,0.6504436653377118,0.7384702386837024,0.27053140096618356,0.3765880217785844,0.39634574841883347,100.0,100.0,4800,5564,1319,54,3,0,0.01125,5.391804457225018E-4,0.0,0.8,0.6000000000000001,0.5,0.9,45.0,40.0,50.0,0.7000000000000001,0.5,0.6000000000000001,0.8,35.0,30.0,60.0,5701,5691,10,5701,0.0017540782318891423,0.31291494107936696,0.5,0.6258298821587339,1543,0.2711298541556844,1.0,1
"iteration_4","SCOPE_DATA_COLLECTION",1000,31,1930.0,1990.0,1,5795,4421,1467,5769,4424,1377,5796,4408,1423,9,17,31,0.0015503875968992248,0.0038418079096045198,0.021320495185694635,0.3092069927963485,0.6504436653377118,1.1077053580255536,0.618413985592697,0.6504436653377118,0.7384702386837024,0.27053140096618356,0.3765880217785844,0.39634574841883347,100.0,100.0,4800,5564,1319,54,3,0,0.01125,5.391804457225018E-4,0.0,0.8,0.6000000000000001,0.5,0.9,45.0,40.0,50.0,0.7000000000000001,0.5,0.6000000000000001,0.8,35.0,30.0,60.0,4491,4467,24,4491,0.005344021376085505,0.6721719178464144,1.0,0.6721719178464144,1773,0.39691067830758897,1.0,1
"iteration_4","SCOPE_DATA_COLLECTION",1000,31,1930.0,1990.0,2,5795,4421,1467,5769,4424,1377,5796,4408,1423,9,17,31,0.0015503875968992248,0.0038418079096045198,0.021320495185694635,0.3092069927963485,0.6504436653377118,1.1077053580255536,0.618413985592697,0.6504436653377118,0.7384702386837024,0.27053140096618356,0.3765880217785844,0.39634574841883347,100.0,100.0,4800,5564,1319,54,3,0,0.01125,5.391804457225018E-4,0.0,0.8,0.6000000000000001,0.5,0.9,45.0,40.0,50.0,0.7000000000000001,0.5,0.6000000000000001,0.8,35.0,30.0,60.0,1379,1354,25,1379,0.018129079042784626,1.0891760140920237,1.5,0.7261173427280158,532,0.3929098966026588,1.0,1
"iteration_4","SCOPE_DATA_COLLECTION",1000,32,1990.0,2050.0,0,5701,4491,1379,5795,4421,1467,5707,4454,1364,10,24,25,0.0017491691446562883,0.005359535506922733,0.017998560115190784,0.31351931785524584,0.6681576441083065,1.093353782660469,0.6270386357104917,0.6681576441083065,0.7289025217736459,0.27142106185386367,0.3949259092950157,0.3951612903225806,100.0,100.0,4883,4677,2011,54,5,0,0.011058775343026827,0.0010690613641223007,0.0,0.7000000000000001,0.5,0.6000000000000001,0.8,35.0,30.0,60.0,0.7000000000000001,0.6000000000000001,0.5,0.7000000000000001,35.0,20.0,60.0,5694,5683,11,5694,0.001931858096241658,0.3075097337230004,0.5,0.6150194674460008,1543,0.27151152560267466,1.0,1
"iteration_4","SCOPE_DATA_COLLECTION",1000,32,1990.0,2050.0,1,5701,4491,1379,5795,4421,1467,5707,4454,1364,10,24,25,0.0017491691446562883,0.005359535506922733,0.017998560115190784,0.31351931785524584,0.6681576441083065,1.093353782660469,0.6270386357104917,0.6681576441083065,0.7289025217736459,0.27142106185386367,0.3949259092950157,0.3951612903225806,100.0,100.0,4883,4677,2011,54,5,0,0.011058775343026827,0.0010690613641223007,0.0,0.7000000000000001,0.5,0.6000000000000001,0.8,35.0,30.0,60.0,0.7000000000000001,0.6000000000000001,0.5,0.7000000000000001,35.0,20.0,60.0,4362,4339,23,4362,0.00527281063732233,0.6690238769095213,1.0,0.6690238769095213,1715,0.3952523622954598,1.0,1
"iteration_4","SCOPE_DATA_COLLECTION",1000,32,1990.0,2050.0,2,5701,4491,1379,5795,4421,1467,5707,4454,1364,10,24,25,0.0017491691446562883,0.005359535506922733,0.017998560115190784,0.31351931785524584,0.6681576441083065,1.093353782660469,0.6270386357104917,0.6681576441083065,0.7289025217736459,0.27142106185386367,0.3949259092950157,0.3951612903225806,100.0,100.0,4883,4677,2011,54,5,0,0.011058775343026827,0.0010690613641223007,0.0,0.7000000000000001,0.5,0.6000000000000001,0.8,35.0,30.0,60.0,0.7000000000000001,0.6000000000000001,0.5,0.7000000000000001,35.0,20.0,60.0,1331,1317,14,1331,0.010518407212622089,1.1066063332141414,1.5,0.7377375554760942,537,0.40774487471526194,1.0,1
"iteration_4","SCOPE_DATA_COLLECTION",1000,33,2050.0,2110.0,0,5694,4362,1331,5701,4491,1379,5682,4353,1313,11,23,14,0.0019321974354470403,0.005255941499085923,0.010550113036925395,0.3076584282011374,0.674068384269868,1.105056902836977,0.6153168564022748,0.674068384269868,0.736704601891318,0.27243928194297784,0.3976567884217781,0.40594059405940597,95.0,100.0,4854,4555,1978,47,1,0,0.009682735887927483,2.195389681668496E-4,0.0,0.7000000000000001,0.6000000000000001,0.5,0.7000000000000001,35.0,20.0,60.0,0.7000000000000001,0.6000000000000001,0.5,0.7000000000000001,35.0,20.0,60.0,5605,5595,10,5605,0.001784121320249777,0.3054705400556799,0.5,0.6109410801113598,1473,0.26327077747989275,1.0,1
"iteration_4","SCOPE_DATA_COLLECTION",1000,33,2050.0,2110.0,1,5694,4362,1331,5701,4491,1379,5682,4353,1313,11,23,14,0.0019321974354470403,0.005255941499085923,0.010550113036925395,0.3076584282011374,0.674068384269868,1.105056902836977,0.6153168564022748,0.674068384269868,0.736704601891318,0.27243928194297784,0.3976567884217781,0.40594059405940597,95.0,100.0,4854,4555,1978,47,1,0,0.009682735887927483,2.195389681668496E-4,0.0,0.7000000000000001,0.6000000000000001,0.5,0.7000000000000001,35.0,20.0,60.0,0.7000000000000001,0.6000000000000001,0.5,0.7000000000000001,35.0,20.0,60.0,4485,4465,20,4485,0.004459308807134894,0.6390329153960455,1.0,0.6390329153960455,1648,0.3690929451287794,1.0,1
"iteration_4","SCOPE_DATA_COLLECTION",1000,33,2050.0,2110.0,2,5694,4362,1331,5701,4491,1379,5682,4353,1313,11,23,14,0.0019321974354470403,0.005255941499085923,0.010550113036925395,0.3076584282011374,0.674068384269868,1.105056902836977,0.6153168564022748,0.674068384269868,0.736704601891318,0.27243928194297784,0.3976567884217781,0.40594059405940597,95.0,100.0,4854,4555,1978,47,1,0,0.009682735887927483,2.195389681668496E-4,0.0,0.7000000000000001,0.6000000000000001,0.5,0.7000000000000001,35.0,20.0,60.0,0.7000000000000001,0.6000000000000001,0.5,0.7000000000000001,35.0,20.0,60.0,1426,1401,25,1426,0.01753155680224404,1.1510834043374885,1.5,0.7673889362249923,597,0.4261241970021413,1.0,1
"iteration_4","SCOPE_DATA_COLLECTION",1000,34,2110.0,2170.0,0,5605,4485,1426,5694,4362,1331,5577,4464,1395,10,20,25,0.0017898693395382137,0.0044603033006244425,0.017605633802816902,0.3048077852793695,0.6367647393290184,1.1538171252867664,0.609615570558739,0.6367647393290184,0.7692114168578442,0.26232741617357,0.36693548387096775,0.42795698924731185,100.0,100.0,4741,4774,2001,50,5,0,0.01054629824931449,0.0010473397570171764,0.0,0.7000000000000001,0.6000000000000001,0.5,0.7000000000000001,35.0,20.0,60.0,0.8500000000000001,0.2,0.4,0.5,70.0,90.0,60.0,5831,5823,8,5831,0.0013719773623735209,0.28404467142953466,0.5,0.5680893428590693,1243,0.21346385024901254,1.0,1
"iteration_4","SCOPE_DATA_COLLECTION",1000,34,2110.0,2170.0,1,5605,4485,1426,5694,4362,1331,5577,4464,1395,10,20,25,0.0017898693395382137,0.0044603033006244425,0.017605633802816902,0.3048077852793695,0.6367647393290184,1.1538171252867664,0.609615570558739,0.6367647393290184,0.7692114168578442,0.26232741617357,0.36693548387096775,0.42795698924731185,100.0,100.0,4741,4774,2001,50,5,0,0.01054629824931449,0.0010473397570171764,0.0,0.7000000000000001,0.6000000000000001,0.5,0.7000000000000001,35.0,20.0,60.0,0.8500000000000001,0.2,0.4,0.5,70.0,90.0,60.0,4438,4418,20,4438,0.004506534474988734,0.6491704308568438,1.0,0.6491704308568438,1712,0.38750565866908104,1.0,1
"iteration_4","SCOPE_DATA_COLLECTION",1000,34,2110.0,2170.0,2,5605,4485,1426,5694,4362,1331,5577,4464,1395,10,20,25,0.0017898693395382137,0.0044603033006244425,0.017605633802816902,0.3048077852793695,0.6367647393290184,1.1538171252867664,0.609615570558739,0.6367647393290184,0.7692114168578442,0.26232741617357,0.36693548387096775,0.42795698924731185,100.0,100.0,4741,4774,2001,50,5,0,0.01054629824931449,0.0010473397570171764,0.0,0.7000000000000001,0.6000000000000001,0.5,0.7000000000000001,35.0,20.0,60.0,0.8500000000000001,0.2,0.4,0.5,70.0,90.0,60.0,1396,1380,16,1396,0.011461318051575931,1.0810607943713686,1.5,0.7207071962475791,549,0.3978260869565217,1.0,1
"iteration_4","SCOPE_DATA_COLLECTION",1000,35,2170.0,2230.0,0,5831,4438,1396,5605,4485,1426,5838,4405,1382,8,20,16,0.0013684570646595963,0.004519774011299435,0.011444921316165951,0.2846260398859276,0.646629097639135,1.0834777955049621,0.5692520797718552,0.646629097639135,0.7223185303366414,0.21377183967112023,0.38683314415437003,0.3986975397973951,100.0,100.0,4914,5740,1011,38,6,0,0.007733007733007733,0.0010452961672473868,0.0,0.8500000000000001,0.2,0.4,0.5,70.0,90.0,60.0,0.75,0.2,0.5,0.5,80.0,95.0,60.0,5786,5777,9,5786,0.0015554787417905289,0.2861099849153751,0.5,0.5722199698307502,1338,0.23160810109053143,1.0,1
"iteration_4","SCOPE_DATA_COLLECTION",1000,35,2170.0,2230.0,1,5831,4438,1396,5605,4485,1426,5838,4405,1382,8,20,16,0.0013684570646595963,0.004519774011299435,0.011444921316165951,0.2846260398859276,0.646629097639135,1.0834777955049621,0.5692520797718552,0.646629097639135,0.7223185303366414,0.21377183967112023,0.38683314415437003,0.3986975397973951,100.0,100.0,4914,5740,1011,38,6,0,0.007733007733007733,0.0010452961672473868,0.0,0.8500000000000001,0.2,0.4,0.5,70.0,90.0,60.0,0.75,0.2,0.5,0.5,80.0,95.0,60.0,4484,4455,29,4484,0.006467439785905442,0.6622949057853185,1.0,0.6622949057853185,1717,0.3854096520763187,1.0,1
"iteration_4","SCOPE_DATA_COLLECTION",1000,35,2170.0,2230.0,2,5831,4438,1396,5605,4485,1426,5838,4405,1382,8,20,16,0.0013684570646595963,0.004519774011299435,0.011444921316165951,0.2846260398859276,0.646629097639135,1.0834777955049621,0.5692520797718552,0.646629097639135,0.7223185303366414,0.21377183967112023,0.38683314415437003,0.3986975397973951,100.0,100.0,4914,5740,1011,38,6,0,0.007733007733007733,0.0010452961672473868,0.0,0.8500000000000001,0.2,0.4,0.5,70.0,90.0,60.0,0.75,0.2,0.5,0.5,80.0,95.0,60.0,1383,1358,25,1383,0.018076644974692697,1.1353178128528005,1.5,0.756878541901867,570,0.41973490427098675,1.0,1
"iteration_4","SCOPE_DATA_COLLECTION",1000,36,2230.0,2290.0,0,5786,4484,1383,5831,4438,1396,5776,4460,1359,9,29,25,0.0015557476231633535,0.0064602361327689905,0.018063583815028903,0.2864768629056613,0.6646642274085336,1.1334623240207262,0.5729537258113226,0.6646642274085336,0.7556415493471508,0.2328601108033241,0.38766816143497757,0.41869021339220014,90.0,100.0,4906,5062,1685,59,4,0,0.012026090501426825,7.902015013828526E-4,0.0,0.75,0.2,0.5,0.5,80.0,95.0,60.0,0.65,0.1,0.6000000000000001,0.6000000000000001,80.0,95.0,50.0,5696,5691,5,5696,8.778089887640449E-4,0.28616615243267823,0.5,0.5723323048653565,1262,0.22175364610788964,1.0,1
"iteration_4","SCOPE_DATA_COLLECTION",1000,36,2230.0,2290.0,1,5786,4484,1383,5831,4438,1396,5776,4460,1359,9,29,25,0.0015557476231633535,0.0064602361327689905,0.018063583815028903,0.2864768629056613,0.6646642274085336,1.1334623240207262,0.5729537258113226,0.6646642274085336,0.7556415493471508,0.2328601108033241,0.38766816143497757,0.41869021339220014,90.0,100.0,4906,5062,1685,59,4,0,0.012026090501426825,7.902015013828526E-4,0.0,0.75,0.2,0.5,0.5,80.0,95.0,60.0,0.65,0.1,0.6000000000000001,0.6000000000000001,80.0,95.0,50.0,4584,4564,20,4584,0.004363001745200698,0.6911592639168154,1.0,0.6911592639168154,1884,0.4127957931638913,1.0,1
"iteration_4","SCOPE_DATA_COLLECTION",1000,36,2230.0,2290.0,2,5786,4484,1383,5831,4438,1396,5776,4460,1359,9,29,25,0.0015557476231633535,0.0064602361327689905,0.018063583815028903,0.2864768629056613,0.6646642274085336,1.1334623240207262,0.5729537258113226,0.6646642274085336,0.7556415493471508,0.2328601108033241,0.38766816143497757,0.41869021339220014,90.0,100.0,4906,5062,1685,59,4,0,0.012026090501426825,7.902015013828526E-4,0.0,0.75,0.2,0.5,0.5,80.0,95.0,60.0,0.65,0.1,0.6000000000000001,0.6000000000000001,80.0,95.0,50.0,1286,1272,14,1286,0.01088646967340591,1.1050006147509575,1.5,0.7366670765006383,518,0.40723270440251574,1.0,1
"iteration_4","SCOPE_DATA_COLLECTION",1000,37,2290.0,2350.0,0,5696,4584,1286,5786,4484,1383,5689,4550,1280,5,20,14,8.781173164734809E-4,0.00437636761487965,0.010819165378670788,0.2861263504042039,0.6907681250779744,1.1091348065531448,0.5722527008084078,0.6907681250779744,0.7394232043687632,0.22165582703462822,0.4116483516483517,0.41015625,100.0,100.0,5045,4219,2302,36,3,0,0.00713577799801784,7.11068973690448E-4,0.0,0.65,0.1,0.6000000000000001,0.6000000000000001,80.0,95.0,50.0,0.15000000000000002,0.7000000000000001,0.4,0.6000000000000001,75.0,70.0,55.0,5736,3018,2718,5736,0.47384937238493724,0.5109450873239794,0.5,1.0218901746479587,1595,0.5284956925115971,1.0,1
"iteration_4","SCOPE_DATA_COLLECTION",1000,37,2290.0,2350.0,1,5696,4584,1286,5786,4484,1383,5689,4550,1280,5,20,14,8.781173164734809E-4,0.00437636761487965,0.010819165378670788,0.2861263504042039,0.6907681250779744,1.1091348065531448,0.5722527008084078,0.6907681250779744,0.7394232043687632,0.22165582703462822,0.4116483516483517,0.41015625,100.0,100.0,5045,4219,2302,36,3,0,0.00713577799801784,7.11068973690448E-4,0.0,0.65,0.1,0.6000000000000001,0.6000000000000001,80.0,95.0,50.0,0.15000000000000002,0.7000000000000001,0.4,0.6000000000000001,75.0,70.0,55.0,4499,2398,2101,4499,0.4669926650366748,1.0662378762045264,1.0,1.0662378762045264,1680,0.700583819849875,1.0,1
"iteration_4","SCOPE_DATA_COLLECTION",1000,37,2290.0,2350.0,2,5696,4584,1286,5786,4484,1383,5689,4550,1280,5,20,14,8.781173164734809E-4,0.00437636761487965,0.010819165378670788,0.2861263504042039,0.6907681250779744,1.1091348065531448,0.5722527008084078,0.6907681250779744,0.7394232043687632,0.22165582703462822,0.4116483516483517,0.41015625,100.0,100.0,5045,4219,2302,36,3,0,0.00713577799801784,7.11068973690448E-4,0.0,0.65,0.1,0.6000000000000001,0.6000000000000001,80.0,95.0,50.0,0.15000000000000002,0.7000000000000001,0.4,0.6000000000000001,75.0,70.0,55.0,1408,725,683,1408,0.4850852272727273,1.8197784012952885,1.5,1.2131856008635256,554,0.7641379310344828,1.0,1
"iteration_4","SCOPE_DATA_COLLECTION",1000,38,2350.0,2410.0,0,5736,4499,1408,5696,4584,1286,3028,2427,722,2718,2101,683,0.4730247128437174,0.4640017667844523,0.48612099644128115,0.5100775532779539,1.0646707661129866,1.8060668673339064,1.0201551065559078,1.0646707661129866,1.2040445782226044,0.5267503302509907,0.6975690152451587,0.7576177285318559,97.5,100.0,4795,971,5877,37,2,5463,0.007716371220020855,0.0020597322348094747,0.9295558958652373,0.15000000000000002,0.7000000000000001,0.4,0.6000000000000001,75.0,70.0,55.0,0.15000000000000002,0.6000000000000001,0.5,0.5,65.0,60.0,55.0,5783,3257,2526,5783,0.4367975099429362,0.4836611955416997,0.5,0.9673223910833993,1535,0.4712926005526558,1.0,1
"iteration_4","SCOPE_DATA_COLLECTION",1000,38,2350.0,2410.0,1,5736,4499,1408,5696,4584,1286,3028,2427,722,2718,2101,683,0.4730247128437174,0.4640017667844523,0.48612099644128115,0.5100775532779539,1.0646707661129866,1.8060668673339064,1.0201551065559078,1.0646707661129866,1.2040445782226044,0.5267503302509907,0.6975690152451587,0.7576177285318559,97.5,100.0,4795,971,5877,37,2,5463,0.007716371220020855,0.0020597322348094747,0.9295558958652373,0.15000000000000002,0.7000000000000001,0.4,0.6000000000000001,75.0,70.0,55.0,0.15000000000000002,0.6000000000000001,0.5,0.5,65.0,60.0,55.0,4362,2449,1913,4362,0.4385602934433746,1.0489695735765239,1.0,1.0489695735765239,1702,0.6949775418538179,1.0,1
"iteration_4","SCOPE_DATA_COLLECTION",1000,38,2350.0,2410.0,2,5736,4499,1408,5696,4584,1286,3028,2427,722,2718,2101,683,0.4730247128437174,0.4640017667844523,0.48612099644128115,0.5100775532779539,1.0646707661129866,1.8060668673339064,1.0201551065559078,1.0646707661129866,1.2040445782226044,0.5267503302509907,0.6975690152451587,0.7576177285318559,97.5,100.0,4795,971,5877,37,2,5463,0.007716371220020855,0.0020597322348094747,0.9295558958652373,0.15000000000000002,0.7000000000000001,0.4,0.6000000000000001,75.0,70.0,55.0,0.15000000000000002,0.6000000000000001,0.5,0.5,65.0,60.0,55.0,1352,763,589,1352,0.4356508875739645,1.7769439852857092,1.5,1.1846293235238061,566,0.7418086500655308,1.0,1
"iteration_4","SCOPE_DATA_COLLECTION",1000,39,2410.0,2470.0,0,5783,4362,1352,5736,4499,1408,3248,2444,756,2526,1913,589,0.4374783512296502,0.43906357585494604,0.4379182156133829,0.4825350332042073,1.04843403823776,1.7746226718023175,0.9650700664084146,1.04843403823776,1.183081781201545,0.46921182266009853,0.6959901800327333,0.7394179894179894,95.0,100.0,4790,992,5715,53,1,4974,0.011064718162839248,0.0010080645161290322,0.8703412073490814,0.15000000000000002,0.6000000000000001,0.5,0.5,65.0,60.0,55.0,0.6000000000000001,0.1,0.30000000000000004,0.7000000000000001,70.0,20.0,80.0,5792,5763,29,5792,0.0050069060773480665,0.28579023511005797,0.5,0.5715804702201159,1250,0.21690091965989935,1.0,1
"iteration_4","SCOPE_DATA_COLLECTION",1000,39,2410.0,2470.0,1,5783,4362,1352,5736,4499,1408,3248,2444,756,2526,1913,589,0.4374783512296502,0.43906357585494604,0.4379182156133829,0.4825350332042073,1.04843403823776,1.7746226718023175,0.9650700664084146,1.04843403823776,1.183081781201545,0.46921182266009853,0.6959901800327333,0.7394179894179894,95.0,100.0,4790,992,5715,53,1,4974,0.011064718162839248,0.0010080645161290322,0.8703412073490814,0.15000000000000002,0.6000000000000001,0.5,0.5,65.0,60.0,55.0,0.6000000000000001,0.1,0.30000000000000004,0.7000000000000001,70.0,20.0,80.0,4473,4437,36,4473,0.008048289738430584,0.6568895969181245,1.0,0.6568895969181245,1758,0.3962136578769439,1.0,1
"iteration_4","SCOPE_DATA_COLLECTION",1000,39,2410.0,2470.0,2,5783,4362,1352,5736,4499,1408,3248,2444,756,2526,1913,589,0.4374783512296502,0.43906357585494604,0.4379182156133829,0.4825350332042073,1.04843403823776,1.7746226718023175,0.9650700664084146,1.04843403823776,1.183081781201545,0.46921182266009853,0.6959901800327333,0.7394179894179894,95.0,100.0,4790,992,5715,53,1,4974,0.011064718162839248,0.0010080645161290322,0.8703412073490814,0.15000000000000002,0.6000000000000001,0.5,0.5,65.0,60.0,55.0,0.6000000000000001,0.1,0.30000000000000004,0.7000000000000001,70.0,20.0,80.0,1340,1320,20,1340,0.014925373134328358,1.1450523497176952,1.5,0.7633682331451301,573,0.4340909090909091,1.0,1
"iteration_4","SCOPE_DATA_COLLECTION",1000,40,2470.0,2530.0,0,5792,4473,1340,5783,4362,1352,5758,4416,1319,29,36,20,0.00501123207188526,0.008086253369272238,0.014936519790888723,0.286257079172485,0.6553995200715994,1.150610351197412,0.57251415834497,0.6553995200715994,0.7670735674649413,0.21778395276137547,0.39492753623188404,0.43669446550416985,97.5,100.0,4949,3995,2661,27,2,56,0.005455647605576884,5.006257822277847E-4,0.021044720030063885,0.6000000000000001,0.1,0.30000000000000004,0.7000000000000001,70.0,20.0,80.0,0.7000000000000001,0.1,0.4,0.6000000000000001,60.0,20.0,70.0,5674,5671,3,5674,5.287275290800141E-4,0.2794526735127371,0.5,0.5589053470254742,1125,0.19837771116205255,1.0,1
"iteration_4","SCOPE_DATA_COLLECTION",1000,40,2470.0,2530.0,1,5792,4473,1340,5783,4362,1352,5758,4416,1319,29,36,20,0.00501123207188526,0.008086253369272238,0.014936519790888723,0.286257079172485,0.6553995200715994,1.150610351197412,0.57251415834497,0.6553995200715994,0.7670735674649413,0.21778395276137547,0.39492753623188404,0.43669446550416985,97.5,100.0,4949,3995,2661,27,2,56,0.005455647605576884,5.006257822277847E-4,0.021044720030063885,0.6000000000000001,0.1,0.30000000000000004,0.7000000000000001,70.0,20.0,80.0,0.7000000000000001,0.1,0.4,0.6000000000000001,60.0,20.0,70.0,4434,4417,17,4434,0.0038340099233198015,0.6608648459217947,1.0,0.6608648459217947,1773,0.4014036676477247,1.0,1
"iteration_4","SCOPE_DATA_COLLECTION",1000,40,2470.0,2530.0,2,5792,4473,1340,5783,4362,1352,5758,4416,1319,29,36,20,0.00501123207188526,0.008086253369272238,0.014936519790888723,0.286257079172485,0.6553995200715994,1.150610351197412,0.57251415834497,0.6553995200715994,0.7670735674649413,0.21778395276137547,0.39492753623188404,0.43669446550416985,97.5,100.0,4949,3995,2661,27,2,56,0.005455647605576884,5.006257822277847E-4,0.021044720030063885,0.6000000000000001,0.1,0.30000000000000004,0.7000000000000001,70.0,20.0,80.0,0.7000000000000001,0.1,0.4,0.6000000000000001,60.0,20.0,70.0,1341,1330,11,1341,0.00820283370618941,1.0958946730286128,1.5,0.7305964486857418,544,0.40902255639097745,1.0,1
"iteration_4","SCOPE_DATA_COLLECTION",1000,41,2530.0,2590.0,0,5674,4434,1341,5792,4473,1340,5670,4418,1338,3,17,11,5.288207297726071E-4,0.0038331454340473506,0.00815418828762046,0.2798216918115069,0.6616571413263441,1.099321532080587,0.5596433836230138,0.6616571413263441,0.7328810213870579,0.19876543209876543,0.40221819827976457,0.4110612855007474,100.0,100.0,4962,4541,1946,28,3,0,0.005642885933091495,6.606474344857961E-4,0.0,0.7000000000000001,0.1,0.4,0.6000000000000001,60.0,20.0,70.0,0.7000000000000001,0.1,0.4,0.6000000000000001,60.0,20.0,70.0,5841,5833,8,5841,0.001369628488272556,0.2744408064064628,0.5,0.5488816128129256,1192,0.20435453454483113,1.0,1
"iteration_4","SCOPE_DATA_COLLECTION",1000,41,2530.0,2590.0,1,5674,4434,1341,5792,4473,1340,5670,4418,1338,3,17,11,5.288207297726071E-4,0.0038331454340473506,0.00815418828762046,0.2798216918115069,0.6616571413263441,1.099321532080587,0.5596433836230138,0.6616571413263441,0.7328810213870579,0.19876543209876543,0.40221819827976457,0.4110612855007474,100.0,100.0,4962,4541,1946,28,3,0,0.005642885933091495,6.606474344857961E-4,0.0,0.7000000000000001,0.1,0.4,0.6000000000000001,60.0,20.0,70.0,0.7000000000000001,0.1,0.4,0.6000000000000001,60.0,20.0,70.0,4492,4472,20,4492,0.004452359750667854,0.6623217945357959,1.0,0.6623217945357959,1801,0.40272808586762077,1.0,1
"iteration_4","SCOPE_DATA_COLLECTION",1000,41,2530.0,2590.0,2,5674,4434,1341,5792,4473,1340,5670,4418,1338,3,17,11,5.288207297726071E-4,0.0038331454340473506,0.00815418828762046,0.2798216918115069,0.6616571413263441,1.099321532080587,0.5596433836230138,0.6616571413263441,0.7328810213870579,0.19876543209876543,0.40221819827976457,0.4110612855007474,100.0,100.0,4962,4541,1946,28,3,0,0.005642885933091495,6.606474344857961E-4,0.0,0.7000000000000001,0.1,0.4,0.6000000000000001,60.0,20.0,70.0,0.7000000000000001,0.1,0.4,0.6000000000000001,60.0,20.0,70.0,1376,1357,19,1376,0.013808139534883721,1.1030542397408476,1.5,0.7353694931605651,561,0.4134119380987472,1.0,1
"iteration_4","SCOPE_DATA_COLLECTION",1000,42,2590.0,2650.0,0,5841,4492,1376,5674,4434,1341,5826,4484,1344,8,20,19,0.0013712718546451835,0.004440497335701598,0.013939838591342627,0.27412834673969116,0.6643410983605054,1.099907454218853,0.5482566934793823,0.6643410983605054,0.733271636145902,0.2037418468932372,0.4047725245316682,0.4114583333333333,97.5,100.0,4951,4680,2078,41,6,0,0.00828115532215714,0.001282051282051282,0.0,0.7000000000000001,0.1,0.4,0.6000000000000001,60.0,20.0,70.0,0.2,0.1,0.9,0.7000000000000001,85.0,45.0,70.0,5668,3908,1760,5668,0.310515172900494,0.487766613434443,0.5,0.975533226868886,1314,0.33623336745138177,1.0,1
"iteration_4","SCOPE_DATA_COLLECTION",1000,42,2590.0,2650.0,1,5841,4492,1376,5674,4434,1341,5826,4484,1344,8,20,19,0.0013712718546451835,0.004440497335701598,0.013939838591342627,0.27412834673969116,0.6643410983605054,1.099907454218853,0.5482566934793823,0.6643410983605054,0.733271636145902,0.2037418468932372,0.4047725245316682,0.4114583333333333,97.5,100.0,4951,4680,2078,41,6,0,0.00828115532215714,0.001282051282051282,0.0,0.7000000000000001,0.1,0.4,0.6000000000000001,60.0,20.0,70.0,0.2,0.1,0.9,0.7000000000000001,85.0,45.0,70.0,4352,2994,1358,4352,0.31204044117647056,0.9906470849583137,1.0,0.9906470849583137,1756,0.5865063460253841,1.0,1
"iteration_4","SCOPE_DATA_COLLECTION",1000,42,2590.0,2650.0,2,5841,4492,1376,5674,4434,1341,5826,4484,1344,8,20,19,0.0013712718546451835,0.004440497335701598,0.013939838591342627,0.27412834673969116,0.6643410983605054,1.099907454218853,0.5482566934793823,0.6643410983605054,0.733271636145902,0.2037418468932372,0.4047725245316682,0.4114583333333333,97.5,100.0,4951,4680,2078,41,6,0,0.00828115532215714,0.001282051282051282,0.0,0.7000000000000001,0.1,0.4,0.6000000000000001,60.0,20.0,70.0,0.2,0.1,0.9,0.7000000000000001,85.0,45.0,70.0,1364,918,446,1364,0.32697947214076245,1.6692850866508187,1.5,1.1128567244338792,605,0.659041394335512,1.0,1
"iteration_4","SCOPE_DATA_COLLECTION",1000,43,2650.0,2710.0,0,5668,4352,1364,5841,4492,1376,3922,2997,935,1760,1358,446,0.30975008799718406,0.31182548794489096,0.3229543808834178,0.48751456786184444,0.9860367796906714,1.6655813817849923,0.9750291357236889,0.9860367796906714,1.1103875878566616,0.33758286588475267,0.5825825825825826,0.6588235294117647,97.5,100.0,4867,1335,5182,49,1,3514,0.010067803575097596,7.49063670411985E-4,0.6781165573137785,0.2,0.1,0.9,0.7000000000000001,85.0,45.0,70.0,0.1,0.1,0.9,0.8,85.0,45.0,80.0,5732,2983,2749,5732,0.4795882763433357,0.4577975876706377,0.5,0.9155951753412754,1164,0.3902111967817633,1.0,1
"iteration_4","SCOPE_DATA_COLLECTION",1000,43,2650.0,2710.0,1,5668,4352,1364,5841,4492,1376,3922,2997,935,1760,1358,446,0.30975008799718406,0.31182548794489096,0.3229543808834178,0.48751456786184444,0.9860367796906714,1.6655813817849923,0.9750291357236889,0.9860367796906714,1.1103875878566616,0.33758286588475267,0.5825825825825826,0.6588235294117647,97.5,100.0,4867,1335,5182,49,1,3514,0.010067803575097596,7.49063670411985E-4,0.6781165573137785,0.2,0.1,0.9,0.7000000000000001,85.0,45.0,70.0,0.1,0.1,0.9,0.8,85.0,45.0,80.0,4454,2253,2201,4454,0.49416255051638974,1.146858974339374,1.0,1.146858974339374,1785,0.7922769640479361,1.0,1
"iteration_4","SCOPE_DATA_COLLECTION",1000,43,2650.0,2710.0,2,5668,4352,1364,5841,4492,1376,3922,2997,935,1760,1358,446,0.30975008799718406,0.31182548794489096,0.3229543808834178,0.48751456786184444,0.9860367796906714,1.6655813817849923,0.9750291357236889,0.9860367796906714,1.1103875878566616,0.33758286588475267,0.5825825825825826,0.6588235294117647,97.5,100.0,4867,1335,5182,49,1,3514,0.010067803575097596,7.49063670411985E-4,0.6781165573137785,0.2,0.1,0.9,0.7000000000000001,85.0,45.0,70.0,0.1,0.1,0.9,0.8,85.0,45.0,80.0,1393,713,680,1393,0.4881550610193826,1.9115893469150036,1.5,1.2743928979433357,587,0.82328190743338,1.0,1
"iteration_4","SCOPE_DATA_COLLECTION",1000,44,2710.0,2770.0,0,5732,4454,1393,5668,4352,1364,2982,2248,710,2749,2201,680,0.47967195951840863,0.49471791413800853,0.4892086330935252,0.4571673452506361,1.1476250673532546,1.911368581259858,0.9143346905012723,1.1476250673532546,1.2742457208399054,0.3876592890677398,0.7922597864768683,0.8211267605633803,100.0,100.0,4988,628,5963,63,0,5567,0.012630312750601443,0.0,0.9335904745933256,0.1,0.1,0.9,0.8,85.0,45.0,80.0,0.1,0.1,0.9,0.8,85.0,45.0,80.0,5825,2908,2917,5825,0.5007725321888412,0.5043663652425449,0.5,1.0087327304850897,1212,0.4167812929848693,1.0,1
"iteration_4","SCOPE_DATA_COLLECTION",1000,44,2710.0,2770.0,1,5732,4454,1393,5668,4352,1364,2982,2248,710,2749,2201,680,0.47967195951840863,0.49471791413800853,0.4892086330935252,0.4571673452506361,1.1476250673532546,1.911368581259858,0.9143346905012723,1.1476250673532546,1.2742457208399054,0.3876592890677398,0.7922597864768683,0.8211267605633803,100.0,100.0,4988,628,5963,63,0,5567,0.012630312750601443,0.0,0.9335904745933256,0.1,0.1,0.9,0.8,85.0,45.0,80.0,0.1,0.1,0.9,0.8,85.0,45.0,80.0,4544,2226,2318,4544,0.5101232394366197,1.2135636046119656,1.0,1.2135636046119656,1808,0.8122192273135669,1.0,1
"iteration_4","SCOPE_DATA_COLLECTION",1000,44,2710.0,2770.0,2,5732,4454,1393,5668,4352,1364,2982,2248,710,2749,2201,680,0.47967195951840863,0.49471791413800853,0.4892086330935252,0.4571673452506361,1.1476250673532546,1.911368581259858,0.9143346905012723,1.1476250673532546,1.2742457208399054,0.3876592890677398,0.7922597864768683,0.8211267605633803,100.0,100.0,4988,628,5963,63,0,5567,0.012630312750601443,0.0,0.9335904745933256,0.1,0.1,0.9,0.8,85.0,45.0,80.0,0.1,0.1,0.9,0.8,85.0,45.0,80.0,1416,667,749,1416,0.528954802259887,2.005836701567858,1.5,1.3372244677119054,580,0.8695652173913043,1.0,1
"iteration_4","SCOPE_DATA_COLLECTION",1000,45,2770.0,2830.0,0,5825,4544,1416,5732,4454,1393,2908,2243,655,2917,2318,749,0.5007725321888412,0.5082218811664109,0.5334757834757835,0.5038056215154106,1.2117960256635996,2.0043273473077723,1.0076112430308213,1.2117960256635996,1.336218231538515,0.41746905089408526,0.8114132857779759,0.8702290076335878,95.0,100.0,4976,662,6147,56,0,5928,0.011254019292604502,0.0,0.9643728648121035,0.1,0.1,0.9,0.8,85.0,45.0,80.0,0.05,0.1,0.9,0.9,85.0,55.0,90.0,5750,2717,3033,5750,0.5274782608695652,0.4788156714981465,0.5,0.957631342996293,1192,0.4387191755612808,1.0,1
"iteration_4","SCOPE_DATA_COLLECTION",1000,45,2770.0,2830.0,1,5825,4544,1416,5732,4454,1393,2908,2243,655,2917,2318,749,0.5007725321888412,0.5082218811664109,0.5334757834757835,0.5038056215154106,1.2117960256635996,2.0043273473077723,1.0076112430308213,1.2117960256635996,1.336218231538515,0.41746905089408526,0.8114132857779759,0.8702290076335878,95.0,100.0,4976,662,6147,56,0,5928,0.011254019292604502,0.0,0.9643728648121035,0.1,0.1,0.9,0.8,85.0,45.0,80.0,0.05,0.1,0.9,0.9,85.0,55.0,90.0,4384,2086,2298,4384,0.5241788321167883,1.2163199433950636,1.0,1.2163199433950636,1728,0.8283796740172579,1.0,1
"iteration_4","SCOPE_DATA_COLLECTION",1000,45,2770.0,2830.0,2,5825,4544,1416,5732,4454,1393,2908,2243,655,2917,2318,749,0.5007725321888412,0.5082218811664109,0.5334757834757835,0.5038056215154106,1.2117960256635996,2.0043273473077723,1.0076112430308213,1.2117960256635996,1.336218231538515,0.41746905089408526,0.8114132857779759,0.8702290076335878,95.0,100.0,4976,662,6147,56,0,5928,0.011254019292604502,0.0,0.9643728648121035,0.1,0.1,0.9,0.8,85.0,45.0,80.0,0.05,0.1,0.9,0.9,85.0,55.0,90.0,1413,639,774,1413,0.5477707006369427,2.0585065529705497,1.5,1.3723377019803664,578,0.9045383411580594,1.0,1
"iteration_4","SCOPE_DATA_COLLECTION",1000,46,2830.0,2890.0,0,5750,4384,1413,5825,4544,1416,2718,2072,652,3033,2297,774,0.5273865414710485,0.5257495994506752,0.5427769985974754,0.4795796795972003,1.217001480306209,2.0615971911716557,0.9591593591944007,1.217001480306209,1.3743981274477706,0.44002943340691686,0.8296332046332047,0.9049079754601227,100.0,100.0,4918,319,6310,52,0,6052,0.01057340382269215,0.0,0.9591125198098257,0.05,0.1,0.9,0.9,85.0,55.0,90.0,0.05,0.1,0.9,0.9,75.0,45.0,90.0,5760,2783,2977,5760,0.5168402777777777,0.4875223834017932,0.5,0.9750447668035864,1249,0.448796263025512,1.0,1
"iteration_4","SCOPE_DATA_COLLECTION",1000,46,2830.0,2890.0,1,5750,4384,1413,5825,4544,1416,2718,2072,652,3033,2297,774,0.5273865414710485,0.5257495994506752,0.5427769985974754,0.4795796795972003,1.217001480306209,2.0615971911716557,0.9591593591944007,1.217001480306209,1.3743981274477706,0.44002943340691686,0.8296332046332047,0.9049079754601227,100.0,100.0,4918,319,6310,52,0,6052,0.01057340382269215,0.0,0.9591125198098257,0.05,0.1,0.9,0.9,85.0,55.0,90.0,0.05,0.1,0.9,0.9,75.0,45.0,90.0,4436,2114,2322,4436,0.5234445446348062,1.2128307493922388,1.0,1.2128307493922388,1762,0.8334910122989593,1.0,1
"iteration_4","SCOPE_DATA_COLLECTION",1000,46,2830.0,2890.0,2,5750,4384,1413,5825,4544,1416,2718,2072,652,3033,2297,774,0.5273865414710485,0.5257495994506752,0.5427769985974754,0.4795796795972003,1.217001480306209,2.0615971911716557,0.9591593591944007,1.217001480306209,1.3743981274477706,0.44002943340691686,0.8296332046332047,0.9049079754601227,100.0,100.0,4918,319,6310,52,0,6052,0.01057340382269215,0.0,0.9591125198098257,0.05,0.1,0.9,0.9,85.0,55.0,90.0,0.05,0.1,0.9,0.9,75.0,45.0,90.0,1362,619,743,1362,0.5455212922173275,2.0516655830737136,1.5,1.3677770553824757,557,0.8998384491114702,1.0,1
"iteration_4","SCOPE_DATA_COLLECTION",1000,47,2890.0,2950.0,0,5760,4436,1362,5750,4384,1413,2784,2120,617,2977,2323,743,0.5167505641381704,0.5228449246004951,0.5463235294117647,0.48733974956017645,1.213052530925638,2.0427507055070837,0.9746794991203529,1.213052530925638,1.361833803671389,0.4479166666666667,0.8330188679245283,0.8978930307941653,100.0,100.0,4980,336,6242,55,0,5988,0.01104417670682731,0.0,0.9593079141300865,0.05,0.1,0.9,0.9,75.0,45.0,90.0,0.15000000000000002,0.1,0.8,0.9,85.0,35.0,80.0,5755,3159,2596,5755,0.4510860121633362,0.5150533044304939,0.5,1.0301066088609878,1258,0.398227287116176,1.0,1
"iteration_4","SCOPE_DATA_COLLECTION",1000,47,2890.0,2950.0,1,5760,4436,1362,5750,4384,1413,2784,2120,617,2977,2323,743,0.5167505641381704,0.5228449246004951,0.5463235294117647,0.48733974956017645,1.213052530925638,2.0427507055070837,0.9746794991203529,1.213052530925638,1.361833803671389,0.4479166666666667,0.8330188679245283,0.8978930307941653,100.0,100.0,4980,336,6242,55,0,5988,0.01104417670682731,0.0,0.9593079141300865,0.05,0.1,0.9,0.9,75.0,45.0,90.0,0.15000000000000002,0.1,0.8,0.9,85.0,35.0,80.0,4473,2475,1998,4473,0.44668008048289737,1.1396959765688828,1.0,1.1396959765688828,1809,0.730909090909091,1.0,1
"iteration_4","SCOPE_DATA_COLLECTION",1000,47,2890.0,2950.0,2,5760,4436,1362,5750,4384,1413,2784,2120,617,2977,2323,743,0.5167505641381704,0.5228449246004951,0.5463235294117647,0.48733974956017645,1.213052530925638,2.0427507055070837,0.9746794991203529,1.213052530925638,1.361833803671389,0.4479166666666667,0.8330188679245283,0.8978930307941653,100.0,100.0,4980,336,6242,55,0,5988,0.01104417670682731,0.0,0.9593079141300865,0.05,0.1,0.9,0.9,75.0,45.0,90.0,0.15000000000000002,0.1,0.8,0.9,85.0,35.0,80.0,1360,744,616,1360,0.45294117647058824,1.8742074480819653,1.5,1.2494716320546435,581,0.7809139784946236,1.0,1
"iteration_4","SCOPE_DATA_COLLECTION",1000,48,2950.0,3010.0,0,5755,4473,1360,5760,4436,1362,3159,2477,743,2596,1998,616,0.4510860121633362,0.4464804469273743,0.45327446651949965,0.515207137217701,1.1391602856597385,1.8811916343071093,1.030414274435402,1.1391602856597385,1.2541277562047395,0.39886039886039887,0.7303189341945903,0.7833109017496636,95.0,100.0,4918,984,5686,30,1,5179,0.0061000406669377795,0.0010162601626016261,0.9108336264509321,0.15000000000000002,0.1,0.8,0.9,85.0,35.0,80.0,0.25,0.1,0.8,0.8,75.0,45.0,70.0,5732,4126,1606,5732,0.2801814375436148,0.4180256127144564,0.5,0.8360512254289127,1385,0.3356761997091614,1.0,1
"iteration_4","SCOPE_DATA_COLLECTION",1000,48,2950.0,3010.0,1,5755,4473,1360,5760,4436,1362,3159,2477,743,2596,1998,616,0.4510860121633362,0.4464804469273743,0.45327446651949965,0.515207137217701,1.1391602856597385,1.8811916343071093,1.030414274435402,1.1391602856597385,1.2541277562047395,0.39886039886039887,0.7303189341945903,0.7833109017496636,95.0,100.0,4918,984,5686,30,1,5179,0.0061000406669377795,0.0010162601626016261,0.9108336264509321,0.15000000000000002,0.1,0.8,0.9,85.0,35.0,80.0,0.25,0.1,0.8,0.8,75.0,45.0,70.0,4474,3127,1347,4474,0.3010728654447921,0.9349388769184231,1.0,0.9349388769184231,1810,0.5788295490885833,1.0,1
"iteration_4","SCOPE_DATA_COLLECTION",1000,48,2950.0,3010.0,2,5755,4473,1360,5760,4436,1362,3159,2477,743,2596,1998,616,0.4510860121633362,0.4464804469273743,0.45327446651949965,0.515207137217701,1.1391602856597385,1.8811916343071093,1.030414274435402,1.1391602856597385,1.2541277562047395,0.39886039886039887,0.7303189341945903,0.7833109017496636,95.0,100.0,4918,984,5686,30,1,5179,0.0061000406669377795,0.0010162601626016261,0.9108336264509321,0.15000000000000002,0.1,0.8,0.9,85.0,35.0,80.0,0.25,0.1,0.8,0.8,75.0,45.0,70.0,1379,961,418,1379,0.30311820159535896,1.5083497951115186,1.5,1.0055665300743457,583,0.6066597294484911,1.0,1
"iteration_4","SCOPE_DATA_COLLECTION",1000,49,3010.0,3070.0,0,5732,4474,1379,5755,4473,1360,4108,3111,960,1606,1347,418,0.28106405320266015,0.3021534320323015,0.3033381712626996,0.41788526907257934,0.9360884246808836,1.5105512630448839,0.8357705381451587,0.9360884246808836,1.007034175363256,0.33471275559883157,0.579556412729026,0.6083333333333333,100.0,100.0,4949,1701,4935,49,3,3319,0.009900990099009901,0.001763668430335097,0.6725430597771024,0.25,0.1,0.8,0.8,75.0,45.0,70.0,0.25,0.1,0.7000000000000001,0.8,65.0,35.0,70.0,5844,4456,1388,5844,0.2375085557837098,0.3849518443243429,0.5,0.7699036886486857,1399,0.31395870736086173,1.0,1
"iteration_4","SCOPE_DATA_COLLECTION",1000,49,3010.0,3070.0,1,5732,4474,1379,5755,4473,1360,4108,3111,960,1606,1347,418,0.28106405320266015,0.3021534320323015,0.3033381712626996,0.41788526907257934,0.9360884246808836,1.5105512630448839,0.8357705381451587,0.9360884246808836,1.007034175363256,0.33471275559883157,0.579556412729026,0.6083333333333333,100.0,100.0,4949,1701,4935,49,3,3319,0.009900990099009901,0.001763668430335097,0.6725430597771024,0.25,0.1,0.8,0.8,75.0,45.0,70.0,0.25,0.1,0.7000000000000001,0.8,65.0,35.0,70.0,4326,3268,1058,4326,0.2445677300046232,0.8858856926074763,1.0,0.8858856926074763,1759,0.5382496940024479,1.0,1
"iteration_4","SCOPE_DATA_COLLECTION",1000,49,3010.0,3070.0,2,5732,4474,1379,5755,4473,1360,4108,3111,960,1606,1347,418,0.28106405320266015,0.3021534320323015,0.3033381712626996,0.41788526907257934,0.9360884246808836,1.5105512630448839,0.8357705381451587,0.9360884246808836,1.007034175363256,0.33471275559883157,0.579556412729026,0.6083333333333333,100.0,100.0,4949,1701,4935,49,3,3319,0.009900990099009901,0.001763668430335097,0.6725430597771024,0.25,0.1,0.8,0.8,75.0,45.0,70.0,0.25,0.1,0.7000000000000001,0.8,65.0,35.0,70.0,1389,1030,359,1389,0.2584593232541397,1.4561433318597456,1.5,0.9707622212398305,591,0.5737864077669903,1.0,1
"iteration_4","SCOPE_DATA_COLLECTION",1000,50,3070.0,3130.0,0,5844,4326,1389,5732,4474,1379,4474,3273,1025,1388,1058,359,0.23677925622654383,0.24428538443777417,0.25939306358381503,0.38555336189138534,0.885086161140055,1.451495254667133,0.7711067237827707,0.885086161140055,0.9676635031114219,0.3156012516763523,0.538955087076077,0.5726829268292682,100.0,100.0,5001,1636,4922,47,1,2757,0.009398120375924815,6.112469437652812E-4,0.5601381552214547,0.25,0.1,0.7000000000000001,0.8,65.0,35.0,70.0,0.25,0.1,0.7000000000000001,0.8,65.0,25.0,60.0,5869,4274,1595,5869,0.2717669108877151,0.41934623134500554,0.5,0.8386924626900111,1378,0.32241459990641086,1.0,1
"iteration_4","SCOPE_DATA_COLLECTION",1000,50,3070.0,3130.0,1,5844,4326,1389,5732,4474,1379,4474,3273,1025,1388,1058,359,0.23677925622654383,0.24428538443777417,0.25939306358381503,0.38555336189138534,0.885086161140055,1.451495254667133,0.7711067237827707,0.885086161140055,0.9676635031114219,0.3156012516763523,0.538955087076077,0.5726829268292682,100.0,100.0,5001,1636,4922,47,1,2757,0.009398120375924815,6.112469437652812E-4,0.5601381552214547,0.25,0.1,0.7000000000000001,0.8,65.0,35.0,70.0,0.25,0.1,0.7000000000000001,0.8,65.0,25.0,60.0,4470,3249,1221,4470,0.2731543624161074,0.8945017411724037,1.0,0.8945017411724037,1793,0.5518621114188981,1.0,1
"iteration_4","SCOPE_DATA_COLLECTION",1000,50,3070.0,3130.0,2,5844,4326,1389,5732,4474,1379,4474,3273,1025,1388,1058,359,0.23677925622654383,0.24428538443777417,0.25939306358381503,0.38555336189138534,0.885086161140055,1.451495254667133,0.7711067237827707,0.885086161140055,0.9676635031114219,0.3156012516763523,0.538955087076077,0.5726829268292682,100.0,100.0,5001,1636,4922,47,1,2757,0.009398120375924815,6.112469437652812E-4,0.5601381552214547,0.25,0.1,0.7000000000000001,0.8,65.0,35.0,70.0,0.25,0.1,0.7000000000000001,0.8,65.0,25.0,60.0,1366,967,399,1366,0.29209370424597364,1.4811643498111842,1.5,0.9874428998741228,569,0.5884177869700103,1.0,1
"iteration_4","SCOPE_DATA_COLLECTION",1000,51,3130.0,3190.0,0,5869,4470,1366,5844,4326,1389,4262,3247,977,1595,1221,399,0.27232371521256615,0.2732766338406446,0.28997093023255816,0.4074704685881541,0.8905028209525587,1.4811176188781536,0.8149409371763082,0.8905028209525587,0.9874117459187691,0.32050680431722195,0.5506621496766245,0.5875127942681678,95.0,100.0,4965,1742,4998,46,1,3168,0.009264853977844914,5.74052812858783E-4,0.6338535414165666,0.25,0.1,0.7000000000000001,0.8,65.0,25.0,60.0,0.25,0.1,0.7000000000000001,0.8,65.0,25.0,60.0,5796,4362,1434,5796,0.2474120082815735,0.47453933946161236,0.5,0.9490786789232247,1587,0.3638239339752407,1.0,1
"iteration_4","SCOPE_DATA_COLLECTION",1000,51,3130.0,3190.0,1,5869,4470,1366,5844,4326,1389,4262,3247,977,1595,1221,399,0.27232371521256615,0.2732766338406446,0.28997093023255816,0.4074704685881541,0.8905028209525587,1.4811176188781536,0.8149409371763082,0.8905028209525587,0.9874117459187691,0.32050680431722195,0.5506621496766245,0.5875127942681678,95.0,100.0,4965,1742,4998,46,1,3168,0.009264853977844914,5.74052812858783E-4,0.6338535414165666,0.25,0.1,0.7000000000000001,0.8,65.0,25.0,60.0,0.25,0.1,0.7000000000000001,0.8,65.0,25.0,60.0,4461,3311,1150,4461,0.25778973324366733,0.9704067341374951,1.0,0.9704067341374951,1896,0.5726366656599214,1.0,1
"iteration_4","SCOPE_DATA_COLLECTION",1000,51,3130.0,3190.0,2,5869,4470,1366,5844,4326,1389,4262,3247,977,1595,1221,399,0.27232371521256615,0.2732766338406446,0.28997093023255816,0.4074704685881541,0.8905028209525587,1.4811176188781536,0.8149409371763082,0.8905028209525587,0.9874117459187691,0.32050680431722195,0.5506621496766245,0.5875127942681678,95.0,100.0,4965,1742,4998,46,1,3168,0.009264853977844914,5.74052812858783E-4,0.6338535414165666,0.25,0.1,0.7000000000000001,0.8,65.0,25.0,60.0,0.25,0.1,0.7000000000000001,0.8,65.0,25.0,60.0,1348,972,376,1348,0.2789317507418398,1.5530437707834828,1.5,1.0353625138556553,593,0.6100823045267489,1.0,1
"iteration_4","SCOPE_DATA_COLLECTION",1000,52,3190.0,3250.0,0,5796,4461,1348,5869,4470,1366,4376,3324,966,1434,1150,376,0.246815834767642,0.2570406794814484,0.28017883755588674,0.48602890242460134,0.9772614041685653,1.5526760492601384,0.9720578048492027,0.9772614041685653,1.0351173661734256,0.36517367458866545,0.5740072202166066,0.6076604554865425,100.0,100.0,5018,1682,4905,54,0,2906,0.010761259465922678,0.0,0.5924566768603465,0.25,0.1,0.7000000000000001,0.8,65.0,25.0,60.0,0.75,0.5,0.2,0.7000000000000001,40.0,20.0,45.0,5762,5755,7,5762,0.0012148559527941688,0.2959601833953663,0.5,0.5919203667907326,1449,0.2517810599478714,1.0,1
"iteration_4","SCOPE_DATA_COLLECTION",1000,52,3190.0,3250.0,1,5796,4461,1348,5869,4470,1366,4376,3324,966,1434,1150,376,0.246815834767642,0.2570406794814484,0.28017883755588674,0.48602890242460134,0.9772614041685653,1.5526760492601384,0.9720578048492027,0.9772614041685653,1.0351173661734256,0.36517367458866545,0.5740072202166066,0.6076604554865425,100.0,100.0,5018,1682,4905,54,0,2906,0.010761259465922678,0.0,0.5924566768603465,0.25,0.1,0.7000000000000001,0.8,65.0,25.0,60.0,0.75,0.5,0.2,0.7000000000000001,40.0,20.0,45.0,4519,4505,14,4519,0.003098030537729586,0.6252348722671214,1.0,0.6252348722671214,1720,0.38179800221975585,1.0,1
"iteration_4","SCOPE_DATA_COLLECTION",1000,52,3190.0,3250.0,2,5796,4461,1348,5869,4470,1366,4376,3324,966,1434,1150,376,0.246815834767642,0.2570406794814484,0.28017883755588674,0.48602890242460134,0.9772614041685653,1.5526760492601384,0.9720578048492027,0.9772614041685653,1.0351173661734256,0.36517367458866545,0.5740072202166066,0.6076604554865425,100.0,100.0,5018,1682,4905,54,0,2906,0.010761259465922678,0.0,0.5924566768603465,0.25,0.1,0.7000000000000001,0.8,65.0,25.0,60.0,0.75,0.5,0.2,0.7000000000000001,40.0,20.0,45.0,1357,1345,12,1357,0.008843036109064112,1.0956671257665325,1.5,0.7304447505110216,542,0.4029739776951673,1.0,1
"iteration_4","SCOPE_DATA_COLLECTION",1000,53,3250.0,3310.0,0,5762,4519,1357,5796,4461,1348,5746,4499,1344,7,14,12,0.00121675647488267,0.0031021493463328164,0.008849557522123894,0.29560358773547796,0.6247487474019225,1.0989783624989808,0.5912071754709559,0.6247487474019225,0.7326522416659872,0.2507831534980856,0.38141809290953543,0.4055059523809524,100.0,100.0,4758,5183,1697,24,9,0,0.005044136191677175,0.001736446073702489,0.0,0.75,0.5,0.2,0.7000000000000001,40.0,20.0,45.0,0.2,0.9,0.9,0.1,30.0,40.0,95.0,5743,3700,2043,5743,0.3557374194671774,0.46415545887488924,0.5,0.9283109177497785,1646,0.4448648648648649,1.0,1
"iteration_4","SCOPE_DATA_COLLECTION",1000,53,3250.0,3310.0,1,5762,4519,1357,5796,4461,1348,5746,4499,1344,7,14,12,0.00121675647488267,0.0031021493463328164,0.008849557522123894,0.29560358773547796,0.6247487474019225,1.0989783624989808,0.5912071754709559,0.6247487474019225,0.7326522416659872,0.2507831534980856,0.38141809290953543,0.4055059523809524,100.0,100.0,4758,5183,1697,24,9,0,0.005044136191677175,0.001736446073702489,0.0,0.75,0.5,0.2,0.7000000000000001,40.0,20.0,45.0,0.2,0.9,0.9,0.1,30.0,40.0,95.0,4388,2785,1603,4388,0.3653144940747493,0.9494081067496569,1.0,0.9494081067496569,1663,0.5971274685816876,1.0,1
"iteration_4","SCOPE_DATA_COLLECTION",1000,53,3250.0,3310.0,2,5762,4519,1357,5796,4461,1348,5746,4499,1344,7,14,12,0.00121675647488267,0.0031021493463328164,0.008849557522123894,0.29560358773547796,0.6247487474019225,1.0989783624989808,0.5912071754709559,0.6247487474019225,0.7326522416659872,0.2507831534980856,0.38141809290953543,0.4055059523809524,100.0,100.0,4758,5183,1697,24,9,0,0.005044136191677175,0.001736446073702489,0.0,0.75,0.5,0.2,0.7000000000000001,40.0,20.0,45.0,0.2,0.9,0.9,0.1,30.0,40.0,95.0,1335,827,508,1335,0.3805243445692884,1.5497080041183517,1.5,1.0331386694122344,542,0.6553808948004837,1.0,1
"iteration_4","SCOPE_DATA_COLLECTION",1000,54,3310.0,3370.0,0,5743,4388,1335,5762,4519,1357,3687,2784,835,2043,1603,508,0.3565445026178011,0.365397766127194,0.37825763216679076,0.4614329952362913,0.9464436171171486,1.550515835540438,0.9228659904725826,0.9464436171171486,1.0336772236936254,0.440737727149444,0.5962643678160919,0.6550898203592814,100.0,100.0,4773,1310,5383,18,0,4136,0.003771213073538655,0.0,0.768344789151031,0.2,0.9,0.9,0.1,30.0,40.0,95.0,0.2,0.9,0.8,0.2,40.0,30.0,95.0,5878,3877,2001,5878,0.34042191221503915,0.47295826559422943,0.5,0.9459165311884589,1689,0.43564611813257675,1.0,1
"iteration_4","SCOPE_DATA_COLLECTION",1000,54,3310.0,3370.0,1,5743,4388,1335,5762,4519,1357,3687,2784,835,2043,1603,508,0.3565445026178011,0.365397766127194,0.37825763216679076,0.4614329952362913,0.9464436171171486,1.550515835540438,0.9228659904725826,0.9464436171171486,1.0336772236936254,0.440737727149444,0.5962643678160919,0.6550898203592814,100.0,100.0,4773,1310,5383,18,0,4136,0.003771213073538655,0.0,0.768344789151031,0.2,0.9,0.9,0.1,30.0,40.0,95.0,0.2,0.9,0.8,0.2,40.0,30.0,95.0,4364,2863,1501,4364,0.3439505041246563,0.9747290648175351,1.0,0.9747290648175351,1736,0.6063569682151589,1.0,1
"iteration_4","SCOPE_DATA_COLLECTION",1000,54,3310.0,3370.0,2,5743,4388,1335,5762,4519,1357,3687,2784,835,2043,1603,508,0.3565445026178011,0.365397766127194,0.37825763216679076,0.4614329952362913,0.9464436171171486,1.550515835540438,0.9228659904725826,0.9464436171171486,1.0336772236936254,0.440737727149444,0.5962643678160919,0.6550898203592814,100.0,100.0,4773,1310,5383,18,0,4136,0.003771213073538655,0.0,0.768344789151031,0.2,0.9,0.9,0.1,30.0,40.0,95.0,0.2,0.9,0.8,0.2,40.0,30.0,95.0,1369,847,522,1369,0.38130021913805695,1.5480163588809228,1.5,1.0320109059206153,537,0.6340023612750886,1.0,1
"iteration_4","SCOPE_DATA_COLLECTION",1000,55,3370.0,3430.0,0,5878,4364,1369,5743,4388,1335,3904,2878,839,2001,1501,522,0.3388653683319221,0.3427723224480475,0.38354151359294636,0.4755845704528905,0.9781008961078537,1.5415458346583548,0.951169140905781,0.9781008961078537,1.0276972231055699,0.44082991803278687,0.6070187630298819,0.6293206197854588,97.5,100.0,4820,1341,5450,31,0,3993,0.006431535269709543,0.0,0.7326605504587156,0.2,0.9,0.8,0.2,40.0,30.0,95.0,0.2,0.9,0.8,0.2,40.0,30.0,95.0,5761,3738,2023,5761,0.3511543134872418,0.5521682480226481,0.5,1.1043364960452962,1839,0.49197431781701445,1.0,1
"iteration_4","SCOPE_DATA_COLLECTION",1000,55,3370.0,3430.0,1,5878,4364,1369,5743,4388,1335,3904,2878,839,2001,1501,522,0.3388653683319221,0.3427723224480475,0.38354151359294636,0.4755845704528905,0.9781008961078537,1.5415458346583548,0.951169140905781,0.9781008961078537,1.0276972231055699,0.44082991803278687,0.6070187630298819,0.6293206197854588,97.5,100.0,4820,1341,5450,31,0,3993,0.006431535269709543,0.0,0.7326605504587156,0.2,0.9,0.8,0.2,40.0,30.0,95.0,0.2,0.9,0.8,0.2,40.0,30.0,95.0,4440,2871,1569,4440,0.3533783783783784,1.0534620837964173,1.0,1.0534620837964173,1862,0.6485545106234761,1.0,1
"iteration_4","SCOPE_DATA_COLLECTION",1000,55,3370.0,3430.0,2,5878,4364,1369,5743,4388,1335,3904,2878,839,2001,1501,522,0.3388653683319221,0.3427723224480475,0.38354151359294636,0.4755845704528905,0.9781008961078537,1.5415458346583548,0.951169140905781,0.9781008961078537,1.0276972231055699,0.44082991803278687,0.6070187630298819,0.6293206197854588,97.5,100.0,4820,1341,5450,31,0,3993,0.006431535269709543,0.0,0.7326605504587156,0.2,0.9,0.8,0.2,40.0,30.0,95.0,0.2,0.9,0.8,0.2,40.0,30.0,95.0,1350,871,479,1350,0.3548148148148148,1.6524694741557557,1.5,1.1016463161038372,604,0.6934557979334098,1.0,1
"iteration_4","SCOPE_DATA_COLLECTION",1000,56,3430.0,3490.0,0,5761,4440,1350,5878,4364,1369,3692,2839,870,2023,1569,479,0.3539807524059493,0.3559437386569873,0.35507783543365457,0.5446580651852664,1.0465640028023548,1.6554446176023363,1.0893161303705328,1.0465640028023548,1.1036297450682242,0.4848320693391116,0.6452976400140895,0.6954022988505747,100.0,100.0,4730,1425,5396,28,1,4042,0.005919661733615222,7.017543859649122E-4,0.7490733876945885,0.2,0.9,0.8,0.2,40.0,30.0,95.0,0.30000000000000004,0.8,0.7000000000000001,0.30000000000000004,50.0,20.0,95.0,5777,4208,1569,5777,0.271594253072529,0.44374008283338034,0.5,0.8874801656667607,1646,0.3911596958174905,1.0,1
"iteration_4","SCOPE_DATA_COLLECTION",1000,56,3430.0,3490.0,1,5761,4440,1350,5878,4364,1369,3692,2839,870,2023,1569,479,0.3539807524059493,0.3559437386569873,0.35507783543365457,0.5446580651852664,1.0465640028023548,1.6554446176023363,1.0893161303705328,1.0465640028023548,1.1036297450682242,0.4848320693391116,0.6452976400140895,0.6954022988505747,100.0,100.0,4730,1425,5396,28,1,4042,0.005919661733615222,7.017543859649122E-4,0.7490733876945885,0.2,0.9,0.8,0.2,40.0,30.0,95.0,0.30000000000000004,0.8,0.7000000000000001,0.30000000000000004,50.0,20.0,95.0,4444,3288,1156,4444,0.2601260126012601,0.861056272914829,1.0,0.861056272914829,1718,0.5225060827250608,1.0,1
"iteration_4","SCOPE_DATA_COLLECTION",1000,56,3430.0,3490.0,2,5761,4440,1350,5878,4364,1369,3692,2839,870,2023,1569,479,0.3539807524059493,0.3559437386569873,0.35507783543365457,0.5446580651852664,1.0465640028023548,1.6554446176023363,1.0893161303705328,1.0465640028023548,1.1036297450682242,0.4848320693391116,0.6452976400140895,0.6954022988505747,100.0,100.0,4730,1425,5396,28,1,4042,0.005919661733615222,7.017543859649122E-4,0.7490733876945885,0.2,0.9,0.8,0.2,40.0,30.0,95.0,0.30000000000000004,0.8,0.7000000000000001,0.30000000000000004,50.0,20.0,95.0,1425,1023,402,1425,0.28210526315789475,1.4383880136625562,1.5,0.9589253424417041,576,0.5630498533724341,1.0,1
"iteration_4","SCOPE_DATA_COLLECTION",1000,57,3490.0,3550.0,0,5777,4444,1425,5761,4440,1350,4240,3309,1027,1569,1156,402,0.2700981236013083,0.2589025755879059,0.2813156053184045,0.45031982738902804,0.8659742342819187,1.4387227873760218,0.9006396547780561,0.8659742342819187,0.9591485249173478,0.3964622641509434,0.5249320036264733,0.563777994157741,97.5,100.0,4688,2073,4885,37,1,3089,0.007892491467576791,4.82392667631452E-4,0.6323439099283521,0.30000000000000004,0.8,0.7000000000000001,0.30000000000000004,50.0,20.0,95.0,0.2,0.8,0.7000000000000001,0.2,50.0,20.0,95.0,5718,3510,2208,5718,0.3861490031479538,0.5353306097749807,0.5,1.0706612195499614,1687,0.4806267806267806,1.0,1
"iteration_4","SCOPE_DATA_COLLECTION",1000,57,3490.0,3550.0,1,5777,4444,1425,5761,4440,1350,4240,3309,1027,1569,1156,402,0.2700981236013083,0.2589025755879059,0.2813156053184045,0.45031982738902804,0.8659742342819187,1.4387227873760218,0.9006396547780561,0.8659742342819187,0.9591485249173478,0.3964622641509434,0.5249320036264733,0.563777994157741,97.5,100.0,4688,2073,4885,37,1,3089,0.007892491467576791,4.82392667631452E-4,0.6323439099283521,0.30000000000000004,0.8,0.7000000000000001,0.30000000000000004,50.0,20.0,95.0,0.2,0.8,0.7000000000000001,0.2,50.0,20.0,95.0,4447,2754,1693,4447,0.38070609399595234,1.0473743177594501,1.0,1.0473743177594501,1753,0.6365286855482933,1.0,1
"iteration_4","SCOPE_DATA_COLLECTION",1000,57,3490.0,3550.0,2,5777,4444,1425,5761,4440,1350,4240,3309,1027,1569,1156,402,0.2700981236013083,0.2589025755879059,0.2813156053184045,0.45031982738902804,0.8659742342819187,1.4387227873760218,0.9006396547780561,0.8659742342819187,0.9591485249173478,0.3964622641509434,0.5249320036264733,0.563777994157741,97.5,100.0,4688,2073,4885,37,1,3089,0.007892491467576791,4.82392667631452E-4,0.6323439099283521,0.30000000000000004,0.8,0.7000000000000001,0.30000000000000004,50.0,20.0,95.0,0.2,0.8,0.7000000000000001,0.2,50.0,20.0,95.0,1425,857,568,1425,0.39859649122807017,1.6168551642823998,1.5,1.0779034428549332,570,0.6651108518086347,1.0,1
"iteration_4","SCOPE_DATA_COLLECTION",1000,58,3550.0,3618.6454070845516,0,5718,4447,1425,5777,4444,1425,3523,2754,856,2208,1693,568,0.385273076251963,0.38070609399595234,0.398876404494382,0.5356954569841028,1.0472820752151775,1.6171220895844187,1.0713909139682056,1.0472820752151775,1.0780813930562791,0.4819755889866591,0.6368917937545389,0.6647196261682243,97.5,100.0,4735,1379,5476,19,2,4448,0.004012671594508976,0.0014503263234227702,0.8122717311906501,0.2,0.8,0.7000000000000001,0.2,50.0,20.0,95.0,0.1,0.9,0.6000000000000001,0.2,60.0,20.0,95.0,4759,2460,2271,4731,0.4800253646163602,0.5823078662344269,0.5,1.1646157324688537,1384,0.5626016260162602,0.9941164110107166,0
"iteration_4","SCOPE_DATA_COLLECTION",1000,58,3550.0,3618.6454070845516,1,5718,4447,1425,5777,4444,1425,3523,2754,856,2208,1693,568,0.385273076251963,0.38070609399595234,0.398876404494382,0.5356954569841028,1.0472820752151775,1.6171220895844187,1.0713909139682056,1.0472820752151775,1.0780813930562791,0.4819755889866591,0.6368917937545389,0.6647196261682243,97.5,100.0,4735,1379,5476,19,2,4448,0.004012671594508976,0.0014503263234227702,0.8122717311906501,0.2,0.8,0.7000000000000001,0.2,50.0,20.0,95.0,0.1,0.9,0.6000000000000001,0.2,60.0,20.0,95.0,3628,1827,1759,3586,0.4905186837702175,1.1626220625049826,1.0,1.1626220625049826,1391,0.7613574165298304,0.9884233737596472,0
"iteration_4","SCOPE_DATA_COLLECTION",1000,58,3550.0,3618.6454070845516,2,5718,4447,1425,5777,4444,1425,3523,2754,856,2208,1693,568,0.385273076251963,0.38070609399595234,0.398876404494382,0.5356954569841028,1.0472820752151775,1.6171220895844187,1.0713909139682056,1.0472820752151775,1.0780813930562791,0.4819755889866591,0.6368917937545389,0.6647196261682243,97.5,100.0,4735,1379,5476,19,2,4448,0.004012671594508976,0.0014503263234227702,0.8122717311906501,0.2,0.8,0.7000000000000001,0.2,50.0,20.0,95.0,0.1,0.9,0.6000000000000001,0.2,60.0,20.0,95.0,1183,569,598,1167,0.5124250214224507,1.9209407901335367,1.5,1.2806271934223579,457,0.8031634446397188,0.9864750633981403,0
"iteration_4","SCOPE_DATA_COLLECTION",1100,0,70.0,130.0,0,6202,4233,1424,0,0,0,6160,4154,1388,13,27,12,0.002105945245423619,0.006457785218847166,0.008571428571428572,0.29677913057000227,0.6505327792771957,1.04791532048085,0.5935582611400045,0.6505327792771957,0.6986102136539,0.24512987012987014,0.36880115551275877,0.3753602305475504,100.0,100.0,4803,4255,2801,51,1,0,0.010618363522798251,2.3501762632197415E-4,0.0,0.6,0.5,0.7,0.4,85.0,80.0,90.0,0.8500000000000001,0.9,0.8,0.6000000000000001,60.0,35.0,45.0,6698,6686,12,6698,0.0017915795759928337,0.31560271700635123,0.5,0.6312054340127025,1840,0.2752019144481005,1.0,1
"iteration_4","SCOPE_DATA_COLLECTION",1100,0,70.0,130.0,1,6202,4233,1424,0,0,0,6160,4154,1388,13,27,12,0.002105945245423619,0.006457785218847166,0.008571428571428572,0.29677913057000227,0.6505327792771957,1.04791532048085,0.5935582611400045,0.6505327792771957,0.6986102136539,0.24512987012987014,0.36880115551275877,0.3753602305475504,100.0,100.0,4803,4255,2801,51,1,0,0.010618363522798251,2.3501762632197415E-4,0.0,0.6,0.5,0.7,0.4,85.0,80.0,90.0,0.8500000000000001,0.9,0.8,0.6000000000000001,60.0,35.0,45.0,4621,4600,21,4621,0.004544470893745943,0.6537958973061548,1.0,0.6537958973061548,1692,0.36782608695652175,1.0,1
"iteration_4","SCOPE_DATA_COLLECTION",1100,0,70.0,130.0,2,6202,4233,1424,0,0,0,6160,4154,1388,13,27,12,0.002105945245423619,0.006457785218847166,0.008571428571428572,0.29677913057000227,0.6505327792771957,1.04791532048085,0.5935582611400045,0.6505327792771957,0.6986102136539,0.24512987012987014,0.36880115551275877,0.3753602305475504,100.0,100.0,4803,4255,2801,51,1,0,0.010618363522798251,2.3501762632197415E-4,0.0,0.6,0.5,0.7,0.4,85.0,80.0,90.0,0.8500000000000001,0.9,0.8,0.6000000000000001,60.0,35.0,45.0,1475,1439,36,1475,0.02440677966101695,1.0726091439106258,1.5,0.7150727626070839,542,0.3766504517025712,1.0,1
"iteration_4","SCOPE_DATA_COLLECTION",1100,1,130.0,190.0,0,6698,4621,1475,6202,4233,1424,6679,4603,1442,12,21,36,0.0017934538932894933,0.004541522491349481,0.02435723951285521,0.31482598996540095,0.6557466942631941,1.073103321595388,0.6296519799308019,0.6557466942631941,0.7154022143969253,0.2744422817787094,0.36867260482294156,0.3765603328710125,97.5,100.0,5081,6571,1142,66,3,0,0.012989568982483763,4.565515142291889E-4,0.0,0.8500000000000001,0.9,0.8,0.6000000000000001,60.0,35.0,45.0,0.9500000000000001,0.9,0.7000000000000001,0.7000000000000001,70.0,25.0,45.0,6606,6588,18,6606,0.0027247956403269754,0.3111811359234242,0.5,0.6223622718468484,1748,0.26533090467516696,1.0,1
"iteration_4","SCOPE_DATA_COLLECTION",1100,1,130.0,190.0,1,6698,4621,1475,6202,4233,1424,6679,4603,1442,12,21,36,0.0017934538932894933,0.004541522491349481,0.02435723951285521,0.31482598996540095,0.6557466942631941,1.073103321595388,0.6296519799308019,0.6557466942631941,0.7154022143969253,0.2744422817787094,0.36867260482294156,0.3765603328710125,97.5,100.0,5081,6571,1142,66,3,0,0.012989568982483763,4.565515142291889E-4,0.0,0.8500000000000001,0.9,0.8,0.6000000000000001,60.0,35.0,45.0,0.9500000000000001,0.9,0.7000000000000001,0.7000000000000001,70.0,25.0,45.0,4538,4510,28,4538,0.00617011899515205,0.6516065549781073,1.0,0.6516065549781073,1663,0.3687361419068736,1.0,1
"iteration_4","SCOPE_DATA_COLLECTION",1100,1,130.0,190.0,2,6698,4621,1475,6202,4233,1424,6679,4603,1442,12,21,36,0.0017934538932894933,0.004541522491349481,0.02435723951285521,0.31482598996540095,0.6557466942631941,1.073103321595388,0.6296519799308019,0.6557466942631941,0.7154022143969253,0.2744422817787094,0.36867260482294156,0.3765603328710125,97.5,100.0,5081,6571,1142,66,3,0,0.012989568982483763,4.565515142291889E-4,0.0,0.8500000000000001,0.9,0.8,0.6000000000000001,60.0,35.0,45.0,0.9500000000000001,0.9,0.7000000000000001,0.7000000000000001,70.0,25.0,45.0,1608,1584,24,1608,0.014925373134328358,1.0607532964761526,1.5,0.7071688643174351,589,0.37184343434343436,1.0,1
"iteration_4","SCOPE_DATA_COLLECTION",1100,2,190.0,250.0,0,6606,4538,1608,6698,4621,1475,6592,4506,1574,18,28,24,0.0027231467473524964,0.0061755624172915745,0.015018773466833541,0.31190771718349364,0.6497490817147594,1.0571184049866214,0.6238154343669873,0.6497490817147594,0.7047456033244143,0.2659283980582524,0.36684420772303594,0.3710292249047014,97.5,100.0,4949,7426,377,62,8,0,0.012527783390583956,0.0010772959870724481,0.0,0.9500000000000001,0.9,0.7000000000000001,0.7000000000000001,70.0,25.0,45.0,0.9500000000000001,0.9,0.8,0.6000000000000001,70.0,35.0,35.0,6742,6725,17,6742,0.0025215069712251556,0.3270761573743957,0.5,0.6541523147487914,1881,0.27970260223048327,1.0,1
"iteration_4","SCOPE_DATA_COLLECTION",1100,2,190.0,250.0,1,6606,4538,1608,6698,4621,1475,6592,4506,1574,18,28,24,0.0027231467473524964,0.0061755624172915745,0.015018773466833541,0.31190771718349364,0.6497490817147594,1.0571184049866214,0.6238154343669873,0.6497490817147594,0.7047456033244143,0.2659283980582524,0.36684420772303594,0.3710292249047014,97.5,100.0,4949,7426,377,62,8,0,0.012527783390583956,0.0010772959870724481,0.0,0.9500000000000001,0.9,0.7000000000000001,0.7000000000000001,70.0,25.0,45.0,0.9500000000000001,0.9,0.8,0.6000000000000001,70.0,35.0,35.0,4601,4572,29,4601,0.006302977613562269,0.6550578740368483,1.0,0.6550578740368483,1660,0.363079615048119,1.0,1
"iteration_4","SCOPE_DATA_COLLECTION",1100,2,190.0,250.0,2,6606,4538,1608,6698,4621,1475,6592,4506,1574,18,28,24,0.0027231467473524964,0.0061755624172915745,0.015018773466833541,0.31190771718349364,0.6497490817147594,1.0571184049866214,0.6238154343669873,0.6497490817147594,0.7047456033244143,0.2659283980582524,0.36684420772303594,0.3710292249047014,97.5,100.0,4949,7426,377,62,8,0,0.012527783390583956,0.0010772959870724481,0.0,0.9500000000000001,0.9,0.7000000000000001,0.7000000000000001,70.0,25.0,45.0,0.9500000000000001,0.9,0.8,0.6000000000000001,70.0,35.0,35.0,1530,1503,27,1530,0.01764705882352941,1.1202443686933659,1.5,0.7468295791289106,592,0.39387890884896876,1.0,1
"iteration_4","SCOPE_DATA_COLLECTION",1100,3,250.0,310.0,0,6742,4601,1530,6606,4538,1608,6727,4580,1506,17,29,27,0.0025207591933570582,0.0062920373182903016,0.01761252446183953,0.32771318277307215,0.6559289177487403,1.119312060032034,0.6554263655461443,0.6559289177487403,0.7462080400213561,0.2809573361082206,0.36331877729257644,0.39243027888446214,97.5,100.0,4988,7515,370,71,2,0,0.014234161988773055,2.661343978709248E-4,0.0,0.9500000000000001,0.9,0.8,0.6000000000000001,70.0,35.0,35.0,0.8500000000000001,0.9,0.8,0.5,60.0,35.0,45.0,6633,6618,15,6633,0.002261420171867933,0.32736552380625183,0.5,0.6547310476125037,1936,0.2925355092172862,1.0,1
"iteration_4","SCOPE_DATA_COLLECTION",1100,3,250.0,310.0,1,6742,4601,1530,6606,4538,1608,6727,4580,1506,17,29,27,0.0025207591933570582,0.0062920373182903016,0.01761252446183953,0.32771318277307215,0.6559289177487403,1.119312060032034,0.6554263655461443,0.6559289177487403,0.7462080400213561,0.2809573361082206,0.36331877729257644,0.39243027888446214,97.5,100.0,4988,7515,370,71,2,0,0.014234161988773055,2.661343978709248E-4,0.0,0.9500000000000001,0.9,0.8,0.6000000000000001,70.0,35.0,35.0,0.8500000000000001,0.9,0.8,0.5,60.0,35.0,45.0,4528,4503,25,4528,0.005521201413427562,0.6550763940292522,1.0,0.6550763940292522,1665,0.3697534976682212,1.0,1
"iteration_4","SCOPE_DATA_COLLECTION",1100,3,250.0,310.0,2,6742,4601,1530,6606,4538,1608,6727,4580,1506,17,29,27,0.0025207591933570582,0.0062920373182903016,0.01761252446183953,0.32771318277307215,0.6559289177487403,1.119312060032034,0.6554263655461443,0.6559289177487403,0.7462080400213561,0.2809573361082206,0.36331877729257644,0.39243027888446214,97.5,100.0,4988,7515,370,71,2,0,0.014234161988773055,2.661343978709248E-4,0.0,0.9500000000000001,0.9,0.8,0.6000000000000001,70.0,35.0,35.0,0.8500000000000001,0.9,0.8,0.5,60.0,35.0,45.0,1457,1428,29,1457,0.01990391214824983,1.1109354088629133,1.5,0.7406236059086089,567,0.39705882352941174,1.0,1
"iteration_4","SCOPE_DATA_COLLECTION",1100,4,310.0,370.0,0,6633,4528,1457,6742,4601,1530,6621,4498,1426,15,25,29,0.0022603978300180833,0.0055273048861375195,0.01993127147766323,0.32641109087355125,0.6551722837822247,1.116047764501384,0.6528221817471025,0.6551722837822247,0.7440318430009226,0.2914967527563812,0.3703868385949311,0.3997194950911641,100.0,100.0,5057,6463,1098,65,4,0,0.012853470437017995,6.189076280365155E-4,0.0,0.8500000000000001,0.9,0.8,0.5,60.0,35.0,45.0,0.8500000000000001,0.8,0.7000000000000001,0.4,60.0,25.0,35.0,6673,6659,14,6673,0.0020980068934512213,0.3189852681559905,0.5,0.637970536311981,1888,0.2835260549632077,1.0,1
"iteration_4","SCOPE_DATA_COLLECTION",1100,4,310.0,370.0,1,6633,4528,1457,6742,4601,1530,6621,4498,1426,15,25,29,0.0022603978300180833,0.0055273048861375195,0.01993127147766323,0.32641109087355125,0.6551722837822247,1.116047764501384,0.6528221817471025,0.6551722837822247,0.7440318430009226,0.2914967527563812,0.3703868385949311,0.3997194950911641,100.0,100.0,5057,6463,1098,65,4,0,0.012853470437017995,6.189076280365155E-4,0.0,0.8500000000000001,0.9,0.8,0.5,60.0,35.0,45.0,0.8500000000000001,0.8,0.7000000000000001,0.4,60.0,25.0,35.0,4696,4670,26,4696,0.005536626916524702,0.6706210007441248,1.0,0.6706210007441248,1750,0.3747323340471092,1.0,1
"iteration_4","SCOPE_DATA_COLLECTION",1100,4,310.0,370.0,2,6633,4528,1457,6742,4601,1530,6621,4498,1426,15,25,29,0.0022603978300180833,0.0055273048861375195,0.01993127147766323,0.32641109087355125,0.6551722837822247,1.116047764501384,0.6528221817471025,0.6551722837822247,0.7440318430009226,0.2914967527563812,0.3703868385949311,0.3997194950911641,100.0,100.0,5057,6463,1098,65,4,0,0.012853470437017995,6.189076280365155E-4,0.0,0.8500000000000001,0.9,0.8,0.5,60.0,35.0,45.0,0.8500000000000001,0.8,0.7000000000000001,0.4,60.0,25.0,35.0,1504,1476,28,1504,0.018617021276595744,1.0614041469623396,1.5,0.7076027646415598,551,0.37330623306233063,1.0,1
"iteration_4","SCOPE_DATA_COLLECTION",1100,5,370.0,430.0,0,6673,4696,1504,6633,4528,1457,6655,4670,1486,14,26,28,0.002099265257159994,0.005536626916524702,0.018494055482166448,0.31950946936996427,0.667054216729848,1.0600271932184806,0.6390189387399285,0.667054216729848,0.7066847954789871,0.2838467317806161,0.3734475374732334,0.3728129205921938,97.5,100.0,5063,6631,1179,64,4,0,0.012640726841793404,6.032272658724174E-4,0.0,0.8500000000000001,0.8,0.7000000000000001,0.4,60.0,25.0,35.0,0.55,0.4,0.5,0.9,90.0,60.0,75.0,6676,6526,150,6676,0.022468544038346316,0.3290238626806255,0.5,0.658047725361251,1896,0.2905301869445296,1.0,1
"iteration_4","SCOPE_DATA_COLLECTION",1100,5,370.0,430.0,1,6673,4696,1504,6633,4528,1457,6655,4670,1486,14,26,28,0.002099265257159994,0.005536626916524702,0.018494055482166448,0.31950946936996427,0.667054216729848,1.0600271932184806,0.6390189387399285,0.667054216729848,0.7066847954789871,0.2838467317806161,0.3734475374732334,0.3728129205921938,97.5,100.0,5063,6631,1179,64,4,0,0.012640726841793404,6.032272658724174E-4,0.0,0.8500000000000001,0.8,0.7000000000000001,0.4,60.0,25.0,35.0,0.55,0.4,0.5,0.9,90.0,60.0,75.0,4577,4467,110,4577,0.02403320952589032,0.6895345287453888,1.0,0.6895345287453888,1741,0.3897470338034475,1.0,1
"iteration_4","SCOPE_DATA_COLLECTION",1100,5,370.0,430.0,2,6673,4696,1504,6633,4528,1457,6655,4670,1486,14,26,28,0.002099265257159994,0.005536626916524702,0.018494055482166448,0.31950946936996427,0.667054216729848,1.0600271932184806,0.6390189387399285,0.667054216729848,0.7066847954789871,0.2838467317806161,0.3734475374732334,0.3728129205921938,97.5,100.0,5063,6631,1179,64,4,0,0.012640726841793404,6.032272658724174E-4,0.0,0.8500000000000001,0.8,0.7000000000000001,0.4,60.0,25.0,35.0,0.55,0.4,0.5,0.9,90.0,60.0,75.0,1581,1518,63,1581,0.03984819734345351,1.1053120183625498,1.5,0.7368746789083666,587,0.38669301712779974,1.0,1
"iteration_4","SCOPE_DATA_COLLECTION",1100,6,430.0,490.0,0,6676,4577,1581,6673,4696,1504,6513,4464,1507,150,110,63,0.0225123818099955,0.024048972452995192,0.040127388535031845,0.3277154002218503,0.6910565694307036,1.1033000909589559,0.6554308004437006,0.6910565694307036,0.7355333939726373,0.28926761860893596,0.3900089605734767,0.3855341738553417,100.0,100.0,5065,4239,3530,71,4,248,0.0140177690029615,9.436187780136825E-4,0.07025495750708215,0.55,0.4,0.5,0.9,90.0,60.0,75.0,0.45,0.30000000000000004,0.6000000000000001,0.8,95.0,70.0,75.0,6747,5944,803,6747,0.11901585890025196,0.4197951257855013,0.5,0.8395902515710026,2136,0.35935397039030953,1.0,1
"iteration_4","SCOPE_DATA_COLLECTION",1100,6,430.0,490.0,1,6676,4577,1581,6673,4696,1504,6513,4464,1507,150,110,63,0.0225123818099955,0.024048972452995192,0.040127388535031845,0.3277154002218503,0.6910565694307036,1.1033000909589559,0.6554308004437006,0.6910565694307036,0.7355333939726373,0.28926761860893596,0.3900089605734767,0.3855341738553417,100.0,100.0,5065,4239,3530,71,4,248,0.0140177690029615,9.436187780136825E-4,0.07025495750708215,0.55,0.4,0.5,0.9,90.0,60.0,75.0,0.45,0.30000000000000004,0.6000000000000001,0.8,95.0,70.0,75.0,4575,4053,522,4575,0.11409836065573771,0.79451799922618,1.0,0.79451799922618,1726,0.42585738958795955,1.0,1
"iteration_4","SCOPE_DATA_COLLECTION",1100,6,430.0,490.0,2,6676,4577,1581,6673,4696,1504,6513,4464,1507,150,110,63,0.0225123818099955,0.024048972452995192,0.040127388535031845,0.3277154002218503,0.6910565694307036,1.1033000909589559,0.6554308004437006,0.6910565694307036,0.7355333939726373,0.28926761860893596,0.3900089605734767,0.3855341738553417,100.0,100.0,5065,4239,3530,71,4,248,0.0140177690029615,9.436187780136825E-4,0.07025495750708215,0.55,0.4,0.5,0.9,90.0,60.0,75.0,0.45,0.30000000000000004,0.6000000000000001,0.8,95.0,70.0,75.0,1593,1359,234,1593,0.14689265536723164,1.2808215956811428,1.5,0.8538810637874286,616,0.45327446651949965,1.0,1
"iteration_4","SCOPE_DATA_COLLECTION",1100,7,490.0,550.0,0,6747,4575,1593,6676,4577,1581,5962,4062,1369,803,522,234,0.11869918699186992,0.11387434554973822,0.14597629444791016,0.42131987165827933,0.7955630324495782,1.2903302879225418,0.8426397433165587,0.7955630324495782,0.8602201919483612,0.36112042938611205,0.4263909404234367,0.4579985390796202,97.5,100.0,5018,3469,4428,67,1,1491,0.013351933041052212,2.882675122513693E-4,0.3367208672086721,0.45,0.30000000000000004,0.6000000000000001,0.8,95.0,70.0,75.0,0.45,0.30000000000000004,0.6000000000000001,0.8,95.0,70.0,75.0,6651,5941,710,6651,0.10675086453164938,0.365793127751665,0.5,0.73158625550333,1786,0.30062279077596366,1.0,1
"iteration_4","SCOPE_DATA_COLLECTION",1100,7,490.0,550.0,1,6747,4575,1593,6676,4577,1581,5962,4062,1369,803,522,234,0.11869918699186992,0.11387434554973822,0.14597629444791016,0.42131987165827933,0.7955630324495782,1.2903302879225418,0.8426397433165587,0.7955630324495782,0.8602201919483612,0.36112042938611205,0.4263909404234367,0.4579985390796202,97.5,100.0,5018,3469,4428,67,1,1491,0.013351933041052212,2.882675122513693E-4,0.3367208672086721,0.45,0.30000000000000004,0.6000000000000001,0.8,95.0,70.0,75.0,0.45,0.30000000000000004,0.6000000000000001,0.8,95.0,70.0,75.0,4614,4075,539,4614,0.11681837884698743,0.7464651190054988,1.0,0.7464651190054988,1708,0.41914110429447854,1.0,1
"iteration_4","SCOPE_DATA_COLLECTION",1100,7,490.0,550.0,2,6747,4575,1593,6676,4577,1581,5962,4062,1369,803,522,234,0.11869918699186992,0.11387434554973822,0.14597629444791016,0.42131987165827933,0.7955630324495782,1.2903302879225418,0.8426397433165587,0.7955630324495782,0.8602201919483612,0.36112042938611205,0.4263909404234367,0.4579985390796202,97.5,100.0,5018,3469,4428,67,1,1491,0.013351933041052212,2.882675122513693E-4,0.3367208672086721,0.45,0.30000000000000004,0.6000000000000001,0.8,95.0,70.0,75.0,0.45,0.30000000000000004,0.6000000000000001,0.8,95.0,70.0,75.0,1571,1377,194,1571,0.12348822406110757,1.2197382273979709,1.5,0.8131588182653139,597,0.4335511982570806,1.0,1
"iteration_4","SCOPE_DATA_COLLECTION",1100,8,550.0,610.0,0,6651,4614,1571,6747,4575,1593,5921,4076,1374,710,539,194,0.1070728396923541,0.11679306608884074,0.12372448979591837,0.3639438755639727,0.745425172215776,1.2121197172487428,0.7278877511279453,0.745425172215776,0.8080798114991619,0.29842931937172773,0.4185475956820412,0.43085880640465796,100.0,100.0,5039,3476,4321,66,1,1376,0.013097836872395317,2.8768699654775604E-4,0.3184448044434159,0.45,0.30000000000000004,0.6000000000000001,0.8,95.0,70.0,75.0,0.45,0.2,0.4,0.2,40.0,80.0,70.0,6608,6074,534,6608,0.08081113801452784,0.36195579310074927,0.5,0.7239115862014985,1737,0.2859729996707277,1.0,1
"iteration_4","SCOPE_DATA_COLLECTION",1100,8,550.0,610.0,1,6651,4614,1571,6747,4575,1593,5921,4076,1374,710,539,194,0.1070728396923541,0.11679306608884074,0.12372448979591837,0.3639438755639727,0.745425172215776,1.2121197172487428,0.7278877511279453,0.745425172215776,0.8080798114991619,0.29842931937172773,0.4185475956820412,0.43085880640465796,100.0,100.0,5039,3476,4321,66,1,1376,0.013097836872395317,2.8768699654775604E-4,0.3184448044434159,0.45,0.30000000000000004,0.6000000000000001,0.8,95.0,70.0,75.0,0.45,0.2,0.4,0.2,40.0,80.0,70.0,4544,4148,396,4544,0.08714788732394366,0.7184954757997573,1.0,0.7184954757997573,1729,0.4168273866923819,1.0,1
"iteration_4","SCOPE_DATA_COLLECTION",1100,8,550.0,610.0,2,6651,4614,1571,6747,4575,1593,5921,4076,1374,710,539,194,0.1070728396923541,0.11679306608884074,0.12372448979591837,0.3639438755639727,0.745425172215776,1.2121197172487428,0.7278877511279453,0.745425172215776,0.8080798114991619,0.29842931937172773,0.4185475956820412,0.43085880640465796,100.0,100.0,5039,3476,4321,66,1,1376,0.013097836872395317,2.8768699654775604E-4,0.3184448044434159,0.45,0.30000000000000004,0.6000000000000001,0.8,95.0,70.0,75.0,0.45,0.2,0.4,0.2,40.0,80.0,70.0,1531,1390,141,1531,0.09209666884389288,1.1733427174052955,1.5,0.782228478270197,599,0.4309352517985611,1.0,1
"iteration_4","SCOPE_DATA_COLLECTION",1100,9,610.0,670.0,0,6608,4544,1531,6651,4614,1571,6087,4146,1384,534,396,141,0.08065246941549614,0.08718626155878467,0.09245901639344262,0.3633965508027719,0.7228776563557796,1.1704077187505053,0.7267931016055438,0.7228776563557796,0.7802718125003368,0.28749794644323967,0.4191992281717318,0.4277456647398844,97.5,100.0,4983,3457,4243,27,2,1042,0.005418422636965683,5.785363031530228E-4,0.24558095687013906,0.45,0.2,0.4,0.2,40.0,80.0,70.0,0.45,0.30000000000000004,0.5,0.2,40.0,70.0,80.0,6529,5844,685,6529,0.10491652626742227,0.3623761066398814,0.5,0.7247522132797628,1791,0.30646817248459957,1.0,1
"iteration_4","SCOPE_DATA_COLLECTION",1100,9,610.0,670.0,1,6608,4544,1531,6651,4614,1571,6087,4146,1384,534,396,141,0.08065246941549614,0.08718626155878467,0.09245901639344262,0.3633965508027719,0.7228776563557796,1.1704077187505053,0.7267931016055438,0.7228776563557796,0.7802718125003368,0.28749794644323967,0.4191992281717318,0.4277456647398844,97.5,100.0,4983,3457,4243,27,2,1042,0.005418422636965683,5.785363031530228E-4,0.24558095687013906,0.45,0.2,0.4,0.2,40.0,80.0,70.0,0.45,0.30000000000000004,0.5,0.2,40.0,70.0,80.0,4567,4045,522,4567,0.11429822640683161,0.7327019140755985,1.0,0.7327019140755985,1660,0.4103831891223733,1.0,1
"iteration_4","SCOPE_DATA_COLLECTION",1100,9,610.0,670.0,2,6608,4544,1531,6651,4614,1571,6087,4146,1384,534,396,141,0.08065246941549614,0.08718626155878467,0.09245901639344262,0.3633965508027719,0.7228776563557796,1.1704077187505053,0.7267931016055438,0.7228776563557796,0.7802718125003368,0.28749794644323967,0.4191992281717318,0.4277456647398844,97.5,100.0,4983,3457,4243,27,2,1042,0.005418422636965683,5.785363031530228E-4,0.24558095687013906,0.45,0.2,0.4,0.2,40.0,80.0,70.0,0.45,0.30000000000000004,0.5,0.2,40.0,70.0,80.0,1574,1376,198,1574,0.12579415501905972,1.1901436730238104,1.5,0.7934291153492069,600,0.436046511627907,1.0,1
"iteration_4","SCOPE_DATA_COLLECTION",1100,10,670.0,730.0,0,6529,4567,1574,6608,4544,1531,5856,4033,1376,685,522,198,0.10472404831065586,0.1145993413830955,0.12579415501905972,0.3631618078202464,0.7293444776215489,1.191981396553055,0.7263236156404927,0.7293444776215489,0.7946542643687033,0.30806010928961747,0.40887676667493184,0.4375,100.0,100.0,4836,3529,4305,32,0,1373,0.006617038875103391,0.0,0.318931475029036,0.45,0.30000000000000004,0.5,0.2,40.0,70.0,80.0,0.35000000000000003,0.2,0.4,0.30000000000000004,30.0,80.0,90.0,6693,5185,1508,6693,0.2253100253996713,0.38002004978725024,0.5,0.7600400995745005,1654,0.31899710703953715,1.0,1
"iteration_4","SCOPE_DATA_COLLECTION",1100,10,670.0,730.0,1,6529,4567,1574,6608,4544,1531,5856,4033,1376,685,522,198,0.10472404831065586,0.1145993413830955,0.12579415501905972,0.3631618078202464,0.7293444776215489,1.191981396553055,0.7263236156404927,0.7293444776215489,0.7946542643687033,0.30806010928961747,0.40887676667493184,0.4375,100.0,100.0,4836,3529,4305,32,0,1373,0.006617038875103391,0.0,0.318931475029036,0.45,0.30000000000000004,0.5,0.2,40.0,70.0,80.0,0.35000000000000003,0.2,0.4,0.30000000000000004,30.0,80.0,90.0,4623,3507,1116,4623,0.24140168721609345,0.8082374982476309,1.0,0.8082374982476309,1707,0.48674080410607357,1.0,1
"iteration_4","SCOPE_DATA_COLLECTION",1100,10,670.0,730.0,2,6529,4567,1574,6608,4544,1531,5856,4033,1376,685,522,198,0.10472404831065586,0.1145993413830955,0.12579415501905972,0.3631618078202464,0.7293444776215489,1.191981396553055,0.7263236156404927,0.7293444776215489,0.7946542643687033,0.30806010928961747,0.40887676667493184,0.4375,100.0,100.0,4836,3529,4305,32,0,1373,0.006617038875103391,0.0,0.318931475029036,0.45,0.30000000000000004,0.5,0.2,40.0,70.0,80.0,0.35000000000000003,0.2,0.4,0.30000000000000004,30.0,80.0,90.0,1581,1166,415,1581,0.2624920936116382,1.2957576431182667,1.5,0.8638384287455111,577,0.49485420240137223,1.0,1
"iteration_4","SCOPE_DATA_COLLECTION",1100,11,730.0,790.0,0,6693,4623,1581,6529,4567,1574,5187,3522,1178,1508,1116,415,0.22524271844660193,0.240620957309185,0.26051475204017577,0.37945902586829255,0.8075186692133318,1.2962934403537478,0.7589180517365851,0.8075186692133318,0.8641956269024985,0.3175245806824754,0.48608745031232253,0.49575551782682514,95.0,100.0,5035,2782,5080,39,2,2998,0.007745779543197617,7.189072609633358E-4,0.5901574803149606,0.35000000000000003,0.2,0.4,0.30000000000000004,30.0,80.0,90.0,0.25,0.30000000000000004,0.4,0.2,30.0,70.0,80.0,6764,3872,2892,6764,0.42755765819041985,0.44278291266918146,0.5,0.8855658253383629,1638,0.4230371900826446,1.0,1
"iteration_4","SCOPE_DATA_COLLECTION",1100,11,730.0,790.0,1,6693,4623,1581,6529,4567,1574,5187,3522,1178,1508,1116,415,0.22524271844660193,0.240620957309185,0.26051475204017577,0.37945902586829255,0.8075186692133318,1.2962934403537478,0.7589180517365851,0.8075186692133318,0.8641956269024985,0.3175245806824754,0.48608745031232253,0.49575551782682514,95.0,100.0,5035,2782,5080,39,2,2998,0.007745779543197617,7.189072609633358E-4,0.5901574803149606,0.35000000000000003,0.2,0.4,0.30000000000000004,30.0,80.0,90.0,0.25,0.30000000000000004,0.4,0.2,30.0,70.0,80.0,4648,2697,1951,4648,0.41975043029259895,0.9781312685991446,1.0,0.9781312685991446,1716,0.6362625139043382,1.0,1
"iteration_4","SCOPE_DATA_COLLECTION",1100,11,730.0,790.0,2,6693,4623,1581,6529,4567,1574,5187,3522,1178,1508,1116,415,0.22524271844660193,0.240620957309185,0.26051475204017577,0.37945902586829255,0.8075186692133318,1.2962934403537478,0.7589180517365851,0.8075186692133318,0.8641956269024985,0.3175245806824754,0.48608745031232253,0.49575551782682514,95.0,100.0,5035,2782,5080,39,2,2998,0.007745779543197617,7.189072609633358E-4,0.5901574803149606,0.35000000000000003,0.2,0.4,0.30000000000000004,30.0,80.0,90.0,0.25,0.30000000000000004,0.4,0.2,30.0,70.0,80.0,1560,891,669,1560,0.4288461538461538,1.6179125377925299,1.5,1.0786083585283532,604,0.6778900112233446,1.0,1
"iteration_4","SCOPE_DATA_COLLECTION",1100,12,790.0,850.0,0,6764,4648,1560,6693,4623,1581,3861,2688,879,2892,1950,666,0.4282541092847623,0.4204398447606727,0.43106796116504853,0.44139383089536943,0.9746298877820213,1.6093755136578711,0.8827876617907389,0.9746298877820213,1.0729170091052473,0.42165242165242167,0.6343005952380952,0.6723549488054608,97.5,100.0,4971,2088,5913,41,3,5464,0.008247837457252062,0.0014367816091954023,0.924065618129545,0.25,0.30000000000000004,0.4,0.2,30.0,70.0,80.0,0.15000000000000002,0.4,0.4,0.30000000000000004,40.0,80.0,80.0,6649,3180,3469,6649,0.5217325913671229,0.5015632135740021,0.5,1.0031264271480043,1651,0.519182389937107,1.0,1
"iteration_4","SCOPE_DATA_COLLECTION",1100,12,790.0,850.0,1,6764,4648,1560,6693,4623,1581,3861,2688,879,2892,1950,666,0.4282541092847623,0.4204398447606727,0.43106796116504853,0.44139383089536943,0.9746298877820213,1.6093755136578711,0.8827876617907389,0.9746298877820213,1.0729170091052473,0.42165242165242167,0.6343005952380952,0.6723549488054608,97.5,100.0,4971,2088,5913,41,3,5464,0.008247837457252062,0.0014367816091954023,0.924065618129545,0.25,0.30000000000000004,0.4,0.2,30.0,70.0,80.0,0.15000000000000002,0.4,0.4,0.30000000000000004,40.0,80.0,80.0,4686,2193,2493,4686,0.532010243277849,1.114601432320882,1.0,1.114601432320882,1678,0.7651618787049703,1.0,1
"iteration_4","SCOPE_DATA_COLLECTION",1100,12,790.0,850.0,2,6764,4648,1560,6693,4623,1581,3861,2688,879,2892,1950,666,0.4282541092847623,0.4204398447606727,0.43106796116504853,0.44139383089536943,0.9746298877820213,1.6093755136578711,0.8827876617907389,0.9746298877820213,1.0729170091052473,0.42165242165242167,0.6343005952380952,0.6723549488054608,97.5,100.0,4971,2088,5913,41,3,5464,0.008247837457252062,0.0014367816091954023,0.924065618129545,0.25,0.30000000000000004,0.4,0.2,30.0,70.0,80.0,0.15000000000000002,0.4,0.4,0.30000000000000004,40.0,80.0,80.0,1481,686,795,1481,0.536799459824443,1.8484370376832253,1.5,1.2322913584554835,550,0.8017492711370262,1.0,1
"iteration_4","SCOPE_DATA_COLLECTION",1100,13,850.0,910.0,0,6649,4686,1481,6764,4648,1560,3179,2206,697,3469,2494,798,0.5218110709987966,0.5306382978723404,0.5337792642140469,0.5023977088011242,1.1192308718380508,1.8613064799680223,1.0047954176022484,1.1192308718380508,1.2408709866453482,0.5196602705253224,0.7656391659111514,0.8077474892395983,100.0,100.0,4948,1146,6722,37,2,6722,0.0074777687954729185,0.0017452006980802793,1.0,0.15000000000000002,0.4,0.4,0.30000000000000004,40.0,80.0,80.0,0.05,0.2,0.9,0.4,95.0,50.0,95.0,6539,2739,3800,6539,0.5811286129377581,0.5247162043823921,0.5,1.0494324087647842,1474,0.5381526104417671,1.0,1
"iteration_4","SCOPE_DATA_COLLECTION",1100,13,850.0,910.0,1,6649,4686,1481,6764,4648,1560,3179,2206,697,3469,2494,798,0.5218110709987966,0.5306382978723404,0.5337792642140469,0.5023977088011242,1.1192308718380508,1.8613064799680223,1.0047954176022484,1.1192308718380508,1.2408709866453482,0.5196602705253224,0.7656391659111514,0.8077474892395983,100.0,100.0,4948,1146,6722,37,2,6722,0.0074777687954729185,0.0017452006980802793,1.0,0.15000000000000002,0.4,0.4,0.30000000000000004,40.0,80.0,80.0,0.05,0.2,0.9,0.4,95.0,50.0,95.0,4743,1996,2747,4743,0.579169302129454,1.2797905342023963,1.0,1.2797905342023963,1743,0.8732464929859719,1.0,1
"iteration_4","SCOPE_DATA_COLLECTION",1100,13,850.0,910.0,2,6649,4686,1481,6764,4648,1560,3179,2206,697,3469,2494,798,0.5218110709987966,0.5306382978723404,0.5337792642140469,0.5023977088011242,1.1192308718380508,1.8613064799680223,1.0047954176022484,1.1192308718380508,1.2408709866453482,0.5196602705253224,0.7656391659111514,0.8077474892395983,100.0,100.0,4948,1146,6722,37,2,6722,0.0074777687954729185,0.0017452006980802793,1.0,0.15000000000000002,0.4,0.4,0.30000000000000004,40.0,80.0,80.0,0.05,0.2,0.9,0.4,95.0,50.0,95.0,1553,635,918,1553,0.5911139729555699,2.065853437107236,1.5,1.3772356247381572,576,0.9070866141732283,1.0,1
"iteration_4","SCOPE_DATA_COLLECTION",1100,14,910.0,970.0,0,6539,4743,1553,6649,4686,1481,2731,1987,632,3800,2747,918,0.5818404532230899,0.5802703844528939,0.5922580645161291,0.5225298903565894,1.2730479760269575,2.0582896043082255,1.0450597807131787,1.2730479760269575,1.372193069538817,0.5357012083485903,0.8726723704076498,0.9034810126582279,100.0,100.0,5014,407,7414,51,0,7414,0.010171519744714799,0.0,1.0,0.05,0.2,0.9,0.4,95.0,50.0,95.0,0.25,0.8,0.5,0.8,85.0,40.0,40.0,6694,3725,2969,6694,0.4435315207648641,0.4762237910410141,0.5,0.9524475820820282,1783,0.4786577181208054,1.0,1
"iteration_4","SCOPE_DATA_COLLECTION",1100,14,910.0,970.0,1,6539,4743,1553,6649,4686,1481,2731,1987,632,3800,2747,918,0.5818404532230899,0.5802703844528939,0.5922580645161291,0.5225298903565894,1.2730479760269575,2.0582896043082255,1.0450597807131787,1.2730479760269575,1.372193069538817,0.5357012083485903,0.8726723704076498,0.9034810126582279,100.0,100.0,5014,407,7414,51,0,7414,0.010171519744714799,0.0,1.0,0.05,0.2,0.9,0.4,95.0,50.0,95.0,0.25,0.8,0.5,0.8,85.0,40.0,40.0,4610,2614,1996,4610,0.4329718004338395,0.9876936123547413,1.0,0.9876936123547413,1692,0.6472838561591431,1.0,1
"iteration_4","SCOPE_DATA_COLLECTION",1100,14,910.0,970.0,2,6539,4743,1553,6649,4686,1481,2731,1987,632,3800,2747,918,0.5818404532230899,0.5802703844528939,0.5922580645161291,0.5225298903565894,1.2730479760269575,2.0582896043082255,1.0450597807131787,1.2730479760269575,1.372193069538817,0.5357012083485903,0.8726723704076498,0.9034810126582279,100.0,100.0,5014,407,7414,51,0,7414,0.010171519744714799,0.0,1.0,0.05,0.2,0.9,0.4,95.0,50.0,95.0,0.25,0.8,0.5,0.8,85.0,40.0,40.0,1533,781,752,1533,0.49054142204827134,1.7235190908550908,1.5,1.1490127272367272,560,0.7170294494238156,1.0,1
"iteration_4","SCOPE_DATA_COLLECTION",1100,15,970.0,1030.0,0,6694,4610,1533,6539,4743,1553,3728,2617,786,2969,1996,752,0.443332835598029,0.43269022328202905,0.4889466840052016,0.4773630155442573,0.9929200858961764,1.729328764676421,0.9547260310885146,0.9929200858961764,1.152885843117614,0.48068669527896996,0.6484524264424913,0.7201017811704835,97.5,100.0,4964,1959,5914,54,1,5662,0.010878323932312651,5.104645227156713E-4,0.9573892458572878,0.25,0.8,0.5,0.8,85.0,40.0,40.0,0.35000000000000003,0.8,0.5,0.8,85.0,50.0,50.0,6592,4892,1700,6592,0.25788834951456313,0.4374120012389837,0.5,0.8748240024779674,2028,0.4145543744889616,1.0,1
"iteration_4","SCOPE_DATA_COLLECTION",1100,15,970.0,1030.0,1,6694,4610,1533,6539,4743,1553,3728,2617,786,2969,1996,752,0.443332835598029,0.43269022328202905,0.4889466840052016,0.4773630155442573,0.9929200858961764,1.729328764676421,0.9547260310885146,0.9929200858961764,1.152885843117614,0.48068669527896996,0.6484524264424913,0.7201017811704835,97.5,100.0,4964,1959,5914,54,1,5662,0.010878323932312651,5.104645227156713E-4,0.9573892458572878,0.25,0.8,0.5,0.8,85.0,40.0,40.0,0.35000000000000003,0.8,0.5,0.8,85.0,50.0,50.0,4625,3430,1195,4625,0.2583783783783784,0.8623046726747488,1.0,0.8623046726747488,1763,0.5139941690962099,1.0,1
"iteration_4","SCOPE_DATA_COLLECTION",1100,15,970.0,1030.0,2,6694,4610,1533,6539,4743,1553,3728,2617,786,2969,1996,752,0.443332835598029,0.43269022328202905,0.4889466840052016,0.4773630155442573,0.9929200858961764,1.729328764676421,0.9547260310885146,0.9929200858961764,1.152885843117614,0.48068669527896996,0.6484524264424913,0.7201017811704835,97.5,100.0,4964,1959,5914,54,1,5662,0.010878323932312651,5.104645227156713E-4,0.9573892458572878,0.25,0.8,0.5,0.8,85.0,40.0,40.0,0.35000000000000003,0.8,0.5,0.8,85.0,50.0,50.0,1569,1107,462,1569,0.2944550669216061,1.44105223615466,1.5,0.9607014907697734,592,0.5347786811201445,1.0,1
"iteration_4","SCOPE_DATA_COLLECTION",1100,16,1030.0,1090.0,0,6592,4625,1569,6694,4610,1533,4877,3408,1100,1700,1195,462,0.2584765090466778,0.2596132956767326,0.29577464788732394,0.4377279023829178,0.8610537031857741,1.4466559012359914,0.8754558047658356,0.8610537031857741,0.9644372674906609,0.4129587861390199,0.5149647887323944,0.5381818181818182,95.0,100.0,4980,2685,5121,68,0,3289,0.013654618473895583,0.0,0.6422573716071079,0.35000000000000003,0.8,0.5,0.8,85.0,50.0,50.0,0.35000000000000003,0.7000000000000001,0.4,0.9,85.0,40.0,50.0,6580,4949,1631,6580,0.2478723404255319,0.45526191699513197,0.5,0.9105238339902639,2014,0.4069508991715498,1.0,1
"iteration_4","SCOPE_DATA_COLLECTION",1100,16,1030.0,1090.0,1,6592,4625,1569,6694,4610,1533,4877,3408,1100,1700,1195,462,0.2584765090466778,0.2596132956767326,0.29577464788732394,0.4377279023829178,0.8610537031857741,1.4466559012359914,0.8754558047658356,0.8610537031857741,0.9644372674906609,0.4129587861390199,0.5149647887323944,0.5381818181818182,95.0,100.0,4980,2685,5121,68,0,3289,0.013654618473895583,0.0,0.6422573716071079,0.35000000000000003,0.8,0.5,0.8,85.0,50.0,50.0,0.35000000000000003,0.7000000000000001,0.4,0.9,85.0,40.0,50.0,4583,3439,1144,4583,0.2496181540475671,0.8749235699319186,1.0,0.8749235699319186,1759,0.5114858970630998,1.0,1
"iteration_4","SCOPE_DATA_COLLECTION",1100,16,1030.0,1090.0,2,6592,4625,1569,6694,4610,1533,4877,3408,1100,1700,1195,462,0.2584765090466778,0.2596132956767326,0.29577464788732394,0.4377279023829178,0.8610537031857741,1.4466559012359914,0.8754558047658356,0.8610537031857741,0.9644372674906609,0.4129587861390199,0.5149647887323944,0.5381818181818182,95.0,100.0,4980,2685,5121,68,0,3289,0.013654618473895583,0.0,0.6422573716071079,0.35000000000000003,0.8,0.5,0.8,85.0,50.0,50.0,0.35000000000000003,0.7000000000000001,0.4,0.9,85.0,40.0,50.0,1582,1125,457,1582,0.2888748419721871,1.4274472530500768,1.5,0.9516315020333845,599,0.5324444444444445,1.0,1
"iteration_4","SCOPE_DATA_COLLECTION",1100,17,1090.0,1150.0,0,6580,4583,1582,6592,4625,1569,4938,3453,1116,1631,1144,456,0.24828741056477394,0.24885795083750273,0.2900763358778626,0.4530119711420636,0.8779686096311135,1.4163312567662338,0.9060239422841272,0.8779686096311135,0.9442208378441559,0.4046172539489672,0.5149145670431509,0.5268817204301075,97.5,100.0,5013,2673,5059,63,0,3168,0.012567324955116697,0.0,0.6262107135797589,0.35000000000000003,0.7000000000000001,0.4,0.9,85.0,40.0,50.0,0.8,0.6000000000000001,0.7000000000000001,0.9,75.0,55.0,40.0,6603,6575,28,6603,0.004240496743904286,0.31415883072160355,0.5,0.6283176614432071,1809,0.27513307984790875,1.0,1
"iteration_4","SCOPE_DATA_COLLECTION",1100,17,1090.0,1150.0,1,6580,4583,1582,6592,4625,1569,4938,3453,1116,1631,1144,456,0.24828741056477394,0.24885795083750273,0.2900763358778626,0.4530119711420636,0.8779686096311135,1.4163312567662338,0.9060239422841272,0.8779686096311135,0.9442208378441559,0.4046172539489672,0.5149145670431509,0.5268817204301075,97.5,100.0,5013,2673,5059,63,0,3168,0.012567324955116697,0.0,0.6262107135797589,0.35000000000000003,0.7000000000000001,0.4,0.9,85.0,40.0,50.0,0.8,0.6000000000000001,0.7000000000000001,0.9,75.0,55.0,40.0,4667,4620,47,4667,0.01007070923505464,0.6617211639547046,1.0,0.6617211639547046,1749,0.37857142857142856,1.0,1
"iteration_4","SCOPE_DATA_COLLECTION",1100,17,1090.0,1150.0,2,6580,4583,1582,6592,4625,1569,4938,3453,1116,1631,1144,456,0.24828741056477394,0.24885795083750273,0.2900763358778626,0.4530119711420636,0.8779686096311135,1.4163312567662338,0.9060239422841272,0.8779686096311135,0.9442208378441559,0.4046172539489672,0.5149145670431509,0.5268817204301075,97.5,100.0,5013,2673,5059,63,0,3168,0.012567324955116697,0.0,0.6262107135797589,0.35000000000000003,0.7000000000000001,0.4,0.9,85.0,40.0,50.0,0.8,0.6000000000000001,0.7000000000000001,0.9,75.0,55.0,40.0,1608,1580,28,1608,0.017412935323383085,1.0473614256428767,1.5,0.6982409504285845,562,0.3556962025316456,1.0,1
"iteration_4","SCOPE_DATA_COLLECTION",1100,18,1150.0,1210.0,0,6603,4667,1608,6580,4583,1582,6608,4616,1590,28,47,29,0.004219409282700422,0.010079348059189364,0.017912291537986413,0.31706199895956416,0.6610001882715916,1.0505717682011353,0.6341239979191283,0.6610001882715916,0.7003811788007569,0.2796610169491525,0.37543327556325823,0.3572327044025157,100.0,100.0,5035,6279,1564,81,3,20,0.01608738828202582,4.7778308647873863E-4,0.01278772378516624,0.8,0.6000000000000001,0.7000000000000001,0.9,75.0,55.0,40.0,0.9,0.5,0.7000000000000001,0.8,75.0,55.0,30.0,6708,6691,17,6708,0.002534287418008348,0.31602881782828296,0.5,0.6320576356565659,1893,0.28291735166641757,1.0,1
"iteration_4","SCOPE_DATA_COLLECTION",1100,18,1150.0,1210.0,1,6603,4667,1608,6580,4583,1582,6608,4616,1590,28,47,29,0.004219409282700422,0.010079348059189364,0.017912291537986413,0.31706199895956416,0.6610001882715916,1.0505717682011353,0.6341239979191283,0.6610001882715916,0.7003811788007569,0.2796610169491525,0.37543327556325823,0.3572327044025157,100.0,100.0,5035,6279,1564,81,3,20,0.01608738828202582,4.7778308647873863E-4,0.01278772378516624,0.8,0.6000000000000001,0.7000000000000001,0.9,75.0,55.0,40.0,0.9,0.5,0.7000000000000001,0.8,75.0,55.0,30.0,4506,4479,27,4506,0.005992010652463382,0.6616840809168082,1.0,0.6616840809168082,1677,0.3744139316811788,1.0,1
"iteration_4","SCOPE_DATA_COLLECTION",1100,18,1150.0,1210.0,2,6603,4667,1608,6580,4583,1582,6608,4616,1590,28,47,29,0.004219409282700422,0.010079348059189364,0.017912291537986413,0.31706199895956416,0.6610001882715916,1.0505717682011353,0.6341239979191283,0.6610001882715916,0.7003811788007569,0.2796610169491525,0.37543327556325823,0.3572327044025157,100.0,100.0,5035,6279,1564,81,3,20,0.01608738828202582,4.7778308647873863E-4,0.01278772378516624,0.8,0.6000000000000001,0.7000000000000001,0.9,75.0,55.0,40.0,0.9,0.5,0.7000000000000001,0.8,75.0,55.0,30.0,1535,1501,34,1535,0.02214983713355049,1.0902654340630882,1.5,0.7268436227087255,571,0.3804130579613591,1.0,1
"iteration_4","SCOPE_DATA_COLLECTION",1100,19,1210.0,1270.0,0,6708,4506,1535,6603,4667,1608,6681,4479,1505,17,27,34,0.0025380710659898475,0.005992010652463382,0.022092267706302793,0.31592316270891624,0.6620487174590269,1.0936823834546252,0.6318463254178325,0.6620487174590269,0.7291215889697501,0.28274210447537795,0.3748604599240902,0.38272425249169434,100.0,100.0,5094,6900,755,74,4,0,0.014526894385551629,5.797101449275362E-4,0.0,0.9,0.5,0.7000000000000001,0.8,75.0,55.0,30.0,0.9,0.5,0.7000000000000001,0.8,75.0,55.0,30.0,6712,6698,14,6712,0.0020858164481525627,0.3076017463913655,0.5,0.615203492782731,1762,0.26306360107494775,1.0,1
"iteration_4","SCOPE_DATA_COLLECTION",1100,19,1210.0,1270.0,1,6708,4506,1535,6603,4667,1608,6681,4479,1505,17,27,34,0.0025380710659898475,0.005992010652463382,0.022092267706302793,0.31592316270891624,0.6620487174590269,1.0936823834546252,0.6318463254178325,0.6620487174590269,0.7291215889697501,0.28274210447537795,0.3748604599240902,0.38272425249169434,100.0,100.0,5094,6900,755,74,4,0,0.014526894385551629,5.797101449275362E-4,0.0,0.9,0.5,0.7000000000000001,0.8,75.0,55.0,30.0,0.9,0.5,0.7000000000000001,0.8,75.0,55.0,30.0,4439,4402,37,4439,0.008335210633025456,0.6578714644320418,1.0,0.6578714644320418,1635,0.37142208087233075,1.0,1
"iteration_4","SCOPE_DATA_COLLECTION",1100,19,1210.0,1270.0,2,6708,4506,1535,6603,4667,1608,6681,4479,1505,17,27,34,0.0025380710659898475,0.005992010652463382,0.022092267706302793,0.31592316270891624,0.6620487174590269,1.0936823834546252,0.6318463254178325,0.6620487174590269,0.7291215889697501,0.28274210447537795,0.3748604599240902,0.38272425249169434,100.0,100.0,5094,6900,755,74,4,0,0.014526894385551629,5.797101449275362E-4,0.0,0.9,0.5,0.7000000000000001,0.8,75.0,55.0,30.0,0.9,0.5,0.7000000000000001,0.8,75.0,55.0,30.0,1562,1534,28,1562,0.01792573623559539,1.0671902567397609,1.5,0.7114601711598406,572,0.3728813559322034,1.0,1
"iteration_4","SCOPE_DATA_COLLECTION",1100,20,1270.0,1330.0,0,6712,4439,1562,6708,4506,1535,6712,4409,1519,14,37,28,0.0020814748736247396,0.008322087269455691,0.01809954751131222,0.3077110449327474,0.658156112002486,1.069315833645345,0.6154220898654948,0.658156112002486,0.71287722243023,0.26325983313468415,0.37242004989793603,0.3739302172481896,100.0,100.0,5043,6893,777,73,6,0,0.014475510608764624,8.704482808646452E-4,0.0,0.9,0.5,0.7000000000000001,0.8,75.0,55.0,30.0,0.8,0.4,0.6000000000000001,0.7000000000000001,65.0,55.0,20.0,6576,6562,14,6576,0.0021289537712895377,0.3017002579264749,0.5,0.6034005158529498,1748,0.2663822005486132,1.0,1
"iteration_4","SCOPE_DATA_COLLECTION",1100,20,1270.0,1330.0,1,6712,4439,1562,6708,4506,1535,6712,4409,1519,14,37,28,0.0020814748736247396,0.008322087269455691,0.01809954751131222,0.3077110449327474,0.658156112002486,1.069315833645345,0.6154220898654948,0.658156112002486,0.71287722243023,0.26325983313468415,0.37242004989793603,0.3739302172481896,100.0,100.0,5043,6893,777,73,6,0,0.014475510608764624,8.704482808646452E-4,0.0,0.9,0.5,0.7000000000000001,0.8,75.0,55.0,30.0,0.8,0.4,0.6000000000000001,0.7000000000000001,65.0,55.0,20.0,4498,4447,51,4498,0.01133837261004891,0.6376476175552934,1.0,0.6376476175552934,1617,0.3636159208455138,1.0,1
"iteration_4","SCOPE_DATA_COLLECTION",1100,20,1270.0,1330.0,2,6712,4439,1562,6708,4506,1535,6712,4409,1519,14,37,28,0.0020814748736247396,0.008322087269455691,0.01809954751131222,0.3077110449327474,0.658156112002486,1.069315833645345,0.6154220898654948,0.658156112002486,0.71287722243023,0.26325983313468415,0.37242004989793603,0.3739302172481896,100.0,100.0,5043,6893,777,73,6,0,0.014475510608764624,8.704482808646452E-4,0.0,0.9,0.5,0.7000000000000001,0.8,75.0,55.0,30.0,0.8,0.4,0.6000000000000001,0.7000000000000001,65.0,55.0,20.0,1572,1547,25,1572,0.015903307888040712,1.0829808405116204,1.5,0.7219872270077469,596,0.38526179702650293,1.0,1
"iteration_4","SCOPE_DATA_COLLECTION",1100,21,1330.0,1390.0,0,6576,4498,1572,6712,4439,1562,6542,4439,1554,13,51,25,0.001983218916857361,0.01135857461024499,0.015832805573147563,0.3005312102902398,0.6365009060095222,1.0770040265165313,0.6010624205804797,0.6365009060095222,0.7180026843443542,0.2647508407214919,0.36179319666591575,0.38223938223938225,100.0,100.0,5023,6113,1510,80,9,0,0.015926737009755127,0.0014722722067724522,0.0,0.8,0.4,0.6000000000000001,0.7000000000000001,65.0,55.0,20.0,0.8,0.4,0.6000000000000001,0.7000000000000001,55.0,55.0,20.0,6626,6616,10,6626,0.001509206157561123,0.3095287669619608,0.5,0.6190575339239216,1819,0.27493954050785974,1.0,1
"iteration_4","SCOPE_DATA_COLLECTION",1100,21,1330.0,1390.0,1,6576,4498,1572,6712,4439,1562,6542,4439,1554,13,51,25,0.001983218916857361,0.01135857461024499,0.015832805573147563,0.3005312102902398,0.6365009060095222,1.0770040265165313,0.6010624205804797,0.6365009060095222,0.7180026843443542,0.2647508407214919,0.36179319666591575,0.38223938223938225,100.0,100.0,5023,6113,1510,80,9,0,0.015926737009755127,0.0014722722067724522,0.0,0.8,0.4,0.6000000000000001,0.7000000000000001,65.0,55.0,20.0,0.8,0.4,0.6000000000000001,0.7000000000000001,55.0,55.0,20.0,4546,4523,23,4546,0.005059392872855257,0.657838547411763,1.0,0.657838547411763,1707,0.3774043776254698,1.0,1
"iteration_4","SCOPE_DATA_COLLECTION",1100,21,1330.0,1390.0,2,6576,4498,1572,6712,4439,1562,6542,4439,1554,13,51,25,0.001983218916857361,0.01135857461024499,0.015832805573147563,0.3005312102902398,0.6365009060095222,1.0770040265165313,0.6010624205804797,0.6365009060095222,0.7180026843443542,0.2647508407214919,0.36179319666591575,0.38223938223938225,100.0,100.0,5023,6113,1510,80,9,0,0.015926737009755127,0.0014722722067724522,0.0,0.8,0.4,0.6000000000000001,0.7000000000000001,65.0,55.0,20.0,0.8,0.4,0.6000000000000001,0.7000000000000001,55.0,55.0,20.0,1460,1434,26,1460,0.01780821917808219,1.0562439740004352,1.5,0.7041626493336235,535,0.37308228730822873,1.0,1
"iteration_4","SCOPE_DATA_COLLECTION",1100,22,1390.0,1450.0,0,6626,4546,1460,6576,4498,1572,6625,4544,1432,11,23,26,0.0016576250753465944,0.0050361287497262975,0.01783264746227709,0.3098353275545503,0.661047113282172,1.0555893710685602,0.6196706551091006,0.661047113282172,0.7037262473790401,0.27532075471698114,0.3798415492957746,0.3722067039106145,97.5,100.0,5142,6029,1461,51,9,0,0.009918319719953326,0.0014927848731132857,0.0,0.8,0.4,0.6000000000000001,0.7000000000000001,55.0,55.0,20.0,0.8,0.30000000000000004,0.5,0.8,45.0,55.0,20.0,6616,6601,15,6616,0.002267230955259976,0.2967639244610472,0.5,0.5935278489220944,1642,0.24875018936524768,1.0,1
"iteration_4","SCOPE_DATA_COLLECTION",1100,22,1390.0,1450.0,1,6626,4546,1460,6576,4498,1572,6625,4544,1432,11,23,26,0.0016576250753465944,0.0050361287497262975,0.01783264746227709,0.3098353275545503,0.661047113282172,1.0555893710685602,0.6196706551091006,0.661047113282172,0.7037262473790401,0.27532075471698114,0.3798415492957746,0.3722067039106145,97.5,100.0,5142,6029,1461,51,9,0,0.009918319719953326,0.0014927848731132857,0.0,0.8,0.4,0.6000000000000001,0.7000000000000001,55.0,55.0,20.0,0.8,0.30000000000000004,0.5,0.8,45.0,55.0,20.0,4604,4575,29,4604,0.00629887054735013,0.650143897677293,1.0,0.650143897677293,1735,0.37923497267759565,1.0,1
"iteration_4","SCOPE_DATA_COLLECTION",1100,22,1390.0,1450.0,2,6626,4546,1460,6576,4498,1572,6625,4544,1432,11,23,26,0.0016576250753465944,0.0050361287497262975,0.01783264746227709,0.3098353275545503,0.661047113282172,1.0555893710685602,0.6196706551091006,0.661047113282172,0.7037262473790401,0.27532075471698114,0.3798415492957746,0.3722067039106145,97.5,100.0,5142,6029,1461,51,9,0,0.009918319719953326,0.0014927848731132857,0.0,0.8,0.4,0.6000000000000001,0.7000000000000001,55.0,55.0,20.0,0.8,0.30000000000000004,0.5,0.8,45.0,55.0,20.0,1494,1462,32,1494,0.0214190093708166,1.0546776175274224,1.5,0.7031184116849483,546,0.3734610123119015,1.0,1
"iteration_4","SCOPE_DATA_COLLECTION",1100,23,1450.0,1510.0,0,6616,4604,1494,6626,4546,1460,6613,4564,1467,15,29,31,0.002263126131563066,0.0063139560200304815,0.02069425901201602,0.2978706483827401,0.6475716803823356,1.057758214459899,0.5957412967654802,0.6475716803823356,0.7051721429732659,0.2502646302737033,0.37773882559158634,0.37491479209270623,90.0,100.0,5142,6036,1536,69,6,0,0.013418903150525088,9.940357852882703E-4,0.0,0.8,0.30000000000000004,0.5,0.8,45.0,55.0,20.0,0.7000000000000001,0.4,0.5,0.7000000000000001,45.0,45.0,30.0,6626,6615,11,6626,0.0016601267733172352,0.30732520443218425,0.5,0.6146504088643685,1801,0.27226001511715797,1.0,1
"iteration_4","SCOPE_DATA_COLLECTION",1100,23,1450.0,1510.0,1,6616,4604,1494,6626,4546,1460,6613,4564,1467,15,29,31,0.002263126131563066,0.0063139560200304815,0.02069425901201602,0.2978706483827401,0.6475716803823356,1.057758214459899,0.5957412967654802,0.6475716803823356,0.7051721429732659,0.2502646302737033,0.37773882559158634,0.37491479209270623,90.0,100.0,5142,6036,1536,69,6,0,0.013418903150525088,9.940357852882703E-4,0.0,0.8,0.30000000000000004,0.5,0.8,45.0,55.0,20.0,0.7000000000000001,0.4,0.5,0.7000000000000001,45.0,45.0,30.0,4537,4510,27,4537,0.005951068988318272,0.6518729049750707,1.0,0.6518729049750707,1655,0.3669623059866962,1.0,1
"iteration_4","SCOPE_DATA_COLLECTION",1100,23,1450.0,1510.0,2,6616,4604,1494,6626,4546,1460,6613,4564,1467,15,29,31,0.002263126131563066,0.0063139560200304815,0.02069425901201602,0.2978706483827401,0.6475716803823356,1.057758214459899,0.5957412967654802,0.6475716803823356,0.7051721429732659,0.2502646302737033,0.37773882559158634,0.37491479209270623,90.0,100.0,5142,6036,1536,69,6,0,0.013418903150525088,9.940357852882703E-4,0.0,0.8,0.30000000000000004,0.5,0.8,45.0,55.0,20.0,0.7000000000000001,0.4,0.5,0.7000000000000001,45.0,45.0,30.0,1573,1552,21,1573,0.013350286077558804,1.054110156720353,1.5,0.7027401044802354,577,0.37177835051546393,1.0,1
"iteration_4","SCOPE_DATA_COLLECTION",1100,24,1510.0,1570.0,0,6626,4537,1573,6616,4604,1494,6608,4501,1549,11,27,22,0.0016618824595860402,0.005962897526501767,0.014003819223424571,0.3067528963587526,0.6507613914176814,1.0559973911936662,0.6135057927175052,0.6507613914176814,0.7039982607957774,0.27148910411622273,0.36702954898911355,0.37314396384764364,100.0,100.0,5073,5384,2279,58,2,0,0.011433077074709246,3.714710252600297E-4,0.0,0.7000000000000001,0.4,0.5,0.7000000000000001,45.0,45.0,30.0,0.1,0.1,0.8,0.4,90.0,50.0,95.0,6662,3162,3500,6662,0.5253677574302011,0.466198970903324,0.5,0.932397941806648,1359,0.4297912713472486,1.0,1
"iteration_4","SCOPE_DATA_COLLECTION",1100,24,1510.0,1570.0,1,6626,4537,1573,6616,4604,1494,6608,4501,1549,11,27,22,0.0016618824595860402,0.005962897526501767,0.014003819223424571,0.3067528963587526,0.6507613914176814,1.0559973911936662,0.6135057927175052,0.6507613914176814,0.7039982607957774,0.27148910411622273,0.36702954898911355,0.37314396384764364,100.0,100.0,5073,5384,2279,58,2,0,0.011433077074709246,3.714710252600297E-4,0.0,0.7000000000000001,0.4,0.5,0.7000000000000001,45.0,45.0,30.0,0.1,0.1,0.8,0.4,90.0,50.0,95.0,4495,2107,2388,4495,0.5312569521690768,1.16565338862049,1.0,1.16565338862049,1688,0.8011390602752729,1.0,1
"iteration_4","SCOPE_DATA_COLLECTION",1100,24,1510.0,1570.0,2,6626,4537,1573,6616,4604,1494,6608,4501,1549,11,27,22,0.0016618824595860402,0.005962897526501767,0.014003819223424571,0.3067528963587526,0.6507613914176814,1.0559973911936662,0.6135057927175052,0.6507613914176814,0.7039982607957774,0.27148910411622273,0.36702954898911355,0.37314396384764364,100.0,100.0,5073,5384,2279,58,2,0,0.011433077074709246,3.714710252600297E-4,0.0,0.7000000000000001,0.4,0.5,0.7000000000000001,45.0,45.0,30.0,0.1,0.1,0.8,0.4,90.0,50.0,95.0,1507,687,820,1507,0.544127405441274,1.9285740041178157,1.5,1.2857160027452104,579,0.8427947598253275,1.0,1
"iteration_4","SCOPE_DATA_COLLECTION",1100,25,1570.0,1630.0,0,6662,4495,1507,6626,4537,1573,3168,2127,686,3500,2388,820,0.5248950209958009,0.5289036544850498,0.5444887118193891,0.4659435483502025,1.1639523278129504,1.9111469140414281,0.931887096700405,1.1639523278129504,1.2740979426942853,0.4286616161616162,0.7992477668077104,0.8323615160349854,100.0,100.0,5130,768,6766,37,1,6670,0.007212475633528265,0.0013020833333333333,0.9858114099911321,0.1,0.1,0.8,0.4,90.0,50.0,95.0,0.8,0.6000000000000001,0.4,0.7000000000000001,90.0,45.0,85.0,6773,6749,24,6773,0.0035434814705448104,0.30963352111204606,0.5,0.6192670422240921,1857,0.2751518743517558,1.0,1
"iteration_4","SCOPE_DATA_COLLECTION",1100,25,1570.0,1630.0,1,6662,4495,1507,6626,4537,1573,3168,2127,686,3500,2388,820,0.5248950209958009,0.5289036544850498,0.5444887118193891,0.4659435483502025,1.1639523278129504,1.9111469140414281,0.931887096700405,1.1639523278129504,1.2740979426942853,0.4286616161616162,0.7992477668077104,0.8323615160349854,100.0,100.0,5130,768,6766,37,1,6670,0.007212475633528265,0.0013020833333333333,0.9858114099911321,0.1,0.1,0.8,0.4,90.0,50.0,95.0,0.8,0.6000000000000001,0.4,0.7000000000000001,90.0,45.0,85.0,4541,4511,30,4541,0.006606474344857961,0.6403920412019741,1.0,0.6403920412019741,1653,0.36643759698514744,1.0,1
"iteration_4","SCOPE_DATA_COLLECTION",1100,25,1570.0,1630.0,2,6662,4495,1507,6626,4537,1573,3168,2127,686,3500,2388,820,0.5248950209958009,0.5289036544850498,0.5444887118193891,0.4659435483502025,1.1639523278129504,1.9111469140414281,0.931887096700405,1.1639523278129504,1.2740979426942853,0.4286616161616162,0.7992477668077104,0.8323615160349854,100.0,100.0,5130,768,6766,37,1,6670,0.007212475633528265,0.0013020833333333333,0.9858114099911321,0.1,0.1,0.8,0.4,90.0,50.0,95.0,0.8,0.6000000000000001,0.4,0.7000000000000001,90.0,45.0,85.0,1550,1527,23,1550,0.014838709677419355,1.0826947070022404,1.5,0.7217964713348269,590,0.38637851997380485,1.0,1
"iteration_4","SCOPE_DATA_COLLECTION",1100,26,1630.0,1690.0,0,6773,4541,1550,6662,4495,1507,6742,4496,1519,24,30,23,0.0035471475022169673,0.006628369421122404,0.014915693904020753,0.30986372843704163,0.6401073883496442,1.090738949466832,0.6197274568740833,0.6401073883496442,0.7271592996445547,0.275734203500445,0.3654359430604982,0.39104674127715605,100.0,100.0,4997,6291,1576,57,3,17,0.011406844106463879,4.768717215069146E-4,0.010786802030456852,0.8,0.6000000000000001,0.4,0.7000000000000001,90.0,45.0,85.0,0.7000000000000001,0.7000000000000001,0.30000000000000004,0.6000000000000001,80.0,55.0,75.0,6583,6573,10,6583,0.0015190642564180464,0.31353108143510133,0.5,0.6270621628702027,1872,0.28480146052031036,1.0,1
"iteration_4","SCOPE_DATA_COLLECTION",1100,26,1630.0,1690.0,1,6773,4541,1550,6662,4495,1507,6742,4496,1519,24,30,23,0.0035471475022169673,0.006628369421122404,0.014915693904020753,0.30986372843704163,0.6401073883496442,1.090738949466832,0.6197274568740833,0.6401073883496442,0.7271592996445547,0.275734203500445,0.3654359430604982,0.39104674127715605,100.0,100.0,4997,6291,1576,57,3,17,0.011406844106463879,4.768717215069146E-4,0.010786802030456852,0.8,0.6000000000000001,0.4,0.7000000000000001,90.0,45.0,85.0,0.7000000000000001,0.7000000000000001,0.30000000000000004,0.6000000000000001,80.0,55.0,75.0,4499,4484,15,4499,0.0033340742387197157,0.6304272621902178,1.0,0.6304272621902178,1638,0.36529884032114185,1.0,1
"iteration_4","SCOPE_DATA_COLLECTION",1100,26,1630.0,1690.0,2,6773,4541,1550,6662,4495,1507,6742,4496,1519,24,30,23,0.0035471475022169673,0.006628369421122404,0.014915693904020753,0.30986372843704163,0.6401073883496442,1.090738949466832,0.6197274568740833,0.6401073883496442,0.7271592996445547,0.275734203500445,0.3654359430604982,0.39104674127715605,100.0,100.0,4997,6291,1576,57,3,17,0.011406844106463879,4.768717215069146E-4,0.010786802030456852,0.8,0.6000000000000001,0.4,0.7000000000000001,90.0,45.0,85.0,0.7000000000000001,0.7000000000000001,0.30000000000000004,0.6000000000000001,80.0,55.0,75.0,1553,1529,24,1553,0.015453960077269801,1.088276312067908,1.5,0.7255175413786054,591,0.3865271419228254,1.0,1
"iteration_4","SCOPE_DATA_COLLECTION",1100,27,1690.0,1750.0,0,6583,4499,1553,6773,4541,1550,6565,4479,1538,10,15,24,0.001520912547528517,0.0033377837116154874,0.015364916773367477,0.3127632772892906,0.6278204069464446,1.0866178888046245,0.6255265545785812,0.6278204069464446,0.7244119258697497,0.28377760853008377,0.36414378209421744,0.3855656697009103,97.5,100.0,4974,5425,2236,47,2,0,0.009449135504624045,3.686635944700461E-4,0.0,0.7000000000000001,0.7000000000000001,0.30000000000000004,0.6000000000000001,80.0,55.0,75.0,0.7000000000000001,0.7000000000000001,0.30000000000000004,0.6000000000000001,80.0,55.0,75.0,6615,6599,16,6615,0.002418745275888133,0.30947808244183006,0.5,0.6189561648836601,1810,0.27428398242157903,1.0,1
"iteration_4","SCOPE_DATA_COLLECTION",1100,27,1690.0,1750.0,1,6583,4499,1553,6773,4541,1550,6565,4479,1538,10,15,24,0.001520912547528517,0.0033377837116154874,0.015364916773367477,0.3127632772892906,0.6278204069464446,1.0866178888046245,0.6255265545785812,0.6278204069464446,0.7244119258697497,0.28377760853008377,0.36414378209421744,0.3855656697009103,97.5,100.0,4974,5425,2236,47,2,0,0.009449135504624045,3.686635944700461E-4,0.0,0.7000000000000001,0.7000000000000001,0.30000000000000004,0.6000000000000001,80.0,55.0,75.0,0.7000000000000001,0.7000000000000001,0.30000000000000004,0.6000000000000001,80.0,55.0,75.0,4598,4574,24,4598,0.005219660722053067,0.6187648356025768,1.0,0.6187648356025768,1624,0.35505028421512896,1.0,1
"iteration_4","SCOPE_DATA_COLLECTION",1100,27,1690.0,1750.0,2,6583,4499,1553,6773,4541,1550,6565,4479,1538,10,15,24,0.001520912547528517,0.0033377837116154874,0.015364916773367477,0.3127632772892906,0.6278204069464446,1.0866178888046245,0.6255265545785812,0.6278204069464446,0.7244119258697497,0.28377760853008377,0.36414378209421744,0.3855656697009103,97.5,100.0,4974,5425,2236,47,2,0,0.009449135504624045,3.686635944700461E-4,0.0,0.7000000000000001,0.7000000000000001,0.30000000000000004,0.6000000000000001,80.0,55.0,75.0,0.7000000000000001,0.7000000000000001,0.30000000000000004,0.6000000000000001,80.0,55.0,75.0,1562,1545,17,1562,0.01088348271446863,1.0447085224444506,1.5,0.6964723482963003,569,0.36828478964401296,1.0,1
"iteration_4","SCOPE_DATA_COLLECTION",1100,28,1750.0,1810.0,0,6615,4598,1562,6583,4499,1553,6608,4575,1544,16,24,17,0.0024154589371980675,0.005218525766470972,0.010890454836643177,0.30925547187769103,0.618887685658546,1.043463783737906,0.6185109437553821,0.618887685658546,0.6956425224919373,0.274364406779661,0.35475409836065575,0.36852331606217614,95.0,100.0,4938,5500,2337,49,8,0,0.009923045767517213,0.0014545454545454545,0.0,0.7000000000000001,0.7000000000000001,0.30000000000000004,0.6000000000000001,80.0,55.0,75.0,0.8,0.6000000000000001,0.2,0.6000000000000001,80.0,55.0,85.0,6648,6639,9,6648,0.0013537906137184115,0.31428331376984375,0.5,0.6285666275396875,1928,0.29040518150323846,1.0,1
"iteration_4","SCOPE_DATA_COLLECTION",1100,28,1750.0,1810.0,1,6615,4598,1562,6583,4499,1553,6608,4575,1544,16,24,17,0.0024154589371980675,0.005218525766470972,0.010890454836643177,0.30925547187769103,0.618887685658546,1.043463783737906,0.6185109437553821,0.618887685658546,0.6956425224919373,0.274364406779661,0.35475409836065575,0.36852331606217614,95.0,100.0,4938,5500,2337,49,8,0,0.009923045767517213,0.0014545454545454545,0.0,0.7000000000000001,0.7000000000000001,0.30000000000000004,0.6000000000000001,80.0,55.0,75.0,0.8,0.6000000000000001,0.2,0.6000000000000001,80.0,55.0,85.0,4454,4441,13,4454,0.0029187247418051188,0.6222194961889271,1.0,0.6222194961889271,1639,0.3690610222922765,1.0,1
"iteration_4","SCOPE_DATA_COLLECTION",1100,28,1750.0,1810.0,2,6615,4598,1562,6583,4499,1553,6608,4575,1544,16,24,17,0.0024154589371980675,0.005218525766470972,0.010890454836643177,0.30925547187769103,0.618887685658546,1.043463783737906,0.6185109437553821,0.618887685658546,0.6956425224919373,0.274364406779661,0.35475409836065575,0.36852331606217614,95.0,100.0,4938,5500,2337,49,8,0,0.009923045767517213,0.0014545454545454545,0.0,0.7000000000000001,0.7000000000000001,0.30000000000000004,0.6000000000000001,80.0,55.0,75.0,0.8,0.6000000000000001,0.2,0.6000000000000001,80.0,55.0,85.0,1561,1539,22,1561,0.014093529788597053,1.0668521435056608,1.5,0.7112347623371073,589,0.38271604938271603,1.0,1
"iteration_4","SCOPE_DATA_COLLECTION",1100,29,1810.0,1870.0,0,6648,4454,1561,6615,4598,1562,6641,4439,1541,9,13,22,0.0013533834586466164,0.0029200359389038636,0.014075495841330775,0.31484586436675516,0.6257597027792471,1.068242603348492,0.6296917287335103,0.6257597027792471,0.7121617355656613,0.2906188826983888,0.3708042351881054,0.382219338092148,100.0,100.0,4999,6090,1574,42,2,0,0.008401680336067214,3.284072249589491E-4,0.0,0.8,0.6000000000000001,0.2,0.6000000000000001,80.0,55.0,85.0,0.7000000000000001,0.5,0.2,0.5,80.0,65.0,85.0,6509,6497,12,6509,0.0018436011676140728,0.30132181083885645,0.5,0.6026436216777129,1719,0.2645836539941511,1.0,1
"iteration_4","SCOPE_DATA_COLLECTION",1100,29,1810.0,1870.0,1,6648,4454,1561,6615,4598,1562,6641,4439,1541,9,13,22,0.0013533834586466164,0.0029200359389038636,0.014075495841330775,0.31484586436675516,0.6257597027792471,1.068242603348492,0.6296917287335103,0.6257597027792471,0.7121617355656613,0.2906188826983888,0.3708042351881054,0.382219338092148,100.0,100.0,4999,6090,1574,42,2,0,0.008401680336067214,3.284072249589491E-4,0.0,0.8,0.6000000000000001,0.2,0.6000000000000001,80.0,55.0,85.0,0.7000000000000001,0.5,0.2,0.5,80.0,65.0,85.0,4713,4704,9,4713,0.0019096117122851686,0.6000928454631071,1.0,0.6000928454631071,1611,0.3424744897959184,1.0,1
"iteration_4","SCOPE_DATA_COLLECTION",1100,29,1810.0,1870.0,2,6648,4454,1561,6615,4598,1562,6641,4439,1541,9,13,22,0.0013533834586466164,0.0029200359389038636,0.014075495841330775,0.31484586436675516,0.6257597027792471,1.068242603348492,0.6296917287335103,0.6257597027792471,0.7121617355656613,0.2906188826983888,0.3708042351881054,0.382219338092148,100.0,100.0,4999,6090,1574,42,2,0,0.008401680336067214,3.284072249589491E-4,0.0,0.8,0.6000000000000001,0.2,0.6000000000000001,80.0,55.0,85.0,0.7000000000000001,0.5,0.2,0.5,80.0,65.0,85.0,1520,1502,18,1520,0.011842105263157895,1.09491029250902,1.5,0.7299401950060133,593,0.3948069241011984,1.0,1
"iteration_4","SCOPE_DATA_COLLECTION",1100,30,1870.0,1930.0,0,6509,4713,1520,6648,4454,1561,6495,4704,1498,12,9,18,0.0018441678192715537,0.0019096117122851686,0.011873350923482849,0.3017661626814515,0.5993809144258224,1.094658497247277,0.603532325362903,0.5993809144258224,0.7297723314981847,0.26543494996150885,0.3428996598639456,0.3951935914552737,100.0,100.0,4884,5512,2346,34,5,0,0.006961506961506962,9.0711175616836E-4,0.0,0.7000000000000001,0.5,0.2,0.5,80.0,65.0,85.0,0.7000000000000001,0.5,0.2,0.5,80.0,65.0,85.0,6535,6526,9,6535,0.0013771996939556236,0.29586012217901775,0.5,0.5917202443580355,1699,0.26034324241495554,1.0,1
"iteration_4","SCOPE_DATA_COLLECTION",1100,30,1870.0,1930.0,1,6509,4713,1520,6648,4454,1561,6495,4704,1498,12,9,18,0.0018441678192715537,0.0019096117122851686,0.011873350923482849,0.3017661626814515,0.5993809144258224,1.094658497247277,0.603532325362903,0.5993809144258224,0.7297723314981847,0.26543494996150885,0.3428996598639456,0.3951935914552737,100.0,100.0,4884,5512,2346,34,5,0,0.006961506961506962,9.0711175616836E-4,0.0,0.7000000000000001,0.5,0.2,0.5,80.0,65.0,85.0,0.7000000000000001,0.5,0.2,0.5,80.0,65.0,85.0,4669,4656,13,4669,0.00278432212465196,0.6089823898470729,1.0,0.6089823898470729,1682,0.36125429553264604,1.0,1
"iteration_4","SCOPE_DATA_COLLECTION",1100,30,1870.0,1930.0,2,6509,4713,1520,6648,4454,1561,6495,4704,1498,12,9,18,0.0018441678192715537,0.0019096117122851686,0.011873350923482849,0.3017661626814515,0.5993809144258224,1.094658497247277,0.603532325362903,0.5993809144258224,0.7297723314981847,0.26543494996150885,0.3428996598639456,0.3951935914552737,100.0,100.0,4884,5512,2346,34,5,0,0.006961506961506962,9.0711175616836E-4,0.0,0.7000000000000001,0.5,0.2,0.5,80.0,65.0,85.0,0.7000000000000001,0.5,0.2,0.5,80.0,65.0,85.0,1556,1537,19,1556,0.012210796915167094,1.036209114248336,1.5,0.6908060761655573,567,0.36890045543266103,1.0,1
"iteration_4","SCOPE_DATA_COLLECTION",1100,31,1930.0,1990.0,0,6535,4669,1556,6509,4713,1520,6522,4675,1545,9,13,19,0.0013780431786862655,0.002773037542662116,0.012148337595907928,0.29520316362258775,0.6106532188352108,1.03653765963346,0.5904063272451755,0.6106532188352108,0.6910251064223066,0.2595829500153327,0.36128342245989303,0.36828478964401296,100.0,100.0,4901,5538,2321,36,5,0,0.007345439706182412,9.028530155290719E-4,0.0,0.7000000000000001,0.5,0.2,0.5,80.0,65.0,85.0,0.7000000000000001,0.5,0.2,0.5,80.0,65.0,85.0,6739,6725,14,6739,0.0020774595637334916,0.28947769721592703,0.5,0.5789553944318541,1651,0.24550185873605948,1.0,1
"iteration_4","SCOPE_DATA_COLLECTION",1100,31,1930.0,1990.0,1,6535,4669,1556,6509,4713,1520,6522,4675,1545,9,13,19,0.0013780431786862655,0.002773037542662116,0.012148337595907928,0.29520316362258775,0.6106532188352108,1.03653765963346,0.5904063272451755,0.6106532188352108,0.6910251064223066,0.2595829500153327,0.36128342245989303,0.36828478964401296,100.0,100.0,4901,5538,2321,36,5,0,0.007345439706182412,9.028530155290719E-4,0.0,0.7000000000000001,0.5,0.2,0.5,80.0,65.0,85.0,0.7000000000000001,0.5,0.2,0.5,80.0,65.0,85.0,4519,4501,18,4519,0.00398318211993804,0.5993624001370286,1.0,0.5993624001370286,1612,0.35814263497000665,1.0,1
"iteration_4","SCOPE_DATA_COLLECTION",1100,31,1930.0,1990.0,2,6535,4669,1556,6509,4713,1520,6522,4675,1545,9,13,19,0.0013780431786862655,0.002773037542662116,0.012148337595907928,0.29520316362258775,0.6106532188352108,1.03653765963346,0.5904063272451755,0.6106532188352108,0.6910251064223066,0.2595829500153327,0.36128342245989303,0.36828478964401296,100.0,100.0,4901,5538,2321,36,5,0,0.007345439706182412,9.028530155290719E-4,0.0,0.7000000000000001,0.5,0.2,0.5,80.0,65.0,85.0,0.7000000000000001,0.5,0.2,0.5,80.0,65.0,85.0,1627,1610,17,1627,0.010448678549477565,1.0220308408847838,1.5,0.6813538939231892,584,0.3627329192546584,1.0,1
"iteration_4","SCOPE_DATA_COLLECTION",1100,32,1990.0,2050.0,0,6739,4519,1627,6535,4669,1556,6718,4487,1609,14,17,17,0.0020796197266785502,0.003774422735346359,0.010455104551045511,0.2896710468063088,0.5988932750536685,1.028505342253332,0.5793420936126176,0.5988932750536685,0.6856702281688879,0.24575766597201548,0.3581457544016046,0.36668738346799257,100.0,100.0,4875,5606,2404,43,5,0,0.00882051282051282,8.919015340706386E-4,0.0,0.7000000000000001,0.5,0.2,0.5,80.0,65.0,85.0,0.8,0.4,0.1,0.6000000000000001,70.0,75.0,85.0,6708,6701,7,6708,0.0010435301132975551,0.292639204995309,0.5,0.585278409990618,1724,0.25727503357707804,1.0,1
"iteration_4","SCOPE_DATA_COLLECTION",1100,32,1990.0,2050.0,1,6739,4519,1627,6535,4669,1556,6718,4487,1609,14,17,17,0.0020796197266785502,0.003774422735346359,0.010455104551045511,0.2896710468063088,0.5988932750536685,1.028505342253332,0.5793420936126176,0.5988932750536685,0.6856702281688879,0.24575766597201548,0.3581457544016046,0.36668738346799257,100.0,100.0,4875,5606,2404,43,5,0,0.00882051282051282,8.919015340706386E-4,0.0,0.7000000000000001,0.5,0.2,0.5,80.0,65.0,85.0,0.8,0.4,0.1,0.6000000000000001,70.0,75.0,85.0,4674,4666,8,4674,0.0017115960633290544,0.5918930650079848,1.0,0.5918930650079848,1648,0.35319331333047577,1.0,1
"iteration_4","SCOPE_DATA_COLLECTION",1100,32,1990.0,2050.0,2,6739,4519,1627,6535,4669,1556,6718,4487,1609,14,17,17,0.0020796197266785502,0.003774422735346359,0.010455104551045511,0.2896710468063088,0.5988932750536685,1.028505342253332,0.5793420936126176,0.5988932750536685,0.6856702281688879,0.24575766597201548,0.3581457544016046,0.36668738346799257,100.0,100.0,4875,5606,2404,43,5,0,0.00882051282051282,8.919015340706386E-4,0.0,0.7000000000000001,0.5,0.2,0.5,80.0,65.0,85.0,0.8,0.4,0.1,0.6000000000000001,70.0,75.0,85.0,1493,1475,18,1493,0.012056262558606833,1.068506045152164,1.5,0.7123373634347759,568,0.38508474576271184,1.0,1
"iteration_4","SCOPE_DATA_COLLECTION",1100,33,2050.0,2110.0,0,6708,4674,1493,6739,4519,1627,6722,4676,1476,7,9,18,0.0010402734433050973,0.00192102454642476,0.012048192771084338,0.29387356338597437,0.5943610207451726,1.0622158152747747,0.5877471267719487,0.5943610207451726,0.7081438768498498,0.25959535852424875,0.3550042771599658,0.3814363143631436,100.0,100.0,4972,6394,1509,31,3,0,0.006234915526950925,4.6918986549890525E-4,0.0,0.8,0.4,0.1,0.6000000000000001,70.0,75.0,85.0,0.2,0.5,0.8,0.9,45.0,20.0,45.0,6636,3508,3128,6636,0.4713682941531043,0.4769286135841026,0.5,0.9538572271682052,1740,0.4960091220068415,1.0,1
"iteration_4","SCOPE_DATA_COLLECTION",1100,33,2050.0,2110.0,1,6708,4674,1493,6739,4519,1627,6722,4676,1476,7,9,18,0.0010402734433050973,0.00192102454642476,0.012048192771084338,0.29387356338597437,0.5943610207451726,1.0622158152747747,0.5877471267719487,0.5943610207451726,0.7081438768498498,0.25959535852424875,0.3550042771599658,0.3814363143631436,100.0,100.0,4972,6394,1509,31,3,0,0.006234915526950925,4.6918986549890525E-4,0.0,0.8,0.4,0.1,0.6000000000000001,70.0,75.0,85.0,0.2,0.5,0.8,0.9,45.0,20.0,45.0,4622,2399,2223,4622,0.48096062310688015,1.0600457208860543,1.0,1.0600457208860543,1652,0.688620258441017,1.0,1
"iteration_4","SCOPE_DATA_COLLECTION",1100,33,2050.0,2110.0,2,6708,4674,1493,6739,4519,1627,6722,4676,1476,7,9,18,0.0010402734433050973,0.00192102454642476,0.012048192771084338,0.29387356338597437,0.5943610207451726,1.0622158152747747,0.5877471267719487,0.5943610207451726,0.7081438768498498,0.25959535852424875,0.3550042771599658,0.3814363143631436,100.0,100.0,4972,6394,1509,31,3,0,0.006234915526950925,4.6918986549890525E-4,0.0,0.8,0.4,0.1,0.6000000000000001,70.0,75.0,85.0,0.2,0.5,0.8,0.9,45.0,20.0,45.0,1559,800,759,1559,0.4868505452212957,1.7481171384482996,1.5,1.1654114256321997,581,0.72625,1.0,1
"iteration_4","SCOPE_DATA_COLLECTION",1100,34,2110.0,2170.0,0,6636,4622,1559,6708,4674,1493,3516,2400,798,3128,2223,759,0.4708007224563516,0.4808565866320571,0.48747591522157996,0.4759376383319636,1.0511332478498063,1.7456800530139087,0.9518752766639272,1.0511332478498063,1.1637867020092725,0.4928896473265074,0.6829166666666666,0.7255639097744361,97.5,100.0,4995,1589,6233,68,6,6036,0.013613613613613613,0.003775959723096287,0.9683940317664046,0.2,0.5,0.8,0.9,45.0,20.0,45.0,0.2,0.5,0.8,0.9,45.0,20.0,45.0,6654,3593,3061,6654,0.46002404568680494,0.4943135589196671,0.5,0.9886271178393342,1835,0.5107152797105483,1.0,1
"iteration_4","SCOPE_DATA_COLLECTION",1100,34,2110.0,2170.0,1,6636,4622,1559,6708,4674,1493,3516,2400,798,3128,2223,759,0.4708007224563516,0.4808565866320571,0.48747591522157996,0.4759376383319636,1.0511332478498063,1.7456800530139087,0.9518752766639272,1.0511332478498063,1.1637867020092725,0.4928896473265074,0.6829166666666666,0.7255639097744361,97.5,100.0,4995,1589,6233,68,6,6036,0.013613613613613613,0.003775959723096287,0.9683940317664046,0.2,0.5,0.8,0.9,45.0,20.0,45.0,0.2,0.5,0.8,0.9,45.0,20.0,45.0,4566,2360,2206,4566,0.48313622426631625,1.0496153426830361,1.0,1.0496153426830361,1654,0.7008474576271186,1.0,1
"iteration_4","SCOPE_DATA_COLLECTION",1100,34,2110.0,2170.0,2,6636,4622,1559,6708,4674,1493,3516,2400,798,3128,2223,759,0.4708007224563516,0.4808565866320571,0.48747591522157996,0.4759376383319636,1.0511332478498063,1.7456800530139087,0.9518752766639272,1.0511332478498063,1.1637867020092725,0.4928896473265074,0.6829166666666666,0.7255639097744361,97.5,100.0,4995,1589,6233,68,6,6036,0.013613613613613613,0.003775959723096287,0.9683940317664046,0.2,0.5,0.8,0.9,45.0,20.0,45.0,0.2,0.5,0.8,0.9,45.0,20.0,45.0,1472,717,755,1472,0.5129076086956522,1.8156845232883831,1.5,1.2104563488589222,546,0.7615062761506276,1.0,1
"iteration_4","SCOPE_DATA_COLLECTION",1100,35,2170.0,2230.0,0,6654,4566,1472,6636,4622,1559,3580,2365,721,3061,2206,755,0.460924559554284,0.48260774447604465,0.5115176151761518,0.4934431839624348,1.0509731075422146,1.8122153586638696,0.9868863679248696,1.0509731075422146,1.2081435724425797,0.5100558659217878,0.7019027484143763,0.7586685159500693,97.5,100.0,5165,1515,6012,69,0,5953,0.013359148112294288,0.0,0.9901862940785097,0.2,0.5,0.8,0.9,45.0,20.0,45.0,0.2,0.4,0.8,0.9,55.0,20.0,45.0,6594,3511,3083,6594,0.467546254170458,0.5083849320629158,0.5,1.0167698641258316,1763,0.5021361435488465,1.0,1
"iteration_4","SCOPE_DATA_COLLECTION",1100,35,2170.0,2230.0,1,6654,4566,1472,6636,4622,1559,3580,2365,721,3061,2206,755,0.460924559554284,0.48260774447604465,0.5115176151761518,0.4934431839624348,1.0509731075422146,1.8122153586638696,0.9868863679248696,1.0509731075422146,1.2081435724425797,0.5100558659217878,0.7019027484143763,0.7586685159500693,97.5,100.0,5165,1515,6012,69,0,5953,0.013359148112294288,0.0,0.9901862940785097,0.2,0.5,0.8,0.9,45.0,20.0,45.0,0.2,0.4,0.8,0.9,55.0,20.0,45.0,4648,2392,2256,4648,0.4853700516351119,1.0937506995642867,1.0,1.0937506995642867,1708,0.7140468227424749,1.0,1
"iteration_4","SCOPE_DATA_COLLECTION",1100,35,2170.0,2230.0,2,6654,4566,1472,6636,4622,1559,3580,2365,721,3061,2206,755,0.460924559554284,0.48260774447604465,0.5115176151761518,0.4934431839624348,1.0509731075422146,1.8122153586638696,0.9868863679248696,1.0509731075422146,1.2081435724425797,0.5100558659217878,0.7019027484143763,0.7586685159500693,97.5,100.0,5165,1515,6012,69,0,5953,0.013359148112294288,0.0,0.9901862940785097,0.2,0.5,0.8,0.9,45.0,20.0,45.0,0.2,0.4,0.8,0.9,55.0,20.0,45.0,1560,796,764,1560,0.4897435897435897,1.8102393803883021,1.5,1.2068262535922014,596,0.7487437185929648,1.0,1
"iteration_4","SCOPE_DATA_COLLECTION",1100,36,2230.0,2290.0,0,6594,4648,1560,6654,4566,1472,3505,2376,796,3083,2256,764,0.46797207043108685,0.48704663212435234,0.4897435897435897,0.5076809647495834,1.088472612121703,1.8112902183923372,1.0153619294991667,1.088472612121703,1.2075268122615581,0.5007132667617689,0.7108585858585859,0.7525125628140703,97.5,100.0,5051,1531,6220,66,2,6035,0.013066719461492774,0.0013063357282821686,0.9702572347266881,0.2,0.4,0.8,0.9,55.0,20.0,45.0,0.7000000000000001,0.5,0.9,0.2,35.0,95.0,95.0,6878,6867,11,6878,0.00159930212271009,0.3028152251145837,0.5,0.6056304502291674,1827,0.26605504587155965,1.0,1
"iteration_4","SCOPE_DATA_COLLECTION",1100,36,2230.0,2290.0,1,6594,4648,1560,6654,4566,1472,3505,2376,796,3083,2256,764,0.46797207043108685,0.48704663212435234,0.4897435897435897,0.5076809647495834,1.088472612121703,1.8112902183923372,1.0153619294991667,1.088472612121703,1.2075268122615581,0.5007132667617689,0.7108585858585859,0.7525125628140703,97.5,100.0,5051,1531,6220,66,2,6035,0.013066719461492774,0.0013063357282821686,0.9702572347266881,0.2,0.4,0.8,0.9,55.0,20.0,45.0,0.7000000000000001,0.5,0.9,0.2,35.0,95.0,95.0,4571,4550,21,4571,0.004594180704441042,0.6417198370550082,1.0,0.6417198370550082,1633,0.3589010989010989,1.0,1
"iteration_4","SCOPE_DATA_COLLECTION",1100,36,2230.0,2290.0,2,6594,4648,1560,6654,4566,1472,3505,2376,796,3083,2256,764,0.46797207043108685,0.48704663212435234,0.4897435897435897,0.5076809647495834,1.088472612121703,1.8112902183923372,1.0153619294991667,1.088472612121703,1.2075268122615581,0.5007132667617689,0.7108585858585859,0.7525125628140703,97.5,100.0,5051,1531,6220,66,2,6035,0.013066719461492774,0.0013063357282821686,0.9702572347266881,0.2,0.4,0.8,0.9,55.0,20.0,45.0,0.7000000000000001,0.5,0.9,0.2,35.0,95.0,95.0,1577,1556,21,1577,0.013316423589093214,1.061549782716586,1.5,0.7076998551443907,595,0.3823907455012853,1.0,1
"iteration_4","SCOPE_DATA_COLLECTION",1100,37,2290.0,2350.0,0,6878,4571,1577,6594,4648,1560,6871,4561,1551,11,21,21,0.0015983725661145017,0.004583151462243562,0.013358778625954198,0.30343226841458054,0.6465497191026521,1.0608229975228691,0.6068645368291611,0.6465497191026521,0.7072153316819128,0.26721001309853004,0.3619820214865161,0.3803997421018698,97.5,100.0,4933,5602,2491,50,3,0,0.010135819987837016,5.355230274901821E-4,0.0,0.7000000000000001,0.5,0.9,0.2,35.0,95.0,95.0,0.6000000000000001,0.5,0.9,0.30000000000000004,35.0,95.0,85.0,6699,6654,45,6699,0.006717420510523959,0.30735553703021196,0.5,0.6147110740604239,1760,0.264502554854223,1.0,1
"iteration_4","SCOPE_DATA_COLLECTION",1100,37,2290.0,2350.0,1,6878,4571,1577,6594,4648,1560,6871,4561,1551,11,21,21,0.0015983725661145017,0.004583151462243562,0.013358778625954198,0.30343226841458054,0.6465497191026521,1.0608229975228691,0.6068645368291611,0.6465497191026521,0.7072153316819128,0.26721001309853004,0.3619820214865161,0.3803997421018698,97.5,100.0,4933,5602,2491,50,3,0,0.010135819987837016,5.355230274901821E-4,0.0,0.7000000000000001,0.5,0.9,0.2,35.0,95.0,95.0,0.6000000000000001,0.5,0.9,0.30000000000000004,35.0,95.0,85.0,4502,4455,47,4502,0.010439804531319414,0.657450082723316,1.0,0.657450082723316,1650,0.37037037037037035,1.0,1
"iteration_4","SCOPE_DATA_COLLECTION",1100,37,2290.0,2350.0,2,6878,4571,1577,6594,4648,1560,6871,4561,1551,11,21,21,0.0015983725661145017,0.004583151462243562,0.013358778625954198,0.30343226841458054,0.6465497191026521,1.0608229975228691,0.6068645368291611,0.6465497191026521,0.7072153316819128,0.26721001309853004,0.3619820214865161,0.3803997421018698,97.5,100.0,4933,5602,2491,50,3,0,0.010135819987837016,5.355230274901821E-4,0.0,0.7000000000000001,0.5,0.9,0.2,35.0,95.0,95.0,0.6000000000000001,0.5,0.9,0.30000000000000004,35.0,95.0,85.0,1629,1601,28,1629,0.017188459177409455,1.0724697091206836,1.5,0.7149798060804557,610,0.3810118675827608,1.0,1
"iteration_4","SCOPE_DATA_COLLECTION",1100,38,2350.0,2410.0,0,6699,4502,1629,6878,4571,1577,6659,4442,1601,45,47,28,0.006712410501193317,0.010470037870349743,0.017188459177409455,0.3076527350086271,0.6556477437935827,1.0743824856994442,0.6153054700172542,0.6556477437935827,0.7162549904662961,0.26505481303499023,0.3696533093201261,0.3816364772017489,95.0,100.0,4904,4715,3211,46,6,68,0.009380097879282219,0.0012725344644750796,0.02117720336343818,0.6000000000000001,0.5,0.9,0.30000000000000004,35.0,95.0,85.0,0.7000000000000001,0.5,0.9,0.2,25.0,95.0,85.0,6454,6443,11,6454,0.0017043693833281685,0.3114248134907153,0.5,0.6228496269814306,1798,0.2790625485022505,1.0,1
"iteration_4","SCOPE_DATA_COLLECTION",1100,38,2350.0,2410.0,1,6699,4502,1629,6878,4571,1577,6659,4442,1601,45,47,28,0.006712410501193317,0.010470037870349743,0.017188459177409455,0.3076527350086271,0.6556477437935827,1.0743824856994442,0.6153054700172542,0.6556477437935827,0.7162549904662961,0.26505481303499023,0.3696533093201261,0.3816364772017489,95.0,100.0,4904,4715,3211,46,6,68,0.009380097879282219,0.0012725344644750796,0.02117720336343818,0.6000000000000001,0.5,0.9,0.30000000000000004,35.0,95.0,85.0,0.7000000000000001,0.5,0.9,0.2,25.0,95.0,85.0,4513,4492,21,4513,0.004653224019499224,0.6442834691789127,1.0,0.6442834691789127,1657,0.3688780053428317,1.0,1
"iteration_4","SCOPE_DATA_COLLECTION",1100,38,2350.0,2410.0,2,6699,4502,1629,6878,4571,1577,6659,4442,1601,45,47,28,0.006712410501193317,0.010470037870349743,0.017188459177409455,0.3076527350086271,0.6556477437935827,1.0743824856994442,0.6153054700172542,0.6556477437935827,0.7162549904662961,0.26505481303499023,0.3696533093201261,0.3816364772017489,95.0,100.0,4904,4715,3211,46,6,68,0.009380097879282219,0.0012725344644750796,0.02117720336343818,0.6000000000000001,0.5,0.9,0.30000000000000004,35.0,95.0,85.0,0.7000000000000001,0.5,0.9,0.2,25.0,95.0,85.0,1514,1501,13,1514,0.008586525759577279,1.0752877080795378,1.5,0.7168584720530252,591,0.3937375083277815,1.0,1
"iteration_4","SCOPE_DATA_COLLECTION",1100,39,2410.0,2470.0,0,6454,4513,1514,6699,4502,1629,6432,4501,1498,11,21,13,0.0017072792177557038,0.0046439628482972135,0.008603573792190603,0.31053578591283115,0.6449936774040828,1.0737766755622948,0.6210715718256623,0.6449936774040828,0.7158511170415299,0.27782960199004975,0.3688069317929349,0.3931909212283044,100.0,100.0,4899,5287,2295,40,5,0,0.008164931618697694,9.457159069415548E-4,0.0,0.7000000000000001,0.5,0.9,0.2,25.0,95.0,85.0,0.25,0.2,0.7000000000000001,0.6000000000000001,50.0,50.0,85.0,6561,4206,2355,6561,0.35893918609967995,0.4266619357491933,0.5,0.8533238714983866,1664,0.3956252971944841,1.0,1
"iteration_4","SCOPE_DATA_COLLECTION",1100,39,2410.0,2470.0,1,6454,4513,1514,6699,4502,1629,6432,4501,1498,11,21,13,0.0017072792177557038,0.0046439628482972135,0.008603573792190603,0.31053578591283115,0.6449936774040828,1.0737766755622948,0.6210715718256623,0.6449936774040828,0.7158511170415299,0.27782960199004975,0.3688069317929349,0.3931909212283044,100.0,100.0,4899,5287,2295,40,5,0,0.008164931618697694,9.457159069415548E-4,0.0,0.7000000000000001,0.5,0.9,0.2,25.0,95.0,85.0,0.25,0.2,0.7000000000000001,0.6000000000000001,50.0,50.0,85.0,4496,2846,1650,4496,0.3669928825622776,0.9537157460795762,1.0,0.9537157460795762,1691,0.5941672522839072,1.0,1
"iteration_4","SCOPE_DATA_COLLECTION",1100,39,2410.0,2470.0,2,6454,4513,1514,6699,4502,1629,6432,4501,1498,11,21,13,0.0017072792177557038,0.0046439628482972135,0.008603573792190603,0.31053578591283115,0.6449936774040828,1.0737766755622948,0.6210715718256623,0.6449936774040828,0.7158511170415299,0.27782960199004975,0.3688069317929349,0.3931909212283044,100.0,100.0,4899,5287,2295,40,5,0,0.008164931618697694,9.457159069415548E-4,0.0,0.7000000000000001,0.5,0.9,0.2,25.0,95.0,85.0,0.25,0.2,0.7000000000000001,0.6000000000000001,50.0,50.0,85.0,1535,923,612,1535,0.3986970684039088,1.5419710319107531,1.5,1.027980687940502,575,0.6229685807150596,1.0,1
"iteration_4","SCOPE_DATA_COLLECTION",1100,40,2470.0,2530.0,0,6561,4496,1535,6454,4513,1514,4201,2842,922,2355,1650,612,0.3592129347162904,0.36731967943009797,0.39895697522816165,0.42112826370534684,0.9502668298041148,1.533713602669939,0.8422565274106937,0.9502668298041148,1.0224757351132927,0.3939538205189241,0.5921885995777622,0.6193058568329718,97.5,100.0,5073,1906,5613,66,1,4550,0.013010053222945003,5.246589716684155E-4,0.8106182077320506,0.25,0.2,0.7000000000000001,0.6000000000000001,50.0,50.0,85.0,0.25,0.1,0.8,0.6000000000000001,40.0,40.0,85.0,6708,3978,2730,6708,0.4069767441860465,0.43753652753813926,0.5,0.8750730550762785,1604,0.4032176973353444,1.0,1
"iteration_4","SCOPE_DATA_COLLECTION",1100,40,2470.0,2530.0,1,6561,4496,1535,6454,4513,1514,4201,2842,922,2355,1650,612,0.3592129347162904,0.36731967943009797,0.39895697522816165,0.42112826370534684,0.9502668298041148,1.533713602669939,0.8422565274106937,0.9502668298041148,1.0224757351132927,0.3939538205189241,0.5921885995777622,0.6193058568329718,97.5,100.0,5073,1906,5613,66,1,4550,0.013010053222945003,5.246589716684155E-4,0.8106182077320506,0.25,0.2,0.7000000000000001,0.6000000000000001,50.0,50.0,85.0,0.25,0.1,0.8,0.6000000000000001,40.0,40.0,85.0,4556,2740,1816,4556,0.398595258999122,0.9947890768642119,1.0,0.9947890768642119,1759,0.641970802919708,1.0,1
"iteration_4","SCOPE_DATA_COLLECTION",1100,40,2470.0,2530.0,2,6561,4496,1535,6454,4513,1514,4201,2842,922,2355,1650,612,0.3592129347162904,0.36731967943009797,0.39895697522816165,0.42112826370534684,0.9502668298041148,1.533713602669939,0.8422565274106937,0.9502668298041148,1.0224757351132927,0.3939538205189241,0.5921885995777622,0.6193058568329718,97.5,100.0,5073,1906,5613,66,1,4550,0.013010053222945003,5.246589716684155E-4,0.8106182077320506,0.25,0.2,0.7000000000000001,0.6000000000000001,50.0,50.0,85.0,0.25,0.1,0.8,0.6000000000000001,40.0,40.0,85.0,1565,893,672,1565,0.4293929712460064,1.6389323104182063,1.5,1.0926215402788042,602,0.6741321388577828,1.0,1
"iteration_4","SCOPE_DATA_COLLECTION",1100,41,2530.0,2590.0,0,6708,4556,1565,6561,4496,1535,3977,2734,896,2730,1816,672,0.40703742358729683,0.3991208791208791,0.42857142857142855,0.4448613396177018,0.9989500868164846,1.645487885223897,0.8897226792354036,0.9989500868164846,1.096991923482598,0.4065878803117928,0.6448427212874909,0.6774553571428571,95.0,100.0,5200,1788,5841,72,1,5145,0.013846153846153847,5.592841163310962E-4,0.8808423215202876,0.25,0.1,0.8,0.6000000000000001,40.0,40.0,85.0,0.15000000000000002,0.2,0.7000000000000001,0.7000000000000001,50.0,30.0,85.0,6823,3292,3531,6823,0.5175142899018027,0.47299006911539576,0.5,0.9459801382307915,1546,0.46962332928311057,1.0,1
"iteration_4","SCOPE_DATA_COLLECTION",1100,41,2530.0,2590.0,1,6708,4556,1565,6561,4496,1535,3977,2734,896,2730,1816,672,0.40703742358729683,0.3991208791208791,0.42857142857142855,0.4448613396177018,0.9989500868164846,1.645487885223897,0.8897226792354036,0.9989500868164846,1.096991923482598,0.4065878803117928,0.6448427212874909,0.6774553571428571,95.0,100.0,5200,1788,5841,72,1,5145,0.013846153846153847,5.592841163310962E-4,0.8808423215202876,0.25,0.1,0.8,0.6000000000000001,40.0,40.0,85.0,0.15000000000000002,0.2,0.7000000000000001,0.7000000000000001,50.0,30.0,85.0,4527,2132,2395,4527,0.529047934614535,1.1363848671821113,1.0,1.1363848671821113,1643,0.7706378986866792,1.0,1
"iteration_4","SCOPE_DATA_COLLECTION",1100,41,2530.0,2590.0,2,6708,4556,1565,6561,4496,1535,3977,2734,896,2730,1816,672,0.40703742358729683,0.3991208791208791,0.42857142857142855,0.4448613396177018,0.9989500868164846,1.645487885223897,0.8897226792354036,0.9989500868164846,1.096991923482598,0.4065878803117928,0.6448427212874909,0.6774553571428571,95.0,100.0,5200,1788,5841,72,1,5145,0.013846153846153847,5.592841163310962E-4,0.8808423215202876,0.25,0.1,0.8,0.6000000000000001,40.0,40.0,85.0,0.15000000000000002,0.2,0.7000000000000001,0.7000000000000001,50.0,30.0,85.0,1586,730,856,1586,0.5397225725094578,1.9501039612864557,1.5,1.3000693075243037,610,0.8356164383561644,1.0,1
"iteration_4","SCOPE_DATA_COLLECTION",1100,42,2590.0,2650.0,0,6823,4527,1586,6708,4556,1565,3315,2157,732,3531,2394,856,0.5157756354075372,0.5260382333553065,0.5390428211586902,0.4725126960221379,1.133556673891001,1.939940322428159,0.9450253920442758,1.133556673891001,1.2932935482854393,0.4693815987933635,0.7686601761706073,0.8306010928961749,92.5,100.0,5088,1130,6718,61,2,6718,0.011988993710691825,0.0017699115044247787,1.0,0.15000000000000002,0.2,0.7000000000000001,0.7000000000000001,50.0,30.0,85.0,0.05,0.1,0.6000000000000001,0.7000000000000001,40.0,30.0,95.0,6741,2937,3804,6741,0.5643079661771251,0.4951544951571711,0.5,0.9903089903143422,1383,0.47088866189989786,1.0,1
"iteration_4","SCOPE_DATA_COLLECTION",1100,42,2590.0,2650.0,1,6823,4527,1586,6708,4556,1565,3315,2157,732,3531,2394,856,0.5157756354075372,0.5260382333553065,0.5390428211586902,0.4725126960221379,1.133556673891001,1.939940322428159,0.9450253920442758,1.133556673891001,1.2932935482854393,0.4693815987933635,0.7686601761706073,0.8306010928961749,92.5,100.0,5088,1130,6718,61,2,6718,0.011988993710691825,0.0017699115044247787,1.0,0.15000000000000002,0.2,0.7000000000000001,0.7000000000000001,50.0,30.0,85.0,0.05,0.1,0.6000000000000001,0.7000000000000001,40.0,30.0,95.0,4594,1979,2615,4594,0.5692207226817588,1.2492707589940018,1.0,1.2492707589940018,1732,0.875189489641233,1.0,1
"iteration_4","SCOPE_DATA_COLLECTION",1100,42,2590.0,2650.0,2,6823,4527,1586,6708,4556,1565,3315,2157,732,3531,2394,856,0.5157756354075372,0.5260382333553065,0.5390428211586902,0.4725126960221379,1.133556673891001,1.939940322428159,0.9450253920442758,1.133556673891001,1.2932935482854393,0.4693815987933635,0.7686601761706073,0.8306010928961749,92.5,100.0,5088,1130,6718,61,2,6718,0.011988993710691825,0.0017699115044247787,1.0,0.15000000000000002,0.2,0.7000000000000001,0.7000000000000001,50.0,30.0,85.0,0.05,0.1,0.6000000000000001,0.7000000000000001,40.0,30.0,95.0,1533,623,910,1533,0.593607305936073,2.0930803127435964,1.5,1.3953868751623977,576,0.9245585874799358,1.0,1
"iteration_4","SCOPE_DATA_COLLECTION",1100,43,2650.0,2710.0,0,6741,4594,1533,6823,4527,1586,2934,1970,623,3804,2616,910,0.5645592163846839,0.5704317488006978,0.593607305936073,0.49529445100472913,1.2519063205806762,2.095076479071126,0.9905889020094583,1.2519063205806762,1.396717652714084,0.47171097477845947,0.8761421319796955,0.9245585874799358,100.0,100.0,5197,386,7285,45,0,7285,0.00865884163940735,0.0,1.0,0.05,0.1,0.6000000000000001,0.7000000000000001,40.0,30.0,95.0,0.05,0.1,0.6000000000000001,0.7000000000000001,40.0,30.0,95.0,6690,2900,3790,6690,0.5665171898355755,0.49351200736272877,0.5,0.9870240147254575,1341,0.46241379310344827,1.0,1
"iteration_4","SCOPE_DATA_COLLECTION",1100,43,2650.0,2710.0,1,6741,4594,1533,6823,4527,1586,2934,1970,623,3804,2616,910,0.5645592163846839,0.5704317488006978,0.593607305936073,0.49529445100472913,1.2519063205806762,2.095076479071126,0.9905889020094583,1.2519063205806762,1.396717652714084,0.47171097477845947,0.8761421319796955,0.9245585874799358,100.0,100.0,5197,386,7285,45,0,7285,0.00865884163940735,0.0,1.0,0.05,0.1,0.6000000000000001,0.7000000000000001,40.0,30.0,95.0,0.05,0.1,0.6000000000000001,0.7000000000000001,40.0,30.0,95.0,4484,1914,2570,4484,0.5731489741302409,1.2369247582901195,1.0,1.2369247582901195,1686,0.8808777429467085,1.0,1
"iteration_4","SCOPE_DATA_COLLECTION",1100,43,2650.0,2710.0,2,6741,4594,1533,6823,4527,1586,2934,1970,623,3804,2616,910,0.5645592163846839,0.5704317488006978,0.593607305936073,0.49529445100472913,1.2519063205806762,2.095076479071126,0.9905889020094583,1.2519063205806762,1.396717652714084,0.47171097477845947,0.8761421319796955,0.9245585874799358,100.0,100.0,5197,386,7285,45,0,7285,0.00865884163940735,0.0,1.0,0.05,0.1,0.6000000000000001,0.7000000000000001,40.0,30.0,95.0,0.05,0.1,0.6000000000000001,0.7000000000000001,40.0,30.0,95.0,1596,650,946,1596,0.5927318295739349,2.0782200738482115,1.5,1.385480049232141,596,0.916923076923077,1.0,1
"iteration_4","SCOPE_DATA_COLLECTION",1100,44,2710.0,2770.0,0,6690,4484,1596,6741,4594,1533,2898,1917,656,3790,2570,946,0.5666866028708134,0.5727657677735681,0.5905118601747815,0.4929219569139567,1.234870783752434,2.083051832752713,0.9858439138279134,1.234870783752434,1.3887012218351422,0.4603174603174603,0.8800208659363589,0.9176829268292683,100.0,100.0,5146,374,7250,55,1,7250,0.010687912942090944,0.00267379679144385,1.0,0.05,0.1,0.6000000000000001,0.7000000000000001,40.0,30.0,95.0,0.9500000000000001,0.5,0.30000000000000004,0.7000000000000001,70.0,70.0,25.0,6639,6623,16,6639,0.0024100015062509415,0.30458660607679433,0.5,0.6091732121535887,1757,0.2652876340027178,1.0,1
"iteration_4","SCOPE_DATA_COLLECTION",1100,44,2710.0,2770.0,1,6690,4484,1596,6741,4594,1533,2898,1917,656,3790,2570,946,0.5666866028708134,0.5727657677735681,0.5905118601747815,0.4929219569139567,1.234870783752434,2.083051832752713,0.9858439138279134,1.234870783752434,1.3887012218351422,0.4603174603174603,0.8800208659363589,0.9176829268292683,100.0,100.0,5146,374,7250,55,1,7250,0.010687912942090944,0.00267379679144385,1.0,0.05,0.1,0.6000000000000001,0.7000000000000001,40.0,30.0,95.0,0.9500000000000001,0.5,0.30000000000000004,0.7000000000000001,70.0,70.0,25.0,4543,4522,21,4543,0.004622496147919877,0.6163712497258442,1.0,0.6163712497258442,1596,0.35294117647058826,1.0,1
"iteration_4","SCOPE_DATA_COLLECTION",1100,44,2710.0,2770.0,2,6690,4484,1596,6741,4594,1533,2898,1917,656,3790,2570,946,0.5666866028708134,0.5727657677735681,0.5905118601747815,0.4929219569139567,1.234870783752434,2.083051832752713,0.9858439138279134,1.234870783752434,1.3887012218351422,0.4603174603174603,0.8800208659363589,0.9176829268292683,100.0,100.0,5146,374,7250,55,1,7250,0.010687912942090944,0.00267379679144385,1.0,0.05,0.1,0.6000000000000001,0.7000000000000001,40.0,30.0,95.0,0.9500000000000001,0.5,0.30000000000000004,0.7000000000000001,70.0,70.0,25.0,1572,1547,25,1572,0.015903307888040712,1.088255026736105,1.5,0.7255033511574034,602,0.3891402714932127,1.0,1
"iteration_4","SCOPE_DATA_COLLECTION",1100,45,2770.0,2830.0,0,6639,4543,1572,6690,4484,1596,6609,4519,1532,16,21,25,0.0024150943396226416,0.004625550660792952,0.01605651894669236,0.3038036523126223,0.6168152632751703,1.0850186435813818,0.6076073046252446,0.6168152632751703,0.7233457623875879,0.2653956725677107,0.3531754813011728,0.38838120104438645,100.0,100.0,4939,7405,410,50,5,7,0.010123506782749545,6.752194463200541E-4,0.01707317073170732,0.9500000000000001,0.5,0.30000000000000004,0.7000000000000001,70.0,70.0,25.0,0.9500000000000001,0.5,0.2,0.8,80.0,60.0,25.0,6592,6569,23,6592,0.003489077669902913,0.30438154841629317,0.5,0.6087630968325863,1686,0.25666007002587915,1.0,1
"iteration_4","SCOPE_DATA_COLLECTION",1100,45,2770.0,2830.0,1,6639,4543,1572,6690,4484,1596,6609,4519,1532,16,21,25,0.0024150943396226416,0.004625550660792952,0.01605651894669236,0.3038036523126223,0.6168152632751703,1.0850186435813818,0.6076073046252446,0.6168152632751703,0.7233457623875879,0.2653956725677107,0.3531754813011728,0.38838120104438645,100.0,100.0,4939,7405,410,50,5,7,0.010123506782749545,6.752194463200541E-4,0.01707317073170732,0.9500000000000001,0.5,0.30000000000000004,0.7000000000000001,70.0,70.0,25.0,0.9500000000000001,0.5,0.2,0.8,80.0,60.0,25.0,4641,4629,12,4641,0.002585649644473174,0.6177259733165571,1.0,0.6177259733165571,1687,0.36444156405271116,1.0,1
"iteration_4","SCOPE_DATA_COLLECTION",1100,45,2770.0,2830.0,2,6639,4543,1572,6690,4484,1596,6609,4519,1532,16,21,25,0.0024150943396226416,0.004625550660792952,0.01605651894669236,0.3038036523126223,0.6168152632751703,1.0850186435813818,0.6076073046252446,0.6168152632751703,0.7233457623875879,0.2653956725677107,0.3531754813011728,0.38838120104438645,100.0,100.0,4939,7405,410,50,5,7,0.010123506782749545,6.752194463200541E-4,0.01707317073170732,0.9500000000000001,0.5,0.30000000000000004,0.7000000000000001,70.0,70.0,25.0,0.9500000000000001,0.5,0.2,0.8,80.0,60.0,25.0,1525,1505,20,1525,0.013114754098360656,1.065923215090029,1.5,0.710615476726686,570,0.3787375415282392,1.0,1
"iteration_4","SCOPE_DATA_COLLECTION",1100,46,2830.0,2890.0,0,6592,4641,1525,6639,4543,1572,6568,4626,1515,23,12,20,0.003489607039902898,0.00258732212160414,0.013029315960912053,0.30541520614498835,0.6182053405136706,1.065795153228935,0.6108304122899767,0.6182053405136706,0.7105301021526232,0.2565468940316687,0.364461738002594,0.3788778877887789,97.5,100.0,4964,7423,371,51,4,0,0.010273972602739725,5.38865687727334E-4,0.0,0.9500000000000001,0.5,0.2,0.8,80.0,60.0,25.0,0.8500000000000001,0.6000000000000001,0.30000000000000004,0.8,70.0,50.0,35.0,6729,6712,17,6729,0.0025263783623123794,0.31436917359903865,0.5,0.6287383471980773,1938,0.2887365911799762,1.0,1
"iteration_4","SCOPE_DATA_COLLECTION",1100,46,2830.0,2890.0,1,6592,4641,1525,6639,4543,1572,6568,4626,1515,23,12,20,0.003489607039902898,0.00258732212160414,0.013029315960912053,0.30541520614498835,0.6182053405136706,1.065795153228935,0.6108304122899767,0.6182053405136706,0.7105301021526232,0.2565468940316687,0.364461738002594,0.3788778877887789,97.5,100.0,4964,7423,371,51,4,0,0.010273972602739725,5.38865687727334E-4,0.0,0.9500000000000001,0.5,0.2,0.8,80.0,60.0,25.0,0.8500000000000001,0.6000000000000001,0.30000000000000004,0.8,70.0,50.0,35.0,4548,4530,18,4548,0.00395778364116095,0.6282546021211627,1.0,0.6282546021211627,1616,0.35673289183222956,1.0,1
"iteration_4","SCOPE_DATA_COLLECTION",1100,46,2830.0,2890.0,2,6592,4641,1525,6639,4543,1572,6568,4626,1515,23,12,20,0.003489607039902898,0.00258732212160414,0.013029315960912053,0.30541520614498835,0.6182053405136706,1.065795153228935,0.6108304122899767,0.6182053405136706,0.7105301021526232,0.2565468940316687,0.364461738002594,0.3788778877887789,97.5,100.0,4964,7423,371,51,4,0,0.010273972602739725,5.38865687727334E-4,0.0,0.9500000000000001,0.5,0.2,0.8,80.0,60.0,25.0,0.8500000000000001,0.6000000000000001,0.30000000000000004,0.8,70.0,50.0,35.0,1588,1559,29,1588,0.018261964735516372,1.0911608388567777,1.5,0.7274405592378518,603,0.3867864015394484,1.0,1
"iteration_4","SCOPE_DATA_COLLECTION",1100,47,2890.0,2950.0,0,6729,4548,1588,6592,4641,1525,6720,4517,1554,17,18,29,0.002523378358319727,0.003969128996692392,0.01831964624131396,0.31422216618321325,0.6280699435714743,1.0929948684396762,0.6284443323664265,0.6280699435714743,0.7286632456264508,0.2892857142857143,0.3566526455612132,0.38803088803088803,97.5,100.0,5035,6672,1158,56,8,0,0.01112214498510427,0.001199040767386091,0.0,0.8500000000000001,0.6000000000000001,0.30000000000000004,0.8,70.0,50.0,35.0,0.9500000000000001,0.7000000000000001,0.4,0.7000000000000001,80.0,50.0,25.0,6639,6628,11,6639,0.0016568760355475222,0.3225942989088061,0.5,0.6451885978176122,1883,0.2840977670488835,1.0,1
"iteration_4","SCOPE_DATA_COLLECTION",1100,47,2890.0,2950.0,1,6729,4548,1588,6592,4641,1525,6720,4517,1554,17,18,29,0.002523378358319727,0.003969128996692392,0.01831964624131396,0.31422216618321325,0.6280699435714743,1.0929948684396762,0.6284443323664265,0.6280699435714743,0.7286632456264508,0.2892857142857143,0.3566526455612132,0.38803088803088803,97.5,100.0,5035,6672,1158,56,8,0,0.01112214498510427,0.001199040767386091,0.0,0.8500000000000001,0.6000000000000001,0.30000000000000004,0.8,70.0,50.0,35.0,0.9500000000000001,0.7000000000000001,0.4,0.7000000000000001,80.0,50.0,25.0,4655,4622,33,4655,0.007089151450053705,0.6358109748882982,1.0,0.6358109748882982,1645,0.3559065339679792,1.0,1
"iteration_4","SCOPE_DATA_COLLECTION",1100,47,2890.0,2950.0,2,6729,4548,1588,6592,4641,1525,6720,4517,1554,17,18,29,0.002523378358319727,0.003969128996692392,0.01831964624131396,0.31422216618321325,0.6280699435714743,1.0929948684396762,0.6284443323664265,0.6280699435714743,0.7286632456264508,0.2892857142857143,0.3566526455612132,0.38803088803088803,97.5,100.0,5035,6672,1158,56,8,0,0.01112214498510427,0.001199040767386091,0.0,0.8500000000000001,0.6000000000000001,0.30000000000000004,0.8,70.0,50.0,35.0,0.9500000000000001,0.7000000000000001,0.4,0.7000000000000001,80.0,50.0,25.0,1581,1546,35,1581,0.022137887413029727,1.0719895395528496,1.5,0.714659693035233,579,0.3745148771021992,1.0,1
"iteration_4","SCOPE_DATA_COLLECTION",1100,48,2950.0,3010.0,0,6639,4655,1581,6729,4548,1588,6623,4628,1547,11,33,34,0.001658124811576726,0.007080025745548166,0.021505376344086023,0.3224503494143562,0.6342937561052234,1.0712826543432679,0.6449006988287124,0.6342937561052234,0.7141884362288452,0.2832553223614676,0.3558772687986171,0.3742727860374919,100.0,100.0,4996,7461,418,71,7,0,0.01421136909527622,9.382120359201179E-4,0.0,0.9500000000000001,0.7000000000000001,0.4,0.7000000000000001,80.0,50.0,25.0,0.9500000000000001,0.8,0.4,0.7000000000000001,90.0,40.0,20.0,6581,6560,21,6581,0.0031910044066251328,0.316373607636671,0.5,0.632747215273342,1774,0.2704268292682927,1.0,1
"iteration_4","SCOPE_DATA_COLLECTION",1100,48,2950.0,3010.0,1,6639,4655,1581,6729,4548,1588,6623,4628,1547,11,33,34,0.001658124811576726,0.007080025745548166,0.021505376344086023,0.3224503494143562,0.6342937561052234,1.0712826543432679,0.6449006988287124,0.6342937561052234,0.7141884362288452,0.2832553223614676,0.3558772687986171,0.3742727860374919,100.0,100.0,4996,7461,418,71,7,0,0.01421136909527622,9.382120359201179E-4,0.0,0.9500000000000001,0.7000000000000001,0.4,0.7000000000000001,80.0,50.0,25.0,0.9500000000000001,0.8,0.4,0.7000000000000001,90.0,40.0,20.0,4589,4568,21,4589,0.004576160383525822,0.6622831363853535,1.0,0.6622831363853535,1720,0.37653239929947463,1.0,1
"iteration_4","SCOPE_DATA_COLLECTION",1100,48,2950.0,3010.0,2,6639,4655,1581,6729,4548,1588,6623,4628,1547,11,33,34,0.001658124811576726,0.007080025745548166,0.021505376344086023,0.3224503494143562,0.6342937561052234,1.0712826543432679,0.6449006988287124,0.6342937561052234,0.7141884362288452,0.2832553223614676,0.3558772687986171,0.3742727860374919,100.0,100.0,4996,7461,418,71,7,0,0.01421136909527622,9.382120359201179E-4,0.0,0.9500000000000001,0.7000000000000001,0.4,0.7000000000000001,80.0,50.0,25.0,0.9500000000000001,0.8,0.4,0.7000000000000001,90.0,40.0,20.0,1573,1549,24,1573,0.015257469802924348,1.037442714002682,1.5,0.691628476001788,557,0.35958683021304066,1.0,1
"iteration_4","SCOPE_DATA_COLLECTION",1100,49,3010.0,3070.0,0,6581,4589,1573,6639,4655,1581,6555,4558,1555,21,21,25,0.0031934306569343066,0.004586154182135838,0.015822784810126583,0.3165747106159691,0.6622334252463545,1.0428494864037496,0.6331494212319382,0.6622334252463545,0.6952329909358331,0.27093821510297483,0.3751645458534445,0.36205787781350485,100.0,100.0,4986,7370,387,55,12,0,0.01103088648215002,0.0016282225237449117,0.0,0.9500000000000001,0.8,0.4,0.7000000000000001,90.0,40.0,20.0,0.9500000000000001,0.8,0.30000000000000004,0.6000000000000001,90.0,40.0,20.0,6600,6582,18,6600,0.0027272727272727275,0.3253745159903975,0.5,0.650749031980795,1870,0.28410817380735337,1.0,1
"iteration_4","SCOPE_DATA_COLLECTION",1100,49,3010.0,3070.0,1,6581,4589,1573,6639,4655,1581,6555,4558,1555,21,21,25,0.0031934306569343066,0.004586154182135838,0.015822784810126583,0.3165747106159691,0.6622334252463545,1.0428494864037496,0.6331494212319382,0.6622334252463545,0.6952329909358331,0.27093821510297483,0.3751645458534445,0.36205787781350485,100.0,100.0,4986,7370,387,55,12,0,0.01103088648215002,0.0016282225237449117,0.0,0.9500000000000001,0.8,0.4,0.7000000000000001,90.0,40.0,20.0,0.9500000000000001,0.8,0.30000000000000004,0.6000000000000001,90.0,40.0,20.0,4662,4644,18,4662,0.003861003861003861,0.6358196875616262,1.0,0.6358196875616262,1674,0.36046511627906974,1.0,1
"iteration_4","SCOPE_DATA_COLLECTION",1100,49,3010.0,3070.0,2,6581,4589,1573,6639,4655,1581,6555,4558,1555,21,21,25,0.0031934306569343066,0.004586154182135838,0.015822784810126583,0.3165747106159691,0.6622334252463545,1.0428494864037496,0.6331494212319382,0.6622334252463545,0.6952329909358331,0.27093821510297483,0.3751645458534445,0.36205787781350485,100.0,100.0,4986,7370,387,55,12,0,0.01103088648215002,0.0016282225237449117,0.0,0.9500000000000001,0.8,0.4,0.7000000000000001,90.0,40.0,20.0,0.9500000000000001,0.8,0.30000000000000004,0.6000000000000001,90.0,40.0,20.0,1493,1465,28,1493,0.018754186202277295,1.0842097590963842,1.5,0.7228065060642561,562,0.38361774744027305,1.0,1
"iteration_4","SCOPE_DATA_COLLECTION",1100,50,3070.0,3130.0,0,6600,4662,1493,6581,4589,1573,6582,4647,1466,18,18,28,0.0027272727272727275,0.0038585209003215433,0.018741633199464525,0.3245597515440967,0.636074527007189,1.087295571689473,0.6491195030881934,0.636074527007189,0.7248637144596487,0.2835004557885141,0.3608779857972886,0.38472032742155526,100.0,100.0,4950,7412,393,58,6,0,0.011717171717171718,8.094981111710739E-4,0.0,0.9500000000000001,0.8,0.30000000000000004,0.6000000000000001,90.0,40.0,20.0,0.9500000000000001,0.8,0.4,0.5,90.0,50.0,20.0,6485,6474,11,6485,0.0016962220508866615,0.33097001237625745,0.5,0.6619400247525149,1831,0.28282360210071056,1.0,1
"iteration_4","SCOPE_DATA_COLLECTION",1100,50,3070.0,3130.0,1,6600,4662,1493,6581,4589,1573,6582,4647,1466,18,18,28,0.0027272727272727275,0.0038585209003215433,0.018741633199464525,0.3245597515440967,0.636074527007189,1.087295571689473,0.6491195030881934,0.636074527007189,0.7248637144596487,0.2835004557885141,0.3608779857972886,0.38472032742155526,100.0,100.0,4950,7412,393,58,6,0,0.011717171717171718,8.094981111710739E-4,0.0,0.9500000000000001,0.8,0.30000000000000004,0.6000000000000001,90.0,40.0,20.0,0.9500000000000001,0.8,0.4,0.5,90.0,50.0,20.0,4536,4516,20,4536,0.004409171075837742,0.6611330184906468,1.0,0.6611330184906468,1667,0.3691319751992914,1.0,1
"iteration_4","SCOPE_DATA_COLLECTION",1100,50,3070.0,3130.0,2,6600,4662,1493,6581,4589,1573,6582,4647,1466,18,18,28,0.0027272727272727275,0.0038585209003215433,0.018741633199464525,0.3245597515440967,0.636074527007189,1.087295571689473,0.6491195030881934,0.636074527007189,0.7248637144596487,0.2835004557885141,0.3608779857972886,0.38472032742155526,100.0,100.0,4950,7412,393,58,6,0,0.011717171717171718,8.094981111710739E-4,0.0,0.9500000000000001,0.8,0.30000000000000004,0.6000000000000001,90.0,40.0,20.0,0.9500000000000001,0.8,0.4,0.5,90.0,50.0,20.0,1567,1552,15,1567,0.009572431397574984,1.1084705309317617,1.5,0.7389803539545078,614,0.3956185567010309,1.0,1
"iteration_4","SCOPE_DATA_COLLECTION",1100,51,3130.0,3190.0,0,6485,4536,1567,6600,4662,1493,6472,4520,1542,10,20,15,0.0015427337241592102,0.004405286343612335,0.009633911368015413,0.3312396267786091,0.6600456133728827,1.0977752135370946,0.6624792535572182,0.6600456133728827,0.7318501423580631,0.2830655129789864,0.36880530973451325,0.39040207522697795,100.0,100.0,4920,7247,421,38,7,0,0.007723577235772358,9.659169311439217E-4,0.0,0.9500000000000001,0.8,0.4,0.5,90.0,50.0,20.0,0.9500000000000001,0.9,0.4,0.6000000000000001,80.0,40.0,20.0,6585,6555,30,6585,0.004555808656036446,0.32098076272698556,0.5,0.6419615254539711,1795,0.2738367658276125,1.0,1
"iteration_4","SCOPE_DATA_COLLECTION",1100,51,3130.0,3190.0,1,6485,4536,1567,6600,4662,1493,6472,4520,1542,10,20,15,0.0015427337241592102,0.004405286343612335,0.009633911368015413,0.3312396267786091,0.6600456133728827,1.0977752135370946,0.6624792535572182,0.6600456133728827,0.7318501423580631,0.2830655129789864,0.36880530973451325,0.39040207522697795,100.0,100.0,4920,7247,421,38,7,0,0.007723577235772358,9.659169311439217E-4,0.0,0.9500000000000001,0.8,0.4,0.5,90.0,50.0,20.0,0.9500000000000001,0.9,0.4,0.6000000000000001,80.0,40.0,20.0,4742,4707,35,4742,0.007380851961197807,0.6643183879923277,1.0,0.6643183879923277,1757,0.37327384746122794,1.0,1
"iteration_4","SCOPE_DATA_COLLECTION",1100,51,3130.0,3190.0,2,6485,4536,1567,6600,4662,1493,6472,4520,1542,10,20,15,0.0015427337241592102,0.004405286343612335,0.009633911368015413,0.3312396267786091,0.6600456133728827,1.0977752135370946,0.6624792535572182,0.6600456133728827,0.7318501423580631,0.2830655129789864,0.36880530973451325,0.39040207522697795,100.0,100.0,4920,7247,421,38,7,0,0.007723577235772358,9.659169311439217E-4,0.0,0.9500000000000001,0.8,0.4,0.5,90.0,50.0,20.0,0.9500000000000001,0.9,0.4,0.6000000000000001,80.0,40.0,20.0,1613,1583,30,1613,0.018598884066955982,1.0695603972523793,1.5,0.7130402648349196,580,0.3663929248262792,1.0,1
"iteration_4","SCOPE_DATA_COLLECTION",1100,52,3190.0,3250.0,0,6585,4742,1613,6485,4536,1567,6573,4704,1589,31,35,30,0.00469412477286493,0.007385524372230428,0.01852995676343422,0.32143926620300234,0.66636907188141,1.0760321128948032,0.6428785324060047,0.66636907188141,0.7173547419298688,0.27415183325726455,0.375,0.3694147262429201,97.5,100.0,5021,7548,371,85,11,0,0.01692889862577176,0.0014573396926338103,0.0,0.9500000000000001,0.9,0.4,0.6000000000000001,80.0,40.0,20.0,0.9500000000000001,0.9,0.30000000000000004,0.6000000000000001,80.0,50.0,20.0,6642,6624,18,6642,0.0027100271002710027,0.32028940674507994,0.5,0.6405788134901599,1824,0.2753623188405797,1.0,1
"iteration_4","SCOPE_DATA_COLLECTION",1100,52,3190.0,3250.0,1,6585,4742,1613,6485,4536,1567,6573,4704,1589,31,35,30,0.00469412477286493,0.007385524372230428,0.01852995676343422,0.32143926620300234,0.66636907188141,1.0760321128948032,0.6428785324060047,0.66636907188141,0.7173547419298688,0.27415183325726455,0.375,0.3694147262429201,97.5,100.0,5021,7548,371,85,11,0,0.01692889862577176,0.0014573396926338103,0.0,0.9500000000000001,0.9,0.4,0.6000000000000001,80.0,40.0,20.0,0.9500000000000001,0.9,0.30000000000000004,0.6000000000000001,80.0,50.0,20.0,4601,4585,16,4601,0.003477504890241252,0.6328269661948259,1.0,0.6328269661948259,1669,0.3640130861504907,1.0,1
"iteration_4","SCOPE_DATA_COLLECTION",1100,52,3190.0,3250.0,2,6585,4742,1613,6485,4536,1567,6573,4704,1589,31,35,30,0.00469412477286493,0.007385524372230428,0.01852995676343422,0.32143926620300234,0.66636907188141,1.0760321128948032,0.6428785324060047,0.66636907188141,0.7173547419298688,0.27415183325726455,0.375,0.3694147262429201,97.5,100.0,5021,7548,371,85,11,0,0.01692889862577176,0.0014573396926338103,0.0,0.9500000000000001,0.9,0.4,0.6000000000000001,80.0,40.0,20.0,0.9500000000000001,0.9,0.30000000000000004,0.6000000000000001,80.0,50.0,20.0,1512,1486,26,1512,0.017195767195767195,1.0746954584312844,1.5,0.7164636389541896,559,0.37617765814266485,1.0,1
"iteration_4","SCOPE_DATA_COLLECTION",1100,53,3250.0,3310.0,0,6642,4601,1512,6585,4742,1613,6610,4589,1488,18,16,25,0.002715751357875679,0.003474484256243214,0.016523463317911435,0.3198015720022338,0.6305109182995585,1.0719102743621176,0.6396031440044676,0.6305109182995585,0.7146068495747451,0.27443267776096825,0.36238831989540204,0.375,97.5,100.0,5014,7342,399,51,8,0,0.010171519744714799,0.001089621356578589,0.0,0.9500000000000001,0.9,0.30000000000000004,0.6000000000000001,80.0,50.0,20.0,0.9500000000000001,0.9,0.4,0.6000000000000001,90.0,50.0,30.0,6665,6640,25,6665,0.0037509377344336083,0.31536568524022257,0.5,0.6307313704804451,1779,0.26792168674698796,1.0,1
"iteration_4","SCOPE_DATA_COLLECTION",1100,53,3250.0,3310.0,1,6642,4601,1512,6585,4742,1613,6610,4589,1488,18,16,25,0.002715751357875679,0.003474484256243214,0.016523463317911435,0.3198015720022338,0.6305109182995585,1.0719102743621176,0.6396031440044676,0.6305109182995585,0.7146068495747451,0.27443267776096825,0.36238831989540204,0.375,97.5,100.0,5014,7342,399,51,8,0,0.010171519744714799,0.001089621356578589,0.0,0.9500000000000001,0.9,0.30000000000000004,0.6000000000000001,80.0,50.0,20.0,0.9500000000000001,0.9,0.4,0.6000000000000001,90.0,50.0,30.0,4601,4579,22,4601,0.004781569224081721,0.621115483618549,1.0,0.621115483618549,1568,0.34243284559947584,1.0,1
"iteration_4","SCOPE_DATA_COLLECTION",1100,53,3250.0,3310.0,2,6642,4601,1512,6585,4742,1613,6610,4589,1488,18,16,25,0.002715751357875679,0.003474484256243214,0.016523463317911435,0.3198015720022338,0.6305109182995585,1.0719102743621176,0.6396031440044676,0.6305109182995585,0.7146068495747451,0.27443267776096825,0.36238831989540204,0.375,97.5,100.0,5014,7342,399,51,8,0,0.010171519744714799,0.001089621356578589,0.0,0.9500000000000001,0.9,0.30000000000000004,0.6000000000000001,80.0,50.0,20.0,0.9500000000000001,0.9,0.4,0.6000000000000001,90.0,50.0,30.0,1582,1557,25,1582,0.01580278128950695,1.0949664450256096,1.5,0.729977630017073,607,0.38985228002569045,1.0,1
"iteration_4","SCOPE_DATA_COLLECTION",1100,54,3310.0,3370.0,0,6665,4601,1582,6642,4601,1512,6646,4578,1554,25,22,26,0.003747564083345825,0.004782608695652174,0.016455696202531647,0.3149848562282173,0.6234685812320375,1.0868860240618767,0.6299697124564346,0.6234685812320375,0.7245906827079178,0.26828167318687934,0.3435998252512014,0.38674388674388677,100.0,100.0,4912,7552,384,63,10,0,0.012825732899022802,0.0013241525423728813,0.0,0.9500000000000001,0.9,0.4,0.6000000000000001,90.0,50.0,30.0,0.9500000000000001,0.8,0.5,0.5,80.0,40.0,30.0,6684,6668,16,6684,0.0023937761819269898,0.3203707227402715,0.5,0.640741445480543,1807,0.27099580083983205,1.0,1
"iteration_4","SCOPE_DATA_COLLECTION",1100,54,3310.0,3370.0,1,6665,4601,1582,6642,4601,1512,6646,4578,1554,25,22,26,0.003747564083345825,0.004782608695652174,0.016455696202531647,0.3149848562282173,0.6234685812320375,1.0868860240618767,0.6299697124564346,0.6234685812320375,0.7245906827079178,0.26828167318687934,0.3435998252512014,0.38674388674388677,100.0,100.0,4912,7552,384,63,10,0,0.012825732899022802,0.0013241525423728813,0.0,0.9500000000000001,0.9,0.4,0.6000000000000001,90.0,50.0,30.0,0.9500000000000001,0.8,0.5,0.5,80.0,40.0,30.0,4596,4565,31,4596,0.006744995648389904,0.6294161605349321,1.0,0.6294161605349321,1602,0.35093099671412925,1.0,1
"iteration_4","SCOPE_DATA_COLLECTION",1100,54,3310.0,3370.0,2,6665,4601,1582,6642,4601,1512,6646,4578,1554,25,22,26,0.003747564083345825,0.004782608695652174,0.016455696202531647,0.3149848562282173,0.6234685812320375,1.0868860240618767,0.6299697124564346,0.6234685812320375,0.7245906827079178,0.26828167318687934,0.3435998252512014,0.38674388674388677,100.0,100.0,4912,7552,384,63,10,0,0.012825732899022802,0.0013241525423728813,0.0,0.9500000000000001,0.9,0.4,0.6000000000000001,90.0,50.0,30.0,0.9500000000000001,0.8,0.5,0.5,80.0,40.0,30.0,1538,1510,28,1538,0.018205461638491547,1.1007039059315977,1.5,0.7338026039543984,591,0.3913907284768212,1.0,1
"iteration_4","SCOPE_DATA_COLLECTION",1100,55,3370.0,3430.0,0,6684,4596,1538,6665,4601,1582,6669,4575,1510,16,31,28,0.002393418100224383,0.006730351715154147,0.018205461638491547,0.32069989792661063,0.6291284272639585,1.1040963205265102,0.6413997958532213,0.6291284272639585,0.7360642136843402,0.2703553756185335,0.3503825136612022,0.3920529801324503,100.0,100.0,4986,7449,383,70,5,0,0.014039310068190935,6.712310377231843E-4,0.0,0.9500000000000001,0.8,0.5,0.5,80.0,40.0,30.0,0.8500000000000001,0.9,0.6000000000000001,0.6000000000000001,80.0,40.0,30.0,6614,6597,17,6614,0.0025703054127608105,0.322468712536012,0.5,0.644937425072024,1877,0.28452326815219037,1.0,1
"iteration_4","SCOPE_DATA_COLLECTION",1100,55,3370.0,3430.0,1,6684,4596,1538,6665,4601,1582,6669,4575,1510,16,31,28,0.002393418100224383,0.006730351715154147,0.018205461638491547,0.32069989792661063,0.6291284272639585,1.1040963205265102,0.6413997958532213,0.6291284272639585,0.7360642136843402,0.2703553756185335,0.3503825136612022,0.3920529801324503,100.0,100.0,4986,7449,383,70,5,0,0.014039310068190935,6.712310377231843E-4,0.0,0.9500000000000001,0.8,0.5,0.5,80.0,40.0,30.0,0.8500000000000001,0.9,0.6000000000000001,0.6000000000000001,80.0,40.0,30.0,4559,4534,25,4559,0.005483658697082693,0.6392252501239307,1.0,0.6392252501239307,1610,0.3550948389942655,1.0,1
"iteration_4","SCOPE_DATA_COLLECTION",1100,55,3370.0,3430.0,2,6684,4596,1538,6665,4601,1582,6669,4575,1510,16,31,28,0.002393418100224383,0.006730351715154147,0.018205461638491547,0.32069989792661063,0.6291284272639585,1.1040963205265102,0.6413997958532213,0.6291284272639585,0.7360642136843402,0.2703553756185335,0.3503825136612022,0.3920529801324503,100.0,100.0,4986,7449,383,70,5,0,0.014039310068190935,6.712310377231843E-4,0.0,0.9500000000000001,0.8,0.5,0.5,80.0,40.0,30.0,0.8500000000000001,0.9,0.6000000000000001,0.6000000000000001,80.0,40.0,30.0,1575,1540,35,1575,0.022222222222222223,1.077775621613999,1.5,0.7185170810759994,590,0.38311688311688313,1.0,1
"iteration_4","SCOPE_DATA_COLLECTION",1100,56,3430.0,3490.0,0,6614,4559,1575,6684,4596,1538,6600,4535,1526,17,25,35,0.0025691400936980503,0.005482456140350877,0.02242152466367713,0.3224436876124517,0.6405347739188472,1.0788817485643118,0.6448873752249034,0.6405347739188472,0.7192544990428745,0.28515151515151516,0.3572216097023153,0.3840104849279161,100.0,100.0,5023,6531,1194,72,5,0,0.014334063308779614,7.65579543714592E-4,0.0,0.8500000000000001,0.9,0.6000000000000001,0.6000000000000001,80.0,40.0,30.0,0.7000000000000001,0.5,0.4,0.1,90.0,50.0,90.0,6579,6566,13,6579,0.001975984192126463,0.29926514276528143,0.5,0.5985302855305629,1748,0.26621992080414253,1.0,1
"iteration_4","SCOPE_DATA_COLLECTION",1100,56,3430.0,3490.0,1,6614,4559,1575,6684,4596,1538,6600,4535,1526,17,25,35,0.0025691400936980503,0.005482456140350877,0.02242152466367713,0.3224436876124517,0.6405347739188472,1.0788817485643118,0.6448873752249034,0.6405347739188472,0.7192544990428745,0.28515151515151516,0.3572216097023153,0.3840104849279161,100.0,100.0,5023,6531,1194,72,5,0,0.014334063308779614,7.65579543714592E-4,0.0,0.8500000000000001,0.9,0.6000000000000001,0.6000000000000001,80.0,40.0,30.0,0.7000000000000001,0.5,0.4,0.1,90.0,50.0,90.0,4544,4524,20,4544,0.0044014084507042256,0.61464655071567,1.0,0.61464655071567,1607,0.3552166224580018,1.0,1
"iteration_4","SCOPE_DATA_COLLECTION",1100,56,3430.0,3490.0,2,6614,4559,1575,6684,4596,1538,6600,4535,1526,17,25,35,0.0025691400936980503,0.005482456140350877,0.02242152466367713,0.3224436876124517,0.6405347739188472,1.0788817485643118,0.6448873752249034,0.6405347739188472,0.7192544990428745,0.28515151515151516,0.3572216097023153,0.3840104849279161,100.0,100.0,5023,6531,1194,72,5,0,0.014334063308779614,7.65579543714592E-4,0.0,0.8500000000000001,0.9,0.6000000000000001,0.6000000000000001,80.0,40.0,30.0,0.7000000000000001,0.5,0.4,0.1,90.0,50.0,90.0,1531,1521,10,1531,0.006531678641410843,1.047121934997372,1.5,0.6980812899982479,592,0.3892176199868508,1.0,1
"iteration_4","SCOPE_DATA_COLLECTION",1100,57,3490.0,3550.0,0,6579,4544,1531,6614,4559,1575,6539,4516,1536,13,20,10,0.001984126984126984,0.004409171075837742,0.00646830530401035,0.29895613043187264,0.6123063641311921,1.0543911512296136,0.5979122608637453,0.6123063641311921,0.7029274341530757,0.2659428047102003,0.3525243578387954,0.3919270833333333,100.0,100.0,4864,5453,2337,26,4,13,0.005345394736842105,7.335411699981661E-4,0.005562687205819427,0.7000000000000001,0.5,0.4,0.1,90.0,50.0,90.0,0.7000000000000001,0.6000000000000001,0.30000000000000004,0.1,80.0,50.0,90.0,6614,6605,9,6614,0.001360749924402782,0.299038144397105,0.5,0.59807628879421,1791,0.2711582134746404,1.0,1
"iteration_4","SCOPE_DATA_COLLECTION",1100,57,3490.0,3550.0,1,6579,4544,1531,6614,4559,1575,6539,4516,1536,13,20,10,0.001984126984126984,0.004409171075837742,0.00646830530401035,0.29895613043187264,0.6123063641311921,1.0543911512296136,0.5979122608637453,0.6123063641311921,0.7029274341530757,0.2659428047102003,0.3525243578387954,0.3919270833333333,100.0,100.0,4864,5453,2337,26,4,13,0.005345394736842105,7.335411699981661E-4,0.005562687205819427,0.7000000000000001,0.5,0.4,0.1,90.0,50.0,90.0,0.7000000000000001,0.6000000000000001,0.30000000000000004,0.1,80.0,50.0,90.0,4474,4468,6,4474,0.0013410818059901655,0.6187935055025302,1.0,0.6187935055025302,1583,0.35429722470904207,1.0,1
"iteration_4","SCOPE_DATA_COLLECTION",1100,57,3490.0,3550.0,2,6579,4544,1531,6614,4559,1575,6539,4516,1536,13,20,10,0.001984126984126984,0.004409171075837742,0.00646830530401035,0.29895613043187264,0.6123063641311921,1.0543911512296136,0.5979122608637453,0.6123063641311921,0.7029274341530757,0.2659428047102003,0.3525243578387954,0.3919270833333333,100.0,100.0,4864,5453,2337,26,4,13,0.005345394736842105,7.335411699981661E-4,0.005562687205819427,0.7000000000000001,0.5,0.4,0.1,90.0,50.0,90.0,0.7000000000000001,0.6000000000000001,0.30000000000000004,0.1,80.0,50.0,90.0,1597,1590,7,1597,0.004383218534752661,1.031671935619834,1.5,0.6877812904132227,601,0.3779874213836478,1.0,1
"iteration_4","SCOPE_DATA_COLLECTION",1100,58,3550.0,3618.7410958203395,0,6614,4474,1597,6579,4544,1531,6626,4469,1579,9,6,7,0.0013564431047475508,0.001340782122905028,0.004413619167717529,0.29938792488413196,0.6178768201079404,1.0232425974657258,0.5987758497682639,0.6178768201079404,0.6821617316438172,0.2706006640507093,0.3539941821436563,0.3742875237492084,100.0,100.0,4816,5417,2452,16,6,0,0.0033222591362126247,0.0011076241462063873,0.0,0.7000000000000001,0.6000000000000001,0.30000000000000004,0.1,80.0,50.0,90.0,0.7000000000000001,0.6000000000000001,0.30000000000000004,0.1,80.0,50.0,90.0,5389,5356,3,5359,5.598059339428998E-4,0.29121867711898863,0.5,0.5824373542379773,1375,0.2567214339058999,0.9944331044720728,0
"iteration_4","SCOPE_DATA_COLLECTION",1100,58,3550.0,3618.7410958203395,1,6614,4474,1597,6579,4544,1531,6626,4469,1579,9,6,7,0.0013564431047475508,0.001340782122905028,0.004413619167717529,0.29938792488413196,0.6178768201079404,1.0232425974657258,0.5987758497682639,0.6178768201079404,0.6821617316438172,0.2706006640507093,0.3539941821436563,0.3742875237492084,100.0,100.0,4816,5417,2452,16,6,0,0.0033222591362126247,0.0011076241462063873,0.0,0.7000000000000001,0.6000000000000001,0.30000000000000004,0.1,80.0,50.0,90.0,0.7000000000000001,0.6000000000000001,0.30000000000000004,0.1,80.0,50.0,90.0,3935,3876,13,3889,0.003342761635381846,0.6124682360575722,1.0,0.6124682360575722,1369,0.35319917440660475,0.988310038119441,0
"iteration_4","SCOPE_DATA_COLLECTION",1100,58,3550.0,3618.7410958203395,2,6614,4474,1597,6579,4544,1531,6626,4469,1579,9,6,7,0.0013564431047475508,0.001340782122905028,0.004413619167717529,0.29938792488413196,0.6178768201079404,1.0232425974657258,0.5987758497682639,0.6178768201079404,0.6821617316438172,0.2706006640507093,0.3539941821436563,0.3742875237492084,100.0,100.0,4816,5417,2452,16,6,0,0.0033222591362126247,0.0011076241462063873,0.0,0.7000000000000001,0.6000000000000001,0.30000000000000004,0.1,80.0,50.0,90.0,0.7000000000000001,0.6000000000000001,0.30000000000000004,0.1,80.0,50.0,90.0,1269,1232,7,1239,0.005649717514124294,1.0157457993192556,1.5,0.6771638662128371,455,0.3693181818181818,0.9763593380614657,0
"iteration_4","SCOPE_DATA_COLLECTION",1200,0,70.0,130.0,0,6925,4204,1574,0,0,0,6824,4109,1505,63,50,30,0.00914766952228837,0.012022120702091849,0.019543973941368076,0.31083373518773916,0.6420005899013641,1.0644948681904136,0.6216674703754783,0.6420005899013641,0.7096632454602757,0.26260257913247365,0.3543441226575809,0.373421926910299,100.0,100.0,4896,4663,3144,56,2,85,0.011437908496732025,4.289084280506112E-4,0.02703562340966921,0.6,0.5,0.7,0.4,85.0,80.0,90.0,0.1,0.8,0.1,0.9,60.0,25.0,65.0,7582,3439,4143,7582,0.5464257451859668,0.5768503696215643,0.5,1.1537007392431287,2126,0.6182029659784821,1.0,1
"iteration_4","SCOPE_DATA_COLLECTION",1200,0,70.0,130.0,1,6925,4204,1574,0,0,0,6824,4109,1505,63,50,30,0.00914766952228837,0.012022120702091849,0.019543973941368076,0.31083373518773916,0.6420005899013641,1.0644948681904136,0.6216674703754783,0.6420005899013641,0.7096632454602757,0.26260257913247365,0.3543441226575809,0.373421926910299,100.0,100.0,4896,4663,3144,56,2,85,0.011437908496732025,4.289084280506112E-4,0.02703562340966921,0.6,0.5,0.7,0.4,85.0,80.0,90.0,0.1,0.8,0.1,0.9,60.0,25.0,65.0,4781,2131,2650,4781,0.5542773478351809,1.042079698999425,1.0,1.042079698999425,1589,0.7456593148756452,1.0,1
"iteration_4","SCOPE_DATA_COLLECTION",1200,0,70.0,130.0,2,6925,4204,1574,0,0,0,6824,4109,1505,63,50,30,0.00914766952228837,0.012022120702091849,0.019543973941368076,0.31083373518773916,0.6420005899013641,1.0644948681904136,0.6216674703754783,0.6420005899013641,0.7096632454602757,0.26260257913247365,0.3543441226575809,0.373421926910299,100.0,100.0,4896,4663,3144,56,2,85,0.011437908496732025,4.289084280506112E-4,0.02703562340966921,0.6,0.5,0.7,0.4,85.0,80.0,90.0,0.1,0.8,0.1,0.9,60.0,25.0,65.0,1745,763,982,1745,0.5627507163323783,1.8343925924026423,1.5,1.2229283949350949,593,0.7771952817824378,1.0,1
"iteration_4","SCOPE_DATA_COLLECTION",1200,1,130.0,190.0,0,7582,4781,1745,6925,4204,1574,3449,2129,780,4143,2650,982,0.5457060063224447,0.5545093115714584,0.5573212258796821,0.5732425741272065,1.0373843783405663,1.8170366288542648,1.146485148254413,1.0373843783405663,1.2113577525695098,0.6143809799942013,0.7416627524659465,0.767948717948718,100.0,100.0,5119,930,8059,62,0,7713,0.012111740574330924,0.0,0.9570666335773669,0.1,0.8,0.1,0.9,60.0,25.0,65.0,0.15000000000000002,0.9,0.5,0.2,70.0,70.0,30.0,7738,3956,3782,7738,0.4887567846988886,0.5295707249047334,0.5,1.059141449809467,2201,0.5563700707785642,1.0,1
"iteration_4","SCOPE_DATA_COLLECTION",1200,1,130.0,190.0,1,7582,4781,1745,6925,4204,1574,3449,2129,780,4143,2650,982,0.5457060063224447,0.5545093115714584,0.5573212258796821,0.5732425741272065,1.0373843783405663,1.8170366288542648,1.146485148254413,1.0373843783405663,1.2113577525695098,0.6143809799942013,0.7416627524659465,0.767948717948718,100.0,100.0,5119,930,8059,62,0,7713,0.012111740574330924,0.0,0.9570666335773669,0.1,0.8,0.1,0.9,60.0,25.0,65.0,0.15000000000000002,0.9,0.5,0.2,70.0,70.0,30.0,4513,2316,2197,4513,0.4868158652780855,1.0662633263919423,1.0,1.0662633263919423,1583,0.6835060449050087,1.0,1
"iteration_4","SCOPE_DATA_COLLECTION",1200,1,130.0,190.0,2,7582,4781,1745,6925,4204,1574,3449,2129,780,4143,2650,982,0.5457060063224447,0.5545093115714584,0.5573212258796821,0.5732425741272065,1.0373843783405663,1.8170366288542648,1.146485148254413,1.0373843783405663,1.2113577525695098,0.6143809799942013,0.7416627524659465,0.767948717948718,100.0,100.0,5119,930,8059,62,0,7713,0.012111740574330924,0.0,0.9570666335773669,0.1,0.8,0.1,0.9,60.0,25.0,65.0,0.15000000000000002,0.9,0.5,0.2,70.0,70.0,30.0,1746,872,874,1746,0.5005727376861397,1.6989328964156902,1.5,1.1326219309437935,626,0.7178899082568807,1.0,1
"iteration_4","SCOPE_DATA_COLLECTION",1200,2,190.0,250.0,0,7738,4513,1746,7582,4781,1745,3965,2333,867,3782,2197,874,0.4881889763779528,0.4849889624724062,0.5020103388856979,0.5304847433760825,1.0634963271544025,1.695145237095696,1.060969486752165,1.0634963271544025,1.1300968247304641,0.5566204287515762,0.6832404629232748,0.7151095732410612,100.0,100.0,5118,1339,7540,61,1,6791,0.011918718249316139,7.468259895444362E-4,0.9006631299734748,0.15000000000000002,0.9,0.5,0.2,70.0,70.0,30.0,0.05,0.9,0.5,0.1,80.0,60.0,20.0,7733,3077,4656,7733,0.6020949178843916,0.6254016375226338,0.5,1.2508032750452676,2139,0.6951576210594735,1.0,1
"iteration_4","SCOPE_DATA_COLLECTION",1200,2,190.0,250.0,1,7738,4513,1746,7582,4781,1745,3965,2333,867,3782,2197,874,0.4881889763779528,0.4849889624724062,0.5020103388856979,0.5304847433760825,1.0634963271544025,1.695145237095696,1.060969486752165,1.0634963271544025,1.1300968247304641,0.5566204287515762,0.6832404629232748,0.7151095732410612,100.0,100.0,5118,1339,7540,61,1,6791,0.011918718249316139,7.468259895444362E-4,0.9006631299734748,0.15000000000000002,0.9,0.5,0.2,70.0,70.0,30.0,0.05,0.9,0.5,0.1,80.0,60.0,20.0,4622,1853,2769,4622,0.5990913024664647,1.270540555153198,1.0,1.270540555153198,1613,0.8704803022126282,1.0,1
"iteration_4","SCOPE_DATA_COLLECTION",1200,2,190.0,250.0,2,7738,4513,1746,7582,4781,1745,3965,2333,867,3782,2197,874,0.4881889763779528,0.4849889624724062,0.5020103388856979,0.5304847433760825,1.0634963271544025,1.695145237095696,1.060969486752165,1.0634963271544025,1.1300968247304641,0.5566204287515762,0.6832404629232748,0.7151095732410612,100.0,100.0,5118,1339,7540,61,1,6791,0.011918718249316139,7.468259895444362E-4,0.9006631299734748,0.15000000000000002,0.9,0.5,0.2,70.0,70.0,30.0,0.05,0.9,0.5,0.1,80.0,60.0,20.0,1729,652,1077,1729,0.6229034123770966,1.9874902748003933,1.5,1.3249935165335955,587,0.9003067484662577,1.0,1
"iteration_4","SCOPE_DATA_COLLECTION",1200,3,250.0,310.0,0,7733,4622,1729,7738,4513,1746,3056,1839,653,4656,2769,1077,0.6037344398340249,0.6009114583333334,0.6225433526011561,0.6228942605883168,1.2687729631392193,1.9843309466952892,1.2457885211766335,1.2687729631392193,1.3228872977968595,0.6933900523560209,0.8694942903752039,0.900459418070444,100.0,100.0,5156,462,8466,35,1,8466,0.0067882079131109385,0.0021645021645021645,1.0,0.05,0.9,0.5,0.1,80.0,60.0,20.0,0.9500000000000001,0.2,0.8,0.9,60.0,25.0,45.0,7694,7684,10,7694,0.0012997140629061607,0.30744155296923653,0.5,0.6148831059384731,1943,0.2528630921395107,1.0,1
"iteration_4","SCOPE_DATA_COLLECTION",1200,3,250.0,310.0,1,7733,4622,1729,7738,4513,1746,3056,1839,653,4656,2769,1077,0.6037344398340249,0.6009114583333334,0.6225433526011561,0.6228942605883168,1.2687729631392193,1.9843309466952892,1.2457885211766335,1.2687729631392193,1.3228872977968595,0.6933900523560209,0.8694942903752039,0.900459418070444,100.0,100.0,5156,462,8466,35,1,8466,0.0067882079131109385,0.0021645021645021645,1.0,0.05,0.9,0.5,0.1,80.0,60.0,20.0,0.9500000000000001,0.2,0.8,0.9,60.0,25.0,45.0,4688,4660,28,4688,0.005972696245733789,0.6672913730751927,1.0,0.6672913730751927,1662,0.35665236051502147,1.0,1
"iteration_4","SCOPE_DATA_COLLECTION",1200,3,250.0,310.0,2,7733,4622,1729,7738,4513,1746,3056,1839,653,4656,2769,1077,0.6037344398340249,0.6009114583333334,0.6225433526011561,0.6228942605883168,1.2687729631392193,1.9843309466952892,1.2457885211766335,1.2687729631392193,1.3228872977968595,0.6933900523560209,0.8694942903752039,0.900459418070444,100.0,100.0,5156,462,8466,35,1,8466,0.0067882079131109385,0.0021645021645021645,1.0,0.05,0.9,0.5,0.1,80.0,60.0,20.0,0.9500000000000001,0.2,0.8,0.9,60.0,25.0,45.0,1723,1688,35,1723,0.020313406848520024,1.0663676684113166,1.5,0.7109117789408778,611,0.36196682464454977,1.0,1
"iteration_4","SCOPE_DATA_COLLECTION",1200,4,310.0,370.0,0,7694,4688,1723,7733,4622,1729,7696,4662,1687,10,27,35,0.0012976901116013497,0.005758157389635317,0.02032520325203252,0.3095848958495985,0.6718609199579717,1.0702458838974314,0.619169791699197,0.6718609199579717,0.7134972559316209,0.25584719334719336,0.3595023595023595,0.3645524599881446,97.5,100.0,5215,8450,440,58,10,4,0.01112176414189837,0.001183431952662722,0.00909090909090909,0.9500000000000001,0.2,0.8,0.9,60.0,25.0,45.0,0.4,0.7000000000000001,0.9,0.4,45.0,80.0,60.0,7637,5694,1943,7637,0.25441927458426083,0.4811766337771364,0.5,0.9623532675542728,2457,0.4315068493150685,1.0,1
"iteration_4","SCOPE_DATA_COLLECTION",1200,4,310.0,370.0,1,7694,4688,1723,7733,4622,1729,7696,4662,1687,10,27,35,0.0012976901116013497,0.005758157389635317,0.02032520325203252,0.3095848958495985,0.6718609199579717,1.0702458838974314,0.619169791699197,0.6718609199579717,0.7134972559316209,0.25584719334719336,0.3595023595023595,0.3645524599881446,97.5,100.0,5215,8450,440,58,10,4,0.01112176414189837,0.001183431952662722,0.00909090909090909,0.9500000000000001,0.2,0.8,0.9,60.0,25.0,45.0,0.4,0.7000000000000001,0.9,0.4,45.0,80.0,60.0,4670,3468,1202,4670,0.25738758029978587,0.8918263232904086,1.0,0.8918263232904086,1744,0.5028835063437139,1.0,1
"iteration_4","SCOPE_DATA_COLLECTION",1200,4,310.0,370.0,2,7694,4688,1723,7733,4622,1729,7696,4662,1687,10,27,35,0.0012976901116013497,0.005758157389635317,0.02032520325203252,0.3095848958495985,0.6718609199579717,1.0702458838974314,0.619169791699197,0.6718609199579717,0.7134972559316209,0.25584719334719336,0.3595023595023595,0.3645524599881446,97.5,100.0,5215,8450,440,58,10,4,0.01112176414189837,0.001183431952662722,0.00909090909090909,0.9500000000000001,0.2,0.8,0.9,60.0,25.0,45.0,0.4,0.7000000000000001,0.9,0.4,45.0,80.0,60.0,1732,1191,541,1732,0.3123556581986143,1.3863514120224996,1.5,0.9242342746816664,605,0.5079764903442485,1.0,1
"iteration_4","SCOPE_DATA_COLLECTION",1200,5,370.0,430.0,0,7637,4670,1732,7694,4688,1723,5668,3452,1188,1943,1203,541,0.25528839837077916,0.25843179377013964,0.31289762868710236,0.4790714322425567,0.8866920587506427,1.3885495487788995,0.9581428644851134,0.8866920587506427,0.925699699185933,0.42766407904022585,0.5017381228273464,0.5092592592592593,100.0,100.0,5186,3565,5288,76,5,3606,0.014654839953721558,0.001402524544179523,0.6819213313161876,0.4,0.7000000000000001,0.9,0.4,45.0,80.0,60.0,0.4,0.7000000000000001,0.9,0.4,45.0,80.0,60.0,7741,5561,2180,7741,0.28161736209792015,0.4725602384676493,0.5,0.9451204769352985,2343,0.4213270994425463,1.0,1
"iteration_4","SCOPE_DATA_COLLECTION",1200,5,370.0,430.0,1,7637,4670,1732,7694,4688,1723,5668,3452,1188,1943,1203,541,0.25528839837077916,0.25843179377013964,0.31289762868710236,0.4790714322425567,0.8866920587506427,1.3885495487788995,0.9581428644851134,0.8866920587506427,0.925699699185933,0.42766407904022585,0.5017381228273464,0.5092592592592593,100.0,100.0,5186,3565,5288,76,5,3606,0.014654839953721558,0.001402524544179523,0.6819213313161876,0.4,0.7000000000000001,0.9,0.4,45.0,80.0,60.0,0.4,0.7000000000000001,0.9,0.4,45.0,80.0,60.0,4631,3323,1308,4631,0.2824443964586482,0.887782907874667,1.0,0.887782907874667,1716,0.5164008426120975,1.0,1
"iteration_4","SCOPE_DATA_COLLECTION",1200,5,370.0,430.0,2,7637,4670,1732,7694,4688,1723,5668,3452,1188,1943,1203,541,0.25528839837077916,0.25843179377013964,0.31289762868710236,0.4790714322425567,0.8866920587506427,1.3885495487788995,0.9581428644851134,0.8866920587506427,0.925699699185933,0.42766407904022585,0.5017381228273464,0.5092592592592593,100.0,100.0,5186,3565,5288,76,5,3606,0.014654839953721558,0.001402524544179523,0.6819213313161876,0.4,0.7000000000000001,0.9,0.4,45.0,80.0,60.0,0.4,0.7000000000000001,0.9,0.4,45.0,80.0,60.0,1715,1183,532,1715,0.31020408163265306,1.4098859501880174,1.5,0.9399239667920116,631,0.5333896872358411,1.0,1
"iteration_4","SCOPE_DATA_COLLECTION",1200,6,430.0,490.0,0,7741,4631,1715,7637,4670,1732,5572,3342,1190,2136,1280,517,0.27711468604047745,0.2769363911726525,0.3028705330990041,0.46272787744392063,0.8909488844261251,1.4084687975923926,0.9254557548878413,0.8909488844261251,0.9389791983949284,0.4221105527638191,0.5158587672052664,0.5319327731092437,100.0,100.0,5152,3550,5385,83,2,3848,0.016110248447204968,5.633802816901409E-4,0.714577530176416,0.4,0.7000000000000001,0.9,0.4,45.0,80.0,60.0,0.4,0.7000000000000001,0.9,0.4,45.0,80.0,60.0,7730,5761,1969,7730,0.25472186287192755,0.458220461207658,0.5,0.916440922415316,2392,0.4152056934559972,1.0,1
"iteration_4","SCOPE_DATA_COLLECTION",1200,6,430.0,490.0,1,7741,4631,1715,7637,4670,1732,5572,3342,1190,2136,1280,517,0.27711468604047745,0.2769363911726525,0.3028705330990041,0.46272787744392063,0.8909488844261251,1.4084687975923926,0.9254557548878413,0.8909488844261251,0.9389791983949284,0.4221105527638191,0.5158587672052664,0.5319327731092437,100.0,100.0,5152,3550,5385,83,2,3848,0.016110248447204968,5.633802816901409E-4,0.714577530176416,0.4,0.7000000000000001,0.9,0.4,45.0,80.0,60.0,0.4,0.7000000000000001,0.9,0.4,45.0,80.0,60.0,4754,3518,1236,4754,0.25999158603281447,0.8378511085018522,1.0,0.8378511085018522,1668,0.47413303013075614,1.0,1
"iteration_4","SCOPE_DATA_COLLECTION",1200,6,430.0,490.0,2,7741,4631,1715,7637,4670,1732,5572,3342,1190,2136,1280,517,0.27711468604047745,0.2769363911726525,0.3028705330990041,0.46272787744392063,0.8909488844261251,1.4084687975923926,0.9254557548878413,0.8909488844261251,0.9389791983949284,0.4221105527638191,0.5158587672052664,0.5319327731092437,100.0,100.0,5152,3550,5385,83,2,3848,0.016110248447204968,5.633802816901409E-4,0.714577530176416,0.4,0.7000000000000001,0.9,0.4,45.0,80.0,60.0,0.4,0.7000000000000001,0.9,0.4,45.0,80.0,60.0,1695,1216,479,1695,0.2825958702064897,1.3638670147784664,1.5,0.9092446765189776,613,0.5041118421052632,1.0,1
"iteration_4","SCOPE_DATA_COLLECTION",1200,7,490.0,550.0,0,7730,4754,1695,7741,4631,1715,5755,3525,1210,2013,1264,494,0.259140061791967,0.26393819168928795,0.289906103286385,0.4677234489292028,0.8392286267721099,1.3609936257397024,0.9354468978584056,0.8392286267721099,0.9073290838264683,0.4149435273675065,0.4754609929078014,0.5016528925619834,100.0,100.0,5303,3569,5307,68,0,3703,0.012822930416745239,0.0,0.6977576785377803,0.4,0.7000000000000001,0.9,0.4,45.0,80.0,60.0,0.30000000000000004,0.6000000000000001,0.9,0.4,45.0,80.0,70.0,7660,4274,3386,7660,0.4420365535248042,0.4834256040466988,0.5,0.9668512080933976,2073,0.4850257370145063,1.0,1
"iteration_4","SCOPE_DATA_COLLECTION",1200,7,490.0,550.0,1,7730,4754,1695,7741,4631,1715,5755,3525,1210,2013,1264,494,0.259140061791967,0.26393819168928795,0.289906103286385,0.4677234489292028,0.8392286267721099,1.3609936257397024,0.9354468978584056,0.8392286267721099,0.9073290838264683,0.4149435273675065,0.4754609929078014,0.5016528925619834,100.0,100.0,5303,3569,5307,68,0,3703,0.012822930416745239,0.0,0.6977576785377803,0.4,0.7000000000000001,0.9,0.4,45.0,80.0,60.0,0.30000000000000004,0.6000000000000001,0.9,0.4,45.0,80.0,70.0,4686,2593,2093,4686,0.4466495945369185,1.014101727079926,1.0,1.014101727079926,1652,0.6370998843038951,1.0,1
"iteration_4","SCOPE_DATA_COLLECTION",1200,7,490.0,550.0,2,7730,4754,1695,7741,4631,1715,5755,3525,1210,2013,1264,494,0.259140061791967,0.26393819168928795,0.289906103286385,0.4677234489292028,0.8392286267721099,1.3609936257397024,0.9354468978584056,0.8392286267721099,0.9073290838264683,0.4149435273675065,0.4754609929078014,0.5016528925619834,100.0,100.0,5303,3569,5307,68,0,3703,0.012822930416745239,0.0,0.6977576785377803,0.4,0.7000000000000001,0.9,0.4,45.0,80.0,60.0,0.30000000000000004,0.6000000000000001,0.9,0.4,45.0,80.0,70.0,1780,986,794,1780,0.4460674157303371,1.580074312649204,1.5,1.0533828750994694,622,0.6308316430020284,1.0,1
"iteration_4","SCOPE_DATA_COLLECTION",1200,8,550.0,610.0,0,7660,4686,1780,7730,4754,1695,4281,2586,991,3385,2093,794,0.4415601356639708,0.44731780294934814,0.4448179271708683,0.4843055956427151,1.0112956775063027,1.5793341628498072,0.9686111912854302,1.0112956775063027,1.0528894418998715,0.4863349684653118,0.6353441608662026,0.6316851664984864,100.0,100.0,5168,2674,6284,92,4,6176,0.01780185758513932,0.0014958863126402393,0.9828134945894335,0.30000000000000004,0.6000000000000001,0.9,0.4,45.0,80.0,70.0,0.30000000000000004,0.5,0.9,0.5,35.0,90.0,70.0,7686,4524,3162,7686,0.41139734582357534,0.4804453600761749,0.5,0.9608907201523498,2235,0.49403183023872677,1.0,1
"iteration_4","SCOPE_DATA_COLLECTION",1200,8,550.0,610.0,1,7660,4686,1780,7730,4754,1695,4281,2586,991,3385,2093,794,0.4415601356639708,0.44731780294934814,0.4448179271708683,0.4843055956427151,1.0112956775063027,1.5793341628498072,0.9686111912854302,1.0112956775063027,1.0528894418998715,0.4863349684653118,0.6353441608662026,0.6316851664984864,100.0,100.0,5168,2674,6284,92,4,6176,0.01780185758513932,0.0014958863126402393,0.9828134945894335,0.30000000000000004,0.6000000000000001,0.9,0.4,45.0,80.0,70.0,0.30000000000000004,0.5,0.9,0.5,35.0,90.0,70.0,4605,2679,1926,4605,0.41824104234527687,0.9726945492686252,1.0,0.9726945492686252,1624,0.6061963419186264,1.0,1
"iteration_4","SCOPE_DATA_COLLECTION",1200,8,550.0,610.0,2,7660,4686,1780,7730,4754,1695,4281,2586,991,3385,2093,794,0.4415601356639708,0.44731780294934814,0.4448179271708683,0.4843055956427151,1.0112956775063027,1.5793341628498072,0.9686111912854302,1.0112956775063027,1.0528894418998715,0.4863349684653118,0.6353441608662026,0.6316851664984864,100.0,100.0,5168,2674,6284,92,4,6176,0.01780185758513932,0.0014958863126402393,0.9828134945894335,0.30000000000000004,0.6000000000000001,0.9,0.4,45.0,80.0,70.0,0.30000000000000004,0.5,0.9,0.5,35.0,90.0,70.0,1742,1029,713,1742,0.40929965556831227,1.5557166641636364,1.5,1.0371444427757577,625,0.6073858114674441,1.0,1
"iteration_4","SCOPE_DATA_COLLECTION",1200,9,610.0,670.0,0,7686,4605,1742,7660,4686,1780,4531,2677,1026,3163,1926,713,0.4110995580972186,0.4184227677601564,0.41000575043128235,0.48061163905275095,0.9701759954818402,1.5568325462004011,0.9612232781055019,0.9701759954818402,1.0378883641336007,0.4950342087839329,0.6051550242809115,0.6081871345029239,100.0,100.0,5215,2676,6142,77,4,5721,0.01476510067114094,0.0014947683109118087,0.9314555519374796,0.30000000000000004,0.5,0.9,0.5,35.0,90.0,70.0,0.30000000000000004,0.9,0.6000000000000001,0.4,90.0,75.0,20.0,7656,4396,3260,7656,0.4258098223615465,0.4639866222270313,0.5,0.9279732444540626,2080,0.4731574158325751,1.0,1
"iteration_4","SCOPE_DATA_COLLECTION",1200,9,610.0,670.0,1,7686,4605,1742,7660,4686,1780,4531,2677,1026,3163,1926,713,0.4110995580972186,0.4184227677601564,0.41000575043128235,0.48061163905275095,0.9701759954818402,1.5568325462004011,0.9612232781055019,0.9701759954818402,1.0378883641336007,0.4950342087839329,0.6051550242809115,0.6081871345029239,100.0,100.0,5215,2676,6142,77,4,5721,0.01476510067114094,0.0014947683109118087,0.9314555519374796,0.30000000000000004,0.5,0.9,0.5,35.0,90.0,70.0,0.30000000000000004,0.9,0.6000000000000001,0.4,90.0,75.0,20.0,4726,2653,2073,4726,0.43863732543377065,0.978436000817468,1.0,0.978436000817468,1651,0.6223143611006408,1.0,1
"iteration_4","SCOPE_DATA_COLLECTION",1200,9,610.0,670.0,2,7686,4605,1742,7660,4686,1780,4531,2677,1026,3163,1926,713,0.4110995580972186,0.4184227677601564,0.41000575043128235,0.48061163905275095,0.9701759954818402,1.5568325462004011,0.9612232781055019,0.9701759954818402,1.0378883641336007,0.4950342087839329,0.6051550242809115,0.6081871345029239,100.0,100.0,5215,2676,6142,77,4,5721,0.01476510067114094,0.0014947683109118087,0.9314555519374796,0.30000000000000004,0.5,0.9,0.5,35.0,90.0,70.0,0.30000000000000004,0.9,0.6000000000000001,0.4,90.0,75.0,20.0,1660,892,768,1660,0.46265060240963857,1.5193322797026454,1.5,1.0128881864684303,550,0.6165919282511211,1.0,1
"iteration_4","SCOPE_DATA_COLLECTION",1200,10,670.0,730.0,0,7656,4726,1660,7686,4605,1742,4404,2664,896,3260,2072,768,0.4253653444676409,0.4375,0.46153846153846156,0.4651214087783562,0.9834472396655713,1.5183986243033265,0.9302428175567125,0.9834472396655713,1.012265749535551,0.4743415077202543,0.6238738738738738,0.6149553571428571,100.0,100.0,5221,2609,6212,55,1,6044,0.01053438038689906,3.832886163280951E-4,0.9729555698647778,0.30000000000000004,0.9,0.6000000000000001,0.4,90.0,75.0,20.0,0.2,0.8,0.7000000000000001,0.5,90.0,75.0,20.0,7739,3810,3929,7739,0.5076883318258173,0.5107574783394705,0.5,1.021514956678941,2062,0.5412073490813648,1.0,1
"iteration_4","SCOPE_DATA_COLLECTION",1200,10,670.0,730.0,1,7656,4726,1660,7686,4605,1742,4404,2664,896,3260,2072,768,0.4253653444676409,0.4375,0.46153846153846156,0.4651214087783562,0.9834472396655713,1.5183986243033265,0.9302428175567125,0.9834472396655713,1.012265749535551,0.4743415077202543,0.6238738738738738,0.6149553571428571,100.0,100.0,5221,2609,6212,55,1,6044,0.01053438038689906,3.832886163280951E-4,0.9729555698647778,0.30000000000000004,0.9,0.6000000000000001,0.4,90.0,75.0,20.0,0.2,0.8,0.7000000000000001,0.5,90.0,75.0,20.0,4747,2323,2424,4747,0.5106382978723404,1.0677164784287148,1.0,1.0677164784287148,1619,0.6969436074042187,1.0,1
"iteration_4","SCOPE_DATA_COLLECTION",1200,10,670.0,730.0,2,7656,4726,1660,7686,4605,1742,4404,2664,896,3260,2072,768,0.4253653444676409,0.4375,0.46153846153846156,0.4651214087783562,0.9834472396655713,1.5183986243033265,0.9302428175567125,0.9834472396655713,1.012265749535551,0.4743415077202543,0.6238738738738738,0.6149553571428571,100.0,100.0,5221,2609,6212,55,1,6044,0.01053438038689906,3.832886163280951E-4,0.9729555698647778,0.30000000000000004,0.9,0.6000000000000001,0.4,90.0,75.0,20.0,0.2,0.8,0.7000000000000001,0.5,90.0,75.0,20.0,1751,820,931,1751,0.5316961736150772,1.75178593867663,1.5,1.1678572924510866,600,0.7317073170731707,1.0,1
"iteration_4","SCOPE_DATA_COLLECTION",1200,11,730.0,790.0,0,7739,4747,1751,7656,4726,1660,3811,2304,818,3929,2425,931,0.5076227390180879,0.5127934024106576,0.5323041738136077,0.5084163832953317,1.0633370543567515,1.7496087791909916,1.0168327665906634,1.0633370543567515,1.1664058527939944,0.5379165573340331,0.6966145833333334,0.7310513447432763,97.5,100.0,5213,1828,7196,88,1,7196,0.016880874736236333,5.470459518599562E-4,1.0,0.2,0.8,0.7000000000000001,0.5,90.0,75.0,20.0,0.2,0.9,0.7000000000000001,0.6000000000000001,95.0,75.0,20.0,7698,3856,3842,7698,0.4990906729020525,0.5221987182733377,0.5,1.0443974365466755,2151,0.5578319502074689,1.0,1
"iteration_4","SCOPE_DATA_COLLECTION",1200,11,730.0,790.0,1,7739,4747,1751,7656,4726,1660,3811,2304,818,3929,2425,931,0.5076227390180879,0.5127934024106576,0.5323041738136077,0.5084163832953317,1.0633370543567515,1.7496087791909916,1.0168327665906634,1.0633370543567515,1.1664058527939944,0.5379165573340331,0.6966145833333334,0.7310513447432763,97.5,100.0,5213,1828,7196,88,1,7196,0.016880874736236333,5.470459518599562E-4,1.0,0.2,0.8,0.7000000000000001,0.5,90.0,75.0,20.0,0.2,0.9,0.7000000000000001,0.6000000000000001,95.0,75.0,20.0,4679,2314,2365,4679,0.5054498824535157,1.0776516766640536,1.0,1.0776516766640536,1616,0.6983578219533275,1.0,1
"iteration_4","SCOPE_DATA_COLLECTION",1200,11,730.0,790.0,2,7739,4747,1751,7656,4726,1660,3811,2304,818,3929,2425,931,0.5076227390180879,0.5127934024106576,0.5323041738136077,0.5084163832953317,1.0633370543567515,1.7496087791909916,1.0168327665906634,1.0633370543567515,1.1664058527939944,0.5379165573340331,0.6966145833333334,0.7310513447432763,97.5,100.0,5213,1828,7196,88,1,7196,0.016880874736236333,5.470459518599562E-4,1.0,0.2,0.8,0.7000000000000001,0.5,90.0,75.0,20.0,0.2,0.9,0.7000000000000001,0.6000000000000001,95.0,75.0,20.0,1642,803,839,1642,0.5109622411693058,1.766725213749869,1.5,1.1778168091665793,585,0.7285180572851806,1.0,1
"iteration_4","SCOPE_DATA_COLLECTION",1200,12,790.0,850.0,0,7698,4679,1642,7739,4747,1751,3859,2320,806,3842,2365,839,0.4988962472406181,0.5048025613660619,0.5100303951367782,0.5235624143240482,1.0792450123244772,1.7665748379880386,1.0471248286480963,1.0792450123244772,1.1777165586586924,0.5597305001295673,0.6969827586206897,0.7295285359801489,97.5,100.0,5232,1832,6955,89,2,6955,0.017010703363914373,0.001091703056768559,1.0,0.2,0.9,0.7000000000000001,0.6000000000000001,95.0,75.0,20.0,0.9500000000000001,0.1,0.7000000000000001,0.8,85.0,90.0,45.0,7668,7654,14,7668,0.0018257694314032342,0.28636631503708787,0.5,0.5727326300741757,1706,0.2228899921609616,1.0,1
"iteration_4","SCOPE_DATA_COLLECTION",1200,12,790.0,850.0,1,7698,4679,1642,7739,4747,1751,3859,2320,806,3842,2365,839,0.4988962472406181,0.5048025613660619,0.5100303951367782,0.5235624143240482,1.0792450123244772,1.7665748379880386,1.0471248286480963,1.0792450123244772,1.1777165586586924,0.5597305001295673,0.6969827586206897,0.7295285359801489,97.5,100.0,5232,1832,6955,89,2,6955,0.017010703363914373,0.001091703056768559,1.0,0.2,0.9,0.7000000000000001,0.6000000000000001,95.0,75.0,20.0,0.9500000000000001,0.1,0.7000000000000001,0.8,85.0,90.0,45.0,4752,4720,32,4752,0.006734006734006734,0.6679384888648652,1.0,0.6679384888648652,1737,0.36800847457627117,1.0,1
"iteration_4","SCOPE_DATA_COLLECTION",1200,12,790.0,850.0,2,7698,4679,1642,7739,4747,1751,3859,2320,806,3842,2365,839,0.4988962472406181,0.5048025613660619,0.5100303951367782,0.5235624143240482,1.0792450123244772,1.7665748379880386,1.0471248286480963,1.0792450123244772,1.1777165586586924,0.5597305001295673,0.6969827586206897,0.7295285359801489,97.5,100.0,5232,1832,6955,89,2,6955,0.017010703363914373,0.001091703056768559,1.0,0.2,0.9,0.7000000000000001,0.6000000000000001,95.0,75.0,20.0,0.9500000000000001,0.1,0.7000000000000001,0.8,85.0,90.0,45.0,1753,1720,33,1753,0.018824871648602397,1.0349406119556295,1.5,0.6899604079704197,612,0.3558139534883721,1.0,1
"iteration_4","SCOPE_DATA_COLLECTION",1200,13,850.0,910.0,0,7668,4752,1753,7698,4679,1642,7645,4716,1712,14,32,33,0.0018279148713931323,0.006739679865206402,0.018911174785100286,0.2865166472928379,0.6683447488951344,1.034783010202586,0.5730332945856758,0.6683447488951344,0.6898553401350572,0.22275997383911053,0.3691687871077184,0.35514018691588783,100.0,100.0,5343,8404,426,68,9,2,0.012726932434961633,0.001070918610185626,0.004694835680751174,0.9500000000000001,0.1,0.7000000000000001,0.8,85.0,90.0,45.0,0.9500000000000001,0.1,0.8,0.7000000000000001,95.0,80.0,55.0,7728,7722,6,7728,7.763975155279503E-4,0.3040597500495782,0.5,0.6081195000991564,1928,0.24967624967624968,1.0,1
"iteration_4","SCOPE_DATA_COLLECTION",1200,13,850.0,910.0,1,7668,4752,1753,7698,4679,1642,7645,4716,1712,14,32,33,0.0018279148713931323,0.006739679865206402,0.018911174785100286,0.2865166472928379,0.6683447488951344,1.034783010202586,0.5730332945856758,0.6683447488951344,0.6898553401350572,0.22275997383911053,0.3691687871077184,0.35514018691588783,100.0,100.0,5343,8404,426,68,9,2,0.012726932434961633,0.001070918610185626,0.004694835680751174,0.9500000000000001,0.1,0.7000000000000001,0.8,85.0,90.0,45.0,0.9500000000000001,0.1,0.8,0.7000000000000001,95.0,80.0,55.0,4664,4636,28,4664,0.006003430531732418,0.6794342495808969,1.0,0.6794342495808969,1731,0.37338222605694565,1.0,1
"iteration_4","SCOPE_DATA_COLLECTION",1200,13,850.0,910.0,2,7668,4752,1753,7698,4679,1642,7645,4716,1712,14,32,33,0.0018279148713931323,0.006739679865206402,0.018911174785100286,0.2865166472928379,0.6683447488951344,1.034783010202586,0.5730332945856758,0.6683447488951344,0.6898553401350572,0.22275997383911053,0.3691687871077184,0.35514018691588783,100.0,100.0,5343,8404,426,68,9,2,0.012726932434961633,0.001070918610185626,0.004694835680751174,0.9500000000000001,0.1,0.7000000000000001,0.8,85.0,90.0,45.0,0.9500000000000001,0.1,0.8,0.7000000000000001,95.0,80.0,55.0,1658,1622,36,1658,0.021712907117008445,1.0929620551457175,1.5,0.728641370097145,624,0.3847102342786683,1.0,1
"iteration_4","SCOPE_DATA_COLLECTION",1200,14,910.0,970.0,0,7728,4664,1658,7668,4752,1753,7715,4641,1626,6,28,36,7.771014117342313E-4,0.005997001499250375,0.021660649819494584,0.30421390936776527,0.6806850682767844,1.09301473680466,0.6084278187355305,0.6806850682767844,0.7286764912031067,0.24938431626701232,0.37384184443007973,0.3843788437884379,97.5,100.0,5412,8196,442,70,0,0,0.012934220251293422,0.0,0.0,0.9500000000000001,0.1,0.8,0.7000000000000001,95.0,80.0,55.0,0.9500000000000001,0.1,0.7000000000000001,0.8,95.0,70.0,55.0,7657,7627,30,7657,0.003917983544469113,0.301574271524162,0.5,0.603148543048324,1864,0.2443949128097548,1.0,1
"iteration_4","SCOPE_DATA_COLLECTION",1200,14,910.0,970.0,1,7728,4664,1658,7668,4752,1753,7715,4641,1626,6,28,36,7.771014117342313E-4,0.005997001499250375,0.021660649819494584,0.30421390936776527,0.6806850682767844,1.09301473680466,0.6084278187355305,0.6806850682767844,0.7286764912031067,0.24938431626701232,0.37384184443007973,0.3843788437884379,97.5,100.0,5412,8196,442,70,0,0,0.012934220251293422,0.0,0.0,0.9500000000000001,0.1,0.8,0.7000000000000001,95.0,80.0,55.0,0.9500000000000001,0.1,0.7000000000000001,0.8,95.0,70.0,55.0,4714,4675,39,4714,0.008273228680526093,0.6596634362775423,1.0,0.6596634362775423,1699,0.3634224598930481,1.0,1
"iteration_4","SCOPE_DATA_COLLECTION",1200,14,910.0,970.0,2,7728,4664,1658,7668,4752,1753,7715,4641,1626,6,28,36,7.771014117342313E-4,0.005997001499250375,0.021660649819494584,0.30421390936776527,0.6806850682767844,1.09301473680466,0.6084278187355305,0.6806850682767844,0.7286764912031067,0.24938431626701232,0.37384184443007973,0.3843788437884379,97.5,100.0,5412,8196,442,70,0,0,0.012934220251293422,0.0,0.0,0.9500000000000001,0.1,0.8,0.7000000000000001,95.0,80.0,55.0,0.9500000000000001,0.1,0.7000000000000001,0.8,95.0,70.0,55.0,1659,1633,26,1659,0.01567209162145871,1.052948150062432,1.5,0.7019654333749547,596,0.3649724433557869,1.0,1
"iteration_4","SCOPE_DATA_COLLECTION",1200,15,970.0,1030.0,0,7657,4714,1659,7728,4664,1658,7643,4653,1623,30,39,26,0.003909813632216865,0.008312020460358057,0.015767131594906003,0.30199800841782315,0.6535952705713536,1.0544693398481144,0.6039960168356463,0.6535952705713536,0.702979559898743,0.24532251733612456,0.36062755211691383,0.36660505237215035,100.0,100.0,5359,8220,451,75,20,0,0.013995148348572494,0.0024330900243309003,0.0,0.9500000000000001,0.1,0.7000000000000001,0.8,95.0,70.0,55.0,0.9500000000000001,0.1,0.7000000000000001,0.8,95.0,70.0,55.0,7766,7743,23,7766,0.002961627607519959,0.3020555141937473,0.5,0.6041110283874946,1862,0.24047526798398552,1.0,1
"iteration_4","SCOPE_DATA_COLLECTION",1200,15,970.0,1030.0,1,7657,4714,1659,7728,4664,1658,7643,4653,1623,30,39,26,0.003909813632216865,0.008312020460358057,0.015767131594906003,0.30199800841782315,0.6535952705713536,1.0544693398481144,0.6039960168356463,0.6535952705713536,0.702979559898743,0.24532251733612456,0.36062755211691383,0.36660505237215035,100.0,100.0,5359,8220,451,75,20,0,0.013995148348572494,0.0024330900243309003,0.0,0.9500000000000001,0.1,0.7000000000000001,0.8,95.0,70.0,55.0,0.9500000000000001,0.1,0.7000000000000001,0.8,95.0,70.0,55.0,4610,4573,37,4610,0.008026030368763558,0.6525803894157641,1.0,0.6525803894157641,1628,0.35600262409796635,1.0,1
"iteration_4","SCOPE_DATA_COLLECTION",1200,15,970.0,1030.0,2,7657,4714,1659,7728,4664,1658,7643,4653,1623,30,39,26,0.003909813632216865,0.008312020460358057,0.015767131594906003,0.30199800841782315,0.6535952705713536,1.0544693398481144,0.6039960168356463,0.6535952705713536,0.702979559898743,0.24532251733612456,0.36062755211691383,0.36660505237215035,100.0,100.0,5359,8220,451,75,20,0,0.013995148348572494,0.0024330900243309003,0.0,0.9500000000000001,0.1,0.7000000000000001,0.8,95.0,70.0,55.0,0.9500000000000001,0.1,0.7000000000000001,0.8,95.0,70.0,55.0,1759,1726,33,1759,0.018760659465605456,1.053004501611016,1.5,0.7020030010740107,628,0.3638470451911935,1.0,1
"iteration_4","SCOPE_DATA_COLLECTION",1200,16,1030.0,1090.0,0,7766,4610,1759,7657,4714,1659,7734,4581,1729,23,37,33,0.0029650638133298956,0.00801212646167172,0.01872871736662883,0.30166865468539816,0.6570118034265958,1.0472441226056854,0.6033373093707963,0.6570118034265958,0.6981627484037903,0.2395914145332299,0.35778214363676053,0.3609022556390977,97.5,100.0,5291,8412,432,75,18,0,0.014175014175014175,0.0021398002853067048,0.0,0.9500000000000001,0.1,0.7000000000000001,0.8,95.0,70.0,55.0,0.9500000000000001,0.2,0.8,0.9,95.0,70.0,65.0,7571,7545,26,7571,0.0034341566503764366,0.3140791123231631,0.5,0.6281582246463262,2003,0.26547382372432077,1.0,1
"iteration_4","SCOPE_DATA_COLLECTION",1200,16,1030.0,1090.0,1,7766,4610,1759,7657,4714,1659,7734,4581,1729,23,37,33,0.0029650638133298956,0.00801212646167172,0.01872871736662883,0.30166865468539816,0.6570118034265958,1.0472441226056854,0.6033373093707963,0.6570118034265958,0.6981627484037903,0.2395914145332299,0.35778214363676053,0.3609022556390977,97.5,100.0,5291,8412,432,75,18,0,0.014175014175014175,0.0021398002853067048,0.0,0.9500000000000001,0.1,0.7000000000000001,0.8,95.0,70.0,55.0,0.9500000000000001,0.2,0.8,0.9,95.0,70.0,65.0,4715,4681,34,4715,0.007211028632025451,0.6692815484304151,1.0,0.6692815484304151,1728,0.36915189062166204,1.0,1
"iteration_4","SCOPE_DATA_COLLECTION",1200,16,1030.0,1090.0,2,7766,4610,1759,7657,4714,1659,7734,4581,1729,23,37,33,0.0029650638133298956,0.00801212646167172,0.01872871736662883,0.30166865468539816,0.6570118034265958,1.0472441226056854,0.6033373093707963,0.6570118034265958,0.6981627484037903,0.2395914145332299,0.35778214363676053,0.3609022556390977,97.5,100.0,5291,8412,432,75,18,0,0.014175014175014175,0.0021398002853067048,0.0,0.9500000000000001,0.1,0.7000000000000001,0.8,95.0,70.0,55.0,0.9500000000000001,0.2,0.8,0.9,95.0,70.0,65.0,1746,1697,49,1746,0.028064146620847653,1.0353867990355228,1.5,0.6902578660236819,591,0.3482616381850324,1.0,1
"iteration_4","SCOPE_DATA_COLLECTION",1200,17,1090.0,1150.0,0,7571,4715,1746,7766,4610,1759,7539,4684,1701,25,34,49,0.0033051295610787945,0.0072064434082238235,0.028,0.3144739301708012,0.6686850814029829,1.0397241306720297,0.6289478603416024,0.6686850814029829,0.6931494204480199,0.2662156784719459,0.36891545687446625,0.35038212815990594,100.0,100.0,5284,8269,479,85,23,0,0.016086298258894776,0.0027814729713387353,0.0,0.9500000000000001,0.2,0.8,0.9,95.0,70.0,65.0,0.9500000000000001,0.2,0.8,0.9,95.0,70.0,65.0,7805,7750,55,7805,0.007046764894298526,0.2999434949905864,0.5,0.5998869899811728,1936,0.2498064516129032,1.0,1
"iteration_4","SCOPE_DATA_COLLECTION",1200,17,1090.0,1150.0,1,7571,4715,1746,7766,4610,1759,7539,4684,1701,25,34,49,0.0033051295610787945,0.0072064434082238235,0.028,0.3144739301708012,0.6686850814029829,1.0397241306720297,0.6289478603416024,0.6686850814029829,0.6931494204480199,0.2662156784719459,0.36891545687446625,0.35038212815990594,100.0,100.0,5284,8269,479,85,23,0,0.016086298258894776,0.0027814729713387353,0.0,0.9500000000000001,0.2,0.8,0.9,95.0,70.0,65.0,0.9500000000000001,0.2,0.8,0.9,95.0,70.0,65.0,4704,4651,53,4704,0.011267006802721089,0.6772521782138634,1.0,0.6772521782138634,1720,0.36981294345302085,1.0,1
"iteration_4","SCOPE_DATA_COLLECTION",1200,17,1090.0,1150.0,2,7571,4715,1746,7766,4610,1759,7539,4684,1701,25,34,49,0.0033051295610787945,0.0072064434082238235,0.028,0.3144739301708012,0.6686850814029829,1.0397241306720297,0.6289478603416024,0.6686850814029829,0.6931494204480199,0.2662156784719459,0.36891545687446625,0.35038212815990594,100.0,100.0,5284,8269,479,85,23,0,0.016086298258894776,0.0027814729713387353,0.0,0.9500000000000001,0.2,0.8,0.9,95.0,70.0,65.0,0.9500000000000001,0.2,0.8,0.9,95.0,70.0,65.0,1705,1657,48,1705,0.0281524926686217,1.0554473402861144,1.5,0.7036315601907429,599,0.36149668074834035,1.0,1
"iteration_4","SCOPE_DATA_COLLECTION",1200,18,1150.0,1210.0,0,7805,4704,1705,7571,4715,1746,7757,4654,1654,56,53,47,0.007167541277358249,0.011259825791374549,0.027630805408583186,0.2996386577932482,0.6780139079120271,1.0569299199109943,0.5992773155864964,0.6780139079120271,0.7046199466073295,0.24932319195565295,0.3700042973785991,0.36215235792019346,97.5,100.0,5316,8417,481,87,69,0,0.01636568848758465,0.008197695140786504,0.0,0.9500000000000001,0.2,0.8,0.9,95.0,70.0,65.0,0.9500000000000001,0.2,0.8,0.9,95.0,70.0,65.0,7619,7607,12,7619,0.0015750098438115237,0.3025413376445961,0.5,0.6050826752891922,1927,0.253319311160773,1.0,1
"iteration_4","SCOPE_DATA_COLLECTION",1200,18,1150.0,1210.0,1,7805,4704,1705,7571,4715,1746,7757,4654,1654,56,53,47,0.007167541277358249,0.011259825791374549,0.027630805408583186,0.2996386577932482,0.6780139079120271,1.0569299199109943,0.5992773155864964,0.6780139079120271,0.7046199466073295,0.24932319195565295,0.3700042973785991,0.36215235792019346,97.5,100.0,5316,8417,481,87,69,0,0.01636568848758465,0.008197695140786504,0.0,0.9500000000000001,0.2,0.8,0.9,95.0,70.0,65.0,0.9500000000000001,0.2,0.8,0.9,95.0,70.0,65.0,4688,4655,33,4688,0.007039249146757679,0.6628958914289532,1.0,0.6628958914289532,1695,0.364124597207304,1.0,1
"iteration_4","SCOPE_DATA_COLLECTION",1200,18,1150.0,1210.0,2,7805,4704,1705,7571,4715,1746,7757,4654,1654,56,53,47,0.007167541277358249,0.011259825791374549,0.027630805408583186,0.2996386577932482,0.6780139079120271,1.0569299199109943,0.5992773155864964,0.6780139079120271,0.7046199466073295,0.24932319195565295,0.3700042973785991,0.36215235792019346,97.5,100.0,5316,8417,481,87,69,0,0.01636568848758465,0.008197695140786504,0.0,0.9500000000000001,0.2,0.8,0.9,95.0,70.0,65.0,0.9500000000000001,0.2,0.8,0.9,95.0,70.0,65.0,1704,1675,29,1704,0.017018779342723004,1.0484735048883203,1.5,0.6989823365922135,599,0.35761194029850746,1.0,1
"iteration_4","SCOPE_DATA_COLLECTION",1200,19,1210.0,1270.0,0,7619,4688,1704,7805,4704,1705,7591,4655,1674,12,33,30,0.0015783243456530317,0.007039249146757679,0.017605633802816902,0.30210892091892516,0.6630982606224672,1.0496986076065178,0.6042178418378503,0.6630982606224672,0.6997990717376785,0.25306283757080755,0.36476906552094523,0.3578255675029869,100.0,100.0,5317,8258,436,70,5,0,0.013165318788790672,6.054734802615645E-4,0.0,0.9500000000000001,0.2,0.8,0.9,95.0,70.0,65.0,0.8500000000000001,0.1,0.8,0.9,95.0,70.0,75.0,7622,7610,12,7622,0.001574389923904487,0.28641392970596513,0.5,0.5728278594119303,1784,0.23442838370565047,1.0,1
"iteration_4","SCOPE_DATA_COLLECTION",1200,19,1210.0,1270.0,1,7619,4688,1704,7805,4704,1705,7591,4655,1674,12,33,30,0.0015783243456530317,0.007039249146757679,0.017605633802816902,0.30210892091892516,0.6630982606224672,1.0496986076065178,0.6042178418378503,0.6630982606224672,0.6997990717376785,0.25306283757080755,0.36476906552094523,0.3578255675029869,100.0,100.0,5317,8258,436,70,5,0,0.013165318788790672,6.054734802615645E-4,0.0,0.9500000000000001,0.2,0.8,0.9,95.0,70.0,65.0,0.8500000000000001,0.1,0.8,0.9,95.0,70.0,75.0,4617,4581,36,4617,0.007797270955165692,0.6698171172188786,1.0,0.6698171172188786,1703,0.37175289238157605,1.0,1
"iteration_4","SCOPE_DATA_COLLECTION",1200,19,1210.0,1270.0,2,7619,4688,1704,7805,4704,1705,7591,4655,1674,12,33,30,0.0015783243456530317,0.007039249146757679,0.017605633802816902,0.30210892091892516,0.6630982606224672,1.0496986076065178,0.6042178418378503,0.6630982606224672,0.6997990717376785,0.25306283757080755,0.36476906552094523,0.3578255675029869,100.0,100.0,5317,8258,436,70,5,0,0.013165318788790672,6.054734802615645E-4,0.0,0.9500000000000001,0.2,0.8,0.9,95.0,70.0,65.0,0.8500000000000001,0.1,0.8,0.9,95.0,70.0,75.0,1707,1657,50,1707,0.029291154071470416,1.079485291926103,1.5,0.7196568612840687,629,0.3796016898008449,1.0,1
"iteration_4","SCOPE_DATA_COLLECTION",1200,20,1270.0,1330.0,0,7622,4617,1707,7619,4688,1704,7617,4566,1666,12,36,50,0.0015729453401494297,0.007822685788787484,0.029137529137529136,0.2869695368205317,0.6666245754157585,1.0807576696562327,0.5739390736410634,0.6666245754157585,0.7205051131041551,0.23473808586057504,0.3701270258431888,0.38055222088835533,100.0,100.0,5363,7278,1305,94,4,0,0.01752750326309901,5.496015388843089E-4,0.0,0.8500000000000001,0.1,0.8,0.9,95.0,70.0,75.0,0.9500000000000001,0.1,0.7000000000000001,0.9,95.0,60.0,85.0,7659,7642,17,7659,0.002219610915263089,0.2840330695966983,0.5,0.5680661391933965,1693,0.2215388641716828,1.0,1
"iteration_4","SCOPE_DATA_COLLECTION",1200,20,1270.0,1330.0,1,7622,4617,1707,7619,4688,1704,7617,4566,1666,12,36,50,0.0015729453401494297,0.007822685788787484,0.029137529137529136,0.2869695368205317,0.6666245754157585,1.0807576696562327,0.5739390736410634,0.6666245754157585,0.7205051131041551,0.23473808586057504,0.3701270258431888,0.38055222088835533,100.0,100.0,5363,7278,1305,94,4,0,0.01752750326309901,5.496015388843089E-4,0.0,0.8500000000000001,0.1,0.8,0.9,95.0,70.0,75.0,0.9500000000000001,0.1,0.7000000000000001,0.9,95.0,60.0,85.0,4675,4647,28,4675,0.005989304812834224,0.6609407808536053,1.0,0.6609407808536053,1703,0.3664729933290295,1.0,1
"iteration_4","SCOPE_DATA_COLLECTION",1200,20,1270.0,1330.0,2,7622,4617,1707,7619,4688,1704,7617,4566,1666,12,36,50,0.0015729453401494297,0.007822685788787484,0.029137529137529136,0.2869695368205317,0.6666245754157585,1.0807576696562327,0.5739390736410634,0.6666245754157585,0.7205051131041551,0.23473808586057504,0.3701270258431888,0.38055222088835533,100.0,100.0,5363,7278,1305,94,4,0,0.01752750326309901,5.496015388843089E-4,0.0,0.8500000000000001,0.1,0.8,0.9,95.0,70.0,75.0,0.9500000000000001,0.1,0.7000000000000001,0.9,95.0,60.0,85.0,1685,1659,26,1685,0.01543026706231454,1.0491576047391218,1.5,0.6994384031594145,609,0.3670886075949367,1.0,1
"iteration_4","SCOPE_DATA_COLLECTION",1200,21,1330.0,1390.0,0,7659,4675,1685,7622,4617,1707,7636,4656,1655,17,28,26,0.0022213511041421666,0.005977796754910333,0.015466983938132063,0.2834971550993904,0.6630240526911512,1.0466611876987784,0.5669943101987808,0.6630240526911512,0.6977741251325189,0.22092718700890518,0.36662371134020616,0.36555891238670696,100.0,100.0,5368,8195,456,59,12,0,0.010991058122205664,0.0014643075045759609,0.0,0.9500000000000001,0.1,0.7000000000000001,0.9,95.0,60.0,85.0,0.25,0.4,0.8,0.2,85.0,80.0,95.0,7962,4192,3770,7962,0.4734991208239136,0.47855739353784144,0.5,0.9571147870756829,2091,0.4988072519083969,1.0,1
"iteration_4","SCOPE_DATA_COLLECTION",1200,21,1330.0,1390.0,1,7659,4675,1685,7622,4617,1707,7636,4656,1655,17,28,26,0.0022213511041421666,0.005977796754910333,0.015466983938132063,0.2834971550993904,0.6630240526911512,1.0466611876987784,0.5669943101987808,0.6630240526911512,0.6977741251325189,0.22092718700890518,0.36662371134020616,0.36555891238670696,100.0,100.0,5368,8195,456,59,12,0,0.010991058122205664,0.0014643075045759609,0.0,0.9500000000000001,0.1,0.7000000000000001,0.9,95.0,60.0,85.0,0.25,0.4,0.8,0.2,85.0,80.0,95.0,4612,2357,2255,4612,0.4889418907198612,0.9964372148708679,1.0,0.9964372148708679,1530,0.6491302503182012,1.0,1
"iteration_4","SCOPE_DATA_COLLECTION",1200,21,1330.0,1390.0,2,7659,4675,1685,7622,4617,1707,7636,4656,1655,17,28,26,0.0022213511041421666,0.005977796754910333,0.015466983938132063,0.2834971550993904,0.6630240526911512,1.0466611876987784,0.5669943101987808,0.6630240526911512,0.6977741251325189,0.22092718700890518,0.36662371134020616,0.36555891238670696,100.0,100.0,5368,8195,456,59,12,0,0.010991058122205664,0.0014643075045759609,0.0,0.9500000000000001,0.1,0.7000000000000001,0.9,95.0,60.0,85.0,0.25,0.4,0.8,0.2,85.0,80.0,95.0,1697,876,821,1697,0.48379493223335296,1.627419723803364,1.5,1.0849464825355761,600,0.684931506849315,1.0,1
"iteration_4","SCOPE_DATA_COLLECTION",1200,22,1390.0,1450.0,0,7962,4612,1697,7659,4675,1685,4212,2371,879,3770,2255,821,0.4723127035830619,0.48746217034154776,0.48294117647058826,0.4786831508840148,0.9971830494660685,1.624885155655218,0.9573663017680296,0.9971830494660685,1.083256770436812,0.49928774928774927,0.649514972585407,0.6825938566552902,100.0,100.0,5170,2247,6854,49,1,6796,0.009477756286266924,4.450378282153983E-4,0.9915377881529034,0.25,0.4,0.8,0.2,85.0,80.0,95.0,0.25,0.30000000000000004,0.9,0.1,85.0,90.0,85.0,7632,4016,3616,7632,0.47379454926624737,0.4625517132903594,0.5,0.9251034265807188,1942,0.48356573705179284,1.0,1
"iteration_4","SCOPE_DATA_COLLECTION",1200,22,1390.0,1450.0,1,7962,4612,1697,7659,4675,1685,4212,2371,879,3770,2255,821,0.4723127035830619,0.48746217034154776,0.48294117647058826,0.4786831508840148,0.9971830494660685,1.624885155655218,0.9573663017680296,0.9971830494660685,1.083256770436812,0.49928774928774927,0.649514972585407,0.6825938566552902,100.0,100.0,5170,2247,6854,49,1,6796,0.009477756286266924,4.450378282153983E-4,0.9915377881529034,0.25,0.4,0.8,0.2,85.0,80.0,95.0,0.25,0.30000000000000004,0.9,0.1,85.0,90.0,85.0,4688,2469,2219,4688,0.4733361774744027,1.0144423662697548,1.0,1.0144423662697548,1617,0.6549210206561361,1.0,1
"iteration_4","SCOPE_DATA_COLLECTION",1200,22,1390.0,1450.0,2,7962,4612,1697,7659,4675,1685,4212,2371,879,3770,2255,821,0.4723127035830619,0.48746217034154776,0.48294117647058826,0.4786831508840148,0.9971830494660685,1.624885155655218,0.9573663017680296,0.9971830494660685,1.083256770436812,0.49928774928774927,0.649514972585407,0.6825938566552902,100.0,100.0,5170,2247,6854,49,1,6796,0.009477756286266924,4.450378282153983E-4,0.9915377881529034,0.25,0.4,0.8,0.2,85.0,80.0,95.0,0.25,0.30000000000000004,0.9,0.1,85.0,90.0,85.0,1699,858,841,1699,0.4949970570924073,1.661564113602726,1.5,1.107709409068484,609,0.7097902097902098,1.0,1
"iteration_4","SCOPE_DATA_COLLECTION",1200,23,1450.0,1510.0,0,7632,4688,1699,7962,4612,1697,4006,2481,858,3616,2219,841,0.4744161637365521,0.47212765957446806,0.4949970570924073,0.4620762904110625,1.0141457791128983,1.6579275759279126,0.924152580822125,1.0141457791128983,1.1052850506186085,0.48302546180728906,0.6557839580814188,0.7086247086247086,100.0,100.0,5108,2224,6687,36,1,6639,0.007047768206734534,4.496402877697842E-4,0.9928218932256617,0.25,0.30000000000000004,0.9,0.1,85.0,90.0,85.0,0.9500000000000001,0.1,0.8,0.9,95.0,85.0,30.0,7805,7792,13,7805,0.0016655989750160153,0.2901875099490698,0.5,0.5803750198981396,1810,0.23228952772073921,1.0,1
"iteration_4","SCOPE_DATA_COLLECTION",1200,23,1450.0,1510.0,1,7632,4688,1699,7962,4612,1697,4006,2481,858,3616,2219,841,0.4744161637365521,0.47212765957446806,0.4949970570924073,0.4620762904110625,1.0141457791128983,1.6579275759279126,0.924152580822125,1.0141457791128983,1.1052850506186085,0.48302546180728906,0.6557839580814188,0.7086247086247086,100.0,100.0,5108,2224,6687,36,1,6639,0.007047768206734534,4.496402877697842E-4,0.9928218932256617,0.25,0.30000000000000004,0.9,0.1,85.0,90.0,85.0,0.9500000000000001,0.1,0.8,0.9,95.0,85.0,30.0,4637,4614,23,4637,0.004960103515203796,0.6757782943810297,1.0,0.6757782943810297,1711,0.370827915041179,1.0,1
"iteration_4","SCOPE_DATA_COLLECTION",1200,23,1450.0,1510.0,2,7632,4688,1699,7962,4612,1697,4006,2481,858,3616,2219,841,0.4744161637365521,0.47212765957446806,0.4949970570924073,0.4620762904110625,1.0141457791128983,1.6579275759279126,0.924152580822125,1.0141457791128983,1.1052850506186085,0.48302546180728906,0.6557839580814188,0.7086247086247086,100.0,100.0,5108,2224,6687,36,1,6639,0.007047768206734534,4.496402877697842E-4,0.9928218932256617,0.25,0.30000000000000004,0.9,0.1,85.0,90.0,85.0,0.9500000000000001,0.1,0.8,0.9,95.0,85.0,30.0,1738,1690,48,1738,0.02761795166858458,1.074662419157,1.5,0.7164416127713333,631,0.37337278106508875,1.0,1
"iteration_4","SCOPE_DATA_COLLECTION",1200,24,1510.0,1570.0,0,7805,4637,1738,7632,4688,1699,7804,4584,1682,13,22,47,0.0016630420877574517,0.004776378636561007,0.027183342972816656,0.2909943205312455,0.6751302981726924,1.0761905077096048,0.581988641062491,0.6751302981726924,0.7174603384730699,0.23359815479241414,0.36910994764397903,0.37395957193816887,100.0,100.0,5397,8347,436,73,3,6,0.0135260329812859,3.594105666706601E-4,0.013761467889908258,0.9500000000000001,0.1,0.8,0.9,95.0,85.0,30.0,0.1,0.5,0.7000000000000001,0.1,70.0,25.0,75.0,7585,3220,4365,7585,0.5754779169413315,0.5615993399694706,0.5,1.1231986799389413,1966,0.6105590062111801,1.0,1
"iteration_4","SCOPE_DATA_COLLECTION",1200,24,1510.0,1570.0,1,7805,4637,1738,7632,4688,1699,7804,4584,1682,13,22,47,0.0016630420877574517,0.004776378636561007,0.027183342972816656,0.2909943205312455,0.6751302981726924,1.0761905077096048,0.581988641062491,0.6751302981726924,0.7174603384730699,0.23359815479241414,0.36910994764397903,0.37395957193816887,100.0,100.0,5397,8347,436,73,3,6,0.0135260329812859,3.594105666706601E-4,0.013761467889908258,0.9500000000000001,0.1,0.8,0.9,95.0,85.0,30.0,0.1,0.5,0.7000000000000001,0.1,70.0,25.0,75.0,4755,2024,2731,4755,0.5743427970557308,1.204479032202338,1.0,1.204479032202338,1635,0.807806324110672,1.0,1
"iteration_4","SCOPE_DATA_COLLECTION",1200,24,1510.0,1570.0,2,7805,4637,1738,7632,4688,1699,7804,4584,1682,13,22,47,0.0016630420877574517,0.004776378636561007,0.027183342972816656,0.2909943205312455,0.6751302981726924,1.0761905077096048,0.581988641062491,0.6751302981726924,0.7174603384730699,0.23359815479241414,0.36910994764397903,0.37395957193816887,100.0,100.0,5397,8347,436,73,3,6,0.0135260329812859,3.594105666706601E-4,0.013761467889908258,0.9500000000000001,0.1,0.8,0.9,95.0,85.0,30.0,0.1,0.5,0.7000000000000001,0.1,70.0,25.0,75.0,1711,732,979,1711,0.5721800116890707,1.8642930738484695,1.5,1.242862049232313,606,0.8278688524590164,1.0,1
"iteration_4","SCOPE_DATA_COLLECTION",1200,25,1570.0,1630.0,0,7585,4755,1711,7805,4637,1738,3204,2052,747,4365,2732,980,0.5766944114149821,0.5710702341137124,0.567458019687319,0.5597572042601218,1.1969517615649252,1.8549036489283695,1.1195144085202435,1.1969517615649252,1.236602432618913,0.6070536828963795,0.8036062378167641,0.821954484605087,100.0,100.0,5024,920,8107,33,0,8044,0.006568471337579618,0.0,0.9922289379548538,0.1,0.5,0.7000000000000001,0.1,70.0,25.0,75.0,0.45,0.8,0.2,0.8,25.0,50.0,65.0,7675,6171,1504,7675,0.19596091205211727,0.43398254340941905,0.5,0.8679650868188381,2290,0.3710905849943283,1.0,1
"iteration_4","SCOPE_DATA_COLLECTION",1200,25,1570.0,1630.0,1,7585,4755,1711,7805,4637,1738,3204,2052,747,4365,2732,980,0.5766944114149821,0.5710702341137124,0.567458019687319,0.5597572042601218,1.1969517615649252,1.8549036489283695,1.1195144085202435,1.1969517615649252,1.236602432618913,0.6070536828963795,0.8036062378167641,0.821954484605087,100.0,100.0,5024,920,8107,33,0,8044,0.006568471337579618,0.0,0.9922289379548538,0.1,0.5,0.7000000000000001,0.1,70.0,25.0,75.0,0.45,0.8,0.2,0.8,25.0,50.0,65.0,4553,3730,823,4553,0.18075993850208655,0.7533560038918071,1.0,0.7533560038918071,1642,0.44021447721179624,1.0,1
"iteration_4","SCOPE_DATA_COLLECTION",1200,25,1570.0,1630.0,2,7585,4755,1711,7805,4637,1738,3204,2052,747,4365,2732,980,0.5766944114149821,0.5710702341137124,0.567458019687319,0.5597572042601218,1.1969517615649252,1.8549036489283695,1.1195144085202435,1.1969517615649252,1.236602432618913,0.6070536828963795,0.8036062378167641,0.821954484605087,100.0,100.0,5024,920,8107,33,0,8044,0.006568471337579618,0.0,0.9922289379548538,0.1,0.5,0.7000000000000001,0.1,70.0,25.0,75.0,0.45,0.8,0.2,0.8,25.0,50.0,65.0,1731,1357,374,1731,0.21606008087810513,1.237797221346704,1.5,0.8251981475644693,607,0.447310243183493,1.0,1
"iteration_4","SCOPE_DATA_COLLECTION",1200,26,1630.0,1690.0,0,7675,4553,1731,7585,4755,1711,6171,3716,1344,1504,823,374,0.19596091205211727,0.18131747080854813,0.21769499417927823,0.4348697747710819,0.7547160097076786,1.2349346490630593,0.8697395495421638,0.7547160097076786,0.8232897660420395,0.37287311618862423,0.4418729817007535,0.44717261904761907,95.0,100.0,5099,3931,4929,51,1,2649,0.010001961168856639,2.543881963876876E-4,0.5374315276932441,0.45,0.8,0.2,0.8,25.0,50.0,65.0,0.55,0.7000000000000001,0.1,0.8,35.0,50.0,65.0,7840,7495,345,7840,0.04400510204081633,0.3554086828634307,0.5,0.7108173657268614,2373,0.3166110740493662,1.0,1
"iteration_4","SCOPE_DATA_COLLECTION",1200,26,1630.0,1690.0,1,7675,4553,1731,7585,4755,1711,6171,3716,1344,1504,823,374,0.19596091205211727,0.18131747080854813,0.21769499417927823,0.4348697747710819,0.7547160097076786,1.2349346490630593,0.8697395495421638,0.7547160097076786,0.8232897660420395,0.37287311618862423,0.4418729817007535,0.44717261904761907,95.0,100.0,5099,3931,4929,51,1,2649,0.010001961168856639,2.543881963876876E-4,0.5374315276932441,0.45,0.8,0.2,0.8,25.0,50.0,65.0,0.55,0.7000000000000001,0.1,0.8,35.0,50.0,65.0,4608,4371,237,4608,0.051432291666666664,0.6309161619479837,1.0,0.6309161619479837,1582,0.3619309082589796,1.0,1
"iteration_4","SCOPE_DATA_COLLECTION",1200,26,1630.0,1690.0,2,7675,4553,1731,7585,4755,1711,6171,3716,1344,1504,823,374,0.19596091205211727,0.18131747080854813,0.21769499417927823,0.4348697747710819,0.7547160097076786,1.2349346490630593,0.8697395495421638,0.7547160097076786,0.8232897660420395,0.37287311618862423,0.4418729817007535,0.44717261904761907,95.0,100.0,5099,3931,4929,51,1,2649,0.010001961168856639,2.543881963876876E-4,0.5374315276932441,0.45,0.8,0.2,0.8,25.0,50.0,65.0,0.55,0.7000000000000001,0.1,0.8,35.0,50.0,65.0,1704,1604,100,1704,0.05868544600938967,1.059869462233555,1.5,0.7065796414890366,578,0.36034912718204487,1.0,1
"iteration_4","SCOPE_DATA_COLLECTION",1200,27,1690.0,1750.0,0,7840,4608,1704,7675,4553,1731,7506,4374,1600,345,237,100,0.043943446694688575,0.05139882888744307,0.058823529411764705,0.3555624121687448,0.6335571979560515,1.0588227808827464,0.7111248243374896,0.6335571979560515,0.7058818539218309,0.31667998934185987,0.3630544124371285,0.359375,100.0,100.0,5218,4946,3988,50,3,629,0.009582215408202376,6.06550748079256E-4,0.15772316950852558,0.55,0.7000000000000001,0.1,0.8,35.0,50.0,65.0,0.65,0.8,0.1,0.9,35.0,40.0,55.0,7762,7754,8,7762,0.001030662200463798,0.3250456254931217,0.5,0.6500912509862434,2191,0.2825638380190869,1.0,1
"iteration_4","SCOPE_DATA_COLLECTION",1200,27,1690.0,1750.0,1,7840,4608,1704,7675,4553,1731,7506,4374,1600,345,237,100,0.043943446694688575,0.05139882888744307,0.058823529411764705,0.3555624121687448,0.6335571979560515,1.0588227808827464,0.7111248243374896,0.6335571979560515,0.7058818539218309,0.31667998934185987,0.3630544124371285,0.359375,100.0,100.0,5218,4946,3988,50,3,629,0.009582215408202376,6.06550748079256E-4,0.15772316950852558,0.55,0.7000000000000001,0.1,0.8,35.0,50.0,65.0,0.65,0.8,0.1,0.9,35.0,40.0,55.0,4643,4637,6,4643,0.0012922679302175318,0.584080257607132,1.0,0.584080257607132,1555,0.3353461289626914,1.0,1
"iteration_4","SCOPE_DATA_COLLECTION",1200,27,1690.0,1750.0,2,7840,4608,1704,7675,4553,1731,7506,4374,1600,345,237,100,0.043943446694688575,0.05139882888744307,0.058823529411764705,0.3555624121687448,0.6335571979560515,1.0588227808827464,0.7111248243374896,0.6335571979560515,0.7058818539218309,0.31667998934185987,0.3630544124371285,0.359375,100.0,100.0,5218,4946,3988,50,3,629,0.009582215408202376,6.06550748079256E-4,0.15772316950852558,0.55,0.7000000000000001,0.1,0.8,35.0,50.0,65.0,0.65,0.8,0.1,0.9,35.0,40.0,55.0,1749,1717,32,1749,0.018296169239565466,1.0111488329551201,1.5,0.6740992219700801,591,0.3442050087361677,1.0,1
"iteration_4","SCOPE_DATA_COLLECTION",1200,28,1750.0,1810.0,0,7762,4643,1749,7840,4608,1704,7728,4638,1727,8,6,32,0.001034126163391934,0.0012919896640826874,0.018192154633314382,0.3241359362687887,0.5832250098714274,1.0188187761800918,0.6482718725375775,0.5832250098714274,0.6792125174533945,0.281055900621118,0.33398016386373436,0.3474232773595831,100.0,100.0,5155,5903,3096,40,6,0,0.007759456838021339,0.001016432322547857,0.0,0.65,0.8,0.1,0.9,35.0,40.0,55.0,0.75,0.9,0.2,0.9,45.0,50.0,45.0,7597,7588,9,7597,0.0011846781624325392,0.31266281750766645,0.5,0.6253256350153329,2105,0.27741170268845544,1.0,1
"iteration_4","SCOPE_DATA_COLLECTION",1200,28,1750.0,1810.0,1,7762,4643,1749,7840,4608,1704,7728,4638,1727,8,6,32,0.001034126163391934,0.0012919896640826874,0.018192154633314382,0.3241359362687887,0.5832250098714274,1.0188187761800918,0.6482718725375775,0.5832250098714274,0.6792125174533945,0.281055900621118,0.33398016386373436,0.3474232773595831,100.0,100.0,5155,5903,3096,40,6,0,0.007759456838021339,0.001016432322547857,0.0,0.65,0.8,0.1,0.9,35.0,40.0,55.0,0.75,0.9,0.2,0.9,45.0,50.0,45.0,4686,4676,10,4686,0.002134016218523261,0.5736701218519819,1.0,0.5736701218519819,1507,0.32228400342172797,1.0,1
"iteration_4","SCOPE_DATA_COLLECTION",1200,28,1750.0,1810.0,2,7762,4643,1749,7840,4608,1704,7728,4638,1727,8,6,32,0.001034126163391934,0.0012919896640826874,0.018192154633314382,0.3241359362687887,0.5832250098714274,1.0188187761800918,0.6482718725375775,0.5832250098714274,0.6792125174533945,0.281055900621118,0.33398016386373436,0.3474232773595831,100.0,100.0,5155,5903,3096,40,6,0,0.007759456838021339,0.001016432322547857,0.0,0.65,0.8,0.1,0.9,35.0,40.0,55.0,0.75,0.9,0.2,0.9,45.0,50.0,45.0,1738,1710,28,1738,0.01611047180667434,1.0316629953898346,1.5,0.6877753302598898,612,0.35789473684210527,1.0,1
"iteration_4","SCOPE_DATA_COLLECTION",1200,29,1810.0,1870.0,0,7597,4686,1738,7762,4643,1749,7617,4675,1705,9,10,28,0.0011801730920535012,0.0021344717182497333,0.016156953260242354,0.313717211445121,0.5723429691689877,1.0278637135562276,0.627434422890242,0.5723429691689877,0.6852424757041518,0.27911251148746224,0.32128342245989305,0.3560117302052786,97.5,100.0,5018,6744,2259,40,7,0,0.007971303308090873,0.0010379596678529062,0.0,0.75,0.9,0.2,0.9,45.0,50.0,45.0,0.75,0.9,0.2,0.9,45.0,50.0,45.0,7613,7602,11,7613,0.00144489688690398,0.30824825100028197,0.5,0.6164965020005639,2067,0.27190213101815314,1.0,1
"iteration_4","SCOPE_DATA_COLLECTION",1200,29,1810.0,1870.0,1,7597,4686,1738,7762,4643,1749,7617,4675,1705,9,10,28,0.0011801730920535012,0.0021344717182497333,0.016156953260242354,0.313717211445121,0.5723429691689877,1.0278637135562276,0.627434422890242,0.5723429691689877,0.6852424757041518,0.27911251148746224,0.32128342245989305,0.3560117302052786,97.5,100.0,5018,6744,2259,40,7,0,0.007971303308090873,0.0010379596678529062,0.0,0.75,0.9,0.2,0.9,45.0,50.0,45.0,0.75,0.9,0.2,0.9,45.0,50.0,45.0,4702,4681,21,4702,0.004466184602296895,0.5900208477612668,1.0,0.5900208477612668,1587,0.33903012176885283,1.0,1
"iteration_4","SCOPE_DATA_COLLECTION",1200,29,1810.0,1870.0,2,7597,4686,1738,7762,4643,1749,7617,4675,1705,9,10,28,0.0011801730920535012,0.0021344717182497333,0.016156953260242354,0.313717211445121,0.5723429691689877,1.0278637135562276,0.627434422890242,0.5723429691689877,0.6852424757041518,0.27911251148746224,0.32128342245989305,0.3560117302052786,97.5,100.0,5018,6744,2259,40,7,0,0.007971303308090873,0.0010379596678529062,0.0,0.75,0.9,0.2,0.9,45.0,50.0,45.0,0.75,0.9,0.2,0.9,45.0,50.0,45.0,1710,1685,25,1710,0.014619883040935672,1.005907965143333,1.5,0.6706053100955552,573,0.3400593471810089,1.0,1
"iteration_4","SCOPE_DATA_COLLECTION",1200,30,1870.0,1930.0,0,7613,4702,1710,7597,4686,1738,7601,4687,1689,11,21,25,0.001445086705202312,0.0044604927782497875,0.014585764294049008,0.3081130618475803,0.5915627476696005,1.0075824075032958,0.6162261236951606,0.5915627476696005,0.6717216050021971,0.27101697145112486,0.3400896095583529,0.3410301953818828,100.0,100.0,5106,6658,2261,53,4,0,0.010379945162553859,6.007810153199159E-4,0.0,0.75,0.9,0.2,0.9,45.0,50.0,45.0,0.65,0.8,0.1,0.9,45.0,50.0,55.0,7647,7622,25,7647,0.0032692559173532103,0.3087808551503053,0.5,0.6175617103006106,2127,0.27906061401207033,1.0,1
"iteration_4","SCOPE_DATA_COLLECTION",1200,30,1870.0,1930.0,1,7613,4702,1710,7597,4686,1738,7601,4687,1689,11,21,25,0.001445086705202312,0.0044604927782497875,0.014585764294049008,0.3081130618475803,0.5915627476696005,1.0075824075032958,0.6162261236951606,0.5915627476696005,0.6717216050021971,0.27101697145112486,0.3400896095583529,0.3410301953818828,100.0,100.0,5106,6658,2261,53,4,0,0.010379945162553859,6.007810153199159E-4,0.0,0.75,0.9,0.2,0.9,45.0,50.0,45.0,0.65,0.8,0.1,0.9,45.0,50.0,55.0,4633,4611,22,4633,0.0047485430606518456,0.5817099185303335,1.0,0.5817099185303335,1538,0.33355020602906094,1.0,1
"iteration_4","SCOPE_DATA_COLLECTION",1200,30,1870.0,1930.0,2,7613,4702,1710,7597,4686,1738,7601,4687,1689,11,21,25,0.001445086705202312,0.0044604927782497875,0.014585764294049008,0.3081130618475803,0.5915627476696005,1.0075824075032958,0.6162261236951606,0.5915627476696005,0.6717216050021971,0.27101697145112486,0.3400896095583529,0.3410301953818828,100.0,100.0,5106,6658,2261,53,4,0,0.010379945162553859,6.007810153199159E-4,0.0,0.75,0.9,0.2,0.9,45.0,50.0,45.0,0.65,0.8,0.1,0.9,45.0,50.0,55.0,1794,1756,38,1794,0.021181716833890748,1.0343648502939724,1.5,0.6895765668626482,625,0.3559225512528474,1.0,1
"iteration_4","SCOPE_DATA_COLLECTION",1200,31,1930.0,1990.0,0,7647,4633,1794,7613,4702,1710,7603,4610,1756,25,22,38,0.0032773990561090717,0.004749568221070812,0.021181716833890748,0.30856339755121887,0.5824369579780626,1.0335947143070123,0.6171267951024377,0.5824369579780626,0.6890631428713415,0.27857424700776007,0.33427331887201733,0.3559225512528474,100.0,100.0,5080,5845,3149,52,8,25,0.010236220472440945,0.0013686911890504706,0.007939028262940616,0.65,0.8,0.1,0.9,45.0,50.0,55.0,0.9500000000000001,0.6000000000000001,0.6000000000000001,0.7000000000000001,60.0,25.0,45.0,7682,7658,24,7682,0.0031241864097891173,0.3197521136212765,0.5,0.639504227242553,2093,0.273308957952468,1.0,1
"iteration_4","SCOPE_DATA_COLLECTION",1200,31,1930.0,1990.0,1,7647,4633,1794,7613,4702,1710,7603,4610,1756,25,22,38,0.0032773990561090717,0.004749568221070812,0.021181716833890748,0.30856339755121887,0.5824369579780626,1.0335947143070123,0.6171267951024377,0.5824369579780626,0.6890631428713415,0.27857424700776007,0.33427331887201733,0.3559225512528474,100.0,100.0,5080,5845,3149,52,8,25,0.010236220472440945,0.0013686911890504706,0.007939028262940616,0.65,0.8,0.1,0.9,45.0,50.0,55.0,0.9500000000000001,0.6000000000000001,0.6000000000000001,0.7000000000000001,60.0,25.0,45.0,4727,4702,25,4727,0.0052887666596149775,0.6566494680232895,1.0,0.6566494680232895,1704,0.36239897915780517,1.0,1
"iteration_4","SCOPE_DATA_COLLECTION",1200,31,1930.0,1990.0,2,7647,4633,1794,7613,4702,1710,7603,4610,1756,25,22,38,0.0032773990561090717,0.004749568221070812,0.021181716833890748,0.30856339755121887,0.5824369579780626,1.0335947143070123,0.6171267951024377,0.5824369579780626,0.6890631428713415,0.27857424700776007,0.33427331887201733,0.3559225512528474,100.0,100.0,5080,5845,3149,52,8,25,0.010236220472440945,0.0013686911890504706,0.007939028262940616,0.65,0.8,0.1,0.9,45.0,50.0,55.0,0.9500000000000001,0.6000000000000001,0.6000000000000001,0.7000000000000001,60.0,25.0,45.0,1687,1639,48,1687,0.02845287492590397,1.0374206306922724,1.5,0.6916137537948482,570,0.34777303233679074,1.0,1
"iteration_4","SCOPE_DATA_COLLECTION",1200,32,1990.0,2050.0,0,7682,4727,1687,7647,4633,1794,7653,4685,1629,24,25,48,0.0031262211801484957,0.005307855626326964,0.028622540250447227,0.3190869132671771,0.6532521473512861,1.0325970772655662,0.6381738265343542,0.6532521473512861,0.6883980515103775,0.2742715275055534,0.3615795090715048,0.3456108041743401,100.0,100.0,5298,8384,414,90,7,0,0.01698754246885617,8.349236641221374E-4,0.0,0.9500000000000001,0.6000000000000001,0.6000000000000001,0.7000000000000001,60.0,25.0,45.0,0.9500000000000001,0.6000000000000001,0.7000000000000001,0.6000000000000001,50.0,35.0,45.0,7702,7680,22,7702,0.002856400934822124,0.32700274927622774,0.5,0.6540054985524555,2165,0.2819010416666667,1.0,1
"iteration_4","SCOPE_DATA_COLLECTION",1200,32,1990.0,2050.0,1,7682,4727,1687,7647,4633,1794,7653,4685,1629,24,25,48,0.0031262211801484957,0.005307855626326964,0.028622540250447227,0.3190869132671771,0.6532521473512861,1.0325970772655662,0.6381738265343542,0.6532521473512861,0.6883980515103775,0.2742715275055534,0.3615795090715048,0.3456108041743401,100.0,100.0,5298,8384,414,90,7,0,0.01698754246885617,8.349236641221374E-4,0.0,0.9500000000000001,0.6000000000000001,0.6000000000000001,0.7000000000000001,60.0,25.0,45.0,0.9500000000000001,0.6000000000000001,0.7000000000000001,0.6000000000000001,50.0,35.0,45.0,4652,4612,40,4652,0.008598452278589854,0.6609008467539357,1.0,0.6609008467539357,1676,0.3633998265394623,1.0,1
"iteration_4","SCOPE_DATA_COLLECTION",1200,32,1990.0,2050.0,2,7682,4727,1687,7647,4633,1794,7653,4685,1629,24,25,48,0.0031262211801484957,0.005307855626326964,0.028622540250447227,0.3190869132671771,0.6532521473512861,1.0325970772655662,0.6381738265343542,0.6532521473512861,0.6883980515103775,0.2742715275055534,0.3615795090715048,0.3456108041743401,100.0,100.0,5298,8384,414,90,7,0,0.01698754246885617,8.349236641221374E-4,0.0,0.9500000000000001,0.6000000000000001,0.6000000000000001,0.7000000000000001,60.0,25.0,45.0,0.9500000000000001,0.6000000000000001,0.7000000000000001,0.6000000000000001,50.0,35.0,45.0,1657,1621,36,1657,0.02172601086300543,1.0644790114727718,1.5,0.7096526743151812,589,0.3633559531153609,1.0,1
"iteration_4","SCOPE_DATA_COLLECTION",1200,33,2050.0,2110.0,0,7702,4652,1657,7682,4727,1687,7682,4614,1632,22,40,36,0.0028556593977154725,0.008594757198109154,0.02158273381294964,0.3272986362630565,0.6610592225350693,1.0611489109241738,0.654597272526113,0.6610592225350693,0.7074326072827826,0.28091642801353817,0.36280884265279584,0.3627450980392157,100.0,100.0,5351,8244,416,89,9,0,0.01663240515791441,0.001091703056768559,0.0,0.9500000000000001,0.6000000000000001,0.7000000000000001,0.6000000000000001,50.0,35.0,45.0,0.8500000000000001,0.6000000000000001,0.8,0.6000000000000001,40.0,35.0,35.0,7602,7583,19,7602,0.002499342278347803,0.31062617766740236,0.5,0.6212523553348047,2051,0.27047342740340236,1.0,1
"iteration_4","SCOPE_DATA_COLLECTION",1200,33,2050.0,2110.0,1,7702,4652,1657,7682,4727,1687,7682,4614,1632,22,40,36,0.0028556593977154725,0.008594757198109154,0.02158273381294964,0.3272986362630565,0.6610592225350693,1.0611489109241738,0.654597272526113,0.6610592225350693,0.7074326072827826,0.28091642801353817,0.36280884265279584,0.3627450980392157,100.0,100.0,5351,8244,416,89,9,0,0.01663240515791441,0.001091703056768559,0.0,0.9500000000000001,0.6000000000000001,0.7000000000000001,0.6000000000000001,50.0,35.0,45.0,0.8500000000000001,0.6000000000000001,0.8,0.6000000000000001,40.0,35.0,35.0,4584,4540,44,4584,0.009598603839441536,0.643620105906866,1.0,0.643620105906866,1576,0.347136563876652,1.0,1
"iteration_4","SCOPE_DATA_COLLECTION",1200,33,2050.0,2110.0,2,7702,4652,1657,7682,4727,1687,7682,4614,1632,22,40,36,0.0028556593977154725,0.008594757198109154,0.02158273381294964,0.3272986362630565,0.6610592225350693,1.0611489109241738,0.654597272526113,0.6610592225350693,0.7074326072827826,0.28091642801353817,0.36280884265279584,0.3627450980392157,100.0,100.0,5351,8244,416,89,9,0,0.01663240515791441,0.001091703056768559,0.0,0.9500000000000001,0.6000000000000001,0.7000000000000001,0.6000000000000001,50.0,35.0,45.0,0.8500000000000001,0.6000000000000001,0.8,0.6000000000000001,40.0,35.0,35.0,1761,1720,41,1761,0.02328222600795003,1.0625712407451007,1.5,0.7083808271634005,627,0.36453488372093024,1.0,1
"iteration_4","SCOPE_DATA_COLLECTION",1200,34,2110.0,2170.0,0,7602,4584,1761,7702,4652,1657,7584,4556,1718,19,44,41,0.002499013547283967,0.009565217391304347,0.023308698123934053,0.3111022328526467,0.6434818764318946,1.068237096512619,0.6222044657052934,0.6434818764318946,0.7121580643417461,0.2708333333333333,0.3472344161545215,0.36670547147846333,100.0,100.0,5147,7532,1268,98,6,0,0.019040217602486885,7.966011683483802E-4,0.0,0.8500000000000001,0.6000000000000001,0.8,0.6000000000000001,40.0,35.0,35.0,0.8500000000000001,0.7000000000000001,0.7000000000000001,0.5,50.0,45.0,35.0,7628,7608,20,7628,0.0026219192448872575,0.3172968017718582,0.5,0.6345936035437164,2142,0.28154574132492116,1.0,1
"iteration_4","SCOPE_DATA_COLLECTION",1200,34,2110.0,2170.0,1,7602,4584,1761,7702,4652,1657,7584,4556,1718,19,44,41,0.002499013547283967,0.009565217391304347,0.023308698123934053,0.3111022328526467,0.6434818764318946,1.068237096512619,0.6222044657052934,0.6434818764318946,0.7121580643417461,0.2708333333333333,0.3472344161545215,0.36670547147846333,100.0,100.0,5147,7532,1268,98,6,0,0.019040217602486885,7.966011683483802E-4,0.0,0.8500000000000001,0.6000000000000001,0.8,0.6000000000000001,40.0,35.0,35.0,0.8500000000000001,0.7000000000000001,0.7000000000000001,0.5,50.0,45.0,35.0,4586,4544,42,4586,0.009158307893589184,0.659902630242138,1.0,0.659902630242138,1646,0.36223591549295775,1.0,1
"iteration_4","SCOPE_DATA_COLLECTION",1200,34,2110.0,2170.0,2,7602,4584,1761,7702,4652,1657,7584,4556,1718,19,44,41,0.002499013547283967,0.009565217391304347,0.023308698123934053,0.3111022328526467,0.6434818764318946,1.068237096512619,0.6222044657052934,0.6434818764318946,0.7121580643417461,0.2708333333333333,0.3472344161545215,0.36670547147846333,100.0,100.0,5147,7532,1268,98,6,0,0.019040217602486885,7.966011683483802E-4,0.0,0.8500000000000001,0.6000000000000001,0.8,0.6000000000000001,40.0,35.0,35.0,0.8500000000000001,0.7000000000000001,0.7000000000000001,0.5,50.0,45.0,35.0,1682,1657,25,1682,0.014863258026159334,1.077590012161838,1.5,0.7183933414412254,615,0.3711526855763428,1.0,1
"iteration_4","SCOPE_DATA_COLLECTION",1200,35,2170.0,2230.0,0,7628,4586,1682,7602,4584,1761,7611,4532,1658,20,42,25,0.002620888481195125,0.009182334936598164,0.014854426619132501,0.31661939840257525,0.6593815325375445,1.0786239403682427,0.6332387968051505,0.6593815325375445,0.7190826269121618,0.2811719879122323,0.3614298323036187,0.3709288299155609,97.5,100.0,5226,7357,1313,81,6,0,0.015499425947187142,8.155498165012913E-4,0.0,0.8500000000000001,0.7000000000000001,0.7000000000000001,0.5,50.0,45.0,35.0,0.8500000000000001,0.7000000000000001,0.7000000000000001,0.5,50.0,45.0,35.0,7720,7700,20,7720,0.0025906735751295338,0.31558198921935654,0.5,0.6311639784387131,2119,0.2751948051948052,1.0,1
"iteration_4","SCOPE_DATA_COLLECTION",1200,35,2170.0,2230.0,1,7628,4586,1682,7602,4584,1761,7611,4532,1658,20,42,25,0.002620888481195125,0.009182334936598164,0.014854426619132501,0.31661939840257525,0.6593815325375445,1.0786239403682427,0.6332387968051505,0.6593815325375445,0.7190826269121618,0.2811719879122323,0.3614298323036187,0.3709288299155609,97.5,100.0,5226,7357,1313,81,6,0,0.015499425947187142,8.155498165012913E-4,0.0,0.8500000000000001,0.7000000000000001,0.7000000000000001,0.5,50.0,45.0,35.0,0.8500000000000001,0.7000000000000001,0.7000000000000001,0.5,50.0,45.0,35.0,4736,4706,30,4736,0.00633445945945946,0.6642393528454312,1.0,0.6642393528454312,1711,0.3635784105397365,1.0,1
"iteration_4","SCOPE_DATA_COLLECTION",1200,35,2170.0,2230.0,2,7628,4586,1682,7602,4584,1761,7611,4532,1658,20,42,25,0.002620888481195125,0.009182334936598164,0.014854426619132501,0.31661939840257525,0.6593815325375445,1.0786239403682427,0.6332387968051505,0.6593815325375445,0.7190826269121618,0.2811719879122323,0.3614298323036187,0.3709288299155609,97.5,100.0,5226,7357,1313,81,6,0,0.015499425947187142,8.155498165012913E-4,0.0,0.8500000000000001,0.7000000000000001,0.7000000000000001,0.5,50.0,45.0,35.0,0.8500000000000001,0.7000000000000001,0.7000000000000001,0.5,50.0,45.0,35.0,1721,1681,40,1721,0.023242300987797792,1.0250319378584403,1.5,0.6833546252389602,580,0.3450327186198691,1.0,1
"iteration_4","SCOPE_DATA_COLLECTION",1200,36,2230.0,2290.0,0,7720,4736,1721,7628,4586,1682,7704,4701,1681,20,30,40,0.002589331952356292,0.0063411540900443885,0.023242300987797792,0.3157483905064062,0.6628986502344208,1.0245147334931421,0.6314967810128124,0.6628986502344208,0.6830098223287614,0.27531152647975077,0.36290151031695383,0.3450327186198691,100.0,100.0,5255,7575,1347,86,4,0,0.01636536631779258,5.28052805280528E-4,0.0,0.8500000000000001,0.7000000000000001,0.7000000000000001,0.5,50.0,45.0,35.0,0.8500000000000001,0.8,0.8,0.5,50.0,45.0,45.0,7606,7582,24,7606,0.003155403628714173,0.3173607976417052,0.5,0.6347215952834104,2037,0.26866262199947244,1.0,1
"iteration_4","SCOPE_DATA_COLLECTION",1200,36,2230.0,2290.0,1,7720,4736,1721,7628,4586,1682,7704,4701,1681,20,30,40,0.002589331952356292,0.0063411540900443885,0.023242300987797792,0.3157483905064062,0.6628986502344208,1.0245147334931421,0.6314967810128124,0.6628986502344208,0.6830098223287614,0.27531152647975077,0.36290151031695383,0.3450327186198691,100.0,100.0,5255,7575,1347,86,4,0,0.01636536631779258,5.28052805280528E-4,0.0,0.8500000000000001,0.7000000000000001,0.7000000000000001,0.5,50.0,45.0,35.0,0.8500000000000001,0.8,0.8,0.5,50.0,45.0,45.0,4675,4639,36,4675,0.007700534759358289,0.6577347165783216,1.0,0.6577347165783216,1641,0.35374003017891786,1.0,1
"iteration_4","SCOPE_DATA_COLLECTION",1200,36,2230.0,2290.0,2,7720,4736,1721,7628,4586,1682,7704,4701,1681,20,30,40,0.002589331952356292,0.0063411540900443885,0.023242300987797792,0.3157483905064062,0.6628986502344208,1.0245147334931421,0.6314967810128124,0.6628986502344208,0.6830098223287614,0.27531152647975077,0.36290151031695383,0.3450327186198691,100.0,100.0,5255,7575,1347,86,4,0,0.01636536631779258,5.28052805280528E-4,0.0,0.8500000000000001,0.7000000000000001,0.7000000000000001,0.5,50.0,45.0,35.0,0.8500000000000001,0.8,0.8,0.5,50.0,45.0,45.0,1736,1703,33,1736,0.019009216589861752,1.0497272945390017,1.5,0.6998181963593345,611,0.35877862595419846,1.0,1
"iteration_4","SCOPE_DATA_COLLECTION",1200,37,2290.0,2350.0,0,7606,4675,1736,7720,4736,1721,7590,4648,1696,24,36,33,0.0031520882584712374,0.007685738684884714,0.019086176980913822,0.31850615265002497,0.6597893582727161,1.047723918254067,0.6370123053000499,0.6597893582727161,0.698482612169378,0.2707509881422925,0.35499139414802067,0.3579009433962264,97.5,100.0,5134,7511,1372,83,10,0,0.016166731593299573,0.0013313806417254693,0.0,0.8500000000000001,0.8,0.8,0.5,50.0,45.0,45.0,0.75,0.8,0.8,0.5,60.0,55.0,35.0,7623,7605,18,7623,0.0023612750885478157,0.3194648508489759,0.5,0.6389297016979518,2106,0.27692307692307694,1.0,1
"iteration_4","SCOPE_DATA_COLLECTION",1200,37,2290.0,2350.0,1,7606,4675,1736,7720,4736,1721,7590,4648,1696,24,36,33,0.0031520882584712374,0.007685738684884714,0.019086176980913822,0.31850615265002497,0.6597893582727161,1.047723918254067,0.6370123053000499,0.6597893582727161,0.698482612169378,0.2707509881422925,0.35499139414802067,0.3579009433962264,97.5,100.0,5134,7511,1372,83,10,0,0.016166731593299573,0.0013313806417254693,0.0,0.8500000000000001,0.8,0.8,0.5,50.0,45.0,45.0,0.75,0.8,0.8,0.5,60.0,55.0,35.0,4561,4533,28,4561,0.006139004604253453,0.6628328155089758,1.0,0.6628328155089758,1654,0.36487977057136556,1.0,1
"iteration_4","SCOPE_DATA_COLLECTION",1200,37,2290.0,2350.0,2,7606,4675,1736,7720,4736,1721,7590,4648,1696,24,36,33,0.0031520882584712374,0.007685738684884714,0.019086176980913822,0.31850615265002497,0.6597893582727161,1.047723918254067,0.6370123053000499,0.6597893582727161,0.698482612169378,0.2707509881422925,0.35499139414802067,0.3579009433962264,97.5,100.0,5134,7511,1372,83,10,0,0.016166731593299573,0.0013313806417254693,0.0,0.8500000000000001,0.8,0.8,0.5,50.0,45.0,45.0,0.75,0.8,0.8,0.5,60.0,55.0,35.0,1681,1651,30,1681,0.01784651992861392,1.0376418756905954,1.5,0.6917612504603969,587,0.355542095699576,1.0,1
"iteration_4","SCOPE_DATA_COLLECTION",1200,38,2350.0,2410.0,0,7623,4561,1681,7606,4675,1736,7594,4516,1657,18,28,30,0.002364687335785602,0.006161971830985915,0.01778304682868998,0.3179368157709856,0.660882589327656,1.0398493805584037,0.6358736315419712,0.660882589327656,0.6932329203722691,0.2749539109823545,0.3640389725420726,0.3566686783343392,97.5,100.0,5229,6469,2167,72,4,0,0.013769363166953529,6.183335909723295E-4,0.0,0.75,0.8,0.8,0.5,60.0,55.0,35.0,0.65,0.9,0.8,0.4,50.0,55.0,45.0,7589,7577,12,7589,0.0015812359994729214,0.33069566064387823,0.5,0.6613913212877565,2258,0.2980071268311997,1.0,1
"iteration_4","SCOPE_DATA_COLLECTION",1200,38,2350.0,2410.0,1,7623,4561,1681,7606,4675,1736,7594,4516,1657,18,28,30,0.002364687335785602,0.006161971830985915,0.01778304682868998,0.3179368157709856,0.660882589327656,1.0398493805584037,0.6358736315419712,0.660882589327656,0.6932329203722691,0.2749539109823545,0.3640389725420726,0.3566686783343392,97.5,100.0,5229,6469,2167,72,4,0,0.013769363166953529,6.183335909723295E-4,0.0,0.75,0.8,0.8,0.5,60.0,55.0,35.0,0.65,0.9,0.8,0.4,50.0,55.0,45.0,4664,4639,25,4664,0.005360205831903945,0.6357169023018622,1.0,0.6357169023018622,1575,0.33951282604009486,1.0,1
"iteration_4","SCOPE_DATA_COLLECTION",1200,38,2350.0,2410.0,2,7623,4561,1681,7606,4675,1736,7594,4516,1657,18,28,30,0.002364687335785602,0.006161971830985915,0.01778304682868998,0.3179368157709856,0.660882589327656,1.0398493805584037,0.6358736315419712,0.660882589327656,0.6932329203722691,0.2749539109823545,0.3640389725420726,0.3566686783343392,97.5,100.0,5229,6469,2167,72,4,0,0.013769363166953529,6.183335909723295E-4,0.0,0.75,0.8,0.8,0.5,60.0,55.0,35.0,0.65,0.9,0.8,0.4,50.0,55.0,45.0,1683,1654,29,1683,0.0172311348781937,1.0783495054675558,1.5,0.7188996703117039,621,0.375453446191052,1.0,1
"iteration_4","SCOPE_DATA_COLLECTION",1200,39,2410.0,2470.0,0,7589,4664,1683,7623,4561,1681,7578,4659,1656,12,25,29,0.0015810276679841897,0.00533731853116994,0.017210682492581602,0.3306161576560975,0.6393889785907394,1.0760711443532365,0.661232315312195,0.6393889785907394,0.7173807629021577,0.2970440749538137,0.3419188667095943,0.3743961352657005,100.0,100.0,5187,5664,3085,64,2,0,0.012338538654328128,3.5310734463276836E-4,0.0,0.65,0.9,0.8,0.4,50.0,55.0,45.0,0.75,0.9,0.7000000000000001,0.5,40.0,45.0,55.0,7697,7674,23,7697,0.0029881772119007407,0.31280536085975313,0.5,0.6256107217195063,2085,0.2716966379984363,1.0,1
"iteration_4","SCOPE_DATA_COLLECTION",1200,39,2410.0,2470.0,1,7589,4664,1683,7623,4561,1681,7578,4659,1656,12,25,29,0.0015810276679841897,0.00533731853116994,0.017210682492581602,0.3306161576560975,0.6393889785907394,1.0760711443532365,0.661232315312195,0.6393889785907394,0.7173807629021577,0.2970440749538137,0.3419188667095943,0.3743961352657005,100.0,100.0,5187,5664,3085,64,2,0,0.012338538654328128,3.5310734463276836E-4,0.0,0.65,0.9,0.8,0.4,50.0,55.0,45.0,0.75,0.9,0.7000000000000001,0.5,40.0,45.0,55.0,4625,4593,32,4625,0.006918918918918919,0.667318096247791,1.0,0.667318096247791,1655,0.36033093838449815,1.0,1
"iteration_4","SCOPE_DATA_COLLECTION",1200,39,2410.0,2470.0,2,7589,4664,1683,7623,4561,1681,7578,4659,1656,12,25,29,0.0015810276679841897,0.00533731853116994,0.017210682492581602,0.3306161576560975,0.6393889785907394,1.0760711443532365,0.661232315312195,0.6393889785907394,0.7173807629021577,0.2970440749538137,0.3419188667095943,0.3743961352657005,100.0,100.0,5187,5664,3085,64,2,0,0.012338538654328128,3.5310734463276836E-4,0.0,0.65,0.9,0.8,0.4,50.0,55.0,45.0,0.75,0.9,0.7000000000000001,0.5,40.0,45.0,55.0,1703,1674,29,1703,0.017028772753963594,1.0439706810665266,1.5,0.695980454044351,596,0.35603345280764637,1.0,1
"iteration_4","SCOPE_DATA_COLLECTION",1200,40,2470.0,2530.0,0,7697,4625,1703,7589,4664,1683,7674,4587,1672,23,32,29,0.0029881772119007407,0.006927906473262611,0.017048794826572605,0.31255643651196097,0.667187566803988,1.0466213877680302,0.6251128730239219,0.667187566803988,0.6977475918453534,0.27234818868908,0.3603662524525834,0.35645933014354064,100.0,100.0,5142,6716,2167,77,7,0,0.014974718008556981,0.001042287075640262,0.0,0.75,0.9,0.7000000000000001,0.5,40.0,45.0,55.0,0.8500000000000001,0.9,0.6000000000000001,0.6000000000000001,30.0,45.0,55.0,7635,7605,30,7635,0.003929273084479371,0.31802471044906117,0.5,0.6360494208981223,2130,0.28007889546351084,1.0,1
"iteration_4","SCOPE_DATA_COLLECTION",1200,40,2470.0,2530.0,1,7697,4625,1703,7589,4664,1683,7674,4587,1672,23,32,29,0.0029881772119007407,0.006927906473262611,0.017048794826572605,0.31255643651196097,0.667187566803988,1.0466213877680302,0.6251128730239219,0.667187566803988,0.6977475918453534,0.27234818868908,0.3603662524525834,0.35645933014354064,100.0,100.0,5142,6716,2167,77,7,0,0.014974718008556981,0.001042287075640262,0.0,0.75,0.9,0.7000000000000001,0.5,40.0,45.0,55.0,0.8500000000000001,0.9,0.6000000000000001,0.6000000000000001,30.0,45.0,55.0,4659,4635,24,4659,0.0051513200257566,0.6448649082581676,1.0,0.6448649082581676,1658,0.35771305285868393,1.0,1
"iteration_4","SCOPE_DATA_COLLECTION",1200,40,2470.0,2530.0,2,7697,4625,1703,7589,4664,1683,7674,4587,1672,23,32,29,0.0029881772119007407,0.006927906473262611,0.017048794826572605,0.31255643651196097,0.667187566803988,1.0466213877680302,0.6251128730239219,0.667187566803988,0.6977475918453534,0.27234818868908,0.3603662524525834,0.35645933014354064,100.0,100.0,5142,6716,2167,77,7,0,0.014974718008556981,0.001042287075640262,0.0,0.75,0.9,0.7000000000000001,0.5,40.0,45.0,55.0,0.8500000000000001,0.9,0.6000000000000001,0.6000000000000001,30.0,45.0,55.0,1672,1631,41,1672,0.02452153110047847,1.0491404536793523,1.5,0.6994269691195681,590,0.36174126302881665,1.0,1
"iteration_4","SCOPE_DATA_COLLECTION",1200,41,2530.0,2590.0,0,7635,4659,1672,7697,4625,1703,7599,4620,1634,30,24,41,0.003932363350373574,0.00516795865633075,0.02447761194029851,0.31807651942996024,0.6416033040710021,1.05058209293319,0.6361530388599205,0.6416033040710021,0.70038806195546,0.2799052506908804,0.3560606060606061,0.3635250917992656,97.5,100.0,5219,7483,1264,84,11,0,0.016095037363479593,0.0014699986636375784,0.0,0.8500000000000001,0.9,0.6000000000000001,0.6000000000000001,30.0,45.0,55.0,0.75,0.8,0.5,0.5,40.0,35.0,55.0,7630,7607,23,7630,0.0030144167758846658,0.3192915250049223,0.5,0.6385830500098446,2184,0.2871039831733929,1.0,1
"iteration_4","SCOPE_DATA_COLLECTION",1200,41,2530.0,2590.0,1,7635,4659,1672,7697,4625,1703,7599,4620,1634,30,24,41,0.003932363350373574,0.00516795865633075,0.02447761194029851,0.31807651942996024,0.6416033040710021,1.05058209293319,0.6361530388599205,0.6416033040710021,0.70038806195546,0.2799052506908804,0.3560606060606061,0.3635250917992656,97.5,100.0,5219,7483,1264,84,11,0,0.016095037363479593,0.0014699986636375784,0.0,0.8500000000000001,0.9,0.6000000000000001,0.6000000000000001,30.0,45.0,55.0,0.75,0.8,0.5,0.5,40.0,35.0,55.0,4566,4526,40,4566,0.008760402978537012,0.6426723099486791,1.0,0.6426723099486791,1612,0.3561643835616438,1.0,1
"iteration_4","SCOPE_DATA_COLLECTION",1200,41,2530.0,2590.0,2,7635,4659,1672,7697,4625,1703,7599,4620,1634,30,24,41,0.003932363350373574,0.00516795865633075,0.02447761194029851,0.31807651942996024,0.6416033040710021,1.05058209293319,0.6361530388599205,0.6416033040710021,0.70038806195546,0.2799052506908804,0.3560606060606061,0.3635250917992656,97.5,100.0,5219,7483,1264,84,11,0,0.016095037363479593,0.0014699986636375784,0.0,0.8500000000000001,0.9,0.6000000000000001,0.6000000000000001,30.0,45.0,55.0,0.75,0.8,0.5,0.5,40.0,35.0,55.0,1681,1645,36,1681,0.021415823914336704,1.0540799473162843,1.5,0.7027199648775229,597,0.3629179331306991,1.0,1
"iteration_4","SCOPE_DATA_COLLECTION",1200,42,2590.0,2650.0,0,7630,4566,1681,7635,4659,1672,7602,4554,1646,23,40,36,0.003016393442622951,0.0087070091423596,0.02140309155766944,0.3189065725516428,0.6436799880524321,1.0546771157197625,0.6378131451032856,0.6436799880524321,0.7031180771465083,0.2859773743751644,0.35682916117698726,0.3626974483596598,100.0,100.0,5286,6421,2170,96,3,0,0.018161180476730987,4.672169444011836E-4,0.0,0.75,0.8,0.5,0.5,40.0,35.0,55.0,0.65,0.9,0.4,0.4,30.0,45.0,65.0,7715,7687,28,7715,0.0036292935839274142,0.31961453321959715,0.5,0.6392290664391943,2201,0.2863275660205542,1.0,1
"iteration_4","SCOPE_DATA_COLLECTION",1200,42,2590.0,2650.0,1,7630,4566,1681,7635,4659,1672,7602,4554,1646,23,40,36,0.003016393442622951,0.0087070091423596,0.02140309155766944,0.3189065725516428,0.6436799880524321,1.0546771157197625,0.6378131451032856,0.6436799880524321,0.7031180771465083,0.2859773743751644,0.35682916117698726,0.3626974483596598,100.0,100.0,5286,6421,2170,96,3,0,0.018161180476730987,4.672169444011836E-4,0.0,0.75,0.8,0.5,0.5,40.0,35.0,55.0,0.65,0.9,0.4,0.4,30.0,45.0,65.0,4502,4467,35,4502,0.007774322523322968,0.624715651598088,1.0,0.624715651598088,1525,0.3413924334004925,1.0,1
"iteration_4","SCOPE_DATA_COLLECTION",1200,42,2590.0,2650.0,2,7630,4566,1681,7635,4659,1672,7602,4554,1646,23,40,36,0.003016393442622951,0.0087070091423596,0.02140309155766944,0.3189065725516428,0.6436799880524321,1.0546771157197625,0.6378131451032856,0.6436799880524321,0.7031180771465083,0.2859773743751644,0.35682916117698726,0.3626974483596598,100.0,100.0,5286,6421,2170,96,3,0,0.018161180476730987,4.672169444011836E-4,0.0,0.75,0.8,0.5,0.5,40.0,35.0,55.0,0.65,0.9,0.4,0.4,30.0,45.0,65.0,1632,1610,22,1632,0.013480392156862746,1.059574758230569,1.5,0.7063831721537127,601,0.3732919254658385,1.0,1
"iteration_4","SCOPE_DATA_COLLECTION",1200,43,2650.0,2710.0,0,7715,4502,1632,7630,4566,1681,7702,4462,1604,28,35,22,0.0036222509702457956,0.00778296642205915,0.013530135301353014,0.3207806751601569,0.6270978303417296,1.0538308057150843,0.6415613503203138,0.6270978303417296,0.7025538704767228,0.2875876395741366,0.341999103541013,0.3709476309226933,97.5,100.0,5191,5642,3016,61,0,24,0.011751107686380274,0.0,0.007957559681697613,0.65,0.9,0.4,0.4,30.0,45.0,65.0,0.55,0.9,0.4,0.5,20.0,35.0,65.0,7622,7233,389,7622,0.05103647336657045,0.348686139485011,0.5,0.697372278970022,2228,0.30803262823171573,1.0,1
"iteration_4","SCOPE_DATA_COLLECTION",1200,43,2650.0,2710.0,1,7715,4502,1632,7630,4566,1681,7702,4462,1604,28,35,22,0.0036222509702457956,0.00778296642205915,0.013530135301353014,0.3207806751601569,0.6270978303417296,1.0538308057150843,0.6415613503203138,0.6270978303417296,0.7025538704767228,0.2875876395741366,0.341999103541013,0.3709476309226933,97.5,100.0,5191,5642,3016,61,0,24,0.011751107686380274,0.0,0.007957559681697613,0.65,0.9,0.4,0.4,30.0,45.0,65.0,0.55,0.9,0.4,0.5,20.0,35.0,65.0,4634,4371,263,4634,0.05675442382391023,0.6765200789181114,1.0,0.6765200789181114,1641,0.37542896362388467,1.0,1
"iteration_4","SCOPE_DATA_COLLECTION",1200,43,2650.0,2710.0,2,7715,4502,1632,7630,4566,1681,7702,4462,1604,28,35,22,0.0036222509702457956,0.00778296642205915,0.013530135301353014,0.3207806751601569,0.6270978303417296,1.0538308057150843,0.6415613503203138,0.6270978303417296,0.7025538704767228,0.2875876395741366,0.341999103541013,0.3709476309226933,97.5,100.0,5191,5642,3016,61,0,24,0.011751107686380274,0.0,0.007957559681697613,0.65,0.9,0.4,0.4,30.0,45.0,65.0,0.55,0.9,0.4,0.5,20.0,35.0,65.0,1778,1638,140,1778,0.07874015748031496,1.0735846167316214,1.5,0.7157230778210809,602,0.36752136752136755,1.0,1
"iteration_4","SCOPE_DATA_COLLECTION",1200,44,2710.0,2770.0,0,7622,4634,1778,7715,4502,1632,7228,4361,1637,389,263,140,0.051069975055796246,0.05687716262975778,0.07878446820483961,0.3480962985355211,0.6756589451323366,1.0735927225908413,0.6961925970710422,0.6756589451323366,0.7157284817272275,0.30741560597675704,0.3746847053428113,0.3677458766035431,100.0,100.0,5128,4928,3978,74,6,712,0.014430577223088924,0.0012175324675324675,0.17898441427853193,0.55,0.9,0.4,0.5,20.0,35.0,65.0,0.65,0.8,0.5,0.5,30.0,45.0,55.0,7795,7771,24,7795,0.0030788967286722257,0.3067477888998604,0.5,0.6134955777997207,2053,0.26418736327370995,1.0,1
"iteration_4","SCOPE_DATA_COLLECTION",1200,44,2710.0,2770.0,1,7622,4634,1778,7715,4502,1632,7228,4361,1637,389,263,140,0.051069975055796246,0.05687716262975778,0.07878446820483961,0.3480962985355211,0.6756589451323366,1.0735927225908413,0.6961925970710422,0.6756589451323366,0.7157284817272275,0.30741560597675704,0.3746847053428113,0.3677458766035431,100.0,100.0,5128,4928,3978,74,6,712,0.014430577223088924,0.0012175324675324675,0.17898441427853193,0.55,0.9,0.4,0.5,20.0,35.0,65.0,0.65,0.8,0.5,0.5,30.0,45.0,55.0,4752,4712,40,4752,0.008417508417508417,0.6416018380542526,1.0,0.6416018380542526,1638,0.34762308998302205,1.0,1
"iteration_4","SCOPE_DATA_COLLECTION",1200,44,2710.0,2770.0,2,7622,4634,1778,7715,4502,1632,7228,4361,1637,389,263,140,0.051069975055796246,0.05687716262975778,0.07878446820483961,0.3480962985355211,0.6756589451323366,1.0735927225908413,0.6961925970710422,0.6756589451323366,0.7157284817272275,0.30741560597675704,0.3746847053428113,0.3677458766035431,100.0,100.0,5128,4928,3978,74,6,712,0.014430577223088924,0.0012175324675324675,0.17898441427853193,0.55,0.9,0.4,0.5,20.0,35.0,65.0,0.65,0.8,0.5,0.5,30.0,45.0,55.0,1729,1698,31,1729,0.017929438982070563,1.032541814263324,1.5,0.6883612095088827,598,0.35217903415783275,1.0,1
"iteration_4","SCOPE_DATA_COLLECTION",1200,45,2770.0,2830.0,0,7795,4752,1729,7622,4634,1778,7768,4709,1700,24,40,31,0.003080082135523614,0.008422825858075385,0.017908723281340265,0.30659341499994747,0.641070232366694,1.0368521050650743,0.6131868299998949,0.641070232366694,0.6912347367100495,0.2648043254376931,0.3467827564238692,0.35352941176470587,97.5,100.0,5172,6028,3076,90,5,0,0.01740139211136891,8.294625082946251E-4,0.0,0.65,0.8,0.5,0.5,30.0,45.0,55.0,0.55,0.7000000000000001,0.6000000000000001,0.5,20.0,45.0,55.0,7803,7294,509,7803,0.06523132128668462,0.35345331502998756,0.5,0.7069066300599751,2272,0.31148889498217713,1.0,1
"iteration_4","SCOPE_DATA_COLLECTION",1200,45,2770.0,2830.0,1,7795,4752,1729,7622,4634,1778,7768,4709,1700,24,40,31,0.003080082135523614,0.008422825858075385,0.017908723281340265,0.30659341499994747,0.641070232366694,1.0368521050650743,0.6131868299998949,0.641070232366694,0.6912347367100495,0.2648043254376931,0.3467827564238692,0.35352941176470587,97.5,100.0,5172,6028,3076,90,5,0,0.01740139211136891,8.294625082946251E-4,0.0,0.65,0.8,0.5,0.5,30.0,45.0,55.0,0.55,0.7000000000000001,0.6000000000000001,0.5,20.0,45.0,55.0,4661,4358,303,4661,0.06500750911821497,0.6921934782176582,1.0,0.6921934782176582,1636,0.37540156034878386,1.0,1
"iteration_4","SCOPE_DATA_COLLECTION",1200,45,2770.0,2830.0,2,7795,4752,1729,7622,4634,1778,7768,4709,1700,24,40,31,0.003080082135523614,0.008422825858075385,0.017908723281340265,0.30659341499994747,0.641070232366694,1.0368521050650743,0.6131868299998949,0.641070232366694,0.6912347367100495,0.2648043254376931,0.3467827564238692,0.35352941176470587,97.5,100.0,5172,6028,3076,90,5,0,0.01740139211136891,8.294625082946251E-4,0.0,0.65,0.8,0.5,0.5,30.0,45.0,55.0,0.55,0.7000000000000001,0.6000000000000001,0.5,20.0,45.0,55.0,1699,1566,133,1699,0.07828134196586227,1.1191107624885117,1.5,0.7460738416590078,604,0.38569604086845466,1.0,1
"iteration_4","SCOPE_DATA_COLLECTION",1200,46,2830.0,2890.0,0,7803,4661,1699,7795,4752,1729,7301,4380,1568,509,303,133,0.06517285531370039,0.0647021140294683,0.07818930041152264,0.3541222320673138,0.6936156766331628,1.1175891427090925,0.7082444641346276,0.6936156766331628,0.7450594284727283,0.31173811806601837,0.3769406392694064,0.38456632653061223,90.0,100.0,5255,4897,4011,79,5,861,0.015033301617507136,0.0010210332856851133,0.21465968586387435,0.55,0.7000000000000001,0.6000000000000001,0.5,20.0,45.0,55.0,0.55,0.7000000000000001,0.7000000000000001,0.5,20.0,45.0,65.0,7614,7472,142,7614,0.018649855529288155,0.3415476879360756,0.5,0.6830953758721512,2241,0.2999197002141328,1.0,1
"iteration_4","SCOPE_DATA_COLLECTION",1200,46,2830.0,2890.0,1,7803,4661,1699,7795,4752,1729,7301,4380,1568,509,303,133,0.06517285531370039,0.0647021140294683,0.07818930041152264,0.3541222320673138,0.6936156766331628,1.1175891427090925,0.7082444641346276,0.6936156766331628,0.7450594284727283,0.31173811806601837,0.3769406392694064,0.38456632653061223,90.0,100.0,5255,4897,4011,79,5,861,0.015033301617507136,0.0010210332856851133,0.21465968586387435,0.55,0.7000000000000001,0.6000000000000001,0.5,20.0,45.0,55.0,0.55,0.7000000000000001,0.7000000000000001,0.5,20.0,45.0,65.0,4686,4567,119,4686,0.025394793000426803,0.668253173427598,1.0,0.668253173427598,1661,0.36369608057806,1.0,1
"iteration_4","SCOPE_DATA_COLLECTION",1200,46,2830.0,2890.0,2,7803,4661,1699,7795,4752,1729,7301,4380,1568,509,303,133,0.06517285531370039,0.0647021140294683,0.07818930041152264,0.3541222320673138,0.6936156766331628,1.1175891427090925,0.7082444641346276,0.6936156766331628,0.7450594284727283,0.31173811806601837,0.3769406392694064,0.38456632653061223,90.0,100.0,5255,4897,4011,79,5,861,0.015033301617507136,0.0010210332856851133,0.21465968586387435,0.55,0.7000000000000001,0.6000000000000001,0.5,20.0,45.0,55.0,0.55,0.7000000000000001,0.7000000000000001,0.5,20.0,45.0,65.0,1625,1574,51,1625,0.031384615384615386,1.1049491813477814,1.5,0.7366327875651876,604,0.38373570520965694,1.0,1
"iteration_4","SCOPE_DATA_COLLECTION",1200,47,2890.0,2950.0,0,7614,4686,1625,7803,4661,1699,7473,4545,1572,142,119,51,0.018647406434668418,0.02551457975986278,0.031423290203327174,0.34181848039562973,0.6683399048207183,1.1040570733416508,0.6836369607912595,0.6683399048207183,0.7360380488944339,0.3005486417770641,0.3641364136413641,0.3842239185750636,100.0,100.0,5191,4838,3896,81,4,227,0.0156039298786361,8.267879288962381E-4,0.058264887063655034,0.55,0.7000000000000001,0.7000000000000001,0.5,20.0,45.0,65.0,0.55,0.6000000000000001,0.7000000000000001,0.5,30.0,45.0,55.0,7590,7321,269,7590,0.03544137022397892,0.35312113621122093,0.5,0.7062422724224419,2247,0.3069252834312252,1.0,1
"iteration_4","SCOPE_DATA_COLLECTION",1200,47,2890.0,2950.0,1,7614,4686,1625,7803,4661,1699,7473,4545,1572,142,119,51,0.018647406434668418,0.02551457975986278,0.031423290203327174,0.34181848039562973,0.6683399048207183,1.1040570733416508,0.6836369607912595,0.6683399048207183,0.7360380488944339,0.3005486417770641,0.3641364136413641,0.3842239185750636,100.0,100.0,5191,4838,3896,81,4,227,0.0156039298786361,8.267879288962381E-4,0.058264887063655034,0.55,0.7000000000000001,0.7000000000000001,0.5,20.0,45.0,65.0,0.55,0.6000000000000001,0.7000000000000001,0.5,30.0,45.0,55.0,4556,4366,190,4556,0.04170324846356453,0.6893104256032537,1.0,0.6893104256032537,1625,0.3721942281264315,1.0,1
"iteration_4","SCOPE_DATA_COLLECTION",1200,47,2890.0,2950.0,2,7614,4686,1625,7803,4661,1699,7473,4545,1572,142,119,51,0.018647406434668418,0.02551457975986278,0.031423290203327174,0.34181848039562973,0.6683399048207183,1.1040570733416508,0.6836369607912595,0.6683399048207183,0.7360380488944339,0.3005486417770641,0.3641364136413641,0.3842239185750636,100.0,100.0,5191,4838,3896,81,4,227,0.0156039298786361,8.267879288962381E-4,0.058264887063655034,0.55,0.7000000000000001,0.7000000000000001,0.5,20.0,45.0,65.0,0.55,0.6000000000000001,0.7000000000000001,0.5,30.0,45.0,55.0,1750,1679,71,1750,0.04057142857142857,1.0680036022182013,1.5,0.7120024014788009,600,0.357355568790947,1.0,1
"iteration_4","SCOPE_DATA_COLLECTION",1200,48,2950.0,3010.0,0,7590,4556,1750,7614,4686,1625,7324,4379,1674,269,190,71,0.035427367311997894,0.0415845918144014,0.040687679083094556,0.353205079009495,0.6905595671970635,1.0669396861277478,0.70641015801899,0.6905595671970635,0.7112931240851652,0.3070726379027854,0.3722311029915506,0.35722819593787336,97.5,100.0,5253,4728,3915,66,3,461,0.012564249000571102,6.345177664974619E-4,0.1177522349936143,0.55,0.6000000000000001,0.7000000000000001,0.5,30.0,45.0,55.0,0.55,0.5,0.7000000000000001,0.5,30.0,45.0,55.0,7722,7386,336,7722,0.04351204351204351,0.3407144484162157,0.5,0.6814288968324314,2077,0.2812076902247495,1.0,1
"iteration_4","SCOPE_DATA_COLLECTION",1200,48,2950.0,3010.0,1,7590,4556,1750,7614,4686,1625,7324,4379,1674,269,190,71,0.035427367311997894,0.0415845918144014,0.040687679083094556,0.353205079009495,0.6905595671970635,1.0669396861277478,0.70641015801899,0.6905595671970635,0.7112931240851652,0.3070726379027854,0.3722311029915506,0.35722819593787336,97.5,100.0,5253,4728,3915,66,3,461,0.012564249000571102,6.345177664974619E-4,0.1177522349936143,0.55,0.6000000000000001,0.7000000000000001,0.5,30.0,45.0,55.0,0.55,0.5,0.7000000000000001,0.5,30.0,45.0,55.0,4535,4335,200,4535,0.044101433296582136,0.688044256284516,1.0,0.688044256284516,1595,0.3679354094579008,1.0,1
"iteration_4","SCOPE_DATA_COLLECTION",1200,48,2950.0,3010.0,2,7590,4556,1750,7614,4686,1625,7324,4379,1674,269,190,71,0.035427367311997894,0.0415845918144014,0.040687679083094556,0.353205079009495,0.6905595671970635,1.0669396861277478,0.70641015801899,0.6905595671970635,0.7112931240851652,0.3070726379027854,0.3722311029915506,0.35722819593787336,97.5,100.0,5253,4728,3915,66,3,461,0.012564249000571102,6.345177664974619E-4,0.1177522349936143,0.55,0.6000000000000001,0.7000000000000001,0.5,30.0,45.0,55.0,0.55,0.5,0.7000000000000001,0.5,30.0,45.0,55.0,1741,1632,109,1741,0.06260769672601953,1.1226581205586663,1.5,0.7484387470391108,640,0.39215686274509803,1.0,1
"iteration_4","SCOPE_DATA_COLLECTION",1200,49,3010.0,3070.0,0,7722,4535,1741,7590,4556,1750,7372,4318,1629,336,200,109,0.043591074208614425,0.04426737494466578,0.06271576524741082,0.33319754151376124,0.6775052701374226,1.1188434503673161,0.6663950830275225,0.6775052701374226,0.7458956335782108,0.27943570265870865,0.36428902269569247,0.39042357274401474,97.5,100.0,5156,4791,4051,102,2,541,0.01978277734678045,4.174493842621582E-4,0.13354727227844976,0.55,0.5,0.7000000000000001,0.5,30.0,45.0,55.0,0.35000000000000003,0.30000000000000004,0.5,0.30000000000000004,20.0,55.0,85.0,7623,4965,2658,7623,0.34868162140889414,0.442391729224929,0.5,0.884783458449858,2054,0.4136958710976838,1.0,1
"iteration_4","SCOPE_DATA_COLLECTION",1200,49,3010.0,3070.0,1,7722,4535,1741,7590,4556,1750,7372,4318,1629,336,200,109,0.043591074208614425,0.04426737494466578,0.06271576524741082,0.33319754151376124,0.6775052701374226,1.1188434503673161,0.6663950830275225,0.6775052701374226,0.7458956335782108,0.27943570265870865,0.36428902269569247,0.39042357274401474,97.5,100.0,5156,4791,4051,102,2,541,0.01978277734678045,4.174493842621582E-4,0.13354727227844976,0.55,0.5,0.7000000000000001,0.5,30.0,45.0,55.0,0.35000000000000003,0.30000000000000004,0.5,0.30000000000000004,20.0,55.0,85.0,4690,3034,1656,4690,0.353091684434968,0.9337466666332598,1.0,0.9337466666332598,1689,0.5566908371786421,1.0,1
"iteration_4","SCOPE_DATA_COLLECTION",1200,49,3010.0,3070.0,2,7722,4535,1741,7590,4556,1750,7372,4318,1629,336,200,109,0.043591074208614425,0.04426737494466578,0.06271576524741082,0.33319754151376124,0.6775052701374226,1.1188434503673161,0.6663950830275225,0.6775052701374226,0.7458956335782108,0.27943570265870865,0.36428902269569247,0.39042357274401474,97.5,100.0,5156,4791,4051,102,2,541,0.01978277734678045,4.174493842621582E-4,0.13354727227844976,0.55,0.5,0.7000000000000001,0.5,30.0,45.0,55.0,0.35000000000000003,0.30000000000000004,0.5,0.30000000000000004,20.0,55.0,85.0,1721,1084,637,1721,0.3701336432306798,1.4687529028955923,1.5,0.9791686019303949,613,0.5654981549815498,1.0,1
"iteration_4","SCOPE_DATA_COLLECTION",1200,50,3070.0,3130.0,0,7623,4690,1721,7722,4535,1741,4965,3049,1094,2658,1656,637,0.34868162140889414,0.3519659936238045,0.36799537839399193,0.4520651221614222,0.9373042650432912,1.4649890844337015,0.9041302443228444,0.9373042650432912,0.9766593896224677,0.4136958710976838,0.5575598556903902,0.5630712979890311,100.0,100.0,5221,3058,5755,71,0,4880,0.013598927408542424,0.0,0.8479582971329279,0.35000000000000003,0.30000000000000004,0.5,0.30000000000000004,20.0,55.0,85.0,0.35000000000000003,0.4,0.5,0.4,20.0,55.0,75.0,7783,5016,2767,7783,0.3555184376204548,0.47681686453023076,0.5,0.9536337290604615,2079,0.4144736842105263,1.0,1
"iteration_4","SCOPE_DATA_COLLECTION",1200,50,3070.0,3130.0,1,7623,4690,1721,7722,4535,1741,4965,3049,1094,2658,1656,637,0.34868162140889414,0.3519659936238045,0.36799537839399193,0.4520651221614222,0.9373042650432912,1.4649890844337015,0.9041302443228444,0.9373042650432912,0.9766593896224677,0.4136958710976838,0.5575598556903902,0.5630712979890311,100.0,100.0,5221,3058,5755,71,0,4880,0.013598927408542424,0.0,0.8479582971329279,0.35000000000000003,0.30000000000000004,0.5,0.30000000000000004,20.0,55.0,85.0,0.35000000000000003,0.4,0.5,0.4,20.0,55.0,75.0,4781,2974,1807,4781,0.3779544028445932,0.954452466811222,1.0,0.954452466811222,1699,0.5712844653665098,1.0,1
"iteration_4","SCOPE_DATA_COLLECTION",1200,50,3070.0,3130.0,2,7623,4690,1721,7722,4535,1741,4965,3049,1094,2658,1656,637,0.34868162140889414,0.3519659936238045,0.36799537839399193,0.4520651221614222,0.9373042650432912,1.4649890844337015,0.9041302443228444,0.9373042650432912,0.9766593896224677,0.4136958710976838,0.5575598556903902,0.5630712979890311,100.0,100.0,5221,3058,5755,71,0,4880,0.013598927408542424,0.0,0.8479582971329279,0.35000000000000003,0.30000000000000004,0.5,0.30000000000000004,20.0,55.0,85.0,0.35000000000000003,0.4,0.5,0.4,20.0,55.0,75.0,1726,1048,678,1726,0.3928157589803013,1.4733917965287187,1.5,0.9822611976858124,588,0.5610687022900763,1.0,1
"iteration_4","SCOPE_DATA_COLLECTION",1200,51,3130.0,3190.0,0,7783,4781,1726,7623,4690,1721,5032,2975,1050,2767,1807,678,0.3547890755225029,0.37787536595566706,0.3923611111111111,0.4775664040220829,0.9615512280962625,1.4807952955547388,0.9551328080441658,0.9615512280962625,0.9871968637031592,0.4151430842607313,0.5721008403361345,0.5628571428571428,97.5,100.0,5268,3152,5870,64,4,5184,0.012148823082763858,0.0012690355329949238,0.8831345826235094,0.35000000000000003,0.4,0.5,0.4,20.0,55.0,75.0,0.35000000000000003,0.5,0.6000000000000001,0.5,20.0,65.0,75.0,7796,5083,2713,7796,0.34799897383273476,0.44630165242701986,0.5,0.8926033048540397,2325,0.45740704308479246,1.0,1
"iteration_4","SCOPE_DATA_COLLECTION",1200,51,3130.0,3190.0,1,7783,4781,1726,7623,4690,1721,5032,2975,1050,2767,1807,678,0.3547890755225029,0.37787536595566706,0.3923611111111111,0.4775664040220829,0.9615512280962625,1.4807952955547388,0.9551328080441658,0.9615512280962625,0.9871968637031592,0.4151430842607313,0.5721008403361345,0.5628571428571428,97.5,100.0,5268,3152,5870,64,4,5184,0.012148823082763858,0.0012690355329949238,0.8831345826235094,0.35000000000000003,0.4,0.5,0.4,20.0,55.0,75.0,0.35000000000000003,0.5,0.6000000000000001,0.5,20.0,65.0,75.0,4780,3037,1743,4780,0.36464435146443513,0.897495999782779,1.0,0.897495999782779,1664,0.5479091208429371,1.0,1
"iteration_4","SCOPE_DATA_COLLECTION",1200,51,3130.0,3190.0,2,7783,4781,1726,7623,4690,1721,5032,2975,1050,2767,1807,678,0.3547890755225029,0.37787536595566706,0.3923611111111111,0.4775664040220829,0.9615512280962625,1.4807952955547388,0.9551328080441658,0.9615512280962625,0.9871968637031592,0.4151430842607313,0.5721008403361345,0.5628571428571428,97.5,100.0,5268,3152,5870,64,4,5184,0.012148823082763858,0.0012690355329949238,0.8831345826235094,0.35000000000000003,0.4,0.5,0.4,20.0,55.0,75.0,0.35000000000000003,0.5,0.6000000000000001,0.5,20.0,65.0,75.0,1619,1002,617,1619,0.3810994441012971,1.4565061256681664,1.5,0.9710040837787776,572,0.5708582834331337,1.0,1
"iteration_4","SCOPE_DATA_COLLECTION",1200,52,3190.0,3250.0,0,7796,4780,1619,7783,4781,1726,5090,3030,1004,2713,1743,617,0.34768678713315393,0.3651791326209931,0.38062924120913016,0.44621135979895216,0.89415912849958,1.4564650353803934,0.8924227195979043,0.89415912849958,0.9709766902535956,0.4579567779960707,0.5468646864686468,0.5727091633466136,97.5,100.0,5317,3151,5727,64,0,5009,0.012036862892608614,0.0,0.8746289505849485,0.35000000000000003,0.5,0.6000000000000001,0.5,20.0,65.0,75.0,0.25,0.6000000000000001,0.5,0.6000000000000001,20.0,75.0,65.0,7742,4092,3650,7742,0.4714544045466288,0.49716151865316344,0.5,0.9943230373063269,2141,0.5232160312805474,1.0,1
"iteration_4","SCOPE_DATA_COLLECTION",1200,52,3190.0,3250.0,1,7796,4780,1619,7783,4781,1726,5090,3030,1004,2713,1743,617,0.34768678713315393,0.3651791326209931,0.38062924120913016,0.44621135979895216,0.89415912849958,1.4564650353803934,0.8924227195979043,0.89415912849958,0.9709766902535956,0.4579567779960707,0.5468646864686468,0.5727091633466136,97.5,100.0,5317,3151,5727,64,0,5009,0.012036862892608614,0.0,0.8746289505849485,0.35000000000000003,0.5,0.6000000000000001,0.5,20.0,65.0,75.0,0.25,0.6000000000000001,0.5,0.6000000000000001,20.0,75.0,65.0,4750,2456,2294,4750,0.4829473684210526,1.0253959423291226,1.0,1.0253959423291226,1613,0.6567589576547231,1.0,1
"iteration_4","SCOPE_DATA_COLLECTION",1200,52,3190.0,3250.0,2,7796,4780,1619,7783,4781,1726,5090,3030,1004,2713,1743,617,0.34768678713315393,0.3651791326209931,0.38062924120913016,0.44621135979895216,0.89415912849958,1.4564650353803934,0.8924227195979043,0.89415912849958,0.9709766902535956,0.4579567779960707,0.5468646864686468,0.5727091633466136,97.5,100.0,5317,3151,5727,64,0,5009,0.012036862892608614,0.0,0.8746289505849485,0.35000000000000003,0.5,0.6000000000000001,0.5,20.0,65.0,75.0,0.25,0.6000000000000001,0.5,0.6000000000000001,20.0,75.0,65.0,1653,856,797,1653,0.4821536600120992,1.7616447620448057,1.5,1.1744298413632037,619,0.7231308411214953,1.0,1
"iteration_4","SCOPE_DATA_COLLECTION",1200,53,3250.0,3310.0,0,7742,4750,1653,7796,4780,1619,4087,2460,851,3650,2294,797,0.47175907974667186,0.48254101809002947,0.4836165048543689,0.49624571586645644,1.0272359420806276,1.7561788905438214,0.9924914317329129,1.0272359420806276,1.1707859270292142,0.5231220944458038,0.6577235772357723,0.7191539365452408,97.5,100.0,5243,2262,6640,100,1,6640,0.019073049780659927,4.420866489832007E-4,1.0,0.25,0.6000000000000001,0.5,0.6000000000000001,20.0,75.0,65.0,0.25,0.6000000000000001,0.5,0.6000000000000001,20.0,85.0,65.0,7646,4029,3617,7646,0.4730578080041852,0.4855578975297323,0.5,0.9711157950594645,2037,0.505584512285927,1.0,1
"iteration_4","SCOPE_DATA_COLLECTION",1200,53,3250.0,3310.0,1,7742,4750,1653,7796,4780,1619,4087,2460,851,3650,2294,797,0.47175907974667186,0.48254101809002947,0.4836165048543689,0.49624571586645644,1.0272359420806276,1.7561788905438214,0.9924914317329129,1.0272359420806276,1.1707859270292142,0.5231220944458038,0.6577235772357723,0.7191539365452408,97.5,100.0,5243,2262,6640,100,1,6640,0.019073049780659927,4.420866489832007E-4,1.0,0.25,0.6000000000000001,0.5,0.6000000000000001,20.0,75.0,65.0,0.25,0.6000000000000001,0.5,0.6000000000000001,20.0,85.0,65.0,4710,2452,2258,4710,0.4794055201698514,1.0025727680199044,1.0,1.0025727680199044,1599,0.6521207177814029,1.0,1
"iteration_4","SCOPE_DATA_COLLECTION",1200,53,3250.0,3310.0,2,7742,4750,1653,7796,4780,1619,4087,2460,851,3650,2294,797,0.47175907974667186,0.48254101809002947,0.4836165048543689,0.49624571586645644,1.0272359420806276,1.7561788905438214,0.9924914317329129,1.0272359420806276,1.1707859270292142,0.5231220944458038,0.6577235772357723,0.7191539365452408,97.5,100.0,5243,2262,6640,100,1,6640,0.019073049780659927,4.420866489832007E-4,1.0,0.25,0.6000000000000001,0.5,0.6000000000000001,20.0,75.0,65.0,0.25,0.6000000000000001,0.5,0.6000000000000001,20.0,85.0,65.0,1719,872,847,1719,0.4927283304246655,1.6774559770260962,1.5,1.1183039846840641,599,0.6869266055045872,1.0,1
"iteration_4","SCOPE_DATA_COLLECTION",1200,54,3310.0,3370.0,0,7646,4710,1719,7742,4750,1653,4022,2456,875,3617,2258,847,0.4734912946720775,0.4789987271955876,0.491869918699187,0.48592502780648783,1.0029969114051087,1.679661071532421,0.9718500556129757,1.0029969114051087,1.1197740476882807,0.5044753853804077,0.6510586319218241,0.688,97.5,100.0,5261,2188,6626,93,3,6626,0.017677247671545333,0.0013711151736745886,1.0,0.25,0.6000000000000001,0.5,0.6000000000000001,20.0,85.0,65.0,0.15000000000000002,0.7000000000000001,0.5,0.6000000000000001,20.0,95.0,75.0,7693,3452,4241,7693,0.5512803847653711,0.5276645915846845,0.5,1.055329183169369,1958,0.56720741599073,1.0,1
"iteration_4","SCOPE_DATA_COLLECTION",1200,54,3310.0,3370.0,1,7646,4710,1719,7742,4750,1653,4022,2456,875,3617,2258,847,0.4734912946720775,0.4789987271955876,0.491869918699187,0.48592502780648783,1.0029969114051087,1.679661071532421,0.9718500556129757,1.0029969114051087,1.1197740476882807,0.5044753853804077,0.6510586319218241,0.688,97.5,100.0,5261,2188,6626,93,3,6626,0.017677247671545333,0.0013711151736745886,1.0,0.25,0.6000000000000001,0.5,0.6000000000000001,20.0,85.0,65.0,0.15000000000000002,0.7000000000000001,0.5,0.6000000000000001,20.0,95.0,75.0,4734,2167,2567,4734,0.542247570764681,1.123731964307475,1.0,1.123731964307475,1648,0.7604983848638671,1.0,1
"iteration_4","SCOPE_DATA_COLLECTION",1200,54,3310.0,3370.0,2,7646,4710,1719,7742,4750,1653,4022,2456,875,3617,2258,847,0.4734912946720775,0.4789987271955876,0.491869918699187,0.48592502780648783,1.0029969114051087,1.679661071532421,0.9718500556129757,1.0029969114051087,1.1197740476882807,0.5044753853804077,0.6510586319218241,0.688,97.5,100.0,5261,2188,6626,93,3,6626,0.017677247671545333,0.0013711151736745886,1.0,0.25,0.6000000000000001,0.5,0.6000000000000001,20.0,85.0,65.0,0.15000000000000002,0.7000000000000001,0.5,0.6000000000000001,20.0,95.0,75.0,1767,747,1020,1767,0.5772495755517827,1.8966612887445093,1.5,1.2644408591630063,597,0.7991967871485943,1.0,1
"iteration_4","SCOPE_DATA_COLLECTION",1200,55,3370.0,3430.0,0,7693,4734,1767,7646,4710,1719,3459,2172,745,4241,2567,1020,0.5507792207792208,0.541675458957586,0.5779036827195467,0.5281249565372452,1.1223449791509592,1.8912922877388936,1.0562499130744905,1.1223449791509592,1.2608615251592623,0.5675050592656837,0.7615101289134438,0.7973154362416107,100.0,100.0,5137,1295,7762,64,2,7762,0.012458633443644151,0.0015444015444015444,1.0,0.15000000000000002,0.7000000000000001,0.5,0.6000000000000001,20.0,95.0,75.0,0.05,0.7000000000000001,0.5,0.7000000000000001,20.0,85.0,85.0,7671,2996,4675,7671,0.6094381436579325,0.5892324613994089,0.5,1.1784649227988178,1949,0.6505340453938585,1.0,1
"iteration_4","SCOPE_DATA_COLLECTION",1200,55,3370.0,3430.0,1,7693,4734,1767,7646,4710,1719,3459,2172,745,4241,2567,1020,0.5507792207792208,0.541675458957586,0.5779036827195467,0.5281249565372452,1.1223449791509592,1.8912922877388936,1.0562499130744905,1.1223449791509592,1.2608615251592623,0.5675050592656837,0.7615101289134438,0.7973154362416107,100.0,100.0,5137,1295,7762,64,2,7762,0.012458633443644151,0.0015444015444015444,1.0,0.15000000000000002,0.7000000000000001,0.5,0.6000000000000001,20.0,95.0,75.0,0.05,0.7000000000000001,0.5,0.7000000000000001,20.0,85.0,85.0,4659,1812,2847,4659,0.6110753380553767,1.2493647712538003,1.0,1.2493647712538003,1550,0.8554083885209713,1.0,1
"iteration_4","SCOPE_DATA_COLLECTION",1200,55,3370.0,3430.0,2,7693,4734,1767,7646,4710,1719,3459,2172,745,4241,2567,1020,0.5507792207792208,0.541675458957586,0.5779036827195467,0.5281249565372452,1.1223449791509592,1.8912922877388936,1.0562499130744905,1.1223449791509592,1.2608615251592623,0.5675050592656837,0.7615101289134438,0.7973154362416107,100.0,100.0,5137,1295,7762,64,2,7762,0.012458633443644151,0.0015444015444015444,1.0,0.15000000000000002,0.7000000000000001,0.5,0.6000000000000001,20.0,95.0,75.0,0.05,0.7000000000000001,0.5,0.7000000000000001,20.0,85.0,85.0,1712,674,1038,1712,0.6063084112149533,2.109414375640754,1.5,1.4062762504271695,614,0.9109792284866469,1.0,1
"iteration_4","SCOPE_DATA_COLLECTION",1200,56,3430.0,3490.0,0,7671,4659,1712,7693,4734,1767,3004,1797,677,4675,2847,1038,0.6088032295871858,0.6130490956072352,0.6052478134110787,0.5882495467832497,1.245577248738057,2.1108435211158443,1.1764990935664994,1.245577248738057,1.4072290140772294,0.6511318242343542,0.8536449638286032,0.9113737075332349,100.0,100.0,5086,474,8482,78,0,8482,0.01533621706645694,0.0,1.0,0.05,0.7000000000000001,0.5,0.7000000000000001,20.0,85.0,85.0,0.15000000000000002,0.6000000000000001,0.6000000000000001,0.6000000000000001,20.0,75.0,95.0,7663,3626,4037,7663,0.5268171734307713,0.5384315979149988,0.5,1.0768631958299977,2125,0.5860452289023718,1.0,1
"iteration_4","SCOPE_DATA_COLLECTION",1200,56,3430.0,3490.0,1,7671,4659,1712,7693,4734,1767,3004,1797,677,4675,2847,1038,0.6088032295871858,0.6130490956072352,0.6052478134110787,0.5882495467832497,1.245577248738057,2.1108435211158443,1.1764990935664994,1.245577248738057,1.4072290140772294,0.6511318242343542,0.8536449638286032,0.9113737075332349,100.0,100.0,5086,474,8482,78,0,8482,0.01533621706645694,0.0,1.0,0.05,0.7000000000000001,0.5,0.7000000000000001,20.0,85.0,85.0,0.15000000000000002,0.6000000000000001,0.6000000000000001,0.6000000000000001,20.0,75.0,95.0,4735,2214,2521,4735,0.5324181626187962,1.1338309174940042,1.0,1.1338309174940042,1649,0.7448057813911473,1.0,1
"iteration_4","SCOPE_DATA_COLLECTION",1200,56,3430.0,3490.0,2,7671,4659,1712,7693,4734,1767,3004,1797,677,4675,2847,1038,0.6088032295871858,0.6130490956072352,0.6052478134110787,0.5882495467832497,1.245577248738057,2.1108435211158443,1.1764990935664994,1.245577248738057,1.4072290140772294,0.6511318242343542,0.8536449638286032,0.9113737075332349,100.0,100.0,5086,474,8482,78,0,8482,0.01533621706645694,0.0,1.0,0.05,0.7000000000000001,0.5,0.7000000000000001,20.0,85.0,85.0,0.15000000000000002,0.6000000000000001,0.6000000000000001,0.6000000000000001,20.0,75.0,95.0,1610,726,884,1610,0.5490683229813664,1.821316773246929,1.5,1.2142111821646193,547,0.7534435261707989,1.0,1
"iteration_4","SCOPE_DATA_COLLECTION",1200,57,3490.0,3550.0,0,7663,4735,1610,7671,4659,1712,3624,2217,727,4037,2521,884,0.5269547056520036,0.5320810468552132,0.5487274984481688,0.5385786118170884,1.1381756086408832,1.8216745759789816,1.0771572236341769,1.1381756086408832,1.2144497173193212,0.5860927152317881,0.7469553450608931,0.7537826685006878,97.5,100.0,5321,1317,7370,70,2,7370,0.013155421913174216,0.0015186028853454822,1.0,0.15000000000000002,0.6000000000000001,0.6000000000000001,0.6000000000000001,20.0,75.0,95.0,0.25,0.6000000000000001,0.5,0.7000000000000001,20.0,85.0,95.0,7632,4001,3631,7632,0.4757599580712788,0.479724968937392,0.5,0.959449937874784,1916,0.47888027993001747,1.0,1
"iteration_4","SCOPE_DATA_COLLECTION",1200,57,3490.0,3550.0,1,7663,4735,1610,7671,4659,1712,3624,2217,727,4037,2521,884,0.5269547056520036,0.5320810468552132,0.5487274984481688,0.5385786118170884,1.1381756086408832,1.8216745759789816,1.0771572236341769,1.1381756086408832,1.2144497173193212,0.5860927152317881,0.7469553450608931,0.7537826685006878,97.5,100.0,5321,1317,7370,70,2,7370,0.013155421913174216,0.0015186028853454822,1.0,0.15000000000000002,0.6000000000000001,0.6000000000000001,0.6000000000000001,20.0,75.0,95.0,0.25,0.6000000000000001,0.5,0.7000000000000001,20.0,85.0,95.0,4670,2471,2199,4670,0.4708779443254818,1.024196968018319,1.0,1.024196968018319,1634,0.6612707405908539,1.0,1
"iteration_4","SCOPE_DATA_COLLECTION",1200,57,3490.0,3550.0,2,7663,4735,1610,7671,4659,1712,3624,2217,727,4037,2521,884,0.5269547056520036,0.5320810468552132,0.5487274984481688,0.5385786118170884,1.1381756086408832,1.8216745759789816,1.0771572236341769,1.1381756086408832,1.2144497173193212,0.5860927152317881,0.7469553450608931,0.7537826685006878,97.5,100.0,5321,1317,7370,70,2,7370,0.013155421913174216,0.0015186028853454822,1.0,0.15000000000000002,0.6000000000000001,0.6000000000000001,0.6000000000000001,20.0,75.0,95.0,0.25,0.6000000000000001,0.5,0.7000000000000001,20.0,85.0,95.0,1765,895,870,1765,0.49291784702549574,1.69245216801686,1.5,1.1283014453445734,619,0.6916201117318436,1.0,1
"iteration_4","SCOPE_DATA_COLLECTION",1200,58,3550.0,3618.2002110353415,0,7632,4670,1765,7663,4735,1610,3995,2484,889,3631,2199,870,0.476134277471807,0.4695707879564382,0.49459920409323477,0.4798119545508847,1.0285653860919448,1.689222480763647,0.9596239091017694,1.0285653860919448,1.1261483205090979,0.47959949937421775,0.6642512077294686,0.6895388076490439,100.0,100.0,5145,2207,6715,79,4,6617,0.015354713313896987,0.0018124150430448573,0.9854058078927773,0.25,0.6000000000000001,0.5,0.7000000000000001,20.0,85.0,95.0,0.9500000000000001,0.5,0.9,0.6000000000000001,55.0,80.0,80.0,6387,6316,21,6337,0.00331387091683762,0.3207786258084674,0.5,0.6415572516169348,1694,0.2682077264091197,0.9921715985595742,0
"iteration_4","SCOPE_DATA_COLLECTION",1200,58,3550.0,3618.2002110353415,1,7632,4670,1765,7663,4735,1610,3995,2484,889,3631,2199,870,0.476134277471807,0.4695707879564382,0.49459920409323477,0.4798119545508847,1.0285653860919448,1.689222480763647,0.9596239091017694,1.0285653860919448,1.1261483205090979,0.47959949937421775,0.6642512077294686,0.6895388076490439,100.0,100.0,5145,2207,6715,79,4,6617,0.015354713313896987,0.0018124150430448573,0.9854058078927773,0.25,0.6000000000000001,0.5,0.7000000000000001,20.0,85.0,95.0,0.9500000000000001,0.5,0.9,0.6000000000000001,55.0,80.0,80.0,3857,3761,33,3794,0.008697944122298365,0.6609363965631803,1.0,0.6609363965631803,1323,0.3517681467694762,0.9836660617059891,0
"iteration_4","SCOPE_DATA_COLLECTION",1200,58,3550.0,3618.2002110353415,2,7632,4670,1765,7663,4735,1610,3995,2484,889,3631,2199,870,0.476134277471807,0.4695707879564382,0.49459920409323477,0.4798119545508847,1.0285653860919448,1.689222480763647,0.9596239091017694,1.0285653860919448,1.1261483205090979,0.47959949937421775,0.6642512077294686,0.6895388076490439,100.0,100.0,5145,2207,6715,79,4,6617,0.015354713313896987,0.0018124150430448573,0.9854058078927773,0.25,0.6000000000000001,0.5,0.7000000000000001,20.0,85.0,95.0,0.9500000000000001,0.5,0.9,0.6000000000000001,55.0,80.0,80.0,1454,1408,24,1432,0.01675977653631285,1.0415920482466179,1.5,0.6943946988310786,491,0.3487215909090909,0.984869325997249,0
"iteration_4","SCOPE_DATA_COLLECTION",1300,0,70.0,130.0,0,6649,4844,1805,0,0,0,6423,4645,1693,185,141,78,0.02799636803874092,0.029460927705808607,0.044042913608131,0.3139851050890678,0.660852608479705,1.0176055402721527,0.6279702101781356,0.660852608479705,0.6784036935147685,0.26996730499766464,0.3547900968783638,0.3419964559952747,100.0,100.0,4860,5038,3400,86,4,314,0.017695473251028805,7.939658594680428E-4,0.09235294117647058,0.6,0.5,0.7,0.4,85.0,80.0,90.0,0.8500000000000001,0.6000000000000001,0.7000000000000001,0.30000000000000004,45.0,65.0,20.0,7429,7397,32,7429,0.0043074438013191545,0.31399660359929304,0.5,0.6279932071985861,2031,0.2745707719345681,1.0,1
"iteration_4","SCOPE_DATA_COLLECTION",1300,0,70.0,130.0,1,6649,4844,1805,0,0,0,6423,4645,1693,185,141,78,0.02799636803874092,0.029460927705808607,0.044042913608131,0.3139851050890678,0.660852608479705,1.0176055402721527,0.6279702101781356,0.660852608479705,0.6784036935147685,0.26996730499766464,0.3547900968783638,0.3419964559952747,100.0,100.0,4860,5038,3400,86,4,314,0.017695473251028805,7.939658594680428E-4,0.09235294117647058,0.6,0.5,0.7,0.4,85.0,80.0,90.0,0.8500000000000001,0.6000000000000001,0.7000000000000001,0.30000000000000004,45.0,65.0,20.0,5128,5063,65,5128,0.01267550702028081,0.6568896917680503,1.0,0.6568896917680503,1722,0.34011455658700374,1.0,1
"iteration_4","SCOPE_DATA_COLLECTION",1300,0,70.0,130.0,2,6649,4844,1805,0,0,0,6423,4645,1693,185,141,78,0.02799636803874092,0.029460927705808607,0.044042913608131,0.3139851050890678,0.660852608479705,1.0176055402721527,0.6279702101781356,0.660852608479705,0.6784036935147685,0.26996730499766464,0.3547900968783638,0.3419964559952747,100.0,100.0,4860,5038,3400,86,4,314,0.017695473251028805,7.939658594680428E-4,0.09235294117647058,0.6,0.5,0.7,0.4,85.0,80.0,90.0,0.8500000000000001,0.6000000000000001,0.7000000000000001,0.30000000000000004,45.0,65.0,20.0,1994,1948,46,1994,0.023069207622868605,1.0161413524289151,1.5,0.6774275682859434,663,0.34034907597535935,1.0,1
"iteration_4","SCOPE_DATA_COLLECTION",1300,1,130.0,190.0,0,7429,5128,1994,6649,4844,1805,7394,5062,1955,32,65,46,0.0043091839482897925,0.012677979325141408,0.022988505747126436,0.31372544818436676,0.6533908021058962,1.018622249586977,0.6274508963687335,0.6533908021058962,0.6790814997246514,0.2745469299431972,0.3386013433425524,0.3421994884910486,97.5,100.0,5096,8021,1434,132,11,0,0.025902668759811617,0.0013714000748036405,0.0,0.8500000000000001,0.6000000000000001,0.7000000000000001,0.30000000000000004,45.0,65.0,20.0,0.75,0.5,0.7000000000000001,0.30000000000000004,35.0,75.0,20.0,7375,7364,11,7375,0.0014915254237288136,0.3062368217032224,0.5,0.6124736434064448,1962,0.26643128734383487,1.0,1
"iteration_4","SCOPE_DATA_COLLECTION",1300,1,130.0,190.0,1,7429,5128,1994,6649,4844,1805,7394,5062,1955,32,65,46,0.0043091839482897925,0.012677979325141408,0.022988505747126436,0.31372544818436676,0.6533908021058962,1.018622249586977,0.6274508963687335,0.6533908021058962,0.6790814997246514,0.2745469299431972,0.3386013433425524,0.3421994884910486,97.5,100.0,5096,8021,1434,132,11,0,0.025902668759811617,0.0013714000748036405,0.0,0.8500000000000001,0.6000000000000001,0.7000000000000001,0.30000000000000004,45.0,65.0,20.0,0.75,0.5,0.7000000000000001,0.30000000000000004,35.0,75.0,20.0,5352,5306,46,5352,0.0085949177877429,0.6388296242027914,1.0,0.6388296242027914,1758,0.33132303053147383,1.0,1
"iteration_4","SCOPE_DATA_COLLECTION",1300,1,130.0,190.0,2,7429,5128,1994,6649,4844,1805,7394,5062,1955,32,65,46,0.0043091839482897925,0.012677979325141408,0.022988505747126436,0.31372544818436676,0.6533908021058962,1.018622249586977,0.6274508963687335,0.6533908021058962,0.6790814997246514,0.2745469299431972,0.3386013433425524,0.3421994884910486,97.5,100.0,5096,8021,1434,132,11,0,0.025902668759811617,0.0013714000748036405,0.0,0.8500000000000001,0.6000000000000001,0.7000000000000001,0.30000000000000004,45.0,65.0,20.0,0.75,0.5,0.7000000000000001,0.30000000000000004,35.0,75.0,20.0,1890,1860,30,1890,0.015873015873015872,0.9987017330810017,1.5,0.6658011553873345,625,0.33602150537634407,1.0,1
"iteration_4","SCOPE_DATA_COLLECTION",1300,2,190.0,250.0,0,7375,5352,1890,7429,5128,1994,7348,5315,1858,11,46,30,0.0014947683109118087,0.008580488714792016,0.015889830508474576,0.306717780640275,0.6412824377756849,0.9968768221414939,0.61343556128055,0.6412824377756849,0.6645845480943292,0.2666031573217202,0.3324553151458137,0.3353067814854682,97.5,100.0,5086,7103,2428,84,3,0,0.01651592607156901,4.2235675066873153E-4,0.0,0.75,0.5,0.7000000000000001,0.30000000000000004,35.0,75.0,20.0,0.8500000000000001,0.4,0.6000000000000001,0.4,35.0,65.0,20.0,7615,7577,38,7615,0.004990151017728168,0.3116091738025326,0.5,0.6232183476050652,2027,0.2675201266992213,1.0,1
"iteration_4","SCOPE_DATA_COLLECTION",1300,2,190.0,250.0,1,7375,5352,1890,7429,5128,1994,7348,5315,1858,11,46,30,0.0014947683109118087,0.008580488714792016,0.015889830508474576,0.306717780640275,0.6412824377756849,0.9968768221414939,0.61343556128055,0.6412824377756849,0.6645845480943292,0.2666031573217202,0.3324553151458137,0.3353067814854682,97.5,100.0,5086,7103,2428,84,3,0,0.01651592607156901,4.2235675066873153E-4,0.0,0.75,0.5,0.7000000000000001,0.30000000000000004,35.0,75.0,20.0,0.8500000000000001,0.4,0.6000000000000001,0.4,35.0,65.0,20.0,5292,5240,52,5292,0.009826152683295541,0.6690133955506321,1.0,0.6690133955506321,1817,0.3467557251908397,1.0,1
"iteration_4","SCOPE_DATA_COLLECTION",1300,2,190.0,250.0,2,7375,5352,1890,7429,5128,1994,7348,5315,1858,11,46,30,0.0014947683109118087,0.008580488714792016,0.015889830508474576,0.306717780640275,0.6412824377756849,0.9968768221414939,0.61343556128055,0.6412824377756849,0.6645845480943292,0.2666031573217202,0.3324553151458137,0.3353067814854682,97.5,100.0,5086,7103,2428,84,3,0,0.01651592607156901,4.2235675066873153E-4,0.0,0.75,0.5,0.7000000000000001,0.30000000000000004,35.0,75.0,20.0,0.8500000000000001,0.4,0.6000000000000001,0.4,35.0,65.0,20.0,1925,1887,38,1925,0.019740259740259742,1.0282247651680436,1.5,0.6854831767786957,641,0.33969263381028086,1.0,1
"iteration_4","SCOPE_DATA_COLLECTION",1300,3,250.0,310.0,0,7615,5292,1925,7375,5352,1890,7595,5237,1885,38,52,38,0.004978383335516835,0.009831726224238986,0.019760790431617263,0.3115892044720178,0.6687861474751299,1.025834483906212,0.6231784089440356,0.6687861474751299,0.6838896559374746,0.26780776826859776,0.3471453122016422,0.3384615384615385,100.0,100.0,5110,8281,1441,101,27,0,0.019765166340508806,0.0032604757879483156,0.0,0.8500000000000001,0.4,0.6000000000000001,0.4,35.0,65.0,20.0,0.9500000000000001,0.4,0.5,0.5,35.0,65.0,20.0,7302,7264,38,7302,0.005204053683922213,0.3308394131973598,0.5,0.6616788263947196,1974,0.2717511013215859,1.0,1
"iteration_4","SCOPE_DATA_COLLECTION",1300,3,250.0,310.0,1,7615,5292,1925,7375,5352,1890,7595,5237,1885,38,52,38,0.004978383335516835,0.009831726224238986,0.019760790431617263,0.3115892044720178,0.6687861474751299,1.025834483906212,0.6231784089440356,0.6687861474751299,0.6838896559374746,0.26780776826859776,0.3471453122016422,0.3384615384615385,100.0,100.0,5110,8281,1441,101,27,0,0.019765166340508806,0.0032604757879483156,0.0,0.8500000000000001,0.4,0.6000000000000001,0.4,35.0,65.0,20.0,0.9500000000000001,0.4,0.5,0.5,35.0,65.0,20.0,5385,5334,51,5385,0.00947075208913649,0.6662737402166691,1.0,0.6662737402166691,1803,0.3380202474690664,1.0,1
"iteration_4","SCOPE_DATA_COLLECTION",1300,3,250.0,310.0,2,7615,5292,1925,7375,5352,1890,7595,5237,1885,38,52,38,0.004978383335516835,0.009831726224238986,0.019760790431617263,0.3115892044720178,0.6687861474751299,1.025834483906212,0.6231784089440356,0.6687861474751299,0.6838896559374746,0.26780776826859776,0.3471453122016422,0.3384615384615385,100.0,100.0,5110,8281,1441,101,27,0,0.019765166340508806,0.0032604757879483156,0.0,0.8500000000000001,0.4,0.6000000000000001,0.4,35.0,65.0,20.0,0.9500000000000001,0.4,0.5,0.5,35.0,65.0,20.0,1922,1866,56,1922,0.029136316337148804,1.0491349873082236,1.5,0.6994233248721491,633,0.3392282958199357,1.0,1
"iteration_4","SCOPE_DATA_COLLECTION",1300,4,310.0,370.0,0,7302,5385,1922,7615,5292,1925,7275,5329,1865,38,51,56,0.0051962258990838235,0.009479553903345725,0.029151483602290473,0.3310064519288622,0.6672401002824244,1.0508344215796879,0.6620129038577244,0.6672401002824244,0.7005562810531253,0.2725773195876289,0.33758678926627883,0.33994638069705096,100.0,100.0,5093,9070,446,119,26,0,0.023365403494993126,0.002866593164277839,0.0,0.9500000000000001,0.4,0.5,0.5,35.0,65.0,20.0,0.15000000000000002,0.8,0.5,0.2,55.0,65.0,75.0,7431,3243,4188,7431,0.5635849818328623,0.5498225817087551,0.5,1.0996451634175102,1945,0.5997533148319457,1.0,1
"iteration_4","SCOPE_DATA_COLLECTION",1300,4,310.0,370.0,1,7302,5385,1922,7615,5292,1925,7275,5329,1865,38,51,56,0.0051962258990838235,0.009479553903345725,0.029151483602290473,0.3310064519288622,0.6672401002824244,1.0508344215796879,0.6620129038577244,0.6672401002824244,0.7005562810531253,0.2725773195876289,0.33758678926627883,0.33994638069705096,100.0,100.0,5093,9070,446,119,26,0,0.023365403494993126,0.002866593164277839,0.0,0.9500000000000001,0.4,0.5,0.5,35.0,65.0,20.0,0.15000000000000002,0.8,0.5,0.2,55.0,65.0,75.0,5177,2289,2888,5177,0.5578520378597643,1.1435615468476648,1.0,1.1435615468476648,1707,0.745740498034076,1.0,1
"iteration_4","SCOPE_DATA_COLLECTION",1300,4,310.0,370.0,2,7302,5385,1922,7615,5292,1925,7275,5329,1865,38,51,56,0.0051962258990838235,0.009479553903345725,0.029151483602290473,0.3310064519288622,0.6672401002824244,1.0508344215796879,0.6620129038577244,0.6672401002824244,0.7005562810531253,0.2725773195876289,0.33758678926627883,0.33994638069705096,100.0,100.0,5093,9070,446,119,26,0,0.023365403494993126,0.002866593164277839,0.0,0.9500000000000001,0.4,0.5,0.5,35.0,65.0,20.0,0.15000000000000002,0.8,0.5,0.2,55.0,65.0,75.0,1920,836,1084,1920,0.5645833333333333,1.7741755067915803,1.5,1.1827836711943869,627,0.75,1.0,1
"iteration_4","SCOPE_DATA_COLLECTION",1300,5,370.0,430.0,0,7431,5177,1920,7302,5385,1922,3248,2300,845,4188,2888,1084,0.5632060247444863,0.5566692367000771,0.5619491964748574,0.5511376829043889,1.1388431080984003,1.7721348144637816,1.1022753658087778,1.1388431080984003,1.181423209642521,0.5988300492610837,0.7430434782608696,0.7455621301775148,97.5,100.0,4992,1376,8160,57,1,8102,0.01141826923076923,7.267441860465116E-4,0.9928921568627451,0.15000000000000002,0.8,0.5,0.2,55.0,65.0,75.0,0.9500000000000001,0.1,0.4,0.1,85.0,25.0,45.0,7413,7383,30,7413,0.004046944556859571,0.29497063504819276,0.5,0.5899412700963855,1634,0.22131924691859678,1.0,1
"iteration_4","SCOPE_DATA_COLLECTION",1300,5,370.0,430.0,1,7431,5177,1920,7302,5385,1922,3248,2300,845,4188,2888,1084,0.5632060247444863,0.5566692367000771,0.5619491964748574,0.5511376829043889,1.1388431080984003,1.7721348144637816,1.1022753658087778,1.1388431080984003,1.181423209642521,0.5988300492610837,0.7430434782608696,0.7455621301775148,97.5,100.0,4992,1376,8160,57,1,8102,0.01141826923076923,7.267441860465116E-4,0.9928921568627451,0.15000000000000002,0.8,0.5,0.2,55.0,65.0,75.0,0.9500000000000001,0.1,0.4,0.1,85.0,25.0,45.0,5383,5343,40,5383,0.00743080066877206,0.6459104565672376,1.0,0.6459104565672376,1787,0.3344562979599476,1.0,1
"iteration_4","SCOPE_DATA_COLLECTION",1300,5,370.0,430.0,2,7431,5177,1920,7302,5385,1922,3248,2300,845,4188,2888,1084,0.5632060247444863,0.5566692367000771,0.5619491964748574,0.5511376829043889,1.1388431080984003,1.7721348144637816,1.1022753658087778,1.1388431080984003,1.181423209642521,0.5988300492610837,0.7430434782608696,0.7455621301775148,97.5,100.0,4992,1376,8160,57,1,8102,0.01141826923076923,7.267441860465116E-4,0.9928921568627451,0.15000000000000002,0.8,0.5,0.2,55.0,65.0,75.0,0.9500000000000001,0.1,0.4,0.1,85.0,25.0,45.0,1936,1910,26,1936,0.013429752066115703,1.0331363849985462,1.5,0.6887575899990308,668,0.34973821989528797,1.0,1
"iteration_4","SCOPE_DATA_COLLECTION",1300,6,430.0,490.0,0,7413,5383,1936,7431,5177,1920,7363,5340,1888,30,40,26,0.004057892601109158,0.007434944237918215,0.013584117032392894,0.2951797149179765,0.649715839712641,1.0315638481791867,0.590359429835953,0.649715839712641,0.6877092321194578,0.2220562270813527,0.3365168539325843,0.3495762711864407,100.0,100.0,5100,9128,504,43,47,6,0.008431372549019607,0.005148992112182296,0.011904761904761904,0.9500000000000001,0.1,0.4,0.1,85.0,25.0,45.0,0.9500000000000001,0.1,0.5,0.1,95.0,20.0,45.0,7426,7413,13,7426,0.0017506059789927282,0.2907979334433205,0.5,0.581595866886641,1613,0.2175907190071496,1.0,1
"iteration_4","SCOPE_DATA_COLLECTION",1300,6,430.0,490.0,1,7413,5383,1936,7431,5177,1920,7363,5340,1888,30,40,26,0.004057892601109158,0.007434944237918215,0.013584117032392894,0.2951797149179765,0.649715839712641,1.0315638481791867,0.590359429835953,0.649715839712641,0.6877092321194578,0.2220562270813527,0.3365168539325843,0.3495762711864407,100.0,100.0,5100,9128,504,43,47,6,0.008431372549019607,0.005148992112182296,0.011904761904761904,0.9500000000000001,0.1,0.4,0.1,85.0,25.0,45.0,0.9500000000000001,0.1,0.5,0.1,95.0,20.0,45.0,5377,5354,23,5377,0.004277478147665985,0.6488486420285939,1.0,0.6488486420285939,1808,0.33769144564811354,1.0,1
"iteration_4","SCOPE_DATA_COLLECTION",1300,6,430.0,490.0,2,7413,5383,1936,7431,5177,1920,7363,5340,1888,30,40,26,0.004057892601109158,0.007434944237918215,0.013584117032392894,0.2951797149179765,0.649715839712641,1.0315638481791867,0.590359429835953,0.649715839712641,0.6877092321194578,0.2220562270813527,0.3365168539325843,0.3495762711864407,100.0,100.0,5100,9128,504,43,47,6,0.008431372549019607,0.005148992112182296,0.011904761904761904,0.9500000000000001,0.1,0.4,0.1,85.0,25.0,45.0,0.9500000000000001,0.1,0.5,0.1,95.0,20.0,45.0,1933,1916,17,1933,0.008794619762027936,1.020523664624559,1.5,0.680349109749706,656,0.34237995824634654,1.0,1
"iteration_4","SCOPE_DATA_COLLECTION",1300,7,490.0,550.0,0,7426,5377,1933,7413,5383,1936,7418,5351,1934,13,21,17,0.0017494280715919794,0.00390915860014892,0.008713480266529985,0.2906778421307273,0.6468495335884888,1.0187881284847469,0.5813556842614546,0.6468495335884888,0.6791920856564979,0.2167700188730116,0.33619884133806766,0.34177869700103414,100.0,100.0,5048,9181,507,36,15,0,0.0071315372424722665,0.0016338089532730638,0.0,0.9500000000000001,0.1,0.5,0.1,95.0,20.0,45.0,0.9500000000000001,0.1,0.5,0.1,95.0,20.0,45.0,7386,7285,101,7386,0.013674519360953154,0.2849569104575151,0.5,0.5699138209150302,1536,0.21084420041180507,1.0,1
"iteration_4","SCOPE_DATA_COLLECTION",1300,7,490.0,550.0,1,7426,5377,1933,7413,5383,1936,7418,5351,1934,13,21,17,0.0017494280715919794,0.00390915860014892,0.008713480266529985,0.2906778421307273,0.6468495335884888,1.0187881284847469,0.5813556842614546,0.6468495335884888,0.6791920856564979,0.2167700188730116,0.33619884133806766,0.34177869700103414,100.0,100.0,5048,9181,507,36,15,0,0.0071315372424722665,0.0016338089532730638,0.0,0.9500000000000001,0.1,0.5,0.1,95.0,20.0,45.0,0.9500000000000001,0.1,0.5,0.1,95.0,20.0,45.0,5371,5316,55,5371,0.010240178737665239,0.6391956882836584,1.0,0.6391956882836584,1784,0.33559066967644846,1.0,1
"iteration_4","SCOPE_DATA_COLLECTION",1300,7,490.0,550.0,2,7426,5377,1933,7413,5383,1936,7418,5351,1934,13,21,17,0.0017494280715919794,0.00390915860014892,0.008713480266529985,0.2906778421307273,0.6468495335884888,1.0187881284847469,0.5813556842614546,0.6468495335884888,0.6791920856564979,0.2167700188730116,0.33619884133806766,0.34177869700103414,100.0,100.0,5048,9181,507,36,15,0,0.0071315372424722665,0.0016338089532730638,0.0,0.9500000000000001,0.1,0.5,0.1,95.0,20.0,45.0,0.9500000000000001,0.1,0.5,0.1,95.0,20.0,45.0,1890,1850,40,1890,0.021164021164021163,1.0167176849044657,1.5,0.6778117899363104,650,0.35135135135135137,1.0,1
"iteration_4","SCOPE_DATA_COLLECTION",1300,8,550.0,610.0,0,7386,5371,1890,7426,5377,1933,7297,5313,1839,101,57,40,0.013652338469856718,0.010614525139664804,0.021287919105907396,0.2854060144210987,0.6396653183066019,1.0165678207249242,0.5708120288421974,0.6396653183066019,0.6777118804832828,0.21214197615458408,0.336721249764728,0.3512778684067428,100.0,100.0,5048,9076,523,32,166,0,0.006339144215530904,0.018289995592772147,0.0,0.9500000000000001,0.1,0.5,0.1,95.0,20.0,45.0,0.7000000000000001,0.30000000000000004,0.30000000000000004,0.4,25.0,25.0,30.0,7441,7412,29,7441,0.003897325628275769,0.3048914402342762,0.5,0.6097828804685524,1984,0.2676740420939018,1.0,1
"iteration_4","SCOPE_DATA_COLLECTION",1300,8,550.0,610.0,1,7386,5371,1890,7426,5377,1933,7297,5313,1839,101,57,40,0.013652338469856718,0.010614525139664804,0.021287919105907396,0.2854060144210987,0.6396653183066019,1.0165678207249242,0.5708120288421974,0.6396653183066019,0.6777118804832828,0.21214197615458408,0.336721249764728,0.3512778684067428,100.0,100.0,5048,9076,523,32,166,0,0.006339144215530904,0.018289995592772147,0.0,0.9500000000000001,0.1,0.5,0.1,95.0,20.0,45.0,0.7000000000000001,0.30000000000000004,0.30000000000000004,0.4,25.0,25.0,30.0,5241,5205,36,5241,0.006868918145392101,0.6307294634213596,1.0,0.6307294634213596,1765,0.3390970220941403,1.0,1
"iteration_4","SCOPE_DATA_COLLECTION",1300,8,550.0,610.0,2,7386,5371,1890,7426,5377,1933,7297,5313,1839,101,57,40,0.013652338469856718,0.010614525139664804,0.021287919105907396,0.2854060144210987,0.6396653183066019,1.0165678207249242,0.5708120288421974,0.6396653183066019,0.6777118804832828,0.21214197615458408,0.336721249764728,0.3512778684067428,100.0,100.0,5048,9076,523,32,166,0,0.006339144215530904,0.018289995592772147,0.0,0.9500000000000001,0.1,0.5,0.1,95.0,20.0,45.0,0.7000000000000001,0.30000000000000004,0.30000000000000004,0.4,25.0,25.0,30.0,2015,1976,39,2015,0.01935483870967742,0.9861141423233004,1.5,0.6574094282155336,649,0.3284412955465587,1.0,1
"iteration_4","SCOPE_DATA_COLLECTION",1300,9,610.0,670.0,0,7441,5241,2015,7386,5371,1890,7409,5206,1980,29,36,39,0.0038988975531056734,0.006867607783288821,0.019316493313521546,0.30481725581970437,0.630824188832471,0.9882385804273265,0.6096345116394087,0.630824188832471,0.6588257202848843,0.26737751383452557,0.33826354206684595,0.3297979797979798,100.0,100.0,5100,6746,2851,69,7,28,0.013529411764705882,0.0010376519418914913,0.009821115398105928,0.7000000000000001,0.30000000000000004,0.30000000000000004,0.4,25.0,25.0,30.0,0.7000000000000001,0.30000000000000004,0.30000000000000004,0.4,25.0,25.0,30.0,7304,7286,18,7304,0.0024644030668127055,0.29110503353107275,0.5,0.5822100670621455,1800,0.24704913532802636,1.0,1
"iteration_4","SCOPE_DATA_COLLECTION",1300,9,610.0,670.0,1,7441,5241,2015,7386,5371,1890,7409,5206,1980,29,36,39,0.0038988975531056734,0.006867607783288821,0.019316493313521546,0.30481725581970437,0.630824188832471,0.9882385804273265,0.6096345116394087,0.630824188832471,0.6588257202848843,0.26737751383452557,0.33826354206684595,0.3297979797979798,100.0,100.0,5100,6746,2851,69,7,28,0.013529411764705882,0.0010376519418914913,0.009821115398105928,0.7000000000000001,0.30000000000000004,0.30000000000000004,0.4,25.0,25.0,30.0,0.7000000000000001,0.30000000000000004,0.30000000000000004,0.4,25.0,25.0,30.0,5208,5178,30,5208,0.00576036866359447,0.6009620071907131,1.0,0.6009620071907131,1657,0.32000772499034374,1.0,1
"iteration_4","SCOPE_DATA_COLLECTION",1300,9,610.0,670.0,2,7441,5241,2015,7386,5371,1890,7409,5206,1980,29,36,39,0.0038988975531056734,0.006867607783288821,0.019316493313521546,0.30481725581970437,0.630824188832471,0.9882385804273265,0.6096345116394087,0.630824188832471,0.6588257202848843,0.26737751383452557,0.33826354206684595,0.3297979797979798,100.0,100.0,5100,6746,2851,69,7,28,0.013529411764705882,0.0010376519418914913,0.009821115398105928,0.7000000000000001,0.30000000000000004,0.30000000000000004,0.4,25.0,25.0,30.0,0.7000000000000001,0.30000000000000004,0.30000000000000004,0.4,25.0,25.0,30.0,1986,1950,36,1986,0.01812688821752266,1.0073895943420301,1.5,0.6715930628946868,667,0.34205128205128205,1.0,1
"iteration_4","SCOPE_DATA_COLLECTION",1300,10,670.0,730.0,0,7304,5208,1986,7441,5241,2015,7281,5181,1955,18,30,36,0.002466091245376079,0.0057570523891767415,0.01808136614766449,0.29065694722712887,0.6007808347796237,1.0058031346536416,0.5813138944542577,0.6007808347796237,0.6705354231024278,0.24598269468479605,0.31982242810268285,0.34066496163682863,95.0,100.0,5011,6684,2803,76,8,0,0.015166633406505687,0.0011968880909634949,0.0,0.7000000000000001,0.30000000000000004,0.30000000000000004,0.4,25.0,25.0,30.0,0.8,0.7000000000000001,0.6000000000000001,0.30000000000000004,45.0,45.0,55.0,7397,7368,29,7397,0.003920508314181425,0.30953720610371,0.5,0.61907441220742,1953,0.26506514657980457,1.0,1
"iteration_4","SCOPE_DATA_COLLECTION",1300,10,670.0,730.0,1,7304,5208,1986,7441,5241,2015,7281,5181,1955,18,30,36,0.002466091245376079,0.0057570523891767415,0.01808136614766449,0.29065694722712887,0.6007808347796237,1.0058031346536416,0.5813138944542577,0.6007808347796237,0.6705354231024278,0.24598269468479605,0.31982242810268285,0.34066496163682863,95.0,100.0,5011,6684,2803,76,8,0,0.015166633406505687,0.0011968880909634949,0.0,0.7000000000000001,0.30000000000000004,0.30000000000000004,0.4,25.0,25.0,30.0,0.8,0.7000000000000001,0.6000000000000001,0.30000000000000004,45.0,45.0,55.0,5461,5406,55,5461,0.010071415491668192,0.6425131536621995,1.0,0.6425131536621995,1783,0.3298187199408065,1.0,1
"iteration_4","SCOPE_DATA_COLLECTION",1300,10,670.0,730.0,2,7304,5208,1986,7441,5241,2015,7281,5181,1955,18,30,36,0.002466091245376079,0.0057570523891767415,0.01808136614766449,0.29065694722712887,0.6007808347796237,1.0058031346536416,0.5813138944542577,0.6007808347796237,0.6705354231024278,0.24598269468479605,0.31982242810268285,0.34066496163682863,95.0,100.0,5011,6684,2803,76,8,0,0.015166633406505687,0.0011968880909634949,0.0,0.7000000000000001,0.30000000000000004,0.30000000000000004,0.4,25.0,25.0,30.0,0.8,0.7000000000000001,0.6000000000000001,0.30000000000000004,45.0,45.0,55.0,1913,1873,40,1913,0.020909566126502875,1.0254387300337724,1.5,0.6836258200225149,645,0.3443673251468233,1.0,1
"iteration_4","SCOPE_DATA_COLLECTION",1300,11,730.0,790.0,0,7397,5461,1913,7304,5208,1986,7361,5399,1871,29,55,40,0.003924221921515561,0.010084341767510085,0.020931449502878074,0.3088604650866208,0.6421986803282105,1.0289002116192718,0.6177209301732416,0.6421986803282105,0.6859334744128479,0.26423040347778837,0.3296906834599,0.3463388562266168,97.5,100.0,5017,7848,1906,112,12,0,0.02232409806657365,0.0015290519877675841,0.0,0.8,0.7000000000000001,0.6000000000000001,0.30000000000000004,45.0,45.0,55.0,0.9,0.9,0.6000000000000001,0.4,35.0,75.0,70.0,7498,7476,22,7498,0.0029341157642037877,0.3168609909892735,0.5,0.633721981978547,1971,0.26364365971107545,1.0,1
"iteration_4","SCOPE_DATA_COLLECTION",1300,11,730.0,790.0,1,7397,5461,1913,7304,5208,1986,7361,5399,1871,29,55,40,0.003924221921515561,0.010084341767510085,0.020931449502878074,0.3088604650866208,0.6421986803282105,1.0289002116192718,0.6177209301732416,0.6421986803282105,0.6859334744128479,0.26423040347778837,0.3296906834599,0.3463388562266168,97.5,100.0,5017,7848,1906,112,12,0,0.02232409806657365,0.0015290519877675841,0.0,0.8,0.7000000000000001,0.6000000000000001,0.30000000000000004,45.0,45.0,55.0,0.9,0.9,0.6000000000000001,0.4,35.0,75.0,70.0,5401,5354,47,5401,0.008702092205147194,0.6328857731253504,1.0,0.6328857731253504,1725,0.3221890175569668,1.0,1
"iteration_4","SCOPE_DATA_COLLECTION",1300,11,730.0,790.0,2,7397,5461,1913,7304,5208,1986,7361,5399,1871,29,55,40,0.003924221921515561,0.010084341767510085,0.020931449502878074,0.3088604650866208,0.6421986803282105,1.0289002116192718,0.6177209301732416,0.6421986803282105,0.6859334744128479,0.26423040347778837,0.3296906834599,0.3463388562266168,97.5,100.0,5017,7848,1906,112,12,0,0.02232409806657365,0.0015290519877675841,0.0,0.8,0.7000000000000001,0.6000000000000001,0.30000000000000004,45.0,45.0,55.0,0.9,0.9,0.6000000000000001,0.4,35.0,75.0,70.0,1954,1912,42,1954,0.021494370522006142,1.0173190249292905,1.5,0.6782126832861937,641,0.3352510460251046,1.0,1
"iteration_4","SCOPE_DATA_COLLECTION",1300,12,790.0,850.0,0,7498,5401,1954,7397,5461,1913,7481,5355,1912,22,47,42,0.002932160469145675,0.00870048130322103,0.021494370522006142,0.31687524292465546,0.6305749564852617,1.0139989570438184,0.6337504858493109,0.6305749564852617,0.6759993046958789,0.2646704985964443,0.3219421101774043,0.3342050209205021,100.0,100.0,5067,8835,951,105,6,0,0.020722320899940794,6.791171477079797E-4,0.0,0.9,0.9,0.6000000000000001,0.4,35.0,75.0,70.0,0.9,0.9,0.6000000000000001,0.4,35.0,75.0,70.0,7360,7339,21,7360,0.0028532608695652174,0.32325401889576755,0.5,0.6465080377915351,1997,0.27210791660989236,1.0,1
"iteration_4","SCOPE_DATA_COLLECTION",1300,12,790.0,850.0,1,7498,5401,1954,7397,5461,1913,7481,5355,1912,22,47,42,0.002932160469145675,0.00870048130322103,0.021494370522006142,0.31687524292465546,0.6305749564852617,1.0139989570438184,0.6337504858493109,0.6305749564852617,0.6759993046958789,0.2646704985964443,0.3219421101774043,0.3342050209205021,100.0,100.0,5067,8835,951,105,6,0,0.020722320899940794,6.791171477079797E-4,0.0,0.9,0.9,0.6000000000000001,0.4,35.0,75.0,70.0,0.9,0.9,0.6000000000000001,0.4,35.0,75.0,70.0,5259,5220,39,5259,0.007415858528237307,0.6375022801760084,1.0,0.6375022801760084,1694,0.3245210727969349,1.0,1
"iteration_4","SCOPE_DATA_COLLECTION",1300,12,790.0,850.0,2,7498,5401,1954,7397,5461,1913,7481,5355,1912,22,47,42,0.002932160469145675,0.00870048130322103,0.021494370522006142,0.31687524292465546,0.6305749564852617,1.0139989570438184,0.6337504858493109,0.6305749564852617,0.6759993046958789,0.2646704985964443,0.3219421101774043,0.3342050209205021,100.0,100.0,5067,8835,951,105,6,0,0.020722320899940794,6.791171477079797E-4,0.0,0.9,0.9,0.6000000000000001,0.4,35.0,75.0,70.0,0.9,0.9,0.6000000000000001,0.4,35.0,75.0,70.0,2007,1962,45,2007,0.02242152466367713,1.0181298919051194,1.5,0.6787532612700796,655,0.33384301732925586,1.0,1
"iteration_4","SCOPE_DATA_COLLECTION",1300,13,850.0,910.0,0,7360,5259,2007,7498,5401,1954,7351,5231,1959,21,39,44,0.0028486163863266412,0.007400379506641366,0.02196704942586121,0.3242635216177487,0.6410300251400367,1.0198868643861663,0.6485270432354974,0.6410300251400367,0.6799245762574442,0.27316011427016734,0.32536799847065573,0.3343542623787647,97.5,100.0,5005,8671,950,93,11,0,0.018581418581418582,0.0012685964709952715,0.0,0.9,0.9,0.6000000000000001,0.4,35.0,75.0,70.0,0.9,0.8,0.7000000000000001,0.5,45.0,65.0,70.0,7416,7358,58,7416,0.007820927723840345,0.33092498349436233,0.5,0.6618499669887247,2101,0.2855395487904322,1.0,1
"iteration_4","SCOPE_DATA_COLLECTION",1300,13,850.0,910.0,1,7360,5259,2007,7498,5401,1954,7351,5231,1959,21,39,44,0.0028486163863266412,0.007400379506641366,0.02196704942586121,0.3242635216177487,0.6410300251400367,1.0198868643861663,0.6485270432354974,0.6410300251400367,0.6799245762574442,0.27316011427016734,0.32536799847065573,0.3343542623787647,97.5,100.0,5005,8671,950,93,11,0,0.018581418581418582,0.0012685964709952715,0.0,0.9,0.9,0.6000000000000001,0.4,35.0,75.0,70.0,0.9,0.8,0.7000000000000001,0.5,45.0,65.0,70.0,5299,5217,82,5299,0.015474617852424986,0.6475338670635385,1.0,0.6475338670635385,1740,0.33352501437607823,1.0,1
"iteration_4","SCOPE_DATA_COLLECTION",1300,13,850.0,910.0,2,7360,5259,2007,7498,5401,1954,7351,5231,1959,21,39,44,0.0028486163863266412,0.007400379506641366,0.02196704942586121,0.3242635216177487,0.6410300251400367,1.0198868643861663,0.6485270432354974,0.6410300251400367,0.6799245762574442,0.27316011427016734,0.32536799847065573,0.3343542623787647,97.5,100.0,5005,8671,950,93,11,0,0.018581418581418582,0.0012685964709952715,0.0,0.9,0.9,0.6000000000000001,0.4,35.0,75.0,70.0,0.9,0.8,0.7000000000000001,0.5,45.0,65.0,70.0,1935,1887,48,1935,0.024806201550387597,1.015667483379447,1.5,0.677111655586298,631,0.3343932167461579,1.0,1
"iteration_4","SCOPE_DATA_COLLECTION",1300,14,910.0,970.0,0,7416,5299,1935,7360,5259,2007,7357,5204,1886,58,82,49,0.00782198246797033,0.015512674990541053,0.025322997416020673,0.3308249494372423,0.6473179790740601,1.019750988708383,0.6616498988744846,0.6473179790740601,0.6798339924722554,0.2850346608672013,0.3339738662567256,0.3361611876988335,100.0,100.0,5109,8569,972,90,99,0,0.017615971814445096,0.011553273427471117,0.0,0.9,0.8,0.7000000000000001,0.5,45.0,65.0,70.0,0.8,0.8,0.7000000000000001,0.5,55.0,55.0,70.0,7417,7392,25,7417,0.003370635027639207,0.3193327678778771,0.5,0.6386655357557542,2003,0.2709686147186147,1.0,1
"iteration_4","SCOPE_DATA_COLLECTION",1300,14,910.0,970.0,1,7416,5299,1935,7360,5259,2007,7357,5204,1886,58,82,49,0.00782198246797033,0.015512674990541053,0.025322997416020673,0.3308249494372423,0.6473179790740601,1.019750988708383,0.6616498988744846,0.6473179790740601,0.6798339924722554,0.2850346608672013,0.3339738662567256,0.3361611876988335,100.0,100.0,5109,8569,972,90,99,0,0.017615971814445096,0.011553273427471117,0.0,0.9,0.8,0.7000000000000001,0.5,45.0,65.0,70.0,0.8,0.8,0.7000000000000001,0.5,55.0,55.0,70.0,5255,5219,36,5255,0.0068506184586108465,0.6530731649061723,1.0,0.6530731649061723,1798,0.3445104426135275,1.0,1
"iteration_4","SCOPE_DATA_COLLECTION",1300,14,910.0,970.0,2,7416,5299,1935,7360,5259,2007,7357,5204,1886,58,82,49,0.00782198246797033,0.015512674990541053,0.025322997416020673,0.3308249494372423,0.6473179790740601,1.019750988708383,0.6616498988744846,0.6473179790740601,0.6798339924722554,0.2850346608672013,0.3339738662567256,0.3361611876988335,100.0,100.0,5109,8569,972,90,99,0,0.017615971814445096,0.011553273427471117,0.0,0.9,0.8,0.7000000000000001,0.5,45.0,65.0,70.0,0.8,0.8,0.7000000000000001,0.5,55.0,55.0,70.0,1837,1801,36,1837,0.0195971692977681,0.9802237548929889,1.5,0.6534825032619925,574,0.3187118267629095,1.0,1
"iteration_4","SCOPE_DATA_COLLECTION",1300,15,970.0,1030.0,0,7417,5255,1837,7416,5299,1935,7382,5220,1802,25,35,36,0.0033751856352099365,0.006660323501427212,0.01958650707290533,0.31936502161886055,0.6536691937648597,0.9726406819296541,0.6387300432377211,0.6536691937648597,0.6484271212864361,0.271064752099702,0.3448275862068966,0.31520532741398444,100.0,100.0,5188,7389,1932,84,12,0,0.016191210485736313,0.0016240357287860333,0.0,0.8,0.8,0.7000000000000001,0.5,55.0,55.0,70.0,0.9,0.7000000000000001,0.8,0.6000000000000001,65.0,45.0,70.0,7479,7444,35,7479,0.004679770022730311,0.32609497957458716,0.5,0.6521899591491743,2060,0.276732939279957,1.0,1
"iteration_4","SCOPE_DATA_COLLECTION",1300,15,970.0,1030.0,1,7417,5255,1837,7416,5299,1935,7382,5220,1802,25,35,36,0.0033751856352099365,0.006660323501427212,0.01958650707290533,0.31936502161886055,0.6536691937648597,0.9726406819296541,0.6387300432377211,0.6536691937648597,0.6484271212864361,0.271064752099702,0.3448275862068966,0.31520532741398444,100.0,100.0,5188,7389,1932,84,12,0,0.016191210485736313,0.0016240357287860333,0.0,0.8,0.8,0.7000000000000001,0.5,55.0,55.0,70.0,0.9,0.7000000000000001,0.8,0.6000000000000001,65.0,45.0,70.0,5287,5233,54,5287,0.01021373179496879,0.6588712583299466,1.0,0.6588712583299466,1766,0.3374737244410472,1.0,1
"iteration_4","SCOPE_DATA_COLLECTION",1300,15,970.0,1030.0,2,7417,5255,1837,7416,5299,1935,7382,5220,1802,25,35,36,0.0033751856352099365,0.006660323501427212,0.01958650707290533,0.31936502161886055,0.6536691937648597,0.9726406819296541,0.6387300432377211,0.6536691937648597,0.6484271212864361,0.271064752099702,0.3448275862068966,0.31520532741398444,100.0,100.0,5188,7389,1932,84,12,0,0.016191210485736313,0.0016240357287860333,0.0,0.8,0.8,0.7000000000000001,0.5,55.0,55.0,70.0,0.9,0.7000000000000001,0.8,0.6000000000000001,65.0,45.0,70.0,1935,1884,51,1935,0.02635658914728682,1.0211168287234584,1.5,0.6807445524823056,621,0.32961783439490444,1.0,1
"iteration_4","SCOPE_DATA_COLLECTION",1300,16,1030.0,1090.0,0,7479,5287,1935,7417,5255,1837,7445,5241,1884,35,55,51,0.004679144385026738,0.010385196374622357,0.02635658914728682,0.32630759882953453,0.6578804405025572,1.0247498444285263,0.6526151976590691,0.6578804405025572,0.6831665629523509,0.2770987239758227,0.3373402022514787,0.33121019108280253,97.5,100.0,5113,8619,969,128,13,0,0.0250342264815177,0.0015082956259426848,0.0,0.9,0.7000000000000001,0.8,0.6000000000000001,65.0,45.0,70.0,0.9500000000000001,0.7000000000000001,0.9,0.5,55.0,45.0,70.0,7281,7198,83,7281,0.011399533031177037,0.3337377461350361,0.5,0.6674754922700722,1985,0.2757710475131981,1.0,1
"iteration_4","SCOPE_DATA_COLLECTION",1300,16,1030.0,1090.0,1,7479,5287,1935,7417,5255,1837,7445,5241,1884,35,55,51,0.004679144385026738,0.010385196374622357,0.02635658914728682,0.32630759882953453,0.6578804405025572,1.0247498444285263,0.6526151976590691,0.6578804405025572,0.6831665629523509,0.2770987239758227,0.3373402022514787,0.33121019108280253,97.5,100.0,5113,8619,969,128,13,0,0.0250342264815177,0.0015082956259426848,0.0,0.9,0.7000000000000001,0.8,0.6000000000000001,65.0,45.0,70.0,0.9500000000000001,0.7000000000000001,0.9,0.5,55.0,45.0,70.0,5449,5347,102,5449,0.018719031014865113,0.6605176489708143,1.0,0.6605176489708143,1798,0.3362633252291004,1.0,1
"iteration_4","SCOPE_DATA_COLLECTION",1300,16,1030.0,1090.0,2,7479,5287,1935,7417,5255,1837,7445,5241,1884,35,55,51,0.004679144385026738,0.010385196374622357,0.02635658914728682,0.32630759882953453,0.6578804405025572,1.0247498444285263,0.6526151976590691,0.6578804405025572,0.6831665629523509,0.2770987239758227,0.3373402022514787,0.33121019108280253,97.5,100.0,5113,8619,969,128,13,0,0.0250342264815177,0.0015082956259426848,0.0,0.9,0.7000000000000001,0.8,0.6000000000000001,65.0,45.0,70.0,0.9500000000000001,0.7000000000000001,0.9,0.5,55.0,45.0,70.0,1959,1902,57,1959,0.02909647779479326,1.0309359860157257,1.5,0.6872906573438171,627,0.32965299684542587,1.0,1
"iteration_4","SCOPE_DATA_COLLECTION",1300,17,1090.0,1150.0,0,7281,5449,1959,7479,5287,1935,7199,5336,1912,83,102,57,0.011397967591321065,0.01875689591761677,0.028948704926358558,0.33392862880609253,0.6594395161709045,1.0316075856194242,0.6678572576121851,0.6594395161709045,0.6877383904129495,0.2760105570218086,0.3348950524737631,0.3305439330543933,95.0,100.0,5053,9178,458,104,138,0,0.020581832574708095,0.01503595554587056,0.0,0.9500000000000001,0.7000000000000001,0.9,0.5,55.0,45.0,70.0,0.5,0.8,0.1,0.6000000000000001,90.0,90.0,35.0,7375,6219,1156,7375,0.1567457627118644,0.4502133427516222,0.5,0.9004266855032445,2318,0.37272873452323524,1.0,1
"iteration_4","SCOPE_DATA_COLLECTION",1300,17,1090.0,1150.0,1,7281,5449,1959,7479,5287,1935,7199,5336,1912,83,102,57,0.011397967591321065,0.01875689591761677,0.028948704926358558,0.33392862880609253,0.6594395161709045,1.0316075856194242,0.6678572576121851,0.6594395161709045,0.6877383904129495,0.2760105570218086,0.3348950524737631,0.3305439330543933,95.0,100.0,5053,9178,458,104,138,0,0.020581832574708095,0.01503595554587056,0.0,0.9500000000000001,0.7000000000000001,0.9,0.5,55.0,45.0,70.0,0.5,0.8,0.1,0.6000000000000001,90.0,90.0,35.0,5198,4323,875,5198,0.16833397460561755,0.753929387025566,1.0,0.753929387025566,1796,0.4154522322461254,1.0,1
"iteration_4","SCOPE_DATA_COLLECTION",1300,17,1090.0,1150.0,2,7281,5449,1959,7479,5287,1935,7199,5336,1912,83,102,57,0.011397967591321065,0.01875689591761677,0.028948704926358558,0.33392862880609253,0.6594395161709045,1.0316075856194242,0.6678572576121851,0.6594395161709045,0.6877383904129495,0.2760105570218086,0.3348950524737631,0.3305439330543933,95.0,100.0,5053,9178,458,104,138,0,0.020581832574708095,0.01503595554587056,0.0,0.9500000000000001,0.7000000000000001,0.9,0.5,55.0,45.0,70.0,0.5,0.8,0.1,0.6000000000000001,90.0,90.0,35.0,1973,1603,370,1973,0.1875316776482514,1.2457843120782108,1.5,0.8305228747188073,681,0.4248284466625078,1.0,1
"iteration_4","SCOPE_DATA_COLLECTION",1300,18,1150.0,1210.0,0,7375,5198,1973,7281,5449,1959,6212,4354,1594,1156,875,370,0.15689467969598261,0.16733601070950468,0.18839103869653767,0.44893030706457326,0.7582974131043294,1.2399606178322882,0.8978606141291465,0.7582974131043294,0.8266404118881922,0.3705730843528654,0.4182361047312816,0.4215809284818068,100.0,100.0,5009,4742,4795,58,4,2339,0.011579157516470354,8.435259384226065E-4,0.4877997914494265,0.5,0.8,0.1,0.6000000000000001,90.0,90.0,35.0,0.5,0.8,0.1,0.6000000000000001,90.0,90.0,35.0,7558,6079,1479,7558,0.1956866896004234,0.401798377231926,0.5,0.803596754463852,2068,0.3401875308438888,1.0,1
"iteration_4","SCOPE_DATA_COLLECTION",1300,18,1150.0,1210.0,1,7375,5198,1973,7281,5449,1959,6212,4354,1594,1156,875,370,0.15689467969598261,0.16733601070950468,0.18839103869653767,0.44893030706457326,0.7582974131043294,1.2399606178322882,0.8978606141291465,0.7582974131043294,0.8266404118881922,0.3705730843528654,0.4182361047312816,0.4215809284818068,100.0,100.0,5009,4742,4795,58,4,2339,0.011579157516470354,8.435259384226065E-4,0.4877997914494265,0.5,0.8,0.1,0.6000000000000001,90.0,90.0,35.0,0.5,0.8,0.1,0.6000000000000001,90.0,90.0,35.0,5193,4183,1010,5193,0.19449258617369536,0.7219041102507016,1.0,0.7219041102507016,1706,0.40784126225197226,1.0,1
"iteration_4","SCOPE_DATA_COLLECTION",1300,18,1150.0,1210.0,2,7375,5198,1973,7281,5449,1959,6212,4354,1594,1156,875,370,0.15689467969598261,0.16733601070950468,0.18839103869653767,0.44893030706457326,0.7582974131043294,1.2399606178322882,0.8978606141291465,0.7582974131043294,0.8266404118881922,0.3705730843528654,0.4182361047312816,0.4215809284818068,100.0,100.0,5009,4742,4795,58,4,2339,0.011579157516470354,8.435259384226065E-4,0.4877997914494265,0.5,0.8,0.1,0.6000000000000001,90.0,90.0,35.0,0.5,0.8,0.1,0.6000000000000001,90.0,90.0,35.0,1837,1458,379,1837,0.20631464344039194,1.2517529935923697,1.5,0.8345019957282465,655,0.4492455418381344,1.0,1
"iteration_4","SCOPE_DATA_COLLECTION",1300,19,1210.0,1270.0,0,7558,5193,1837,7375,5198,1973,6091,4179,1465,1447,993,367,0.191960732289732,0.1919953596287703,0.20032751091703058,0.40277358532668234,0.7204489489427893,1.2575377391916898,0.8055471706533647,0.7204489489427893,0.8383584927944598,0.3411590871778033,0.4065565924862407,0.45051194539249145,97.5,100.0,4918,4751,4919,49,3,2755,0.009963399755998373,6.314460113660282E-4,0.5600731856068306,0.5,0.8,0.1,0.6000000000000001,90.0,90.0,35.0,0.4,0.8,0.2,0.7000000000000001,90.0,80.0,45.0,7497,4849,2648,7497,0.3532079498466053,0.4373552949554882,0.5,0.8747105899109764,1966,0.40544442153021243,1.0,1
"iteration_4","SCOPE_DATA_COLLECTION",1300,19,1210.0,1270.0,1,7558,5193,1837,7375,5198,1973,6091,4179,1465,1447,993,367,0.191960732289732,0.1919953596287703,0.20032751091703058,0.40277358532668234,0.7204489489427893,1.2575377391916898,0.8055471706533647,0.7204489489427893,0.8383584927944598,0.3411590871778033,0.4065565924862407,0.45051194539249145,97.5,100.0,4918,4751,4919,49,3,2755,0.009963399755998373,6.314460113660282E-4,0.5600731856068306,0.5,0.8,0.1,0.6000000000000001,90.0,90.0,35.0,0.4,0.8,0.2,0.7000000000000001,90.0,80.0,45.0,5322,3361,1961,5322,0.3684704998121007,0.8139236219029767,1.0,0.8139236219029767,1699,0.5055043141922047,1.0,1
"iteration_4","SCOPE_DATA_COLLECTION",1300,19,1210.0,1270.0,2,7558,5193,1837,7375,5198,1973,6091,4179,1465,1447,993,367,0.191960732289732,0.1919953596287703,0.20032751091703058,0.40277358532668234,0.7204489489427893,1.2575377391916898,0.8055471706533647,0.7204489489427893,0.8383584927944598,0.3411590871778033,0.4065565924862407,0.45051194539249145,97.5,100.0,4918,4751,4919,49,3,2755,0.009963399755998373,6.314460113660282E-4,0.5600731856068306,0.5,0.8,0.1,0.6000000000000001,90.0,90.0,35.0,0.4,0.8,0.2,0.7000000000000001,90.0,80.0,45.0,1881,1129,752,1881,0.3997873471557682,1.4238679516517765,1.5,0.9492453011011843,617,0.5465013286093888,1.0,1
"iteration_4","SCOPE_DATA_COLLECTION",1300,20,1270.0,1330.0,0,7497,5322,1881,7558,5193,1837,4840,3359,1124,2657,1966,761,0.35440843003868217,0.3692018779342723,0.40371352785145886,0.43417827671785836,0.8124124211447288,1.4158054798535384,0.8683565534357167,0.8124124211447288,0.9438703199023589,0.40392561983471076,0.5046144685918428,0.5453736654804271,100.0,100.0,5036,3916,5748,59,5,5320,0.011715647339158062,0.0012768130745658835,0.9255393180236604,0.4,0.8,0.2,0.7000000000000001,90.0,80.0,45.0,0.5,0.8,0.1,0.8,80.0,90.0,45.0,7572,5946,1626,7572,0.21473851030110935,0.4356540223109043,0.5,0.8713080446218086,2024,0.3403969054826774,1.0,1
"iteration_4","SCOPE_DATA_COLLECTION",1300,20,1270.0,1330.0,1,7497,5322,1881,7558,5193,1837,4840,3359,1124,2657,1966,761,0.35440843003868217,0.3692018779342723,0.40371352785145886,0.43417827671785836,0.8124124211447288,1.4158054798535384,0.8683565534357167,0.8124124211447288,0.9438703199023589,0.40392561983471076,0.5046144685918428,0.5453736654804271,100.0,100.0,5036,3916,5748,59,5,5320,0.011715647339158062,0.0012768130745658835,0.9255393180236604,0.4,0.8,0.2,0.7000000000000001,90.0,80.0,45.0,0.5,0.8,0.1,0.8,80.0,90.0,45.0,5307,4212,1095,5307,0.2063312605992086,0.7616253843721297,1.0,0.7616253843721297,1736,0.4121557454890788,1.0,1
"iteration_4","SCOPE_DATA_COLLECTION",1300,20,1270.0,1330.0,2,7497,5322,1881,7558,5193,1837,4840,3359,1124,2657,1966,761,0.35440843003868217,0.3692018779342723,0.40371352785145886,0.43417827671785836,0.8124124211447288,1.4158054798535384,0.8683565534357167,0.8124124211447288,0.9438703199023589,0.40392561983471076,0.5046144685918428,0.5453736654804271,100.0,100.0,5036,3916,5748,59,5,5320,0.011715647339158062,0.0012768130745658835,0.9255393180236604,0.4,0.8,0.2,0.7000000000000001,90.0,80.0,45.0,0.5,0.8,0.1,0.8,80.0,90.0,45.0,2022,1536,486,2022,0.2403560830860534,1.2180566074550156,1.5,0.8120377383033438,660,0.4296875,1.0,1
"iteration_4","SCOPE_DATA_COLLECTION",1300,21,1330.0,1390.0,0,7572,5307,2022,7497,5322,1881,5956,4204,1535,1649,1107,489,0.2168310322156476,0.20843532291470532,0.24160079051383399,0.4374232039576999,0.7624553293564168,1.224024930531888,0.8748464079153998,0.7624553293564168,0.816016620354592,0.3416722632639355,0.41222645099904853,0.43127035830618893,97.5,100.0,4919,4984,4998,42,5,3198,0.008538320796909941,0.0010032102728731941,0.6398559423769508,0.5,0.8,0.1,0.8,80.0,90.0,45.0,0.5,0.8,0.1,0.8,90.0,95.0,35.0,7250,5968,1282,7250,0.17682758620689656,0.3863625963169222,0.5,0.7727251926338444,2008,0.33646112600536193,1.0,1
"iteration_4","SCOPE_DATA_COLLECTION",1300,21,1330.0,1390.0,1,7572,5307,2022,7497,5322,1881,5956,4204,1535,1649,1107,489,0.2168310322156476,0.20843532291470532,0.24160079051383399,0.4374232039576999,0.7624553293564168,1.224024930531888,0.8748464079153998,0.7624553293564168,0.816016620354592,0.3416722632639355,0.41222645099904853,0.43127035830618893,97.5,100.0,4919,4984,4998,42,5,3198,0.008538320796909941,0.0010032102728731941,0.6398559423769508,0.5,0.8,0.1,0.8,80.0,90.0,45.0,0.5,0.8,0.1,0.8,90.0,95.0,35.0,5336,4369,967,5336,0.18122188905547226,0.6928128822510449,1.0,0.6928128822510449,1734,0.3968871595330739,1.0,1
"iteration_4","SCOPE_DATA_COLLECTION",1300,21,1330.0,1390.0,2,7572,5307,2022,7497,5322,1881,5956,4204,1535,1649,1107,489,0.2168310322156476,0.20843532291470532,0.24160079051383399,0.4374232039576999,0.7624553293564168,1.224024930531888,0.8748464079153998,0.7624553293564168,0.816016620354592,0.3416722632639355,0.41222645099904853,0.43127035830618893,97.5,100.0,4919,4984,4998,42,5,3198,0.008538320796909941,0.0010032102728731941,0.6398559423769508,0.5,0.8,0.1,0.8,80.0,90.0,45.0,0.5,0.8,0.1,0.8,90.0,95.0,35.0,1896,1500,396,1896,0.2088607594936709,1.201449797167019,1.5,0.8009665314446793,624,0.416,1.0,1
"iteration_4","SCOPE_DATA_COLLECTION",1300,22,1390.0,1450.0,0,7250,5336,1896,7572,5307,2022,5960,4340,1504,1282,967,396,0.17702292184479426,0.18221217260222347,0.20842105263157895,0.3867531327475766,0.6929898014010624,1.2006029187255849,0.7735062654951532,0.6929898014010624,0.8004019458170566,0.33624161073825504,0.39838709677419354,0.4162234042553192,100.0,100.0,4951,4701,4830,63,2,2580,0.0127247020803878,4.2544139544777704E-4,0.5341614906832298,0.5,0.8,0.1,0.8,90.0,95.0,35.0,0.8500000000000001,0.7000000000000001,0.5,0.8,25.0,75.0,75.0,7507,7482,25,7507,0.0033302251232183297,0.32242216472435375,0.5,0.6448443294487075,2083,0.2784014969259556,1.0,1
"iteration_4","SCOPE_DATA_COLLECTION",1300,22,1390.0,1450.0,1,7250,5336,1896,7572,5307,2022,5960,4340,1504,1282,967,396,0.17702292184479426,0.18221217260222347,0.20842105263157895,0.3867531327475766,0.6929898014010624,1.2006029187255849,0.7735062654951532,0.6929898014010624,0.8004019458170566,0.33624161073825504,0.39838709677419354,0.4162234042553192,100.0,100.0,4951,4701,4830,63,2,2580,0.0127247020803878,4.2544139544777704E-4,0.5341614906832298,0.5,0.8,0.1,0.8,90.0,95.0,35.0,0.8500000000000001,0.7000000000000001,0.5,0.8,25.0,75.0,75.0,5407,5355,52,5407,0.009617162936933604,0.6561932859036477,1.0,0.6561932859036477,1824,0.34061624649859945,1.0,1
"iteration_4","SCOPE_DATA_COLLECTION",1300,22,1390.0,1450.0,2,7250,5336,1896,7572,5307,2022,5960,4340,1504,1282,967,396,0.17702292184479426,0.18221217260222347,0.20842105263157895,0.3867531327475766,0.6929898014010624,1.2006029187255849,0.7735062654951532,0.6929898014010624,0.8004019458170566,0.33624161073825504,0.39838709677419354,0.4162234042553192,100.0,100.0,4951,4701,4830,63,2,2580,0.0127247020803878,4.2544139544777704E-4,0.5341614906832298,0.5,0.8,0.1,0.8,90.0,95.0,35.0,0.8500000000000001,0.7000000000000001,0.5,0.8,25.0,75.0,75.0,1912,1854,58,1912,0.030334728033472803,1.0010403168460549,1.5,0.6673602112307032,608,0.32793959007551243,1.0,1
"iteration_4","SCOPE_DATA_COLLECTION",1300,23,1450.0,1510.0,0,7507,5407,1912,7250,5336,1896,7490,5385,1850,25,52,58,0.00332667997338656,0.009564097848077983,0.03039832285115304,0.3226022250535037,0.6562286817614651,1.0035569497724532,0.6452044501070074,0.6562286817614651,0.6690379665149688,0.2786381842456609,0.33946146703806873,0.3286486486486486,100.0,100.0,5310,8044,1472,129,6,0,0.024293785310734464,7.458975634012929E-4,0.0,0.8500000000000001,0.7000000000000001,0.5,0.8,25.0,75.0,75.0,0.8500000000000001,0.2,0.30000000000000004,0.1,55.0,40.0,40.0,7426,7421,5,7426,6.7330999192028E-4,0.2859506236991883,0.5,0.5719012473983766,1727,0.2327179625387414,1.0,1
"iteration_4","SCOPE_DATA_COLLECTION",1300,23,1450.0,1510.0,1,7507,5407,1912,7250,5336,1896,7490,5385,1850,25,52,58,0.00332667997338656,0.009564097848077983,0.03039832285115304,0.3226022250535037,0.6562286817614651,1.0035569497724532,0.6452044501070074,0.6562286817614651,0.6690379665149688,0.2786381842456609,0.33946146703806873,0.3286486486486486,100.0,100.0,5310,8044,1472,129,6,0,0.024293785310734464,7.458975634012929E-4,0.0,0.8500000000000001,0.7000000000000001,0.5,0.8,25.0,75.0,75.0,0.8500000000000001,0.2,0.30000000000000004,0.1,55.0,40.0,40.0,5425,5406,19,5425,0.003502304147465438,0.6111848561855601,1.0,0.6111848561855601,1754,0.32445431002589714,1.0,1
"iteration_4","SCOPE_DATA_COLLECTION",1300,23,1450.0,1510.0,2,7507,5407,1912,7250,5336,1896,7490,5385,1850,25,52,58,0.00332667997338656,0.009564097848077983,0.03039832285115304,0.3226022250535037,0.6562286817614651,1.0035569497724532,0.6452044501070074,0.6562286817614651,0.6690379665149688,0.2786381842456609,0.33946146703806873,0.3286486486486486,100.0,100.0,5310,8044,1472,129,6,0,0.024293785310734464,7.458975634012929E-4,0.0,0.8500000000000001,0.7000000000000001,0.5,0.8,25.0,75.0,75.0,0.8500000000000001,0.2,0.30000000000000004,0.1,55.0,40.0,40.0,1938,1921,17,1938,0.008771929824561403,0.9876054928450609,1.5,0.6584036618967073,647,0.3368037480478917,1.0,1
"iteration_4","SCOPE_DATA_COLLECTION",1300,24,1510.0,1570.0,0,7426,5425,1938,7507,5407,1912,7421,5386,1919,5,19,17,6.7330999192028E-4,0.003515263644773358,0.00878099173553719,0.2857233474754871,0.607104466790229,0.9876039406482402,0.5714466949509742,0.607104466790229,0.6584026270988268,0.23258320980999866,0.3232454511696992,0.33663366336633666,100.0,100.0,4976,8377,1436,36,5,0,0.007234726688102894,5.968723886832995E-4,0.0,0.8500000000000001,0.2,0.30000000000000004,0.1,55.0,40.0,40.0,0.2,0.30000000000000004,0.5,0.5,60.0,75.0,45.0,7435,3562,3873,7435,0.5209145931405514,0.4764657580610592,0.5,0.9529315161221183,1775,0.49831555306007863,1.0,1
"iteration_4","SCOPE_DATA_COLLECTION",1300,24,1510.0,1570.0,1,7426,5425,1938,7507,5407,1912,7421,5386,1919,5,19,17,6.7330999192028E-4,0.003515263644773358,0.00878099173553719,0.2857233474754871,0.607104466790229,0.9876039406482402,0.5714466949509742,0.607104466790229,0.6584026270988268,0.23258320980999866,0.3232454511696992,0.33663366336633666,100.0,100.0,4976,8377,1436,36,5,0,0.007234726688102894,5.968723886832995E-4,0.0,0.8500000000000001,0.2,0.30000000000000004,0.1,55.0,40.0,40.0,0.2,0.30000000000000004,0.5,0.5,60.0,75.0,45.0,5239,2557,2682,5239,0.5119297575873258,1.0880810144758557,1.0,1.0880810144758557,1781,0.6965193586233868,1.0,1
"iteration_4","SCOPE_DATA_COLLECTION",1300,24,1510.0,1570.0,2,7426,5425,1938,7507,5407,1912,7421,5386,1919,5,19,17,6.7330999192028E-4,0.003515263644773358,0.00878099173553719,0.2857233474754871,0.607104466790229,0.9876039406482402,0.5714466949509742,0.607104466790229,0.6584026270988268,0.23258320980999866,0.3232454511696992,0.33663366336633666,100.0,100.0,4976,8377,1436,36,5,0,0.007234726688102894,5.968723886832995E-4,0.0,0.8500000000000001,0.2,0.30000000000000004,0.1,55.0,40.0,40.0,0.2,0.30000000000000004,0.5,0.5,60.0,75.0,45.0,1885,866,1019,1885,0.5405835543766578,1.7834069577770701,1.5,1.1889379718513802,635,0.733256351039261,1.0,1
"iteration_4","SCOPE_DATA_COLLECTION",1300,25,1570.0,1630.0,0,7435,5239,1885,7426,5425,1938,3562,2570,867,3873,2681,1019,0.5209145931405514,0.5105694153494572,0.5402969247083775,0.47674756834638415,1.0891632665970667,1.7605877679430892,0.9534951366927683,1.0891632665970667,1.1737251786287262,0.498034811903425,0.6949416342412451,0.7254901960784313,100.0,100.0,5105,1921,7533,99,2,7472,0.01939275220372184,0.001041124414367517,0.9919022965617947,0.2,0.30000000000000004,0.5,0.5,60.0,75.0,45.0,0.1,0.30000000000000004,0.6000000000000001,0.6000000000000001,60.0,65.0,45.0,7418,3115,4303,7418,0.5800754920463737,0.5480027016687841,0.5,1.0960054033375681,1888,0.6060995184590691,1.0,1
"iteration_4","SCOPE_DATA_COLLECTION",1300,25,1570.0,1630.0,1,7435,5239,1885,7426,5425,1938,3562,2570,867,3873,2681,1019,0.5209145931405514,0.5105694153494572,0.5402969247083775,0.47674756834638415,1.0891632665970667,1.7605877679430892,0.9534951366927683,1.0891632665970667,1.1737251786287262,0.498034811903425,0.6949416342412451,0.7254901960784313,100.0,100.0,5105,1921,7533,99,2,7472,0.01939275220372184,0.001041124414367517,0.9919022965617947,0.2,0.30000000000000004,0.5,0.5,60.0,75.0,45.0,0.1,0.30000000000000004,0.6000000000000001,0.6000000000000001,60.0,65.0,45.0,5208,2179,3029,5208,0.581605222734255,1.233482295220965,1.0,1.233482295220965,1792,0.8223955943093162,1.0,1
"iteration_4","SCOPE_DATA_COLLECTION",1300,25,1570.0,1630.0,2,7435,5239,1885,7426,5425,1938,3562,2570,867,3873,2681,1019,0.5209145931405514,0.5105694153494572,0.5402969247083775,0.47674756834638415,1.0891632665970667,1.7605877679430892,0.9534951366927683,1.0891632665970667,1.1737251786287262,0.498034811903425,0.6949416342412451,0.7254901960784313,100.0,100.0,5105,1921,7533,99,2,7472,0.01939275220372184,0.001041124414367517,0.9919022965617947,0.2,0.30000000000000004,0.5,0.5,60.0,75.0,45.0,0.1,0.30000000000000004,0.6000000000000001,0.6000000000000001,60.0,65.0,45.0,1875,728,1147,1875,0.6117333333333334,1.9823001432653418,1.5,1.3215334288435612,609,0.8365384615384616,1.0,1
"iteration_4","SCOPE_DATA_COLLECTION",1300,26,1630.0,1690.0,0,7418,5208,1875,7435,5239,1885,3120,2180,739,4303,3030,1147,0.5796847635726795,0.581573896353167,0.6081654294803818,0.5478662157669794,1.2315584242655422,1.9898313268540173,1.0957324315339587,1.2315584242655422,1.3265542179026781,0.6064102564102564,0.8220183486238533,0.8362652232746955,97.5,100.0,5187,935,8379,101,0,8379,0.019471756313861575,0.0,1.0,0.1,0.30000000000000004,0.6000000000000001,0.6000000000000001,60.0,65.0,45.0,0.2,0.4,0.6000000000000001,0.5,70.0,65.0,55.0,7274,3559,3715,7274,0.5107231234533957,0.5074520927387093,0.5,1.0149041854774186,1961,0.5509974711997753,1.0,1
"iteration_4","SCOPE_DATA_COLLECTION",1300,26,1630.0,1690.0,1,7418,5208,1875,7435,5239,1885,3120,2180,739,4303,3030,1147,0.5796847635726795,0.581573896353167,0.6081654294803818,0.5478662157669794,1.2315584242655422,1.9898313268540173,1.0957324315339587,1.2315584242655422,1.3265542179026781,0.6064102564102564,0.8220183486238533,0.8362652232746955,97.5,100.0,5187,935,8379,101,0,8379,0.019471756313861575,0.0,1.0,0.1,0.30000000000000004,0.6000000000000001,0.6000000000000001,60.0,65.0,45.0,0.2,0.4,0.6000000000000001,0.5,70.0,65.0,55.0,5304,2543,2761,5304,0.5205505279034691,1.1096629639658455,1.0,1.1096629639658455,1805,0.7097915847424302,1.0,1
"iteration_4","SCOPE_DATA_COLLECTION",1300,26,1630.0,1690.0,2,7418,5208,1875,7435,5239,1885,3120,2180,739,4303,3030,1147,0.5796847635726795,0.581573896353167,0.6081654294803818,0.5478662157669794,1.2315584242655422,1.9898313268540173,1.0957324315339587,1.2315584242655422,1.3265542179026781,0.6064102564102564,0.8220183486238533,0.8362652232746955,97.5,100.0,5187,935,8379,101,0,8379,0.019471756313861575,0.0,1.0,0.1,0.30000000000000004,0.6000000000000001,0.6000000000000001,60.0,65.0,45.0,0.2,0.4,0.6000000000000001,0.5,70.0,65.0,55.0,1871,847,1024,1871,0.547300908605024,1.7626323154516605,1.5,1.175088210301107,611,0.7213695395513577,1.0,1
"iteration_4","SCOPE_DATA_COLLECTION",1300,27,1690.0,1750.0,0,7274,5304,1871,7418,5208,1875,3565,2554,838,3715,2761,1024,0.5103021978021978,0.5194731890874883,0.5499462943071965,0.5078472828146702,1.11129208227064,1.7567636331026455,1.0156945656293404,1.11129208227064,1.1711757554017637,0.5520336605890603,0.7102584181675803,0.7183770883054893,100.0,100.0,5189,1866,7394,104,2,7394,0.02004239737907111,0.0010718113612004287,1.0,0.2,0.4,0.6000000000000001,0.5,70.0,65.0,55.0,0.1,0.30000000000000004,0.6000000000000001,0.4,60.0,75.0,45.0,7501,3055,4446,7501,0.5927209705372617,0.5749820305274871,0.5,1.1499640610549742,1964,0.6428805237315875,1.0,1
"iteration_4","SCOPE_DATA_COLLECTION",1300,27,1690.0,1750.0,1,7274,5304,1871,7418,5208,1875,3565,2554,838,3715,2761,1024,0.5103021978021978,0.5194731890874883,0.5499462943071965,0.5078472828146702,1.11129208227064,1.7567636331026455,1.0156945656293404,1.11129208227064,1.1711757554017637,0.5520336605890603,0.7102584181675803,0.7183770883054893,100.0,100.0,5189,1866,7394,104,2,7394,0.02004239737907111,0.0010718113612004287,1.0,0.2,0.4,0.6000000000000001,0.5,70.0,65.0,55.0,0.1,0.30000000000000004,0.6000000000000001,0.4,60.0,75.0,45.0,5375,2184,3191,5375,0.5936744186046512,1.2940920462973424,1.0,1.2940920462973424,1792,0.8205128205128205,1.0,1
"iteration_4","SCOPE_DATA_COLLECTION",1300,27,1690.0,1750.0,2,7274,5304,1871,7418,5208,1875,3565,2554,838,3715,2761,1024,0.5103021978021978,0.5194731890874883,0.5499462943071965,0.5078472828146702,1.11129208227064,1.7567636331026455,1.0156945656293404,1.11129208227064,1.1711757554017637,0.5520336605890603,0.7102584181675803,0.7183770883054893,100.0,100.0,5189,1866,7394,104,2,7394,0.02004239737907111,0.0010718113612004287,1.0,0.2,0.4,0.6000000000000001,0.5,70.0,65.0,55.0,0.1,0.30000000000000004,0.6000000000000001,0.4,60.0,75.0,45.0,1961,774,1187,1961,0.6053034166241713,1.9936227343034307,1.5,1.3290818228689538,648,0.8372093023255814,1.0,1
"iteration_4","SCOPE_DATA_COLLECTION",1300,28,1750.0,1810.0,0,7501,5375,1961,7274,5304,1871,3056,2178,779,4446,3191,1187,0.5926419621434285,0.5943378655243062,0.603763987792472,0.5752640649497066,1.290354581277103,1.9950047196506564,1.1505281298994132,1.290354581277103,1.330003146433771,0.6420157068062827,0.8195592286501377,0.8382541720154044,97.5,100.0,5148,977,8712,111,1,8712,0.02156177156177156,0.0010235414534288639,1.0,0.1,0.30000000000000004,0.6000000000000001,0.4,60.0,75.0,45.0,0.2,0.4,0.6000000000000001,0.5,70.0,85.0,55.0,7179,3479,3700,7179,0.5153921158935785,0.5126692533986218,0.5,1.0253385067972436,1951,0.5607933314170739,1.0,1
"iteration_4","SCOPE_DATA_COLLECTION",1300,28,1750.0,1810.0,1,7501,5375,1961,7274,5304,1871,3056,2178,779,4446,3191,1187,0.5926419621434285,0.5943378655243062,0.603763987792472,0.5752640649497066,1.290354581277103,1.9950047196506564,1.1505281298994132,1.290354581277103,1.330003146433771,0.6420157068062827,0.8195592286501377,0.8382541720154044,97.5,100.0,5148,977,8712,111,1,8712,0.02156177156177156,0.0010235414534288639,1.0,0.1,0.30000000000000004,0.6000000000000001,0.4,60.0,75.0,45.0,0.2,0.4,0.6000000000000001,0.5,70.0,85.0,55.0,5248,2507,2741,5248,0.5222942073170732,1.1065371138956603,1.0,1.1065371138956603,1751,0.6984443558037495,1.0,1
"iteration_4","SCOPE_DATA_COLLECTION",1300,28,1750.0,1810.0,2,7501,5375,1961,7274,5304,1871,3056,2178,779,4446,3191,1187,0.5926419621434285,0.5943378655243062,0.603763987792472,0.5752640649497066,1.290354581277103,1.9950047196506564,1.1505281298994132,1.290354581277103,1.330003146433771,0.6420157068062827,0.8195592286501377,0.8382541720154044,97.5,100.0,5148,977,8712,111,1,8712,0.02156177156177156,0.0010235414534288639,1.0,0.1,0.30000000000000004,0.6000000000000001,0.4,60.0,75.0,45.0,0.2,0.4,0.6000000000000001,0.5,70.0,85.0,55.0,1883,870,1013,1883,0.5379713223579394,1.776169421865643,1.5,1.1841129479104286,629,0.7229885057471265,1.0,1
"iteration_4","SCOPE_DATA_COLLECTION",1300,29,1810.0,1870.0,0,7179,5248,1883,7501,5375,1961,3468,2510,875,3700,2741,1013,0.5161830357142857,0.5219958103218435,0.5365466101694916,0.5110765013024934,1.1082839001701283,1.777873079456843,1.0221530026049868,1.1082839001701283,1.1852487196378954,0.5602652825836217,0.6992031872509961,0.7257142857142858,97.5,100.0,5119,1842,7349,104,1,7349,0.020316468060168003,5.428881650380022E-4,1.0,0.2,0.4,0.6000000000000001,0.5,70.0,85.0,55.0,0.2,0.5,0.7000000000000001,0.5,70.0,75.0,55.0,7382,3533,3849,7382,0.521403413709022,0.513201872897087,0.5,1.026403745794174,1938,0.5485423153127653,1.0,1
"iteration_4","SCOPE_DATA_COLLECTION",1300,29,1810.0,1870.0,1,7179,5248,1883,7501,5375,1961,3468,2510,875,3700,2741,1013,0.5161830357142857,0.5219958103218435,0.5365466101694916,0.5110765013024934,1.1082839001701283,1.777873079456843,1.0221530026049868,1.1082839001701283,1.1852487196378954,0.5602652825836217,0.6992031872509961,0.7257142857142858,97.5,100.0,5119,1842,7349,104,1,7349,0.020316468060168003,5.428881650380022E-4,1.0,0.2,0.4,0.6000000000000001,0.5,70.0,85.0,55.0,0.2,0.5,0.7000000000000001,0.5,70.0,75.0,55.0,5318,2498,2820,5318,0.530274539300489,1.0883768163787273,1.0,1.0883768163787273,1730,0.6925540432345877,1.0,1
"iteration_4","SCOPE_DATA_COLLECTION",1300,29,1810.0,1870.0,2,7179,5248,1883,7501,5375,1961,3468,2510,875,3700,2741,1013,0.5161830357142857,0.5219958103218435,0.5365466101694916,0.5110765013024934,1.1082839001701283,1.777873079456843,1.0221530026049868,1.1082839001701283,1.1852487196378954,0.5602652825836217,0.6992031872509961,0.7257142857142858,97.5,100.0,5119,1842,7349,104,1,7349,0.020316468060168003,5.428881650380022E-4,1.0,0.2,0.4,0.6000000000000001,0.5,70.0,85.0,55.0,0.2,0.5,0.7000000000000001,0.5,70.0,75.0,55.0,1851,862,989,1851,0.5343057806591032,1.8008480635638695,1.5,1.2005653757092463,636,0.7378190255220418,1.0,1
"iteration_4","SCOPE_DATA_COLLECTION",1300,30,1870.0,1930.0,0,7382,5318,1851,7179,5248,1883,3528,2494,862,3849,2820,988,0.5217568117120781,0.5306736921339857,0.534054054054054,0.5142971891238275,1.0889799526414812,1.8032191661184602,1.028594378247655,1.0889799526414812,1.2021461107456402,0.5487528344671202,0.6936647955092221,0.7389791183294664,100.0,100.0,5101,1911,7539,115,3,7539,0.022544599098216034,0.0015698587127158557,1.0,0.2,0.5,0.7000000000000001,0.5,70.0,75.0,55.0,0.1,0.4,0.8,0.6000000000000001,80.0,85.0,65.0,7471,3117,4354,7471,0.5827867755320573,0.5724669817704123,0.5,1.1449339635408247,1945,0.6239974334295797,1.0,1
"iteration_4","SCOPE_DATA_COLLECTION",1300,30,1870.0,1930.0,1,7382,5318,1851,7179,5248,1883,3528,2494,862,3849,2820,988,0.5217568117120781,0.5306736921339857,0.534054054054054,0.5142971891238275,1.0889799526414812,1.8032191661184602,1.028594378247655,1.0889799526414812,1.2021461107456402,0.5487528344671202,0.6936647955092221,0.7389791183294664,100.0,100.0,5101,1911,7539,115,3,7539,0.022544599098216034,0.0015698587127158557,1.0,0.2,0.5,0.7000000000000001,0.5,70.0,75.0,55.0,0.1,0.4,0.8,0.6000000000000001,80.0,85.0,65.0,5235,2084,3151,5235,0.6019102196752627,1.279844789072991,1.0,1.279844789072991,1712,0.8214971209213052,1.0,1
"iteration_4","SCOPE_DATA_COLLECTION",1300,30,1870.0,1930.0,2,7382,5318,1851,7179,5248,1883,3528,2494,862,3849,2820,988,0.5217568117120781,0.5306736921339857,0.534054054054054,0.5142971891238275,1.0889799526414812,1.8032191661184602,1.028594378247655,1.0889799526414812,1.2021461107456402,0.5487528344671202,0.6936647955092221,0.7389791183294664,100.0,100.0,5101,1911,7539,115,3,7539,0.022544599098216034,0.0015698587127158557,1.0,0.2,0.5,0.7000000000000001,0.5,70.0,75.0,55.0,0.1,0.4,0.8,0.6000000000000001,80.0,85.0,65.0,1952,761,1191,1952,0.6101434426229508,2.054421817851596,1.5,1.3696145452343973,654,0.859395532194481,1.0,1
"iteration_4","SCOPE_DATA_COLLECTION",1300,31,1930.0,1990.0,0,7471,5235,1952,7382,5318,1851,3122,2088,756,4354,3151,1192,0.5823970037453183,0.6014506585226188,0.6119096509240246,0.5721412647531093,1.2797236410064976,2.052533795881452,1.1442825295062187,1.2797236410064976,1.3683558639209679,0.6252402306213966,0.8204022988505747,0.8571428571428571,100.0,100.0,5177,923,8558,137,2,8558,0.026463202627004058,0.0021668472372697724,1.0,0.1,0.4,0.8,0.6000000000000001,80.0,85.0,65.0,0.35000000000000003,0.30000000000000004,0.5,0.30000000000000004,50.0,70.0,60.0,7455,4315,3140,7455,0.4211938296445339,0.42407234109853165,0.5,0.8481446821970633,1926,0.44634994206257245,1.0,1
"iteration_4","SCOPE_DATA_COLLECTION",1300,31,1930.0,1990.0,1,7471,5235,1952,7382,5318,1851,3122,2088,756,4354,3151,1192,0.5823970037453183,0.6014506585226188,0.6119096509240246,0.5721412647531093,1.2797236410064976,2.052533795881452,1.1442825295062187,1.2797236410064976,1.3683558639209679,0.6252402306213966,0.8204022988505747,0.8571428571428571,100.0,100.0,5177,923,8558,137,2,8558,0.026463202627004058,0.0021668472372697724,1.0,0.1,0.4,0.8,0.6000000000000001,80.0,85.0,65.0,0.35000000000000003,0.30000000000000004,0.5,0.30000000000000004,50.0,70.0,60.0,5366,3000,2366,5366,0.4409243384271338,0.9215841415650521,1.0,0.9215841415650521,1687,0.5623333333333334,1.0,1
"iteration_4","SCOPE_DATA_COLLECTION",1300,31,1930.0,1990.0,2,7471,5235,1952,7382,5318,1851,3122,2088,756,4354,3151,1192,0.5823970037453183,0.6014506585226188,0.6119096509240246,0.5721412647531093,1.2797236410064976,2.052533795881452,1.1442825295062187,1.2797236410064976,1.3683558639209679,0.6252402306213966,0.8204022988505747,0.8571428571428571,100.0,100.0,5177,923,8558,137,2,8558,0.026463202627004058,0.0021668472372697724,1.0,0.1,0.4,0.8,0.6000000000000001,80.0,85.0,65.0,0.35000000000000003,0.30000000000000004,0.5,0.30000000000000004,50.0,70.0,60.0,2033,1164,869,2033,0.42744712247909494,1.4855096223099349,1.5,0.9903397482066233,681,0.5850515463917526,1.0,1
"iteration_4","SCOPE_DATA_COLLECTION",1300,32,1990.0,2050.0,0,7455,5366,2033,7471,5235,1952,4292,2978,1154,3140,2365,869,0.422497308934338,0.4426352236571215,0.4295600593178448,0.4228423274518029,0.9179734290201457,1.4853187984257743,0.8456846549036058,0.9179734290201457,0.9902125322838495,0.44245107176141657,0.5651443922095366,0.5866551126516465,100.0,100.0,5011,3451,6392,92,4,6278,0.018359608860506884,0.0011590843233845263,0.9821652065081352,0.35000000000000003,0.30000000000000004,0.5,0.30000000000000004,50.0,70.0,60.0,0.25,0.4,0.5,0.30000000000000004,60.0,80.0,70.0,7405,3703,3702,7405,0.499932478055368,0.487590745634333,0.5,0.975181491268666,1860,0.5022954361328652,1.0,1
"iteration_4","SCOPE_DATA_COLLECTION",1300,32,1990.0,2050.0,1,7455,5366,2033,7471,5235,1952,4292,2978,1154,3140,2365,869,0.422497308934338,0.4426352236571215,0.4295600593178448,0.4228423274518029,0.9179734290201457,1.4853187984257743,0.8456846549036058,0.9179734290201457,0.9902125322838495,0.44245107176141657,0.5651443922095366,0.5866551126516465,100.0,100.0,5011,3451,6392,92,4,6278,0.018359608860506884,0.0011590843233845263,0.9821652065081352,0.35000000000000003,0.30000000000000004,0.5,0.30000000000000004,50.0,70.0,60.0,0.25,0.4,0.5,0.30000000000000004,60.0,80.0,70.0,5400,2675,2725,5400,0.5046296296296297,1.0415065480141652,1.0,1.0415065480141652,1737,0.6493457943925234,1.0,1
"iteration_4","SCOPE_DATA_COLLECTION",1300,32,1990.0,2050.0,2,7455,5366,2033,7471,5235,1952,4292,2978,1154,3140,2365,869,0.422497308934338,0.4426352236571215,0.4295600593178448,0.4228423274518029,0.9179734290201457,1.4853187984257743,0.8456846549036058,0.9179734290201457,0.9902125322838495,0.44245107176141657,0.5651443922095366,0.5866551126516465,100.0,100.0,5011,3451,6392,92,4,6278,0.018359608860506884,0.0011590843233845263,0.9821652065081352,0.35000000000000003,0.30000000000000004,0.5,0.30000000000000004,50.0,70.0,60.0,0.25,0.4,0.5,0.30000000000000004,60.0,80.0,70.0,1961,947,1014,1961,0.5170831208567057,1.6793932380933658,1.5,1.119595492062244,647,0.6832101372756072,1.0,1
"iteration_4","SCOPE_DATA_COLLECTION",1300,33,2050.0,2110.0,0,7405,5400,1961,7455,5366,2033,3725,2679,964,3702,2725,1014,0.4984515955298236,0.5042561065877128,0.512639029322548,0.4882909025857441,1.0388562229425304,1.6791460660872863,0.9765818051714882,1.0388562229425304,1.1194307107248576,0.5057718120805369,0.6424038820455393,0.6815352697095436,100.0,100.0,5048,2376,7342,96,3,7342,0.01901743264659271,0.0012626262626262627,1.0,0.25,0.4,0.5,0.30000000000000004,60.0,80.0,70.0,0.15000000000000002,0.4,0.5,0.30000000000000004,50.0,70.0,60.0,7495,3353,4142,7495,0.5526350900600401,0.5214999302740494,0.5,1.0429998605480988,1876,0.5594989561586639,1.0,1
"iteration_4","SCOPE_DATA_COLLECTION",1300,33,2050.0,2110.0,1,7405,5400,1961,7455,5366,2033,3725,2679,964,3702,2725,1014,0.4984515955298236,0.5042561065877128,0.512639029322548,0.4882909025857441,1.0388562229425304,1.6791460660872863,0.9765818051714882,1.0388562229425304,1.1194307107248576,0.5057718120805369,0.6424038820455393,0.6815352697095436,100.0,100.0,5048,2376,7342,96,3,7342,0.01901743264659271,0.0012626262626262627,1.0,0.25,0.4,0.5,0.30000000000000004,60.0,80.0,70.0,0.15000000000000002,0.4,0.5,0.30000000000000004,50.0,70.0,60.0,5419,2314,3105,5419,0.5729839453773758,1.121555844486268,1.0,1.121555844486268,1705,0.7368193604148661,1.0,1
"iteration_4","SCOPE_DATA_COLLECTION",1300,33,2050.0,2110.0,2,7405,5400,1961,7455,5366,2033,3725,2679,964,3702,2725,1014,0.4984515955298236,0.5042561065877128,0.512639029322548,0.4882909025857441,1.0388562229425304,1.6791460660872863,0.9765818051714882,1.0388562229425304,1.1194307107248576,0.5057718120805369,0.6424038820455393,0.6815352697095436,100.0,100.0,5048,2376,7342,96,3,7342,0.01901743264659271,0.0012626262626262627,1.0,0.25,0.4,0.5,0.30000000000000004,60.0,80.0,70.0,0.15000000000000002,0.4,0.5,0.30000000000000004,50.0,70.0,60.0,1872,786,1086,1872,0.5801282051282052,1.853977332199484,1.5,1.2359848881329893,617,0.7849872773536896,1.0,1
"iteration_4","SCOPE_DATA_COLLECTION",1300,34,2110.0,2170.0,0,7495,5419,1872,7405,5400,1961,3358,2340,778,4142,3106,1086,0.5522666666666667,0.5703268453911128,0.5826180257510729,0.5223879471216799,1.1305618064433103,1.8506496978030784,1.0447758942433598,1.1305618064433103,1.2337664652020524,0.5598570577724836,0.7410256410256411,0.7827763496143959,100.0,100.0,5097,1429,8260,73,1,8260,0.014322150284481068,6.997900629811056E-4,1.0,0.15000000000000002,0.4,0.5,0.30000000000000004,50.0,70.0,60.0,0.15000000000000002,0.4,0.5,0.30000000000000004,50.0,70.0,60.0,7491,3273,4218,7491,0.5630756908289948,0.5367298084132385,0.5,1.073459616826477,1918,0.5860067216620837,1.0,1
"iteration_4","SCOPE_DATA_COLLECTION",1300,34,2110.0,2170.0,1,7495,5419,1872,7405,5400,1961,3358,2340,778,4142,3106,1086,0.5522666666666667,0.5703268453911128,0.5826180257510729,0.5223879471216799,1.1305618064433103,1.8506496978030784,1.0447758942433598,1.1305618064433103,1.2337664652020524,0.5598570577724836,0.7410256410256411,0.7827763496143959,100.0,100.0,5097,1429,8260,73,1,8260,0.014322150284481068,6.997900629811056E-4,1.0,0.15000000000000002,0.4,0.5,0.30000000000000004,50.0,70.0,60.0,0.15000000000000002,0.4,0.5,0.30000000000000004,50.0,70.0,60.0,5308,2376,2932,5308,0.5523737754333082,1.1711042588819622,1.0,1.1711042588819622,1784,0.7508417508417509,1.0,1
"iteration_4","SCOPE_DATA_COLLECTION",1300,34,2110.0,2170.0,2,7495,5419,1872,7405,5400,1961,3358,2340,778,4142,3106,1086,0.5522666666666667,0.5703268453911128,0.5826180257510729,0.5223879471216799,1.1305618064433103,1.8506496978030784,1.0447758942433598,1.1305618064433103,1.2337664652020524,0.5598570577724836,0.7410256410256411,0.7827763496143959,100.0,100.0,5097,1429,8260,73,1,8260,0.014322150284481068,6.997900629811056E-4,1.0,0.15000000000000002,0.4,0.5,0.30000000000000004,50.0,70.0,60.0,0.15000000000000002,0.4,0.5,0.30000000000000004,50.0,70.0,60.0,1876,789,1087,1876,0.5794243070362474,1.8608831188590897,1.5,1.2405887459060598,615,0.779467680608365,1.0,1
"iteration_4","SCOPE_DATA_COLLECTION",1300,35,2170.0,2230.0,0,7491,5308,1876,7495,5419,1872,3280,2351,795,4218,2932,1087,0.5625500133368898,0.55498769638463,0.577577045696068,0.5364280708484047,1.1655385769720072,1.8670556936627536,1.0728561416968094,1.1655385769720072,1.244703795775169,0.5853658536585366,0.748192258613356,0.7823899371069183,97.5,100.0,5087,1440,8148,88,1,8148,0.017298997444466287,6.944444444444445E-4,1.0,0.15000000000000002,0.4,0.5,0.30000000000000004,50.0,70.0,60.0,0.25,0.4,0.5,0.30000000000000004,60.0,60.0,60.0,7604,3835,3769,7604,0.49566017885323516,0.49903864855433555,0.5,0.9980772971086711,1960,0.5110821382007823,1.0,1
"iteration_4","SCOPE_DATA_COLLECTION",1300,35,2170.0,2230.0,1,7491,5308,1876,7495,5419,1872,3280,2351,795,4218,2932,1087,0.5625500133368898,0.55498769638463,0.577577045696068,0.5364280708484047,1.1655385769720072,1.8670556936627536,1.0728561416968094,1.1655385769720072,1.244703795775169,0.5853658536585366,0.748192258613356,0.7823899371069183,97.5,100.0,5087,1440,8148,88,1,8148,0.017298997444466287,6.944444444444445E-4,1.0,0.15000000000000002,0.4,0.5,0.30000000000000004,50.0,70.0,60.0,0.25,0.4,0.5,0.30000000000000004,60.0,60.0,60.0,5369,2718,2651,5369,0.4937604768113243,1.0527290379100154,1.0,1.0527290379100154,1782,0.6556291390728477,1.0,1
"iteration_4","SCOPE_DATA_COLLECTION",1300,35,2170.0,2230.0,2,7491,5308,1876,7495,5419,1872,3280,2351,795,4218,2932,1087,0.5625500133368898,0.55498769638463,0.577577045696068,0.5364280708484047,1.1655385769720072,1.8670556936627536,1.0728561416968094,1.1655385769720072,1.244703795775169,0.5853658536585366,0.748192258613356,0.7823899371069183,97.5,100.0,5087,1440,8148,88,1,8148,0.017298997444466287,6.944444444444445E-4,1.0,0.15000000000000002,0.4,0.5,0.30000000000000004,50.0,70.0,60.0,0.25,0.4,0.5,0.30000000000000004,60.0,60.0,60.0,1936,959,977,1936,0.5046487603305785,1.6659126895654817,1.5,1.1106084597103212,645,0.6725755995828988,1.0,1
"iteration_4","SCOPE_DATA_COLLECTION",1300,36,2230.0,2290.0,0,7604,5369,1936,7491,5308,1876,3826,2722,952,3769,2651,977,0.49624753127057275,0.493392890377815,0.5064800414722654,0.49839672614932445,1.0539077945405093,1.6640256301125909,0.9967934522986489,1.0539077945405093,1.1093504200750606,0.5101934134866701,0.6572373254959588,0.6712184873949579,100.0,100.0,5106,2452,7351,97,3,7297,0.01899725812769291,0.0012234910277324632,0.9926540606720174,0.25,0.4,0.5,0.30000000000000004,60.0,60.0,60.0,0.25,0.4,0.5,0.30000000000000004,60.0,60.0,60.0,7576,3805,3771,7576,0.4977560718057022,0.4910171440182103,0.5,0.9820342880364206,2017,0.5300919842312747,1.0,1
"iteration_4","SCOPE_DATA_COLLECTION",1300,36,2230.0,2290.0,1,7604,5369,1936,7491,5308,1876,3826,2722,952,3769,2651,977,0.49624753127057275,0.493392890377815,0.5064800414722654,0.49839672614932445,1.0539077945405093,1.6640256301125909,0.9967934522986489,1.0539077945405093,1.1093504200750606,0.5101934134866701,0.6572373254959588,0.6712184873949579,100.0,100.0,5106,2452,7351,97,3,7297,0.01899725812769291,0.0012234910277324632,0.9926540606720174,0.25,0.4,0.5,0.30000000000000004,60.0,60.0,60.0,0.25,0.4,0.5,0.30000000000000004,60.0,60.0,60.0,5295,2626,2669,5295,0.5040604343720491,1.057445119351367,1.0,1.057445119351367,1724,0.6565118050266565,1.0,1
"iteration_4","SCOPE_DATA_COLLECTION",1300,36,2230.0,2290.0,2,7604,5369,1936,7491,5308,1876,3826,2722,952,3769,2651,977,0.49624753127057275,0.493392890377815,0.5064800414722654,0.49839672614932445,1.0539077945405093,1.6640256301125909,0.9967934522986489,1.0539077945405093,1.1093504200750606,0.5101934134866701,0.6572373254959588,0.6712184873949579,100.0,100.0,5106,2452,7351,97,3,7297,0.01899725812769291,0.0012234910277324632,0.9926540606720174,0.25,0.4,0.5,0.30000000000000004,60.0,60.0,60.0,0.25,0.4,0.5,0.30000000000000004,60.0,60.0,60.0,1856,925,931,1856,0.5016163793103449,1.6551413525613277,1.5,1.1034275683742185,628,0.6789189189189189,1.0,1
"iteration_4","SCOPE_DATA_COLLECTION",1300,37,2290.0,2350.0,0,7576,5295,1856,7604,5369,1936,3799,2635,921,3771,2669,931,0.49815059445178334,0.5032051282051282,0.5026997840172787,0.4903535813587917,1.0588885602347196,1.6469937988394951,0.9807071627175834,1.0588885602347196,1.0979958658929967,0.5296130560673862,0.6565464895635673,0.6764386536373507,97.5,100.0,5109,2333,7285,81,5,7285,0.015854374633000587,0.0021431633090441492,1.0,0.25,0.4,0.5,0.30000000000000004,60.0,60.0,60.0,0.15000000000000002,0.30000000000000004,0.6000000000000001,0.30000000000000004,50.0,70.0,60.0,7488,3341,4147,7488,0.5538194444444444,0.5287677437940822,0.5,1.0575354875881644,1935,0.579167913798264,1.0,1
"iteration_4","SCOPE_DATA_COLLECTION",1300,37,2290.0,2350.0,1,7576,5295,1856,7604,5369,1936,3799,2635,921,3771,2669,931,0.49815059445178334,0.5032051282051282,0.5026997840172787,0.4903535813587917,1.0588885602347196,1.6469937988394951,0.9807071627175834,1.0588885602347196,1.0979958658929967,0.5296130560673862,0.6565464895635673,0.6764386536373507,97.5,100.0,5109,2333,7285,81,5,7285,0.015854374633000587,0.0021431633090441492,1.0,0.25,0.4,0.5,0.30000000000000004,60.0,60.0,60.0,0.15000000000000002,0.30000000000000004,0.6000000000000001,0.30000000000000004,50.0,70.0,60.0,5227,2319,2908,5227,0.5563420700210445,1.170413045894031,1.0,1.170413045894031,1732,0.746873652436395,1.0,1
"iteration_4","SCOPE_DATA_COLLECTION",1300,37,2290.0,2350.0,2,7576,5295,1856,7604,5369,1936,3799,2635,921,3771,2669,931,0.49815059445178334,0.5032051282051282,0.5026997840172787,0.4903535813587917,1.0588885602347196,1.6469937988394951,0.9807071627175834,1.0588885602347196,1.0979958658929967,0.5296130560673862,0.6565464895635673,0.6764386536373507,97.5,100.0,5109,2333,7285,81,5,7285,0.015854374633000587,0.0021431633090441492,1.0,0.25,0.4,0.5,0.30000000000000004,60.0,60.0,60.0,0.15000000000000002,0.30000000000000004,0.6000000000000001,0.30000000000000004,50.0,70.0,60.0,1962,808,1154,1962,0.5881753312945973,1.84265914951713,1.5,1.2284394330114201,622,0.7698019801980198,1.0,1
"iteration_4","SCOPE_DATA_COLLECTION",1300,38,2350.0,2410.0,0,7488,5227,1962,7576,5295,1856,3341,2318,817,4147,2908,1154,0.5538194444444444,0.5564485265977803,0.5854895991882293,0.5299105049309916,1.1644865977136059,1.8444697972126398,1.0598210098619831,1.1644865977136059,1.2296465314750933,0.5800658485483389,0.7459016393442623,0.7711138310893513,95.0,100.0,5117,1430,8130,79,0,8130,0.015438733632988078,0.0,1.0,0.15000000000000002,0.30000000000000004,0.6000000000000001,0.30000000000000004,50.0,70.0,60.0,0.05,0.2,0.6000000000000001,0.2,50.0,70.0,70.0,7344,2695,4649,7344,0.6330337690631809,0.5796240116463108,0.5,1.1592480232926217,1754,0.650834879406308,1.0,1
"iteration_4","SCOPE_DATA_COLLECTION",1300,38,2350.0,2410.0,1,7488,5227,1962,7576,5295,1856,3341,2318,817,4147,2908,1154,0.5538194444444444,0.5564485265977803,0.5854895991882293,0.5299105049309916,1.1644865977136059,1.8444697972126398,1.0598210098619831,1.1644865977136059,1.2296465314750933,0.5800658485483389,0.7459016393442623,0.7711138310893513,95.0,100.0,5117,1430,8130,79,0,8130,0.015438733632988078,0.0,1.0,0.15000000000000002,0.30000000000000004,0.6000000000000001,0.30000000000000004,50.0,70.0,60.0,0.05,0.2,0.6000000000000001,0.2,50.0,70.0,70.0,5283,1927,3356,5283,0.6352451258754496,1.3425038956578732,1.0,1.3425038956578732,1699,0.8816813700051894,1.0,1
"iteration_4","SCOPE_DATA_COLLECTION",1300,38,2350.0,2410.0,2,7488,5227,1962,7576,5295,1856,3341,2318,817,4147,2908,1154,0.5538194444444444,0.5564485265977803,0.5854895991882293,0.5299105049309916,1.1644865977136059,1.8444697972126398,1.0598210098619831,1.1644865977136059,1.2296465314750933,0.5800658485483389,0.7459016393442623,0.7711138310893513,95.0,100.0,5117,1430,8130,79,0,8130,0.015438733632988078,0.0,1.0,0.15000000000000002,0.30000000000000004,0.6000000000000001,0.30000000000000004,50.0,70.0,60.0,0.05,0.2,0.6000000000000001,0.2,50.0,70.0,70.0,2002,739,1263,2002,0.6308691308691309,2.084316861188327,1.5,1.3895445741255514,674,0.912043301759134,1.0,1
"iteration_4","SCOPE_DATA_COLLECTION",1300,39,2410.0,2470.0,0,7344,5283,2002,7488,5227,1962,2700,1947,727,4649,3356,1263,0.6326030752483331,0.6328493305676033,0.6346733668341709,0.5781020580157045,1.3492700179747799,2.087440967390088,1.156204116031409,1.3492700179747799,1.391627311593392,0.6496296296296297,0.8813559322033898,0.9119669876203577,100.0,100.0,4964,459,9206,62,0,9206,0.01248992747784045,0.0,1.0,0.05,0.2,0.6000000000000001,0.2,50.0,70.0,70.0,0.05,0.2,0.5,0.30000000000000004,50.0,70.0,70.0,7330,2913,4417,7330,0.6025920873124148,0.5703500233042662,0.5,1.1407000466085324,1876,0.6440096120837624,1.0,1
"iteration_4","SCOPE_DATA_COLLECTION",1300,39,2410.0,2470.0,1,7344,5283,2002,7488,5227,1962,2700,1947,727,4649,3356,1263,0.6326030752483331,0.6328493305676033,0.6346733668341709,0.5781020580157045,1.3492700179747799,2.087440967390088,1.156204116031409,1.3492700179747799,1.391627311593392,0.6496296296296297,0.8813559322033898,0.9119669876203577,100.0,100.0,4964,459,9206,62,0,9206,0.01248992747784045,0.0,1.0,0.05,0.2,0.6000000000000001,0.2,50.0,70.0,70.0,0.05,0.2,0.5,0.30000000000000004,50.0,70.0,70.0,5326,1971,3355,5326,0.6299286518963575,1.3080567983824867,1.0,1.3080567983824867,1724,0.8746829020801623,1.0,1
"iteration_4","SCOPE_DATA_COLLECTION",1300,39,2410.0,2470.0,2,7344,5283,2002,7488,5227,1962,2700,1947,727,4649,3356,1263,0.6326030752483331,0.6328493305676033,0.6346733668341709,0.5781020580157045,1.3492700179747799,2.087440967390088,1.156204116031409,1.3492700179747799,1.391627311593392,0.6496296296296297,0.8813559322033898,0.9119669876203577,100.0,100.0,4964,459,9206,62,0,9206,0.01248992747784045,0.0,1.0,0.05,0.2,0.6000000000000001,0.2,50.0,70.0,70.0,0.05,0.2,0.5,0.30000000000000004,50.0,70.0,70.0,1986,680,1306,1986,0.6576032225579054,2.1342662633457894,1.5,1.4228441755638597,631,0.9279411764705883,1.0,1
"iteration_4","SCOPE_DATA_COLLECTION",1300,40,2470.0,2530.0,0,7330,5326,1986,7344,5283,2002,2927,1961,693,4417,3355,1306,0.6014433551198257,0.6311136192626035,0.6533266633316658,0.5716242144959744,1.3088602237327518,2.135021085697629,1.143248428991949,1.3088602237327518,1.423347390465086,0.6460539801844892,0.874553799082101,0.9278499278499278,97.5,100.0,5203,462,8977,99,2,8977,0.019027484143763214,0.004329004329004329,1.0,0.05,0.2,0.5,0.30000000000000004,50.0,70.0,70.0,0.05,0.2,0.5,0.30000000000000004,50.0,70.0,70.0,7399,2819,4580,7399,0.6190025679145831,0.5583880653877282,0.5,1.1167761307754565,1721,0.610500177367861,1.0,1
"iteration_4","SCOPE_DATA_COLLECTION",1300,40,2470.0,2530.0,1,7330,5326,1986,7344,5283,2002,2927,1961,693,4417,3355,1306,0.6014433551198257,0.6311136192626035,0.6533266633316658,0.5716242144959744,1.3088602237327518,2.135021085697629,1.143248428991949,1.3088602237327518,1.423347390465086,0.6460539801844892,0.874553799082101,0.9278499278499278,97.5,100.0,5203,462,8977,99,2,8977,0.019027484143763214,0.004329004329004329,1.0,0.05,0.2,0.5,0.30000000000000004,50.0,70.0,70.0,0.05,0.2,0.5,0.30000000000000004,50.0,70.0,70.0,5376,2025,3351,5376,0.6233258928571429,1.3202230203086514,1.0,1.3202230203086514,1781,0.8795061728395062,1.0,1
"iteration_4","SCOPE_DATA_COLLECTION",1300,40,2470.0,2530.0,2,7330,5326,1986,7344,5283,2002,2927,1961,693,4417,3355,1306,0.6014433551198257,0.6311136192626035,0.6533266633316658,0.5716242144959744,1.3088602237327518,2.135021085697629,1.143248428991949,1.3088602237327518,1.423347390465086,0.6460539801844892,0.874553799082101,0.9278499278499278,97.5,100.0,5203,462,8977,99,2,8977,0.019027484143763214,0.004329004329004329,1.0,0.05,0.2,0.5,0.30000000000000004,50.0,70.0,70.0,0.05,0.2,0.5,0.30000000000000004,50.0,70.0,70.0,1913,684,1229,1913,0.6424464192368008,2.131915874644501,1.5,1.4212772497630006,635,0.9283625730994152,1.0,1
"iteration_4","SCOPE_DATA_COLLECTION",1300,41,2530.0,2590.0,0,7399,5376,1913,7330,5326,1986,2787,2002,683,4580,3351,1229,0.6216913261843355,0.6260041098449468,0.6427824267782427,0.5552641747228431,1.3150251262762476,2.1306650218839143,1.1105283494456861,1.3150251262762476,1.4204433479226095,0.6067456045927521,0.8786213786213786,0.9282576866764275,97.5,100.0,5155,459,9074,86,0,9074,0.01668283220174588,0.0,1.0,0.05,0.2,0.5,0.30000000000000004,50.0,70.0,70.0,0.8,0.2,0.6000000000000001,0.6000000000000001,25.0,70.0,75.0,7569,7548,21,7569,0.0027744748315497426,0.2981997023743206,0.5,0.5963994047486412,1925,0.2550344462109168,1.0,1
"iteration_4","SCOPE_DATA_COLLECTION",1300,41,2530.0,2590.0,1,7399,5376,1913,7330,5326,1986,2787,2002,683,4580,3351,1229,0.6216913261843355,0.6260041098449468,0.6427824267782427,0.5552641747228431,1.3150251262762476,2.1306650218839143,1.1105283494456861,1.3150251262762476,1.4204433479226095,0.6067456045927521,0.8786213786213786,0.9282576866764275,97.5,100.0,5155,459,9074,86,0,9074,0.01668283220174588,0.0,1.0,0.05,0.2,0.5,0.30000000000000004,50.0,70.0,70.0,0.8,0.2,0.6000000000000001,0.6000000000000001,25.0,70.0,75.0,5415,5361,54,5415,0.009972299168975069,0.6521126889982976,1.0,0.6521126889982976,1825,0.340421563141205,1.0,1
"iteration_4","SCOPE_DATA_COLLECTION",1300,41,2530.0,2590.0,2,7399,5376,1913,7330,5326,1986,2787,2002,683,4580,3351,1229,0.6216913261843355,0.6260041098449468,0.6427824267782427,0.5552641747228431,1.3150251262762476,2.1306650218839143,1.1105283494456861,1.3150251262762476,1.4204433479226095,0.6067456045927521,0.8786213786213786,0.9282576866764275,97.5,100.0,5155,459,9074,86,0,9074,0.01668283220174588,0.0,1.0,0.05,0.2,0.5,0.30000000000000004,50.0,70.0,70.0,0.8,0.2,0.6000000000000001,0.6000000000000001,25.0,70.0,75.0,1952,1901,51,1952,0.02612704918032787,1.0131773415991887,1.5,0.6754515610661258,639,0.3361388742766965,1.0,1
"iteration_4","SCOPE_DATA_COLLECTION",1300,42,2590.0,2650.0,0,7569,5415,1952,7399,5376,1913,7551,5362,1892,21,54,51,0.0027733755942947703,0.009970457902511078,0.02624806999485332,0.2989650104781847,0.6538770636408732,1.015716506310878,0.5979300209563694,0.6538770636408732,0.6771443375405853,0.25546285260230434,0.3412905632226781,0.33773784355179703,100.0,100.0,5229,7745,1962,102,8,16,0.019506597819850834,0.0010329244673983216,0.00815494393476045,0.8,0.2,0.6000000000000001,0.6000000000000001,25.0,70.0,75.0,0.4,0.9,0.30000000000000004,0.2,50.0,70.0,95.0,7487,4787,2700,7487,0.3606250834780286,0.4720459802761416,0.5,0.9440919605522832,2120,0.4428660956757886,1.0,1
"iteration_4","SCOPE_DATA_COLLECTION",1300,42,2590.0,2650.0,1,7569,5415,1952,7399,5376,1913,7551,5362,1892,21,54,51,0.0027733755942947703,0.009970457902511078,0.02624806999485332,0.2989650104781847,0.6538770636408732,1.015716506310878,0.5979300209563694,0.6538770636408732,0.6771443375405853,0.25546285260230434,0.3412905632226781,0.33773784355179703,100.0,100.0,5229,7745,1962,102,8,16,0.019506597819850834,0.0010329244673983216,0.00815494393476045,0.8,0.2,0.6000000000000001,0.6000000000000001,25.0,70.0,75.0,0.4,0.9,0.30000000000000004,0.2,50.0,70.0,95.0,5335,3384,1951,5335,0.36569821930646673,0.8486613161690223,1.0,0.8486613161690223,1703,0.5032505910165485,1.0,1
"iteration_4","SCOPE_DATA_COLLECTION",1300,42,2590.0,2650.0,2,7569,5415,1952,7399,5376,1913,7551,5362,1892,21,54,51,0.0027733755942947703,0.009970457902511078,0.02624806999485332,0.2989650104781847,0.6538770636408732,1.015716506310878,0.5979300209563694,0.6538770636408732,0.6771443375405853,0.25546285260230434,0.3412905632226781,0.33773784355179703,100.0,100.0,5229,7745,1962,102,8,16,0.019506597819850834,0.0010329244673983216,0.00815494393476045,0.8,0.2,0.6000000000000001,0.6000000000000001,25.0,70.0,75.0,0.4,0.9,0.30000000000000004,0.2,50.0,70.0,95.0,1930,1214,716,1930,0.37098445595854923,1.3640402976798531,1.5,0.9093601984532355,630,0.5189456342668863,1.0,1
"iteration_4","SCOPE_DATA_COLLECTION",1300,43,2650.0,2710.0,0,7487,5335,1930,7569,5415,1952,4790,3414,1216,2700,1951,716,0.3604806408544726,0.36365330848089467,0.37060041407867494,0.4726745276936734,0.8547010030414183,1.361416448420379,0.9453490553873468,0.8547010030414183,0.907610965613586,0.44279749478079333,0.5061511423550088,0.515625,100.0,100.0,4997,3930,5825,46,3,5318,0.009205523313988393,7.633587786259542E-4,0.9129613733905579,0.4,0.9,0.30000000000000004,0.2,50.0,70.0,95.0,0.5,0.8,0.4,0.1,60.0,60.0,95.0,7429,5962,1467,7429,0.197469376766725,0.4372891026012611,0.5,0.8745782052025222,2205,0.36984233478698425,1.0,1
"iteration_4","SCOPE_DATA_COLLECTION",1300,43,2650.0,2710.0,1,7487,5335,1930,7569,5415,1952,4790,3414,1216,2700,1951,716,0.3604806408544726,0.36365330848089467,0.37060041407867494,0.4726745276936734,0.8547010030414183,1.361416448420379,0.9453490553873468,0.8547010030414183,0.907610965613586,0.44279749478079333,0.5061511423550088,0.515625,100.0,100.0,4997,3930,5825,46,3,5318,0.009205523313988393,7.633587786259542E-4,0.9129613733905579,0.4,0.9,0.30000000000000004,0.2,50.0,70.0,95.0,0.5,0.8,0.4,0.1,60.0,60.0,95.0,5334,4272,1062,5334,0.19910011248593926,0.7798992778955245,1.0,0.7798992778955245,1759,0.41175093632958804,1.0,1
"iteration_4","SCOPE_DATA_COLLECTION",1300,43,2650.0,2710.0,2,7487,5335,1930,7569,5415,1952,4790,3414,1216,2700,1951,716,0.3604806408544726,0.36365330848089467,0.37060041407867494,0.4726745276936734,0.8547010030414183,1.361416448420379,0.9453490553873468,0.8547010030414183,0.907610965613586,0.44279749478079333,0.5061511423550088,0.515625,100.0,100.0,4997,3930,5825,46,3,5318,0.009205523313988393,7.633587786259542E-4,0.9129613733905579,0.4,0.9,0.30000000000000004,0.2,50.0,70.0,95.0,0.5,0.8,0.4,0.1,60.0,60.0,95.0,1915,1520,395,1915,0.206266318537859,1.2407314657640212,1.5,0.8271543105093474,685,0.4506578947368421,1.0,1
"iteration_4","SCOPE_DATA_COLLECTION",1300,44,2710.0,2770.0,0,7429,5334,1915,7487,5335,1930,5946,4245,1517,1466,1062,395,0.19778737182946574,0.20011305822498587,0.2065899581589958,0.42861805429080996,0.7697182163301426,1.2361198344758306,0.8572361085816199,0.7697182163301426,0.8240798896505538,0.3679784729229734,0.4082449941107185,0.44891232696110744,97.5,100.0,4908,4861,4909,38,6,2879,0.007742461287693562,0.0012343139271754782,0.5864738235893258,0.5,0.8,0.4,0.1,60.0,60.0,95.0,0.75,0.1,0.8,0.8,65.0,50.0,90.0,7439,7399,40,7439,0.005377066810055115,0.28555596235841174,0.5,0.5711119247168235,1708,0.23084200567644275,1.0,1
"iteration_4","SCOPE_DATA_COLLECTION",1300,44,2710.0,2770.0,1,7429,5334,1915,7487,5335,1930,5946,4245,1517,1466,1062,395,0.19778737182946574,0.20011305822498587,0.2065899581589958,0.42861805429080996,0.7697182163301426,1.2361198344758306,0.8572361085816199,0.7697182163301426,0.8240798896505538,0.3679784729229734,0.4082449941107185,0.44891232696110744,97.5,100.0,4908,4861,4909,38,6,2879,0.007742461287693562,0.0012343139271754782,0.5864738235893258,0.5,0.8,0.4,0.1,60.0,60.0,95.0,0.75,0.1,0.8,0.8,65.0,50.0,90.0,5266,5208,58,5266,0.011014052411697683,0.6480910611363221,1.0,0.6480910611363221,1773,0.34043778801843316,1.0,1
"iteration_4","SCOPE_DATA_COLLECTION",1300,44,2710.0,2770.0,2,7429,5334,1915,7487,5335,1930,5946,4245,1517,1466,1062,395,0.19778737182946574,0.20011305822498587,0.2065899581589958,0.42861805429080996,0.7697182163301426,1.2361198344758306,0.8572361085816199,0.7697182163301426,0.8240798896505538,0.3679784729229734,0.4082449941107185,0.44891232696110744,97.5,100.0,4908,4861,4909,38,6,2879,0.007742461287693562,0.0012343139271754782,0.5864738235893258,0.5,0.8,0.4,0.1,60.0,60.0,95.0,0.75,0.1,0.8,0.8,65.0,50.0,90.0,1961,1905,56,1961,0.02855685874553799,1.0158722567317096,1.5,0.677248171154473,651,0.3417322834645669,1.0,1
"iteration_4","SCOPE_DATA_COLLECTION",1300,45,2770.0,2830.0,0,7439,5266,1961,7429,5334,1915,7414,5198,1914,41,58,56,0.005499664654594232,0.011035007610350075,0.028426395939086295,0.2929299461744469,0.6536601125752927,1.0196405040379344,0.5858598923488938,0.6536601125752927,0.6797603360252896,0.23415160507148639,0.34243939976914195,0.3443051201671891,100.0,100.0,5302,7042,2322,110,7,38,0.02074688796680498,9.940357852882703E-4,0.01636520241171404,0.75,0.1,0.8,0.8,65.0,50.0,90.0,0.25,0.6000000000000001,0.1,0.2,55.0,80.0,90.0,7363,3729,3634,7363,0.4935488252071167,0.5215041087702713,0.5,1.0430082175405426,1924,0.5159560203807991,1.0,1
"iteration_4","SCOPE_DATA_COLLECTION",1300,45,2770.0,2830.0,1,7439,5266,1961,7429,5334,1915,7414,5198,1914,41,58,56,0.005499664654594232,0.011035007610350075,0.028426395939086295,0.2929299461744469,0.6536601125752927,1.0196405040379344,0.5858598923488938,0.6536601125752927,0.6797603360252896,0.23415160507148639,0.34243939976914195,0.3443051201671891,100.0,100.0,5302,7042,2322,110,7,38,0.02074688796680498,9.940357852882703E-4,0.01636520241171404,0.75,0.1,0.8,0.8,65.0,50.0,90.0,0.25,0.6000000000000001,0.1,0.2,55.0,80.0,90.0,5401,2718,2683,5401,0.4967598592853175,0.9454706132906869,1.0,0.9454706132906869,1700,0.6254598969830758,1.0,1
"iteration_4","SCOPE_DATA_COLLECTION",1300,45,2770.0,2830.0,2,7439,5266,1961,7429,5334,1915,7414,5198,1914,41,58,56,0.005499664654594232,0.011035007610350075,0.028426395939086295,0.2929299461744469,0.6536601125752927,1.0196405040379344,0.5858598923488938,0.6536601125752927,0.6797603360252896,0.23415160507148639,0.34243939976914195,0.3443051201671891,100.0,100.0,5302,7042,2322,110,7,38,0.02074688796680498,9.940357852882703E-4,0.01636520241171404,0.75,0.1,0.8,0.8,65.0,50.0,90.0,0.25,0.6000000000000001,0.1,0.2,55.0,80.0,90.0,1955,962,993,1955,0.507928388746803,1.5909445251274548,1.5,1.060629683418303,631,0.6559251559251559,1.0,1
"iteration_4","SCOPE_DATA_COLLECTION",1300,46,2830.0,2890.0,0,7363,5401,1955,7439,5266,1961,3734,2744,959,3634,2683,993,0.49321389793702497,0.4943799520913949,0.5087090163934426,0.5200820806934316,0.9495809860873837,1.592772291697158,1.0401641613868633,0.9495809860873837,1.061848194464772,0.513122656668452,0.6253644314868805,0.6558915537017727,100.0,100.0,4917,2383,7419,15,3,7292,0.003050640634533252,0.001258917331095258,0.9828817899986521,0.25,0.6000000000000001,0.1,0.2,55.0,80.0,90.0,0.25,0.7000000000000001,0.1,0.1,55.0,90.0,95.0,7652,3860,3792,7652,0.4955567171981181,0.47045438050859306,0.5,0.9409087610171861,1936,0.5015544041450777,1.0,1
"iteration_4","SCOPE_DATA_COLLECTION",1300,46,2830.0,2890.0,1,7363,5401,1955,7439,5266,1961,3734,2744,959,3634,2683,993,0.49321389793702497,0.4943799520913949,0.5087090163934426,0.5200820806934316,0.9495809860873837,1.592772291697158,1.0401641613868633,0.9495809860873837,1.061848194464772,0.513122656668452,0.6253644314868805,0.6558915537017727,100.0,100.0,4917,2383,7419,15,3,7292,0.003050640634533252,0.001258917331095258,0.9828817899986521,0.25,0.6000000000000001,0.1,0.2,55.0,80.0,90.0,0.25,0.7000000000000001,0.1,0.1,55.0,90.0,95.0,5236,2616,2620,5236,0.5003819709702063,0.9333093990026272,1.0,0.9333093990026272,1668,0.6376146788990825,1.0,1
"iteration_4","SCOPE_DATA_COLLECTION",1300,46,2830.0,2890.0,2,7363,5401,1955,7439,5266,1961,3734,2744,959,3634,2683,993,0.49321389793702497,0.4943799520913949,0.5087090163934426,0.5200820806934316,0.9495809860873837,1.592772291697158,1.0401641613868633,0.9495809860873837,1.061848194464772,0.513122656668452,0.6253644314868805,0.6558915537017727,100.0,100.0,4917,2383,7419,15,3,7292,0.003050640634533252,0.001258917331095258,0.9828817899986521,0.25,0.6000000000000001,0.1,0.2,55.0,80.0,90.0,0.25,0.7000000000000001,0.1,0.1,55.0,90.0,95.0,1882,941,941,1882,0.5,1.6323899671167956,1.5,1.0882599780778637,652,0.6928799149840595,1.0,1
"iteration_4","SCOPE_DATA_COLLECTION",1300,47,2890.0,2950.0,0,7652,5236,1882,7363,5401,1955,3857,2616,939,3792,2620,941,0.4957510785723624,0.5003819709702063,0.500531914893617,0.4708497416447491,0.9297477438589915,1.630641779395464,0.9416994832894982,0.9297477438589915,1.087094519596976,0.5019445164635727,0.6353211009174312,0.691160809371672,100.0,100.0,4965,2477,7328,23,2,7328,0.004632426988922457,8.074283407347598E-4,1.0,0.25,0.7000000000000001,0.1,0.1,55.0,90.0,95.0,0.25,0.6000000000000001,0.1,0.2,65.0,90.0,95.0,7402,3644,3758,7402,0.5077006214536611,0.47400192110481587,0.5,0.9480038422096317,1857,0.5096048298572997,1.0,1
"iteration_4","SCOPE_DATA_COLLECTION",1300,47,2890.0,2950.0,1,7652,5236,1882,7363,5401,1955,3857,2616,939,3792,2620,941,0.4957510785723624,0.5003819709702063,0.500531914893617,0.4708497416447491,0.9297477438589915,1.630641779395464,0.9416994832894982,0.9297477438589915,1.087094519596976,0.5019445164635727,0.6353211009174312,0.691160809371672,100.0,100.0,4965,2477,7328,23,2,7328,0.004632426988922457,8.074283407347598E-4,1.0,0.25,0.7000000000000001,0.1,0.1,55.0,90.0,95.0,0.25,0.6000000000000001,0.1,0.2,65.0,90.0,95.0,5328,2688,2640,5328,0.4954954954954955,0.917940934233307,1.0,0.917940934233307,1681,0.6253720238095238,1.0,1
"iteration_4","SCOPE_DATA_COLLECTION",1300,47,2890.0,2950.0,2,7652,5236,1882,7363,5401,1955,3857,2616,939,3792,2620,941,0.4957510785723624,0.5003819709702063,0.500531914893617,0.4708497416447491,0.9297477438589915,1.630641779395464,0.9416994832894982,0.9297477438589915,1.087094519596976,0.5019445164635727,0.6353211009174312,0.691160809371672,100.0,100.0,4965,2477,7328,23,2,7328,0.004632426988922457,8.074283407347598E-4,1.0,0.25,0.7000000000000001,0.1,0.1,55.0,90.0,95.0,0.25,0.6000000000000001,0.1,0.2,65.0,90.0,95.0,1894,946,948,1894,0.5005279831045406,1.5865315685035948,1.5,1.0576877123357298,625,0.6606765327695561,1.0,1
"iteration_4","SCOPE_DATA_COLLECTION",1300,48,2950.0,3010.0,0,7402,5328,1894,7652,5236,1882,3647,2686,943,3757,2638,948,0.507428417071853,0.4954921111945905,0.5013220518244316,0.47385594007520543,0.9169685176162344,1.5821090499753043,0.9477118801504109,0.9169685176162344,1.054739366650203,0.5100082259391281,0.625837676842889,0.6595970307529162,97.5,100.0,4924,2402,7298,43,2,7298,0.008732737611697806,8.326394671107411E-4,1.0,0.25,0.6000000000000001,0.1,0.2,65.0,90.0,95.0,0.4,0.5,0.7000000000000001,0.2,30.0,80.0,35.0,7476,4955,2521,7476,0.3372124130551097,0.4433872475621788,0.5,0.8867744951243576,2180,0.4399596367305752,1.0,1
"iteration_4","SCOPE_DATA_COLLECTION",1300,48,2950.0,3010.0,1,7402,5328,1894,7652,5236,1882,3647,2686,943,3757,2638,948,0.507428417071853,0.4954921111945905,0.5013220518244316,0.47385594007520543,0.9169685176162344,1.5821090499753043,0.9477118801504109,0.9169685176162344,1.054739366650203,0.5100082259391281,0.625837676842889,0.6595970307529162,97.5,100.0,4924,2402,7298,43,2,7298,0.008732737611697806,8.326394671107411E-4,1.0,0.25,0.6000000000000001,0.1,0.2,65.0,90.0,95.0,0.4,0.5,0.7000000000000001,0.2,30.0,80.0,35.0,5270,3423,1847,5270,0.35047438330170777,0.9123531709571214,1.0,0.9123531709571214,1793,0.5238095238095238,1.0,1
"iteration_4","SCOPE_DATA_COLLECTION",1300,48,2950.0,3010.0,2,7402,5328,1894,7652,5236,1882,3647,2686,943,3757,2638,948,0.507428417071853,0.4954921111945905,0.5013220518244316,0.47385594007520543,0.9169685176162344,1.5821090499753043,0.9477118801504109,0.9169685176162344,1.054739366650203,0.5100082259391281,0.625837676842889,0.6595970307529162,97.5,100.0,4924,2402,7298,43,2,7298,0.008732737611697806,8.326394671107411E-4,1.0,0.25,0.6000000000000001,0.1,0.2,65.0,90.0,95.0,0.4,0.5,0.7000000000000001,0.2,30.0,80.0,35.0,1971,1252,719,1971,0.3647894469812278,1.3316772624311757,1.5,0.8877848416207837,634,0.5063897763578274,1.0,1
"iteration_4","SCOPE_DATA_COLLECTION",1300,49,3010.0,3070.0,0,7476,5270,1971,7402,5328,1894,4957,3409,1260,2522,1849,719,0.3372108570664527,0.35165462152909854,0.36331480545730166,0.4438428977176595,0.9080989137602143,1.3378963416531922,0.887685795435319,0.9080989137602143,0.8919308944354615,0.4397821262860601,0.5218539161044294,0.5103174603174603,100.0,100.0,5077,3894,5746,69,2,5019,0.013590703171164073,5.136106831022085E-4,0.8734772015315002,0.4,0.5,0.7000000000000001,0.2,30.0,80.0,35.0,0.4,0.5,0.6000000000000001,0.2,40.0,90.0,35.0,7459,4718,2741,7459,0.36747553291325913,0.4721364485372145,0.5,0.944272897074429,2051,0.43471810089020774,1.0,1
"iteration_4","SCOPE_DATA_COLLECTION",1300,49,3010.0,3070.0,1,7476,5270,1971,7402,5328,1894,4957,3409,1260,2522,1849,719,0.3372108570664527,0.35165462152909854,0.36331480545730166,0.4438428977176595,0.9080989137602143,1.3378963416531922,0.887685795435319,0.9080989137602143,0.8919308944354615,0.4397821262860601,0.5218539161044294,0.5103174603174603,100.0,100.0,5077,3894,5746,69,2,5019,0.013590703171164073,5.136106831022085E-4,0.8734772015315002,0.4,0.5,0.7000000000000001,0.2,30.0,80.0,35.0,0.4,0.5,0.6000000000000001,0.2,40.0,90.0,35.0,5429,3437,1992,5429,0.3669184011788543,0.9342443217350431,1.0,0.9342443217350431,1865,0.5426243817282513,1.0,1
"iteration_4","SCOPE_DATA_COLLECTION",1300,49,3010.0,3070.0,2,7476,5270,1971,7402,5328,1894,4957,3409,1260,2522,1849,719,0.3372108570664527,0.35165462152909854,0.36331480545730166,0.4438428977176595,0.9080989137602143,1.3378963416531922,0.887685795435319,0.9080989137602143,0.8919308944354615,0.4397821262860601,0.5218539161044294,0.5103174603174603,100.0,100.0,5077,3894,5746,69,2,5019,0.013590703171164073,5.136106831022085E-4,0.8734772015315002,0.4,0.5,0.7000000000000001,0.2,30.0,80.0,35.0,0.4,0.5,0.6000000000000001,0.2,40.0,90.0,35.0,1944,1196,748,1944,0.38477366255144035,1.346817872609231,1.5,0.8978785817394873,611,0.5108695652173914,1.0,1
"iteration_4","SCOPE_DATA_COLLECTION",1300,50,3070.0,3130.0,0,7459,5429,1944,7476,5270,1971,4694,3430,1187,2741,1992,748,0.36866173503698724,0.36739210623386204,0.38656330749354006,0.4723415552058972,0.9360466075013005,1.3515651588278192,0.9446831104117944,0.9360466075013005,0.9010434392185461,0.43544951001278226,0.5446064139941691,0.5130581297388374,100.0,100.0,5118,3873,5841,70,4,5407,0.013677217663149667,0.0010327911179963851,0.9256976545112139,0.4,0.5,0.6000000000000001,0.2,40.0,90.0,35.0,0.30000000000000004,0.4,0.6000000000000001,0.1,50.0,95.0,25.0,7445,4039,3406,7445,0.4574882471457354,0.45686277223938104,0.5,0.9137255444787621,1922,0.4758603614756128,1.0,1
"iteration_4","SCOPE_DATA_COLLECTION",1300,50,3070.0,3130.0,1,7459,5429,1944,7476,5270,1971,4694,3430,1187,2741,1992,748,0.36866173503698724,0.36739210623386204,0.38656330749354006,0.4723415552058972,0.9360466075013005,1.3515651588278192,0.9446831104117944,0.9360466075013005,0.9010434392185461,0.43544951001278226,0.5446064139941691,0.5130581297388374,100.0,100.0,5118,3873,5841,70,4,5407,0.013677217663149667,0.0010327911179963851,0.9256976545112139,0.4,0.5,0.6000000000000001,0.2,40.0,90.0,35.0,0.30000000000000004,0.4,0.6000000000000001,0.1,50.0,95.0,25.0,5328,2813,2515,5328,0.47203453453453453,0.9578529512674033,1.0,0.9578529512674033,1688,0.6000710984713828,1.0,1
"iteration_4","SCOPE_DATA_COLLECTION",1300,50,3070.0,3130.0,2,7459,5429,1944,7476,5270,1971,4694,3430,1187,2741,1992,748,0.36866173503698724,0.36739210623386204,0.38656330749354006,0.4723415552058972,0.9360466075013005,1.3515651588278192,0.9446831104117944,0.9360466075013005,0.9010434392185461,0.43544951001278226,0.5446064139941691,0.5130581297388374,100.0,100.0,5118,3873,5841,70,4,5407,0.013677217663149667,0.0010327911179963851,0.9256976545112139,0.4,0.5,0.6000000000000001,0.2,40.0,90.0,35.0,0.30000000000000004,0.4,0.6000000000000001,0.1,50.0,95.0,25.0,1974,1025,949,1974,0.4807497467071935,1.5124003862805702,1.5,1.0082669241870468,644,0.6282926829268293,1.0,1
"iteration_4","SCOPE_DATA_COLLECTION",1300,51,3130.0,3190.0,0,7445,5328,1974,7459,5429,1944,4064,2823,1037,3406,2515,949,0.45595716198125835,0.4711502435369052,0.4778449144008056,0.4565067322226607,0.9582845826718176,1.5044170735755082,0.9130134644453214,0.9582845826718176,1.0029447157170055,0.4746555118110236,0.597945448104853,0.6229508196721312,97.5,100.0,4973,2905,6869,33,2,6835,0.006635833500904886,6.884681583476765E-4,0.9950502256514776,0.30000000000000004,0.4,0.6000000000000001,0.1,50.0,95.0,25.0,0.9500000000000001,0.30000000000000004,0.8,0.6000000000000001,60.0,30.0,95.0,7456,7346,110,7456,0.014753218884120171,0.32301940044255617,0.5,0.6460388008851123,1972,0.2684454124693711,1.0,1
"iteration_4","SCOPE_DATA_COLLECTION",1300,51,3130.0,3190.0,1,7445,5328,1974,7459,5429,1944,4064,2823,1037,3406,2515,949,0.45595716198125835,0.4711502435369052,0.4778449144008056,0.4565067322226607,0.9582845826718176,1.5044170735755082,0.9130134644453214,0.9582845826718176,1.0029447157170055,0.4746555118110236,0.597945448104853,0.6229508196721312,97.5,100.0,4973,2905,6869,33,2,6835,0.006635833500904886,6.884681583476765E-4,0.9950502256514776,0.30000000000000004,0.4,0.6000000000000001,0.1,50.0,95.0,25.0,0.9500000000000001,0.30000000000000004,0.8,0.6000000000000001,60.0,30.0,95.0,5316,5189,127,5316,0.023890142964635062,0.6770344427980832,1.0,0.6770344427980832,1788,0.3445750626324918,1.0,1
"iteration_4","SCOPE_DATA_COLLECTION",1300,51,3130.0,3190.0,2,7445,5328,1974,7459,5429,1944,4064,2823,1037,3406,2515,949,0.45595716198125835,0.4711502435369052,0.4778449144008056,0.4565067322226607,0.9582845826718176,1.5044170735755082,0.9130134644453214,0.9582845826718176,1.0029447157170055,0.4746555118110236,0.597945448104853,0.6229508196721312,97.5,100.0,4973,2905,6869,33,2,6835,0.006635833500904886,6.884681583476765E-4,0.9950502256514776,0.30000000000000004,0.4,0.6000000000000001,0.1,50.0,95.0,25.0,0.9500000000000001,0.30000000000000004,0.8,0.6000000000000001,60.0,30.0,95.0,1957,1869,88,1957,0.044966785896780784,1.0550663620267886,1.5,0.7033775746845258,655,0.35045478865703583,1.0,1
"iteration_4","SCOPE_DATA_COLLECTION",1300,52,3190.0,3250.0,0,7456,5316,1957,7445,5328,1974,7341,5170,1862,110,127,88,0.014763119044423567,0.023975835378516143,0.04512820512820513,0.3229644392852994,0.6748110738705998,1.0550932880629964,0.6459288785705988,0.6748110738705998,0.7033955253753309,0.2679471461653726,0.34332688588007737,0.35123523093447906,100.0,100.0,5155,9110,464,127,196,2,0.02463627546071775,0.021514818880351262,0.004310344827586207,0.9500000000000001,0.30000000000000004,0.8,0.6000000000000001,60.0,30.0,95.0,0.8500000000000001,0.30000000000000004,0.9,0.5,50.0,40.0,95.0,7469,7452,17,7469,0.0022760744410228947,0.30395655828588464,0.5,0.6079131165717693,1943,0.2607353730542136,1.0,1
"iteration_4","SCOPE_DATA_COLLECTION",1300,52,3190.0,3250.0,1,7456,5316,1957,7445,5328,1974,7341,5170,1862,110,127,88,0.014763119044423567,0.023975835378516143,0.04512820512820513,0.3229644392852994,0.6748110738705998,1.0550932880629964,0.6459288785705988,0.6748110738705998,0.7033955253753309,0.2679471461653726,0.34332688588007737,0.35123523093447906,100.0,100.0,5155,9110,464,127,196,2,0.02463627546071775,0.021514818880351262,0.004310344827586207,0.9500000000000001,0.30000000000000004,0.8,0.6000000000000001,60.0,30.0,95.0,0.8500000000000001,0.30000000000000004,0.9,0.5,50.0,40.0,95.0,5134,5098,36,5134,0.007012076353720296,0.6377569395261513,1.0,0.6377569395261513,1720,0.3373872106708513,1.0,1
"iteration_4","SCOPE_DATA_COLLECTION",1300,52,3190.0,3250.0,2,7456,5316,1957,7445,5328,1974,7341,5170,1862,110,127,88,0.014763119044423567,0.023975835378516143,0.04512820512820513,0.3229644392852994,0.6748110738705998,1.0550932880629964,0.6459288785705988,0.6748110738705998,0.7033955253753309,0.2679471461653726,0.34332688588007737,0.35123523093447906,100.0,100.0,5155,9110,464,127,196,2,0.02463627546071775,0.021514818880351262,0.004310344827586207,0.9500000000000001,0.30000000000000004,0.8,0.6000000000000001,60.0,30.0,95.0,0.8500000000000001,0.30000000000000004,0.9,0.5,50.0,40.0,95.0,1875,1826,49,1875,0.026133333333333335,1.0213534500531887,1.5,0.6809023000354592,630,0.34501642935377874,1.0,1
"iteration_4","SCOPE_DATA_COLLECTION",1300,53,3250.0,3310.0,0,7469,5134,1875,7456,5316,1957,7462,5113,1819,17,36,49,0.00227303115389758,0.006991648863857059,0.026231263383297645,0.30484760741554584,0.6406508219463108,1.0165188057465913,0.6096952148310917,0.6406508219463108,0.6776792038310608,0.2625301527740552,0.33972227654997067,0.34304562946673994,97.5,100.0,5158,7903,1417,97,5,0,0.018805738658394727,6.326711375427053E-4,0.0,0.8500000000000001,0.30000000000000004,0.9,0.5,50.0,40.0,95.0,0.65,0.4,0.2,0.6000000000000001,60.0,55.0,30.0,7354,7259,95,7354,0.012918139787870547,0.3006944018974998,0.5,0.6013888037949996,1802,0.24824355971896955,1.0,1
"iteration_4","SCOPE_DATA_COLLECTION",1300,53,3250.0,3310.0,1,7469,5134,1875,7456,5316,1957,7462,5113,1819,17,36,49,0.00227303115389758,0.006991648863857059,0.026231263383297645,0.30484760741554584,0.6406508219463108,1.0165188057465913,0.6096952148310917,0.6406508219463108,0.6776792038310608,0.2625301527740552,0.33972227654997067,0.34304562946673994,97.5,100.0,5158,7903,1417,97,5,0,0.018805738658394727,6.326711375427053E-4,0.0,0.8500000000000001,0.30000000000000004,0.9,0.5,50.0,40.0,95.0,0.65,0.4,0.2,0.6000000000000001,60.0,55.0,30.0,5497,5437,60,5497,0.010915044569765326,0.5983694240426248,1.0,0.5983694240426248,1744,0.3207651278278462,1.0,1
"iteration_4","SCOPE_DATA_COLLECTION",1300,53,3250.0,3310.0,2,7469,5134,1875,7456,5316,1957,7462,5113,1819,17,36,49,0.00227303115389758,0.006991648863857059,0.026231263383297645,0.30484760741554584,0.6406508219463108,1.0165188057465913,0.6096952148310917,0.6406508219463108,0.6776792038310608,0.2625301527740552,0.33972227654997067,0.34304562946673994,97.5,100.0,5158,7903,1417,97,5,0,0.018805738658394727,6.326711375427053E-4,0.0,0.8500000000000001,0.30000000000000004,0.9,0.5,50.0,40.0,95.0,0.65,0.4,0.2,0.6000000000000001,60.0,55.0,30.0,1955,1906,49,1955,0.02506393861892583,0.9993735628000442,1.5,0.6662490418666961,636,0.3336831059811123,1.0,1
"iteration_4","SCOPE_DATA_COLLECTION",1300,54,3310.0,3370.0,0,7354,5497,1955,7469,5134,1875,7247,5443,1910,95,60,49,0.012939253609370744,0.010903143739778303,0.025012761613067893,0.2996919748959919,0.6021911394382278,1.0033821189688743,0.5993839497919838,0.6021911394382278,0.6689214126459162,0.24658479370774114,0.3224324820870843,0.33403141361256544,100.0,100.0,5016,6402,3388,68,7,129,0.013556618819776715,0.0010934083099031554,0.03807556080283353,0.65,0.4,0.2,0.6000000000000001,60.0,55.0,30.0,0.75,0.5,0.1,0.6000000000000001,60.0,45.0,20.0,7403,7386,17,7403,0.0022963663379710927,0.2874736374354632,0.5,0.5749472748709265,1784,0.24153804494990522,1.0,1
"iteration_4","SCOPE_DATA_COLLECTION",1300,54,3310.0,3370.0,1,7354,5497,1955,7469,5134,1875,7247,5443,1910,95,60,49,0.012939253609370744,0.010903143739778303,0.025012761613067893,0.2996919748959919,0.6021911394382278,1.0033821189688743,0.5993839497919838,0.6021911394382278,0.6689214126459162,0.24658479370774114,0.3224324820870843,0.33403141361256544,100.0,100.0,5016,6402,3388,68,7,129,0.013556618819776715,0.0010934083099031554,0.03807556080283353,0.65,0.4,0.2,0.6000000000000001,60.0,55.0,30.0,0.75,0.5,0.1,0.6000000000000001,60.0,45.0,20.0,5434,5413,21,5434,0.0038645564961354434,0.5545099465707651,1.0,0.5545099465707651,1672,0.30888601514871605,1.0,1
"iteration_4","SCOPE_DATA_COLLECTION",1300,54,3310.0,3370.0,2,7354,5497,1955,7469,5134,1875,7247,5443,1910,95,60,49,0.012939253609370744,0.010903143739778303,0.025012761613067893,0.2996919748959919,0.6021911394382278,1.0033821189688743,0.5993839497919838,0.6021911394382278,0.6689214126459162,0.24658479370774114,0.3224324820870843,0.33403141361256544,100.0,100.0,5016,6402,3388,68,7,129,0.013556618819776715,0.0010934083099031554,0.03807556080283353,0.65,0.4,0.2,0.6000000000000001,60.0,55.0,30.0,0.75,0.5,0.1,0.6000000000000001,60.0,45.0,20.0,2002,1970,32,2002,0.015984015984015984,0.9637353759929316,1.5,0.6424902506619544,630,0.3197969543147208,1.0,1
"iteration_4","SCOPE_DATA_COLLECTION",1300,55,3370.0,3430.0,0,7403,5434,2002,7354,5497,1955,7388,5412,1968,17,21,32,0.0022957461174881837,0.003865267807840972,0.016,0.28880838757480576,0.5545586445045523,0.9636446661783756,0.5776167751496115,0.5545586445045523,0.6424297774522504,0.24296155928532756,0.3089430894308943,0.3201219512195122,100.0,100.0,4897,7455,2487,55,15,0,0.011231366142536246,0.002012072434607646,0.0,0.75,0.5,0.1,0.6000000000000001,60.0,45.0,20.0,0.8500000000000001,0.4,0.1,0.5,50.0,55.0,30.0,7453,7437,16,7453,0.002146786528914531,0.29166456092577214,0.5,0.5833291218515443,1785,0.2400161355385236,1.0,1
"iteration_4","SCOPE_DATA_COLLECTION",1300,55,3370.0,3430.0,1,7403,5434,2002,7354,5497,1955,7388,5412,1968,17,21,32,0.0022957461174881837,0.003865267807840972,0.016,0.28880838757480576,0.5545586445045523,0.9636446661783756,0.5776167751496115,0.5545586445045523,0.6424297774522504,0.24296155928532756,0.3089430894308943,0.3201219512195122,100.0,100.0,4897,7455,2487,55,15,0,0.011231366142536246,0.002012072434607646,0.0,0.75,0.5,0.1,0.6000000000000001,60.0,45.0,20.0,0.8500000000000001,0.4,0.1,0.5,50.0,55.0,30.0,5348,5338,10,5348,0.0018698578908002991,0.568842785559263,1.0,0.568842785559263,1699,0.31828400149868863,1.0,1
"iteration_4","SCOPE_DATA_COLLECTION",1300,55,3370.0,3430.0,2,7403,5434,2002,7354,5497,1955,7388,5412,1968,17,21,32,0.0022957461174881837,0.003865267807840972,0.016,0.28880838757480576,0.5545586445045523,0.9636446661783756,0.5776167751496115,0.5545586445045523,0.6424297774522504,0.24296155928532756,0.3089430894308943,0.3201219512195122,100.0,100.0,4897,7455,2487,55,15,0,0.011231366142536246,0.002012072434607646,0.0,0.75,0.5,0.1,0.6000000000000001,60.0,45.0,20.0,0.8500000000000001,0.4,0.1,0.5,50.0,55.0,30.0,1945,1920,25,1945,0.012853470437017995,0.9590209198617077,1.5,0.6393472799078052,605,0.3151041666666667,1.0,1
"iteration_4","SCOPE_DATA_COLLECTION",1300,56,3430.0,3490.0,0,7453,5348,1945,7403,5434,2002,7440,5346,1919,16,10,25,0.002145922746781116,0.0018670649738610904,0.01286008230452675,0.2911824749640367,0.5680200032477513,0.963383546519275,0.5823649499280734,0.5680200032477513,0.6422556976795167,0.2399193548387097,0.3176206509539843,0.31787389265242316,100.0,100.0,4981,8347,1418,45,6,0,0.00903433045573178,7.188211333413202E-4,0.0,0.8500000000000001,0.4,0.1,0.5,50.0,55.0,30.0,0.8500000000000001,0.4,0.1,0.5,50.0,45.0,30.0,7612,7594,18,7612,0.002364687335785602,0.29237470994666415,0.5,0.5847494198933283,1834,0.24150645246247038,1.0,1
"iteration_4","SCOPE_DATA_COLLECTION",1300,56,3430.0,3490.0,1,7453,5348,1945,7403,5434,2002,7440,5346,1919,16,10,25,0.002145922746781116,0.0018670649738610904,0.01286008230452675,0.2911824749640367,0.5680200032477513,0.963383546519275,0.5823649499280734,0.5680200032477513,0.6422556976795167,0.2399193548387097,0.3176206509539843,0.31787389265242316,100.0,100.0,4981,8347,1418,45,6,0,0.00903433045573178,7.188211333413202E-4,0.0,0.8500000000000001,0.4,0.1,0.5,50.0,55.0,30.0,0.8500000000000001,0.4,0.1,0.5,50.0,45.0,30.0,5302,5286,16,5302,0.003017729158807997,0.58828488703091,1.0,0.58828488703091,1718,0.32500945894816496,1.0,1
"iteration_4","SCOPE_DATA_COLLECTION",1300,56,3430.0,3490.0,2,7453,5348,1945,7403,5434,2002,7440,5346,1919,16,10,25,0.002145922746781116,0.0018670649738610904,0.01286008230452675,0.2911824749640367,0.5680200032477513,0.963383546519275,0.5823649499280734,0.5680200032477513,0.6422556976795167,0.2399193548387097,0.3176206509539843,0.31787389265242316,100.0,100.0,4981,8347,1418,45,6,0,0.00903433045573178,7.188211333413202E-4,0.0,0.8500000000000001,0.4,0.1,0.5,50.0,55.0,30.0,0.8500000000000001,0.4,0.1,0.5,50.0,45.0,30.0,1958,1933,25,1958,0.012768130745658836,0.9860698139172804,1.5,0.6573798759448536,633,0.3274702534919814,1.0,1
"iteration_4","SCOPE_DATA_COLLECTION",1300,57,3490.0,3550.0,0,7612,5302,1958,7453,5348,1945,7593,5278,1934,18,16,25,0.002364998029168309,0.003022289384208538,0.012761613067891782,0.2933650665877974,0.5878419978373899,0.9858778300231535,0.5867301331755947,0.5878419978373899,0.6572518866821023,0.24311866192545767,0.32474422129594543,0.32730093071354704,100.0,100.0,5005,8350,1517,49,10,0,0.009790209790209791,0.0011976047904191617,0.0,0.8500000000000001,0.4,0.1,0.5,50.0,45.0,30.0,0.75,0.30000000000000004,0.1,0.4,50.0,45.0,20.0,7609,7592,17,7609,0.002234196346431857,0.2906128324357811,0.5,0.5812256648715622,1841,0.24249209694415175,1.0,1
"iteration_4","SCOPE_DATA_COLLECTION",1300,57,3490.0,3550.0,1,7612,5302,1958,7453,5348,1945,7593,5278,1934,18,16,25,0.002364998029168309,0.003022289384208538,0.012761613067891782,0.2933650665877974,0.5878419978373899,0.9858778300231535,0.5867301331755947,0.5878419978373899,0.6572518866821023,0.24311866192545767,0.32474422129594543,0.32730093071354704,100.0,100.0,5005,8350,1517,49,10,0,0.009790209790209791,0.0011976047904191617,0.0,0.8500000000000001,0.4,0.1,0.5,50.0,45.0,30.0,0.75,0.30000000000000004,0.1,0.4,50.0,45.0,20.0,5354,5345,9,5354,0.0016809861785580874,0.5758205576816713,1.0,0.5758205576816713,1685,0.31524789522918617,1.0,1
"iteration_4","SCOPE_DATA_COLLECTION",1300,57,3490.0,3550.0,2,7612,5302,1958,7453,5348,1945,7593,5278,1934,18,16,25,0.002364998029168309,0.003022289384208538,0.012761613067891782,0.2933650665877974,0.5878419978373899,0.9858778300231535,0.5867301331755947,0.5878419978373899,0.6572518866821023,0.24311866192545767,0.32474422129594543,0.32730093071354704,100.0,100.0,5005,8350,1517,49,10,0,0.009790209790209791,0.0011976047904191617,0.0,0.8500000000000001,0.4,0.1,0.5,50.0,45.0,30.0,0.75,0.30000000000000004,0.1,0.4,50.0,45.0,20.0,2025,1990,35,2025,0.01728395061728395,1.0067617756280784,1.5,0.6711745170853857,679,0.3412060301507538,1.0,1
"iteration_4","SCOPE_DATA_COLLECTION",1300,58,3550.0,3618.9911211836343,0,7609,5354,2025,7612,5302,1958,7583,5352,1991,17,9,35,0.0022368421052631577,0.0016787912702853946,0.017275419545903257,0.2899568921562089,0.5761195256931245,0.9994999389973347,0.5799137843124178,0.5761195256931245,0.6663332926648898,0.24093366741395225,0.31520926756352763,0.3375188347564038,100.0,100.0,5007,7495,2486,57,4,0,0.011384062312762133,5.33689126084056E-4,0.0,0.75,0.30000000000000004,0.1,0.4,50.0,45.0,20.0,0.75,0.4,0.1,0.4,50.0,45.0,30.0,6276,6223,12,6235,0.0019246190858059342,0.3014474426062096,0.5,0.6028948852124192,1625,0.26112807327655474,0.9934671765455704,0
"iteration_4","SCOPE_DATA_COLLECTION",1300,58,3550.0,3618.9911211836343,1,7609,5354,2025,7612,5302,1958,7583,5352,1991,17,9,35,0.0022368421052631577,0.0016787912702853946,0.017275419545903257,0.2899568921562089,0.5761195256931245,0.9994999389973347,0.5799137843124178,0.5761195256931245,0.6663332926648898,0.24093366741395225,0.31520926756352763,0.3375188347564038,100.0,100.0,5007,7495,2486,57,4,0,0.011384062312762133,5.33689126084056E-4,0.0,0.75,0.30000000000000004,0.1,0.4,50.0,45.0,20.0,0.75,0.4,0.1,0.4,50.0,45.0,30.0,4424,4344,10,4354,0.0022967386311437757,0.5750326051119079,1.0,0.5750326051119079,1372,0.31583793738489874,0.9841772151898734,0
"iteration_4","SCOPE_DATA_COLLECTION",1300,58,3550.0,3618.9911211836343,2,7609,5354,2025,7612,5302,1958,7583,5352,1991,17,9,35,0.0022368421052631577,0.0016787912702853946,0.017275419545903257,0.2899568921562089,0.5761195256931245,0.9994999389973347,0.5799137843124178,0.5761195256931245,0.6663332926648898,0.24093366741395225,0.31520926756352763,0.3375188347564038,100.0,100.0,5007,7495,2486,57,4,0,0.011384062312762133,5.33689126084056E-4,0.0,0.75,0.30000000000000004,0.1,0.4,50.0,45.0,20.0,0.75,0.4,0.1,0.4,50.0,45.0,30.0,1638,1590,26,1616,0.01608910891089109,0.9801127135771281,1.5,0.6534084757180855,513,0.32264150943396225,0.9865689865689866,0
"iteration_4","SCOPE_DATA_COLLECTION",1400,0,70.0,130.0,0,7113,5345,1802,0,0,0,6789,5009,1676,274,283,99,0.0387937137193827,0.05347694633408919,0.05577464788732395,0.3260746276537426,0.649134314362134,1.0681548886754484,0.6521492553074852,0.649134314362134,0.7121032591169656,0.27058476948004123,0.33699341185865445,0.36336515513126494,100.0,100.0,4957,5576,3727,100,7,549,0.020173492031470647,0.001255380200860832,0.1473034612288704,0.6,0.5,0.7,0.4,85.0,80.0,90.0,0.15000000000000002,0.4,0.2,0.8,20.0,50.0,55.0,7607,3248,4359,7607,0.5730248455370054,0.516447369518854,0.5,1.032894739037708,1876,0.5775862068965517,1.0,1
"iteration_4","SCOPE_DATA_COLLECTION",1400,0,70.0,130.0,1,7113,5345,1802,0,0,0,6789,5009,1676,274,283,99,0.0387937137193827,0.05347694633408919,0.05577464788732395,0.3260746276537426,0.649134314362134,1.0681548886754484,0.6521492553074852,0.649134314362134,0.7121032591169656,0.27058476948004123,0.33699341185865445,0.36336515513126494,100.0,100.0,4957,5576,3727,100,7,549,0.020173492031470647,0.001255380200860832,0.1473034612288704,0.6,0.5,0.7,0.4,85.0,80.0,90.0,0.15000000000000002,0.4,0.2,0.8,20.0,50.0,55.0,6095,2610,3485,6095,0.571780147662018,1.0530710571253825,1.0,1.0530710571253825,1822,0.6980842911877395,1.0,1
"iteration_4","SCOPE_DATA_COLLECTION",1400,0,70.0,130.0,2,7113,5345,1802,0,0,0,6789,5009,1676,274,283,99,0.0387937137193827,0.05347694633408919,0.05577464788732395,0.3260746276537426,0.649134314362134,1.0681548886754484,0.6521492553074852,0.649134314362134,0.7121032591169656,0.27058476948004123,0.33699341185865445,0.36336515513126494,100.0,100.0,4957,5576,3727,100,7,549,0.020173492031470647,0.001255380200860832,0.1473034612288704,0.6,0.5,0.7,0.4,85.0,80.0,90.0,0.15000000000000002,0.4,0.2,0.8,20.0,50.0,55.0,1974,806,1168,1974,0.5916919959473151,1.8052124478632914,1.5,1.2034749652421943,605,0.750620347394541,1.0,1
"iteration_4","SCOPE_DATA_COLLECTION",1400,1,130.0,190.0,0,7607,6095,1974,7113,5345,1802,3265,2617,809,4358,3485,1168,0.571690935327299,0.5711242215666994,0.5907941325240263,0.5189824694164102,1.0562699146817804,1.7939749701341245,1.0379649388328205,1.0562699146817804,1.1959833134227498,0.5788667687595712,0.6977455101260985,0.7441285537700866,100.0,100.0,5094,1603,8979,77,0,8934,0.015115822536317236,0.0,0.994988306047444,0.15000000000000002,0.4,0.2,0.8,20.0,50.0,55.0,0.15000000000000002,0.5,0.2,0.9,20.0,50.0,65.0,7787,3372,4415,7787,0.5669705920123282,0.5789271195244998,0.5,1.1578542390489996,1917,0.5685053380782918,1.0,1
"iteration_4","SCOPE_DATA_COLLECTION",1400,1,130.0,190.0,1,7607,6095,1974,7113,5345,1802,3265,2617,809,4358,3485,1168,0.571690935327299,0.5711242215666994,0.5907941325240263,0.5189824694164102,1.0562699146817804,1.7939749701341245,1.0379649388328205,1.0562699146817804,1.1959833134227498,0.5788667687595712,0.6977455101260985,0.7441285537700866,100.0,100.0,5094,1603,8979,77,0,8934,0.015115822536317236,0.0,0.994988306047444,0.15000000000000002,0.4,0.2,0.8,20.0,50.0,55.0,0.15000000000000002,0.5,0.2,0.9,20.0,50.0,65.0,5920,2510,3410,5920,0.5760135135135135,1.1362272958301425,1.0,1.1362272958301425,1833,0.7302788844621514,1.0,1
"iteration_4","SCOPE_DATA_COLLECTION",1400,1,130.0,190.0,2,7607,6095,1974,7113,5345,1802,3265,2617,809,4358,3485,1168,0.571690935327299,0.5711242215666994,0.5907941325240263,0.5189824694164102,1.0562699146817804,1.7939749701341245,1.0379649388328205,1.0562699146817804,1.1959833134227498,0.5788667687595712,0.6977455101260985,0.7441285537700866,100.0,100.0,5094,1603,8979,77,0,8934,0.015115822536317236,0.0,0.994988306047444,0.15000000000000002,0.4,0.2,0.8,20.0,50.0,55.0,0.15000000000000002,0.5,0.2,0.9,20.0,50.0,65.0,2058,865,1193,2058,0.5796890184645287,1.9054813041128738,1.5,1.2703208694085826,648,0.7491329479768786,1.0,1
"iteration_4","SCOPE_DATA_COLLECTION",1400,2,190.0,250.0,0,7787,5920,2058,7607,6095,1974,3371,2503,866,4416,3410,1193,0.567099011172467,0.5766954168780652,0.5794074793589121,0.5797123180875996,1.1334575948285723,1.9002590025845476,1.1594246361751992,1.1334575948285723,1.2668393350563651,0.5692672797389499,0.7291250499400719,0.7471131639722863,97.5,100.0,5036,1629,9100,80,1,8938,0.015885623510722795,6.138735420503376E-4,0.9821978021978022,0.15000000000000002,0.5,0.2,0.9,20.0,50.0,65.0,0.7000000000000001,0.1,0.30000000000000004,0.4,45.0,55.0,90.0,7848,7752,96,7848,0.012232415902140673,0.28542305117245054,0.5,0.5708461023449011,1764,0.22755417956656346,1.0,1
"iteration_4","SCOPE_DATA_COLLECTION",1400,2,190.0,250.0,1,7787,5920,2058,7607,6095,1974,3371,2503,866,4416,3410,1193,0.567099011172467,0.5766954168780652,0.5794074793589121,0.5797123180875996,1.1334575948285723,1.9002590025845476,1.1594246361751992,1.1334575948285723,1.2668393350563651,0.5692672797389499,0.7291250499400719,0.7471131639722863,97.5,100.0,5036,1629,9100,80,1,8938,0.015885623510722795,6.138735420503376E-4,0.9821978021978022,0.15000000000000002,0.5,0.2,0.9,20.0,50.0,65.0,0.7000000000000001,0.1,0.30000000000000004,0.4,45.0,55.0,90.0,6182,6066,116,6182,0.018764153995470722,0.6296946984577677,1.0,0.6296946984577677,1962,0.32344213649851633,1.0,1
"iteration_4","SCOPE_DATA_COLLECTION",1400,2,190.0,250.0,2,7787,5920,2058,7607,6095,1974,3371,2503,866,4416,3410,1193,0.567099011172467,0.5766954168780652,0.5794074793589121,0.5797123180875996,1.1334575948285723,1.9002590025845476,1.1594246361751992,1.1334575948285723,1.2668393350563651,0.5692672797389499,0.7291250499400719,0.7471131639722863,97.5,100.0,5036,1629,9100,80,1,8938,0.015885623510722795,6.138735420503376E-4,0.9821978021978022,0.15000000000000002,0.5,0.2,0.9,20.0,50.0,65.0,0.7000000000000001,0.1,0.30000000000000004,0.4,45.0,55.0,90.0,2082,2016,66,2082,0.03170028818443804,0.9693938067387714,1.5,0.6462625378258476,626,0.310515873015873,1.0,1
"iteration_4","SCOPE_DATA_COLLECTION",1400,3,250.0,310.0,0,7848,6182,2082,7787,5920,2058,7748,6071,2010,96,116,66,0.01223865374808771,0.01874898981735898,0.031791907514450865,0.2860894489884875,0.6313845546634466,0.9722846738023821,0.572178897976975,0.6313845546634466,0.6481897825349214,0.22883324728962312,0.32515236369626094,0.3119402985074627,97.5,100.0,5330,7599,3183,87,11,180,0.016322701688555347,0.001447558889327543,0.05655042412818096,0.7000000000000001,0.1,0.30000000000000004,0.4,45.0,55.0,90.0,0.8,0.1,0.30000000000000004,0.4,45.0,45.0,90.0,7925,7896,29,7925,0.0036593059936908517,0.2957118843791069,0.5,0.5914237687582138,1890,0.2393617021276596,1.0,1
"iteration_4","SCOPE_DATA_COLLECTION",1400,3,250.0,310.0,1,7848,6182,2082,7787,5920,2058,7748,6071,2010,96,116,66,0.01223865374808771,0.01874898981735898,0.031791907514450865,0.2860894489884875,0.6313845546634466,0.9722846738023821,0.572178897976975,0.6313845546634466,0.6481897825349214,0.22883324728962312,0.32515236369626094,0.3119402985074627,97.5,100.0,5330,7599,3183,87,11,180,0.016322701688555347,0.001447558889327543,0.05655042412818096,0.7000000000000001,0.1,0.30000000000000004,0.4,45.0,55.0,90.0,0.8,0.1,0.30000000000000004,0.4,45.0,45.0,90.0,6076,6021,55,6076,0.009052007899934168,0.6264957332563204,1.0,0.6264957332563204,1907,0.31672479654542435,1.0,1
"iteration_4","SCOPE_DATA_COLLECTION",1400,3,250.0,310.0,2,7848,6182,2082,7787,5920,2058,7748,6071,2010,96,116,66,0.01223865374808771,0.01874898981735898,0.031791907514450865,0.2860894489884875,0.6313845546634466,0.9722846738023821,0.572178897976975,0.6313845546634466,0.6481897825349214,0.22883324728962312,0.32515236369626094,0.3119402985074627,97.5,100.0,5330,7599,3183,87,11,180,0.016322701688555347,0.001447558889327543,0.05655042412818096,0.7000000000000001,0.1,0.30000000000000004,0.4,45.0,55.0,90.0,0.8,0.1,0.30000000000000004,0.4,45.0,45.0,90.0,2032,1990,42,2032,0.02066929133858268,0.9799193146633182,1.5,0.6532795431088788,627,0.3150753768844221,1.0,1
"iteration_4","SCOPE_DATA_COLLECTION",1400,4,310.0,370.0,0,7925,6076,2032,7848,6182,2082,7893,6001,1981,29,55,42,0.0036606917445089625,0.009081902245706737,0.020761245674740483,0.29562953171993117,0.626279460003169,0.9804373597329349,0.5912590634398623,0.626279460003169,0.6536249064886233,0.23856581781325226,0.31644725879020164,0.31448763250883394,100.0,100.0,5386,8555,2092,95,31,0,0.017638321574452283,0.0036236119228521334,0.0,0.8,0.1,0.30000000000000004,0.4,45.0,45.0,90.0,0.9,0.2,0.4,0.30000000000000004,55.0,55.0,95.0,7750,7606,144,7750,0.01858064516129032,0.30337699193904033,0.5,0.6067539838780807,1731,0.22758348672100973,1.0,1
"iteration_4","SCOPE_DATA_COLLECTION",1400,4,310.0,370.0,1,7925,6076,2032,7848,6182,2082,7893,6001,1981,29,55,42,0.0036606917445089625,0.009081902245706737,0.020761245674740483,0.29562953171993117,0.626279460003169,0.9804373597329349,0.5912590634398623,0.626279460003169,0.6536249064886233,0.23856581781325226,0.31644725879020164,0.31448763250883394,100.0,100.0,5386,8555,2092,95,31,0,0.017638321574452283,0.0036236119228521334,0.0,0.8,0.1,0.30000000000000004,0.4,45.0,45.0,90.0,0.9,0.2,0.4,0.30000000000000004,55.0,55.0,95.0,6074,5920,154,6074,0.025353967731313796,0.6455597094565674,1.0,0.6455597094565674,1902,0.3212837837837838,1.0,1
"iteration_4","SCOPE_DATA_COLLECTION",1400,4,310.0,370.0,2,7925,6076,2032,7848,6182,2082,7893,6001,1981,29,55,42,0.0036606917445089625,0.009081902245706737,0.020761245674740483,0.29562953171993117,0.626279460003169,0.9804373597329349,0.5912590634398623,0.626279460003169,0.6536249064886233,0.23856581781325226,0.31644725879020164,0.31448763250883394,100.0,100.0,5386,8555,2092,95,31,0,0.017638321574452283,0.0036236119228521334,0.0,0.8,0.1,0.30000000000000004,0.4,45.0,45.0,90.0,0.9,0.2,0.4,0.30000000000000004,55.0,55.0,95.0,2084,2001,83,2084,0.03982725527831094,0.9865454367856993,1.5,0.6576969578571329,626,0.31284357821089454,1.0,1
"iteration_4","SCOPE_DATA_COLLECTION",1400,5,370.0,430.0,0,7750,6074,2084,7925,6076,2032,7599,5915,2010,144,154,83,0.018597442851607904,0.025374855824682813,0.03965599617773531,0.3039124132289521,0.6453930785827012,0.9905432191303881,0.6078248264579043,0.6453930785827012,0.6603621460869255,0.22910909330175022,0.32121724429416737,0.3154228855721393,97.5,100.0,5112,9723,1073,91,290,0,0.017801251956181534,0.029826185333744728,0.0,0.9,0.2,0.4,0.30000000000000004,55.0,55.0,95.0,0.9,0.1,0.30000000000000004,0.2,55.0,65.0,95.0,7696,7670,26,7696,0.0033783783783783786,0.29650278611937064,0.5,0.5930055722387413,1730,0.2255541069100391,1.0,1
"iteration_4","SCOPE_DATA_COLLECTION",1400,5,370.0,430.0,1,7750,6074,2084,7925,6076,2032,7599,5915,2010,144,154,83,0.018597442851607904,0.025374855824682813,0.03965599617773531,0.3039124132289521,0.6453930785827012,0.9905432191303881,0.6078248264579043,0.6453930785827012,0.6603621460869255,0.22910909330175022,0.32121724429416737,0.3154228855721393,97.5,100.0,5112,9723,1073,91,290,0,0.017801251956181534,0.029826185333744728,0.0,0.9,0.2,0.4,0.30000000000000004,55.0,55.0,95.0,0.9,0.1,0.30000000000000004,0.2,55.0,65.0,95.0,6077,6026,51,6077,0.008392298831660358,0.6627395469633273,1.0,0.6627395469633273,2008,0.3332227016262861,1.0,1
"iteration_4","SCOPE_DATA_COLLECTION",1400,5,370.0,430.0,2,7750,6074,2084,7925,6076,2032,7599,5915,2010,144,154,83,0.018597442851607904,0.025374855824682813,0.03965599617773531,0.3039124132289521,0.6453930785827012,0.9905432191303881,0.6078248264579043,0.6453930785827012,0.6603621460869255,0.22910909330175022,0.32121724429416737,0.3154228855721393,97.5,100.0,5112,9723,1073,91,290,0,0.017801251956181534,0.029826185333744728,0.0,0.9,0.2,0.4,0.30000000000000004,55.0,55.0,95.0,0.9,0.1,0.30000000000000004,0.2,55.0,65.0,95.0,1994,1961,33,1994,0.016549648946840523,0.9989780727396181,1.5,0.6659853818264121,624,0.31820499745028047,1.0,1
"iteration_4","SCOPE_DATA_COLLECTION",1400,6,430.0,490.0,0,7696,6077,1994,7750,6074,2084,7687,6038,1958,26,51,33,0.0033709321924024374,0.00837575956643127,0.016574585635359115,0.2959476999123561,0.6614807761206899,0.9928792479443401,0.5918953998247122,0.6614807761206899,0.6619194986295601,0.22427474957720828,0.3327260682345147,0.31511746680286007,97.5,100.0,5278,9427,1062,80,30,0,0.015157256536566882,0.0031823485732470564,0.0,0.9,0.1,0.30000000000000004,0.2,55.0,65.0,95.0,0.8,0.1,0.2,0.1,65.0,55.0,95.0,8157,8145,12,8157,0.001471129091577786,0.2809520648015516,0.5,0.5619041296031032,1780,0.2185389809699202,1.0,1
"iteration_4","SCOPE_DATA_COLLECTION",1400,6,430.0,490.0,1,7696,6077,1994,7750,6074,2084,7687,6038,1958,26,51,33,0.0033709321924024374,0.00837575956643127,0.016574585635359115,0.2959476999123561,0.6614807761206899,0.9928792479443401,0.5918953998247122,0.6614807761206899,0.6619194986295601,0.22427474957720828,0.3327260682345147,0.31511746680286007,97.5,100.0,5278,9427,1062,80,30,0,0.015157256536566882,0.0031823485732470564,0.0,0.9,0.1,0.30000000000000004,0.2,55.0,65.0,95.0,0.8,0.1,0.2,0.1,65.0,55.0,95.0,6050,6032,18,6050,0.0029752066115702478,0.6037426246081673,1.0,0.6037426246081673,1881,0.3118368700265252,1.0,1
"iteration_4","SCOPE_DATA_COLLECTION",1400,6,430.0,490.0,2,7696,6077,1994,7750,6074,2084,7687,6038,1958,26,51,33,0.0033709321924024374,0.00837575956643127,0.016574585635359115,0.2959476999123561,0.6614807761206899,0.9928792479443401,0.5918953998247122,0.6614807761206899,0.6619194986295601,0.22427474957720828,0.3327260682345147,0.31511746680286007,97.5,100.0,5278,9427,1062,80,30,0,0.015157256536566882,0.0031823485732470564,0.0,0.9,0.1,0.30000000000000004,0.2,55.0,65.0,95.0,0.8,0.1,0.2,0.1,65.0,55.0,95.0,2066,2049,17,2066,0.008228460793804453,0.9781312763512555,1.5,0.6520875175675037,657,0.3206442166910688,1.0,1
"iteration_4","SCOPE_DATA_COLLECTION",1400,7,490.0,550.0,0,8157,6050,2066,7696,6077,1994,8138,6018,2057,12,18,17,0.00147239263803681,0.002982107355864811,0.00819672131147541,0.28103474304224435,0.6019167612131304,0.9804179418520244,0.5620694860844887,0.6019167612131304,0.6536119612346829,0.21835831899729663,0.3097374543037554,0.32134175984443364,95.0,100.0,5278,8795,2200,42,5,0,0.007957559681697613,5.685048322910744E-4,0.0,0.8,0.1,0.2,0.1,65.0,55.0,95.0,0.8,0.2,0.30000000000000004,0.1,55.0,65.0,85.0,7811,7803,8,7811,0.0010241966457559851,0.280168249551182,0.5,0.560336499102364,1723,0.22081250800973984,1.0,1
"iteration_4","SCOPE_DATA_COLLECTION",1400,7,490.0,550.0,1,8157,6050,2066,7696,6077,1994,8138,6018,2057,12,18,17,0.00147239263803681,0.002982107355864811,0.00819672131147541,0.28103474304224435,0.6019167612131304,0.9804179418520244,0.5620694860844887,0.6019167612131304,0.6536119612346829,0.21835831899729663,0.3097374543037554,0.32134175984443364,95.0,100.0,5278,8795,2200,42,5,0,0.007957559681697613,5.685048322910744E-4,0.0,0.8,0.1,0.2,0.1,65.0,55.0,95.0,0.8,0.2,0.30000000000000004,0.1,55.0,65.0,85.0,6098,6079,19,6098,0.003115775664152181,0.6163230565717553,1.0,0.6163230565717553,1905,0.3133739101825958,1.0,1
"iteration_4","SCOPE_DATA_COLLECTION",1400,7,490.0,550.0,2,8157,6050,2066,7696,6077,1994,8138,6018,2057,12,18,17,0.00147239263803681,0.002982107355864811,0.00819672131147541,0.28103474304224435,0.6019167612131304,0.9804179418520244,0.5620694860844887,0.6019167612131304,0.6536119612346829,0.21835831899729663,0.3097374543037554,0.32134175984443364,95.0,100.0,5278,8795,2200,42,5,0,0.007957559681697613,5.685048322910744E-4,0.0,0.8,0.1,0.2,0.1,65.0,55.0,95.0,0.8,0.2,0.30000000000000004,0.1,55.0,65.0,85.0,2039,2019,20,2039,0.00980872976949485,0.9629329459707331,1.5,0.6419552973138221,646,0.31996037642397224,1.0,1
"iteration_4","SCOPE_DATA_COLLECTION",1400,8,550.0,610.0,0,7811,6098,2039,8157,6050,2066,7794,6083,2012,8,19,20,0.0010253781081773904,0.0031137332022287776,0.00984251968503937,0.27912240279855005,0.6179410736596841,0.9610544464536518,0.5582448055971001,0.6179410736596841,0.6407029643024346,0.21991275340005131,0.31497616307742893,0.31858846918489064,100.0,100.0,5098,8668,2182,37,10,0,0.007257748136524127,0.0011536686663590216,0.0,0.8,0.2,0.30000000000000004,0.1,55.0,65.0,85.0,0.7000000000000001,0.30000000000000004,0.2,0.1,55.0,75.0,95.0,7955,7927,28,7955,0.0035197988686360778,0.2890674211620603,0.5,0.5781348423241206,1896,0.23918254068373912,1.0,1
"iteration_4","SCOPE_DATA_COLLECTION",1400,8,550.0,610.0,1,7811,6098,2039,8157,6050,2066,7794,6083,2012,8,19,20,0.0010253781081773904,0.0031137332022287776,0.00984251968503937,0.27912240279855005,0.6179410736596841,0.9610544464536518,0.5582448055971001,0.6179410736596841,0.6407029643024346,0.21991275340005131,0.31497616307742893,0.31858846918489064,100.0,100.0,5098,8668,2182,37,10,0,0.007257748136524127,0.0011536686663590216,0.0,0.8,0.2,0.30000000000000004,0.1,55.0,65.0,85.0,0.7000000000000001,0.30000000000000004,0.2,0.1,55.0,75.0,95.0,6147,6121,26,6147,0.004229705547421507,0.585603127948126,1.0,0.585603127948126,1844,0.30125796438490443,1.0,1
"iteration_4","SCOPE_DATA_COLLECTION",1400,8,550.0,610.0,2,7811,6098,2039,8157,6050,2066,7794,6083,2012,8,19,20,0.0010253781081773904,0.0031137332022287776,0.00984251968503937,0.27912240279855005,0.6179410736596841,0.9610544464536518,0.5582448055971001,0.6179410736596841,0.6407029643024346,0.21991275340005131,0.31497616307742893,0.31858846918489064,100.0,100.0,5098,8668,2182,37,10,0,0.007257748136524127,0.0011536686663590216,0.0,0.8,0.2,0.30000000000000004,0.1,55.0,65.0,85.0,0.7000000000000001,0.30000000000000004,0.2,0.1,55.0,75.0,95.0,2031,2014,17,2031,0.008370260955194485,0.9475401123919208,1.5,0.6316934082612805,629,0.31231380337636544,1.0,1
"iteration_4","SCOPE_DATA_COLLECTION",1400,9,610.0,670.0,0,7955,6147,2031,7811,6098,2039,7947,6142,2000,28,26,17,0.0035109717868338558,0.004215304798962386,0.00842835894893406,0.29030035152911754,0.5893545375900521,0.9438337870153833,0.5806007030582351,0.5893545375900521,0.6292225246769222,0.24071976846608784,0.3041354607619668,0.311,100.0,100.0,5038,7790,3305,34,2,35,0.006748709805478364,2.5673940949935817E-4,0.01059001512859304,0.7000000000000001,0.30000000000000004,0.2,0.1,55.0,75.0,95.0,0.2,0.5,0.7000000000000001,0.9,25.0,40.0,45.0,7826,3713,4113,7826,0.5255558395093278,0.5148201060742948,0.5,1.0296402121485897,2000,0.5386479935362241,1.0,1
"iteration_4","SCOPE_DATA_COLLECTION",1400,9,610.0,670.0,1,7955,6147,2031,7811,6098,2039,7947,6142,2000,28,26,17,0.0035109717868338558,0.004215304798962386,0.00842835894893406,0.29030035152911754,0.5893545375900521,0.9438337870153833,0.5806007030582351,0.5893545375900521,0.6292225246769222,0.24071976846608784,0.3041354607619668,0.311,100.0,100.0,5038,7790,3305,34,2,35,0.006748709805478364,2.5673940949935817E-4,0.01059001512859304,0.7000000000000001,0.30000000000000004,0.2,0.1,55.0,75.0,95.0,0.2,0.5,0.7000000000000001,0.9,25.0,40.0,45.0,6030,2783,3247,6030,0.5384742951907131,1.09900207788141,1.0,1.09900207788141,1898,0.68199784405318,1.0,1
"iteration_4","SCOPE_DATA_COLLECTION",1400,9,610.0,670.0,2,7955,6147,2031,7811,6098,2039,7947,6142,2000,28,26,17,0.0035109717868338558,0.004215304798962386,0.00842835894893406,0.29030035152911754,0.5893545375900521,0.9438337870153833,0.5806007030582351,0.5893545375900521,0.6292225246769222,0.24071976846608784,0.3041354607619668,0.311,100.0,100.0,5038,7790,3305,34,2,35,0.006748709805478364,2.5673940949935817E-4,0.01059001512859304,0.7000000000000001,0.30000000000000004,0.2,0.1,55.0,75.0,95.0,0.2,0.5,0.7000000000000001,0.9,25.0,40.0,45.0,1908,823,1085,1908,0.5686582809224319,1.7473782972937604,1.5,1.1649188648625068,580,0.7047387606318347,1.0,1
"iteration_4","SCOPE_DATA_COLLECTION",1400,10,670.0,730.0,0,7826,6030,1908,7955,6147,2031,3708,2787,838,4113,3246,1085,0.525891829689298,0.538040775733466,0.5642225689027561,0.512837444849762,1.091385402832542,1.733983769427125,1.025674889699524,1.091385402832542,1.1559891796180832,0.5361380798274002,0.6774309293146753,0.6992840095465394,100.0,100.0,5322,2099,8343,147,3,8294,0.02762119503945885,0.0014292520247737017,0.9941268128970394,0.2,0.5,0.7000000000000001,0.9,25.0,40.0,45.0,0.2,0.5,0.7000000000000001,0.9,35.0,30.0,35.0,7877,3648,4229,7877,0.5368795226609115,0.5255945482319168,0.5,1.0511890964638335,2090,0.5729166666666666,1.0,1
"iteration_4","SCOPE_DATA_COLLECTION",1400,10,670.0,730.0,1,7826,6030,1908,7955,6147,2031,3708,2787,838,4113,3246,1085,0.525891829689298,0.538040775733466,0.5642225689027561,0.512837444849762,1.091385402832542,1.733983769427125,1.025674889699524,1.091385402832542,1.1559891796180832,0.5361380798274002,0.6774309293146753,0.6992840095465394,100.0,100.0,5322,2099,8343,147,3,8294,0.02762119503945885,0.0014292520247737017,0.9941268128970394,0.2,0.5,0.7000000000000001,0.9,25.0,40.0,45.0,0.2,0.5,0.7000000000000001,0.9,35.0,30.0,35.0,5997,2670,3327,5997,0.5547773886943472,1.1089375796417449,1.0,1.1089375796417449,1839,0.6887640449438203,1.0,1
"iteration_4","SCOPE_DATA_COLLECTION",1400,10,670.0,730.0,2,7826,6030,1908,7955,6147,2031,3708,2787,838,4113,3246,1085,0.525891829689298,0.538040775733466,0.5642225689027561,0.512837444849762,1.091385402832542,1.733983769427125,1.025674889699524,1.091385402832542,1.1559891796180832,0.5361380798274002,0.6774309293146753,0.6992840095465394,100.0,100.0,5322,2099,8343,147,3,8294,0.02762119503945885,0.0014292520247737017,0.9941268128970394,0.2,0.5,0.7000000000000001,0.9,25.0,40.0,45.0,0.2,0.5,0.7000000000000001,0.9,35.0,30.0,35.0,2053,889,1164,2053,0.5669751583049196,1.7192101425492232,1.5,1.1461400950328156,618,0.6951631046119235,1.0,1
"iteration_4","SCOPE_DATA_COLLECTION",1400,11,730.0,790.0,0,7877,5997,2053,7826,6030,1908,3649,2661,888,4229,3328,1164,0.5368113734450368,0.555685423276006,0.5672514619883041,0.525770955437252,1.104018044105091,1.7140933033240071,1.051541910874504,1.104018044105091,1.1427288688826713,0.5724856124965744,0.6850807966929726,0.6948198198198198,100.0,100.0,5336,2055,8536,181,4,8536,0.03392053973013493,0.0019464720194647203,1.0,0.2,0.5,0.7000000000000001,0.9,35.0,30.0,35.0,0.9500000000000001,0.9,0.1,0.4,95.0,85.0,90.0,7766,6925,841,7766,0.10829255730105589,0.37675969574684626,0.5,0.7535193914936925,2133,0.308014440433213,1.0,1
"iteration_4","SCOPE_DATA_COLLECTION",1400,11,730.0,790.0,1,7877,5997,2053,7826,6030,1908,3649,2661,888,4229,3328,1164,0.5368113734450368,0.555685423276006,0.5672514619883041,0.525770955437252,1.104018044105091,1.7140933033240071,1.051541910874504,1.104018044105091,1.1427288688826713,0.5724856124965744,0.6850807966929726,0.6948198198198198,100.0,100.0,5336,2055,8536,181,4,8536,0.03392053973013493,0.0019464720194647203,1.0,0.2,0.5,0.7000000000000001,0.9,35.0,30.0,35.0,0.9500000000000001,0.9,0.1,0.4,95.0,85.0,90.0,6041,5347,694,6041,0.11488164211223308,0.652843345032823,1.0,0.652843345032823,1851,0.3461754254722274,1.0,1
"iteration_4","SCOPE_DATA_COLLECTION",1400,11,730.0,790.0,2,7877,5997,2053,7826,6030,1908,3649,2661,888,4229,3328,1164,0.5368113734450368,0.555685423276006,0.5672514619883041,0.525770955437252,1.104018044105091,1.7140933033240071,1.051541910874504,1.104018044105091,1.1427288688826713,0.5724856124965744,0.6850807966929726,0.6948198198198198,100.0,100.0,5336,2055,8536,181,4,8536,0.03392053973013493,0.0019464720194647203,1.0,0.2,0.5,0.7000000000000001,0.9,35.0,30.0,35.0,0.9500000000000001,0.9,0.1,0.4,95.0,85.0,90.0,2079,1819,260,2079,0.12506012506012507,1.0873455438599664,1.5,0.7248970292399776,654,0.3595382078064871,1.0,1
"iteration_4","SCOPE_DATA_COLLECTION",1400,12,790.0,850.0,0,7766,6041,2079,7877,5997,2053,6893,5346,1818,841,694,260,0.10874062580812,0.11490066225165563,0.12512030798845045,0.37654883358733787,0.6575696721191105,1.0977241476599497,0.7530976671746757,0.6575696721191105,0.7318160984399665,0.3081386914260844,0.3486719042274598,0.36303630363036304,100.0,100.0,4982,10348,556,63,1727,5,0.012645523885989562,0.1668921530730576,0.008992805755395683,0.9500000000000001,0.9,0.1,0.4,95.0,85.0,90.0,0.9500000000000001,0.9,0.1,0.4,95.0,85.0,90.0,7931,7193,738,7931,0.0930525784894717,0.34845017167996484,0.5,0.6969003433599297,1992,0.27693590991241485,1.0,1
"iteration_4","SCOPE_DATA_COLLECTION",1400,12,790.0,850.0,1,7766,6041,2079,7877,5997,2053,6893,5346,1818,841,694,260,0.10874062580812,0.11490066225165563,0.12512030798845045,0.37654883358733787,0.6575696721191105,1.0977241476599497,0.7530976671746757,0.6575696721191105,0.7318160984399665,0.3081386914260844,0.3486719042274598,0.36303630363036304,100.0,100.0,4982,10348,556,63,1727,5,0.012645523885989562,0.1668921530730576,0.008992805755395683,0.9500000000000001,0.9,0.1,0.4,95.0,85.0,90.0,0.9500000000000001,0.9,0.1,0.4,95.0,85.0,90.0,6105,5542,563,6105,0.09221949221949222,0.63096251351271,1.0,0.63096251351271,1831,0.3303861421869361,1.0,1
"iteration_4","SCOPE_DATA_COLLECTION",1400,12,790.0,850.0,2,7766,6041,2079,7877,5997,2053,6893,5346,1818,841,694,260,0.10874062580812,0.11490066225165563,0.12512030798845045,0.37654883358733787,0.6575696721191105,1.0977241476599497,0.7530976671746757,0.6575696721191105,0.7318160984399665,0.3081386914260844,0.3486719042274598,0.36303630363036304,100.0,100.0,4982,10348,556,63,1727,5,0.012645523885989562,0.1668921530730576,0.008992805755395683,0.9500000000000001,0.9,0.1,0.4,95.0,85.0,90.0,0.9500000000000001,0.9,0.1,0.4,95.0,85.0,90.0,2032,1824,208,2032,0.10236220472440945,1.0334116847573862,1.5,0.6889411231715908,603,0.3305921052631579,1.0,1
"iteration_4","SCOPE_DATA_COLLECTION",1400,13,850.0,910.0,0,7931,6105,2032,7766,6041,2079,7214,5516,1822,738,563,208,0.09280684104627766,0.09261391676262543,0.10246305418719212,0.3498054408581542,0.6325146984183924,1.032471391956907,0.6996108817163084,0.6325146984183924,0.6883142613046047,0.2789021347380094,0.331399564902103,0.33040614709110866,100.0,100.0,5013,10490,565,38,1471,0,0.007580291242768801,0.14022878932316493,0.0,0.9500000000000001,0.9,0.1,0.4,95.0,85.0,90.0,0.8500000000000001,0.8,0.2,0.4,95.0,75.0,95.0,7905,7781,124,7905,0.01568627450980392,0.35191619019204995,0.5,0.7038323803840999,2157,0.2772137257421925,1.0,1
"iteration_4","SCOPE_DATA_COLLECTION",1400,13,850.0,910.0,1,7931,6105,2032,7766,6041,2079,7214,5516,1822,738,563,208,0.09280684104627766,0.09261391676262543,0.10246305418719212,0.3498054408581542,0.6325146984183924,1.032471391956907,0.6996108817163084,0.6325146984183924,0.6883142613046047,0.2789021347380094,0.331399564902103,0.33040614709110866,100.0,100.0,5013,10490,565,38,1471,0,0.007580291242768801,0.14022878932316493,0.0,0.9500000000000001,0.9,0.1,0.4,95.0,85.0,90.0,0.8500000000000001,0.8,0.2,0.4,95.0,75.0,95.0,6057,5945,112,6057,0.018491002146277035,0.6324946361127649,1.0,0.6324946361127649,1879,0.31606391925988225,1.0,1
"iteration_4","SCOPE_DATA_COLLECTION",1400,13,850.0,910.0,2,7931,6105,2032,7766,6041,2079,7214,5516,1822,738,563,208,0.09280684104627766,0.09261391676262543,0.10246305418719212,0.3498054408581542,0.6325146984183924,1.032471391956907,0.6996108817163084,0.6325146984183924,0.6883142613046047,0.2789021347380094,0.331399564902103,0.33040614709110866,100.0,100.0,5013,10490,565,38,1471,0,0.007580291242768801,0.14022878932316493,0.0,0.9500000000000001,0.9,0.1,0.4,95.0,85.0,90.0,0.8500000000000001,0.8,0.2,0.4,95.0,75.0,95.0,2111,2043,68,2111,0.03221222169587873,1.016856659535869,1.5,0.6779044396905793,633,0.30983847283406757,1.0,1
"iteration_4","SCOPE_DATA_COLLECTION",1400,14,910.0,970.0,0,7905,6057,2111,7931,6105,2032,7783,5967,2033,124,112,68,0.015682306816744658,0.018424082908373086,0.03236554021894336,0.3507519756005548,0.6326373156559463,1.0143995329137188,0.7015039512011096,0.6326373156559463,0.6762663552758125,0.27572915328279585,0.3165744930450813,0.308903098868667,100.0,100.0,5170,9347,1556,81,223,0,0.015667311411992263,0.023857922328019684,0.0,0.8500000000000001,0.8,0.2,0.4,95.0,75.0,95.0,0.8500000000000001,0.8,0.2,0.4,95.0,75.0,95.0,7864,7769,95,7864,0.012080366225839268,0.31570355199834854,0.5,0.6314071039966971,2033,0.261681040030892,1.0,1
"iteration_4","SCOPE_DATA_COLLECTION",1400,14,910.0,970.0,1,7905,6057,2111,7931,6105,2032,7783,5967,2033,124,112,68,0.015682306816744658,0.018424082908373086,0.03236554021894336,0.3507519756005548,0.6326373156559463,1.0143995329137188,0.7015039512011096,0.6326373156559463,0.6762663552758125,0.27572915328279585,0.3165744930450813,0.308903098868667,100.0,100.0,5170,9347,1556,81,223,0,0.015667311411992263,0.023857922328019684,0.0,0.8500000000000001,0.8,0.2,0.4,95.0,75.0,95.0,0.8500000000000001,0.8,0.2,0.4,95.0,75.0,95.0,6032,5947,85,6032,0.014091511936339523,0.6195737995084095,1.0,0.6195737995084095,1876,0.3154531696653775,1.0,1
"iteration_4","SCOPE_DATA_COLLECTION",1400,14,910.0,970.0,2,7905,6057,2111,7931,6105,2032,7783,5967,2033,124,112,68,0.015682306816744658,0.018424082908373086,0.03236554021894336,0.3507519756005548,0.6326373156559463,1.0143995329137188,0.7015039512011096,0.6326373156559463,0.6762663552758125,0.27572915328279585,0.3165744930450813,0.308903098868667,100.0,100.0,5170,9347,1556,81,223,0,0.015667311411992263,0.023857922328019684,0.0,0.8500000000000001,0.8,0.2,0.4,95.0,75.0,95.0,0.8500000000000001,0.8,0.2,0.4,95.0,75.0,95.0,2059,1997,62,2059,0.03011170471102477,0.9955996089500075,1.5,0.6637330726333384,635,0.3179769654481723,1.0,1
"iteration_4","SCOPE_DATA_COLLECTION",1400,15,970.0,1030.0,0,7864,6032,2059,7905,6057,2111,7762,5956,2007,95,85,62,0.012091128929616902,0.014070518126138057,0.029966167230546157,0.3166041028125429,0.6189739904325104,0.9937839760755565,0.6332082056250858,0.6189739904325104,0.6625226507170376,0.26204586446792066,0.31480859637340497,0.31689088191330345,100.0,100.0,5054,9312,1589,85,157,0,0.016818361693707953,0.01685996563573883,0.0,0.8500000000000001,0.8,0.2,0.4,95.0,75.0,95.0,0.8500000000000001,0.8,0.2,0.4,95.0,75.0,95.0,7935,7891,44,7935,0.005545053560176433,0.31339172077124905,0.5,0.6267834415424981,1987,0.2518058547712584,1.0,1
"iteration_4","SCOPE_DATA_COLLECTION",1400,15,970.0,1030.0,1,7864,6032,2059,7905,6057,2111,7762,5956,2007,95,85,62,0.012091128929616902,0.014070518126138057,0.029966167230546157,0.3166041028125429,0.6189739904325104,0.9937839760755565,0.6332082056250858,0.6189739904325104,0.6625226507170376,0.26204586446792066,0.31480859637340497,0.31689088191330345,100.0,100.0,5054,9312,1589,85,157,0,0.016818361693707953,0.01685996563573883,0.0,0.8500000000000001,0.8,0.2,0.4,95.0,75.0,95.0,0.8500000000000001,0.8,0.2,0.4,95.0,75.0,95.0,6066,6034,32,6066,0.005275304978569074,0.5986002512002889,1.0,0.5986002512002889,1825,0.3024527676499834,1.0,1
"iteration_4","SCOPE_DATA_COLLECTION",1400,15,970.0,1030.0,2,7864,6032,2059,7905,6057,2111,7762,5956,2007,95,85,62,0.012091128929616902,0.014070518126138057,0.029966167230546157,0.3166041028125429,0.6189739904325104,0.9937839760755565,0.6332082056250858,0.6189739904325104,0.6625226507170376,0.26204586446792066,0.31480859637340497,0.31689088191330345,100.0,100.0,5054,9312,1589,85,157,0,0.016818361693707953,0.01685996563573883,0.0,0.8500000000000001,0.8,0.2,0.4,95.0,75.0,95.0,0.8500000000000001,0.8,0.2,0.4,95.0,75.0,95.0,2038,2011,27,2038,0.01324828263002944,0.9689783388206659,1.5,0.6459855592137772,607,0.30183988065638984,1.0,1
"iteration_4","SCOPE_DATA_COLLECTION",1400,16,1030.0,1090.0,0,7935,6066,2038,7864,6032,2059,7888,6023,2014,44,32,27,0.005547150781643974,0.005284888521882742,0.013228809407153356,0.313542886762742,0.5985246352329519,0.9721422126675792,0.627085773525484,0.5985246352329519,0.6480948084450527,0.2530425963488844,0.3026730865017433,0.3038728897715988,100.0,100.0,5061,9346,1632,73,30,0,0.014424026872159653,0.003209929381553606,0.0,0.8500000000000001,0.8,0.2,0.4,95.0,75.0,95.0,0.05,0.7000000000000001,0.6000000000000001,0.1,25.0,20.0,35.0,7786,2738,5048,7786,0.6483431800667866,0.6409223662619051,0.5,1.2818447325238103,1981,0.7235208181154127,1.0,1
"iteration_4","SCOPE_DATA_COLLECTION",1400,16,1030.0,1090.0,1,7935,6066,2038,7864,6032,2059,7888,6023,2014,44,32,27,0.005547150781643974,0.005284888521882742,0.013228809407153356,0.313542886762742,0.5985246352329519,0.9721422126675792,0.627085773525484,0.5985246352329519,0.6480948084450527,0.2530425963488844,0.3026730865017433,0.3038728897715988,100.0,100.0,5061,9346,1632,73,30,0,0.014424026872159653,0.003209929381553606,0.0,0.8500000000000001,0.8,0.2,0.4,95.0,75.0,95.0,0.05,0.7000000000000001,0.6000000000000001,0.1,25.0,20.0,35.0,6132,2129,4003,6132,0.6528049575994781,1.3715113893078812,1.0,1.3715113893078812,1866,0.8764678252700798,1.0,1
"iteration_4","SCOPE_DATA_COLLECTION",1400,16,1030.0,1090.0,2,7935,6066,2038,7864,6032,2059,7888,6023,2014,44,32,27,0.005547150781643974,0.005284888521882742,0.013228809407153356,0.313542886762742,0.5985246352329519,0.9721422126675792,0.627085773525484,0.5985246352329519,0.6480948084450527,0.2530425963488844,0.3026730865017433,0.3038728897715988,100.0,100.0,5061,9346,1632,73,30,0,0.014424026872159653,0.003209929381553606,0.0,0.8500000000000001,0.8,0.2,0.4,95.0,75.0,95.0,0.05,0.7000000000000001,0.6000000000000001,0.1,25.0,20.0,35.0,2045,706,1339,2045,0.6547677261613692,2.0409537237936872,1.5,1.360635815862458,642,0.9093484419263456,1.0,1
"iteration_4","SCOPE_DATA_COLLECTION",1400,17,1090.0,1150.0,0,7786,6132,2045,7935,6066,2038,2760,2141,715,5048,4003,1339,0.6465163934426229,0.6515299479166666,0.6518987341772152,0.6364946329272759,1.3581980492333232,2.02373268193336,1.2729892658545519,1.3581980492333232,1.3491551212889066,0.7159420289855073,0.867351704810836,0.8979020979020979,100.0,100.0,5023,546,10394,57,0,10333,0.011347800119450527,0.0,0.9941312295555128,0.05,0.7000000000000001,0.6000000000000001,0.1,25.0,20.0,35.0,0.05,0.8,0.6000000000000001,0.1,35.0,20.0,35.0,7849,2735,5114,7849,0.6515479678939993,0.6475462212243921,0.5,1.2950924424487842,1987,0.7265082266910421,1.0,1
"iteration_4","SCOPE_DATA_COLLECTION",1400,17,1090.0,1150.0,1,7786,6132,2045,7935,6066,2038,2760,2141,715,5048,4003,1339,0.6465163934426229,0.6515299479166666,0.6518987341772152,0.6364946329272759,1.3581980492333232,2.02373268193336,1.2729892658545519,1.3581980492333232,1.3491551212889066,0.7159420289855073,0.867351704810836,0.8979020979020979,100.0,100.0,5023,546,10394,57,0,10333,0.011347800119450527,0.0,0.9941312295555128,0.05,0.7000000000000001,0.6000000000000001,0.1,25.0,20.0,35.0,0.05,0.8,0.6000000000000001,0.1,35.0,20.0,35.0,6093,2131,3962,6093,0.6502543902839324,1.3833426924711867,1.0,1.3833426924711867,1879,0.8817456593148757,1.0,1
"iteration_4","SCOPE_DATA_COLLECTION",1400,17,1090.0,1150.0,2,7786,6132,2045,7935,6066,2038,2760,2141,715,5048,4003,1339,0.6465163934426229,0.6515299479166666,0.6518987341772152,0.6364946329272759,1.3581980492333232,2.02373268193336,1.2729892658545519,1.3581980492333232,1.3491551212889066,0.7159420289855073,0.867351704810836,0.8979020979020979,100.0,100.0,5023,546,10394,57,0,10333,0.011347800119450527,0.0,0.9941312295555128,0.05,0.7000000000000001,0.6000000000000001,0.1,25.0,20.0,35.0,0.05,0.8,0.6000000000000001,0.1,35.0,20.0,35.0,1986,689,1297,1986,0.6530715005035247,2.0248751675220853,1.5,1.3499167783480568,619,0.8984034833091437,1.0,1
"iteration_4","SCOPE_DATA_COLLECTION",1400,18,1150.0,1210.0,0,7849,6093,1986,7786,6132,2045,2736,2133,685,5114,3962,1296,0.6514649681528663,0.6500410172272354,0.6542150429076224,0.6464986178702915,1.37898769740217,2.022754736976533,1.292997235740583,1.37898769740217,1.3485031579843554,0.7258771929824561,0.8813877168307548,0.8978102189781022,100.0,100.0,5099,524,10305,67,0,10305,0.013139831339478329,0.0,1.0,0.05,0.8,0.6000000000000001,0.1,35.0,20.0,35.0,0.7000000000000001,0.30000000000000004,0.5,0.6000000000000001,95.0,20.0,70.0,7629,7562,67,7629,0.00878227814916765,0.29041118069820987,0.5,0.5808223613964197,1853,0.2450409944459138,1.0,1
"iteration_4","SCOPE_DATA_COLLECTION",1400,18,1150.0,1210.0,1,7849,6093,1986,7786,6132,2045,2736,2133,685,5114,3962,1296,0.6514649681528663,0.6500410172272354,0.6542150429076224,0.6464986178702915,1.37898769740217,2.022754736976533,1.292997235740583,1.37898769740217,1.3485031579843554,0.7258771929824561,0.8813877168307548,0.8978102189781022,100.0,100.0,5099,524,10305,67,0,10305,0.013139831339478329,0.0,1.0,0.05,0.8,0.6000000000000001,0.1,35.0,20.0,35.0,0.7000000000000001,0.30000000000000004,0.5,0.6000000000000001,95.0,20.0,70.0,6021,5917,104,6021,0.017272878259425344,0.6326682147858919,1.0,0.6326682147858919,1930,0.32617880682778433,1.0,1
"iteration_4","SCOPE_DATA_COLLECTION",1400,18,1150.0,1210.0,2,7849,6093,1986,7786,6132,2045,2736,2133,685,5114,3962,1296,0.6514649681528663,0.6500410172272354,0.6542150429076224,0.6464986178702915,1.37898769740217,2.022754736976533,1.292997235740583,1.37898769740217,1.3485031579843554,0.7258771929824561,0.8813877168307548,0.8978102189781022,100.0,100.0,5099,524,10305,67,0,10305,0.013139831339478329,0.0,1.0,0.05,0.8,0.6000000000000001,0.1,35.0,20.0,35.0,0.7000000000000001,0.30000000000000004,0.5,0.6000000000000001,95.0,20.0,70.0,1909,1858,51,1909,0.02671555788370875,0.9771766810260097,1.5,0.6514511206840065,581,0.3127018299246502,1.0,1
"iteration_4","SCOPE_DATA_COLLECTION",1400,19,1210.0,1270.0,0,7629,6021,1909,7849,6093,1986,7546,5895,1856,67,104,52,0.008800735583869696,0.017336222703783963,0.027253668763102725,0.2908790945074842,0.6349530623930079,0.9853967243955066,0.5817581890149685,0.6349530623930079,0.6569311495970044,0.24503047972435726,0.32637828668363017,0.3168103448275862,100.0,100.0,5233,7246,3080,117,9,97,0.022358111981654882,0.0012420645873585426,0.03149350649350649,0.7000000000000001,0.30000000000000004,0.5,0.6000000000000001,95.0,20.0,70.0,0.7000000000000001,0.30000000000000004,0.5,0.6000000000000001,95.0,20.0,70.0,7738,7722,16,7738,0.002067717756526234,0.30317387526299217,0.5,0.6063477505259843,1992,0.257964257964258,1.0,1
"iteration_4","SCOPE_DATA_COLLECTION",1400,19,1210.0,1270.0,1,7629,6021,1909,7849,6093,1986,7546,5895,1856,67,104,52,0.008800735583869696,0.017336222703783963,0.027253668763102725,0.2908790945074842,0.6349530623930079,0.9853967243955066,0.5817581890149685,0.6349530623930079,0.6569311495970044,0.24503047972435726,0.32637828668363017,0.3168103448275862,100.0,100.0,5233,7246,3080,117,9,97,0.022358111981654882,0.0012420645873585426,0.03149350649350649,0.7000000000000001,0.30000000000000004,0.5,0.6000000000000001,95.0,20.0,70.0,0.7000000000000001,0.30000000000000004,0.5,0.6000000000000001,95.0,20.0,70.0,6065,5997,68,6065,0.0112118713932399,0.6461663417569923,1.0,0.6461663417569923,1922,0.320493580123395,1.0,1
"iteration_4","SCOPE_DATA_COLLECTION",1400,19,1210.0,1270.0,2,7629,6021,1909,7849,6093,1986,7546,5895,1856,67,104,52,0.008800735583869696,0.017336222703783963,0.027253668763102725,0.2908790945074842,0.6349530623930079,0.9853967243955066,0.5817581890149685,0.6349530623930079,0.6569311495970044,0.24503047972435726,0.32637828668363017,0.3168103448275862,100.0,100.0,5233,7246,3080,117,9,97,0.022358111981654882,0.0012420645873585426,0.03149350649350649,0.7000000000000001,0.30000000000000004,0.5,0.6000000000000001,95.0,20.0,70.0,0.7000000000000001,0.30000000000000004,0.5,0.6000000000000001,95.0,20.0,70.0,2032,1987,45,2032,0.02214566929133858,1.0062325648226174,1.5,0.6708217098817449,644,0.3241066935078007,1.0,1
"iteration_4","SCOPE_DATA_COLLECTION",1400,20,1270.0,1330.0,0,7738,6065,2032,7629,6021,1909,7739,6003,1984,16,68,45,0.0020631850419084463,0.011200790644045461,0.022178413011335635,0.30378000577339276,0.6462768731168641,0.9981567529636411,0.6075600115467855,0.6462768731168641,0.6654378353090941,0.2588189688590257,0.32083958020989506,0.32056451612903225,100.0,100.0,5194,7415,3226,124,5,0,0.023873700423565652,6.743088334457181E-4,0.0,0.7000000000000001,0.30000000000000004,0.5,0.6000000000000001,95.0,20.0,70.0,0.7000000000000001,0.4,0.4,0.7000000000000001,95.0,20.0,60.0,7886,7834,52,7886,0.006593963986812072,0.304768171084519,0.5,0.609536342169038,2024,0.2583609905539954,1.0,1
"iteration_4","SCOPE_DATA_COLLECTION",1400,20,1270.0,1330.0,1,7738,6065,2032,7629,6021,1909,7739,6003,1984,16,68,45,0.0020631850419084463,0.011200790644045461,0.022178413011335635,0.30378000577339276,0.6462768731168641,0.9981567529636411,0.6075600115467855,0.6462768731168641,0.6654378353090941,0.2588189688590257,0.32083958020989506,0.32056451612903225,100.0,100.0,5194,7415,3226,124,5,0,0.023873700423565652,6.743088334457181E-4,0.0,0.7000000000000001,0.30000000000000004,0.5,0.6000000000000001,95.0,20.0,70.0,0.7000000000000001,0.4,0.4,0.7000000000000001,95.0,20.0,60.0,6089,5997,92,6089,0.015109213335523074,0.6200647685612408,1.0,0.6200647685612408,1880,0.3134900783725196,1.0,1
"iteration_4","SCOPE_DATA_COLLECTION",1400,20,1270.0,1330.0,2,7738,6065,2032,7629,6021,1909,7739,6003,1984,16,68,45,0.0020631850419084463,0.011200790644045461,0.022178413011335635,0.30378000577339276,0.6462768731168641,0.9981567529636411,0.6075600115467855,0.6462768731168641,0.6654378353090941,0.2588189688590257,0.32083958020989506,0.32056451612903225,100.0,100.0,5194,7415,3226,124,5,0,0.023873700423565652,6.743088334457181E-4,0.0,0.7000000000000001,0.30000000000000004,0.5,0.6000000000000001,95.0,20.0,70.0,0.7000000000000001,0.4,0.4,0.7000000000000001,95.0,20.0,60.0,1972,1917,55,1972,0.027890466531440162,1.0033432203561645,1.5,0.668895480237443,615,0.3208137715179969,1.0,1
"iteration_4","SCOPE_DATA_COLLECTION",1400,21,1330.0,1390.0,0,7886,6089,1972,7738,6065,2032,7814,6000,1914,52,92,55,0.006610729722857869,0.015101772816808929,0.027932960893854747,0.3043935306471354,0.6222844683779158,1.0041145708177597,0.6087870612942708,0.6222844683779158,0.6694097138785065,0.2581264397235731,0.31466666666666665,0.3218390804597701,100.0,100.0,5240,7493,3214,143,10,46,0.027290076335877864,0.0013345789403443214,0.01431238332296204,0.7000000000000001,0.4,0.4,0.7000000000000001,95.0,20.0,60.0,0.7000000000000001,0.4,0.4,0.7000000000000001,95.0,20.0,60.0,7731,7710,21,7731,0.002716336825766395,0.2911859661401195,0.5,0.582371932280239,1809,0.23463035019455253,1.0,1
"iteration_4","SCOPE_DATA_COLLECTION",1400,21,1330.0,1390.0,1,7886,6089,1972,7738,6065,2032,7814,6000,1914,52,92,55,0.006610729722857869,0.015101772816808929,0.027932960893854747,0.3043935306471354,0.6222844683779158,1.0041145708177597,0.6087870612942708,0.6222844683779158,0.6694097138785065,0.2581264397235731,0.31466666666666665,0.3218390804597701,100.0,100.0,5240,7493,3214,143,10,46,0.027290076335877864,0.0013345789403443214,0.01431238332296204,0.7000000000000001,0.4,0.4,0.7000000000000001,95.0,20.0,60.0,0.7000000000000001,0.4,0.4,0.7000000000000001,95.0,20.0,60.0,6017,5971,46,6017,0.007645005816852252,0.6116404439049627,1.0,0.6116404439049627,1879,0.31468765700887624,1.0,1
"iteration_4","SCOPE_DATA_COLLECTION",1400,21,1330.0,1390.0,2,7886,6089,1972,7738,6065,2032,7814,6000,1914,52,92,55,0.006610729722857869,0.015101772816808929,0.027932960893854747,0.3043935306471354,0.6222844683779158,1.0041145708177597,0.6087870612942708,0.6222844683779158,0.6694097138785065,0.2581264397235731,0.31466666666666665,0.3218390804597701,100.0,100.0,5240,7493,3214,143,10,46,0.027290076335877864,0.0013345789403443214,0.01431238332296204,0.7000000000000001,0.4,0.4,0.7000000000000001,95.0,20.0,60.0,0.7000000000000001,0.4,0.4,0.7000000000000001,95.0,20.0,60.0,2022,1971,51,2022,0.025222551928783383,0.9644618447897175,1.5,0.642974563193145,608,0.3084728564180619,1.0,1
"iteration_4","SCOPE_DATA_COLLECTION",1400,22,1390.0,1450.0,0,7731,6017,2022,7886,6089,1972,7715,5963,1975,21,46,51,0.0027145811789038264,0.007655183890830421,0.025172754195459033,0.2909723346086622,0.6097133142237787,0.9675538006171871,0.5819446692173244,0.6097133142237787,0.6450358670781248,0.23473752430330524,0.31343283582089554,0.309873417721519,100.0,100.0,5174,7494,3102,114,4,0,0.022033243138770777,5.337603416066186E-4,0.0,0.7000000000000001,0.4,0.4,0.7000000000000001,95.0,20.0,60.0,0.7000000000000001,0.4,0.5,0.8,95.0,20.0,50.0,7781,7741,40,7781,0.005140727412928929,0.30152052119306855,0.5,0.6030410423861371,1965,0.25384317271670326,1.0,1
"iteration_4","SCOPE_DATA_COLLECTION",1400,22,1390.0,1450.0,1,7731,6017,2022,7886,6089,1972,7715,5963,1975,21,46,51,0.0027145811789038264,0.007655183890830421,0.025172754195459033,0.2909723346086622,0.6097133142237787,0.9675538006171871,0.5819446692173244,0.6097133142237787,0.6450358670781248,0.23473752430330524,0.31343283582089554,0.309873417721519,100.0,100.0,5174,7494,3102,114,4,0,0.022033243138770777,5.337603416066186E-4,0.0,0.7000000000000001,0.4,0.4,0.7000000000000001,95.0,20.0,60.0,0.7000000000000001,0.4,0.5,0.8,95.0,20.0,50.0,5927,5869,58,5927,0.0097857263371014,0.6379807287796639,1.0,0.6379807287796639,1928,0.3285057079570625,1.0,1
"iteration_4","SCOPE_DATA_COLLECTION",1400,22,1390.0,1450.0,2,7731,6017,2022,7886,6089,1972,7715,5963,1975,21,46,51,0.0027145811789038264,0.007655183890830421,0.025172754195459033,0.2909723346086622,0.6097133142237787,0.9675538006171871,0.5819446692173244,0.6097133142237787,0.6450358670781248,0.23473752430330524,0.31343283582089554,0.309873417721519,100.0,100.0,5174,7494,3102,114,4,0,0.022033243138770777,5.337603416066186E-4,0.0,0.7000000000000001,0.4,0.4,0.7000000000000001,95.0,20.0,60.0,0.7000000000000001,0.4,0.5,0.8,95.0,20.0,50.0,2013,1962,51,2013,0.02533532041728763,0.9558365975479535,1.5,0.6372243983653023,590,0.3007135575942915,1.0,1
"iteration_4","SCOPE_DATA_COLLECTION",1400,23,1450.0,1510.0,0,7781,5927,2013,7731,6017,2022,7749,5877,1958,40,58,51,0.005135447425856978,0.009772535804549284,0.02538576406172225,0.30201862160336324,0.6393194675332785,0.9569769137629331,0.6040372432067265,0.6393194675332785,0.6379846091752888,0.2537101561491805,0.32924961715160794,0.30132788559754853,100.0,100.0,5257,7315,3149,125,4,20,0.023777820049457866,5.468215994531784E-4,0.006351222610352493,0.7000000000000001,0.4,0.5,0.8,95.0,20.0,50.0,0.8,0.5,0.4,0.9,95.0,20.0,50.0,7933,7900,33,7933,0.004159838648682718,0.30337039919195696,0.5,0.6067407983839139,2023,0.2560759493670886,1.0,1
"iteration_4","SCOPE_DATA_COLLECTION",1400,23,1450.0,1510.0,1,7781,5927,2013,7731,6017,2022,7749,5877,1958,40,58,51,0.005135447425856978,0.009772535804549284,0.02538576406172225,0.30201862160336324,0.6393194675332785,0.9569769137629331,0.6040372432067265,0.6393194675332785,0.6379846091752888,0.2537101561491805,0.32924961715160794,0.30132788559754853,100.0,100.0,5257,7315,3149,125,4,20,0.023777820049457866,5.468215994531784E-4,0.006351222610352493,0.7000000000000001,0.4,0.5,0.8,95.0,20.0,50.0,0.8,0.5,0.4,0.9,95.0,20.0,50.0,5971,5907,64,5971,0.010718472617651985,0.6145873084534539,1.0,0.6145873084534539,1834,0.31047909260199763,1.0,1
"iteration_4","SCOPE_DATA_COLLECTION",1400,23,1450.0,1510.0,2,7781,5927,2013,7731,6017,2022,7749,5877,1958,40,58,51,0.005135447425856978,0.009772535804549284,0.02538576406172225,0.30201862160336324,0.6393194675332785,0.9569769137629331,0.6040372432067265,0.6393194675332785,0.6379846091752888,0.2537101561491805,0.32924961715160794,0.30132788559754853,100.0,100.0,5257,7315,3149,125,4,20,0.023777820049457866,5.468215994531784E-4,0.006351222610352493,0.7000000000000001,0.4,0.5,0.8,95.0,20.0,50.0,0.8,0.5,0.4,0.9,95.0,20.0,50.0,2072,2015,57,2072,0.02750965250965251,0.9856562385719548,1.5,0.6571041590479699,633,0.3141439205955335,1.0,1
"iteration_4","SCOPE_DATA_COLLECTION",1400,24,1510.0,1570.0,0,7933,5971,2072,7781,5927,2013,7900,5909,2025,33,64,57,0.004159838648682718,0.010714883643060438,0.027377521613832854,0.30298117868415475,0.6130281285976196,0.9868157759580103,0.6059623573683095,0.6130281285976196,0.6578771839720069,0.2559493670886076,0.30918937214418685,0.3145679012345679,100.0,100.0,5189,8652,2135,136,18,0,0.026209288880323763,0.0020804438280166435,0.0,0.8,0.5,0.4,0.9,95.0,20.0,50.0,0.8,0.5,0.30000000000000004,0.9,95.0,30.0,50.0,7927,7909,18,7927,0.0022707203229468905,0.3057373120424988,0.5,0.6114746240849976,1996,0.252370716904792,1.0,1
"iteration_4","SCOPE_DATA_COLLECTION",1400,24,1510.0,1570.0,1,7933,5971,2072,7781,5927,2013,7900,5909,2025,33,64,57,0.004159838648682718,0.010714883643060438,0.027377521613832854,0.30298117868415475,0.6130281285976196,0.9868157759580103,0.6059623573683095,0.6130281285976196,0.6578771839720069,0.2559493670886076,0.30918937214418685,0.3145679012345679,100.0,100.0,5189,8652,2135,136,18,0,0.026209288880323763,0.0020804438280166435,0.0,0.8,0.5,0.4,0.9,95.0,20.0,50.0,0.8,0.5,0.30000000000000004,0.9,95.0,30.0,50.0,5937,5887,50,5937,0.008421761832575375,0.5986399971337965,1.0,0.5986399971337965,1810,0.30745710888398164,1.0,1
"iteration_4","SCOPE_DATA_COLLECTION",1400,24,1510.0,1570.0,2,7933,5971,2072,7781,5927,2013,7900,5909,2025,33,64,57,0.004159838648682718,0.010714883643060438,0.027377521613832854,0.30298117868415475,0.6130281285976196,0.9868157759580103,0.6059623573683095,0.6130281285976196,0.6578771839720069,0.2559493670886076,0.30918937214418685,0.3145679012345679,100.0,100.0,5189,8652,2135,136,18,0,0.026209288880323763,0.0020804438280166435,0.0,0.8,0.5,0.4,0.9,95.0,20.0,50.0,0.8,0.5,0.30000000000000004,0.9,95.0,30.0,50.0,2041,2003,38,2041,0.018618324350808426,0.9819635623297553,1.5,0.6546423748865036,629,0.3140289565651523,1.0,1
"iteration_4","SCOPE_DATA_COLLECTION",1400,25,1570.0,1630.0,0,7927,5937,2041,7933,5971,2072,7898,5892,1995,18,50,38,0.0022738756947953513,0.00841467519353753,0.018691588785046728,0.30489166203471846,0.5982121420267291,0.9755746528436248,0.6097833240694369,0.5982121420267291,0.6503831018957499,0.2514560648265384,0.30787508486082826,0.3107769423558897,100.0,100.0,5162,8570,2173,103,3,0,0.01995350639287098,3.500583430571762E-4,0.0,0.8,0.5,0.30000000000000004,0.9,95.0,30.0,50.0,0.8,0.6000000000000001,0.2,0.9,85.0,20.0,40.0,7843,7815,28,7843,0.0035700624760933316,0.31743334618048796,0.5,0.6348666923609759,2066,0.2643634037108125,1.0,1
"iteration_4","SCOPE_DATA_COLLECTION",1400,25,1570.0,1630.0,1,7927,5937,2041,7933,5971,2072,7898,5892,1995,18,50,38,0.0022738756947953513,0.00841467519353753,0.018691588785046728,0.30489166203471846,0.5982121420267291,0.9755746528436248,0.6097833240694369,0.5982121420267291,0.6503831018957499,0.2514560648265384,0.30787508486082826,0.3107769423558897,100.0,100.0,5162,8570,2173,103,3,0,0.01995350639287098,3.500583430571762E-4,0.0,0.8,0.5,0.30000000000000004,0.9,95.0,30.0,50.0,0.8,0.6000000000000001,0.2,0.9,85.0,20.0,40.0,6121,6080,41,6121,0.006698251919620977,0.6026274575591027,1.0,0.6026274575591027,1889,0.3106907894736842,1.0,1
"iteration_4","SCOPE_DATA_COLLECTION",1400,25,1570.0,1630.0,2,7927,5937,2041,7933,5971,2072,7898,5892,1995,18,50,38,0.0022738756947953513,0.00841467519353753,0.018691588785046728,0.30489166203471846,0.5982121420267291,0.9755746528436248,0.6097833240694369,0.5982121420267291,0.6503831018957499,0.2514560648265384,0.30787508486082826,0.3107769423558897,100.0,100.0,5162,8570,2173,103,3,0,0.01995350639287098,3.500583430571762E-4,0.0,0.8,0.5,0.30000000000000004,0.9,95.0,30.0,50.0,0.8,0.6000000000000001,0.2,0.9,85.0,20.0,40.0,2102,2042,60,2102,0.028544243577545196,0.9669547592982648,1.5,0.6446365061988432,612,0.2997061704211557,1.0,1
"iteration_4","SCOPE_DATA_COLLECTION",1400,26,1630.0,1690.0,0,7843,6121,2102,7927,5937,2041,7817,6067,2036,28,41,60,0.0035691523263224985,0.006712508185985593,0.02862595419847328,0.317959712930871,0.6050143302344929,0.9719007694128925,0.635919425861742,0.6050143302344929,0.6479338462752616,0.2651912498400921,0.31218064941486734,0.3025540275049116,97.5,100.0,5187,8694,2185,116,13,0,0.022363601310969733,0.0014952841039797562,0.0,0.8,0.6000000000000001,0.2,0.9,85.0,20.0,40.0,0.9,0.6000000000000001,0.1,0.9,85.0,20.0,50.0,7858,7642,216,7858,0.02748791040977348,0.33499109191026966,0.5,0.6699821838205393,2103,0.2751897409055221,1.0,1
"iteration_4","SCOPE_DATA_COLLECTION",1400,26,1630.0,1690.0,1,7843,6121,2102,7927,5937,2041,7817,6067,2036,28,41,60,0.0035691523263224985,0.006712508185985593,0.02862595419847328,0.317959712930871,0.6050143302344929,0.9719007694128925,0.635919425861742,0.6050143302344929,0.6479338462752616,0.2651912498400921,0.31218064941486734,0.3025540275049116,97.5,100.0,5187,8694,2185,116,13,0,0.022363601310969733,0.0014952841039797562,0.0,0.8,0.6000000000000001,0.2,0.9,85.0,20.0,40.0,0.9,0.6000000000000001,0.1,0.9,85.0,20.0,50.0,5998,5793,205,5998,0.034178059353117705,0.6199114723650162,1.0,0.6199114723650162,1874,0.32349387191437945,1.0,1
"iteration_4","SCOPE_DATA_COLLECTION",1400,26,1630.0,1690.0,2,7843,6121,2102,7927,5937,2041,7817,6067,2036,28,41,60,0.0035691523263224985,0.006712508185985593,0.02862595419847328,0.317959712930871,0.6050143302344929,0.9719007694128925,0.635919425861742,0.6050143302344929,0.6479338462752616,0.2651912498400921,0.31218064941486734,0.3025540275049116,97.5,100.0,5187,8694,2185,116,13,0,0.022363601310969733,0.0014952841039797562,0.0,0.8,0.6000000000000001,0.2,0.9,85.0,20.0,40.0,0.9,0.6000000000000001,0.1,0.9,85.0,20.0,50.0,1976,1892,84,1976,0.04251012145748988,1.0247668790112823,1.5,0.6831779193408548,613,0.3239957716701903,1.0,1
"iteration_4","SCOPE_DATA_COLLECTION",1400,27,1690.0,1750.0,0,7858,5998,1976,7843,6121,2102,7639,5808,1897,216,205,84,0.02749840865690643,0.03409279893563945,0.04240282685512368,0.33500286153204817,0.6183592651076875,1.0228621197796206,0.6700057230640963,0.6183592651076875,0.6819080798530804,0.274512370729153,0.32196969696969696,0.3231418028465999,100.0,100.0,5101,9674,1057,84,421,0,0.016467359341305627,0.04351870994418028,0.0,0.9,0.6000000000000001,0.1,0.9,85.0,20.0,50.0,0.8,0.5,0.2,0.9,75.0,20.0,60.0,7867,7835,32,7867,0.00406762425320961,0.30936175078112294,0.5,0.6187235015622459,2049,0.26151882578174857,1.0,1
"iteration_4","SCOPE_DATA_COLLECTION",1400,27,1690.0,1750.0,1,7858,5998,1976,7843,6121,2102,7639,5808,1897,216,205,84,0.02749840865690643,0.03409279893563945,0.04240282685512368,0.33500286153204817,0.6183592651076875,1.0228621197796206,0.6700057230640963,0.6183592651076875,0.6819080798530804,0.274512370729153,0.32196969696969696,0.3231418028465999,100.0,100.0,5101,9674,1057,84,421,0,0.016467359341305627,0.04351870994418028,0.0,0.9,0.6000000000000001,0.1,0.9,85.0,20.0,50.0,0.8,0.5,0.2,0.9,75.0,20.0,60.0,6003,5957,46,6003,0.007662835249042145,0.5836196003561677,1.0,0.5836196003561677,1765,0.29629007889877457,1.0,1
"iteration_4","SCOPE_DATA_COLLECTION",1400,27,1690.0,1750.0,2,7858,5998,1976,7843,6121,2102,7639,5808,1897,216,205,84,0.02749840865690643,0.03409279893563945,0.04240282685512368,0.33500286153204817,0.6183592651076875,1.0228621197796206,0.6700057230640963,0.6183592651076875,0.6819080798530804,0.274512370729153,0.32196969696969696,0.3231418028465999,100.0,100.0,5101,9674,1057,84,421,0,0.016467359341305627,0.04351870994418028,0.0,0.9,0.6000000000000001,0.1,0.9,85.0,20.0,50.0,0.8,0.5,0.2,0.9,75.0,20.0,60.0,2064,2017,47,2064,0.022771317829457363,0.9946149126148229,1.5,0.6630766084098819,645,0.31978185423896877,1.0,1
"iteration_4","SCOPE_DATA_COLLECTION",1400,28,1750.0,1810.0,0,7867,6003,2064,7858,5998,1976,7849,5959,2018,32,45,47,0.004060398426595609,0.007495003331112591,0.022760290556900726,0.3103967602080853,0.5847174917015495,0.9984440191271355,0.6207935204161706,0.5847174917015495,0.665629346084757,0.2634730538922156,0.2966940761872797,0.32061446977205155,100.0,100.0,5130,8654,2150,100,24,0,0.01949317738791423,0.0027732840305061245,0.0,0.8,0.5,0.2,0.9,75.0,20.0,60.0,0.8500000000000001,0.30000000000000004,0.4,0.1,50.0,85.0,75.0,7837,7807,30,7837,0.0038279954064055124,0.31406324549361164,0.5,0.6281264909872233,2097,0.26860509798898424,1.0,1
"iteration_4","SCOPE_DATA_COLLECTION",1400,28,1750.0,1810.0,1,7867,6003,2064,7858,5998,1976,7849,5959,2018,32,45,47,0.004060398426595609,0.007495003331112591,0.022760290556900726,0.3103967602080853,0.5847174917015495,0.9984440191271355,0.6207935204161706,0.5847174917015495,0.665629346084757,0.2634730538922156,0.2966940761872797,0.32061446977205155,100.0,100.0,5130,8654,2150,100,24,0,0.01949317738791423,0.0027732840305061245,0.0,0.8,0.5,0.2,0.9,75.0,20.0,60.0,0.8500000000000001,0.30000000000000004,0.4,0.1,50.0,85.0,75.0,5985,5947,38,5985,0.006349206349206349,0.6203285487216204,1.0,0.6203285487216204,1825,0.30687741718513534,1.0,1
"iteration_4","SCOPE_DATA_COLLECTION",1400,28,1750.0,1810.0,2,7867,6003,2064,7858,5998,1976,7849,5959,2018,32,45,47,0.004060398426595609,0.007495003331112591,0.022760290556900726,0.3103967602080853,0.5847174917015495,0.9984440191271355,0.6207935204161706,0.5847174917015495,0.665629346084757,0.2634730538922156,0.2966940761872797,0.32061446977205155,100.0,100.0,5130,8654,2150,100,24,0,0.01949317738791423,0.0027732840305061245,0.0,0.8,0.5,0.2,0.9,75.0,20.0,60.0,0.8500000000000001,0.30000000000000004,0.4,0.1,50.0,85.0,75.0,2057,2034,23,2057,0.01118133203694701,0.980210673115704,1.5,0.653473782077136,652,0.32055063913470994,1.0,1
"iteration_4","SCOPE_DATA_COLLECTION",1400,29,1810.0,1870.0,0,7837,5985,2057,7867,6003,2064,7805,5945,2024,30,39,23,0.0038289725590299937,0.006517379679144385,0.011235955056179775,0.3134854204465069,0.6212162232052453,0.9733462179035309,0.6269708408930138,0.6212162232052453,0.6488974786023539,0.2675208199871877,0.3086627417998318,0.31719367588932806,100.0,100.0,5141,9105,1633,64,28,0,0.012448939894962069,0.0030752333882482154,0.0,0.8500000000000001,0.30000000000000004,0.4,0.1,50.0,85.0,75.0,0.35000000000000003,0.7000000000000001,0.4,0.8,95.0,20.0,25.0,7863,4383,3480,7863,0.4425791682563907,0.43948754666795786,0.5,0.8789750933359157,1956,0.4462696783025325,1.0,1
"iteration_4","SCOPE_DATA_COLLECTION",1400,29,1810.0,1870.0,1,7837,5985,2057,7867,6003,2064,7805,5945,2024,30,39,23,0.0038289725590299937,0.006517379679144385,0.011235955056179775,0.3134854204465069,0.6212162232052453,0.9733462179035309,0.6269708408930138,0.6212162232052453,0.6488974786023539,0.2675208199871877,0.3086627417998318,0.31719367588932806,100.0,100.0,5141,9105,1633,64,28,0,0.012448939894962069,0.0030752333882482154,0.0,0.8500000000000001,0.30000000000000004,0.4,0.1,50.0,85.0,75.0,0.35000000000000003,0.7000000000000001,0.4,0.8,95.0,20.0,25.0,6103,3359,2744,6103,0.44961494347042436,0.9446678043564307,1.0,0.9446678043564307,1896,0.564453706460256,1.0,1
"iteration_4","SCOPE_DATA_COLLECTION",1400,29,1810.0,1870.0,2,7837,5985,2057,7867,6003,2064,7805,5945,2024,30,39,23,0.0038289725590299937,0.006517379679144385,0.011235955056179775,0.3134854204465069,0.6212162232052453,0.9733462179035309,0.6269708408930138,0.6212162232052453,0.6488974786023539,0.2675208199871877,0.3086627417998318,0.31719367588932806,100.0,100.0,5141,9105,1633,64,28,0,0.012448939894962069,0.0030752333882482154,0.0,0.8500000000000001,0.30000000000000004,0.4,0.1,50.0,85.0,75.0,0.35000000000000003,0.7000000000000001,0.4,0.8,95.0,20.0,25.0,1984,1058,926,1984,0.46673387096774194,1.5300632837950072,1.5,1.0200421891966716,623,0.5888468809073724,1.0,1
"iteration_4","SCOPE_DATA_COLLECTION",1400,30,1870.0,1930.0,0,7863,6103,1984,7837,5985,2057,4388,3358,1075,3480,2744,926,0.44229791560752413,0.4496886266797771,0.46276861569215394,0.43877176250804883,0.9388644886957601,1.5231288233343845,0.8775435250160977,0.9388644886957601,1.0154192155562562,0.4446216955332726,0.5601548540798094,0.586046511627907,100.0,100.0,5211,3708,7031,156,2,6992,0.029936672423719057,5.393743257820927E-4,0.9944531361115062,0.35000000000000003,0.7000000000000001,0.4,0.8,95.0,20.0,25.0,0.25,0.8,0.30000000000000004,0.8,85.0,20.0,25.0,7856,3836,4020,7856,0.5117107942973523,0.49623698412001965,0.5,0.9924739682400393,2018,0.5260688216892596,1.0,1
"iteration_4","SCOPE_DATA_COLLECTION",1400,30,1870.0,1930.0,1,7863,6103,1984,7837,5985,2057,4388,3358,1075,3480,2744,926,0.44229791560752413,0.4496886266797771,0.46276861569215394,0.43877176250804883,0.9388644886957601,1.5231288233343845,0.8775435250160977,0.9388644886957601,1.0154192155562562,0.4446216955332726,0.5601548540798094,0.586046511627907,100.0,100.0,5211,3708,7031,156,2,6992,0.029936672423719057,5.393743257820927E-4,0.9944531361115062,0.35000000000000003,0.7000000000000001,0.4,0.8,95.0,20.0,25.0,0.25,0.8,0.30000000000000004,0.8,85.0,20.0,25.0,6062,2904,3158,6062,0.5209501814582645,1.00490855574099,1.0,1.00490855574099,1825,0.6284435261707989,1.0,1
"iteration_4","SCOPE_DATA_COLLECTION",1400,30,1870.0,1930.0,2,7863,6103,1984,7837,5985,2057,4388,3358,1075,3480,2744,926,0.44229791560752413,0.4496886266797771,0.46276861569215394,0.43877176250804883,0.9388644886957601,1.5231288233343845,0.8775435250160977,0.9388644886957601,1.0154192155562562,0.4446216955332726,0.5601548540798094,0.586046511627907,100.0,100.0,5211,3708,7031,156,2,6992,0.029936672423719057,5.393743257820927E-4,0.9944531361115062,0.35000000000000003,0.7000000000000001,0.4,0.8,95.0,20.0,25.0,0.25,0.8,0.30000000000000004,0.8,85.0,20.0,25.0,2022,960,1062,2022,0.5252225519287834,1.6131178595723397,1.5,1.0754119063815597,619,0.6447916666666667,1.0,1
"iteration_4","SCOPE_DATA_COLLECTION",1400,31,1930.0,1990.0,0,7856,6062,2022,7863,6103,1984,3829,2906,961,4020,3158,1062,0.5121671550515989,0.520778364116095,0.5249629263470094,0.49546962525088734,1.0044298690996638,1.6148482091525582,0.9909392505017747,1.0044298690996638,1.0765654727683722,0.5246800731261426,0.6269786648313833,0.6462018730489074,100.0,100.0,5227,2614,8099,138,3,8099,0.02640137746317199,0.0011476664116296864,1.0,0.25,0.8,0.30000000000000004,0.8,85.0,20.0,25.0,0.35000000000000003,0.9,0.2,0.8,95.0,30.0,25.0,7818,4370,3448,7818,0.4410335124072653,0.4320895693131378,0.5,0.8641791386262756,1902,0.43524027459954234,1.0,1
"iteration_4","SCOPE_DATA_COLLECTION",1400,31,1930.0,1990.0,1,7856,6062,2022,7863,6103,1984,3829,2906,961,4020,3158,1062,0.5121671550515989,0.520778364116095,0.5249629263470094,0.49546962525088734,1.0044298690996638,1.6148482091525582,0.9909392505017747,1.0044298690996638,1.0765654727683722,0.5246800731261426,0.6269786648313833,0.6462018730489074,100.0,100.0,5227,2614,8099,138,3,8099,0.02640137746317199,0.0011476664116296864,1.0,0.25,0.8,0.30000000000000004,0.8,85.0,20.0,25.0,0.35000000000000003,0.9,0.2,0.8,95.0,30.0,25.0,5934,3298,2636,5934,0.4442197505898214,0.8452864693917995,1.0,0.8452864693917995,1773,0.5375985445724681,1.0,1
"iteration_4","SCOPE_DATA_COLLECTION",1400,31,1930.0,1990.0,2,7856,6062,2022,7863,6103,1984,3829,2906,961,4020,3158,1062,0.5121671550515989,0.520778364116095,0.5249629263470094,0.49546962525088734,1.0044298690996638,1.6148482091525582,0.9909392505017747,1.0044298690996638,1.0765654727683722,0.5246800731261426,0.6269786648313833,0.6462018730489074,100.0,100.0,5227,2614,8099,138,3,8099,0.02640137746317199,0.0011476664116296864,1.0,0.25,0.8,0.30000000000000004,0.8,85.0,20.0,25.0,0.35000000000000003,0.9,0.2,0.8,95.0,30.0,25.0,2032,1110,922,2032,0.453740157480315,1.4142712324572027,1.5,0.9428474883048018,606,0.5459459459459459,1.0,1
"iteration_4","SCOPE_DATA_COLLECTION",1400,32,1990.0,2050.0,0,7818,5934,2032,7856,6062,2022,4373,3307,1106,3448,2636,922,0.44086433959851684,0.4435470301194683,0.4546351084812623,0.4321074570329973,0.8505040629001678,1.4100040215999334,0.8642149140659946,0.8505040629001678,0.9400026810666223,0.4367710953578779,0.5418808587843967,0.5424954792043399,100.0,100.0,5051,3811,6922,82,2,6922,0.016234409027915266,5.247966413014956E-4,1.0,0.35000000000000003,0.9,0.2,0.8,95.0,30.0,25.0,0.35000000000000003,0.9,0.2,0.8,95.0,30.0,25.0,7782,4352,3430,7782,0.44076072988948856,0.4380792000717997,0.5,0.8761584001435994,1924,0.4420955882352941,1.0,1
"iteration_4","SCOPE_DATA_COLLECTION",1400,32,1990.0,2050.0,1,7818,5934,2032,7856,6062,2022,4373,3307,1106,3448,2636,922,0.44086433959851684,0.4435470301194683,0.4546351084812623,0.4321074570329973,0.8505040629001678,1.4100040215999334,0.8642149140659946,0.8505040629001678,0.9400026810666223,0.4367710953578779,0.5418808587843967,0.5424954792043399,100.0,100.0,5051,3811,6922,82,2,6922,0.016234409027915266,5.247966413014956E-4,1.0,0.35000000000000003,0.9,0.2,0.8,95.0,30.0,25.0,0.35000000000000003,0.9,0.2,0.8,95.0,30.0,25.0,5944,3325,2619,5944,0.44061238223418575,0.8500870050016764,1.0,0.8500870050016764,1796,0.5401503759398496,1.0,1
"iteration_4","SCOPE_DATA_COLLECTION",1400,32,1990.0,2050.0,2,7818,5934,2032,7856,6062,2022,4373,3307,1106,3448,2636,922,0.44086433959851684,0.4435470301194683,0.4546351084812623,0.4321074570329973,0.8505040629001678,1.4100040215999334,0.8642149140659946,0.8505040629001678,0.9400026810666223,0.4367710953578779,0.5418808587843967,0.5424954792043399,100.0,100.0,5051,3811,6922,82,2,6922,0.016234409027915266,5.247966413014956E-4,1.0,0.35000000000000003,0.9,0.2,0.8,95.0,30.0,25.0,0.35000000000000003,0.9,0.2,0.8,95.0,30.0,25.0,1982,1066,916,1982,0.46215943491422806,1.4957355189016355,1.5,0.9971570126010904,626,0.5872420262664165,1.0,1
"iteration_4","SCOPE_DATA_COLLECTION",1400,33,2050.0,2110.0,0,7782,5944,1982,7818,5934,2032,4356,3310,1072,3430,2619,916,0.4405342923195479,0.4417271040647664,0.4607645875251509,0.4392929380011071,0.8450184464591892,1.5004082680827393,0.8785858760022142,0.8450184464591892,1.0002721787218263,0.4430670339761249,0.536858006042296,0.5895522388059702,97.5,100.0,5096,3749,6863,97,5,6863,0.01903453689167975,0.0013336889837289945,1.0,0.35000000000000003,0.9,0.2,0.8,95.0,30.0,25.0,0.25,0.9,0.2,0.8,85.0,40.0,25.0,7759,3797,3962,7759,0.5106328135068953,0.4903458171754546,0.5,0.9806916343509092,1954,0.5146168027390045,1.0,1
"iteration_4","SCOPE_DATA_COLLECTION",1400,33,2050.0,2110.0,1,7782,5944,1982,7818,5934,2032,4356,3310,1072,3430,2619,916,0.4405342923195479,0.4417271040647664,0.4607645875251509,0.4392929380011071,0.8450184464591892,1.5004082680827393,0.8785858760022142,0.8450184464591892,1.0002721787218263,0.4430670339761249,0.536858006042296,0.5895522388059702,97.5,100.0,5096,3749,6863,97,5,6863,0.01903453689167975,0.0013336889837289945,1.0,0.35000000000000003,0.9,0.2,0.8,95.0,30.0,25.0,0.25,0.9,0.2,0.8,85.0,40.0,25.0,6009,2972,3037,6009,0.5054085538359128,0.9598236155084287,1.0,0.9598236155084287,1885,0.6342530282637954,1.0,1
"iteration_4","SCOPE_DATA_COLLECTION",1400,33,2050.0,2110.0,2,7782,5944,1982,7818,5934,2032,4356,3310,1072,3430,2619,916,0.4405342923195479,0.4417271040647664,0.4607645875251509,0.4392929380011071,0.8450184464591892,1.5004082680827393,0.8785858760022142,0.8450184464591892,1.0002721787218263,0.4430670339761249,0.536858006042296,0.5895522388059702,97.5,100.0,5096,3749,6863,97,5,6863,0.01903453689167975,0.0013336889837289945,1.0,0.35000000000000003,0.9,0.2,0.8,95.0,30.0,25.0,0.25,0.9,0.2,0.8,85.0,40.0,25.0,2007,921,1086,2007,0.5411061285500748,1.6023335935201841,1.5,1.0682223956801227,601,0.6525515743756786,1.0,1
"iteration_4","SCOPE_DATA_COLLECTION",1400,34,2110.0,2170.0,0,7759,6009,2007,7782,5944,1982,3792,2986,909,3962,3036,1085,0.5109620840856333,0.5041514447027565,0.5441323971915747,0.4890151260451824,0.9631375839266898,1.5917920109400054,0.9780302520903648,0.9631375839266898,1.0611946739600036,0.51292194092827,0.6352980576021433,0.647964796479648,97.5,100.0,5185,2604,7986,96,1,7986,0.018514946962391515,3.8402457757296467E-4,1.0,0.25,0.9,0.2,0.8,85.0,40.0,25.0,0.15000000000000002,0.8,0.30000000000000004,0.9,95.0,40.0,25.0,7833,3295,4538,7833,0.5793438018639091,0.5338123488474474,0.5,1.0676246976948949,1874,0.5687405159332322,1.0,1
"iteration_4","SCOPE_DATA_COLLECTION",1400,34,2110.0,2170.0,1,7759,6009,2007,7782,5944,1982,3792,2986,909,3962,3036,1085,0.5109620840856333,0.5041514447027565,0.5441323971915747,0.4890151260451824,0.9631375839266898,1.5917920109400054,0.9780302520903648,0.9631375839266898,1.0611946739600036,0.51292194092827,0.6352980576021433,0.647964796479648,97.5,100.0,5185,2604,7986,96,1,7986,0.018514946962391515,3.8402457757296467E-4,1.0,0.25,0.9,0.2,0.8,85.0,40.0,25.0,0.15000000000000002,0.8,0.30000000000000004,0.9,95.0,40.0,25.0,6123,2614,3509,6123,0.5730850890086558,1.1159519037509713,1.0,1.1159519037509713,1914,0.7322111706197398,1.0,1
"iteration_4","SCOPE_DATA_COLLECTION",1400,34,2110.0,2170.0,2,7759,6009,2007,7782,5944,1982,3792,2986,909,3962,3036,1085,0.5109620840856333,0.5041514447027565,0.5441323971915747,0.4890151260451824,0.9631375839266898,1.5917920109400054,0.9780302520903648,0.9631375839266898,1.0611946739600036,0.51292194092827,0.6352980576021433,0.647964796479648,97.5,100.0,5185,2604,7986,96,1,7986,0.018514946962391515,3.8402457757296467E-4,1.0,0.25,0.9,0.2,0.8,85.0,40.0,25.0,0.15000000000000002,0.8,0.30000000000000004,0.9,95.0,40.0,25.0,2033,808,1225,2033,0.602557796360059,1.8291034080951634,1.5,1.2194022720634423,607,0.7512376237623762,1.0,1
"iteration_4","SCOPE_DATA_COLLECTION",1400,35,2170.0,2230.0,0,7833,6123,2033,7759,6009,2007,3291,2597,820,4538,3510,1225,0.5796398007408353,0.5747502865564107,0.5990220048899756,0.5330527354768511,1.110689970288303,1.8405144480363445,1.0661054709537021,1.110689970288303,1.2270096320242296,0.5676086295958676,0.7304582210242587,0.7573170731707317,97.5,100.0,5144,1681,9164,107,2,9164,0.020800933125972008,0.001189767995240928,1.0,0.15000000000000002,0.8,0.30000000000000004,0.9,95.0,40.0,25.0,0.9500000000000001,0.5,0.6000000000000001,0.30000000000000004,80.0,35.0,70.0,7796,7132,664,7796,0.08517188301693177,0.3676517883949427,0.5,0.7353035767898854,2137,0.29963544587773416,1.0,1
"iteration_4","SCOPE_DATA_COLLECTION",1400,35,2170.0,2230.0,1,7833,6123,2033,7759,6009,2007,3291,2597,820,4538,3510,1225,0.5796398007408353,0.5747502865564107,0.5990220048899756,0.5330527354768511,1.110689970288303,1.8405144480363445,1.0661054709537021,1.110689970288303,1.2270096320242296,0.5676086295958676,0.7304582210242587,0.7573170731707317,97.5,100.0,5144,1681,9164,107,2,9164,0.020800933125972008,0.001189767995240928,1.0,0.15000000000000002,0.8,0.30000000000000004,0.9,95.0,40.0,25.0,0.9500000000000001,0.5,0.6000000000000001,0.30000000000000004,80.0,35.0,70.0,6075,5582,493,6075,0.0811522633744856,0.6960113340592764,1.0,0.6960113340592764,1855,0.33231816553206733,1.0,1
"iteration_4","SCOPE_DATA_COLLECTION",1400,35,2170.0,2230.0,2,7833,6123,2033,7759,6009,2007,3291,2597,820,4538,3510,1225,0.5796398007408353,0.5747502865564107,0.5990220048899756,0.5330527354768511,1.110689970288303,1.8405144480363445,1.0661054709537021,1.110689970288303,1.2270096320242296,0.5676086295958676,0.7304582210242587,0.7573170731707317,97.5,100.0,5144,1681,9164,107,2,9164,0.020800933125972008,0.001189767995240928,1.0,0.15000000000000002,0.8,0.30000000000000004,0.9,95.0,40.0,25.0,0.9500000000000001,0.5,0.6000000000000001,0.30000000000000004,80.0,35.0,70.0,2000,1839,161,2000,0.0805,1.0609035086960663,1.5,0.7072690057973775,608,0.3306144643828168,1.0,1
"iteration_4","SCOPE_DATA_COLLECTION",1400,36,2230.0,2290.0,0,7796,6075,2000,7833,6123,2033,7139,5567,1834,664,493,162,0.0850954760989363,0.08135313531353135,0.0811623246492986,0.36929289547166017,0.6961223456396225,1.0632532026240327,0.7385857909433203,0.6961223456396225,0.7088354684160217,0.30186300602325256,0.3326746901383151,0.33151581243184297,100.0,100.0,5171,10186,514,105,1212,2,0.020305550183716884,0.11898684468878853,0.0038910505836575876,0.9500000000000001,0.5,0.6000000000000001,0.30000000000000004,80.0,35.0,70.0,0.9500000000000001,0.4,0.7000000000000001,0.2,80.0,25.0,60.0,7829,7419,410,7829,0.05236939583599438,0.37373103683421577,0.5,0.7474620736684315,2288,0.30839735813451946,1.0,1
"iteration_4","SCOPE_DATA_COLLECTION",1400,36,2230.0,2290.0,1,7796,6075,2000,7833,6123,2033,7139,5567,1834,664,493,162,0.0850954760989363,0.08135313531353135,0.0811623246492986,0.36929289547166017,0.6961223456396225,1.0632532026240327,0.7385857909433203,0.6961223456396225,0.7088354684160217,0.30186300602325256,0.3326746901383151,0.33151581243184297,100.0,100.0,5171,10186,514,105,1212,2,0.020305550183716884,0.11898684468878853,0.0038910505836575876,0.9500000000000001,0.5,0.6000000000000001,0.30000000000000004,80.0,35.0,70.0,0.9500000000000001,0.4,0.7000000000000001,0.2,80.0,25.0,60.0,6084,5736,348,6084,0.05719921104536489,0.7298319744504317,1.0,0.7298319744504317,2042,0.35599721059972106,1.0,1
"iteration_4","SCOPE_DATA_COLLECTION",1400,36,2230.0,2290.0,2,7796,6075,2000,7833,6123,2033,7139,5567,1834,664,493,162,0.0850954760989363,0.08135313531353135,0.0811623246492986,0.36929289547166017,0.6961223456396225,1.0632532026240327,0.7385857909433203,0.6961223456396225,0.7088354684160217,0.30186300602325256,0.3326746901383151,0.33151581243184297,100.0,100.0,5171,10186,514,105,1212,2,0.020305550183716884,0.11898684468878853,0.0038910505836575876,0.9500000000000001,0.5,0.6000000000000001,0.30000000000000004,80.0,35.0,70.0,0.9500000000000001,0.4,0.7000000000000001,0.2,80.0,25.0,60.0,1975,1823,152,1975,0.0769620253164557,1.0268857892171348,1.5,0.6845905261447566,597,0.3274821722435546,1.0,1
"iteration_4","SCOPE_DATA_COLLECTION",1400,37,2290.0,2350.0,0,7829,6084,1975,7796,6075,2000,7397,5744,1826,410,348,152,0.05251697194825157,0.05712409717662508,0.07684529828109202,0.3726117194487855,0.7279899437606859,1.0266567143681076,0.745223438897571,0.7279899437606859,0.6844378095787383,0.307421927808571,0.3556754874651811,0.32749178532311063,92.5,100.0,5288,10095,505,100,810,0,0.018910741301059002,0.08023774145616643,0.0,0.9500000000000001,0.4,0.7000000000000001,0.2,80.0,25.0,60.0,0.9500000000000001,0.4,0.7000000000000001,0.2,80.0,25.0,60.0,7812,7086,726,7812,0.09293394777265745,0.3686024645208418,0.5,0.7372049290416836,2149,0.30327406152977704,1.0,1
"iteration_4","SCOPE_DATA_COLLECTION",1400,37,2290.0,2350.0,1,7829,6084,1975,7796,6075,2000,7397,5744,1826,410,348,152,0.05251697194825157,0.05712409717662508,0.07684529828109202,0.3726117194487855,0.7279899437606859,1.0266567143681076,0.745223438897571,0.7279899437606859,0.6844378095787383,0.307421927808571,0.3556754874651811,0.32749178532311063,92.5,100.0,5288,10095,505,100,810,0,0.018910741301059002,0.08023774145616643,0.0,0.9500000000000001,0.4,0.7000000000000001,0.2,80.0,25.0,60.0,0.9500000000000001,0.4,0.7000000000000001,0.2,80.0,25.0,60.0,6038,5479,559,6038,0.09258032461079828,0.7157813230402847,1.0,0.7157813230402847,1911,0.3487862748676766,1.0,1
"iteration_4","SCOPE_DATA_COLLECTION",1400,37,2290.0,2350.0,2,7829,6084,1975,7796,6075,2000,7397,5744,1826,410,348,152,0.05251697194825157,0.05712409717662508,0.07684529828109202,0.3726117194487855,0.7279899437606859,1.0266567143681076,0.745223438897571,0.7279899437606859,0.6844378095787383,0.307421927808571,0.3556754874651811,0.32749178532311063,92.5,100.0,5288,10095,505,100,810,0,0.018910741301059002,0.08023774145616643,0.0,0.9500000000000001,0.4,0.7000000000000001,0.2,80.0,25.0,60.0,0.9500000000000001,0.4,0.7000000000000001,0.2,80.0,25.0,60.0,2027,1826,201,2027,0.09916132215096202,1.065163541701302,1.5,0.7101090278008679,622,0.34063526834611174,1.0,1
"iteration_4","SCOPE_DATA_COLLECTION",1400,38,2350.0,2410.0,0,7812,6038,2027,7829,6084,1975,7114,5493,1809,725,559,201,0.09248628651613726,0.09236615994712492,0.1,0.36991934169896695,0.7218547275748862,1.059748177923422,0.7398386833979339,0.7218547275748862,0.7064987852822813,0.3044700590385156,0.3522665210267613,0.3377556661138751,100.0,100.0,5090,10227,560,103,1382,0,0.020235756385068762,0.13513249242202013,0.0,0.9500000000000001,0.4,0.7000000000000001,0.2,80.0,25.0,60.0,0.35000000000000003,0.8,0.2,0.5,75.0,55.0,90.0,7935,4410,3525,7935,0.444234404536862,0.4440747551581706,0.5,0.8881495103163412,2039,0.46235827664399093,1.0,1
"iteration_4","SCOPE_DATA_COLLECTION",1400,38,2350.0,2410.0,1,7812,6038,2027,7829,6084,1975,7114,5493,1809,725,559,201,0.09248628651613726,0.09236615994712492,0.1,0.36991934169896695,0.7218547275748862,1.059748177923422,0.7398386833979339,0.7218547275748862,0.7064987852822813,0.3044700590385156,0.3522665210267613,0.3377556661138751,100.0,100.0,5090,10227,560,103,1382,0,0.020235756385068762,0.13513249242202013,0.0,0.9500000000000001,0.4,0.7000000000000001,0.2,80.0,25.0,60.0,0.35000000000000003,0.8,0.2,0.5,75.0,55.0,90.0,6145,3346,2799,6145,0.45549227013832383,0.8678872433462019,1.0,0.8678872433462019,1795,0.5364614465032875,1.0,1
"iteration_4","SCOPE_DATA_COLLECTION",1400,38,2350.0,2410.0,2,7812,6038,2027,7829,6084,1975,7114,5493,1809,725,559,201,0.09248628651613726,0.09236615994712492,0.1,0.36991934169896695,0.7218547275748862,1.059748177923422,0.7398386833979339,0.7218547275748862,0.7064987852822813,0.3044700590385156,0.3522665210267613,0.3377556661138751,100.0,100.0,5090,10227,560,103,1382,0,0.020235756385068762,0.13513249242202013,0.0,0.9500000000000001,0.4,0.7000000000000001,0.2,80.0,25.0,60.0,0.35000000000000003,0.8,0.2,0.5,75.0,55.0,90.0,2118,1121,997,2118,0.4707271010387158,1.463609597063778,1.5,0.9757397313758519,637,0.568242640499554,1.0,1
"iteration_4","SCOPE_DATA_COLLECTION",1400,39,2410.0,2470.0,0,7935,6145,2118,7812,6038,2027,4391,3350,1141,3526,2799,997,0.4453707212327902,0.4551959668238738,0.46632366697848454,0.4428167835629003,0.8666451395070123,1.4659116468906905,0.8856335671258005,0.8666451395070123,0.9772744312604603,0.4607150990662719,0.533134328358209,0.5687992988606485,97.5,100.0,5121,3809,7268,108,1,7213,0.0210896309314587,2.6253609871357313E-4,0.9924325811777656,0.35000000000000003,0.8,0.2,0.5,75.0,55.0,90.0,0.35000000000000003,0.8,0.30000000000000004,0.4,65.0,65.0,80.0,7841,4403,3438,7841,0.43846448157122814,0.45328943424256457,0.5,0.9065788684851291,2042,0.46377469906881674,1.0,1
"iteration_4","SCOPE_DATA_COLLECTION",1400,39,2410.0,2470.0,1,7935,6145,2118,7812,6038,2027,4391,3350,1141,3526,2799,997,0.4453707212327902,0.4551959668238738,0.46632366697848454,0.4428167835629003,0.8666451395070123,1.4659116468906905,0.8856335671258005,0.8666451395070123,0.9772744312604603,0.4607150990662719,0.533134328358209,0.5687992988606485,97.5,100.0,5121,3809,7268,108,1,7213,0.0210896309314587,2.6253609871357313E-4,0.9924325811777656,0.35000000000000003,0.8,0.2,0.5,75.0,55.0,90.0,0.35000000000000003,0.8,0.30000000000000004,0.4,65.0,65.0,80.0,5954,3301,2653,5954,0.445582801477998,0.9031836431480892,1.0,0.9031836431480892,1831,0.5546803998788246,1.0,1
"iteration_4","SCOPE_DATA_COLLECTION",1400,39,2410.0,2470.0,2,7935,6145,2118,7812,6038,2027,4391,3350,1141,3526,2799,997,0.4453707212327902,0.4551959668238738,0.46632366697848454,0.4428167835629003,0.8666451395070123,1.4659116468906905,0.8856335671258005,0.8666451395070123,0.9772744312604603,0.4607150990662719,0.533134328358209,0.5687992988606485,97.5,100.0,5121,3809,7268,108,1,7213,0.0210896309314587,2.6253609871357313E-4,0.9924325811777656,0.35000000000000003,0.8,0.2,0.5,75.0,55.0,90.0,0.35000000000000003,0.8,0.30000000000000004,0.4,65.0,65.0,80.0,2061,1131,930,2061,0.4512372634643377,1.4450731702550303,1.5,0.9633821135033536,630,0.5570291777188329,1.0,1
"iteration_4","SCOPE_DATA_COLLECTION",1400,40,2470.0,2530.0,0,7841,5954,2061,7935,6145,2118,4410,3309,1120,3438,2653,930,0.4380733944954128,0.4449849043944985,0.45365853658536587,0.45162567710792295,0.8994044089885557,1.4331022401907147,0.9032513542158459,0.8994044089885557,0.9554014934604765,0.46258503401360546,0.5542459957691145,0.5526785714285715,100.0,100.0,5185,3761,6910,108,3,6910,0.020829315332690453,7.976601967561818E-4,1.0,0.35000000000000003,0.8,0.30000000000000004,0.4,65.0,65.0,80.0,0.45,0.8,0.4,0.5,65.0,75.0,70.0,7825,5035,2790,7825,0.35654952076677315,0.4235124244227875,0.5,0.847024848845575,2063,0.4097318768619662,1.0,1
"iteration_4","SCOPE_DATA_COLLECTION",1400,40,2470.0,2530.0,1,7841,5954,2061,7935,6145,2118,4410,3309,1120,3438,2653,930,0.4380733944954128,0.4449849043944985,0.45365853658536587,0.45162567710792295,0.8994044089885557,1.4331022401907147,0.9032513542158459,0.8994044089885557,0.9554014934604765,0.46258503401360546,0.5542459957691145,0.5526785714285715,100.0,100.0,5185,3761,6910,108,3,6910,0.020829315332690453,7.976601967561818E-4,1.0,0.35000000000000003,0.8,0.30000000000000004,0.4,65.0,65.0,80.0,0.45,0.8,0.4,0.5,65.0,75.0,70.0,5961,3836,2125,5961,0.35648381144103336,0.8339775793507007,1.0,0.8339775793507007,1815,0.47314911366006257,1.0,1
"iteration_4","SCOPE_DATA_COLLECTION",1400,40,2470.0,2530.0,2,7841,5954,2061,7935,6145,2118,4410,3309,1120,3438,2653,930,0.4380733944954128,0.4449849043944985,0.45365853658536587,0.45162567710792295,0.8994044089885557,1.4331022401907147,0.9032513542158459,0.8994044089885557,0.9554014934604765,0.46258503401360546,0.5542459957691145,0.5526785714285715,100.0,100.0,5185,3761,6910,108,3,6910,0.020829315332690453,7.976601967561818E-4,1.0,0.35000000000000003,0.8,0.30000000000000004,0.4,65.0,65.0,80.0,0.45,0.8,0.4,0.5,65.0,75.0,70.0,2006,1233,773,2006,0.38534396809571286,1.3560336572164968,1.5,0.9040224381443313,625,0.5068937550689375,1.0,1
"iteration_4","SCOPE_DATA_COLLECTION",1400,41,2530.0,2590.0,0,7825,5961,2006,7841,5954,2061,5039,3830,1241,2790,2125,773,0.35636735215225446,0.35684298908480266,0.38381330685203574,0.4256301565463752,0.8325800972190752,1.3655543351970052,0.8512603130927504,0.8325800972190752,0.9103695567980035,0.41178805318515577,0.47336814621409923,0.5108783239323127,97.5,100.0,5138,4749,5905,113,7,5568,0.02199299338263916,0.0014739945251631922,0.9429297205757833,0.45,0.8,0.4,0.5,65.0,75.0,70.0,0.1,0.7000000000000001,0.5,0.6000000000000001,40.0,95.0,45.0,7594,2978,4616,7594,0.6078483012904925,0.6048905364614595,0.5,1.209781072922919,1951,0.6551376762928139,1.0,1
"iteration_4","SCOPE_DATA_COLLECTION",1400,41,2530.0,2590.0,1,7825,5961,2006,7841,5954,2061,5039,3830,1241,2790,2125,773,0.35636735215225446,0.35684298908480266,0.38381330685203574,0.4256301565463752,0.8325800972190752,1.3655543351970052,0.8512603130927504,0.8325800972190752,0.9103695567980035,0.41178805318515577,0.47336814621409923,0.5108783239323127,97.5,100.0,5138,4749,5905,113,7,5568,0.02199299338263916,0.0014739945251631922,0.9429297205757833,0.45,0.8,0.4,0.5,65.0,75.0,70.0,0.1,0.7000000000000001,0.5,0.6000000000000001,40.0,95.0,45.0,6137,2364,3773,6137,0.61479550268861,1.2669722911081296,1.0,1.2669722911081296,1902,0.8045685279187818,1.0,1
"iteration_4","SCOPE_DATA_COLLECTION",1400,41,2530.0,2590.0,2,7825,5961,2006,7841,5954,2061,5039,3830,1241,2790,2125,773,0.35636735215225446,0.35684298908480266,0.38381330685203574,0.4256301565463752,0.8325800972190752,1.3655543351970052,0.8512603130927504,0.8325800972190752,0.9103695567980035,0.41178805318515577,0.47336814621409923,0.5108783239323127,97.5,100.0,5138,4749,5905,113,7,5568,0.02199299338263916,0.0014739945251631922,0.9429297205757833,0.45,0.8,0.4,0.5,65.0,75.0,70.0,0.1,0.7000000000000001,0.5,0.6000000000000001,40.0,95.0,45.0,2049,754,1295,2049,0.632015617374329,1.9749171182550487,1.5,1.3166114121700325,611,0.8103448275862069,1.0,1
"iteration_4","SCOPE_DATA_COLLECTION",1400,42,2590.0,2650.0,0,7594,6137,2049,7825,5961,2006,2987,2355,749,4616,3773,1295,0.6071287649611995,0.6156984334203656,0.6335616438356164,0.6030281247044775,1.2639518459731487,1.9636621724091374,1.206056249408955,1.2639518459731487,1.309108114939425,0.6528289253431536,0.8012738853503185,0.8050734312416555,100.0,100.0,5186,1045,9549,134,1,9549,0.025838796760509063,9.569377990430622E-4,1.0,0.1,0.7000000000000001,0.5,0.6000000000000001,40.0,95.0,45.0,0.05,0.7000000000000001,0.4,0.7000000000000001,50.0,85.0,35.0,7851,2756,5095,7851,0.6489619156795313,0.633952664003189,0.5,1.267905328006378,1938,0.7031930333817126,1.0,1
"iteration_4","SCOPE_DATA_COLLECTION",1400,42,2590.0,2650.0,1,7594,6137,2049,7825,5961,2006,2987,2355,749,4616,3773,1295,0.6071287649611995,0.6156984334203656,0.6335616438356164,0.6030281247044775,1.2639518459731487,1.9636621724091374,1.206056249408955,1.2639518459731487,1.309108114939425,0.6528289253431536,0.8012738853503185,0.8050734312416555,100.0,100.0,5186,1045,9549,134,1,9549,0.025838796760509063,9.569377990430622E-4,1.0,0.1,0.7000000000000001,0.5,0.6000000000000001,40.0,95.0,45.0,0.05,0.7000000000000001,0.4,0.7000000000000001,50.0,85.0,35.0,6042,2165,3877,6042,0.6416749420721616,1.3358833519936086,1.0,1.3358833519936086,1896,0.8757505773672055,1.0,1
"iteration_4","SCOPE_DATA_COLLECTION",1400,42,2590.0,2650.0,2,7594,6137,2049,7825,5961,2006,2987,2355,749,4616,3773,1295,0.6071287649611995,0.6156984334203656,0.6335616438356164,0.6030281247044775,1.2639518459731487,1.9636621724091374,1.206056249408955,1.2639518459731487,1.309108114939425,0.6528289253431536,0.8012738853503185,0.8050734312416555,100.0,100.0,5186,1045,9549,134,1,9549,0.025838796760509063,9.569377990430622E-4,1.0,0.1,0.7000000000000001,0.5,0.6000000000000001,40.0,95.0,45.0,0.05,0.7000000000000001,0.4,0.7000000000000001,50.0,85.0,35.0,2030,680,1350,2030,0.6650246305418719,2.160916536606357,1.5,1.440611024404238,620,0.9117647058823529,1.0,1
"iteration_4","SCOPE_DATA_COLLECTION",1400,43,2650.0,2710.0,0,7851,6042,2030,7594,6137,2049,2752,2163,686,5095,3877,1349,0.6492927233337581,0.641887417218543,0.6628992628992629,0.6338399344093859,1.336652323414181,2.1605429618662684,1.2676798688187718,1.336652323414181,1.4403619745775122,0.7038517441860465,0.8760980120203421,0.9110787172011662,100.0,100.0,5197,543,10183,137,1,10183,0.026361362324417933,0.001841620626151013,1.0,0.05,0.7000000000000001,0.4,0.7000000000000001,50.0,85.0,35.0,0.05,0.7000000000000001,0.4,0.7000000000000001,50.0,85.0,35.0,7768,2729,5039,7768,0.648686920700309,0.6187076451765494,0.5,1.2374152903530988,1872,0.685965555148406,1.0,1
"iteration_4","SCOPE_DATA_COLLECTION",1400,43,2650.0,2710.0,1,7851,6042,2030,7594,6137,2049,2752,2163,686,5095,3877,1349,0.6492927233337581,0.641887417218543,0.6628992628992629,0.6338399344093859,1.336652323414181,2.1605429618662684,1.2676798688187718,1.336652323414181,1.4403619745775122,0.7038517441860465,0.8760980120203421,0.9110787172011662,100.0,100.0,5197,543,10183,137,1,10183,0.026361362324417933,0.001841620626151013,1.0,0.05,0.7000000000000001,0.4,0.7000000000000001,50.0,85.0,35.0,0.05,0.7000000000000001,0.4,0.7000000000000001,50.0,85.0,35.0,5990,2106,3884,5990,0.6484140233722872,1.3284813778626285,1.0,1.3284813778626285,1841,0.8741690408357075,1.0,1
"iteration_4","SCOPE_DATA_COLLECTION",1400,43,2650.0,2710.0,2,7851,6042,2030,7594,6137,2049,2752,2163,686,5095,3877,1349,0.6492927233337581,0.641887417218543,0.6628992628992629,0.6338399344093859,1.336652323414181,2.1605429618662684,1.2676798688187718,1.336652323414181,1.4403619745775122,0.7038517441860465,0.8760980120203421,0.9110787172011662,100.0,100.0,5197,543,10183,137,1,10183,0.026361362324417933,0.001841620626151013,1.0,0.05,0.7000000000000001,0.4,0.7000000000000001,50.0,85.0,35.0,0.05,0.7000000000000001,0.4,0.7000000000000001,50.0,85.0,35.0,2025,682,1343,2025,0.6632098765432098,2.1269219839014473,1.5,1.4179479892676314,613,0.8988269794721407,1.0,1
"iteration_4","SCOPE_DATA_COLLECTION",1400,44,2710.0,2770.0,0,7768,5990,2025,7851,6042,2030,2726,2122,679,5039,3884,1344,0.6489375402446877,0.6466866466866467,0.6643598615916955,0.6194553556364462,1.334106201718755,2.1239789583273665,1.2389107112728923,1.334106201718755,1.4159859722182444,0.6867204695524578,0.8755890669180019,0.898379970544919,100.0,100.0,5107,516,10160,106,1,10160,0.020755825337771684,0.001937984496124031,1.0,0.05,0.7000000000000001,0.4,0.7000000000000001,50.0,85.0,35.0,0.6000000000000001,0.9,0.4,0.2,40.0,70.0,25.0,7750,6953,797,7750,0.10283870967741936,0.3513604199832427,0.5,0.7027208399664854,2089,0.3004458507119229,1.0,1
"iteration_4","SCOPE_DATA_COLLECTION",1400,44,2710.0,2770.0,1,7768,5990,2025,7851,6042,2030,2726,2122,679,5039,3884,1344,0.6489375402446877,0.6466866466866467,0.6643598615916955,0.6194553556364462,1.334106201718755,2.1239789583273665,1.2389107112728923,1.334106201718755,1.4159859722182444,0.6867204695524578,0.8755890669180019,0.898379970544919,100.0,100.0,5107,516,10160,106,1,10160,0.020755825337771684,0.001937984496124031,1.0,0.05,0.7000000000000001,0.4,0.7000000000000001,50.0,85.0,35.0,0.6000000000000001,0.9,0.4,0.2,40.0,70.0,25.0,6050,5425,625,6050,0.10330578512396695,0.6819315079649579,1.0,0.6819315079649579,1882,0.34691244239631336,1.0,1
"iteration_4","SCOPE_DATA_COLLECTION",1400,44,2710.0,2770.0,2,7768,5990,2025,7851,6042,2030,2726,2122,679,5039,3884,1344,0.6489375402446877,0.6466866466866467,0.6643598615916955,0.6194553556364462,1.334106201718755,2.1239789583273665,1.2389107112728923,1.334106201718755,1.4159859722182444,0.6867204695524578,0.8755890669180019,0.898379970544919,100.0,100.0,5107,516,10160,106,1,10160,0.020755825337771684,0.001937984496124031,1.0,0.05,0.7000000000000001,0.4,0.7000000000000001,50.0,85.0,35.0,0.6000000000000001,0.9,0.4,0.2,40.0,70.0,25.0,2061,1808,253,2061,0.1227559437166424,1.0204433871008285,1.5,0.6802955914005523,606,0.33517699115044247,1.0,1
"iteration_4","SCOPE_DATA_COLLECTION",1400,45,2770.0,2830.0,0,7750,6050,2061,7768,5990,2025,6949,5402,1793,797,625,253,0.10289181513038988,0.10370001659200266,0.12365591397849462,0.35204649347758205,0.6797736298154345,1.0254912457632848,0.7040929869551641,0.6797736298154345,0.6836608305088565,0.30133832206072814,0.34653831914105887,0.33686558839933073,100.0,100.0,5115,6416,4330,72,1,1602,0.01407624633431085,1.5586034912718204E-4,0.3699769053117783,0.6000000000000001,0.9,0.4,0.2,40.0,70.0,25.0,0.7000000000000001,0.9,0.4,0.30000000000000004,40.0,70.0,20.0,7818,7740,78,7818,0.009976976208749041,0.3172781967710949,0.5,0.6345563935421898,2078,0.2684754521963824,1.0,1
"iteration_4","SCOPE_DATA_COLLECTION",1400,45,2770.0,2830.0,1,7750,6050,2061,7768,5990,2025,6949,5402,1793,797,625,253,0.10289181513038988,0.10370001659200266,0.12365591397849462,0.35204649347758205,0.6797736298154345,1.0254912457632848,0.7040929869551641,0.6797736298154345,0.6836608305088565,0.30133832206072814,0.34653831914105887,0.33686558839933073,100.0,100.0,5115,6416,4330,72,1,1602,0.01407624633431085,1.5586034912718204E-4,0.3699769053117783,0.6000000000000001,0.9,0.4,0.2,40.0,70.0,25.0,0.7000000000000001,0.9,0.4,0.30000000000000004,40.0,70.0,20.0,6111,6018,93,6111,0.01521845851742759,0.6432177748384511,1.0,0.6432177748384511,1904,0.3163841807909605,1.0,1
"iteration_4","SCOPE_DATA_COLLECTION",1400,45,2770.0,2830.0,2,7750,6050,2061,7768,5990,2025,6949,5402,1793,797,625,253,0.10289181513038988,0.10370001659200266,0.12365591397849462,0.35204649347758205,0.6797736298154345,1.0254912457632848,0.7040929869551641,0.6797736298154345,0.6836608305088565,0.30133832206072814,0.34653831914105887,0.33686558839933073,100.0,100.0,5115,6416,4330,72,1,1602,0.01407624633431085,1.5586034912718204E-4,0.3699769053117783,0.6000000000000001,0.9,0.4,0.2,40.0,70.0,25.0,0.7000000000000001,0.9,0.4,0.30000000000000004,40.0,70.0,20.0,2086,2025,61,2086,0.029242569511025888,0.9758298895373118,1.5,0.6505532596915412,631,0.31160493827160496,1.0,1
"iteration_4","SCOPE_DATA_COLLECTION",1400,46,2830.0,2890.0,0,7818,6111,2086,7750,6050,2061,7731,6025,2029,78,93,60,0.009988474836726853,0.015201046093494605,0.028721876495931067,0.3158075559428596,0.6434281591957116,0.9767064289578683,0.6316151118857192,0.6434281591957116,0.6511376193052455,0.26658905704307334,0.31651452282157677,0.31197634302612126,97.5,100.0,5168,7545,3302,121,6,104,0.02341331269349845,7.952286282306163E-4,0.031496062992125984,0.7000000000000001,0.9,0.4,0.30000000000000004,40.0,70.0,20.0,0.7000000000000001,0.9,0.4,0.30000000000000004,40.0,70.0,20.0,7805,7720,85,7805,0.010890454836643177,0.315634630274213,0.5,0.631269260548426,2040,0.26424870466321243,1.0,1
"iteration_4","SCOPE_DATA_COLLECTION",1400,46,2830.0,2890.0,1,7818,6111,2086,7750,6050,2061,7731,6025,2029,78,93,60,0.009988474836726853,0.015201046093494605,0.028721876495931067,0.3158075559428596,0.6434281591957116,0.9767064289578683,0.6316151118857192,0.6434281591957116,0.6511376193052455,0.26658905704307334,0.31651452282157677,0.31197634302612126,97.5,100.0,5168,7545,3302,121,6,104,0.02341331269349845,7.952286282306163E-4,0.031496062992125984,0.7000000000000001,0.9,0.4,0.30000000000000004,40.0,70.0,20.0,0.7000000000000001,0.9,0.4,0.30000000000000004,40.0,70.0,20.0,6175,6088,87,6175,0.014089068825910931,0.6311896078783389,1.0,0.6311896078783389,1933,0.31750985545335086,1.0,1
"iteration_4","SCOPE_DATA_COLLECTION",1400,46,2830.0,2890.0,2,7818,6111,2086,7750,6050,2061,7731,6025,2029,78,93,60,0.009988474836726853,0.015201046093494605,0.028721876495931067,0.3158075559428596,0.6434281591957116,0.9767064289578683,0.6316151118857192,0.6434281591957116,0.6511376193052455,0.26658905704307334,0.31651452282157677,0.31197634302612126,97.5,100.0,5168,7545,3302,121,6,104,0.02341331269349845,7.952286282306163E-4,0.031496062992125984,0.7000000000000001,0.9,0.4,0.30000000000000004,40.0,70.0,20.0,0.7000000000000001,0.9,0.4,0.30000000000000004,40.0,70.0,20.0,2020,1980,40,2020,0.019801980198019802,0.9654427413261895,1.5,0.6436284942174596,609,0.30757575757575756,1.0,1
"iteration_4","SCOPE_DATA_COLLECTION",1400,47,2890.0,2950.0,0,7805,6175,2020,7818,6111,2086,7718,6077,1986,85,87,41,0.010893246187363835,0.014114211550940947,0.020226936359151456,0.31567326362500875,0.6318991801070506,0.9660036295130027,0.6313465272500175,0.6318991801070506,0.6440024196753351,0.2643171806167401,0.31742636169162414,0.3076535750251762,100.0,100.0,5180,7562,3258,98,9,106,0.01891891891891892,0.0011901613329806928,0.032535297728667895,0.7000000000000001,0.9,0.4,0.30000000000000004,40.0,70.0,20.0,0.7000000000000001,0.8,0.5,0.2,40.0,70.0,20.0,7785,7767,18,7785,0.0023121387283236996,0.3380815691113382,0.5,0.6761631382226764,2199,0.28312089609887986,1.0,1
"iteration_4","SCOPE_DATA_COLLECTION",1400,47,2890.0,2950.0,1,7805,6175,2020,7818,6111,2086,7718,6077,1986,85,87,41,0.010893246187363835,0.014114211550940947,0.020226936359151456,0.31567326362500875,0.6318991801070506,0.9660036295130027,0.6313465272500175,0.6318991801070506,0.6440024196753351,0.2643171806167401,0.31742636169162414,0.3076535750251762,100.0,100.0,5180,7562,3258,98,9,106,0.01891891891891892,0.0011901613329806928,0.032535297728667895,0.7000000000000001,0.9,0.4,0.30000000000000004,40.0,70.0,20.0,0.7000000000000001,0.8,0.5,0.2,40.0,70.0,20.0,5928,5877,51,5928,0.00860323886639676,0.6505974586663098,1.0,0.6505974586663098,1893,0.3221031138335886,1.0,1
"iteration_4","SCOPE_DATA_COLLECTION",1400,47,2890.0,2950.0,2,7805,6175,2020,7818,6111,2086,7718,6077,1986,85,87,41,0.010893246187363835,0.014114211550940947,0.020226936359151456,0.31567326362500875,0.6318991801070506,0.9660036295130027,0.6313465272500175,0.6318991801070506,0.6440024196753351,0.2643171806167401,0.31742636169162414,0.3076535750251762,100.0,100.0,5180,7562,3258,98,9,106,0.01891891891891892,0.0011901613329806928,0.032535297728667895,0.7000000000000001,0.9,0.4,0.30000000000000004,40.0,70.0,20.0,0.7000000000000001,0.8,0.5,0.2,40.0,70.0,20.0,2020,1995,25,2020,0.012376237623762377,0.9844654504776572,1.5,0.6563103003184382,643,0.3223057644110276,1.0,1
"iteration_4","SCOPE_DATA_COLLECTION",1400,48,2950.0,3010.0,0,7785,5928,2020,7805,6175,2020,7779,5875,1992,18,51,25,0.002308580223162755,0.00860614242321971,0.012394645513138325,0.3387359307173653,0.6505155641751927,0.9805819693418819,0.6774718614347306,0.6505155641751927,0.6537213128945879,0.2835840082272786,0.32238297872340427,0.3207831325301205,97.5,100.0,5195,7340,3198,89,5,0,0.017131857555341676,6.811989100817438E-4,0.0,0.7000000000000001,0.8,0.5,0.2,40.0,70.0,20.0,0.7000000000000001,0.8,0.5,0.2,40.0,70.0,20.0,7813,7729,84,7813,0.010751311916037374,0.3345053017830559,0.5,0.6690106035661118,2122,0.2745503946176737,1.0,1
"iteration_4","SCOPE_DATA_COLLECTION",1400,48,2950.0,3010.0,1,7785,5928,2020,7805,6175,2020,7779,5875,1992,18,51,25,0.002308580223162755,0.00860614242321971,0.012394645513138325,0.3387359307173653,0.6505155641751927,0.9805819693418819,0.6774718614347306,0.6505155641751927,0.6537213128945879,0.2835840082272786,0.32238297872340427,0.3207831325301205,97.5,100.0,5195,7340,3198,89,5,0,0.017131857555341676,6.811989100817438E-4,0.0,0.7000000000000001,0.8,0.5,0.2,40.0,70.0,20.0,0.7000000000000001,0.8,0.5,0.2,40.0,70.0,20.0,6083,5982,101,6083,0.01660364951504192,0.6498313493385561,1.0,0.6498313493385561,1865,0.3117686392510866,1.0,1
"iteration_4","SCOPE_DATA_COLLECTION",1400,48,2950.0,3010.0,2,7785,5928,2020,7805,6175,2020,7779,5875,1992,18,51,25,0.002308580223162755,0.00860614242321971,0.012394645513138325,0.3387359307173653,0.6505155641751927,0.9805819693418819,0.6774718614347306,0.6505155641751927,0.6537213128945879,0.2835840082272786,0.32238297872340427,0.3207831325301205,97.5,100.0,5195,7340,3198,89,5,0,0.017131857555341676,6.811989100817438E-4,0.0,0.7000000000000001,0.8,0.5,0.2,40.0,70.0,20.0,0.7000000000000001,0.8,0.5,0.2,40.0,70.0,20.0,2047,1982,65,2047,0.03175378602833415,0.9780889266850324,1.5,0.6520592844566883,628,0.3168516649848638,1.0,1
"iteration_4","SCOPE_DATA_COLLECTION",1400,49,3010.0,3070.0,0,7813,6083,2047,7785,5928,2020,7722,5989,1982,84,101,65,0.010760953112990008,0.01658456486042693,0.03175378602833415,0.33456244791523243,0.6495665960238579,0.9824224962045293,0.6691248958304649,0.6495665960238579,0.6549483308030195,0.2747992747992748,0.3115712138921356,0.31886982845610495,100.0,100.0,5112,7514,3317,104,13,133,0.02034428794992175,0.0017301038062283738,0.040096472716309915,0.7000000000000001,0.8,0.5,0.2,40.0,70.0,20.0,0.7000000000000001,0.9,0.5,0.1,40.0,70.0,30.0,7909,7826,83,7909,0.010494373498545961,0.31382528437532536,0.5,0.6276505687506507,2001,0.25568617429082546,1.0,1
"iteration_4","SCOPE_DATA_COLLECTION",1400,49,3010.0,3070.0,1,7813,6083,2047,7785,5928,2020,7722,5989,1982,84,101,65,0.010760953112990008,0.01658456486042693,0.03175378602833415,0.33456244791523243,0.6495665960238579,0.9824224962045293,0.6691248958304649,0.6495665960238579,0.6549483308030195,0.2747992747992748,0.3115712138921356,0.31886982845610495,100.0,100.0,5112,7514,3317,104,13,133,0.02034428794992175,0.0017301038062283738,0.040096472716309915,0.7000000000000001,0.8,0.5,0.2,40.0,70.0,20.0,0.7000000000000001,0.9,0.5,0.1,40.0,70.0,30.0,6097,6040,57,6097,0.009348860095128753,0.6384850184145573,1.0,0.6384850184145573,1922,0.31821192052980135,1.0,1
"iteration_4","SCOPE_DATA_COLLECTION",1400,49,3010.0,3070.0,2,7813,6083,2047,7785,5928,2020,7722,5989,1982,84,101,65,0.010760953112990008,0.01658456486042693,0.03175378602833415,0.33456244791523243,0.6495665960238579,0.9824224962045293,0.6691248958304649,0.6495665960238579,0.6549483308030195,0.2747992747992748,0.3115712138921356,0.31886982845610495,100.0,100.0,5112,7514,3317,104,13,133,0.02034428794992175,0.0017301038062283738,0.040096472716309915,0.7000000000000001,0.8,0.5,0.2,40.0,70.0,20.0,0.7000000000000001,0.9,0.5,0.1,40.0,70.0,30.0,2043,1999,44,2043,0.021536955457660302,0.9389016247705513,1.5,0.6259344165137009,609,0.3046523261630815,1.0,1
"iteration_4","SCOPE_DATA_COLLECTION",1400,50,3070.0,3130.0,0,7909,6097,2043,7813,6083,2047,7813,6033,2003,83,57,44,0.010511651469098278,0.00935960591133005,0.02149487054225696,0.31283126775794523,0.6354129866577491,0.9401360173897271,0.6256625355158905,0.6354129866577491,0.6267573449264847,0.2549596825803149,0.3174208519807724,0.3055416874687968,100.0,100.0,5038,7714,3297,52,6,126,0.010321556173084558,7.7780658542909E-4,0.03821656050955414,0.7000000000000001,0.9,0.5,0.1,40.0,70.0,30.0,0.6000000000000001,0.9,0.6000000000000001,0.1,40.0,60.0,30.0,7735,7061,674,7735,0.08713639301874596,0.3723486779193,0.5,0.7446973558386,2183,0.30916300807251096,1.0,1
"iteration_4","SCOPE_DATA_COLLECTION",1400,50,3070.0,3130.0,1,7909,6097,2043,7813,6083,2047,7813,6033,2003,83,57,44,0.010511651469098278,0.00935960591133005,0.02149487054225696,0.31283126775794523,0.6354129866577491,0.9401360173897271,0.6256625355158905,0.6354129866577491,0.6267573449264847,0.2549596825803149,0.3174208519807724,0.3055416874687968,100.0,100.0,5038,7714,3297,52,6,126,0.010321556173084558,7.7780658542909E-4,0.03821656050955414,0.7000000000000001,0.9,0.5,0.1,40.0,70.0,30.0,0.6000000000000001,0.9,0.6000000000000001,0.1,40.0,60.0,30.0,6054,5507,547,6054,0.09035348529897588,0.7043758713744102,1.0,0.7043758713744102,1930,0.3504630470310514,1.0,1
"iteration_4","SCOPE_DATA_COLLECTION",1400,50,3070.0,3130.0,2,7909,6097,2043,7813,6083,2047,7813,6033,2003,83,57,44,0.010511651469098278,0.00935960591133005,0.02149487054225696,0.31283126775794523,0.6354129866577491,0.9401360173897271,0.6256625355158905,0.6354129866577491,0.6267573449264847,0.2549596825803149,0.3174208519807724,0.3055416874687968,100.0,100.0,5038,7714,3297,52,6,126,0.010321556173084558,7.7780658542909E-4,0.03821656050955414,0.7000000000000001,0.9,0.5,0.1,40.0,70.0,30.0,0.6000000000000001,0.9,0.6000000000000001,0.1,40.0,60.0,30.0,2025,1809,216,2025,0.10666666666666667,1.030186461711764,1.5,0.6867909744745093,621,0.34328358208955223,1.0,1
"iteration_4","SCOPE_DATA_COLLECTION",1400,51,3130.0,3190.0,0,7735,6054,2025,7909,6097,2043,7070,5509,1809,674,547,216,0.08703512396694214,0.09032364597093791,0.10666666666666667,0.37491859150773305,0.7107030870105823,1.035233829117832,0.7498371830154661,0.7107030870105823,0.6901558860785547,0.3118811881188119,0.35251406788890904,0.3454947484798231,100.0,100.0,5110,6372,4332,62,3,1372,0.01213307240704501,4.7080979284369113E-4,0.31671283471837486,0.6000000000000001,0.9,0.6000000000000001,0.1,40.0,60.0,30.0,0.6000000000000001,0.9,0.6000000000000001,0.1,40.0,60.0,30.0,7781,7103,678,7781,0.08713532964914536,0.3758450642630836,0.5,0.7516901285261672,2253,0.3171899197522174,1.0,1
"iteration_4","SCOPE_DATA_COLLECTION",1400,51,3130.0,3190.0,1,7735,6054,2025,7909,6097,2043,7070,5509,1809,674,547,216,0.08703512396694214,0.09032364597093791,0.10666666666666667,0.37491859150773305,0.7107030870105823,1.035233829117832,0.7498371830154661,0.7107030870105823,0.6901558860785547,0.3118811881188119,0.35251406788890904,0.3454947484798231,100.0,100.0,5110,6372,4332,62,3,1372,0.01213307240704501,4.7080979284369113E-4,0.31671283471837486,0.6000000000000001,0.9,0.6000000000000001,0.1,40.0,60.0,30.0,0.6000000000000001,0.9,0.6000000000000001,0.1,40.0,60.0,30.0,5966,5427,539,5966,0.0903452899765337,0.6919994016383695,1.0,0.6919994016383695,1897,0.34954855352865305,1.0,1
"iteration_4","SCOPE_DATA_COLLECTION",1400,51,3130.0,3190.0,2,7735,6054,2025,7909,6097,2043,7070,5509,1809,674,547,216,0.08703512396694214,0.09032364597093791,0.10666666666666667,0.37491859150773305,0.7107030870105823,1.035233829117832,0.7498371830154661,0.7107030870105823,0.6901558860785547,0.3118811881188119,0.35251406788890904,0.3454947484798231,100.0,100.0,5110,6372,4332,62,3,1372,0.01213307240704501,4.7080979284369113E-4,0.31671283471837486,0.6000000000000001,0.9,0.6000000000000001,0.1,40.0,60.0,30.0,0.6000000000000001,0.9,0.6000000000000001,0.1,40.0,60.0,30.0,1976,1786,190,1976,0.09615384615384616,1.0398855393930342,1.5,0.6932570262620228,626,0.3505039193729003,1.0,1
"iteration_4","SCOPE_DATA_COLLECTION",1400,52,3190.0,3250.0,0,7781,5966,1976,7735,6054,2025,7085,5418,1780,677,531,188,0.0872197887142489,0.08925869894099848,0.09552845528455285,0.370698775273831,0.6878429527707081,1.0343163881309076,0.741397550547662,0.6878429527707081,0.6895442587539384,0.3147494707127735,0.34828349944629017,0.34775280898876404,100.0,100.0,5117,6299,4307,59,8,1329,0.011530193472737933,0.0012700428639466582,0.3085674483399118,0.6000000000000001,0.9,0.6000000000000001,0.1,40.0,60.0,30.0,0.6000000000000001,0.9,0.6000000000000001,0.1,40.0,60.0,30.0,7895,6990,905,7895,0.11462951234958835,0.378978807650205,0.5,0.75795761530041,2215,0.3168812589413448,1.0,1
"iteration_4","SCOPE_DATA_COLLECTION",1400,52,3190.0,3250.0,1,7781,5966,1976,7735,6054,2025,7085,5418,1780,677,531,188,0.0872197887142489,0.08925869894099848,0.09552845528455285,0.370698775273831,0.6878429527707081,1.0343163881309076,0.741397550547662,0.6878429527707081,0.6895442587539384,0.3147494707127735,0.34828349944629017,0.34775280898876404,100.0,100.0,5117,6299,4307,59,8,1329,0.011530193472737933,0.0012700428639466582,0.3085674483399118,0.6000000000000001,0.9,0.6000000000000001,0.1,40.0,60.0,30.0,0.6000000000000001,0.9,0.6000000000000001,0.1,40.0,60.0,30.0,5944,5237,707,5944,0.11894347240915208,0.7152080663401104,1.0,0.7152080663401104,1865,0.3561199159824327,1.0,1
"iteration_4","SCOPE_DATA_COLLECTION",1400,52,3190.0,3250.0,2,7781,5966,1976,7735,6054,2025,7085,5418,1780,677,531,188,0.0872197887142489,0.08925869894099848,0.09552845528455285,0.370698775273831,0.6878429527707081,1.0343163881309076,0.741397550547662,0.6878429527707081,0.6895442587539384,0.3147494707127735,0.34828349944629017,0.34775280898876404,100.0,100.0,5117,6299,4307,59,8,1329,0.011530193472737933,0.0012700428639466582,0.3085674483399118,0.6000000000000001,0.9,0.6000000000000001,0.1,40.0,60.0,30.0,0.6000000000000001,0.9,0.6000000000000001,0.1,40.0,60.0,30.0,2173,1909,264,2173,0.12149102623101703,1.0607253629437157,1.5,0.7071502419624771,681,0.35673127291775797,1.0,1
"iteration_4","SCOPE_DATA_COLLECTION",1400,53,3250.0,3310.0,0,7895,5944,2173,7781,5966,1976,7024,5265,1909,906,715,266,0.11424968474148801,0.11956521739130435,0.12229885057471264,0.38323295863861384,0.7175824359124343,1.054822267699258,0.7664659172772277,0.7175824359124343,0.7032148451328387,0.3180523917995444,0.3568850902184236,0.3530644316396019,100.0,100.0,4998,6614,4400,63,8,1816,0.012605042016806723,0.0012095554883580285,0.4127272727272727,0.6000000000000001,0.9,0.6000000000000001,0.1,40.0,60.0,30.0,0.75,0.4,0.5,0.6000000000000001,95.0,45.0,90.0,7840,7796,44,7840,0.005612244897959183,0.3037599075135893,0.5,0.6075198150271786,1993,0.2556439199589533,1.0,1
"iteration_4","SCOPE_DATA_COLLECTION",1400,53,3250.0,3310.0,1,7895,5944,2173,7781,5966,1976,7024,5265,1909,906,715,266,0.11424968474148801,0.11956521739130435,0.12229885057471264,0.38323295863861384,0.7175824359124343,1.054822267699258,0.7664659172772277,0.7175824359124343,0.7032148451328387,0.3180523917995444,0.3568850902184236,0.3530644316396019,100.0,100.0,4998,6614,4400,63,8,1816,0.012605042016806723,0.0012095554883580285,0.4127272727272727,0.6000000000000001,0.9,0.6000000000000001,0.1,40.0,60.0,30.0,0.75,0.4,0.5,0.6000000000000001,95.0,45.0,90.0,5969,5909,60,5969,0.010051934997487017,0.6436708110548974,1.0,0.6436708110548974,1908,0.3228972753426976,1.0,1
"iteration_4","SCOPE_DATA_COLLECTION",1400,53,3250.0,3310.0,2,7895,5944,2173,7781,5966,1976,7024,5265,1909,906,715,266,0.11424968474148801,0.11956521739130435,0.12229885057471264,0.38323295863861384,0.7175824359124343,1.054822267699258,0.7664659172772277,0.7175824359124343,0.7032148451328387,0.3180523917995444,0.3568850902184236,0.3530644316396019,100.0,100.0,4998,6614,4400,63,8,1816,0.012605042016806723,0.0012095554883580285,0.4127272727272727,0.6000000000000001,0.9,0.6000000000000001,0.1,40.0,60.0,30.0,0.75,0.4,0.5,0.6000000000000001,95.0,45.0,90.0,2044,1986,58,2044,0.02837573385518591,0.9675241830667756,1.5,0.6450161220445171,612,0.3081570996978852,1.0,1
"iteration_4","SCOPE_DATA_COLLECTION",1400,54,3310.0,3370.0,0,7840,5969,2044,7895,5944,2173,7783,5899,1990,43,60,58,0.005494505494505495,0.010068803490518544,0.0283203125,0.3021246584006102,0.6413918101639337,0.9666078819556098,0.6042493168012204,0.6413918101639337,0.6444052546370732,0.25388667608891174,0.32208848957450414,0.30954773869346736,100.0,100.0,5247,7970,2636,138,5,18,0.026300743281875358,6.273525721455458E-4,0.006828528072837633,0.75,0.4,0.5,0.6000000000000001,95.0,45.0,90.0,0.75,0.9,0.8,0.9,80.0,60.0,70.0,7655,7630,25,7655,0.0032658393207054214,0.3170952521903051,0.5,0.6341905043806102,2031,0.26618610747051114,1.0,1
"iteration_4","SCOPE_DATA_COLLECTION",1400,54,3310.0,3370.0,1,7840,5969,2044,7895,5944,2173,7783,5899,1990,43,60,58,0.005494505494505495,0.010068803490518544,0.0283203125,0.3021246584006102,0.6413918101639337,0.9666078819556098,0.6042493168012204,0.6413918101639337,0.6444052546370732,0.25388667608891174,0.32208848957450414,0.30954773869346736,100.0,100.0,5247,7970,2636,138,5,18,0.026300743281875358,6.273525721455458E-4,0.006828528072837633,0.75,0.4,0.5,0.6000000000000001,95.0,45.0,90.0,0.75,0.9,0.8,0.9,80.0,60.0,70.0,6064,5980,84,6064,0.013852242744063324,0.6318673580606187,1.0,0.6318673580606187,1872,0.3130434782608696,1.0,1
"iteration_4","SCOPE_DATA_COLLECTION",1400,54,3310.0,3370.0,2,7840,5969,2044,7895,5944,2173,7783,5899,1990,43,60,58,0.005494505494505495,0.010068803490518544,0.0283203125,0.3021246584006102,0.6413918101639337,0.9666078819556098,0.6042493168012204,0.6413918101639337,0.6444052546370732,0.25388667608891174,0.32208848957450414,0.30954773869346736,100.0,100.0,5247,7970,2636,138,5,18,0.026300743281875358,6.273525721455458E-4,0.006828528072837633,0.75,0.4,0.5,0.6000000000000001,95.0,45.0,90.0,0.75,0.9,0.8,0.9,80.0,60.0,70.0,2075,2017,58,2075,0.027951807228915663,0.942390976097167,1.5,0.6282606507314447,591,0.29300941993059,1.0,1
"iteration_4","SCOPE_DATA_COLLECTION",1400,55,3370.0,3430.0,0,7655,6064,2075,7840,5969,2044,7628,5983,2019,26,84,58,0.00339691664489156,0.013845393110268667,0.027924891670678863,0.31736561581310413,0.6334992796989554,0.9503873311997092,0.6347312316262083,0.6334992796989554,0.6335915541331395,0.2666491872050341,0.3132207922446933,0.29618623080733036,97.5,100.0,5298,7855,2641,162,6,0,0.030577576443941108,7.638446849140675E-4,0.0,0.75,0.9,0.8,0.9,80.0,60.0,70.0,0.30000000000000004,0.6000000000000001,0.5,0.7000000000000001,85.0,55.0,55.0,7855,4265,3590,7855,0.4570337364735837,0.4584355093704078,0.5,0.9168710187408156,2020,0.47362250879249707,1.0,1
"iteration_4","SCOPE_DATA_COLLECTION",1400,55,3370.0,3430.0,1,7655,6064,2075,7840,5969,2044,7628,5983,2019,26,84,58,0.00339691664489156,0.013845393110268667,0.027924891670678863,0.31736561581310413,0.6334992796989554,0.9503873311997092,0.6347312316262083,0.6334992796989554,0.6335915541331395,0.2666491872050341,0.3132207922446933,0.29618623080733036,97.5,100.0,5298,7855,2641,162,6,0,0.030577576443941108,7.638446849140675E-4,0.0,0.75,0.9,0.8,0.9,80.0,60.0,70.0,0.30000000000000004,0.6000000000000001,0.5,0.7000000000000001,85.0,55.0,55.0,5973,3171,2802,5973,0.4691109994977398,0.9839538857843959,1.0,0.9839538857843959,1889,0.5957111321349732,1.0,1
"iteration_4","SCOPE_DATA_COLLECTION",1400,55,3370.0,3430.0,2,7655,6064,2075,7840,5969,2044,7628,5983,2019,26,84,58,0.00339691664489156,0.013845393110268667,0.027924891670678863,0.31736561581310413,0.6334992796989554,0.9503873311997092,0.6347312316262083,0.6334992796989554,0.6335915541331395,0.2666491872050341,0.3132207922446933,0.29618623080733036,97.5,100.0,5298,7855,2641,162,6,0,0.030577576443941108,7.638446849140675E-4,0.0,0.75,0.9,0.8,0.9,80.0,60.0,70.0,0.30000000000000004,0.6000000000000001,0.5,0.7000000000000001,85.0,55.0,55.0,2079,1067,1012,2079,0.48677248677248675,1.4806544391213992,1.5,0.9871029594142661,611,0.5726335520149953,1.0,1
"iteration_4","SCOPE_DATA_COLLECTION",1400,56,3430.0,3490.0,0,7855,5973,2079,7655,6064,2075,4265,3174,1074,3590,2802,1012,0.4570337364735837,0.46887550200803213,0.4851390220517737,0.45860045545511907,0.9815650937270561,1.47388876853771,0.9172009109102381,0.9815650937270561,0.9825925123584733,0.47362250879249707,0.593887838689351,0.5698324022346368,97.5,100.0,5254,3316,7337,117,2,7285,0.022268747620860296,6.031363088057901E-4,0.992912634591795,0.30000000000000004,0.6000000000000001,0.5,0.7000000000000001,85.0,55.0,55.0,0.2,0.6000000000000001,0.5,0.7000000000000001,95.0,55.0,45.0,7741,3571,4170,7741,0.5386900917194161,0.5099196703212917,0.5,1.0198393406425834,1914,0.5359843181181742,1.0,1
"iteration_4","SCOPE_DATA_COLLECTION",1400,56,3430.0,3490.0,1,7855,5973,2079,7655,6064,2075,4265,3174,1074,3590,2802,1012,0.4570337364735837,0.46887550200803213,0.4851390220517737,0.45860045545511907,0.9815650937270561,1.47388876853771,0.9172009109102381,0.9815650937270561,0.9825925123584733,0.47362250879249707,0.593887838689351,0.5698324022346368,97.5,100.0,5254,3316,7337,117,2,7285,0.022268747620860296,6.031363088057901E-4,0.992912634591795,0.30000000000000004,0.6000000000000001,0.5,0.7000000000000001,85.0,55.0,55.0,0.2,0.6000000000000001,0.5,0.7000000000000001,95.0,55.0,45.0,6016,2695,3321,6016,0.5520279255319149,1.0787470955255978,1.0,1.0787470955255978,1848,0.6857142857142857,1.0,1
"iteration_4","SCOPE_DATA_COLLECTION",1400,56,3430.0,3490.0,2,7855,5973,2079,7655,6064,2075,4265,3174,1074,3590,2802,1012,0.4570337364735837,0.46887550200803213,0.4851390220517737,0.45860045545511907,0.9815650937270561,1.47388876853771,0.9172009109102381,0.9815650937270561,0.9825925123584733,0.47362250879249707,0.593887838689351,0.5698324022346368,97.5,100.0,5254,3316,7337,117,2,7285,0.022268747620860296,6.031363088057901E-4,0.992912634591795,0.30000000000000004,0.6000000000000001,0.5,0.7000000000000001,85.0,55.0,55.0,0.2,0.6000000000000001,0.5,0.7000000000000001,95.0,55.0,45.0,1988,902,1086,1988,0.5462776659959758,1.6558705083890606,1.5,1.1039136722593736,594,0.6585365853658537,1.0,1
"iteration_4","SCOPE_DATA_COLLECTION",1400,57,3490.0,3550.0,0,7741,6016,1988,7855,5973,2079,3590,2706,901,4170,3320,1086,0.5373711340206185,0.5509459010952539,0.5465525918470056,0.5113379561635203,1.0826459961978503,1.6473500194887902,1.0226759123270406,1.0826459961978503,1.0982333463258602,0.5370473537604457,0.6873614190687362,0.6548279689234184,100.0,100.0,5228,2070,8447,129,0,8447,0.024674827850038255,0.0,1.0,0.2,0.6000000000000001,0.5,0.7000000000000001,95.0,55.0,45.0,0.1,0.7000000000000001,0.6000000000000001,0.7000000000000001,95.0,55.0,35.0,7907,3113,4794,7907,0.6062982167699507,0.5880058196996436,0.5,1.1760116393992872,1988,0.6386122711211051,1.0,1
"iteration_4","SCOPE_DATA_COLLECTION",1400,57,3490.0,3550.0,1,7741,6016,1988,7855,5973,2079,3590,2706,901,4170,3320,1086,0.5373711340206185,0.5509459010952539,0.5465525918470056,0.5113379561635203,1.0826459961978503,1.6473500194887902,1.0226759123270406,1.0826459961978503,1.0982333463258602,0.5370473537604457,0.6873614190687362,0.6548279689234184,100.0,100.0,5228,2070,8447,129,0,8447,0.024674827850038255,0.0,1.0,0.2,0.6000000000000001,0.5,0.7000000000000001,95.0,55.0,45.0,0.1,0.7000000000000001,0.6000000000000001,0.7000000000000001,95.0,55.0,35.0,5968,2360,3608,5968,0.6045576407506702,1.2483390768985374,1.0,1.2483390768985374,1867,0.7911016949152543,1.0,1
"iteration_4","SCOPE_DATA_COLLECTION",1400,57,3490.0,3550.0,2,7741,6016,1988,7855,5973,2079,3590,2706,901,4170,3320,1086,0.5373711340206185,0.5509459010952539,0.5465525918470056,0.5113379561635203,1.0826459961978503,1.6473500194887902,1.0226759123270406,1.0826459961978503,1.0982333463258602,0.5370473537604457,0.6873614190687362,0.6548279689234184,100.0,100.0,5228,2070,8447,129,0,8447,0.024674827850038255,0.0,1.0,0.2,0.6000000000000001,0.5,0.7000000000000001,95.0,55.0,45.0,0.1,0.7000000000000001,0.6000000000000001,0.7000000000000001,95.0,55.0,35.0,2109,750,1359,2109,0.6443812233285917,1.9441499691355937,1.5,1.2960999794237291,605,0.8066666666666666,1.0,1
"iteration_4","SCOPE_DATA_COLLECTION",1400,58,3550.0,3619.062508726095,0,7907,5968,2109,7741,6016,1988,3112,2352,746,4794,3609,1359,0.6063749051353402,0.6054353296426774,0.645605700712589,0.5870186061806774,1.2424253336626154,1.9496740948932696,1.1740372123613547,1.2424253336626154,1.2997827299288465,0.637853470437018,0.7891156462585034,0.8083109919571045,100.0,100.0,5270,1091,9623,138,1,9623,0.026185958254269448,9.165902841429881E-4,1.0,0.1,0.7000000000000001,0.6000000000000001,0.7000000000000001,95.0,55.0,35.0,0.1,0.8,0.6000000000000001,0.8,95.0,65.0,35.0,6550,2571,3942,6513,0.605251036388761,0.6068864099083714,0.5,1.2137728198167428,1728,0.6721120186697783,0.9943511450381679,0
"iteration_4","SCOPE_DATA_COLLECTION",1400,58,3550.0,3619.062508726095,1,7907,5968,2109,7741,6016,1988,3112,2352,746,4794,3609,1359,0.6063749051353402,0.6054353296426774,0.645605700712589,0.5870186061806774,1.2424253336626154,1.9496740948932696,1.1740372123613547,1.2424253336626154,1.2997827299288465,0.637853470437018,0.7891156462585034,0.8083109919571045,100.0,100.0,5270,1091,9623,138,1,9623,0.026185958254269448,9.165902841429881E-4,1.0,0.1,0.7000000000000001,0.6000000000000001,0.7000000000000001,95.0,55.0,35.0,0.1,0.8,0.6000000000000001,0.8,95.0,65.0,35.0,4950,1879,3027,4906,0.6169995923359152,1.2727142794158102,1.0,1.2727142794158102,1488,0.7919105907397552,0.9911111111111112,0
"iteration_4","SCOPE_DATA_COLLECTION",1400,58,3550.0,3619.062508726095,2,7907,5968,2109,7741,6016,1988,3112,2352,746,4794,3609,1359,0.6063749051353402,0.6054353296426774,0.645605700712589,0.5870186061806774,1.2424253336626154,1.9496740948932696,1.1740372123613547,1.2424253336626154,1.2997827299288465,0.637853470437018,0.7891156462585034,0.8083109919571045,100.0,100.0,5270,1091,9623,138,1,9623,0.026185958254269448,9.165902841429881E-4,1.0,0.1,0.7000000000000001,0.6000000000000001,0.7000000000000001,95.0,55.0,35.0,0.1,0.8,0.6000000000000001,0.8,95.0,65.0,35.0,1738,611,1096,1707,0.6420620972466315,2.0050748092957433,1.5,1.3367165395304956,505,0.8265139116202946,0.9821634062140391,0
"iteration_4","SCOPE_DATA_COLLECTION",1500,0,70.0,130.0,0,8173,5248,2101,0,0,0,7545,4758,1828,555,404,230,0.06851851851851852,0.07826423866718327,0.11175898931000972,0.3614102077073517,0.68965796274706,1.0369463925948534,0.7228204154147034,0.68965796274706,0.6912975950632356,0.2963552021206097,0.34405212274064734,0.337527352297593,100.0,100.0,5230,6180,4112,139,5,1045,0.026577437858508603,8.090614886731392E-4,0.25413424124513617,0.6,0.5,0.7,0.4,85.0,80.0,90.0,0.8,0.6000000000000001,0.6000000000000001,0.5,85.0,70.0,25.0,9287,9243,44,9287,0.004737805534618284,0.31809048142023777,0.5,0.6361809628404755,2435,0.2634426052147571,1.0,1
"iteration_4","SCOPE_DATA_COLLECTION",1500,0,70.0,130.0,1,8173,5248,2101,0,0,0,7545,4758,1828,555,404,230,0.06851851851851852,0.07826423866718327,0.11175898931000972,0.3614102077073517,0.68965796274706,1.0369463925948534,0.7228204154147034,0.68965796274706,0.6912975950632356,0.2963552021206097,0.34405212274064734,0.337527352297593,100.0,100.0,5230,6180,4112,139,5,1045,0.026577437858508603,8.090614886731392E-4,0.25413424124513617,0.6,0.5,0.7,0.4,85.0,80.0,90.0,0.8,0.6000000000000001,0.6000000000000001,0.5,85.0,70.0,25.0,5792,5711,81,5792,0.013984806629834255,0.646695815280474,1.0,0.646695815280474,1798,0.3148310278410086,1.0,1
"iteration_4","SCOPE_DATA_COLLECTION",1500,0,70.0,130.0,2,8173,5248,2101,0,0,0,7545,4758,1828,555,404,230,0.06851851851851852,0.07826423866718327,0.11175898931000972,0.3614102077073517,0.68965796274706,1.0369463925948534,0.7228204154147034,0.68965796274706,0.6912975950632356,0.2963552021206097,0.34405212274064734,0.337527352297593,100.0,100.0,5230,6180,4112,139,5,1045,0.026577437858508603,8.090614886731392E-4,0.25413424124513617,0.6,0.5,0.7,0.4,85.0,80.0,90.0,0.8,0.6000000000000001,0.6000000000000001,0.5,85.0,70.0,25.0,2203,2127,76,2203,0.03449841125737631,0.9510007367478974,1.5,0.6340004911652649,611,0.28725905030559473,1.0,1
"iteration_4","SCOPE_DATA_COLLECTION",1500,1,130.0,190.0,0,9287,5792,2203,8173,5248,2101,9272,5730,2132,45,85,79,0.004829880862938714,0.014617368873602751,0.03573043871551334,0.3253666342867791,0.6557473079163852,0.9586581032283247,0.6507332685735582,0.6557473079163852,0.6391054021522165,0.2653149266609146,0.3174520069808028,0.2903377110694184,95.0,100.0,5558,9358,2366,178,4,27,0.032025908600215904,4.2744176106005556E-4,0.011411665257819104,0.8,0.6000000000000001,0.6000000000000001,0.5,85.0,70.0,25.0,0.25,0.30000000000000004,0.8,0.4,20.0,45.0,80.0,9087,4515,4572,9087,0.5031363486299109,0.4839809381839814,0.5,0.9679618763679628,2308,0.5111849390919159,1.0,1
"iteration_4","SCOPE_DATA_COLLECTION",1500,1,130.0,190.0,1,9287,5792,2203,8173,5248,2101,9272,5730,2132,45,85,79,0.004829880862938714,0.014617368873602751,0.03573043871551334,0.3253666342867791,0.6557473079163852,0.9586581032283247,0.6507332685735582,0.6557473079163852,0.6391054021522165,0.2653149266609146,0.3174520069808028,0.2903377110694184,95.0,100.0,5558,9358,2366,178,4,27,0.032025908600215904,4.2744176106005556E-4,0.011411665257819104,0.8,0.6000000000000001,0.6000000000000001,0.5,85.0,70.0,25.0,0.25,0.30000000000000004,0.8,0.4,20.0,45.0,80.0,5870,2898,2972,5870,0.5063032367972743,1.0357178186723728,1.0,1.0357178186723728,1773,0.6118012422360248,1.0,1
"iteration_4","SCOPE_DATA_COLLECTION",1500,1,130.0,190.0,2,9287,5792,2203,8173,5248,2101,9272,5730,2132,45,85,79,0.004829880862938714,0.014617368873602751,0.03573043871551334,0.3253666342867791,0.6557473079163852,0.9586581032283247,0.6507332685735582,0.6557473079163852,0.6391054021522165,0.2653149266609146,0.3174520069808028,0.2903377110694184,95.0,100.0,5558,9358,2366,178,4,27,0.032025908600215904,4.2744176106005556E-4,0.011411665257819104,0.8,0.6000000000000001,0.6000000000000001,0.5,85.0,70.0,25.0,0.25,0.30000000000000004,0.8,0.4,20.0,45.0,80.0,2291,1079,1212,2291,0.5290266259275426,1.5499056386349204,1.5,1.0332704257566137,643,0.5959221501390176,1.0,1
"iteration_4","SCOPE_DATA_COLLECTION",1500,2,190.0,250.0,0,9087,5870,2291,9287,5792,2203,4523,2910,1084,4572,2973,1212,0.502693787795492,0.5053544110147884,0.5278745644599303,0.48378578539022843,1.0294104946169769,1.5352917863283737,0.9675715707804569,1.0294104946169769,1.023527857552249,0.5111651558699978,0.6079037800687285,0.5876383763837638,95.0,100.0,5472,3009,8767,148,6,8603,0.027046783625730993,0.0019940179461615153,0.9812934869396601,0.25,0.30000000000000004,0.8,0.4,20.0,45.0,80.0,0.55,0.4,0.2,0.4,20.0,80.0,95.0,9141,7150,1991,9141,0.21780986762936222,0.3949590688164467,0.5,0.7899181376328934,2471,0.3455944055944056,1.0,1
"iteration_4","SCOPE_DATA_COLLECTION",1500,2,190.0,250.0,1,9087,5870,2291,9287,5792,2203,4523,2910,1084,4572,2973,1212,0.502693787795492,0.5053544110147884,0.5278745644599303,0.48378578539022843,1.0294104946169769,1.5352917863283737,0.9675715707804569,1.0294104946169769,1.023527857552249,0.5111651558699978,0.6079037800687285,0.5876383763837638,95.0,100.0,5472,3009,8767,148,6,8603,0.027046783625730993,0.0019940179461615153,0.9812934869396601,0.25,0.30000000000000004,0.8,0.4,20.0,45.0,80.0,0.55,0.4,0.2,0.4,20.0,80.0,95.0,5897,4541,1356,5897,0.22994743089706632,0.7313588718831101,1.0,0.7313588718831101,1743,0.38383615943624755,1.0,1
"iteration_4","SCOPE_DATA_COLLECTION",1500,2,190.0,250.0,2,9087,5870,2291,9287,5792,2203,4523,2910,1084,4572,2973,1212,0.502693787795492,0.5053544110147884,0.5278745644599303,0.48378578539022843,1.0294104946169769,1.5352917863283737,0.9675715707804569,1.0294104946169769,1.023527857552249,0.5111651558699978,0.6079037800687285,0.5876383763837638,95.0,100.0,5472,3009,8767,148,6,8603,0.027046783625730993,0.0019940179461615153,0.9812934869396601,0.25,0.30000000000000004,0.8,0.4,20.0,45.0,80.0,0.55,0.4,0.2,0.4,20.0,80.0,95.0,2300,1703,597,2300,0.25956521739130434,1.1530599483292374,1.5,0.7687066322194916,666,0.39107457428068115,1.0,1
"iteration_4","SCOPE_DATA_COLLECTION",1500,3,250.0,310.0,0,9141,5897,2300,9087,5870,2291,7126,4531,1703,1991,1356,597,0.2183832401009104,0.23033803295396638,0.25956521739130434,0.3910836458221663,0.7322389889143438,1.154950460251295,0.7821672916443326,0.7322389889143438,0.7699669735008633,0.34367106371035644,0.38446259103950564,0.39166177334116264,100.0,100.0,5331,6670,5337,105,5,3834,0.019696117051209903,7.496251874062968E-4,0.718381112984823,0.55,0.4,0.2,0.4,20.0,80.0,95.0,0.65,0.4,0.1,0.30000000000000004,20.0,70.0,95.0,8999,8548,451,8999,0.05011667963107012,0.3358978081832726,0.5,0.6717956163665452,2383,0.2787786616752457,1.0,1
"iteration_4","SCOPE_DATA_COLLECTION",1500,3,250.0,310.0,1,9141,5897,2300,9087,5870,2291,7126,4531,1703,1991,1356,597,0.2183832401009104,0.23033803295396638,0.25956521739130434,0.3910836458221663,0.7322389889143438,1.154950460251295,0.7821672916443326,0.7322389889143438,0.7699669735008633,0.34367106371035644,0.38446259103950564,0.39166177334116264,100.0,100.0,5331,6670,5337,105,5,3834,0.019696117051209903,7.496251874062968E-4,0.718381112984823,0.55,0.4,0.2,0.4,20.0,80.0,95.0,0.65,0.4,0.1,0.30000000000000004,20.0,70.0,95.0,5864,5598,266,5864,0.04536152796725784,0.6071394335681004,1.0,0.6071394335681004,1709,0.30528760271525546,1.0,1
"iteration_4","SCOPE_DATA_COLLECTION",1500,3,250.0,310.0,2,9141,5897,2300,9087,5870,2291,7126,4531,1703,1991,1356,597,0.2183832401009104,0.23033803295396638,0.25956521739130434,0.3910836458221663,0.7322389889143438,1.154950460251295,0.7821672916443326,0.7322389889143438,0.7699669735008633,0.34367106371035644,0.38446259103950564,0.39166177334116264,100.0,100.0,5331,6670,5337,105,5,3834,0.019696117051209903,7.496251874062968E-4,0.718381112984823,0.55,0.4,0.2,0.4,20.0,80.0,95.0,0.65,0.4,0.1,0.30000000000000004,20.0,70.0,95.0,2264,2126,138,2264,0.060954063604240286,1.008404174753237,1.5,0.6722694498354914,686,0.32267168391345247,1.0,1
"iteration_4","SCOPE_DATA_COLLECTION",1500,4,310.0,370.0,0,8999,5864,2264,9141,5897,2300,8547,5584,2122,451,266,138,0.05012224938875306,0.04547008547008547,0.061061946902654866,0.3390696314207498,0.6098695005109519,1.009984808671169,0.6781392628414996,0.6098695005109519,0.6733232057807793,0.27963027963027964,0.3056948424068768,0.323751178133836,100.0,100.0,5207,7800,4120,61,13,781,0.011714999039754178,0.0016666666666666668,0.18956310679611652,0.65,0.4,0.1,0.30000000000000004,20.0,70.0,95.0,0.65,0.4,0.1,0.2,30.0,60.0,95.0,9137,8777,360,9137,0.03940024077924921,0.34557011672122695,0.5,0.6911402334424539,2389,0.2721886749458813,1.0,1
"iteration_4","SCOPE_DATA_COLLECTION",1500,4,310.0,370.0,1,8999,5864,2264,9141,5897,2300,8547,5584,2122,451,266,138,0.05012224938875306,0.04547008547008547,0.061061946902654866,0.3390696314207498,0.6098695005109519,1.009984808671169,0.6781392628414996,0.6098695005109519,0.6733232057807793,0.27963027963027964,0.3056948424068768,0.323751178133836,100.0,100.0,5207,7800,4120,61,13,781,0.011714999039754178,0.0016666666666666668,0.18956310679611652,0.65,0.4,0.1,0.30000000000000004,20.0,70.0,95.0,0.65,0.4,0.1,0.2,30.0,60.0,95.0,5852,5597,255,5852,0.043574846206425155,0.6280746856400466,1.0,0.6280746856400466,1779,0.31784884759692694,1.0,1
"iteration_4","SCOPE_DATA_COLLECTION",1500,4,310.0,370.0,2,8999,5864,2264,9141,5897,2300,8547,5584,2122,451,266,138,0.05012224938875306,0.04547008547008547,0.061061946902654866,0.3390696314207498,0.6098695005109519,1.009984808671169,0.6781392628414996,0.6098695005109519,0.6733232057807793,0.27963027963027964,0.3056948424068768,0.323751178133836,100.0,100.0,5207,7800,4120,61,13,781,0.011714999039754178,0.0016666666666666668,0.18956310679611652,0.65,0.4,0.1,0.30000000000000004,20.0,70.0,95.0,0.65,0.4,0.1,0.2,30.0,60.0,95.0,2208,2098,110,2208,0.049818840579710144,1.015791617422898,1.5,0.6771944116152654,675,0.3217349857006673,1.0,1
"iteration_4","SCOPE_DATA_COLLECTION",1500,5,370.0,430.0,0,9137,5852,2208,8999,5864,2264,8761,5601,2096,360,255,110,0.039469356430215985,0.043545081967213115,0.04986400725294651,0.3357742686240942,0.6182639856884068,1.0099425775245483,0.6715485372481884,0.6182639856884068,0.6732950516830322,0.2716584864741468,0.31708623460096413,0.321087786259542,100.0,100.0,5296,7791,4110,49,11,665,0.00925226586102719,0.0014118855089205495,0.16180048661800486,0.65,0.4,0.1,0.2,30.0,60.0,95.0,0.2,0.5,0.2,0.9,50.0,25.0,40.0,9056,4148,4908,9056,0.5419611307420494,0.5148996901611728,0.5,1.0297993803223455,2299,0.5542430086788814,1.0,1
"iteration_4","SCOPE_DATA_COLLECTION",1500,5,370.0,430.0,1,9137,5852,2208,8999,5864,2264,8761,5601,2096,360,255,110,0.039469356430215985,0.043545081967213115,0.04986400725294651,0.3357742686240942,0.6182639856884068,1.0099425775245483,0.6715485372481884,0.6182639856884068,0.6732950516830322,0.2716584864741468,0.31708623460096413,0.321087786259542,100.0,100.0,5296,7791,4110,49,11,665,0.00925226586102719,0.0014118855089205495,0.16180048661800486,0.65,0.4,0.1,0.2,30.0,60.0,95.0,0.2,0.5,0.2,0.9,50.0,25.0,40.0,5711,2488,3223,5711,0.5643495009630538,1.0452756951575086,1.0,1.0452756951575086,1701,0.6836816720257235,1.0,1
"iteration_4","SCOPE_DATA_COLLECTION",1500,5,370.0,430.0,2,9137,5852,2208,8999,5864,2264,8761,5601,2096,360,255,110,0.039469356430215985,0.043545081967213115,0.04986400725294651,0.3357742686240942,0.6182639856884068,1.0099425775245483,0.6715485372481884,0.6182639856884068,0.6732950516830322,0.2716584864741468,0.31708623460096413,0.321087786259542,100.0,100.0,5296,7791,4110,49,11,665,0.00925226586102719,0.0014118855089205495,0.16180048661800486,0.65,0.4,0.1,0.2,30.0,60.0,95.0,0.2,0.5,0.2,0.9,50.0,25.0,40.0,2234,958,1276,2234,0.5711727842435094,1.6755295475126297,1.5,1.117019698341753,645,0.673277661795407,1.0,1
"iteration_4","SCOPE_DATA_COLLECTION",1500,6,430.0,490.0,0,9056,5711,2234,9137,5852,2208,4177,2518,961,4908,3223,1276,0.540231150247661,0.5614004528827731,0.5704067948144836,0.5317512953072063,1.063845197092035,1.6740298489964742,1.0635025906144127,1.063845197092035,1.116019899330983,0.5520708642566435,0.6838760921366164,0.668054110301769,100.0,100.0,5368,2284,9349,119,0,9288,0.022168405365126678,0.0,0.9934752379933682,0.2,0.5,0.2,0.9,50.0,25.0,40.0,0.2,0.5,0.2,0.9,50.0,25.0,40.0,9049,3927,5122,9049,0.5660293955133164,0.5134089515451409,0.5,1.0268179030902818,2178,0.5546218487394958,1.0,1
"iteration_4","SCOPE_DATA_COLLECTION",1500,6,430.0,490.0,1,9056,5711,2234,9137,5852,2208,4177,2518,961,4908,3223,1276,0.540231150247661,0.5614004528827731,0.5704067948144836,0.5317512953072063,1.063845197092035,1.6740298489964742,1.0635025906144127,1.063845197092035,1.116019899330983,0.5520708642566435,0.6838760921366164,0.668054110301769,100.0,100.0,5368,2284,9349,119,0,9288,0.022168405365126678,0.0,0.9934752379933682,0.2,0.5,0.2,0.9,50.0,25.0,40.0,0.2,0.5,0.2,0.9,50.0,25.0,40.0,5820,2565,3255,5820,0.5592783505154639,1.0220465631828735,1.0,1.0220465631828735,1719,0.6701754385964912,1.0,1
"iteration_4","SCOPE_DATA_COLLECTION",1500,6,430.0,490.0,2,9056,5711,2234,9137,5852,2208,4177,2518,961,4908,3223,1276,0.540231150247661,0.5614004528827731,0.5704067948144836,0.5317512953072063,1.063845197092035,1.6740298489964742,1.0635025906144127,1.063845197092035,1.116019899330983,0.5520708642566435,0.6838760921366164,0.668054110301769,100.0,100.0,5368,2284,9349,119,0,9288,0.022168405365126678,0.0,0.9934752379933682,0.2,0.5,0.2,0.9,50.0,25.0,40.0,0.2,0.5,0.2,0.9,50.0,25.0,40.0,2247,959,1288,2247,0.573208722741433,1.6750668793703838,1.5,1.1167112529135892,642,0.6694473409801877,1.0,1
"iteration_4","SCOPE_DATA_COLLECTION",1500,7,490.0,550.0,0,9049,5820,2247,9056,5711,2234,3948,2562,959,5122,3255,1288,0.5647188533627343,0.5595667870036101,0.573208722741433,0.5164707278276575,1.0216720550907799,1.6759354914932412,1.032941455655315,1.0216720550907799,1.1172903276621609,0.5574974670719351,0.6709601873536299,0.6694473409801877,100.0,100.0,5201,2336,9579,85,1,9579,0.01634301095943088,4.280821917808219E-4,1.0,0.2,0.5,0.2,0.9,50.0,25.0,40.0,0.2,0.5,0.2,0.9,50.0,25.0,40.0,9037,3971,5066,9037,0.5605842646896094,0.5163535702698725,0.5,1.032707140539745,2194,0.5525056660790733,1.0,1
"iteration_4","SCOPE_DATA_COLLECTION",1500,7,490.0,550.0,1,9049,5820,2247,9056,5711,2234,3948,2562,959,5122,3255,1288,0.5647188533627343,0.5595667870036101,0.573208722741433,0.5164707278276575,1.0216720550907799,1.6759354914932412,1.032941455655315,1.0216720550907799,1.1172903276621609,0.5574974670719351,0.6709601873536299,0.6694473409801877,100.0,100.0,5201,2336,9579,85,1,9579,0.01634301095943088,4.280821917808219E-4,1.0,0.2,0.5,0.2,0.9,50.0,25.0,40.0,0.2,0.5,0.2,0.9,50.0,25.0,40.0,5939,2604,3335,5939,0.5615423471964978,1.0037034320321376,1.0,1.0037034320321376,1671,0.6417050691244239,1.0,1
"iteration_4","SCOPE_DATA_COLLECTION",1500,7,490.0,550.0,2,9049,5820,2247,9056,5711,2234,3948,2562,959,5122,3255,1288,0.5647188533627343,0.5595667870036101,0.573208722741433,0.5164707278276575,1.0216720550907799,1.6759354914932412,1.032941455655315,1.0216720550907799,1.1172903276621609,0.5574974670719351,0.6709601873536299,0.6694473409801877,100.0,100.0,5201,2336,9579,85,1,9579,0.01634301095943088,4.280821917808219E-4,1.0,0.2,0.5,0.2,0.9,50.0,25.0,40.0,0.2,0.5,0.2,0.9,50.0,25.0,40.0,2249,961,1288,2249,0.5726989773232548,1.7433985624341555,1.5,1.162265708289437,671,0.6982310093652445,1.0,1
"iteration_4","SCOPE_DATA_COLLECTION",1500,8,550.0,610.0,0,9037,5939,2249,9049,5820,2247,3955,2591,964,5066,3335,1288,0.561578538964638,0.5627742153223084,0.5719360568383659,0.5153675146141216,0.9970460803455945,1.737356840577513,1.0307350292282431,0.9970460803455945,1.158237893718342,0.5514538558786346,0.6383635661906599,0.6970954356846473,100.0,100.0,5262,2385,9578,109,2,9578,0.02071455720258457,8.385744234800838E-4,1.0,0.2,0.5,0.2,0.9,50.0,25.0,40.0,0.1,0.4,0.6000000000000001,0.8,70.0,35.0,55.0,8993,3372,5621,8993,0.6250416990992994,0.5957727045582455,0.5,1.191545409116491,2207,0.6545077105575327,1.0,1
"iteration_4","SCOPE_DATA_COLLECTION",1500,8,550.0,610.0,1,9037,5939,2249,9049,5820,2247,3955,2591,964,5066,3335,1288,0.561578538964638,0.5627742153223084,0.5719360568383659,0.5153675146141216,0.9970460803455945,1.737356840577513,1.0307350292282431,0.9970460803455945,1.158237893718342,0.5514538558786346,0.6383635661906599,0.6970954356846473,100.0,100.0,5262,2385,9578,109,2,9578,0.02071455720258457,8.385744234800838E-4,1.0,0.2,0.5,0.2,0.9,50.0,25.0,40.0,0.1,0.4,0.6000000000000001,0.8,70.0,35.0,55.0,5966,2262,3704,5966,0.6208514917867918,1.3016827491005074,1.0,1.3016827491005074,1823,0.8059239610963749,1.0,1
"iteration_4","SCOPE_DATA_COLLECTION",1500,8,550.0,610.0,2,9037,5939,2249,9049,5820,2247,3955,2591,964,5066,3335,1288,0.561578538964638,0.5627742153223084,0.5719360568383659,0.5153675146141216,0.9970460803455945,1.737356840577513,1.0307350292282431,0.9970460803455945,1.158237893718342,0.5514538558786346,0.6383635661906599,0.6970954356846473,100.0,100.0,5262,2385,9578,109,2,9578,0.02071455720258457,8.385744234800838E-4,1.0,0.2,0.5,0.2,0.9,50.0,25.0,40.0,0.1,0.4,0.6000000000000001,0.8,70.0,35.0,55.0,2251,786,1465,2251,0.6508218569524655,1.937636163896727,1.5,1.291757442597818,624,0.7938931297709924,1.0,1
"iteration_4","SCOPE_DATA_COLLECTION",1500,9,610.0,670.0,0,8993,5966,2251,9037,5939,2249,3373,2264,791,5621,3704,1465,0.6249722036913498,0.6206434316353887,0.6493794326241135,0.5962058069206068,1.298060748783766,1.943823101987104,1.1924116138412135,1.298060748783766,1.2958820679914027,0.6528313074414468,0.8052120141342756,0.7964601769911505,100.0,100.0,5423,1170,10617,172,1,10617,0.03171676193988567,8.547008547008547E-4,1.0,0.1,0.4,0.6000000000000001,0.8,70.0,35.0,55.0,0.75,0.1,0.30000000000000004,0.1,20.0,75.0,40.0,9059,9016,43,9059,0.0047466607793354675,0.27220010557025714,0.5,0.5444002111405143,1804,0.20008873114463177,1.0,1
"iteration_4","SCOPE_DATA_COLLECTION",1500,9,610.0,670.0,1,8993,5966,2251,9037,5939,2249,3373,2264,791,5621,3704,1465,0.6249722036913498,0.6206434316353887,0.6493794326241135,0.5962058069206068,1.298060748783766,1.943823101987104,1.1924116138412135,1.298060748783766,1.2958820679914027,0.6528313074414468,0.8052120141342756,0.7964601769911505,100.0,100.0,5423,1170,10617,172,1,10617,0.03171676193988567,8.547008547008547E-4,1.0,0.1,0.4,0.6000000000000001,0.8,70.0,35.0,55.0,0.75,0.1,0.30000000000000004,0.1,20.0,75.0,40.0,5828,5786,42,5828,0.007206588881262869,0.6039201550862471,1.0,0.6039201550862471,1713,0.2960594538541307,1.0,1
"iteration_4","SCOPE_DATA_COLLECTION",1500,9,610.0,670.0,2,8993,5966,2251,9037,5939,2249,3373,2264,791,5621,3704,1465,0.6249722036913498,0.6206434316353887,0.6493794326241135,0.5962058069206068,1.298060748783766,1.943823101987104,1.1924116138412135,1.298060748783766,1.2958820679914027,0.6528313074414468,0.8052120141342756,0.7964601769911505,100.0,100.0,5423,1170,10617,172,1,10617,0.03171676193988567,8.547008547008547E-4,1.0,0.1,0.4,0.6000000000000001,0.8,70.0,35.0,55.0,0.75,0.1,0.30000000000000004,0.1,20.0,75.0,40.0,2317,2290,27,2317,0.011652999568407424,0.963080779807414,1.5,0.6420538532049427,718,0.31353711790393013,1.0,1
"iteration_4","SCOPE_DATA_COLLECTION",1500,10,670.0,730.0,0,9059,5828,2317,8993,5966,2251,9023,5797,2282,43,41,27,0.004742995808515332,0.007022953066118534,0.01169337375487224,0.2737689288521152,0.6087767420739544,0.9681901443402349,0.5475378577042304,0.6087767420739544,0.6454600962268232,0.2028150282611105,0.2980852164912886,0.31463628396143734,95.0,100.0,5256,8977,2971,52,8,51,0.00989345509893455,8.911663139133341E-4,0.01716593739481656,0.75,0.1,0.30000000000000004,0.1,20.0,75.0,40.0,0.25,0.4,0.2,0.1,65.0,50.0,95.0,9211,4363,4848,9211,0.5263272174573879,0.46745425090320447,0.5,0.9349085018064089,2184,0.5005730002292,1.0,1
"iteration_4","SCOPE_DATA_COLLECTION",1500,10,670.0,730.0,1,9059,5828,2317,8993,5966,2251,9023,5797,2282,43,41,27,0.004742995808515332,0.007022953066118534,0.01169337375487224,0.2737689288521152,0.6087767420739544,0.9681901443402349,0.5475378577042304,0.6087767420739544,0.6454600962268232,0.2028150282611105,0.2980852164912886,0.31463628396143734,95.0,100.0,5256,8977,2971,52,8,51,0.00989345509893455,8.911663139133341E-4,0.01716593739481656,0.75,0.1,0.30000000000000004,0.1,20.0,75.0,40.0,0.25,0.4,0.2,0.1,65.0,50.0,95.0,5843,2761,3082,5843,0.5274687660448399,0.9479116890696537,1.0,0.9479116890696537,1682,0.6091995653748642,1.0,1
"iteration_4","SCOPE_DATA_COLLECTION",1500,10,670.0,730.0,2,9059,5828,2317,8993,5966,2251,9023,5797,2282,43,41,27,0.004742995808515332,0.007022953066118534,0.01169337375487224,0.2737689288521152,0.6087767420739544,0.9681901443402349,0.5475378577042304,0.6087767420739544,0.6454600962268232,0.2028150282611105,0.2980852164912886,0.31463628396143734,95.0,100.0,5256,8977,2971,52,8,51,0.00989345509893455,8.911663139133341E-4,0.01716593739481656,0.75,0.1,0.30000000000000004,0.1,20.0,75.0,40.0,0.25,0.4,0.2,0.1,65.0,50.0,95.0,2221,1023,1198,2221,0.5393966681674921,1.5408115152201454,1.5,1.0272076768134302,659,0.6441837732160313,1.0,1
"iteration_4","SCOPE_DATA_COLLECTION",1500,11,730.0,790.0,0,9211,5843,2221,9059,5828,2317,4377,2761,1029,4848,3083,1198,0.5255284552845528,0.5275496235455168,0.5379434216434665,0.466709918734122,0.94863121602509,1.5289036642931766,0.933419837468244,0.94863121602509,1.0192691095287845,0.4994288325336989,0.6081130025353133,0.6384839650145773,100.0,100.0,5119,3002,9154,32,4,9093,0.006251220941590154,0.0013324450366422385,0.9933362464496395,0.25,0.4,0.2,0.1,65.0,50.0,95.0,0.15000000000000002,0.5,0.8,0.1,70.0,20.0,45.0,9078,3691,5387,9078,0.5934126459572593,0.5702510270383615,0.5,1.140502054076723,2271,0.6152804118125169,1.0,1
"iteration_4","SCOPE_DATA_COLLECTION",1500,11,730.0,790.0,1,9211,5843,2221,9059,5828,2317,4377,2761,1029,4848,3083,1198,0.5255284552845528,0.5275496235455168,0.5379434216434665,0.466709918734122,0.94863121602509,1.5289036642931766,0.933419837468244,0.94863121602509,1.0192691095287845,0.4994288325336989,0.6081130025353133,0.6384839650145773,100.0,100.0,5119,3002,9154,32,4,9093,0.006251220941590154,0.0013324450366422385,0.9933362464496395,0.25,0.4,0.2,0.1,65.0,50.0,95.0,0.15000000000000002,0.5,0.8,0.1,70.0,20.0,45.0,5778,2264,3514,5778,0.6081689165801315,1.1466352537483706,1.0,1.1466352537483706,1586,0.700530035335689,1.0,1
"iteration_4","SCOPE_DATA_COLLECTION",1500,11,730.0,790.0,2,9211,5843,2221,9059,5828,2317,4377,2761,1029,4848,3083,1198,0.5255284552845528,0.5275496235455168,0.5379434216434665,0.466709918734122,0.94863121602509,1.5289036642931766,0.933419837468244,0.94863121602509,1.0192691095287845,0.4994288325336989,0.6081130025353133,0.6384839650145773,100.0,100.0,5119,3002,9154,32,4,9093,0.006251220941590154,0.0013324450366422385,0.9933362464496395,0.25,0.4,0.2,0.1,65.0,50.0,95.0,0.15000000000000002,0.5,0.8,0.1,70.0,20.0,45.0,2270,931,1339,2270,0.5898678414096916,1.7458573982217718,1.5,1.1639049321478478,698,0.7497314715359829,1.0,1
"iteration_4","SCOPE_DATA_COLLECTION",1500,12,790.0,850.0,0,9078,5778,2270,9211,5843,2221,3679,2265,928,5387,3514,1339,0.5941981028016766,0.608063678837169,0.5906484340538156,0.5691033574610195,1.1448018685635397,1.7481735334409454,1.138206714922039,1.1448018685635397,1.1654490222939635,0.6123946724653438,0.7002207505518764,0.7489224137931034,97.5,100.0,5142,1807,10177,63,0,10177,0.012252042007001166,0.0,1.0,0.15000000000000002,0.5,0.8,0.1,70.0,20.0,45.0,0.15000000000000002,0.5,0.7000000000000001,0.1,70.0,30.0,45.0,9087,3779,5308,9087,0.5841311764058545,0.566008068907658,0.5,1.132016137815316,2326,0.6155067478168827,1.0,1
"iteration_4","SCOPE_DATA_COLLECTION",1500,12,790.0,850.0,1,9078,5778,2270,9211,5843,2221,3679,2265,928,5387,3514,1339,0.5941981028016766,0.608063678837169,0.5906484340538156,0.5691033574610195,1.1448018685635397,1.7481735334409454,1.138206714922039,1.1448018685635397,1.1654490222939635,0.6123946724653438,0.7002207505518764,0.7489224137931034,97.5,100.0,5142,1807,10177,63,0,10177,0.012252042007001166,0.0,1.0,0.15000000000000002,0.5,0.8,0.1,70.0,20.0,45.0,0.15000000000000002,0.5,0.7000000000000001,0.1,70.0,30.0,45.0,5922,2394,3528,5922,0.5957446808510638,1.1621048325096777,1.0,1.1621048325096777,1700,0.7101086048454469,1.0,1
"iteration_4","SCOPE_DATA_COLLECTION",1500,12,790.0,850.0,2,9078,5778,2270,9211,5843,2221,3679,2265,928,5387,3514,1339,0.5941981028016766,0.608063678837169,0.5906484340538156,0.5691033574610195,1.1448018685635397,1.7481735334409454,1.138206714922039,1.1448018685635397,1.1654490222939635,0.6123946724653438,0.7002207505518764,0.7489224137931034,97.5,100.0,5142,1807,10177,63,0,10177,0.012252042007001166,0.0,1.0,0.15000000000000002,0.5,0.8,0.1,70.0,20.0,45.0,0.15000000000000002,0.5,0.7000000000000001,0.1,70.0,30.0,45.0,2211,881,1330,2211,0.6015377657168702,1.6981379832362646,1.5,1.1320919888241765,636,0.7219069239500567,1.0,1
"iteration_4","SCOPE_DATA_COLLECTION",1500,13,850.0,910.0,0,9087,5922,2211,9078,5778,2270,3778,2391,880,5308,3528,1330,0.5841954655513978,0.5960466294982261,0.6018099547511312,0.5655411982841234,1.1583973181960323,1.6939677493983698,1.1310823965682468,1.1583973181960323,1.1293118329322465,0.6169931180518793,0.7097448766206608,0.7215909090909091,100.0,100.0,5296,1830,10094,71,1,10094,0.013406344410876132,5.46448087431694E-4,1.0,0.15000000000000002,0.5,0.7000000000000001,0.1,70.0,30.0,45.0,0.8500000000000001,0.1,0.6000000000000001,0.8,85.0,45.0,50.0,9112,8860,252,9112,0.0276558384547849,0.30648887559282384,0.5,0.6129777511856477,2088,0.23566591422121896,1.0,1
"iteration_4","SCOPE_DATA_COLLECTION",1500,13,850.0,910.0,1,9087,5922,2211,9078,5778,2270,3778,2391,880,5308,3528,1330,0.5841954655513978,0.5960466294982261,0.6018099547511312,0.5655411982841234,1.1583973181960323,1.6939677493983698,1.1310823965682468,1.1583973181960323,1.1293118329322465,0.6169931180518793,0.7097448766206608,0.7215909090909091,100.0,100.0,5296,1830,10094,71,1,10094,0.013406344410876132,5.46448087431694E-4,1.0,0.15000000000000002,0.5,0.7000000000000001,0.1,70.0,30.0,45.0,0.8500000000000001,0.1,0.6000000000000001,0.8,85.0,45.0,50.0,5740,5529,211,5740,0.0367595818815331,0.6717647114491867,1.0,0.6717647114491867,1839,0.33260987520347257,1.0,1
"iteration_4","SCOPE_DATA_COLLECTION",1500,13,850.0,910.0,2,9087,5922,2211,9078,5778,2270,3778,2391,880,5308,3528,1330,0.5841954655513978,0.5960466294982261,0.6018099547511312,0.5655411982841234,1.1583973181960323,1.6939677493983698,1.1310823965682468,1.1583973181960323,1.1293118329322465,0.6169931180518793,0.7097448766206608,0.7215909090909091,100.0,100.0,5296,1830,10094,71,1,10094,0.013406344410876132,5.46448087431694E-4,1.0,0.15000000000000002,0.5,0.7000000000000001,0.1,70.0,30.0,45.0,0.8500000000000001,0.1,0.6000000000000001,0.8,85.0,45.0,50.0,2207,2079,128,2207,0.057997281377435435,0.9950162599320048,1.5,0.6633441732880032,648,0.3116883116883117,1.0,1
"iteration_4","SCOPE_DATA_COLLECTION",1500,14,910.0,970.0,0,9112,5740,2207,9087,5922,2211,8844,5520,2072,252,210,128,0.027704485488126648,0.03664921465968586,0.05818181818181818,0.30603554714588677,0.674376041195885,0.9937579729734349,0.6120710942917735,0.674376041195885,0.6625053153156233,0.23496155585707826,0.3342391304347826,0.3122586872586873,100.0,100.0,5566,9737,1756,127,429,34,0.02281710384477183,0.044058744993324434,0.0193621867881549,0.8500000000000001,0.1,0.6000000000000001,0.8,85.0,45.0,50.0,0.8500000000000001,0.2,0.5,0.9,95.0,35.0,50.0,8985,8852,133,8985,0.014802448525319978,0.3267132443835539,0.5,0.6534264887671078,2392,0.2702214188883868,1.0,1
"iteration_4","SCOPE_DATA_COLLECTION",1500,14,910.0,970.0,1,9112,5740,2207,9087,5922,2211,8844,5520,2072,252,210,128,0.027704485488126648,0.03664921465968586,0.05818181818181818,0.30603554714588677,0.674376041195885,0.9937579729734349,0.6120710942917735,0.674376041195885,0.6625053153156233,0.23496155585707826,0.3342391304347826,0.3122586872586873,100.0,100.0,5566,9737,1756,127,429,34,0.02281710384477183,0.044058744993324434,0.0193621867881549,0.8500000000000001,0.1,0.6000000000000001,0.8,85.0,45.0,50.0,0.8500000000000001,0.2,0.5,0.9,95.0,35.0,50.0,5755,5604,151,5755,0.0262380538662033,0.660482868116954,1.0,0.660482868116954,1788,0.31905781584582443,1.0,1
"iteration_4","SCOPE_DATA_COLLECTION",1500,14,910.0,970.0,2,9112,5740,2207,9087,5922,2211,8844,5520,2072,252,210,128,0.027704485488126648,0.03664921465968586,0.05818181818181818,0.30603554714588677,0.674376041195885,0.9937579729734349,0.6120710942917735,0.674376041195885,0.6625053153156233,0.23496155585707826,0.3342391304347826,0.3122586872586873,100.0,100.0,5566,9737,1756,127,429,34,0.02281710384477183,0.044058744993324434,0.0193621867881549,0.8500000000000001,0.1,0.6000000000000001,0.8,85.0,45.0,50.0,0.8500000000000001,0.2,0.5,0.9,95.0,35.0,50.0,2292,2170,122,2292,0.053228621291448515,0.979807047702629,1.5,0.6532046984684193,644,0.2967741935483871,1.0,1
"iteration_4","SCOPE_DATA_COLLECTION",1500,15,970.0,1030.0,0,8985,5755,2292,9112,5740,2207,8839,5585,2184,131,149,121,0.014604236343366777,0.02598535054063481,0.052494577006507594,0.3259809702092625,0.6543224725568291,0.9845094528297784,0.651961940418525,0.6543224725568291,0.6563396352198523,0.2696006335558321,0.3162041181736795,0.298992673992674,97.5,100.0,5541,9766,1725,169,232,0,0.030499909763580583,0.02375588777390948,0.0,0.8500000000000001,0.2,0.5,0.9,95.0,35.0,50.0,0.9500000000000001,0.30000000000000004,0.6000000000000001,0.8,85.0,25.0,50.0,9023,7749,1274,9023,0.14119472459270752,0.3854156066267131,0.5,0.7708312132534262,2518,0.3249451542134469,1.0,1
"iteration_4","SCOPE_DATA_COLLECTION",1500,15,970.0,1030.0,1,8985,5755,2292,9112,5740,2207,8839,5585,2184,131,149,121,0.014604236343366777,0.02598535054063481,0.052494577006507594,0.3259809702092625,0.6543224725568291,0.9845094528297784,0.651961940418525,0.6543224725568291,0.6563396352198523,0.2696006335558321,0.3162041181736795,0.298992673992674,97.5,100.0,5541,9766,1725,169,232,0,0.030499909763580583,0.02375588777390948,0.0,0.8500000000000001,0.2,0.5,0.9,95.0,35.0,50.0,0.9500000000000001,0.30000000000000004,0.6000000000000001,0.8,85.0,25.0,50.0,5756,4878,878,5756,0.15253648366921474,0.748499009268107,1.0,0.748499009268107,1802,0.36941369413694136,1.0,1
"iteration_4","SCOPE_DATA_COLLECTION",1500,15,970.0,1030.0,2,8985,5755,2292,9112,5740,2207,8839,5585,2184,131,149,121,0.014604236343366777,0.02598535054063481,0.052494577006507594,0.3259809702092625,0.6543224725568291,0.9845094528297784,0.651961940418525,0.6543224725568291,0.6563396352198523,0.2696006335558321,0.3162041181736795,0.298992673992674,97.5,100.0,5541,9766,1725,169,232,0,0.030499909763580583,0.02375588777390948,0.0,0.8500000000000001,0.2,0.5,0.9,95.0,35.0,50.0,0.9500000000000001,0.30000000000000004,0.6000000000000001,0.8,85.0,25.0,50.0,2161,1779,382,2161,0.17677001388246183,1.1124125092715478,1.5,0.7416083395143652,629,0.35356942102304667,1.0,1
"iteration_4","SCOPE_DATA_COLLECTION",1500,16,1030.0,1090.0,0,9023,5756,2161,8985,5755,2292,7766,4887,1774,1276,881,383,0.1411192214111922,0.1527392510402219,0.17756142790913307,0.38789456980747106,0.7546280203723508,1.11505558038869,0.7757891396149421,0.7546280203723508,0.7433703869257933,0.3275817666752511,0.37180274196848784,0.35456595264937996,95.0,100.0,5467,10922,551,165,2375,0,0.030181086519114688,0.21745101629738142,0.0,0.9500000000000001,0.30000000000000004,0.6000000000000001,0.8,85.0,25.0,50.0,0.9500000000000001,0.2,0.5,0.8,95.0,25.0,60.0,9224,8212,1012,9224,0.10971379011274934,0.3760596106982075,0.5,0.752119221396415,2482,0.3022406234778373,1.0,1
"iteration_4","SCOPE_DATA_COLLECTION",1500,16,1030.0,1090.0,1,9023,5756,2161,8985,5755,2292,7766,4887,1774,1276,881,383,0.1411192214111922,0.1527392510402219,0.17756142790913307,0.38789456980747106,0.7546280203723508,1.11505558038869,0.7757891396149421,0.7546280203723508,0.7433703869257933,0.3275817666752511,0.37180274196848784,0.35456595264937996,95.0,100.0,5467,10922,551,165,2375,0,0.030181086519114688,0.21745101629738142,0.0,0.9500000000000001,0.30000000000000004,0.6000000000000001,0.8,85.0,25.0,50.0,0.9500000000000001,0.2,0.5,0.8,95.0,25.0,60.0,5860,5174,686,5860,0.11706484641638225,0.738751056657631,1.0,0.738751056657631,1865,0.3604561267877851,1.0,1
"iteration_4","SCOPE_DATA_COLLECTION",1500,16,1030.0,1090.0,2,9023,5756,2161,8985,5755,2292,7766,4887,1774,1276,881,383,0.1411192214111922,0.1527392510402219,0.17756142790913307,0.38789456980747106,0.7546280203723508,1.11505558038869,0.7757891396149421,0.7546280203723508,0.7433703869257933,0.3275817666752511,0.37180274196848784,0.35456595264937996,95.0,100.0,5467,10922,551,165,2375,0,0.030181086519114688,0.21745101629738142,0.0,0.9500000000000001,0.30000000000000004,0.6000000000000001,0.8,85.0,25.0,50.0,0.9500000000000001,0.2,0.5,0.8,95.0,25.0,60.0,2281,1953,328,2281,0.1437965804471723,1.0914526203890542,1.5,0.7276350802593695,660,0.3379416282642089,1.0,1
"iteration_4","SCOPE_DATA_COLLECTION",1500,17,1090.0,1150.0,0,9224,5860,2281,9023,5756,2161,8210,5165,1946,1012,686,328,0.10973758403816959,0.11724491539907708,0.1442392260334213,0.3755810990922286,0.7396155288294396,1.0917943701326163,0.7511621981844572,0.7396155288294396,0.7278629134217441,0.3017052375152253,0.36030977734753145,0.3381294964028777,97.5,100.0,5486,11253,626,145,1881,0,0.026430915056507475,0.16715542521994134,0.0,0.9500000000000001,0.2,0.5,0.8,95.0,25.0,60.0,0.7000000000000001,0.1,0.7000000000000001,0.2,85.0,30.0,60.0,9246,9015,231,9246,0.02498377676833225,0.289065370007019,0.5,0.578130740014038,1914,0.21231281198003327,1.0,1
"iteration_4","SCOPE_DATA_COLLECTION",1500,17,1090.0,1150.0,1,9224,5860,2281,9023,5756,2161,8210,5165,1946,1012,686,328,0.10973758403816959,0.11724491539907708,0.1442392260334213,0.3755810990922286,0.7396155288294396,1.0917943701326163,0.7511621981844572,0.7396155288294396,0.7278629134217441,0.3017052375152253,0.36030977734753145,0.3381294964028777,97.5,100.0,5486,11253,626,145,1881,0,0.026430915056507475,0.16715542521994134,0.0,0.9500000000000001,0.2,0.5,0.8,95.0,25.0,60.0,0.7000000000000001,0.1,0.7000000000000001,0.2,85.0,30.0,60.0,5926,5765,161,5926,0.027168410394870064,0.6340336688921645,1.0,0.6340336688921645,1762,0.30563746747614917,1.0,1
"iteration_4","SCOPE_DATA_COLLECTION",1500,17,1090.0,1150.0,2,9224,5860,2281,9023,5756,2161,8210,5165,1946,1012,686,328,0.10973758403816959,0.11724491539907708,0.1442392260334213,0.3755810990922286,0.7396155288294396,1.0917943701326163,0.7511621981844572,0.7396155288294396,0.7278629134217441,0.3017052375152253,0.36030977734753145,0.3381294964028777,97.5,100.0,5486,11253,626,145,1881,0,0.026430915056507475,0.16715542521994134,0.0,0.9500000000000001,0.2,0.5,0.8,95.0,25.0,60.0,0.7000000000000001,0.1,0.7000000000000001,0.2,85.0,30.0,60.0,2297,2187,110,2297,0.047888550282977796,0.9949209909271135,1.5,0.6632806606180757,692,0.31641518061271146,1.0,1
"iteration_4","SCOPE_DATA_COLLECTION",1500,18,1150.0,1210.0,0,9246,5926,2297,9224,5860,2281,9017,5774,2188,231,161,110,0.024978373702422146,0.02712721145745577,0.047867711053089644,0.2889374980369676,0.6302079687690533,0.9914379008261952,0.5778749960739352,0.6302079687690533,0.6609586005507968,0.21215481867583452,0.30412192587461034,0.3148994515539305,100.0,100.0,5416,8393,3660,92,114,296,0.016986706056129987,0.013582747527701656,0.08087431693989071,0.7000000000000001,0.1,0.7000000000000001,0.2,85.0,30.0,60.0,0.25,0.7000000000000001,0.2,0.5,25.0,75.0,45.0,9038,4303,4735,9038,0.5238990927196282,0.49189867686099314,0.5,0.9837973537219863,2220,0.5159191261910295,1.0,1
"iteration_4","SCOPE_DATA_COLLECTION",1500,18,1150.0,1210.0,1,9246,5926,2297,9224,5860,2281,9017,5774,2188,231,161,110,0.024978373702422146,0.02712721145745577,0.047867711053089644,0.2889374980369676,0.6302079687690533,0.9914379008261952,0.5778749960739352,0.6302079687690533,0.6609586005507968,0.21215481867583452,0.30412192587461034,0.3148994515539305,100.0,100.0,5416,8393,3660,92,114,296,0.016986706056129987,0.013582747527701656,0.08087431693989071,0.7000000000000001,0.1,0.7000000000000001,0.2,85.0,30.0,60.0,0.25,0.7000000000000001,0.2,0.5,25.0,75.0,45.0,5888,2776,3112,5888,0.5285326086956522,0.9488658478223773,1.0,0.9488658478223773,1679,0.6048270893371758,1.0,1
"iteration_4","SCOPE_DATA_COLLECTION",1500,18,1150.0,1210.0,2,9246,5926,2297,9224,5860,2281,9017,5774,2188,231,161,110,0.024978373702422146,0.02712721145745577,0.047867711053089644,0.2889374980369676,0.6302079687690533,0.9914379008261952,0.5778749960739352,0.6302079687690533,0.6609586005507968,0.21215481867583452,0.30412192587461034,0.3148994515539305,100.0,100.0,5416,8393,3660,92,114,296,0.016986706056129987,0.013582747527701656,0.08087431693989071,0.7000000000000001,0.1,0.7000000000000001,0.2,85.0,30.0,60.0,0.25,0.7000000000000001,0.2,0.5,25.0,75.0,45.0,2293,1024,1269,2293,0.5534234627126036,1.5862043885126575,1.5,1.0574695923417716,646,0.630859375,1.0,1
"iteration_4","SCOPE_DATA_COLLECTION",1500,19,1210.0,1270.0,0,9038,5888,2293,9246,5926,2297,4312,2790,1032,4734,3112,1269,0.5233252266195003,0.5272788885123687,0.5514993481095176,0.4904405482408027,0.954087667760061,1.5803447156313337,0.9808810964816054,0.954087667760061,1.0535631437542226,0.5141465677179963,0.6064516129032258,0.626937984496124,100.0,100.0,5293,2888,9038,117,4,8994,0.02210466654071415,0.0013850415512465374,0.9951316662978535,0.25,0.7000000000000001,0.2,0.5,25.0,75.0,45.0,0.15000000000000002,0.6000000000000001,0.30000000000000004,0.6000000000000001,35.0,75.0,35.0,9034,3756,5278,9034,0.584237325658623,0.5694662813774661,0.5,1.1389325627549323,2305,0.6136847710330139,1.0,1
"iteration_4","SCOPE_DATA_COLLECTION",1500,19,1210.0,1270.0,1,9038,5888,2293,9246,5926,2297,4312,2790,1032,4734,3112,1269,0.5233252266195003,0.5272788885123687,0.5514993481095176,0.4904405482408027,0.954087667760061,1.5803447156313337,0.9808810964816054,0.954087667760061,1.0535631437542226,0.5141465677179963,0.6064516129032258,0.626937984496124,100.0,100.0,5293,2888,9038,117,4,8994,0.02210466654071415,0.0013850415512465374,0.9951316662978535,0.25,0.7000000000000001,0.2,0.5,25.0,75.0,45.0,0.15000000000000002,0.6000000000000001,0.30000000000000004,0.6000000000000001,35.0,75.0,35.0,5878,2394,3484,5878,0.5927186117727118,1.1166158241608035,1.0,1.1166158241608035,1744,0.7284878863826232,1.0,1
"iteration_4","SCOPE_DATA_COLLECTION",1500,19,1210.0,1270.0,2,9038,5888,2293,9246,5926,2297,4312,2790,1032,4734,3112,1269,0.5233252266195003,0.5272788885123687,0.5514993481095176,0.4904405482408027,0.954087667760061,1.5803447156313337,0.9808810964816054,0.954087667760061,1.0535631437542226,0.5141465677179963,0.6064516129032258,0.626937984496124,100.0,100.0,5293,2888,9038,117,4,8994,0.02210466654071415,0.0013850415512465374,0.9951316662978535,0.25,0.7000000000000001,0.2,0.5,25.0,75.0,45.0,0.15000000000000002,0.6000000000000001,0.30000000000000004,0.6000000000000001,35.0,75.0,35.0,2239,855,1384,2239,0.6181330951317553,1.800558368762667,1.5,1.200372245841778,620,0.7251461988304093,1.0,1
"iteration_4","SCOPE_DATA_COLLECTION",1500,20,1270.0,1330.0,0,9034,5878,2239,9038,5888,2293,3765,2398,860,5279,3484,1384,0.5837019018133569,0.5923155389323359,0.6167557932263814,0.5698662981684115,1.1127762575276507,1.8013255779734758,1.139732596336823,1.1127762575276507,1.2008837186489838,0.6132802124833997,0.725604670558799,0.7267441860465116,97.5,100.0,5391,1737,10023,122,2,10023,0.022630309775551846,0.0011514104778353484,1.0,0.15000000000000002,0.6000000000000001,0.30000000000000004,0.6000000000000001,35.0,75.0,35.0,0.15000000000000002,0.7000000000000001,0.2,0.5,45.0,75.0,45.0,8895,3658,5237,8895,0.5887577290612703,0.5596548930057265,0.5,1.119309786011453,2247,0.6142700929469656,1.0,1
"iteration_4","SCOPE_DATA_COLLECTION",1500,20,1270.0,1330.0,1,9034,5878,2239,9038,5888,2293,3765,2398,860,5279,3484,1384,0.5837019018133569,0.5923155389323359,0.6167557932263814,0.5698662981684115,1.1127762575276507,1.8013255779734758,1.139732596336823,1.1127762575276507,1.2008837186489838,0.6132802124833997,0.725604670558799,0.7267441860465116,97.5,100.0,5391,1737,10023,122,2,10023,0.022630309775551846,0.0011514104778353484,1.0,0.15000000000000002,0.6000000000000001,0.30000000000000004,0.6000000000000001,35.0,75.0,35.0,0.15000000000000002,0.7000000000000001,0.2,0.5,45.0,75.0,45.0,5951,2400,3551,5951,0.5967064358931272,1.0837459075524083,1.0,1.0837459075524083,1702,0.7091666666666666,1.0,1
"iteration_4","SCOPE_DATA_COLLECTION",1500,20,1270.0,1330.0,2,9034,5878,2239,9038,5888,2293,3765,2398,860,5279,3484,1384,0.5837019018133569,0.5923155389323359,0.6167557932263814,0.5698662981684115,1.1127762575276507,1.8013255779734758,1.139732596336823,1.1127762575276507,1.2008837186489838,0.6132802124833997,0.725604670558799,0.7267441860465116,97.5,100.0,5391,1737,10023,122,2,10023,0.022630309775551846,0.0011514104778353484,1.0,0.15000000000000002,0.6000000000000001,0.30000000000000004,0.6000000000000001,35.0,75.0,35.0,0.15000000000000002,0.7000000000000001,0.2,0.5,45.0,75.0,45.0,2275,902,1373,2275,0.6035164835164836,1.8005653997599305,1.5,1.200376933173287,662,0.7339246119733924,1.0,1
"iteration_4","SCOPE_DATA_COLLECTION",1500,21,1330.0,1390.0,0,8895,5951,2275,9034,5878,2239,3647,2399,893,5237,3551,1373,0.5894867176947322,0.5968067226890756,0.6059135039717564,0.5591591914750902,1.0876972354360175,1.804840300387749,1.1183183829501804,1.0876972354360175,1.203226866925166,0.6133808609816287,0.7107127969987495,0.7357222844344905,100.0,100.0,5293,1793,10035,125,1,10035,0.023616096731532213,5.577244841048522E-4,1.0,0.15000000000000002,0.7000000000000001,0.2,0.5,45.0,75.0,45.0,0.05,0.6000000000000001,0.1,0.6000000000000001,35.0,65.0,35.0,9012,3068,5944,9012,0.6595650244118952,0.6150675845580523,0.5,1.2301351691161047,2105,0.6861147327249022,1.0,1
"iteration_4","SCOPE_DATA_COLLECTION",1500,21,1330.0,1390.0,1,8895,5951,2275,9034,5878,2239,3647,2399,893,5237,3551,1373,0.5894867176947322,0.5968067226890756,0.6059135039717564,0.5591591914750902,1.0876972354360175,1.804840300387749,1.1183183829501804,1.0876972354360175,1.203226866925166,0.6133808609816287,0.7107127969987495,0.7357222844344905,100.0,100.0,5293,1793,10035,125,1,10035,0.023616096731532213,5.577244841048522E-4,1.0,0.15000000000000002,0.7000000000000001,0.2,0.5,45.0,75.0,45.0,0.05,0.6000000000000001,0.1,0.6000000000000001,35.0,65.0,35.0,5940,1983,3957,5940,0.6661616161616162,1.1515473492786856,1.0,1.1515473492786856,1635,0.8245083207261724,1.0,1
"iteration_4","SCOPE_DATA_COLLECTION",1500,21,1330.0,1390.0,2,8895,5951,2275,9034,5878,2239,3647,2399,893,5237,3551,1373,0.5894867176947322,0.5968067226890756,0.6059135039717564,0.5591591914750902,1.0876972354360175,1.804840300387749,1.1183183829501804,1.0876972354360175,1.203226866925166,0.6133808609816287,0.7107127969987495,0.7357222844344905,100.0,100.0,5293,1793,10035,125,1,10035,0.023616096731532213,5.577244841048522E-4,1.0,0.15000000000000002,0.7000000000000001,0.2,0.5,45.0,75.0,45.0,0.05,0.6000000000000001,0.1,0.6000000000000001,35.0,65.0,35.0,2219,694,1525,2219,0.6872465074357819,2.0422534573112765,1.5,1.3615023048741843,613,0.8832853025936599,1.0,1
"iteration_4","SCOPE_DATA_COLLECTION",1500,22,1390.0,1450.0,0,9012,5940,2219,8895,5951,2275,3075,1999,696,5944,3957,1525,0.6590531101008981,0.6643720617864338,0.6866276452048626,0.6139815353988756,1.1533020023879152,2.033573291873613,1.2279630707977511,1.1533020023879152,1.355715527915742,0.686829268292683,0.8244122061030515,0.8764367816091954,100.0,100.0,5182,613,11376,49,1,11376,0.009455808568120417,0.0016313213703099511,1.0,0.05,0.6000000000000001,0.1,0.6000000000000001,35.0,65.0,35.0,0.05,0.7000000000000001,0.2,0.7000000000000001,25.0,55.0,25.0,9122,3133,5989,9122,0.656544617408463,0.6228791156722491,0.5,1.2457582313444981,2162,0.6900734120651133,1.0,1
"iteration_4","SCOPE_DATA_COLLECTION",1500,22,1390.0,1450.0,1,9012,5940,2219,8895,5951,2275,3075,1999,696,5944,3957,1525,0.6590531101008981,0.6643720617864338,0.6866276452048626,0.6139815353988756,1.1533020023879152,2.033573291873613,1.2279630707977511,1.1533020023879152,1.355715527915742,0.686829268292683,0.8244122061030515,0.8764367816091954,100.0,100.0,5182,613,11376,49,1,11376,0.009455808568120417,0.0016313213703099511,1.0,0.05,0.6000000000000001,0.1,0.6000000000000001,35.0,65.0,35.0,0.05,0.7000000000000001,0.2,0.7000000000000001,25.0,55.0,25.0,5740,1977,3763,5740,0.6555749128919861,1.2121281670042174,1.0,1.2121281670042174,1676,0.847749114820435,1.0,1
"iteration_4","SCOPE_DATA_COLLECTION",1500,22,1390.0,1450.0,2,9012,5940,2219,8895,5951,2275,3075,1999,696,5944,3957,1525,0.6590531101008981,0.6643720617864338,0.6866276452048626,0.6139815353988756,1.1533020023879152,2.033573291873613,1.2279630707977511,1.1533020023879152,1.355715527915742,0.686829268292683,0.8244122061030515,0.8764367816091954,100.0,100.0,5182,613,11376,49,1,11376,0.009455808568120417,0.0016313213703099511,1.0,0.05,0.6000000000000001,0.1,0.6000000000000001,35.0,65.0,35.0,0.05,0.7000000000000001,0.2,0.7000000000000001,25.0,55.0,25.0,2196,699,1497,2196,0.6816939890710383,2.1009662350837446,1.5,1.4006441567224963,624,0.8927038626609443,1.0,1
"iteration_4","SCOPE_DATA_COLLECTION",1500,23,1450.0,1510.0,0,9122,5740,2196,9012,5940,2219,3128,1958,698,5989,3763,1497,0.656904683558188,0.65775214123405,0.682004555808656,0.6220518363509056,1.205335166460736,2.094107235795839,1.244103672701811,1.205335166460736,1.3960714905305593,0.6889386189258312,0.8452502553626149,0.8925501432664756,100.0,100.0,5294,609,11155,94,0,11155,0.01775595013222516,0.0,1.0,0.05,0.7000000000000001,0.2,0.7000000000000001,25.0,55.0,25.0,0.05,0.7000000000000001,0.1,0.7000000000000001,25.0,65.0,20.0,9152,3149,6003,9152,0.6559222027972028,0.636132869101551,0.5,1.272265738203102,2212,0.7024452207049857,1.0,1
"iteration_4","SCOPE_DATA_COLLECTION",1500,23,1450.0,1510.0,1,9122,5740,2196,9012,5940,2219,3128,1958,698,5989,3763,1497,0.656904683558188,0.65775214123405,0.682004555808656,0.6220518363509056,1.205335166460736,2.094107235795839,1.244103672701811,1.205335166460736,1.3960714905305593,0.6889386189258312,0.8452502553626149,0.8925501432664756,100.0,100.0,5294,609,11155,94,0,11155,0.01775595013222516,0.0,1.0,0.05,0.7000000000000001,0.2,0.7000000000000001,25.0,55.0,25.0,0.05,0.7000000000000001,0.1,0.7000000000000001,25.0,65.0,20.0,5919,2061,3858,5919,0.6517992904206792,1.1879980132760404,1.0,1.1879980132760404,1769,0.8583212032993692,1.0,1
"iteration_4","SCOPE_DATA_COLLECTION",1500,23,1450.0,1510.0,2,9122,5740,2196,9012,5940,2219,3128,1958,698,5989,3763,1497,0.656904683558188,0.65775214123405,0.682004555808656,0.6220518363509056,1.205335166460736,2.094107235795839,1.244103672701811,1.205335166460736,1.3960714905305593,0.6889386189258312,0.8452502553626149,0.8925501432664756,100.0,100.0,5294,609,11155,94,0,11155,0.01775595013222516,0.0,1.0,0.05,0.7000000000000001,0.2,0.7000000000000001,25.0,55.0,25.0,0.05,0.7000000000000001,0.1,0.7000000000000001,25.0,65.0,20.0,2207,666,1541,2207,0.6982328953330312,2.0910819806977052,1.5,1.3940546537984702,596,0.8948948948948949,1.0,1
"iteration_4","SCOPE_DATA_COLLECTION",1500,24,1510.0,1570.0,0,9152,5919,2207,9122,5740,2196,3152,2074,671,6003,3857,1541,0.6557072637902785,0.650311920418142,0.6966546112115732,0.6367643385543866,1.1954638287124157,2.097878475636613,1.2735286771087733,1.1954638287124157,1.3985856504244085,0.7030456852791879,0.8611378977820636,0.8956780923994039,95.0,100.0,5366,597,11315,85,1,11315,0.015840477077897874,0.0016750418760469012,1.0,0.05,0.7000000000000001,0.1,0.7000000000000001,25.0,65.0,20.0,0.15000000000000002,0.8,0.9,0.7000000000000001,60.0,80.0,70.0,9026,3770,5256,9026,0.5823177487259029,0.6001136764653803,0.5,1.2002273529307605,2419,0.6416445623342175,1.0,1
"iteration_4","SCOPE_DATA_COLLECTION",1500,24,1510.0,1570.0,1,9152,5919,2207,9122,5740,2196,3152,2074,671,6003,3857,1541,0.6557072637902785,0.650311920418142,0.6966546112115732,0.6367643385543866,1.1954638287124157,2.097878475636613,1.2735286771087733,1.1954638287124157,1.3985856504244085,0.7030456852791879,0.8611378977820636,0.8956780923994039,95.0,100.0,5366,597,11315,85,1,11315,0.015840477077897874,0.0016750418760469012,1.0,0.05,0.7000000000000001,0.1,0.7000000000000001,25.0,65.0,20.0,0.15000000000000002,0.8,0.9,0.7000000000000001,60.0,80.0,70.0,5822,2331,3491,5822,0.5996221229817932,1.2386857642235385,1.0,1.2386857642235385,1738,0.7456027456027456,1.0,1
"iteration_4","SCOPE_DATA_COLLECTION",1500,24,1510.0,1570.0,2,9152,5919,2207,9122,5740,2196,3152,2074,671,6003,3857,1541,0.6557072637902785,0.650311920418142,0.6966546112115732,0.6367643385543866,1.1954638287124157,2.097878475636613,1.2735286771087733,1.1954638287124157,1.3985856504244085,0.7030456852791879,0.8611378977820636,0.8956780923994039,95.0,100.0,5366,597,11315,85,1,11315,0.015840477077897874,0.0016750418760469012,1.0,0.05,0.7000000000000001,0.1,0.7000000000000001,25.0,65.0,20.0,0.15000000000000002,0.8,0.9,0.7000000000000001,60.0,80.0,70.0,2170,845,1325,2170,0.6105990783410138,1.8708727756196235,1.5,1.247248517079749,638,0.7550295857988165,1.0,1
"iteration_4","SCOPE_DATA_COLLECTION",1500,25,1570.0,1630.0,0,9026,5822,2170,9152,5919,2207,3774,2332,840,5256,3492,1325,0.5820598006644518,0.5995879120879121,0.6120092378752887,0.6001706232781228,1.2354370521475868,1.8695422381419564,1.2003412465562455,1.2354370521475868,1.2463614920946375,0.6433492315845257,0.7444253859348199,0.7559523809523809,100.0,100.0,5491,1636,9891,180,2,9891,0.03278091422327445,0.0012224938875305623,1.0,0.15000000000000002,0.8,0.9,0.7000000000000001,60.0,80.0,70.0,0.15000000000000002,0.8,0.9,0.7000000000000001,60.0,80.0,70.0,9110,3897,5213,9110,0.5722283205268935,0.5765398230535372,0.5,1.1530796461070745,2398,0.6153451372850911,1.0,1
"iteration_4","SCOPE_DATA_COLLECTION",1500,25,1570.0,1630.0,1,9026,5822,2170,9152,5919,2207,3774,2332,840,5256,3492,1325,0.5820598006644518,0.5995879120879121,0.6120092378752887,0.6001706232781228,1.2354370521475868,1.8695422381419564,1.2003412465562455,1.2354370521475868,1.2463614920946375,0.6433492315845257,0.7444253859348199,0.7559523809523809,100.0,100.0,5491,1636,9891,180,2,9891,0.03278091422327445,0.0012224938875305623,1.0,0.15000000000000002,0.8,0.9,0.7000000000000001,60.0,80.0,70.0,0.15000000000000002,0.8,0.9,0.7000000000000001,60.0,80.0,70.0,5934,2405,3529,5934,0.5947084597236265,1.2214806623366075,1.0,1.2214806623366075,1799,0.748024948024948,1.0,1
"iteration_4","SCOPE_DATA_COLLECTION",1500,25,1570.0,1630.0,2,9026,5822,2170,9152,5919,2207,3774,2332,840,5256,3492,1325,0.5820598006644518,0.5995879120879121,0.6120092378752887,0.6001706232781228,1.2354370521475868,1.8695422381419564,1.2003412465562455,1.2354370521475868,1.2463614920946375,0.6433492315845257,0.7444253859348199,0.7559523809523809,100.0,100.0,5491,1636,9891,180,2,9891,0.03278091422327445,0.0012224938875305623,1.0,0.15000000000000002,0.8,0.9,0.7000000000000001,60.0,80.0,70.0,0.15000000000000002,0.8,0.9,0.7000000000000001,60.0,80.0,70.0,2184,838,1346,2184,0.6163003663003663,1.8052497129881127,1.5,1.2034998086587418,604,0.720763723150358,1.0,1
"iteration_4","SCOPE_DATA_COLLECTION",1500,26,1630.0,1690.0,0,9110,5934,2184,9026,5822,2170,3884,2392,844,5213,3529,1346,0.573046059140376,0.5960141867927715,0.6146118721461187,0.5764456480202813,1.2188094587914025,1.8015913668609986,1.1528912960405626,1.2188094587914025,1.2010609112406658,0.6135427394438723,0.7474916387959866,0.7203791469194313,100.0,100.0,5522,1796,9910,176,2,9910,0.03187250996015936,0.0011135857461024498,1.0,0.15000000000000002,0.8,0.9,0.7000000000000001,60.0,80.0,70.0,0.05,0.9,0.8,0.6000000000000001,70.0,80.0,70.0,9013,3159,5854,9013,0.6495062687229557,0.6870185385203882,0.5,1.3740370770407764,2399,0.759417537195315,1.0,1
"iteration_4","SCOPE_DATA_COLLECTION",1500,26,1630.0,1690.0,1,9110,5934,2184,9026,5822,2170,3884,2392,844,5213,3529,1346,0.573046059140376,0.5960141867927715,0.6146118721461187,0.5764456480202813,1.2188094587914025,1.8015913668609986,1.1528912960405626,1.2188094587914025,1.2010609112406658,0.6135427394438723,0.7474916387959866,0.7203791469194313,100.0,100.0,5522,1796,9910,176,2,9910,0.03187250996015936,0.0011135857461024498,1.0,0.15000000000000002,0.8,0.9,0.7000000000000001,60.0,80.0,70.0,0.05,0.9,0.8,0.6000000000000001,70.0,80.0,70.0,5963,2022,3941,5963,0.6609089384537984,1.3783907106805422,1.0,1.3783907106805422,1781,0.880811078140455,1.0,1
"iteration_4","SCOPE_DATA_COLLECTION",1500,26,1630.0,1690.0,2,9110,5934,2184,9026,5822,2170,3884,2392,844,5213,3529,1346,0.573046059140376,0.5960141867927715,0.6146118721461187,0.5764456480202813,1.2188094587914025,1.8015913668609986,1.1528912960405626,1.2188094587914025,1.2010609112406658,0.6135427394438723,0.7474916387959866,0.7203791469194313,100.0,100.0,5522,1796,9910,176,2,9910,0.03187250996015936,0.0011135857461024498,1.0,0.15000000000000002,0.8,0.9,0.7000000000000001,60.0,80.0,70.0,0.05,0.9,0.8,0.6000000000000001,70.0,80.0,70.0,2240,712,1528,2240,0.6821428571428572,2.1317133585480694,1.5,1.4211422390320463,628,0.8820224719101124,1.0,1
"iteration_4","SCOPE_DATA_COLLECTION",1500,27,1690.0,1750.0,0,9013,5963,2240,9110,5934,2184,3142,2022,708,5854,3941,1528,0.6507336594041796,0.6609089384537984,0.6833631484794276,0.6841623872349367,1.3702394343579856,2.131155906263337,1.3683247744698734,1.3702394343579856,1.420770604175558,0.7571610439210694,0.8793273986152325,0.8813559322033898,100.0,100.0,5490,568,11158,165,0,11158,0.030054644808743168,0.0,1.0,0.05,0.9,0.8,0.6000000000000001,70.0,80.0,70.0,0.05,0.9,0.8,0.6000000000000001,60.0,90.0,70.0,9095,3045,6050,9095,0.6652006597031336,0.6875407942980045,0.5,1.375081588596009,2299,0.755008210180624,1.0,1
"iteration_4","SCOPE_DATA_COLLECTION",1500,27,1690.0,1750.0,1,9013,5963,2240,9110,5934,2184,3142,2022,708,5854,3941,1528,0.6507336594041796,0.6609089384537984,0.6833631484794276,0.6841623872349367,1.3702394343579856,2.131155906263337,1.3683247744698734,1.3702394343579856,1.420770604175558,0.7571610439210694,0.8793273986152325,0.8813559322033898,100.0,100.0,5490,568,11158,165,0,11158,0.030054644808743168,0.0,1.0,0.05,0.9,0.8,0.6000000000000001,70.0,80.0,70.0,0.05,0.9,0.8,0.6000000000000001,60.0,90.0,70.0,5898,1987,3911,5898,0.6631061376737877,1.4207674547336877,1.0,1.4207674547336877,1750,0.8807247106190237,1.0,1
"iteration_4","SCOPE_DATA_COLLECTION",1500,27,1690.0,1750.0,2,9013,5963,2240,9110,5934,2184,3142,2022,708,5854,3941,1528,0.6507336594041796,0.6609089384537984,0.6833631484794276,0.6841623872349367,1.3702394343579856,2.131155906263337,1.3683247744698734,1.3702394343579856,1.420770604175558,0.7571610439210694,0.8793273986152325,0.8813559322033898,100.0,100.0,5490,568,11158,165,0,11158,0.030054644808743168,0.0,1.0,0.05,0.9,0.8,0.6000000000000001,70.0,80.0,70.0,0.05,0.9,0.8,0.6000000000000001,60.0,90.0,70.0,2289,742,1547,2289,0.6758409785932722,2.106264065124434,1.5,1.4041760434162895,647,0.871967654986523,1.0,1
"iteration_4","SCOPE_DATA_COLLECTION",1500,28,1750.0,1810.0,0,9095,5898,2289,9013,5963,2240,3058,1989,745,6050,3911,1547,0.6642512077294686,0.6628813559322034,0.674956369982548,0.6891045674659886,1.4236718111135123,2.1085178214284124,1.3782091349319772,1.4236718111135123,1.4056785476189415,0.7557226945716154,0.8808446455505279,0.87248322147651,100.0,100.0,5354,615,11313,195,0,11313,0.036421367202091895,0.0,1.0,0.05,0.9,0.8,0.6000000000000001,60.0,90.0,70.0,0.35000000000000003,0.2,0.1,0.4,20.0,60.0,30.0,9082,4992,4090,9082,0.45034133450781766,0.3998895451671334,0.5,0.7997790903342668,2035,0.4076522435897436,1.0,1
"iteration_4","SCOPE_DATA_COLLECTION",1500,28,1750.0,1810.0,1,9095,5898,2289,9013,5963,2240,3058,1989,745,6050,3911,1547,0.6642512077294686,0.6628813559322034,0.674956369982548,0.6891045674659886,1.4236718111135123,2.1085178214284124,1.3782091349319772,1.4236718111135123,1.4056785476189415,0.7557226945716154,0.8808446455505279,0.87248322147651,100.0,100.0,5354,615,11313,195,0,11313,0.036421367202091895,0.0,1.0,0.05,0.9,0.8,0.6000000000000001,60.0,90.0,70.0,0.35000000000000003,0.2,0.1,0.4,20.0,60.0,30.0,5866,3251,2615,5866,0.4457892942379816,0.8542529044386954,1.0,0.8542529044386954,1766,0.5432174715472162,1.0,1
"iteration_4","SCOPE_DATA_COLLECTION",1500,28,1750.0,1810.0,2,9095,5898,2289,9013,5963,2240,3058,1989,745,6050,3911,1547,0.6642512077294686,0.6628813559322034,0.674956369982548,0.6891045674659886,1.4236718111135123,2.1085178214284124,1.3782091349319772,1.4236718111135123,1.4056785476189415,0.7557226945716154,0.8808446455505279,0.87248322147651,100.0,100.0,5354,615,11313,195,0,11313,0.036421367202091895,0.0,1.0,0.05,0.9,0.8,0.6000000000000001,60.0,90.0,70.0,0.35000000000000003,0.2,0.1,0.4,20.0,60.0,30.0,2242,1180,1062,2242,0.47368421052631576,1.3633498086654536,1.5,0.9088998724436358,630,0.5338983050847458,1.0,1
"iteration_4","SCOPE_DATA_COLLECTION",1500,29,1810.0,1870.0,0,9082,5866,2242,9095,5898,2289,4990,3253,1178,4090,2615,1062,0.45044052863436124,0.4456373551465576,0.47410714285714284,0.4026572568027384,0.8614134388955467,1.3720455290099065,0.8053145136054768,0.8614134388955467,0.9146970193399376,0.4102204408817635,0.5447279434368275,0.5365025466893039,97.5,100.0,5335,4158,7697,66,4,7697,0.012371134020618556,9.62000962000962E-4,1.0,0.35000000000000003,0.2,0.1,0.4,20.0,60.0,30.0,0.55,0.5,0.8,0.1,75.0,95.0,90.0,8970,6972,1998,8970,0.22274247491638796,0.4028558026671934,0.5,0.8057116053343868,2477,0.3552782558806655,1.0,1
"iteration_4","SCOPE_DATA_COLLECTION",1500,29,1810.0,1870.0,1,9082,5866,2242,9095,5898,2289,4990,3253,1178,4090,2615,1062,0.45044052863436124,0.4456373551465576,0.47410714285714284,0.4026572568027384,0.8614134388955467,1.3720455290099065,0.8053145136054768,0.8614134388955467,0.9146970193399376,0.4102204408817635,0.5447279434368275,0.5365025466893039,97.5,100.0,5335,4158,7697,66,4,7697,0.012371134020618556,9.62000962000962E-4,1.0,0.35000000000000003,0.2,0.1,0.4,20.0,60.0,30.0,0.55,0.5,0.8,0.1,75.0,95.0,90.0,5979,4528,1451,5979,0.24268272286335507,0.7806491180472085,1.0,0.7806491180472085,1789,0.3950971731448763,1.0,1
"iteration_4","SCOPE_DATA_COLLECTION",1500,29,1810.0,1870.0,2,9082,5866,2242,9095,5898,2289,4990,3253,1178,4090,2615,1062,0.45044052863436124,0.4456373551465576,0.47410714285714284,0.4026572568027384,0.8614134388955467,1.3720455290099065,0.8053145136054768,0.8614134388955467,0.9146970193399376,0.4102204408817635,0.5447279434368275,0.5365025466893039,97.5,100.0,5335,4158,7697,66,4,7697,0.012371134020618556,9.62000962000962E-4,1.0,0.35000000000000003,0.2,0.1,0.4,20.0,60.0,30.0,0.55,0.5,0.8,0.1,75.0,95.0,90.0,2212,1662,550,2212,0.24864376130198915,1.128150142366356,1.5,0.752100094910904,650,0.3910950661853189,1.0,1
"iteration_4","SCOPE_DATA_COLLECTION",1500,30,1870.0,1930.0,0,8970,5979,2212,9082,5866,2242,6981,4515,1656,1998,1451,549,0.2225192114934848,0.24321153201475026,0.24897959183673468,0.4023302383675804,0.7756881034759673,1.1270558511555282,0.8046604767351608,0.7756881034759673,0.7513705674370188,0.3548202263286062,0.39335548172757473,0.39070048309178745,100.0,100.0,5303,6519,5339,72,7,3919,0.013577220441259665,0.0010737843227488879,0.7340325903727289,0.55,0.5,0.8,0.1,75.0,95.0,90.0,0.55,0.5,0.8,0.1,75.0,95.0,90.0,9214,7081,2133,9214,0.23149555024962015,0.4046520126908326,0.5,0.8093040253816652,2562,0.3618133032057619,1.0,1
"iteration_4","SCOPE_DATA_COLLECTION",1500,30,1870.0,1930.0,1,8970,5979,2212,9082,5866,2242,6981,4515,1656,1998,1451,549,0.2225192114934848,0.24321153201475026,0.24897959183673468,0.4023302383675804,0.7756881034759673,1.1270558511555282,0.8046604767351608,0.7756881034759673,0.7513705674370188,0.3548202263286062,0.39335548172757473,0.39070048309178745,100.0,100.0,5303,6519,5339,72,7,3919,0.013577220441259665,0.0010737843227488879,0.7340325903727289,0.55,0.5,0.8,0.1,75.0,95.0,90.0,0.55,0.5,0.8,0.1,75.0,95.0,90.0,5746,4372,1374,5746,0.2391228680821441,0.7829842883872956,1.0,0.7829842883872956,1746,0.39935956084172003,1.0,1
"iteration_4","SCOPE_DATA_COLLECTION",1500,30,1870.0,1930.0,2,8970,5979,2212,9082,5866,2242,6981,4515,1656,1998,1451,549,0.2225192114934848,0.24321153201475026,0.24897959183673468,0.4023302383675804,0.7756881034759673,1.1270558511555282,0.8046604767351608,0.7756881034759673,0.7513705674370188,0.3548202263286062,0.39335548172757473,0.39070048309178745,100.0,100.0,5303,6519,5339,72,7,3919,0.013577220441259665,0.0010737843227488879,0.7340325903727289,0.55,0.5,0.8,0.1,75.0,95.0,90.0,0.55,0.5,0.8,0.1,75.0,95.0,90.0,2291,1745,546,2291,0.23832387603666522,1.1326143771001167,1.5,0.7550762514000778,689,0.39484240687679084,1.0,1
"iteration_4","SCOPE_DATA_COLLECTION",1500,31,1930.0,1990.0,0,9214,5746,2291,8970,5979,2212,7082,4374,1746,2133,1374,547,0.23147042864894193,0.23903966597077245,0.23855211513301353,0.40497470489361176,0.7851239079214895,1.1289601466744197,0.8099494097872235,0.7851239079214895,0.7526400977829465,0.3621858232137814,0.40054869684499317,0.39347079037800686,100.0,100.0,5271,6552,5428,71,10,3973,0.01346992980459116,0.0015262515262515263,0.7319454679439941,0.55,0.5,0.8,0.1,75.0,95.0,90.0,0.55,0.5,0.8,0.1,65.0,85.0,90.0,9073,7101,1972,9073,0.21734817590653588,0.4033127833587622,0.5,0.8066255667175244,2536,0.357132798197437,1.0,1
"iteration_4","SCOPE_DATA_COLLECTION",1500,31,1930.0,1990.0,1,9214,5746,2291,8970,5979,2212,7082,4374,1746,2133,1374,547,0.23147042864894193,0.23903966597077245,0.23855211513301353,0.40497470489361176,0.7851239079214895,1.1289601466744197,0.8099494097872235,0.7851239079214895,0.7526400977829465,0.3621858232137814,0.40054869684499317,0.39347079037800686,100.0,100.0,5271,6552,5428,71,10,3973,0.01346992980459116,0.0015262515262515263,0.7319454679439941,0.55,0.5,0.8,0.1,75.0,95.0,90.0,0.55,0.5,0.8,0.1,65.0,85.0,90.0,5909,4610,1299,5909,0.2198341512946353,0.7864847568312034,1.0,0.7864847568312034,1773,0.3845986984815618,1.0,1
"iteration_4","SCOPE_DATA_COLLECTION",1500,31,1930.0,1990.0,2,9214,5746,2291,8970,5979,2212,7082,4374,1746,2133,1374,547,0.23147042864894193,0.23903966597077245,0.23855211513301353,0.40497470489361176,0.7851239079214895,1.1289601466744197,0.8099494097872235,0.7851239079214895,0.7526400977829465,0.3621858232137814,0.40054869684499317,0.39347079037800686,100.0,100.0,5271,6552,5428,71,10,3973,0.01346992980459116,0.0015262515262515263,0.7319454679439941,0.55,0.5,0.8,0.1,75.0,95.0,90.0,0.55,0.5,0.8,0.1,65.0,85.0,90.0,2261,1727,534,2261,0.23617868199911543,1.1302678997691822,1.5,0.7535119331794548,682,0.39490445859872614,1.0,1
"iteration_4","SCOPE_DATA_COLLECTION",1500,32,1990.0,2050.0,0,9073,5909,2261,9214,5746,2291,7107,4602,1724,1972,1299,534,0.21720453794470757,0.22013218098627352,0.23649247121346323,0.403432921642599,0.7858388231376168,1.1293627729869278,0.806865843285198,0.7858388231376168,0.7529085153246186,0.3578162375123118,0.38396349413298564,0.39443155452436196,100.0,100.0,5186,6657,5400,64,5,3736,0.012340917855765523,7.510890791647889E-4,0.6918518518518518,0.55,0.5,0.8,0.1,65.0,85.0,90.0,0.45,0.4,0.9,0.1,65.0,75.0,80.0,9242,5785,3457,9242,0.37405323523046957,0.4112453543770856,0.5,0.8224907087541712,2324,0.4017286084701815,1.0,1
"iteration_4","SCOPE_DATA_COLLECTION",1500,32,1990.0,2050.0,1,9073,5909,2261,9214,5746,2291,7107,4602,1724,1972,1299,534,0.21720453794470757,0.22013218098627352,0.23649247121346323,0.403432921642599,0.7858388231376168,1.1293627729869278,0.806865843285198,0.7858388231376168,0.7529085153246186,0.3578162375123118,0.38396349413298564,0.39443155452436196,100.0,100.0,5186,6657,5400,64,5,3736,0.012340917855765523,7.510890791647889E-4,0.6918518518518518,0.55,0.5,0.8,0.1,65.0,85.0,90.0,0.45,0.4,0.9,0.1,65.0,75.0,80.0,5991,3674,2317,5991,0.3867467868469371,0.8337440359163213,1.0,0.8337440359163213,1715,0.46679368535655963,1.0,1
"iteration_4","SCOPE_DATA_COLLECTION",1500,32,1990.0,2050.0,2,9073,5909,2261,9214,5746,2291,7107,4602,1724,1972,1299,534,0.21720453794470757,0.22013218098627352,0.23649247121346323,0.403432921642599,0.7858388231376168,1.1293627729869278,0.806865843285198,0.7858388231376168,0.7529085153246186,0.3578162375123118,0.38396349413298564,0.39443155452436196,100.0,100.0,5186,6657,5400,64,5,3736,0.012340917855765523,7.510890791647889E-4,0.6918518518518518,0.55,0.5,0.8,0.1,65.0,85.0,90.0,0.45,0.4,0.9,0.1,65.0,75.0,80.0,2278,1380,898,2278,0.3942054433713784,1.2238219225288742,1.5,0.8158812816859161,646,0.4681159420289855,1.0,1
"iteration_4","SCOPE_DATA_COLLECTION",1500,33,2050.0,2110.0,0,9242,5991,2278,9073,5909,2261,5772,3697,1391,3457,2317,898,0.3745801278578394,0.38526770867974724,0.3923110528615116,0.41093641457465185,0.8385430446076786,1.2314468189939243,0.8218728291493037,0.8385430446076786,0.8209645459959495,0.4009009009009009,0.46984041114417097,0.4701653486700216,97.5,100.0,5303,5567,6641,71,6,6595,0.013388647935131058,0.0010777797736662474,0.9930733323294685,0.45,0.4,0.9,0.1,65.0,75.0,80.0,0.35000000000000003,0.4,0.9,0.1,65.0,65.0,80.0,9036,4971,4065,9036,0.449867197875166,0.44785415476621154,0.5,0.8957083095324231,2265,0.4556427278213639,1.0,1
"iteration_4","SCOPE_DATA_COLLECTION",1500,33,2050.0,2110.0,1,9242,5991,2278,9073,5909,2261,5772,3697,1391,3457,2317,898,0.3745801278578394,0.38526770867974724,0.3923110528615116,0.41093641457465185,0.8385430446076786,1.2314468189939243,0.8218728291493037,0.8385430446076786,0.8209645459959495,0.4009009009009009,0.46984041114417097,0.4701653486700216,97.5,100.0,5303,5567,6641,71,6,6595,0.013388647935131058,0.0010777797736662474,0.9930733323294685,0.45,0.4,0.9,0.1,65.0,75.0,80.0,0.35000000000000003,0.4,0.9,0.1,65.0,65.0,80.0,5975,3195,2780,5975,0.46527196652719666,0.9111027927859975,1.0,0.9111027927859975,1664,0.5208137715179969,1.0,1
"iteration_4","SCOPE_DATA_COLLECTION",1500,33,2050.0,2110.0,2,9242,5991,2278,9073,5909,2261,5772,3697,1391,3457,2317,898,0.3745801278578394,0.38526770867974724,0.3923110528615116,0.41093641457465185,0.8385430446076786,1.2314468189939243,0.8218728291493037,0.8385430446076786,0.8209645459959495,0.4009009009009009,0.46984041114417097,0.4701653486700216,97.5,100.0,5303,5567,6641,71,6,6595,0.013388647935131058,0.0010777797736662474,0.9930733323294685,0.45,0.4,0.9,0.1,65.0,75.0,80.0,0.35000000000000003,0.4,0.9,0.1,65.0,65.0,80.0,2260,1188,1072,2260,0.4743362831858407,1.3792781493066741,1.5,0.9195187662044494,657,0.553030303030303,1.0,1
"iteration_4","SCOPE_DATA_COLLECTION",1500,34,2110.0,2170.0,0,9036,5975,2260,9242,5991,2278,4979,3175,1188,4065,2780,1072,0.44946926138876603,0.46683459277917716,0.4743362831858407,0.4480102752766306,0.8985964817945159,1.3784687375642741,0.8960205505532612,0.8985964817945159,0.9189791583761827,0.45551315525205865,0.5159055118110236,0.553030303030303,100.0,100.0,5247,4180,7844,72,1,7844,0.0137221269296741,2.3923444976076556E-4,1.0,0.35000000000000003,0.4,0.9,0.1,65.0,65.0,80.0,0.45,0.8,0.5,0.30000000000000004,60.0,35.0,40.0,9217,5788,3429,9217,0.3720299446674623,0.41649556790275666,0.5,0.8329911358055133,2379,0.411022805805114,1.0,1
"iteration_4","SCOPE_DATA_COLLECTION",1500,34,2110.0,2170.0,1,9036,5975,2260,9242,5991,2278,4979,3175,1188,4065,2780,1072,0.44946926138876603,0.46683459277917716,0.4743362831858407,0.4480102752766306,0.8985964817945159,1.3784687375642741,0.8960205505532612,0.8985964817945159,0.9189791583761827,0.45551315525205865,0.5159055118110236,0.553030303030303,100.0,100.0,5247,4180,7844,72,1,7844,0.0137221269296741,2.3923444976076556E-4,1.0,0.35000000000000003,0.4,0.9,0.1,65.0,65.0,80.0,0.45,0.8,0.5,0.30000000000000004,60.0,35.0,40.0,5796,3554,2242,5796,0.3868184955141477,0.8771609120567041,1.0,0.8771609120567041,1751,0.4926842993809792,1.0,1
"iteration_4","SCOPE_DATA_COLLECTION",1500,34,2110.0,2170.0,2,9036,5975,2260,9242,5991,2278,4979,3175,1188,4065,2780,1072,0.44946926138876603,0.46683459277917716,0.4743362831858407,0.4480102752766306,0.8985964817945159,1.3784687375642741,0.8960205505532612,0.8985964817945159,0.9189791583761827,0.45551315525205865,0.5159055118110236,0.553030303030303,100.0,100.0,5247,4180,7844,72,1,7844,0.0137221269296741,2.3923444976076556E-4,1.0,0.35000000000000003,0.4,0.9,0.1,65.0,65.0,80.0,0.45,0.8,0.5,0.30000000000000004,60.0,35.0,40.0,2160,1296,864,2160,0.4,1.3036107566586745,1.5,0.8690738377724497,628,0.4845679012345679,1.0,1
"iteration_4","SCOPE_DATA_COLLECTION",1500,35,2170.0,2230.0,0,9217,5796,2160,9036,5975,2260,5793,3560,1293,3429,2242,864,0.3718282368249837,0.3864184763874526,0.40055632823365783,0.417046816597456,0.885532288192946,1.2974549003042943,0.834093633194912,0.885532288192946,0.8649699335361962,0.4120490246849646,0.49634831460674156,0.48259860788863107,97.5,100.0,5376,5329,6468,121,8,6406,0.022507440476190476,0.0015012197410395947,0.9904143475572047,0.45,0.8,0.5,0.30000000000000004,60.0,35.0,40.0,0.35000000000000003,0.9,0.5,0.2,70.0,25.0,30.0,9064,4983,4081,9064,0.45024271844660196,0.4679385347528064,0.5,0.9358770695056128,2337,0.468994581577363,1.0,1
"iteration_4","SCOPE_DATA_COLLECTION",1500,35,2170.0,2230.0,1,9217,5796,2160,9036,5975,2260,5793,3560,1293,3429,2242,864,0.3718282368249837,0.3864184763874526,0.40055632823365783,0.417046816597456,0.885532288192946,1.2974549003042943,0.834093633194912,0.885532288192946,0.8649699335361962,0.4120490246849646,0.49634831460674156,0.48259860788863107,97.5,100.0,5376,5329,6468,121,8,6406,0.022507440476190476,0.0015012197410395947,0.9904143475572047,0.45,0.8,0.5,0.30000000000000004,60.0,35.0,40.0,0.35000000000000003,0.9,0.5,0.2,70.0,25.0,30.0,5778,3153,2625,5778,0.45430944963655245,0.932326580476802,1.0,0.932326580476802,1691,0.5363146209958769,1.0,1
"iteration_4","SCOPE_DATA_COLLECTION",1500,35,2170.0,2230.0,2,9217,5796,2160,9036,5975,2260,5793,3560,1293,3429,2242,864,0.3718282368249837,0.3864184763874526,0.40055632823365783,0.417046816597456,0.885532288192946,1.2974549003042943,0.834093633194912,0.885532288192946,0.8649699335361962,0.4120490246849646,0.49634831460674156,0.48259860788863107,97.5,100.0,5376,5329,6468,121,8,6406,0.022507440476190476,0.0015012197410395947,0.9904143475572047,0.45,0.8,0.5,0.30000000000000004,60.0,35.0,40.0,0.35000000000000003,0.9,0.5,0.2,70.0,25.0,30.0,2216,1165,1051,2216,0.4742779783393502,1.450929887029136,1.5,0.9672865913527574,670,0.575107296137339,1.0,1
"iteration_4","SCOPE_DATA_COLLECTION",1500,36,2230.0,2290.0,0,9064,5778,2216,9217,5796,2160,4953,3159,1157,4077,2623,1051,0.4514950166112957,0.4536492563126946,0.4759963768115942,0.46470570187530397,0.9302393184880992,1.4465240076927623,0.9294114037506079,0.9302393184880992,0.9643493384618416,0.4655764183323238,0.5346628679962013,0.5730337078651685,97.5,100.0,5289,4140,7629,117,5,7629,0.02212138400453772,0.0012077294685990338,1.0,0.35000000000000003,0.9,0.5,0.2,70.0,25.0,30.0,0.45,0.9,0.4,0.30000000000000004,70.0,20.0,20.0,9090,5576,3514,9090,0.3865786578657866,0.43043313646273595,0.5,0.8608662729254719,2324,0.4167862266857963,1.0,1
"iteration_4","SCOPE_DATA_COLLECTION",1500,36,2230.0,2290.0,1,9064,5778,2216,9217,5796,2160,4953,3159,1157,4077,2623,1051,0.4514950166112957,0.4536492563126946,0.4759963768115942,0.46470570187530397,0.9302393184880992,1.4465240076927623,0.9294114037506079,0.9302393184880992,0.9643493384618416,0.4655764183323238,0.5346628679962013,0.5730337078651685,97.5,100.0,5289,4140,7629,117,5,7629,0.02212138400453772,0.0012077294685990338,1.0,0.35000000000000003,0.9,0.5,0.2,70.0,25.0,30.0,0.45,0.9,0.4,0.30000000000000004,70.0,20.0,20.0,5859,3614,2245,5859,0.3831711896228025,0.842954771082067,1.0,0.842954771082067,1710,0.47315993359158826,1.0,1
"iteration_4","SCOPE_DATA_COLLECTION",1500,36,2230.0,2290.0,2,9064,5778,2216,9217,5796,2160,4953,3159,1157,4077,2623,1051,0.4514950166112957,0.4536492563126946,0.4759963768115942,0.46470570187530397,0.9302393184880992,1.4465240076927623,0.9294114037506079,0.9302393184880992,0.9643493384618416,0.4655764183323238,0.5346628679962013,0.5730337078651685,97.5,100.0,5289,4140,7629,117,5,7629,0.02212138400453772,0.0012077294685990338,1.0,0.35000000000000003,0.9,0.5,0.2,70.0,25.0,30.0,0.45,0.9,0.4,0.30000000000000004,70.0,20.0,20.0,2269,1399,870,2269,0.3834288232701631,1.3090721199824198,1.5,0.8727147466549465,680,0.4860614724803431,1.0,1
"iteration_4","SCOPE_DATA_COLLECTION",1500,37,2290.0,2350.0,0,9090,5859,2269,9064,5778,2216,5602,3610,1401,3518,2247,870,0.3857456140350877,0.38364350350008536,0.38309114927344784,0.4331720916125017,0.8456316299481027,1.31307239145757,0.8663441832250034,0.8456316299481027,0.8753815943050466,0.41895751517315244,0.47368421052631576,0.4889364739471806,100.0,100.0,5254,5424,6540,133,3,6499,0.025314046440807005,5.530973451327434E-4,0.9937308868501529,0.45,0.9,0.4,0.30000000000000004,70.0,20.0,20.0,0.35000000000000003,0.9,0.4,0.30000000000000004,70.0,20.0,20.0,9217,5111,4106,9217,0.4454811760876641,0.4682869616506087,0.5,0.9365739233012174,2469,0.4830757190373704,1.0,1
"iteration_4","SCOPE_DATA_COLLECTION",1500,37,2290.0,2350.0,1,9090,5859,2269,9064,5778,2216,5602,3610,1401,3518,2247,870,0.3857456140350877,0.38364350350008536,0.38309114927344784,0.4331720916125017,0.8456316299481027,1.31307239145757,0.8663441832250034,0.8456316299481027,0.8753815943050466,0.41895751517315244,0.47368421052631576,0.4889364739471806,100.0,100.0,5254,5424,6540,133,3,6499,0.025314046440807005,5.530973451327434E-4,0.9937308868501529,0.45,0.9,0.4,0.30000000000000004,70.0,20.0,20.0,0.35000000000000003,0.9,0.4,0.30000000000000004,70.0,20.0,20.0,5880,3179,2701,5880,0.45935374149659863,0.9300416686565568,1.0,0.9300416686565568,1722,0.5416797735136836,1.0,1
"iteration_4","SCOPE_DATA_COLLECTION",1500,37,2290.0,2350.0,2,9090,5859,2269,9064,5778,2216,5602,3610,1401,3518,2247,870,0.3857456140350877,0.38364350350008536,0.38309114927344784,0.4331720916125017,0.8456316299481027,1.31307239145757,0.8663441832250034,0.8456316299481027,0.8753815943050466,0.41895751517315244,0.47368421052631576,0.4889364739471806,100.0,100.0,5254,5424,6540,133,3,6499,0.025314046440807005,5.530973451327434E-4,0.9937308868501529,0.45,0.9,0.4,0.30000000000000004,70.0,20.0,20.0,0.35000000000000003,0.9,0.4,0.30000000000000004,70.0,20.0,20.0,2243,1204,1039,2243,0.46321890325456977,1.4074489281350506,1.5,0.938299285423367,646,0.5365448504983389,1.0,1
"iteration_4","SCOPE_DATA_COLLECTION",1500,38,2350.0,2410.0,0,9217,5880,2243,9090,5859,2269,5100,3193,1209,4106,2701,1039,0.4460134694764284,0.45826263997285377,0.4621886120996441,0.4678401376356028,0.932971183166052,1.4135907642914483,0.9356802752712056,0.932971183166052,0.9423938428609655,0.48333333333333334,0.5427497651111807,0.5384615384615384,100.0,100.0,5413,4220,7707,138,1,7707,0.02549418067615001,2.3696682464454977E-4,1.0,0.35000000000000003,0.9,0.4,0.30000000000000004,70.0,20.0,20.0,0.8,0.4,0.6000000000000001,0.1,80.0,50.0,95.0,8862,8758,104,8862,0.011735499887158655,0.33486989658284405,0.5,0.6697397931656881,2392,0.2731217172870518,1.0,1
"iteration_4","SCOPE_DATA_COLLECTION",1500,38,2350.0,2410.0,1,9217,5880,2243,9090,5859,2269,5100,3193,1209,4106,2701,1039,0.4460134694764284,0.45826263997285377,0.4621886120996441,0.4678401376356028,0.932971183166052,1.4135907642914483,0.9356802752712056,0.932971183166052,0.9423938428609655,0.48333333333333334,0.5427497651111807,0.5384615384615384,100.0,100.0,5413,4220,7707,138,1,7707,0.02549418067615001,2.3696682464454977E-4,1.0,0.35000000000000003,0.9,0.4,0.30000000000000004,70.0,20.0,20.0,0.8,0.4,0.6000000000000001,0.1,80.0,50.0,95.0,5783,5691,92,5783,0.015908697907660384,0.6419915692917804,1.0,0.6419915692917804,1753,0.30803022315937445,1.0,1
"iteration_4","SCOPE_DATA_COLLECTION",1500,38,2350.0,2410.0,2,9217,5880,2243,9090,5859,2269,5100,3193,1209,4106,2701,1039,0.4460134694764284,0.45826263997285377,0.4621886120996441,0.4678401376356028,0.932971183166052,1.4135907642914483,0.9356802752712056,0.932971183166052,0.9423938428609655,0.48333333333333334,0.5427497651111807,0.5384615384615384,100.0,100.0,5413,4220,7707,138,1,7707,0.02549418067615001,2.3696682464454977E-4,1.0,0.35000000000000003,0.9,0.4,0.30000000000000004,70.0,20.0,20.0,0.8,0.4,0.6000000000000001,0.1,80.0,50.0,95.0,2191,2147,44,2191,0.020082154267457783,0.9762271876649382,1.5,0.6508181251099588,685,0.31904983698183514,1.0,1
"iteration_4","SCOPE_DATA_COLLECTION",1500,39,2410.0,2470.0,0,8862,5783,2191,9217,5880,2243,8768,5672,2140,104,92,44,0.011722272317403066,0.015961138098542677,0.020146520146520148,0.335703265214433,0.6393947692269975,0.9716094556031566,0.671406530428866,0.6393947692269975,0.647739637068771,0.2740647810218978,0.3072990126939351,0.31588785046728973,100.0,100.0,5250,9341,2245,74,147,19,0.014095238095238095,0.015737073118509796,0.008463251670378619,0.8,0.4,0.6000000000000001,0.1,80.0,50.0,95.0,0.8,0.4,0.5,0.1,90.0,40.0,95.0,9137,9032,105,9137,0.011491736893947686,0.33520534799313445,0.5,0.6704106959862689,2408,0.26660761736049604,1.0,1
"iteration_4","SCOPE_DATA_COLLECTION",1500,39,2410.0,2470.0,1,8862,5783,2191,9217,5880,2243,8768,5672,2140,104,92,44,0.011722272317403066,0.015961138098542677,0.020146520146520148,0.335703265214433,0.6393947692269975,0.9716094556031566,0.671406530428866,0.6393947692269975,0.647739637068771,0.2740647810218978,0.3072990126939351,0.31588785046728973,100.0,100.0,5250,9341,2245,74,147,19,0.014095238095238095,0.015737073118509796,0.008463251670378619,0.8,0.4,0.6000000000000001,0.1,80.0,50.0,95.0,0.8,0.4,0.5,0.1,90.0,40.0,95.0,5805,5700,105,5805,0.01808785529715762,0.6488416043040635,1.0,0.6488416043040635,1751,0.30719298245614035,1.0,1
"iteration_4","SCOPE_DATA_COLLECTION",1500,39,2410.0,2470.0,2,8862,5783,2191,9217,5880,2243,8768,5672,2140,104,92,44,0.011722272317403066,0.015961138098542677,0.020146520146520148,0.335703265214433,0.6393947692269975,0.9716094556031566,0.671406530428866,0.6393947692269975,0.647739637068771,0.2740647810218978,0.3072990126939351,0.31588785046728973,100.0,100.0,5250,9341,2245,74,147,19,0.014095238095238095,0.015737073118509796,0.008463251670378619,0.8,0.4,0.6000000000000001,0.1,80.0,50.0,95.0,0.8,0.4,0.5,0.1,90.0,40.0,95.0,2182,2132,50,2182,0.022914757103574702,0.9617067588888454,1.5,0.6411378392592303,658,0.30863039399624764,1.0,1
"iteration_4","SCOPE_DATA_COLLECTION",1500,40,2470.0,2530.0,0,9137,5805,2182,8862,5783,2191,9032,5697,2141,105,105,50,0.011491736893947686,0.01809720785935884,0.022820629849383843,0.3347995301371995,0.648539972108885,0.9700547318577427,0.669599060274399,0.648539972108885,0.6467031545718285,0.2659433126660762,0.30612603124451465,0.31293787949556284,97.5,100.0,5302,9452,2370,76,184,0,0.014334213504337986,0.01946677951756242,0.0,0.8,0.4,0.5,0.1,90.0,40.0,95.0,0.9,0.30000000000000004,0.5,0.1,95.0,50.0,85.0,9220,8352,868,9220,0.09414316702819957,0.37234539790808185,0.5,0.7446907958161637,2464,0.2950191570881226,1.0,1
"iteration_4","SCOPE_DATA_COLLECTION",1500,40,2470.0,2530.0,1,9137,5805,2182,8862,5783,2191,9032,5697,2141,105,105,50,0.011491736893947686,0.01809720785935884,0.022820629849383843,0.3347995301371995,0.648539972108885,0.9700547318577427,0.669599060274399,0.648539972108885,0.6467031545718285,0.2659433126660762,0.30612603124451465,0.31293787949556284,97.5,100.0,5302,9452,2370,76,184,0,0.014334213504337986,0.01946677951756242,0.0,0.8,0.4,0.5,0.1,90.0,40.0,95.0,0.9,0.30000000000000004,0.5,0.1,95.0,50.0,85.0,5798,5228,570,5798,0.09830976198689204,0.6988131061046223,1.0,0.6988131061046223,1750,0.33473603672532515,1.0,1
"iteration_4","SCOPE_DATA_COLLECTION",1500,40,2470.0,2530.0,2,9137,5805,2182,8862,5783,2191,9032,5697,2141,105,105,50,0.011491736893947686,0.01809720785935884,0.022820629849383843,0.3347995301371995,0.648539972108885,0.9700547318577427,0.669599060274399,0.648539972108885,0.6467031545718285,0.2659433126660762,0.30612603124451465,0.31293787949556284,97.5,100.0,5302,9452,2370,76,184,0,0.014334213504337986,0.01946677951756242,0.0,0.8,0.4,0.5,0.1,90.0,40.0,95.0,0.9,0.30000000000000004,0.5,0.1,95.0,50.0,85.0,2254,2039,215,2254,0.09538598047914817,1.0514352737175086,1.5,0.7009568491450057,710,0.3482099068170672,1.0,1
"iteration_4","SCOPE_DATA_COLLECTION",1500,41,2530.0,2590.0,0,9220,5798,2254,9137,5805,2182,8344,5229,2029,868,570,215,0.09422492401215805,0.0982928091050181,0.09581105169340463,0.37178126633979397,0.6980361380723046,1.0488455668738785,0.7435625326795879,0.6980361380723046,0.699230377915919,0.29482262703739215,0.33562822719449226,0.34746180384425823,97.5,100.0,5293,10772,1207,59,1594,0,0.011146797657283204,0.1479762346825102,0.0,0.9,0.30000000000000004,0.5,0.1,95.0,50.0,85.0,0.9,0.30000000000000004,0.4,0.1,95.0,40.0,85.0,9087,8192,895,9087,0.09849235171123583,0.3647586942205439,0.5,0.7295173884410878,2329,0.2843017578125,1.0,1
"iteration_4","SCOPE_DATA_COLLECTION",1500,41,2530.0,2590.0,1,9220,5798,2254,9137,5805,2182,8344,5229,2029,868,570,215,0.09422492401215805,0.0982928091050181,0.09581105169340463,0.37178126633979397,0.6980361380723046,1.0488455668738785,0.7435625326795879,0.6980361380723046,0.699230377915919,0.29482262703739215,0.33562822719449226,0.34746180384425823,97.5,100.0,5293,10772,1207,59,1594,0,0.011146797657283204,0.1479762346825102,0.0,0.9,0.30000000000000004,0.5,0.1,95.0,50.0,85.0,0.9,0.30000000000000004,0.4,0.1,95.0,40.0,85.0,6016,5346,670,6016,0.11136968085106383,0.6876461669333179,1.0,0.6876461669333179,1773,0.33164983164983164,1.0,1
"iteration_4","SCOPE_DATA_COLLECTION",1500,41,2530.0,2590.0,2,9220,5798,2254,9137,5805,2182,8344,5229,2029,868,570,215,0.09422492401215805,0.0982928091050181,0.09581105169340463,0.37178126633979397,0.6980361380723046,1.0488455668738785,0.7435625326795879,0.6980361380723046,0.699230377915919,0.29482262703739215,0.33562822719449226,0.34746180384425823,97.5,100.0,5293,10772,1207,59,1594,0,0.011146797657283204,0.1479762346825102,0.0,0.9,0.30000000000000004,0.5,0.1,95.0,50.0,85.0,0.9,0.30000000000000004,0.4,0.1,95.0,40.0,85.0,2264,2029,235,2264,0.10379858657243816,1.0436090338196884,1.5,0.6957393558797923,690,0.34006899950714636,1.0,1
"iteration_4","SCOPE_DATA_COLLECTION",1500,42,2590.0,2650.0,0,9087,6016,2264,9220,5798,2254,8161,5330,2021,895,670,235,0.09882950530035335,0.11166666666666666,0.10416666666666667,0.36551785802438214,0.6912939755713747,1.040536455783878,0.7310357160487643,0.6912939755713747,0.6936909705225854,0.28672956745496875,0.3345215759849906,0.338941118258288,100.0,100.0,5187,10947,1233,50,1750,0,0.00963948332369385,0.15986114917328947,0.0,0.9,0.30000000000000004,0.4,0.1,95.0,40.0,85.0,0.8,0.30000000000000004,0.30000000000000004,0.1,95.0,50.0,95.0,8961,8785,176,8961,0.019640665104341034,0.3012399316146189,0.5,0.6024798632292379,2119,0.24120660216277745,1.0,1
"iteration_4","SCOPE_DATA_COLLECTION",1500,42,2590.0,2650.0,1,9087,6016,2264,9220,5798,2254,8161,5330,2021,895,670,235,0.09882950530035335,0.11166666666666666,0.10416666666666667,0.36551785802438214,0.6912939755713747,1.040536455783878,0.7310357160487643,0.6912939755713747,0.6936909705225854,0.28672956745496875,0.3345215759849906,0.338941118258288,100.0,100.0,5187,10947,1233,50,1750,0,0.00963948332369385,0.15986114917328947,0.0,0.9,0.30000000000000004,0.4,0.1,95.0,40.0,85.0,0.8,0.30000000000000004,0.30000000000000004,0.1,95.0,50.0,95.0,5778,5631,147,5778,0.02544132917964694,0.612000685845902,1.0,0.612000685845902,1707,0.3031433137986148,1.0,1
"iteration_4","SCOPE_DATA_COLLECTION",1500,42,2590.0,2650.0,2,9087,6016,2264,9220,5798,2254,8161,5330,2021,895,670,235,0.09882950530035335,0.11166666666666666,0.10416666666666667,0.36551785802438214,0.6912939755713747,1.040536455783878,0.7310357160487643,0.6912939755713747,0.6936909705225854,0.28672956745496875,0.3345215759849906,0.338941118258288,100.0,100.0,5187,10947,1233,50,1750,0,0.00963948332369385,0.15986114917328947,0.0,0.9,0.30000000000000004,0.4,0.1,95.0,40.0,85.0,0.8,0.30000000000000004,0.30000000000000004,0.1,95.0,50.0,95.0,2280,2209,71,2280,0.031140350877192982,0.9578109836919457,1.5,0.6385406557946305,685,0.31009506564056133,1.0,1
"iteration_4","SCOPE_DATA_COLLECTION",1500,43,2650.0,2710.0,0,8961,5778,2280,9087,6016,2264,8825,5651,2224,169,137,62,0.018790304647542805,0.02366966136834831,0.02712160979877515,0.3013550127970177,0.6084177678353327,0.9616701621332644,0.6027100255940354,0.6084177678353327,0.6411134414221763,0.23988668555240794,0.2995929923907273,0.31160071942446044,97.5,100.0,5132,9481,2406,44,307,17,0.00857365549493375,0.032380550574833876,0.007065669160432253,0.8,0.30000000000000004,0.30000000000000004,0.1,95.0,50.0,95.0,0.9,0.4,0.30000000000000004,0.1,85.0,50.0,85.0,9039,8082,957,9039,0.10587454364420842,0.3555108357020607,0.5,0.7110216714041214,2402,0.2972036624597872,1.0,1
"iteration_4","SCOPE_DATA_COLLECTION",1500,43,2650.0,2710.0,1,8961,5778,2280,9087,6016,2264,8825,5651,2224,169,137,62,0.018790304647542805,0.02366966136834831,0.02712160979877515,0.3013550127970177,0.6084177678353327,0.9616701621332644,0.6027100255940354,0.6084177678353327,0.6411134414221763,0.23988668555240794,0.2995929923907273,0.31160071942446044,97.5,100.0,5132,9481,2406,44,307,17,0.00857365549493375,0.032380550574833876,0.007065669160432253,0.8,0.30000000000000004,0.30000000000000004,0.1,95.0,50.0,95.0,0.9,0.4,0.30000000000000004,0.1,85.0,50.0,85.0,5826,5183,643,5826,0.1103673189152077,0.6562618008563942,1.0,0.6562618008563942,1605,0.30966621647694387,1.0,1
"iteration_4","SCOPE_DATA_COLLECTION",1500,43,2650.0,2710.0,2,8961,5778,2280,9087,6016,2264,8825,5651,2224,169,137,62,0.018790304647542805,0.02366966136834831,0.02712160979877515,0.3013550127970177,0.6084177678353327,0.9616701621332644,0.6027100255940354,0.6084177678353327,0.6411134414221763,0.23988668555240794,0.2995929923907273,0.31160071942446044,97.5,100.0,5132,9481,2406,44,307,17,0.00857365549493375,0.032380550574833876,0.007065669160432253,0.8,0.30000000000000004,0.30000000000000004,0.1,95.0,50.0,95.0,0.9,0.4,0.30000000000000004,0.1,85.0,50.0,85.0,2338,2037,301,2338,0.12874251497005987,1.068815775403876,1.5,0.7125438502692507,728,0.35738831615120276,1.0,1
"iteration_4","SCOPE_DATA_COLLECTION",1500,44,2710.0,2770.0,0,9039,5826,2338,8961,5778,2280,8083,5184,2033,959,641,306,0.10606060606060606,0.11004291845493562,0.1308251389482685,0.35599825744847036,0.6577385875419978,1.066081433457667,0.7119965148969407,0.6577385875419978,0.7107209556384446,0.29741432636397375,0.3097993827160494,0.35563207083128384,97.5,100.0,5057,10975,1171,55,1851,0,0.010876013446707534,0.16865603644646926,0.0,0.9,0.4,0.30000000000000004,0.1,85.0,50.0,85.0,0.9,0.4,0.30000000000000004,0.1,85.0,50.0,85.0,9239,8669,570,9239,0.061694988635133674,0.338846929217313,0.5,0.677693858434626,2319,0.2675049025262429,1.0,1
"iteration_4","SCOPE_DATA_COLLECTION",1500,44,2710.0,2770.0,1,9039,5826,2338,8961,5778,2280,8083,5184,2033,959,641,306,0.10606060606060606,0.11004291845493562,0.1308251389482685,0.35599825744847036,0.6577385875419978,1.066081433457667,0.7119965148969407,0.6577385875419978,0.7107209556384446,0.29741432636397375,0.3097993827160494,0.35563207083128384,97.5,100.0,5057,10975,1171,55,1851,0,0.010876013446707534,0.16865603644646926,0.0,0.9,0.4,0.30000000000000004,0.1,85.0,50.0,85.0,0.9,0.4,0.30000000000000004,0.1,85.0,50.0,85.0,5824,5451,373,5824,0.06404532967032966,0.6444322187323925,1.0,0.6444322187323925,1709,0.3135204549623922,1.0,1
"iteration_4","SCOPE_DATA_COLLECTION",1500,44,2710.0,2770.0,2,9039,5826,2338,8961,5778,2280,8083,5184,2033,959,641,306,0.10606060606060606,0.11004291845493562,0.1308251389482685,0.35599825744847036,0.6577385875419978,1.066081433457667,0.7119965148969407,0.6577385875419978,0.7107209556384446,0.29741432636397375,0.3097993827160494,0.35563207083128384,97.5,100.0,5057,10975,1171,55,1851,0,0.010876013446707534,0.16865603644646926,0.0,0.9,0.4,0.30000000000000004,0.1,85.0,50.0,85.0,0.9,0.4,0.30000000000000004,0.1,85.0,50.0,85.0,2220,2049,171,2220,0.07702702702702703,0.9841795601449828,1.5,0.6561197067633219,647,0.31576378721327475,1.0,1
"iteration_4","SCOPE_DATA_COLLECTION",1500,45,2770.0,2830.0,0,9239,5824,2220,9039,5826,2338,8646,5441,2048,575,385,175,0.06235766185880057,0.06608307586680398,0.07872244714349977,0.33782618473526854,0.6448992996572424,0.9858382876156273,0.6756523694705371,0.6448992996572424,0.6572255250770849,0.26636594957205645,0.31464804263922075,0.31689453125,100.0,100.0,5244,10795,1244,54,1081,0,0.010297482837528604,0.10013895321908291,0.0,0.9,0.4,0.30000000000000004,0.1,85.0,50.0,85.0,0.8,0.4,0.30000000000000004,0.1,95.0,40.0,95.0,9056,9008,48,9056,0.00530035335689046,0.3136236549583303,0.5,0.6272473099166606,2294,0.2546625222024867,1.0,1
"iteration_4","SCOPE_DATA_COLLECTION",1500,45,2770.0,2830.0,1,9239,5824,2220,9039,5826,2338,8646,5441,2048,575,385,175,0.06235766185880057,0.06608307586680398,0.07872244714349977,0.33782618473526854,0.6448992996572424,0.9858382876156273,0.6756523694705371,0.6448992996572424,0.6572255250770849,0.26636594957205645,0.31464804263922075,0.31689453125,100.0,100.0,5244,10795,1244,54,1081,0,0.010297482837528604,0.10013895321908291,0.0,0.9,0.4,0.30000000000000004,0.1,85.0,50.0,85.0,0.8,0.4,0.30000000000000004,0.1,95.0,40.0,95.0,5728,5680,48,5728,0.008379888268156424,0.6089492908039323,1.0,0.6089492908039323,1675,0.2948943661971831,1.0,1
"iteration_4","SCOPE_DATA_COLLECTION",1500,45,2770.0,2830.0,2,9239,5824,2220,9039,5826,2338,8646,5441,2048,575,385,175,0.06235766185880057,0.06608307586680398,0.07872244714349977,0.33782618473526854,0.6448992996572424,0.9858382876156273,0.6756523694705371,0.6448992996572424,0.6572255250770849,0.26636594957205645,0.31464804263922075,0.31689453125,100.0,100.0,5244,10795,1244,54,1081,0,0.010297482837528604,0.10013895321908291,0.0,0.9,0.4,0.30000000000000004,0.1,85.0,50.0,85.0,0.8,0.4,0.30000000000000004,0.1,95.0,40.0,95.0,2304,2287,17,2304,0.007378472222222222,0.9294391316271684,1.5,0.6196260877514456,671,0.2933974639265413,1.0,1
"iteration_4","SCOPE_DATA_COLLECTION",1500,46,2830.0,2890.0,0,9056,5728,2304,9239,5824,2220,9015,5686,2288,48,48,17,0.005296259516716319,0.008371119637251482,0.00737527114967462,0.31313106439267274,0.6086185081338574,0.9296960860305844,0.6262621287853455,0.6086185081338574,0.6197973906870563,0.2540210759844703,0.2947590573338023,0.2937062937062937,100.0,100.0,5186,9511,2391,40,73,0,0.007713073659853451,0.0076753233098517505,0.0,0.8,0.4,0.30000000000000004,0.1,95.0,40.0,95.0,0.8,0.30000000000000004,0.30000000000000004,0.1,95.0,30.0,95.0,8960,8942,18,8960,0.0020089285714285712,0.316791470465592,0.5,0.633582940931184,2340,0.26168642361887723,1.0,1
"iteration_4","SCOPE_DATA_COLLECTION",1500,46,2830.0,2890.0,1,9056,5728,2304,9239,5824,2220,9015,5686,2288,48,48,17,0.005296259516716319,0.008371119637251482,0.00737527114967462,0.31313106439267274,0.6086185081338574,0.9296960860305844,0.6262621287853455,0.6086185081338574,0.6197973906870563,0.2540210759844703,0.2947590573338023,0.2937062937062937,100.0,100.0,5186,9511,2391,40,73,0,0.007713073659853451,0.0076753233098517505,0.0,0.8,0.4,0.30000000000000004,0.1,95.0,40.0,95.0,0.8,0.30000000000000004,0.30000000000000004,0.1,95.0,30.0,95.0,5964,5931,33,5964,0.005533199195171026,0.612967950082517,1.0,0.612967950082517,1753,0.29556567189344124,1.0,1
"iteration_4","SCOPE_DATA_COLLECTION",1500,46,2830.0,2890.0,2,9056,5728,2304,9239,5824,2220,9015,5686,2288,48,48,17,0.005296259516716319,0.008371119637251482,0.00737527114967462,0.31313106439267274,0.6086185081338574,0.9296960860305844,0.6262621287853455,0.6086185081338574,0.6197973906870563,0.2540210759844703,0.2947590573338023,0.2937062937062937,100.0,100.0,5186,9511,2391,40,73,0,0.007713073659853451,0.0076753233098517505,0.0,0.8,0.4,0.30000000000000004,0.1,95.0,40.0,95.0,0.8,0.30000000000000004,0.30000000000000004,0.1,95.0,30.0,95.0,2214,2191,23,2214,0.01038843721770551,0.9427301427572459,1.5,0.6284867618381639,652,0.2975810132359653,1.0,1
"iteration_4","SCOPE_DATA_COLLECTION",1500,47,2890.0,2950.0,0,8960,5964,2214,9056,5728,2304,8954,5940,2181,18,33,23,0.0020062416406598305,0.0055248618784530384,0.010435571687840291,0.318548960734617,0.6154180998369853,0.9393568857404261,0.637097921469234,0.6154180998369853,0.6262379238269508,0.2640160821979004,0.2968013468013468,0.29573590096286106,97.5,100.0,5298,9517,2323,53,21,0,0.010003775009437523,0.0022065777030576862,0.0,0.8,0.30000000000000004,0.30000000000000004,0.1,95.0,30.0,95.0,0.9,0.4,0.4,0.2,95.0,20.0,85.0,9119,8251,868,9119,0.09518587564425923,0.3650211563101314,0.5,0.7300423126202628,2432,0.2947521512543934,1.0,1
"iteration_4","SCOPE_DATA_COLLECTION",1500,47,2890.0,2950.0,1,8960,5964,2214,9056,5728,2304,8954,5940,2181,18,33,23,0.0020062416406598305,0.0055248618784530384,0.010435571687840291,0.318548960734617,0.6154180998369853,0.9393568857404261,0.637097921469234,0.6154180998369853,0.6262379238269508,0.2640160821979004,0.2968013468013468,0.29573590096286106,97.5,100.0,5298,9517,2323,53,21,0,0.010003775009437523,0.0022065777030576862,0.0,0.8,0.30000000000000004,0.30000000000000004,0.1,95.0,30.0,95.0,0.9,0.4,0.4,0.2,95.0,20.0,85.0,5743,5160,583,5743,0.10151488768936096,0.6850214465716086,1.0,0.6850214465716086,1706,0.3306201550387597,1.0,1
"iteration_4","SCOPE_DATA_COLLECTION",1500,47,2890.0,2950.0,2,8960,5964,2214,9056,5728,2304,8954,5940,2181,18,33,23,0.0020062416406598305,0.0055248618784530384,0.010435571687840291,0.318548960734617,0.6154180998369853,0.9393568857404261,0.637097921469234,0.6154180998369853,0.6262379238269508,0.2640160821979004,0.2968013468013468,0.29573590096286106,97.5,100.0,5298,9517,2323,53,21,0,0.010003775009437523,0.0022065777030576862,0.0,0.8,0.30000000000000004,0.30000000000000004,0.1,95.0,30.0,95.0,0.9,0.4,0.4,0.2,95.0,20.0,85.0,2187,1943,244,2187,0.11156835848193873,1.064298541317083,1.5,0.7095323608780553,652,0.3355635615028307,1.0,1
"iteration_4","SCOPE_DATA_COLLECTION",1500,48,2950.0,3010.0,0,9119,5743,2187,8960,5964,2214,8237,5151,1949,868,583,244,0.09533223503569467,0.10167422392745029,0.11126310989512084,0.3640049041118847,0.6820204882346363,1.0728576325779116,0.7280098082237694,0.6820204882346363,0.7152384217186077,0.29343207478450894,0.3292564550572704,0.34068753206772706,100.0,100.0,5295,10558,1196,88,1607,0,0.016619452313503306,0.15220685735934836,0.0,0.9,0.4,0.4,0.2,95.0,20.0,85.0,0.9,0.4,0.4,0.2,95.0,20.0,85.0,9080,8685,395,9080,0.043502202643171804,0.3582391562463256,0.5,0.7164783124926511,2424,0.27910189982728845,1.0,1
"iteration_4","SCOPE_DATA_COLLECTION",1500,48,2950.0,3010.0,1,9119,5743,2187,8960,5964,2214,8237,5151,1949,868,583,244,0.09533223503569467,0.10167422392745029,0.11126310989512084,0.3640049041118847,0.6820204882346363,1.0728576325779116,0.7280098082237694,0.6820204882346363,0.7152384217186077,0.29343207478450894,0.3292564550572704,0.34068753206772706,100.0,100.0,5295,10558,1196,88,1607,0,0.016619452313503306,0.15220685735934836,0.0,0.9,0.4,0.4,0.2,95.0,20.0,85.0,0.9,0.4,0.4,0.2,95.0,20.0,85.0,5836,5545,291,5836,0.049862919808087734,0.6921290870533724,1.0,0.6921290870533724,1845,0.3327321911632101,1.0,1
"iteration_4","SCOPE_DATA_COLLECTION",1500,48,2950.0,3010.0,2,9119,5743,2187,8960,5964,2214,8237,5151,1949,868,583,244,0.09533223503569467,0.10167422392745029,0.11126310989512084,0.3640049041118847,0.6820204882346363,1.0728576325779116,0.7280098082237694,0.6820204882346363,0.7152384217186077,0.29343207478450894,0.3292564550572704,0.34068753206772706,100.0,100.0,5295,10558,1196,88,1607,0,0.016619452313503306,0.15220685735934836,0.0,0.9,0.4,0.4,0.2,95.0,20.0,85.0,0.9,0.4,0.4,0.2,95.0,20.0,85.0,2222,2113,109,2222,0.049054905490549056,0.9894287037093392,1.5,0.6596191358062261,647,0.30619971604354,1.0,1
"iteration_4","SCOPE_DATA_COLLECTION",1500,49,3010.0,3070.0,0,9080,5836,2222,9119,5743,2187,8672,5539,2111,395,290,109,0.04356457483180765,0.04975124378109453,0.0490990990990991,0.3579422029502657,0.6911186623478192,0.9784640280256669,0.7158844059005314,0.6911186623478192,0.6523093520171113,0.2789437269372694,0.3316483119696696,0.300805305542397,100.0,100.0,5339,10584,1215,73,721,0,0.013672972466754073,0.06812169312169312,0.0,0.9,0.4,0.4,0.2,95.0,20.0,85.0,0.9500000000000001,0.5,0.4,0.1,95.0,20.0,85.0,8961,7740,1221,8961,0.1362571141613659,0.399923401977452,0.5,0.799846803954904,2571,0.3321705426356589,1.0,1
"iteration_4","SCOPE_DATA_COLLECTION",1500,49,3010.0,3070.0,1,9080,5836,2222,9119,5743,2187,8672,5539,2111,395,290,109,0.04356457483180765,0.04975124378109453,0.0490990990990991,0.3579422029502657,0.6911186623478192,0.9784640280256669,0.7158844059005314,0.6911186623478192,0.6523093520171113,0.2789437269372694,0.3316483119696696,0.300805305542397,100.0,100.0,5339,10584,1215,73,721,0,0.013672972466754073,0.06812169312169312,0.0,0.9,0.4,0.4,0.2,95.0,20.0,85.0,0.9500000000000001,0.5,0.4,0.1,95.0,20.0,85.0,5822,5028,794,5822,0.13637925111645482,0.7295548741431845,1.0,0.7295548741431845,1761,0.3502386634844869,1.0,1
"iteration_4","SCOPE_DATA_COLLECTION",1500,49,3010.0,3070.0,2,9080,5836,2222,9119,5743,2187,8672,5539,2111,395,290,109,0.04356457483180765,0.04975124378109453,0.0490990990990991,0.3579422029502657,0.6911186623478192,0.9784640280256669,0.7158844059005314,0.6911186623478192,0.6523093520171113,0.2789437269372694,0.3316483119696696,0.300805305542397,100.0,100.0,5339,10584,1215,73,721,0,0.013672972466754073,0.06812169312169312,0.0,0.9,0.4,0.4,0.2,95.0,20.0,85.0,0.9500000000000001,0.5,0.4,0.1,95.0,20.0,85.0,2226,1934,292,2226,0.13117699910152741,1.0640120171744278,1.5,0.7093413447829519,657,0.33971044467425027,1.0,1
"iteration_4","SCOPE_DATA_COLLECTION",1500,50,3070.0,3130.0,0,8961,5822,2226,9080,5836,2222,7717,5013,1930,1221,794,291,0.13660774222421124,0.1367315309109695,0.1310220621341738,0.3988975828803177,0.7294535615286675,1.0657676619755292,0.7977951657606354,0.7294535615286675,0.7105117746503528,0.3305688739147337,0.3526830241372432,0.34145077720207256,97.5,100.0,5252,11207,550,65,2241,0,0.012376237623762377,0.19996430802177212,0.0,0.9500000000000001,0.5,0.4,0.1,95.0,20.0,85.0,0.9500000000000001,0.5,0.4,0.1,95.0,20.0,85.0,9141,7291,1850,9141,0.20238485942457063,0.4444000997820814,0.5,0.8888001995641628,2398,0.32889864216156905,1.0,1
"iteration_4","SCOPE_DATA_COLLECTION",1500,50,3070.0,3130.0,1,8961,5822,2226,9080,5836,2222,7717,5013,1930,1221,794,291,0.13660774222421124,0.1367315309109695,0.1310220621341738,0.3988975828803177,0.7294535615286675,1.0657676619755292,0.7977951657606354,0.7294535615286675,0.7105117746503528,0.3305688739147337,0.3526830241372432,0.34145077720207256,97.5,100.0,5252,11207,550,65,2241,0,0.012376237623762377,0.19996430802177212,0.0,0.9500000000000001,0.5,0.4,0.1,95.0,20.0,85.0,0.9500000000000001,0.5,0.4,0.1,95.0,20.0,85.0,5758,4670,1088,5758,0.18895449808961445,0.7847736505994711,1.0,0.7847736505994711,1784,0.38201284796573876,1.0,1
"iteration_4","SCOPE_DATA_COLLECTION",1500,50,3070.0,3130.0,2,8961,5822,2226,9080,5836,2222,7717,5013,1930,1221,794,291,0.13660774222421124,0.1367315309109695,0.1310220621341738,0.3988975828803177,0.7294535615286675,1.0657676619755292,0.7977951657606354,0.7294535615286675,0.7105117746503528,0.3305688739147337,0.3526830241372432,0.34145077720207256,97.5,100.0,5252,11207,550,65,2241,0,0.012376237623762377,0.19996430802177212,0.0,0.9500000000000001,0.5,0.4,0.1,95.0,20.0,85.0,0.9500000000000001,0.5,0.4,0.1,95.0,20.0,85.0,2234,1768,466,2234,0.20859444941808417,1.1414458045244107,1.5,0.7609638696829405,659,0.372737556561086,1.0,1
"iteration_4","SCOPE_DATA_COLLECTION",1500,51,3130.0,3190.0,0,9141,5758,2234,8961,5822,2226,7322,4686,1769,1850,1089,467,0.20170082860880942,0.18857142857142858,0.20885509838998212,0.4444494773324144,0.7851247108599337,1.1473094868250926,0.8888989546648288,0.7851247108599337,0.7648729912167284,0.330237639989074,0.38028169014084506,0.3747880158281515,100.0,100.0,5192,11351,590,59,3347,0,0.011363636363636364,0.29486388864417235,0.0,0.9500000000000001,0.5,0.4,0.1,95.0,20.0,85.0,0.05,0.7000000000000001,0.8,0.7000000000000001,55.0,60.0,20.0,9201,3298,5903,9201,0.6415606999239213,0.6586794702404191,0.5,1.3173589404808381,2401,0.7280169799878714,1.0,1
"iteration_4","SCOPE_DATA_COLLECTION",1500,51,3130.0,3190.0,1,9141,5758,2234,8961,5822,2226,7322,4686,1769,1850,1089,467,0.20170082860880942,0.18857142857142858,0.20885509838998212,0.4444494773324144,0.7851247108599337,1.1473094868250926,0.8888989546648288,0.7851247108599337,0.7648729912167284,0.330237639989074,0.38028169014084506,0.3747880158281515,100.0,100.0,5192,11351,590,59,3347,0,0.011363636363636364,0.29486388864417235,0.0,0.9500000000000001,0.5,0.4,0.1,95.0,20.0,85.0,0.05,0.7000000000000001,0.8,0.7000000000000001,55.0,60.0,20.0,5863,2050,3813,5863,0.6503496503496503,1.373395693601808,1.0,1.373395693601808,1767,0.8619512195121951,1.0,1
"iteration_4","SCOPE_DATA_COLLECTION",1500,51,3130.0,3190.0,2,9141,5758,2234,8961,5822,2226,7322,4686,1769,1850,1089,467,0.20170082860880942,0.18857142857142858,0.20885509838998212,0.4444494773324144,0.7851247108599337,1.1473094868250926,0.8888989546648288,0.7851247108599337,0.7648729912167284,0.330237639989074,0.38028169014084506,0.3747880158281515,100.0,100.0,5192,11351,590,59,3347,0,0.011363636363636364,0.29486388864417235,0.0,0.9500000000000001,0.5,0.4,0.1,95.0,20.0,85.0,0.05,0.7000000000000001,0.8,0.7000000000000001,55.0,60.0,20.0,2202,688,1514,2202,0.6875567665758402,2.12305594715746,1.5,1.4153706314383065,612,0.8895348837209303,1.0,1
"iteration_4","SCOPE_DATA_COLLECTION",1500,52,3190.0,3250.0,0,9201,5863,2202,9141,5758,2234,3313,2078,702,5903,3813,1514,0.6405164930555556,0.6472585299609573,0.6832129963898917,0.6560733016516025,1.3674760112629967,2.0845154605195275,1.312146603303205,1.3674760112629967,1.389676973679685,0.7232115907032901,0.856111645813282,0.8689458689458689,100.0,100.0,5526,588,11152,166,1,11063,0.030039811798769453,0.0017006802721088435,0.992019368723099,0.05,0.7000000000000001,0.8,0.7000000000000001,55.0,60.0,20.0,0.05,0.7000000000000001,0.9,0.7000000000000001,45.0,60.0,20.0,8969,3145,5824,8969,0.6493477533727283,0.6624091224182047,0.5,1.3248182448364094,2322,0.738314785373609,1.0,1
"iteration_4","SCOPE_DATA_COLLECTION",1500,52,3190.0,3250.0,1,9201,5863,2202,9141,5758,2234,3313,2078,702,5903,3813,1514,0.6405164930555556,0.6472585299609573,0.6832129963898917,0.6560733016516025,1.3674760112629967,2.0845154605195275,1.312146603303205,1.3674760112629967,1.389676973679685,0.7232115907032901,0.856111645813282,0.8689458689458689,100.0,100.0,5526,588,11152,166,1,11063,0.030039811798769453,0.0017006802721088435,0.992019368723099,0.05,0.7000000000000001,0.8,0.7000000000000001,55.0,60.0,20.0,0.05,0.7000000000000001,0.9,0.7000000000000001,45.0,60.0,20.0,5698,1959,3739,5698,0.6561951561951562,1.380674996347667,1.0,1.380674996347667,1705,0.8703420112302195,1.0,1
"iteration_4","SCOPE_DATA_COLLECTION",1500,52,3190.0,3250.0,2,9201,5863,2202,9141,5758,2234,3313,2078,702,5903,3813,1514,0.6405164930555556,0.6472585299609573,0.6832129963898917,0.6560733016516025,1.3674760112629967,2.0845154605195275,1.312146603303205,1.3674760112629967,1.389676973679685,0.7232115907032901,0.856111645813282,0.8689458689458689,100.0,100.0,5526,588,11152,166,1,11063,0.030039811798769453,0.0017006802721088435,0.992019368723099,0.05,0.7000000000000001,0.8,0.7000000000000001,55.0,60.0,20.0,0.05,0.7000000000000001,0.9,0.7000000000000001,45.0,60.0,20.0,2227,726,1501,2227,0.6740008980691513,2.127430190999044,1.5,1.4182867939993626,652,0.8980716253443526,1.0,1
"iteration_4","SCOPE_DATA_COLLECTION",1500,53,3250.0,3310.0,0,8969,5698,2227,9201,5863,2202,3167,1943,727,5824,3739,1501,0.6477588699810922,0.658042942625836,0.6736983842010772,0.6653898724350928,1.3765083889962308,2.128283725542113,1.3307797448701857,1.3765083889962308,1.4188558170280754,0.741079886327755,0.8687596500257334,0.8982118294360385,97.5,100.0,5428,567,10899,164,1,10899,0.03021370670596905,0.001763668430335097,1.0,0.05,0.7000000000000001,0.9,0.7000000000000001,45.0,60.0,20.0,0.4,0.8,0.2,0.8,80.0,60.0,45.0,9169,5424,3745,9169,0.40844148762133275,0.4376377865650917,0.5,0.8752755731301834,2365,0.43602507374631266,1.0,1
"iteration_4","SCOPE_DATA_COLLECTION",1500,53,3250.0,3310.0,1,8969,5698,2227,9201,5863,2202,3167,1943,727,5824,3739,1501,0.6477588699810922,0.658042942625836,0.6736983842010772,0.6653898724350928,1.3765083889962308,2.128283725542113,1.3307797448701857,1.3765083889962308,1.4188558170280754,0.741079886327755,0.8687596500257334,0.8982118294360385,97.5,100.0,5428,567,10899,164,1,10899,0.03021370670596905,0.001763668430335097,1.0,0.05,0.7000000000000001,0.9,0.7000000000000001,45.0,60.0,20.0,0.4,0.8,0.2,0.8,80.0,60.0,45.0,5713,3332,2381,5713,0.4167687729739191,0.8228484260530411,1.0,0.8228484260530411,1678,0.5036014405762305,1.0,1
"iteration_4","SCOPE_DATA_COLLECTION",1500,53,3250.0,3310.0,2,8969,5698,2227,9201,5863,2202,3167,1943,727,5824,3739,1501,0.6477588699810922,0.658042942625836,0.6736983842010772,0.6653898724350928,1.3765083889962308,2.128283725542113,1.3307797448701857,1.3765083889962308,1.4188558170280754,0.741079886327755,0.8687596500257334,0.8982118294360385,97.5,100.0,5428,567,10899,164,1,10899,0.03021370670596905,0.001763668430335097,1.0,0.05,0.7000000000000001,0.9,0.7000000000000001,45.0,60.0,20.0,0.4,0.8,0.2,0.8,80.0,60.0,45.0,2213,1243,970,2213,0.43831902394939,1.362589280349507,1.5,0.908392853566338,639,0.5140788415124699,1.0,1
"iteration_4","SCOPE_DATA_COLLECTION",1500,54,3310.0,3370.0,0,9169,5713,2213,8969,5698,2227,5395,3340,1248,3745,2381,969,0.4097374179431072,0.41618598147177066,0.4370771312584574,0.43614932712174165,0.8291647971024051,1.3691290363099808,0.8722986542434833,0.8291647971024051,0.9127526908733206,0.43373493975903615,0.5059880239520959,0.5168269230769231,100.0,100.0,5388,4698,7009,81,5,7009,0.015033407572383074,0.0010642826734780758,1.0,0.4,0.8,0.2,0.8,80.0,60.0,45.0,0.25,0.30000000000000004,0.7000000000000001,0.30000000000000004,65.0,25.0,75.0,9298,4436,4862,9298,0.5229081522908152,0.4846777606770279,0.5,0.9693555213540558,2233,0.5033814247069431,1.0,1
"iteration_4","SCOPE_DATA_COLLECTION",1500,54,3310.0,3370.0,1,9169,5713,2213,8969,5698,2227,5395,3340,1248,3745,2381,969,0.4097374179431072,0.41618598147177066,0.4370771312584574,0.43614932712174165,0.8291647971024051,1.3691290363099808,0.8722986542434833,0.8291647971024051,0.9127526908733206,0.43373493975903615,0.5059880239520959,0.5168269230769231,100.0,100.0,5388,4698,7009,81,5,7009,0.015033407572383074,0.0010642826734780758,1.0,0.4,0.8,0.2,0.8,80.0,60.0,45.0,0.25,0.30000000000000004,0.7000000000000001,0.30000000000000004,65.0,25.0,75.0,5902,2817,3085,5902,0.5227041680786174,1.0522012825621045,1.0,1.0522012825621045,1738,0.6169684061057863,1.0,1
"iteration_4","SCOPE_DATA_COLLECTION",1500,54,3310.0,3370.0,2,9169,5713,2213,8969,5698,2227,5395,3340,1248,3745,2381,969,0.4097374179431072,0.41618598147177066,0.4370771312584574,0.43614932712174165,0.8291647971024051,1.3691290363099808,0.8722986542434833,0.8291647971024051,0.9127526908733206,0.43373493975903615,0.5059880239520959,0.5168269230769231,100.0,100.0,5388,4698,7009,81,5,7009,0.015033407572383074,0.0010642826734780758,1.0,0.4,0.8,0.2,0.8,80.0,60.0,45.0,0.25,0.30000000000000004,0.7000000000000001,0.30000000000000004,65.0,25.0,75.0,2283,1053,1230,2283,0.5387647831800263,1.5716072031562178,1.5,1.0477381354374786,654,0.6210826210826211,1.0,1
"iteration_4","SCOPE_DATA_COLLECTION",1500,55,3370.0,3430.0,0,9298,5902,2283,9169,5713,2213,4466,2813,1049,4862,3085,1231,0.5212264150943396,0.5230586639538827,0.5399122807017543,0.4873009871411663,1.0488747460382877,1.5688647300423268,0.9746019742823326,1.0488747460382877,1.045909820028218,0.5071652485445589,0.6167792392463562,0.6205910390848427,100.0,100.0,5420,3031,9032,144,2,9032,0.026568265682656828,6.598482349059716E-4,1.0,0.25,0.30000000000000004,0.7000000000000001,0.30000000000000004,65.0,25.0,75.0,0.25,0.30000000000000004,0.7000000000000001,0.2,75.0,20.0,75.0,8960,4301,4659,8960,0.5199776785714286,0.4900009737047614,0.5,0.9800019474095228,2230,0.5184840734712858,1.0,1
"iteration_4","SCOPE_DATA_COLLECTION",1500,55,3370.0,3430.0,1,9298,5902,2283,9169,5713,2213,4466,2813,1049,4862,3085,1231,0.5212264150943396,0.5230586639538827,0.5399122807017543,0.4873009871411663,1.0488747460382877,1.5688647300423268,0.9746019742823326,1.0488747460382877,1.045909820028218,0.5071652485445589,0.6167792392463562,0.6205910390848427,100.0,100.0,5420,3031,9032,144,2,9032,0.026568265682656828,6.598482349059716E-4,1.0,0.25,0.30000000000000004,0.7000000000000001,0.30000000000000004,65.0,25.0,75.0,0.25,0.30000000000000004,0.7000000000000001,0.2,75.0,20.0,75.0,5929,2842,3087,5929,0.5206611570247934,1.045164396958023,1.0,1.045164396958023,1764,0.6206896551724138,1.0,1
"iteration_4","SCOPE_DATA_COLLECTION",1500,55,3370.0,3430.0,2,9298,5902,2283,9169,5713,2213,4466,2813,1049,4862,3085,1231,0.5212264150943396,0.5230586639538827,0.5399122807017543,0.4873009871411663,1.0488747460382877,1.5688647300423268,0.9746019742823326,1.0488747460382877,1.045909820028218,0.5071652485445589,0.6167792392463562,0.6205910390848427,100.0,100.0,5420,3031,9032,144,2,9032,0.026568265682656828,6.598482349059716E-4,1.0,0.25,0.30000000000000004,0.7000000000000001,0.30000000000000004,65.0,25.0,75.0,0.25,0.30000000000000004,0.7000000000000001,0.2,75.0,20.0,75.0,2250,1035,1215,2250,0.54,1.568418039137317,1.5,1.0456120260915447,650,0.6280193236714976,1.0,1
"iteration_4","SCOPE_DATA_COLLECTION",1500,56,3430.0,3490.0,0,8960,5929,2250,9298,5902,2283,4290,2842,1035,4659,3087,1215,0.5206168286959437,0.5206611570247934,0.54,0.4885261305306343,1.0438260065855451,1.565282102933991,0.9770522610612686,1.0438260065855451,1.043521401955994,0.5163170163170163,0.61963406052076,0.6260869565217392,100.0,100.0,5329,2969,8841,115,5,8841,0.021580033777444173,0.001684068710003368,1.0,0.25,0.30000000000000004,0.7000000000000001,0.2,75.0,20.0,75.0,0.25,0.4,0.8,0.1,35.0,90.0,35.0,9103,4371,4732,9103,0.51982862792486,0.49791585833114205,0.5,0.9958317166622841,2320,0.5307709906199954,1.0,1
"iteration_4","SCOPE_DATA_COLLECTION",1500,56,3430.0,3490.0,1,8960,5929,2250,9298,5902,2283,4290,2842,1035,4659,3087,1215,0.5206168286959437,0.5206611570247934,0.54,0.4885261305306343,1.0438260065855451,1.565282102933991,0.9770522610612686,1.0438260065855451,1.043521401955994,0.5163170163170163,0.61963406052076,0.6260869565217392,100.0,100.0,5329,2969,8841,115,5,8841,0.021580033777444173,0.001684068710003368,1.0,0.25,0.30000000000000004,0.7000000000000001,0.2,75.0,20.0,75.0,0.25,0.4,0.8,0.1,35.0,90.0,35.0,5800,2717,3083,5800,0.5315517241379311,1.0372660819301998,1.0,1.0372660819301998,1670,0.6146485093853515,1.0,1
"iteration_4","SCOPE_DATA_COLLECTION",1500,56,3430.0,3490.0,2,8960,5929,2250,9298,5902,2283,4290,2842,1035,4659,3087,1215,0.5206168286959437,0.5206611570247934,0.54,0.4885261305306343,1.0438260065855451,1.565282102933991,0.9770522610612686,1.0438260065855451,1.043521401955994,0.5163170163170163,0.61963406052076,0.6260869565217392,100.0,100.0,5329,2969,8841,115,5,8841,0.021580033777444173,0.001684068710003368,1.0,0.25,0.30000000000000004,0.7000000000000001,0.2,75.0,20.0,75.0,0.25,0.4,0.8,0.1,35.0,90.0,35.0,2234,1107,1127,2234,0.5044762757385854,1.5052167430697745,1.5,1.003477828713183,682,0.6160794941282746,1.0,1
"iteration_4","SCOPE_DATA_COLLECTION",1500,57,3490.0,3550.0,0,9103,5800,2234,8960,5929,2250,4376,2709,1103,4732,3083,1126,0.5195432586736934,0.53228591160221,0.5051592642440557,0.4974154914969478,1.0354507347066246,1.509578743881022,0.9948309829938956,1.0354507347066246,1.0063858292540147,0.5306215722120659,0.6146179401993356,0.6174070716228468,100.0,100.0,5212,3055,8870,67,4,8870,0.012854950115118956,0.001309328968903437,1.0,0.25,0.4,0.8,0.1,35.0,90.0,35.0,0.75,0.2,0.8,0.7000000000000001,75.0,65.0,85.0,9103,9055,48,9103,0.005272986927386576,0.3056663099433943,0.5,0.6113326198867886,2283,0.25212589729431256,1.0,1
"iteration_4","SCOPE_DATA_COLLECTION",1500,57,3490.0,3550.0,1,9103,5800,2234,8960,5929,2250,4376,2709,1103,4732,3083,1126,0.5195432586736934,0.53228591160221,0.5051592642440557,0.4974154914969478,1.0354507347066246,1.509578743881022,0.9948309829938956,1.0354507347066246,1.0063858292540147,0.5306215722120659,0.6146179401993356,0.6174070716228468,100.0,100.0,5212,3055,8870,67,4,8870,0.012854950115118956,0.001309328968903437,1.0,0.25,0.4,0.8,0.1,35.0,90.0,35.0,0.75,0.2,0.8,0.7000000000000001,75.0,65.0,85.0,5965,5866,99,5965,0.016596814752724225,0.6441252010025685,1.0,0.6441252010025685,1799,0.30668257756563244,1.0,1
"iteration_4","SCOPE_DATA_COLLECTION",1500,57,3490.0,3550.0,2,9103,5800,2234,8960,5929,2250,4376,2709,1103,4732,3083,1126,0.5195432586736934,0.53228591160221,0.5051592642440557,0.4974154914969478,1.0354507347066246,1.509578743881022,0.9948309829938956,1.0354507347066246,1.0063858292540147,0.5306215722120659,0.6146179401993356,0.6174070716228468,100.0,100.0,5212,3055,8870,67,4,8870,0.012854950115118956,0.001309328968903437,1.0,0.25,0.4,0.8,0.1,35.0,90.0,35.0,0.75,0.2,0.8,0.7000000000000001,75.0,65.0,85.0,2254,2182,72,2254,0.03194321206743567,0.9736617465792397,1.5,0.6491078310528264,655,0.3001833180568286,1.0,1
"iteration_4","SCOPE_DATA_COLLECTION",1500,58,3550.0,3619.0006402129306,0,9103,5965,2254,9103,5800,2234,9038,5863,2175,48,99,73,0.005282852740479859,0.016605166051660517,0.032473309608540925,0.3060762808464368,0.6475324602131188,0.9710354808978637,0.6121525616928736,0.6475324602131188,0.6473569872652425,0.25193626908608097,0.3083745522769913,0.2993103448275862,100.0,100.0,5541,8839,2942,164,8,48,0.029597545569391807,9.050797601538635E-4,0.016315431679129844,0.75,0.2,0.8,0.7000000000000001,75.0,65.0,85.0,0.45,0.2,0.2,0.4,90.0,50.0,20.0,7455,4684,2737,7421,0.36881821856892605,0.36877456757361365,0.5,0.7375491351472273,1687,0.36016225448334754,0.995439302481556,0
"iteration_4","SCOPE_DATA_COLLECTION",1500,58,3550.0,3619.0006402129306,1,9103,5965,2254,9103,5800,2234,9038,5863,2175,48,99,73,0.005282852740479859,0.016605166051660517,0.032473309608540925,0.3060762808464368,0.6475324602131188,0.9710354808978637,0.6121525616928736,0.6475324602131188,0.6473569872652425,0.25193626908608097,0.3083745522769913,0.2993103448275862,100.0,100.0,5541,8839,2942,164,8,48,0.029597545569391807,9.050797601538635E-4,0.016315431679129844,0.75,0.2,0.8,0.7000000000000001,75.0,65.0,85.0,0.45,0.2,0.2,0.4,90.0,50.0,20.0,4904,3015,1831,4846,0.3778373916632274,0.8076745981536181,1.0,0.8076745981536181,1464,0.4855721393034826,0.9881729200652528,0
"iteration_4","SCOPE_DATA_COLLECTION",1500,58,3550.0,3619.0006402129306,2,9103,5965,2254,9103,5800,2234,9038,5863,2175,48,99,73,0.005282852740479859,0.016605166051660517,0.032473309608540925,0.3060762808464368,0.6475324602131188,0.9710354808978637,0.6121525616928736,0.6475324602131188,0.6473569872652425,0.25193626908608097,0.3083745522769913,0.2993103448275862,100.0,100.0,5541,8839,2942,164,8,48,0.029597545569391807,9.050797601538635E-4,0.016315431679129844,0.75,0.2,0.8,0.7000000000000001,75.0,65.0,85.0,0.45,0.2,0.2,0.4,90.0,50.0,20.0,1825,1070,718,1788,0.4015659955257271,1.2282915977184525,1.5,0.8188610651456351,492,0.45981308411214955,0.9797260273972602,0
"iteration_4","SCOPE_DATA_COLLECTION",1600,0,70.0,130.0,0,8712,6127,2039,0,0,0,7541,5266,1691,1100,796,314,0.12730008100914247,0.13130979874628834,0.15660847880299253,0.3557640215583807,0.6866989366187878,1.0773599029731364,0.7115280431167614,0.6866989366187878,0.7182399353154243,0.29505370640498607,0.3387770603873908,0.3542282672974571,100.0,100.0,5323,6921,4634,172,2,2036,0.03231260567349239,2.8897558156335787E-4,0.4393612429866206,0.6,0.5,0.7,0.4,85.0,80.0,90.0,0.8,0.30000000000000004,0.7000000000000001,0.9,85.0,60.0,50.0,9207,9040,167,9207,0.018138372977082654,0.31284525597224594,0.5,0.6256905119444919,2287,0.2529867256637168,1.0,1
"iteration_4","SCOPE_DATA_COLLECTION",1600,0,70.0,130.0,1,8712,6127,2039,0,0,0,7541,5266,1691,1100,796,314,0.12730008100914247,0.13130979874628834,0.15660847880299253,0.3557640215583807,0.6866989366187878,1.0773599029731364,0.7115280431167614,0.6866989366187878,0.7182399353154243,0.29505370640498607,0.3387770603873908,0.3542282672974571,100.0,100.0,5323,6921,4634,172,2,2036,0.03231260567349239,2.8897558156335787E-4,0.4393612429866206,0.6,0.5,0.7,0.4,85.0,80.0,90.0,0.8,0.30000000000000004,0.7000000000000001,0.9,85.0,60.0,50.0,6665,6458,207,6665,0.03105776444111028,0.6510681630049845,1.0,0.6510681630049845,1965,0.304273768968721,1.0,1
"iteration_4","SCOPE_DATA_COLLECTION",1600,0,70.0,130.0,2,8712,6127,2039,0,0,0,7541,5266,1691,1100,796,314,0.12730008100914247,0.13130979874628834,0.15660847880299253,0.3557640215583807,0.6866989366187878,1.0773599029731364,0.7115280431167614,0.6866989366187878,0.7182399353154243,0.29505370640498607,0.3387770603873908,0.3542282672974571,100.0,100.0,5323,6921,4634,172,2,2036,0.03231260567349239,2.8897558156335787E-4,0.4393612429866206,0.6,0.5,0.7,0.4,85.0,80.0,90.0,0.8,0.30000000000000004,0.7000000000000001,0.9,85.0,60.0,50.0,2316,2196,120,2316,0.05181347150259067,0.9343777202557354,1.5,0.6229184801704902,604,0.2750455373406193,1.0,1
"iteration_4","SCOPE_DATA_COLLECTION",1600,1,130.0,190.0,0,9207,6665,2316,8712,6127,2039,9062,6445,2192,167,207,120,0.018095134900855996,0.03111846061334937,0.05190311418685121,0.3132821970825931,0.6485550216798728,0.9353104290580051,0.6265643941651862,0.6485550216798728,0.6235402860386701,0.25358640476715955,0.30193948797517456,0.2750912408759124,100.0,100.0,5657,10026,2505,211,263,20,0.037298921689941665,0.02623179732694993,0.007984031936127744,0.8,0.30000000000000004,0.7000000000000001,0.9,85.0,60.0,50.0,0.9,0.30000000000000004,0.8,0.8,85.0,60.0,40.0,9422,7966,1456,9422,0.15453194650817237,0.36976691464269035,0.5,0.7395338292853807,2537,0.3184785337685162,1.0,1
"iteration_4","SCOPE_DATA_COLLECTION",1600,1,130.0,190.0,1,9207,6665,2316,8712,6127,2039,9062,6445,2192,167,207,120,0.018095134900855996,0.03111846061334937,0.05190311418685121,0.3132821970825931,0.6485550216798728,0.9353104290580051,0.6265643941651862,0.6485550216798728,0.6235402860386701,0.25358640476715955,0.30193948797517456,0.2750912408759124,100.0,100.0,5657,10026,2505,211,263,20,0.037298921689941665,0.02623179732694993,0.007984031936127744,0.8,0.30000000000000004,0.7000000000000001,0.9,85.0,60.0,50.0,0.9,0.30000000000000004,0.8,0.8,85.0,60.0,40.0,6882,5730,1152,6882,0.16739319965126417,0.7349473665447449,1.0,0.7349473665447449,2023,0.3530541012216405,1.0,1
"iteration_4","SCOPE_DATA_COLLECTION",1600,1,130.0,190.0,2,9207,6665,2316,8712,6127,2039,9062,6445,2192,167,207,120,0.018095134900855996,0.03111846061334937,0.05190311418685121,0.3132821970825931,0.6485550216798728,0.9353104290580051,0.6265643941651862,0.6485550216798728,0.6235402860386701,0.25358640476715955,0.30193948797517456,0.2750912408759124,100.0,100.0,5657,10026,2505,211,263,20,0.037298921689941665,0.02623179732694993,0.007984031936127744,0.8,0.30000000000000004,0.7000000000000001,0.9,85.0,60.0,50.0,0.9,0.30000000000000004,0.8,0.8,85.0,60.0,40.0,2257,1799,458,2257,0.20292423571112095,1.091145290399387,1.5,0.7274301935995914,600,0.33351862145636463,1.0,1
"iteration_4","SCOPE_DATA_COLLECTION",1600,2,190.0,250.0,0,9422,6882,2257,9207,6665,2316,7971,5726,1796,1456,1152,458,0.15444998408825714,0.16749054957836582,0.20319432120674358,0.3705837267823546,0.7379194885545725,1.0873436771899554,0.7411674535647093,0.7379194885545725,0.7248957847933036,0.31953330824237863,0.3545232273838631,0.33240534521158127,100.0,100.0,5623,11629,1309,186,2880,0,0.03307842788547039,0.24765672026829477,0.0,0.9,0.30000000000000004,0.8,0.8,85.0,60.0,40.0,0.9,0.30000000000000004,0.8,0.8,85.0,60.0,40.0,9285,7425,1860,9285,0.20032310177705978,0.4254510580303182,0.5,0.8509021160606364,2471,0.3327946127946128,1.0,1
"iteration_4","SCOPE_DATA_COLLECTION",1600,2,190.0,250.0,1,9422,6882,2257,9207,6665,2316,7971,5726,1796,1456,1152,458,0.15444998408825714,0.16749054957836582,0.20319432120674358,0.3705837267823546,0.7379194885545725,1.0873436771899554,0.7411674535647093,0.7379194885545725,0.7248957847933036,0.31953330824237863,0.3545232273838631,0.33240534521158127,100.0,100.0,5623,11629,1309,186,2880,0,0.03307842788547039,0.24765672026829477,0.0,0.9,0.30000000000000004,0.8,0.8,85.0,60.0,40.0,0.9,0.30000000000000004,0.8,0.8,85.0,60.0,40.0,6759,5237,1522,6759,0.22518123982837698,0.8082428419983156,1.0,0.8082428419983156,1976,0.37731525682642736,1.0,1
"iteration_4","SCOPE_DATA_COLLECTION",1600,2,190.0,250.0,2,9422,6882,2257,9207,6665,2316,7971,5726,1796,1456,1152,458,0.15444998408825714,0.16749054957836582,0.20319432120674358,0.3705837267823546,0.7379194885545725,1.0873436771899554,0.7411674535647093,0.7379194885545725,0.7248957847933036,0.31953330824237863,0.3545232273838631,0.33240534521158127,100.0,100.0,5623,11629,1309,186,2880,0,0.03307842788547039,0.24765672026829477,0.0,0.9,0.30000000000000004,0.8,0.8,85.0,60.0,40.0,0.9,0.30000000000000004,0.8,0.8,85.0,60.0,40.0,2400,1792,608,2400,0.25333333333333335,1.1599474333139461,1.5,0.7732982888759641,638,0.3560267857142857,1.0,1
"iteration_4","SCOPE_DATA_COLLECTION",1600,3,250.0,310.0,0,9285,6759,2400,9422,6882,2257,7417,5264,1802,1848,1514,602,0.1994603345925526,0.22336972558276777,0.2504159733777038,0.424038279943331,0.807096255153735,1.158319346794579,0.848076559886662,0.807096255153735,0.7722128978630526,0.330726708911959,0.37594984802431614,0.3551609322974473,100.0,100.0,5546,11602,1296,217,3747,0,0.03912729895420122,0.3229615583520083,0.0,0.9,0.30000000000000004,0.8,0.8,85.0,60.0,40.0,0.30000000000000004,0.30000000000000004,0.7000000000000001,0.7000000000000001,90.0,70.0,30.0,9197,4682,4515,9197,0.4909209524845058,0.4458433627252632,0.5,0.8916867254505264,2119,0.4525843656557027,1.0,1
"iteration_4","SCOPE_DATA_COLLECTION",1600,3,250.0,310.0,1,9285,6759,2400,9422,6882,2257,7417,5264,1802,1848,1514,602,0.1994603345925526,0.22336972558276777,0.2504159733777038,0.424038279943331,0.807096255153735,1.158319346794579,0.848076559886662,0.807096255153735,0.7722128978630526,0.330726708911959,0.37594984802431614,0.3551609322974473,100.0,100.0,5546,11602,1296,217,3747,0,0.03912729895420122,0.3229615583520083,0.0,0.9,0.30000000000000004,0.8,0.8,85.0,60.0,40.0,0.30000000000000004,0.30000000000000004,0.7000000000000001,0.7000000000000001,90.0,70.0,30.0,6778,3421,3357,6778,0.4952788433166126,0.96559192643705,1.0,0.96559192643705,1912,0.5589009061677872,1.0,1
"iteration_4","SCOPE_DATA_COLLECTION",1600,3,250.0,310.0,2,9285,6759,2400,9422,6882,2257,7417,5264,1802,1848,1514,602,0.1994603345925526,0.22336972558276777,0.2504159733777038,0.424038279943331,0.807096255153735,1.158319346794579,0.848076559886662,0.807096255153735,0.7722128978630526,0.330726708911959,0.37594984802431614,0.3551609322974473,100.0,100.0,5546,11602,1296,217,3747,0,0.03912729895420122,0.3229615583520083,0.0,0.9,0.30000000000000004,0.8,0.8,85.0,60.0,40.0,0.30000000000000004,0.30000000000000004,0.7000000000000001,0.7000000000000001,90.0,70.0,30.0,2340,1118,1222,2340,0.5222222222222223,1.5230816533651743,1.5,1.0153877689101163,646,0.5778175313059034,1.0,1
"iteration_4","SCOPE_DATA_COLLECTION",1600,4,310.0,370.0,0,9197,6778,2340,9285,6759,2400,4694,3419,1126,4527,3365,1228,0.49094458301702637,0.4960200471698113,0.5216652506372133,0.44714961073410553,0.966744556879205,1.5225464858934061,0.8942992214682111,0.966744556879205,1.015030990595604,0.45270558159352364,0.559227844398947,0.5763765541740675,97.5,100.0,5423,3942,8950,178,54,8888,0.03282316061220727,0.0136986301369863,0.993072625698324,0.30000000000000004,0.30000000000000004,0.7000000000000001,0.7000000000000001,90.0,70.0,30.0,0.30000000000000004,0.2,0.7000000000000001,0.7000000000000001,95.0,60.0,40.0,9620,4998,4622,9620,0.48045738045738046,0.46024562967757265,0.5,0.9204912593551453,2419,0.4839935974389756,1.0,1
"iteration_4","SCOPE_DATA_COLLECTION",1600,4,310.0,370.0,1,9197,6778,2340,9285,6759,2400,4694,3419,1126,4527,3365,1228,0.49094458301702637,0.4960200471698113,0.5216652506372133,0.44714961073410553,0.966744556879205,1.5225464858934061,0.8942992214682111,0.966744556879205,1.015030990595604,0.45270558159352364,0.559227844398947,0.5763765541740675,97.5,100.0,5423,3942,8950,178,54,8888,0.03282316061220727,0.0136986301369863,0.993072625698324,0.30000000000000004,0.30000000000000004,0.7000000000000001,0.7000000000000001,90.0,70.0,30.0,0.30000000000000004,0.2,0.7000000000000001,0.7000000000000001,95.0,60.0,40.0,6694,3404,3290,6694,0.4914849118613684,0.9858414928428018,1.0,0.9858414928428018,1936,0.5687426556991775,1.0,1
"iteration_4","SCOPE_DATA_COLLECTION",1600,4,310.0,370.0,2,9197,6778,2340,9285,6759,2400,4694,3419,1126,4527,3365,1228,0.49094458301702637,0.4960200471698113,0.5216652506372133,0.44714961073410553,0.966744556879205,1.5225464858934061,0.8942992214682111,0.966744556879205,1.015030990595604,0.45270558159352364,0.559227844398947,0.5763765541740675,97.5,100.0,5423,3942,8950,178,54,8888,0.03282316061220727,0.0136986301369863,0.993072625698324,0.30000000000000004,0.30000000000000004,0.7000000000000001,0.7000000000000001,90.0,70.0,30.0,0.30000000000000004,0.2,0.7000000000000001,0.7000000000000001,95.0,60.0,40.0,2261,1072,1189,2261,0.5258735072976559,1.4664880759024401,1.5,0.9776587172682935,592,0.5522388059701493,1.0,1
"iteration_4","SCOPE_DATA_COLLECTION",1600,5,370.0,430.0,0,9620,6694,2261,9197,6778,2340,5005,3406,1069,4622,3290,1189,0.4801080295003636,0.4913381123058542,0.5265721877767936,0.4604893621467578,0.9824228226529473,1.4689288803558027,0.9209787242935156,0.9824228226529473,0.9792859202372018,0.4853146853146853,0.5689958896065767,0.5537885874649204,100.0,100.0,5745,3922,8908,190,3,8908,0.03307223672758921,7.649158592554819E-4,1.0,0.30000000000000004,0.2,0.7000000000000001,0.7000000000000001,95.0,60.0,40.0,0.30000000000000004,0.2,0.7000000000000001,0.7000000000000001,95.0,60.0,40.0,9354,4825,4529,9354,0.48417789181098997,0.44301107811234286,0.5,0.8860221562246857,2226,0.46134715025906736,1.0,1
"iteration_4","SCOPE_DATA_COLLECTION",1600,5,370.0,430.0,1,9620,6694,2261,9197,6778,2340,5005,3406,1069,4622,3290,1189,0.4801080295003636,0.4913381123058542,0.5265721877767936,0.4604893621467578,0.9824228226529473,1.4689288803558027,0.9209787242935156,0.9824228226529473,0.9792859202372018,0.4853146853146853,0.5689958896065767,0.5537885874649204,100.0,100.0,5745,3922,8908,190,3,8908,0.03307223672758921,7.649158592554819E-4,1.0,0.30000000000000004,0.2,0.7000000000000001,0.7000000000000001,95.0,60.0,40.0,0.30000000000000004,0.2,0.7000000000000001,0.7000000000000001,95.0,60.0,40.0,6636,3382,3254,6636,0.49035563592525616,1.0053787979511288,1.0,1.0053787979511288,1959,0.5792430514488468,1.0,1
"iteration_4","SCOPE_DATA_COLLECTION",1600,5,370.0,430.0,2,9620,6694,2261,9197,6778,2340,5005,3406,1069,4622,3290,1189,0.4801080295003636,0.4913381123058542,0.5265721877767936,0.4604893621467578,0.9824228226529473,1.4689288803558027,0.9209787242935156,0.9824228226529473,0.9792859202372018,0.4853146853146853,0.5689958896065767,0.5537885874649204,100.0,100.0,5745,3922,8908,190,3,8908,0.03307223672758921,7.649158592554819E-4,1.0,0.30000000000000004,0.2,0.7000000000000001,0.7000000000000001,95.0,60.0,40.0,0.30000000000000004,0.2,0.7000000000000001,0.7000000000000001,95.0,60.0,40.0,2269,1070,1199,2269,0.5284266196562363,1.485129690022997,1.5,0.9900864600153314,604,0.5644859813084112,1.0,1
"iteration_4","SCOPE_DATA_COLLECTION",1600,6,430.0,490.0,0,9354,6636,2269,9620,6694,2261,4823,3384,1073,4529,3254,1199,0.4842814371257485,0.490207893943959,0.5277288732394366,0.4440577565980753,1.008728381183188,1.4919135149638154,0.8881155131961506,1.008728381183188,0.994609009975877,0.46278250051834957,0.5791962174940898,0.5675675675675675,100.0,100.0,5659,3824,8776,205,1,8776,0.0362254815338399,2.615062761506276E-4,1.0,0.30000000000000004,0.2,0.7000000000000001,0.7000000000000001,95.0,60.0,40.0,0.65,0.1,0.1,0.9,90.0,30.0,95.0,9378,8303,1075,9378,0.1146299850714438,0.3162951264037734,0.5,0.6325902528075468,2042,0.24593520414308082,1.0,1
"iteration_4","SCOPE_DATA_COLLECTION",1600,6,430.0,490.0,1,9354,6636,2269,9620,6694,2261,4823,3384,1073,4529,3254,1199,0.4842814371257485,0.490207893943959,0.5277288732394366,0.4440577565980753,1.008728381183188,1.4919135149638154,0.8881155131961506,1.008728381183188,0.994609009975877,0.46278250051834957,0.5791962174940898,0.5675675675675675,100.0,100.0,5659,3824,8776,205,1,8776,0.0362254815338399,2.615062761506276E-4,1.0,0.30000000000000004,0.2,0.7000000000000001,0.7000000000000001,95.0,60.0,40.0,0.65,0.1,0.1,0.9,90.0,30.0,95.0,6728,5919,809,6728,0.12024375743162902,0.6496527460949763,1.0,0.6496527460949763,1965,0.3319817536746072,1.0,1
"iteration_4","SCOPE_DATA_COLLECTION",1600,6,430.0,490.0,2,9354,6636,2269,9620,6694,2261,4823,3384,1073,4529,3254,1199,0.4842814371257485,0.490207893943959,0.5277288732394366,0.4440577565980753,1.008728381183188,1.4919135149638154,0.8881155131961506,1.008728381183188,0.994609009975877,0.46278250051834957,0.5791962174940898,0.5675675675675675,100.0,100.0,5659,3824,8776,205,1,8776,0.0362254815338399,2.615062761506276E-4,1.0,0.30000000000000004,0.2,0.7000000000000001,0.7000000000000001,95.0,60.0,40.0,0.65,0.1,0.1,0.9,90.0,30.0,95.0,2275,1975,300,2275,0.13186813186813187,1.0157154020892314,1.5,0.6771436013928209,647,0.32759493670886075,1.0,1
"iteration_4","SCOPE_DATA_COLLECTION",1600,7,490.0,550.0,0,9378,6728,2275,9354,6636,2269,8304,5917,1963,1075,809,300,0.11461776308774922,0.12027951234017246,0.13256738842244808,0.31653782596944563,0.6509426047279194,1.0052648935255295,0.6330756519388913,0.6509426047279194,0.6701765956836864,0.24614643545279383,0.33310799391583573,0.3224656138563423,100.0,100.0,5413,8451,4517,57,6,2121,0.010530205061888048,7.099751508697196E-4,0.46955944210759354,0.65,0.1,0.1,0.9,90.0,30.0,95.0,0.30000000000000004,0.4,0.6000000000000001,0.1,25.0,90.0,55.0,9491,4740,4751,9491,0.5005794963649773,0.4884344418603734,0.5,0.9768688837207468,2395,0.5052742616033755,1.0,1
"iteration_4","SCOPE_DATA_COLLECTION",1600,7,490.0,550.0,1,9378,6728,2275,9354,6636,2269,8304,5917,1963,1075,809,300,0.11461776308774922,0.12027951234017246,0.13256738842244808,0.31653782596944563,0.6509426047279194,1.0052648935255295,0.6330756519388913,0.6509426047279194,0.6701765956836864,0.24614643545279383,0.33310799391583573,0.3224656138563423,100.0,100.0,5413,8451,4517,57,6,2121,0.010530205061888048,7.099751508697196E-4,0.46955944210759354,0.65,0.1,0.1,0.9,90.0,30.0,95.0,0.30000000000000004,0.4,0.6000000000000001,0.1,25.0,90.0,55.0,6663,3312,3351,6663,0.5029266096352994,0.9837513942001157,1.0,0.9837513942001157,1845,0.5570652173913043,1.0,1
"iteration_4","SCOPE_DATA_COLLECTION",1600,7,490.0,550.0,2,9378,6728,2275,9354,6636,2269,8304,5917,1963,1075,809,300,0.11461776308774922,0.12027951234017246,0.13256738842244808,0.31653782596944563,0.6509426047279194,1.0052648935255295,0.6330756519388913,0.6509426047279194,0.6701765956836864,0.24614643545279383,0.33310799391583573,0.3224656138563423,100.0,100.0,5413,8451,4517,57,6,2121,0.010530205061888048,7.099751508697196E-4,0.46955944210759354,0.65,0.1,0.1,0.9,90.0,30.0,95.0,0.30000000000000004,0.4,0.6000000000000001,0.1,25.0,90.0,55.0,2319,1142,1177,2319,0.507546356188012,1.4204543469756348,1.5,0.9469695646504231,646,0.5656742556917689,1.0,1
"iteration_4","SCOPE_DATA_COLLECTION",1600,8,550.0,610.0,0,9491,6663,2319,9378,6728,2275,4734,3318,1152,4751,3351,1177,0.5008961518186611,0.5024741340530814,0.5053671103477888,0.4863176597292778,0.9827716399720545,1.4257419918214655,0.9726353194585556,0.9827716399720545,0.9504946612143104,0.5027460920997042,0.5560578661844484,0.5668402777777778,100.0,100.0,5405,3896,9172,105,2,9172,0.01942645698427382,5.13347022587269E-4,1.0,0.30000000000000004,0.4,0.6000000000000001,0.1,25.0,90.0,55.0,0.2,0.5,0.6000000000000001,0.1,20.0,80.0,65.0,9286,4031,5255,9286,0.5659056644410941,0.5297848647553216,0.5,1.0595697295106432,2275,0.5643760853386256,1.0,1
"iteration_4","SCOPE_DATA_COLLECTION",1600,8,550.0,610.0,1,9491,6663,2319,9378,6728,2275,4734,3318,1152,4751,3351,1177,0.5008961518186611,0.5024741340530814,0.5053671103477888,0.4863176597292778,0.9827716399720545,1.4257419918214655,0.9726353194585556,0.9827716399720545,0.9504946612143104,0.5027460920997042,0.5560578661844484,0.5668402777777778,100.0,100.0,5405,3896,9172,105,2,9172,0.01942645698427382,5.13347022587269E-4,1.0,0.30000000000000004,0.4,0.6000000000000001,0.1,25.0,90.0,55.0,0.2,0.5,0.6000000000000001,0.1,20.0,80.0,65.0,6779,2871,3908,6779,0.576486207405222,1.1107719816912214,1.0,1.1107719816912214,1888,0.6576105886450714,1.0,1
"iteration_4","SCOPE_DATA_COLLECTION",1600,8,550.0,610.0,2,9491,6663,2319,9378,6728,2275,4734,3318,1152,4751,3351,1177,0.5008961518186611,0.5024741340530814,0.5053671103477888,0.4863176597292778,0.9827716399720545,1.4257419918214655,0.9726353194585556,0.9827716399720545,0.9504946612143104,0.5027460920997042,0.5560578661844484,0.5668402777777778,100.0,100.0,5405,3896,9172,105,2,9172,0.01942645698427382,5.13347022587269E-4,1.0,0.30000000000000004,0.4,0.6000000000000001,0.1,25.0,90.0,55.0,0.2,0.5,0.6000000000000001,0.1,20.0,80.0,65.0,2259,940,1319,2259,0.5838866755201416,1.5817216903712288,1.5,1.0544811269141525,620,0.6595744680851063,1.0,1
"iteration_4","SCOPE_DATA_COLLECTION",1600,9,610.0,670.0,0,9286,6779,2259,9491,6663,2319,4030,2859,948,5255,3908,1319,0.5659666128163705,0.5775084971183686,0.5818262020291134,0.5299697128225783,1.1067699036016991,1.5897144810744563,1.0599394256451566,1.1067699036016991,1.0598096540496376,0.5632754342431762,0.6558237145855194,0.6635021097046413,100.0,100.0,5342,2599,10383,98,1,10383,0.018345189067764882,3.8476337052712584E-4,1.0,0.2,0.5,0.6000000000000001,0.1,20.0,80.0,65.0,0.2,0.4,0.5,0.2,30.0,70.0,55.0,9331,4006,5325,9331,0.5706783838816847,0.5238685047710537,0.5,1.0477370095421075,2236,0.5581627558662007,1.0,1
"iteration_4","SCOPE_DATA_COLLECTION",1600,9,610.0,670.0,1,9286,6779,2259,9491,6663,2319,4030,2859,948,5255,3908,1319,0.5659666128163705,0.5775084971183686,0.5818262020291134,0.5299697128225783,1.1067699036016991,1.5897144810744563,1.0599394256451566,1.1067699036016991,1.0598096540496376,0.5632754342431762,0.6558237145855194,0.6635021097046413,100.0,100.0,5342,2599,10383,98,1,10383,0.018345189067764882,3.8476337052712584E-4,1.0,0.2,0.5,0.6000000000000001,0.1,20.0,80.0,65.0,0.2,0.4,0.5,0.2,30.0,70.0,55.0,6754,2968,3786,6754,0.5605567071365117,1.1167243247887424,1.0,1.1167243247887424,1949,0.6566711590296496,1.0,1
"iteration_4","SCOPE_DATA_COLLECTION",1600,9,610.0,670.0,2,9286,6779,2259,9491,6663,2319,4030,2859,948,5255,3908,1319,0.5659666128163705,0.5775084971183686,0.5818262020291134,0.5299697128225783,1.1067699036016991,1.5897144810744563,1.0599394256451566,1.1067699036016991,1.0598096540496376,0.5632754342431762,0.6558237145855194,0.6635021097046413,100.0,100.0,5342,2599,10383,98,1,10383,0.018345189067764882,3.8476337052712584E-4,1.0,0.2,0.5,0.6000000000000001,0.1,20.0,80.0,65.0,0.2,0.4,0.5,0.2,30.0,70.0,55.0,2290,908,1382,2290,0.6034934497816594,1.6156960380531473,1.5,1.0771306920354315,594,0.6541850220264317,1.0,1
"iteration_4","SCOPE_DATA_COLLECTION",1600,10,670.0,730.0,0,9331,6754,2290,9286,6779,2259,4001,2971,902,5325,3786,1382,0.5709843448423761,0.560307828918159,0.6050788091068301,0.5220648938959852,1.114829069358264,1.6044683268579096,1.0441297877919704,1.114829069358264,1.0696455512386065,0.5571107223194202,0.6560080780881858,0.6496674057649667,100.0,100.0,5393,2595,10387,103,3,10387,0.01909883181902466,0.0011560693641618498,1.0,0.2,0.4,0.5,0.2,30.0,70.0,55.0,0.30000000000000004,0.5,0.5,0.2,20.0,60.0,45.0,9412,4726,4686,9412,0.4978750531236719,0.4690611592125509,0.5,0.9381223184251019,2253,0.4767245027507406,1.0,1
"iteration_4","SCOPE_DATA_COLLECTION",1600,10,670.0,730.0,1,9331,6754,2290,9286,6779,2259,4001,2971,902,5325,3786,1382,0.5709843448423761,0.560307828918159,0.6050788091068301,0.5220648938959852,1.114829069358264,1.6044683268579096,1.0441297877919704,1.114829069358264,1.0696455512386065,0.5571107223194202,0.6560080780881858,0.6496674057649667,100.0,100.0,5393,2595,10387,103,3,10387,0.01909883181902466,0.0011560693641618498,1.0,0.2,0.4,0.5,0.2,30.0,70.0,55.0,0.30000000000000004,0.5,0.5,0.2,20.0,60.0,45.0,6667,3314,3353,6667,0.5029248537573121,0.993311572200752,1.0,0.993311572200752,1879,0.5669885334942667,1.0,1
"iteration_4","SCOPE_DATA_COLLECTION",1600,10,670.0,730.0,2,9331,6754,2290,9286,6779,2259,4001,2971,902,5325,3786,1382,0.5709843448423761,0.560307828918159,0.6050788091068301,0.5220648938959852,1.114829069358264,1.6044683268579096,1.0441297877919704,1.114829069358264,1.0696455512386065,0.5571107223194202,0.6560080780881858,0.6496674057649667,100.0,100.0,5393,2595,10387,103,3,10387,0.01909883181902466,0.0011560693641618498,1.0,0.2,0.4,0.5,0.2,30.0,70.0,55.0,0.30000000000000004,0.5,0.5,0.2,20.0,60.0,45.0,2282,1104,1178,2282,0.516213847502191,1.4533083289651054,1.5,0.9688722193100703,628,0.5688405797101449,1.0,1
"iteration_4","SCOPE_DATA_COLLECTION",1600,11,730.0,790.0,0,9412,6667,2282,9331,6754,2290,4727,3314,1102,4686,3352,1178,0.4978221608413896,0.5028502850285028,0.5166666666666667,0.4691490903039024,0.9947971071632941,1.457845216192409,0.9382981806078048,0.9947971071632941,0.9718968107949393,0.4772583033636556,0.568195534097767,0.5707803992740472,97.5,100.0,5384,3903,9074,138,4,9074,0.02563150074294205,0.0010248526774276198,1.0,0.30000000000000004,0.5,0.5,0.2,20.0,60.0,45.0,0.25,0.1,0.7000000000000001,0.9,90.0,65.0,60.0,9288,4385,4903,9288,0.527885443583118,0.4241319435326941,0.5,0.8482638870653882,1934,0.4410490307867731,1.0,1
"iteration_4","SCOPE_DATA_COLLECTION",1600,11,730.0,790.0,1,9412,6667,2282,9331,6754,2290,4727,3314,1102,4686,3352,1178,0.4978221608413896,0.5028502850285028,0.5166666666666667,0.4691490903039024,0.9947971071632941,1.457845216192409,0.9382981806078048,0.9947971071632941,0.9718968107949393,0.4772583033636556,0.568195534097767,0.5707803992740472,97.5,100.0,5384,3903,9074,138,4,9074,0.02563150074294205,0.0010248526774276198,1.0,0.30000000000000004,0.5,0.5,0.2,20.0,60.0,45.0,0.25,0.1,0.7000000000000001,0.9,90.0,65.0,60.0,6642,3070,3572,6642,0.5377898223426679,1.0275852634012108,1.0,1.0275852634012108,1881,0.6127035830618892,1.0,1
"iteration_4","SCOPE_DATA_COLLECTION",1600,11,730.0,790.0,2,9412,6667,2282,9331,6754,2290,4727,3314,1102,4686,3352,1178,0.4978221608413896,0.5028502850285028,0.5166666666666667,0.4691490903039024,0.9947971071632941,1.457845216192409,0.9382981806078048,0.9947971071632941,0.9718968107949393,0.4772583033636556,0.568195534097767,0.5707803992740472,97.5,100.0,5384,3903,9074,138,4,9074,0.02563150074294205,0.0010248526774276198,1.0,0.30000000000000004,0.5,0.5,0.2,20.0,60.0,45.0,0.25,0.1,0.7000000000000001,0.9,90.0,65.0,60.0,2288,1044,1244,2288,0.5437062937062938,1.558066160829805,1.5,1.0387107738865367,643,0.6159003831417624,1.0,1
"iteration_4","SCOPE_DATA_COLLECTION",1600,12,790.0,850.0,0,9288,6642,2288,9412,6667,2282,4402,3071,1047,4903,3573,1244,0.5269210102095647,0.5377784467188441,0.5429943256219991,0.4271706664368764,1.0292763598136065,1.5560281296890401,0.8543413328737528,1.0292763598136065,1.0373520864593602,0.4445706497046797,0.6128296971670466,0.6150907354345749,100.0,100.0,5568,3083,9567,150,3,9567,0.02693965517241379,9.730781706130393E-4,1.0,0.25,0.1,0.7000000000000001,0.9,90.0,65.0,60.0,0.15000000000000002,0.1,0.7000000000000001,0.8,95.0,55.0,70.0,9284,3810,5474,9284,0.589616544592848,0.48743730112640277,0.5,0.9748746022528055,1973,0.5178477690288714,1.0,1
"iteration_4","SCOPE_DATA_COLLECTION",1600,12,790.0,850.0,1,9288,6642,2288,9412,6667,2282,4402,3071,1047,4903,3573,1244,0.5269210102095647,0.5377784467188441,0.5429943256219991,0.4271706664368764,1.0292763598136065,1.5560281296890401,0.8543413328737528,1.0292763598136065,1.0373520864593602,0.4445706497046797,0.6128296971670466,0.6150907354345749,100.0,100.0,5568,3083,9567,150,3,9567,0.02693965517241379,9.730781706130393E-4,1.0,0.25,0.1,0.7000000000000001,0.9,90.0,65.0,60.0,0.15000000000000002,0.1,0.7000000000000001,0.8,95.0,55.0,70.0,6682,2655,4027,6682,0.6026638730918886,1.189271126744521,1.0,1.189271126744521,1934,0.7284369114877589,1.0,1
"iteration_4","SCOPE_DATA_COLLECTION",1600,12,790.0,850.0,2,9288,6642,2288,9412,6667,2282,4402,3071,1047,4903,3573,1244,0.5269210102095647,0.5377784467188441,0.5429943256219991,0.4271706664368764,1.0292763598136065,1.5560281296890401,0.8543413328737528,1.0292763598136065,1.0373520864593602,0.4445706497046797,0.6128296971670466,0.6150907354345749,100.0,100.0,5568,3083,9567,150,3,9567,0.02693965517241379,9.730781706130393E-4,1.0,0.25,0.1,0.7000000000000001,0.9,90.0,65.0,60.0,0.15000000000000002,0.1,0.7000000000000001,0.8,95.0,55.0,70.0,2306,861,1445,2306,0.6266261925411969,1.817141016785075,1.5,1.2114273445233834,637,0.7398373983739838,1.0,1
"iteration_4","SCOPE_DATA_COLLECTION",1600,13,850.0,910.0,0,9284,6682,2306,9288,6642,2288,3802,2661,861,5474,4027,1445,0.5901250539025442,0.6021232057416268,0.6266261925411969,0.487814020608662,1.19084492777455,1.8173048012517647,0.975628041217324,1.19084492777455,1.2115365341678432,0.5168332456601789,0.7282976324689966,0.7398373983739838,100.0,100.0,5648,1845,10779,167,0,10779,0.029567988668555242,0.0,1.0,0.15000000000000002,0.1,0.7000000000000001,0.8,95.0,55.0,70.0,0.15000000000000002,0.1,0.7000000000000001,0.7000000000000001,85.0,45.0,80.0,9543,3909,5634,9543,0.5903803835271927,0.487626243561246,0.5,0.975252487122492,2036,0.5208493220772576,1.0,1
"iteration_4","SCOPE_DATA_COLLECTION",1600,13,850.0,910.0,1,9284,6682,2306,9288,6642,2288,3802,2661,861,5474,4027,1445,0.5901250539025442,0.6021232057416268,0.6266261925411969,0.487814020608662,1.19084492777455,1.8173048012517647,0.975628041217324,1.19084492777455,1.2115365341678432,0.5168332456601789,0.7282976324689966,0.7398373983739838,100.0,100.0,5648,1845,10779,167,0,10779,0.029567988668555242,0.0,1.0,0.15000000000000002,0.1,0.7000000000000001,0.8,95.0,55.0,70.0,0.15000000000000002,0.1,0.7000000000000001,0.7000000000000001,85.0,45.0,80.0,6693,2731,3962,6693,0.5919617510832212,1.1748150708085552,1.0,1.1748150708085552,1947,0.712925668253387,1.0,1
"iteration_4","SCOPE_DATA_COLLECTION",1600,13,850.0,910.0,2,9284,6682,2306,9288,6642,2288,3802,2661,861,5474,4027,1445,0.5901250539025442,0.6021232057416268,0.6266261925411969,0.487814020608662,1.19084492777455,1.8173048012517647,0.975628041217324,1.19084492777455,1.2115365341678432,0.5168332456601789,0.7282976324689966,0.7398373983739838,100.0,100.0,5648,1845,10779,167,0,10779,0.029567988668555242,0.0,1.0,0.15000000000000002,0.1,0.7000000000000001,0.8,95.0,55.0,70.0,0.15000000000000002,0.1,0.7000000000000001,0.7000000000000001,85.0,45.0,80.0,2282,864,1418,2282,0.621384750219106,1.7992018837006796,1.5,1.1994679224671196,624,0.7222222222222222,1.0,1
"iteration_4","SCOPE_DATA_COLLECTION",1600,14,910.0,970.0,0,9543,6693,2282,9284,6682,2306,3907,2735,861,5634,3962,1418,0.5905041400272508,0.5916081827684038,0.6222027204914437,0.4862523183416448,1.1742523543968928,1.7948984622516133,0.9725046366832896,1.1742523543968928,1.1965989748344088,0.5198361914512414,0.713345521023766,0.7200929152148664,100.0,100.0,5680,1997,10841,173,0,10841,0.03045774647887324,0.0,1.0,0.15000000000000002,0.1,0.7000000000000001,0.7000000000000001,85.0,45.0,80.0,0.25,0.1,0.8,0.7000000000000001,85.0,55.0,90.0,9325,4474,4851,9325,0.5202144772117963,0.44505650866889096,0.5,0.8901130173377819,2055,0.45932051855163164,1.0,1
"iteration_4","SCOPE_DATA_COLLECTION",1600,14,910.0,970.0,1,9543,6693,2282,9284,6682,2306,3907,2735,861,5634,3962,1418,0.5905041400272508,0.5916081827684038,0.6222027204914437,0.4862523183416448,1.1742523543968928,1.7948984622516133,0.9725046366832896,1.1742523543968928,1.1965989748344088,0.5198361914512414,0.713345521023766,0.7200929152148664,100.0,100.0,5680,1997,10841,173,0,10841,0.03045774647887324,0.0,1.0,0.15000000000000002,0.1,0.7000000000000001,0.7000000000000001,85.0,45.0,80.0,0.25,0.1,0.8,0.7000000000000001,85.0,55.0,90.0,6626,3105,3521,6626,0.5313914880772713,1.0653948750880058,1.0,1.0653948750880058,1921,0.6186795491143318,1.0,1
"iteration_4","SCOPE_DATA_COLLECTION",1600,14,910.0,970.0,2,9543,6693,2282,9284,6682,2306,3907,2735,861,5634,3962,1418,0.5905041400272508,0.5916081827684038,0.6222027204914437,0.4862523183416448,1.1742523543968928,1.7948984622516133,0.9725046366832896,1.1742523543968928,1.1965989748344088,0.5198361914512414,0.713345521023766,0.7200929152148664,100.0,100.0,5680,1997,10841,173,0,10841,0.03045774647887324,0.0,1.0,0.15000000000000002,0.1,0.7000000000000001,0.7000000000000001,85.0,45.0,80.0,0.25,0.1,0.8,0.7000000000000001,85.0,55.0,90.0,2286,1003,1283,2286,0.5612423447069116,1.6161466463447085,1.5,1.077431097563139,636,0.634097706879362,1.0,1
"iteration_4","SCOPE_DATA_COLLECTION",1600,15,970.0,1030.0,0,9325,6626,2286,9543,6693,2282,4485,3112,1000,4851,3521,1283,0.5196015424164524,0.5308306950097995,0.5619798510731494,0.44587288846205214,1.0632362619674125,1.6177481042234876,0.8917457769241043,1.0632362619674125,1.0784987361489917,0.46064659977703454,0.6182519280205655,0.634,97.5,100.0,5664,3099,9474,179,2,9474,0.031603107344632765,6.453694740238787E-4,1.0,0.25,0.1,0.8,0.7000000000000001,85.0,55.0,90.0,0.25,0.1,0.8,0.7000000000000001,85.0,55.0,90.0,9284,4396,4888,9284,0.5264971994829815,0.4417319411397148,0.5,0.8834638822794296,2019,0.45928116469517744,1.0,1
"iteration_4","SCOPE_DATA_COLLECTION",1600,15,970.0,1030.0,1,9325,6626,2286,9543,6693,2282,4485,3112,1000,4851,3521,1283,0.5196015424164524,0.5308306950097995,0.5619798510731494,0.44587288846205214,1.0632362619674125,1.6177481042234876,0.8917457769241043,1.0632362619674125,1.0784987361489917,0.46064659977703454,0.6182519280205655,0.634,97.5,100.0,5664,3099,9474,179,2,9474,0.031603107344632765,6.453694740238787E-4,1.0,0.25,0.1,0.8,0.7000000000000001,85.0,55.0,90.0,0.25,0.1,0.8,0.7000000000000001,85.0,55.0,90.0,6628,3136,3492,6628,0.5268557634278818,1.0694493102569371,1.0,1.0694493102569371,1963,0.6259566326530612,1.0,1
"iteration_4","SCOPE_DATA_COLLECTION",1600,15,970.0,1030.0,2,9325,6626,2286,9543,6693,2282,4485,3112,1000,4851,3521,1283,0.5196015424164524,0.5308306950097995,0.5619798510731494,0.44587288846205214,1.0632362619674125,1.6177481042234876,0.8917457769241043,1.0632362619674125,1.0784987361489917,0.46064659977703454,0.6182519280205655,0.634,97.5,100.0,5664,3099,9474,179,2,9474,0.031603107344632765,6.453694740238787E-4,1.0,0.25,0.1,0.8,0.7000000000000001,85.0,55.0,90.0,0.25,0.1,0.8,0.7000000000000001,85.0,55.0,90.0,2391,1040,1351,2391,0.5650355499790882,1.5900677164900103,1.5,1.0600451443266736,649,0.6240384615384615,1.0,1
"iteration_4","SCOPE_DATA_COLLECTION",1600,16,1030.0,1090.0,0,9284,6628,2391,9325,6626,2286,4382,3123,1048,4888,3492,1351,0.5272923408845739,0.527891156462585,0.563151313047103,0.44084012318331317,1.07067155128231,1.5945389440052913,0.8816802463666263,1.07067155128231,1.0630259626701941,0.45641259698767683,0.6247198206852386,0.6269083969465649,100.0,100.0,5608,3159,9536,192,3,9536,0.034236804564907276,9.49667616334283E-4,1.0,0.25,0.1,0.8,0.7000000000000001,85.0,55.0,90.0,0.25,0.1,0.8,0.7000000000000001,85.0,55.0,90.0,9250,4537,4713,9250,0.5095135135135135,0.4459012703583549,0.5,0.8918025407167098,2089,0.46043641172581,1.0,1
"iteration_4","SCOPE_DATA_COLLECTION",1600,16,1030.0,1090.0,1,9284,6628,2391,9325,6626,2286,4382,3123,1048,4888,3492,1351,0.5272923408845739,0.527891156462585,0.563151313047103,0.44084012318331317,1.07067155128231,1.5945389440052913,0.8816802463666263,1.07067155128231,1.0630259626701941,0.45641259698767683,0.6247198206852386,0.6269083969465649,100.0,100.0,5608,3159,9536,192,3,9536,0.034236804564907276,9.49667616334283E-4,1.0,0.25,0.1,0.8,0.7000000000000001,85.0,55.0,90.0,0.25,0.1,0.8,0.7000000000000001,85.0,55.0,90.0,6781,3164,3617,6781,0.5334021530747677,1.0489325495818271,1.0,1.0489325495818271,1931,0.6103034134007586,1.0,1
"iteration_4","SCOPE_DATA_COLLECTION",1600,16,1030.0,1090.0,2,9284,6628,2391,9325,6626,2286,4382,3123,1048,4888,3492,1351,0.5272923408845739,0.527891156462585,0.563151313047103,0.44084012318331317,1.07067155128231,1.5945389440052913,0.8816802463666263,1.07067155128231,1.0630259626701941,0.45641259698767683,0.6247198206852386,0.6269083969465649,100.0,100.0,5608,3159,9536,192,3,9536,0.034236804564907276,9.49667616334283E-4,1.0,0.25,0.1,0.8,0.7000000000000001,85.0,55.0,90.0,0.25,0.1,0.8,0.7000000000000001,85.0,55.0,90.0,2286,1030,1256,2286,0.5494313210848644,1.5729544942683364,1.5,1.0486363295122243,630,0.6116504854368932,1.0,1
"iteration_4","SCOPE_DATA_COLLECTION",1600,17,1090.0,1150.0,0,9250,6781,2286,9284,6628,2391,4546,3156,1026,4713,3617,1256,0.5090182525110704,0.5340321866233575,0.5503943908851884,0.4463478849146448,1.0490704312858021,1.5701148821689306,0.8926957698292896,1.0490704312858021,1.046743254779287,0.4626044874615046,0.611850443599493,0.6101364522417154,100.0,100.0,5695,3210,9412,174,0,9412,0.0305531167690957,0.0,1.0,0.25,0.1,0.8,0.7000000000000001,85.0,55.0,90.0,0.25,0.1,0.8,0.7000000000000001,85.0,55.0,90.0,9297,4450,4847,9297,0.52135097343229,0.4294774921210853,0.5,0.8589549842421706,1962,0.4408988764044944,1.0,1
"iteration_4","SCOPE_DATA_COLLECTION",1600,17,1090.0,1150.0,1,9250,6781,2286,9284,6628,2391,4546,3156,1026,4713,3617,1256,0.5090182525110704,0.5340321866233575,0.5503943908851884,0.4463478849146448,1.0490704312858021,1.5701148821689306,0.8926957698292896,1.0490704312858021,1.046743254779287,0.4626044874615046,0.611850443599493,0.6101364522417154,100.0,100.0,5695,3210,9412,174,0,9412,0.0305531167690957,0.0,1.0,0.25,0.1,0.8,0.7000000000000001,85.0,55.0,90.0,0.25,0.1,0.8,0.7000000000000001,85.0,55.0,90.0,6700,3116,3584,6700,0.5349253731343283,1.047221035158834,1.0,1.047221035158834,1914,0.6142490372272144,1.0,1
"iteration_4","SCOPE_DATA_COLLECTION",1600,17,1090.0,1150.0,2,9250,6781,2286,9284,6628,2391,4546,3156,1026,4713,3617,1256,0.5090182525110704,0.5340321866233575,0.5503943908851884,0.4463478849146448,1.0490704312858021,1.5701148821689306,0.8926957698292896,1.0490704312858021,1.046743254779287,0.4626044874615046,0.611850443599493,0.6101364522417154,100.0,100.0,5695,3210,9412,174,0,9412,0.0305531167690957,0.0,1.0,0.25,0.1,0.8,0.7000000000000001,85.0,55.0,90.0,0.25,0.1,0.8,0.7000000000000001,85.0,55.0,90.0,2335,1061,1274,2335,0.545610278372591,1.5954598019422557,1.5,1.0636398679615038,667,0.6286522148916117,1.0,1
"iteration_4","SCOPE_DATA_COLLECTION",1600,18,1150.0,1210.0,0,9297,6700,2335,9250,6781,2286,4435,3131,1058,4847,3584,1274,0.5221934927817281,0.5337304542069993,0.5463121783876501,0.4292821054385885,1.0482452155351867,1.5945894860412346,0.858564210877177,1.0482452155351867,1.063059657360823,0.4401352874859076,0.6148195464707761,0.6275992438563327,100.0,100.0,5577,3228,9527,177,1,9527,0.03173749327595481,3.097893432465923E-4,1.0,0.25,0.1,0.8,0.7000000000000001,85.0,55.0,90.0,0.45,0.30000000000000004,0.2,0.5,60.0,80.0,25.0,9394,5710,3684,9394,0.392165211837343,0.3790584378775854,0.5,0.7581168757551708,2097,0.3672504378283713,1.0,1
"iteration_4","SCOPE_DATA_COLLECTION",1600,18,1150.0,1210.0,1,9297,6700,2335,9250,6781,2286,4435,3131,1058,4847,3584,1274,0.5221934927817281,0.5337304542069993,0.5463121783876501,0.4292821054385885,1.0482452155351867,1.5945894860412346,0.858564210877177,1.0482452155351867,1.063059657360823,0.4401352874859076,0.6148195464707761,0.6275992438563327,100.0,100.0,5577,3228,9527,177,1,9527,0.03173749327595481,3.097893432465923E-4,1.0,0.25,0.1,0.8,0.7000000000000001,85.0,55.0,90.0,0.45,0.30000000000000004,0.2,0.5,60.0,80.0,25.0,6629,4007,2622,6629,0.3955347714587419,0.7944879600647018,1.0,0.7944879600647018,1867,0.4659346144247567,1.0,1
"iteration_4","SCOPE_DATA_COLLECTION",1600,18,1150.0,1210.0,2,9297,6700,2335,9250,6781,2286,4435,3131,1058,4847,3584,1274,0.5221934927817281,0.5337304542069993,0.5463121783876501,0.4292821054385885,1.0482452155351867,1.5945894860412346,0.858564210877177,1.0482452155351867,1.063059657360823,0.4401352874859076,0.6148195464707761,0.6275992438563327,100.0,100.0,5577,3228,9527,177,1,9527,0.03173749327595481,3.097893432465923E-4,1.0,0.25,0.1,0.8,0.7000000000000001,85.0,55.0,90.0,0.45,0.30000000000000004,0.2,0.5,60.0,80.0,25.0,2316,1346,970,2316,0.41882556131260795,1.284436879904996,1.5,0.8562912532699974,638,0.4739970282317979,1.0,1
"iteration_4","SCOPE_DATA_COLLECTION",1600,19,1210.0,1270.0,0,9394,6629,2316,9297,6700,2335,5732,4012,1340,3684,2622,970,0.39124893797790994,0.3952366596321978,0.4199134199134199,0.37996512672133725,0.7995527039616515,1.2876675283465842,0.7599302534426745,0.7995527039616515,0.8584450188977227,0.36863224005582695,0.46809571286141577,0.4761194029850746,100.0,100.0,5353,5838,7148,121,7,7148,0.022604147207173547,0.001199040767386091,1.0,0.45,0.30000000000000004,0.2,0.5,60.0,80.0,25.0,0.9,0.30000000000000004,0.6000000000000001,0.8,55.0,70.0,90.0,9453,7778,1675,9453,0.17719242568496774,0.3914002370258515,0.5,0.782800474051703,2510,0.32270506556955514,1.0,1
"iteration_4","SCOPE_DATA_COLLECTION",1600,19,1210.0,1270.0,1,9394,6629,2316,9297,6700,2335,5732,4012,1340,3684,2622,970,0.39124893797790994,0.3952366596321978,0.4199134199134199,0.37996512672133725,0.7995527039616515,1.2876675283465842,0.7599302534426745,0.7995527039616515,0.8584450188977227,0.36863224005582695,0.46809571286141577,0.4761194029850746,100.0,100.0,5353,5838,7148,121,7,7148,0.022604147207173547,0.001199040767386091,1.0,0.45,0.30000000000000004,0.2,0.5,60.0,80.0,25.0,0.9,0.30000000000000004,0.6000000000000001,0.8,55.0,70.0,90.0,6788,5492,1296,6788,0.19092516205067767,0.7527846834629848,1.0,0.7527846834629848,1941,0.3534231609613984,1.0,1
"iteration_4","SCOPE_DATA_COLLECTION",1600,19,1210.0,1270.0,2,9394,6629,2316,9297,6700,2335,5732,4012,1340,3684,2622,970,0.39124893797790994,0.3952366596321978,0.4199134199134199,0.37996512672133725,0.7995527039616515,1.2876675283465842,0.7599302534426745,0.7995527039616515,0.8584450188977227,0.36863224005582695,0.46809571286141577,0.4761194029850746,100.0,100.0,5353,5838,7148,121,7,7148,0.022604147207173547,0.001199040767386091,1.0,0.45,0.30000000000000004,0.2,0.5,60.0,80.0,25.0,0.9,0.30000000000000004,0.6000000000000001,0.8,55.0,70.0,90.0,2307,1787,520,2307,0.22540095361941917,1.1318299173859712,1.5,0.7545532782573141,631,0.35310576385002795,1.0,1
"iteration_4","SCOPE_DATA_COLLECTION",1600,20,1270.0,1330.0,0,9453,6788,2307,9394,6629,2316,7703,5431,1779,1675,1296,519,0.17860951162294733,0.192656459045637,0.2258485639686684,0.38422243897505526,0.7429113942404552,1.1286655410690227,0.7684448779501105,0.7429113942404552,0.7524436940460152,0.31753862131637023,0.3476339532314491,0.3501967397414278,90.0,100.0,5654,11565,1329,212,3265,13,0.03749557835160948,0.28231733679204496,0.009781790820165538,0.9,0.30000000000000004,0.6000000000000001,0.8,55.0,70.0,90.0,0.9,0.4,0.5,0.9,65.0,70.0,95.0,9345,7642,1703,9345,0.18223649010165865,0.3937224784260444,0.5,0.7874449568520888,2589,0.33878565820465845,1.0,1
"iteration_4","SCOPE_DATA_COLLECTION",1600,20,1270.0,1330.0,1,9453,6788,2307,9394,6629,2316,7703,5431,1779,1675,1296,519,0.17860951162294733,0.192656459045637,0.2258485639686684,0.38422243897505526,0.7429113942404552,1.1286655410690227,0.7684448779501105,0.7429113942404552,0.7524436940460152,0.31753862131637023,0.3476339532314491,0.3501967397414278,90.0,100.0,5654,11565,1329,212,3265,13,0.03749557835160948,0.28231733679204496,0.009781790820165538,0.9,0.30000000000000004,0.6000000000000001,0.8,55.0,70.0,90.0,0.9,0.4,0.5,0.9,65.0,70.0,95.0,6531,5187,1344,6531,0.2057877813504823,0.7868333205751222,1.0,0.7868333205751222,2068,0.39868903026797764,1.0,1
"iteration_4","SCOPE_DATA_COLLECTION",1600,20,1270.0,1330.0,2,9453,6788,2307,9394,6629,2316,7703,5431,1779,1675,1296,519,0.17860951162294733,0.192656459045637,0.2258485639686684,0.38422243897505526,0.7429113942404552,1.1286655410690227,0.7684448779501105,0.7429113942404552,0.7524436940460152,0.31753862131637023,0.3476339532314491,0.3501967397414278,90.0,100.0,5654,11565,1329,212,3265,13,0.03749557835160948,0.28231733679204496,0.009781790820165538,0.9,0.30000000000000004,0.6000000000000001,0.8,55.0,70.0,90.0,0.9,0.4,0.5,0.9,65.0,70.0,95.0,2326,1730,596,2326,0.25623387790197766,1.1276206998001674,1.5,0.7517471332001117,621,0.35895953757225435,1.0,1
"iteration_4","SCOPE_DATA_COLLECTION",1600,21,1330.0,1390.0,0,9345,6531,2326,9453,6788,2307,7684,5202,1728,1703,1344,597,0.18142111430702035,0.20531622364802934,0.2567741935483871,0.3989653024197355,0.7892055066673119,1.1274424658462923,0.797930604839471,0.7892055066673119,0.7516283105641949,0.34292035398230086,0.4015763168012303,0.3616898148148148,100.0,100.0,5590,11339,1273,209,3435,0,0.03738819320214669,0.3029367669106623,0.0,0.9,0.4,0.5,0.9,65.0,70.0,95.0,0.9,0.4,0.5,0.9,65.0,70.0,95.0,9386,7318,2068,9386,0.22032814830598765,0.4192095682768399,0.5,0.8384191365536798,2528,0.345449576386991,1.0,1
"iteration_4","SCOPE_DATA_COLLECTION",1600,21,1330.0,1390.0,1,9345,6531,2326,9453,6788,2307,7684,5202,1728,1703,1344,597,0.18142111430702035,0.20531622364802934,0.2567741935483871,0.3989653024197355,0.7892055066673119,1.1274424658462923,0.797930604839471,0.7892055066673119,0.7516283105641949,0.34292035398230086,0.4015763168012303,0.3616898148148148,100.0,100.0,5590,11339,1273,209,3435,0,0.03738819320214669,0.3029367669106623,0.0,0.9,0.4,0.5,0.9,65.0,70.0,95.0,0.9,0.4,0.5,0.9,65.0,70.0,95.0,6795,5206,1589,6795,0.23384841795437822,0.7959621847903154,1.0,0.7959621847903154,2007,0.38551671148674604,1.0,1
"iteration_4","SCOPE_DATA_COLLECTION",1600,21,1330.0,1390.0,2,9345,6531,2326,9453,6788,2307,7684,5202,1728,1703,1344,597,0.18142111430702035,0.20531622364802934,0.2567741935483871,0.3989653024197355,0.7892055066673119,1.1274424658462923,0.797930604839471,0.7892055066673119,0.7516283105641949,0.34292035398230086,0.4015763168012303,0.3616898148148148,100.0,100.0,5590,11339,1273,209,3435,0,0.03738819320214669,0.3029367669106623,0.0,0.9,0.4,0.5,0.9,65.0,70.0,95.0,0.9,0.4,0.5,0.9,65.0,70.0,95.0,2322,1712,610,2322,0.26270456503014644,1.1250048870892049,1.5,0.7500032580594699,590,0.3446261682242991,1.0,1
"iteration_4","SCOPE_DATA_COLLECTION",1600,22,1390.0,1450.0,0,9386,6795,2322,9345,6531,2326,7312,5205,1716,2061,1582,607,0.21988690920729756,0.23309267717695595,0.26130004304778304,0.4200997533040098,0.7968855764263988,1.1282995593317602,0.8401995066080196,0.7968855764263988,0.7521997062211735,0.3472374179431072,0.3865513928914505,0.34673659673659674,100.0,100.0,5549,11721,1233,170,4080,0,0.030636150657776175,0.3480931661121065,0.0,0.9,0.4,0.5,0.9,65.0,70.0,95.0,0.9,0.30000000000000004,0.6000000000000001,0.9,75.0,80.0,85.0,9399,7384,2015,9399,0.2143845089903181,0.4537118265213275,0.5,0.907423653042655,2653,0.35929035752979416,1.0,1
"iteration_4","SCOPE_DATA_COLLECTION",1600,22,1390.0,1450.0,1,9386,6795,2322,9345,6531,2326,7312,5205,1716,2061,1582,607,0.21988690920729756,0.23309267717695595,0.26130004304778304,0.4200997533040098,0.7968855764263988,1.1282995593317602,0.8401995066080196,0.7968855764263988,0.7521997062211735,0.3472374179431072,0.3865513928914505,0.34673659673659674,100.0,100.0,5549,11721,1233,170,4080,0,0.030636150657776175,0.3480931661121065,0.0,0.9,0.4,0.5,0.9,65.0,70.0,95.0,0.9,0.30000000000000004,0.6000000000000001,0.9,75.0,80.0,85.0,6933,5336,1597,6933,0.23034761286600317,0.8179296275101735,1.0,0.8179296275101735,2029,0.3802473763118441,1.0,1
"iteration_4","SCOPE_DATA_COLLECTION",1600,22,1390.0,1450.0,2,9386,6795,2322,9345,6531,2326,7312,5205,1716,2061,1582,607,0.21988690920729756,0.23309267717695595,0.26130004304778304,0.4200997533040098,0.7968855764263988,1.1282995593317602,0.8401995066080196,0.7968855764263988,0.7521997062211735,0.3472374179431072,0.3865513928914505,0.34673659673659674,100.0,100.0,5549,11721,1233,170,4080,0,0.030636150657776175,0.3480931661121065,0.0,0.9,0.4,0.5,0.9,65.0,70.0,95.0,0.9,0.30000000000000004,0.6000000000000001,0.9,75.0,80.0,85.0,2265,1658,607,2265,0.26799116997792494,1.213812334804249,1.5,0.8092082232028327,628,0.37876960193003617,1.0,1
"iteration_4","SCOPE_DATA_COLLECTION",1600,23,1450.0,1510.0,0,9399,6933,2265,9386,6795,2322,7402,5376,1669,2022,1604,610,0.21455857385398983,0.2297994269340974,0.2676612549363756,0.4530783083264499,0.8195105190291125,1.2090736677930793,0.9061566166528998,0.8195105190291125,0.8060491118620529,0.3559848689543367,0.3802083333333333,0.3750748951467945,100.0,100.0,5627,11637,1333,208,4028,0,0.03696463479651679,0.34613732061527885,0.0,0.9,0.30000000000000004,0.6000000000000001,0.9,75.0,80.0,85.0,0.35000000000000003,0.9,0.30000000000000004,0.30000000000000004,65.0,95.0,35.0,9470,5087,4383,9470,0.46282998944033793,0.4517665505113842,0.5,0.9035331010227684,2340,0.4599960684096717,1.0,1
"iteration_4","SCOPE_DATA_COLLECTION",1600,23,1450.0,1510.0,1,9399,6933,2265,9386,6795,2322,7402,5376,1669,2022,1604,610,0.21455857385398983,0.2297994269340974,0.2676612549363756,0.4530783083264499,0.8195105190291125,1.2090736677930793,0.9061566166528998,0.8195105190291125,0.8060491118620529,0.3559848689543367,0.3802083333333333,0.3750748951467945,100.0,100.0,5627,11637,1333,208,4028,0,0.03696463479651679,0.34613732061527885,0.0,0.9,0.30000000000000004,0.6000000000000001,0.9,75.0,80.0,85.0,0.35000000000000003,0.9,0.30000000000000004,0.30000000000000004,65.0,95.0,35.0,6772,3694,3078,6772,0.45451860602480804,0.885586019728092,1.0,0.885586019728092,1891,0.5119112073632919,1.0,1
"iteration_4","SCOPE_DATA_COLLECTION",1600,23,1450.0,1510.0,2,9399,6933,2265,9386,6795,2322,7402,5376,1669,2022,1604,610,0.21455857385398983,0.2297994269340974,0.2676612549363756,0.4530783083264499,0.8195105190291125,1.2090736677930793,0.9061566166528998,0.8195105190291125,0.8060491118620529,0.3559848689543367,0.3802083333333333,0.3750748951467945,100.0,100.0,5627,11637,1333,208,4028,0,0.03696463479651679,0.34613732061527885,0.0,0.9,0.30000000000000004,0.6000000000000001,0.9,75.0,80.0,85.0,0.35000000000000003,0.9,0.30000000000000004,0.30000000000000004,65.0,95.0,35.0,2299,1204,1095,2299,0.47629404088734234,1.3745475849158335,1.5,0.9163650566105557,611,0.5074750830564784,1.0,1
"iteration_4","SCOPE_DATA_COLLECTION",1600,24,1510.0,1570.0,0,9470,6772,2299,9399,6933,2265,5101,3687,1213,4383,3078,1095,0.46214677351328554,0.4549889135254989,0.4744367417677643,0.45313573588616896,0.8874936367197318,1.3844820856869933,0.9062714717723379,0.8874936367197318,0.9229880571246621,0.46206626151734953,0.5115269867100624,0.5127782357790602,100.0,100.0,5405,4657,8479,139,0,8417,0.025716928769657723,0.0,0.9926878169595471,0.35000000000000003,0.9,0.30000000000000004,0.30000000000000004,65.0,95.0,35.0,0.65,0.4,0.5,0.4,65.0,70.0,35.0,9364,8496,868,9364,0.09269542930371637,0.37113962345382845,0.5,0.7422792469076569,2668,0.314030131826742,1.0,1
"iteration_4","SCOPE_DATA_COLLECTION",1600,24,1510.0,1570.0,1,9470,6772,2299,9399,6933,2265,5101,3687,1213,4383,3078,1095,0.46214677351328554,0.4549889135254989,0.4744367417677643,0.45313573588616896,0.8874936367197318,1.3844820856869933,0.9062714717723379,0.8874936367197318,0.9229880571246621,0.46206626151734953,0.5115269867100624,0.5127782357790602,100.0,100.0,5405,4657,8479,139,0,8417,0.025716928769657723,0.0,0.9926878169595471,0.35000000000000003,0.9,0.30000000000000004,0.30000000000000004,65.0,95.0,35.0,0.65,0.4,0.5,0.4,65.0,70.0,35.0,6713,6061,652,6713,0.09712498137941308,0.7007870749536828,1.0,0.7007870749536828,1930,0.3184293020953638,1.0,1
"iteration_4","SCOPE_DATA_COLLECTION",1600,24,1510.0,1570.0,2,9470,6772,2299,9399,6933,2265,5101,3687,1213,4383,3078,1095,0.46214677351328554,0.4549889135254989,0.4744367417677643,0.45313573588616896,0.8874936367197318,1.3844820856869933,0.9062714717723379,0.8874936367197318,0.9229880571246621,0.46206626151734953,0.5115269867100624,0.5127782357790602,100.0,100.0,5405,4657,8479,139,0,8417,0.025716928769657723,0.0,0.9926878169595471,0.35000000000000003,0.9,0.30000000000000004,0.30000000000000004,65.0,95.0,35.0,0.65,0.4,0.5,0.4,65.0,70.0,35.0,2307,2016,291,2307,0.12613784135240572,1.0489542793037907,1.5,0.6993028528691938,646,0.32043650793650796,1.0,1
"iteration_4","SCOPE_DATA_COLLECTION",1600,25,1570.0,1630.0,0,9364,6713,2307,9470,6772,2299,8485,6040,2008,868,652,291,0.09280444777076874,0.09742976688583384,0.12657677250978686,0.3705477143194248,0.6952397756338171,1.0458679087964677,0.7410954286388496,0.6952397756338171,0.6972452725309785,0.3136122569239835,0.316887417218543,0.3187250996015936,100.0,100.0,5553,8375,4456,180,7,1624,0.03241491085899514,8.35820895522388E-4,0.3644524236983842,0.65,0.4,0.5,0.4,65.0,70.0,35.0,0.7000000000000001,0.4,0.2,0.8,20.0,75.0,90.0,9586,9148,438,9586,0.04569163363238055,0.33624125487228973,0.5,0.6724825097445795,2450,0.26781810231744646,1.0,1
"iteration_4","SCOPE_DATA_COLLECTION",1600,25,1570.0,1630.0,1,9364,6713,2307,9470,6772,2299,8485,6040,2008,868,652,291,0.09280444777076874,0.09742976688583384,0.12657677250978686,0.3705477143194248,0.6952397756338171,1.0458679087964677,0.7410954286388496,0.6952397756338171,0.6972452725309785,0.3136122569239835,0.316887417218543,0.3187250996015936,100.0,100.0,5553,8375,4456,180,7,1624,0.03241491085899514,8.35820895522388E-4,0.3644524236983842,0.65,0.4,0.5,0.4,65.0,70.0,35.0,0.7000000000000001,0.4,0.2,0.8,20.0,75.0,90.0,6653,6308,345,6653,0.05185630542612355,0.6251219109491256,1.0,0.6251219109491256,1895,0.3004121750158529,1.0,1
"iteration_4","SCOPE_DATA_COLLECTION",1600,25,1570.0,1630.0,2,9364,6713,2307,9470,6772,2299,8485,6040,2008,868,652,291,0.09280444777076874,0.09742976688583384,0.12657677250978686,0.3705477143194248,0.6952397756338171,1.0458679087964677,0.7410954286388496,0.6952397756338171,0.6972452725309785,0.3136122569239835,0.316887417218543,0.3187250996015936,100.0,100.0,5553,8375,4456,180,7,1624,0.03241491085899514,8.35820895522388E-4,0.3644524236983842,0.65,0.4,0.5,0.4,65.0,70.0,35.0,0.7000000000000001,0.4,0.2,0.8,20.0,75.0,90.0,2292,2106,186,2292,0.08115183246073299,0.973561932094977,1.5,0.649041288063318,611,0.29012345679012347,1.0,1
"iteration_4","SCOPE_DATA_COLLECTION",1600,26,1630.0,1690.0,0,9586,6653,2292,9364,6713,2307,9143,6334,2095,436,340,185,0.04551623342728886,0.050943961642193586,0.08114035087719298,0.3370630260221879,0.6316502515251243,0.9745424763474835,0.6741260520443758,0.6316502515251243,0.6496949842316556,0.2682926829268293,0.3026523523839596,0.2902147971360382,100.0,100.0,5553,9041,3937,140,9,812,0.025211597334773996,9.954651034177636E-4,0.206248412496825,0.7000000000000001,0.4,0.2,0.8,20.0,75.0,90.0,0.7000000000000001,0.5,0.30000000000000004,0.9,30.0,65.0,90.0,9575,9276,299,9575,0.03122715404699739,0.34917030645035413,0.5,0.6983406129007083,2573,0.2773824924536438,1.0,1
"iteration_4","SCOPE_DATA_COLLECTION",1600,26,1630.0,1690.0,1,9586,6653,2292,9364,6713,2307,9143,6334,2095,436,340,185,0.04551623342728886,0.050943961642193586,0.08114035087719298,0.3370630260221879,0.6316502515251243,0.9745424763474835,0.6741260520443758,0.6316502515251243,0.6496949842316556,0.2682926829268293,0.3026523523839596,0.2902147971360382,100.0,100.0,5553,9041,3937,140,9,812,0.025211597334773996,9.954651034177636E-4,0.206248412496825,0.7000000000000001,0.4,0.2,0.8,20.0,75.0,90.0,0.7000000000000001,0.5,0.30000000000000004,0.9,30.0,65.0,90.0,6687,6454,233,6687,0.03484372663376701,0.6249389404896384,1.0,0.6249389404896384,1866,0.28912302448094207,1.0,1
"iteration_4","SCOPE_DATA_COLLECTION",1600,26,1630.0,1690.0,2,9586,6653,2292,9364,6713,2307,9143,6334,2095,436,340,185,0.04551623342728886,0.050943961642193586,0.08114035087719298,0.3370630260221879,0.6316502515251243,0.9745424763474835,0.6741260520443758,0.6316502515251243,0.6496949842316556,0.2682926829268293,0.3026523523839596,0.2902147971360382,100.0,100.0,5553,9041,3937,140,9,812,0.025211597334773996,9.954651034177636E-4,0.206248412496825,0.7000000000000001,0.4,0.2,0.8,20.0,75.0,90.0,0.7000000000000001,0.5,0.30000000000000004,0.9,30.0,65.0,90.0,2246,2132,114,2246,0.05075690115761353,0.9743153601898457,1.5,0.6495435734598971,606,0.28424015009380865,1.0,1
"iteration_4","SCOPE_DATA_COLLECTION",1600,27,1690.0,1750.0,0,9575,6687,2246,9586,6653,2292,9266,6448,2126,301,238,115,0.03146231838611895,0.03559676936883039,0.051316376617581434,0.348287215279415,0.6244929331324207,0.9707006057263584,0.69657443055883,0.6244929331324207,0.6471337371509056,0.27660263328297,0.28923697270471466,0.2831608654750706,100.0,100.0,5524,9126,3858,120,71,463,0.02172338884866039,0.007779969318430857,0.12001036806635562,0.7000000000000001,0.5,0.30000000000000004,0.9,30.0,65.0,90.0,0.6000000000000001,0.5,0.30000000000000004,0.8,40.0,55.0,80.0,9421,7824,1597,9421,0.16951491349113681,0.3860015725837552,0.5,0.7720031451675105,2506,0.3202965235173824,1.0,1
"iteration_4","SCOPE_DATA_COLLECTION",1600,27,1690.0,1750.0,1,9575,6687,2246,9586,6653,2292,9266,6448,2126,301,238,115,0.03146231838611895,0.03559676936883039,0.051316376617581434,0.348287215279415,0.6244929331324207,0.9707006057263584,0.69657443055883,0.6244929331324207,0.6471337371509056,0.27660263328297,0.28923697270471466,0.2831608654750706,100.0,100.0,5524,9126,3858,120,71,463,0.02172338884866039,0.007779969318430857,0.12001036806635562,0.7000000000000001,0.5,0.30000000000000004,0.9,30.0,65.0,90.0,0.6000000000000001,0.5,0.30000000000000004,0.8,40.0,55.0,80.0,6729,5473,1256,6729,0.1866547778273146,0.7054285571409294,1.0,0.7054285571409294,1861,0.3400328887264754,1.0,1
"iteration_4","SCOPE_DATA_COLLECTION",1600,27,1690.0,1750.0,2,9575,6687,2246,9586,6653,2292,9266,6448,2126,301,238,115,0.03146231838611895,0.03559676936883039,0.051316376617581434,0.348287215279415,0.6244929331324207,0.9707006057263584,0.69657443055883,0.6244929331324207,0.6471337371509056,0.27660263328297,0.28923697270471466,0.2831608654750706,100.0,100.0,5524,9126,3858,120,71,463,0.02172338884866039,0.007779969318430857,0.12001036806635562,0.7000000000000001,0.5,0.30000000000000004,0.9,30.0,65.0,90.0,0.6000000000000001,0.5,0.30000000000000004,0.8,40.0,55.0,80.0,2290,1845,445,2290,0.1943231441048035,1.1032070638400078,1.5,0.7354713758933386,646,0.35013550135501353,1.0,1
"iteration_4","SCOPE_DATA_COLLECTION",1600,28,1750.0,1810.0,0,9421,6729,2290,9575,6687,2246,7826,5486,1856,1597,1256,445,0.16947893452191445,0.18629486799169387,0.1933941764450239,0.3873758562409808,0.7066085888042002,1.1038702401060592,0.7747517124819616,0.7066085888042002,0.7359134934040394,0.321748019422438,0.34104994531534816,0.34967672413793105,100.0,100.0,5449,7835,5156,140,3,3155,0.02569278766746192,3.8289725590299936E-4,0.6119084561675717,0.6000000000000001,0.5,0.30000000000000004,0.8,40.0,55.0,80.0,0.5,0.6000000000000001,0.2,0.9,40.0,55.0,90.0,9369,6272,3097,9369,0.33055822392998185,0.39317109303038106,0.5,0.7863421860607621,2348,0.37436224489795916,1.0,1
"iteration_4","SCOPE_DATA_COLLECTION",1600,28,1750.0,1810.0,1,9421,6729,2290,9575,6687,2246,7826,5486,1856,1597,1256,445,0.16947893452191445,0.18629486799169387,0.1933941764450239,0.3873758562409808,0.7066085888042002,1.1038702401060592,0.7747517124819616,0.7066085888042002,0.7359134934040394,0.321748019422438,0.34104994531534816,0.34967672413793105,100.0,100.0,5449,7835,5156,140,3,3155,0.02569278766746192,3.8289725590299936E-4,0.6119084561675717,0.6000000000000001,0.5,0.30000000000000004,0.8,40.0,55.0,80.0,0.5,0.6000000000000001,0.2,0.9,40.0,55.0,90.0,6603,4375,2228,6603,0.3374223837649553,0.7510932663858534,1.0,0.7510932663858534,1915,0.4377142857142857,1.0,1
"iteration_4","SCOPE_DATA_COLLECTION",1600,28,1750.0,1810.0,2,9421,6729,2290,9575,6687,2246,7826,5486,1856,1597,1256,445,0.16947893452191445,0.18629486799169387,0.1933941764450239,0.3873758562409808,0.7066085888042002,1.1038702401060592,0.7747517124819616,0.7066085888042002,0.7359134934040394,0.321748019422438,0.34104994531534816,0.34967672413793105,100.0,100.0,5449,7835,5156,140,3,3155,0.02569278766746192,3.8289725590299936E-4,0.6119084561675717,0.6000000000000001,0.5,0.30000000000000004,0.8,40.0,55.0,80.0,0.5,0.6000000000000001,0.2,0.9,40.0,55.0,90.0,2242,1394,848,2242,0.37823371989295274,1.1853028470720968,1.5,0.7902018980480645,577,0.4139167862266858,1.0,1
"iteration_4","SCOPE_DATA_COLLECTION",1600,29,1810.0,1870.0,0,9369,6603,2242,9421,6729,2290,6292,4367,1389,3097,2228,848,0.32985408456704657,0.3378316906747536,0.3790791238265534,0.3921324814254136,0.7505434312302032,1.1882397101591577,0.7842649628508273,0.7505434312302032,0.7921598067727719,0.37460267005721554,0.43668422257842915,0.41540676745860333,100.0,100.0,5449,6403,6362,109,5,6059,0.020003670398238207,7.808839606434484E-4,0.952373467463062,0.5,0.6000000000000001,0.2,0.9,40.0,55.0,90.0,0.8,0.8,0.6000000000000001,0.6000000000000001,80.0,65.0,70.0,9507,9144,363,9507,0.03818239192174187,0.34722970484393373,0.5,0.6944594096878675,2559,0.2798556430446194,1.0,1
"iteration_4","SCOPE_DATA_COLLECTION",1600,29,1810.0,1870.0,1,9369,6603,2242,9421,6729,2290,6292,4367,1389,3097,2228,848,0.32985408456704657,0.3378316906747536,0.3790791238265534,0.3921324814254136,0.7505434312302032,1.1882397101591577,0.7842649628508273,0.7505434312302032,0.7921598067727719,0.37460267005721554,0.43668422257842915,0.41540676745860333,100.0,100.0,5449,6403,6362,109,5,6059,0.020003670398238207,7.808839606434484E-4,0.952373467463062,0.5,0.6000000000000001,0.2,0.9,40.0,55.0,90.0,0.8,0.8,0.6000000000000001,0.6000000000000001,80.0,65.0,70.0,6611,6292,319,6611,0.048252911813643926,0.6687980616016782,1.0,0.6687980616016782,1904,0.30260648442466626,1.0,1
"iteration_4","SCOPE_DATA_COLLECTION",1600,29,1810.0,1870.0,2,9369,6603,2242,9421,6729,2290,6292,4367,1389,3097,2228,848,0.32985408456704657,0.3378316906747536,0.3790791238265534,0.3921324814254136,0.7505434312302032,1.1882397101591577,0.7842649628508273,0.7505434312302032,0.7921598067727719,0.37460267005721554,0.43668422257842915,0.41540676745860333,100.0,100.0,5449,6403,6362,109,5,6059,0.020003670398238207,7.808839606434484E-4,0.952373467463062,0.5,0.6000000000000001,0.2,0.9,40.0,55.0,90.0,0.8,0.8,0.6000000000000001,0.6000000000000001,80.0,65.0,70.0,2297,2120,177,2297,0.07705703090988246,0.9857108777802285,1.5,0.657140585186819,607,0.28632075471698115,1.0,1
"iteration_4","SCOPE_DATA_COLLECTION",1600,30,1870.0,1930.0,0,9507,6611,2297,9369,6603,2242,9126,6286,2129,363,319,177,0.03825482137211508,0.04829674489023467,0.07675628794449263,0.34592680226937134,0.66805145755933,0.9838476009281394,0.6918536045387427,0.66805145755933,0.6558984006187596,0.277229892614508,0.3024180719058225,0.2860497886331611,100.0,100.0,5609,10244,2562,209,625,25,0.03726154394722767,0.061011323701679034,0.00975800156128025,0.8,0.8,0.6000000000000001,0.6000000000000001,80.0,65.0,70.0,0.8,0.8,0.6000000000000001,0.6000000000000001,90.0,75.0,60.0,9394,8919,475,9394,0.050564189908452205,0.37371319559089233,0.5,0.7474263911817847,2612,0.2928579437156632,1.0,1
"iteration_4","SCOPE_DATA_COLLECTION",1600,30,1870.0,1930.0,1,9507,6611,2297,9369,6603,2242,9126,6286,2129,363,319,177,0.03825482137211508,0.04829674489023467,0.07675628794449263,0.34592680226937134,0.66805145755933,0.9838476009281394,0.6918536045387427,0.66805145755933,0.6558984006187596,0.277229892614508,0.3024180719058225,0.2860497886331611,100.0,100.0,5609,10244,2562,209,625,25,0.03726154394722767,0.061011323701679034,0.00975800156128025,0.8,0.8,0.6000000000000001,0.6000000000000001,80.0,65.0,70.0,0.8,0.8,0.6000000000000001,0.6000000000000001,90.0,75.0,60.0,6844,6466,378,6844,0.055230859146697835,0.6978580277587305,1.0,0.6978580277587305,2057,0.31812557995669655,1.0,1
"iteration_4","SCOPE_DATA_COLLECTION",1600,30,1870.0,1930.0,2,9507,6611,2297,9369,6603,2242,9126,6286,2129,363,319,177,0.03825482137211508,0.04829674489023467,0.07675628794449263,0.34592680226937134,0.66805145755933,0.9838476009281394,0.6918536045387427,0.66805145755933,0.6558984006187596,0.277229892614508,0.3024180719058225,0.2860497886331611,100.0,100.0,5609,10244,2562,209,625,25,0.03726154394722767,0.061011323701679034,0.00975800156128025,0.8,0.8,0.6000000000000001,0.6000000000000001,80.0,65.0,70.0,0.8,0.8,0.6000000000000001,0.6000000000000001,90.0,75.0,60.0,2368,2180,188,2368,0.07939189189189189,0.9852376271928481,1.5,0.656825084795232,607,0.27844036697247704,1.0,1
"iteration_4","SCOPE_DATA_COLLECTION",1600,31,1930.0,1990.0,0,9394,6844,2368,9507,6611,2297,8919,6440,2165,472,375,187,0.05026088808433607,0.055025678650036686,0.07950680272108844,0.3755870073735815,0.6964205901494752,0.990259729423265,0.751174014747163,0.6964205901494752,0.6601731529488434,0.29554882834398477,0.31785714285714284,0.2812933025404157,100.0,100.0,5649,10432,2525,249,785,0,0.044078597981943704,0.07524923312883436,0.0,0.8,0.8,0.6000000000000001,0.6000000000000001,90.0,75.0,60.0,0.35000000000000003,0.6000000000000001,0.1,0.30000000000000004,90.0,45.0,55.0,9428,5022,4406,9428,0.46733135341535853,0.4196630605961417,0.5,0.8393261211922834,2097,0.4175627240143369,1.0,1
"iteration_4","SCOPE_DATA_COLLECTION",1600,31,1930.0,1990.0,1,9394,6844,2368,9507,6611,2297,8919,6440,2165,472,375,187,0.05026088808433607,0.055025678650036686,0.07950680272108844,0.3755870073735815,0.6964205901494752,0.990259729423265,0.751174014747163,0.6964205901494752,0.6601731529488434,0.29554882834398477,0.31785714285714284,0.2812933025404157,100.0,100.0,5649,10432,2525,249,785,0,0.044078597981943704,0.07524923312883436,0.0,0.8,0.8,0.6000000000000001,0.6000000000000001,90.0,75.0,60.0,0.35000000000000003,0.6000000000000001,0.1,0.30000000000000004,90.0,45.0,55.0,6763,3641,3122,6763,0.46162945438414904,0.8018690769665605,1.0,0.8018690769665605,1866,0.5124965668772316,1.0,1
"iteration_4","SCOPE_DATA_COLLECTION",1600,31,1930.0,1990.0,2,9394,6844,2368,9507,6611,2297,8919,6440,2165,472,375,187,0.05026088808433607,0.055025678650036686,0.07950680272108844,0.3755870073735815,0.6964205901494752,0.990259729423265,0.751174014747163,0.6964205901494752,0.6601731529488434,0.29554882834398477,0.31785714285714284,0.2812933025404157,100.0,100.0,5649,10432,2525,249,785,0,0.044078597981943704,0.07524923312883436,0.0,0.8,0.8,0.6000000000000001,0.6000000000000001,90.0,75.0,60.0,0.35000000000000003,0.6000000000000001,0.1,0.30000000000000004,90.0,45.0,55.0,2312,1200,1112,2312,0.4809688581314879,1.3190906300594434,1.5,0.8793937533729622,607,0.5058333333333334,1.0,1
"iteration_4","SCOPE_DATA_COLLECTION",1600,32,1990.0,2050.0,0,9428,6763,2312,9394,6844,2368,5033,3664,1218,4409,3125,1113,0.46695615335733953,0.46030343202238916,0.4774774774774775,0.4178462485748168,0.8023257273285632,1.3078250178013464,0.8356924971496336,0.8023257273285632,0.8718833452008976,0.4142658454202265,0.5092794759825328,0.4975369458128079,100.0,100.0,5277,4667,8559,69,70,8508,0.013075611142694713,0.014998928647953718,0.9940413599719593,0.35000000000000003,0.6000000000000001,0.1,0.30000000000000004,90.0,45.0,55.0,0.45,0.5,0.1,0.2,95.0,55.0,65.0,9512,5787,3725,9512,0.39161059714045415,0.39464068926362394,0.5,0.7892813785272479,2226,0.3846552617936755,1.0,1
"iteration_4","SCOPE_DATA_COLLECTION",1600,32,1990.0,2050.0,1,9428,6763,2312,9394,6844,2368,5033,3664,1218,4409,3125,1113,0.46695615335733953,0.46030343202238916,0.4774774774774775,0.4178462485748168,0.8023257273285632,1.3078250178013464,0.8356924971496336,0.8023257273285632,0.8718833452008976,0.4142658454202265,0.5092794759825328,0.4975369458128079,100.0,100.0,5277,4667,8559,69,70,8508,0.013075611142694713,0.014998928647953718,0.9940413599719593,0.35000000000000003,0.6000000000000001,0.1,0.30000000000000004,90.0,45.0,55.0,0.45,0.5,0.1,0.2,95.0,55.0,65.0,6691,4019,2672,6691,0.3993424002391272,0.731027345349826,1.0,0.731027345349826,1784,0.443891515302314,1.0,1
"iteration_4","SCOPE_DATA_COLLECTION",1600,32,1990.0,2050.0,2,9428,6763,2312,9394,6844,2368,5033,3664,1218,4409,3125,1113,0.46695615335733953,0.46030343202238916,0.4774774774774775,0.4178462485748168,0.8023257273285632,1.3078250178013464,0.8356924971496336,0.8023257273285632,0.8718833452008976,0.4142658454202265,0.5092794759825328,0.4975369458128079,100.0,100.0,5277,4667,8559,69,70,8508,0.013075611142694713,0.014998928647953718,0.9940413599719593,0.35000000000000003,0.6000000000000001,0.1,0.30000000000000004,90.0,45.0,55.0,0.45,0.5,0.1,0.2,95.0,55.0,65.0,2280,1371,909,2280,0.3986842105263158,1.2006109352610257,1.5,0.8004072901740171,616,0.44930707512764406,1.0,1
"iteration_4","SCOPE_DATA_COLLECTION",1600,33,2050.0,2110.0,0,9512,6691,2280,9428,6763,2312,5790,4033,1367,3725,2672,909,0.3914871255911718,0.39850857568978376,0.3993848857644991,0.39518179205601506,0.7328900203825788,1.1960657867584092,0.7903635841120301,0.7328900203825788,0.7973771911722728,0.3853195164075993,0.44606992313414334,0.44696415508412585,100.0,100.0,5298,5941,7244,58,4,7244,0.010947527368818422,6.732873253661E-4,1.0,0.45,0.5,0.1,0.2,95.0,55.0,65.0,0.45,0.4,0.2,0.2,95.0,45.0,75.0,9497,5827,3670,9497,0.38643782247025377,0.40047653584002363,0.5,0.8009530716800473,2280,0.3912819632744122,1.0,1
"iteration_4","SCOPE_DATA_COLLECTION",1600,33,2050.0,2110.0,1,9512,6691,2280,9428,6763,2312,5790,4033,1367,3725,2672,909,0.3914871255911718,0.39850857568978376,0.3993848857644991,0.39518179205601506,0.7328900203825788,1.1960657867584092,0.7903635841120301,0.7328900203825788,0.7973771911722728,0.3853195164075993,0.44606992313414334,0.44696415508412585,100.0,100.0,5298,5941,7244,58,4,7244,0.010947527368818422,6.732873253661E-4,1.0,0.45,0.5,0.1,0.2,95.0,55.0,65.0,0.45,0.4,0.2,0.2,95.0,45.0,75.0,6646,4005,2641,6646,0.3973818838399037,0.78880259110108,1.0,0.78880259110108,1855,0.4631710362047441,1.0,1
"iteration_4","SCOPE_DATA_COLLECTION",1600,33,2050.0,2110.0,2,9512,6691,2280,9428,6763,2312,5790,4033,1367,3725,2672,909,0.3914871255911718,0.39850857568978376,0.3993848857644991,0.39518179205601506,0.7328900203825788,1.1960657867584092,0.7903635841120301,0.7328900203825788,0.7973771911722728,0.3853195164075993,0.44606992313414334,0.44696415508412585,100.0,100.0,5298,5941,7244,58,4,7244,0.010947527368818422,6.732873253661E-4,1.0,0.45,0.5,0.1,0.2,95.0,55.0,65.0,0.45,0.4,0.2,0.2,95.0,45.0,75.0,2319,1338,981,2319,0.4230271668822768,1.2230618624839593,1.5,0.8153745749893062,608,0.45440956651718983,1.0,1
"iteration_4","SCOPE_DATA_COLLECTION",1600,34,2110.0,2170.0,0,9497,6646,2319,9512,6691,2280,5833,4006,1343,3670,2641,981,0.38619383352625486,0.39732210019557695,0.4221170395869191,0.40038347995430446,0.7871001221048181,1.2253778119343357,0.8007669599086089,0.7871001221048181,0.8169185412895571,0.39225098577061546,0.4618072890664004,0.4564408041697692,100.0,100.0,5336,5906,7220,69,3,7220,0.01293103448275862,5.079580088046055E-4,1.0,0.45,0.4,0.2,0.2,95.0,45.0,75.0,0.35000000000000003,0.4,0.1,0.30000000000000004,95.0,35.0,65.0,9321,4967,4354,9321,0.4671172620963416,0.4274486034532828,0.5,0.8548972069065656,2203,0.44352728004831893,1.0,1
"iteration_4","SCOPE_DATA_COLLECTION",1600,34,2110.0,2170.0,1,9497,6646,2319,9512,6691,2280,5833,4006,1343,3670,2641,981,0.38619383352625486,0.39732210019557695,0.4221170395869191,0.40038347995430446,0.7871001221048181,1.2253778119343357,0.8007669599086089,0.7871001221048181,0.8169185412895571,0.39225098577061546,0.4618072890664004,0.4564408041697692,100.0,100.0,5336,5906,7220,69,3,7220,0.01293103448275862,5.079580088046055E-4,1.0,0.45,0.4,0.2,0.2,95.0,45.0,75.0,0.35000000000000003,0.4,0.1,0.30000000000000004,95.0,35.0,65.0,6801,3674,3127,6801,0.45978532568739894,0.8058134192180448,1.0,0.8058134192180448,1857,0.505443658138269,1.0,1
"iteration_4","SCOPE_DATA_COLLECTION",1600,34,2110.0,2170.0,2,9497,6646,2319,9512,6691,2280,5833,4006,1343,3670,2641,981,0.38619383352625486,0.39732210019557695,0.4221170395869191,0.40038347995430446,0.7871001221048181,1.2253778119343357,0.8007669599086089,0.7871001221048181,0.8169185412895571,0.39225098577061546,0.4618072890664004,0.4564408041697692,100.0,100.0,5336,5906,7220,69,3,7220,0.01293103448275862,5.079580088046055E-4,1.0,0.45,0.4,0.2,0.2,95.0,45.0,75.0,0.35000000000000003,0.4,0.1,0.30000000000000004,95.0,35.0,65.0,2288,1204,1084,2288,0.4737762237762238,1.338977791697445,1.5,0.89265186113163,616,0.5116279069767442,1.0,1
"iteration_4","SCOPE_DATA_COLLECTION",1600,35,2170.0,2230.0,0,9321,6801,2288,9497,6646,2319,4955,3673,1202,4354,3127,1084,0.4677194113223762,0.4598529411764706,0.4741907261592301,0.4270498602719001,0.8112172160623589,1.3500034747252416,0.8540997205438002,0.8112172160623589,0.9000023164834944,0.4419778002018164,0.5088483528450858,0.5158069883527454,100.0,100.0,5336,4569,8505,57,3,8505,0.01068215892053973,6.565988181221273E-4,1.0,0.35000000000000003,0.4,0.1,0.30000000000000004,95.0,35.0,65.0,0.2,0.6000000000000001,0.6000000000000001,0.9,35.0,25.0,25.0,9311,4013,5298,9311,0.5690044033938353,0.5465150798987838,0.5,1.0930301597975676,2347,0.5848492399700972,1.0,1
"iteration_4","SCOPE_DATA_COLLECTION",1600,35,2170.0,2230.0,1,9321,6801,2288,9497,6646,2319,4955,3673,1202,4354,3127,1084,0.4677194113223762,0.4598529411764706,0.4741907261592301,0.4270498602719001,0.8112172160623589,1.3500034747252416,0.8540997205438002,0.8112172160623589,0.9000023164834944,0.4419778002018164,0.5088483528450858,0.5158069883527454,100.0,100.0,5336,4569,8505,57,3,8505,0.01068215892053973,6.565988181221273E-4,1.0,0.35000000000000003,0.4,0.1,0.30000000000000004,95.0,35.0,65.0,0.2,0.6000000000000001,0.6000000000000001,0.9,35.0,25.0,25.0,6788,2933,3855,6788,0.5679139658220389,1.099777986476151,1.0,1.099777986476151,1913,0.6522332083191271,1.0,1
"iteration_4","SCOPE_DATA_COLLECTION",1600,35,2170.0,2230.0,2,9321,6801,2288,9497,6646,2319,4955,3673,1202,4354,3127,1084,0.4677194113223762,0.4598529411764706,0.4741907261592301,0.4270498602719001,0.8112172160623589,1.3500034747252416,0.8540997205438002,0.8112172160623589,0.9000023164834944,0.4419778002018164,0.5088483528450858,0.5158069883527454,100.0,100.0,5336,4569,8505,57,3,8505,0.01068215892053973,6.565988181221273E-4,1.0,0.35000000000000003,0.4,0.1,0.30000000000000004,95.0,35.0,65.0,0.2,0.6000000000000001,0.6000000000000001,0.9,35.0,25.0,25.0,2287,941,1346,2287,0.5885439440314822,1.6915948507392504,1.5,1.1277299004928336,622,0.6609989373007439,1.0,1
"iteration_4","SCOPE_DATA_COLLECTION",1600,36,2230.0,2290.0,0,9311,6788,2287,9321,6801,2288,3997,2931,943,5298,3855,1346,0.5699838622915546,0.5680813439434129,0.5880297072957623,0.5449898001516056,1.0907359380062567,1.679778419905096,1.0899796003032112,1.0907359380062567,1.1198522799367308,0.5839379534650988,0.6475605595359946,0.6564156945917285,97.5,100.0,5541,2534,10311,185,3,10311,0.03338747518498466,0.0011838989739542227,1.0,0.2,0.6000000000000001,0.6000000000000001,0.9,35.0,25.0,25.0,0.2,0.6000000000000001,0.6000000000000001,0.9,35.0,25.0,25.0,9504,4114,5390,9504,0.5671296296296297,0.5266073458088073,0.5,1.0532146916176146,2316,0.5629557608167234,1.0,1
"iteration_4","SCOPE_DATA_COLLECTION",1600,36,2230.0,2290.0,1,9311,6788,2287,9321,6801,2288,3997,2931,943,5298,3855,1346,0.5699838622915546,0.5680813439434129,0.5880297072957623,0.5449898001516056,1.0907359380062567,1.679778419905096,1.0899796003032112,1.0907359380062567,1.1198522799367308,0.5839379534650988,0.6475605595359946,0.6564156945917285,97.5,100.0,5541,2534,10311,185,3,10311,0.03338747518498466,0.0011838989739542227,1.0,0.2,0.6000000000000001,0.6000000000000001,0.9,35.0,25.0,25.0,0.2,0.6000000000000001,0.6000000000000001,0.9,35.0,25.0,25.0,6767,2825,3942,6767,0.582532880153687,1.0862216511961014,1.0,1.0862216511961014,1861,0.6587610619469026,1.0,1
"iteration_4","SCOPE_DATA_COLLECTION",1600,36,2230.0,2290.0,2,9311,6788,2287,9321,6801,2288,3997,2931,943,5298,3855,1346,0.5699838622915546,0.5680813439434129,0.5880297072957623,0.5449898001516056,1.0907359380062567,1.679778419905096,1.0899796003032112,1.0907359380062567,1.1198522799367308,0.5839379534650988,0.6475605595359946,0.6564156945917285,97.5,100.0,5541,2534,10311,185,3,10311,0.03338747518498466,0.0011838989739542227,1.0,0.2,0.6000000000000001,0.6000000000000001,0.9,35.0,25.0,25.0,0.2,0.6000000000000001,0.6000000000000001,0.9,35.0,25.0,25.0,2234,942,1292,2234,0.5783348254252462,1.656534191489483,1.5,1.1043561276596554,613,0.6507430997876857,1.0,1
"iteration_4","SCOPE_DATA_COLLECTION",1600,37,2290.0,2350.0,0,9504,6767,2234,9311,6788,2287,4145,2823,940,5390,3942,1292,0.5652857891976927,0.5827050997782706,0.578853046594982,0.5282179284193377,1.0907557989512382,1.650641952154094,1.0564358568386754,1.0907557989512382,1.1004279681027294,0.5638118214716525,0.6606447042153737,0.6468085106382979,97.5,100.0,5485,2569,10451,171,2,10451,0.031175934366453967,7.785130400934215E-4,1.0,0.2,0.6000000000000001,0.6000000000000001,0.9,35.0,25.0,25.0,0.2,0.6000000000000001,0.6000000000000001,0.9,35.0,25.0,25.0,9316,4157,5159,9316,0.5537784456848432,0.5493328263686363,0.5,1.0986656527372727,2460,0.5917729131585278,1.0,1
"iteration_4","SCOPE_DATA_COLLECTION",1600,37,2290.0,2350.0,1,9504,6767,2234,9311,6788,2287,4145,2823,940,5390,3942,1292,0.5652857891976927,0.5827050997782706,0.578853046594982,0.5282179284193377,1.0907557989512382,1.650641952154094,1.0564358568386754,1.0907557989512382,1.1004279681027294,0.5638118214716525,0.6606447042153737,0.6468085106382979,97.5,100.0,5485,2569,10451,171,2,10451,0.031175934366453967,7.785130400934215E-4,1.0,0.2,0.6000000000000001,0.6000000000000001,0.9,35.0,25.0,25.0,0.2,0.6000000000000001,0.6000000000000001,0.9,35.0,25.0,25.0,6793,2892,3901,6793,0.5742676284410423,1.1331761121035597,1.0,1.1331761121035597,1944,0.6721991701244814,1.0,1
"iteration_4","SCOPE_DATA_COLLECTION",1600,37,2290.0,2350.0,2,9504,6767,2234,9311,6788,2287,4145,2823,940,5390,3942,1292,0.5652857891976927,0.5827050997782706,0.578853046594982,0.5282179284193377,1.0907557989512382,1.650641952154094,1.0564358568386754,1.0907557989512382,1.1004279681027294,0.5638118214716525,0.6606447042153737,0.6468085106382979,97.5,100.0,5485,2569,10451,171,2,10451,0.031175934366453967,7.785130400934215E-4,1.0,0.2,0.6000000000000001,0.6000000000000001,0.9,35.0,25.0,25.0,0.2,0.6000000000000001,0.6000000000000001,0.9,35.0,25.0,25.0,2269,877,1392,2269,0.6134861172322609,1.7227987039379935,1.5,1.1485324692919956,590,0.6727480045610034,1.0,1
"iteration_4","SCOPE_DATA_COLLECTION",1600,38,2350.0,2410.0,0,9316,6793,2269,9504,6767,2234,4159,2905,864,5159,3901,1392,0.5536595836016313,0.573170731707317,0.6170212765957447,0.5490138026650621,1.1271313406052725,1.7115292718336979,1.0980276053301241,1.1271313406052725,1.1410195145557986,0.5917287809569608,0.6709122203098107,0.6701388888888888,100.0,100.0,5644,2478,10256,192,4,10256,0.03401842664776754,0.0016142050040355124,1.0,0.2,0.6000000000000001,0.6000000000000001,0.9,35.0,25.0,25.0,0.2,0.6000000000000001,0.6000000000000001,0.9,35.0,25.0,25.0,9380,4134,5246,9380,0.559275053304904,0.5520292500483439,0.5,1.1040585000966878,2430,0.5878084179970973,1.0,1
"iteration_4","SCOPE_DATA_COLLECTION",1600,38,2350.0,2410.0,1,9316,6793,2269,9504,6767,2234,4159,2905,864,5159,3901,1392,0.5536595836016313,0.573170731707317,0.6170212765957447,0.5490138026650621,1.1271313406052725,1.7115292718336979,1.0980276053301241,1.1271313406052725,1.1410195145557986,0.5917287809569608,0.6709122203098107,0.6701388888888888,100.0,100.0,5644,2478,10256,192,4,10256,0.03401842664776754,0.0016142050040355124,1.0,0.2,0.6000000000000001,0.6000000000000001,0.9,35.0,25.0,25.0,0.2,0.6000000000000001,0.6000000000000001,0.9,35.0,25.0,25.0,6672,2974,3698,6672,0.5542565947242206,1.1227853576715239,1.0,1.1227853576715239,1972,0.6630800268997983,1.0,1
"iteration_4","SCOPE_DATA_COLLECTION",1600,38,2350.0,2410.0,2,9316,6793,2269,9504,6767,2234,4159,2905,864,5159,3901,1392,0.5536595836016313,0.573170731707317,0.6170212765957447,0.5490138026650621,1.1271313406052725,1.7115292718336979,1.0980276053301241,1.1271313406052725,1.1410195145557986,0.5917287809569608,0.6709122203098107,0.6701388888888888,100.0,100.0,5644,2478,10256,192,4,10256,0.03401842664776754,0.0016142050040355124,1.0,0.2,0.6000000000000001,0.6000000000000001,0.9,35.0,25.0,25.0,0.2,0.6000000000000001,0.6000000000000001,0.9,35.0,25.0,25.0,2221,879,1342,2221,0.6042323277802791,1.668054186753136,1.5,1.1120361245020907,570,0.6484641638225256,1.0,1
"iteration_4","SCOPE_DATA_COLLECTION",1600,39,2410.0,2470.0,0,9380,6672,2221,9316,6793,2269,4118,2955,894,5246,3698,1342,0.5602306706535668,0.5558394709153766,0.6001788908765653,0.5516308012188987,1.1241232108853134,1.6756167426293818,1.1032616024377975,1.1241232108853134,1.117077828419588,0.5876639145216125,0.6626057529610829,0.6521252796420581,100.0,100.0,5654,2543,10076,207,3,10076,0.03661124867350548,0.0011797090051120724,1.0,0.2,0.6000000000000001,0.6000000000000001,0.9,35.0,25.0,25.0,0.30000000000000004,0.7000000000000001,0.6000000000000001,0.9,45.0,20.0,35.0,9310,4743,4567,9310,0.49054779806659504,0.5056024765872935,0.5,1.011204953174587,2428,0.5119122917984398,1.0,1
"iteration_4","SCOPE_DATA_COLLECTION",1600,39,2410.0,2470.0,1,9380,6672,2221,9316,6793,2269,4118,2955,894,5246,3698,1342,0.5602306706535668,0.5558394709153766,0.6001788908765653,0.5516308012188987,1.1241232108853134,1.6756167426293818,1.1032616024377975,1.1241232108853134,1.117077828419588,0.5876639145216125,0.6626057529610829,0.6521252796420581,100.0,100.0,5654,2543,10076,207,3,10076,0.03661124867350548,0.0011797090051120724,1.0,0.2,0.6000000000000001,0.6000000000000001,0.9,35.0,25.0,25.0,0.30000000000000004,0.7000000000000001,0.6000000000000001,0.9,45.0,20.0,35.0,6697,3313,3384,6697,0.5053008809914887,0.9993218672977445,1.0,0.9993218672977445,1880,0.5674615152429822,1.0,1
"iteration_4","SCOPE_DATA_COLLECTION",1600,39,2410.0,2470.0,2,9380,6672,2221,9316,6793,2269,4118,2955,894,5246,3698,1342,0.5602306706535668,0.5558394709153766,0.6001788908765653,0.5516308012188987,1.1241232108853134,1.6756167426293818,1.1032616024377975,1.1241232108853134,1.117077828419588,0.5876639145216125,0.6626057529610829,0.6521252796420581,100.0,100.0,5654,2543,10076,207,3,10076,0.03661124867350548,0.0011797090051120724,1.0,0.2,0.6000000000000001,0.6000000000000001,0.9,35.0,25.0,25.0,0.30000000000000004,0.7000000000000001,0.6000000000000001,0.9,45.0,20.0,35.0,2326,1154,1172,2326,0.5038693035253654,1.4652014320217253,1.5,0.9768009546811501,630,0.5459272097053726,1.0,1
"iteration_4","SCOPE_DATA_COLLECTION",1600,40,2470.0,2530.0,0,9310,6697,2326,9380,6672,2221,4739,3306,1149,4567,3384,1172,0.49075865033311844,0.5058295964125561,0.5049547608789315,0.5052634584094478,0.9991416852230609,1.4710446329583304,1.0105269168188955,0.9991416852230609,0.9806964219722203,0.5127664064148555,0.5674531155474895,0.5483028720626631,100.0,100.0,5563,3859,8911,208,4,8911,0.037389897537300015,0.0010365379632029023,1.0,0.30000000000000004,0.7000000000000001,0.6000000000000001,0.9,45.0,20.0,35.0,0.30000000000000004,0.7000000000000001,0.6000000000000001,0.9,45.0,20.0,35.0,9311,4760,4551,9311,0.488776715712598,0.49848394490565096,0.5,0.9969678898113019,2442,0.5130252100840336,1.0,1
"iteration_4","SCOPE_DATA_COLLECTION",1600,40,2470.0,2530.0,1,9310,6697,2326,9380,6672,2221,4739,3306,1149,4567,3384,1172,0.49075865033311844,0.5058295964125561,0.5049547608789315,0.5052634584094478,0.9991416852230609,1.4710446329583304,1.0105269168188955,0.9991416852230609,0.9806964219722203,0.5127664064148555,0.5674531155474895,0.5483028720626631,100.0,100.0,5563,3859,8911,208,4,8911,0.037389897537300015,0.0010365379632029023,1.0,0.30000000000000004,0.7000000000000001,0.6000000000000001,0.9,45.0,20.0,35.0,0.30000000000000004,0.7000000000000001,0.6000000000000001,0.9,45.0,20.0,35.0,6673,3328,3345,6673,0.5012737898995954,1.009786819544796,1.0,1.009786819544796,1905,0.5724158653846154,1.0,1
"iteration_4","SCOPE_DATA_COLLECTION",1600,40,2470.0,2530.0,2,9310,6697,2326,9380,6672,2221,4739,3306,1149,4567,3384,1172,0.49075865033311844,0.5058295964125561,0.5049547608789315,0.5052634584094478,0.9991416852230609,1.4710446329583304,1.0105269168188955,0.9991416852230609,0.9806964219722203,0.5127664064148555,0.5674531155474895,0.5483028720626631,100.0,100.0,5563,3859,8911,208,4,8911,0.037389897537300015,0.0010365379632029023,1.0,0.30000000000000004,0.7000000000000001,0.6000000000000001,0.9,45.0,20.0,35.0,0.30000000000000004,0.7000000000000001,0.6000000000000001,0.9,45.0,20.0,35.0,2325,1096,1229,2325,0.5286021505376344,1.4781306985144562,1.5,0.9854204656763041,607,0.5538321167883211,1.0,1
"iteration_4","SCOPE_DATA_COLLECTION",1600,41,2530.0,2590.0,0,9311,6673,2325,9310,6697,2326,4770,3335,1101,4551,3345,1229,0.48825233344061797,0.500748502994012,0.5274678111587983,0.49959930878483905,1.00874081460774,1.4772073298202955,0.9991986175696781,1.00874081460774,0.9848048865468636,0.5125786163522013,0.5721139430284857,0.553133514986376,100.0,100.0,5612,3779,8918,205,2,8918,0.03652886671418389,5.292405398253506E-4,1.0,0.30000000000000004,0.7000000000000001,0.6000000000000001,0.9,45.0,20.0,35.0,0.4,0.6000000000000001,0.6000000000000001,0.8,35.0,20.0,35.0,9389,5485,3904,9389,0.41580573010970284,0.43747055688046405,0.5,0.8749411137609281,2402,0.43792160437556976,1.0,1
"iteration_4","SCOPE_DATA_COLLECTION",1600,41,2530.0,2590.0,1,9311,6673,2325,9310,6697,2326,4770,3335,1101,4551,3345,1229,0.48825233344061797,0.500748502994012,0.5274678111587983,0.49959930878483905,1.00874081460774,1.4772073298202955,0.9991986175696781,1.00874081460774,0.9848048865468636,0.5125786163522013,0.5721139430284857,0.553133514986376,100.0,100.0,5612,3779,8918,205,2,8918,0.03652886671418389,5.292405398253506E-4,1.0,0.30000000000000004,0.7000000000000001,0.6000000000000001,0.9,45.0,20.0,35.0,0.4,0.6000000000000001,0.6000000000000001,0.8,35.0,20.0,35.0,6635,3795,2840,6635,0.42803315749811605,0.9130221196964156,1.0,0.9130221196964156,1925,0.5072463768115942,1.0,1
"iteration_4","SCOPE_DATA_COLLECTION",1600,41,2530.0,2590.0,2,9311,6673,2325,9310,6697,2326,4770,3335,1101,4551,3345,1229,0.48825233344061797,0.500748502994012,0.5274678111587983,0.49959930878483905,1.00874081460774,1.4772073298202955,0.9991986175696781,1.00874081460774,0.9848048865468636,0.5125786163522013,0.5721139430284857,0.553133514986376,100.0,100.0,5612,3779,8918,205,2,8918,0.03652886671418389,5.292405398253506E-4,1.0,0.30000000000000004,0.7000000000000001,0.6000000000000001,0.9,45.0,20.0,35.0,0.4,0.6000000000000001,0.6000000000000001,0.8,35.0,20.0,35.0,2261,1261,1000,2261,0.44228217602830605,1.3255099914951285,1.5,0.883673327663419,604,0.47898493259318004,1.0,1
"iteration_4","SCOPE_DATA_COLLECTION",1600,42,2590.0,2650.0,0,9389,6635,2261,9311,6673,2325,5487,3809,1253,3904,2840,1000,0.41571717601959324,0.42713189953376446,0.44385264092321347,0.4375413626606544,0.9146144568832311,1.3219541432247262,0.8750827253213088,0.9146144568832311,0.8813027621498174,0.4381264807727356,0.5087949593069047,0.47805267358339987,97.5,100.0,5583,5180,7522,214,8,7522,0.03833064660576751,0.0015444015444015444,1.0,0.4,0.6000000000000001,0.6000000000000001,0.8,35.0,20.0,35.0,0.6000000000000001,0.7000000000000001,0.6000000000000001,0.5,30.0,70.0,25.0,9462,7661,1801,9462,0.19034030860283238,0.40674079033293864,0.5,0.8134815806658773,2724,0.3555671583344211,1.0,1
"iteration_4","SCOPE_DATA_COLLECTION",1600,42,2590.0,2650.0,1,9389,6635,2261,9311,6673,2325,5487,3809,1253,3904,2840,1000,0.41571717601959324,0.42713189953376446,0.44385264092321347,0.4375413626606544,0.9146144568832311,1.3219541432247262,0.8750827253213088,0.9146144568832311,0.8813027621498174,0.4381264807727356,0.5087949593069047,0.47805267358339987,97.5,100.0,5583,5180,7522,214,8,7522,0.03833064660576751,0.0015444015444015444,1.0,0.4,0.6000000000000001,0.6000000000000001,0.8,35.0,20.0,35.0,0.6000000000000001,0.7000000000000001,0.6000000000000001,0.5,30.0,70.0,25.0,6668,5347,1321,6668,0.1981103779244151,0.7617515865543656,1.0,0.7617515865543656,2008,0.3755376846829998,1.0,1
"iteration_4","SCOPE_DATA_COLLECTION",1600,42,2590.0,2650.0,2,9389,6635,2261,9311,6673,2325,5487,3809,1253,3904,2840,1000,0.41571717601959324,0.42713189953376446,0.44385264092321347,0.4375413626606544,0.9146144568832311,1.3219541432247262,0.8750827253213088,0.9146144568832311,0.8813027621498174,0.4381264807727356,0.5087949593069047,0.47805267358339987,97.5,100.0,5583,5180,7522,214,8,7522,0.03833064660576751,0.0015444015444015444,1.0,0.4,0.6000000000000001,0.6000000000000001,0.8,35.0,20.0,35.0,0.6000000000000001,0.7000000000000001,0.6000000000000001,0.5,30.0,70.0,25.0,2209,1731,478,2209,0.21638750565866907,1.12743073908207,1.5,0.75162049272138,637,0.36799537839399193,1.0,1
"iteration_4","SCOPE_DATA_COLLECTION",1600,43,2650.0,2710.0,0,9462,6668,2209,9389,6635,2261,7641,5301,1736,1801,1321,478,0.19074348654945986,0.19948655995167622,0.21589882565492322,0.404109723052477,0.7604788634535923,1.1365776910475378,0.808219446104954,0.7604788634535923,0.7577184606983586,0.35479649260567986,0.3733257875872477,0.37039170506912444,100.0,100.0,5550,7668,5121,196,6,3398,0.035315315315315315,7.82472613458529E-4,0.6635422768990431,0.6000000000000001,0.7000000000000001,0.6000000000000001,0.5,30.0,70.0,25.0,0.6000000000000001,0.7000000000000001,0.6000000000000001,0.5,30.0,70.0,25.0,9299,7651,1648,9299,0.1772233573502527,0.4067002612123113,0.5,0.8134005224246226,2588,0.33825643706705005,1.0,1
"iteration_4","SCOPE_DATA_COLLECTION",1600,43,2650.0,2710.0,1,9462,6668,2209,9389,6635,2261,7641,5301,1736,1801,1321,478,0.19074348654945986,0.19948655995167622,0.21589882565492322,0.404109723052477,0.7604788634535923,1.1365776910475378,0.808219446104954,0.7604788634535923,0.7577184606983586,0.35479649260567986,0.3733257875872477,0.37039170506912444,100.0,100.0,5550,7668,5121,196,6,3398,0.035315315315315315,7.82472613458529E-4,0.6635422768990431,0.6000000000000001,0.7000000000000001,0.6000000000000001,0.5,30.0,70.0,25.0,0.6000000000000001,0.7000000000000001,0.6000000000000001,0.5,30.0,70.0,25.0,6751,5411,1340,6751,0.19848911272404088,0.7766552677001289,1.0,0.7766552677001289,2000,0.36961744594344853,1.0,1
"iteration_4","SCOPE_DATA_COLLECTION",1600,43,2650.0,2710.0,2,9462,6668,2209,9389,6635,2261,7641,5301,1736,1801,1321,478,0.19074348654945986,0.19948655995167622,0.21589882565492322,0.404109723052477,0.7604788634535923,1.1365776910475378,0.808219446104954,0.7604788634535923,0.7577184606983586,0.35479649260567986,0.3733257875872477,0.37039170506912444,100.0,100.0,5550,7668,5121,196,6,3398,0.035315315315315315,7.82472613458529E-4,0.6635422768990431,0.6000000000000001,0.7000000000000001,0.6000000000000001,0.5,30.0,70.0,25.0,0.6000000000000001,0.7000000000000001,0.6000000000000001,0.5,30.0,70.0,25.0,2341,1806,535,2341,0.22853481418197352,1.1163496808070483,1.5,0.7442331205380323,639,0.3538205980066445,1.0,1
"iteration_4","SCOPE_DATA_COLLECTION",1600,44,2710.0,2770.0,0,9299,6751,2341,9462,6668,2209,7666,5437,1805,1611,1304,509,0.1736552764902447,0.1934431093309598,0.21996542783059636,0.4092424882214304,0.7777787037919999,1.1114307977780076,0.8184849764428608,0.7777787037919999,0.7409538651853383,0.33955126532741975,0.3715284164061063,0.35346260387811634,97.5,100.0,5554,7755,5082,229,10,3185,0.04123154483255311,0.0012894906511927789,0.6267217630853994,0.6000000000000001,0.7000000000000001,0.6000000000000001,0.5,30.0,70.0,25.0,0.7000000000000001,0.7000000000000001,0.5,0.4,40.0,60.0,35.0,9362,9103,259,9362,0.027665028839991456,0.3307689851017222,0.5,0.6615379702034444,2306,0.2533230803031967,1.0,1
"iteration_4","SCOPE_DATA_COLLECTION",1600,44,2710.0,2770.0,1,9299,6751,2341,9462,6668,2209,7666,5437,1805,1611,1304,509,0.1736552764902447,0.1934431093309598,0.21996542783059636,0.4092424882214304,0.7777787037919999,1.1114307977780076,0.8184849764428608,0.7777787037919999,0.7409538651853383,0.33955126532741975,0.3715284164061063,0.35346260387811634,97.5,100.0,5554,7755,5082,229,10,3185,0.04123154483255311,0.0012894906511927789,0.6267217630853994,0.6000000000000001,0.7000000000000001,0.6000000000000001,0.5,30.0,70.0,25.0,0.7000000000000001,0.7000000000000001,0.5,0.4,40.0,60.0,35.0,6719,6516,203,6719,0.030212829290072928,0.6465468300093501,1.0,0.6465468300093501,1927,0.29573357888275015,1.0,1
"iteration_4","SCOPE_DATA_COLLECTION",1600,44,2710.0,2770.0,2,9299,6751,2341,9462,6668,2209,7666,5437,1805,1611,1304,509,0.1736552764902447,0.1934431093309598,0.21996542783059636,0.4092424882214304,0.7777787037919999,1.1114307977780076,0.8184849764428608,0.7777787037919999,0.7409538651853383,0.33955126532741975,0.3715284164061063,0.35346260387811634,97.5,100.0,5554,7755,5082,229,10,3185,0.04123154483255311,0.0012894906511927789,0.6267217630853994,0.6000000000000001,0.7000000000000001,0.6000000000000001,0.5,30.0,70.0,25.0,0.7000000000000001,0.7000000000000001,0.5,0.4,40.0,60.0,35.0,2268,2167,101,2268,0.0445326278659612,0.9687236504834467,1.5,0.6458157669889645,627,0.2893401015228426,1.0,1
"iteration_4","SCOPE_DATA_COLLECTION",1600,45,2770.0,2830.0,0,9362,6719,2268,9299,6751,2341,9114,6514,2161,296,239,127,0.031455897980871415,0.0353916777728417,0.05550699300699301,0.3317755497784808,0.6476937322934818,0.9724134255583,0.6635510995569616,0.6476937322934818,0.6482756170388667,0.2542242703533026,0.2958243782622045,0.2901434521055067,100.0,100.0,5414,9088,3847,163,6,493,0.030107129663834505,6.602112676056338E-4,0.12815180660254744,0.7000000000000001,0.7000000000000001,0.5,0.4,40.0,60.0,35.0,0.5,0.1,0.6000000000000001,0.5,90.0,45.0,75.0,9413,6200,3213,9413,0.3413364495909912,0.35345973403578446,0.5,0.7069194680715689,2023,0.32629032258064516,1.0,1
"iteration_4","SCOPE_DATA_COLLECTION",1600,45,2770.0,2830.0,1,9362,6719,2268,9299,6751,2341,9114,6514,2161,296,239,127,0.031455897980871415,0.0353916777728417,0.05550699300699301,0.3317755497784808,0.6476937322934818,0.9724134255583,0.6635510995569616,0.6476937322934818,0.6482756170388667,0.2542242703533026,0.2958243782622045,0.2901434521055067,100.0,100.0,5414,9088,3847,163,6,493,0.030107129663834505,6.602112676056338E-4,0.12815180660254744,0.7000000000000001,0.7000000000000001,0.5,0.4,40.0,60.0,35.0,0.5,0.1,0.6000000000000001,0.5,90.0,45.0,75.0,6632,4256,2376,6632,0.35826296743063935,0.801682904363621,1.0,0.801682904363621,1873,0.44008458646616544,1.0,1
"iteration_4","SCOPE_DATA_COLLECTION",1600,45,2770.0,2830.0,2,9362,6719,2268,9299,6751,2341,9114,6514,2161,296,239,127,0.031455897980871415,0.0353916777728417,0.05550699300699301,0.3317755497784808,0.6476937322934818,0.9724134255583,0.6635510995569616,0.6476937322934818,0.6482756170388667,0.2542242703533026,0.2958243782622045,0.2901434521055067,100.0,100.0,5414,9088,3847,163,6,493,0.030107129663834505,6.602112676056338E-4,0.12815180660254744,0.7000000000000001,0.7000000000000001,0.5,0.4,40.0,60.0,35.0,0.5,0.1,0.6000000000000001,0.5,90.0,45.0,75.0,2294,1425,869,2294,0.37881429816913686,1.2397619220574332,1.5,0.8265079480382888,633,0.4442105263157895,1.0,1
"iteration_4","SCOPE_DATA_COLLECTION",1600,46,2830.0,2890.0,0,9413,6632,2294,9362,6719,2268,6177,4268,1433,3213,2376,869,0.34217252396166137,0.3576158940397351,0.37749782797567333,0.35217536150224105,0.8024363011774517,1.2349307450291702,0.7043507230044821,0.8024363011774517,0.8232871633527802,0.3247531163995467,0.4395501405810684,0.44173063503140264,100.0,100.0,5671,6263,6405,138,4,6316,0.02433433256921178,6.386715631486508E-4,0.986104605776737,0.5,0.1,0.6000000000000001,0.5,90.0,45.0,75.0,0.4,0.1,0.7000000000000001,0.6000000000000001,90.0,45.0,75.0,9313,5503,3810,9313,0.4091055513797917,0.3857398250120897,0.5,0.7714796500241794,2079,0.37779393058331817,1.0,1
"iteration_4","SCOPE_DATA_COLLECTION",1600,46,2830.0,2890.0,1,9413,6632,2294,9362,6719,2268,6177,4268,1433,3213,2376,869,0.34217252396166137,0.3576158940397351,0.37749782797567333,0.35217536150224105,0.8024363011774517,1.2349307450291702,0.7043507230044821,0.8024363011774517,0.8232871633527802,0.3247531163995467,0.4395501405810684,0.44173063503140264,100.0,100.0,5671,6263,6405,138,4,6316,0.02433433256921178,6.386715631486508E-4,0.986104605776737,0.5,0.1,0.6000000000000001,0.5,90.0,45.0,75.0,0.4,0.1,0.7000000000000001,0.6000000000000001,90.0,45.0,75.0,6780,3894,2886,6780,0.42566371681415927,0.894167973764846,1.0,0.894167973764846,1986,0.5100154083204931,1.0,1
"iteration_4","SCOPE_DATA_COLLECTION",1600,46,2830.0,2890.0,2,9413,6632,2294,9362,6719,2268,6177,4268,1433,3213,2376,869,0.34217252396166137,0.3576158940397351,0.37749782797567333,0.35217536150224105,0.8024363011774517,1.2349307450291702,0.7043507230044821,0.8024363011774517,0.8232871633527802,0.3247531163995467,0.4395501405810684,0.44173063503140264,100.0,100.0,5671,6263,6405,138,4,6316,0.02433433256921178,6.386715631486508E-4,0.986104605776737,0.5,0.1,0.6000000000000001,0.5,90.0,45.0,75.0,0.4,0.1,0.7000000000000001,0.6000000000000001,90.0,45.0,75.0,2235,1223,1012,2235,0.4527964205816555,1.3293198528023453,1.5,0.8862132352015636,606,0.49550286181520853,1.0,1
"iteration_4","SCOPE_DATA_COLLECTION",1600,47,2890.0,2950.0,0,9313,6780,2235,9413,6632,2294,5535,3892,1221,3810,2886,1012,0.40770465489566615,0.4257893183830038,0.45320197044334976,0.38691572676475267,0.8903287444632433,1.3289606195777706,0.7738314535295053,0.8903287444632433,0.8859737463851803,0.3794037940379404,0.5095066803699897,0.49467649467649466,100.0,100.0,5703,5062,7563,139,6,7563,0.0243731369454673,0.001185302252074279,1.0,0.4,0.1,0.7000000000000001,0.6000000000000001,90.0,45.0,75.0,0.4,0.1,0.7000000000000001,0.6000000000000001,90.0,45.0,75.0,9432,5573,3859,9432,0.40913910093299405,0.3848327339830914,0.5,0.7696654679661828,2096,0.3760990489861834,1.0,1
"iteration_4","SCOPE_DATA_COLLECTION",1600,47,2890.0,2950.0,1,9313,6780,2235,9413,6632,2294,5535,3892,1221,3810,2886,1012,0.40770465489566615,0.4257893183830038,0.45320197044334976,0.38691572676475267,0.8903287444632433,1.3289606195777706,0.7738314535295053,0.8903287444632433,0.8859737463851803,0.3794037940379404,0.5095066803699897,0.49467649467649466,100.0,100.0,5703,5062,7563,139,6,7563,0.0243731369454673,0.001185302252074279,1.0,0.4,0.1,0.7000000000000001,0.6000000000000001,90.0,45.0,75.0,0.4,0.1,0.7000000000000001,0.6000000000000001,90.0,45.0,75.0,6667,3793,2874,6667,0.43107844607769613,0.8988348819333504,1.0,0.8988348819333504,1936,0.5104139203796467,1.0,1
"iteration_4","SCOPE_DATA_COLLECTION",1600,47,2890.0,2950.0,2,9313,6780,2235,9413,6632,2294,5535,3892,1221,3810,2886,1012,0.40770465489566615,0.4257893183830038,0.45320197044334976,0.38691572676475267,0.8903287444632433,1.3289606195777706,0.7738314535295053,0.8903287444632433,0.8859737463851803,0.3794037940379404,0.5095066803699897,0.49467649467649466,100.0,100.0,5703,5062,7563,139,6,7563,0.0243731369454673,0.001185302252074279,1.0,0.4,0.1,0.7000000000000001,0.6000000000000001,90.0,45.0,75.0,0.4,0.1,0.7000000000000001,0.6000000000000001,90.0,45.0,75.0,2262,1241,1021,2262,0.45137046861184793,1.3685064665725437,1.5,0.9123376443816958,631,0.508460918614021,1.0,1
"iteration_4","SCOPE_DATA_COLLECTION",1600,48,2950.0,3010.0,0,9432,6667,2262,9313,6780,2235,5557,3794,1243,3859,2874,1021,0.40983432455395075,0.4310137972405519,0.45097173144876324,0.38398002403152465,0.9036993882015353,1.365673952769954,0.7679600480630493,0.9036993882015353,0.910449301846636,0.3750224941515206,0.5115972588297312,0.5084473049074819,97.5,100.0,5735,5062,7564,187,3,7564,0.03260680034873583,5.926511260371395E-4,1.0,0.4,0.1,0.7000000000000001,0.6000000000000001,90.0,45.0,75.0,0.4,0.1,0.8,0.5,80.0,55.0,85.0,9480,5522,3958,9480,0.41751054852320674,0.39138358824931807,0.5,0.7827671764986361,2074,0.3755885548714234,1.0,1
"iteration_4","SCOPE_DATA_COLLECTION",1600,48,2950.0,3010.0,1,9432,6667,2262,9313,6780,2235,5557,3794,1243,3859,2874,1021,0.40983432455395075,0.4310137972405519,0.45097173144876324,0.38398002403152465,0.9036993882015353,1.365673952769954,0.7679600480630493,0.9036993882015353,0.910449301846636,0.3750224941515206,0.5115972588297312,0.5084473049074819,97.5,100.0,5735,5062,7564,187,3,7564,0.03260680034873583,5.926511260371395E-4,1.0,0.4,0.1,0.7000000000000001,0.6000000000000001,90.0,45.0,75.0,0.4,0.1,0.8,0.5,80.0,55.0,85.0,6626,3815,2811,6626,0.42423785089043164,0.9207197765859668,1.0,0.9207197765859668,1977,0.5182175622542595,1.0,1
"iteration_4","SCOPE_DATA_COLLECTION",1600,48,2950.0,3010.0,2,9432,6667,2262,9313,6780,2235,5557,3794,1243,3859,2874,1021,0.40983432455395075,0.4310137972405519,0.45097173144876324,0.38398002403152465,0.9036993882015353,1.365673952769954,0.7679600480630493,0.9036993882015353,0.910449301846636,0.3750224941515206,0.5115972588297312,0.5084473049074819,97.5,100.0,5735,5062,7564,187,3,7564,0.03260680034873583,5.926511260371395E-4,1.0,0.4,0.1,0.7000000000000001,0.6000000000000001,90.0,45.0,75.0,0.4,0.1,0.8,0.5,80.0,55.0,85.0,2322,1291,1031,2322,0.44401378122308355,1.325417112872066,1.5,0.8836114085813773,626,0.48489542989930284,1.0,1
"iteration_4","SCOPE_DATA_COLLECTION",1600,49,3010.0,3070.0,0,9480,6626,2322,9432,6667,2262,5518,3811,1288,3958,2811,1031,0.4176867876741241,0.4244941105406222,0.44458818456231136,0.3911695598584617,0.9174514967272841,1.3270779989883994,0.7823391197169234,0.9174514967272841,0.8847186659922662,0.3747734686480609,0.5169246916819732,0.48524844720496896,97.5,100.0,5701,5085,7642,154,4,7642,0.02701280477109279,7.866273352999017E-4,1.0,0.4,0.1,0.8,0.5,80.0,55.0,85.0,0.15000000000000002,0.9,0.8,0.6000000000000001,65.0,65.0,45.0,9283,3774,5509,9283,0.5934503931918561,0.5794994819308972,0.5,1.1589989638617944,2355,0.624006359300477,1.0,1
"iteration_4","SCOPE_DATA_COLLECTION",1600,49,3010.0,3070.0,1,9480,6626,2322,9432,6667,2262,5518,3811,1288,3958,2811,1031,0.4176867876741241,0.4244941105406222,0.44458818456231136,0.3911695598584617,0.9174514967272841,1.3270779989883994,0.7823391197169234,0.9174514967272841,0.8847186659922662,0.3747734686480609,0.5169246916819732,0.48524844720496896,97.5,100.0,5701,5085,7642,154,4,7642,0.02701280477109279,7.866273352999017E-4,1.0,0.4,0.1,0.8,0.5,80.0,55.0,85.0,0.15000000000000002,0.9,0.8,0.6000000000000001,65.0,65.0,45.0,6764,2681,4083,6764,0.6036369012418688,1.211022579639627,1.0,1.211022579639627,1917,0.7150317045878404,1.0,1
"iteration_4","SCOPE_DATA_COLLECTION",1600,49,3010.0,3070.0,2,9480,6626,2322,9432,6667,2262,5518,3811,1288,3958,2811,1031,0.4176867876741241,0.4244941105406222,0.44458818456231136,0.3911695598584617,0.9174514967272841,1.3270779989883994,0.7823391197169234,0.9174514967272841,0.8847186659922662,0.3747734686480609,0.5169246916819732,0.48524844720496896,97.5,100.0,5701,5085,7642,154,4,7642,0.02701280477109279,7.866273352999017E-4,1.0,0.4,0.1,0.8,0.5,80.0,55.0,85.0,0.15000000000000002,0.9,0.8,0.6000000000000001,65.0,65.0,45.0,2320,857,1463,2320,0.6306034482758621,1.8295285615974965,1.5,1.2196857077316643,622,0.7257876312718786,1.0,1
"iteration_4","SCOPE_DATA_COLLECTION",1600,50,3070.0,3130.0,0,9283,6764,2320,9480,6626,2322,3785,2685,861,5509,4083,1463,0.5927480094684743,0.6032801418439716,0.6295180722891566,0.578628895535136,1.210073636174979,1.8203659193319555,1.157257791070272,1.210073636174979,1.213577279554637,0.6235138705416117,0.7135940409683427,0.7212543554006968,100.0,100.0,5596,1971,10800,252,3,10800,0.04503216583273767,0.0015220700152207,1.0,0.15000000000000002,0.9,0.8,0.6000000000000001,65.0,65.0,45.0,0.8,0.30000000000000004,0.1,0.9,45.0,80.0,35.0,9575,8968,607,9575,0.06339425587467364,0.39222736354892623,0.5,0.7844547270978525,2452,0.2734165923282783,1.0,1
"iteration_4","SCOPE_DATA_COLLECTION",1600,50,3070.0,3130.0,1,9283,6764,2320,9480,6626,2322,3785,2685,861,5509,4083,1463,0.5927480094684743,0.6032801418439716,0.6295180722891566,0.578628895535136,1.210073636174979,1.8203659193319555,1.157257791070272,1.210073636174979,1.213577279554637,0.6235138705416117,0.7135940409683427,0.7212543554006968,100.0,100.0,5596,1971,10800,252,3,10800,0.04503216583273767,0.0015220700152207,1.0,0.15000000000000002,0.9,0.8,0.6000000000000001,65.0,65.0,45.0,0.8,0.30000000000000004,0.1,0.9,45.0,80.0,35.0,6854,6393,461,6854,0.06725999416399182,0.665112084947714,1.0,0.665112084947714,2032,0.3178476458626623,1.0,1
"iteration_4","SCOPE_DATA_COLLECTION",1600,50,3070.0,3130.0,2,9283,6764,2320,9480,6626,2322,3785,2685,861,5509,4083,1463,0.5927480094684743,0.6032801418439716,0.6295180722891566,0.578628895535136,1.210073636174979,1.8203659193319555,1.157257791070272,1.210073636174979,1.213577279554637,0.6235138705416117,0.7135940409683427,0.7212543554006968,100.0,100.0,5596,1971,10800,252,3,10800,0.04503216583273767,0.0015220700152207,1.0,0.15000000000000002,0.9,0.8,0.6000000000000001,65.0,65.0,45.0,0.8,0.30000000000000004,0.1,0.9,45.0,80.0,35.0,2299,2073,226,2299,0.09830361026533276,1.07733599877944,1.5,0.7182239991862933,645,0.3111432706222865,1.0,1
"iteration_4","SCOPE_DATA_COLLECTION",1600,51,3130.0,3190.0,0,9575,6854,2299,9283,6764,2320,8926,6377,2061,607,461,226,0.06367355501940627,0.0674173735010237,0.09881941407958024,0.3716244208685331,0.6478568280714947,1.0608805200547209,0.7432488417370662,0.6478568280714947,0.7072536800364806,0.27022182388527893,0.31629292770895406,0.3081028626880155,97.5,100.0,5413,10713,2602,98,1159,37,0.018104563088860152,0.10818631569121628,0.014219830899308224,0.8,0.30000000000000004,0.1,0.9,45.0,80.0,35.0,0.15000000000000002,0.7000000000000001,0.6000000000000001,0.1,25.0,45.0,90.0,9465,3756,5709,9465,0.6031695721077655,0.5842987355403549,0.5,1.1685974710807099,2323,0.6184771033013845,1.0,1
"iteration_4","SCOPE_DATA_COLLECTION",1600,51,3130.0,3190.0,1,9575,6854,2299,9283,6764,2320,8926,6377,2061,607,461,226,0.06367355501940627,0.0674173735010237,0.09881941407958024,0.3716244208685331,0.6478568280714947,1.0608805200547209,0.7432488417370662,0.6478568280714947,0.7072536800364806,0.27022182388527893,0.31629292770895406,0.3081028626880155,97.5,100.0,5413,10713,2602,98,1159,37,0.018104563088860152,0.10818631569121628,0.014219830899308224,0.8,0.30000000000000004,0.1,0.9,45.0,80.0,35.0,0.15000000000000002,0.7000000000000001,0.6000000000000001,0.1,25.0,45.0,90.0,6708,2615,4093,6708,0.6101669648181276,1.180971227741798,1.0,1.180971227741798,1838,0.702868068833652,1.0,1
"iteration_4","SCOPE_DATA_COLLECTION",1600,51,3130.0,3190.0,2,9575,6854,2299,9283,6764,2320,8926,6377,2061,607,461,226,0.06367355501940627,0.0674173735010237,0.09881941407958024,0.3716244208685331,0.6478568280714947,1.0608805200547209,0.7432488417370662,0.6478568280714947,0.7072536800364806,0.27022182388527893,0.31629292770895406,0.3081028626880155,97.5,100.0,5413,10713,2602,98,1159,37,0.018104563088860152,0.10818631569121628,0.014219830899308224,0.8,0.30000000000000004,0.1,0.9,45.0,80.0,35.0,0.15000000000000002,0.7000000000000001,0.6000000000000001,0.1,25.0,45.0,90.0,2309,890,1419,2309,0.6145517540060632,1.7039994972161643,1.5,1.1359996648107762,633,0.7112359550561798,1.0,1
"iteration_4","SCOPE_DATA_COLLECTION",1600,52,3190.0,3250.0,0,9465,6708,2309,9575,6854,2299,3798,2632,894,5709,4093,1419,0.6005048911328494,0.6086245353159851,0.6134889753566797,0.6290749295376795,1.2184926436695431,1.7349437423281553,1.258149859075359,1.2184926436695431,1.1566291615521036,0.6213796735123749,0.706306990881459,0.7125279642058165,100.0,100.0,5358,1953,11171,109,9,11103,0.02034341172079134,0.004608294930875576,0.993912809954346,0.15000000000000002,0.7000000000000001,0.6000000000000001,0.1,25.0,45.0,90.0,0.25,0.6000000000000001,0.6000000000000001,0.1,35.0,35.0,80.0,9367,4348,5019,9367,0.5358172307035337,0.5015192884675068,0.5,1.0030385769350136,2269,0.5218491260349586,1.0,1
"iteration_4","SCOPE_DATA_COLLECTION",1600,52,3190.0,3250.0,1,9465,6708,2309,9575,6854,2299,3798,2632,894,5709,4093,1419,0.6005048911328494,0.6086245353159851,0.6134889753566797,0.6290749295376795,1.2184926436695431,1.7349437423281553,1.258149859075359,1.2184926436695431,1.1566291615521036,0.6213796735123749,0.706306990881459,0.7125279642058165,100.0,100.0,5358,1953,11171,109,9,11103,0.02034341172079134,0.004608294930875576,0.993912809954346,0.15000000000000002,0.7000000000000001,0.6000000000000001,0.1,25.0,45.0,90.0,0.25,0.6000000000000001,0.6000000000000001,0.1,35.0,35.0,80.0,6673,3028,3645,6673,0.5462310804735502,1.0213030725736256,1.0,1.0213030725736256,1829,0.6040290620871862,1.0,1
"iteration_4","SCOPE_DATA_COLLECTION",1600,52,3190.0,3250.0,2,9465,6708,2309,9575,6854,2299,3798,2632,894,5709,4093,1419,0.6005048911328494,0.6086245353159851,0.6134889753566797,0.6290749295376795,1.2184926436695431,1.7349437423281553,1.258149859075359,1.2184926436695431,1.1566291615521036,0.6213796735123749,0.706306990881459,0.7125279642058165,100.0,100.0,5358,1953,11171,109,9,11103,0.02034341172079134,0.004608294930875576,0.993912809954346,0.15000000000000002,0.7000000000000001,0.6000000000000001,0.1,25.0,45.0,90.0,0.25,0.6000000000000001,0.6000000000000001,0.1,35.0,35.0,80.0,2229,1038,1191,2229,0.5343203230148048,1.5015412707588862,1.5,1.0010275138392575,642,0.6184971098265896,1.0,1
"iteration_4","SCOPE_DATA_COLLECTION",1600,53,3250.0,3310.0,0,9367,6673,2229,9465,6708,2309,4342,3015,1048,5019,3645,1191,0.5361606665954493,0.5472972972972973,0.5319338990620813,0.5016417964248838,1.0182567001224114,1.5088844164803064,1.0032835928497676,1.0182567001224114,1.0059229443202042,0.5225702441271304,0.6029850746268657,0.6221374045801527,100.0,100.0,5287,3214,9768,84,3,9768,0.01588802723661812,9.334163036714375E-4,1.0,0.25,0.6000000000000001,0.6000000000000001,0.1,35.0,35.0,80.0,0.8,0.1,0.2,0.9,80.0,40.0,45.0,9565,9487,78,9565,0.008154730789336121,0.2868275378904761,0.5,0.5736550757809522,1949,0.2054390218193317,1.0,1
"iteration_4","SCOPE_DATA_COLLECTION",1600,53,3250.0,3310.0,1,9367,6673,2229,9465,6708,2309,4342,3015,1048,5019,3645,1191,0.5361606665954493,0.5472972972972973,0.5319338990620813,0.5016417964248838,1.0182567001224114,1.5088844164803064,1.0032835928497676,1.0182567001224114,1.0059229443202042,0.5225702441271304,0.6029850746268657,0.6221374045801527,100.0,100.0,5287,3214,9768,84,3,9768,0.01588802723661812,9.334163036714375E-4,1.0,0.25,0.6000000000000001,0.6000000000000001,0.1,35.0,35.0,80.0,0.8,0.1,0.2,0.9,80.0,40.0,45.0,6574,6514,60,6574,0.009126863401277762,0.617529437508265,1.0,0.617529437508265,1938,0.2975130488179306,1.0,1
"iteration_4","SCOPE_DATA_COLLECTION",1600,53,3250.0,3310.0,2,9367,6673,2229,9465,6708,2309,4342,3015,1048,5019,3645,1191,0.5361606665954493,0.5472972972972973,0.5319338990620813,0.5016417964248838,1.0182567001224114,1.5088844164803064,1.0032835928497676,1.0182567001224114,1.0059229443202042,0.5225702441271304,0.6029850746268657,0.6221374045801527,100.0,100.0,5287,3214,9768,84,3,9768,0.01588802723661812,9.334163036714375E-4,1.0,0.25,0.6000000000000001,0.6000000000000001,0.1,35.0,35.0,80.0,0.8,0.1,0.2,0.9,80.0,40.0,45.0,2290,2226,64,2290,0.02794759825327511,0.9375198688960205,1.5,0.6250132459306803,619,0.2780772686433064,1.0,1
"iteration_4","SCOPE_DATA_COLLECTION",1600,54,3310.0,3370.0,0,9565,6574,2290,9367,6673,2229,9483,6519,2211,78,60,64,0.00815814245371823,0.009119927040583675,0.028131868131868132,0.2887009314257087,0.6237115257108551,0.9347321746680878,0.5774018628514174,0.6237115257108551,0.6231547831120585,0.20710745544658862,0.3001994170885105,0.276797829036635,100.0,100.0,5532,10259,2638,87,69,46,0.015726681127982648,0.006725801735061897,0.017437452615617893,0.8,0.1,0.2,0.9,80.0,40.0,45.0,0.7000000000000001,0.2,0.30000000000000004,0.8,80.0,30.0,55.0,9316,9064,252,9316,0.027050236152855303,0.3034966727994087,0.5,0.6069933455988173,2156,0.23786407766990292,1.0,1
"iteration_4","SCOPE_DATA_COLLECTION",1600,54,3310.0,3370.0,1,9565,6574,2290,9367,6673,2229,9483,6519,2211,78,60,64,0.00815814245371823,0.009119927040583675,0.028131868131868132,0.2887009314257087,0.6237115257108551,0.9347321746680878,0.5774018628514174,0.6237115257108551,0.6231547831120585,0.20710745544658862,0.3001994170885105,0.276797829036635,100.0,100.0,5532,10259,2638,87,69,46,0.015726681127982648,0.006725801735061897,0.017437452615617893,0.8,0.1,0.2,0.9,80.0,40.0,45.0,0.7000000000000001,0.2,0.30000000000000004,0.8,80.0,30.0,55.0,6684,6454,230,6684,0.03441053261520048,0.6405036131438672,1.0,0.6405036131438672,1960,0.3036876355748373,1.0,1
"iteration_4","SCOPE_DATA_COLLECTION",1600,54,3310.0,3370.0,2,9565,6574,2290,9367,6673,2229,9483,6519,2211,78,60,64,0.00815814245371823,0.009119927040583675,0.028131868131868132,0.2887009314257087,0.6237115257108551,0.9347321746680878,0.5774018628514174,0.6237115257108551,0.6231547831120585,0.20710745544658862,0.3001994170885105,0.276797829036635,100.0,100.0,5532,10259,2638,87,69,46,0.015726681127982648,0.006725801735061897,0.017437452615617893,0.8,0.1,0.2,0.9,80.0,40.0,45.0,0.7000000000000001,0.2,0.30000000000000004,0.8,80.0,30.0,55.0,2306,2180,126,2306,0.05464006938421509,0.9862250935212424,1.5,0.6574833956808283,660,0.30275229357798167,1.0,1
"iteration_4","SCOPE_DATA_COLLECTION",1600,55,3370.0,3430.0,0,9316,6684,2306,9565,6574,2290,9063,6447,2184,252,230,126,0.02705314009661836,0.03444660775797514,0.05454545454545454,0.30279376895420557,0.6369190180372359,0.9839386411674453,0.6055875379084111,0.6369190180372359,0.6559590941116302,0.2367869358931921,0.30200093066542577,0.3017399267399267,100.0,100.0,5482,9049,3775,152,11,445,0.027727106895293688,0.0012156039341363687,0.11788079470198676,0.7000000000000001,0.2,0.30000000000000004,0.8,80.0,30.0,55.0,0.6000000000000001,0.30000000000000004,0.4,0.9,90.0,40.0,55.0,9360,7754,1606,9360,0.17158119658119658,0.35811776601579,0.5,0.71623553203158,2377,0.3065514573123549,1.0,1
"iteration_4","SCOPE_DATA_COLLECTION",1600,55,3370.0,3430.0,1,9316,6684,2306,9565,6574,2290,9063,6447,2184,252,230,126,0.02705314009661836,0.03444660775797514,0.05454545454545454,0.30279376895420557,0.6369190180372359,0.9839386411674453,0.6055875379084111,0.6369190180372359,0.6559590941116302,0.2367869358931921,0.30200093066542577,0.3017399267399267,100.0,100.0,5482,9049,3775,152,11,445,0.027727106895293688,0.0012156039341363687,0.11788079470198676,0.7000000000000001,0.2,0.30000000000000004,0.8,80.0,30.0,55.0,0.6000000000000001,0.30000000000000004,0.4,0.9,90.0,40.0,55.0,6675,5495,1180,6675,0.17677902621722846,0.7230564331273449,1.0,0.7230564331273449,1945,0.353958143767061,1.0,1
"iteration_4","SCOPE_DATA_COLLECTION",1600,55,3370.0,3430.0,2,9316,6684,2306,9565,6574,2290,9063,6447,2184,252,230,126,0.02705314009661836,0.03444660775797514,0.05454545454545454,0.30279376895420557,0.6369190180372359,0.9839386411674453,0.6055875379084111,0.6369190180372359,0.6559590941116302,0.2367869358931921,0.30200093066542577,0.3017399267399267,100.0,100.0,5482,9049,3775,152,11,445,0.027727106895293688,0.0012156039341363687,0.11788079470198676,0.7000000000000001,0.2,0.30000000000000004,0.8,80.0,30.0,55.0,0.6000000000000001,0.30000000000000004,0.4,0.9,90.0,40.0,55.0,2285,1824,461,2285,0.20175054704595186,1.1037765805633202,1.5,0.7358510537088802,643,0.35252192982456143,1.0,1
"iteration_4","SCOPE_DATA_COLLECTION",1600,56,3430.0,3490.0,0,9360,6675,2285,9316,6684,2306,7732,5508,1822,1606,1180,461,0.17198543585350182,0.17643540669856458,0.20192728865527815,0.3570587735594061,0.7267154928848059,1.1098864275800981,0.7141175471188121,0.7267154928848059,0.7399242850533988,0.30587170201758923,0.35602759622367464,0.3562019758507135,92.5,100.0,5413,7831,5076,164,11,3072,0.030297432107888416,0.0014046737326012004,0.6052009456264775,0.6000000000000001,0.30000000000000004,0.4,0.9,90.0,40.0,55.0,0.7000000000000001,0.30000000000000004,0.30000000000000004,0.8,95.0,40.0,65.0,9294,9020,274,9294,0.02948138584032709,0.3185607232602698,0.5,0.6371214465205396,2291,0.2539911308203991,1.0,1
"iteration_4","SCOPE_DATA_COLLECTION",1600,56,3430.0,3490.0,1,9360,6675,2285,9316,6684,2306,7732,5508,1822,1606,1180,461,0.17198543585350182,0.17643540669856458,0.20192728865527815,0.3570587735594061,0.7267154928848059,1.1098864275800981,0.7141175471188121,0.7267154928848059,0.7399242850533988,0.30587170201758923,0.35602759622367464,0.3562019758507135,92.5,100.0,5413,7831,5076,164,11,3072,0.030297432107888416,0.0014046737326012004,0.6052009456264775,0.6000000000000001,0.30000000000000004,0.4,0.9,90.0,40.0,55.0,0.7000000000000001,0.30000000000000004,0.30000000000000004,0.8,95.0,40.0,65.0,6714,6452,262,6714,0.039022937146261545,0.6279956740609022,1.0,0.6279956740609022,1946,0.30161190328580284,1.0,1
"iteration_4","SCOPE_DATA_COLLECTION",1600,56,3430.0,3490.0,2,9360,6675,2285,9316,6684,2306,7732,5508,1822,1606,1180,461,0.17198543585350182,0.17643540669856458,0.20192728865527815,0.3570587735594061,0.7267154928848059,1.1098864275800981,0.7141175471188121,0.7267154928848059,0.7399242850533988,0.30587170201758923,0.35602759622367464,0.3562019758507135,92.5,100.0,5413,7831,5076,164,11,3072,0.030297432107888416,0.0014046737326012004,0.6052009456264775,0.6000000000000001,0.30000000000000004,0.4,0.9,90.0,40.0,55.0,0.7000000000000001,0.30000000000000004,0.30000000000000004,0.8,95.0,40.0,65.0,2275,2145,130,2275,0.05714285714285714,0.9526230027478243,1.5,0.6350820018318829,612,0.2853146853146853,1.0,1
"iteration_4","SCOPE_DATA_COLLECTION",1600,57,3490.0,3550.0,0,9294,6714,2275,9360,6675,2285,9021,6443,2143,274,262,130,0.029478214093598708,0.03907531692766592,0.05719313682358117,0.31866631674916357,0.6261128900859682,0.9524664461792589,0.6373326334983271,0.6261128900859682,0.6349776307861726,0.2537412703691387,0.3007915567282322,0.2851143257116192,97.5,100.0,5517,8973,3793,125,14,527,0.022657241254304877,0.0015602362643486014,0.13894015291326128,0.7000000000000001,0.30000000000000004,0.30000000000000004,0.8,95.0,40.0,65.0,0.7000000000000001,0.30000000000000004,0.30000000000000004,0.8,95.0,40.0,65.0,9218,8830,388,9218,0.04209155999132133,0.32980856349760057,0.5,0.6596171269952011,2340,0.2650056625141563,1.0,1
"iteration_4","SCOPE_DATA_COLLECTION",1600,57,3490.0,3550.0,1,9294,6714,2275,9360,6675,2285,9021,6443,2143,274,262,130,0.029478214093598708,0.03907531692766592,0.05719313682358117,0.31866631674916357,0.6261128900859682,0.9524664461792589,0.6373326334983271,0.6261128900859682,0.6349776307861726,0.2537412703691387,0.3007915567282322,0.2851143257116192,97.5,100.0,5517,8973,3793,125,14,527,0.022657241254304877,0.0015602362643486014,0.13894015291326128,0.7000000000000001,0.30000000000000004,0.30000000000000004,0.8,95.0,40.0,65.0,0.7000000000000001,0.30000000000000004,0.30000000000000004,0.8,95.0,40.0,65.0,6759,6407,352,6759,0.05207870986832372,0.6317109316174989,1.0,0.6317109316174989,1937,0.3023255813953488,1.0,1
"iteration_4","SCOPE_DATA_COLLECTION",1600,57,3490.0,3550.0,2,9294,6714,2275,9360,6675,2285,9021,6443,2143,274,262,130,0.029478214093598708,0.03907531692766592,0.05719313682358117,0.31866631674916357,0.6261128900859682,0.9524664461792589,0.6373326334983271,0.6261128900859682,0.6349776307861726,0.2537412703691387,0.3007915567282322,0.2851143257116192,97.5,100.0,5517,8973,3793,125,14,527,0.022657241254304877,0.0015602362643486014,0.13894015291326128,0.7000000000000001,0.30000000000000004,0.30000000000000004,0.8,95.0,40.0,65.0,0.7000000000000001,0.30000000000000004,0.30000000000000004,0.8,95.0,40.0,65.0,2304,2128,176,2304,0.0763888888888889,0.9888322597897591,1.5,0.659221506526506,642,0.3016917293233083,1.0,1
"iteration_4","SCOPE_DATA_COLLECTION",1600,58,3550.0,3619.1683222426627,0,9218,6759,2304,9294,6714,2275,8826,6403,2131,388,352,176,0.04210983286303451,0.052109548482605475,0.07628955353272648,0.3267562320809677,0.6290124553193236,0.9819684332379052,0.6535124641619354,0.6290124553193236,0.6546456221586034,0.26285973260820306,0.3003279712634703,0.2979821679962459,97.5,100.0,5461,8917,3903,158,199,559,0.02893242995788317,0.022316922731860492,0.14322316167050986,0.7000000000000001,0.30000000000000004,0.30000000000000004,0.8,95.0,40.0,65.0,0.7000000000000001,0.30000000000000004,0.30000000000000004,0.8,95.0,40.0,65.0,7903,7630,230,7860,0.029262086513994912,0.3209219385343887,0.5,0.6418438770687774,1988,0.26055045871559634,0.9945590282171327,0
"iteration_4","SCOPE_DATA_COLLECTION",1600,58,3550.0,3619.1683222426627,1,9218,6759,2304,9294,6714,2275,8826,6403,2131,388,352,176,0.04210983286303451,0.052109548482605475,0.07628955353272648,0.3267562320809677,0.6290124553193236,0.9819684332379052,0.6535124641619354,0.6290124553193236,0.6546456221586034,0.26285973260820306,0.3003279712634703,0.2979821679962459,97.5,100.0,5461,8917,3903,158,199,559,0.02893242995788317,0.022316922731860492,0.14322316167050986,0.7000000000000001,0.30000000000000004,0.30000000000000004,0.8,95.0,40.0,65.0,0.7000000000000001,0.30000000000000004,0.30000000000000004,0.8,95.0,40.0,65.0,5471,5204,204,5408,0.03772189349112426,0.6079989674266542,1.0,0.6079989674266542,1475,0.2834358186010761,0.9884847377079145,0
"iteration_4","SCOPE_DATA_COLLECTION",1600,58,3550.0,3619.1683222426627,2,9218,6759,2304,9294,6714,2275,8826,6403,2131,388,352,176,0.04210983286303451,0.052109548482605475,0.07628955353272648,0.3267562320809677,0.6290124553193236,0.9819684332379052,0.6535124641619354,0.6290124553193236,0.6546456221586034,0.26285973260820306,0.3003279712634703,0.2979821679962459,97.5,100.0,5461,8917,3903,158,199,559,0.02893242995788317,0.022316922731860492,0.14322316167050986,0.7000000000000001,0.30000000000000004,0.30000000000000004,0.8,95.0,40.0,65.0,0.7000000000000001,0.30000000000000004,0.30000000000000004,0.8,95.0,40.0,65.0,1892,1766,95,1861,0.051047823750671684,0.96080682179609,1.5,0.6405378811973933,503,0.28482446206115514,0.983615221987315,0
"iteration_4","SCOPE_DATA_COLLECTION",1700,0,70.0,130.0,0,9648,6625,2053,0,0,0,8086,5477,1626,1512,1071,397,0.15753281933736196,0.16356139279169213,0.1962432031636184,0.37927706412507745,0.7185231508141576,1.0983846195895663,0.7585541282501549,0.7185231508141576,0.7322564130597109,0.3075686371506307,0.3423406974621143,0.35670356703567035,100.0,100.0,5527,7694,5105,200,13,2767,0.03618599601954044,0.0016896282817780088,0.5420176297747307,0.6,0.5,0.7,0.4,85.0,80.0,90.0,0.5,0.6000000000000001,0.8,0.5,75.0,80.0,90.0,10535,7083,3452,10535,0.3276696725201709,0.4236442909575104,0.5,0.8472885819150208,2738,0.38655936749964703,1.0,1
"iteration_4","SCOPE_DATA_COLLECTION",1700,0,70.0,130.0,1,9648,6625,2053,0,0,0,8086,5477,1626,1512,1071,397,0.15753281933736196,0.16356139279169213,0.1962432031636184,0.37927706412507745,0.7185231508141576,1.0983846195895663,0.7585541282501549,0.7185231508141576,0.7322564130597109,0.3075686371506307,0.3423406974621143,0.35670356703567035,100.0,100.0,5527,7694,5105,200,13,2767,0.03618599601954044,0.0016896282817780088,0.5420176297747307,0.6,0.5,0.7,0.4,85.0,80.0,90.0,0.5,0.6000000000000001,0.8,0.5,75.0,80.0,90.0,7229,4701,2528,7229,0.34970258680315397,0.8401032682737224,1.0,0.8401032682737224,1986,0.42246330567964263,1.0,1
"iteration_4","SCOPE_DATA_COLLECTION",1700,0,70.0,130.0,2,9648,6625,2053,0,0,0,8086,5477,1626,1512,1071,397,0.15753281933736196,0.16356139279169213,0.1962432031636184,0.37927706412507745,0.7185231508141576,1.0983846195895663,0.7585541282501549,0.7185231508141576,0.7322564130597109,0.3075686371506307,0.3423406974621143,0.35670356703567035,100.0,100.0,5527,7694,5105,200,13,2767,0.03618599601954044,0.0016896282817780088,0.5420176297747307,0.6,0.5,0.7,0.4,85.0,80.0,90.0,0.5,0.6000000000000001,0.8,0.5,75.0,80.0,90.0,2309,1469,840,2309,0.3637938501515808,1.2124057732988687,1.5,0.8082705155325791,619,0.42137508509189925,1.0,1
"iteration_4","SCOPE_DATA_COLLECTION",1700,1,130.0,190.0,0,10535,7229,2309,9648,6625,2053,7077,4693,1478,3456,2539,842,0.3281116491028197,0.35107853982300885,0.3629310344827586,0.422943128601631,0.8358452356090823,1.2157992549533543,0.845886257203262,0.8358452356090823,0.8105328366355695,0.3844849512505299,0.4206264649477946,0.42286874154262516,100.0,100.0,5842,7150,7081,255,5,6577,0.043649435124957205,6.993006993006993E-4,0.9288236124841124,0.5,0.6000000000000001,0.8,0.5,75.0,80.0,90.0,0.35000000000000003,0.1,0.8,0.5,70.0,60.0,50.0,10637,5798,4839,10637,0.45492150042305163,0.3980704667995594,0.5,0.7961409335991187,2250,0.388064849948258,1.0,1
"iteration_4","SCOPE_DATA_COLLECTION",1700,1,130.0,190.0,1,10535,7229,2309,9648,6625,2053,7077,4693,1478,3456,2539,842,0.3281116491028197,0.35107853982300885,0.3629310344827586,0.422943128601631,0.8358452356090823,1.2157992549533543,0.845886257203262,0.8358452356090823,0.8105328366355695,0.3844849512505299,0.4206264649477946,0.42286874154262516,100.0,100.0,5842,7150,7081,255,5,6577,0.043649435124957205,6.993006993006993E-4,0.9288236124841124,0.5,0.6000000000000001,0.8,0.5,75.0,80.0,90.0,0.35000000000000003,0.1,0.8,0.5,70.0,60.0,50.0,7079,3752,3327,7079,0.46998163582426894,0.9380166293181079,1.0,0.9380166293181079,1934,0.5154584221748401,1.0,1
"iteration_4","SCOPE_DATA_COLLECTION",1700,1,130.0,190.0,2,10535,7229,2309,9648,6625,2053,7077,4693,1478,3456,2539,842,0.3281116491028197,0.35107853982300885,0.3629310344827586,0.422943128601631,0.8358452356090823,1.2157992549533543,0.845886257203262,0.8358452356090823,0.8105328366355695,0.3844849512505299,0.4206264649477946,0.42286874154262516,100.0,100.0,5842,7150,7081,255,5,6577,0.043649435124957205,6.993006993006993E-4,0.9288236124841124,0.5,0.6000000000000001,0.8,0.5,75.0,80.0,90.0,0.35000000000000003,0.1,0.8,0.5,70.0,60.0,50.0,2393,1267,1126,2393,0.4705390722941914,1.358350096845785,1.5,0.9055667312305232,632,0.4988161010260458,1.0,1
"iteration_4","SCOPE_DATA_COLLECTION",1700,2,190.0,250.0,0,10637,7079,2393,10535,7229,2309,5809,3773,1255,4838,3326,1126,0.4544003005541467,0.46851669249190026,0.4729105417891642,0.3988484302146418,0.9422612524185446,1.3492835841411186,0.7976968604292836,0.9422612524185446,0.8995223894274124,0.3893957651919435,0.517095149748211,0.4956175298804781,97.5,100.0,5828,5029,9252,160,3,9127,0.027453671928620454,5.965400676078744E-4,0.9864894076956334,0.35000000000000003,0.1,0.8,0.5,70.0,60.0,50.0,0.35000000000000003,0.1,0.9,0.6000000000000001,80.0,60.0,50.0,10699,5713,4986,10699,0.4660248621366483,0.4052535640957901,0.5,0.8105071281915802,2281,0.3992648345877822,1.0,1
"iteration_4","SCOPE_DATA_COLLECTION",1700,2,190.0,250.0,1,10637,7079,2393,10535,7229,2309,5809,3773,1255,4838,3326,1126,0.4544003005541467,0.46851669249190026,0.4729105417891642,0.3988484302146418,0.9422612524185446,1.3492835841411186,0.7976968604292836,0.9422612524185446,0.8995223894274124,0.3893957651919435,0.517095149748211,0.4956175298804781,97.5,100.0,5828,5029,9252,160,3,9127,0.027453671928620454,5.965400676078744E-4,0.9864894076956334,0.35000000000000003,0.1,0.8,0.5,70.0,60.0,50.0,0.35000000000000003,0.1,0.9,0.6000000000000001,80.0,60.0,50.0,7216,3760,3456,7216,0.4789356984478936,0.964128636909002,1.0,0.964128636909002,2017,0.5364361702127659,1.0,1
"iteration_4","SCOPE_DATA_COLLECTION",1700,2,190.0,250.0,2,10637,7079,2393,10535,7229,2309,5809,3773,1255,4838,3326,1126,0.4544003005541467,0.46851669249190026,0.4729105417891642,0.3988484302146418,0.9422612524185446,1.3492835841411186,0.7976968604292836,0.9422612524185446,0.8995223894274124,0.3893957651919435,0.517095149748211,0.4956175298804781,97.5,100.0,5828,5029,9252,160,3,9127,0.027453671928620454,5.965400676078744E-4,0.9864894076956334,0.35000000000000003,0.1,0.8,0.5,70.0,60.0,50.0,0.35000000000000003,0.1,0.9,0.6000000000000001,80.0,60.0,50.0,2267,1133,1134,2267,0.5002205558006175,1.3874125031622684,1.5,0.9249416687748456,582,0.5136804942630185,1.0,1
"iteration_4","SCOPE_DATA_COLLECTION",1700,3,250.0,310.0,0,10699,7216,2267,10637,7079,2393,5722,3756,1141,4987,3457,1134,0.4656830703146886,0.4792735338971302,0.49846153846153846,0.40563935837999965,0.9651679920387175,1.3907566548376882,0.8112787167599993,0.9651679920387175,0.9271711032251254,0.4000349528137015,0.5362087326943556,0.5144609991235758,100.0,100.0,5965,4841,9376,200,2,9376,0.03352891869237217,4.131377814501136E-4,1.0,0.35000000000000003,0.1,0.9,0.6000000000000001,80.0,60.0,50.0,0.15000000000000002,0.8,0.7000000000000001,0.7000000000000001,90.0,70.0,80.0,10557,4158,6399,10557,0.6061381074168798,0.6227239441101652,0.5,1.2454478882203304,2746,0.6604136604136605,1.0,1
"iteration_4","SCOPE_DATA_COLLECTION",1700,3,250.0,310.0,1,10699,7216,2267,10637,7079,2393,5722,3756,1141,4987,3457,1134,0.4656830703146886,0.4792735338971302,0.49846153846153846,0.40563935837999965,0.9651679920387175,1.3907566548376882,0.8112787167599993,0.9651679920387175,0.9271711032251254,0.4000349528137015,0.5362087326943556,0.5144609991235758,100.0,100.0,5965,4841,9376,200,2,9376,0.03352891869237217,4.131377814501136E-4,1.0,0.35000000000000003,0.1,0.9,0.6000000000000001,80.0,60.0,50.0,0.15000000000000002,0.8,0.7000000000000001,0.7000000000000001,90.0,70.0,80.0,7186,2693,4493,7186,0.6252435290843307,1.2455616281124773,1.0,1.2455616281124773,1928,0.7159301893798737,1.0,1
"iteration_4","SCOPE_DATA_COLLECTION",1700,3,250.0,310.0,2,10699,7216,2267,10637,7079,2393,5722,3756,1141,4987,3457,1134,0.4656830703146886,0.4792735338971302,0.49846153846153846,0.40563935837999965,0.9651679920387175,1.3907566548376882,0.8112787167599993,0.9651679920387175,0.9271711032251254,0.4000349528137015,0.5362087326943556,0.5144609991235758,100.0,100.0,5965,4841,9376,200,2,9376,0.03352891869237217,4.131377814501136E-4,1.0,0.35000000000000003,0.1,0.9,0.6000000000000001,80.0,60.0,50.0,0.15000000000000002,0.8,0.7000000000000001,0.7000000000000001,90.0,70.0,80.0,2291,838,1453,2291,0.6342208642514185,1.839739915650309,1.5,1.226493277100206,600,0.7159904534606205,1.0,1
"iteration_4","SCOPE_DATA_COLLECTION",1700,4,310.0,370.0,0,10557,7186,2291,10699,7216,2267,4147,2692,838,6399,4493,1452,0.6067703394652001,0.625330549756437,0.634061135371179,0.6201755747645509,1.2419720961724574,1.8328559231180832,1.2403511495291017,1.2419720961724574,1.2219039487453889,0.658307210031348,0.7154531946508172,0.7136038186157518,100.0,100.0,5897,2067,12070,274,0,12070,0.046464303883330504,0.0,1.0,0.15000000000000002,0.8,0.7000000000000001,0.7000000000000001,90.0,70.0,80.0,0.25,0.9,0.4,0.4,20.0,30.0,30.0,10678,4888,5790,10678,0.5422363738527815,0.5222808796883804,0.5,1.0445617593767609,2590,0.5298690671031097,1.0,1
"iteration_4","SCOPE_DATA_COLLECTION",1700,4,310.0,370.0,1,10557,7186,2291,10699,7216,2267,4147,2692,838,6399,4493,1452,0.6067703394652001,0.625330549756437,0.634061135371179,0.6201755747645509,1.2419720961724574,1.8328559231180832,1.2403511495291017,1.2419720961724574,1.2219039487453889,0.658307210031348,0.7154531946508172,0.7136038186157518,100.0,100.0,5897,2067,12070,274,0,12070,0.046464303883330504,0.0,1.0,0.15000000000000002,0.8,0.7000000000000001,0.7000000000000001,90.0,70.0,80.0,0.25,0.9,0.4,0.4,20.0,30.0,30.0,7229,3319,3910,7229,0.5408770231013972,1.024491684340346,1.0,1.024491684340346,1969,0.5932509792106057,1.0,1
"iteration_4","SCOPE_DATA_COLLECTION",1700,4,310.0,370.0,2,10557,7186,2291,10699,7216,2267,4147,2692,838,6399,4493,1452,0.6067703394652001,0.625330549756437,0.634061135371179,0.6201755747645509,1.2419720961724574,1.8328559231180832,1.2403511495291017,1.2419720961724574,1.2219039487453889,0.658307210031348,0.7154531946508172,0.7136038186157518,100.0,100.0,5897,2067,12070,274,0,12070,0.046464303883330504,0.0,1.0,0.15000000000000002,0.8,0.7000000000000001,0.7000000000000001,90.0,70.0,80.0,0.25,0.9,0.4,0.4,20.0,30.0,30.0,2288,1000,1288,2288,0.5629370629370629,1.4902293466044199,1.5,0.9934862310696132,562,0.562,1.0,1
"iteration_4","SCOPE_DATA_COLLECTION",1700,5,370.0,430.0,0,10678,7229,2288,10557,7186,2291,4884,3324,993,5790,3910,1289,0.5424395727937044,0.5405031794304672,0.5648553900087643,0.5229786605563728,1.0253530985024832,1.4935466303047034,1.0459573211127455,1.0253530985024832,0.9956977535364689,0.5303030303030303,0.5935619735258725,0.5629405840886204,100.0,100.0,5767,3613,10815,169,5,10815,0.029304664470261834,0.0013838915029061722,1.0,0.25,0.9,0.4,0.4,20.0,30.0,30.0,0.35000000000000003,0.8,0.4,0.4,20.0,30.0,30.0,10759,5746,5013,10759,0.46593549586392785,0.4665285572918432,0.5,0.9330571145836865,2612,0.4545770971110338,1.0,1
"iteration_4","SCOPE_DATA_COLLECTION",1700,5,370.0,430.0,1,10678,7229,2288,10557,7186,2291,4884,3324,993,5790,3910,1289,0.5424395727937044,0.5405031794304672,0.5648553900087643,0.5229786605563728,1.0253530985024832,1.4935466303047034,1.0459573211127455,1.0253530985024832,0.9956977535364689,0.5303030303030303,0.5935619735258725,0.5629405840886204,100.0,100.0,5767,3613,10815,169,5,10815,0.029304664470261834,0.0013838915029061722,1.0,0.25,0.9,0.4,0.4,20.0,30.0,30.0,0.35000000000000003,0.8,0.4,0.4,20.0,30.0,30.0,7174,3816,3358,7174,0.46807917479788125,0.9417550820157036,1.0,0.9417550820157036,1995,0.5227987421383647,1.0,1
"iteration_4","SCOPE_DATA_COLLECTION",1700,5,370.0,430.0,2,10678,7229,2288,10557,7186,2291,4884,3324,993,5790,3910,1289,0.5424395727937044,0.5405031794304672,0.5648553900087643,0.5229786605563728,1.0253530985024832,1.4935466303047034,1.0459573211127455,1.0253530985024832,0.9956977535364689,0.5303030303030303,0.5935619735258725,0.5629405840886204,100.0,100.0,5767,3613,10815,169,5,10815,0.029304664470261834,0.0013838915029061722,1.0,0.25,0.9,0.4,0.4,20.0,30.0,30.0,0.35000000000000003,0.8,0.4,0.4,20.0,30.0,30.0,2328,1143,1185,2328,0.509020618556701,1.3438472847095964,1.5,0.8958981898063976,560,0.4899387576552931,1.0,1
"iteration_4","SCOPE_DATA_COLLECTION",1700,6,430.0,490.0,0,10759,7174,2328,10678,7229,2288,5744,3809,1142,5013,3358,1184,0.46602212512782376,0.4685363471466443,0.5090283748925194,0.46620028152580895,0.9387122399183623,1.338255089694491,0.9324005630516179,0.9387122399183623,0.8921700597963272,0.4543871866295265,0.5227093725387241,0.4886164623467601,100.0,100.0,5754,5124,9383,169,3,9383,0.029370872436565866,5.85480093676815E-4,1.0,0.35000000000000003,0.8,0.4,0.4,20.0,30.0,30.0,0.9500000000000001,0.6000000000000001,0.2,0.8,30.0,80.0,85.0,10528,4720,5808,10528,0.5516717325227963,0.6364371658570341,0.5,1.2728743317140683,2801,0.5934322033898305,1.0,1
"iteration_4","SCOPE_DATA_COLLECTION",1700,6,430.0,490.0,1,10759,7174,2328,10678,7229,2288,5744,3809,1142,5013,3358,1184,0.46602212512782376,0.4685363471466443,0.5090283748925194,0.46620028152580895,0.9387122399183623,1.338255089694491,0.9324005630516179,0.9387122399183623,0.8921700597963272,0.4543871866295265,0.5227093725387241,0.4886164623467601,100.0,100.0,5754,5124,9383,169,3,9383,0.029370872436565866,5.85480093676815E-4,1.0,0.35000000000000003,0.8,0.4,0.4,20.0,30.0,30.0,0.9500000000000001,0.6000000000000001,0.2,0.8,30.0,80.0,85.0,7091,3154,3937,7091,0.5552108306303766,1.1253564686281095,1.0,1.1253564686281095,1985,0.6293595434369055,1.0,1
"iteration_4","SCOPE_DATA_COLLECTION",1700,6,430.0,490.0,2,10759,7174,2328,10678,7229,2288,5744,3809,1142,5013,3358,1184,0.46602212512782376,0.4685363471466443,0.5090283748925194,0.46620028152580895,0.9387122399183623,1.338255089694491,0.9324005630516179,0.9387122399183623,0.8921700597963272,0.4543871866295265,0.5227093725387241,0.4886164623467601,100.0,100.0,5754,5124,9383,169,3,9383,0.029370872436565866,5.85480093676815E-4,1.0,0.35000000000000003,0.8,0.4,0.4,20.0,30.0,30.0,0.9500000000000001,0.6000000000000001,0.2,0.8,30.0,80.0,85.0,2298,967,1331,2298,0.5791993037423847,1.7662802264656043,1.5,1.1775201509770696,620,0.6411582213029989,1.0,1
"iteration_4","SCOPE_DATA_COLLECTION",1700,7,490.0,550.0,0,10528,7091,2298,10759,7174,2328,4734,3160,975,5808,3937,1332,0.5509391007398976,0.5547414400450895,0.577373211963589,0.6385495559313766,1.133770328591671,1.7718053731952186,1.2770991118627533,1.133770328591671,1.1812035821301456,0.5961132234896493,0.6294303797468355,0.6430769230769231,100.0,100.0,5537,13678,702,145,10928,4,0.026187466136897236,0.7989472145050446,0.005698005698005698,0.9500000000000001,0.6000000000000001,0.2,0.8,30.0,80.0,85.0,0.9500000000000001,0.6000000000000001,0.2,0.9,40.0,70.0,95.0,10529,5339,5190,10529,0.49292430430240286,0.5794892843357524,0.5,1.1589785686715048,3108,0.5821314852968721,1.0,1
"iteration_4","SCOPE_DATA_COLLECTION",1700,7,490.0,550.0,1,10528,7091,2298,10759,7174,2328,4734,3160,975,5808,3937,1332,0.5509391007398976,0.5547414400450895,0.577373211963589,0.6385495559313766,1.133770328591671,1.7718053731952186,1.2770991118627533,1.133770328591671,1.1812035821301456,0.5961132234896493,0.6294303797468355,0.6430769230769231,100.0,100.0,5537,13678,702,145,10928,4,0.026187466136897236,0.7989472145050446,0.005698005698005698,0.9500000000000001,0.6000000000000001,0.2,0.8,30.0,80.0,85.0,0.9500000000000001,0.6000000000000001,0.2,0.9,40.0,70.0,95.0,7100,3476,3624,7100,0.5104225352112676,1.0199333840070222,1.0,1.0199333840070222,2092,0.6018411967779056,1.0,1
"iteration_4","SCOPE_DATA_COLLECTION",1700,7,490.0,550.0,2,10528,7091,2298,10759,7174,2328,4734,3160,975,5808,3937,1332,0.5509391007398976,0.5547414400450895,0.577373211963589,0.6385495559313766,1.133770328591671,1.7718053731952186,1.2770991118627533,1.133770328591671,1.1812035821301456,0.5961132234896493,0.6294303797468355,0.6430769230769231,100.0,100.0,5537,13678,702,145,10928,4,0.026187466136897236,0.7989472145050446,0.005698005698005698,0.9500000000000001,0.6000000000000001,0.2,0.8,30.0,80.0,85.0,0.9500000000000001,0.6000000000000001,0.2,0.9,40.0,70.0,95.0,2306,971,1335,2306,0.5789245446660884,1.6311226246645987,1.5,1.0874150831097324,565,0.5818743563336766,1.0,1
"iteration_4","SCOPE_DATA_COLLECTION",1700,8,550.0,610.0,0,10529,7100,2306,10528,7091,2298,5346,3486,967,5189,3624,1334,0.49254864736592313,0.509704641350211,0.579747935680139,0.5792776130246703,1.0179167759598688,1.6258606058030507,1.1585552260493406,1.0179167759598688,1.083907070535367,0.5811821922933034,0.602122776821572,0.5791106514994829,100.0,100.0,5737,13462,736,120,10027,0,0.020916855499389923,0.744837319863319,0.0,0.9500000000000001,0.6000000000000001,0.2,0.9,40.0,70.0,95.0,0.9500000000000001,0.5,0.30000000000000004,0.9,50.0,60.0,85.0,10641,5170,5471,10641,0.5141434075744761,0.5745058832138019,0.5,1.1490117664276038,2941,0.5688588007736944,1.0,1
"iteration_4","SCOPE_DATA_COLLECTION",1700,8,550.0,610.0,1,10529,7100,2306,10528,7091,2298,5346,3486,967,5189,3624,1334,0.49254864736592313,0.509704641350211,0.579747935680139,0.5792776130246703,1.0179167759598688,1.6258606058030507,1.1585552260493406,1.0179167759598688,1.083907070535367,0.5811821922933034,0.602122776821572,0.5791106514994829,100.0,100.0,5737,13462,736,120,10027,0,0.020916855499389923,0.744837319863319,0.0,0.9500000000000001,0.6000000000000001,0.2,0.9,40.0,70.0,95.0,0.9500000000000001,0.5,0.30000000000000004,0.9,50.0,60.0,85.0,7138,3303,3835,7138,0.5372653404314934,1.0728481782567907,1.0,1.0728481782567907,1994,0.6036936118679987,1.0,1
"iteration_4","SCOPE_DATA_COLLECTION",1700,8,550.0,610.0,2,10529,7100,2306,10528,7091,2298,5346,3486,967,5189,3624,1334,0.49254864736592313,0.509704641350211,0.579747935680139,0.5792776130246703,1.0179167759598688,1.6258606058030507,1.1585552260493406,1.0179167759598688,1.083907070535367,0.5811821922933034,0.602122776821572,0.5791106514994829,100.0,100.0,5737,13462,736,120,10027,0,0.020916855499389923,0.744837319863319,0.0,0.9500000000000001,0.6000000000000001,0.2,0.9,40.0,70.0,95.0,0.9500000000000001,0.5,0.30000000000000004,0.9,50.0,60.0,85.0,2216,901,1315,2216,0.5934115523465704,1.6874608373932354,1.5,1.1249738915954903,564,0.6259711431742508,1.0,1
"iteration_4","SCOPE_DATA_COLLECTION",1700,9,610.0,670.0,0,10641,7138,2216,10529,7100,2306,5156,3278,909,5467,3834,1316,0.5146380495152029,0.5390888638920135,0.5914606741573034,0.5722203257642023,1.067236262528942,1.6914632247557684,1.1444406515284047,1.067236262528942,1.127642149837179,0.5676881303335919,0.6012812690665039,0.6281628162816282,100.0,100.0,5761,13570,664,148,10469,0,0.025689984377712204,0.7714812085482683,0.0,0.9500000000000001,0.5,0.30000000000000004,0.9,50.0,60.0,85.0,0.9500000000000001,0.5,0.30000000000000004,0.9,50.0,60.0,85.0,10640,5533,5107,10640,0.4799812030075188,0.5659253531506342,0.5,1.1318507063012684,2866,0.5179830110247605,1.0,1
"iteration_4","SCOPE_DATA_COLLECTION",1700,9,610.0,670.0,1,10641,7138,2216,10529,7100,2306,5156,3278,909,5467,3834,1316,0.5146380495152029,0.5390888638920135,0.5914606741573034,0.5722203257642023,1.067236262528942,1.6914632247557684,1.1444406515284047,1.067236262528942,1.127642149837179,0.5676881303335919,0.6012812690665039,0.6281628162816282,100.0,100.0,5761,13570,664,148,10469,0,0.025689984377712204,0.7714812085482683,0.0,0.9500000000000001,0.5,0.30000000000000004,0.9,50.0,60.0,85.0,0.9500000000000001,0.5,0.30000000000000004,0.9,50.0,60.0,85.0,7137,3596,3541,7137,0.4961468404091355,1.043890511497437,1.0,1.043890511497437,2009,0.5586763070077865,1.0,1
"iteration_4","SCOPE_DATA_COLLECTION",1700,9,610.0,670.0,2,10641,7138,2216,10529,7100,2306,5156,3278,909,5467,3834,1316,0.5146380495152029,0.5390888638920135,0.5914606741573034,0.5722203257642023,1.067236262528942,1.6914632247557684,1.1444406515284047,1.067236262528942,1.127642149837179,0.5676881303335919,0.6012812690665039,0.6281628162816282,100.0,100.0,5761,13570,664,148,10469,0,0.025689984377712204,0.7714812085482683,0.0,0.9500000000000001,0.5,0.30000000000000004,0.9,50.0,60.0,85.0,0.9500000000000001,0.5,0.30000000000000004,0.9,50.0,60.0,85.0,2283,1070,1213,2283,0.5313184406482698,1.5604619864061104,1.5,1.040307990937407,588,0.5495327102803739,1.0,1
"iteration_4","SCOPE_DATA_COLLECTION",1700,10,670.0,730.0,0,10640,7137,2283,10641,7138,2216,5496,3590,1060,5112,3540,1209,0.4819004524886878,0.4964936886395512,0.5328338475099162,0.5688744400468011,1.053949284609684,1.5643462215046646,1.1377488800936022,1.053949284609684,1.0428974810031097,0.5218340611353712,0.5649025069637883,0.5518867924528302,100.0,100.0,5769,13586,705,180,9681,0,0.031201248049921998,0.7125717650522597,0.0,0.9500000000000001,0.5,0.30000000000000004,0.9,50.0,60.0,85.0,0.9500000000000001,0.6000000000000001,0.30000000000000004,0.9,60.0,70.0,75.0,10649,5248,5401,10649,0.507183773124237,0.5844038094289823,0.5,1.1688076188579646,2821,0.5375381097560976,1.0,1
"iteration_4","SCOPE_DATA_COLLECTION",1700,10,670.0,730.0,1,10640,7137,2283,10641,7138,2216,5496,3590,1060,5112,3540,1209,0.4819004524886878,0.4964936886395512,0.5328338475099162,0.5688744400468011,1.053949284609684,1.5643462215046646,1.1377488800936022,1.053949284609684,1.0428974810031097,0.5218340611353712,0.5649025069637883,0.5518867924528302,100.0,100.0,5769,13586,705,180,9681,0,0.031201248049921998,0.7125717650522597,0.0,0.9500000000000001,0.5,0.30000000000000004,0.9,50.0,60.0,85.0,0.9500000000000001,0.6000000000000001,0.30000000000000004,0.9,60.0,70.0,75.0,7170,3357,3813,7170,0.5317991631799163,1.0800400500735754,1.0,1.0800400500735754,2043,0.6085790884718498,1.0,1
"iteration_4","SCOPE_DATA_COLLECTION",1700,10,670.0,730.0,2,10640,7137,2283,10641,7138,2216,5496,3590,1060,5112,3540,1209,0.4819004524886878,0.4964936886395512,0.5328338475099162,0.5688744400468011,1.053949284609684,1.5643462215046646,1.1377488800936022,1.053949284609684,1.0428974810031097,0.5218340611353712,0.5649025069637883,0.5518867924528302,100.0,100.0,5769,13586,705,180,9681,0,0.031201248049921998,0.7125717650522597,0.0,0.9500000000000001,0.5,0.30000000000000004,0.9,50.0,60.0,85.0,0.9500000000000001,0.6000000000000001,0.30000000000000004,0.9,60.0,70.0,75.0,2292,968,1324,2292,0.5776614310645725,1.6934047561545071,1.5,1.1289365041030048,620,0.640495867768595,1.0,1
"iteration_4","SCOPE_DATA_COLLECTION",1700,11,730.0,790.0,0,10649,7170,2292,10640,7137,2283,5272,3377,974,5399,3814,1328,0.505950707525068,0.5303852037268808,0.576889661164205,0.5801667003249946,1.0731024436443868,1.6851815575629545,1.1603334006499892,1.0731024436443868,1.1234543717086363,0.5318664643399089,0.6034942256440627,0.635523613963039,97.5,100.0,5716,13649,746,197,10344,0,0.034464660601819457,0.7578577185141768,0.0,0.9500000000000001,0.6000000000000001,0.30000000000000004,0.9,60.0,70.0,75.0,0.8500000000000001,0.6000000000000001,0.2,0.9,70.0,60.0,85.0,10711,7821,2890,10711,0.2698160769302586,0.4630726696070828,0.5,0.9261453392141656,2743,0.35072241401355325,1.0,1
"iteration_4","SCOPE_DATA_COLLECTION",1700,11,730.0,790.0,1,10649,7170,2292,10640,7137,2283,5272,3377,974,5399,3814,1328,0.505950707525068,0.5303852037268808,0.576889661164205,0.5801667003249946,1.0731024436443868,1.6851815575629545,1.1603334006499892,1.0731024436443868,1.1234543717086363,0.5318664643399089,0.6034942256440627,0.635523613963039,97.5,100.0,5716,13649,746,197,10344,0,0.034464660601819457,0.7578577185141768,0.0,0.9500000000000001,0.6000000000000001,0.30000000000000004,0.9,60.0,70.0,75.0,0.8500000000000001,0.6000000000000001,0.2,0.9,70.0,60.0,85.0,7232,5223,2009,7232,0.27779314159292035,0.7844689518123426,1.0,0.7844689518123426,1995,0.3819643882825962,1.0,1
"iteration_4","SCOPE_DATA_COLLECTION",1700,11,730.0,790.0,2,10649,7170,2292,10640,7137,2283,5272,3377,974,5399,3814,1328,0.505950707525068,0.5303852037268808,0.576889661164205,0.5801667003249946,1.0731024436443868,1.6851815575629545,1.1603334006499892,1.0731024436443868,1.1234543717086363,0.5318664643399089,0.6034942256440627,0.635523613963039,97.5,100.0,5716,13649,746,197,10344,0,0.034464660601819457,0.7578577185141768,0.0,0.9500000000000001,0.6000000000000001,0.30000000000000004,0.9,60.0,70.0,75.0,0.8500000000000001,0.6000000000000001,0.2,0.9,70.0,60.0,85.0,2252,1570,682,2252,0.302841918294849,1.2107850411073562,1.5,0.8071900274049041,597,0.3802547770700637,1.0,1
"iteration_4","SCOPE_DATA_COLLECTION",1700,12,790.0,850.0,0,10711,7232,2252,10649,7170,2292,7851,5235,1563,2840,1968,672,0.2656439996258535,0.273219491878384,0.3006711409395973,0.4656446903794499,0.7874798614989409,1.208299205081657,0.9312893807588998,0.7874798614989409,0.8055328033877713,0.353712902814928,0.38433619866284624,0.37875879718490085,100.0,100.0,5631,12342,2222,122,5358,0,0.021665778724915645,0.43412736995624696,0.0,0.8500000000000001,0.6000000000000001,0.2,0.9,70.0,60.0,85.0,0.9500000000000001,0.6000000000000001,0.2,0.9,60.0,70.0,85.0,10596,5111,5485,10596,0.5176481691204228,0.6843198515465615,0.5,1.368639703093123,2929,0.5730776756016435,1.0,1
"iteration_4","SCOPE_DATA_COLLECTION",1700,12,790.0,850.0,1,10711,7232,2252,10649,7170,2292,7851,5235,1563,2840,1968,672,0.2656439996258535,0.273219491878384,0.3006711409395973,0.4656446903794499,0.7874798614989409,1.208299205081657,0.9312893807588998,0.7874798614989409,0.8055328033877713,0.353712902814928,0.38433619866284624,0.37875879718490085,100.0,100.0,5631,12342,2222,122,5358,0,0.021665778724915645,0.43412736995624696,0.0,0.8500000000000001,0.6000000000000001,0.2,0.9,70.0,60.0,85.0,0.9500000000000001,0.6000000000000001,0.2,0.9,60.0,70.0,85.0,7130,3348,3782,7130,0.5304347826086957,1.1165723476307083,1.0,1.1165723476307083,2005,0.5988649940262843,1.0,1
"iteration_4","SCOPE_DATA_COLLECTION",1700,12,790.0,850.0,2,10711,7232,2252,10649,7170,2292,7851,5235,1563,2840,1968,672,0.2656439996258535,0.273219491878384,0.3006711409395973,0.4656446903794499,0.7874798614989409,1.208299205081657,0.9312893807588998,0.7874798614989409,0.8055328033877713,0.353712902814928,0.38433619866284624,0.37875879718490085,100.0,100.0,5631,12342,2222,122,5358,0,0.021665778724915645,0.43412736995624696,0.0,0.8500000000000001,0.6000000000000001,0.2,0.9,70.0,60.0,85.0,0.9500000000000001,0.6000000000000001,0.2,0.9,60.0,70.0,85.0,2247,1006,1241,2247,0.5522919448153093,1.7490969146804236,1.5,1.1660646097869491,643,0.6391650099403579,1.0,1
"iteration_4","SCOPE_DATA_COLLECTION",1700,13,850.0,910.0,0,10596,7130,2247,10711,7232,2252,5031,3301,1006,5537,3816,1244,0.5239401968205905,0.5361809751299705,0.5528888888888889,0.5922746460268704,1.0551985752421866,1.702777645082844,1.1845492920537408,1.0551985752421866,1.135185096721896,0.5658914728682171,0.5910330202968798,0.6381709741550696,97.5,100.0,5703,13523,747,150,10447,0,0.026301946344029457,0.7725356799526732,0.0,0.9500000000000001,0.6000000000000001,0.2,0.9,60.0,70.0,85.0,0.4,0.7000000000000001,0.6000000000000001,0.30000000000000004,50.0,25.0,65.0,10657,6019,4638,10657,0.43520690625879704,0.45785656202689623,0.5,0.9157131240537925,2618,0.434955972752949,1.0,1
"iteration_4","SCOPE_DATA_COLLECTION",1700,13,850.0,910.0,1,10596,7130,2247,10711,7232,2252,5031,3301,1006,5537,3816,1244,0.5239401968205905,0.5361809751299705,0.5528888888888889,0.5922746460268704,1.0551985752421866,1.702777645082844,1.1845492920537408,1.0551985752421866,1.135185096721896,0.5658914728682171,0.5910330202968798,0.6381709741550696,97.5,100.0,5703,13523,747,150,10447,0,0.026301946344029457,0.7725356799526732,0.0,0.9500000000000001,0.6000000000000001,0.2,0.9,60.0,70.0,85.0,0.4,0.7000000000000001,0.6000000000000001,0.30000000000000004,50.0,25.0,65.0,7172,3916,3256,7172,0.4539877300613497,0.8921719018717955,1.0,0.8921719018717955,1885,0.4813585291113381,1.0,1
"iteration_4","SCOPE_DATA_COLLECTION",1700,13,850.0,910.0,2,10596,7130,2247,10711,7232,2252,5031,3301,1006,5537,3816,1244,0.5239401968205905,0.5361809751299705,0.5528888888888889,0.5922746460268704,1.0551985752421866,1.702777645082844,1.1845492920537408,1.0551985752421866,1.135185096721896,0.5658914728682171,0.5910330202968798,0.6381709741550696,97.5,100.0,5703,13523,747,150,10447,0,0.026301946344029457,0.7725356799526732,0.0,0.9500000000000001,0.6000000000000001,0.2,0.9,60.0,70.0,85.0,0.4,0.7000000000000001,0.6000000000000001,0.30000000000000004,50.0,25.0,65.0,2272,1250,1022,2272,0.4498239436619718,1.303292389295841,1.5,0.868861592863894,602,0.4816,1.0,1
"iteration_4","SCOPE_DATA_COLLECTION",1700,14,910.0,970.0,0,10657,7172,2272,10596,7130,2247,6075,3940,1257,4638,3264,1029,0.4329319518342201,0.45308162132148805,0.45013123359580054,0.5349587971461623,0.9400719704635958,1.347230164194113,1.0699175942923247,0.9400719704635958,0.8981534427960752,0.44065843621399176,0.4857868020304569,0.48528241845664283,97.5,100.0,5685,5768,8648,181,162,8588,0.03183817062445031,0.02808599167822469,0.9930619796484736,0.4,0.7000000000000001,0.6000000000000001,0.30000000000000004,50.0,25.0,65.0,0.4,0.7000000000000001,0.6000000000000001,0.30000000000000004,50.0,25.0,65.0,10689,5992,4697,10689,0.4394237066142764,0.44637998780712157,0.5,0.8927599756142431,2565,0.4280707610146863,1.0,1
"iteration_4","SCOPE_DATA_COLLECTION",1700,14,910.0,970.0,1,10657,7172,2272,10596,7130,2247,6075,3940,1257,4638,3264,1029,0.4329319518342201,0.45308162132148805,0.45013123359580054,0.5349587971461623,0.9400719704635958,1.347230164194113,1.0699175942923247,0.9400719704635958,0.8981534427960752,0.44065843621399176,0.4857868020304569,0.48528241845664283,97.5,100.0,5685,5768,8648,181,162,8588,0.03183817062445031,0.02808599167822469,0.9930619796484736,0.4,0.7000000000000001,0.6000000000000001,0.30000000000000004,50.0,25.0,65.0,0.4,0.7000000000000001,0.6000000000000001,0.30000000000000004,50.0,25.0,65.0,7186,4044,3142,7186,0.4372390759810743,0.9129723597917827,1.0,0.9129723597917827,1979,0.4893669634025717,1.0,1
"iteration_4","SCOPE_DATA_COLLECTION",1700,14,910.0,970.0,2,10657,7172,2272,10596,7130,2247,6075,3940,1257,4638,3264,1029,0.4329319518342201,0.45308162132148805,0.45013123359580054,0.5349587971461623,0.9400719704635958,1.347230164194113,1.0699175942923247,0.9400719704635958,0.8981534427960752,0.44065843621399176,0.4857868020304569,0.48528241845664283,97.5,100.0,5685,5768,8648,181,162,8588,0.03183817062445031,0.02808599167822469,0.9930619796484736,0.4,0.7000000000000001,0.6000000000000001,0.30000000000000004,50.0,25.0,65.0,0.4,0.7000000000000001,0.6000000000000001,0.30000000000000004,50.0,25.0,65.0,2233,1239,994,2233,0.445141065830721,1.3205188303226343,1.5,0.8803458868817562,599,0.483454398708636,1.0,1
"iteration_4","SCOPE_DATA_COLLECTION",1700,15,970.0,1030.0,0,10689,7186,2233,10657,7172,2272,5987,4050,1237,4697,3142,994,0.43962935230250844,0.4368743047830923,0.4455401165396683,0.4469295599775067,0.9170335322875003,1.322908257214551,0.8938591199550134,0.9170335322875003,0.881938838143034,0.4282612326707867,0.49061728395061727,0.4850444624090542,92.5,100.0,5741,5743,8624,205,4,8624,0.03570806479707368,6.965000870625109E-4,1.0,0.4,0.7000000000000001,0.6000000000000001,0.30000000000000004,50.0,25.0,65.0,0.4,0.1,0.7000000000000001,0.2,70.0,65.0,35.0,10855,6213,4642,10855,0.42763703362505756,0.39227791331154277,0.5,0.7845558266230855,2398,0.38596491228070173,1.0,1
"iteration_4","SCOPE_DATA_COLLECTION",1700,15,970.0,1030.0,1,10689,7186,2233,10657,7172,2272,5987,4050,1237,4697,3142,994,0.43962935230250844,0.4368743047830923,0.4455401165396683,0.4469295599775067,0.9170335322875003,1.322908257214551,0.8938591199550134,0.9170335322875003,0.881938838143034,0.4282612326707867,0.49061728395061727,0.4850444624090542,92.5,100.0,5741,5743,8624,205,4,8624,0.03570806479707368,6.965000870625109E-4,1.0,0.4,0.7000000000000001,0.6000000000000001,0.30000000000000004,50.0,25.0,65.0,0.4,0.1,0.7000000000000001,0.2,70.0,65.0,35.0,7291,4120,3171,7291,0.43491976409271704,0.9043182178812549,1.0,0.9043182178812549,2045,0.4963592233009709,1.0,1
"iteration_4","SCOPE_DATA_COLLECTION",1700,15,970.0,1030.0,2,10689,7186,2233,10657,7172,2272,5987,4050,1237,4697,3142,994,0.43962935230250844,0.4368743047830923,0.4455401165396683,0.4469295599775067,0.9170335322875003,1.322908257214551,0.8938591199550134,0.9170335322875003,0.881938838143034,0.4282612326707867,0.49061728395061727,0.4850444624090542,92.5,100.0,5741,5743,8624,205,4,8624,0.03570806479707368,6.965000870625109E-4,1.0,0.4,0.7000000000000001,0.6000000000000001,0.30000000000000004,50.0,25.0,65.0,0.4,0.1,0.7000000000000001,0.2,70.0,65.0,35.0,2152,1199,953,2152,0.44284386617100374,1.2877729109209857,1.5,0.8585152739473237,563,0.469557964970809,1.0,1
"iteration_4","SCOPE_DATA_COLLECTION",1700,16,1030.0,1090.0,0,10855,7291,2152,10689,7186,2233,6216,4111,1198,4642,3171,952,0.4275188800884141,0.43545729195276023,0.4427906976744186,0.3934202467746063,0.9004506381668321,1.289539342032717,0.7868404935492126,0.9004506381668321,0.859692894688478,0.3872265122265122,0.4959863780102165,0.4699499165275459,95.0,100.0,5951,5707,8640,117,8,8640,0.019660561250210047,0.0014017872787804452,1.0,0.4,0.1,0.7000000000000001,0.2,70.0,65.0,35.0,0.5,0.2,0.7000000000000001,0.30000000000000004,80.0,55.0,45.0,10620,6877,3743,10620,0.3524482109227872,0.39265512831216987,0.5,0.7853102566243397,2619,0.38083466627890067,1.0,1
"iteration_4","SCOPE_DATA_COLLECTION",1700,16,1030.0,1090.0,1,10855,7291,2152,10689,7186,2233,6216,4111,1198,4642,3171,952,0.4275188800884141,0.43545729195276023,0.4427906976744186,0.3934202467746063,0.9004506381668321,1.289539342032717,0.7868404935492126,0.9004506381668321,0.859692894688478,0.3872265122265122,0.4959863780102165,0.4699499165275459,95.0,100.0,5951,5707,8640,117,8,8640,0.019660561250210047,0.0014017872787804452,1.0,0.4,0.1,0.7000000000000001,0.2,70.0,65.0,35.0,0.5,0.2,0.7000000000000001,0.30000000000000004,80.0,55.0,45.0,7049,4434,2615,7049,0.3709746063271386,0.8184374062975822,1.0,0.8184374062975822,1913,0.4314388813712224,1.0,1
"iteration_4","SCOPE_DATA_COLLECTION",1700,16,1030.0,1090.0,2,10855,7291,2152,10689,7186,2233,6216,4111,1198,4642,3171,952,0.4275188800884141,0.43545729195276023,0.4427906976744186,0.3934202467746063,0.9004506381668321,1.289539342032717,0.7868404935492126,0.9004506381668321,0.859692894688478,0.3872265122265122,0.4959863780102165,0.4699499165275459,95.0,100.0,5951,5707,8640,117,8,8640,0.019660561250210047,0.0014017872787804452,1.0,0.4,0.1,0.7000000000000001,0.2,70.0,65.0,35.0,0.5,0.2,0.7000000000000001,0.30000000000000004,80.0,55.0,45.0,2267,1389,878,2267,0.38729598588442876,1.2082141365712646,1.5,0.8054760910475097,595,0.42836573074154066,1.0,1
"iteration_4","SCOPE_DATA_COLLECTION",1700,17,1090.0,1150.0,0,10620,7049,2267,10855,7291,2152,6895,4442,1381,3743,2615,878,0.35185185185185186,0.37055405979878137,0.3886675520141656,0.3933453534570211,0.8227736241675656,1.202986257214765,0.7866907069140422,0.8227736241675656,0.8019908381431766,0.3815808556925308,0.43291310220621343,0.4265025343953657,100.0,100.0,5845,7022,7069,154,13,7069,0.026347305389221556,0.001851324409000285,1.0,0.5,0.2,0.7000000000000001,0.30000000000000004,80.0,55.0,45.0,0.75,0.30000000000000004,0.9,0.8,45.0,25.0,65.0,10431,9713,718,10431,0.06883328539929058,0.346969294775829,0.5,0.693938589551658,2632,0.2709770410789663,1.0,1
"iteration_4","SCOPE_DATA_COLLECTION",1700,17,1090.0,1150.0,1,10620,7049,2267,10855,7291,2152,6895,4442,1381,3743,2615,878,0.35185185185185186,0.37055405979878137,0.3886675520141656,0.3933453534570211,0.8227736241675656,1.202986257214765,0.7866907069140422,0.8227736241675656,0.8019908381431766,0.3815808556925308,0.43291310220621343,0.4265025343953657,100.0,100.0,5845,7022,7069,154,13,7069,0.026347305389221556,0.001851324409000285,1.0,0.5,0.2,0.7000000000000001,0.30000000000000004,80.0,55.0,45.0,0.75,0.30000000000000004,0.9,0.8,45.0,25.0,65.0,7134,6541,593,7134,0.08312307261003644,0.7086937268183295,1.0,0.7086937268183295,2078,0.317688426846048,1.0,1
"iteration_4","SCOPE_DATA_COLLECTION",1700,17,1090.0,1150.0,2,10620,7049,2267,10855,7291,2152,6895,4442,1381,3743,2615,878,0.35185185185185186,0.37055405979878137,0.3886675520141656,0.3933453534570211,0.8227736241675656,1.202986257214765,0.7866907069140422,0.8227736241675656,0.8019908381431766,0.3815808556925308,0.43291310220621343,0.4265025343953657,100.0,100.0,5845,7022,7069,154,13,7069,0.026347305389221556,0.001851324409000285,1.0,0.5,0.2,0.7000000000000001,0.30000000000000004,80.0,55.0,45.0,0.75,0.30000000000000004,0.9,0.8,45.0,25.0,65.0,2223,1976,247,2223,0.1111111111111111,1.0191692200104787,1.5,0.6794461466736524,575,0.2909919028340081,1.0,1
"iteration_4","SCOPE_DATA_COLLECTION",1700,18,1150.0,1210.0,0,10431,7134,2223,10620,7049,2267,9705,6508,1974,718,593,248,0.06888611724071764,0.08350936487818617,0.1116111611161116,0.34723719984223667,0.7059130740861826,1.0239506820321451,0.6944743996844733,0.7059130740861826,0.68263378802143,0.27109737248840804,0.3171481253841426,0.2938196555217832,100.0,100.0,5774,10527,3487,202,1216,141,0.034984412885348114,0.11551249168804027,0.04043590478921709,0.75,0.30000000000000004,0.9,0.8,45.0,25.0,65.0,0.65,0.2,0.9,0.9,45.0,35.0,65.0,10701,9201,1500,10701,0.14017381553125877,0.39157553459392064,0.5,0.7831510691878413,2707,0.2942071513965873,1.0,1
"iteration_4","SCOPE_DATA_COLLECTION",1700,18,1150.0,1210.0,1,10431,7134,2223,10620,7049,2267,9705,6508,1974,718,593,248,0.06888611724071764,0.08350936487818617,0.1116111611161116,0.34723719984223667,0.7059130740861826,1.0239506820321451,0.6944743996844733,0.7059130740861826,0.68263378802143,0.27109737248840804,0.3171481253841426,0.2938196555217832,100.0,100.0,5774,10527,3487,202,1216,141,0.034984412885348114,0.11551249168804027,0.04043590478921709,0.75,0.30000000000000004,0.9,0.8,45.0,25.0,65.0,0.65,0.2,0.9,0.9,45.0,35.0,65.0,7149,6038,1111,7149,0.15540635053853685,0.762914995145317,1.0,0.762914995145317,2067,0.3423318979794634,1.0,1
"iteration_4","SCOPE_DATA_COLLECTION",1700,18,1150.0,1210.0,2,10431,7134,2223,10620,7049,2267,9705,6508,1974,718,593,248,0.06888611724071764,0.08350936487818617,0.1116111611161116,0.34723719984223667,0.7059130740861826,1.0239506820321451,0.6944743996844733,0.7059130740861826,0.68263378802143,0.27109737248840804,0.3171481253841426,0.2938196555217832,100.0,100.0,5774,10527,3487,202,1216,141,0.034984412885348114,0.11551249168804027,0.04043590478921709,0.75,0.30000000000000004,0.9,0.8,45.0,25.0,65.0,0.65,0.2,0.9,0.9,45.0,35.0,65.0,2358,1940,418,2358,0.17726887192536048,1.1023802151372584,1.5,0.7349201434248389,645,0.3324742268041237,1.0,1
"iteration_4","SCOPE_DATA_COLLECTION",1700,19,1210.0,1270.0,0,10701,7149,2358,10431,7134,2223,9189,6058,1950,1494,1105,416,0.13984835720303285,0.1542649727767695,0.17582417582417584,0.39018761070578617,0.762336904756777,1.1006095874961348,0.7803752214115723,0.762336904756777,0.7337397249974232,0.29339427576450106,0.3416969296797623,0.33179487179487177,100.0,100.0,5928,9310,4970,272,8,2735,0.04588394062078273,8.592910848549946E-4,0.5503018108651911,0.65,0.2,0.9,0.9,45.0,35.0,65.0,0.5,0.6000000000000001,0.4,0.5,35.0,25.0,75.0,10454,6688,3766,10454,0.3602448823416874,0.40239466823379555,0.5,0.8047893364675911,2539,0.37963516746411485,1.0,1
"iteration_4","SCOPE_DATA_COLLECTION",1700,19,1210.0,1270.0,1,10701,7149,2358,10431,7134,2223,9189,6058,1950,1494,1105,416,0.13984835720303285,0.1542649727767695,0.17582417582417584,0.39018761070578617,0.762336904756777,1.1006095874961348,0.7803752214115723,0.762336904756777,0.7337397249974232,0.29339427576450106,0.3416969296797623,0.33179487179487177,100.0,100.0,5928,9310,4970,272,8,2735,0.04588394062078273,8.592910848549946E-4,0.5503018108651911,0.65,0.2,0.9,0.9,45.0,35.0,65.0,0.5,0.6000000000000001,0.4,0.5,35.0,25.0,75.0,7224,4565,2659,7224,0.36807862679955705,0.7958895070096585,1.0,0.7958895070096585,1926,0.42190580503833514,1.0,1
"iteration_4","SCOPE_DATA_COLLECTION",1700,19,1210.0,1270.0,2,10701,7149,2358,10431,7134,2223,9189,6058,1950,1494,1105,416,0.13984835720303285,0.1542649727767695,0.17582417582417584,0.39018761070578617,0.762336904756777,1.1006095874961348,0.7803752214115723,0.762336904756777,0.7337397249974232,0.29339427576450106,0.3416969296797623,0.33179487179487177,100.0,100.0,5928,9310,4970,272,8,2735,0.04588394062078273,8.592910848549946E-4,0.5503018108651911,0.65,0.2,0.9,0.9,45.0,35.0,65.0,0.5,0.6000000000000001,0.4,0.5,35.0,25.0,75.0,2336,1407,929,2336,0.3976883561643836,1.2109651260332315,1.5,0.8073100840221543,594,0.42217484008528783,1.0,1
"iteration_4","SCOPE_DATA_COLLECTION",1700,20,1270.0,1330.0,0,10454,7224,2336,10701,7149,2358,6708,4583,1402,3772,2665,931,0.3599236641221374,0.3676876379690949,0.39905700814402056,0.40357778162354324,0.7975766852254359,1.2095912427128346,0.8071555632470865,0.7975766852254359,0.8063941618085564,0.3798449612403101,0.4222125245472398,0.42082738944365194,100.0,100.0,5723,7129,7162,185,7,7176,0.032325703302463746,9.819048954972647E-4,1.0019547612398771,0.5,0.6000000000000001,0.4,0.5,35.0,25.0,75.0,0.35000000000000003,0.2,0.1,0.30000000000000004,60.0,35.0,30.0,10519,5517,5002,10519,0.4755204867382831,0.3876978008294151,0.5,0.7753956016588301,2169,0.3931484502446982,1.0,1
"iteration_4","SCOPE_DATA_COLLECTION",1700,20,1270.0,1330.0,1,10454,7224,2336,10701,7149,2358,6708,4583,1402,3772,2665,931,0.3599236641221374,0.3676876379690949,0.39905700814402056,0.40357778162354324,0.7975766852254359,1.2095912427128346,0.8071555632470865,0.7975766852254359,0.8063941618085564,0.3798449612403101,0.4222125245472398,0.42082738944365194,100.0,100.0,5723,7129,7162,185,7,7176,0.032325703302463746,9.819048954972647E-4,1.0019547612398771,0.5,0.6000000000000001,0.4,0.5,35.0,25.0,75.0,0.35000000000000003,0.2,0.1,0.30000000000000004,60.0,35.0,30.0,7169,3771,3398,7169,0.4739852141163342,0.8087192269512428,1.0,0.8087192269512428,1910,0.5064969504110316,1.0,1
"iteration_4","SCOPE_DATA_COLLECTION",1700,20,1270.0,1330.0,2,10454,7224,2336,10701,7149,2358,6708,4583,1402,3772,2665,931,0.3599236641221374,0.3676876379690949,0.39905700814402056,0.40357778162354324,0.7975766852254359,1.2095912427128346,0.8071555632470865,0.7975766852254359,0.8063941618085564,0.3798449612403101,0.4222125245472398,0.42082738944365194,100.0,100.0,5723,7129,7162,185,7,7176,0.032325703302463746,9.819048954972647E-4,1.0019547612398771,0.5,0.6000000000000001,0.4,0.5,35.0,25.0,75.0,0.35000000000000003,0.2,0.1,0.30000000000000004,60.0,35.0,30.0,2306,1203,1103,2306,0.47831743278404165,1.2819661162323497,1.5,0.8546440774882331,586,0.48711554447215294,1.0,1
"iteration_4","SCOPE_DATA_COLLECTION",1700,21,1330.0,1390.0,0,10519,7169,2306,10454,7224,2336,5509,3766,1211,5002,3398,1103,0.4758824089049567,0.47431602456728084,0.4766637856525497,0.38682584687552063,0.8140547254654458,1.2816274086487427,0.7736516937510413,0.8140547254654458,0.8544182724324951,0.39244872027591216,0.5079660116834838,0.48554913294797686,97.5,100.0,5529,5024,9441,57,5,9441,0.010309278350515464,9.952229299363057E-4,1.0,0.35000000000000003,0.2,0.1,0.30000000000000004,60.0,35.0,30.0,0.35000000000000003,0.2,0.2,0.30000000000000004,70.0,35.0,30.0,10669,5700,4969,10669,0.46574186896616365,0.3970135733725785,0.5,0.794027146745157,2254,0.3954385964912281,1.0,1
"iteration_4","SCOPE_DATA_COLLECTION",1700,21,1330.0,1390.0,1,10519,7169,2306,10454,7224,2336,5509,3766,1211,5002,3398,1103,0.4758824089049567,0.47431602456728084,0.4766637856525497,0.38682584687552063,0.8140547254654458,1.2816274086487427,0.7736516937510413,0.8140547254654458,0.8544182724324951,0.39244872027591216,0.5079660116834838,0.48554913294797686,97.5,100.0,5529,5024,9441,57,5,9441,0.010309278350515464,9.952229299363057E-4,1.0,0.35000000000000003,0.2,0.1,0.30000000000000004,60.0,35.0,30.0,0.35000000000000003,0.2,0.2,0.30000000000000004,70.0,35.0,30.0,7247,3808,3439,7247,0.4745411894577066,0.8512400972021694,1.0,0.8512400972021694,1920,0.5042016806722689,1.0,1
"iteration_4","SCOPE_DATA_COLLECTION",1700,21,1330.0,1390.0,2,10519,7169,2306,10454,7224,2336,5509,3766,1211,5002,3398,1103,0.4758824089049567,0.47431602456728084,0.4766637856525497,0.38682584687552063,0.8140547254654458,1.2816274086487427,0.7736516937510413,0.8140547254654458,0.8544182724324951,0.39244872027591216,0.5079660116834838,0.48554913294797686,97.5,100.0,5529,5024,9441,57,5,9441,0.010309278350515464,9.952229299363057E-4,1.0,0.35000000000000003,0.2,0.1,0.30000000000000004,60.0,35.0,30.0,0.35000000000000003,0.2,0.2,0.30000000000000004,70.0,35.0,30.0,2321,1240,1081,2321,0.46574752261956054,1.3114743132554163,1.5,0.8743162088369442,606,0.48870967741935484,1.0,1
"iteration_4","SCOPE_DATA_COLLECTION",1700,22,1390.0,1450.0,0,10669,7247,2321,10519,7169,2306,5691,3817,1234,4969,3439,1081,0.46613508442776735,0.47395259095920617,0.46695464362850975,0.39702945485336505,0.848170420289155,1.3062334066654102,0.7940589097067301,0.848170420289155,0.8708222711102734,0.39413108416798454,0.5027508514540214,0.4862236628849271,97.5,100.0,5639,5208,9390,95,4,9390,0.01684695868061713,7.680491551459293E-4,1.0,0.35000000000000003,0.2,0.2,0.30000000000000004,70.0,35.0,30.0,0.65,0.7000000000000001,0.30000000000000004,0.2,20.0,95.0,65.0,10535,8899,1636,10535,0.1552918841955387,0.3905874347275465,0.5,0.781174869455093,2747,0.30868636925497245,1.0,1
"iteration_4","SCOPE_DATA_COLLECTION",1700,22,1390.0,1450.0,1,10669,7247,2321,10519,7169,2306,5691,3817,1234,4969,3439,1081,0.46613508442776735,0.47395259095920617,0.46695464362850975,0.39702945485336505,0.848170420289155,1.3062334066654102,0.7940589097067301,0.848170420289155,0.8708222711102734,0.39413108416798454,0.5027508514540214,0.4862236628849271,97.5,100.0,5639,5208,9390,95,4,9390,0.01684695868061713,7.680491551459293E-4,1.0,0.35000000000000003,0.2,0.2,0.30000000000000004,70.0,35.0,30.0,0.65,0.7000000000000001,0.30000000000000004,0.2,20.0,95.0,65.0,7321,6121,1200,7321,0.16391203387515366,0.7237042401133389,1.0,0.7237042401133389,2066,0.3375265479496814,1.0,1
"iteration_4","SCOPE_DATA_COLLECTION",1700,22,1390.0,1450.0,2,10669,7247,2321,10519,7169,2306,5691,3817,1234,4969,3439,1081,0.46613508442776735,0.47395259095920617,0.46695464362850975,0.39702945485336505,0.848170420289155,1.3062334066654102,0.7940589097067301,0.848170420289155,0.8708222711102734,0.39413108416798454,0.5027508514540214,0.4862236628849271,97.5,100.0,5639,5208,9390,95,4,9390,0.01684695868061713,7.680491551459293E-4,1.0,0.35000000000000003,0.2,0.2,0.30000000000000004,70.0,35.0,30.0,0.65,0.7000000000000001,0.30000000000000004,0.2,20.0,95.0,65.0,2293,1857,436,2293,0.19014391626689925,1.0470008230132188,1.5,0.6980005486754792,593,0.3193322563274098,1.0,1
"iteration_4","SCOPE_DATA_COLLECTION",1700,23,1450.0,1510.0,0,10535,7321,2293,10669,7247,2321,8887,6091,1849,1626,1187,432,0.15466565204984306,0.16309425666391866,0.18939061814993424,0.3856794817206427,0.7222297806506953,1.0478134233490815,0.7713589634412854,0.7222297806506953,0.698542282232721,0.30977832789467763,0.3378755540962075,0.3207138994050838,100.0,100.0,5672,9410,5067,171,5,3069,0.03014809590973202,5.313496280552603E-4,0.605683836589698,0.65,0.7000000000000001,0.30000000000000004,0.2,20.0,95.0,65.0,0.65,0.7000000000000001,0.30000000000000004,0.30000000000000004,20.0,95.0,65.0,10414,9044,1370,10414,0.1315536777415018,0.4053657069182227,0.5,0.8107314138364454,2806,0.3102609464838567,1.0,1
"iteration_4","SCOPE_DATA_COLLECTION",1700,23,1450.0,1510.0,1,10535,7321,2293,10669,7247,2321,8887,6091,1849,1626,1187,432,0.15466565204984306,0.16309425666391866,0.18939061814993424,0.3856794817206427,0.7222297806506953,1.0478134233490815,0.7713589634412854,0.7222297806506953,0.698542282232721,0.30977832789467763,0.3378755540962075,0.3207138994050838,100.0,100.0,5672,9410,5067,171,5,3069,0.03014809590973202,5.313496280552603E-4,0.605683836589698,0.65,0.7000000000000001,0.30000000000000004,0.2,20.0,95.0,65.0,0.65,0.7000000000000001,0.30000000000000004,0.30000000000000004,20.0,95.0,65.0,7190,6153,1037,7190,0.14422809457579971,0.6927688807817176,1.0,0.6927688807817176,1970,0.32016902324069557,1.0,1
"iteration_4","SCOPE_DATA_COLLECTION",1700,23,1450.0,1510.0,2,10535,7321,2293,10669,7247,2321,8887,6091,1849,1626,1187,432,0.15466565204984306,0.16309425666391866,0.18939061814993424,0.3856794817206427,0.7222297806506953,1.0478134233490815,0.7713589634412854,0.7222297806506953,0.698542282232721,0.30977832789467763,0.3378755540962075,0.3207138994050838,100.0,100.0,5672,9410,5067,171,5,3069,0.03014809590973202,5.313496280552603E-4,0.605683836589698,0.65,0.7000000000000001,0.30000000000000004,0.2,20.0,95.0,65.0,0.65,0.7000000000000001,0.30000000000000004,0.30000000000000004,20.0,95.0,65.0,2303,1918,385,2303,0.16717325227963525,1.06065054009073,1.5,0.7071003600604867,627,0.32690302398331594,1.0,1
"iteration_4","SCOPE_DATA_COLLECTION",1700,24,1510.0,1570.0,0,10414,7190,2303,10535,7321,2293,9034,6185,1914,1375,1041,383,0.1320972235565376,0.1440631054525325,0.16673922507618633,0.40088417258224307,0.6941651672266755,1.0578261812665042,0.8017683451644861,0.6941651672266755,0.7052174541776695,0.3085012176223157,0.3214227970897332,0.32601880877742945,100.0,100.0,5640,9291,4976,151,107,2541,0.02677304964539007,0.011516521364761598,0.5106511254019293,0.65,0.7000000000000001,0.30000000000000004,0.30000000000000004,20.0,95.0,65.0,0.65,0.8,0.4,0.4,20.0,85.0,55.0,10700,9360,1340,10700,0.1252336448598131,0.39203459437658766,0.5,0.7840691887531753,2987,0.3191239316239316,1.0,1
"iteration_4","SCOPE_DATA_COLLECTION",1700,24,1510.0,1570.0,1,10414,7190,2303,10535,7321,2293,9034,6185,1914,1375,1041,383,0.1320972235565376,0.1440631054525325,0.16673922507618633,0.40088417258224307,0.6941651672266755,1.0578261812665042,0.8017683451644861,0.6941651672266755,0.7052174541776695,0.3085012176223157,0.3214227970897332,0.32601880877742945,100.0,100.0,5640,9291,4976,151,107,2541,0.02677304964539007,0.011516521364761598,0.5106511254019293,0.65,0.7000000000000001,0.30000000000000004,0.30000000000000004,20.0,95.0,65.0,0.65,0.8,0.4,0.4,20.0,85.0,55.0,7101,6118,983,7101,0.1384312068722715,0.692406823989986,1.0,0.692406823989986,1951,0.3188950637463223,1.0,1
"iteration_4","SCOPE_DATA_COLLECTION",1700,24,1510.0,1570.0,2,10414,7190,2303,10535,7321,2293,9034,6185,1914,1375,1041,383,0.1320972235565376,0.1440631054525325,0.16673922507618633,0.40088417258224307,0.6941651672266755,1.0578261812665042,0.8017683451644861,0.6941651672266755,0.7052174541776695,0.3085012176223157,0.3214227970897332,0.32601880877742945,100.0,100.0,5640,9291,4976,151,107,2541,0.02677304964539007,0.011516521364761598,0.5106511254019293,0.65,0.7000000000000001,0.30000000000000004,0.30000000000000004,20.0,95.0,65.0,0.65,0.8,0.4,0.4,20.0,85.0,55.0,2257,1898,359,2257,0.1590607000443066,1.0472522644611304,1.5,0.6981681763074202,587,0.30927291886195996,1.0,1
"iteration_4","SCOPE_DATA_COLLECTION",1700,25,1570.0,1630.0,0,10700,7101,2257,10414,7190,2303,9386,6117,1911,1345,992,365,0.12533780635541888,0.1395414263609509,0.16036906854130054,0.4012743703914251,0.6927738293110108,1.0505828780895536,0.8025487407828502,0.6927738293110108,0.7003885853930357,0.3206903899424675,0.3181298021906163,0.31030873888016747,100.0,100.0,5782,9365,4911,179,13,2510,0.030958145970252506,0.001388147357180993,0.5110975361433516,0.65,0.8,0.4,0.4,20.0,85.0,55.0,0.55,0.9,0.5,0.4,20.0,95.0,45.0,10476,7215,3261,10476,0.31128293241695304,0.4059111160207257,0.5,0.8118222320414514,2612,0.362023562023562,1.0,1
"iteration_4","SCOPE_DATA_COLLECTION",1700,25,1570.0,1630.0,1,10700,7101,2257,10414,7190,2303,9386,6117,1911,1345,992,365,0.12533780635541888,0.1395414263609509,0.16036906854130054,0.4012743703914251,0.6927738293110108,1.0505828780895536,0.8025487407828502,0.6927738293110108,0.7003885853930357,0.3206903899424675,0.3181298021906163,0.31030873888016747,100.0,100.0,5782,9365,4911,179,13,2510,0.030958145970252506,0.001388147357180993,0.5110975361433516,0.65,0.8,0.4,0.4,20.0,85.0,55.0,0.55,0.9,0.5,0.4,20.0,95.0,45.0,7221,4886,2335,7221,0.32336241517795317,0.774311401793901,1.0,0.774311401793901,1962,0.40155546459271385,1.0,1
"iteration_4","SCOPE_DATA_COLLECTION",1700,25,1570.0,1630.0,2,10700,7101,2257,10414,7190,2303,9386,6117,1911,1345,992,365,0.12533780635541888,0.1395414263609509,0.16036906854130054,0.4012743703914251,0.6927738293110108,1.0505828780895536,0.8025487407828502,0.6927738293110108,0.7003885853930357,0.3206903899424675,0.3181298021906163,0.31030873888016747,100.0,100.0,5782,9365,4911,179,13,2510,0.030958145970252506,0.001388147357180993,0.5110975361433516,0.65,0.8,0.4,0.4,20.0,85.0,55.0,0.55,0.9,0.5,0.4,20.0,95.0,45.0,2316,1526,790,2316,0.34110535405872194,1.158408147393616,1.5,0.7722720982624107,617,0.4043250327653997,1.0,1
"iteration_4","SCOPE_DATA_COLLECTION",1700,26,1630.0,1690.0,0,10476,7221,2316,10700,7101,2257,7215,4864,1530,3260,2334,790,0.31121718377088303,0.324256737982773,0.34051724137931033,0.40552335569171727,0.771487576426136,1.1625483379123698,0.8110467113834345,0.771487576426136,0.7750322252749132,0.362023562023562,0.3996710526315789,0.40588235294117647,100.0,100.0,5617,7963,6433,162,5,6217,0.02884101833719067,6.279040562602034E-4,0.9664231307321622,0.55,0.9,0.5,0.4,20.0,95.0,45.0,0.45,0.8,0.4,0.30000000000000004,20.0,95.0,55.0,10658,6431,4227,10658,0.3966034903358979,0.42793973319575834,0.5,0.8558794663915167,2648,0.4117555590110403,1.0,1
"iteration_4","SCOPE_DATA_COLLECTION",1700,26,1630.0,1690.0,1,10476,7221,2316,10700,7101,2257,7215,4864,1530,3260,2334,790,0.31121718377088303,0.324256737982773,0.34051724137931033,0.40552335569171727,0.771487576426136,1.1625483379123698,0.8110467113834345,0.771487576426136,0.7750322252749132,0.362023562023562,0.3996710526315789,0.40588235294117647,100.0,100.0,5617,7963,6433,162,5,6217,0.02884101833719067,6.279040562602034E-4,0.9664231307321622,0.55,0.9,0.5,0.4,20.0,95.0,45.0,0.45,0.8,0.4,0.30000000000000004,20.0,95.0,55.0,7143,4257,2886,7143,0.40403191936161276,0.8348504252023385,1.0,0.8348504252023385,1917,0.4503171247357294,1.0,1
"iteration_4","SCOPE_DATA_COLLECTION",1700,26,1630.0,1690.0,2,10476,7221,2316,10700,7101,2257,7215,4864,1530,3260,2334,790,0.31121718377088303,0.324256737982773,0.34051724137931033,0.40552335569171727,0.771487576426136,1.1625483379123698,0.8110467113834345,0.771487576426136,0.7750322252749132,0.362023562023562,0.3996710526315789,0.40588235294117647,100.0,100.0,5617,7963,6433,162,5,6217,0.02884101833719067,6.279040562602034E-4,0.9664231307321622,0.55,0.9,0.5,0.4,20.0,95.0,45.0,0.45,0.8,0.4,0.30000000000000004,20.0,95.0,55.0,2260,1297,963,2260,0.4261061946902655,1.2421750023807046,1.5,0.828116668253803,576,0.4441017733230532,1.0,1
"iteration_4","SCOPE_DATA_COLLECTION",1700,27,1690.0,1750.0,0,10658,7143,2260,10476,7221,2316,6432,4275,1288,4228,2887,963,0.39662288930581613,0.4030996928232337,0.4278098622834296,0.42728901232827743,0.8394944292987331,1.2336904731085954,0.8545780246565549,0.8394944292987331,0.8224603154057303,0.41122512437810943,0.4533333333333333,0.44021739130434784,97.5,100.0,5708,6433,7920,151,7,7920,0.026454099509460406,0.001088139281828074,1.0,0.45,0.8,0.4,0.30000000000000004,20.0,95.0,55.0,0.65,0.7000000000000001,0.1,0.1,60.0,70.0,35.0,10481,8657,1824,10481,0.1740291956874344,0.3715242060079295,0.5,0.743048412015859,2645,0.3055330946055215,1.0,1
"iteration_4","SCOPE_DATA_COLLECTION",1700,27,1690.0,1750.0,1,10658,7143,2260,10476,7221,2316,6432,4275,1288,4228,2887,963,0.39662288930581613,0.4030996928232337,0.4278098622834296,0.42728901232827743,0.8394944292987331,1.2336904731085954,0.8545780246565549,0.8394944292987331,0.8224603154057303,0.41122512437810943,0.4533333333333333,0.44021739130434784,97.5,100.0,5708,6433,7920,151,7,7920,0.026454099509460406,0.001088139281828074,1.0,0.45,0.8,0.4,0.30000000000000004,20.0,95.0,55.0,0.65,0.7000000000000001,0.1,0.1,60.0,70.0,35.0,7077,5844,1233,7077,0.17422636710470538,0.6358816943514928,1.0,0.6358816943514928,1832,0.3134839151266256,1.0,1
"iteration_4","SCOPE_DATA_COLLECTION",1700,27,1690.0,1750.0,2,10658,7143,2260,10476,7221,2316,6432,4275,1288,4228,2887,963,0.39662288930581613,0.4030996928232337,0.4278098622834296,0.42728901232827743,0.8394944292987331,1.2336904731085954,0.8545780246565549,0.8394944292987331,0.8224603154057303,0.41122512437810943,0.4533333333333333,0.44021739130434784,97.5,100.0,5708,6433,7920,151,7,7920,0.026454099509460406,0.001088139281828074,1.0,0.45,0.8,0.4,0.30000000000000004,20.0,95.0,55.0,0.65,0.7000000000000001,0.1,0.1,60.0,70.0,35.0,2360,1893,467,2360,0.19788135593220338,1.0579430847570703,1.5,0.7052953898380468,637,0.3365029054410988,1.0,1
"iteration_4","SCOPE_DATA_COLLECTION",1700,28,1750.0,1810.0,0,10481,7077,2360,10658,7143,2260,8663,5844,1894,1824,1233,465,0.17392962715743301,0.17422636710470538,0.19711742263671048,0.3712961612225748,0.6368436086854125,1.0634174017895834,0.7425923224451496,0.6368436086854125,0.708944934526389,0.3063603832390627,0.31331279945242985,0.33949313621964095,97.5,100.0,5416,9411,5091,33,235,3254,0.006093057607090104,0.024970778875783656,0.6391671577293263,0.65,0.7000000000000001,0.1,0.1,60.0,70.0,35.0,0.65,0.8,0.30000000000000004,0.2,80.0,30.0,35.0,10595,9036,1559,10595,0.14714487966021708,0.3883760995608822,0.5,0.7767521991217644,2811,0.3110889774236388,1.0,1
"iteration_4","SCOPE_DATA_COLLECTION",1700,28,1750.0,1810.0,1,10481,7077,2360,10658,7143,2260,8663,5844,1894,1824,1233,465,0.17392962715743301,0.17422636710470538,0.19711742263671048,0.3712961612225748,0.6368436086854125,1.0634174017895834,0.7425923224451496,0.6368436086854125,0.708944934526389,0.3063603832390627,0.31331279945242985,0.33949313621964095,97.5,100.0,5416,9411,5091,33,235,3254,0.006093057607090104,0.024970778875783656,0.6391671577293263,0.65,0.7000000000000001,0.1,0.1,60.0,70.0,35.0,0.65,0.8,0.30000000000000004,0.2,80.0,30.0,35.0,7113,6061,1052,7113,0.14789821453676366,0.6810602003747124,1.0,0.6810602003747124,1946,0.3210691305065171,1.0,1
"iteration_4","SCOPE_DATA_COLLECTION",1700,28,1750.0,1810.0,2,10481,7077,2360,10658,7143,2260,8663,5844,1894,1824,1233,465,0.17392962715743301,0.17422636710470538,0.19711742263671048,0.3712961612225748,0.6368436086854125,1.0634174017895834,0.7425923224451496,0.6368436086854125,0.708944934526389,0.3063603832390627,0.31331279945242985,0.33949313621964095,97.5,100.0,5416,9411,5091,33,235,3254,0.006093057607090104,0.024970778875783656,0.6391671577293263,0.65,0.7000000000000001,0.1,0.1,60.0,70.0,35.0,0.65,0.8,0.30000000000000004,0.2,80.0,30.0,35.0,2342,1948,394,2342,0.1682322801024765,1.0221813683799403,1.5,0.6814542455866269,610,0.3131416837782341,1.0,1
"iteration_4","SCOPE_DATA_COLLECTION",1700,29,1810.0,1870.0,0,10595,7113,2342,10481,7077,2360,9012,6063,1955,1559,1052,396,0.1474789518493993,0.1478566408995081,0.1684389621437686,0.3884231392027465,0.6800939349944347,1.0248167607736594,0.776846278405493,0.6800939349944347,0.6832111738491062,0.30958721704394143,0.3209632195282863,0.3135549872122762,100.0,100.0,5612,9492,4946,108,157,2742,0.01924447612259444,0.01654024441635061,0.55438738374444,0.65,0.8,0.30000000000000004,0.2,80.0,30.0,35.0,0.55,0.9,0.2,0.1,70.0,20.0,45.0,10703,7232,3471,10703,0.32430159768289263,0.3887024152725849,0.5,0.7774048305451698,2530,0.3498340707964602,1.0,1
"iteration_4","SCOPE_DATA_COLLECTION",1700,29,1810.0,1870.0,1,10595,7113,2342,10481,7077,2360,9012,6063,1955,1559,1052,396,0.1474789518493993,0.1478566408995081,0.1684389621437686,0.3884231392027465,0.6800939349944347,1.0248167607736594,0.776846278405493,0.6800939349944347,0.6832111738491062,0.30958721704394143,0.3209632195282863,0.3135549872122762,100.0,100.0,5612,9492,4946,108,157,2742,0.01924447612259444,0.01654024441635061,0.55438738374444,0.65,0.8,0.30000000000000004,0.2,80.0,30.0,35.0,0.55,0.9,0.2,0.1,70.0,20.0,45.0,7196,4845,2351,7196,0.3267092829349639,0.6977817682352636,1.0,0.6977817682352636,1845,0.38080495356037153,1.0,1
"iteration_4","SCOPE_DATA_COLLECTION",1700,29,1810.0,1870.0,2,10595,7113,2342,10481,7077,2360,9012,6063,1955,1559,1052,396,0.1474789518493993,0.1478566408995081,0.1684389621437686,0.3884231392027465,0.6800939349944347,1.0248167607736594,0.776846278405493,0.6800939349944347,0.6832111738491062,0.30958721704394143,0.3209632195282863,0.3135549872122762,100.0,100.0,5612,9492,4946,108,157,2742,0.01924447612259444,0.01654024441635061,0.55438738374444,0.65,0.8,0.30000000000000004,0.2,80.0,30.0,35.0,0.55,0.9,0.2,0.1,70.0,20.0,45.0,2342,1591,751,2342,0.32066609735269,1.1360377661091148,1.5,0.7573585107394099,641,0.40289126335637965,1.0,1
"iteration_4","SCOPE_DATA_COLLECTION",1700,30,1870.0,1930.0,0,10703,7196,2342,10595,7113,2342,7257,4848,1576,3471,2351,750,0.32354586129753915,0.3265731351576608,0.32244196044711954,0.3895088607955837,0.6973762008719729,1.1240521415610853,0.7790177215911674,0.6973762008719729,0.7493680943740569,0.3513848697809012,0.3809818481848185,0.39720812182741116,100.0,100.0,5456,8204,6581,51,6,6515,0.0093475073313783,7.313505607020966E-4,0.9899711290077495,0.55,0.9,0.2,0.1,70.0,20.0,45.0,0.65,0.9,0.2,0.1,60.0,20.0,35.0,10559,8908,1651,10559,0.15635950374088456,0.375812250519382,0.5,0.751624501038764,2689,0.30186349348899866,1.0,1
"iteration_4","SCOPE_DATA_COLLECTION",1700,30,1870.0,1930.0,1,10703,7196,2342,10595,7113,2342,7257,4848,1576,3471,2351,750,0.32354586129753915,0.3265731351576608,0.32244196044711954,0.3895088607955837,0.6973762008719729,1.1240521415610853,0.7790177215911674,0.6973762008719729,0.7493680943740569,0.3513848697809012,0.3809818481848185,0.39720812182741116,100.0,100.0,5456,8204,6581,51,6,6515,0.0093475073313783,7.313505607020966E-4,0.9899711290077495,0.55,0.9,0.2,0.1,70.0,20.0,45.0,0.65,0.9,0.2,0.1,60.0,20.0,35.0,7107,5908,1199,7107,0.16870690868158153,0.6652926495303735,1.0,0.6652926495303735,1907,0.32278266756939744,1.0,1
"iteration_4","SCOPE_DATA_COLLECTION",1700,30,1870.0,1930.0,2,10703,7196,2342,10595,7113,2342,7257,4848,1576,3471,2351,750,0.32354586129753915,0.3265731351576608,0.32244196044711954,0.3895088607955837,0.6973762008719729,1.1240521415610853,0.7790177215911674,0.6973762008719729,0.7493680943740569,0.3513848697809012,0.3809818481848185,0.39720812182741116,100.0,100.0,5456,8204,6581,51,6,6515,0.0093475073313783,7.313505607020966E-4,0.9899711290077495,0.55,0.9,0.2,0.1,70.0,20.0,45.0,0.65,0.9,0.2,0.1,60.0,20.0,35.0,2248,1845,403,2248,0.17927046263345195,1.0215714166172947,1.5,0.6810476110781964,602,0.3262872628726287,1.0,1
"iteration_4","SCOPE_DATA_COLLECTION",1700,31,1930.0,1990.0,0,10559,7107,2248,10703,7196,2342,8903,5895,1863,1643,1188,402,0.1557936658448701,0.16772554002541296,0.17748344370860927,0.37649074979785935,0.6657619272950953,1.0340944759384223,0.7529814995957187,0.6657619272950953,0.6893963172922816,0.30158373581938674,0.32196776929601356,0.33279656468062263,97.5,100.0,5496,9352,5066,60,9,3164,0.010917030567685589,9.62360992301112E-4,0.6245558626135018,0.65,0.9,0.2,0.1,60.0,20.0,35.0,0.65,0.8,0.1,0.2,50.0,20.0,35.0,10585,8564,2021,10585,0.19093056211620218,0.3817654453075166,0.5,0.7635308906150332,2618,0.30569827183559084,1.0,1
"iteration_4","SCOPE_DATA_COLLECTION",1700,31,1930.0,1990.0,1,10559,7107,2248,10703,7196,2342,8903,5895,1863,1643,1188,402,0.1557936658448701,0.16772554002541296,0.17748344370860927,0.37649074979785935,0.6657619272950953,1.0340944759384223,0.7529814995957187,0.6657619272950953,0.6893963172922816,0.30158373581938674,0.32196776929601356,0.33279656468062263,97.5,100.0,5496,9352,5066,60,9,3164,0.010917030567685589,9.62360992301112E-4,0.6245558626135018,0.65,0.9,0.2,0.1,60.0,20.0,35.0,0.65,0.8,0.1,0.2,50.0,20.0,35.0,7217,5817,1400,7217,0.19398642095053345,0.6490645412468894,1.0,0.6490645412468894,1905,0.3274883960804538,1.0,1
"iteration_4","SCOPE_DATA_COLLECTION",1700,31,1930.0,1990.0,2,10559,7107,2248,10703,7196,2342,8903,5895,1863,1643,1188,402,0.1557936658448701,0.16772554002541296,0.17748344370860927,0.37649074979785935,0.6657619272950953,1.0340944759384223,0.7529814995957187,0.6657619272950953,0.6893963172922816,0.30158373581938674,0.32196776929601356,0.33279656468062263,97.5,100.0,5496,9352,5066,60,9,3164,0.010917030567685589,9.62360992301112E-4,0.6245558626135018,0.65,0.9,0.2,0.1,60.0,20.0,35.0,0.65,0.8,0.1,0.2,50.0,20.0,35.0,2397,1902,495,2397,0.2065081351689612,1.0257111777333194,1.5,0.6838074518222129,615,0.32334384858044163,1.0,1
"iteration_4","SCOPE_DATA_COLLECTION",1700,32,1990.0,2050.0,0,10585,7217,2397,10559,7107,2248,8559,5821,1890,2022,1406,493,0.1910972497873547,0.1945482219454822,0.2068820814099874,0.3813905877773587,0.6521985168120756,1.0211783286419076,0.7627811755547174,0.6521985168120756,0.6807855524279384,0.30587685477275384,0.33001202542518465,0.32116402116402115,100.0,100.0,5482,9555,5162,51,172,3698,0.009303174024078804,0.018001046572475143,0.7163889965129795,0.65,0.8,0.1,0.2,50.0,20.0,35.0,0.65,0.8,0.1,0.2,50.0,20.0,35.0,10547,8864,1683,10547,0.15957144211624158,0.3791484512529291,0.5,0.7582969025058582,2695,0.3040388086642599,1.0,1
"iteration_4","SCOPE_DATA_COLLECTION",1700,32,1990.0,2050.0,1,10585,7217,2397,10559,7107,2248,8559,5821,1890,2022,1406,493,0.1910972497873547,0.1945482219454822,0.2068820814099874,0.3813905877773587,0.6521985168120756,1.0211783286419076,0.7627811755547174,0.6521985168120756,0.6807855524279384,0.30587685477275384,0.33001202542518465,0.32116402116402115,100.0,100.0,5482,9555,5162,51,172,3698,0.009303174024078804,0.018001046572475143,0.7163889965129795,0.65,0.8,0.1,0.2,50.0,20.0,35.0,0.65,0.8,0.1,0.2,50.0,20.0,35.0,7089,5904,1185,7089,0.16716038933559035,0.6422744815109271,1.0,0.6422744815109271,1961,0.3321476964769648,1.0,1
"iteration_4","SCOPE_DATA_COLLECTION",1700,32,1990.0,2050.0,2,10585,7217,2397,10559,7107,2248,8559,5821,1890,2022,1406,493,0.1910972497873547,0.1945482219454822,0.2068820814099874,0.3813905877773587,0.6521985168120756,1.0211783286419076,0.7627811755547174,0.6521985168120756,0.6807855524279384,0.30587685477275384,0.33001202542518465,0.32116402116402115,100.0,100.0,5482,9555,5162,51,172,3698,0.009303174024078804,0.018001046572475143,0.7163889965129795,0.65,0.8,0.1,0.2,50.0,20.0,35.0,0.65,0.8,0.1,0.2,50.0,20.0,35.0,2340,1899,441,2340,0.18846153846153846,1.0033740309286032,1.5,0.6689160206190689,586,0.30858346498156924,1.0,1
"iteration_4","SCOPE_DATA_COLLECTION",1700,33,2050.0,2110.0,0,10547,7089,2340,10585,7217,2397,8855,5897,1908,1690,1190,445,0.1602655286865813,0.16791308028785099,0.18912027199320017,0.378550766025869,0.6374950110151811,1.0055033706060073,0.757101532051738,0.6374950110151811,0.6703355804040049,0.30287972896668547,0.3289808377140919,0.30922431865828093,100.0,100.0,5418,9446,5112,43,80,3202,0.007936507936507936,0.008469193309337285,0.6263693270735524,0.65,0.8,0.1,0.2,50.0,20.0,35.0,0.75,0.7000000000000001,0.1,0.1,50.0,20.0,45.0,10568,10033,535,10568,0.05062452687358062,0.3513795878362678,0.5,0.7027591756725357,2572,0.25635403169540516,1.0,1
"iteration_4","SCOPE_DATA_COLLECTION",1700,33,2050.0,2110.0,1,10547,7089,2340,10585,7217,2397,8855,5897,1908,1690,1190,445,0.1602655286865813,0.16791308028785099,0.18912027199320017,0.378550766025869,0.6374950110151811,1.0055033706060073,0.757101532051738,0.6374950110151811,0.6703355804040049,0.30287972896668547,0.3289808377140919,0.30922431865828093,100.0,100.0,5418,9446,5112,43,80,3202,0.007936507936507936,0.008469193309337285,0.6263693270735524,0.65,0.8,0.1,0.2,50.0,20.0,35.0,0.75,0.7000000000000001,0.1,0.1,50.0,20.0,45.0,7162,6777,385,7162,0.05375593409662106,0.6006675598838596,1.0,0.6006675598838596,1914,0.2824258521469677,1.0,1
"iteration_4","SCOPE_DATA_COLLECTION",1700,33,2050.0,2110.0,2,10547,7089,2340,10585,7217,2397,8855,5897,1908,1690,1190,445,0.1602655286865813,0.16791308028785099,0.18912027199320017,0.378550766025869,0.6374950110151811,1.0055033706060073,0.757101532051738,0.6374950110151811,0.6703355804040049,0.30287972896668547,0.3289808377140919,0.30922431865828093,100.0,100.0,5418,9446,5112,43,80,3202,0.007936507936507936,0.008469193309337285,0.6263693270735524,0.65,0.8,0.1,0.2,50.0,20.0,35.0,0.75,0.7000000000000001,0.1,0.1,50.0,20.0,45.0,2270,2159,111,2270,0.04889867841409692,0.9701306236723463,1.5,0.6467537491148975,625,0.2894858730893932,1.0,1
"iteration_4","SCOPE_DATA_COLLECTION",1700,34,2110.0,2170.0,0,10568,7162,2270,10547,7089,2340,10037,6779,2146,535,385,111,0.0506053726825577,0.053740926856504743,0.04918032786885246,0.35247096834537844,0.6037288527169249,0.9719567352239284,0.7049419366907569,0.6037288527169249,0.6479711568159523,0.25824449536714156,0.28367015784038946,0.29030754892823857,100.0,100.0,5401,10949,3650,29,912,90,0.005369376041473801,0.08329527810758973,0.024657534246575342,0.75,0.7000000000000001,0.1,0.1,50.0,20.0,45.0,0.8500000000000001,0.6000000000000001,0.2,0.1,50.0,20.0,55.0,10848,7598,3250,10848,0.299594395280236,0.44552363640997994,0.5,0.8910472728199599,3027,0.3983943142932351,1.0,1
"iteration_4","SCOPE_DATA_COLLECTION",1700,34,2110.0,2170.0,1,10568,7162,2270,10547,7089,2340,10037,6779,2146,535,385,111,0.0506053726825577,0.053740926856504743,0.04918032786885246,0.35247096834537844,0.6037288527169249,0.9719567352239284,0.7049419366907569,0.6037288527169249,0.6479711568159523,0.25824449536714156,0.28367015784038946,0.29030754892823857,100.0,100.0,5401,10949,3650,29,912,90,0.005369376041473801,0.08329527810758973,0.024657534246575342,0.75,0.7000000000000001,0.1,0.1,50.0,20.0,45.0,0.8500000000000001,0.6000000000000001,0.2,0.1,50.0,20.0,55.0,7067,4886,2181,7067,0.3086175180416018,0.7739956183220987,1.0,0.7739956183220987,1922,0.3933688088415882,1.0,1
"iteration_4","SCOPE_DATA_COLLECTION",1700,34,2110.0,2170.0,2,10568,7162,2270,10547,7089,2340,10037,6779,2146,535,385,111,0.0506053726825577,0.053740926856504743,0.04918032786885246,0.35247096834537844,0.6037288527169249,0.9719567352239284,0.7049419366907569,0.6037288527169249,0.6479711568159523,0.25824449536714156,0.28367015784038946,0.29030754892823857,100.0,100.0,5401,10949,3650,29,912,90,0.005369376041473801,0.08329527810758973,0.024657534246575342,0.75,0.7000000000000001,0.1,0.1,50.0,20.0,45.0,0.8500000000000001,0.6000000000000001,0.2,0.1,50.0,20.0,55.0,2282,1548,734,2282,0.32164767747589834,1.2409899259290311,1.5,0.8273266172860207,663,0.42829457364341084,1.0,1
"iteration_4","SCOPE_DATA_COLLECTION",1700,35,2170.0,2230.0,0,10848,7067,2282,10568,7162,2270,7599,4900,1561,3250,2181,734,0.2995667803484192,0.30800734359553733,0.3198257080610022,0.4436441550952869,0.7701484063500794,1.2340465726478957,0.8872883101905737,0.7701484063500794,0.8226977150985971,0.3959731543624161,0.39183673469387753,0.4247277386290839,97.5,100.0,5581,12551,2065,63,6102,0,0.011288299587887475,0.48617640028682974,0.0,0.8500000000000001,0.6000000000000001,0.2,0.1,50.0,20.0,55.0,0.75,0.6000000000000001,0.30000000000000004,0.2,50.0,20.0,65.0,10744,10329,415,10744,0.03862620997766195,0.3434466522400168,0.5,0.6868933044800336,2686,0.2600445348049182,1.0,1
"iteration_4","SCOPE_DATA_COLLECTION",1700,35,2170.0,2230.0,1,10848,7067,2282,10568,7162,2270,7599,4900,1561,3250,2181,734,0.2995667803484192,0.30800734359553733,0.3198257080610022,0.4436441550952869,0.7701484063500794,1.2340465726478957,0.8872883101905737,0.7701484063500794,0.8226977150985971,0.3959731543624161,0.39183673469387753,0.4247277386290839,97.5,100.0,5581,12551,2065,63,6102,0,0.011288299587887475,0.48617640028682974,0.0,0.8500000000000001,0.6000000000000001,0.2,0.1,50.0,20.0,55.0,0.75,0.6000000000000001,0.30000000000000004,0.2,50.0,20.0,65.0,6983,6678,305,6983,0.04367750250608621,0.657515764250888,1.0,0.657515764250888,1960,0.29350104821802936,1.0,1
"iteration_4","SCOPE_DATA_COLLECTION",1700,35,2170.0,2230.0,2,10848,7067,2282,10568,7162,2270,7599,4900,1561,3250,2181,734,0.2995667803484192,0.30800734359553733,0.3198257080610022,0.4436441550952869,0.7701484063500794,1.2340465726478957,0.8872883101905737,0.7701484063500794,0.8226977150985971,0.3959731543624161,0.39183673469387753,0.4247277386290839,97.5,100.0,5581,12551,2065,63,6102,0,0.011288299587887475,0.48617640028682974,0.0,0.8500000000000001,0.6000000000000001,0.2,0.1,50.0,20.0,55.0,0.75,0.6000000000000001,0.30000000000000004,0.2,50.0,20.0,65.0,2272,2154,118,2272,0.05193661971830986,0.9491622673546948,1.5,0.6327748449031299,583,0.2706592386258124,1.0,1
"iteration_4","SCOPE_DATA_COLLECTION",1700,36,2230.0,2290.0,0,10744,6983,2272,10848,7067,2282,10325,6647,2145,415,305,118,0.038640595903165736,0.043872266973532796,0.05214317277949625,0.3456868304385453,0.6579028169700899,0.9546623013854584,0.6913736608770906,0.6579028169700899,0.6364415342569723,0.2631476997578692,0.29486986610500976,0.27365967365967364,100.0,100.0,5555,10825,3619,103,670,65,0.01854185418541854,0.06189376443418014,0.017960762641613705,0.75,0.6000000000000001,0.30000000000000004,0.2,50.0,20.0,65.0,0.6000000000000001,0.7000000000000001,0.30000000000000004,0.9,40.0,60.0,60.0,10722,8035,2687,10722,0.2506062301809364,0.42497912100857177,0.5,0.8499582420171435,2915,0.3627878033602987,1.0,1
"iteration_4","SCOPE_DATA_COLLECTION",1700,36,2230.0,2290.0,1,10744,6983,2272,10848,7067,2282,10325,6647,2145,415,305,118,0.038640595903165736,0.043872266973532796,0.05214317277949625,0.3456868304385453,0.6579028169700899,0.9546623013854584,0.6913736608770906,0.6579028169700899,0.6364415342569723,0.2631476997578692,0.29486986610500976,0.27365967365967364,100.0,100.0,5555,10825,3619,103,670,65,0.01854185418541854,0.06189376443418014,0.017960762641613705,0.75,0.6000000000000001,0.30000000000000004,0.2,50.0,20.0,65.0,0.6000000000000001,0.7000000000000001,0.30000000000000004,0.9,40.0,60.0,60.0,7213,5338,1875,7213,0.25994731734368504,0.7699790687860522,1.0,0.7699790687860522,2045,0.3831022855001873,1.0,1
"iteration_4","SCOPE_DATA_COLLECTION",1700,36,2230.0,2290.0,2,10744,6983,2272,10848,7067,2282,10325,6647,2145,415,305,118,0.038640595903165736,0.043872266973532796,0.05214317277949625,0.3456868304385453,0.6579028169700899,0.9546623013854584,0.6913736608770906,0.6579028169700899,0.6364415342569723,0.2631476997578692,0.29486986610500976,0.27365967365967364,100.0,100.0,5555,10825,3619,103,670,65,0.01854185418541854,0.06189376443418014,0.017960762641613705,0.75,0.6000000000000001,0.30000000000000004,0.2,50.0,20.0,65.0,0.6000000000000001,0.7000000000000001,0.30000000000000004,0.9,40.0,60.0,60.0,2320,1654,666,2320,0.28706896551724137,1.0942889348343483,1.5,0.7295259565562322,567,0.34280532043530837,1.0,1
"iteration_4","SCOPE_DATA_COLLECTION",1700,37,2290.0,2350.0,0,10722,7213,2320,10744,6983,2272,7989,5322,1657,2686,1867,662,0.251615925058548,0.25970232299346224,0.28546787408365676,0.41440216254873646,0.7608420981092239,1.0875384997757,0.8288043250974729,0.7608420981092239,0.7250256665171334,0.3564901739892352,0.37805336339721907,0.3415811707905854,100.0,100.0,5898,8657,5700,190,7,5018,0.03221430993557138,8.085942012244426E-4,0.8803508771929824,0.6000000000000001,0.7000000000000001,0.30000000000000004,0.9,40.0,60.0,60.0,0.5,0.6000000000000001,0.30000000000000004,0.9,40.0,50.0,50.0,10597,6796,3801,10597,0.35868642068509954,0.40081261915684835,0.5,0.8016252383136967,2559,0.37654502648616833,1.0,1
"iteration_4","SCOPE_DATA_COLLECTION",1700,37,2290.0,2350.0,1,10722,7213,2320,10744,6983,2272,7989,5322,1657,2686,1867,662,0.251615925058548,0.25970232299346224,0.28546787408365676,0.41440216254873646,0.7608420981092239,1.0875384997757,0.8288043250974729,0.7608420981092239,0.7250256665171334,0.3564901739892352,0.37805336339721907,0.3415811707905854,100.0,100.0,5898,8657,5700,190,7,5018,0.03221430993557138,8.085942012244426E-4,0.8803508771929824,0.6000000000000001,0.7000000000000001,0.30000000000000004,0.9,40.0,60.0,60.0,0.5,0.6000000000000001,0.30000000000000004,0.9,40.0,50.0,50.0,7249,4544,2705,7249,0.37315491791971306,0.7977515647166429,1.0,0.7977515647166429,1964,0.43221830985915494,1.0,1
"iteration_4","SCOPE_DATA_COLLECTION",1700,37,2290.0,2350.0,2,10722,7213,2320,10744,6983,2272,7989,5322,1657,2686,1867,662,0.251615925058548,0.25970232299346224,0.28546787408365676,0.41440216254873646,0.7608420981092239,1.0875384997757,0.8288043250974729,0.7608420981092239,0.7250256665171334,0.3564901739892352,0.37805336339721907,0.3415811707905854,100.0,100.0,5898,8657,5700,190,7,5018,0.03221430993557138,8.085942012244426E-4,0.8803508771929824,0.6000000000000001,0.7000000000000001,0.30000000000000004,0.9,40.0,60.0,60.0,0.5,0.6000000000000001,0.30000000000000004,0.9,40.0,50.0,50.0,2332,1427,905,2332,0.38807890222984565,1.2117021193618964,1.5,0.807801412907931,598,0.41906096706377016,1.0,1
"iteration_4","SCOPE_DATA_COLLECTION",1700,38,2350.0,2410.0,0,10597,7249,2332,10722,7213,2320,6845,4590,1431,3802,2713,909,0.35709589555743404,0.3714911680131453,0.38846153846153847,0.4096373858302423,0.8064812001611688,1.2054354518418384,0.8192747716604846,0.8064812001611688,0.8036236345612257,0.37954711468224983,0.4357298474945534,0.413696715583508,100.0,100.0,5677,7285,7216,186,10,7228,0.03276378368856791,0.0013726835964310226,1.0016629711751663,0.5,0.6000000000000001,0.30000000000000004,0.9,40.0,50.0,50.0,0.65,0.8,0.8,0.5,20.0,40.0,65.0,10580,8910,1670,10580,0.15784499054820417,0.4443918723856399,0.5,0.8887837447712797,3073,0.34489337822671157,1.0,1
"iteration_4","SCOPE_DATA_COLLECTION",1700,38,2350.0,2410.0,1,10597,7249,2332,10722,7213,2320,6845,4590,1431,3802,2713,909,0.35709589555743404,0.3714911680131453,0.38846153846153847,0.4096373858302423,0.8064812001611688,1.2054354518418384,0.8192747716604846,0.8064812001611688,0.8036236345612257,0.37954711468224983,0.4357298474945534,0.413696715583508,100.0,100.0,5677,7285,7216,186,10,7228,0.03276378368856791,0.0013726835964310226,1.0016629711751663,0.5,0.6000000000000001,0.30000000000000004,0.9,40.0,50.0,50.0,0.65,0.8,0.8,0.5,20.0,40.0,65.0,7039,5827,1212,7039,0.1721835487995454,0.7709177258366537,1.0,0.7709177258366537,2086,0.3579886734168526,1.0,1
"iteration_4","SCOPE_DATA_COLLECTION",1700,38,2350.0,2410.0,2,10597,7249,2332,10722,7213,2320,6845,4590,1431,3802,2713,909,0.35709589555743404,0.3714911680131453,0.38846153846153847,0.4096373858302423,0.8064812001611688,1.2054354518418384,0.8192747716604846,0.8064812001611688,0.8036236345612257,0.37954711468224983,0.4357298474945534,0.413696715583508,100.0,100.0,5677,7285,7216,186,10,7228,0.03276378368856791,0.0013726835964310226,1.0016629711751663,0.5,0.6000000000000001,0.30000000000000004,0.9,40.0,50.0,50.0,0.65,0.8,0.8,0.5,20.0,40.0,65.0,2479,1985,494,2479,0.19927390076643808,1.1004648796058882,1.5,0.7336432530705922,656,0.3304785894206549,1.0,1
"iteration_4","SCOPE_DATA_COLLECTION",1700,39,2410.0,2470.0,0,10580,7039,2479,10597,7249,2332,8915,5816,1980,1668,1210,492,0.15761126334687706,0.1722174779390834,0.19902912621359223,0.4451002193483053,0.7708727782608978,1.101792490234773,0.8902004386966106,0.7708727782608978,0.734528326823182,0.34548513740886144,0.3581499312242091,0.33131313131313134,100.0,100.0,5669,9420,5009,200,118,3052,0.03527959075674722,0.012526539278131636,0.6093032541425434,0.65,0.8,0.8,0.5,20.0,40.0,65.0,0.65,0.8,0.8,0.5,20.0,40.0,65.0,10508,9017,1491,10508,0.14189189189189189,0.42301605004638654,0.5,0.8460321000927731,3007,0.33348120217367194,1.0,1
"iteration_4","SCOPE_DATA_COLLECTION",1700,39,2410.0,2470.0,1,10580,7039,2479,10597,7249,2332,8915,5816,1980,1668,1210,492,0.15761126334687706,0.1722174779390834,0.19902912621359223,0.4451002193483053,0.7708727782608978,1.101792490234773,0.8902004386966106,0.7708727782608978,0.734528326823182,0.34548513740886144,0.3581499312242091,0.33131313131313134,100.0,100.0,5669,9420,5009,200,118,3052,0.03527959075674722,0.012526539278131636,0.6093032541425434,0.65,0.8,0.8,0.5,20.0,40.0,65.0,0.65,0.8,0.8,0.5,20.0,40.0,65.0,7330,6168,1162,7330,0.15852660300136426,0.7375785576851795,1.0,0.7375785576851795,2105,0.3412775616083009,1.0,1
"iteration_4","SCOPE_DATA_COLLECTION",1700,39,2410.0,2470.0,2,10580,7039,2479,10597,7249,2332,8915,5816,1980,1668,1210,492,0.15761126334687706,0.1722174779390834,0.19902912621359223,0.4451002193483053,0.7708727782608978,1.101792490234773,0.8902004386966106,0.7708727782608978,0.734528326823182,0.34548513740886144,0.3581499312242091,0.33131313131313134,100.0,100.0,5669,9420,5009,200,118,3052,0.03527959075674722,0.012526539278131636,0.6093032541425434,0.65,0.8,0.8,0.5,20.0,40.0,65.0,0.65,0.8,0.8,0.5,20.0,40.0,65.0,2225,1816,409,2225,0.18382022471910112,1.0745317055102375,1.5,0.7163544703401583,595,0.3276431718061674,1.0,1
"iteration_4","SCOPE_DATA_COLLECTION",1700,40,2470.0,2530.0,0,10508,7330,2225,10580,7039,2479,8997,6163,1823,1493,1164,411,0.14232602478551,0.15886447386379146,0.18397493285586392,0.4209795139466366,0.7353739331481274,1.0712546548658788,0.8419590278932731,0.7353739331481274,0.7141697699105859,0.3322218517283539,0.3404186272919033,0.3269336258913878,100.0,100.0,5840,9322,4901,220,28,2820,0.03767123287671233,0.003003647285990131,0.5753927769842889,0.65,0.8,0.8,0.5,20.0,40.0,65.0,0.6000000000000001,0.8,0.2,0.1,45.0,45.0,50.0,10661,7810,2851,10661,0.26742331863802643,0.38505724167186806,0.5,0.7701144833437361,2629,0.33661971830985915,1.0,1
"iteration_4","SCOPE_DATA_COLLECTION",1700,40,2470.0,2530.0,1,10508,7330,2225,10580,7039,2479,8997,6163,1823,1493,1164,411,0.14232602478551,0.15886447386379146,0.18397493285586392,0.4209795139466366,0.7353739331481274,1.0712546548658788,0.8419590278932731,0.7353739331481274,0.7141697699105859,0.3322218517283539,0.3404186272919033,0.3269336258913878,100.0,100.0,5840,9322,4901,220,28,2820,0.03767123287671233,0.003003647285990131,0.5753927769842889,0.65,0.8,0.8,0.5,20.0,40.0,65.0,0.6000000000000001,0.8,0.2,0.1,45.0,45.0,50.0,7101,5121,1980,7101,0.2788339670468948,0.7105415190145435,1.0,0.7105415190145435,1896,0.37024018746338605,1.0,1
"iteration_4","SCOPE_DATA_COLLECTION",1700,40,2470.0,2530.0,2,10508,7330,2225,10580,7039,2479,8997,6163,1823,1493,1164,411,0.14232602478551,0.15886447386379146,0.18397493285586392,0.4209795139466366,0.7353739331481274,1.0712546548658788,0.8419590278932731,0.7353739331481274,0.7141697699105859,0.3322218517283539,0.3404186272919033,0.3269336258913878,100.0,100.0,5840,9322,4901,220,28,2820,0.03767123287671233,0.003003647285990131,0.5753927769842889,0.65,0.8,0.8,0.5,20.0,40.0,65.0,0.6000000000000001,0.8,0.2,0.1,45.0,45.0,50.0,2312,1671,641,2312,0.2772491349480969,1.0642730399648013,1.5,0.7095153599765341,610,0.36505086774386597,1.0,1
"iteration_4","SCOPE_DATA_COLLECTION",1700,41,2530.0,2590.0,0,10661,7101,2312,10508,7330,2225,7826,5117,1642,2851,1980,641,0.2670225718834879,0.2789911230097224,0.28077091546211125,0.38834773875832024,0.7135533803430449,1.0677070877237809,0.7766954775166405,0.7135533803430449,0.7118047251491872,0.3395093278814209,0.37209302325581395,0.36723507917174175,97.5,100.0,5508,8679,5887,56,4,5412,0.010167029774872912,4.608825901601567E-4,0.9193137421437064,0.6000000000000001,0.8,0.2,0.1,45.0,45.0,50.0,0.5,0.5,0.4,0.8,45.0,55.0,30.0,10628,6780,3848,10628,0.36206247647722994,0.41142715487096704,0.5,0.8228543097419341,2679,0.3951327433628319,1.0,1
"iteration_4","SCOPE_DATA_COLLECTION",1700,41,2530.0,2590.0,1,10661,7101,2312,10508,7330,2225,7826,5117,1642,2851,1980,641,0.2670225718834879,0.2789911230097224,0.28077091546211125,0.38834773875832024,0.7135533803430449,1.0677070877237809,0.7766954775166405,0.7135533803430449,0.7118047251491872,0.3395093278814209,0.37209302325581395,0.36723507917174175,97.5,100.0,5508,8679,5887,56,4,5412,0.010167029774872912,4.608825901601567E-4,0.9193137421437064,0.6000000000000001,0.8,0.2,0.1,45.0,45.0,50.0,0.5,0.5,0.4,0.8,45.0,55.0,30.0,7135,4503,2632,7135,0.368885774351787,0.8031835344278687,1.0,0.8031835344278687,1931,0.4288252276260271,1.0,1
"iteration_4","SCOPE_DATA_COLLECTION",1700,41,2530.0,2590.0,2,10661,7101,2312,10508,7330,2225,7826,5117,1642,2851,1980,641,0.2670225718834879,0.2789911230097224,0.28077091546211125,0.38834773875832024,0.7135533803430449,1.0677070877237809,0.7766954775166405,0.7135533803430449,0.7118047251491872,0.3395093278814209,0.37209302325581395,0.36723507917174175,97.5,100.0,5508,8679,5887,56,4,5412,0.010167029774872912,4.608825901601567E-4,0.9193137421437064,0.6000000000000001,0.8,0.2,0.1,45.0,45.0,50.0,0.5,0.5,0.4,0.8,45.0,55.0,30.0,2331,1381,950,2331,0.40755040755040756,1.199356734979531,1.5,0.7995711566530207,572,0.41419261404779145,1.0,1
"iteration_4","SCOPE_DATA_COLLECTION",1700,42,2590.0,2650.0,0,10628,7135,2331,10661,7101,2312,6774,4501,1410,3848,2632,950,0.36226699303332704,0.3689892051030422,0.4025423728813559,0.4092838909099202,0.7984485552831226,1.1964028153653585,0.8185677818198404,0.7984485552831226,0.797601876910239,0.39164452317685267,0.4254610086647412,0.41205673758865247,100.0,100.0,5838,7012,7244,180,6,7244,0.030832476875642344,8.556759840273817E-4,1.0,0.5,0.5,0.4,0.8,45.0,55.0,30.0,0.4,0.5,0.4,0.7000000000000001,45.0,45.0,30.0,10663,6061,4602,10663,0.4315858576385633,0.4263483722849963,0.5,0.8526967445699926,2551,0.42088764230325026,1.0,1
"iteration_4","SCOPE_DATA_COLLECTION",1700,42,2590.0,2650.0,1,10628,7135,2331,10661,7101,2312,6774,4501,1410,3848,2632,950,0.36226699303332704,0.3689892051030422,0.4025423728813559,0.4092838909099202,0.7984485552831226,1.1964028153653585,0.8185677818198404,0.7984485552831226,0.797601876910239,0.39164452317685267,0.4254610086647412,0.41205673758865247,100.0,100.0,5838,7012,7244,180,6,7244,0.030832476875642344,8.556759840273817E-4,1.0,0.5,0.5,0.4,0.8,45.0,55.0,30.0,0.4,0.5,0.4,0.7000000000000001,45.0,45.0,30.0,7087,3901,3186,7087,0.44955552419923805,0.8625880493109706,1.0,0.8625880493109706,1912,0.4901307357087926,1.0,1
"iteration_4","SCOPE_DATA_COLLECTION",1700,42,2590.0,2650.0,2,10628,7135,2331,10661,7101,2312,6774,4501,1410,3848,2632,950,0.36226699303332704,0.3689892051030422,0.4025423728813559,0.4092838909099202,0.7984485552831226,1.1964028153653585,0.8185677818198404,0.7984485552831226,0.797601876910239,0.39164452317685267,0.4254610086647412,0.41205673758865247,100.0,100.0,5838,7012,7244,180,6,7244,0.030832476875642344,8.556759840273817E-4,1.0,0.5,0.5,0.4,0.8,45.0,55.0,30.0,0.4,0.5,0.4,0.7000000000000001,45.0,45.0,30.0,2243,1203,1040,2243,0.463664734730272,1.2912762589729958,1.5,0.8608508393153306,564,0.4688279301745636,1.0,1
"iteration_4","SCOPE_DATA_COLLECTION",1700,43,2650.0,2710.0,0,10663,7087,2243,10628,7135,2331,6084,3920,1200,4602,3186,1040,0.4306569343065693,0.4483535040810583,0.4642857142857143,0.42823798529096224,0.8665818672463416,1.2933517097200267,0.8564759705819245,0.8665818672463416,0.8622344731466844,0.4227481919789612,0.4915816326530612,0.47,100.0,100.0,5777,5573,8643,180,5,8643,0.031158040505452657,8.971828458639871E-4,1.0,0.4,0.5,0.4,0.7000000000000001,45.0,45.0,30.0,0.5,0.6000000000000001,0.30000000000000004,0.7000000000000001,35.0,55.0,30.0,10516,6729,3787,10516,0.3601179155572461,0.4097958267008894,0.5,0.8195916534017788,2607,0.3874275523851984,1.0,1
"iteration_4","SCOPE_DATA_COLLECTION",1700,43,2650.0,2710.0,1,10663,7087,2243,10628,7135,2331,6084,3920,1200,4602,3186,1040,0.4306569343065693,0.4483535040810583,0.4642857142857143,0.42823798529096224,0.8665818672463416,1.2933517097200267,0.8564759705819245,0.8665818672463416,0.8622344731466844,0.4227481919789612,0.4915816326530612,0.47,100.0,100.0,5777,5573,8643,180,5,8643,0.031158040505452657,8.971828458639871E-4,1.0,0.4,0.5,0.4,0.7000000000000001,45.0,45.0,30.0,0.5,0.6000000000000001,0.30000000000000004,0.7000000000000001,35.0,55.0,30.0,7300,4626,2674,7300,0.3663013698630137,0.7808814583534223,1.0,0.7808814583534223,1932,0.4176394293125811,1.0,1
"iteration_4","SCOPE_DATA_COLLECTION",1700,43,2650.0,2710.0,2,10663,7087,2243,10628,7135,2331,6084,3920,1200,4602,3186,1040,0.4306569343065693,0.4483535040810583,0.4642857142857143,0.42823798529096224,0.8665818672463416,1.2933517097200267,0.8564759705819245,0.8665818672463416,0.8622344731466844,0.4227481919789612,0.4915816326530612,0.47,100.0,100.0,5777,5573,8643,180,5,8643,0.031158040505452657,8.971828458639871E-4,1.0,0.4,0.5,0.4,0.7000000000000001,45.0,45.0,30.0,0.5,0.6000000000000001,0.30000000000000004,0.7000000000000001,35.0,55.0,30.0,2402,1448,954,2402,0.3971690258118235,1.2218365674785445,1.5,0.814557711652363,620,0.4281767955801105,1.0,1
"iteration_4","SCOPE_DATA_COLLECTION",1700,44,2710.0,2770.0,0,10516,7300,2402,10663,7087,2243,6678,4614,1443,3787,2674,954,0.36187290969899666,0.36690450054884743,0.3979974968710889,0.404542434096239,0.7773071644509252,1.2177274097982496,0.809084868192478,0.7773071644509252,0.811818273198833,0.3830488170110812,0.4165583008235804,0.4261954261954262,100.0,100.0,5768,7239,7211,199,5,7211,0.034500693481276004,6.907031357922365E-4,1.0,0.5,0.6000000000000001,0.30000000000000004,0.7000000000000001,35.0,55.0,30.0,0.7000000000000001,0.8,0.7000000000000001,0.8,25.0,20.0,50.0,10715,10001,714,10715,0.06663555762949137,0.3875271379991507,0.5,0.7750542759983013,2831,0.2830716928307169,1.0,1
"iteration_4","SCOPE_DATA_COLLECTION",1700,44,2710.0,2770.0,1,10516,7300,2402,10663,7087,2243,6678,4614,1443,3787,2674,954,0.36187290969899666,0.36690450054884743,0.3979974968710889,0.404542434096239,0.7773071644509252,1.2177274097982496,0.809084868192478,0.7773071644509252,0.811818273198833,0.3830488170110812,0.4165583008235804,0.4261954261954262,100.0,100.0,5768,7239,7211,199,5,7211,0.034500693481276004,6.907031357922365E-4,1.0,0.5,0.6000000000000001,0.30000000000000004,0.7000000000000001,35.0,55.0,30.0,0.7000000000000001,0.8,0.7000000000000001,0.8,25.0,20.0,50.0,7132,6603,529,7132,0.07417274256870443,0.6999457096788055,1.0,0.6999457096788055,1977,0.29940935938209906,1.0,1
"iteration_4","SCOPE_DATA_COLLECTION",1700,44,2710.0,2770.0,2,10516,7300,2402,10663,7087,2243,6678,4614,1443,3787,2674,954,0.36187290969899666,0.36690450054884743,0.3979974968710889,0.404542434096239,0.7773071644509252,1.2177274097982496,0.809084868192478,0.7773071644509252,0.811818273198833,0.3830488170110812,0.4165583008235804,0.4261954261954262,100.0,100.0,5768,7239,7211,199,5,7211,0.034500693481276004,6.907031357922365E-4,1.0,0.5,0.6000000000000001,0.30000000000000004,0.7000000000000001,35.0,55.0,30.0,0.7000000000000001,0.8,0.7000000000000001,0.8,25.0,20.0,50.0,2187,1974,213,2187,0.09739368998628258,1.009457741678109,1.5,0.672971827785406,567,0.2872340425531915,1.0,1
"iteration_4","SCOPE_DATA_COLLECTION",1700,45,2770.0,2830.0,0,10715,7132,2187,10516,7300,2402,10030,6608,1964,714,529,213,0.06645569620253164,0.07412077903881183,0.09784106568672485,0.3909833544292816,0.7041139282822809,1.0147333988561205,0.7819667088585632,0.7041139282822809,0.6764889325707469,0.2872382851445663,0.30130145278450365,0.28971486761710796,100.0,100.0,5831,9933,4270,226,176,1054,0.03875836048705197,0.017718715393133997,0.2468384074941452,0.7000000000000001,0.8,0.7000000000000001,0.8,25.0,20.0,50.0,0.6000000000000001,0.8,0.6000000000000001,0.8,25.0,20.0,60.0,10541,8052,2489,10541,0.23612560478133005,0.4170926996742183,0.5,0.8341853993484366,2920,0.3626428216592151,1.0,1
"iteration_4","SCOPE_DATA_COLLECTION",1700,45,2770.0,2830.0,1,10715,7132,2187,10516,7300,2402,10030,6608,1964,714,529,213,0.06645569620253164,0.07412077903881183,0.09784106568672485,0.3909833544292816,0.7041139282822809,1.0147333988561205,0.7819667088585632,0.7041139282822809,0.6764889325707469,0.2872382851445663,0.30130145278450365,0.28971486761710796,100.0,100.0,5831,9933,4270,226,176,1054,0.03875836048705197,0.017718715393133997,0.2468384074941452,0.7000000000000001,0.8,0.7000000000000001,0.8,25.0,20.0,50.0,0.6000000000000001,0.8,0.6000000000000001,0.8,25.0,20.0,60.0,7160,5400,1760,7160,0.24581005586592178,0.751967429936463,1.0,0.751967429936463,2001,0.3705555555555556,1.0,1
"iteration_4","SCOPE_DATA_COLLECTION",1700,45,2770.0,2830.0,2,10715,7132,2187,10516,7300,2402,10030,6608,1964,714,529,213,0.06645569620253164,0.07412077903881183,0.09784106568672485,0.3909833544292816,0.7041139282822809,1.0147333988561205,0.7819667088585632,0.7041139282822809,0.6764889325707469,0.2872382851445663,0.30130145278450365,0.28971486761710796,100.0,100.0,5831,9933,4270,226,176,1054,0.03875836048705197,0.017718715393133997,0.2468384074941452,0.7000000000000001,0.8,0.7000000000000001,0.8,25.0,20.0,50.0,0.6000000000000001,0.8,0.6000000000000001,0.8,25.0,20.0,60.0,2289,1652,637,2289,0.2782874617737003,1.1323976564117126,1.5,0.7549317709411417,615,0.37227602905569007,1.0,1
"iteration_4","SCOPE_DATA_COLLECTION",1700,46,2830.0,2890.0,0,10541,7160,2289,10715,7132,2187,8024,5386,1664,2484,1757,633,0.23639132089836315,0.24597508049839004,0.27557683935568134,0.4079474087461265,0.7441699235667573,1.1213665012164251,0.815894817492253,0.7441699235667573,0.7475776674776168,0.3581754735792622,0.3685480876346082,0.36658653846153844,97.5,100.0,5779,8548,5663,226,5,4643,0.039107111957086,5.84932147870847E-4,0.8198834539996468,0.6000000000000001,0.8,0.6000000000000001,0.8,25.0,20.0,60.0,0.6000000000000001,0.8,0.6000000000000001,0.8,25.0,20.0,60.0,10708,7959,2749,10708,0.2567239447142324,0.4080264474352725,0.5,0.816052894870545,2852,0.3583364744314612,1.0,1
"iteration_4","SCOPE_DATA_COLLECTION",1700,46,2830.0,2890.0,1,10541,7160,2289,10715,7132,2187,8024,5386,1664,2484,1757,633,0.23639132089836315,0.24597508049839004,0.27557683935568134,0.4079474087461265,0.7441699235667573,1.1213665012164251,0.815894817492253,0.7441699235667573,0.7475776674776168,0.3581754735792622,0.3685480876346082,0.36658653846153844,97.5,100.0,5779,8548,5663,226,5,4643,0.039107111957086,5.84932147870847E-4,0.8198834539996468,0.6000000000000001,0.8,0.6000000000000001,0.8,25.0,20.0,60.0,0.6000000000000001,0.8,0.6000000000000001,0.8,25.0,20.0,60.0,7240,5341,1899,7240,0.26229281767955803,0.7533404930301455,1.0,0.7533404930301455,1942,0.36360232166261,1.0,1
"iteration_4","SCOPE_DATA_COLLECTION",1700,46,2830.0,2890.0,2,10541,7160,2289,10715,7132,2187,8024,5386,1664,2484,1757,633,0.23639132089836315,0.24597508049839004,0.27557683935568134,0.4079474087461265,0.7441699235667573,1.1213665012164251,0.815894817492253,0.7441699235667573,0.7475776674776168,0.3581754735792622,0.3685480876346082,0.36658653846153844,97.5,100.0,5779,8548,5663,226,5,4643,0.039107111957086,5.84932147870847E-4,0.8198834539996468,0.6000000000000001,0.8,0.6000000000000001,0.8,25.0,20.0,60.0,0.6000000000000001,0.8,0.6000000000000001,0.8,25.0,20.0,60.0,2331,1689,642,2331,0.2754182754182754,1.1077008962116444,1.5,0.7384672641410962,593,0.35109532267613974,1.0,1
"iteration_4","SCOPE_DATA_COLLECTION",1700,47,2890.0,2950.0,0,10708,7240,2331,10541,7160,2289,8004,5358,1697,2754,1902,646,0.2559955382041272,0.2619834710743802,0.27571489543320526,0.4171479322270043,0.7611354151213846,1.1158758888395344,0.8342958644540086,0.7611354151213846,0.7439172592263562,0.3614442778610695,0.3650615901455767,0.3553329404832057,97.5,100.0,5876,8685,5718,268,7,5027,0.045609257998638526,8.059873344847438E-4,0.879153550192375,0.6000000000000001,0.8,0.6000000000000001,0.8,25.0,20.0,60.0,0.7000000000000001,0.9,0.6000000000000001,0.7000000000000001,35.0,20.0,70.0,10748,9794,954,10748,0.08876069966505397,0.4030115593145905,0.5,0.806023118629181,2956,0.3018174392485195,1.0,1
"iteration_4","SCOPE_DATA_COLLECTION",1700,47,2890.0,2950.0,1,10708,7240,2331,10541,7160,2289,8004,5358,1697,2754,1902,646,0.2559955382041272,0.2619834710743802,0.27571489543320526,0.4171479322270043,0.7611354151213846,1.1158758888395344,0.8342958644540086,0.7611354151213846,0.7439172592263562,0.3614442778610695,0.3650615901455767,0.3553329404832057,97.5,100.0,5876,8685,5718,268,7,5027,0.045609257998638526,8.059873344847438E-4,0.879153550192375,0.6000000000000001,0.8,0.6000000000000001,0.8,25.0,20.0,60.0,0.7000000000000001,0.9,0.6000000000000001,0.7000000000000001,35.0,20.0,70.0,7190,6551,639,7190,0.08887343532684283,0.7175043325606995,1.0,0.7175043325606995,2074,0.3165928865822012,1.0,1
"iteration_4","SCOPE_DATA_COLLECTION",1700,47,2890.0,2950.0,2,10708,7240,2331,10541,7160,2289,8004,5358,1697,2754,1902,646,0.2559955382041272,0.2619834710743802,0.27571489543320526,0.4171479322270043,0.7611354151213846,1.1158758888395344,0.8342958644540086,0.7611354151213846,0.7439172592263562,0.3614442778610695,0.3650615901455767,0.3553329404832057,97.5,100.0,5876,8685,5718,268,7,5027,0.045609257998638526,8.059873344847438E-4,0.879153550192375,0.6000000000000001,0.8,0.6000000000000001,0.8,25.0,20.0,60.0,0.7000000000000001,0.9,0.6000000000000001,0.7000000000000001,35.0,20.0,70.0,2269,1992,277,2269,0.12208021154693698,1.0175905786167583,1.5,0.6783937190778389,569,0.2856425702811245,1.0,1
"iteration_4","SCOPE_DATA_COLLECTION",1700,48,2950.0,3010.0,0,10748,7190,2269,10708,7240,2331,9762,6531,1985,954,639,277,0.08902575587905935,0.08912133891213389,0.12245800176834659,0.4018642811111435,0.7141853266740197,1.020079148599267,0.803728562222287,0.7141853266740197,0.6800527657328447,0.30045072730997746,0.3155718879191548,0.2876574307304786,95.0,100.0,5948,9875,4384,243,163,1464,0.040854068594485544,0.01650632911392405,0.33394160583941607,0.7000000000000001,0.9,0.6000000000000001,0.7000000000000001,35.0,20.0,70.0,0.9,0.2,0.1,0.7000000000000001,95.0,40.0,50.0,10520,6870,3650,10520,0.34695817490494296,0.4491340105553862,0.5,0.8982680211107724,2651,0.3858806404657933,1.0,1
"iteration_4","SCOPE_DATA_COLLECTION",1700,48,2950.0,3010.0,1,10748,7190,2269,10708,7240,2331,9762,6531,1985,954,639,277,0.08902575587905935,0.08912133891213389,0.12245800176834659,0.4018642811111435,0.7141853266740197,1.020079148599267,0.803728562222287,0.7141853266740197,0.6800527657328447,0.30045072730997746,0.3155718879191548,0.2876574307304786,95.0,100.0,5948,9875,4384,243,163,1464,0.040854068594485544,0.01650632911392405,0.33394160583941607,0.7000000000000001,0.9,0.6000000000000001,0.7000000000000001,35.0,20.0,70.0,0.9,0.2,0.1,0.7000000000000001,95.0,40.0,50.0,7150,4760,2390,7150,0.33426573426573425,0.8171523992978685,1.0,0.8171523992978685,2031,0.42668067226890755,1.0,1
"iteration_4","SCOPE_DATA_COLLECTION",1700,48,2950.0,3010.0,2,10748,7190,2269,10708,7240,2331,9762,6531,1985,954,639,277,0.08902575587905935,0.08912133891213389,0.12245800176834659,0.4018642811111435,0.7141853266740197,1.020079148599267,0.803728562222287,0.7141853266740197,0.6800527657328447,0.30045072730997746,0.3155718879191548,0.2876574307304786,95.0,100.0,5948,9875,4384,243,163,1464,0.040854068594485544,0.01650632911392405,0.33394160583941607,0.7000000000000001,0.9,0.6000000000000001,0.7000000000000001,35.0,20.0,70.0,0.9,0.2,0.1,0.7000000000000001,95.0,40.0,50.0,2258,1431,827,2258,0.3662533215234721,1.2630923102118683,1.5,0.8420615401412456,609,0.42557651991614254,1.0,1
"iteration_4","SCOPE_DATA_COLLECTION",1700,49,3010.0,3070.0,0,10520,7150,2258,10748,7190,2269,6926,4786,1437,3641,2387,827,0.3445632629885493,0.3327756866025373,0.3652826855123675,0.45157241365611756,0.8201357658917477,1.2573274462013222,0.9031448273122351,0.8201357658917477,0.8382182974675482,0.38896910193473866,0.42582532386126204,0.4210160055671538,100.0,100.0,5568,12913,1447,85,6770,0,0.01526580459770115,0.5242778595214125,0.0,0.9,0.2,0.1,0.7000000000000001,95.0,40.0,50.0,0.9500000000000001,0.2,0.1,0.7000000000000001,95.0,30.0,50.0,10603,4373,6230,10603,0.5875695557860983,0.5295985537247223,0.5,1.0591971074494446,2455,0.5613994969128745,1.0,1
"iteration_4","SCOPE_DATA_COLLECTION",1700,49,3010.0,3070.0,1,10520,7150,2258,10748,7190,2269,6926,4786,1437,3641,2387,827,0.3445632629885493,0.3327756866025373,0.3652826855123675,0.45157241365611756,0.8201357658917477,1.2573274462013222,0.9031448273122351,0.8201357658917477,0.8382182974675482,0.38896910193473866,0.42582532386126204,0.4210160055671538,100.0,100.0,5568,12913,1447,85,6770,0,0.01526580459770115,0.5242778595214125,0.0,0.9,0.2,0.1,0.7000000000000001,95.0,40.0,50.0,0.9500000000000001,0.2,0.1,0.7000000000000001,95.0,30.0,50.0,7250,3011,4239,7250,0.5846896551724138,1.0490452708315512,1.0,1.0490452708315512,2002,0.6648953835934905,1.0,1
"iteration_4","SCOPE_DATA_COLLECTION",1700,49,3010.0,3070.0,2,10520,7150,2258,10748,7190,2269,6926,4786,1437,3641,2387,827,0.3445632629885493,0.3327756866025373,0.3652826855123675,0.45157241365611756,0.8201357658917477,1.2573274462013222,0.9031448273122351,0.8201357658917477,0.8382182974675482,0.38896910193473866,0.42582532386126204,0.4210160055671538,100.0,100.0,5568,12913,1447,85,6770,0,0.01526580459770115,0.5242778595214125,0.0,0.9,0.2,0.1,0.7000000000000001,95.0,40.0,50.0,0.9500000000000001,0.2,0.1,0.7000000000000001,95.0,30.0,50.0,2226,898,1328,2226,0.5965858041329739,1.7038592605608704,1.5,1.135906173707247,614,0.6837416481069042,1.0,1
"iteration_4","SCOPE_DATA_COLLECTION",1700,50,3070.0,3130.0,0,10603,7250,2226,10520,7150,2258,4287,2959,881,6235,4237,1320,0.5925679528606729,0.5887993329627571,0.5997273966378919,0.5192161127156008,1.048574374549852,1.7148822243183202,1.0384322254312015,1.048574374549852,1.1432548162122134,0.5595987870305575,0.6671172693477526,0.6855845629965948,100.0,100.0,5470,13882,727,66,11726,0,0.01206581352833638,0.8446909667194928,0.0,0.9500000000000001,0.2,0.1,0.7000000000000001,95.0,30.0,50.0,0.9500000000000001,0.2,0.1,0.6000000000000001,95.0,40.0,60.0,10647,4984,5663,10647,0.5318869165023011,0.48864385191819354,0.5,0.9772877038363871,2483,0.49819422150882825,1.0,1
"iteration_4","SCOPE_DATA_COLLECTION",1700,50,3070.0,3130.0,1,10603,7250,2226,10520,7150,2258,4287,2959,881,6235,4237,1320,0.5925679528606729,0.5887993329627571,0.5997273966378919,0.5192161127156008,1.048574374549852,1.7148822243183202,1.0384322254312015,1.048574374549852,1.1432548162122134,0.5595987870305575,0.6671172693477526,0.6855845629965948,100.0,100.0,5470,13882,727,66,11726,0,0.01206581352833638,0.8446909667194928,0.0,0.9500000000000001,0.2,0.1,0.7000000000000001,95.0,30.0,50.0,0.9500000000000001,0.2,0.1,0.6000000000000001,95.0,40.0,60.0,7074,3277,3797,7074,0.5367543115634719,0.9941249570364207,1.0,0.9941249570364207,1947,0.5941409826060421,1.0,1
"iteration_4","SCOPE_DATA_COLLECTION",1700,50,3070.0,3130.0,2,10603,7250,2226,10520,7150,2258,4287,2959,881,6235,4237,1320,0.5925679528606729,0.5887993329627571,0.5997273966378919,0.5192161127156008,1.048574374549852,1.7148822243183202,1.0384322254312015,1.048574374549852,1.1432548162122134,0.5595987870305575,0.6671172693477526,0.6855845629965948,100.0,100.0,5470,13882,727,66,11726,0,0.01206581352833638,0.8446909667194928,0.0,0.9500000000000001,0.2,0.1,0.7000000000000001,95.0,30.0,50.0,0.9500000000000001,0.2,0.1,0.6000000000000001,95.0,40.0,60.0,2291,968,1323,2291,0.5774770842426887,1.5954603940602186,1.5,1.0636402627068124,592,0.6115702479338843,1.0,1
"iteration_4","SCOPE_DATA_COLLECTION",1700,51,3130.0,3190.0,0,10647,7074,2291,10603,7250,2226,5021,3316,980,5662,3799,1331,0.530000936066648,0.5339423752635277,0.5759411510168758,0.49799513102969545,0.9969280532525153,1.5959372108832848,0.9959902620593909,0.9969280532525153,1.0639581405888565,0.5016928898625772,0.5958986731001207,0.6153061224489796,100.0,100.0,5622,13673,717,94,10698,0,0.01672002845962291,0.7824179038981935,0.0,0.9500000000000001,0.2,0.1,0.6000000000000001,95.0,40.0,60.0,0.8500000000000001,0.30000000000000004,0.1,0.5,95.0,40.0,50.0,10444,7175,3269,10444,0.31300268096514744,0.4435121658677536,0.5,0.8870243317355072,2816,0.3924738675958188,1.0,1
"iteration_4","SCOPE_DATA_COLLECTION",1700,51,3130.0,3190.0,1,10647,7074,2291,10603,7250,2226,5021,3316,980,5662,3799,1331,0.530000936066648,0.5339423752635277,0.5759411510168758,0.49799513102969545,0.9969280532525153,1.5959372108832848,0.9959902620593909,0.9969280532525153,1.0639581405888565,0.5016928898625772,0.5958986731001207,0.6153061224489796,100.0,100.0,5622,13673,717,94,10698,0,0.01672002845962291,0.7824179038981935,0.0,0.9500000000000001,0.2,0.1,0.6000000000000001,95.0,40.0,60.0,0.8500000000000001,0.30000000000000004,0.1,0.5,95.0,40.0,50.0,7159,4879,2280,7159,0.3184802346696466,0.7728567227431236,1.0,0.7728567227431236,1958,0.4013117442098791,1.0,1
"iteration_4","SCOPE_DATA_COLLECTION",1700,51,3130.0,3190.0,2,10647,7074,2291,10603,7250,2226,5021,3316,980,5662,3799,1331,0.530000936066648,0.5339423752635277,0.5759411510168758,0.49799513102969545,0.9969280532525153,1.5959372108832848,0.9959902620593909,0.9969280532525153,1.0639581405888565,0.5016928898625772,0.5958986731001207,0.6153061224489796,100.0,100.0,5622,13673,717,94,10698,0,0.01672002845962291,0.7824179038981935,0.0,0.9500000000000001,0.2,0.1,0.6000000000000001,95.0,40.0,60.0,0.8500000000000001,0.30000000000000004,0.1,0.5,95.0,40.0,50.0,2330,1517,813,2330,0.34892703862660945,1.279871946899091,1.5,0.8532479645993939,645,0.42518127883981544,1.0,1
"iteration_4","SCOPE_DATA_COLLECTION",1700,52,3190.0,3250.0,0,10444,7159,2330,10647,7074,2291,7200,4874,1510,3268,2281,811,0.3121895299961788,0.3187980433263452,0.3494183541576906,0.44396644063780777,0.7736994373477998,1.2823426600655425,0.8879328812756155,0.7736994373477998,0.8548951067103617,0.39222222222222225,0.40192860073861303,0.42582781456953644,100.0,100.0,5470,12275,2188,87,6273,0,0.01590493601462523,0.5110386965376782,0.0,0.8500000000000001,0.30000000000000004,0.1,0.5,95.0,40.0,50.0,0.2,0.5,0.5,0.2,55.0,75.0,50.0,10698,4556,6142,10698,0.5741260048607216,0.5449040460473735,0.5,1.089808092094747,2606,0.5719929762949956,1.0,1
"iteration_4","SCOPE_DATA_COLLECTION",1700,52,3190.0,3250.0,1,10444,7159,2330,10647,7074,2291,7200,4874,1510,3268,2281,811,0.3121895299961788,0.3187980433263452,0.3494183541576906,0.44396644063780777,0.7736994373477998,1.2823426600655425,0.8879328812756155,0.7736994373477998,0.8548951067103617,0.39222222222222225,0.40192860073861303,0.42582781456953644,100.0,100.0,5470,12275,2188,87,6273,0,0.01590493601462523,0.5110386965376782,0.0,0.8500000000000001,0.30000000000000004,0.1,0.5,95.0,40.0,50.0,0.2,0.5,0.5,0.2,55.0,75.0,50.0,7321,3039,4282,7321,0.5848927742111734,1.1071389077374847,1.0,1.1071389077374847,1943,0.6393550510036196,1.0,1
"iteration_4","SCOPE_DATA_COLLECTION",1700,52,3190.0,3250.0,2,10444,7159,2330,10647,7074,2291,7200,4874,1510,3268,2281,811,0.3121895299961788,0.3187980433263452,0.3494183541576906,0.44396644063780777,0.7736994373477998,1.2823426600655425,0.8879328812756155,0.7736994373477998,0.8548951067103617,0.39222222222222225,0.40192860073861303,0.42582781456953644,100.0,100.0,5470,12275,2188,87,6273,0,0.01590493601462523,0.5110386965376782,0.0,0.8500000000000001,0.30000000000000004,0.1,0.5,95.0,40.0,50.0,0.2,0.5,0.5,0.2,55.0,75.0,50.0,2292,887,1405,2292,0.6130017452006981,1.6462371346170173,1.5,1.0974914230780115,583,0.657271702367531,1.0,1
"iteration_4","SCOPE_DATA_COLLECTION",1700,53,3250.0,3310.0,0,10698,7321,2292,10444,7159,2330,4551,3061,895,6148,4284,1407,0.5746331432844191,0.5832539142273655,0.6112076455256299,0.541377619752467,1.0993184993312692,1.6264366545334634,1.082755239504934,1.0993184993312692,1.084291103022309,0.5686662272028126,0.6360666448872917,0.6480446927374302,100.0,100.0,5722,2870,11719,148,36,11655,0.0258650821391122,0.012543554006968641,0.9945387831726257,0.2,0.5,0.5,0.2,55.0,75.0,50.0,0.30000000000000004,0.6000000000000001,0.4,0.1,65.0,85.0,40.0,10592,5177,5415,10592,0.5112348942598187,0.4823299323259167,0.5,0.9646598646518334,2508,0.48445045393084796,1.0,1
"iteration_4","SCOPE_DATA_COLLECTION",1700,53,3250.0,3310.0,1,10698,7321,2292,10444,7159,2330,4551,3061,895,6148,4284,1407,0.5746331432844191,0.5832539142273655,0.6112076455256299,0.541377619752467,1.0993184993312692,1.6264366545334634,1.082755239504934,1.0993184993312692,1.084291103022309,0.5686662272028126,0.6360666448872917,0.6480446927374302,100.0,100.0,5722,2870,11719,148,36,11655,0.0258650821391122,0.012543554006968641,0.9945387831726257,0.2,0.5,0.5,0.2,55.0,75.0,50.0,0.30000000000000004,0.6000000000000001,0.4,0.1,65.0,85.0,40.0,7289,3536,3753,7289,0.514885443819454,0.9722337991127776,1.0,0.9722337991127776,1941,0.5489253393665159,1.0,1
"iteration_4","SCOPE_DATA_COLLECTION",1700,53,3250.0,3310.0,2,10698,7321,2292,10444,7159,2330,4551,3061,895,6148,4284,1407,0.5746331432844191,0.5832539142273655,0.6112076455256299,0.541377619752467,1.0993184993312692,1.6264366545334634,1.082755239504934,1.0993184993312692,1.084291103022309,0.5686662272028126,0.6360666448872917,0.6480446927374302,100.0,100.0,5722,2870,11719,148,36,11655,0.0258650821391122,0.012543554006968641,0.9945387831726257,0.2,0.5,0.5,0.2,55.0,75.0,50.0,0.30000000000000004,0.6000000000000001,0.4,0.1,65.0,85.0,40.0,2257,1078,1179,2257,0.5223748338502436,1.3671305186474296,1.5,0.9114203457649531,586,0.5435992578849722,1.0,1
"iteration_4","SCOPE_DATA_COLLECTION",1700,54,3310.0,3370.0,0,10592,7289,2257,10698,7321,2292,5164,3533,1079,5415,3752,1179,0.5118631250590793,0.5150308853809197,0.5221434898139947,0.4813340418981668,0.9726315381201488,1.3742895072360808,0.9626680837963336,0.9726315381201488,0.9161930048240539,0.483152594887684,0.5488253608831022,0.5458758109360519,100.0,100.0,5606,4289,10243,102,1,10243,0.018194791295041028,2.3315458148752622E-4,1.0,0.30000000000000004,0.6000000000000001,0.4,0.1,65.0,85.0,40.0,0.30000000000000004,0.5,0.5,0.2,65.0,95.0,30.0,10647,5257,5390,10647,0.5062458908612755,0.48364182127784794,0.5,0.9672836425556959,2535,0.4822141906030055,1.0,1
"iteration_4","SCOPE_DATA_COLLECTION",1700,54,3310.0,3370.0,1,10592,7289,2257,10698,7321,2292,5164,3533,1079,5415,3752,1179,0.5118631250590793,0.5150308853809197,0.5221434898139947,0.4813340418981668,0.9726315381201488,1.3742895072360808,0.9626680837963336,0.9726315381201488,0.9161930048240539,0.483152594887684,0.5488253608831022,0.5458758109360519,100.0,100.0,5606,4289,10243,102,1,10243,0.018194791295041028,2.3315458148752622E-4,1.0,0.30000000000000004,0.6000000000000001,0.4,0.1,65.0,85.0,40.0,0.30000000000000004,0.5,0.5,0.2,65.0,95.0,30.0,7241,3501,3740,7241,0.5165032454080928,0.9608707458514922,1.0,0.9608707458514922,1889,0.5395601256783776,1.0,1
"iteration_4","SCOPE_DATA_COLLECTION",1700,54,3310.0,3370.0,2,10592,7289,2257,10698,7321,2292,5164,3533,1079,5415,3752,1179,0.5118631250590793,0.5150308853809197,0.5221434898139947,0.4813340418981668,0.9726315381201488,1.3742895072360808,0.9626680837963336,0.9726315381201488,0.9161930048240539,0.483152594887684,0.5488253608831022,0.5458758109360519,100.0,100.0,5606,4289,10243,102,1,10243,0.018194791295041028,2.3315458148752622E-4,1.0,0.30000000000000004,0.6000000000000001,0.4,0.1,65.0,85.0,40.0,0.30000000000000004,0.5,0.5,0.2,65.0,95.0,30.0,2348,1122,1226,2348,0.5221465076660988,1.4205384349056245,1.5,0.9470256232704163,613,0.5463458110516934,1.0,1
"iteration_4","SCOPE_DATA_COLLECTION",1700,55,3370.0,3430.0,0,10647,7241,2348,10592,7289,2257,5262,3492,1123,5390,3741,1226,0.5060082613593692,0.517212774782248,0.5219242230736484,0.48388671967480884,0.9588240195642793,1.41415771486047,0.9677734393496177,0.9588240195642793,0.9427718099069801,0.4828962371721779,0.538659793814433,0.5458593054318789,100.0,100.0,5648,4388,10200,156,1,10200,0.02762039660056657,2.2789425706472196E-4,1.0,0.30000000000000004,0.5,0.5,0.2,65.0,95.0,30.0,0.9500000000000001,0.6000000000000001,0.4,0.7000000000000001,80.0,55.0,85.0,10568,5069,5499,10568,0.5203444360333082,0.5906406629345903,0.5,1.1812813258691806,2909,0.5738804497928586,1.0,1
"iteration_4","SCOPE_DATA_COLLECTION",1700,55,3370.0,3430.0,1,10647,7241,2348,10592,7289,2257,5262,3492,1123,5390,3741,1226,0.5060082613593692,0.517212774782248,0.5219242230736484,0.48388671967480884,0.9588240195642793,1.41415771486047,0.9677734393496177,0.9588240195642793,0.9427718099069801,0.4828962371721779,0.538659793814433,0.5458593054318789,100.0,100.0,5648,4388,10200,156,1,10200,0.02762039660056657,2.2789425706472196E-4,1.0,0.30000000000000004,0.5,0.5,0.2,65.0,95.0,30.0,0.9500000000000001,0.6000000000000001,0.4,0.7000000000000001,80.0,55.0,85.0,7193,3200,3993,7193,0.5551230362852774,1.1166135056822268,1.0,1.1166135056822268,2034,0.635625,1.0,1
"iteration_4","SCOPE_DATA_COLLECTION",1700,55,3370.0,3430.0,2,10647,7241,2348,10592,7289,2257,5262,3492,1123,5390,3741,1226,0.5060082613593692,0.517212774782248,0.5219242230736484,0.48388671967480884,0.9588240195642793,1.41415771486047,0.9677734393496177,0.9588240195642793,0.9427718099069801,0.4828962371721779,0.538659793814433,0.5458593054318789,100.0,100.0,5648,4388,10200,156,1,10200,0.02762039660056657,2.2789425706472196E-4,1.0,0.30000000000000004,0.5,0.5,0.2,65.0,95.0,30.0,0.9500000000000001,0.6000000000000001,0.4,0.7000000000000001,80.0,55.0,85.0,2313,977,1336,2313,0.5776048421962818,1.7269901018714569,1.5,1.1513267345809712,614,0.6284544524053224,1.0,1
"iteration_4","SCOPE_DATA_COLLECTION",1700,56,3430.0,3490.0,0,10568,7193,2313,10647,7241,2348,5060,3177,967,5499,3993,1336,0.5207879534046784,0.5569037656903766,0.5801128962223188,0.5937345927271535,1.124526757620969,1.75519279243014,1.187469185454307,1.124526757620969,1.17012852828676,0.5786561264822134,0.6392823418319169,0.6411582213029989,100.0,100.0,5735,13635,704,198,10624,6,0.034524847428073234,0.7791712504583792,0.008522727272727272,0.9500000000000001,0.6000000000000001,0.4,0.7000000000000001,80.0,55.0,85.0,0.9500000000000001,0.6000000000000001,0.4,0.7000000000000001,80.0,55.0,85.0,10510,5100,5410,10510,0.5147478591817317,0.5762101856079285,0.5,1.152420371215857,2785,0.546078431372549,1.0,1
"iteration_4","SCOPE_DATA_COLLECTION",1700,56,3430.0,3490.0,1,10568,7193,2313,10647,7241,2348,5060,3177,967,5499,3993,1336,0.5207879534046784,0.5569037656903766,0.5801128962223188,0.5937345927271535,1.124526757620969,1.75519279243014,1.187469185454307,1.124526757620969,1.17012852828676,0.5786561264822134,0.6392823418319169,0.6411582213029989,100.0,100.0,5735,13635,704,198,10624,6,0.034524847428073234,0.7791712504583792,0.008522727272727272,0.9500000000000001,0.6000000000000001,0.4,0.7000000000000001,80.0,55.0,85.0,0.9500000000000001,0.6000000000000001,0.4,0.7000000000000001,80.0,55.0,85.0,7081,3402,3679,7081,0.5195593842677588,1.1182451677693384,1.0,1.1182451677693384,2011,0.5911228689006467,1.0,1
"iteration_4","SCOPE_DATA_COLLECTION",1700,56,3430.0,3490.0,2,10568,7193,2313,10647,7241,2348,5060,3177,967,5499,3993,1336,0.5207879534046784,0.5569037656903766,0.5801128962223188,0.5937345927271535,1.124526757620969,1.75519279243014,1.187469185454307,1.124526757620969,1.17012852828676,0.5786561264822134,0.6392823418319169,0.6411582213029989,100.0,100.0,5735,13635,704,198,10624,6,0.034524847428073234,0.7791712504583792,0.008522727272727272,0.9500000000000001,0.6000000000000001,0.4,0.7000000000000001,80.0,55.0,85.0,0.9500000000000001,0.6000000000000001,0.4,0.7000000000000001,80.0,55.0,85.0,2286,1011,1275,2286,0.5577427821522309,1.6513701028829073,1.5,1.1009134019219382,606,0.599406528189911,1.0,1
"iteration_4","SCOPE_DATA_COLLECTION",1700,57,3490.0,3550.0,0,10510,7081,2286,10568,7193,2313,5134,3440,1024,5405,3674,1273,0.512857007306196,0.5164464436322744,0.5542011319111885,0.5762724674494988,1.1132802845783019,1.6272582759042407,1.1525449348989976,1.1132802845783019,1.084838850602827,0.5438254772107518,0.5886627906976745,0.5869140625,100.0,100.0,5839,13367,671,226,10126,0,0.03870525774961466,0.7575372185232289,0.0,0.9500000000000001,0.6000000000000001,0.4,0.7000000000000001,80.0,55.0,85.0,0.9500000000000001,0.7000000000000001,0.4,0.8,80.0,65.0,85.0,10643,5031,5612,10643,0.5272949356384478,0.757475380051753,0.5,1.514950760103506,3190,0.6340687736036573,1.0,1
"iteration_4","SCOPE_DATA_COLLECTION",1700,57,3490.0,3550.0,1,10510,7081,2286,10568,7193,2313,5134,3440,1024,5405,3674,1273,0.512857007306196,0.5164464436322744,0.5542011319111885,0.5762724674494988,1.1132802845783019,1.6272582759042407,1.1525449348989976,1.1132802845783019,1.084838850602827,0.5438254772107518,0.5886627906976745,0.5869140625,100.0,100.0,5839,13367,671,226,10126,0,0.03870525774961466,0.7575372185232289,0.0,0.9500000000000001,0.6000000000000001,0.4,0.7000000000000001,80.0,55.0,85.0,0.9500000000000001,0.7000000000000001,0.4,0.8,80.0,65.0,85.0,7064,3360,3704,7064,0.5243488108720272,1.3102719391916473,1.0,1.3102719391916473,2236,0.6654761904761904,1.0,1
"iteration_4","SCOPE_DATA_COLLECTION",1700,57,3490.0,3550.0,2,10510,7081,2286,10568,7193,2313,5134,3440,1024,5405,3674,1273,0.512857007306196,0.5164464436322744,0.5542011319111885,0.5762724674494988,1.1132802845783019,1.6272582759042407,1.1525449348989976,1.1132802845783019,1.084838850602827,0.5438254772107518,0.5886627906976745,0.5869140625,100.0,100.0,5839,13367,671,226,10126,0,0.03870525774961466,0.7575372185232289,0.0,0.9500000000000001,0.6000000000000001,0.4,0.7000000000000001,80.0,55.0,85.0,0.9500000000000001,0.7000000000000001,0.4,0.8,80.0,65.0,85.0,2237,975,1262,2237,0.5641484130531963,1.8642906380092967,1.5,1.2428604253395312,628,0.6441025641025641,1.0,1
"iteration_4","SCOPE_DATA_COLLECTION",1700,58,3550.0,3619.1320867002532,0,10643,7064,2237,10510,7081,2286,4897,3267,950,5617,3708,1258,0.5342400608712193,0.5316129032258065,0.5697463768115942,0.6843472340427482,1.227406156071456,1.7747867223556577,1.3686944680854964,1.227406156071456,1.1831911482371051,0.6248723708392894,0.6636057545148454,0.6452631578947369,100.0,100.0,5855,13434,655,223,10360,0,0.038087105038428694,0.77117760905166,0.0,0.9500000000000001,0.7000000000000001,0.4,0.8,80.0,65.0,85.0,0.8500000000000001,0.8,0.4,0.8,90.0,65.0,75.0,8922,6512,2339,8851,0.2642639249802282,0.44880174877578105,0.5,0.8976034975515621,2502,0.3842137592137592,0.9920421430172607,0
"iteration_4","SCOPE_DATA_COLLECTION",1700,58,3550.0,3619.1320867002532,1,10643,7064,2237,10510,7081,2286,4897,3267,950,5617,3708,1258,0.5342400608712193,0.5316129032258065,0.5697463768115942,0.6843472340427482,1.227406156071456,1.7747867223556577,1.3686944680854964,1.227406156071456,1.1831911482371051,0.6248723708392894,0.6636057545148454,0.6452631578947369,100.0,100.0,5855,13434,655,223,10360,0,0.038087105038428694,0.77117760905166,0.0,0.9500000000000001,0.7000000000000001,0.4,0.8,80.0,65.0,85.0,0.8500000000000001,0.8,0.4,0.8,90.0,65.0,75.0,5925,4145,1704,5849,0.29133185159856384,0.8033041947712953,1.0,0.8033041947712953,1612,0.3889022919179735,0.9871729957805907,0
"iteration_4","SCOPE_DATA_COLLECTION",1700,58,3550.0,3619.1320867002532,2,10643,7064,2237,10510,7081,2286,4897,3267,950,5617,3708,1258,0.5342400608712193,0.5316129032258065,0.5697463768115942,0.6843472340427482,1.227406156071456,1.7747867223556577,1.3686944680854964,1.227406156071456,1.1831911482371051,0.6248723708392894,0.6636057545148454,0.6452631578947369,100.0,100.0,5855,13434,655,223,10360,0,0.038087105038428694,0.77117760905166,0.0,0.9500000000000001,0.7000000000000001,0.4,0.8,80.0,65.0,85.0,0.8500000000000001,0.8,0.4,0.8,90.0,65.0,75.0,1970,1300,636,1936,0.3285123966942149,1.226653411417223,1.5,0.8177689409448153,489,0.37615384615384617,0.9827411167512691,0
"iteration_4","SCOPE_DATA_COLLECTION",1800,0,70.0,130.0,0,9618,7065,2348,0,0,0,7720,5606,1793,1835,1394,510,0.19204604918890633,0.19914285714285715,0.2214502822405558,0.38225271204203054,0.7160678096799566,1.0643582903241673,0.7645054240840611,0.7160678096799566,0.7095721935494449,0.3207253886010363,0.33303603282197647,0.33351924149470163,100.0,100.0,5532,8057,5442,232,7,3500,0.04193781634128706,8.688097306689834E-4,0.6431459022418229,0.6,0.5,0.7,0.4,85.0,80.0,90.0,0.6,0.5,0.7,0.4,85.0,80.0,90.0,10731,8599,2132,10731,0.19867673096635916,0.40669977345229696,0.5,0.8133995469045939,2793,0.32480520990812883,1.0,1
"iteration_4","SCOPE_DATA_COLLECTION",1800,0,70.0,130.0,1,9618,7065,2348,0,0,0,7720,5606,1793,1835,1394,510,0.19204604918890633,0.19914285714285715,0.2214502822405558,0.38225271204203054,0.7160678096799566,1.0643582903241673,0.7645054240840611,0.7160678096799566,0.7095721935494449,0.3207253886010363,0.33303603282197647,0.33351924149470163,100.0,100.0,5532,8057,5442,232,7,3500,0.04193781634128706,8.688097306689834E-4,0.6431459022418229,0.6,0.5,0.7,0.4,85.0,80.0,90.0,0.6,0.5,0.7,0.4,85.0,80.0,90.0,7675,6029,1646,7675,0.2144625407166124,0.7608137531111361,1.0,0.7608137531111361,2084,0.3456626306186764,1.0,1
"iteration_4","SCOPE_DATA_COLLECTION",1800,0,70.0,130.0,2,9618,7065,2348,0,0,0,7720,5606,1793,1835,1394,510,0.19204604918890633,0.19914285714285715,0.2214502822405558,0.38225271204203054,0.7160678096799566,1.0643582903241673,0.7645054240840611,0.7160678096799566,0.7095721935494449,0.3207253886010363,0.33303603282197647,0.33351924149470163,100.0,100.0,5532,8057,5442,232,7,3500,0.04193781634128706,8.688097306689834E-4,0.6431459022418229,0.6,0.5,0.7,0.4,85.0,80.0,90.0,0.6,0.5,0.7,0.4,85.0,80.0,90.0,2516,1899,617,2516,0.24523052464228934,1.062027318401909,1.5,0.7080182122679393,620,0.3264876250658241,1.0,1
"iteration_4","SCOPE_DATA_COLLECTION",1800,1,130.0,190.0,0,10731,7675,2516,9618,7065,2348,8628,6020,1912,2133,1648,617,0.19821577920267633,0.2149191444966093,0.24396994859628313,0.40801505644763725,0.7578846670452976,1.0694439445836883,0.8160301128952745,0.7578846670452976,0.7129626297224588,0.32568382012053776,0.34352159468438537,0.3294979079497908,100.0,100.0,5905,9009,6008,296,85,4017,0.05012701100762066,0.009435009435009436,0.6686085219707057,0.6,0.5,0.7,0.4,85.0,80.0,90.0,0.6,0.5,0.7,0.4,85.0,80.0,90.0,10665,8444,2221,10665,0.20825128926394748,0.3713814576391143,0.5,0.7427629152782286,2649,0.3137138796778778,1.0,1
"iteration_4","SCOPE_DATA_COLLECTION",1800,1,130.0,190.0,1,10731,7675,2516,9618,7065,2348,8628,6020,1912,2133,1648,617,0.19821577920267633,0.2149191444966093,0.24396994859628313,0.40801505644763725,0.7578846670452976,1.0694439445836883,0.8160301128952745,0.7578846670452976,0.7129626297224588,0.32568382012053776,0.34352159468438537,0.3294979079497908,100.0,100.0,5905,9009,6008,296,85,4017,0.05012701100762066,0.009435009435009436,0.6686085219707057,0.6,0.5,0.7,0.4,85.0,80.0,90.0,0.6,0.5,0.7,0.4,85.0,80.0,90.0,7601,5807,1794,7601,0.2360215761084068,0.727997522272381,1.0,0.727997522272381,1964,0.3382125021525745,1.0,1
"iteration_4","SCOPE_DATA_COLLECTION",1800,1,130.0,190.0,2,10731,7675,2516,9618,7065,2348,8628,6020,1912,2133,1648,617,0.19821577920267633,0.2149191444966093,0.24396994859628313,0.40801505644763725,0.7578846670452976,1.0694439445836883,0.8160301128952745,0.7578846670452976,0.7129626297224588,0.32568382012053776,0.34352159468438537,0.3294979079497908,100.0,100.0,5905,9009,6008,296,85,4017,0.05012701100762066,0.009435009435009436,0.6686085219707057,0.6,0.5,0.7,0.4,85.0,80.0,90.0,0.6,0.5,0.7,0.4,85.0,80.0,90.0,2488,1840,648,2488,0.2604501607717042,1.0576981132172198,1.5,0.7051320754781466,608,0.33043478260869563,1.0,1
"iteration_4","SCOPE_DATA_COLLECTION",1800,2,190.0,250.0,0,10665,7601,2488,10731,7675,2516,8431,5825,1842,2221,1794,648,0.20850544498685694,0.2354639716498228,0.26024096385542167,0.3705197330612105,0.7271411314881662,1.0527429756183178,0.741039466122421,0.7271411314881662,0.7018286504122119,0.3125370655912703,0.3380257510729614,0.3284473398479913,97.5,100.0,5773,9034,5947,229,69,4365,0.03966741728737225,0.007637812707549259,0.7339835211030772,0.6,0.5,0.7,0.4,85.0,80.0,90.0,0.6000000000000001,0.4,0.4,0.4,90.0,60.0,60.0,10578,7495,3083,10578,0.29145396105123844,0.40494277514203175,0.5,0.8098855502840635,2567,0.34249499666444294,1.0,1
"iteration_4","SCOPE_DATA_COLLECTION",1800,2,190.0,250.0,1,10665,7601,2488,10731,7675,2516,8431,5825,1842,2221,1794,648,0.20850544498685694,0.2354639716498228,0.26024096385542167,0.3705197330612105,0.7271411314881662,1.0527429756183178,0.741039466122421,0.7271411314881662,0.7018286504122119,0.3125370655912703,0.3380257510729614,0.3284473398479913,97.5,100.0,5773,9034,5947,229,69,4365,0.03966741728737225,0.007637812707549259,0.7339835211030772,0.6,0.5,0.7,0.4,85.0,80.0,90.0,0.6000000000000001,0.4,0.4,0.4,90.0,60.0,60.0,7703,5463,2240,7703,0.2907957938465533,0.7887847179458666,1.0,0.7887847179458666,2062,0.37744828848617973,1.0,1
"iteration_4","SCOPE_DATA_COLLECTION",1800,2,190.0,250.0,2,10665,7601,2488,10731,7675,2516,8431,5825,1842,2221,1794,648,0.20850544498685694,0.2354639716498228,0.26024096385542167,0.3705197330612105,0.7271411314881662,1.0527429756183178,0.741039466122421,0.7271411314881662,0.7018286504122119,0.3125370655912703,0.3380257510729614,0.3284473398479913,97.5,100.0,5773,9034,5947,229,69,4365,0.03966741728737225,0.007637812707549259,0.7339835211030772,0.6,0.5,0.7,0.4,85.0,80.0,90.0,0.6000000000000001,0.4,0.4,0.4,90.0,60.0,60.0,2509,1707,802,2509,0.319649262654444,1.1182807041185283,1.5,0.7455204694123522,604,0.3538371411833626,1.0,1
"iteration_4","SCOPE_DATA_COLLECTION",1800,3,250.0,310.0,0,10578,7703,2509,10665,7601,2488,7498,5445,1709,3083,2240,802,0.29137132596162935,0.291476903057905,0.31939466348068496,0.40436448907629025,0.7886342935541913,1.121167722901433,0.8087289781525805,0.7886342935541913,0.7474451486009553,0.3416911176313684,0.37704315886134065,0.3545933294324166,100.0,100.0,5728,8957,6105,219,9,5897,0.03823324022346369,0.0010048007145249526,0.9659295659295659,0.6000000000000001,0.4,0.4,0.4,90.0,60.0,60.0,0.7000000000000001,0.5,0.4,0.30000000000000004,90.0,70.0,60.0,10481,9161,1320,10481,0.12594218108959068,0.38804627923059476,0.5,0.7760925584611895,2741,0.29920314376159807,1.0,1
"iteration_4","SCOPE_DATA_COLLECTION",1800,3,250.0,310.0,1,10578,7703,2509,10665,7601,2488,7498,5445,1709,3083,2240,802,0.29137132596162935,0.291476903057905,0.31939466348068496,0.40436448907629025,0.7886342935541913,1.121167722901433,0.8087289781525805,0.7886342935541913,0.7474451486009553,0.3416911176313684,0.37704315886134065,0.3545933294324166,100.0,100.0,5728,8957,6105,219,9,5897,0.03823324022346369,0.0010048007145249526,0.9659295659295659,0.6000000000000001,0.4,0.4,0.4,90.0,60.0,60.0,0.7000000000000001,0.5,0.4,0.30000000000000004,90.0,70.0,60.0,7567,6591,976,7567,0.12898110215409012,0.6893051877732386,1.0,0.6893051877732386,1902,0.2885753299954483,1.0,1
"iteration_4","SCOPE_DATA_COLLECTION",1800,3,250.0,310.0,2,10578,7703,2509,10665,7601,2488,7498,5445,1709,3083,2240,802,0.29137132596162935,0.291476903057905,0.31939466348068496,0.40436448907629025,0.7886342935541913,1.121167722901433,0.8087289781525805,0.7886342935541913,0.7474451486009553,0.3416911176313684,0.37704315886134065,0.3545933294324166,100.0,100.0,5728,8957,6105,219,9,5897,0.03823324022346369,0.0010048007145249526,0.9659295659295659,0.6000000000000001,0.4,0.4,0.4,90.0,60.0,60.0,0.7000000000000001,0.5,0.4,0.30000000000000004,90.0,70.0,60.0,2532,2110,422,2532,0.16666666666666666,1.086643320319743,1.5,0.724428880213162,672,0.3184834123222749,1.0,1
"iteration_4","SCOPE_DATA_COLLECTION",1800,4,310.0,370.0,0,10481,7567,2532,10578,7703,2509,9145,6562,2083,1320,976,421,0.126134734830387,0.12947731493764925,0.16813099041533547,0.389192232148316,0.6896206782259452,1.0844983894099889,0.778384464296632,0.6896206782259452,0.722998926273326,0.3011481683980317,0.28985065528802195,0.3187710033605377,97.5,100.0,5520,10484,4576,192,598,1927,0.034782608695652174,0.057039297977871044,0.42111013986013984,0.7000000000000001,0.5,0.4,0.30000000000000004,90.0,70.0,60.0,0.7000000000000001,0.5,0.4,0.30000000000000004,90.0,70.0,70.0,10633,9263,1370,10633,0.12884416439386814,0.40361880812808226,0.5,0.8072376162561645,2811,0.3034653999784087,1.0,1
"iteration_4","SCOPE_DATA_COLLECTION",1800,4,310.0,370.0,1,10481,7567,2532,10578,7703,2509,9145,6562,2083,1320,976,421,0.126134734830387,0.12947731493764925,0.16813099041533547,0.389192232148316,0.6896206782259452,1.0844983894099889,0.778384464296632,0.6896206782259452,0.722998926273326,0.3011481683980317,0.28985065528802195,0.3187710033605377,97.5,100.0,5520,10484,4576,192,598,1927,0.034782608695652174,0.057039297977871044,0.42111013986013984,0.7000000000000001,0.5,0.4,0.30000000000000004,90.0,70.0,60.0,0.7000000000000001,0.5,0.4,0.30000000000000004,90.0,70.0,70.0,7843,6817,1026,7843,0.13081728930256278,0.7263378276806819,1.0,0.7263378276806819,2078,0.30482616986944405,1.0,1
"iteration_4","SCOPE_DATA_COLLECTION",1800,4,310.0,370.0,2,10481,7567,2532,10578,7703,2509,9145,6562,2083,1320,976,421,0.126134734830387,0.12947731493764925,0.16813099041533547,0.389192232148316,0.6896206782259452,1.0844983894099889,0.778384464296632,0.6896206782259452,0.722998926273326,0.3011481683980317,0.28985065528802195,0.3187710033605377,97.5,100.0,5520,10484,4576,192,598,1927,0.034782608695652174,0.057039297977871044,0.42111013986013984,0.7000000000000001,0.5,0.4,0.30000000000000004,90.0,70.0,60.0,0.7000000000000001,0.5,0.4,0.30000000000000004,90.0,70.0,70.0,2575,2173,402,2575,0.15611650485436893,1.058664542660012,1.5,0.7057763617733414,643,0.29590427979751494,1.0,1
"iteration_4","SCOPE_DATA_COLLECTION",1800,5,370.0,430.0,0,10633,7843,2575,10481,7567,2532,9242,6806,2178,1366,1018,402,0.1287707390648567,0.1301124744376278,0.1558139534883721,0.40254077144783895,0.7231734304743457,1.0599433712602546,0.8050815428956779,0.7231734304743457,0.706628914173503,0.30318112962562216,0.3031148986188657,0.29614325068870523,97.5,100.0,5596,10880,4575,191,774,1821,0.03413152251608292,0.07113970588235294,0.3980327868852459,0.7000000000000001,0.5,0.4,0.30000000000000004,90.0,70.0,70.0,0.7000000000000001,0.6000000000000001,0.4,0.2,80.0,70.0,80.0,10566,9352,1214,10566,0.11489683891728185,0.41493142142922035,0.5,0.8298628428584407,2881,0.3080624465355004,1.0,1
"iteration_4","SCOPE_DATA_COLLECTION",1800,5,370.0,430.0,1,10633,7843,2575,10481,7567,2532,9242,6806,2178,1366,1018,402,0.1287707390648567,0.1301124744376278,0.1558139534883721,0.40254077144783895,0.7231734304743457,1.0599433712602546,0.8050815428956779,0.7231734304743457,0.706628914173503,0.30318112962562216,0.3031148986188657,0.29614325068870523,97.5,100.0,5596,10880,4575,191,774,1821,0.03413152251608292,0.07113970588235294,0.3980327868852459,0.7000000000000001,0.5,0.4,0.30000000000000004,90.0,70.0,70.0,0.7000000000000001,0.6000000000000001,0.4,0.2,80.0,70.0,80.0,7679,6687,992,7679,0.12918348743325955,0.7245902549088671,1.0,0.7245902549088671,2064,0.30865859129654555,1.0,1
"iteration_4","SCOPE_DATA_COLLECTION",1800,5,370.0,430.0,2,10633,7843,2575,10481,7567,2532,9242,6806,2178,1366,1018,402,0.1287707390648567,0.1301124744376278,0.1558139534883721,0.40254077144783895,0.7231734304743457,1.0599433712602546,0.8050815428956779,0.7231734304743457,0.706628914173503,0.30318112962562216,0.3031148986188657,0.29614325068870523,97.5,100.0,5596,10880,4575,191,774,1821,0.03413152251608292,0.07113970588235294,0.3980327868852459,0.7000000000000001,0.5,0.4,0.30000000000000004,90.0,70.0,70.0,0.7000000000000001,0.6000000000000001,0.4,0.2,80.0,70.0,80.0,2560,2152,408,2560,0.159375,1.0364317887039791,1.5,0.6909545258026527,624,0.2899628252788104,1.0,1
"iteration_4","SCOPE_DATA_COLLECTION",1800,6,430.0,490.0,0,10566,7679,2560,10633,7843,2575,9354,6725,2176,1218,1000,409,0.1152099886492622,0.12944983818770225,0.15822050290135398,0.4145817415613924,0.7264882830663002,1.039993440852731,0.8291634831227848,0.7264882830663002,0.6933289605684873,0.3063929869574514,0.3091449814126394,0.2913602941176471,100.0,100.0,5582,10592,4631,162,623,1842,0.029021855965603725,0.05881797583081571,0.39775426473763764,0.7000000000000001,0.6000000000000001,0.4,0.2,80.0,70.0,80.0,0.8,0.7000000000000001,0.5,0.30000000000000004,80.0,80.0,70.0,10679,7874,2805,10679,0.2626650435434029,0.4754060098705303,0.5,0.9508120197410606,3147,0.3996697993395987,1.0,1
"iteration_4","SCOPE_DATA_COLLECTION",1800,6,430.0,490.0,1,10566,7679,2560,10633,7843,2575,9354,6725,2176,1218,1000,409,0.1152099886492622,0.12944983818770225,0.15822050290135398,0.4145817415613924,0.7264882830663002,1.039993440852731,0.8291634831227848,0.7264882830663002,0.6933289605684873,0.3063929869574514,0.3091449814126394,0.2913602941176471,100.0,100.0,5582,10592,4631,162,623,1842,0.029021855965603725,0.05881797583081571,0.39775426473763764,0.7000000000000001,0.6000000000000001,0.4,0.2,80.0,70.0,80.0,0.8,0.7000000000000001,0.5,0.30000000000000004,80.0,80.0,70.0,7629,5338,2291,7629,0.3003014811901953,0.8392444546423814,1.0,0.8392444546423814,2078,0.3892843761708505,1.0,1
"iteration_4","SCOPE_DATA_COLLECTION",1800,6,430.0,490.0,2,10566,7679,2560,10633,7843,2575,9354,6725,2176,1218,1000,409,0.1152099886492622,0.12944983818770225,0.15822050290135398,0.4145817415613924,0.7264882830663002,1.039993440852731,0.8291634831227848,0.7264882830663002,0.6933289605684873,0.3063929869574514,0.3091449814126394,0.2913602941176471,100.0,100.0,5582,10592,4631,162,623,1842,0.029021855965603725,0.05881797583081571,0.39775426473763764,0.7000000000000001,0.6000000000000001,0.4,0.2,80.0,70.0,80.0,0.8,0.7000000000000001,0.5,0.30000000000000004,80.0,80.0,70.0,2499,1649,850,2499,0.3401360544217687,1.236494052197443,1.5,0.8243293681316287,658,0.39902971497877504,1.0,1
"iteration_4","SCOPE_DATA_COLLECTION",1800,7,490.0,550.0,0,10679,7629,2499,10566,7679,2560,7919,5348,1649,2805,2289,849,0.2615628496829541,0.2997250229147571,0.3398718975180144,0.4759878276300066,0.8391208570951264,1.230832382743875,0.9519756552600132,0.8391208570951264,0.8205549218292499,0.40017678999873724,0.3887434554973822,0.3959975742874469,100.0,100.0,5709,12062,3036,194,5717,32,0.033981432825363464,0.4739678328635384,0.010540184453227932,0.8,0.7000000000000001,0.5,0.30000000000000004,80.0,80.0,70.0,0.8,0.7000000000000001,0.5,0.30000000000000004,80.0,80.0,70.0,10577,7854,2723,10577,0.257445400397088,0.4302935073574108,0.5,0.8605870147148216,2787,0.35485103132161955,1.0,1
"iteration_4","SCOPE_DATA_COLLECTION",1800,7,490.0,550.0,1,10679,7629,2499,10566,7679,2560,7919,5348,1649,2805,2289,849,0.2615628496829541,0.2997250229147571,0.3398718975180144,0.4759878276300066,0.8391208570951264,1.230832382743875,0.9519756552600132,0.8391208570951264,0.8205549218292499,0.40017678999873724,0.3887434554973822,0.3959975742874469,100.0,100.0,5709,12062,3036,194,5717,32,0.033981432825363464,0.4739678328635384,0.010540184453227932,0.8,0.7000000000000001,0.5,0.30000000000000004,80.0,80.0,70.0,0.8,0.7000000000000001,0.5,0.30000000000000004,80.0,80.0,70.0,7757,5661,2096,7757,0.2702075544669331,0.8014493403727085,1.0,0.8014493403727085,2029,0.35841724077018194,1.0,1
"iteration_4","SCOPE_DATA_COLLECTION",1800,7,490.0,550.0,2,10679,7629,2499,10566,7679,2560,7919,5348,1649,2805,2289,849,0.2615628496829541,0.2997250229147571,0.3398718975180144,0.4759878276300066,0.8391208570951264,1.230832382743875,0.9519756552600132,0.8391208570951264,0.8205549218292499,0.40017678999873724,0.3887434554973822,0.3959975742874469,100.0,100.0,5709,12062,3036,194,5717,32,0.033981432825363464,0.4739678328635384,0.010540184453227932,0.8,0.7000000000000001,0.5,0.30000000000000004,80.0,80.0,70.0,0.8,0.7000000000000001,0.5,0.30000000000000004,80.0,80.0,70.0,2502,1789,713,2502,0.28497202238209435,1.1743549586541386,1.5,0.7829033057694258,652,0.36444941307993295,1.0,1
"iteration_4","SCOPE_DATA_COLLECTION",1800,8,550.0,610.0,0,10577,7757,2502,10679,7629,2499,7813,5643,1777,2723,2098,714,0.25844722854973423,0.27102441545020023,0.28663187474909674,0.4289548318566824,0.8004172293681788,1.1764108863414784,0.8579096637133647,0.8004172293681788,0.7842739242276523,0.3544093178036606,0.3584972532340953,0.3663477771525042,100.0,100.0,5713,12107,3016,235,5275,25,0.04113425520742167,0.43569835632278847,0.008289124668435014,0.8,0.7000000000000001,0.5,0.30000000000000004,80.0,80.0,70.0,0.15000000000000002,0.2,0.1,0.2,50.0,65.0,95.0,10699,3912,6787,10699,0.6343583512477802,0.4830635316153336,0.5,0.9661270632306672,2071,0.52939672801636,1.0,1
"iteration_4","SCOPE_DATA_COLLECTION",1800,8,550.0,610.0,1,10577,7757,2502,10679,7629,2499,7813,5643,1777,2723,2098,714,0.25844722854973423,0.27102441545020023,0.28663187474909674,0.4289548318566824,0.8004172293681788,1.1764108863414784,0.8579096637133647,0.8004172293681788,0.7842739242276523,0.3544093178036606,0.3584972532340953,0.3663477771525042,100.0,100.0,5713,12107,3016,235,5275,25,0.04113425520742167,0.43569835632278847,0.008289124668435014,0.8,0.7000000000000001,0.5,0.30000000000000004,80.0,80.0,70.0,0.15000000000000002,0.2,0.1,0.2,50.0,65.0,95.0,7680,2814,4866,7680,0.63359375,1.0259928309192703,1.0,1.0259928309192703,1877,0.6670220326936744,1.0,1
"iteration_4","SCOPE_DATA_COLLECTION",1800,8,550.0,610.0,2,10577,7757,2502,10679,7629,2499,7813,5643,1777,2723,2098,714,0.25844722854973423,0.27102441545020023,0.28663187474909674,0.4289548318566824,0.8004172293681788,1.1764108863414784,0.8579096637133647,0.8004172293681788,0.7842739242276523,0.3544093178036606,0.3584972532340953,0.3663477771525042,100.0,100.0,5713,12107,3016,235,5275,25,0.04113425520742167,0.43569835632278847,0.008289124668435014,0.8,0.7000000000000001,0.5,0.30000000000000004,80.0,80.0,70.0,0.15000000000000002,0.2,0.1,0.2,50.0,65.0,95.0,2609,950,1659,2609,0.6358758144883097,1.6781383922131419,1.5,1.1187589281420947,651,0.6852631578947368,1.0,1
"iteration_4","SCOPE_DATA_COLLECTION",1800,9,610.0,670.0,0,10699,7680,2609,10577,7757,2502,3968,2847,954,6787,4866,1659,0.6310553231055324,0.6308829249319331,0.634902411021814,0.4867654660890446,1.031743267935098,1.6679028221726837,0.9735309321780892,1.031743267935098,1.1119352147817891,0.5297379032258065,0.6645591851071303,0.6761006289308176,100.0,100.0,5318,2340,13330,64,3,13245,0.012034599473486273,0.001282051282051282,0.9936234058514629,0.15000000000000002,0.2,0.1,0.2,50.0,65.0,95.0,0.05,0.2,0.2,0.30000000000000004,60.0,75.0,95.0,10516,3104,7412,10516,0.7048307341194371,0.5856500734868861,0.5,1.1713001469737723,2075,0.6684922680412371,1.0,1
"iteration_4","SCOPE_DATA_COLLECTION",1800,9,610.0,670.0,1,10699,7680,2609,10577,7757,2502,3968,2847,954,6787,4866,1659,0.6310553231055324,0.6308829249319331,0.634902411021814,0.4867654660890446,1.031743267935098,1.6679028221726837,0.9735309321780892,1.031743267935098,1.1119352147817891,0.5297379032258065,0.6645591851071303,0.6761006289308176,100.0,100.0,5318,2340,13330,64,3,13245,0.012034599473486273,0.001282051282051282,0.9936234058514629,0.15000000000000002,0.2,0.1,0.2,50.0,65.0,95.0,0.05,0.2,0.2,0.30000000000000004,60.0,75.0,95.0,7744,2277,5467,7744,0.7059659090909091,1.3317070333306635,1.0,1.3317070333306635,1954,0.8581466842336407,1.0,1
"iteration_4","SCOPE_DATA_COLLECTION",1800,9,610.0,670.0,2,10699,7680,2609,10577,7757,2502,3968,2847,954,6787,4866,1659,0.6310553231055324,0.6308829249319331,0.634902411021814,0.4867654660890446,1.031743267935098,1.6679028221726837,0.9735309321780892,1.031743267935098,1.1119352147817891,0.5297379032258065,0.6645591851071303,0.6761006289308176,100.0,100.0,5318,2340,13330,64,3,13245,0.012034599473486273,0.001282051282051282,0.9936234058514629,0.15000000000000002,0.2,0.1,0.2,50.0,65.0,95.0,0.05,0.2,0.2,0.30000000000000004,60.0,75.0,95.0,2593,739,1854,2593,0.7150019282684149,2.064977275720021,1.5,1.3766515171466807,639,0.86468200270636,1.0,1
"iteration_4","SCOPE_DATA_COLLECTION",1800,10,670.0,730.0,0,10516,7744,2593,10699,7680,2609,3079,2281,753,7412,5467,1854,0.7065103421980745,0.7056014455343315,0.7111622554660529,0.5853031708490374,1.3331338503548498,2.067375836779546,1.1706063416980748,1.3331338503548498,1.3782505578530306,0.6677492692432608,0.8583954405962297,0.8658698539176627,100.0,100.0,5463,781,14609,124,0,14609,0.022698151198974923,0.0,1.0,0.05,0.2,0.2,0.30000000000000004,60.0,75.0,95.0,0.05,0.7000000000000001,0.2,0.9,50.0,90.0,80.0,10448,3177,7271,10448,0.6959226646248086,0.6699533368454001,0.5,1.3399066736908003,2319,0.7299338999055713,1.0,1
"iteration_4","SCOPE_DATA_COLLECTION",1800,10,670.0,730.0,1,10516,7744,2593,10699,7680,2609,3079,2281,753,7412,5467,1854,0.7065103421980745,0.7056014455343315,0.7111622554660529,0.5853031708490374,1.3331338503548498,2.067375836779546,1.1706063416980748,1.3331338503548498,1.3782505578530306,0.6677492692432608,0.8583954405962297,0.8658698539176627,100.0,100.0,5463,781,14609,124,0,14609,0.022698151198974923,0.0,1.0,0.05,0.2,0.2,0.30000000000000004,60.0,75.0,95.0,0.05,0.7000000000000001,0.2,0.9,50.0,90.0,80.0,7714,2314,5400,7714,0.7000259268861809,1.298176261619116,1.0,1.298176261619116,1963,0.848314606741573,1.0,1
"iteration_4","SCOPE_DATA_COLLECTION",1800,10,670.0,730.0,2,10516,7744,2593,10699,7680,2609,3079,2281,753,7412,5467,1854,0.7065103421980745,0.7056014455343315,0.7111622554660529,0.5853031708490374,1.3331338503548498,2.067375836779546,1.1706063416980748,1.3331338503548498,1.3782505578530306,0.6677492692432608,0.8583954405962297,0.8658698539176627,100.0,100.0,5463,781,14609,124,0,14609,0.022698151198974923,0.0,1.0,0.05,0.2,0.2,0.30000000000000004,60.0,75.0,95.0,0.05,0.7000000000000001,0.2,0.9,50.0,90.0,80.0,2431,679,1752,2431,0.7206910736322502,2.1281153864776123,1.5,1.418743590985075,596,0.8777614138438881,1.0,1
"iteration_4","SCOPE_DATA_COLLECTION",1800,11,730.0,790.0,0,10448,7714,2431,10516,7744,2593,3178,2309,675,7271,5400,1751,0.6958560627811273,0.7004799584900765,0.7217642209398186,0.6646865126627022,1.295505486181948,2.121430035034658,1.3293730253254044,1.295505486181948,1.4142866900231053,0.7281308999370674,0.8475530532698138,0.8755555555555555,100.0,100.0,5544,774,14275,147,0,14275,0.026515151515151516,0.0,1.0,0.05,0.7000000000000001,0.2,0.9,50.0,90.0,80.0,0.05,0.7000000000000001,0.2,0.9,50.0,90.0,80.0,10582,3188,7394,10582,0.6987336987336987,0.6743427108544097,0.5,1.3486854217088193,2380,0.7465495608531995,1.0,1
"iteration_4","SCOPE_DATA_COLLECTION",1800,11,730.0,790.0,1,10448,7714,2431,10516,7744,2593,3178,2309,675,7271,5400,1751,0.6958560627811273,0.7004799584900765,0.7217642209398186,0.6646865126627022,1.295505486181948,2.121430035034658,1.3293730253254044,1.295505486181948,1.4142866900231053,0.7281308999370674,0.8475530532698138,0.8755555555555555,100.0,100.0,5544,774,14275,147,0,14275,0.026515151515151516,0.0,1.0,0.05,0.7000000000000001,0.2,0.9,50.0,90.0,80.0,0.05,0.7000000000000001,0.2,0.9,50.0,90.0,80.0,7724,2288,5436,7724,0.7037804246504402,1.2872136133203576,1.0,1.2872136133203576,1935,0.8457167832167832,1.0,1
"iteration_4","SCOPE_DATA_COLLECTION",1800,11,730.0,790.0,2,10448,7714,2431,10516,7744,2593,3178,2309,675,7271,5400,1751,0.6958560627811273,0.7004799584900765,0.7217642209398186,0.6646865126627022,1.295505486181948,2.121430035034658,1.3293730253254044,1.295505486181948,1.4142866900231053,0.7281308999370674,0.8475530532698138,0.8755555555555555,100.0,100.0,5544,774,14275,147,0,14275,0.026515151515151516,0.0,1.0,0.05,0.7000000000000001,0.2,0.9,50.0,90.0,80.0,0.05,0.7000000000000001,0.2,0.9,50.0,90.0,80.0,2494,660,1834,2494,0.7353648757016841,2.130463808783116,1.5,1.4203092058554105,582,0.8818181818181818,1.0,1
"iteration_4","SCOPE_DATA_COLLECTION",1800,12,790.0,850.0,0,10582,7724,2494,10448,7714,2431,3183,2283,662,7394,5436,1835,0.6990640068072232,0.7042363000388652,0.7348818582298758,0.6771825280907972,1.2833703538100056,2.1252726918110274,1.3543650561815943,1.2833703538100056,1.4168484612073515,0.7464655984919887,0.8453788874288217,0.8806646525679759,100.0,100.0,5563,716,14521,143,1,14521,0.025705554556893762,0.0013966480446927375,1.0,0.05,0.7000000000000001,0.2,0.9,50.0,90.0,80.0,0.15000000000000002,0.7000000000000001,0.1,0.9,60.0,95.0,80.0,10559,3941,6618,10559,0.6267638980964106,0.5707497846028415,0.5,1.141499569205683,2327,0.590459274295864,1.0,1
"iteration_4","SCOPE_DATA_COLLECTION",1800,12,790.0,850.0,1,10582,7724,2494,10448,7714,2431,3183,2283,662,7394,5436,1835,0.6990640068072232,0.7042363000388652,0.7348818582298758,0.6771825280907972,1.2833703538100056,2.1252726918110274,1.3543650561815943,1.2833703538100056,1.4168484612073515,0.7464655984919887,0.8453788874288217,0.8806646525679759,100.0,100.0,5563,716,14521,143,1,14521,0.025705554556893762,0.0013966480446927375,1.0,0.05,0.7000000000000001,0.2,0.9,50.0,90.0,80.0,0.15000000000000002,0.7000000000000001,0.1,0.9,60.0,95.0,80.0,7721,2842,4879,7721,0.6319129646418857,1.0298290367171636,1.0,1.0298290367171636,1930,0.6790992258972555,1.0,1
"iteration_4","SCOPE_DATA_COLLECTION",1800,12,790.0,850.0,2,10582,7724,2494,10448,7714,2431,3183,2283,662,7394,5436,1835,0.6990640068072232,0.7042363000388652,0.7348818582298758,0.6771825280907972,1.2833703538100056,2.1252726918110274,1.3543650561815943,1.2833703538100056,1.4168484612073515,0.7464655984919887,0.8453788874288217,0.8806646525679759,100.0,100.0,5563,716,14521,143,1,14521,0.025705554556893762,0.0013966480446927375,1.0,0.05,0.7000000000000001,0.2,0.9,50.0,90.0,80.0,0.15000000000000002,0.7000000000000001,0.1,0.9,60.0,95.0,80.0,2505,885,1620,2505,0.6467065868263473,1.6955316106694274,1.5,1.1303544071129517,589,0.6655367231638418,1.0,1
"iteration_4","SCOPE_DATA_COLLECTION",1800,13,850.0,910.0,0,10559,7721,2505,10582,7724,2494,3946,2849,884,6618,4879,1620,0.6264672472548277,0.6313405797101449,0.646964856230032,0.5710272973314461,1.033700776664018,1.7019090662689986,1.1420545946628922,1.033700776664018,1.1346060441793324,0.5914850481500253,0.6802386802386803,0.668552036199095,100.0,100.0,5482,2282,13021,94,2,13021,0.017147026632615834,8.764241893076249E-4,1.0,0.15000000000000002,0.7000000000000001,0.1,0.9,60.0,95.0,80.0,0.05,0.6000000000000001,0.1,0.9,70.0,85.0,90.0,10599,3189,7410,10599,0.6991225587319558,0.678480340374942,0.5,1.356960680749884,2398,0.7519598620257134,1.0,1
"iteration_4","SCOPE_DATA_COLLECTION",1800,13,850.0,910.0,1,10559,7721,2505,10582,7724,2494,3946,2849,884,6618,4879,1620,0.6264672472548277,0.6313405797101449,0.646964856230032,0.5710272973314461,1.033700776664018,1.7019090662689986,1.1420545946628922,1.033700776664018,1.1346060441793324,0.5914850481500253,0.6802386802386803,0.668552036199095,100.0,100.0,5482,2282,13021,94,2,13021,0.017147026632615834,8.764241893076249E-4,1.0,0.15000000000000002,0.7000000000000001,0.1,0.9,60.0,95.0,80.0,0.05,0.6000000000000001,0.1,0.9,70.0,85.0,90.0,7791,2312,5479,7791,0.7032473366705173,1.2223179962716588,1.0,1.2223179962716588,1943,0.8403979238754326,1.0,1
"iteration_4","SCOPE_DATA_COLLECTION",1800,13,850.0,910.0,2,10559,7721,2505,10582,7724,2494,3946,2849,884,6618,4879,1620,0.6264672472548277,0.6313405797101449,0.646964856230032,0.5710272973314461,1.033700776664018,1.7019090662689986,1.1420545946628922,1.033700776664018,1.1346060441793324,0.5914850481500253,0.6802386802386803,0.668552036199095,100.0,100.0,5482,2282,13021,94,2,13021,0.017147026632615834,8.764241893076249E-4,1.0,0.15000000000000002,0.7000000000000001,0.1,0.9,60.0,95.0,80.0,0.05,0.6000000000000001,0.1,0.9,70.0,85.0,90.0,2528,695,1833,2528,0.7250791139240507,2.072018977625444,1.5,1.3813459850836294,598,0.860431654676259,1.0,1
"iteration_4","SCOPE_DATA_COLLECTION",1800,14,910.0,970.0,0,10599,7791,2528,10559,7721,2505,3205,2317,697,7410,5479,1833,0.6980687706076307,0.702796305797845,0.724505928853755,0.6803684605804248,1.2258287093731677,2.0727582359868864,1.3607369211608495,1.2258287093731677,1.3818388239912576,0.753198127925117,0.8411739318083729,0.8593974175035868,100.0,100.0,5559,752,14607,115,0,14607,0.020687173952149668,0.0,1.0,0.05,0.6000000000000001,0.1,0.9,70.0,85.0,90.0,0.05,0.6000000000000001,0.1,0.9,60.0,75.0,95.0,10358,3188,7170,10358,0.6922185750144816,0.654573201735169,0.5,1.309146403470338,2361,0.7405897114178168,1.0,1
"iteration_4","SCOPE_DATA_COLLECTION",1800,14,910.0,970.0,1,10599,7791,2528,10559,7721,2505,3205,2317,697,7410,5479,1833,0.6980687706076307,0.702796305797845,0.724505928853755,0.6803684605804248,1.2258287093731677,2.0727582359868864,1.3607369211608495,1.2258287093731677,1.3818388239912576,0.753198127925117,0.8411739318083729,0.8593974175035868,100.0,100.0,5559,752,14607,115,0,14607,0.020687173952149668,0.0,1.0,0.05,0.6000000000000001,0.1,0.9,70.0,85.0,90.0,0.05,0.6000000000000001,0.1,0.9,60.0,75.0,95.0,7754,2344,5410,7754,0.6977044106267732,1.249983268771847,1.0,1.249983268771847,2008,0.856655290102389,1.0,1
"iteration_4","SCOPE_DATA_COLLECTION",1800,14,910.0,970.0,2,10599,7791,2528,10559,7721,2505,3205,2317,697,7410,5479,1833,0.6980687706076307,0.702796305797845,0.724505928853755,0.6803684605804248,1.2258287093731677,2.0727582359868864,1.3607369211608495,1.2258287093731677,1.3818388239912576,0.753198127925117,0.8411739318083729,0.8593974175035868,100.0,100.0,5559,752,14607,115,0,14607,0.020687173952149668,0.0,1.0,0.05,0.6000000000000001,0.1,0.9,70.0,85.0,90.0,0.05,0.6000000000000001,0.1,0.9,60.0,75.0,95.0,2535,701,1834,2535,0.7234714003944773,2.064029342849314,1.5,1.3760195618995426,603,0.8601997146932953,1.0,1
"iteration_4","SCOPE_DATA_COLLECTION",1800,15,970.0,1030.0,0,10358,7754,2535,10599,7791,2528,3184,2327,699,7170,5410,1834,0.6924859957504346,0.6992374305286286,0.7240426371891038,0.6530160917676551,1.2460410765707932,2.0574185066506976,1.3060321835353101,1.2460410765707932,1.3716123377671317,0.7396356783919598,0.8551783412118608,0.8569384835479256,100.0,100.0,5585,763,14299,114,1,14299,0.020411817367949867,0.001310615989515072,1.0,0.05,0.6000000000000001,0.1,0.9,60.0,75.0,95.0,0.05,0.6000000000000001,0.1,0.9,60.0,75.0,95.0,10541,3203,7338,10541,0.6961388862536761,0.645545413423162,0.5,1.291090826846324,2296,0.7168279737745863,1.0,1
"iteration_4","SCOPE_DATA_COLLECTION",1800,15,970.0,1030.0,1,10358,7754,2535,10599,7791,2528,3184,2327,699,7170,5410,1834,0.6924859957504346,0.6992374305286286,0.7240426371891038,0.6530160917676551,1.2460410765707932,2.0574185066506976,1.3060321835353101,1.2460410765707932,1.3716123377671317,0.7396356783919598,0.8551783412118608,0.8569384835479256,100.0,100.0,5585,763,14299,114,1,14299,0.020411817367949867,0.001310615989515072,1.0,0.05,0.6000000000000001,0.1,0.9,60.0,75.0,95.0,0.05,0.6000000000000001,0.1,0.9,60.0,75.0,95.0,7652,2259,5393,7652,0.7047830632514376,1.2342226767954663,1.0,1.2342226767954663,1903,0.8424081451969898,1.0,1
"iteration_4","SCOPE_DATA_COLLECTION",1800,15,970.0,1030.0,2,10358,7754,2535,10599,7791,2528,3184,2327,699,7170,5410,1834,0.6924859957504346,0.6992374305286286,0.7240426371891038,0.6530160917676551,1.2460410765707932,2.0574185066506976,1.3060321835353101,1.2460410765707932,1.3716123377671317,0.7396356783919598,0.8551783412118608,0.8569384835479256,100.0,100.0,5585,763,14299,114,1,14299,0.020411817367949867,0.001310615989515072,1.0,0.05,0.6000000000000001,0.1,0.9,60.0,75.0,95.0,0.05,0.6000000000000001,0.1,0.9,60.0,75.0,95.0,2534,687,1847,2534,0.728887134964483,2.10127778813909,1.5,1.4008518587593934,605,0.8806404657933042,1.0,1
"iteration_4","SCOPE_DATA_COLLECTION",1800,16,1030.0,1090.0,0,10541,7652,2534,10358,7754,2535,3192,2274,688,7338,5393,1847,0.6968660968660969,0.7034041998173992,0.7285996055226824,0.6449229702526987,1.2380239615316329,2.1026883769787417,1.2898459405053975,1.2380239615316329,1.4017922513191612,0.7152255639097744,0.8443271767810027,0.8808139534883721,100.0,100.0,5445,807,14475,103,0,14475,0.01891643709825528,0.0,1.0,0.05,0.6000000000000001,0.1,0.9,60.0,75.0,95.0,0.05,0.5,0.1,0.8,50.0,65.0,85.0,10701,3241,7460,10701,0.697131109242127,0.6845473650330061,0.5,1.3690947300660121,2403,0.7414378278309164,1.0,1
"iteration_4","SCOPE_DATA_COLLECTION",1800,16,1030.0,1090.0,1,10541,7652,2534,10358,7754,2535,3192,2274,688,7338,5393,1847,0.6968660968660969,0.7034041998173992,0.7285996055226824,0.6449229702526987,1.2380239615316329,2.1026883769787417,1.2898459405053975,1.2380239615316329,1.4017922513191612,0.7152255639097744,0.8443271767810027,0.8808139534883721,100.0,100.0,5445,807,14475,103,0,14475,0.01891643709825528,0.0,1.0,0.05,0.6000000000000001,0.1,0.9,60.0,75.0,95.0,0.05,0.5,0.1,0.8,50.0,65.0,85.0,7698,2242,5456,7698,0.7087555209145232,1.241498252207039,1.0,1.241498252207039,1880,0.8385370205173952,1.0,1
"iteration_4","SCOPE_DATA_COLLECTION",1800,16,1030.0,1090.0,2,10541,7652,2534,10358,7754,2535,3192,2274,688,7338,5393,1847,0.6968660968660969,0.7034041998173992,0.7285996055226824,0.6449229702526987,1.2380239615316329,2.1026883769787417,1.2898459405053975,1.2380239615316329,1.4017922513191612,0.7152255639097744,0.8443271767810027,0.8808139534883721,100.0,100.0,5445,807,14475,103,0,14475,0.01891643709825528,0.0,1.0,0.05,0.6000000000000001,0.1,0.9,60.0,75.0,95.0,0.05,0.5,0.1,0.8,50.0,65.0,85.0,2574,698,1876,2574,0.7288267288267288,2.132895857205929,1.5,1.4219305714706192,617,0.8839541547277937,1.0,1
"iteration_4","SCOPE_DATA_COLLECTION",1800,17,1090.0,1150.0,0,10701,7698,2574,10541,7652,2534,3245,2244,700,7460,5456,1876,0.6968706212050444,0.7085714285714285,0.7282608695652174,0.6855507493256322,1.2387953916705687,2.135240683643495,1.3711014986512644,1.2387953916705687,1.4234937890956634,0.7423728813559322,0.8368983957219251,0.8857142857142857,97.5,100.0,5545,754,14674,117,1,14674,0.021100090171325518,0.001326259946949602,1.0,0.05,0.5,0.1,0.8,50.0,65.0,85.0,0.30000000000000004,0.1,0.5,0.4,30.0,35.0,30.0,10432,5182,5250,10432,0.5032592024539877,0.41404684978797995,0.5,0.8280936995759599,2136,0.4121960632960247,1.0,1
"iteration_4","SCOPE_DATA_COLLECTION",1800,17,1090.0,1150.0,1,10701,7698,2574,10541,7652,2534,3245,2244,700,7460,5456,1876,0.6968706212050444,0.7085714285714285,0.7282608695652174,0.6855507493256322,1.2387953916705687,2.135240683643495,1.3711014986512644,1.2387953916705687,1.4234937890956634,0.7423728813559322,0.8368983957219251,0.8857142857142857,97.5,100.0,5545,754,14674,117,1,14674,0.021100090171325518,0.001326259946949602,1.0,0.05,0.5,0.1,0.8,50.0,65.0,85.0,0.30000000000000004,0.1,0.5,0.4,30.0,35.0,30.0,7536,3677,3859,7536,0.5120753715498938,0.9490942376204387,1.0,0.9490942376204387,1986,0.5401142235518085,1.0,1
"iteration_4","SCOPE_DATA_COLLECTION",1800,17,1090.0,1150.0,2,10701,7698,2574,10541,7652,2534,3245,2244,700,7460,5456,1876,0.6968706212050444,0.7085714285714285,0.7282608695652174,0.6855507493256322,1.2387953916705687,2.135240683643495,1.3711014986512644,1.2387953916705687,1.4234937890956634,0.7423728813559322,0.8368983957219251,0.8857142857142857,97.5,100.0,5545,754,14674,117,1,14674,0.021100090171325518,0.001326259946949602,1.0,0.05,0.5,0.1,0.8,50.0,65.0,85.0,0.30000000000000004,0.1,0.5,0.4,30.0,35.0,30.0,2521,1143,1378,2521,0.5466084886949624,1.4815988101350586,1.5,0.9877325400900391,641,0.5608048993875766,1.0,1
"iteration_4","SCOPE_DATA_COLLECTION",1800,18,1150.0,1210.0,0,10432,7536,2521,10701,7698,2574,5175,3656,1135,5250,3859,1378,0.5035971223021583,0.5135063206919495,0.5483485873458018,0.41440228307983895,0.9476301192316207,1.4758124174641694,0.8288045661596779,0.9476301192316207,0.9838749449761129,0.41333333333333333,0.5402078774617067,0.5594713656387665,100.0,100.0,5827,4388,10274,207,6,10274,0.03552428350780848,0.0013673655423883319,1.0,0.30000000000000004,0.1,0.5,0.4,30.0,35.0,30.0,0.05,0.1,0.2,0.8,90.0,65.0,60.0,10537,3248,7289,10537,0.6917528708361014,0.5656175112979447,0.5,1.1312350225958894,2057,0.6333128078817734,1.0,1
"iteration_4","SCOPE_DATA_COLLECTION",1800,18,1150.0,1210.0,1,10432,7536,2521,10701,7698,2574,5175,3656,1135,5250,3859,1378,0.5035971223021583,0.5135063206919495,0.5483485873458018,0.41440228307983895,0.9476301192316207,1.4758124174641694,0.8288045661596779,0.9476301192316207,0.9838749449761129,0.41333333333333333,0.5402078774617067,0.5594713656387665,100.0,100.0,5827,4388,10274,207,6,10274,0.03552428350780848,0.0013673655423883319,1.0,0.30000000000000004,0.1,0.5,0.4,30.0,35.0,30.0,0.05,0.1,0.2,0.8,90.0,65.0,60.0,7730,2326,5404,7730,0.6990944372574386,1.354544168238181,1.0,1.354544168238181,2006,0.8624247635425624,1.0,1
"iteration_4","SCOPE_DATA_COLLECTION",1800,18,1150.0,1210.0,2,10432,7536,2521,10701,7698,2574,5175,3656,1135,5250,3859,1378,0.5035971223021583,0.5135063206919495,0.5483485873458018,0.41440228307983895,0.9476301192316207,1.4758124174641694,0.8288045661596779,0.9476301192316207,0.9838749449761129,0.41333333333333333,0.5402078774617067,0.5594713656387665,100.0,100.0,5827,4388,10274,207,6,10274,0.03552428350780848,0.0013673655423883319,1.0,0.30000000000000004,0.1,0.5,0.4,30.0,35.0,30.0,0.05,0.1,0.2,0.8,90.0,65.0,60.0,2551,728,1823,2551,0.7146217169737358,2.1064429213068907,1.5,1.4042952808712605,638,0.8763736263736264,1.0,1
"iteration_4","SCOPE_DATA_COLLECTION",1800,19,1210.0,1270.0,0,10537,7730,2551,10432,7536,2521,3237,2351,728,7289,5404,1823,0.6924757742732282,0.6968407479045777,0.7146217169737358,0.5646039068837264,1.3525873530526502,2.106662537679013,1.1292078137674528,1.3525873530526502,1.4044416917860085,0.6314488724127278,0.8596341982135262,0.8736263736263736,100.0,100.0,5728,732,14358,157,1,14358,0.027409217877094973,0.001366120218579235,1.0,0.05,0.1,0.2,0.8,90.0,65.0,60.0,0.05,0.1,0.2,0.8,90.0,65.0,60.0,10630,3319,7311,10630,0.6877704609595484,0.5487133261259411,0.5,1.0974266522518823,2050,0.6176559204579692,1.0,1
"iteration_4","SCOPE_DATA_COLLECTION",1800,19,1210.0,1270.0,1,10537,7730,2551,10432,7536,2521,3237,2351,728,7289,5404,1823,0.6924757742732282,0.6968407479045777,0.7146217169737358,0.5646039068837264,1.3525873530526502,2.106662537679013,1.1292078137674528,1.3525873530526502,1.4044416917860085,0.6314488724127278,0.8596341982135262,0.8736263736263736,100.0,100.0,5728,732,14358,157,1,14358,0.027409217877094973,0.001366120218579235,1.0,0.05,0.1,0.2,0.8,90.0,65.0,60.0,0.05,0.1,0.2,0.8,90.0,65.0,60.0,7740,2297,5443,7740,0.7032299741602067,1.3340097332535923,1.0,1.3340097332535923,1997,0.869394862864606,1.0,1
"iteration_4","SCOPE_DATA_COLLECTION",1800,19,1210.0,1270.0,2,10537,7730,2551,10432,7536,2521,3237,2351,728,7289,5404,1823,0.6924757742732282,0.6968407479045777,0.7146217169737358,0.5646039068837264,1.3525873530526502,2.106662537679013,1.1292078137674528,1.3525873530526502,1.4044416917860085,0.6314488724127278,0.8596341982135262,0.8736263736263736,100.0,100.0,5728,732,14358,157,1,14358,0.027409217877094973,0.001366120218579235,1.0,0.05,0.1,0.2,0.8,90.0,65.0,60.0,0.05,0.1,0.2,0.8,90.0,65.0,60.0,2560,717,1843,2560,0.719921875,2.033785897447686,1.5,1.355857264965124,619,0.8633193863319386,1.0,1
"iteration_4","SCOPE_DATA_COLLECTION",1800,20,1270.0,1330.0,0,10630,7740,2560,10537,7730,2551,3351,2286,719,7311,5443,1843,0.6857062464828363,0.7042308189934015,0.71935987509758,0.5506203776001509,1.3351873447190266,2.0324196388044276,1.1012407552003018,1.3351873447190266,1.3549464258696184,0.6186213070725156,0.8705161854768154,0.8636995827538247,100.0,100.0,5677,780,14473,123,1,14473,0.02166637308437555,0.001282051282051282,1.0,0.05,0.1,0.2,0.8,90.0,65.0,60.0,0.15000000000000002,0.1,0.30000000000000004,0.7000000000000001,90.0,65.0,60.0,10592,4084,6508,10592,0.6144259818731118,0.458970685381834,0.5,0.917941370763668,1939,0.4747796278158668,1.0,1
"iteration_4","SCOPE_DATA_COLLECTION",1800,20,1270.0,1330.0,1,10630,7740,2560,10537,7730,2551,3351,2286,719,7311,5443,1843,0.6857062464828363,0.7042308189934015,0.71935987509758,0.5506203776001509,1.3351873447190266,2.0324196388044276,1.1012407552003018,1.3351873447190266,1.3549464258696184,0.6186213070725156,0.8705161854768154,0.8636995827538247,100.0,100.0,5677,780,14473,123,1,14473,0.02166637308437555,0.001282051282051282,1.0,0.05,0.1,0.2,0.8,90.0,65.0,60.0,0.15000000000000002,0.1,0.30000000000000004,0.7000000000000001,90.0,65.0,60.0,7717,2900,4817,7717,0.624206297784113,1.1326066973503301,1.0,1.1326066973503301,2010,0.6931034482758621,1.0,1
"iteration_4","SCOPE_DATA_COLLECTION",1800,20,1270.0,1330.0,2,10630,7740,2560,10537,7730,2551,3351,2286,719,7311,5443,1843,0.6857062464828363,0.7042308189934015,0.71935987509758,0.5506203776001509,1.3351873447190266,2.0324196388044276,1.1012407552003018,1.3351873447190266,1.3549464258696184,0.6186213070725156,0.8705161854768154,0.8636995827538247,100.0,100.0,5677,780,14473,123,1,14473,0.02166637308437555,0.001282051282051282,1.0,0.05,0.1,0.2,0.8,90.0,65.0,60.0,0.15000000000000002,0.1,0.30000000000000004,0.7000000000000001,90.0,65.0,60.0,2480,890,1590,2480,0.6411290322580645,1.7531377592697508,1.5,1.1687585061798338,626,0.7033707865168539,1.0,1
"iteration_4","SCOPE_DATA_COLLECTION",1800,21,1330.0,1390.0,0,10592,7717,2480,10630,7740,2560,4072,2898,889,6508,4817,1590,0.6151228733459357,0.6243681140635127,0.6413876563130294,0.45855721946215067,1.128595164681427,1.7513864504518697,0.9171144389243013,1.128595164681427,1.1675909669679132,0.47470530451866405,0.6915113871635611,0.703037120359955,100.0,100.0,5758,2282,12749,163,3,12749,0.028308440430705104,0.0013146362839614374,1.0,0.15000000000000002,0.1,0.30000000000000004,0.7000000000000001,90.0,65.0,60.0,0.4,0.8,0.30000000000000004,0.8,20.0,65.0,80.0,10703,5947,4756,10703,0.4443613940016818,0.4324178414055293,0.5,0.8648356828110586,2494,0.41937111148478223,1.0,1
"iteration_4","SCOPE_DATA_COLLECTION",1800,21,1330.0,1390.0,1,10592,7717,2480,10630,7740,2560,4072,2898,889,6508,4817,1590,0.6151228733459357,0.6243681140635127,0.6413876563130294,0.45855721946215067,1.128595164681427,1.7513864504518697,0.9171144389243013,1.128595164681427,1.1675909669679132,0.47470530451866405,0.6915113871635611,0.703037120359955,100.0,100.0,5758,2282,12749,163,3,12749,0.028308440430705104,0.0013146362839614374,1.0,0.15000000000000002,0.1,0.30000000000000004,0.7000000000000001,90.0,65.0,60.0,0.4,0.8,0.30000000000000004,0.8,20.0,65.0,80.0,7713,4268,3445,7713,0.44664851549332296,0.8459592415556133,1.0,0.8459592415556133,2012,0.47141518275538896,1.0,1
"iteration_4","SCOPE_DATA_COLLECTION",1800,21,1330.0,1390.0,2,10592,7717,2480,10630,7740,2560,4072,2898,889,6508,4817,1590,0.6151228733459357,0.6243681140635127,0.6413876563130294,0.45855721946215067,1.128595164681427,1.7513864504518697,0.9171144389243013,1.128595164681427,1.1675909669679132,0.47470530451866405,0.6915113871635611,0.703037120359955,100.0,100.0,5758,2282,12749,163,3,12749,0.028308440430705104,0.0013146362839614374,1.0,0.15000000000000002,0.1,0.30000000000000004,0.7000000000000001,90.0,65.0,60.0,0.4,0.8,0.30000000000000004,0.8,20.0,65.0,80.0,2435,1297,1138,2435,0.4673511293634497,1.2773597269983903,1.5,0.8515731513322602,586,0.4518118735543562,1.0,1
"iteration_4","SCOPE_DATA_COLLECTION",1800,22,1390.0,1450.0,0,10703,7713,2435,10592,7717,2480,5945,4264,1299,4756,3445,1138,0.4444444444444444,0.4468802698145025,0.466967583093968,0.4320328073605351,0.8485463680653076,1.2840004374756249,0.8640656147210702,0.8485463680653076,0.8560002916504166,0.4191757779646762,0.4727954971857411,0.4541955350269438,95.0,100.0,5695,6033,9123,211,5,9123,0.037050043898156276,8.28775070445881E-4,1.0,0.4,0.8,0.30000000000000004,0.8,20.0,65.0,80.0,0.30000000000000004,0.8,0.4,0.8,20.0,55.0,90.0,10626,5298,5328,10626,0.5014116318464145,0.477551519830662,0.5,0.955103039661324,2530,0.47753869384673464,1.0,1
"iteration_4","SCOPE_DATA_COLLECTION",1800,22,1390.0,1450.0,1,10703,7713,2435,10592,7717,2480,5945,4264,1299,4756,3445,1138,0.4444444444444444,0.4468802698145025,0.466967583093968,0.4320328073605351,0.8485463680653076,1.2840004374756249,0.8640656147210702,0.8485463680653076,0.8560002916504166,0.4191757779646762,0.4727954971857411,0.4541955350269438,95.0,100.0,5695,6033,9123,211,5,9123,0.037050043898156276,8.28775070445881E-4,1.0,0.4,0.8,0.30000000000000004,0.8,20.0,65.0,80.0,0.30000000000000004,0.8,0.4,0.8,20.0,55.0,90.0,7764,3753,4011,7764,0.5166151468315301,0.9366057545712677,1.0,0.9366057545712677,1959,0.521982414068745,1.0,1
"iteration_4","SCOPE_DATA_COLLECTION",1800,22,1390.0,1450.0,2,10703,7713,2435,10592,7717,2480,5945,4264,1299,4756,3445,1138,0.4444444444444444,0.4468802698145025,0.466967583093968,0.4320328073605351,0.8485463680653076,1.2840004374756249,0.8640656147210702,0.8485463680653076,0.8560002916504166,0.4191757779646762,0.4727954971857411,0.4541955350269438,95.0,100.0,5695,6033,9123,211,5,9123,0.037050043898156276,8.28775070445881E-4,1.0,0.4,0.8,0.30000000000000004,0.8,20.0,65.0,80.0,0.30000000000000004,0.8,0.4,0.8,20.0,55.0,90.0,2551,1178,1373,2551,0.5382203057624461,1.3884004199149695,1.5,0.9256002799433131,596,0.5059422750424448,1.0,1
"iteration_4","SCOPE_DATA_COLLECTION",1800,23,1450.0,1510.0,0,10626,7764,2551,10703,7713,2435,5289,3754,1181,5328,4011,1373,0.5018366770274089,0.5165486155827431,0.5375880971025842,0.4758860404397816,0.9327745530489266,1.3850254803697275,0.9517720808795632,0.9327745530489266,0.923350320246485,0.4766496502174324,0.5202450719232818,0.506350550381033,100.0,100.0,5758,4706,10477,226,9,10477,0.03924973949287947,0.0019124521886952825,1.0,0.30000000000000004,0.8,0.4,0.8,20.0,55.0,90.0,0.30000000000000004,0.8,0.4,0.8,20.0,55.0,90.0,10586,5138,5448,10586,0.51464197997355,0.47014918753349777,0.5,0.9402983750669955,2354,0.4581549240949786,1.0,1
"iteration_4","SCOPE_DATA_COLLECTION",1800,23,1450.0,1510.0,1,10626,7764,2551,10703,7713,2435,5289,3754,1181,5328,4011,1373,0.5018366770274089,0.5165486155827431,0.5375880971025842,0.4758860404397816,0.9327745530489266,1.3850254803697275,0.9517720808795632,0.9327745530489266,0.923350320246485,0.4766496502174324,0.5202450719232818,0.506350550381033,100.0,100.0,5758,4706,10477,226,9,10477,0.03924973949287947,0.0019124521886952825,1.0,0.30000000000000004,0.8,0.4,0.8,20.0,55.0,90.0,0.30000000000000004,0.8,0.4,0.8,20.0,55.0,90.0,7669,3743,3926,7669,0.5119311513887078,0.9676849899543047,1.0,0.9676849899543047,2037,0.5442158696232968,1.0,1
"iteration_4","SCOPE_DATA_COLLECTION",1800,23,1450.0,1510.0,2,10626,7764,2551,10703,7713,2435,5289,3754,1181,5328,4011,1373,0.5018366770274089,0.5165486155827431,0.5375880971025842,0.4758860404397816,0.9327745530489266,1.3850254803697275,0.9517720808795632,0.9327745530489266,0.923350320246485,0.4766496502174324,0.5202450719232818,0.506350550381033,100.0,100.0,5758,4706,10477,226,9,10477,0.03924973949287947,0.0019124521886952825,1.0,0.30000000000000004,0.8,0.4,0.8,20.0,55.0,90.0,0.30000000000000004,0.8,0.4,0.8,20.0,55.0,90.0,2515,1123,1392,2515,0.553479125248509,1.4476421292266421,1.5,0.9650947528177615,596,0.5307212822796082,1.0,1
"iteration_4","SCOPE_DATA_COLLECTION",1800,24,1510.0,1570.0,0,10586,7669,2515,10626,7764,2551,5155,3739,1118,5448,3926,1392,0.513816844289352,0.5121983039791259,0.5545816733067729,0.47189826500418663,0.9698062680770737,1.443532585597755,0.9437965300083733,0.9698062680770737,0.96235505706517,0.4593598448108632,0.5447980743514309,0.5277280858676208,100.0,100.0,5675,4578,10517,246,3,10517,0.043348017621145374,6.55307994757536E-4,1.0,0.30000000000000004,0.8,0.4,0.8,20.0,55.0,90.0,0.75,0.2,0.30000000000000004,0.4,35.0,50.0,65.0,10493,8753,1740,10493,0.16582483560468883,0.42715924255745924,0.5,0.8543184851149185,2806,0.3205758025819719,1.0,1
"iteration_4","SCOPE_DATA_COLLECTION",1800,24,1510.0,1570.0,1,10586,7669,2515,10626,7764,2551,5155,3739,1118,5448,3926,1392,0.513816844289352,0.5121983039791259,0.5545816733067729,0.47189826500418663,0.9698062680770737,1.443532585597755,0.9437965300083733,0.9698062680770737,0.96235505706517,0.4593598448108632,0.5447980743514309,0.5277280858676208,100.0,100.0,5675,4578,10517,246,3,10517,0.043348017621145374,6.55307994757536E-4,1.0,0.30000000000000004,0.8,0.4,0.8,20.0,55.0,90.0,0.75,0.2,0.30000000000000004,0.4,35.0,50.0,65.0,7579,6247,1332,7579,0.17574877952236442,0.7827329584634433,1.0,0.7827329584634433,2140,0.3425644309268449,1.0,1
"iteration_4","SCOPE_DATA_COLLECTION",1800,24,1510.0,1570.0,2,10586,7669,2515,10626,7764,2551,5155,3739,1118,5448,3926,1392,0.513816844289352,0.5121983039791259,0.5545816733067729,0.47189826500418663,0.9698062680770737,1.443532585597755,0.9437965300083733,0.9698062680770737,0.96235505706517,0.4593598448108632,0.5447980743514309,0.5277280858676208,100.0,100.0,5675,4578,10517,246,3,10517,0.043348017621145374,6.55307994757536E-4,1.0,0.30000000000000004,0.8,0.4,0.8,20.0,55.0,90.0,0.75,0.2,0.30000000000000004,0.4,35.0,50.0,65.0,2608,2096,512,2608,0.19631901840490798,1.0941956719210617,1.5,0.7294637812807078,650,0.3101145038167939,1.0,1
"iteration_4","SCOPE_DATA_COLLECTION",1800,25,1570.0,1630.0,0,10493,7579,2608,10586,7669,2515,8713,6213,2081,1739,1332,512,0.16637964026023727,0.17654075546719683,0.19745468569224836,0.4188784134436003,0.7768350472277725,1.0889033618074009,0.8377568268872005,0.7768350472277725,0.7259355745382673,0.3198668656031218,0.34282955094157413,0.31090821720326767,100.0,100.0,5680,11238,3762,161,2896,526,0.02834507042253521,0.2576970991279587,0.13981924508240298,0.75,0.2,0.30000000000000004,0.4,35.0,50.0,65.0,0.30000000000000004,0.7000000000000001,0.8,0.1,35.0,55.0,20.0,10598,5223,5375,10598,0.5071711643706359,0.4941184979819215,0.5,0.988236995963843,2530,0.48439594103005934,1.0,1
"iteration_4","SCOPE_DATA_COLLECTION",1800,25,1570.0,1630.0,1,10493,7579,2608,10586,7669,2515,8713,6213,2081,1739,1332,512,0.16637964026023727,0.17654075546719683,0.19745468569224836,0.4188784134436003,0.7768350472277725,1.0889033618074009,0.8377568268872005,0.7768350472277725,0.7259355745382673,0.3198668656031218,0.34282955094157413,0.31090821720326767,100.0,100.0,5680,11238,3762,161,2896,526,0.02834507042253521,0.2576970991279587,0.13981924508240298,0.75,0.2,0.30000000000000004,0.4,35.0,50.0,65.0,0.30000000000000004,0.7000000000000001,0.8,0.1,35.0,55.0,20.0,7535,3568,3967,7535,0.5264764432647644,0.9640647777086164,1.0,0.9640647777086164,1864,0.5224215246636771,1.0,1
"iteration_4","SCOPE_DATA_COLLECTION",1800,25,1570.0,1630.0,2,10493,7579,2608,10586,7669,2515,8713,6213,2081,1739,1332,512,0.16637964026023727,0.17654075546719683,0.19745468569224836,0.4188784134436003,0.7768350472277725,1.0889033618074009,0.8377568268872005,0.7768350472277725,0.7259355745382673,0.3198668656031218,0.34282955094157413,0.31090821720326767,100.0,100.0,5680,11238,3762,161,2896,526,0.02834507042253521,0.2576970991279587,0.13981924508240298,0.75,0.2,0.30000000000000004,0.4,35.0,50.0,65.0,0.30000000000000004,0.7000000000000001,0.8,0.1,35.0,55.0,20.0,2576,1246,1330,2576,0.5163043478260869,1.3516689840435265,1.5,0.9011126560290177,657,0.5272873194221509,1.0,1
"iteration_4","SCOPE_DATA_COLLECTION",1800,26,1630.0,1690.0,0,10598,7535,2576,10493,7579,2608,5247,3601,1263,5376,3967,1330,0.5060717311493929,0.5241807610993657,0.5129193983802546,0.5063980622743436,0.9726921129875015,1.3623115989011252,1.0127961245486872,0.9726921129875015,0.9082077326007502,0.48313321898227557,0.5220772007775618,0.5249406175771971,100.0,100.0,5514,4619,10576,136,4,10533,0.024664490388103012,8.659883091578263E-4,0.9959341906202723,0.30000000000000004,0.7000000000000001,0.8,0.1,35.0,55.0,20.0,0.4,0.7000000000000001,0.8,0.1,45.0,65.0,20.0,10495,5780,4715,10495,0.44926155312053356,0.4560115723769078,0.5,0.9120231447538156,2448,0.4235294117647059,1.0,1
"iteration_4","SCOPE_DATA_COLLECTION",1800,26,1630.0,1690.0,1,10598,7535,2576,10493,7579,2608,5247,3601,1263,5376,3967,1330,0.5060717311493929,0.5241807610993657,0.5129193983802546,0.5063980622743436,0.9726921129875015,1.3623115989011252,1.0127961245486872,0.9726921129875015,0.9082077326007502,0.48313321898227557,0.5220772007775618,0.5249406175771971,100.0,100.0,5514,4619,10576,136,4,10533,0.024664490388103012,8.659883091578263E-4,0.9959341906202723,0.30000000000000004,0.7000000000000001,0.8,0.1,35.0,55.0,20.0,0.4,0.7000000000000001,0.8,0.1,45.0,65.0,20.0,7747,4243,3504,7747,0.45230411772298956,0.8921574958682638,1.0,0.8921574958682638,1953,0.4602875324063163,1.0,1
"iteration_4","SCOPE_DATA_COLLECTION",1800,26,1630.0,1690.0,2,10598,7535,2576,10493,7579,2608,5247,3601,1263,5376,3967,1330,0.5060717311493929,0.5241807610993657,0.5129193983802546,0.5063980622743436,0.9726921129875015,1.3623115989011252,1.0127961245486872,0.9726921129875015,0.9082077326007502,0.48313321898227557,0.5220772007775618,0.5249406175771971,100.0,100.0,5514,4619,10576,136,4,10533,0.024664490388103012,8.659883091578263E-4,0.9959341906202723,0.30000000000000004,0.7000000000000001,0.8,0.1,35.0,55.0,20.0,0.4,0.7000000000000001,0.8,0.1,45.0,65.0,20.0,2501,1391,1110,2501,0.4438224710115954,1.2597024410734787,1.5,0.8398016273823191,656,0.4716031631919482,1.0,1
"iteration_4","SCOPE_DATA_COLLECTION",1800,27,1690.0,1750.0,0,10495,7747,2501,10598,7535,2576,5782,4240,1383,4715,3504,1110,0.4491759550347718,0.4524793388429752,0.4452466907340554,0.45602975399778595,0.889391014357664,1.260221217385972,0.9120595079955719,0.889391014357664,0.8401474782573146,0.424247665167762,0.45825471698113207,0.47071583514099785,97.5,100.0,5527,6066,9150,171,8,9150,0.030939026596707074,0.0013188262446422684,1.0,0.4,0.7000000000000001,0.8,0.1,45.0,65.0,20.0,0.7000000000000001,0.6000000000000001,0.8,0.6000000000000001,25.0,80.0,70.0,10565,8927,1638,10565,0.15504022716516802,0.40795493036298586,0.5,0.8159098607259717,2821,0.31600761734065197,1.0,1
"iteration_4","SCOPE_DATA_COLLECTION",1800,27,1690.0,1750.0,1,10495,7747,2501,10598,7535,2576,5782,4240,1383,4715,3504,1110,0.4491759550347718,0.4524793388429752,0.4452466907340554,0.45602975399778595,0.889391014357664,1.260221217385972,0.9120595079955719,0.889391014357664,0.8401474782573146,0.424247665167762,0.45825471698113207,0.47071583514099785,97.5,100.0,5527,6066,9150,171,8,9150,0.030939026596707074,0.0013188262446422684,1.0,0.4,0.7000000000000001,0.8,0.1,45.0,65.0,20.0,0.7000000000000001,0.6000000000000001,0.8,0.6000000000000001,25.0,80.0,70.0,7785,6490,1295,7785,0.16634553628773283,0.7368327720390669,1.0,0.7368327720390669,2058,0.31710323574730354,1.0,1
"iteration_4","SCOPE_DATA_COLLECTION",1800,27,1690.0,1750.0,2,10495,7747,2501,10598,7535,2576,5782,4240,1383,4715,3504,1110,0.4491759550347718,0.4524793388429752,0.4452466907340554,0.45602975399778595,0.889391014357664,1.260221217385972,0.9120595079955719,0.889391014357664,0.8401474782573146,0.424247665167762,0.45825471698113207,0.47071583514099785,97.5,100.0,5527,6066,9150,171,8,9150,0.030939026596707074,0.0013188262446422684,1.0,0.4,0.7000000000000001,0.8,0.1,45.0,65.0,20.0,0.7000000000000001,0.6000000000000001,0.8,0.6000000000000001,25.0,80.0,70.0,2522,1991,531,2522,0.2105471847739889,1.0941006339600081,1.5,0.7294004226400054,619,0.31089904570567556,1.0,1
"iteration_4","SCOPE_DATA_COLLECTION",1800,28,1750.0,1810.0,0,10565,7785,2522,10495,7747,2501,8928,6505,1991,1629,1290,528,0.15430520034100598,0.16549069916613213,0.2096069868995633,0.40860752968765846,0.7396993228870983,1.0868092243428387,0.8172150593753169,0.7396993228870983,0.7245394828952257,0.3165322580645161,0.3191391237509608,0.30838774485183323,100.0,100.0,5719,10590,4563,252,1269,1926,0.044063647490820076,0.11983002832861189,0.42209072978303747,0.7000000000000001,0.6000000000000001,0.8,0.6000000000000001,25.0,80.0,70.0,0.8,0.6000000000000001,0.8,0.5,25.0,70.0,80.0,10628,8113,2515,10628,0.23663906661648476,0.4560064934815541,0.5,0.9120129869631082,2943,0.36275114014544557,1.0,1
"iteration_4","SCOPE_DATA_COLLECTION",1800,28,1750.0,1810.0,1,10565,7785,2522,10495,7747,2501,8928,6505,1991,1629,1290,528,0.15430520034100598,0.16549069916613213,0.2096069868995633,0.40860752968765846,0.7396993228870983,1.0868092243428387,0.8172150593753169,0.7396993228870983,0.7245394828952257,0.3165322580645161,0.3191391237509608,0.30838774485183323,100.0,100.0,5719,10590,4563,252,1269,1926,0.044063647490820076,0.11983002832861189,0.42209072978303747,0.7000000000000001,0.6000000000000001,0.8,0.6000000000000001,25.0,80.0,70.0,0.8,0.6000000000000001,0.8,0.5,25.0,70.0,80.0,7751,5722,2029,7751,0.26177267449361374,0.8169161995842062,1.0,0.8169161995842062,2053,0.358790632645928,1.0,1
"iteration_4","SCOPE_DATA_COLLECTION",1800,28,1750.0,1810.0,2,10565,7785,2522,10495,7747,2501,8928,6505,1991,1629,1290,528,0.15430520034100598,0.16549069916613213,0.2096069868995633,0.40860752968765846,0.7396993228870983,1.0868092243428387,0.8172150593753169,0.7396993228870983,0.7245394828952257,0.3165322580645161,0.3191391237509608,0.30838774485183323,100.0,100.0,5719,10590,4563,252,1269,1926,0.044063647490820076,0.11983002832861189,0.42209072978303747,0.7000000000000001,0.6000000000000001,0.8,0.6000000000000001,25.0,80.0,70.0,0.8,0.6000000000000001,0.8,0.5,25.0,70.0,80.0,2503,1757,746,2503,0.2980423491809828,1.1542195478874089,1.5,0.7694796985916059,593,0.33750711439954467,1.0,1
"iteration_4","SCOPE_DATA_COLLECTION",1800,29,1810.0,1870.0,0,10628,7751,2503,10565,7785,2522,8114,5701,1762,2516,2019,739,0.23668861712135467,0.26152849740932643,0.29548180727708917,0.4551099492437535,0.8110664273162986,1.162222553529554,0.910219898487507,0.8110664273162986,0.7748150356863693,0.36184372689179195,0.35572706542711807,0.3422247446083995,100.0,100.0,5810,11967,3105,273,4972,29,0.046987951807228916,0.41547589203643354,0.00933977455716586,0.8,0.6000000000000001,0.8,0.5,25.0,70.0,80.0,0.8,0.6000000000000001,0.8,0.5,25.0,70.0,80.0,10565,8052,2513,10565,0.23786086133459536,0.4431973490593351,0.5,0.8863946981186702,2936,0.36462990561351216,1.0,1
"iteration_4","SCOPE_DATA_COLLECTION",1800,29,1810.0,1870.0,1,10628,7751,2503,10565,7785,2522,8114,5701,1762,2516,2019,739,0.23668861712135467,0.26152849740932643,0.29548180727708917,0.4551099492437535,0.8110664273162986,1.162222553529554,0.910219898487507,0.8110664273162986,0.7748150356863693,0.36184372689179195,0.35572706542711807,0.3422247446083995,100.0,100.0,5810,11967,3105,273,4972,29,0.046987951807228916,0.41547589203643354,0.00933977455716586,0.8,0.6000000000000001,0.8,0.5,25.0,70.0,80.0,0.8,0.6000000000000001,0.8,0.5,25.0,70.0,80.0,7654,5726,1928,7654,0.251894434282728,0.8145270922979481,1.0,0.8145270922979481,2132,0.3723367097450227,1.0,1
"iteration_4","SCOPE_DATA_COLLECTION",1800,29,1810.0,1870.0,2,10628,7751,2503,10565,7785,2522,8114,5701,1762,2516,2019,739,0.23668861712135467,0.26152849740932643,0.29548180727708917,0.4551099492437535,0.8110664273162986,1.162222553529554,0.910219898487507,0.8110664273162986,0.7748150356863693,0.36184372689179195,0.35572706542711807,0.3422247446083995,100.0,100.0,5810,11967,3105,273,4972,29,0.046987951807228916,0.41547589203643354,0.00933977455716586,0.8,0.6000000000000001,0.8,0.5,25.0,70.0,80.0,0.8,0.6000000000000001,0.8,0.5,25.0,70.0,80.0,2502,1737,765,2502,0.3057553956834532,1.1995273969458347,1.5,0.7996849312972231,624,0.3592400690846287,1.0,1
"iteration_4","SCOPE_DATA_COLLECTION",1800,30,1870.0,1930.0,0,10565,7654,2502,10628,7751,2503,8013,5726,1730,2521,1943,775,0.23932029618378584,0.25335767375146695,0.3093812375249501,0.4423297895433613,0.8209665220701122,1.2054753509106078,0.8846595790867225,0.8209665220701122,0.8036502339404051,0.3640334456508174,0.3756549074397485,0.36127167630057805,100.0,100.0,5726,12007,2988,283,4956,0,0.049423681453021305,0.4127592237861248,0.0,0.8,0.6000000000000001,0.8,0.5,25.0,70.0,80.0,0.9,0.6000000000000001,0.8,0.4,20.0,80.0,70.0,10874,5402,5472,10874,0.5032186867757955,0.564352447784666,0.5,1.128704895569332,2758,0.5105516475379489,1.0,1
"iteration_4","SCOPE_DATA_COLLECTION",1800,30,1870.0,1930.0,1,10565,7654,2502,10628,7751,2503,8013,5726,1730,2521,1943,775,0.23932029618378584,0.25335767375146695,0.3093812375249501,0.4423297895433613,0.8209665220701122,1.2054753509106078,0.8846595790867225,0.8209665220701122,0.8036502339404051,0.3640334456508174,0.3756549074397485,0.36127167630057805,100.0,100.0,5726,12007,2988,283,4956,0,0.049423681453021305,0.4127592237861248,0.0,0.8,0.6000000000000001,0.8,0.5,25.0,70.0,80.0,0.9,0.6000000000000001,0.8,0.4,20.0,80.0,70.0,7673,3669,4004,7673,0.5218297927798775,1.1064705505132932,1.0,1.1064705505132932,2097,0.5715453802125919,1.0,1
"iteration_4","SCOPE_DATA_COLLECTION",1800,30,1870.0,1930.0,2,10565,7654,2502,10628,7751,2503,8013,5726,1730,2521,1943,775,0.23932029618378584,0.25335767375146695,0.3093812375249501,0.4423297895433613,0.8209665220701122,1.2054753509106078,0.8846595790867225,0.8209665220701122,0.8036502339404051,0.3640334456508174,0.3756549074397485,0.36127167630057805,100.0,100.0,5726,12007,2988,283,4956,0,0.049423681453021305,0.4127592237861248,0.0,0.8,0.6000000000000001,0.8,0.5,25.0,70.0,80.0,0.9,0.6000000000000001,0.8,0.4,20.0,80.0,70.0,2443,1110,1333,2443,0.5456406058125256,1.553674606778873,1.5,1.0357830711859153,620,0.5585585585585585,1.0,1
"iteration_4","SCOPE_DATA_COLLECTION",1800,31,1930.0,1990.0,0,10874,7673,2443,10565,7654,2502,5441,3681,1126,5460,4002,1333,0.5008714796807633,0.5208902772354549,0.5420902806018707,0.564984656085252,1.0997934823544087,1.5414451753289535,1.129969312170504,1.0997934823544087,1.027630116885969,0.5103841205660724,0.5672371638141809,0.5532859680284192,100.0,100.0,5792,13626,1572,253,10542,0,0.04368093922651934,0.7736679876706297,0.0,0.9,0.6000000000000001,0.8,0.4,20.0,80.0,70.0,0.9,0.6000000000000001,0.8,0.4,20.0,80.0,70.0,10692,4982,5710,10692,0.5340441451552562,0.582851347128542,0.5,1.165702694257084,2765,0.5549979927739863,1.0,1
"iteration_4","SCOPE_DATA_COLLECTION",1800,31,1930.0,1990.0,1,10874,7673,2443,10565,7654,2502,5441,3681,1126,5460,4002,1333,0.5008714796807633,0.5208902772354549,0.5420902806018707,0.564984656085252,1.0997934823544087,1.5414451753289535,1.129969312170504,1.0997934823544087,1.027630116885969,0.5103841205660724,0.5672371638141809,0.5532859680284192,100.0,100.0,5792,13626,1572,253,10542,0,0.04368093922651934,0.7736679876706297,0.0,0.9,0.6000000000000001,0.8,0.4,20.0,80.0,70.0,0.9,0.6000000000000001,0.8,0.4,20.0,80.0,70.0,7729,3443,4286,7729,0.5545348686764136,1.151426531744931,1.0,1.151426531744931,2066,0.6000580888759802,1.0,1
"iteration_4","SCOPE_DATA_COLLECTION",1800,31,1930.0,1990.0,2,10874,7673,2443,10565,7654,2502,5441,3681,1126,5460,4002,1333,0.5008714796807633,0.5208902772354549,0.5420902806018707,0.564984656085252,1.0997934823544087,1.5414451753289535,1.129969312170504,1.0997934823544087,1.027630116885969,0.5103841205660724,0.5672371638141809,0.5532859680284192,100.0,100.0,5792,13626,1572,253,10542,0,0.04368093922651934,0.7736679876706297,0.0,0.9,0.6000000000000001,0.8,0.4,20.0,80.0,70.0,0.9,0.6000000000000001,0.8,0.4,20.0,80.0,70.0,2533,1085,1448,2533,0.5716541650217134,1.6242525494759783,1.5,1.0828350329839855,634,0.584331797235023,1.0,1
"iteration_4","SCOPE_DATA_COLLECTION",1800,32,1990.0,2050.0,0,10692,7729,2533,10874,7673,2443,4981,3449,1072,5720,4285,1447,0.5345294832258667,0.5540470649081976,0.574434299325129,0.5813166744865518,1.153981983153203,1.6130955186829838,1.1626333489731036,1.153981983153203,1.0753970124553225,0.5543063641838988,0.6016236590316033,0.5802238805970149,100.0,100.0,5862,13625,1467,286,11166,0,0.048788809280109174,0.8195229357798165,0.0,0.9,0.6000000000000001,0.8,0.4,20.0,80.0,70.0,0.8,0.5,0.9,0.5,20.0,70.0,60.0,10496,8173,2323,10496,0.22132240853658536,0.475513156747103,0.5,0.951026313494206,2992,0.36608344549125166,1.0,1
"iteration_4","SCOPE_DATA_COLLECTION",1800,32,1990.0,2050.0,1,10692,7729,2533,10874,7673,2443,4981,3449,1072,5720,4285,1447,0.5345294832258667,0.5540470649081976,0.574434299325129,0.5813166744865518,1.153981983153203,1.6130955186829838,1.1626333489731036,1.153981983153203,1.0753970124553225,0.5543063641838988,0.6016236590316033,0.5802238805970149,100.0,100.0,5862,13625,1467,286,11166,0,0.048788809280109174,0.8195229357798165,0.0,0.9,0.6000000000000001,0.8,0.4,20.0,80.0,70.0,0.8,0.5,0.9,0.5,20.0,70.0,60.0,7831,5834,1997,7831,0.2550121312731452,0.8634814665292967,1.0,0.8634814665292967,2190,0.37538567020911895,1.0,1
"iteration_4","SCOPE_DATA_COLLECTION",1800,32,1990.0,2050.0,2,10692,7729,2533,10874,7673,2443,4981,3449,1072,5720,4285,1447,0.5345294832258667,0.5540470649081976,0.574434299325129,0.5813166744865518,1.153981983153203,1.6130955186829838,1.1626333489731036,1.153981983153203,1.0753970124553225,0.5543063641838988,0.6016236590316033,0.5802238805970149,100.0,100.0,5862,13625,1467,286,11166,0,0.048788809280109174,0.8195229357798165,0.0,0.9,0.6000000000000001,0.8,0.4,20.0,80.0,70.0,0.8,0.5,0.9,0.5,20.0,70.0,60.0,2531,1764,767,2531,0.303042275780324,1.2281268446284948,1.5,0.8187512297523298,653,0.3701814058956916,1.0,1
"iteration_4","SCOPE_DATA_COLLECTION",1800,33,2050.0,2110.0,0,10496,7831,2531,10692,7729,2533,8163,5809,1759,2325,2000,768,0.22168192219679633,0.25611473940325263,0.3039176889592402,0.47673657863399016,0.865067506168129,1.2395046978293491,0.9534731572679803,0.865067506168129,0.826336465219566,0.36763444811956386,0.3763126183508349,0.3746446844798181,97.5,100.0,5821,11972,3065,298,4759,36,0.05119395292904999,0.39751085867023056,0.011745513866231648,0.8,0.5,0.9,0.5,20.0,70.0,60.0,0.7000000000000001,0.6000000000000001,0.9,0.4,20.0,80.0,60.0,10450,9259,1191,10450,0.11397129186602871,0.3885761655727519,0.5,0.7771523311455037,2711,0.29279619829355225,1.0,1
"iteration_4","SCOPE_DATA_COLLECTION",1800,33,2050.0,2110.0,1,10496,7831,2531,10692,7729,2533,8163,5809,1759,2325,2000,768,0.22168192219679633,0.25611473940325263,0.3039176889592402,0.47673657863399016,0.865067506168129,1.2395046978293491,0.9534731572679803,0.865067506168129,0.826336465219566,0.36763444811956386,0.3763126183508349,0.3746446844798181,97.5,100.0,5821,11972,3065,298,4759,36,0.05119395292904999,0.39751085867023056,0.011745513866231648,0.8,0.5,0.9,0.5,20.0,70.0,60.0,0.7000000000000001,0.6000000000000001,0.9,0.4,20.0,80.0,60.0,7673,6697,976,7673,0.127199270168122,0.7129134910889785,1.0,0.7129134910889785,2045,0.30536060922801256,1.0,1
"iteration_4","SCOPE_DATA_COLLECTION",1800,33,2050.0,2110.0,2,10496,7831,2531,10692,7729,2533,8163,5809,1759,2325,2000,768,0.22168192219679633,0.25611473940325263,0.3039176889592402,0.47673657863399016,0.865067506168129,1.2395046978293491,0.9534731572679803,0.865067506168129,0.826336465219566,0.36763444811956386,0.3763126183508349,0.3746446844798181,97.5,100.0,5821,11972,3065,298,4759,36,0.05119395292904999,0.39751085867023056,0.011745513866231648,0.8,0.5,0.9,0.5,20.0,70.0,60.0,0.7000000000000001,0.6000000000000001,0.9,0.4,20.0,80.0,60.0,2534,2196,338,2534,0.13338595106550907,1.0071999883881935,1.5,0.6714666589254623,608,0.2768670309653916,1.0,1
"iteration_4","SCOPE_DATA_COLLECTION",1800,34,2110.0,2170.0,0,10450,7673,2534,10496,7831,2531,9254,6709,2202,1191,976,338,0.11402584968884634,0.12700065061808719,0.13307086614173227,0.3874197662071315,0.7120255076059998,1.004379147409021,0.774839532414263,0.7120255076059998,0.6695860982726806,0.2913334774151718,0.305410642420629,0.2756584922797457,100.0,100.0,5764,10436,4457,270,608,1627,0.04684247050659265,0.05825986968187045,0.3650437514022885,0.7000000000000001,0.6000000000000001,0.9,0.4,20.0,80.0,60.0,0.7000000000000001,0.6000000000000001,0.9,0.4,20.0,70.0,60.0,10668,9529,1139,10668,0.1067679040119985,0.3921170085180939,0.5,0.7842340170361878,2802,0.29404974289012487,1.0,1
"iteration_4","SCOPE_DATA_COLLECTION",1800,34,2110.0,2170.0,1,10450,7673,2534,10496,7831,2531,9254,6709,2202,1191,976,338,0.11402584968884634,0.12700065061808719,0.13307086614173227,0.3874197662071315,0.7120255076059998,1.004379147409021,0.774839532414263,0.7120255076059998,0.6695860982726806,0.2913334774151718,0.305410642420629,0.2756584922797457,100.0,100.0,5764,10436,4457,270,608,1627,0.04684247050659265,0.05825986968187045,0.3650437514022885,0.7000000000000001,0.6000000000000001,0.9,0.4,20.0,80.0,60.0,0.7000000000000001,0.6000000000000001,0.9,0.4,20.0,70.0,60.0,7750,6762,988,7750,0.12748387096774194,0.7201091709449707,1.0,0.7201091709449707,2066,0.3055309080153801,1.0,1
"iteration_4","SCOPE_DATA_COLLECTION",1800,34,2110.0,2170.0,2,10450,7673,2534,10496,7831,2531,9254,6709,2202,1191,976,338,0.11402584968884634,0.12700065061808719,0.13307086614173227,0.3874197662071315,0.7120255076059998,1.004379147409021,0.774839532414263,0.7120255076059998,0.6695860982726806,0.2913334774151718,0.305410642420629,0.2756584922797457,100.0,100.0,5764,10436,4457,270,608,1627,0.04684247050659265,0.05825986968187045,0.3650437514022885,0.7000000000000001,0.6000000000000001,0.9,0.4,20.0,80.0,60.0,0.7000000000000001,0.6000000000000001,0.9,0.4,20.0,70.0,60.0,2544,2116,428,2544,0.16823899371069181,1.047959122838514,1.5,0.698639415225676,627,0.29631379962192816,1.0,1
"iteration_4","SCOPE_DATA_COLLECTION",1800,35,2170.0,2230.0,0,10668,7750,2544,10450,7673,2534,9529,6752,2119,1139,988,428,0.1067679040119985,0.1276485788113695,0.1680408323517864,0.3921441342031582,0.7182277768221257,1.04955750992428,0.7842882684063164,0.7182277768221257,0.6997050066161866,0.2943645713086368,0.3046504739336493,0.2968381311939594,97.5,100.0,5803,10605,4554,301,604,1650,0.05186972255729795,0.05695426685525695,0.36231884057971014,0.7000000000000001,0.6000000000000001,0.9,0.4,20.0,70.0,60.0,0.7000000000000001,0.6000000000000001,0.9,0.4,20.0,70.0,60.0,10566,8811,1755,10566,0.16609880749574105,0.4563105856396345,0.5,0.912621171279269,2849,0.3233458177278402,1.0,1
"iteration_4","SCOPE_DATA_COLLECTION",1800,35,2170.0,2230.0,1,10668,7750,2544,10450,7673,2534,9529,6752,2119,1139,988,428,0.1067679040119985,0.1276485788113695,0.1680408323517864,0.3921441342031582,0.7182277768221257,1.04955750992428,0.7842882684063164,0.7182277768221257,0.6997050066161866,0.2943645713086368,0.3046504739336493,0.2968381311939594,97.5,100.0,5803,10605,4554,301,604,1650,0.05186972255729795,0.05695426685525695,0.36231884057971014,0.7000000000000001,0.6000000000000001,0.9,0.4,20.0,70.0,60.0,0.7000000000000001,0.6000000000000001,0.9,0.4,20.0,70.0,60.0,7838,6416,1422,7838,0.1814238326103598,0.7768669692597697,1.0,0.7768669692597697,2102,0.32761845386533667,1.0,1
"iteration_4","SCOPE_DATA_COLLECTION",1800,35,2170.0,2230.0,2,10668,7750,2544,10450,7673,2534,9529,6752,2119,1139,988,428,0.1067679040119985,0.1276485788113695,0.1680408323517864,0.3921441342031582,0.7182277768221257,1.04955750992428,0.7842882684063164,0.7182277768221257,0.6997050066161866,0.2943645713086368,0.3046504739336493,0.2968381311939594,97.5,100.0,5803,10605,4554,301,604,1650,0.05186972255729795,0.05695426685525695,0.36231884057971014,0.7000000000000001,0.6000000000000001,0.9,0.4,20.0,70.0,60.0,0.7000000000000001,0.6000000000000001,0.9,0.4,20.0,70.0,60.0,2613,2054,559,2613,0.21393034825870647,1.139461731703674,1.5,0.759641154469116,664,0.32327166504381694,1.0,1
"iteration_4","SCOPE_DATA_COLLECTION",1800,36,2230.0,2290.0,0,10566,7838,2613,10668,7750,2544,8802,6421,2047,1755,1422,559,0.16624040920716113,0.18130817289302562,0.21450498848810437,0.45642991845999037,0.7769173370823763,1.1428882911997298,0.9128598369199807,0.7769173370823763,0.7619255274664866,0.32322199500113613,0.3270518610808285,0.3253541768441622,97.5,100.0,5717,10740,4560,272,1465,1999,0.04757740073465104,0.13640595903165736,0.43837719298245614,0.7000000000000001,0.6000000000000001,0.9,0.4,20.0,70.0,60.0,0.8,0.5,0.9,0.30000000000000004,30.0,80.0,70.0,10490,8113,2377,10490,0.22659675881792182,0.42913652170006844,0.5,0.8582730434001369,2832,0.3490693947984716,1.0,1
"iteration_4","SCOPE_DATA_COLLECTION",1800,36,2230.0,2290.0,1,10566,7838,2613,10668,7750,2544,8802,6421,2047,1755,1422,559,0.16624040920716113,0.18130817289302562,0.21450498848810437,0.45642991845999037,0.7769173370823763,1.1428882911997298,0.9128598369199807,0.7769173370823763,0.7619255274664866,0.32322199500113613,0.3270518610808285,0.3253541768441622,97.5,100.0,5717,10740,4560,272,1465,1999,0.04757740073465104,0.13640595903165736,0.43837719298245614,0.7000000000000001,0.6000000000000001,0.9,0.4,20.0,70.0,60.0,0.8,0.5,0.9,0.30000000000000004,30.0,80.0,70.0,7674,5866,1808,7674,0.2356007297367735,0.7882438766486105,1.0,0.7882438766486105,2041,0.34793726559836347,1.0,1
"iteration_4","SCOPE_DATA_COLLECTION",1800,36,2230.0,2290.0,2,10566,7838,2613,10668,7750,2544,8802,6421,2047,1755,1422,559,0.16624040920716113,0.18130817289302562,0.21450498848810437,0.45642991845999037,0.7769173370823763,1.1428882911997298,0.9128598369199807,0.7769173370823763,0.7619255274664866,0.32322199500113613,0.3270518610808285,0.3253541768441622,97.5,100.0,5717,10740,4560,272,1465,1999,0.04757740073465104,0.13640595903165736,0.43837719298245614,0.7000000000000001,0.6000000000000001,0.9,0.4,20.0,70.0,60.0,0.8,0.5,0.9,0.30000000000000004,30.0,80.0,70.0,2540,1833,707,2540,0.2783464566929134,1.124312092973147,1.5,0.7495413953154313,619,0.33769776322967815,1.0,1
"iteration_4","SCOPE_DATA_COLLECTION",1800,37,2290.0,2350.0,0,10490,7674,2540,10566,7838,2613,8124,5877,1848,2365,1796,701,0.22547430641624558,0.23406750944871627,0.2750098077677521,0.4290213102731356,0.7901273627193556,1.1235269268133676,0.8580426205462712,0.7901273627193556,0.7490179512089118,0.3478581979320532,0.34762633996937214,0.3371212121212121,97.5,100.0,5618,12100,2986,199,4614,49,0.03542185831256675,0.3813223140495868,0.01640991292699263,0.8,0.5,0.9,0.30000000000000004,30.0,80.0,70.0,0.9,0.4,0.9,0.2,20.0,90.0,60.0,10739,5052,5687,10739,0.529565136418661,0.6156519943978805,0.5,1.231303988795761,2848,0.5637371338083927,1.0,1
"iteration_4","SCOPE_DATA_COLLECTION",1800,37,2290.0,2350.0,1,10490,7674,2540,10566,7838,2613,8124,5877,1848,2365,1796,701,0.22547430641624558,0.23406750944871627,0.2750098077677521,0.4290213102731356,0.7901273627193556,1.1235269268133676,0.8580426205462712,0.7901273627193556,0.7490179512089118,0.3478581979320532,0.34762633996937214,0.3371212121212121,97.5,100.0,5618,12100,2986,199,4614,49,0.03542185831256675,0.3813223140495868,0.01640991292699263,0.8,0.5,0.9,0.30000000000000004,30.0,80.0,70.0,0.9,0.4,0.9,0.2,20.0,90.0,60.0,7651,3591,4060,7651,0.5306495882891126,1.1370139424896764,1.0,1.1370139424896764,2097,0.5839598997493735,1.0,1
"iteration_4","SCOPE_DATA_COLLECTION",1800,37,2290.0,2350.0,2,10490,7674,2540,10566,7838,2613,8124,5877,1848,2365,1796,701,0.22547430641624558,0.23406750944871627,0.2750098077677521,0.4290213102731356,0.7901273627193556,1.1235269268133676,0.8580426205462712,0.7901273627193556,0.7490179512089118,0.3478581979320532,0.34762633996937214,0.3371212121212121,97.5,100.0,5618,12100,2986,199,4614,49,0.03542185831256675,0.3813223140495868,0.01640991292699263,0.8,0.5,0.9,0.30000000000000004,30.0,80.0,70.0,0.9,0.4,0.9,0.2,20.0,90.0,60.0,2615,1153,1462,2615,0.5590822179732313,1.5978530659243382,1.5,1.0652353772828922,676,0.5862966175195143,1.0,1
"iteration_4","SCOPE_DATA_COLLECTION",1800,38,2350.0,2410.0,0,10739,7651,2615,10490,7674,2540,5076,3586,1146,5691,4068,1466,0.5285594873223739,0.531486804285341,0.5612557427258805,0.6170690031179533,1.1329562534604392,1.5920758569530404,1.2341380062359066,1.1329562534604392,1.0613839046353604,0.5650118203309693,0.5831009481316229,0.5828970331588132,100.0,100.0,5566,13942,1497,198,11027,0,0.03557312252964427,0.7909195237412135,0.0,0.9,0.4,0.9,0.2,20.0,90.0,60.0,0.9500000000000001,0.4,0.9,0.1,20.0,90.0,60.0,10577,3267,7310,10577,0.6911222463836627,0.6458751033855852,0.5,1.2917502067711704,2441,0.7471686562595653,1.0,1
"iteration_4","SCOPE_DATA_COLLECTION",1800,38,2350.0,2410.0,1,10739,7651,2615,10490,7674,2540,5076,3586,1146,5691,4068,1466,0.5285594873223739,0.531486804285341,0.5612557427258805,0.6170690031179533,1.1329562534604392,1.5920758569530404,1.2341380062359066,1.1329562534604392,1.0613839046353604,0.5650118203309693,0.5831009481316229,0.5828970331588132,100.0,100.0,5566,13942,1497,198,11027,0,0.03557312252964427,0.7909195237412135,0.0,0.9,0.4,0.9,0.2,20.0,90.0,60.0,0.9500000000000001,0.4,0.9,0.1,20.0,90.0,60.0,7813,2337,5476,7813,0.7008831434788173,1.3467076345012332,1.0,1.3467076345012332,1922,0.8224219084296106,1.0,1
"iteration_4","SCOPE_DATA_COLLECTION",1800,38,2350.0,2410.0,2,10739,7651,2615,10490,7674,2540,5076,3586,1146,5691,4068,1466,0.5285594873223739,0.531486804285341,0.5612557427258805,0.6170690031179533,1.1329562534604392,1.5920758569530404,1.2341380062359066,1.1329562534604392,1.0613839046353604,0.5650118203309693,0.5831009481316229,0.5828970331588132,100.0,100.0,5566,13942,1497,198,11027,0,0.03557312252964427,0.7909195237412135,0.0,0.9,0.4,0.9,0.2,20.0,90.0,60.0,0.9500000000000001,0.4,0.9,0.1,20.0,90.0,60.0,2546,725,1821,2546,0.7152395915161037,1.9893172418522547,1.5,1.3262114945681698,618,0.8524137931034482,1.0,1
"iteration_4","SCOPE_DATA_COLLECTION",1800,39,2410.0,2470.0,0,10577,7813,2546,10739,7651,2615,3262,2353,733,7306,5477,1821,0.691332323996972,0.6994891443167305,0.7129992169146437,0.6464254918951875,1.3493493806687564,1.9988151115710409,1.292850983790375,1.3493493806687564,1.3325434077140272,0.7480073574494175,0.8227794305142372,0.8540245566166439,97.5,100.0,5415,14760,761,89,14515,0,0.016435826408125576,0.9834010840108401,0.0,0.9500000000000001,0.4,0.9,0.1,20.0,90.0,60.0,0.9500000000000001,0.30000000000000004,0.8,0.1,30.0,90.0,70.0,10398,3410,6988,10398,0.6720523177534141,0.6149609476546065,0.5,1.229921895309213,2314,0.6785923753665689,1.0,1
"iteration_4","SCOPE_DATA_COLLECTION",1800,39,2410.0,2470.0,1,10577,7813,2546,10739,7651,2615,3262,2353,733,7306,5477,1821,0.691332323996972,0.6994891443167305,0.7129992169146437,0.6464254918951875,1.3493493806687564,1.9988151115710409,1.292850983790375,1.3493493806687564,1.3325434077140272,0.7480073574494175,0.8227794305142372,0.8540245566166439,97.5,100.0,5415,14760,761,89,14515,0,0.016435826408125576,0.9834010840108401,0.0,0.9500000000000001,0.4,0.9,0.1,20.0,90.0,60.0,0.9500000000000001,0.30000000000000004,0.8,0.1,30.0,90.0,70.0,7718,2448,5270,7718,0.6828193832599119,1.3106845691938631,1.0,1.3106845691938631,1929,0.7879901960784313,1.0,1
"iteration_4","SCOPE_DATA_COLLECTION",1800,39,2410.0,2470.0,2,10577,7813,2546,10739,7651,2615,3262,2353,733,7306,5477,1821,0.691332323996972,0.6994891443167305,0.7129992169146437,0.6464254918951875,1.3493493806687564,1.9988151115710409,1.292850983790375,1.3493493806687564,1.3325434077140272,0.7480073574494175,0.8227794305142372,0.8540245566166439,97.5,100.0,5415,14760,761,89,14515,0,0.016435826408125576,0.9834010840108401,0.0,0.9500000000000001,0.4,0.9,0.1,20.0,90.0,60.0,0.9500000000000001,0.30000000000000004,0.8,0.1,30.0,90.0,70.0,2527,819,1708,2527,0.6759002770083102,1.8813032890553576,1.5,1.2542021927035718,656,0.800976800976801,1.0,1
"iteration_4","SCOPE_DATA_COLLECTION",1800,40,2470.0,2530.0,0,10398,7718,2527,10577,7813,2546,3403,2430,814,6995,5266,1709,0.6727255241392576,0.6842515592515592,0.6773682124455014,0.6130554014821789,1.307092855029487,1.87402991620393,1.2261108029643577,1.307092855029487,1.2493532774692866,0.6776373787834263,0.7876543209876543,0.7985257985257985,100.0,100.0,5414,14450,779,82,13888,0,0.015145917990395271,0.9611072664359862,0.0,0.9500000000000001,0.30000000000000004,0.8,0.1,30.0,90.0,70.0,0.2,0.1,0.9,0.2,85.0,75.0,60.0,10689,4531,6158,10689,0.5761062774815231,0.4515629235707975,0.5,0.903125847141595,2093,0.4619289340101523,1.0,1
"iteration_4","SCOPE_DATA_COLLECTION",1800,40,2470.0,2530.0,1,10398,7718,2527,10577,7813,2546,3403,2430,814,6995,5266,1709,0.6727255241392576,0.6842515592515592,0.6773682124455014,0.6130554014821789,1.307092855029487,1.87402991620393,1.2261108029643577,1.307092855029487,1.2493532774692866,0.6776373787834263,0.7876543209876543,0.7985257985257985,100.0,100.0,5414,14450,779,82,13888,0,0.015145917990395271,0.9611072664359862,0.0,0.9500000000000001,0.30000000000000004,0.8,0.1,30.0,90.0,70.0,0.2,0.1,0.9,0.2,85.0,75.0,60.0,7558,3098,4460,7558,0.590103201905266,1.1345076675089334,1.0,1.1345076675089334,2012,0.6494512588766946,1.0,1
"iteration_4","SCOPE_DATA_COLLECTION",1800,40,2470.0,2530.0,2,10398,7718,2527,10577,7813,2546,3403,2430,814,6995,5266,1709,0.6727255241392576,0.6842515592515592,0.6773682124455014,0.6130554014821789,1.307092855029487,1.87402991620393,1.2261108029643577,1.307092855029487,1.2493532774692866,0.6776373787834263,0.7876543209876543,0.7985257985257985,100.0,100.0,5414,14450,779,82,13888,0,0.015145917990395271,0.9611072664359862,0.0,0.9500000000000001,0.30000000000000004,0.8,0.1,30.0,90.0,70.0,0.2,0.1,0.9,0.2,85.0,75.0,60.0,2544,986,1558,2544,0.6124213836477987,1.5770192548816497,1.5,1.0513461699210997,614,0.6227180527383367,1.0,1
"iteration_4","SCOPE_DATA_COLLECTION",1800,41,2530.0,2590.0,0,10689,7558,2544,10398,7718,2527,4556,3106,981,6163,4467,1559,0.5749603507789905,0.5898587085699194,0.6137795275590551,0.4548634770163593,1.137821291857079,1.5803054571376502,0.9097269540327186,1.137821291857079,1.0535369714251002,0.4655399473222125,0.6509980682549903,0.6238532110091743,97.5,100.0,5731,2968,12092,159,39,11991,0.02774384924097016,0.013140161725067386,0.9916473701620906,0.2,0.1,0.9,0.2,85.0,75.0,60.0,0.6000000000000001,0.2,0.8,0.4,20.0,55.0,95.0,10564,7680,2884,10564,0.27300265051117,0.36652501907808627,0.5,0.7330500381561725,2395,0.3118489583333333,1.0,1
"iteration_4","SCOPE_DATA_COLLECTION",1800,41,2530.0,2590.0,1,10689,7558,2544,10398,7718,2527,4556,3106,981,6163,4467,1559,0.5749603507789905,0.5898587085699194,0.6137795275590551,0.4548634770163593,1.137821291857079,1.5803054571376502,0.9097269540327186,1.137821291857079,1.0535369714251002,0.4655399473222125,0.6509980682549903,0.6238532110091743,97.5,100.0,5731,2968,12092,159,39,11991,0.02774384924097016,0.013140161725067386,0.9916473701620906,0.2,0.1,0.9,0.2,85.0,75.0,60.0,0.6000000000000001,0.2,0.8,0.4,20.0,55.0,95.0,7719,5535,2184,7719,0.28293820443062573,0.7616657195604135,1.0,0.7616657195604135,2044,0.36928635953026195,1.0,1
"iteration_4","SCOPE_DATA_COLLECTION",1800,41,2530.0,2590.0,2,10689,7558,2544,10398,7718,2527,4556,3106,981,6163,4467,1559,0.5749603507789905,0.5898587085699194,0.6137795275590551,0.4548634770163593,1.137821291857079,1.5803054571376502,0.9097269540327186,1.137821291857079,1.0535369714251002,0.4655399473222125,0.6509980682549903,0.6238532110091743,97.5,100.0,5731,2968,12092,159,39,11991,0.02774384924097016,0.013140161725067386,0.9916473701620906,0.2,0.1,0.9,0.2,85.0,75.0,60.0,0.6000000000000001,0.2,0.8,0.4,20.0,55.0,95.0,2514,1744,770,2514,0.30628480509148764,1.1127917545477426,1.5,0.741861169698495,636,0.3646788990825688,1.0,1
"iteration_4","SCOPE_DATA_COLLECTION",1800,42,2590.0,2650.0,0,10564,7719,2514,10689,7558,2544,7666,5525,1741,2884,2183,769,0.2733649289099526,0.28321224701608716,0.30637450199203187,0.36601739958886054,0.7634661658219939,1.1139835240196911,0.7320347991777211,0.7634661658219939,0.7426556826797941,0.3112444560396556,0.36959276018099546,0.3658816771970132,97.5,100.0,5817,9108,5872,247,6,5583,0.04246175004297748,6.587615283267457E-4,0.950783378746594,0.6000000000000001,0.2,0.8,0.4,20.0,55.0,95.0,0.25,0.6000000000000001,0.30000000000000004,0.6000000000000001,90.0,40.0,90.0,10578,4715,5863,10578,0.5542635658914729,0.49971684428109114,0.5,0.9994336885621823,2412,0.511558854718982,1.0,1
"iteration_4","SCOPE_DATA_COLLECTION",1800,42,2590.0,2650.0,1,10564,7719,2514,10689,7558,2544,7666,5525,1741,2884,2183,769,0.2733649289099526,0.28321224701608716,0.30637450199203187,0.36601739958886054,0.7634661658219939,1.1139835240196911,0.7320347991777211,0.7634661658219939,0.7426556826797941,0.3112444560396556,0.36959276018099546,0.3658816771970132,97.5,100.0,5817,9108,5872,247,6,5583,0.04246175004297748,6.587615283267457E-4,0.950783378746594,0.6000000000000001,0.2,0.8,0.4,20.0,55.0,95.0,0.25,0.6000000000000001,0.30000000000000004,0.6000000000000001,90.0,40.0,90.0,7732,3506,4226,7732,0.5465597516813243,1.0039375877260759,1.0,1.0039375877260759,2053,0.5855675984027382,1.0,1
"iteration_4","SCOPE_DATA_COLLECTION",1800,42,2590.0,2650.0,2,10564,7719,2514,10689,7558,2544,7666,5525,1741,2884,2183,769,0.2733649289099526,0.28321224701608716,0.30637450199203187,0.36601739958886054,0.7634661658219939,1.1139835240196911,0.7320347991777211,0.7634661658219939,0.7426556826797941,0.3112444560396556,0.36959276018099546,0.3658816771970132,97.5,100.0,5817,9108,5872,247,6,5583,0.04246175004297748,6.587615283267457E-4,0.950783378746594,0.6000000000000001,0.2,0.8,0.4,20.0,55.0,95.0,0.25,0.6000000000000001,0.30000000000000004,0.6000000000000001,90.0,40.0,90.0,2450,1022,1428,2450,0.5828571428571429,1.5249084576129677,1.5,1.016605638408645,587,0.5743639921722113,1.0,1
"iteration_4","SCOPE_DATA_COLLECTION",1800,43,2650.0,2710.0,0,10578,7732,2450,10564,7719,2514,4708,3518,1022,5862,4227,1429,0.5545884578997162,0.5457714654615882,0.5830273357813137,0.49882205659662554,1.0030848443381266,1.521089374681651,0.9976441131932511,1.0030848443381266,1.0140595831211006,0.5106202209005948,0.584138715179079,0.5733855185909981,100.0,100.0,5674,3772,11314,202,2,11314,0.03560098695805428,5.302226935312832E-4,1.0,0.25,0.6000000000000001,0.30000000000000004,0.6000000000000001,90.0,40.0,90.0,0.25,0.7000000000000001,0.30000000000000004,0.6000000000000001,95.0,40.0,80.0,10598,4796,5802,10598,0.5474617852424986,0.5009278822282085,0.5,1.001855764456417,2457,0.512301918265221,1.0,1
"iteration_4","SCOPE_DATA_COLLECTION",1800,43,2650.0,2710.0,1,10578,7732,2450,10564,7719,2514,4708,3518,1022,5862,4227,1429,0.5545884578997162,0.5457714654615882,0.5830273357813137,0.49882205659662554,1.0030848443381266,1.521089374681651,0.9976441131932511,1.0030848443381266,1.0140595831211006,0.5106202209005948,0.584138715179079,0.5733855185909981,100.0,100.0,5674,3772,11314,202,2,11314,0.03560098695805428,5.302226935312832E-4,1.0,0.25,0.6000000000000001,0.30000000000000004,0.6000000000000001,90.0,40.0,90.0,0.25,0.7000000000000001,0.30000000000000004,0.6000000000000001,95.0,40.0,80.0,7730,3450,4280,7730,0.553686934023286,0.9936361159604156,1.0,0.9936361159604156,1982,0.5744927536231884,1.0,1
"iteration_4","SCOPE_DATA_COLLECTION",1800,43,2650.0,2710.0,2,10578,7732,2450,10564,7719,2514,4708,3518,1022,5862,4227,1429,0.5545884578997162,0.5457714654615882,0.5830273357813137,0.49882205659662554,1.0030848443381266,1.521089374681651,0.9976441131932511,1.0030848443381266,1.0140595831211006,0.5106202209005948,0.584138715179079,0.5733855185909981,100.0,100.0,5674,3772,11314,202,2,11314,0.03560098695805428,5.302226935312832E-4,1.0,0.25,0.6000000000000001,0.30000000000000004,0.6000000000000001,90.0,40.0,90.0,0.25,0.7000000000000001,0.30000000000000004,0.6000000000000001,95.0,40.0,80.0,2510,1034,1476,2510,0.5880478087649402,1.5386127288100997,1.5,1.0257418192067331,599,0.5793036750483559,1.0,1
"iteration_4","SCOPE_DATA_COLLECTION",1800,44,2710.0,2770.0,0,10598,7730,2510,10578,7732,2450,4795,3428,1047,5803,4280,1476,0.547556142668428,0.5552672548002076,0.5850178359096314,0.5007819314849996,0.9883717498155137,1.5386795128617026,1.0015638629699992,0.9883717498155137,1.0257863419078017,0.5111574556830031,0.572928821470245,0.5797516714422158,100.0,100.0,5659,3845,11334,224,1,11334,0.0395829651881958,2.600780234070221E-4,1.0,0.25,0.7000000000000001,0.30000000000000004,0.6000000000000001,95.0,40.0,80.0,0.25,0.7000000000000001,0.30000000000000004,0.6000000000000001,95.0,40.0,80.0,10559,4777,5782,10559,0.547589733876314,0.5014363463542818,0.5,1.0028726927085636,2452,0.5132928616286372,1.0,1
"iteration_4","SCOPE_DATA_COLLECTION",1800,44,2710.0,2770.0,1,10598,7730,2510,10578,7732,2450,4795,3428,1047,5803,4280,1476,0.547556142668428,0.5552672548002076,0.5850178359096314,0.5007819314849996,0.9883717498155137,1.5386795128617026,1.0015638629699992,0.9883717498155137,1.0257863419078017,0.5111574556830031,0.572928821470245,0.5797516714422158,100.0,100.0,5659,3845,11334,224,1,11334,0.0395829651881958,2.600780234070221E-4,1.0,0.25,0.7000000000000001,0.30000000000000004,0.6000000000000001,95.0,40.0,80.0,0.25,0.7000000000000001,0.30000000000000004,0.6000000000000001,95.0,40.0,80.0,7655,3456,4199,7655,0.5485303723056826,0.9899872414227304,1.0,0.9899872414227304,2017,0.5836226851851852,1.0,1
"iteration_4","SCOPE_DATA_COLLECTION",1800,44,2710.0,2770.0,2,10598,7730,2510,10578,7732,2450,4795,3428,1047,5803,4280,1476,0.547556142668428,0.5552672548002076,0.5850178359096314,0.5007819314849996,0.9883717498155137,1.5386795128617026,1.0015638629699992,0.9883717498155137,1.0257863419078017,0.5111574556830031,0.572928821470245,0.5797516714422158,100.0,100.0,5659,3845,11334,224,1,11334,0.0395829651881958,2.600780234070221E-4,1.0,0.25,0.7000000000000001,0.30000000000000004,0.6000000000000001,95.0,40.0,80.0,0.25,0.7000000000000001,0.30000000000000004,0.6000000000000001,95.0,40.0,80.0,2471,1012,1459,2471,0.5904492108458114,1.5166321473122508,1.5,1.0110880982081671,576,0.5691699604743083,1.0,1
"iteration_4","SCOPE_DATA_COLLECTION",1800,45,2770.0,2830.0,0,10559,7655,2471,10598,7730,2510,4787,3474,1004,5782,4199,1459,0.5470716245623994,0.5472435813892871,0.5923670320747056,0.5016163694095985,0.9920173657544616,1.5077564909987025,1.003232738819197,0.9920173657544616,1.005170993999135,0.5147273866722373,0.5852043753598157,0.5657370517928287,97.5,100.0,5711,3734,11240,195,5,11240,0.03414463316406934,0.001339046598821639,1.0,0.25,0.7000000000000001,0.30000000000000004,0.6000000000000001,95.0,40.0,80.0,0.9500000000000001,0.30000000000000004,0.7000000000000001,0.5,40.0,40.0,80.0,10673,3810,6863,10673,0.6430244542303007,0.6246561900008828,0.5,1.2493123800017656,2535,0.6653543307086615,1.0,1
"iteration_4","SCOPE_DATA_COLLECTION",1800,45,2770.0,2830.0,1,10559,7655,2471,10598,7730,2510,4787,3474,1004,5782,4199,1459,0.5470716245623994,0.5472435813892871,0.5923670320747056,0.5016163694095985,0.9920173657544616,1.5077564909987025,1.003232738819197,0.9920173657544616,1.005170993999135,0.5147273866722373,0.5852043753598157,0.5657370517928287,97.5,100.0,5711,3734,11240,195,5,11240,0.03414463316406934,0.001339046598821639,1.0,0.25,0.7000000000000001,0.30000000000000004,0.6000000000000001,95.0,40.0,80.0,0.9500000000000001,0.30000000000000004,0.7000000000000001,0.5,40.0,40.0,80.0,7740,2600,5140,7740,0.6640826873385013,1.3321245321807582,1.0,1.3321245321807582,1978,0.7607692307692308,1.0,1
"iteration_4","SCOPE_DATA_COLLECTION",1800,45,2770.0,2830.0,2,10559,7655,2471,10598,7730,2510,4787,3474,1004,5782,4199,1459,0.5470716245623994,0.5472435813892871,0.5923670320747056,0.5016163694095985,0.9920173657544616,1.5077564909987025,1.003232738819197,0.9920173657544616,1.005170993999135,0.5147273866722373,0.5852043753598157,0.5657370517928287,97.5,100.0,5711,3734,11240,195,5,11240,0.03414463316406934,0.001339046598821639,1.0,0.25,0.7000000000000001,0.30000000000000004,0.6000000000000001,95.0,40.0,80.0,0.9500000000000001,0.30000000000000004,0.7000000000000001,0.5,40.0,40.0,80.0,2567,835,1732,2567,0.6747175691468641,1.919156357372219,1.5,1.2794375715814794,628,0.7520958083832335,1.0,1
"iteration_4","SCOPE_DATA_COLLECTION",1800,46,2830.0,2890.0,0,10673,7740,2567,10559,7655,2471,3806,2602,837,6856,5137,1731,0.6430313262052147,0.663780850239049,0.6740654205607477,0.6233448925902866,1.3288800357535868,1.9199258107322137,1.2466897851805732,1.3288800357535868,1.2799505404881424,0.6631634261692065,0.759031514219831,0.7514934289127837,100.0,100.0,5824,14412,744,240,13478,6,0.04120879120879121,0.9351928948098807,0.008064516129032258,0.9500000000000001,0.30000000000000004,0.7000000000000001,0.5,40.0,40.0,80.0,0.9500000000000001,0.2,0.8,0.5,40.0,50.0,80.0,10465,3749,6716,10465,0.6417582417582418,0.6106178043810128,0.5,1.2212356087620255,2457,0.6553747666044278,1.0,1
"iteration_4","SCOPE_DATA_COLLECTION",1800,46,2830.0,2890.0,1,10673,7740,2567,10559,7655,2471,3806,2602,837,6856,5137,1731,0.6430313262052147,0.663780850239049,0.6740654205607477,0.6233448925902866,1.3288800357535868,1.9199258107322137,1.2466897851805732,1.3288800357535868,1.2799505404881424,0.6631634261692065,0.759031514219831,0.7514934289127837,100.0,100.0,5824,14412,744,240,13478,6,0.04120879120879121,0.9351928948098807,0.008064516129032258,0.9500000000000001,0.30000000000000004,0.7000000000000001,0.5,40.0,40.0,80.0,0.9500000000000001,0.2,0.8,0.5,40.0,50.0,80.0,7764,2591,5173,7764,0.6662802679031428,1.347528896997311,1.0,1.347528896997311,2064,0.7966036279428792,1.0,1
"iteration_4","SCOPE_DATA_COLLECTION",1800,46,2830.0,2890.0,2,10673,7740,2567,10559,7655,2471,3806,2602,837,6856,5137,1731,0.6430313262052147,0.663780850239049,0.6740654205607477,0.6233448925902866,1.3288800357535868,1.9199258107322137,1.2466897851805732,1.3288800357535868,1.2799505404881424,0.6631634261692065,0.759031514219831,0.7514934289127837,100.0,100.0,5824,14412,744,240,13478,6,0.04120879120879121,0.9351928948098807,0.008064516129032258,0.9500000000000001,0.30000000000000004,0.7000000000000001,0.5,40.0,40.0,80.0,0.9500000000000001,0.2,0.8,0.5,40.0,50.0,80.0,2518,790,1728,2518,0.6862589356632248,1.9962407822831072,1.5,1.3308271881887381,623,0.7886075949367088,1.0,1
"iteration_4","SCOPE_DATA_COLLECTION",1800,47,2890.0,2950.0,0,10465,7764,2518,10673,7740,2567,3743,2593,783,6722,5176,1728,0.6423315814620163,0.666237611018149,0.6881720430107527,0.6104991345226715,1.348901744749195,1.9979649343446675,1.220998269045343,1.348901744749195,1.331976622896445,0.6564253272775848,0.7971461627458543,0.7879948914431673,97.5,100.0,5834,14189,724,217,13409,0,0.0371957490572506,0.9450278384664177,0.0,0.9500000000000001,0.2,0.8,0.5,40.0,50.0,80.0,0.2,0.1,0.1,0.6000000000000001,95.0,90.0,35.0,10419,4329,6090,10419,0.5845090699683271,0.43368751991090937,0.5,0.8673750398218187,2030,0.4689304689304689,1.0,1
"iteration_4","SCOPE_DATA_COLLECTION",1800,47,2890.0,2950.0,1,10465,7764,2518,10673,7740,2567,3743,2593,783,6722,5176,1728,0.6423315814620163,0.666237611018149,0.6881720430107527,0.6104991345226715,1.348901744749195,1.9979649343446675,1.220998269045343,1.348901744749195,1.331976622896445,0.6564253272775848,0.7971461627458543,0.7879948914431673,97.5,100.0,5834,14189,724,217,13409,0,0.0371957490572506,0.9450278384664177,0.0,0.9500000000000001,0.2,0.8,0.5,40.0,50.0,80.0,0.2,0.1,0.1,0.6000000000000001,95.0,90.0,35.0,7617,3188,4429,7617,0.5814625180517264,1.0129085936185427,1.0,1.0129085936185427,1982,0.6217063989962359,1.0,1
"iteration_4","SCOPE_DATA_COLLECTION",1800,47,2890.0,2950.0,2,10465,7764,2518,10673,7740,2567,3743,2593,783,6722,5176,1728,0.6423315814620163,0.666237611018149,0.6881720430107527,0.6104991345226715,1.348901744749195,1.9979649343446675,1.220998269045343,1.348901744749195,1.331976622896445,0.6564253272775848,0.7971461627458543,0.7879948914431673,97.5,100.0,5834,14189,724,217,13409,0,0.0371957490572506,0.9450278384664177,0.0,0.9500000000000001,0.2,0.8,0.5,40.0,50.0,80.0,0.2,0.1,0.1,0.6000000000000001,95.0,90.0,35.0,2554,1037,1517,2554,0.5939702427564605,1.621267058047487,1.5,1.0808447053649914,674,0.6499517839922855,1.0,1
"iteration_4","SCOPE_DATA_COLLECTION",1800,48,2950.0,3010.0,0,10419,7617,2554,10465,7764,2518,4335,3180,1041,6091,4429,1518,0.584212545559179,0.5820738599027467,0.593200468933177,0.43545547582210137,1.0159466749956523,1.6266719251797341,0.8709109516442027,1.0159466749956523,1.0844479501198228,0.4692041522491349,0.6223270440251573,0.6522574447646494,100.0,100.0,5527,3061,12002,99,19,11920,0.017912068029672518,0.006207121855602744,0.9931678053657723,0.2,0.1,0.1,0.6000000000000001,95.0,90.0,35.0,0.30000000000000004,0.1,0.1,0.7000000000000001,95.0,95.0,25.0,10611,5161,5450,10611,0.513617943643389,0.3995397161695262,0.5,0.7990794323390524,2127,0.41212943228056576,1.0,1
"iteration_4","SCOPE_DATA_COLLECTION",1800,48,2950.0,3010.0,1,10419,7617,2554,10465,7764,2518,4335,3180,1041,6091,4429,1518,0.584212545559179,0.5820738599027467,0.593200468933177,0.43545547582210137,1.0159466749956523,1.6266719251797341,0.8709109516442027,1.0159466749956523,1.0844479501198228,0.4692041522491349,0.6223270440251573,0.6522574447646494,100.0,100.0,5527,3061,12002,99,19,11920,0.017912068029672518,0.006207121855602744,0.9931678053657723,0.2,0.1,0.1,0.6000000000000001,95.0,90.0,35.0,0.30000000000000004,0.1,0.1,0.7000000000000001,95.0,95.0,25.0,7635,3631,4004,7635,0.5244269810085134,0.9063780760949359,1.0,0.9063780760949359,2004,0.5519140732580556,1.0,1
"iteration_4","SCOPE_DATA_COLLECTION",1800,48,2950.0,3010.0,2,10419,7617,2554,10465,7764,2518,4335,3180,1041,6091,4429,1518,0.584212545559179,0.5820738599027467,0.593200468933177,0.43545547582210137,1.0159466749956523,1.6266719251797341,0.8709109516442027,1.0159466749956523,1.0844479501198228,0.4692041522491349,0.6223270440251573,0.6522574447646494,100.0,100.0,5527,3061,12002,99,19,11920,0.017912068029672518,0.006207121855602744,0.9931678053657723,0.2,0.1,0.1,0.6000000000000001,95.0,90.0,35.0,0.30000000000000004,0.1,0.1,0.7000000000000001,95.0,95.0,25.0,2520,1156,1364,2520,0.5412698412698412,1.4008166139710632,1.5,0.9338777426473754,634,0.5484429065743944,1.0,1
"iteration_4","SCOPE_DATA_COLLECTION",1800,49,3010.0,3070.0,0,10611,7635,2520,10419,7617,2554,5179,3641,1151,5450,4004,1364,0.5127481418759996,0.5237410071942447,0.5423459244532803,0.40098860369155065,0.9112870834007714,1.4002227604774202,0.8019772073831013,0.9112870834007714,0.9334818403182802,0.4141726201969492,0.5534193902773963,0.5473501303214596,100.0,100.0,5632,4404,10730,86,2,10730,0.015269886363636364,4.5413260672116256E-4,1.0,0.30000000000000004,0.1,0.1,0.7000000000000001,95.0,95.0,25.0,0.4,0.2,0.1,0.6000000000000001,95.0,95.0,35.0,10611,5904,4707,10611,0.44359626802374896,0.3864065031991933,0.5,0.7728130063983866,2260,0.38279132791327913,1.0,1
"iteration_4","SCOPE_DATA_COLLECTION",1800,49,3010.0,3070.0,1,10611,7635,2520,10419,7617,2554,5179,3641,1151,5450,4004,1364,0.5127481418759996,0.5237410071942447,0.5423459244532803,0.40098860369155065,0.9112870834007714,1.4002227604774202,0.8019772073831013,0.9112870834007714,0.9334818403182802,0.4141726201969492,0.5534193902773963,0.5473501303214596,100.0,100.0,5632,4404,10730,86,2,10730,0.015269886363636364,4.5413260672116256E-4,1.0,0.30000000000000004,0.1,0.1,0.7000000000000001,95.0,95.0,25.0,0.4,0.2,0.1,0.6000000000000001,95.0,95.0,35.0,7826,4285,3541,7826,0.45246613851265016,0.7887623317243533,1.0,0.7887623317243533,1940,0.45274212368728123,1.0,1
"iteration_4","SCOPE_DATA_COLLECTION",1800,49,3010.0,3070.0,2,10611,7635,2520,10419,7617,2554,5179,3641,1151,5450,4004,1364,0.5127481418759996,0.5237410071942447,0.5423459244532803,0.40098860369155065,0.9112870834007714,1.4002227604774202,0.8019772073831013,0.9112870834007714,0.9334818403182802,0.4141726201969492,0.5534193902773963,0.5473501303214596,100.0,100.0,5632,4404,10730,86,2,10730,0.015269886363636364,4.5413260672116256E-4,1.0,0.30000000000000004,0.1,0.1,0.7000000000000001,95.0,95.0,25.0,0.4,0.2,0.1,0.6000000000000001,95.0,95.0,35.0,2580,1384,1196,2580,0.4635658914728682,1.2622070401788825,1.5,0.841471360119255,639,0.46170520231213874,1.0,1
"iteration_4","SCOPE_DATA_COLLECTION",1800,50,3070.0,3130.0,0,10611,7826,2580,10611,7635,2520,5872,4275,1390,4707,3541,1196,0.4449380848851498,0.4530450358239509,0.46249033255993816,0.38407361850803257,0.7898315531450053,1.2657343015389113,0.7681472370160651,0.7898315531450053,0.8438228676926075,0.3797683923705722,0.45403508771929824,0.46474820143884893,100.0,100.0,5466,6199,9352,87,5,9352,0.015916575192096598,8.065817067268914E-4,1.0,0.4,0.2,0.1,0.6000000000000001,95.0,95.0,35.0,0.4,0.1,0.2,0.6000000000000001,95.0,85.0,45.0,10531,5928,4603,10531,0.43709049472984524,0.3718615422040546,0.5,0.7437230844081092,2117,0.35711875843454793,1.0,1
"iteration_4","SCOPE_DATA_COLLECTION",1800,50,3070.0,3130.0,1,10611,7826,2580,10611,7635,2520,5872,4275,1390,4707,3541,1196,0.4449380848851498,0.4530450358239509,0.46249033255993816,0.38407361850803257,0.7898315531450053,1.2657343015389113,0.7681472370160651,0.7898315531450053,0.8438228676926075,0.3797683923705722,0.45403508771929824,0.46474820143884893,100.0,100.0,5466,6199,9352,87,5,9352,0.015916575192096598,8.065817067268914E-4,1.0,0.4,0.2,0.1,0.6000000000000001,95.0,95.0,35.0,0.4,0.1,0.2,0.6000000000000001,95.0,85.0,45.0,7606,4248,3358,7606,0.44149355771759136,0.8475847523459236,1.0,0.8475847523459236,2040,0.480225988700565,1.0,1
"iteration_4","SCOPE_DATA_COLLECTION",1800,50,3070.0,3130.0,2,10611,7826,2580,10611,7635,2520,5872,4275,1390,4707,3541,1196,0.4449380848851498,0.4530450358239509,0.46249033255993816,0.38407361850803257,0.7898315531450053,1.2657343015389113,0.7681472370160651,0.7898315531450053,0.8438228676926075,0.3797683923705722,0.45403508771929824,0.46474820143884893,100.0,100.0,5466,6199,9352,87,5,9352,0.015916575192096598,8.065817067268914E-4,1.0,0.4,0.2,0.1,0.6000000000000001,95.0,95.0,35.0,0.4,0.1,0.2,0.6000000000000001,95.0,85.0,45.0,2533,1353,1180,2533,0.4658507698381366,1.270738871129169,1.5,0.8471592474194459,626,0.4626755358462675,1.0,1
"iteration_4","SCOPE_DATA_COLLECTION",1800,51,3130.0,3190.0,0,10531,7606,2533,10611,7826,2580,5947,4261,1337,4603,3358,1179,0.436303317535545,0.44074025462659144,0.46860095389507156,0.3743242649720709,0.8442440361012087,1.262617745683657,0.7486485299441418,0.8442440361012087,0.8417451637891046,0.36085421220783587,0.4787608542595635,0.45848915482423336,100.0,100.0,5723,5931,9016,121,3,9016,0.021142757295124933,5.058168942842691E-4,1.0,0.4,0.1,0.2,0.6000000000000001,95.0,85.0,45.0,0.4,0.1,0.30000000000000004,0.6000000000000001,85.0,95.0,55.0,10716,6068,4648,10716,0.4337439343038447,0.3723995345192689,0.5,0.7447990690385378,2191,0.3610744891232696,1.0,1
"iteration_4","SCOPE_DATA_COLLECTION",1800,51,3130.0,3190.0,1,10531,7606,2533,10611,7826,2580,5947,4261,1337,4603,3358,1179,0.436303317535545,0.44074025462659144,0.46860095389507156,0.3743242649720709,0.8442440361012087,1.262617745683657,0.7486485299441418,0.8442440361012087,0.8417451637891046,0.36085421220783587,0.4787608542595635,0.45848915482423336,100.0,100.0,5723,5931,9016,121,3,9016,0.021142757295124933,5.058168942842691E-4,1.0,0.4,0.1,0.2,0.6000000000000001,95.0,85.0,45.0,0.4,0.1,0.30000000000000004,0.6000000000000001,85.0,95.0,55.0,7748,4365,3383,7748,0.43662880743417654,0.8630743081934819,1.0,0.8630743081934819,2083,0.47720504009163806,1.0,1
"iteration_4","SCOPE_DATA_COLLECTION",1800,51,3130.0,3190.0,2,10531,7606,2533,10611,7826,2580,5947,4261,1337,4603,3358,1179,0.436303317535545,0.44074025462659144,0.46860095389507156,0.3743242649720709,0.8442440361012087,1.262617745683657,0.7486485299441418,0.8442440361012087,0.8417451637891046,0.36085421220783587,0.4787608542595635,0.45848915482423336,100.0,100.0,5723,5931,9016,121,3,9016,0.021142757295124933,5.058168942842691E-4,1.0,0.4,0.1,0.2,0.6000000000000001,95.0,85.0,45.0,0.4,0.1,0.30000000000000004,0.6000000000000001,85.0,95.0,55.0,2456,1305,1151,2456,0.46864820846905536,1.2644136156926145,1.5,0.842942410461743,593,0.45440613026819926,1.0,1
"iteration_4","SCOPE_DATA_COLLECTION",1800,52,3190.0,3250.0,0,10716,7748,2456,10531,7606,2533,6063,4369,1312,4648,3383,1151,0.43394641023247127,0.43640350877192985,0.46731628095818106,0.37183758235791664,0.8648787764695528,1.269923873475046,0.7436751647158333,0.8648787764695528,0.8466159156500307,0.35972290945076696,0.47791256580453195,0.4565548780487805,100.0,100.0,5803,6094,9023,154,5,9023,0.026537997587454766,8.204791598293403E-4,1.0,0.4,0.1,0.30000000000000004,0.6000000000000001,85.0,95.0,55.0,0.30000000000000004,0.2,0.30000000000000004,0.5,85.0,95.0,55.0,10391,5047,5344,10391,0.5142912135501877,0.43158917097753013,0.5,0.8631783419550603,2270,0.4497721418664553,1.0,1
"iteration_4","SCOPE_DATA_COLLECTION",1800,52,3190.0,3250.0,1,10716,7748,2456,10531,7606,2533,6063,4369,1312,4648,3383,1151,0.43394641023247127,0.43640350877192985,0.46731628095818106,0.37183758235791664,0.8648787764695528,1.269923873475046,0.7436751647158333,0.8648787764695528,0.8466159156500307,0.35972290945076696,0.47791256580453195,0.4565548780487805,100.0,100.0,5803,6094,9023,154,5,9023,0.026537997587454766,8.204791598293403E-4,1.0,0.4,0.1,0.30000000000000004,0.6000000000000001,85.0,95.0,55.0,0.30000000000000004,0.2,0.30000000000000004,0.5,85.0,95.0,55.0,7727,3764,3963,7727,0.5128769250679436,0.9430063034560118,1.0,0.9430063034560118,2041,0.5422422954303932,1.0,1
"iteration_4","SCOPE_DATA_COLLECTION",1800,52,3190.0,3250.0,2,10716,7748,2456,10531,7606,2533,6063,4369,1312,4648,3383,1151,0.43394641023247127,0.43640350877192985,0.46731628095818106,0.37183758235791664,0.8648787764695528,1.269923873475046,0.7436751647158333,0.8648787764695528,0.8466159156500307,0.35972290945076696,0.47791256580453195,0.4565548780487805,100.0,100.0,5803,6094,9023,154,5,9023,0.026537997587454766,8.204791598293403E-4,1.0,0.4,0.1,0.30000000000000004,0.6000000000000001,85.0,95.0,55.0,0.30000000000000004,0.2,0.30000000000000004,0.5,85.0,95.0,55.0,2546,1141,1405,2546,0.5518460329929301,1.4106016968286816,1.5,0.9404011312191211,603,0.5284837861524978,1.0,1
"iteration_4","SCOPE_DATA_COLLECTION",1800,53,3250.0,3310.0,0,10391,7727,2546,10716,7748,2456,5053,3758,1147,5344,3963,1406,0.5139944214677311,0.5132754824504597,0.5507246376811594,0.4317129068167498,0.9413896517372412,1.4070571468273414,0.8634258136334996,0.9413896517372412,0.9380380978848942,0.4500296853354443,0.5415114422565194,0.5265911072362686,100.0,100.0,5656,4442,10566,143,4,10566,0.02528288543140028,9.004952723998199E-4,1.0,0.30000000000000004,0.2,0.30000000000000004,0.5,85.0,95.0,55.0,0.4,0.2,0.2,0.5,75.0,85.0,45.0,10521,5914,4607,10521,0.43788613249691094,0.3897202888739194,0.5,0.7794405777478388,2259,0.38197497463645586,1.0,1
"iteration_4","SCOPE_DATA_COLLECTION",1800,53,3250.0,3310.0,1,10391,7727,2546,10716,7748,2456,5053,3758,1147,5344,3963,1406,0.5139944214677311,0.5132754824504597,0.5507246376811594,0.4317129068167498,0.9413896517372412,1.4070571468273414,0.8634258136334996,0.9413896517372412,0.9380380978848942,0.4500296853354443,0.5415114422565194,0.5265911072362686,100.0,100.0,5656,4442,10566,143,4,10566,0.02528288543140028,9.004952723998199E-4,1.0,0.30000000000000004,0.2,0.30000000000000004,0.5,85.0,95.0,55.0,0.4,0.2,0.2,0.5,75.0,85.0,45.0,7620,4243,3377,7620,0.4431758530183727,0.8118871713376564,1.0,0.8118871713376564,1983,0.4673580014140938,1.0,1
"iteration_4","SCOPE_DATA_COLLECTION",1800,53,3250.0,3310.0,2,10391,7727,2546,10716,7748,2456,5053,3758,1147,5344,3963,1406,0.5139944214677311,0.5132754824504597,0.5507246376811594,0.4317129068167498,0.9413896517372412,1.4070571468273414,0.8634258136334996,0.9413896517372412,0.9380380978848942,0.4500296853354443,0.5415114422565194,0.5265911072362686,100.0,100.0,5656,4442,10566,143,4,10566,0.02528288543140028,9.004952723998199E-4,1.0,0.30000000000000004,0.2,0.30000000000000004,0.5,85.0,95.0,55.0,0.4,0.2,0.2,0.5,75.0,85.0,45.0,2514,1377,1137,2514,0.4522673031026253,1.2489552785746465,1.5,0.8326368523830977,620,0.4502541757443718,1.0,1
"iteration_4","SCOPE_DATA_COLLECTION",1800,54,3310.0,3370.0,0,10521,7620,2514,10391,7727,2546,5908,4233,1378,4607,3377,1137,0.4381359961959106,0.4437582128777924,0.45208747514910536,0.3889169142408796,0.8105164742648012,1.2507432320654122,0.7778338284817592,0.8105164742648012,0.8338288213769415,0.3811780636425186,0.46657217103708953,0.4528301886792453,100.0,100.0,5644,6022,8989,128,4,8989,0.022678951098511695,6.642311524410495E-4,1.0,0.4,0.2,0.2,0.5,75.0,85.0,45.0,0.8,0.5,0.9,0.7000000000000001,25.0,70.0,95.0,10418,7794,2624,10418,0.2518717604146669,0.4579729392472342,0.5,0.9159458784944684,2691,0.34526558891454967,1.0,1
"iteration_4","SCOPE_DATA_COLLECTION",1800,54,3310.0,3370.0,1,10521,7620,2514,10391,7727,2546,5908,4233,1378,4607,3377,1137,0.4381359961959106,0.4437582128777924,0.45208747514910536,0.3889169142408796,0.8105164742648012,1.2507432320654122,0.7778338284817592,0.8105164742648012,0.8338288213769415,0.3811780636425186,0.46657217103708953,0.4528301886792453,100.0,100.0,5644,6022,8989,128,4,8989,0.022678951098511695,6.642311524410495E-4,1.0,0.4,0.2,0.2,0.5,75.0,85.0,45.0,0.8,0.5,0.9,0.7000000000000001,25.0,70.0,95.0,7815,5783,2032,7815,0.2600127959053103,0.842744802248121,1.0,0.842744802248121,2170,0.37523776586546775,1.0,1
"iteration_4","SCOPE_DATA_COLLECTION",1800,54,3310.0,3370.0,2,10521,7620,2514,10391,7727,2546,5908,4233,1378,4607,3377,1137,0.4381359961959106,0.4437582128777924,0.45208747514910536,0.3889169142408796,0.8105164742648012,1.2507432320654122,0.7778338284817592,0.8105164742648012,0.8338288213769415,0.3811780636425186,0.46657217103708953,0.4528301886792453,100.0,100.0,5644,6022,8989,128,4,8989,0.022678951098511695,6.642311524410495E-4,1.0,0.4,0.2,0.2,0.5,75.0,85.0,45.0,0.8,0.5,0.9,0.7000000000000001,25.0,70.0,95.0,2534,1764,770,2534,0.30386740331491713,1.1766500332196392,1.5,0.7844333554797595,611,0.3463718820861678,1.0,1
"iteration_4","SCOPE_DATA_COLLECTION",1800,55,3370.0,3430.0,0,10418,7815,2534,10521,7620,2514,7790,5773,1768,2624,2032,770,0.25196850393700787,0.260345932094811,0.3033884948778566,0.4568975287486043,0.838019164587443,1.1775213831975893,0.9137950574972086,0.838019164587443,0.7850142554650595,0.34428754813863927,0.37363589121773777,0.34728506787330315,100.0,100.0,5898,11942,2927,350,5025,51,0.0593421498813157,0.4207837883101658,0.01742398360095661,0.8,0.5,0.9,0.7000000000000001,25.0,70.0,95.0,0.7000000000000001,0.5,0.9,0.7000000000000001,20.0,60.0,95.0,10444,9404,1040,10444,0.0995787054768288,0.3916254973745255,0.5,0.783250994749051,2774,0.2949808592088473,1.0,1
"iteration_4","SCOPE_DATA_COLLECTION",1800,55,3370.0,3430.0,1,10418,7815,2534,10521,7620,2514,7790,5773,1768,2624,2032,770,0.25196850393700787,0.260345932094811,0.3033884948778566,0.4568975287486043,0.838019164587443,1.1775213831975893,0.9137950574972086,0.838019164587443,0.7850142554650595,0.34428754813863927,0.37363589121773777,0.34728506787330315,100.0,100.0,5898,11942,2927,350,5025,51,0.0593421498813157,0.4207837883101658,0.01742398360095661,0.8,0.5,0.9,0.7000000000000001,25.0,70.0,95.0,0.7000000000000001,0.5,0.9,0.7000000000000001,20.0,60.0,95.0,7656,6717,939,7656,0.12264890282131662,0.7183939884777102,1.0,0.7183939884777102,2013,0.2996873604287628,1.0,1
"iteration_4","SCOPE_DATA_COLLECTION",1800,55,3370.0,3430.0,2,10418,7815,2534,10521,7620,2514,7790,5773,1768,2624,2032,770,0.25196850393700787,0.260345932094811,0.3033884948778566,0.4568975287486043,0.838019164587443,1.1775213831975893,0.9137950574972086,0.838019164587443,0.7850142554650595,0.34428754813863927,0.37363589121773777,0.34728506787330315,100.0,100.0,5898,11942,2927,350,5025,51,0.0593421498813157,0.4207837883101658,0.01742398360095661,0.8,0.5,0.9,0.7000000000000001,25.0,70.0,95.0,0.7000000000000001,0.5,0.9,0.7000000000000001,20.0,60.0,95.0,2510,2136,374,2510,0.14900398406374502,1.0459866467320036,1.5,0.697324431154669,626,0.29307116104868913,1.0,1
"iteration_4","SCOPE_DATA_COLLECTION",1800,56,3430.0,3490.0,0,10444,7656,2510,10418,7815,2534,9367,6704,2112,1040,939,374,0.09993273758047468,0.12285751668193118,0.1504424778761062,0.38611424682650486,0.7171596255432582,1.0461448165667493,0.7722284936530097,0.7171596255432582,0.6974298777111662,0.29507846695847123,0.3017601431980907,0.2940340909090909,97.5,100.0,5765,10338,4507,295,431,1627,0.05117085862966175,0.04169084929386729,0.36099400931883735,0.7000000000000001,0.5,0.9,0.7000000000000001,20.0,60.0,95.0,0.8,0.6000000000000001,0.9,0.7000000000000001,20.0,60.0,95.0,10513,8215,2298,10513,0.21858651193760106,0.4526211609124921,0.5,0.9052423218249842,3021,0.36774193548387096,1.0,1
"iteration_4","SCOPE_DATA_COLLECTION",1800,56,3430.0,3490.0,1,10444,7656,2510,10418,7815,2534,9367,6704,2112,1040,939,374,0.09993273758047468,0.12285751668193118,0.1504424778761062,0.38611424682650486,0.7171596255432582,1.0461448165667493,0.7722284936530097,0.7171596255432582,0.6974298777111662,0.29507846695847123,0.3017601431980907,0.2940340909090909,97.5,100.0,5765,10338,4507,295,431,1627,0.05117085862966175,0.04169084929386729,0.36099400931883735,0.7000000000000001,0.5,0.9,0.7000000000000001,20.0,60.0,95.0,0.8,0.6000000000000001,0.9,0.7000000000000001,20.0,60.0,95.0,7767,5894,1873,7767,0.2411484485644393,0.8094434013645035,1.0,0.8094434013645035,2125,0.3605361384458772,1.0,1
"iteration_4","SCOPE_DATA_COLLECTION",1800,56,3430.0,3490.0,2,10444,7656,2510,10418,7815,2534,9367,6704,2112,1040,939,374,0.09993273758047468,0.12285751668193118,0.1504424778761062,0.38611424682650486,0.7171596255432582,1.0461448165667493,0.7722284936530097,0.7171596255432582,0.6974298777111662,0.29507846695847123,0.3017601431980907,0.2940340909090909,97.5,100.0,5765,10338,4507,295,431,1627,0.05117085862966175,0.04169084929386729,0.36099400931883735,0.7000000000000001,0.5,0.9,0.7000000000000001,20.0,60.0,95.0,0.8,0.6000000000000001,0.9,0.7000000000000001,20.0,60.0,95.0,2528,1808,720,2528,0.2848101265822785,1.194733190066561,1.5,0.7964887933777073,636,0.35176991150442477,1.0,1
"iteration_4","SCOPE_DATA_COLLECTION",1800,57,3490.0,3550.0,0,10513,7767,2528,10444,7656,2510,8232,5897,1813,2298,1873,720,0.21823361823361823,0.24105534105534104,0.284247927358863,0.45887626976177304,0.8127757183324178,1.190280952926109,0.9177525395235461,0.8127757183324178,0.7935206352840726,0.36795432458697763,0.35916567746311684,0.3474903474903475,100.0,100.0,5836,11939,3033,319,4572,0,0.054660726525017134,0.3829466454476924,0.0,0.8,0.6000000000000001,0.9,0.7000000000000001,20.0,60.0,95.0,0.7000000000000001,0.6000000000000001,0.8,0.7000000000000001,20.0,70.0,95.0,10501,9328,1173,10501,0.11170364727168841,0.3974833883276354,0.5,0.7949667766552708,2817,0.3019939965694683,1.0,1
"iteration_4","SCOPE_DATA_COLLECTION",1800,57,3490.0,3550.0,1,10513,7767,2528,10444,7656,2510,8232,5897,1813,2298,1873,720,0.21823361823361823,0.24105534105534104,0.284247927358863,0.45887626976177304,0.8127757183324178,1.190280952926109,0.9177525395235461,0.8127757183324178,0.7935206352840726,0.36795432458697763,0.35916567746311684,0.3474903474903475,100.0,100.0,5836,11939,3033,319,4572,0,0.054660726525017134,0.3829466454476924,0.0,0.8,0.6000000000000001,0.9,0.7000000000000001,20.0,60.0,95.0,0.7000000000000001,0.6000000000000001,0.8,0.7000000000000001,20.0,70.0,95.0,7655,6683,972,7655,0.12697583278902677,0.7184177456680894,1.0,0.7184177456680894,2016,0.30166093071973665,1.0,1
"iteration_4","SCOPE_DATA_COLLECTION",1800,57,3490.0,3550.0,2,10513,7767,2528,10444,7656,2510,8232,5897,1813,2298,1873,720,0.21823361823361823,0.24105534105534104,0.284247927358863,0.45887626976177304,0.8127757183324178,1.190280952926109,0.9177525395235461,0.8127757183324178,0.7935206352840726,0.36795432458697763,0.35916567746311684,0.3474903474903475,100.0,100.0,5836,11939,3033,319,4572,0,0.054660726525017134,0.3829466454476924,0.0,0.8,0.6000000000000001,0.9,0.7000000000000001,20.0,60.0,95.0,0.7000000000000001,0.6000000000000001,0.8,0.7000000000000001,20.0,70.0,95.0,2487,2135,352,2487,0.14153598713309207,1.026458983989845,1.5,0.6843059893265634,597,0.2796252927400468,1.0,1
"iteration_4","SCOPE_DATA_COLLECTION",1800,58,3550.0,3619.403032053634,0,10501,7655,2487,10513,7767,2528,9314,6673,2134,1173,972,352,0.11185277009630971,0.12714192282537606,0.1415929203539823,0.39708114871749955,0.7211123678279322,1.031300194561715,0.7941622974349991,0.7211123678279322,0.6875334630411434,0.30223319733734166,0.303311853738948,0.2830365510777882,97.5,100.0,5746,10550,4347,275,895,1327,0.04785938043856596,0.08483412322274882,0.3052680009201748,0.7000000000000001,0.6000000000000001,0.8,0.7000000000000001,20.0,70.0,95.0,0.7000000000000001,0.6000000000000001,0.8,0.7000000000000001,20.0,70.0,95.0,8697,7603,1036,8639,0.1199212871860169,0.387872667045402,0.5,0.775745334090804,2210,0.2906747336577667,0.993331033689778,0
"iteration_4","SCOPE_DATA_COLLECTION",1800,58,3550.0,3619.403032053634,1,10501,7655,2487,10513,7767,2528,9314,6673,2134,1173,972,352,0.11185277009630971,0.12714192282537606,0.1415929203539823,0.39708114871749955,0.7211123678279322,1.031300194561715,0.7941622974349991,0.7211123678279322,0.6875334630411434,0.30223319733734166,0.303311853738948,0.2830365510777882,97.5,100.0,5746,10550,4347,275,895,1327,0.04785938043856596,0.08483412322274882,0.3052680009201748,0.7000000000000001,0.6000000000000001,0.8,0.7000000000000001,20.0,70.0,95.0,0.7000000000000001,0.6000000000000001,0.8,0.7000000000000001,20.0,70.0,95.0,6367,5441,843,6284,0.1341502227880331,0.6930236527706117,1.0,0.6930236527706117,1593,0.2927770630398824,0.986964033296686,0
"iteration_4","SCOPE_DATA_COLLECTION",1800,58,3550.0,3619.403032053634,2,10501,7655,2487,10513,7767,2528,9314,6673,2134,1173,972,352,0.11185277009630971,0.12714192282537606,0.1415929203539823,0.39708114871749955,0.7211123678279322,1.031300194561715,0.7941622974349991,0.7211123678279322,0.6875334630411434,0.30223319733734166,0.303311853738948,0.2830365510777882,97.5,100.0,5746,10550,4347,275,895,1327,0.04785938043856596,0.08483412322274882,0.3052680009201748,0.7000000000000001,0.6000000000000001,0.8,0.7000000000000001,20.0,70.0,95.0,0.7000000000000001,0.6000000000000001,0.8,0.7000000000000001,20.0,70.0,95.0,2065,1707,308,2015,0.15285359801488835,1.04108129122814,1.5,0.6940541941520934,498,0.29173989455184535,0.9757869249394673,0
"iteration_5","SCOPE_DATA_COLLECTION",100,0,70.0,130.0,0,697,335,112,0,0,0,693,330,108,1,0,0,0.001440922190201729,0.0,0.0,0.34561906661407915,1.0531122995231552,2.0565081961254377,0.6912381332281583,1.0531122995231552,1.3710054640836251,0.0,0.7818181818181819,1.0,27.5,100.0,1144,0,0,1,0,0,8.741258741258741E-4,0.0,0.0,0.6,0.5,0.7,0.4,85.0,80.0,90.0,0.35000000000000003,0.4,0.4,0.9,50.0,55.0,90.0,737,737,0,737,0.0,0.3447875144361251,0.5,0.6895750288722502,0,0.0,1.0,1
"iteration_5","SCOPE_DATA_COLLECTION",100,0,70.0,130.0,1,697,335,112,0,0,0,693,330,108,1,0,0,0.001440922190201729,0.0,0.0,0.34561906661407915,1.0531122995231552,2.0565081961254377,0.6912381332281583,1.0531122995231552,1.3710054640836251,0.0,0.7818181818181819,1.0,27.5,100.0,1144,0,0,1,0,0,8.741258741258741E-4,0.0,0.0,0.6,0.5,0.7,0.4,85.0,80.0,90.0,0.35000000000000003,0.4,0.4,0.9,50.0,55.0,90.0,366,366,0,366,0.0,1.0536055425710429,1.0,1.0536055425710429,271,0.7404371584699454,1.0,1
"iteration_5","SCOPE_DATA_COLLECTION",100,0,70.0,130.0,2,697,335,112,0,0,0,693,330,108,1,0,0,0.001440922190201729,0.0,0.0,0.34561906661407915,1.0531122995231552,2.0565081961254377,0.6912381332281583,1.0531122995231552,1.3710054640836251,0.0,0.7818181818181819,1.0,27.5,100.0,1144,0,0,1,0,0,8.741258741258741E-4,0.0,0.0,0.6,0.5,0.7,0.4,85.0,80.0,90.0,0.35000000000000003,0.4,0.4,0.9,50.0,55.0,90.0,116,116,0,116,0.0,2.0557177717063797,1.5,1.3704785144709197,116,1.0,1.0,1
"iteration_5","SCOPE_DATA_COLLECTION",100,1,130.0,190.0,0,737,366,116,697,335,112,739,364,114,0,0,0,0.0,0.0,0.0,0.34480284661395777,1.0524363841887583,2.0552313767439645,0.6896056932279155,1.0524363841887583,1.370154251162643,0.0,0.739010989010989,1.0,35.0,100.0,1219,0,0,0,0,0,0.0,0.0,0.0,0.35000000000000003,0.4,0.4,0.9,50.0,55.0,90.0,0.35000000000000003,0.4,0.5,0.9,60.0,55.0,95.0,763,763,0,763,0.0,0.3447355141454709,0.5,0.6894710282909418,0,0.0,1.0,1
"iteration_5","SCOPE_DATA_COLLECTION",100,1,130.0,190.0,1,737,366,116,697,335,112,739,364,114,0,0,0,0.0,0.0,0.0,0.34480284661395777,1.0524363841887583,2.0552313767439645,0.6896056932279155,1.0524363841887583,1.370154251162643,0.0,0.739010989010989,1.0,35.0,100.0,1219,0,0,0,0,0,0.0,0.0,0.0,0.35000000000000003,0.4,0.4,0.9,50.0,55.0,90.0,0.35000000000000003,0.4,0.5,0.9,60.0,55.0,95.0,360,360,0,360,0.0,1.0573858216965333,1.0,1.0573858216965333,288,0.8,1.0,1
"iteration_5","SCOPE_DATA_COLLECTION",100,1,130.0,190.0,2,737,366,116,697,335,112,739,364,114,0,0,0,0.0,0.0,0.0,0.34480284661395777,1.0524363841887583,2.0552313767439645,0.6896056932279155,1.0524363841887583,1.370154251162643,0.0,0.739010989010989,1.0,35.0,100.0,1219,0,0,0,0,0,0.0,0.0,0.0,0.35000000000000003,0.4,0.4,0.9,50.0,55.0,90.0,0.35000000000000003,0.4,0.5,0.9,60.0,55.0,95.0,123,123,0,123,0.0,2.0680576459726328,1.5,1.3787050973150885,123,1.0,1.0,1
"iteration_5","SCOPE_DATA_COLLECTION",100,2,190.0,250.0,0,763,360,123,737,366,116,760,358,127,0,0,0,0.0,0.0,0.0,0.3447521667762829,1.057475235507505,2.0672721568569776,0.6895043335525658,1.057475235507505,1.3781814379046518,0.0,0.7960893854748603,1.0,35.0,100.0,1246,0,0,0,0,0,0.0,0.0,0.0,0.35000000000000003,0.4,0.5,0.9,60.0,55.0,95.0,0.35000000000000003,0.4,0.5,0.9,60.0,55.0,95.0,716,716,0,716,0.0,0.34671983942230733,0.5,0.6934396788446147,0,0.0,1.0,1
"iteration_5","SCOPE_DATA_COLLECTION",100,2,190.0,250.0,1,763,360,123,737,366,116,760,358,127,0,0,0,0.0,0.0,0.0,0.3447521667762829,1.057475235507505,2.0672721568569776,0.6895043335525658,1.057475235507505,1.3781814379046518,0.0,0.7960893854748603,1.0,35.0,100.0,1246,0,0,0,0,0,0.0,0.0,0.0,0.35000000000000003,0.4,0.5,0.9,60.0,55.0,95.0,0.35000000000000003,0.4,0.5,0.9,60.0,55.0,95.0,358,357,1,358,0.002793296089385475,1.0515672953480952,1.0,1.0515672953480952,264,0.7394957983193278,1.0,1
"iteration_5","SCOPE_DATA_COLLECTION",100,2,190.0,250.0,2,763,360,123,737,366,116,760,358,127,0,0,0,0.0,0.0,0.0,0.3447521667762829,1.057475235507505,2.0672721568569776,0.6895043335525658,1.057475235507505,1.3781814379046518,0.0,0.7960893854748603,1.0,35.0,100.0,1246,0,0,0,0,0,0.0,0.0,0.0,0.35000000000000003,0.4,0.5,0.9,60.0,55.0,95.0,0.35000000000000003,0.4,0.5,0.9,60.0,55.0,95.0,114,114,0,114,0.0,2.059227601689067,1.5,1.3728184011260447,114,1.0,1.0,1
"iteration_5","SCOPE_DATA_COLLECTION",100,3,250.0,310.0,0,716,358,114,763,360,123,715,358,116,0,1,0,0.0,0.002785515320334262,0.0,0.3467780199077653,1.0521438320398364,2.0589078073722646,0.6935560398155306,1.0521438320398364,1.3726052049148432,0.0,0.7458100558659218,1.0,32.5,100.0,1188,0,0,1,0,0,8.417508417508417E-4,0.0,0.0,0.35000000000000003,0.4,0.5,0.9,60.0,55.0,95.0,0.45,0.4,0.4,0.9,50.0,55.0,95.0,698,698,0,698,0.0,0.3465578530218432,0.5,0.6931157060436864,0,0.0,1.0,1
"iteration_5","SCOPE_DATA_COLLECTION",100,3,250.0,310.0,1,716,358,114,763,360,123,715,358,116,0,1,0,0.0,0.002785515320334262,0.0,0.3467780199077653,1.0521438320398364,2.0589078073722646,0.6935560398155306,1.0521438320398364,1.3726052049148432,0.0,0.7458100558659218,1.0,32.5,100.0,1188,0,0,1,0,0,8.417508417508417E-4,0.0,0.0,0.35000000000000003,0.4,0.5,0.9,60.0,55.0,95.0,0.45,0.4,0.4,0.9,50.0,55.0,95.0,378,378,0,378,0.0,1.0493065803585901,1.0,1.0493065803585901,286,0.7566137566137566,1.0,1
"iteration_5","SCOPE_DATA_COLLECTION",100,3,250.0,310.0,2,716,358,114,763,360,123,715,358,116,0,1,0,0.0,0.002785515320334262,0.0,0.3467780199077653,1.0521438320398364,2.0589078073722646,0.6935560398155306,1.0521438320398364,1.3726052049148432,0.0,0.7458100558659218,1.0,32.5,100.0,1188,0,0,1,0,0,8.417508417508417E-4,0.0,0.0,0.35000000000000003,0.4,0.5,0.9,60.0,55.0,95.0,0.45,0.4,0.4,0.9,50.0,55.0,95.0,120,120,0,120,0.0,2.042732037513489,1.5,1.3618213583423262,120,1.0,1.0,1
"iteration_5","SCOPE_DATA_COLLECTION",100,4,310.0,370.0,0,698,378,120,716,358,114,700,377,117,0,0,0,0.0,0.0,0.0,0.3464774773494812,1.0495090101372897,2.043038792356564,0.6929549546989624,1.0495090101372897,1.3620258615710428,0.0,0.7480106100795756,1.0,37.5,100.0,1196,0,0,0,0,0,0.0,0.0,0.0,0.45,0.4,0.4,0.9,50.0,55.0,95.0,0.35000000000000003,0.4,0.4,0.8,40.0,55.0,85.0,810,810,0,810,0.0,0.34663389518138144,0.5,0.6932677903627629,2,0.0024691358024691358,1.0,1
"iteration_5","SCOPE_DATA_COLLECTION",100,4,310.0,370.0,1,698,378,120,716,358,114,700,377,117,0,0,0,0.0,0.0,0.0,0.3464774773494812,1.0495090101372897,2.043038792356564,0.6929549546989624,1.0495090101372897,1.3620258615710428,0.0,0.7480106100795756,1.0,37.5,100.0,1196,0,0,0,0,0,0.0,0.0,0.0,0.45,0.4,0.4,0.9,50.0,55.0,95.0,0.35000000000000003,0.4,0.4,0.8,40.0,55.0,85.0,374,373,1,374,0.00267379679144385,1.049923976820925,1.0,1.049923976820925,273,0.7319034852546917,1.0,1
"iteration_5","SCOPE_DATA_COLLECTION",100,4,310.0,370.0,2,698,378,120,716,358,114,700,377,117,0,0,0,0.0,0.0,0.0,0.3464774773494812,1.0495090101372897,2.043038792356564,0.6929549546989624,1.0495090101372897,1.3620258615710428,0.0,0.7480106100795756,1.0,37.5,100.0,1196,0,0,0,0,0,0.0,0.0,0.0,0.45,0.4,0.4,0.9,50.0,55.0,95.0,0.35000000000000003,0.4,0.4,0.8,40.0,55.0,85.0,118,118,0,118,0.0,2.067136145669921,1.5,1.3780907637799473,118,1.0,1.0,1
"iteration_5","SCOPE_DATA_COLLECTION",100,5,370.0,430.0,0,810,374,118,698,378,120,809,376,116,0,1,0,0.0,0.002652519893899204,0.0,0.3466147323495811,1.0501196016373828,2.068703154142399,0.6932294646991622,1.0501196016373828,1.3791354360949326,0.002472187886279357,0.7420212765957447,1.0,37.5,100.0,1302,0,0,1,0,0,7.680491551459293E-4,0.0,0.0,0.35000000000000003,0.4,0.4,0.8,40.0,55.0,85.0,0.35000000000000003,0.4,0.4,0.8,40.0,55.0,85.0,742,742,0,742,0.0,0.3479746490383253,0.5,0.6959492980766506,1,0.0013477088948787063,1.0,1
"iteration_5","SCOPE_DATA_COLLECTION",100,5,370.0,430.0,1,810,374,118,698,378,120,809,376,116,0,1,0,0.0,0.002652519893899204,0.0,0.3466147323495811,1.0501196016373828,2.068703154142399,0.6932294646991622,1.0501196016373828,1.3791354360949326,0.002472187886279357,0.7420212765957447,1.0,37.5,100.0,1302,0,0,1,0,0,7.680491551459293E-4,0.0,0.0,0.35000000000000003,0.4,0.4,0.8,40.0,55.0,85.0,0.35000000000000003,0.4,0.4,0.8,40.0,55.0,85.0,419,418,1,419,0.002386634844868735,1.0545664098521967,1.0,1.0545664098521967,321,0.7679425837320574,1.0,1
"iteration_5","SCOPE_DATA_COLLECTION",100,5,370.0,430.0,2,810,374,118,698,378,120,809,376,116,0,1,0,0.0,0.002652519893899204,0.0,0.3466147323495811,1.0501196016373828,2.068703154142399,0.6932294646991622,1.0501196016373828,1.3791354360949326,0.002472187886279357,0.7420212765957447,1.0,37.5,100.0,1302,0,0,1,0,0,7.680491551459293E-4,0.0,0.0,0.35000000000000003,0.4,0.4,0.8,40.0,55.0,85.0,0.35000000000000003,0.4,0.4,0.8,40.0,55.0,85.0,109,109,0,109,0.0,2.0579686687205325,1.5,1.371979112480355,109,1.0,1.0,1
"iteration_5","SCOPE_DATA_COLLECTION",100,6,430.0,490.0,0,742,419,109,810,374,118,741,417,108,0,1,0,0.0,0.0023923444976076554,0.0,0.34777090905827296,1.0537870771393576,2.058548712092271,0.6955418181165459,1.0537870771393576,1.372365808061514,0.001349527665317139,0.762589928057554,1.0,42.5,100.0,1270,0,0,1,0,0,7.874015748031496E-4,0.0,0.0,0.35000000000000003,0.4,0.4,0.8,40.0,55.0,85.0,0.35000000000000003,0.4,0.4,0.8,40.0,55.0,85.0,779,778,1,779,0.0012836970474967907,0.3485191736678012,0.5,0.6970383473356024,0,0.0,1.0,1
"iteration_5","SCOPE_DATA_COLLECTION",100,6,430.0,490.0,1,742,419,109,810,374,118,741,417,108,0,1,0,0.0,0.0023923444976076554,0.0,0.34777090905827296,1.0537870771393576,2.058548712092271,0.6955418181165459,1.0537870771393576,1.372365808061514,0.001349527665317139,0.762589928057554,1.0,42.5,100.0,1270,0,0,1,0,0,7.874015748031496E-4,0.0,0.0,0.35000000000000003,0.4,0.4,0.8,40.0,55.0,85.0,0.35000000000000003,0.4,0.4,0.8,40.0,55.0,85.0,389,388,1,389,0.002570694087403599,1.0541195240222887,1.0,1.0541195240222887,300,0.7731958762886598,1.0,1
"iteration_5","SCOPE_DATA_COLLECTION",100,6,430.0,490.0,2,742,419,109,810,374,118,741,417,108,0,1,0,0.0,0.0023923444976076554,0.0,0.34777090905827296,1.0537870771393576,2.058548712092271,0.6955418181165459,1.0537870771393576,1.372365808061514,0.001349527665317139,0.762589928057554,1.0,42.5,100.0,1270,0,0,1,0,0,7.874015748031496E-4,0.0,0.0,0.35000000000000003,0.4,0.4,0.8,40.0,55.0,85.0,0.35000000000000003,0.4,0.4,0.8,40.0,55.0,85.0,126,126,0,126,0.0,2.0504523506894197,1.5,1.3669682337929465,126,1.0,1.0,1
"iteration_5","SCOPE_DATA_COLLECTION",100,7,490.0,550.0,0,779,389,126,742,419,109,779,391,129,1,1,0,0.001282051282051282,0.002551020408163265,0.0,0.34879872724093786,1.0542474666895536,2.047323380424013,0.6975974544818757,1.0542474666895536,1.3648822536160088,0.0,0.7723785166240409,1.0,22.5,100.0,1294,0,0,2,0,0,0.0015455950540958269,0.0,0.0,0.35000000000000003,0.4,0.4,0.8,40.0,55.0,85.0,0.25,0.4,0.4,0.8,50.0,45.0,75.0,817,817,0,817,0.0,0.34651737405072547,0.5,0.6930347481014509,0,0.0,1.0,1
"iteration_5","SCOPE_DATA_COLLECTION",100,7,490.0,550.0,1,779,389,126,742,419,109,779,391,129,1,1,0,0.001282051282051282,0.002551020408163265,0.0,0.34879872724093786,1.0542474666895536,2.047323380424013,0.6975974544818757,1.0542474666895536,1.3648822536160088,0.0,0.7723785166240409,1.0,22.5,100.0,1294,0,0,2,0,0,0.0015455950540958269,0.0,0.0,0.35000000000000003,0.4,0.4,0.8,40.0,55.0,85.0,0.25,0.4,0.4,0.8,50.0,45.0,75.0,362,361,1,362,0.0027624309392265192,1.0464738927180521,1.0,1.0464738927180521,269,0.7451523545706371,1.0,1
"iteration_5","SCOPE_DATA_COLLECTION",100,7,490.0,550.0,2,779,389,126,742,419,109,779,391,129,1,1,0,0.001282051282051282,0.002551020408163265,0.0,0.34879872724093786,1.0542474666895536,2.047323380424013,0.6975974544818757,1.0542474666895536,1.3648822536160088,0.0,0.7723785166240409,1.0,22.5,100.0,1294,0,0,2,0,0,0.0015455950540958269,0.0,0.0,0.35000000000000003,0.4,0.4,0.8,40.0,55.0,85.0,0.25,0.4,0.4,0.8,50.0,45.0,75.0,123,122,1,123,0.008130081300813009,2.061608048655925,1.5,1.3744053657706168,122,1.0,1.0,1
"iteration_5","SCOPE_DATA_COLLECTION",100,8,550.0,610.0,0,817,362,123,779,389,126,815,355,124,0,1,1,0.0,0.0028089887640449437,0.008,0.34632919205020846,1.0470057535501276,2.0631390553037696,0.6926583841004169,1.0470057535501276,1.3754260368691797,0.0,0.7492957746478873,1.0,40.0,100.0,1302,0,0,2,0,0,0.0015360983102918587,0.0,0.0,0.25,0.4,0.4,0.8,50.0,45.0,75.0,0.35000000000000003,0.30000000000000004,0.4,0.9,60.0,45.0,75.0,777,775,2,777,0.002574002574002574,0.3461736666519268,0.5,0.6923473333038536,0,0.0,1.0,1
"iteration_5","SCOPE_DATA_COLLECTION",100,8,550.0,610.0,1,817,362,123,779,389,126,815,355,124,0,1,1,0.0,0.0028089887640449437,0.008,0.34632919205020846,1.0470057535501276,2.0631390553037696,0.6926583841004169,1.0470057535501276,1.3754260368691797,0.0,0.7492957746478873,1.0,40.0,100.0,1302,0,0,2,0,0,0.0015360983102918587,0.0,0.0,0.25,0.4,0.4,0.8,50.0,45.0,75.0,0.35000000000000003,0.30000000000000004,0.4,0.9,60.0,45.0,75.0,397,397,0,397,0.0,1.0479031498022497,1.0,1.0479031498022497,306,0.7707808564231738,1.0,1
"iteration_5","SCOPE_DATA_COLLECTION",100,8,550.0,610.0,2,817,362,123,779,389,126,815,355,124,0,1,1,0.0,0.0028089887640449437,0.008,0.34632919205020846,1.0470057535501276,2.0631390553037696,0.6926583841004169,1.0470057535501276,1.3754260368691797,0.0,0.7492957746478873,1.0,40.0,100.0,1302,0,0,2,0,0,0.0015360983102918587,0.0,0.0,0.25,0.4,0.4,0.8,50.0,45.0,75.0,0.35000000000000003,0.30000000000000004,0.4,0.9,60.0,45.0,75.0,118,118,0,118,0.0,2.0619909241697347,1.5,1.3746606161131565,118,1.0,1.0,1
"iteration_5","SCOPE_DATA_COLLECTION",100,9,610.0,670.0,0,777,397,118,817,362,123,779,403,116,2,0,0,0.002560819462227913,0.0,0.0,0.3463189196084804,1.0481437277198549,2.0620845507835885,0.6926378392169608,1.0481437277198549,1.3747230338557257,0.0,0.771712158808933,1.0,17.5,100.0,1292,0,0,2,0,0,0.0015479876160990713,0.0,0.0,0.35000000000000003,0.30000000000000004,0.4,0.9,60.0,45.0,75.0,0.25,0.4,0.4,0.9,70.0,55.0,75.0,825,824,1,825,0.0012121212121212121,0.3461415375843121,0.5,0.6922830751686242,0,0.0,1.0,1
"iteration_5","SCOPE_DATA_COLLECTION",100,9,610.0,670.0,1,777,397,118,817,362,123,779,403,116,2,0,0,0.002560819462227913,0.0,0.0,0.3463189196084804,1.0481437277198549,2.0620845507835885,0.6926378392169608,1.0481437277198549,1.3747230338557257,0.0,0.771712158808933,1.0,17.5,100.0,1292,0,0,2,0,0,0.0015479876160990713,0.0,0.0,0.35000000000000003,0.30000000000000004,0.4,0.9,60.0,45.0,75.0,0.25,0.4,0.4,0.9,70.0,55.0,75.0,350,350,0,350,0.0,1.053073032034365,1.0,1.053073032034365,270,0.7714285714285715,1.0,1
"iteration_5","SCOPE_DATA_COLLECTION",100,9,610.0,670.0,2,777,397,118,817,362,123,779,403,116,2,0,0,0.002560819462227913,0.0,0.0,0.3463189196084804,1.0481437277198549,2.0620845507835885,0.6926378392169608,1.0481437277198549,1.3747230338557257,0.0,0.771712158808933,1.0,17.5,100.0,1292,0,0,2,0,0,0.0015479876160990713,0.0,0.0,0.35000000000000003,0.30000000000000004,0.4,0.9,60.0,45.0,75.0,0.25,0.4,0.4,0.9,70.0,55.0,75.0,138,138,0,138,0.0,2.066795645260677,1.5,1.3778637635071178,138,1.0,1.0,1
"iteration_5","SCOPE_DATA_COLLECTION",100,10,670.0,730.0,0,825,350,138,777,397,118,823,347,137,1,0,0,0.0012135922330097086,0.0,0.0,0.34610924456554243,1.051585201936546,2.061625723151258,0.6922184891310849,1.051585201936546,1.3744171487675052,0.0,0.7636887608069164,1.0,35.0,100.0,1313,0,0,1,0,0,7.616146230007616E-4,0.0,0.0,0.25,0.4,0.4,0.9,70.0,55.0,75.0,0.8,0.8,0.2,0.6000000000000001,65.0,20.0,30.0,806,806,0,806,0.0,0.3460360959357343,0.5,0.6920721918714686,0,0.0,1.0,1
"iteration_5","SCOPE_DATA_COLLECTION",100,10,670.0,730.0,1,825,350,138,777,397,118,823,347,137,1,0,0,0.0012135922330097086,0.0,0.0,0.34610924456554243,1.051585201936546,2.061625723151258,0.6922184891310849,1.051585201936546,1.3744171487675052,0.0,0.7636887608069164,1.0,35.0,100.0,1313,0,0,1,0,0,7.616146230007616E-4,0.0,0.0,0.25,0.4,0.4,0.9,70.0,55.0,75.0,0.8,0.8,0.2,0.6000000000000001,65.0,20.0,30.0,370,370,0,370,0.0,1.051638905597126,1.0,1.051638905597126,270,0.7297297297297297,1.0,1
"iteration_5","SCOPE_DATA_COLLECTION",100,10,670.0,730.0,2,825,350,138,777,397,118,823,347,137,1,0,0,0.0012135922330097086,0.0,0.0,0.34610924456554243,1.051585201936546,2.061625723151258,0.6922184891310849,1.051585201936546,1.3744171487675052,0.0,0.7636887608069164,1.0,35.0,100.0,1313,0,0,1,0,0,7.616146230007616E-4,0.0,0.0,0.25,0.4,0.4,0.9,70.0,55.0,75.0,0.8,0.8,0.2,0.6000000000000001,65.0,20.0,30.0,120,120,0,120,0.0,2.051867725726756,1.5,1.3679118171511708,120,1.0,1.0,1
"iteration_5","SCOPE_DATA_COLLECTION",100,11,730.0,790.0,0,806,370,120,825,350,138,803,376,121,0,0,0,0.0,0.0,0.0,0.3460345061492194,1.052528687996116,2.057269562516949,0.6920690122984388,1.052528687996116,1.371513041677966,0.0,0.7340425531914894,1.0,22.5,100.0,1296,0,0,0,0,0,0.0,0.0,0.0,0.8,0.8,0.2,0.6000000000000001,65.0,20.0,30.0,0.8,0.8,0.2,0.6000000000000001,65.0,20.0,30.0,756,756,0,756,0.0,0.3453257947442401,0.5,0.6906515894884802,0,0.0,1.0,1
"iteration_5","SCOPE_DATA_COLLECTION",100,11,730.0,790.0,1,806,370,120,825,350,138,803,376,121,0,0,0,0.0,0.0,0.0,0.3460345061492194,1.052528687996116,2.057269562516949,0.6920690122984388,1.052528687996116,1.371513041677966,0.0,0.7340425531914894,1.0,22.5,100.0,1296,0,0,0,0,0,0.0,0.0,0.0,0.8,0.8,0.2,0.6000000000000001,65.0,20.0,30.0,0.8,0.8,0.2,0.6000000000000001,65.0,20.0,30.0,353,353,0,353,0.0,1.055084438894506,1.0,1.055084438894506,272,0.7705382436260623,1.0,1
"iteration_5","SCOPE_DATA_COLLECTION",100,11,730.0,790.0,2,806,370,120,825,350,138,803,376,121,0,0,0,0.0,0.0,0.0,0.3460345061492194,1.052528687996116,2.057269562516949,0.6920690122984388,1.052528687996116,1.371513041677966,0.0,0.7340425531914894,1.0,22.5,100.0,1296,0,0,0,0,0,0.0,0.0,0.0,0.8,0.8,0.2,0.6000000000000001,65.0,20.0,30.0,0.8,0.8,0.2,0.6000000000000001,65.0,20.0,30.0,117,117,0,117,0.0,2.066647851811917,1.5,1.377765234541278,117,1.0,1.0,1
"iteration_5","SCOPE_DATA_COLLECTION",100,12,790.0,850.0,0,756,353,117,806,370,120,756,345,114,0,0,0,0.0,0.0,0.0,0.3454108330679941,1.0559242259216783,2.0660745266565312,0.6908216661359882,1.0559242259216783,1.377383017771021,0.0,0.7739130434782608,1.0,52.5,100.0,1226,0,0,0,0,0,0.0,0.0,0.0,0.8,0.8,0.2,0.6000000000000001,65.0,20.0,30.0,0.9,0.9,0.1,0.5,55.0,20.0,20.0,798,798,0,798,0.0,0.3477099740563169,0.5,0.6954199481126337,0,0.0,1.0,1
"iteration_5","SCOPE_DATA_COLLECTION",100,12,790.0,850.0,1,756,353,117,806,370,120,756,345,114,0,0,0,0.0,0.0,0.0,0.3454108330679941,1.0559242259216783,2.0660745266565312,0.6908216661359882,1.0559242259216783,1.377383017771021,0.0,0.7739130434782608,1.0,52.5,100.0,1226,0,0,0,0,0,0.0,0.0,0.0,0.8,0.8,0.2,0.6000000000000001,65.0,20.0,30.0,0.9,0.9,0.1,0.5,55.0,20.0,20.0,348,348,0,348,0.0,1.054393704408244,1.0,1.054393704408244,267,0.7672413793103449,1.0,1
"iteration_5","SCOPE_DATA_COLLECTION",100,12,790.0,850.0,2,756,353,117,806,370,120,756,345,114,0,0,0,0.0,0.0,0.0,0.3454108330679941,1.0559242259216783,2.0660745266565312,0.6908216661359882,1.0559242259216783,1.377383017771021,0.0,0.7739130434782608,1.0,52.5,100.0,1226,0,0,0,0,0,0.0,0.0,0.0,0.8,0.8,0.2,0.6000000000000001,65.0,20.0,30.0,0.9,0.9,0.1,0.5,55.0,20.0,20.0,147,147,0,147,0.0,2.0527983481589454,1.5,1.3685322321059636,147,1.0,1.0,1
"iteration_5","SCOPE_DATA_COLLECTION",100,13,850.0,910.0,0,798,348,147,756,353,117,796,353,152,0,0,0,0.0,0.0,0.0,0.34764376911609984,1.0536715286515754,2.0534246629413224,0.6952875382321997,1.0536715286515754,1.368949775294215,0.0,0.7620396600566572,1.0,32.5,100.0,1293,0,0,0,0,0,0.0,0.0,0.0,0.9,0.9,0.1,0.5,55.0,20.0,20.0,0.9500000000000001,0.8,0.2,0.6000000000000001,65.0,30.0,20.0,791,791,0,791,0.0,0.34694211454389456,0.5,0.6938842290877891,2,0.0025284450063211127,1.0,1
"iteration_5","SCOPE_DATA_COLLECTION",100,13,850.0,910.0,1,798,348,147,756,353,117,796,353,152,0,0,0,0.0,0.0,0.0,0.34764376911609984,1.0536715286515754,2.0534246629413224,0.6952875382321997,1.0536715286515754,1.368949775294215,0.0,0.7620396600566572,1.0,32.5,100.0,1293,0,0,0,0,0,0.0,0.0,0.0,0.9,0.9,0.1,0.5,55.0,20.0,20.0,0.9500000000000001,0.8,0.2,0.6000000000000001,65.0,30.0,20.0,356,356,0,356,0.0,1.053459656574702,1.0,1.053459656574702,277,0.7780898876404494,1.0,1
"iteration_5","SCOPE_DATA_COLLECTION",100,13,850.0,910.0,2,798,348,147,756,353,117,796,353,152,0,0,0,0.0,0.0,0.0,0.34764376911609984,1.0536715286515754,2.0534246629413224,0.6952875382321997,1.0536715286515754,1.368949775294215,0.0,0.7620396600566572,1.0,32.5,100.0,1293,0,0,0,0,0,0.0,0.0,0.0,0.9,0.9,0.1,0.5,55.0,20.0,20.0,0.9500000000000001,0.8,0.2,0.6000000000000001,65.0,30.0,20.0,121,121,0,121,0.0,2.0637250572727597,1.5,1.3758167048485064,121,1.0,1.0,1
"iteration_5","SCOPE_DATA_COLLECTION",100,14,910.0,970.0,0,791,356,121,798,348,147,797,352,118,0,0,0,0.0,0.0,0.0,0.34695231970919205,1.0541133631768616,2.0652051156907323,0.6939046394183841,1.0541133631768616,1.3768034104604883,0.002509410288582183,0.7897727272727273,1.0,27.5,100.0,1268,0,0,0,0,0,0.0,0.0,0.0,0.9500000000000001,0.8,0.2,0.6000000000000001,65.0,30.0,20.0,0.9500000000000001,0.7000000000000001,0.30000000000000004,0.5,55.0,20.0,20.0,780,780,0,780,0.0,0.3466566340984129,0.5,0.6933132681968258,0,0.0,1.0,1
"iteration_5","SCOPE_DATA_COLLECTION",100,14,910.0,970.0,1,791,356,121,798,348,147,797,352,118,0,0,0,0.0,0.0,0.0,0.34695231970919205,1.0541133631768616,2.0652051156907323,0.6939046394183841,1.0541133631768616,1.3768034104604883,0.002509410288582183,0.7897727272727273,1.0,27.5,100.0,1268,0,0,0,0,0,0.0,0.0,0.0,0.9500000000000001,0.8,0.2,0.6000000000000001,65.0,30.0,20.0,0.9500000000000001,0.7000000000000001,0.30000000000000004,0.5,55.0,20.0,20.0,383,383,0,383,0.0,1.0519291909879702,1.0,1.0519291909879702,287,0.7493472584856397,1.0,1
"iteration_5","SCOPE_DATA_COLLECTION",100,14,910.0,970.0,2,791,356,121,798,348,147,797,352,118,0,0,0,0.0,0.0,0.0,0.34695231970919205,1.0541133631768616,2.0652051156907323,0.6939046394183841,1.0541133631768616,1.3768034104604883,0.002509410288582183,0.7897727272727273,1.0,27.5,100.0,1268,0,0,0,0,0,0.0,0.0,0.0,0.9500000000000001,0.8,0.2,0.6000000000000001,65.0,30.0,20.0,0.9500000000000001,0.7000000000000001,0.30000000000000004,0.5,55.0,20.0,20.0,126,126,0,126,0.0,2.07684642784235,1.5,1.3845642852282334,126,1.0,1.0,1
"iteration_5","SCOPE_DATA_COLLECTION",100,15,970.0,1030.0,0,780,383,126,791,356,121,775,386,127,0,0,0,0.0,0.0,0.0,0.34658792236736924,1.0515833343572212,2.0752640362624346,0.6931758447347385,1.0515833343572212,1.3835093575082897,0.0,0.7435233160621761,1.0,30.0,100.0,1289,0,0,0,0,0,0.0,0.0,0.0,0.9500000000000001,0.7000000000000001,0.30000000000000004,0.5,55.0,20.0,20.0,0.9500000000000001,0.7000000000000001,0.30000000000000004,0.5,55.0,20.0,20.0,778,778,0,778,0.0,0.34595917649240093,0.5,0.6919183529848019,0,0.0,1.0,1
"iteration_5","SCOPE_DATA_COLLECTION",100,15,970.0,1030.0,1,780,383,126,791,356,121,775,386,127,0,0,0,0.0,0.0,0.0,0.34658792236736924,1.0515833343572212,2.0752640362624346,0.6931758447347385,1.0515833343572212,1.3835093575082897,0.0,0.7435233160621761,1.0,30.0,100.0,1289,0,0,0,0,0,0.0,0.0,0.0,0.9500000000000001,0.7000000000000001,0.30000000000000004,0.5,55.0,20.0,20.0,0.9500000000000001,0.7000000000000001,0.30000000000000004,0.5,55.0,20.0,20.0,364,364,0,364,0.0,1.051259693092393,1.0,1.051259693092393,268,0.7362637362637363,1.0,1
"iteration_5","SCOPE_DATA_COLLECTION",100,15,970.0,1030.0,2,780,383,126,791,356,121,775,386,127,0,0,0,0.0,0.0,0.0,0.34658792236736924,1.0515833343572212,2.0752640362624346,0.6931758447347385,1.0515833343572212,1.3835093575082897,0.0,0.7435233160621761,1.0,30.0,100.0,1289,0,0,0,0,0,0.0,0.0,0.0,0.9500000000000001,0.7000000000000001,0.30000000000000004,0.5,55.0,20.0,20.0,0.9500000000000001,0.7000000000000001,0.30000000000000004,0.5,55.0,20.0,20.0,107,107,0,107,0.0,2.056658428638153,1.5,1.371105619092102,107,1.0,1.0,1
"iteration_5","SCOPE_DATA_COLLECTION",100,16,1030.0,1090.0,0,778,364,107,780,383,126,781,363,104,0,0,0,0.0,0.0,0.0,0.3460701337937131,1.0512977657551463,2.05461240962211,0.6921402675874262,1.0512977657551463,1.36974160641474,0.0,0.7355371900826446,1.0,35.0,100.0,1249,0,0,0,0,0,0.0,0.0,0.0,0.9500000000000001,0.7000000000000001,0.30000000000000004,0.5,55.0,20.0,20.0,0.2,0.1,0.8,0.8,40.0,80.0,25.0,820,820,0,820,0.0,0.34628283107011476,0.5,0.6925656621402295,0,0.0,1.0,1
"iteration_5","SCOPE_DATA_COLLECTION",100,16,1030.0,1090.0,1,778,364,107,780,383,126,781,363,104,0,0,0,0.0,0.0,0.0,0.3460701337937131,1.0512977657551463,2.05461240962211,0.6921402675874262,1.0512977657551463,1.36974160641474,0.0,0.7355371900826446,1.0,35.0,100.0,1249,0,0,0,0,0,0.0,0.0,0.0,0.9500000000000001,0.7000000000000001,0.30000000000000004,0.5,55.0,20.0,20.0,0.2,0.1,0.8,0.8,40.0,80.0,25.0,357,356,1,357,0.0028011204481792717,1.0539338525745543,1.0,1.0539338525745543,285,0.800561797752809,1.0,1
"iteration_5","SCOPE_DATA_COLLECTION",100,16,1030.0,1090.0,2,778,364,107,780,383,126,781,363,104,0,0,0,0.0,0.0,0.0,0.3460701337937131,1.0512977657551463,2.05461240962211,0.6921402675874262,1.0512977657551463,1.36974160641474,0.0,0.7355371900826446,1.0,35.0,100.0,1249,0,0,0,0,0,0.0,0.0,0.0,0.9500000000000001,0.7000000000000001,0.30000000000000004,0.5,55.0,20.0,20.0,0.2,0.1,0.8,0.8,40.0,80.0,25.0,102,102,0,102,0.0,2.0793971895326444,1.5,1.3862647930217629,102,1.0,1.0,1
"iteration_5","SCOPE_DATA_COLLECTION",100,17,1090.0,1150.0,0,820,357,102,778,364,107,821,357,103,0,1,0,0.0,0.002793296089385475,0.0,0.3462265521186864,1.053855230123012,2.0776158440686556,0.6924531042373728,1.053855230123012,1.3850772293791038,0.0,0.8011204481792717,1.0,32.5,100.0,1279,0,0,1,0,0,7.818608287724785E-4,0.0,0.0,0.2,0.1,0.8,0.8,40.0,80.0,25.0,0.8,0.5,0.7000000000000001,0.1,50.0,30.0,80.0,788,787,1,788,0.0012690355329949238,0.34828619526598265,0.5,0.6965723905319653,0,0.0,1.0,1
"iteration_5","SCOPE_DATA_COLLECTION",100,17,1090.0,1150.0,1,820,357,102,778,364,107,821,357,103,0,1,0,0.0,0.002793296089385475,0.0,0.3462265521186864,1.053855230123012,2.0776158440686556,0.6924531042373728,1.053855230123012,1.3850772293791038,0.0,0.8011204481792717,1.0,32.5,100.0,1279,0,0,1,0,0,7.818608287724785E-4,0.0,0.0,0.2,0.1,0.8,0.8,40.0,80.0,25.0,0.8,0.5,0.7000000000000001,0.1,50.0,30.0,80.0,349,349,0,349,0.0,1.0618856277114554,1.0,1.0618856277114554,281,0.8051575931232091,1.0,1
"iteration_5","SCOPE_DATA_COLLECTION",100,17,1090.0,1150.0,2,820,357,102,778,364,107,821,357,103,0,1,0,0.0,0.002793296089385475,0.0,0.3462265521186864,1.053855230123012,2.0776158440686556,0.6924531042373728,1.053855230123012,1.3850772293791038,0.0,0.8011204481792717,1.0,32.5,100.0,1279,0,0,1,0,0,7.818608287724785E-4,0.0,0.0,0.2,0.1,0.8,0.8,40.0,80.0,25.0,0.8,0.5,0.7000000000000001,0.1,50.0,30.0,80.0,118,118,0,118,0.0,2.03990155762083,1.5,1.3599343717472199,118,1.0,1.0,1
"iteration_5","SCOPE_DATA_COLLECTION",100,18,1150.0,1210.0,0,788,349,118,820,357,102,784,350,121,1,0,0,0.0012738853503184713,0.0,0.0,0.3482879558888629,1.0624780552912307,2.046620644039805,0.6965759117777258,1.0624780552912307,1.3644137626932034,0.0,0.8114285714285714,1.0,30.0,100.0,1255,0,0,1,0,0,7.968127490039841E-4,0.0,0.0,0.8,0.5,0.7000000000000001,0.1,50.0,30.0,80.0,0.7000000000000001,0.4,0.8,0.2,50.0,20.0,70.0,806,805,1,806,0.0012406947890818859,0.3469590504072466,0.5,0.6939181008144932,1,0.0012422360248447205,1.0,1
"iteration_5","SCOPE_DATA_COLLECTION",100,18,1150.0,1210.0,1,788,349,118,820,357,102,784,350,121,1,0,0,0.0012738853503184713,0.0,0.0,0.3482879558888629,1.0624780552912307,2.046620644039805,0.6965759117777258,1.0624780552912307,1.3644137626932034,0.0,0.8114285714285714,1.0,30.0,100.0,1255,0,0,1,0,0,7.968127490039841E-4,0.0,0.0,0.8,0.5,0.7000000000000001,0.1,50.0,30.0,80.0,0.7000000000000001,0.4,0.8,0.2,50.0,20.0,70.0,356,355,1,356,0.0028089887640449437,1.0514661935526624,1.0,1.0514661935526624,259,0.7295774647887324,1.0,1
"iteration_5","SCOPE_DATA_COLLECTION",100,18,1150.0,1210.0,2,788,349,118,820,357,102,784,350,121,1,0,0,0.0012738853503184713,0.0,0.0,0.3482879558888629,1.0624780552912307,2.046620644039805,0.6965759117777258,1.0624780552912307,1.3644137626932034,0.0,0.8114285714285714,1.0,30.0,100.0,1255,0,0,1,0,0,7.968127490039841E-4,0.0,0.0,0.8,0.5,0.7000000000000001,0.1,50.0,30.0,80.0,0.7000000000000001,0.4,0.8,0.2,50.0,20.0,70.0,116,116,0,116,0.0,2.0726291038364577,1.5,1.3817527358909718,116,1.0,1.0,1
"iteration_5","SCOPE_DATA_COLLECTION",100,19,1210.0,1270.0,0,806,356,116,788,349,118,810,349,114,1,1,0,0.0012330456226880395,0.002857142857142857,0.0,0.3469699889302819,1.050141904585273,2.0697752108107634,0.6939399778605638,1.050141904585273,1.379850140540509,0.0012345679012345679,0.7191977077363897,1.0,32.5,100.0,1278,0,0,2,0,0,0.001564945226917058,0.0,0.0,0.7000000000000001,0.4,0.8,0.2,50.0,20.0,70.0,0.7000000000000001,0.4,0.8,0.2,50.0,20.0,70.0,803,803,0,803,0.0,0.34737618456532277,0.5,0.6947523691306455,1,0.0012453300124533001,1.0,1
"iteration_5","SCOPE_DATA_COLLECTION",100,19,1210.0,1270.0,1,806,356,116,788,349,118,810,349,114,1,1,0,0.0012330456226880395,0.002857142857142857,0.0,0.3469699889302819,1.050141904585273,2.0697752108107634,0.6939399778605638,1.050141904585273,1.379850140540509,0.0012345679012345679,0.7191977077363897,1.0,32.5,100.0,1278,0,0,2,0,0,0.001564945226917058,0.0,0.0,0.7000000000000001,0.4,0.8,0.2,50.0,20.0,70.0,0.7000000000000001,0.4,0.8,0.2,50.0,20.0,70.0,365,365,0,365,0.0,1.0500035940063686,1.0,1.0500035940063686,272,0.7452054794520548,1.0,1
"iteration_5","SCOPE_DATA_COLLECTION",100,19,1210.0,1270.0,2,806,356,116,788,349,118,810,349,114,1,1,0,0.0012330456226880395,0.002857142857142857,0.0,0.3469699889302819,1.050141904585273,2.0697752108107634,0.6939399778605638,1.050141904585273,1.379850140540509,0.0012345679012345679,0.7191977077363897,1.0,32.5,100.0,1278,0,0,2,0,0,0.001564945226917058,0.0,0.0,0.7000000000000001,0.4,0.8,0.2,50.0,20.0,70.0,0.7000000000000001,0.4,0.8,0.2,50.0,20.0,70.0,125,123,2,125,0.016,2.0461327874874464,1.5,1.364088524991631,123,1.0,1.0,1
"iteration_5","SCOPE_DATA_COLLECTION",100,20,1270.0,1330.0,0,803,365,125,806,356,116,796,369,125,0,0,2,0.0,0.0,0.015748031496062992,0.34722741146823216,1.0505148298608695,2.048871704712681,0.6944548229364643,1.0505148298608695,1.3659144698084542,0.001256281407035176,0.7452574525745257,1.0,32.5,100.0,1293,0,0,2,0,0,0.0015467904098994587,0.0,0.0,0.7000000000000001,0.4,0.8,0.2,50.0,20.0,70.0,0.8,0.30000000000000004,0.8,0.2,40.0,30.0,70.0,791,791,0,791,0.0,0.3466284489095932,0.5,0.6932568978191864,0,0.0,1.0,1
"iteration_5","SCOPE_DATA_COLLECTION",100,20,1270.0,1330.0,1,803,365,125,806,356,116,796,369,125,0,0,2,0.0,0.0,0.015748031496062992,0.34722741146823216,1.0505148298608695,2.048871704712681,0.6944548229364643,1.0505148298608695,1.3659144698084542,0.001256281407035176,0.7452574525745257,1.0,32.5,100.0,1293,0,0,2,0,0,0.0015467904098994587,0.0,0.0,0.7000000000000001,0.4,0.8,0.2,50.0,20.0,70.0,0.8,0.30000000000000004,0.8,0.2,40.0,30.0,70.0,383,383,0,383,0.0,1.0542070764721443,1.0,1.0542070764721443,295,0.7702349869451697,1.0,1
"iteration_5","SCOPE_DATA_COLLECTION",100,20,1270.0,1330.0,2,803,365,125,806,356,116,796,369,125,0,0,2,0.0,0.0,0.015748031496062992,0.34722741146823216,1.0505148298608695,2.048871704712681,0.6944548229364643,1.0505148298608695,1.3659144698084542,0.001256281407035176,0.7452574525745257,1.0,32.5,100.0,1293,0,0,2,0,0,0.0015467904098994587,0.0,0.0,0.7000000000000001,0.4,0.8,0.2,50.0,20.0,70.0,0.8,0.30000000000000004,0.8,0.2,40.0,30.0,70.0,129,129,0,129,0.0,2.066026598286673,1.5,1.3773510655244487,129,1.0,1.0,1
"iteration_5","SCOPE_DATA_COLLECTION",100,21,1330.0,1390.0,0,791,383,129,803,365,125,796,383,124,0,0,0,0.0,0.0,0.0,0.34673271884367357,1.0547498469148726,2.0639118981901707,0.6934654376873471,1.0547498469148726,1.3759412654601137,0.0,0.7754569190600522,1.0,37.5,100.0,1303,0,0,0,0,0,0.0,0.0,0.0,0.8,0.30000000000000004,0.8,0.2,40.0,30.0,70.0,0.8,0.30000000000000004,0.9,0.30000000000000004,30.0,30.0,60.0,740,740,0,740,0.0,0.347025274304402,0.5,0.694050548608804,1,0.0013513513513513514,1.0,1
"iteration_5","SCOPE_DATA_COLLECTION",100,21,1330.0,1390.0,1,791,383,129,803,365,125,796,383,124,0,0,0,0.0,0.0,0.0,0.34673271884367357,1.0547498469148726,2.0639118981901707,0.6934654376873471,1.0547498469148726,1.3759412654601137,0.0,0.7754569190600522,1.0,37.5,100.0,1303,0,0,0,0,0,0.0,0.0,0.0,0.8,0.30000000000000004,0.8,0.2,40.0,30.0,70.0,0.8,0.30000000000000004,0.9,0.30000000000000004,30.0,30.0,60.0,383,383,0,383,0.0,1.0497813392582402,1.0,1.0497813392582402,292,0.762402088772846,1.0,1
"iteration_5","SCOPE_DATA_COLLECTION",100,21,1330.0,1390.0,2,791,383,129,803,365,125,796,383,124,0,0,0,0.0,0.0,0.0,0.34673271884367357,1.0547498469148726,2.0639118981901707,0.6934654376873471,1.0547498469148726,1.3759412654601137,0.0,0.7754569190600522,1.0,37.5,100.0,1303,0,0,0,0,0,0.0,0.0,0.0,0.8,0.30000000000000004,0.8,0.2,40.0,30.0,70.0,0.8,0.30000000000000004,0.9,0.30000000000000004,30.0,30.0,60.0,124,124,0,124,0.0,2.073395454157347,1.5,1.3822636361048979,124,1.0,1.0,1
"iteration_5","SCOPE_DATA_COLLECTION",100,22,1390.0,1450.0,0,740,383,124,791,383,129,737,379,124,0,0,0,0.0,0.0,0.0,0.34704834800854345,1.0492055963570794,2.0718803215044126,0.6940966960170869,1.0492055963570794,1.3812535476696084,0.0013568521031207597,0.7546174142480211,1.0,57.5,100.0,1247,0,0,0,0,0,0.0,0.0,0.0,0.8,0.30000000000000004,0.9,0.30000000000000004,30.0,30.0,60.0,0.75,0.8,0.9,0.7000000000000001,70.0,60.0,65.0,784,784,0,784,0.0,0.3459031651749177,0.5,0.6918063303498354,0,0.0,1.0,1
"iteration_5","SCOPE_DATA_COLLECTION",100,22,1390.0,1450.0,1,740,383,124,791,383,129,737,379,124,0,0,0,0.0,0.0,0.0,0.34704834800854345,1.0492055963570794,2.0718803215044126,0.6940966960170869,1.0492055963570794,1.3812535476696084,0.0013568521031207597,0.7546174142480211,1.0,57.5,100.0,1247,0,0,0,0,0,0.0,0.0,0.0,0.8,0.30000000000000004,0.9,0.30000000000000004,30.0,30.0,60.0,0.75,0.8,0.9,0.7000000000000001,70.0,60.0,65.0,370,370,0,370,0.0,1.0500496344710857,1.0,1.0500496344710857,270,0.7297297297297297,1.0,1
"iteration_5","SCOPE_DATA_COLLECTION",100,22,1390.0,1450.0,2,740,383,124,791,383,129,737,379,124,0,0,0,0.0,0.0,0.0,0.34704834800854345,1.0492055963570794,2.0718803215044126,0.6940966960170869,1.0492055963570794,1.3812535476696084,0.0013568521031207597,0.7546174142480211,1.0,57.5,100.0,1247,0,0,0,0,0,0.0,0.0,0.0,0.8,0.30000000000000004,0.9,0.30000000000000004,30.0,30.0,60.0,0.75,0.8,0.9,0.7000000000000001,70.0,60.0,65.0,132,132,0,132,0.0,2.070977252205318,1.5,1.380651501470212,132,1.0,1.0,1
"iteration_5","SCOPE_DATA_COLLECTION",100,23,1450.0,1510.0,0,784,370,132,740,383,124,785,373,133,0,0,0,0.0,0.0,0.0,0.34569868986803676,1.0499308261142661,2.068854602142791,0.6913973797360735,1.0499308261142661,1.3792364014285274,0.0,0.7292225201072386,1.0,40.0,100.0,1286,0,0,0,0,0,0.0,0.0,0.0,0.75,0.8,0.9,0.7000000000000001,70.0,60.0,65.0,0.8500000000000001,0.8,0.8,0.8,70.0,60.0,55.0,723,722,1,723,0.0013831258644536654,0.34584513315656407,0.5,0.6916902663131281,0,0.0,1.0,1
"iteration_5","SCOPE_DATA_COLLECTION",100,23,1450.0,1510.0,1,784,370,132,740,383,124,785,373,133,0,0,0,0.0,0.0,0.0,0.34569868986803676,1.0499308261142661,2.068854602142791,0.6913973797360735,1.0499308261142661,1.3792364014285274,0.0,0.7292225201072386,1.0,40.0,100.0,1286,0,0,0,0,0,0.0,0.0,0.0,0.75,0.8,0.9,0.7000000000000001,70.0,60.0,65.0,0.8500000000000001,0.8,0.8,0.8,70.0,60.0,55.0,356,356,0,356,0.0,1.0453656063935863,1.0,1.0453656063935863,252,0.7078651685393258,1.0,1
"iteration_5","SCOPE_DATA_COLLECTION",100,23,1450.0,1510.0,2,784,370,132,740,383,124,785,373,133,0,0,0,0.0,0.0,0.0,0.34569868986803676,1.0499308261142661,2.068854602142791,0.6913973797360735,1.0499308261142661,1.3792364014285274,0.0,0.7292225201072386,1.0,40.0,100.0,1286,0,0,0,0,0,0.0,0.0,0.0,0.75,0.8,0.9,0.7000000000000001,70.0,60.0,65.0,0.8500000000000001,0.8,0.8,0.8,70.0,60.0,55.0,107,105,2,107,0.018691588785046728,2.0573136694114207,1.5,1.3715424462742805,105,1.0,1.0,1
"iteration_5","SCOPE_DATA_COLLECTION",100,24,1510.0,1570.0,0,723,356,107,784,370,132,724,352,109,1,0,2,0.001379310344827586,0.0,0.018018018018018018,0.34602443691848345,1.045874728918337,2.0620620619035055,0.6920488738369669,1.045874728918337,1.3747080412690036,0.0,0.7130681818181818,1.0,40.0,100.0,1186,0,0,3,0,0,0.002529510961214165,0.0,0.0,0.8500000000000001,0.8,0.8,0.8,70.0,60.0,55.0,0.8500000000000001,0.8,0.9,0.8,70.0,60.0,65.0,726,726,0,726,0.0,0.34596678510133555,0.5,0.6919335702026711,0,0.0,1.0,1
"iteration_5","SCOPE_DATA_COLLECTION",100,24,1510.0,1570.0,1,723,356,107,784,370,132,724,352,109,1,0,2,0.001379310344827586,0.0,0.018018018018018018,0.34602443691848345,1.045874728918337,2.0620620619035055,0.6920488738369669,1.045874728918337,1.3747080412690036,0.0,0.7130681818181818,1.0,40.0,100.0,1186,0,0,3,0,0,0.002529510961214165,0.0,0.0,0.8500000000000001,0.8,0.8,0.8,70.0,60.0,55.0,0.8500000000000001,0.8,0.9,0.8,70.0,60.0,65.0,387,386,1,387,0.002583979328165375,1.0589531102704774,1.0,1.0589531102704774,302,0.7823834196891192,1.0,1
"iteration_5","SCOPE_DATA_COLLECTION",100,24,1510.0,1570.0,2,723,356,107,784,370,132,724,352,109,1,0,2,0.001379310344827586,0.0,0.018018018018018018,0.34602443691848345,1.045874728918337,2.0620620619035055,0.6920488738369669,1.045874728918337,1.3747080412690036,0.0,0.7130681818181818,1.0,40.0,100.0,1186,0,0,3,0,0,0.002529510961214165,0.0,0.0,0.8500000000000001,0.8,0.8,0.8,70.0,60.0,55.0,0.8500000000000001,0.8,0.9,0.8,70.0,60.0,65.0,122,122,0,122,0.0,2.056943970785438,1.5,1.3712959805236251,122,1.0,1.0,1
"iteration_5","SCOPE_DATA_COLLECTION",100,25,1570.0,1630.0,0,726,387,122,723,356,107,729,389,120,0,1,0,0.0,0.002564102564102564,0.0,0.3460375104811159,1.0574142629146708,2.0553976738659743,0.6920750209622318,1.0574142629146708,1.3702651159106496,0.0,0.7763496143958869,1.0,27.5,100.0,1235,0,0,1,0,0,8.097165991902834E-4,0.0,0.0,0.8500000000000001,0.8,0.9,0.8,70.0,60.0,65.0,0.9500000000000001,0.7000000000000001,0.8,0.8,70.0,60.0,75.0,805,805,0,805,0.0,0.3464429620213625,0.5,0.692885924042725,0,0.0,1.0,1
"iteration_5","SCOPE_DATA_COLLECTION",100,25,1570.0,1630.0,1,726,387,122,723,356,107,729,389,120,0,1,0,0.0,0.002564102564102564,0.0,0.3460375104811159,1.0574142629146708,2.0553976738659743,0.6920750209622318,1.0574142629146708,1.3702651159106496,0.0,0.7763496143958869,1.0,27.5,100.0,1235,0,0,1,0,0,8.097165991902834E-4,0.0,0.0,0.8500000000000001,0.8,0.9,0.8,70.0,60.0,65.0,0.9500000000000001,0.7000000000000001,0.8,0.8,70.0,60.0,75.0,367,367,0,367,0.0,1.050014218325336,1.0,1.050014218325336,267,0.7275204359673024,1.0,1
"iteration_5","SCOPE_DATA_COLLECTION",100,25,1570.0,1630.0,2,726,387,122,723,356,107,729,389,120,0,1,0,0.0,0.002564102564102564,0.0,0.3460375104811159,1.0574142629146708,2.0553976738659743,0.6920750209622318,1.0574142629146708,1.3702651159106496,0.0,0.7763496143958869,1.0,27.5,100.0,1235,0,0,1,0,0,8.097165991902834E-4,0.0,0.0,0.8500000000000001,0.8,0.9,0.8,70.0,60.0,65.0,0.9500000000000001,0.7000000000000001,0.8,0.8,70.0,60.0,75.0,117,117,0,117,0.0,2.0485786568910136,1.5,1.3657191045940091,117,1.0,1.0,1
"iteration_5","SCOPE_DATA_COLLECTION",100,26,1630.0,1690.0,0,805,367,117,726,387,122,804,370,113,0,0,0,0.0,0.0,0.0,0.3463443526210714,1.0503488938996886,2.045279241349059,0.6926887052421428,1.0503488938996886,1.3635194942327058,0.0,0.7297297297297297,1.0,32.5,100.0,1289,0,0,0,0,0,0.0,0.0,0.0,0.9500000000000001,0.7000000000000001,0.8,0.8,70.0,60.0,75.0,0.9500000000000001,0.7000000000000001,0.7000000000000001,0.8,80.0,70.0,75.0,801,801,0,801,0.0,0.3471375711419225,0.5,0.694275142283845,0,0.0,1.0,1
"iteration_5","SCOPE_DATA_COLLECTION",100,26,1630.0,1690.0,1,805,367,117,726,387,122,804,370,113,0,0,0,0.0,0.0,0.0,0.3463443526210714,1.0503488938996886,2.045279241349059,0.6926887052421428,1.0503488938996886,1.3635194942327058,0.0,0.7297297297297297,1.0,32.5,100.0,1289,0,0,0,0,0,0.0,0.0,0.0,0.9500000000000001,0.7000000000000001,0.8,0.8,70.0,60.0,75.0,0.9500000000000001,0.7000000000000001,0.7000000000000001,0.8,80.0,70.0,75.0,338,338,0,338,0.0,1.0580073516192756,1.0,1.0580073516192756,261,0.772189349112426,1.0,1
"iteration_5","SCOPE_DATA_COLLECTION",100,26,1630.0,1690.0,2,805,367,117,726,387,122,804,370,113,0,0,0,0.0,0.0,0.0,0.3463443526210714,1.0503488938996886,2.045279241349059,0.6926887052421428,1.0503488938996886,1.3635194942327058,0.0,0.7297297297297297,1.0,32.5,100.0,1289,0,0,0,0,0,0.0,0.0,0.0,0.9500000000000001,0.7000000000000001,0.8,0.8,70.0,60.0,75.0,0.9500000000000001,0.7000000000000001,0.7000000000000001,0.8,80.0,70.0,75.0,128,128,0,128,0.0,2.0616683075660873,1.5,1.3744455383773915,128,1.0,1.0,1
"iteration_5","SCOPE_DATA_COLLECTION",100,27,1690.0,1750.0,0,801,338,128,805,367,117,798,336,132,0,0,0,0.0,0.0,0.0,0.3472183730560504,1.0576670730402842,2.064873230622714,0.6944367461121008,1.0576670730402842,1.3765821537484761,0.0,0.7708333333333334,1.0,35.0,100.0,1267,0,0,0,0,0,0.0,0.0,0.0,0.9500000000000001,0.7000000000000001,0.7000000000000001,0.8,80.0,70.0,75.0,0.9500000000000001,0.6000000000000001,0.7000000000000001,0.9,70.0,70.0,75.0,835,834,1,835,0.0011976047904191617,0.3469674626055493,0.5,0.6939349252110986,0,0.0,1.0,1
"iteration_5","SCOPE_DATA_COLLECTION",100,27,1690.0,1750.0,1,801,338,128,805,367,117,798,336,132,0,0,0,0.0,0.0,0.0,0.3472183730560504,1.0576670730402842,2.064873230622714,0.6944367461121008,1.0576670730402842,1.3765821537484761,0.0,0.7708333333333334,1.0,35.0,100.0,1267,0,0,0,0,0,0.0,0.0,0.0,0.9500000000000001,0.7000000000000001,0.7000000000000001,0.8,80.0,70.0,75.0,0.9500000000000001,0.6000000000000001,0.7000000000000001,0.9,70.0,70.0,75.0,347,347,0,347,0.0,1.0558712820463472,1.0,1.0558712820463472,274,0.7896253602305475,1.0,1
"iteration_5","SCOPE_DATA_COLLECTION",100,27,1690.0,1750.0,2,801,338,128,805,367,117,798,336,132,0,0,0,0.0,0.0,0.0,0.3472183730560504,1.0576670730402842,2.064873230622714,0.6944367461121008,1.0576670730402842,1.3765821537484761,0.0,0.7708333333333334,1.0,35.0,100.0,1267,0,0,0,0,0,0.0,0.0,0.0,0.9500000000000001,0.7000000000000001,0.7000000000000001,0.8,80.0,70.0,75.0,0.9500000000000001,0.6000000000000001,0.7000000000000001,0.9,70.0,70.0,75.0,98,98,0,98,0.0,2.0429054140950913,1.5,1.361936942730061,98,1.0,1.0,1
"iteration_5","SCOPE_DATA_COLLECTION",100,28,1750.0,1810.0,0,835,347,98,801,338,128,830,350,98,1,0,0,0.0012033694344163659,0.0,0.0,0.34703274743697543,1.0568806724712618,2.042856445134116,0.6940654948739509,1.0568806724712618,1.3619042967560773,0.0,0.7914285714285715,1.0,35.0,100.0,1280,0,0,1,0,0,7.8125E-4,0.0,0.0,0.9500000000000001,0.6000000000000001,0.7000000000000001,0.9,70.0,70.0,75.0,0.9500000000000001,0.6000000000000001,0.7000000000000001,0.9,70.0,70.0,75.0,795,795,0,795,0.0,0.3470078712221173,0.5,0.6940157424442346,0,0.0,1.0,1
"iteration_5","SCOPE_DATA_COLLECTION",100,28,1750.0,1810.0,1,835,347,98,801,338,128,830,350,98,1,0,0,0.0012033694344163659,0.0,0.0,0.34703274743697543,1.0568806724712618,2.042856445134116,0.6940654948739509,1.0568806724712618,1.3619042967560773,0.0,0.7914285714285715,1.0,35.0,100.0,1280,0,0,1,0,0,7.8125E-4,0.0,0.0,0.9500000000000001,0.6000000000000001,0.7000000000000001,0.9,70.0,70.0,75.0,0.9500000000000001,0.6000000000000001,0.7000000000000001,0.9,70.0,70.0,75.0,363,363,0,363,0.0,1.058622720914978,1.0,1.058622720914978,293,0.8071625344352618,1.0,1
"iteration_5","SCOPE_DATA_COLLECTION",100,28,1750.0,1810.0,2,835,347,98,801,338,128,830,350,98,1,0,0,0.0012033694344163659,0.0,0.0,0.34703274743697543,1.0568806724712618,2.042856445134116,0.6940654948739509,1.0568806724712618,1.3619042967560773,0.0,0.7914285714285715,1.0,35.0,100.0,1280,0,0,1,0,0,7.8125E-4,0.0,0.0,0.9500000000000001,0.6000000000000001,0.7000000000000001,0.9,70.0,70.0,75.0,0.9500000000000001,0.6000000000000001,0.7000000000000001,0.9,70.0,70.0,75.0,143,143,0,143,0.0,2.0624407835157,1.5,1.3749605223438,143,1.0,1.0,1
"iteration_5","SCOPE_DATA_COLLECTION",100,29,1810.0,1870.0,0,795,363,143,835,347,98,793,359,142,0,0,0,0.0,0.0,0.0,0.34690319874629255,1.058612477573709,2.0610299886926446,0.6938063974925851,1.058612477573709,1.374019992461763,0.0,0.8133704735376045,1.0,52.5,100.0,1301,0,0,0,0,0,0.0,0.0,0.0,0.9500000000000001,0.6000000000000001,0.7000000000000001,0.9,70.0,70.0,75.0,0.9500000000000001,0.7000000000000001,0.7000000000000001,0.8,60.0,80.0,65.0,857,857,0,857,0.0,0.3472464260811844,0.5,0.6944928521623688,0,0.0,1.0,1
"iteration_5","SCOPE_DATA_COLLECTION",100,29,1810.0,1870.0,1,795,363,143,835,347,98,793,359,142,0,0,0,0.0,0.0,0.0,0.34690319874629255,1.058612477573709,2.0610299886926446,0.6938063974925851,1.058612477573709,1.374019992461763,0.0,0.8133704735376045,1.0,52.5,100.0,1301,0,0,0,0,0,0.0,0.0,0.0,0.9500000000000001,0.6000000000000001,0.7000000000000001,0.9,70.0,70.0,75.0,0.9500000000000001,0.7000000000000001,0.7000000000000001,0.8,60.0,80.0,65.0,397,397,0,397,0.0,1.057420431107885,1.0,1.057420431107885,307,0.7732997481108312,1.0,1
"iteration_5","SCOPE_DATA_COLLECTION",100,29,1810.0,1870.0,2,795,363,143,835,347,98,793,359,142,0,0,0,0.0,0.0,0.0,0.34690319874629255,1.058612477573709,2.0610299886926446,0.6938063974925851,1.058612477573709,1.374019992461763,0.0,0.8133704735376045,1.0,52.5,100.0,1301,0,0,0,0,0,0.0,0.0,0.0,0.9500000000000001,0.6000000000000001,0.7000000000000001,0.9,70.0,70.0,75.0,0.9500000000000001,0.7000000000000001,0.7000000000000001,0.8,60.0,80.0,65.0,106,106,0,106,0.0,2.066296199342371,1.5,1.3775307995615806,106,1.0,1.0,1
"iteration_5","SCOPE_DATA_COLLECTION",100,30,1870.0,1930.0,0,857,397,106,795,363,143,863,396,110,0,0,0,0.0,0.0,0.0,0.34713945862204904,1.0563354601965502,2.069447563640946,0.6942789172440981,1.0563354601965502,1.379631709093964,0.0,0.7651515151515151,1.0,25.0,100.0,1360,0,0,0,0,0,0.0,0.0,0.0,0.9500000000000001,0.7000000000000001,0.7000000000000001,0.8,60.0,80.0,65.0,0.9500000000000001,0.7000000000000001,0.7000000000000001,0.8,60.0,80.0,65.0,756,756,0,756,0.0,0.3458501139828973,0.5,0.6917002279657946,1,0.0013227513227513227,1.0,1
"iteration_5","SCOPE_DATA_COLLECTION",100,30,1870.0,1930.0,1,857,397,106,795,363,143,863,396,110,0,0,0,0.0,0.0,0.0,0.34713945862204904,1.0563354601965502,2.069447563640946,0.6942789172440981,1.0563354601965502,1.379631709093964,0.0,0.7651515151515151,1.0,25.0,100.0,1360,0,0,0,0,0,0.0,0.0,0.0,0.9500000000000001,0.7000000000000001,0.7000000000000001,0.8,60.0,80.0,65.0,0.9500000000000001,0.7000000000000001,0.7000000000000001,0.8,60.0,80.0,65.0,343,343,0,343,0.0,1.0537599071663875,1.0,1.0537599071663875,263,0.7667638483965015,1.0,1
"iteration_5","SCOPE_DATA_COLLECTION",100,30,1870.0,1930.0,2,857,397,106,795,363,143,863,396,110,0,0,0,0.0,0.0,0.0,0.34713945862204904,1.0563354601965502,2.069447563640946,0.6942789172440981,1.0563354601965502,1.379631709093964,0.0,0.7651515151515151,1.0,25.0,100.0,1360,0,0,0,0,0,0.0,0.0,0.0,0.9500000000000001,0.7000000000000001,0.7000000000000001,0.8,60.0,80.0,65.0,0.9500000000000001,0.7000000000000001,0.7000000000000001,0.8,60.0,80.0,65.0,123,123,0,123,0.0,2.048589933395616,1.5,1.365726622263744,123,1.0,1.0,1
"iteration_5","SCOPE_DATA_COLLECTION",100,31,1930.0,1990.0,0,756,343,123,857,397,106,753,344,118,0,0,0,0.0,0.0,0.0,0.3460599676277005,1.0546947439727339,2.0462449168429986,0.692119935255401,1.0546947439727339,1.3641632778953323,0.0013280212483399733,0.7703488372093024,1.0,42.5,100.0,1222,0,0,0,0,0,0.0,0.0,0.0,0.9500000000000001,0.7000000000000001,0.7000000000000001,0.8,60.0,80.0,65.0,0.9500000000000001,0.8,0.6000000000000001,0.7000000000000001,50.0,80.0,75.0,774,774,0,774,0.0,0.3475986716232217,0.5,0.6951973432464434,0,0.0,1.0,1
"iteration_5","SCOPE_DATA_COLLECTION",100,31,1930.0,1990.0,1,756,343,123,857,397,106,753,344,118,0,0,0,0.0,0.0,0.0,0.3460599676277005,1.0546947439727339,2.0462449168429986,0.692119935255401,1.0546947439727339,1.3641632778953323,0.0013280212483399733,0.7703488372093024,1.0,42.5,100.0,1222,0,0,0,0,0,0.0,0.0,0.0,0.9500000000000001,0.7000000000000001,0.7000000000000001,0.8,60.0,80.0,65.0,0.9500000000000001,0.8,0.6000000000000001,0.7000000000000001,50.0,80.0,75.0,354,354,0,354,0.0,1.048519904979627,1.0,1.048519904979627,265,0.748587570621469,1.0,1
"iteration_5","SCOPE_DATA_COLLECTION",100,31,1930.0,1990.0,2,756,343,123,857,397,106,753,344,118,0,0,0,0.0,0.0,0.0,0.3460599676277005,1.0546947439727339,2.0462449168429986,0.692119935255401,1.0546947439727339,1.3641632778953323,0.0013280212483399733,0.7703488372093024,1.0,42.5,100.0,1222,0,0,0,0,0,0.0,0.0,0.0,0.9500000000000001,0.7000000000000001,0.7000000000000001,0.8,60.0,80.0,65.0,0.9500000000000001,0.8,0.6000000000000001,0.7000000000000001,50.0,80.0,75.0,110,110,0,110,0.0,2.0519650558957396,1.5,1.367976703930493,110,1.0,1.0,1
"iteration_5","SCOPE_DATA_COLLECTION",100,32,1990.0,2050.0,0,774,354,110,756,343,123,776,358,112,0,0,0,0.0,0.0,0.0,0.3476057194892399,1.0491795217154547,2.0513639074694163,0.6952114389784798,1.0491795217154547,1.3675759383129442,0.0,0.7541899441340782,1.0,30.0,100.0,1238,0,0,0,0,0,0.0,0.0,0.0,0.9500000000000001,0.8,0.6000000000000001,0.7000000000000001,50.0,80.0,75.0,0.9500000000000001,0.8,0.6000000000000001,0.7000000000000001,50.0,80.0,75.0,764,764,0,764,0.0,0.34479688528155567,0.5,0.6895937705631113,0,0.0,1.0,1
"iteration_5","SCOPE_DATA_COLLECTION",100,32,1990.0,2050.0,1,774,354,110,756,343,123,776,358,112,0,0,0,0.0,0.0,0.0,0.3476057194892399,1.0491795217154547,2.0513639074694163,0.6952114389784798,1.0491795217154547,1.3675759383129442,0.0,0.7541899441340782,1.0,30.0,100.0,1238,0,0,0,0,0,0.0,0.0,0.0,0.9500000000000001,0.8,0.6000000000000001,0.7000000000000001,50.0,80.0,75.0,0.9500000000000001,0.8,0.6000000000000001,0.7000000000000001,50.0,80.0,75.0,359,358,1,359,0.002785515320334262,1.0500379838734626,1.0,1.0500379838734626,264,0.7374301675977654,1.0,1
"iteration_5","SCOPE_DATA_COLLECTION",100,32,1990.0,2050.0,2,774,354,110,756,343,123,776,358,112,0,0,0,0.0,0.0,0.0,0.3476057194892399,1.0491795217154547,2.0513639074694163,0.6952114389784798,1.0491795217154547,1.3675759383129442,0.0,0.7541899441340782,1.0,30.0,100.0,1238,0,0,0,0,0,0.0,0.0,0.0,0.9500000000000001,0.8,0.6000000000000001,0.7000000000000001,50.0,80.0,75.0,0.9500000000000001,0.8,0.6000000000000001,0.7000000000000001,50.0,80.0,75.0,101,101,0,101,0.0,2.073783053855674,1.5,1.3825220359037826,101,1.0,1.0,1
"iteration_5","SCOPE_DATA_COLLECTION",100,33,2050.0,2110.0,0,764,359,101,774,354,110,767,360,99,0,1,0,0.0,0.002770083102493075,0.0,0.34478079110093246,1.049986060856839,2.0727238027488277,0.6895615822018649,1.049986060856839,1.3818158684992186,0.0,0.7361111111111112,1.0,20.0,100.0,1224,0,0,1,0,0,8.169934640522876E-4,0.0,0.0,0.9500000000000001,0.8,0.6000000000000001,0.7000000000000001,50.0,80.0,75.0,0.9500000000000001,0.9,0.5,0.7000000000000001,60.0,70.0,65.0,803,803,0,803,0.0,0.34907998443058613,0.5,0.6981599688611723,0,0.0,1.0,1
"iteration_5","SCOPE_DATA_COLLECTION",100,33,2050.0,2110.0,1,764,359,101,774,354,110,767,360,99,0,1,0,0.0,0.002770083102493075,0.0,0.34478079110093246,1.049986060856839,2.0727238027488277,0.6895615822018649,1.049986060856839,1.3818158684992186,0.0,0.7361111111111112,1.0,20.0,100.0,1224,0,0,1,0,0,8.169934640522876E-4,0.0,0.0,0.9500000000000001,0.8,0.6000000000000001,0.7000000000000001,50.0,80.0,75.0,0.9500000000000001,0.9,0.5,0.7000000000000001,60.0,70.0,65.0,389,388,1,389,0.002570694087403599,1.0522558136241966,1.0,1.0522558136241966,294,0.7577319587628866,1.0,1
"iteration_5","SCOPE_DATA_COLLECTION",100,33,2050.0,2110.0,2,764,359,101,774,354,110,767,360,99,0,1,0,0.0,0.002770083102493075,0.0,0.34478079110093246,1.049986060856839,2.0727238027488277,0.6895615822018649,1.049986060856839,1.3818158684992186,0.0,0.7361111111111112,1.0,20.0,100.0,1224,0,0,1,0,0,8.169934640522876E-4,0.0,0.0,0.9500000000000001,0.8,0.6000000000000001,0.7000000000000001,50.0,80.0,75.0,0.9500000000000001,0.9,0.5,0.7000000000000001,60.0,70.0,65.0,117,116,1,117,0.008547008547008548,2.0680531209332433,1.5,1.3787020806221622,116,1.0,1.0,1
"iteration_5","SCOPE_DATA_COLLECTION",100,34,2110.0,2170.0,0,803,389,117,764,359,101,800,386,121,0,1,1,0.0,0.002583979328165375,0.00819672131147541,0.34902375499942084,1.0516794097887243,2.068545249477718,0.6980475099988417,1.0516794097887243,1.3790301663184785,0.0,0.7564766839378239,1.0,22.5,100.0,1309,0,0,2,0,0,0.0015278838808250573,0.0,0.0,0.9500000000000001,0.9,0.5,0.7000000000000001,60.0,70.0,65.0,0.9500000000000001,0.9,0.6000000000000001,0.6000000000000001,50.0,70.0,65.0,780,780,0,780,0.0,0.3476574661421246,0.5,0.6953149322842492,0,0.0,1.0,1
"iteration_5","SCOPE_DATA_COLLECTION",100,34,2110.0,2170.0,1,803,389,117,764,359,101,800,386,121,0,1,1,0.0,0.002583979328165375,0.00819672131147541,0.34902375499942084,1.0516794097887243,2.068545249477718,0.6980475099988417,1.0516794097887243,1.3790301663184785,0.0,0.7564766839378239,1.0,22.5,100.0,1309,0,0,2,0,0,0.0015278838808250573,0.0,0.0,0.9500000000000001,0.9,0.5,0.7000000000000001,60.0,70.0,65.0,0.9500000000000001,0.9,0.6000000000000001,0.6000000000000001,50.0,70.0,65.0,371,371,0,371,0.0,1.0498163998421637,1.0,1.0498163998421637,281,0.7574123989218329,1.0,1
"iteration_5","SCOPE_DATA_COLLECTION",100,34,2110.0,2170.0,2,803,389,117,764,359,101,800,386,121,0,1,1,0.0,0.002583979328165375,0.00819672131147541,0.34902375499942084,1.0516794097887243,2.068545249477718,0.6980475099988417,1.0516794097887243,1.3790301663184785,0.0,0.7564766839378239,1.0,22.5,100.0,1309,0,0,2,0,0,0.0015278838808250573,0.0,0.0,0.9500000000000001,0.9,0.5,0.7000000000000001,60.0,70.0,65.0,0.9500000000000001,0.9,0.6000000000000001,0.6000000000000001,50.0,70.0,65.0,117,117,0,117,0.0,2.052460862927892,1.5,1.3683072419519282,117,1.0,1.0,1
"iteration_5","SCOPE_DATA_COLLECTION",100,35,2170.0,2230.0,0,780,371,117,803,389,117,776,369,114,0,0,0,0.0,0.0,0.0,0.34738414187937466,1.0511671111298526,2.0526567394100597,0.6947682837587493,1.0511671111298526,1.3684378262733732,0.0,0.7642276422764228,1.0,42.5,100.0,1268,0,0,0,0,0,0.0,0.0,0.0,0.9500000000000001,0.9,0.6000000000000001,0.6000000000000001,50.0,70.0,65.0,0.9500000000000001,0.9,0.5,0.5,40.0,70.0,75.0,807,806,1,807,0.0012391573729863693,0.3455290194476906,0.5,0.6910580388953812,0,0.0,1.0,1
"iteration_5","SCOPE_DATA_COLLECTION",100,35,2170.0,2230.0,1,780,371,117,803,389,117,776,369,114,0,0,0,0.0,0.0,0.0,0.34738414187937466,1.0511671111298526,2.0526567394100597,0.6947682837587493,1.0511671111298526,1.3684378262733732,0.0,0.7642276422764228,1.0,42.5,100.0,1268,0,0,0,0,0,0.0,0.0,0.0,0.9500000000000001,0.9,0.6000000000000001,0.6000000000000001,50.0,70.0,65.0,0.9500000000000001,0.9,0.5,0.5,40.0,70.0,75.0,369,369,0,369,0.0,1.0575296578499203,1.0,1.0575296578499203,295,0.7994579945799458,1.0,1
"iteration_5","SCOPE_DATA_COLLECTION",100,35,2170.0,2230.0,2,780,371,117,803,389,117,776,369,114,0,0,0,0.0,0.0,0.0,0.34738414187937466,1.0511671111298526,2.0526567394100597,0.6947682837587493,1.0511671111298526,1.3684378262733732,0.0,0.7642276422764228,1.0,42.5,100.0,1268,0,0,0,0,0,0.0,0.0,0.0,0.9500000000000001,0.9,0.6000000000000001,0.6000000000000001,50.0,70.0,65.0,0.9500000000000001,0.9,0.5,0.5,40.0,70.0,75.0,113,113,0,113,0.0,2.0475570005263304,1.5,1.3650380003508868,113,1.0,1.0,1
"iteration_5","SCOPE_DATA_COLLECTION",100,36,2230.0,2290.0,0,807,369,113,780,371,117,812,365,113,1,0,0,0.0012300123001230013,0.0,0.0,0.345925035180553,1.0571999233968723,2.050591820300752,0.691850070361106,1.0571999233968723,1.3670612135338347,0.0,0.7917808219178082,1.0,42.5,100.0,1289,0,0,1,0,0,7.757951900698216E-4,0.0,0.0,0.9500000000000001,0.9,0.5,0.5,40.0,70.0,75.0,0.9500000000000001,0.9,0.5,0.5,40.0,70.0,75.0,767,766,1,767,0.001303780964797914,0.3479694082324892,0.5,0.6959388164649783,0,0.0,1.0,1
"iteration_5","SCOPE_DATA_COLLECTION",100,36,2230.0,2290.0,1,807,369,113,780,371,117,812,365,113,1,0,0,0.0012300123001230013,0.0,0.0,0.345925035180553,1.0571999233968723,2.050591820300752,0.691850070361106,1.0571999233968723,1.3670612135338347,0.0,0.7917808219178082,1.0,42.5,100.0,1289,0,0,1,0,0,7.757951900698216E-4,0.0,0.0,0.9500000000000001,0.9,0.5,0.5,40.0,70.0,75.0,0.9500000000000001,0.9,0.5,0.5,40.0,70.0,75.0,381,381,0,381,0.0,1.057045221573942,1.0,1.057045221573942,298,0.7821522309711286,1.0,1
"iteration_5","SCOPE_DATA_COLLECTION",100,36,2230.0,2290.0,2,807,369,113,780,371,117,812,365,113,1,0,0,0.0012300123001230013,0.0,0.0,0.345925035180553,1.0571999233968723,2.050591820300752,0.691850070361106,1.0571999233968723,1.3670612135338347,0.0,0.7917808219178082,1.0,42.5,100.0,1289,0,0,1,0,0,7.757951900698216E-4,0.0,0.0,0.9500000000000001,0.9,0.5,0.5,40.0,70.0,75.0,0.9500000000000001,0.9,0.5,0.5,40.0,70.0,75.0,127,127,0,127,0.0,2.0494109129041873,1.5,1.366273941936125,127,1.0,1.0,1
"iteration_5","SCOPE_DATA_COLLECTION",100,37,2290.0,2350.0,0,767,381,127,807,369,113,766,381,127,1,0,0,0.001303780964797914,0.0,0.0,0.34781363842505225,1.0560145612890066,2.0474924071115246,0.6956272768501045,1.0560145612890066,1.3649949380743498,0.0,0.7795275590551181,1.0,40.0,100.0,1275,0,0,1,0,0,7.84313725490196E-4,0.0,0.0,0.9500000000000001,0.9,0.5,0.5,40.0,70.0,75.0,0.35000000000000003,0.8,0.1,0.8,75.0,65.0,40.0,777,777,0,777,0.0,0.3476471017347204,0.5,0.6952942034694408,0,0.0,1.0,1
"iteration_5","SCOPE_DATA_COLLECTION",100,37,2290.0,2350.0,1,767,381,127,807,369,113,766,381,127,1,0,0,0.001303780964797914,0.0,0.0,0.34781363842505225,1.0560145612890066,2.0474924071115246,0.6956272768501045,1.0560145612890066,1.3649949380743498,0.0,0.7795275590551181,1.0,40.0,100.0,1275,0,0,1,0,0,7.84313725490196E-4,0.0,0.0,0.9500000000000001,0.9,0.5,0.5,40.0,70.0,75.0,0.35000000000000003,0.8,0.1,0.8,75.0,65.0,40.0,362,362,0,362,0.0,1.0588715487103906,1.0,1.0588715487103906,291,0.8038674033149171,1.0,1
"iteration_5","SCOPE_DATA_COLLECTION",100,37,2290.0,2350.0,2,767,381,127,807,369,113,766,381,127,1,0,0,0.001303780964797914,0.0,0.0,0.34781363842505225,1.0560145612890066,2.0474924071115246,0.6956272768501045,1.0560145612890066,1.3649949380743498,0.0,0.7795275590551181,1.0,40.0,100.0,1275,0,0,1,0,0,7.84313725490196E-4,0.0,0.0,0.9500000000000001,0.9,0.5,0.5,40.0,70.0,75.0,0.35000000000000003,0.8,0.1,0.8,75.0,65.0,40.0,106,105,1,106,0.009433962264150943,2.057013530541094,1.5,1.3713423536940628,105,1.0,1.0,1
"iteration_5","SCOPE_DATA_COLLECTION",100,38,2350.0,2410.0,0,777,362,106,767,381,127,771,369,103,0,0,1,0.0,0.0,0.009615384615384616,0.3477275421723164,1.0598106468488038,2.058220507657808,0.6954550843446328,1.0598106468488038,1.3721470051052054,0.0,0.8075880758807588,1.0,45.0,100.0,1245,0,0,1,0,0,8.032128514056225E-4,0.0,0.0,0.35000000000000003,0.8,0.1,0.8,75.0,65.0,40.0,0.35000000000000003,0.8,0.1,0.8,75.0,75.0,50.0,785,784,1,785,0.0012738853503184713,0.34666757549252464,0.5,0.6933351509850493,1,0.0012755102040816326,1.0,1
"iteration_5","SCOPE_DATA_COLLECTION",100,38,2350.0,2410.0,1,777,362,106,767,381,127,771,369,103,0,0,1,0.0,0.0,0.009615384615384616,0.3477275421723164,1.0598106468488038,2.058220507657808,0.6954550843446328,1.0598106468488038,1.3721470051052054,0.0,0.8075880758807588,1.0,45.0,100.0,1245,0,0,1,0,0,8.032128514056225E-4,0.0,0.0,0.35000000000000003,0.8,0.1,0.8,75.0,65.0,40.0,0.35000000000000003,0.8,0.1,0.8,75.0,75.0,50.0,358,358,0,358,0.0,1.0593390661670992,1.0,1.0593390661670992,276,0.770949720670391,1.0,1
"iteration_5","SCOPE_DATA_COLLECTION",100,38,2350.0,2410.0,2,777,362,106,767,381,127,771,369,103,0,0,1,0.0,0.0,0.009615384615384616,0.3477275421723164,1.0598106468488038,2.058220507657808,0.6954550843446328,1.0598106468488038,1.3721470051052054,0.0,0.8075880758807588,1.0,45.0,100.0,1245,0,0,1,0,0,8.032128514056225E-4,0.0,0.0,0.35000000000000003,0.8,0.1,0.8,75.0,65.0,40.0,0.35000000000000003,0.8,0.1,0.8,75.0,75.0,50.0,112,112,0,112,0.0,2.035585260410881,1.5,1.3570568402739207,112,1.0,1.0,1
"iteration_5","SCOPE_DATA_COLLECTION",100,39,2410.0,2470.0,0,785,358,112,777,362,106,788,353,109,1,0,0,0.0012674271229404308,0.0,0.0,0.346593719877622,1.0588610186218688,2.0370488876859563,0.693187439755244,1.0588610186218688,1.3580325917906375,0.0012690355329949238,0.773371104815864,1.0,50.0,100.0,1255,0,0,1,0,0,7.968127490039841E-4,0.0,0.0,0.35000000000000003,0.8,0.1,0.8,75.0,75.0,50.0,0.4,0.5,0.8,0.1,40.0,50.0,55.0,854,854,0,854,0.0,0.3456585757712807,0.5,0.6913171515425613,0,0.0,1.0,1
"iteration_5","SCOPE_DATA_COLLECTION",100,39,2410.0,2470.0,1,785,358,112,777,362,106,788,353,109,1,0,0,0.0012674271229404308,0.0,0.0,0.346593719877622,1.0588610186218688,2.0370488876859563,0.693187439755244,1.0588610186218688,1.3580325917906375,0.0012690355329949238,0.773371104815864,1.0,50.0,100.0,1255,0,0,1,0,0,7.968127490039841E-4,0.0,0.0,0.35000000000000003,0.8,0.1,0.8,75.0,75.0,50.0,0.4,0.5,0.8,0.1,40.0,50.0,55.0,343,343,0,343,0.0,1.0485832640574062,1.0,1.0485832640574062,250,0.7288629737609329,1.0,1
"iteration_5","SCOPE_DATA_COLLECTION",100,39,2410.0,2470.0,2,785,358,112,777,362,106,788,353,109,1,0,0,0.0012674271229404308,0.0,0.0,0.346593719877622,1.0588610186218688,2.0370488876859563,0.693187439755244,1.0588610186218688,1.3580325917906375,0.0012690355329949238,0.773371104815864,1.0,50.0,100.0,1255,0,0,1,0,0,7.968127490039841E-4,0.0,0.0,0.35000000000000003,0.8,0.1,0.8,75.0,75.0,50.0,0.4,0.5,0.8,0.1,40.0,50.0,55.0,128,128,0,128,0.0,2.0505755613407786,1.5,1.3670503742271858,128,1.0,1.0,1
"iteration_5","SCOPE_DATA_COLLECTION",100,40,2470.0,2530.0,0,854,343,128,785,358,112,854,343,132,0,0,0,0.0,0.0,0.0,0.345758150263589,1.0495463454333256,2.0460045002673826,0.691516300527178,1.0495463454333256,1.364003000178255,0.0,0.7317784256559767,1.0,32.5,100.0,1325,0,0,0,0,0,0.0,0.0,0.0,0.4,0.5,0.8,0.1,40.0,50.0,55.0,0.30000000000000004,0.6000000000000001,0.7000000000000001,0.1,50.0,50.0,45.0,798,797,1,798,0.0012531328320802004,0.3484308368306404,0.5,0.6968616736612808,3,0.0037641154328732747,1.0,1
"iteration_5","SCOPE_DATA_COLLECTION",100,40,2470.0,2530.0,1,854,343,128,785,358,112,854,343,132,0,0,0,0.0,0.0,0.0,0.345758150263589,1.0495463454333256,2.0460045002673826,0.691516300527178,1.0495463454333256,1.364003000178255,0.0,0.7317784256559767,1.0,32.5,100.0,1325,0,0,0,0,0,0.0,0.0,0.0,0.4,0.5,0.8,0.1,40.0,50.0,55.0,0.30000000000000004,0.6000000000000001,0.7000000000000001,0.1,50.0,50.0,45.0,367,367,0,367,0.0,1.0483808745671794,1.0,1.0483808745671794,268,0.7302452316076294,1.0,1
"iteration_5","SCOPE_DATA_COLLECTION",100,40,2470.0,2530.0,2,854,343,128,785,358,112,854,343,132,0,0,0,0.0,0.0,0.0,0.345758150263589,1.0495463454333256,2.0460045002673826,0.691516300527178,1.0495463454333256,1.364003000178255,0.0,0.7317784256559767,1.0,32.5,100.0,1325,0,0,0,0,0,0.0,0.0,0.0,0.4,0.5,0.8,0.1,40.0,50.0,55.0,0.30000000000000004,0.6000000000000001,0.7000000000000001,0.1,50.0,50.0,45.0,121,121,0,121,0.0,2.056978787102726,1.5,1.3713191914018175,121,1.0,1.0,1
"iteration_5","SCOPE_DATA_COLLECTION",100,41,2530.0,2590.0,0,798,367,121,854,343,128,800,363,119,1,0,0,0.0012484394506866417,0.0,0.0,0.34841656604653226,1.0466094683305223,2.059777233220669,0.6968331320930645,1.0466094683305223,1.3731848221471126,0.00375,0.721763085399449,1.0,47.5,100.0,1286,0,0,1,0,0,7.776049766718507E-4,0.0,0.0,0.30000000000000004,0.6000000000000001,0.7000000000000001,0.1,50.0,50.0,45.0,0.1,0.7000000000000001,0.1,0.30000000000000004,20.0,75.0,55.0,742,742,0,742,0.0,0.34667169926697133,0.5,0.6933433985339427,0,0.0,1.0,1
"iteration_5","SCOPE_DATA_COLLECTION",100,41,2530.0,2590.0,1,798,367,121,854,343,128,800,363,119,1,0,0,0.0012484394506866417,0.0,0.0,0.34841656604653226,1.0466094683305223,2.059777233220669,0.6968331320930645,1.0466094683305223,1.3731848221471126,0.00375,0.721763085399449,1.0,47.5,100.0,1286,0,0,1,0,0,7.776049766718507E-4,0.0,0.0,0.30000000000000004,0.6000000000000001,0.7000000000000001,0.1,50.0,50.0,45.0,0.1,0.7000000000000001,0.1,0.30000000000000004,20.0,75.0,55.0,381,380,1,381,0.0026246719160104987,1.0495017825725115,1.0,1.0495017825725115,284,0.7473684210526316,1.0,1
"iteration_5","SCOPE_DATA_COLLECTION",100,41,2530.0,2590.0,2,798,367,121,854,343,128,800,363,119,1,0,0,0.0012484394506866417,0.0,0.0,0.34841656604653226,1.0466094683305223,2.059777233220669,0.6968331320930645,1.0466094683305223,1.3731848221471126,0.00375,0.721763085399449,1.0,47.5,100.0,1286,0,0,1,0,0,7.776049766718507E-4,0.0,0.0,0.30000000000000004,0.6000000000000001,0.7000000000000001,0.1,50.0,50.0,45.0,0.1,0.7000000000000001,0.1,0.30000000000000004,20.0,75.0,55.0,123,123,0,123,0.0,2.0613458399852567,1.5,1.3742305599901712,123,1.0,1.0,1
"iteration_5","SCOPE_DATA_COLLECTION",100,42,2590.0,2650.0,0,742,381,123,798,367,121,738,381,125,0,1,0,0.0,0.002617801047120419,0.0,0.3467090653967441,1.050059513555222,2.059610807355668,0.6934181307934882,1.050059513555222,1.3730738715704451,0.0,0.7506561679790026,1.0,52.5,100.0,1246,0,0,1,0,0,8.025682182985554E-4,0.0,0.0,0.1,0.7000000000000001,0.1,0.30000000000000004,20.0,75.0,55.0,0.05,0.7000000000000001,0.2,0.2,20.0,65.0,65.0,797,796,1,797,0.0012547051442910915,0.34755193939120876,0.5,0.6951038787824175,1,0.001256281407035176,1.0,1
"iteration_5","SCOPE_DATA_COLLECTION",100,42,2590.0,2650.0,1,742,381,123,798,367,121,738,381,125,0,1,0,0.0,0.002617801047120419,0.0,0.3467090653967441,1.050059513555222,2.059610807355668,0.6934181307934882,1.050059513555222,1.3730738715704451,0.0,0.7506561679790026,1.0,52.5,100.0,1246,0,0,1,0,0,8.025682182985554E-4,0.0,0.0,0.1,0.7000000000000001,0.1,0.30000000000000004,20.0,75.0,55.0,0.05,0.7000000000000001,0.2,0.2,20.0,65.0,65.0,338,338,0,338,0.0,1.0539702801443813,1.0,1.0539702801443813,263,0.7781065088757396,1.0,1
"iteration_5","SCOPE_DATA_COLLECTION",100,42,2590.0,2650.0,2,742,381,123,798,367,121,738,381,125,0,1,0,0.0,0.002617801047120419,0.0,0.3467090653967441,1.050059513555222,2.059610807355668,0.6934181307934882,1.050059513555222,1.3730738715704451,0.0,0.7506561679790026,1.0,52.5,100.0,1246,0,0,1,0,0,8.025682182985554E-4,0.0,0.0,0.1,0.7000000000000001,0.1,0.30000000000000004,20.0,75.0,55.0,0.05,0.7000000000000001,0.2,0.2,20.0,65.0,65.0,119,119,0,119,0.0,2.0527746756255696,1.5,1.3685164504170464,119,1.0,1.0,1
"iteration_5","SCOPE_DATA_COLLECTION",100,43,2650.0,2710.0,0,797,338,119,742,381,123,799,345,122,1,0,0,0.00125,0.0,0.0,0.34753782372976255,1.0545982469342416,2.056316099282733,0.6950756474595251,1.0545982469342416,1.370877399521822,0.0012515644555694619,0.7768115942028986,1.0,22.5,100.0,1254,0,0,1,0,0,7.974481658692185E-4,0.0,0.0,0.05,0.7000000000000001,0.2,0.2,20.0,65.0,65.0,0.05,0.8,0.2,0.2,20.0,55.0,75.0,785,785,0,785,0.0,0.34666216767261065,0.5,0.6933243353452213,0,0.0,1.0,1
"iteration_5","SCOPE_DATA_COLLECTION",100,43,2650.0,2710.0,1,797,338,119,742,381,123,799,345,122,1,0,0,0.00125,0.0,0.0,0.34753782372976255,1.0545982469342416,2.056316099282733,0.6950756474595251,1.0545982469342416,1.370877399521822,0.0012515644555694619,0.7768115942028986,1.0,22.5,100.0,1254,0,0,1,0,0,7.974481658692185E-4,0.0,0.0,0.05,0.7000000000000001,0.2,0.2,20.0,65.0,65.0,0.05,0.8,0.2,0.2,20.0,55.0,75.0,382,382,0,382,0.0,1.0509319986816579,1.0,1.0509319986816579,293,0.7670157068062827,1.0,1
"iteration_5","SCOPE_DATA_COLLECTION",100,43,2650.0,2710.0,2,797,338,119,742,381,123,799,345,122,1,0,0,0.00125,0.0,0.0,0.34753782372976255,1.0545982469342416,2.056316099282733,0.6950756474595251,1.0545982469342416,1.370877399521822,0.0012515644555694619,0.7768115942028986,1.0,22.5,100.0,1254,0,0,1,0,0,7.974481658692185E-4,0.0,0.0,0.05,0.7000000000000001,0.2,0.2,20.0,65.0,65.0,0.05,0.8,0.2,0.2,20.0,55.0,75.0,114,114,0,114,0.0,2.0539264187120088,1.5,1.369284279141339,114,1.0,1.0,1
"iteration_5","SCOPE_DATA_COLLECTION",100,44,2710.0,2770.0,0,785,382,114,797,338,119,781,381,112,0,0,0,0.0,0.0,0.0,0.3466377565695201,1.0502039211954481,2.0541076783884233,0.6932755131390402,1.0502039211954481,1.3694051189256156,0.0,0.7664041994750657,1.0,37.5,100.0,1281,0,0,0,0,0,0.0,0.0,0.0,0.05,0.8,0.2,0.2,20.0,55.0,75.0,0.65,0.5,0.4,0.8,55.0,55.0,45.0,748,748,0,748,0.0,0.3451542454347218,0.5,0.6903084908694436,0,0.0,1.0,1
"iteration_5","SCOPE_DATA_COLLECTION",100,44,2710.0,2770.0,1,785,382,114,797,338,119,781,381,112,0,0,0,0.0,0.0,0.0,0.3466377565695201,1.0502039211954481,2.0541076783884233,0.6932755131390402,1.0502039211954481,1.3694051189256156,0.0,0.7664041994750657,1.0,37.5,100.0,1281,0,0,0,0,0,0.0,0.0,0.0,0.05,0.8,0.2,0.2,20.0,55.0,75.0,0.65,0.5,0.4,0.8,55.0,55.0,45.0,360,360,0,360,0.0,1.0576814584818295,1.0,1.0576814584818295,281,0.7805555555555556,1.0,1
"iteration_5","SCOPE_DATA_COLLECTION",100,44,2710.0,2770.0,2,785,382,114,797,338,119,781,381,112,0,0,0,0.0,0.0,0.0,0.3466377565695201,1.0502039211954481,2.0541076783884233,0.6932755131390402,1.0502039211954481,1.3694051189256156,0.0,0.7664041994750657,1.0,37.5,100.0,1281,0,0,0,0,0,0.0,0.0,0.0,0.05,0.8,0.2,0.2,20.0,55.0,75.0,0.65,0.5,0.4,0.8,55.0,55.0,45.0,122,122,0,122,0.0,2.056668510070211,1.5,1.3711123400468075,122,1.0,1.0,1
"iteration_5","SCOPE_DATA_COLLECTION",100,45,2770.0,2830.0,0,748,360,122,785,382,114,751,356,121,0,0,0,0.0,0.0,0.0,0.34524239061820916,1.0576489898638184,2.0540630842977308,0.6904847812364183,1.0576489898638184,1.3693753895318206,0.0,0.7780898876404494,1.0,40.0,100.0,1230,0,0,0,0,0,0.0,0.0,0.0,0.65,0.5,0.4,0.8,55.0,55.0,45.0,0.05,0.2,0.9,0.8,90.0,65.0,85.0,798,797,1,798,0.0012531328320802004,0.34539790522577407,0.5,0.6907958104515481,0,0.0,1.0,1
"iteration_5","SCOPE_DATA_COLLECTION",100,45,2770.0,2830.0,1,748,360,122,785,382,114,751,356,121,0,0,0,0.0,0.0,0.0,0.34524239061820916,1.0576489898638184,2.0540630842977308,0.6904847812364183,1.0576489898638184,1.3693753895318206,0.0,0.7780898876404494,1.0,40.0,100.0,1230,0,0,0,0,0,0.0,0.0,0.0,0.65,0.5,0.4,0.8,55.0,55.0,45.0,0.05,0.2,0.9,0.8,90.0,65.0,85.0,351,351,0,351,0.0,1.0549684611358139,1.0,1.0549684611358139,274,0.7806267806267806,1.0,1
"iteration_5","SCOPE_DATA_COLLECTION",100,45,2770.0,2830.0,2,748,360,122,785,382,114,751,356,121,0,0,0,0.0,0.0,0.0,0.34524239061820916,1.0576489898638184,2.0540630842977308,0.6904847812364183,1.0576489898638184,1.3693753895318206,0.0,0.7780898876404494,1.0,40.0,100.0,1230,0,0,0,0,0,0.0,0.0,0.0,0.65,0.5,0.4,0.8,55.0,55.0,45.0,0.05,0.2,0.9,0.8,90.0,65.0,85.0,114,114,0,114,0.0,2.0529948230241164,1.5,1.368663215349411,114,1.0,1.0,1
"iteration_5","SCOPE_DATA_COLLECTION",100,46,2830.0,2890.0,0,798,351,114,748,360,122,792,353,116,1,0,0,0.0012610340479192938,0.0,0.0,0.34524732014514564,1.055651377111259,2.054036734576643,0.6904946402902913,1.055651377111259,1.3693578230510954,0.0,0.7818696883852692,1.0,47.5,100.0,1263,0,0,1,0,0,7.91765637371338E-4,0.0,0.0,0.05,0.2,0.9,0.8,90.0,65.0,85.0,0.5,0.5,0.9,0.4,95.0,75.0,35.0,781,780,1,781,0.0012804097311139564,0.34636417431852,0.5,0.69272834863704,0,0.0,1.0,1
"iteration_5","SCOPE_DATA_COLLECTION",100,46,2830.0,2890.0,1,798,351,114,748,360,122,792,353,116,1,0,0,0.0012610340479192938,0.0,0.0,0.34524732014514564,1.055651377111259,2.054036734576643,0.6904946402902913,1.055651377111259,1.3693578230510954,0.0,0.7818696883852692,1.0,47.5,100.0,1263,0,0,1,0,0,7.91765637371338E-4,0.0,0.0,0.05,0.2,0.9,0.8,90.0,65.0,85.0,0.5,0.5,0.9,0.4,95.0,75.0,35.0,378,378,0,378,0.0,1.054342147968526,1.0,1.054342147968526,291,0.7698412698412699,1.0,1
"iteration_5","SCOPE_DATA_COLLECTION",100,46,2830.0,2890.0,2,798,351,114,748,360,122,792,353,116,1,0,0,0.0012610340479192938,0.0,0.0,0.34524732014514564,1.055651377111259,2.054036734576643,0.6904946402902913,1.055651377111259,1.3693578230510954,0.0,0.7818696883852692,1.0,47.5,100.0,1263,0,0,1,0,0,7.91765637371338E-4,0.0,0.0,0.05,0.2,0.9,0.8,90.0,65.0,85.0,0.5,0.5,0.9,0.4,95.0,75.0,35.0,118,118,0,118,0.0,2.065200397724088,1.5,1.3768002651493918,118,1.0,1.0,1
"iteration_5","SCOPE_DATA_COLLECTION",100,47,2890.0,2950.0,0,781,378,118,798,351,114,784,378,115,0,0,0,0.0,0.0,0.0,0.34633212383171064,1.0534063374765341,2.063639758008139,0.6926642476634213,1.0534063374765341,1.3757598386720928,0.0,0.7671957671957672,1.0,47.5,100.0,1277,0,0,0,0,0,0.0,0.0,0.0,0.5,0.5,0.9,0.4,95.0,75.0,35.0,0.7000000000000001,0.2,0.6000000000000001,0.1,65.0,45.0,80.0,799,798,1,799,0.0012515644555694619,0.3455396159192098,0.5,0.6910792318384196,0,0.0,1.0,1
"iteration_5","SCOPE_DATA_COLLECTION",100,47,2890.0,2950.0,1,781,378,118,798,351,114,784,378,115,0,0,0,0.0,0.0,0.0,0.34633212383171064,1.0534063374765341,2.063639758008139,0.6926642476634213,1.0534063374765341,1.3757598386720928,0.0,0.7671957671957672,1.0,47.5,100.0,1277,0,0,0,0,0,0.0,0.0,0.0,0.5,0.5,0.9,0.4,95.0,75.0,35.0,0.7000000000000001,0.2,0.6000000000000001,0.1,65.0,45.0,80.0,361,361,0,361,0.0,1.054069606729022,1.0,1.054069606729022,289,0.8005540166204986,1.0,1
"iteration_5","SCOPE_DATA_COLLECTION",100,47,2890.0,2950.0,2,781,378,118,798,351,114,784,378,115,0,0,0,0.0,0.0,0.0,0.34633212383171064,1.0534063374765341,2.063639758008139,0.6926642476634213,1.0534063374765341,1.3757598386720928,0.0,0.7671957671957672,1.0,47.5,100.0,1277,0,0,0,0,0,0.0,0.0,0.0,0.5,0.5,0.9,0.4,95.0,75.0,35.0,0.7000000000000001,0.2,0.6000000000000001,0.1,65.0,45.0,80.0,116,116,0,116,0.0,2.039726912366757,1.5,1.3598179415778382,116,1.0,1.0,1
"iteration_5","SCOPE_DATA_COLLECTION",100,48,2950.0,3010.0,0,799,361,116,781,378,118,797,362,117,2,0,0,0.0025031289111389237,0.0,0.0,0.3454188487409311,1.0550983711935145,2.0414343790795084,0.6908376974818622,1.0550983711935145,1.3609562527196724,0.0,0.8066298342541437,1.0,40.0,100.0,1276,0,0,2,0,0,0.001567398119122257,0.0,0.0,0.7000000000000001,0.2,0.6000000000000001,0.1,65.0,45.0,80.0,0.8,0.1,0.5,0.1,55.0,35.0,80.0,752,752,0,752,0.0,0.3456332717286123,0.5,0.6912665434572246,0,0.0,1.0,1
"iteration_5","SCOPE_DATA_COLLECTION",100,48,2950.0,3010.0,1,799,361,116,781,378,118,797,362,117,2,0,0,0.0025031289111389237,0.0,0.0,0.3454188487409311,1.0550983711935145,2.0414343790795084,0.6908376974818622,1.0550983711935145,1.3609562527196724,0.0,0.8066298342541437,1.0,40.0,100.0,1276,0,0,2,0,0,0.001567398119122257,0.0,0.0,0.7000000000000001,0.2,0.6000000000000001,0.1,65.0,45.0,80.0,0.8,0.1,0.5,0.1,55.0,35.0,80.0,376,376,0,376,0.0,1.0484271412803434,1.0,1.0484271412803434,268,0.7127659574468085,1.0,1
"iteration_5","SCOPE_DATA_COLLECTION",100,48,2950.0,3010.0,2,799,361,116,781,378,118,797,362,117,2,0,0,0.0025031289111389237,0.0,0.0,0.3454188487409311,1.0550983711935145,2.0414343790795084,0.6908376974818622,1.0550983711935145,1.3609562527196724,0.0,0.8066298342541437,1.0,40.0,100.0,1276,0,0,2,0,0,0.001567398119122257,0.0,0.0,0.7000000000000001,0.2,0.6000000000000001,0.1,65.0,45.0,80.0,0.8,0.1,0.5,0.1,55.0,35.0,80.0,117,117,0,117,0.0,2.063527596119476,1.5,1.3756850640796507,117,1.0,1.0,1
"iteration_5","SCOPE_DATA_COLLECTION",100,49,3010.0,3070.0,0,752,376,117,799,361,116,754,376,117,0,0,0,0.0,0.0,0.0,0.3459368075496752,1.0482101018455543,2.061119107959304,0.6918736150993504,1.0482101018455543,1.3740794053062027,0.0,0.7101063829787234,1.0,35.0,100.0,1245,0,0,0,0,0,0.0,0.0,0.0,0.8,0.1,0.5,0.1,55.0,35.0,80.0,0.8,0.1,0.5,0.1,55.0,35.0,80.0,779,778,1,779,0.0012836970474967907,0.34672849081454377,0.5,0.6934569816290875,1,0.0012853470437017994,1.0,1
"iteration_5","SCOPE_DATA_COLLECTION",100,49,3010.0,3070.0,1,752,376,117,799,361,116,754,376,117,0,0,0,0.0,0.0,0.0,0.3459368075496752,1.0482101018455543,2.061119107959304,0.6918736150993504,1.0482101018455543,1.3740794053062027,0.0,0.7101063829787234,1.0,35.0,100.0,1245,0,0,0,0,0,0.0,0.0,0.0,0.8,0.1,0.5,0.1,55.0,35.0,80.0,0.8,0.1,0.5,0.1,55.0,35.0,80.0,361,361,0,361,0.0,1.0527188772237315,1.0,1.0527188772237315,272,0.7534626038781164,1.0,1
"iteration_5","SCOPE_DATA_COLLECTION",100,49,3010.0,3070.0,2,752,376,117,799,361,116,754,376,117,0,0,0,0.0,0.0,0.0,0.3459368075496752,1.0482101018455543,2.061119107959304,0.6918736150993504,1.0482101018455543,1.3740794053062027,0.0,0.7101063829787234,1.0,35.0,100.0,1245,0,0,0,0,0,0.0,0.0,0.0,0.8,0.1,0.5,0.1,55.0,35.0,80.0,0.8,0.1,0.5,0.1,55.0,35.0,80.0,115,115,0,115,0.0,2.076633155131513,1.5,1.3844221034210087,115,1.0,1.0,1
"iteration_5","SCOPE_DATA_COLLECTION",100,50,3070.0,3130.0,0,779,361,115,752,376,117,775,360,113,1,0,0,0.001288659793814433,0.0,0.0,0.3465049727111047,1.052181513555177,2.081176308566284,0.6930099454222094,1.052181513555177,1.3874508723775227,0.0012903225806451613,0.7555555555555555,1.0,47.5,100.0,1255,0,0,1,0,0,7.968127490039841E-4,0.0,0.0,0.8,0.1,0.5,0.1,55.0,35.0,80.0,0.8,0.2,0.5,0.1,45.0,35.0,90.0,812,812,0,812,0.0,0.34839615671463375,0.5,0.6967923134292675,0,0.0,1.0,1
"iteration_5","SCOPE_DATA_COLLECTION",100,50,3070.0,3130.0,1,779,361,115,752,376,117,775,360,113,1,0,0,0.001288659793814433,0.0,0.0,0.3465049727111047,1.052181513555177,2.081176308566284,0.6930099454222094,1.052181513555177,1.3874508723775227,0.0012903225806451613,0.7555555555555555,1.0,47.5,100.0,1255,0,0,1,0,0,7.968127490039841E-4,0.0,0.0,0.8,0.1,0.5,0.1,55.0,35.0,80.0,0.8,0.2,0.5,0.1,45.0,35.0,90.0,388,388,0,388,0.0,1.0571714340047262,1.0,1.0571714340047262,305,0.7860824742268041,1.0,1
"iteration_5","SCOPE_DATA_COLLECTION",100,50,3070.0,3130.0,2,779,361,115,752,376,117,775,360,113,1,0,0,0.001288659793814433,0.0,0.0,0.3465049727111047,1.052181513555177,2.081176308566284,0.6930099454222094,1.052181513555177,1.3874508723775227,0.0012903225806451613,0.7555555555555555,1.0,47.5,100.0,1255,0,0,1,0,0,7.968127490039841E-4,0.0,0.0,0.8,0.1,0.5,0.1,55.0,35.0,80.0,0.8,0.2,0.5,0.1,45.0,35.0,90.0,109,109,0,109,0.0,2.036807562451273,1.5,1.3578717083008487,109,1.0,1.0,1
"iteration_5","SCOPE_DATA_COLLECTION",100,51,3130.0,3190.0,0,812,388,109,779,361,115,812,388,113,0,0,0,0.0,0.0,0.0,0.34857926478089785,1.0576887907778647,2.037871410028446,0.6971585295617957,1.0576887907778647,1.358580940018964,0.0,0.7835051546391752,1.0,37.5,100.0,1309,0,0,0,0,0,0.0,0.0,0.0,0.8,0.2,0.5,0.1,45.0,35.0,90.0,0.35000000000000003,0.7000000000000001,0.4,0.2,85.0,75.0,30.0,794,794,0,794,0.0,0.34741009986216354,0.5,0.6948201997243271,1,0.0012594458438287153,1.0,1
"iteration_5","SCOPE_DATA_COLLECTION",100,51,3130.0,3190.0,1,812,388,109,779,361,115,812,388,113,0,0,0,0.0,0.0,0.0,0.34857926478089785,1.0576887907778647,2.037871410028446,0.6971585295617957,1.0576887907778647,1.358580940018964,0.0,0.7835051546391752,1.0,37.5,100.0,1309,0,0,0,0,0,0.0,0.0,0.0,0.8,0.2,0.5,0.1,45.0,35.0,90.0,0.35000000000000003,0.7000000000000001,0.4,0.2,85.0,75.0,30.0,350,350,0,350,0.0,1.050468868704429,1.0,1.050468868704429,263,0.7514285714285714,1.0,1
"iteration_5","SCOPE_DATA_COLLECTION",100,51,3130.0,3190.0,2,812,388,109,779,361,115,812,388,113,0,0,0,0.0,0.0,0.0,0.34857926478089785,1.0576887907778647,2.037871410028446,0.6971585295617957,1.0576887907778647,1.358580940018964,0.0,0.7835051546391752,1.0,37.5,100.0,1309,0,0,0,0,0,0.0,0.0,0.0,0.8,0.2,0.5,0.1,45.0,35.0,90.0,0.35000000000000003,0.7000000000000001,0.4,0.2,85.0,75.0,30.0,123,123,0,123,0.0,2.055837692044835,1.5,1.3705584613632233,123,1.0,1.0,1
"iteration_5","SCOPE_DATA_COLLECTION",100,52,3190.0,3250.0,0,794,350,123,812,388,109,797,350,116,0,0,0,0.0,0.0,0.0,0.3474000616046056,1.050417190531294,2.046638654116252,0.6948001232092113,1.050417190531294,1.3644257694108346,0.0012547051442910915,0.7542857142857143,1.0,45.0,100.0,1267,0,0,0,0,0,0.0,0.0,0.0,0.35000000000000003,0.7000000000000001,0.4,0.2,85.0,75.0,30.0,0.6000000000000001,0.30000000000000004,0.7000000000000001,0.1,45.0,95.0,30.0,807,806,1,807,0.0012391573729863693,0.34727473167492834,0.5,0.6945494633498567,0,0.0,1.0,1
"iteration_5","SCOPE_DATA_COLLECTION",100,52,3190.0,3250.0,1,794,350,123,812,388,109,797,350,116,0,0,0,0.0,0.0,0.0,0.3474000616046056,1.050417190531294,2.046638654116252,0.6948001232092113,1.050417190531294,1.3644257694108346,0.0012547051442910915,0.7542857142857143,1.0,45.0,100.0,1267,0,0,0,0,0,0.0,0.0,0.0,0.35000000000000003,0.7000000000000001,0.4,0.2,85.0,75.0,30.0,0.6000000000000001,0.30000000000000004,0.7000000000000001,0.1,45.0,95.0,30.0,393,393,0,393,0.0,1.0533991727660423,1.0,1.0533991727660423,301,0.7659033078880407,1.0,1
"iteration_5","SCOPE_DATA_COLLECTION",100,52,3190.0,3250.0,2,794,350,123,812,388,109,797,350,116,0,0,0,0.0,0.0,0.0,0.3474000616046056,1.050417190531294,2.046638654116252,0.6948001232092113,1.050417190531294,1.3644257694108346,0.0012547051442910915,0.7542857142857143,1.0,45.0,100.0,1267,0,0,0,0,0,0.0,0.0,0.0,0.35000000000000003,0.7000000000000001,0.4,0.2,85.0,75.0,30.0,0.6000000000000001,0.30000000000000004,0.7000000000000001,0.1,45.0,95.0,30.0,126,126,0,126,0.0,2.0572520610191987,1.5,1.371501374012799,126,1.0,1.0,1
"iteration_5","SCOPE_DATA_COLLECTION",100,53,3250.0,3310.0,0,807,393,126,794,350,123,800,390,135,1,0,0,0.0012484394506866417,0.0,0.0,0.34718675347864403,1.0531292887260733,2.06300610004012,0.6943735069572881,1.0531292887260733,1.3753374000267466,0.0,0.7615384615384615,1.0,37.5,100.0,1326,0,0,1,0,0,7.541478129713424E-4,0.0,0.0,0.6000000000000001,0.30000000000000004,0.7000000000000001,0.1,45.0,95.0,30.0,0.5,0.4,0.8,0.2,35.0,95.0,30.0,723,723,0,723,0.0,0.3452733464024959,0.5,0.6905466928049918,0,0.0,1.0,1
"iteration_5","SCOPE_DATA_COLLECTION",100,53,3250.0,3310.0,1,807,393,126,794,350,123,800,390,135,1,0,0,0.0012484394506866417,0.0,0.0,0.34718675347864403,1.0531292887260733,2.06300610004012,0.6943735069572881,1.0531292887260733,1.3753374000267466,0.0,0.7615384615384615,1.0,37.5,100.0,1326,0,0,1,0,0,7.541478129713424E-4,0.0,0.0,0.6000000000000001,0.30000000000000004,0.7000000000000001,0.1,45.0,95.0,30.0,0.5,0.4,0.8,0.2,35.0,95.0,30.0,363,362,1,363,0.0027548209366391185,1.051484525604223,1.0,1.051484525604223,277,0.7651933701657458,1.0,1
"iteration_5","SCOPE_DATA_COLLECTION",100,53,3250.0,3310.0,2,807,393,126,794,350,123,800,390,135,1,0,0,0.0012484394506866417,0.0,0.0,0.34718675347864403,1.0531292887260733,2.06300610004012,0.6943735069572881,1.0531292887260733,1.3753374000267466,0.0,0.7615384615384615,1.0,37.5,100.0,1326,0,0,1,0,0,7.541478129713424E-4,0.0,0.0,0.6000000000000001,0.30000000000000004,0.7000000000000001,0.1,45.0,95.0,30.0,0.5,0.4,0.8,0.2,35.0,95.0,30.0,117,117,0,117,0.0,2.0670129596843005,1.5,1.3780086397895337,117,1.0,1.0,1
"iteration_5","SCOPE_DATA_COLLECTION",100,54,3310.0,3370.0,0,723,363,117,807,393,126,729,361,113,0,1,0,0.0,0.0027624309392265192,0.0,0.34524231228120467,1.0523551419178627,2.061434639746965,0.6904846245624093,1.0523551419178627,1.37428975983131,0.0,0.7728531855955678,1.0,50.0,100.0,1203,0,0,1,0,0,8.312551953449709E-4,0.0,0.0,0.5,0.4,0.8,0.2,35.0,95.0,30.0,0.5,0.4,0.8,0.2,35.0,95.0,30.0,773,773,0,773,0.0,0.34634235431550714,0.5,0.6926847086310143,0,0.0,1.0,1
"iteration_5","SCOPE_DATA_COLLECTION",100,54,3310.0,3370.0,1,723,363,117,807,393,126,729,361,113,0,1,0,0.0,0.0027624309392265192,0.0,0.34524231228120467,1.0523551419178627,2.061434639746965,0.6904846245624093,1.0523551419178627,1.37428975983131,0.0,0.7728531855955678,1.0,50.0,100.0,1203,0,0,1,0,0,8.312551953449709E-4,0.0,0.0,0.5,0.4,0.8,0.2,35.0,95.0,30.0,0.5,0.4,0.8,0.2,35.0,95.0,30.0,406,406,0,406,0.0,1.0516763607764938,1.0,1.0516763607764938,313,0.770935960591133,1.0,1
"iteration_5","SCOPE_DATA_COLLECTION",100,54,3310.0,3370.0,2,723,363,117,807,393,126,729,361,113,0,1,0,0.0,0.0027624309392265192,0.0,0.34524231228120467,1.0523551419178627,2.061434639746965,0.6904846245624093,1.0523551419178627,1.37428975983131,0.0,0.7728531855955678,1.0,50.0,100.0,1203,0,0,1,0,0,8.312551953449709E-4,0.0,0.0,0.5,0.4,0.8,0.2,35.0,95.0,30.0,0.5,0.4,0.8,0.2,35.0,95.0,30.0,127,127,0,127,0.0,2.070391713936797,1.5,1.3802611426245315,127,1.0,1.0,1
"iteration_5","SCOPE_DATA_COLLECTION",100,55,3370.0,3430.0,0,773,406,127,723,363,117,771,409,127,0,0,0,0.0,0.0,0.0,0.34646566273592,1.0512060465392459,2.0756834312614743,0.69293132547184,1.0512060465392459,1.3837889541743162,0.0,0.7701711491442543,1.0,42.5,100.0,1306,0,0,0,0,0,0.0,0.0,0.0,0.5,0.4,0.8,0.2,35.0,95.0,30.0,0.4,0.30000000000000004,0.5,0.2,35.0,95.0,35.0,770,770,0,770,0.0,0.34646046365659366,0.5,0.6929209273131873,0,0.0,1.0,1
"iteration_5","SCOPE_DATA_COLLECTION",100,55,3370.0,3430.0,1,773,406,127,723,363,117,771,409,127,0,0,0,0.0,0.0,0.0,0.34646566273592,1.0512060465392459,2.0756834312614743,0.69293132547184,1.0512060465392459,1.3837889541743162,0.0,0.7701711491442543,1.0,42.5,100.0,1306,0,0,0,0,0,0.0,0.0,0.0,0.5,0.4,0.8,0.2,35.0,95.0,30.0,0.4,0.30000000000000004,0.5,0.2,35.0,95.0,35.0,379,378,1,379,0.002638522427440633,1.0506975218862498,1.0,1.0506975218862498,278,0.7354497354497355,1.0,1
"iteration_5","SCOPE_DATA_COLLECTION",100,55,3370.0,3430.0,2,773,406,127,723,363,117,771,409,127,0,0,0,0.0,0.0,0.0,0.34646566273592,1.0512060465392459,2.0756834312614743,0.69293132547184,1.0512060465392459,1.3837889541743162,0.0,0.7701711491442543,1.0,42.5,100.0,1306,0,0,0,0,0,0.0,0.0,0.0,0.5,0.4,0.8,0.2,35.0,95.0,30.0,0.4,0.30000000000000004,0.5,0.2,35.0,95.0,35.0,138,138,0,138,0.0,2.05703889308399,1.5,1.3713592620559931,138,1.0,1.0,1
"iteration_5","SCOPE_DATA_COLLECTION",100,56,3430.0,3490.0,0,770,379,138,773,406,127,772,379,137,0,1,0,0.0,0.002631578947368421,0.0,0.34651023362372374,1.0505148789571892,2.0598884038876495,0.6930204672474475,1.0505148789571892,1.3732589359250997,0.0,0.7308707124010554,1.0,42.5,100.0,1287,0,0,1,0,0,7.77000777000777E-4,0.0,0.0,0.4,0.30000000000000004,0.5,0.2,35.0,95.0,35.0,0.4,0.30000000000000004,0.5,0.2,35.0,95.0,35.0,768,767,1,768,0.0013020833333333333,0.34396780917294634,0.5,0.6879356183458927,0,0.0,1.0,1
"iteration_5","SCOPE_DATA_COLLECTION",100,56,3430.0,3490.0,1,770,379,138,773,406,127,772,379,137,0,1,0,0.0,0.002631578947368421,0.0,0.34651023362372374,1.0505148789571892,2.0598884038876495,0.6930204672474475,1.0505148789571892,1.3732589359250997,0.0,0.7308707124010554,1.0,42.5,100.0,1287,0,0,1,0,0,7.77000777000777E-4,0.0,0.0,0.4,0.30000000000000004,0.5,0.2,35.0,95.0,35.0,0.4,0.30000000000000004,0.5,0.2,35.0,95.0,35.0,383,383,0,383,0.0,1.05293233681928,1.0,1.05293233681928,289,0.7545691906005222,1.0,1
"iteration_5","SCOPE_DATA_COLLECTION",100,56,3430.0,3490.0,2,770,379,138,773,406,127,772,379,137,0,1,0,0.0,0.002631578947368421,0.0,0.34651023362372374,1.0505148789571892,2.0598884038876495,0.6930204672474475,1.0505148789571892,1.3732589359250997,0.0,0.7308707124010554,1.0,42.5,100.0,1287,0,0,1,0,0,7.77000777000777E-4,0.0,0.0,0.4,0.30000000000000004,0.5,0.2,35.0,95.0,35.0,0.4,0.30000000000000004,0.5,0.2,35.0,95.0,35.0,116,116,0,116,0.0,2.0603376650628458,1.5,1.3735584433752306,116,1.0,1.0,1
"iteration_5","SCOPE_DATA_COLLECTION",100,57,3490.0,3550.0,0,768,383,116,770,379,138,766,384,115,1,0,0,0.001303780964797914,0.0,0.0,0.34399411912766675,1.0529605690982997,2.058388662918847,0.6879882382553335,1.0529605690982997,1.3722591086125646,0.0,0.7526041666666666,1.0,45.0,100.0,1267,0,0,1,0,0,7.892659826361484E-4,0.0,0.0,0.4,0.30000000000000004,0.5,0.2,35.0,95.0,35.0,0.30000000000000004,0.30000000000000004,0.5,0.1,25.0,85.0,45.0,731,731,0,731,0.0,0.3446279259628302,0.5,0.6892558519256604,0,0.0,1.0,1
"iteration_5","SCOPE_DATA_COLLECTION",100,57,3490.0,3550.0,1,768,383,116,770,379,138,766,384,115,1,0,0,0.001303780964797914,0.0,0.0,0.34399411912766675,1.0529605690982997,2.058388662918847,0.6879882382553335,1.0529605690982997,1.3722591086125646,0.0,0.7526041666666666,1.0,45.0,100.0,1267,0,0,1,0,0,7.892659826361484E-4,0.0,0.0,0.4,0.30000000000000004,0.5,0.2,35.0,95.0,35.0,0.30000000000000004,0.30000000000000004,0.5,0.1,25.0,85.0,45.0,364,363,1,364,0.0027472527472527475,1.0515772655558204,1.0,1.0515772655558204,274,0.7548209366391184,1.0,1
"iteration_5","SCOPE_DATA_COLLECTION",100,57,3490.0,3550.0,2,768,383,116,770,379,138,766,384,115,1,0,0,0.001303780964797914,0.0,0.0,0.34399411912766675,1.0529605690982997,2.058388662918847,0.6879882382553335,1.0529605690982997,1.3722591086125646,0.0,0.7526041666666666,1.0,45.0,100.0,1267,0,0,1,0,0,7.892659826361484E-4,0.0,0.0,0.4,0.30000000000000004,0.5,0.2,35.0,95.0,35.0,0.30000000000000004,0.30000000000000004,0.5,0.1,25.0,85.0,45.0,108,108,0,108,0.0,2.0510107526116936,1.5,1.367340501741129,108,1.0,1.0,1
"iteration_5","SCOPE_DATA_COLLECTION",100,58,3550.0,3614.018910876272,0,731,364,108,768,383,116,730,359,114,0,1,0,0.0,0.002777777777777778,0.0,0.34462409245171977,1.0506764346520252,2.0493554283356104,0.6892481849034395,1.0506764346520252,1.3662369522237403,0.0,0.754874651810585,1.0,42.5,100.0,1203,0,0,1,0,0,8.312551953449709E-4,0.0,0.0,0.30000000000000004,0.30000000000000004,0.5,0.1,25.0,85.0,45.0,0.30000000000000004,0.2,0.4,0.1,25.0,85.0,55.0,632,627,0,627,0.0,0.34760673907469775,0.5,0.6952134781493955,2,0.003189792663476874,0.9920886075949367,0
"iteration_5","SCOPE_DATA_COLLECTION",100,58,3550.0,3614.018910876272,1,731,364,108,768,383,116,730,359,114,0,1,0,0.0,0.002777777777777778,0.0,0.34462409245171977,1.0506764346520252,2.0493554283356104,0.6892481849034395,1.0506764346520252,1.3662369522237403,0.0,0.754874651810585,1.0,42.5,100.0,1203,0,0,1,0,0,8.312551953449709E-4,0.0,0.0,0.30000000000000004,0.30000000000000004,0.5,0.1,25.0,85.0,45.0,0.30000000000000004,0.2,0.4,0.1,25.0,85.0,55.0,316,307,0,307,0.0,1.0452820181488822,1.0,1.0452820181488822,222,0.7231270358306189,0.9715189873417721,0
"iteration_5","SCOPE_DATA_COLLECTION",100,58,3550.0,3614.018910876272,2,731,364,108,768,383,116,730,359,114,0,1,0,0.0,0.002777777777777778,0.0,0.34462409245171977,1.0506764346520252,2.0493554283356104,0.6892481849034395,1.0506764346520252,1.3662369522237403,0.0,0.754874651810585,1.0,42.5,100.0,1203,0,0,1,0,0,8.312551953449709E-4,0.0,0.0,0.30000000000000004,0.30000000000000004,0.5,0.1,25.0,85.0,45.0,0.30000000000000004,0.2,0.4,0.1,25.0,85.0,55.0,104,97,0,97,0.0,2.0690601694321784,1.5,1.3793734462881189,97,1.0,0.9326923076923077,0
"iteration_5","SCOPE_DATA_COLLECTION",200,0,70.0,130.0,0,1220,679,217,0,0,0,1207,660,212,0,1,0,0.0,0.0015128593040847202,0.0,0.34966594804529794,1.0576358097842193,2.063422645331211,0.6993318960905959,1.0576358097842193,1.3756150968874739,8.285004142502071E-4,0.7560606060606061,1.0,77.5,100.0,2116,0,0,1,0,0,4.725897920604915E-4,0.0,0.0,0.6,0.5,0.7,0.4,85.0,80.0,90.0,0.6000000000000001,0.5,0.8,0.5,85.0,70.0,95.0,1313,1311,2,1313,0.0015232292460015233,0.352668912210447,0.5,0.705337824420894,5,0.0038138825324180014,1.0,1
"iteration_5","SCOPE_DATA_COLLECTION",200,0,70.0,130.0,1,1220,679,217,0,0,0,1207,660,212,0,1,0,0.0,0.0015128593040847202,0.0,0.34966594804529794,1.0576358097842193,2.063422645331211,0.6993318960905959,1.0576358097842193,1.3756150968874739,8.285004142502071E-4,0.7560606060606061,1.0,77.5,100.0,2116,0,0,1,0,0,4.725897920604915E-4,0.0,0.0,0.6,0.5,0.7,0.4,85.0,80.0,90.0,0.6000000000000001,0.5,0.8,0.5,85.0,70.0,95.0,793,793,0,793,0.0,1.055074438613447,1.0,1.055074438613447,619,0.7805800756620429,1.0,1
"iteration_5","SCOPE_DATA_COLLECTION",200,0,70.0,130.0,2,1220,679,217,0,0,0,1207,660,212,0,1,0,0.0,0.0015128593040847202,0.0,0.34966594804529794,1.0576358097842193,2.063422645331211,0.6993318960905959,1.0576358097842193,1.3756150968874739,8.285004142502071E-4,0.7560606060606061,1.0,77.5,100.0,2116,0,0,1,0,0,4.725897920604915E-4,0.0,0.0,0.6,0.5,0.7,0.4,85.0,80.0,90.0,0.6000000000000001,0.5,0.8,0.5,85.0,70.0,95.0,239,238,1,239,0.0041841004184100415,2.0716166466118975,1.5,1.3810777644079317,238,1.0,1.0,1
"iteration_5","SCOPE_DATA_COLLECTION",200,1,130.0,190.0,0,1313,793,239,1220,679,217,1315,802,228,2,0,1,0.0015186028853454822,0.0,0.004366812227074236,0.35274672050018635,1.054906359899443,2.072770723756968,0.7054934410003727,1.054906359899443,1.381847149171312,0.0038022813688212928,0.7805486284289277,1.0,77.5,100.0,2345,0,0,3,0,0,0.001279317697228145,0.0,0.0,0.6000000000000001,0.5,0.8,0.5,85.0,70.0,95.0,0.6000000000000001,0.5,0.8,0.5,85.0,70.0,95.0,1273,1272,1,1273,7.855459544383347E-4,0.3514178021241076,0.5,0.7028356042482152,6,0.0047169811320754715,1.0,1
"iteration_5","SCOPE_DATA_COLLECTION",200,1,130.0,190.0,1,1313,793,239,1220,679,217,1315,802,228,2,0,1,0.0015186028853454822,0.0,0.004366812227074236,0.35274672050018635,1.054906359899443,2.072770723756968,0.7054934410003727,1.054906359899443,1.381847149171312,0.0038022813688212928,0.7805486284289277,1.0,77.5,100.0,2345,0,0,3,0,0,0.001279317697228145,0.0,0.0,0.6000000000000001,0.5,0.8,0.5,85.0,70.0,95.0,0.6000000000000001,0.5,0.8,0.5,85.0,70.0,95.0,812,810,2,812,0.0024630541871921183,1.0579758743138736,1.0,1.0579758743138736,624,0.7703703703703704,1.0,1
"iteration_5","SCOPE_DATA_COLLECTION",200,1,130.0,190.0,2,1313,793,239,1220,679,217,1315,802,228,2,0,1,0.0015186028853454822,0.0,0.004366812227074236,0.35274672050018635,1.054906359899443,2.072770723756968,0.7054934410003727,1.054906359899443,1.381847149171312,0.0038022813688212928,0.7805486284289277,1.0,77.5,100.0,2345,0,0,3,0,0,0.001279317697228145,0.0,0.0,0.6000000000000001,0.5,0.8,0.5,85.0,70.0,95.0,0.6000000000000001,0.5,0.8,0.5,85.0,70.0,95.0,246,246,0,246,0.0,2.058957391928091,1.5,1.3726382612853938,246,1.0,1.0,1
"iteration_5","SCOPE_DATA_COLLECTION",200,2,190.0,250.0,0,1273,812,246,1313,793,239,1274,805,254,1,2,0,7.84313725490196E-4,0.0024783147459727386,0.0,0.351393956042097,1.057374990823286,2.058866840079484,0.702787912084194,1.057374990823286,1.3725778933863226,0.004709576138147566,0.7677018633540372,1.0,62.5,100.0,2328,2,1,3,0,0,0.001288659793814433,0.0,0.0,0.6000000000000001,0.5,0.8,0.5,85.0,70.0,95.0,0.5,0.4,0.9,0.5,75.0,60.0,85.0,1302,1301,1,1302,7.680491551459293E-4,0.35416663610441934,0.5,0.7083332722088387,6,0.004611837048424289,1.0,1
"iteration_5","SCOPE_DATA_COLLECTION",200,2,190.0,250.0,1,1273,812,246,1313,793,239,1274,805,254,1,2,0,7.84313725490196E-4,0.0024783147459727386,0.0,0.351393956042097,1.057374990823286,2.058866840079484,0.702787912084194,1.057374990823286,1.3725778933863226,0.004709576138147566,0.7677018633540372,1.0,62.5,100.0,2328,2,1,3,0,0,0.001288659793814433,0.0,0.0,0.6000000000000001,0.5,0.8,0.5,85.0,70.0,95.0,0.5,0.4,0.9,0.5,75.0,60.0,85.0,817,817,0,817,0.0,1.0586504805601182,1.0,1.0586504805601182,630,0.7711138310893513,1.0,1
"iteration_5","SCOPE_DATA_COLLECTION",200,2,190.0,250.0,2,1273,812,246,1313,793,239,1274,805,254,1,2,0,7.84313725490196E-4,0.0024783147459727386,0.0,0.351393956042097,1.057374990823286,2.058866840079484,0.702787912084194,1.057374990823286,1.3725778933863226,0.004709576138147566,0.7677018633540372,1.0,62.5,100.0,2328,2,1,3,0,0,0.001288659793814433,0.0,0.0,0.6000000000000001,0.5,0.8,0.5,85.0,70.0,95.0,0.5,0.4,0.9,0.5,75.0,60.0,85.0,250,250,0,250,0.0,2.050127201380808,1.5,1.3667514675872052,249,0.996,1.0,1
"iteration_5","SCOPE_DATA_COLLECTION",200,3,250.0,310.0,0,1302,817,250,1273,812,246,1296,819,250,1,0,0,7.710100231303007E-4,0.0,0.0,0.35396377675129737,1.0586780952138422,2.050155681251432,0.7079275535025947,1.0586780952138422,1.3667704541676213,0.004629629629629629,0.7704517704517705,0.996,67.5,100.0,2366,3,0,1,0,0,4.2265426880811494E-4,0.0,0.0,0.5,0.4,0.9,0.5,75.0,60.0,85.0,0.5,0.5,0.9,0.6000000000000001,65.0,60.0,85.0,1291,1291,0,1291,0.0,0.35401404447801327,0.5,0.7080280889560265,4,0.003098373353989156,1.0,1
"iteration_5","SCOPE_DATA_COLLECTION",200,3,250.0,310.0,1,1302,817,250,1273,812,246,1296,819,250,1,0,0,7.710100231303007E-4,0.0,0.0,0.35396377675129737,1.0586780952138422,2.050155681251432,0.7079275535025947,1.0586780952138422,1.3667704541676213,0.004629629629629629,0.7704517704517705,0.996,67.5,100.0,2366,3,0,1,0,0,4.2265426880811494E-4,0.0,0.0,0.5,0.4,0.9,0.5,75.0,60.0,85.0,0.5,0.5,0.9,0.6000000000000001,65.0,60.0,85.0,821,821,0,821,0.0,1.0581932422844098,1.0,1.0581932422844098,638,0.7771010962241169,1.0,1
"iteration_5","SCOPE_DATA_COLLECTION",200,3,250.0,310.0,2,1302,817,250,1273,812,246,1296,819,250,1,0,0,7.710100231303007E-4,0.0,0.0,0.35396377675129737,1.0586780952138422,2.050155681251432,0.7079275535025947,1.0586780952138422,1.3667704541676213,0.004629629629629629,0.7704517704517705,0.996,67.5,100.0,2366,3,0,1,0,0,4.2265426880811494E-4,0.0,0.0,0.5,0.4,0.9,0.5,75.0,60.0,85.0,0.5,0.5,0.9,0.6000000000000001,65.0,60.0,85.0,223,223,0,223,0.0,2.0687041278837763,1.5,1.379136085255851,223,1.0,1.0,1
"iteration_5","SCOPE_DATA_COLLECTION",200,4,310.0,370.0,0,1291,821,223,1302,817,250,1298,822,223,0,0,0,0.0,0.0,0.0,0.35417016804430407,1.0587633313685412,2.068685627526418,0.7083403360886081,1.0587633313685412,1.3791237516842785,0.0030816640986132513,0.7798053527980535,1.0,47.5,100.0,2335,0,0,0,0,0,0.0,0.0,0.0,0.5,0.5,0.9,0.6000000000000001,65.0,60.0,85.0,0.1,0.9,0.7000000000000001,0.9,95.0,75.0,45.0,1303,1302,1,1303,7.674597083653108E-4,0.3563354511501348,0.5,0.7126709023002696,3,0.002304147465437788,1.0,1
"iteration_5","SCOPE_DATA_COLLECTION",200,4,310.0,370.0,1,1291,821,223,1302,817,250,1298,822,223,0,0,0,0.0,0.0,0.0,0.35417016804430407,1.0587633313685412,2.068685627526418,0.7083403360886081,1.0587633313685412,1.3791237516842785,0.0030816640986132513,0.7798053527980535,1.0,47.5,100.0,2335,0,0,0,0,0,0.0,0.0,0.0,0.5,0.5,0.9,0.6000000000000001,65.0,60.0,85.0,0.1,0.9,0.7000000000000001,0.9,95.0,75.0,45.0,852,851,1,852,0.0011737089201877935,1.0570028700131324,1.0,1.0570028700131324,669,0.7861339600470035,1.0,1
"iteration_5","SCOPE_DATA_COLLECTION",200,4,310.0,370.0,2,1291,821,223,1302,817,250,1298,822,223,0,0,0,0.0,0.0,0.0,0.35417016804430407,1.0587633313685412,2.068685627526418,0.7083403360886081,1.0587633313685412,1.3791237516842785,0.0030816640986132513,0.7798053527980535,1.0,47.5,100.0,2335,0,0,0,0,0,0.0,0.0,0.0,0.5,0.5,0.9,0.6000000000000001,65.0,60.0,85.0,0.1,0.9,0.7000000000000001,0.9,95.0,75.0,45.0,288,288,0,288,0.0,2.0503853029681727,1.5,1.3669235353121152,285,0.9895833333333334,1.0,1
"iteration_5","SCOPE_DATA_COLLECTION",200,5,370.0,430.0,0,1303,852,288,1291,821,223,1299,846,290,1,1,0,7.692307692307692E-4,0.0011806375442739079,0.0,0.35626152773588005,1.05675073635559,2.0503191310522815,0.7125230554717601,1.05675073635559,1.366879420701521,0.0023094688221709007,0.7848699763593381,0.9896551724137931,62.5,100.0,2440,0,3,2,0,0,8.19672131147541E-4,0.0,0.0,0.1,0.9,0.7000000000000001,0.9,95.0,75.0,45.0,0.05,0.9,0.7000000000000001,0.8,95.0,85.0,55.0,1333,1333,0,1333,0.0,0.356377481666166,0.5,0.712754963332332,11,0.008252063015753939,1.0,1
"iteration_5","SCOPE_DATA_COLLECTION",200,5,370.0,430.0,1,1303,852,288,1291,821,223,1299,846,290,1,1,0,7.692307692307692E-4,0.0011806375442739079,0.0,0.35626152773588005,1.05675073635559,2.0503191310522815,0.7125230554717601,1.05675073635559,1.366879420701521,0.0023094688221709007,0.7848699763593381,0.9896551724137931,62.5,100.0,2440,0,3,2,0,0,8.19672131147541E-4,0.0,0.0,0.1,0.9,0.7000000000000001,0.9,95.0,75.0,45.0,0.05,0.9,0.7000000000000001,0.8,95.0,85.0,55.0,851,850,1,851,0.0011750881316098707,1.0559694553564125,1.0,1.0559694553564125,654,0.7694117647058824,1.0,1
"iteration_5","SCOPE_DATA_COLLECTION",200,5,370.0,430.0,2,1303,852,288,1291,821,223,1299,846,290,1,1,0,7.692307692307692E-4,0.0011806375442739079,0.0,0.35626152773588005,1.05675073635559,2.0503191310522815,0.7125230554717601,1.05675073635559,1.366879420701521,0.0023094688221709007,0.7848699763593381,0.9896551724137931,62.5,100.0,2440,0,3,2,0,0,8.19672131147541E-4,0.0,0.0,0.1,0.9,0.7000000000000001,0.9,95.0,75.0,45.0,0.05,0.9,0.7000000000000001,0.8,95.0,85.0,55.0,266,265,1,266,0.0037593984962406013,2.06710555850089,1.5,1.3780703723339267,265,1.0,1.0,1
"iteration_5","SCOPE_DATA_COLLECTION",200,6,430.0,490.0,0,1333,851,266,1303,852,288,1336,855,263,0,1,1,0.0,0.0011682242990654205,0.003787878787878788,0.35641486678030493,1.0559886220237495,2.0668866715775622,0.7128297335606099,1.0559886220237495,1.3779244477183747,0.008233532934131737,0.7707602339181286,1.0,55.0,100.0,2445,0,5,2,0,0,8.179959100204499E-4,0.0,0.0,0.05,0.9,0.7000000000000001,0.8,95.0,85.0,55.0,0.65,0.6000000000000001,0.6000000000000001,0.2,90.0,60.0,80.0,1326,1325,1,1326,7.541478129713424E-4,0.35568398415885094,0.5,0.7113679683177019,14,0.010566037735849057,1.0,1
"iteration_5","SCOPE_DATA_COLLECTION",200,6,430.0,490.0,1,1333,851,266,1303,852,288,1336,855,263,0,1,1,0.0,0.0011682242990654205,0.003787878787878788,0.35641486678030493,1.0559886220237495,2.0668866715775622,0.7128297335606099,1.0559886220237495,1.3779244477183747,0.008233532934131737,0.7707602339181286,1.0,55.0,100.0,2445,0,5,2,0,0,8.179959100204499E-4,0.0,0.0,0.05,0.9,0.7000000000000001,0.8,95.0,85.0,55.0,0.65,0.6000000000000001,0.6000000000000001,0.2,90.0,60.0,80.0,817,817,0,817,0.0,1.0573243790503994,1.0,1.0573243790503994,637,0.7796817625458996,1.0,1
"iteration_5","SCOPE_DATA_COLLECTION",200,6,430.0,490.0,2,1333,851,266,1303,852,288,1336,855,263,0,1,1,0.0,0.0011682242990654205,0.003787878787878788,0.35641486678030493,1.0559886220237495,2.0668866715775622,0.7128297335606099,1.0559886220237495,1.3779244477183747,0.008233532934131737,0.7707602339181286,1.0,55.0,100.0,2445,0,5,2,0,0,8.179959100204499E-4,0.0,0.0,0.05,0.9,0.7000000000000001,0.8,95.0,85.0,55.0,0.65,0.6000000000000001,0.6000000000000001,0.2,90.0,60.0,80.0,264,264,0,264,0.0,2.055313856740772,1.5,1.3702092378271813,264,1.0,1.0,1
"iteration_5","SCOPE_DATA_COLLECTION",200,7,490.0,550.0,0,1326,817,264,1333,851,266,1322,809,264,1,0,0,7.558578987150416E-4,0.0,0.0,0.3554736554501603,1.056506285651256,2.0548656321398293,0.7109473109003206,1.056506285651256,1.369910421426553,0.009833585476550681,0.7762669962917181,1.0,70.0,100.0,2404,1,2,1,0,0,4.1597337770382697E-4,0.0,0.0,0.65,0.6000000000000001,0.6000000000000001,0.2,90.0,60.0,80.0,0.75,0.7000000000000001,0.5,0.1,90.0,60.0,70.0,1336,1336,0,1336,0.0,0.3519013818345856,0.5,0.7038027636691712,7,0.005239520958083832,1.0,1
"iteration_5","SCOPE_DATA_COLLECTION",200,7,490.0,550.0,1,1326,817,264,1333,851,266,1322,809,264,1,0,0,7.558578987150416E-4,0.0,0.0,0.3554736554501603,1.056506285651256,2.0548656321398293,0.7109473109003206,1.056506285651256,1.369910421426553,0.009833585476550681,0.7762669962917181,1.0,70.0,100.0,2404,1,2,1,0,0,4.1597337770382697E-4,0.0,0.0,0.65,0.6000000000000001,0.6000000000000001,0.2,90.0,60.0,80.0,0.75,0.7000000000000001,0.5,0.1,90.0,60.0,70.0,856,856,0,856,0.0,1.0581560198418427,1.0,1.0581560198418427,676,0.7897196261682243,1.0,1
"iteration_5","SCOPE_DATA_COLLECTION",200,7,490.0,550.0,2,1326,817,264,1333,851,266,1322,809,264,1,0,0,7.558578987150416E-4,0.0,0.0,0.3554736554501603,1.056506285651256,2.0548656321398293,0.7109473109003206,1.056506285651256,1.369910421426553,0.009833585476550681,0.7762669962917181,1.0,70.0,100.0,2404,1,2,1,0,0,4.1597337770382697E-4,0.0,0.0,0.65,0.6000000000000001,0.6000000000000001,0.2,90.0,60.0,80.0,0.75,0.7000000000000001,0.5,0.1,90.0,60.0,70.0,240,240,0,240,0.0,2.052359320577408,1.5,1.3682395470516056,238,0.9916666666666667,1.0,1
"iteration_5","SCOPE_DATA_COLLECTION",200,8,550.0,610.0,0,1336,856,240,1326,817,264,1337,859,241,0,0,0,0.0,0.0,0.0,0.35219647721836334,1.0587922359723172,2.0529012614537887,0.7043929544367267,1.0587922359723172,1.3686008409691925,0.005983545250560957,0.7916181606519208,0.991701244813278,70.0,100.0,2427,4,1,0,0,0,0.0,0.0,0.0,0.75,0.7000000000000001,0.5,0.1,90.0,60.0,70.0,0.35000000000000003,0.4,0.4,0.6000000000000001,50.0,75.0,40.0,1368,1365,3,1368,0.0021929824561403508,0.3528286484467462,0.5,0.7056572968934924,1,7.326007326007326E-4,1.0,1
"iteration_5","SCOPE_DATA_COLLECTION",200,8,550.0,610.0,1,1336,856,240,1326,817,264,1337,859,241,0,0,0,0.0,0.0,0.0,0.35219647721836334,1.0587922359723172,2.0529012614537887,0.7043929544367267,1.0587922359723172,1.3686008409691925,0.005983545250560957,0.7916181606519208,0.991701244813278,70.0,100.0,2427,4,1,0,0,0,0.0,0.0,0.0,0.75,0.7000000000000001,0.5,0.1,90.0,60.0,70.0,0.35000000000000003,0.4,0.4,0.6000000000000001,50.0,75.0,40.0,899,899,0,899,0.0,1.0532550565475571,1.0,1.0532550565475571,679,0.7552836484983315,1.0,1
"iteration_5","SCOPE_DATA_COLLECTION",200,8,550.0,610.0,2,1336,856,240,1326,817,264,1337,859,241,0,0,0,0.0,0.0,0.0,0.35219647721836334,1.0587922359723172,2.0529012614537887,0.7043929544367267,1.0587922359723172,1.3686008409691925,0.005983545250560957,0.7916181606519208,0.991701244813278,70.0,100.0,2427,4,1,0,0,0,0.0,0.0,0.0,0.75,0.7000000000000001,0.5,0.1,90.0,60.0,70.0,0.35000000000000003,0.4,0.4,0.6000000000000001,50.0,75.0,40.0,257,257,0,257,0.0,2.0516493696217695,1.5,1.367766246414513,257,1.0,1.0,1
"iteration_5","SCOPE_DATA_COLLECTION",200,9,610.0,670.0,0,1368,899,257,1336,856,240,1365,902,255,3,0,0,0.0021929824561403508,0.0,0.0,0.3527938299839503,1.053443026768659,2.053610319479967,0.7055876599679006,1.053443026768659,1.369073546319978,7.326007326007326E-4,0.7549889135254989,1.0,52.5,100.0,2522,1,1,3,0,0,0.0011895321173671688,0.0,0.0,0.35000000000000003,0.4,0.4,0.6000000000000001,50.0,75.0,40.0,0.35000000000000003,0.5,0.5,0.7000000000000001,50.0,85.0,40.0,1276,1272,4,1276,0.003134796238244514,0.3507066752222002,0.5,0.7014133504444005,5,0.003930817610062893,1.0,1
"iteration_5","SCOPE_DATA_COLLECTION",200,9,610.0,670.0,1,1368,899,257,1336,856,240,1365,902,255,3,0,0,0.0021929824561403508,0.0,0.0,0.3527938299839503,1.053443026768659,2.053610319479967,0.7055876599679006,1.053443026768659,1.369073546319978,7.326007326007326E-4,0.7549889135254989,1.0,52.5,100.0,2522,1,1,3,0,0,0.0011895321173671688,0.0,0.0,0.35000000000000003,0.4,0.4,0.6000000000000001,50.0,75.0,40.0,0.35000000000000003,0.5,0.5,0.7000000000000001,50.0,85.0,40.0,838,838,0,838,0.0,1.0617339656415128,1.0,1.0617339656415128,677,0.8078758949880668,1.0,1
"iteration_5","SCOPE_DATA_COLLECTION",200,9,610.0,670.0,2,1368,899,257,1336,856,240,1365,902,255,3,0,0,0.0021929824561403508,0.0,0.0,0.3527938299839503,1.053443026768659,2.053610319479967,0.7055876599679006,1.053443026768659,1.369073546319978,7.326007326007326E-4,0.7549889135254989,1.0,52.5,100.0,2522,1,1,3,0,0,0.0011895321173671688,0.0,0.0,0.35000000000000003,0.4,0.4,0.6000000000000001,50.0,75.0,40.0,0.35000000000000003,0.5,0.5,0.7000000000000001,50.0,85.0,40.0,272,272,0,272,0.0,2.059479937780653,1.5,1.3729866251871021,271,0.9963235294117647,1.0,1
"iteration_5","SCOPE_DATA_COLLECTION",200,10,670.0,730.0,0,1276,838,272,1368,899,257,1275,832,271,4,0,0,0.003127443315089914,0.0,0.0,0.35065887217218406,1.061573448950271,2.056907568776654,0.7013177443443681,1.061573448950271,1.3712717125177694,0.00392156862745098,0.8088942307692307,0.996309963099631,70.0,100.0,2370,7,9,4,0,0,0.0016877637130801688,0.0,0.0,0.35000000000000003,0.5,0.5,0.7000000000000001,50.0,85.0,40.0,0.25,0.4,0.4,0.6000000000000001,50.0,85.0,30.0,1314,1312,2,1314,0.0015220700152207,0.35305676252648266,0.5,0.7061135250529653,6,0.004573170731707317,1.0,1
"iteration_5","SCOPE_DATA_COLLECTION",200,10,670.0,730.0,1,1276,838,272,1368,899,257,1275,832,271,4,0,0,0.003127443315089914,0.0,0.0,0.35065887217218406,1.061573448950271,2.056907568776654,0.7013177443443681,1.061573448950271,1.3712717125177694,0.00392156862745098,0.8088942307692307,0.996309963099631,70.0,100.0,2370,7,9,4,0,0,0.0016877637130801688,0.0,0.0,0.35000000000000003,0.5,0.5,0.7000000000000001,50.0,85.0,40.0,0.25,0.4,0.4,0.6000000000000001,50.0,85.0,30.0,833,833,0,833,0.0,1.0597883277382039,1.0,1.0597883277382039,650,0.78031212484994,1.0,1
"iteration_5","SCOPE_DATA_COLLECTION",200,10,670.0,730.0,2,1276,838,272,1368,899,257,1275,832,271,4,0,0,0.003127443315089914,0.0,0.0,0.35065887217218406,1.061573448950271,2.056907568776654,0.7013177443443681,1.061573448950271,1.3712717125177694,0.00392156862745098,0.8088942307692307,0.996309963099631,70.0,100.0,2370,7,9,4,0,0,0.0016877637130801688,0.0,0.0,0.35000000000000003,0.5,0.5,0.7000000000000001,50.0,85.0,40.0,0.25,0.4,0.4,0.6000000000000001,50.0,85.0,30.0,274,274,0,274,0.0,2.0638595972535003,1.5,1.3759063981690003,274,1.0,1.0,1
"iteration_5","SCOPE_DATA_COLLECTION",200,11,730.0,790.0,0,1314,833,274,1276,838,272,1313,838,275,2,0,0,0.001520912547528517,0.0,0.0,0.35304962141943996,1.0602424779014625,2.063845918263276,0.7060992428388799,1.0602424779014625,1.375897278842184,0.00456968773800457,0.7816229116945107,1.0,55.0,100.0,2421,0,0,2,0,0,8.261049153242462E-4,0.0,0.0,0.25,0.4,0.4,0.6000000000000001,50.0,85.0,30.0,0.15000000000000002,0.5,0.30000000000000004,0.5,40.0,75.0,20.0,1308,1308,0,1308,0.0,0.3539939788328053,0.5,0.7079879576656106,3,0.0022935779816513763,1.0,1
"iteration_5","SCOPE_DATA_COLLECTION",200,11,730.0,790.0,1,1314,833,274,1276,838,272,1313,838,275,2,0,0,0.001520912547528517,0.0,0.0,0.35304962141943996,1.0602424779014625,2.063845918263276,0.7060992428388799,1.0602424779014625,1.375897278842184,0.00456968773800457,0.7816229116945107,1.0,55.0,100.0,2421,0,0,2,0,0,8.261049153242462E-4,0.0,0.0,0.25,0.4,0.4,0.6000000000000001,50.0,85.0,30.0,0.15000000000000002,0.5,0.30000000000000004,0.5,40.0,75.0,20.0,825,824,1,825,0.0012121212121212121,1.0643725691460617,1.0,1.0643725691460617,661,0.8021844660194175,1.0,1
"iteration_5","SCOPE_DATA_COLLECTION",200,11,730.0,790.0,2,1314,833,274,1276,838,272,1313,838,275,2,0,0,0.001520912547528517,0.0,0.0,0.35304962141943996,1.0602424779014625,2.063845918263276,0.7060992428388799,1.0602424779014625,1.375897278842184,0.00456968773800457,0.7816229116945107,1.0,55.0,100.0,2421,0,0,2,0,0,8.261049153242462E-4,0.0,0.0,0.25,0.4,0.4,0.6000000000000001,50.0,85.0,30.0,0.15000000000000002,0.5,0.30000000000000004,0.5,40.0,75.0,20.0,293,292,1,293,0.0034129692832764505,2.0823905904659865,1.5,1.388260393643991,292,1.0,1.0,1
"iteration_5","SCOPE_DATA_COLLECTION",200,12,790.0,850.0,0,1308,825,293,1314,833,274,1301,823,284,0,1,1,0.0,0.0012135922330097086,0.0035087719298245615,0.3538967873449966,1.064003804745639,2.084971158901683,0.7077935746899932,1.064003804745639,1.389980772601122,0.0015372790161414297,0.7995139732685298,1.0,90.0,100.0,2426,0,0,2,0,0,8.244023083264633E-4,0.0,0.0,0.15000000000000002,0.5,0.30000000000000004,0.5,40.0,75.0,20.0,0.15000000000000002,0.6000000000000001,0.4,0.6000000000000001,40.0,85.0,30.0,1317,1317,0,1317,0.0,0.3568656710380414,0.5,0.7137313420760828,12,0.009111617312072893,1.0,1
"iteration_5","SCOPE_DATA_COLLECTION",200,12,790.0,850.0,1,1308,825,293,1314,833,274,1301,823,284,0,1,1,0.0,0.0012135922330097086,0.0035087719298245615,0.3538967873449966,1.064003804745639,2.084971158901683,0.7077935746899932,1.064003804745639,1.389980772601122,0.0015372790161414297,0.7995139732685298,1.0,90.0,100.0,2426,0,0,2,0,0,8.244023083264633E-4,0.0,0.0,0.15000000000000002,0.5,0.30000000000000004,0.5,40.0,75.0,20.0,0.15000000000000002,0.6000000000000001,0.4,0.6000000000000001,40.0,85.0,30.0,809,809,0,809,0.0,1.0592747743891575,1.0,1.0592747743891575,640,0.7911001236093943,1.0,1
"iteration_5","SCOPE_DATA_COLLECTION",200,12,790.0,850.0,2,1308,825,293,1314,833,274,1301,823,284,0,1,1,0.0,0.0012135922330097086,0.0035087719298245615,0.3538967873449966,1.064003804745639,2.084971158901683,0.7077935746899932,1.064003804745639,1.389980772601122,0.0015372790161414297,0.7995139732685298,1.0,90.0,100.0,2426,0,0,2,0,0,8.244023083264633E-4,0.0,0.0,0.15000000000000002,0.5,0.30000000000000004,0.5,40.0,75.0,20.0,0.15000000000000002,0.6000000000000001,0.4,0.6000000000000001,40.0,85.0,30.0,261,261,0,261,0.0,2.0625133901905985,1.5,1.3750089267937324,261,1.0,1.0,1
"iteration_5","SCOPE_DATA_COLLECTION",200,13,850.0,910.0,0,1317,809,261,1308,825,293,1312,813,268,0,0,0,0.0,0.0,0.0,0.35698730395205536,1.059513321491188,2.06153607850786,0.7139746079041107,1.059513321491188,1.3743573856719067,0.009908536585365854,0.7908979089790897,1.0,77.5,100.0,2386,0,1,0,0,0,0.0,0.0,0.0,0.15000000000000002,0.6000000000000001,0.4,0.6000000000000001,40.0,85.0,30.0,0.1,0.5,0.4,0.30000000000000004,50.0,20.0,30.0,1317,1317,0,1317,0.0,0.3557951290144084,0.5,0.7115902580288168,15,0.011389521640091117,1.0,1
"iteration_5","SCOPE_DATA_COLLECTION",200,13,850.0,910.0,1,1317,809,261,1308,825,293,1312,813,268,0,0,0,0.0,0.0,0.0,0.35698730395205536,1.059513321491188,2.06153607850786,0.7139746079041107,1.059513321491188,1.3743573856719067,0.009908536585365854,0.7908979089790897,1.0,77.5,100.0,2386,0,1,0,0,0,0.0,0.0,0.0,0.15000000000000002,0.6000000000000001,0.4,0.6000000000000001,40.0,85.0,30.0,0.1,0.5,0.4,0.30000000000000004,50.0,20.0,30.0,800,800,0,800,0.0,1.0528092344397106,1.0,1.0528092344397106,605,0.75625,1.0,1
"iteration_5","SCOPE_DATA_COLLECTION",200,13,850.0,910.0,2,1317,809,261,1308,825,293,1312,813,268,0,0,0,0.0,0.0,0.0,0.35698730395205536,1.059513321491188,2.06153607850786,0.7139746079041107,1.059513321491188,1.3743573856719067,0.009908536585365854,0.7908979089790897,1.0,77.5,100.0,2386,0,1,0,0,0,0.0,0.0,0.0,0.15000000000000002,0.6000000000000001,0.4,0.6000000000000001,40.0,85.0,30.0,0.1,0.5,0.4,0.30000000000000004,50.0,20.0,30.0,248,248,0,248,0.0,2.0528695153269636,1.5,1.3685796768846423,248,1.0,1.0,1
"iteration_5","SCOPE_DATA_COLLECTION",200,14,910.0,970.0,0,1317,800,248,1317,809,261,1327,795,248,0,0,0,0.0,0.0,0.0,0.35577463843166895,1.0527734009344138,2.0514902816583107,0.7115492768633379,1.0527734009344138,1.3676601877722072,0.011303692539562924,0.7610062893081762,1.0,65.0,100.0,2365,0,0,0,0,0,0.0,0.0,0.0,0.1,0.5,0.4,0.30000000000000004,50.0,20.0,30.0,0.1,0.5,0.30000000000000004,0.4,40.0,20.0,40.0,1299,1297,2,1299,0.001539645881447267,0.35753840428261174,0.5,0.7150768085652235,12,0.009252120277563608,1.0,1
"iteration_5","SCOPE_DATA_COLLECTION",200,14,910.0,970.0,1,1317,800,248,1317,809,261,1327,795,248,0,0,0,0.0,0.0,0.0,0.35577463843166895,1.0527734009344138,2.0514902816583107,0.7115492768633379,1.0527734009344138,1.3676601877722072,0.011303692539562924,0.7610062893081762,1.0,65.0,100.0,2365,0,0,0,0,0,0.0,0.0,0.0,0.1,0.5,0.4,0.30000000000000004,50.0,20.0,30.0,0.1,0.5,0.30000000000000004,0.4,40.0,20.0,40.0,858,858,0,858,0.0,1.059538760082986,1.0,1.059538760082986,665,0.7750582750582751,1.0,1
"iteration_5","SCOPE_DATA_COLLECTION",200,14,910.0,970.0,2,1317,800,248,1317,809,261,1327,795,248,0,0,0,0.0,0.0,0.0,0.35577463843166895,1.0527734009344138,2.0514902816583107,0.7115492768633379,1.0527734009344138,1.3676601877722072,0.011303692539562924,0.7610062893081762,1.0,65.0,100.0,2365,0,0,0,0,0,0.0,0.0,0.0,0.1,0.5,0.4,0.30000000000000004,50.0,20.0,30.0,0.1,0.5,0.30000000000000004,0.4,40.0,20.0,40.0,277,277,0,277,0.0,2.0505325345868073,1.5,1.3670216897245382,275,0.9927797833935018,1.0,1
"iteration_5","SCOPE_DATA_COLLECTION",200,15,970.0,1030.0,0,1299,858,277,1317,800,248,1289,857,272,2,0,0,0.001549186676994578,0.0,0.0,0.35757085110221615,1.0591746801277966,2.051796511488905,0.7151417022044323,1.0591746801277966,1.3678643409926032,0.009309542280837859,0.7724620770128354,0.9926470588235294,87.5,100.0,2426,1,7,2,0,0,8.244023083264633E-4,0.0,0.0,0.1,0.5,0.30000000000000004,0.4,40.0,20.0,40.0,0.30000000000000004,0.4,0.9,0.4,75.0,90.0,55.0,1308,1308,0,1308,0.0,0.3550205175585333,0.5,0.7100410351170666,15,0.011467889908256881,1.0,1
"iteration_5","SCOPE_DATA_COLLECTION",200,15,970.0,1030.0,1,1299,858,277,1317,800,248,1289,857,272,2,0,0,0.001549186676994578,0.0,0.0,0.35757085110221615,1.0591746801277966,2.051796511488905,0.7151417022044323,1.0591746801277966,1.3678643409926032,0.009309542280837859,0.7724620770128354,0.9926470588235294,87.5,100.0,2426,1,7,2,0,0,8.244023083264633E-4,0.0,0.0,0.1,0.5,0.30000000000000004,0.4,40.0,20.0,40.0,0.30000000000000004,0.4,0.9,0.4,75.0,90.0,55.0,860,860,0,860,0.0,1.0547453634359731,1.0,1.0547453634359731,670,0.7790697674418605,1.0,1
"iteration_5","SCOPE_DATA_COLLECTION",200,15,970.0,1030.0,2,1299,858,277,1317,800,248,1289,857,272,2,0,0,0.001549186676994578,0.0,0.0,0.35757085110221615,1.0591746801277966,2.051796511488905,0.7151417022044323,1.0591746801277966,1.3678643409926032,0.009309542280837859,0.7724620770128354,0.9926470588235294,87.5,100.0,2426,1,7,2,0,0,8.244023083264633E-4,0.0,0.0,0.1,0.5,0.30000000000000004,0.4,40.0,20.0,40.0,0.30000000000000004,0.4,0.9,0.4,75.0,90.0,55.0,262,261,1,262,0.003816793893129771,2.0592881166679162,1.5,1.3728587444452776,261,1.0,1.0,1
"iteration_5","SCOPE_DATA_COLLECTION",200,16,1030.0,1090.0,0,1308,860,262,1299,858,277,1314,872,262,0,0,1,0.0,0.0,0.0038022813688212928,0.3551020748986192,1.055311987986194,2.058156841310587,0.7102041497972384,1.055311987986194,1.3721045608737246,0.01141552511415525,0.7809633027522935,1.0,57.5,100.0,2423,2,5,1,0,0,4.127115146512588E-4,0.0,0.0,0.30000000000000004,0.4,0.9,0.4,75.0,90.0,55.0,0.1,0.2,0.30000000000000004,0.2,70.0,40.0,70.0,1305,1304,1,1305,7.662835249042146E-4,0.35464361768943153,0.5,0.7092872353788631,3,0.0023006134969325155,1.0,1
"iteration_5","SCOPE_DATA_COLLECTION",200,16,1030.0,1090.0,1,1308,860,262,1299,858,277,1314,872,262,0,0,1,0.0,0.0,0.0038022813688212928,0.3551020748986192,1.055311987986194,2.058156841310587,0.7102041497972384,1.055311987986194,1.3721045608737246,0.01141552511415525,0.7809633027522935,1.0,57.5,100.0,2423,2,5,1,0,0,4.127115146512588E-4,0.0,0.0,0.30000000000000004,0.4,0.9,0.4,75.0,90.0,55.0,0.1,0.2,0.30000000000000004,0.2,70.0,40.0,70.0,810,810,0,810,0.0,1.0576575478429948,1.0,1.0576575478429948,615,0.7592592592592593,1.0,1
"iteration_5","SCOPE_DATA_COLLECTION",200,16,1030.0,1090.0,2,1308,860,262,1299,858,277,1314,872,262,0,0,1,0.0,0.0,0.0038022813688212928,0.3551020748986192,1.055311987986194,2.058156841310587,0.7102041497972384,1.055311987986194,1.3721045608737246,0.01141552511415525,0.7809633027522935,1.0,57.5,100.0,2423,2,5,1,0,0,4.127115146512588E-4,0.0,0.0,0.30000000000000004,0.4,0.9,0.4,75.0,90.0,55.0,0.1,0.2,0.30000000000000004,0.2,70.0,40.0,70.0,264,264,0,264,0.0,2.048004339297895,1.5,1.3653362261985966,264,1.0,1.0,1
"iteration_5","SCOPE_DATA_COLLECTION",200,17,1090.0,1150.0,0,1305,810,264,1308,860,262,1304,798,267,1,0,0,7.662835249042146E-4,0.0,0.0,0.3546148385956347,1.0573569857979326,2.0529163351271413,0.7092296771912694,1.0573569857979326,1.368610890084761,0.0023006134969325155,0.7568922305764411,1.0,77.5,100.0,2379,0,0,1,0,0,4.203446826397646E-4,0.0,0.0,0.1,0.2,0.30000000000000004,0.2,70.0,40.0,70.0,0.9500000000000001,0.2,0.6000000000000001,0.1,30.0,80.0,55.0,1341,1340,1,1341,7.457121551081282E-4,0.3543623134489056,0.5,0.7087246268978112,3,0.002238805970149254,1.0,1
"iteration_5","SCOPE_DATA_COLLECTION",200,17,1090.0,1150.0,1,1305,810,264,1308,860,262,1304,798,267,1,0,0,7.662835249042146E-4,0.0,0.0,0.3546148385956347,1.0573569857979326,2.0529163351271413,0.7092296771912694,1.0573569857979326,1.368610890084761,0.0023006134969325155,0.7568922305764411,1.0,77.5,100.0,2379,0,0,1,0,0,4.203446826397646E-4,0.0,0.0,0.1,0.2,0.30000000000000004,0.2,70.0,40.0,70.0,0.9500000000000001,0.2,0.6000000000000001,0.1,30.0,80.0,55.0,858,857,1,858,0.0011655011655011655,1.0557116144320786,1.0,1.0557116144320786,676,0.7887981330221704,1.0,1
"iteration_5","SCOPE_DATA_COLLECTION",200,17,1090.0,1150.0,2,1305,810,264,1308,860,262,1304,798,267,1,0,0,7.662835249042146E-4,0.0,0.0,0.3546148385956347,1.0573569857979326,2.0529163351271413,0.7092296771912694,1.0573569857979326,1.368610890084761,0.0023006134969325155,0.7568922305764411,1.0,77.5,100.0,2379,0,0,1,0,0,4.203446826397646E-4,0.0,0.0,0.1,0.2,0.30000000000000004,0.2,70.0,40.0,70.0,0.9500000000000001,0.2,0.6000000000000001,0.1,30.0,80.0,55.0,251,251,0,251,0.0,2.0727689827464095,1.5,1.3818459884976064,251,1.0,1.0,1
"iteration_5","SCOPE_DATA_COLLECTION",200,18,1150.0,1210.0,0,1341,858,251,1305,810,264,1346,860,249,1,1,0,7.423904974016332E-4,0.0011614401858304297,0.0,0.35431255579237453,1.055982227656445,2.066624675355689,0.7086251115847491,1.055982227656445,1.3777497835704595,0.002228826151560178,0.7906976744186046,1.0,65.0,100.0,2447,3,0,2,0,0,8.173273395995096E-4,0.0,0.0,0.9500000000000001,0.2,0.6000000000000001,0.1,30.0,80.0,55.0,0.4,0.5,0.9,0.2,75.0,40.0,25.0,1321,1320,1,1321,7.57002271006813E-4,0.3531427176871301,0.5,0.7062854353742603,7,0.005303030303030303,1.0,1
"iteration_5","SCOPE_DATA_COLLECTION",200,18,1150.0,1210.0,1,1341,858,251,1305,810,264,1346,860,249,1,1,0,7.423904974016332E-4,0.0011614401858304297,0.0,0.35431255579237453,1.055982227656445,2.066624675355689,0.7086251115847491,1.055982227656445,1.3777497835704595,0.002228826151560178,0.7906976744186046,1.0,65.0,100.0,2447,3,0,2,0,0,8.173273395995096E-4,0.0,0.0,0.9500000000000001,0.2,0.6000000000000001,0.1,30.0,80.0,55.0,0.4,0.5,0.9,0.2,75.0,40.0,25.0,824,823,1,824,0.0012135922330097086,1.060556596647575,1.0,1.060556596647575,664,0.8068043742405833,1.0,1
"iteration_5","SCOPE_DATA_COLLECTION",200,18,1150.0,1210.0,2,1341,858,251,1305,810,264,1346,860,249,1,1,0,7.423904974016332E-4,0.0011614401858304297,0.0,0.35431255579237453,1.055982227656445,2.066624675355689,0.7086251115847491,1.055982227656445,1.3777497835704595,0.002228826151560178,0.7906976744186046,1.0,65.0,100.0,2447,3,0,2,0,0,8.173273395995096E-4,0.0,0.0,0.9500000000000001,0.2,0.6000000000000001,0.1,30.0,80.0,55.0,0.4,0.5,0.9,0.2,75.0,40.0,25.0,255,255,0,255,0.0,2.054247798732947,1.5,1.3694985324886313,255,1.0,1.0,1
"iteration_5","SCOPE_DATA_COLLECTION",200,19,1210.0,1270.0,0,1321,824,255,1341,858,251,1313,816,260,1,1,0,7.6103500761035E-4,0.0012239902080783353,0.0,0.35299723549435785,1.059481025623772,2.05567777538249,0.7059944709887157,1.059481025623772,1.3704518502549934,0.00456968773800457,0.803921568627451,1.0,80.0,100.0,2400,0,0,2,0,0,8.333333333333334E-4,0.0,0.0,0.4,0.5,0.9,0.2,75.0,40.0,25.0,0.5,0.6000000000000001,0.9,0.1,65.0,30.0,35.0,1340,1340,0,1340,0.0,0.3530215252621613,0.5,0.7060430505243226,11,0.008208955223880597,1.0,1
"iteration_5","SCOPE_DATA_COLLECTION",200,19,1210.0,1270.0,1,1321,824,255,1341,858,251,1313,816,260,1,1,0,7.6103500761035E-4,0.0012239902080783353,0.0,0.35299723549435785,1.059481025623772,2.05567777538249,0.7059944709887157,1.059481025623772,1.3704518502549934,0.00456968773800457,0.803921568627451,1.0,80.0,100.0,2400,0,0,2,0,0,8.333333333333334E-4,0.0,0.0,0.4,0.5,0.9,0.2,75.0,40.0,25.0,0.5,0.6000000000000001,0.9,0.1,65.0,30.0,35.0,831,831,0,831,0.0,1.061305748595408,1.0,1.061305748595408,649,0.7809867629362214,1.0,1
"iteration_5","SCOPE_DATA_COLLECTION",200,19,1210.0,1270.0,2,1321,824,255,1341,858,251,1313,816,260,1,1,0,7.6103500761035E-4,0.0012239902080783353,0.0,0.35299723549435785,1.059481025623772,2.05567777538249,0.7059944709887157,1.059481025623772,1.3704518502549934,0.00456968773800457,0.803921568627451,1.0,80.0,100.0,2400,0,0,2,0,0,8.333333333333334E-4,0.0,0.0,0.4,0.5,0.9,0.2,75.0,40.0,25.0,0.5,0.6000000000000001,0.9,0.1,65.0,30.0,35.0,262,262,0,262,0.0,2.069190906259735,1.5,1.3794606041731567,262,1.0,1.0,1
"iteration_5","SCOPE_DATA_COLLECTION",200,20,1270.0,1330.0,0,1340,831,262,1321,824,255,1340,844,262,0,0,0,0.0,0.0,0.0,0.3531528953584381,1.0617656870526153,2.0700551084186127,0.7063057907168762,1.0617656870526153,1.3800367389457417,0.008955223880597015,0.7796208530805687,1.0,55.0,100.0,2427,3,3,0,0,0,0.0,0.0,0.0,0.5,0.6000000000000001,0.9,0.1,65.0,30.0,35.0,0.5,0.6000000000000001,0.8,0.1,75.0,40.0,35.0,1273,1271,2,1273,0.0015710919088766694,0.35438014026562714,0.5,0.7087602805312543,10,0.007867820613690008,1.0,1
"iteration_5","SCOPE_DATA_COLLECTION",200,20,1270.0,1330.0,1,1340,831,262,1321,824,255,1340,844,262,0,0,0,0.0,0.0,0.0,0.3531528953584381,1.0617656870526153,2.0700551084186127,0.7063057907168762,1.0617656870526153,1.3800367389457417,0.008955223880597015,0.7796208530805687,1.0,55.0,100.0,2427,3,3,0,0,0,0.0,0.0,0.0,0.5,0.6000000000000001,0.9,0.1,65.0,30.0,35.0,0.5,0.6000000000000001,0.8,0.1,75.0,40.0,35.0,855,855,0,855,0.0,1.0526413553673704,1.0,1.0526413553673704,672,0.7859649122807018,1.0,1
"iteration_5","SCOPE_DATA_COLLECTION",200,20,1270.0,1330.0,2,1340,831,262,1321,824,255,1340,844,262,0,0,0,0.0,0.0,0.0,0.3531528953584381,1.0617656870526153,2.0700551084186127,0.7063057907168762,1.0617656870526153,1.3800367389457417,0.008955223880597015,0.7796208530805687,1.0,55.0,100.0,2427,3,3,0,0,0,0.0,0.0,0.0,0.5,0.6000000000000001,0.9,0.1,65.0,30.0,35.0,0.5,0.6000000000000001,0.8,0.1,75.0,40.0,35.0,245,245,0,245,0.0,2.069590745534941,1.5,1.3797271636899608,245,1.0,1.0,1
"iteration_5","SCOPE_DATA_COLLECTION",200,21,1330.0,1390.0,0,1273,855,245,1340,831,262,1268,853,242,2,0,0,0.0015748031496062992,0.0,0.0,0.3543184613532474,1.0526720294334024,2.0686681042662762,0.7086369227064948,1.0526720294334024,1.3791120695108507,0.007886435331230283,0.7866354044548651,1.0,72.5,100.0,2368,0,5,2,0,0,8.445945945945946E-4,0.0,0.0,0.5,0.6000000000000001,0.8,0.1,75.0,40.0,35.0,0.30000000000000004,0.2,0.2,0.30000000000000004,65.0,45.0,45.0,1330,1327,3,1330,0.002255639097744361,0.35351950654052217,0.5,0.7070390130810443,7,0.0052750565184626974,1.0,1
"iteration_5","SCOPE_DATA_COLLECTION",200,21,1330.0,1390.0,1,1273,855,245,1340,831,262,1268,853,242,2,0,0,0.0015748031496062992,0.0,0.0,0.3543184613532474,1.0526720294334024,2.0686681042662762,0.7086369227064948,1.0526720294334024,1.3791120695108507,0.007886435331230283,0.7866354044548651,1.0,72.5,100.0,2368,0,5,2,0,0,8.445945945945946E-4,0.0,0.0,0.5,0.6000000000000001,0.8,0.1,75.0,40.0,35.0,0.30000000000000004,0.2,0.2,0.30000000000000004,65.0,45.0,45.0,821,820,1,821,0.001218026796589525,1.0545855182985562,1.0,1.0545855182985562,639,0.7792682926829269,1.0,1
"iteration_5","SCOPE_DATA_COLLECTION",200,21,1330.0,1390.0,2,1273,855,245,1340,831,262,1268,853,242,2,0,0,0.0015748031496062992,0.0,0.0,0.3543184613532474,1.0526720294334024,2.0686681042662762,0.7086369227064948,1.0526720294334024,1.3791120695108507,0.007886435331230283,0.7866354044548651,1.0,72.5,100.0,2368,0,5,2,0,0,8.445945945945946E-4,0.0,0.0,0.5,0.6000000000000001,0.8,0.1,75.0,40.0,35.0,0.30000000000000004,0.2,0.2,0.30000000000000004,65.0,45.0,45.0,265,265,0,265,0.0,2.045468051849813,1.5,1.3636453678998752,262,0.9886792452830189,1.0,1
"iteration_5","SCOPE_DATA_COLLECTION",200,22,1390.0,1450.0,0,1330,821,265,1273,855,245,1328,808,269,3,0,0,0.002253944402704733,0.0,0.0,0.35338605324365585,1.0541429909135824,2.045858669997353,0.7067721064873117,1.0541429909135824,1.3639057799982355,0.005271084337349397,0.7797029702970297,0.9888475836431226,80.0,100.0,2407,3,6,3,0,0,0.0012463647694225177,0.0,0.0,0.30000000000000004,0.2,0.2,0.30000000000000004,65.0,45.0,45.0,0.9,0.1,0.4,0.7000000000000001,40.0,20.0,70.0,1316,1316,0,1316,0.0,0.3580474786316645,0.5,0.716094957263329,9,0.006838905775075988,1.0,1
"iteration_5","SCOPE_DATA_COLLECTION",200,22,1390.0,1450.0,1,1330,821,265,1273,855,245,1328,808,269,3,0,0,0.002253944402704733,0.0,0.0,0.35338605324365585,1.0541429909135824,2.045858669997353,0.7067721064873117,1.0541429909135824,1.3639057799982355,0.005271084337349397,0.7797029702970297,0.9888475836431226,80.0,100.0,2407,3,6,3,0,0,0.0012463647694225177,0.0,0.0,0.30000000000000004,0.2,0.2,0.30000000000000004,65.0,45.0,45.0,0.9,0.1,0.4,0.7000000000000001,40.0,20.0,70.0,830,829,1,830,0.0012048192771084338,1.05656429235516,1.0,1.05656429235516,647,0.7804583835946924,1.0,1
"iteration_5","SCOPE_DATA_COLLECTION",200,22,1390.0,1450.0,2,1330,821,265,1273,855,245,1328,808,269,3,0,0,0.002253944402704733,0.0,0.0,0.35338605324365585,1.0541429909135824,2.045858669997353,0.7067721064873117,1.0541429909135824,1.3639057799982355,0.005271084337349397,0.7797029702970297,0.9888475836431226,80.0,100.0,2407,3,6,3,0,0,0.0012463647694225177,0.0,0.0,0.30000000000000004,0.2,0.2,0.30000000000000004,65.0,45.0,45.0,0.9,0.1,0.4,0.7000000000000001,40.0,20.0,70.0,237,237,0,237,0.0,2.06216300558618,1.5,1.3747753370574534,237,1.0,1.0,1
"iteration_5","SCOPE_DATA_COLLECTION",200,23,1450.0,1510.0,0,1316,830,237,1330,821,265,1317,836,238,0,2,0,0.0,0.002386634844868735,0.0,0.3579735799547103,1.0575671670133884,2.0634549094246295,0.7159471599094206,1.0575671670133884,1.3756366062830863,0.00683371298405467,0.7811004784688995,1.0,55.0,100.0,2383,0,0,2,0,0,8.39278220730172E-4,0.0,0.0,0.9,0.1,0.4,0.7000000000000001,40.0,20.0,70.0,0.8,0.1,0.30000000000000004,0.6000000000000001,40.0,20.0,70.0,1250,1250,0,1250,0.0,0.3567186674391003,0.5,0.7134373348782006,14,0.0112,1.0,1
"iteration_5","SCOPE_DATA_COLLECTION",200,23,1450.0,1510.0,1,1316,830,237,1330,821,265,1317,836,238,0,2,0,0.0,0.002386634844868735,0.0,0.3579735799547103,1.0575671670133884,2.0634549094246295,0.7159471599094206,1.0575671670133884,1.3756366062830863,0.00683371298405467,0.7811004784688995,1.0,55.0,100.0,2383,0,0,2,0,0,8.39278220730172E-4,0.0,0.0,0.9,0.1,0.4,0.7000000000000001,40.0,20.0,70.0,0.8,0.1,0.30000000000000004,0.6000000000000001,40.0,20.0,70.0,846,846,0,846,0.0,1.0591364013822815,1.0,1.0591364013822815,653,0.7718676122931442,1.0,1
"iteration_5","SCOPE_DATA_COLLECTION",200,23,1450.0,1510.0,2,1316,830,237,1330,821,265,1317,836,238,0,2,0,0.0,0.002386634844868735,0.0,0.3579735799547103,1.0575671670133884,2.0634549094246295,0.7159471599094206,1.0575671670133884,1.3756366062830863,0.00683371298405467,0.7811004784688995,1.0,55.0,100.0,2383,0,0,2,0,0,8.39278220730172E-4,0.0,0.0,0.9,0.1,0.4,0.7000000000000001,40.0,20.0,70.0,0.8,0.1,0.30000000000000004,0.6000000000000001,40.0,20.0,70.0,247,247,0,247,0.0,2.0557803148301272,1.5,1.3705202098867515,247,1.0,1.0,1
"iteration_5","SCOPE_DATA_COLLECTION",200,24,1510.0,1570.0,0,1250,846,247,1316,830,237,1249,847,244,0,0,0,0.0,0.0,0.0,0.35698205514587555,1.0586685047646704,2.0574565849798923,0.7139641102917511,1.0586685047646704,1.3716377233199282,0.01120896717373899,0.7721369539551358,1.0,72.5,100.0,2343,0,0,0,0,0,0.0,0.0,0.0,0.8,0.1,0.30000000000000004,0.6000000000000001,40.0,20.0,70.0,0.8,0.1,0.2,0.5,40.0,20.0,80.0,1282,1282,0,1282,0.0,0.36455735015230295,0.5,0.7291147003046059,33,0.02574102964118565,1.0,1
"iteration_5","SCOPE_DATA_COLLECTION",200,24,1510.0,1570.0,1,1250,846,247,1316,830,237,1249,847,244,0,0,0,0.0,0.0,0.0,0.35698205514587555,1.0586685047646704,2.0574565849798923,0.7139641102917511,1.0586685047646704,1.3716377233199282,0.01120896717373899,0.7721369539551358,1.0,72.5,100.0,2343,0,0,0,0,0,0.0,0.0,0.0,0.8,0.1,0.30000000000000004,0.6000000000000001,40.0,20.0,70.0,0.8,0.1,0.2,0.5,40.0,20.0,80.0,824,823,1,824,0.0012135922330097086,1.0596070028494862,1.0,1.0596070028494862,640,0.7776427703523694,1.0,1
"iteration_5","SCOPE_DATA_COLLECTION",200,24,1510.0,1570.0,2,1250,846,247,1316,830,237,1249,847,244,0,0,0,0.0,0.0,0.0,0.35698205514587555,1.0586685047646704,2.0574565849798923,0.7139641102917511,1.0586685047646704,1.3716377233199282,0.01120896717373899,0.7721369539551358,1.0,72.5,100.0,2343,0,0,0,0,0,0.0,0.0,0.0,0.8,0.1,0.30000000000000004,0.6000000000000001,40.0,20.0,70.0,0.8,0.1,0.2,0.5,40.0,20.0,80.0,284,284,0,284,0.0,2.0623303988333066,1.5,1.3748869325555377,284,1.0,1.0,1
"iteration_5","SCOPE_DATA_COLLECTION",200,25,1570.0,1630.0,0,1282,824,284,1250,846,247,1280,821,283,0,1,0,0.0,0.0012165450121654502,0.0,0.3641140999175535,1.059829381818849,2.0607428309262716,0.728228199835107,1.059829381818849,1.3738285539508477,0.025,0.7771010962241169,1.0,75.0,100.0,2390,0,0,1,0,0,4.1841004184100416E-4,0.0,0.0,0.8,0.1,0.2,0.5,40.0,20.0,80.0,0.9,0.1,0.2,0.6000000000000001,40.0,20.0,70.0,1335,1334,1,1335,7.49063670411985E-4,0.3599224954987642,0.5,0.7198449909975284,11,0.008245877061469266,1.0,1
"iteration_5","SCOPE_DATA_COLLECTION",200,25,1570.0,1630.0,1,1282,824,284,1250,846,247,1280,821,283,0,1,0,0.0,0.0012165450121654502,0.0,0.3641140999175535,1.059829381818849,2.0607428309262716,0.728228199835107,1.059829381818849,1.3738285539508477,0.025,0.7771010962241169,1.0,75.0,100.0,2390,0,0,1,0,0,4.1841004184100416E-4,0.0,0.0,0.8,0.1,0.2,0.5,40.0,20.0,80.0,0.9,0.1,0.2,0.6000000000000001,40.0,20.0,70.0,762,762,0,762,0.0,1.0548049266407236,1.0,1.0548049266407236,593,0.7782152230971129,1.0,1
"iteration_5","SCOPE_DATA_COLLECTION",200,25,1570.0,1630.0,2,1282,824,284,1250,846,247,1280,821,283,0,1,0,0.0,0.0012165450121654502,0.0,0.3641140999175535,1.059829381818849,2.0607428309262716,0.728228199835107,1.059829381818849,1.3738285539508477,0.025,0.7771010962241169,1.0,75.0,100.0,2390,0,0,1,0,0,4.1841004184100416E-4,0.0,0.0,0.8,0.1,0.2,0.5,40.0,20.0,80.0,0.9,0.1,0.2,0.6000000000000001,40.0,20.0,70.0,247,247,0,247,0.0,2.0619470172482735,1.5,1.3746313448321823,247,1.0,1.0,1
"iteration_5","SCOPE_DATA_COLLECTION",200,26,1630.0,1690.0,0,1335,762,247,1282,824,284,1338,763,251,1,0,0,7.468259895444362E-4,0.0,0.0,0.3604173897874905,1.054680631366858,2.0611991493887176,0.720834779574981,1.054680631366858,1.3741327662591452,0.008968609865470852,0.7785058977719528,1.0,60.0,100.0,2344,0,0,1,0,0,4.266211604095563E-4,0.0,0.0,0.9,0.1,0.2,0.6000000000000001,40.0,20.0,70.0,0.8,0.6000000000000001,0.2,0.8,95.0,65.0,20.0,1300,1299,1,1300,7.692307692307692E-4,0.3528768372028161,0.5,0.7057536744056322,1,7.698229407236335E-4,1.0,1
"iteration_5","SCOPE_DATA_COLLECTION",200,26,1630.0,1690.0,1,1335,762,247,1282,824,284,1338,763,251,1,0,0,7.468259895444362E-4,0.0,0.0,0.3604173897874905,1.054680631366858,2.0611991493887176,0.720834779574981,1.054680631366858,1.3741327662591452,0.008968609865470852,0.7785058977719528,1.0,60.0,100.0,2344,0,0,1,0,0,4.266211604095563E-4,0.0,0.0,0.9,0.1,0.2,0.6000000000000001,40.0,20.0,70.0,0.8,0.6000000000000001,0.2,0.8,95.0,65.0,20.0,860,860,0,860,0.0,1.0565671655673798,1.0,1.0565671655673798,664,0.772093023255814,1.0,1
"iteration_5","SCOPE_DATA_COLLECTION",200,26,1630.0,1690.0,2,1335,762,247,1282,824,284,1338,763,251,1,0,0,7.468259895444362E-4,0.0,0.0,0.3604173897874905,1.054680631366858,2.0611991493887176,0.720834779574981,1.054680631366858,1.3741327662591452,0.008968609865470852,0.7785058977719528,1.0,60.0,100.0,2344,0,0,1,0,0,4.266211604095563E-4,0.0,0.0,0.9,0.1,0.2,0.6000000000000001,40.0,20.0,70.0,0.8,0.6000000000000001,0.2,0.8,95.0,65.0,20.0,242,242,0,242,0.0,2.054495669575846,1.5,1.3696637797172306,241,0.9958677685950413,1.0,1
"iteration_5","SCOPE_DATA_COLLECTION",200,27,1690.0,1750.0,0,1300,860,242,1335,762,247,1299,858,239,1,0,0,7.692307692307692E-4,0.0,0.0,0.35281283229410115,1.055983893306238,2.053989769487966,0.7056256645882023,1.055983893306238,1.3693265129919772,7.698229407236335E-4,0.7680652680652681,0.99581589958159,72.5,100.0,2396,5,1,1,0,0,4.1736227045075126E-4,0.0,0.0,0.8,0.6000000000000001,0.2,0.8,95.0,65.0,20.0,0.75,0.7000000000000001,0.9,0.4,80.0,25.0,80.0,1272,1270,2,1272,0.0015723270440251573,0.35395501776835403,0.5,0.7079100355367081,5,0.003937007874015748,1.0,1
"iteration_5","SCOPE_DATA_COLLECTION",200,27,1690.0,1750.0,1,1300,860,242,1335,762,247,1299,858,239,1,0,0,7.692307692307692E-4,0.0,0.0,0.35281283229410115,1.055983893306238,2.053989769487966,0.7056256645882023,1.055983893306238,1.3693265129919772,7.698229407236335E-4,0.7680652680652681,0.99581589958159,72.5,100.0,2396,5,1,1,0,0,4.1736227045075126E-4,0.0,0.0,0.8,0.6000000000000001,0.2,0.8,95.0,65.0,20.0,0.75,0.7000000000000001,0.9,0.4,80.0,25.0,80.0,807,807,0,807,0.0,1.0581450913147763,1.0,1.0581450913147763,643,0.7967781908302355,1.0,1
"iteration_5","SCOPE_DATA_COLLECTION",200,27,1690.0,1750.0,2,1300,860,242,1335,762,247,1299,858,239,1,0,0,7.692307692307692E-4,0.0,0.0,0.35281283229410115,1.055983893306238,2.053989769487966,0.7056256645882023,1.055983893306238,1.3693265129919772,7.698229407236335E-4,0.7680652680652681,0.99581589958159,72.5,100.0,2396,5,1,1,0,0,4.1736227045075126E-4,0.0,0.0,0.8,0.6000000000000001,0.2,0.8,95.0,65.0,20.0,0.75,0.7000000000000001,0.9,0.4,80.0,25.0,80.0,239,239,0,239,0.0,2.062440176562083,1.5,1.3749601177080553,239,1.0,1.0,1
"iteration_5","SCOPE_DATA_COLLECTION",200,28,1750.0,1810.0,0,1272,807,239,1300,860,242,1272,810,241,2,0,0,0.0015698587127158557,0.0,0.0,0.3539582379398846,1.0587017773935263,2.0637870966049823,0.7079164758797692,1.0587017773935263,1.3758580644033216,0.003930817610062893,0.8012345679012346,1.0,60.0,100.0,2313,5,0,2,0,0,8.646779074794639E-4,0.0,0.0,0.75,0.7000000000000001,0.9,0.4,80.0,25.0,80.0,0.8500000000000001,0.8,0.9,0.4,80.0,35.0,70.0,1324,1322,2,1324,0.0015105740181268882,0.35379414292189204,0.5,0.7075882858437841,2,0.0015128593040847202,1.0,1
"iteration_5","SCOPE_DATA_COLLECTION",200,28,1750.0,1810.0,1,1272,807,239,1300,860,242,1272,810,241,2,0,0,0.0015698587127158557,0.0,0.0,0.3539582379398846,1.0587017773935263,2.0637870966049823,0.7079164758797692,1.0587017773935263,1.3758580644033216,0.003930817610062893,0.8012345679012346,1.0,60.0,100.0,2313,5,0,2,0,0,8.646779074794639E-4,0.0,0.0,0.75,0.7000000000000001,0.9,0.4,80.0,25.0,80.0,0.8500000000000001,0.8,0.9,0.4,80.0,35.0,70.0,816,815,1,816,0.0012254901960784314,1.0587131106188652,1.0,1.0587131106188652,653,0.8012269938650307,1.0,1
"iteration_5","SCOPE_DATA_COLLECTION",200,28,1750.0,1810.0,2,1272,807,239,1300,860,242,1272,810,241,2,0,0,0.0015698587127158557,0.0,0.0,0.3539582379398846,1.0587017773935263,2.0637870966049823,0.7079164758797692,1.0587017773935263,1.3758580644033216,0.003930817610062893,0.8012345679012346,1.0,60.0,100.0,2313,5,0,2,0,0,8.646779074794639E-4,0.0,0.0,0.75,0.7000000000000001,0.9,0.4,80.0,25.0,80.0,0.8500000000000001,0.8,0.9,0.4,80.0,35.0,70.0,260,260,0,260,0.0,2.0691327497186336,1.5,1.3794218331457557,260,1.0,1.0,1
"iteration_5","SCOPE_DATA_COLLECTION",200,29,1810.0,1870.0,0,1324,816,260,1272,807,239,1320,820,254,2,1,0,0.0015128593040847202,0.001218026796589525,0.0,0.35390660119677014,1.0584902335269177,2.0683342387531742,0.7078132023935403,1.0584902335269177,1.3788894925021162,0.0015151515151515152,0.801219512195122,1.0,67.5,100.0,2399,1,0,3,0,0,0.0012505210504376823,0.0,0.0,0.8500000000000001,0.8,0.9,0.4,80.0,35.0,70.0,0.45,0.2,0.1,0.8,45.0,50.0,20.0,1344,1342,2,1344,0.001488095238095238,0.3547252988556445,0.5,0.709450597711289,10,0.007451564828614009,1.0,1
"iteration_5","SCOPE_DATA_COLLECTION",200,29,1810.0,1870.0,1,1324,816,260,1272,807,239,1320,820,254,2,1,0,0.0015128593040847202,0.001218026796589525,0.0,0.35390660119677014,1.0584902335269177,2.0683342387531742,0.7078132023935403,1.0584902335269177,1.3788894925021162,0.0015151515151515152,0.801219512195122,1.0,67.5,100.0,2399,1,0,3,0,0,0.0012505210504376823,0.0,0.0,0.8500000000000001,0.8,0.9,0.4,80.0,35.0,70.0,0.45,0.2,0.1,0.8,45.0,50.0,20.0,822,822,0,822,0.0,1.0606835923277043,1.0,1.0606835923277043,652,0.7931873479318735,1.0,1
"iteration_5","SCOPE_DATA_COLLECTION",200,29,1810.0,1870.0,2,1324,816,260,1272,807,239,1320,820,254,2,1,0,0.0015128593040847202,0.001218026796589525,0.0,0.35390660119677014,1.0584902335269177,2.0683342387531742,0.7078132023935403,1.0584902335269177,1.3788894925021162,0.0015151515151515152,0.801219512195122,1.0,67.5,100.0,2399,1,0,3,0,0,0.0012505210504376823,0.0,0.0,0.8500000000000001,0.8,0.9,0.4,80.0,35.0,70.0,0.45,0.2,0.1,0.8,45.0,50.0,20.0,266,265,1,266,0.0037593984962406013,2.058523538037448,1.5,1.3723490253582986,265,1.0,1.0,1
"iteration_5","SCOPE_DATA_COLLECTION",200,30,1870.0,1930.0,0,1344,822,266,1324,816,260,1340,821,269,2,0,0,0.0014903129657228018,0.0,0.0,0.35454838665650673,1.0612085599975145,2.0579731557584613,0.7090967733130135,1.0612085599975145,1.3719821038389741,0.007462686567164179,0.7941534713763703,1.0,60.0,100.0,2425,4,3,2,0,0,8.247422680412372E-4,0.0,0.0,0.45,0.2,0.1,0.8,45.0,50.0,20.0,0.35000000000000003,0.2,0.1,0.8,45.0,50.0,30.0,1353,1353,0,1353,0.0,0.356261510528549,0.5,0.712523021057098,15,0.011086474501108648,1.0,1
"iteration_5","SCOPE_DATA_COLLECTION",200,30,1870.0,1930.0,1,1344,822,266,1324,816,260,1340,821,269,2,0,0,0.0014903129657228018,0.0,0.0,0.35454838665650673,1.0612085599975145,2.0579731557584613,0.7090967733130135,1.0612085599975145,1.3719821038389741,0.007462686567164179,0.7941534713763703,1.0,60.0,100.0,2425,4,3,2,0,0,8.247422680412372E-4,0.0,0.0,0.45,0.2,0.1,0.8,45.0,50.0,20.0,0.35000000000000003,0.2,0.1,0.8,45.0,50.0,30.0,822,822,0,822,0.0,1.0617454987715813,1.0,1.0617454987715813,655,0.7968369829683698,1.0,1
"iteration_5","SCOPE_DATA_COLLECTION",200,30,1870.0,1930.0,2,1344,822,266,1324,816,260,1340,821,269,2,0,0,0.0014903129657228018,0.0,0.0,0.35454838665650673,1.0612085599975145,2.0579731557584613,0.7090967733130135,1.0612085599975145,1.3719821038389741,0.007462686567164179,0.7941534713763703,1.0,60.0,100.0,2425,4,3,2,0,0,8.247422680412372E-4,0.0,0.0,0.45,0.2,0.1,0.8,45.0,50.0,20.0,0.35000000000000003,0.2,0.1,0.8,45.0,50.0,30.0,261,261,0,261,0.0,2.072664776551861,1.5,1.3817765177012407,261,1.0,1.0,1
"iteration_5","SCOPE_DATA_COLLECTION",200,31,1930.0,1990.0,0,1353,822,261,1344,822,266,1354,815,261,0,0,1,0.0,0.0,0.003816793893129771,0.3563634902542586,1.0615454009832803,2.0733768189342574,0.7127269805085172,1.0615454009832803,1.3822512126228383,0.011078286558345642,0.7950920245398773,1.0,67.5,100.0,2436,0,0,1,0,0,4.1050903119868636E-4,0.0,0.0,0.35000000000000003,0.2,0.1,0.8,45.0,50.0,30.0,0.45,0.30000000000000004,0.1,0.8,45.0,50.0,40.0,1368,1368,0,1368,0.0,0.35438091941423877,0.5,0.7087618388284775,6,0.0043859649122807015,1.0,1
"iteration_5","SCOPE_DATA_COLLECTION",200,31,1930.0,1990.0,1,1353,822,261,1344,822,266,1354,815,261,0,0,1,0.0,0.0,0.003816793893129771,0.3563634902542586,1.0615454009832803,2.0733768189342574,0.7127269805085172,1.0615454009832803,1.3822512126228383,0.011078286558345642,0.7950920245398773,1.0,67.5,100.0,2436,0,0,1,0,0,4.1050903119868636E-4,0.0,0.0,0.35000000000000003,0.2,0.1,0.8,45.0,50.0,30.0,0.45,0.30000000000000004,0.1,0.8,45.0,50.0,40.0,867,867,0,867,0.0,1.0586745765557717,1.0,1.0586745765557717,665,0.7670126874279123,1.0,1
"iteration_5","SCOPE_DATA_COLLECTION",200,31,1930.0,1990.0,2,1353,822,261,1344,822,266,1354,815,261,0,0,1,0.0,0.0,0.003816793893129771,0.3563634902542586,1.0615454009832803,2.0733768189342574,0.7127269805085172,1.0615454009832803,1.3822512126228383,0.011078286558345642,0.7950920245398773,1.0,67.5,100.0,2436,0,0,1,0,0,4.1050903119868636E-4,0.0,0.0,0.35000000000000003,0.2,0.1,0.8,45.0,50.0,30.0,0.45,0.30000000000000004,0.1,0.8,45.0,50.0,40.0,277,276,1,277,0.0036101083032490976,2.0634686974076826,1.5,1.3756457982717885,276,1.0,1.0,1
"iteration_5","SCOPE_DATA_COLLECTION",200,32,1990.0,2050.0,0,1368,867,277,1353,822,261,1370,870,271,0,0,1,0.0,0.0,0.003676470588235294,0.35431649646777297,1.0582902294665295,2.0621962422538678,0.7086329929355459,1.0582902294665295,1.3747974948359118,0.004379562043795621,0.7655172413793103,1.0,77.5,100.0,2510,2,0,1,0,0,3.9840637450199205E-4,0.0,0.0,0.45,0.30000000000000004,0.1,0.8,45.0,50.0,40.0,0.45,0.30000000000000004,0.1,0.7000000000000001,35.0,50.0,40.0,1335,1335,0,1335,0.0,0.3535579206957219,0.5,0.7071158413914438,2,0.00149812734082397,1.0,1
"iteration_5","SCOPE_DATA_COLLECTION",200,32,1990.0,2050.0,1,1368,867,277,1353,822,261,1370,870,271,0,0,1,0.0,0.0,0.003676470588235294,0.35431649646777297,1.0582902294665295,2.0621962422538678,0.7086329929355459,1.0582902294665295,1.3747974948359118,0.004379562043795621,0.7655172413793103,1.0,77.5,100.0,2510,2,0,1,0,0,3.9840637450199205E-4,0.0,0.0,0.45,0.30000000000000004,0.1,0.8,45.0,50.0,40.0,0.45,0.30000000000000004,0.1,0.7000000000000001,35.0,50.0,40.0,841,840,1,841,0.0011890606420927466,1.0517647895443185,1.0,1.0517647895443185,641,0.763095238095238,1.0,1
"iteration_5","SCOPE_DATA_COLLECTION",200,32,1990.0,2050.0,2,1368,867,277,1353,822,261,1370,870,271,0,0,1,0.0,0.0,0.003676470588235294,0.35431649646777297,1.0582902294665295,2.0621962422538678,0.7086329929355459,1.0582902294665295,1.3747974948359118,0.004379562043795621,0.7655172413793103,1.0,77.5,100.0,2510,2,0,1,0,0,3.9840637450199205E-4,0.0,0.0,0.45,0.30000000000000004,0.1,0.8,45.0,50.0,40.0,0.45,0.30000000000000004,0.1,0.7000000000000001,35.0,50.0,40.0,268,268,0,268,0.0,2.0582207103764465,1.5,1.3721471402509644,268,1.0,1.0,1
"iteration_5","SCOPE_DATA_COLLECTION",200,33,2050.0,2110.0,0,1335,841,268,1368,867,277,1335,840,275,0,1,0,0.0,0.0011890606420927466,0.0,0.3535768273791659,1.0520841785223871,2.0619897592050553,0.7071536547583318,1.0520841785223871,1.374659839470037,0.00149812734082397,0.7654761904761904,1.0,50.0,100.0,2441,1,2,1,0,0,4.0966816878328555E-4,0.0,0.0,0.45,0.30000000000000004,0.1,0.7000000000000001,35.0,50.0,40.0,0.45,0.4,0.1,0.6000000000000001,35.0,60.0,40.0,1321,1321,0,1321,0.0,0.3538249424883357,0.5,0.7076498849766714,1,7.57002271006813E-4,1.0,1
"iteration_5","SCOPE_DATA_COLLECTION",200,33,2050.0,2110.0,1,1335,841,268,1368,867,277,1335,840,275,0,1,0,0.0,0.0011890606420927466,0.0,0.3535768273791659,1.0520841785223871,2.0619897592050553,0.7071536547583318,1.0520841785223871,1.374659839470037,0.00149812734082397,0.7654761904761904,1.0,50.0,100.0,2441,1,2,1,0,0,4.0966816878328555E-4,0.0,0.0,0.45,0.30000000000000004,0.1,0.7000000000000001,35.0,50.0,40.0,0.45,0.4,0.1,0.6000000000000001,35.0,60.0,40.0,878,878,0,878,0.0,1.0541652084687683,1.0,1.0541652084687683,678,0.7722095671981777,1.0,1
"iteration_5","SCOPE_DATA_COLLECTION",200,33,2050.0,2110.0,2,1335,841,268,1368,867,277,1335,840,275,0,1,0,0.0,0.0011890606420927466,0.0,0.3535768273791659,1.0520841785223871,2.0619897592050553,0.7071536547583318,1.0520841785223871,1.374659839470037,0.00149812734082397,0.7654761904761904,1.0,50.0,100.0,2441,1,2,1,0,0,4.0966816878328555E-4,0.0,0.0,0.45,0.30000000000000004,0.1,0.7000000000000001,35.0,50.0,40.0,0.45,0.4,0.1,0.6000000000000001,35.0,60.0,40.0,251,251,0,251,0.0,2.059426116282877,1.5,1.3729507441885846,251,1.0,1.0,1
"iteration_5","SCOPE_DATA_COLLECTION",200,34,2110.0,2170.0,0,1321,878,251,1335,841,268,1321,874,247,0,0,0,0.0,0.0,0.0,0.35393831148606886,1.053935972302517,2.057719622331797,0.7078766229721377,1.053935972302517,1.3718130815545313,7.57002271006813E-4,0.7711670480549199,1.0,75.0,100.0,2450,0,0,0,0,0,0.0,0.0,0.0,0.45,0.4,0.1,0.6000000000000001,35.0,60.0,40.0,0.45,0.5,0.1,0.5,35.0,50.0,30.0,1302,1302,0,1302,0.0,0.3525713533865236,0.5,0.7051427067730472,4,0.0030721966205837174,1.0,1
"iteration_5","SCOPE_DATA_COLLECTION",200,34,2110.0,2170.0,1,1321,878,251,1335,841,268,1321,874,247,0,0,0,0.0,0.0,0.0,0.35393831148606886,1.053935972302517,2.057719622331797,0.7078766229721377,1.053935972302517,1.3718130815545313,7.57002271006813E-4,0.7711670480549199,1.0,75.0,100.0,2450,0,0,0,0,0,0.0,0.0,0.0,0.45,0.4,0.1,0.6000000000000001,35.0,60.0,40.0,0.45,0.5,0.1,0.5,35.0,50.0,30.0,801,801,0,801,0.0,1.0540534186101305,1.0,1.0540534186101305,625,0.7802746566791511,1.0,1
"iteration_5","SCOPE_DATA_COLLECTION",200,34,2110.0,2170.0,2,1321,878,251,1335,841,268,1321,874,247,0,0,0,0.0,0.0,0.0,0.35393831148606886,1.053935972302517,2.057719622331797,0.7078766229721377,1.053935972302517,1.3718130815545313,7.57002271006813E-4,0.7711670480549199,1.0,75.0,100.0,2450,0,0,0,0,0,0.0,0.0,0.0,0.45,0.4,0.1,0.6000000000000001,35.0,60.0,40.0,0.45,0.5,0.1,0.5,35.0,50.0,30.0,251,251,0,251,0.0,2.065847115451793,1.5,1.3772314103011951,251,1.0,1.0,1
"iteration_5","SCOPE_DATA_COLLECTION",200,35,2170.0,2230.0,0,1302,801,251,1321,878,251,1301,806,249,0,0,0,0.0,0.0,0.0,0.3523954391370836,1.0544302458610373,2.0647694643707872,0.7047908782741672,1.0544302458610373,1.3765129762471915,0.0030745580322828594,0.78287841191067,1.0,70.0,100.0,2353,0,1,0,0,0,0.0,0.0,0.0,0.45,0.5,0.1,0.5,35.0,50.0,30.0,0.45,0.4,0.1,0.5,45.0,60.0,30.0,1295,1295,0,1295,0.0,0.355193626984286,0.5,0.710387253968572,10,0.007722007722007722,1.0,1
"iteration_5","SCOPE_DATA_COLLECTION",200,35,2170.0,2230.0,1,1302,801,251,1321,878,251,1301,806,249,0,0,0,0.0,0.0,0.0,0.3523954391370836,1.0544302458610373,2.0647694643707872,0.7047908782741672,1.0544302458610373,1.3765129762471915,0.0030745580322828594,0.78287841191067,1.0,70.0,100.0,2353,0,1,0,0,0,0.0,0.0,0.0,0.45,0.5,0.1,0.5,35.0,50.0,30.0,0.45,0.4,0.1,0.5,45.0,60.0,30.0,864,864,0,864,0.0,1.0624973354000073,1.0,1.0624973354000073,675,0.78125,1.0,1
"iteration_5","SCOPE_DATA_COLLECTION",200,35,2170.0,2230.0,2,1302,801,251,1321,878,251,1301,806,249,0,0,0,0.0,0.0,0.0,0.3523954391370836,1.0544302458610373,2.0647694643707872,0.7047908782741672,1.0544302458610373,1.3765129762471915,0.0030745580322828594,0.78287841191067,1.0,70.0,100.0,2353,0,1,0,0,0,0.0,0.0,0.0,0.45,0.5,0.1,0.5,35.0,50.0,30.0,0.45,0.4,0.1,0.5,45.0,60.0,30.0,279,279,0,279,0.0,2.052007241671893,1.5,1.368004827781262,279,1.0,1.0,1
"iteration_5","SCOPE_DATA_COLLECTION",200,36,2230.0,2290.0,0,1295,864,279,1302,801,251,1294,863,279,0,0,0,0.0,0.0,0.0,0.3554023348970632,1.062473884468102,2.0536639346931658,0.7108046697941264,1.062473884468102,1.3691092897954438,0.0077279752704791345,0.7809965237543454,1.0,72.5,100.0,2438,0,0,0,0,0,0.0,0.0,0.0,0.45,0.4,0.1,0.5,45.0,60.0,30.0,0.35000000000000003,0.30000000000000004,0.1,0.6000000000000001,55.0,70.0,30.0,1286,1285,1,1286,7.776049766718507E-4,0.3571131044627868,0.5,0.7142262089255736,14,0.010894941634241245,1.0,1
"iteration_5","SCOPE_DATA_COLLECTION",200,36,2230.0,2290.0,1,1295,864,279,1302,801,251,1294,863,279,0,0,0,0.0,0.0,0.0,0.3554023348970632,1.062473884468102,2.0536639346931658,0.7108046697941264,1.062473884468102,1.3691092897954438,0.0077279752704791345,0.7809965237543454,1.0,72.5,100.0,2438,0,0,0,0,0,0.0,0.0,0.0,0.45,0.4,0.1,0.5,45.0,60.0,30.0,0.35000000000000003,0.30000000000000004,0.1,0.6000000000000001,55.0,70.0,30.0,859,859,0,859,0.0,1.0568651311161563,1.0,1.0568651311161563,657,0.7648428405122235,1.0,1
"iteration_5","SCOPE_DATA_COLLECTION",200,36,2230.0,2290.0,2,1295,864,279,1302,801,251,1294,863,279,0,0,0,0.0,0.0,0.0,0.3554023348970632,1.062473884468102,2.0536639346931658,0.7108046697941264,1.062473884468102,1.3691092897954438,0.0077279752704791345,0.7809965237543454,1.0,72.5,100.0,2438,0,0,0,0,0,0.0,0.0,0.0,0.45,0.4,0.1,0.5,45.0,60.0,30.0,0.35000000000000003,0.30000000000000004,0.1,0.6000000000000001,55.0,70.0,30.0,240,239,1,240,0.004166666666666667,2.0576875036557998,1.5,1.3717916691038665,238,0.99581589958159,1.0,1
"iteration_5","SCOPE_DATA_COLLECTION",200,37,2290.0,2350.0,0,1286,859,240,1295,864,279,1285,858,244,1,0,1,7.776049766718507E-4,0.0,0.004081632653061225,0.3570050661271465,1.056342341765969,2.05484593312959,0.714010132254293,1.056342341765969,1.3698972887530598,0.010894941634241245,0.7622377622377622,0.9959016393442623,72.5,100.0,2384,0,1,2,0,0,8.389261744966443E-4,0.0,0.0,0.35000000000000003,0.30000000000000004,0.1,0.6000000000000001,55.0,70.0,30.0,0.9,0.8,0.5,0.30000000000000004,85.0,80.0,70.0,1227,1227,0,1227,0.0,0.35490605796145136,0.5,0.7098121159229027,9,0.007334963325183374,1.0,1
"iteration_5","SCOPE_DATA_COLLECTION",200,37,2290.0,2350.0,1,1286,859,240,1295,864,279,1285,858,244,1,0,1,7.776049766718507E-4,0.0,0.004081632653061225,0.3570050661271465,1.056342341765969,2.05484593312959,0.714010132254293,1.056342341765969,1.3698972887530598,0.010894941634241245,0.7622377622377622,0.9959016393442623,72.5,100.0,2384,0,1,2,0,0,8.389261744966443E-4,0.0,0.0,0.35000000000000003,0.30000000000000004,0.1,0.6000000000000001,55.0,70.0,30.0,0.9,0.8,0.5,0.30000000000000004,85.0,80.0,70.0,897,897,0,897,0.0,1.0598891482605899,1.0,1.0598891482605899,725,0.8082497212931996,1.0,1
"iteration_5","SCOPE_DATA_COLLECTION",200,37,2290.0,2350.0,2,1286,859,240,1295,864,279,1285,858,244,1,0,1,7.776049766718507E-4,0.0,0.004081632653061225,0.3570050661271465,1.056342341765969,2.05484593312959,0.714010132254293,1.056342341765969,1.3698972887530598,0.010894941634241245,0.7622377622377622,0.9959016393442623,72.5,100.0,2384,0,1,2,0,0,8.389261744966443E-4,0.0,0.0,0.35000000000000003,0.30000000000000004,0.1,0.6000000000000001,55.0,70.0,30.0,0.9,0.8,0.5,0.30000000000000004,85.0,80.0,70.0,242,242,0,242,0.0,2.0627173600787163,1.5,1.3751449067191441,242,1.0,1.0,1
"iteration_5","SCOPE_DATA_COLLECTION",200,38,2350.0,2410.0,0,1227,897,242,1286,859,240,1224,892,242,0,0,0,0.0,0.0,0.0,0.3548460526457629,1.0605734372721547,2.066535736253952,0.7096921052915258,1.0605734372721547,1.377690490835968,0.007352941176470588,0.8105381165919282,1.0,87.5,100.0,2359,7,0,0,0,0,0.0,0.0,0.0,0.9,0.8,0.5,0.30000000000000004,85.0,80.0,70.0,0.9,0.8,0.5,0.30000000000000004,85.0,80.0,70.0,1322,1321,1,1322,7.564296520423601E-4,0.35334928305428,0.5,0.70669856610856,4,0.003028009084027252,1.0,1
"iteration_5","SCOPE_DATA_COLLECTION",200,38,2350.0,2410.0,1,1227,897,242,1286,859,240,1224,892,242,0,0,0,0.0,0.0,0.0,0.3548460526457629,1.0605734372721547,2.066535736253952,0.7096921052915258,1.0605734372721547,1.377690490835968,0.007352941176470588,0.8105381165919282,1.0,87.5,100.0,2359,7,0,0,0,0,0.0,0.0,0.0,0.9,0.8,0.5,0.30000000000000004,85.0,80.0,70.0,0.9,0.8,0.5,0.30000000000000004,85.0,80.0,70.0,839,838,1,839,0.0011918951132300357,1.0608443078523555,1.0,1.0608443078523555,668,0.7971360381861575,1.0,1
"iteration_5","SCOPE_DATA_COLLECTION",200,38,2350.0,2410.0,2,1227,897,242,1286,859,240,1224,892,242,0,0,0,0.0,0.0,0.0,0.3548460526457629,1.0605734372721547,2.066535736253952,0.7096921052915258,1.0605734372721547,1.377690490835968,0.007352941176470588,0.8105381165919282,1.0,87.5,100.0,2359,7,0,0,0,0,0.0,0.0,0.0,0.9,0.8,0.5,0.30000000000000004,85.0,80.0,70.0,0.9,0.8,0.5,0.30000000000000004,85.0,80.0,70.0,229,229,0,229,0.0,2.0748572448137765,1.5,1.3832381632091844,229,1.0,1.0,1
"iteration_5","SCOPE_DATA_COLLECTION",200,39,2410.0,2470.0,0,1322,839,229,1227,897,242,1330,842,227,1,1,0,7.513148009015778E-4,0.0011862396204033216,0.0,0.3533789446007156,1.0608685167615297,2.072563238144453,0.7067578892014312,1.0608685167615297,1.3817088254296355,0.0030075187969924814,0.7957244655581948,1.0,62.5,100.0,2390,0,0,2,0,0,8.368200836820083E-4,0.0,0.0,0.9,0.8,0.5,0.30000000000000004,85.0,80.0,70.0,0.9,0.7000000000000001,0.4,0.2,85.0,70.0,80.0,1291,1290,1,1291,7.74593338497289E-4,0.3538374791122926,0.5,0.7076749582245851,7,0.005426356589147287,1.0,1
"iteration_5","SCOPE_DATA_COLLECTION",200,39,2410.0,2470.0,1,1322,839,229,1227,897,242,1330,842,227,1,1,0,7.513148009015778E-4,0.0011862396204033216,0.0,0.3533789446007156,1.0608685167615297,2.072563238144453,0.7067578892014312,1.0608685167615297,1.3817088254296355,0.0030075187969924814,0.7957244655581948,1.0,62.5,100.0,2390,0,0,2,0,0,8.368200836820083E-4,0.0,0.0,0.9,0.8,0.5,0.30000000000000004,85.0,80.0,70.0,0.9,0.7000000000000001,0.4,0.2,85.0,70.0,80.0,768,767,1,768,0.0013020833333333333,1.058713795832821,1.0,1.058713795832821,601,0.7835723598435462,1.0,1
"iteration_5","SCOPE_DATA_COLLECTION",200,39,2410.0,2470.0,2,1322,839,229,1227,897,242,1330,842,227,1,1,0,7.513148009015778E-4,0.0011862396204033216,0.0,0.3533789446007156,1.0608685167615297,2.072563238144453,0.7067578892014312,1.0608685167615297,1.3817088254296355,0.0030075187969924814,0.7957244655581948,1.0,62.5,100.0,2390,0,0,2,0,0,8.368200836820083E-4,0.0,0.0,0.9,0.8,0.5,0.30000000000000004,85.0,80.0,70.0,0.9,0.7000000000000001,0.4,0.2,85.0,70.0,80.0,231,231,0,231,0.0,2.065870177466212,1.5,1.3772467849774745,231,1.0,1.0,1
"iteration_5","SCOPE_DATA_COLLECTION",200,40,2470.0,2530.0,0,1291,768,231,1322,839,229,1289,767,237,1,1,0,7.751937984496124E-4,0.0013020833333333333,0.0,0.35382883706310325,1.0585154390948364,2.0662071759639185,0.7076576741262065,1.0585154390948364,1.3774714506426122,0.005430566330488751,0.7848761408083442,1.0,50.0,100.0,2290,0,0,2,0,0,8.733624454148472E-4,0.0,0.0,0.9,0.7000000000000001,0.4,0.2,85.0,70.0,80.0,0.8,0.6000000000000001,0.30000000000000004,0.30000000000000004,75.0,60.0,80.0,1294,1294,0,1294,0.0,0.35443570245031947,0.5,0.7088714049006389,8,0.0061823802163833074,1.0,1
"iteration_5","SCOPE_DATA_COLLECTION",200,40,2470.0,2530.0,1,1291,768,231,1322,839,229,1289,767,237,1,1,0,7.751937984496124E-4,0.0013020833333333333,0.0,0.35382883706310325,1.0585154390948364,2.0662071759639185,0.7076576741262065,1.0585154390948364,1.3774714506426122,0.005430566330488751,0.7848761408083442,1.0,50.0,100.0,2290,0,0,2,0,0,8.733624454148472E-4,0.0,0.0,0.9,0.7000000000000001,0.4,0.2,85.0,70.0,80.0,0.8,0.6000000000000001,0.30000000000000004,0.30000000000000004,75.0,60.0,80.0,902,901,1,902,0.0011086474501108647,1.062777806757876,1.0,1.062777806757876,714,0.7924528301886793,1.0,1
"iteration_5","SCOPE_DATA_COLLECTION",200,40,2470.0,2530.0,2,1291,768,231,1322,839,229,1289,767,237,1,1,0,7.751937984496124E-4,0.0013020833333333333,0.0,0.35382883706310325,1.0585154390948364,2.0662071759639185,0.7076576741262065,1.0585154390948364,1.3774714506426122,0.005430566330488751,0.7848761408083442,1.0,50.0,100.0,2290,0,0,2,0,0,8.733624454148472E-4,0.0,0.0,0.9,0.7000000000000001,0.4,0.2,85.0,70.0,80.0,0.8,0.6000000000000001,0.30000000000000004,0.30000000000000004,75.0,60.0,80.0,244,244,0,244,0.0,2.062897494553972,1.5,1.3752649963693147,244,1.0,1.0,1
"iteration_5","SCOPE_DATA_COLLECTION",200,41,2530.0,2590.0,0,1294,902,244,1291,768,231,1296,900,239,0,1,0,0.0,0.0011098779134295228,0.0,0.35446859967332095,1.0629083209609513,2.06470395993374,0.7089371993466419,1.0629083209609513,1.3764693066224931,0.006172839506172839,0.7955555555555556,1.0,67.5,100.0,2438,2,0,1,0,0,4.1017227235438887E-4,0.0,0.0,0.8,0.6000000000000001,0.30000000000000004,0.30000000000000004,75.0,60.0,80.0,0.7000000000000001,0.5,0.4,0.2,65.0,70.0,70.0,1334,1333,1,1334,7.496251874062968E-4,0.35202314874821833,0.5,0.7040462974964367,5,0.0037509377344336083,1.0,1
"iteration_5","SCOPE_DATA_COLLECTION",200,41,2530.0,2590.0,1,1294,902,244,1291,768,231,1296,900,239,0,1,0,0.0,0.0011098779134295228,0.0,0.35446859967332095,1.0629083209609513,2.06470395993374,0.7089371993466419,1.0629083209609513,1.3764693066224931,0.006172839506172839,0.7955555555555556,1.0,67.5,100.0,2438,2,0,1,0,0,4.1017227235438887E-4,0.0,0.0,0.8,0.6000000000000001,0.30000000000000004,0.30000000000000004,75.0,60.0,80.0,0.7000000000000001,0.5,0.4,0.2,65.0,70.0,70.0,807,807,0,807,0.0,1.0589592779296302,1.0,1.0589592779296302,633,0.7843866171003717,1.0,1
"iteration_5","SCOPE_DATA_COLLECTION",200,41,2530.0,2590.0,2,1294,902,244,1291,768,231,1296,900,239,0,1,0,0.0,0.0011098779134295228,0.0,0.35446859967332095,1.0629083209609513,2.06470395993374,0.7089371993466419,1.0629083209609513,1.3764693066224931,0.006172839506172839,0.7955555555555556,1.0,67.5,100.0,2438,2,0,1,0,0,4.1017227235438887E-4,0.0,0.0,0.8,0.6000000000000001,0.30000000000000004,0.30000000000000004,75.0,60.0,80.0,0.7000000000000001,0.5,0.4,0.2,65.0,70.0,70.0,268,268,0,268,0.0,2.066421296301097,1.5,1.3776141975340648,268,1.0,1.0,1
"iteration_5","SCOPE_DATA_COLLECTION",200,42,2590.0,2650.0,0,1334,807,268,1294,902,244,1328,810,270,1,0,0,7.524454477050414E-4,0.0,0.0,0.3520506786612861,1.0584797912110282,2.062183690967253,0.7041013573225722,1.0584797912110282,1.3747891273115018,0.0037650602409638554,0.7802469135802469,1.0,60.0,100.0,2401,5,3,1,0,0,4.1649312786339027E-4,0.0,0.0,0.7000000000000001,0.5,0.4,0.2,65.0,70.0,70.0,0.55,0.5,0.8,0.4,30.0,30.0,90.0,1323,1322,1,1323,7.558578987150416E-4,0.35389644279551,0.5,0.70779288559102,6,0.0045385779122541605,1.0,1
"iteration_5","SCOPE_DATA_COLLECTION",200,42,2590.0,2650.0,1,1334,807,268,1294,902,244,1328,810,270,1,0,0,7.524454477050414E-4,0.0,0.0,0.3520506786612861,1.0584797912110282,2.062183690967253,0.7041013573225722,1.0584797912110282,1.3747891273115018,0.0037650602409638554,0.7802469135802469,1.0,60.0,100.0,2401,5,3,1,0,0,4.1649312786339027E-4,0.0,0.0,0.7000000000000001,0.5,0.4,0.2,65.0,70.0,70.0,0.55,0.5,0.8,0.4,30.0,30.0,90.0,821,821,0,821,0.0,1.057867315114653,1.0,1.057867315114653,639,0.7783191230207065,1.0,1
"iteration_5","SCOPE_DATA_COLLECTION",200,42,2590.0,2650.0,2,1334,807,268,1294,902,244,1328,810,270,1,0,0,7.524454477050414E-4,0.0,0.0,0.3520506786612861,1.0584797912110282,2.062183690967253,0.7041013573225722,1.0584797912110282,1.3747891273115018,0.0037650602409638554,0.7802469135802469,1.0,60.0,100.0,2401,5,3,1,0,0,4.1649312786339027E-4,0.0,0.0,0.7000000000000001,0.5,0.4,0.2,65.0,70.0,70.0,0.55,0.5,0.8,0.4,30.0,30.0,90.0,270,270,0,270,0.0,2.0533946506241034,1.5,1.3689297670827356,269,0.9962962962962963,1.0,1
"iteration_5","SCOPE_DATA_COLLECTION",200,43,2650.0,2710.0,0,1323,821,270,1334,807,268,1323,821,261,1,0,0,7.552870090634441E-4,0.0,0.0,0.3538505202316522,1.0578369637273288,2.055168416204761,0.7077010404633044,1.0578369637273288,1.3701122774698407,0.0045351473922902496,0.7758830694275274,0.9961685823754789,82.5,100.0,2410,2,2,1,0,0,4.149377593360996E-4,0.0,0.0,0.55,0.5,0.8,0.4,30.0,30.0,90.0,0.55,0.6000000000000001,0.7000000000000001,0.5,20.0,30.0,95.0,1312,1310,2,1312,0.001524390243902439,0.35149491817792816,0.5,0.7029898363558563,2,0.0015267175572519084,1.0,1
"iteration_5","SCOPE_DATA_COLLECTION",200,43,2650.0,2710.0,1,1323,821,270,1334,807,268,1323,821,261,1,0,0,7.552870090634441E-4,0.0,0.0,0.3538505202316522,1.0578369637273288,2.055168416204761,0.7077010404633044,1.0578369637273288,1.3701122774698407,0.0045351473922902496,0.7758830694275274,0.9961685823754789,82.5,100.0,2410,2,2,1,0,0,4.149377593360996E-4,0.0,0.0,0.55,0.5,0.8,0.4,30.0,30.0,90.0,0.55,0.6000000000000001,0.7000000000000001,0.5,20.0,30.0,95.0,809,806,3,809,0.003708281829419036,1.059661511181642,1.0,1.059661511181642,657,0.815136476426799,1.0,1
"iteration_5","SCOPE_DATA_COLLECTION",200,43,2650.0,2710.0,2,1323,821,270,1334,807,268,1323,821,261,1,0,0,7.552870090634441E-4,0.0,0.0,0.3538505202316522,1.0578369637273288,2.055168416204761,0.7077010404633044,1.0578369637273288,1.3701122774698407,0.0045351473922902496,0.7758830694275274,0.9961685823754789,82.5,100.0,2410,2,2,1,0,0,4.149377593360996E-4,0.0,0.0,0.55,0.5,0.8,0.4,30.0,30.0,90.0,0.55,0.6000000000000001,0.7000000000000001,0.5,20.0,30.0,95.0,249,249,0,249,0.0,2.0639241173033347,1.5,1.3759494115355564,248,0.9959839357429718,1.0,1
"iteration_5","SCOPE_DATA_COLLECTION",200,44,2710.0,2770.0,0,1312,809,249,1323,821,270,1303,799,255,2,3,0,0.0015325670498084292,0.003740648379052369,0.0,0.3515137680581966,1.058665825124397,2.060359154425215,0.7030275361163932,1.058665825124397,1.3735727696168099,0.0015349194167306216,0.8135168961201502,0.996078431372549,90.0,100.0,2364,5,1,5,0,0,0.0021150592216582064,0.0,0.0,0.55,0.6000000000000001,0.7000000000000001,0.5,20.0,30.0,95.0,0.55,0.30000000000000004,0.6000000000000001,0.7000000000000001,35.0,90.0,70.0,1327,1326,1,1327,7.535795026375283E-4,0.3529643081740253,0.5,0.7059286163480506,5,0.003770739064856712,1.0,1
"iteration_5","SCOPE_DATA_COLLECTION",200,44,2710.0,2770.0,1,1312,809,249,1323,821,270,1303,799,255,2,3,0,0.0015325670498084292,0.003740648379052369,0.0,0.3515137680581966,1.058665825124397,2.060359154425215,0.7030275361163932,1.058665825124397,1.3735727696168099,0.0015349194167306216,0.8135168961201502,0.996078431372549,90.0,100.0,2364,5,1,5,0,0,0.0021150592216582064,0.0,0.0,0.55,0.6000000000000001,0.7000000000000001,0.5,20.0,30.0,95.0,0.55,0.30000000000000004,0.6000000000000001,0.7000000000000001,35.0,90.0,70.0,874,873,1,874,0.0011441647597254005,1.0512622563287515,1.0,1.0512622563287515,694,0.7949599083619702,1.0,1
"iteration_5","SCOPE_DATA_COLLECTION",200,44,2710.0,2770.0,2,1312,809,249,1323,821,270,1303,799,255,2,3,0,0.0015325670498084292,0.003740648379052369,0.0,0.3515137680581966,1.058665825124397,2.060359154425215,0.7030275361163932,1.058665825124397,1.3735727696168099,0.0015349194167306216,0.8135168961201502,0.996078431372549,90.0,100.0,2364,5,1,5,0,0,0.0021150592216582064,0.0,0.0,0.55,0.6000000000000001,0.7000000000000001,0.5,20.0,30.0,95.0,0.55,0.30000000000000004,0.6000000000000001,0.7000000000000001,35.0,90.0,70.0,281,280,1,281,0.0035587188612099642,2.05331431276639,1.5,1.3688762085109267,278,0.9928571428571429,1.0,1
"iteration_5","SCOPE_DATA_COLLECTION",200,45,2770.0,2830.0,0,1327,874,281,1312,809,249,1332,885,280,1,1,1,7.501875468867217E-4,0.001128668171557562,0.0035587188612099642,0.3528422561039621,1.0526827448610974,2.0539646635725033,0.7056845122079242,1.0526827448610974,1.3693097757150021,0.0037537537537537537,0.7977401129943503,0.9928571428571429,57.5,100.0,2462,12,8,3,0,0,0.0012185215272136475,0.0,0.0,0.55,0.30000000000000004,0.6000000000000001,0.7000000000000001,35.0,90.0,70.0,0.45,0.2,0.7000000000000001,0.6000000000000001,45.0,90.0,80.0,1319,1319,0,1319,0.0,0.35376705730861674,0.5,0.7075341146172335,3,0.002274450341167551,1.0,1
"iteration_5","SCOPE_DATA_COLLECTION",200,45,2770.0,2830.0,1,1327,874,281,1312,809,249,1332,885,280,1,1,1,7.501875468867217E-4,0.001128668171557562,0.0035587188612099642,0.3528422561039621,1.0526827448610974,2.0539646635725033,0.7056845122079242,1.0526827448610974,1.3693097757150021,0.0037537537537537537,0.7977401129943503,0.9928571428571429,57.5,100.0,2462,12,8,3,0,0,0.0012185215272136475,0.0,0.0,0.55,0.30000000000000004,0.6000000000000001,0.7000000000000001,35.0,90.0,70.0,0.45,0.2,0.7000000000000001,0.6000000000000001,45.0,90.0,80.0,848,847,1,848,0.0011792452830188679,1.060528166427479,1.0,1.060528166427479,682,0.8051948051948052,1.0,1
"iteration_5","SCOPE_DATA_COLLECTION",200,45,2770.0,2830.0,2,1327,874,281,1312,809,249,1332,885,280,1,1,1,7.501875468867217E-4,0.001128668171557562,0.0035587188612099642,0.3528422561039621,1.0526827448610974,2.0539646635725033,0.7056845122079242,1.0526827448610974,1.3693097757150021,0.0037537537537537537,0.7977401129943503,0.9928571428571429,57.5,100.0,2462,12,8,3,0,0,0.0012185215272136475,0.0,0.0,0.55,0.30000000000000004,0.6000000000000001,0.7000000000000001,35.0,90.0,70.0,0.45,0.2,0.7000000000000001,0.6000000000000001,45.0,90.0,80.0,241,240,1,241,0.004149377593360996,2.076697329414723,1.5,1.384464886276482,240,1.0,1.0,1
"iteration_5","SCOPE_DATA_COLLECTION",200,46,2830.0,2890.0,0,1319,848,241,1327,874,281,1321,844,244,0,1,1,0.0,0.001183431952662722,0.004081632653061225,0.35392130287638546,1.0602046188841834,2.0795466021502995,0.7078426057527709,1.0602046188841834,1.386364401433533,0.002271006813020439,0.8056872037914692,1.0,50.0,100.0,2408,0,0,2,0,0,8.305647840531562E-4,0.0,0.0,0.45,0.2,0.7000000000000001,0.6000000000000001,45.0,90.0,80.0,0.35000000000000003,0.2,0.8,0.7000000000000001,35.0,90.0,90.0,1302,1301,1,1302,7.680491551459293E-4,0.3536072163972751,0.5,0.7072144327945502,6,0.004611837048424289,1.0,1
"iteration_5","SCOPE_DATA_COLLECTION",200,46,2830.0,2890.0,1,1319,848,241,1327,874,281,1321,844,244,0,1,1,0.0,0.001183431952662722,0.004081632653061225,0.35392130287638546,1.0602046188841834,2.0795466021502995,0.7078426057527709,1.0602046188841834,1.386364401433533,0.002271006813020439,0.8056872037914692,1.0,50.0,100.0,2408,0,0,2,0,0,8.305647840531562E-4,0.0,0.0,0.45,0.2,0.7000000000000001,0.6000000000000001,45.0,90.0,80.0,0.35000000000000003,0.2,0.8,0.7000000000000001,35.0,90.0,90.0,858,858,0,858,0.0,1.0603792868849433,1.0,1.0603792868849433,670,0.7808857808857809,1.0,1
"iteration_5","SCOPE_DATA_COLLECTION",200,46,2830.0,2890.0,2,1319,848,241,1327,874,281,1321,844,244,0,1,1,0.0,0.001183431952662722,0.004081632653061225,0.35392130287638546,1.0602046188841834,2.0795466021502995,0.7078426057527709,1.0602046188841834,1.386364401433533,0.002271006813020439,0.8056872037914692,1.0,50.0,100.0,2408,0,0,2,0,0,8.305647840531562E-4,0.0,0.0,0.45,0.2,0.7000000000000001,0.6000000000000001,45.0,90.0,80.0,0.35000000000000003,0.2,0.8,0.7000000000000001,35.0,90.0,90.0,232,232,0,232,0.0,2.0554384326554294,1.5,1.3702922884369528,232,1.0,1.0,1
"iteration_5","SCOPE_DATA_COLLECTION",200,47,2890.0,2950.0,0,1302,858,232,1319,848,241,1300,857,227,1,0,0,7.686395080707148E-4,0.0,0.0,0.3535936055186067,1.0604644762429623,2.0588449072471073,0.7071872110372134,1.0604644762429623,1.3725632714980716,0.004615384615384616,0.7817969661610268,1.0,67.5,100.0,2392,0,0,1,0,0,4.180602006688963E-4,0.0,0.0,0.35000000000000003,0.2,0.8,0.7000000000000001,35.0,90.0,90.0,0.45,0.1,0.8,0.8,35.0,80.0,90.0,1347,1346,1,1347,7.423904974016332E-4,0.3637754711075939,0.5,0.7275509422151878,24,0.017830609212481426,1.0,1
"iteration_5","SCOPE_DATA_COLLECTION",200,47,2890.0,2950.0,1,1302,858,232,1319,848,241,1300,857,227,1,0,0,7.686395080707148E-4,0.0,0.0,0.3535936055186067,1.0604644762429623,2.0588449072471073,0.7071872110372134,1.0604644762429623,1.3725632714980716,0.004615384615384616,0.7817969661610268,1.0,67.5,100.0,2392,0,0,1,0,0,4.180602006688963E-4,0.0,0.0,0.35000000000000003,0.2,0.8,0.7000000000000001,35.0,90.0,90.0,0.45,0.1,0.8,0.8,35.0,80.0,90.0,787,786,1,787,0.0012706480304955528,1.062398890058703,1.0,1.062398890058703,619,0.787531806615776,1.0,1
"iteration_5","SCOPE_DATA_COLLECTION",200,47,2890.0,2950.0,2,1302,858,232,1319,848,241,1300,857,227,1,0,0,7.686395080707148E-4,0.0,0.0,0.3535936055186067,1.0604644762429623,2.0588449072471073,0.7071872110372134,1.0604644762429623,1.3725632714980716,0.004615384615384616,0.7817969661610268,1.0,67.5,100.0,2392,0,0,1,0,0,4.180602006688963E-4,0.0,0.0,0.35000000000000003,0.2,0.8,0.7000000000000001,35.0,90.0,90.0,0.45,0.1,0.8,0.8,35.0,80.0,90.0,298,296,2,298,0.006711409395973154,2.0591270462817137,1.5,1.372751364187809,296,1.0,1.0,1
"iteration_5","SCOPE_DATA_COLLECTION",200,48,2950.0,3010.0,0,1347,787,298,1302,858,232,1343,785,296,1,1,2,7.44047619047619E-4,0.001272264631043257,0.006711409395973154,0.3638089242108036,1.062686341118514,2.0566856215487137,0.7276178484216071,1.062686341118514,1.3711237476991425,0.017870439314966492,0.7885350318471338,1.0,70.0,100.0,2430,0,2,4,0,0,0.0016460905349794238,0.0,0.0,0.45,0.1,0.8,0.8,35.0,80.0,90.0,0.35000000000000003,0.2,0.9,0.9,45.0,80.0,95.0,1311,1311,0,1311,0.0,0.3537812750283744,0.5,0.7075625500567488,8,0.006102212051868803,1.0,1
"iteration_5","SCOPE_DATA_COLLECTION",200,48,2950.0,3010.0,1,1347,787,298,1302,858,232,1343,785,296,1,1,2,7.44047619047619E-4,0.001272264631043257,0.006711409395973154,0.3638089242108036,1.062686341118514,2.0566856215487137,0.7276178484216071,1.062686341118514,1.3711237476991425,0.017870439314966492,0.7885350318471338,1.0,70.0,100.0,2430,0,2,4,0,0,0.0016460905349794238,0.0,0.0,0.45,0.1,0.8,0.8,35.0,80.0,90.0,0.35000000000000003,0.2,0.9,0.9,45.0,80.0,95.0,791,791,0,791,0.0,1.0594128816153348,1.0,1.0594128816153348,644,0.8141592920353983,1.0,1
"iteration_5","SCOPE_DATA_COLLECTION",200,48,2950.0,3010.0,2,1347,787,298,1302,858,232,1343,785,296,1,1,2,7.44047619047619E-4,0.001272264631043257,0.006711409395973154,0.3638089242108036,1.062686341118514,2.0566856215487137,0.7276178484216071,1.062686341118514,1.3711237476991425,0.017870439314966492,0.7885350318471338,1.0,70.0,100.0,2430,0,2,4,0,0,0.0016460905349794238,0.0,0.0,0.45,0.1,0.8,0.8,35.0,80.0,90.0,0.35000000000000003,0.2,0.9,0.9,45.0,80.0,95.0,246,246,0,246,0.0,2.061812951738094,1.5,1.3745419678253958,246,1.0,1.0,1
"iteration_5","SCOPE_DATA_COLLECTION",200,49,3010.0,3070.0,0,1311,791,246,1347,787,298,1311,785,244,0,0,0,0.0,0.0,0.0,0.35370935317200697,1.0592202304738545,2.0612329910598093,0.7074187063440139,1.0592202304738545,1.3741553273732061,0.006102212051868803,0.8127388535031848,1.0,80.0,100.0,2348,0,0,0,0,0,0.0,0.0,0.0,0.35000000000000003,0.2,0.9,0.9,45.0,80.0,95.0,0.45,0.4,0.9,0.4,65.0,45.0,25.0,1270,1269,1,1270,7.874015748031496E-4,0.3546985958824499,0.5,0.7093971917648998,6,0.004728132387706856,1.0,1
"iteration_5","SCOPE_DATA_COLLECTION",200,49,3010.0,3070.0,1,1311,791,246,1347,787,298,1311,785,244,0,0,0,0.0,0.0,0.0,0.35370935317200697,1.0592202304738545,2.0612329910598093,0.7074187063440139,1.0592202304738545,1.3741553273732061,0.006102212051868803,0.8127388535031848,1.0,80.0,100.0,2348,0,0,0,0,0,0.0,0.0,0.0,0.35000000000000003,0.2,0.9,0.9,45.0,80.0,95.0,0.45,0.4,0.9,0.4,65.0,45.0,25.0,836,833,3,836,0.0035885167464114833,1.0555536630307403,1.0,1.0555536630307403,656,0.787515006002401,1.0,1
"iteration_5","SCOPE_DATA_COLLECTION",200,49,3010.0,3070.0,2,1311,791,246,1347,787,298,1311,785,244,0,0,0,0.0,0.0,0.0,0.35370935317200697,1.0592202304738545,2.0612329910598093,0.7074187063440139,1.0592202304738545,1.3741553273732061,0.006102212051868803,0.8127388535031848,1.0,80.0,100.0,2348,0,0,0,0,0,0.0,0.0,0.0,0.35000000000000003,0.2,0.9,0.9,45.0,80.0,95.0,0.45,0.4,0.9,0.4,65.0,45.0,25.0,273,273,0,273,0.0,2.051321231207695,1.5,1.3675474874717966,272,0.9963369963369964,1.0,1
"iteration_5","SCOPE_DATA_COLLECTION",200,50,3070.0,3130.0,0,1270,836,273,1311,791,246,1270,835,277,1,3,0,7.867820613690008E-4,0.003579952267303103,0.0,0.3547312342538704,1.0558218014425973,2.0544195706052824,0.7094624685077408,1.0558218014425973,1.3696130470701882,0.004724409448818898,0.7892215568862275,0.9963898916967509,67.5,100.0,2370,6,3,4,0,0,0.0016877637130801688,0.0,0.0,0.45,0.4,0.9,0.4,65.0,45.0,25.0,0.55,0.5,0.8,0.5,65.0,45.0,35.0,1381,1381,0,1381,0.0,0.35459374534506966,0.5,0.7091874906901393,8,0.005792903692976104,1.0,1
"iteration_5","SCOPE_DATA_COLLECTION",200,50,3070.0,3130.0,1,1270,836,273,1311,791,246,1270,835,277,1,3,0,7.867820613690008E-4,0.003579952267303103,0.0,0.3547312342538704,1.0558218014425973,2.0544195706052824,0.7094624685077408,1.0558218014425973,1.3696130470701882,0.004724409448818898,0.7892215568862275,0.9963898916967509,67.5,100.0,2370,6,3,4,0,0,0.0016877637130801688,0.0,0.0,0.45,0.4,0.9,0.4,65.0,45.0,25.0,0.55,0.5,0.8,0.5,65.0,45.0,35.0,814,813,1,814,0.0012285012285012285,1.0568012192703589,1.0,1.0568012192703589,633,0.7785977859778598,1.0,1
"iteration_5","SCOPE_DATA_COLLECTION",200,50,3070.0,3130.0,2,1270,836,273,1311,791,246,1270,835,277,1,3,0,7.867820613690008E-4,0.003579952267303103,0.0,0.3547312342538704,1.0558218014425973,2.0544195706052824,0.7094624685077408,1.0558218014425973,1.3696130470701882,0.004724409448818898,0.7892215568862275,0.9963898916967509,67.5,100.0,2370,6,3,4,0,0,0.0016877637130801688,0.0,0.0,0.45,0.4,0.9,0.4,65.0,45.0,25.0,0.55,0.5,0.8,0.5,65.0,45.0,35.0,254,254,0,254,0.0,2.0646884188724104,1.5,1.3764589459149403,254,1.0,1.0,1
"iteration_5","SCOPE_DATA_COLLECTION",200,51,3130.0,3190.0,0,1381,814,254,1270,836,273,1384,817,252,0,1,0,0.0,0.0012224938875305623,0.0,0.35461633566143913,1.0567944522391075,2.065781987087328,0.7092326713228783,1.0567944522391075,1.3771879913915521,0.005780346820809248,0.7772337821297429,1.0,60.0,100.0,2449,0,0,1,0,0,4.083299305839118E-4,0.0,0.0,0.55,0.5,0.8,0.5,65.0,45.0,35.0,0.8,0.4,0.30000000000000004,0.6000000000000001,40.0,60.0,25.0,1306,1306,0,1306,0.0,0.35380825002003063,0.5,0.7076165000400613,7,0.005359877488514548,1.0,1
"iteration_5","SCOPE_DATA_COLLECTION",200,51,3130.0,3190.0,1,1381,814,254,1270,836,273,1384,817,252,0,1,0,0.0,0.0012224938875305623,0.0,0.35461633566143913,1.0567944522391075,2.065781987087328,0.7092326713228783,1.0567944522391075,1.3771879913915521,0.005780346820809248,0.7772337821297429,1.0,60.0,100.0,2449,0,0,1,0,0,4.083299305839118E-4,0.0,0.0,0.55,0.5,0.8,0.5,65.0,45.0,35.0,0.8,0.4,0.30000000000000004,0.6000000000000001,40.0,60.0,25.0,808,808,0,808,0.0,1.0608714469743727,1.0,1.0608714469743727,634,0.7846534653465347,1.0,1
"iteration_5","SCOPE_DATA_COLLECTION",200,51,3130.0,3190.0,2,1381,814,254,1270,836,273,1384,817,252,0,1,0,0.0,0.0012224938875305623,0.0,0.35461633566143913,1.0567944522391075,2.065781987087328,0.7092326713228783,1.0567944522391075,1.3771879913915521,0.005780346820809248,0.7772337821297429,1.0,60.0,100.0,2449,0,0,1,0,0,4.083299305839118E-4,0.0,0.0,0.55,0.5,0.8,0.5,65.0,45.0,35.0,0.8,0.4,0.30000000000000004,0.6000000000000001,40.0,60.0,25.0,274,274,0,274,0.0,2.071245105137475,1.5,1.38083007009165,274,1.0,1.0,1
"iteration_5","SCOPE_DATA_COLLECTION",200,52,3190.0,3250.0,0,1306,808,274,1381,814,254,1301,812,275,0,0,0,0.0,0.0,0.0,0.3537142423132635,1.0603280331068334,2.0673585208806484,0.707428484626527,1.0603280331068334,1.3782390139204324,0.005380476556495004,0.7832512315270936,1.0,52.5,100.0,2383,4,1,0,0,0,0.0,0.0,0.0,0.8,0.4,0.30000000000000004,0.6000000000000001,40.0,60.0,25.0,0.30000000000000004,0.6000000000000001,0.1,0.6000000000000001,95.0,60.0,70.0,1329,1327,2,1329,0.0015048908954100827,0.3515308781918724,0.5,0.7030617563837448,3,0.002260738507912585,1.0,1
"iteration_5","SCOPE_DATA_COLLECTION",200,52,3190.0,3250.0,1,1306,808,274,1381,814,254,1301,812,275,0,0,0,0.0,0.0,0.0,0.3537142423132635,1.0603280331068334,2.0673585208806484,0.707428484626527,1.0603280331068334,1.3782390139204324,0.005380476556495004,0.7832512315270936,1.0,52.5,100.0,2383,4,1,0,0,0,0.0,0.0,0.0,0.8,0.4,0.30000000000000004,0.6000000000000001,40.0,60.0,25.0,0.30000000000000004,0.6000000000000001,0.1,0.6000000000000001,95.0,60.0,70.0,833,833,0,833,0.0,1.054215927661973,1.0,1.054215927661973,652,0.7827130852340937,1.0,1
"iteration_5","SCOPE_DATA_COLLECTION",200,52,3190.0,3250.0,2,1306,808,274,1381,814,254,1301,812,275,0,0,0,0.0,0.0,0.0,0.3537142423132635,1.0603280331068334,2.0673585208806484,0.707428484626527,1.0603280331068334,1.3782390139204324,0.005380476556495004,0.7832512315270936,1.0,52.5,100.0,2383,4,1,0,0,0,0.0,0.0,0.0,0.8,0.4,0.30000000000000004,0.6000000000000001,40.0,60.0,25.0,0.30000000000000004,0.6000000000000001,0.1,0.6000000000000001,95.0,60.0,70.0,279,279,0,279,0.0,2.0421621000809376,1.5,1.3614414000539583,276,0.989247311827957,1.0,1
"iteration_5","SCOPE_DATA_COLLECTION",200,53,3250.0,3310.0,0,1329,833,279,1306,808,274,1327,828,278,2,0,0,0.0015048908954100827,0.0,0.0,0.35158234021420803,1.0542040572446076,2.0404076129716633,0.7031646804284161,1.0542040572446076,1.3602717419811088,0.002260738507912585,0.782608695652174,0.9892086330935251,70.0,100.0,2429,5,7,2,0,0,8.233841086867024E-4,0.0,0.0,0.30000000000000004,0.6000000000000001,0.1,0.6000000000000001,95.0,60.0,70.0,0.2,0.7000000000000001,0.1,0.6000000000000001,95.0,70.0,70.0,1324,1324,0,1324,0.0,0.3524606353329717,0.5,0.7049212706659433,6,0.004531722054380665,1.0,1
"iteration_5","SCOPE_DATA_COLLECTION",200,53,3250.0,3310.0,1,1329,833,279,1306,808,274,1327,828,278,2,0,0,0.0015048908954100827,0.0,0.0,0.35158234021420803,1.0542040572446076,2.0404076129716633,0.7031646804284161,1.0542040572446076,1.3602717419811088,0.002260738507912585,0.782608695652174,0.9892086330935251,70.0,100.0,2429,5,7,2,0,0,8.233841086867024E-4,0.0,0.0,0.30000000000000004,0.6000000000000001,0.1,0.6000000000000001,95.0,60.0,70.0,0.2,0.7000000000000001,0.1,0.6000000000000001,95.0,70.0,70.0,840,839,1,840,0.0011904761904761906,1.052667235791727,1.0,1.052667235791727,646,0.7699642431466031,1.0,1
"iteration_5","SCOPE_DATA_COLLECTION",200,53,3250.0,3310.0,2,1329,833,279,1306,808,274,1327,828,278,2,0,0,0.0015048908954100827,0.0,0.0,0.35158234021420803,1.0542040572446076,2.0404076129716633,0.7031646804284161,1.0542040572446076,1.3602717419811088,0.002260738507912585,0.782608695652174,0.9892086330935251,70.0,100.0,2429,5,7,2,0,0,8.233841086867024E-4,0.0,0.0,0.30000000000000004,0.6000000000000001,0.1,0.6000000000000001,95.0,60.0,70.0,0.2,0.7000000000000001,0.1,0.6000000000000001,95.0,70.0,70.0,286,286,0,286,0.0,2.0613517776363697,1.5,1.3742345184242464,285,0.9965034965034965,1.0,1
"iteration_5","SCOPE_DATA_COLLECTION",200,54,3310.0,3370.0,0,1324,840,286,1329,833,279,1329,834,284,0,1,0,0.0,0.0011976047904191617,0.0,0.3524648865927418,1.0530544461870108,2.0656200922836083,0.7049297731854836,1.0530544461870108,1.3770800615224055,0.004514672686230248,0.7721822541966427,0.9964788732394366,87.5,100.0,2444,0,6,1,0,0,4.091653027823241E-4,0.0,0.0,0.2,0.7000000000000001,0.1,0.6000000000000001,95.0,70.0,70.0,0.1,0.8,0.1,0.6000000000000001,95.0,60.0,60.0,1404,1401,3,1404,0.002136752136752137,0.35259719197772504,0.5,0.7051943839554501,7,0.004996431120628123,1.0,1
"iteration_5","SCOPE_DATA_COLLECTION",200,54,3310.0,3370.0,1,1324,840,286,1329,833,279,1329,834,284,0,1,0,0.0,0.0011976047904191617,0.0,0.3524648865927418,1.0530544461870108,2.0656200922836083,0.7049297731854836,1.0530544461870108,1.3770800615224055,0.004514672686230248,0.7721822541966427,0.9964788732394366,87.5,100.0,2444,0,6,1,0,0,4.091653027823241E-4,0.0,0.0,0.2,0.7000000000000001,0.1,0.6000000000000001,95.0,70.0,70.0,0.1,0.8,0.1,0.6000000000000001,95.0,60.0,60.0,846,845,1,846,0.001182033096926714,1.0548638527690295,1.0,1.0548638527690295,642,0.7597633136094675,1.0,1
"iteration_5","SCOPE_DATA_COLLECTION",200,54,3310.0,3370.0,2,1324,840,286,1329,833,279,1329,834,284,0,1,0,0.0,0.0011976047904191617,0.0,0.3524648865927418,1.0530544461870108,2.0656200922836083,0.7049297731854836,1.0530544461870108,1.3770800615224055,0.004514672686230248,0.7721822541966427,0.9964788732394366,87.5,100.0,2444,0,6,1,0,0,4.091653027823241E-4,0.0,0.0,0.2,0.7000000000000001,0.1,0.6000000000000001,95.0,70.0,70.0,0.1,0.8,0.1,0.6000000000000001,95.0,60.0,60.0,246,246,0,246,0.0,2.0688777758212336,1.5,1.3792518505474891,246,1.0,1.0,1
"iteration_5","SCOPE_DATA_COLLECTION",200,55,3370.0,3430.0,0,1404,846,246,1324,840,286,1399,855,252,3,1,0,0.0021398002853067048,0.0011682242990654205,0.0,0.3525885147108204,1.0542864981003912,2.0647583584875684,0.7051770294216408,1.0542864981003912,1.3765055723250457,0.005003573981415297,0.7567251461988304,1.0,57.5,100.0,2493,0,3,4,0,0,0.001604492579221821,0.0,0.0,0.1,0.8,0.1,0.6000000000000001,95.0,60.0,60.0,0.15000000000000002,0.6000000000000001,0.5,0.9,20.0,50.0,30.0,1331,1329,2,1331,0.0015026296018031556,0.35464979318524703,0.5,0.7092995863704941,8,0.006019563581640331,1.0,1
"iteration_5","SCOPE_DATA_COLLECTION",200,55,3370.0,3430.0,1,1404,846,246,1324,840,286,1399,855,252,3,1,0,0.0021398002853067048,0.0011682242990654205,0.0,0.3525885147108204,1.0542864981003912,2.0647583584875684,0.7051770294216408,1.0542864981003912,1.3765055723250457,0.005003573981415297,0.7567251461988304,1.0,57.5,100.0,2493,0,3,4,0,0,0.001604492579221821,0.0,0.0,0.1,0.8,0.1,0.6000000000000001,95.0,60.0,60.0,0.15000000000000002,0.6000000000000001,0.5,0.9,20.0,50.0,30.0,839,838,1,839,0.0011918951132300357,1.0566515974783774,1.0,1.0566515974783774,653,0.779236276849642,1.0,1
"iteration_5","SCOPE_DATA_COLLECTION",200,55,3370.0,3430.0,2,1404,846,246,1324,840,286,1399,855,252,3,1,0,0.0021398002853067048,0.0011682242990654205,0.0,0.3525885147108204,1.0542864981003912,2.0647583584875684,0.7051770294216408,1.0542864981003912,1.3765055723250457,0.005003573981415297,0.7567251461988304,1.0,57.5,100.0,2493,0,3,4,0,0,0.001604492579221821,0.0,0.0,0.1,0.8,0.1,0.6000000000000001,95.0,60.0,60.0,0.15000000000000002,0.6000000000000001,0.5,0.9,20.0,50.0,30.0,287,287,0,287,0.0,2.0661440889542013,1.5,1.3774293926361343,287,1.0,1.0,1
"iteration_5","SCOPE_DATA_COLLECTION",200,56,3430.0,3490.0,0,1331,839,287,1404,846,246,1328,829,286,2,1,0,0.0015037593984962407,0.0012048192771084338,0.0,0.35455763378629657,1.057013905861755,2.0666445858622486,0.7091152675725931,1.057013905861755,1.3777630572414992,0.006024096385542169,0.7804583835946924,1.0,75.0,100.0,2452,1,4,3,0,0,0.0012234910277324632,0.0,0.0,0.15000000000000002,0.6000000000000001,0.5,0.9,20.0,50.0,30.0,0.9500000000000001,0.5,0.2,0.30000000000000004,30.0,20.0,95.0,1333,1331,2,1333,0.0015003750937734434,0.3555254137475634,0.5,0.7110508274951268,6,0.004507888805409466,1.0,1
"iteration_5","SCOPE_DATA_COLLECTION",200,56,3430.0,3490.0,1,1331,839,287,1404,846,246,1328,829,286,2,1,0,0.0015037593984962407,0.0012048192771084338,0.0,0.35455763378629657,1.057013905861755,2.0666445858622486,0.7091152675725931,1.057013905861755,1.3777630572414992,0.006024096385542169,0.7804583835946924,1.0,75.0,100.0,2452,1,4,3,0,0,0.0012234910277324632,0.0,0.0,0.15000000000000002,0.6000000000000001,0.5,0.9,20.0,50.0,30.0,0.9500000000000001,0.5,0.2,0.30000000000000004,30.0,20.0,95.0,835,835,0,835,0.0,1.0551969622237085,1.0,1.0551969622237085,642,0.7688622754491018,1.0,1
"iteration_5","SCOPE_DATA_COLLECTION",200,56,3430.0,3490.0,2,1331,839,287,1404,846,246,1328,829,286,2,1,0,0.0015037593984962407,0.0012048192771084338,0.0,0.35455763378629657,1.057013905861755,2.0666445858622486,0.7091152675725931,1.057013905861755,1.3777630572414992,0.006024096385542169,0.7804583835946924,1.0,75.0,100.0,2452,1,4,3,0,0,0.0012234910277324632,0.0,0.0,0.15000000000000002,0.6000000000000001,0.5,0.9,20.0,50.0,30.0,0.9500000000000001,0.5,0.2,0.30000000000000004,30.0,20.0,95.0,284,283,1,284,0.0035211267605633804,2.047840490195527,1.5,1.3652269934636847,282,0.9964664310954063,1.0,1
"iteration_5","SCOPE_DATA_COLLECTION",200,57,3490.0,3550.0,0,1333,835,284,1331,839,287,1334,840,281,2,0,1,0.0014970059880239522,0.0,0.0035460992907801418,0.35560544562114016,1.055270061310921,2.048219744085349,0.7112108912422803,1.055270061310921,1.3654798293902326,0.004497751124437781,0.7690476190476191,0.99644128113879,62.5,100.0,2448,4,0,3,0,0,0.0012254901960784314,0.0,0.0,0.9500000000000001,0.5,0.2,0.30000000000000004,30.0,20.0,95.0,0.8500000000000001,0.6000000000000001,0.30000000000000004,0.2,20.0,20.0,95.0,1383,1383,0,1383,0.0,0.35359458991303766,0.5,0.7071891798260753,5,0.0036153289949385392,1.0,1
"iteration_5","SCOPE_DATA_COLLECTION",200,57,3490.0,3550.0,1,1333,835,284,1331,839,287,1334,840,281,2,0,1,0.0014970059880239522,0.0,0.0035460992907801418,0.35560544562114016,1.055270061310921,2.048219744085349,0.7112108912422803,1.055270061310921,1.3654798293902326,0.004497751124437781,0.7690476190476191,0.99644128113879,62.5,100.0,2448,4,0,3,0,0,0.0012254901960784314,0.0,0.0,0.9500000000000001,0.5,0.2,0.30000000000000004,30.0,20.0,95.0,0.8500000000000001,0.6000000000000001,0.30000000000000004,0.2,20.0,20.0,95.0,839,839,0,839,0.0,1.0537844569026362,1.0,1.0537844569026362,658,0.7842669845053635,1.0,1
"iteration_5","SCOPE_DATA_COLLECTION",200,57,3490.0,3550.0,2,1333,835,284,1331,839,287,1334,840,281,2,0,1,0.0014970059880239522,0.0,0.0035460992907801418,0.35560544562114016,1.055270061310921,2.048219744085349,0.7112108912422803,1.055270061310921,1.3654798293902326,0.004497751124437781,0.7690476190476191,0.99644128113879,62.5,100.0,2448,4,0,3,0,0,0.0012254901960784314,0.0,0.0,0.9500000000000001,0.5,0.2,0.30000000000000004,30.0,20.0,95.0,0.8500000000000001,0.6000000000000001,0.30000000000000004,0.2,20.0,20.0,95.0,252,252,0,252,0.0,2.053007532452479,1.5,1.3686716883016528,252,1.0,1.0,1
"iteration_5","SCOPE_DATA_COLLECTION",200,58,3550.0,3618.3338753875364,0,1383,839,252,1333,835,284,1379,842,248,0,0,0,0.0,0.0,0.0,0.35363278112160834,1.054100203967468,2.0500589552150283,0.7072655622432167,1.054100203967468,1.3667059701433522,0.0036258158085569255,0.7874109263657957,1.0,77.5,100.0,2469,4,1,0,0,0,0.0,0.0,0.0,0.8500000000000001,0.6000000000000001,0.30000000000000004,0.2,20.0,20.0,95.0,0.8500000000000001,0.6000000000000001,0.30000000000000004,0.2,20.0,20.0,95.0,1087,1079,1,1080,9.25925925925926E-4,0.352196004768342,0.5,0.704392009536684,2,0.0018535681186283596,0.9935602575896965,0
"iteration_5","SCOPE_DATA_COLLECTION",200,58,3550.0,3618.3338753875364,1,1383,839,252,1333,835,284,1379,842,248,0,0,0,0.0,0.0,0.0,0.35363278112160834,1.054100203967468,2.0500589552150283,0.7072655622432167,1.054100203967468,1.3667059701433522,0.0036258158085569255,0.7874109263657957,1.0,77.5,100.0,2469,4,1,0,0,0,0.0,0.0,0.0,0.8500000000000001,0.6000000000000001,0.30000000000000004,0.2,20.0,20.0,95.0,0.8500000000000001,0.6000000000000001,0.30000000000000004,0.2,20.0,20.0,95.0,651,636,0,636,0.0,1.0546831421304919,1.0,1.0546831421304919,492,0.7735849056603774,0.9769585253456221,0
"iteration_5","SCOPE_DATA_COLLECTION",200,58,3550.0,3618.3338753875364,2,1383,839,252,1333,835,284,1379,842,248,0,0,0,0.0,0.0,0.0,0.35363278112160834,1.054100203967468,2.0500589552150283,0.7072655622432167,1.054100203967468,1.3667059701433522,0.0036258158085569255,0.7874109263657957,1.0,77.5,100.0,2469,4,1,0,0,0,0.0,0.0,0.0,0.8500000000000001,0.6000000000000001,0.30000000000000004,0.2,20.0,20.0,95.0,0.8500000000000001,0.6000000000000001,0.30000000000000004,0.2,20.0,20.0,95.0,191,182,1,183,0.00546448087431694,2.055897659764921,1.5,1.3705984398432804,182,1.0,0.9581151832460733,0
"iteration_5","SCOPE_DATA_COLLECTION",300,0,70.0,130.0,0,1585,1198,366,0,0,0,1573,1174,355,2,0,0,0.0012698412698412698,0.0,0.0,0.34292811966193393,1.0137485475799433,1.9940368718448218,0.6858562393238679,1.0137485475799433,1.3293579145632146,0.02670057215511761,0.7504258943781942,0.9549295774647887,90.0,100.0,2928,142,79,2,0,0,6.830601092896175E-4,0.0,0.0,0.6,0.5,0.7,0.4,85.0,80.0,90.0,0.4,0.2,0.7000000000000001,0.2,55.0,85.0,55.0,1720,1720,0,1720,0.0,0.35641898040712416,0.5,0.7128379608142483,85,0.04941860465116279,1.0,1
"iteration_5","SCOPE_DATA_COLLECTION",300,0,70.0,130.0,1,1585,1198,366,0,0,0,1573,1174,355,2,0,0,0.0012698412698412698,0.0,0.0,0.34292811966193393,1.0137485475799433,1.9940368718448218,0.6858562393238679,1.0137485475799433,1.3293579145632146,0.02670057215511761,0.7504258943781942,0.9549295774647887,90.0,100.0,2928,142,79,2,0,0,6.830601092896175E-4,0.0,0.0,0.6,0.5,0.7,0.4,85.0,80.0,90.0,0.4,0.2,0.7000000000000001,0.2,55.0,85.0,55.0,1308,1307,1,1308,7.645259938837921E-4,1.0009013881590973,1.0,1.0009013881590973,965,0.7383320581484315,1.0,1
"iteration_5","SCOPE_DATA_COLLECTION",300,0,70.0,130.0,2,1585,1198,366,0,0,0,1573,1174,355,2,0,0,0.0012698412698412698,0.0,0.0,0.34292811966193393,1.0137485475799433,1.9940368718448218,0.6858562393238679,1.0137485475799433,1.3293579145632146,0.02670057215511761,0.7504258943781942,0.9549295774647887,90.0,100.0,2928,142,79,2,0,0,6.830601092896175E-4,0.0,0.0,0.6,0.5,0.7,0.4,85.0,80.0,90.0,0.4,0.2,0.7000000000000001,0.2,55.0,85.0,55.0,436,436,0,436,0.0,1.9167494303892443,1.5,1.2778329535928294,398,0.9128440366972477,1.0,1
"iteration_5","SCOPE_DATA_COLLECTION",300,1,130.0,190.0,0,1720,1308,436,1585,1198,366,1720,1308,432,0,1,0,0.0,7.639419404125286E-4,0.0,0.3564184506197147,1.0017989902209483,1.9142692993229535,0.7128369012394294,1.0017989902209483,1.276179532881969,0.04941860465116279,0.7385321100917431,0.9120370370370371,90.0,100.0,3205,107,152,1,0,0,3.1201248049921997E-4,0.0,0.0,0.4,0.2,0.7000000000000001,0.2,55.0,85.0,55.0,0.4,0.2,0.8,0.1,65.0,95.0,45.0,1741,1739,2,1741,0.0011487650775416428,0.3589036836348957,0.5,0.7178073672697914,80,0.04600345025876941,1.0,1
"iteration_5","SCOPE_DATA_COLLECTION",300,1,130.0,190.0,1,1720,1308,436,1585,1198,366,1720,1308,432,0,1,0,0.0,7.639419404125286E-4,0.0,0.3564184506197147,1.0017989902209483,1.9142692993229535,0.7128369012394294,1.0017989902209483,1.276179532881969,0.04941860465116279,0.7385321100917431,0.9120370370370371,90.0,100.0,3205,107,152,1,0,0,3.1201248049921997E-4,0.0,0.0,0.4,0.2,0.7000000000000001,0.2,55.0,85.0,55.0,0.4,0.2,0.8,0.1,65.0,95.0,45.0,1362,1361,1,1362,7.342143906020558E-4,1.014621802052225,1.0,1.014621802052225,1023,0.75165319617928,1.0,1
"iteration_5","SCOPE_DATA_COLLECTION",300,1,130.0,190.0,2,1720,1308,436,1585,1198,366,1720,1308,432,0,1,0,0.0,7.639419404125286E-4,0.0,0.3564184506197147,1.0017989902209483,1.9142692993229535,0.7128369012394294,1.0017989902209483,1.276179532881969,0.04941860465116279,0.7385321100917431,0.9120370370370371,90.0,100.0,3205,107,152,1,0,0,3.1201248049921997E-4,0.0,0.0,0.4,0.2,0.7000000000000001,0.2,55.0,85.0,55.0,0.4,0.2,0.8,0.1,65.0,95.0,45.0,392,392,0,392,0.0,1.9445227832234813,1.5,1.2963485221489874,364,0.9285714285714286,1.0,1
"iteration_5","SCOPE_DATA_COLLECTION",300,2,190.0,250.0,0,1741,1362,392,1720,1308,436,1741,1365,391,2,1,0,0.0011474469305794606,7.320644216691069E-4,0.0,0.35874870615322835,1.014569872569073,1.9425494425442793,0.7174974123064567,1.014569872569073,1.2950329616961862,0.04595060310166571,0.7516483516483516,0.928388746803069,90.0,100.0,3273,90,132,2,1,0,6.110601894286587E-4,0.011111111111111112,0.0,0.4,0.2,0.8,0.1,65.0,95.0,45.0,0.6000000000000001,0.9,0.2,0.2,80.0,20.0,85.0,1705,1703,2,1705,0.0011730205278592375,0.34373397823916296,0.5,0.6874679564783259,50,0.029359953024075163,1.0,1
"iteration_5","SCOPE_DATA_COLLECTION",300,2,190.0,250.0,1,1741,1362,392,1720,1308,436,1741,1365,391,2,1,0,0.0011474469305794606,7.320644216691069E-4,0.0,0.35874870615322835,1.014569872569073,1.9425494425442793,0.7174974123064567,1.014569872569073,1.2950329616961862,0.04595060310166571,0.7516483516483516,0.928388746803069,90.0,100.0,3273,90,132,2,1,0,6.110601894286587E-4,0.011111111111111112,0.0,0.4,0.2,0.8,0.1,65.0,95.0,45.0,0.6000000000000001,0.9,0.2,0.2,80.0,20.0,85.0,1280,1277,3,1280,0.00234375,0.9977901899907587,1.0,0.9977901899907587,942,0.7376664056382146,1.0,1
"iteration_5","SCOPE_DATA_COLLECTION",300,2,190.0,250.0,2,1741,1362,392,1720,1308,436,1741,1365,391,2,1,0,0.0011474469305794606,7.320644216691069E-4,0.0,0.35874870615322835,1.014569872569073,1.9425494425442793,0.7174974123064567,1.014569872569073,1.2950329616961862,0.04595060310166571,0.7516483516483516,0.928388746803069,90.0,100.0,3273,90,132,2,1,0,6.110601894286587E-4,0.011111111111111112,0.0,0.4,0.2,0.8,0.1,65.0,95.0,45.0,0.6000000000000001,0.9,0.2,0.2,80.0,20.0,85.0,444,444,0,444,0.0,1.9491486206636832,1.5,1.2994324137757889,412,0.9279279279279279,1.0,1
"iteration_5","SCOPE_DATA_COLLECTION",300,3,250.0,310.0,0,1705,1280,444,1741,1362,392,1703,1273,444,2,3,0,0.0011730205278592375,0.0023510971786833857,0.0,0.3439015489748543,0.9970582921977629,1.9497380007499332,0.6878030979497086,0.9970582921977629,1.2998253338332888,0.029359953024075163,0.7376276512175962,0.9279279279279279,90.0,100.0,3137,167,125,5,0,0,0.0015938795027095952,0.0,0.0,0.6000000000000001,0.9,0.2,0.2,80.0,20.0,85.0,0.6000000000000001,0.8,0.2,0.30000000000000004,70.0,30.0,85.0,1731,1729,2,1731,0.0011554015020219526,0.34524148184098186,0.5,0.6904829636819637,62,0.035858877964141125,1.0,1
"iteration_5","SCOPE_DATA_COLLECTION",300,3,250.0,310.0,1,1705,1280,444,1741,1362,392,1703,1273,444,2,3,0,0.0011730205278592375,0.0023510971786833857,0.0,0.3439015489748543,0.9970582921977629,1.9497380007499332,0.6878030979497086,0.9970582921977629,1.2998253338332888,0.029359953024075163,0.7376276512175962,0.9279279279279279,90.0,100.0,3137,167,125,5,0,0,0.0015938795027095952,0.0,0.0,0.6000000000000001,0.9,0.2,0.2,80.0,20.0,85.0,0.6000000000000001,0.8,0.2,0.30000000000000004,70.0,30.0,85.0,1298,1298,0,1298,0.0,0.9919843435288631,1.0,0.9919843435288631,956,0.736517719568567,1.0,1
"iteration_5","SCOPE_DATA_COLLECTION",300,3,250.0,310.0,2,1705,1280,444,1741,1362,392,1703,1273,444,2,3,0,0.0011730205278592375,0.0023510971786833857,0.0,0.3439015489748543,0.9970582921977629,1.9497380007499332,0.6878030979497086,0.9970582921977629,1.2998253338332888,0.029359953024075163,0.7376276512175962,0.9279279279279279,90.0,100.0,3137,167,125,5,0,0,0.0015938795027095952,0.0,0.0,0.6000000000000001,0.9,0.2,0.2,80.0,20.0,85.0,0.6000000000000001,0.8,0.2,0.30000000000000004,70.0,30.0,85.0,418,417,1,418,0.0023923444976076554,1.9469707479020057,1.5,1.2979804986013372,387,0.9280575539568345,1.0,1
"iteration_5","SCOPE_DATA_COLLECTION",300,4,310.0,370.0,0,1731,1298,418,1705,1280,444,1725,1303,421,2,0,1,0.0011580775911986102,0.0,0.002369668246445498,0.34517937651647923,0.992349011640493,1.949355870349106,0.6903587530329585,0.992349011640493,1.2995705802327373,0.035942028985507246,0.7375287797390637,0.9287410926365796,80.0,100.0,3147,174,126,3,0,0,9.532888465204957E-4,0.0,0.0,0.6000000000000001,0.8,0.2,0.30000000000000004,70.0,30.0,85.0,0.6000000000000001,0.7000000000000001,0.30000000000000004,0.30000000000000004,80.0,20.0,85.0,1712,1712,0,1712,0.0,0.34732170543821866,0.5,0.6946434108764373,59,0.0344626168224299,1.0,1
"iteration_5","SCOPE_DATA_COLLECTION",300,4,310.0,370.0,1,1731,1298,418,1705,1280,444,1725,1303,421,2,0,1,0.0011580775911986102,0.0,0.002369668246445498,0.34517937651647923,0.992349011640493,1.949355870349106,0.6903587530329585,0.992349011640493,1.2995705802327373,0.035942028985507246,0.7375287797390637,0.9287410926365796,80.0,100.0,3147,174,126,3,0,0,9.532888465204957E-4,0.0,0.0,0.6000000000000001,0.8,0.2,0.30000000000000004,70.0,30.0,85.0,0.6000000000000001,0.7000000000000001,0.30000000000000004,0.30000000000000004,80.0,20.0,85.0,1274,1274,0,1274,0.0,0.9992651102797665,1.0,0.9992651102797665,955,0.749607535321821,1.0,1
"iteration_5","SCOPE_DATA_COLLECTION",300,4,310.0,370.0,2,1731,1298,418,1705,1280,444,1725,1303,421,2,0,1,0.0011580775911986102,0.0,0.002369668246445498,0.34517937651647923,0.992349011640493,1.949355870349106,0.6903587530329585,0.992349011640493,1.2995705802327373,0.035942028985507246,0.7375287797390637,0.9287410926365796,80.0,100.0,3147,174,126,3,0,0,9.532888465204957E-4,0.0,0.0,0.6000000000000001,0.8,0.2,0.30000000000000004,70.0,30.0,85.0,0.6000000000000001,0.7000000000000001,0.30000000000000004,0.30000000000000004,80.0,20.0,85.0,458,457,1,458,0.002183406113537118,1.9150482834365465,1.5,1.2766988556243644,416,0.9102844638949672,1.0,1
"iteration_5","SCOPE_DATA_COLLECTION",300,5,370.0,430.0,0,1712,1274,458,1731,1298,418,1712,1269,449,0,0,1,0.0,0.0,0.0022222222222222222,0.34723922152257486,1.000792853784232,1.911816517808405,0.6944784430451497,1.000792853784232,1.2745443452056033,0.03387850467289719,0.7494089834515366,0.9086859688195991,90.0,100.0,3151,158,135,1,0,0,3.1735956839098697E-4,0.0,0.0,0.6000000000000001,0.7000000000000001,0.30000000000000004,0.30000000000000004,80.0,20.0,85.0,0.2,0.4,0.7000000000000001,0.7000000000000001,80.0,55.0,40.0,1723,1721,2,1723,0.0011607661056297156,0.3481153570944218,0.5,0.6962307141888436,49,0.028471818710052294,1.0,1
"iteration_5","SCOPE_DATA_COLLECTION",300,5,370.0,430.0,1,1712,1274,458,1731,1298,418,1712,1269,449,0,0,1,0.0,0.0,0.0022222222222222222,0.34723922152257486,1.000792853784232,1.911816517808405,0.6944784430451497,1.000792853784232,1.2745443452056033,0.03387850467289719,0.7494089834515366,0.9086859688195991,90.0,100.0,3151,158,135,1,0,0,3.1735956839098697E-4,0.0,0.0,0.6000000000000001,0.7000000000000001,0.30000000000000004,0.30000000000000004,80.0,20.0,85.0,0.2,0.4,0.7000000000000001,0.7000000000000001,80.0,55.0,40.0,1263,1262,1,1263,7.91765637371338E-4,1.0183366343657956,1.0,1.0183366343657956,951,0.7535657686212361,1.0,1
"iteration_5","SCOPE_DATA_COLLECTION",300,5,370.0,430.0,2,1712,1274,458,1731,1298,418,1712,1269,449,0,0,1,0.0,0.0,0.0022222222222222222,0.34723922152257486,1.000792853784232,1.911816517808405,0.6944784430451497,1.000792853784232,1.2745443452056033,0.03387850467289719,0.7494089834515366,0.9086859688195991,90.0,100.0,3151,158,135,1,0,0,3.1735956839098697E-4,0.0,0.0,0.6000000000000001,0.7000000000000001,0.30000000000000004,0.30000000000000004,80.0,20.0,85.0,0.2,0.4,0.7000000000000001,0.7000000000000001,80.0,55.0,40.0,441,441,0,441,0.0,1.9429746634140526,1.5,1.295316442276035,406,0.9206349206349206,1.0,1
"iteration_5","SCOPE_DATA_COLLECTION",300,6,430.0,490.0,0,1723,1263,441,1712,1274,458,1723,1258,444,2,1,0,0.0011594202898550724,7.942811755361397E-4,0.0,0.348383469289476,1.0169459129549219,1.9446353268356016,0.696766938578952,1.0169459129549219,1.2964235512237343,0.02901915264074289,0.7543720190779014,0.9234234234234234,100.0,100.0,3186,43,198,3,0,0,9.416195856873823E-4,0.0,0.0,0.2,0.4,0.7000000000000001,0.7000000000000001,80.0,55.0,40.0,0.8,0.2,0.5,0.30000000000000004,40.0,65.0,75.0,1751,1749,2,1751,0.001142204454597373,0.3600645048254792,0.5,0.7201290096509584,78,0.044596912521440824,1.0,1
"iteration_5","SCOPE_DATA_COLLECTION",300,6,430.0,490.0,1,1723,1263,441,1712,1274,458,1723,1258,444,2,1,0,0.0011594202898550724,7.942811755361397E-4,0.0,0.348383469289476,1.0169459129549219,1.9446353268356016,0.696766938578952,1.0169459129549219,1.2964235512237343,0.02901915264074289,0.7543720190779014,0.9234234234234234,100.0,100.0,3186,43,198,3,0,0,9.416195856873823E-4,0.0,0.0,0.2,0.4,0.7000000000000001,0.7000000000000001,80.0,55.0,40.0,0.8,0.2,0.5,0.30000000000000004,40.0,65.0,75.0,1275,1274,1,1275,7.84313725490196E-4,1.0259091575787223,1.0,1.0259091575787223,995,0.7810047095761381,1.0,1
"iteration_5","SCOPE_DATA_COLLECTION",300,6,430.0,490.0,2,1723,1263,441,1712,1274,458,1723,1258,444,2,1,0,0.0011594202898550724,7.942811755361397E-4,0.0,0.348383469289476,1.0169459129549219,1.9446353268356016,0.696766938578952,1.0169459129549219,1.2964235512237343,0.02901915264074289,0.7543720190779014,0.9234234234234234,100.0,100.0,3186,43,198,3,0,0,9.416195856873823E-4,0.0,0.0,0.2,0.4,0.7000000000000001,0.7000000000000001,80.0,55.0,40.0,0.8,0.2,0.5,0.30000000000000004,40.0,65.0,75.0,368,368,0,368,0.0,1.9724378623967447,1.5,1.3149585749311632,349,0.9483695652173914,1.0,1
"iteration_5","SCOPE_DATA_COLLECTION",300,7,490.0,550.0,0,1751,1275,368,1723,1263,441,1748,1278,372,2,1,0,0.001142857142857143,7.818608287724785E-4,0.0,0.3598378841496118,1.0251674201776018,1.9743735251692183,0.7196757682992236,1.0251674201776018,1.316249016779479,0.04462242562929062,0.7769953051643192,0.946236559139785,97.5,100.0,3222,137,35,3,0,0,9.31098696461825E-4,0.0,0.0,0.8,0.2,0.5,0.30000000000000004,40.0,65.0,75.0,0.9,0.1,0.5,0.2,40.0,55.0,75.0,1808,1807,1,1808,5.530973451327434E-4,0.3617920054557121,0.5,0.7235840109114242,86,0.047592695074709465,1.0,1
"iteration_5","SCOPE_DATA_COLLECTION",300,7,490.0,550.0,1,1751,1275,368,1723,1263,441,1748,1278,372,2,1,0,0.001142857142857143,7.818608287724785E-4,0.0,0.3598378841496118,1.0251674201776018,1.9743735251692183,0.7196757682992236,1.0251674201776018,1.316249016779479,0.04462242562929062,0.7769953051643192,0.946236559139785,97.5,100.0,3222,137,35,3,0,0,9.31098696461825E-4,0.0,0.0,0.8,0.2,0.5,0.30000000000000004,40.0,65.0,75.0,0.9,0.1,0.5,0.2,40.0,55.0,75.0,1306,1303,3,1306,0.002297090352220521,1.0193802816190907,1.0,1.0193802816190907,991,0.760552570990023,1.0,1
"iteration_5","SCOPE_DATA_COLLECTION",300,7,490.0,550.0,2,1751,1275,368,1723,1263,441,1748,1278,372,2,1,0,0.001142857142857143,7.818608287724785E-4,0.0,0.3598378841496118,1.0251674201776018,1.9743735251692183,0.7196757682992236,1.0251674201776018,1.316249016779479,0.04462242562929062,0.7769953051643192,0.946236559139785,97.5,100.0,3222,137,35,3,0,0,9.31098696461825E-4,0.0,0.0,0.8,0.2,0.5,0.30000000000000004,40.0,65.0,75.0,0.9,0.1,0.5,0.2,40.0,55.0,75.0,407,407,0,407,0.0,1.9893329832344775,1.5,1.326221988822985,388,0.9533169533169533,1.0,1
"iteration_5","SCOPE_DATA_COLLECTION",300,8,550.0,610.0,0,1808,1306,407,1751,1275,368,1806,1298,405,1,3,0,5.534034311012728E-4,0.0023059185242121443,0.0,0.3617287078518373,1.01908064485027,1.9847199640502962,0.7234574157036746,1.01908064485027,1.3231466427001974,0.047619047619047616,0.7611710323574731,0.9530864197530864,100.0,100.0,3320,181,20,3,1,0,9.036144578313253E-4,0.0055248618784530384,0.0,0.9,0.1,0.5,0.2,40.0,55.0,75.0,0.05,0.4,0.4,0.6000000000000001,50.0,25.0,90.0,1671,1670,1,1671,5.984440454817474E-4,0.3455948146980336,0.5,0.6911896293960672,70,0.041916167664670656,1.0,1
"iteration_5","SCOPE_DATA_COLLECTION",300,8,550.0,610.0,1,1808,1306,407,1751,1275,368,1806,1298,405,1,3,0,5.534034311012728E-4,0.0023059185242121443,0.0,0.3617287078518373,1.01908064485027,1.9847199640502962,0.7234574157036746,1.01908064485027,1.3231466427001974,0.047619047619047616,0.7611710323574731,0.9530864197530864,100.0,100.0,3320,181,20,3,1,0,9.036144578313253E-4,0.0055248618784530384,0.0,0.9,0.1,0.5,0.2,40.0,55.0,75.0,0.05,0.4,0.4,0.6000000000000001,50.0,25.0,90.0,1335,1333,2,1335,0.00149812734082397,1.0024790035042979,1.0,1.0024790035042979,1000,0.7501875468867217,1.0,1
"iteration_5","SCOPE_DATA_COLLECTION",300,8,550.0,610.0,2,1808,1306,407,1751,1275,368,1806,1298,405,1,3,0,5.534034311012728E-4,0.0023059185242121443,0.0,0.3617287078518373,1.01908064485027,1.9847199640502962,0.7234574157036746,1.01908064485027,1.3231466427001974,0.047619047619047616,0.7611710323574731,0.9530864197530864,100.0,100.0,3320,181,20,3,1,0,9.036144578313253E-4,0.0055248618784530384,0.0,0.9,0.1,0.5,0.2,40.0,55.0,75.0,0.05,0.4,0.4,0.6000000000000001,50.0,25.0,90.0,432,432,0,432,0.0,1.9431676065379717,1.5,1.2954450710253145,401,0.9282407407407407,1.0,1
"iteration_5","SCOPE_DATA_COLLECTION",300,9,610.0,670.0,0,1671,1335,432,1808,1306,407,1676,1335,435,1,2,0,5.963029218843172E-4,0.0014958863126402393,0.0,0.34572387939017235,1.0026239079097452,1.9448160961786443,0.6914477587803447,1.0026239079097452,1.2965440641190962,0.041766109785202864,0.749812734082397,0.9287356321839081,90.0,100.0,3150,15,273,3,0,0,9.523809523809524E-4,0.0,0.0,0.05,0.4,0.4,0.6000000000000001,50.0,25.0,90.0,0.15000000000000002,0.4,0.5,0.7000000000000001,40.0,35.0,80.0,1812,1811,1,1812,5.518763796909492E-4,0.34296017104554277,0.5,0.6859203420910855,51,0.02816123688569851,1.0,1
"iteration_5","SCOPE_DATA_COLLECTION",300,9,610.0,670.0,1,1671,1335,432,1808,1306,407,1676,1335,435,1,2,0,5.963029218843172E-4,0.0014958863126402393,0.0,0.34572387939017235,1.0026239079097452,1.9448160961786443,0.6914477587803447,1.0026239079097452,1.2965440641190962,0.041766109785202864,0.749812734082397,0.9287356321839081,90.0,100.0,3150,15,273,3,0,0,9.523809523809524E-4,0.0,0.0,0.05,0.4,0.4,0.6000000000000001,50.0,25.0,90.0,0.15000000000000002,0.4,0.5,0.7000000000000001,40.0,35.0,80.0,1258,1257,1,1258,7.94912559618442E-4,0.9939700931689371,1.0,0.9939700931689371,924,0.7350835322195705,1.0,1
"iteration_5","SCOPE_DATA_COLLECTION",300,9,610.0,670.0,2,1671,1335,432,1808,1306,407,1676,1335,435,1,2,0,5.963029218843172E-4,0.0014958863126402393,0.0,0.34572387939017235,1.0026239079097452,1.9448160961786443,0.6914477587803447,1.0026239079097452,1.2965440641190962,0.041766109785202864,0.749812734082397,0.9287356321839081,90.0,100.0,3150,15,273,3,0,0,9.523809523809524E-4,0.0,0.0,0.05,0.4,0.4,0.6000000000000001,50.0,25.0,90.0,0.15000000000000002,0.4,0.5,0.7000000000000001,40.0,35.0,80.0,431,431,0,431,0.0,1.9451071493373036,1.5,1.2967380995582023,398,0.9234338747099768,1.0,1
"iteration_5","SCOPE_DATA_COLLECTION",300,10,670.0,730.0,0,1812,1258,431,1671,1335,432,1802,1264,436,1,1,0,5.546311702717693E-4,7.905138339920949E-4,0.0,0.3428903773199765,0.9950685355803377,1.9481676081048755,0.685780754639953,0.9950685355803377,1.2987784054032503,0.02830188679245283,0.7381329113924051,0.9243119266055045,87.5,100.0,3215,44,242,2,0,0,6.220839813374805E-4,0.0,0.0,0.15000000000000002,0.4,0.5,0.7000000000000001,40.0,35.0,80.0,0.15000000000000002,0.5,0.6000000000000001,0.8,30.0,35.0,90.0,1747,1746,1,1747,5.724098454493417E-4,0.3465113849327288,0.5,0.6930227698654576,53,0.030355097365406643,1.0,1
"iteration_5","SCOPE_DATA_COLLECTION",300,10,670.0,730.0,1,1812,1258,431,1671,1335,432,1802,1264,436,1,1,0,5.546311702717693E-4,7.905138339920949E-4,0.0,0.3428903773199765,0.9950685355803377,1.9481676081048755,0.685780754639953,0.9950685355803377,1.2987784054032503,0.02830188679245283,0.7381329113924051,0.9243119266055045,87.5,100.0,3215,44,242,2,0,0,6.220839813374805E-4,0.0,0.0,0.15000000000000002,0.4,0.5,0.7000000000000001,40.0,35.0,80.0,0.15000000000000002,0.5,0.6000000000000001,0.8,30.0,35.0,90.0,1292,1292,0,1292,0.0,1.0028181635398983,1.0,1.0028181635398983,941,0.728328173374613,1.0,1
"iteration_5","SCOPE_DATA_COLLECTION",300,10,670.0,730.0,2,1812,1258,431,1671,1335,432,1802,1264,436,1,1,0,5.546311702717693E-4,7.905138339920949E-4,0.0,0.3428903773199765,0.9950685355803377,1.9481676081048755,0.685780754639953,0.9950685355803377,1.2987784054032503,0.02830188679245283,0.7381329113924051,0.9243119266055045,87.5,100.0,3215,44,242,2,0,0,6.220839813374805E-4,0.0,0.0,0.15000000000000002,0.4,0.5,0.7000000000000001,40.0,35.0,80.0,0.15000000000000002,0.5,0.6000000000000001,0.8,30.0,35.0,90.0,406,405,1,406,0.0024630541871921183,1.9654746060726498,1.5,1.3103164040484332,381,0.9407407407407408,1.0,1
"iteration_5","SCOPE_DATA_COLLECTION",300,11,730.0,790.0,0,1747,1292,406,1812,1258,431,1749,1284,399,1,0,1,5.714285714285715E-4,0.0,0.0025,0.346553137351336,1.002477541348401,1.9640005047654931,0.693106274702672,1.002477541348401,1.3093336698436622,0.030303030303030304,0.7297507788161994,0.9398496240601504,95.0,100.0,3203,32,210,2,0,0,6.244146113019045E-4,0.0,0.0,0.15000000000000002,0.5,0.6000000000000001,0.8,30.0,35.0,90.0,0.15000000000000002,0.5,0.6000000000000001,0.8,30.0,35.0,90.0,1764,1763,1,1764,5.668934240362812E-4,0.3427903731437981,0.5,0.6855807462875962,48,0.027226318774815655,1.0,1
"iteration_5","SCOPE_DATA_COLLECTION",300,11,730.0,790.0,1,1747,1292,406,1812,1258,431,1749,1284,399,1,0,1,5.714285714285715E-4,0.0,0.0025,0.346553137351336,1.002477541348401,1.9640005047654931,0.693106274702672,1.002477541348401,1.3093336698436622,0.030303030303030304,0.7297507788161994,0.9398496240601504,95.0,100.0,3203,32,210,2,0,0,6.244146113019045E-4,0.0,0.0,0.15000000000000002,0.5,0.6000000000000001,0.8,30.0,35.0,90.0,0.15000000000000002,0.5,0.6000000000000001,0.8,30.0,35.0,90.0,1269,1267,2,1269,0.0015760441292356187,1.0061472467246924,1.0,1.0061472467246924,939,0.7411207576953434,1.0,1
"iteration_5","SCOPE_DATA_COLLECTION",300,11,730.0,790.0,2,1747,1292,406,1812,1258,431,1749,1284,399,1,0,1,5.714285714285715E-4,0.0,0.0025,0.346553137351336,1.002477541348401,1.9640005047654931,0.693106274702672,1.002477541348401,1.3093336698436622,0.030303030303030304,0.7297507788161994,0.9398496240601504,95.0,100.0,3203,32,210,2,0,0,6.244146113019045E-4,0.0,0.0,0.15000000000000002,0.5,0.6000000000000001,0.8,30.0,35.0,90.0,0.15000000000000002,0.5,0.6000000000000001,0.8,30.0,35.0,90.0,404,404,0,404,0.0,1.9581150259951476,1.5,1.3054100173300984,377,0.9331683168316832,1.0,1
"iteration_5","SCOPE_DATA_COLLECTION",300,12,790.0,850.0,0,1764,1269,404,1747,1292,406,1765,1269,406,1,2,0,5.662514156285391E-4,0.0015735641227380016,0.0,0.3427971739480805,1.0061165713181714,1.9592808882781776,0.685594347896161,1.0061165713181714,1.3061872588521184,0.027195467422096317,0.7375886524822695,0.9334975369458128,90.0,100.0,3173,35,229,3,0,0,9.454774661203908E-4,0.0,0.0,0.15000000000000002,0.5,0.6000000000000001,0.8,30.0,35.0,90.0,0.05,0.1,0.7000000000000001,0.5,95.0,60.0,45.0,1710,1709,1,1710,5.847953216374269E-4,0.3659115511709712,0.5,0.7318231023419424,107,0.06260971328262141,1.0,1
"iteration_5","SCOPE_DATA_COLLECTION",300,12,790.0,850.0,1,1764,1269,404,1747,1292,406,1765,1269,406,1,2,0,5.662514156285391E-4,0.0015735641227380016,0.0,0.3427971739480805,1.0061165713181714,1.9592808882781776,0.685594347896161,1.0061165713181714,1.3061872588521184,0.027195467422096317,0.7375886524822695,0.9334975369458128,90.0,100.0,3173,35,229,3,0,0,9.454774661203908E-4,0.0,0.0,0.15000000000000002,0.5,0.6000000000000001,0.8,30.0,35.0,90.0,0.05,0.1,0.7000000000000001,0.5,95.0,60.0,45.0,1302,1302,0,1302,0.0,1.0110971398123754,1.0,1.0110971398123754,953,0.7319508448540707,1.0,1
"iteration_5","SCOPE_DATA_COLLECTION",300,12,790.0,850.0,2,1764,1269,404,1747,1292,406,1765,1269,406,1,2,0,5.662514156285391E-4,0.0015735641227380016,0.0,0.3427971739480805,1.0061165713181714,1.9592808882781776,0.685594347896161,1.0061165713181714,1.3061872588521184,0.027195467422096317,0.7375886524822695,0.9334975369458128,90.0,100.0,3173,35,229,3,0,0,9.454774661203908E-4,0.0,0.0,0.15000000000000002,0.5,0.6000000000000001,0.8,30.0,35.0,90.0,0.05,0.1,0.7000000000000001,0.5,95.0,60.0,45.0,402,402,0,402,0.0,1.9716336538806467,1.5,1.314422435920431,381,0.9477611940298507,1.0,1
"iteration_5","SCOPE_DATA_COLLECTION",300,13,850.0,910.0,0,1710,1302,402,1764,1269,404,1709,1300,401,1,0,0,5.847953216374269E-4,0.0,0.0,0.3659028810987816,1.0109193607787892,1.9725550237875238,0.7318057621975632,1.0109193607787892,1.315036682525016,0.06260971328262141,0.7307692307692307,0.9476309226932669,95.0,100.0,3220,11,183,1,0,0,3.1055900621118014E-4,0.0,0.0,0.05,0.1,0.7000000000000001,0.5,95.0,60.0,45.0,0.15000000000000002,0.2,0.8,0.5,85.0,50.0,35.0,1721,1721,0,1721,0.0,0.35366999938962723,0.5,0.7073399987792545,60,0.034863451481696686,1.0,1
"iteration_5","SCOPE_DATA_COLLECTION",300,13,850.0,910.0,1,1710,1302,402,1764,1269,404,1709,1300,401,1,0,0,5.847953216374269E-4,0.0,0.0,0.3659028810987816,1.0109193607787892,1.9725550237875238,0.7318057621975632,1.0109193607787892,1.315036682525016,0.06260971328262141,0.7307692307692307,0.9476309226932669,95.0,100.0,3220,11,183,1,0,0,3.1055900621118014E-4,0.0,0.0,0.05,0.1,0.7000000000000001,0.5,95.0,60.0,45.0,0.15000000000000002,0.2,0.8,0.5,85.0,50.0,35.0,1306,1306,0,1306,0.0,1.0268230782549177,1.0,1.0268230782549177,988,0.7565084226646248,1.0,1
"iteration_5","SCOPE_DATA_COLLECTION",300,13,850.0,910.0,2,1710,1302,402,1764,1269,404,1709,1300,401,1,0,0,5.847953216374269E-4,0.0,0.0,0.3659028810987816,1.0109193607787892,1.9725550237875238,0.7318057621975632,1.0109193607787892,1.315036682525016,0.06260971328262141,0.7307692307692307,0.9476309226932669,95.0,100.0,3220,11,183,1,0,0,3.1055900621118014E-4,0.0,0.0,0.05,0.1,0.7000000000000001,0.5,95.0,60.0,45.0,0.15000000000000002,0.2,0.8,0.5,85.0,50.0,35.0,427,425,2,427,0.00468384074941452,1.943936021884036,1.5,1.2959573479226907,394,0.9270588235294117,1.0,1
"iteration_5","SCOPE_DATA_COLLECTION",300,14,910.0,970.0,0,1721,1306,427,1710,1302,402,1720,1309,420,0,0,2,0.0,0.0,0.004739336492890996,0.3530781158369097,1.0283182136763098,1.9412767621379028,0.7061562316738194,1.0283182136763098,1.2941845080919352,0.03372093023255814,0.758594346829641,0.9261904761904762,90.0,100.0,3232,37,185,2,0,0,6.188118811881188E-4,0.0,0.0,0.15000000000000002,0.2,0.8,0.5,85.0,50.0,35.0,0.05,0.1,0.9,0.5,85.0,40.0,35.0,1773,1773,0,1773,0.0,0.35662087851581514,0.5,0.7132417570316303,84,0.047377326565143825,1.0,1
"iteration_5","SCOPE_DATA_COLLECTION",300,14,910.0,970.0,1,1721,1306,427,1710,1302,402,1720,1309,420,0,0,2,0.0,0.0,0.004739336492890996,0.3530781158369097,1.0283182136763098,1.9412767621379028,0.7061562316738194,1.0283182136763098,1.2941845080919352,0.03372093023255814,0.758594346829641,0.9261904761904762,90.0,100.0,3232,37,185,2,0,0,6.188118811881188E-4,0.0,0.0,0.15000000000000002,0.2,0.8,0.5,85.0,50.0,35.0,0.05,0.1,0.9,0.5,85.0,40.0,35.0,1289,1289,0,1289,0.0,1.0146505559616648,1.0,1.0146505559616648,970,0.752521334367727,1.0,1
"iteration_5","SCOPE_DATA_COLLECTION",300,14,910.0,970.0,2,1721,1306,427,1710,1302,402,1720,1309,420,0,0,2,0.0,0.0,0.004739336492890996,0.3530781158369097,1.0283182136763098,1.9412767621379028,0.7061562316738194,1.0283182136763098,1.2941845080919352,0.03372093023255814,0.758594346829641,0.9261904761904762,90.0,100.0,3232,37,185,2,0,0,6.188118811881188E-4,0.0,0.0,0.15000000000000002,0.2,0.8,0.5,85.0,50.0,35.0,0.05,0.1,0.9,0.5,85.0,40.0,35.0,446,443,3,446,0.006726457399103139,1.9544546592840255,1.5,1.302969772856017,413,0.9322799097065463,1.0,1
"iteration_5","SCOPE_DATA_COLLECTION",300,15,970.0,1030.0,0,1773,1289,446,1721,1306,427,1775,1289,441,0,0,3,0.0,0.0,0.006756756756756757,0.3572328755102809,1.0139505210351254,1.9562742287948292,0.7144657510205618,1.0139505210351254,1.3041828191965528,0.048450704225352116,0.752521334367727,0.9342403628117913,97.5,100.0,3256,10,242,3,0,0,9.213759213759214E-4,0.0,0.0,0.05,0.1,0.9,0.5,85.0,40.0,35.0,0.4,0.6000000000000001,0.9,0.2,25.0,80.0,40.0,1686,1686,0,1686,0.0,0.34662189103010677,0.5,0.6932437820602135,58,0.03440094899169632,1.0,1
"iteration_5","SCOPE_DATA_COLLECTION",300,15,970.0,1030.0,1,1773,1289,446,1721,1306,427,1775,1289,441,0,0,3,0.0,0.0,0.006756756756756757,0.3572328755102809,1.0139505210351254,1.9562742287948292,0.7144657510205618,1.0139505210351254,1.3041828191965528,0.048450704225352116,0.752521334367727,0.9342403628117913,97.5,100.0,3256,10,242,3,0,0,9.213759213759214E-4,0.0,0.0,0.05,0.1,0.9,0.5,85.0,40.0,35.0,0.4,0.6000000000000001,0.9,0.2,25.0,80.0,40.0,1350,1350,0,1350,0.0,1.002389868999428,1.0,1.002389868999428,1019,0.7548148148148148,1.0,1
"iteration_5","SCOPE_DATA_COLLECTION",300,15,970.0,1030.0,2,1773,1289,446,1721,1306,427,1775,1289,441,0,0,3,0.0,0.0,0.006756756756756757,0.3572328755102809,1.0139505210351254,1.9562742287948292,0.7144657510205618,1.0139505210351254,1.3041828191965528,0.048450704225352116,0.752521334367727,0.9342403628117913,97.5,100.0,3256,10,242,3,0,0,9.213759213759214E-4,0.0,0.0,0.05,0.1,0.9,0.5,85.0,40.0,35.0,0.4,0.6000000000000001,0.9,0.2,25.0,80.0,40.0,419,419,0,419,0.0,1.8922513213030174,1.5,1.2615008808686783,377,0.8997613365155132,1.0,1
"iteration_5","SCOPE_DATA_COLLECTION",300,16,1030.0,1090.0,0,1686,1350,419,1773,1289,446,1684,1346,427,0,0,0,0.0,0.0,0.0,0.3465097791223068,1.0010157165277198,1.8926658400655763,0.6930195582446136,1.0010157165277198,1.2617772267103842,0.0344418052256532,0.7548291233283804,0.8992974238875878,95.0,100.0,3166,105,184,0,0,0,0.0,0.0,0.0,0.4,0.6000000000000001,0.9,0.2,25.0,80.0,40.0,0.15000000000000002,0.4,0.1,0.4,20.0,20.0,40.0,1752,1751,1,1752,5.707762557077625E-4,0.3570338878082445,0.5,0.714067775616489,42,0.023986293546544833,1.0,1
"iteration_5","SCOPE_DATA_COLLECTION",300,16,1030.0,1090.0,1,1686,1350,419,1773,1289,446,1684,1346,427,0,0,0,0.0,0.0,0.0,0.3465097791223068,1.0010157165277198,1.8926658400655763,0.6930195582446136,1.0010157165277198,1.2617772267103842,0.0344418052256532,0.7548291233283804,0.8992974238875878,95.0,100.0,3166,105,184,0,0,0,0.0,0.0,0.0,0.4,0.6000000000000001,0.9,0.2,25.0,80.0,40.0,0.15000000000000002,0.4,0.1,0.4,20.0,20.0,40.0,1239,1238,1,1239,8.071025020177562E-4,1.0286393738231971,1.0,1.0286393738231971,948,0.7657512116316639,1.0,1
"iteration_5","SCOPE_DATA_COLLECTION",300,16,1030.0,1090.0,2,1686,1350,419,1773,1289,446,1684,1346,427,0,0,0,0.0,0.0,0.0,0.3465097791223068,1.0010157165277198,1.8926658400655763,0.6930195582446136,1.0010157165277198,1.2617772267103842,0.0344418052256532,0.7548291233283804,0.8992974238875878,95.0,100.0,3166,105,184,0,0,0,0.0,0.0,0.0,0.4,0.6000000000000001,0.9,0.2,25.0,80.0,40.0,0.15000000000000002,0.4,0.1,0.4,20.0,20.0,40.0,405,405,0,405,0.0,2.0062466426996406,1.5,1.3374977617997603,390,0.9629629629629629,1.0,1
"iteration_5","SCOPE_DATA_COLLECTION",300,17,1090.0,1150.0,0,1752,1239,405,1686,1350,419,1749,1238,402,1,1,0,5.714285714285715E-4,8.071025020177562E-4,0.0,0.3567780205305986,1.0295078206431447,2.0097641812624434,0.7135560410611972,1.0295078206431447,1.3398427875082957,0.024013722126929673,0.7689822294022617,0.9651741293532339,95.0,100.0,3251,22,123,2,0,0,6.151953245155337E-4,0.0,0.0,0.15000000000000002,0.4,0.1,0.4,20.0,20.0,40.0,0.75,0.4,0.4,0.30000000000000004,45.0,45.0,80.0,1758,1758,0,1758,0.0,0.35006066323412377,0.5,0.7001213264682475,55,0.03128555176336746,1.0,1
"iteration_5","SCOPE_DATA_COLLECTION",300,17,1090.0,1150.0,1,1752,1239,405,1686,1350,419,1749,1238,402,1,1,0,5.714285714285715E-4,8.071025020177562E-4,0.0,0.3567780205305986,1.0295078206431447,2.0097641812624434,0.7135560410611972,1.0295078206431447,1.3398427875082957,0.024013722126929673,0.7689822294022617,0.9651741293532339,95.0,100.0,3251,22,123,2,0,0,6.151953245155337E-4,0.0,0.0,0.15000000000000002,0.4,0.1,0.4,20.0,20.0,40.0,0.75,0.4,0.4,0.30000000000000004,45.0,45.0,80.0,1293,1293,0,1293,0.0,1.005215502910788,1.0,1.005215502910788,942,0.728538283062645,1.0,1
"iteration_5","SCOPE_DATA_COLLECTION",300,17,1090.0,1150.0,2,1752,1239,405,1686,1350,419,1749,1238,402,1,1,0,5.714285714285715E-4,8.071025020177562E-4,0.0,0.3567780205305986,1.0295078206431447,2.0097641812624434,0.7135560410611972,1.0295078206431447,1.3398427875082957,0.024013722126929673,0.7689822294022617,0.9651741293532339,95.0,100.0,3251,22,123,2,0,0,6.151953245155337E-4,0.0,0.0,0.15000000000000002,0.4,0.1,0.4,20.0,20.0,40.0,0.75,0.4,0.4,0.30000000000000004,45.0,45.0,80.0,417,416,1,417,0.002398081534772182,1.9347501471789468,1.5,1.2898334314526312,383,0.9206730769230769,1.0,1
"iteration_5","SCOPE_DATA_COLLECTION",300,18,1150.0,1210.0,0,1758,1293,417,1752,1239,405,1758,1312,420,0,0,1,0.0,0.0,0.0023752969121140144,0.35046070719261696,1.0058026533742468,1.928828887079929,0.7009214143852339,1.0058026533742468,1.2858859247199528,0.03128555176336746,0.7263719512195121,0.919047619047619,67.5,100.0,3211,193,64,1,0,0,3.114294612270321E-4,0.0,0.0,0.75,0.4,0.4,0.30000000000000004,45.0,45.0,80.0,0.8500000000000001,0.30000000000000004,0.5,0.30000000000000004,55.0,55.0,80.0,1764,1764,0,1764,0.0,0.35390161430870226,0.5,0.7078032286174045,71,0.040249433106575964,1.0,1
"iteration_5","SCOPE_DATA_COLLECTION",300,18,1150.0,1210.0,1,1758,1293,417,1752,1239,405,1758,1312,420,0,0,1,0.0,0.0,0.0023752969121140144,0.35046070719261696,1.0058026533742468,1.928828887079929,0.7009214143852339,1.0058026533742468,1.2858859247199528,0.03128555176336746,0.7263719512195121,0.919047619047619,67.5,100.0,3211,193,64,1,0,0,3.114294612270321E-4,0.0,0.0,0.75,0.4,0.4,0.30000000000000004,45.0,45.0,80.0,0.8500000000000001,0.30000000000000004,0.5,0.30000000000000004,55.0,55.0,80.0,1322,1321,1,1322,7.564296520423601E-4,1.0124397020050744,1.0,1.0124397020050744,993,0.7517032551097653,1.0,1
"iteration_5","SCOPE_DATA_COLLECTION",300,18,1150.0,1210.0,2,1758,1293,417,1752,1239,405,1758,1312,420,0,0,1,0.0,0.0,0.0023752969121140144,0.35046070719261696,1.0058026533742468,1.928828887079929,0.7009214143852339,1.0058026533742468,1.2858859247199528,0.03128555176336746,0.7263719512195121,0.919047619047619,67.5,100.0,3211,193,64,1,0,0,3.114294612270321E-4,0.0,0.0,0.75,0.4,0.4,0.30000000000000004,45.0,45.0,80.0,0.8500000000000001,0.30000000000000004,0.5,0.30000000000000004,55.0,55.0,80.0,423,423,0,423,0.0,1.924334994868808,1.5,1.2828899965792053,387,0.9148936170212766,1.0,1
"iteration_5","SCOPE_DATA_COLLECTION",300,19,1210.0,1270.0,0,1764,1322,423,1758,1293,417,1763,1310,413,0,1,0,0.0,7.627765064836003E-4,0.0,0.3537661612438167,1.0102694118483468,1.9199955174601375,0.7075323224876334,1.0102694118483468,1.2799970116400916,0.04027226318774816,0.749618320610687,0.9128329297820823,95.0,100.0,3247,222,40,1,0,0,3.079765937788728E-4,0.0,0.0,0.8500000000000001,0.30000000000000004,0.5,0.30000000000000004,55.0,55.0,80.0,0.8500000000000001,0.30000000000000004,0.4,0.2,45.0,45.0,90.0,1718,1717,1,1718,5.820721769499418E-4,0.35972650301184356,0.5,0.7194530060236871,101,0.058823529411764705,1.0,1
"iteration_5","SCOPE_DATA_COLLECTION",300,19,1210.0,1270.0,1,1764,1322,423,1758,1293,417,1763,1310,413,0,1,0,0.0,7.627765064836003E-4,0.0,0.3537661612438167,1.0102694118483468,1.9199955174601375,0.7075323224876334,1.0102694118483468,1.2799970116400916,0.04027226318774816,0.749618320610687,0.9128329297820823,95.0,100.0,3247,222,40,1,0,0,3.079765937788728E-4,0.0,0.0,0.8500000000000001,0.30000000000000004,0.5,0.30000000000000004,55.0,55.0,80.0,0.8500000000000001,0.30000000000000004,0.4,0.2,45.0,45.0,90.0,1305,1303,2,1305,0.0015325670498084292,1.0202616515991507,1.0,1.0202616515991507,969,0.7436684574059862,1.0,1
"iteration_5","SCOPE_DATA_COLLECTION",300,19,1210.0,1270.0,2,1764,1322,423,1758,1293,417,1763,1310,413,0,1,0,0.0,7.627765064836003E-4,0.0,0.3537661612438167,1.0102694118483468,1.9199955174601375,0.7075323224876334,1.0102694118483468,1.2799970116400916,0.04027226318774816,0.749618320610687,0.9128329297820823,95.0,100.0,3247,222,40,1,0,0,3.079765937788728E-4,0.0,0.0,0.8500000000000001,0.30000000000000004,0.5,0.30000000000000004,55.0,55.0,80.0,0.8500000000000001,0.30000000000000004,0.4,0.2,45.0,45.0,90.0,412,411,1,412,0.0024271844660194173,1.9378925948644332,1.5,1.2919283965762889,379,0.9221411192214112,1.0,1
"iteration_5","SCOPE_DATA_COLLECTION",300,20,1270.0,1330.0,0,1718,1305,412,1764,1322,423,1716,1292,417,1,2,1,5.824111822947001E-4,0.0015455950540958269,0.0023923444976076554,0.3595062479850372,1.0204774078179994,1.9467367495849142,0.7190124959700744,1.0204774078179994,1.2978244997232762,0.05652680652680653,0.7430340557275542,0.9256594724220624,100.0,100.0,3198,202,35,3,1,0,9.380863039399625E-4,0.0049504950495049506,0.0,0.8500000000000001,0.30000000000000004,0.4,0.2,45.0,45.0,90.0,0.9500000000000001,0.4,0.4,0.2,35.0,55.0,80.0,1774,1772,2,1774,0.0011273957158962795,0.34707854587549664,0.5,0.6941570917509933,47,0.02652370203160271,1.0,1
"iteration_5","SCOPE_DATA_COLLECTION",300,20,1270.0,1330.0,1,1718,1305,412,1764,1322,423,1716,1292,417,1,2,1,5.824111822947001E-4,0.0015455950540958269,0.0023923444976076554,0.3595062479850372,1.0204774078179994,1.9467367495849142,0.7190124959700744,1.0204774078179994,1.2978244997232762,0.05652680652680653,0.7430340557275542,0.9256594724220624,100.0,100.0,3198,202,35,3,1,0,9.380863039399625E-4,0.0049504950495049506,0.0,0.8500000000000001,0.30000000000000004,0.4,0.2,45.0,45.0,90.0,0.9500000000000001,0.4,0.4,0.2,35.0,55.0,80.0,1291,1291,0,1291,0.0,1.002215168837697,1.0,1.002215168837697,973,0.7536793183578622,1.0,1
"iteration_5","SCOPE_DATA_COLLECTION",300,20,1270.0,1330.0,2,1718,1305,412,1764,1322,423,1716,1292,417,1,2,1,5.824111822947001E-4,0.0015455950540958269,0.0023923444976076554,0.3595062479850372,1.0204774078179994,1.9467367495849142,0.7190124959700744,1.0204774078179994,1.2978244997232762,0.05652680652680653,0.7430340557275542,0.9256594724220624,100.0,100.0,3198,202,35,3,1,0,9.380863039399625E-4,0.0049504950495049506,0.0,0.8500000000000001,0.30000000000000004,0.4,0.2,45.0,45.0,90.0,0.9500000000000001,0.4,0.4,0.2,35.0,55.0,80.0,417,417,0,417,0.0,1.9479477402473617,1.5,1.2986318268315744,390,0.935251798561151,1.0,1
"iteration_5","SCOPE_DATA_COLLECTION",300,21,1330.0,1390.0,0,1774,1291,417,1718,1305,412,1771,1295,420,2,0,0,0.0011280315848843769,0.0,0.0,0.3475719406795059,1.003798332092641,1.9475384745465731,0.6951438813590118,1.003798332092641,1.2983589830310487,0.028797289666854884,0.7536679536679537,0.9333333333333333,97.5,100.0,3201,268,13,1,1,0,3.1240237425804435E-4,0.0037313432835820895,0.0,0.9500000000000001,0.4,0.4,0.2,35.0,55.0,80.0,0.8500000000000001,0.5,0.4,0.2,35.0,55.0,80.0,1790,1788,2,1790,0.0011173184357541898,0.350545016414184,0.5,0.701090032828368,65,0.036353467561521254,1.0,1
"iteration_5","SCOPE_DATA_COLLECTION",300,21,1330.0,1390.0,1,1774,1291,417,1718,1305,412,1771,1295,420,2,0,0,0.0011280315848843769,0.0,0.0,0.3475719406795059,1.003798332092641,1.9475384745465731,0.6951438813590118,1.003798332092641,1.2983589830310487,0.028797289666854884,0.7536679536679537,0.9333333333333333,97.5,100.0,3201,268,13,1,1,0,3.1240237425804435E-4,0.0037313432835820895,0.0,0.9500000000000001,0.4,0.4,0.2,35.0,55.0,80.0,0.8500000000000001,0.5,0.4,0.2,35.0,55.0,80.0,1265,1263,2,1265,0.0015810276679841897,1.0210725573566168,1.0,1.0210725573566168,967,0.765637371338084,1.0,1
"iteration_5","SCOPE_DATA_COLLECTION",300,21,1330.0,1390.0,2,1774,1291,417,1718,1305,412,1771,1295,420,2,0,0,0.0011280315848843769,0.0,0.0,0.3475719406795059,1.003798332092641,1.9475384745465731,0.6951438813590118,1.003798332092641,1.2983589830310487,0.028797289666854884,0.7536679536679537,0.9333333333333333,97.5,100.0,3201,268,13,1,1,0,3.1240237425804435E-4,0.0037313432835820895,0.0,0.9500000000000001,0.4,0.4,0.2,35.0,55.0,80.0,0.8500000000000001,0.5,0.4,0.2,35.0,55.0,80.0,413,413,0,413,0.0,1.948045810270316,1.5,1.2986972068468774,383,0.927360774818402,1.0,1
"iteration_5","SCOPE_DATA_COLLECTION",300,22,1390.0,1450.0,0,1790,1265,413,1774,1291,417,1792,1267,413,2,2,0,0.0011148272017837235,0.0015760441292356187,0.0,0.34991053047579374,1.0203463538697761,1.9457163238524113,0.6998210609515875,1.0203463538697761,1.2971442159016076,0.03459821428571429,0.7663772691397001,0.927360774818402,85.0,100.0,3236,199,33,4,0,0,0.0012360939431396785,0.0,0.0,0.8500000000000001,0.5,0.4,0.2,35.0,55.0,80.0,0.8500000000000001,0.5,0.4,0.2,35.0,55.0,80.0,1719,1718,1,1719,5.817335660267597E-4,0.34706732336128315,0.5,0.6941346467225663,47,0.027357392316647265,1.0,1
"iteration_5","SCOPE_DATA_COLLECTION",300,22,1390.0,1450.0,1,1790,1265,413,1774,1291,417,1792,1267,413,2,2,0,0.0011148272017837235,0.0015760441292356187,0.0,0.34991053047579374,1.0203463538697761,1.9457163238524113,0.6998210609515875,1.0203463538697761,1.2971442159016076,0.03459821428571429,0.7663772691397001,0.927360774818402,85.0,100.0,3236,199,33,4,0,0,0.0012360939431396785,0.0,0.0,0.8500000000000001,0.5,0.4,0.2,35.0,55.0,80.0,0.8500000000000001,0.5,0.4,0.2,35.0,55.0,80.0,1257,1257,0,1257,0.0,1.003122187020307,1.0,1.003122187020307,921,0.7326968973747017,1.0,1
"iteration_5","SCOPE_DATA_COLLECTION",300,22,1390.0,1450.0,2,1790,1265,413,1774,1291,417,1792,1267,413,2,2,0,0.0011148272017837235,0.0015760441292356187,0.0,0.34991053047579374,1.0203463538697761,1.9457163238524113,0.6998210609515875,1.0203463538697761,1.2971442159016076,0.03459821428571429,0.7663772691397001,0.927360774818402,85.0,100.0,3236,199,33,4,0,0,0.0012360939431396785,0.0,0.0,0.8500000000000001,0.5,0.4,0.2,35.0,55.0,80.0,0.8500000000000001,0.5,0.4,0.2,35.0,55.0,80.0,396,395,1,396,0.0025252525252525255,1.930445579241286,1.5,1.2869637194941907,364,0.9215189873417722,1.0,1
"iteration_5","SCOPE_DATA_COLLECTION",300,23,1450.0,1510.0,0,1719,1257,396,1790,1265,413,1717,1253,395,1,0,1,5.820721769499418E-4,0.0,0.0025252525252525255,0.3476895102766824,1.0048052767780702,1.931164824465542,0.6953790205533648,1.0048052767780702,1.2874432163103613,0.029120559114735003,0.7350359138068635,0.9215189873417722,100.0,100.0,3118,207,47,2,0,0,6.414368184733803E-4,0.0,0.0,0.8500000000000001,0.5,0.4,0.2,35.0,55.0,80.0,0.65,0.6000000000000001,0.8,0.8,45.0,55.0,75.0,1794,1793,1,1794,5.574136008918618E-4,0.33933779452312063,0.5,0.6786755890462413,57,0.03179029559397657,1.0,1
"iteration_5","SCOPE_DATA_COLLECTION",300,23,1450.0,1510.0,1,1719,1257,396,1790,1265,413,1717,1253,395,1,0,1,5.820721769499418E-4,0.0,0.0025252525252525255,0.3476895102766824,1.0048052767780702,1.931164824465542,0.6953790205533648,1.0048052767780702,1.2874432163103613,0.029120559114735003,0.7350359138068635,0.9215189873417722,100.0,100.0,3118,207,47,2,0,0,6.414368184733803E-4,0.0,0.0,0.8500000000000001,0.5,0.4,0.2,35.0,55.0,80.0,0.65,0.6000000000000001,0.8,0.8,45.0,55.0,75.0,1380,1380,0,1380,0.0,0.9930098450026409,1.0,0.9930098450026409,1009,0.731159420289855,1.0,1
"iteration_5","SCOPE_DATA_COLLECTION",300,23,1450.0,1510.0,2,1719,1257,396,1790,1265,413,1717,1253,395,1,0,1,5.820721769499418E-4,0.0,0.0025252525252525255,0.3476895102766824,1.0048052767780702,1.931164824465542,0.6953790205533648,1.0048052767780702,1.2874432163103613,0.029120559114735003,0.7350359138068635,0.9215189873417722,100.0,100.0,3118,207,47,2,0,0,6.414368184733803E-4,0.0,0.0,0.8500000000000001,0.5,0.4,0.2,35.0,55.0,80.0,0.65,0.6000000000000001,0.8,0.8,45.0,55.0,75.0,435,433,2,435,0.004597701149425287,1.8733826564884475,1.5,1.2489217709922984,383,0.8845265588914549,1.0,1
"iteration_5","SCOPE_DATA_COLLECTION",300,24,1510.0,1570.0,0,1794,1380,435,1719,1257,396,1795,1383,433,1,0,2,5.567928730512249E-4,0.0,0.004597701149425287,0.33928706102463135,0.9907651540476506,1.8765857365234087,0.6785741220492627,0.9907651540476506,1.2510571576822724,0.03175487465181059,0.7302964569775849,0.8868360277136259,85.0,100.0,3232,272,105,3,0,0,9.282178217821782E-4,0.0,0.0,0.65,0.6000000000000001,0.8,0.8,45.0,55.0,75.0,0.05,0.7000000000000001,0.9,0.8,25.0,50.0,45.0,1686,1686,0,1686,0.0,0.34742657976107355,0.5,0.6948531595221471,50,0.02965599051008304,1.0,1
"iteration_5","SCOPE_DATA_COLLECTION",300,24,1510.0,1570.0,1,1794,1380,435,1719,1257,396,1795,1383,433,1,0,2,5.567928730512249E-4,0.0,0.004597701149425287,0.33928706102463135,0.9907651540476506,1.8765857365234087,0.6785741220492627,0.9907651540476506,1.2510571576822724,0.03175487465181059,0.7302964569775849,0.8868360277136259,85.0,100.0,3232,272,105,3,0,0,9.282178217821782E-4,0.0,0.0,0.65,0.6000000000000001,0.8,0.8,45.0,55.0,75.0,0.05,0.7000000000000001,0.9,0.8,25.0,50.0,45.0,1304,1304,0,1304,0.0,1.022359875844102,1.0,1.022359875844102,976,0.7484662576687117,1.0,1
"iteration_5","SCOPE_DATA_COLLECTION",300,24,1510.0,1570.0,2,1794,1380,435,1719,1257,396,1795,1383,433,1,0,2,5.567928730512249E-4,0.0,0.004597701149425287,0.33928706102463135,0.9907651540476506,1.8765857365234087,0.6785741220492627,0.9907651540476506,1.2510571576822724,0.03175487465181059,0.7302964569775849,0.8868360277136259,85.0,100.0,3232,272,105,3,0,0,9.282178217821782E-4,0.0,0.0,0.65,0.6000000000000001,0.8,0.8,45.0,55.0,75.0,0.05,0.7000000000000001,0.9,0.8,25.0,50.0,45.0,385,385,0,385,0.0,1.9449549448364203,1.5,1.2966366298909469,358,0.9298701298701298,1.0,1
"iteration_5","SCOPE_DATA_COLLECTION",300,25,1570.0,1630.0,0,1686,1304,385,1794,1380,435,1690,1301,390,0,0,0,0.0,0.0,0.0,0.34723820625509894,1.0235216391802073,1.9438152191782796,0.6944764125101979,1.0235216391802073,1.2958768127855198,0.028994082840236687,0.7486548808608763,0.9282051282051282,90.0,100.0,3171,7,197,0,0,0,0.0,0.0,0.0,0.05,0.7000000000000001,0.9,0.8,25.0,50.0,45.0,0.2,0.30000000000000004,0.8,0.30000000000000004,45.0,50.0,55.0,1720,1719,1,1720,5.813953488372093E-4,0.3513554395698458,0.5,0.7027108791396915,46,0.02675974403723095,1.0,1
"iteration_5","SCOPE_DATA_COLLECTION",300,25,1570.0,1630.0,1,1686,1304,385,1794,1380,435,1690,1301,390,0,0,0,0.0,0.0,0.0,0.34723820625509894,1.0235216391802073,1.9438152191782796,0.6944764125101979,1.0235216391802073,1.2958768127855198,0.028994082840236687,0.7486548808608763,0.9282051282051282,90.0,100.0,3171,7,197,0,0,0,0.0,0.0,0.0,0.05,0.7000000000000001,0.9,0.8,25.0,50.0,45.0,0.2,0.30000000000000004,0.8,0.30000000000000004,45.0,50.0,55.0,1229,1229,0,1229,0.0,1.0350613858120086,1.0,1.0350613858120086,938,0.7632221318144833,1.0,1
"iteration_5","SCOPE_DATA_COLLECTION",300,25,1570.0,1630.0,2,1686,1304,385,1794,1380,435,1690,1301,390,0,0,0,0.0,0.0,0.0,0.34723820625509894,1.0235216391802073,1.9438152191782796,0.6944764125101979,1.0235216391802073,1.2958768127855198,0.028994082840236687,0.7486548808608763,0.9282051282051282,90.0,100.0,3171,7,197,0,0,0,0.0,0.0,0.0,0.05,0.7000000000000001,0.9,0.8,25.0,50.0,45.0,0.2,0.30000000000000004,0.8,0.30000000000000004,45.0,50.0,55.0,427,427,0,427,0.0,1.9626818073034134,1.5,1.3084545382022756,402,0.9414519906323185,1.0,1
"iteration_5","SCOPE_DATA_COLLECTION",300,26,1630.0,1690.0,0,1720,1229,427,1686,1304,385,1706,1237,424,1,0,0,5.858230814294083E-4,0.0,0.0,0.35117801452839725,1.035188276356803,1.9616097355757123,0.7023560290567945,1.035188276356803,1.3077398237171416,0.027549824150058615,0.7639450282942603,0.9410377358490566,87.5,100.0,3177,44,155,1,0,0,3.147623544224111E-4,0.0,0.0,0.2,0.30000000000000004,0.8,0.30000000000000004,45.0,50.0,55.0,0.1,0.4,0.8,0.2,45.0,50.0,55.0,1812,1812,0,1812,0.0,0.349259593546835,0.5,0.69851918709367,60,0.033112582781456956,1.0,1
"iteration_5","SCOPE_DATA_COLLECTION",300,26,1630.0,1690.0,1,1720,1229,427,1686,1304,385,1706,1237,424,1,0,0,5.858230814294083E-4,0.0,0.0,0.35117801452839725,1.035188276356803,1.9616097355757123,0.7023560290567945,1.035188276356803,1.3077398237171416,0.027549824150058615,0.7639450282942603,0.9410377358490566,87.5,100.0,3177,44,155,1,0,0,3.147623544224111E-4,0.0,0.0,0.2,0.30000000000000004,0.8,0.30000000000000004,45.0,50.0,55.0,0.1,0.4,0.8,0.2,45.0,50.0,55.0,1264,1263,1,1264,7.911392405063291E-4,1.0195820721831126,1.0,1.0195820721831126,968,0.7664291369754552,1.0,1
"iteration_5","SCOPE_DATA_COLLECTION",300,26,1630.0,1690.0,2,1720,1229,427,1686,1304,385,1706,1237,424,1,0,0,5.858230814294083E-4,0.0,0.0,0.35117801452839725,1.035188276356803,1.9616097355757123,0.7023560290567945,1.035188276356803,1.3077398237171416,0.027549824150058615,0.7639450282942603,0.9410377358490566,87.5,100.0,3177,44,155,1,0,0,3.147623544224111E-4,0.0,0.0,0.2,0.30000000000000004,0.8,0.30000000000000004,45.0,50.0,55.0,0.1,0.4,0.8,0.2,45.0,50.0,55.0,399,399,0,399,0.0,1.9205499552652003,1.5,1.280366636843467,365,0.9147869674185464,1.0,1
"iteration_5","SCOPE_DATA_COLLECTION",300,27,1690.0,1750.0,0,1812,1264,399,1720,1229,427,1822,1265,396,0,1,0,0.0,7.898894154818325E-4,0.0,0.3495306968232474,1.0198183126878,1.9193003783367655,0.6990613936464948,1.0198183126878,1.2795335855578436,0.03293084522502744,0.7644268774703558,0.9141414141414141,75.0,100.0,3240,23,212,1,0,0,3.0864197530864197E-4,0.0,0.0,0.1,0.4,0.8,0.2,45.0,50.0,55.0,0.5,0.5,0.9,0.7000000000000001,45.0,40.0,75.0,1703,1702,1,1703,5.871990604815032E-4,0.34550946572596225,0.5,0.6910189314519245,54,0.03172737955346651,1.0,1
"iteration_5","SCOPE_DATA_COLLECTION",300,27,1690.0,1750.0,1,1812,1264,399,1720,1229,427,1822,1265,396,0,1,0,0.0,7.898894154818325E-4,0.0,0.3495306968232474,1.0198183126878,1.9193003783367655,0.6990613936464948,1.0198183126878,1.2795335855578436,0.03293084522502744,0.7644268774703558,0.9141414141414141,75.0,100.0,3240,23,212,1,0,0,3.0864197530864197E-4,0.0,0.0,0.1,0.4,0.8,0.2,45.0,50.0,55.0,0.5,0.5,0.9,0.7000000000000001,45.0,40.0,75.0,1270,1270,0,1270,0.0,0.9969897242765207,1.0,0.9969897242765207,912,0.7181102362204724,1.0,1
"iteration_5","SCOPE_DATA_COLLECTION",300,27,1690.0,1750.0,2,1812,1264,399,1720,1229,427,1822,1265,396,0,1,0,0.0,7.898894154818325E-4,0.0,0.3495306968232474,1.0198183126878,1.9193003783367655,0.6990613936464948,1.0198183126878,1.2795335855578436,0.03293084522502744,0.7644268774703558,0.9141414141414141,75.0,100.0,3240,23,212,1,0,0,3.0864197530864197E-4,0.0,0.0,0.1,0.4,0.8,0.2,45.0,50.0,55.0,0.5,0.5,0.9,0.7000000000000001,45.0,40.0,75.0,431,430,1,431,0.002320185614849188,1.9684524859281023,1.5,1.3123016572854016,404,0.9395348837209302,1.0,1
"iteration_5","SCOPE_DATA_COLLECTION",300,28,1750.0,1810.0,0,1703,1270,431,1812,1264,399,1697,1268,430,1,0,1,5.889281507656066E-4,0.0,0.002320185614849188,0.3452008546653544,0.9966085619374261,1.9685567724738924,0.6904017093307088,0.9966085619374261,1.3123711816492616,0.031231585150265175,0.7168769716088328,0.9395348837209302,90.0,100.0,3141,125,138,2,0,0,6.367398917542184E-4,0.0,0.0,0.5,0.5,0.9,0.7000000000000001,45.0,40.0,75.0,0.8,0.1,0.7000000000000001,0.2,55.0,20.0,70.0,1731,1730,1,1731,5.777007510109763E-4,0.3700422300822999,0.5,0.7400844601645998,122,0.07052023121387284,1.0,1
"iteration_5","SCOPE_DATA_COLLECTION",300,28,1750.0,1810.0,1,1703,1270,431,1812,1264,399,1697,1268,430,1,0,1,5.889281507656066E-4,0.0,0.002320185614849188,0.3452008546653544,0.9966085619374261,1.9685567724738924,0.6904017093307088,0.9966085619374261,1.3123711816492616,0.031231585150265175,0.7168769716088328,0.9395348837209302,90.0,100.0,3141,125,138,2,0,0,6.367398917542184E-4,0.0,0.0,0.5,0.5,0.9,0.7000000000000001,45.0,40.0,75.0,0.8,0.1,0.7000000000000001,0.2,55.0,20.0,70.0,1282,1281,1,1282,7.8003120124805E-4,1.0268171136783635,1.0,1.0268171136783635,978,0.7634660421545667,1.0,1
"iteration_5","SCOPE_DATA_COLLECTION",300,28,1750.0,1810.0,2,1703,1270,431,1812,1264,399,1697,1268,430,1,0,1,5.889281507656066E-4,0.0,0.002320185614849188,0.3452008546653544,0.9966085619374261,1.9685567724738924,0.6904017093307088,0.9966085619374261,1.3123711816492616,0.031231585150265175,0.7168769716088328,0.9395348837209302,90.0,100.0,3141,125,138,2,0,0,6.367398917542184E-4,0.0,0.0,0.5,0.5,0.9,0.7000000000000001,45.0,40.0,75.0,0.8,0.1,0.7000000000000001,0.2,55.0,20.0,70.0,446,446,0,446,0.0,2.022085370304569,1.5,1.3480569135363794,429,0.9618834080717489,1.0,1
"iteration_5","SCOPE_DATA_COLLECTION",300,29,1810.0,1870.0,0,1731,1282,446,1703,1270,431,1736,1280,444,1,1,0,5.757052389176742E-4,7.8064012490242E-4,0.0,0.3702717798391862,1.0269559557330312,2.0219703722130613,0.7405435596783724,1.0269559557330312,1.3479802481420409,0.07085253456221198,0.7640625,0.9617117117117117,90.0,100.0,3285,134,40,2,0,0,6.088280060882801E-4,0.0,0.0,0.8,0.1,0.7000000000000001,0.2,55.0,20.0,70.0,0.25,0.4,0.7000000000000001,0.2,95.0,35.0,85.0,1719,1717,2,1719,0.0011634671320535194,0.3478629820719844,0.5,0.6957259641439688,49,0.028538147932440302,1.0,1
"iteration_5","SCOPE_DATA_COLLECTION",300,29,1810.0,1870.0,1,1731,1282,446,1703,1270,431,1736,1280,444,1,1,0,5.757052389176742E-4,7.8064012490242E-4,0.0,0.3702717798391862,1.0269559557330312,2.0219703722130613,0.7405435596783724,1.0269559557330312,1.3479802481420409,0.07085253456221198,0.7640625,0.9617117117117117,90.0,100.0,3285,134,40,2,0,0,6.088280060882801E-4,0.0,0.0,0.8,0.1,0.7000000000000001,0.2,55.0,20.0,70.0,0.25,0.4,0.7000000000000001,0.2,95.0,35.0,85.0,1285,1285,0,1285,0.0,1.0002429630340053,1.0,1.0002429630340053,958,0.7455252918287938,1.0,1
"iteration_5","SCOPE_DATA_COLLECTION",300,29,1810.0,1870.0,2,1731,1282,446,1703,1270,431,1736,1280,444,1,1,0,5.757052389176742E-4,7.8064012490242E-4,0.0,0.3702717798391862,1.0269559557330312,2.0219703722130613,0.7405435596783724,1.0269559557330312,1.3479802481420409,0.07085253456221198,0.7640625,0.9617117117117117,90.0,100.0,3285,134,40,2,0,0,6.088280060882801E-4,0.0,0.0,0.8,0.1,0.7000000000000001,0.2,55.0,20.0,70.0,0.25,0.4,0.7000000000000001,0.2,95.0,35.0,85.0,397,395,2,397,0.005037783375314861,1.9409308984530906,1.5,1.2939539323020604,366,0.9265822784810127,1.0,1
"iteration_5","SCOPE_DATA_COLLECTION",300,30,1870.0,1930.0,0,1719,1285,397,1731,1282,446,1713,1283,393,2,0,2,0.0011661807580174927,0.0,0.005063291139240506,0.34721346988782803,0.9995209813226931,1.939154852910615,0.6944269397756561,0.9995209813226931,1.29276990194041,0.026853473438412143,0.7466874512860483,0.926208651399491,95.0,100.0,3162,58,181,4,0,0,0.001265022137887413,0.0,0.0,0.25,0.4,0.7000000000000001,0.2,95.0,35.0,85.0,0.25,0.4,0.8,0.1,95.0,45.0,95.0,1771,1768,3,1771,0.0016939582156973462,0.346888449246139,0.5,0.693776898492278,61,0.034502262443438916,1.0,1
"iteration_5","SCOPE_DATA_COLLECTION",300,30,1870.0,1930.0,1,1719,1285,397,1731,1282,446,1713,1283,393,2,0,2,0.0011661807580174927,0.0,0.005063291139240506,0.34721346988782803,0.9995209813226931,1.939154852910615,0.6944269397756561,0.9995209813226931,1.29276990194041,0.026853473438412143,0.7466874512860483,0.926208651399491,95.0,100.0,3162,58,181,4,0,0,0.001265022137887413,0.0,0.0,0.25,0.4,0.7000000000000001,0.2,95.0,35.0,85.0,0.25,0.4,0.8,0.1,95.0,45.0,95.0,1354,1354,0,1354,0.0,0.9990753045457847,1.0,0.9990753045457847,1004,0.741506646971935,1.0,1
"iteration_5","SCOPE_DATA_COLLECTION",300,30,1870.0,1930.0,2,1719,1285,397,1731,1282,446,1713,1283,393,2,0,2,0.0011661807580174927,0.0,0.005063291139240506,0.34721346988782803,0.9995209813226931,1.939154852910615,0.6944269397756561,0.9995209813226931,1.29276990194041,0.026853473438412143,0.7466874512860483,0.926208651399491,95.0,100.0,3162,58,181,4,0,0,0.001265022137887413,0.0,0.0,0.25,0.4,0.7000000000000001,0.2,95.0,35.0,85.0,0.25,0.4,0.8,0.1,95.0,45.0,95.0,422,422,0,422,0.0,1.896982080393013,1.5,1.2646547202620086,380,0.9004739336492891,1.0,1
"iteration_5","SCOPE_DATA_COLLECTION",300,31,1930.0,1990.0,0,1771,1354,422,1719,1285,397,1774,1356,426,3,0,0,0.0016882386043894203,0.0,0.0,0.347521333919915,0.9999244555833949,1.899589589992632,0.69504266783983,0.9999244555833949,1.266393059995088,0.036076662908680945,0.7418879056047197,0.9014084507042254,87.5,100.0,3239,80,228,3,0,0,9.262117937635072E-4,0.0,0.0,0.25,0.4,0.8,0.1,95.0,45.0,95.0,0.25,0.30000000000000004,0.8,0.2,95.0,35.0,95.0,1785,1784,1,1785,5.602240896358543E-4,0.34575639593478563,0.5,0.6915127918695713,45,0.02522421524663677,1.0,1
"iteration_5","SCOPE_DATA_COLLECTION",300,31,1930.0,1990.0,1,1771,1354,422,1719,1285,397,1774,1356,426,3,0,0,0.0016882386043894203,0.0,0.0,0.347521333919915,0.9999244555833949,1.899589589992632,0.69504266783983,0.9999244555833949,1.266393059995088,0.036076662908680945,0.7418879056047197,0.9014084507042254,87.5,100.0,3239,80,228,3,0,0,9.262117937635072E-4,0.0,0.0,0.25,0.4,0.8,0.1,95.0,45.0,95.0,0.25,0.30000000000000004,0.8,0.2,95.0,35.0,95.0,1316,1315,1,1316,7.598784194528875E-4,0.9917935094316722,1.0,0.9917935094316722,939,0.7140684410646387,1.0,1
"iteration_5","SCOPE_DATA_COLLECTION",300,31,1930.0,1990.0,2,1771,1354,422,1719,1285,397,1774,1356,426,3,0,0,0.0016882386043894203,0.0,0.0,0.347521333919915,0.9999244555833949,1.899589589992632,0.69504266783983,0.9999244555833949,1.266393059995088,0.036076662908680945,0.7418879056047197,0.9014084507042254,87.5,100.0,3239,80,228,3,0,0,9.262117937635072E-4,0.0,0.0,0.25,0.4,0.8,0.1,95.0,45.0,95.0,0.25,0.30000000000000004,0.8,0.2,95.0,35.0,95.0,400,399,1,400,0.0025,1.9619666609462478,1.5,1.3079777739641651,375,0.9398496240601504,1.0,1
"iteration_5","SCOPE_DATA_COLLECTION",300,32,1990.0,2050.0,0,1785,1316,400,1771,1354,422,1787,1315,391,1,1,1,5.592841163310962E-4,7.598784194528875E-4,0.002551020408163265,0.34576546217110204,0.9914038230583986,1.957705433050165,0.6915309243422041,0.9914038230583986,1.3051369553667767,0.02518186905428092,0.711787072243346,0.9386189258312021,97.5,100.0,3227,61,213,2,1,0,6.197706848466068E-4,0.01639344262295082,0.0,0.25,0.30000000000000004,0.8,0.2,95.0,35.0,95.0,0.25,0.30000000000000004,0.8,0.2,95.0,35.0,95.0,1814,1811,3,1814,0.0016538037486218302,0.3474843340890837,0.5,0.6949686681781674,68,0.03754831584759801,1.0,1
"iteration_5","SCOPE_DATA_COLLECTION",300,32,1990.0,2050.0,1,1785,1316,400,1771,1354,422,1787,1315,391,1,1,1,5.592841163310962E-4,7.598784194528875E-4,0.002551020408163265,0.34576546217110204,0.9914038230583986,1.957705433050165,0.6915309243422041,0.9914038230583986,1.3051369553667767,0.02518186905428092,0.711787072243346,0.9386189258312021,97.5,100.0,3227,61,213,2,1,0,6.197706848466068E-4,0.01639344262295082,0.0,0.25,0.30000000000000004,0.8,0.2,95.0,35.0,95.0,0.25,0.30000000000000004,0.8,0.2,95.0,35.0,95.0,1238,1238,0,1238,0.0,1.0127068198464897,1.0,1.0127068198464897,917,0.7407108239095315,1.0,1
"iteration_5","SCOPE_DATA_COLLECTION",300,32,1990.0,2050.0,2,1785,1316,400,1771,1354,422,1787,1315,391,1,1,1,5.592841163310962E-4,7.598784194528875E-4,0.002551020408163265,0.34576546217110204,0.9914038230583986,1.957705433050165,0.6915309243422041,0.9914038230583986,1.3051369553667767,0.02518186905428092,0.711787072243346,0.9386189258312021,97.5,100.0,3227,61,213,2,1,0,6.197706848466068E-4,0.01639344262295082,0.0,0.25,0.30000000000000004,0.8,0.2,95.0,35.0,95.0,0.25,0.30000000000000004,0.8,0.2,95.0,35.0,95.0,399,399,0,399,0.0,1.9443204759912016,1.5,1.296213650660801,370,0.9273182957393483,1.0,1
"iteration_5","SCOPE_DATA_COLLECTION",300,33,2050.0,2110.0,0,1814,1238,399,1785,1316,400,1807,1240,410,3,0,0,0.0016574585635359116,0.0,0.0,0.3475024833690294,1.0128636987030388,1.9503039838942169,0.6950049667380588,1.0128636987030388,1.300202655929478,0.03763143331488655,0.742741935483871,0.9292682926829269,77.5,100.0,3211,65,175,3,0,0,9.342883836810962E-4,0.0,0.0,0.25,0.30000000000000004,0.8,0.2,95.0,35.0,95.0,0.35000000000000003,0.4,0.8,0.1,95.0,35.0,85.0,1791,1789,2,1791,0.0011166945840312675,0.34798196714284213,0.5,0.6959639342856843,80,0.044717719396310786,1.0,1
"iteration_5","SCOPE_DATA_COLLECTION",300,33,2050.0,2110.0,1,1814,1238,399,1785,1316,400,1807,1240,410,3,0,0,0.0016574585635359116,0.0,0.0,0.3475024833690294,1.0128636987030388,1.9503039838942169,0.6950049667380588,1.0128636987030388,1.300202655929478,0.03763143331488655,0.742741935483871,0.9292682926829269,77.5,100.0,3211,65,175,3,0,0,9.342883836810962E-4,0.0,0.0,0.25,0.30000000000000004,0.8,0.2,95.0,35.0,95.0,0.35000000000000003,0.4,0.8,0.1,95.0,35.0,85.0,1272,1270,2,1272,0.0015723270440251573,1.0044686871063828,1.0,1.0044686871063828,929,0.731496062992126,1.0,1
"iteration_5","SCOPE_DATA_COLLECTION",300,33,2050.0,2110.0,2,1814,1238,399,1785,1316,400,1807,1240,410,3,0,0,0.0016574585635359116,0.0,0.0,0.3475024833690294,1.0128636987030388,1.9503039838942169,0.6950049667380588,1.0128636987030388,1.300202655929478,0.03763143331488655,0.742741935483871,0.9292682926829269,77.5,100.0,3211,65,175,3,0,0,9.342883836810962E-4,0.0,0.0,0.25,0.30000000000000004,0.8,0.2,95.0,35.0,95.0,0.35000000000000003,0.4,0.8,0.1,95.0,35.0,85.0,436,436,0,436,0.0,1.9349644424023484,1.5,1.289976294934899,402,0.9220183486238532,1.0,1
"iteration_5","SCOPE_DATA_COLLECTION",300,34,2110.0,2170.0,0,1791,1272,436,1814,1238,399,1790,1271,433,2,2,0,0.0011160714285714285,0.0015710919088766694,0.0,0.3479283327762439,1.0037482942922282,1.931971607881088,0.6958566655524878,1.0037482942922282,1.2879810719207254,0.0446927374301676,0.7317073170731707,0.9214780600461894,77.5,100.0,3217,81,201,4,0,0,0.0012433944668946222,0.0,0.0,0.35000000000000003,0.4,0.8,0.1,95.0,35.0,85.0,0.35000000000000003,0.4,0.8,0.1,95.0,35.0,85.0,1725,1724,1,1725,5.797101449275362E-4,0.3485366612915885,0.5,0.697073322583177,53,0.03074245939675174,1.0,1
"iteration_5","SCOPE_DATA_COLLECTION",300,34,2110.0,2170.0,1,1791,1272,436,1814,1238,399,1790,1271,433,2,2,0,0.0011160714285714285,0.0015710919088766694,0.0,0.3479283327762439,1.0037482942922282,1.931971607881088,0.6958566655524878,1.0037482942922282,1.2879810719207254,0.0446927374301676,0.7317073170731707,0.9214780600461894,77.5,100.0,3217,81,201,4,0,0,0.0012433944668946222,0.0,0.0,0.35000000000000003,0.4,0.8,0.1,95.0,35.0,85.0,0.35000000000000003,0.4,0.8,0.1,95.0,35.0,85.0,1269,1269,0,1269,0.0,1.007700523399979,1.0,1.007700523399979,943,0.7431048069345941,1.0,1
"iteration_5","SCOPE_DATA_COLLECTION",300,34,2110.0,2170.0,2,1791,1272,436,1814,1238,399,1790,1271,433,2,2,0,0.0011160714285714285,0.0015710919088766694,0.0,0.3479283327762439,1.0037482942922282,1.931971607881088,0.6958566655524878,1.0037482942922282,1.2879810719207254,0.0446927374301676,0.7317073170731707,0.9214780600461894,77.5,100.0,3217,81,201,4,0,0,0.0012433944668946222,0.0,0.0,0.35000000000000003,0.4,0.8,0.1,95.0,35.0,85.0,0.35000000000000003,0.4,0.8,0.1,95.0,35.0,85.0,452,452,0,452,0.0,1.9039478703876664,1.5,1.2692985802584442,410,0.9070796460176991,1.0,1
"iteration_5","SCOPE_DATA_COLLECTION",300,35,2170.0,2230.0,0,1725,1269,452,1791,1272,436,1719,1263,448,1,0,0,5.813953488372093E-4,0.0,0.0,0.3485303135160363,1.0055928119646482,1.9038142010250343,0.6970606270320726,1.0055928119646482,1.269209467350023,0.030831878999418267,0.7418844022169437,0.90625,92.5,100.0,3182,92,172,1,0,0,3.1426775612822125E-4,0.0,0.0,0.35000000000000003,0.4,0.8,0.1,95.0,35.0,85.0,0.45,0.4,0.9,0.1,95.0,25.0,85.0,1788,1788,0,1788,0.0,0.3511040539413474,0.5,0.7022081078826948,63,0.03523489932885906,1.0,1
"iteration_5","SCOPE_DATA_COLLECTION",300,35,2170.0,2230.0,1,1725,1269,452,1791,1272,436,1719,1263,448,1,0,0,5.813953488372093E-4,0.0,0.0,0.3485303135160363,1.0055928119646482,1.9038142010250343,0.6970606270320726,1.0055928119646482,1.269209467350023,0.030831878999418267,0.7418844022169437,0.90625,92.5,100.0,3182,92,172,1,0,0,3.1426775612822125E-4,0.0,0.0,0.35000000000000003,0.4,0.8,0.1,95.0,35.0,85.0,0.45,0.4,0.9,0.1,95.0,25.0,85.0,1310,1310,0,1310,0.0,0.9950729324710945,1.0,0.9950729324710945,958,0.7312977099236642,1.0,1
"iteration_5","SCOPE_DATA_COLLECTION",300,35,2170.0,2230.0,2,1725,1269,452,1791,1272,436,1719,1263,448,1,0,0,5.813953488372093E-4,0.0,0.0,0.3485303135160363,1.0055928119646482,1.9038142010250343,0.6970606270320726,1.0055928119646482,1.269209467350023,0.030831878999418267,0.7418844022169437,0.90625,92.5,100.0,3182,92,172,1,0,0,3.1426775612822125E-4,0.0,0.0,0.35000000000000003,0.4,0.8,0.1,95.0,35.0,85.0,0.45,0.4,0.9,0.1,95.0,25.0,85.0,411,411,0,411,0.0,1.8946840269404277,1.5,1.2631226846269519,372,0.9051094890510949,1.0,1
"iteration_5","SCOPE_DATA_COLLECTION",300,36,2230.0,2290.0,0,1788,1310,411,1725,1269,452,1794,1310,415,0,0,0,0.0,0.0,0.0,0.35112979866450844,0.9970653168384768,1.895133129034275,0.7022595973290169,0.9970653168384768,1.26342208602285,0.03511705685618729,0.7297709923664122,0.9060240963855422,77.5,100.0,3228,133,148,0,0,0,0.0,0.0,0.0,0.45,0.4,0.9,0.1,95.0,25.0,85.0,0.9,0.4,0.4,0.7000000000000001,75.0,25.0,70.0,1771,1771,0,1771,0.0,0.34945994654739215,0.5,0.6989198930947843,66,0.037267080745341616,1.0,1
"iteration_5","SCOPE_DATA_COLLECTION",300,36,2230.0,2290.0,1,1788,1310,411,1725,1269,452,1794,1310,415,0,0,0,0.0,0.0,0.0,0.35112979866450844,0.9970653168384768,1.895133129034275,0.7022595973290169,0.9970653168384768,1.26342208602285,0.03511705685618729,0.7297709923664122,0.9060240963855422,77.5,100.0,3228,133,148,0,0,0,0.0,0.0,0.0,0.45,0.4,0.9,0.1,95.0,25.0,85.0,0.9,0.4,0.4,0.7000000000000001,75.0,25.0,70.0,1294,1291,3,1294,0.00231839258114374,1.01839142921373,1.0,1.01839142921373,971,0.7521301316808675,1.0,1
"iteration_5","SCOPE_DATA_COLLECTION",300,36,2230.0,2290.0,2,1788,1310,411,1725,1269,452,1794,1310,415,0,0,0,0.0,0.0,0.0,0.35112979866450844,0.9970653168384768,1.895133129034275,0.7022595973290169,0.9970653168384768,1.26342208602285,0.03511705685618729,0.7297709923664122,0.9060240963855422,77.5,100.0,3228,133,148,0,0,0,0.0,0.0,0.0,0.45,0.4,0.9,0.1,95.0,25.0,85.0,0.9,0.4,0.4,0.7000000000000001,75.0,25.0,70.0,408,407,1,408,0.0024509803921568627,1.96249845577122,1.5,1.30833230384748,379,0.9312039312039312,1.0,1
"iteration_5","SCOPE_DATA_COLLECTION",300,37,2290.0,2350.0,0,1771,1294,408,1788,1310,411,1764,1293,403,0,3,1,0.0,0.0023148148148148147,0.0024752475247524753,0.34922058834695907,1.0188141278068543,1.9623833965653443,0.6984411766939181,1.0188141278068543,1.3082555977102295,0.036848072562358274,0.7532869296210364,0.9305210918114144,92.5,100.0,3221,227,25,4,0,0,0.0012418503570319776,0.0,0.0,0.9,0.4,0.4,0.7000000000000001,75.0,25.0,70.0,0.55,0.5,0.1,0.8,55.0,65.0,25.0,1810,1808,2,1810,0.0011049723756906078,0.34954211127737617,0.5,0.6990842225547523,58,0.032079646017699116,1.0,1
"iteration_5","SCOPE_DATA_COLLECTION",300,37,2290.0,2350.0,1,1771,1294,408,1788,1310,411,1764,1293,403,0,3,1,0.0,0.0023148148148148147,0.0024752475247524753,0.34922058834695907,1.0188141278068543,1.9623833965653443,0.6984411766939181,1.0188141278068543,1.3082555977102295,0.036848072562358274,0.7532869296210364,0.9305210918114144,92.5,100.0,3221,227,25,4,0,0,0.0012418503570319776,0.0,0.0,0.9,0.4,0.4,0.7000000000000001,75.0,25.0,70.0,0.55,0.5,0.1,0.8,55.0,65.0,25.0,1295,1293,2,1295,0.0015444015444015444,1.0090610642181492,1.0,1.0090610642181492,977,0.7556071152358855,1.0,1
"iteration_5","SCOPE_DATA_COLLECTION",300,37,2290.0,2350.0,2,1771,1294,408,1788,1310,411,1764,1293,403,0,3,1,0.0,0.0023148148148148147,0.0024752475247524753,0.34922058834695907,1.0188141278068543,1.9623833965653443,0.6984411766939181,1.0188141278068543,1.3082555977102295,0.036848072562358274,0.7532869296210364,0.9305210918114144,92.5,100.0,3221,227,25,4,0,0,0.0012418503570319776,0.0,0.0,0.9,0.4,0.4,0.7000000000000001,75.0,25.0,70.0,0.55,0.5,0.1,0.8,55.0,65.0,25.0,409,408,1,409,0.0024449877750611247,1.9654800470898754,1.5,1.3103200313932504,384,0.9411764705882353,1.0,1
"iteration_5","SCOPE_DATA_COLLECTION",300,38,2350.0,2410.0,0,1810,1295,409,1771,1294,408,1812,1298,407,2,2,1,0.0011025358324145535,0.0015384615384615385,0.0024509803921568627,0.3498050727062385,1.0093203951018215,1.963156173011641,0.699610145412477,1.0093203951018215,1.3087707820077605,0.032560706401766004,0.7565485362095532,0.941031941031941,92.5,100.0,3279,134,101,5,0,0,0.0015248551387618177,0.0,0.0,0.55,0.5,0.1,0.8,55.0,65.0,25.0,0.45,0.7000000000000001,0.2,0.7000000000000001,50.0,45.0,25.0,1700,1699,1,1700,5.88235294117647E-4,0.34636385792284674,0.5,0.6927277158456935,59,0.034726309593878756,1.0,1
"iteration_5","SCOPE_DATA_COLLECTION",300,38,2350.0,2410.0,1,1810,1295,409,1771,1294,408,1812,1298,407,2,2,1,0.0011025358324145535,0.0015384615384615385,0.0024509803921568627,0.3498050727062385,1.0093203951018215,1.963156173011641,0.699610145412477,1.0093203951018215,1.3087707820077605,0.032560706401766004,0.7565485362095532,0.941031941031941,92.5,100.0,3279,134,101,5,0,0,0.0015248551387618177,0.0,0.0,0.55,0.5,0.1,0.8,55.0,65.0,25.0,0.45,0.7000000000000001,0.2,0.7000000000000001,50.0,45.0,25.0,1316,1315,1,1316,7.598784194528875E-4,0.9986861135365961,1.0,0.9986861135365961,990,0.752851711026616,1.0,1
"iteration_5","SCOPE_DATA_COLLECTION",300,38,2350.0,2410.0,2,1810,1295,409,1771,1294,408,1812,1298,407,2,2,1,0.0011025358324145535,0.0015384615384615385,0.0024509803921568627,0.3498050727062385,1.0093203951018215,1.963156173011641,0.699610145412477,1.0093203951018215,1.3087707820077605,0.032560706401766004,0.7565485362095532,0.941031941031941,92.5,100.0,3279,134,101,5,0,0,0.0015248551387618177,0.0,0.0,0.55,0.5,0.1,0.8,55.0,65.0,25.0,0.45,0.7000000000000001,0.2,0.7000000000000001,50.0,45.0,25.0,455,455,0,455,0.0,1.9221744451250453,1.5,1.2814496300833635,414,0.9098901098901099,1.0,1
"iteration_5","SCOPE_DATA_COLLECTION",300,39,2410.0,2470.0,0,1700,1316,455,1810,1295,409,1695,1304,457,0,1,0,0.0,7.662835249042146E-4,0.0,0.34595150322972257,0.9996486780336383,1.9262254936318957,0.6919030064594451,0.9996486780336383,1.2841503290879304,0.033628318584070796,0.7561349693251533,0.9102844638949672,97.5,100.0,3165,132,174,1,0,0,3.15955766192733E-4,0.0,0.0,0.45,0.7000000000000001,0.2,0.7000000000000001,50.0,45.0,25.0,0.55,0.6000000000000001,0.30000000000000004,0.7000000000000001,50.0,45.0,20.0,1693,1692,1,1693,5.906674542232723E-4,0.3407321996452077,0.5,0.6814643992904154,34,0.02009456264775414,1.0,1
"iteration_5","SCOPE_DATA_COLLECTION",300,39,2410.0,2470.0,1,1700,1316,455,1810,1295,409,1695,1304,457,0,1,0,0.0,7.662835249042146E-4,0.0,0.34595150322972257,0.9996486780336383,1.9262254936318957,0.6919030064594451,0.9996486780336383,1.2841503290879304,0.033628318584070796,0.7561349693251533,0.9102844638949672,97.5,100.0,3165,132,174,1,0,0,3.15955766192733E-4,0.0,0.0,0.45,0.7000000000000001,0.2,0.7000000000000001,50.0,45.0,25.0,0.55,0.6000000000000001,0.30000000000000004,0.7000000000000001,50.0,45.0,20.0,1289,1287,2,1289,0.0015515903801396431,0.987303129757506,1.0,0.987303129757506,954,0.7412587412587412,1.0,1
"iteration_5","SCOPE_DATA_COLLECTION",300,39,2410.0,2470.0,2,1700,1316,455,1810,1295,409,1695,1304,457,0,1,0,0.0,7.662835249042146E-4,0.0,0.34595150322972257,0.9996486780336383,1.9262254936318957,0.6919030064594451,0.9996486780336383,1.2841503290879304,0.033628318584070796,0.7561349693251533,0.9102844638949672,97.5,100.0,3165,132,174,1,0,0,3.15955766192733E-4,0.0,0.0,0.45,0.7000000000000001,0.2,0.7000000000000001,50.0,45.0,25.0,0.55,0.6000000000000001,0.30000000000000004,0.7000000000000001,50.0,45.0,20.0,430,429,1,430,0.002325581395348837,1.9230524733987375,1.5,1.282034982265825,393,0.916083916083916,1.0,1
"iteration_5","SCOPE_DATA_COLLECTION",300,40,2470.0,2530.0,0,1693,1289,430,1700,1316,455,1695,1294,429,2,2,1,0.0011785503830288745,0.0015432098765432098,0.002325581395348837,0.3411577325182227,0.9867434242546259,1.928699527578605,0.6823154650364454,0.9867434242546259,1.2857996850524034,0.021238938053097345,0.741112828438949,0.9207459207459208,95.0,100.0,3112,174,126,5,0,0,0.0016066838046272494,0.0,0.0,0.55,0.6000000000000001,0.30000000000000004,0.7000000000000001,50.0,45.0,20.0,0.30000000000000004,0.8,0.2,0.8,20.0,70.0,80.0,1760,1759,1,1760,5.681818181818182E-4,0.3505131826631903,0.5,0.7010263653263806,42,0.023877202956225127,1.0,1
"iteration_5","SCOPE_DATA_COLLECTION",300,40,2470.0,2530.0,1,1693,1289,430,1700,1316,455,1695,1294,429,2,2,1,0.0011785503830288745,0.0015432098765432098,0.002325581395348837,0.3411577325182227,0.9867434242546259,1.928699527578605,0.6823154650364454,0.9867434242546259,1.2857996850524034,0.021238938053097345,0.741112828438949,0.9207459207459208,95.0,100.0,3112,174,126,5,0,0,0.0016066838046272494,0.0,0.0,0.55,0.6000000000000001,0.30000000000000004,0.7000000000000001,50.0,45.0,20.0,0.30000000000000004,0.8,0.2,0.8,20.0,70.0,80.0,1278,1277,1,1278,7.82472613458529E-4,0.99095477807706,1.0,0.99095477807706,942,0.7376664056382146,1.0,1
"iteration_5","SCOPE_DATA_COLLECTION",300,40,2470.0,2530.0,2,1693,1289,430,1700,1316,455,1695,1294,429,2,2,1,0.0011785503830288745,0.0015432098765432098,0.002325581395348837,0.3411577325182227,0.9867434242546259,1.928699527578605,0.6823154650364454,0.9867434242546259,1.2857996850524034,0.021238938053097345,0.741112828438949,0.9207459207459208,95.0,100.0,3112,174,126,5,0,0,0.0016066838046272494,0.0,0.0,0.55,0.6000000000000001,0.30000000000000004,0.7000000000000001,50.0,45.0,20.0,0.30000000000000004,0.8,0.2,0.8,20.0,70.0,80.0,381,381,0,381,0.0,1.9826139142455985,1.5,1.3217426094970657,362,0.9501312335958005,1.0,1
"iteration_5","SCOPE_DATA_COLLECTION",300,41,2530.0,2590.0,0,1760,1278,381,1693,1289,430,1757,1277,381,1,1,0,5.688282138794084E-4,7.82472613458529E-4,0.0,0.35057096005383803,0.9906072129505245,1.975051721351183,0.7011419201076761,0.9906072129505245,1.3167011475674553,0.02390438247011952,0.7337509788566954,0.9448818897637795,97.5,100.0,3196,81,142,2,0,0,6.257822277847309E-4,0.0,0.0,0.30000000000000004,0.8,0.2,0.8,20.0,70.0,80.0,0.2,0.8,0.1,0.9,30.0,80.0,70.0,1746,1744,2,1746,0.001145475372279496,0.3450068517972506,0.5,0.6900137035945012,38,0.021788990825688075,1.0,1
"iteration_5","SCOPE_DATA_COLLECTION",300,41,2530.0,2590.0,1,1760,1278,381,1693,1289,430,1757,1277,381,1,1,0,5.688282138794084E-4,7.82472613458529E-4,0.0,0.35057096005383803,0.9906072129505245,1.975051721351183,0.7011419201076761,0.9906072129505245,1.3167011475674553,0.02390438247011952,0.7337509788566954,0.9448818897637795,97.5,100.0,3196,81,142,2,0,0,6.257822277847309E-4,0.0,0.0,0.30000000000000004,0.8,0.2,0.8,20.0,70.0,80.0,0.2,0.8,0.1,0.9,30.0,80.0,70.0,1288,1287,1,1288,7.763975155279503E-4,1.0127895547224317,1.0,1.0127895547224317,980,0.7614607614607615,1.0,1
"iteration_5","SCOPE_DATA_COLLECTION",300,41,2530.0,2590.0,2,1760,1278,381,1693,1289,430,1757,1277,381,1,1,0,5.688282138794084E-4,7.82472613458529E-4,0.0,0.35057096005383803,0.9906072129505245,1.975051721351183,0.7011419201076761,0.9906072129505245,1.3167011475674553,0.02390438247011952,0.7337509788566954,0.9448818897637795,97.5,100.0,3196,81,142,2,0,0,6.257822277847309E-4,0.0,0.0,0.30000000000000004,0.8,0.2,0.8,20.0,70.0,80.0,0.2,0.8,0.1,0.9,30.0,80.0,70.0,409,409,0,409,0.0,1.9393015791755246,1.5,1.2928677194503497,377,0.921760391198044,1.0,1
"iteration_5","SCOPE_DATA_COLLECTION",300,42,2590.0,2650.0,0,1746,1288,409,1760,1278,381,1743,1280,409,2,1,0,0.001146131805157593,7.8064012490242E-4,0.0,0.3444279727116951,1.0130448994387453,1.941639441217398,0.6888559454233902,1.0130448994387453,1.294426294144932,0.020654044750430294,0.76171875,0.9242053789731052,90.0,100.0,3213,45,185,2,1,0,6.224712107065049E-4,0.022222222222222223,0.0,0.2,0.8,0.1,0.9,30.0,80.0,70.0,0.2,0.9,0.1,0.9,30.0,90.0,80.0,1696,1693,3,1696,0.001768867924528302,0.3457284179194135,0.5,0.691456835838827,53,0.03130537507383343,1.0,1
"iteration_5","SCOPE_DATA_COLLECTION",300,42,2590.0,2650.0,1,1746,1288,409,1760,1278,381,1743,1280,409,2,1,0,0.001146131805157593,7.8064012490242E-4,0.0,0.3444279727116951,1.0130448994387453,1.941639441217398,0.6888559454233902,1.0130448994387453,1.294426294144932,0.020654044750430294,0.76171875,0.9242053789731052,90.0,100.0,3213,45,185,2,1,0,6.224712107065049E-4,0.022222222222222223,0.0,0.2,0.8,0.1,0.9,30.0,80.0,70.0,0.2,0.9,0.1,0.9,30.0,90.0,80.0,1356,1356,0,1356,0.0,0.9915982733802414,1.0,0.9915982733802414,985,0.726401179941003,1.0,1
"iteration_5","SCOPE_DATA_COLLECTION",300,42,2590.0,2650.0,2,1746,1288,409,1760,1278,381,1743,1280,409,2,1,0,0.001146131805157593,7.8064012490242E-4,0.0,0.3444279727116951,1.0130448994387453,1.941639441217398,0.6888559454233902,1.0130448994387453,1.294426294144932,0.020654044750430294,0.76171875,0.9242053789731052,90.0,100.0,3213,45,185,2,1,0,6.224712107065049E-4,0.022222222222222223,0.0,0.2,0.8,0.1,0.9,30.0,80.0,70.0,0.2,0.9,0.1,0.9,30.0,90.0,80.0,406,404,2,406,0.0049261083743842365,1.9207173719789672,1.5,1.2804782479859782,371,0.9183168316831684,1.0,1
"iteration_5","SCOPE_DATA_COLLECTION",300,43,2650.0,2710.0,0,1696,1356,406,1746,1288,409,1695,1369,410,3,0,2,0.0017667844522968198,0.0,0.0048543689320388345,0.3463124721167,0.9916994376603815,1.9206888154949733,0.6926249442334,0.9916994376603815,1.2804592103299821,0.032448377581120944,0.7275383491599707,0.9170731707317074,80.0,100.0,3180,61,217,5,0,0,0.0015723270440251573,0.0,0.0,0.2,0.9,0.1,0.9,30.0,90.0,80.0,0.6000000000000001,0.8,0.6000000000000001,0.9,25.0,95.0,30.0,1729,1728,1,1729,5.78368999421631E-4,0.3438056854555269,0.5,0.6876113709110538,53,0.030671296296296297,1.0,1
"iteration_5","SCOPE_DATA_COLLECTION",300,43,2650.0,2710.0,1,1696,1356,406,1746,1288,409,1695,1369,410,3,0,2,0.0017667844522968198,0.0,0.0048543689320388345,0.3463124721167,0.9916994376603815,1.9206888154949733,0.6926249442334,0.9916994376603815,1.2804592103299821,0.032448377581120944,0.7275383491599707,0.9170731707317074,80.0,100.0,3180,61,217,5,0,0,0.0015723270440251573,0.0,0.0,0.2,0.9,0.1,0.9,30.0,90.0,80.0,0.6000000000000001,0.8,0.6000000000000001,0.9,25.0,95.0,30.0,1300,1299,1,1300,7.692307692307692E-4,0.98763898793762,1.0,0.98763898793762,955,0.7351809083910701,1.0,1
"iteration_5","SCOPE_DATA_COLLECTION",300,43,2650.0,2710.0,2,1696,1356,406,1746,1288,409,1695,1369,410,3,0,2,0.0017667844522968198,0.0,0.0048543689320388345,0.3463124721167,0.9916994376603815,1.9206888154949733,0.6926249442334,0.9916994376603815,1.2804592103299821,0.032448377581120944,0.7275383491599707,0.9170731707317074,80.0,100.0,3180,61,217,5,0,0,0.0015723270440251573,0.0,0.0,0.2,0.9,0.1,0.9,30.0,90.0,80.0,0.6000000000000001,0.8,0.6000000000000001,0.9,25.0,95.0,30.0,442,441,1,442,0.0022624434389140274,1.898345891081073,1.5,1.265563927387382,398,0.9024943310657596,1.0,1
"iteration_5","SCOPE_DATA_COLLECTION",300,44,2710.0,2770.0,0,1729,1300,442,1696,1356,406,1731,1297,435,1,1,0,5.773672055427252E-4,7.704160246533128E-4,0.0,0.34377073136730585,0.9877899348611582,1.8945915760132213,0.6875414627346117,0.9877899348611582,1.263061050675481,0.030618139803581745,0.7363145720894372,0.9011494252873563,87.5,100.0,3158,176,137,2,0,0,6.333122229259025E-4,0.0,0.0,0.6000000000000001,0.8,0.6000000000000001,0.9,25.0,95.0,30.0,0.6000000000000001,0.8,0.7000000000000001,0.9,20.0,95.0,40.0,1700,1699,1,1700,5.88235294117647E-4,0.34416394287792684,0.5,0.6883278857558537,79,0.04649793996468511,1.0,1
"iteration_5","SCOPE_DATA_COLLECTION",300,44,2710.0,2770.0,1,1729,1300,442,1696,1356,406,1731,1297,435,1,1,0,5.773672055427252E-4,7.704160246533128E-4,0.0,0.34377073136730585,0.9877899348611582,1.8945915760132213,0.6875414627346117,0.9877899348611582,1.263061050675481,0.030618139803581745,0.7363145720894372,0.9011494252873563,87.5,100.0,3158,176,137,2,0,0,6.333122229259025E-4,0.0,0.0,0.6000000000000001,0.8,0.6000000000000001,0.9,25.0,95.0,30.0,0.6000000000000001,0.8,0.7000000000000001,0.9,20.0,95.0,40.0,1284,1283,1,1284,7.78816199376947E-4,1.0032419088242999,1.0,1.0032419088242999,954,0.7435697583787997,1.0,1
"iteration_5","SCOPE_DATA_COLLECTION",300,44,2710.0,2770.0,2,1729,1300,442,1696,1356,406,1731,1297,435,1,1,0,5.773672055427252E-4,7.704160246533128E-4,0.0,0.34377073136730585,0.9877899348611582,1.8945915760132213,0.6875414627346117,0.9877899348611582,1.263061050675481,0.030618139803581745,0.7363145720894372,0.9011494252873563,87.5,100.0,3158,176,137,2,0,0,6.333122229259025E-4,0.0,0.0,0.6000000000000001,0.8,0.6000000000000001,0.9,25.0,95.0,30.0,0.6000000000000001,0.8,0.7000000000000001,0.9,20.0,95.0,40.0,437,436,1,437,0.002288329519450801,1.9349770405034834,1.5,1.289984693668989,400,0.9174311926605505,1.0,1
"iteration_5","SCOPE_DATA_COLLECTION",300,45,2770.0,2830.0,0,1700,1284,437,1729,1300,442,1699,1275,438,1,0,2,5.88235294117647E-4,0.0,0.004545454545454545,0.34412098562830234,1.0026020720583049,1.9361463601753026,0.6882419712566047,1.0026020720583049,1.2907642401168684,0.04649793996468511,0.7403921568627451,0.9178082191780822,95.0,100.0,3111,180,130,3,0,0,9.643201542912247E-4,0.0,0.0,0.6000000000000001,0.8,0.7000000000000001,0.9,20.0,95.0,40.0,0.7000000000000001,0.9,0.6000000000000001,0.8,20.0,95.0,30.0,1704,1703,1,1704,5.868544600938967E-4,0.3469591687570514,0.5,0.6939183375141028,67,0.039342337052260715,1.0,1
"iteration_5","SCOPE_DATA_COLLECTION",300,45,2770.0,2830.0,1,1700,1284,437,1729,1300,442,1699,1275,438,1,0,2,5.88235294117647E-4,0.0,0.004545454545454545,0.34412098562830234,1.0026020720583049,1.9361463601753026,0.6882419712566047,1.0026020720583049,1.2907642401168684,0.04649793996468511,0.7403921568627451,0.9178082191780822,95.0,100.0,3111,180,130,3,0,0,9.643201542912247E-4,0.0,0.0,0.6000000000000001,0.8,0.7000000000000001,0.9,20.0,95.0,40.0,0.7000000000000001,0.9,0.6000000000000001,0.8,20.0,95.0,30.0,1297,1295,2,1297,0.0015420200462606013,0.9864887378145824,1.0,0.9864887378145824,921,0.7111969111969112,1.0,1
"iteration_5","SCOPE_DATA_COLLECTION",300,45,2770.0,2830.0,2,1700,1284,437,1729,1300,442,1699,1275,438,1,0,2,5.88235294117647E-4,0.0,0.004545454545454545,0.34412098562830234,1.0026020720583049,1.9361463601753026,0.6882419712566047,1.0026020720583049,1.2907642401168684,0.04649793996468511,0.7403921568627451,0.9178082191780822,95.0,100.0,3111,180,130,3,0,0,9.643201542912247E-4,0.0,0.0,0.6000000000000001,0.8,0.7000000000000001,0.9,20.0,95.0,40.0,0.7000000000000001,0.9,0.6000000000000001,0.8,20.0,95.0,30.0,434,434,0,434,0.0,1.9298903332423603,1.5,1.2865935554949068,398,0.9170506912442397,1.0,1
"iteration_5","SCOPE_DATA_COLLECTION",300,46,2830.0,2890.0,0,1704,1297,434,1700,1284,437,1705,1300,434,1,3,0,5.861664712778429E-4,0.0023023791250959325,0.0,0.34699976294440765,0.9870925498314466,1.9295536317438657,0.6939995258888153,0.9870925498314466,1.2863690878292438,0.03929618768328446,0.7153846153846154,0.9170506912442397,87.5,100.0,3132,203,100,4,0,0,0.001277139208173691,0.0,0.0,0.7000000000000001,0.9,0.6000000000000001,0.8,20.0,95.0,30.0,0.6000000000000001,0.9,0.5,0.7000000000000001,20.0,85.0,30.0,1737,1737,0,1737,0.0,0.34638004760195584,0.5,0.6927600952039117,83,0.04778353483016695,1.0,1
"iteration_5","SCOPE_DATA_COLLECTION",300,46,2830.0,2890.0,1,1704,1297,434,1700,1284,437,1705,1300,434,1,3,0,5.861664712778429E-4,0.0023023791250959325,0.0,0.34699976294440765,0.9870925498314466,1.9295536317438657,0.6939995258888153,0.9870925498314466,1.2863690878292438,0.03929618768328446,0.7153846153846154,0.9170506912442397,87.5,100.0,3132,203,100,4,0,0,0.001277139208173691,0.0,0.0,0.7000000000000001,0.9,0.6000000000000001,0.8,20.0,95.0,30.0,0.6000000000000001,0.9,0.5,0.7000000000000001,20.0,85.0,30.0,1315,1315,0,1315,0.0,1.0136324100762568,1.0,1.0136324100762568,988,0.7513307984790875,1.0,1
"iteration_5","SCOPE_DATA_COLLECTION",300,46,2830.0,2890.0,2,1704,1297,434,1700,1284,437,1705,1300,434,1,3,0,5.861664712778429E-4,0.0023023791250959325,0.0,0.34699976294440765,0.9870925498314466,1.9295536317438657,0.6939995258888153,0.9870925498314466,1.2863690878292438,0.03929618768328446,0.7153846153846154,0.9170506912442397,87.5,100.0,3132,203,100,4,0,0,0.001277139208173691,0.0,0.0,0.7000000000000001,0.9,0.6000000000000001,0.8,20.0,95.0,30.0,0.6000000000000001,0.9,0.5,0.7000000000000001,20.0,85.0,30.0,423,421,2,423,0.004728132387706856,1.903663071709751,1.5,1.2691087144731672,378,0.8978622327790974,1.0,1
"iteration_5","SCOPE_DATA_COLLECTION",300,47,2890.0,2950.0,0,1737,1315,423,1704,1297,434,1725,1312,425,0,0,2,0.0,0.0,0.00468384074941452,0.34632970993684953,1.0131630916521432,1.9056378191255274,0.6926594198736991,1.0131630916521432,1.2704252127503517,0.04811594202898551,0.7484756097560976,0.8988235294117647,95.0,100.0,3181,180,114,2,0,0,6.287331027978623E-4,0.0,0.0,0.6000000000000001,0.9,0.5,0.7000000000000001,20.0,85.0,30.0,0.5,0.9,0.4,0.8,20.0,85.0,40.0,1798,1797,1,1798,5.561735261401557E-4,0.35169963171225543,0.5,0.7033992634245109,81,0.045075125208681135,1.0,1
"iteration_5","SCOPE_DATA_COLLECTION",300,47,2890.0,2950.0,1,1737,1315,423,1704,1297,434,1725,1312,425,0,0,2,0.0,0.0,0.00468384074941452,0.34632970993684953,1.0131630916521432,1.9056378191255274,0.6926594198736991,1.0131630916521432,1.2704252127503517,0.04811594202898551,0.7484756097560976,0.8988235294117647,95.0,100.0,3181,180,114,2,0,0,6.287331027978623E-4,0.0,0.0,0.6000000000000001,0.9,0.5,0.7000000000000001,20.0,85.0,30.0,0.5,0.9,0.4,0.8,20.0,85.0,40.0,1316,1316,0,1316,0.0,1.0153277225749557,1.0,1.0153277225749557,994,0.7553191489361702,1.0,1
"iteration_5","SCOPE_DATA_COLLECTION",300,47,2890.0,2950.0,2,1737,1315,423,1704,1297,434,1725,1312,425,0,0,2,0.0,0.0,0.00468384074941452,0.34632970993684953,1.0131630916521432,1.9056378191255274,0.6926594198736991,1.0131630916521432,1.2704252127503517,0.04811594202898551,0.7484756097560976,0.8988235294117647,95.0,100.0,3181,180,114,2,0,0,6.287331027978623E-4,0.0,0.0,0.6000000000000001,0.9,0.5,0.7000000000000001,20.0,85.0,30.0,0.5,0.9,0.4,0.8,20.0,85.0,40.0,387,386,1,387,0.002583979328165375,1.9500272295041587,1.5,1.3000181530027726,360,0.9326424870466321,1.0,1
"iteration_5","SCOPE_DATA_COLLECTION",300,48,2950.0,3010.0,0,1798,1316,387,1737,1315,423,1796,1324,382,1,0,1,5.564830272676684E-4,0.0,0.0026109660574412533,0.35132852025410527,1.0159522829781285,1.9475571335257968,0.7026570405082105,1.0159522829781285,1.2983714223505312,0.04398663697104677,0.7583081570996979,0.9319371727748691,92.5,100.0,3257,123,121,2,0,0,6.140620202640467E-4,0.0,0.0,0.5,0.9,0.4,0.8,20.0,85.0,40.0,0.8500000000000001,0.1,0.2,0.8,85.0,20.0,45.0,1666,1666,0,1666,0.0,0.3723132837101687,0.5,0.7446265674203374,98,0.058823529411764705,1.0,1
"iteration_5","SCOPE_DATA_COLLECTION",300,48,2950.0,3010.0,1,1798,1316,387,1737,1315,423,1796,1324,382,1,0,1,5.564830272676684E-4,0.0,0.0026109660574412533,0.35132852025410527,1.0159522829781285,1.9475571335257968,0.7026570405082105,1.0159522829781285,1.2983714223505312,0.04398663697104677,0.7583081570996979,0.9319371727748691,92.5,100.0,3257,123,121,2,0,0,6.140620202640467E-4,0.0,0.0,0.5,0.9,0.4,0.8,20.0,85.0,40.0,0.8500000000000001,0.1,0.2,0.8,85.0,20.0,45.0,1280,1280,0,1280,0.0,1.04881146394225,1.0,1.04881146394225,1030,0.8046875,1.0,1
"iteration_5","SCOPE_DATA_COLLECTION",300,48,2950.0,3010.0,2,1798,1316,387,1737,1315,423,1796,1324,382,1,0,1,5.564830272676684E-4,0.0,0.0026109660574412533,0.35132852025410527,1.0159522829781285,1.9475571335257968,0.7026570405082105,1.0159522829781285,1.2983714223505312,0.04398663697104677,0.7583081570996979,0.9319371727748691,92.5,100.0,3257,123,121,2,0,0,6.140620202640467E-4,0.0,0.0,0.5,0.9,0.4,0.8,20.0,85.0,40.0,0.8500000000000001,0.1,0.2,0.8,85.0,20.0,45.0,402,402,0,402,0.0,2.0049174700612205,1.5,1.3366116467074802,389,0.9676616915422885,1.0,1
"iteration_5","SCOPE_DATA_COLLECTION",300,49,3010.0,3070.0,0,1666,1280,402,1798,1316,387,1666,1270,402,0,0,0,0.0,0.0,0.0,0.3723166303951229,1.0487151616738593,2.007782441983618,0.7446332607902458,1.0487151616738593,1.3385216279890786,0.057623049219687875,0.8039370078740158,0.9676616915422885,87.5,100.0,3241,95,12,0,0,0,0.0,0.0,0.0,0.8500000000000001,0.1,0.2,0.8,85.0,20.0,45.0,0.9500000000000001,0.1,0.1,0.7000000000000001,95.0,20.0,35.0,1756,1754,2,1756,0.0011389521640091116,0.3776502663134315,0.5,0.755300532626863,106,0.06043329532497149,1.0,1
"iteration_5","SCOPE_DATA_COLLECTION",300,49,3010.0,3070.0,1,1666,1280,402,1798,1316,387,1666,1270,402,0,0,0,0.0,0.0,0.0,0.3723166303951229,1.0487151616738593,2.007782441983618,0.7446332607902458,1.0487151616738593,1.3385216279890786,0.057623049219687875,0.8039370078740158,0.9676616915422885,87.5,100.0,3241,95,12,0,0,0,0.0,0.0,0.0,0.8500000000000001,0.1,0.2,0.8,85.0,20.0,45.0,0.9500000000000001,0.1,0.1,0.7000000000000001,95.0,20.0,35.0,1221,1220,1,1221,8.19000819000819E-4,1.0653467328497643,1.0,1.0653467328497643,979,0.8024590163934426,1.0,1
"iteration_5","SCOPE_DATA_COLLECTION",300,49,3010.0,3070.0,2,1666,1280,402,1798,1316,387,1666,1270,402,0,0,0,0.0,0.0,0.0,0.3723166303951229,1.0487151616738593,2.007782441983618,0.7446332607902458,1.0487151616738593,1.3385216279890786,0.057623049219687875,0.8039370078740158,0.9676616915422885,87.5,100.0,3241,95,12,0,0,0,0.0,0.0,0.0,0.8500000000000001,0.1,0.2,0.8,85.0,20.0,45.0,0.9500000000000001,0.1,0.1,0.7000000000000001,95.0,20.0,35.0,399,397,2,399,0.005012531328320802,2.0351729926273787,1.5,1.3567819950849191,390,0.982367758186398,1.0,1
"iteration_5","SCOPE_DATA_COLLECTION",300,50,3070.0,3130.0,0,1756,1221,399,1666,1280,402,1763,1223,394,2,1,2,0.0011331444759206798,8.169934640522876E-4,0.005050505050505051,0.37786734304293873,1.0650952943792138,2.034145362719372,0.7557346860858775,1.0650952943792138,1.3560969084795813,0.06239364719228588,0.802943581357318,0.9822335025380711,87.5,100.0,3317,56,3,5,0,0,0.0015073861923424782,0.0,0.0,0.9500000000000001,0.1,0.1,0.7000000000000001,95.0,20.0,35.0,0.1,0.1,0.8,0.30000000000000004,40.0,95.0,20.0,1770,1770,0,1770,0.0,0.36209902199379274,0.5,0.7241980439875855,90,0.05084745762711865,1.0,1
"iteration_5","SCOPE_DATA_COLLECTION",300,50,3070.0,3130.0,1,1756,1221,399,1666,1280,402,1763,1223,394,2,1,2,0.0011331444759206798,8.169934640522876E-4,0.005050505050505051,0.37786734304293873,1.0650952943792138,2.034145362719372,0.7557346860858775,1.0650952943792138,1.3560969084795813,0.06239364719228588,0.802943581357318,0.9822335025380711,87.5,100.0,3317,56,3,5,0,0,0.0015073861923424782,0.0,0.0,0.9500000000000001,0.1,0.1,0.7000000000000001,95.0,20.0,35.0,0.1,0.1,0.8,0.30000000000000004,40.0,95.0,20.0,1291,1291,0,1291,0.0,1.0393348378405052,1.0,1.0393348378405052,1001,0.7753679318357862,1.0,1
"iteration_5","SCOPE_DATA_COLLECTION",300,50,3070.0,3130.0,2,1756,1221,399,1666,1280,402,1763,1223,394,2,1,2,0.0011331444759206798,8.169934640522876E-4,0.005050505050505051,0.37786734304293873,1.0650952943792138,2.034145362719372,0.7557346860858775,1.0650952943792138,1.3560969084795813,0.06239364719228588,0.802943581357318,0.9822335025380711,87.5,100.0,3317,56,3,5,0,0,0.0015073861923424782,0.0,0.0,0.9500000000000001,0.1,0.1,0.7000000000000001,95.0,20.0,35.0,0.1,0.1,0.8,0.30000000000000004,40.0,95.0,20.0,406,406,0,406,0.0,1.977615233272129,1.5,1.3184101555147527,385,0.9482758620689655,1.0,1
"iteration_5","SCOPE_DATA_COLLECTION",300,51,3130.0,3190.0,0,1770,1291,406,1756,1221,399,1766,1289,408,0,0,0,0.0,0.0,0.0,0.3620191750809772,1.0380798202324923,1.9765445597642788,0.7240383501619544,1.0380798202324923,1.317696373176186,0.05096262740656852,0.773467804499612,0.9485294117647058,92.5,100.0,3272,22,173,0,0,0,0.0,0.0,0.0,0.1,0.1,0.8,0.30000000000000004,40.0,95.0,20.0,0.35000000000000003,0.6000000000000001,0.8,0.1,85.0,95.0,55.0,1712,1712,0,1712,0.0,0.3497592876116649,0.5,0.6995185752233298,65,0.037967289719626166,1.0,1
"iteration_5","SCOPE_DATA_COLLECTION",300,51,3130.0,3190.0,1,1770,1291,406,1756,1221,399,1766,1289,408,0,0,0,0.0,0.0,0.0,0.3620191750809772,1.0380798202324923,1.9765445597642788,0.7240383501619544,1.0380798202324923,1.317696373176186,0.05096262740656852,0.773467804499612,0.9485294117647058,92.5,100.0,3272,22,173,0,0,0,0.0,0.0,0.0,0.1,0.1,0.8,0.30000000000000004,40.0,95.0,20.0,0.35000000000000003,0.6000000000000001,0.8,0.1,85.0,95.0,55.0,1307,1304,3,1307,0.0022953328232593728,1.017440022911964,1.0,1.017440022911964,998,0.7653374233128835,1.0,1
"iteration_5","SCOPE_DATA_COLLECTION",300,51,3130.0,3190.0,2,1770,1291,406,1756,1221,399,1766,1289,408,0,0,0,0.0,0.0,0.0,0.3620191750809772,1.0380798202324923,1.9765445597642788,0.7240383501619544,1.0380798202324923,1.317696373176186,0.05096262740656852,0.773467804499612,0.9485294117647058,92.5,100.0,3272,22,173,0,0,0,0.0,0.0,0.0,0.1,0.1,0.8,0.30000000000000004,40.0,95.0,20.0,0.35000000000000003,0.6000000000000001,0.8,0.1,85.0,95.0,55.0,414,414,0,414,0.0,1.946922796673823,1.5,1.297948531115882,385,0.9299516908212561,1.0,1
"iteration_5","SCOPE_DATA_COLLECTION",300,52,3190.0,3250.0,0,1712,1307,414,1770,1291,406,1714,1299,418,0,3,0,0.0,0.002304147465437788,0.0,0.3499346141412617,1.0178534071821232,1.948197666046364,0.6998692282825234,1.0178534071821232,1.2987984440309093,0.037922987164527425,0.7675134719014627,0.930622009569378,95.0,100.0,3204,100,129,3,0,0,9.363295880149813E-4,0.0,0.0,0.35000000000000003,0.6000000000000001,0.8,0.1,85.0,95.0,55.0,0.35000000000000003,0.6000000000000001,0.8,0.1,85.0,95.0,55.0,1726,1725,1,1726,5.793742757821553E-4,0.34619283947087726,0.5,0.6923856789417545,63,0.036521739130434785,1.0,1
"iteration_5","SCOPE_DATA_COLLECTION",300,52,3190.0,3250.0,1,1712,1307,414,1770,1291,406,1714,1299,418,0,3,0,0.0,0.002304147465437788,0.0,0.3499346141412617,1.0178534071821232,1.948197666046364,0.6998692282825234,1.0178534071821232,1.2987984440309093,0.037922987164527425,0.7675134719014627,0.930622009569378,95.0,100.0,3204,100,129,3,0,0,9.363295880149813E-4,0.0,0.0,0.35000000000000003,0.6000000000000001,0.8,0.1,85.0,95.0,55.0,0.35000000000000003,0.6000000000000001,0.8,0.1,85.0,95.0,55.0,1325,1324,1,1325,7.547169811320754E-4,1.0027275165785858,1.0,1.0027275165785858,1009,0.7620845921450151,1.0,1
"iteration_5","SCOPE_DATA_COLLECTION",300,52,3190.0,3250.0,2,1712,1307,414,1770,1291,406,1714,1299,418,0,3,0,0.0,0.002304147465437788,0.0,0.3499346141412617,1.0178534071821232,1.948197666046364,0.6998692282825234,1.0178534071821232,1.2987984440309093,0.037922987164527425,0.7675134719014627,0.930622009569378,95.0,100.0,3204,100,129,3,0,0,9.363295880149813E-4,0.0,0.0,0.35000000000000003,0.6000000000000001,0.8,0.1,85.0,95.0,55.0,0.35000000000000003,0.6000000000000001,0.8,0.1,85.0,95.0,55.0,391,391,0,391,0.0,1.938449198842364,1.5,1.2922994658949094,362,0.9258312020460358,1.0,1
"iteration_5","SCOPE_DATA_COLLECTION",300,53,3250.0,3310.0,0,1726,1325,391,1712,1307,414,1729,1325,388,1,1,0,5.780346820809249E-4,7.541478129713424E-4,0.0,0.3460865730873744,1.0031458422349349,1.9378295294027608,0.6921731461747488,1.0031458422349349,1.2918863529351738,0.03643724696356275,0.76,0.9252577319587629,90.0,100.0,3169,83,190,2,0,0,6.311139160618492E-4,0.0,0.0,0.35000000000000003,0.6000000000000001,0.8,0.1,85.0,95.0,55.0,0.5,0.2,0.1,0.2,50.0,85.0,80.0,1734,1733,1,1734,5.767012687427913E-4,0.3681162903328737,0.5,0.7362325806657474,91,0.052510098095787654,1.0,1
"iteration_5","SCOPE_DATA_COLLECTION",300,53,3250.0,3310.0,1,1726,1325,391,1712,1307,414,1729,1325,388,1,1,0,5.780346820809249E-4,7.541478129713424E-4,0.0,0.3460865730873744,1.0031458422349349,1.9378295294027608,0.6921731461747488,1.0031458422349349,1.2918863529351738,0.03643724696356275,0.76,0.9252577319587629,90.0,100.0,3169,83,190,2,0,0,6.311139160618492E-4,0.0,0.0,0.35000000000000003,0.6000000000000001,0.8,0.1,85.0,95.0,55.0,0.5,0.2,0.1,0.2,50.0,85.0,80.0,1282,1281,1,1282,7.8003120124805E-4,1.0477913282918137,1.0,1.0477913282918137,1009,0.7876658860265418,1.0,1
"iteration_5","SCOPE_DATA_COLLECTION",300,53,3250.0,3310.0,2,1726,1325,391,1712,1307,414,1729,1325,388,1,1,0,5.780346820809249E-4,7.541478129713424E-4,0.0,0.3460865730873744,1.0031458422349349,1.9378295294027608,0.6921731461747488,1.0031458422349349,1.2918863529351738,0.03643724696356275,0.76,0.9252577319587629,90.0,100.0,3169,83,190,2,0,0,6.311139160618492E-4,0.0,0.0,0.35000000000000003,0.6000000000000001,0.8,0.1,85.0,95.0,55.0,0.5,0.2,0.1,0.2,50.0,85.0,80.0,427,427,0,427,0.0,1.9852785350239637,1.5,1.323519023349309,405,0.9484777517564403,1.0,1
"iteration_5","SCOPE_DATA_COLLECTION",300,54,3310.0,3370.0,0,1734,1282,427,1726,1325,391,1727,1283,422,1,1,0,5.787037037037037E-4,7.78816199376947E-4,0.0,0.36801952663515125,1.0481240081663505,1.9819273419751562,0.7360390532703025,1.0481240081663505,1.3212848946501041,0.05153445280833816,0.7879968823070927,0.9478672985781991,97.5,100.0,3311,77,55,2,0,0,6.040471156750226E-4,0.0,0.0,0.5,0.2,0.1,0.2,50.0,85.0,80.0,0.45,0.4,0.7000000000000001,0.2,80.0,75.0,90.0,1758,1756,2,1758,0.0011376564277588168,0.344751588757932,0.5,0.689503177515864,57,0.03246013667425968,1.0,1
"iteration_5","SCOPE_DATA_COLLECTION",300,54,3310.0,3370.0,1,1734,1282,427,1726,1325,391,1727,1283,422,1,1,0,5.787037037037037E-4,7.78816199376947E-4,0.0,0.36801952663515125,1.0481240081663505,1.9819273419751562,0.7360390532703025,1.0481240081663505,1.3212848946501041,0.05153445280833816,0.7879968823070927,0.9478672985781991,97.5,100.0,3311,77,55,2,0,0,6.040471156750226E-4,0.0,0.0,0.5,0.2,0.1,0.2,50.0,85.0,80.0,0.45,0.4,0.7000000000000001,0.2,80.0,75.0,90.0,1330,1330,0,1330,0.0,1.0085260651183359,1.0,1.0085260651183359,983,0.7390977443609023,1.0,1
"iteration_5","SCOPE_DATA_COLLECTION",300,54,3310.0,3370.0,2,1734,1282,427,1726,1325,391,1727,1283,422,1,1,0,5.787037037037037E-4,7.78816199376947E-4,0.0,0.36801952663515125,1.0481240081663505,1.9819273419751562,0.7360390532703025,1.0481240081663505,1.3212848946501041,0.05153445280833816,0.7879968823070927,0.9478672985781991,97.5,100.0,3311,77,55,2,0,0,6.040471156750226E-4,0.0,0.0,0.5,0.2,0.1,0.2,50.0,85.0,80.0,0.45,0.4,0.7000000000000001,0.2,80.0,75.0,90.0,401,401,0,401,0.0,1.9272277903302366,1.5,1.2848185268868244,367,0.9152119700748129,1.0,1
"iteration_5","SCOPE_DATA_COLLECTION",300,55,3370.0,3430.0,0,1758,1330,401,1734,1282,427,1761,1330,408,2,0,0,0.0011344299489506524,0.0,0.0,0.34500862095920937,1.0087584597044317,1.9328701794653074,0.6900172419184187,1.0087584597044317,1.2885801196435382,0.032935831913685404,0.7383458646616541,0.9166666666666666,87.5,100.0,3197,131,161,2,0,0,6.255864873318737E-4,0.0,0.0,0.45,0.4,0.7000000000000001,0.2,80.0,75.0,90.0,0.35000000000000003,0.4,0.8,0.2,70.0,75.0,90.0,1672,1672,0,1672,0.0,0.34258360461267434,0.5,0.6851672092253487,37,0.022129186602870814,1.0,1
"iteration_5","SCOPE_DATA_COLLECTION",300,55,3370.0,3430.0,1,1758,1330,401,1734,1282,427,1761,1330,408,2,0,0,0.0011344299489506524,0.0,0.0,0.34500862095920937,1.0087584597044317,1.9328701794653074,0.6900172419184187,1.0087584597044317,1.2885801196435382,0.032935831913685404,0.7383458646616541,0.9166666666666666,87.5,100.0,3197,131,161,2,0,0,6.255864873318737E-4,0.0,0.0,0.45,0.4,0.7000000000000001,0.2,80.0,75.0,90.0,0.35000000000000003,0.4,0.8,0.2,70.0,75.0,90.0,1231,1228,3,1231,0.002437043054427295,1.0136803263410894,1.0,1.0136803263410894,914,0.744299674267101,1.0,1
"iteration_5","SCOPE_DATA_COLLECTION",300,55,3370.0,3430.0,2,1758,1330,401,1734,1282,427,1761,1330,408,2,0,0,0.0011344299489506524,0.0,0.0,0.34500862095920937,1.0087584597044317,1.9328701794653074,0.6900172419184187,1.0087584597044317,1.2885801196435382,0.032935831913685404,0.7383458646616541,0.9166666666666666,87.5,100.0,3197,131,161,2,0,0,6.255864873318737E-4,0.0,0.0,0.45,0.4,0.7000000000000001,0.2,80.0,75.0,90.0,0.35000000000000003,0.4,0.8,0.2,70.0,75.0,90.0,439,438,1,439,0.002277904328018223,1.9820282132759852,1.5,1.3213521421839902,416,0.9497716894977168,1.0,1
"iteration_5","SCOPE_DATA_COLLECTION",300,56,3430.0,3490.0,0,1672,1231,439,1758,1330,401,1674,1226,431,0,2,1,0.0,0.0016286644951140066,0.0023148148148148147,0.34236460567052635,1.0129560569542257,1.9844391408086195,0.6847292113410527,1.0129560569542257,1.3229594272057463,0.022700119474313024,0.7455138662316476,0.951276102088167,97.5,100.0,3105,95,142,3,0,0,9.66183574879227E-4,0.0,0.0,0.35000000000000003,0.4,0.8,0.2,70.0,75.0,90.0,0.1,0.30000000000000004,0.6000000000000001,0.6000000000000001,50.0,70.0,95.0,1711,1708,3,1711,0.0017533606078316774,0.35229882719237465,0.5,0.7045976543847493,73,0.04274004683840749,1.0,1
"iteration_5","SCOPE_DATA_COLLECTION",300,56,3430.0,3490.0,1,1672,1231,439,1758,1330,401,1674,1226,431,0,2,1,0.0,0.0016286644951140066,0.0023148148148148147,0.34236460567052635,1.0129560569542257,1.9844391408086195,0.6847292113410527,1.0129560569542257,1.3229594272057463,0.022700119474313024,0.7455138662316476,0.951276102088167,97.5,100.0,3105,95,142,3,0,0,9.66183574879227E-4,0.0,0.0,0.35000000000000003,0.4,0.8,0.2,70.0,75.0,90.0,0.1,0.30000000000000004,0.6000000000000001,0.6000000000000001,50.0,70.0,95.0,1299,1297,2,1299,0.001539645881447267,1.0121495698229606,1.0,1.0121495698229606,976,0.7525057825751735,1.0,1
"iteration_5","SCOPE_DATA_COLLECTION",300,56,3430.0,3490.0,2,1672,1231,439,1758,1330,401,1674,1226,431,0,2,1,0.0,0.0016286644951140066,0.0023148148148148147,0.34236460567052635,1.0129560569542257,1.9844391408086195,0.6847292113410527,1.0129560569542257,1.3229594272057463,0.022700119474313024,0.7455138662316476,0.951276102088167,97.5,100.0,3105,95,142,3,0,0,9.66183574879227E-4,0.0,0.0,0.35000000000000003,0.4,0.8,0.2,70.0,75.0,90.0,0.1,0.30000000000000004,0.6000000000000001,0.6000000000000001,50.0,70.0,95.0,419,419,0,419,0.0,1.9393226059907902,1.5,1.2928817373271935,384,0.9164677804295943,1.0,1
"iteration_5","SCOPE_DATA_COLLECTION",300,57,3490.0,3550.0,0,1711,1299,419,1672,1231,439,1702,1302,419,3,3,0,0.0017595307917888563,0.0022988505747126436,0.0,0.3525159946675758,1.0139223876869592,1.9346139908417195,0.7050319893351517,1.0139223876869592,1.2897426605611464,0.04289071680376028,0.7511520737327189,0.9140811455847255,97.5,100.0,3186,26,217,6,0,0,0.0018832391713747645,0.0,0.0,0.1,0.30000000000000004,0.6000000000000001,0.6000000000000001,50.0,70.0,95.0,0.05,0.2,0.7000000000000001,0.7000000000000001,40.0,70.0,95.0,1720,1720,0,1720,0.0,0.35346967013108815,0.5,0.7069393402621763,65,0.0377906976744186,1.0,1
"iteration_5","SCOPE_DATA_COLLECTION",300,57,3490.0,3550.0,1,1711,1299,419,1672,1231,439,1702,1302,419,3,3,0,0.0017595307917888563,0.0022988505747126436,0.0,0.3525159946675758,1.0139223876869592,1.9346139908417195,0.7050319893351517,1.0139223876869592,1.2897426605611464,0.04289071680376028,0.7511520737327189,0.9140811455847255,97.5,100.0,3186,26,217,6,0,0,0.0018832391713747645,0.0,0.0,0.1,0.30000000000000004,0.6000000000000001,0.6000000000000001,50.0,70.0,95.0,0.05,0.2,0.7000000000000001,0.7000000000000001,40.0,70.0,95.0,1272,1272,0,1272,0.0,1.0119790793799095,1.0,1.0119790793799095,963,0.7570754716981132,1.0,1
"iteration_5","SCOPE_DATA_COLLECTION",300,57,3490.0,3550.0,2,1711,1299,419,1672,1231,439,1702,1302,419,3,3,0,0.0017595307917888563,0.0022988505747126436,0.0,0.3525159946675758,1.0139223876869592,1.9346139908417195,0.7050319893351517,1.0139223876869592,1.2897426605611464,0.04289071680376028,0.7511520737327189,0.9140811455847255,97.5,100.0,3186,26,217,6,0,0,0.0018832391713747645,0.0,0.0,0.1,0.30000000000000004,0.6000000000000001,0.6000000000000001,50.0,70.0,95.0,0.05,0.2,0.7000000000000001,0.7000000000000001,40.0,70.0,95.0,405,404,1,405,0.0024691358024691358,1.9743968946019084,1.5,1.3162645964012722,382,0.9455445544554455,1.0,1
"iteration_5","SCOPE_DATA_COLLECTION",300,58,3550.0,3618.165902924674,0,1720,1272,405,1711,1299,419,1720,1269,407,0,0,1,0.0,0.0,0.0024509803921568627,0.35333896253599045,1.0099620272075094,1.9731734503033254,0.7066779250719809,1.0099620272075094,1.3154489668688836,0.0377906976744186,0.7572892040977147,0.9459459459459459,97.5,100.0,3184,8,205,1,0,0,3.14070351758794E-4,0.0,0.0,0.05,0.2,0.7000000000000001,0.7000000000000001,40.0,70.0,95.0,0.15000000000000002,0.2,0.8,0.6000000000000001,30.0,70.0,95.0,1483,1473,1,1474,6.784260515603799E-4,0.35132036062475785,0.5,0.7026407212495157,51,0.034623217922606926,0.9939312204989885,0
"iteration_5","SCOPE_DATA_COLLECTION",300,58,3550.0,3618.165902924674,1,1720,1272,405,1711,1299,419,1720,1269,407,0,0,1,0.0,0.0,0.0024509803921568627,0.35333896253599045,1.0099620272075094,1.9731734503033254,0.7066779250719809,1.0099620272075094,1.3154489668688836,0.0377906976744186,0.7572892040977147,0.9459459459459459,97.5,100.0,3184,8,205,1,0,0,3.14070351758794E-4,0.0,0.0,0.05,0.2,0.7000000000000001,0.7000000000000001,40.0,70.0,95.0,0.15000000000000002,0.2,0.8,0.6000000000000001,30.0,70.0,95.0,1057,1034,1,1035,9.66183574879227E-4,1.0165704895620966,1.0,1.0165704895620966,774,0.7485493230174082,0.97918637653737,0
"iteration_5","SCOPE_DATA_COLLECTION",300,58,3550.0,3618.165902924674,2,1720,1272,405,1711,1299,419,1720,1269,407,0,0,1,0.0,0.0,0.0024509803921568627,0.35333896253599045,1.0099620272075094,1.9731734503033254,0.7066779250719809,1.0099620272075094,1.3154489668688836,0.0377906976744186,0.7572892040977147,0.9459459459459459,97.5,100.0,3184,8,205,1,0,0,3.14070351758794E-4,0.0,0.0,0.05,0.2,0.7000000000000001,0.7000000000000001,40.0,70.0,95.0,0.15000000000000002,0.2,0.8,0.6000000000000001,30.0,70.0,95.0,340,325,1,326,0.003067484662576687,1.9563923762728002,1.5,1.3042615841818668,303,0.9323076923076923,0.9588235294117647,0
"iteration_5","SCOPE_DATA_COLLECTION",400,0,70.0,130.0,0,2229,1536,517,0,0,0,2222,1511,497,2,2,2,8.992805755395684E-4,0.0013218770654329147,0.004008016032064128,0.32841465585348617,0.9073999758940999,1.7312003530369247,0.6568293117069723,0.9073999758940999,1.154133568691283,0.07785778577857785,0.6598279285241562,0.7987927565392354,95.0,100.0,3409,539,334,6,0,0,0.0017600469345849222,0.0,0.0,0.6,0.5,0.7,0.4,85.0,80.0,90.0,0.6,0.5,0.7,0.4,85.0,80.0,90.0,2435,2435,0,2435,0.0,0.32843780147390333,0.5,0.6568756029478067,161,0.06611909650924025,1.0,1
"iteration_5","SCOPE_DATA_COLLECTION",400,0,70.0,130.0,1,2229,1536,517,0,0,0,2222,1511,497,2,2,2,8.992805755395684E-4,0.0013218770654329147,0.004008016032064128,0.32841465585348617,0.9073999758940999,1.7312003530369247,0.6568293117069723,0.9073999758940999,1.154133568691283,0.07785778577857785,0.6598279285241562,0.7987927565392354,95.0,100.0,3409,539,334,6,0,0,0.0017600469345849222,0.0,0.0,0.6,0.5,0.7,0.4,85.0,80.0,90.0,0.6,0.5,0.7,0.4,85.0,80.0,90.0,1633,1633,0,1633,0.0,0.9267267599838267,1.0,0.9267267599838267,1076,0.6589099816289039,1.0,1
"iteration_5","SCOPE_DATA_COLLECTION",400,0,70.0,130.0,2,2229,1536,517,0,0,0,2222,1511,497,2,2,2,8.992805755395684E-4,0.0013218770654329147,0.004008016032064128,0.32841465585348617,0.9073999758940999,1.7312003530369247,0.6568293117069723,0.9073999758940999,1.154133568691283,0.07785778577857785,0.6598279285241562,0.7987927565392354,95.0,100.0,3409,539,334,6,0,0,0.0017600469345849222,0.0,0.0,0.6,0.5,0.7,0.4,85.0,80.0,90.0,0.6,0.5,0.7,0.4,85.0,80.0,90.0,553,551,2,553,0.003616636528028933,1.6857617190222278,1.5,1.1238411460148185,424,0.7695099818511797,1.0,1
"iteration_5","SCOPE_DATA_COLLECTION",400,1,130.0,190.0,0,2435,1633,553,2229,1536,517,2426,1632,551,0,0,2,0.0,0.0,0.003616636528028933,0.3283705979268547,0.927426702138556,1.6816040755715176,0.6567411958537094,0.927426702138556,1.121069383714345,0.06595218466611706,0.6580882352941176,0.7676950998185118,95.0,100.0,3712,539,370,2,0,0,5.387931034482759E-4,0.0,0.0,0.6,0.5,0.7,0.4,85.0,80.0,90.0,0.7000000000000001,0.5,0.8,0.4,95.0,70.0,90.0,2421,2421,0,2421,0.0,0.33171651832970733,0.5,0.6634330366594147,209,0.08632796365138373,1.0,1
"iteration_5","SCOPE_DATA_COLLECTION",400,1,130.0,190.0,1,2435,1633,553,2229,1536,517,2426,1632,551,0,0,2,0.0,0.0,0.003616636528028933,0.3283705979268547,0.927426702138556,1.6816040755715176,0.6567411958537094,0.927426702138556,1.121069383714345,0.06595218466611706,0.6580882352941176,0.7676950998185118,95.0,100.0,3712,539,370,2,0,0,5.387931034482759E-4,0.0,0.0,0.6,0.5,0.7,0.4,85.0,80.0,90.0,0.7000000000000001,0.5,0.8,0.4,95.0,70.0,90.0,1604,1604,0,1604,0.0,0.9234538407835864,1.0,0.9234538407835864,1062,0.6620947630922693,1.0,1
"iteration_5","SCOPE_DATA_COLLECTION",400,1,130.0,190.0,2,2435,1633,553,2229,1536,517,2426,1632,551,0,0,2,0.0,0.0,0.003616636528028933,0.3283705979268547,0.927426702138556,1.6816040755715176,0.6567411958537094,0.927426702138556,1.121069383714345,0.06595218466611706,0.6580882352941176,0.7676950998185118,95.0,100.0,3712,539,370,2,0,0,5.387931034482759E-4,0.0,0.0,0.6,0.5,0.7,0.4,85.0,80.0,90.0,0.7000000000000001,0.5,0.8,0.4,95.0,70.0,90.0,551,550,1,551,0.0018148820326678765,1.7736097456506288,1.5,1.1824064971004191,450,0.8181818181818182,1.0,1
"iteration_5","SCOPE_DATA_COLLECTION",400,2,190.0,250.0,0,2421,1604,551,2435,1633,553,2416,1608,555,0,0,1,0.0,0.0,0.0017985611510791368,0.33184802998350843,0.9226025400574991,1.7740507502443286,0.6636960599670169,0.9226025400574991,1.1827005001628856,0.08650662251655629,0.6623134328358209,0.818018018018018,95.0,100.0,3670,623,283,1,0,0,2.7247956403269756E-4,0.0,0.0,0.7000000000000001,0.5,0.8,0.4,95.0,70.0,90.0,0.8,0.6000000000000001,0.7000000000000001,0.4,95.0,60.0,95.0,2467,2466,1,2467,4.0535062829347385E-4,0.33360678577033454,0.5,0.6672135715406691,230,0.09326845093268452,1.0,1
"iteration_5","SCOPE_DATA_COLLECTION",400,2,190.0,250.0,1,2421,1604,551,2435,1633,553,2416,1608,555,0,0,1,0.0,0.0,0.0017985611510791368,0.33184802998350843,0.9226025400574991,1.7740507502443286,0.6636960599670169,0.9226025400574991,1.1827005001628856,0.08650662251655629,0.6623134328358209,0.818018018018018,95.0,100.0,3670,623,283,1,0,0,2.7247956403269756E-4,0.0,0.0,0.7000000000000001,0.5,0.8,0.4,95.0,70.0,90.0,0.8,0.6000000000000001,0.7000000000000001,0.4,95.0,60.0,95.0,1594,1593,1,1594,6.273525721455458E-4,0.9405743027865842,1.0,0.9405743027865842,1084,0.6804770872567483,1.0,1
"iteration_5","SCOPE_DATA_COLLECTION",400,2,190.0,250.0,2,2421,1604,551,2435,1633,553,2416,1608,555,0,0,1,0.0,0.0,0.0017985611510791368,0.33184802998350843,0.9226025400574991,1.7740507502443286,0.6636960599670169,0.9226025400574991,1.1827005001628856,0.08650662251655629,0.6623134328358209,0.818018018018018,95.0,100.0,3670,623,283,1,0,0,2.7247956403269756E-4,0.0,0.0,0.7000000000000001,0.5,0.8,0.4,95.0,70.0,90.0,0.8,0.6000000000000001,0.7000000000000001,0.4,95.0,60.0,95.0,550,548,2,550,0.0036363636363636364,1.7963731619385632,1.5,1.197582107959042,456,0.8321167883211679,1.0,1
"iteration_5","SCOPE_DATA_COLLECTION",400,3,250.0,310.0,0,2467,1594,550,2421,1604,551,2471,1579,542,1,1,2,4.045307443365696E-4,6.329113924050633E-4,0.003676470588235294,0.3329076776664685,0.9411398617701493,1.7945620135501406,0.665815355332937,0.9411398617701493,1.1963746757000937,0.09146094698502631,0.681443951868271,0.8321033210332104,100.0,100.0,3701,736,174,4,0,0,0.0010807889759524452,0.0,0.0,0.8,0.6000000000000001,0.7000000000000001,0.4,95.0,60.0,95.0,0.8,0.7000000000000001,0.6000000000000001,0.30000000000000004,95.0,50.0,85.0,2478,2478,0,2478,0.0,0.3366654241818551,0.5,0.6733308483637102,195,0.07869249394673124,1.0,1
"iteration_5","SCOPE_DATA_COLLECTION",400,3,250.0,310.0,1,2467,1594,550,2421,1604,551,2471,1579,542,1,1,2,4.045307443365696E-4,6.329113924050633E-4,0.003676470588235294,0.3329076776664685,0.9411398617701493,1.7945620135501406,0.665815355332937,0.9411398617701493,1.1963746757000937,0.09146094698502631,0.681443951868271,0.8321033210332104,100.0,100.0,3701,736,174,4,0,0,0.0010807889759524452,0.0,0.0,0.8,0.6000000000000001,0.7000000000000001,0.4,95.0,60.0,95.0,0.8,0.7000000000000001,0.6000000000000001,0.30000000000000004,95.0,50.0,85.0,1609,1609,0,1609,0.0,0.9242816945831576,1.0,0.9242816945831576,1087,0.675574891236793,1.0,1
"iteration_5","SCOPE_DATA_COLLECTION",400,3,250.0,310.0,2,2467,1594,550,2421,1604,551,2471,1579,542,1,1,2,4.045307443365696E-4,6.329113924050633E-4,0.003676470588235294,0.3329076776664685,0.9411398617701493,1.7945620135501406,0.665815355332937,0.9411398617701493,1.1963746757000937,0.09146094698502631,0.681443951868271,0.8321033210332104,100.0,100.0,3701,736,174,4,0,0,0.0010807889759524452,0.0,0.0,0.8,0.6000000000000001,0.7000000000000001,0.4,95.0,60.0,95.0,0.8,0.7000000000000001,0.6000000000000001,0.30000000000000004,95.0,50.0,85.0,514,511,3,514,0.005836575875486381,1.7072083634028996,1.5,1.1381389089352665,403,0.7886497064579256,1.0,1
"iteration_5","SCOPE_DATA_COLLECTION",400,4,310.0,370.0,0,2478,1609,514,2467,1594,550,2480,1613,521,0,0,3,0.0,0.0,0.0057251908396946565,0.33667784655487276,0.9227669495981383,1.7140956256566606,0.6733556931097455,0.9227669495981383,1.1427304171044403,0.07943548387096774,0.6720396776193428,0.7907869481765835,97.5,100.0,3754,690,157,3,0,0,7.991475759190197E-4,0.0,0.0,0.8,0.7000000000000001,0.6000000000000001,0.30000000000000004,95.0,50.0,85.0,0.7000000000000001,0.5,0.30000000000000004,0.4,20.0,35.0,55.0,2337,2337,0,2337,0.0,0.3325648539429473,0.5,0.6651297078858946,207,0.08857509627727857,1.0,1
"iteration_5","SCOPE_DATA_COLLECTION",400,4,310.0,370.0,1,2478,1609,514,2467,1594,550,2480,1613,521,0,0,3,0.0,0.0,0.0057251908396946565,0.33667784655487276,0.9227669495981383,1.7140956256566606,0.6733556931097455,0.9227669495981383,1.1427304171044403,0.07943548387096774,0.6720396776193428,0.7907869481765835,97.5,100.0,3754,690,157,3,0,0,7.991475759190197E-4,0.0,0.0,0.8,0.7000000000000001,0.6000000000000001,0.30000000000000004,95.0,50.0,85.0,0.7000000000000001,0.5,0.30000000000000004,0.4,20.0,35.0,55.0,1613,1613,0,1613,0.0,0.8997195962766493,1.0,0.8997195962766493,1065,0.6602603843769373,1.0,1
"iteration_5","SCOPE_DATA_COLLECTION",400,4,310.0,370.0,2,2478,1609,514,2467,1594,550,2480,1613,521,0,0,3,0.0,0.0,0.0057251908396946565,0.33667784655487276,0.9227669495981383,1.7140956256566606,0.6733556931097455,0.9227669495981383,1.1427304171044403,0.07943548387096774,0.6720396776193428,0.7907869481765835,97.5,100.0,3754,690,157,3,0,0,7.991475759190197E-4,0.0,0.0,0.8,0.7000000000000001,0.6000000000000001,0.30000000000000004,95.0,50.0,85.0,0.7000000000000001,0.5,0.30000000000000004,0.4,20.0,35.0,55.0,579,578,1,579,0.0017271157167530224,1.7169991154017674,1.5,1.1446660769345116,457,0.7906574394463668,1.0,1
"iteration_5","SCOPE_DATA_COLLECTION",400,5,370.0,430.0,0,2337,1613,579,2478,1609,514,2334,1624,568,0,0,1,0.0,0.0,0.0017574692442882249,0.3329983287653994,0.9012289010191474,1.710759826385221,0.6659966575307988,0.9012289010191474,1.1405065509234806,0.08911739502999143,0.6619458128078818,0.7869718309859155,100.0,100.0,3590,640,299,1,0,0,2.785515320334262E-4,0.0,0.0,0.7000000000000001,0.5,0.30000000000000004,0.4,20.0,35.0,55.0,0.25,0.4,0.7000000000000001,0.4,80.0,50.0,90.0,2352,2349,3,2352,0.0012755102040816326,0.3293018859591749,0.5,0.6586037719183498,198,0.0842911877394636,1.0,1
"iteration_5","SCOPE_DATA_COLLECTION",400,5,370.0,430.0,1,2337,1613,579,2478,1609,514,2334,1624,568,0,0,1,0.0,0.0,0.0017574692442882249,0.3329983287653994,0.9012289010191474,1.710759826385221,0.6659966575307988,0.9012289010191474,1.1405065509234806,0.08911739502999143,0.6619458128078818,0.7869718309859155,100.0,100.0,3590,640,299,1,0,0,2.785515320334262E-4,0.0,0.0,0.7000000000000001,0.5,0.30000000000000004,0.4,20.0,35.0,55.0,0.25,0.4,0.7000000000000001,0.4,80.0,50.0,90.0,1576,1576,0,1576,0.0,0.9107508076467166,1.0,0.9107508076467166,1039,0.6592639593908629,1.0,1
"iteration_5","SCOPE_DATA_COLLECTION",400,5,370.0,430.0,2,2337,1613,579,2478,1609,514,2334,1624,568,0,0,1,0.0,0.0,0.0017574692442882249,0.3329983287653994,0.9012289010191474,1.710759826385221,0.6659966575307988,0.9012289010191474,1.1405065509234806,0.08911739502999143,0.6619458128078818,0.7869718309859155,100.0,100.0,3590,640,299,1,0,0,2.785515320334262E-4,0.0,0.0,0.7000000000000001,0.5,0.30000000000000004,0.4,20.0,35.0,55.0,0.25,0.4,0.7000000000000001,0.4,80.0,50.0,90.0,601,600,1,601,0.0016638935108153079,1.711481313956167,1.5,1.1409875426374447,471,0.785,1.0,1
"iteration_5","SCOPE_DATA_COLLECTION",400,6,430.0,490.0,0,2352,1576,601,2337,1613,579,2355,1564,604,3,0,1,0.001272264631043257,0.0,0.001652892561983471,0.32920861196968715,0.9091209752710299,1.7121263096600918,0.6584172239393743,0.9091209752710299,1.1414175397733946,0.08492569002123142,0.657928388746803,0.7864238410596026,97.5,100.0,3582,246,701,4,0,0,0.0011166945840312675,0.0,0.0,0.25,0.4,0.7000000000000001,0.4,80.0,50.0,90.0,0.35000000000000003,0.30000000000000004,0.7000000000000001,0.30000000000000004,80.0,60.0,90.0,2401,2399,2,2401,8.329862557267805E-4,0.33713998960595876,0.5,0.6742799792119175,238,0.09920800333472281,1.0,1
"iteration_5","SCOPE_DATA_COLLECTION",400,6,430.0,490.0,1,2352,1576,601,2337,1613,579,2355,1564,604,3,0,1,0.001272264631043257,0.0,0.001652892561983471,0.32920861196968715,0.9091209752710299,1.7121263096600918,0.6584172239393743,0.9091209752710299,1.1414175397733946,0.08492569002123142,0.657928388746803,0.7864238410596026,97.5,100.0,3582,246,701,4,0,0,0.0011166945840312675,0.0,0.0,0.25,0.4,0.7000000000000001,0.4,80.0,50.0,90.0,0.35000000000000003,0.30000000000000004,0.7000000000000001,0.30000000000000004,80.0,60.0,90.0,1578,1576,2,1578,0.0012674271229404308,0.8997164291988518,1.0,0.8997164291988518,1006,0.6383248730964467,1.0,1
"iteration_5","SCOPE_DATA_COLLECTION",400,6,430.0,490.0,2,2352,1576,601,2337,1613,579,2355,1564,604,3,0,1,0.001272264631043257,0.0,0.001652892561983471,0.32920861196968715,0.9091209752710299,1.7121263096600918,0.6584172239393743,0.9091209752710299,1.1414175397733946,0.08492569002123142,0.657928388746803,0.7864238410596026,97.5,100.0,3582,246,701,4,0,0,0.0011166945840312675,0.0,0.0,0.25,0.4,0.7000000000000001,0.4,80.0,50.0,90.0,0.35000000000000003,0.30000000000000004,0.7000000000000001,0.30000000000000004,80.0,60.0,90.0,609,608,1,609,0.0016420361247947454,1.7393307487296858,1.5,1.1595538324864572,485,0.7976973684210527,1.0,1
"iteration_5","SCOPE_DATA_COLLECTION",400,7,490.0,550.0,0,2401,1578,609,2352,1576,601,2393,1582,606,2,2,1,8.350730688935282E-4,0.0012626262626262627,0.0016474464579901153,0.3370108031005464,0.9018471021116382,1.7378566226451182,0.6740216062010927,0.9018471021116382,1.158571081763412,0.09862097785206854,0.640960809102402,0.7970297029702971,97.5,100.0,3635,337,616,4,1,0,0.0011004126547455295,0.002967359050445104,0.0,0.35000000000000003,0.30000000000000004,0.7000000000000001,0.30000000000000004,80.0,60.0,90.0,0.45,0.2,0.7000000000000001,0.4,80.0,70.0,95.0,2332,2328,4,2332,0.0017152658662092624,0.34019334648032434,0.5,0.6803866929606487,227,0.0975085910652921,1.0,1
"iteration_5","SCOPE_DATA_COLLECTION",400,7,490.0,550.0,1,2401,1578,609,2352,1576,601,2393,1582,606,2,2,1,8.350730688935282E-4,0.0012626262626262627,0.0016474464579901153,0.3370108031005464,0.9018471021116382,1.7378566226451182,0.6740216062010927,0.9018471021116382,1.158571081763412,0.09862097785206854,0.640960809102402,0.7970297029702971,97.5,100.0,3635,337,616,4,1,0,0.0011004126547455295,0.002967359050445104,0.0,0.35000000000000003,0.30000000000000004,0.7000000000000001,0.30000000000000004,80.0,60.0,90.0,0.45,0.2,0.7000000000000001,0.4,80.0,70.0,95.0,1651,1649,2,1651,0.0012113870381586917,0.8957137916544723,1.0,0.8957137916544723,1059,0.6422073984232869,1.0,1
"iteration_5","SCOPE_DATA_COLLECTION",400,7,490.0,550.0,2,2401,1578,609,2352,1576,601,2393,1582,606,2,2,1,8.350730688935282E-4,0.0012626262626262627,0.0016474464579901153,0.3370108031005464,0.9018471021116382,1.7378566226451182,0.6740216062010927,0.9018471021116382,1.158571081763412,0.09862097785206854,0.640960809102402,0.7970297029702971,97.5,100.0,3635,337,616,4,1,0,0.0011004126547455295,0.002967359050445104,0.0,0.35000000000000003,0.30000000000000004,0.7000000000000001,0.30000000000000004,80.0,60.0,90.0,0.45,0.2,0.7000000000000001,0.4,80.0,70.0,95.0,585,584,1,585,0.0017094017094017094,1.7562361669693933,1.5,1.170824111312929,471,0.8065068493150684,1.0,1
"iteration_5","SCOPE_DATA_COLLECTION",400,8,550.0,610.0,0,2332,1651,585,2401,1578,609,2330,1654,584,4,2,1,0.001713796058269066,0.0012077294685990338,0.0017094017094017094,0.340491670507417,0.8957663577789211,1.7583666147458834,0.680983341014834,0.8957663577789211,1.1722444098305889,0.0982832618025751,0.6414752116082225,0.8065068493150684,100.0,100.0,3636,426,506,7,0,0,0.0019251925192519251,0.0,0.0,0.45,0.2,0.7000000000000001,0.4,80.0,70.0,95.0,0.65,0.1,0.7000000000000001,0.4,20.0,90.0,40.0,2336,2334,2,2336,8.561643835616438E-4,0.338923864972566,0.5,0.677847729945132,219,0.09383033419023136,1.0,1
"iteration_5","SCOPE_DATA_COLLECTION",400,8,550.0,610.0,1,2332,1651,585,2401,1578,609,2330,1654,584,4,2,1,0.001713796058269066,0.0012077294685990338,0.0017094017094017094,0.340491670507417,0.8957663577789211,1.7583666147458834,0.680983341014834,0.8957663577789211,1.1722444098305889,0.0982832618025751,0.6414752116082225,0.8065068493150684,100.0,100.0,3636,426,506,7,0,0,0.0019251925192519251,0.0,0.0,0.45,0.2,0.7000000000000001,0.4,80.0,70.0,95.0,0.65,0.1,0.7000000000000001,0.4,20.0,90.0,40.0,1697,1697,0,1697,0.0,0.9295975552046882,1.0,0.9295975552046882,1128,0.6647024160282852,1.0,1
"iteration_5","SCOPE_DATA_COLLECTION",400,8,550.0,610.0,2,2332,1651,585,2401,1578,609,2330,1654,584,4,2,1,0.001713796058269066,0.0012077294685990338,0.0017094017094017094,0.340491670507417,0.8957663577789211,1.7583666147458834,0.680983341014834,0.8957663577789211,1.1722444098305889,0.0982832618025751,0.6414752116082225,0.8065068493150684,100.0,100.0,3636,426,506,7,0,0,0.0019251925192519251,0.0,0.0,0.45,0.2,0.7000000000000001,0.4,80.0,70.0,95.0,0.65,0.1,0.7000000000000001,0.4,20.0,90.0,40.0,585,585,0,585,0.0,1.7606750041663382,1.5,1.173783336110892,475,0.811965811965812,1.0,1
"iteration_5","SCOPE_DATA_COLLECTION",400,9,610.0,670.0,0,2336,1697,585,2332,1651,585,2325,1690,581,2,0,0,8.594757198109154E-4,0.0,0.0,0.3385979279265538,0.930311783686203,1.7657012162736885,0.6771958558531076,0.930311783686203,1.177134144182459,0.09075268817204302,0.6662721893491125,0.8158347676419966,100.0,100.0,3732,582,304,2,0,0,5.359056806002144E-4,0.0,0.0,0.65,0.1,0.7000000000000001,0.4,20.0,90.0,40.0,0.55,0.2,0.8,0.30000000000000004,30.0,95.0,30.0,2371,2368,3,2371,0.0012652889076339097,0.3360430492834874,0.5,0.6720860985669748,204,0.08614864864864864,1.0,1
"iteration_5","SCOPE_DATA_COLLECTION",400,9,610.0,670.0,1,2336,1697,585,2332,1651,585,2325,1690,581,2,0,0,8.594757198109154E-4,0.0,0.0,0.3385979279265538,0.930311783686203,1.7657012162736885,0.6771958558531076,0.930311783686203,1.177134144182459,0.09075268817204302,0.6662721893491125,0.8158347676419966,100.0,100.0,3732,582,304,2,0,0,5.359056806002144E-4,0.0,0.0,0.65,0.1,0.7000000000000001,0.4,20.0,90.0,40.0,0.55,0.2,0.8,0.30000000000000004,30.0,95.0,30.0,1613,1608,5,1613,0.0030998140111593306,0.9133935134118865,1.0,0.9133935134118865,1054,0.6554726368159204,1.0,1
"iteration_5","SCOPE_DATA_COLLECTION",400,9,610.0,670.0,2,2336,1697,585,2332,1651,585,2325,1690,581,2,0,0,8.594757198109154E-4,0.0,0.0,0.3385979279265538,0.930311783686203,1.7657012162736885,0.6771958558531076,0.930311783686203,1.177134144182459,0.09075268817204302,0.6662721893491125,0.8158347676419966,100.0,100.0,3732,582,304,2,0,0,5.359056806002144E-4,0.0,0.0,0.65,0.1,0.7000000000000001,0.4,20.0,90.0,40.0,0.55,0.2,0.8,0.30000000000000004,30.0,95.0,30.0,595,594,1,595,0.0016806722689075631,1.7224554741181384,1.5,1.1483036494120922,470,0.7912457912457912,1.0,1
"iteration_5","SCOPE_DATA_COLLECTION",400,10,670.0,730.0,0,2371,1613,595,2336,1697,585,2378,1606,601,3,5,1,0.00125997480050399,0.0031036623215394167,0.0016611295681063123,0.33615398423240933,0.9101380056720192,1.7182061191307507,0.6723079684648187,0.9101380056720192,1.1454707460871671,0.08830950378469302,0.6506849315068494,0.7886855241264559,95.0,100.0,3668,488,423,8,1,0,0.0021810250817884407,0.0020491803278688526,0.0,0.55,0.2,0.8,0.30000000000000004,30.0,95.0,30.0,0.2,0.2,0.7000000000000001,0.6000000000000001,20.0,35.0,55.0,2463,2461,2,2463,8.120178643930166E-4,0.3327853168125025,0.5,0.665570633625005,173,0.07029662738724096,1.0,1
"iteration_5","SCOPE_DATA_COLLECTION",400,10,670.0,730.0,1,2371,1613,595,2336,1697,585,2378,1606,601,3,5,1,0.00125997480050399,0.0031036623215394167,0.0016611295681063123,0.33615398423240933,0.9101380056720192,1.7182061191307507,0.6723079684648187,0.9101380056720192,1.1454707460871671,0.08830950378469302,0.6506849315068494,0.7886855241264559,95.0,100.0,3668,488,423,8,1,0,0.0021810250817884407,0.0020491803278688526,0.0,0.55,0.2,0.8,0.30000000000000004,30.0,95.0,30.0,0.2,0.2,0.7000000000000001,0.6000000000000001,20.0,35.0,55.0,1690,1690,0,1690,0.0,0.8998524836765545,1.0,0.8998524836765545,1101,0.6514792899408284,1.0,1
"iteration_5","SCOPE_DATA_COLLECTION",400,10,670.0,730.0,2,2371,1613,595,2336,1697,585,2378,1606,601,3,5,1,0.00125997480050399,0.0031036623215394167,0.0016611295681063123,0.33615398423240933,0.9101380056720192,1.7182061191307507,0.6723079684648187,0.9101380056720192,1.1454707460871671,0.08830950378469302,0.6506849315068494,0.7886855241264559,95.0,100.0,3668,488,423,8,1,0,0.0021810250817884407,0.0020491803278688526,0.0,0.55,0.2,0.8,0.30000000000000004,30.0,95.0,30.0,0.2,0.2,0.7000000000000001,0.6000000000000001,20.0,35.0,55.0,550,549,1,550,0.0018181818181818182,1.7314499747329768,1.5,1.1542999831553178,438,0.7978142076502732,1.0,1
"iteration_5","SCOPE_DATA_COLLECTION",400,11,730.0,790.0,0,2463,1690,550,2371,1613,595,2457,1686,548,2,0,1,8.133387555917039E-4,0.0,0.0018214936247723133,0.3328473484223018,0.9001318282233318,1.7309947427370167,0.6656946968446036,0.9001318282233318,1.153996495158011,0.07122507122507123,0.6524317912218268,0.7974452554744526,97.5,100.0,3776,177,750,3,0,0,7.944915254237289E-4,0.0,0.0,0.2,0.2,0.7000000000000001,0.6000000000000001,20.0,35.0,55.0,0.30000000000000004,0.1,0.8,0.7000000000000001,20.0,45.0,55.0,2330,2327,3,2330,0.0012875536480686696,0.33476580971101605,0.5,0.6695316194220321,181,0.07778255264288784,1.0,1
"iteration_5","SCOPE_DATA_COLLECTION",400,11,730.0,790.0,1,2463,1690,550,2371,1613,595,2457,1686,548,2,0,1,8.133387555917039E-4,0.0,0.0018214936247723133,0.3328473484223018,0.9001318282233318,1.7309947427370167,0.6656946968446036,0.9001318282233318,1.153996495158011,0.07122507122507123,0.6524317912218268,0.7974452554744526,97.5,100.0,3776,177,750,3,0,0,7.944915254237289E-4,0.0,0.0,0.2,0.2,0.7000000000000001,0.6000000000000001,20.0,35.0,55.0,0.30000000000000004,0.1,0.8,0.7000000000000001,20.0,45.0,55.0,1663,1660,3,1663,0.0018039687312086591,0.9004755137871572,1.0,0.9004755137871572,1069,0.6439759036144578,1.0,1
"iteration_5","SCOPE_DATA_COLLECTION",400,11,730.0,790.0,2,2463,1690,550,2371,1613,595,2457,1686,548,2,0,1,8.133387555917039E-4,0.0,0.0018214936247723133,0.3328473484223018,0.9001318282233318,1.7309947427370167,0.6656946968446036,0.9001318282233318,1.153996495158011,0.07122507122507123,0.6524317912218268,0.7974452554744526,97.5,100.0,3776,177,750,3,0,0,7.944915254237289E-4,0.0,0.0,0.2,0.2,0.7000000000000001,0.6000000000000001,20.0,35.0,55.0,0.30000000000000004,0.1,0.8,0.7000000000000001,20.0,45.0,55.0,579,577,2,579,0.0034542314335060447,1.7270696731629234,1.5,1.1513797821086156,457,0.7920277296360485,1.0,1
"iteration_5","SCOPE_DATA_COLLECTION",400,12,790.0,850.0,0,2330,1663,579,2463,1690,550,2323,1669,581,3,3,2,0.0012897678417884782,0.0017942583732057417,0.003430531732418525,0.3342463142108469,0.9018630994908565,1.7310323589101946,0.6684926284216938,0.9018630994908565,1.1540215726067964,0.07490314248816186,0.6452965847813061,0.7934595524956971,95.0,100.0,3676,260,636,7,1,0,0.0019042437431991295,0.0038461538461538464,0.0,0.30000000000000004,0.1,0.8,0.7000000000000001,20.0,45.0,55.0,0.30000000000000004,0.2,0.8,0.7000000000000001,30.0,35.0,55.0,2394,2393,1,2394,4.177109440267335E-4,0.32799061551381364,0.5,0.6559812310276273,171,0.07145842039281237,1.0,1
"iteration_5","SCOPE_DATA_COLLECTION",400,12,790.0,850.0,1,2330,1663,579,2463,1690,550,2323,1669,581,3,3,2,0.0012897678417884782,0.0017942583732057417,0.003430531732418525,0.3342463142108469,0.9018630994908565,1.7310323589101946,0.6684926284216938,0.9018630994908565,1.1540215726067964,0.07490314248816186,0.6452965847813061,0.7934595524956971,95.0,100.0,3676,260,636,7,1,0,0.0019042437431991295,0.0038461538461538464,0.0,0.30000000000000004,0.1,0.8,0.7000000000000001,20.0,45.0,55.0,0.30000000000000004,0.2,0.8,0.7000000000000001,30.0,35.0,55.0,1674,1672,2,1674,0.0011947431302270011,0.9033206695122131,1.0,0.9033206695122131,1105,0.6608851674641149,1.0,1
"iteration_5","SCOPE_DATA_COLLECTION",400,12,790.0,850.0,2,2330,1663,579,2463,1690,550,2323,1669,581,3,3,2,0.0012897678417884782,0.0017942583732057417,0.003430531732418525,0.3342463142108469,0.9018630994908565,1.7310323589101946,0.6684926284216938,0.9018630994908565,1.1540215726067964,0.07490314248816186,0.6452965847813061,0.7934595524956971,95.0,100.0,3676,260,636,7,1,0,0.0019042437431991295,0.0038461538461538464,0.0,0.30000000000000004,0.1,0.8,0.7000000000000001,20.0,45.0,55.0,0.30000000000000004,0.2,0.8,0.7000000000000001,30.0,35.0,55.0,612,611,1,612,0.0016339869281045752,1.7438958133405265,1.5,1.1625972088936842,487,0.7970540098199672,1.0,1
"iteration_5","SCOPE_DATA_COLLECTION",400,13,850.0,910.0,0,2394,1674,612,2330,1663,579,2400,1662,610,1,2,1,4.1649312786339027E-4,0.001201923076923077,0.0016366612111292963,0.32851888145044017,0.9013717762646466,1.7435856649148822,0.6570377629008803,0.9013717762646466,1.1623904432765881,0.07416666666666667,0.6594464500601684,0.7967213114754098,97.5,100.0,3692,304,684,4,0,0,0.0010834236186348862,0.0,0.0,0.30000000000000004,0.2,0.8,0.7000000000000001,30.0,35.0,55.0,0.30000000000000004,0.7000000000000001,0.30000000000000004,0.8,30.0,75.0,95.0,2371,2370,1,2371,4.2176296921130323E-4,0.3198073037985868,0.5,0.6396146075971736,201,0.08481012658227848,1.0,1
"iteration_5","SCOPE_DATA_COLLECTION",400,13,850.0,910.0,1,2394,1674,612,2330,1663,579,2400,1662,610,1,2,1,4.1649312786339027E-4,0.001201923076923077,0.0016366612111292963,0.32851888145044017,0.9013717762646466,1.7435856649148822,0.6570377629008803,0.9013717762646466,1.1623904432765881,0.07416666666666667,0.6594464500601684,0.7967213114754098,97.5,100.0,3692,304,684,4,0,0,0.0010834236186348862,0.0,0.0,0.30000000000000004,0.2,0.8,0.7000000000000001,30.0,35.0,55.0,0.30000000000000004,0.7000000000000001,0.30000000000000004,0.8,30.0,75.0,95.0,1658,1656,2,1658,0.0012062726176115801,0.8701659093430166,1.0,0.8701659093430166,1051,0.6346618357487923,1.0,1
"iteration_5","SCOPE_DATA_COLLECTION",400,13,850.0,910.0,2,2394,1674,612,2330,1663,579,2400,1662,610,1,2,1,4.1649312786339027E-4,0.001201923076923077,0.0016366612111292963,0.32851888145044017,0.9013717762646466,1.7435856649148822,0.6570377629008803,0.9013717762646466,1.1623904432765881,0.07416666666666667,0.6594464500601684,0.7967213114754098,97.5,100.0,3692,304,684,4,0,0,0.0010834236186348862,0.0,0.0,0.30000000000000004,0.2,0.8,0.7000000000000001,30.0,35.0,55.0,0.30000000000000004,0.7000000000000001,0.30000000000000004,0.8,30.0,75.0,95.0,579,575,4,579,0.0069084628670120895,1.7225122177164618,1.5,1.1483414784776411,458,0.7965217391304348,1.0,1
"iteration_5","SCOPE_DATA_COLLECTION",400,14,910.0,970.0,0,2371,1658,579,2394,1674,612,2371,1661,569,1,2,4,4.2158516020236085E-4,0.0012026458208057728,0.006980802792321117,0.31949225449873686,0.8719716926410935,1.726053266062005,0.6389845089974737,0.8719716926410935,1.15070217737467,0.08224377899620414,0.6351595424443106,0.7996485061511424,95.0,100.0,3535,318,755,7,0,0,0.0019801980198019802,0.0,0.0,0.30000000000000004,0.7000000000000001,0.30000000000000004,0.8,30.0,75.0,95.0,0.30000000000000004,0.7000000000000001,0.2,0.9,40.0,65.0,95.0,2505,2503,2,2505,7.984031936127744E-4,0.3208213755598529,0.5,0.6416427511197058,183,0.07311226528166201,1.0,1
"iteration_5","SCOPE_DATA_COLLECTION",400,14,910.0,970.0,1,2371,1658,579,2394,1674,612,2371,1661,569,1,2,4,4.2158516020236085E-4,0.0012026458208057728,0.006980802792321117,0.31949225449873686,0.8719716926410935,1.726053266062005,0.6389845089974737,0.8719716926410935,1.15070217737467,0.08224377899620414,0.6351595424443106,0.7996485061511424,95.0,100.0,3535,318,755,7,0,0,0.0019801980198019802,0.0,0.0,0.30000000000000004,0.7000000000000001,0.30000000000000004,0.8,30.0,75.0,95.0,0.30000000000000004,0.7000000000000001,0.2,0.9,40.0,65.0,95.0,1631,1627,4,1631,0.002452483139178418,0.8892449286322467,1.0,0.8892449286322467,1065,0.6545789797172711,1.0,1
"iteration_5","SCOPE_DATA_COLLECTION",400,14,910.0,970.0,2,2371,1658,579,2394,1674,612,2371,1661,569,1,2,4,4.2158516020236085E-4,0.0012026458208057728,0.006980802792321117,0.31949225449873686,0.8719716926410935,1.726053266062005,0.6389845089974737,0.8719716926410935,1.15070217737467,0.08224377899620414,0.6351595424443106,0.7996485061511424,95.0,100.0,3535,318,755,7,0,0,0.0019801980198019802,0.0,0.0,0.30000000000000004,0.7000000000000001,0.30000000000000004,0.8,30.0,75.0,95.0,0.30000000000000004,0.7000000000000001,0.2,0.9,40.0,65.0,95.0,562,562,0,562,0.0,1.7201574455045798,1.5,1.1467716303363866,446,0.7935943060498221,1.0,1
"iteration_5","SCOPE_DATA_COLLECTION",400,15,970.0,1030.0,0,2505,1631,562,2371,1658,579,2506,1637,556,2,4,0,7.974481658692185E-4,0.002437538086532602,0.0,0.32122578183485584,0.8893421088431663,1.7082816523072046,0.6424515636697117,0.8893421088431663,1.1388544348714698,0.07501995211492418,0.6554673182651192,0.7859712230215827,95.0,100.0,3676,289,733,5,1,0,0.0013601741022850925,0.0034602076124567475,0.0,0.30000000000000004,0.7000000000000001,0.2,0.9,40.0,65.0,95.0,0.25,0.30000000000000004,0.2,0.8,75.0,45.0,80.0,2360,2360,0,2360,0.0,0.34296337882407246,0.5,0.6859267576481449,246,0.10423728813559321,1.0,1
"iteration_5","SCOPE_DATA_COLLECTION",400,15,970.0,1030.0,1,2505,1631,562,2371,1658,579,2506,1637,556,2,4,0,7.974481658692185E-4,0.002437538086532602,0.0,0.32122578183485584,0.8893421088431663,1.7082816523072046,0.6424515636697117,0.8893421088431663,1.1388544348714698,0.07501995211492418,0.6554673182651192,0.7859712230215827,95.0,100.0,3676,289,733,5,1,0,0.0013601741022850925,0.0034602076124567475,0.0,0.30000000000000004,0.7000000000000001,0.2,0.9,40.0,65.0,95.0,0.25,0.30000000000000004,0.2,0.8,75.0,45.0,80.0,1606,1604,2,1606,0.0012453300124533001,0.903591570842333,1.0,0.903591570842333,1048,0.6533665835411472,1.0,1
"iteration_5","SCOPE_DATA_COLLECTION",400,15,970.0,1030.0,2,2505,1631,562,2371,1658,579,2506,1637,556,2,4,0,7.974481658692185E-4,0.002437538086532602,0.0,0.32122578183485584,0.8893421088431663,1.7082816523072046,0.6424515636697117,0.8893421088431663,1.1388544348714698,0.07501995211492418,0.6554673182651192,0.7859712230215827,95.0,100.0,3676,289,733,5,1,0,0.0013601741022850925,0.0034602076124567475,0.0,0.30000000000000004,0.7000000000000001,0.2,0.9,40.0,65.0,95.0,0.25,0.30000000000000004,0.2,0.8,75.0,45.0,80.0,583,581,2,583,0.003430531732418525,1.7176712066510444,1.5,1.145114137767363,462,0.7951807228915663,1.0,1
"iteration_5","SCOPE_DATA_COLLECTION",400,16,1030.0,1090.0,0,2360,1606,583,2505,1631,562,2352,1603,587,0,2,2,0.0,0.0012461059190031153,0.003395585738539898,0.3424175650029115,0.9039441923517355,1.7216154012171565,0.684835130005823,0.9039441923517355,1.1477436008114377,0.10246598639455783,0.6525265127885215,0.797274275979557,100.0,100.0,3662,228,659,4,0,0,0.0010922992900054614,0.0,0.0,0.25,0.30000000000000004,0.2,0.8,75.0,45.0,80.0,0.8500000000000001,0.1,0.5,0.4,45.0,80.0,65.0,2378,2375,3,2378,0.001261564339781329,0.35388903622654183,0.5,0.7077780724530837,271,0.11410526315789474,1.0,1
"iteration_5","SCOPE_DATA_COLLECTION",400,16,1030.0,1090.0,1,2360,1606,583,2505,1631,562,2352,1603,587,0,2,2,0.0,0.0012461059190031153,0.003395585738539898,0.3424175650029115,0.9039441923517355,1.7216154012171565,0.684835130005823,0.9039441923517355,1.1477436008114377,0.10246598639455783,0.6525265127885215,0.797274275979557,100.0,100.0,3662,228,659,4,0,0,0.0010922992900054614,0.0,0.0,0.25,0.30000000000000004,0.2,0.8,75.0,45.0,80.0,0.8500000000000001,0.1,0.5,0.4,45.0,80.0,65.0,1650,1649,1,1650,6.060606060606061E-4,0.9484714206142043,1.0,0.9484714206142043,1151,0.6979987871437234,1.0,1
"iteration_5","SCOPE_DATA_COLLECTION",400,16,1030.0,1090.0,2,2360,1606,583,2505,1631,562,2352,1603,587,0,2,2,0.0,0.0012461059190031153,0.003395585738539898,0.3424175650029115,0.9039441923517355,1.7216154012171565,0.684835130005823,0.9039441923517355,1.1477436008114377,0.10246598639455783,0.6525265127885215,0.797274275979557,100.0,100.0,3662,228,659,4,0,0,0.0010922992900054614,0.0,0.0,0.25,0.30000000000000004,0.2,0.8,75.0,45.0,80.0,0.8500000000000001,0.1,0.5,0.4,45.0,80.0,65.0,551,551,0,551,0.0,1.8018369255237756,1.5,1.2012246170158505,457,0.8294010889292196,1.0,1
"iteration_5","SCOPE_DATA_COLLECTION",400,17,1090.0,1150.0,0,2378,1650,551,2360,1606,583,2366,1644,552,3,1,0,0.001266357112705783,6.079027355623101E-4,0.0,0.35438819050804093,0.9452038234802478,1.798490839648882,0.7087763810160819,0.9452038234802478,1.1989938930992545,0.1158072696534235,0.698905109489051,0.8297101449275363,100.0,100.0,3763,678,138,4,0,0,0.0010629816635663034,0.0,0.0,0.8500000000000001,0.1,0.5,0.4,45.0,80.0,65.0,0.8,0.2,0.30000000000000004,0.5,40.0,25.0,35.0,2442,2440,2,2442,8.19000819000819E-4,0.35119522396327124,0.5,0.7023904479265425,295,0.12090163934426229,1.0,1
"iteration_5","SCOPE_DATA_COLLECTION",400,17,1090.0,1150.0,1,2378,1650,551,2360,1606,583,2366,1644,552,3,1,0,0.001266357112705783,6.079027355623101E-4,0.0,0.35438819050804093,0.9452038234802478,1.798490839648882,0.7087763810160819,0.9452038234802478,1.1989938930992545,0.1158072696534235,0.698905109489051,0.8297101449275363,100.0,100.0,3763,678,138,4,0,0,0.0010629816635663034,0.0,0.0,0.8500000000000001,0.1,0.5,0.4,45.0,80.0,65.0,0.8,0.2,0.30000000000000004,0.5,40.0,25.0,35.0,1625,1623,2,1625,0.0012307692307692308,0.9158573414651597,1.0,0.9158573414651597,1085,0.6685150955021565,1.0,1
"iteration_5","SCOPE_DATA_COLLECTION",400,17,1090.0,1150.0,2,2378,1650,551,2360,1606,583,2366,1644,552,3,1,0,0.001266357112705783,6.079027355623101E-4,0.0,0.35438819050804093,0.9452038234802478,1.798490839648882,0.7087763810160819,0.9452038234802478,1.1989938930992545,0.1158072696534235,0.698905109489051,0.8297101449275363,100.0,100.0,3763,678,138,4,0,0,0.0010629816635663034,0.0,0.0,0.8500000000000001,0.1,0.5,0.4,45.0,80.0,65.0,0.8,0.2,0.30000000000000004,0.5,40.0,25.0,35.0,580,579,1,580,0.0017241379310344827,1.8026965467425935,1.5,1.2017976978283957,481,0.8307426597582038,1.0,1
"iteration_5","SCOPE_DATA_COLLECTION",400,18,1150.0,1210.0,0,2442,1625,580,2378,1650,551,2451,1618,585,2,2,1,8.153281695882593E-4,0.0012345679012345679,0.0017064846416382253,0.35077387932091175,0.9188341303832932,1.807279609271825,0.7015477586418235,0.9188341303832932,1.2048530728478835,0.11913504691962465,0.6711990111248455,0.8324786324786325,95.0,100.0,3760,700,187,5,0,0,0.0013297872340425532,0.0,0.0,0.8,0.2,0.30000000000000004,0.5,40.0,25.0,35.0,0.8,0.2,0.30000000000000004,0.5,40.0,25.0,35.0,2408,2406,2,2408,8.305647840531562E-4,0.34892183086942513,0.5,0.6978436617388503,276,0.11471321695760599,1.0,1
"iteration_5","SCOPE_DATA_COLLECTION",400,18,1150.0,1210.0,1,2442,1625,580,2378,1650,551,2451,1618,585,2,2,1,8.153281695882593E-4,0.0012345679012345679,0.0017064846416382253,0.35077387932091175,0.9188341303832932,1.807279609271825,0.7015477586418235,0.9188341303832932,1.2048530728478835,0.11913504691962465,0.6711990111248455,0.8324786324786325,95.0,100.0,3760,700,187,5,0,0,0.0013297872340425532,0.0,0.0,0.8,0.2,0.30000000000000004,0.5,40.0,25.0,35.0,0.8,0.2,0.30000000000000004,0.5,40.0,25.0,35.0,1652,1650,2,1652,0.0012106537530266344,0.906838723240165,1.0,0.906838723240165,1075,0.6515151515151515,1.0,1
"iteration_5","SCOPE_DATA_COLLECTION",400,18,1150.0,1210.0,2,2442,1625,580,2378,1650,551,2451,1618,585,2,2,1,8.153281695882593E-4,0.0012345679012345679,0.0017064846416382253,0.35077387932091175,0.9188341303832932,1.807279609271825,0.7015477586418235,0.9188341303832932,1.2048530728478835,0.11913504691962465,0.6711990111248455,0.8324786324786325,95.0,100.0,3760,700,187,5,0,0,0.0013297872340425532,0.0,0.0,0.8,0.2,0.30000000000000004,0.5,40.0,25.0,35.0,0.8,0.2,0.30000000000000004,0.5,40.0,25.0,35.0,567,567,0,567,0.0,1.7322227975743012,1.5,1.1548151983828674,453,0.798941798941799,1.0,1
"iteration_5","SCOPE_DATA_COLLECTION",400,19,1210.0,1270.0,0,2408,1652,567,2442,1625,580,2411,1660,563,2,2,0,8.288437629506838E-4,0.0012033694344163659,0.0,0.34949743825338714,0.9075996170039381,1.7297620388669712,0.6989948765067743,0.9075996170039381,1.1531746925779809,0.11696391538780589,0.6493975903614457,0.7975133214920072,97.5,100.0,3742,723,162,4,0,0,0.0010689470871191875,0.0,0.0,0.8,0.2,0.30000000000000004,0.5,40.0,25.0,35.0,0.25,0.8,0.4,0.30000000000000004,65.0,75.0,60.0,2447,2445,2,2447,8.173273395995096E-4,0.3251281970211547,0.5,0.6502563940423094,252,0.10306748466257669,1.0,1
"iteration_5","SCOPE_DATA_COLLECTION",400,19,1210.0,1270.0,1,2408,1652,567,2442,1625,580,2411,1660,563,2,2,0,8.288437629506838E-4,0.0012033694344163659,0.0,0.34949743825338714,0.9075996170039381,1.7297620388669712,0.6989948765067743,0.9075996170039381,1.1531746925779809,0.11696391538780589,0.6493975903614457,0.7975133214920072,97.5,100.0,3742,723,162,4,0,0,0.0010689470871191875,0.0,0.0,0.8,0.2,0.30000000000000004,0.5,40.0,25.0,35.0,0.25,0.8,0.4,0.30000000000000004,65.0,75.0,60.0,1619,1617,2,1619,0.0012353304508956147,0.8844930284428798,1.0,0.8844930284428798,1019,0.6301793444650587,1.0,1
"iteration_5","SCOPE_DATA_COLLECTION",400,19,1210.0,1270.0,2,2408,1652,567,2442,1625,580,2411,1660,563,2,2,0,8.288437629506838E-4,0.0012033694344163659,0.0,0.34949743825338714,0.9075996170039381,1.7297620388669712,0.6989948765067743,0.9075996170039381,1.1531746925779809,0.11696391538780589,0.6493975903614457,0.7975133214920072,97.5,100.0,3742,723,162,4,0,0,0.0010689470871191875,0.0,0.0,0.8,0.2,0.30000000000000004,0.5,40.0,25.0,35.0,0.25,0.8,0.4,0.30000000000000004,65.0,75.0,60.0,612,610,2,612,0.0032679738562091504,1.711807103635443,1.5,1.141204735756962,480,0.7868852459016393,1.0,1
"iteration_5","SCOPE_DATA_COLLECTION",400,20,1270.0,1330.0,0,2447,1619,612,2408,1652,567,2438,1616,612,2,2,2,8.19672131147541E-4,0.0012360939431396785,0.003257328990228013,0.3253090257509949,0.8850491271022569,1.716251695666953,0.6506180515019898,0.8850491271022569,1.144167797111302,0.10336341263330599,0.6324257425742574,0.7892156862745098,97.5,100.0,3607,262,809,6,0,0,0.0016634322151372332,0.0,0.0,0.25,0.8,0.4,0.30000000000000004,65.0,75.0,60.0,0.25,0.8,0.4,0.30000000000000004,65.0,75.0,60.0,2409,2405,4,2409,0.0016604400166044002,0.3360129185634357,0.5,0.6720258371268714,248,0.10311850311850312,1.0,1
"iteration_5","SCOPE_DATA_COLLECTION",400,20,1270.0,1330.0,1,2447,1619,612,2408,1652,567,2438,1616,612,2,2,2,8.19672131147541E-4,0.0012360939431396785,0.003257328990228013,0.3253090257509949,0.8850491271022569,1.716251695666953,0.6506180515019898,0.8850491271022569,1.144167797111302,0.10336341263330599,0.6324257425742574,0.7892156862745098,97.5,100.0,3607,262,809,6,0,0,0.0016634322151372332,0.0,0.0,0.25,0.8,0.4,0.30000000000000004,65.0,75.0,60.0,0.25,0.8,0.4,0.30000000000000004,65.0,75.0,60.0,1682,1680,2,1682,0.0011890606420927466,0.8942538072421192,1.0,0.8942538072421192,1090,0.6488095238095238,1.0,1
"iteration_5","SCOPE_DATA_COLLECTION",400,20,1270.0,1330.0,2,2447,1619,612,2408,1652,567,2438,1616,612,2,2,2,8.19672131147541E-4,0.0012360939431396785,0.003257328990228013,0.3253090257509949,0.8850491271022569,1.716251695666953,0.6506180515019898,0.8850491271022569,1.144167797111302,0.10336341263330599,0.6324257425742574,0.7892156862745098,97.5,100.0,3607,262,809,6,0,0,0.0016634322151372332,0.0,0.0,0.25,0.8,0.4,0.30000000000000004,65.0,75.0,60.0,0.25,0.8,0.4,0.30000000000000004,65.0,75.0,60.0,560,560,0,560,0.0,1.7012503803003007,1.5,1.1341669202002005,438,0.7821428571428571,1.0,1
"iteration_5","SCOPE_DATA_COLLECTION",400,21,1330.0,1390.0,0,2409,1682,560,2447,1619,612,2407,1667,561,4,2,0,0.0016590626296142678,0.0011983223487118035,0.0,0.33635433385477437,0.8911188262064855,1.6970835297087106,0.6727086677095487,0.8911188262064855,1.131389019805807,0.10261736601578729,0.6466706658668266,0.7807486631016043,100.0,100.0,3671,267,713,6,0,0,0.0016344320348678834,0.0,0.0,0.25,0.8,0.4,0.30000000000000004,65.0,75.0,60.0,0.35000000000000003,0.8,0.30000000000000004,0.2,65.0,65.0,50.0,2435,2434,1,2435,4.106776180698152E-4,0.32447197092829166,0.5,0.6489439418565833,221,0.09079704190632704,1.0,1
"iteration_5","SCOPE_DATA_COLLECTION",400,21,1330.0,1390.0,1,2409,1682,560,2447,1619,612,2407,1667,561,4,2,0,0.0016590626296142678,0.0011983223487118035,0.0,0.33635433385477437,0.8911188262064855,1.6970835297087106,0.6727086677095487,0.8911188262064855,1.131389019805807,0.10261736601578729,0.6466706658668266,0.7807486631016043,100.0,100.0,3671,267,713,6,0,0,0.0016344320348678834,0.0,0.0,0.25,0.8,0.4,0.30000000000000004,65.0,75.0,60.0,0.35000000000000003,0.8,0.30000000000000004,0.2,65.0,65.0,50.0,1622,1621,1,1622,6.165228113440197E-4,0.8944524337076795,1.0,0.8944524337076795,1067,0.6582356570018507,1.0,1
"iteration_5","SCOPE_DATA_COLLECTION",400,21,1330.0,1390.0,2,2409,1682,560,2447,1619,612,2407,1667,561,4,2,0,0.0016590626296142678,0.0011983223487118035,0.0,0.33635433385477437,0.8911188262064855,1.6970835297087106,0.6727086677095487,0.8911188262064855,1.131389019805807,0.10261736601578729,0.6466706658668266,0.7807486631016043,100.0,100.0,3671,267,713,6,0,0,0.0016344320348678834,0.0,0.0,0.25,0.8,0.4,0.30000000000000004,65.0,75.0,60.0,0.35000000000000003,0.8,0.30000000000000004,0.2,65.0,65.0,50.0,557,557,0,557,0.0,1.7155838115007327,1.5,1.1437225410004885,442,0.7935368043087971,1.0,1
"iteration_5","SCOPE_DATA_COLLECTION",400,22,1390.0,1450.0,0,2435,1622,557,2409,1682,560,2432,1637,553,1,1,0,4.110152075626798E-4,6.105006105006105E-4,0.0,0.3235169181166499,0.8971001106935758,1.7155002901518221,0.6470338362332998,0.8971001106935758,1.1436668601012148,0.09046052631578948,0.6585216860109957,0.7920433996383364,97.5,100.0,3624,338,652,1,1,0,2.759381898454746E-4,0.0029585798816568047,0.0,0.35000000000000003,0.8,0.30000000000000004,0.2,65.0,65.0,50.0,0.6000000000000001,0.8,0.1,0.6000000000000001,60.0,65.0,95.0,2304,2302,2,2304,8.680555555555555E-4,0.33115031705714604,0.5,0.6623006341142921,157,0.0682015638575152,1.0,1
"iteration_5","SCOPE_DATA_COLLECTION",400,22,1390.0,1450.0,1,2435,1622,557,2409,1682,560,2432,1637,553,1,1,0,4.110152075626798E-4,6.105006105006105E-4,0.0,0.3235169181166499,0.8971001106935758,1.7155002901518221,0.6470338362332998,0.8971001106935758,1.1436668601012148,0.09046052631578948,0.6585216860109957,0.7920433996383364,97.5,100.0,3624,338,652,1,1,0,2.759381898454746E-4,0.0029585798816568047,0.0,0.35000000000000003,0.8,0.30000000000000004,0.2,65.0,65.0,50.0,0.6000000000000001,0.8,0.1,0.6000000000000001,60.0,65.0,95.0,1596,1594,2,1596,0.0012531328320802004,0.9019926102466161,1.0,0.9019926102466161,1035,0.6493099121706399,1.0,1
"iteration_5","SCOPE_DATA_COLLECTION",400,22,1390.0,1450.0,2,2435,1622,557,2409,1682,560,2432,1637,553,1,1,0,4.110152075626798E-4,6.105006105006105E-4,0.0,0.3235169181166499,0.8971001106935758,1.7155002901518221,0.6470338362332998,0.8971001106935758,1.1436668601012148,0.09046052631578948,0.6585216860109957,0.7920433996383364,97.5,100.0,3624,338,652,1,1,0,2.759381898454746E-4,0.0029585798816568047,0.0,0.35000000000000003,0.8,0.30000000000000004,0.2,65.0,65.0,50.0,0.6000000000000001,0.8,0.1,0.6000000000000001,60.0,65.0,95.0,554,552,2,554,0.0036101083032490976,1.7425798772454495,1.5,1.161719918163633,448,0.8115942028985508,1.0,1
"iteration_5","SCOPE_DATA_COLLECTION",400,23,1450.0,1510.0,0,2304,1596,554,2435,1622,557,2308,1585,552,2,2,2,8.658008658008658E-4,0.001260239445494644,0.0036101083032490976,0.33154656892919565,0.901143873134324,1.7434133455616738,0.6630931378583913,0.901143873134324,1.1622755637077826,0.06889081455805893,0.6479495268138801,0.8115942028985508,100.0,100.0,3602,520,332,6,0,0,0.001665741254858412,0.0,0.0,0.6000000000000001,0.8,0.1,0.6000000000000001,60.0,65.0,95.0,0.8,0.1,0.1,0.2,95.0,80.0,50.0,2350,2348,2,2350,8.51063829787234E-4,0.3779335388280005,0.5,0.755867077656001,358,0.1524701873935264,1.0,1
"iteration_5","SCOPE_DATA_COLLECTION",400,23,1450.0,1510.0,1,2304,1596,554,2435,1622,557,2308,1585,552,2,2,2,8.658008658008658E-4,0.001260239445494644,0.0036101083032490976,0.33154656892919565,0.901143873134324,1.7434133455616738,0.6630931378583913,0.901143873134324,1.1622755637077826,0.06889081455805893,0.6479495268138801,0.8115942028985508,100.0,100.0,3602,520,332,6,0,0,0.001665741254858412,0.0,0.0,0.6000000000000001,0.8,0.1,0.6000000000000001,60.0,65.0,95.0,0.8,0.1,0.1,0.2,95.0,80.0,50.0,1578,1578,0,1578,0.0,0.9916581906955819,1.0,0.9916581906955819,1155,0.7319391634980988,1.0,1
"iteration_5","SCOPE_DATA_COLLECTION",400,23,1450.0,1510.0,2,2304,1596,554,2435,1622,557,2308,1585,552,2,2,2,8.658008658008658E-4,0.001260239445494644,0.0036101083032490976,0.33154656892919565,0.901143873134324,1.7434133455616738,0.6630931378583913,0.901143873134324,1.1622755637077826,0.06889081455805893,0.6479495268138801,0.8115942028985508,100.0,100.0,3602,520,332,6,0,0,0.001665741254858412,0.0,0.0,0.6000000000000001,0.8,0.1,0.6000000000000001,60.0,65.0,95.0,0.8,0.1,0.1,0.2,95.0,80.0,50.0,523,523,0,523,0.0,1.901768820601408,1.5,1.2678458804009387,467,0.892925430210325,1.0,1
"iteration_5","SCOPE_DATA_COLLECTION",400,24,1510.0,1570.0,0,2350,1578,523,2304,1596,554,2348,1578,523,2,0,0,8.51063829787234E-4,0.0,0.0,0.3778534841735824,0.9916311513823124,1.903481283598754,0.7557069683471648,0.9916311513823124,1.2689875223991693,0.1524701873935264,0.7357414448669202,0.8948374760994264,90.0,100.0,3944,398,109,2,0,0,5.070993914807302E-4,0.0,0.0,0.8,0.1,0.1,0.2,95.0,80.0,50.0,0.7000000000000001,0.1,0.1,0.30000000000000004,85.0,70.0,50.0,2380,2378,2,2380,8.403361344537816E-4,0.37180365075228056,0.5,0.7436073015045611,318,0.13372582001682085,1.0,1
"iteration_5","SCOPE_DATA_COLLECTION",400,24,1510.0,1570.0,1,2350,1578,523,2304,1596,554,2348,1578,523,2,0,0,8.51063829787234E-4,0.0,0.0,0.3778534841735824,0.9916311513823124,1.903481283598754,0.7557069683471648,0.9916311513823124,1.2689875223991693,0.1524701873935264,0.7357414448669202,0.8948374760994264,90.0,100.0,3944,398,109,2,0,0,5.070993914807302E-4,0.0,0.0,0.8,0.1,0.1,0.2,95.0,80.0,50.0,0.7000000000000001,0.1,0.1,0.30000000000000004,85.0,70.0,50.0,1613,1612,1,1613,6.199628022318661E-4,0.9992848739165989,1.0,0.9992848739165989,1216,0.7543424317617866,1.0,1
"iteration_5","SCOPE_DATA_COLLECTION",400,24,1510.0,1570.0,2,2350,1578,523,2304,1596,554,2348,1578,523,2,0,0,8.51063829787234E-4,0.0,0.0,0.3778534841735824,0.9916311513823124,1.903481283598754,0.7557069683471648,0.9916311513823124,1.2689875223991693,0.1524701873935264,0.7357414448669202,0.8948374760994264,90.0,100.0,3944,398,109,2,0,0,5.070993914807302E-4,0.0,0.0,0.8,0.1,0.1,0.2,95.0,80.0,50.0,0.7000000000000001,0.1,0.1,0.30000000000000004,85.0,70.0,50.0,546,545,1,546,0.0018315018315018315,1.839721135651432,1.5,1.2264807571009546,468,0.8587155963302753,1.0,1
"iteration_5","SCOPE_DATA_COLLECTION",400,25,1570.0,1630.0,0,2380,1613,546,2350,1578,523,2370,1607,540,2,1,1,8.431703204047217E-4,6.218905472636816E-4,0.0018484288354898336,0.3714566349857135,0.9988393116461849,1.8342531736257501,0.742913269971427,0.9988393116461849,1.2228354490838333,0.13375527426160339,0.7485998755444928,0.8555555555555555,97.5,100.0,3951,425,163,4,0,0,0.0010124019235636548,0.0,0.0,0.7000000000000001,0.1,0.1,0.30000000000000004,85.0,70.0,50.0,0.7000000000000001,0.1,0.1,0.2,95.0,80.0,60.0,2410,2407,3,2410,0.0012448132780082987,0.3822492485112744,0.5,0.7644984970225488,422,0.17532197756543416,1.0,1
"iteration_5","SCOPE_DATA_COLLECTION",400,25,1570.0,1630.0,1,2380,1613,546,2350,1578,523,2370,1607,540,2,1,1,8.431703204047217E-4,6.218905472636816E-4,0.0018484288354898336,0.3714566349857135,0.9988393116461849,1.8342531736257501,0.742913269971427,0.9988393116461849,1.2228354490838333,0.13375527426160339,0.7485998755444928,0.8555555555555555,97.5,100.0,3951,425,163,4,0,0,0.0010124019235636548,0.0,0.0,0.7000000000000001,0.1,0.1,0.30000000000000004,85.0,70.0,50.0,0.7000000000000001,0.1,0.1,0.2,95.0,80.0,60.0,1599,1596,3,1599,0.001876172607879925,0.9905212296469678,1.0,0.9905212296469678,1180,0.7393483709273183,1.0,1
"iteration_5","SCOPE_DATA_COLLECTION",400,25,1570.0,1630.0,2,2380,1613,546,2350,1578,523,2370,1607,540,2,1,1,8.431703204047217E-4,6.218905472636816E-4,0.0018484288354898336,0.3714566349857135,0.9988393116461849,1.8342531736257501,0.742913269971427,0.9988393116461849,1.2228354490838333,0.13375527426160339,0.7485998755444928,0.8555555555555555,97.5,100.0,3951,425,163,4,0,0,0.0010124019235636548,0.0,0.0,0.7000000000000001,0.1,0.1,0.30000000000000004,85.0,70.0,50.0,0.7000000000000001,0.1,0.1,0.2,95.0,80.0,60.0,593,591,2,593,0.003372681281618887,1.853307725494245,1.5,1.23553848366283,513,0.868020304568528,1.0,1
"iteration_5","SCOPE_DATA_COLLECTION",400,26,1630.0,1690.0,0,2410,1599,593,2380,1613,546,2412,1589,597,3,3,2,0.0012422360248447205,0.0018844221105527637,0.00333889816360601,0.3823982380155268,0.9891780015722076,1.8566656850327286,0.7647964760310536,0.9891780015722076,1.2377771233551524,0.17495854063018243,0.7388294524858402,0.8693467336683417,100.0,100.0,3972,456,174,8,0,0,0.002014098690835851,0.0,0.0,0.7000000000000001,0.1,0.1,0.2,95.0,80.0,60.0,0.7000000000000001,0.8,0.8,0.30000000000000004,50.0,20.0,65.0,2314,2313,1,2314,4.32152117545376E-4,0.3374223014758181,0.5,0.6748446029516362,267,0.11543450064850844,1.0,1
"iteration_5","SCOPE_DATA_COLLECTION",400,26,1630.0,1690.0,1,2410,1599,593,2380,1613,546,2412,1589,597,3,3,2,0.0012422360248447205,0.0018844221105527637,0.00333889816360601,0.3823982380155268,0.9891780015722076,1.8566656850327286,0.7647964760310536,0.9891780015722076,1.2377771233551524,0.17495854063018243,0.7388294524858402,0.8693467336683417,100.0,100.0,3972,456,174,8,0,0,0.002014098690835851,0.0,0.0,0.7000000000000001,0.1,0.1,0.2,95.0,80.0,60.0,0.7000000000000001,0.8,0.8,0.30000000000000004,50.0,20.0,65.0,1602,1602,0,1602,0.0,0.9149046846181992,1.0,0.9149046846181992,1059,0.6610486891385767,1.0,1
"iteration_5","SCOPE_DATA_COLLECTION",400,26,1630.0,1690.0,2,2410,1599,593,2380,1613,546,2412,1589,597,3,3,2,0.0012422360248447205,0.0018844221105527637,0.00333889816360601,0.3823982380155268,0.9891780015722076,1.8566656850327286,0.7647964760310536,0.9891780015722076,1.2377771233551524,0.17495854063018243,0.7388294524858402,0.8693467336683417,100.0,100.0,3972,456,174,8,0,0,0.002014098690835851,0.0,0.0,0.7000000000000001,0.1,0.1,0.2,95.0,80.0,60.0,0.7000000000000001,0.8,0.8,0.30000000000000004,50.0,20.0,65.0,592,592,0,592,0.0,1.7437694867926976,1.5,1.1625129911951317,474,0.8006756756756757,1.0,1
"iteration_5","SCOPE_DATA_COLLECTION",400,27,1690.0,1750.0,0,2314,1602,592,2410,1599,593,2316,1622,593,1,0,0,4.3159257660768235E-4,0.0,0.0,0.33742310795255714,0.917512100686217,1.7421405251875814,0.6748462159051143,0.917512100686217,1.161427016791721,0.11528497409326424,0.6658446362515413,0.8010118043844857,82.5,100.0,3564,664,280,1,0,0,2.805836139169473E-4,0.0,0.0,0.7000000000000001,0.8,0.8,0.30000000000000004,50.0,20.0,65.0,0.8500000000000001,0.6000000000000001,0.2,0.5,95.0,90.0,70.0,2415,2414,1,2415,4.1407867494824016E-4,0.33906111700763447,0.5,0.6781222340152689,253,0.10480530240265121,1.0,1
"iteration_5","SCOPE_DATA_COLLECTION",400,27,1690.0,1750.0,1,2314,1602,592,2410,1599,593,2316,1622,593,1,0,0,4.3159257660768235E-4,0.0,0.0,0.33742310795255714,0.917512100686217,1.7421405251875814,0.6748462159051143,0.917512100686217,1.161427016791721,0.11528497409326424,0.6658446362515413,0.8010118043844857,82.5,100.0,3564,664,280,1,0,0,2.805836139169473E-4,0.0,0.0,0.7000000000000001,0.8,0.8,0.30000000000000004,50.0,20.0,65.0,0.8500000000000001,0.6000000000000001,0.2,0.5,95.0,90.0,70.0,1655,1651,4,1655,0.002416918429003021,0.9081917997982026,1.0,0.9081917997982026,1091,0.6608116293155664,1.0,1
"iteration_5","SCOPE_DATA_COLLECTION",400,27,1690.0,1750.0,2,2314,1602,592,2410,1599,593,2316,1622,593,1,0,0,4.3159257660768235E-4,0.0,0.0,0.33742310795255714,0.917512100686217,1.7421405251875814,0.6748462159051143,0.917512100686217,1.161427016791721,0.11528497409326424,0.6658446362515413,0.8010118043844857,82.5,100.0,3564,664,280,1,0,0,2.805836139169473E-4,0.0,0.0,0.7000000000000001,0.8,0.8,0.30000000000000004,50.0,20.0,65.0,0.8500000000000001,0.6000000000000001,0.2,0.5,95.0,90.0,70.0,585,584,1,585,0.0017094017094017094,1.7120934340095924,1.5,1.1413956226730615,457,0.7825342465753424,1.0,1
"iteration_5","SCOPE_DATA_COLLECTION",400,28,1750.0,1810.0,0,2415,1655,585,2314,1602,592,2411,1644,583,1,4,1,4.1459369817578774E-4,0.0024271844660194173,0.0017123287671232876,0.33924129748599086,0.9083556261830437,1.709657834460938,0.6784825949719817,0.9083556261830437,1.1397718896406255,0.10535047698050601,0.6605839416058394,0.7821612349914236,100.0,100.0,3685,836,134,6,0,0,0.0016282225237449117,0.0,0.0,0.8500000000000001,0.6000000000000001,0.2,0.5,95.0,90.0,70.0,0.9500000000000001,0.7000000000000001,0.2,0.6000000000000001,95.0,95.0,70.0,2374,2372,2,2374,8.424599831508003E-4,0.3365104168597119,0.5,0.6730208337194238,224,0.09443507588532883,1.0,1
"iteration_5","SCOPE_DATA_COLLECTION",400,28,1750.0,1810.0,1,2415,1655,585,2314,1602,592,2411,1644,583,1,4,1,4.1459369817578774E-4,0.0024271844660194173,0.0017123287671232876,0.33924129748599086,0.9083556261830437,1.709657834460938,0.6784825949719817,0.9083556261830437,1.1397718896406255,0.10535047698050601,0.6605839416058394,0.7821612349914236,100.0,100.0,3685,836,134,6,0,0,0.0016282225237449117,0.0,0.0,0.8500000000000001,0.6000000000000001,0.2,0.5,95.0,90.0,70.0,0.9500000000000001,0.7000000000000001,0.2,0.6000000000000001,95.0,95.0,70.0,1645,1643,2,1645,0.0012158054711246201,0.9017564893676191,1.0,0.9017564893676191,1092,0.664637857577602,1.0,1
"iteration_5","SCOPE_DATA_COLLECTION",400,28,1750.0,1810.0,2,2415,1655,585,2314,1602,592,2411,1644,583,1,4,1,4.1459369817578774E-4,0.0024271844660194173,0.0017123287671232876,0.33924129748599086,0.9083556261830437,1.709657834460938,0.6784825949719817,0.9083556261830437,1.1397718896406255,0.10535047698050601,0.6605839416058394,0.7821612349914236,100.0,100.0,3685,836,134,6,0,0,0.0016282225237449117,0.0,0.0,0.8500000000000001,0.6000000000000001,0.2,0.5,95.0,90.0,70.0,0.9500000000000001,0.7000000000000001,0.2,0.6000000000000001,95.0,95.0,70.0,582,581,1,582,0.001718213058419244,1.6989904211946707,1.5,1.1326602807964472,451,0.7762478485370051,1.0,1
"iteration_5","SCOPE_DATA_COLLECTION",400,29,1810.0,1870.0,0,2374,1645,582,2415,1655,585,2376,1644,581,2,2,1,8.410428931875525E-4,0.001215066828675577,0.001718213058419244,0.3367044299450956,0.901574430195117,1.7060517659825896,0.6734088598901912,0.901574430195117,1.137367843988393,0.09427609427609428,0.6636253041362531,0.7779690189328744,100.0,100.0,3643,920,38,5,0,0,0.001372495196266813,0.0,0.0,0.9500000000000001,0.7000000000000001,0.2,0.6000000000000001,95.0,95.0,70.0,0.8500000000000001,0.7000000000000001,0.2,0.7000000000000001,95.0,95.0,70.0,2440,2437,3,2440,0.0012295081967213116,0.33035907135316006,0.5,0.6607181427063201,226,0.09273697168649979,1.0,1
"iteration_5","SCOPE_DATA_COLLECTION",400,29,1810.0,1870.0,1,2374,1645,582,2415,1655,585,2376,1644,581,2,2,1,8.410428931875525E-4,0.001215066828675577,0.001718213058419244,0.3367044299450956,0.901574430195117,1.7060517659825896,0.6734088598901912,0.901574430195117,1.137367843988393,0.09427609427609428,0.6636253041362531,0.7779690189328744,100.0,100.0,3643,920,38,5,0,0,0.001372495196266813,0.0,0.0,0.9500000000000001,0.7000000000000001,0.2,0.6000000000000001,95.0,95.0,70.0,0.8500000000000001,0.7000000000000001,0.2,0.7000000000000001,95.0,95.0,70.0,1681,1680,1,1681,5.94883997620464E-4,0.8854215179690016,1.0,0.8854215179690016,1056,0.6285714285714286,1.0,1
"iteration_5","SCOPE_DATA_COLLECTION",400,29,1810.0,1870.0,2,2374,1645,582,2415,1655,585,2376,1644,581,2,2,1,8.410428931875525E-4,0.001215066828675577,0.001718213058419244,0.3367044299450956,0.901574430195117,1.7060517659825896,0.6734088598901912,0.901574430195117,1.137367843988393,0.09427609427609428,0.6636253041362531,0.7779690189328744,100.0,100.0,3643,920,38,5,0,0,0.001372495196266813,0.0,0.0,0.9500000000000001,0.7000000000000001,0.2,0.6000000000000001,95.0,95.0,70.0,0.8500000000000001,0.7000000000000001,0.2,0.7000000000000001,95.0,95.0,70.0,556,555,1,556,0.0017985611510791368,1.7101994180580893,1.5,1.1401329453720594,436,0.7855855855855856,1.0,1
"iteration_5","SCOPE_DATA_COLLECTION",400,30,1870.0,1930.0,0,2440,1681,556,2374,1645,582,2437,1688,559,3,1,1,0.0012295081967213116,5.920663114268798E-4,0.0017857142857142857,0.3302981986580884,0.8863699556610327,1.7087039809495579,0.6605963973161768,0.8863699556610327,1.1391359872997053,0.09273697168649979,0.6291469194312796,0.7853309481216458,75.0,100.0,3644,879,154,5,0,0,0.0013721185510428102,0.0,0.0,0.8500000000000001,0.7000000000000001,0.2,0.7000000000000001,95.0,95.0,70.0,0.8500000000000001,0.6000000000000001,0.1,0.6000000000000001,85.0,85.0,60.0,2359,2356,3,2359,0.001271725307333616,0.3332340883148755,0.5,0.666468176629751,177,0.07512733446519525,1.0,1
"iteration_5","SCOPE_DATA_COLLECTION",400,30,1870.0,1930.0,1,2440,1681,556,2374,1645,582,2437,1688,559,3,1,1,0.0012295081967213116,5.920663114268798E-4,0.0017857142857142857,0.3302981986580884,0.8863699556610327,1.7087039809495579,0.6605963973161768,0.8863699556610327,1.1391359872997053,0.09273697168649979,0.6291469194312796,0.7853309481216458,75.0,100.0,3644,879,154,5,0,0,0.0013721185510428102,0.0,0.0,0.8500000000000001,0.7000000000000001,0.2,0.7000000000000001,95.0,95.0,70.0,0.8500000000000001,0.6000000000000001,0.1,0.6000000000000001,85.0,85.0,60.0,1683,1682,1,1683,5.941770647653001E-4,0.917591018795576,1.0,0.917591018795576,1118,0.6646848989298454,1.0,1
"iteration_5","SCOPE_DATA_COLLECTION",400,30,1870.0,1930.0,2,2440,1681,556,2374,1645,582,2437,1688,559,3,1,1,0.0012295081967213116,5.920663114268798E-4,0.0017857142857142857,0.3302981986580884,0.8863699556610327,1.7087039809495579,0.6605963973161768,0.8863699556610327,1.1391359872997053,0.09273697168649979,0.6291469194312796,0.7853309481216458,75.0,100.0,3644,879,154,5,0,0,0.0013721185510428102,0.0,0.0,0.8500000000000001,0.7000000000000001,0.2,0.7000000000000001,95.0,95.0,70.0,0.8500000000000001,0.6000000000000001,0.1,0.6000000000000001,85.0,85.0,60.0,531,530,1,531,0.0018832391713747645,1.728581711356446,1.5,1.152387807570964,426,0.8037735849056604,1.0,1
"iteration_5","SCOPE_DATA_COLLECTION",400,31,1930.0,1990.0,0,2359,1683,531,2440,1681,556,2350,1683,524,3,1,1,0.0012749681257968552,5.938242280285036E-4,0.0019047619047619048,0.3328540847108429,0.917597957905765,1.7252953201803802,0.6657081694216858,0.917597957905765,1.1501968801202536,0.07446808510638298,0.6654783125371361,0.8015267175572519,90.0,100.0,3727,727,119,5,0,0,0.0013415615776764154,0.0,0.0,0.8500000000000001,0.6000000000000001,0.1,0.6000000000000001,85.0,85.0,60.0,0.75,0.7000000000000001,0.2,0.7000000000000001,85.0,95.0,70.0,2387,2384,3,2387,0.0012568077084206116,0.325252172716517,0.5,0.650504345433034,166,0.06963087248322147,1.0,1
"iteration_5","SCOPE_DATA_COLLECTION",400,31,1930.0,1990.0,1,2359,1683,531,2440,1681,556,2350,1683,524,3,1,1,0.0012749681257968552,5.938242280285036E-4,0.0019047619047619048,0.3328540847108429,0.917597957905765,1.7252953201803802,0.6657081694216858,0.917597957905765,1.1501968801202536,0.07446808510638298,0.6654783125371361,0.8015267175572519,90.0,100.0,3727,727,119,5,0,0,0.0013415615776764154,0.0,0.0,0.8500000000000001,0.6000000000000001,0.1,0.6000000000000001,85.0,85.0,60.0,0.75,0.7000000000000001,0.2,0.7000000000000001,85.0,95.0,70.0,1633,1631,2,1633,0.001224739742804654,0.8875913175116248,1.0,0.8875913175116248,1034,0.6339668914776211,1.0,1
"iteration_5","SCOPE_DATA_COLLECTION",400,31,1930.0,1990.0,2,2359,1683,531,2440,1681,556,2350,1683,524,3,1,1,0.0012749681257968552,5.938242280285036E-4,0.0019047619047619048,0.3328540847108429,0.917597957905765,1.7252953201803802,0.6657081694216858,0.917597957905765,1.1501968801202536,0.07446808510638298,0.6654783125371361,0.8015267175572519,90.0,100.0,3727,727,119,5,0,0,0.0013415615776764154,0.0,0.0,0.8500000000000001,0.6000000000000001,0.1,0.6000000000000001,85.0,85.0,60.0,0.75,0.7000000000000001,0.2,0.7000000000000001,85.0,95.0,70.0,544,544,0,544,0.0,1.7247497141353572,1.5,1.1498331427569048,434,0.7977941176470589,1.0,1
"iteration_5","SCOPE_DATA_COLLECTION",400,32,1990.0,2050.0,0,2387,1633,544,2359,1683,531,2388,1621,548,2,2,0,8.368200836820083E-4,0.0012322858903265558,0.0,0.32552034026636356,0.8874889246325742,1.7266446277481722,0.6510406805327271,0.8874889246325742,1.1510964184987815,0.07035175879396985,0.634176434299815,0.7992700729927007,97.5,100.0,3602,709,253,4,0,0,0.001110494169905608,0.0,0.0,0.75,0.7000000000000001,0.2,0.7000000000000001,85.0,95.0,70.0,0.65,0.7000000000000001,0.30000000000000004,0.8,75.0,95.0,80.0,2347,2346,1,2347,4.2607584149978694E-4,0.33062442125688335,0.5,0.6612488425137667,215,0.09164535379369139,1.0,1
"iteration_5","SCOPE_DATA_COLLECTION",400,32,1990.0,2050.0,1,2387,1633,544,2359,1683,531,2388,1621,548,2,2,0,8.368200836820083E-4,0.0012322858903265558,0.0,0.32552034026636356,0.8874889246325742,1.7266446277481722,0.6510406805327271,0.8874889246325742,1.1510964184987815,0.07035175879396985,0.634176434299815,0.7992700729927007,97.5,100.0,3602,709,253,4,0,0,0.001110494169905608,0.0,0.0,0.75,0.7000000000000001,0.2,0.7000000000000001,85.0,95.0,70.0,0.65,0.7000000000000001,0.30000000000000004,0.8,75.0,95.0,80.0,1644,1643,1,1644,6.082725060827251E-4,0.8928142788114249,1.0,0.8928142788114249,1055,0.6421180766889836,1.0,1
"iteration_5","SCOPE_DATA_COLLECTION",400,32,1990.0,2050.0,2,2387,1633,544,2359,1683,531,2388,1621,548,2,2,0,8.368200836820083E-4,0.0012322858903265558,0.0,0.32552034026636356,0.8874889246325742,1.7266446277481722,0.6510406805327271,0.8874889246325742,1.1510964184987815,0.07035175879396985,0.634176434299815,0.7992700729927007,97.5,100.0,3602,709,253,4,0,0,0.001110494169905608,0.0,0.0,0.75,0.7000000000000001,0.2,0.7000000000000001,85.0,95.0,70.0,0.65,0.7000000000000001,0.30000000000000004,0.8,75.0,95.0,80.0,563,563,0,563,0.0,1.727281056312504,1.5,1.151520704208336,445,0.7904085257548845,1.0,1
"iteration_5","SCOPE_DATA_COLLECTION",400,33,2050.0,2110.0,0,2347,1644,563,2387,1633,544,2348,1650,556,2,1,0,8.51063829787234E-4,6.056935190793458E-4,0.0,0.3307902162371533,0.8936410625468458,1.723411444534488,0.6615804324743066,0.8936410625468458,1.1489409630229919,0.09156729131175469,0.6418181818181818,0.7877697841726619,100.0,100.0,3601,618,335,2,1,0,5.554012774229381E-4,0.0016181229773462784,0.0,0.65,0.7000000000000001,0.30000000000000004,0.8,75.0,95.0,80.0,0.55,0.2,0.8,0.4,60.0,75.0,55.0,2356,2355,1,2356,4.2444821731748726E-4,0.3380364192347453,0.5,0.6760728384694906,185,0.07855626326963906,1.0,1
"iteration_5","SCOPE_DATA_COLLECTION",400,33,2050.0,2110.0,1,2347,1644,563,2387,1633,544,2348,1650,556,2,1,0,8.51063829787234E-4,6.056935190793458E-4,0.0,0.3307902162371533,0.8936410625468458,1.723411444534488,0.6615804324743066,0.8936410625468458,1.1489409630229919,0.09156729131175469,0.6418181818181818,0.7877697841726619,100.0,100.0,3601,618,335,2,1,0,5.554012774229381E-4,0.0016181229773462784,0.0,0.65,0.7000000000000001,0.30000000000000004,0.8,75.0,95.0,80.0,0.55,0.2,0.8,0.4,60.0,75.0,55.0,1604,1604,0,1604,0.0,0.9226573027698453,1.0,0.9226573027698453,1062,0.6620947630922693,1.0,1
"iteration_5","SCOPE_DATA_COLLECTION",400,33,2050.0,2110.0,2,2347,1644,563,2387,1633,544,2348,1650,556,2,1,0,8.51063829787234E-4,6.056935190793458E-4,0.0,0.3307902162371533,0.8936410625468458,1.723411444534488,0.6615804324743066,0.8936410625468458,1.1489409630229919,0.09156729131175469,0.6418181818181818,0.7877697841726619,100.0,100.0,3601,618,335,2,1,0,5.554012774229381E-4,0.0016181229773462784,0.0,0.65,0.7000000000000001,0.30000000000000004,0.8,75.0,95.0,80.0,0.55,0.2,0.8,0.4,60.0,75.0,55.0,560,555,5,560,0.008928571428571428,1.7559321685572737,1.5,1.1706214457048492,451,0.8126126126126126,1.0,1
"iteration_5","SCOPE_DATA_COLLECTION",400,34,2110.0,2170.0,0,2356,1604,560,2347,1644,563,2347,1601,565,1,0,5,4.2589437819420784E-4,0.0,0.008771929824561403,0.3379960724763269,0.9208221607753815,1.7611210201343113,0.6759921449526538,0.9208221607753815,1.174080680089541,0.07882403067746059,0.6608369768894441,0.815929203539823,90.0,100.0,3703,460,357,6,0,0,0.0016203078584931137,0.0,0.0,0.55,0.2,0.8,0.4,60.0,75.0,55.0,0.4,0.7000000000000001,0.7000000000000001,0.2,50.0,45.0,20.0,2367,2367,0,2367,0.0,0.3238062189087734,0.5,0.6476124378175468,161,0.06801858893113646,1.0,1
"iteration_5","SCOPE_DATA_COLLECTION",400,34,2110.0,2170.0,1,2356,1604,560,2347,1644,563,2347,1601,565,1,0,5,4.2589437819420784E-4,0.0,0.008771929824561403,0.3379960724763269,0.9208221607753815,1.7611210201343113,0.6759921449526538,0.9208221607753815,1.174080680089541,0.07882403067746059,0.6608369768894441,0.815929203539823,90.0,100.0,3703,460,357,6,0,0,0.0016203078584931137,0.0,0.0,0.55,0.2,0.8,0.4,60.0,75.0,55.0,0.4,0.7000000000000001,0.7000000000000001,0.2,50.0,45.0,20.0,1641,1640,1,1641,6.093845216331506E-4,0.9160438697254709,1.0,0.9160438697254709,1073,0.6542682926829269,1.0,1
"iteration_5","SCOPE_DATA_COLLECTION",400,34,2110.0,2170.0,2,2356,1604,560,2347,1644,563,2347,1601,565,1,0,5,4.2589437819420784E-4,0.0,0.008771929824561403,0.3379960724763269,0.9208221607753815,1.7611210201343113,0.6759921449526538,0.9208221607753815,1.174080680089541,0.07882403067746059,0.6608369768894441,0.815929203539823,90.0,100.0,3703,460,357,6,0,0,0.0016203078584931137,0.0,0.0,0.55,0.2,0.8,0.4,60.0,75.0,55.0,0.4,0.7000000000000001,0.7000000000000001,0.2,50.0,45.0,20.0,531,530,1,531,0.0018832391713747645,1.6729821160648748,1.5,1.1153214107099165,409,0.7716981132075472,1.0,1
"iteration_5","SCOPE_DATA_COLLECTION",400,35,2170.0,2230.0,0,2367,1641,531,2356,1604,560,2372,1634,528,0,1,1,0.0,6.116207951070336E-4,0.001890359168241966,0.32313642939186077,0.9153520640039867,1.6754039665265625,0.6462728587837215,0.9153520640039867,1.116935977684375,0.06492411467116357,0.6542227662178702,0.7727272727272727,87.5,100.0,3612,382,545,2,0,0,5.537098560354374E-4,0.0,0.0,0.4,0.7000000000000001,0.7000000000000001,0.2,50.0,45.0,20.0,0.30000000000000004,0.6000000000000001,0.6000000000000001,0.30000000000000004,40.0,35.0,20.0,2403,2401,2,2403,8.322929671244278E-4,0.3300591449529938,0.5,0.6601182899059876,189,0.07871720116618076,1.0,1
"iteration_5","SCOPE_DATA_COLLECTION",400,35,2170.0,2230.0,1,2367,1641,531,2356,1604,560,2372,1634,528,0,1,1,0.0,6.116207951070336E-4,0.001890359168241966,0.32313642939186077,0.9153520640039867,1.6754039665265625,0.6462728587837215,0.9153520640039867,1.116935977684375,0.06492411467116357,0.6542227662178702,0.7727272727272727,87.5,100.0,3612,382,545,2,0,0,5.537098560354374E-4,0.0,0.0,0.4,0.7000000000000001,0.7000000000000001,0.2,50.0,45.0,20.0,0.30000000000000004,0.6000000000000001,0.6000000000000001,0.30000000000000004,40.0,35.0,20.0,1744,1743,1,1744,5.733944954128441E-4,0.9100765242852564,1.0,0.9100765242852564,1143,0.6557659208261618,1.0,1
"iteration_5","SCOPE_DATA_COLLECTION",400,35,2170.0,2230.0,2,2367,1641,531,2356,1604,560,2372,1634,528,0,1,1,0.0,6.116207951070336E-4,0.001890359168241966,0.32313642939186077,0.9153520640039867,1.6754039665265625,0.6462728587837215,0.9153520640039867,1.116935977684375,0.06492411467116357,0.6542227662178702,0.7727272727272727,87.5,100.0,3612,382,545,2,0,0,5.537098560354374E-4,0.0,0.0,0.4,0.7000000000000001,0.7000000000000001,0.2,50.0,45.0,20.0,0.30000000000000004,0.6000000000000001,0.6000000000000001,0.30000000000000004,40.0,35.0,20.0,528,528,0,528,0.0,1.6788386959407124,1.5,1.1192257972938082,402,0.7613636363636364,1.0,1
"iteration_5","SCOPE_DATA_COLLECTION",400,36,2230.0,2290.0,0,2403,1744,528,2367,1641,531,2401,1752,529,2,1,0,8.322929671244278E-4,5.704506560182544E-4,0.0,0.33076326673215983,0.9115291858948154,1.6756652449527494,0.6615265334643197,0.9115291858948154,1.117110163301833,0.08163265306122448,0.6558219178082192,0.7599243856332704,90.0,100.0,3720,290,665,3,0,0,8.064516129032258E-4,0.0,0.0,0.30000000000000004,0.6000000000000001,0.6000000000000001,0.30000000000000004,40.0,35.0,20.0,0.2,0.7000000000000001,0.6000000000000001,0.4,50.0,45.0,30.0,2512,2511,1,2512,3.980891719745223E-4,0.3308966200109937,0.5,0.6617932400219874,295,0.11748307447232179,1.0,1
"iteration_5","SCOPE_DATA_COLLECTION",400,36,2230.0,2290.0,1,2403,1744,528,2367,1641,531,2401,1752,529,2,1,0,8.322929671244278E-4,5.704506560182544E-4,0.0,0.33076326673215983,0.9115291858948154,1.6756652449527494,0.6615265334643197,0.9115291858948154,1.117110163301833,0.08163265306122448,0.6558219178082192,0.7599243856332704,90.0,100.0,3720,290,665,3,0,0,8.064516129032258E-4,0.0,0.0,0.30000000000000004,0.6000000000000001,0.6000000000000001,0.30000000000000004,40.0,35.0,20.0,0.2,0.7000000000000001,0.6000000000000001,0.4,50.0,45.0,30.0,1718,1717,1,1718,5.820721769499418E-4,0.8898770879284594,1.0,0.8898770879284594,1116,0.6499708794408853,1.0,1
"iteration_5","SCOPE_DATA_COLLECTION",400,36,2230.0,2290.0,2,2403,1744,528,2367,1641,531,2401,1752,529,2,1,0,8.322929671244278E-4,5.704506560182544E-4,0.0,0.33076326673215983,0.9115291858948154,1.6756652449527494,0.6615265334643197,0.9115291858948154,1.117110163301833,0.08163265306122448,0.6558219178082192,0.7599243856332704,90.0,100.0,3720,290,665,3,0,0,8.064516129032258E-4,0.0,0.0,0.30000000000000004,0.6000000000000001,0.6000000000000001,0.30000000000000004,40.0,35.0,20.0,0.2,0.7000000000000001,0.6000000000000001,0.4,50.0,45.0,30.0,584,581,3,584,0.005136986301369863,1.6915326331256881,1.5,1.1276884220837922,450,0.774526678141136,1.0,1
"iteration_5","SCOPE_DATA_COLLECTION",400,37,2290.0,2350.0,0,2512,1718,584,2403,1744,528,2507,1709,577,1,1,2,3.9872408293460925E-4,5.847953216374269E-4,0.0034542314335060447,0.33010808296596117,0.888849877618677,1.6923295276437642,0.6602161659319223,0.888849877618677,1.1282196850958428,0.11527722377343438,0.6500877706260971,0.7746967071057193,100.0,100.0,3711,215,888,4,0,0,0.0010778765831312314,0.0,0.0,0.2,0.7000000000000001,0.6000000000000001,0.4,50.0,45.0,30.0,0.2,0.30000000000000004,0.8,0.7000000000000001,20.0,85.0,75.0,2336,2335,1,2336,4.280821917808219E-4,0.3224343069002398,0.5,0.6448686138004796,195,0.0835117773019272,1.0,1
"iteration_5","SCOPE_DATA_COLLECTION",400,37,2290.0,2350.0,1,2512,1718,584,2403,1744,528,2507,1709,577,1,1,2,3.9872408293460925E-4,5.847953216374269E-4,0.0034542314335060447,0.33010808296596117,0.888849877618677,1.6923295276437642,0.6602161659319223,0.888849877618677,1.1282196850958428,0.11527722377343438,0.6500877706260971,0.7746967071057193,100.0,100.0,3711,215,888,4,0,0,0.0010778765831312314,0.0,0.0,0.2,0.7000000000000001,0.6000000000000001,0.4,50.0,45.0,30.0,0.2,0.30000000000000004,0.8,0.7000000000000001,20.0,85.0,75.0,1630,1626,4,1630,0.00245398773006135,0.9069651595353759,1.0,0.9069651595353759,1071,0.6586715867158671,1.0,1
"iteration_5","SCOPE_DATA_COLLECTION",400,37,2290.0,2350.0,2,2512,1718,584,2403,1744,528,2507,1709,577,1,1,2,3.9872408293460925E-4,5.847953216374269E-4,0.0034542314335060447,0.33010808296596117,0.888849877618677,1.6923295276437642,0.6602161659319223,0.888849877618677,1.1282196850958428,0.11527722377343438,0.6500877706260971,0.7746967071057193,100.0,100.0,3711,215,888,4,0,0,0.0010778765831312314,0.0,0.0,0.2,0.7000000000000001,0.6000000000000001,0.4,50.0,45.0,30.0,0.2,0.30000000000000004,0.8,0.7000000000000001,20.0,85.0,75.0,628,627,1,628,0.0015923566878980893,1.7032609546202175,1.5,1.135507303080145,493,0.7862838915470495,1.0,1
"iteration_5","SCOPE_DATA_COLLECTION",400,38,2350.0,2410.0,0,2336,1630,628,2512,1718,584,2344,1632,617,1,4,2,4.2643923240938164E-4,0.0024449877750611247,0.0032310177705977385,0.3231592852286144,0.9076670377297003,1.6957326554513166,0.6463185704572288,0.9076670377297003,1.1304884369675443,0.08532423208191127,0.6580882352941176,0.7828200972447326,97.5,100.0,3576,189,829,7,0,0,0.0019574944071588368,0.0,0.0,0.2,0.30000000000000004,0.8,0.7000000000000001,20.0,85.0,75.0,0.7000000000000001,0.9,0.30000000000000004,0.6000000000000001,75.0,75.0,65.0,2372,2371,1,2372,4.2158516020236085E-4,0.33934954186294275,0.5,0.6786990837258855,271,0.11429776465626318,1.0,1
"iteration_5","SCOPE_DATA_COLLECTION",400,38,2350.0,2410.0,1,2336,1630,628,2512,1718,584,2344,1632,617,1,4,2,4.2643923240938164E-4,0.0024449877750611247,0.0032310177705977385,0.3231592852286144,0.9076670377297003,1.6957326554513166,0.6463185704572288,0.9076670377297003,1.1304884369675443,0.08532423208191127,0.6580882352941176,0.7828200972447326,97.5,100.0,3576,189,829,7,0,0,0.0019574944071588368,0.0,0.0,0.2,0.30000000000000004,0.8,0.7000000000000001,20.0,85.0,75.0,0.7000000000000001,0.9,0.30000000000000004,0.6000000000000001,75.0,75.0,65.0,1629,1629,0,1629,0.0,0.8878751282933784,1.0,0.8878751282933784,1050,0.6445672191528545,1.0,1
"iteration_5","SCOPE_DATA_COLLECTION",400,38,2350.0,2410.0,2,2336,1630,628,2512,1718,584,2344,1632,617,1,4,2,4.2643923240938164E-4,0.0024449877750611247,0.0032310177705977385,0.3231592852286144,0.9076670377297003,1.6957326554513166,0.6463185704572288,0.9076670377297003,1.1304884369675443,0.08532423208191127,0.6580882352941176,0.7828200972447326,97.5,100.0,3576,189,829,7,0,0,0.0019574944071588368,0.0,0.0,0.2,0.30000000000000004,0.8,0.7000000000000001,20.0,85.0,75.0,0.7000000000000001,0.9,0.30000000000000004,0.6000000000000001,75.0,75.0,65.0,608,607,1,608,0.001644736842105263,1.702611779796991,1.5,1.1350745198646608,470,0.7742998352553542,1.0,1
"iteration_5","SCOPE_DATA_COLLECTION",400,39,2410.0,2470.0,0,2372,1629,608,2336,1630,628,2365,1632,607,1,0,1,4.2265426880811494E-4,0.0,0.001644736842105263,0.33911258345799,0.8890973100490794,1.7002913641249708,0.67822516691598,0.8890973100490794,1.133527576083314,0.11289640591966173,0.6482843137254902,0.7726523887973641,100.0,100.0,3586,703,320,2,0,0,5.577244841048522E-4,0.0,0.0,0.7000000000000001,0.9,0.30000000000000004,0.6000000000000001,75.0,75.0,65.0,0.8,0.9,0.2,0.7000000000000001,65.0,85.0,75.0,2361,2359,2,2361,8.470986869970351E-4,0.3384306246276657,0.5,0.6768612492553314,235,0.09961848240779991,1.0,1
"iteration_5","SCOPE_DATA_COLLECTION",400,39,2410.0,2470.0,1,2372,1629,608,2336,1630,628,2365,1632,607,1,0,1,4.2265426880811494E-4,0.0,0.001644736842105263,0.33911258345799,0.8890973100490794,1.7002913641249708,0.67822516691598,0.8890973100490794,1.133527576083314,0.11289640591966173,0.6482843137254902,0.7726523887973641,100.0,100.0,3586,703,320,2,0,0,5.577244841048522E-4,0.0,0.0,0.7000000000000001,0.9,0.30000000000000004,0.6000000000000001,75.0,75.0,65.0,0.8,0.9,0.2,0.7000000000000001,65.0,85.0,75.0,1655,1654,1,1655,6.042296072507553E-4,0.8913588743767258,1.0,0.8913588743767258,1055,0.6378476420798065,1.0,1
"iteration_5","SCOPE_DATA_COLLECTION",400,39,2410.0,2470.0,2,2372,1629,608,2336,1630,628,2365,1632,607,1,0,1,4.2265426880811494E-4,0.0,0.001644736842105263,0.33911258345799,0.8890973100490794,1.7002913641249708,0.67822516691598,0.8890973100490794,1.133527576083314,0.11289640591966173,0.6482843137254902,0.7726523887973641,100.0,100.0,3586,703,320,2,0,0,5.577244841048522E-4,0.0,0.0,0.7000000000000001,0.9,0.30000000000000004,0.6000000000000001,75.0,75.0,65.0,0.8,0.9,0.2,0.7000000000000001,65.0,85.0,75.0,614,611,3,614,0.004885993485342019,1.6711953900191858,1.5,1.1141302600127905,465,0.7610474631751227,1.0,1
"iteration_5","SCOPE_DATA_COLLECTION",400,40,2470.0,2530.0,0,2361,1655,614,2372,1629,608,2360,1650,619,2,1,3,8.46740050804403E-4,6.056935190793458E-4,0.00482315112540193,0.3386359071945431,0.889581675910383,1.6760562777722858,0.6772718143890862,0.889581675910383,1.1173708518481906,0.10084745762711865,0.6351515151515151,0.7641357027463651,97.5,100.0,3619,819,192,6,0,0,0.0016579165515335729,0.0,0.0,0.8,0.9,0.2,0.7000000000000001,65.0,85.0,75.0,0.30000000000000004,0.2,0.30000000000000004,0.5,65.0,20.0,60.0,2335,2332,3,2335,0.001284796573875803,0.34590222884602345,0.5,0.6918044576920469,268,0.11492281303602059,1.0,1
"iteration_5","SCOPE_DATA_COLLECTION",400,40,2470.0,2530.0,1,2361,1655,614,2372,1629,608,2360,1650,619,2,1,3,8.46740050804403E-4,6.056935190793458E-4,0.00482315112540193,0.3386359071945431,0.889581675910383,1.6760562777722858,0.6772718143890862,0.889581675910383,1.1173708518481906,0.10084745762711865,0.6351515151515151,0.7641357027463651,97.5,100.0,3619,819,192,6,0,0,0.0016579165515335729,0.0,0.0,0.8,0.9,0.2,0.7000000000000001,65.0,85.0,75.0,0.30000000000000004,0.2,0.30000000000000004,0.5,65.0,20.0,60.0,1580,1579,1,1580,6.329113924050633E-4,0.9043607592843543,1.0,0.9043607592843543,1029,0.6516782773907537,1.0,1
"iteration_5","SCOPE_DATA_COLLECTION",400,40,2470.0,2530.0,2,2361,1655,614,2372,1629,608,2360,1650,619,2,1,3,8.46740050804403E-4,6.056935190793458E-4,0.00482315112540193,0.3386359071945431,0.889581675910383,1.6760562777722858,0.6772718143890862,0.889581675910383,1.1173708518481906,0.10084745762711865,0.6351515151515151,0.7641357027463651,97.5,100.0,3619,819,192,6,0,0,0.0016579165515335729,0.0,0.0,0.8,0.9,0.2,0.7000000000000001,65.0,85.0,75.0,0.30000000000000004,0.2,0.30000000000000004,0.5,65.0,20.0,60.0,619,616,3,619,0.004846526655896607,1.7452321716299595,1.5,1.163488114419973,497,0.8068181818181818,1.0,1
"iteration_5","SCOPE_DATA_COLLECTION",400,41,2530.0,2590.0,0,2335,1580,619,2361,1655,614,2334,1578,622,3,1,3,0.0012836970474967907,6.333122229259025E-4,0.0048,0.3460667805686653,0.9046206163182597,1.7486915200686508,0.6921335611373306,0.9046206163182597,1.1657943467124339,0.11568123393316196,0.6508238276299113,0.8086816720257235,90.0,100.0,3627,265,642,7,0,0,0.0019299696719051558,0.0,0.0,0.30000000000000004,0.2,0.30000000000000004,0.5,65.0,20.0,60.0,0.30000000000000004,0.2,0.30000000000000004,0.5,65.0,20.0,60.0,2394,2392,2,2394,8.35421888053467E-4,0.3449601102967986,0.5,0.6899202205935973,241,0.10075250836120402,1.0,1
"iteration_5","SCOPE_DATA_COLLECTION",400,41,2530.0,2590.0,1,2335,1580,619,2361,1655,614,2334,1578,622,3,1,3,0.0012836970474967907,6.333122229259025E-4,0.0048,0.3460667805686653,0.9046206163182597,1.7486915200686508,0.6921335611373306,0.9046206163182597,1.1657943467124339,0.11568123393316196,0.6508238276299113,0.8086816720257235,90.0,100.0,3627,265,642,7,0,0,0.0019299696719051558,0.0,0.0,0.30000000000000004,0.2,0.30000000000000004,0.5,65.0,20.0,60.0,0.30000000000000004,0.2,0.30000000000000004,0.5,65.0,20.0,60.0,1589,1589,0,1589,0.0,0.9260210138765247,1.0,0.9260210138765247,1066,0.670862177470107,1.0,1
"iteration_5","SCOPE_DATA_COLLECTION",400,41,2530.0,2590.0,2,2335,1580,619,2361,1655,614,2334,1578,622,3,1,3,0.0012836970474967907,6.333122229259025E-4,0.0048,0.3460667805686653,0.9046206163182597,1.7486915200686508,0.6921335611373306,0.9046206163182597,1.1657943467124339,0.11568123393316196,0.6508238276299113,0.8086816720257235,90.0,100.0,3627,265,642,7,0,0,0.0019299696719051558,0.0,0.0,0.30000000000000004,0.2,0.30000000000000004,0.5,65.0,20.0,60.0,0.30000000000000004,0.2,0.30000000000000004,0.5,65.0,20.0,60.0,610,608,2,610,0.003278688524590164,1.696531596202049,1.5,1.1310210641346994,476,0.7828947368421053,1.0,1
"iteration_5","SCOPE_DATA_COLLECTION",400,42,2590.0,2650.0,0,2394,1589,610,2335,1580,619,2391,1576,603,2,0,2,8.357709987463436E-4,0.0,0.003305785123966942,0.3449038130962294,0.9285288692082824,1.696815845827579,0.6898076261924588,0.9285288692082824,1.1312105638850527,0.09953994144709327,0.6725888324873096,0.7827529021558872,90.0,100.0,3739,233,621,4,0,0,0.0010698047606311847,0.0,0.0,0.30000000000000004,0.2,0.30000000000000004,0.5,65.0,20.0,60.0,0.4,0.1,0.4,0.5,75.0,20.0,70.0,2409,2408,1,2409,4.1511000415110004E-4,0.3392568510100722,0.5,0.6785137020201444,214,0.0888704318936877,1.0,1
"iteration_5","SCOPE_DATA_COLLECTION",400,42,2590.0,2650.0,1,2394,1589,610,2335,1580,619,2391,1576,603,2,0,2,8.357709987463436E-4,0.0,0.003305785123966942,0.3449038130962294,0.9285288692082824,1.696815845827579,0.6898076261924588,0.9285288692082824,1.1312105638850527,0.09953994144709327,0.6725888324873096,0.7827529021558872,90.0,100.0,3739,233,621,4,0,0,0.0010698047606311847,0.0,0.0,0.30000000000000004,0.2,0.30000000000000004,0.5,65.0,20.0,60.0,0.4,0.1,0.4,0.5,75.0,20.0,70.0,1652,1651,1,1652,6.053268765133172E-4,0.9069529567291503,1.0,0.9069529567291503,1098,0.6650514839491217,1.0,1
"iteration_5","SCOPE_DATA_COLLECTION",400,42,2590.0,2650.0,2,2394,1589,610,2335,1580,619,2391,1576,603,2,0,2,8.357709987463436E-4,0.0,0.003305785123966942,0.3449038130962294,0.9285288692082824,1.696815845827579,0.6898076261924588,0.9285288692082824,1.1312105638850527,0.09953994144709327,0.6725888324873096,0.7827529021558872,90.0,100.0,3739,233,621,4,0,0,0.0010698047606311847,0.0,0.0,0.30000000000000004,0.2,0.30000000000000004,0.5,65.0,20.0,60.0,0.4,0.1,0.4,0.5,75.0,20.0,70.0,597,595,2,597,0.0033500837520938024,1.7415619286519732,1.5,1.1610412857679822,481,0.8084033613445378,1.0,1
"iteration_5","SCOPE_DATA_COLLECTION",400,43,2650.0,2710.0,0,2409,1652,597,2394,1589,610,2406,1667,594,1,1,2,4.154549231408392E-4,5.995203836930455E-4,0.003355704697986577,0.3392246940153638,0.9051789174607024,1.7401010625139715,0.6784493880307276,0.9051789174607024,1.1600673750093142,0.09019118869492934,0.6652669466106779,0.8063973063973064,97.5,100.0,3770,360,528,4,0,0,0.0010610079575596816,0.0,0.0,0.4,0.1,0.4,0.5,75.0,20.0,70.0,0.30000000000000004,0.2,0.4,0.4,65.0,30.0,80.0,2346,2345,1,2346,4.2625745950554135E-4,0.3316191967568925,0.5,0.663238393513785,208,0.08869936034115139,1.0,1
"iteration_5","SCOPE_DATA_COLLECTION",400,43,2650.0,2710.0,1,2409,1652,597,2394,1589,610,2406,1667,594,1,1,2,4.154549231408392E-4,5.995203836930455E-4,0.003355704697986577,0.3392246940153638,0.9051789174607024,1.7401010625139715,0.6784493880307276,0.9051789174607024,1.1600673750093142,0.09019118869492934,0.6652669466106779,0.8063973063973064,97.5,100.0,3770,360,528,4,0,0,0.0010610079575596816,0.0,0.0,0.4,0.1,0.4,0.5,75.0,20.0,70.0,0.30000000000000004,0.2,0.4,0.4,65.0,30.0,80.0,1675,1674,1,1675,5.970149253731343E-4,0.9093766955754411,1.0,0.9093766955754411,1097,0.6553166069295101,1.0,1
"iteration_5","SCOPE_DATA_COLLECTION",400,43,2650.0,2710.0,2,2409,1652,597,2394,1589,610,2406,1667,594,1,1,2,4.154549231408392E-4,5.995203836930455E-4,0.003355704697986577,0.3392246940153638,0.9051789174607024,1.7401010625139715,0.6784493880307276,0.9051789174607024,1.1600673750093142,0.09019118869492934,0.6652669466106779,0.8063973063973064,97.5,100.0,3770,360,528,4,0,0,0.0010610079575596816,0.0,0.0,0.4,0.1,0.4,0.5,75.0,20.0,70.0,0.30000000000000004,0.2,0.4,0.4,65.0,30.0,80.0,552,550,2,552,0.0036231884057971015,1.713439137932647,1.5,1.1422927586217646,435,0.7909090909090909,1.0,1
"iteration_5","SCOPE_DATA_COLLECTION",400,44,2710.0,2770.0,0,2346,1675,552,2409,1652,597,2342,1671,552,1,1,2,4.268032437046522E-4,5.980861244019139E-4,0.0036101083032490976,0.3314527005166058,0.9088572100601959,1.7130324489227713,0.6629054010332116,0.9088572100601959,1.1420216326151809,0.08795900939368062,0.6540993417115499,0.7916666666666666,92.5,100.0,3643,257,673,4,0,0,0.0010979961570134504,0.0,0.0,0.30000000000000004,0.2,0.4,0.4,65.0,30.0,80.0,0.8,0.6000000000000001,0.1,0.2,25.0,45.0,80.0,2411,2410,1,2411,4.1476565740356696E-4,0.33572094231417077,0.5,0.6714418846283415,154,0.06390041493775933,1.0,1
"iteration_5","SCOPE_DATA_COLLECTION",400,44,2710.0,2770.0,1,2346,1675,552,2409,1652,597,2342,1671,552,1,1,2,4.268032437046522E-4,5.980861244019139E-4,0.0036101083032490976,0.3314527005166058,0.9088572100601959,1.7130324489227713,0.6629054010332116,0.9088572100601959,1.1420216326151809,0.08795900939368062,0.6540993417115499,0.7916666666666666,92.5,100.0,3643,257,673,4,0,0,0.0010979961570134504,0.0,0.0,0.30000000000000004,0.2,0.4,0.4,65.0,30.0,80.0,0.8,0.6000000000000001,0.1,0.2,25.0,45.0,80.0,1623,1622,1,1623,6.161429451632779E-4,0.9002057958094887,1.0,0.9002057958094887,1062,0.654747225647349,1.0,1
"iteration_5","SCOPE_DATA_COLLECTION",400,44,2710.0,2770.0,2,2346,1675,552,2409,1652,597,2342,1671,552,1,1,2,4.268032437046522E-4,5.980861244019139E-4,0.0036101083032490976,0.3314527005166058,0.9088572100601959,1.7130324489227713,0.6629054010332116,0.9088572100601959,1.1420216326151809,0.08795900939368062,0.6540993417115499,0.7916666666666666,92.5,100.0,3643,257,673,4,0,0,0.0010979961570134504,0.0,0.0,0.30000000000000004,0.2,0.4,0.4,65.0,30.0,80.0,0.8,0.6000000000000001,0.1,0.2,25.0,45.0,80.0,572,572,0,572,0.0,1.7332948031850068,1.5,1.1555298687900046,460,0.8041958041958042,1.0,1
"iteration_5","SCOPE_DATA_COLLECTION",400,45,2770.0,2830.0,0,2411,1623,572,2346,1675,552,2415,1613,574,1,1,0,4.139072847682119E-4,6.195786864931846E-4,0.0,0.33617534651748826,0.9006048333182205,1.7337125659939092,0.6723506930349765,0.9006048333182205,1.1558083773292729,0.06459627329192547,0.6553006819590824,0.8048780487804879,100.0,100.0,3739,686,181,1,1,0,2.674511901577962E-4,0.0014577259475218659,0.0,0.8,0.6000000000000001,0.1,0.2,25.0,45.0,80.0,0.35000000000000003,0.6000000000000001,0.8,0.9,80.0,65.0,45.0,2386,2385,1,2386,4.1911148365465214E-4,0.3288527918103736,0.5,0.6577055836207472,237,0.09937106918238994,1.0,1
"iteration_5","SCOPE_DATA_COLLECTION",400,45,2770.0,2830.0,1,2411,1623,572,2346,1675,552,2415,1613,574,1,1,0,4.139072847682119E-4,6.195786864931846E-4,0.0,0.33617534651748826,0.9006048333182205,1.7337125659939092,0.6723506930349765,0.9006048333182205,1.1558083773292729,0.06459627329192547,0.6553006819590824,0.8048780487804879,100.0,100.0,3739,686,181,1,1,0,2.674511901577962E-4,0.0014577259475218659,0.0,0.8,0.6000000000000001,0.1,0.2,25.0,45.0,80.0,0.35000000000000003,0.6000000000000001,0.8,0.9,80.0,65.0,45.0,1601,1599,2,1601,0.0012492192379762648,0.8963477601454121,1.0,0.8963477601454121,1042,0.6516572858036273,1.0,1
"iteration_5","SCOPE_DATA_COLLECTION",400,45,2770.0,2830.0,2,2411,1623,572,2346,1675,552,2415,1613,574,1,1,0,4.139072847682119E-4,6.195786864931846E-4,0.0,0.33617534651748826,0.9006048333182205,1.7337125659939092,0.6723506930349765,0.9006048333182205,1.1558083773292729,0.06459627329192547,0.6553006819590824,0.8048780487804879,100.0,100.0,3739,686,181,1,1,0,2.674511901577962E-4,0.0014577259475218659,0.0,0.8,0.6000000000000001,0.1,0.2,25.0,45.0,80.0,0.35000000000000003,0.6000000000000001,0.8,0.9,80.0,65.0,45.0,601,600,1,601,0.0016638935108153079,1.7450353081943157,1.5,1.1633568721295438,478,0.7966666666666666,1.0,1
"iteration_5","SCOPE_DATA_COLLECTION",400,46,2830.0,2890.0,0,2386,1601,601,2411,1623,572,2385,1608,596,1,1,1,4.1911148365465214E-4,6.215040397762585E-4,0.0016750418760469012,0.32837064179067843,0.8948490219613544,1.7437830101380132,0.6567412835813569,0.8948490219613544,1.1625220067586755,0.09811320754716982,0.6498756218905473,0.7953020134228188,92.5,100.0,3597,352,639,3,0,0,8.340283569641367E-4,0.0,0.0,0.35000000000000003,0.6000000000000001,0.8,0.9,80.0,65.0,45.0,0.35000000000000003,0.7000000000000001,0.8,0.9,80.0,65.0,55.0,2409,2408,1,2409,4.1511000415110004E-4,0.3333168981769388,0.5,0.6666337963538777,212,0.08803986710963455,1.0,1
"iteration_5","SCOPE_DATA_COLLECTION",400,46,2830.0,2890.0,1,2386,1601,601,2411,1623,572,2385,1608,596,1,1,1,4.1911148365465214E-4,6.215040397762585E-4,0.0016750418760469012,0.32837064179067843,0.8948490219613544,1.7437830101380132,0.6567412835813569,0.8948490219613544,1.1625220067586755,0.09811320754716982,0.6498756218905473,0.7953020134228188,92.5,100.0,3597,352,639,3,0,0,8.340283569641367E-4,0.0,0.0,0.35000000000000003,0.6000000000000001,0.8,0.9,80.0,65.0,45.0,0.35000000000000003,0.7000000000000001,0.8,0.9,80.0,65.0,55.0,1579,1577,2,1579,0.001266624445851805,0.8940805198420338,1.0,0.8940805198420338,1007,0.6385542168674698,1.0,1
"iteration_5","SCOPE_DATA_COLLECTION",400,46,2830.0,2890.0,2,2386,1601,601,2411,1623,572,2385,1608,596,1,1,1,4.1911148365465214E-4,6.215040397762585E-4,0.0016750418760469012,0.32837064179067843,0.8948490219613544,1.7437830101380132,0.6567412835813569,0.8948490219613544,1.1625220067586755,0.09811320754716982,0.6498756218905473,0.7953020134228188,92.5,100.0,3597,352,639,3,0,0,8.340283569641367E-4,0.0,0.0,0.35000000000000003,0.6000000000000001,0.8,0.9,80.0,65.0,45.0,0.35000000000000003,0.7000000000000001,0.8,0.9,80.0,65.0,55.0,569,565,4,569,0.007029876977152899,1.771321762828746,1.5,1.1808811752191641,464,0.8212389380530973,1.0,1
"iteration_5","SCOPE_DATA_COLLECTION",400,47,2890.0,2950.0,0,2409,1579,569,2386,1601,601,2413,1578,566,1,3,4,4.1425020712510354E-4,0.0018975332068311196,0.007017543859649123,0.3336834250391705,0.8955597516833966,1.7709794557517715,0.667366850078341,0.8955597516833966,1.180652970501181,0.08910070451719851,0.6406844106463878,0.8215547703180212,92.5,100.0,3645,323,589,8,0,0,0.0021947873799725653,0.0,0.0,0.35000000000000003,0.7000000000000001,0.8,0.9,80.0,65.0,55.0,0.45,0.6000000000000001,0.9,0.8,70.0,55.0,65.0,2355,2353,2,2355,8.492569002123143E-4,0.33154197177760414,0.5,0.6630839435552083,206,0.08754781130471738,1.0,1
"iteration_5","SCOPE_DATA_COLLECTION",400,47,2890.0,2950.0,1,2409,1579,569,2386,1601,601,2413,1578,566,1,3,4,4.1425020712510354E-4,0.0018975332068311196,0.007017543859649123,0.3336834250391705,0.8955597516833966,1.7709794557517715,0.667366850078341,0.8955597516833966,1.180652970501181,0.08910070451719851,0.6406844106463878,0.8215547703180212,92.5,100.0,3645,323,589,8,0,0,0.0021947873799725653,0.0,0.0,0.35000000000000003,0.7000000000000001,0.8,0.9,80.0,65.0,55.0,0.45,0.6000000000000001,0.9,0.8,70.0,55.0,65.0,1595,1594,1,1595,6.269592476489029E-4,0.914332632349278,1.0,0.914332632349278,1032,0.6474278544542033,1.0,1
"iteration_5","SCOPE_DATA_COLLECTION",400,47,2890.0,2950.0,2,2409,1579,569,2386,1601,601,2413,1578,566,1,3,4,4.1425020712510354E-4,0.0018975332068311196,0.007017543859649123,0.3336834250391705,0.8955597516833966,1.7709794557517715,0.667366850078341,0.8955597516833966,1.180652970501181,0.08910070451719851,0.6406844106463878,0.8215547703180212,92.5,100.0,3645,323,589,8,0,0,0.0021947873799725653,0.0,0.0,0.35000000000000003,0.7000000000000001,0.8,0.9,80.0,65.0,55.0,0.45,0.6000000000000001,0.9,0.8,70.0,55.0,65.0,549,547,2,549,0.0036429872495446266,1.7693180449849337,1.5,1.179545363323289,448,0.8190127970749543,1.0,1
"iteration_5","SCOPE_DATA_COLLECTION",400,48,2950.0,3010.0,0,2355,1595,549,2409,1579,569,2342,1592,550,2,1,2,8.532423208191126E-4,6.277463904582549E-4,0.0036231884057971015,0.3309104214688296,0.913949682706597,1.7753543587461287,0.6618208429376592,0.913949682706597,1.1835695724974191,0.08667805294619983,0.6482412060301508,0.8218181818181818,100.0,100.0,3617,372,510,5,0,0,0.0013823610727121925,0.0,0.0,0.45,0.6000000000000001,0.9,0.8,70.0,55.0,65.0,0.45,0.7000000000000001,0.9,0.8,70.0,55.0,75.0,2457,2455,2,2457,8.14000814000814E-4,0.32745433432990156,0.5,0.6549086686598031,261,0.10631364562118126,1.0,1
"iteration_5","SCOPE_DATA_COLLECTION",400,48,2950.0,3010.0,1,2355,1595,549,2409,1579,569,2342,1592,550,2,1,2,8.532423208191126E-4,6.277463904582549E-4,0.0036231884057971015,0.3309104214688296,0.913949682706597,1.7753543587461287,0.6618208429376592,0.913949682706597,1.1835695724974191,0.08667805294619983,0.6482412060301508,0.8218181818181818,100.0,100.0,3617,372,510,5,0,0,0.0013823610727121925,0.0,0.0,0.45,0.6000000000000001,0.9,0.8,70.0,55.0,65.0,0.45,0.7000000000000001,0.9,0.8,70.0,55.0,75.0,1633,1631,2,1633,0.001224739742804654,0.8914866553919268,1.0,0.8914866553919268,1056,0.6474555487431024,1.0,1
"iteration_5","SCOPE_DATA_COLLECTION",400,48,2950.0,3010.0,2,2355,1595,549,2409,1579,569,2342,1592,550,2,1,2,8.532423208191126E-4,6.277463904582549E-4,0.0036231884057971015,0.3309104214688296,0.913949682706597,1.7753543587461287,0.6618208429376592,0.913949682706597,1.1835695724974191,0.08667805294619983,0.6482412060301508,0.8218181818181818,100.0,100.0,3617,372,510,5,0,0,0.0013823610727121925,0.0,0.0,0.45,0.6000000000000001,0.9,0.8,70.0,55.0,65.0,0.45,0.7000000000000001,0.9,0.8,70.0,55.0,75.0,612,609,3,612,0.004901960784313725,1.7076831004237087,1.5,1.1384554002824725,475,0.7799671592775042,1.0,1
"iteration_5","SCOPE_DATA_COLLECTION",400,49,3010.0,3070.0,0,2457,1633,612,2355,1595,549,2465,1636,600,2,2,3,8.107012565869477E-4,0.001221001221001221,0.004975124378109453,0.32807125693099165,0.8906356768736017,1.6959151736818792,0.6561425138619833,0.8906356768736017,1.1306101157879194,0.10709939148073022,0.6442542787286064,0.7766666666666666,95.0,100.0,3625,514,563,7,0,0,0.0019310344827586207,0.0,0.0,0.45,0.7000000000000001,0.9,0.8,70.0,55.0,75.0,0.45,0.8,0.9,0.8,70.0,45.0,85.0,2479,2477,2,2479,8.067769261799112E-4,0.33242296093449486,0.5,0.6648459218689897,292,0.11788453774727493,1.0,1
"iteration_5","SCOPE_DATA_COLLECTION",400,49,3010.0,3070.0,1,2457,1633,612,2355,1595,549,2465,1636,600,2,2,3,8.107012565869477E-4,0.001221001221001221,0.004975124378109453,0.32807125693099165,0.8906356768736017,1.6959151736818792,0.6561425138619833,0.8906356768736017,1.1306101157879194,0.10709939148073022,0.6442542787286064,0.7766666666666666,95.0,100.0,3625,514,563,7,0,0,0.0019310344827586207,0.0,0.0,0.45,0.7000000000000001,0.9,0.8,70.0,55.0,75.0,0.45,0.8,0.9,0.8,70.0,45.0,85.0,1607,1604,3,1607,0.001866832607342875,0.894092672926905,1.0,0.894092672926905,1016,0.6334164588528678,1.0,1
"iteration_5","SCOPE_DATA_COLLECTION",400,49,3010.0,3070.0,2,2457,1633,612,2355,1595,549,2465,1636,600,2,2,3,8.107012565869477E-4,0.001221001221001221,0.004975124378109453,0.32807125693099165,0.8906356768736017,1.6959151736818792,0.6561425138619833,0.8906356768736017,1.1306101157879194,0.10709939148073022,0.6442542787286064,0.7766666666666666,95.0,100.0,3625,514,563,7,0,0,0.0019310344827586207,0.0,0.0,0.45,0.7000000000000001,0.9,0.8,70.0,55.0,75.0,0.45,0.8,0.9,0.8,70.0,45.0,85.0,618,614,4,618,0.006472491909385114,1.7041376563673745,1.5,1.136091770911583,477,0.7768729641693811,1.0,1
"iteration_5","SCOPE_DATA_COLLECTION",400,50,3070.0,3130.0,0,2479,1607,618,2457,1633,612,2472,1605,615,2,3,4,8.084074373484236E-4,0.0018656716417910447,0.006462035541195477,0.33157945280534046,0.8948898352505774,1.7070491727000245,0.6631589056106809,0.8948898352505774,1.1380327818000164,0.1156957928802589,0.6342679127725857,0.775609756097561,92.5,100.0,3642,466,596,9,0,0,0.002471169686985173,0.0,0.0,0.45,0.8,0.9,0.8,70.0,45.0,85.0,0.45,0.8,0.9,0.8,70.0,45.0,85.0,2412,2409,3,2412,0.0012437810945273632,0.33278420788953367,0.5,0.6655684157790673,234,0.09713574097135741,1.0,1
"iteration_5","SCOPE_DATA_COLLECTION",400,50,3070.0,3130.0,1,2479,1607,618,2457,1633,612,2472,1605,615,2,3,4,8.084074373484236E-4,0.0018656716417910447,0.006462035541195477,0.33157945280534046,0.8948898352505774,1.7070491727000245,0.6631589056106809,0.8948898352505774,1.1380327818000164,0.1156957928802589,0.6342679127725857,0.775609756097561,92.5,100.0,3642,466,596,9,0,0,0.002471169686985173,0.0,0.0,0.45,0.8,0.9,0.8,70.0,45.0,85.0,0.45,0.8,0.9,0.8,70.0,45.0,85.0,1633,1633,0,1633,0.0,0.9122560657731235,1.0,0.9122560657731235,1081,0.6619718309859155,1.0,1
"iteration_5","SCOPE_DATA_COLLECTION",400,50,3070.0,3130.0,2,2479,1607,618,2457,1633,612,2472,1605,615,2,3,4,8.084074373484236E-4,0.0018656716417910447,0.006462035541195477,0.33157945280534046,0.8948898352505774,1.7070491727000245,0.6631589056106809,0.8948898352505774,1.1380327818000164,0.1156957928802589,0.6342679127725857,0.775609756097561,92.5,100.0,3642,466,596,9,0,0,0.002471169686985173,0.0,0.0,0.45,0.8,0.9,0.8,70.0,45.0,85.0,0.45,0.8,0.9,0.8,70.0,45.0,85.0,547,544,3,547,0.005484460694698354,1.7260196597354858,1.5,1.1506797731569904,430,0.7904411764705882,1.0,1
"iteration_5","SCOPE_DATA_COLLECTION",400,51,3130.0,3190.0,0,2412,1633,547,2479,1607,618,2407,1624,547,3,0,3,0.0012448132780082987,0.0,0.005454545454545455,0.33282824450485254,0.9116928774341843,1.7310546188999716,0.6656564890097051,0.9116928774341843,1.1540364125999811,0.09680099709181554,0.6619458128078818,0.793418647166362,90.0,100.0,3646,447,499,6,0,0,0.0016456390565002743,0.0,0.0,0.45,0.8,0.9,0.8,70.0,45.0,85.0,0.5,0.5,0.30000000000000004,0.2,85.0,50.0,80.0,2379,2378,1,2379,4.203446826397646E-4,0.3480137259504772,0.5,0.6960274519009544,270,0.1135407905803196,1.0,1
"iteration_5","SCOPE_DATA_COLLECTION",400,51,3130.0,3190.0,1,2412,1633,547,2479,1607,618,2407,1624,547,3,0,3,0.0012448132780082987,0.0,0.005454545454545455,0.33282824450485254,0.9116928774341843,1.7310546188999716,0.6656564890097051,0.9116928774341843,1.1540364125999811,0.09680099709181554,0.6619458128078818,0.793418647166362,90.0,100.0,3646,447,499,6,0,0,0.0016456390565002743,0.0,0.0,0.45,0.8,0.9,0.8,70.0,45.0,85.0,0.5,0.5,0.30000000000000004,0.2,85.0,50.0,80.0,1611,1610,1,1611,6.207324643078833E-4,0.9069045535111888,1.0,0.9069045535111888,1075,0.6677018633540373,1.0,1
"iteration_5","SCOPE_DATA_COLLECTION",400,51,3130.0,3190.0,2,2412,1633,547,2479,1607,618,2407,1624,547,3,0,3,0.0012448132780082987,0.0,0.005454545454545455,0.33282824450485254,0.9116928774341843,1.7310546188999716,0.6656564890097051,0.9116928774341843,1.1540364125999811,0.09680099709181554,0.6619458128078818,0.793418647166362,90.0,100.0,3646,447,499,6,0,0,0.0016456390565002743,0.0,0.0,0.45,0.8,0.9,0.8,70.0,45.0,85.0,0.5,0.5,0.30000000000000004,0.2,85.0,50.0,80.0,584,584,0,584,0.0,1.696419270262349,1.5,1.1309461801748995,458,0.7842465753424658,1.0,1
"iteration_5","SCOPE_DATA_COLLECTION",400,52,3190.0,3250.0,0,2379,1611,584,2412,1633,547,2382,1617,587,1,1,0,4.19639110365086E-4,6.180469715698393E-4,0.0,0.348764369218709,0.908448998991122,1.696788708620277,0.697528738437418,0.908448998991122,1.131192472413518,0.11628883291351805,0.66852195423624,0.7836456558773425,92.5,100.0,3685,437,452,2,0,0,5.42740841248304E-4,0.0,0.0,0.5,0.5,0.30000000000000004,0.2,85.0,50.0,80.0,0.5,0.5,0.30000000000000004,0.2,85.0,50.0,80.0,2345,2345,0,2345,0.0,0.334362366370003,0.5,0.668724732740006,203,0.08656716417910448,1.0,1
"iteration_5","SCOPE_DATA_COLLECTION",400,52,3190.0,3250.0,1,2379,1611,584,2412,1633,547,2382,1617,587,1,1,0,4.19639110365086E-4,6.180469715698393E-4,0.0,0.348764369218709,0.908448998991122,1.696788708620277,0.697528738437418,0.908448998991122,1.131192472413518,0.11628883291351805,0.66852195423624,0.7836456558773425,92.5,100.0,3685,437,452,2,0,0,5.42740841248304E-4,0.0,0.0,0.5,0.5,0.30000000000000004,0.2,85.0,50.0,80.0,0.5,0.5,0.30000000000000004,0.2,85.0,50.0,80.0,1655,1654,1,1655,6.042296072507553E-4,0.8950635964030713,1.0,0.8950635964030713,1070,0.6469165659008465,1.0,1
"iteration_5","SCOPE_DATA_COLLECTION",400,52,3190.0,3250.0,2,2379,1611,584,2412,1633,547,2382,1617,587,1,1,0,4.19639110365086E-4,6.180469715698393E-4,0.0,0.348764369218709,0.908448998991122,1.696788708620277,0.697528738437418,0.908448998991122,1.131192472413518,0.11628883291351805,0.66852195423624,0.7836456558773425,92.5,100.0,3685,437,452,2,0,0,5.42740841248304E-4,0.0,0.0,0.5,0.5,0.30000000000000004,0.2,85.0,50.0,80.0,0.5,0.5,0.30000000000000004,0.2,85.0,50.0,80.0,587,587,0,587,0.0,1.7121356108986323,1.5,1.1414237405990881,463,0.7887563884156729,1.0,1
"iteration_5","SCOPE_DATA_COLLECTION",400,53,3250.0,3310.0,0,2345,1655,587,2379,1611,584,2343,1656,584,0,1,0,0.0,6.035003017501509E-4,0.0,0.33422458005422695,0.8939575873033132,1.7090450456598532,0.6684491601084539,0.8939575873033132,1.1393633637732354,0.08664105847204438,0.6461352657004831,0.7876712328767124,90.0,100.0,3621,487,479,1,0,0,2.7616680475006904E-4,0.0,0.0,0.5,0.5,0.30000000000000004,0.2,85.0,50.0,80.0,0.4,0.6000000000000001,0.2,0.1,85.0,40.0,70.0,2398,2396,2,2398,8.340283569641367E-4,0.3355554114377774,0.5,0.6711108228755548,217,0.09056761268781302,1.0,1
"iteration_5","SCOPE_DATA_COLLECTION",400,53,3250.0,3310.0,1,2345,1655,587,2379,1611,584,2343,1656,584,0,1,0,0.0,6.035003017501509E-4,0.0,0.33422458005422695,0.8939575873033132,1.7090450456598532,0.6684491601084539,0.8939575873033132,1.1393633637732354,0.08664105847204438,0.6461352657004831,0.7876712328767124,90.0,100.0,3621,487,479,1,0,0,2.7616680475006904E-4,0.0,0.0,0.5,0.5,0.30000000000000004,0.2,85.0,50.0,80.0,0.4,0.6000000000000001,0.2,0.1,85.0,40.0,70.0,1645,1643,2,1645,0.0012158054711246201,0.8880832830458997,1.0,0.8880832830458997,1046,0.6366402921485088,1.0,1
"iteration_5","SCOPE_DATA_COLLECTION",400,53,3250.0,3310.0,2,2345,1655,587,2379,1611,584,2343,1656,584,0,1,0,0.0,6.035003017501509E-4,0.0,0.33422458005422695,0.8939575873033132,1.7090450456598532,0.6684491601084539,0.8939575873033132,1.1393633637732354,0.08664105847204438,0.6461352657004831,0.7876712328767124,90.0,100.0,3621,487,479,1,0,0,2.7616680475006904E-4,0.0,0.0,0.5,0.5,0.30000000000000004,0.2,85.0,50.0,80.0,0.4,0.6000000000000001,0.2,0.1,85.0,40.0,70.0,580,580,0,580,0.0,1.7614885480675844,1.5,1.174325698711723,473,0.8155172413793104,1.0,1
"iteration_5","SCOPE_DATA_COLLECTION",400,54,3310.0,3370.0,0,2398,1645,580,2345,1655,587,2396,1640,578,2,2,0,8.340283569641367E-4,0.001218026796589525,0.0,0.3354328105685364,0.8888952049717812,1.762412369670828,0.6708656211370728,0.8888952049717812,1.174941579780552,0.09015025041736227,0.6390243902439025,0.8166089965397924,92.5,100.0,3673,374,576,3,1,0,8.167710318540703E-4,0.00267379679144385,0.0,0.4,0.6000000000000001,0.2,0.1,85.0,40.0,70.0,0.55,0.8,0.1,0.2,35.0,35.0,60.0,2281,2279,2,2281,8.768084173608067E-4,0.3287763085203768,0.5,0.6575526170407536,143,0.06274681878016675,1.0,1
"iteration_5","SCOPE_DATA_COLLECTION",400,54,3310.0,3370.0,1,2398,1645,580,2345,1655,587,2396,1640,578,2,2,0,8.340283569641367E-4,0.001218026796589525,0.0,0.3354328105685364,0.8888952049717812,1.762412369670828,0.6708656211370728,0.8888952049717812,1.174941579780552,0.09015025041736227,0.6390243902439025,0.8166089965397924,92.5,100.0,3673,374,576,3,1,0,8.167710318540703E-4,0.00267379679144385,0.0,0.4,0.6000000000000001,0.2,0.1,85.0,40.0,70.0,0.55,0.8,0.1,0.2,35.0,35.0,60.0,1655,1655,0,1655,0.0,0.881847344155051,1.0,0.881847344155051,1029,0.6217522658610272,1.0,1
"iteration_5","SCOPE_DATA_COLLECTION",400,54,3310.0,3370.0,2,2398,1645,580,2345,1655,587,2396,1640,578,2,2,0,8.340283569641367E-4,0.001218026796589525,0.0,0.3354328105685364,0.8888952049717812,1.762412369670828,0.6708656211370728,0.8888952049717812,1.174941579780552,0.09015025041736227,0.6390243902439025,0.8166089965397924,92.5,100.0,3673,374,576,3,1,0,8.167710318540703E-4,0.00267379679144385,0.0,0.4,0.6000000000000001,0.2,0.1,85.0,40.0,70.0,0.55,0.8,0.1,0.2,35.0,35.0,60.0,599,598,1,599,0.001669449081803005,1.702730971688509,1.5,1.1351539811256728,470,0.7859531772575251,1.0,1
"iteration_5","SCOPE_DATA_COLLECTION",400,55,3370.0,3430.0,0,2281,1655,599,2398,1645,580,2274,1654,603,2,0,1,8.787346221441124E-4,0.0,0.0016556291390728477,0.32850020030858135,0.8820098776673629,1.7066926423333435,0.6570004006171627,0.8820098776673629,1.1377950948888957,0.06244503078276165,0.620918984280532,0.7877280265339967,95.0,100.0,3600,514,421,3,0,0,8.333333333333334E-4,0.0,0.0,0.55,0.8,0.1,0.2,35.0,35.0,60.0,0.1,0.9,0.4,0.9,50.0,80.0,30.0,2389,2386,3,2389,0.0012557555462536626,0.3275885776972769,0.5,0.6551771553945538,222,0.09304274937133278,1.0,1
"iteration_5","SCOPE_DATA_COLLECTION",400,55,3370.0,3430.0,1,2281,1655,599,2398,1645,580,2274,1654,603,2,0,1,8.787346221441124E-4,0.0,0.0016556291390728477,0.32850020030858135,0.8820098776673629,1.7066926423333435,0.6570004006171627,0.8820098776673629,1.1377950948888957,0.06244503078276165,0.620918984280532,0.7877280265339967,95.0,100.0,3600,514,421,3,0,0,8.333333333333334E-4,0.0,0.0,0.55,0.8,0.1,0.2,35.0,35.0,60.0,0.1,0.9,0.4,0.9,50.0,80.0,30.0,1658,1658,0,1658,0.0,0.891274997919782,1.0,0.891274997919782,1064,0.6417370325693607,1.0,1
"iteration_5","SCOPE_DATA_COLLECTION",400,55,3370.0,3430.0,2,2281,1655,599,2398,1645,580,2274,1654,603,2,0,1,8.787346221441124E-4,0.0,0.0016556291390728477,0.32850020030858135,0.8820098776673629,1.7066926423333435,0.6570004006171627,0.8820098776673629,1.1377950948888957,0.06244503078276165,0.620918984280532,0.7877280265339967,95.0,100.0,3600,514,421,3,0,0,8.333333333333334E-4,0.0,0.0,0.55,0.8,0.1,0.2,35.0,35.0,60.0,0.1,0.9,0.4,0.9,50.0,80.0,30.0,566,566,0,566,0.0,1.6947892523642112,1.5,1.1298595015761408,443,0.7826855123674912,1.0,1
"iteration_5","SCOPE_DATA_COLLECTION",400,56,3430.0,3490.0,0,2389,1658,566,2281,1655,599,2396,1655,565,3,0,0,0.0012505210504376823,0.0,0.0,0.3278778882172991,0.8905127487854206,1.6905757174404783,0.6557557764345981,0.8905127487854206,1.1270504782936521,0.09223706176961603,0.6404833836858006,0.7805309734513274,92.5,100.0,3612,88,913,3,0,0,8.305647840531562E-4,0.0,0.0,0.1,0.9,0.4,0.9,50.0,80.0,30.0,0.1,0.9,0.4,0.9,50.0,80.0,30.0,2290,2290,0,2290,0.0,0.3197761273185064,0.5,0.6395522546370128,200,0.08733624454148471,1.0,1
"iteration_5","SCOPE_DATA_COLLECTION",400,56,3430.0,3490.0,1,2389,1658,566,2281,1655,599,2396,1655,565,3,0,0,0.0012505210504376823,0.0,0.0,0.3278778882172991,0.8905127487854206,1.6905757174404783,0.6557557764345981,0.8905127487854206,1.1270504782936521,0.09223706176961603,0.6404833836858006,0.7805309734513274,92.5,100.0,3612,88,913,3,0,0,8.305647840531562E-4,0.0,0.0,0.1,0.9,0.4,0.9,50.0,80.0,30.0,0.1,0.9,0.4,0.9,50.0,80.0,30.0,1585,1585,0,1585,0.0,0.9076594210412448,1.0,0.9076594210412448,1046,0.6599369085173502,1.0,1
"iteration_5","SCOPE_DATA_COLLECTION",400,56,3430.0,3490.0,2,2389,1658,566,2281,1655,599,2396,1655,565,3,0,0,0.0012505210504376823,0.0,0.0,0.3278778882172991,0.8905127487854206,1.6905757174404783,0.6557557764345981,0.8905127487854206,1.1270504782936521,0.09223706176961603,0.6404833836858006,0.7805309734513274,92.5,100.0,3612,88,913,3,0,0,8.305647840531562E-4,0.0,0.0,0.1,0.9,0.4,0.9,50.0,80.0,30.0,0.1,0.9,0.4,0.9,50.0,80.0,30.0,609,606,3,609,0.0049261083743842365,1.6916347642673097,1.5,1.1277565095115398,470,0.7755775577557755,1.0,1
"iteration_5","SCOPE_DATA_COLLECTION",400,57,3490.0,3550.0,0,2290,1585,609,2389,1658,566,2284,1580,609,0,0,3,0.0,0.0,0.004901960784313725,0.3204983898703606,0.9073467971248647,1.6956356901835157,0.6409967797407212,0.9073467971248647,1.1304237934556771,0.08800350262697022,0.6594936708860759,0.7783251231527094,100.0,100.0,3493,103,888,3,0,0,8.588605782994561E-4,0.0,0.0,0.1,0.9,0.4,0.9,50.0,80.0,30.0,0.25,0.5,0.8,0.1,50.0,85.0,75.0,2368,2365,3,2368,0.001266891891891892,0.3337961352241755,0.5,0.667592270448351,179,0.07568710359408033,1.0,1
"iteration_5","SCOPE_DATA_COLLECTION",400,57,3490.0,3550.0,1,2290,1585,609,2389,1658,566,2284,1580,609,0,0,3,0.0,0.0,0.004901960784313725,0.3204983898703606,0.9073467971248647,1.6956356901835157,0.6409967797407212,0.9073467971248647,1.1304237934556771,0.08800350262697022,0.6594936708860759,0.7783251231527094,100.0,100.0,3493,103,888,3,0,0,8.588605782994561E-4,0.0,0.0,0.1,0.9,0.4,0.9,50.0,80.0,30.0,0.25,0.5,0.8,0.1,50.0,85.0,75.0,1575,1573,2,1575,0.0012698412698412698,0.9081433152432281,1.0,0.9081433152432281,1039,0.6605212968849332,1.0,1
"iteration_5","SCOPE_DATA_COLLECTION",400,57,3490.0,3550.0,2,2290,1585,609,2389,1658,566,2284,1580,609,0,0,3,0.0,0.0,0.004901960784313725,0.3204983898703606,0.9073467971248647,1.6956356901835157,0.6409967797407212,0.9073467971248647,1.1304237934556771,0.08800350262697022,0.6594936708860759,0.7783251231527094,100.0,100.0,3493,103,888,3,0,0,8.588605782994561E-4,0.0,0.0,0.1,0.9,0.4,0.9,50.0,80.0,30.0,0.25,0.5,0.8,0.1,50.0,85.0,75.0,541,541,0,541,0.0,1.7221080366142656,1.5,1.1480720244095104,433,0.800369685767098,1.0,1
"iteration_5","SCOPE_DATA_COLLECTION",400,58,3550.0,3617.5124821702,0,2368,1575,541,2290,1585,609,2364,1581,538,3,2,0,0.0012674271229404308,0.0012634238787113076,0.0,0.3332746956902094,0.9094501555572877,1.717839878024965,0.6665493913804188,0.9094501555572877,1.1452265853499768,0.07656514382402707,0.6622390891840607,0.7973977695167286,97.5,100.0,3645,224,615,3,2,0,8.230452674897119E-4,0.008928571428571428,0.0,0.25,0.5,0.8,0.1,50.0,85.0,75.0,0.35000000000000003,0.4,0.8,0.1,40.0,85.0,85.0,1929,1905,0,1905,0.0,0.33237749872819905,0.5,0.6647549974563981,177,0.09291338582677165,0.9875583203732504,0
"iteration_5","SCOPE_DATA_COLLECTION",400,58,3550.0,3617.5124821702,1,2368,1575,541,2290,1585,609,2364,1581,538,3,2,0,0.0012674271229404308,0.0012634238787113076,0.0,0.3332746956902094,0.9094501555572877,1.717839878024965,0.6665493913804188,0.9094501555572877,1.1452265853499768,0.07656514382402707,0.6622390891840607,0.7973977695167286,97.5,100.0,3645,224,615,3,2,0,8.230452674897119E-4,0.008928571428571428,0.0,0.25,0.5,0.8,0.1,50.0,85.0,75.0,0.35000000000000003,0.4,0.8,0.1,40.0,85.0,85.0,1354,1332,1,1333,7.501875468867217E-4,0.9206128107574324,1.0,0.9206128107574324,908,0.6816816816816816,0.9844903988183161,0
"iteration_5","SCOPE_DATA_COLLECTION",400,58,3550.0,3617.5124821702,2,2368,1575,541,2290,1585,609,2364,1581,538,3,2,0,0.0012674271229404308,0.0012634238787113076,0.0,0.3332746956902094,0.9094501555572877,1.717839878024965,0.6665493913804188,0.9094501555572877,1.1452265853499768,0.07656514382402707,0.6622390891840607,0.7973977695167286,97.5,100.0,3645,224,615,3,2,0,8.230452674897119E-4,0.008928571428571428,0.0,0.25,0.5,0.8,0.1,50.0,85.0,75.0,0.35000000000000003,0.4,0.8,0.1,40.0,85.0,85.0,469,447,1,448,0.002232142857142857,1.7521808113525636,1.5,1.168120540901709,366,0.8187919463087249,0.9552238805970149,0
"iteration_5","SCOPE_DATA_COLLECTION",500,0,70.0,130.0,0,2628,1916,652,0,0,0,2608,1880,630,4,3,3,0.0015313935681470138,0.0015932023366967605,0.004739336492890996,0.3208406609669889,0.819963399999969,1.5743081506617371,0.6416813219339778,0.819963399999969,1.0495387671078247,0.12921779141104295,0.5728723404255319,0.6968253968253968,100.0,100.0,3621,947,628,9,1,0,0.0024855012427506215,0.0010559662090813093,0.0,0.6,0.5,0.7,0.4,85.0,80.0,90.0,0.9500000000000001,0.2,0.7000000000000001,0.9,35.0,95.0,55.0,2891,2888,3,2891,0.0010377032168799724,0.30943058644062515,0.5,0.6188611728812503,338,0.11703601108033242,1.0,1
"iteration_5","SCOPE_DATA_COLLECTION",500,0,70.0,130.0,1,2628,1916,652,0,0,0,2608,1880,630,4,3,3,0.0015313935681470138,0.0015932023366967605,0.004739336492890996,0.3208406609669889,0.819963399999969,1.5743081506617371,0.6416813219339778,0.819963399999969,1.0495387671078247,0.12921779141104295,0.5728723404255319,0.6968253968253968,100.0,100.0,3621,947,628,9,1,0,0.0024855012427506215,0.0010559662090813093,0.0,0.6,0.5,0.7,0.4,85.0,80.0,90.0,0.9500000000000001,0.2,0.7000000000000001,0.9,35.0,95.0,55.0,2206,2198,8,2206,0.003626473254759746,0.8338175995428505,1.0,0.8338175995428505,1251,0.5691537761601456,1.0,1
"iteration_5","SCOPE_DATA_COLLECTION",500,0,70.0,130.0,2,2628,1916,652,0,0,0,2608,1880,630,4,3,3,0.0015313935681470138,0.0015932023366967605,0.004739336492890996,0.3208406609669889,0.819963399999969,1.5743081506617371,0.6416813219339778,0.819963399999969,1.0495387671078247,0.12921779141104295,0.5728723404255319,0.6968253968253968,100.0,100.0,3621,947,628,9,1,0,0.0024855012427506215,0.0010559662090813093,0.0,0.6,0.5,0.7,0.4,85.0,80.0,90.0,0.9500000000000001,0.2,0.7000000000000001,0.9,35.0,95.0,55.0,740,735,5,740,0.006756756756756757,1.5208489480339997,1.5,1.0138992986893332,487,0.6625850340136055,1.0,1
"iteration_5","SCOPE_DATA_COLLECTION",500,1,130.0,190.0,0,2891,2206,740,2628,1916,652,2895,2204,740,3,8,5,0.0010351966873706005,0.003616636528028933,0.006711409395973154,0.3094684222134419,0.83509025818558,1.519754182022966,0.6189368444268838,0.83509025818558,1.0131694546819774,0.11813471502590674,0.5694192377495463,0.6621621621621622,90.0,100.0,3908,1822,107,15,1,0,0.0038382804503582393,5.488474204171241E-4,0.0,0.9500000000000001,0.2,0.7000000000000001,0.9,35.0,95.0,55.0,0.9500000000000001,0.2,0.6000000000000001,0.9,45.0,85.0,65.0,2873,2872,1,2873,3.480682213713888E-4,0.33014966716081856,0.5,0.6602993343216371,367,0.12778551532033428,1.0,1
"iteration_5","SCOPE_DATA_COLLECTION",500,1,130.0,190.0,1,2891,2206,740,2628,1916,652,2895,2204,740,3,8,5,0.0010351966873706005,0.003616636528028933,0.006711409395973154,0.3094684222134419,0.83509025818558,1.519754182022966,0.6189368444268838,0.83509025818558,1.0131694546819774,0.11813471502590674,0.5694192377495463,0.6621621621621622,90.0,100.0,3908,1822,107,15,1,0,0.0038382804503582393,5.488474204171241E-4,0.0,0.9500000000000001,0.2,0.7000000000000001,0.9,35.0,95.0,55.0,0.9500000000000001,0.2,0.6000000000000001,0.9,45.0,85.0,65.0,2136,2128,8,2136,0.003745318352059925,0.8298705210366089,1.0,0.8298705210366089,1239,0.5822368421052632,1.0,1
"iteration_5","SCOPE_DATA_COLLECTION",500,1,130.0,190.0,2,2891,2206,740,2628,1916,652,2895,2204,740,3,8,5,0.0010351966873706005,0.003616636528028933,0.006711409395973154,0.3094684222134419,0.83509025818558,1.519754182022966,0.6189368444268838,0.83509025818558,1.0131694546819774,0.11813471502590674,0.5694192377495463,0.6621621621621622,90.0,100.0,3908,1822,107,15,1,0,0.0038382804503582393,5.488474204171241E-4,0.0,0.9500000000000001,0.2,0.7000000000000001,0.9,35.0,95.0,55.0,0.9500000000000001,0.2,0.6000000000000001,0.9,45.0,85.0,65.0,703,699,4,703,0.005689900426742532,1.5620870413642614,1.5,1.0413913609095076,480,0.6866952789699571,1.0,1
"iteration_5","SCOPE_DATA_COLLECTION",500,2,190.0,250.0,0,2873,2136,703,2891,2206,740,2866,2121,688,1,8,4,3.487966515521451E-4,0.0037576326914044154,0.005780346820809248,0.330157925550485,0.8294818427521541,1.5553741677675499,0.66031585110097,0.8294818427521541,1.0369161118450332,0.1270062805303559,0.5813295615275813,0.684593023255814,97.5,100.0,3999,1632,81,12,1,0,0.003000750187546887,6.127450980392157E-4,0.0,0.9500000000000001,0.2,0.6000000000000001,0.9,45.0,85.0,65.0,0.9500000000000001,0.9,0.1,0.8,65.0,55.0,55.0,2855,2854,1,2855,3.502626970227671E-4,0.31887181998753716,0.5,0.6377436399750743,311,0.10896986685353889,1.0,1
"iteration_5","SCOPE_DATA_COLLECTION",500,2,190.0,250.0,1,2873,2136,703,2891,2206,740,2866,2121,688,1,8,4,3.487966515521451E-4,0.0037576326914044154,0.005780346820809248,0.330157925550485,0.8294818427521541,1.5553741677675499,0.66031585110097,0.8294818427521541,1.0369161118450332,0.1270062805303559,0.5813295615275813,0.684593023255814,97.5,100.0,3999,1632,81,12,1,0,0.003000750187546887,6.127450980392157E-4,0.0,0.9500000000000001,0.2,0.6000000000000001,0.9,45.0,85.0,65.0,0.9500000000000001,0.9,0.1,0.8,65.0,55.0,55.0,2090,2089,1,2090,4.784688995215311E-4,0.8083026344707408,1.0,0.8083026344707408,1209,0.578745811393011,1.0,1
"iteration_5","SCOPE_DATA_COLLECTION",500,2,190.0,250.0,2,2873,2136,703,2891,2206,740,2866,2121,688,1,8,4,3.487966515521451E-4,0.0037576326914044154,0.005780346820809248,0.330157925550485,0.8294818427521541,1.5553741677675499,0.66031585110097,0.8294818427521541,1.0369161118450332,0.1270062805303559,0.5813295615275813,0.684593023255814,97.5,100.0,3999,1632,81,12,1,0,0.003000750187546887,6.127450980392157E-4,0.0,0.9500000000000001,0.2,0.6000000000000001,0.9,45.0,85.0,65.0,0.9500000000000001,0.9,0.1,0.8,65.0,55.0,55.0,727,726,1,727,0.001375515818431912,1.5643867353281604,1.5,1.0429244902187735,503,0.6928374655647382,1.0,1
"iteration_5","SCOPE_DATA_COLLECTION",500,3,250.0,310.0,0,2855,2090,727,2873,2136,703,2851,2096,730,1,1,1,3.506311360448808E-4,4.768717215069146E-4,0.0013679890560875513,0.3180736745589287,0.8083511133313745,1.5668151843285822,0.6361473491178574,0.8083511133313745,1.0445434562190548,0.10838302350052613,0.5791984732824428,0.6931506849315069,97.5,100.0,3886,1691,95,2,1,0,5.14668039114771E-4,5.913660555884093E-4,0.0,0.9500000000000001,0.9,0.1,0.8,65.0,55.0,55.0,0.15000000000000002,0.1,0.9,0.7000000000000001,25.0,50.0,20.0,2881,2880,1,2881,3.471017007983339E-4,0.3255183593018737,0.5,0.6510367186037475,424,0.14722222222222223,1.0,1
"iteration_5","SCOPE_DATA_COLLECTION",500,3,250.0,310.0,1,2855,2090,727,2873,2136,703,2851,2096,730,1,1,1,3.506311360448808E-4,4.768717215069146E-4,0.0013679890560875513,0.3180736745589287,0.8083511133313745,1.5668151843285822,0.6361473491178574,0.8083511133313745,1.0445434562190548,0.10838302350052613,0.5791984732824428,0.6931506849315069,97.5,100.0,3886,1691,95,2,1,0,5.14668039114771E-4,5.913660555884093E-4,0.0,0.9500000000000001,0.9,0.1,0.8,65.0,55.0,55.0,0.15000000000000002,0.1,0.9,0.7000000000000001,25.0,50.0,20.0,2188,2187,1,2188,4.570383912248629E-4,0.8519786936522032,1.0,0.8519786936522032,1313,0.6003657978966621,1.0,1
"iteration_5","SCOPE_DATA_COLLECTION",500,3,250.0,310.0,2,2855,2090,727,2873,2136,703,2851,2096,730,1,1,1,3.506311360448808E-4,4.768717215069146E-4,0.0013679890560875513,0.3180736745589287,0.8083511133313745,1.5668151843285822,0.6361473491178574,0.8083511133313745,1.0445434562190548,0.10838302350052613,0.5791984732824428,0.6931506849315069,97.5,100.0,3886,1691,95,2,1,0,5.14668039114771E-4,5.913660555884093E-4,0.0,0.9500000000000001,0.9,0.1,0.8,65.0,55.0,55.0,0.15000000000000002,0.1,0.9,0.7000000000000001,25.0,50.0,20.0,699,696,3,699,0.004291845493562232,1.5384456178633101,1.5,1.0256304119088735,474,0.6810344827586207,1.0,1
"iteration_5","SCOPE_DATA_COLLECTION",500,4,310.0,370.0,0,2881,2188,699,2855,2090,727,2885,2185,697,1,1,3,3.465003465003465E-4,4.574565416285453E-4,0.004285714285714286,0.32649731961686224,0.8530288547586289,1.5412110160645087,0.6529946392337245,0.8530288547586289,1.0274740107096725,0.1487001733102253,0.6022883295194508,0.6829268292682927,97.5,100.0,4076,254,1438,4,1,0,9.813542688910696E-4,0.003937007874015748,0.0,0.15000000000000002,0.1,0.9,0.7000000000000001,25.0,50.0,20.0,0.1,0.30000000000000004,0.1,0.4,85.0,80.0,45.0,2903,2902,1,2903,3.444712366517396E-4,0.33476981664368355,0.5,0.6695396332873671,455,0.15678842177808408,1.0,1
"iteration_5","SCOPE_DATA_COLLECTION",500,4,310.0,370.0,1,2881,2188,699,2855,2090,727,2885,2185,697,1,1,3,3.465003465003465E-4,4.574565416285453E-4,0.004285714285714286,0.32649731961686224,0.8530288547586289,1.5412110160645087,0.6529946392337245,0.8530288547586289,1.0274740107096725,0.1487001733102253,0.6022883295194508,0.6829268292682927,97.5,100.0,4076,254,1438,4,1,0,9.813542688910696E-4,0.003937007874015748,0.0,0.15000000000000002,0.1,0.9,0.7000000000000001,25.0,50.0,20.0,0.1,0.30000000000000004,0.1,0.4,85.0,80.0,45.0,2093,2091,2,2093,9.555661729574773E-4,0.8235384332394693,1.0,0.8235384332394693,1235,0.5906264945002391,1.0,1
"iteration_5","SCOPE_DATA_COLLECTION",500,4,310.0,370.0,2,2881,2188,699,2855,2090,727,2885,2185,697,1,1,3,3.465003465003465E-4,4.574565416285453E-4,0.004285714285714286,0.32649731961686224,0.8530288547586289,1.5412110160645087,0.6529946392337245,0.8530288547586289,1.0274740107096725,0.1487001733102253,0.6022883295194508,0.6829268292682927,97.5,100.0,4076,254,1438,4,1,0,9.813542688910696E-4,0.003937007874015748,0.0,0.15000000000000002,0.1,0.9,0.7000000000000001,25.0,50.0,20.0,0.1,0.30000000000000004,0.1,0.4,85.0,80.0,45.0,718,716,2,718,0.002785515320334262,1.5528354655786594,1.5,1.0352236437191062,503,0.702513966480447,1.0,1
"iteration_5","SCOPE_DATA_COLLECTION",500,5,370.0,430.0,0,2903,2093,718,2881,2188,699,2901,2091,715,1,2,2,3.4458993797381116E-4,9.555661729574773E-4,0.002789400278940028,0.33411387955056565,0.8219467393893741,1.5566590169906094,0.6682277591011313,0.8219467393893741,1.0377726779937395,0.1554636332299207,0.5877570540411287,0.7034965034965035,97.5,100.0,4065,155,1494,4,1,0,9.840098400984009E-4,0.0064516129032258064,0.0,0.1,0.30000000000000004,0.1,0.4,85.0,80.0,45.0,0.6000000000000001,0.8,0.4,0.7000000000000001,45.0,65.0,50.0,2826,2824,2,2826,7.077140835102619E-4,0.334516476986861,0.5,0.669032953973722,497,0.1759915014164306,1.0,1
"iteration_5","SCOPE_DATA_COLLECTION",500,5,370.0,430.0,1,2903,2093,718,2881,2188,699,2901,2091,715,1,2,2,3.4458993797381116E-4,9.555661729574773E-4,0.002789400278940028,0.33411387955056565,0.8219467393893741,1.5566590169906094,0.6682277591011313,0.8219467393893741,1.0377726779937395,0.1554636332299207,0.5877570540411287,0.7034965034965035,97.5,100.0,4065,155,1494,4,1,0,9.840098400984009E-4,0.0064516129032258064,0.0,0.1,0.30000000000000004,0.1,0.4,85.0,80.0,45.0,0.6000000000000001,0.8,0.4,0.7000000000000001,45.0,65.0,50.0,2128,2125,3,2128,0.0014097744360902255,0.8216587626780335,1.0,0.8216587626780335,1217,0.5727058823529412,1.0,1
"iteration_5","SCOPE_DATA_COLLECTION",500,5,370.0,430.0,2,2903,2093,718,2881,2188,699,2901,2091,715,1,2,2,3.4458993797381116E-4,9.555661729574773E-4,0.002789400278940028,0.33411387955056565,0.8219467393893741,1.5566590169906094,0.6682277591011313,0.8219467393893741,1.0377726779937395,0.1554636332299207,0.5877570540411287,0.7034965034965035,97.5,100.0,4065,155,1494,4,1,0,9.840098400984009E-4,0.0064516129032258064,0.0,0.1,0.30000000000000004,0.1,0.4,85.0,80.0,45.0,0.6000000000000001,0.8,0.4,0.7000000000000001,45.0,65.0,50.0,721,718,3,721,0.004160887656033287,1.4854820257612338,1.5,0.9903213505074892,467,0.6504178272980501,1.0,1
"iteration_5","SCOPE_DATA_COLLECTION",500,6,430.0,490.0,0,2826,2128,721,2903,2093,718,2819,2122,726,2,3,2,7.089684509039348E-4,0.001411764705882353,0.0027472527472527475,0.3351434577185894,0.8218732886233705,1.4877092601493638,0.6702869154371788,0.8218732886233705,0.9918061734329092,0.17630365377793544,0.5749293119698398,0.6515151515151515,100.0,100.0,3891,1079,705,6,1,0,0.0015420200462606013,9.267840593141798E-4,0.0,0.6000000000000001,0.8,0.4,0.7000000000000001,45.0,65.0,50.0,0.6000000000000001,0.8,0.4,0.7000000000000001,45.0,75.0,50.0,2827,2826,1,2827,3.5373187124159886E-4,0.3206806721007718,0.5,0.6413613442015436,473,0.16737438075017694,1.0,1
"iteration_5","SCOPE_DATA_COLLECTION",500,6,430.0,490.0,1,2826,2128,721,2903,2093,718,2819,2122,726,2,3,2,7.089684509039348E-4,0.001411764705882353,0.0027472527472527475,0.3351434577185894,0.8218732886233705,1.4877092601493638,0.6702869154371788,0.8218732886233705,0.9918061734329092,0.17630365377793544,0.5749293119698398,0.6515151515151515,100.0,100.0,3891,1079,705,6,1,0,0.0015420200462606013,9.267840593141798E-4,0.0,0.6000000000000001,0.8,0.4,0.7000000000000001,45.0,65.0,50.0,0.6000000000000001,0.8,0.4,0.7000000000000001,45.0,75.0,50.0,2169,2166,3,2169,0.0013831258644536654,0.8122332139838243,1.0,0.8122332139838243,1243,0.5738688827331486,1.0,1
"iteration_5","SCOPE_DATA_COLLECTION",500,6,430.0,490.0,2,2826,2128,721,2903,2093,718,2819,2122,726,2,3,2,7.089684509039348E-4,0.001411764705882353,0.0027472527472527475,0.3351434577185894,0.8218732886233705,1.4877092601493638,0.6702869154371788,0.8218732886233705,0.9918061734329092,0.17630365377793544,0.5749293119698398,0.6515151515151515,100.0,100.0,3891,1079,705,6,1,0,0.0015420200462606013,9.267840593141798E-4,0.0,0.6000000000000001,0.8,0.4,0.7000000000000001,45.0,65.0,50.0,0.6000000000000001,0.8,0.4,0.7000000000000001,45.0,75.0,50.0,740,736,4,740,0.005405405405405406,1.5309951369182349,1.5,1.0206634246121566,491,0.6671195652173914,1.0,1
"iteration_5","SCOPE_DATA_COLLECTION",500,7,490.0,550.0,0,2827,2169,740,2826,2128,721,2829,2174,730,1,3,5,3.5335689045936394E-4,0.0013780431786862655,0.006802721088435374,0.32086625743486585,0.8147002880592425,1.5289938847358988,0.6417325148697317,0.8147002880592425,1.0193292564905991,0.16861081654294804,0.5745170193192273,0.6671232876712329,100.0,100.0,3818,1125,793,8,1,0,0.0020953378732320588,8.888888888888889E-4,0.0,0.6000000000000001,0.8,0.4,0.7000000000000001,45.0,75.0,50.0,0.6000000000000001,0.8,0.4,0.7000000000000001,45.0,75.0,50.0,2891,2888,3,2891,0.0010377032168799724,0.32511613777701315,0.5,0.6502322755540263,400,0.13850415512465375,1.0,1
"iteration_5","SCOPE_DATA_COLLECTION",500,7,490.0,550.0,1,2827,2169,740,2826,2128,721,2829,2174,730,1,3,5,3.5335689045936394E-4,0.0013780431786862655,0.006802721088435374,0.32086625743486585,0.8147002880592425,1.5289938847358988,0.6417325148697317,0.8147002880592425,1.0193292564905991,0.16861081654294804,0.5745170193192273,0.6671232876712329,100.0,100.0,3818,1125,793,8,1,0,0.0020953378732320588,8.888888888888889E-4,0.0,0.6000000000000001,0.8,0.4,0.7000000000000001,45.0,75.0,50.0,0.6000000000000001,0.8,0.4,0.7000000000000001,45.0,75.0,50.0,2091,2086,5,2091,0.0023912003825920613,0.844617590336533,1.0,0.844617590336533,1248,0.5982742090124641,1.0,1
"iteration_5","SCOPE_DATA_COLLECTION",500,7,490.0,550.0,2,2827,2169,740,2826,2128,721,2829,2174,730,1,3,5,3.5335689045936394E-4,0.0013780431786862655,0.006802721088435374,0.32086625743486585,0.8147002880592425,1.5289938847358988,0.6417325148697317,0.8147002880592425,1.0193292564905991,0.16861081654294804,0.5745170193192273,0.6671232876712329,100.0,100.0,3818,1125,793,8,1,0,0.0020953378732320588,8.888888888888889E-4,0.0,0.6000000000000001,0.8,0.4,0.7000000000000001,45.0,75.0,50.0,0.6000000000000001,0.8,0.4,0.7000000000000001,45.0,75.0,50.0,695,692,3,695,0.004316546762589928,1.5532759701804126,1.5,1.0355173134536084,472,0.6820809248554913,1.0,1
"iteration_5","SCOPE_DATA_COLLECTION",500,8,550.0,610.0,0,2891,2091,695,2827,2169,740,2884,2085,688,3,5,3,0.0010391409767925182,0.0023923444976076554,0.004341534008683068,0.32437401475049565,0.841868226378255,1.5547167350584894,0.6487480295009913,0.841868226378255,1.0364778233723262,0.1369625520110957,0.5961630695443645,0.6816860465116279,95.0,100.0,3922,1055,700,11,0,0,0.0028046914839367667,0.0,0.0,0.6000000000000001,0.8,0.4,0.7000000000000001,45.0,75.0,50.0,0.45,0.4,0.9,0.9,20.0,35.0,30.0,2927,2926,1,2927,3.4164673727365904E-4,0.32352146007058397,0.5,0.6470429201411679,460,0.1572112098427888,1.0,1
"iteration_5","SCOPE_DATA_COLLECTION",500,8,550.0,610.0,1,2891,2091,695,2827,2169,740,2884,2085,688,3,5,3,0.0010391409767925182,0.0023923444976076554,0.004341534008683068,0.32437401475049565,0.841868226378255,1.5547167350584894,0.6487480295009913,0.841868226378255,1.0364778233723262,0.1369625520110957,0.5961630695443645,0.6816860465116279,95.0,100.0,3922,1055,700,11,0,0,0.0028046914839367667,0.0,0.0,0.6000000000000001,0.8,0.4,0.7000000000000001,45.0,75.0,50.0,0.45,0.4,0.9,0.9,20.0,35.0,30.0,2174,2170,4,2174,0.0018399264029438822,0.8336853337355702,1.0,0.8336853337355702,1246,0.5741935483870968,1.0,1
"iteration_5","SCOPE_DATA_COLLECTION",500,8,550.0,610.0,2,2891,2091,695,2827,2169,740,2884,2085,688,3,5,3,0.0010391409767925182,0.0023923444976076554,0.004341534008683068,0.32437401475049565,0.841868226378255,1.5547167350584894,0.6487480295009913,0.841868226378255,1.0364778233723262,0.1369625520110957,0.5961630695443645,0.6816860465116279,95.0,100.0,3922,1055,700,11,0,0,0.0028046914839367667,0.0,0.0,0.6000000000000001,0.8,0.4,0.7000000000000001,45.0,75.0,50.0,0.45,0.4,0.9,0.9,20.0,35.0,30.0,741,735,6,741,0.008097165991902834,1.5250499904073735,1.5,1.0166999936049157,490,0.6666666666666666,1.0,1
"iteration_5","SCOPE_DATA_COLLECTION",500,9,610.0,670.0,0,2927,2174,741,2891,2091,695,2930,2156,742,1,4,6,3.41180484476288E-4,0.001851851851851852,0.008021390374331552,0.3233283283797392,0.8304303999328253,1.5267262112795936,0.6466566567594784,0.8304303999328253,1.0178174741863957,0.15699658703071673,0.5723562152133581,0.6684636118598383,95.0,100.0,3954,827,1061,11,0,0,0.00278199291856348,0.0,0.0,0.45,0.4,0.9,0.9,20.0,35.0,30.0,0.45,0.5,0.8,0.8,20.0,35.0,30.0,2814,2811,3,2814,0.0010660980810234541,0.3193236716267871,0.5,0.6386473432535742,404,0.14372109569548203,1.0,1
"iteration_5","SCOPE_DATA_COLLECTION",500,9,610.0,670.0,1,2927,2174,741,2891,2091,695,2930,2156,742,1,4,6,3.41180484476288E-4,0.001851851851851852,0.008021390374331552,0.3233283283797392,0.8304303999328253,1.5267262112795936,0.6466566567594784,0.8304303999328253,1.0178174741863957,0.15699658703071673,0.5723562152133581,0.6684636118598383,95.0,100.0,3954,827,1061,11,0,0,0.00278199291856348,0.0,0.0,0.45,0.4,0.9,0.9,20.0,35.0,30.0,0.45,0.5,0.8,0.8,20.0,35.0,30.0,2166,2160,6,2166,0.002770083102493075,0.8384239628021798,1.0,0.8384239628021798,1263,0.5847222222222223,1.0,1
"iteration_5","SCOPE_DATA_COLLECTION",500,9,610.0,670.0,2,2927,2174,741,2891,2091,695,2930,2156,742,1,4,6,3.41180484476288E-4,0.001851851851851852,0.008021390374331552,0.3233283283797392,0.8304303999328253,1.5267262112795936,0.6466566567594784,0.8304303999328253,1.0178174741863957,0.15699658703071673,0.5723562152133581,0.6684636118598383,95.0,100.0,3954,827,1061,11,0,0,0.00278199291856348,0.0,0.0,0.45,0.4,0.9,0.9,20.0,35.0,30.0,0.45,0.5,0.8,0.8,20.0,35.0,30.0,715,709,6,715,0.008391608391608392,1.5416467680211503,1.5,1.0277645120141001,476,0.6713681241184767,1.0,1
"iteration_5","SCOPE_DATA_COLLECTION",500,10,670.0,730.0,0,2814,2166,715,2927,2174,741,2806,2165,699,3,6,6,0.001067995728017088,0.0027637033625057578,0.00851063829787234,0.3195017560615748,0.8425188207940211,1.53473821697594,0.6390035121231497,0.8425188207940211,1.0231588113172934,0.1429080541696365,0.5889145496535797,0.6666666666666666,100.0,100.0,3893,817,985,14,1,0,0.0035961983046493705,0.0012239902080783353,0.0,0.45,0.5,0.8,0.8,20.0,35.0,30.0,0.45,0.5,0.8,0.8,20.0,25.0,30.0,2898,2895,3,2898,0.0010351966873706005,0.3196558090027662,0.5,0.6393116180055324,435,0.15025906735751296,1.0,1
"iteration_5","SCOPE_DATA_COLLECTION",500,10,670.0,730.0,1,2814,2166,715,2927,2174,741,2806,2165,699,3,6,6,0.001067995728017088,0.0027637033625057578,0.00851063829787234,0.3195017560615748,0.8425188207940211,1.53473821697594,0.6390035121231497,0.8425188207940211,1.0231588113172934,0.1429080541696365,0.5889145496535797,0.6666666666666666,100.0,100.0,3893,817,985,14,1,0,0.0035961983046493705,0.0012239902080783353,0.0,0.45,0.5,0.8,0.8,20.0,35.0,30.0,0.45,0.5,0.8,0.8,20.0,25.0,30.0,2060,2055,5,2060,0.0024271844660194173,0.8391528291116107,1.0,0.8391528291116107,1200,0.583941605839416,1.0,1
"iteration_5","SCOPE_DATA_COLLECTION",500,10,670.0,730.0,2,2814,2166,715,2927,2174,741,2806,2165,699,3,6,6,0.001067995728017088,0.0027637033625057578,0.00851063829787234,0.3195017560615748,0.8425188207940211,1.53473821697594,0.6390035121231497,0.8425188207940211,1.0231588113172934,0.1429080541696365,0.5889145496535797,0.6666666666666666,100.0,100.0,3893,817,985,14,1,0,0.0035961983046493705,0.0012239902080783353,0.0,0.45,0.5,0.8,0.8,20.0,35.0,30.0,0.45,0.5,0.8,0.8,20.0,25.0,30.0,752,748,4,752,0.005319148936170213,1.5466160162242872,1.5,1.031077344149525,510,0.6818181818181818,1.0,1
"iteration_5","SCOPE_DATA_COLLECTION",500,11,730.0,790.0,0,2898,2060,752,2814,2166,715,2901,2060,752,3,5,4,0.0010330578512396695,0.002421307506053269,0.005291005291005291,0.3198936127439954,0.835315605486278,1.5424324279925323,0.6397872254879908,0.835315605486278,1.0282882853283548,0.1523612547397449,0.5810679611650486,0.6808510638297872,97.5,100.0,3868,841,1001,11,1,0,0.002843846949327818,0.0011890606420927466,0.0,0.45,0.5,0.8,0.8,20.0,25.0,30.0,0.35000000000000003,0.5,0.8,0.8,20.0,25.0,20.0,2883,2883,0,2883,0.0,0.3290074802430522,0.5,0.6580149604861044,456,0.15816857440166493,1.0,1
"iteration_5","SCOPE_DATA_COLLECTION",500,11,730.0,790.0,1,2898,2060,752,2814,2166,715,2901,2060,752,3,5,4,0.0010330578512396695,0.002421307506053269,0.005291005291005291,0.3198936127439954,0.835315605486278,1.5424324279925323,0.6397872254879908,0.835315605486278,1.0282882853283548,0.1523612547397449,0.5810679611650486,0.6808510638297872,97.5,100.0,3868,841,1001,11,1,0,0.002843846949327818,0.0011890606420927466,0.0,0.45,0.5,0.8,0.8,20.0,25.0,30.0,0.35000000000000003,0.5,0.8,0.8,20.0,25.0,20.0,2031,2028,3,2031,0.0014771048744460858,0.8506905057488923,1.0,0.8506905057488923,1203,0.5931952662721893,1.0,1
"iteration_5","SCOPE_DATA_COLLECTION",500,11,730.0,790.0,2,2898,2060,752,2814,2166,715,2901,2060,752,3,5,4,0.0010330578512396695,0.002421307506053269,0.005291005291005291,0.3198936127439954,0.835315605486278,1.5424324279925323,0.6397872254879908,0.835315605486278,1.0282882853283548,0.1523612547397449,0.5810679611650486,0.6808510638297872,97.5,100.0,3868,841,1001,11,1,0,0.002843846949327818,0.0011890606420927466,0.0,0.45,0.5,0.8,0.8,20.0,25.0,30.0,0.35000000000000003,0.5,0.8,0.8,20.0,25.0,20.0,690,685,5,690,0.007246376811594203,1.5803995769674677,1.5,1.0535997179783119,482,0.7036496350364964,1.0,1
"iteration_5","SCOPE_DATA_COLLECTION",500,12,790.0,850.0,0,2883,2031,690,2898,2060,752,2886,2025,690,0,3,4,0.0,0.0014792899408284023,0.005763688760806916,0.32878057080037043,0.8544924218756738,1.5838384123445703,0.6575611416007409,0.8544924218756738,1.0558922748963802,0.15696465696465697,0.5945679012345679,0.7043478260869566,97.5,100.0,3940,601,1063,7,0,0,0.0017766497461928934,0.0,0.0,0.35000000000000003,0.5,0.8,0.8,20.0,25.0,20.0,0.1,0.4,0.7000000000000001,0.9,35.0,65.0,75.0,2784,2782,2,2784,7.183908045977011E-4,0.31789012852038667,0.5,0.6357802570407733,405,0.1455787203450755,1.0,1
"iteration_5","SCOPE_DATA_COLLECTION",500,12,790.0,850.0,1,2883,2031,690,2898,2060,752,2886,2025,690,0,3,4,0.0,0.0014792899408284023,0.005763688760806916,0.32878057080037043,0.8544924218756738,1.5838384123445703,0.6575611416007409,0.8544924218756738,1.0558922748963802,0.15696465696465697,0.5945679012345679,0.7043478260869566,97.5,100.0,3940,601,1063,7,0,0,0.0017766497461928934,0.0,0.0,0.35000000000000003,0.5,0.8,0.8,20.0,25.0,20.0,0.1,0.4,0.7000000000000001,0.9,35.0,65.0,75.0,2086,2083,3,2086,0.0014381591562799617,0.8461379328622058,1.0,0.8461379328622058,1236,0.5933749399903985,1.0,1
"iteration_5","SCOPE_DATA_COLLECTION",500,12,790.0,850.0,2,2883,2031,690,2898,2060,752,2886,2025,690,0,3,4,0.0,0.0014792899408284023,0.005763688760806916,0.32878057080037043,0.8544924218756738,1.5838384123445703,0.6575611416007409,0.8544924218756738,1.0558922748963802,0.15696465696465697,0.5945679012345679,0.7043478260869566,97.5,100.0,3940,601,1063,7,0,0,0.0017766497461928934,0.0,0.0,0.35000000000000003,0.5,0.8,0.8,20.0,25.0,20.0,0.1,0.4,0.7000000000000001,0.9,35.0,65.0,75.0,747,742,5,747,0.006693440428380187,1.5825645571033975,1.5,1.0550430380689317,514,0.692722371967655,1.0,1
"iteration_5","SCOPE_DATA_COLLECTION",500,13,850.0,910.0,0,2784,2086,747,2883,2031,690,2781,2080,736,2,3,6,7.186489399928135E-4,0.0014402304368698992,0.008086253369272238,0.31827838198178615,0.8436852027189349,1.575985205011748,0.6365567639635723,0.8436852027189349,1.0506568033411654,0.14563106796116504,0.5932692307692308,0.6915760869565217,97.5,100.0,3857,193,1567,11,0,0,0.002851957479906663,0.0,0.0,0.1,0.4,0.7000000000000001,0.9,35.0,65.0,75.0,0.8,0.2,0.9,0.30000000000000004,55.0,85.0,30.0,2862,2860,2,2862,6.988120195667365E-4,0.3230118035810557,0.5,0.6460236071621114,425,0.1486013986013986,1.0,1
"iteration_5","SCOPE_DATA_COLLECTION",500,13,850.0,910.0,1,2784,2086,747,2883,2031,690,2781,2080,736,2,3,6,7.186489399928135E-4,0.0014402304368698992,0.008086253369272238,0.31827838198178615,0.8436852027189349,1.575985205011748,0.6365567639635723,0.8436852027189349,1.0506568033411654,0.14563106796116504,0.5932692307692308,0.6915760869565217,97.5,100.0,3857,193,1567,11,0,0,0.002851957479906663,0.0,0.0,0.1,0.4,0.7000000000000001,0.9,35.0,65.0,75.0,0.8,0.2,0.9,0.30000000000000004,55.0,85.0,30.0,2135,2134,1,2135,4.68384074941452E-4,0.8242160879996688,1.0,0.8242160879996688,1224,0.5735707591377694,1.0,1
"iteration_5","SCOPE_DATA_COLLECTION",500,13,850.0,910.0,2,2784,2086,747,2883,2031,690,2781,2080,736,2,3,6,7.186489399928135E-4,0.0014402304368698992,0.008086253369272238,0.31827838198178615,0.8436852027189349,1.575985205011748,0.6365567639635723,0.8436852027189349,1.0506568033411654,0.14563106796116504,0.5932692307692308,0.6915760869565217,97.5,100.0,3857,193,1567,11,0,0,0.002851957479906663,0.0,0.0,0.1,0.4,0.7000000000000001,0.9,35.0,65.0,75.0,0.8,0.2,0.9,0.30000000000000004,55.0,85.0,30.0,724,720,4,724,0.0055248618784530384,1.5691359767277788,1.5,1.0460906511518526,500,0.6944444444444444,1.0,1
"iteration_5","SCOPE_DATA_COLLECTION",500,14,910.0,970.0,0,2862,2135,724,2784,2086,747,2850,2149,722,2,1,4,7.012622720897616E-4,4.6511627906976747E-4,0.005509641873278237,0.3220919866017234,0.8274541018680025,1.570169180514242,0.6441839732034468,0.8274541018680025,1.0467794536761612,0.14771929824561403,0.5742205677059097,0.6939058171745153,97.5,100.0,3881,1472,368,5,2,0,0.0012883277505797476,0.001358695652173913,0.0,0.8,0.2,0.9,0.30000000000000004,55.0,85.0,30.0,0.8500000000000001,0.5,0.1,0.8,95.0,70.0,50.0,2749,2749,0,2749,0.0,0.32465184821340703,0.5,0.6493036964268141,346,0.12586395052746452,1.0,1
"iteration_5","SCOPE_DATA_COLLECTION",500,14,910.0,970.0,1,2862,2135,724,2784,2086,747,2850,2149,722,2,1,4,7.012622720897616E-4,4.6511627906976747E-4,0.005509641873278237,0.3220919866017234,0.8274541018680025,1.570169180514242,0.6441839732034468,0.8274541018680025,1.0467794536761612,0.14771929824561403,0.5742205677059097,0.6939058171745153,97.5,100.0,3881,1472,368,5,2,0,0.0012883277505797476,0.001358695652173913,0.0,0.8,0.2,0.9,0.30000000000000004,55.0,85.0,30.0,0.8500000000000001,0.5,0.1,0.8,95.0,70.0,50.0,2187,2184,3,2187,0.0013717421124828531,0.8052386701346592,1.0,0.8052386701346592,1240,0.5677655677655677,1.0,1
"iteration_5","SCOPE_DATA_COLLECTION",500,14,910.0,970.0,2,2862,2135,724,2784,2086,747,2850,2149,722,2,1,4,7.012622720897616E-4,4.6511627906976747E-4,0.005509641873278237,0.3220919866017234,0.8274541018680025,1.570169180514242,0.6441839732034468,0.8274541018680025,1.0467794536761612,0.14771929824561403,0.5742205677059097,0.6939058171745153,97.5,100.0,3881,1472,368,5,2,0,0.0012883277505797476,0.001358695652173913,0.0,0.8,0.2,0.9,0.30000000000000004,55.0,85.0,30.0,0.8500000000000001,0.5,0.1,0.8,95.0,70.0,50.0,710,707,3,710,0.004225352112676056,1.528753487870798,1.5,1.0191689919138653,480,0.6789250353606789,1.0,1
"iteration_5","SCOPE_DATA_COLLECTION",500,15,970.0,1030.0,0,2749,2187,710,2862,2135,724,2762,2165,715,0,3,3,0.0,0.0013837638376383763,0.004178272980501393,0.3255377287259949,0.802314411547833,1.5422085002226047,0.6510754574519898,0.802314411547833,1.0281390001484032,0.12816799420709632,0.5658198614318707,0.6853146853146853,100.0,100.0,3880,1522,244,5,1,0,0.001288659793814433,6.57030223390276E-4,0.0,0.8500000000000001,0.5,0.1,0.8,95.0,70.0,50.0,0.75,0.5,0.1,0.7000000000000001,85.0,70.0,40.0,2826,2824,2,2826,7.077140835102619E-4,0.3312881047106875,0.5,0.662576209421375,420,0.14872521246458922,1.0,1
"iteration_5","SCOPE_DATA_COLLECTION",500,15,970.0,1030.0,1,2749,2187,710,2862,2135,724,2762,2165,715,0,3,3,0.0,0.0013837638376383763,0.004178272980501393,0.3255377287259949,0.802314411547833,1.5422085002226047,0.6510754574519898,0.802314411547833,1.0281390001484032,0.12816799420709632,0.5658198614318707,0.6853146853146853,100.0,100.0,3880,1522,244,5,1,0,0.001288659793814433,6.57030223390276E-4,0.0,0.8500000000000001,0.5,0.1,0.8,95.0,70.0,50.0,0.75,0.5,0.1,0.7000000000000001,85.0,70.0,40.0,2129,2127,2,2129,9.394081728511038E-4,0.8195542263708662,1.0,0.8195542263708662,1250,0.5876821814762576,1.0,1
"iteration_5","SCOPE_DATA_COLLECTION",500,15,970.0,1030.0,2,2749,2187,710,2862,2135,724,2762,2165,715,0,3,3,0.0,0.0013837638376383763,0.004178272980501393,0.3255377287259949,0.802314411547833,1.5422085002226047,0.6510754574519898,0.802314411547833,1.0281390001484032,0.12816799420709632,0.5658198614318707,0.6853146853146853,100.0,100.0,3880,1522,244,5,1,0,0.001288659793814433,6.57030223390276E-4,0.0,0.8500000000000001,0.5,0.1,0.8,95.0,70.0,50.0,0.75,0.5,0.1,0.7000000000000001,85.0,70.0,40.0,716,714,2,716,0.002793296089385475,1.5331132896338953,1.5,1.022075526422597,486,0.680672268907563,1.0,1
"iteration_5","SCOPE_DATA_COLLECTION",500,16,1030.0,1090.0,0,2826,2129,716,2749,2187,710,2818,2140,710,2,2,2,7.092198581560284E-4,9.337068160597573E-4,0.0028089887640449437,0.33086656105107437,0.8220409835880189,1.5253559869970066,0.6617331221021487,0.8220409835880189,1.0169039913313378,0.14726756564939675,0.5892523364485981,0.676056338028169,95.0,100.0,3948,1275,448,6,0,0,0.001519756838905775,0.0,0.0,0.75,0.5,0.1,0.7000000000000001,85.0,70.0,40.0,0.8500000000000001,0.4,0.1,0.6000000000000001,95.0,80.0,40.0,2850,2848,2,2850,7.017543859649122E-4,0.3299807292787116,0.5,0.6599614585574232,436,0.15308988764044945,1.0,1
"iteration_5","SCOPE_DATA_COLLECTION",500,16,1030.0,1090.0,1,2826,2129,716,2749,2187,710,2818,2140,710,2,2,2,7.092198581560284E-4,9.337068160597573E-4,0.0028089887640449437,0.33086656105107437,0.8220409835880189,1.5253559869970066,0.6617331221021487,0.8220409835880189,1.0169039913313378,0.14726756564939675,0.5892523364485981,0.676056338028169,95.0,100.0,3948,1275,448,6,0,0,0.001519756838905775,0.0,0.0,0.75,0.5,0.1,0.7000000000000001,85.0,70.0,40.0,0.8500000000000001,0.4,0.1,0.6000000000000001,95.0,80.0,40.0,2123,2122,1,2123,4.710315591144607E-4,0.8277783516466803,1.0,0.8277783516466803,1270,0.5984919886899152,1.0,1
"iteration_5","SCOPE_DATA_COLLECTION",500,16,1030.0,1090.0,2,2826,2129,716,2749,2187,710,2818,2140,710,2,2,2,7.092198581560284E-4,9.337068160597573E-4,0.0028089887640449437,0.33086656105107437,0.8220409835880189,1.5253559869970066,0.6617331221021487,0.8220409835880189,1.0169039913313378,0.14726756564939675,0.5892523364485981,0.676056338028169,95.0,100.0,3948,1275,448,6,0,0,0.001519756838905775,0.0,0.0,0.75,0.5,0.1,0.7000000000000001,85.0,70.0,40.0,0.8500000000000001,0.4,0.1,0.6000000000000001,95.0,80.0,40.0,696,692,4,696,0.005747126436781609,1.6489129745096456,1.5,1.0992753163397637,511,0.7384393063583815,1.0,1
"iteration_5","SCOPE_DATA_COLLECTION",500,17,1090.0,1150.0,0,2850,2123,696,2826,2129,716,2852,2120,687,2,1,4,7.00770847932726E-4,4.714757190004715E-4,0.005788712011577424,0.3303767643169145,0.8267830566988768,1.6460879157156079,0.660753528633829,0.8267830566988768,1.0973919438104052,0.15392706872370265,0.5981132075471698,0.7379912663755459,97.5,100.0,3978,1430,261,5,2,0,0.001256913021618904,0.0013986013986013986,0.0,0.8500000000000001,0.4,0.1,0.6000000000000001,95.0,80.0,40.0,0.8500000000000001,0.5,0.1,0.7000000000000001,95.0,80.0,40.0,2941,2940,1,2941,3.4002040122407346E-4,0.32673640236109486,0.5,0.6534728047221897,431,0.1465986394557823,1.0,1
"iteration_5","SCOPE_DATA_COLLECTION",500,17,1090.0,1150.0,1,2850,2123,696,2826,2129,716,2852,2120,687,2,1,4,7.00770847932726E-4,4.714757190004715E-4,0.005788712011577424,0.3303767643169145,0.8267830566988768,1.6460879157156079,0.660753528633829,0.8267830566988768,1.0973919438104052,0.15392706872370265,0.5981132075471698,0.7379912663755459,97.5,100.0,3978,1430,261,5,2,0,0.001256913021618904,0.0013986013986013986,0.0,0.8500000000000001,0.4,0.1,0.6000000000000001,95.0,80.0,40.0,0.8500000000000001,0.5,0.1,0.7000000000000001,95.0,80.0,40.0,2112,2111,1,2112,4.734848484848485E-4,0.8046847808240687,1.0,0.8046847808240687,1197,0.567029843675983,1.0,1
"iteration_5","SCOPE_DATA_COLLECTION",500,17,1090.0,1150.0,2,2850,2123,696,2826,2129,716,2852,2120,687,2,1,4,7.00770847932726E-4,4.714757190004715E-4,0.005788712011577424,0.3303767643169145,0.8267830566988768,1.6460879157156079,0.660753528633829,0.8267830566988768,1.0973919438104052,0.15392706872370265,0.5981132075471698,0.7379912663755459,97.5,100.0,3978,1430,261,5,2,0,0.001256913021618904,0.0013986013986013986,0.0,0.8500000000000001,0.4,0.1,0.6000000000000001,95.0,80.0,40.0,0.8500000000000001,0.5,0.1,0.7000000000000001,95.0,80.0,40.0,701,696,5,701,0.007132667617689016,1.5978824592630583,1.5,1.0652549728420388,498,0.7155172413793104,1.0,1
"iteration_5","SCOPE_DATA_COLLECTION",500,18,1150.0,1210.0,0,2941,2112,701,2850,2123,696,2939,2119,699,1,1,5,3.401360544217687E-4,4.716981132075472E-4,0.007102272727272727,0.3263747162082344,0.8065030876608836,1.6007893934355646,0.6527494324164688,0.8065030876608836,1.067192928957043,0.14596801633208575,0.5677206229353469,0.7167381974248928,90.0,100.0,3962,1490,302,7,0,0,0.0017667844522968198,0.0,0.0,0.8500000000000001,0.5,0.1,0.7000000000000001,95.0,80.0,40.0,0.8500000000000001,0.6000000000000001,0.1,0.8,95.0,80.0,40.0,2882,2879,3,2882,0.001040943789035392,0.31676786257391754,0.5,0.6335357251478351,373,0.12955887460923932,1.0,1
"iteration_5","SCOPE_DATA_COLLECTION",500,18,1150.0,1210.0,1,2941,2112,701,2850,2123,696,2939,2119,699,1,1,5,3.401360544217687E-4,4.716981132075472E-4,0.007102272727272727,0.3263747162082344,0.8065030876608836,1.6007893934355646,0.6527494324164688,0.8065030876608836,1.067192928957043,0.14596801633208575,0.5677206229353469,0.7167381974248928,90.0,100.0,3962,1490,302,7,0,0,0.0017667844522968198,0.0,0.0,0.8500000000000001,0.5,0.1,0.7000000000000001,95.0,80.0,40.0,0.8500000000000001,0.6000000000000001,0.1,0.8,95.0,80.0,40.0,2114,2111,3,2114,0.0014191106906338694,0.8057105723998319,1.0,0.8057105723998319,1185,0.5613453339649456,1.0,1
"iteration_5","SCOPE_DATA_COLLECTION",500,18,1150.0,1210.0,2,2941,2112,701,2850,2123,696,2939,2119,699,1,1,5,3.401360544217687E-4,4.716981132075472E-4,0.007102272727272727,0.3263747162082344,0.8065030876608836,1.6007893934355646,0.6527494324164688,0.8065030876608836,1.067192928957043,0.14596801633208575,0.5677206229353469,0.7167381974248928,90.0,100.0,3962,1490,302,7,0,0,0.0017667844522968198,0.0,0.0,0.8500000000000001,0.5,0.1,0.7000000000000001,95.0,80.0,40.0,0.8500000000000001,0.6000000000000001,0.1,0.8,95.0,80.0,40.0,773,772,1,773,0.00129366106080207,1.4953214334637632,1.5,0.9968809556425088,509,0.6593264248704663,1.0,1
"iteration_5","SCOPE_DATA_COLLECTION",500,19,1210.0,1270.0,0,2882,2114,773,2941,2112,701,2885,2104,771,3,3,1,0.001038781163434903,0.0014238253440911248,0.0012953367875647669,0.3171340808351328,0.8040151588847532,1.4922525243277562,0.6342681616702656,0.8040151588847532,0.9948350162185041,0.12998266897746968,0.5613117870722434,0.6575875486381323,92.5,100.0,3874,1585,310,5,2,0,0.0012906556530717604,0.0012618296529968455,0.0,0.8500000000000001,0.6000000000000001,0.1,0.8,95.0,80.0,40.0,0.75,0.7000000000000001,0.1,0.7000000000000001,85.0,70.0,40.0,2853,2851,2,2853,7.010164738871364E-4,0.31560628326014734,0.5,0.6312125665202947,342,0.1199579095054367,1.0,1
"iteration_5","SCOPE_DATA_COLLECTION",500,19,1210.0,1270.0,1,2882,2114,773,2941,2112,701,2885,2104,771,3,3,1,0.001038781163434903,0.0014238253440911248,0.0012953367875647669,0.3171340808351328,0.8040151588847532,1.4922525243277562,0.6342681616702656,0.8040151588847532,0.9948350162185041,0.12998266897746968,0.5613117870722434,0.6575875486381323,92.5,100.0,3874,1585,310,5,2,0,0.0012906556530717604,0.0012618296529968455,0.0,0.8500000000000001,0.6000000000000001,0.1,0.8,95.0,80.0,40.0,0.75,0.7000000000000001,0.1,0.7000000000000001,85.0,70.0,40.0,2154,2152,2,2154,9.285051067780873E-4,0.8011233524842388,1.0,0.8011233524842388,1231,0.5720260223048327,1.0,1
"iteration_5","SCOPE_DATA_COLLECTION",500,19,1210.0,1270.0,2,2882,2114,773,2941,2112,701,2885,2104,771,3,3,1,0.001038781163434903,0.0014238253440911248,0.0012953367875647669,0.3171340808351328,0.8040151588847532,1.4922525243277562,0.6342681616702656,0.8040151588847532,0.9948350162185041,0.12998266897746968,0.5613117870722434,0.6575875486381323,92.5,100.0,3874,1585,310,5,2,0,0.0012906556530717604,0.0012618296529968455,0.0,0.8500000000000001,0.6000000000000001,0.1,0.8,95.0,80.0,40.0,0.75,0.7000000000000001,0.1,0.7000000000000001,85.0,70.0,40.0,719,715,4,719,0.005563282336578581,1.5607501127532188,1.5,1.0405000751688125,495,0.6923076923076923,1.0,1
"iteration_5","SCOPE_DATA_COLLECTION",500,20,1270.0,1330.0,0,2853,2154,719,2882,2114,773,2844,2147,714,2,2,4,7.027406886858749E-4,9.306654257794323E-4,0.005571030640668524,0.315385071441164,0.80357619967155,1.569721217378766,0.630770142882328,0.80357619967155,1.046480811585844,0.11849507735583685,0.5733581741965533,0.696078431372549,100.0,100.0,3883,1373,470,6,2,0,0.001545197012619109,0.0014566642388929353,0.0,0.75,0.7000000000000001,0.1,0.7000000000000001,85.0,70.0,40.0,0.65,0.8,0.1,0.7000000000000001,85.0,60.0,40.0,2885,2883,2,2885,6.932409012131716E-4,0.31794745133747515,0.5,0.6358949026749503,370,0.12833853624696498,1.0,1
"iteration_5","SCOPE_DATA_COLLECTION",500,20,1270.0,1330.0,1,2853,2154,719,2882,2114,773,2844,2147,714,2,2,4,7.027406886858749E-4,9.306654257794323E-4,0.005571030640668524,0.315385071441164,0.80357619967155,1.569721217378766,0.630770142882328,0.80357619967155,1.046480811585844,0.11849507735583685,0.5733581741965533,0.696078431372549,100.0,100.0,3883,1373,470,6,2,0,0.001545197012619109,0.0014566642388929353,0.0,0.75,0.7000000000000001,0.1,0.7000000000000001,85.0,70.0,40.0,0.65,0.8,0.1,0.7000000000000001,85.0,60.0,40.0,2094,2094,0,2094,0.0,0.8059137042431732,1.0,0.8059137042431732,1185,0.5659025787965616,1.0,1
"iteration_5","SCOPE_DATA_COLLECTION",500,20,1270.0,1330.0,2,2853,2154,719,2882,2114,773,2844,2147,714,2,2,4,7.027406886858749E-4,9.306654257794323E-4,0.005571030640668524,0.315385071441164,0.80357619967155,1.569721217378766,0.630770142882328,0.80357619967155,1.046480811585844,0.11849507735583685,0.5733581741965533,0.696078431372549,100.0,100.0,3883,1373,470,6,2,0,0.001545197012619109,0.0014566642388929353,0.0,0.75,0.7000000000000001,0.1,0.7000000000000001,85.0,70.0,40.0,0.65,0.8,0.1,0.7000000000000001,85.0,60.0,40.0,716,714,2,716,0.002793296089385475,1.5157637033746014,1.5,1.0105091355830675,476,0.6666666666666666,1.0,1
"iteration_5","SCOPE_DATA_COLLECTION",500,21,1330.0,1390.0,0,2885,2094,716,2853,2154,719,2885,2102,717,2,0,2,6.927606511950121E-4,0.0,0.0027816411682892906,0.3182324931552046,0.8039352527770228,1.512298160985219,0.6364649863104092,0.8039352527770228,1.0081987739901461,0.13067590987868286,0.5637488106565176,0.6652719665271967,95.0,100.0,3882,1210,603,3,1,0,7.727975270479134E-4,8.264462809917355E-4,0.0,0.65,0.8,0.1,0.7000000000000001,85.0,60.0,40.0,0.8,0.7000000000000001,0.6000000000000001,0.4,20.0,70.0,35.0,2935,2933,2,2935,6.814310051107325E-4,0.3200869026226742,0.5,0.6401738052453484,463,0.15785884759631777,1.0,1
"iteration_5","SCOPE_DATA_COLLECTION",500,21,1330.0,1390.0,1,2885,2094,716,2853,2154,719,2885,2102,717,2,0,2,6.927606511950121E-4,0.0,0.0027816411682892906,0.3182324931552046,0.8039352527770228,1.512298160985219,0.6364649863104092,0.8039352527770228,1.0081987739901461,0.13067590987868286,0.5637488106565176,0.6652719665271967,95.0,100.0,3882,1210,603,3,1,0,7.727975270479134E-4,8.264462809917355E-4,0.0,0.65,0.8,0.1,0.7000000000000001,85.0,60.0,40.0,0.8,0.7000000000000001,0.6000000000000001,0.4,20.0,70.0,35.0,2179,2177,2,2179,9.178522257916476E-4,0.8150746310248236,1.0,0.8150746310248236,1236,0.5677537896187413,1.0,1
"iteration_5","SCOPE_DATA_COLLECTION",500,21,1330.0,1390.0,2,2885,2094,716,2853,2154,719,2885,2102,717,2,0,2,6.927606511950121E-4,0.0,0.0027816411682892906,0.3182324931552046,0.8039352527770228,1.512298160985219,0.6364649863104092,0.8039352527770228,1.0081987739901461,0.13067590987868286,0.5637488106565176,0.6652719665271967,95.0,100.0,3882,1210,603,3,1,0,7.727975270479134E-4,8.264462809917355E-4,0.0,0.65,0.8,0.1,0.7000000000000001,85.0,60.0,40.0,0.8,0.7000000000000001,0.6000000000000001,0.4,20.0,70.0,35.0,731,727,4,731,0.005471956224350205,1.496942797212599,1.5,0.9979618648083993,476,0.6547455295735901,1.0,1
"iteration_5","SCOPE_DATA_COLLECTION",500,22,1390.0,1450.0,0,2935,2179,731,2885,2094,716,2929,2168,725,2,2,4,6.82360968952576E-4,9.216589861751152E-4,0.0054869684499314125,0.318679487982584,0.813438837553775,1.499959776925743,0.637358975965168,0.813438837553775,0.9999731846171619,0.15466029361556846,0.565959409594096,0.6565517241379311,97.5,100.0,3861,1596,388,7,1,0,0.001813001813001813,6.265664160401002E-4,0.0,0.8,0.7000000000000001,0.6000000000000001,0.4,20.0,70.0,35.0,0.6000000000000001,0.9,0.6000000000000001,0.30000000000000004,40.0,35.0,60.0,2783,2781,2,2783,7.186489399928135E-4,0.3242012543635069,0.5,0.6484025087270138,463,0.1664868752247393,1.0,1
"iteration_5","SCOPE_DATA_COLLECTION",500,22,1390.0,1450.0,1,2935,2179,731,2885,2094,716,2929,2168,725,2,2,4,6.82360968952576E-4,9.216589861751152E-4,0.0054869684499314125,0.318679487982584,0.813438837553775,1.499959776925743,0.637358975965168,0.813438837553775,0.9999731846171619,0.15466029361556846,0.565959409594096,0.6565517241379311,97.5,100.0,3861,1596,388,7,1,0,0.001813001813001813,6.265664160401002E-4,0.0,0.8,0.7000000000000001,0.6000000000000001,0.4,20.0,70.0,35.0,0.6000000000000001,0.9,0.6000000000000001,0.30000000000000004,40.0,35.0,60.0,2131,2130,1,2131,4.692632566870014E-4,0.8009925382276322,1.0,0.8009925382276322,1186,0.5568075117370892,1.0,1
"iteration_5","SCOPE_DATA_COLLECTION",500,22,1390.0,1450.0,2,2935,2179,731,2885,2094,716,2929,2168,725,2,2,4,6.82360968952576E-4,9.216589861751152E-4,0.0054869684499314125,0.318679487982584,0.813438837553775,1.499959776925743,0.637358975965168,0.813438837553775,0.9999731846171619,0.15466029361556846,0.565959409594096,0.6565517241379311,97.5,100.0,3861,1596,388,7,1,0,0.001813001813001813,6.265664160401002E-4,0.0,0.8,0.7000000000000001,0.6000000000000001,0.4,20.0,70.0,35.0,0.6000000000000001,0.9,0.6000000000000001,0.30000000000000004,40.0,35.0,60.0,742,736,6,742,0.008086253369272238,1.5169441911648718,1.5,1.011296127443248,491,0.6671195652173914,1.0,1
"iteration_5","SCOPE_DATA_COLLECTION",500,23,1450.0,1510.0,0,2783,2131,742,2935,2179,731,2783,2133,740,2,1,6,7.18132854578097E-4,4.6860356138706655E-4,0.00804289544235925,0.32539332406965854,0.8012005926395679,1.5135451640055293,0.6507866481393171,0.8012005926395679,1.0090301093370195,0.16852317642831477,0.5578996718237225,0.6648648648648648,97.5,100.0,3776,1133,747,8,1,0,0.00211864406779661,8.8261253309797E-4,0.0,0.6000000000000001,0.9,0.6000000000000001,0.30000000000000004,40.0,35.0,60.0,0.05,0.5,0.6000000000000001,0.9,70.0,50.0,30.0,2813,2812,1,2813,3.5549235691432633E-4,0.3246303126673535,0.5,0.649260625334707,409,0.14544807965860598,1.0,1
"iteration_5","SCOPE_DATA_COLLECTION",500,23,1450.0,1510.0,1,2783,2131,742,2935,2179,731,2783,2133,740,2,1,6,7.18132854578097E-4,4.6860356138706655E-4,0.00804289544235925,0.32539332406965854,0.8012005926395679,1.5135451640055293,0.6507866481393171,0.8012005926395679,1.0090301093370195,0.16852317642831477,0.5578996718237225,0.6648648648648648,97.5,100.0,3776,1133,747,8,1,0,0.00211864406779661,8.8261253309797E-4,0.0,0.6000000000000001,0.9,0.6000000000000001,0.30000000000000004,40.0,35.0,60.0,0.05,0.5,0.6000000000000001,0.9,70.0,50.0,30.0,2096,2091,5,2096,0.002385496183206107,0.8326843575872901,1.0,0.8326843575872901,1233,0.5896700143472023,1.0,1
"iteration_5","SCOPE_DATA_COLLECTION",500,23,1450.0,1510.0,2,2783,2131,742,2935,2179,731,2783,2133,740,2,1,6,7.18132854578097E-4,4.6860356138706655E-4,0.00804289544235925,0.32539332406965854,0.8012005926395679,1.5135451640055293,0.6507866481393171,0.8012005926395679,1.0090301093370195,0.16852317642831477,0.5578996718237225,0.6648648648648648,97.5,100.0,3776,1133,747,8,1,0,0.00211864406779661,8.8261253309797E-4,0.0,0.6000000000000001,0.9,0.6000000000000001,0.30000000000000004,40.0,35.0,60.0,0.05,0.5,0.6000000000000001,0.9,70.0,50.0,30.0,673,671,2,673,0.0029717682020802376,1.5817052762807136,1.5,1.0544701841871424,470,0.7004470938897168,1.0,1
"iteration_5","SCOPE_DATA_COLLECTION",500,24,1510.0,1570.0,0,2813,2096,673,2783,2131,742,2809,2093,671,1,5,2,3.5587188612099647E-4,0.0023832221163012394,0.0029717682020802376,0.32425632780336394,0.8332389041039611,1.5807153394099354,0.6485126556067279,0.8332389041039611,1.0538102262732902,0.14453542185831256,0.5895843287147635,0.7004470938897168,95.0,100.0,3912,81,1589,8,0,0,0.002044989775051125,0.0,0.0,0.05,0.5,0.6000000000000001,0.9,70.0,50.0,30.0,0.05,0.5,0.6000000000000001,0.9,70.0,50.0,30.0,2855,2851,4,2855,0.0014010507880910684,0.3193374081201818,0.5,0.6386748162403636,414,0.14521220624342335,1.0,1
"iteration_5","SCOPE_DATA_COLLECTION",500,24,1510.0,1570.0,1,2813,2096,673,2783,2131,742,2809,2093,671,1,5,2,3.5587188612099647E-4,0.0023832221163012394,0.0029717682020802376,0.32425632780336394,0.8332389041039611,1.5807153394099354,0.6485126556067279,0.8332389041039611,1.0538102262732902,0.14453542185831256,0.5895843287147635,0.7004470938897168,95.0,100.0,3912,81,1589,8,0,0,0.002044989775051125,0.0,0.0,0.05,0.5,0.6000000000000001,0.9,70.0,50.0,30.0,0.05,0.5,0.6000000000000001,0.9,70.0,50.0,30.0,2099,2094,5,2099,0.0023820867079561697,0.8213048102412901,1.0,0.8213048102412901,1208,0.5768863419293219,1.0,1
"iteration_5","SCOPE_DATA_COLLECTION",500,24,1510.0,1570.0,2,2813,2096,673,2783,2131,742,2809,2093,671,1,5,2,3.5587188612099647E-4,0.0023832221163012394,0.0029717682020802376,0.32425632780336394,0.8332389041039611,1.5807153394099354,0.6485126556067279,0.8332389041039611,1.0538102262732902,0.14453542185831256,0.5895843287147635,0.7004470938897168,95.0,100.0,3912,81,1589,8,0,0,0.002044989775051125,0.0,0.0,0.05,0.5,0.6000000000000001,0.9,70.0,50.0,30.0,0.05,0.5,0.6000000000000001,0.9,70.0,50.0,30.0,727,719,8,727,0.011004126547455296,1.558619180234669,1.5,1.0390794534897794,494,0.6870653685674548,1.0,1
"iteration_5","SCOPE_DATA_COLLECTION",500,25,1570.0,1630.0,0,2855,2099,727,2813,2096,673,2851,2097,717,4,5,8,0.0014010507880910684,0.002378686964795433,0.011034482758620689,0.31962022961155473,0.8214550195062682,1.556027907089901,0.6392404592231095,0.8214550195062682,1.037351938059934,0.14556296036478428,0.5765379113018598,0.6861924686192469,90.0,100.0,3877,89,1715,17,0,0,0.004384833634253288,0.0,0.0,0.05,0.5,0.6000000000000001,0.9,70.0,50.0,30.0,0.05,0.4,0.6000000000000001,0.9,70.0,60.0,20.0,2761,2757,4,2761,0.0014487504527345165,0.321670489857209,0.5,0.643340979714418,427,0.1548784911135292,1.0,1
"iteration_5","SCOPE_DATA_COLLECTION",500,25,1570.0,1630.0,1,2855,2099,727,2813,2096,673,2851,2097,717,4,5,8,0.0014010507880910684,0.002378686964795433,0.011034482758620689,0.31962022961155473,0.8214550195062682,1.556027907089901,0.6392404592231095,0.8214550195062682,1.037351938059934,0.14556296036478428,0.5765379113018598,0.6861924686192469,90.0,100.0,3877,89,1715,17,0,0,0.004384833634253288,0.0,0.0,0.05,0.5,0.6000000000000001,0.9,70.0,50.0,30.0,0.05,0.4,0.6000000000000001,0.9,70.0,60.0,20.0,2106,2104,2,2106,9.49667616334283E-4,0.8341728922772939,1.0,0.8341728922772939,1234,0.5865019011406845,1.0,1
"iteration_5","SCOPE_DATA_COLLECTION",500,25,1570.0,1630.0,2,2855,2099,727,2813,2096,673,2851,2097,717,4,5,8,0.0014010507880910684,0.002378686964795433,0.011034482758620689,0.31962022961155473,0.8214550195062682,1.556027907089901,0.6392404592231095,0.8214550195062682,1.037351938059934,0.14556296036478428,0.5765379113018598,0.6861924686192469,90.0,100.0,3877,89,1715,17,0,0,0.004384833634253288,0.0,0.0,0.05,0.5,0.6000000000000001,0.9,70.0,50.0,30.0,0.05,0.4,0.6000000000000001,0.9,70.0,60.0,20.0,701,693,8,701,0.011412268188302425,1.5898890835169817,1.5,1.0599260556779877,490,0.7070707070707071,1.0,1
"iteration_5","SCOPE_DATA_COLLECTION",500,26,1630.0,1690.0,0,2761,2106,701,2855,2099,727,2762,2097,692,4,2,8,0.0014461315979754157,9.528346831824678E-4,0.011428571428571429,0.32132015719352136,0.8334923587580809,1.6003854911747593,0.6426403143870427,0.8334923587580809,1.066923660783173,0.15423606082548877,0.587029089175012,0.7124277456647399,92.5,100.0,3831,72,1665,14,0,0,0.0036543983294179067,0.0,0.0,0.05,0.4,0.6000000000000001,0.9,70.0,60.0,20.0,0.15000000000000002,0.8,0.8,0.4,60.0,55.0,65.0,2830,2828,2,2830,7.067137809187279E-4,0.3142277066923771,0.5,0.6284554133847542,375,0.1326025459688826,1.0,1
"iteration_5","SCOPE_DATA_COLLECTION",500,26,1630.0,1690.0,1,2761,2106,701,2855,2099,727,2762,2097,692,4,2,8,0.0014461315979754157,9.528346831824678E-4,0.011428571428571429,0.32132015719352136,0.8334923587580809,1.6003854911747593,0.6426403143870427,0.8334923587580809,1.066923660783173,0.15423606082548877,0.587029089175012,0.7124277456647399,92.5,100.0,3831,72,1665,14,0,0,0.0036543983294179067,0.0,0.0,0.05,0.4,0.6000000000000001,0.9,70.0,60.0,20.0,0.15000000000000002,0.8,0.8,0.4,60.0,55.0,65.0,2146,2142,4,2146,0.001863932898415657,0.8204962839908659,1.0,0.8204962839908659,1213,0.5662931839402428,1.0,1
"iteration_5","SCOPE_DATA_COLLECTION",500,26,1630.0,1690.0,2,2761,2106,701,2855,2099,727,2762,2097,692,4,2,8,0.0014461315979754157,9.528346831824678E-4,0.011428571428571429,0.32132015719352136,0.8334923587580809,1.6003854911747593,0.6426403143870427,0.8334923587580809,1.066923660783173,0.15423606082548877,0.587029089175012,0.7124277456647399,92.5,100.0,3831,72,1665,14,0,0,0.0036543983294179067,0.0,0.0,0.05,0.4,0.6000000000000001,0.9,70.0,60.0,20.0,0.15000000000000002,0.8,0.8,0.4,60.0,55.0,65.0,697,696,1,697,0.0014347202295552368,1.5232984994747172,1.5,1.0155323329831447,470,0.6752873563218391,1.0,1
"iteration_5","SCOPE_DATA_COLLECTION",500,27,1690.0,1750.0,0,2830,2146,697,2761,2106,701,2820,2139,704,2,4,1,7.087172218284905E-4,0.0018665422305179655,0.0014184397163120568,0.31439423390474813,0.8206098837137134,1.526513356608813,0.6287884678094963,0.8206098837137134,1.017675571072542,0.1326241134751773,0.5666199158485273,0.6761363636363636,100.0,100.0,3830,267,1576,7,0,0,0.0018276762402088772,0.0,0.0,0.15000000000000002,0.8,0.8,0.4,60.0,55.0,65.0,0.05,0.9,0.9,0.5,70.0,45.0,55.0,2866,2865,1,2866,3.489183531053733E-4,0.31377593535515025,0.5,0.6275518707103005,409,0.14275741710296685,1.0,1
"iteration_5","SCOPE_DATA_COLLECTION",500,27,1690.0,1750.0,1,2830,2146,697,2761,2106,701,2820,2139,704,2,4,1,7.087172218284905E-4,0.0018665422305179655,0.0014184397163120568,0.31439423390474813,0.8206098837137134,1.526513356608813,0.6287884678094963,0.8206098837137134,1.017675571072542,0.1326241134751773,0.5666199158485273,0.6761363636363636,100.0,100.0,3830,267,1576,7,0,0,0.0018276762402088772,0.0,0.0,0.15000000000000002,0.8,0.8,0.4,60.0,55.0,65.0,0.05,0.9,0.9,0.5,70.0,45.0,55.0,2086,2077,9,2086,0.004314477468839885,0.8180702549201481,1.0,0.8180702549201481,1181,0.568608570052961,1.0,1
"iteration_5","SCOPE_DATA_COLLECTION",500,27,1690.0,1750.0,2,2830,2146,697,2761,2106,701,2820,2139,704,2,4,1,7.087172218284905E-4,0.0018665422305179655,0.0014184397163120568,0.31439423390474813,0.8206098837137134,1.526513356608813,0.6287884678094963,0.8206098837137134,1.017675571072542,0.1326241134751773,0.5666199158485273,0.6761363636363636,100.0,100.0,3830,267,1576,7,0,0,0.0018276762402088772,0.0,0.0,0.15000000000000002,0.8,0.8,0.4,60.0,55.0,65.0,0.05,0.9,0.9,0.5,70.0,45.0,55.0,748,747,1,748,0.001336898395721925,1.5509084021342756,1.5,1.0339389347561838,511,0.6840696117804551,1.0,1
"iteration_5","SCOPE_DATA_COLLECTION",500,28,1750.0,1810.0,0,2866,2086,748,2830,2146,697,2876,2080,731,1,9,1,3.475842891901286E-4,0.00430828147438966,0.001366120218579235,0.31408955556074536,0.8198155739060468,1.536862986913256,0.6281791111214907,0.8198155739060468,1.0245753246088374,0.14360222531293462,0.5697115384615384,0.6771545827633378,97.5,100.0,3815,120,1765,11,0,0,0.0028833551769331584,0.0,0.0,0.05,0.9,0.9,0.5,70.0,45.0,55.0,0.05,0.8,0.9,0.5,80.0,35.0,45.0,2862,2860,2,2862,6.988120195667365E-4,0.3235915693134192,0.5,0.6471831386268384,455,0.1590909090909091,1.0,1
"iteration_5","SCOPE_DATA_COLLECTION",500,28,1750.0,1810.0,1,2866,2086,748,2830,2146,697,2876,2080,731,1,9,1,3.475842891901286E-4,0.00430828147438966,0.001366120218579235,0.31408955556074536,0.8198155739060468,1.536862986913256,0.6281791111214907,0.8198155739060468,1.0245753246088374,0.14360222531293462,0.5697115384615384,0.6771545827633378,97.5,100.0,3815,120,1765,11,0,0,0.0028833551769331584,0.0,0.0,0.05,0.9,0.9,0.5,70.0,45.0,55.0,0.05,0.8,0.9,0.5,80.0,35.0,45.0,2130,2128,2,2130,9.389671361502347E-4,0.8285427958495295,1.0,0.8285427958495295,1230,0.5780075187969925,1.0,1
"iteration_5","SCOPE_DATA_COLLECTION",500,28,1750.0,1810.0,2,2866,2086,748,2830,2146,697,2876,2080,731,1,9,1,3.475842891901286E-4,0.00430828147438966,0.001366120218579235,0.31408955556074536,0.8198155739060468,1.536862986913256,0.6281791111214907,0.8198155739060468,1.0245753246088374,0.14360222531293462,0.5697115384615384,0.6771545827633378,97.5,100.0,3815,120,1765,11,0,0,0.0028833551769331584,0.0,0.0,0.05,0.9,0.9,0.5,70.0,45.0,55.0,0.05,0.8,0.9,0.5,80.0,35.0,45.0,720,717,3,720,0.004166666666666667,1.4912547711242647,1.5,0.9941698474161765,467,0.6513249651324965,1.0,1
"iteration_5","SCOPE_DATA_COLLECTION",500,29,1810.0,1870.0,0,2862,2130,720,2866,2086,748,2856,2117,724,2,2,3,6.997900629811056E-4,9.438414346389807E-4,0.0041265474552957355,0.3218288798474772,0.8263255228798358,1.500300445055771,0.6436577596949544,0.8263255228798358,1.0002002967038475,0.15756302521008403,0.5743977326405291,0.6560773480662984,95.0,100.0,3884,96,1732,7,0,0,0.0018022657054582905,0.0,0.0,0.05,0.8,0.9,0.5,80.0,35.0,45.0,0.05,0.7000000000000001,0.9,0.5,90.0,35.0,35.0,2866,2865,1,2866,3.489183531053733E-4,0.3269350068273631,0.5,0.6538700136547262,510,0.17801047120418848,1.0,1
"iteration_5","SCOPE_DATA_COLLECTION",500,29,1810.0,1870.0,1,2862,2130,720,2866,2086,748,2856,2117,724,2,2,3,6.997900629811056E-4,9.438414346389807E-4,0.0041265474552957355,0.3218288798474772,0.8263255228798358,1.500300445055771,0.6436577596949544,0.8263255228798358,1.0002002967038475,0.15756302521008403,0.5743977326405291,0.6560773480662984,95.0,100.0,3884,96,1732,7,0,0,0.0018022657054582905,0.0,0.0,0.05,0.8,0.9,0.5,80.0,35.0,45.0,0.05,0.7000000000000001,0.9,0.5,90.0,35.0,35.0,2110,2105,5,2110,0.002369668246445498,0.815852791761422,1.0,0.815852791761422,1186,0.5634204275534441,1.0,1
"iteration_5","SCOPE_DATA_COLLECTION",500,29,1810.0,1870.0,2,2862,2130,720,2866,2086,748,2856,2117,724,2,2,3,6.997900629811056E-4,9.438414346389807E-4,0.0041265474552957355,0.3218288798474772,0.8263255228798358,1.500300445055771,0.6436577596949544,0.8263255228798358,1.0002002967038475,0.15756302521008403,0.5743977326405291,0.6560773480662984,95.0,100.0,3884,96,1732,7,0,0,0.0018022657054582905,0.0,0.0,0.05,0.8,0.9,0.5,80.0,35.0,45.0,0.05,0.7000000000000001,0.9,0.5,90.0,35.0,35.0,763,758,5,763,0.00655307994757536,1.5052241057271265,1.5,1.0034827371514177,497,0.6556728232189973,1.0,1
"iteration_5","SCOPE_DATA_COLLECTION",500,30,1870.0,1930.0,0,2866,2110,763,2862,2130,720,2863,2119,755,1,5,5,3.4916201117318437E-4,0.0023540489642184556,0.006578947368421052,0.3282679055237638,0.8180780254013107,1.507779544552008,0.6565358110475276,0.8180780254013107,1.005186363034672,0.17918267551519385,0.5658329400660689,0.6582781456953642,100.0,100.0,3845,83,1811,11,0,0,0.002860858257477243,0.0,0.0,0.05,0.7000000000000001,0.9,0.5,90.0,35.0,35.0,0.15000000000000002,0.8,0.9,0.5,80.0,35.0,35.0,2838,2837,1,2838,3.5236081747709656E-4,0.3209533185826418,0.5,0.6419066371652836,473,0.16672541416989778,1.0,1
"iteration_5","SCOPE_DATA_COLLECTION",500,30,1870.0,1930.0,1,2866,2110,763,2862,2130,720,2863,2119,755,1,5,5,3.4916201117318437E-4,0.0023540489642184556,0.006578947368421052,0.3282679055237638,0.8180780254013107,1.507779544552008,0.6565358110475276,0.8180780254013107,1.005186363034672,0.17918267551519385,0.5658329400660689,0.6582781456953642,100.0,100.0,3845,83,1811,11,0,0,0.002860858257477243,0.0,0.0,0.05,0.7000000000000001,0.9,0.5,90.0,35.0,35.0,0.15000000000000002,0.8,0.9,0.5,80.0,35.0,35.0,2106,2104,2,2106,9.49667616334283E-4,0.8336927816234013,1.0,0.8336927816234013,1222,0.5807984790874525,1.0,1
"iteration_5","SCOPE_DATA_COLLECTION",500,30,1870.0,1930.0,2,2866,2110,763,2862,2130,720,2863,2119,755,1,5,5,3.4916201117318437E-4,0.0023540489642184556,0.006578947368421052,0.3282679055237638,0.8180780254013107,1.507779544552008,0.6565358110475276,0.8180780254013107,1.005186363034672,0.17918267551519385,0.5658329400660689,0.6582781456953642,100.0,100.0,3845,83,1811,11,0,0,0.002860858257477243,0.0,0.0,0.05,0.7000000000000001,0.9,0.5,90.0,35.0,35.0,0.15000000000000002,0.8,0.9,0.5,80.0,35.0,35.0,733,729,4,733,0.005457025920873124,1.5212270025720076,1.5,1.0141513350480051,486,0.6666666666666666,1.0,1
"iteration_5","SCOPE_DATA_COLLECTION",500,31,1930.0,1990.0,0,2838,2106,733,2866,2110,763,2838,2104,731,1,2,4,3.522367030644593E-4,9.49667616334283E-4,0.005442176870748299,0.32174433400826363,0.8325702303053418,1.51723297843533,0.6434886680165273,0.8325702303053418,1.01148865229022,0.16842847075405215,0.5798479087452472,0.66484268125855,92.5,100.0,3804,275,1598,7,0,0,0.001840168243953733,0.0,0.0,0.15000000000000002,0.8,0.9,0.5,80.0,35.0,35.0,0.15000000000000002,0.9,0.8,0.6000000000000001,90.0,35.0,35.0,2881,2877,4,2881,0.0013884068031933356,0.3177043088773407,0.5,0.6354086177546814,392,0.1362530413625304,1.0,1
"iteration_5","SCOPE_DATA_COLLECTION",500,31,1930.0,1990.0,1,2838,2106,733,2866,2110,763,2838,2104,731,1,2,4,3.522367030644593E-4,9.49667616334283E-4,0.005442176870748299,0.32174433400826363,0.8325702303053418,1.51723297843533,0.6434886680165273,0.8325702303053418,1.01148865229022,0.16842847075405215,0.5798479087452472,0.66484268125855,92.5,100.0,3804,275,1598,7,0,0,0.001840168243953733,0.0,0.0,0.15000000000000002,0.8,0.9,0.5,80.0,35.0,35.0,0.15000000000000002,0.9,0.8,0.6000000000000001,90.0,35.0,35.0,2070,2067,3,2070,0.0014492753623188406,0.8383192550688021,1.0,0.8383192550688021,1220,0.5902273826802129,1.0,1
"iteration_5","SCOPE_DATA_COLLECTION",500,31,1930.0,1990.0,2,2838,2106,733,2866,2110,763,2838,2104,731,1,2,4,3.522367030644593E-4,9.49667616334283E-4,0.005442176870748299,0.32174433400826363,0.8325702303053418,1.51723297843533,0.6434886680165273,0.8325702303053418,1.01148865229022,0.16842847075405215,0.5798479087452472,0.66484268125855,92.5,100.0,3804,275,1598,7,0,0,0.001840168243953733,0.0,0.0,0.15000000000000002,0.8,0.9,0.5,80.0,35.0,35.0,0.15000000000000002,0.9,0.8,0.6000000000000001,90.0,35.0,35.0,684,682,2,684,0.0029239766081871343,1.5130194769668752,1.5,1.0086796513112501,459,0.6730205278592375,1.0,1
"iteration_5","SCOPE_DATA_COLLECTION",500,32,1990.0,2050.0,0,2881,2070,684,2838,2106,733,2879,2066,685,4,3,2,0.001387443635102324,0.0014499758337361043,0.002911208151382824,0.31732801807560024,0.8378851631460026,1.5089413008459283,0.6346560361512005,0.8378851631460026,1.0059608672306188,0.13546370267453978,0.5924491771539206,0.6686131386861314,100.0,100.0,3891,260,1484,9,0,0,0.002313030069390902,0.0,0.0,0.15000000000000002,0.9,0.8,0.6000000000000001,90.0,35.0,35.0,0.05,0.8,0.8,0.5,95.0,25.0,35.0,2837,2836,1,2837,3.5248501938667606E-4,0.3252566502861359,0.5,0.6505133005722717,477,0.16819464033850492,1.0,1
"iteration_5","SCOPE_DATA_COLLECTION",500,32,1990.0,2050.0,1,2881,2070,684,2838,2106,733,2879,2066,685,4,3,2,0.001387443635102324,0.0014499758337361043,0.002911208151382824,0.31732801807560024,0.8378851631460026,1.5089413008459283,0.6346560361512005,0.8378851631460026,1.0059608672306188,0.13546370267453978,0.5924491771539206,0.6686131386861314,100.0,100.0,3891,260,1484,9,0,0,0.002313030069390902,0.0,0.0,0.15000000000000002,0.9,0.8,0.6000000000000001,90.0,35.0,35.0,0.05,0.8,0.8,0.5,95.0,25.0,35.0,2112,2109,3,2112,0.0014204545454545455,0.8293549547704222,1.0,0.8293549547704222,1235,0.5855855855855856,1.0,1
"iteration_5","SCOPE_DATA_COLLECTION",500,32,1990.0,2050.0,2,2881,2070,684,2838,2106,733,2879,2066,685,4,3,2,0.001387443635102324,0.0014499758337361043,0.002911208151382824,0.31732801807560024,0.8378851631460026,1.5089413008459283,0.6346560361512005,0.8378851631460026,1.0059608672306188,0.13546370267453978,0.5924491771539206,0.6686131386861314,100.0,100.0,3891,260,1484,9,0,0,0.002313030069390902,0.0,0.0,0.15000000000000002,0.9,0.8,0.6000000000000001,90.0,35.0,35.0,0.05,0.8,0.8,0.5,95.0,25.0,35.0,664,662,2,664,0.0030120481927710845,1.5443383398720794,1.5,1.0295588932480528,449,0.6782477341389728,1.0,1
"iteration_5","SCOPE_DATA_COLLECTION",500,33,2050.0,2110.0,0,2837,2112,664,2881,2070,684,2828,2106,669,1,3,2,3.534817956875221E-4,0.001422475106685633,0.0029806259314456036,0.3255564080718468,0.8290587521400831,1.5543437073405475,0.6511128161436937,0.8290587521400831,1.0362291382270317,0.16831683168316833,0.5845204178537512,0.6846038863976084,97.5,100.0,3857,87,1669,6,0,0,0.00155561317085818,0.0,0.0,0.05,0.8,0.8,0.5,95.0,25.0,35.0,0.15000000000000002,0.8,0.8,0.4,85.0,25.0,35.0,2825,2825,0,2825,0.0,0.3167666324092867,0.5,0.6335332648185734,430,0.15221238938053097,1.0,1
"iteration_5","SCOPE_DATA_COLLECTION",500,33,2050.0,2110.0,1,2837,2112,664,2881,2070,684,2828,2106,669,1,3,2,3.534817956875221E-4,0.001422475106685633,0.0029806259314456036,0.3255564080718468,0.8290587521400831,1.5543437073405475,0.6511128161436937,0.8290587521400831,1.0362291382270317,0.16831683168316833,0.5845204178537512,0.6846038863976084,97.5,100.0,3857,87,1669,6,0,0,0.00155561317085818,0.0,0.0,0.05,0.8,0.8,0.5,95.0,25.0,35.0,0.15000000000000002,0.8,0.8,0.4,85.0,25.0,35.0,2104,2103,1,2104,4.752851711026616E-4,0.8480592165202396,1.0,0.8480592165202396,1255,0.5967665240133143,1.0,1
"iteration_5","SCOPE_DATA_COLLECTION",500,33,2050.0,2110.0,2,2837,2112,664,2881,2070,684,2828,2106,669,1,3,2,3.534817956875221E-4,0.001422475106685633,0.0029806259314456036,0.3255564080718468,0.8290587521400831,1.5543437073405475,0.6511128161436937,0.8290587521400831,1.0362291382270317,0.16831683168316833,0.5845204178537512,0.6846038863976084,97.5,100.0,3857,87,1669,6,0,0,0.00155561317085818,0.0,0.0,0.05,0.8,0.8,0.5,95.0,25.0,35.0,0.15000000000000002,0.8,0.8,0.4,85.0,25.0,35.0,713,709,4,713,0.005610098176718092,1.4932805281833739,1.5,0.9955203521222492,471,0.6643159379407616,1.0,1
"iteration_5","SCOPE_DATA_COLLECTION",500,34,2110.0,2170.0,0,2825,2104,713,2837,2112,664,2833,2104,699,0,1,4,0.0,4.7505938242280285E-4,0.005689900426742532,0.3163039297251206,0.8497007611118573,1.4828516739827158,0.6326078594502412,0.8497007611118573,0.9885677826551439,0.15142957995058243,0.5979087452471483,0.6580829756795422,97.5,100.0,3846,283,1513,5,0,0,0.0013000520020800832,0.0,0.0,0.15000000000000002,0.8,0.8,0.4,85.0,25.0,35.0,0.35000000000000003,0.30000000000000004,0.30000000000000004,0.1,85.0,35.0,20.0,2859,2859,0,2859,0.0,0.33605344815802257,0.5,0.6721068963160451,550,0.19237495627841902,1.0,1
"iteration_5","SCOPE_DATA_COLLECTION",500,34,2110.0,2170.0,1,2825,2104,713,2837,2112,664,2833,2104,699,0,1,4,0.0,4.7505938242280285E-4,0.005689900426742532,0.3163039297251206,0.8497007611118573,1.4828516739827158,0.6326078594502412,0.8497007611118573,0.9885677826551439,0.15142957995058243,0.5979087452471483,0.6580829756795422,97.5,100.0,3846,283,1513,5,0,0,0.0013000520020800832,0.0,0.0,0.15000000000000002,0.8,0.8,0.4,85.0,25.0,35.0,0.35000000000000003,0.30000000000000004,0.30000000000000004,0.1,85.0,35.0,20.0,2142,2142,0,2142,0.0,0.8193229470458853,1.0,0.8193229470458853,1256,0.5863678804855276,1.0,1
"iteration_5","SCOPE_DATA_COLLECTION",500,34,2110.0,2170.0,2,2825,2104,713,2837,2112,664,2833,2104,699,0,1,4,0.0,4.7505938242280285E-4,0.005689900426742532,0.3163039297251206,0.8497007611118573,1.4828516739827158,0.6326078594502412,0.8497007611118573,0.9885677826551439,0.15142957995058243,0.5979087452471483,0.6580829756795422,97.5,100.0,3846,283,1513,5,0,0,0.0013000520020800832,0.0,0.0,0.15000000000000002,0.8,0.8,0.4,85.0,25.0,35.0,0.35000000000000003,0.30000000000000004,0.30000000000000004,0.1,85.0,35.0,20.0,743,742,1,743,0.0013458950201884253,1.5380956035360054,1.5,1.0253970690240035,511,0.6886792452830188,1.0,1
"iteration_5","SCOPE_DATA_COLLECTION",500,35,2170.0,2230.0,0,2859,2142,743,2825,2104,713,2850,2143,746,0,0,1,0.0,0.0,0.0013386880856760374,0.33585759043820906,0.8192445493310048,1.538960674242783,0.6717151808764181,0.8192445493310048,1.025973782828522,0.19298245614035087,0.5856276248250116,0.6890080428954424,95.0,100.0,3940,605,1199,1,0,0,2.538071065989848E-4,0.0,0.0,0.35000000000000003,0.30000000000000004,0.30000000000000004,0.1,85.0,35.0,20.0,0.35000000000000003,0.4,0.4,0.5,75.0,35.0,70.0,2854,2852,2,2854,7.00770847932726E-4,0.32228010975335664,0.5,0.6445602195067133,467,0.16374474053295932,1.0,1
"iteration_5","SCOPE_DATA_COLLECTION",500,35,2170.0,2230.0,1,2859,2142,743,2825,2104,713,2850,2143,746,0,0,1,0.0,0.0,0.0013386880856760374,0.33585759043820906,0.8192445493310048,1.538960674242783,0.6717151808764181,0.8192445493310048,1.025973782828522,0.19298245614035087,0.5856276248250116,0.6890080428954424,95.0,100.0,3940,605,1199,1,0,0,2.538071065989848E-4,0.0,0.0,0.35000000000000003,0.30000000000000004,0.30000000000000004,0.1,85.0,35.0,20.0,0.35000000000000003,0.4,0.4,0.5,75.0,35.0,70.0,2106,2102,4,2106,0.001899335232668566,0.8304789934278485,1.0,0.8304789934278485,1233,0.5865842055185537,1.0,1
"iteration_5","SCOPE_DATA_COLLECTION",500,35,2170.0,2230.0,2,2859,2142,743,2825,2104,713,2850,2143,746,0,0,1,0.0,0.0,0.0013386880856760374,0.33585759043820906,0.8192445493310048,1.538960674242783,0.6717151808764181,0.8192445493310048,1.025973782828522,0.19298245614035087,0.5856276248250116,0.6890080428954424,95.0,100.0,3940,605,1199,1,0,0,2.538071065989848E-4,0.0,0.0,0.35000000000000003,0.30000000000000004,0.30000000000000004,0.1,85.0,35.0,20.0,0.35000000000000003,0.4,0.4,0.5,75.0,35.0,70.0,746,744,2,746,0.002680965147453083,1.5002284854010894,1.5,1.0001523236007264,486,0.6532258064516129,1.0,1
"iteration_5","SCOPE_DATA_COLLECTION",500,36,2230.0,2290.0,0,2854,2106,746,2859,2142,743,2862,2104,744,2,4,2,6.983240223463687E-4,0.0018975332068311196,0.002680965147453083,0.32269341133809026,0.8297217181136995,1.4992188976950582,0.6453868226761805,0.8297217181136995,0.9994792651300388,0.16457023060796647,0.5869771863117871,0.6532258064516129,95.0,100.0,3864,613,1229,8,0,0,0.002070393374741201,0.0,0.0,0.35000000000000003,0.4,0.4,0.5,75.0,35.0,70.0,0.25,0.4,0.5,0.6000000000000001,75.0,35.0,60.0,2895,2894,1,2895,3.454231433506045E-4,0.32200888980889975,0.5,0.6440177796177995,465,0.1606772633033863,1.0,1
"iteration_5","SCOPE_DATA_COLLECTION",500,36,2230.0,2290.0,1,2854,2106,746,2859,2142,743,2862,2104,744,2,4,2,6.983240223463687E-4,0.0018975332068311196,0.002680965147453083,0.32269341133809026,0.8297217181136995,1.4992188976950582,0.6453868226761805,0.8297217181136995,0.9994792651300388,0.16457023060796647,0.5869771863117871,0.6532258064516129,95.0,100.0,3864,613,1229,8,0,0,0.002070393374741201,0.0,0.0,0.35000000000000003,0.4,0.4,0.5,75.0,35.0,70.0,0.25,0.4,0.5,0.6000000000000001,75.0,35.0,60.0,2134,2128,6,2134,0.0028116213683223993,0.8287657278925724,1.0,0.8287657278925724,1248,0.5864661654135338,1.0,1
"iteration_5","SCOPE_DATA_COLLECTION",500,36,2230.0,2290.0,2,2854,2106,746,2859,2142,743,2862,2104,744,2,4,2,6.983240223463687E-4,0.0018975332068311196,0.002680965147453083,0.32269341133809026,0.8297217181136995,1.4992188976950582,0.6453868226761805,0.8297217181136995,0.9994792651300388,0.16457023060796647,0.5869771863117871,0.6532258064516129,95.0,100.0,3864,613,1229,8,0,0,0.002070393374741201,0.0,0.0,0.35000000000000003,0.4,0.4,0.5,75.0,35.0,70.0,0.25,0.4,0.5,0.6000000000000001,75.0,35.0,60.0,703,698,5,703,0.007112375533428165,1.5480077822245921,1.5,1.032005188149728,479,0.6862464183381088,1.0,1
"iteration_5","SCOPE_DATA_COLLECTION",500,37,2290.0,2350.0,0,2895,2134,703,2854,2106,746,2895,2132,693,1,6,5,3.453038674033149E-4,0.002806361085126286,0.0071633237822349575,0.32220494182462384,0.8284344719178721,1.5503086554411187,0.6444098836492477,0.8284344719178721,1.0335391036274124,0.16027633851468048,0.5863039399624765,0.6868686868686869,95.0,100.0,3911,459,1362,12,0,0,0.003068268984914344,0.0,0.0,0.25,0.4,0.5,0.6000000000000001,75.0,35.0,60.0,0.25,0.4,0.4,0.5,85.0,45.0,60.0,2745,2744,1,2745,3.6429872495446266E-4,0.32430232877916904,0.5,0.6486046575583381,440,0.16034985422740525,1.0,1
"iteration_5","SCOPE_DATA_COLLECTION",500,37,2290.0,2350.0,1,2895,2134,703,2854,2106,746,2895,2132,693,1,6,5,3.453038674033149E-4,0.002806361085126286,0.0071633237822349575,0.32220494182462384,0.8284344719178721,1.5503086554411187,0.6444098836492477,0.8284344719178721,1.0335391036274124,0.16027633851468048,0.5863039399624765,0.6868686868686869,95.0,100.0,3911,459,1362,12,0,0,0.003068268984914344,0.0,0.0,0.25,0.4,0.5,0.6000000000000001,75.0,35.0,60.0,0.25,0.4,0.4,0.5,85.0,45.0,60.0,2106,2103,3,2106,0.0014245014245014246,0.838720932623487,1.0,0.838720932623487,1221,0.5805991440798859,1.0,1
"iteration_5","SCOPE_DATA_COLLECTION",500,37,2290.0,2350.0,2,2895,2134,703,2854,2106,746,2895,2132,693,1,6,5,3.453038674033149E-4,0.002806361085126286,0.0071633237822349575,0.32220494182462384,0.8284344719178721,1.5503086554411187,0.6444098836492477,0.8284344719178721,1.0335391036274124,0.16027633851468048,0.5863039399624765,0.6868686868686869,95.0,100.0,3911,459,1362,12,0,0,0.003068268984914344,0.0,0.0,0.25,0.4,0.5,0.6000000000000001,75.0,35.0,60.0,0.25,0.4,0.4,0.5,85.0,45.0,60.0,736,732,4,736,0.005434782608695652,1.5614254978192705,1.5,1.0409503318795137,503,0.6871584699453552,1.0,1
"iteration_5","SCOPE_DATA_COLLECTION",500,38,2350.0,2410.0,0,2745,2106,736,2895,2134,703,2738,2087,737,1,3,4,3.650967506389193E-4,0.0014354066985645933,0.005398110661268556,0.3237494481810337,0.8365056682172748,1.5615918583547048,0.6474988963620674,0.8365056682172748,1.0410612389031366,0.1585098612125639,0.5788212745567801,0.689280868385346,100.0,100.0,3804,455,1328,8,0,0,0.002103049421661409,0.0,0.0,0.25,0.4,0.4,0.5,85.0,45.0,60.0,0.05,0.8,0.7000000000000001,0.30000000000000004,40.0,60.0,60.0,2938,2935,3,2938,0.0010211027910142954,0.33047706117346437,0.5,0.6609541223469287,507,0.1727427597955707,1.0,1
"iteration_5","SCOPE_DATA_COLLECTION",500,38,2350.0,2410.0,1,2745,2106,736,2895,2134,703,2738,2087,737,1,3,4,3.650967506389193E-4,0.0014354066985645933,0.005398110661268556,0.3237494481810337,0.8365056682172748,1.5615918583547048,0.6474988963620674,0.8365056682172748,1.0410612389031366,0.1585098612125639,0.5788212745567801,0.689280868385346,100.0,100.0,3804,455,1328,8,0,0,0.002103049421661409,0.0,0.0,0.25,0.4,0.4,0.5,85.0,45.0,60.0,0.05,0.8,0.7000000000000001,0.30000000000000004,40.0,60.0,60.0,2069,2068,1,2069,4.833252779120348E-4,0.8395150073179715,1.0,0.8395150073179715,1220,0.5899419729206963,1.0,1
"iteration_5","SCOPE_DATA_COLLECTION",500,38,2350.0,2410.0,2,2745,2106,736,2895,2134,703,2738,2087,737,1,3,4,3.650967506389193E-4,0.0014354066985645933,0.005398110661268556,0.3237494481810337,0.8365056682172748,1.5615918583547048,0.6474988963620674,0.8365056682172748,1.0410612389031366,0.1585098612125639,0.5788212745567801,0.689280868385346,100.0,100.0,3804,455,1328,8,0,0,0.002103049421661409,0.0,0.0,0.25,0.4,0.4,0.5,85.0,45.0,60.0,0.05,0.8,0.7000000000000001,0.30000000000000004,40.0,60.0,60.0,738,737,1,738,0.0013550135501355014,1.5063359367841147,1.5,1.0042239578560765,488,0.6621438263229308,1.0,1
"iteration_5","SCOPE_DATA_COLLECTION",500,39,2410.0,2470.0,0,2938,2069,738,2745,2106,736,2932,2075,732,3,1,1,0.0010221465076660989,4.816955684007707E-4,0.001364256480218281,0.3307457519316525,0.8389531486595145,1.5032823360422984,0.661491503863305,0.8389531486595145,1.002188224028199,0.17360163710777626,0.5903614457831325,0.6598360655737705,95.0,100.0,3926,96,1723,5,0,0,0.0012735608762098828,0.0,0.0,0.05,0.8,0.7000000000000001,0.30000000000000004,40.0,60.0,60.0,0.05,0.7000000000000001,0.6000000000000001,0.2,30.0,60.0,70.0,2914,2912,2,2914,6.863417982155113E-4,0.327841155732367,0.5,0.655682311464734,504,0.17307692307692307,1.0,1
"iteration_5","SCOPE_DATA_COLLECTION",500,39,2410.0,2470.0,1,2938,2069,738,2745,2106,736,2932,2075,732,3,1,1,0.0010221465076660989,4.816955684007707E-4,0.001364256480218281,0.3307457519316525,0.8389531486595145,1.5032823360422984,0.661491503863305,0.8389531486595145,1.002188224028199,0.17360163710777626,0.5903614457831325,0.6598360655737705,95.0,100.0,3926,96,1723,5,0,0,0.0012735608762098828,0.0,0.0,0.05,0.8,0.7000000000000001,0.30000000000000004,40.0,60.0,60.0,0.05,0.7000000000000001,0.6000000000000001,0.2,30.0,60.0,70.0,2170,2166,4,2170,0.0018433179723502304,0.8176273415235362,1.0,0.8176273415235362,1243,0.5738688827331486,1.0,1
"iteration_5","SCOPE_DATA_COLLECTION",500,39,2410.0,2470.0,2,2938,2069,738,2745,2106,736,2932,2075,732,3,1,1,0.0010221465076660989,4.816955684007707E-4,0.001364256480218281,0.3307457519316525,0.8389531486595145,1.5032823360422984,0.661491503863305,0.8389531486595145,1.002188224028199,0.17360163710777626,0.5903614457831325,0.6598360655737705,95.0,100.0,3926,96,1723,5,0,0,0.0012735608762098828,0.0,0.0,0.05,0.8,0.7000000000000001,0.30000000000000004,40.0,60.0,60.0,0.05,0.7000000000000001,0.6000000000000001,0.2,30.0,60.0,70.0,660,659,1,660,0.0015151515151515152,1.5109665849066514,1.5,1.0073110566044343,442,0.6707132018209409,1.0,1
"iteration_5","SCOPE_DATA_COLLECTION",500,40,2470.0,2530.0,0,2914,2170,660,2938,2069,738,2918,2172,658,2,4,1,6.849315068493151E-4,0.001838235294117647,0.0015174506828528073,0.32812629505169,0.8213594616002988,1.511630615128939,0.65625259010338,0.8213594616002988,1.0077537434192927,0.17374914324880056,0.5750460405156538,0.6702127659574468,97.5,100.0,3912,78,1754,6,1,0,0.0015337423312883436,0.01282051282051282,0.0,0.05,0.7000000000000001,0.6000000000000001,0.2,30.0,60.0,70.0,0.05,0.8,0.7000000000000001,0.1,30.0,60.0,70.0,2830,2827,3,2830,0.0010600706713780918,0.3183121877010878,0.5,0.6366243754021756,463,0.16377785638486028,1.0,1
"iteration_5","SCOPE_DATA_COLLECTION",500,40,2470.0,2530.0,1,2914,2170,660,2938,2069,738,2918,2172,658,2,4,1,6.849315068493151E-4,0.001838235294117647,0.0015174506828528073,0.32812629505169,0.8213594616002988,1.511630615128939,0.65625259010338,0.8213594616002988,1.0077537434192927,0.17374914324880056,0.5750460405156538,0.6702127659574468,97.5,100.0,3912,78,1754,6,1,0,0.0015337423312883436,0.01282051282051282,0.0,0.05,0.7000000000000001,0.6000000000000001,0.2,30.0,60.0,70.0,0.05,0.8,0.7000000000000001,0.1,30.0,60.0,70.0,2095,2093,2,2095,9.546539379474941E-4,0.8277880805141494,1.0,0.8277880805141494,1236,0.590539894887721,1.0,1
"iteration_5","SCOPE_DATA_COLLECTION",500,40,2470.0,2530.0,2,2914,2170,660,2938,2069,738,2918,2172,658,2,4,1,6.849315068493151E-4,0.001838235294117647,0.0015174506828528073,0.32812629505169,0.8213594616002988,1.511630615128939,0.65625259010338,0.8213594616002988,1.0077537434192927,0.17374914324880056,0.5750460405156538,0.6702127659574468,97.5,100.0,3912,78,1754,6,1,0,0.0015337423312883436,0.01282051282051282,0.0,0.05,0.7000000000000001,0.6000000000000001,0.2,30.0,60.0,70.0,0.05,0.8,0.7000000000000001,0.1,30.0,60.0,70.0,711,710,1,711,0.0014064697609001407,1.5321847982938066,1.5,1.021456532195871,488,0.6873239436619718,1.0,1
"iteration_5","SCOPE_DATA_COLLECTION",500,41,2530.0,2590.0,0,2830,2095,711,2914,2170,660,2829,2083,717,3,2,1,0.001059322033898305,9.592326139088729E-4,0.001392757660167131,0.3180880173181534,0.8251747488354687,1.5345066828619407,0.6361760346363068,0.8251747488354687,1.0230044552412938,0.16401555319901026,0.5904944791166586,0.6875871687587168,97.5,100.0,3801,108,1727,6,0,0,0.0015785319652722968,0.0,0.0,0.05,0.8,0.7000000000000001,0.1,30.0,60.0,70.0,0.05,0.8,0.7000000000000001,0.1,30.0,60.0,70.0,2816,2815,1,2816,3.551136363636364E-4,0.3204575017112613,0.5,0.6409150034225226,450,0.15985790408525755,1.0,1
"iteration_5","SCOPE_DATA_COLLECTION",500,41,2530.0,2590.0,1,2830,2095,711,2914,2170,660,2829,2083,717,3,2,1,0.001059322033898305,9.592326139088729E-4,0.001392757660167131,0.3180880173181534,0.8251747488354687,1.5345066828619407,0.6361760346363068,0.8251747488354687,1.0230044552412938,0.16401555319901026,0.5904944791166586,0.6875871687587168,97.5,100.0,3801,108,1727,6,0,0,0.0015785319652722968,0.0,0.0,0.05,0.8,0.7000000000000001,0.1,30.0,60.0,70.0,0.05,0.8,0.7000000000000001,0.1,30.0,60.0,70.0,2071,2069,2,2071,9.657170449058426E-4,0.8174521783895511,1.0,0.8174521783895511,1175,0.5679072015466409,1.0,1
"iteration_5","SCOPE_DATA_COLLECTION",500,41,2530.0,2590.0,2,2830,2095,711,2914,2170,660,2829,2083,717,3,2,1,0.001059322033898305,9.592326139088729E-4,0.001392757660167131,0.3180880173181534,0.8251747488354687,1.5345066828619407,0.6361760346363068,0.8251747488354687,1.0230044552412938,0.16401555319901026,0.5904944791166586,0.6875871687587168,97.5,100.0,3801,108,1727,6,0,0,0.0015785319652722968,0.0,0.0,0.05,0.8,0.7000000000000001,0.1,30.0,60.0,70.0,0.05,0.8,0.7000000000000001,0.1,30.0,60.0,70.0,770,770,0,770,0.0,1.5194753660099172,1.5,1.0129835773399447,522,0.6779220779220779,1.0,1
"iteration_5","SCOPE_DATA_COLLECTION",500,42,2590.0,2650.0,0,2816,2071,770,2830,2095,711,2811,2078,766,1,2,0,3.5561877667140827E-4,9.615384615384616E-4,0.0,0.3200640230314636,0.8163433287859632,1.5173284853365945,0.6401280460629272,0.8163433287859632,1.0115523235577297,0.15795090715048027,0.5673724735322425,0.6775456919060052,95.0,100.0,3774,100,1783,3,0,0,7.94912559618442E-4,0.0,0.0,0.05,0.8,0.7000000000000001,0.1,30.0,60.0,70.0,0.05,0.8,0.7000000000000001,0.2,30.0,50.0,80.0,2746,2745,1,2746,3.641660597232338E-4,0.3260048122772805,0.5,0.652009624554561,485,0.1766848816029144,1.0,1
"iteration_5","SCOPE_DATA_COLLECTION",500,42,2590.0,2650.0,1,2816,2071,770,2830,2095,711,2811,2078,766,1,2,0,3.5561877667140827E-4,9.615384615384616E-4,0.0,0.3200640230314636,0.8163433287859632,1.5173284853365945,0.6401280460629272,0.8163433287859632,1.0115523235577297,0.15795090715048027,0.5673724735322425,0.6775456919060052,95.0,100.0,3774,100,1783,3,0,0,7.94912559618442E-4,0.0,0.0,0.05,0.8,0.7000000000000001,0.1,30.0,60.0,70.0,0.05,0.8,0.7000000000000001,0.2,30.0,50.0,80.0,2181,2180,1,2181,4.585052728106373E-4,0.8354472069152987,1.0,0.8354472069152987,1269,0.5821100917431192,1.0,1
"iteration_5","SCOPE_DATA_COLLECTION",500,42,2590.0,2650.0,2,2816,2071,770,2830,2095,711,2811,2078,766,1,2,0,3.5561877667140827E-4,9.615384615384616E-4,0.0,0.3200640230314636,0.8163433287859632,1.5173284853365945,0.6401280460629272,0.8163433287859632,1.0115523235577297,0.15795090715048027,0.5673724735322425,0.6775456919060052,95.0,100.0,3774,100,1783,3,0,0,7.94912559618442E-4,0.0,0.0,0.05,0.8,0.7000000000000001,0.1,30.0,60.0,70.0,0.05,0.8,0.7000000000000001,0.2,30.0,50.0,80.0,684,681,3,684,0.0043859649122807015,1.5371050200046878,1.5,1.0247366800031252,469,0.6886930983847284,1.0,1
"iteration_5","SCOPE_DATA_COLLECTION",500,43,2650.0,2710.0,0,2746,2181,684,2816,2071,770,2744,2179,680,1,1,3,3.6429872495446266E-4,4.5871559633027525E-4,0.004392386530014641,0.32596670400169603,0.8367398683844304,1.5424782149062801,0.6519334080033921,0.8367398683844304,1.02831880993752,0.17638483965014579,0.5832950894905921,0.6911764705882353,97.5,100.0,3828,93,1690,5,0,0,0.0013061650992685476,0.0,0.0,0.05,0.8,0.7000000000000001,0.2,30.0,50.0,80.0,0.05,0.8,0.7000000000000001,0.1,40.0,50.0,90.0,2839,2838,1,2839,3.522367030644593E-4,0.31490981087480197,0.5,0.6298196217496039,418,0.14728682170542637,1.0,1
"iteration_5","SCOPE_DATA_COLLECTION",500,43,2650.0,2710.0,1,2746,2181,684,2816,2071,770,2744,2179,680,1,1,3,3.6429872495446266E-4,4.5871559633027525E-4,0.004392386530014641,0.32596670400169603,0.8367398683844304,1.5424782149062801,0.6519334080033921,0.8367398683844304,1.02831880993752,0.17638483965014579,0.5832950894905921,0.6911764705882353,97.5,100.0,3828,93,1690,5,0,0,0.0013061650992685476,0.0,0.0,0.05,0.8,0.7000000000000001,0.2,30.0,50.0,80.0,0.05,0.8,0.7000000000000001,0.1,40.0,50.0,90.0,2092,2092,0,2092,0.0,0.8063833625970949,1.0,0.8063833625970949,1184,0.5659655831739961,1.0,1
"iteration_5","SCOPE_DATA_COLLECTION",500,43,2650.0,2710.0,2,2746,2181,684,2816,2071,770,2744,2179,680,1,1,3,3.6429872495446266E-4,4.5871559633027525E-4,0.004392386530014641,0.32596670400169603,0.8367398683844304,1.5424782149062801,0.6519334080033921,0.8367398683844304,1.02831880993752,0.17638483965014579,0.5832950894905921,0.6911764705882353,97.5,100.0,3828,93,1690,5,0,0,0.0013061650992685476,0.0,0.0,0.05,0.8,0.7000000000000001,0.2,30.0,50.0,80.0,0.05,0.8,0.7000000000000001,0.1,40.0,50.0,90.0,718,716,2,718,0.002785515320334262,1.5418476875373401,1.5,1.0278984583582267,497,0.6941340782122905,1.0,1
"iteration_5","SCOPE_DATA_COLLECTION",500,44,2710.0,2770.0,0,2839,2092,718,2746,2181,684,2841,2094,720,1,0,2,3.518648838845883E-4,0.0,0.002770083102493075,0.31542436937154855,0.8075625524716683,1.5397720694892132,0.6308487387430971,0.8075625524716683,1.0265147129928087,0.14924322421682507,0.565425023877746,0.6930555555555555,95.0,100.0,3785,93,1771,3,0,0,7.926023778071334E-4,0.0,0.0,0.05,0.8,0.7000000000000001,0.1,40.0,50.0,90.0,0.05,0.8,0.6000000000000001,0.1,30.0,40.0,90.0,2859,2857,2,2859,6.995452955578874E-4,0.3174613023779568,0.5,0.6349226047559136,383,0.13405670283514176,1.0,1
"iteration_5","SCOPE_DATA_COLLECTION",500,44,2710.0,2770.0,1,2839,2092,718,2746,2181,684,2841,2094,720,1,0,2,3.518648838845883E-4,0.0,0.002770083102493075,0.31542436937154855,0.8075625524716683,1.5397720694892132,0.6308487387430971,0.8075625524716683,1.0265147129928087,0.14924322421682507,0.565425023877746,0.6930555555555555,95.0,100.0,3785,93,1771,3,0,0,7.926023778071334E-4,0.0,0.0,0.05,0.8,0.7000000000000001,0.1,40.0,50.0,90.0,0.05,0.8,0.6000000000000001,0.1,30.0,40.0,90.0,2139,2135,4,2139,0.0018700327255726976,0.817064997533717,1.0,0.817064997533717,1240,0.5807962529274004,1.0,1
"iteration_5","SCOPE_DATA_COLLECTION",500,44,2710.0,2770.0,2,2839,2092,718,2746,2181,684,2841,2094,720,1,0,2,3.518648838845883E-4,0.0,0.002770083102493075,0.31542436937154855,0.8075625524716683,1.5397720694892132,0.6308487387430971,0.8075625524716683,1.0265147129928087,0.14924322421682507,0.565425023877746,0.6930555555555555,95.0,100.0,3785,93,1771,3,0,0,7.926023778071334E-4,0.0,0.0,0.05,0.8,0.7000000000000001,0.1,40.0,50.0,90.0,0.05,0.8,0.6000000000000001,0.1,30.0,40.0,90.0,715,713,2,715,0.002797202797202797,1.4611448029009184,1.5,0.9740965352672789,463,0.6493688639551192,1.0,1
"iteration_5","SCOPE_DATA_COLLECTION",500,45,2770.0,2830.0,0,2859,2139,715,2839,2092,718,2856,2133,719,2,4,2,6.997900629811056E-4,0.0018717828731867104,0.0027739251040221915,0.3174073108329318,0.8182336422665479,1.4648212897693058,0.6348146216658636,0.8182336422665479,0.9765475265128706,0.13410364145658263,0.5813408345053914,0.650904033379694,97.5,100.0,3884,81,1748,8,0,0,0.0020597322348094747,0.0,0.0,0.05,0.8,0.6000000000000001,0.1,30.0,40.0,90.0,0.15000000000000002,0.8,0.7000000000000001,0.2,30.0,50.0,90.0,2825,2821,4,2825,0.001415929203539823,0.3173492375945056,0.5,0.6346984751890112,475,0.1683800070896845,1.0,1
"iteration_5","SCOPE_DATA_COLLECTION",500,45,2770.0,2830.0,1,2859,2139,715,2839,2092,718,2856,2133,719,2,4,2,6.997900629811056E-4,0.0018717828731867104,0.0027739251040221915,0.3174073108329318,0.8182336422665479,1.4648212897693058,0.6348146216658636,0.8182336422665479,0.9765475265128706,0.13410364145658263,0.5813408345053914,0.650904033379694,97.5,100.0,3884,81,1748,8,0,0,0.0020597322348094747,0.0,0.0,0.05,0.8,0.6000000000000001,0.1,30.0,40.0,90.0,0.15000000000000002,0.8,0.7000000000000001,0.2,30.0,50.0,90.0,2192,2188,4,2192,0.0018248175182481751,0.8056243670388005,1.0,0.8056243670388005,1239,0.5662705667276051,1.0,1
"iteration_5","SCOPE_DATA_COLLECTION",500,45,2770.0,2830.0,2,2859,2139,715,2839,2092,718,2856,2133,719,2,4,2,6.997900629811056E-4,0.0018717828731867104,0.0027739251040221915,0.3174073108329318,0.8182336422665479,1.4648212897693058,0.6348146216658636,0.8182336422665479,0.9765475265128706,0.13410364145658263,0.5813408345053914,0.650904033379694,97.5,100.0,3884,81,1748,8,0,0,0.0020597322348094747,0.0,0.0,0.05,0.8,0.6000000000000001,0.1,30.0,40.0,90.0,0.15000000000000002,0.8,0.7000000000000001,0.2,30.0,50.0,90.0,782,778,4,782,0.005115089514066497,1.465773868467329,1.5,0.9771825789782193,500,0.6426735218508998,1.0,1
"iteration_5","SCOPE_DATA_COLLECTION",500,46,2830.0,2890.0,0,2825,2192,782,2859,2139,715,2819,2191,777,4,4,3,0.0014169323414806943,0.0018223234624145787,0.0038461538461538464,0.3175270249939713,0.8043809986793129,1.4656864941306356,0.6350540499879426,0.8043809986793129,0.9771243294204237,0.16920893934019154,0.5641259698767686,0.6435006435006435,97.5,100.0,3782,329,1688,11,0,0,0.002908514013749339,0.0,0.0,0.15000000000000002,0.8,0.7000000000000001,0.2,30.0,50.0,90.0,0.15000000000000002,0.8,0.7000000000000001,0.2,30.0,50.0,90.0,2858,2853,5,2858,0.0017494751574527643,0.32372121913364926,0.5,0.6474424382672985,474,0.1661409043112513,1.0,1
"iteration_5","SCOPE_DATA_COLLECTION",500,46,2830.0,2890.0,1,2825,2192,782,2859,2139,715,2819,2191,777,4,4,3,0.0014169323414806943,0.0018223234624145787,0.0038461538461538464,0.3175270249939713,0.8043809986793129,1.4656864941306356,0.6350540499879426,0.8043809986793129,0.9771243294204237,0.16920893934019154,0.5641259698767686,0.6435006435006435,97.5,100.0,3782,329,1688,11,0,0,0.002908514013749339,0.0,0.0,0.15000000000000002,0.8,0.7000000000000001,0.2,30.0,50.0,90.0,0.15000000000000002,0.8,0.7000000000000001,0.2,30.0,50.0,90.0,2160,2158,2,2160,9.25925925925926E-4,0.8028796805851036,1.0,0.8028796805851036,1202,0.556997219647822,1.0,1
"iteration_5","SCOPE_DATA_COLLECTION",500,46,2830.0,2890.0,2,2825,2192,782,2859,2139,715,2819,2191,777,4,4,3,0.0014169323414806943,0.0018223234624145787,0.0038461538461538464,0.3175270249939713,0.8043809986793129,1.4656864941306356,0.6350540499879426,0.8043809986793129,0.9771243294204237,0.16920893934019154,0.5641259698767686,0.6435006435006435,97.5,100.0,3782,329,1688,11,0,0,0.002908514013749339,0.0,0.0,0.15000000000000002,0.8,0.7000000000000001,0.2,30.0,50.0,90.0,0.15000000000000002,0.8,0.7000000000000001,0.2,30.0,50.0,90.0,740,739,1,740,0.0013513513513513514,1.5136719066663842,1.5,1.009114604444256,496,0.6711772665764547,1.0,1
"iteration_5","SCOPE_DATA_COLLECTION",500,47,2890.0,2950.0,0,2858,2160,740,2825,2192,782,2854,2167,724,5,2,2,0.0017488632388947185,9.220839096357768E-4,0.0027548209366391185,0.3233803375348257,0.8052791816003703,1.5033935151829398,0.6467606750696514,0.8052791816003703,1.0022623434552933,0.16503153468815698,0.5588371019843101,0.664364640883978,95.0,100.0,3845,290,1623,8,1,0,0.002080624187256177,0.0034482758620689655,0.0,0.15000000000000002,0.8,0.7000000000000001,0.2,30.0,50.0,90.0,0.05,0.8,0.8,0.2,30.0,60.0,90.0,2845,2845,0,2845,0.0,0.3276185558077341,0.5,0.6552371116154682,480,0.1687170474516696,1.0,1
"iteration_5","SCOPE_DATA_COLLECTION",500,47,2890.0,2950.0,1,2858,2160,740,2825,2192,782,2854,2167,724,5,2,2,0.0017488632388947185,9.220839096357768E-4,0.0027548209366391185,0.3233803375348257,0.8052791816003703,1.5033935151829398,0.6467606750696514,0.8052791816003703,1.0022623434552933,0.16503153468815698,0.5588371019843101,0.664364640883978,95.0,100.0,3845,290,1623,8,1,0,0.002080624187256177,0.0034482758620689655,0.0,0.15000000000000002,0.8,0.7000000000000001,0.2,30.0,50.0,90.0,0.05,0.8,0.8,0.2,30.0,60.0,90.0,2180,2180,0,2180,0.0,0.8060412717242214,1.0,0.8060412717242214,1222,0.5605504587155963,1.0,1
"iteration_5","SCOPE_DATA_COLLECTION",500,47,2890.0,2950.0,2,2858,2160,740,2825,2192,782,2854,2167,724,5,2,2,0.0017488632388947185,9.220839096357768E-4,0.0027548209366391185,0.3233803375348257,0.8052791816003703,1.5033935151829398,0.6467606750696514,0.8052791816003703,1.0022623434552933,0.16503153468815698,0.5588371019843101,0.664364640883978,95.0,100.0,3845,290,1623,8,1,0,0.002080624187256177,0.0034482758620689655,0.0,0.15000000000000002,0.8,0.7000000000000001,0.2,30.0,50.0,90.0,0.05,0.8,0.8,0.2,30.0,60.0,90.0,694,693,1,694,0.001440922190201729,1.5355468358569402,1.5,1.0236978905712935,474,0.683982683982684,1.0,1
"iteration_5","SCOPE_DATA_COLLECTION",500,48,2950.0,3010.0,0,2845,2180,694,2858,2160,740,2846,2167,700,0,0,1,0.0,0.0,0.0014265335235378032,0.3276151438416646,0.8061709562216719,1.5399505112911076,0.6552302876833292,0.8061709562216719,1.0266336741940718,0.16760365425158116,0.5611444393170282,0.6871428571428572,100.0,100.0,3866,82,1771,1,0,0,2.586652871184687E-4,0.0,0.0,0.05,0.8,0.8,0.2,30.0,60.0,90.0,0.9500000000000001,0.8,0.2,0.5,75.0,80.0,20.0,2738,2736,2,2738,7.304601899196494E-4,0.3267910902888964,0.5,0.6535821805777928,424,0.15497076023391812,1.0,1
"iteration_5","SCOPE_DATA_COLLECTION",500,48,2950.0,3010.0,1,2845,2180,694,2858,2160,740,2846,2167,700,0,0,1,0.0,0.0,0.0014265335235378032,0.3276151438416646,0.8061709562216719,1.5399505112911076,0.6552302876833292,0.8061709562216719,1.0266336741940718,0.16760365425158116,0.5611444393170282,0.6871428571428572,100.0,100.0,3866,82,1771,1,0,0,2.586652871184687E-4,0.0,0.0,0.05,0.8,0.8,0.2,30.0,60.0,90.0,0.9500000000000001,0.8,0.2,0.5,75.0,80.0,20.0,2096,2094,2,2096,9.541984732824427E-4,0.8175484964350952,1.0,0.8175484964350952,1203,0.5744985673352435,1.0,1
"iteration_5","SCOPE_DATA_COLLECTION",500,48,2950.0,3010.0,2,2845,2180,694,2858,2160,740,2846,2167,700,0,0,1,0.0,0.0,0.0014265335235378032,0.3276151438416646,0.8061709562216719,1.5399505112911076,0.6552302876833292,0.8061709562216719,1.0266336741940718,0.16760365425158116,0.5611444393170282,0.6871428571428572,100.0,100.0,3866,82,1771,1,0,0,2.586652871184687E-4,0.0,0.0,0.05,0.8,0.8,0.2,30.0,60.0,90.0,0.9500000000000001,0.8,0.2,0.5,75.0,80.0,20.0,727,723,4,727,0.005502063273727648,1.5536710753745024,1.5,1.0357807169163349,495,0.6846473029045643,1.0,1
"iteration_5","SCOPE_DATA_COLLECTION",500,49,3010.0,3070.0,0,2738,2096,727,2845,2180,694,2738,2103,715,2,2,4,7.2992700729927E-4,9.501187648456057E-4,0.005563282336578581,0.3268764455681994,0.8178949170841419,1.5447934341501557,0.6537528911363988,0.8178949170841419,1.029862289433437,0.15595325054784515,0.5763195435092725,0.6811188811188811,95.0,100.0,3783,1691,87,6,2,0,0.0015860428231562252,0.0011827321111768185,0.0,0.9500000000000001,0.8,0.2,0.5,75.0,80.0,20.0,0.9500000000000001,0.7000000000000001,0.2,0.5,85.0,90.0,20.0,2952,2948,4,2952,0.0013550135501355014,0.3285896157658875,0.5,0.657179231531775,434,0.14721845318860244,1.0,1
"iteration_5","SCOPE_DATA_COLLECTION",500,49,3010.0,3070.0,1,2738,2096,727,2845,2180,694,2738,2103,715,2,2,4,7.2992700729927E-4,9.501187648456057E-4,0.005563282336578581,0.3268764455681994,0.8178949170841419,1.5447934341501557,0.6537528911363988,0.8178949170841419,1.029862289433437,0.15595325054784515,0.5763195435092725,0.6811188811188811,95.0,100.0,3783,1691,87,6,2,0,0.0015860428231562252,0.0011827321111768185,0.0,0.9500000000000001,0.8,0.2,0.5,75.0,80.0,20.0,0.9500000000000001,0.7000000000000001,0.2,0.5,85.0,90.0,20.0,2082,2078,4,2082,0.0019212295869356388,0.8102853308535345,1.0,0.8102853308535345,1208,0.5813282001924928,1.0,1
"iteration_5","SCOPE_DATA_COLLECTION",500,49,3010.0,3070.0,2,2738,2096,727,2845,2180,694,2738,2103,715,2,2,4,7.2992700729927E-4,9.501187648456057E-4,0.005563282336578581,0.3268764455681994,0.8178949170841419,1.5447934341501557,0.6537528911363988,0.8178949170841419,1.029862289433437,0.15595325054784515,0.5763195435092725,0.6811188811188811,95.0,100.0,3783,1691,87,6,2,0,0.0015860428231562252,0.0011827321111768185,0.0,0.9500000000000001,0.8,0.2,0.5,75.0,80.0,20.0,0.9500000000000001,0.7000000000000001,0.2,0.5,85.0,90.0,20.0,692,687,5,692,0.0072254335260115606,1.5441043165143007,1.5,1.0294028776762005,466,0.6783114992721979,1.0,1
"iteration_5","SCOPE_DATA_COLLECTION",500,50,3070.0,3130.0,0,2952,2082,692,2738,2096,727,2938,2071,701,4,4,5,0.0013596193065941536,0.0019277108433734939,0.007082152974504249,0.3283573453134831,0.8088236748850416,1.5547563751733178,0.6567146906269662,0.8088236748850416,1.0365042501155453,0.14703880190605853,0.5784645098985998,0.6833095577746077,100.0,100.0,3911,1729,86,10,3,0,0.0025568908207619537,0.001735106998264893,0.0,0.9500000000000001,0.7000000000000001,0.2,0.5,85.0,90.0,20.0,0.9500000000000001,0.1,0.6000000000000001,0.6000000000000001,30.0,80.0,35.0,2880,2880,0,2880,0.0,0.3296412319506678,0.5,0.6592824639013356,382,0.1326388888888889,1.0,1
"iteration_5","SCOPE_DATA_COLLECTION",500,50,3070.0,3130.0,1,2952,2082,692,2738,2096,727,2938,2071,701,4,4,5,0.0013596193065941536,0.0019277108433734939,0.007082152974504249,0.3283573453134831,0.8088236748850416,1.5547563751733178,0.6567146906269662,0.8088236748850416,1.0365042501155453,0.14703880190605853,0.5784645098985998,0.6833095577746077,100.0,100.0,3911,1729,86,10,3,0,0.0025568908207619537,0.001735106998264893,0.0,0.9500000000000001,0.7000000000000001,0.2,0.5,85.0,90.0,20.0,0.9500000000000001,0.1,0.6000000000000001,0.6000000000000001,30.0,80.0,35.0,2118,2116,2,2118,9.442870632672333E-4,0.8504896173546641,1.0,0.8504896173546641,1276,0.6030245746691871,1.0,1
"iteration_5","SCOPE_DATA_COLLECTION",500,50,3070.0,3130.0,2,2952,2082,692,2738,2096,727,2938,2071,701,4,4,5,0.0013596193065941536,0.0019277108433734939,0.007082152974504249,0.3283573453134831,0.8088236748850416,1.5547563751733178,0.6567146906269662,0.8088236748850416,1.0365042501155453,0.14703880190605853,0.5784645098985998,0.6833095577746077,100.0,100.0,3911,1729,86,10,3,0,0.0025568908207619537,0.001735106998264893,0.0,0.9500000000000001,0.7000000000000001,0.2,0.5,85.0,90.0,20.0,0.9500000000000001,0.1,0.6000000000000001,0.6000000000000001,30.0,80.0,35.0,706,705,1,706,0.00141643059490085,1.5728948938373253,1.5,1.0485965958915502,490,0.6950354609929078,1.0,1
"iteration_5","SCOPE_DATA_COLLECTION",500,51,3130.0,3190.0,0,2880,2118,706,2952,2082,692,2882,2116,710,0,2,1,0.0,9.442870632672333E-4,0.0014064697609001407,0.3300682485918327,0.850204619656722,1.5776197708767123,0.6601364971836654,0.850204619656722,1.0517465139178082,0.13462873004857737,0.6034971644612477,0.6971830985915493,92.5,100.0,4021,1581,102,3,0,0,7.460830639144492E-4,0.0,0.0,0.9500000000000001,0.1,0.6000000000000001,0.6000000000000001,30.0,80.0,35.0,0.25,0.9,0.6000000000000001,0.2,55.0,45.0,65.0,2892,2888,4,2892,0.0013831258644536654,0.3198196962333443,0.5,0.6396393924666885,461,0.15962603878116344,1.0,1
"iteration_5","SCOPE_DATA_COLLECTION",500,51,3130.0,3190.0,1,2880,2118,706,2952,2082,692,2882,2116,710,0,2,1,0.0,9.442870632672333E-4,0.0014064697609001407,0.3300682485918327,0.850204619656722,1.5776197708767123,0.6601364971836654,0.850204619656722,1.0517465139178082,0.13462873004857737,0.6034971644612477,0.6971830985915493,92.5,100.0,4021,1581,102,3,0,0,7.460830639144492E-4,0.0,0.0,0.9500000000000001,0.1,0.6000000000000001,0.6000000000000001,30.0,80.0,35.0,0.25,0.9,0.6000000000000001,0.2,55.0,45.0,65.0,2100,2096,4,2100,0.0019047619047619048,0.8126747477875538,1.0,0.8126747477875538,1196,0.5706106870229007,1.0,1
"iteration_5","SCOPE_DATA_COLLECTION",500,51,3130.0,3190.0,2,2880,2118,706,2952,2082,692,2882,2116,710,0,2,1,0.0,9.442870632672333E-4,0.0014064697609001407,0.3300682485918327,0.850204619656722,1.5776197708767123,0.6601364971836654,0.850204619656722,1.0517465139178082,0.13462873004857737,0.6034971644612477,0.6971830985915493,92.5,100.0,4021,1581,102,3,0,0,7.460830639144492E-4,0.0,0.0,0.9500000000000001,0.1,0.6000000000000001,0.6000000000000001,30.0,80.0,35.0,0.25,0.9,0.6000000000000001,0.2,55.0,45.0,65.0,726,726,0,726,0.0,1.519190328840459,1.5,1.012793552560306,493,0.6790633608815427,1.0,1
"iteration_5","SCOPE_DATA_COLLECTION",500,52,3190.0,3250.0,0,2892,2100,726,2880,2118,706,2885,2100,716,4,4,0,0.0013845621322256837,0.0019011406844106464,0.0,0.3198401215207882,0.8121780538286684,1.5135925944514206,0.6396802430415764,0.8121780538286684,1.0090617296342803,0.1584055459272097,0.5704761904761905,0.6759776536312849,92.5,100.0,3845,442,1431,6,2,0,0.0015604681404421327,0.004524886877828055,0.0,0.25,0.9,0.6000000000000001,0.2,55.0,45.0,65.0,0.15000000000000002,0.9,0.5,0.30000000000000004,45.0,45.0,75.0,2922,2920,2,2922,6.844626967830253E-4,0.3199445798216535,0.5,0.639889159643307,482,0.16506849315068492,1.0,1
"iteration_5","SCOPE_DATA_COLLECTION",500,52,3190.0,3250.0,1,2892,2100,726,2880,2118,706,2885,2100,716,4,4,0,0.0013845621322256837,0.0019011406844106464,0.0,0.3198401215207882,0.8121780538286684,1.5135925944514206,0.6396802430415764,0.8121780538286684,1.0090617296342803,0.1584055459272097,0.5704761904761905,0.6759776536312849,92.5,100.0,3845,442,1431,6,2,0,0.0015604681404421327,0.004524886877828055,0.0,0.25,0.9,0.6000000000000001,0.2,55.0,45.0,65.0,0.15000000000000002,0.9,0.5,0.30000000000000004,45.0,45.0,75.0,2167,2165,2,2167,9.229349330872173E-4,0.8171423952257353,1.0,0.8171423952257353,1251,0.5778290993071593,1.0,1
"iteration_5","SCOPE_DATA_COLLECTION",500,52,3190.0,3250.0,2,2892,2100,726,2880,2118,706,2885,2100,716,4,4,0,0.0013845621322256837,0.0019011406844106464,0.0,0.3198401215207882,0.8121780538286684,1.5135925944514206,0.6396802430415764,0.8121780538286684,1.0090617296342803,0.1584055459272097,0.5704761904761905,0.6759776536312849,92.5,100.0,3845,442,1431,6,2,0,0.0015604681404421327,0.004524886877828055,0.0,0.25,0.9,0.6000000000000001,0.2,55.0,45.0,65.0,0.15000000000000002,0.9,0.5,0.30000000000000004,45.0,45.0,75.0,749,743,6,749,0.00801068090787717,1.5124484060508663,1.5,1.0082989373672442,494,0.6648721399730821,1.0,1
"iteration_5","SCOPE_DATA_COLLECTION",500,53,3250.0,3310.0,0,2922,2167,749,2892,2100,726,2929,2156,740,2,2,6,6.82360968952576E-4,9.267840593141798E-4,0.00804289544235925,0.3203515777420561,0.8167732689302905,1.5094920175048039,0.6407031554841122,0.8167732689302905,1.0063280116698692,0.16592693752133833,0.5774582560296846,0.6635135135135135,100.0,100.0,3858,322,1658,9,1,0,0.0023328149300155523,0.003105590062111801,0.0,0.15000000000000002,0.9,0.5,0.30000000000000004,45.0,45.0,75.0,0.8500000000000001,0.6000000000000001,0.2,0.6000000000000001,35.0,95.0,50.0,2828,2824,4,2828,0.0014144271570014145,0.31754280123352574,0.5,0.6350856024670515,406,0.14376770538243627,1.0,1
"iteration_5","SCOPE_DATA_COLLECTION",500,53,3250.0,3310.0,1,2922,2167,749,2892,2100,726,2929,2156,740,2,2,6,6.82360968952576E-4,9.267840593141798E-4,0.00804289544235925,0.3203515777420561,0.8167732689302905,1.5094920175048039,0.6407031554841122,0.8167732689302905,1.0063280116698692,0.16592693752133833,0.5774582560296846,0.6635135135135135,100.0,100.0,3858,322,1658,9,1,0,0.0023328149300155523,0.003105590062111801,0.0,0.15000000000000002,0.9,0.5,0.30000000000000004,45.0,45.0,75.0,0.8500000000000001,0.6000000000000001,0.2,0.6000000000000001,35.0,95.0,50.0,2211,2209,2,2211,9.045680687471732E-4,0.7939731932226469,1.0,0.7939731932226469,1232,0.5577184246265279,1.0,1
"iteration_5","SCOPE_DATA_COLLECTION",500,53,3250.0,3310.0,2,2922,2167,749,2892,2100,726,2929,2156,740,2,2,6,6.82360968952576E-4,9.267840593141798E-4,0.00804289544235925,0.3203515777420561,0.8167732689302905,1.5094920175048039,0.6407031554841122,0.8167732689302905,1.0063280116698692,0.16592693752133833,0.5774582560296846,0.6635135135135135,100.0,100.0,3858,322,1658,9,1,0,0.0023328149300155523,0.003105590062111801,0.0,0.15000000000000002,0.9,0.5,0.30000000000000004,45.0,45.0,75.0,0.8500000000000001,0.6000000000000001,0.2,0.6000000000000001,35.0,95.0,50.0,751,751,0,751,0.0,1.4972146957432944,1.5,0.9981431304955296,493,0.6564580559254327,1.0,1
"iteration_5","SCOPE_DATA_COLLECTION",500,54,3310.0,3370.0,0,2828,2211,751,2922,2167,749,2826,2210,759,4,2,0,0.0014134275618374558,9.041591320072332E-4,0.0,0.317295147826355,0.7946468966695135,1.5020300340258181,0.63459029565271,0.7946468966695135,1.001353356017212,0.14331210191082802,0.5570135746606335,0.6587615283267457,100.0,100.0,3815,1660,315,6,0,0,0.0015727391874180866,0.0,0.0,0.8500000000000001,0.6000000000000001,0.2,0.6000000000000001,35.0,95.0,50.0,0.75,0.6000000000000001,0.1,0.6000000000000001,25.0,95.0,50.0,2819,2817,2,2819,7.09471443774388E-4,0.32024830791311515,0.5,0.6404966158262303,350,0.12424565140220092,1.0,1
"iteration_5","SCOPE_DATA_COLLECTION",500,54,3310.0,3370.0,1,2828,2211,751,2922,2167,749,2826,2210,759,4,2,0,0.0014134275618374558,9.041591320072332E-4,0.0,0.317295147826355,0.7946468966695135,1.5020300340258181,0.63459029565271,0.7946468966695135,1.001353356017212,0.14331210191082802,0.5570135746606335,0.6587615283267457,100.0,100.0,3815,1660,315,6,0,0,0.0015727391874180866,0.0,0.0,0.8500000000000001,0.6000000000000001,0.2,0.6000000000000001,35.0,95.0,50.0,0.75,0.6000000000000001,0.1,0.6000000000000001,25.0,95.0,50.0,2108,2103,5,2108,0.0023719165085388993,0.8078393603717272,1.0,0.8078393603717272,1203,0.572039942938659,1.0,1
"iteration_5","SCOPE_DATA_COLLECTION",500,54,3310.0,3370.0,2,2828,2211,751,2922,2167,749,2826,2210,759,4,2,0,0.0014134275618374558,9.041591320072332E-4,0.0,0.317295147826355,0.7946468966695135,1.5020300340258181,0.63459029565271,0.7946468966695135,1.001353356017212,0.14331210191082802,0.5570135746606335,0.6587615283267457,100.0,100.0,3815,1660,315,6,0,0,0.0015727391874180866,0.0,0.0,0.8500000000000001,0.6000000000000001,0.2,0.6000000000000001,35.0,95.0,50.0,0.75,0.6000000000000001,0.1,0.6000000000000001,25.0,95.0,50.0,729,728,1,729,0.0013717421124828531,1.5101197331082041,1.5,1.0067464887388027,490,0.6730769230769231,1.0,1
"iteration_5","SCOPE_DATA_COLLECTION",500,55,3370.0,3430.0,0,2819,2108,729,2828,2211,751,2810,2111,725,2,4,1,7.112375533428165E-4,0.0018912529550827422,0.0013774104683195593,0.3200646914403229,0.8096910291853749,1.5091134421159955,0.6401293828806458,0.8096910291853749,1.0060756280773304,0.12419928825622775,0.5741354808147797,0.6717241379310345,95.0,100.0,3885,1326,445,6,1,0,0.0015444015444015444,7.541478129713424E-4,0.0,0.75,0.6000000000000001,0.1,0.6000000000000001,25.0,95.0,50.0,0.75,0.5,0.1,0.5,35.0,95.0,40.0,2852,2851,1,2852,3.506311360448808E-4,0.3186517886766107,0.5,0.6373035773532214,413,0.14486145212206245,1.0,1
"iteration_5","SCOPE_DATA_COLLECTION",500,55,3370.0,3430.0,1,2819,2108,729,2828,2211,751,2810,2111,725,2,4,1,7.112375533428165E-4,0.0018912529550827422,0.0013774104683195593,0.3200646914403229,0.8096910291853749,1.5091134421159955,0.6401293828806458,0.8096910291853749,1.0060756280773304,0.12419928825622775,0.5741354808147797,0.6717241379310345,95.0,100.0,3885,1326,445,6,1,0,0.0015444015444015444,7.541478129713424E-4,0.0,0.75,0.6000000000000001,0.1,0.6000000000000001,25.0,95.0,50.0,0.75,0.5,0.1,0.5,35.0,95.0,40.0,2141,2137,4,2141,0.0018682858477347033,0.8000488502913036,1.0,0.8000488502913036,1188,0.555919513336453,1.0,1
"iteration_5","SCOPE_DATA_COLLECTION",500,55,3370.0,3430.0,2,2819,2108,729,2828,2211,751,2810,2111,725,2,4,1,7.112375533428165E-4,0.0018912529550827422,0.0013774104683195593,0.3200646914403229,0.8096910291853749,1.5091134421159955,0.6401293828806458,0.8096910291853749,1.0060756280773304,0.12419928825622775,0.5741354808147797,0.6717241379310345,95.0,100.0,3885,1326,445,6,1,0,0.0015444015444015444,7.541478129713424E-4,0.0,0.75,0.6000000000000001,0.1,0.6000000000000001,25.0,95.0,50.0,0.75,0.5,0.1,0.5,35.0,95.0,40.0,752,752,0,752,0.0,1.5359598252054185,1.5,1.0239732168036124,508,0.675531914893617,1.0,1
"iteration_5","SCOPE_DATA_COLLECTION",500,56,3430.0,3490.0,0,2852,2141,752,2819,2108,729,2856,2135,751,1,5,0,3.5001750087504374E-4,0.002336448598130841,0.0,0.31861223283384504,0.7981666435120247,1.5322652579244131,0.6372244656676901,0.7981666435120247,1.0215101719496087,0.14495798319327732,0.5540983606557377,0.6750998668442078,100.0,100.0,3845,1403,497,6,0,0,0.0015604681404421327,0.0,0.0,0.75,0.5,0.1,0.5,35.0,95.0,40.0,0.8500000000000001,0.5,0.1,0.5,35.0,95.0,40.0,2868,2863,5,2868,0.0017433751743375174,0.32113809393064835,0.5,0.6422761878612967,363,0.1267900803353126,1.0,1
"iteration_5","SCOPE_DATA_COLLECTION",500,56,3430.0,3490.0,1,2852,2141,752,2819,2108,729,2856,2135,751,1,5,0,3.5001750087504374E-4,0.002336448598130841,0.0,0.31861223283384504,0.7981666435120247,1.5322652579244131,0.6372244656676901,0.7981666435120247,1.0215101719496087,0.14495798319327732,0.5540983606557377,0.6750998668442078,100.0,100.0,3845,1403,497,6,0,0,0.0015604681404421327,0.0,0.0,0.75,0.5,0.1,0.5,35.0,95.0,40.0,0.8500000000000001,0.5,0.1,0.5,35.0,95.0,40.0,2089,2084,5,2089,0.0023934897079942556,0.7894251762387315,1.0,0.7894251762387315,1166,0.5595009596928983,1.0,1
"iteration_5","SCOPE_DATA_COLLECTION",500,56,3430.0,3490.0,2,2852,2141,752,2819,2108,729,2856,2135,751,1,5,0,3.5001750087504374E-4,0.002336448598130841,0.0,0.31861223283384504,0.7981666435120247,1.5322652579244131,0.6372244656676901,0.7981666435120247,1.0215101719496087,0.14495798319327732,0.5540983606557377,0.6750998668442078,100.0,100.0,3845,1403,497,6,0,0,0.0015604681404421327,0.0,0.0,0.75,0.5,0.1,0.5,35.0,95.0,40.0,0.8500000000000001,0.5,0.1,0.5,35.0,95.0,40.0,755,749,6,755,0.007947019867549669,1.5988335181632933,1.5,1.0658890121088622,533,0.7116154873164219,1.0,1
"iteration_5","SCOPE_DATA_COLLECTION",500,57,3490.0,3550.0,0,2868,2089,755,2852,2141,752,2858,2087,745,5,5,6,0.0017464198393293748,0.002390057361376673,0.007989347536617843,0.3208845023449414,0.7902614432969739,1.5968481750784653,0.6417690046898828,0.7902614432969739,1.0645654500523103,0.12596221133659902,0.5615716339242932,0.7100671140939597,95.0,100.0,3881,1556,275,14,2,0,0.003607317701623293,0.0012853470437017994,0.0,0.8500000000000001,0.5,0.1,0.5,35.0,95.0,40.0,0.8500000000000001,0.5,0.1,0.5,35.0,95.0,40.0,2824,2822,2,2824,7.08215297450425E-4,0.3236500502015442,0.5,0.6473001004030884,358,0.1268603827072998,1.0,1
"iteration_5","SCOPE_DATA_COLLECTION",500,57,3490.0,3550.0,1,2868,2089,755,2852,2141,752,2858,2087,745,5,5,6,0.0017464198393293748,0.002390057361376673,0.007989347536617843,0.3208845023449414,0.7902614432969739,1.5968481750784653,0.6417690046898828,0.7902614432969739,1.0645654500523103,0.12596221133659902,0.5615716339242932,0.7100671140939597,95.0,100.0,3881,1556,275,14,2,0,0.003607317701623293,0.0012853470437017994,0.0,0.8500000000000001,0.5,0.1,0.5,35.0,95.0,40.0,0.8500000000000001,0.5,0.1,0.5,35.0,95.0,40.0,2050,2048,2,2050,9.75609756097561E-4,0.8074389056217306,1.0,0.8074389056217306,1176,0.57421875,1.0,1
"iteration_5","SCOPE_DATA_COLLECTION",500,57,3490.0,3550.0,2,2868,2089,755,2852,2141,752,2858,2087,745,5,5,6,0.0017464198393293748,0.002390057361376673,0.007989347536617843,0.3208845023449414,0.7902614432969739,1.5968481750784653,0.6417690046898828,0.7902614432969739,1.0645654500523103,0.12596221133659902,0.5615716339242932,0.7100671140939597,95.0,100.0,3881,1556,275,14,2,0,0.003607317701623293,0.0012853470437017994,0.0,0.8500000000000001,0.5,0.1,0.5,35.0,95.0,40.0,0.8500000000000001,0.5,0.1,0.5,35.0,95.0,40.0,740,739,1,740,0.0013513513513513514,1.5529276860323704,1.5,1.0352851240215803,514,0.6955345060893099,1.0,1
"iteration_5","SCOPE_DATA_COLLECTION",500,58,3550.0,3617.9903864142716,0,2824,2050,740,2868,2089,755,2821,2045,743,2,2,1,7.084661707403471E-4,9.770395701025891E-4,0.0013440860215053765,0.3231879287029925,0.806595587671536,1.5625357301405491,0.646375857405985,0.806595587671536,1.041690486760366,0.12655086848635236,0.5735941320293398,0.7012113055181696,100.0,100.0,3856,1511,247,5,0,0,0.0012966804979253112,0.0,0.0,0.8500000000000001,0.5,0.1,0.5,35.0,95.0,40.0,0.75,0.5,0.1,0.6000000000000001,35.0,95.0,30.0,2304,2290,1,2291,4.3649061545176777E-4,0.3212012766398392,0.5,0.6424025532796784,286,0.12489082969432315,0.9943576388888888,0
"iteration_5","SCOPE_DATA_COLLECTION",500,58,3550.0,3617.9903864142716,1,2824,2050,740,2868,2089,755,2821,2045,743,2,2,1,7.084661707403471E-4,9.770395701025891E-4,0.0013440860215053765,0.3231879287029925,0.806595587671536,1.5625357301405491,0.646375857405985,0.806595587671536,1.041690486760366,0.12655086848635236,0.5735941320293398,0.7012113055181696,100.0,100.0,3856,1511,247,5,0,0,0.0012966804979253112,0.0,0.0,0.8500000000000001,0.5,0.1,0.5,35.0,95.0,40.0,0.75,0.5,0.1,0.6000000000000001,35.0,95.0,30.0,1719,1691,0,1691,0.0,0.8030489620445068,1.0,0.8030489620445068,947,0.5600236546422236,0.9837114601512508,0
"iteration_5","SCOPE_DATA_COLLECTION",500,58,3550.0,3617.9903864142716,2,2824,2050,740,2868,2089,755,2821,2045,743,2,2,1,7.084661707403471E-4,9.770395701025891E-4,0.0013440860215053765,0.3231879287029925,0.806595587671536,1.5625357301405491,0.646375857405985,0.806595587671536,1.041690486760366,0.12655086848635236,0.5735941320293398,0.7012113055181696,100.0,100.0,3856,1511,247,5,0,0,0.0012966804979253112,0.0,0.0,0.8500000000000001,0.5,0.1,0.5,35.0,95.0,40.0,0.75,0.5,0.1,0.6000000000000001,35.0,95.0,30.0,594,574,0,574,0.0,1.5418311157039206,1.5,1.0278874104692803,396,0.6898954703832753,0.9663299663299664,0
"iteration_5","SCOPE_DATA_COLLECTION",600,0,70.0,130.0,0,3493,2225,743,0,0,0,3467,2186,719,5,4,2,0.0014400921658986176,0.0018264840182648401,0.0027739251040221915,0.31366855659538023,0.7833980204028685,1.4566650615007721,0.6273371131907605,0.7833980204028685,0.9711100410005148,0.18315546582059417,0.5379688929551693,0.6300417246175244,100.0,100.0,3983,1484,994,10,1,0,0.0025106703489831783,6.738544474393531E-4,0.0,0.6,0.5,0.7,0.4,85.0,80.0,90.0,0.6,0.5,0.7,0.4,85.0,80.0,90.0,3756,3753,3,3756,7.987220447284345E-4,0.3150396403192851,0.5,0.6300792806385702,712,0.18971489475086598,1.0,1
"iteration_5","SCOPE_DATA_COLLECTION",600,0,70.0,130.0,1,3493,2225,743,0,0,0,3467,2186,719,5,4,2,0.0014400921658986176,0.0018264840182648401,0.0027739251040221915,0.31366855659538023,0.7833980204028685,1.4566650615007721,0.6273371131907605,0.7833980204028685,0.9711100410005148,0.18315546582059417,0.5379688929551693,0.6300417246175244,100.0,100.0,3983,1484,994,10,1,0,0.0025106703489831783,6.738544474393531E-4,0.0,0.6,0.5,0.7,0.4,85.0,80.0,90.0,0.6,0.5,0.7,0.4,85.0,80.0,90.0,2511,2501,10,2511,0.00398247710075667,0.7781434959191125,1.0,0.7781434959191125,1319,0.5273890443822471,1.0,1
"iteration_5","SCOPE_DATA_COLLECTION",600,0,70.0,130.0,2,3493,2225,743,0,0,0,3467,2186,719,5,4,2,0.0014400921658986176,0.0018264840182648401,0.0027739251040221915,0.31366855659538023,0.7833980204028685,1.4566650615007721,0.6273371131907605,0.7833980204028685,0.9711100410005148,0.18315546582059417,0.5379688929551693,0.6300417246175244,100.0,100.0,3983,1484,994,10,1,0,0.0025106703489831783,6.738544474393531E-4,0.0,0.6,0.5,0.7,0.4,85.0,80.0,90.0,0.6,0.5,0.7,0.4,85.0,80.0,90.0,775,769,6,775,0.007741935483870968,1.4255477990480698,1.5,0.9503651993653799,463,0.6020806241872562,1.0,1
"iteration_5","SCOPE_DATA_COLLECTION",600,1,130.0,190.0,0,3756,2511,775,3493,2225,743,3751,2500,773,3,11,6,7.991475759190197E-4,0.004380724810832338,0.007702182284980745,0.31452100372897257,0.7779625318445914,1.4298641604857796,0.6290420074579451,0.7779625318445914,0.9532427736571863,0.1871500933084511,0.5268,0.6041397153945667,100.0,100.0,4264,1647,1131,18,2,0,0.004221388367729831,0.0012143290831815423,0.0,0.6,0.5,0.7,0.4,85.0,80.0,90.0,0.6,0.5,0.7,0.4,85.0,80.0,90.0,3895,3892,3,3895,7.702182284980744E-4,0.3179717150825423,0.5,0.6359434301650846,729,0.18730729701952722,1.0,1
"iteration_5","SCOPE_DATA_COLLECTION",600,1,130.0,190.0,1,3756,2511,775,3493,2225,743,3751,2500,773,3,11,6,7.991475759190197E-4,0.004380724810832338,0.007702182284980745,0.31452100372897257,0.7779625318445914,1.4298641604857796,0.6290420074579451,0.7779625318445914,0.9532427736571863,0.1871500933084511,0.5268,0.6041397153945667,100.0,100.0,4264,1647,1131,18,2,0,0.004221388367729831,0.0012143290831815423,0.0,0.6,0.5,0.7,0.4,85.0,80.0,90.0,0.6,0.5,0.7,0.4,85.0,80.0,90.0,2427,2425,2,2427,8.240626287597857E-4,0.7683092467001293,1.0,0.7683092467001293,1248,0.514639175257732,1.0,1
"iteration_5","SCOPE_DATA_COLLECTION",600,1,130.0,190.0,2,3756,2511,775,3493,2225,743,3751,2500,773,3,11,6,7.991475759190197E-4,0.004380724810832338,0.007702182284980745,0.31452100372897257,0.7779625318445914,1.4298641604857796,0.6290420074579451,0.7779625318445914,0.9532427736571863,0.1871500933084511,0.5268,0.6041397153945667,100.0,100.0,4264,1647,1131,18,2,0,0.004221388367729831,0.0012143290831815423,0.0,0.6,0.5,0.7,0.4,85.0,80.0,90.0,0.6,0.5,0.7,0.4,85.0,80.0,90.0,825,822,3,825,0.0036363636363636364,1.4146976285887478,1.5,0.9431317523924986,491,0.597323600973236,1.0,1
"iteration_5","SCOPE_DATA_COLLECTION",600,2,190.0,250.0,0,3895,2427,825,3756,2511,775,3892,2431,822,3,2,3,7.702182284980744E-4,8.220304151253596E-4,0.0036363636363636364,0.3182863519413482,0.7687449173978973,1.4105059739678896,0.6365727038826964,0.7687449173978973,0.940337315978593,0.18910585817060638,0.5158371040723982,0.5936739659367397,97.5,100.0,4330,1703,1114,8,0,0,0.0018475750577367205,0.0,0.0,0.6,0.5,0.7,0.4,85.0,80.0,90.0,0.30000000000000004,0.5,0.1,0.7000000000000001,90.0,40.0,55.0,3885,3879,6,3885,0.0015444015444015444,0.32182055027741197,0.5,0.6436411005548239,788,0.2031451405001289,1.0,1
"iteration_5","SCOPE_DATA_COLLECTION",600,2,190.0,250.0,1,3895,2427,825,3756,2511,775,3892,2431,822,3,2,3,7.702182284980744E-4,8.220304151253596E-4,0.0036363636363636364,0.3182863519413482,0.7687449173978973,1.4105059739678896,0.6365727038826964,0.7687449173978973,0.940337315978593,0.18910585817060638,0.5158371040723982,0.5936739659367397,97.5,100.0,4330,1703,1114,8,0,0,0.0018475750577367205,0.0,0.0,0.6,0.5,0.7,0.4,85.0,80.0,90.0,0.30000000000000004,0.5,0.1,0.7000000000000001,90.0,40.0,55.0,2389,2388,1,2389,4.185851820845542E-4,0.7587397270626198,1.0,0.7587397270626198,1266,0.5301507537688442,1.0,1
"iteration_5","SCOPE_DATA_COLLECTION",600,2,190.0,250.0,2,3895,2427,825,3756,2511,775,3892,2431,822,3,2,3,7.702182284980744E-4,8.220304151253596E-4,0.0036363636363636364,0.3182863519413482,0.7687449173978973,1.4105059739678896,0.6365727038826964,0.7687449173978973,0.940337315978593,0.18910585817060638,0.5158371040723982,0.5936739659367397,97.5,100.0,4330,1703,1114,8,0,0,0.0018475750577367205,0.0,0.0,0.6,0.5,0.7,0.4,85.0,80.0,90.0,0.30000000000000004,0.5,0.1,0.7000000000000001,90.0,40.0,55.0,811,809,2,811,0.002466091245376079,1.4200382949249244,1.5,0.9466921966166163,494,0.6106304079110012,1.0,1
"iteration_5","SCOPE_DATA_COLLECTION",600,3,250.0,310.0,0,3885,2389,811,3895,2427,825,3879,2391,807,6,1,2,0.0015444015444015444,4.180602006688963E-4,0.002472187886279357,0.321340962922417,0.759016645066225,1.418390701537262,0.642681925844834,0.759016645066225,0.9455938010248414,0.20185614849187936,0.5299038059389377,0.61090458488228,100.0,100.0,4404,821,1860,9,0,0,0.0020435967302452314,0.0,0.0,0.30000000000000004,0.5,0.1,0.7000000000000001,90.0,40.0,55.0,0.30000000000000004,0.5,0.2,0.7000000000000001,80.0,50.0,45.0,4006,4005,1,4006,2.4962556165751375E-4,0.32365565375831434,0.5,0.6473113075166287,870,0.21722846441947566,1.0,1
"iteration_5","SCOPE_DATA_COLLECTION",600,3,250.0,310.0,1,3885,2389,811,3895,2427,825,3879,2391,807,6,1,2,0.0015444015444015444,4.180602006688963E-4,0.002472187886279357,0.321340962922417,0.759016645066225,1.418390701537262,0.642681925844834,0.759016645066225,0.9455938010248414,0.20185614849187936,0.5299038059389377,0.61090458488228,100.0,100.0,4404,821,1860,9,0,0,0.0020435967302452314,0.0,0.0,0.30000000000000004,0.5,0.1,0.7000000000000001,90.0,40.0,55.0,0.30000000000000004,0.5,0.2,0.7000000000000001,80.0,50.0,45.0,2470,2467,3,2470,0.0012145748987854252,0.7534385612354452,1.0,0.7534385612354452,1272,0.5156059991892987,1.0,1
"iteration_5","SCOPE_DATA_COLLECTION",600,3,250.0,310.0,2,3885,2389,811,3895,2427,825,3879,2391,807,6,1,2,0.0015444015444015444,4.180602006688963E-4,0.002472187886279357,0.321340962922417,0.759016645066225,1.418390701537262,0.642681925844834,0.759016645066225,0.9455938010248414,0.20185614849187936,0.5299038059389377,0.61090458488228,100.0,100.0,4404,821,1860,9,0,0,0.0020435967302452314,0.0,0.0,0.30000000000000004,0.5,0.1,0.7000000000000001,90.0,40.0,55.0,0.30000000000000004,0.5,0.2,0.7000000000000001,80.0,50.0,45.0,792,789,3,792,0.003787878787878788,1.4189730248310766,1.5,0.945982016554051,483,0.6121673003802282,1.0,1
"iteration_5","SCOPE_DATA_COLLECTION",600,4,310.0,370.0,0,4006,2470,792,3885,2389,811,4005,2463,789,1,3,3,2.4962556165751375E-4,0.0012165450121654502,0.003787878787878788,0.3245182586478474,0.7534517610403276,1.4271833749132077,0.6490365172956948,0.7534517610403276,0.9514555832754718,0.2184769038701623,0.5152253349573691,0.614702154626109,92.5,100.0,4410,843,2015,7,0,0,0.0015873015873015873,0.0,0.0,0.30000000000000004,0.5,0.2,0.7000000000000001,80.0,50.0,45.0,0.5,0.30000000000000004,0.4,0.5,70.0,40.0,90.0,3822,3820,2,3822,5.232862375719519E-4,0.3200394910207818,0.5,0.6400789820415635,725,0.18979057591623036,1.0,1
"iteration_5","SCOPE_DATA_COLLECTION",600,4,310.0,370.0,1,4006,2470,792,3885,2389,811,4005,2463,789,1,3,3,2.4962556165751375E-4,0.0012165450121654502,0.003787878787878788,0.3245182586478474,0.7534517610403276,1.4271833749132077,0.6490365172956948,0.7534517610403276,0.9514555832754718,0.2184769038701623,0.5152253349573691,0.614702154626109,92.5,100.0,4410,843,2015,7,0,0,0.0015873015873015873,0.0,0.0,0.30000000000000004,0.5,0.2,0.7000000000000001,80.0,50.0,45.0,0.5,0.30000000000000004,0.4,0.5,70.0,40.0,90.0,2333,2328,5,2333,0.0021431633090441492,0.787437765267382,1.0,0.787437765267382,1263,0.5425257731958762,1.0,1
"iteration_5","SCOPE_DATA_COLLECTION",600,4,310.0,370.0,2,4006,2470,792,3885,2389,811,4005,2463,789,1,3,3,2.4962556165751375E-4,0.0012165450121654502,0.003787878787878788,0.3245182586478474,0.7534517610403276,1.4271833749132077,0.6490365172956948,0.7534517610403276,0.9514555832754718,0.2184769038701623,0.5152253349573691,0.614702154626109,92.5,100.0,4410,843,2015,7,0,0,0.0015873015873015873,0.0,0.0,0.30000000000000004,0.5,0.2,0.7000000000000001,80.0,50.0,45.0,0.5,0.30000000000000004,0.4,0.5,70.0,40.0,90.0,848,845,3,848,0.003537735849056604,1.428252286801729,1.5,0.9521681912011527,511,0.6047337278106509,1.0,1
"iteration_5","SCOPE_DATA_COLLECTION",600,5,370.0,430.0,0,3822,2333,848,4006,2470,792,3818,2326,845,2,5,3,5.235602094240838E-4,0.002145002145002145,0.003537735849056604,0.3191336009418992,0.7844532059212832,1.4181349221993929,0.6382672018837984,0.7844532059212832,0.9454232814662619,0.1885804085908853,0.5434221840068788,0.6011834319526628,97.5,100.0,4375,1295,1333,10,0,0,0.002285714285714286,0.0,0.0,0.5,0.30000000000000004,0.4,0.5,70.0,40.0,90.0,0.5,0.30000000000000004,0.4,0.5,70.0,40.0,90.0,3778,3773,5,3778,0.0013234515616728428,0.32058168033843615,0.5,0.6411633606768723,780,0.20673204346673735,1.0,1
"iteration_5","SCOPE_DATA_COLLECTION",600,5,370.0,430.0,1,3822,2333,848,4006,2470,792,3818,2326,845,2,5,3,5.235602094240838E-4,0.002145002145002145,0.003537735849056604,0.3191336009418992,0.7844532059212832,1.4181349221993929,0.6382672018837984,0.7844532059212832,0.9454232814662619,0.1885804085908853,0.5434221840068788,0.6011834319526628,97.5,100.0,4375,1295,1333,10,0,0,0.002285714285714286,0.0,0.0,0.5,0.30000000000000004,0.4,0.5,70.0,40.0,90.0,0.5,0.30000000000000004,0.4,0.5,70.0,40.0,90.0,2421,2418,3,2421,0.0012391573729863693,0.7774941998566273,1.0,0.7774941998566273,1266,0.5235732009925558,1.0,1
"iteration_5","SCOPE_DATA_COLLECTION",600,5,370.0,430.0,2,3822,2333,848,4006,2470,792,3818,2326,845,2,5,3,5.235602094240838E-4,0.002145002145002145,0.003537735849056604,0.3191336009418992,0.7844532059212832,1.4181349221993929,0.6382672018837984,0.7844532059212832,0.9454232814662619,0.1885804085908853,0.5434221840068788,0.6011834319526628,97.5,100.0,4375,1295,1333,10,0,0,0.002285714285714286,0.0,0.0,0.5,0.30000000000000004,0.4,0.5,70.0,40.0,90.0,0.5,0.30000000000000004,0.4,0.5,70.0,40.0,90.0,826,817,9,826,0.010895883777239709,1.469725497009647,1.5,0.9798169980064313,514,0.6291309669522643,1.0,1
"iteration_5","SCOPE_DATA_COLLECTION",600,6,430.0,490.0,0,3778,2421,826,3822,2333,848,3779,2408,816,5,3,9,0.001321353065539112,0.001244296972210701,0.01090909090909091,0.32114003846525885,0.7811821629095443,1.4766853665103121,0.6422800769305177,0.7811821629095443,0.9844569110068747,0.20719767134162476,0.5228405315614618,0.6323529411764706,92.5,100.0,4324,1327,1374,15,2,0,0.003469010175763182,0.0015071590052750565,0.0,0.5,0.30000000000000004,0.4,0.5,70.0,40.0,90.0,0.1,0.8,0.8,0.4,55.0,20.0,45.0,3840,3818,22,3840,0.005729166666666666,0.3292545665564992,0.5,0.6585091331129984,839,0.21974855945521216,1.0,1
"iteration_5","SCOPE_DATA_COLLECTION",600,6,430.0,490.0,1,3778,2421,826,3822,2333,848,3779,2408,816,5,3,9,0.001321353065539112,0.001244296972210701,0.01090909090909091,0.32114003846525885,0.7811821629095443,1.4766853665103121,0.6422800769305177,0.7811821629095443,0.9844569110068747,0.20719767134162476,0.5228405315614618,0.6323529411764706,92.5,100.0,4324,1327,1374,15,2,0,0.003469010175763182,0.0015071590052750565,0.0,0.5,0.30000000000000004,0.4,0.5,70.0,40.0,90.0,0.1,0.8,0.8,0.4,55.0,20.0,45.0,2435,2410,25,2435,0.01026694045174538,0.7819222371622959,1.0,0.7819222371622959,1251,0.5190871369294606,1.0,1
"iteration_5","SCOPE_DATA_COLLECTION",600,6,430.0,490.0,2,3778,2421,826,3822,2333,848,3779,2408,816,5,3,9,0.001321353065539112,0.001244296972210701,0.01090909090909091,0.32114003846525885,0.7811821629095443,1.4766853665103121,0.6422800769305177,0.7811821629095443,0.9844569110068747,0.20719767134162476,0.5228405315614618,0.6323529411764706,92.5,100.0,4324,1327,1374,15,2,0,0.003469010175763182,0.0015071590052750565,0.0,0.5,0.30000000000000004,0.4,0.5,70.0,40.0,90.0,0.1,0.8,0.8,0.4,55.0,20.0,45.0,831,820,11,831,0.013237063778580024,1.4261325648599934,1.5,0.9507550432399956,501,0.6109756097560975,1.0,1
"iteration_5","SCOPE_DATA_COLLECTION",600,7,490.0,550.0,0,3840,2435,831,3778,2421,826,3817,2417,823,22,22,8,0.0057306590257879654,0.009020090200902008,0.009626955475330927,0.32897822766643553,0.7783302360253666,1.4245993895960114,0.6579564553328711,0.7783302360253666,0.949732926397341,0.21928215876342677,0.5188249896565991,0.6099635479951397,97.5,100.0,4273,312,2521,12,0,40,0.002808331383103206,0.0,0.01586671955573185,0.1,0.8,0.8,0.4,55.0,20.0,45.0,0.55,0.4,0.1,0.2,20.0,70.0,85.0,3855,3845,10,3855,0.0025940337224383916,0.32007996569307257,0.5,0.6401599313861451,800,0.20806241872561768,1.0,1
"iteration_5","SCOPE_DATA_COLLECTION",600,7,490.0,550.0,1,3840,2435,831,3778,2421,826,3817,2417,823,22,22,8,0.0057306590257879654,0.009020090200902008,0.009626955475330927,0.32897822766643553,0.7783302360253666,1.4245993895960114,0.6579564553328711,0.7783302360253666,0.949732926397341,0.21928215876342677,0.5188249896565991,0.6099635479951397,97.5,100.0,4273,312,2521,12,0,40,0.002808331383103206,0.0,0.01586671955573185,0.1,0.8,0.8,0.4,55.0,20.0,45.0,0.55,0.4,0.1,0.2,20.0,70.0,85.0,2527,2520,7,2527,0.002770083102493075,0.7438360049717126,1.0,0.7438360049717126,1277,0.5067460317460317,1.0,1
"iteration_5","SCOPE_DATA_COLLECTION",600,7,490.0,550.0,2,3840,2435,831,3778,2421,826,3817,2417,823,22,22,8,0.0057306590257879654,0.009020090200902008,0.009626955475330927,0.32897822766643553,0.7783302360253666,1.4245993895960114,0.6579564553328711,0.7783302360253666,0.949732926397341,0.21928215876342677,0.5188249896565991,0.6099635479951397,97.5,100.0,4273,312,2521,12,0,40,0.002808331383103206,0.0,0.01586671955573185,0.1,0.8,0.8,0.4,55.0,20.0,45.0,0.55,0.4,0.1,0.2,20.0,70.0,85.0,848,845,3,848,0.003537735849056604,1.4028228720470863,1.5,0.9352152480313909,505,0.5976331360946746,1.0,1
"iteration_5","SCOPE_DATA_COLLECTION",600,8,550.0,610.0,0,3855,2527,848,3840,2435,831,3843,2518,845,10,10,6,0.0025953802232026994,0.003955696202531646,0.007050528789659225,0.3201492049468985,0.746714791257635,1.4015769681437664,0.640298409893797,0.746714791257635,0.9343846454291777,0.20947176684881602,0.5071485305798252,0.5976331360946746,100.0,100.0,4352,1570,1308,7,1,18,0.001608455882352941,6.369426751592356E-4,0.013761467889908258,0.55,0.4,0.1,0.2,20.0,70.0,85.0,0.45,0.5,0.2,0.1,20.0,60.0,95.0,3768,3767,1,3768,2.653927813163482E-4,0.31386932598552203,0.5,0.6277386519710441,762,0.20228298380674276,1.0,1
"iteration_5","SCOPE_DATA_COLLECTION",600,8,550.0,610.0,1,3855,2527,848,3840,2435,831,3843,2518,845,10,10,6,0.0025953802232026994,0.003955696202531646,0.007050528789659225,0.3201492049468985,0.746714791257635,1.4015769681437664,0.640298409893797,0.746714791257635,0.9343846454291777,0.20947176684881602,0.5071485305798252,0.5976331360946746,100.0,100.0,4352,1570,1308,7,1,18,0.001608455882352941,6.369426751592356E-4,0.013761467889908258,0.55,0.4,0.1,0.2,20.0,70.0,85.0,0.45,0.5,0.2,0.1,20.0,60.0,95.0,2624,2620,4,2624,0.001524390243902439,0.7677322154304194,1.0,0.7677322154304194,1396,0.5328244274809161,1.0,1
"iteration_5","SCOPE_DATA_COLLECTION",600,8,550.0,610.0,2,3855,2527,848,3840,2435,831,3843,2518,845,10,10,6,0.0025953802232026994,0.003955696202531646,0.007050528789659225,0.3201492049468985,0.746714791257635,1.4015769681437664,0.640298409893797,0.746714791257635,0.9343846454291777,0.20947176684881602,0.5071485305798252,0.5976331360946746,100.0,100.0,4352,1570,1308,7,1,18,0.001608455882352941,6.369426751592356E-4,0.013761467889908258,0.55,0.4,0.1,0.2,20.0,70.0,85.0,0.45,0.5,0.2,0.1,20.0,60.0,95.0,831,829,2,831,0.0024067388688327317,1.3398609045909515,1.5,0.8932406030606344,479,0.5778045838359469,1.0,1
"iteration_5","SCOPE_DATA_COLLECTION",600,9,610.0,670.0,0,3768,2624,831,3855,2527,848,3772,2622,827,1,4,2,2.6504108136761196E-4,0.0015232292460015233,0.0024125452352231603,0.3144926616181359,0.7680092301064732,1.3406265665236097,0.6289853232362718,0.7680092301064732,0.8937510443490732,0.20201484623541888,0.5335621662852784,0.5767835550181378,97.5,100.0,4293,1304,1626,5,2,0,0.0011646866992778943,0.0015337423312883436,0.0,0.45,0.5,0.2,0.1,20.0,60.0,95.0,0.35000000000000003,0.5,0.30000000000000004,0.2,20.0,50.0,95.0,3820,3819,1,3820,2.617801047120419E-4,0.32005939089474367,0.5,0.6401187817894873,774,0.20267085624509035,1.0,1
"iteration_5","SCOPE_DATA_COLLECTION",600,9,610.0,670.0,1,3768,2624,831,3855,2527,848,3772,2622,827,1,4,2,2.6504108136761196E-4,0.0015232292460015233,0.0024125452352231603,0.3144926616181359,0.7680092301064732,1.3406265665236097,0.6289853232362718,0.7680092301064732,0.8937510443490732,0.20201484623541888,0.5335621662852784,0.5767835550181378,97.5,100.0,4293,1304,1626,5,2,0,0.0011646866992778943,0.0015337423312883436,0.0,0.45,0.5,0.2,0.1,20.0,60.0,95.0,0.35000000000000003,0.5,0.30000000000000004,0.2,20.0,50.0,95.0,2380,2378,2,2380,8.403361344537816E-4,0.75894758077107,1.0,0.75894758077107,1263,0.5311185870479395,1.0,1
"iteration_5","SCOPE_DATA_COLLECTION",600,9,610.0,670.0,2,3768,2624,831,3855,2527,848,3772,2622,827,1,4,2,2.6504108136761196E-4,0.0015232292460015233,0.0024125452352231603,0.3144926616181359,0.7680092301064732,1.3406265665236097,0.6289853232362718,0.7680092301064732,0.8937510443490732,0.20201484623541888,0.5335621662852784,0.5767835550181378,97.5,100.0,4293,1304,1626,5,2,0,0.0011646866992778943,0.0015337423312883436,0.0,0.45,0.5,0.2,0.1,20.0,60.0,95.0,0.35000000000000003,0.5,0.30000000000000004,0.2,20.0,50.0,95.0,805,803,2,805,0.002484472049689441,1.4164489726483687,1.5,0.9442993150989124,489,0.6089663760896638,1.0,1
"iteration_5","SCOPE_DATA_COLLECTION",600,10,670.0,730.0,0,3820,2380,805,3768,2624,831,3814,2376,798,1,2,2,2.621231979030144E-4,8.410428931875525E-4,0.0025,0.31988385857467605,0.7583524883750854,1.4239982898116297,0.6397677171493521,0.7583524883750854,0.9493321932077531,0.20319874147876246,0.5298821548821548,0.6140350877192983,100.0,100.0,4248,962,1795,5,0,0,0.0011770244821092278,0.0,0.0,0.35000000000000003,0.5,0.30000000000000004,0.2,20.0,50.0,95.0,0.30000000000000004,0.5,0.30000000000000004,0.7000000000000001,30.0,85.0,35.0,3721,3719,2,3721,5.374899220639613E-4,0.319065307957729,0.5,0.638130615915458,753,0.20247378327507395,1.0,1
"iteration_5","SCOPE_DATA_COLLECTION",600,10,670.0,730.0,1,3820,2380,805,3768,2624,831,3814,2376,798,1,2,2,2.621231979030144E-4,8.410428931875525E-4,0.0025,0.31988385857467605,0.7583524883750854,1.4239982898116297,0.6397677171493521,0.7583524883750854,0.9493321932077531,0.20319874147876246,0.5298821548821548,0.6140350877192983,100.0,100.0,4248,962,1795,5,0,0,0.0011770244821092278,0.0,0.0,0.35000000000000003,0.5,0.30000000000000004,0.2,20.0,50.0,95.0,0.30000000000000004,0.5,0.30000000000000004,0.7000000000000001,30.0,85.0,35.0,2476,2473,3,2476,0.0012116316639741518,0.776441929952607,1.0,0.776441929952607,1317,0.5325515568135868,1.0,1
"iteration_5","SCOPE_DATA_COLLECTION",600,10,670.0,730.0,2,3820,2380,805,3768,2624,831,3814,2376,798,1,2,2,2.621231979030144E-4,8.410428931875525E-4,0.0025,0.31988385857467605,0.7583524883750854,1.4239982898116297,0.6397677171493521,0.7583524883750854,0.9493321932077531,0.20319874147876246,0.5298821548821548,0.6140350877192983,100.0,100.0,4248,962,1795,5,0,0,0.0011770244821092278,0.0,0.0,0.35000000000000003,0.5,0.30000000000000004,0.2,20.0,50.0,95.0,0.30000000000000004,0.5,0.30000000000000004,0.7000000000000001,30.0,85.0,35.0,778,774,4,778,0.005141388174807198,1.3721733536943255,1.5,0.914782235796217,450,0.5813953488372093,1.0,1
"iteration_5","SCOPE_DATA_COLLECTION",600,11,730.0,790.0,0,3721,2476,778,3820,2380,805,3719,2483,778,2,3,4,5.374899220639613E-4,0.0012067578439259854,0.005115089514066497,0.3194167400705215,0.7785278669890302,1.360572173470365,0.638833480141043,0.7785278669890302,0.90704811564691,0.20408712019360042,0.5352396294804672,0.5758354755784062,95.0,100.0,4243,850,1882,8,1,0,0.0018854584020740043,0.001176470588235294,0.0,0.30000000000000004,0.5,0.30000000000000004,0.7000000000000001,30.0,85.0,35.0,0.2,0.6000000000000001,0.30000000000000004,0.8,30.0,75.0,35.0,3841,3836,5,3841,0.0013017443374121322,0.31850455922813764,0.5,0.6370091184562753,713,0.18587069864442127,1.0,1
"iteration_5","SCOPE_DATA_COLLECTION",600,11,730.0,790.0,1,3721,2476,778,3820,2380,805,3719,2483,778,2,3,4,5.374899220639613E-4,0.0012067578439259854,0.005115089514066497,0.3194167400705215,0.7785278669890302,1.360572173470365,0.638833480141043,0.7785278669890302,0.90704811564691,0.20408712019360042,0.5352396294804672,0.5758354755784062,95.0,100.0,4243,850,1882,8,1,0,0.0018854584020740043,0.001176470588235294,0.0,0.30000000000000004,0.5,0.30000000000000004,0.7000000000000001,30.0,85.0,35.0,0.2,0.6000000000000001,0.30000000000000004,0.8,30.0,75.0,35.0,2514,2510,4,2514,0.0015910898965791568,0.7442971588733377,1.0,0.7442971588733377,1265,0.5039840637450199,1.0,1
"iteration_5","SCOPE_DATA_COLLECTION",600,11,730.0,790.0,2,3721,2476,778,3820,2380,805,3719,2483,778,2,3,4,5.374899220639613E-4,0.0012067578439259854,0.005115089514066497,0.3194167400705215,0.7785278669890302,1.360572173470365,0.638833480141043,0.7785278669890302,0.90704811564691,0.20408712019360042,0.5352396294804672,0.5758354755784062,95.0,100.0,4243,850,1882,8,1,0,0.0018854584020740043,0.001176470588235294,0.0,0.30000000000000004,0.5,0.30000000000000004,0.7000000000000001,30.0,85.0,35.0,0.2,0.6000000000000001,0.30000000000000004,0.8,30.0,75.0,35.0,786,785,1,786,0.001272264631043257,1.4077536818041148,1.5,0.9385024545360765,468,0.5961783439490446,1.0,1
"iteration_5","SCOPE_DATA_COLLECTION",600,12,790.0,850.0,0,3841,2514,786,3721,2476,778,3828,2509,790,5,4,1,0.0013044612575006521,0.0015917230401910067,0.0012642225031605564,0.3175257312967379,0.7426703721158365,1.414147615776056,0.6350514625934758,0.7426703721158365,0.9427650771840373,0.18286311389759666,0.5017935432443205,0.5987341772151898,97.5,100.0,4277,564,2300,9,1,0,0.002104278700023381,0.0017730496453900709,0.0,0.2,0.6000000000000001,0.30000000000000004,0.8,30.0,75.0,35.0,0.75,0.8,0.6000000000000001,0.6000000000000001,45.0,30.0,70.0,3744,3737,7,3744,0.0018696581196581197,0.33379283275845306,0.5,0.6675856655169061,798,0.21354027294621353,1.0,1
"iteration_5","SCOPE_DATA_COLLECTION",600,12,790.0,850.0,1,3841,2514,786,3721,2476,778,3828,2509,790,5,4,1,0.0013044612575006521,0.0015917230401910067,0.0012642225031605564,0.3175257312967379,0.7426703721158365,1.414147615776056,0.6350514625934758,0.7426703721158365,0.9427650771840373,0.18286311389759666,0.5017935432443205,0.5987341772151898,97.5,100.0,4277,564,2300,9,1,0,0.002104278700023381,0.0017730496453900709,0.0,0.2,0.6000000000000001,0.30000000000000004,0.8,30.0,75.0,35.0,0.75,0.8,0.6000000000000001,0.6000000000000001,45.0,30.0,70.0,2417,2413,4,2417,0.0016549441456350847,0.7901028095576197,1.0,0.7901028095576197,1315,0.5449647741400746,1.0,1
"iteration_5","SCOPE_DATA_COLLECTION",600,12,790.0,850.0,2,3841,2514,786,3721,2476,778,3828,2509,790,5,4,1,0.0013044612575006521,0.0015917230401910067,0.0012642225031605564,0.3175257312967379,0.7426703721158365,1.414147615776056,0.6350514625934758,0.7426703721158365,0.9427650771840373,0.18286311389759666,0.5017935432443205,0.5987341772151898,97.5,100.0,4277,564,2300,9,1,0,0.002104278700023381,0.0017730496453900709,0.0,0.2,0.6000000000000001,0.30000000000000004,0.8,30.0,75.0,35.0,0.75,0.8,0.6000000000000001,0.6000000000000001,45.0,30.0,70.0,759,754,5,759,0.006587615283267457,1.45986577582624,1.5,0.9732438505508267,472,0.6259946949602122,1.0,1
"iteration_5","SCOPE_DATA_COLLECTION",600,13,850.0,910.0,0,3744,2417,759,3841,2514,786,3744,2411,750,7,4,5,0.0018661690215942416,0.0016563146997929607,0.006622516556291391,0.3338368793037375,0.7894697946163357,1.4594862519751395,0.667673758607475,0.7894697946163357,0.972990834650093,0.21314102564102563,0.545002073828287,0.6253333333333333,100.0,100.0,4320,1927,673,11,5,0,0.0025462962962962965,0.002594706798131811,0.0,0.75,0.8,0.6000000000000001,0.6000000000000001,45.0,30.0,70.0,0.8500000000000001,0.8,0.6000000000000001,0.5,45.0,20.0,70.0,3822,3814,8,3822,0.0020931449502878076,0.32440419674676396,0.5,0.6488083934935279,848,0.22233875196643943,1.0,1
"iteration_5","SCOPE_DATA_COLLECTION",600,13,850.0,910.0,1,3744,2417,759,3841,2514,786,3744,2411,750,7,4,5,0.0018661690215942416,0.0016563146997929607,0.006622516556291391,0.3338368793037375,0.7894697946163357,1.4594862519751395,0.667673758607475,0.7894697946163357,0.972990834650093,0.21314102564102563,0.545002073828287,0.6253333333333333,100.0,100.0,4320,1927,673,11,5,0,0.0025462962962962965,0.002594706798131811,0.0,0.75,0.8,0.6000000000000001,0.6000000000000001,45.0,30.0,70.0,0.8500000000000001,0.8,0.6000000000000001,0.5,45.0,20.0,70.0,2554,2549,5,2554,0.001957713390759593,0.7772664792174455,1.0,0.7772664792174455,1332,0.5225578658297372,1.0,1
"iteration_5","SCOPE_DATA_COLLECTION",600,13,850.0,910.0,2,3744,2417,759,3841,2514,786,3744,2411,750,7,4,5,0.0018661690215942416,0.0016563146997929607,0.006622516556291391,0.3338368793037375,0.7894697946163357,1.4594862519751395,0.667673758607475,0.7894697946163357,0.972990834650093,0.21314102564102563,0.545002073828287,0.6253333333333333,100.0,100.0,4320,1927,673,11,5,0,0.0025462962962962965,0.002594706798131811,0.0,0.75,0.8,0.6000000000000001,0.6000000000000001,45.0,30.0,70.0,0.8500000000000001,0.8,0.6000000000000001,0.5,45.0,20.0,70.0,818,811,7,818,0.008557457212713936,1.4547639426764811,1.5,0.9698426284509875,499,0.6152897657213316,1.0,1
"iteration_5","SCOPE_DATA_COLLECTION",600,14,910.0,970.0,0,3822,2554,818,3744,2417,759,3821,2542,815,8,5,7,0.0020893183598850876,0.0019630938358853552,0.00851581508515815,0.3251276802464998,0.7745538611704289,1.4510265914348237,0.6502553604929996,0.7745538611704289,0.9673510609565491,0.22481025909447788,0.5204563335955941,0.6147239263803681,97.5,100.0,4292,2492,410,17,3,0,0.0039608574091332715,0.001203852327447833,0.0,0.8500000000000001,0.8,0.6000000000000001,0.5,45.0,20.0,70.0,0.25,0.7000000000000001,0.7000000000000001,0.2,85.0,30.0,90.0,3831,3828,3,3831,7.830853563038371E-4,0.3227962020739772,0.5,0.6455924041479544,825,0.21551724137931033,1.0,1
"iteration_5","SCOPE_DATA_COLLECTION",600,14,910.0,970.0,1,3822,2554,818,3744,2417,759,3821,2542,815,8,5,7,0.0020893183598850876,0.0019630938358853552,0.00851581508515815,0.3251276802464998,0.7745538611704289,1.4510265914348237,0.6502553604929996,0.7745538611704289,0.9673510609565491,0.22481025909447788,0.5204563335955941,0.6147239263803681,97.5,100.0,4292,2492,410,17,3,0,0.0039608574091332715,0.001203852327447833,0.0,0.8500000000000001,0.8,0.6000000000000001,0.5,45.0,20.0,70.0,0.25,0.7000000000000001,0.7000000000000001,0.2,85.0,30.0,90.0,2422,2421,1,2422,4.1288191577208916E-4,0.7906744516496804,1.0,0.7906744516496804,1337,0.5522511358942586,1.0,1
"iteration_5","SCOPE_DATA_COLLECTION",600,14,910.0,970.0,2,3822,2554,818,3744,2417,759,3821,2542,815,8,5,7,0.0020893183598850876,0.0019630938358853552,0.00851581508515815,0.3251276802464998,0.7745538611704289,1.4510265914348237,0.6502553604929996,0.7745538611704289,0.9673510609565491,0.22481025909447788,0.5204563335955941,0.6147239263803681,97.5,100.0,4292,2492,410,17,3,0,0.0039608574091332715,0.001203852327447833,0.0,0.8500000000000001,0.8,0.6000000000000001,0.5,45.0,20.0,70.0,0.25,0.7000000000000001,0.7000000000000001,0.2,85.0,30.0,90.0,778,776,2,778,0.002570694087403599,1.4032815920545545,1.5,0.935521061369703,468,0.6030927835051546,1.0,1
"iteration_5","SCOPE_DATA_COLLECTION",600,15,970.0,1030.0,0,3831,2422,778,3822,2554,818,3818,2428,776,3,1,2,7.851347814708192E-4,4.116920543433512E-4,0.002570694087403599,0.32251054747913904,0.7933455296397215,1.4123312428517159,0.6450210949582781,0.7933455296397215,0.9415541619011439,0.21372446306967,0.5535420098846787,0.6069587628865979,97.5,100.0,4307,696,2028,6,0,0,0.0013930810308799629,0.0,0.0,0.25,0.7000000000000001,0.7000000000000001,0.2,85.0,30.0,90.0,0.25,0.7000000000000001,0.6000000000000001,0.1,75.0,30.0,90.0,3760,3752,8,3760,0.002127659574468085,0.32103027561919023,0.5,0.6420605512383805,760,0.2025586353944563,1.0,1
"iteration_5","SCOPE_DATA_COLLECTION",600,15,970.0,1030.0,1,3831,2422,778,3822,2554,818,3818,2428,776,3,1,2,7.851347814708192E-4,4.116920543433512E-4,0.002570694087403599,0.32251054747913904,0.7933455296397215,1.4123312428517159,0.6450210949582781,0.7933455296397215,0.9415541619011439,0.21372446306967,0.5535420098846787,0.6069587628865979,97.5,100.0,4307,696,2028,6,0,0,0.0013930810308799629,0.0,0.0,0.25,0.7000000000000001,0.7000000000000001,0.2,85.0,30.0,90.0,0.25,0.7000000000000001,0.6000000000000001,0.1,75.0,30.0,90.0,2470,2462,8,2470,0.0032388663967611335,0.767760742812163,1.0,0.767760742812163,1295,0.5259951259138912,1.0,1
"iteration_5","SCOPE_DATA_COLLECTION",600,15,970.0,1030.0,2,3831,2422,778,3822,2554,818,3818,2428,776,3,1,2,7.851347814708192E-4,4.116920543433512E-4,0.002570694087403599,0.32251054747913904,0.7933455296397215,1.4123312428517159,0.6450210949582781,0.7933455296397215,0.9415541619011439,0.21372446306967,0.5535420098846787,0.6069587628865979,97.5,100.0,4307,696,2028,6,0,0,0.0013930810308799629,0.0,0.0,0.25,0.7000000000000001,0.7000000000000001,0.2,85.0,30.0,90.0,0.25,0.7000000000000001,0.6000000000000001,0.1,75.0,30.0,90.0,812,807,5,812,0.006157635467980296,1.43342144041957,1.5,0.9556142936130466,506,0.6270136307311028,1.0,1
"iteration_5","SCOPE_DATA_COLLECTION",600,16,1030.0,1090.0,0,3760,2470,812,3831,2422,778,3757,2465,807,8,8,5,0.0021248339973439574,0.003234937323089365,0.006157635467980296,0.32095137336923,0.7682626528591524,1.4308163389460613,0.64190274673846,0.7682626528591524,0.9538775592973742,0.2033537396859196,0.5261663286004057,0.6245353159851301,90.0,100.0,4232,721,2089,4,1,16,9.45179584120983E-4,0.0013869625520110957,0.007659167065581618,0.25,0.7000000000000001,0.6000000000000001,0.1,75.0,30.0,90.0,0.15000000000000002,0.8,0.6000000000000001,0.2,85.0,40.0,80.0,3824,3805,19,3824,0.004968619246861925,0.3181243590155571,0.5,0.6362487180311142,802,0.21077529566360054,1.0,1
"iteration_5","SCOPE_DATA_COLLECTION",600,16,1030.0,1090.0,1,3760,2470,812,3831,2422,778,3757,2465,807,8,8,5,0.0021248339973439574,0.003234937323089365,0.006157635467980296,0.32095137336923,0.7682626528591524,1.4308163389460613,0.64190274673846,0.7682626528591524,0.9538775592973742,0.2033537396859196,0.5261663286004057,0.6245353159851301,90.0,100.0,4232,721,2089,4,1,16,9.45179584120983E-4,0.0013869625520110957,0.007659167065581618,0.25,0.7000000000000001,0.6000000000000001,0.1,75.0,30.0,90.0,0.15000000000000002,0.8,0.6000000000000001,0.2,85.0,40.0,80.0,2442,2432,10,2442,0.004095004095004095,0.7575991691374565,1.0,0.7575991691374565,1261,0.5185032894736842,1.0,1
"iteration_5","SCOPE_DATA_COLLECTION",600,16,1030.0,1090.0,2,3760,2470,812,3831,2422,778,3757,2465,807,8,8,5,0.0021248339973439574,0.003234937323089365,0.006157635467980296,0.32095137336923,0.7682626528591524,1.4308163389460613,0.64190274673846,0.7682626528591524,0.9538775592973742,0.2033537396859196,0.5261663286004057,0.6245353159851301,90.0,100.0,4232,721,2089,4,1,16,9.45179584120983E-4,0.0013869625520110957,0.007659167065581618,0.25,0.7000000000000001,0.6000000000000001,0.1,75.0,30.0,90.0,0.15000000000000002,0.8,0.6000000000000001,0.2,85.0,40.0,80.0,857,851,6,857,0.007001166861143524,1.389924908945712,1.5,0.926616605963808,508,0.5969447708578144,1.0,1
"iteration_5","SCOPE_DATA_COLLECTION",600,17,1090.0,1150.0,0,3824,2442,857,3760,2470,812,3809,2433,841,19,10,6,0.004963427377220481,0.004093327875562832,0.0070838252656434475,0.31816211699048136,0.7592865535067173,1.3823278483010368,0.6363242339809627,0.7592865535067173,0.9215518988673579,0.2100288789708585,0.522400328812166,0.5933412604042806,97.5,100.0,4166,424,2533,10,0,25,0.002400384061449832,0.0,0.00986971969996052,0.15000000000000002,0.8,0.6000000000000001,0.2,85.0,40.0,80.0,0.25,0.7000000000000001,0.6000000000000001,0.30000000000000004,95.0,40.0,80.0,3801,3798,3,3801,7.892659826361484E-4,0.3205333738862042,0.5,0.6410667477724084,795,0.2093206951026856,1.0,1
"iteration_5","SCOPE_DATA_COLLECTION",600,17,1090.0,1150.0,1,3824,2442,857,3760,2470,812,3809,2433,841,19,10,6,0.004963427377220481,0.004093327875562832,0.0070838252656434475,0.31816211699048136,0.7592865535067173,1.3823278483010368,0.6363242339809627,0.7592865535067173,0.9215518988673579,0.2100288789708585,0.522400328812166,0.5933412604042806,97.5,100.0,4166,424,2533,10,0,25,0.002400384061449832,0.0,0.00986971969996052,0.15000000000000002,0.8,0.6000000000000001,0.2,85.0,40.0,80.0,0.25,0.7000000000000001,0.6000000000000001,0.30000000000000004,95.0,40.0,80.0,2461,2457,4,2461,0.0016253555465258025,0.7687856543924452,1.0,0.7687856543924452,1271,0.5172975172975173,1.0,1
"iteration_5","SCOPE_DATA_COLLECTION",600,17,1090.0,1150.0,2,3824,2442,857,3760,2470,812,3809,2433,841,19,10,6,0.004963427377220481,0.004093327875562832,0.0070838252656434475,0.31816211699048136,0.7592865535067173,1.3823278483010368,0.6363242339809627,0.7592865535067173,0.9215518988673579,0.2100288789708585,0.522400328812166,0.5933412604042806,97.5,100.0,4166,424,2533,10,0,25,0.002400384061449832,0.0,0.00986971969996052,0.15000000000000002,0.8,0.6000000000000001,0.2,85.0,40.0,80.0,0.25,0.7000000000000001,0.6000000000000001,0.30000000000000004,95.0,40.0,80.0,805,801,4,805,0.004968944099378882,1.395042051199641,1.5,0.9300280341330941,475,0.5930087390761548,1.0,1
"iteration_5","SCOPE_DATA_COLLECTION",600,18,1150.0,1210.0,0,3801,2461,805,3824,2442,857,3790,2460,808,3,4,4,7.909306617453203E-4,0.0016233766233766235,0.0049261083743842365,0.3204865476028865,0.7655846813630864,1.3994368659924057,0.640973095205773,0.7655846813630864,0.9329579106616038,0.21002638522427441,0.5146341463414634,0.5965346534653465,90.0,100.0,4286,679,2102,11,0,0,0.0025664955669622027,0.0,0.0,0.25,0.7000000000000001,0.6000000000000001,0.30000000000000004,95.0,40.0,80.0,0.15000000000000002,0.6000000000000001,0.7000000000000001,0.30000000000000004,85.0,50.0,90.0,3844,3840,4,3844,0.001040582726326743,0.3157902166247404,0.5,0.6315804332494808,725,0.18880208333333334,1.0,1
"iteration_5","SCOPE_DATA_COLLECTION",600,18,1150.0,1210.0,1,3801,2461,805,3824,2442,857,3790,2460,808,3,4,4,7.909306617453203E-4,0.0016233766233766235,0.0049261083743842365,0.3204865476028865,0.7655846813630864,1.3994368659924057,0.640973095205773,0.7655846813630864,0.9329579106616038,0.21002638522427441,0.5146341463414634,0.5965346534653465,90.0,100.0,4286,679,2102,11,0,0,0.0025664955669622027,0.0,0.0,0.25,0.7000000000000001,0.6000000000000001,0.30000000000000004,95.0,40.0,80.0,0.15000000000000002,0.6000000000000001,0.7000000000000001,0.30000000000000004,85.0,50.0,90.0,2456,2450,6,2456,0.0024429967426710096,0.7837028726842517,1.0,0.7837028726842517,1302,0.5314285714285715,1.0,1
"iteration_5","SCOPE_DATA_COLLECTION",600,18,1150.0,1210.0,2,3801,2461,805,3824,2442,857,3790,2460,808,3,4,4,7.909306617453203E-4,0.0016233766233766235,0.0049261083743842365,0.3204865476028865,0.7655846813630864,1.3994368659924057,0.640973095205773,0.7655846813630864,0.9329579106616038,0.21002638522427441,0.5146341463414634,0.5965346534653465,90.0,100.0,4286,679,2102,11,0,0,0.0025664955669622027,0.0,0.0,0.25,0.7000000000000001,0.6000000000000001,0.30000000000000004,95.0,40.0,80.0,0.15000000000000002,0.6000000000000001,0.7000000000000001,0.30000000000000004,85.0,50.0,90.0,818,813,5,818,0.006112469437652812,1.367563072369395,1.5,0.91170871491293,474,0.5830258302583026,1.0,1
"iteration_5","SCOPE_DATA_COLLECTION",600,19,1210.0,1270.0,0,3844,2456,818,3801,2461,805,3841,2445,817,4,6,5,0.0010403120936280884,0.0024479804161566705,0.006082725060827251,0.3154113744603916,0.7851517273764685,1.3722873898432524,0.6308227489207832,0.7851517273764685,0.9148582598955016,0.18849258005727676,0.530879345603272,0.5850673194614443,90.0,100.0,4272,407,2439,14,1,0,0.0032771535580524347,0.002457002457002457,0.0,0.15000000000000002,0.6000000000000001,0.7000000000000001,0.30000000000000004,85.0,50.0,90.0,0.05,0.5,0.6000000000000001,0.30000000000000004,75.0,40.0,95.0,3811,3802,9,3811,0.0023615848858567303,0.3333228893637747,0.5,0.6666457787275494,858,0.22567069963177275,1.0,1
"iteration_5","SCOPE_DATA_COLLECTION",600,19,1210.0,1270.0,1,3844,2456,818,3801,2461,805,3841,2445,817,4,6,5,0.0010403120936280884,0.0024479804161566705,0.006082725060827251,0.3154113744603916,0.7851517273764685,1.3722873898432524,0.6308227489207832,0.7851517273764685,0.9148582598955016,0.18849258005727676,0.530879345603272,0.5850673194614443,90.0,100.0,4272,407,2439,14,1,0,0.0032771535580524347,0.002457002457002457,0.0,0.15000000000000002,0.6000000000000001,0.7000000000000001,0.30000000000000004,85.0,50.0,90.0,0.05,0.5,0.6000000000000001,0.30000000000000004,75.0,40.0,95.0,2528,2523,5,2528,0.001977848101265823,0.7938551427607139,1.0,0.7938551427607139,1334,0.5287356321839081,1.0,1
"iteration_5","SCOPE_DATA_COLLECTION",600,19,1210.0,1270.0,2,3844,2456,818,3801,2461,805,3841,2445,817,4,6,5,0.0010403120936280884,0.0024479804161566705,0.006082725060827251,0.3154113744603916,0.7851517273764685,1.3722873898432524,0.6308227489207832,0.7851517273764685,0.9148582598955016,0.18849258005727676,0.530879345603272,0.5850673194614443,90.0,100.0,4272,407,2439,14,1,0,0.0032771535580524347,0.002457002457002457,0.0,0.15000000000000002,0.6000000000000001,0.7000000000000001,0.30000000000000004,85.0,50.0,90.0,0.05,0.5,0.6000000000000001,0.30000000000000004,75.0,40.0,95.0,813,806,7,813,0.008610086100861008,1.3750355317099674,1.5,0.9166903544733116,467,0.5794044665012407,1.0,1
"iteration_5","SCOPE_DATA_COLLECTION",600,20,1270.0,1330.0,0,3811,2528,813,3844,2456,818,3812,2521,803,9,4,7,0.0023554043444124575,0.0015841584158415843,0.008641975308641974,0.334155714701766,0.7947828246649701,1.3677579434280072,0.668311429403532,0.7947828246649701,0.9118386289520047,0.22691500524658972,0.5303451011503372,0.5753424657534246,97.5,100.0,4285,166,2701,7,0,13,0.001633605600933489,0.0,0.004813032210292484,0.05,0.5,0.6000000000000001,0.30000000000000004,75.0,40.0,95.0,0.05,0.5,0.6000000000000001,0.30000000000000004,75.0,40.0,95.0,3808,3807,1,3808,2.626050420168067E-4,0.320952509524374,0.5,0.641905019048748,753,0.19779353821907014,1.0,1
"iteration_5","SCOPE_DATA_COLLECTION",600,20,1270.0,1330.0,1,3811,2528,813,3844,2456,818,3812,2521,803,9,4,7,0.0023554043444124575,0.0015841584158415843,0.008641975308641974,0.334155714701766,0.7947828246649701,1.3677579434280072,0.668311429403532,0.7947828246649701,0.9118386289520047,0.22691500524658972,0.5303451011503372,0.5753424657534246,97.5,100.0,4285,166,2701,7,0,13,0.001633605600933489,0.0,0.004813032210292484,0.05,0.5,0.6000000000000001,0.30000000000000004,75.0,40.0,95.0,0.05,0.5,0.6000000000000001,0.30000000000000004,75.0,40.0,95.0,2377,2377,0,2377,0.0,0.7698679570183183,1.0,0.7698679570183183,1253,0.5271350441733277,1.0,1
"iteration_5","SCOPE_DATA_COLLECTION",600,20,1270.0,1330.0,2,3811,2528,813,3844,2456,818,3812,2521,803,9,4,7,0.0023554043444124575,0.0015841584158415843,0.008641975308641974,0.334155714701766,0.7947828246649701,1.3677579434280072,0.668311429403532,0.7947828246649701,0.9118386289520047,0.22691500524658972,0.5303451011503372,0.5753424657534246,97.5,100.0,4285,166,2701,7,0,13,0.001633605600933489,0.0,0.004813032210292484,0.05,0.5,0.6000000000000001,0.30000000000000004,75.0,40.0,95.0,0.05,0.5,0.6000000000000001,0.30000000000000004,75.0,40.0,95.0,837,831,6,837,0.007168458781362007,1.423238958187287,1.5,0.9488259721248581,507,0.6101083032490975,1.0,1
"iteration_5","SCOPE_DATA_COLLECTION",600,21,1330.0,1390.0,0,3808,2377,837,3811,2528,813,3807,2377,829,1,1,6,2.626050420168067E-4,4.2052144659377626E-4,0.00718562874251497,0.32169493414344486,0.7695183616831252,1.423272803545562,0.6433898682868897,0.7695183616831252,0.9488485356970413,0.19858156028368795,0.5258729490954985,0.6103739445114595,100.0,100.0,4233,124,2665,8,0,0,0.0018899125915426411,0.0,0.0,0.05,0.5,0.6000000000000001,0.30000000000000004,75.0,40.0,95.0,0.05,0.4,0.5,0.30000000000000004,75.0,50.0,95.0,3710,3697,13,3710,0.003504043126684636,0.3255032479762132,0.5,0.6510064959524264,754,0.2039491479578036,1.0,1
"iteration_5","SCOPE_DATA_COLLECTION",600,21,1330.0,1390.0,1,3808,2377,837,3811,2528,813,3807,2377,829,1,1,6,2.626050420168067E-4,4.2052144659377626E-4,0.00718562874251497,0.32169493414344486,0.7695183616831252,1.423272803545562,0.6433898682868897,0.7695183616831252,0.9488485356970413,0.19858156028368795,0.5258729490954985,0.6103739445114595,100.0,100.0,4233,124,2665,8,0,0,0.0018899125915426411,0.0,0.0,0.05,0.5,0.6000000000000001,0.30000000000000004,75.0,40.0,95.0,0.05,0.4,0.5,0.30000000000000004,75.0,50.0,95.0,2476,2468,8,2476,0.0032310177705977385,0.763711309618003,1.0,0.763711309618003,1260,0.5105348460291734,1.0,1
"iteration_5","SCOPE_DATA_COLLECTION",600,21,1330.0,1390.0,2,3808,2377,837,3811,2528,813,3807,2377,829,1,1,6,2.626050420168067E-4,4.2052144659377626E-4,0.00718562874251497,0.32169493414344486,0.7695183616831252,1.423272803545562,0.6433898682868897,0.7695183616831252,0.9488485356970413,0.19858156028368795,0.5258729490954985,0.6103739445114595,100.0,100.0,4233,124,2665,8,0,0,0.0018899125915426411,0.0,0.0,0.05,0.5,0.6000000000000001,0.30000000000000004,75.0,40.0,95.0,0.05,0.4,0.5,0.30000000000000004,75.0,50.0,95.0,835,829,6,835,0.00718562874251497,1.4231162511360849,1.5,0.9487441674240565,500,0.6031363088057901,1.0,1
"iteration_5","SCOPE_DATA_COLLECTION",600,22,1390.0,1450.0,0,3710,2476,835,3808,2377,837,3689,2474,833,13,8,6,0.0035116153430578066,0.0032232070910556,0.007151370679380214,0.3250202629948847,0.7638070374438838,1.4290832154258135,0.6500405259897694,0.7638070374438838,0.952722143617209,0.20412035782054758,0.5109135004042037,0.6062424969987995,100.0,100.0,4190,148,2683,9,0,18,0.0021479713603818618,0.0,0.006708907938874394,0.05,0.4,0.5,0.30000000000000004,75.0,50.0,95.0,0.25,0.8,0.9,0.5,20.0,85.0,70.0,3879,3874,5,3879,0.001288992008249549,0.3174490639373281,0.5,0.6348981278746562,775,0.20005162622612288,1.0,1
"iteration_5","SCOPE_DATA_COLLECTION",600,22,1390.0,1450.0,1,3710,2476,835,3808,2377,837,3689,2474,833,13,8,6,0.0035116153430578066,0.0032232070910556,0.007151370679380214,0.3250202629948847,0.7638070374438838,1.4290832154258135,0.6500405259897694,0.7638070374438838,0.952722143617209,0.20412035782054758,0.5109135004042037,0.6062424969987995,100.0,100.0,4190,148,2683,9,0,18,0.0021479713603818618,0.0,0.006708907938874394,0.05,0.4,0.5,0.30000000000000004,75.0,50.0,95.0,0.25,0.8,0.9,0.5,20.0,85.0,70.0,2437,2436,1,2437,4.103405826836274E-4,0.7919876464238127,1.0,0.7919876464238127,1309,0.5373563218390804,1.0,1
"iteration_5","SCOPE_DATA_COLLECTION",600,22,1390.0,1450.0,2,3710,2476,835,3808,2377,837,3689,2474,833,13,8,6,0.0035116153430578066,0.0032232070910556,0.007151370679380214,0.3250202629948847,0.7638070374438838,1.4290832154258135,0.6500405259897694,0.7638070374438838,0.952722143617209,0.20412035782054758,0.5109135004042037,0.6062424969987995,100.0,100.0,4190,148,2683,9,0,18,0.0021479713603818618,0.0,0.006708907938874394,0.05,0.4,0.5,0.30000000000000004,75.0,50.0,95.0,0.25,0.8,0.9,0.5,20.0,85.0,70.0,780,769,11,780,0.014102564102564103,1.4419096491764882,1.5,0.9612730994509922,476,0.6189856957087126,1.0,1
"iteration_5","SCOPE_DATA_COLLECTION",600,23,1450.0,1510.0,0,3879,2437,780,3710,2476,835,3884,2427,773,5,1,11,0.0012856775520699408,4.1186161449752884E-4,0.01403061224489796,0.3171871983161334,0.7882034110077354,1.4426454031330291,0.6343743966322668,0.7882034110077354,0.961763602088686,0.19876416065911431,0.5344046147507211,0.6196636481241915,95.0,100.0,4318,671,2107,17,0,0,0.003937007874015748,0.0,0.0,0.25,0.8,0.9,0.5,20.0,85.0,70.0,0.25,0.8,0.9,0.5,20.0,85.0,70.0,3826,3825,1,3826,2.6136957658128593E-4,0.3325577625010285,0.5,0.665115525002057,916,0.23947712418300654,1.0,1
"iteration_5","SCOPE_DATA_COLLECTION",600,23,1450.0,1510.0,1,3879,2437,780,3710,2476,835,3884,2427,773,5,1,11,0.0012856775520699408,4.1186161449752884E-4,0.01403061224489796,0.3171871983161334,0.7882034110077354,1.4426454031330291,0.6343743966322668,0.7882034110077354,0.961763602088686,0.19876416065911431,0.5344046147507211,0.6196636481241915,95.0,100.0,4318,671,2107,17,0,0,0.003937007874015748,0.0,0.0,0.25,0.8,0.9,0.5,20.0,85.0,70.0,0.25,0.8,0.9,0.5,20.0,85.0,70.0,2469,2463,6,2469,0.002430133657351154,0.7904103678043297,1.0,0.7904103678043297,1334,0.5416159155501421,1.0,1
"iteration_5","SCOPE_DATA_COLLECTION",600,23,1450.0,1510.0,2,3879,2437,780,3710,2476,835,3884,2427,773,5,1,11,0.0012856775520699408,4.1186161449752884E-4,0.01403061224489796,0.3171871983161334,0.7882034110077354,1.4426454031330291,0.6343743966322668,0.7882034110077354,0.961763602088686,0.19876416065911431,0.5344046147507211,0.6196636481241915,95.0,100.0,4318,671,2107,17,0,0,0.003937007874015748,0.0,0.0,0.25,0.8,0.9,0.5,20.0,85.0,70.0,0.25,0.8,0.9,0.5,20.0,85.0,70.0,769,769,0,769,0.0,1.476373299493544,1.5,0.9842488663290293,486,0.6319895968790638,1.0,1
"iteration_5","SCOPE_DATA_COLLECTION",600,24,1510.0,1570.0,0,3826,2469,769,3879,2437,780,3828,2463,767,1,6,0,2.6116479498563595E-4,0.002430133657351154,0.0,0.3326461094270172,0.7906341877669314,1.4746046923524807,0.6652922188540344,0.7906341877669314,0.9830697949016538,0.23981191222570533,0.5420219244823387,0.6310299869621904,95.0,100.0,4359,658,2047,7,0,0,0.001605872906629961,0.0,0.0,0.25,0.8,0.9,0.5,20.0,85.0,70.0,0.25,0.8,0.9,0.5,20.0,85.0,70.0,3886,3883,3,3886,7.720020586721565E-4,0.3191538894705654,0.5,0.6383077789411308,780,0.20087561164048418,1.0,1
"iteration_5","SCOPE_DATA_COLLECTION",600,24,1510.0,1570.0,1,3826,2469,769,3879,2437,780,3828,2463,767,1,6,0,2.6116479498563595E-4,0.002430133657351154,0.0,0.3326461094270172,0.7906341877669314,1.4746046923524807,0.6652922188540344,0.7906341877669314,0.9830697949016538,0.23981191222570533,0.5420219244823387,0.6310299869621904,95.0,100.0,4359,658,2047,7,0,0,0.001605872906629961,0.0,0.0,0.25,0.8,0.9,0.5,20.0,85.0,70.0,0.25,0.8,0.9,0.5,20.0,85.0,70.0,2482,2481,1,2482,4.0290088638195E-4,0.7765295248335007,1.0,0.7765295248335007,1293,0.5211608222490931,1.0,1
"iteration_5","SCOPE_DATA_COLLECTION",600,24,1510.0,1570.0,2,3826,2469,769,3879,2437,780,3828,2463,767,1,6,0,2.6116479498563595E-4,0.002430133657351154,0.0,0.3326461094270172,0.7906341877669314,1.4746046923524807,0.6652922188540344,0.7906341877669314,0.9830697949016538,0.23981191222570533,0.5420219244823387,0.6310299869621904,95.0,100.0,4359,658,2047,7,0,0,0.001605872906629961,0.0,0.0,0.25,0.8,0.9,0.5,20.0,85.0,70.0,0.25,0.8,0.9,0.5,20.0,85.0,70.0,824,819,5,824,0.006067961165048544,1.4013328613196172,1.5,0.9342219075464114,487,0.5946275946275946,1.0,1
"iteration_5","SCOPE_DATA_COLLECTION",600,25,1570.0,1630.0,0,3886,2482,824,3826,2469,769,3877,2472,816,3,1,5,7.731958762886598E-4,4.043671653861706E-4,0.0060901339829476245,0.31876890538870395,0.7801406992763689,1.4012145560616798,0.6375378107774079,0.7801406992763689,0.9341430373744531,0.19989682744389992,0.5246763754045307,0.5943627450980392,95.0,100.0,4301,731,2160,9,0,0,0.0020925366193908393,0.0,0.0,0.25,0.8,0.9,0.5,20.0,85.0,70.0,0.15000000000000002,0.7000000000000001,0.9,0.5,20.0,95.0,60.0,3878,3875,3,3878,7.735946364105209E-4,0.32912017295301893,0.5,0.6582403459060379,900,0.23225806451612904,1.0,1
"iteration_5","SCOPE_DATA_COLLECTION",600,25,1570.0,1630.0,1,3886,2482,824,3826,2469,769,3877,2472,816,3,1,5,7.731958762886598E-4,4.043671653861706E-4,0.0060901339829476245,0.31876890538870395,0.7801406992763689,1.4012145560616798,0.6375378107774079,0.7801406992763689,0.9341430373744531,0.19989682744389992,0.5246763754045307,0.5943627450980392,95.0,100.0,4301,731,2160,9,0,0,0.0020925366193908393,0.0,0.0,0.25,0.8,0.9,0.5,20.0,85.0,70.0,0.15000000000000002,0.7000000000000001,0.9,0.5,20.0,95.0,60.0,2467,2462,5,2467,0.002026753141467369,0.7895847923629934,1.0,0.7895847923629934,1299,0.5276198212835094,1.0,1
"iteration_5","SCOPE_DATA_COLLECTION",600,25,1570.0,1630.0,2,3886,2482,824,3826,2469,769,3877,2472,816,3,1,5,7.731958762886598E-4,4.043671653861706E-4,0.0060901339829476245,0.31876890538870395,0.7801406992763689,1.4012145560616798,0.6375378107774079,0.7801406992763689,0.9341430373744531,0.19989682744389992,0.5246763754045307,0.5943627450980392,95.0,100.0,4301,731,2160,9,0,0,0.0020925366193908393,0.0,0.0,0.25,0.8,0.9,0.5,20.0,85.0,70.0,0.15000000000000002,0.7000000000000001,0.9,0.5,20.0,95.0,60.0,800,794,6,800,0.0075,1.462536187381339,1.5,0.9750241249208926,495,0.6234256926952141,1.0,1
"iteration_5","SCOPE_DATA_COLLECTION",600,26,1630.0,1690.0,0,3878,2467,800,3886,2482,824,3867,2479,795,3,5,6,7.751937984496124E-4,0.002012882447665056,0.00749063670411985,0.3289476567513776,0.7882991332125057,1.459034894474122,0.6578953135027552,0.7882991332125057,0.9726899296494147,0.23247995862425652,0.5256151674062122,0.6213836477987421,97.5,100.0,4293,413,2439,14,0,0,0.003261122757978104,0.0,0.0,0.15000000000000002,0.7000000000000001,0.9,0.5,20.0,95.0,60.0,0.05,0.6000000000000001,0.8,0.4,20.0,85.0,50.0,3849,3838,11,3849,0.0028578851649779164,0.3369202134097427,0.5,0.6738404268194854,894,0.23293381969775925,1.0,1
"iteration_5","SCOPE_DATA_COLLECTION",600,26,1630.0,1690.0,1,3878,2467,800,3886,2482,824,3867,2479,795,3,5,6,7.751937984496124E-4,0.002012882447665056,0.00749063670411985,0.3289476567513776,0.7882991332125057,1.459034894474122,0.6578953135027552,0.7882991332125057,0.9726899296494147,0.23247995862425652,0.5256151674062122,0.6213836477987421,97.5,100.0,4293,413,2439,14,0,0,0.003261122757978104,0.0,0.0,0.15000000000000002,0.7000000000000001,0.9,0.5,20.0,95.0,60.0,0.05,0.6000000000000001,0.8,0.4,20.0,85.0,50.0,2557,2548,9,2557,0.0035197497066875244,0.7879506512960704,1.0,0.7879506512960704,1359,0.533359497645212,1.0,1
"iteration_5","SCOPE_DATA_COLLECTION",600,26,1630.0,1690.0,2,3878,2467,800,3886,2482,824,3867,2479,795,3,5,6,7.751937984496124E-4,0.002012882447665056,0.00749063670411985,0.3289476567513776,0.7882991332125057,1.459034894474122,0.6578953135027552,0.7882991332125057,0.9726899296494147,0.23247995862425652,0.5256151674062122,0.6213836477987421,97.5,100.0,4293,413,2439,14,0,0,0.003261122757978104,0.0,0.0,0.15000000000000002,0.7000000000000001,0.9,0.5,20.0,95.0,60.0,0.05,0.6000000000000001,0.8,0.4,20.0,85.0,50.0,781,773,8,781,0.010243277848911651,1.4213074699642128,1.5,0.9475383133094751,466,0.6028460543337646,1.0,1
"iteration_5","SCOPE_DATA_COLLECTION",600,27,1690.0,1750.0,0,3849,2557,781,3878,2467,800,3846,2541,774,11,9,8,0.002851957479906663,0.0035294117647058825,0.010230179028132993,0.33788554116239866,0.7884662604978578,1.4259591129280167,0.6757710823247973,0.7884662604978578,0.9506394086186778,0.23452938117524702,0.5344352617079889,0.6046511627906976,100.0,100.0,4315,128,2744,12,0,16,0.0027809965237543454,0.0,0.0058309037900874635,0.05,0.6000000000000001,0.8,0.4,20.0,85.0,50.0,0.05,0.2,0.8,0.6000000000000001,70.0,85.0,50.0,3796,3788,8,3796,0.002107481559536354,0.31377384785800716,0.5,0.6275476957160143,658,0.1737064413938754,1.0,1
"iteration_5","SCOPE_DATA_COLLECTION",600,27,1690.0,1750.0,1,3849,2557,781,3878,2467,800,3846,2541,774,11,9,8,0.002851957479906663,0.0035294117647058825,0.010230179028132993,0.33788554116239866,0.7884662604978578,1.4259591129280167,0.6757710823247973,0.7884662604978578,0.9506394086186778,0.23452938117524702,0.5344352617079889,0.6046511627906976,100.0,100.0,4315,128,2744,12,0,16,0.0027809965237543454,0.0,0.0058309037900874635,0.05,0.6000000000000001,0.8,0.4,20.0,85.0,50.0,0.05,0.2,0.8,0.6000000000000001,70.0,85.0,50.0,2499,2492,7,2499,0.0028011204481792717,0.7802728925901855,1.0,0.7802728925901855,1294,0.5192616372391653,1.0,1
"iteration_5","SCOPE_DATA_COLLECTION",600,27,1690.0,1750.0,2,3849,2557,781,3878,2467,800,3846,2541,774,11,9,8,0.002851957479906663,0.0035294117647058825,0.010230179028132993,0.33788554116239866,0.7884662604978578,1.4259591129280167,0.6757710823247973,0.7884662604978578,0.9506394086186778,0.23452938117524702,0.5344352617079889,0.6046511627906976,100.0,100.0,4315,128,2744,12,0,16,0.0027809965237543454,0.0,0.0058309037900874635,0.05,0.6000000000000001,0.8,0.4,20.0,85.0,50.0,0.05,0.2,0.8,0.6000000000000001,70.0,85.0,50.0,820,815,5,820,0.006097560975609756,1.4238248705330983,1.5,0.9492165803553988,499,0.6122699386503068,1.0,1
"iteration_5","SCOPE_DATA_COLLECTION",600,28,1750.0,1810.0,0,3796,2499,820,3849,2557,781,3788,2492,809,8,7,5,0.002107481559536354,0.0028011204481792717,0.006142506142506142,0.3127478183908662,0.7815072321547413,1.419280056993444,0.6254956367817324,0.7815072321547413,0.946186704662296,0.17159450897571277,0.5204654895666132,0.6106304079110012,100.0,100.0,4352,146,2617,7,0,13,0.001608455882352941,0.0,0.004967520061138708,0.05,0.2,0.8,0.6000000000000001,70.0,85.0,50.0,0.05,0.30000000000000004,0.7000000000000001,0.5,60.0,95.0,40.0,3824,3821,3,3824,7.845188284518828E-4,0.33540392862155205,0.5,0.6708078572431041,829,0.21695891127976968,1.0,1
"iteration_5","SCOPE_DATA_COLLECTION",600,28,1750.0,1810.0,1,3796,2499,820,3849,2557,781,3788,2492,809,8,7,5,0.002107481559536354,0.0028011204481792717,0.006142506142506142,0.3127478183908662,0.7815072321547413,1.419280056993444,0.6254956367817324,0.7815072321547413,0.946186704662296,0.17159450897571277,0.5204654895666132,0.6106304079110012,100.0,100.0,4352,146,2617,7,0,13,0.001608455882352941,0.0,0.004967520061138708,0.05,0.2,0.8,0.6000000000000001,70.0,85.0,50.0,0.05,0.30000000000000004,0.7000000000000001,0.5,60.0,95.0,40.0,2551,2546,5,2551,0.001960015680125441,0.8118019766275575,1.0,0.8118019766275575,1386,0.5443833464257659,1.0,1
"iteration_5","SCOPE_DATA_COLLECTION",600,28,1750.0,1810.0,2,3796,2499,820,3849,2557,781,3788,2492,809,8,7,5,0.002107481559536354,0.0028011204481792717,0.006142506142506142,0.3127478183908662,0.7815072321547413,1.419280056993444,0.6254956367817324,0.7815072321547413,0.946186704662296,0.17159450897571277,0.5204654895666132,0.6106304079110012,100.0,100.0,4352,146,2617,7,0,13,0.001608455882352941,0.0,0.004967520061138708,0.05,0.2,0.8,0.6000000000000001,70.0,85.0,50.0,0.05,0.30000000000000004,0.7000000000000001,0.5,60.0,95.0,40.0,790,786,4,790,0.005063291139240506,1.4355453681097132,1.5,0.9570302454064755,479,0.6094147582697201,1.0,1
"iteration_5","SCOPE_DATA_COLLECTION",600,29,1810.0,1870.0,0,3824,2551,790,3796,2499,820,3805,2533,785,3,5,4,7.878151260504202E-4,0.001970055161544523,0.005069708491761723,0.3347738859380141,0.8073678508555585,1.4387250602603976,0.6695477718760282,0.8073678508555585,0.9591500401735984,0.2152431011826544,0.5400710619818397,0.6127388535031847,100.0,100.0,4421,120,2624,11,1,0,0.0024881248586292692,0.008333333333333333,0.0,0.05,0.30000000000000004,0.7000000000000001,0.5,60.0,95.0,40.0,0.05,0.30000000000000004,0.6000000000000001,0.6000000000000001,50.0,95.0,30.0,3770,3767,3,3770,7.957559681697613E-4,0.32189886899394365,0.5,0.6437977379878873,732,0.1943190868064773,1.0,1
"iteration_5","SCOPE_DATA_COLLECTION",600,29,1810.0,1870.0,1,3824,2551,790,3796,2499,820,3805,2533,785,3,5,4,7.878151260504202E-4,0.001970055161544523,0.005069708491761723,0.3347738859380141,0.8073678508555585,1.4387250602603976,0.6695477718760282,0.8073678508555585,0.9591500401735984,0.2152431011826544,0.5400710619818397,0.6127388535031847,100.0,100.0,4421,120,2624,11,1,0,0.0024881248586292692,0.008333333333333333,0.0,0.05,0.30000000000000004,0.7000000000000001,0.5,60.0,95.0,40.0,0.05,0.30000000000000004,0.6000000000000001,0.6000000000000001,50.0,95.0,30.0,2470,2463,7,2470,0.002834008097165992,0.7600452547989692,1.0,0.7600452547989692,1281,0.5200974421437271,1.0,1
"iteration_5","SCOPE_DATA_COLLECTION",600,29,1810.0,1870.0,2,3824,2551,790,3796,2499,820,3805,2533,785,3,5,4,7.878151260504202E-4,0.001970055161544523,0.005069708491761723,0.3347738859380141,0.8073678508555585,1.4387250602603976,0.6695477718760282,0.8073678508555585,0.9591500401735984,0.2152431011826544,0.5400710619818397,0.6127388535031847,100.0,100.0,4421,120,2624,11,1,0,0.0024881248586292692,0.008333333333333333,0.0,0.05,0.30000000000000004,0.7000000000000001,0.5,60.0,95.0,40.0,0.05,0.30000000000000004,0.6000000000000001,0.6000000000000001,50.0,95.0,30.0,800,793,7,800,0.00875,1.4516846806242258,1.5,0.9677897870828173,495,0.6242118537200504,1.0,1
"iteration_5","SCOPE_DATA_COLLECTION",600,30,1870.0,1930.0,0,3770,2470,800,3824,2551,790,3772,2480,804,3,7,7,7.947019867549669E-4,0.0028146361077603537,0.008631319358816275,0.32255761313684644,0.7631105164909024,1.4532195741213443,0.6451152262736929,0.7631105164909024,0.9688130494142295,0.1964475079533404,0.521774193548387,0.6231343283582089,95.0,100.0,4303,124,2613,17,0,0,0.0039507320474087846,0.0,0.0,0.05,0.30000000000000004,0.6000000000000001,0.6000000000000001,50.0,95.0,30.0,0.05,0.30000000000000004,0.6000000000000001,0.7000000000000001,50.0,95.0,30.0,3778,3773,5,3778,0.0013234515616728428,0.31602410734740005,0.5,0.6320482146948001,677,0.1794328120858733,1.0,1
"iteration_5","SCOPE_DATA_COLLECTION",600,30,1870.0,1930.0,1,3770,2470,800,3824,2551,790,3772,2480,804,3,7,7,7.947019867549669E-4,0.0028146361077603537,0.008631319358816275,0.32255761313684644,0.7631105164909024,1.4532195741213443,0.6451152262736929,0.7631105164909024,0.9688130494142295,0.1964475079533404,0.521774193548387,0.6231343283582089,95.0,100.0,4303,124,2613,17,0,0,0.0039507320474087846,0.0,0.0,0.05,0.30000000000000004,0.6000000000000001,0.6000000000000001,50.0,95.0,30.0,0.05,0.30000000000000004,0.6000000000000001,0.7000000000000001,50.0,95.0,30.0,2435,2429,6,2435,0.0024640657084188913,0.7743797188325188,1.0,0.7743797188325188,1281,0.5273775216138329,1.0,1
"iteration_5","SCOPE_DATA_COLLECTION",600,30,1870.0,1930.0,2,3770,2470,800,3824,2551,790,3772,2480,804,3,7,7,7.947019867549669E-4,0.0028146361077603537,0.008631319358816275,0.32255761313684644,0.7631105164909024,1.4532195741213443,0.6451152262736929,0.7631105164909024,0.9688130494142295,0.1964475079533404,0.521774193548387,0.6231343283582089,95.0,100.0,4303,124,2613,17,0,0,0.0039507320474087846,0.0,0.0,0.05,0.30000000000000004,0.6000000000000001,0.6000000000000001,50.0,95.0,30.0,0.05,0.30000000000000004,0.6000000000000001,0.7000000000000001,50.0,95.0,30.0,845,842,3,845,0.0035502958579881655,1.4088098040580477,1.5,0.9392065360386984,500,0.5938242280285035,1.0,1
"iteration_5","SCOPE_DATA_COLLECTION",600,31,1930.0,1990.0,0,3778,2435,845,3770,2470,800,3778,2433,829,5,6,3,0.0013217023526301878,0.0024600246002460025,0.003605769230769231,0.3161793051333201,0.7763181264917425,1.40946559943487,0.6323586102666402,0.7763181264917425,0.93964373295658,0.17998941238750663,0.5293875873407317,0.594692400482509,100.0,100.0,4285,140,2633,13,1,0,0.0030338389731621937,0.007142857142857143,0.0,0.05,0.30000000000000004,0.6000000000000001,0.7000000000000001,50.0,95.0,30.0,0.05,0.4,0.7000000000000001,0.7000000000000001,50.0,95.0,30.0,3729,3718,11,3729,0.0029498525073746312,0.3333266055781033,0.5,0.6666532111562066,818,0.22001075847229692,1.0,1
"iteration_5","SCOPE_DATA_COLLECTION",600,31,1930.0,1990.0,1,3778,2435,845,3770,2470,800,3778,2433,829,5,6,3,0.0013217023526301878,0.0024600246002460025,0.003605769230769231,0.3161793051333201,0.7763181264917425,1.40946559943487,0.6323586102666402,0.7763181264917425,0.93964373295658,0.17998941238750663,0.5293875873407317,0.594692400482509,100.0,100.0,4285,140,2633,13,1,0,0.0030338389731621937,0.007142857142857143,0.0,0.05,0.30000000000000004,0.6000000000000001,0.7000000000000001,50.0,95.0,30.0,0.05,0.4,0.7000000000000001,0.7000000000000001,50.0,95.0,30.0,2522,2512,10,2522,0.003965107057890563,0.8189379589528005,1.0,0.8189379589528005,1384,0.5509554140127388,1.0,1
"iteration_5","SCOPE_DATA_COLLECTION",600,31,1930.0,1990.0,2,3778,2435,845,3770,2470,800,3778,2433,829,5,6,3,0.0013217023526301878,0.0024600246002460025,0.003605769230769231,0.3161793051333201,0.7763181264917425,1.40946559943487,0.6323586102666402,0.7763181264917425,0.93964373295658,0.17998941238750663,0.5293875873407317,0.594692400482509,100.0,100.0,4285,140,2633,13,1,0,0.0030338389731621937,0.007142857142857143,0.0,0.05,0.30000000000000004,0.6000000000000001,0.7000000000000001,50.0,95.0,30.0,0.05,0.4,0.7000000000000001,0.7000000000000001,50.0,95.0,30.0,838,823,15,838,0.017899761336515514,1.3574118448561665,1.5,0.904941229904111,466,0.5662211421628189,1.0,1
"iteration_5","SCOPE_DATA_COLLECTION",600,32,1990.0,2050.0,0,3729,2522,838,3778,2435,845,3724,2505,828,11,10,15,0.0029451137884872825,0.003976143141153081,0.017793594306049824,0.3335359676524462,0.8155997516985811,1.353153954224718,0.6670719353048924,0.8155997516985811,0.902102636149812,0.2199248120300752,0.5481037924151697,0.5640096618357487,95.0,100.0,4414,144,2531,21,0,15,0.00475758948799275,0.0,0.005926511260371394,0.05,0.4,0.7000000000000001,0.7000000000000001,50.0,95.0,30.0,0.05,0.4,0.7000000000000001,0.7000000000000001,40.0,95.0,20.0,3877,3874,3,3877,7.737941707505803E-4,0.32315372772976375,0.5,0.6463074554595275,755,0.19488900361383582,1.0,1
"iteration_5","SCOPE_DATA_COLLECTION",600,32,1990.0,2050.0,1,3729,2522,838,3778,2435,845,3724,2505,828,11,10,15,0.0029451137884872825,0.003976143141153081,0.017793594306049824,0.3335359676524462,0.8155997516985811,1.353153954224718,0.6670719353048924,0.8155997516985811,0.902102636149812,0.2199248120300752,0.5481037924151697,0.5640096618357487,95.0,100.0,4414,144,2531,21,0,15,0.00475758948799275,0.0,0.005926511260371394,0.05,0.4,0.7000000000000001,0.7000000000000001,50.0,95.0,30.0,0.05,0.4,0.7000000000000001,0.7000000000000001,40.0,95.0,20.0,2463,2460,3,2463,0.001218026796589525,0.7980259817885206,1.0,0.7980259817885206,1319,0.5361788617886178,1.0,1
"iteration_5","SCOPE_DATA_COLLECTION",600,32,1990.0,2050.0,2,3729,2522,838,3778,2435,845,3724,2505,828,11,10,15,0.0029451137884872825,0.003976143141153081,0.017793594306049824,0.3335359676524462,0.8155997516985811,1.353153954224718,0.6670719353048924,0.8155997516985811,0.902102636149812,0.2199248120300752,0.5481037924151697,0.5640096618357487,95.0,100.0,4414,144,2531,21,0,15,0.00475758948799275,0.0,0.005926511260371394,0.05,0.4,0.7000000000000001,0.7000000000000001,50.0,95.0,30.0,0.05,0.4,0.7000000000000001,0.7000000000000001,40.0,95.0,20.0,785,780,5,785,0.006369426751592357,1.44236321567968,1.5,0.9615754771197866,476,0.6102564102564103,1.0,1
"iteration_5","SCOPE_DATA_COLLECTION",600,33,2050.0,2110.0,0,3877,2463,785,3729,2522,838,3855,2452,783,3,3,5,7.776049766718507E-4,0.0012219959266802445,0.006345177664974619,0.3225472774749264,0.797327314533471,1.4403256246269662,0.6450945549498528,0.797327314533471,0.9602170830846442,0.19351491569390403,0.5387438825448614,0.6091954022988506,100.0,100.0,4376,138,2611,11,0,0,0.002513711151736746,0.0,0.0,0.05,0.4,0.7000000000000001,0.7000000000000001,40.0,95.0,20.0,0.15000000000000002,0.4,0.7000000000000001,0.6000000000000001,50.0,95.0,20.0,3878,3877,1,3878,2.5786487880350697E-4,0.3128876785113492,0.5,0.6257753570226984,698,0.18003611039463502,1.0,1
"iteration_5","SCOPE_DATA_COLLECTION",600,33,2050.0,2110.0,1,3877,2463,785,3729,2522,838,3855,2452,783,3,3,5,7.776049766718507E-4,0.0012219959266802445,0.006345177664974619,0.3225472774749264,0.797327314533471,1.4403256246269662,0.6450945549498528,0.797327314533471,0.9602170830846442,0.19351491569390403,0.5387438825448614,0.6091954022988506,100.0,100.0,4376,138,2611,11,0,0,0.002513711151736746,0.0,0.0,0.05,0.4,0.7000000000000001,0.7000000000000001,40.0,95.0,20.0,0.15000000000000002,0.4,0.7000000000000001,0.6000000000000001,50.0,95.0,20.0,2371,2366,5,2371,0.002108814846056516,0.7930482815891182,1.0,0.7930482815891182,1278,0.5401521555367709,1.0,1
"iteration_5","SCOPE_DATA_COLLECTION",600,33,2050.0,2110.0,2,3877,2463,785,3729,2522,838,3855,2452,783,3,3,5,7.776049766718507E-4,0.0012219959266802445,0.006345177664974619,0.3225472774749264,0.797327314533471,1.4403256246269662,0.6450945549498528,0.797327314533471,0.9602170830846442,0.19351491569390403,0.5387438825448614,0.6091954022988506,100.0,100.0,4376,138,2611,11,0,0,0.002513711151736746,0.0,0.0,0.05,0.4,0.7000000000000001,0.7000000000000001,40.0,95.0,20.0,0.15000000000000002,0.4,0.7000000000000001,0.6000000000000001,50.0,95.0,20.0,821,815,6,821,0.007308160779537149,1.4761750554274053,1.5,0.9841167036182702,517,0.6343558282208589,1.0,1
"iteration_5","SCOPE_DATA_COLLECTION",600,34,2110.0,2170.0,0,3878,2371,821,3877,2463,785,3891,2374,805,1,5,6,2.5693730729701953E-4,0.002101723413198823,0.007398273736128237,0.312573375787007,0.7939854342203726,1.474278961430173,0.625146751574014,0.7939854342203726,0.9828526409534487,0.18015934207144693,0.5387531592249368,0.6335403726708074,97.5,100.0,4289,394,2387,12,0,0,0.002797854977850315,0.0,0.0,0.15000000000000002,0.4,0.7000000000000001,0.6000000000000001,50.0,95.0,20.0,0.15000000000000002,0.5,0.7000000000000001,0.5,60.0,95.0,20.0,3890,3884,6,3890,0.0015424164524421595,0.31525662767000256,0.5,0.6305132553400051,756,0.19464469618949537,1.0,1
"iteration_5","SCOPE_DATA_COLLECTION",600,34,2110.0,2170.0,1,3878,2371,821,3877,2463,785,3891,2374,805,1,5,6,2.5693730729701953E-4,0.002101723413198823,0.007398273736128237,0.312573375787007,0.7939854342203726,1.474278961430173,0.625146751574014,0.7939854342203726,0.9828526409534487,0.18015934207144693,0.5387531592249368,0.6335403726708074,97.5,100.0,4289,394,2387,12,0,0,0.002797854977850315,0.0,0.0,0.15000000000000002,0.4,0.7000000000000001,0.6000000000000001,50.0,95.0,20.0,0.15000000000000002,0.5,0.7000000000000001,0.5,60.0,95.0,20.0,2415,2411,4,2415,0.0016563146997929607,0.7883164350756602,1.0,0.7883164350756602,1284,0.53255910410618,1.0,1
"iteration_5","SCOPE_DATA_COLLECTION",600,34,2110.0,2170.0,2,3878,2371,821,3877,2463,785,3891,2374,805,1,5,6,2.5693730729701953E-4,0.002101723413198823,0.007398273736128237,0.312573375787007,0.7939854342203726,1.474278961430173,0.625146751574014,0.7939854342203726,0.9828526409534487,0.18015934207144693,0.5387531592249368,0.6335403726708074,97.5,100.0,4289,394,2387,12,0,0,0.002797854977850315,0.0,0.0,0.15000000000000002,0.4,0.7000000000000001,0.6000000000000001,50.0,95.0,20.0,0.15000000000000002,0.5,0.7000000000000001,0.5,60.0,95.0,20.0,823,821,2,823,0.002430133657351154,1.4335845014481308,1.5,0.9557230009654205,496,0.6041412911084044,1.0,1
"iteration_5","SCOPE_DATA_COLLECTION",600,35,2170.0,2230.0,0,3890,2415,823,3878,2371,821,3887,2416,823,6,4,2,0.0015412278448497304,0.001652892561983471,0.0024242424242424242,0.3162034161087777,0.7912119770265644,1.4414984486124165,0.6324068322175554,0.7912119770265644,0.960998965741611,0.19629534345253408,0.5335264900662252,0.6075334143377886,100.0,100.0,4277,447,2404,12,0,0,0.0028057049333645077,0.0,0.0,0.15000000000000002,0.5,0.7000000000000001,0.5,60.0,95.0,20.0,0.45,0.9,0.5,0.2,30.0,85.0,85.0,3732,3731,1,3732,2.679528403001072E-4,0.3219865963629504,0.5,0.6439731927259008,791,0.21200750469043153,1.0,1
"iteration_5","SCOPE_DATA_COLLECTION",600,35,2170.0,2230.0,1,3890,2415,823,3878,2371,821,3887,2416,823,6,4,2,0.0015412278448497304,0.001652892561983471,0.0024242424242424242,0.3162034161087777,0.7912119770265644,1.4414984486124165,0.6324068322175554,0.7912119770265644,0.960998965741611,0.19629534345253408,0.5335264900662252,0.6075334143377886,100.0,100.0,4277,447,2404,12,0,0,0.0028057049333645077,0.0,0.0,0.15000000000000002,0.5,0.7000000000000001,0.5,60.0,95.0,20.0,0.45,0.9,0.5,0.2,30.0,85.0,85.0,2447,2446,1,2447,4.086636697997548E-4,0.7716318147203013,1.0,0.7716318147203013,1297,0.5302534750613246,1.0,1
"iteration_5","SCOPE_DATA_COLLECTION",600,35,2170.0,2230.0,2,3890,2415,823,3878,2371,821,3887,2416,823,6,4,2,0.0015412278448497304,0.001652892561983471,0.0024242424242424242,0.3162034161087777,0.7912119770265644,1.4414984486124165,0.6324068322175554,0.7912119770265644,0.960998965741611,0.19629534345253408,0.5335264900662252,0.6075334143377886,100.0,100.0,4277,447,2404,12,0,0,0.0028057049333645077,0.0,0.0,0.15000000000000002,0.5,0.7000000000000001,0.5,60.0,95.0,20.0,0.45,0.9,0.5,0.2,30.0,85.0,85.0,801,799,2,801,0.0024968789013732834,1.3971734092894448,1.5,0.9314489395262965,485,0.6070087609511889,1.0,1
"iteration_5","SCOPE_DATA_COLLECTION",600,36,2230.0,2290.0,0,3732,2447,801,3890,2415,823,3722,2434,807,1,1,2,2.6860059092130003E-4,4.106776180698152E-4,0.002472187886279357,0.32176147717733966,0.7695419811634311,1.3951981344322288,0.6435229543546793,0.7695419811634311,0.9301320896214859,0.21037076840408384,0.528759244042728,0.6059479553903345,100.0,100.0,4212,1226,1542,3,1,0,7.122507122507123E-4,8.156606851549756E-4,0.0,0.45,0.9,0.5,0.2,30.0,85.0,85.0,0.45,0.8,0.4,0.1,30.0,75.0,75.0,3852,3850,2,3852,5.192107995846313E-4,0.31503648330018835,0.5,0.6300729666003767,742,0.19272727272727272,1.0,1
"iteration_5","SCOPE_DATA_COLLECTION",600,36,2230.0,2290.0,1,3732,2447,801,3890,2415,823,3722,2434,807,1,1,2,2.6860059092130003E-4,4.106776180698152E-4,0.002472187886279357,0.32176147717733966,0.7695419811634311,1.3951981344322288,0.6435229543546793,0.7695419811634311,0.9301320896214859,0.21037076840408384,0.528759244042728,0.6059479553903345,100.0,100.0,4212,1226,1542,3,1,0,7.122507122507123E-4,8.156606851549756E-4,0.0,0.45,0.9,0.5,0.2,30.0,85.0,85.0,0.45,0.8,0.4,0.1,30.0,75.0,75.0,2482,2480,2,2482,8.058017727639E-4,0.7482085486234841,1.0,0.7482085486234841,1276,0.5145161290322581,1.0,1
"iteration_5","SCOPE_DATA_COLLECTION",600,36,2230.0,2290.0,2,3732,2447,801,3890,2415,823,3722,2434,807,1,1,2,2.6860059092130003E-4,4.106776180698152E-4,0.002472187886279357,0.32176147717733966,0.7695419811634311,1.3951981344322288,0.6435229543546793,0.7695419811634311,0.9301320896214859,0.21037076840408384,0.528759244042728,0.6059479553903345,100.0,100.0,4212,1226,1542,3,1,0,7.122507122507123E-4,8.156606851549756E-4,0.0,0.45,0.9,0.5,0.2,30.0,85.0,85.0,0.45,0.8,0.4,0.1,30.0,75.0,75.0,835,835,0,835,0.0,1.3362201317395386,1.5,0.8908134211596924,481,0.5760479041916168,1.0,1
"iteration_5","SCOPE_DATA_COLLECTION",600,37,2290.0,2350.0,0,3852,2482,835,3732,2447,801,3847,2494,830,2,2,0,5.196154845414394E-4,8.012820512820513E-4,0.0,0.31386166064506404,0.7489560046014841,1.3341350956916616,0.6277233212901281,0.7489560046014841,0.8894233971277744,0.19079802443462437,0.5152365677626303,0.5746987951807229,100.0,100.0,4261,1290,1618,4,0,0,9.387467730579676E-4,0.0,0.0,0.45,0.8,0.4,0.1,30.0,75.0,75.0,0.45,0.8,0.4,0.1,30.0,75.0,75.0,3722,3721,1,3722,2.6867275658248256E-4,0.32552225305856536,0.5,0.6510445061171307,780,0.20962106960494492,1.0,1
"iteration_5","SCOPE_DATA_COLLECTION",600,37,2290.0,2350.0,1,3852,2482,835,3732,2447,801,3847,2494,830,2,2,0,5.196154845414394E-4,8.012820512820513E-4,0.0,0.31386166064506404,0.7489560046014841,1.3341350956916616,0.6277233212901281,0.7489560046014841,0.8894233971277744,0.19079802443462437,0.5152365677626303,0.5746987951807229,100.0,100.0,4261,1290,1618,4,0,0,9.387467730579676E-4,0.0,0.0,0.45,0.8,0.4,0.1,30.0,75.0,75.0,0.45,0.8,0.4,0.1,30.0,75.0,75.0,2451,2447,4,2451,0.0016319869441044472,0.7783435115528076,1.0,0.7783435115528076,1316,0.5378013894564774,1.0,1
"iteration_5","SCOPE_DATA_COLLECTION",600,37,2290.0,2350.0,2,3852,2482,835,3732,2447,801,3847,2494,830,2,2,0,5.196154845414394E-4,8.012820512820513E-4,0.0,0.31386166064506404,0.7489560046014841,1.3341350956916616,0.6277233212901281,0.7489560046014841,0.8894233971277744,0.19079802443462437,0.5152365677626303,0.5746987951807229,100.0,100.0,4261,1290,1618,4,0,0,9.387467730579676E-4,0.0,0.0,0.45,0.8,0.4,0.1,30.0,75.0,75.0,0.45,0.8,0.4,0.1,30.0,75.0,75.0,775,774,1,775,0.0012903225806451613,1.422201379371317,1.5,0.9481342529142114,480,0.6201550387596899,1.0,1
"iteration_5","SCOPE_DATA_COLLECTION",600,38,2350.0,2410.0,0,3722,2451,775,3852,2482,835,3725,2442,774,1,4,1,2.6838432635534085E-4,0.001635322976287817,0.0012903225806451613,0.32607980408596376,0.779964032521575,1.4212669116657017,0.6521596081719275,0.779964032521575,0.9475112744438011,0.20993288590604026,0.5393120393120393,0.6188630490956072,97.5,100.0,4240,1201,1507,4,2,0,9.433962264150943E-4,0.0016652789342214821,0.0,0.45,0.8,0.4,0.1,30.0,75.0,75.0,0.35000000000000003,0.9,0.5,0.2,20.0,75.0,75.0,3959,3955,4,3959,0.0010103561505430665,0.31577134204547047,0.5,0.6315426840909409,834,0.21087231352718078,1.0,1
"iteration_5","SCOPE_DATA_COLLECTION",600,38,2350.0,2410.0,1,3722,2451,775,3852,2482,835,3725,2442,774,1,4,1,2.6838432635534085E-4,0.001635322976287817,0.0012903225806451613,0.32607980408596376,0.779964032521575,1.4212669116657017,0.6521596081719275,0.779964032521575,0.9475112744438011,0.20993288590604026,0.5393120393120393,0.6188630490956072,97.5,100.0,4240,1201,1507,4,2,0,9.433962264150943E-4,0.0016652789342214821,0.0,0.45,0.8,0.4,0.1,30.0,75.0,75.0,0.35000000000000003,0.9,0.5,0.2,20.0,75.0,75.0,2502,2495,7,2502,0.002797761790567546,0.7587248512056828,1.0,0.7587248512056828,1269,0.5086172344689379,1.0,1
"iteration_5","SCOPE_DATA_COLLECTION",600,38,2350.0,2410.0,2,3722,2451,775,3852,2482,835,3725,2442,774,1,4,1,2.6838432635534085E-4,0.001635322976287817,0.0012903225806451613,0.32607980408596376,0.779964032521575,1.4212669116657017,0.6521596081719275,0.779964032521575,0.9475112744438011,0.20993288590604026,0.5393120393120393,0.6188630490956072,97.5,100.0,4240,1201,1507,4,2,0,9.433962264150943E-4,0.0016652789342214821,0.0,0.45,0.8,0.4,0.1,30.0,75.0,75.0,0.35000000000000003,0.9,0.5,0.2,20.0,75.0,75.0,804,800,4,804,0.004975124378109453,1.4071091281210357,1.5,0.9380727520806905,483,0.60375,1.0,1
"iteration_5","SCOPE_DATA_COLLECTION",600,39,2410.0,2470.0,0,3959,2502,804,3722,2451,775,3954,2494,801,4,7,4,0.001010611419909045,0.0027988804478208716,0.004968944099378882,0.3161127831305536,0.7572364533938591,1.4047322433767526,0.6322255662611072,0.7572364533938591,0.9364881622511684,0.21219018715225088,0.5068163592622293,0.6042446941323346,95.0,100.0,4274,1030,1961,13,2,0,0.0030416471689284044,0.001941747572815534,0.0,0.35000000000000003,0.9,0.5,0.2,20.0,75.0,75.0,0.35000000000000003,0.8,0.4,0.30000000000000004,20.0,75.0,65.0,3916,3913,3,3916,7.660878447395301E-4,0.32137822128888455,0.5,0.6427564425777691,873,0.2231024789164324,1.0,1
"iteration_5","SCOPE_DATA_COLLECTION",600,39,2410.0,2470.0,1,3959,2502,804,3722,2451,775,3954,2494,801,4,7,4,0.001010611419909045,0.0027988804478208716,0.004968944099378882,0.3161127831305536,0.7572364533938591,1.4047322433767526,0.6322255662611072,0.7572364533938591,0.9364881622511684,0.21219018715225088,0.5068163592622293,0.6042446941323346,95.0,100.0,4274,1030,1961,13,2,0,0.0030416471689284044,0.001941747572815534,0.0,0.35000000000000003,0.9,0.5,0.2,20.0,75.0,75.0,0.35000000000000003,0.8,0.4,0.30000000000000004,20.0,75.0,65.0,2362,2358,4,2362,0.001693480101608806,0.7868771738028633,1.0,0.7868771738028633,1301,0.5517387616624257,1.0,1
"iteration_5","SCOPE_DATA_COLLECTION",600,39,2410.0,2470.0,2,3959,2502,804,3722,2451,775,3954,2494,801,4,7,4,0.001010611419909045,0.0027988804478208716,0.004968944099378882,0.3161127831305536,0.7572364533938591,1.4047322433767526,0.6322255662611072,0.7572364533938591,0.9364881622511684,0.21219018715225088,0.5068163592622293,0.6042446941323346,95.0,100.0,4274,1030,1961,13,2,0,0.0030416471689284044,0.001941747572815534,0.0,0.35000000000000003,0.9,0.5,0.2,20.0,75.0,75.0,0.35000000000000003,0.8,0.4,0.30000000000000004,20.0,75.0,65.0,795,791,4,795,0.005031446540880503,1.3880135912231857,1.5,0.9253423941487905,470,0.5941845764854614,1.0,1
"iteration_5","SCOPE_DATA_COLLECTION",600,40,2470.0,2530.0,0,3916,2362,795,3959,2502,804,3917,2366,788,3,4,4,7.653061224489796E-4,0.0016877637130801688,0.005050505050505051,0.3218973191354191,0.7895238970826969,1.387567705495658,0.6437946382708382,0.7895238970826969,0.9250451369971054,0.22491702833801377,0.5566356720202874,0.5939086294416244,100.0,100.0,4279,964,1830,10,1,0,0.0023369946249123625,0.001037344398340249,0.0,0.35000000000000003,0.8,0.4,0.30000000000000004,20.0,75.0,65.0,0.45,0.9,0.30000000000000004,0.2,20.0,85.0,55.0,3791,3789,2,3791,5.275652862041678E-4,0.3269432893100211,0.5,0.6538865786200422,878,0.23172340987067827,1.0,1
"iteration_5","SCOPE_DATA_COLLECTION",600,40,2470.0,2530.0,1,3916,2362,795,3959,2502,804,3917,2366,788,3,4,4,7.653061224489796E-4,0.0016877637130801688,0.005050505050505051,0.3218973191354191,0.7895238970826969,1.387567705495658,0.6437946382708382,0.7895238970826969,0.9250451369971054,0.22491702833801377,0.5566356720202874,0.5939086294416244,100.0,100.0,4279,964,1830,10,1,0,0.0023369946249123625,0.001037344398340249,0.0,0.35000000000000003,0.8,0.4,0.30000000000000004,20.0,75.0,65.0,0.45,0.9,0.30000000000000004,0.2,20.0,85.0,55.0,2536,2534,2,2536,7.886435331230284E-4,0.7338088769247979,1.0,0.7338088769247979,1262,0.4980268350434096,1.0,1
"iteration_5","SCOPE_DATA_COLLECTION",600,40,2470.0,2530.0,2,3916,2362,795,3959,2502,804,3917,2366,788,3,4,4,7.653061224489796E-4,0.0016877637130801688,0.005050505050505051,0.3218973191354191,0.7895238970826969,1.387567705495658,0.6437946382708382,0.7895238970826969,0.9250451369971054,0.22491702833801377,0.5566356720202874,0.5939086294416244,100.0,100.0,4279,964,1830,10,1,0,0.0023369946249123625,0.001037344398340249,0.0,0.35000000000000003,0.8,0.4,0.30000000000000004,20.0,75.0,65.0,0.45,0.9,0.30000000000000004,0.2,20.0,85.0,55.0,856,854,2,856,0.002336448598130841,1.3898096646741203,1.5,0.9265397764494135,505,0.5913348946135831,1.0,1
"iteration_5","SCOPE_DATA_COLLECTION",600,41,2530.0,2590.0,0,3791,2536,856,3916,2362,795,3789,2520,859,2,2,2,5.275652862041678E-4,7.930214115781126E-4,0.0023228803716608595,0.3266943133916618,0.7298595879411426,1.3915517333893668,0.6533886267833235,0.7298595879411426,0.9277011555929112,0.23040380047505937,0.4928571428571429,0.5925494761350407,97.5,100.0,4194,1351,1638,4,2,0,9.537434430138292E-4,0.0014803849000740192,0.0,0.45,0.9,0.30000000000000004,0.2,20.0,85.0,55.0,0.45,0.8,0.2,0.2,20.0,85.0,55.0,3833,3831,2,3833,5.217845030002609E-4,0.3162899429378754,0.5,0.6325798858757508,783,0.20438527799530148,1.0,1
"iteration_5","SCOPE_DATA_COLLECTION",600,41,2530.0,2590.0,1,3791,2536,856,3916,2362,795,3789,2520,859,2,2,2,5.275652862041678E-4,7.930214115781126E-4,0.0023228803716608595,0.3266943133916618,0.7298595879411426,1.3915517333893668,0.6533886267833235,0.7298595879411426,0.9277011555929112,0.23040380047505937,0.4928571428571429,0.5925494761350407,97.5,100.0,4194,1351,1638,4,2,0,9.537434430138292E-4,0.0014803849000740192,0.0,0.45,0.9,0.30000000000000004,0.2,20.0,85.0,55.0,0.45,0.8,0.2,0.2,20.0,85.0,55.0,2436,2435,1,2436,4.1050903119868636E-4,0.7466919179825933,1.0,0.7466919179825933,1249,0.5129363449691992,1.0,1
"iteration_5","SCOPE_DATA_COLLECTION",600,41,2530.0,2590.0,2,3791,2536,856,3916,2362,795,3789,2520,859,2,2,2,5.275652862041678E-4,7.930214115781126E-4,0.0023228803716608595,0.3266943133916618,0.7298595879411426,1.3915517333893668,0.6533886267833235,0.7298595879411426,0.9277011555929112,0.23040380047505937,0.4928571428571429,0.5925494761350407,97.5,100.0,4194,1351,1638,4,2,0,9.537434430138292E-4,0.0014803849000740192,0.0,0.45,0.9,0.30000000000000004,0.2,20.0,85.0,55.0,0.45,0.8,0.2,0.2,20.0,85.0,55.0,815,815,0,815,0.0,1.4148770196626899,1.5,0.9432513464417932,495,0.6073619631901841,1.0,1
"iteration_5","SCOPE_DATA_COLLECTION",600,42,2590.0,2650.0,0,3833,2436,815,3791,2536,856,3827,2444,814,2,1,0,5.223295899712719E-4,4.0899795501022495E-4,0.0,0.315859108324137,0.7489135413904302,1.414929429725878,0.631718216648274,0.7489135413904302,0.9432862864839188,0.20329239613274105,0.515139116202946,0.6056511056511057,100.0,100.0,4256,1297,1531,3,0,0,7.048872180451127E-4,0.0,0.0,0.45,0.8,0.2,0.2,20.0,85.0,55.0,0.35000000000000003,0.8,0.30000000000000004,0.30000000000000004,20.0,85.0,45.0,3866,3863,3,3866,7.759958613554061E-4,0.3210668898547542,0.5,0.6421337797095084,810,0.20968159461558375,1.0,1
"iteration_5","SCOPE_DATA_COLLECTION",600,42,2590.0,2650.0,1,3833,2436,815,3791,2536,856,3827,2444,814,2,1,0,5.223295899712719E-4,4.0899795501022495E-4,0.0,0.315859108324137,0.7489135413904302,1.414929429725878,0.631718216648274,0.7489135413904302,0.9432862864839188,0.20329239613274105,0.515139116202946,0.6056511056511057,100.0,100.0,4256,1297,1531,3,0,0,7.048872180451127E-4,0.0,0.0,0.45,0.8,0.2,0.2,20.0,85.0,55.0,0.35000000000000003,0.8,0.30000000000000004,0.30000000000000004,20.0,85.0,45.0,2400,2396,4,2400,0.0016666666666666668,0.7705377522238807,1.0,0.7705377522238807,1278,0.5333889816360601,1.0,1
"iteration_5","SCOPE_DATA_COLLECTION",600,42,2590.0,2650.0,2,3833,2436,815,3791,2536,856,3827,2444,814,2,1,0,5.223295899712719E-4,4.0899795501022495E-4,0.0,0.315859108324137,0.7489135413904302,1.414929429725878,0.631718216648274,0.7489135413904302,0.9432862864839188,0.20329239613274105,0.515139116202946,0.6056511056511057,100.0,100.0,4256,1297,1531,3,0,0,7.048872180451127E-4,0.0,0.0,0.45,0.8,0.2,0.2,20.0,85.0,55.0,0.35000000000000003,0.8,0.30000000000000004,0.30000000000000004,20.0,85.0,45.0,805,804,1,805,0.0012422360248447205,1.3711971313629108,1.5,0.9141314209086072,468,0.582089552238806,1.0,1
"iteration_5","SCOPE_DATA_COLLECTION",600,43,2650.0,2710.0,0,3866,2400,805,3833,2436,815,3868,2396,806,3,4,0,7.749935417204857E-4,0.0016666666666666668,0.0,0.32155132938985276,0.7689310960690666,1.3743234689844557,0.6431026587797055,0.7689310960690666,0.9162156459896371,0.21199586349534644,0.5304674457429048,0.5843672456575683,92.5,100.0,4294,949,1828,5,2,0,0.0011644154634373545,0.002107481559536354,0.0,0.35000000000000003,0.8,0.30000000000000004,0.30000000000000004,20.0,85.0,45.0,0.35000000000000003,0.8,0.30000000000000004,0.30000000000000004,20.0,85.0,45.0,3798,3798,0,3798,0.0,0.3189237741090591,0.5,0.6378475482181182,761,0.2003686150605582,1.0,1
"iteration_5","SCOPE_DATA_COLLECTION",600,43,2650.0,2710.0,1,3866,2400,805,3833,2436,815,3868,2396,806,3,4,0,7.749935417204857E-4,0.0016666666666666668,0.0,0.32155132938985276,0.7689310960690666,1.3743234689844557,0.6431026587797055,0.7689310960690666,0.9162156459896371,0.21199586349534644,0.5304674457429048,0.5843672456575683,92.5,100.0,4294,949,1828,5,2,0,0.0011644154634373545,0.002107481559536354,0.0,0.35000000000000003,0.8,0.30000000000000004,0.30000000000000004,20.0,85.0,45.0,0.35000000000000003,0.8,0.30000000000000004,0.30000000000000004,20.0,85.0,45.0,2438,2434,4,2438,0.0016406890894175555,0.7540483250069084,1.0,0.7540483250069084,1261,0.5180772391125719,1.0,1
"iteration_5","SCOPE_DATA_COLLECTION",600,43,2650.0,2710.0,2,3866,2400,805,3833,2436,815,3868,2396,806,3,4,0,7.749935417204857E-4,0.0016666666666666668,0.0,0.32155132938985276,0.7689310960690666,1.3743234689844557,0.6431026587797055,0.7689310960690666,0.9162156459896371,0.21199586349534644,0.5304674457429048,0.5843672456575683,92.5,100.0,4294,949,1828,5,2,0,0.0011644154634373545,0.002107481559536354,0.0,0.35000000000000003,0.8,0.30000000000000004,0.30000000000000004,20.0,85.0,45.0,0.35000000000000003,0.8,0.30000000000000004,0.30000000000000004,20.0,85.0,45.0,804,799,5,804,0.006218905472636816,1.3711393748301735,1.5,0.9140929165534489,465,0.5819774718397998,1.0,1
"iteration_5","SCOPE_DATA_COLLECTION",600,44,2710.0,2770.0,0,3798,2438,804,3866,2400,805,3792,2429,799,0,4,6,0.0,0.0016440608302507192,0.007453416149068323,0.31895162922095005,0.7534897258581177,1.3659100476954578,0.6379032584419001,0.7534897258581177,0.9106066984636385,0.1985759493670886,0.5195553725813091,0.5807259073842302,97.5,100.0,4272,1012,1756,9,1,0,0.002106741573033708,9.881422924901185E-4,0.0,0.35000000000000003,0.8,0.30000000000000004,0.30000000000000004,20.0,85.0,45.0,0.25,0.8,0.4,0.4,30.0,75.0,35.0,3900,3893,7,3900,0.0017948717948717949,0.3257366825601216,0.5,0.6514733651202432,798,0.20498330336501414,1.0,1
"iteration_5","SCOPE_DATA_COLLECTION",600,44,2710.0,2770.0,1,3798,2438,804,3866,2400,805,3792,2429,799,0,4,6,0.0,0.0016440608302507192,0.007453416149068323,0.31895162922095005,0.7534897258581177,1.3659100476954578,0.6379032584419001,0.7534897258581177,0.9106066984636385,0.1985759493670886,0.5195553725813091,0.5807259073842302,97.5,100.0,4272,1012,1756,9,1,0,0.002106741573033708,9.881422924901185E-4,0.0,0.35000000000000003,0.8,0.30000000000000004,0.30000000000000004,20.0,85.0,45.0,0.25,0.8,0.4,0.4,30.0,75.0,35.0,2430,2428,2,2430,8.230452674897119E-4,0.7900221929241794,1.0,0.7900221929241794,1307,0.5383031301482701,1.0,1
"iteration_5","SCOPE_DATA_COLLECTION",600,44,2710.0,2770.0,2,3798,2438,804,3866,2400,805,3792,2429,799,0,4,6,0.0,0.0016440608302507192,0.007453416149068323,0.31895162922095005,0.7534897258581177,1.3659100476954578,0.6379032584419001,0.7534897258581177,0.9106066984636385,0.1985759493670886,0.5195553725813091,0.5807259073842302,97.5,100.0,4272,1012,1756,9,1,0,0.002106741573033708,9.881422924901185E-4,0.0,0.35000000000000003,0.8,0.30000000000000004,0.30000000000000004,20.0,85.0,45.0,0.25,0.8,0.4,0.4,30.0,75.0,35.0,738,735,3,738,0.0040650406504065045,1.3788935150125259,1.5,0.9192623433416839,429,0.5836734693877551,1.0,1
"iteration_5","SCOPE_DATA_COLLECTION",600,45,2770.0,2830.0,0,3900,2430,738,3798,2438,804,3907,2425,730,7,2,3,0.0017884517118037812,8.240626287597857E-4,0.004092769440654843,0.325907040998188,0.7923351464563768,1.383791594010636,0.651814081996376,0.7923351464563768,0.922527729340424,0.20629639109291015,0.5381443298969072,0.584931506849315,95.0,100.0,4391,697,1980,12,0,0,0.002732862673650649,0.0,0.0,0.25,0.8,0.4,0.4,30.0,75.0,35.0,0.15000000000000002,0.8,0.30000000000000004,0.5,20.0,75.0,25.0,3778,3777,1,3778,2.6469031233456857E-4,0.32220155942424994,0.5,0.6444031188484999,847,0.2242520518930368,1.0,1
"iteration_5","SCOPE_DATA_COLLECTION",600,45,2770.0,2830.0,1,3900,2430,738,3798,2438,804,3907,2425,730,7,2,3,0.0017884517118037812,8.240626287597857E-4,0.004092769440654843,0.325907040998188,0.7923351464563768,1.383791594010636,0.651814081996376,0.7923351464563768,0.922527729340424,0.20629639109291015,0.5381443298969072,0.584931506849315,95.0,100.0,4391,697,1980,12,0,0,0.002732862673650649,0.0,0.0,0.25,0.8,0.4,0.4,30.0,75.0,35.0,0.15000000000000002,0.8,0.30000000000000004,0.5,20.0,75.0,25.0,2481,2477,4,2481,0.0016122531237404273,0.7591357167566982,1.0,0.7591357167566982,1249,0.5042389987888575,1.0,1
"iteration_5","SCOPE_DATA_COLLECTION",600,45,2770.0,2830.0,2,3900,2430,738,3798,2438,804,3907,2425,730,7,2,3,0.0017884517118037812,8.240626287597857E-4,0.004092769440654843,0.325907040998188,0.7923351464563768,1.383791594010636,0.651814081996376,0.7923351464563768,0.922527729340424,0.20629639109291015,0.5381443298969072,0.584931506849315,95.0,100.0,4391,697,1980,12,0,0,0.002732862673650649,0.0,0.0,0.25,0.8,0.4,0.4,30.0,75.0,35.0,0.15000000000000002,0.8,0.30000000000000004,0.5,20.0,75.0,25.0,856,852,4,856,0.004672897196261682,1.3950193004800455,1.5,0.930012866986697,499,0.5856807511737089,1.0,1
"iteration_5","SCOPE_DATA_COLLECTION",600,46,2830.0,2890.0,0,3778,2481,856,3900,2430,738,3778,2473,854,1,4,4,2.646202699126753E-4,0.0016148566814695195,0.004662004662004662,0.32211265928373656,0.7559496896172903,1.3946745029791028,0.6442253185674731,0.7559496896172903,0.9297830019860686,0.22419269454737956,0.5038414880711686,0.585480093676815,97.5,100.0,4232,445,2438,8,1,0,0.001890359168241966,0.0022471910112359553,0.0,0.15000000000000002,0.8,0.30000000000000004,0.5,20.0,75.0,25.0,0.05,0.8,0.30000000000000004,0.5,20.0,85.0,35.0,3902,3900,2,3902,5.125576627370579E-4,0.34039437022329894,0.5,0.6807887404465979,923,0.23666666666666666,1.0,1
"iteration_5","SCOPE_DATA_COLLECTION",600,46,2830.0,2890.0,1,3778,2481,856,3900,2430,738,3778,2473,854,1,4,4,2.646202699126753E-4,0.0016148566814695195,0.004662004662004662,0.32211265928373656,0.7559496896172903,1.3946745029791028,0.6442253185674731,0.7559496896172903,0.9297830019860686,0.22419269454737956,0.5038414880711686,0.585480093676815,97.5,100.0,4232,445,2438,8,1,0,0.001890359168241966,0.0022471910112359553,0.0,0.15000000000000002,0.8,0.30000000000000004,0.5,20.0,75.0,25.0,0.05,0.8,0.30000000000000004,0.5,20.0,85.0,35.0,2473,2470,3,2473,0.001213101496158512,0.763098550747604,1.0,0.763098550747604,1263,0.511336032388664,1.0,1
"iteration_5","SCOPE_DATA_COLLECTION",600,46,2830.0,2890.0,2,3778,2481,856,3900,2430,738,3778,2473,854,1,4,4,2.646202699126753E-4,0.0016148566814695195,0.004662004662004662,0.32211265928373656,0.7559496896172903,1.3946745029791028,0.6442253185674731,0.7559496896172903,0.9297830019860686,0.22419269454737956,0.5038414880711686,0.585480093676815,97.5,100.0,4232,445,2438,8,1,0,0.001890359168241966,0.0022471910112359553,0.0,0.15000000000000002,0.8,0.30000000000000004,0.5,20.0,75.0,25.0,0.05,0.8,0.30000000000000004,0.5,20.0,85.0,35.0,882,879,3,882,0.003401360544217687,1.391044025006738,1.5,0.9273626833378253,510,0.5802047781569966,1.0,1
"iteration_5","SCOPE_DATA_COLLECTION",600,47,2890.0,2950.0,0,3902,2473,882,3778,2481,856,3890,2484,877,2,3,3,5.138746145940391E-4,0.0012062726176115801,0.003409090909090909,0.33983199828642585,0.7667315511378967,1.3868210918379236,0.6796639965728517,0.7667315511378967,0.9245473945586157,0.23547557840616967,0.5128824476650563,0.5781071835803877,95.0,100.0,4286,146,2825,8,0,0,0.0018665422305179655,0.0,0.0,0.05,0.8,0.30000000000000004,0.5,20.0,85.0,35.0,0.7000000000000001,0.2,0.6000000000000001,0.8,25.0,30.0,45.0,3766,3763,3,3766,7.966011683483802E-4,0.3103699682043764,0.5,0.6207399364087528,720,0.19133669944193463,1.0,1
"iteration_5","SCOPE_DATA_COLLECTION",600,47,2890.0,2950.0,1,3902,2473,882,3778,2481,856,3890,2484,877,2,3,3,5.138746145940391E-4,0.0012062726176115801,0.003409090909090909,0.33983199828642585,0.7667315511378967,1.3868210918379236,0.6796639965728517,0.7667315511378967,0.9245473945586157,0.23547557840616967,0.5128824476650563,0.5781071835803877,95.0,100.0,4286,146,2825,8,0,0,0.0018665422305179655,0.0,0.0,0.05,0.8,0.30000000000000004,0.5,20.0,85.0,35.0,0.7000000000000001,0.2,0.6000000000000001,0.8,25.0,30.0,45.0,2556,2555,1,2556,3.912363067292645E-4,0.778021252406832,1.0,0.778021252406832,1353,0.5295499021526419,1.0,1
"iteration_5","SCOPE_DATA_COLLECTION",600,47,2890.0,2950.0,2,3902,2473,882,3778,2481,856,3890,2484,877,2,3,3,5.138746145940391E-4,0.0012062726176115801,0.003409090909090909,0.33983199828642585,0.7667315511378967,1.3868210918379236,0.6796639965728517,0.7667315511378967,0.9245473945586157,0.23547557840616967,0.5128824476650563,0.5781071835803877,95.0,100.0,4286,146,2825,8,0,0,0.0018665422305179655,0.0,0.0,0.05,0.8,0.30000000000000004,0.5,20.0,85.0,35.0,0.7000000000000001,0.2,0.6000000000000001,0.8,25.0,30.0,45.0,823,816,7,823,0.00850546780072904,1.4191448100848292,1.5,0.9460965400565527,492,0.6029411764705882,1.0,1
"iteration_5","SCOPE_DATA_COLLECTION",600,48,2950.0,3010.0,0,3766,2556,823,3902,2473,882,3753,2553,820,3,1,7,7.987220447284345E-4,3.9154267815191856E-4,0.008464328899637243,0.31049885914765146,0.77712684792164,1.423076081510961,0.6209977182953029,0.77712684792164,0.9487173876739741,0.19211297628563814,0.5295730513121818,0.6060975609756097,100.0,100.0,4302,2040,803,10,1,0,0.0023245002324500234,4.901960784313725E-4,0.0,0.7000000000000001,0.2,0.6000000000000001,0.8,25.0,30.0,45.0,0.8,0.30000000000000004,0.6000000000000001,0.7000000000000001,20.0,40.0,45.0,3879,3876,3,3879,7.733952049497294E-4,0.3271210239115107,0.5,0.6542420478230214,825,0.21284829721362228,1.0,1
"iteration_5","SCOPE_DATA_COLLECTION",600,48,2950.0,3010.0,1,3766,2556,823,3902,2473,882,3753,2553,820,3,1,7,7.987220447284345E-4,3.9154267815191856E-4,0.008464328899637243,0.31049885914765146,0.77712684792164,1.423076081510961,0.6209977182953029,0.77712684792164,0.9487173876739741,0.19211297628563814,0.5295730513121818,0.6060975609756097,100.0,100.0,4302,2040,803,10,1,0,0.0023245002324500234,4.901960784313725E-4,0.0,0.7000000000000001,0.2,0.6000000000000001,0.8,25.0,30.0,45.0,0.8,0.30000000000000004,0.6000000000000001,0.7000000000000001,20.0,40.0,45.0,2536,2533,3,2536,0.0011829652996845426,0.7974580190044067,1.0,0.7974580190044067,1364,0.538491906829846,1.0,1
"iteration_5","SCOPE_DATA_COLLECTION",600,48,2950.0,3010.0,2,3766,2556,823,3902,2473,882,3753,2553,820,3,1,7,7.987220447284345E-4,3.9154267815191856E-4,0.008464328899637243,0.31049885914765146,0.77712684792164,1.423076081510961,0.6209977182953029,0.77712684792164,0.9487173876739741,0.19211297628563814,0.5295730513121818,0.6060975609756097,100.0,100.0,4302,2040,803,10,1,0,0.0023245002324500234,4.901960784313725E-4,0.0,0.7000000000000001,0.2,0.6000000000000001,0.8,25.0,30.0,45.0,0.8,0.30000000000000004,0.6000000000000001,0.7000000000000001,20.0,40.0,45.0,825,820,5,825,0.006060606060606061,1.398573621343878,1.5,0.9323824142292519,481,0.5865853658536585,1.0,1
"iteration_5","SCOPE_DATA_COLLECTION",600,49,3010.0,3070.0,0,3879,2536,825,3766,2556,823,3881,2533,814,3,3,5,7.72399588053553E-4,0.0011829652996845426,0.006105006105006105,0.3268669626622799,0.7981609178926401,1.3936417071833243,0.6537339253245598,0.7981609178926401,0.9290944714555495,0.2107704199948467,0.5377023292538492,0.5835380835380836,100.0,100.0,4424,2272,544,11,0,0,0.0024864376130198916,0.0,0.0,0.8,0.30000000000000004,0.6000000000000001,0.7000000000000001,20.0,40.0,45.0,0.8,0.2,0.6000000000000001,0.6000000000000001,30.0,40.0,45.0,3780,3780,0,3780,0.0,0.3154458858441267,0.5,0.6308917716882534,684,0.18095238095238095,1.0,1
"iteration_5","SCOPE_DATA_COLLECTION",600,49,3010.0,3070.0,1,3879,2536,825,3766,2556,823,3881,2533,814,3,3,5,7.72399588053553E-4,0.0011829652996845426,0.006105006105006105,0.3268669626622799,0.7981609178926401,1.3936417071833243,0.6537339253245598,0.7981609178926401,0.9290944714555495,0.2107704199948467,0.5377023292538492,0.5835380835380836,100.0,100.0,4424,2272,544,11,0,0,0.0024864376130198916,0.0,0.0,0.8,0.30000000000000004,0.6000000000000001,0.7000000000000001,20.0,40.0,45.0,0.8,0.2,0.6000000000000001,0.6000000000000001,30.0,40.0,45.0,2531,2521,10,2531,0.0039510075069142635,0.781187132037409,1.0,0.781187132037409,1354,0.5370884569615232,1.0,1
"iteration_5","SCOPE_DATA_COLLECTION",600,49,3010.0,3070.0,2,3879,2536,825,3766,2556,823,3881,2533,814,3,3,5,7.72399588053553E-4,0.0011829652996845426,0.006105006105006105,0.3268669626622799,0.7981609178926401,1.3936417071833243,0.6537339253245598,0.7981609178926401,0.9290944714555495,0.2107704199948467,0.5377023292538492,0.5835380835380836,100.0,100.0,4424,2272,544,11,0,0,0.0024864376130198916,0.0,0.0,0.8,0.30000000000000004,0.6000000000000001,0.7000000000000001,20.0,40.0,45.0,0.8,0.2,0.6000000000000001,0.6000000000000001,30.0,40.0,45.0,811,809,2,811,0.002466091245376079,1.450479036015948,1.5,0.966986024010632,503,0.6217552533992583,1.0,1
"iteration_5","SCOPE_DATA_COLLECTION",600,50,3070.0,3130.0,0,3780,2531,811,3879,2536,825,3787,2511,811,0,10,2,0.0,0.003966679888932963,0.0024600246002460025,0.3160416270574418,0.7813461509693577,1.456875949847537,0.6320832541148836,0.7813461509693577,0.9712506332316914,0.1827303934512807,0.5384309040223019,0.623921085080148,100.0,100.0,4382,2163,577,10,2,0,0.0022820629849383844,9.246417013407304E-4,0.0,0.8,0.2,0.6000000000000001,0.6000000000000001,30.0,40.0,45.0,0.25,0.5,0.9,0.7000000000000001,55.0,35.0,95.0,3788,3784,4,3788,0.0010559662090813093,0.32312649534794075,0.5,0.6462529906958815,838,0.2214587737843552,1.0,1
"iteration_5","SCOPE_DATA_COLLECTION",600,50,3070.0,3130.0,1,3780,2531,811,3879,2536,825,3787,2511,811,0,10,2,0.0,0.003966679888932963,0.0024600246002460025,0.3160416270574418,0.7813461509693577,1.456875949847537,0.6320832541148836,0.7813461509693577,0.9712506332316914,0.1827303934512807,0.5384309040223019,0.623921085080148,100.0,100.0,4382,2163,577,10,2,0,0.0022820629849383844,9.246417013407304E-4,0.0,0.8,0.2,0.6000000000000001,0.6000000000000001,30.0,40.0,45.0,0.25,0.5,0.9,0.7000000000000001,55.0,35.0,95.0,2439,2434,5,2439,0.002050020500205002,0.785964868210487,1.0,0.785964868210487,1296,0.5324568611339359,1.0,1
"iteration_5","SCOPE_DATA_COLLECTION",600,50,3070.0,3130.0,2,3780,2531,811,3879,2536,825,3787,2511,811,0,10,2,0.0,0.003966679888932963,0.0024600246002460025,0.3160416270574418,0.7813461509693577,1.456875949847537,0.6320832541148836,0.7813461509693577,0.9712506332316914,0.1827303934512807,0.5384309040223019,0.623921085080148,100.0,100.0,4382,2163,577,10,2,0,0.0022820629849383844,9.246417013407304E-4,0.0,0.8,0.2,0.6000000000000001,0.6000000000000001,30.0,40.0,45.0,0.25,0.5,0.9,0.7000000000000001,55.0,35.0,95.0,867,863,4,867,0.00461361014994233,1.3813570489640534,1.5,0.9209046993093689,500,0.5793742757821553,1.0,1
"iteration_5","SCOPE_DATA_COLLECTION",600,51,3130.0,3190.0,0,3788,2439,867,3780,2531,811,3778,2439,863,4,5,4,0.0010576414595452142,0.0020458265139116204,0.00461361014994233,0.322515805165174,0.7849619490906456,1.3848300189663303,0.645031610330348,0.7849619490906456,0.9232200126442202,0.22128110111169932,0.5313653136531366,0.5816917728852838,97.5,100.0,4264,720,2110,13,0,0,0.003048780487804878,0.0,0.0,0.25,0.5,0.9,0.7000000000000001,55.0,35.0,95.0,0.35000000000000003,0.4,0.9,0.6000000000000001,65.0,25.0,95.0,3809,3804,5,3809,0.0013126804935678655,0.32464369760349665,0.5,0.6492873952069933,795,0.20899053627760253,1.0,1
"iteration_5","SCOPE_DATA_COLLECTION",600,51,3130.0,3190.0,1,3788,2439,867,3780,2531,811,3778,2439,863,4,5,4,0.0010576414595452142,0.0020458265139116204,0.00461361014994233,0.322515805165174,0.7849619490906456,1.3848300189663303,0.645031610330348,0.7849619490906456,0.9232200126442202,0.22128110111169932,0.5313653136531366,0.5816917728852838,97.5,100.0,4264,720,2110,13,0,0,0.003048780487804878,0.0,0.0,0.25,0.5,0.9,0.7000000000000001,55.0,35.0,95.0,0.35000000000000003,0.4,0.9,0.6000000000000001,65.0,25.0,95.0,2482,2478,4,2482,0.0016116035455278,0.8054638709132314,1.0,0.8054638709132314,1360,0.5488297013720742,1.0,1
"iteration_5","SCOPE_DATA_COLLECTION",600,51,3130.0,3190.0,2,3788,2439,867,3780,2531,811,3778,2439,863,4,5,4,0.0010576414595452142,0.0020458265139116204,0.00461361014994233,0.322515805165174,0.7849619490906456,1.3848300189663303,0.645031610330348,0.7849619490906456,0.9232200126442202,0.22128110111169932,0.5313653136531366,0.5816917728852838,97.5,100.0,4264,720,2110,13,0,0,0.003048780487804878,0.0,0.0,0.25,0.5,0.9,0.7000000000000001,55.0,35.0,95.0,0.35000000000000003,0.4,0.9,0.6000000000000001,65.0,25.0,95.0,807,801,6,807,0.007434944237918215,1.422148644229688,1.5,0.9480990961531254,482,0.6017478152309613,1.0,1
"iteration_5","SCOPE_DATA_COLLECTION",600,52,3190.0,3250.0,0,3809,2482,807,3788,2439,867,3819,2473,795,5,4,6,0.001307531380753138,0.0016148566814695195,0.00749063670411985,0.3260402484173331,0.808054993955484,1.4156813287566445,0.6520804968346662,0.808054993955484,0.9437875525044297,0.21078816444095314,0.5507480792559644,0.5974842767295597,100.0,100.0,4400,916,1782,13,2,0,0.0029545454545454545,0.002183406113537118,0.0,0.35000000000000003,0.4,0.9,0.6000000000000001,65.0,25.0,95.0,0.35000000000000003,0.4,0.9,0.6000000000000001,65.0,25.0,95.0,3805,3804,1,3805,2.6281208935611036E-4,0.31236285074380554,0.5,0.6247257014876111,616,0.1619348054679285,1.0,1
"iteration_5","SCOPE_DATA_COLLECTION",600,52,3190.0,3250.0,1,3809,2482,807,3788,2439,867,3819,2473,795,5,4,6,0.001307531380753138,0.0016148566814695195,0.00749063670411985,0.3260402484173331,0.808054993955484,1.4156813287566445,0.6520804968346662,0.808054993955484,0.9437875525044297,0.21078816444095314,0.5507480792559644,0.5974842767295597,100.0,100.0,4400,916,1782,13,2,0,0.0029545454545454545,0.002183406113537118,0.0,0.35000000000000003,0.4,0.9,0.6000000000000001,65.0,25.0,95.0,0.35000000000000003,0.4,0.9,0.6000000000000001,65.0,25.0,95.0,2406,2402,4,2406,0.0016625103906899418,0.7669978298117103,1.0,0.7669978298117103,1244,0.517901748542881,1.0,1
"iteration_5","SCOPE_DATA_COLLECTION",600,52,3190.0,3250.0,2,3809,2482,807,3788,2439,867,3819,2473,795,5,4,6,0.001307531380753138,0.0016148566814695195,0.00749063670411985,0.3260402484173331,0.808054993955484,1.4156813287566445,0.6520804968346662,0.808054993955484,0.9437875525044297,0.21078816444095314,0.5507480792559644,0.5974842767295597,100.0,100.0,4400,916,1782,13,2,0,0.0029545454545454545,0.002183406113537118,0.0,0.35000000000000003,0.4,0.9,0.6000000000000001,65.0,25.0,95.0,0.35000000000000003,0.4,0.9,0.6000000000000001,65.0,25.0,95.0,810,800,10,810,0.012345679012345678,1.4055031657154193,1.5,0.9370021104769463,476,0.595,1.0,1
"iteration_5","SCOPE_DATA_COLLECTION",600,53,3250.0,3310.0,0,3805,2406,810,3809,2482,807,3794,2408,806,1,4,10,2.6350461133069827E-4,0.001658374792703151,0.012254901960784314,0.311485682928549,0.7640114125556601,1.4103056007870178,0.622971365857098,0.7640114125556601,0.9402037338580119,0.16025303110173958,0.5161960132890365,0.5992555831265509,92.5,100.0,4312,960,1749,13,2,0,0.0030148423005565863,0.0020833333333333333,0.0,0.35000000000000003,0.4,0.9,0.6000000000000001,65.0,25.0,95.0,0.25,0.30000000000000004,0.9,0.5,65.0,35.0,95.0,3854,3850,4,3854,0.0010378827192527244,0.3194919843631328,0.5,0.6389839687262656,711,0.1846753246753247,1.0,1
"iteration_5","SCOPE_DATA_COLLECTION",600,53,3250.0,3310.0,1,3805,2406,810,3809,2482,807,3794,2408,806,1,4,10,2.6350461133069827E-4,0.001658374792703151,0.012254901960784314,0.311485682928549,0.7640114125556601,1.4103056007870178,0.622971365857098,0.7640114125556601,0.9402037338580119,0.16025303110173958,0.5161960132890365,0.5992555831265509,92.5,100.0,4312,960,1749,13,2,0,0.0030148423005565863,0.0020833333333333333,0.0,0.35000000000000003,0.4,0.9,0.6000000000000001,65.0,25.0,95.0,0.25,0.30000000000000004,0.9,0.5,65.0,35.0,95.0,2449,2440,9,2449,0.0036749693752552064,0.803996049407682,1.0,0.803996049407682,1310,0.5368852459016393,1.0,1
"iteration_5","SCOPE_DATA_COLLECTION",600,53,3250.0,3310.0,2,3805,2406,810,3809,2482,807,3794,2408,806,1,4,10,2.6350461133069827E-4,0.001658374792703151,0.012254901960784314,0.311485682928549,0.7640114125556601,1.4103056007870178,0.622971365857098,0.7640114125556601,0.9402037338580119,0.16025303110173958,0.5161960132890365,0.5992555831265509,92.5,100.0,4312,960,1749,13,2,0,0.0030148423005565863,0.0020833333333333333,0.0,0.35000000000000003,0.4,0.9,0.6000000000000001,65.0,25.0,95.0,0.25,0.30000000000000004,0.9,0.5,65.0,35.0,95.0,803,797,6,803,0.007471980074719801,1.4246934853169604,1.5,0.9497956568779736,484,0.6072772898368883,1.0,1
"iteration_5","SCOPE_DATA_COLLECTION",600,54,3310.0,3370.0,0,3854,2449,803,3805,2406,810,3852,2444,803,4,9,6,0.001037344398340249,0.0036689767631471666,0.007416563658838072,0.31904806688022996,0.8025153987444977,1.41976514670758,0.6380961337604599,0.8025153987444977,0.9465100978050534,0.18406022845275183,0.5372340425531915,0.6039850560398505,95.0,100.0,4409,711,1986,17,2,0,0.0038557496030845995,0.0028129395218002813,0.0,0.25,0.30000000000000004,0.9,0.5,65.0,35.0,95.0,0.25,0.4,0.9,0.6000000000000001,75.0,25.0,85.0,3921,3918,3,3921,7.651109410864575E-4,0.3161712105122789,0.5,0.6323424210245578,697,0.17789688616641144,1.0,1
"iteration_5","SCOPE_DATA_COLLECTION",600,54,3310.0,3370.0,1,3854,2449,803,3805,2406,810,3852,2444,803,4,9,6,0.001037344398340249,0.0036689767631471666,0.007416563658838072,0.31904806688022996,0.8025153987444977,1.41976514670758,0.6380961337604599,0.8025153987444977,0.9465100978050534,0.18406022845275183,0.5372340425531915,0.6039850560398505,95.0,100.0,4409,711,1986,17,2,0,0.0038557496030845995,0.0028129395218002813,0.0,0.25,0.30000000000000004,0.9,0.5,65.0,35.0,95.0,0.25,0.4,0.9,0.6000000000000001,75.0,25.0,85.0,2389,2384,5,2389,0.002092925910422771,0.7914280057202303,1.0,0.7914280057202303,1284,0.5385906040268457,1.0,1
"iteration_5","SCOPE_DATA_COLLECTION",600,54,3310.0,3370.0,2,3854,2449,803,3805,2406,810,3852,2444,803,4,9,6,0.001037344398340249,0.0036689767631471666,0.007416563658838072,0.31904806688022996,0.8025153987444977,1.41976514670758,0.6380961337604599,0.8025153987444977,0.9465100978050534,0.18406022845275183,0.5372340425531915,0.6039850560398505,95.0,100.0,4409,711,1986,17,2,0,0.0038557496030845995,0.0028129395218002813,0.0,0.25,0.30000000000000004,0.9,0.5,65.0,35.0,95.0,0.25,0.4,0.9,0.6000000000000001,75.0,25.0,85.0,844,839,5,844,0.005924170616113744,1.3573496872940858,1.5,0.9048997915293905,476,0.567342073897497,1.0,1
"iteration_5","SCOPE_DATA_COLLECTION",600,55,3370.0,3430.0,0,3921,2389,844,3854,2449,803,3918,2382,840,3,5,5,7.651109410864575E-4,0.0020946795140343527,0.005917159763313609,0.31668160157899566,0.7929301634957424,1.3619171822407399,0.6333632031579913,0.7929301634957424,0.9079447881604933,0.17942827973455844,0.5373635600335852,0.569047619047619,100.0,100.0,4389,673,2092,12,1,0,0.002734107997265892,0.0014858841010401188,0.0,0.25,0.4,0.9,0.6000000000000001,75.0,25.0,85.0,0.25,0.4,0.9,0.6000000000000001,75.0,25.0,85.0,3794,3789,5,3794,0.0013178703215603585,0.3139850614856238,0.5,0.6279701229712475,722,0.1905515967273687,1.0,1
"iteration_5","SCOPE_DATA_COLLECTION",600,55,3370.0,3430.0,1,3921,2389,844,3854,2449,803,3918,2382,840,3,5,5,7.651109410864575E-4,0.0020946795140343527,0.005917159763313609,0.31668160157899566,0.7929301634957424,1.3619171822407399,0.6333632031579913,0.7929301634957424,0.9079447881604933,0.17942827973455844,0.5373635600335852,0.569047619047619,100.0,100.0,4389,673,2092,12,1,0,0.002734107997265892,0.0014858841010401188,0.0,0.25,0.4,0.9,0.6000000000000001,75.0,25.0,85.0,0.25,0.4,0.9,0.6000000000000001,75.0,25.0,85.0,2493,2486,7,2493,0.002807862013638187,0.7690609182199357,1.0,0.7690609182199357,1283,0.5160901045856798,1.0,1
"iteration_5","SCOPE_DATA_COLLECTION",600,55,3370.0,3430.0,2,3921,2389,844,3854,2449,803,3918,2382,840,3,5,5,7.651109410864575E-4,0.0020946795140343527,0.005917159763313609,0.31668160157899566,0.7929301634957424,1.3619171822407399,0.6333632031579913,0.7929301634957424,0.9079447881604933,0.17942827973455844,0.5373635600335852,0.569047619047619,100.0,100.0,4389,673,2092,12,1,0,0.002734107997265892,0.0014858841010401188,0.0,0.25,0.4,0.9,0.6000000000000001,75.0,25.0,85.0,0.25,0.4,0.9,0.6000000000000001,75.0,25.0,85.0,813,809,4,813,0.004920049200492005,1.4306756243753485,1.5,0.9537837495835656,493,0.6093943139678616,1.0,1
"iteration_5","SCOPE_DATA_COLLECTION",600,56,3430.0,3490.0,0,3794,2493,813,3921,2389,844,3786,2488,808,5,7,4,0.0013189132155104195,0.0028056112224448897,0.0049261083743842365,0.3142591357138322,0.7691999498533716,1.4279795493457303,0.6285182714276644,0.7691999498533716,0.9519863662304869,0.19175911251980982,0.5164790996784566,0.6089108910891089,95.0,100.0,4265,680,2155,16,0,0,0.0037514654161781946,0.0,0.0,0.25,0.4,0.9,0.6000000000000001,75.0,25.0,85.0,0.25,0.4,0.9,0.6000000000000001,75.0,25.0,85.0,3858,3851,7,3858,0.0018144116122343183,0.3179068155962594,0.5,0.6358136311925188,756,0.1963126460659569,1.0,1
"iteration_5","SCOPE_DATA_COLLECTION",600,56,3430.0,3490.0,1,3794,2493,813,3921,2389,844,3786,2488,808,5,7,4,0.0013189132155104195,0.0028056112224448897,0.0049261083743842365,0.3142591357138322,0.7691999498533716,1.4279795493457303,0.6285182714276644,0.7691999498533716,0.9519863662304869,0.19175911251980982,0.5164790996784566,0.6089108910891089,95.0,100.0,4265,680,2155,16,0,0,0.0037514654161781946,0.0,0.0,0.25,0.4,0.9,0.6000000000000001,75.0,25.0,85.0,0.25,0.4,0.9,0.6000000000000001,75.0,25.0,85.0,2465,2455,10,2465,0.004056795131845842,0.7807763877430755,1.0,0.7807763877430755,1297,0.5283095723014256,1.0,1
"iteration_5","SCOPE_DATA_COLLECTION",600,56,3430.0,3490.0,2,3794,2493,813,3921,2389,844,3786,2488,808,5,7,4,0.0013189132155104195,0.0028056112224448897,0.0049261083743842365,0.3142591357138322,0.7691999498533716,1.4279795493457303,0.6285182714276644,0.7691999498533716,0.9519863662304869,0.19175911251980982,0.5164790996784566,0.6089108910891089,95.0,100.0,4265,680,2155,16,0,0,0.0037514654161781946,0.0,0.0,0.25,0.4,0.9,0.6000000000000001,75.0,25.0,85.0,0.25,0.4,0.9,0.6000000000000001,75.0,25.0,85.0,828,826,2,828,0.0024154589371980675,1.4043064553976055,1.5,0.9362043035984037,489,0.5920096852300242,1.0,1
"iteration_5","SCOPE_DATA_COLLECTION",600,57,3490.0,3550.0,0,3858,2465,828,3794,2493,813,3855,2448,823,6,10,2,0.001554001554001554,0.0040683482506102524,0.0024242424242424242,0.3174000604403478,0.7797214375326462,1.4011428869640647,0.6348001208806956,0.7797214375326462,0.9340952579760432,0.19429312581063554,0.5290032679738562,0.5905224787363305,97.5,100.0,4347,701,2103,18,0,0,0.004140786749482402,0.0,0.0,0.25,0.4,0.9,0.6000000000000001,75.0,25.0,85.0,0.15000000000000002,0.5,0.9,0.6000000000000001,65.0,20.0,85.0,3863,3858,5,3863,0.0012943308309603934,0.31913916334802817,0.5,0.6382783266960563,733,0.1899948159668222,1.0,1
"iteration_5","SCOPE_DATA_COLLECTION",600,57,3490.0,3550.0,1,3858,2465,828,3794,2493,813,3855,2448,823,6,10,2,0.001554001554001554,0.0040683482506102524,0.0024242424242424242,0.3174000604403478,0.7797214375326462,1.4011428869640647,0.6348001208806956,0.7797214375326462,0.9340952579760432,0.19429312581063554,0.5290032679738562,0.5905224787363305,97.5,100.0,4347,701,2103,18,0,0,0.004140786749482402,0.0,0.0,0.25,0.4,0.9,0.6000000000000001,75.0,25.0,85.0,0.15000000000000002,0.5,0.9,0.6000000000000001,65.0,20.0,85.0,2356,2350,6,2356,0.0025466893039049238,0.7836773436251772,1.0,0.7836773436251772,1233,0.5246808510638298,1.0,1
"iteration_5","SCOPE_DATA_COLLECTION",600,57,3490.0,3550.0,2,3858,2465,828,3794,2493,813,3855,2448,823,6,10,2,0.001554001554001554,0.0040683482506102524,0.0024242424242424242,0.3174000604403478,0.7797214375326462,1.4011428869640647,0.6348001208806956,0.7797214375326462,0.9340952579760432,0.19429312581063554,0.5290032679738562,0.5905224787363305,97.5,100.0,4347,701,2103,18,0,0,0.004140786749482402,0.0,0.0,0.25,0.4,0.9,0.6000000000000001,75.0,25.0,85.0,0.15000000000000002,0.5,0.9,0.6000000000000001,65.0,20.0,85.0,802,797,5,802,0.006234413965087282,1.4262398321485026,1.5,0.9508265547656684,483,0.6060225846925973,1.0,1
"iteration_5","SCOPE_DATA_COLLECTION",600,58,3550.0,3618.6492688297467,0,3863,2356,802,3858,2465,828,3849,2356,806,6,6,5,0.0015564202334630351,0.002540220152413209,0.006165228113440197,0.3195190488725639,0.785024707926162,1.4340598063528587,0.6390380977451278,0.785024707926162,0.9560398709019058,0.19173811379579112,0.5246179966044142,0.609181141439206,97.5,100.0,4320,409,2292,17,0,0,0.003935185185185185,0.0,0.0,0.15000000000000002,0.5,0.9,0.6000000000000001,65.0,20.0,85.0,0.05,0.4,0.9,0.7000000000000001,75.0,30.0,75.0,3189,3152,18,3170,0.0056782334384858045,0.3284005517097164,0.5,0.6568011034194328,618,0.19606598984771573,0.9940420194418313,0
"iteration_5","SCOPE_DATA_COLLECTION",600,58,3550.0,3618.6492688297467,1,3863,2356,802,3858,2465,828,3849,2356,806,6,6,5,0.0015564202334630351,0.002540220152413209,0.006165228113440197,0.3195190488725639,0.785024707926162,1.4340598063528587,0.6390380977451278,0.785024707926162,0.9560398709019058,0.19173811379579112,0.5246179966044142,0.609181141439206,97.5,100.0,4320,409,2292,17,0,0,0.003935185185185185,0.0,0.0,0.15000000000000002,0.5,0.9,0.6000000000000001,65.0,20.0,85.0,0.05,0.4,0.9,0.7000000000000001,75.0,30.0,75.0,2024,1987,8,1995,0.0040100250626566416,0.8004995826999585,1.0,0.8004995826999585,1071,0.5390035228988425,0.9856719367588933,0
"iteration_5","SCOPE_DATA_COLLECTION",600,58,3550.0,3618.6492688297467,2,3863,2356,802,3858,2465,828,3849,2356,806,6,6,5,0.0015564202334630351,0.002540220152413209,0.006165228113440197,0.3195190488725639,0.785024707926162,1.4340598063528587,0.6390380977451278,0.785024707926162,0.9560398709019058,0.19173811379579112,0.5246179966044142,0.609181141439206,97.5,100.0,4320,409,2292,17,0,0,0.003935185185185185,0.0,0.0,0.15000000000000002,0.5,0.9,0.6000000000000001,65.0,20.0,85.0,0.05,0.4,0.9,0.7000000000000001,75.0,30.0,75.0,657,631,13,644,0.020186335403726708,1.4819219129634444,1.5,0.9879479419756296,392,0.6212361331220285,0.9802130898021308,0
"iteration_5","SCOPE_DATA_COLLECTION",700,0,70.0,130.0,0,3762,2614,951,0,0,0,3745,2564,921,4,7,7,0.0010669511869831954,0.0027226760015558148,0.007543103448275862,0.3054429895093369,0.7457052008609985,1.330372379475028,0.6108859790186738,0.7457052008609985,0.8869149196500187,0.21388518024032044,0.4906396255850234,0.5548317046688382,95.0,100.0,4032,1957,1338,14,4,0,0.003472222222222222,0.002043944813490036,0.0,0.6,0.5,0.7,0.4,85.0,80.0,90.0,0.6,0.5,0.7,0.4,85.0,80.0,90.0,4048,4042,6,4048,0.0014822134387351778,0.31265677225196714,0.5,0.6253135445039343,905,0.2238990598713508,1.0,1
"iteration_5","SCOPE_DATA_COLLECTION",700,0,70.0,130.0,1,3762,2614,951,0,0,0,3745,2564,921,4,7,7,0.0010669511869831954,0.0027226760015558148,0.007543103448275862,0.3054429895093369,0.7457052008609985,1.330372379475028,0.6108859790186738,0.7457052008609985,0.8869149196500187,0.21388518024032044,0.4906396255850234,0.5548317046688382,95.0,100.0,4032,1957,1338,14,4,0,0.003472222222222222,0.002043944813490036,0.0,0.6,0.5,0.7,0.4,85.0,80.0,90.0,0.6,0.5,0.7,0.4,85.0,80.0,90.0,2894,2880,14,2894,0.0048375950241879755,0.7258717723045622,1.0,0.7258717723045622,1364,0.4736111111111111,1.0,1
"iteration_5","SCOPE_DATA_COLLECTION",700,0,70.0,130.0,2,3762,2614,951,0,0,0,3745,2564,921,4,7,7,0.0010669511869831954,0.0027226760015558148,0.007543103448275862,0.3054429895093369,0.7457052008609985,1.330372379475028,0.6108859790186738,0.7457052008609985,0.8869149196500187,0.21388518024032044,0.4906396255850234,0.5548317046688382,95.0,100.0,4032,1957,1338,14,4,0,0.003472222222222222,0.002043944813490036,0.0,0.6,0.5,0.7,0.4,85.0,80.0,90.0,0.6,0.5,0.7,0.4,85.0,80.0,90.0,1034,1027,7,1034,0.006769825918762089,1.32837213602859,1.5,0.88558142401906,559,0.5443037974683544,1.0,1
"iteration_5","SCOPE_DATA_COLLECTION",700,1,130.0,190.0,0,4048,2894,1034,3762,2614,951,4035,2892,1030,6,14,7,0.0014847809948032665,0.004817618719889883,0.006750241080038573,0.31162145165399385,0.7248531478314393,1.3209542509743333,0.6232429033079877,0.7248531478314393,0.8806361673162222,0.22230483271375465,0.4730290456431535,0.5407766990291262,97.5,100.0,4288,2205,1483,26,1,0,0.006063432835820896,4.5351473922902497E-4,0.0,0.6,0.5,0.7,0.4,85.0,80.0,90.0,0.7000000000000001,0.5,0.8,0.30000000000000004,95.0,70.0,95.0,3935,3929,6,3935,0.0015247776365946632,0.31580743687915247,0.5,0.6316148737583049,929,0.2364469330618478,1.0,1
"iteration_5","SCOPE_DATA_COLLECTION",700,1,130.0,190.0,1,4048,2894,1034,3762,2614,951,4035,2892,1030,6,14,7,0.0014847809948032665,0.004817618719889883,0.006750241080038573,0.31162145165399385,0.7248531478314393,1.3209542509743333,0.6232429033079877,0.7248531478314393,0.8806361673162222,0.22230483271375465,0.4730290456431535,0.5407766990291262,97.5,100.0,4288,2205,1483,26,1,0,0.006063432835820896,4.5351473922902497E-4,0.0,0.6,0.5,0.7,0.4,85.0,80.0,90.0,0.7000000000000001,0.5,0.8,0.30000000000000004,95.0,70.0,95.0,2989,2984,5,2989,0.0016728002676480427,0.745848385407988,1.0,0.745848385407988,1443,0.4835790884718499,1.0,1
"iteration_5","SCOPE_DATA_COLLECTION",700,1,130.0,190.0,2,4048,2894,1034,3762,2614,951,4035,2892,1030,6,14,7,0.0014847809948032665,0.004817618719889883,0.006750241080038573,0.31162145165399385,0.7248531478314393,1.3209542509743333,0.6232429033079877,0.7248531478314393,0.8806361673162222,0.22230483271375465,0.4730290456431535,0.5407766990291262,97.5,100.0,4288,2205,1483,26,1,0,0.006063432835820896,4.5351473922902497E-4,0.0,0.6,0.5,0.7,0.4,85.0,80.0,90.0,0.7000000000000001,0.5,0.8,0.30000000000000004,95.0,70.0,95.0,980,977,3,980,0.003061224489795918,1.3068839246716062,1.5,0.8712559497810708,523,0.5353121801432958,1.0,1
"iteration_5","SCOPE_DATA_COLLECTION",700,2,190.0,250.0,0,3935,2989,980,4048,2894,1034,3934,2974,974,6,5,3,0.0015228426395939086,0.0016784155756965425,0.0030706243602865915,0.31606389890245734,0.7465097060993666,1.3074513344629108,0.6321277978049147,0.7465097060993666,0.8716342229752739,0.23665480427046262,0.4835238735709482,0.5349075975359343,97.5,100.0,4284,2512,1108,13,1,0,0.003034547152194211,3.980891719745223E-4,0.0,0.7000000000000001,0.5,0.8,0.30000000000000004,95.0,70.0,95.0,0.7000000000000001,0.6000000000000001,0.8,0.2,85.0,80.0,85.0,4152,4148,4,4152,9.633911368015414E-4,0.3150413931176501,0.5,0.6300827862353002,989,0.2384281581485053,1.0,1
"iteration_5","SCOPE_DATA_COLLECTION",700,2,190.0,250.0,1,3935,2989,980,4048,2894,1034,3934,2974,974,6,5,3,0.0015228426395939086,0.0016784155756965425,0.0030706243602865915,0.31606389890245734,0.7465097060993666,1.3074513344629108,0.6321277978049147,0.7465097060993666,0.8716342229752739,0.23665480427046262,0.4835238735709482,0.5349075975359343,97.5,100.0,4284,2512,1108,13,1,0,0.003034547152194211,3.980891719745223E-4,0.0,0.7000000000000001,0.5,0.8,0.30000000000000004,95.0,70.0,95.0,0.7000000000000001,0.6000000000000001,0.8,0.2,85.0,80.0,85.0,2936,2930,6,2936,0.0020435967302452314,0.739505316745291,1.0,0.739505316745291,1406,0.47986348122866895,1.0,1
"iteration_5","SCOPE_DATA_COLLECTION",700,2,190.0,250.0,2,3935,2989,980,4048,2894,1034,3934,2974,974,6,5,3,0.0015228426395939086,0.0016784155756965425,0.0030706243602865915,0.31606389890245734,0.7465097060993666,1.3074513344629108,0.6321277978049147,0.7465097060993666,0.8716342229752739,0.23665480427046262,0.4835238735709482,0.5349075975359343,97.5,100.0,4284,2512,1108,13,1,0,0.003034547152194211,3.980891719745223E-4,0.0,0.7000000000000001,0.5,0.8,0.30000000000000004,95.0,70.0,95.0,0.7000000000000001,0.6000000000000001,0.8,0.2,85.0,80.0,85.0,1027,1024,3,1027,0.0029211295034079843,1.2644885695916768,1.5,0.8429923797277845,530,0.517578125,1.0,1
"iteration_5","SCOPE_DATA_COLLECTION",700,3,250.0,310.0,0,4152,2936,1027,3935,2989,980,4146,2934,1024,4,6,3,9.638554216867469E-4,0.0020408163265306124,0.0029211295034079843,0.315382196532467,0.740241721128911,1.2710510330118105,0.630764393064934,0.740241721128911,0.847367355341207,0.238543174143753,0.4812542603953647,0.521484375,100.0,100.0,4299,2645,1171,11,2,0,0.0025587345894394044,7.561436672967864E-4,0.0,0.7000000000000001,0.6000000000000001,0.8,0.2,85.0,80.0,85.0,0.7000000000000001,0.7000000000000001,0.8,0.30000000000000004,75.0,90.0,95.0,4060,4060,0,4060,0.0,0.3211685030263518,0.5,0.6423370060527036,988,0.24334975369458128,1.0,1
"iteration_5","SCOPE_DATA_COLLECTION",700,3,250.0,310.0,1,4152,2936,1027,3935,2989,980,4146,2934,1024,4,6,3,9.638554216867469E-4,0.0020408163265306124,0.0029211295034079843,0.315382196532467,0.740241721128911,1.2710510330118105,0.630764393064934,0.740241721128911,0.847367355341207,0.238543174143753,0.4812542603953647,0.521484375,100.0,100.0,4299,2645,1171,11,2,0,0.0025587345894394044,7.561436672967864E-4,0.0,0.7000000000000001,0.6000000000000001,0.8,0.2,85.0,80.0,85.0,0.7000000000000001,0.7000000000000001,0.8,0.30000000000000004,75.0,90.0,95.0,2840,2837,3,2840,0.001056338028169014,0.7357967341084863,1.0,0.7357967341084863,1358,0.4786746563271061,1.0,1
"iteration_5","SCOPE_DATA_COLLECTION",700,3,250.0,310.0,2,4152,2936,1027,3935,2989,980,4146,2934,1024,4,6,3,9.638554216867469E-4,0.0020408163265306124,0.0029211295034079843,0.315382196532467,0.740241721128911,1.2710510330118105,0.630764393064934,0.740241721128911,0.847367355341207,0.238543174143753,0.4812542603953647,0.521484375,100.0,100.0,4299,2645,1171,11,2,0,0.0025587345894394044,7.561436672967864E-4,0.0,0.7000000000000001,0.6000000000000001,0.8,0.2,85.0,80.0,85.0,0.7000000000000001,0.7000000000000001,0.8,0.30000000000000004,75.0,90.0,95.0,1026,1018,8,1026,0.007797270955165692,1.2775458330331448,1.5,0.8516972220220965,533,0.5235756385068763,1.0,1
"iteration_5","SCOPE_DATA_COLLECTION",700,4,310.0,370.0,0,4060,2840,1026,4152,2936,1027,4052,2831,1026,0,3,8,0.0,0.001058574453069866,0.007736943907156673,0.3201712788886138,0.7315324064781243,1.2773155701197525,0.6403425577772276,0.7315324064781243,0.8515437134131684,0.24160908193484698,0.4758036029671494,0.5233918128654971,95.0,100.0,4255,2548,1123,10,1,0,0.0023501762632197414,3.924646781789639E-4,0.0,0.7000000000000001,0.7000000000000001,0.8,0.30000000000000004,75.0,90.0,95.0,0.8,0.7000000000000001,0.9,0.30000000000000004,75.0,80.0,95.0,4050,4043,7,4050,0.0017283950617283952,0.3211260585938496,0.5,0.6422521171876991,980,0.24239426168686617,1.0,1
"iteration_5","SCOPE_DATA_COLLECTION",700,4,310.0,370.0,1,4060,2840,1026,4152,2936,1027,4052,2831,1026,0,3,8,0.0,0.001058574453069866,0.007736943907156673,0.3201712788886138,0.7315324064781243,1.2773155701197525,0.6403425577772276,0.7315324064781243,0.8515437134131684,0.24160908193484698,0.4758036029671494,0.5233918128654971,95.0,100.0,4255,2548,1123,10,1,0,0.0023501762632197414,3.924646781789639E-4,0.0,0.7000000000000001,0.7000000000000001,0.8,0.30000000000000004,75.0,90.0,95.0,0.8,0.7000000000000001,0.9,0.30000000000000004,75.0,80.0,95.0,2957,2954,3,2957,0.0010145417653026716,0.7534498023361926,1.0,0.7534498023361926,1454,0.4922139471902505,1.0,1
"iteration_5","SCOPE_DATA_COLLECTION",700,4,310.0,370.0,2,4060,2840,1026,4152,2936,1027,4052,2831,1026,0,3,8,0.0,0.001058574453069866,0.007736943907156673,0.3201712788886138,0.7315324064781243,1.2773155701197525,0.6403425577772276,0.7315324064781243,0.8515437134131684,0.24160908193484698,0.4758036029671494,0.5233918128654971,95.0,100.0,4255,2548,1123,10,1,0,0.0023501762632197414,3.924646781789639E-4,0.0,0.7000000000000001,0.7000000000000001,0.8,0.30000000000000004,75.0,90.0,95.0,0.8,0.7000000000000001,0.9,0.30000000000000004,75.0,80.0,95.0,977,971,6,977,0.006141248720573183,1.2577238366684844,1.5,0.8384825577789896,495,0.509783728115345,1.0,1
"iteration_5","SCOPE_DATA_COLLECTION",700,5,370.0,430.0,0,4050,2957,977,4060,2840,1026,4037,2956,970,7,3,6,0.0017309594460929772,0.001013856032443393,0.006147540983606557,0.32085119311703464,0.7557023002229115,1.2539293146975272,0.6417023862340693,0.7557023002229115,0.8359528764650181,0.24052514243249937,0.4942489851150203,0.5082474226804123,97.5,100.0,4303,2935,746,12,4,0,0.0027887520334650244,0.001362862010221465,0.0,0.8,0.7000000000000001,0.9,0.30000000000000004,75.0,80.0,95.0,0.7000000000000001,0.6000000000000001,0.8,0.4,75.0,80.0,95.0,4089,4084,5,4089,0.001222792858889704,0.33014651853389315,0.5,0.6602930370677863,1107,0.2710577864838394,1.0,1
"iteration_5","SCOPE_DATA_COLLECTION",700,5,370.0,430.0,1,4050,2957,977,4060,2840,1026,4037,2956,970,7,3,6,0.0017309594460929772,0.001013856032443393,0.006147540983606557,0.32085119311703464,0.7557023002229115,1.2539293146975272,0.6417023862340693,0.7557023002229115,0.8359528764650181,0.24052514243249937,0.4942489851150203,0.5082474226804123,97.5,100.0,4303,2935,746,12,4,0,0.0027887520334650244,0.001362862010221465,0.0,0.8,0.7000000000000001,0.9,0.30000000000000004,75.0,80.0,95.0,0.7000000000000001,0.6000000000000001,0.8,0.4,75.0,80.0,95.0,3020,3009,11,3020,0.003642384105960265,0.7383110405876679,1.0,0.7383110405876679,1441,0.47889664340312393,1.0,1
"iteration_5","SCOPE_DATA_COLLECTION",700,5,370.0,430.0,2,4050,2957,977,4060,2840,1026,4037,2956,970,7,3,6,0.0017309594460929772,0.001013856032443393,0.006147540983606557,0.32085119311703464,0.7557023002229115,1.2539293146975272,0.6417023862340693,0.7557023002229115,0.8359528764650181,0.24052514243249937,0.4942489851150203,0.5082474226804123,97.5,100.0,4303,2935,746,12,4,0,0.0027887520334650244,0.001362862010221465,0.0,0.8,0.7000000000000001,0.9,0.30000000000000004,75.0,80.0,95.0,0.7000000000000001,0.6000000000000001,0.8,0.4,75.0,80.0,95.0,1030,1019,11,1030,0.010679611650485437,1.297753403323353,1.5,0.8651689355489021,532,0.5220804710500491,1.0,1
"iteration_5","SCOPE_DATA_COLLECTION",700,6,430.0,490.0,0,4089,3020,1030,4050,2957,977,4094,3023,1016,5,11,11,0.0012198097096852891,0.0036255767963085037,0.010710808179162609,0.3310197336504262,0.7412592820262598,1.2980537329342396,0.6620394673008524,0.7412592820262598,0.8653691552894931,0.2740595994137763,0.4799867681111479,0.5216535433070866,95.0,100.0,4343,2609,1187,24,3,0,0.005526134008749712,0.0011498658489842851,0.0,0.7000000000000001,0.6000000000000001,0.8,0.4,75.0,80.0,95.0,0.45,0.6000000000000001,0.2,0.2,60.0,85.0,30.0,4072,4071,1,4072,2.455795677799607E-4,0.3208035476961646,0.5,0.6416070953923292,987,0.24244657332350775,1.0,1
"iteration_5","SCOPE_DATA_COLLECTION",700,6,430.0,490.0,1,4089,3020,1030,4050,2957,977,4094,3023,1016,5,11,11,0.0012198097096852891,0.0036255767963085037,0.010710808179162609,0.3310197336504262,0.7412592820262598,1.2980537329342396,0.6620394673008524,0.7412592820262598,0.8653691552894931,0.2740595994137763,0.4799867681111479,0.5216535433070866,95.0,100.0,4343,2609,1187,24,3,0,0.005526134008749712,0.0011498658489842851,0.0,0.7000000000000001,0.6000000000000001,0.8,0.4,75.0,80.0,95.0,0.45,0.6000000000000001,0.2,0.2,60.0,85.0,30.0,2875,2868,7,2875,0.002434782608695652,0.705377764192925,1.0,0.705377764192925,1355,0.4724546722454672,1.0,1
"iteration_5","SCOPE_DATA_COLLECTION",700,6,430.0,490.0,2,4089,3020,1030,4050,2957,977,4094,3023,1016,5,11,11,0.0012198097096852891,0.0036255767963085037,0.010710808179162609,0.3310197336504262,0.7412592820262598,1.2980537329342396,0.6620394673008524,0.7412592820262598,0.8653691552894931,0.2740595994137763,0.4799867681111479,0.5216535433070866,95.0,100.0,4343,2609,1187,24,3,0,0.005526134008749712,0.0011498658489842851,0.0,0.7000000000000001,0.6000000000000001,0.8,0.4,75.0,80.0,95.0,0.45,0.6000000000000001,0.2,0.2,60.0,85.0,30.0,999,997,2,999,0.002002002002002002,1.291337852034607,1.5,0.8608919013564047,532,0.5336008024072216,1.0,1
"iteration_5","SCOPE_DATA_COLLECTION",700,7,490.0,550.0,0,4072,2875,999,4089,3020,1030,4078,2861,994,1,7,2,2.4515812699190976E-4,0.0024407252440725243,0.002008032128514056,0.32094501428726074,0.7037682006372562,1.2895860346707626,0.6418900285745215,0.7037682006372562,0.8597240231138418,0.2432564982834723,0.47116392869626006,0.5331991951710262,95.0,100.0,4323,1624,1999,8,2,0,0.0018505667360629193,0.0012315270935960591,0.0,0.45,0.6000000000000001,0.2,0.2,60.0,85.0,30.0,0.45,0.6000000000000001,0.1,0.2,70.0,85.0,20.0,4117,4114,3,4117,7.286859363614282E-4,0.3089754346305675,0.5,0.617950869261135,898,0.2182790471560525,1.0,1
"iteration_5","SCOPE_DATA_COLLECTION",700,7,490.0,550.0,1,4072,2875,999,4089,3020,1030,4078,2861,994,1,7,2,2.4515812699190976E-4,0.0024407252440725243,0.002008032128514056,0.32094501428726074,0.7037682006372562,1.2895860346707626,0.6418900285745215,0.7037682006372562,0.8597240231138418,0.2432564982834723,0.47116392869626006,0.5331991951710262,95.0,100.0,4323,1624,1999,8,2,0,0.0018505667360629193,0.0012315270935960591,0.0,0.45,0.6000000000000001,0.2,0.2,60.0,85.0,30.0,0.45,0.6000000000000001,0.1,0.2,70.0,85.0,20.0,2922,2919,3,2922,0.001026694045174538,0.6881785794763499,1.0,0.6881785794763499,1346,0.46111682082905103,1.0,1
"iteration_5","SCOPE_DATA_COLLECTION",700,7,490.0,550.0,2,4072,2875,999,4089,3020,1030,4078,2861,994,1,7,2,2.4515812699190976E-4,0.0024407252440725243,0.002008032128514056,0.32094501428726074,0.7037682006372562,1.2895860346707626,0.6418900285745215,0.7037682006372562,0.8597240231138418,0.2432564982834723,0.47116392869626006,0.5331991951710262,95.0,100.0,4323,1624,1999,8,2,0,0.0018505667360629193,0.0012315270935960591,0.0,0.45,0.6000000000000001,0.2,0.2,60.0,85.0,30.0,0.45,0.6000000000000001,0.1,0.2,70.0,85.0,20.0,987,986,1,987,0.0010131712259371835,1.3033297331133318,1.5,0.8688864887422212,542,0.5496957403651116,1.0,1
"iteration_5","SCOPE_DATA_COLLECTION",700,8,550.0,610.0,0,4117,2922,987,4072,2875,999,4110,2910,990,3,3,1,7.293946024799417E-4,0.0010298661174047373,0.0010090817356205853,0.3092338711745596,0.6891373762674029,1.3090458261732532,0.6184677423491192,0.6891373762674029,0.8726972174488354,0.21800486618004866,0.46151202749140896,0.5515151515151515,95.0,100.0,4344,1685,1997,5,2,0,0.0011510128913443832,0.0011869436201780415,0.0,0.45,0.6000000000000001,0.1,0.2,70.0,85.0,20.0,0.6000000000000001,0.4,0.1,0.5,95.0,85.0,65.0,4039,4038,1,4039,2.475860361475613E-4,0.3108920759767138,0.5,0.6217841519534276,938,0.23229321446260526,1.0,1
"iteration_5","SCOPE_DATA_COLLECTION",700,8,550.0,610.0,1,4117,2922,987,4072,2875,999,4110,2910,990,3,3,1,7.293946024799417E-4,0.0010298661174047373,0.0010090817356205853,0.3092338711745596,0.6891373762674029,1.3090458261732532,0.6184677423491192,0.6891373762674029,0.8726972174488354,0.21800486618004866,0.46151202749140896,0.5515151515151515,95.0,100.0,4344,1685,1997,5,2,0,0.0011510128913443832,0.0011869436201780415,0.0,0.45,0.6000000000000001,0.1,0.2,70.0,85.0,20.0,0.6000000000000001,0.4,0.1,0.5,95.0,85.0,65.0,2929,2925,4,2929,0.0013656538067599864,0.6782973913477107,1.0,0.6782973913477107,1314,0.4492307692307692,1.0,1
"iteration_5","SCOPE_DATA_COLLECTION",700,8,550.0,610.0,2,4117,2922,987,4072,2875,999,4110,2910,990,3,3,1,7.293946024799417E-4,0.0010298661174047373,0.0010090817356205853,0.3092338711745596,0.6891373762674029,1.3090458261732532,0.6184677423491192,0.6891373762674029,0.8726972174488354,0.21800486618004866,0.46151202749140896,0.5515151515151515,95.0,100.0,4344,1685,1997,5,2,0,0.0011510128913443832,0.0011869436201780415,0.0,0.45,0.6000000000000001,0.1,0.2,70.0,85.0,20.0,0.6000000000000001,0.4,0.1,0.5,95.0,85.0,65.0,1077,1072,5,1077,0.004642525533890436,1.3125940457465106,1.5,0.8750626971643404,580,0.5410447761194029,1.0,1
"iteration_5","SCOPE_DATA_COLLECTION",700,9,610.0,670.0,0,4039,2929,1077,4117,2922,987,4038,2920,1065,1,4,5,2.475860361475613E-4,0.0013679890560875513,0.004672897196261682,0.31053563415721025,0.6776033864123862,1.3071654641498898,0.6210712683144205,0.6776033864123862,0.8714436427665931,0.2310549777117385,0.448972602739726,0.5389671361502347,100.0,100.0,4251,2290,1504,8,2,0,0.0018819101387908728,8.733624454148472E-4,0.0,0.6000000000000001,0.4,0.1,0.5,95.0,85.0,65.0,0.5,0.5,0.1,0.6000000000000001,95.0,95.0,65.0,4025,4019,6,4025,0.0014906832298136647,0.2986843174542071,0.5,0.5973686349084142,814,0.2025379447623787,1.0,1
"iteration_5","SCOPE_DATA_COLLECTION",700,9,610.0,670.0,1,4039,2929,1077,4117,2922,987,4038,2920,1065,1,4,5,2.475860361475613E-4,0.0013679890560875513,0.004672897196261682,0.31053563415721025,0.6776033864123862,1.3071654641498898,0.6210712683144205,0.6776033864123862,0.8714436427665931,0.2310549777117385,0.448972602739726,0.5389671361502347,100.0,100.0,4251,2290,1504,8,2,0,0.0018819101387908728,8.733624454148472E-4,0.0,0.6000000000000001,0.4,0.1,0.5,95.0,85.0,65.0,0.5,0.5,0.1,0.6000000000000001,95.0,95.0,65.0,2894,2892,2,2894,6.91085003455425E-4,0.6725548102186172,1.0,0.6725548102186172,1274,0.4405255878284924,1.0,1
"iteration_5","SCOPE_DATA_COLLECTION",700,9,610.0,670.0,2,4039,2929,1077,4117,2922,987,4038,2920,1065,1,4,5,2.475860361475613E-4,0.0013679890560875513,0.004672897196261682,0.31053563415721025,0.6776033864123862,1.3071654641498898,0.6210712683144205,0.6776033864123862,0.8714436427665931,0.2310549777117385,0.448972602739726,0.5389671361502347,100.0,100.0,4251,2290,1504,8,2,0,0.0018819101387908728,8.733624454148472E-4,0.0,0.6000000000000001,0.4,0.1,0.5,95.0,85.0,65.0,0.5,0.5,0.1,0.6000000000000001,95.0,95.0,65.0,1073,1067,6,1073,0.005591798695246971,1.2690747717926336,1.5,0.8460498478617557,555,0.5201499531396439,1.0,1
"iteration_5","SCOPE_DATA_COLLECTION",700,10,670.0,730.0,0,4025,2894,1073,4039,2929,1077,4010,2913,1076,6,2,6,0.00149402390438247,6.861063464837049E-4,0.005545286506469501,0.2989639420859121,0.6737194296628349,1.2732421200647799,0.5979278841718242,0.6737194296628349,0.8488280800431866,0.20498753117206983,0.44181256436663235,0.5223048327137546,97.5,100.0,4193,1950,1849,14,0,0,0.00333889816360601,0.0,0.0,0.5,0.5,0.1,0.6000000000000001,95.0,95.0,65.0,0.4,0.5,0.1,0.7000000000000001,95.0,85.0,65.0,4109,4106,3,4109,7.301046483329277E-4,0.3040604700312989,0.5,0.6081209400625978,920,0.22406234778373113,1.0,1
"iteration_5","SCOPE_DATA_COLLECTION",700,10,670.0,730.0,1,4025,2894,1073,4039,2929,1077,4010,2913,1076,6,2,6,0.00149402390438247,6.861063464837049E-4,0.005545286506469501,0.2989639420859121,0.6737194296628349,1.2732421200647799,0.5979278841718242,0.6737194296628349,0.8488280800431866,0.20498753117206983,0.44181256436663235,0.5223048327137546,97.5,100.0,4193,1950,1849,14,0,0,0.00333889816360601,0.0,0.0,0.5,0.5,0.1,0.6000000000000001,95.0,95.0,65.0,0.4,0.5,0.1,0.7000000000000001,95.0,85.0,65.0,2964,2962,2,2964,6.747638326585695E-4,0.6852403723713607,1.0,0.6852403723713607,1358,0.45847400405131666,1.0,1
"iteration_5","SCOPE_DATA_COLLECTION",700,10,670.0,730.0,2,4025,2894,1073,4039,2929,1077,4010,2913,1076,6,2,6,0.00149402390438247,6.861063464837049E-4,0.005545286506469501,0.2989639420859121,0.6737194296628349,1.2732421200647799,0.5979278841718242,0.6737194296628349,0.8488280800431866,0.20498753117206983,0.44181256436663235,0.5223048327137546,97.5,100.0,4193,1950,1849,14,0,0,0.00333889816360601,0.0,0.0,0.5,0.5,0.1,0.6000000000000001,95.0,95.0,65.0,0.4,0.5,0.1,0.7000000000000001,95.0,85.0,65.0,1039,1033,6,1039,0.005774783445620789,1.3138790383905836,1.5,0.8759193589270557,564,0.5459825750242013,1.0,1
"iteration_5","SCOPE_DATA_COLLECTION",700,11,730.0,790.0,0,4109,2964,1039,4025,2894,1073,4110,2954,1026,3,2,6,7.293946024799417E-4,6.765899864682003E-4,0.005813953488372093,0.30345406820162024,0.683944796332811,1.3070221983978725,0.6069081364032405,0.683944796332811,0.8713481322652483,0.22189781021897811,0.45734597156398105,0.5428849902534113,97.5,100.0,4283,1574,2255,11,0,0,0.0025682932523931824,0.0,0.0,0.4,0.5,0.1,0.7000000000000001,95.0,85.0,65.0,0.05,0.6000000000000001,0.6000000000000001,0.5,85.0,30.0,30.0,4130,3973,157,4130,0.03801452784503632,0.3863451505033534,0.5,0.7726903010067068,1193,0.3002768688648377,1.0,1
"iteration_5","SCOPE_DATA_COLLECTION",700,11,730.0,790.0,1,4109,2964,1039,4025,2894,1073,4110,2954,1026,3,2,6,7.293946024799417E-4,6.765899864682003E-4,0.005813953488372093,0.30345406820162024,0.683944796332811,1.3070221983978725,0.6069081364032405,0.683944796332811,0.8713481322652483,0.22189781021897811,0.45734597156398105,0.5428849902534113,97.5,100.0,4283,1574,2255,11,0,0,0.0025682932523931824,0.0,0.0,0.4,0.5,0.1,0.7000000000000001,95.0,85.0,65.0,0.05,0.6000000000000001,0.6000000000000001,0.5,85.0,30.0,30.0,2794,2678,116,2794,0.04151753758052971,0.7925399996866289,1.0,0.7925399996866289,1335,0.49850634802091115,1.0,1
"iteration_5","SCOPE_DATA_COLLECTION",700,11,730.0,790.0,2,4109,2964,1039,4025,2894,1073,4110,2954,1026,3,2,6,7.293946024799417E-4,6.765899864682003E-4,0.005813953488372093,0.30345406820162024,0.683944796332811,1.3070221983978725,0.6069081364032405,0.683944796332811,0.8713481322652483,0.22189781021897811,0.45734597156398105,0.5428849902534113,97.5,100.0,4283,1574,2255,11,0,0,0.0025682932523931824,0.0,0.0,0.4,0.5,0.1,0.7000000000000001,95.0,85.0,65.0,0.05,0.6000000000000001,0.6000000000000001,0.5,85.0,30.0,30.0,1048,1001,47,1048,0.04484732824427481,1.4060581899085822,1.5,0.9373721266057214,565,0.5644355644355644,1.0,1
"iteration_5","SCOPE_DATA_COLLECTION",700,12,790.0,850.0,0,4130,2794,1048,4109,2964,1039,3978,2680,1003,157,116,47,0.03796856106408706,0.04148783977110158,0.04476190476190476,0.3867516387183628,0.793350389900645,1.4114292255184093,0.7735032774367256,0.793350389900645,0.9409528170122728,0.3009049773755656,0.5003731343283582,0.5663010967098704,97.5,100.0,4314,194,3464,25,0,295,0.005795085767269356,0.0,0.08516166281755197,0.05,0.6000000000000001,0.6000000000000001,0.5,85.0,30.0,30.0,0.05,0.5,0.5,0.5,75.0,20.0,20.0,4118,3907,211,4118,0.05123846527440505,0.36188022330065955,0.5,0.7237604466013191,1047,0.26798054773483493,1.0,1
"iteration_5","SCOPE_DATA_COLLECTION",700,12,790.0,850.0,1,4130,2794,1048,4109,2964,1039,3978,2680,1003,157,116,47,0.03796856106408706,0.04148783977110158,0.04476190476190476,0.3867516387183628,0.793350389900645,1.4114292255184093,0.7735032774367256,0.793350389900645,0.9409528170122728,0.3009049773755656,0.5003731343283582,0.5663010967098704,97.5,100.0,4314,194,3464,25,0,295,0.005795085767269356,0.0,0.08516166281755197,0.05,0.6000000000000001,0.6000000000000001,0.5,85.0,30.0,30.0,0.05,0.5,0.5,0.5,75.0,20.0,20.0,2894,2760,134,2894,0.04630269523151347,0.790758176711723,1.0,0.790758176711723,1351,0.4894927536231884,1.0,1
"iteration_5","SCOPE_DATA_COLLECTION",700,12,790.0,850.0,2,4130,2794,1048,4109,2964,1039,3978,2680,1003,157,116,47,0.03796856106408706,0.04148783977110158,0.04476190476190476,0.3867516387183628,0.793350389900645,1.4114292255184093,0.7735032774367256,0.793350389900645,0.9409528170122728,0.3009049773755656,0.5003731343283582,0.5663010967098704,97.5,100.0,4314,194,3464,25,0,295,0.005795085767269356,0.0,0.08516166281755197,0.05,0.6000000000000001,0.6000000000000001,0.5,85.0,30.0,30.0,0.05,0.5,0.5,0.5,75.0,20.0,20.0,1032,981,51,1032,0.04941860465116279,1.4099729723943566,1.5,0.9399819815962377,555,0.5657492354740061,1.0,1
"iteration_5","SCOPE_DATA_COLLECTION",700,13,850.0,910.0,0,4118,2894,1032,4130,2794,1048,3902,2759,981,211,134,51,0.05130075370775589,0.04631870031109575,0.04941860465116279,0.36208825148986895,0.791446309603944,1.4126520543735546,0.7241765029797379,0.791446309603944,0.9417680362490364,0.26986160943106097,0.4889452700253715,0.5677879714576962,100.0,100.0,4334,159,3551,16,0,380,0.0036917397323488694,0.0,0.10701210926499577,0.05,0.5,0.5,0.5,75.0,20.0,20.0,0.05,0.5,0.5,0.5,75.0,20.0,20.0,4130,3957,173,4130,0.04188861985472155,0.35559707595209783,0.5,0.7111941519041957,1000,0.25271670457417234,1.0,1
"iteration_5","SCOPE_DATA_COLLECTION",700,13,850.0,910.0,1,4118,2894,1032,4130,2794,1048,3902,2759,981,211,134,51,0.05130075370775589,0.04631870031109575,0.04941860465116279,0.36208825148986895,0.791446309603944,1.4126520543735546,0.7241765029797379,0.791446309603944,0.9417680362490364,0.26986160943106097,0.4889452700253715,0.5677879714576962,100.0,100.0,4334,159,3551,16,0,380,0.0036917397323488694,0.0,0.10701210926499577,0.05,0.5,0.5,0.5,75.0,20.0,20.0,0.05,0.5,0.5,0.5,75.0,20.0,20.0,2890,2767,123,2890,0.04256055363321799,0.7828116330042801,1.0,0.7828116330042801,1428,0.5160823997108782,1.0,1
"iteration_5","SCOPE_DATA_COLLECTION",700,13,850.0,910.0,2,4118,2894,1032,4130,2794,1048,3902,2759,981,211,134,51,0.05130075370775589,0.04631870031109575,0.04941860465116279,0.36208825148986895,0.791446309603944,1.4126520543735546,0.7241765029797379,0.791446309603944,0.9417680362490364,0.26986160943106097,0.4889452700253715,0.5677879714576962,100.0,100.0,4334,159,3551,16,0,380,0.0036917397323488694,0.0,0.10701210926499577,0.05,0.5,0.5,0.5,75.0,20.0,20.0,0.05,0.5,0.5,0.5,75.0,20.0,20.0,965,923,42,965,0.043523316062176166,1.383433696225925,1.5,0.9222891308172834,515,0.5579631635969664,1.0,1
"iteration_5","SCOPE_DATA_COLLECTION",700,14,910.0,970.0,0,4130,2890,965,4118,2894,1032,3953,2767,919,173,123,42,0.04192922927775085,0.04256055363321799,0.043704474505723206,0.3549650168997839,0.7811270159327462,1.3777022141455624,0.7099300337995678,0.7811270159327462,0.9184681427637083,0.25044270174550975,0.5160823997108782,0.5549510337323177,97.5,100.0,4340,178,3467,16,0,322,0.003686635944700461,0.0,0.09287568503028555,0.05,0.5,0.5,0.5,75.0,20.0,20.0,0.05,0.7000000000000001,0.6000000000000001,0.30000000000000004,40.0,60.0,35.0,4069,3862,207,4069,0.050872450233472595,0.3557636054300669,0.5,0.7115272108601338,1011,0.26178146038322114,1.0,1
"iteration_5","SCOPE_DATA_COLLECTION",700,14,910.0,970.0,1,4130,2890,965,4118,2894,1032,3953,2767,919,173,123,42,0.04192922927775085,0.04256055363321799,0.043704474505723206,0.3549650168997839,0.7811270159327462,1.3777022141455624,0.7099300337995678,0.7811270159327462,0.9184681427637083,0.25044270174550975,0.5160823997108782,0.5549510337323177,97.5,100.0,4340,178,3467,16,0,322,0.003686635944700461,0.0,0.09287568503028555,0.05,0.5,0.5,0.5,75.0,20.0,20.0,0.05,0.7000000000000001,0.6000000000000001,0.30000000000000004,40.0,60.0,35.0,2883,2726,157,2883,0.054457162677766215,0.7967706922102847,1.0,0.7967706922102847,1352,0.495964783565664,1.0,1
"iteration_5","SCOPE_DATA_COLLECTION",700,14,910.0,970.0,2,4130,2890,965,4118,2894,1032,3953,2767,919,173,123,42,0.04192922927775085,0.04256055363321799,0.043704474505723206,0.3549650168997839,0.7811270159327462,1.3777022141455624,0.7099300337995678,0.7811270159327462,0.9184681427637083,0.25044270174550975,0.5160823997108782,0.5549510337323177,97.5,100.0,4340,178,3467,16,0,322,0.003686635944700461,0.0,0.09287568503028555,0.05,0.5,0.5,0.5,75.0,20.0,20.0,0.05,0.7000000000000001,0.6000000000000001,0.30000000000000004,40.0,60.0,35.0,1000,941,59,1000,0.059,1.417466401737052,1.5,0.9449776011580346,547,0.5812964930924548,1.0,1
"iteration_5","SCOPE_DATA_COLLECTION",700,15,970.0,1030.0,0,4069,2883,1000,4130,2890,965,3872,2726,942,207,157,59,0.05074773228732533,0.054457162677766215,0.058941058941058944,0.35602715487929837,0.798176375276114,1.4190180005745228,0.7120543097585967,0.798176375276114,0.9460120003830151,0.26162190082644626,0.4955979457079971,0.5817409766454352,97.5,100.0,4237,183,3532,15,0,408,0.003540240736370073,0.0,0.11551528878822197,0.05,0.7000000000000001,0.6000000000000001,0.30000000000000004,40.0,60.0,35.0,0.75,0.9,0.30000000000000004,0.2,25.0,50.0,75.0,4214,4209,5,4214,0.0011865211200759373,0.3274992844501343,0.5,0.6549985689002686,1085,0.25778094559277737,1.0,1
"iteration_5","SCOPE_DATA_COLLECTION",700,15,970.0,1030.0,1,4069,2883,1000,4130,2890,965,3872,2726,942,207,157,59,0.05074773228732533,0.054457162677766215,0.058941058941058944,0.35602715487929837,0.798176375276114,1.4190180005745228,0.7120543097585967,0.798176375276114,0.9460120003830151,0.26162190082644626,0.4955979457079971,0.5817409766454352,97.5,100.0,4237,183,3532,15,0,408,0.003540240736370073,0.0,0.11551528878822197,0.05,0.7000000000000001,0.6000000000000001,0.30000000000000004,40.0,60.0,35.0,0.75,0.9,0.30000000000000004,0.2,25.0,50.0,75.0,2875,2867,8,2875,0.002782608695652174,0.6974735561587773,1.0,0.6974735561587773,1299,0.45308685036623647,1.0,1
"iteration_5","SCOPE_DATA_COLLECTION",700,15,970.0,1030.0,2,4069,2883,1000,4130,2890,965,3872,2726,942,207,157,59,0.05074773228732533,0.054457162677766215,0.058941058941058944,0.35602715487929837,0.798176375276114,1.4190180005745228,0.7120543097585967,0.798176375276114,0.9460120003830151,0.26162190082644626,0.4955979457079971,0.5817409766454352,97.5,100.0,4237,183,3532,15,0,408,0.003540240736370073,0.0,0.11551528878822197,0.05,0.7000000000000001,0.6000000000000001,0.30000000000000004,40.0,60.0,35.0,0.75,0.9,0.30000000000000004,0.2,25.0,50.0,75.0,1018,1015,3,1018,0.0029469548133595285,1.2579706472013077,1.5,0.8386470981342051,524,0.516256157635468,1.0,1
"iteration_5","SCOPE_DATA_COLLECTION",700,16,1030.0,1090.0,0,4214,2875,1018,4069,2883,1000,4198,2873,1018,5,8,3,0.0011896264572924102,0.0027768136063866713,0.002938295788442703,0.3268813271483352,0.6985922965625235,1.256774726532488,0.6537626542966704,0.6985922965625235,0.8378498176883253,0.2567889471176751,0.4535328924469196,0.5157170923379175,97.5,100.0,4323,2810,974,12,4,0,0.002775850104094379,0.0014234875444839859,0.0,0.75,0.9,0.30000000000000004,0.2,25.0,50.0,75.0,0.5,0.9,0.4,0.9,70.0,25.0,95.0,4151,4147,4,4151,9.63623223319682E-4,0.3243904933852912,0.5,0.6487809867705824,1088,0.26235833132384856,1.0,1
"iteration_5","SCOPE_DATA_COLLECTION",700,16,1030.0,1090.0,1,4214,2875,1018,4069,2883,1000,4198,2873,1018,5,8,3,0.0011896264572924102,0.0027768136063866713,0.002938295788442703,0.3268813271483352,0.6985922965625235,1.256774726532488,0.6537626542966704,0.6985922965625235,0.8378498176883253,0.2567889471176751,0.4535328924469196,0.5157170923379175,97.5,100.0,4323,2810,974,12,4,0,0.002775850104094379,0.0014234875444839859,0.0,0.75,0.9,0.30000000000000004,0.2,25.0,50.0,75.0,0.5,0.9,0.4,0.9,70.0,25.0,95.0,3016,3010,6,3016,0.001989389920424403,0.7162347666099085,1.0,0.7162347666099085,1426,0.47375415282392025,1.0,1
"iteration_5","SCOPE_DATA_COLLECTION",700,16,1030.0,1090.0,2,4214,2875,1018,4069,2883,1000,4198,2873,1018,5,8,3,0.0011896264572924102,0.0027768136063866713,0.002938295788442703,0.3268813271483352,0.6985922965625235,1.256774726532488,0.6537626542966704,0.6985922965625235,0.8378498176883253,0.2567889471176751,0.4535328924469196,0.5157170923379175,97.5,100.0,4323,2810,974,12,4,0,0.002775850104094379,0.0014234875444839859,0.0,0.75,0.9,0.30000000000000004,0.2,25.0,50.0,75.0,0.5,0.9,0.4,0.9,70.0,25.0,95.0,1002,992,10,1002,0.00998003992015968,1.3110162559279106,1.5,0.8740108372852737,525,0.5292338709677419,1.0,1
"iteration_5","SCOPE_DATA_COLLECTION",700,17,1090.0,1150.0,0,4151,3016,1002,4214,2875,1018,4156,3003,994,4,6,10,9.615384615384616E-4,0.0019940179461615153,0.0099601593625498,0.32536595340294466,0.7149926171706135,1.310918914326075,0.6507319068058893,0.7149926171706135,0.87394594288405,0.2651588065447546,0.4725274725274725,0.5291750503018109,100.0,100.0,4354,1896,1919,17,3,0,0.0039044556729444188,0.0015822784810126582,0.0,0.5,0.9,0.4,0.9,70.0,25.0,95.0,0.4,0.9,0.5,0.9,70.0,25.0,95.0,4089,4079,10,4089,0.002445585717779408,0.3251141822066884,0.5,0.6502283644133768,1117,0.27384162784996324,1.0,1
"iteration_5","SCOPE_DATA_COLLECTION",700,17,1090.0,1150.0,1,4151,3016,1002,4214,2875,1018,4156,3003,994,4,6,10,9.615384615384616E-4,0.0019940179461615153,0.0099601593625498,0.32536595340294466,0.7149926171706135,1.310918914326075,0.6507319068058893,0.7149926171706135,0.87394594288405,0.2651588065447546,0.4725274725274725,0.5291750503018109,100.0,100.0,4354,1896,1919,17,3,0,0.0039044556729444188,0.0015822784810126582,0.0,0.5,0.9,0.4,0.9,70.0,25.0,95.0,0.4,0.9,0.5,0.9,70.0,25.0,95.0,2850,2845,5,2850,0.0017543859649122807,0.7389439899545551,1.0,0.7389439899545551,1391,0.4889279437609842,1.0,1
"iteration_5","SCOPE_DATA_COLLECTION",700,17,1090.0,1150.0,2,4151,3016,1002,4214,2875,1018,4156,3003,994,4,6,10,9.615384615384616E-4,0.0019940179461615153,0.0099601593625498,0.32536595340294466,0.7149926171706135,1.310918914326075,0.6507319068058893,0.7149926171706135,0.87394594288405,0.2651588065447546,0.4725274725274725,0.5291750503018109,100.0,100.0,4354,1896,1919,17,3,0,0.0039044556729444188,0.0015822784810126582,0.0,0.5,0.9,0.4,0.9,70.0,25.0,95.0,0.4,0.9,0.5,0.9,70.0,25.0,95.0,1038,1028,10,1038,0.009633911368015413,1.3234539519878896,1.5,0.882302634658593,550,0.5350194552529183,1.0,1
"iteration_5","SCOPE_DATA_COLLECTION",700,18,1150.0,1210.0,0,4089,2850,1038,4151,3016,1002,4076,2846,1028,10,5,10,0.0024473813020068525,0.00175377060680463,0.009633911368015413,0.3247771590425568,0.737682197855314,1.3236851587586351,0.6495543180851135,0.737682197855314,0.8824567725057567,0.2725711481844946,0.4884047786366831,0.5359922178988327,95.0,100.0,4278,1483,2216,23,2,0,0.005376344086021506,0.0013486176668914363,0.0,0.4,0.9,0.5,0.9,70.0,25.0,95.0,0.30000000000000004,0.8,0.5,0.9,60.0,20.0,85.0,4071,4051,20,4071,0.0049127978383689515,0.32590376607992677,0.5,0.6518075321598535,1033,0.2549987657368551,1.0,1
"iteration_5","SCOPE_DATA_COLLECTION",700,18,1150.0,1210.0,1,4089,2850,1038,4151,3016,1002,4076,2846,1028,10,5,10,0.0024473813020068525,0.00175377060680463,0.009633911368015413,0.3247771590425568,0.737682197855314,1.3236851587586351,0.6495543180851135,0.737682197855314,0.8824567725057567,0.2725711481844946,0.4884047786366831,0.5359922178988327,95.0,100.0,4278,1483,2216,23,2,0,0.005376344086021506,0.0013486176668914363,0.0,0.4,0.9,0.5,0.9,70.0,25.0,95.0,0.30000000000000004,0.8,0.5,0.9,60.0,20.0,85.0,2965,2956,9,2965,0.0030354131534569982,0.7305754045097489,1.0,0.7305754045097489,1399,0.4732746955345061,1.0,1
"iteration_5","SCOPE_DATA_COLLECTION",700,18,1150.0,1210.0,2,4089,2850,1038,4151,3016,1002,4076,2846,1028,10,5,10,0.0024473813020068525,0.00175377060680463,0.009633911368015413,0.3247771590425568,0.737682197855314,1.3236851587586351,0.6495543180851135,0.737682197855314,0.8824567725057567,0.2725711481844946,0.4884047786366831,0.5359922178988327,95.0,100.0,4278,1483,2216,23,2,0,0.005376344086021506,0.0013486176668914363,0.0,0.4,0.9,0.5,0.9,70.0,25.0,95.0,0.30000000000000004,0.8,0.5,0.9,60.0,20.0,85.0,1010,1000,10,1010,0.009900990099009901,1.3129915715997373,1.5,0.8753277143998249,532,0.532,1.0,1
"iteration_5","SCOPE_DATA_COLLECTION",700,19,1210.0,1270.0,0,4071,2965,1010,4089,2850,1038,4055,2959,991,20,9,10,0.0049079754601227,0.003032345013477089,0.00999000999000999,0.32562961311482386,0.7297413340926718,1.3068760417541352,0.6512592262296477,0.7297413340926718,0.8712506945027568,0.25425400739827375,0.4748225751943224,0.5287588294651867,100.0,100.0,4265,1124,2657,16,0,23,0.0037514654161781946,0.0,0.008656379375235227,0.30000000000000004,0.8,0.5,0.9,60.0,20.0,85.0,0.1,0.30000000000000004,0.6000000000000001,0.9,90.0,60.0,80.0,4118,4063,55,4118,0.013355998057309373,0.3494971605802288,0.5,0.6989943211604576,996,0.24513905980802364,1.0,1
"iteration_5","SCOPE_DATA_COLLECTION",700,19,1210.0,1270.0,1,4071,2965,1010,4089,2850,1038,4055,2959,991,20,9,10,0.0049079754601227,0.003032345013477089,0.00999000999000999,0.32562961311482386,0.7297413340926718,1.3068760417541352,0.6512592262296477,0.7297413340926718,0.8712506945027568,0.25425400739827375,0.4748225751943224,0.5287588294651867,100.0,100.0,4265,1124,2657,16,0,23,0.0037514654161781946,0.0,0.008656379375235227,0.30000000000000004,0.8,0.5,0.9,60.0,20.0,85.0,0.1,0.30000000000000004,0.6000000000000001,0.9,90.0,60.0,80.0,2847,2800,47,2847,0.01650860554970144,0.7819012600002623,1.0,0.7819012600002623,1405,0.5017857142857143,1.0,1
"iteration_5","SCOPE_DATA_COLLECTION",700,19,1210.0,1270.0,2,4071,2965,1010,4089,2850,1038,4055,2959,991,20,9,10,0.0049079754601227,0.003032345013477089,0.00999000999000999,0.32562961311482386,0.7297413340926718,1.3068760417541352,0.6512592262296477,0.7297413340926718,0.8712506945027568,0.25425400739827375,0.4748225751943224,0.5287588294651867,100.0,100.0,4265,1124,2657,16,0,23,0.0037514654161781946,0.0,0.008656379375235227,0.30000000000000004,0.8,0.5,0.9,60.0,20.0,85.0,0.1,0.30000000000000004,0.6000000000000001,0.9,90.0,60.0,80.0,985,966,19,985,0.019289340101522844,1.372176480059197,1.5,0.9147843200394646,534,0.5527950310559007,1.0,1
"iteration_5","SCOPE_DATA_COLLECTION",700,20,1270.0,1330.0,0,4118,2847,985,4071,2965,1010,4036,2783,975,55,47,19,0.01344414568565143,0.016607773851590107,0.019114688128772636,0.3383105602757575,0.7708781976103289,1.374126864213097,0.676621120551515,0.7708781976103289,0.9160845761420647,0.24380574826560952,0.49874236435501257,0.5558974358974359,100.0,100.0,4378,381,3191,18,0,103,0.004111466423024212,0.0,0.0322782826700094,0.1,0.30000000000000004,0.6000000000000001,0.9,90.0,60.0,80.0,0.1,0.30000000000000004,0.6000000000000001,0.9,90.0,60.0,80.0,4102,3957,145,4102,0.03534861043393467,0.33431717170060987,0.5,0.6686343434012197,888,0.22441243366186506,1.0,1
"iteration_5","SCOPE_DATA_COLLECTION",700,20,1270.0,1330.0,1,4118,2847,985,4071,2965,1010,4036,2783,975,55,47,19,0.01344414568565143,0.016607773851590107,0.019114688128772636,0.3383105602757575,0.7708781976103289,1.374126864213097,0.676621120551515,0.7708781976103289,0.9160845761420647,0.24380574826560952,0.49874236435501257,0.5558974358974359,100.0,100.0,4378,381,3191,18,0,103,0.004111466423024212,0.0,0.0322782826700094,0.1,0.30000000000000004,0.6000000000000001,0.9,90.0,60.0,80.0,0.1,0.30000000000000004,0.6000000000000001,0.9,90.0,60.0,80.0,2738,2641,97,2738,0.035427319211102995,0.7601599750481747,1.0,0.7601599750481747,1288,0.48769405528209014,1.0,1
"iteration_5","SCOPE_DATA_COLLECTION",700,20,1270.0,1330.0,2,4118,2847,985,4071,2965,1010,4036,2783,975,55,47,19,0.01344414568565143,0.016607773851590107,0.019114688128772636,0.3383105602757575,0.7708781976103289,1.374126864213097,0.676621120551515,0.7708781976103289,0.9160845761420647,0.24380574826560952,0.49874236435501257,0.5558974358974359,100.0,100.0,4378,381,3191,18,0,103,0.004111466423024212,0.0,0.0322782826700094,0.1,0.30000000000000004,0.6000000000000001,0.9,90.0,60.0,80.0,0.1,0.30000000000000004,0.6000000000000001,0.9,90.0,60.0,80.0,1065,1023,42,1065,0.03943661971830986,1.366490098841909,1.5,0.9109933992279394,575,0.5620723362658846,1.0,1
"iteration_5","SCOPE_DATA_COLLECTION",700,21,1330.0,1390.0,0,4102,2738,1065,4118,2847,985,3990,2664,1017,145,95,42,0.03506650544135429,0.03443276549474447,0.039660056657223795,0.3464278575297594,0.7741518093991558,1.3680708231424297,0.6928557150595188,0.7741518093991558,0.9120472154282865,0.22731829573934836,0.49099099099099097,0.5594886922320551,92.5,100.0,4218,386,3301,17,1,264,0.0040303461356092935,0.0025906735751295338,0.07997576491972129,0.1,0.30000000000000004,0.6000000000000001,0.9,90.0,60.0,80.0,0.1,0.30000000000000004,0.6000000000000001,0.9,90.0,60.0,80.0,4071,4058,13,4071,0.0031933185949398184,0.33269271070250067,0.5,0.6653854214050013,851,0.20970921636274026,1.0,1
"iteration_5","SCOPE_DATA_COLLECTION",700,21,1330.0,1390.0,1,4102,2738,1065,4118,2847,985,3990,2664,1017,145,95,42,0.03506650544135429,0.03443276549474447,0.039660056657223795,0.3464278575297594,0.7741518093991558,1.3680708231424297,0.6928557150595188,0.7741518093991558,0.9120472154282865,0.22731829573934836,0.49099099099099097,0.5594886922320551,92.5,100.0,4218,386,3301,17,1,264,0.0040303461356092935,0.0025906735751295338,0.07997576491972129,0.1,0.30000000000000004,0.6000000000000001,0.9,90.0,60.0,80.0,0.1,0.30000000000000004,0.6000000000000001,0.9,90.0,60.0,80.0,2934,2922,12,2934,0.00408997955010225,0.7746548856269974,1.0,0.7746548856269974,1422,0.486652977412731,1.0,1
"iteration_5","SCOPE_DATA_COLLECTION",700,21,1330.0,1390.0,2,4102,2738,1065,4118,2847,985,3990,2664,1017,145,95,42,0.03506650544135429,0.03443276549474447,0.039660056657223795,0.3464278575297594,0.7741518093991558,1.3680708231424297,0.6928557150595188,0.7741518093991558,0.9120472154282865,0.22731829573934836,0.49099099099099097,0.5594886922320551,92.5,100.0,4218,386,3301,17,1,264,0.0040303461356092935,0.0025906735751295338,0.07997576491972129,0.1,0.30000000000000004,0.6000000000000001,0.9,90.0,60.0,80.0,0.1,0.30000000000000004,0.6000000000000001,0.9,90.0,60.0,80.0,968,960,8,968,0.008264462809917356,1.3373516511292458,1.5,0.8915677674194972,519,0.540625,1.0,1
"iteration_5","SCOPE_DATA_COLLECTION",700,22,1390.0,1450.0,0,4071,2934,968,4102,2738,1065,4045,2906,968,13,14,8,0.0032035485460818135,0.004794520547945206,0.00819672131147541,0.3320851690297762,0.7729392434802722,1.341058331362803,0.6641703380595524,0.7729392434802722,0.894038887575202,0.2088998763906057,0.4858912594631796,0.5433884297520661,97.5,100.0,4391,364,3218,13,0,22,0.002960601229788203,0.0,0.006836544437538844,0.1,0.30000000000000004,0.6000000000000001,0.9,90.0,60.0,80.0,0.25,0.8,0.4,0.4,85.0,60.0,65.0,4149,4112,37,4149,0.008917811520848397,0.3305682163616568,0.5,0.6611364327233136,978,0.23784046692607003,1.0,1
"iteration_5","SCOPE_DATA_COLLECTION",700,22,1390.0,1450.0,1,4071,2934,968,4102,2738,1065,4045,2906,968,13,14,8,0.0032035485460818135,0.004794520547945206,0.00819672131147541,0.3320851690297762,0.7729392434802722,1.341058331362803,0.6641703380595524,0.7729392434802722,0.894038887575202,0.2088998763906057,0.4858912594631796,0.5433884297520661,97.5,100.0,4391,364,3218,13,0,22,0.002960601229788203,0.0,0.006836544437538844,0.1,0.30000000000000004,0.6000000000000001,0.9,90.0,60.0,80.0,0.25,0.8,0.4,0.4,85.0,60.0,65.0,2750,2727,23,2750,0.008363636363636363,0.7510703797960647,1.0,0.7510703797960647,1340,0.49138247158049136,1.0,1
"iteration_5","SCOPE_DATA_COLLECTION",700,22,1390.0,1450.0,2,4071,2934,968,4102,2738,1065,4045,2906,968,13,14,8,0.0032035485460818135,0.004794520547945206,0.00819672131147541,0.3320851690297762,0.7729392434802722,1.341058331362803,0.6641703380595524,0.7729392434802722,0.894038887575202,0.2088998763906057,0.4858912594631796,0.5433884297520661,97.5,100.0,4391,364,3218,13,0,22,0.002960601229788203,0.0,0.006836544437538844,0.1,0.30000000000000004,0.6000000000000001,0.9,90.0,60.0,80.0,0.25,0.8,0.4,0.4,85.0,60.0,65.0,971,948,23,971,0.02368692070030896,1.3535689783278597,1.5,0.9023793188852398,527,0.5559071729957806,1.0,1
"iteration_5","SCOPE_DATA_COLLECTION",700,23,1450.0,1510.0,0,4149,2750,971,4071,2934,968,4118,2736,940,37,23,23,0.008904933814681108,0.008336353751359188,0.023883696780893044,0.3307253583126477,0.7523888984540178,1.3532197699518391,0.6614507166252954,0.7523888984540178,0.9021465133012261,0.23773676542010685,0.49122807017543857,0.5553191489361702,100.0,100.0,4329,851,2690,13,0,70,0.003003003003003003,0.0,0.026022304832713755,0.25,0.8,0.4,0.4,85.0,60.0,65.0,0.15000000000000002,0.8,0.4,0.5,85.0,70.0,65.0,4071,4033,38,4071,0.009334315892901008,0.33442257472475945,0.5,0.6688451494495189,1044,0.2588643689561121,1.0,1
"iteration_5","SCOPE_DATA_COLLECTION",700,23,1450.0,1510.0,1,4149,2750,971,4071,2934,968,4118,2736,940,37,23,23,0.008904933814681108,0.008336353751359188,0.023883696780893044,0.3307253583126477,0.7523888984540178,1.3532197699518391,0.6614507166252954,0.7523888984540178,0.9021465133012261,0.23773676542010685,0.49122807017543857,0.5553191489361702,100.0,100.0,4329,851,2690,13,0,70,0.003003003003003003,0.0,0.026022304832713755,0.25,0.8,0.4,0.4,85.0,60.0,65.0,0.15000000000000002,0.8,0.4,0.5,85.0,70.0,65.0,2959,2933,26,2959,0.008786752281176074,0.7454146095250018,1.0,0.7454146095250018,1403,0.47834981247869074,1.0,1
"iteration_5","SCOPE_DATA_COLLECTION",700,23,1450.0,1510.0,2,4149,2750,971,4071,2934,968,4118,2736,940,37,23,23,0.008904933814681108,0.008336353751359188,0.023883696780893044,0.3307253583126477,0.7523888984540178,1.3532197699518391,0.6614507166252954,0.7523888984540178,0.9021465133012261,0.23773676542010685,0.49122807017543857,0.5553191489361702,100.0,100.0,4329,851,2690,13,0,70,0.003003003003003003,0.0,0.026022304832713755,0.25,0.8,0.4,0.4,85.0,60.0,65.0,0.15000000000000002,0.8,0.4,0.5,85.0,70.0,65.0,938,918,20,938,0.021321961620469083,1.3461736377056615,1.5,0.8974490918037743,503,0.5479302832244008,1.0,1
"iteration_5","SCOPE_DATA_COLLECTION",700,24,1510.0,1570.0,0,4071,2959,938,4149,2750,971,4035,2928,929,38,26,20,0.009329732383992144,0.008801624915368992,0.02107481559536354,0.33448612283503343,0.7442860616013109,1.3489333253664162,0.6689722456700669,0.7442860616013109,0.8992888835776108,0.2594795539033457,0.4791666666666667,0.55005382131324,92.5,100.0,4319,559,3090,20,0,64,0.0046307015512850195,0.0,0.020711974110032363,0.15000000000000002,0.8,0.4,0.5,85.0,70.0,65.0,0.05,0.8,0.4,0.4,95.0,80.0,75.0,4056,3880,176,4056,0.04339250493096647,0.36245793266489895,0.5,0.7249158653297979,1082,0.2788659793814433,1.0,1
"iteration_5","SCOPE_DATA_COLLECTION",700,24,1510.0,1570.0,1,4071,2959,938,4149,2750,971,4035,2928,929,38,26,20,0.009329732383992144,0.008801624915368992,0.02107481559536354,0.33448612283503343,0.7442860616013109,1.3489333253664162,0.6689722456700669,0.7442860616013109,0.8992888835776108,0.2594795539033457,0.4791666666666667,0.55005382131324,92.5,100.0,4319,559,3090,20,0,64,0.0046307015512850195,0.0,0.020711974110032363,0.15000000000000002,0.8,0.4,0.5,85.0,70.0,65.0,0.05,0.8,0.4,0.4,95.0,80.0,75.0,2884,2763,121,2884,0.04195561719833565,0.7765096688040677,1.0,0.7765096688040677,1395,0.504885993485342,1.0,1
"iteration_5","SCOPE_DATA_COLLECTION",700,24,1510.0,1570.0,2,4071,2959,938,4149,2750,971,4035,2928,929,38,26,20,0.009329732383992144,0.008801624915368992,0.02107481559536354,0.33448612283503343,0.7442860616013109,1.3489333253664162,0.6689722456700669,0.7442860616013109,0.8992888835776108,0.2594795539033457,0.4791666666666667,0.55005382131324,92.5,100.0,4319,559,3090,20,0,64,0.0046307015512850195,0.0,0.020711974110032363,0.15000000000000002,0.8,0.4,0.5,85.0,70.0,65.0,0.05,0.8,0.4,0.4,95.0,80.0,75.0,1038,986,52,1038,0.05009633911368015,1.3676885778051449,1.5,0.9117923852034299,549,0.5567951318458418,1.0,1
"iteration_5","SCOPE_DATA_COLLECTION",700,25,1570.0,1630.0,0,4056,2884,1038,4071,2959,938,3884,2755,979,176,121,52,0.04334975369458128,0.04207232267037552,0.0504364694471387,0.3629228288881196,0.7770094683707128,1.3689512580503984,0.7258456577762392,0.7770094683707128,0.912634172033599,0.2796086508753862,0.5038112522686026,0.5566905005107252,97.5,100.0,4219,210,3549,22,0,327,0.0052145058070632855,0.0,0.09213863060016907,0.05,0.8,0.4,0.4,95.0,80.0,75.0,0.4,0.8,0.9,0.9,35.0,75.0,20.0,4046,4046,0,4046,0.0,0.3244054862784114,0.5,0.6488109725568229,1042,0.25753830944142364,1.0,1
"iteration_5","SCOPE_DATA_COLLECTION",700,25,1570.0,1630.0,1,4056,2884,1038,4071,2959,938,3884,2755,979,176,121,52,0.04334975369458128,0.04207232267037552,0.0504364694471387,0.3629228288881196,0.7770094683707128,1.3689512580503984,0.7258456577762392,0.7770094683707128,0.912634172033599,0.2796086508753862,0.5038112522686026,0.5566905005107252,97.5,100.0,4219,210,3549,22,0,327,0.0052145058070632855,0.0,0.09213863060016907,0.05,0.8,0.4,0.4,95.0,80.0,75.0,0.4,0.8,0.9,0.9,35.0,75.0,20.0,2886,2879,7,2886,0.0024255024255024253,0.7508526957155199,1.0,0.7508526957155199,1390,0.48280653004515456,1.0,1
"iteration_5","SCOPE_DATA_COLLECTION",700,25,1570.0,1630.0,2,4056,2884,1038,4071,2959,938,3884,2755,979,176,121,52,0.04334975369458128,0.04207232267037552,0.0504364694471387,0.3629228288881196,0.7770094683707128,1.3689512580503984,0.7258456577762392,0.7770094683707128,0.912634172033599,0.2796086508753862,0.5038112522686026,0.5566905005107252,97.5,100.0,4219,210,3549,22,0,327,0.0052145058070632855,0.0,0.09213863060016907,0.05,0.8,0.4,0.4,95.0,80.0,75.0,0.4,0.8,0.9,0.9,35.0,75.0,20.0,1064,1052,12,1064,0.011278195488721804,1.3011238621782135,1.5,0.867415908118809,547,0.5199619771863118,1.0,1
"iteration_5","SCOPE_DATA_COLLECTION",700,26,1630.0,1690.0,0,4046,2886,1064,4056,2884,1038,4038,2883,1052,0,7,12,0.0,0.002422145328719723,0.011278195488721804,0.3240730551247499,0.748874056655259,1.2969393119689627,0.6481461102494998,0.748874056655259,0.8646262079793084,0.25606736007924713,0.4835241068331599,0.5180608365019012,100.0,100.0,4290,1506,2200,19,0,0,0.004428904428904429,0.0,0.0,0.4,0.8,0.9,0.9,35.0,75.0,20.0,0.4,0.7000000000000001,0.8,0.9,25.0,85.0,30.0,4105,4103,2,4105,4.8721071863581E-4,0.3130383887084835,0.5,0.626076777416967,977,0.23811844991469655,1.0,1
"iteration_5","SCOPE_DATA_COLLECTION",700,26,1630.0,1690.0,1,4046,2886,1064,4056,2884,1038,4038,2883,1052,0,7,12,0.0,0.002422145328719723,0.011278195488721804,0.3240730551247499,0.748874056655259,1.2969393119689627,0.6481461102494998,0.748874056655259,0.8646262079793084,0.25606736007924713,0.4835241068331599,0.5180608365019012,100.0,100.0,4290,1506,2200,19,0,0,0.004428904428904429,0.0,0.0,0.4,0.8,0.9,0.9,35.0,75.0,20.0,0.4,0.7000000000000001,0.8,0.9,25.0,85.0,30.0,2867,2859,8,2867,0.0027903732124171608,0.7331138634240686,1.0,0.7331138634240686,1373,0.4802378454004897,1.0,1
"iteration_5","SCOPE_DATA_COLLECTION",700,26,1630.0,1690.0,2,4046,2886,1064,4056,2884,1038,4038,2883,1052,0,7,12,0.0,0.002422145328719723,0.011278195488721804,0.3240730551247499,0.748874056655259,1.2969393119689627,0.6481461102494998,0.748874056655259,0.8646262079793084,0.25606736007924713,0.4835241068331599,0.5180608365019012,100.0,100.0,4290,1506,2200,19,0,0,0.004428904428904429,0.0,0.0,0.4,0.8,0.9,0.9,35.0,75.0,20.0,0.4,0.7000000000000001,0.8,0.9,25.0,85.0,30.0,1080,1072,8,1080,0.007407407407407408,1.2762556360753796,1.5,0.8508370907169197,550,0.5130597014925373,1.0,1
"iteration_5","SCOPE_DATA_COLLECTION",700,27,1690.0,1750.0,0,4105,2867,1080,4046,2886,1064,4098,2863,1075,2,8,8,4.878048780487805E-4,0.002786485545106235,0.007386888273314866,0.31258698699278,0.736190733170297,1.2810076397532097,0.62517397398556,0.736190733170297,0.8540050931688065,0.23767691556857004,0.4809640237513098,0.5153488372093024,97.5,100.0,4282,1508,2262,18,0,0,0.004203643157403083,0.0,0.0,0.4,0.7000000000000001,0.8,0.9,25.0,85.0,30.0,0.75,0.1,0.9,0.5,60.0,35.0,25.0,4142,4140,2,4142,4.828585224529213E-4,0.30270091776607305,0.5,0.6054018355321461,802,0.193719806763285,1.0,1
"iteration_5","SCOPE_DATA_COLLECTION",700,27,1690.0,1750.0,1,4105,2867,1080,4046,2886,1064,4098,2863,1075,2,8,8,4.878048780487805E-4,0.002786485545106235,0.007386888273314866,0.31258698699278,0.736190733170297,1.2810076397532097,0.62517397398556,0.736190733170297,0.8540050931688065,0.23767691556857004,0.4809640237513098,0.5153488372093024,97.5,100.0,4282,1508,2262,18,0,0,0.004203643157403083,0.0,0.0,0.4,0.7000000000000001,0.8,0.9,25.0,85.0,30.0,0.75,0.1,0.9,0.5,60.0,35.0,25.0,2889,2880,9,2889,0.003115264797507788,0.7704631512141156,1.0,0.7704631512141156,1466,0.5090277777777777,1.0,1
"iteration_5","SCOPE_DATA_COLLECTION",700,27,1690.0,1750.0,2,4105,2867,1080,4046,2886,1064,4098,2863,1075,2,8,8,4.878048780487805E-4,0.002786485545106235,0.007386888273314866,0.31258698699278,0.736190733170297,1.2810076397532097,0.62517397398556,0.736190733170297,0.8540050931688065,0.23767691556857004,0.4809640237513098,0.5153488372093024,97.5,100.0,4282,1508,2262,18,0,0,0.004203643157403083,0.0,0.0,0.4,0.7000000000000001,0.8,0.9,25.0,85.0,30.0,0.75,0.1,0.9,0.5,60.0,35.0,25.0,1013,998,15,1013,0.014807502467917079,1.3321728355416311,1.5,0.8881152236944208,545,0.5460921843687375,1.0,1
"iteration_5","SCOPE_DATA_COLLECTION",700,28,1750.0,1810.0,0,4142,2889,1013,4105,2867,1080,4144,2885,1003,1,9,15,2.4125452352231604E-4,0.0031098825155494126,0.014734774066797643,0.30288439174682696,0.7690535874003686,1.3329806654247751,0.6057687834936539,0.7690535874003686,0.88865377694985,0.19425675675675674,0.5074523396880416,0.5473579262213359,92.5,100.0,4492,2668,884,24,1,0,0.005342831700801425,3.748125937031484E-4,0.0,0.75,0.1,0.9,0.5,60.0,35.0,25.0,0.65,0.1,0.9,0.4,60.0,25.0,35.0,4079,4071,8,4079,0.001961265015935278,0.29843059638312897,0.5,0.5968611927662579,700,0.17194792434291328,1.0,1
"iteration_5","SCOPE_DATA_COLLECTION",700,28,1750.0,1810.0,1,4142,2889,1013,4105,2867,1080,4144,2885,1003,1,9,15,2.4125452352231604E-4,0.0031098825155494126,0.014734774066797643,0.30288439174682696,0.7690535874003686,1.3329806654247751,0.6057687834936539,0.7690535874003686,0.88865377694985,0.19425675675675674,0.5074523396880416,0.5473579262213359,92.5,100.0,4492,2668,884,24,1,0,0.005342831700801425,3.748125937031484E-4,0.0,0.75,0.1,0.9,0.5,60.0,35.0,25.0,0.65,0.1,0.9,0.4,60.0,25.0,35.0,2842,2837,5,2842,0.0017593244194229415,0.7741183756761257,1.0,0.7741183756761257,1452,0.5118082481494537,1.0,1
"iteration_5","SCOPE_DATA_COLLECTION",700,28,1750.0,1810.0,2,4142,2889,1013,4105,2867,1080,4144,2885,1003,1,9,15,2.4125452352231604E-4,0.0031098825155494126,0.014734774066797643,0.30288439174682696,0.7690535874003686,1.3329806654247751,0.6057687834936539,0.7690535874003686,0.88865377694985,0.19425675675675674,0.5074523396880416,0.5473579262213359,92.5,100.0,4492,2668,884,24,1,0,0.005342831700801425,3.748125937031484E-4,0.0,0.75,0.1,0.9,0.5,60.0,35.0,25.0,0.65,0.1,0.9,0.4,60.0,25.0,35.0,961,952,9,961,0.009365244536940686,1.3931371704572153,1.5,0.9287581136381435,552,0.5798319327731093,1.0,1
"iteration_5","SCOPE_DATA_COLLECTION",700,29,1810.0,1870.0,0,4079,2842,961,4142,2889,1013,4075,2837,935,9,5,9,0.0022037218413320275,0.0017593244194229415,0.009533898305084746,0.29951610232310927,0.7754698215321311,1.3811820913426467,0.5990322046462185,0.7754698215321311,0.9207880608950978,0.17374233128834357,0.5142756432851604,0.5732620320855615,100.0,100.0,4483,2173,1226,18,5,0,0.004015168414008476,0.002300966405890474,0.0,0.65,0.1,0.9,0.4,60.0,25.0,35.0,0.65,0.1,0.9,0.4,60.0,25.0,35.0,4172,4170,2,4172,4.7938638542665386E-4,0.29768853225358266,0.5,0.5953770645071653,738,0.17697841726618704,1.0,1
"iteration_5","SCOPE_DATA_COLLECTION",700,29,1810.0,1870.0,1,4079,2842,961,4142,2889,1013,4075,2837,935,9,5,9,0.0022037218413320275,0.0017593244194229415,0.009533898305084746,0.29951610232310927,0.7754698215321311,1.3811820913426467,0.5990322046462185,0.7754698215321311,0.9207880608950978,0.17374233128834357,0.5142756432851604,0.5732620320855615,100.0,100.0,4483,2173,1226,18,5,0,0.004015168414008476,0.002300966405890474,0.0,0.65,0.1,0.9,0.4,60.0,25.0,35.0,0.65,0.1,0.9,0.4,60.0,25.0,35.0,2867,2863,4,2867,0.0013951866062085804,0.7403236646251715,1.0,0.7403236646251715,1389,0.48515543136570033,1.0,1
"iteration_5","SCOPE_DATA_COLLECTION",700,29,1810.0,1870.0,2,4079,2842,961,4142,2889,1013,4075,2837,935,9,5,9,0.0022037218413320275,0.0017593244194229415,0.009533898305084746,0.29951610232310927,0.7754698215321311,1.3811820913426467,0.5990322046462185,0.7754698215321311,0.9207880608950978,0.17374233128834357,0.5142756432851604,0.5732620320855615,100.0,100.0,4483,2173,1226,18,5,0,0.004015168414008476,0.002300966405890474,0.0,0.65,0.1,0.9,0.4,60.0,25.0,35.0,0.65,0.1,0.9,0.4,60.0,25.0,35.0,1000,997,3,1000,0.003,1.3169387528937324,1.5,0.8779591685958216,542,0.5436308926780341,1.0,1
"iteration_5","SCOPE_DATA_COLLECTION",700,30,1870.0,1930.0,0,4172,2867,1000,4079,2842,961,4167,2850,1011,2,4,3,4.797313504437515E-4,0.001401541695865452,0.0029585798816568047,0.297098338687562,0.7382542975196051,1.3307805250425315,0.594196677375124,0.7382542975196051,0.887187016695021,0.17686585073194144,0.48210526315789476,0.5499505440158259,97.5,100.0,4449,2315,1275,9,0,0,0.0020229265003371545,0.0,0.0,0.65,0.1,0.9,0.4,60.0,25.0,35.0,0.65,0.1,0.9,0.5,60.0,35.0,25.0,4166,4161,5,4166,0.001200192030724916,0.2994788267720756,0.5,0.5989576535441512,784,0.18841624609468877,1.0,1
"iteration_5","SCOPE_DATA_COLLECTION",700,30,1870.0,1930.0,1,4172,2867,1000,4079,2842,961,4167,2850,1011,2,4,3,4.797313504437515E-4,0.001401541695865452,0.0029585798816568047,0.297098338687562,0.7382542975196051,1.3307805250425315,0.594196677375124,0.7382542975196051,0.887187016695021,0.17686585073194144,0.48210526315789476,0.5499505440158259,97.5,100.0,4449,2315,1275,9,0,0,0.0020229265003371545,0.0,0.0,0.65,0.1,0.9,0.4,60.0,25.0,35.0,0.65,0.1,0.9,0.5,60.0,35.0,25.0,2901,2890,11,2901,0.003791795932437091,0.7314816090890408,1.0,0.7314816090890408,1416,0.48996539792387545,1.0,1
"iteration_5","SCOPE_DATA_COLLECTION",700,30,1870.0,1930.0,2,4172,2867,1000,4079,2842,961,4167,2850,1011,2,4,3,4.797313504437515E-4,0.001401541695865452,0.0029585798816568047,0.297098338687562,0.7382542975196051,1.3307805250425315,0.594196677375124,0.7382542975196051,0.887187016695021,0.17686585073194144,0.48210526315789476,0.5499505440158259,97.5,100.0,4449,2315,1275,9,0,0,0.0020229265003371545,0.0,0.0,0.65,0.1,0.9,0.4,60.0,25.0,35.0,0.65,0.1,0.9,0.5,60.0,35.0,25.0,1038,1021,17,1038,0.016377649325626204,1.3536484460435814,1.5,0.9024322973623876,579,0.5670910871694417,1.0,1
"iteration_5","SCOPE_DATA_COLLECTION",700,31,1930.0,1990.0,0,4166,2901,1038,4172,2867,1000,4172,2900,1008,5,11,17,0.0011970313622216902,0.0037787701820680177,0.016585365853658537,0.2997929188882677,0.731293682973008,1.346109772968881,0.5995858377765354,0.731293682973008,0.8974065153125873,0.18791946308724833,0.4910344827586207,0.5634920634920635,97.5,100.0,4455,2348,1302,29,4,0,0.006509539842873177,0.0017035775127768314,0.0,0.65,0.1,0.9,0.5,60.0,35.0,25.0,0.2,0.8,0.6000000000000001,0.7000000000000001,60.0,40.0,70.0,4030,3985,45,4030,0.011166253101736972,0.3312883864075115,0.5,0.662576772815023,1030,0.2584692597239649,1.0,1
"iteration_5","SCOPE_DATA_COLLECTION",700,31,1930.0,1990.0,1,4166,2901,1038,4172,2867,1000,4172,2900,1008,5,11,17,0.0011970313622216902,0.0037787701820680177,0.016585365853658537,0.2997929188882677,0.731293682973008,1.346109772968881,0.5995858377765354,0.731293682973008,0.8974065153125873,0.18791946308724833,0.4910344827586207,0.5634920634920635,97.5,100.0,4455,2348,1302,29,4,0,0.006509539842873177,0.0017035775127768314,0.0,0.65,0.1,0.9,0.5,60.0,35.0,25.0,0.2,0.8,0.6000000000000001,0.7000000000000001,60.0,40.0,70.0,2911,2869,42,2911,0.014428031604259704,0.7621854542459608,1.0,0.7621854542459608,1401,0.4883234576507494,1.0,1
"iteration_5","SCOPE_DATA_COLLECTION",700,31,1930.0,1990.0,2,4166,2901,1038,4172,2867,1000,4172,2900,1008,5,11,17,0.0011970313622216902,0.0037787701820680177,0.016585365853658537,0.2997929188882677,0.731293682973008,1.346109772968881,0.5995858377765354,0.731293682973008,0.8974065153125873,0.18791946308724833,0.4910344827586207,0.5634920634920635,97.5,100.0,4455,2348,1302,29,4,0,0.006509539842873177,0.0017035775127768314,0.0,0.65,0.1,0.9,0.5,60.0,35.0,25.0,0.2,0.8,0.6000000000000001,0.7000000000000001,60.0,40.0,70.0,1009,995,14,1009,0.013875123885034688,1.3776195417593278,1.5,0.9184130278395518,554,0.5567839195979899,1.0,1
"iteration_5","SCOPE_DATA_COLLECTION",700,32,1990.0,2050.0,0,4030,2911,1009,4166,2901,1038,3972,2864,1001,45,42,14,0.011202389843166542,0.014452856159669649,0.013793103448275862,0.3303644457365013,0.7653831730732936,1.3781167066206579,0.6607288914730026,0.7653831730732936,0.9187444710804386,0.25755287009063443,0.49057262569832405,0.5584415584415584,100.0,100.0,4257,732,2961,22,2,77,0.00516795865633075,0.00273224043715847,0.026004728132387706,0.2,0.8,0.6000000000000001,0.7000000000000001,60.0,40.0,70.0,0.30000000000000004,0.7000000000000001,0.7000000000000001,0.8,60.0,50.0,80.0,4010,3987,23,4010,0.005735660847880299,0.3292556597310927,0.5,0.6585113194621854,1021,0.25608226736894907,1.0,1
"iteration_5","SCOPE_DATA_COLLECTION",700,32,1990.0,2050.0,1,4030,2911,1009,4166,2901,1038,3972,2864,1001,45,42,14,0.011202389843166542,0.014452856159669649,0.013793103448275862,0.3303644457365013,0.7653831730732936,1.3781167066206579,0.6607288914730026,0.7653831730732936,0.9187444710804386,0.25755287009063443,0.49057262569832405,0.5584415584415584,100.0,100.0,4257,732,2961,22,2,77,0.00516795865633075,0.00273224043715847,0.026004728132387706,0.2,0.8,0.6000000000000001,0.7000000000000001,60.0,40.0,70.0,0.30000000000000004,0.7000000000000001,0.7000000000000001,0.8,60.0,50.0,80.0,2934,2913,21,2934,0.007157464212678937,0.7303577967155785,1.0,0.7303577967155785,1343,0.4610367318915208,1.0,1
"iteration_5","SCOPE_DATA_COLLECTION",700,32,1990.0,2050.0,2,4030,2911,1009,4166,2901,1038,3972,2864,1001,45,42,14,0.011202389843166542,0.014452856159669649,0.013793103448275862,0.3303644457365013,0.7653831730732936,1.3781167066206579,0.6607288914730026,0.7653831730732936,0.9187444710804386,0.25755287009063443,0.49057262569832405,0.5584415584415584,100.0,100.0,4257,732,2961,22,2,77,0.00516795865633075,0.00273224043715847,0.026004728132387706,0.2,0.8,0.6000000000000001,0.7000000000000001,60.0,40.0,70.0,0.30000000000000004,0.7000000000000001,0.7000000000000001,0.8,60.0,50.0,80.0,1044,1026,18,1044,0.017241379310344827,1.343698144896777,1.5,0.895798763264518,560,0.5458089668615984,1.0,1
"iteration_5","SCOPE_DATA_COLLECTION",700,33,2050.0,2110.0,0,4010,2934,1044,4030,2911,1009,3986,2914,1024,23,21,18,0.005737091544025941,0.007155025553662692,0.01727447216890595,0.32923021887918347,0.7262190322552474,1.3451144079275061,0.6584604377583669,0.7262190322552474,0.8967429386183374,0.25614651279478173,0.4574468085106383,0.5458984375,100.0,100.0,4306,1103,2579,23,0,39,0.005341384115188109,0.0,0.015122140364482357,0.30000000000000004,0.7000000000000001,0.7000000000000001,0.8,60.0,50.0,80.0,0.30000000000000004,0.7000000000000001,0.6000000000000001,0.7000000000000001,60.0,60.0,70.0,4163,4148,15,4163,0.00360317079029546,0.3224177427814796,0.5,0.6448354855629592,1008,0.24300867888138863,1.0,1
"iteration_5","SCOPE_DATA_COLLECTION",700,33,2050.0,2110.0,1,4010,2934,1044,4030,2911,1009,3986,2914,1024,23,21,18,0.005737091544025941,0.007155025553662692,0.01727447216890595,0.32923021887918347,0.7262190322552474,1.3451144079275061,0.6584604377583669,0.7262190322552474,0.8967429386183374,0.25614651279478173,0.4574468085106383,0.5458984375,100.0,100.0,4306,1103,2579,23,0,39,0.005341384115188109,0.0,0.015122140364482357,0.30000000000000004,0.7000000000000001,0.7000000000000001,0.8,60.0,50.0,80.0,0.30000000000000004,0.7000000000000001,0.6000000000000001,0.7000000000000001,60.0,60.0,70.0,2863,2852,11,2863,0.0038421236465246244,0.7218013743307794,1.0,0.7218013743307794,1340,0.46984572230014027,1.0,1
"iteration_5","SCOPE_DATA_COLLECTION",700,33,2050.0,2110.0,2,4010,2934,1044,4030,2911,1009,3986,2914,1024,23,21,18,0.005737091544025941,0.007155025553662692,0.01727447216890595,0.32923021887918347,0.7262190322552474,1.3451144079275061,0.6584604377583669,0.7262190322552474,0.8967429386183374,0.25614651279478173,0.4574468085106383,0.5458984375,100.0,100.0,4306,1103,2579,23,0,39,0.005341384115188109,0.0,0.015122140364482357,0.30000000000000004,0.7000000000000001,0.7000000000000001,0.8,60.0,50.0,80.0,0.30000000000000004,0.7000000000000001,0.6000000000000001,0.7000000000000001,60.0,60.0,70.0,1065,1052,13,1065,0.012206572769953052,1.3158839004095846,1.5,0.8772559336063898,559,0.5313688212927756,1.0,1
"iteration_5","SCOPE_DATA_COLLECTION",700,34,2110.0,2170.0,0,4163,2863,1065,4010,2934,1044,4154,2865,1047,15,11,13,0.003597985128328136,0.0038247566063977748,0.012264150943396227,0.3230549733985797,0.7262615688722128,1.3132593123896732,0.6461099467971594,0.7262615688722128,0.8755062082597821,0.24410207029369282,0.4726003490401396,0.5300859598853869,100.0,100.0,4273,1127,2691,19,2,18,0.00444652468991341,0.001774622892635315,0.006688963210702341,0.30000000000000004,0.7000000000000001,0.6000000000000001,0.7000000000000001,60.0,60.0,70.0,0.30000000000000004,0.7000000000000001,0.5,0.8,50.0,60.0,80.0,4144,4143,1,4144,2.4131274131274132E-4,0.3261474275279882,0.5,0.6522948550559764,1042,0.25150856867004584,1.0,1
"iteration_5","SCOPE_DATA_COLLECTION",700,34,2110.0,2170.0,1,4163,2863,1065,4010,2934,1044,4154,2865,1047,15,11,13,0.003597985128328136,0.0038247566063977748,0.012264150943396227,0.3230549733985797,0.7262615688722128,1.3132593123896732,0.6461099467971594,0.7262615688722128,0.8755062082597821,0.24410207029369282,0.4726003490401396,0.5300859598853869,100.0,100.0,4273,1127,2691,19,2,18,0.00444652468991341,0.001774622892635315,0.006688963210702341,0.30000000000000004,0.7000000000000001,0.6000000000000001,0.7000000000000001,60.0,60.0,70.0,0.30000000000000004,0.7000000000000001,0.5,0.8,50.0,60.0,80.0,2815,2807,8,2815,0.002841918294849023,0.7298246132596818,1.0,0.7298246132596818,1345,0.47915924474527966,1.0,1
"iteration_5","SCOPE_DATA_COLLECTION",700,34,2110.0,2170.0,2,4163,2863,1065,4010,2934,1044,4154,2865,1047,15,11,13,0.003597985128328136,0.0038247566063977748,0.012264150943396227,0.3230549733985797,0.7262615688722128,1.3132593123896732,0.6461099467971594,0.7262615688722128,0.8755062082597821,0.24410207029369282,0.4726003490401396,0.5300859598853869,100.0,100.0,4273,1127,2691,19,2,18,0.00444652468991341,0.001774622892635315,0.006688963210702341,0.30000000000000004,0.7000000000000001,0.6000000000000001,0.7000000000000001,60.0,60.0,70.0,0.30000000000000004,0.7000000000000001,0.5,0.8,50.0,60.0,80.0,997,991,6,997,0.006018054162487462,1.3058987492690395,1.5,0.8705991661793596,527,0.5317860746720484,1.0,1
"iteration_5","SCOPE_DATA_COLLECTION",700,35,2170.0,2230.0,0,4144,2815,997,4163,2863,1065,4133,2796,1004,1,8,6,2.4189646831156264E-4,0.0028530670470756064,0.005940594059405941,0.32520002697729183,0.7283328088527486,1.312959077158044,0.6504000539545837,0.7283328088527486,0.875306051438696,0.24921364626179532,0.478898426323319,0.5358565737051793,100.0,100.0,4352,1064,2540,15,0,0,0.003446691176470588,0.0,0.0,0.30000000000000004,0.7000000000000001,0.5,0.8,50.0,60.0,80.0,0.30000000000000004,0.7000000000000001,0.6000000000000001,0.8,60.0,70.0,90.0,4133,4128,5,4133,0.0012097749818533753,0.31889441683590797,0.5,0.6377888336718159,970,0.23498062015503876,1.0,1
"iteration_5","SCOPE_DATA_COLLECTION",700,35,2170.0,2230.0,1,4144,2815,997,4163,2863,1065,4133,2796,1004,1,8,6,2.4189646831156264E-4,0.0028530670470756064,0.005940594059405941,0.32520002697729183,0.7283328088527486,1.312959077158044,0.6504000539545837,0.7283328088527486,0.875306051438696,0.24921364626179532,0.478898426323319,0.5358565737051793,100.0,100.0,4352,1064,2540,15,0,0,0.003446691176470588,0.0,0.0,0.30000000000000004,0.7000000000000001,0.5,0.8,50.0,60.0,80.0,0.30000000000000004,0.7000000000000001,0.6000000000000001,0.8,60.0,70.0,90.0,2847,2833,14,2847,0.004917456972251493,0.7418763523014238,1.0,0.7418763523014238,1369,0.4832333215672432,1.0,1
"iteration_5","SCOPE_DATA_COLLECTION",700,35,2170.0,2230.0,2,4144,2815,997,4163,2863,1065,4133,2796,1004,1,8,6,2.4189646831156264E-4,0.0028530670470756064,0.005940594059405941,0.32520002697729183,0.7283328088527486,1.312959077158044,0.6504000539545837,0.7283328088527486,0.875306051438696,0.24921364626179532,0.478898426323319,0.5358565737051793,100.0,100.0,4352,1064,2540,15,0,0,0.003446691176470588,0.0,0.0,0.30000000000000004,0.7000000000000001,0.5,0.8,50.0,60.0,80.0,0.30000000000000004,0.7000000000000001,0.6000000000000001,0.8,60.0,70.0,90.0,964,952,12,964,0.012448132780082987,1.3229296386661804,1.5,0.8819530924441202,514,0.5399159663865546,1.0,1
"iteration_5","SCOPE_DATA_COLLECTION",700,36,2230.0,2290.0,0,4133,2847,964,4144,2815,997,4138,2836,952,5,14,11,0.0012068549360366883,0.004912280701754386,0.01142263759086189,0.3203033789686987,0.7426018870392511,1.3223159657236532,0.6406067579373974,0.7426018870392511,0.8815439771491022,0.23707104881585306,0.4837799717912553,0.5388655462184874,100.0,100.0,4372,1026,2546,29,1,0,0.006633119853613907,9.746588693957114E-4,0.0,0.30000000000000004,0.7000000000000001,0.6000000000000001,0.8,60.0,70.0,90.0,0.4,0.6000000000000001,0.7000000000000001,0.9,50.0,70.0,80.0,4131,4125,6,4131,0.0014524328249818446,0.3302689970009527,0.5,0.6605379940019054,1077,0.2610909090909091,1.0,1
"iteration_5","SCOPE_DATA_COLLECTION",700,36,2230.0,2290.0,1,4133,2847,964,4144,2815,997,4138,2836,952,5,14,11,0.0012068549360366883,0.004912280701754386,0.01142263759086189,0.3203033789686987,0.7426018870392511,1.3223159657236532,0.6406067579373974,0.7426018870392511,0.8815439771491022,0.23707104881585306,0.4837799717912553,0.5388655462184874,100.0,100.0,4372,1026,2546,29,1,0,0.006633119853613907,9.746588693957114E-4,0.0,0.30000000000000004,0.7000000000000001,0.6000000000000001,0.8,60.0,70.0,90.0,0.4,0.6000000000000001,0.7000000000000001,0.9,50.0,70.0,80.0,2962,2951,11,2962,0.003713706954760297,0.7456066607894359,1.0,0.7456066607894359,1392,0.4717045069467977,1.0,1
"iteration_5","SCOPE_DATA_COLLECTION",700,36,2230.0,2290.0,2,4133,2847,964,4144,2815,997,4138,2836,952,5,14,11,0.0012068549360366883,0.004912280701754386,0.01142263759086189,0.3203033789686987,0.7426018870392511,1.3223159657236532,0.6406067579373974,0.7426018870392511,0.8815439771491022,0.23707104881585306,0.4837799717912553,0.5388655462184874,100.0,100.0,4372,1026,2546,29,1,0,0.006633119853613907,9.746588693957114E-4,0.0,0.30000000000000004,0.7000000000000001,0.6000000000000001,0.8,60.0,70.0,90.0,0.4,0.6000000000000001,0.7000000000000001,0.9,50.0,70.0,80.0,1017,1010,7,1017,0.00688298918387414,1.3614643881850097,1.5,0.9076429254566731,559,0.5534653465346535,1.0,1
"iteration_5","SCOPE_DATA_COLLECTION",700,37,2290.0,2350.0,0,4131,2962,1017,4133,2847,964,4118,2943,1012,6,11,8,0.001454898157129001,0.003723764387271496,0.00784313725490196,0.3287372597925428,0.7429313338200711,1.3592431828734992,0.6574745195850856,0.7429313338200711,0.9061621219156661,0.25959203496843125,0.46958885490995583,0.5533596837944664,100.0,100.0,4413,1493,2204,24,1,0,0.005438477226376614,6.697923643670462E-4,0.0,0.4,0.6000000000000001,0.7000000000000001,0.9,50.0,70.0,80.0,0.2,0.2,0.6000000000000001,0.1,50.0,30.0,75.0,4148,4118,30,4148,0.007232401157184185,0.3104712408279796,0.5,0.6209424816559592,857,0.2081107333657115,1.0,1
"iteration_5","SCOPE_DATA_COLLECTION",700,37,2290.0,2350.0,1,4131,2962,1017,4133,2847,964,4118,2943,1012,6,11,8,0.001454898157129001,0.003723764387271496,0.00784313725490196,0.3287372597925428,0.7429313338200711,1.3592431828734992,0.6574745195850856,0.7429313338200711,0.9061621219156661,0.25959203496843125,0.46958885490995583,0.5533596837944664,100.0,100.0,4413,1493,2204,24,1,0,0.005438477226376614,6.697923643670462E-4,0.0,0.4,0.6000000000000001,0.7000000000000001,0.9,50.0,70.0,80.0,0.2,0.2,0.6000000000000001,0.1,50.0,30.0,75.0,2915,2895,20,2915,0.00686106346483705,0.7509627784053554,1.0,0.7509627784053554,1438,0.49671848013816927,1.0,1
"iteration_5","SCOPE_DATA_COLLECTION",700,37,2290.0,2350.0,2,4131,2962,1017,4133,2847,964,4118,2943,1012,6,11,8,0.001454898157129001,0.003723764387271496,0.00784313725490196,0.3287372597925428,0.7429313338200711,1.3592431828734992,0.6574745195850856,0.7429313338200711,0.9061621219156661,0.25959203496843125,0.46958885490995583,0.5533596837944664,100.0,100.0,4413,1493,2204,24,1,0,0.005438477226376614,6.697923643670462E-4,0.0,0.4,0.6000000000000001,0.7000000000000001,0.9,50.0,70.0,80.0,0.2,0.2,0.6000000000000001,0.1,50.0,30.0,75.0,973,967,6,973,0.006166495375128468,1.300632066231376,1.5,0.8670880441542507,523,0.5408479834539814,1.0,1
"iteration_5","SCOPE_DATA_COLLECTION",700,38,2350.0,2410.0,0,4148,2915,973,4131,2962,1017,4118,2910,966,30,20,6,0.007232401157184185,0.006825938566552901,0.006172839506172839,0.3116072339546368,0.7531164340889471,1.3024315635490271,0.6232144679092736,0.7531164340889471,0.8682877090326847,0.21029626032054397,0.49690721649484537,0.5403726708074534,100.0,100.0,4425,763,2848,7,0,49,0.0015819209039548022,0.0,0.01720505617977528,0.2,0.2,0.6000000000000001,0.1,50.0,30.0,75.0,0.2,0.7000000000000001,0.6000000000000001,0.30000000000000004,60.0,30.0,65.0,4165,4146,19,4165,0.004561824729891957,0.34249340489344926,0.5,0.6849868097868985,1139,0.27472262421611193,1.0,1
"iteration_5","SCOPE_DATA_COLLECTION",700,38,2350.0,2410.0,1,4148,2915,973,4131,2962,1017,4118,2910,966,30,20,6,0.007232401157184185,0.006825938566552901,0.006172839506172839,0.3116072339546368,0.7531164340889471,1.3024315635490271,0.6232144679092736,0.7531164340889471,0.8682877090326847,0.21029626032054397,0.49690721649484537,0.5403726708074534,100.0,100.0,4425,763,2848,7,0,49,0.0015819209039548022,0.0,0.01720505617977528,0.2,0.2,0.6000000000000001,0.1,50.0,30.0,75.0,0.2,0.7000000000000001,0.6000000000000001,0.30000000000000004,60.0,30.0,65.0,2970,2949,21,2970,0.007070707070707071,0.7384176952118852,1.0,0.7384176952118852,1348,0.4571041030857918,1.0,1
"iteration_5","SCOPE_DATA_COLLECTION",700,38,2350.0,2410.0,2,4148,2915,973,4131,2962,1017,4118,2910,966,30,20,6,0.007232401157184185,0.006825938566552901,0.006172839506172839,0.3116072339546368,0.7531164340889471,1.3024315635490271,0.6232144679092736,0.7531164340889471,0.8682877090326847,0.21029626032054397,0.49690721649484537,0.5403726708074534,100.0,100.0,4425,763,2848,7,0,49,0.0015819209039548022,0.0,0.01720505617977528,0.2,0.2,0.6000000000000001,0.1,50.0,30.0,75.0,0.2,0.7000000000000001,0.6000000000000001,0.30000000000000004,60.0,30.0,65.0,1071,1062,9,1071,0.008403361344537815,1.3532492389398147,1.5,0.9021661592932099,582,0.5480225988700564,1.0,1
"iteration_5","SCOPE_DATA_COLLECTION",700,39,2410.0,2470.0,0,4165,2970,1071,4148,2915,973,4149,2935,1047,19,21,9,0.004558541266794626,0.007104194857916103,0.008522727272727272,0.3417266689037839,0.7383281016507655,1.3459816454932494,0.6834533378075678,0.7383281016507655,0.8973210969954996,0.2728368281513618,0.458603066439523,0.545367717287488,100.0,100.0,4277,758,3171,22,3,24,0.005143792377834931,0.00395778364116095,0.007568590350047304,0.2,0.7000000000000001,0.6000000000000001,0.30000000000000004,60.0,30.0,65.0,0.1,0.30000000000000004,0.4,0.30000000000000004,80.0,25.0,50.0,3985,3916,69,3985,0.017314930991217063,0.3237698666497859,0.5,0.6475397332995718,843,0.21527068437180796,1.0,1
"iteration_5","SCOPE_DATA_COLLECTION",700,39,2410.0,2470.0,1,4165,2970,1071,4148,2915,973,4149,2935,1047,19,21,9,0.004558541266794626,0.007104194857916103,0.008522727272727272,0.3417266689037839,0.7383281016507655,1.3459816454932494,0.6834533378075678,0.7383281016507655,0.8973210969954996,0.2728368281513618,0.458603066439523,0.545367717287488,100.0,100.0,4277,758,3171,22,3,24,0.005143792377834931,0.00395778364116095,0.007568590350047304,0.2,0.7000000000000001,0.6000000000000001,0.30000000000000004,60.0,30.0,65.0,0.1,0.30000000000000004,0.4,0.30000000000000004,80.0,25.0,50.0,2842,2798,44,2842,0.015482054890921885,0.7434964827765965,1.0,0.7434964827765965,1353,0.48355968548963546,1.0,1
"iteration_5","SCOPE_DATA_COLLECTION",700,39,2410.0,2470.0,2,4165,2970,1071,4148,2915,973,4149,2935,1047,19,21,9,0.004558541266794626,0.007104194857916103,0.008522727272727272,0.3417266689037839,0.7383281016507655,1.3459816454932494,0.6834533378075678,0.7383281016507655,0.8973210969954996,0.2728368281513618,0.458603066439523,0.545367717287488,100.0,100.0,4277,758,3171,22,3,24,0.005143792377834931,0.00395778364116095,0.007568590350047304,0.2,0.7000000000000001,0.6000000000000001,0.30000000000000004,60.0,30.0,65.0,0.1,0.30000000000000004,0.4,0.30000000000000004,80.0,25.0,50.0,983,955,28,983,0.028484231943031537,1.3478895362164898,1.5,0.8985930241443265,529,0.5539267015706806,1.0,1
"iteration_5","SCOPE_DATA_COLLECTION",700,40,2470.0,2530.0,0,3985,2842,983,4165,2970,1071,3923,2806,966,69,44,28,0.017284569138276553,0.015438596491228071,0.028169014084507043,0.32408776837692876,0.7444200581216994,1.3480397180685002,0.6481755367538575,0.7444200581216994,0.8986931453790001,0.21590619423910273,0.4832501781895937,0.5538302277432712,97.5,100.0,4255,366,3189,12,1,128,0.00282021151586369,0.00273224043715847,0.04013797428661022,0.1,0.30000000000000004,0.4,0.30000000000000004,80.0,25.0,50.0,0.05,0.30000000000000004,0.6000000000000001,0.6000000000000001,30.0,25.0,65.0,4109,4050,59,4109,0.014358724750547579,0.33874344790687416,0.5,0.6774868958137483,961,0.23728395061728394,1.0,1
"iteration_5","SCOPE_DATA_COLLECTION",700,40,2470.0,2530.0,1,3985,2842,983,4165,2970,1071,3923,2806,966,69,44,28,0.017284569138276553,0.015438596491228071,0.028169014084507043,0.32408776837692876,0.7444200581216994,1.3480397180685002,0.6481755367538575,0.7444200581216994,0.8986931453790001,0.21590619423910273,0.4832501781895937,0.5538302277432712,97.5,100.0,4255,366,3189,12,1,128,0.00282021151586369,0.00273224043715847,0.04013797428661022,0.1,0.30000000000000004,0.4,0.30000000000000004,80.0,25.0,50.0,0.05,0.30000000000000004,0.6000000000000001,0.6000000000000001,30.0,25.0,65.0,2816,2761,55,2816,0.01953125,0.7710691862761863,1.0,0.7710691862761863,1361,0.49293734154291924,1.0,1
"iteration_5","SCOPE_DATA_COLLECTION",700,40,2470.0,2530.0,2,3985,2842,983,4165,2970,1071,3923,2806,966,69,44,28,0.017284569138276553,0.015438596491228071,0.028169014084507043,0.32408776837692876,0.7444200581216994,1.3480397180685002,0.6481755367538575,0.7444200581216994,0.8986931453790001,0.21590619423910273,0.4832501781895937,0.5538302277432712,97.5,100.0,4255,366,3189,12,1,128,0.00282021151586369,0.00273224043715847,0.04013797428661022,0.1,0.30000000000000004,0.4,0.30000000000000004,80.0,25.0,50.0,0.05,0.30000000000000004,0.6000000000000001,0.6000000000000001,30.0,25.0,65.0,1000,963,37,1000,0.037,1.4050697228064974,1.5,0.936713148537665,556,0.5773624091381101,1.0,1
"iteration_5","SCOPE_DATA_COLLECTION",700,41,2530.0,2590.0,0,4109,2816,1000,3985,2842,983,4046,2749,958,59,55,37,0.014372716199756394,0.019614835948644792,0.0371859296482412,0.3392322466666784,0.7698969048851918,1.4069884868449078,0.6784644933333568,0.7698969048851918,0.9379923245632719,0.23776569451309937,0.4918152055292834,0.5782881002087683,100.0,100.0,4421,177,3327,25,0,126,0.005654829224157431,0.0,0.03787195671776375,0.05,0.30000000000000004,0.6000000000000001,0.6000000000000001,30.0,25.0,65.0,0.05,0.2,0.5,0.5,20.0,25.0,55.0,4082,3952,130,4082,0.03184713375796178,0.3257897515684779,0.5,0.6515795031369558,791,0.20015182186234817,1.0,1
"iteration_5","SCOPE_DATA_COLLECTION",700,41,2530.0,2590.0,1,4109,2816,1000,3985,2842,983,4046,2749,958,59,55,37,0.014372716199756394,0.019614835948644792,0.0371859296482412,0.3392322466666784,0.7698969048851918,1.4069884868449078,0.6784644933333568,0.7698969048851918,0.9379923245632719,0.23776569451309937,0.4918152055292834,0.5782881002087683,100.0,100.0,4421,177,3327,25,0,126,0.005654829224157431,0.0,0.03787195671776375,0.05,0.30000000000000004,0.6000000000000001,0.6000000000000001,30.0,25.0,65.0,0.05,0.2,0.5,0.5,20.0,25.0,55.0,2915,2821,94,2915,0.03224699828473413,0.777119723563865,1.0,0.777119723563865,1446,0.5125841900035448,1.0,1
"iteration_5","SCOPE_DATA_COLLECTION",700,41,2530.0,2590.0,2,4109,2816,1000,3985,2842,983,4046,2749,958,59,55,37,0.014372716199756394,0.019614835948644792,0.0371859296482412,0.3392322466666784,0.7698969048851918,1.4069884868449078,0.6784644933333568,0.7698969048851918,0.9379923245632719,0.23776569451309937,0.4918152055292834,0.5782881002087683,100.0,100.0,4421,177,3327,25,0,126,0.005654829224157431,0.0,0.03787195671776375,0.05,0.30000000000000004,0.6000000000000001,0.6000000000000001,30.0,25.0,65.0,0.05,0.2,0.5,0.5,20.0,25.0,55.0,982,946,36,982,0.03665987780040733,1.4026187500767946,1.5,0.9350791667178631,544,0.5750528541226215,1.0,1
"iteration_5","SCOPE_DATA_COLLECTION",700,42,2590.0,2650.0,0,4082,2915,982,4109,2816,1000,3955,2832,943,130,94,36,0.03182374541003672,0.03212576896787423,0.03677221654749745,0.3256842369331969,0.7753817740170362,1.4022423369637083,0.6513684738663938,0.7753817740170362,0.9348282246424722,0.20050568900126423,0.5134180790960452,0.5758218451749735,100.0,100.0,4402,193,3384,16,0,244,0.003634711494775102,0.0,0.07210401891252956,0.05,0.2,0.5,0.5,20.0,25.0,55.0,0.05,0.1,0.5,0.5,30.0,35.0,55.0,4066,3892,174,4066,0.04279390063944909,0.3278707756190235,0.5,0.655741551238047,674,0.17317574511819117,1.0,1
"iteration_5","SCOPE_DATA_COLLECTION",700,42,2590.0,2650.0,1,4082,2915,982,4109,2816,1000,3955,2832,943,130,94,36,0.03182374541003672,0.03212576896787423,0.03677221654749745,0.3256842369331969,0.7753817740170362,1.4022423369637083,0.6513684738663938,0.7753817740170362,0.9348282246424722,0.20050568900126423,0.5134180790960452,0.5758218451749735,100.0,100.0,4402,193,3384,16,0,244,0.003634711494775102,0.0,0.07210401891252956,0.05,0.2,0.5,0.5,20.0,25.0,55.0,0.05,0.1,0.5,0.5,30.0,35.0,55.0,2985,2855,130,2985,0.04355108877721943,0.7800120593533463,1.0,0.7800120593533463,1459,0.5110332749562172,1.0,1
"iteration_5","SCOPE_DATA_COLLECTION",700,42,2590.0,2650.0,2,4082,2915,982,4109,2816,1000,3955,2832,943,130,94,36,0.03182374541003672,0.03212576896787423,0.03677221654749745,0.3256842369331969,0.7753817740170362,1.4022423369637083,0.6513684738663938,0.7753817740170362,0.9348282246424722,0.20050568900126423,0.5134180790960452,0.5758218451749735,100.0,100.0,4402,193,3384,16,0,244,0.003634711494775102,0.0,0.07210401891252956,0.05,0.2,0.5,0.5,20.0,25.0,55.0,0.05,0.1,0.5,0.5,30.0,35.0,55.0,990,944,46,990,0.046464646464646465,1.4140213479331043,1.5,0.9426808986220695,555,0.5879237288135594,1.0,1
"iteration_5","SCOPE_DATA_COLLECTION",700,43,2650.0,2710.0,0,4066,2985,990,4082,2915,982,3891,2852,953,174,130,46,0.042804428044280446,0.043594902749832326,0.04604604604604605,0.3280427991731858,0.7812512320307686,1.425097067236421,0.6560855983463716,0.7812512320307686,0.9500647114909473,0.17322025186327422,0.5098176718092566,0.5918153200419727,100.0,100.0,4455,206,3380,25,0,325,0.005611672278338945,0.0,0.09615384615384616,0.05,0.1,0.5,0.5,30.0,35.0,55.0,0.05,0.1,0.5,0.5,30.0,35.0,55.0,4078,3985,93,4078,0.022805296714075527,0.32494085071918744,0.5,0.6498817014383749,691,0.17340025094102887,1.0,1
"iteration_5","SCOPE_DATA_COLLECTION",700,43,2650.0,2710.0,1,4066,2985,990,4082,2915,982,3891,2852,953,174,130,46,0.042804428044280446,0.043594902749832326,0.04604604604604605,0.3280427991731858,0.7812512320307686,1.425097067236421,0.6560855983463716,0.7812512320307686,0.9500647114909473,0.17322025186327422,0.5098176718092566,0.5918153200419727,100.0,100.0,4455,206,3380,25,0,325,0.005611672278338945,0.0,0.09615384615384616,0.05,0.1,0.5,0.5,30.0,35.0,55.0,0.05,0.1,0.5,0.5,30.0,35.0,55.0,2841,2786,55,2841,0.019359380499824004,0.756644597825512,1.0,0.756644597825512,1352,0.4852835606604451,1.0,1
"iteration_5","SCOPE_DATA_COLLECTION",700,43,2650.0,2710.0,2,4066,2985,990,4082,2915,982,3891,2852,953,174,130,46,0.042804428044280446,0.043594902749832326,0.04604604604604605,0.3280427991731858,0.7812512320307686,1.425097067236421,0.6560855983463716,0.7812512320307686,0.9500647114909473,0.17322025186327422,0.5098176718092566,0.5918153200419727,100.0,100.0,4455,206,3380,25,0,325,0.005611672278338945,0.0,0.09615384615384616,0.05,0.1,0.5,0.5,30.0,35.0,55.0,0.05,0.1,0.5,0.5,30.0,35.0,55.0,1019,998,21,1019,0.020608439646712464,1.3976288676360613,1.5,0.9317525784240409,578,0.5791583166332666,1.0,1
"iteration_5","SCOPE_DATA_COLLECTION",700,44,2710.0,2770.0,0,4078,2841,1019,4066,2985,990,3985,2795,997,93,55,21,0.022805296714075527,0.01929824561403509,0.0206286836935167,0.32490790689649185,0.7587601269722599,1.391088139067364,0.6498158137929837,0.7587601269722599,0.927392092711576,0.17289836888331242,0.48694096601073344,0.5747241725175527,100.0,100.0,4354,178,3406,13,1,155,0.0029857602204869087,0.0056179775280898875,0.0455079271873165,0.05,0.1,0.5,0.5,30.0,35.0,55.0,0.8500000000000001,0.7000000000000001,0.6000000000000001,0.4,95.0,25.0,40.0,4113,4110,3,4113,7.293946024799417E-4,0.3266036556432117,0.5,0.6532073112864234,1065,0.2591240875912409,1.0,1
"iteration_5","SCOPE_DATA_COLLECTION",700,44,2710.0,2770.0,1,4078,2841,1019,4066,2985,990,3985,2795,997,93,55,21,0.022805296714075527,0.01929824561403509,0.0206286836935167,0.32490790689649185,0.7587601269722599,1.391088139067364,0.6498158137929837,0.7587601269722599,0.927392092711576,0.17289836888331242,0.48694096601073344,0.5747241725175527,100.0,100.0,4354,178,3406,13,1,155,0.0029857602204869087,0.0056179775280898875,0.0455079271873165,0.05,0.1,0.5,0.5,30.0,35.0,55.0,0.8500000000000001,0.7000000000000001,0.6000000000000001,0.4,95.0,25.0,40.0,2961,2949,12,2961,0.004052684903748734,0.7446333902896546,1.0,0.7446333902896546,1410,0.47812817904374366,1.0,1
"iteration_5","SCOPE_DATA_COLLECTION",700,44,2710.0,2770.0,2,4078,2841,1019,4066,2985,990,3985,2795,997,93,55,21,0.022805296714075527,0.01929824561403509,0.0206286836935167,0.32490790689649185,0.7587601269722599,1.391088139067364,0.6498158137929837,0.7587601269722599,0.927392092711576,0.17289836888331242,0.48694096601073344,0.5747241725175527,100.0,100.0,4354,178,3406,13,1,155,0.0029857602204869087,0.0056179775280898875,0.0455079271873165,0.05,0.1,0.5,0.5,30.0,35.0,55.0,0.8500000000000001,0.7000000000000001,0.6000000000000001,0.4,95.0,25.0,40.0,1043,1030,13,1043,0.012464046021093002,1.2707262323107924,1.5,0.8471508215405282,526,0.5106796116504855,1.0,1
"iteration_5","SCOPE_DATA_COLLECTION",700,45,2770.0,2830.0,0,4113,2961,1043,4078,2841,1019,4110,2944,1029,3,12,13,7.293946024799417E-4,0.0040595399188092015,0.012476007677543186,0.3265679558968061,0.7429996341151607,1.2759676546190926,0.6531359117936122,0.7429996341151607,0.850645103079395,0.25985401459854013,0.4765625,0.5140913508260447,100.0,100.0,4356,3194,567,26,2,0,0.005968778696051423,6.261740763932373E-4,0.0,0.8500000000000001,0.7000000000000001,0.6000000000000001,0.4,95.0,25.0,40.0,0.75,0.8,0.6000000000000001,0.30000000000000004,95.0,35.0,50.0,4101,4097,4,4101,9.75371860521824E-4,0.3221311970487275,0.5,0.644262394097455,1032,0.2518916280205028,1.0,1
"iteration_5","SCOPE_DATA_COLLECTION",700,45,2770.0,2830.0,1,4113,2961,1043,4078,2841,1019,4110,2944,1029,3,12,13,7.293946024799417E-4,0.0040595399188092015,0.012476007677543186,0.3265679558968061,0.7429996341151607,1.2759676546190926,0.6531359117936122,0.7429996341151607,0.850645103079395,0.25985401459854013,0.4765625,0.5140913508260447,100.0,100.0,4356,3194,567,26,2,0,0.005968778696051423,6.261740763932373E-4,0.0,0.8500000000000001,0.7000000000000001,0.6000000000000001,0.4,95.0,25.0,40.0,0.75,0.8,0.6000000000000001,0.30000000000000004,95.0,35.0,50.0,2919,2912,7,2919,0.002398081534772182,0.7253352620076771,1.0,0.7253352620076771,1375,0.4721840659340659,1.0,1
"iteration_5","SCOPE_DATA_COLLECTION",700,45,2770.0,2830.0,2,4113,2961,1043,4078,2841,1019,4110,2944,1029,3,12,13,7.293946024799417E-4,0.0040595399188092015,0.012476007677543186,0.3265679558968061,0.7429996341151607,1.2759676546190926,0.6531359117936122,0.7429996341151607,0.850645103079395,0.25985401459854013,0.4765625,0.5140913508260447,100.0,100.0,4356,3194,567,26,2,0,0.005968778696051423,6.261740763932373E-4,0.0,0.8500000000000001,0.7000000000000001,0.6000000000000001,0.4,95.0,25.0,40.0,0.75,0.8,0.6000000000000001,0.30000000000000004,95.0,35.0,50.0,1024,1017,7,1024,0.0068359375,1.3185814714964865,1.5,0.879054314330991,550,0.5408062930186824,1.0,1
"iteration_5","SCOPE_DATA_COLLECTION",700,46,2830.0,2890.0,0,4101,2919,1024,4113,2961,1043,4093,2909,1011,4,7,7,9.76324139614352E-4,0.0024005486968449933,0.0068762278978389,0.3212933642719794,0.7250360185786557,1.3066812759745163,0.6425867285439588,0.7250360185786557,0.8711208506496776,0.2494502809675055,0.4723272602268821,0.5361028684470821,97.5,100.0,4294,2829,921,13,5,0,0.0030274802049371215,0.0017674089784376105,0.0,0.75,0.8,0.6000000000000001,0.30000000000000004,95.0,35.0,50.0,0.75,0.8,0.6000000000000001,0.30000000000000004,95.0,35.0,50.0,4257,4253,4,4257,9.396288466055908E-4,0.332627924744938,0.5,0.665255849489876,1158,0.2722783917234893,1.0,1
"iteration_5","SCOPE_DATA_COLLECTION",700,46,2830.0,2890.0,1,4101,2919,1024,4113,2961,1043,4093,2909,1011,4,7,7,9.76324139614352E-4,0.0024005486968449933,0.0068762278978389,0.3212933642719794,0.7250360185786557,1.3066812759745163,0.6425867285439588,0.7250360185786557,0.8711208506496776,0.2494502809675055,0.4723272602268821,0.5361028684470821,97.5,100.0,4294,2829,921,13,5,0,0.0030274802049371215,0.0017674089784376105,0.0,0.75,0.8,0.6000000000000001,0.30000000000000004,95.0,35.0,50.0,0.75,0.8,0.6000000000000001,0.30000000000000004,95.0,35.0,50.0,2874,2864,10,2874,0.003479471120389701,0.7436010267358247,1.0,0.7436010267358247,1415,0.49406424581005587,1.0,1
"iteration_5","SCOPE_DATA_COLLECTION",700,46,2830.0,2890.0,2,4101,2919,1024,4113,2961,1043,4093,2909,1011,4,7,7,9.76324139614352E-4,0.0024005486968449933,0.0068762278978389,0.3212933642719794,0.7250360185786557,1.3066812759745163,0.6425867285439588,0.7250360185786557,0.8711208506496776,0.2494502809675055,0.4723272602268821,0.5361028684470821,97.5,100.0,4294,2829,921,13,5,0,0.0030274802049371215,0.0017674089784376105,0.0,0.75,0.8,0.6000000000000001,0.30000000000000004,95.0,35.0,50.0,0.75,0.8,0.6000000000000001,0.30000000000000004,95.0,35.0,50.0,1013,1009,4,1013,0.003948667324777887,1.3050340107672769,1.5,0.8700226738448512,537,0.5322101090188305,1.0,1
"iteration_5","SCOPE_DATA_COLLECTION",700,47,2890.0,2950.0,0,4257,2874,1013,4101,2919,1024,4249,2859,1014,4,9,4,9.405125793557489E-4,0.0031380753138075313,0.003929273084479371,0.33271010943962015,0.7444407537828343,1.3053860097020642,0.6654202188792403,0.7444407537828343,0.8702573398013761,0.2727700635443634,0.49422875131164745,0.5315581854043393,100.0,100.0,4430,2769,945,15,2,0,0.003386004514672686,7.222824124232575E-4,0.0,0.75,0.8,0.6000000000000001,0.30000000000000004,95.0,35.0,50.0,0.75,0.9,0.6000000000000001,0.4,95.0,25.0,50.0,4164,4161,3,4164,7.204610951008645E-4,0.3337968035333553,0.5,0.6675936070667106,1148,0.27589521749579426,1.0,1
"iteration_5","SCOPE_DATA_COLLECTION",700,47,2890.0,2950.0,1,4257,2874,1013,4101,2919,1024,4249,2859,1014,4,9,4,9.405125793557489E-4,0.0031380753138075313,0.003929273084479371,0.33271010943962015,0.7444407537828343,1.3053860097020642,0.6654202188792403,0.7444407537828343,0.8702573398013761,0.2727700635443634,0.49422875131164745,0.5315581854043393,100.0,100.0,4430,2769,945,15,2,0,0.003386004514672686,7.222824124232575E-4,0.0,0.75,0.8,0.6000000000000001,0.30000000000000004,95.0,35.0,50.0,0.75,0.9,0.6000000000000001,0.4,95.0,25.0,50.0,2844,2830,14,2844,0.004922644163150493,0.7612214414872763,1.0,0.7612214414872763,1437,0.507773851590106,1.0,1
"iteration_5","SCOPE_DATA_COLLECTION",700,47,2890.0,2950.0,2,4257,2874,1013,4101,2919,1024,4249,2859,1014,4,9,4,9.405125793557489E-4,0.0031380753138075313,0.003929273084479371,0.33271010943962015,0.7444407537828343,1.3053860097020642,0.6654202188792403,0.7444407537828343,0.8702573398013761,0.2727700635443634,0.49422875131164745,0.5315581854043393,100.0,100.0,4430,2769,945,15,2,0,0.003386004514672686,7.222824124232575E-4,0.0,0.75,0.8,0.6000000000000001,0.30000000000000004,95.0,35.0,50.0,0.75,0.9,0.6000000000000001,0.4,95.0,25.0,50.0,1033,1021,12,1033,0.011616650532429816,1.275405435411681,1.5,0.850270290274454,525,0.5142017629774731,1.0,1
"iteration_5","SCOPE_DATA_COLLECTION",700,48,2950.0,3010.0,0,4164,2844,1033,4257,2874,1013,4157,2844,1019,3,15,12,7.211538461538462E-4,0.005246589716684155,0.011639185257032008,0.3323126944489089,0.7607175468929919,1.2815733423493714,0.6646253888978177,0.7607175468929919,0.8543822282329142,0.2742362280490738,0.5087904360056259,0.5181550539744848,97.5,100.0,4401,2749,891,26,4,0,0.005907748239036582,0.0014550745725718443,0.0,0.75,0.9,0.6000000000000001,0.4,95.0,25.0,50.0,0.05,0.5,0.2,0.2,45.0,45.0,30.0,4157,3939,218,4157,0.05244166466201588,0.3586434225345988,0.5,0.7172868450691976,970,0.24625539477024624,1.0,1
"iteration_5","SCOPE_DATA_COLLECTION",700,48,2950.0,3010.0,1,4164,2844,1033,4257,2874,1013,4157,2844,1019,3,15,12,7.211538461538462E-4,0.005246589716684155,0.011639185257032008,0.3323126944489089,0.7607175468929919,1.2815733423493714,0.6646253888978177,0.7607175468929919,0.8543822282329142,0.2742362280490738,0.5087904360056259,0.5181550539744848,97.5,100.0,4401,2749,891,26,4,0,0.005907748239036582,0.0014550745725718443,0.0,0.75,0.9,0.6000000000000001,0.4,95.0,25.0,50.0,0.05,0.5,0.2,0.2,45.0,45.0,30.0,2878,2718,160,2878,0.05559416261292564,0.7591265986644015,1.0,0.7591265986644015,1330,0.48933038999264167,1.0,1
"iteration_5","SCOPE_DATA_COLLECTION",700,48,2950.0,3010.0,2,4164,2844,1033,4257,2874,1013,4157,2844,1019,3,15,12,7.211538461538462E-4,0.005246589716684155,0.011639185257032008,0.3323126944489089,0.7607175468929919,1.2815733423493714,0.6646253888978177,0.7607175468929919,0.8543822282329142,0.2742362280490738,0.5087904360056259,0.5181550539744848,97.5,100.0,4401,2749,891,26,4,0,0.005907748239036582,0.0014550745725718443,0.0,0.75,0.9,0.6000000000000001,0.4,95.0,25.0,50.0,0.05,0.5,0.2,0.2,45.0,45.0,30.0,1038,984,54,1038,0.05202312138728324,1.3874483389978052,1.5,0.9249655593318701,562,0.5711382113821138,1.0,1
"iteration_5","SCOPE_DATA_COLLECTION",700,49,3010.0,3070.0,0,4157,2878,1038,4164,2844,1033,3946,2721,982,218,160,54,0.05235350624399616,0.055536272127733426,0.052123552123552123,0.3602826961413836,0.7596002224350192,1.3765345639664406,0.7205653922827672,0.7596002224350192,0.9176897093109604,0.2483527622909275,0.48915839764792357,0.5651731160896131,100.0,100.0,4268,193,3612,7,0,425,0.0016401124648547328,0.0,0.11766334440753046,0.05,0.5,0.2,0.2,45.0,45.0,30.0,0.05,0.5,0.2,0.2,45.0,45.0,30.0,4080,3849,231,4080,0.05661764705882353,0.35655278400047213,0.5,0.7131055680009443,1007,0.26162639646661473,1.0,1
"iteration_5","SCOPE_DATA_COLLECTION",700,49,3010.0,3070.0,1,4157,2878,1038,4164,2844,1033,3946,2721,982,218,160,54,0.05235350624399616,0.055536272127733426,0.052123552123552123,0.3602826961413836,0.7596002224350192,1.3765345639664406,0.7205653922827672,0.7596002224350192,0.9176897093109604,0.2483527622909275,0.48915839764792357,0.5651731160896131,100.0,100.0,4268,193,3612,7,0,425,0.0016401124648547328,0.0,0.11766334440753046,0.05,0.5,0.2,0.2,45.0,45.0,30.0,0.05,0.5,0.2,0.2,45.0,45.0,30.0,2948,2788,160,2948,0.054274084124830396,0.7735565521100523,1.0,0.7735565521100523,1399,0.5017934002869441,1.0,1
"iteration_5","SCOPE_DATA_COLLECTION",700,49,3010.0,3070.0,2,4157,2878,1038,4164,2844,1033,3946,2721,982,218,160,54,0.05235350624399616,0.055536272127733426,0.052123552123552123,0.3602826961413836,0.7596002224350192,1.3765345639664406,0.7205653922827672,0.7596002224350192,0.9176897093109604,0.2483527622909275,0.48915839764792357,0.5651731160896131,100.0,100.0,4268,193,3612,7,0,425,0.0016401124648547328,0.0,0.11766334440753046,0.05,0.5,0.2,0.2,45.0,45.0,30.0,0.05,0.5,0.2,0.2,45.0,45.0,30.0,1016,972,44,1016,0.04330708661417323,1.3290505290003782,1.5,0.8860336860002521,521,0.5360082304526749,1.0,1
"iteration_5","SCOPE_DATA_COLLECTION",700,50,3070.0,3130.0,0,4080,2948,1016,4157,2878,1038,3852,2770,982,231,160,44,0.05657604702424688,0.05460750853242321,0.042884990253411304,0.357046004988634,0.7733951787598916,1.3409688977272975,0.714092009977268,0.7733951787598916,0.8939792651515317,0.26298026998961577,0.5018050541516246,0.5417515274949084,97.5,100.0,4265,183,3596,8,0,427,0.0018757327080890973,0.0,0.11874304783092325,0.05,0.5,0.2,0.2,45.0,45.0,30.0,0.45,0.9,0.8,0.6000000000000001,60.0,65.0,35.0,4098,4095,3,4098,7.320644216691069E-4,0.32328996666608584,0.5,0.6465799333321717,1028,0.25103785103785103,1.0,1
"iteration_5","SCOPE_DATA_COLLECTION",700,50,3070.0,3130.0,1,4080,2948,1016,4157,2878,1038,3852,2770,982,231,160,44,0.05657604702424688,0.05460750853242321,0.042884990253411304,0.357046004988634,0.7733951787598916,1.3409688977272975,0.714092009977268,0.7733951787598916,0.8939792651515317,0.26298026998961577,0.5018050541516246,0.5417515274949084,97.5,100.0,4265,183,3596,8,0,427,0.0018757327080890973,0.0,0.11874304783092325,0.05,0.5,0.2,0.2,45.0,45.0,30.0,0.45,0.9,0.8,0.6000000000000001,60.0,65.0,35.0,2872,2863,9,2872,0.0031337047353760445,0.7574364019384567,1.0,0.7574364019384567,1414,0.4938875305623472,1.0,1
"iteration_5","SCOPE_DATA_COLLECTION",700,50,3070.0,3130.0,2,4080,2948,1016,4157,2878,1038,3852,2770,982,231,160,44,0.05657604702424688,0.05460750853242321,0.042884990253411304,0.357046004988634,0.7733951787598916,1.3409688977272975,0.714092009977268,0.7733951787598916,0.8939792651515317,0.26298026998961577,0.5018050541516246,0.5417515274949084,97.5,100.0,4265,183,3596,8,0,427,0.0018757327080890973,0.0,0.11874304783092325,0.05,0.5,0.2,0.2,45.0,45.0,30.0,0.45,0.9,0.8,0.6000000000000001,60.0,65.0,35.0,1011,999,12,1011,0.011869436201780416,1.2810261312414017,1.5,0.8540174208276011,515,0.5155155155155156,1.0,1
"iteration_5","SCOPE_DATA_COLLECTION",700,51,3130.0,3190.0,0,4098,2872,1011,4080,2948,1016,4094,2869,986,3,9,12,7.32243104710764E-4,0.0031271716469770676,0.012024048096192385,0.3229287058460592,0.7557421204329802,1.2732918789109848,0.6458574116921184,0.7557421204329802,0.8488612526073233,0.2493893502686859,0.4928546531892645,0.5121703853955375,100.0,100.0,4350,1598,2033,23,1,0,0.0052873563218390806,6.257822277847309E-4,0.0,0.45,0.9,0.8,0.6000000000000001,60.0,65.0,35.0,0.45,0.9,0.8,0.6000000000000001,60.0,65.0,35.0,4108,4105,3,4108,7.302823758519961E-4,0.3248817161586039,0.5,0.6497634323172078,1054,0.2567600487210719,1.0,1
"iteration_5","SCOPE_DATA_COLLECTION",700,51,3130.0,3190.0,1,4098,2872,1011,4080,2948,1016,4094,2869,986,3,9,12,7.32243104710764E-4,0.0031271716469770676,0.012024048096192385,0.3229287058460592,0.7557421204329802,1.2732918789109848,0.6458574116921184,0.7557421204329802,0.8488612526073233,0.2493893502686859,0.4928546531892645,0.5121703853955375,100.0,100.0,4350,1598,2033,23,1,0,0.0052873563218390806,6.257822277847309E-4,0.0,0.45,0.9,0.8,0.6000000000000001,60.0,65.0,35.0,0.45,0.9,0.8,0.6000000000000001,60.0,65.0,35.0,2875,2866,9,2875,0.003130434782608696,0.7396987446868312,1.0,0.7396987446868312,1380,0.48150732728541523,1.0,1
"iteration_5","SCOPE_DATA_COLLECTION",700,51,3130.0,3190.0,2,4098,2872,1011,4080,2948,1016,4094,2869,986,3,9,12,7.32243104710764E-4,0.0031271716469770676,0.012024048096192385,0.3229287058460592,0.7557421204329802,1.2732918789109848,0.6458574116921184,0.7557421204329802,0.8488612526073233,0.2493893502686859,0.4928546531892645,0.5121703853955375,100.0,100.0,4350,1598,2033,23,1,0,0.0052873563218390806,6.257822277847309E-4,0.0,0.45,0.9,0.8,0.6000000000000001,60.0,65.0,35.0,0.45,0.9,0.8,0.6000000000000001,60.0,65.0,35.0,1014,1004,10,1014,0.009861932938856016,1.3049326461779314,1.5,0.8699550974519542,531,0.5288844621513944,1.0,1
"iteration_5","SCOPE_DATA_COLLECTION",700,52,3190.0,3250.0,0,4108,2875,1014,4098,2872,1011,4094,2870,1012,3,9,10,7.32243104710764E-4,0.003126085446335533,0.009784735812133072,0.3228446825859534,0.7413388369937247,1.3119784773503909,0.6456893651719068,0.7413388369937247,0.8746523182335939,0.2540302882266732,0.4818815331010453,0.532608695652174,100.0,100.0,4341,1622,2034,20,2,0,0.0046072333563695,0.0012330456226880395,0.0,0.45,0.9,0.8,0.6000000000000001,60.0,65.0,35.0,0.5,0.2,0.2,0.2,35.0,65.0,25.0,4042,4037,5,4042,0.0012370113805047005,0.30247192769667386,0.5,0.6049438553933477,816,0.20213029477334654,1.0,1
"iteration_5","SCOPE_DATA_COLLECTION",700,52,3190.0,3250.0,1,4108,2875,1014,4098,2872,1011,4094,2870,1012,3,9,10,7.32243104710764E-4,0.003126085446335533,0.009784735812133072,0.3228446825859534,0.7413388369937247,1.3119784773503909,0.6456893651719068,0.7413388369937247,0.8746523182335939,0.2540302882266732,0.4818815331010453,0.532608695652174,100.0,100.0,4341,1622,2034,20,2,0,0.0046072333563695,0.0012330456226880395,0.0,0.45,0.9,0.8,0.6000000000000001,60.0,65.0,35.0,0.5,0.2,0.2,0.2,35.0,65.0,25.0,2821,2819,2,2821,7.089684509039348E-4,0.7335562293230244,1.0,0.7335562293230244,1397,0.49556580347641005,1.0,1
"iteration_5","SCOPE_DATA_COLLECTION",700,52,3190.0,3250.0,2,4108,2875,1014,4098,2872,1011,4094,2870,1012,3,9,10,7.32243104710764E-4,0.003126085446335533,0.009784735812133072,0.3228446825859534,0.7413388369937247,1.3119784773503909,0.6456893651719068,0.7413388369937247,0.8746523182335939,0.2540302882266732,0.4818815331010453,0.532608695652174,100.0,100.0,4341,1622,2034,20,2,0,0.0046072333563695,0.0012330456226880395,0.0,0.45,0.9,0.8,0.6000000000000001,60.0,65.0,35.0,0.5,0.2,0.2,0.2,35.0,65.0,25.0,987,980,7,987,0.0070921985815602835,1.318531982431354,1.5,0.8790213216209026,543,0.5540816326530612,1.0,1
"iteration_5","SCOPE_DATA_COLLECTION",700,53,3250.0,3310.0,0,4042,2821,987,4108,2875,1014,4055,2815,977,5,2,7,0.0012315270935960591,7.099751508697196E-4,0.007113821138211382,0.30553463835755984,0.7333575543200195,1.317983781296087,0.6110692767151197,0.7333575543200195,0.8786558541973913,0.20715166461159062,0.4955595026642984,0.5516888433981576,97.5,100.0,4362,1756,1732,12,2,0,0.002751031636863824,0.0011389521640091116,0.0,0.5,0.2,0.2,0.2,35.0,65.0,25.0,0.5,0.2,0.2,0.2,35.0,65.0,25.0,4275,4274,1,4275,2.3391812865497077E-4,0.30145779631672287,0.5,0.6029155926334457,870,0.20355638745905474,1.0,1
"iteration_5","SCOPE_DATA_COLLECTION",700,53,3250.0,3310.0,1,4042,2821,987,4108,2875,1014,4055,2815,977,5,2,7,0.0012315270935960591,7.099751508697196E-4,0.007113821138211382,0.30553463835755984,0.7333575543200195,1.317983781296087,0.6110692767151197,0.7333575543200195,0.8786558541973913,0.20715166461159062,0.4955595026642984,0.5516888433981576,97.5,100.0,4362,1756,1732,12,2,0,0.002751031636863824,0.0011389521640091116,0.0,0.5,0.2,0.2,0.2,35.0,65.0,25.0,0.5,0.2,0.2,0.2,35.0,65.0,25.0,2880,2876,4,2880,0.001388888888888889,0.7303530619928355,1.0,0.7303530619928355,1434,0.49860917941585536,1.0,1
"iteration_5","SCOPE_DATA_COLLECTION",700,53,3250.0,3310.0,2,4042,2821,987,4108,2875,1014,4055,2815,977,5,2,7,0.0012315270935960591,7.099751508697196E-4,0.007113821138211382,0.30553463835755984,0.7333575543200195,1.317983781296087,0.6110692767151197,0.7333575543200195,0.8786558541973913,0.20715166461159062,0.4955595026642984,0.5516888433981576,97.5,100.0,4362,1756,1732,12,2,0,0.002751031636863824,0.0011389521640091116,0.0,0.5,0.2,0.2,0.2,35.0,65.0,25.0,0.5,0.2,0.2,0.2,35.0,65.0,25.0,973,971,2,973,0.0020554984583761563,1.3264114235726987,1.5,0.8842742823817992,538,0.5540679711637487,1.0,1
"iteration_5","SCOPE_DATA_COLLECTION",700,54,3310.0,3370.0,0,4275,2880,973,4042,2821,987,4269,2881,974,1,4,2,2.34192037470726E-4,0.0013864818024263432,0.0020491803278688526,0.3004095330128065,0.7302708409196894,1.3210334568582633,0.600819066025613,0.7302708409196894,0.8806889712388423,0.2016865776528461,0.4984380423464075,0.5523613963039015,95.0,100.0,4484,1856,1788,6,1,0,0.0013380909901873326,5.387931034482759E-4,0.0,0.5,0.2,0.2,0.2,35.0,65.0,25.0,0.6000000000000001,0.30000000000000004,0.1,0.2,35.0,55.0,20.0,4009,4007,2,4009,4.988775255674732E-4,0.3033700063343912,0.5,0.6067400126687824,773,0.1929124032942351,1.0,1
"iteration_5","SCOPE_DATA_COLLECTION",700,54,3310.0,3370.0,1,4275,2880,973,4042,2821,987,4269,2881,974,1,4,2,2.34192037470726E-4,0.0013864818024263432,0.0020491803278688526,0.3004095330128065,0.7302708409196894,1.3210334568582633,0.600819066025613,0.7302708409196894,0.8806889712388423,0.2016865776528461,0.4984380423464075,0.5523613963039015,95.0,100.0,4484,1856,1788,6,1,0,0.0013380909901873326,5.387931034482759E-4,0.0,0.5,0.2,0.2,0.2,35.0,65.0,25.0,0.6000000000000001,0.30000000000000004,0.1,0.2,35.0,55.0,20.0,2776,2776,0,2776,0.0,0.7072468310811638,1.0,0.7072468310811638,1358,0.489193083573487,1.0,1
"iteration_5","SCOPE_DATA_COLLECTION",700,54,3310.0,3370.0,2,4275,2880,973,4042,2821,987,4269,2881,974,1,4,2,2.34192037470726E-4,0.0013864818024263432,0.0020491803278688526,0.3004095330128065,0.7302708409196894,1.3210334568582633,0.600819066025613,0.7302708409196894,0.8806889712388423,0.2016865776528461,0.4984380423464075,0.5523613963039015,95.0,100.0,4484,1856,1788,6,1,0,0.0013380909901873326,5.387931034482759E-4,0.0,0.5,0.2,0.2,0.2,35.0,65.0,25.0,0.6000000000000001,0.30000000000000004,0.1,0.2,35.0,55.0,20.0,1001,998,3,1001,0.002997002997002997,1.3065162395027865,1.5,0.871010826335191,546,0.5470941883767535,1.0,1
"iteration_5","SCOPE_DATA_COLLECTION",700,55,3370.0,3430.0,0,4009,2776,1001,4275,2880,973,4011,2773,993,2,0,3,4.9838026414154E-4,0.0,0.0030120481927710845,0.3040988972668242,0.7091360985201574,1.3107887019221394,0.6081977945336484,0.7091360985201574,0.8738591346147596,0.1942159062577911,0.49044356292823654,0.5498489425981873,100.0,100.0,4281,2110,1395,3,2,0,7.00770847932726E-4,9.478672985781991E-4,0.0,0.6000000000000001,0.30000000000000004,0.1,0.2,35.0,55.0,20.0,0.7000000000000001,0.4,0.1,0.2,25.0,65.0,20.0,4084,4076,8,4084,0.0019588638589618022,0.2957726463316113,0.5,0.5915452926632226,832,0.2041216879293425,1.0,1
"iteration_5","SCOPE_DATA_COLLECTION",700,55,3370.0,3430.0,1,4009,2776,1001,4275,2880,973,4011,2773,993,2,0,3,4.9838026414154E-4,0.0,0.0030120481927710845,0.3040988972668242,0.7091360985201574,1.3107887019221394,0.6081977945336484,0.7091360985201574,0.8738591346147596,0.1942159062577911,0.49044356292823654,0.5498489425981873,100.0,100.0,4281,2110,1395,3,2,0,7.00770847932726E-4,9.478672985781991E-4,0.0,0.6000000000000001,0.30000000000000004,0.1,0.2,35.0,55.0,20.0,0.7000000000000001,0.4,0.1,0.2,25.0,65.0,20.0,2909,2900,9,2909,0.0030938466827088347,0.6756059838948736,1.0,0.6756059838948736,1296,0.44689655172413795,1.0,1
"iteration_5","SCOPE_DATA_COLLECTION",700,55,3370.0,3430.0,2,4009,2776,1001,4275,2880,973,4011,2773,993,2,0,3,4.9838026414154E-4,0.0,0.0030120481927710845,0.3040988972668242,0.7091360985201574,1.3107887019221394,0.6081977945336484,0.7091360985201574,0.8738591346147596,0.1942159062577911,0.49044356292823654,0.5498489425981873,100.0,100.0,4281,2110,1395,3,2,0,7.00770847932726E-4,9.478672985781991E-4,0.0,0.6000000000000001,0.30000000000000004,0.1,0.2,35.0,55.0,20.0,0.7000000000000001,0.4,0.1,0.2,25.0,65.0,20.0,1085,1082,3,1085,0.0027649769585253456,1.3112270565142166,1.5,0.8741513710094777,590,0.5452865064695009,1.0,1
"iteration_5","SCOPE_DATA_COLLECTION",700,56,3430.0,3490.0,0,4084,2909,1085,4009,2776,1001,4072,2900,1083,8,9,3,0.00196078431372549,0.0030938466827088347,0.0027624309392265192,0.2956613298633224,0.6766285768634416,1.31101927160838,0.5913226597266448,0.6766285768634416,0.87401284773892,0.2038310412573674,0.4472413793103448,0.5447830101569714,97.5,100.0,4201,2736,1141,16,4,0,0.0038086169959533444,0.0014619883040935672,0.0,0.7000000000000001,0.4,0.1,0.2,25.0,65.0,20.0,0.8,0.4,0.8,0.7000000000000001,20.0,85.0,40.0,3983,3978,5,3983,0.0012553351744915891,0.3179078851451543,0.5,0.6358157702903086,956,0.24032176973353445,1.0,1
"iteration_5","SCOPE_DATA_COLLECTION",700,56,3430.0,3490.0,1,4084,2909,1085,4009,2776,1001,4072,2900,1083,8,9,3,0.00196078431372549,0.0030938466827088347,0.0027624309392265192,0.2956613298633224,0.6766285768634416,1.31101927160838,0.5913226597266448,0.6766285768634416,0.87401284773892,0.2038310412573674,0.4472413793103448,0.5447830101569714,97.5,100.0,4201,2736,1141,16,4,0,0.0038086169959533444,0.0014619883040935672,0.0,0.7000000000000001,0.4,0.1,0.2,25.0,65.0,20.0,0.8,0.4,0.8,0.7000000000000001,20.0,85.0,40.0,2886,2875,11,2886,0.0038115038115038116,0.747057070725503,1.0,0.747057070725503,1409,0.4900869565217391,1.0,1
"iteration_5","SCOPE_DATA_COLLECTION",700,56,3430.0,3490.0,2,4084,2909,1085,4009,2776,1001,4072,2900,1083,8,9,3,0.00196078431372549,0.0030938466827088347,0.0027624309392265192,0.2956613298633224,0.6766285768634416,1.31101927160838,0.5913226597266448,0.6766285768634416,0.87401284773892,0.2038310412573674,0.4472413793103448,0.5447830101569714,97.5,100.0,4201,2736,1141,16,4,0,0.0038086169959533444,0.0014619883040935672,0.0,0.7000000000000001,0.4,0.1,0.2,25.0,65.0,20.0,0.8,0.4,0.8,0.7000000000000001,20.0,85.0,40.0,1021,1010,11,1021,0.010773751224289911,1.3133699283759823,1.5,0.8755799522506549,538,0.5326732673267327,1.0,1
"iteration_5","SCOPE_DATA_COLLECTION",700,57,3490.0,3550.0,0,3983,2886,1021,4084,2909,1085,3976,2885,1012,5,11,11,0.0012559658377292139,0.003798342541436464,0.010752688172043012,0.31744121142878945,0.7461229178126081,1.3127133858191933,0.6348824228575789,0.7461229178126081,0.8751422572127955,0.2391851106639839,0.48942807625649914,0.532608695652174,90.0,100.0,4278,2890,722,24,3,0,0.005610098176718092,0.0010380622837370243,0.0,0.8,0.4,0.8,0.7000000000000001,20.0,85.0,40.0,0.8500000000000001,0.7000000000000001,0.9,0.4,90.0,30.0,60.0,4192,4188,4,4192,9.541984732824427E-4,0.3282708653535471,0.5,0.6565417307070942,1107,0.26432664756446994,1.0,1
"iteration_5","SCOPE_DATA_COLLECTION",700,57,3490.0,3550.0,1,3983,2886,1021,4084,2909,1085,3976,2885,1012,5,11,11,0.0012559658377292139,0.003798342541436464,0.010752688172043012,0.31744121142878945,0.7461229178126081,1.3127133858191933,0.6348824228575789,0.7461229178126081,0.8751422572127955,0.2391851106639839,0.48942807625649914,0.532608695652174,90.0,100.0,4278,2890,722,24,3,0,0.005610098176718092,0.0010380622837370243,0.0,0.8,0.4,0.8,0.7000000000000001,20.0,85.0,40.0,0.8500000000000001,0.7000000000000001,0.9,0.4,90.0,30.0,60.0,2872,2859,13,2872,0.004526462395543176,0.7328641196241131,1.0,0.7328641196241131,1365,0.4774396642182581,1.0,1
"iteration_5","SCOPE_DATA_COLLECTION",700,57,3490.0,3550.0,2,3983,2886,1021,4084,2909,1085,3976,2885,1012,5,11,11,0.0012559658377292139,0.003798342541436464,0.010752688172043012,0.31744121142878945,0.7461229178126081,1.3127133858191933,0.6348824228575789,0.7461229178126081,0.8751422572127955,0.2391851106639839,0.48942807625649914,0.532608695652174,90.0,100.0,4278,2890,722,24,3,0,0.005610098176718092,0.0010380622837370243,0.0,0.8,0.4,0.8,0.7000000000000001,20.0,85.0,40.0,0.8500000000000001,0.7000000000000001,0.9,0.4,90.0,30.0,60.0,1062,1052,10,1062,0.009416195856873822,1.3175929149566628,1.5,0.8783952766377752,562,0.5342205323193916,1.0,1
"iteration_5","SCOPE_DATA_COLLECTION",700,58,3550.0,3618.0088037769265,0,4192,2872,1062,3983,2886,1021,4188,2854,1050,4,13,10,9.541984732824427E-4,0.004534356470177886,0.009433962264150943,0.3281627430765663,0.7304994660568203,1.3136717376350122,0.6563254861531326,0.7304994660568203,0.8757811584233415,0.26504297994269344,0.47687456201822004,0.5314285714285715,100.0,100.0,4355,3216,555,24,3,0,0.005510907003444317,9.328358208955224E-4,0.0,0.8500000000000001,0.7000000000000001,0.9,0.4,90.0,30.0,60.0,0.8500000000000001,0.7000000000000001,0.9,0.4,90.0,30.0,60.0,3358,3332,2,3334,5.998800239952009E-4,0.32990554464486177,0.5,0.6598110892897235,866,0.25990396158463386,0.9928528886241811,0
"iteration_5","SCOPE_DATA_COLLECTION",700,58,3550.0,3618.0088037769265,1,4192,2872,1062,3983,2886,1021,4188,2854,1050,4,13,10,9.541984732824427E-4,0.004534356470177886,0.009433962264150943,0.3281627430765663,0.7304994660568203,1.3136717376350122,0.6563254861531326,0.7304994660568203,0.8757811584233415,0.26504297994269344,0.47687456201822004,0.5314285714285715,100.0,100.0,4355,3216,555,24,3,0,0.005510907003444317,9.328358208955224E-4,0.0,0.8500000000000001,0.7000000000000001,0.9,0.4,90.0,30.0,60.0,0.8500000000000001,0.7000000000000001,0.9,0.4,90.0,30.0,60.0,2433,2383,3,2386,0.0012573344509639564,0.7373365174773648,1.0,0.7373365174773648,1149,0.48216533780948384,0.980682285244554,0
"iteration_5","SCOPE_DATA_COLLECTION",700,58,3550.0,3618.0088037769265,2,4192,2872,1062,3983,2886,1021,4188,2854,1050,4,13,10,9.541984732824427E-4,0.004534356470177886,0.009433962264150943,0.3281627430765663,0.7304994660568203,1.3136717376350122,0.6563254861531326,0.7304994660568203,0.8757811584233415,0.26504297994269344,0.47687456201822004,0.5314285714285715,100.0,100.0,4355,3216,555,24,3,0,0.005510907003444317,9.328358208955224E-4,0.0,0.8500000000000001,0.7000000000000001,0.9,0.4,90.0,30.0,60.0,0.8500000000000001,0.7000000000000001,0.9,0.4,90.0,30.0,60.0,811,792,7,799,0.008760951188986232,1.2617216865331973,1.5,0.8411477910221316,404,0.51010101010101,0.9852034525277436,0
"iteration_5","SCOPE_DATA_COLLECTION",800,0,70.0,130.0,0,4634,3132,982,0,0,0,4602,3081,956,8,7,7,0.0017353579175704988,0.0022668393782383418,0.007268951194184839,0.31393821792492416,0.6971781861382291,1.2491896560050977,0.6278764358498483,0.6971781861382291,0.8327931040033985,0.2531508039982616,0.4394677052904901,0.4989539748953975,85.0,100.0,4435,2601,1712,19,3,0,0.004284103720405863,0.0011534025374855825,0.0,0.6,0.5,0.7,0.4,85.0,80.0,90.0,0.6,0.5,0.7,0.4,85.0,80.0,90.0,5173,5170,3,5173,5.799342741156003E-4,0.3093624965380056,0.5,0.6187249930760113,1333,0.25783365570599615,1.0,1
"iteration_5","SCOPE_DATA_COLLECTION",800,0,70.0,130.0,1,4634,3132,982,0,0,0,4602,3081,956,8,7,7,0.0017353579175704988,0.0022668393782383418,0.007268951194184839,0.31393821792492416,0.6971781861382291,1.2491896560050977,0.6278764358498483,0.6971781861382291,0.8327931040033985,0.2531508039982616,0.4394677052904901,0.4989539748953975,85.0,100.0,4435,2601,1712,19,3,0,0.004284103720405863,0.0011534025374855825,0.0,0.6,0.5,0.7,0.4,85.0,80.0,90.0,0.6,0.5,0.7,0.4,85.0,80.0,90.0,3431,3417,14,3431,0.004080443019527835,0.7303507687169365,1.0,0.7303507687169365,1564,0.4577114427860697,1.0,1
"iteration_5","SCOPE_DATA_COLLECTION",800,0,70.0,130.0,2,4634,3132,982,0,0,0,4602,3081,956,8,7,7,0.0017353579175704988,0.0022668393782383418,0.007268951194184839,0.31393821792492416,0.6971781861382291,1.2491896560050977,0.6278764358498483,0.6971781861382291,0.8327931040033985,0.2531508039982616,0.4394677052904901,0.4989539748953975,85.0,100.0,4435,2601,1712,19,3,0,0.004284103720405863,0.0011534025374855825,0.0,0.6,0.5,0.7,0.4,85.0,80.0,90.0,0.6,0.5,0.7,0.4,85.0,80.0,90.0,1034,1018,16,1034,0.015473887814313346,1.2454901364362607,1.5,0.8303267576241739,498,0.48919449901768175,1.0,1
"iteration_5","SCOPE_DATA_COLLECTION",800,1,130.0,190.0,0,5173,3431,1034,4634,3132,982,5165,3415,1015,3,14,16,5.804953560371517E-4,0.004082822980460776,0.015518913676042677,0.30865064522979696,0.7269055119975737,1.2434833123172486,0.6173012904595939,0.7269055119975737,0.8289888748781657,0.25711519845111325,0.45563689604685215,0.4876847290640394,97.5,100.0,4762,2924,1952,32,1,0,0.006719865602687947,3.419972640218878E-4,0.0,0.6,0.5,0.7,0.4,85.0,80.0,90.0,0.5,0.4,0.7000000000000001,0.30000000000000004,85.0,70.0,80.0,5083,5072,11,5083,0.0021640763328742867,0.3091142259631277,0.5,0.6182284519262554,1325,0.26123817034700314,1.0,1
"iteration_5","SCOPE_DATA_COLLECTION",800,1,130.0,190.0,1,5173,3431,1034,4634,3132,982,5165,3415,1015,3,14,16,5.804953560371517E-4,0.004082822980460776,0.015518913676042677,0.30865064522979696,0.7269055119975737,1.2434833123172486,0.6173012904595939,0.7269055119975737,0.8289888748781657,0.25711519845111325,0.45563689604685215,0.4876847290640394,97.5,100.0,4762,2924,1952,32,1,0,0.006719865602687947,3.419972640218878E-4,0.0,0.6,0.5,0.7,0.4,85.0,80.0,90.0,0.5,0.4,0.7000000000000001,0.30000000000000004,85.0,70.0,80.0,3433,3416,17,3433,0.004951937081270026,0.7282432549302175,1.0,0.7282432549302175,1567,0.4587236533957845,1.0,1
"iteration_5","SCOPE_DATA_COLLECTION",800,1,130.0,190.0,2,5173,3431,1034,4634,3132,982,5165,3415,1015,3,14,16,5.804953560371517E-4,0.004082822980460776,0.015518913676042677,0.30865064522979696,0.7269055119975737,1.2434833123172486,0.6173012904595939,0.7269055119975737,0.8289888748781657,0.25711519845111325,0.45563689604685215,0.4876847290640394,97.5,100.0,4762,2924,1952,32,1,0,0.006719865602687947,3.419972640218878E-4,0.0,0.6,0.5,0.7,0.4,85.0,80.0,90.0,0.5,0.4,0.7000000000000001,0.30000000000000004,85.0,70.0,80.0,1025,1018,7,1025,0.006829268292682927,1.2281896723123094,1.5,0.8187931148748729,499,0.4901768172888016,1.0,1
"iteration_5","SCOPE_DATA_COLLECTION",800,2,190.0,250.0,0,5083,3433,1025,5173,3431,1034,5065,3437,1013,11,17,7,0.0021670606776989757,0.004921829762594094,0.006862745098039216,0.309213078528899,0.7327647369019963,1.2230786098475026,0.618426157057798,0.7327647369019963,0.8153857398983351,0.26100691016781835,0.4617398894384638,0.4876604146100691,100.0,100.0,4696,2378,2467,30,5,0,0.006388415672913117,0.0021026072329688814,0.0,0.5,0.4,0.7000000000000001,0.30000000000000004,85.0,70.0,80.0,0.4,0.8,0.30000000000000004,0.6000000000000001,20.0,35.0,25.0,5145,5100,45,5145,0.008746355685131196,0.33723528542622394,0.5,0.6744705708524479,1557,0.3052941176470588,1.0,1
"iteration_5","SCOPE_DATA_COLLECTION",800,2,190.0,250.0,1,5083,3433,1025,5173,3431,1034,5065,3437,1013,11,17,7,0.0021670606776989757,0.004921829762594094,0.006862745098039216,0.309213078528899,0.7327647369019963,1.2230786098475026,0.618426157057798,0.7327647369019963,0.8153857398983351,0.26100691016781835,0.4617398894384638,0.4876604146100691,100.0,100.0,4696,2378,2467,30,5,0,0.006388415672913117,0.0021026072329688814,0.0,0.5,0.4,0.7000000000000001,0.30000000000000004,85.0,70.0,80.0,0.4,0.8,0.30000000000000004,0.6000000000000001,20.0,35.0,25.0,3395,3374,21,3395,0.006185567010309278,0.671977092048776,1.0,0.671977092048776,1444,0.42797866034380555,1.0,1
"iteration_5","SCOPE_DATA_COLLECTION",800,2,190.0,250.0,2,5083,3433,1025,5173,3431,1034,5065,3437,1013,11,17,7,0.0021670606776989757,0.004921829762594094,0.006862745098039216,0.309213078528899,0.7327647369019963,1.2230786098475026,0.618426157057798,0.7327647369019963,0.8153857398983351,0.26100691016781835,0.4617398894384638,0.4876604146100691,100.0,100.0,4696,2378,2467,30,5,0,0.006388415672913117,0.0021026072329688814,0.0,0.5,0.4,0.7000000000000001,0.30000000000000004,85.0,70.0,80.0,0.4,0.8,0.30000000000000004,0.6000000000000001,20.0,35.0,25.0,1029,1007,22,1029,0.021379980563654033,1.2855068226865785,1.5,0.857004548457719,508,0.5044687189672294,1.0,1
"iteration_5","SCOPE_DATA_COLLECTION",800,3,250.0,310.0,0,5145,3395,1029,5083,3433,1025,5100,3364,1007,45,21,22,0.008746355685131196,0.0062038404726735595,0.021379980563654033,0.33669383272251463,0.6716081470424912,1.2836596030953698,0.6733876654450293,0.6716081470424912,0.8557730687302465,0.3050980392156863,0.42746730083234247,0.5044687189672294,95.0,100.0,4712,2001,2856,25,2,61,0.005305602716468591,9.995002498750624E-4,0.021358543417366947,0.4,0.8,0.30000000000000004,0.6000000000000001,20.0,35.0,25.0,0.1,0.4,0.4,0.30000000000000004,25.0,30.0,25.0,5220,4239,981,5220,0.1879310344827586,0.4036210140723261,0.5,0.8072420281446522,1395,0.32908704883227174,1.0,1
"iteration_5","SCOPE_DATA_COLLECTION",800,3,250.0,310.0,1,5145,3395,1029,5083,3433,1025,5100,3364,1007,45,21,22,0.008746355685131196,0.0062038404726735595,0.021379980563654033,0.33669383272251463,0.6716081470424912,1.2836596030953698,0.6733876654450293,0.6716081470424912,0.8557730687302465,0.3050980392156863,0.42746730083234247,0.5044687189672294,95.0,100.0,4712,2001,2856,25,2,61,0.005305602716468591,9.995002498750624E-4,0.021358543417366947,0.4,0.8,0.30000000000000004,0.6000000000000001,20.0,35.0,25.0,0.1,0.4,0.4,0.30000000000000004,25.0,30.0,25.0,3486,2838,648,3486,0.18588640275387264,0.8450934712399928,1.0,0.8450934712399928,1522,0.536293164200141,1.0,1
"iteration_5","SCOPE_DATA_COLLECTION",800,3,250.0,310.0,2,5145,3395,1029,5083,3433,1025,5100,3364,1007,45,21,22,0.008746355685131196,0.0062038404726735595,0.021379980563654033,0.33669383272251463,0.6716081470424912,1.2836596030953698,0.6733876654450293,0.6716081470424912,0.8557730687302465,0.3050980392156863,0.42746730083234247,0.5044687189672294,95.0,100.0,4712,2001,2856,25,2,61,0.005305602716468591,9.995002498750624E-4,0.021358543417366947,0.4,0.8,0.30000000000000004,0.6000000000000001,20.0,35.0,25.0,0.1,0.4,0.4,0.30000000000000004,25.0,30.0,25.0,1077,856,221,1077,0.2051996285979573,1.5076750251249456,1.5,1.0051166834166303,522,0.6098130841121495,1.0,1
"iteration_5","SCOPE_DATA_COLLECTION",800,4,310.0,370.0,0,5220,3486,1077,5145,3395,1029,4248,2835,865,981,648,221,0.18760757314974183,0.18604651162790697,0.20349907918968693,0.40422207213515354,0.8431259444872626,1.5090810066895999,0.8084441442703071,0.8431259444872626,1.0060540044597333,0.3295668549905838,0.5347442680776014,0.6104046242774567,97.5,100.0,4727,504,4552,24,1,1825,0.0050772159932303785,0.001984126984126984,0.4009226713532513,0.1,0.4,0.4,0.30000000000000004,25.0,30.0,25.0,0.1,0.4,0.30000000000000004,0.30000000000000004,20.0,40.0,25.0,4932,4174,758,4932,0.15369018653690186,0.39869107839709444,0.5,0.7973821567941889,1331,0.31887877335888837,1.0,1
"iteration_5","SCOPE_DATA_COLLECTION",800,4,310.0,370.0,1,5220,3486,1077,5145,3395,1029,4248,2835,865,981,648,221,0.18760757314974183,0.18604651162790697,0.20349907918968693,0.40422207213515354,0.8431259444872626,1.5090810066895999,0.8084441442703071,0.8431259444872626,1.0060540044597333,0.3295668549905838,0.5347442680776014,0.6104046242774567,97.5,100.0,4727,504,4552,24,1,1825,0.0050772159932303785,0.001984126984126984,0.4009226713532513,0.1,0.4,0.4,0.30000000000000004,25.0,30.0,25.0,0.1,0.4,0.30000000000000004,0.30000000000000004,20.0,40.0,25.0,3380,2794,586,3380,0.17337278106508874,0.8462304785166149,1.0,0.8462304785166149,1508,0.5397279885468862,1.0,1
"iteration_5","SCOPE_DATA_COLLECTION",800,4,310.0,370.0,2,5220,3486,1077,5145,3395,1029,4248,2835,865,981,648,221,0.18760757314974183,0.18604651162790697,0.20349907918968693,0.40422207213515354,0.8431259444872626,1.5090810066895999,0.8084441442703071,0.8431259444872626,1.0060540044597333,0.3295668549905838,0.5347442680776014,0.6104046242774567,97.5,100.0,4727,504,4552,24,1,1825,0.0050772159932303785,0.001984126984126984,0.4009226713532513,0.1,0.4,0.4,0.30000000000000004,25.0,30.0,25.0,0.1,0.4,0.30000000000000004,0.30000000000000004,20.0,40.0,25.0,1052,859,193,1052,0.18346007604562736,1.523753921836893,1.5,1.015835947891262,532,0.619324796274738,1.0,1
"iteration_5","SCOPE_DATA_COLLECTION",800,5,370.0,430.0,0,4932,3380,1052,5220,3486,1077,4141,2782,859,758,583,190,0.1547254541743213,0.17325408618127786,0.1811248808388942,0.3962483300797988,0.8475682015809944,1.528859418585789,0.7924966601595976,0.8475682015809944,1.019239612390526,0.31852209611205023,0.5431344356578002,0.6216530849825378,100.0,100.0,4579,473,4312,17,0,1514,0.003712601004586154,0.0,0.35111317254174396,0.1,0.4,0.30000000000000004,0.30000000000000004,20.0,40.0,25.0,0.2,0.4,0.2,0.4,20.0,30.0,35.0,5022,4743,279,5022,0.05555555555555555,0.35661704161220065,0.5,0.7132340832244013,1335,0.2814674256799494,1.0,1
"iteration_5","SCOPE_DATA_COLLECTION",800,5,370.0,430.0,1,4932,3380,1052,5220,3486,1077,4141,2782,859,758,583,190,0.1547254541743213,0.17325408618127786,0.1811248808388942,0.3962483300797988,0.8475682015809944,1.528859418585789,0.7924966601595976,0.8475682015809944,1.019239612390526,0.31852209611205023,0.5431344356578002,0.6216530849825378,100.0,100.0,4579,473,4312,17,0,1514,0.003712601004586154,0.0,0.35111317254174396,0.1,0.4,0.30000000000000004,0.30000000000000004,20.0,40.0,25.0,0.2,0.4,0.2,0.4,20.0,30.0,35.0,3379,3168,211,3379,0.06244451021012134,0.7267723929759348,1.0,0.7267723929759348,1441,0.4548611111111111,1.0,1
"iteration_5","SCOPE_DATA_COLLECTION",800,5,370.0,430.0,2,4932,3380,1052,5220,3486,1077,4141,2782,859,758,583,190,0.1547254541743213,0.17325408618127786,0.1811248808388942,0.3962483300797988,0.8475682015809944,1.528859418585789,0.7924966601595976,0.8475682015809944,1.019239612390526,0.31852209611205023,0.5431344356578002,0.6216530849825378,100.0,100.0,4579,473,4312,17,0,1514,0.003712601004586154,0.0,0.35111317254174396,0.1,0.4,0.30000000000000004,0.30000000000000004,20.0,40.0,25.0,0.2,0.4,0.2,0.4,20.0,30.0,35.0,1022,969,53,1022,0.05185909980430528,1.3076009458476041,1.5,0.8717339638984027,504,0.5201238390092879,1.0,1
"iteration_5","SCOPE_DATA_COLLECTION",800,6,430.0,490.0,0,5022,3379,1022,4932,3380,1052,4756,3168,965,279,214,56,0.05541211519364449,0.06327616794795979,0.05484818805093046,0.3553113928968285,0.7259439087711451,1.3035770221150467,0.710622785793657,0.7259439087711451,0.8690513480766978,0.2788057190916737,0.45012626262626265,0.5181347150259067,95.0,100.0,4657,993,3773,13,2,534,0.0027914966716770452,0.002014098690835851,0.1415319374503048,0.2,0.4,0.2,0.4,20.0,30.0,35.0,0.30000000000000004,0.4,0.30000000000000004,0.4,20.0,20.0,25.0,5009,4948,61,5009,0.01217807945697744,0.3211744332647624,0.5,0.6423488665295248,1274,0.2574777687954729,1.0,1
"iteration_5","SCOPE_DATA_COLLECTION",800,6,430.0,490.0,1,5022,3379,1022,4932,3380,1052,4756,3168,965,279,214,56,0.05541211519364449,0.06327616794795979,0.05484818805093046,0.3553113928968285,0.7259439087711451,1.3035770221150467,0.710622785793657,0.7259439087711451,0.8690513480766978,0.2788057190916737,0.45012626262626265,0.5181347150259067,95.0,100.0,4657,993,3773,13,2,534,0.0027914966716770452,0.002014098690835851,0.1415319374503048,0.2,0.4,0.2,0.4,20.0,30.0,35.0,0.30000000000000004,0.4,0.30000000000000004,0.4,20.0,20.0,25.0,3396,3357,39,3396,0.011484098939929329,0.7083566360340623,1.0,0.7083566360340623,1499,0.44652963955913016,1.0,1
"iteration_5","SCOPE_DATA_COLLECTION",800,6,430.0,490.0,2,5022,3379,1022,4932,3380,1052,4756,3168,965,279,214,56,0.05541211519364449,0.06327616794795979,0.05484818805093046,0.3553113928968285,0.7259439087711451,1.3035770221150467,0.710622785793657,0.7259439087711451,0.8690513480766978,0.2788057190916737,0.45012626262626265,0.5181347150259067,95.0,100.0,4657,993,3773,13,2,534,0.0027914966716770452,0.002014098690835851,0.1415319374503048,0.2,0.4,0.2,0.4,20.0,30.0,35.0,0.30000000000000004,0.4,0.30000000000000004,0.4,20.0,20.0,25.0,1045,1030,15,1045,0.014354066985645933,1.2556439216401196,1.5,0.8370959477600798,510,0.49514563106796117,1.0,1
"iteration_5","SCOPE_DATA_COLLECTION",800,7,490.0,550.0,0,5009,3396,1045,5022,3379,1022,4968,3371,1026,61,39,15,0.012129648041360111,0.011436950146627566,0.01440922190201729,0.32555908228043506,0.7122482638378101,1.2608412401041231,0.6511181645608701,0.7122482638378101,0.8405608267360821,0.2612721417069243,0.4506081281518837,0.49610136452241715,100.0,100.0,4705,1495,3250,24,3,88,0.005100956429330499,0.002006688963210702,0.02707692307692308,0.30000000000000004,0.4,0.30000000000000004,0.4,20.0,20.0,25.0,0.5,0.6000000000000001,0.9,0.1,55.0,35.0,20.0,5079,5075,4,5079,7.875566056310297E-4,0.32651047552556983,0.5,0.6530209510511397,1515,0.29852216748768473,1.0,1
"iteration_5","SCOPE_DATA_COLLECTION",800,7,490.0,550.0,1,5009,3396,1045,5022,3379,1022,4968,3371,1026,61,39,15,0.012129648041360111,0.011436950146627566,0.01440922190201729,0.32555908228043506,0.7122482638378101,1.2608412401041231,0.6511181645608701,0.7122482638378101,0.8405608267360821,0.2612721417069243,0.4506081281518837,0.49610136452241715,100.0,100.0,4705,1495,3250,24,3,88,0.005100956429330499,0.002006688963210702,0.02707692307692308,0.30000000000000004,0.4,0.30000000000000004,0.4,20.0,20.0,25.0,0.5,0.6000000000000001,0.9,0.1,55.0,35.0,20.0,3443,3439,4,3443,0.0011617775196049957,0.7045842438348782,1.0,0.7045842438348782,1540,0.44780459435882525,1.0,1
"iteration_5","SCOPE_DATA_COLLECTION",800,7,490.0,550.0,2,5009,3396,1045,5022,3379,1022,4968,3371,1026,61,39,15,0.012129648041360111,0.011436950146627566,0.01440922190201729,0.32555908228043506,0.7122482638378101,1.2608412401041231,0.6511181645608701,0.7122482638378101,0.8405608267360821,0.2612721417069243,0.4506081281518837,0.49610136452241715,100.0,100.0,4705,1495,3250,24,3,88,0.005100956429330499,0.002006688963210702,0.02707692307692308,0.30000000000000004,0.4,0.30000000000000004,0.4,20.0,20.0,25.0,0.5,0.6000000000000001,0.9,0.1,55.0,35.0,20.0,1028,1026,2,1028,0.0019455252918287938,1.1889641781342215,1.5,0.7926427854228143,494,0.48148148148148145,1.0,1
"iteration_5","SCOPE_DATA_COLLECTION",800,8,550.0,610.0,0,5079,3443,1028,5009,3396,1045,5068,3438,1035,4,4,1,7.886435331230284E-4,0.0011621150493898896,9.652509652509653E-4,0.325941707034166,0.7036427618519482,1.1876849810407628,0.651883414068332,0.7036427618519482,0.7917899873605085,0.297947908445146,0.4467713787085515,0.4811594202898551,100.0,100.0,4670,2427,2453,7,2,0,0.0014989293361884369,8.240626287597857E-4,0.0,0.5,0.6000000000000001,0.9,0.1,55.0,35.0,20.0,0.5,0.6000000000000001,0.9,0.1,55.0,35.0,20.0,5078,5051,27,5078,0.00531705395825128,0.3118134308330409,0.5,0.6236268616660818,1359,0.2690556325480103,1.0,1
"iteration_5","SCOPE_DATA_COLLECTION",800,8,550.0,610.0,1,5079,3443,1028,5009,3396,1045,5068,3438,1035,4,4,1,7.886435331230284E-4,0.0011621150493898896,9.652509652509653E-4,0.325941707034166,0.7036427618519482,1.1876849810407628,0.651883414068332,0.7036427618519482,0.7917899873605085,0.297947908445146,0.4467713787085515,0.4811594202898551,100.0,100.0,4670,2427,2453,7,2,0,0.0014989293361884369,8.240626287597857E-4,0.0,0.5,0.6000000000000001,0.9,0.1,55.0,35.0,20.0,0.5,0.6000000000000001,0.9,0.1,55.0,35.0,20.0,3338,3323,15,3338,0.004493708807669263,0.7093777201291304,1.0,0.7093777201291304,1483,0.44628347878423114,1.0,1
"iteration_5","SCOPE_DATA_COLLECTION",800,8,550.0,610.0,2,5079,3443,1028,5009,3396,1045,5068,3438,1035,4,4,1,7.886435331230284E-4,0.0011621150493898896,9.652509652509653E-4,0.325941707034166,0.7036427618519482,1.1876849810407628,0.651883414068332,0.7036427618519482,0.7917899873605085,0.297947908445146,0.4467713787085515,0.4811594202898551,100.0,100.0,4670,2427,2453,7,2,0,0.0014989293361884369,8.240626287597857E-4,0.0,0.5,0.6000000000000001,0.9,0.1,55.0,35.0,20.0,0.5,0.6000000000000001,0.9,0.1,55.0,35.0,20.0,1069,1065,4,1069,0.0037418147801683817,1.2142546908205114,1.5,0.8095031272136742,528,0.49577464788732395,1.0,1
"iteration_5","SCOPE_DATA_COLLECTION",800,9,610.0,670.0,0,5078,3338,1069,5079,3443,1028,5057,3321,1054,27,15,5,0.0053107789142407555,0.0044964028776978415,0.004721435316336166,0.3117611204137236,0.7078235155263662,1.211950565271343,0.6235222408274472,0.7078235155263662,0.8079670435142287,0.26932964208028476,0.4468533574224631,0.4952561669829222,100.0,100.0,4581,2468,2436,13,1,33,0.0028378083387906572,4.051863857374392E-4,0.013546798029556651,0.5,0.6000000000000001,0.9,0.1,55.0,35.0,20.0,0.25,0.4,0.6000000000000001,0.2,95.0,70.0,80.0,5113,4853,260,5113,0.05085077254058283,0.37526925200275835,0.5,0.7505385040055167,1382,0.2847723057902328,1.0,1
"iteration_5","SCOPE_DATA_COLLECTION",800,9,610.0,670.0,1,5078,3338,1069,5079,3443,1028,5057,3321,1054,27,15,5,0.0053107789142407555,0.0044964028776978415,0.004721435316336166,0.3117611204137236,0.7078235155263662,1.211950565271343,0.6235222408274472,0.7078235155263662,0.8079670435142287,0.26932964208028476,0.4468533574224631,0.4952561669829222,100.0,100.0,4581,2468,2436,13,1,33,0.0028378083387906572,4.051863857374392E-4,0.013546798029556651,0.5,0.6000000000000001,0.9,0.1,55.0,35.0,20.0,0.25,0.4,0.6000000000000001,0.2,95.0,70.0,80.0,3386,3192,194,3386,0.05729474305965741,0.7904715149482946,1.0,0.7904715149482946,1542,0.4830827067669173,1.0,1
"iteration_5","SCOPE_DATA_COLLECTION",800,9,610.0,670.0,2,5078,3338,1069,5079,3443,1028,5057,3321,1054,27,15,5,0.0053107789142407555,0.0044964028776978415,0.004721435316336166,0.3117611204137236,0.7078235155263662,1.211950565271343,0.6235222408274472,0.7078235155263662,0.8079670435142287,0.26932964208028476,0.4468533574224631,0.4952561669829222,100.0,100.0,4581,2468,2436,13,1,33,0.0028378083387906572,4.051863857374392E-4,0.013546798029556651,0.5,0.6000000000000001,0.9,0.1,55.0,35.0,20.0,0.25,0.4,0.6000000000000001,0.2,95.0,70.0,80.0,1022,970,52,1022,0.050880626223091974,1.3404905034680743,1.5,0.8936603356453828,520,0.5360824742268041,1.0,1
"iteration_5","SCOPE_DATA_COLLECTION",800,10,670.0,730.0,0,5113,3386,1022,5078,3338,1069,4847,3193,982,260,194,52,0.050910514979439984,0.05727782698553292,0.05029013539651837,0.3759910320587842,0.7917692352660921,1.3431964454464689,0.7519820641175684,0.7917692352660921,0.8954642969643126,0.2851248194759645,0.4826182273723771,0.5376782077393075,100.0,100.0,4641,1189,3691,13,1,492,0.0028011204481792717,8.410428931875525E-4,0.1332972094283392,0.25,0.4,0.6000000000000001,0.2,95.0,70.0,80.0,0.05,0.6000000000000001,0.4,0.4,95.0,75.0,35.0,5095,3881,1214,5095,0.23827281648675172,0.43649331073127184,0.5,0.8729866214625437,1341,0.34552950270548827,1.0,1
"iteration_5","SCOPE_DATA_COLLECTION",800,10,670.0,730.0,1,5113,3386,1022,5078,3338,1069,4847,3193,982,260,194,52,0.050910514979439984,0.05727782698553292,0.05029013539651837,0.3759910320587842,0.7917692352660921,1.3431964454464689,0.7519820641175684,0.7917692352660921,0.8954642969643126,0.2851248194759645,0.4826182273723771,0.5376782077393075,100.0,100.0,4641,1189,3691,13,1,492,0.0028011204481792717,8.410428931875525E-4,0.1332972094283392,0.25,0.4,0.6000000000000001,0.2,95.0,70.0,80.0,0.05,0.6000000000000001,0.4,0.4,95.0,75.0,35.0,3502,2691,811,3502,0.23158195316961735,0.8907727888155331,1.0,0.8907727888155331,1531,0.5689334819769603,1.0,1
"iteration_5","SCOPE_DATA_COLLECTION",800,10,670.0,730.0,2,5113,3386,1022,5078,3338,1069,4847,3193,982,260,194,52,0.050910514979439984,0.05727782698553292,0.05029013539651837,0.3759910320587842,0.7917692352660921,1.3431964454464689,0.7519820641175684,0.7917692352660921,0.8954642969643126,0.2851248194759645,0.4826182273723771,0.5376782077393075,100.0,100.0,4641,1189,3691,13,1,492,0.0028011204481792717,8.410428931875525E-4,0.1332972094283392,0.25,0.4,0.6000000000000001,0.2,95.0,70.0,80.0,0.05,0.6000000000000001,0.4,0.4,95.0,75.0,35.0,1085,805,280,1085,0.25806451612903225,1.5537334949302937,1.5,1.0358223299535292,510,0.6335403726708074,1.0,1
"iteration_5","SCOPE_DATA_COLLECTION",800,11,730.0,790.0,0,5095,3502,1085,5113,3386,1022,3900,2682,812,1214,811,280,0.23738756355103638,0.2321786430002863,0.2564102564102564,0.4363216824106342,0.8874792587897656,1.556033001943632,0.8726433648212684,0.8874792587897656,1.037355334629088,0.34692307692307695,0.5667412378821775,0.6354679802955665,100.0,100.0,4577,278,4827,17,0,2288,0.003714223290364868,0.0,0.4740004143360265,0.05,0.6000000000000001,0.4,0.4,95.0,75.0,35.0,0.8500000000000001,0.4,0.8,0.9,40.0,75.0,20.0,5015,5010,5,5015,9.970089730807576E-4,0.31680568639018636,0.5,0.6336113727803727,1272,0.25389221556886227,1.0,1
"iteration_5","SCOPE_DATA_COLLECTION",800,11,730.0,790.0,1,5095,3502,1085,5113,3386,1022,3900,2682,812,1214,811,280,0.23738756355103638,0.2321786430002863,0.2564102564102564,0.4363216824106342,0.8874792587897656,1.556033001943632,0.8726433648212684,0.8874792587897656,1.037355334629088,0.34692307692307695,0.5667412378821775,0.6354679802955665,100.0,100.0,4577,278,4827,17,0,2288,0.003714223290364868,0.0,0.4740004143360265,0.05,0.6000000000000001,0.4,0.4,95.0,75.0,35.0,0.8500000000000001,0.4,0.8,0.9,40.0,75.0,20.0,3418,3412,6,3418,0.0017554125219426564,0.7205511476771764,1.0,0.7205511476771764,1536,0.4501758499413834,1.0,1
"iteration_5","SCOPE_DATA_COLLECTION",800,11,730.0,790.0,2,5095,3502,1085,5113,3386,1022,3900,2682,812,1214,811,280,0.23738756355103638,0.2321786430002863,0.2564102564102564,0.4363216824106342,0.8874792587897656,1.556033001943632,0.8726433648212684,0.8874792587897656,1.037355334629088,0.34692307692307695,0.5667412378821775,0.6354679802955665,100.0,100.0,4577,278,4827,17,0,2288,0.003714223290364868,0.0,0.4740004143360265,0.05,0.6000000000000001,0.4,0.4,95.0,75.0,35.0,0.8500000000000001,0.4,0.8,0.9,40.0,75.0,20.0,1033,1023,10,1033,0.00968054211035818,1.2551992563335506,1.5,0.836799504222367,500,0.4887585532746823,1.0,1
"iteration_5","SCOPE_DATA_COLLECTION",800,12,790.0,850.0,0,5015,3418,1033,5095,3502,1085,4993,3417,1011,5,6,10,0.0010004001600640256,0.0017528483786152498,0.009794319294809012,0.3161522640981215,0.7218358243683579,1.242914213665875,0.632304528196243,0.7218358243683579,0.8286094757772501,0.2521530142199079,0.45127304653204564,0.4836795252225519,100.0,100.0,4711,4080,675,17,4,0,0.0036085756739545746,9.80392156862745E-4,0.0,0.8500000000000001,0.4,0.8,0.9,40.0,75.0,20.0,0.8500000000000001,0.5,0.8,0.8,30.0,65.0,30.0,5103,5097,6,5103,0.0011757789535567313,0.33048513380728517,0.5,0.6609702676145703,1461,0.2866391995291348,1.0,1
"iteration_5","SCOPE_DATA_COLLECTION",800,12,790.0,850.0,1,5015,3418,1033,5095,3502,1085,4993,3417,1011,5,6,10,0.0010004001600640256,0.0017528483786152498,0.009794319294809012,0.3161522640981215,0.7218358243683579,1.242914213665875,0.632304528196243,0.7218358243683579,0.8286094757772501,0.2521530142199079,0.45127304653204564,0.4836795252225519,100.0,100.0,4711,4080,675,17,4,0,0.0036085756739545746,9.80392156862745E-4,0.0,0.8500000000000001,0.4,0.8,0.9,40.0,75.0,20.0,0.8500000000000001,0.5,0.8,0.8,30.0,65.0,30.0,3475,3464,11,3475,0.0031654676258992807,0.7079681711292414,1.0,0.7079681711292414,1515,0.4373556581986143,1.0,1
"iteration_5","SCOPE_DATA_COLLECTION",800,12,790.0,850.0,2,5015,3418,1033,5095,3502,1085,4993,3417,1011,5,6,10,0.0010004001600640256,0.0017528483786152498,0.009794319294809012,0.3161522640981215,0.7218358243683579,1.242914213665875,0.632304528196243,0.7218358243683579,0.8286094757772501,0.2521530142199079,0.45127304653204564,0.4836795252225519,100.0,100.0,4711,4080,675,17,4,0,0.0036085756739545746,9.80392156862745E-4,0.0,0.8500000000000001,0.4,0.8,0.9,40.0,75.0,20.0,0.8500000000000001,0.5,0.8,0.8,30.0,65.0,30.0,1110,1102,8,1110,0.007207207207207207,1.249847210663067,1.5,0.833231473775378,534,0.484573502722323,1.0,1
"iteration_5","SCOPE_DATA_COLLECTION",800,13,850.0,910.0,0,5103,3475,1110,5015,3418,1033,5097,3478,1099,6,11,8,0.0011757789535567313,0.0031527658354829464,0.007226738934056007,0.32985469054895095,0.7102179774265801,1.2504041110510251,0.6597093810979019,0.7102179774265801,0.8336027407006834,0.28585442417108103,0.43933294997124783,0.4840764331210191,97.5,100.0,4721,4224,743,20,5,0,0.004236390595212879,0.0011837121212121212,0.0,0.8500000000000001,0.5,0.8,0.8,30.0,65.0,30.0,0.9500000000000001,0.6000000000000001,0.9,0.7000000000000001,40.0,55.0,40.0,4990,4977,13,4990,0.0026052104208416833,0.33215849118382684,0.5,0.6643169823676537,1451,0.2915410890094434,1.0,1
"iteration_5","SCOPE_DATA_COLLECTION",800,13,850.0,910.0,1,5103,3475,1110,5015,3418,1033,5097,3478,1099,6,11,8,0.0011757789535567313,0.0031527658354829464,0.007226738934056007,0.32985469054895095,0.7102179774265801,1.2504041110510251,0.6597093810979019,0.7102179774265801,0.8336027407006834,0.28585442417108103,0.43933294997124783,0.4840764331210191,97.5,100.0,4721,4224,743,20,5,0,0.004236390595212879,0.0011837121212121212,0.0,0.8500000000000001,0.5,0.8,0.8,30.0,65.0,30.0,0.9500000000000001,0.6000000000000001,0.9,0.7000000000000001,40.0,55.0,40.0,3491,3475,16,3491,0.004583213978802635,0.7328790786962612,1.0,0.7328790786962612,1598,0.4598561151079137,1.0,1
"iteration_5","SCOPE_DATA_COLLECTION",800,13,850.0,910.0,2,5103,3475,1110,5015,3418,1033,5097,3478,1099,6,11,8,0.0011757789535567313,0.0031527658354829464,0.007226738934056007,0.32985469054895095,0.7102179774265801,1.2504041110510251,0.6597093810979019,0.7102179774265801,0.8336027407006834,0.28585442417108103,0.43933294997124783,0.4840764331210191,97.5,100.0,4721,4224,743,20,5,0,0.004236390595212879,0.0011837121212121212,0.0,0.8500000000000001,0.5,0.8,0.8,30.0,65.0,30.0,0.9500000000000001,0.6000000000000001,0.9,0.7000000000000001,40.0,55.0,40.0,1097,1081,16,1097,0.014585232452142206,1.2649744239047747,1.5,0.8433162826031831,529,0.48936170212765956,1.0,1
"iteration_5","SCOPE_DATA_COLLECTION",800,14,910.0,970.0,0,4990,3491,1097,5103,3475,1110,4980,3462,1085,13,16,16,0.0026036451031444022,0.004600345025876941,0.014532243415077202,0.33225531683179826,0.7298930548444414,1.2653143204086523,0.6645106336635965,0.7298930548444414,0.8435428802724348,0.29156626506024097,0.45782784517619873,0.4894009216589862,95.0,100.0,4742,4616,220,40,5,0,0.008435259384226065,0.0010831889081455806,0.0,0.9500000000000001,0.6000000000000001,0.9,0.7000000000000001,40.0,55.0,40.0,0.15000000000000002,0.8,0.6000000000000001,0.5,35.0,70.0,50.0,4993,4622,371,4993,0.07430402563589025,0.4122388332410638,0.5,0.8244776664821276,1529,0.3308091735179576,1.0,1
"iteration_5","SCOPE_DATA_COLLECTION",800,14,910.0,970.0,1,4990,3491,1097,5103,3475,1110,4980,3462,1085,13,16,16,0.0026036451031444022,0.004600345025876941,0.014532243415077202,0.33225531683179826,0.7298930548444414,1.2653143204086523,0.6645106336635965,0.7298930548444414,0.8435428802724348,0.29156626506024097,0.45782784517619873,0.4894009216589862,95.0,100.0,4742,4616,220,40,5,0,0.008435259384226065,0.0010831889081455806,0.0,0.9500000000000001,0.6000000000000001,0.9,0.7000000000000001,40.0,55.0,40.0,0.15000000000000002,0.8,0.6000000000000001,0.5,35.0,70.0,50.0,3346,3063,283,3346,0.08457860131500299,0.7968094207834998,1.0,0.7968094207834998,1442,0.47078028077048645,1.0,1
"iteration_5","SCOPE_DATA_COLLECTION",800,14,910.0,970.0,2,4990,3491,1097,5103,3475,1110,4980,3462,1085,13,16,16,0.0026036451031444022,0.004600345025876941,0.014532243415077202,0.33225531683179826,0.7298930548444414,1.2653143204086523,0.6645106336635965,0.7298930548444414,0.8435428802724348,0.29156626506024097,0.45782784517619873,0.4894009216589862,95.0,100.0,4742,4616,220,40,5,0,0.008435259384226065,0.0010831889081455806,0.0,0.9500000000000001,0.6000000000000001,0.9,0.7000000000000001,40.0,55.0,40.0,0.15000000000000002,0.8,0.6000000000000001,0.5,35.0,70.0,50.0,1033,938,95,1033,0.09196515004840271,1.4135275311789368,1.5,0.9423516874526245,527,0.5618336886993603,1.0,1
"iteration_5","SCOPE_DATA_COLLECTION",800,15,970.0,1030.0,0,4993,3346,1033,4990,3491,1097,4631,3068,933,371,283,95,0.0741703318672531,0.0844524022679797,0.09241245136186771,0.4137185265758187,0.7997275241972145,1.4202885061274235,0.8274370531516374,0.7997275241972145,0.946859004084949,0.33383718419347874,0.4729465449804433,0.564844587352626,100.0,100.0,4636,721,4015,22,1,726,0.004745470232959448,0.0013869625520110957,0.18082191780821918,0.15000000000000002,0.8,0.6000000000000001,0.5,35.0,70.0,50.0,0.15000000000000002,0.9,0.5,0.5,25.0,60.0,40.0,5052,4673,379,5052,0.07501979414093428,0.40973341646769434,0.5,0.8194668329353887,1582,0.3385405521078536,1.0,1
"iteration_5","SCOPE_DATA_COLLECTION",800,15,970.0,1030.0,1,4993,3346,1033,4990,3491,1097,4631,3068,933,371,283,95,0.0741703318672531,0.0844524022679797,0.09241245136186771,0.4137185265758187,0.7997275241972145,1.4202885061274235,0.8274370531516374,0.7997275241972145,0.946859004084949,0.33383718419347874,0.4729465449804433,0.564844587352626,100.0,100.0,4636,721,4015,22,1,726,0.004745470232959448,0.0013869625520110957,0.18082191780821918,0.15000000000000002,0.8,0.6000000000000001,0.5,35.0,70.0,50.0,0.15000000000000002,0.9,0.5,0.5,25.0,60.0,40.0,3356,3091,265,3356,0.07896305125148986,0.79624075411667,1.0,0.79624075411667,1495,0.48366224522808154,1.0,1
"iteration_5","SCOPE_DATA_COLLECTION",800,15,970.0,1030.0,2,4993,3346,1033,4990,3491,1097,4631,3068,933,371,283,95,0.0741703318672531,0.0844524022679797,0.09241245136186771,0.4137185265758187,0.7997275241972145,1.4202885061274235,0.8274370531516374,0.7997275241972145,0.946859004084949,0.33383718419347874,0.4729465449804433,0.564844587352626,100.0,100.0,4636,721,4015,22,1,726,0.004745470232959448,0.0013869625520110957,0.18082191780821918,0.15000000000000002,0.8,0.6000000000000001,0.5,35.0,70.0,50.0,0.15000000000000002,0.9,0.5,0.5,25.0,60.0,40.0,1024,939,85,1024,0.0830078125,1.4067265673786435,1.5,0.9378177115857623,518,0.5516506922257721,1.0,1
"iteration_5","SCOPE_DATA_COLLECTION",800,16,1030.0,1090.0,0,5052,3356,1024,4993,3346,1033,4660,3083,937,379,265,85,0.07521333597936099,0.07915173237753884,0.08317025440313111,0.40866947225537303,0.7930582953067629,1.4092885362119112,0.8173389445107461,0.7930582953067629,0.9395256908079408,0.33626609442060085,0.4819980538436588,0.5528281750266809,100.0,100.0,4668,717,4047,24,1,704,0.005141388174807198,0.001394700139470014,0.1739560168025698,0.15000000000000002,0.9,0.5,0.5,25.0,60.0,40.0,0.05,0.9,0.4,0.4,20.0,60.0,30.0,5177,3986,1191,5177,0.23005601699826153,0.49547297708469534,0.5,0.9909459541693907,1645,0.41269443050677374,1.0,1
"iteration_5","SCOPE_DATA_COLLECTION",800,16,1030.0,1090.0,1,5052,3356,1024,4993,3346,1033,4660,3083,937,379,265,85,0.07521333597936099,0.07915173237753884,0.08317025440313111,0.40866947225537303,0.7930582953067629,1.4092885362119112,0.8173389445107461,0.7930582953067629,0.9395256908079408,0.33626609442060085,0.4819980538436588,0.5528281750266809,100.0,100.0,4668,717,4047,24,1,704,0.005141388174807198,0.001394700139470014,0.1739560168025698,0.15000000000000002,0.9,0.5,0.5,25.0,60.0,40.0,0.05,0.9,0.4,0.4,20.0,60.0,30.0,3467,2679,788,3467,0.2272858379002019,0.946712719851804,1.0,0.946712719851804,1576,0.5882792086599478,1.0,1
"iteration_5","SCOPE_DATA_COLLECTION",800,16,1030.0,1090.0,2,5052,3356,1024,4993,3346,1033,4660,3083,937,379,265,85,0.07521333597936099,0.07915173237753884,0.08317025440313111,0.40866947225537303,0.7930582953067629,1.4092885362119112,0.8173389445107461,0.7930582953067629,0.9395256908079408,0.33626609442060085,0.4819980538436588,0.5528281750266809,100.0,100.0,4668,717,4047,24,1,704,0.005141388174807198,0.001394700139470014,0.1739560168025698,0.15000000000000002,0.9,0.5,0.5,25.0,60.0,40.0,0.05,0.9,0.4,0.4,20.0,60.0,30.0,1023,771,252,1023,0.24633431085043989,1.5585396289748823,1.5,1.0390264193165881,481,0.6238651102464332,1.0,1
"iteration_5","SCOPE_DATA_COLLECTION",800,17,1090.0,1150.0,0,5177,3467,1023,5052,3356,1024,3998,2695,782,1191,788,252,0.22952399306224705,0.22624174562159058,0.2437137330754352,0.4959205699792581,0.9488713709951092,1.5505080870926005,0.9918411399585162,0.9488713709951092,1.0336720580617336,0.41445722861430717,0.588126159554731,0.6202046035805626,95.0,100.0,4716,257,4694,25,0,2206,0.005301102629346904,0.0,0.469961653174265,0.05,0.9,0.4,0.4,20.0,60.0,30.0,0.55,0.2,0.4,0.2,70.0,75.0,90.0,5089,5081,8,5089,0.0015720180782078995,0.29517930039315243,0.5,0.5903586007863049,1086,0.21373745325723284,1.0,1
"iteration_5","SCOPE_DATA_COLLECTION",800,17,1090.0,1150.0,1,5177,3467,1023,5052,3356,1024,3998,2695,782,1191,788,252,0.22952399306224705,0.22624174562159058,0.2437137330754352,0.4959205699792581,0.9488713709951092,1.5505080870926005,0.9918411399585162,0.9488713709951092,1.0336720580617336,0.41445722861430717,0.588126159554731,0.6202046035805626,95.0,100.0,4716,257,4694,25,0,2206,0.005301102629346904,0.0,0.469961653174265,0.05,0.9,0.4,0.4,20.0,60.0,30.0,0.55,0.2,0.4,0.2,70.0,75.0,90.0,3371,3362,9,3371,0.0026698309107089885,0.6968684636915811,1.0,0.6968684636915811,1515,0.4506246281975015,1.0,1
"iteration_5","SCOPE_DATA_COLLECTION",800,17,1090.0,1150.0,2,5177,3467,1023,5052,3356,1024,3998,2695,782,1191,788,252,0.22952399306224705,0.22624174562159058,0.2437137330754352,0.4959205699792581,0.9488713709951092,1.5505080870926005,0.9918411399585162,0.9488713709951092,1.0336720580617336,0.41445722861430717,0.588126159554731,0.6202046035805626,95.0,100.0,4716,257,4694,25,0,2206,0.005301102629346904,0.0,0.469961653174265,0.05,0.9,0.4,0.4,20.0,60.0,30.0,0.55,0.2,0.4,0.2,70.0,75.0,90.0,1117,1112,5,1117,0.004476275738585497,1.1896452957973416,1.5,0.7930968638648944,521,0.4685251798561151,1.0,1
"iteration_5","SCOPE_DATA_COLLECTION",800,18,1150.0,1210.0,0,5089,3371,1117,5177,3467,1023,5078,3345,1109,8,8,5,0.0015729453401494297,0.0023859230539815092,0.004488330341113106,0.29466784248989286,0.6949998690750215,1.1992910718308447,0.5893356849797857,0.6949998690750215,0.7995273812205631,0.2126821583300512,0.44962630792227204,0.4733994589720469,97.5,100.0,4732,2661,2184,18,3,0,0.0038038884192730348,0.0011273957158962795,0.0,0.55,0.2,0.4,0.2,70.0,75.0,90.0,0.55,0.1,0.5,0.2,60.0,85.0,95.0,5066,5063,3,5066,5.921831819976313E-4,0.2889143787440956,0.5,0.5778287574881912,923,0.18230298242148923,1.0,1
"iteration_5","SCOPE_DATA_COLLECTION",800,18,1150.0,1210.0,1,5089,3371,1117,5177,3467,1023,5078,3345,1109,8,8,5,0.0015729453401494297,0.0023859230539815092,0.004488330341113106,0.29466784248989286,0.6949998690750215,1.1992910718308447,0.5893356849797857,0.6949998690750215,0.7995273812205631,0.2126821583300512,0.44962630792227204,0.4733994589720469,97.5,100.0,4732,2661,2184,18,3,0,0.0038038884192730348,0.0011273957158962795,0.0,0.55,0.2,0.4,0.2,70.0,75.0,90.0,0.55,0.1,0.5,0.2,60.0,85.0,95.0,3425,3421,4,3425,0.0011678832116788322,0.7043419442004908,1.0,0.7043419442004908,1537,0.4492838351359252,1.0,1
"iteration_5","SCOPE_DATA_COLLECTION",800,18,1150.0,1210.0,2,5089,3371,1117,5177,3467,1023,5078,3345,1109,8,8,5,0.0015729453401494297,0.0023859230539815092,0.004488330341113106,0.29466784248989286,0.6949998690750215,1.1992910718308447,0.5893356849797857,0.6949998690750215,0.7995273812205631,0.2126821583300512,0.44962630792227204,0.4733994589720469,97.5,100.0,4732,2661,2184,18,3,0,0.0038038884192730348,0.0011273957158962795,0.0,0.55,0.2,0.4,0.2,70.0,75.0,90.0,0.55,0.1,0.5,0.2,60.0,85.0,95.0,1023,1022,1,1023,9.775171065493646E-4,1.2233784842949282,1.5,0.8155856561966188,504,0.4931506849315068,1.0,1
"iteration_5","SCOPE_DATA_COLLECTION",800,19,1210.0,1270.0,0,5066,3425,1023,5089,3371,1117,5055,3423,1019,3,5,1,5.931198102016608E-4,0.0014585764294049008,9.80392156862745E-4,0.28843698984709826,0.7040207183466715,1.2118729678742703,0.5768739796941965,0.7040207183466715,0.8079153119161803,0.18100890207715134,0.4490213263219398,0.4867517173699706,97.5,100.0,4814,2555,2145,7,2,0,0.0014540922309929372,7.827788649706458E-4,0.0,0.55,0.1,0.5,0.2,60.0,85.0,95.0,0.45,0.1,0.5,0.1,70.0,75.0,95.0,5179,5174,5,5179,9.654373431164317E-4,0.2890747335120513,0.5,0.5781494670241026,1002,0.19366061074603788,1.0,1
"iteration_5","SCOPE_DATA_COLLECTION",800,19,1210.0,1270.0,1,5066,3425,1023,5089,3371,1117,5055,3423,1019,3,5,1,5.931198102016608E-4,0.0014585764294049008,9.80392156862745E-4,0.28843698984709826,0.7040207183466715,1.2118729678742703,0.5768739796941965,0.7040207183466715,0.8079153119161803,0.18100890207715134,0.4490213263219398,0.4867517173699706,97.5,100.0,4814,2555,2145,7,2,0,0.0014540922309929372,7.827788649706458E-4,0.0,0.55,0.1,0.5,0.2,60.0,85.0,95.0,0.45,0.1,0.5,0.1,70.0,75.0,95.0,3456,3452,4,3456,0.0011574074074074073,0.7131287441138722,1.0,0.7131287441138722,1582,0.4582850521436848,1.0,1
"iteration_5","SCOPE_DATA_COLLECTION",800,19,1210.0,1270.0,2,5066,3425,1023,5089,3371,1117,5055,3423,1019,3,5,1,5.931198102016608E-4,0.0014585764294049008,9.80392156862745E-4,0.28843698984709826,0.7040207183466715,1.2118729678742703,0.5768739796941965,0.7040207183466715,0.8079153119161803,0.18100890207715134,0.4490213263219398,0.4867517173699706,97.5,100.0,4814,2555,2145,7,2,0,0.0014540922309929372,7.827788649706458E-4,0.0,0.55,0.1,0.5,0.2,60.0,85.0,95.0,0.45,0.1,0.5,0.1,70.0,75.0,95.0,1075,1072,3,1075,0.0027906976744186047,1.204419190513871,1.5,0.8029461270092474,522,0.4869402985074627,1.0,1
"iteration_5","SCOPE_DATA_COLLECTION",800,20,1270.0,1330.0,0,5179,3456,1075,5066,3425,1023,5180,3458,1076,5,4,3,9.643201542912247E-4,0.0011554015020219526,0.0027803521779425394,0.28992815518974707,0.7144686612664491,1.2046848310552631,0.5798563103794941,0.7144686612664491,0.8031232207035087,0.19594594594594594,0.4589358010410642,0.48698884758364314,100.0,100.0,4848,2276,2586,12,0,0,0.0024752475247524753,0.0,0.0,0.45,0.1,0.5,0.1,70.0,75.0,95.0,0.35000000000000003,0.2,0.6000000000000001,0.2,80.0,85.0,85.0,5149,5101,48,5149,0.009322198485142746,0.30138965016958397,0.5,0.6027793003391679,1050,0.20584199176632034,1.0,1
"iteration_5","SCOPE_DATA_COLLECTION",800,20,1270.0,1330.0,1,5179,3456,1075,5066,3425,1023,5180,3458,1076,5,4,3,9.643201542912247E-4,0.0011554015020219526,0.0027803521779425394,0.28992815518974707,0.7144686612664491,1.2046848310552631,0.5798563103794941,0.7144686612664491,0.8031232207035087,0.19594594594594594,0.4589358010410642,0.48698884758364314,100.0,100.0,4848,2276,2586,12,0,0,0.0024752475247524753,0.0,0.0,0.45,0.1,0.5,0.1,70.0,75.0,95.0,0.35000000000000003,0.2,0.6000000000000001,0.2,80.0,85.0,85.0,3326,3294,32,3326,0.009621166566446182,0.7374349955661674,1.0,0.7374349955661674,1549,0.4702489374620522,1.0,1
"iteration_5","SCOPE_DATA_COLLECTION",800,20,1270.0,1330.0,2,5179,3456,1075,5066,3425,1023,5180,3458,1076,5,4,3,9.643201542912247E-4,0.0011554015020219526,0.0027803521779425394,0.28992815518974707,0.7144686612664491,1.2046848310552631,0.5798563103794941,0.7144686612664491,0.8031232207035087,0.19594594594594594,0.4589358010410642,0.48698884758364314,100.0,100.0,4848,2276,2586,12,0,0,0.0024752475247524753,0.0,0.0,0.45,0.1,0.5,0.1,70.0,75.0,95.0,0.35000000000000003,0.2,0.6000000000000001,0.2,80.0,85.0,85.0,1103,1078,25,1103,0.022665457842248413,1.1861508764187025,1.5,0.7907672509458017,504,0.4675324675324675,1.0,1
"iteration_5","SCOPE_DATA_COLLECTION",800,21,1330.0,1390.0,0,5149,3326,1103,5179,3456,1075,5102,3283,1076,48,32,25,0.009320388349514564,0.009653092006033183,0.022706630336058128,0.3011680527821939,0.7356105194702014,1.1924301677159592,0.6023361055643878,0.7356105194702014,0.7949534451439728,0.2048216385731086,0.4687785561985988,0.4711895910780669,97.5,100.0,4791,1722,3065,21,1,83,0.004383218534752661,5.807200929152149E-4,0.027079934747145186,0.35000000000000003,0.2,0.6000000000000001,0.2,80.0,85.0,85.0,0.55,0.9,0.4,0.6000000000000001,35.0,75.0,45.0,4943,4939,4,4943,8.092251669026907E-4,0.3265656998221436,0.5,0.6531313996442872,1424,0.288317473172707,1.0,1
"iteration_5","SCOPE_DATA_COLLECTION",800,21,1330.0,1390.0,1,5149,3326,1103,5179,3456,1075,5102,3283,1076,48,32,25,0.009320388349514564,0.009653092006033183,0.022706630336058128,0.3011680527821939,0.7356105194702014,1.1924301677159592,0.6023361055643878,0.7356105194702014,0.7949534451439728,0.2048216385731086,0.4687785561985988,0.4711895910780669,97.5,100.0,4791,1722,3065,21,1,83,0.004383218534752661,5.807200929152149E-4,0.027079934747145186,0.35000000000000003,0.2,0.6000000000000001,0.2,80.0,85.0,85.0,0.55,0.9,0.4,0.6000000000000001,35.0,75.0,45.0,3427,3418,9,3427,0.0026262036766851473,0.7060415687510099,1.0,0.7060415687510099,1532,0.44821533060269164,1.0,1
"iteration_5","SCOPE_DATA_COLLECTION",800,21,1330.0,1390.0,2,5149,3326,1103,5179,3456,1075,5102,3283,1076,48,32,25,0.009320388349514564,0.009653092006033183,0.022706630336058128,0.3011680527821939,0.7356105194702014,1.1924301677159592,0.6023361055643878,0.7356105194702014,0.7949534451439728,0.2048216385731086,0.4687785561985988,0.4711895910780669,97.5,100.0,4791,1722,3065,21,1,83,0.004383218534752661,5.807200929152149E-4,0.027079934747145186,0.35000000000000003,0.2,0.6000000000000001,0.2,80.0,85.0,85.0,0.55,0.9,0.4,0.6000000000000001,35.0,75.0,45.0,1053,1046,7,1053,0.006647673314339981,1.1719786622971264,1.5,0.7813191081980843,473,0.4521988527724665,1.0,1
"iteration_5","SCOPE_DATA_COLLECTION",800,22,1390.0,1450.0,0,4943,3427,1053,5149,3326,1103,4938,3425,1047,4,9,7,8.093889113719142E-4,0.0026208503203261502,0.006641366223908918,0.32647359970610484,0.7077134562210968,1.165581432455223,0.6529471994122097,0.7077134562210968,0.777054288303482,0.2887808829485622,0.4499270072992701,0.4498567335243553,95.0,100.0,4687,2555,2181,18,2,0,0.0038404096436953274,7.827788649706458E-4,0.0,0.55,0.9,0.4,0.6000000000000001,35.0,75.0,45.0,0.9500000000000001,0.6000000000000001,0.6000000000000001,0.1,90.0,65.0,30.0,5125,5120,5,5125,9.75609756097561E-4,0.3251242757546238,0.5,0.6502485515092477,1361,0.2658203125,1.0,1
"iteration_5","SCOPE_DATA_COLLECTION",800,22,1390.0,1450.0,1,4943,3427,1053,5149,3326,1103,4938,3425,1047,4,9,7,8.093889113719142E-4,0.0026208503203261502,0.006641366223908918,0.32647359970610484,0.7077134562210968,1.165581432455223,0.6529471994122097,0.7077134562210968,0.777054288303482,0.2887808829485622,0.4499270072992701,0.4498567335243553,95.0,100.0,4687,2555,2181,18,2,0,0.0038404096436953274,7.827788649706458E-4,0.0,0.55,0.9,0.4,0.6000000000000001,35.0,75.0,45.0,0.9500000000000001,0.6000000000000001,0.6000000000000001,0.1,90.0,65.0,30.0,3507,3502,5,3507,0.00142571998859424,0.7009828698210799,1.0,0.7009828698210799,1536,0.4386065105653912,1.0,1
"iteration_5","SCOPE_DATA_COLLECTION",800,22,1390.0,1450.0,2,4943,3427,1053,5149,3326,1103,4938,3425,1047,4,9,7,8.093889113719142E-4,0.0026208503203261502,0.006641366223908918,0.32647359970610484,0.7077134562210968,1.165581432455223,0.6529471994122097,0.7077134562210968,0.777054288303482,0.2887808829485622,0.4499270072992701,0.4498567335243553,95.0,100.0,4687,2555,2181,18,2,0,0.0038404096436953274,7.827788649706458E-4,0.0,0.55,0.9,0.4,0.6000000000000001,35.0,75.0,45.0,0.9500000000000001,0.6000000000000001,0.6000000000000001,0.1,90.0,65.0,30.0,1058,1056,2,1058,0.001890359168241966,1.1686563925037077,1.5,0.7791042616691385,491,0.4649621212121212,1.0,1
"iteration_5","SCOPE_DATA_COLLECTION",800,23,1450.0,1510.0,0,5125,3507,1058,4943,3427,1053,5121,3502,1057,5,4,2,9.754194303550526E-4,0.0011409013120365088,0.0018885741265344666,0.3250580225654875,0.699000330408977,1.1725879473957304,0.650116045130975,0.699000330408977,0.7817252982638202,0.26498730716656904,0.4386065105653912,0.4664143803216651,97.5,100.0,4685,4717,288,8,3,0,0.0017075773745997866,6.359974560101759E-4,0.0,0.9500000000000001,0.6000000000000001,0.6000000000000001,0.1,90.0,65.0,30.0,0.9500000000000001,0.5,0.6000000000000001,0.1,80.0,65.0,40.0,5015,5012,3,5015,5.982053838484546E-4,0.31673313624674154,0.5,0.6334662724934831,1335,0.2663607342378292,1.0,1
"iteration_5","SCOPE_DATA_COLLECTION",800,23,1450.0,1510.0,1,5125,3507,1058,4943,3427,1053,5121,3502,1057,5,4,2,9.754194303550526E-4,0.0011409013120365088,0.0018885741265344666,0.3250580225654875,0.699000330408977,1.1725879473957304,0.650116045130975,0.699000330408977,0.7817252982638202,0.26498730716656904,0.4386065105653912,0.4664143803216651,97.5,100.0,4685,4717,288,8,3,0,0.0017075773745997866,6.359974560101759E-4,0.0,0.9500000000000001,0.6000000000000001,0.6000000000000001,0.1,90.0,65.0,30.0,0.9500000000000001,0.5,0.6000000000000001,0.1,80.0,65.0,40.0,3384,3379,5,3384,0.0014775413711583924,0.6803758930751557,1.0,0.6803758930751557,1405,0.41580349215744306,1.0,1
"iteration_5","SCOPE_DATA_COLLECTION",800,23,1450.0,1510.0,2,5125,3507,1058,4943,3427,1053,5121,3502,1057,5,4,2,9.754194303550526E-4,0.0011409013120365088,0.0018885741265344666,0.3250580225654875,0.699000330408977,1.1725879473957304,0.650116045130975,0.699000330408977,0.7817252982638202,0.26498730716656904,0.4386065105653912,0.4664143803216651,97.5,100.0,4685,4717,288,8,3,0,0.0017075773745997866,6.359974560101759E-4,0.0,0.9500000000000001,0.6000000000000001,0.6000000000000001,0.1,90.0,65.0,30.0,0.9500000000000001,0.5,0.6000000000000001,0.1,80.0,65.0,40.0,1157,1152,5,1157,0.00432152117545376,1.1727682255679392,1.5,0.7818454837119595,541,0.4696180555555556,1.0,1
"iteration_5","SCOPE_DATA_COLLECTION",800,24,1510.0,1570.0,0,5015,3384,1157,5125,3507,1058,5020,3382,1141,3,6,5,5.972526378658173E-4,0.0017709563164108619,0.004363001745200698,0.31719585426731606,0.6830465411251677,1.1682938063063444,0.6343917085346321,0.6830465411251677,0.778862537537563,0.26693227091633465,0.4175044352454169,0.4662576687116564,100.0,100.0,4571,4742,243,12,2,0,0.0026252461168234523,4.2176296921130323E-4,0.0,0.9500000000000001,0.5,0.6000000000000001,0.1,80.0,65.0,40.0,0.9500000000000001,0.5,0.5,0.1,80.0,75.0,50.0,4908,4902,6,4908,0.0012224938875305623,0.32479059773598395,0.5,0.6495811954719679,1359,0.277233782129743,1.0,1
"iteration_5","SCOPE_DATA_COLLECTION",800,24,1510.0,1570.0,1,5015,3384,1157,5125,3507,1058,5020,3382,1141,3,6,5,5.972526378658173E-4,0.0017709563164108619,0.004363001745200698,0.31719585426731606,0.6830465411251677,1.1682938063063444,0.6343917085346321,0.6830465411251677,0.778862537537563,0.26693227091633465,0.4175044352454169,0.4662576687116564,100.0,100.0,4571,4742,243,12,2,0,0.0026252461168234523,4.2176296921130323E-4,0.0,0.9500000000000001,0.5,0.6000000000000001,0.1,80.0,65.0,40.0,0.9500000000000001,0.5,0.5,0.1,80.0,75.0,50.0,3425,3421,4,3425,0.0011678832116788322,0.7032492541575909,1.0,0.7032492541575909,1523,0.445191464484069,1.0,1
"iteration_5","SCOPE_DATA_COLLECTION",800,24,1510.0,1570.0,2,5015,3384,1157,5125,3507,1058,5020,3382,1141,3,6,5,5.972526378658173E-4,0.0017709563164108619,0.004363001745200698,0.31719585426731606,0.6830465411251677,1.1682938063063444,0.6343917085346321,0.6830465411251677,0.778862537537563,0.26693227091633465,0.4175044352454169,0.4662576687116564,100.0,100.0,4571,4742,243,12,2,0,0.0026252461168234523,4.2176296921130323E-4,0.0,0.9500000000000001,0.5,0.6000000000000001,0.1,80.0,65.0,40.0,0.9500000000000001,0.5,0.5,0.1,80.0,75.0,50.0,1052,1048,4,1052,0.0038022813688212928,1.242120549946205,1.5,0.8280803666308033,525,0.5009541984732825,1.0,1
"iteration_5","SCOPE_DATA_COLLECTION",800,25,1570.0,1630.0,0,4908,3425,1052,5015,3384,1157,4894,3423,1051,6,4,3,0.0012244897959183673,0.0011672016340822876,0.0028462998102466793,0.32480411693248434,0.7049120105593539,1.2479516538676534,0.6496082338649687,0.7049120105593539,0.8319677692451023,0.27707396812423374,0.4458077709611452,0.5042816365366318,97.5,100.0,4610,4527,248,11,2,0,0.002386117136659436,4.417936823503424E-4,0.0,0.9500000000000001,0.5,0.5,0.1,80.0,75.0,50.0,0.30000000000000004,0.5,0.4,0.7000000000000001,90.0,60.0,25.0,5073,5004,69,5073,0.013601419278533412,0.33976430573317745,0.5,0.6795286114663549,1397,0.2791766586730616,1.0,1
"iteration_5","SCOPE_DATA_COLLECTION",800,25,1570.0,1630.0,1,4908,3425,1052,5015,3384,1157,4894,3423,1051,6,4,3,0.0012244897959183673,0.0011672016340822876,0.0028462998102466793,0.32480411693248434,0.7049120105593539,1.2479516538676534,0.6496082338649687,0.7049120105593539,0.8319677692451023,0.27707396812423374,0.4458077709611452,0.5042816365366318,97.5,100.0,4610,4527,248,11,2,0,0.002386117136659436,4.417936823503424E-4,0.0,0.9500000000000001,0.5,0.5,0.1,80.0,75.0,50.0,0.30000000000000004,0.5,0.4,0.7000000000000001,90.0,60.0,25.0,3397,3338,59,3397,0.0173682661171622,0.738305856867348,1.0,0.738305856867348,1560,0.46734571599760333,1.0,1
"iteration_5","SCOPE_DATA_COLLECTION",800,25,1570.0,1630.0,2,4908,3425,1052,5015,3384,1157,4894,3423,1051,6,4,3,0.0012244897959183673,0.0011672016340822876,0.0028462998102466793,0.32480411693248434,0.7049120105593539,1.2479516538676534,0.6496082338649687,0.7049120105593539,0.8319677692451023,0.27707396812423374,0.4458077709611452,0.5042816365366318,97.5,100.0,4610,4527,248,11,2,0,0.002386117136659436,4.417936823503424E-4,0.0,0.9500000000000001,0.5,0.5,0.1,80.0,75.0,50.0,0.30000000000000004,0.5,0.4,0.7000000000000001,90.0,60.0,25.0,1027,1009,18,1027,0.017526777020447908,1.2399581212901896,1.5,0.826638747526793,484,0.4796828543111992,1.0,1
"iteration_5","SCOPE_DATA_COLLECTION",800,26,1630.0,1690.0,0,5073,3397,1027,4908,3425,1052,5010,3335,1007,69,59,19,0.013585351447135264,0.0173836181496759,0.018518518518518517,0.3397359259559999,0.7356917140298407,1.2301608567306495,0.6794718519119998,0.7356917140298407,0.8201072378204329,0.27924151696606786,0.4653673163418291,0.4756703078450844,100.0,100.0,4755,1421,3321,19,1,127,0.003995793901156677,7.037297677691766E-4,0.038241493526046375,0.30000000000000004,0.5,0.4,0.7000000000000001,90.0,60.0,25.0,0.2,0.4,0.30000000000000004,0.8,95.0,70.0,25.0,5256,4880,376,5256,0.0715372907153729,0.366272898707478,0.5,0.732545797414956,1440,0.29508196721311475,1.0,1
"iteration_5","SCOPE_DATA_COLLECTION",800,26,1630.0,1690.0,1,5073,3397,1027,4908,3425,1052,5010,3335,1007,69,59,19,0.013585351447135264,0.0173836181496759,0.018518518518518517,0.3397359259559999,0.7356917140298407,1.2301608567306495,0.6794718519119998,0.7356917140298407,0.8201072378204329,0.27924151696606786,0.4653673163418291,0.4756703078450844,100.0,100.0,4755,1421,3321,19,1,127,0.003995793901156677,7.037297677691766E-4,0.038241493526046375,0.30000000000000004,0.5,0.4,0.7000000000000001,90.0,60.0,25.0,0.2,0.4,0.30000000000000004,0.8,95.0,70.0,25.0,3482,3205,277,3482,0.07955198161975877,0.764694120736257,1.0,0.764694120736257,1550,0.4836193447737909,1.0,1
"iteration_5","SCOPE_DATA_COLLECTION",800,26,1630.0,1690.0,2,5073,3397,1027,4908,3425,1052,5010,3335,1007,69,59,19,0.013585351447135264,0.0173836181496759,0.018518518518518517,0.3397359259559999,0.7356917140298407,1.2301608567306495,0.6794718519119998,0.7356917140298407,0.8201072378204329,0.27924151696606786,0.4653673163418291,0.4756703078450844,100.0,100.0,4755,1421,3321,19,1,127,0.003995793901156677,7.037297677691766E-4,0.038241493526046375,0.30000000000000004,0.5,0.4,0.7000000000000001,90.0,60.0,25.0,0.2,0.4,0.30000000000000004,0.8,95.0,70.0,25.0,979,903,76,979,0.07763023493360573,1.3645889495012216,1.5,0.9097259663341477,490,0.5426356589147286,1.0,1
"iteration_5","SCOPE_DATA_COLLECTION",800,27,1690.0,1750.0,0,5256,3482,979,5073,3397,1027,4866,3210,910,376,277,76,0.07172834795879435,0.07943791224548322,0.07707910750507099,0.3651552393792397,0.7669379329365386,1.371842328508207,0.7303104787584794,0.7669379329365386,0.9145615523388048,0.29469790382244143,0.48411214953271026,0.5461538461538461,97.5,100.0,4829,982,3906,18,2,709,0.003727479809484365,0.002036659877800407,0.18151561699948796,0.2,0.4,0.30000000000000004,0.8,95.0,70.0,25.0,0.55,0.6000000000000001,0.9,0.30000000000000004,95.0,95.0,40.0,4952,4944,8,4952,0.0016155088852988692,0.3144839556773324,0.5,0.6289679113546648,1323,0.2675970873786408,1.0,1
"iteration_5","SCOPE_DATA_COLLECTION",800,27,1690.0,1750.0,1,5256,3482,979,5073,3397,1027,4866,3210,910,376,277,76,0.07172834795879435,0.07943791224548322,0.07707910750507099,0.3651552393792397,0.7669379329365386,1.371842328508207,0.7303104787584794,0.7669379329365386,0.9145615523388048,0.29469790382244143,0.48411214953271026,0.5461538461538461,97.5,100.0,4829,982,3906,18,2,709,0.003727479809484365,0.002036659877800407,0.18151561699948796,0.2,0.4,0.30000000000000004,0.8,95.0,70.0,25.0,0.55,0.6000000000000001,0.9,0.30000000000000004,95.0,95.0,40.0,3378,3369,9,3378,0.0026642984014209592,0.7195043475202638,1.0,0.7195043475202638,1543,0.45799940635203323,1.0,1
"iteration_5","SCOPE_DATA_COLLECTION",800,27,1690.0,1750.0,2,5256,3482,979,5073,3397,1027,4866,3210,910,376,277,76,0.07172834795879435,0.07943791224548322,0.07707910750507099,0.3651552393792397,0.7669379329365386,1.371842328508207,0.7303104787584794,0.7669379329365386,0.9145615523388048,0.29469790382244143,0.48411214953271026,0.5461538461538461,97.5,100.0,4829,982,3906,18,2,709,0.003727479809484365,0.002036659877800407,0.18151561699948796,0.2,0.4,0.30000000000000004,0.8,95.0,70.0,25.0,0.55,0.6000000000000001,0.9,0.30000000000000004,95.0,95.0,40.0,1018,1013,5,1018,0.004911591355599214,1.2719696711139468,1.5,0.8479797807426311,520,0.5133267522211253,1.0,1
"iteration_5","SCOPE_DATA_COLLECTION",800,28,1750.0,1810.0,0,4952,3378,1018,5256,3482,979,4951,3373,1012,8,9,5,0.001613228473482557,0.0026611472501478417,0.004916420845624385,0.314540374086153,0.7176246545463899,1.2654746099693017,0.629080748172306,0.7176246545463899,0.8436497399795345,0.26620884669763684,0.45745627038244885,0.5098814229249012,100.0,100.0,4602,2583,2163,19,3,0,0.004128639721860061,0.0011614401858304297,0.0,0.55,0.6000000000000001,0.9,0.30000000000000004,95.0,95.0,40.0,0.45,0.7000000000000001,0.9,0.2,85.0,85.0,50.0,5091,5086,5,5091,9.821253191907287E-4,0.3294171788722818,0.5,0.6588343577445636,1478,0.29060165159260715,1.0,1
"iteration_5","SCOPE_DATA_COLLECTION",800,28,1750.0,1810.0,1,4952,3378,1018,5256,3482,979,4951,3373,1012,8,9,5,0.001613228473482557,0.0026611472501478417,0.004916420845624385,0.314540374086153,0.7176246545463899,1.2654746099693017,0.629080748172306,0.7176246545463899,0.8436497399795345,0.26620884669763684,0.45745627038244885,0.5098814229249012,100.0,100.0,4602,2583,2163,19,3,0,0.004128639721860061,0.0011614401858304297,0.0,0.55,0.6000000000000001,0.9,0.30000000000000004,95.0,95.0,40.0,0.45,0.7000000000000001,0.9,0.2,85.0,85.0,50.0,3388,3378,10,3388,0.0029515938606847697,0.7202544132781264,1.0,0.7202544132781264,1499,0.4437537004144464,1.0,1
"iteration_5","SCOPE_DATA_COLLECTION",800,28,1750.0,1810.0,2,4952,3378,1018,5256,3482,979,4951,3373,1012,8,9,5,0.001613228473482557,0.0026611472501478417,0.004916420845624385,0.314540374086153,0.7176246545463899,1.2654746099693017,0.629080748172306,0.7176246545463899,0.8436497399795345,0.26620884669763684,0.45745627038244885,0.5098814229249012,100.0,100.0,4602,2583,2163,19,3,0,0.004128639721860061,0.0011614401858304297,0.0,0.55,0.6000000000000001,0.9,0.30000000000000004,95.0,95.0,40.0,0.45,0.7000000000000001,0.9,0.2,85.0,85.0,50.0,1058,1056,2,1058,0.001890359168241966,1.2412916285336213,1.5,0.8275277523557475,527,0.4990530303030303,1.0,1
"iteration_5","SCOPE_DATA_COLLECTION",800,29,1810.0,1870.0,0,5091,3388,1058,4952,3378,1018,5089,3377,1056,5,10,2,9.815469179426776E-4,0.002952465308532625,0.001890359168241966,0.33005227987619523,0.7214137643841723,1.2459116314386915,0.6601045597523905,0.7214137643841723,0.830607754292461,0.2923953625466693,0.4441812259401836,0.5009469696969697,100.0,100.0,4662,2194,2681,16,1,0,0.003432003432003432,4.5578851412944393E-4,0.0,0.45,0.7000000000000001,0.9,0.2,85.0,85.0,50.0,0.45,0.7000000000000001,0.9,0.2,85.0,85.0,50.0,5051,5047,4,5051,7.919223916056226E-4,0.33092306522847575,0.5,0.6618461304569515,1464,0.2900733108777492,1.0,1
"iteration_5","SCOPE_DATA_COLLECTION",800,29,1810.0,1870.0,1,5091,3388,1058,4952,3378,1018,5089,3377,1056,5,10,2,9.815469179426776E-4,0.002952465308532625,0.001890359168241966,0.33005227987619523,0.7214137643841723,1.2459116314386915,0.6601045597523905,0.7214137643841723,0.830607754292461,0.2923953625466693,0.4441812259401836,0.5009469696969697,100.0,100.0,4662,2194,2681,16,1,0,0.003432003432003432,4.5578851412944393E-4,0.0,0.45,0.7000000000000001,0.9,0.2,85.0,85.0,50.0,0.45,0.7000000000000001,0.9,0.2,85.0,85.0,50.0,3500,3496,4,3500,0.001142857142857143,0.7215660841255291,1.0,0.7215660841255291,1566,0.44794050343249425,1.0,1
"iteration_5","SCOPE_DATA_COLLECTION",800,29,1810.0,1870.0,2,5091,3388,1058,4952,3378,1018,5089,3377,1056,5,10,2,9.815469179426776E-4,0.002952465308532625,0.001890359168241966,0.33005227987619523,0.7214137643841723,1.2459116314386915,0.6601045597523905,0.7214137643841723,0.830607754292461,0.2923953625466693,0.4441812259401836,0.5009469696969697,100.0,100.0,4662,2194,2681,16,1,0,0.003432003432003432,4.5578851412944393E-4,0.0,0.45,0.7000000000000001,0.9,0.2,85.0,85.0,50.0,0.45,0.7000000000000001,0.9,0.2,85.0,85.0,50.0,1027,1023,4,1027,0.0038948393378773127,1.2312921399648105,1.5,0.8208614266432069,506,0.4946236559139785,1.0,1
"iteration_5","SCOPE_DATA_COLLECTION",800,30,1870.0,1930.0,0,5051,3500,1027,5091,3388,1058,5042,3480,1023,4,4,4,7.927070947284979E-4,0.001148105625717566,0.0038948393378773127,0.3308589395985053,0.7193178021412895,1.2276513052593705,0.6617178791970106,0.7193178021412895,0.818434203506247,0.28976596588655296,0.4482758620689655,0.49364613880742914,100.0,100.0,4691,2234,2653,10,2,0,0.002131741632914091,8.952551477170994E-4,0.0,0.45,0.7000000000000001,0.9,0.2,85.0,85.0,50.0,0.45,0.7000000000000001,0.9,0.2,85.0,85.0,50.0,5037,5035,2,5037,3.970617431010522E-4,0.3227978081458378,0.5,0.6455956162916756,1367,0.2714995034756703,1.0,1
"iteration_5","SCOPE_DATA_COLLECTION",800,30,1870.0,1930.0,1,5051,3500,1027,5091,3388,1058,5042,3480,1023,4,4,4,7.927070947284979E-4,0.001148105625717566,0.0038948393378773127,0.3308589395985053,0.7193178021412895,1.2276513052593705,0.6617178791970106,0.7193178021412895,0.818434203506247,0.28976596588655296,0.4482758620689655,0.49364613880742914,100.0,100.0,4691,2234,2653,10,2,0,0.002131741632914091,8.952551477170994E-4,0.0,0.45,0.7000000000000001,0.9,0.2,85.0,85.0,50.0,0.45,0.7000000000000001,0.9,0.2,85.0,85.0,50.0,3410,3402,8,3410,0.002346041055718475,0.7192089288886663,1.0,0.7192089288886663,1559,0.458259847148736,1.0,1
"iteration_5","SCOPE_DATA_COLLECTION",800,30,1870.0,1930.0,2,5051,3500,1027,5091,3388,1058,5042,3480,1023,4,4,4,7.927070947284979E-4,0.001148105625717566,0.0038948393378773127,0.3308589395985053,0.7193178021412895,1.2276513052593705,0.6617178791970106,0.7193178021412895,0.818434203506247,0.28976596588655296,0.4482758620689655,0.49364613880742914,100.0,100.0,4691,2234,2653,10,2,0,0.002131741632914091,8.952551477170994E-4,0.0,0.45,0.7000000000000001,0.9,0.2,85.0,85.0,50.0,0.45,0.7000000000000001,0.9,0.2,85.0,85.0,50.0,1042,1042,0,1042,0.0,1.1395052414364522,1.5,0.7596701609576347,466,0.4472168905950096,1.0,1
"iteration_5","SCOPE_DATA_COLLECTION",800,31,1930.0,1990.0,0,5037,3410,1042,5051,3500,1027,5021,3404,1052,2,8,0,3.9816842524387816E-4,0.0023446658851113715,0.0,0.32167184908536334,0.7188844348768884,1.150970651100097,0.6433436981707267,0.7188844348768884,0.7673137674000646,0.2700657239593706,0.45593419506462984,0.4524714828897338,100.0,100.0,4687,2138,2664,9,1,0,0.0019202048218476637,4.677268475210477E-4,0.0,0.45,0.7000000000000001,0.9,0.2,85.0,85.0,50.0,0.8,0.30000000000000004,0.4,0.9,80.0,20.0,90.0,5110,5108,2,5110,3.913894324853229E-4,0.30125093477810283,0.5,0.6025018695562057,1152,0.2255285826155051,1.0,1
"iteration_5","SCOPE_DATA_COLLECTION",800,31,1930.0,1990.0,1,5037,3410,1042,5051,3500,1027,5021,3404,1052,2,8,0,3.9816842524387816E-4,0.0023446658851113715,0.0,0.32167184908536334,0.7188844348768884,1.150970651100097,0.6433436981707267,0.7188844348768884,0.7673137674000646,0.2700657239593706,0.45593419506462984,0.4524714828897338,100.0,100.0,4687,2138,2664,9,1,0,0.0019202048218476637,4.677268475210477E-4,0.0,0.45,0.7000000000000001,0.9,0.2,85.0,85.0,50.0,0.8,0.30000000000000004,0.4,0.9,80.0,20.0,90.0,3394,3386,8,3394,0.002357100766057749,0.7162858573636056,1.0,0.7162858573636056,1573,0.46455995274660367,1.0,1
"iteration_5","SCOPE_DATA_COLLECTION",800,31,1930.0,1990.0,2,5037,3410,1042,5051,3500,1027,5021,3404,1052,2,8,0,3.9816842524387816E-4,0.0023446658851113715,0.0,0.32167184908536334,0.7188844348768884,1.150970651100097,0.6433436981707267,0.7188844348768884,0.7673137674000646,0.2700657239593706,0.45593419506462984,0.4524714828897338,100.0,100.0,4687,2138,2664,9,1,0,0.0019202048218476637,4.677268475210477E-4,0.0,0.45,0.7000000000000001,0.9,0.2,85.0,85.0,50.0,0.8,0.30000000000000004,0.4,0.9,80.0,20.0,90.0,1015,1002,13,1015,0.012807881773399015,1.2407409215684033,1.5,0.8271606143789355,483,0.4820359281437126,1.0,1
"iteration_5","SCOPE_DATA_COLLECTION",800,32,1990.0,2050.0,0,5110,3394,1015,5037,3410,1042,5109,3385,992,2,8,13,3.913128546272745E-4,0.002357795461243737,0.012935323383084577,0.30123868264376147,0.7171190813888607,1.2334093044137062,0.6024773652875229,0.7171190813888607,0.8222728696091375,0.22509297318457624,0.465288035450517,0.4788306451612903,97.5,100.0,4775,3815,929,21,2,0,0.004397905759162304,5.242463958060288E-4,0.0,0.8,0.30000000000000004,0.4,0.9,80.0,20.0,90.0,0.8,0.30000000000000004,0.4,0.9,80.0,20.0,90.0,5019,5017,2,5019,3.984857541342897E-4,0.3022979334579805,0.5,0.604595866915961,1158,0.23081522822403827,1.0,1
"iteration_5","SCOPE_DATA_COLLECTION",800,32,1990.0,2050.0,1,5110,3394,1015,5037,3410,1042,5109,3385,992,2,8,13,3.913128546272745E-4,0.002357795461243737,0.012935323383084577,0.30123868264376147,0.7171190813888607,1.2334093044137062,0.6024773652875229,0.7171190813888607,0.8222728696091375,0.22509297318457624,0.465288035450517,0.4788306451612903,97.5,100.0,4775,3815,929,21,2,0,0.004397905759162304,5.242463958060288E-4,0.0,0.8,0.30000000000000004,0.4,0.9,80.0,20.0,90.0,0.8,0.30000000000000004,0.4,0.9,80.0,20.0,90.0,3372,3364,8,3372,0.002372479240806643,0.7112000465034111,1.0,0.7112000465034111,1565,0.46521997621878713,1.0,1
"iteration_5","SCOPE_DATA_COLLECTION",800,32,1990.0,2050.0,2,5110,3394,1015,5037,3410,1042,5109,3385,992,2,8,13,3.913128546272745E-4,0.002357795461243737,0.012935323383084577,0.30123868264376147,0.7171190813888607,1.2334093044137062,0.6024773652875229,0.7171190813888607,0.8222728696091375,0.22509297318457624,0.465288035450517,0.4788306451612903,97.5,100.0,4775,3815,929,21,2,0,0.004397905759162304,5.242463958060288E-4,0.0,0.8,0.30000000000000004,0.4,0.9,80.0,20.0,90.0,0.8,0.30000000000000004,0.4,0.9,80.0,20.0,90.0,1012,1001,11,1012,0.010869565217391304,1.233237154238632,1.5,0.8221581028257546,485,0.48451548451548454,1.0,1
"iteration_5","SCOPE_DATA_COLLECTION",800,33,2050.0,2110.0,0,5019,3372,1012,5110,3394,1015,5036,3368,1002,2,8,11,3.969829297340214E-4,0.002369668246445498,0.01085883514313919,0.3037736224774987,0.7112691469472778,1.2292501732104169,0.6075472449549973,0.7112691469472778,0.8195001154736112,0.23272438443208895,0.4655581947743468,0.4820359281437126,97.5,100.0,4784,3670,949,18,3,0,0.003762541806020067,8.174386920980927E-4,0.0,0.8,0.30000000000000004,0.4,0.9,80.0,20.0,90.0,0.7000000000000001,0.4,0.5,0.8,90.0,20.0,80.0,5156,5149,7,5156,0.0013576415826221878,0.31301952310966646,0.5,0.6260390462193329,1339,0.2600504952417945,1.0,1
"iteration_5","SCOPE_DATA_COLLECTION",800,33,2050.0,2110.0,1,5019,3372,1012,5110,3394,1015,5036,3368,1002,2,8,11,3.969829297340214E-4,0.002369668246445498,0.01085883514313919,0.3037736224774987,0.7112691469472778,1.2292501732104169,0.6075472449549973,0.7112691469472778,0.8195001154736112,0.23272438443208895,0.4655581947743468,0.4820359281437126,97.5,100.0,4784,3670,949,18,3,0,0.003762541806020067,8.174386920980927E-4,0.0,0.8,0.30000000000000004,0.4,0.9,80.0,20.0,90.0,0.7000000000000001,0.4,0.5,0.8,90.0,20.0,80.0,3473,3458,15,3473,0.004319032536711776,0.6989916925987757,1.0,0.6989916925987757,1511,0.43695777906304223,1.0,1
"iteration_5","SCOPE_DATA_COLLECTION",800,33,2050.0,2110.0,2,5019,3372,1012,5110,3394,1015,5036,3368,1002,2,8,11,3.969829297340214E-4,0.002369668246445498,0.01085883514313919,0.3037736224774987,0.7112691469472778,1.2292501732104169,0.6075472449549973,0.7112691469472778,0.8195001154736112,0.23272438443208895,0.4655581947743468,0.4820359281437126,97.5,100.0,4784,3670,949,18,3,0,0.003762541806020067,8.174386920980927E-4,0.0,0.8,0.30000000000000004,0.4,0.9,80.0,20.0,90.0,0.7000000000000001,0.4,0.5,0.8,90.0,20.0,80.0,1010,996,14,1010,0.013861386138613862,1.2930291973746852,1.5,0.8620194649164569,508,0.5100401606425703,1.0,1
"iteration_5","SCOPE_DATA_COLLECTION",800,34,2110.0,2170.0,0,5156,3473,1010,5019,3372,1012,5148,3451,996,7,15,14,0.0013579049466537342,0.004327755337564916,0.013861386138613862,0.31325275313686957,0.6973331300362788,1.293430316012535,0.6265055062737391,0.6973331300362788,0.8622868773416901,0.2608780108780109,0.43581570559258187,0.5110441767068273,97.5,100.0,4759,3396,1484,32,4,0,0.006724101702038243,0.001177856301531213,0.0,0.7000000000000001,0.4,0.5,0.8,90.0,20.0,80.0,0.7000000000000001,0.4,0.5,0.7000000000000001,90.0,30.0,70.0,5008,5004,4,5008,7.987220447284345E-4,0.3107306025800857,0.5,0.6214612051601714,1289,0.2575939248601119,1.0,1
"iteration_5","SCOPE_DATA_COLLECTION",800,34,2110.0,2170.0,1,5156,3473,1010,5019,3372,1012,5148,3451,996,7,15,14,0.0013579049466537342,0.004327755337564916,0.013861386138613862,0.31325275313686957,0.6973331300362788,1.293430316012535,0.6265055062737391,0.6973331300362788,0.8622868773416901,0.2608780108780109,0.43581570559258187,0.5110441767068273,97.5,100.0,4759,3396,1484,32,4,0,0.006724101702038243,0.001177856301531213,0.0,0.7000000000000001,0.4,0.5,0.8,90.0,20.0,80.0,0.7000000000000001,0.4,0.5,0.7000000000000001,90.0,30.0,70.0,3248,3239,9,3248,0.002770935960591133,0.7112490646990464,1.0,0.7112490646990464,1473,0.45476999073788205,1.0,1
"iteration_5","SCOPE_DATA_COLLECTION",800,34,2110.0,2170.0,2,5156,3473,1010,5019,3372,1012,5148,3451,996,7,15,14,0.0013579049466537342,0.004327755337564916,0.013861386138613862,0.31325275313686957,0.6973331300362788,1.293430316012535,0.6265055062737391,0.6973331300362788,0.8622868773416901,0.2608780108780109,0.43581570559258187,0.5110441767068273,97.5,100.0,4759,3396,1484,32,4,0,0.006724101702038243,0.001177856301531213,0.0,0.7000000000000001,0.4,0.5,0.8,90.0,20.0,80.0,0.7000000000000001,0.4,0.5,0.7000000000000001,90.0,30.0,70.0,1011,1005,6,1011,0.005934718100890208,1.2860209652603214,1.5,0.8573473101735476,516,0.5134328358208955,1.0,1
"iteration_5","SCOPE_DATA_COLLECTION",800,35,2170.0,2230.0,0,5008,3248,1011,5156,3473,1010,5000,3243,1006,4,9,6,7.993605115907274E-4,0.0027675276752767526,0.005928853754940711,0.31057928123754075,0.7123272311677004,1.290957780801992,0.6211585624750815,0.7123272311677004,0.8606385205346614,0.2578,0.45544249152019733,0.5149105367793241,100.0,100.0,4666,3191,1410,15,4,0,0.0032147449635662236,0.0012535255405828893,0.0,0.7000000000000001,0.4,0.5,0.7000000000000001,90.0,30.0,70.0,0.8,0.4,0.6000000000000001,0.7000000000000001,90.0,20.0,60.0,5009,5001,8,5009,0.001597125174685566,0.30664692533616766,0.5,0.6132938506723353,1224,0.244751049790042,1.0,1
"iteration_5","SCOPE_DATA_COLLECTION",800,35,2170.0,2230.0,1,5008,3248,1011,5156,3473,1010,5000,3243,1006,4,9,6,7.993605115907274E-4,0.0027675276752767526,0.005928853754940711,0.31057928123754075,0.7123272311677004,1.290957780801992,0.6211585624750815,0.7123272311677004,0.8606385205346614,0.2578,0.45544249152019733,0.5149105367793241,100.0,100.0,4666,3191,1410,15,4,0,0.0032147449635662236,0.0012535255405828893,0.0,0.7000000000000001,0.4,0.5,0.7000000000000001,90.0,30.0,70.0,0.8,0.4,0.6000000000000001,0.7000000000000001,90.0,20.0,60.0,3404,3397,7,3404,0.002056404230317274,0.7121880391885153,1.0,0.7121880391885153,1537,0.45245805122166616,1.0,1
"iteration_5","SCOPE_DATA_COLLECTION",800,35,2170.0,2230.0,2,5008,3248,1011,5156,3473,1010,5000,3243,1006,4,9,6,7.993605115907274E-4,0.0027675276752767526,0.005928853754940711,0.31057928123754075,0.7123272311677004,1.290957780801992,0.6211585624750815,0.7123272311677004,0.8606385205346614,0.2578,0.45544249152019733,0.5149105367793241,100.0,100.0,4666,3191,1410,15,4,0,0.0032147449635662236,0.0012535255405828893,0.0,0.7000000000000001,0.4,0.5,0.7000000000000001,90.0,30.0,70.0,0.8,0.4,0.6000000000000001,0.7000000000000001,90.0,20.0,60.0,954,942,12,954,0.012578616352201259,1.2349117974460497,1.5,0.8232745316306999,461,0.4893842887473461,1.0,1
"iteration_5","SCOPE_DATA_COLLECTION",800,36,2230.0,2290.0,0,5009,3404,954,5008,3248,1011,5006,3403,940,8,7,12,0.0015955325089748703,0.0020527859237536657,0.012605042016806723,0.3067688668544582,0.7137460732697386,1.2298373655103718,0.6135377337089164,0.7137460732697386,0.8198915770069145,0.24410707151418298,0.45401116661769025,0.48723404255319147,100.0,100.0,4696,3754,917,21,6,0,0.004471890971039182,0.0015982951518380393,0.0,0.8,0.4,0.6000000000000001,0.7000000000000001,90.0,20.0,60.0,0.4,0.6000000000000001,0.1,0.30000000000000004,85.0,30.0,75.0,5094,5061,33,5094,0.006478209658421673,0.31452355499451556,0.5,0.6290471099890311,1330,0.2627939142461964,1.0,1
"iteration_5","SCOPE_DATA_COLLECTION",800,36,2230.0,2290.0,1,5009,3404,954,5008,3248,1011,5006,3403,940,8,7,12,0.0015955325089748703,0.0020527859237536657,0.012605042016806723,0.3067688668544582,0.7137460732697386,1.2298373655103718,0.6135377337089164,0.7137460732697386,0.8198915770069145,0.24410707151418298,0.45401116661769025,0.48723404255319147,100.0,100.0,4696,3754,917,21,6,0,0.004471890971039182,0.0015982951518380393,0.0,0.8,0.4,0.6000000000000001,0.7000000000000001,90.0,20.0,60.0,0.4,0.6000000000000001,0.1,0.30000000000000004,85.0,30.0,75.0,3439,3426,13,3439,0.003780168653678395,0.6585841995444318,1.0,0.6585841995444318,1470,0.4290718038528897,1.0,1
"iteration_5","SCOPE_DATA_COLLECTION",800,36,2230.0,2290.0,2,5009,3404,954,5008,3248,1011,5006,3403,940,8,7,12,0.0015955325089748703,0.0020527859237536657,0.012605042016806723,0.3067688668544582,0.7137460732697386,1.2298373655103718,0.6135377337089164,0.7137460732697386,0.8198915770069145,0.24410707151418298,0.45401116661769025,0.48723404255319147,100.0,100.0,4696,3754,917,21,6,0,0.004471890971039182,0.0015982951518380393,0.0,0.8,0.4,0.6000000000000001,0.7000000000000001,90.0,20.0,60.0,0.4,0.6000000000000001,0.1,0.30000000000000004,85.0,30.0,75.0,1079,1072,7,1079,0.006487488415199258,1.2209307035165287,1.5,0.8139538023443524,521,0.48600746268656714,1.0,1
"iteration_5","SCOPE_DATA_COLLECTION",800,37,2290.0,2350.0,0,5094,3439,1079,5009,3404,954,5063,3433,1074,33,13,7,0.006475667189952904,0.0037724898432965758,0.0064754856614246065,0.3145000695910454,0.6593261046584485,1.2240115096172424,0.6290001391820907,0.6593261046584485,0.8160076730781616,0.2624925933241161,0.4293620739877658,0.48696461824953446,97.5,100.0,4655,1936,3021,10,2,41,0.0021482277121374865,0.0010330578512396695,0.013571665011585568,0.4,0.6000000000000001,0.1,0.30000000000000004,85.0,30.0,75.0,0.55,0.5,0.1,0.1,45.0,25.0,20.0,4926,4923,3,4926,6.090133982947625E-4,0.3054263613127141,0.5,0.6108527226254282,1205,0.24476944952264879,1.0,1
"iteration_5","SCOPE_DATA_COLLECTION",800,37,2290.0,2350.0,1,5094,3439,1079,5009,3404,954,5063,3433,1074,33,13,7,0.006475667189952904,0.0037724898432965758,0.0064754856614246065,0.3145000695910454,0.6593261046584485,1.2240115096172424,0.6290001391820907,0.6593261046584485,0.8160076730781616,0.2624925933241161,0.4293620739877658,0.48696461824953446,97.5,100.0,4655,1936,3021,10,2,41,0.0021482277121374865,0.0010330578512396695,0.013571665011585568,0.4,0.6000000000000001,0.1,0.30000000000000004,85.0,30.0,75.0,0.55,0.5,0.1,0.1,45.0,25.0,20.0,3428,3425,3,3428,8.751458576429405E-4,0.6818146363482855,1.0,0.6818146363482855,1535,0.4481751824817518,1.0,1
"iteration_5","SCOPE_DATA_COLLECTION",800,37,2290.0,2350.0,2,5094,3439,1079,5009,3404,954,5063,3433,1074,33,13,7,0.006475667189952904,0.0037724898432965758,0.0064754856614246065,0.3145000695910454,0.6593261046584485,1.2240115096172424,0.6290001391820907,0.6593261046584485,0.8160076730781616,0.2624925933241161,0.4293620739877658,0.48696461824953446,97.5,100.0,4655,1936,3021,10,2,41,0.0021482277121374865,0.0010330578512396695,0.013571665011585568,0.4,0.6000000000000001,0.1,0.30000000000000004,85.0,30.0,75.0,0.55,0.5,0.1,0.1,45.0,25.0,20.0,1042,1042,0,1042,0.0,1.2298384011586718,1.5,0.8198922674391146,520,0.4990403071017274,1.0,1
"iteration_5","SCOPE_DATA_COLLECTION",800,38,2350.0,2410.0,0,4926,3428,1042,5094,3439,1079,4912,3414,1048,3,3,0,6.103763987792472E-4,8.77963125548727E-4,0.0,0.3048235143820897,0.6808951313764372,1.2385271992700833,0.6096470287641794,0.6808951313764372,0.8256847995133888,0.24409609120521172,0.44727592267135324,0.5038167938931297,97.5,100.0,4646,2636,2114,3,3,0,6.457167455876022E-4,0.0011380880121396055,0.0,0.55,0.5,0.1,0.1,45.0,25.0,20.0,0.8,0.1,0.9,0.7000000000000001,60.0,30.0,45.0,5090,5090,0,5090,0.0,0.30562522517086105,0.5,0.6112504503417221,1157,0.22730844793713162,1.0,1
"iteration_5","SCOPE_DATA_COLLECTION",800,38,2350.0,2410.0,1,4926,3428,1042,5094,3439,1079,4912,3414,1048,3,3,0,6.103763987792472E-4,8.77963125548727E-4,0.0,0.3048235143820897,0.6808951313764372,1.2385271992700833,0.6096470287641794,0.6808951313764372,0.8256847995133888,0.24409609120521172,0.44727592267135324,0.5038167938931297,97.5,100.0,4646,2636,2114,3,3,0,6.457167455876022E-4,0.0011380880121396055,0.0,0.55,0.5,0.1,0.1,45.0,25.0,20.0,0.8,0.1,0.9,0.7000000000000001,60.0,30.0,45.0,3440,3434,6,3440,0.0017441860465116279,0.726307186427726,1.0,0.726307186427726,1590,0.4630168899242865,1.0,1
"iteration_5","SCOPE_DATA_COLLECTION",800,38,2350.0,2410.0,2,4926,3428,1042,5094,3439,1079,4912,3414,1048,3,3,0,6.103763987792472E-4,8.77963125548727E-4,0.0,0.3048235143820897,0.6808951313764372,1.2385271992700833,0.6096470287641794,0.6808951313764372,0.8256847995133888,0.24409609120521172,0.44727592267135324,0.5038167938931297,97.5,100.0,4646,2636,2114,3,3,0,6.457167455876022E-4,0.0011380880121396055,0.0,0.55,0.5,0.1,0.1,45.0,25.0,20.0,0.8,0.1,0.9,0.7000000000000001,60.0,30.0,45.0,1090,1082,8,1090,0.007339449541284404,1.2779024628106306,1.5,0.851934975207087,555,0.5129390018484289,1.0,1
"iteration_5","SCOPE_DATA_COLLECTION",800,39,2410.0,2470.0,0,5090,3440,1090,4926,3428,1042,5093,3435,1069,0,6,8,0.0,0.0017436791630340018,0.007428040854224698,0.3061386294214449,0.724848348761665,1.2679925688374925,0.6122772588428897,0.724848348761665,0.8453283792249949,0.22776359709405067,0.4617176128093159,0.5088868101028999,100.0,100.0,4880,3813,927,13,1,0,0.002663934426229508,2.6226068712300026E-4,0.0,0.8,0.1,0.9,0.7000000000000001,60.0,30.0,45.0,0.7000000000000001,0.1,0.9,0.6000000000000001,60.0,20.0,55.0,4982,4975,7,4982,0.0014050582095543958,0.29164027673202964,0.5,0.5832805534640593,988,0.19859296482412062,1.0,1
"iteration_5","SCOPE_DATA_COLLECTION",800,39,2410.0,2470.0,1,5090,3440,1090,4926,3428,1042,5093,3435,1069,0,6,8,0.0,0.0017436791630340018,0.007428040854224698,0.3061386294214449,0.724848348761665,1.2679925688374925,0.6122772588428897,0.724848348761665,0.8453283792249949,0.22776359709405067,0.4617176128093159,0.5088868101028999,100.0,100.0,4880,3813,927,13,1,0,0.002663934426229508,2.6226068712300026E-4,0.0,0.8,0.1,0.9,0.7000000000000001,60.0,30.0,45.0,0.7000000000000001,0.1,0.9,0.6000000000000001,60.0,20.0,55.0,3540,3528,12,3540,0.003389830508474576,0.7029113749853385,1.0,0.7029113749853385,1582,0.44841269841269843,1.0,1
"iteration_5","SCOPE_DATA_COLLECTION",800,39,2410.0,2470.0,2,5090,3440,1090,4926,3428,1042,5093,3435,1069,0,6,8,0.0,0.0017436791630340018,0.007428040854224698,0.3061386294214449,0.724848348761665,1.2679925688374925,0.6122772588428897,0.724848348761665,0.8453283792249949,0.22776359709405067,0.4617176128093159,0.5088868101028999,100.0,100.0,4880,3813,927,13,1,0,0.002663934426229508,2.6226068712300026E-4,0.0,0.8,0.1,0.9,0.7000000000000001,60.0,30.0,45.0,0.7000000000000001,0.1,0.9,0.6000000000000001,60.0,20.0,55.0,1047,1035,12,1047,0.011461318051575931,1.3069455547058855,1.5,0.8712970364705903,549,0.5304347826086957,1.0,1
"iteration_5","SCOPE_DATA_COLLECTION",800,40,2470.0,2530.0,0,4982,3540,1047,5090,3440,1090,4984,3535,1040,7,12,12,0.001402524544179523,0.0033831406822667043,0.011406844106463879,0.2924938869999914,0.7038542293943224,1.3050996154025902,0.5849877739999828,0.7038542293943224,0.8700664102683935,0.20104333868378813,0.4495049504950495,0.5278846153846154,100.0,100.0,4747,3373,1449,27,4,0,0.005687802822835475,0.0011858879335902757,0.0,0.7000000000000001,0.1,0.9,0.6000000000000001,60.0,20.0,55.0,0.7000000000000001,0.1,0.9,0.5,50.0,20.0,55.0,5089,5087,2,5089,3.9300451955197487E-4,0.30031051320668783,0.5,0.6006210264133757,1114,0.21898958128563004,1.0,1
"iteration_5","SCOPE_DATA_COLLECTION",800,40,2470.0,2530.0,1,4982,3540,1047,5090,3440,1090,4984,3535,1040,7,12,12,0.001402524544179523,0.0033831406822667043,0.011406844106463879,0.2924938869999914,0.7038542293943224,1.3050996154025902,0.5849877739999828,0.7038542293943224,0.8700664102683935,0.20104333868378813,0.4495049504950495,0.5278846153846154,100.0,100.0,4747,3373,1449,27,4,0,0.005687802822835475,0.0011858879335902757,0.0,0.7000000000000001,0.1,0.9,0.6000000000000001,60.0,20.0,55.0,0.7000000000000001,0.1,0.9,0.5,50.0,20.0,55.0,3406,3394,12,3406,0.0035231943628890195,0.7178629615820573,1.0,0.7178629615820573,1563,0.4605185621685327,1.0,1
"iteration_5","SCOPE_DATA_COLLECTION",800,40,2470.0,2530.0,2,4982,3540,1047,5090,3440,1090,4984,3535,1040,7,12,12,0.001402524544179523,0.0033831406822667043,0.011406844106463879,0.2924938869999914,0.7038542293943224,1.3050996154025902,0.5849877739999828,0.7038542293943224,0.8700664102683935,0.20104333868378813,0.4495049504950495,0.5278846153846154,100.0,100.0,4747,3373,1449,27,4,0,0.005687802822835475,0.0011858879335902757,0.0,0.7000000000000001,0.1,0.9,0.6000000000000001,60.0,20.0,55.0,0.7000000000000001,0.1,0.9,0.5,50.0,20.0,55.0,1023,1018,5,1023,0.004887585532746823,1.2804415466882637,1.5,0.8536276977921758,531,0.5216110019646365,1.0,1
"iteration_5","SCOPE_DATA_COLLECTION",800,41,2530.0,2590.0,0,5089,3406,1023,4982,3540,1047,5089,3380,1022,2,11,5,3.928501276762915E-4,0.0032438808611029196,0.004868549172346641,0.2997256979813202,0.7170056467639686,1.285971222000114,0.5994513959626404,0.7170056467639686,0.857314148000076,0.21752800157201807,0.46005917159763315,0.5244618395303327,95.0,100.0,4849,3253,1416,15,3,0,0.0030934213239843266,9.222256378727329E-4,0.0,0.7000000000000001,0.1,0.9,0.5,50.0,20.0,55.0,0.1,0.4,0.30000000000000004,0.4,20.0,65.0,70.0,5068,4090,978,5068,0.19297553275453827,0.4428777079005125,0.5,0.885755415801025,1367,0.3342298288508557,1.0,1
"iteration_5","SCOPE_DATA_COLLECTION",800,41,2530.0,2590.0,1,5089,3406,1023,4982,3540,1047,5089,3380,1022,2,11,5,3.928501276762915E-4,0.0032438808611029196,0.004868549172346641,0.2997256979813202,0.7170056467639686,1.285971222000114,0.5994513959626404,0.7170056467639686,0.857314148000076,0.21752800157201807,0.46005917159763315,0.5244618395303327,95.0,100.0,4849,3253,1416,15,3,0,0.0030934213239843266,9.222256378727329E-4,0.0,0.7000000000000001,0.1,0.9,0.5,50.0,20.0,55.0,0.1,0.4,0.30000000000000004,0.4,20.0,65.0,70.0,3538,2813,725,3538,0.20491803278688525,0.8850098352931767,1.0,0.8850098352931767,1590,0.5652328474937789,1.0,1
"iteration_5","SCOPE_DATA_COLLECTION",800,41,2530.0,2590.0,2,5089,3406,1023,4982,3540,1047,5089,3380,1022,2,11,5,3.928501276762915E-4,0.0032438808611029196,0.004868549172346641,0.2997256979813202,0.7170056467639686,1.285971222000114,0.5994513959626404,0.7170056467639686,0.857314148000076,0.21752800157201807,0.46005917159763315,0.5244618395303327,95.0,100.0,4849,3253,1416,15,3,0,0.0030934213239843266,9.222256378727329E-4,0.0,0.7000000000000001,0.1,0.9,0.5,50.0,20.0,55.0,0.1,0.4,0.30000000000000004,0.4,20.0,65.0,70.0,1029,810,219,1029,0.21282798833819241,1.565029997411676,1.5,1.0433533316077839,510,0.6296296296296297,1.0,1
"iteration_5","SCOPE_DATA_COLLECTION",800,42,2590.0,2650.0,0,5068,3538,1029,5089,3406,1023,4069,2818,806,971,719,215,0.19265873015873017,0.20327961549335596,0.21057786483839372,0.4398273144137362,0.8864228763264211,1.568173516455358,0.8796546288274724,0.8864228763264211,1.0454490109702388,0.33226837060702874,0.5652945351312988,0.6315136476426799,100.0,100.0,4661,470,4504,14,1,1890,0.003003647285990131,0.002127659574468085,0.41962699822380106,0.1,0.4,0.30000000000000004,0.4,20.0,65.0,70.0,0.2,0.5,0.4,0.4,20.0,75.0,70.0,5038,4622,416,5038,0.08257244938467646,0.37176367577266695,0.5,0.7435273515453339,1348,0.2916486369536997,1.0,1
"iteration_5","SCOPE_DATA_COLLECTION",800,42,2590.0,2650.0,1,5068,3538,1029,5089,3406,1023,4069,2818,806,971,719,215,0.19265873015873017,0.20327961549335596,0.21057786483839372,0.4398273144137362,0.8864228763264211,1.568173516455358,0.8796546288274724,0.8864228763264211,1.0454490109702388,0.33226837060702874,0.5652945351312988,0.6315136476426799,100.0,100.0,4661,470,4504,14,1,1890,0.003003647285990131,0.002127659574468085,0.41962699822380106,0.1,0.4,0.30000000000000004,0.4,20.0,65.0,70.0,0.2,0.5,0.4,0.4,20.0,75.0,70.0,3430,3099,331,3430,0.09650145772594752,0.778626592338964,1.0,0.778626592338964,1508,0.48660858341400454,1.0,1
"iteration_5","SCOPE_DATA_COLLECTION",800,42,2590.0,2650.0,2,5068,3538,1029,5089,3406,1023,4069,2818,806,971,719,215,0.19265873015873017,0.20327961549335596,0.21057786483839372,0.4398273144137362,0.8864228763264211,1.568173516455358,0.8796546288274724,0.8864228763264211,1.0454490109702388,0.33226837060702874,0.5652945351312988,0.6315136476426799,100.0,100.0,4661,470,4504,14,1,1890,0.003003647285990131,0.002127659574468085,0.41962699822380106,0.1,0.4,0.30000000000000004,0.4,20.0,65.0,70.0,0.2,0.5,0.4,0.4,20.0,75.0,70.0,1055,958,97,1055,0.09194312796208531,1.361343132287668,1.5,0.9075620881917786,516,0.5386221294363257,1.0,1
"iteration_5","SCOPE_DATA_COLLECTION",800,43,2650.0,2710.0,0,5038,3430,1055,5068,3538,1029,4630,3100,962,423,338,101,0.08371264595289926,0.0983129726585224,0.09501411100658513,0.37481471058918514,0.7779664372236179,1.3583909992049195,0.7496294211783703,0.7779664372236179,0.9055939994699463,0.2935205183585313,0.4867741935483871,0.5363825363825364,100.0,100.0,4668,981,3874,20,2,840,0.004284490145672665,0.0020387359836901123,0.21683014971605577,0.2,0.5,0.4,0.4,20.0,75.0,70.0,0.30000000000000004,0.4,0.30000000000000004,0.30000000000000004,30.0,65.0,60.0,5042,5013,29,5042,0.005751685838952796,0.32055197522205675,0.5,0.6411039504441135,1241,0.24755635348094954,1.0,1
"iteration_5","SCOPE_DATA_COLLECTION",800,43,2650.0,2710.0,1,5038,3430,1055,5068,3538,1029,4630,3100,962,423,338,101,0.08371264595289926,0.0983129726585224,0.09501411100658513,0.37481471058918514,0.7779664372236179,1.3583909992049195,0.7496294211783703,0.7779664372236179,0.9055939994699463,0.2935205183585313,0.4867741935483871,0.5363825363825364,100.0,100.0,4668,981,3874,20,2,840,0.004284490145672665,0.0020387359836901123,0.21683014971605577,0.2,0.5,0.4,0.4,20.0,75.0,70.0,0.30000000000000004,0.4,0.30000000000000004,0.30000000000000004,30.0,65.0,60.0,3393,3360,33,3393,0.009725906277630416,0.6882406666306111,1.0,0.6882406666306111,1439,0.4282738095238095,1.0,1
"iteration_5","SCOPE_DATA_COLLECTION",800,43,2650.0,2710.0,2,5038,3430,1055,5068,3538,1029,4630,3100,962,423,338,101,0.08371264595289926,0.0983129726585224,0.09501411100658513,0.37481471058918514,0.7779664372236179,1.3583909992049195,0.7496294211783703,0.7779664372236179,0.9055939994699463,0.2935205183585313,0.4867741935483871,0.5363825363825364,100.0,100.0,4668,981,3874,20,2,840,0.004284490145672665,0.0020387359836901123,0.21683014971605577,0.2,0.5,0.4,0.4,20.0,75.0,70.0,0.30000000000000004,0.4,0.30000000000000004,0.30000000000000004,30.0,65.0,60.0,1080,1070,10,1080,0.009259259259259259,1.2728557229655413,1.5,0.8485704819770276,534,0.49906542056074765,1.0,1
"iteration_5","SCOPE_DATA_COLLECTION",800,44,2710.0,2770.0,0,5042,3393,1080,5038,3430,1055,5014,3362,1063,28,33,10,0.005553351844506148,0.009720176730486009,0.009319664492078284,0.3201955325532963,0.689868671620046,1.2768281801092132,0.6403910651065926,0.689868671620046,0.8512187867394755,0.2469086557638612,0.42891136228435456,0.5014111006585137,97.5,100.0,4573,1508,3434,20,0,51,0.004373496610540126,0.0,0.01485148514851485,0.30000000000000004,0.4,0.30000000000000004,0.30000000000000004,30.0,65.0,60.0,0.30000000000000004,0.5,0.30000000000000004,0.30000000000000004,20.0,55.0,70.0,5035,4993,42,5035,0.008341608738828202,0.31915328466547704,0.5,0.6383065693309541,1257,0.25175245343480873,1.0,1
"iteration_5","SCOPE_DATA_COLLECTION",800,44,2710.0,2770.0,1,5042,3393,1080,5038,3430,1055,5014,3362,1063,28,33,10,0.005553351844506148,0.009720176730486009,0.009319664492078284,0.3201955325532963,0.689868671620046,1.2768281801092132,0.6403910651065926,0.689868671620046,0.8512187867394755,0.2469086557638612,0.42891136228435456,0.5014111006585137,97.5,100.0,4573,1508,3434,20,0,51,0.004373496610540126,0.0,0.01485148514851485,0.30000000000000004,0.4,0.30000000000000004,0.30000000000000004,30.0,65.0,60.0,0.30000000000000004,0.5,0.30000000000000004,0.30000000000000004,20.0,55.0,70.0,3436,3400,36,3436,0.010477299185098952,0.6917000464696724,1.0,0.6917000464696724,1476,0.43411764705882355,1.0,1
"iteration_5","SCOPE_DATA_COLLECTION",800,44,2710.0,2770.0,2,5042,3393,1080,5038,3430,1055,5014,3362,1063,28,33,10,0.005553351844506148,0.009720176730486009,0.009319664492078284,0.3201955325532963,0.689868671620046,1.2768281801092132,0.6403910651065926,0.689868671620046,0.8512187867394755,0.2469086557638612,0.42891136228435456,0.5014111006585137,97.5,100.0,4573,1508,3434,20,0,51,0.004373496610540126,0.0,0.01485148514851485,0.30000000000000004,0.4,0.30000000000000004,0.30000000000000004,30.0,65.0,60.0,0.30000000000000004,0.5,0.30000000000000004,0.30000000000000004,20.0,55.0,70.0,1053,1039,14,1053,0.013295346628679962,1.2484918493935926,1.5,0.8323278995957284,515,0.4956689124157844,1.0,1
"iteration_5","SCOPE_DATA_COLLECTION",800,45,2770.0,2830.0,0,5035,3436,1053,5042,3393,1080,5006,3399,1043,43,36,14,0.008516537928302634,0.010480349344978166,0.013245033112582781,0.3193394239932097,0.6920667794340666,1.2449952936617994,0.6386788479864194,0.6920667794340666,0.8299968624411996,0.25329604474630446,0.4351279788172992,0.4937679769894535,100.0,100.0,4586,1487,3451,19,1,73,0.004143044047099869,6.724949562878278E-4,0.021153288901767604,0.30000000000000004,0.5,0.30000000000000004,0.30000000000000004,20.0,55.0,70.0,0.30000000000000004,0.5,0.30000000000000004,0.30000000000000004,20.0,55.0,70.0,5026,4917,109,5026,0.021687226422602467,0.3416317293440886,0.5,0.6832634586881772,1363,0.2772015456579215,1.0,1
"iteration_5","SCOPE_DATA_COLLECTION",800,45,2770.0,2830.0,1,5035,3436,1053,5042,3393,1080,5006,3399,1043,43,36,14,0.008516537928302634,0.010480349344978166,0.013245033112582781,0.3193394239932097,0.6920667794340666,1.2449952936617994,0.6386788479864194,0.6920667794340666,0.8299968624411996,0.25329604474630446,0.4351279788172992,0.4937679769894535,100.0,100.0,4586,1487,3451,19,1,73,0.004143044047099869,6.724949562878278E-4,0.021153288901767604,0.30000000000000004,0.5,0.30000000000000004,0.30000000000000004,20.0,55.0,70.0,0.30000000000000004,0.5,0.30000000000000004,0.30000000000000004,20.0,55.0,70.0,3346,3251,95,3346,0.02839210998206814,0.7057712192257392,1.0,0.7057712192257392,1455,0.44755459858505076,1.0,1
"iteration_5","SCOPE_DATA_COLLECTION",800,45,2770.0,2830.0,2,5035,3436,1053,5042,3393,1080,5006,3399,1043,43,36,14,0.008516537928302634,0.010480349344978166,0.013245033112582781,0.3193394239932097,0.6920667794340666,1.2449952936617994,0.6386788479864194,0.6920667794340666,0.8299968624411996,0.25329604474630446,0.4351279788172992,0.4937679769894535,100.0,100.0,4586,1487,3451,19,1,73,0.004143044047099869,6.724949562878278E-4,0.021153288901767604,0.30000000000000004,0.5,0.30000000000000004,0.30000000000000004,20.0,55.0,70.0,0.30000000000000004,0.5,0.30000000000000004,0.30000000000000004,20.0,55.0,70.0,1078,1039,39,1078,0.036178107606679034,1.2354270265044278,1.5,0.8236180176696185,509,0.4898941289701636,1.0,1
"iteration_5","SCOPE_DATA_COLLECTION",800,46,2830.0,2890.0,0,5026,3346,1078,5035,3436,1053,4906,3265,1036,109,95,39,0.02173479561316052,0.028273809523809524,0.03627906976744186,0.34194355142992366,0.707103105774095,1.236598237269826,0.6838871028598473,0.707103105774095,0.8243988248465507,0.27660008153281695,0.44777947932618684,0.49034749034749037,100.0,100.0,4662,1403,3385,13,1,229,0.0027885027885027887,7.127583749109052E-4,0.06765140324963072,0.30000000000000004,0.5,0.30000000000000004,0.30000000000000004,20.0,55.0,70.0,0.25,0.6000000000000001,0.2,0.7000000000000001,25.0,25.0,90.0,5060,4879,181,5060,0.035770750988142294,0.34947611616661534,0.5,0.6989522323332307,1397,0.28632916581266654,1.0,1
"iteration_5","SCOPE_DATA_COLLECTION",800,46,2830.0,2890.0,1,5026,3346,1078,5035,3436,1053,4906,3265,1036,109,95,39,0.02173479561316052,0.028273809523809524,0.03627906976744186,0.34194355142992366,0.707103105774095,1.236598237269826,0.6838871028598473,0.707103105774095,0.8243988248465507,0.27660008153281695,0.44777947932618684,0.49034749034749037,100.0,100.0,4662,1403,3385,13,1,229,0.0027885027885027887,7.127583749109052E-4,0.06765140324963072,0.30000000000000004,0.5,0.30000000000000004,0.30000000000000004,20.0,55.0,70.0,0.25,0.6000000000000001,0.2,0.7000000000000001,25.0,25.0,90.0,3470,3365,105,3470,0.03025936599423631,0.7182368590997058,1.0,0.7182368590997058,1537,0.45676077265973253,1.0,1
"iteration_5","SCOPE_DATA_COLLECTION",800,46,2830.0,2890.0,2,5026,3346,1078,5035,3436,1053,4906,3265,1036,109,95,39,0.02173479561316052,0.028273809523809524,0.03627906976744186,0.34194355142992366,0.707103105774095,1.236598237269826,0.6838871028598473,0.707103105774095,0.8243988248465507,0.27660008153281695,0.44777947932618684,0.49034749034749037,100.0,100.0,4662,1403,3385,13,1,229,0.0027885027885027887,7.127583749109052E-4,0.06765140324963072,0.30000000000000004,0.5,0.30000000000000004,0.30000000000000004,20.0,55.0,70.0,0.25,0.6000000000000001,0.2,0.7000000000000001,25.0,25.0,90.0,1013,971,42,1013,0.04146100691016782,1.2613663983361783,1.5,0.8409109322241188,482,0.4963954685890834,1.0,1
"iteration_5","SCOPE_DATA_COLLECTION",800,47,2890.0,2950.0,0,5060,3470,1013,5026,3346,1078,4882,3360,973,181,105,42,0.03574955559944697,0.030303030303030304,0.041379310344827586,0.34900824940102326,0.7171587902208313,1.2537402067038326,0.6980164988020465,0.7171587902208313,0.8358268044692218,0.2849242113887751,0.4574404761904762,0.4933196300102775,100.0,100.0,4719,1186,3638,21,2,305,0.004450095359186269,0.0016863406408094434,0.08383727322704783,0.25,0.6000000000000001,0.2,0.7000000000000001,25.0,25.0,90.0,0.35000000000000003,0.5,0.2,0.6000000000000001,25.0,35.0,90.0,4914,4886,28,4914,0.005698005698005698,0.3134316688386102,0.5,0.6268633376772204,1249,0.2556283258288989,1.0,1
"iteration_5","SCOPE_DATA_COLLECTION",800,47,2890.0,2950.0,1,5060,3470,1013,5026,3346,1078,4882,3360,973,181,105,42,0.03574955559944697,0.030303030303030304,0.041379310344827586,0.34900824940102326,0.7171587902208313,1.2537402067038326,0.6980164988020465,0.7171587902208313,0.8358268044692218,0.2849242113887751,0.4574404761904762,0.4933196300102775,100.0,100.0,4719,1186,3638,21,2,305,0.004450095359186269,0.0016863406408094434,0.08383727322704783,0.25,0.6000000000000001,0.2,0.7000000000000001,25.0,25.0,90.0,0.35000000000000003,0.5,0.2,0.6000000000000001,25.0,35.0,90.0,3377,3349,28,3377,0.00829138288421676,0.6919450960619525,1.0,0.6919450960619525,1497,0.446999104210212,1.0,1
"iteration_5","SCOPE_DATA_COLLECTION",800,47,2890.0,2950.0,2,5060,3470,1013,5026,3346,1078,4882,3360,973,181,105,42,0.03574955559944697,0.030303030303030304,0.041379310344827586,0.34900824940102326,0.7171587902208313,1.2537402067038326,0.6980164988020465,0.7171587902208313,0.8358268044692218,0.2849242113887751,0.4574404761904762,0.4933196300102775,100.0,100.0,4719,1186,3638,21,2,305,0.004450095359186269,0.0016863406408094434,0.08383727322704783,0.25,0.6000000000000001,0.2,0.7000000000000001,25.0,25.0,90.0,0.35000000000000003,0.5,0.2,0.6000000000000001,25.0,35.0,90.0,1067,1049,18,1067,0.016869728209934397,1.245728836588779,1.5,0.830485891059186,519,0.4947569113441373,1.0,1
"iteration_5","SCOPE_DATA_COLLECTION",800,48,2950.0,3010.0,0,4914,3377,1067,5060,3470,1013,4880,3354,1039,28,28,18,0.0057049714751426246,0.00827912477823773,0.017029328287606435,0.3131692372245864,0.6912813657838341,1.2419666494384904,0.6263384744491728,0.6912813657838341,0.827977766292327,0.25573770491803277,0.44573643410852715,0.4937439846005775,95.0,100.0,4587,1646,3125,15,0,59,0.0032701111837802484,0.0,0.01888,0.35000000000000003,0.5,0.2,0.6000000000000001,25.0,35.0,90.0,0.35000000000000003,0.5,0.2,0.6000000000000001,25.0,35.0,90.0,5125,5075,50,5125,0.00975609756097561,0.3244071909815767,0.5,0.6488143819631534,1323,0.26068965517241377,1.0,1
"iteration_5","SCOPE_DATA_COLLECTION",800,48,2950.0,3010.0,1,4914,3377,1067,5060,3470,1013,4880,3354,1039,28,28,18,0.0057049714751426246,0.00827912477823773,0.017029328287606435,0.3131692372245864,0.6912813657838341,1.2419666494384904,0.6263384744491728,0.6912813657838341,0.827977766292327,0.25573770491803277,0.44573643410852715,0.4937439846005775,95.0,100.0,4587,1646,3125,15,0,59,0.0032701111837802484,0.0,0.01888,0.35000000000000003,0.5,0.2,0.6000000000000001,25.0,35.0,90.0,0.35000000000000003,0.5,0.2,0.6000000000000001,25.0,35.0,90.0,3389,3351,38,3389,0.011212747123045146,0.6876674389450921,1.0,0.6876674389450921,1452,0.4333034914950761,1.0,1
"iteration_5","SCOPE_DATA_COLLECTION",800,48,2950.0,3010.0,2,4914,3377,1067,5060,3470,1013,4880,3354,1039,28,28,18,0.0057049714751426246,0.00827912477823773,0.017029328287606435,0.3131692372245864,0.6912813657838341,1.2419666494384904,0.6263384744491728,0.6912813657838341,0.827977766292327,0.25573770491803277,0.44573643410852715,0.4937439846005775,95.0,100.0,4587,1646,3125,15,0,59,0.0032701111837802484,0.0,0.01888,0.35000000000000003,0.5,0.2,0.6000000000000001,25.0,35.0,90.0,0.35000000000000003,0.5,0.2,0.6000000000000001,25.0,35.0,90.0,1009,992,17,1009,0.01684836471754212,1.2332422901285789,1.5,0.822161526752386,479,0.48286290322580644,1.0,1
"iteration_5","SCOPE_DATA_COLLECTION",800,49,3010.0,3070.0,0,5125,3389,1009,4914,3377,1067,5086,3351,998,48,34,13,0.009349435138293729,0.010044313146233382,0.012858555885262116,0.32500625042904463,0.6888572970566942,1.2306860307303231,0.6500125008580893,0.6888572970566942,0.8204573538202155,0.2616987809673614,0.43390032826022085,0.48096192384769537,100.0,100.0,4660,1627,3236,11,2,82,0.0023605150214592273,0.001229256299938537,0.02533992583436341,0.35000000000000003,0.5,0.2,0.6000000000000001,25.0,35.0,90.0,0.35000000000000003,0.6000000000000001,0.1,0.6000000000000001,25.0,45.0,95.0,4956,4856,100,4956,0.020177562550443905,0.3328346905345728,0.5,0.6656693810691456,1361,0.2802718286655684,1.0,1
"iteration_5","SCOPE_DATA_COLLECTION",800,49,3010.0,3070.0,1,5125,3389,1009,4914,3377,1067,5086,3351,998,48,34,13,0.009349435138293729,0.010044313146233382,0.012858555885262116,0.32500625042904463,0.6888572970566942,1.2306860307303231,0.6500125008580893,0.6888572970566942,0.8204573538202155,0.2616987809673614,0.43390032826022085,0.48096192384769537,100.0,100.0,4660,1627,3236,11,2,82,0.0023605150214592273,0.001229256299938537,0.02533992583436341,0.35000000000000003,0.5,0.2,0.6000000000000001,25.0,35.0,90.0,0.35000000000000003,0.6000000000000001,0.1,0.6000000000000001,25.0,45.0,95.0,3470,3398,72,3470,0.0207492795389049,0.662649095591372,1.0,0.662649095591372,1424,0.4190700412007063,1.0,1
"iteration_5","SCOPE_DATA_COLLECTION",800,49,3010.0,3070.0,2,5125,3389,1009,4914,3377,1067,5086,3351,998,48,34,13,0.009349435138293729,0.010044313146233382,0.012858555885262116,0.32500625042904463,0.6888572970566942,1.2306860307303231,0.6500125008580893,0.6888572970566942,0.8204573538202155,0.2616987809673614,0.43390032826022085,0.48096192384769537,100.0,100.0,4660,1627,3236,11,2,82,0.0023605150214592273,0.001229256299938537,0.02533992583436341,0.35000000000000003,0.5,0.2,0.6000000000000001,25.0,35.0,90.0,0.35000000000000003,0.6000000000000001,0.1,0.6000000000000001,25.0,45.0,95.0,1051,1029,22,1051,0.02093244529019981,1.292864836458544,1.5,0.8619098909723627,532,0.5170068027210885,1.0,1
"iteration_5","SCOPE_DATA_COLLECTION",800,50,3070.0,3130.0,0,4956,3470,1051,5125,3389,1009,4848,3388,1037,102,76,26,0.020606060606060607,0.021939953810623556,0.024459078080903106,0.3321545943432942,0.661931380493502,1.305210063820377,0.6643091886865884,0.661931380493502,0.870140042546918,0.27887788778877887,0.41883116883116883,0.523625843780135,92.5,100.0,4656,1691,3130,7,1,196,0.0015034364261168386,5.913660555884093E-4,0.06261980830670927,0.35000000000000003,0.6000000000000001,0.1,0.6000000000000001,25.0,45.0,95.0,0.35000000000000003,0.5,0.1,0.5,35.0,35.0,85.0,5135,5131,4,5135,7.789678675754625E-4,0.327198041371495,0.5,0.65439608274299,1282,0.24985382966283376,1.0,1
"iteration_5","SCOPE_DATA_COLLECTION",800,50,3070.0,3130.0,1,4956,3470,1051,5125,3389,1009,4848,3388,1037,102,76,26,0.020606060606060607,0.021939953810623556,0.024459078080903106,0.3321545943432942,0.661931380493502,1.305210063820377,0.6643091886865884,0.661931380493502,0.870140042546918,0.27887788778877887,0.41883116883116883,0.523625843780135,92.5,100.0,4656,1691,3130,7,1,196,0.0015034364261168386,5.913660555884093E-4,0.06261980830670927,0.35000000000000003,0.6000000000000001,0.1,0.6000000000000001,25.0,45.0,95.0,0.35000000000000003,0.5,0.1,0.5,35.0,35.0,85.0,3374,3371,3,3374,8.891523414344991E-4,0.6793454434659839,1.0,0.6793454434659839,1431,0.4245031148027292,1.0,1
"iteration_5","SCOPE_DATA_COLLECTION",800,50,3070.0,3130.0,2,4956,3470,1051,5125,3389,1009,4848,3388,1037,102,76,26,0.020606060606060607,0.021939953810623556,0.024459078080903106,0.3321545943432942,0.661931380493502,1.305210063820377,0.6643091886865884,0.661931380493502,0.870140042546918,0.27887788778877887,0.41883116883116883,0.523625843780135,92.5,100.0,4656,1691,3130,7,1,196,0.0015034364261168386,5.913660555884093E-4,0.06261980830670927,0.35000000000000003,0.6000000000000001,0.1,0.6000000000000001,25.0,45.0,95.0,0.35000000000000003,0.5,0.1,0.5,35.0,35.0,85.0,1050,1040,10,1050,0.009523809523809525,1.2828617370385529,1.5,0.8552411580257019,529,0.5086538461538461,1.0,1
"iteration_5","SCOPE_DATA_COLLECTION",800,51,3130.0,3190.0,0,5135,3374,1050,4956,3470,1051,5120,3365,1028,4,3,10,7.8064012490242E-4,8.907363420427554E-4,0.009633911368015413,0.32609072596143396,0.6765708759590269,1.2759841340596647,0.6521814519228679,0.6765708759590269,0.8506560893731098,0.2482421875,0.4234769687964339,0.5058365758754864,100.0,100.0,4673,1690,3196,15,2,0,0.003209929381553606,0.001183431952662722,0.0,0.35000000000000003,0.5,0.1,0.5,35.0,35.0,85.0,0.45,0.6000000000000001,0.1,0.4,45.0,45.0,75.0,4955,4951,4,4955,8.072653884964682E-4,0.30519151392999705,0.5,0.6103830278599941,1209,0.24419309230458494,1.0,1
"iteration_5","SCOPE_DATA_COLLECTION",800,51,3130.0,3190.0,1,5135,3374,1050,4956,3470,1051,5120,3365,1028,4,3,10,7.8064012490242E-4,8.907363420427554E-4,0.009633911368015413,0.32609072596143396,0.6765708759590269,1.2759841340596647,0.6521814519228679,0.6765708759590269,0.8506560893731098,0.2482421875,0.4234769687964339,0.5058365758754864,100.0,100.0,4673,1690,3196,15,2,0,0.003209929381553606,0.001183431952662722,0.0,0.35000000000000003,0.5,0.1,0.5,35.0,35.0,85.0,0.45,0.6000000000000001,0.1,0.4,45.0,45.0,75.0,3418,3413,5,3418,0.001462843768285547,0.6689152876492943,1.0,0.6689152876492943,1461,0.4280691473776736,1.0,1
"iteration_5","SCOPE_DATA_COLLECTION",800,51,3130.0,3190.0,2,5135,3374,1050,4956,3470,1051,5120,3365,1028,4,3,10,7.8064012490242E-4,8.907363420427554E-4,0.009633911368015413,0.32609072596143396,0.6765708759590269,1.2759841340596647,0.6521814519228679,0.6765708759590269,0.8506560893731098,0.2482421875,0.4234769687964339,0.5058365758754864,100.0,100.0,4673,1690,3196,15,2,0,0.003209929381553606,0.001183431952662722,0.0,0.35000000000000003,0.5,0.1,0.5,35.0,35.0,85.0,0.45,0.6000000000000001,0.1,0.4,45.0,45.0,75.0,1022,1015,7,1022,0.00684931506849315,1.1723944423848116,1.5,0.7815962949232077,472,0.46502463054187193,1.0,1
"iteration_5","SCOPE_DATA_COLLECTION",800,52,3190.0,3250.0,0,4955,3418,1022,5135,3374,1050,4970,3416,1020,4,5,7,8.041817450743868E-4,0.0014615609470914938,0.006815968841285297,0.3072534824442671,0.6701587656920546,1.1805132457716792,0.6145069648885342,0.6701587656920546,0.7870088305144528,0.24728370221327967,0.4274004683840749,0.4676470588235294,100.0,100.0,4613,2182,2600,11,5,0,0.002384565358768697,0.00229147571035747,0.0,0.45,0.6000000000000001,0.1,0.4,45.0,45.0,75.0,0.5,0.7000000000000001,0.1,0.9,60.0,80.0,85.0,5044,5035,9,5044,0.0017842981760507533,0.31563590401607045,0.5,0.6312718080321409,1317,0.2615690168818272,1.0,1
"iteration_5","SCOPE_DATA_COLLECTION",800,52,3190.0,3250.0,1,4955,3418,1022,5135,3374,1050,4970,3416,1020,4,5,7,8.041817450743868E-4,0.0014615609470914938,0.006815968841285297,0.3072534824442671,0.6701587656920546,1.1805132457716792,0.6145069648885342,0.6701587656920546,0.7870088305144528,0.24728370221327967,0.4274004683840749,0.4676470588235294,100.0,100.0,4613,2182,2600,11,5,0,0.002384565358768697,0.00229147571035747,0.0,0.45,0.6000000000000001,0.1,0.4,45.0,45.0,75.0,0.5,0.7000000000000001,0.1,0.9,60.0,80.0,85.0,3487,3484,3,3487,8.603383997705764E-4,0.6504844290227708,1.0,0.6504844290227708,1479,0.42451205510907003,1.0,1
"iteration_5","SCOPE_DATA_COLLECTION",800,52,3190.0,3250.0,2,4955,3418,1022,5135,3374,1050,4970,3416,1020,4,5,7,8.041817450743868E-4,0.0014615609470914938,0.006815968841285297,0.3072534824442671,0.6701587656920546,1.1805132457716792,0.6145069648885342,0.6701587656920546,0.7870088305144528,0.24728370221327967,0.4274004683840749,0.4676470588235294,100.0,100.0,4613,2182,2600,11,5,0,0.002384565358768697,0.00229147571035747,0.0,0.45,0.6000000000000001,0.1,0.4,45.0,45.0,75.0,0.5,0.7000000000000001,0.1,0.9,60.0,80.0,85.0,976,971,5,976,0.005122950819672131,1.239515657420782,1.5,0.8263437716138546,479,0.4933058702368692,1.0,1
"iteration_5","SCOPE_DATA_COLLECTION",800,53,3250.0,3310.0,0,5044,3487,976,4955,3418,1022,5026,3487,981,9,3,5,0.0017874875868917578,8.595988538681948E-4,0.005070993914807302,0.3153552611125693,0.6508325839579189,1.2401439891503,0.6307105222251386,0.6508325839579189,0.8267626594335334,0.26163947473139676,0.42472039002007456,0.49337410805300713,100.0,100.0,4681,2374,2452,13,4,0,0.0027771843623157445,0.0016849199663016006,0.0,0.5,0.7000000000000001,0.1,0.9,60.0,80.0,85.0,0.5,0.7000000000000001,0.1,0.9,60.0,80.0,85.0,5218,5214,4,5218,7.665772326561902E-4,0.3111186665554707,0.5,0.6222373331109414,1328,0.25469888761028003,1.0,1
"iteration_5","SCOPE_DATA_COLLECTION",800,53,3250.0,3310.0,1,5044,3487,976,4955,3418,1022,5026,3487,981,9,3,5,0.0017874875868917578,8.595988538681948E-4,0.005070993914807302,0.3153552611125693,0.6508325839579189,1.2401439891503,0.6307105222251386,0.6508325839579189,0.8267626594335334,0.26163947473139676,0.42472039002007456,0.49337410805300713,100.0,100.0,4681,2374,2452,13,4,0,0.0027771843623157445,0.0016849199663016006,0.0,0.5,0.7000000000000001,0.1,0.9,60.0,80.0,85.0,0.5,0.7000000000000001,0.1,0.9,60.0,80.0,85.0,3417,3413,4,3417,0.001170617500731636,0.6524118333791471,1.0,0.6524118333791471,1449,0.4245531790213888,1.0,1
"iteration_5","SCOPE_DATA_COLLECTION",800,53,3250.0,3310.0,2,5044,3487,976,4955,3418,1022,5026,3487,981,9,3,5,0.0017874875868917578,8.595988538681948E-4,0.005070993914807302,0.3153552611125693,0.6508325839579189,1.2401439891503,0.6307105222251386,0.6508325839579189,0.8267626594335334,0.26163947473139676,0.42472039002007456,0.49337410805300713,100.0,100.0,4681,2374,2452,13,4,0,0.0027771843623157445,0.0016849199663016006,0.0,0.5,0.7000000000000001,0.1,0.9,60.0,80.0,85.0,0.5,0.7000000000000001,0.1,0.9,60.0,80.0,85.0,1017,1005,12,1017,0.011799410029498525,1.2142610503630034,1.5,0.8095073669086689,484,0.481592039800995,1.0,1
"iteration_5","SCOPE_DATA_COLLECTION",800,54,3310.0,3370.0,0,5218,3417,1017,5044,3487,976,5206,3425,996,4,4,12,7.677543186180423E-4,0.0011665208515602217,0.011904761904761904,0.31112897031246683,0.6553474137480236,1.207521720067534,0.6222579406249337,0.6553474137480236,0.8050144800450227,0.253937764118325,0.42744525547445256,0.4779116465863454,100.0,100.0,4681,2482,2489,18,2,0,0.0038453321939756462,8.058017727639E-4,0.0,0.5,0.7000000000000001,0.1,0.9,60.0,80.0,85.0,0.75,0.4,0.5,0.7000000000000001,60.0,95.0,85.0,5193,5188,5,5193,9.628345850182939E-4,0.3106746949441664,0.5,0.6213493898883328,1322,0.25481881264456435,1.0,1
"iteration_5","SCOPE_DATA_COLLECTION",800,54,3310.0,3370.0,1,5218,3417,1017,5044,3487,976,5206,3425,996,4,4,12,7.677543186180423E-4,0.0011665208515602217,0.011904761904761904,0.31112897031246683,0.6553474137480236,1.207521720067534,0.6222579406249337,0.6553474137480236,0.8050144800450227,0.253937764118325,0.42744525547445256,0.4779116465863454,100.0,100.0,4681,2482,2489,18,2,0,0.0038453321939756462,8.058017727639E-4,0.0,0.5,0.7000000000000001,0.1,0.9,60.0,80.0,85.0,0.75,0.4,0.5,0.7000000000000001,60.0,95.0,85.0,3365,3351,14,3365,0.004160475482912333,0.7109668413842479,1.0,0.7109668413842479,1495,0.44613548194568786,1.0,1
"iteration_5","SCOPE_DATA_COLLECTION",800,54,3310.0,3370.0,2,5218,3417,1017,5044,3487,976,5206,3425,996,4,4,12,7.677543186180423E-4,0.0011665208515602217,0.011904761904761904,0.31112897031246683,0.6553474137480236,1.207521720067534,0.6222579406249337,0.6553474137480236,0.8050144800450227,0.253937764118325,0.42744525547445256,0.4779116465863454,100.0,100.0,4681,2482,2489,18,2,0,0.0038453321939756462,8.058017727639E-4,0.0,0.5,0.7000000000000001,0.1,0.9,60.0,80.0,85.0,0.75,0.4,0.5,0.7000000000000001,60.0,95.0,85.0,1082,1070,12,1082,0.011090573012939002,1.2416718691549318,1.5,0.8277812461032878,519,0.4850467289719626,1.0,1
"iteration_5","SCOPE_DATA_COLLECTION",800,55,3370.0,3430.0,0,5193,3365,1082,5218,3417,1017,5196,3345,1070,5,14,12,9.613535858488752E-4,0.004167907115212861,0.011090573012939002,0.3103335988929926,0.7067962853590013,1.2409295347738794,0.6206671977859852,0.7067962853590013,0.8272863565159195,0.2548113933795227,0.44245142002989535,0.4850467289719626,95.0,100.0,4770,3605,1265,27,4,0,0.005660377358490566,0.0011095700416088765,0.0,0.75,0.4,0.5,0.7000000000000001,60.0,95.0,85.0,0.75,0.4,0.5,0.7000000000000001,60.0,95.0,85.0,5018,5013,5,5018,9.964129135113591E-4,0.3060802106650117,0.5,0.6121604213300234,1241,0.24755635348094954,1.0,1
"iteration_5","SCOPE_DATA_COLLECTION",800,55,3370.0,3430.0,1,5193,3365,1082,5218,3417,1017,5196,3345,1070,5,14,12,9.613535858488752E-4,0.004167907115212861,0.011090573012939002,0.3103335988929926,0.7067962853590013,1.2409295347738794,0.6206671977859852,0.7067962853590013,0.8272863565159195,0.2548113933795227,0.44245142002989535,0.4850467289719626,95.0,100.0,4770,3605,1265,27,4,0,0.005660377358490566,0.0011095700416088765,0.0,0.75,0.4,0.5,0.7000000000000001,60.0,95.0,85.0,0.75,0.4,0.5,0.7000000000000001,60.0,95.0,85.0,3393,3384,9,3393,0.002652519893899204,0.7002639337217089,1.0,0.7002639337217089,1512,0.44680851063829785,1.0,1
"iteration_5","SCOPE_DATA_COLLECTION",800,55,3370.0,3430.0,2,5193,3365,1082,5218,3417,1017,5196,3345,1070,5,14,12,9.613535858488752E-4,0.004167907115212861,0.011090573012939002,0.3103335988929926,0.7067962853590013,1.2409295347738794,0.6206671977859852,0.7067962853590013,0.8272863565159195,0.2548113933795227,0.44245142002989535,0.4850467289719626,95.0,100.0,4770,3605,1265,27,4,0,0.005660377358490566,0.0011095700416088765,0.0,0.75,0.4,0.5,0.7000000000000001,60.0,95.0,85.0,0.75,0.4,0.5,0.7000000000000001,60.0,95.0,85.0,1005,994,11,1005,0.010945273631840797,1.2566022229789908,1.5,0.8377348153193273,496,0.49899396378269617,1.0,1
"iteration_5","SCOPE_DATA_COLLECTION",800,56,3430.0,3490.0,0,5018,3393,1005,5193,3365,1082,5028,3380,1003,5,9,11,9.934432743890324E-4,0.0026556506344054295,0.010848126232741617,0.30707417329704423,0.7010059238888289,1.2647583744961437,0.6141483465940885,0.7010059238888289,0.8431722496640958,0.24920445505171043,0.44763313609467453,0.5034895314057827,95.0,100.0,4660,3633,1123,22,3,0,0.004721030042918455,8.257638315441783E-4,0.0,0.75,0.4,0.5,0.7000000000000001,60.0,95.0,85.0,0.8500000000000001,0.4,0.4,0.8,60.0,95.0,95.0,4975,4970,5,4975,0.0010050251256281408,0.317925075533545,0.5,0.63585015106709,1334,0.26841046277666,1.0,1
"iteration_5","SCOPE_DATA_COLLECTION",800,56,3430.0,3490.0,1,5018,3393,1005,5193,3365,1082,5028,3380,1003,5,9,11,9.934432743890324E-4,0.0026556506344054295,0.010848126232741617,0.30707417329704423,0.7010059238888289,1.2647583744961437,0.6141483465940885,0.7010059238888289,0.8431722496640958,0.24920445505171043,0.44763313609467453,0.5034895314057827,95.0,100.0,4660,3633,1123,22,3,0,0.004721030042918455,8.257638315441783E-4,0.0,0.75,0.4,0.5,0.7000000000000001,60.0,95.0,85.0,0.8500000000000001,0.4,0.4,0.8,60.0,95.0,95.0,3414,3398,16,3414,0.0046865846514352666,0.6985597250211393,1.0,0.6985597250211393,1527,0.44938198940553264,1.0,1
"iteration_5","SCOPE_DATA_COLLECTION",800,56,3430.0,3490.0,2,5018,3393,1005,5193,3365,1082,5028,3380,1003,5,9,11,9.934432743890324E-4,0.0026556506344054295,0.010848126232741617,0.30707417329704423,0.7010059238888289,1.2647583744961437,0.6141483465940885,0.7010059238888289,0.8431722496640958,0.24920445505171043,0.44763313609467453,0.5034895314057827,95.0,100.0,4660,3633,1123,22,3,0,0.004721030042918455,8.257638315441783E-4,0.0,0.75,0.4,0.5,0.7000000000000001,60.0,95.0,85.0,0.8500000000000001,0.4,0.4,0.8,60.0,95.0,95.0,1039,1031,8,1039,0.007699711260827719,1.2360762117861186,1.5,0.8240508078574124,500,0.48496605237633367,1.0,1
"iteration_5","SCOPE_DATA_COLLECTION",800,57,3490.0,3550.0,0,4975,3414,1039,5018,3393,1005,4969,3404,1027,5,16,8,0.0010052271813429834,0.004678362573099415,0.007729468599033816,0.3177468539591389,0.6987514370648067,1.2303296756408342,0.6354937079182778,0.6987514370648067,0.8202197837605562,0.2680619843026766,0.4488836662749706,0.4819863680623174,92.5,100.0,4722,4004,702,25,4,0,0.0052943667937314694,9.99000999000999E-4,0.0,0.8500000000000001,0.4,0.4,0.8,60.0,95.0,95.0,0.6000000000000001,0.4,0.5,0.8,90.0,50.0,25.0,5089,5081,8,5089,0.0015720180782078995,0.3106272588108877,0.5,0.6212545176217754,1292,0.25428065341468215,1.0,1
"iteration_5","SCOPE_DATA_COLLECTION",800,57,3490.0,3550.0,1,4975,3414,1039,5018,3393,1005,4969,3404,1027,5,16,8,0.0010052271813429834,0.004678362573099415,0.007729468599033816,0.3177468539591389,0.6987514370648067,1.2303296756408342,0.6354937079182778,0.6987514370648067,0.8202197837605562,0.2680619843026766,0.4488836662749706,0.4819863680623174,92.5,100.0,4722,4004,702,25,4,0,0.0052943667937314694,9.99000999000999E-4,0.0,0.8500000000000001,0.4,0.4,0.8,60.0,95.0,95.0,0.6000000000000001,0.4,0.5,0.8,90.0,50.0,25.0,3436,3420,16,3436,0.004656577415599534,0.6996343262857967,1.0,0.6996343262857967,1512,0.4421052631578947,1.0,1
"iteration_5","SCOPE_DATA_COLLECTION",800,57,3490.0,3550.0,2,4975,3414,1039,5018,3393,1005,4969,3404,1027,5,16,8,0.0010052271813429834,0.004678362573099415,0.007729468599033816,0.3177468539591389,0.6987514370648067,1.2303296756408342,0.6354937079182778,0.6987514370648067,0.8202197837605562,0.2680619843026766,0.4488836662749706,0.4819863680623174,92.5,100.0,4722,4004,702,25,4,0,0.0052943667937314694,9.99000999000999E-4,0.0,0.8500000000000001,0.4,0.4,0.8,60.0,95.0,95.0,0.6000000000000001,0.4,0.5,0.8,90.0,50.0,25.0,1039,1033,6,1039,0.005774783445620789,1.286628307194223,1.5,0.8577522047961487,525,0.5082284607938045,1.0,1
"iteration_5","SCOPE_DATA_COLLECTION",800,58,3550.0,3619.528618289827,0,5089,3436,1039,4975,3414,1039,5060,3412,1031,8,16,6,0.0015785319652722968,0.004667444574095682,0.0057859209257473485,0.31006569592356376,0.6998764168166429,1.2865227190424902,0.6201313918471275,0.6998764168166429,0.8576818126949934,0.2535573122529644,0.44314185228604924,0.5082444228903976,95.0,100.0,4749,2829,1986,30,0,0,0.006317119393556538,0.0,0.0,0.6000000000000001,0.4,0.5,0.8,90.0,50.0,25.0,0.35000000000000003,0.1,0.2,0.7000000000000001,55.0,45.0,50.0,4194,4160,4,4164,9.606147934678194E-4,0.2951208358287688,0.5,0.5902416716575376,759,0.18245192307692307,0.9928469241773963,0
"iteration_5","SCOPE_DATA_COLLECTION",800,58,3550.0,3619.528618289827,1,5089,3436,1039,4975,3414,1039,5060,3412,1031,8,16,6,0.0015785319652722968,0.004667444574095682,0.0057859209257473485,0.31006569592356376,0.6998764168166429,1.2865227190424902,0.6201313918471275,0.6998764168166429,0.8576818126949934,0.2535573122529644,0.44314185228604924,0.5082444228903976,95.0,100.0,4749,2829,1986,30,0,0,0.006317119393556538,0.0,0.0,0.6000000000000001,0.4,0.5,0.8,90.0,50.0,25.0,0.35000000000000003,0.1,0.2,0.7000000000000001,55.0,45.0,50.0,2775,2733,5,2738,0.0018261504747991235,0.6941285329840433,1.0,0.6941285329840433,1248,0.4566410537870472,0.9866666666666667,0
"iteration_5","SCOPE_DATA_COLLECTION",800,58,3550.0,3619.528618289827,2,5089,3436,1039,4975,3414,1039,5060,3412,1031,8,16,6,0.0015785319652722968,0.004667444574095682,0.0057859209257473485,0.31006569592356376,0.6998764168166429,1.2865227190424902,0.6201313918471275,0.6998764168166429,0.8576818126949934,0.2535573122529644,0.44314185228604924,0.5082444228903976,95.0,100.0,4749,2829,1986,30,0,0,0.006317119393556538,0.0,0.0,0.6000000000000001,0.4,0.5,0.8,90.0,50.0,25.0,0.35000000000000003,0.1,0.2,0.7000000000000001,55.0,45.0,50.0,818,795,2,797,0.002509410288582183,1.2460407267166191,1.5,0.8306938178110794,405,0.5094339622641509,0.9743276283618582,0
"iteration_5","SCOPE_DATA_COLLECTION",900,0,70.0,130.0,0,4743,3467,1240,0,0,0,4716,3416,1210,4,9,11,8.47457627118644E-4,0.002627737226277372,0.009009009009009009,0.31081459086694535,0.6808166081597726,1.175655144376871,0.6216291817338907,0.6808166081597726,0.7837700962512474,0.2644189991518236,0.4162763466042155,0.4512396694214876,97.5,100.0,4396,3049,2005,22,2,0,0.005004549590536852,6.559527714004591E-4,0.0,0.6,0.5,0.7,0.4,85.0,80.0,90.0,0.5,0.6000000000000001,0.8,0.4,75.0,80.0,95.0,5293,5267,26,5293,0.0049121481201587006,0.3103725343524386,0.5,0.6207450687048772,1424,0.2703626352762483,1.0,1
"iteration_5","SCOPE_DATA_COLLECTION",900,0,70.0,130.0,1,4743,3467,1240,0,0,0,4716,3416,1210,4,9,11,8.47457627118644E-4,0.002627737226277372,0.009009009009009009,0.31081459086694535,0.6808166081597726,1.175655144376871,0.6216291817338907,0.6808166081597726,0.7837700962512474,0.2644189991518236,0.4162763466042155,0.4512396694214876,97.5,100.0,4396,3049,2005,22,2,0,0.005004549590536852,6.559527714004591E-4,0.0,0.6,0.5,0.7,0.4,85.0,80.0,90.0,0.5,0.6000000000000001,0.8,0.4,75.0,80.0,95.0,3739,3708,31,3739,0.008290986894891682,0.6863318250607576,1.0,0.6863318250607576,1569,0.4231391585760518,1.0,1
"iteration_5","SCOPE_DATA_COLLECTION",900,0,70.0,130.0,2,4743,3467,1240,0,0,0,4716,3416,1210,4,9,11,8.47457627118644E-4,0.002627737226277372,0.009009009009009009,0.31081459086694535,0.6808166081597726,1.175655144376871,0.6216291817338907,0.6808166081597726,0.7837700962512474,0.2644189991518236,0.4162763466042155,0.4512396694214876,97.5,100.0,4396,3049,2005,22,2,0,0.005004549590536852,6.559527714004591E-4,0.0,0.6,0.5,0.7,0.4,85.0,80.0,90.0,0.5,0.6000000000000001,0.8,0.4,75.0,80.0,95.0,1336,1315,21,1336,0.015718562874251496,1.1576694767012208,1.5,0.7717796511341471,579,0.4403041825095057,1.0,1
"iteration_5","SCOPE_DATA_COLLECTION",900,1,130.0,190.0,0,5293,3739,1336,4743,3467,1240,5270,3707,1309,26,31,21,0.004909365558912387,0.008293204922418406,0.015789473684210527,0.31082419863025873,0.6851570679932825,1.1538637910397764,0.6216483972605175,0.6851570679932825,0.769242527359851,0.2713472485768501,0.4235230644726194,0.4377387318563789,97.5,100.0,4640,2820,2908,33,2,43,0.007112068965517242,7.092198581560284E-4,0.014786795048143054,0.5,0.6000000000000001,0.8,0.4,75.0,80.0,95.0,0.6000000000000001,0.6000000000000001,0.9,0.5,65.0,80.0,85.0,5035,5028,7,5035,0.0013902681231380337,0.3039548399353123,0.5,0.6079096798706246,1337,0.26591089896579156,1.0,1
"iteration_5","SCOPE_DATA_COLLECTION",900,1,130.0,190.0,1,5293,3739,1336,4743,3467,1240,5270,3707,1309,26,31,21,0.004909365558912387,0.008293204922418406,0.015789473684210527,0.31082419863025873,0.6851570679932825,1.1538637910397764,0.6216483972605175,0.6851570679932825,0.769242527359851,0.2713472485768501,0.4235230644726194,0.4377387318563789,97.5,100.0,4640,2820,2908,33,2,43,0.007112068965517242,7.092198581560284E-4,0.014786795048143054,0.5,0.6000000000000001,0.8,0.4,75.0,80.0,95.0,0.6000000000000001,0.6000000000000001,0.9,0.5,65.0,80.0,85.0,3803,3788,15,3803,0.003944254535892716,0.6920045485935352,1.0,0.6920045485935352,1601,0.4226504751847941,1.0,1
"iteration_5","SCOPE_DATA_COLLECTION",900,1,130.0,190.0,2,5293,3739,1336,4743,3467,1240,5270,3707,1309,26,31,21,0.004909365558912387,0.008293204922418406,0.015789473684210527,0.31082419863025873,0.6851570679932825,1.1538637910397764,0.6216483972605175,0.6851570679932825,0.769242527359851,0.2713472485768501,0.4235230644726194,0.4377387318563789,97.5,100.0,4640,2820,2908,33,2,43,0.007112068965517242,7.092198581560284E-4,0.014786795048143054,0.5,0.6000000000000001,0.8,0.4,75.0,80.0,95.0,0.6000000000000001,0.6000000000000001,0.9,0.5,65.0,80.0,85.0,1329,1304,25,1329,0.018811136192626036,1.1623991458437752,1.5,0.7749327638958502,580,0.4447852760736196,1.0,1
"iteration_5","SCOPE_DATA_COLLECTION",900,2,190.0,250.0,0,5035,3803,1329,5293,3739,1336,5026,3798,1302,7,15,25,0.0013908205841446453,0.003933910306845004,0.018839487565938208,0.30341810685196763,0.6944556648745825,1.1608287754311535,0.6068362137039353,0.6944556648745825,0.7738858502874356,0.2648229208117788,0.4239073196419168,0.4447004608294931,100.0,100.0,4574,3358,2235,44,3,0,0.009619588981198076,8.933889219773674E-4,0.0,0.6000000000000001,0.6000000000000001,0.9,0.5,65.0,80.0,85.0,0.5,0.7000000000000001,0.8,0.6000000000000001,55.0,90.0,85.0,5242,5224,18,5242,0.0034338038916444107,0.3245556517135024,0.5,0.6491113034270048,1508,0.2886676875957121,1.0,1
"iteration_5","SCOPE_DATA_COLLECTION",900,2,190.0,250.0,1,5035,3803,1329,5293,3739,1336,5026,3798,1302,7,15,25,0.0013908205841446453,0.003933910306845004,0.018839487565938208,0.30341810685196763,0.6944556648745825,1.1608287754311535,0.6068362137039353,0.6944556648745825,0.7738858502874356,0.2648229208117788,0.4239073196419168,0.4447004608294931,100.0,100.0,4574,3358,2235,44,3,0,0.009619588981198076,8.933889219773674E-4,0.0,0.6000000000000001,0.6000000000000001,0.9,0.5,65.0,80.0,85.0,0.5,0.7000000000000001,0.8,0.6000000000000001,55.0,90.0,85.0,3668,3646,22,3668,0.0059978189749182115,0.6629155289246703,1.0,0.6629155289246703,1438,0.39440482720789904,1.0,1
"iteration_5","SCOPE_DATA_COLLECTION",900,2,190.0,250.0,2,5035,3803,1329,5293,3739,1336,5026,3798,1302,7,15,25,0.0013908205841446453,0.003933910306845004,0.018839487565938208,0.30341810685196763,0.6944556648745825,1.1608287754311535,0.6068362137039353,0.6944556648745825,0.7738858502874356,0.2648229208117788,0.4239073196419168,0.4447004608294931,100.0,100.0,4574,3358,2235,44,3,0,0.009619588981198076,8.933889219773674E-4,0.0,0.6000000000000001,0.6000000000000001,0.9,0.5,65.0,80.0,85.0,0.5,0.7000000000000001,0.8,0.6000000000000001,55.0,90.0,85.0,1344,1328,16,1344,0.011904761904761904,1.1937173085376378,1.5,0.7958115390250918,608,0.4578313253012048,1.0,1
"iteration_5","SCOPE_DATA_COLLECTION",900,3,250.0,310.0,0,5242,3668,1344,5035,3803,1329,5212,3635,1332,18,22,16,0.0034416826003824093,0.006015859994531037,0.011869436201780416,0.3231271786418033,0.6606549609578174,1.196697701644721,0.6462543572836066,0.6606549609578174,0.7977984677631472,0.2874136607828089,0.3936726272352132,0.4594594594594595,100.0,100.0,4579,2809,2866,34,1,21,0.007425202009172308,3.55998576005696E-4,0.00732728541521284,0.5,0.7000000000000001,0.8,0.6000000000000001,55.0,90.0,85.0,0.25,0.1,0.5,0.5,40.0,95.0,85.0,5140,4574,566,5140,0.11011673151750972,0.39347866226920264,0.5,0.7869573245384053,1239,0.2708788806296458,1.0,1
"iteration_5","SCOPE_DATA_COLLECTION",900,3,250.0,310.0,1,5242,3668,1344,5035,3803,1329,5212,3635,1332,18,22,16,0.0034416826003824093,0.006015859994531037,0.011869436201780416,0.3231271786418033,0.6606549609578174,1.196697701644721,0.6462543572836066,0.6606549609578174,0.7977984677631472,0.2874136607828089,0.3936726272352132,0.4594594594594595,100.0,100.0,4579,2809,2866,34,1,21,0.007425202009172308,3.55998576005696E-4,0.00732728541521284,0.5,0.7000000000000001,0.8,0.6000000000000001,55.0,90.0,85.0,0.25,0.1,0.5,0.5,40.0,95.0,85.0,3788,3347,441,3788,0.11642027455121436,0.8292185453748024,1.0,0.8292185453748024,1646,0.4917836868837765,1.0,1
"iteration_5","SCOPE_DATA_COLLECTION",900,3,250.0,310.0,2,5242,3668,1344,5035,3803,1329,5212,3635,1332,18,22,16,0.0034416826003824093,0.006015859994531037,0.011869436201780416,0.3231271786418033,0.6606549609578174,1.196697701644721,0.6462543572836066,0.6606549609578174,0.7977984677631472,0.2874136607828089,0.3936726272352132,0.4594594594594595,100.0,100.0,4579,2809,2866,34,1,21,0.007425202009172308,3.55998576005696E-4,0.00732728541521284,0.5,0.7000000000000001,0.8,0.6000000000000001,55.0,90.0,85.0,0.25,0.1,0.5,0.5,40.0,95.0,85.0,1297,1134,163,1297,0.12567463377023902,1.3918559561897683,1.5,0.9279039707931789,618,0.544973544973545,1.0,1
"iteration_5","SCOPE_DATA_COLLECTION",900,4,310.0,370.0,0,5140,3788,1297,5242,3668,1344,4580,3339,1138,566,441,163,0.10998834045860863,0.11666666666666667,0.12528823981552653,0.39426021274699335,0.8298702706644286,1.3934523518478497,0.7885204254939867,0.8298702706644286,0.9289682345652331,0.2718340611353712,0.4917640011979635,0.5456942003514939,100.0,100.0,4695,1349,4181,33,0,1137,0.007028753993610224,0.0,0.271944510882564,0.25,0.1,0.5,0.5,40.0,95.0,85.0,0.15000000000000002,0.1,0.5,0.4,40.0,95.0,95.0,5171,4080,1091,5171,0.2109843357184297,0.4284801940449938,0.5,0.8569603880899876,1332,0.3264705882352941,1.0,1
"iteration_5","SCOPE_DATA_COLLECTION",900,4,310.0,370.0,1,5140,3788,1297,5242,3668,1344,4580,3339,1138,566,441,163,0.10998834045860863,0.11666666666666667,0.12528823981552653,0.39426021274699335,0.8298702706644286,1.3934523518478497,0.7885204254939867,0.8298702706644286,0.9289682345652331,0.2718340611353712,0.4917640011979635,0.5456942003514939,100.0,100.0,4695,1349,4181,33,0,1137,0.007028753993610224,0.0,0.271944510882564,0.25,0.1,0.5,0.5,40.0,95.0,85.0,0.15000000000000002,0.1,0.5,0.4,40.0,95.0,95.0,3636,2842,794,3636,0.21837183718371836,0.9138046996655652,1.0,0.9138046996655652,1611,0.5668543279380718,1.0,1
"iteration_5","SCOPE_DATA_COLLECTION",900,4,310.0,370.0,2,5140,3788,1297,5242,3668,1344,4580,3339,1138,566,441,163,0.10998834045860863,0.11666666666666667,0.12528823981552653,0.39426021274699335,0.8298702706644286,1.3934523518478497,0.7885204254939867,0.8298702706644286,0.9289682345652331,0.2718340611353712,0.4917640011979635,0.5456942003514939,100.0,100.0,4695,1349,4181,33,0,1137,0.007028753993610224,0.0,0.271944510882564,0.25,0.1,0.5,0.5,40.0,95.0,85.0,0.15000000000000002,0.1,0.5,0.4,40.0,95.0,95.0,1338,982,356,1338,0.26606875934230195,1.5458541430928796,1.5,1.0305694287285865,620,0.6313645621181263,1.0,1
"iteration_5","SCOPE_DATA_COLLECTION",900,5,370.0,430.0,0,5171,3636,1338,5140,3788,1297,4085,2863,981,1067,772,339,0.20710403726708074,0.21237964236588722,0.25681818181818183,0.4289060836951,0.9137094265902305,1.5445188519786466,0.8578121673902,0.9137094265902305,1.029679234652431,0.32753977968176257,0.5658400279427175,0.6299694189602446,97.5,100.0,4752,795,4598,12,2,2164,0.0025252525252525255,0.0025157232704402514,0.4706394084384515,0.15000000000000002,0.1,0.5,0.4,40.0,95.0,95.0,0.05,0.1,0.4,0.5,40.0,85.0,95.0,5067,3412,1655,5067,0.32662324847049534,0.5039826368276995,0.5,1.007965273655399,1144,0.33528722157092616,1.0,1
"iteration_5","SCOPE_DATA_COLLECTION",900,5,370.0,430.0,1,5171,3636,1338,5140,3788,1297,4085,2863,981,1067,772,339,0.20710403726708074,0.21237964236588722,0.25681818181818183,0.4289060836951,0.9137094265902305,1.5445188519786466,0.8578121673902,0.9137094265902305,1.029679234652431,0.32753977968176257,0.5658400279427175,0.6299694189602446,97.5,100.0,4752,795,4598,12,2,2164,0.0025252525252525255,0.0025157232704402514,0.4706394084384515,0.15000000000000002,0.1,0.5,0.4,40.0,95.0,95.0,0.05,0.1,0.4,0.5,40.0,85.0,95.0,3683,2468,1215,3683,0.3298941080640782,1.0339910050160972,1.0,1.0339910050160972,1583,0.6414100486223663,1.0,1
"iteration_5","SCOPE_DATA_COLLECTION",900,5,370.0,430.0,2,5171,3636,1338,5140,3788,1297,4085,2863,981,1067,772,339,0.20710403726708074,0.21237964236588722,0.25681818181818183,0.4289060836951,0.9137094265902305,1.5445188519786466,0.8578121673902,0.9137094265902305,1.029679234652431,0.32753977968176257,0.5658400279427175,0.6299694189602446,97.5,100.0,4752,795,4598,12,2,2164,0.0025252525252525255,0.0025157232704402514,0.4706394084384515,0.15000000000000002,0.1,0.5,0.4,40.0,95.0,95.0,0.05,0.1,0.4,0.5,40.0,85.0,95.0,1321,828,493,1321,0.3732021196063588,1.7468398924539368,1.5,1.1645599283026244,589,0.711352657004831,1.0,1
"iteration_5","SCOPE_DATA_COLLECTION",900,6,430.0,490.0,0,5067,3683,1321,5171,3636,1338,3372,2443,813,1679,1237,510,0.3324094238764601,0.3361413043478261,0.3854875283446712,0.4383863198598193,0.9838320974227187,1.682824064848352,0.8767726397196386,0.9838320974227187,1.1218827098989013,0.32710557532621587,0.6385591485878018,0.7047970479704797,100.0,100.0,4712,244,5115,16,0,3410,0.003395585738539898,0.0,0.6666666666666666,0.05,0.1,0.4,0.5,40.0,85.0,95.0,0.55,0.4,0.5,0.9,40.0,30.0,90.0,5135,5117,18,5135,0.003505355404089581,0.31035759423519765,0.5,0.6207151884703953,1345,0.26284932577682235,1.0,1
"iteration_5","SCOPE_DATA_COLLECTION",900,6,430.0,490.0,1,5067,3683,1321,5171,3636,1338,3372,2443,813,1679,1237,510,0.3324094238764601,0.3361413043478261,0.3854875283446712,0.4383863198598193,0.9838320974227187,1.682824064848352,0.8767726397196386,0.9838320974227187,1.1218827098989013,0.32710557532621587,0.6385591485878018,0.7047970479704797,100.0,100.0,4712,244,5115,16,0,3410,0.003395585738539898,0.0,0.6666666666666666,0.05,0.1,0.4,0.5,40.0,85.0,95.0,0.55,0.4,0.5,0.9,40.0,30.0,90.0,3684,3658,26,3684,0.007057546145494028,0.6938903467041574,1.0,0.6938903467041574,1567,0.42837616183706945,1.0,1
"iteration_5","SCOPE_DATA_COLLECTION",900,6,430.0,490.0,2,5067,3683,1321,5171,3636,1338,3372,2443,813,1679,1237,510,0.3324094238764601,0.3361413043478261,0.3854875283446712,0.4383863198598193,0.9838320974227187,1.682824064848352,0.8767726397196386,0.9838320974227187,1.1218827098989013,0.32710557532621587,0.6385591485878018,0.7047970479704797,100.0,100.0,4712,244,5115,16,0,3410,0.003395585738539898,0.0,0.6666666666666666,0.05,0.1,0.4,0.5,40.0,85.0,95.0,0.55,0.4,0.5,0.9,40.0,30.0,90.0,1286,1264,22,1286,0.017107309486780714,1.15855255436525,1.5,0.7723683695768333,553,0.4375,1.0,1
"iteration_5","SCOPE_DATA_COLLECTION",900,7,490.0,550.0,0,5135,3684,1286,5067,3683,1321,5149,3665,1277,18,26,22,0.0034836462163731373,0.007044161473855324,0.016936104695919937,0.3542092772559726,0.7285968704996708,1.2053254564602414,0.7084185545119452,0.7285968704996708,0.8035503043068276,0.2684016313847349,0.4316507503410641,0.4447924823805795,90.0,100.0,4676,3020,2409,36,6,24,0.007698887938408896,0.001986754966887417,0.009962640099626401,0.55,0.4,0.5,0.9,40.0,30.0,90.0,0.55,0.4,0.5,0.9,40.0,30.0,90.0,5153,5144,9,5153,0.0017465554046186688,0.3077688404912099,0.5,0.6155376809824198,1379,0.2680793157076205,1.0,1
"iteration_5","SCOPE_DATA_COLLECTION",900,7,490.0,550.0,1,5135,3684,1286,5067,3683,1321,5149,3665,1277,18,26,22,0.0034836462163731373,0.007044161473855324,0.016936104695919937,0.3542092772559726,0.7285968704996708,1.2053254564602414,0.7084185545119452,0.7285968704996708,0.8035503043068276,0.2684016313847349,0.4316507503410641,0.4447924823805795,90.0,100.0,4676,3020,2409,36,6,24,0.007698887938408896,0.001986754966887417,0.009962640099626401,0.55,0.4,0.5,0.9,40.0,30.0,90.0,0.55,0.4,0.5,0.9,40.0,30.0,90.0,3741,3720,21,3741,0.0056134723336006415,0.6963519783784775,1.0,0.6963519783784775,1602,0.4306451612903226,1.0,1
"iteration_5","SCOPE_DATA_COLLECTION",900,7,490.0,550.0,2,5135,3684,1286,5067,3683,1321,5149,3665,1277,18,26,22,0.0034836462163731373,0.007044161473855324,0.016936104695919937,0.3542092772559726,0.7285968704996708,1.2053254564602414,0.7084185545119452,0.7285968704996708,0.8035503043068276,0.2684016313847349,0.4316507503410641,0.4447924823805795,90.0,100.0,4676,3020,2409,36,6,24,0.007698887938408896,0.001986754966887417,0.009962640099626401,0.55,0.4,0.5,0.9,40.0,30.0,90.0,0.55,0.4,0.5,0.9,40.0,30.0,90.0,1317,1288,29,1317,0.02201974183750949,1.1746954069239026,1.5,0.7831302712826017,572,0.4440993788819876,1.0,1
"iteration_5","SCOPE_DATA_COLLECTION",900,8,550.0,610.0,0,5153,3741,1317,5135,3684,1286,5160,3725,1284,8,21,29,0.0015479876160990713,0.005605979711692472,0.022086824067022087,0.30820069775036296,0.6952410002335958,1.1709230992867952,0.6164013955007259,0.6952410002335958,0.7806153995245301,0.2682170542635659,0.43006711409395976,0.4431464174454829,100.0,100.0,4703,3073,2435,58,0,0,0.012332553689134594,0.0,0.0,0.55,0.4,0.5,0.9,40.0,30.0,90.0,0.9,0.1,0.4,0.30000000000000004,65.0,20.0,60.0,5103,5096,7,5103,0.0013717421124828531,0.28766010534605574,0.5,0.5753202106921115,1047,0.2054552590266876,1.0,1
"iteration_5","SCOPE_DATA_COLLECTION",900,8,550.0,610.0,1,5153,3741,1317,5135,3684,1286,5160,3725,1284,8,21,29,0.0015479876160990713,0.005605979711692472,0.022086824067022087,0.30820069775036296,0.6952410002335958,1.1709230992867952,0.6164013955007259,0.6952410002335958,0.7806153995245301,0.2682170542635659,0.43006711409395976,0.4431464174454829,100.0,100.0,4703,3073,2435,58,0,0,0.012332553689134594,0.0,0.0,0.55,0.4,0.5,0.9,40.0,30.0,90.0,0.9,0.1,0.4,0.30000000000000004,65.0,20.0,60.0,3698,3680,18,3698,0.0048674959437533805,0.6854956829749564,1.0,0.6854956829749564,1556,0.42282608695652174,1.0,1
"iteration_5","SCOPE_DATA_COLLECTION",900,8,550.0,610.0,2,5153,3741,1317,5135,3684,1286,5160,3725,1284,8,21,29,0.0015479876160990713,0.005605979711692472,0.022086824067022087,0.30820069775036296,0.6952410002335958,1.1709230992867952,0.6164013955007259,0.6952410002335958,0.7806153995245301,0.2682170542635659,0.43006711409395976,0.4431464174454829,100.0,100.0,4703,3073,2435,58,0,0,0.012332553689134594,0.0,0.0,0.55,0.4,0.5,0.9,40.0,30.0,90.0,0.9,0.1,0.4,0.30000000000000004,65.0,20.0,60.0,1285,1276,9,1285,0.007003891050583658,1.2104034684331517,1.5,0.8069356456221012,605,0.47413793103448276,1.0,1
"iteration_5","SCOPE_DATA_COLLECTION",900,9,610.0,670.0,0,5103,3698,1285,5153,3741,1317,5091,3681,1281,8,18,9,0.0015689350853108452,0.004866180048661801,0.0069767441860465115,0.2882031580705001,0.6887221110329653,1.2185031544915474,0.5764063161410002,0.6887221110329653,0.8123354363276983,0.20585346690237674,0.42379788101059496,0.477751756440281,97.5,100.0,4680,4877,529,31,4,0,0.006623931623931624,8.201763379126512E-4,0.0,0.9,0.1,0.4,0.30000000000000004,65.0,20.0,60.0,0.8,0.1,0.4,0.2,55.0,20.0,50.0,5126,5122,4,5126,7.803355442840422E-4,0.2855802771285711,0.5,0.5711605542571422,1030,0.2010933229207341,1.0,1
"iteration_5","SCOPE_DATA_COLLECTION",900,9,610.0,670.0,1,5103,3698,1285,5153,3741,1317,5091,3681,1281,8,18,9,0.0015689350853108452,0.004866180048661801,0.0069767441860465115,0.2882031580705001,0.6887221110329653,1.2185031544915474,0.5764063161410002,0.6887221110329653,0.8123354363276983,0.20585346690237674,0.42379788101059496,0.477751756440281,97.5,100.0,4680,4877,529,31,4,0,0.006623931623931624,8.201763379126512E-4,0.0,0.9,0.1,0.4,0.30000000000000004,65.0,20.0,60.0,0.8,0.1,0.4,0.2,55.0,20.0,50.0,3742,3738,4,3742,0.0010689470871191875,0.6791021597871932,1.0,0.6791021597871932,1611,0.43097913322632425,1.0,1
"iteration_5","SCOPE_DATA_COLLECTION",900,9,610.0,670.0,2,5103,3698,1285,5153,3741,1317,5091,3681,1281,8,18,9,0.0015689350853108452,0.004866180048661801,0.0069767441860465115,0.2882031580705001,0.6887221110329653,1.2185031544915474,0.5764063161410002,0.6887221110329653,0.8123354363276983,0.20585346690237674,0.42379788101059496,0.477751756440281,97.5,100.0,4680,4877,529,31,4,0,0.006623931623931624,8.201763379126512E-4,0.0,0.9,0.1,0.4,0.30000000000000004,65.0,20.0,60.0,0.8,0.1,0.4,0.2,55.0,20.0,50.0,1335,1329,6,1335,0.0044943820224719105,1.1609116244907902,1.5,0.7739410829938601,600,0.45146726862302483,1.0,1
"iteration_5","SCOPE_DATA_COLLECTION",900,10,670.0,730.0,0,5126,3742,1335,5103,3698,1285,5117,3735,1332,4,4,6,7.810974419058778E-4,0.0010698047606311847,0.004484304932735426,0.28494037958793317,0.6782265360681135,1.1593735189025902,0.5698807591758663,0.6782265360681135,0.7729156792683934,0.1997264021887825,0.43052208835341366,0.4496996996996997,100.0,100.0,4723,4390,1090,13,1,0,0.0027524878255346177,2.2779043280182233E-4,0.0,0.8,0.1,0.4,0.2,55.0,20.0,50.0,0.55,0.1,0.6000000000000001,0.9,50.0,60.0,35.0,5126,5124,2,5126,3.901677721420211E-4,0.275662870078993,0.5,0.551325740157986,930,0.18149882903981265,1.0,1
"iteration_5","SCOPE_DATA_COLLECTION",900,10,670.0,730.0,1,5126,3742,1335,5103,3698,1285,5117,3735,1332,4,4,6,7.810974419058778E-4,0.0010698047606311847,0.004484304932735426,0.28494037958793317,0.6782265360681135,1.1593735189025902,0.5698807591758663,0.6782265360681135,0.7729156792683934,0.1997264021887825,0.43052208835341366,0.4496996996996997,100.0,100.0,4723,4390,1090,13,1,0,0.0027524878255346177,2.2779043280182233E-4,0.0,0.8,0.1,0.4,0.2,55.0,20.0,50.0,0.55,0.1,0.6000000000000001,0.9,50.0,60.0,35.0,3665,3655,10,3665,0.002728512960436562,0.6781749379242066,1.0,0.6781749379242066,1561,0.4270861833105335,1.0,1
"iteration_5","SCOPE_DATA_COLLECTION",900,10,670.0,730.0,2,5126,3742,1335,5103,3698,1285,5117,3735,1332,4,4,6,7.810974419058778E-4,0.0010698047606311847,0.004484304932735426,0.28494037958793317,0.6782265360681135,1.1593735189025902,0.5698807591758663,0.6782265360681135,0.7729156792683934,0.1997264021887825,0.43052208835341366,0.4496996996996997,100.0,100.0,4723,4390,1090,13,1,0,0.0027524878255346177,2.2779043280182233E-4,0.0,0.8,0.1,0.4,0.2,55.0,20.0,50.0,0.55,0.1,0.6000000000000001,0.9,50.0,60.0,35.0,1361,1348,13,1361,0.009551800146950772,1.1742014184813128,1.5,0.7828009456542085,612,0.4540059347181009,1.0,1
"iteration_5","SCOPE_DATA_COLLECTION",900,11,730.0,790.0,0,5126,3665,1361,5126,3742,1335,5132,3662,1336,2,10,13,3.8955979742890534E-4,0.0027233115468409588,0.009636767976278725,0.27659212696289137,0.6785221324525157,1.1658795209011994,0.5531842539257827,0.6785221324525157,0.7772530139341329,0.18355416991426343,0.4287274713271436,0.4505988023952096,100.0,100.0,4651,3031,2470,23,2,0,0.004945173081057837,6.598482349059716E-4,0.0,0.55,0.1,0.6000000000000001,0.9,50.0,60.0,35.0,0.55,0.2,0.6000000000000001,0.8,40.0,60.0,45.0,5317,5306,11,5317,0.0020688358096671057,0.28737410816736253,0.5,0.5747482163347251,1149,0.21654730493780625,1.0,1
"iteration_5","SCOPE_DATA_COLLECTION",900,11,730.0,790.0,1,5126,3665,1361,5126,3742,1335,5132,3662,1336,2,10,13,3.8955979742890534E-4,0.0027233115468409588,0.009636767976278725,0.27659212696289137,0.6785221324525157,1.1658795209011994,0.5531842539257827,0.6785221324525157,0.7772530139341329,0.18355416991426343,0.4287274713271436,0.4505988023952096,100.0,100.0,4651,3031,2470,23,2,0,0.004945173081057837,6.598482349059716E-4,0.0,0.55,0.1,0.6000000000000001,0.9,50.0,60.0,35.0,0.55,0.2,0.6000000000000001,0.8,40.0,60.0,45.0,3738,3722,16,3738,0.004280363830925628,0.6863659205673839,1.0,0.6863659205673839,1572,0.42235357334766255,1.0,1
"iteration_5","SCOPE_DATA_COLLECTION",900,11,730.0,790.0,2,5126,3665,1361,5126,3742,1335,5132,3662,1336,2,10,13,3.8955979742890534E-4,0.0027233115468409588,0.009636767976278725,0.27659212696289137,0.6785221324525157,1.1658795209011994,0.5531842539257827,0.6785221324525157,0.7772530139341329,0.18355416991426343,0.4287274713271436,0.4505988023952096,100.0,100.0,4651,3031,2470,23,2,0,0.004945173081057837,6.598482349059716E-4,0.0,0.55,0.1,0.6000000000000001,0.9,50.0,60.0,35.0,0.55,0.2,0.6000000000000001,0.8,40.0,60.0,45.0,1318,1301,17,1318,0.012898330804248861,1.2190453557322658,1.5,0.8126969038215105,608,0.46733282090699463,1.0,1
"iteration_5","SCOPE_DATA_COLLECTION",900,12,790.0,850.0,0,5317,3738,1318,5126,3665,1361,5294,3713,1312,11,16,16,0.0020735155513666352,0.004290694556181282,0.012048192771084338,0.28631506170213544,0.6851307985286345,1.2250648464551608,0.5726301234042709,0.6851307985286345,0.8167098976367738,0.21477143936531923,0.4198761109614867,0.47103658536585363,100.0,100.0,4722,3118,2533,39,4,0,0.008259212198221092,0.0012828736369467607,0.0,0.55,0.2,0.6000000000000001,0.8,40.0,60.0,45.0,0.65,0.2,0.7000000000000001,0.8,40.0,60.0,45.0,5145,5136,9,5145,0.001749271137026239,0.28373405131254775,0.5,0.5674681026250955,1072,0.2087227414330218,1.0,1
"iteration_5","SCOPE_DATA_COLLECTION",900,12,790.0,850.0,1,5317,3738,1318,5126,3665,1361,5294,3713,1312,11,16,16,0.0020735155513666352,0.004290694556181282,0.012048192771084338,0.28631506170213544,0.6851307985286345,1.2250648464551608,0.5726301234042709,0.6851307985286345,0.8167098976367738,0.21477143936531923,0.4198761109614867,0.47103658536585363,100.0,100.0,4722,3118,2533,39,4,0,0.008259212198221092,0.0012828736369467607,0.0,0.55,0.2,0.6000000000000001,0.8,40.0,60.0,45.0,0.65,0.2,0.7000000000000001,0.8,40.0,60.0,45.0,3683,3664,19,3683,0.005158837903882704,0.6897263890316995,1.0,0.6897263890316995,1530,0.4175764192139738,1.0,1
"iteration_5","SCOPE_DATA_COLLECTION",900,12,790.0,850.0,2,5317,3738,1318,5126,3665,1361,5294,3713,1312,11,16,16,0.0020735155513666352,0.004290694556181282,0.012048192771084338,0.28631506170213544,0.6851307985286345,1.2250648464551608,0.5726301234042709,0.6851307985286345,0.8167098976367738,0.21477143936531923,0.4198761109614867,0.47103658536585363,100.0,100.0,4722,3118,2533,39,4,0,0.008259212198221092,0.0012828736369467607,0.0,0.55,0.2,0.6000000000000001,0.8,40.0,60.0,45.0,0.65,0.2,0.7000000000000001,0.8,40.0,60.0,45.0,1311,1287,24,1311,0.018306636155606407,1.2150534117391165,1.5,0.8100356078260776,601,0.466977466977467,1.0,1
"iteration_5","SCOPE_DATA_COLLECTION",900,13,850.0,910.0,0,5145,3683,1311,5317,3738,1318,5149,3671,1281,9,19,25,0.0017448623497479643,0.005149051490514906,0.01914241960183767,0.2845051726243998,0.6876300072524645,1.2117718279260088,0.5690103452487996,0.6876300072524645,0.8078478852840059,0.20994367838415226,0.4181421955870335,0.4644808743169399,97.5,100.0,4656,3522,1961,45,8,0,0.009664948453608248,0.002271436683702442,0.0,0.65,0.2,0.7000000000000001,0.8,40.0,60.0,45.0,0.75,0.1,0.6000000000000001,0.9,50.0,60.0,35.0,5066,5061,5,5066,9.869719699960521E-4,0.2843149474244216,0.5,0.5686298948488432,1032,0.2039122703023118,1.0,1
"iteration_5","SCOPE_DATA_COLLECTION",900,13,850.0,910.0,1,5145,3683,1311,5317,3738,1318,5149,3671,1281,9,19,25,0.0017448623497479643,0.005149051490514906,0.01914241960183767,0.2845051726243998,0.6876300072524645,1.2117718279260088,0.5690103452487996,0.6876300072524645,0.8078478852840059,0.20994367838415226,0.4181421955870335,0.4644808743169399,97.5,100.0,4656,3522,1961,45,8,0,0.009664948453608248,0.002271436683702442,0.0,0.65,0.2,0.7000000000000001,0.8,40.0,60.0,45.0,0.75,0.1,0.6000000000000001,0.9,50.0,60.0,35.0,3677,3660,17,3677,0.004623334239869459,0.7086067047495043,1.0,0.7086067047495043,1606,0.4387978142076503,1.0,1
"iteration_5","SCOPE_DATA_COLLECTION",900,13,850.0,910.0,2,5145,3683,1311,5317,3738,1318,5149,3671,1281,9,19,25,0.0017448623497479643,0.005149051490514906,0.01914241960183767,0.2845051726243998,0.6876300072524645,1.2117718279260088,0.5690103452487996,0.6876300072524645,0.8078478852840059,0.20994367838415226,0.4181421955870335,0.4644808743169399,97.5,100.0,4656,3522,1961,45,8,0,0.009664948453608248,0.002271436683702442,0.0,0.65,0.2,0.7000000000000001,0.8,40.0,60.0,45.0,0.75,0.1,0.6000000000000001,0.9,50.0,60.0,35.0,1317,1305,12,1317,0.009111617312072893,1.1956326923567246,1.5,0.7970884615711498,600,0.45977011494252873,1.0,1
"iteration_5","SCOPE_DATA_COLLECTION",900,14,910.0,970.0,0,5066,3677,1317,5145,3683,1311,5055,3662,1304,5,17,12,9.881422924901185E-4,0.0046208208752378365,0.00911854103343465,0.28461012090867704,0.7112049902633656,1.1953278257313382,0.5692202418173541,0.7112049902633656,0.7968852171542254,0.20474777448071216,0.440196613872201,0.4593558282208589,97.5,100.0,4694,4044,1322,33,1,0,0.007030251384746485,2.472799208704253E-4,0.0,0.75,0.1,0.6000000000000001,0.9,50.0,60.0,35.0,0.55,0.4,0.2,0.9,95.0,20.0,20.0,5031,5025,6,5031,0.0011926058437686344,0.29982070306014735,0.5,0.5996414061202947,1240,0.24676616915422886,1.0,1
"iteration_5","SCOPE_DATA_COLLECTION",900,14,910.0,970.0,1,5066,3677,1317,5145,3683,1311,5055,3662,1304,5,17,12,9.881422924901185E-4,0.0046208208752378365,0.00911854103343465,0.28461012090867704,0.7112049902633656,1.1953278257313382,0.5692202418173541,0.7112049902633656,0.7968852171542254,0.20474777448071216,0.440196613872201,0.4593558282208589,97.5,100.0,4694,4044,1322,33,1,0,0.007030251384746485,2.472799208704253E-4,0.0,0.75,0.1,0.6000000000000001,0.9,50.0,60.0,35.0,0.55,0.4,0.2,0.9,95.0,20.0,20.0,3800,3790,10,3800,0.002631578947368421,0.6501345250845095,1.0,0.6501345250845095,1561,0.4118733509234829,1.0,1
"iteration_5","SCOPE_DATA_COLLECTION",900,14,910.0,970.0,2,5066,3677,1317,5145,3683,1311,5055,3662,1304,5,17,12,9.881422924901185E-4,0.0046208208752378365,0.00911854103343465,0.28461012090867704,0.7112049902633656,1.1953278257313382,0.5692202418173541,0.7112049902633656,0.7968852171542254,0.20474777448071216,0.440196613872201,0.4593558282208589,97.5,100.0,4694,4044,1322,33,1,0,0.007030251384746485,2.472799208704253E-4,0.0,0.75,0.1,0.6000000000000001,0.9,50.0,60.0,35.0,0.55,0.4,0.2,0.9,95.0,20.0,20.0,1273,1261,12,1273,0.009426551453260016,1.1484573862001108,1.5,0.7656382574667405,556,0.4409199048374306,1.0,1
"iteration_5","SCOPE_DATA_COLLECTION",900,15,970.0,1030.0,0,5031,3800,1273,5066,3677,1317,5022,3795,1255,6,10,12,0.0011933174224343676,0.002628120893561104,0.009471191791633781,0.29931164693595436,0.6504228034344759,1.147801640078504,0.5986232938719087,0.6504228034344759,0.7652010933856693,0.24532058940661092,0.41054018445322793,0.4406374501992032,100.0,100.0,4565,3010,2529,25,3,0,0.00547645125958379,9.966777408637873E-4,0.0,0.55,0.4,0.2,0.9,95.0,20.0,20.0,0.55,0.4,0.2,0.9,95.0,20.0,20.0,5099,5096,3,5099,5.88350656991567E-4,0.3026063338729904,0.5,0.6052126677459808,1300,0.25510204081632654,1.0,1
"iteration_5","SCOPE_DATA_COLLECTION",900,15,970.0,1030.0,1,5031,3800,1273,5066,3677,1317,5022,3795,1255,6,10,12,0.0011933174224343676,0.002628120893561104,0.009471191791633781,0.29931164693595436,0.6504228034344759,1.147801640078504,0.5986232938719087,0.6504228034344759,0.7652010933856693,0.24532058940661092,0.41054018445322793,0.4406374501992032,100.0,100.0,4565,3010,2529,25,3,0,0.00547645125958379,9.966777408637873E-4,0.0,0.55,0.4,0.2,0.9,95.0,20.0,20.0,0.55,0.4,0.2,0.9,95.0,20.0,20.0,3856,3848,8,3856,0.002074688796680498,0.6520785749144736,1.0,0.6520785749144736,1567,0.4072245322245322,1.0,1
"iteration_5","SCOPE_DATA_COLLECTION",900,15,970.0,1030.0,2,5031,3800,1273,5066,3677,1317,5022,3795,1255,6,10,12,0.0011933174224343676,0.002628120893561104,0.009471191791633781,0.29931164693595436,0.6504228034344759,1.147801640078504,0.5986232938719087,0.6504228034344759,0.7652010933856693,0.24532058940661092,0.41054018445322793,0.4406374501992032,100.0,100.0,4565,3010,2529,25,3,0,0.00547645125958379,9.966777408637873E-4,0.0,0.55,0.4,0.2,0.9,95.0,20.0,20.0,0.55,0.4,0.2,0.9,95.0,20.0,20.0,1273,1257,16,1273,0.012568735271013355,1.1463620437689135,1.5,0.764241362512609,543,0.431980906921241,1.0,1
"iteration_5","SCOPE_DATA_COLLECTION",900,16,1030.0,1090.0,0,5099,3856,1273,5031,3800,1273,5096,3839,1266,3,8,16,5.88350656991567E-4,0.002079542500649857,0.0124804992199688,0.30224408470485037,0.653968614191543,1.1515508344696401,0.6044881694097007,0.653968614191543,0.7677005563130934,0.2545133437990581,0.40870018233915084,0.4344391785150079,95.0,100.0,4628,3040,2560,25,2,0,0.0054019014693171994,6.578947368421052E-4,0.0,0.55,0.4,0.2,0.9,95.0,20.0,20.0,0.55,0.4,0.2,0.9,95.0,20.0,20.0,5100,5095,5,5100,9.80392156862745E-4,0.30695013975899665,0.5,0.6139002795179933,1332,0.26143277723258096,1.0,1
"iteration_5","SCOPE_DATA_COLLECTION",900,16,1030.0,1090.0,1,5099,3856,1273,5031,3800,1273,5096,3839,1266,3,8,16,5.88350656991567E-4,0.002079542500649857,0.0124804992199688,0.30224408470485037,0.653968614191543,1.1515508344696401,0.6044881694097007,0.653968614191543,0.7677005563130934,0.2545133437990581,0.40870018233915084,0.4344391785150079,95.0,100.0,4628,3040,2560,25,2,0,0.0054019014693171994,6.578947368421052E-4,0.0,0.55,0.4,0.2,0.9,95.0,20.0,20.0,0.55,0.4,0.2,0.9,95.0,20.0,20.0,3819,3813,6,3819,0.0015710919088766694,0.6485852813348046,1.0,0.6485852813348046,1542,0.4044059795436664,1.0,1
"iteration_5","SCOPE_DATA_COLLECTION",900,16,1030.0,1090.0,2,5099,3856,1273,5031,3800,1273,5096,3839,1266,3,8,16,5.88350656991567E-4,0.002079542500649857,0.0124804992199688,0.30224408470485037,0.653968614191543,1.1515508344696401,0.6044881694097007,0.653968614191543,0.7677005563130934,0.2545133437990581,0.40870018233915084,0.4344391785150079,95.0,100.0,4628,3040,2560,25,2,0,0.0054019014693171994,6.578947368421052E-4,0.0,0.55,0.4,0.2,0.9,95.0,20.0,20.0,0.55,0.4,0.2,0.9,95.0,20.0,20.0,1409,1391,18,1409,0.0127750177430802,1.1541510359992029,1.5,0.7694340239994686,612,0.4399712437095615,1.0,1
"iteration_5","SCOPE_DATA_COLLECTION",900,17,1090.0,1150.0,0,5100,3819,1409,5099,3856,1273,5101,3811,1386,5,6,18,9.792401096748924E-4,0.0015719151165837044,0.01282051282051282,0.3081006655193505,0.6490664784613205,1.155489721800817,0.616201331038701,0.6490664784613205,0.7703264812005447,0.2638698294452068,0.40514300708475465,0.44083694083694086,100.0,100.0,4602,3167,2559,28,1,0,0.006084311169056932,3.1575623618566466E-4,0.0,0.55,0.4,0.2,0.9,95.0,20.0,20.0,0.55,0.4,0.2,0.9,95.0,20.0,20.0,5080,5073,7,5080,0.0013779527559055118,0.305473959299677,0.5,0.610947918599354,1305,0.257244234180958,1.0,1
"iteration_5","SCOPE_DATA_COLLECTION",900,17,1090.0,1150.0,1,5100,3819,1409,5099,3856,1273,5101,3811,1386,5,6,18,9.792401096748924E-4,0.0015719151165837044,0.01282051282051282,0.3081006655193505,0.6490664784613205,1.155489721800817,0.616201331038701,0.6490664784613205,0.7703264812005447,0.2638698294452068,0.40514300708475465,0.44083694083694086,100.0,100.0,4602,3167,2559,28,1,0,0.006084311169056932,3.1575623618566466E-4,0.0,0.55,0.4,0.2,0.9,95.0,20.0,20.0,0.55,0.4,0.2,0.9,95.0,20.0,20.0,3622,3613,9,3622,0.002484815019326339,0.6659273948345387,1.0,0.6659273948345387,1507,0.4171048989759203,1.0,1
"iteration_5","SCOPE_DATA_COLLECTION",900,17,1090.0,1150.0,2,5100,3819,1409,5099,3856,1273,5101,3811,1386,5,6,18,9.792401096748924E-4,0.0015719151165837044,0.01282051282051282,0.3081006655193505,0.6490664784613205,1.155489721800817,0.616201331038701,0.6490664784613205,0.7703264812005447,0.2638698294452068,0.40514300708475465,0.44083694083694086,100.0,100.0,4602,3167,2559,28,1,0,0.006084311169056932,3.1575623618566466E-4,0.0,0.55,0.4,0.2,0.9,95.0,20.0,20.0,0.55,0.4,0.2,0.9,95.0,20.0,20.0,1318,1305,13,1318,0.009863429438543247,1.1412499764014323,1.5,0.7608333176009549,566,0.4337164750957854,1.0,1
"iteration_5","SCOPE_DATA_COLLECTION",900,18,1150.0,1210.0,0,5080,3622,1318,5100,3819,1409,5062,3622,1306,7,9,13,0.0013809429867824028,0.0024786560176259984,0.009855951478392721,0.3041144362828586,0.6652230145081434,1.143397964736502,0.6082288725657172,0.6652230145081434,0.7622653098243347,0.25424733306993286,0.41717283268912203,0.4349157733537519,97.5,100.0,4626,2915,2479,22,7,0,0.004755728491137051,0.0024013722126929675,0.0,0.55,0.4,0.2,0.9,95.0,20.0,20.0,0.45,0.5,0.1,0.9,95.0,30.0,20.0,5150,5130,20,5150,0.003883495145631068,0.32304270449431294,0.5,0.6460854089886259,1373,0.2676413255360624,1.0,1
"iteration_5","SCOPE_DATA_COLLECTION",900,18,1150.0,1210.0,1,5080,3622,1318,5100,3819,1409,5062,3622,1306,7,9,13,0.0013809429867824028,0.0024786560176259984,0.009855951478392721,0.3041144362828586,0.6652230145081434,1.143397964736502,0.6082288725657172,0.6652230145081434,0.7622653098243347,0.25424733306993286,0.41717283268912203,0.4349157733537519,97.5,100.0,4626,2915,2479,22,7,0,0.004755728491137051,0.0024013722126929675,0.0,0.55,0.4,0.2,0.9,95.0,20.0,20.0,0.45,0.5,0.1,0.9,95.0,30.0,20.0,3762,3739,23,3762,0.006113769271664009,0.638775128455505,1.0,0.638775128455505,1472,0.393688151912276,1.0,1
"iteration_5","SCOPE_DATA_COLLECTION",900,18,1150.0,1210.0,2,5080,3622,1318,5100,3819,1409,5062,3622,1306,7,9,13,0.0013809429867824028,0.0024786560176259984,0.009855951478392721,0.3041144362828586,0.6652230145081434,1.143397964736502,0.6082288725657172,0.6652230145081434,0.7622653098243347,0.25424733306993286,0.41717283268912203,0.4349157733537519,97.5,100.0,4626,2915,2479,22,7,0,0.004755728491137051,0.0024013722126929675,0.0,0.55,0.4,0.2,0.9,95.0,20.0,20.0,0.45,0.5,0.1,0.9,95.0,30.0,20.0,1362,1345,17,1362,0.012481644640234948,1.1809314935954014,1.5,0.7872876623969343,603,0.4483271375464684,1.0,1
"iteration_5","SCOPE_DATA_COLLECTION",900,19,1210.0,1270.0,0,5150,3762,1362,5080,3622,1318,5126,3730,1344,20,23,17,0.00388651379712398,0.0061284305888622435,0.012490815576781777,0.31649761244951224,0.6306384752349379,1.1681172885372115,0.6329952248990245,0.6306384752349379,0.7787448590248077,0.26726492391728446,0.3908847184986595,0.44419642857142855,100.0,100.0,4556,2575,3143,18,3,39,0.003950834064969272,0.0011650485436893205,0.012408526885141585,0.45,0.5,0.1,0.9,95.0,30.0,20.0,0.35000000000000003,0.5,0.1,0.8,95.0,30.0,20.0,4995,4746,249,4995,0.04984984984984985,0.34535790765357643,0.5,0.6907158153071529,1227,0.25853350189633373,1.0,1
"iteration_5","SCOPE_DATA_COLLECTION",900,19,1210.0,1270.0,1,5150,3762,1362,5080,3622,1318,5126,3730,1344,20,23,17,0.00388651379712398,0.0061284305888622435,0.012490815576781777,0.31649761244951224,0.6306384752349379,1.1681172885372115,0.6329952248990245,0.6306384752349379,0.7787448590248077,0.26726492391728446,0.3908847184986595,0.44419642857142855,100.0,100.0,4556,2575,3143,18,3,39,0.003950834064969272,0.0011650485436893205,0.012408526885141585,0.45,0.5,0.1,0.9,95.0,30.0,20.0,0.35000000000000003,0.5,0.1,0.8,95.0,30.0,20.0,3891,3679,212,3891,0.05448470830120791,0.6886955517085155,1.0,0.6886955517085155,1521,0.4134275618374558,1.0,1
"iteration_5","SCOPE_DATA_COLLECTION",900,19,1210.0,1270.0,2,5150,3762,1362,5080,3622,1318,5126,3730,1344,20,23,17,0.00388651379712398,0.0061284305888622435,0.012490815576781777,0.31649761244951224,0.6306384752349379,1.1681172885372115,0.6329952248990245,0.6306384752349379,0.7787448590248077,0.26726492391728446,0.3908847184986595,0.44419642857142855,100.0,100.0,4556,2575,3143,18,3,39,0.003950834064969272,0.0011650485436893205,0.012408526885141585,0.45,0.5,0.1,0.9,95.0,30.0,20.0,0.35000000000000003,0.5,0.1,0.8,95.0,30.0,20.0,1291,1201,90,1291,0.069713400464756,1.254473454905833,1.5,0.8363156366038886,576,0.47960033305578686,1.0,1
"iteration_5","SCOPE_DATA_COLLECTION",900,20,1270.0,1330.0,0,4995,3891,1291,5150,3762,1362,4759,3693,1204,248,208,88,0.04953065708008788,0.0533196616252243,0.06811145510835913,0.35269096044256126,0.6963304538028826,1.2641369582652957,0.7053819208851225,0.6963304538028826,0.8427579721768638,0.26034881277579325,0.4156512320606553,0.48172757475083056,100.0,100.0,4498,1970,3709,17,5,522,0.00377945753668297,0.0025380710659898475,0.14073874359665678,0.35000000000000003,0.5,0.1,0.8,95.0,30.0,20.0,0.45,0.4,0.1,0.7000000000000001,85.0,40.0,20.0,5188,5128,60,5188,0.01156515034695451,0.3124626456369239,0.5,0.6249252912738478,1340,0.26131045241809675,1.0,1
"iteration_5","SCOPE_DATA_COLLECTION",900,20,1270.0,1330.0,1,4995,3891,1291,5150,3762,1362,4759,3693,1204,248,208,88,0.04953065708008788,0.0533196616252243,0.06811145510835913,0.35269096044256126,0.6963304538028826,1.2641369582652957,0.7053819208851225,0.6963304538028826,0.8427579721768638,0.26034881277579325,0.4156512320606553,0.48172757475083056,100.0,100.0,4498,1970,3709,17,5,522,0.00377945753668297,0.0025380710659898475,0.14073874359665678,0.35000000000000003,0.5,0.1,0.8,95.0,30.0,20.0,0.45,0.4,0.1,0.7000000000000001,85.0,40.0,20.0,3750,3713,37,3750,0.009866666666666666,0.6465379655515117,1.0,0.6465379655515117,1499,0.40371667115539994,1.0,1
"iteration_5","SCOPE_DATA_COLLECTION",900,20,1270.0,1330.0,2,4995,3891,1291,5150,3762,1362,4759,3693,1204,248,208,88,0.04953065708008788,0.0533196616252243,0.06811145510835913,0.35269096044256126,0.6963304538028826,1.2641369582652957,0.7053819208851225,0.6963304538028826,0.8427579721768638,0.26034881277579325,0.4156512320606553,0.48172757475083056,100.0,100.0,4498,1970,3709,17,5,522,0.00377945753668297,0.0025380710659898475,0.14073874359665678,0.35000000000000003,0.5,0.1,0.8,95.0,30.0,20.0,0.45,0.4,0.1,0.7000000000000001,85.0,40.0,20.0,1308,1288,20,1308,0.01529051987767584,1.1288236476111566,1.5,0.7525490984074378,552,0.42857142857142855,1.0,1
"iteration_5","SCOPE_DATA_COLLECTION",900,21,1330.0,1390.0,0,5188,3750,1308,4995,3891,1291,5118,3690,1290,61,41,22,0.011778335586020467,0.01098901098901099,0.01676829268292683,0.31172114470986817,0.6450380854022114,1.1297353826311813,0.6234422894197363,0.6450380854022114,0.7531569217541209,0.2596717467760844,0.402710027100271,0.4294573643410853,100.0,100.0,4644,2506,3096,15,2,107,0.003229974160206718,7.980845969672786E-4,0.03456072351421188,0.45,0.4,0.1,0.7000000000000001,85.0,40.0,20.0,0.45,0.4,0.1,0.8,85.0,50.0,20.0,5128,5054,74,5128,0.014430577223088924,0.30250602210612804,0.5,0.6050120442122561,1217,0.240799366838148,1.0,1
"iteration_5","SCOPE_DATA_COLLECTION",900,21,1330.0,1390.0,1,5188,3750,1308,4995,3891,1291,5118,3690,1290,61,41,22,0.011778335586020467,0.01098901098901099,0.01676829268292683,0.31172114470986817,0.6450380854022114,1.1297353826311813,0.6234422894197363,0.6450380854022114,0.7531569217541209,0.2596717467760844,0.402710027100271,0.4294573643410853,100.0,100.0,4644,2506,3096,15,2,107,0.003229974160206718,7.980845969672786E-4,0.03456072351421188,0.45,0.4,0.1,0.7000000000000001,85.0,40.0,20.0,0.45,0.4,0.1,0.8,85.0,50.0,20.0,3850,3794,56,3850,0.014545454545454545,0.6362025398107455,1.0,0.6362025398107455,1515,0.39931470743278863,1.0,1
"iteration_5","SCOPE_DATA_COLLECTION",900,21,1330.0,1390.0,2,5188,3750,1308,4995,3891,1291,5118,3690,1290,61,41,22,0.011778335586020467,0.01098901098901099,0.01676829268292683,0.31172114470986817,0.6450380854022114,1.1297353826311813,0.6234422894197363,0.6450380854022114,0.7531569217541209,0.2596717467760844,0.402710027100271,0.4294573643410853,100.0,100.0,4644,2506,3096,15,2,107,0.003229974160206718,7.980845969672786E-4,0.03456072351421188,0.45,0.4,0.1,0.7000000000000001,85.0,40.0,20.0,0.45,0.4,0.1,0.8,85.0,50.0,20.0,1338,1315,23,1338,0.0171898355754858,1.179834175096679,1.5,0.7865561167311194,600,0.45627376425855515,1.0,1
"iteration_5","SCOPE_DATA_COLLECTION",900,22,1390.0,1450.0,0,5128,3850,1338,5188,3750,1308,5053,3810,1317,74,56,23,0.014433391847084065,0.014485256078634247,0.017164179104477612,0.3033137503680086,0.6374061377846092,1.1779057585044952,0.6066275007360172,0.6374061377846092,0.7852705056696635,0.2418365327528201,0.3989501312335958,0.4548215641609719,97.5,100.0,4477,2642,3197,14,5,134,0.003127094036184945,0.0018925056775170325,0.041914294651235535,0.45,0.4,0.1,0.8,85.0,50.0,20.0,0.45,0.4,0.1,0.8,85.0,50.0,20.0,4992,4930,62,4992,0.012419871794871794,0.314538072808515,0.5,0.62907614561703,1244,0.2523326572008114,1.0,1
"iteration_5","SCOPE_DATA_COLLECTION",900,22,1390.0,1450.0,1,5128,3850,1338,5188,3750,1308,5053,3810,1317,74,56,23,0.014433391847084065,0.014485256078634247,0.017164179104477612,0.3033137503680086,0.6374061377846092,1.1779057585044952,0.6066275007360172,0.6374061377846092,0.7852705056696635,0.2418365327528201,0.3989501312335958,0.4548215641609719,97.5,100.0,4477,2642,3197,14,5,134,0.003127094036184945,0.0018925056775170325,0.041914294651235535,0.45,0.4,0.1,0.8,85.0,50.0,20.0,0.45,0.4,0.1,0.8,85.0,50.0,20.0,3753,3707,46,3753,0.012256861177724487,0.6336036813766247,1.0,0.6336036813766247,1468,0.39600755327758297,1.0,1
"iteration_5","SCOPE_DATA_COLLECTION",900,22,1390.0,1450.0,2,5128,3850,1338,5188,3750,1308,5053,3810,1317,74,56,23,0.014433391847084065,0.014485256078634247,0.017164179104477612,0.3033137503680086,0.6374061377846092,1.1779057585044952,0.6066275007360172,0.6374061377846092,0.7852705056696635,0.2418365327528201,0.3989501312335958,0.4548215641609719,97.5,100.0,4477,2642,3197,14,5,134,0.003127094036184945,0.0018925056775170325,0.041914294651235535,0.45,0.4,0.1,0.8,85.0,50.0,20.0,0.45,0.4,0.1,0.8,85.0,50.0,20.0,1402,1368,34,1402,0.024251069900142655,1.167172861186902,1.5,0.778115240791268,617,0.4510233918128655,1.0,1
"iteration_5","SCOPE_DATA_COLLECTION",900,23,1450.0,1510.0,0,4992,3753,1402,5128,3850,1338,4946,3697,1369,62,46,34,0.012380191693290734,0.01228960726689821,0.024233784746970778,0.3146235690950577,0.6325738100900526,1.1698390218922032,0.6292471381901154,0.6325738100900526,0.7798926812614688,0.2525272947836636,0.3959967541249662,0.4528853177501826,100.0,100.0,4492,2534,3121,27,2,113,0.006010685663401603,7.892659826361484E-4,0.03620634412047421,0.45,0.4,0.1,0.8,85.0,50.0,20.0,0.45,0.4,0.1,0.8,85.0,50.0,20.0,5207,5192,15,5207,0.002880737468792011,0.30227124407244854,0.5,0.6045424881448971,1283,0.24711093990755006,1.0,1
"iteration_5","SCOPE_DATA_COLLECTION",900,23,1450.0,1510.0,1,4992,3753,1402,5128,3850,1338,4946,3697,1369,62,46,34,0.012380191693290734,0.01228960726689821,0.024233784746970778,0.3146235690950577,0.6325738100900526,1.1698390218922032,0.6292471381901154,0.6325738100900526,0.7798926812614688,0.2525272947836636,0.3959967541249662,0.4528853177501826,100.0,100.0,4492,2534,3121,27,2,113,0.006010685663401603,7.892659826361484E-4,0.03620634412047421,0.45,0.4,0.1,0.8,85.0,50.0,20.0,0.45,0.4,0.1,0.8,85.0,50.0,20.0,3654,3646,8,3654,0.0021893814997263274,0.6452696982958724,1.0,0.6452696982958724,1490,0.4086670323642348,1.0,1
"iteration_5","SCOPE_DATA_COLLECTION",900,23,1450.0,1510.0,2,4992,3753,1402,5128,3850,1338,4946,3697,1369,62,46,34,0.012380191693290734,0.01228960726689821,0.024233784746970778,0.3146235690950577,0.6325738100900526,1.1698390218922032,0.6292471381901154,0.6325738100900526,0.7798926812614688,0.2525272947836636,0.3959967541249662,0.4528853177501826,100.0,100.0,4492,2534,3121,27,2,113,0.006010685663401603,7.892659826361484E-4,0.03620634412047421,0.45,0.4,0.1,0.8,85.0,50.0,20.0,0.45,0.4,0.1,0.8,85.0,50.0,20.0,1286,1275,11,1286,0.008553654743390357,1.1961931656726026,1.5,0.7974621104484018,592,0.46431372549019606,1.0,1
"iteration_5","SCOPE_DATA_COLLECTION",900,24,1510.0,1570.0,0,5207,3654,1286,4992,3753,1402,5174,3657,1267,15,8,11,0.0028907303912121796,0.00218281036834925,0.008607198748043818,0.3011885390826515,0.6460895544783474,1.1897069876389346,0.602377078165303,0.6460895544783474,0.7931379917592897,0.2454580595284113,0.40962537599124965,0.4601420678768745,100.0,100.0,4589,2473,3085,17,2,15,0.0037045107866637613,8.087343307723412E-4,0.004862236628849271,0.45,0.4,0.1,0.8,85.0,50.0,20.0,0.05,0.6000000000000001,0.1,0.8,20.0,25.0,70.0,5025,2961,2064,5025,0.41074626865671643,0.5531875290161338,0.5,1.1063750580322675,1491,0.5035460992907801,1.0,1
"iteration_5","SCOPE_DATA_COLLECTION",900,24,1510.0,1570.0,1,5207,3654,1286,4992,3753,1402,5174,3657,1267,15,8,11,0.0028907303912121796,0.00218281036834925,0.008607198748043818,0.3011885390826515,0.6460895544783474,1.1897069876389346,0.602377078165303,0.6460895544783474,0.7931379917592897,0.2454580595284113,0.40962537599124965,0.4601420678768745,100.0,100.0,4589,2473,3085,17,2,15,0.0037045107866637613,8.087343307723412E-4,0.004862236628849271,0.45,0.4,0.1,0.8,85.0,50.0,20.0,0.05,0.6000000000000001,0.1,0.8,20.0,25.0,70.0,3845,2256,1589,3845,0.4132639791937581,1.0157706777391244,1.0,1.0157706777391244,1551,0.6875,1.0,1
"iteration_5","SCOPE_DATA_COLLECTION",900,24,1510.0,1570.0,2,5207,3654,1286,4992,3753,1402,5174,3657,1267,15,8,11,0.0028907303912121796,0.00218281036834925,0.008607198748043818,0.3011885390826515,0.6460895544783474,1.1897069876389346,0.602377078165303,0.6460895544783474,0.7931379917592897,0.2454580595284113,0.40962537599124965,0.4601420678768745,100.0,100.0,4589,2473,3085,17,2,15,0.0037045107866637613,8.087343307723412E-4,0.004862236628849271,0.45,0.4,0.1,0.8,85.0,50.0,20.0,0.05,0.6000000000000001,0.1,0.8,20.0,25.0,70.0,1355,790,565,1355,0.41697416974169743,1.8876451280343565,1.5,1.2584300853562376,634,0.8025316455696202,1.0,1
"iteration_5","SCOPE_DATA_COLLECTION",900,25,1570.0,1630.0,0,5025,3845,1355,5207,3654,1286,2971,2244,788,2064,1589,565,0.4099304865938431,0.41455778763370726,0.41759053954175906,0.5536382319532345,1.0125414104321953,1.883755425567481,1.107276463906469,1.0125414104321953,1.2558369503783207,0.5048805116122518,0.6849376114081996,0.8032994923857868,97.5,100.0,4475,298,5452,22,0,4196,0.004916201117318436,0.0,0.7696258253851798,0.05,0.6000000000000001,0.1,0.8,20.0,25.0,70.0,0.05,0.5,0.1,0.8,30.0,25.0,70.0,5094,3317,1777,5094,0.34884177463682764,0.488780141576536,0.5,0.977560283153072,1426,0.42990654205607476,1.0,1
"iteration_5","SCOPE_DATA_COLLECTION",900,25,1570.0,1630.0,1,5025,3845,1355,5207,3654,1286,2971,2244,788,2064,1589,565,0.4099304865938431,0.41455778763370726,0.41759053954175906,0.5536382319532345,1.0125414104321953,1.883755425567481,1.107276463906469,1.0125414104321953,1.2558369503783207,0.5048805116122518,0.6849376114081996,0.8032994923857868,97.5,100.0,4475,298,5452,22,0,4196,0.004916201117318436,0.0,0.7696258253851798,0.05,0.6000000000000001,0.1,0.8,20.0,25.0,70.0,0.05,0.5,0.1,0.8,30.0,25.0,70.0,3650,2388,1262,3650,0.3457534246575342,0.9623073517061497,1.0,0.9623073517061497,1477,0.6185092127303182,1.0,1
"iteration_5","SCOPE_DATA_COLLECTION",900,25,1570.0,1630.0,2,5025,3845,1355,5207,3654,1286,2971,2244,788,2064,1589,565,0.4099304865938431,0.41455778763370726,0.41759053954175906,0.5536382319532345,1.0125414104321953,1.883755425567481,1.107276463906469,1.0125414104321953,1.2558369503783207,0.5048805116122518,0.6849376114081996,0.8032994923857868,97.5,100.0,4475,298,5452,22,0,4196,0.004916201117318436,0.0,0.7696258253851798,0.05,0.6000000000000001,0.1,0.8,20.0,25.0,70.0,0.05,0.5,0.1,0.8,30.0,25.0,70.0,1275,841,434,1275,0.3403921568627451,1.7199678158653617,1.5,1.1466452105769078,601,0.7146254458977408,1.0,1
"iteration_5","SCOPE_DATA_COLLECTION",900,26,1630.0,1690.0,0,5094,3650,1275,5025,3845,1355,3319,2402,854,1777,1262,434,0.34870486656200944,0.34443231441048033,0.33695652173913043,0.4889330363938896,0.9645453284309903,1.72400481312174,0.9778660727877792,0.9645453284309903,1.14933654208116,0.43115396203675804,0.6203164029975021,0.7154566744730679,100.0,100.0,4523,283,5213,18,0,3455,0.003979659518019014,0.0,0.6627661615192787,0.05,0.5,0.1,0.8,30.0,25.0,70.0,0.05,0.5,0.1,0.8,30.0,25.0,70.0,5116,3153,1963,5116,0.38369820172009383,0.4887906878709072,0.5,0.9775813757418144,1405,0.4456073580716778,1.0,1
"iteration_5","SCOPE_DATA_COLLECTION",900,26,1630.0,1690.0,1,5094,3650,1275,5025,3845,1355,3319,2402,854,1777,1262,434,0.34870486656200944,0.34443231441048033,0.33695652173913043,0.4889330363938896,0.9645453284309903,1.72400481312174,0.9778660727877792,0.9645453284309903,1.14933654208116,0.43115396203675804,0.6203164029975021,0.7154566744730679,100.0,100.0,4523,283,5213,18,0,3455,0.003979659518019014,0.0,0.6627661615192787,0.05,0.5,0.1,0.8,30.0,25.0,70.0,0.05,0.5,0.1,0.8,30.0,25.0,70.0,3710,2265,1445,3710,0.3894878706199461,0.9772801827516774,1.0,0.9772801827516774,1475,0.6512141280353201,1.0,1
"iteration_5","SCOPE_DATA_COLLECTION",900,26,1630.0,1690.0,2,5094,3650,1275,5025,3845,1355,3319,2402,854,1777,1262,434,0.34870486656200944,0.34443231441048033,0.33695652173913043,0.4889330363938896,0.9645453284309903,1.72400481312174,0.9778660727877792,0.9645453284309903,1.14933654208116,0.43115396203675804,0.6203164029975021,0.7154566744730679,100.0,100.0,4523,283,5213,18,0,3455,0.003979659518019014,0.0,0.6627661615192787,0.05,0.5,0.1,0.8,30.0,25.0,70.0,0.05,0.5,0.1,0.8,30.0,25.0,70.0,1326,788,538,1326,0.4057315233785822,1.8112732139977672,1.5,1.2075154759985114,603,0.7652284263959391,1.0,1
"iteration_5","SCOPE_DATA_COLLECTION",900,27,1690.0,1750.0,0,5116,3710,1326,5094,3650,1275,3149,2273,780,1963,1445,538,0.3839984350547731,0.3886498117267348,0.40819423368740515,0.48790796702995176,0.97847269259645,1.8075505066372988,0.9758159340599035,0.97847269259645,1.2050336710915326,0.44395046046363923,0.6528816542014958,0.7628205128205128,100.0,100.0,4541,291,5320,20,1,3925,0.004404316229905308,0.003436426116838488,0.7377819548872181,0.05,0.5,0.1,0.8,30.0,25.0,70.0,0.45,0.2,0.6000000000000001,0.2,70.0,50.0,95.0,5043,5039,4,5043,7.93178663493952E-4,0.312517997641321,0.5,0.625035995282642,1232,0.24449295495137924,1.0,1
"iteration_5","SCOPE_DATA_COLLECTION",900,27,1690.0,1750.0,1,5116,3710,1326,5094,3650,1275,3149,2273,780,1963,1445,538,0.3839984350547731,0.3886498117267348,0.40819423368740515,0.48790796702995176,0.97847269259645,1.8075505066372988,0.9758159340599035,0.97847269259645,1.2050336710915326,0.44395046046363923,0.6528816542014958,0.7628205128205128,100.0,100.0,4541,291,5320,20,1,3925,0.004404316229905308,0.003436426116838488,0.7377819548872181,0.05,0.5,0.1,0.8,30.0,25.0,70.0,0.45,0.2,0.6000000000000001,0.2,70.0,50.0,95.0,3719,3708,11,3719,0.0029577843506318905,0.6885688140604913,1.0,0.6885688140604913,1535,0.4139697950377562,1.0,1
"iteration_5","SCOPE_DATA_COLLECTION",900,27,1690.0,1750.0,2,5116,3710,1326,5094,3650,1275,3149,2273,780,1963,1445,538,0.3839984350547731,0.3886498117267348,0.40819423368740515,0.48790796702995176,0.97847269259645,1.8075505066372988,0.9758159340599035,0.97847269259645,1.2050336710915326,0.44395046046363923,0.6528816542014958,0.7628205128205128,100.0,100.0,4541,291,5320,20,1,3925,0.004404316229905308,0.003436426116838488,0.7377819548872181,0.05,0.5,0.1,0.8,30.0,25.0,70.0,0.45,0.2,0.6000000000000001,0.2,70.0,50.0,95.0,1308,1300,8,1308,0.0061162079510703364,1.191249939892351,1.5,0.7941666265949007,600,0.46153846153846156,1.0,1
"iteration_5","SCOPE_DATA_COLLECTION",900,28,1750.0,1810.0,0,5043,3719,1308,5116,3710,1326,5024,3688,1293,4,11,8,7.955449482895784E-4,0.0029737766964044337,0.006149116064565719,0.3113031726043617,0.6873078132714145,1.1981174110679809,0.6226063452087234,0.6873078132714145,0.7987449407119872,0.24243630573248406,0.4135032537960954,0.4671307037896365,97.5,100.0,4600,2432,3038,21,2,0,0.004565217391304348,8.223684210526315E-4,0.0,0.45,0.2,0.6000000000000001,0.2,70.0,50.0,95.0,0.45,0.2,0.6000000000000001,0.2,70.0,50.0,95.0,5086,5073,13,5086,0.0025560361777428233,0.29969801053403283,0.5,0.5993960210680657,1178,0.23220973782771537,1.0,1
"iteration_5","SCOPE_DATA_COLLECTION",900,28,1750.0,1810.0,1,5043,3719,1308,5116,3710,1326,5024,3688,1293,4,11,8,7.955449482895784E-4,0.0029737766964044337,0.006149116064565719,0.3113031726043617,0.6873078132714145,1.1981174110679809,0.6226063452087234,0.6873078132714145,0.7987449407119872,0.24243630573248406,0.4135032537960954,0.4671307037896365,97.5,100.0,4600,2432,3038,21,2,0,0.004565217391304348,8.223684210526315E-4,0.0,0.45,0.2,0.6000000000000001,0.2,70.0,50.0,95.0,0.45,0.2,0.6000000000000001,0.2,70.0,50.0,95.0,3727,3705,22,3727,0.0059028709417762275,0.6826783585865599,1.0,0.6826783585865599,1552,0.4188933873144399,1.0,1
"iteration_5","SCOPE_DATA_COLLECTION",900,28,1750.0,1810.0,2,5043,3719,1308,5116,3710,1326,5024,3688,1293,4,11,8,7.955449482895784E-4,0.0029737766964044337,0.006149116064565719,0.3113031726043617,0.6873078132714145,1.1981174110679809,0.6226063452087234,0.6873078132714145,0.7987449407119872,0.24243630573248406,0.4135032537960954,0.4671307037896365,97.5,100.0,4600,2432,3038,21,2,0,0.004565217391304348,8.223684210526315E-4,0.0,0.45,0.2,0.6000000000000001,0.2,70.0,50.0,95.0,0.45,0.2,0.6000000000000001,0.2,70.0,50.0,95.0,1290,1277,13,1290,0.010077519379844961,1.196565827064627,1.5,0.7977105513764181,588,0.46045418950665623,1.0,1
"iteration_5","SCOPE_DATA_COLLECTION",900,29,1810.0,1870.0,0,5086,3727,1290,5043,3719,1308,5086,3706,1284,13,22,13,0.0025495195136301238,0.005901287553648069,0.010023130300693909,0.3008756245782362,0.6827060745243313,1.1916847566524276,0.6017512491564724,0.6827060745243313,0.7944565044349517,0.233779001179709,0.4185105234754452,0.45638629283489096,95.0,100.0,4623,2478,3002,24,3,21,0.005191434133679429,0.0012106537530266344,0.0069953364423717525,0.45,0.2,0.6000000000000001,0.2,70.0,50.0,95.0,0.55,0.2,0.6000000000000001,0.30000000000000004,80.0,40.0,95.0,5130,5126,4,5130,7.797270955165692E-4,0.2974973148990076,0.5,0.5949946297980152,1210,0.23605150214592274,1.0,1
"iteration_5","SCOPE_DATA_COLLECTION",900,29,1810.0,1870.0,1,5086,3727,1290,5043,3719,1308,5086,3706,1284,13,22,13,0.0025495195136301238,0.005901287553648069,0.010023130300693909,0.3008756245782362,0.6827060745243313,1.1916847566524276,0.6017512491564724,0.6827060745243313,0.7944565044349517,0.233779001179709,0.4185105234754452,0.45638629283489096,95.0,100.0,4623,2478,3002,24,3,21,0.005191434133679429,0.0012106537530266344,0.0069953364423717525,0.45,0.2,0.6000000000000001,0.2,70.0,50.0,95.0,0.55,0.2,0.6000000000000001,0.30000000000000004,80.0,40.0,95.0,3807,3791,16,3807,0.0042027843446283165,0.6839155427631218,1.0,0.6839155427631218,1551,0.4091268794513321,1.0,1
"iteration_5","SCOPE_DATA_COLLECTION",900,29,1810.0,1870.0,2,5086,3727,1290,5043,3719,1308,5086,3706,1284,13,22,13,0.0025495195136301238,0.005901287553648069,0.010023130300693909,0.3008756245782362,0.6827060745243313,1.1916847566524276,0.6017512491564724,0.6827060745243313,0.7944565044349517,0.233779001179709,0.4185105234754452,0.45638629283489096,95.0,100.0,4623,2478,3002,24,3,21,0.005191434133679429,0.0012106537530266344,0.0069953364423717525,0.45,0.2,0.6000000000000001,0.2,70.0,50.0,95.0,0.55,0.2,0.6000000000000001,0.30000000000000004,80.0,40.0,95.0,1323,1310,13,1323,0.009826152683295541,1.1722624845930494,1.5,0.7815083230620329,586,0.44732824427480916,1.0,1
"iteration_5","SCOPE_DATA_COLLECTION",900,30,1870.0,1930.0,0,5130,3807,1323,5086,3727,1290,5129,3783,1305,4,16,13,7.792713812585232E-4,0.0042116346406949196,0.009863429438543247,0.2977311686763726,0.6813664884408256,1.1740918369970286,0.5954623373527452,0.6813664884408256,0.7827278913313523,0.23688828231624098,0.40814168649220195,0.4482758620689655,100.0,100.0,4660,3048,2552,32,1,0,0.0068669527896995704,3.2808398950131233E-4,0.0,0.55,0.2,0.6000000000000001,0.30000000000000004,80.0,40.0,95.0,0.25,0.6000000000000001,0.7000000000000001,0.5,55.0,90.0,90.0,5041,4345,696,5041,0.13806784368180916,0.4340500883862877,0.5,0.8681001767725754,1462,0.3364787111622555,1.0,1
"iteration_5","SCOPE_DATA_COLLECTION",900,30,1870.0,1930.0,1,5130,3807,1323,5086,3727,1290,5129,3783,1305,4,16,13,7.792713812585232E-4,0.0042116346406949196,0.009863429438543247,0.2977311686763726,0.6813664884408256,1.1740918369970286,0.5954623373527452,0.6813664884408256,0.7827278913313523,0.23688828231624098,0.40814168649220195,0.4482758620689655,100.0,100.0,4660,3048,2552,32,1,0,0.0068669527896995704,3.2808398950131233E-4,0.0,0.55,0.2,0.6000000000000001,0.30000000000000004,80.0,40.0,95.0,0.25,0.6000000000000001,0.7000000000000001,0.5,55.0,90.0,90.0,3641,3120,521,3641,0.14309255698983794,0.8588512563213353,1.0,0.8588512563213353,1601,0.5131410256410256,1.0,1
"iteration_5","SCOPE_DATA_COLLECTION",900,30,1870.0,1930.0,2,5130,3807,1323,5086,3727,1290,5129,3783,1305,4,16,13,7.792713812585232E-4,0.0042116346406949196,0.009863429438543247,0.2977311686763726,0.6813664884408256,1.1740918369970286,0.5954623373527452,0.6813664884408256,0.7827278913313523,0.23688828231624098,0.40814168649220195,0.4482758620689655,100.0,100.0,4660,3048,2552,32,1,0,0.0068669527896995704,3.2808398950131233E-4,0.0,0.55,0.2,0.6000000000000001,0.30000000000000004,80.0,40.0,95.0,0.25,0.6000000000000001,0.7000000000000001,0.5,55.0,90.0,90.0,1352,1116,236,1352,0.17455621301775148,1.4245153366069045,1.5,0.9496768910712697,619,0.5546594982078853,1.0,1
"iteration_5","SCOPE_DATA_COLLECTION",900,31,1930.0,1990.0,0,5041,3641,1352,5130,3807,1323,4341,3119,1127,692,517,235,0.13749254917544207,0.14218921892189218,0.17254038179148312,0.4324002468079166,0.8552214435162582,1.4233164454441765,0.8648004936158332,0.8552214435162582,0.9488776302961176,0.3347155033402442,0.5100993908303944,0.554569653948536,100.0,100.0,4551,1345,4138,52,1,1391,0.011426060206548011,7.434944237918215E-4,0.3361527307878202,0.25,0.6000000000000001,0.7000000000000001,0.5,55.0,90.0,90.0,0.25,0.6000000000000001,0.7000000000000001,0.5,55.0,90.0,90.0,5075,4491,584,5075,0.11507389162561577,0.3809556848409335,0.5,0.761911369681867,1431,0.3186372745490982,1.0,1
"iteration_5","SCOPE_DATA_COLLECTION",900,31,1930.0,1990.0,1,5041,3641,1352,5130,3807,1323,4341,3119,1127,692,517,235,0.13749254917544207,0.14218921892189218,0.17254038179148312,0.4324002468079166,0.8552214435162582,1.4233164454441765,0.8648004936158332,0.8552214435162582,0.9488776302961176,0.3347155033402442,0.5100993908303944,0.554569653948536,100.0,100.0,4551,1345,4138,52,1,1391,0.011426060206548011,7.434944237918215E-4,0.3361527307878202,0.25,0.6000000000000001,0.7000000000000001,0.5,55.0,90.0,90.0,0.25,0.6000000000000001,0.7000000000000001,0.5,55.0,90.0,90.0,3644,3224,420,3644,0.11525795828759605,0.7809111615489659,1.0,0.7809111615489659,1524,0.47270471464019853,1.0,1
"iteration_5","SCOPE_DATA_COLLECTION",900,31,1930.0,1990.0,2,5041,3641,1352,5130,3807,1323,4341,3119,1127,692,517,235,0.13749254917544207,0.14218921892189218,0.17254038179148312,0.4324002468079166,0.8552214435162582,1.4233164454441765,0.8648004936158332,0.8552214435162582,0.9488776302961176,0.3347155033402442,0.5100993908303944,0.554569653948536,100.0,100.0,4551,1345,4138,52,1,1391,0.011426060206548011,7.434944237918215E-4,0.3361527307878202,0.25,0.6000000000000001,0.7000000000000001,0.5,55.0,90.0,90.0,0.25,0.6000000000000001,0.7000000000000001,0.5,55.0,90.0,90.0,1338,1161,177,1338,0.13228699551569506,1.3383574918389602,1.5,0.8922383278926401,600,0.5167958656330749,1.0,1
"iteration_5","SCOPE_DATA_COLLECTION",900,32,1990.0,2050.0,0,5075,3644,1338,5041,3641,1352,4498,3238,1158,588,423,178,0.11561148250098309,0.11554220158426659,0.13323353293413173,0.3831517850126746,0.7848389819206081,1.3413811198507275,0.7663035700253492,0.7848389819206081,0.894254079900485,0.3210315695864829,0.4746757257566399,0.5181347150259067,97.5,100.0,4503,1376,4178,32,2,1155,0.0071063735287586055,0.0014534883720930232,0.27644806127333654,0.25,0.6000000000000001,0.7000000000000001,0.5,55.0,90.0,90.0,0.25,0.6000000000000001,0.7000000000000001,0.5,55.0,90.0,90.0,5164,4447,717,5164,0.13884585592563903,0.40999583223017555,0.5,0.8199916644603511,1576,0.354396222172251,1.0,1
"iteration_5","SCOPE_DATA_COLLECTION",900,32,1990.0,2050.0,1,5075,3644,1338,5041,3641,1352,4498,3238,1158,588,423,178,0.11561148250098309,0.11554220158426659,0.13323353293413173,0.3831517850126746,0.7848389819206081,1.3413811198507275,0.7663035700253492,0.7848389819206081,0.894254079900485,0.3210315695864829,0.4746757257566399,0.5181347150259067,97.5,100.0,4503,1376,4178,32,2,1155,0.0071063735287586055,0.0014534883720930232,0.27644806127333654,0.25,0.6000000000000001,0.7000000000000001,0.5,55.0,90.0,90.0,0.25,0.6000000000000001,0.7000000000000001,0.5,55.0,90.0,90.0,3770,3230,540,3770,0.14323607427055704,0.8136535892042588,1.0,0.8136535892042588,1588,0.491640866873065,1.0,1
"iteration_5","SCOPE_DATA_COLLECTION",900,32,1990.0,2050.0,2,5075,3644,1338,5041,3641,1352,4498,3238,1158,588,423,178,0.11561148250098309,0.11554220158426659,0.13323353293413173,0.3831517850126746,0.7848389819206081,1.3413811198507275,0.7663035700253492,0.7848389819206081,0.894254079900485,0.3210315695864829,0.4746757257566399,0.5181347150259067,97.5,100.0,4503,1376,4178,32,2,1155,0.0071063735287586055,0.0014534883720930232,0.27644806127333654,0.25,0.6000000000000001,0.7000000000000001,0.5,55.0,90.0,90.0,0.25,0.6000000000000001,0.7000000000000001,0.5,55.0,90.0,90.0,1306,1086,220,1306,0.16845329249617153,1.387616154365004,1.5,0.925077436243336,592,0.5451197053406999,1.0,1
"iteration_5","SCOPE_DATA_COLLECTION",900,33,2050.0,2110.0,0,5164,3770,1306,5075,3644,1338,4431,3227,1094,717,540,220,0.13927738927738928,0.14335014600477833,0.167427701674277,0.40874614187652714,0.813182135083165,1.3885913104914163,0.8174922837530543,0.813182135083165,0.9257275403276108,0.3529677273753103,0.4914781530833592,0.5457038391224863,100.0,100.0,4642,1453,4145,55,1,1421,0.011848341232227487,6.882312456985547E-4,0.3428226779252111,0.25,0.6000000000000001,0.7000000000000001,0.5,55.0,90.0,90.0,0.25,0.6000000000000001,0.7000000000000001,0.5,55.0,90.0,90.0,5092,4561,531,5092,0.10428122545168893,0.4004500126522745,0.5,0.800900025304549,1460,0.32010524007893004,1.0,1
"iteration_5","SCOPE_DATA_COLLECTION",900,33,2050.0,2110.0,1,5164,3770,1306,5075,3644,1338,4431,3227,1094,717,540,220,0.13927738927738928,0.14335014600477833,0.167427701674277,0.40874614187652714,0.813182135083165,1.3885913104914163,0.8174922837530543,0.813182135083165,0.9257275403276108,0.3529677273753103,0.4914781530833592,0.5457038391224863,100.0,100.0,4642,1453,4145,55,1,1421,0.011848341232227487,6.882312456985547E-4,0.3428226779252111,0.25,0.6000000000000001,0.7000000000000001,0.5,55.0,90.0,90.0,0.25,0.6000000000000001,0.7000000000000001,0.5,55.0,90.0,90.0,3668,3230,438,3668,0.11941112322791712,0.8021525757409967,1.0,0.8021525757409967,1511,0.4678018575851393,1.0,1
"iteration_5","SCOPE_DATA_COLLECTION",900,33,2050.0,2110.0,2,5164,3770,1306,5075,3644,1338,4431,3227,1094,717,540,220,0.13927738927738928,0.14335014600477833,0.167427701674277,0.40874614187652714,0.813182135083165,1.3885913104914163,0.8174922837530543,0.813182135083165,0.9257275403276108,0.3529677273753103,0.4914781530833592,0.5457038391224863,100.0,100.0,4642,1453,4145,55,1,1421,0.011848341232227487,6.882312456985547E-4,0.3428226779252111,0.25,0.6000000000000001,0.7000000000000001,0.5,55.0,90.0,90.0,0.25,0.6000000000000001,0.7000000000000001,0.5,55.0,90.0,90.0,1315,1146,169,1315,0.1285171102661597,1.3874271828674636,1.5,0.9249514552449757,602,0.525305410122164,1.0,1
"iteration_5","SCOPE_DATA_COLLECTION",900,34,2110.0,2170.0,0,5092,3668,1315,5164,3770,1306,4560,3235,1136,531,439,169,0.10430170889805539,0.11948829613500273,0.12950191570881225,0.40089643088470694,0.804340180334861,1.3841177718849222,0.8017928617694139,0.804340180334861,0.9227451812566149,0.31973684210526315,0.4689335394126739,0.522887323943662,100.0,100.0,4605,1377,4093,42,0,1097,0.009120521172638436,0.0,0.2680185682873198,0.25,0.6000000000000001,0.7000000000000001,0.5,55.0,90.0,90.0,0.15000000000000002,0.5,0.6000000000000001,0.6000000000000001,45.0,95.0,80.0,5053,3989,1064,5053,0.21056797941816743,0.4355434881819898,0.5,0.8710869763639796,1537,0.3853096014038606,1.0,1
"iteration_5","SCOPE_DATA_COLLECTION",900,34,2110.0,2170.0,1,5092,3668,1315,5164,3770,1306,4560,3235,1136,531,439,169,0.10430170889805539,0.11948829613500273,0.12950191570881225,0.40089643088470694,0.804340180334861,1.3841177718849222,0.8017928617694139,0.804340180334861,0.9227451812566149,0.31973684210526315,0.4689335394126739,0.522887323943662,100.0,100.0,4605,1377,4093,42,0,1097,0.009120521172638436,0.0,0.2680185682873198,0.25,0.6000000000000001,0.7000000000000001,0.5,55.0,90.0,90.0,0.15000000000000002,0.5,0.6000000000000001,0.6000000000000001,45.0,95.0,80.0,3750,2954,796,3750,0.21226666666666666,0.8913812395069406,1.0,0.8913812395069406,1661,0.5622884224779959,1.0,1
"iteration_5","SCOPE_DATA_COLLECTION",900,34,2110.0,2170.0,2,5092,3668,1315,5164,3770,1306,4560,3235,1136,531,439,169,0.10430170889805539,0.11948829613500273,0.12950191570881225,0.40089643088470694,0.804340180334861,1.3841177718849222,0.8017928617694139,0.804340180334861,0.9227451812566149,0.31973684210526315,0.4689335394126739,0.522887323943662,100.0,100.0,4605,1377,4093,42,0,1097,0.009120521172638436,0.0,0.2680185682873198,0.25,0.6000000000000001,0.7000000000000001,0.5,55.0,90.0,90.0,0.15000000000000002,0.5,0.6000000000000001,0.6000000000000001,45.0,95.0,80.0,1303,968,335,1303,0.25709900230237914,1.468626452209698,1.5,0.979084301473132,548,0.5661157024793388,1.0,1
"iteration_5","SCOPE_DATA_COLLECTION",900,35,2170.0,2230.0,0,5053,3750,1303,5092,3668,1315,3990,2947,964,1064,796,335,0.21052631578947367,0.2126636387924125,0.25789068514241725,0.4368946588341866,0.8940250664790496,1.4714986229213904,0.8737893176683732,0.8940250664790496,0.9809990819475937,0.3902255639097744,0.5659993213437394,0.5684647302904564,100.0,100.0,4695,781,4630,45,0,2150,0.009584664536741214,0.0,0.46436285097192226,0.15000000000000002,0.5,0.6000000000000001,0.6000000000000001,45.0,95.0,80.0,0.25,0.1,0.2,0.30000000000000004,25.0,40.0,70.0,5062,4462,600,5062,0.1185302252074279,0.35056419739942274,0.5,0.7011283947988455,1126,0.25235320484087853,1.0,1
"iteration_5","SCOPE_DATA_COLLECTION",900,35,2170.0,2230.0,1,5053,3750,1303,5092,3668,1315,3990,2947,964,1064,796,335,0.21052631578947367,0.2126636387924125,0.25789068514241725,0.4368946588341866,0.8940250664790496,1.4714986229213904,0.8737893176683732,0.8940250664790496,0.9809990819475937,0.3902255639097744,0.5659993213437394,0.5684647302904564,100.0,100.0,4695,781,4630,45,0,2150,0.009584664536741214,0.0,0.46436285097192226,0.15000000000000002,0.5,0.6000000000000001,0.6000000000000001,45.0,95.0,80.0,0.25,0.1,0.2,0.30000000000000004,25.0,40.0,70.0,3559,3132,427,3559,0.11997752177577971,0.7776566059508784,1.0,0.7776566059508784,1547,0.493933588761175,1.0,1
"iteration_5","SCOPE_DATA_COLLECTION",900,35,2170.0,2230.0,2,5053,3750,1303,5092,3668,1315,3990,2947,964,1064,796,335,0.21052631578947367,0.2126636387924125,0.25789068514241725,0.4368946588341866,0.8940250664790496,1.4714986229213904,0.8737893176683732,0.8940250664790496,0.9809990819475937,0.3902255639097744,0.5659993213437394,0.5684647302904564,100.0,100.0,4695,781,4630,45,0,2150,0.009584664536741214,0.0,0.46436285097192226,0.15000000000000002,0.5,0.6000000000000001,0.6000000000000001,45.0,95.0,80.0,0.25,0.1,0.2,0.30000000000000004,25.0,40.0,70.0,1393,1215,178,1393,0.12778176597272076,1.3089870680851874,1.5,0.8726580453901249,635,0.522633744855967,1.0,1
"iteration_5","SCOPE_DATA_COLLECTION",900,36,2230.0,2290.0,0,5062,3559,1393,5053,3750,1303,4476,3125,1223,600,427,178,0.1182033096926714,0.12021396396396396,0.1270521056388294,0.35066901852833027,0.7755679931545627,1.3103630442640617,0.7013380370566605,0.7755679931545627,0.8735753628427078,0.25,0.48928,0.5216680294358136,100.0,100.0,4621,1335,4058,20,1,1184,0.004328067517853278,7.49063670411985E-4,0.2917693445046821,0.25,0.1,0.2,0.30000000000000004,25.0,40.0,70.0,0.25,0.1,0.2,0.30000000000000004,25.0,40.0,70.0,5173,4648,525,5173,0.10148849797023005,0.3415169522892074,0.5,0.6830339045784148,1087,0.23386402753872634,1.0,1
"iteration_5","SCOPE_DATA_COLLECTION",900,36,2230.0,2290.0,1,5062,3559,1393,5053,3750,1303,4476,3125,1223,600,427,178,0.1182033096926714,0.12021396396396396,0.1270521056388294,0.35066901852833027,0.7755679931545627,1.3103630442640617,0.7013380370566605,0.7755679931545627,0.8735753628427078,0.25,0.48928,0.5216680294358136,100.0,100.0,4621,1335,4058,20,1,1184,0.004328067517853278,7.49063670411985E-4,0.2917693445046821,0.25,0.1,0.2,0.30000000000000004,25.0,40.0,70.0,0.25,0.1,0.2,0.30000000000000004,25.0,40.0,70.0,3797,3395,402,3797,0.10587305767711351,0.7546964610960091,1.0,0.7546964610960091,1590,0.4683357879234168,1.0,1
"iteration_5","SCOPE_DATA_COLLECTION",900,36,2230.0,2290.0,2,5062,3559,1393,5053,3750,1303,4476,3125,1223,600,427,178,0.1182033096926714,0.12021396396396396,0.1270521056388294,0.35066901852833027,0.7755679931545627,1.3103630442640617,0.7013380370566605,0.7755679931545627,0.8735753628427078,0.25,0.48928,0.5216680294358136,100.0,100.0,4621,1335,4058,20,1,1184,0.004328067517853278,7.49063670411985E-4,0.2917693445046821,0.25,0.1,0.2,0.30000000000000004,25.0,40.0,70.0,0.25,0.1,0.2,0.30000000000000004,25.0,40.0,70.0,1319,1168,151,1319,0.11448066717210008,1.3134146536967628,1.5,0.8756097691311752,613,0.5248287671232876,1.0,1
"iteration_5","SCOPE_DATA_COLLECTION",900,37,2290.0,2350.0,0,5173,3797,1319,5062,3559,1393,4652,3409,1171,520,393,149,0.10054137664346481,0.10336664913203578,0.11287878787878788,0.3414539043343887,0.7544199344826608,1.3107759001010695,0.6829078086687774,0.7544199344826608,0.8738506000673797,0.23452278589853826,0.46905250806688176,0.5243381725021349,95.0,100.0,4687,1428,4174,19,1,1042,0.004053765735011735,7.002801120448179E-4,0.2496406324868232,0.25,0.1,0.2,0.30000000000000004,25.0,40.0,70.0,0.35000000000000003,0.2,0.1,0.30000000000000004,25.0,30.0,70.0,5070,4789,281,5070,0.05542406311637081,0.3406044308071947,0.5,0.6812088616143894,1244,0.2597619544790144,1.0,1
"iteration_5","SCOPE_DATA_COLLECTION",900,37,2290.0,2350.0,1,5173,3797,1319,5062,3559,1393,4652,3409,1171,520,393,149,0.10054137664346481,0.10336664913203578,0.11287878787878788,0.3414539043343887,0.7544199344826608,1.3107759001010695,0.6829078086687774,0.7544199344826608,0.8738506000673797,0.23452278589853826,0.46905250806688176,0.5243381725021349,95.0,100.0,4687,1428,4174,19,1,1042,0.004053765735011735,7.002801120448179E-4,0.2496406324868232,0.25,0.1,0.2,0.30000000000000004,25.0,40.0,70.0,0.35000000000000003,0.2,0.1,0.30000000000000004,25.0,30.0,70.0,3749,3545,204,3749,0.05441451053614297,0.7161829083881432,1.0,0.7161829083881432,1603,0.4521861777150917,1.0,1
"iteration_5","SCOPE_DATA_COLLECTION",900,37,2290.0,2350.0,2,5173,3797,1319,5062,3559,1393,4652,3409,1171,520,393,149,0.10054137664346481,0.10336664913203578,0.11287878787878788,0.3414539043343887,0.7544199344826608,1.3107759001010695,0.6829078086687774,0.7544199344826608,0.8738506000673797,0.23452278589853826,0.46905250806688176,0.5243381725021349,95.0,100.0,4687,1428,4174,19,1,1042,0.004053765735011735,7.002801120448179E-4,0.2496406324868232,0.25,0.1,0.2,0.30000000000000004,25.0,40.0,70.0,0.35000000000000003,0.2,0.1,0.30000000000000004,25.0,30.0,70.0,1336,1255,81,1336,0.06062874251497006,1.2067536770315312,1.5,0.8045024513543542,583,0.4645418326693227,1.0,1
"iteration_5","SCOPE_DATA_COLLECTION",900,38,2350.0,2410.0,0,5070,3749,1336,5173,3797,1319,4782,3552,1250,286,213,83,0.05643251775848461,0.05657370517928287,0.0622655663915979,0.3400954332366137,0.7183052722866013,1.206631710271155,0.6801908664732274,0.7183052722866013,0.80442114018077,0.2588874947720619,0.4543918918918919,0.464,97.5,100.0,4715,1877,3563,10,2,570,0.0021208907741251328,0.0010655301012253596,0.15997754701094583,0.35000000000000003,0.2,0.1,0.30000000000000004,25.0,30.0,70.0,0.30000000000000004,0.4,0.4,0.6000000000000001,25.0,80.0,60.0,5109,4913,196,5109,0.03836367195145821,0.35272033382011536,0.5,0.7054406676402307,1441,0.2933034805617749,1.0,1
"iteration_5","SCOPE_DATA_COLLECTION",900,38,2350.0,2410.0,1,5070,3749,1336,5173,3797,1319,4782,3552,1250,286,213,83,0.05643251775848461,0.05657370517928287,0.0622655663915979,0.3400954332366137,0.7183052722866013,1.206631710271155,0.6801908664732274,0.7183052722866013,0.80442114018077,0.2588874947720619,0.4543918918918919,0.464,97.5,100.0,4715,1877,3563,10,2,570,0.0021208907741251328,0.0010655301012253596,0.15997754701094583,0.35000000000000003,0.2,0.1,0.30000000000000004,25.0,30.0,70.0,0.30000000000000004,0.4,0.4,0.6000000000000001,25.0,80.0,60.0,3795,3617,178,3795,0.0469038208168643,0.7215261046780045,1.0,0.7215261046780045,1572,0.4346143212607133,1.0,1
"iteration_5","SCOPE_DATA_COLLECTION",900,38,2350.0,2410.0,2,5070,3749,1336,5173,3797,1319,4782,3552,1250,286,213,83,0.05643251775848461,0.05657370517928287,0.0622655663915979,0.3400954332366137,0.7183052722866013,1.206631710271155,0.6801908664732274,0.7183052722866013,0.80442114018077,0.2588874947720619,0.4543918918918919,0.464,97.5,100.0,4715,1877,3563,10,2,570,0.0021208907741251328,0.0010655301012253596,0.15997754701094583,0.35000000000000003,0.2,0.1,0.30000000000000004,25.0,30.0,70.0,0.30000000000000004,0.4,0.4,0.6000000000000001,25.0,80.0,60.0,1260,1183,77,1260,0.06111111111111111,1.2453722277396155,1.5,0.8302481518264103,552,0.46661031276415893,1.0,1
"iteration_5","SCOPE_DATA_COLLECTION",900,39,2410.0,2470.0,0,5109,3795,1260,5070,3749,1336,4904,3606,1189,196,178,77,0.038431372549019606,0.04704016913319239,0.060821484992101105,0.35259360614993207,0.7170666365450213,1.253321170504292,0.7051872122998641,0.7170666365450213,0.8355474470028613,0.29159869494290375,0.4328896283971159,0.47098402018502944,100.0,100.0,4742,1670,3752,31,1,419,0.0065373260227752005,5.988023952095808E-4,0.11167377398720682,0.30000000000000004,0.4,0.4,0.6000000000000001,25.0,80.0,60.0,0.45,0.9,0.2,0.8,40.0,25.0,65.0,5059,5041,18,5059,0.0035580154180668115,0.3291032641469748,0.5,0.6582065282939497,1398,0.27732592739535805,1.0,1
"iteration_5","SCOPE_DATA_COLLECTION",900,39,2410.0,2470.0,1,5109,3795,1260,5070,3749,1336,4904,3606,1189,196,178,77,0.038431372549019606,0.04704016913319239,0.060821484992101105,0.35259360614993207,0.7170666365450213,1.253321170504292,0.7051872122998641,0.7170666365450213,0.8355474470028613,0.29159869494290375,0.4328896283971159,0.47098402018502944,100.0,100.0,4742,1670,3752,31,1,419,0.0065373260227752005,5.988023952095808E-4,0.11167377398720682,0.30000000000000004,0.4,0.4,0.6000000000000001,25.0,80.0,60.0,0.45,0.9,0.2,0.8,40.0,25.0,65.0,3815,3803,12,3815,0.003145478374836173,0.6500133389172975,1.0,0.6500133389172975,1510,0.3970549566132001,1.0,1
"iteration_5","SCOPE_DATA_COLLECTION",900,39,2410.0,2470.0,2,5109,3795,1260,5070,3749,1336,4904,3606,1189,196,178,77,0.038431372549019606,0.04704016913319239,0.060821484992101105,0.35259360614993207,0.7170666365450213,1.253321170504292,0.7051872122998641,0.7170666365450213,0.8355474470028613,0.29159869494290375,0.4328896283971159,0.47098402018502944,100.0,100.0,4742,1670,3752,31,1,419,0.0065373260227752005,5.988023952095808E-4,0.11167377398720682,0.30000000000000004,0.4,0.4,0.6000000000000001,25.0,80.0,60.0,0.45,0.9,0.2,0.8,40.0,25.0,65.0,1322,1301,21,1322,0.01588502269288956,1.1673773390788156,1.5,0.7782515593858771,566,0.4350499615680246,1.0,1
"iteration_5","SCOPE_DATA_COLLECTION",900,40,2470.0,2530.0,0,5059,3815,1322,5109,3795,1260,5033,3785,1278,18,12,21,0.0035636507622253018,0.0031603897814063736,0.016166281755196306,0.31978188614872993,0.6455877236162344,1.1407278689917182,0.6395637722974599,0.6455877236162344,0.7604852459944788,0.2759785416252732,0.3955085865257596,0.42644757433489827,97.5,100.0,4571,2582,3043,24,1,26,0.005250492233646905,3.872966692486445E-4,0.008544199802826159,0.45,0.9,0.2,0.8,40.0,25.0,65.0,0.45,0.8,0.30000000000000004,0.8,30.0,25.0,65.0,5100,5043,57,5100,0.011176470588235295,0.3332232477730645,0.5,0.666446495546129,1493,0.29605393614911757,1.0,1
"iteration_5","SCOPE_DATA_COLLECTION",900,40,2470.0,2530.0,1,5059,3815,1322,5109,3795,1260,5033,3785,1278,18,12,21,0.0035636507622253018,0.0031603897814063736,0.016166281755196306,0.31978188614872993,0.6455877236162344,1.1407278689917182,0.6395637722974599,0.6455877236162344,0.7604852459944788,0.2759785416252732,0.3955085865257596,0.42644757433489827,97.5,100.0,4571,2582,3043,24,1,26,0.005250492233646905,3.872966692486445E-4,0.008544199802826159,0.45,0.9,0.2,0.8,40.0,25.0,65.0,0.45,0.8,0.30000000000000004,0.8,30.0,25.0,65.0,3750,3690,60,3750,0.016,0.6720152441059858,1.0,0.6720152441059858,1541,0.4176151761517615,1.0,1
"iteration_5","SCOPE_DATA_COLLECTION",900,40,2470.0,2530.0,2,5059,3815,1322,5109,3795,1260,5033,3785,1278,18,12,21,0.0035636507622253018,0.0031603897814063736,0.016166281755196306,0.31978188614872993,0.6455877236162344,1.1407278689917182,0.6395637722974599,0.6455877236162344,0.7604852459944788,0.2759785416252732,0.3955085865257596,0.42644757433489827,97.5,100.0,4571,2582,3043,24,1,26,0.005250492233646905,3.872966692486445E-4,0.008544199802826159,0.45,0.9,0.2,0.8,40.0,25.0,65.0,0.45,0.8,0.30000000000000004,0.8,30.0,25.0,65.0,1336,1297,39,1336,0.029191616766467067,1.1591109682233125,1.5,0.7727406454822083,568,0.4379336931380108,1.0,1
"iteration_5","SCOPE_DATA_COLLECTION",900,41,2530.0,2590.0,0,5100,3750,1336,5059,3815,1322,5055,3715,1298,57,60,39,0.011150234741784037,0.015894039735099338,0.02916978309648467,0.3421714790745854,0.6823615589942709,1.179706292099853,0.6843429581491708,0.6823615589942709,0.786470861399902,0.29891196834817013,0.42180349932705247,0.44298921417565484,97.5,100.0,4573,2493,3120,35,2,119,0.007653619068445222,8.022462896109105E-4,0.038141025641025644,0.45,0.8,0.30000000000000004,0.8,30.0,25.0,65.0,0.45,0.8,0.30000000000000004,0.8,30.0,25.0,65.0,5108,5054,54,5108,0.010571652310101801,0.320335708409621,0.5,0.640671416819242,1377,0.27245745943806887,1.0,1
"iteration_5","SCOPE_DATA_COLLECTION",900,41,2530.0,2590.0,1,5100,3750,1336,5059,3815,1322,5055,3715,1298,57,60,39,0.011150234741784037,0.015894039735099338,0.02916978309648467,0.3421714790745854,0.6823615589942709,1.179706292099853,0.6843429581491708,0.6823615589942709,0.786470861399902,0.29891196834817013,0.42180349932705247,0.44298921417565484,97.5,100.0,4573,2493,3120,35,2,119,0.007653619068445222,8.022462896109105E-4,0.038141025641025644,0.45,0.8,0.30000000000000004,0.8,30.0,25.0,65.0,0.45,0.8,0.30000000000000004,0.8,30.0,25.0,65.0,3706,3665,41,3706,0.011063140852671344,0.6603761054601447,1.0,0.6603761054601447,1483,0.40463847203274217,1.0,1
"iteration_5","SCOPE_DATA_COLLECTION",900,41,2530.0,2590.0,2,5100,3750,1336,5059,3815,1322,5055,3715,1298,57,60,39,0.011150234741784037,0.015894039735099338,0.02916978309648467,0.3421714790745854,0.6823615589942709,1.179706292099853,0.6843429581491708,0.6823615589942709,0.786470861399902,0.29891196834817013,0.42180349932705247,0.44298921417565484,97.5,100.0,4573,2493,3120,35,2,119,0.007653619068445222,8.022462896109105E-4,0.038141025641025644,0.45,0.8,0.30000000000000004,0.8,30.0,25.0,65.0,0.45,0.8,0.30000000000000004,0.8,30.0,25.0,65.0,1376,1347,29,1376,0.021075581395348836,1.1898425466377507,1.5,0.7932283644251671,603,0.44766146993318484,1.0,1
"iteration_5","SCOPE_DATA_COLLECTION",900,42,2590.0,2650.0,0,5108,3706,1376,5100,3750,1336,5066,3665,1353,54,41,29,0.010546875,0.011063140852671344,0.020984081041968163,0.32167238642544393,0.6586157278008571,1.1810602172568387,0.6433447728508879,0.6586157278008571,0.7873734781712258,0.27378602447690487,0.40272851296043655,0.4434589800443459,97.5,100.0,4532,2526,3132,37,1,86,0.008164165931156223,3.95882818685669E-4,0.027458492975734355,0.45,0.8,0.30000000000000004,0.8,30.0,25.0,65.0,0.9,0.2,0.7000000000000001,0.7000000000000001,30.0,20.0,75.0,5071,5066,5,5071,9.859988168014198E-4,0.2829743150506976,0.5,0.5659486301013952,994,0.19621002763521517,1.0,1
"iteration_5","SCOPE_DATA_COLLECTION",900,42,2590.0,2650.0,1,5108,3706,1376,5100,3750,1336,5066,3665,1353,54,41,29,0.010546875,0.011063140852671344,0.020984081041968163,0.32167238642544393,0.6586157278008571,1.1810602172568387,0.6433447728508879,0.6586157278008571,0.7873734781712258,0.27378602447690487,0.40272851296043655,0.4434589800443459,97.5,100.0,4532,2526,3132,37,1,86,0.008164165931156223,3.95882818685669E-4,0.027458492975734355,0.45,0.8,0.30000000000000004,0.8,30.0,25.0,65.0,0.9,0.2,0.7000000000000001,0.7000000000000001,30.0,20.0,75.0,3635,3623,12,3635,0.003301237964236589,0.6816066490029452,1.0,0.6816066490029452,1532,0.4228539884073972,1.0,1
"iteration_5","SCOPE_DATA_COLLECTION",900,42,2590.0,2650.0,2,5108,3706,1376,5100,3750,1336,5066,3665,1353,54,41,29,0.010546875,0.011063140852671344,0.020984081041968163,0.32167238642544393,0.6586157278008571,1.1810602172568387,0.6433447728508879,0.6586157278008571,0.7873734781712258,0.27378602447690487,0.40272851296043655,0.4434589800443459,97.5,100.0,4532,2526,3132,37,1,86,0.008164165931156223,3.95882818685669E-4,0.027458492975734355,0.45,0.8,0.30000000000000004,0.8,30.0,25.0,65.0,0.9,0.2,0.7000000000000001,0.7000000000000001,30.0,20.0,75.0,1296,1273,23,1296,0.017746913580246913,1.169464580993482,1.5,0.7796430539956547,570,0.44776119402985076,1.0,1
"iteration_5","SCOPE_DATA_COLLECTION",900,43,2650.0,2710.0,0,5071,3635,1296,5108,3706,1376,5059,3624,1286,5,12,23,9.873617693522906E-4,0.0033003300330033004,0.01757066462948816,0.28292450241792355,0.6814397958459016,1.176981860036579,0.5658490048358471,0.6814397958459016,0.7846545733577193,0.19588851551690056,0.42328918322295805,0.45178849144634525,100.0,100.0,4590,4860,552,35,5,0,0.007625272331154684,0.00102880658436214,0.0,0.9,0.2,0.7000000000000001,0.7000000000000001,30.0,20.0,75.0,0.8,0.30000000000000004,0.7000000000000001,0.8,40.0,20.0,65.0,5134,5130,4,5134,7.791195948578107E-4,0.28997699120476955,0.5,0.5799539824095391,1122,0.21871345029239767,1.0,1
"iteration_5","SCOPE_DATA_COLLECTION",900,43,2650.0,2710.0,1,5071,3635,1296,5108,3706,1376,5059,3624,1286,5,12,23,9.873617693522906E-4,0.0033003300330033004,0.01757066462948816,0.28292450241792355,0.6814397958459016,1.176981860036579,0.5658490048358471,0.6814397958459016,0.7846545733577193,0.19588851551690056,0.42328918322295805,0.45178849144634525,100.0,100.0,4590,4860,552,35,5,0,0.007625272331154684,0.00102880658436214,0.0,0.9,0.2,0.7000000000000001,0.7000000000000001,30.0,20.0,75.0,0.8,0.30000000000000004,0.7000000000000001,0.8,40.0,20.0,65.0,3804,3785,19,3804,0.004994742376445847,0.6837184681823337,1.0,0.6837184681823337,1583,0.4182298546895641,1.0,1
"iteration_5","SCOPE_DATA_COLLECTION",900,43,2650.0,2710.0,2,5071,3635,1296,5108,3706,1376,5059,3624,1286,5,12,23,9.873617693522906E-4,0.0033003300330033004,0.01757066462948816,0.28292450241792355,0.6814397958459016,1.176981860036579,0.5658490048358471,0.6814397958459016,0.7846545733577193,0.19588851551690056,0.42328918322295805,0.45178849144634525,100.0,100.0,4590,4860,552,35,5,0,0.007625272331154684,0.00102880658436214,0.0,0.9,0.2,0.7000000000000001,0.7000000000000001,30.0,20.0,75.0,0.8,0.30000000000000004,0.7000000000000001,0.8,40.0,20.0,65.0,1322,1302,20,1322,0.015128593040847202,1.1846974116439701,1.5,0.7897982744293134,589,0.4523809523809524,1.0,1
"iteration_5","SCOPE_DATA_COLLECTION",900,44,2710.0,2770.0,0,5134,3804,1322,5071,3635,1296,5141,3788,1298,4,19,20,7.774538386783285E-4,0.004990806409246125,0.015174506828528073,0.289956635182219,0.6839506359961641,1.1828817074445275,0.579913270364438,0.6839506359961641,0.7885878049630183,0.2192180509628477,0.4176346356916579,0.4514637904468413,100.0,100.0,4608,4505,1147,42,1,0,0.009114583333333334,2.2197558268590456E-4,0.0,0.8,0.30000000000000004,0.7000000000000001,0.8,40.0,20.0,65.0,0.25,0.8,0.8,0.1,35.0,50.0,95.0,5026,4529,497,5026,0.0988857938718663,0.3847704876103371,0.5,0.7695409752206742,1439,0.31773018326341357,1.0,1
"iteration_5","SCOPE_DATA_COLLECTION",900,44,2710.0,2770.0,1,5134,3804,1322,5071,3635,1296,5141,3788,1298,4,19,20,7.774538386783285E-4,0.004990806409246125,0.015174506828528073,0.289956635182219,0.6839506359961641,1.1828817074445275,0.579913270364438,0.6839506359961641,0.7885878049630183,0.2192180509628477,0.4176346356916579,0.4514637904468413,100.0,100.0,4608,4505,1147,42,1,0,0.009114583333333334,2.2197558268590456E-4,0.0,0.8,0.30000000000000004,0.7000000000000001,0.8,40.0,20.0,65.0,0.25,0.8,0.8,0.1,35.0,50.0,95.0,3752,3354,398,3752,0.10607675906183368,0.7917863430370794,1.0,0.7917863430370794,1600,0.4770423375074538,1.0,1
"iteration_5","SCOPE_DATA_COLLECTION",900,44,2710.0,2770.0,2,5134,3804,1322,5071,3635,1296,5141,3788,1298,4,19,20,7.774538386783285E-4,0.004990806409246125,0.015174506828528073,0.289956635182219,0.6839506359961641,1.1828817074445275,0.579913270364438,0.6839506359961641,0.7885878049630183,0.2192180509628477,0.4176346356916579,0.4514637904468413,100.0,100.0,4608,4505,1147,42,1,0,0.009114583333333334,2.2197558268590456E-4,0.0,0.8,0.30000000000000004,0.7000000000000001,0.8,40.0,20.0,65.0,0.25,0.8,0.8,0.1,35.0,50.0,95.0,1272,1134,138,1272,0.10849056603773585,1.255777569310761,1.5,0.8371850462071739,558,0.49206349206349204,1.0,1
"iteration_5","SCOPE_DATA_COLLECTION",900,45,2770.0,2830.0,0,5026,3752,1272,5134,3804,1322,4516,3332,1127,497,398,138,0.09914223020147617,0.1067024128686327,0.10909090909090909,0.38383423081103624,0.7917183380194304,1.2616639275830435,0.7676684616220725,0.7917183380194304,0.8411092850553623,0.3151018600531444,0.47809123649459784,0.49600709849157054,92.5,100.0,4513,1438,4099,18,0,1015,0.0039884777309993355,0.0,0.24762137106611368,0.25,0.8,0.8,0.1,35.0,50.0,95.0,0.15000000000000002,0.8,0.9,0.1,45.0,50.0,95.0,5220,3990,1230,5220,0.23563218390804597,0.4626437017210267,0.5,0.9252874034420534,1672,0.41904761904761906,1.0,1
"iteration_5","SCOPE_DATA_COLLECTION",900,45,2770.0,2830.0,1,5026,3752,1272,5134,3804,1322,4516,3332,1127,497,398,138,0.09914223020147617,0.1067024128686327,0.10909090909090909,0.38383423081103624,0.7917183380194304,1.2616639275830435,0.7676684616220725,0.7917183380194304,0.8411092850553623,0.3151018600531444,0.47809123649459784,0.49600709849157054,92.5,100.0,4513,1438,4099,18,0,1015,0.0039884777309993355,0.0,0.24762137106611368,0.25,0.8,0.8,0.1,35.0,50.0,95.0,0.15000000000000002,0.8,0.9,0.1,45.0,50.0,95.0,3686,2809,877,3686,0.237927292457949,0.9262693304786088,1.0,0.9262693304786088,1615,0.574937700249199,1.0,1
"iteration_5","SCOPE_DATA_COLLECTION",900,45,2770.0,2830.0,2,5026,3752,1272,5134,3804,1322,4516,3332,1127,497,398,138,0.09914223020147617,0.1067024128686327,0.10909090909090909,0.38383423081103624,0.7917183380194304,1.2616639275830435,0.7676684616220725,0.7917183380194304,0.8411092850553623,0.3151018600531444,0.47809123649459784,0.49600709849157054,92.5,100.0,4513,1438,4099,18,0,1015,0.0039884777309993355,0.0,0.24762137106611368,0.25,0.8,0.8,0.1,35.0,50.0,95.0,0.15000000000000002,0.8,0.9,0.1,45.0,50.0,95.0,1236,904,332,1236,0.2686084142394822,1.4948648100742867,1.5,0.9965765400495245,559,0.6183628318584071,1.0,1
"iteration_5","SCOPE_DATA_COLLECTION",900,46,2830.0,2890.0,0,5220,3686,1236,5026,3752,1272,3983,2806,913,1230,877,332,0.2359485900633033,0.23812109693184905,0.26666666666666666,0.462816074196132,0.9237334268650194,1.4925319834783664,0.925632148392264,0.9237334268650194,0.9950213223189109,0.41928194828019083,0.5741268709907341,0.6166484118291348,100.0,100.0,4599,828,4715,18,1,2420,0.003913894324853229,0.0012077294685990338,0.513255567338282,0.15000000000000002,0.8,0.9,0.1,45.0,50.0,95.0,0.4,0.2,0.8,0.4,80.0,90.0,70.0,5185,5090,95,5185,0.01832208293153327,0.32402594290493725,0.5,0.6480518858098745,1211,0.23791748526522594,1.0,1
"iteration_5","SCOPE_DATA_COLLECTION",900,46,2830.0,2890.0,1,5220,3686,1236,5026,3752,1272,3983,2806,913,1230,877,332,0.2359485900633033,0.23812109693184905,0.26666666666666666,0.462816074196132,0.9237334268650194,1.4925319834783664,0.925632148392264,0.9237334268650194,0.9950213223189109,0.41928194828019083,0.5741268709907341,0.6166484118291348,100.0,100.0,4599,828,4715,18,1,2420,0.003913894324853229,0.0012077294685990338,0.513255567338282,0.15000000000000002,0.8,0.9,0.1,45.0,50.0,95.0,0.4,0.2,0.8,0.4,80.0,90.0,70.0,3813,3703,110,3813,0.02884867558353003,0.7048418494158247,1.0,0.7048418494158247,1550,0.418579530110721,1.0,1
"iteration_5","SCOPE_DATA_COLLECTION",900,46,2830.0,2890.0,2,5220,3686,1236,5026,3752,1272,3983,2806,913,1230,877,332,0.2359485900633033,0.23812109693184905,0.26666666666666666,0.462816074196132,0.9237334268650194,1.4925319834783664,0.925632148392264,0.9237334268650194,0.9950213223189109,0.41928194828019083,0.5741268709907341,0.6166484118291348,100.0,100.0,4599,828,4715,18,1,2420,0.003913894324853229,0.0012077294685990338,0.513255567338282,0.15000000000000002,0.8,0.9,0.1,45.0,50.0,95.0,0.4,0.2,0.8,0.4,80.0,90.0,70.0,1373,1327,46,1373,0.033503277494537506,1.2270375532516185,1.5,0.818025035501079,619,0.46646571213263,1.0,1
"iteration_5","SCOPE_DATA_COLLECTION",900,47,2890.0,2950.0,0,5185,3813,1373,5220,3686,1236,5096,3719,1315,95,110,46,0.01830090541321518,0.028728127448419953,0.03379867744305658,0.32458690560861,0.7049811171465847,1.2212692167316748,0.64917381121722,0.7049811171465847,0.8141794778211165,0.23901098901098902,0.41812315138478084,0.46311787072243343,100.0,100.0,4543,2303,3525,28,1,222,0.0061633281972265025,4.342162396873643E-4,0.06297872340425532,0.4,0.2,0.8,0.4,80.0,90.0,70.0,0.30000000000000004,0.30000000000000004,0.8,0.4,80.0,90.0,70.0,5121,4809,312,5121,0.06092560046865846,0.3870649693917081,0.5,0.7741299387834162,1419,0.29507174048658763,1.0,1
"iteration_5","SCOPE_DATA_COLLECTION",900,47,2890.0,2950.0,1,5185,3813,1373,5220,3686,1236,5096,3719,1315,95,110,46,0.01830090541321518,0.028728127448419953,0.03379867744305658,0.32458690560861,0.7049811171465847,1.2212692167316748,0.64917381121722,0.7049811171465847,0.8141794778211165,0.23901098901098902,0.41812315138478084,0.46311787072243343,100.0,100.0,4543,2303,3525,28,1,222,0.0061633281972265025,4.342162396873643E-4,0.06297872340425532,0.4,0.2,0.8,0.4,80.0,90.0,70.0,0.30000000000000004,0.30000000000000004,0.8,0.4,80.0,90.0,70.0,3666,3420,246,3666,0.06710310965630115,0.8077571215098162,1.0,0.8077571215098162,1612,0.47134502923976607,1.0,1
"iteration_5","SCOPE_DATA_COLLECTION",900,47,2890.0,2950.0,2,5185,3813,1373,5220,3686,1236,5096,3719,1315,95,110,46,0.01830090541321518,0.028728127448419953,0.03379867744305658,0.32458690560861,0.7049811171465847,1.2212692167316748,0.64917381121722,0.7049811171465847,0.8141794778211165,0.23901098901098902,0.41812315138478084,0.46311787072243343,100.0,100.0,4543,2303,3525,28,1,222,0.0061633281972265025,4.342162396873643E-4,0.06297872340425532,0.4,0.2,0.8,0.4,80.0,90.0,70.0,0.30000000000000004,0.30000000000000004,0.8,0.4,80.0,90.0,70.0,1356,1223,133,1356,0.09808259587020648,1.3150202828732571,1.5,0.8766801885821714,612,0.5004088307440719,1.0,1
"iteration_5","SCOPE_DATA_COLLECTION",900,48,2950.0,3010.0,0,5121,3666,1356,5185,3813,1373,4820,3401,1237,312,246,133,0.060795011691348405,0.06745270085001372,0.09708029197080292,0.3874923116289733,0.8057771715800516,1.3164649176376515,0.7749846232579466,0.8057771715800516,0.877643278425101,0.2962655601659751,0.468979711849456,0.5012126111560227,97.5,100.0,4706,1626,3811,48,2,641,0.010199745006374841,0.0012300123001230013,0.16819732353712935,0.30000000000000004,0.30000000000000004,0.8,0.4,80.0,90.0,70.0,0.30000000000000004,0.30000000000000004,0.8,0.4,80.0,90.0,70.0,5201,4884,317,5201,0.060949817342818687,0.3471423119870142,0.5,0.6942846239740283,1370,0.2805077805077805,1.0,1
"iteration_5","SCOPE_DATA_COLLECTION",900,48,2950.0,3010.0,1,5121,3666,1356,5185,3813,1373,4820,3401,1237,312,246,133,0.060795011691348405,0.06745270085001372,0.09708029197080292,0.3874923116289733,0.8057771715800516,1.3164649176376515,0.7749846232579466,0.8057771715800516,0.877643278425101,0.2962655601659751,0.468979711849456,0.5012126111560227,97.5,100.0,4706,1626,3811,48,2,641,0.010199745006374841,0.0012300123001230013,0.16819732353712935,0.30000000000000004,0.30000000000000004,0.8,0.4,80.0,90.0,70.0,0.30000000000000004,0.30000000000000004,0.8,0.4,80.0,90.0,70.0,3751,3497,254,3751,0.06771527592641963,0.7524745962853805,1.0,0.7524745962853805,1593,0.45553331426937377,1.0,1
"iteration_5","SCOPE_DATA_COLLECTION",900,48,2950.0,3010.0,2,5121,3666,1356,5185,3813,1373,4820,3401,1237,312,246,133,0.060795011691348405,0.06745270085001372,0.09708029197080292,0.3874923116289733,0.8057771715800516,1.3164649176376515,0.7749846232579466,0.8057771715800516,0.877643278425101,0.2962655601659751,0.468979711849456,0.5012126111560227,97.5,100.0,4706,1626,3811,48,2,641,0.010199745006374841,0.0012300123001230013,0.16819732353712935,0.30000000000000004,0.30000000000000004,0.8,0.4,80.0,90.0,70.0,0.30000000000000004,0.30000000000000004,0.8,0.4,80.0,90.0,70.0,1252,1154,98,1252,0.07827476038338659,1.2921318936337376,1.5,0.8614212624224917,564,0.48873483535528595,1.0,1
"iteration_5","SCOPE_DATA_COLLECTION",900,49,3010.0,3070.0,0,5201,3751,1252,5121,3666,1356,4876,3507,1150,317,254,98,0.06104371269015983,0.0675352299920234,0.07852564102564102,0.346445771932983,0.7540127127329097,1.290127811059218,0.692891543865966,0.7540127127329097,0.860085207372812,0.27891714520098443,0.45822640433418876,0.48782608695652174,100.0,100.0,4652,1708,3844,32,1,636,0.006878761822871883,5.85480093676815E-4,0.16545265348595214,0.30000000000000004,0.30000000000000004,0.8,0.4,80.0,90.0,70.0,0.30000000000000004,0.30000000000000004,0.8,0.4,80.0,90.0,70.0,5021,4694,327,5021,0.06512646883091018,0.3479787432729876,0.5,0.6959574865459752,1334,0.28419258628035793,1.0,1
"iteration_5","SCOPE_DATA_COLLECTION",900,49,3010.0,3070.0,1,5201,3751,1252,5121,3666,1356,4876,3507,1150,317,254,98,0.06104371269015983,0.0675352299920234,0.07852564102564102,0.346445771932983,0.7540127127329097,1.290127811059218,0.692891543865966,0.7540127127329097,0.860085207372812,0.27891714520098443,0.45822640433418876,0.48782608695652174,100.0,100.0,4652,1708,3844,32,1,636,0.006878761822871883,5.85480093676815E-4,0.16545265348595214,0.30000000000000004,0.30000000000000004,0.8,0.4,80.0,90.0,70.0,0.30000000000000004,0.30000000000000004,0.8,0.4,80.0,90.0,70.0,3792,3502,290,3792,0.07647679324894514,0.7484790829231706,1.0,0.7484790829231706,1567,0.44745859508852087,1.0,1
"iteration_5","SCOPE_DATA_COLLECTION",900,49,3010.0,3070.0,2,5201,3751,1252,5121,3666,1356,4876,3507,1150,317,254,98,0.06104371269015983,0.0675352299920234,0.07852564102564102,0.346445771932983,0.7540127127329097,1.290127811059218,0.692891543865966,0.7540127127329097,0.860085207372812,0.27891714520098443,0.45822640433418876,0.48782608695652174,100.0,100.0,4652,1708,3844,32,1,636,0.006878761822871883,5.85480093676815E-4,0.16545265348595214,0.30000000000000004,0.30000000000000004,0.8,0.4,80.0,90.0,70.0,0.30000000000000004,0.30000000000000004,0.8,0.4,80.0,90.0,70.0,1302,1209,93,1302,0.07142857142857142,1.2814132749044846,1.5,0.8542755166029897,587,0.4855252274607113,1.0,1
"iteration_5","SCOPE_DATA_COLLECTION",900,50,3070.0,3130.0,0,5021,3792,1302,5201,3751,1252,4692,3513,1212,325,281,89,0.06477974885389676,0.07406431207169215,0.06840891621829362,0.3474070341547523,0.748431445338556,1.2811622925145272,0.6948140683095047,0.748431445338556,0.8541081950096848,0.2836743393009378,0.44605750071164246,0.48514851485148514,97.5,100.0,4558,1708,3849,41,0,654,0.008995173321632294,0.0,0.16991426344505067,0.30000000000000004,0.30000000000000004,0.8,0.4,80.0,90.0,70.0,0.4,0.4,0.9,0.30000000000000004,90.0,90.0,80.0,5105,5045,60,5105,0.011753183153770812,0.32662008457063146,0.5,0.6532401691412629,1403,0.27809712586719526,1.0,1
"iteration_5","SCOPE_DATA_COLLECTION",900,50,3070.0,3130.0,1,5021,3792,1302,5201,3751,1252,4692,3513,1212,325,281,89,0.06477974885389676,0.07406431207169215,0.06840891621829362,0.3474070341547523,0.748431445338556,1.2811622925145272,0.6948140683095047,0.748431445338556,0.8541081950096848,0.2836743393009378,0.44605750071164246,0.48514851485148514,97.5,100.0,4558,1708,3849,41,0,654,0.008995173321632294,0.0,0.16991426344505067,0.30000000000000004,0.30000000000000004,0.8,0.4,80.0,90.0,70.0,0.4,0.4,0.9,0.30000000000000004,90.0,90.0,80.0,3721,3658,63,3721,0.016930932545014783,0.7026394828237705,1.0,0.7026394828237705,1539,0.42072170585019136,1.0,1
"iteration_5","SCOPE_DATA_COLLECTION",900,50,3070.0,3130.0,2,5021,3792,1302,5201,3751,1252,4692,3513,1212,325,281,89,0.06477974885389676,0.07406431207169215,0.06840891621829362,0.3474070341547523,0.748431445338556,1.2811622925145272,0.6948140683095047,0.748431445338556,0.8541081950096848,0.2836743393009378,0.44605750071164246,0.48514851485148514,97.5,100.0,4558,1708,3849,41,0,654,0.008995173321632294,0.0,0.16991426344505067,0.30000000000000004,0.30000000000000004,0.8,0.4,80.0,90.0,70.0,0.4,0.4,0.9,0.30000000000000004,90.0,90.0,80.0,1355,1315,40,1355,0.02952029520295203,1.2259547275006437,1.5,0.8173031516670958,615,0.467680608365019,1.0,1
"iteration_5","SCOPE_DATA_COLLECTION",900,51,3130.0,3190.0,0,5105,3721,1355,5021,3792,1302,5042,3660,1299,62,72,44,0.012147335423197491,0.01929260450160772,0.03276247207743857,0.32727910345677624,0.7058156857408284,1.2190293154713259,0.6545582069135525,0.7058156857408284,0.8126862103142173,0.2788575961919873,0.42349726775956287,0.46420323325635104,97.5,100.0,4610,2264,3307,42,1,135,0.00911062906724512,4.4169611307420494E-4,0.04082249773208346,0.4,0.4,0.9,0.30000000000000004,90.0,90.0,80.0,0.1,0.2,0.30000000000000004,0.5,80.0,95.0,65.0,5167,3669,1498,5167,0.28991677956260886,0.48756118276160115,0.5,0.9751223655232023,1249,0.3404197328972472,1.0,1
"iteration_5","SCOPE_DATA_COLLECTION",900,51,3130.0,3190.0,1,5105,3721,1355,5021,3792,1302,5042,3660,1299,62,72,44,0.012147335423197491,0.01929260450160772,0.03276247207743857,0.32727910345677624,0.7058156857408284,1.2190293154713259,0.6545582069135525,0.7058156857408284,0.8126862103142173,0.2788575961919873,0.42349726775956287,0.46420323325635104,97.5,100.0,4610,2264,3307,42,1,135,0.00911062906724512,4.4169611307420494E-4,0.04082249773208346,0.4,0.4,0.9,0.30000000000000004,90.0,90.0,80.0,0.1,0.2,0.30000000000000004,0.5,80.0,95.0,65.0,3729,2656,1073,3729,0.2877447036739072,1.0085629658349042,1.0,1.0085629658349042,1666,0.6272590361445783,1.0,1
"iteration_5","SCOPE_DATA_COLLECTION",900,51,3130.0,3190.0,2,5105,3721,1355,5021,3792,1302,5042,3660,1299,62,72,44,0.012147335423197491,0.01929260450160772,0.03276247207743857,0.32727910345677624,0.7058156857408284,1.2190293154713259,0.6545582069135525,0.7058156857408284,0.8126862103142173,0.2788575961919873,0.42349726775956287,0.46420323325635104,97.5,100.0,4610,2264,3307,42,1,135,0.00911062906724512,4.4169611307420494E-4,0.04082249773208346,0.4,0.4,0.9,0.30000000000000004,90.0,90.0,80.0,0.1,0.2,0.30000000000000004,0.5,80.0,95.0,65.0,1314,905,409,1314,0.3112633181126332,1.6626885146926278,1.5,1.1084590097950853,600,0.6629834254143646,1.0,1
"iteration_5","SCOPE_DATA_COLLECTION",900,52,3190.0,3250.0,0,5167,3729,1314,5105,3721,1355,3662,2643,905,1498,1073,409,0.29031007751937987,0.288751345532831,0.3112633181126332,0.4873654383333574,1.0092293473715932,1.6654056496294614,0.9747308766667148,1.0092293473715932,1.1102704330863076,0.3383397050791917,0.6299659477866061,0.6662983425414365,97.5,100.0,4625,572,5013,35,0,2945,0.0075675675675675675,0.0,0.5874725713145821,0.1,0.2,0.30000000000000004,0.5,80.0,95.0,65.0,0.1,0.30000000000000004,0.30000000000000004,0.6000000000000001,80.0,95.0,55.0,5060,3663,1397,5060,0.27608695652173915,0.49799564922696454,0.5,0.9959912984539291,1338,0.3652743652743653,1.0,1
"iteration_5","SCOPE_DATA_COLLECTION",900,52,3190.0,3250.0,1,5167,3729,1314,5105,3721,1355,3662,2643,905,1498,1073,409,0.29031007751937987,0.288751345532831,0.3112633181126332,0.4873654383333574,1.0092293473715932,1.6654056496294614,0.9747308766667148,1.0092293473715932,1.1102704330863076,0.3383397050791917,0.6299659477866061,0.6662983425414365,97.5,100.0,4625,572,5013,35,0,2945,0.0075675675675675675,0.0,0.5874725713145821,0.1,0.2,0.30000000000000004,0.5,80.0,95.0,65.0,0.1,0.30000000000000004,0.30000000000000004,0.6000000000000001,80.0,95.0,55.0,3624,2659,965,3624,0.266280353200883,0.9830018664887697,1.0,0.9830018664887697,1581,0.5945844302369312,1.0,1
"iteration_5","SCOPE_DATA_COLLECTION",900,52,3190.0,3250.0,2,5167,3729,1314,5105,3721,1355,3662,2643,905,1498,1073,409,0.29031007751937987,0.288751345532831,0.3112633181126332,0.4873654383333574,1.0092293473715932,1.6654056496294614,0.9747308766667148,1.0092293473715932,1.1102704330863076,0.3383397050791917,0.6299659477866061,0.6662983425414365,97.5,100.0,4625,572,5013,35,0,2945,0.0075675675675675675,0.0,0.5874725713145821,0.1,0.2,0.30000000000000004,0.5,80.0,95.0,65.0,0.1,0.30000000000000004,0.30000000000000004,0.6000000000000001,80.0,95.0,55.0,1275,894,381,1275,0.2988235294117647,1.6274209284458883,1.5,1.0849472856305922,593,0.6633109619686801,1.0,1
"iteration_5","SCOPE_DATA_COLLECTION",900,53,3250.0,3310.0,0,5060,3624,1275,5167,3729,1314,3650,2628,908,1397,965,380,0.27679809787992865,0.26857779014750904,0.2950310559006211,0.4890675232237494,0.9750492362516672,1.6319515740485948,0.9781350464474988,0.9750492362516672,1.0879677160323966,0.3643835616438356,0.587138508371385,0.6629955947136564,97.5,100.0,4552,551,4856,21,2,2719,0.00461335676625659,0.003629764065335753,0.5599258649093904,0.1,0.30000000000000004,0.30000000000000004,0.6000000000000001,80.0,95.0,55.0,0.2,0.2,0.30000000000000004,0.7000000000000001,90.0,95.0,45.0,5261,4220,1041,5261,0.19787112716213648,0.3946395030864845,0.5,0.789279006172969,1282,0.30379146919431277,1.0,1
"iteration_5","SCOPE_DATA_COLLECTION",900,53,3250.0,3310.0,1,5060,3624,1275,5167,3729,1314,3650,2628,908,1397,965,380,0.27679809787992865,0.26857779014750904,0.2950310559006211,0.4890675232237494,0.9750492362516672,1.6319515740485948,0.9781350464474988,0.9750492362516672,1.0879677160323966,0.3643835616438356,0.587138508371385,0.6629955947136564,97.5,100.0,4552,551,4856,21,2,2719,0.00461335676625659,0.003629764065335753,0.5599258649093904,0.1,0.30000000000000004,0.30000000000000004,0.6000000000000001,80.0,95.0,55.0,0.2,0.2,0.30000000000000004,0.7000000000000001,90.0,95.0,45.0,3831,3051,780,3831,0.20360219263899765,0.8468409244577515,1.0,0.8468409244577515,1617,0.5299901671583087,1.0,1
"iteration_5","SCOPE_DATA_COLLECTION",900,53,3250.0,3310.0,2,5060,3624,1275,5167,3729,1314,3650,2628,908,1397,965,380,0.27679809787992865,0.26857779014750904,0.2950310559006211,0.4890675232237494,0.9750492362516672,1.6319515740485948,0.9781350464474988,0.9750492362516672,1.0879677160323966,0.3643835616438356,0.587138508371385,0.6629955947136564,97.5,100.0,4552,551,4856,21,2,2719,0.00461335676625659,0.003629764065335753,0.5599258649093904,0.1,0.30000000000000004,0.30000000000000004,0.6000000000000001,80.0,95.0,55.0,0.2,0.2,0.30000000000000004,0.7000000000000001,90.0,95.0,45.0,1340,1030,310,1340,0.23134328358208955,1.4521980702993027,1.5,0.9681320468662018,593,0.5757281553398058,1.0,1
"iteration_5","SCOPE_DATA_COLLECTION",900,54,3310.0,3370.0,0,5261,3831,1340,5060,3624,1275,4230,3078,1019,1041,780,311,0.19749573136027318,0.20217729393468117,0.23383458646616542,0.40047218095664106,0.8529630967843375,1.4486923481909229,0.8009443619132821,0.8529630967843375,0.9657948987939485,0.30425531914893617,0.5341130604288499,0.57801766437684,100.0,100.0,4712,1114,4606,26,2,2104,0.0055178268251273345,0.0017953321364452424,0.45679548415110727,0.2,0.2,0.30000000000000004,0.7000000000000001,90.0,95.0,45.0,0.1,0.1,0.30000000000000004,0.8,80.0,85.0,35.0,5162,3562,1600,5162,0.30995738086013175,0.4650413309917286,0.5,0.9300826619834572,1277,0.35850645704660306,1.0,1
"iteration_5","SCOPE_DATA_COLLECTION",900,54,3310.0,3370.0,1,5261,3831,1340,5060,3624,1275,4230,3078,1019,1041,780,311,0.19749573136027318,0.20217729393468117,0.23383458646616542,0.40047218095664106,0.8529630967843375,1.4486923481909229,0.8009443619132821,0.8529630967843375,0.9657948987939485,0.30425531914893617,0.5341130604288499,0.57801766437684,100.0,100.0,4712,1114,4606,26,2,2104,0.0055178268251273345,0.0017953321364452424,0.45679548415110727,0.2,0.2,0.30000000000000004,0.7000000000000001,90.0,95.0,45.0,0.1,0.1,0.30000000000000004,0.8,80.0,85.0,35.0,3746,2590,1156,3746,0.30859583555792847,0.9795942894730243,1.0,0.9795942894730243,1668,0.644015444015444,1.0,1
"iteration_5","SCOPE_DATA_COLLECTION",900,54,3310.0,3370.0,2,5261,3831,1340,5060,3624,1275,4230,3078,1019,1041,780,311,0.19749573136027318,0.20217729393468117,0.23383458646616542,0.40047218095664106,0.8529630967843375,1.4486923481909229,0.8009443619132821,0.8529630967843375,0.9657948987939485,0.30425531914893617,0.5341130604288499,0.57801766437684,100.0,100.0,4712,1114,4606,26,2,2104,0.0055178268251273345,0.0017953321364452424,0.45679548415110727,0.2,0.2,0.30000000000000004,0.7000000000000001,90.0,95.0,45.0,0.1,0.1,0.30000000000000004,0.8,80.0,85.0,35.0,1404,963,441,1404,0.3141025641025641,1.632109831089828,1.5,1.088073220726552,645,0.6697819314641744,1.0,1
"iteration_5","SCOPE_DATA_COLLECTION",900,55,3370.0,3430.0,0,5162,3746,1404,5261,3831,1340,3586,2605,970,1595,1148,435,0.3078556263269639,0.305888622435385,0.3096085409252669,0.46718076740946224,0.9744170360014194,1.6257696996079982,0.9343615348189245,0.9744170360014194,1.0838464664053322,0.3611266034578918,0.6395393474088292,0.6639175257731958,97.5,100.0,4652,589,5071,29,1,3148,0.006233877901977644,0.001697792869269949,0.6207848550581739,0.1,0.1,0.30000000000000004,0.8,80.0,85.0,35.0,0.4,0.7000000000000001,0.2,0.9,65.0,30.0,40.0,5103,4978,125,5103,0.024495394865765237,0.3276700736861732,0.5,0.6553401473723464,1415,0.2842507030936119,1.0,1
"iteration_5","SCOPE_DATA_COLLECTION",900,55,3370.0,3430.0,1,5162,3746,1404,5261,3831,1340,3586,2605,970,1595,1148,435,0.3078556263269639,0.305888622435385,0.3096085409252669,0.46718076740946224,0.9744170360014194,1.6257696996079982,0.9343615348189245,0.9744170360014194,1.0838464664053322,0.3611266034578918,0.6395393474088292,0.6639175257731958,97.5,100.0,4652,589,5071,29,1,3148,0.006233877901977644,0.001697792869269949,0.6207848550581739,0.1,0.1,0.30000000000000004,0.8,80.0,85.0,35.0,0.4,0.7000000000000001,0.2,0.9,65.0,30.0,40.0,3780,3694,86,3780,0.02275132275132275,0.6610683388694811,1.0,0.6610683388694811,1504,0.4071467244179751,1.0,1
"iteration_5","SCOPE_DATA_COLLECTION",900,55,3370.0,3430.0,2,5162,3746,1404,5261,3831,1340,3586,2605,970,1595,1148,435,0.3078556263269639,0.305888622435385,0.3096085409252669,0.46718076740946224,0.9744170360014194,1.6257696996079982,0.9343615348189245,0.9744170360014194,1.0838464664053322,0.3611266034578918,0.6395393474088292,0.6639175257731958,97.5,100.0,4652,589,5071,29,1,3148,0.006233877901977644,0.001697792869269949,0.6207848550581739,0.1,0.1,0.30000000000000004,0.8,80.0,85.0,35.0,0.4,0.7000000000000001,0.2,0.9,65.0,30.0,40.0,1293,1236,57,1293,0.04408352668213457,1.1855419818548723,1.5,0.7903613212365815,554,0.4482200647249191,1.0,1
"iteration_5","SCOPE_DATA_COLLECTION",900,56,3430.0,3490.0,0,5103,3780,1293,5162,3746,1404,4973,3687,1247,130,94,63,0.025475210660395847,0.024861147844485586,0.048091603053435114,0.3277813858870362,0.6646760183478688,1.1969955911993004,0.6555627717740724,0.6646760183478688,0.7979970607995336,0.2841343253569274,0.4084621643612693,0.4538893344025662,95.0,100.0,4521,2200,3455,22,3,262,0.004866180048661801,0.0013636363636363637,0.07583212735166425,0.4,0.7000000000000001,0.2,0.9,65.0,30.0,40.0,0.4,0.7000000000000001,0.2,0.9,65.0,30.0,40.0,5089,4986,103,5089,0.020239732756926705,0.361253118930829,0.5,0.722506237861658,1469,0.2946249498596069,1.0,1
"iteration_5","SCOPE_DATA_COLLECTION",900,56,3430.0,3490.0,1,5103,3780,1293,5162,3746,1404,4973,3687,1247,130,94,63,0.025475210660395847,0.024861147844485586,0.048091603053435114,0.3277813858870362,0.6646760183478688,1.1969955911993004,0.6555627717740724,0.6646760183478688,0.7979970607995336,0.2841343253569274,0.4084621643612693,0.4538893344025662,95.0,100.0,4521,2200,3455,22,3,262,0.004866180048661801,0.0013636363636363637,0.07583212735166425,0.4,0.7000000000000001,0.2,0.9,65.0,30.0,40.0,0.4,0.7000000000000001,0.2,0.9,65.0,30.0,40.0,3751,3658,93,3751,0.024793388429752067,0.6991381613795563,1.0,0.6991381613795563,1475,0.4032258064516129,1.0,1
"iteration_5","SCOPE_DATA_COLLECTION",900,56,3430.0,3490.0,2,5103,3780,1293,5162,3746,1404,4973,3687,1247,130,94,63,0.025475210660395847,0.024861147844485586,0.048091603053435114,0.3277813858870362,0.6646760183478688,1.1969955911993004,0.6555627717740724,0.6646760183478688,0.7979970607995336,0.2841343253569274,0.4084621643612693,0.4538893344025662,95.0,100.0,4521,2200,3455,22,3,262,0.004866180048661801,0.0013636363636363637,0.07583212735166425,0.4,0.7000000000000001,0.2,0.9,65.0,30.0,40.0,0.4,0.7000000000000001,0.2,0.9,65.0,30.0,40.0,1346,1313,33,1346,0.02451708766716196,1.2387524447601561,1.5,0.8258349631734374,607,0.4623000761614623,1.0,1
"iteration_5","SCOPE_DATA_COLLECTION",900,57,3490.0,3550.0,0,5089,3751,1346,5103,3780,1293,4979,3672,1299,103,93,33,0.020267611176702085,0.024701195219123506,0.024774774774774775,0.3615045760129794,0.7012592370376899,1.2300543515935694,0.7230091520259588,0.7012592370376899,0.8200362343957129,0.29463747740510143,0.40631808278867104,0.45804464973056197,100.0,100.0,4524,2246,3416,18,3,208,0.003978779840848806,0.0013357079252003562,0.06088992974238876,0.4,0.7000000000000001,0.2,0.9,65.0,30.0,40.0,0.5,0.8,0.1,0.8,55.0,20.0,30.0,5120,5093,27,5120,0.0052734375,0.3108191531430102,0.5,0.6216383062860203,1337,0.26251718044374633,1.0,1
"iteration_5","SCOPE_DATA_COLLECTION",900,57,3490.0,3550.0,1,5089,3751,1346,5103,3780,1293,4979,3672,1299,103,93,33,0.020267611176702085,0.024701195219123506,0.024774774774774775,0.3615045760129794,0.7012592370376899,1.2300543515935694,0.7230091520259588,0.7012592370376899,0.8200362343957129,0.29463747740510143,0.40631808278867104,0.45804464973056197,100.0,100.0,4524,2246,3416,18,3,208,0.003978779840848806,0.0013357079252003562,0.06088992974238876,0.4,0.7000000000000001,0.2,0.9,65.0,30.0,40.0,0.5,0.8,0.1,0.8,55.0,20.0,30.0,3694,3657,37,3694,0.010016242555495398,0.6167499310953732,1.0,0.6167499310953732,1431,0.391304347826087,1.0,1
"iteration_5","SCOPE_DATA_COLLECTION",900,57,3490.0,3550.0,2,5089,3751,1346,5103,3780,1293,4979,3672,1299,103,93,33,0.020267611176702085,0.024701195219123506,0.024774774774774775,0.3615045760129794,0.7012592370376899,1.2300543515935694,0.7230091520259588,0.7012592370376899,0.8200362343957129,0.29463747740510143,0.40631808278867104,0.45804464973056197,100.0,100.0,4524,2246,3416,18,3,208,0.003978779840848806,0.0013357079252003562,0.06088992974238876,0.4,0.7000000000000001,0.2,0.9,65.0,30.0,40.0,0.5,0.8,0.1,0.8,55.0,20.0,30.0,1344,1318,26,1344,0.019345238095238096,1.187172240176737,1.5,0.7914481601178247,605,0.4590288315629742,1.0,1
"iteration_5","SCOPE_DATA_COLLECTION",900,58,3550.0,3618.4480770998603,0,5120,3694,1344,5089,3751,1346,5093,3650,1321,27,37,26,0.0052734375,0.010035259018171955,0.019302152932442463,0.30952642640854133,0.614537529982031,1.190819141851113,0.6190528528170827,0.614537529982031,0.793879427900742,0.2609463970155115,0.3887671232876712,0.46025738077214234,100.0,100.0,4518,2820,2820,22,4,64,0.004869411243913236,0.0014184397163120568,0.02269503546099291,0.5,0.8,0.1,0.8,55.0,20.0,30.0,0.5,0.9,0.2,0.7000000000000001,65.0,30.0,20.0,4188,4130,27,4157,0.006495068559057012,0.3105999257434292,0.5,0.6211998514868584,1113,0.26949152542372884,0.9925978987583572,0
"iteration_5","SCOPE_DATA_COLLECTION",900,58,3550.0,3618.4480770998603,1,5120,3694,1344,5089,3751,1346,5093,3650,1321,27,37,26,0.0052734375,0.010035259018171955,0.019302152932442463,0.30952642640854133,0.614537529982031,1.190819141851113,0.6190528528170827,0.614537529982031,0.793879427900742,0.2609463970155115,0.3887671232876712,0.46025738077214234,100.0,100.0,4518,2820,2820,22,4,64,0.004869411243913236,0.0014184397163120568,0.02269503546099291,0.5,0.8,0.1,0.8,55.0,20.0,30.0,0.5,0.9,0.2,0.7000000000000001,65.0,30.0,20.0,3146,3088,22,3110,0.00707395498392283,0.6377106657791063,1.0,0.6377106657791063,1237,0.4005829015544041,0.9885568976478067,0
"iteration_5","SCOPE_DATA_COLLECTION",900,58,3550.0,3618.4480770998603,2,5120,3694,1344,5089,3751,1346,5093,3650,1321,27,37,26,0.0052734375,0.010035259018171955,0.019302152932442463,0.30952642640854133,0.614537529982031,1.190819141851113,0.6190528528170827,0.614537529982031,0.793879427900742,0.2609463970155115,0.3887671232876712,0.46025738077214234,100.0,100.0,4518,2820,2820,22,4,64,0.004869411243913236,0.0014184397163120568,0.02269503546099291,0.5,0.8,0.1,0.8,55.0,20.0,30.0,0.5,0.9,0.2,0.7000000000000001,65.0,30.0,20.0,1103,1074,13,1087,0.011959521619135235,1.1436196120833482,1.5,0.7624130747222321,465,0.4329608938547486,0.985494106980961,0
"iteration_5","SCOPE_DATA_COLLECTION",1000,0,70.0,130.0,0,5460,4023,1294,0,0,0,5400,3945,1244,13,26,26,0.002401625715869204,0.006547469151347267,0.02047244094488189,0.3009845405669691,0.656811492726856,1.1235256662219641,0.6019690811339382,0.656811492726856,0.7490171108146427,0.25037037037037035,0.394169835234474,0.4139871382636656,100.0,100.0,4628,3698,2451,57,8,0,0.012316335350043216,0.002163331530557058,0.0,0.6,0.5,0.7,0.4,85.0,80.0,90.0,0.7000000000000001,0.6000000000000001,0.6000000000000001,0.30000000000000004,95.0,80.0,95.0,5963,5956,7,5963,0.0011739057521381855,0.29657905210575436,0.5,0.5931581042115087,1476,0.2478173270651444,1.0,1
"iteration_5","SCOPE_DATA_COLLECTION",1000,0,70.0,130.0,1,5460,4023,1294,0,0,0,5400,3945,1244,13,26,26,0.002401625715869204,0.006547469151347267,0.02047244094488189,0.3009845405669691,0.656811492726856,1.1235256662219641,0.6019690811339382,0.656811492726856,0.7490171108146427,0.25037037037037035,0.394169835234474,0.4139871382636656,100.0,100.0,4628,3698,2451,57,8,0,0.012316335350043216,0.002163331530557058,0.0,0.6,0.5,0.7,0.4,85.0,80.0,90.0,0.7000000000000001,0.6000000000000001,0.6000000000000001,0.30000000000000004,95.0,80.0,95.0,4372,4356,16,4372,0.0036596523330283625,0.6683784199778753,1.0,0.6683784199778753,1692,0.3884297520661157,1.0,1
"iteration_5","SCOPE_DATA_COLLECTION",1000,0,70.0,130.0,2,5460,4023,1294,0,0,0,5400,3945,1244,13,26,26,0.002401625715869204,0.006547469151347267,0.02047244094488189,0.3009845405669691,0.656811492726856,1.1235256662219641,0.6019690811339382,0.656811492726856,0.7490171108146427,0.25037037037037035,0.394169835234474,0.4139871382636656,100.0,100.0,4628,3698,2451,57,8,0,0.012316335350043216,0.002163331530557058,0.0,0.6,0.5,0.7,0.4,85.0,80.0,90.0,0.7000000000000001,0.6000000000000001,0.6000000000000001,0.30000000000000004,95.0,80.0,95.0,1336,1320,16,1336,0.011976047904191617,1.1011854975713147,1.5,0.7341236650475431,545,0.4128787878787879,1.0,1
"iteration_5","SCOPE_DATA_COLLECTION",1000,1,130.0,190.0,0,5963,4372,1336,5460,4023,1294,5968,4358,1319,7,16,16,0.0011715481171548118,0.003657978966620942,0.01198501872659176,0.2974627432093908,0.6685356831952963,1.1036667934481894,0.5949254864187816,0.6685356831952963,0.7357778622987929,0.2489946380697051,0.38893988067921065,0.4131918119787718,100.0,100.0,4777,4851,2043,36,3,0,0.007536110529621101,6.184291898577613E-4,0.0,0.7000000000000001,0.6000000000000001,0.6000000000000001,0.30000000000000004,95.0,80.0,95.0,0.7000000000000001,0.6000000000000001,0.6000000000000001,0.30000000000000004,95.0,80.0,95.0,5891,5881,10,5891,0.0016975046681378374,0.30668166586390283,0.5,0.6133633317278057,1603,0.2725726917190954,1.0,1
"iteration_5","SCOPE_DATA_COLLECTION",1000,1,130.0,190.0,1,5963,4372,1336,5460,4023,1294,5968,4358,1319,7,16,16,0.0011715481171548118,0.003657978966620942,0.01198501872659176,0.2974627432093908,0.6685356831952963,1.1036667934481894,0.5949254864187816,0.6685356831952963,0.7357778622987929,0.2489946380697051,0.38893988067921065,0.4131918119787718,100.0,100.0,4777,4851,2043,36,3,0,0.007536110529621101,6.184291898577613E-4,0.0,0.7000000000000001,0.6000000000000001,0.6000000000000001,0.30000000000000004,95.0,80.0,95.0,0.7000000000000001,0.6000000000000001,0.6000000000000001,0.30000000000000004,95.0,80.0,95.0,4185,4166,19,4185,0.004540023894862605,0.6604240180839736,1.0,0.6604240180839736,1635,0.39246279404704754,1.0,1
"iteration_5","SCOPE_DATA_COLLECTION",1000,1,130.0,190.0,2,5963,4372,1336,5460,4023,1294,5968,4358,1319,7,16,16,0.0011715481171548118,0.003657978966620942,0.01198501872659176,0.2974627432093908,0.6685356831952963,1.1036667934481894,0.5949254864187816,0.6685356831952963,0.7357778622987929,0.2489946380697051,0.38893988067921065,0.4131918119787718,100.0,100.0,4777,4851,2043,36,3,0,0.007536110529621101,6.184291898577613E-4,0.0,0.7000000000000001,0.6000000000000001,0.6000000000000001,0.30000000000000004,95.0,80.0,95.0,0.7000000000000001,0.6000000000000001,0.6000000000000001,0.30000000000000004,95.0,80.0,95.0,1413,1398,15,1413,0.010615711252653927,1.0764924656716104,1.5,0.7176616437810736,553,0.3955650929899857,1.0,1
"iteration_5","SCOPE_DATA_COLLECTION",1000,2,190.0,250.0,0,5891,4185,1413,5963,4372,1336,5878,4177,1396,10,19,15,0.0016983695652173913,0.004528122020972355,0.010630758327427357,0.3056154750197778,0.6629766283260445,1.0740870459530854,0.6112309500395556,0.6629766283260445,0.7160580306353902,0.2706702960190541,0.39358391189849173,0.3946991404011461,100.0,100.0,4825,4701,1963,41,3,0,0.00849740932642487,6.381620931716656E-4,0.0,0.7000000000000001,0.6000000000000001,0.6000000000000001,0.30000000000000004,95.0,80.0,95.0,0.6000000000000001,0.5,0.7000000000000001,0.4,85.0,70.0,85.0,6023,6016,7,6023,0.0011622115224970944,0.31242774850312544,0.5,0.6248554970062509,1679,0.2790890957446808,1.0,1
"iteration_5","SCOPE_DATA_COLLECTION",1000,2,190.0,250.0,1,5891,4185,1413,5963,4372,1336,5878,4177,1396,10,19,15,0.0016983695652173913,0.004528122020972355,0.010630758327427357,0.3056154750197778,0.6629766283260445,1.0740870459530854,0.6112309500395556,0.6629766283260445,0.7160580306353902,0.2706702960190541,0.39358391189849173,0.3946991404011461,100.0,100.0,4825,4701,1963,41,3,0,0.00849740932642487,6.381620931716656E-4,0.0,0.7000000000000001,0.6000000000000001,0.6000000000000001,0.30000000000000004,95.0,80.0,95.0,0.6000000000000001,0.5,0.7000000000000001,0.4,85.0,70.0,85.0,4212,4191,21,4212,0.004985754985754986,0.6622777955516415,1.0,0.6622777955516415,1621,0.38678119780481984,1.0,1
"iteration_5","SCOPE_DATA_COLLECTION",1000,2,190.0,250.0,2,5891,4185,1413,5963,4372,1336,5878,4177,1396,10,19,15,0.0016983695652173913,0.004528122020972355,0.010630758327427357,0.3056154750197778,0.6629766283260445,1.0740870459530854,0.6112309500395556,0.6629766283260445,0.7160580306353902,0.2706702960190541,0.39358391189849173,0.3946991404011461,100.0,100.0,4825,4701,1963,41,3,0,0.00849740932642487,6.381620931716656E-4,0.0,0.7000000000000001,0.6000000000000001,0.6000000000000001,0.30000000000000004,95.0,80.0,95.0,0.6000000000000001,0.5,0.7000000000000001,0.4,85.0,70.0,85.0,1367,1351,16,1367,0.011704462326261888,1.1354627724193593,1.5,0.7569751816129062,564,0.41746854182087345,1.0,1
"iteration_5","SCOPE_DATA_COLLECTION",1000,3,250.0,310.0,0,6023,4212,1367,5891,4185,1413,6025,4185,1351,7,21,16,0.0011604774535809018,0.004992867332382311,0.011704462326261888,0.3138266698747988,0.6623516254572633,1.1348352447889272,0.6276533397495976,0.6623516254572633,0.7565568298592847,0.2816597510373444,0.3866188769414576,0.4167283493708364,97.5,100.0,4828,4076,2698,40,4,0,0.008285004142502071,9.813542688910696E-4,0.0,0.6000000000000001,0.5,0.7000000000000001,0.4,85.0,70.0,85.0,0.15000000000000002,0.9,0.4,0.6000000000000001,35.0,50.0,45.0,5804,3318,2486,5804,0.4283252929014473,0.5201703209153876,0.5,1.0403406418307752,1783,0.5373719107896323,1.0,1
"iteration_5","SCOPE_DATA_COLLECTION",1000,3,250.0,310.0,1,6023,4212,1367,5891,4185,1413,6025,4185,1351,7,21,16,0.0011604774535809018,0.004992867332382311,0.011704462326261888,0.3138266698747988,0.6623516254572633,1.1348352447889272,0.6276533397495976,0.6623516254572633,0.7565568298592847,0.2816597510373444,0.3866188769414576,0.4167283493708364,97.5,100.0,4828,4076,2698,40,4,0,0.008285004142502071,9.813542688910696E-4,0.0,0.6000000000000001,0.5,0.7000000000000001,0.4,85.0,70.0,85.0,0.15000000000000002,0.9,0.4,0.6000000000000001,35.0,50.0,45.0,4243,2337,1906,4243,0.44921046429413153,1.0477047484182713,1.0,1.0477047484182713,1647,0.7047496790757382,1.0,1
"iteration_5","SCOPE_DATA_COLLECTION",1000,3,250.0,310.0,2,6023,4212,1367,5891,4185,1413,6025,4185,1351,7,21,16,0.0011604774535809018,0.004992867332382311,0.011704462326261888,0.3138266698747988,0.6623516254572633,1.1348352447889272,0.6276533397495976,0.6623516254572633,0.7565568298592847,0.2816597510373444,0.3866188769414576,0.4167283493708364,97.5,100.0,4828,4076,2698,40,4,0,0.008285004142502071,9.813542688910696E-4,0.0,0.6000000000000001,0.5,0.7000000000000001,0.4,85.0,70.0,85.0,0.15000000000000002,0.9,0.4,0.6000000000000001,35.0,50.0,45.0,1393,775,618,1393,0.44364680545585067,1.7669682962068383,1.5,1.177978864137892,579,0.7470967741935484,1.0,1
"iteration_5","SCOPE_DATA_COLLECTION",1000,4,310.0,370.0,0,5804,4243,1393,6023,4212,1367,3323,2342,783,2486,1906,618,0.42795661903942156,0.4486817325800377,0.4411134903640257,0.5180768931510035,1.043226194262397,1.759149132764883,1.036153786302007,1.043226194262397,1.172766088509922,0.5347577490219682,0.701537147736977,0.7432950191570882,100.0,100.0,4781,1007,5652,44,1,4965,0.009203095586697343,9.930486593843098E-4,0.8784501061571125,0.15000000000000002,0.9,0.4,0.6000000000000001,35.0,50.0,45.0,0.15000000000000002,0.1,0.7000000000000001,0.9,70.0,50.0,60.0,5909,3465,2444,5909,0.4136063631748181,0.48460378579397506,0.5,0.9692075715879501,1490,0.43001443001443,1.0,1
"iteration_5","SCOPE_DATA_COLLECTION",1000,4,310.0,370.0,1,5804,4243,1393,6023,4212,1367,3323,2342,783,2486,1906,618,0.42795661903942156,0.4486817325800377,0.4411134903640257,0.5180768931510035,1.043226194262397,1.759149132764883,1.036153786302007,1.043226194262397,1.172766088509922,0.5347577490219682,0.701537147736977,0.7432950191570882,100.0,100.0,4781,1007,5652,44,1,4965,0.009203095586697343,9.930486593843098E-4,0.8784501061571125,0.15000000000000002,0.9,0.4,0.6000000000000001,35.0,50.0,45.0,0.15000000000000002,0.1,0.7000000000000001,0.9,70.0,50.0,60.0,4327,2496,1831,4327,0.4231569216547261,1.0762910371670678,1.0,1.0762910371670678,1797,0.7199519230769231,1.0,1
"iteration_5","SCOPE_DATA_COLLECTION",1000,4,310.0,370.0,2,5804,4243,1393,6023,4212,1367,3323,2342,783,2486,1906,618,0.42795661903942156,0.4486817325800377,0.4411134903640257,0.5180768931510035,1.043226194262397,1.759149132764883,1.036153786302007,1.043226194262397,1.172766088509922,0.5347577490219682,0.701537147736977,0.7432950191570882,100.0,100.0,4781,1007,5652,44,1,4965,0.009203095586697343,9.930486593843098E-4,0.8784501061571125,0.15000000000000002,0.9,0.4,0.6000000000000001,35.0,50.0,45.0,0.15000000000000002,0.1,0.7000000000000001,0.9,70.0,50.0,60.0,1387,776,611,1387,0.4405191059841384,1.806498241840127,1.5,1.2043321612267512,586,0.7551546391752577,1.0,1
"iteration_5","SCOPE_DATA_COLLECTION",1000,5,370.0,430.0,0,5909,4327,1387,5804,4243,1393,3464,2497,769,2444,1831,611,0.41367637102234256,0.4230591497227357,0.4427536231884058,0.4856317231387897,1.0769018893575761,1.8006870301072555,0.9712634462775794,1.0769018893575761,1.2004580200715036,0.43100461893764436,0.7208650380456548,0.752925877763329,92.5,100.0,4967,966,5690,50,1,4835,0.010066438494060801,0.0010351966873706005,0.8497363796133568,0.15000000000000002,0.1,0.7000000000000001,0.9,70.0,50.0,60.0,0.15000000000000002,0.1,0.7000000000000001,0.9,70.0,50.0,60.0,5925,3403,2522,5925,0.42565400843881857,0.44599745707625094,0.5,0.8919949141525019,1337,0.39288862768145755,1.0,1
"iteration_5","SCOPE_DATA_COLLECTION",1000,5,370.0,430.0,1,5909,4327,1387,5804,4243,1393,3464,2497,769,2444,1831,611,0.41367637102234256,0.4230591497227357,0.4427536231884058,0.4856317231387897,1.0769018893575761,1.8006870301072555,0.9712634462775794,1.0769018893575761,1.2004580200715036,0.43100461893764436,0.7208650380456548,0.752925877763329,92.5,100.0,4967,966,5690,50,1,4835,0.010066438494060801,0.0010351966873706005,0.8497363796133568,0.15000000000000002,0.1,0.7000000000000001,0.9,70.0,50.0,60.0,0.15000000000000002,0.1,0.7000000000000001,0.9,70.0,50.0,60.0,4328,2525,1803,4328,0.4165896487985213,1.0176381570669706,1.0,1.0176381570669706,1689,0.668910891089109,1.0,1
"iteration_5","SCOPE_DATA_COLLECTION",1000,5,370.0,430.0,2,5909,4327,1387,5804,4243,1393,3464,2497,769,2444,1831,611,0.41367637102234256,0.4230591497227357,0.4427536231884058,0.4856317231387897,1.0769018893575761,1.8006870301072555,0.9712634462775794,1.0769018893575761,1.2004580200715036,0.43100461893764436,0.7208650380456548,0.752925877763329,92.5,100.0,4967,966,5690,50,1,4835,0.010066438494060801,0.0010351966873706005,0.8497363796133568,0.15000000000000002,0.1,0.7000000000000001,0.9,70.0,50.0,60.0,0.15000000000000002,0.1,0.7000000000000001,0.9,70.0,50.0,60.0,1385,819,566,1385,0.4086642599277978,1.7183565110327004,1.5,1.1455710073551335,591,0.7216117216117216,1.0,1
"iteration_5","SCOPE_DATA_COLLECTION",1000,6,430.0,490.0,0,5925,4328,1385,5909,4327,1387,3408,2525,817,2522,1803,566,0.4252951096121417,0.4165896487985213,0.4092552422270427,0.4458834586603912,1.0173148695082428,1.7222760668822366,0.8917669173207824,1.0173148695082428,1.1481840445881577,0.3926056338028169,0.668910891089109,0.7233782129742962,100.0,100.0,4913,1009,5716,48,0,4843,0.009769997964583757,0.0,0.8472708187543737,0.15000000000000002,0.1,0.7000000000000001,0.9,70.0,50.0,60.0,0.15000000000000002,0.2,0.7000000000000001,0.8,70.0,40.0,60.0,5896,3515,2381,5896,0.40383310719131615,0.4812169827440383,0.5,0.9624339654880766,1448,0.4119487908961593,1.0,1
"iteration_5","SCOPE_DATA_COLLECTION",1000,6,430.0,490.0,1,5925,4328,1385,5909,4327,1387,3408,2525,817,2522,1803,566,0.4252951096121417,0.4165896487985213,0.4092552422270427,0.4458834586603912,1.0173148695082428,1.7222760668822366,0.8917669173207824,1.0173148695082428,1.1481840445881577,0.3926056338028169,0.668910891089109,0.7233782129742962,100.0,100.0,4913,1009,5716,48,0,4843,0.009769997964583757,0.0,0.8472708187543737,0.15000000000000002,0.1,0.7000000000000001,0.9,70.0,50.0,60.0,0.15000000000000002,0.2,0.7000000000000001,0.8,70.0,40.0,60.0,4298,2536,1762,4298,0.4099581200558399,1.0492371601478108,1.0,1.0492371601478108,1750,0.6900630914826499,1.0,1
"iteration_5","SCOPE_DATA_COLLECTION",1000,6,430.0,490.0,2,5925,4328,1385,5909,4327,1387,3408,2525,817,2522,1803,566,0.4252951096121417,0.4165896487985213,0.4092552422270427,0.4458834586603912,1.0173148695082428,1.7222760668822366,0.8917669173207824,1.0173148695082428,1.1481840445881577,0.3926056338028169,0.668910891089109,0.7233782129742962,100.0,100.0,4913,1009,5716,48,0,4843,0.009769997964583757,0.0,0.8472708187543737,0.15000000000000002,0.1,0.7000000000000001,0.9,70.0,50.0,60.0,0.15000000000000002,0.2,0.7000000000000001,0.8,70.0,40.0,60.0,1315,760,555,1315,0.4220532319391635,1.7575783924405426,1.5,1.171718928293695,555,0.7302631578947368,1.0,1
"iteration_5","SCOPE_DATA_COLLECTION",1000,7,490.0,550.0,0,5896,4298,1315,5925,4328,1385,3513,2529,766,2381,1762,555,0.40397013912453344,0.4106268934980191,0.4201362604087812,0.4812331598158441,1.048412587570831,1.7585968584381626,0.9624663196316882,1.048412587570831,1.1723979056254417,0.41303729006547113,0.6888098062475286,0.7310704960835509,95.0,100.0,4960,981,5568,38,0,4660,0.007661290322580645,0.0,0.8369252873563219,0.15000000000000002,0.2,0.7000000000000001,0.8,70.0,40.0,60.0,0.25,0.2,0.8,0.9,80.0,50.0,70.0,6060,4458,1602,6060,0.26435643564356437,0.4607632092666388,0.5,0.9215264185332775,1582,0.35486765365634815,1.0,1
"iteration_5","SCOPE_DATA_COLLECTION",1000,7,490.0,550.0,1,5896,4298,1315,5925,4328,1385,3513,2529,766,2381,1762,555,0.40397013912453344,0.4106268934980191,0.4201362604087812,0.4812331598158441,1.048412587570831,1.7585968584381626,0.9624663196316882,1.048412587570831,1.1723979056254417,0.41303729006547113,0.6888098062475286,0.7310704960835509,95.0,100.0,4960,981,5568,38,0,4660,0.007661290322580645,0.0,0.8369252873563219,0.15000000000000002,0.2,0.7000000000000001,0.8,70.0,40.0,60.0,0.25,0.2,0.8,0.9,80.0,50.0,70.0,4435,3157,1278,4435,0.28816234498308907,0.9330752329124022,1.0,0.9330752329124022,1751,0.5546404814697498,1.0,1
"iteration_5","SCOPE_DATA_COLLECTION",1000,7,490.0,550.0,2,5896,4298,1315,5925,4328,1385,3513,2529,766,2381,1762,555,0.40397013912453344,0.4106268934980191,0.4201362604087812,0.4812331598158441,1.048412587570831,1.7585968584381626,0.9624663196316882,1.048412587570831,1.1723979056254417,0.41303729006547113,0.6888098062475286,0.7310704960835509,95.0,100.0,4960,981,5568,38,0,4660,0.007661290322580645,0.0,0.8369252873563219,0.15000000000000002,0.2,0.7000000000000001,0.8,70.0,40.0,60.0,0.25,0.2,0.8,0.9,80.0,50.0,70.0,1395,956,439,1395,0.3146953405017921,1.5239208560803306,1.5,1.015947237386887,565,0.5910041841004184,1.0,1
"iteration_5","SCOPE_DATA_COLLECTION",1000,8,550.0,610.0,0,6060,4435,1395,5896,4298,1315,4424,3142,948,1602,1278,439,0.2658479920345171,0.2891402714932127,0.3165104542177361,0.4602569458757457,0.9355322443816937,1.5250386391636928,0.9205138917514915,0.9355322443816937,1.0166924261091286,0.35239602169981915,0.5579248886059834,0.5928270042194093,100.0,100.0,5051,1735,5104,48,1,3270,0.009503068699267472,5.763688760806917E-4,0.6406739811912225,0.25,0.2,0.8,0.9,80.0,50.0,70.0,0.25,0.2,0.8,0.9,80.0,50.0,70.0,5969,4263,1706,5969,0.2858100184285475,0.4113680797207298,0.5,0.8227361594414596,1491,0.3497536945812808,1.0,1
"iteration_5","SCOPE_DATA_COLLECTION",1000,8,550.0,610.0,1,6060,4435,1395,5896,4298,1315,4424,3142,948,1602,1278,439,0.2658479920345171,0.2891402714932127,0.3165104542177361,0.4602569458757457,0.9355322443816937,1.5250386391636928,0.9205138917514915,0.9355322443816937,1.0166924261091286,0.35239602169981915,0.5579248886059834,0.5928270042194093,100.0,100.0,5051,1735,5104,48,1,3270,0.009503068699267472,5.763688760806917E-4,0.6406739811912225,0.25,0.2,0.8,0.9,80.0,50.0,70.0,0.25,0.2,0.8,0.9,80.0,50.0,70.0,4467,3122,1345,4467,0.30109693306469665,0.9211540776788771,1.0,0.9211540776788771,1748,0.5598975016015375,1.0,1
"iteration_5","SCOPE_DATA_COLLECTION",1000,8,550.0,610.0,2,6060,4435,1395,5896,4298,1315,4424,3142,948,1602,1278,439,0.2658479920345171,0.2891402714932127,0.3165104542177361,0.4602569458757457,0.9355322443816937,1.5250386391636928,0.9205138917514915,0.9355322443816937,1.0166924261091286,0.35239602169981915,0.5579248886059834,0.5928270042194093,100.0,100.0,5051,1735,5104,48,1,3270,0.009503068699267472,5.763688760806917E-4,0.6406739811912225,0.25,0.2,0.8,0.9,80.0,50.0,70.0,0.25,0.2,0.8,0.9,80.0,50.0,70.0,1368,935,433,1368,0.3165204678362573,1.5313993716140908,1.5,1.020932914409394,566,0.6053475935828877,1.0,1
"iteration_5","SCOPE_DATA_COLLECTION",1000,9,610.0,670.0,0,5969,4467,1368,6060,4435,1395,4305,3148,939,1706,1345,433,0.28381300948261523,0.29935455152459384,0.31559766763848396,0.4127534374169264,0.9207044902661314,1.5355374492660827,0.8255068748338528,0.9207044902661314,1.023691632844055,0.3530778164924506,0.5590851334180432,0.6048988285410011,87.5,100.0,4991,1690,5123,49,0,3435,0.009817671809256662,0.0,0.6705055631465938,0.25,0.2,0.8,0.9,80.0,50.0,70.0,0.6000000000000001,0.6000000000000001,0.1,0.6000000000000001,90.0,45.0,65.0,5837,5833,4,5837,6.852835360630461E-4,0.3047394020084332,0.5,0.6094788040168664,1576,0.27018686782101836,1.0,1
"iteration_5","SCOPE_DATA_COLLECTION",1000,9,610.0,670.0,1,5969,4467,1368,6060,4435,1395,4305,3148,939,1706,1345,433,0.28381300948261523,0.29935455152459384,0.31559766763848396,0.4127534374169264,0.9207044902661314,1.5355374492660827,0.8255068748338528,0.9207044902661314,1.023691632844055,0.3530778164924506,0.5590851334180432,0.6048988285410011,87.5,100.0,4991,1690,5123,49,0,3435,0.009817671809256662,0.0,0.6705055631465938,0.25,0.2,0.8,0.9,80.0,50.0,70.0,0.6000000000000001,0.6000000000000001,0.1,0.6000000000000001,90.0,45.0,65.0,4271,4268,3,4271,7.024116132053383E-4,0.613501593353853,1.0,0.613501593353853,1629,0.3816776007497657,1.0,1
"iteration_5","SCOPE_DATA_COLLECTION",1000,9,610.0,670.0,2,5969,4467,1368,6060,4435,1395,4305,3148,939,1706,1345,433,0.28381300948261523,0.29935455152459384,0.31559766763848396,0.4127534374169264,0.9207044902661314,1.5355374492660827,0.8255068748338528,0.9207044902661314,1.023691632844055,0.3530778164924506,0.5590851334180432,0.6048988285410011,87.5,100.0,4991,1690,5123,49,0,3435,0.009817671809256662,0.0,0.6705055631465938,0.25,0.2,0.8,0.9,80.0,50.0,70.0,0.6000000000000001,0.6000000000000001,0.1,0.6000000000000001,90.0,45.0,65.0,1371,1363,8,1371,0.005835156819839533,1.0149724834792944,1.5,0.6766483223195295,499,0.3661041819515774,1.0,1
"iteration_5","SCOPE_DATA_COLLECTION",1000,10,670.0,730.0,0,5837,4271,1371,5969,4467,1368,5829,4253,1369,4,3,8,6.857534716269502E-4,7.048872180451127E-4,0.005809731299927378,0.3049320549175788,0.6157454823279729,1.0191314714580781,0.6098641098351576,0.6157454823279729,0.6794209809720521,0.27037227654829304,0.382083235363273,0.3681519357195033,97.5,100.0,4801,3974,2704,13,2,0,0.0027077692147469278,5.032712632108706E-4,0.0,0.6000000000000001,0.6000000000000001,0.1,0.6000000000000001,90.0,45.0,65.0,0.7000000000000001,0.5,0.2,0.6000000000000001,95.0,45.0,55.0,5950,5943,7,5950,0.001176470588235294,0.29737447670335404,0.5,0.5947489534067081,1549,0.2606427730102642,1.0,1
"iteration_5","SCOPE_DATA_COLLECTION",1000,10,670.0,730.0,1,5837,4271,1371,5969,4467,1368,5829,4253,1369,4,3,8,6.857534716269502E-4,7.048872180451127E-4,0.005809731299927378,0.3049320549175788,0.6157454823279729,1.0191314714580781,0.6098641098351576,0.6157454823279729,0.6794209809720521,0.27037227654829304,0.382083235363273,0.3681519357195033,97.5,100.0,4801,3974,2704,13,2,0,0.0027077692147469278,5.032712632108706E-4,0.0,0.6000000000000001,0.6000000000000001,0.1,0.6000000000000001,90.0,45.0,65.0,0.7000000000000001,0.5,0.2,0.6000000000000001,95.0,45.0,55.0,4442,4429,13,4442,0.002926609635299415,0.6118896095115561,1.0,0.6118896095115561,1646,0.3716414540528336,1.0,1
"iteration_5","SCOPE_DATA_COLLECTION",1000,10,670.0,730.0,2,5837,4271,1371,5969,4467,1368,5829,4253,1369,4,3,8,6.857534716269502E-4,7.048872180451127E-4,0.005809731299927378,0.3049320549175788,0.6157454823279729,1.0191314714580781,0.6098641098351576,0.6157454823279729,0.6794209809720521,0.27037227654829304,0.382083235363273,0.3681519357195033,97.5,100.0,4801,3974,2704,13,2,0,0.0027077692147469278,5.032712632108706E-4,0.0,0.6000000000000001,0.6000000000000001,0.1,0.6000000000000001,90.0,45.0,65.0,0.7000000000000001,0.5,0.2,0.6000000000000001,95.0,45.0,55.0,1421,1402,19,1421,0.013370865587614356,1.0698128087460759,1.5,0.7132085391640506,550,0.39229671897289586,1.0,1
"iteration_5","SCOPE_DATA_COLLECTION",1000,11,730.0,790.0,0,5950,4442,1421,5837,4271,1371,5928,4427,1404,7,13,19,0.0011794439764111204,0.002927927927927928,0.013352073085031623,0.2962597036530641,0.6111141196059391,1.0680529964367294,0.5925194073061282,0.6111141196059391,0.7120353309578196,0.2584345479082321,0.3718093517054439,0.3924501424501424,100.0,100.0,4794,4893,2126,33,6,0,0.00688360450563204,0.001226241569589209,0.0,0.7000000000000001,0.5,0.2,0.6000000000000001,95.0,45.0,55.0,0.7000000000000001,0.6000000000000001,0.2,0.5,95.0,55.0,45.0,5890,5882,8,5890,0.0013582342954159593,0.29757685313523574,0.5,0.5951537062704715,1564,0.2658959537572254,1.0,1
"iteration_5","SCOPE_DATA_COLLECTION",1000,11,730.0,790.0,1,5950,4442,1421,5837,4271,1371,5928,4427,1404,7,13,19,0.0011794439764111204,0.002927927927927928,0.013352073085031623,0.2962597036530641,0.6111141196059391,1.0680529964367294,0.5925194073061282,0.6111141196059391,0.7120353309578196,0.2584345479082321,0.3718093517054439,0.3924501424501424,100.0,100.0,4794,4893,2126,33,6,0,0.00688360450563204,0.001226241569589209,0.0,0.7000000000000001,0.5,0.2,0.6000000000000001,95.0,45.0,55.0,0.7000000000000001,0.6000000000000001,0.2,0.5,95.0,55.0,45.0,4349,4337,12,4349,0.0027592550011496897,0.6251564975626059,1.0,0.6251564975626059,1645,0.37929444316347705,1.0,1
"iteration_5","SCOPE_DATA_COLLECTION",1000,11,730.0,790.0,2,5950,4442,1421,5837,4271,1371,5928,4427,1404,7,13,19,0.0011794439764111204,0.002927927927927928,0.013352073085031623,0.2962597036530641,0.6111141196059391,1.0680529964367294,0.5925194073061282,0.6111141196059391,0.7120353309578196,0.2584345479082321,0.3718093517054439,0.3924501424501424,100.0,100.0,4794,4893,2126,33,6,0,0.00688360450563204,0.001226241569589209,0.0,0.7000000000000001,0.5,0.2,0.6000000000000001,95.0,45.0,55.0,0.7000000000000001,0.6000000000000001,0.2,0.5,95.0,55.0,45.0,1387,1365,22,1387,0.015861571737563085,1.0628574778387254,1.5,0.7085716518924836,532,0.38974358974358975,1.0,1
"iteration_5","SCOPE_DATA_COLLECTION",1000,12,790.0,850.0,0,5890,4349,1387,5950,4442,1421,5879,4341,1362,8,12,22,0.0013589264481059962,0.0027567195037904893,0.015895953757225433,0.29766951668714936,0.6229810646396319,1.0612738375125799,0.5953390333742987,0.6229810646396319,0.7075158916750532,0.2658615410784147,0.377793135222299,0.3891336270190896,95.0,100.0,4815,4719,2092,37,5,0,0.0076843198338525445,0.0010595465140919686,0.0,0.7000000000000001,0.6000000000000001,0.2,0.5,95.0,55.0,45.0,0.65,0.4,0.5,0.5,50.0,70.0,65.0,5923,5913,10,5923,0.0016883336147222692,0.30600941329816966,0.5,0.6120188265963393,1569,0.26534753932014205,1.0,1
"iteration_5","SCOPE_DATA_COLLECTION",1000,12,790.0,850.0,1,5890,4349,1387,5950,4442,1421,5879,4341,1362,8,12,22,0.0013589264481059962,0.0027567195037904893,0.015895953757225433,0.29766951668714936,0.6229810646396319,1.0612738375125799,0.5953390333742987,0.6229810646396319,0.7075158916750532,0.2658615410784147,0.377793135222299,0.3891336270190896,95.0,100.0,4815,4719,2092,37,5,0,0.0076843198338525445,0.0010595465140919686,0.0,0.7000000000000001,0.6000000000000001,0.2,0.5,95.0,55.0,45.0,0.65,0.4,0.5,0.5,50.0,70.0,65.0,4233,4203,30,4233,0.007087172218284904,0.6634323217570546,1.0,0.6634323217570546,1637,0.3894837021175351,1.0,1
"iteration_5","SCOPE_DATA_COLLECTION",1000,12,790.0,850.0,2,5890,4349,1387,5950,4442,1421,5879,4341,1362,8,12,22,0.0013589264481059962,0.0027567195037904893,0.015895953757225433,0.29766951668714936,0.6229810646396319,1.0612738375125799,0.5953390333742987,0.6229810646396319,0.7075158916750532,0.2658615410784147,0.377793135222299,0.3891336270190896,95.0,100.0,4815,4719,2092,37,5,0,0.0076843198338525445,0.0010595465140919686,0.0,0.7000000000000001,0.6000000000000001,0.2,0.5,95.0,55.0,45.0,0.65,0.4,0.5,0.5,50.0,70.0,65.0,1350,1334,16,1350,0.011851851851851851,1.1454673946133143,1.5,0.7636449297422095,563,0.42203898050974514,1.0,1
"iteration_5","SCOPE_DATA_COLLECTION",1000,13,850.0,910.0,0,5923,4233,1350,5890,4349,1387,5937,4203,1324,10,30,16,0.0016815200941651253,0.007087172218284904,0.011940298507462687,0.3068596921761936,0.6631917280596309,1.1381508006544603,0.6137193843523872,0.6631917280596309,0.7587672004363069,0.2671382853292909,0.3906733285748275,0.41842900302114805,97.5,100.0,4892,4323,2291,54,2,0,0.011038430089942763,4.626416840157298E-4,0.0,0.65,0.4,0.5,0.5,50.0,70.0,65.0,0.65,0.4,0.5,0.5,50.0,70.0,65.0,6011,5998,13,6011,0.0021627017135252037,0.3069225944347738,0.5,0.6138451888695476,1637,0.2729243081027009,1.0,1
"iteration_5","SCOPE_DATA_COLLECTION",1000,13,850.0,910.0,1,5923,4233,1350,5890,4349,1387,5937,4203,1324,10,30,16,0.0016815200941651253,0.007087172218284904,0.011940298507462687,0.3068596921761936,0.6631917280596309,1.1381508006544603,0.6137193843523872,0.6631917280596309,0.7587672004363069,0.2671382853292909,0.3906733285748275,0.41842900302114805,97.5,100.0,4892,4323,2291,54,2,0,0.011038430089942763,4.626416840157298E-4,0.0,0.65,0.4,0.5,0.5,50.0,70.0,65.0,0.65,0.4,0.5,0.5,50.0,70.0,65.0,4308,4290,18,4308,0.004178272980501393,0.6608060354786557,1.0,0.6608060354786557,1658,0.3864801864801865,1.0,1
"iteration_5","SCOPE_DATA_COLLECTION",1000,13,850.0,910.0,2,5923,4233,1350,5890,4349,1387,5937,4203,1324,10,30,16,0.0016815200941651253,0.007087172218284904,0.011940298507462687,0.3068596921761936,0.6631917280596309,1.1381508006544603,0.6137193843523872,0.6631917280596309,0.7587672004363069,0.2671382853292909,0.3906733285748275,0.41842900302114805,97.5,100.0,4892,4323,2291,54,2,0,0.011038430089942763,4.626416840157298E-4,0.0,0.65,0.4,0.5,0.5,50.0,70.0,65.0,0.65,0.4,0.5,0.5,50.0,70.0,65.0,1333,1314,19,1333,0.014253563390847712,1.1255589536134385,1.5,0.7503726357422923,542,0.4124809741248097,1.0,1
"iteration_5","SCOPE_DATA_COLLECTION",1000,14,910.0,970.0,0,6011,4308,1333,5923,4233,1350,5975,4281,1323,13,17,19,0.0021710086840347363,0.003955328059562588,0.014157973174366617,0.3054419427998238,0.6560704035791908,1.1305059434415583,0.6108838855996476,0.6560704035791908,0.7536706289610389,0.2709623430962343,0.38238729268862415,0.41496598639455784,100.0,100.0,4939,4403,2310,44,5,0,0.008908685968819599,0.0011355893708834886,0.0,0.65,0.4,0.5,0.5,50.0,70.0,65.0,0.65,0.4,0.5,0.5,50.0,70.0,65.0,6049,6036,13,6049,0.002149115556290296,0.30543341383581135,0.5,0.6108668276716227,1602,0.2654075546719682,1.0,1
"iteration_5","SCOPE_DATA_COLLECTION",1000,14,910.0,970.0,1,6011,4308,1333,5923,4233,1350,5975,4281,1323,13,17,19,0.0021710086840347363,0.003955328059562588,0.014157973174366617,0.3054419427998238,0.6560704035791908,1.1305059434415583,0.6108838855996476,0.6560704035791908,0.7536706289610389,0.2709623430962343,0.38238729268862415,0.41496598639455784,100.0,100.0,4939,4403,2310,44,5,0,0.008908685968819599,0.0011355893708834886,0.0,0.65,0.4,0.5,0.5,50.0,70.0,65.0,0.65,0.4,0.5,0.5,50.0,70.0,65.0,4352,4332,20,4352,0.004595588235294118,0.6666836941429073,1.0,0.6666836941429073,1684,0.38873499538319484,1.0,1
"iteration_5","SCOPE_DATA_COLLECTION",1000,14,910.0,970.0,2,6011,4308,1333,5923,4233,1350,5975,4281,1323,13,17,19,0.0021710086840347363,0.003955328059562588,0.014157973174366617,0.3054419427998238,0.6560704035791908,1.1305059434415583,0.6108838855996476,0.6560704035791908,0.7536706289610389,0.2709623430962343,0.38238729268862415,0.41496598639455784,100.0,100.0,4939,4403,2310,44,5,0,0.008908685968819599,0.0011355893708834886,0.0,0.65,0.4,0.5,0.5,50.0,70.0,65.0,0.65,0.4,0.5,0.5,50.0,70.0,65.0,1342,1327,15,1342,0.011177347242921014,1.1334692458707254,1.5,0.7556461639138169,549,0.413715146948003,1.0,1
"iteration_5","SCOPE_DATA_COLLECTION",1000,15,970.0,1030.0,0,6049,4352,1342,6011,4308,1333,6042,4341,1327,13,21,15,0.0021469859620148637,0.004814305364511692,0.011177347242921014,0.3061858811184025,0.6703586521020405,1.1389047188239627,0.612371762236805,0.6703586521020405,0.7592698125493085,0.26613704071499505,0.3906933886201336,0.4159758854559156,100.0,100.0,4894,4532,2317,43,6,0,0.008786268900694729,0.001323918799646955,0.0,0.65,0.4,0.5,0.5,50.0,70.0,65.0,0.55,0.5,0.5,0.4,50.0,60.0,65.0,5933,5907,26,5933,0.004382268666779033,0.30964308402099444,0.5,0.6192861680419889,1603,0.27137294735060097,1.0,1
"iteration_5","SCOPE_DATA_COLLECTION",1000,15,970.0,1030.0,1,6049,4352,1342,6011,4308,1333,6042,4341,1327,13,21,15,0.0021469859620148637,0.004814305364511692,0.011177347242921014,0.3061858811184025,0.6703586521020405,1.1389047188239627,0.612371762236805,0.6703586521020405,0.7592698125493085,0.26613704071499505,0.3906933886201336,0.4159758854559156,100.0,100.0,4894,4532,2317,43,6,0,0.008786268900694729,0.001323918799646955,0.0,0.65,0.4,0.5,0.5,50.0,70.0,65.0,0.55,0.5,0.5,0.4,50.0,60.0,65.0,4377,4350,27,4377,0.00616860863605209,0.6600060278168294,1.0,0.6600060278168294,1645,0.3781609195402299,1.0,1
"iteration_5","SCOPE_DATA_COLLECTION",1000,15,970.0,1030.0,2,6049,4352,1342,6011,4308,1333,6042,4341,1327,13,21,15,0.0021469859620148637,0.004814305364511692,0.011177347242921014,0.3061858811184025,0.6703586521020405,1.1389047188239627,0.612371762236805,0.6703586521020405,0.7592698125493085,0.26613704071499505,0.3906933886201336,0.4159758854559156,100.0,100.0,4894,4532,2317,43,6,0,0.008786268900694729,0.001323918799646955,0.0,0.65,0.4,0.5,0.5,50.0,70.0,65.0,0.55,0.5,0.5,0.4,50.0,60.0,65.0,1431,1414,17,1431,0.011879804332634521,1.1492217914927054,1.5,0.766147860995137,600,0.4243281471004243,1.0,1
"iteration_5","SCOPE_DATA_COLLECTION",1000,16,1030.0,1090.0,0,5933,4377,1431,6049,4352,1342,5897,4358,1409,26,27,17,0.0043896673982779,0.006157354618015963,0.011921458625525946,0.3082405394947101,0.6605473705231752,1.1401107686153418,0.6164810789894202,0.6605473705231752,0.7600738457435612,0.26945904697303713,0.3788435061955025,0.4201561391057488,97.5,100.0,4768,3772,3201,39,1,30,0.008179530201342282,2.651113467656416E-4,0.00937207122774133,0.55,0.5,0.5,0.4,50.0,60.0,65.0,0.55,0.5,0.5,0.4,50.0,60.0,65.0,5989,5978,11,5989,0.0018367006177992986,0.31052274823553266,0.5,0.6210454964710653,1613,0.26982268317162933,1.0,1
"iteration_5","SCOPE_DATA_COLLECTION",1000,16,1030.0,1090.0,1,5933,4377,1431,6049,4352,1342,5897,4358,1409,26,27,17,0.0043896673982779,0.006157354618015963,0.011921458625525946,0.3082405394947101,0.6605473705231752,1.1401107686153418,0.6164810789894202,0.6605473705231752,0.7600738457435612,0.26945904697303713,0.3788435061955025,0.4201561391057488,97.5,100.0,4768,3772,3201,39,1,30,0.008179530201342282,2.651113467656416E-4,0.00937207122774133,0.55,0.5,0.5,0.4,50.0,60.0,65.0,0.55,0.5,0.5,0.4,50.0,60.0,65.0,4264,4250,14,4264,0.003283302063789869,0.6622660876852074,1.0,0.6622660876852074,1632,0.384,1.0,1
"iteration_5","SCOPE_DATA_COLLECTION",1000,16,1030.0,1090.0,2,5933,4377,1431,6049,4352,1342,5897,4358,1409,26,27,17,0.0043896673982779,0.006157354618015963,0.011921458625525946,0.3082405394947101,0.6605473705231752,1.1401107686153418,0.6164810789894202,0.6605473705231752,0.7600738457435612,0.26945904697303713,0.3788435061955025,0.4201561391057488,97.5,100.0,4768,3772,3201,39,1,30,0.008179530201342282,2.651113467656416E-4,0.00937207122774133,0.55,0.5,0.5,0.4,50.0,60.0,65.0,0.55,0.5,0.5,0.4,50.0,60.0,65.0,1347,1333,14,1347,0.010393466963622866,1.1386176582385723,1.5,0.7590784388257149,563,0.4223555888972243,1.0,1
"iteration_5","SCOPE_DATA_COLLECTION",1000,17,1090.0,1150.0,0,5989,4264,1347,5933,4377,1431,5979,4246,1338,11,14,14,0.0018363939899833056,0.0032863849765258214,0.010355029585798817,0.31113231428179805,0.6648620353445567,1.1442925087649696,0.6222646285635961,0.6648620353445567,0.7628616725099797,0.27027931092155877,0.38553933113518607,0.42451420029895365,100.0,100.0,4832,3739,3029,36,3,0,0.0074503311258278145,8.023535704733886E-4,0.0,0.55,0.5,0.5,0.4,50.0,60.0,65.0,0.9,0.4,0.5,0.1,55.0,40.0,35.0,5938,5929,9,5938,0.0015156618390030313,0.31134212939646827,0.5,0.6226842587929365,1584,0.26716141001855287,1.0,1
"iteration_5","SCOPE_DATA_COLLECTION",1000,17,1090.0,1150.0,1,5989,4264,1347,5933,4377,1431,5979,4246,1338,11,14,14,0.0018363939899833056,0.0032863849765258214,0.010355029585798817,0.31113231428179805,0.6648620353445567,1.1442925087649696,0.6222646285635961,0.6648620353445567,0.7628616725099797,0.27027931092155877,0.38553933113518607,0.42451420029895365,100.0,100.0,4832,3739,3029,36,3,0,0.0074503311258278145,8.023535704733886E-4,0.0,0.55,0.5,0.5,0.4,50.0,60.0,65.0,0.9,0.4,0.5,0.1,55.0,40.0,35.0,4314,4306,8,4314,0.0018544274455261937,0.6789931954995919,1.0,0.6789931954995919,1743,0.40478402229447286,1.0,1
"iteration_5","SCOPE_DATA_COLLECTION",1000,17,1090.0,1150.0,2,5989,4264,1347,5933,4377,1431,5979,4246,1338,11,14,14,0.0018363939899833056,0.0032863849765258214,0.010355029585798817,0.31113231428179805,0.6648620353445567,1.1442925087649696,0.6222646285635961,0.6648620353445567,0.7628616725099797,0.27027931092155877,0.38553933113518607,0.42451420029895365,100.0,100.0,4832,3739,3029,36,3,0,0.0074503311258278145,8.023535704733886E-4,0.0,0.55,0.5,0.5,0.4,50.0,60.0,65.0,0.9,0.4,0.5,0.1,55.0,40.0,35.0,1367,1364,3,1367,0.0021945866861741038,1.0401710285474308,1.5,0.6934473523649539,520,0.3812316715542522,1.0,1
"iteration_5","SCOPE_DATA_COLLECTION",1000,18,1150.0,1210.0,0,5938,4314,1367,5989,4264,1347,5928,4310,1361,9,8,3,0.0015159171298635675,0.0018527095877721167,0.0021994134897360706,0.3123193712014089,0.6793613386890873,1.0454592105326224,0.6246387424028178,0.6793613386890873,0.6969728070217482,0.268387314439946,0.4051044083526682,0.3828067597354886,100.0,100.0,4860,6099,660,14,6,0,0.002880658436213992,9.83767830791933E-4,0.0,0.9,0.4,0.5,0.1,55.0,40.0,35.0,0.9,0.5,0.6000000000000001,0.1,55.0,30.0,35.0,5944,5933,11,5944,0.0018506056527590848,0.31943633792778375,0.5,0.6388726758555675,1741,0.2934434518793191,1.0,1
"iteration_5","SCOPE_DATA_COLLECTION",1000,18,1150.0,1210.0,1,5938,4314,1367,5989,4264,1347,5928,4310,1361,9,8,3,0.0015159171298635675,0.0018527095877721167,0.0021994134897360706,0.3123193712014089,0.6793613386890873,1.0454592105326224,0.6246387424028178,0.6793613386890873,0.6969728070217482,0.268387314439946,0.4051044083526682,0.3828067597354886,100.0,100.0,4860,6099,660,14,6,0,0.002880658436213992,9.83767830791933E-4,0.0,0.9,0.4,0.5,0.1,55.0,40.0,35.0,0.9,0.5,0.6000000000000001,0.1,55.0,30.0,35.0,4300,4289,11,4300,0.0025581395348837207,0.6605384819212035,1.0,0.6605384819212035,1655,0.38587083236185593,1.0,1
"iteration_5","SCOPE_DATA_COLLECTION",1000,18,1150.0,1210.0,2,5938,4314,1367,5989,4264,1347,5928,4310,1361,9,8,3,0.0015159171298635675,0.0018527095877721167,0.0021994134897360706,0.3123193712014089,0.6793613386890873,1.0454592105326224,0.6246387424028178,0.6793613386890873,0.6969728070217482,0.268387314439946,0.4051044083526682,0.3828067597354886,100.0,100.0,4860,6099,660,14,6,0,0.002880658436213992,9.83767830791933E-4,0.0,0.9,0.4,0.5,0.1,55.0,40.0,35.0,0.9,0.5,0.6000000000000001,0.1,55.0,30.0,35.0,1353,1345,8,1353,0.005912786400591279,1.0990522556391913,1.5,0.7327015037594609,557,0.4141263940520446,1.0,1
"iteration_5","SCOPE_DATA_COLLECTION",1000,19,1210.0,1270.0,0,5944,4300,1353,5938,4314,1367,5929,4286,1345,11,11,8,0.001851851851851852,0.002559925529439144,0.005912786400591279,0.3180821797154086,0.6599196543571527,1.0999001385324643,0.6361643594308172,0.6599196543571527,0.7332667590216428,0.2922921234609546,0.3856742883807746,0.41486988847583645,97.5,100.0,4873,6050,674,25,5,0,0.005130309870716191,8.264462809917355E-4,0.0,0.9,0.5,0.6000000000000001,0.1,55.0,30.0,35.0,0.9,0.4,0.6000000000000001,0.1,45.0,40.0,35.0,6012,6009,3,6012,4.99001996007984E-4,0.30918877241926407,0.5,0.6183775448385281,1581,0.26310534198701946,1.0,1
"iteration_5","SCOPE_DATA_COLLECTION",1000,19,1210.0,1270.0,1,5944,4300,1353,5938,4314,1367,5929,4286,1345,11,11,8,0.001851851851851852,0.002559925529439144,0.005912786400591279,0.3180821797154086,0.6599196543571527,1.0999001385324643,0.6361643594308172,0.6599196543571527,0.7332667590216428,0.2922921234609546,0.3856742883807746,0.41486988847583645,97.5,100.0,4873,6050,674,25,5,0,0.005130309870716191,8.264462809917355E-4,0.0,0.9,0.5,0.6000000000000001,0.1,55.0,30.0,35.0,0.9,0.4,0.6000000000000001,0.1,45.0,40.0,35.0,4448,4432,16,4448,0.0035971223021582736,0.6982254972841946,1.0,0.6982254972841946,1781,0.40185018050541516,1.0,1
"iteration_5","SCOPE_DATA_COLLECTION",1000,19,1210.0,1270.0,2,5944,4300,1353,5938,4314,1367,5929,4286,1345,11,11,8,0.001851851851851852,0.002559925529439144,0.005912786400591279,0.3180821797154086,0.6599196543571527,1.0999001385324643,0.6361643594308172,0.6599196543571527,0.7332667590216428,0.2922921234609546,0.3856742883807746,0.41486988847583645,97.5,100.0,4873,6050,674,25,5,0,0.005130309870716191,8.264462809917355E-4,0.0,0.9,0.5,0.6000000000000001,0.1,55.0,30.0,35.0,0.9,0.4,0.6000000000000001,0.1,45.0,40.0,35.0,1269,1262,7,1269,0.005516154452324665,1.0875173627318406,1.5,0.7250115751545604,515,0.4080824088748019,1.0,1
"iteration_5","SCOPE_DATA_COLLECTION",1000,20,1270.0,1330.0,0,6012,4448,1269,5944,4300,1353,6019,4427,1267,3,16,7,4.981733643307871E-4,0.0036011703803736214,0.005494505494505495,0.30991472237543477,0.6956005171917236,1.0889205169534861,0.6198294447508695,0.6956005171917236,0.7259470113023241,0.26432962286094036,0.39981929071606054,0.409629044988161,97.5,100.0,4887,6162,680,20,6,0,0.0040924902803355845,9.737098344693282E-4,0.0,0.9,0.4,0.6000000000000001,0.1,45.0,40.0,35.0,0.8,0.4,0.5,0.1,45.0,50.0,45.0,5976,5970,6,5976,0.001004016064257028,0.3019308263076628,0.5,0.6038616526153257,1551,0.25979899497487435,1.0,1
"iteration_5","SCOPE_DATA_COLLECTION",1000,20,1270.0,1330.0,1,6012,4448,1269,5944,4300,1353,6019,4427,1267,3,16,7,4.981733643307871E-4,0.0036011703803736214,0.005494505494505495,0.30991472237543477,0.6956005171917236,1.0889205169534861,0.6198294447508695,0.6956005171917236,0.7259470113023241,0.26432962286094036,0.39981929071606054,0.409629044988161,97.5,100.0,4887,6162,680,20,6,0,0.0040924902803355845,9.737098344693282E-4,0.0,0.9,0.4,0.6000000000000001,0.1,45.0,40.0,35.0,0.8,0.4,0.5,0.1,45.0,50.0,45.0,4409,4395,14,4409,0.0031753232025402587,0.6449228997739626,1.0,0.6449228997739626,1653,0.37610921501706485,1.0,1
"iteration_5","SCOPE_DATA_COLLECTION",1000,20,1270.0,1330.0,2,6012,4448,1269,5944,4300,1353,6019,4427,1267,3,16,7,4.981733643307871E-4,0.0036011703803736214,0.005494505494505495,0.30991472237543477,0.6956005171917236,1.0889205169534861,0.6198294447508695,0.6956005171917236,0.7259470113023241,0.26432962286094036,0.39981929071606054,0.409629044988161,97.5,100.0,4887,6162,680,20,6,0,0.0040924902803355845,9.737098344693282E-4,0.0,0.9,0.4,0.6000000000000001,0.1,45.0,40.0,35.0,0.8,0.4,0.5,0.1,45.0,50.0,45.0,1343,1329,14,1343,0.010424422933730455,1.1126801243839355,1.5,0.7417867495892904,563,0.4236267870579383,1.0,1
"iteration_5","SCOPE_DATA_COLLECTION",1000,21,1330.0,1390.0,0,5976,4409,1343,6012,4448,1269,5971,4408,1330,6,14,14,0.001003848084323239,0.003165988240615106,0.010416666666666666,0.30227582233637357,0.6484918375176986,1.1067859952452062,0.6045516446727471,0.6484918375176986,0.7378573301634708,0.2597554848434098,0.37840290381125224,0.42030075187969923,97.5,100.0,4803,5618,1307,29,5,0,0.006037892983551947,8.8999644001424E-4,0.0,0.8,0.4,0.5,0.1,45.0,50.0,45.0,0.25,0.1,0.7000000000000001,0.8,95.0,95.0,75.0,5702,4350,1352,5702,0.23710978603998598,0.40498609850540823,0.5,0.8099721970108165,1330,0.3057471264367816,1.0,1
"iteration_5","SCOPE_DATA_COLLECTION",1000,21,1330.0,1390.0,1,5976,4409,1343,6012,4448,1269,5971,4408,1330,6,14,14,0.001003848084323239,0.003165988240615106,0.010416666666666666,0.30227582233637357,0.6484918375176986,1.1067859952452062,0.6045516446727471,0.6484918375176986,0.7378573301634708,0.2597554848434098,0.37840290381125224,0.42030075187969923,97.5,100.0,4803,5618,1307,29,5,0,0.006037892983551947,8.8999644001424E-4,0.0,0.8,0.4,0.5,0.1,45.0,50.0,45.0,0.25,0.1,0.7000000000000001,0.8,95.0,95.0,75.0,4310,3232,1078,4310,0.25011600928074246,0.9105996619881074,1.0,0.9105996619881074,1752,0.5420792079207921,1.0,1
"iteration_5","SCOPE_DATA_COLLECTION",1000,21,1330.0,1390.0,2,5976,4409,1343,6012,4448,1269,5971,4408,1330,6,14,14,0.001003848084323239,0.003165988240615106,0.010416666666666666,0.30227582233637357,0.6484918375176986,1.1067859952452062,0.6045516446727471,0.6484918375176986,0.7378573301634708,0.2597554848434098,0.37840290381125224,0.42030075187969923,97.5,100.0,4803,5618,1307,29,5,0,0.006037892983551947,8.8999644001424E-4,0.0,0.8,0.4,0.5,0.1,45.0,50.0,45.0,0.25,0.1,0.7000000000000001,0.8,95.0,95.0,75.0,1395,1055,340,1395,0.24372759856630824,1.4978879413611255,1.5,0.998591960907417,625,0.5924170616113744,1.0,1
"iteration_5","SCOPE_DATA_COLLECTION",1000,22,1390.0,1450.0,0,5702,4310,1395,5976,4409,1343,4345,3226,1044,1352,1078,340,0.23731788660698613,0.2504646840148699,0.24566473988439305,0.405768100409511,0.9099117239388077,1.499328602263876,0.811536200819022,0.9099117239388077,0.9995524015092507,0.30886075949367087,0.5421574705517669,0.592911877394636,97.5,100.0,4826,1637,4944,48,1,2721,0.009946125155408206,6.108735491753207E-4,0.5503640776699029,0.25,0.1,0.7000000000000001,0.8,95.0,95.0,75.0,0.25,0.2,0.6000000000000001,0.8,95.0,95.0,75.0,6016,4579,1437,6016,0.2388630319148936,0.43067632817741763,0.5,0.8613526563548353,1469,0.3208124044551212,1.0,1
"iteration_5","SCOPE_DATA_COLLECTION",1000,22,1390.0,1450.0,1,5702,4310,1395,5976,4409,1343,4345,3226,1044,1352,1078,340,0.23731788660698613,0.2504646840148699,0.24566473988439305,0.405768100409511,0.9099117239388077,1.499328602263876,0.811536200819022,0.9099117239388077,0.9995524015092507,0.30886075949367087,0.5421574705517669,0.592911877394636,97.5,100.0,4826,1637,4944,48,1,2721,0.009946125155408206,6.108735491753207E-4,0.5503640776699029,0.25,0.1,0.7000000000000001,0.8,95.0,95.0,75.0,0.25,0.2,0.6000000000000001,0.8,95.0,95.0,75.0,4341,3254,1087,4341,0.2504031329186823,0.9155699330696372,1.0,0.9155699330696372,1794,0.551321450522434,1.0,1
"iteration_5","SCOPE_DATA_COLLECTION",1000,22,1390.0,1450.0,2,5702,4310,1395,5976,4409,1343,4345,3226,1044,1352,1078,340,0.23731788660698613,0.2504646840148699,0.24566473988439305,0.405768100409511,0.9099117239388077,1.499328602263876,0.811536200819022,0.9099117239388077,0.9995524015092507,0.30886075949367087,0.5421574705517669,0.592911877394636,97.5,100.0,4826,1637,4944,48,1,2721,0.009946125155408206,6.108735491753207E-4,0.5503640776699029,0.25,0.1,0.7000000000000001,0.8,95.0,95.0,75.0,0.25,0.2,0.6000000000000001,0.8,95.0,95.0,75.0,1338,956,382,1338,0.28550074738415543,1.4492505442542756,1.5,0.9661670295028504,530,0.5543933054393305,1.0,1
"iteration_5","SCOPE_DATA_COLLECTION",1000,23,1450.0,1510.0,0,6016,4341,1338,5702,4310,1395,4588,3248,969,1434,1079,376,0.23812686815011624,0.249364455743009,0.2795539033457249,0.4300617805609047,0.9124205772018115,1.4496440015518826,0.8601235611218094,0.9124205772018115,0.9664293343679217,0.3193112467306016,0.5480295566502463,0.5562435500515995,100.0,100.0,5050,1631,5014,50,1,2838,0.009900990099009901,6.131207847946045E-4,0.5660151575588352,0.25,0.2,0.6000000000000001,0.8,95.0,95.0,75.0,0.25,0.1,0.7000000000000001,0.8,85.0,95.0,65.0,6000,4687,1313,6000,0.21883333333333332,0.4430374380823254,0.5,0.8860748761646507,1625,0.3467036483891615,1.0,1
"iteration_5","SCOPE_DATA_COLLECTION",1000,23,1450.0,1510.0,1,6016,4341,1338,5702,4310,1395,4588,3248,969,1434,1079,376,0.23812686815011624,0.249364455743009,0.2795539033457249,0.4300617805609047,0.9124205772018115,1.4496440015518826,0.8601235611218094,0.9124205772018115,0.9664293343679217,0.3193112467306016,0.5480295566502463,0.5562435500515995,100.0,100.0,5050,1631,5014,50,1,2838,0.009900990099009901,6.131207847946045E-4,0.5660151575588352,0.25,0.2,0.6000000000000001,0.8,95.0,95.0,75.0,0.25,0.1,0.7000000000000001,0.8,85.0,95.0,65.0,4287,3251,1036,4287,0.2416608350828085,0.9201732283210016,1.0,0.9201732283210016,1838,0.5653645032297755,1.0,1
"iteration_5","SCOPE_DATA_COLLECTION",1000,23,1450.0,1510.0,2,6016,4341,1338,5702,4310,1395,4588,3248,969,1434,1079,376,0.23812686815011624,0.249364455743009,0.2795539033457249,0.4300617805609047,0.9124205772018115,1.4496440015518826,0.8601235611218094,0.9124205772018115,0.9664293343679217,0.3193112467306016,0.5480295566502463,0.5562435500515995,100.0,100.0,5050,1631,5014,50,1,2838,0.009900990099009901,6.131207847946045E-4,0.5660151575588352,0.25,0.2,0.6000000000000001,0.8,95.0,95.0,75.0,0.25,0.1,0.7000000000000001,0.8,85.0,95.0,65.0,1364,988,376,1364,0.2756598240469208,1.5166979458408616,1.5,1.0111319638939078,588,0.5951417004048583,1.0,1
"iteration_5","SCOPE_DATA_COLLECTION",1000,24,1510.0,1570.0,0,6000,4287,1364,6016,4341,1338,4675,3248,976,1316,1043,382,0.21966282757469538,0.24306688417618272,0.2812960235640648,0.4417586119939052,0.9219316951918801,1.5129767048218796,0.8835172239878104,0.9219316951918801,1.0086511365479198,0.34310160427807485,0.5686576354679803,0.5942622950819673,100.0,100.0,5059,1686,4906,48,2,2691,0.00948804111484483,0.0011862396204033216,0.5485120260905014,0.25,0.1,0.7000000000000001,0.8,85.0,95.0,65.0,0.15000000000000002,0.2,0.8,0.8,95.0,95.0,75.0,5877,3396,2481,5877,0.4221541602858601,0.4916300959327304,0.5,0.9832601918654608,1569,0.4620141342756184,1.0,1
"iteration_5","SCOPE_DATA_COLLECTION",1000,24,1510.0,1570.0,1,6000,4287,1364,6016,4341,1338,4675,3248,976,1316,1043,382,0.21966282757469538,0.24306688417618272,0.2812960235640648,0.4417586119939052,0.9219316951918801,1.5129767048218796,0.8835172239878104,0.9219316951918801,1.0086511365479198,0.34310160427807485,0.5686576354679803,0.5942622950819673,100.0,100.0,5059,1686,4906,48,2,2691,0.00948804111484483,0.0011862396204033216,0.5485120260905014,0.25,0.1,0.7000000000000001,0.8,85.0,95.0,65.0,0.15000000000000002,0.2,0.8,0.8,95.0,95.0,75.0,4383,2535,1848,4383,0.4216290212183436,1.067396607524861,1.0,1.067396607524861,1838,0.7250493096646943,1.0,1
"iteration_5","SCOPE_DATA_COLLECTION",1000,24,1510.0,1570.0,2,6000,4287,1364,6016,4341,1338,4675,3248,976,1316,1043,382,0.21966282757469538,0.24306688417618272,0.2812960235640648,0.4417586119939052,0.9219316951918801,1.5129767048218796,0.8835172239878104,0.9219316951918801,1.0086511365479198,0.34310160427807485,0.5686576354679803,0.5942622950819673,100.0,100.0,5059,1686,4906,48,2,2691,0.00948804111484483,0.0011862396204033216,0.5485120260905014,0.25,0.1,0.7000000000000001,0.8,85.0,95.0,65.0,0.15000000000000002,0.2,0.8,0.8,95.0,95.0,75.0,1367,757,610,1367,0.44623262618873444,1.8271749671007405,1.5,1.218116644733827,572,0.7556142668428005,1.0,1
"iteration_5","SCOPE_DATA_COLLECTION",1000,25,1570.0,1630.0,0,5877,4383,1367,6000,4287,1364,3410,2545,764,2481,1849,610,0.42115090816499745,0.42080109239872554,0.44395924308588064,0.49275514040252544,1.0631427924093464,1.8206233514056749,0.9855102808050509,1.0631427924093464,1.2137489009371165,0.4645161290322581,0.7202357563850688,0.75,100.0,100.0,4926,980,5721,46,1,4893,0.00933820544051969,0.0010204081632653062,0.8552700576822234,0.15000000000000002,0.2,0.8,0.8,95.0,95.0,75.0,0.05,0.1,0.8,0.9,85.0,95.0,85.0,6017,2987,3030,6017,0.5035732092404853,0.5061835086720848,0.5,1.0123670173441697,1426,0.4774020756611985,1.0,1
"iteration_5","SCOPE_DATA_COLLECTION",1000,25,1570.0,1630.0,1,5877,4383,1367,6000,4287,1364,3410,2545,764,2481,1849,610,0.42115090816499745,0.42080109239872554,0.44395924308588064,0.49275514040252544,1.0631427924093464,1.8206233514056749,0.9855102808050509,1.0631427924093464,1.2137489009371165,0.4645161290322581,0.7202357563850688,0.75,100.0,100.0,4926,980,5721,46,1,4893,0.00933820544051969,0.0010204081632653062,0.8552700576822234,0.15000000000000002,0.2,0.8,0.8,95.0,95.0,75.0,0.05,0.1,0.8,0.9,85.0,95.0,85.0,4314,2137,2177,4314,0.5046360686138155,1.1944738285759091,1.0,1.1944738285759091,1758,0.8226485727655592,1.0,1
"iteration_5","SCOPE_DATA_COLLECTION",1000,25,1570.0,1630.0,2,5877,4383,1367,6000,4287,1364,3410,2545,764,2481,1849,610,0.42115090816499745,0.42080109239872554,0.44395924308588064,0.49275514040252544,1.0631427924093464,1.8206233514056749,0.9855102808050509,1.0631427924093464,1.2137489009371165,0.4645161290322581,0.7202357563850688,0.75,100.0,100.0,4926,980,5721,46,1,4893,0.00933820544051969,0.0010204081632653062,0.8552700576822234,0.15000000000000002,0.2,0.8,0.8,95.0,95.0,75.0,0.05,0.1,0.8,0.9,85.0,95.0,85.0,1331,614,717,1331,0.5386927122464312,2.060472536537786,1.5,1.3736483576918574,545,0.8876221498371335,1.0,1
"iteration_5","SCOPE_DATA_COLLECTION",1000,26,1630.0,1690.0,0,6017,4314,1331,5877,4383,1367,2986,2129,620,3030,2177,717,0.503656914893617,0.5055736182071529,0.5362752430815259,0.5064844059029113,1.196641558688257,2.0614621902454138,1.0129688118058227,1.196641558688257,1.374308126830276,0.47923643670462157,0.8233912635039925,0.8887096774193548,95.0,100.0,5108,314,6240,42,1,5881,0.00822239624119029,0.0031847133757961785,0.9424679487179487,0.05,0.1,0.8,0.9,85.0,95.0,85.0,0.05,0.1,0.7000000000000001,0.8,85.0,95.0,95.0,6051,3003,3048,6051,0.5037183936539414,0.5212138845912315,0.5,1.042427769182463,1452,0.4835164835164835,1.0,1
"iteration_5","SCOPE_DATA_COLLECTION",1000,26,1630.0,1690.0,1,6017,4314,1331,5877,4383,1367,2986,2129,620,3030,2177,717,0.503656914893617,0.5055736182071529,0.5362752430815259,0.5064844059029113,1.196641558688257,2.0614621902454138,1.0129688118058227,1.196641558688257,1.374308126830276,0.47923643670462157,0.8233912635039925,0.8887096774193548,95.0,100.0,5108,314,6240,42,1,5881,0.00822239624119029,0.0031847133757961785,0.9424679487179487,0.05,0.1,0.8,0.9,85.0,95.0,85.0,0.05,0.1,0.7000000000000001,0.8,85.0,95.0,95.0,4242,2158,2084,4242,0.4912776991984913,1.1864204631542095,1.0,1.1864204631542095,1760,0.8155699721964782,1.0,1
"iteration_5","SCOPE_DATA_COLLECTION",1000,26,1630.0,1690.0,2,6017,4314,1331,5877,4383,1367,2986,2129,620,3030,2177,717,0.503656914893617,0.5055736182071529,0.5362752430815259,0.5064844059029113,1.196641558688257,2.0614621902454138,1.0129688118058227,1.196641558688257,1.374308126830276,0.47923643670462157,0.8233912635039925,0.8887096774193548,95.0,100.0,5108,314,6240,42,1,5881,0.00822239624119029,0.0031847133757961785,0.9424679487179487,0.05,0.1,0.8,0.9,85.0,95.0,85.0,0.05,0.1,0.7000000000000001,0.8,85.0,95.0,95.0,1348,628,720,1348,0.5341246290801187,2.005003330791535,1.5,1.3366688871943566,545,0.8678343949044586,1.0,1
"iteration_5","SCOPE_DATA_COLLECTION",1000,27,1690.0,1750.0,0,6051,4242,1348,6017,4314,1331,3008,2163,619,3048,2084,720,0.5033025099075297,0.4906993171650577,0.537714712471994,0.5210715358735639,1.1850873284588974,2.003065996113788,1.0421430717471278,1.1850873284588974,1.3353773307425254,0.48304521276595747,0.8146093388811836,0.8675282714054927,100.0,100.0,5107,301,6233,45,0,5807,0.008811435284903074,0.0,0.9316540991496871,0.05,0.1,0.7000000000000001,0.8,85.0,95.0,95.0,0.5,0.4,0.6000000000000001,0.2,60.0,20.0,45.0,5945,5888,57,5945,0.009587888982338099,0.3174129590403961,0.5,0.6348259180807923,1602,0.2720788043478261,1.0,1
"iteration_5","SCOPE_DATA_COLLECTION",1000,27,1690.0,1750.0,1,6051,4242,1348,6017,4314,1331,3008,2163,619,3048,2084,720,0.5033025099075297,0.4906993171650577,0.537714712471994,0.5210715358735639,1.1850873284588974,2.003065996113788,1.0421430717471278,1.1850873284588974,1.3353773307425254,0.48304521276595747,0.8146093388811836,0.8675282714054927,100.0,100.0,5107,301,6233,45,0,5807,0.008811435284903074,0.0,0.9316540991496871,0.05,0.1,0.7000000000000001,0.8,85.0,95.0,95.0,0.5,0.4,0.6000000000000001,0.2,60.0,20.0,45.0,4389,4334,55,4389,0.012531328320802004,0.6833163944741384,1.0,0.6833163944741384,1686,0.3890170742962621,1.0,1
"iteration_5","SCOPE_DATA_COLLECTION",1000,27,1690.0,1750.0,2,6051,4242,1348,6017,4314,1331,3008,2163,619,3048,2084,720,0.5033025099075297,0.4906993171650577,0.537714712471994,0.5210715358735639,1.1850873284588974,2.003065996113788,1.0421430717471278,1.1850873284588974,1.3353773307425254,0.48304521276595747,0.8146093388811836,0.8675282714054927,100.0,100.0,5107,301,6233,45,0,5807,0.008811435284903074,0.0,0.9316540991496871,0.05,0.1,0.7000000000000001,0.8,85.0,95.0,95.0,0.5,0.4,0.6000000000000001,0.2,60.0,20.0,45.0,1424,1393,31,1424,0.021769662921348316,1.1053812773326173,1.5,0.7369208515550781,562,0.40344580043072503,1.0,1
"iteration_5","SCOPE_DATA_COLLECTION",1000,28,1750.0,1810.0,0,5945,4389,1424,6051,4242,1348,5868,4322,1394,57,55,31,0.009620253164556962,0.01256568425862463,0.02175438596491228,0.31732312205806845,0.6846348880180956,1.1118648236503268,0.6346462441161369,0.6846348880180956,0.7412432157668846,0.2716428084526244,0.3903285515964831,0.4067431850789096,100.0,100.0,4828,3499,3431,44,2,97,0.009113504556752278,5.715918833952558E-4,0.028271640921014283,0.5,0.4,0.6000000000000001,0.2,60.0,20.0,45.0,0.9500000000000001,0.4,0.5,0.6000000000000001,45.0,20.0,90.0,5897,5883,14,5897,0.0023740885195862303,0.30859447697984566,0.5,0.6171889539596913,1520,0.2583715791262961,1.0,1
"iteration_5","SCOPE_DATA_COLLECTION",1000,28,1750.0,1810.0,1,5945,4389,1424,6051,4242,1348,5868,4322,1394,57,55,31,0.009620253164556962,0.01256568425862463,0.02175438596491228,0.31732312205806845,0.6846348880180956,1.1118648236503268,0.6346462441161369,0.6846348880180956,0.7412432157668846,0.2716428084526244,0.3903285515964831,0.4067431850789096,100.0,100.0,4828,3499,3431,44,2,97,0.009113504556752278,5.715918833952558E-4,0.028271640921014283,0.5,0.4,0.6000000000000001,0.2,60.0,20.0,45.0,0.9500000000000001,0.4,0.5,0.6000000000000001,45.0,20.0,90.0,4312,4280,32,4312,0.0074211502782931356,0.6838011942283978,1.0,0.6838011942283978,1696,0.39626168224299063,1.0,1
"iteration_5","SCOPE_DATA_COLLECTION",1000,28,1750.0,1810.0,2,5945,4389,1424,6051,4242,1348,5868,4322,1394,57,55,31,0.009620253164556962,0.01256568425862463,0.02175438596491228,0.31732312205806845,0.6846348880180956,1.1118648236503268,0.6346462441161369,0.6846348880180956,0.7412432157668846,0.2716428084526244,0.3903285515964831,0.4067431850789096,100.0,100.0,4828,3499,3431,44,2,97,0.009113504556752278,5.715918833952558E-4,0.028271640921014283,0.5,0.4,0.6000000000000001,0.2,60.0,20.0,45.0,0.9500000000000001,0.4,0.5,0.6000000000000001,45.0,20.0,90.0,1425,1401,24,1425,0.016842105263157894,1.1098590148747813,1.5,0.7399060099165209,568,0.4054246966452534,1.0,1
"iteration_5","SCOPE_DATA_COLLECTION",1000,29,1810.0,1870.0,0,5897,4312,1425,5945,4389,1424,5890,4289,1406,14,32,24,0.0023712737127371273,0.007405693126591067,0.016783216783216783,0.30935958264907243,0.6836487489085062,1.1092946659139131,0.6187191652981449,0.6836487489085062,0.739529777275942,0.25891341256366723,0.39612963394730705,0.4046941678520626,100.0,100.0,4854,6440,340,64,6,0,0.013185002060156572,9.316770186335404E-4,0.0,0.9500000000000001,0.4,0.5,0.6000000000000001,45.0,20.0,90.0,0.9500000000000001,0.30000000000000004,0.6000000000000001,0.5,55.0,20.0,80.0,5945,5932,13,5945,0.002186711522287637,0.30951259630854516,0.5,0.6190251926170903,1520,0.25623735670937287,1.0,1
"iteration_5","SCOPE_DATA_COLLECTION",1000,29,1810.0,1870.0,1,5897,4312,1425,5945,4389,1424,5890,4289,1406,14,32,24,0.0023712737127371273,0.007405693126591067,0.016783216783216783,0.30935958264907243,0.6836487489085062,1.1092946659139131,0.6187191652981449,0.6836487489085062,0.739529777275942,0.25891341256366723,0.39612963394730705,0.4046941678520626,100.0,100.0,4854,6440,340,64,6,0,0.013185002060156572,9.316770186335404E-4,0.0,0.9500000000000001,0.4,0.5,0.6000000000000001,45.0,20.0,90.0,0.9500000000000001,0.30000000000000004,0.6000000000000001,0.5,55.0,20.0,80.0,4200,4180,20,4200,0.004761904761904762,0.6732142145723137,1.0,0.6732142145723137,1678,0.4014354066985646,1.0,1
"iteration_5","SCOPE_DATA_COLLECTION",1000,29,1810.0,1870.0,2,5897,4312,1425,5945,4389,1424,5890,4289,1406,14,32,24,0.0023712737127371273,0.007405693126591067,0.016783216783216783,0.30935958264907243,0.6836487489085062,1.1092946659139131,0.6187191652981449,0.6836487489085062,0.739529777275942,0.25891341256366723,0.39612963394730705,0.4046941678520626,100.0,100.0,4854,6440,340,64,6,0,0.013185002060156572,9.316770186335404E-4,0.0,0.9500000000000001,0.4,0.5,0.6000000000000001,45.0,20.0,90.0,0.9500000000000001,0.30000000000000004,0.6000000000000001,0.5,55.0,20.0,80.0,1346,1331,15,1346,0.011144130757800892,1.1318030298320556,1.5,0.7545353532213704,555,0.41697971450037563,1.0,1
"iteration_5","SCOPE_DATA_COLLECTION",1000,30,1870.0,1930.0,0,5945,4200,1346,5897,4312,1425,5930,4173,1326,13,20,15,0.002187447417129396,0.004769854519437157,0.011185682326621925,0.308938236501587,0.6744531705249351,1.1311169692007748,0.617876473003174,0.6744531705249351,0.7540779794671831,0.2566610455311973,0.402588066139468,0.416289592760181,100.0,100.0,4958,6174,359,41,7,0,0.00826946349334409,0.0011337868480725624,0.0,0.9500000000000001,0.30000000000000004,0.6000000000000001,0.5,55.0,20.0,80.0,0.2,0.5,0.7000000000000001,0.4,40.0,40.0,65.0,5994,3684,2310,5994,0.38538538538538536,0.49328231959218644,0.5,0.9865646391843729,1773,0.4812703583061889,1.0,1
"iteration_5","SCOPE_DATA_COLLECTION",1000,30,1870.0,1930.0,1,5945,4200,1346,5897,4312,1425,5930,4173,1326,13,20,15,0.002187447417129396,0.004769854519437157,0.011185682326621925,0.308938236501587,0.6744531705249351,1.1311169692007748,0.617876473003174,0.6744531705249351,0.7540779794671831,0.2566610455311973,0.402588066139468,0.416289592760181,100.0,100.0,4958,6174,359,41,7,0,0.00826946349334409,0.0011337868480725624,0.0,0.9500000000000001,0.30000000000000004,0.6000000000000001,0.5,55.0,20.0,80.0,0.2,0.5,0.7000000000000001,0.4,40.0,40.0,65.0,4363,2612,1751,4363,0.40132936053174423,1.0209435305990955,1.0,1.0209435305990955,1700,0.6508422664624809,1.0,1
"iteration_5","SCOPE_DATA_COLLECTION",1000,30,1870.0,1930.0,2,5945,4200,1346,5897,4312,1425,5930,4173,1326,13,20,15,0.002187447417129396,0.004769854519437157,0.011185682326621925,0.308938236501587,0.6744531705249351,1.1311169692007748,0.617876473003174,0.6744531705249351,0.7540779794671831,0.2566610455311973,0.402588066139468,0.416289592760181,100.0,100.0,4958,6174,359,41,7,0,0.00826946349334409,0.0011337868480725624,0.0,0.9500000000000001,0.30000000000000004,0.6000000000000001,0.5,55.0,20.0,80.0,0.2,0.5,0.7000000000000001,0.4,40.0,40.0,65.0,1466,881,585,1466,0.3990450204638472,1.6575017974459605,1.5,1.105001198297307,587,0.6662883087400681,1.0,1
"iteration_5","SCOPE_DATA_COLLECTION",1000,31,1930.0,1990.0,0,5994,4363,1466,5945,4200,1346,3684,2617,881,2310,1751,585,0.38538538538538536,0.4008699633699634,0.3990450204638472,0.492987153502738,1.018541028576395,1.6619762055054081,0.985974307005476,1.018541028576395,1.1079841370036054,0.4788273615635179,0.6495987772258311,0.6685584562996595,97.5,100.0,4902,1407,5514,70,0,4576,0.014279885760913913,0.0,0.8298875589408777,0.2,0.5,0.7000000000000001,0.4,40.0,40.0,65.0,0.1,0.5,0.8,0.30000000000000004,40.0,40.0,55.0,5932,3077,2855,5932,0.48128792987188135,0.5343008032864087,0.5,1.0686016065728174,1657,0.5385115372115697,1.0,1
"iteration_5","SCOPE_DATA_COLLECTION",1000,31,1930.0,1990.0,1,5994,4363,1466,5945,4200,1346,3684,2617,881,2310,1751,585,0.38538538538538536,0.4008699633699634,0.3990450204638472,0.492987153502738,1.018541028576395,1.6619762055054081,0.985974307005476,1.018541028576395,1.1079841370036054,0.4788273615635179,0.6495987772258311,0.6685584562996595,97.5,100.0,4902,1407,5514,70,0,4576,0.014279885760913913,0.0,0.8298875589408777,0.2,0.5,0.7000000000000001,0.4,40.0,40.0,65.0,0.1,0.5,0.8,0.30000000000000004,40.0,40.0,55.0,4305,2168,2137,4305,0.4963995354239257,1.1419872028412288,1.0,1.1419872028412288,1655,0.7633763837638377,1.0,1
"iteration_5","SCOPE_DATA_COLLECTION",1000,31,1930.0,1990.0,2,5994,4363,1466,5945,4200,1346,3684,2617,881,2310,1751,585,0.38538538538538536,0.4008699633699634,0.3990450204638472,0.492987153502738,1.018541028576395,1.6619762055054081,0.985974307005476,1.018541028576395,1.1079841370036054,0.4788273615635179,0.6495987772258311,0.6685584562996595,97.5,100.0,4902,1407,5514,70,0,4576,0.014279885760913913,0.0,0.8298875589408777,0.2,0.5,0.7000000000000001,0.4,40.0,40.0,65.0,0.1,0.5,0.8,0.30000000000000004,40.0,40.0,55.0,1370,653,717,1370,0.5233576642335767,1.9266498136874648,1.5,1.2844332091249766,548,0.8392036753445635,1.0,1
"iteration_5","SCOPE_DATA_COLLECTION",1000,32,1990.0,2050.0,0,5932,4305,1370,5994,4363,1466,3094,2169,656,2855,2137,717,0.47991259035131956,0.4962842545285648,0.5222141296431173,0.5327487763791091,1.1337853845829844,1.916238906218767,1.0654975527582182,1.1337853845829844,1.2774926041458448,0.5378151260504201,0.7593360995850622,0.8323170731707317,100.0,100.0,4839,700,6068,28,0,5681,0.005786319487497416,0.0,0.9362228081740277,0.1,0.5,0.8,0.30000000000000004,40.0,40.0,55.0,0.1,0.5,0.8,0.30000000000000004,40.0,40.0,55.0,5938,2941,2997,5938,0.5047153923880094,0.5184659864998795,0.5,1.036931972999759,1575,0.5355321319279157,1.0,1
"iteration_5","SCOPE_DATA_COLLECTION",1000,32,1990.0,2050.0,1,5932,4305,1370,5994,4363,1466,3094,2169,656,2855,2137,717,0.47991259035131956,0.4962842545285648,0.5222141296431173,0.5327487763791091,1.1337853845829844,1.916238906218767,1.0654975527582182,1.1337853845829844,1.2774926041458448,0.5378151260504201,0.7593360995850622,0.8323170731707317,100.0,100.0,4839,700,6068,28,0,5681,0.005786319487497416,0.0,0.9362228081740277,0.1,0.5,0.8,0.30000000000000004,40.0,40.0,55.0,0.1,0.5,0.8,0.30000000000000004,40.0,40.0,55.0,4312,2083,2229,4312,0.5169294990723562,1.1356106679100793,1.0,1.1356106679100793,1612,0.7738838214114259,1.0,1
"iteration_5","SCOPE_DATA_COLLECTION",1000,32,1990.0,2050.0,2,5932,4305,1370,5994,4363,1466,3094,2169,656,2855,2137,717,0.47991259035131956,0.4962842545285648,0.5222141296431173,0.5327487763791091,1.1337853845829844,1.916238906218767,1.0654975527582182,1.1337853845829844,1.2774926041458448,0.5378151260504201,0.7593360995850622,0.8323170731707317,100.0,100.0,4839,700,6068,28,0,5681,0.005786319487497416,0.0,0.9362228081740277,0.1,0.5,0.8,0.30000000000000004,40.0,40.0,55.0,0.1,0.5,0.8,0.30000000000000004,40.0,40.0,55.0,1373,650,723,1373,0.526584122359796,1.9058121434599424,1.5,1.270541428973295,538,0.8276923076923077,1.0,1
"iteration_5","SCOPE_DATA_COLLECTION",1000,33,2050.0,2110.0,0,5938,4312,1373,5932,4305,1370,2941,2083,648,2997,2229,723,0.5047153923880094,0.5169294990723562,0.5273522975929978,0.518028280753658,1.135775379542052,1.9050425130874369,1.036056561507316,1.135775379542052,1.2700283420582912,0.5348520911254675,0.772443590974556,0.8287037037037037,97.5,100.0,4842,656,6125,40,0,5909,0.008261049153242462,0.0,0.9647346938775511,0.1,0.5,0.8,0.30000000000000004,40.0,40.0,55.0,0.2,0.5,0.9,0.30000000000000004,30.0,40.0,45.0,5911,3702,2209,5911,0.3737100321434613,0.4768508183252026,0.5,0.9537016366504052,1652,0.44624527282549975,1.0,1
"iteration_5","SCOPE_DATA_COLLECTION",1000,33,2050.0,2110.0,1,5938,4312,1373,5932,4305,1370,2941,2083,648,2997,2229,723,0.5047153923880094,0.5169294990723562,0.5273522975929978,0.518028280753658,1.135775379542052,1.9050425130874369,1.036056561507316,1.135775379542052,1.2700283420582912,0.5348520911254675,0.772443590974556,0.8287037037037037,97.5,100.0,4842,656,6125,40,0,5909,0.008261049153242462,0.0,0.9647346938775511,0.1,0.5,0.8,0.30000000000000004,40.0,40.0,55.0,0.2,0.5,0.9,0.30000000000000004,30.0,40.0,45.0,4250,2666,1584,4250,0.37270588235294116,0.9823257224801967,1.0,0.9823257224801967,1659,0.6222805701425357,1.0,1
"iteration_5","SCOPE_DATA_COLLECTION",1000,33,2050.0,2110.0,2,5938,4312,1373,5932,4305,1370,2941,2083,648,2997,2229,723,0.5047153923880094,0.5169294990723562,0.5273522975929978,0.518028280753658,1.135775379542052,1.9050425130874369,1.036056561507316,1.135775379542052,1.2700283420582912,0.5348520911254675,0.772443590974556,0.8287037037037037,97.5,100.0,4842,656,6125,40,0,5909,0.008261049153242462,0.0,0.9647346938775511,0.1,0.5,0.8,0.30000000000000004,40.0,40.0,55.0,0.2,0.5,0.9,0.30000000000000004,30.0,40.0,45.0,1393,826,567,1393,0.40703517587939697,1.6508732559572552,1.5,1.1005821706381702,566,0.6852300242130751,1.0,1
"iteration_5","SCOPE_DATA_COLLECTION",1000,34,2110.0,2170.0,0,5911,4250,1393,5938,4312,1373,3699,2675,828,2209,1584,567,0.3738997968855789,0.371918290678563,0.4064516129032258,0.4781142095032036,0.9872115362155947,1.6487920192789367,0.9562284190064072,0.9872115362155947,1.099194679519291,0.44768856447688565,0.6239252336448599,0.6859903381642513,97.5,100.0,4801,1317,5436,33,0,4327,0.006873568006665278,0.0,0.7959896983075792,0.2,0.5,0.9,0.30000000000000004,30.0,40.0,45.0,0.30000000000000004,0.6000000000000001,0.9,0.4,20.0,40.0,35.0,5905,4695,1210,5905,0.20491109229466553,0.4435783399635938,0.5,0.8871566799271876,1787,0.38061767838125665,1.0,1
"iteration_5","SCOPE_DATA_COLLECTION",1000,34,2110.0,2170.0,1,5911,4250,1393,5938,4312,1373,3699,2675,828,2209,1584,567,0.3738997968855789,0.371918290678563,0.4064516129032258,0.4781142095032036,0.9872115362155947,1.6487920192789367,0.9562284190064072,0.9872115362155947,1.099194679519291,0.44768856447688565,0.6239252336448599,0.6859903381642513,97.5,100.0,4801,1317,5436,33,0,4327,0.006873568006665278,0.0,0.7959896983075792,0.2,0.5,0.9,0.30000000000000004,30.0,40.0,45.0,0.30000000000000004,0.6000000000000001,0.9,0.4,20.0,40.0,35.0,4322,3388,934,4322,0.21610365571494677,0.8493718381814476,1.0,0.8493718381814476,1686,0.49763872491145217,1.0,1
"iteration_5","SCOPE_DATA_COLLECTION",1000,34,2110.0,2170.0,2,5911,4250,1393,5938,4312,1373,3699,2675,828,2209,1584,567,0.3738997968855789,0.371918290678563,0.4064516129032258,0.4781142095032036,0.9872115362155947,1.6487920192789367,0.9562284190064072,0.9872115362155947,1.099194679519291,0.44768856447688565,0.6239252336448599,0.6859903381642513,97.5,100.0,4801,1317,5436,33,0,4327,0.006873568006665278,0.0,0.7959896983075792,0.2,0.5,0.9,0.30000000000000004,30.0,40.0,45.0,0.30000000000000004,0.6000000000000001,0.9,0.4,20.0,40.0,35.0,1426,1096,330,1426,0.2314165497896213,1.3955548774668036,1.5,0.9303699183112024,580,0.5291970802919708,1.0,1
"iteration_5","SCOPE_DATA_COLLECTION",1000,35,2170.0,2230.0,0,5905,4322,1426,5911,4250,1393,4659,3359,1096,1187,919,318,0.20304481696886761,0.21482000935016363,0.2248939179632249,0.44086199413774896,0.8484107187332701,1.4039344125817417,0.8817239882754979,0.8484107187332701,0.9359562750544944,0.377763468555484,0.49806490026793687,0.5337591240875912,97.5,100.0,4796,2098,4759,50,2,2372,0.010425354462051709,9.532888465204957E-4,0.4984240386635848,0.30000000000000004,0.6000000000000001,0.9,0.4,20.0,40.0,35.0,0.4,0.7000000000000001,0.8,0.5,20.0,50.0,25.0,5955,5581,374,5955,0.06280436607892527,0.3884105085289913,0.5,0.7768210170579826,1763,0.3158932091023114,1.0,1
"iteration_5","SCOPE_DATA_COLLECTION",1000,35,2170.0,2230.0,1,5905,4322,1426,5911,4250,1393,4659,3359,1096,1187,919,318,0.20304481696886761,0.21482000935016363,0.2248939179632249,0.44086199413774896,0.8484107187332701,1.4039344125817417,0.8817239882754979,0.8484107187332701,0.9359562750544944,0.377763468555484,0.49806490026793687,0.5337591240875912,97.5,100.0,4796,2098,4759,50,2,2372,0.010425354462051709,9.532888465204957E-4,0.4984240386635848,0.30000000000000004,0.6000000000000001,0.9,0.4,20.0,40.0,35.0,0.4,0.7000000000000001,0.8,0.5,20.0,50.0,25.0,4221,3948,273,4221,0.06467661691542288,0.7568585230890967,1.0,0.7568585230890967,1631,0.41312056737588654,1.0,1
"iteration_5","SCOPE_DATA_COLLECTION",1000,35,2170.0,2230.0,2,5905,4322,1426,5911,4250,1393,4659,3359,1096,1187,919,318,0.20304481696886761,0.21482000935016363,0.2248939179632249,0.44086199413774896,0.8484107187332701,1.4039344125817417,0.8817239882754979,0.8484107187332701,0.9359562750544944,0.377763468555484,0.49806490026793687,0.5337591240875912,97.5,100.0,4796,2098,4759,50,2,2372,0.010425354462051709,9.532888465204957E-4,0.4984240386635848,0.30000000000000004,0.6000000000000001,0.9,0.4,20.0,40.0,35.0,0.4,0.7000000000000001,0.8,0.5,20.0,50.0,25.0,1369,1264,105,1369,0.07669831994156319,1.2796806246023453,1.5,0.8531204164015636,589,0.46598101265822783,1.0,1
"iteration_5","SCOPE_DATA_COLLECTION",1000,36,2230.0,2290.0,0,5955,4221,1369,5905,4322,1426,5603,3978,1255,396,288,117,0.06601100183363894,0.06751054852320675,0.08527696793002916,0.39065147820815066,0.7612995251916654,1.2737094487694678,0.7813029564163013,0.7612995251916654,0.8491396325129785,0.3185793325004462,0.41578682755153346,0.4613545816733068,97.5,100.0,4790,2718,4037,45,3,753,0.009394572025052192,0.0011037527593818985,0.18652464701511023,0.4,0.7000000000000001,0.8,0.5,20.0,50.0,25.0,0.5,0.6000000000000001,0.7000000000000001,0.6000000000000001,20.0,50.0,25.0,6142,6099,43,6142,0.007000976880494953,0.3417899437448387,0.5,0.6835798874896774,1748,0.2866043613707165,1.0,1
"iteration_5","SCOPE_DATA_COLLECTION",1000,36,2230.0,2290.0,1,5955,4221,1369,5905,4322,1426,5603,3978,1255,396,288,117,0.06601100183363894,0.06751054852320675,0.08527696793002916,0.39065147820815066,0.7612995251916654,1.2737094487694678,0.7813029564163013,0.7612995251916654,0.8491396325129785,0.3185793325004462,0.41578682755153346,0.4613545816733068,97.5,100.0,4790,2718,4037,45,3,753,0.009394572025052192,0.0011037527593818985,0.18652464701511023,0.4,0.7000000000000001,0.8,0.5,20.0,50.0,25.0,0.5,0.6000000000000001,0.7000000000000001,0.6000000000000001,20.0,50.0,25.0,4305,4262,43,4305,0.009988385598141697,0.6890549695624937,1.0,0.6890549695624937,1674,0.39277334584702017,1.0,1
"iteration_5","SCOPE_DATA_COLLECTION",1000,36,2230.0,2290.0,2,5955,4221,1369,5905,4322,1426,5603,3978,1255,396,288,117,0.06601100183363894,0.06751054852320675,0.08527696793002916,0.39065147820815066,0.7612995251916654,1.2737094487694678,0.7813029564163013,0.7612995251916654,0.8491396325129785,0.3185793325004462,0.41578682755153346,0.4613545816733068,97.5,100.0,4790,2718,4037,45,3,753,0.009394572025052192,0.0011037527593818985,0.18652464701511023,0.4,0.7000000000000001,0.8,0.5,20.0,50.0,25.0,0.5,0.6000000000000001,0.7000000000000001,0.6000000000000001,20.0,50.0,25.0,1321,1289,32,1321,0.024224072672218017,1.1849722047062987,1.5,0.7899814698041991,556,0.4313421256788208,1.0,1
"iteration_5","SCOPE_DATA_COLLECTION",1000,37,2290.0,2350.0,0,6142,4305,1321,5955,4221,1369,6099,4259,1294,44,43,32,0.0071626241250203485,0.0099953509995351,0.024132730015082957,0.34103125942551704,0.6873547637178594,1.1895382912332015,0.6820625188510341,0.6873547637178594,0.7930255274888011,0.28611247745532054,0.39140643343507864,0.43353941267387947,100.0,100.0,4980,3463,3325,62,4,53,0.012449799196787148,0.001155067860236789,0.01593984962406015,0.5,0.6000000000000001,0.7000000000000001,0.6000000000000001,20.0,50.0,25.0,0.35000000000000003,0.1,0.8,0.30000000000000004,75.0,45.0,70.0,5936,5122,814,5936,0.13712938005390835,0.38291642712146723,0.5,0.7658328542429345,1474,0.28777821163607964,1.0,1
"iteration_5","SCOPE_DATA_COLLECTION",1000,37,2290.0,2350.0,1,6142,4305,1321,5955,4221,1369,6099,4259,1294,44,43,32,0.0071626241250203485,0.0099953509995351,0.024132730015082957,0.34103125942551704,0.6873547637178594,1.1895382912332015,0.6820625188510341,0.6873547637178594,0.7930255274888011,0.28611247745532054,0.39140643343507864,0.43353941267387947,100.0,100.0,4980,3463,3325,62,4,53,0.012449799196787148,0.001155067860236789,0.01593984962406015,0.5,0.6000000000000001,0.7000000000000001,0.6000000000000001,20.0,50.0,25.0,0.35000000000000003,0.1,0.8,0.30000000000000004,75.0,45.0,70.0,4348,3748,600,4348,0.13799448022079117,0.7888405099877365,1.0,0.7888405099877365,1715,0.45757737459978653,1.0,1
"iteration_5","SCOPE_DATA_COLLECTION",1000,37,2290.0,2350.0,2,6142,4305,1321,5955,4221,1369,6099,4259,1294,44,43,32,0.0071626241250203485,0.0099953509995351,0.024132730015082957,0.34103125942551704,0.6873547637178594,1.1895382912332015,0.6820625188510341,0.6873547637178594,0.7930255274888011,0.28611247745532054,0.39140643343507864,0.43353941267387947,100.0,100.0,4980,3463,3325,62,4,53,0.012449799196787148,0.001155067860236789,0.01593984962406015,0.5,0.6000000000000001,0.7000000000000001,0.6000000000000001,20.0,50.0,25.0,0.35000000000000003,0.1,0.8,0.30000000000000004,75.0,45.0,70.0,1425,1204,221,1425,0.1550877192982456,1.3469491899913015,1.5,0.8979661266608677,632,0.5249169435215947,1.0,1
"iteration_5","SCOPE_DATA_COLLECTION",1000,38,2350.0,2410.0,0,5936,4348,1425,6142,4305,1321,5139,3750,1205,814,600,221,0.13673777927095582,0.13793103448275862,0.15497896213183732,0.38383143349208426,0.7896968538813727,1.3427625183172736,0.7676628669841685,0.7896968538813727,0.8951750122115157,0.28818836349484334,0.4584,0.5228215767634855,100.0,100.0,4890,2406,4413,34,2,1599,0.006952965235173824,8.312551953449709E-4,0.36233854520734193,0.35000000000000003,0.1,0.8,0.30000000000000004,75.0,45.0,70.0,0.35000000000000003,0.1,0.7000000000000001,0.30000000000000004,65.0,55.0,80.0,5918,5325,593,5918,0.10020277120648868,0.35753776263195713,0.5,0.7150755252639143,1453,0.27286384976525824,1.0,1
"iteration_5","SCOPE_DATA_COLLECTION",1000,38,2350.0,2410.0,1,5936,4348,1425,6142,4305,1321,5139,3750,1205,814,600,221,0.13673777927095582,0.13793103448275862,0.15497896213183732,0.38383143349208426,0.7896968538813727,1.3427625183172736,0.7676628669841685,0.7896968538813727,0.8951750122115157,0.28818836349484334,0.4584,0.5228215767634855,100.0,100.0,4890,2406,4413,34,2,1599,0.006952965235173824,8.312551953449709E-4,0.36233854520734193,0.35000000000000003,0.1,0.8,0.30000000000000004,75.0,45.0,70.0,0.35000000000000003,0.1,0.7000000000000001,0.30000000000000004,65.0,55.0,80.0,4202,3730,472,4202,0.11232746311280342,0.7703506577733208,1.0,0.7703506577733208,1676,0.44932975871313674,1.0,1
"iteration_5","SCOPE_DATA_COLLECTION",1000,38,2350.0,2410.0,2,5936,4348,1425,6142,4305,1321,5139,3750,1205,814,600,221,0.13673777927095582,0.13793103448275862,0.15497896213183732,0.38383143349208426,0.7896968538813727,1.3427625183172736,0.7676628669841685,0.7896968538813727,0.8951750122115157,0.28818836349484334,0.4584,0.5228215767634855,100.0,100.0,4890,2406,4413,34,2,1599,0.006952965235173824,8.312551953449709E-4,0.36233854520734193,0.35000000000000003,0.1,0.8,0.30000000000000004,75.0,45.0,70.0,0.35000000000000003,0.1,0.7000000000000001,0.30000000000000004,65.0,55.0,80.0,1395,1210,185,1395,0.13261648745519714,1.26594131930151,1.5,0.8439608795343401,580,0.4793388429752066,1.0,1
"iteration_5","SCOPE_DATA_COLLECTION",1000,39,2410.0,2470.0,0,5918,4202,1395,5936,4348,1425,5295,3719,1211,593,472,185,0.10071331521739131,0.1126222858506323,0.13252148997134672,0.3566282497138584,0.7708630753617174,1.27273464597961,0.7132564994277169,0.7708630753617174,0.8484897639864067,0.270632672332389,0.45012100026888946,0.48307184145334436,100.0,100.0,4951,2334,4230,43,2,1205,0.008685114118359927,8.56898029134533E-4,0.2848699763593381,0.35000000000000003,0.1,0.7000000000000001,0.30000000000000004,65.0,55.0,80.0,0.25,0.2,0.8,0.30000000000000004,75.0,65.0,70.0,5937,4230,1707,5937,0.2875189489641233,0.44320119129209345,0.5,0.8864023825841869,1648,0.3895981087470449,1.0,1
"iteration_5","SCOPE_DATA_COLLECTION",1000,39,2410.0,2470.0,1,5918,4202,1395,5936,4348,1425,5295,3719,1211,593,472,185,0.10071331521739131,0.1126222858506323,0.13252148997134672,0.3566282497138584,0.7708630753617174,1.27273464597961,0.7132564994277169,0.7708630753617174,0.8484897639864067,0.270632672332389,0.45012100026888946,0.48307184145334436,100.0,100.0,4951,2334,4230,43,2,1205,0.008685114118359927,8.56898029134533E-4,0.2848699763593381,0.35000000000000003,0.1,0.7000000000000001,0.30000000000000004,65.0,55.0,80.0,0.25,0.2,0.8,0.30000000000000004,75.0,65.0,70.0,4379,3146,1233,4379,0.28157113496232017,0.9017306404783842,1.0,0.9017306404783842,1751,0.5565797838525112,1.0,1
"iteration_5","SCOPE_DATA_COLLECTION",1000,39,2410.0,2470.0,2,5918,4202,1395,5936,4348,1425,5295,3719,1211,593,472,185,0.10071331521739131,0.1126222858506323,0.13252148997134672,0.3566282497138584,0.7708630753617174,1.27273464597961,0.7132564994277169,0.7708630753617174,0.8484897639864067,0.270632672332389,0.45012100026888946,0.48307184145334436,100.0,100.0,4951,2334,4230,43,2,1205,0.008685114118359927,8.56898029134533E-4,0.2848699763593381,0.35000000000000003,0.1,0.7000000000000001,0.30000000000000004,65.0,55.0,80.0,0.25,0.2,0.8,0.30000000000000004,75.0,65.0,70.0,1388,997,391,1388,0.28170028818443804,1.4865807691713309,1.5,0.9910538461142205,582,0.5837512537612839,1.0,1
"iteration_5","SCOPE_DATA_COLLECTION",1000,40,2470.0,2530.0,0,5937,4379,1388,5918,4202,1395,4231,3145,989,1707,1233,389,0.28747052879757495,0.2816354499771585,0.2822931785195936,0.44381567383884174,0.9029496086122777,1.4828070285378419,0.8876313476776835,0.9029496086122777,0.9885380190252279,0.39423304183408175,0.5577106518282989,0.5824064711830131,100.0,100.0,4908,1659,5137,38,0,3291,0.007742461287693562,0.0,0.6406462916098891,0.25,0.2,0.8,0.30000000000000004,75.0,65.0,70.0,0.25,0.2,0.8,0.30000000000000004,75.0,65.0,70.0,5914,4175,1739,5914,0.29404802164355764,0.41794929933112,0.5,0.83589859866224,1462,0.3501796407185629,1.0,1
"iteration_5","SCOPE_DATA_COLLECTION",1000,40,2470.0,2530.0,1,5937,4379,1388,5918,4202,1395,4231,3145,989,1707,1233,389,0.28747052879757495,0.2816354499771585,0.2822931785195936,0.44381567383884174,0.9029496086122777,1.4828070285378419,0.8876313476776835,0.9029496086122777,0.9885380190252279,0.39423304183408175,0.5577106518282989,0.5824064711830131,100.0,100.0,4908,1659,5137,38,0,3291,0.007742461287693562,0.0,0.6406462916098891,0.25,0.2,0.8,0.30000000000000004,75.0,65.0,70.0,0.25,0.2,0.8,0.30000000000000004,75.0,65.0,70.0,4383,3090,1293,4383,0.2950034223134839,0.9023094555898243,1.0,0.9023094555898243,1746,0.5650485436893203,1.0,1
"iteration_5","SCOPE_DATA_COLLECTION",1000,40,2470.0,2530.0,2,5937,4379,1388,5918,4202,1395,4231,3145,989,1707,1233,389,0.28747052879757495,0.2816354499771585,0.2822931785195936,0.44381567383884174,0.9029496086122777,1.4828070285378419,0.8876313476776835,0.9029496086122777,0.9885380190252279,0.39423304183408175,0.5577106518282989,0.5824064711830131,100.0,100.0,4908,1659,5137,38,0,3291,0.007742461287693562,0.0,0.6406462916098891,0.25,0.2,0.8,0.30000000000000004,75.0,65.0,70.0,0.25,0.2,0.8,0.30000000000000004,75.0,65.0,70.0,1372,941,431,1372,0.3141399416909621,1.4778938160948065,1.5,0.9852625440632043,554,0.5887353878852285,1.0,1
"iteration_5","SCOPE_DATA_COLLECTION",1000,41,2530.0,2590.0,0,5914,4383,1372,5937,4379,1388,4206,3104,943,1737,1284,432,0.2922766279656739,0.292616226071103,0.3141818181818182,0.4182105764105478,0.8992378277020355,1.4710496879259893,0.8364211528210956,0.8992378277020355,0.9806997919506596,0.3487874465049929,0.5621778350515464,0.5832449628844114,97.5,100.0,4950,1709,5010,33,1,3419,0.006666666666666667,5.851375073142189E-4,0.682435129740519,0.25,0.2,0.8,0.30000000000000004,75.0,65.0,70.0,0.05,0.8,0.6000000000000001,0.5,95.0,70.0,85.0,6039,2784,3255,6039,0.53899652260308,0.5542235001178801,0.5,1.1084470002357603,1651,0.5930316091954023,1.0,1
"iteration_5","SCOPE_DATA_COLLECTION",1000,41,2530.0,2590.0,1,5914,4383,1372,5937,4379,1388,4206,3104,943,1737,1284,432,0.2922766279656739,0.292616226071103,0.3141818181818182,0.4182105764105478,0.8992378277020355,1.4710496879259893,0.8364211528210956,0.8992378277020355,0.9806997919506596,0.3487874465049929,0.5621778350515464,0.5832449628844114,97.5,100.0,4950,1709,5010,33,1,3419,0.006666666666666667,5.851375073142189E-4,0.682435129740519,0.25,0.2,0.8,0.30000000000000004,75.0,65.0,70.0,0.05,0.8,0.6000000000000001,0.5,95.0,70.0,85.0,4243,1892,2351,4243,0.554089087909498,1.2262167402887068,1.0,1.2262167402887068,1589,0.8398520084566596,1.0,1
"iteration_5","SCOPE_DATA_COLLECTION",1000,41,2530.0,2590.0,2,5914,4383,1372,5937,4379,1388,4206,3104,943,1737,1284,432,0.2922766279656739,0.292616226071103,0.3141818181818182,0.4182105764105478,0.8992378277020355,1.4710496879259893,0.8364211528210956,0.8992378277020355,0.9806997919506596,0.3487874465049929,0.5621778350515464,0.5832449628844114,97.5,100.0,4950,1709,5010,33,1,3419,0.006666666666666667,5.851375073142189E-4,0.682435129740519,0.25,0.2,0.8,0.30000000000000004,75.0,65.0,70.0,0.05,0.8,0.6000000000000001,0.5,95.0,70.0,85.0,1324,619,705,1324,0.5324773413897281,2.050837248583536,1.5,1.367224832389024,555,0.8966074313408724,1.0,1
"iteration_5","SCOPE_DATA_COLLECTION",1000,42,2590.0,2650.0,0,6039,4243,1324,5914,4383,1372,2773,1891,623,3257,2360,706,0.5401326699834162,0.5551634909433074,0.5312264860797592,0.5526500224705287,1.2206022353608972,2.042978505303321,1.1053000449410575,1.2206022353608972,1.3619856702022142,0.5896141363144609,0.837123215230037,0.8940609951845907,97.5,100.0,4829,344,6433,49,0,6274,0.010147028370262995,0.0,0.9752836934556195,0.05,0.8,0.6000000000000001,0.5,95.0,70.0,85.0,0.05,0.7000000000000001,0.6000000000000001,0.4,95.0,70.0,75.0,5953,2698,3255,5953,0.5467831345540064,0.5700105199433009,0.5,1.1400210398866018,1668,0.6182357301704967,1.0,1
"iteration_5","SCOPE_DATA_COLLECTION",1000,42,2590.0,2650.0,1,6039,4243,1324,5914,4383,1372,2773,1891,623,3257,2360,706,0.5401326699834162,0.5551634909433074,0.5312264860797592,0.5526500224705287,1.2206022353608972,2.042978505303321,1.1053000449410575,1.2206022353608972,1.3619856702022142,0.5896141363144609,0.837123215230037,0.8940609951845907,97.5,100.0,4829,344,6433,49,0,6274,0.010147028370262995,0.0,0.9752836934556195,0.05,0.8,0.6000000000000001,0.5,95.0,70.0,85.0,0.05,0.7000000000000001,0.6000000000000001,0.4,95.0,70.0,75.0,4402,2000,2402,4402,0.5456610631531122,1.2280273594335647,1.0,1.2280273594335647,1693,0.8465,1.0,1
"iteration_5","SCOPE_DATA_COLLECTION",1000,42,2590.0,2650.0,2,6039,4243,1324,5914,4383,1372,2773,1891,623,3257,2360,706,0.5401326699834162,0.5551634909433074,0.5312264860797592,0.5526500224705287,1.2206022353608972,2.042978505303321,1.1053000449410575,1.2206022353608972,1.3619856702022142,0.5896141363144609,0.837123215230037,0.8940609951845907,97.5,100.0,4829,344,6433,49,0,6274,0.010147028370262995,0.0,0.9752836934556195,0.05,0.8,0.6000000000000001,0.5,95.0,70.0,85.0,0.05,0.7000000000000001,0.6000000000000001,0.4,95.0,70.0,75.0,1410,618,792,1410,0.5617021276595745,2.0127476341235884,1.5,1.3418317560823922,542,0.8770226537216829,1.0,1
"iteration_5","SCOPE_DATA_COLLECTION",1000,43,2650.0,2710.0,0,5953,4402,1410,6039,4243,1324,2702,1985,625,3255,2402,792,0.5464159811985899,0.5475267836790517,0.5589273112208892,0.5708745573095517,1.2269037385955888,2.012863747750446,1.1417491146191034,1.2269037385955888,1.341909165166964,0.6191709844559585,0.8473551637279597,0.8784,97.5,100.0,4853,346,6566,56,0,6393,0.01153925406964764,0.0,0.9736521474261346,0.05,0.7000000000000001,0.6000000000000001,0.4,95.0,70.0,75.0,0.15000000000000002,0.5,0.4,0.2,90.0,30.0,80.0,5803,3254,2549,5803,0.439255557470274,0.5343793906662051,0.5,1.0687587813324102,1642,0.5046097111247695,1.0,1
"iteration_5","SCOPE_DATA_COLLECTION",1000,43,2650.0,2710.0,1,5953,4402,1410,6039,4243,1324,2702,1985,625,3255,2402,792,0.5464159811985899,0.5475267836790517,0.5589273112208892,0.5708745573095517,1.2269037385955888,2.012863747750446,1.1417491146191034,1.2269037385955888,1.341909165166964,0.6191709844559585,0.8473551637279597,0.8784,97.5,100.0,4853,346,6566,56,0,6393,0.01153925406964764,0.0,0.9736521474261346,0.05,0.7000000000000001,0.6000000000000001,0.4,95.0,70.0,75.0,0.15000000000000002,0.5,0.4,0.2,90.0,30.0,80.0,4278,2429,1849,4278,0.4322113136979897,1.0585865506830572,1.0,1.0585865506830572,1705,0.7019349526554137,1.0,1
"iteration_5","SCOPE_DATA_COLLECTION",1000,43,2650.0,2710.0,2,5953,4402,1410,6039,4243,1324,2702,1985,625,3255,2402,792,0.5464159811985899,0.5475267836790517,0.5589273112208892,0.5708745573095517,1.2269037385955888,2.012863747750446,1.1417491146191034,1.2269037385955888,1.341909165166964,0.6191709844559585,0.8473551637279597,0.8784,97.5,100.0,4853,346,6566,56,0,6393,0.01153925406964764,0.0,0.9736521474261346,0.05,0.7000000000000001,0.6000000000000001,0.4,95.0,70.0,75.0,0.15000000000000002,0.5,0.4,0.2,90.0,30.0,80.0,1393,765,628,1393,0.45082555635319455,1.7664470740438933,1.5,1.1776313826959288,582,0.7607843137254902,1.0,1
"iteration_5","SCOPE_DATA_COLLECTION",1000,44,2710.0,2770.0,0,5803,4278,1393,5953,4402,1410,3257,2439,759,2549,1849,628,0.4390285911126421,0.4312033582089552,0.4527757750540735,0.5343078478789353,1.064468275035788,1.7722832288572272,1.0686156957578705,1.064468275035788,1.1815221525714847,0.5038378876266503,0.7031570315703157,0.761528326745718,100.0,100.0,4665,1049,5760,18,2,5006,0.0038585209003215433,0.0019065776930409914,0.8690972222222222,0.15000000000000002,0.5,0.4,0.2,90.0,30.0,80.0,0.25,0.5,0.5,0.1,80.0,30.0,80.0,5969,4173,1796,5969,0.300887920924778,0.4445070642337948,0.5,0.8890141284675896,1679,0.4023484303858136,1.0,1
"iteration_5","SCOPE_DATA_COLLECTION",1000,44,2710.0,2770.0,1,5803,4278,1393,5953,4402,1410,3257,2439,759,2549,1849,628,0.4390285911126421,0.4312033582089552,0.4527757750540735,0.5343078478789353,1.064468275035788,1.7722832288572272,1.0686156957578705,1.064468275035788,1.1815221525714847,0.5038378876266503,0.7031570315703157,0.761528326745718,100.0,100.0,4665,1049,5760,18,2,5006,0.0038585209003215433,0.0019065776930409914,0.8690972222222222,0.15000000000000002,0.5,0.4,0.2,90.0,30.0,80.0,0.25,0.5,0.5,0.1,80.0,30.0,80.0,4248,2953,1295,4248,0.30484934086629,0.9013042414069247,1.0,0.9013042414069247,1657,0.5611242803928208,1.0,1
"iteration_5","SCOPE_DATA_COLLECTION",1000,44,2710.0,2770.0,2,5803,4278,1393,5953,4402,1410,3257,2439,759,2549,1849,628,0.4390285911126421,0.4312033582089552,0.4527757750540735,0.5343078478789353,1.064468275035788,1.7722832288572272,1.0686156957578705,1.064468275035788,1.1815221525714847,0.5038378876266503,0.7031570315703157,0.761528326745718,100.0,100.0,4665,1049,5760,18,2,5006,0.0038585209003215433,0.0019065776930409914,0.8690972222222222,0.15000000000000002,0.5,0.4,0.2,90.0,30.0,80.0,0.25,0.5,0.5,0.1,80.0,30.0,80.0,1402,937,465,1402,0.33166904422253923,1.4484760110897252,1.5,0.9656506740598169,552,0.5891141942369263,1.0,1
"iteration_5","SCOPE_DATA_COLLECTION",1000,45,2770.0,2830.0,0,5969,4248,1402,5803,4278,1393,4168,2956,939,1796,1295,465,0.301140174379611,0.3046342037167725,0.3311965811965812,0.44524313902183094,0.901104602554206,1.4500535102566419,0.8904862780436619,0.901104602554206,0.9667023401710946,0.4049904030710173,0.5612313937753721,0.5899893503727369,100.0,100.0,4787,1702,5130,18,3,3535,0.003760183831209526,0.0017626321974148062,0.6890838206627681,0.25,0.5,0.5,0.1,80.0,30.0,80.0,0.5,0.5,0.5,0.6000000000000001,85.0,70.0,95.0,5998,5901,97,5998,0.01617205735245082,0.3271597126330449,0.5,0.6543194252660898,1661,0.2814777156414167,1.0,1
"iteration_5","SCOPE_DATA_COLLECTION",1000,45,2770.0,2830.0,1,5969,4248,1402,5803,4278,1393,4168,2956,939,1796,1295,465,0.301140174379611,0.3046342037167725,0.3311965811965812,0.44524313902183094,0.901104602554206,1.4500535102566419,0.8904862780436619,0.901104602554206,0.9667023401710946,0.4049904030710173,0.5612313937753721,0.5899893503727369,100.0,100.0,4787,1702,5130,18,3,3535,0.003760183831209526,0.0017626321974148062,0.6890838206627681,0.25,0.5,0.5,0.1,80.0,30.0,80.0,0.5,0.5,0.5,0.6000000000000001,85.0,70.0,95.0,4291,4208,83,4291,0.019342810533675134,0.6874394090001056,1.0,0.6874394090001056,1686,0.40066539923954375,1.0,1
"iteration_5","SCOPE_DATA_COLLECTION",1000,45,2770.0,2830.0,2,5969,4248,1402,5803,4278,1393,4168,2956,939,1796,1295,465,0.301140174379611,0.3046342037167725,0.3311965811965812,0.44524313902183094,0.901104602554206,1.4500535102566419,0.8904862780436619,0.901104602554206,0.9667023401710946,0.4049904030710173,0.5612313937753721,0.5899893503727369,100.0,100.0,4787,1702,5130,18,3,3535,0.003760183831209526,0.0017626321974148062,0.6890838206627681,0.25,0.5,0.5,0.1,80.0,30.0,80.0,0.5,0.5,0.5,0.6000000000000001,85.0,70.0,95.0,1388,1349,39,1388,0.028097982708933718,1.150369942784198,1.5,0.7669132951894654,564,0.41808747220163084,1.0,1
"iteration_5","SCOPE_DATA_COLLECTION",1000,46,2830.0,2890.0,0,5998,4291,1388,5969,4248,1402,5906,4195,1345,97,83,39,0.016158587372980177,0.019401589527816735,0.028179190751445087,0.32742203071839127,0.6862158469776615,1.1483592899416903,0.6548440614367825,0.6862158469776615,0.7655728599611269,0.28073145953267864,0.399523241954708,0.41858736059479557,100.0,100.0,4912,3403,3362,55,2,162,0.011197068403908795,5.877167205406994E-4,0.04818560380725759,0.5,0.5,0.5,0.6000000000000001,85.0,70.0,95.0,0.6000000000000001,0.6000000000000001,0.5,0.7000000000000001,85.0,80.0,95.0,5827,5808,19,5827,0.0032606830272867687,0.31643438140622265,0.5,0.6328687628124453,1623,0.2794421487603306,1.0,1
"iteration_5","SCOPE_DATA_COLLECTION",1000,46,2830.0,2890.0,1,5998,4291,1388,5969,4248,1402,5906,4195,1345,97,83,39,0.016158587372980177,0.019401589527816735,0.028179190751445087,0.32742203071839127,0.6862158469776615,1.1483592899416903,0.6548440614367825,0.6862158469776615,0.7655728599611269,0.28073145953267864,0.399523241954708,0.41858736059479557,100.0,100.0,4912,3403,3362,55,2,162,0.011197068403908795,5.877167205406994E-4,0.04818560380725759,0.5,0.5,0.5,0.6000000000000001,85.0,70.0,95.0,0.6000000000000001,0.6000000000000001,0.5,0.7000000000000001,85.0,80.0,95.0,4359,4337,22,4359,0.005047029135122735,0.6694280012898625,1.0,0.6694280012898625,1690,0.3896702789946968,1.0,1
"iteration_5","SCOPE_DATA_COLLECTION",1000,46,2830.0,2890.0,2,5998,4291,1388,5969,4248,1402,5906,4195,1345,97,83,39,0.016158587372980177,0.019401589527816735,0.028179190751445087,0.32742203071839127,0.6862158469776615,1.1483592899416903,0.6548440614367825,0.6862158469776615,0.7655728599611269,0.28073145953267864,0.399523241954708,0.41858736059479557,100.0,100.0,4912,3403,3362,55,2,162,0.011197068403908795,5.877167205406994E-4,0.04818560380725759,0.5,0.5,0.5,0.6000000000000001,85.0,70.0,95.0,0.6000000000000001,0.6000000000000001,0.5,0.7000000000000001,85.0,80.0,95.0,1444,1405,39,1444,0.027008310249307478,1.1173722014106355,1.5,0.7449148009404237,571,0.40640569395017795,1.0,1
"iteration_5","SCOPE_DATA_COLLECTION",1000,47,2890.0,2950.0,0,5827,4359,1444,5998,4291,1388,5806,4346,1404,19,22,39,0.0032618025751072963,0.005036630036630037,0.02702702702702703,0.31611847615039484,0.6717568798436522,1.1216488369321815,0.6322369523007897,0.6717568798436522,0.747765891288121,0.2798828797795384,0.3923147722043258,0.4081196581196581,97.5,100.0,4901,4064,2665,63,2,15,0.01285451948581922,4.921259842519685E-4,0.005628517823639775,0.6000000000000001,0.6000000000000001,0.5,0.7000000000000001,85.0,80.0,95.0,0.7000000000000001,0.7000000000000001,0.4,0.6000000000000001,85.0,90.0,85.0,5931,5916,15,5931,0.0025290844714213456,0.30558930275863067,0.5,0.6111786055172613,1600,0.2704530087897228,1.0,1
"iteration_5","SCOPE_DATA_COLLECTION",1000,47,2890.0,2950.0,1,5827,4359,1444,5998,4291,1388,5806,4346,1404,19,22,39,0.0032618025751072963,0.005036630036630037,0.02702702702702703,0.31611847615039484,0.6717568798436522,1.1216488369321815,0.6322369523007897,0.6717568798436522,0.747765891288121,0.2798828797795384,0.3923147722043258,0.4081196581196581,97.5,100.0,4901,4064,2665,63,2,15,0.01285451948581922,4.921259842519685E-4,0.005628517823639775,0.6000000000000001,0.6000000000000001,0.5,0.7000000000000001,85.0,80.0,95.0,0.7000000000000001,0.7000000000000001,0.4,0.6000000000000001,85.0,90.0,85.0,4232,4208,24,4232,0.005671077504725898,0.6536755225319283,1.0,0.6536755225319283,1633,0.3880703422053232,1.0,1
"iteration_5","SCOPE_DATA_COLLECTION",1000,47,2890.0,2950.0,2,5827,4359,1444,5998,4291,1388,5806,4346,1404,19,22,39,0.0032618025751072963,0.005036630036630037,0.02702702702702703,0.31611847615039484,0.6717568798436522,1.1216488369321815,0.6322369523007897,0.6717568798436522,0.747765891288121,0.2798828797795384,0.3923147722043258,0.4081196581196581,97.5,100.0,4901,4064,2665,63,2,15,0.01285451948581922,4.921259842519685E-4,0.005628517823639775,0.6000000000000001,0.6000000000000001,0.5,0.7000000000000001,85.0,80.0,95.0,0.7000000000000001,0.7000000000000001,0.4,0.6000000000000001,85.0,90.0,85.0,1367,1351,16,1367,0.011704462326261888,1.1086944080105365,1.5,0.7391296053403577,543,0.40192450037009625,1.0,1
"iteration_5","SCOPE_DATA_COLLECTION",1000,48,2950.0,3010.0,0,5931,4232,1367,5827,4359,1444,5923,4210,1350,15,24,16,0.002526103065005052,0.005668398677373642,0.01171303074670571,0.3066101312486393,0.6541003932199106,1.110644354351746,0.6132202624972786,0.6541003932199106,0.7404295695678306,0.2716528786088131,0.3874109263657957,0.4022222222222222,92.5,100.0,4824,4650,2056,51,4,0,0.010572139303482588,8.602150537634409E-4,0.0,0.7000000000000001,0.7000000000000001,0.4,0.6000000000000001,85.0,90.0,85.0,0.7000000000000001,0.6000000000000001,0.30000000000000004,0.5,75.0,80.0,85.0,5990,5980,10,5990,0.001669449081803005,0.310605738813396,0.5,0.621211477626792,1658,0.27725752508361207,1.0,1
"iteration_5","SCOPE_DATA_COLLECTION",1000,48,2950.0,3010.0,1,5931,4232,1367,5827,4359,1444,5923,4210,1350,15,24,16,0.002526103065005052,0.005668398677373642,0.01171303074670571,0.3066101312486393,0.6541003932199106,1.110644354351746,0.6132202624972786,0.6541003932199106,0.7404295695678306,0.2716528786088131,0.3874109263657957,0.4022222222222222,92.5,100.0,4824,4650,2056,51,4,0,0.010572139303482588,8.602150537634409E-4,0.0,0.7000000000000001,0.7000000000000001,0.4,0.6000000000000001,85.0,90.0,85.0,0.7000000000000001,0.6000000000000001,0.30000000000000004,0.5,75.0,80.0,85.0,4314,4299,15,4314,0.0034770514603616135,0.6520961021363847,1.0,0.6520961021363847,1677,0.3900907187718074,1.0,1
"iteration_5","SCOPE_DATA_COLLECTION",1000,48,2950.0,3010.0,2,5931,4232,1367,5827,4359,1444,5923,4210,1350,15,24,16,0.002526103065005052,0.005668398677373642,0.01171303074670571,0.3066101312486393,0.6541003932199106,1.110644354351746,0.6132202624972786,0.6541003932199106,0.7404295695678306,0.2716528786088131,0.3874109263657957,0.4022222222222222,92.5,100.0,4824,4650,2056,51,4,0,0.010572139303482588,8.602150537634409E-4,0.0,0.7000000000000001,0.7000000000000001,0.4,0.6000000000000001,85.0,90.0,85.0,0.7000000000000001,0.6000000000000001,0.30000000000000004,0.5,75.0,80.0,85.0,1437,1420,17,1437,0.011830201809324982,1.1043013566427864,1.5,0.7362009044285243,574,0.4042253521126761,1.0,1
"iteration_5","SCOPE_DATA_COLLECTION",1000,49,3010.0,3070.0,0,5990,4314,1437,5931,4232,1367,5970,4290,1424,10,15,17,0.0016722408026755853,0.003484320557491289,0.01179736294240111,0.30985202139949836,0.6512643354330993,1.099000786474023,0.6197040427989967,0.6512643354330993,0.732667190982682,0.27604690117252934,0.38974358974358975,0.4023876404494382,97.5,100.0,4843,4807,2091,35,7,0,0.007226925459425976,0.0014562096941959641,0.0,0.7000000000000001,0.6000000000000001,0.30000000000000004,0.5,75.0,80.0,85.0,0.7000000000000001,0.2,0.2,0.4,70.0,85.0,35.0,5946,5937,9,5946,0.0015136226034308778,0.2925026248493918,0.5,0.5850052496987836,1417,0.23867273033518613,1.0,1
"iteration_5","SCOPE_DATA_COLLECTION",1000,49,3010.0,3070.0,1,5990,4314,1437,5931,4232,1367,5970,4290,1424,10,15,17,0.0016722408026755853,0.003484320557491289,0.01179736294240111,0.30985202139949836,0.6512643354330993,1.099000786474023,0.6197040427989967,0.6512643354330993,0.732667190982682,0.27604690117252934,0.38974358974358975,0.4023876404494382,97.5,100.0,4843,4807,2091,35,7,0,0.007226925459425976,0.0014562096941959641,0.0,0.7000000000000001,0.6000000000000001,0.30000000000000004,0.5,75.0,80.0,85.0,0.7000000000000001,0.2,0.2,0.4,70.0,85.0,35.0,4402,4393,9,4402,0.002044525215810995,0.6449715796260993,1.0,0.6449715796260993,1721,0.39175961757341227,1.0,1
"iteration_5","SCOPE_DATA_COLLECTION",1000,49,3010.0,3070.0,2,5990,4314,1437,5931,4232,1367,5970,4290,1424,10,15,17,0.0016722408026755853,0.003484320557491289,0.01179736294240111,0.30985202139949836,0.6512643354330993,1.099000786474023,0.6197040427989967,0.6512643354330993,0.732667190982682,0.27604690117252934,0.38974358974358975,0.4023876404494382,97.5,100.0,4843,4807,2091,35,7,0,0.007226925459425976,0.0014562096941959641,0.0,0.7000000000000001,0.6000000000000001,0.30000000000000004,0.5,75.0,80.0,85.0,0.7000000000000001,0.2,0.2,0.4,70.0,85.0,35.0,1371,1357,14,1371,0.010211524434719184,1.0960210801233903,1.5,0.7306807200822601,553,0.4075165806927045,1.0,1
"iteration_5","SCOPE_DATA_COLLECTION",1000,50,3070.0,3130.0,0,5946,4402,1371,5990,4314,1437,5934,4393,1354,9,8,14,0.001514386673397274,0.0018177686889343332,0.01023391812865497,0.2924757437727749,0.6457798595210305,1.0909629749416454,0.5849514875455498,0.6457798595210305,0.7273086499610969,0.23845635321873948,0.3919872524470749,0.40472673559822747,100.0,100.0,4959,4664,2096,26,5,0,0.00524299253881831,0.001072041166380789,0.0,0.7000000000000001,0.2,0.2,0.4,70.0,85.0,35.0,0.7000000000000001,0.4,0.8,0.6000000000000001,30.0,55.0,20.0,5870,5866,4,5870,6.814310051107325E-4,0.3108875390149906,0.5,0.6217750780299812,1596,0.2720763723150358,1.0,1
"iteration_5","SCOPE_DATA_COLLECTION",1000,50,3070.0,3130.0,1,5946,4402,1371,5990,4314,1437,5934,4393,1354,9,8,14,0.001514386673397274,0.0018177686889343332,0.01023391812865497,0.2924757437727749,0.6457798595210305,1.0909629749416454,0.5849514875455498,0.6457798595210305,0.7273086499610969,0.23845635321873948,0.3919872524470749,0.40472673559822747,100.0,100.0,4959,4664,2096,26,5,0,0.00524299253881831,0.001072041166380789,0.0,0.7000000000000001,0.2,0.2,0.4,70.0,85.0,35.0,0.7000000000000001,0.4,0.8,0.6000000000000001,30.0,55.0,20.0,4304,4278,26,4304,0.0060408921933085506,0.6802718028132798,1.0,0.6802718028132798,1725,0.4032258064516129,1.0,1
"iteration_5","SCOPE_DATA_COLLECTION",1000,50,3070.0,3130.0,2,5946,4402,1371,5990,4314,1437,5934,4393,1354,9,8,14,0.001514386673397274,0.0018177686889343332,0.01023391812865497,0.2924757437727749,0.6457798595210305,1.0909629749416454,0.5849514875455498,0.6457798595210305,0.7273086499610969,0.23845635321873948,0.3919872524470749,0.40472673559822747,100.0,100.0,4959,4664,2096,26,5,0,0.00524299253881831,0.001072041166380789,0.0,0.7000000000000001,0.2,0.2,0.4,70.0,85.0,35.0,0.7000000000000001,0.4,0.8,0.6000000000000001,30.0,55.0,20.0,1348,1326,22,1348,0.016320474777448073,1.1327728477173016,1.5,0.755181898478201,554,0.4177978883861237,1.0,1
"iteration_5","SCOPE_DATA_COLLECTION",1000,51,3130.0,3190.0,0,5870,4304,1348,5946,4402,1371,5867,4286,1333,4,27,22,6.813149378300119E-4,0.006260143751449107,0.016236162361623615,0.3106963330147561,0.6777910257126832,1.1378535713898452,0.6213926660295122,0.6777910257126832,0.7585690475932302,0.2716891085733765,0.4024731684554363,0.42085521380345087,100.0,100.0,4897,4665,1960,48,5,0,0.009801919542577088,0.0010718113612004287,0.0,0.7000000000000001,0.4,0.8,0.6000000000000001,30.0,55.0,20.0,0.2,0.8,0.5,0.2,70.0,90.0,65.0,5955,3744,2211,5955,0.3712846347607053,0.4855990005971694,0.5,0.9711980011943387,1713,0.45753205128205127,1.0,1
"iteration_5","SCOPE_DATA_COLLECTION",1000,51,3130.0,3190.0,1,5870,4304,1348,5946,4402,1371,5867,4286,1333,4,27,22,6.813149378300119E-4,0.006260143751449107,0.016236162361623615,0.3106963330147561,0.6777910257126832,1.1378535713898452,0.6213926660295122,0.6777910257126832,0.7585690475932302,0.2716891085733765,0.4024731684554363,0.42085521380345087,100.0,100.0,4897,4665,1960,48,5,0,0.009801919542577088,0.0010718113612004287,0.0,0.7000000000000001,0.4,0.8,0.6000000000000001,30.0,55.0,20.0,0.2,0.8,0.5,0.2,70.0,90.0,65.0,4374,2702,1672,4374,0.38225880201188844,0.9705628150523822,1.0,0.9705628150523822,1693,0.6265729089563287,1.0,1
"iteration_5","SCOPE_DATA_COLLECTION",1000,51,3130.0,3190.0,2,5870,4304,1348,5946,4402,1371,5867,4286,1333,4,27,22,6.813149378300119E-4,0.006260143751449107,0.016236162361623615,0.3106963330147561,0.6777910257126832,1.1378535713898452,0.6213926660295122,0.6777910257126832,0.7585690475932302,0.2716891085733765,0.4024731684554363,0.42085521380345087,100.0,100.0,4897,4665,1960,48,5,0,0.009801919542577088,0.0010718113612004287,0.0,0.7000000000000001,0.4,0.8,0.6000000000000001,30.0,55.0,20.0,0.2,0.8,0.5,0.2,70.0,90.0,65.0,1360,834,526,1360,0.38676470588235295,1.6298541911909696,1.5,1.0865694607939798,572,0.6858513189448441,1.0,1
"iteration_5","SCOPE_DATA_COLLECTION",1000,52,3190.0,3250.0,0,5955,4374,1360,5870,4304,1348,3750,2703,827,2211,1672,526,0.37091092098641165,0.38217142857142855,0.3887657058388766,0.48519703017763954,0.9713061538848723,1.6243847903952524,0.9703940603552791,0.9713061538848723,1.0829231935968349,0.4576,0.6259711431742508,0.6819830713422007,100.0,100.0,4787,1375,5527,24,1,4384,0.005013578441612701,7.272727272727272E-4,0.7931970327483264,0.2,0.8,0.5,0.2,70.0,90.0,65.0,0.2,0.8,0.6000000000000001,0.2,80.0,95.0,75.0,5921,4013,1908,5921,0.32224286438101674,0.47508989332851415,0.5,0.9501797866570283,1802,0.44904061799152756,1.0,1
"iteration_5","SCOPE_DATA_COLLECTION",1000,52,3190.0,3250.0,1,5955,4374,1360,5870,4304,1348,3750,2703,827,2211,1672,526,0.37091092098641165,0.38217142857142855,0.3887657058388766,0.48519703017763954,0.9713061538848723,1.6243847903952524,0.9703940603552791,0.9713061538848723,1.0829231935968349,0.4576,0.6259711431742508,0.6819830713422007,100.0,100.0,4787,1375,5527,24,1,4384,0.005013578441612701,7.272727272727272E-4,0.7931970327483264,0.2,0.8,0.5,0.2,70.0,90.0,65.0,0.2,0.8,0.6000000000000001,0.2,80.0,95.0,75.0,4154,2765,1389,4154,0.33437650457390466,0.9501275697804308,1.0,0.9501275697804308,1665,0.6021699819168174,1.0,1
"iteration_5","SCOPE_DATA_COLLECTION",1000,52,3190.0,3250.0,2,5955,4374,1360,5870,4304,1348,3750,2703,827,2211,1672,526,0.37091092098641165,0.38217142857142855,0.3887657058388766,0.48519703017763954,0.9713061538848723,1.6243847903952524,0.9703940603552791,0.9713061538848723,1.0829231935968349,0.4576,0.6259711431742508,0.6819830713422007,100.0,100.0,4787,1375,5527,24,1,4384,0.005013578441612701,7.272727272727272E-4,0.7931970327483264,0.2,0.8,0.5,0.2,70.0,90.0,65.0,0.2,0.8,0.6000000000000001,0.2,80.0,95.0,75.0,1314,838,476,1314,0.3622526636225266,1.5333752036031922,1.5,1.0222501357354614,533,0.636038186157518,1.0,1
"iteration_5","SCOPE_DATA_COLLECTION",1000,53,3250.0,3310.0,0,5921,4154,1314,5955,4374,1360,3977,2747,842,1890,1374,473,0.3221407874552582,0.33341421984955105,0.3596958174904943,0.4714652426836226,0.9543334002537032,1.5436985388543443,0.9429304853672452,0.9543334002537032,1.0291323592362296,0.4490822227809907,0.606479796141245,0.6413301662707839,100.0,100.0,4786,1345,5258,14,3,3720,0.0029251984956122023,0.0022304832713754648,0.7074933434766071,0.2,0.8,0.6000000000000001,0.2,80.0,95.0,75.0,0.15000000000000002,0.7000000000000001,0.1,0.6000000000000001,50.0,65.0,45.0,5870,3303,2567,5870,0.4373083475298126,0.5455955572685208,0.5,1.0911911145370417,1598,0.4838026036936119,1.0,1
"iteration_5","SCOPE_DATA_COLLECTION",1000,53,3250.0,3310.0,1,5921,4154,1314,5955,4374,1360,3977,2747,842,1890,1374,473,0.3221407874552582,0.33341421984955105,0.3596958174904943,0.4714652426836226,0.9543334002537032,1.5436985388543443,0.9429304853672452,0.9543334002537032,1.0291323592362296,0.4490822227809907,0.606479796141245,0.6413301662707839,100.0,100.0,4786,1345,5258,14,3,3720,0.0029251984956122023,0.0022304832713754648,0.7074933434766071,0.2,0.8,0.6000000000000001,0.2,80.0,95.0,75.0,0.15000000000000002,0.7000000000000001,0.1,0.6000000000000001,50.0,65.0,45.0,4224,2369,1855,4224,0.43915719696969696,0.9999734139713375,1.0,0.9999734139713375,1572,0.6635711270578303,1.0,1
"iteration_5","SCOPE_DATA_COLLECTION",1000,53,3250.0,3310.0,2,5921,4154,1314,5955,4374,1360,3977,2747,842,1890,1374,473,0.3221407874552582,0.33341421984955105,0.3596958174904943,0.4714652426836226,0.9543334002537032,1.5436985388543443,0.9429304853672452,0.9543334002537032,1.0291323592362296,0.4490822227809907,0.606479796141245,0.6413301662707839,100.0,100.0,4786,1345,5258,14,3,3720,0.0029251984956122023,0.0022304832713754648,0.7074933434766071,0.2,0.8,0.6000000000000001,0.2,80.0,95.0,75.0,0.15000000000000002,0.7000000000000001,0.1,0.6000000000000001,50.0,65.0,45.0,1384,794,590,1384,0.4263005780346821,1.783422534656251,1.5,1.1889483564375005,591,0.7443324937027708,1.0,1
"iteration_5","SCOPE_DATA_COLLECTION",1000,54,3310.0,3370.0,0,5870,4224,1384,5921,4154,1314,3347,2399,796,2585,1870,593,0.43577208361429537,0.4380416959475287,0.4269258459323254,0.5497535948018992,0.9989631123393459,1.7759047595736888,1.0995071896037985,0.9989631123393459,1.1839365063824592,0.4846130863459815,0.6611087953313881,0.7399497487437185,100.0,100.0,4659,1052,5767,23,1,5024,0.004936681691350075,9.505703422053232E-4,0.8711635165597365,0.15000000000000002,0.7000000000000001,0.1,0.6000000000000001,50.0,65.0,45.0,0.15000000000000002,0.8,0.2,0.6000000000000001,50.0,55.0,55.0,5894,3206,2688,5894,0.45605700712589076,0.4968211963847132,0.5,0.9936423927694265,1619,0.5049906425452277,1.0,1
"iteration_5","SCOPE_DATA_COLLECTION",1000,54,3310.0,3370.0,1,5870,4224,1384,5921,4154,1314,3347,2399,796,2585,1870,593,0.43577208361429537,0.4380416959475287,0.4269258459323254,0.5497535948018992,0.9989631123393459,1.7759047595736888,1.0995071896037985,0.9989631123393459,1.1839365063824592,0.4846130863459815,0.6611087953313881,0.7399497487437185,100.0,100.0,4659,1052,5767,23,1,5024,0.004936681691350075,9.505703422053232E-4,0.8711635165597365,0.15000000000000002,0.7000000000000001,0.1,0.6000000000000001,50.0,65.0,45.0,0.15000000000000002,0.8,0.2,0.6000000000000001,50.0,55.0,55.0,4265,2301,1964,4265,0.4604923798358734,1.0034734447199474,1.0,1.0034734447199474,1575,0.6844850065189049,1.0,1
"iteration_5","SCOPE_DATA_COLLECTION",1000,54,3310.0,3370.0,2,5870,4224,1384,5921,4154,1314,3347,2399,796,2585,1870,593,0.43577208361429537,0.4380416959475287,0.4269258459323254,0.5497535948018992,0.9989631123393459,1.7759047595736888,1.0995071896037985,0.9989631123393459,1.1839365063824592,0.4846130863459815,0.6611087953313881,0.7399497487437185,100.0,100.0,4659,1052,5767,23,1,5024,0.004936681691350075,9.505703422053232E-4,0.8711635165597365,0.15000000000000002,0.7000000000000001,0.1,0.6000000000000001,50.0,65.0,45.0,0.15000000000000002,0.8,0.2,0.6000000000000001,50.0,55.0,55.0,1384,744,640,1384,0.4624277456647399,1.7899466374978725,1.5,1.193297758331915,567,0.7620967741935484,1.0,1
"iteration_5","SCOPE_DATA_COLLECTION",1000,55,3370.0,3430.0,0,5894,4265,1384,5870,4224,1384,3191,2297,742,2688,1964,640,0.45722061575097805,0.4609246655714621,0.4630969609261939,0.49587746677093,1.0007601172677068,1.7878765559524081,0.99175493354186,1.0007601172677068,1.191917703968272,0.5032905045440301,0.6821941663038746,0.7628032345013477,100.0,100.0,4703,1003,5837,30,2,5260,0.00637890708058686,0.0019940179461615153,0.9011478499229056,0.15000000000000002,0.8,0.2,0.6000000000000001,50.0,55.0,55.0,0.15000000000000002,0.4,0.7000000000000001,0.4,35.0,30.0,60.0,5982,3303,2679,5982,0.44784353059177534,0.4913956575394108,0.5,0.9827913150788216,1560,0.47229791099000906,1.0,1
"iteration_5","SCOPE_DATA_COLLECTION",1000,55,3370.0,3430.0,1,5894,4265,1384,5870,4224,1384,3191,2297,742,2688,1964,640,0.45722061575097805,0.4609246655714621,0.4630969609261939,0.49587746677093,1.0007601172677068,1.7878765559524081,0.99175493354186,1.0007601172677068,1.191917703968272,0.5032905045440301,0.6821941663038746,0.7628032345013477,100.0,100.0,4703,1003,5837,30,2,5260,0.00637890708058686,0.0019940179461615153,0.9011478499229056,0.15000000000000002,0.8,0.2,0.6000000000000001,50.0,55.0,55.0,0.15000000000000002,0.4,0.7000000000000001,0.4,35.0,30.0,60.0,4374,2369,2005,4374,0.4583904892546868,1.0829073717232829,1.0,1.0829073717232829,1667,0.7036724356268468,1.0,1
"iteration_5","SCOPE_DATA_COLLECTION",1000,55,3370.0,3430.0,2,5894,4265,1384,5870,4224,1384,3191,2297,742,2688,1964,640,0.45722061575097805,0.4609246655714621,0.4630969609261939,0.49587746677093,1.0007601172677068,1.7878765559524081,0.99175493354186,1.0007601172677068,1.191917703968272,0.5032905045440301,0.6821941663038746,0.7628032345013477,100.0,100.0,4703,1003,5837,30,2,5260,0.00637890708058686,0.0019940179461615153,0.9011478499229056,0.15000000000000002,0.8,0.2,0.6000000000000001,50.0,55.0,55.0,0.15000000000000002,0.4,0.7000000000000001,0.4,35.0,30.0,60.0,1341,714,627,1341,0.46756152125279643,1.813252314378774,1.5,1.208834876252516,549,0.7689075630252101,1.0,1
"iteration_5","SCOPE_DATA_COLLECTION",1000,56,3430.0,3490.0,0,5982,4374,1341,5894,4265,1384,3309,2356,715,2679,2005,627,0.4473947895791583,0.45975693648245813,0.4672131147540984,0.491458829772775,1.0777525267028387,1.815269149888576,0.98291765954555,1.0777525267028387,1.2101794332590508,0.47204593532789363,0.7033106960950763,0.7692307692307693,100.0,100.0,4888,1039,5770,38,4,5269,0.007774140752864157,0.0038498556304138597,0.9131715771230503,0.15000000000000002,0.4,0.7000000000000001,0.4,35.0,30.0,60.0,0.45,0.8,0.6000000000000001,0.7000000000000001,95.0,70.0,85.0,5894,5648,246,5894,0.04173736002714625,0.3367229194887693,0.5,0.6734458389775386,1653,0.2926699716713881,1.0,1
"iteration_5","SCOPE_DATA_COLLECTION",1000,56,3430.0,3490.0,1,5982,4374,1341,5894,4265,1384,3309,2356,715,2679,2005,627,0.4473947895791583,0.45975693648245813,0.4672131147540984,0.491458829772775,1.0777525267028387,1.815269149888576,0.98291765954555,1.0777525267028387,1.2101794332590508,0.47204593532789363,0.7033106960950763,0.7692307692307693,100.0,100.0,4888,1039,5770,38,4,5269,0.007774140752864157,0.0038498556304138597,0.9131715771230503,0.15000000000000002,0.4,0.7000000000000001,0.4,35.0,30.0,60.0,0.45,0.8,0.6000000000000001,0.7000000000000001,95.0,70.0,85.0,4284,4064,220,4284,0.051353874883286646,0.717154339627764,1.0,0.717154339627764,1688,0.4153543307086614,1.0,1
"iteration_5","SCOPE_DATA_COLLECTION",1000,56,3430.0,3490.0,2,5982,4374,1341,5894,4265,1384,3309,2356,715,2679,2005,627,0.4473947895791583,0.45975693648245813,0.4672131147540984,0.491458829772775,1.0777525267028387,1.815269149888576,0.98291765954555,1.0777525267028387,1.2101794332590508,0.47204593532789363,0.7033106960950763,0.7692307692307693,100.0,100.0,4888,1039,5770,38,4,5269,0.007774140752864157,0.0038498556304138597,0.9131715771230503,0.15000000000000002,0.4,0.7000000000000001,0.4,35.0,30.0,60.0,0.45,0.8,0.6000000000000001,0.7000000000000001,95.0,70.0,85.0,1413,1328,85,1413,0.060155697098372256,1.1897906349673733,1.5,0.7931937566449155,570,0.4292168674698795,1.0,1
"iteration_5","SCOPE_DATA_COLLECTION",1000,57,3490.0,3550.0,0,5894,4284,1413,5982,4374,1341,5640,4070,1326,246,220,85,0.0417940876656473,0.05128205128205128,0.060240963855421686,0.3365190805717928,0.7205349340415419,1.1877890834124643,0.6730381611435856,0.7205349340415419,0.7918593889416429,0.29326241134751774,0.4167076167076167,0.42835595776772245,100.0,100.0,4815,3072,3704,58,3,490,0.012045690550363447,9.765625E-4,0.13228941684665227,0.45,0.8,0.6000000000000001,0.7000000000000001,95.0,70.0,85.0,0.35000000000000003,0.9,0.7000000000000001,0.7000000000000001,95.0,70.0,75.0,5947,5308,639,5947,0.1074491340171515,0.38600829105258294,0.5,0.7720165821051659,1705,0.3212132629992464,1.0,1
"iteration_5","SCOPE_DATA_COLLECTION",1000,57,3490.0,3550.0,1,5894,4284,1413,5982,4374,1341,5640,4070,1326,246,220,85,0.0417940876656473,0.05128205128205128,0.060240963855421686,0.3365190805717928,0.7205349340415419,1.1877890834124643,0.6730381611435856,0.7205349340415419,0.7918593889416429,0.29326241134751774,0.4167076167076167,0.42835595776772245,100.0,100.0,4815,3072,3704,58,3,490,0.012045690550363447,9.765625E-4,0.13228941684665227,0.45,0.8,0.6000000000000001,0.7000000000000001,95.0,70.0,85.0,0.35000000000000003,0.9,0.7000000000000001,0.7000000000000001,95.0,70.0,75.0,4242,3758,484,4242,0.1140971239981141,0.77603984553173,1.0,0.77603984553173,1661,0.44199042043640235,1.0,1
"iteration_5","SCOPE_DATA_COLLECTION",1000,57,3490.0,3550.0,2,5894,4284,1413,5982,4374,1341,5640,4070,1326,246,220,85,0.0417940876656473,0.05128205128205128,0.060240963855421686,0.3365190805717928,0.7205349340415419,1.1877890834124643,0.6730381611435856,0.7205349340415419,0.7918593889416429,0.29326241134751774,0.4167076167076167,0.42835595776772245,100.0,100.0,4815,3072,3704,58,3,490,0.012045690550363447,9.765625E-4,0.13228941684665227,0.45,0.8,0.6000000000000001,0.7000000000000001,95.0,70.0,85.0,0.35000000000000003,0.9,0.7000000000000001,0.7000000000000001,95.0,70.0,75.0,1376,1201,175,1376,0.12718023255813954,1.3042972083999458,1.5,0.8695314722666305,577,0.4804329725228976,1.0,1
"iteration_5","SCOPE_DATA_COLLECTION",1000,58,3550.0,3617.525130145789,0,5947,4242,1376,5894,4284,1413,5314,3759,1204,639,484,175,0.10734083655299849,0.11407023332547726,0.12690355329949238,0.38596293277655813,0.7754845972429385,1.305565540485802,0.7719258655531163,0.7754845972429385,0.8703770269905347,0.3212269476853594,0.44160681032189414,0.4808970099667774,92.5,100.0,4884,2380,4301,45,1,1252,0.009213759213759214,4.201680672268908E-4,0.29109509416414786,0.35000000000000003,0.9,0.7000000000000001,0.7000000000000001,95.0,70.0,75.0,0.8,0.30000000000000004,0.8,0.8,70.0,80.0,25.0,4914,4874,14,4888,0.0028641571194762683,0.29942332265958166,0.5,0.5988466453191633,1224,0.25112843660238,0.9947089947089947,0
"iteration_5","SCOPE_DATA_COLLECTION",1000,58,3550.0,3617.525130145789,1,5947,4242,1376,5894,4284,1413,5314,3759,1204,639,484,175,0.10734083655299849,0.11407023332547726,0.12690355329949238,0.38596293277655813,0.7754845972429385,1.305565540485802,0.7719258655531163,0.7754845972429385,0.8703770269905347,0.3212269476853594,0.44160681032189414,0.4808970099667774,92.5,100.0,4884,2380,4301,45,1,1252,0.009213759213759214,4.201680672268908E-4,0.29109509416414786,0.35000000000000003,0.9,0.7000000000000001,0.7000000000000001,95.0,70.0,75.0,0.8,0.30000000000000004,0.8,0.8,70.0,80.0,25.0,3538,3472,19,3491,0.005442566599828129,0.6535779702587017,1.0,0.6535779702587017,1337,0.3850806451612903,0.9867156585641605,0
"iteration_5","SCOPE_DATA_COLLECTION",1000,58,3550.0,3617.525130145789,2,5947,4242,1376,5894,4284,1413,5314,3759,1204,639,484,175,0.10734083655299849,0.11407023332547726,0.12690355329949238,0.38596293277655813,0.7754845972429385,1.305565540485802,0.7719258655531163,0.7754845972429385,0.8703770269905347,0.3212269476853594,0.44160681032189414,0.4808970099667774,92.5,100.0,4884,2380,4301,45,1,1252,0.009213759213759214,4.201680672268908E-4,0.29109509416414786,0.35000000000000003,0.9,0.7000000000000001,0.7000000000000001,95.0,70.0,75.0,0.8,0.30000000000000004,0.8,0.8,70.0,80.0,25.0,1160,1108,25,1133,0.02206531332744925,1.1392960094274163,1.5,0.7595306729516108,469,0.4232851985559567,0.9767241379310345,0
"iteration_5","SCOPE_DATA_COLLECTION",1100,0,70.0,130.0,0,6206,4125,1351,0,0,0,6176,4066,1308,7,23,19,0.0011321365033155426,0.005624847150892639,0.014318010550113038,0.3047176553513156,0.666408178309466,1.0570734492875509,0.6094353107026312,0.666408178309466,0.7047156328583672,0.25647668393782386,0.38465322183964584,0.37996941896024466,97.5,100.0,4835,4184,2663,46,3,0,0.00951396070320579,7.170172084130019E-4,0.0,0.6,0.5,0.7,0.4,85.0,80.0,90.0,0.4,0.4,0.8,0.6000000000000001,85.0,90.0,35.0,6899,6266,633,6899,0.09175242788809973,0.34615061681411163,0.5,0.6923012336282233,1837,0.2931694861155442,1.0,1
"iteration_5","SCOPE_DATA_COLLECTION",1100,0,70.0,130.0,1,6206,4125,1351,0,0,0,6176,4066,1308,7,23,19,0.0011321365033155426,0.005624847150892639,0.014318010550113038,0.3047176553513156,0.666408178309466,1.0570734492875509,0.6094353107026312,0.666408178309466,0.7047156328583672,0.25647668393782386,0.38465322183964584,0.37996941896024466,97.5,100.0,4835,4184,2663,46,3,0,0.00951396070320579,7.170172084130019E-4,0.0,0.6,0.5,0.7,0.4,85.0,80.0,90.0,0.4,0.4,0.8,0.6000000000000001,85.0,90.0,35.0,4405,3922,483,4405,0.10964812712826334,0.742151773764031,1.0,0.742151773764031,1667,0.4250382457929628,1.0,1
"iteration_5","SCOPE_DATA_COLLECTION",1100,0,70.0,130.0,2,6206,4125,1351,0,0,0,6176,4066,1308,7,23,19,0.0011321365033155426,0.005624847150892639,0.014318010550113038,0.3047176553513156,0.666408178309466,1.0570734492875509,0.6094353107026312,0.666408178309466,0.7047156328583672,0.25647668393782386,0.38465322183964584,0.37996941896024466,97.5,100.0,4835,4184,2663,46,3,0,0.00951396070320579,7.170172084130019E-4,0.0,0.6,0.5,0.7,0.4,85.0,80.0,90.0,0.4,0.4,0.8,0.6000000000000001,85.0,90.0,35.0,1502,1312,190,1502,0.12649800266311584,1.2331211297015605,1.5,0.8220807531343737,596,0.45426829268292684,1.0,1
"iteration_5","SCOPE_DATA_COLLECTION",1100,1,130.0,190.0,0,6899,4405,1502,6206,4125,1351,6268,3913,1311,633,483,190,0.09172583683524127,0.10987261146496816,0.12658227848101267,0.3473248856692442,0.7410092713788348,1.2347278530232328,0.6946497713384884,0.7410092713788348,0.8231519020154886,0.2946713465220166,0.42422693585484283,0.45461479786422576,100.0,100.0,5122,3043,4641,84,1,1221,0.016399843811011325,3.2862306933946765E-4,0.26308985132514545,0.4,0.4,0.8,0.6000000000000001,85.0,90.0,35.0,0.30000000000000004,0.4,0.8,0.5,95.0,90.0,25.0,6849,5097,1752,6849,0.2558037669732808,0.39943199290241355,0.5,0.7988639858048271,1876,0.3680596429272121,1.0,1
"iteration_5","SCOPE_DATA_COLLECTION",1100,1,130.0,190.0,1,6899,4405,1502,6206,4125,1351,6268,3913,1311,633,483,190,0.09172583683524127,0.10987261146496816,0.12658227848101267,0.3473248856692442,0.7410092713788348,1.2347278530232328,0.6946497713384884,0.7410092713788348,0.8231519020154886,0.2946713465220166,0.42422693585484283,0.45461479786422576,100.0,100.0,5122,3043,4641,84,1,1221,0.016399843811011325,3.2862306933946765E-4,0.26308985132514545,0.4,0.4,0.8,0.6000000000000001,85.0,90.0,35.0,0.30000000000000004,0.4,0.8,0.5,95.0,90.0,25.0,4530,3254,1276,4530,0.28167770419426047,0.8389854181010061,1.0,0.8389854181010061,1650,0.5070682237246465,1.0,1
"iteration_5","SCOPE_DATA_COLLECTION",1100,1,130.0,190.0,2,6899,4405,1502,6206,4125,1351,6268,3913,1311,633,483,190,0.09172583683524127,0.10987261146496816,0.12658227848101267,0.3473248856692442,0.7410092713788348,1.2347278530232328,0.6946497713384884,0.7410092713788348,0.8231519020154886,0.2946713465220166,0.42422693585484283,0.45461479786422576,100.0,100.0,5122,3043,4641,84,1,1221,0.016399843811011325,3.2862306933946765E-4,0.26308985132514545,0.4,0.4,0.8,0.6000000000000001,85.0,90.0,35.0,0.30000000000000004,0.4,0.8,0.5,95.0,90.0,25.0,1555,1127,428,1555,0.2752411575562701,1.3952995020916386,1.5,0.9301996680610923,601,0.5332741792369121,1.0,1
"iteration_5","SCOPE_DATA_COLLECTION",1100,2,190.0,250.0,0,6849,4530,1555,6899,4405,1502,5095,3260,1121,1752,1276,428,0.25587848692858184,0.281305114638448,0.276307295029051,0.3984142781377744,0.838260054762601,1.3935990130090539,0.7968285562755488,0.838260054762601,0.9290660086727026,0.366045142296369,0.507361963190184,0.5325602140945584,100.0,100.0,4988,2335,5611,68,2,3386,0.0136327185244587,8.565310492505353E-4,0.6034574942078061,0.30000000000000004,0.4,0.8,0.5,95.0,90.0,25.0,0.4,0.5,0.8,0.5,95.0,95.0,20.0,6990,6021,969,6990,0.1386266094420601,0.3888314998729059,0.5,0.7776629997458118,2003,0.332668991861817,1.0,1
"iteration_5","SCOPE_DATA_COLLECTION",1100,2,190.0,250.0,1,6849,4530,1555,6899,4405,1502,5095,3260,1121,1752,1276,428,0.25587848692858184,0.281305114638448,0.276307295029051,0.3984142781377744,0.838260054762601,1.3935990130090539,0.7968285562755488,0.838260054762601,0.9290660086727026,0.366045142296369,0.507361963190184,0.5325602140945584,100.0,100.0,4988,2335,5611,68,2,3386,0.0136327185244587,8.565310492505353E-4,0.6034574942078061,0.30000000000000004,0.4,0.8,0.5,95.0,90.0,25.0,0.4,0.5,0.8,0.5,95.0,95.0,20.0,4422,3805,617,4422,0.13952962460425147,0.7915914801702436,1.0,0.7915914801702436,1700,0.4467805519053876,1.0,1
"iteration_5","SCOPE_DATA_COLLECTION",1100,2,190.0,250.0,2,6849,4530,1555,6899,4405,1502,5095,3260,1121,1752,1276,428,0.25587848692858184,0.281305114638448,0.276307295029051,0.3984142781377744,0.838260054762601,1.3935990130090539,0.7968285562755488,0.838260054762601,0.9290660086727026,0.366045142296369,0.507361963190184,0.5325602140945584,100.0,100.0,4988,2335,5611,68,2,3386,0.0136327185244587,8.565310492505353E-4,0.6034574942078061,0.30000000000000004,0.4,0.8,0.5,95.0,90.0,25.0,0.4,0.5,0.8,0.5,95.0,95.0,20.0,1486,1222,264,1486,0.17765814266487215,1.2297276802181218,1.5,0.8198184534787479,536,0.4386252045826514,1.0,1
"iteration_5","SCOPE_DATA_COLLECTION",1100,3,250.0,310.0,0,6990,4422,1486,6849,4530,1555,5996,3793,1223,969,617,264,0.13912419239052404,0.13990929705215419,0.17753866845998656,0.3891582688795257,0.7921423526100635,1.2384568370182543,0.7783165377590514,0.7921423526100635,0.8256378913455028,0.3340560373582388,0.4460848932243607,0.44317252657399836,100.0,100.0,5161,3113,4624,63,0,1787,0.01220693664018601,0.0,0.38646193771626297,0.4,0.5,0.8,0.5,95.0,95.0,20.0,0.05,0.7000000000000001,0.9,0.2,80.0,95.0,80.0,6803,2881,3922,6803,0.5765103630751139,0.6057388269235289,0.5,1.2114776538470577,1914,0.6643526553280111,1.0,1
"iteration_5","SCOPE_DATA_COLLECTION",1100,3,250.0,310.0,1,6990,4422,1486,6849,4530,1555,5996,3793,1223,969,617,264,0.13912419239052404,0.13990929705215419,0.17753866845998656,0.3891582688795257,0.7921423526100635,1.2384568370182543,0.7783165377590514,0.7921423526100635,0.8256378913455028,0.3340560373582388,0.4460848932243607,0.44317252657399836,100.0,100.0,5161,3113,4624,63,0,1787,0.01220693664018601,0.0,0.38646193771626297,0.4,0.5,0.8,0.5,95.0,95.0,20.0,0.05,0.7000000000000001,0.9,0.2,80.0,95.0,80.0,4562,1892,2670,4562,0.5852696185883385,1.2957192395834478,1.0,1.2957192395834478,1636,0.864693446088795,1.0,1
"iteration_5","SCOPE_DATA_COLLECTION",1100,3,250.0,310.0,2,6990,4422,1486,6849,4530,1555,5996,3793,1223,969,617,264,0.13912419239052404,0.13990929705215419,0.17753866845998656,0.3891582688795257,0.7921423526100635,1.2384568370182543,0.7783165377590514,0.7921423526100635,0.8256378913455028,0.3340560373582388,0.4460848932243607,0.44317252657399836,100.0,100.0,5161,3113,4624,63,0,1787,0.01220693664018601,0.0,0.38646193771626297,0.4,0.5,0.8,0.5,95.0,95.0,20.0,0.05,0.7000000000000001,0.9,0.2,80.0,95.0,80.0,1533,631,902,1533,0.588388780169602,2.085049776301935,1.5,1.3900331842012899,585,0.9270998415213946,1.0,1
"iteration_5","SCOPE_DATA_COLLECTION",1100,4,310.0,370.0,0,6803,4562,1533,6990,4422,1486,2898,1893,642,3922,2670,902,0.5750733137829912,0.5851413543721236,0.5841968911917098,0.6018671725686087,1.285367901871122,2.0652682114366363,1.2037343451372173,1.285367901871122,1.376845474291091,0.6576949620427881,0.8594823032223983,0.9158878504672897,100.0,100.0,4941,384,7573,48,0,7446,0.009714632665452338,0.0,0.9832298956820282,0.05,0.7000000000000001,0.9,0.2,80.0,95.0,80.0,0.15000000000000002,0.7000000000000001,0.9,0.1,90.0,95.0,70.0,6985,3340,3645,6985,0.521832498210451,0.5194909222083682,0.5,1.0389818444167365,1847,0.5529940119760479,1.0,1
"iteration_5","SCOPE_DATA_COLLECTION",1100,4,310.0,370.0,1,6803,4562,1533,6990,4422,1486,2898,1893,642,3922,2670,902,0.5750733137829912,0.5851413543721236,0.5841968911917098,0.6018671725686087,1.285367901871122,2.0652682114366363,1.2037343451372173,1.285367901871122,1.376845474291091,0.6576949620427881,0.8594823032223983,0.9158878504672897,100.0,100.0,4941,384,7573,48,0,7446,0.009714632665452338,0.0,0.9832298956820282,0.05,0.7000000000000001,0.9,0.2,80.0,95.0,80.0,0.15000000000000002,0.7000000000000001,0.9,0.1,90.0,95.0,70.0,4609,2193,2416,4609,0.5241917986548058,1.1182610356878953,1.0,1.1182610356878953,1653,0.7537619699042407,1.0,1
"iteration_5","SCOPE_DATA_COLLECTION",1100,4,310.0,370.0,2,6803,4562,1533,6990,4422,1486,2898,1893,642,3922,2670,902,0.5750733137829912,0.5851413543721236,0.5841968911917098,0.6018671725686087,1.285367901871122,2.0652682114366363,1.2037343451372173,1.285367901871122,1.376845474291091,0.6576949620427881,0.8594823032223983,0.9158878504672897,100.0,100.0,4941,384,7573,48,0,7446,0.009714632665452338,0.0,0.9832298956820282,0.05,0.7000000000000001,0.9,0.2,80.0,95.0,80.0,0.15000000000000002,0.7000000000000001,0.9,0.1,90.0,95.0,70.0,1575,709,866,1575,0.5498412698412698,1.7914819415609355,1.5,1.194321294373957,565,0.7968970380818053,1.0,1
"iteration_5","SCOPE_DATA_COLLECTION",1100,5,370.0,430.0,0,6985,4609,1575,6803,4562,1533,3343,2215,699,3645,2416,866,0.5216084716657127,0.5217015763334053,0.5533546325878594,0.5199766355073987,1.1242419524199558,1.785181672325787,1.0399532710147974,1.1242419524199558,1.190121114883858,0.5530960215375411,0.7566591422121897,0.7925608011444921,97.5,100.0,4997,1262,6910,17,0,6910,0.0034020412247348407,0.0,1.0,0.15000000000000002,0.7000000000000001,0.9,0.1,90.0,95.0,70.0,0.15000000000000002,0.8,0.9,0.1,90.0,95.0,60.0,6790,3387,3403,6790,0.5011782032400589,0.5386798141145098,0.5,1.0773596282290197,1978,0.5839976380277532,1.0,1
"iteration_5","SCOPE_DATA_COLLECTION",1100,5,370.0,430.0,1,6985,4609,1575,6803,4562,1533,3343,2215,699,3645,2416,866,0.5216084716657127,0.5217015763334053,0.5533546325878594,0.5199766355073987,1.1242419524199558,1.785181672325787,1.0399532710147974,1.1242419524199558,1.190121114883858,0.5530960215375411,0.7566591422121897,0.7925608011444921,97.5,100.0,4997,1262,6910,17,0,6910,0.0034020412247348407,0.0,1.0,0.15000000000000002,0.7000000000000001,0.9,0.1,90.0,95.0,70.0,0.15000000000000002,0.8,0.9,0.1,90.0,95.0,60.0,4524,2235,2289,4524,0.5059681697612732,1.1508654614150475,1.0,1.1508654614150475,1661,0.7431767337807607,1.0,1
"iteration_5","SCOPE_DATA_COLLECTION",1100,5,370.0,430.0,2,6985,4609,1575,6803,4562,1533,3343,2215,699,3645,2416,866,0.5216084716657127,0.5217015763334053,0.5533546325878594,0.5199766355073987,1.1242419524199558,1.785181672325787,1.0399532710147974,1.1242419524199558,1.190121114883858,0.5530960215375411,0.7566591422121897,0.7925608011444921,97.5,100.0,4997,1262,6910,17,0,6910,0.0034020412247348407,0.0,1.0,0.15000000000000002,0.7000000000000001,0.9,0.1,90.0,95.0,70.0,0.15000000000000002,0.8,0.9,0.1,90.0,95.0,60.0,1447,720,727,1447,0.502418797512094,1.8335728969347191,1.5,1.2223819312898128,579,0.8041666666666667,1.0,1
"iteration_5","SCOPE_DATA_COLLECTION",1100,6,430.0,490.0,0,6790,4524,1447,6985,4609,1575,3383,2217,723,3403,2289,727,0.5014736221632773,0.5079893475366178,0.5013793103448276,0.5378580053460726,1.1468961943119902,1.8346315158601,1.0757160106921453,1.1468961943119902,1.2230876772400667,0.5835057641146911,0.7419936851601263,0.8049792531120332,100.0,100.0,5013,1164,6584,33,0,6386,0.006582884500299222,0.0,0.9699270959902795,0.15000000000000002,0.8,0.9,0.1,90.0,95.0,60.0,0.05,0.7000000000000001,0.8,0.1,95.0,85.0,60.0,6867,2849,4018,6867,0.5851172273190621,0.6000643343355939,0.5,1.2001286686711878,1866,0.654966654966655,1.0,1
"iteration_5","SCOPE_DATA_COLLECTION",1100,6,430.0,490.0,1,6790,4524,1447,6985,4609,1575,3383,2217,723,3403,2289,727,0.5014736221632773,0.5079893475366178,0.5013793103448276,0.5378580053460726,1.1468961943119902,1.8346315158601,1.0757160106921453,1.1468961943119902,1.2230876772400667,0.5835057641146911,0.7419936851601263,0.8049792531120332,100.0,100.0,5013,1164,6584,33,0,6386,0.006582884500299222,0.0,0.9699270959902795,0.15000000000000002,0.8,0.9,0.1,90.0,95.0,60.0,0.05,0.7000000000000001,0.8,0.1,95.0,85.0,60.0,4570,1873,2697,4570,0.5901531728665208,1.2709625353215517,1.0,1.2709625353215517,1655,0.8836091831286705,1.0,1
"iteration_5","SCOPE_DATA_COLLECTION",1100,6,430.0,490.0,2,6790,4524,1447,6985,4609,1575,3383,2217,723,3403,2289,727,0.5014736221632773,0.5079893475366178,0.5013793103448276,0.5378580053460726,1.1468961943119902,1.8346315158601,1.0757160106921453,1.1468961943119902,1.2230876772400667,0.5835057641146911,0.7419936851601263,0.8049792531120332,100.0,100.0,5013,1164,6584,33,0,6386,0.006582884500299222,0.0,0.9699270959902795,0.15000000000000002,0.8,0.9,0.1,90.0,95.0,60.0,0.05,0.7000000000000001,0.8,0.1,95.0,85.0,60.0,1516,608,908,1516,0.5989445910290238,2.0130220984786256,1.5,1.3420147323190836,560,0.9210526315789473,1.0,1
"iteration_5","SCOPE_DATA_COLLECTION",1100,7,490.0,550.0,0,6867,4570,1516,6790,4524,1447,2855,1877,615,4018,2697,908,0.5846064309617344,0.589637079142982,0.5961917268548916,0.601266737837745,1.2726530111075538,2.017643679462947,1.20253347567549,1.2726530111075538,1.3450957863086312,0.6549912434325744,0.8827916888652104,0.9219512195121952,97.5,100.0,4945,403,7605,18,0,7605,0.003640040444893832,0.0,1.0,0.05,0.7000000000000001,0.8,0.1,95.0,85.0,60.0,0.05,0.7000000000000001,0.8,0.1,95.0,85.0,60.0,6803,2836,3967,6803,0.5831250918712333,0.5901562907860295,0.5,1.180312581572059,1836,0.6473906911142454,1.0,1
"iteration_5","SCOPE_DATA_COLLECTION",1100,7,490.0,550.0,1,6867,4570,1516,6790,4524,1447,2855,1877,615,4018,2697,908,0.5846064309617344,0.589637079142982,0.5961917268548916,0.601266737837745,1.2726530111075538,2.017643679462947,1.20253347567549,1.2726530111075538,1.3450957863086312,0.6549912434325744,0.8827916888652104,0.9219512195121952,97.5,100.0,4945,403,7605,18,0,7605,0.003640040444893832,0.0,1.0,0.05,0.7000000000000001,0.8,0.1,95.0,85.0,60.0,0.05,0.7000000000000001,0.8,0.1,95.0,85.0,60.0,4466,1874,2592,4466,0.58038513210927,1.268461411729923,1.0,1.268461411729923,1627,0.8681963713980789,1.0,1
"iteration_5","SCOPE_DATA_COLLECTION",1100,7,490.0,550.0,2,6867,4570,1516,6790,4524,1447,2855,1877,615,4018,2697,908,0.5846064309617344,0.589637079142982,0.5961917268548916,0.601266737837745,1.2726530111075538,2.017643679462947,1.20253347567549,1.2726530111075538,1.3450957863086312,0.6549912434325744,0.8827916888652104,0.9219512195121952,97.5,100.0,4945,403,7605,18,0,7605,0.003640040444893832,0.0,1.0,0.05,0.7000000000000001,0.8,0.1,95.0,85.0,60.0,0.05,0.7000000000000001,0.8,0.1,95.0,85.0,60.0,1497,598,899,1497,0.6005344021376086,2.0453208416122313,1.5,1.3635472277414875,556,0.9297658862876255,1.0,1
"iteration_5","SCOPE_DATA_COLLECTION",1100,8,550.0,610.0,0,6803,4466,1497,6867,4570,1516,2841,1875,602,3967,2592,899,0.5826968272620446,0.58025520483546,0.5989340439706862,0.5909370021572313,1.2698839611717738,2.044721803701945,1.1818740043144627,1.2698839611717738,1.36314786913463,0.6494192185850053,0.8688,0.9302325581395349,100.0,100.0,4914,368,7484,21,0,7437,0.004273504273504274,0.0,0.9937199358631748,0.05,0.7000000000000001,0.8,0.1,95.0,85.0,60.0,0.05,0.7000000000000001,0.8,0.1,95.0,85.0,60.0,7008,2936,4072,7008,0.5810502283105022,0.5879217359749401,0.5,1.1758434719498803,1888,0.6430517711171662,1.0,1
"iteration_5","SCOPE_DATA_COLLECTION",1100,8,550.0,610.0,1,6803,4466,1497,6867,4570,1516,2841,1875,602,3967,2592,899,0.5826968272620446,0.58025520483546,0.5989340439706862,0.5909370021572313,1.2698839611717738,2.044721803701945,1.1818740043144627,1.2698839611717738,1.36314786913463,0.6494192185850053,0.8688,0.9302325581395349,100.0,100.0,4914,368,7484,21,0,7437,0.004273504273504274,0.0,0.9937199358631748,0.05,0.7000000000000001,0.8,0.1,95.0,85.0,60.0,0.05,0.7000000000000001,0.8,0.1,95.0,85.0,60.0,4600,1908,2692,4600,0.5852173913043478,1.254328123335887,1.0,1.254328123335887,1662,0.8710691823899371,1.0,1
"iteration_5","SCOPE_DATA_COLLECTION",1100,8,550.0,610.0,2,6803,4466,1497,6867,4570,1516,2841,1875,602,3967,2592,899,0.5826968272620446,0.58025520483546,0.5989340439706862,0.5909370021572313,1.2698839611717738,2.044721803701945,1.1818740043144627,1.2698839611717738,1.36314786913463,0.6494192185850053,0.8688,0.9302325581395349,100.0,100.0,4914,368,7484,21,0,7437,0.004273504273504274,0.0,0.9937199358631748,0.05,0.7000000000000001,0.8,0.1,95.0,85.0,60.0,0.05,0.7000000000000001,0.8,0.1,95.0,85.0,60.0,1450,576,874,1450,0.6027586206896551,2.019455426831183,1.5,1.3463036178874555,535,0.9288194444444444,1.0,1
"iteration_5","SCOPE_DATA_COLLECTION",1100,9,610.0,670.0,0,7008,4600,1450,6803,4466,1497,2922,1908,570,4072,2692,874,0.5822133257077495,0.5852173913043478,0.6052631578947368,0.5860145212911806,1.255228326015513,2.0176563376055383,1.1720290425823612,1.255228326015513,1.3451042250703589,0.6406570841889117,0.8710691823899371,0.9280701754385965,97.5,100.0,5056,377,7625,13,0,7625,0.0025712025316455694,0.0,1.0,0.05,0.7000000000000001,0.8,0.1,95.0,85.0,60.0,0.30000000000000004,0.8,0.9,0.6000000000000001,50.0,45.0,70.0,6908,4543,2365,6908,0.34235668789808915,0.462240075349915,0.5,0.92448015069983,2043,0.449702839533348,1.0,1
"iteration_5","SCOPE_DATA_COLLECTION",1100,9,610.0,670.0,1,7008,4600,1450,6803,4466,1497,2922,1908,570,4072,2692,874,0.5822133257077495,0.5852173913043478,0.6052631578947368,0.5860145212911806,1.255228326015513,2.0176563376055383,1.1720290425823612,1.255228326015513,1.3451042250703589,0.6406570841889117,0.8710691823899371,0.9280701754385965,97.5,100.0,5056,377,7625,13,0,7625,0.0025712025316455694,0.0,1.0,0.05,0.7000000000000001,0.8,0.1,95.0,85.0,60.0,0.30000000000000004,0.8,0.9,0.6000000000000001,50.0,45.0,70.0,4582,2903,1679,4582,0.36643387167175906,0.9445291055127353,1.0,0.9445291055127353,1693,0.5831898036513951,1.0,1
"iteration_5","SCOPE_DATA_COLLECTION",1100,9,610.0,670.0,2,7008,4600,1450,6803,4466,1497,2922,1908,570,4072,2692,874,0.5822133257077495,0.5852173913043478,0.6052631578947368,0.5860145212911806,1.255228326015513,2.0176563376055383,1.1720290425823612,1.255228326015513,1.3451042250703589,0.6406570841889117,0.8710691823899371,0.9280701754385965,97.5,100.0,5056,377,7625,13,0,7625,0.0025712025316455694,0.0,1.0,0.05,0.7000000000000001,0.8,0.1,95.0,85.0,60.0,0.30000000000000004,0.8,0.9,0.6000000000000001,50.0,45.0,70.0,1472,912,560,1472,0.3804347826086957,1.549315882912709,1.5,1.0328772552751393,562,0.6162280701754386,1.0,1
"iteration_5","SCOPE_DATA_COLLECTION",1100,10,670.0,730.0,0,6908,4582,1472,7008,4600,1450,4547,2903,911,2364,1679,560,0.34206337722471425,0.36643387167175906,0.380693405846363,0.4633293065063516,0.9439784653870587,1.5449546136596133,0.9266586130127032,0.9439784653870587,1.0299697424397423,0.45018693644160984,0.5838787461246986,0.6158068057080132,100.0,100.0,5134,2324,5504,66,1,4536,0.012855473315153876,4.302925989672978E-4,0.8241279069767442,0.30000000000000004,0.8,0.9,0.6000000000000001,50.0,45.0,70.0,0.30000000000000004,0.8,0.9,0.7000000000000001,50.0,55.0,70.0,6890,4681,2209,6890,0.32060957910014515,0.4621764122442102,0.5,0.9243528244884204,2069,0.4419995727408673,1.0,1
"iteration_5","SCOPE_DATA_COLLECTION",1100,10,670.0,730.0,1,6908,4582,1472,7008,4600,1450,4547,2903,911,2364,1679,560,0.34206337722471425,0.36643387167175906,0.380693405846363,0.4633293065063516,0.9439784653870587,1.5449546136596133,0.9266586130127032,0.9439784653870587,1.0299697424397423,0.45018693644160984,0.5838787461246986,0.6158068057080132,100.0,100.0,5134,2324,5504,66,1,4536,0.012855473315153876,4.302925989672978E-4,0.8241279069767442,0.30000000000000004,0.8,0.9,0.6000000000000001,50.0,45.0,70.0,0.30000000000000004,0.8,0.9,0.7000000000000001,50.0,55.0,70.0,4484,2961,1523,4484,0.3396520963425513,0.944031924153627,1.0,0.944031924153627,1722,0.5815602836879432,1.0,1
"iteration_5","SCOPE_DATA_COLLECTION",1100,10,670.0,730.0,2,6908,4582,1472,7008,4600,1450,4547,2903,911,2364,1679,560,0.34206337722471425,0.36643387167175906,0.380693405846363,0.4633293065063516,0.9439784653870587,1.5449546136596133,0.9266586130127032,0.9439784653870587,1.0299697424397423,0.45018693644160984,0.5838787461246986,0.6158068057080132,100.0,100.0,5134,2324,5504,66,1,4536,0.012855473315153876,4.302925989672978E-4,0.8241279069767442,0.30000000000000004,0.8,0.9,0.6000000000000001,50.0,45.0,70.0,0.30000000000000004,0.8,0.9,0.7000000000000001,50.0,55.0,70.0,1464,947,517,1464,0.3531420765027322,1.5355442485119635,1.5,1.0236961656746424,570,0.6019007391763463,1.0,1
"iteration_5","SCOPE_DATA_COLLECTION",1100,11,730.0,790.0,0,6890,4484,1464,6908,4582,1472,4685,2967,944,2210,1523,517,0.3205221174764322,0.3391982182628062,0.3538672142368241,0.462568301895229,0.9468301093475154,1.5409836634672396,0.925136603790458,0.9468301093475154,1.027322442311493,0.4429028815368196,0.583417593528817,0.6038135593220338,100.0,100.0,5118,2272,5448,60,3,4187,0.011723329425556858,0.0013204225352112676,0.7685389133627019,0.30000000000000004,0.8,0.9,0.7000000000000001,50.0,55.0,70.0,0.30000000000000004,0.9,0.9,0.8,50.0,55.0,70.0,6872,4417,2455,6872,0.35724679860302677,0.49595868898662815,0.5,0.9919173779732563,2075,0.46977586597237947,1.0,1
"iteration_5","SCOPE_DATA_COLLECTION",1100,11,730.0,790.0,1,6890,4484,1464,6908,4582,1472,4685,2967,944,2210,1523,517,0.3205221174764322,0.3391982182628062,0.3538672142368241,0.462568301895229,0.9468301093475154,1.5409836634672396,0.925136603790458,0.9468301093475154,1.027322442311493,0.4429028815368196,0.583417593528817,0.6038135593220338,100.0,100.0,5118,2272,5448,60,3,4187,0.011723329425556858,0.0013204225352112676,0.7685389133627019,0.30000000000000004,0.8,0.9,0.7000000000000001,50.0,55.0,70.0,0.30000000000000004,0.9,0.9,0.8,50.0,55.0,70.0,4659,2952,1707,4659,0.3663876368319382,0.9879260426121723,1.0,0.9879260426121723,1791,0.6067073170731707,1.0,1
"iteration_5","SCOPE_DATA_COLLECTION",1100,11,730.0,790.0,2,6890,4484,1464,6908,4582,1472,4685,2967,944,2210,1523,517,0.3205221174764322,0.3391982182628062,0.3538672142368241,0.462568301895229,0.9468301093475154,1.5409836634672396,0.925136603790458,0.9468301093475154,1.027322442311493,0.4429028815368196,0.583417593528817,0.6038135593220338,100.0,100.0,5118,2272,5448,60,3,4187,0.011723329425556858,0.0013204225352112676,0.7685389133627019,0.30000000000000004,0.8,0.9,0.7000000000000001,50.0,55.0,70.0,0.30000000000000004,0.9,0.9,0.8,50.0,55.0,70.0,1555,966,589,1555,0.3787781350482315,1.5847954383200713,1.5,1.0565302922133808,603,0.6242236024844721,1.0,1
"iteration_5","SCOPE_DATA_COLLECTION",1100,12,790.0,850.0,0,6872,4659,1555,6890,4484,1464,4414,2940,965,2455,1707,589,0.3574028242830106,0.3673337637185281,0.379021879021879,0.49518491144129295,0.9824609143131086,1.5830591396606586,0.9903698228825859,0.9824609143131086,1.0553727597737723,0.4687358405074762,0.6040816326530613,0.6248704663212435,100.0,100.0,5103,2362,5621,63,4,4684,0.012345679012345678,0.001693480101608806,0.8333036826187511,0.30000000000000004,0.9,0.9,0.8,50.0,55.0,70.0,0.4,0.9,0.9,0.8,50.0,65.0,60.0,6958,5920,1038,6958,0.14918079908019546,0.3944572149394155,0.5,0.788914429878831,2024,0.3418918918918919,1.0,1
"iteration_5","SCOPE_DATA_COLLECTION",1100,12,790.0,850.0,1,6872,4659,1555,6890,4484,1464,4414,2940,965,2455,1707,589,0.3574028242830106,0.3673337637185281,0.379021879021879,0.49518491144129295,0.9824609143131086,1.5830591396606586,0.9903698228825859,0.9824609143131086,1.0553727597737723,0.4687358405074762,0.6040816326530613,0.6248704663212435,100.0,100.0,5103,2362,5621,63,4,4684,0.012345679012345678,0.001693480101608806,0.8333036826187511,0.30000000000000004,0.9,0.9,0.8,50.0,55.0,70.0,0.4,0.9,0.9,0.8,50.0,65.0,60.0,4581,3908,673,4581,0.14691115476970093,0.7614405716879707,1.0,0.7614405716879707,1689,0.4321903787103378,1.0,1
"iteration_5","SCOPE_DATA_COLLECTION",1100,12,790.0,850.0,2,6872,4659,1555,6890,4484,1464,4414,2940,965,2455,1707,589,0.3574028242830106,0.3673337637185281,0.379021879021879,0.49518491144129295,0.9824609143131086,1.5830591396606586,0.9903698228825859,0.9824609143131086,1.0553727597737723,0.4687358405074762,0.6040816326530613,0.6248704663212435,100.0,100.0,5103,2362,5621,63,4,4684,0.012345679012345678,0.001693480101608806,0.8333036826187511,0.30000000000000004,0.9,0.9,0.8,50.0,55.0,70.0,0.4,0.9,0.9,0.8,50.0,65.0,60.0,1459,1260,199,1459,0.13639479095270735,1.2577339362343434,1.5,0.8384892908228956,572,0.45396825396825397,1.0,1
"iteration_5","SCOPE_DATA_COLLECTION",1100,13,850.0,910.0,0,6958,4581,1459,6872,4659,1555,5899,3898,1255,1038,673,199,0.1496324059391668,0.1472325530518486,0.13686382393397525,0.3940684287033381,0.765344131683077,1.258961659824279,0.7881368574066762,0.765344131683077,0.839307773216186,0.3415833192066452,0.4345818368394048,0.4549800796812749,100.0,100.0,5106,3291,4601,69,1,1840,0.013513513513513514,3.0385900941962927E-4,0.399913062377744,0.4,0.9,0.9,0.8,50.0,65.0,60.0,0.4,0.9,0.9,0.8,50.0,65.0,60.0,6949,5882,1067,6949,0.15354727298891926,0.4400685767652593,0.5,0.8801371535305186,2160,0.3672220333219993,1.0,1
"iteration_5","SCOPE_DATA_COLLECTION",1100,13,850.0,910.0,1,6958,4581,1459,6872,4659,1555,5899,3898,1255,1038,673,199,0.1496324059391668,0.1472325530518486,0.13686382393397525,0.3940684287033381,0.765344131683077,1.258961659824279,0.7881368574066762,0.765344131683077,0.839307773216186,0.3415833192066452,0.4345818368394048,0.4549800796812749,100.0,100.0,5106,3291,4601,69,1,1840,0.013513513513513514,3.0385900941962927E-4,0.399913062377744,0.4,0.9,0.9,0.8,50.0,65.0,60.0,0.4,0.9,0.9,0.8,50.0,65.0,60.0,4539,3820,719,4539,0.15840493500771094,0.7944294751242668,1.0,0.7944294751242668,1659,0.4342931937172775,1.0,1
"iteration_5","SCOPE_DATA_COLLECTION",1100,13,850.0,910.0,2,6958,4581,1459,6872,4659,1555,5899,3898,1255,1038,673,199,0.1496324059391668,0.1472325530518486,0.13686382393397525,0.3940684287033381,0.765344131683077,1.258961659824279,0.7881368574066762,0.765344131683077,0.839307773216186,0.3415833192066452,0.4345818368394048,0.4549800796812749,100.0,100.0,5106,3291,4601,69,1,1840,0.013513513513513514,3.0385900941962927E-4,0.399913062377744,0.4,0.9,0.9,0.8,50.0,65.0,60.0,0.4,0.9,0.9,0.8,50.0,65.0,60.0,1494,1248,246,1494,0.1646586345381526,1.2826378812128365,1.5,0.8550919208085577,573,0.45913461538461536,1.0,1
"iteration_5","SCOPE_DATA_COLLECTION",1100,14,910.0,970.0,0,6949,4539,1494,6958,4581,1459,5859,3802,1254,1067,719,246,0.1540571758590817,0.15903561159035612,0.164,0.4383443589826154,0.7925982982448593,1.289070284768546,0.8766887179652308,0.7925982982448593,0.8593801898456973,0.3640552995391705,0.4355602314571278,0.46331738437001596,100.0,100.0,5110,3145,4727,57,2,1973,0.011154598825831703,6.359300476947536E-4,0.41738946477681405,0.4,0.9,0.9,0.8,50.0,65.0,60.0,0.35000000000000003,0.2,0.1,0.8,20.0,30.0,90.0,6825,5233,1592,6825,0.23326007326007325,0.401437144593521,0.5,0.802874289187042,1856,0.35467227211924324,1.0,1
"iteration_5","SCOPE_DATA_COLLECTION",1100,14,910.0,970.0,1,6949,4539,1494,6958,4581,1459,5859,3802,1254,1067,719,246,0.1540571758590817,0.15903561159035612,0.164,0.4383443589826154,0.7925982982448593,1.289070284768546,0.8766887179652308,0.7925982982448593,0.8593801898456973,0.3640552995391705,0.4355602314571278,0.46331738437001596,100.0,100.0,5110,3145,4727,57,2,1973,0.011154598825831703,6.359300476947536E-4,0.41738946477681405,0.4,0.9,0.9,0.8,50.0,65.0,60.0,0.35000000000000003,0.2,0.1,0.8,20.0,30.0,90.0,4621,3463,1158,4621,0.2505951092837048,0.7955759384755817,1.0,0.7955759384755817,1745,0.5038983540282992,1.0,1
"iteration_5","SCOPE_DATA_COLLECTION",1100,14,910.0,970.0,2,6949,4539,1494,6958,4581,1459,5859,3802,1254,1067,719,246,0.1540571758590817,0.15903561159035612,0.164,0.4383443589826154,0.7925982982448593,1.289070284768546,0.8766887179652308,0.7925982982448593,0.8593801898456973,0.3640552995391705,0.4355602314571278,0.46331738437001596,100.0,100.0,5110,3145,4727,57,2,1973,0.011154598825831703,6.359300476947536E-4,0.41738946477681405,0.4,0.9,0.9,0.8,50.0,65.0,60.0,0.35000000000000003,0.2,0.1,0.8,20.0,30.0,90.0,1459,1050,409,1459,0.28032899246058945,1.3698750400965451,1.5,0.9132500267310301,562,0.5352380952380953,1.0,1
"iteration_5","SCOPE_DATA_COLLECTION",1100,15,970.0,1030.0,0,6825,4621,1459,6949,4539,1494,5272,3476,1047,1592,1158,409,0.23193473193473194,0.2498921018558481,0.2809065934065934,0.405206856726689,0.8012523857244525,1.3687144954946293,0.810413713453378,0.8012523857244525,0.9124763303297528,0.3622913505311077,0.5043153049482163,0.5319961795606495,100.0,100.0,5222,2696,4987,39,1,3119,0.00746840291076216,3.70919881305638E-4,0.6254261078804892,0.35000000000000003,0.2,0.1,0.8,20.0,30.0,90.0,0.45,0.1,0.2,0.8,30.0,20.0,80.0,6881,6264,617,6881,0.08966719953495131,0.3930168105850905,0.5,0.786033621170181,1825,0.2913473818646232,1.0,1
"iteration_5","SCOPE_DATA_COLLECTION",1100,15,970.0,1030.0,1,6825,4621,1459,6949,4539,1494,5272,3476,1047,1592,1158,409,0.23193473193473194,0.2498921018558481,0.2809065934065934,0.405206856726689,0.8012523857244525,1.3687144954946293,0.810413713453378,0.8012523857244525,0.9124763303297528,0.3622913505311077,0.5043153049482163,0.5319961795606495,100.0,100.0,5222,2696,4987,39,1,3119,0.00746840291076216,3.70919881305638E-4,0.6254261078804892,0.35000000000000003,0.2,0.1,0.8,20.0,30.0,90.0,0.45,0.1,0.2,0.8,30.0,20.0,80.0,4564,4128,436,4564,0.09553023663453111,0.7802402923191475,1.0,0.7802402923191475,1807,0.4377422480620155,1.0,1
"iteration_5","SCOPE_DATA_COLLECTION",1100,15,970.0,1030.0,2,6825,4621,1459,6949,4539,1494,5272,3476,1047,1592,1158,409,0.23193473193473194,0.2498921018558481,0.2809065934065934,0.405206856726689,0.8012523857244525,1.3687144954946293,0.810413713453378,0.8012523857244525,0.9124763303297528,0.3622913505311077,0.5043153049482163,0.5319961795606495,100.0,100.0,5222,2696,4987,39,1,3119,0.00746840291076216,3.70919881305638E-4,0.6254261078804892,0.35000000000000003,0.2,0.1,0.8,20.0,30.0,90.0,0.45,0.1,0.2,0.8,30.0,20.0,80.0,1546,1350,196,1546,0.12677878395860284,1.2228584366094863,1.5,0.8152389577396576,604,0.4474074074074074,1.0,1
"iteration_5","SCOPE_DATA_COLLECTION",1100,16,1030.0,1090.0,0,6881,4564,1546,6825,4621,1459,6261,4139,1348,617,436,196,0.0897063099738296,0.09530054644808743,0.12694300518134716,0.3927478902951522,0.7794593217701067,1.219892024369921,0.7854957805903044,0.7794593217701067,0.8132613495799473,0.290049512857371,0.4365788837883547,0.44510385756676557,100.0,100.0,5250,3502,4239,45,2,1202,0.008571428571428572,5.711022272986865E-4,0.28355744279311157,0.45,0.1,0.2,0.8,30.0,20.0,80.0,0.9,0.2,0.9,0.8,35.0,80.0,55.0,6793,6778,15,6793,0.002208155454143972,0.2977519543550538,0.5,0.5955039087101076,1650,0.24343464148716434,1.0,1
"iteration_5","SCOPE_DATA_COLLECTION",1100,16,1030.0,1090.0,1,6881,4564,1546,6825,4621,1459,6261,4139,1348,617,436,196,0.0897063099738296,0.09530054644808743,0.12694300518134716,0.3927478902951522,0.7794593217701067,1.219892024369921,0.7854957805903044,0.7794593217701067,0.8132613495799473,0.290049512857371,0.4365788837883547,0.44510385756676557,100.0,100.0,5250,3502,4239,45,2,1202,0.008571428571428572,5.711022272986865E-4,0.28355744279311157,0.45,0.1,0.2,0.8,30.0,20.0,80.0,0.9,0.2,0.9,0.8,35.0,80.0,55.0,4583,4560,23,4583,0.005018546803403884,0.6623812032590028,1.0,0.6623812032590028,1715,0.37609649122807015,1.0,1
"iteration_5","SCOPE_DATA_COLLECTION",1100,16,1030.0,1090.0,2,6881,4564,1546,6825,4621,1459,6261,4139,1348,617,436,196,0.0897063099738296,0.09530054644808743,0.12694300518134716,0.3927478902951522,0.7794593217701067,1.219892024369921,0.7854957805903044,0.7794593217701067,0.8132613495799473,0.290049512857371,0.4365788837883547,0.44510385756676557,100.0,100.0,5250,3502,4239,45,2,1202,0.008571428571428572,5.711022272986865E-4,0.28355744279311157,0.45,0.1,0.2,0.8,30.0,20.0,80.0,0.9,0.2,0.9,0.8,35.0,80.0,55.0,1534,1505,29,1534,0.018904823989569754,1.0985673528186692,1.5,0.7323782352124462,587,0.39003322259136214,1.0,1
"iteration_5","SCOPE_DATA_COLLECTION",1100,17,1090.0,1150.0,0,6793,4583,1534,6881,4564,1546,6784,4554,1509,15,23,29,0.002206206795116929,0.005025125628140704,0.0188556566970091,0.29737860772127184,0.6598324691149023,1.0972788758128884,0.5947572154425437,0.6598324691149023,0.7315192505419256,0.24233490566037735,0.3746157224418094,0.390987408880053,100.0,100.0,5132,7016,762,57,10,0,0.011106780982073267,0.0014253135689851768,0.0,0.9,0.2,0.9,0.8,35.0,80.0,55.0,0.9,0.30000000000000004,0.9,0.8,35.0,70.0,55.0,6770,6752,18,6770,0.002658788774002954,0.3075082459663271,0.5,0.6150164919326542,1791,0.2652547393364929,1.0,1
"iteration_5","SCOPE_DATA_COLLECTION",1100,17,1090.0,1150.0,1,6793,4583,1534,6881,4564,1546,6784,4554,1509,15,23,29,0.002206206795116929,0.005025125628140704,0.0188556566970091,0.29737860772127184,0.6598324691149023,1.0972788758128884,0.5947572154425437,0.6598324691149023,0.7315192505419256,0.24233490566037735,0.3746157224418094,0.390987408880053,100.0,100.0,5132,7016,762,57,10,0,0.011106780982073267,0.0014253135689851768,0.0,0.9,0.2,0.9,0.8,35.0,80.0,55.0,0.9,0.30000000000000004,0.9,0.8,35.0,70.0,55.0,4499,4474,25,4499,0.005556790397866192,0.6680970256127299,1.0,0.6680970256127299,1688,0.37729101475189986,1.0,1
"iteration_5","SCOPE_DATA_COLLECTION",1100,17,1090.0,1150.0,2,6793,4583,1534,6881,4564,1546,6784,4554,1509,15,23,29,0.002206206795116929,0.005025125628140704,0.0188556566970091,0.29737860772127184,0.6598324691149023,1.0972788758128884,0.5947572154425437,0.6598324691149023,0.7315192505419256,0.24233490566037735,0.3746157224418094,0.390987408880053,100.0,100.0,5132,7016,762,57,10,0,0.011106780982073267,0.0014253135689851768,0.0,0.9,0.2,0.9,0.8,35.0,80.0,55.0,0.9,0.30000000000000004,0.9,0.8,35.0,70.0,55.0,1497,1469,28,1497,0.018704074816299265,1.068065236593049,1.5,0.7120434910620327,546,0.37168141592920356,1.0,1
"iteration_5","SCOPE_DATA_COLLECTION",1100,18,1150.0,1210.0,0,6770,4499,1497,6793,4583,1534,6739,4481,1480,17,25,28,0.0025162818235642394,0.005548158011540169,0.01856763925729443,0.3065346694444924,0.6681468255143498,1.075275582963623,0.6130693388889848,0.6681468255143498,0.7168503886424152,0.26339219468763914,0.37737112251729527,0.37432432432432433,100.0,100.0,5147,6873,746,65,5,0,0.012628715756751506,7.274843590862796E-4,0.0,0.9,0.30000000000000004,0.9,0.8,35.0,70.0,55.0,0.9500000000000001,0.30000000000000004,0.9,0.7000000000000001,35.0,60.0,65.0,6892,6878,14,6892,0.0020313406848520023,0.3021062528712202,0.5,0.6042125057424405,1766,0.25676068624600173,1.0,1
"iteration_5","SCOPE_DATA_COLLECTION",1100,18,1150.0,1210.0,1,6770,4499,1497,6793,4583,1534,6739,4481,1480,17,25,28,0.0025162818235642394,0.005548158011540169,0.01856763925729443,0.3065346694444924,0.6681468255143498,1.075275582963623,0.6130693388889848,0.6681468255143498,0.7168503886424152,0.26339219468763914,0.37737112251729527,0.37432432432432433,100.0,100.0,5147,6873,746,65,5,0,0.012628715756751506,7.274843590862796E-4,0.0,0.9,0.30000000000000004,0.9,0.8,35.0,70.0,55.0,0.9500000000000001,0.30000000000000004,0.9,0.7000000000000001,35.0,60.0,65.0,4556,4532,24,4556,0.0052677787532923615,0.6663140791737217,1.0,0.6663140791737217,1710,0.3773168578993822,1.0,1
"iteration_5","SCOPE_DATA_COLLECTION",1100,18,1150.0,1210.0,2,6770,4499,1497,6793,4583,1534,6739,4481,1480,17,25,28,0.0025162818235642394,0.005548158011540169,0.01856763925729443,0.3065346694444924,0.6681468255143498,1.075275582963623,0.6130693388889848,0.6681468255143498,0.7168503886424152,0.26339219468763914,0.37737112251729527,0.37432432432432433,100.0,100.0,5147,6873,746,65,5,0,0.012628715756751506,7.274843590862796E-4,0.0,0.9,0.30000000000000004,0.9,0.8,35.0,70.0,55.0,0.9500000000000001,0.30000000000000004,0.9,0.7000000000000001,35.0,60.0,65.0,1509,1484,25,1509,0.01656726308813784,1.096843604429373,1.5,0.731229069619582,579,0.39016172506738545,1.0,1
"iteration_5","SCOPE_DATA_COLLECTION",1100,19,1210.0,1270.0,0,6892,4556,1509,6770,4499,1497,6894,4507,1467,15,24,25,0.0021710811984368217,0.0052968439638048995,0.01675603217158177,0.3033716946762016,0.6652566955526373,1.0936146333238181,0.6067433893524032,0.6652566955526373,0.7290764222158788,0.25906585436611546,0.3769691590858664,0.3892297205180641,100.0,100.0,5108,7420,429,53,11,0,0.010375880971025842,0.0014824797843665768,0.0,0.9500000000000001,0.30000000000000004,0.9,0.7000000000000001,35.0,60.0,65.0,0.9500000000000001,0.4,0.9,0.8,45.0,60.0,75.0,6978,6965,13,6978,0.0018629979936944684,0.3116405415518284,0.5,0.6232810831036568,1890,0.271356783919598,1.0,1
"iteration_5","SCOPE_DATA_COLLECTION",1100,19,1210.0,1270.0,1,6892,4556,1509,6770,4499,1497,6894,4507,1467,15,24,25,0.0021710811984368217,0.0052968439638048995,0.01675603217158177,0.3033716946762016,0.6652566955526373,1.0936146333238181,0.6067433893524032,0.6652566955526373,0.7290764222158788,0.25906585436611546,0.3769691590858664,0.3892297205180641,100.0,100.0,5108,7420,429,53,11,0,0.010375880971025842,0.0014824797843665768,0.0,0.9500000000000001,0.30000000000000004,0.9,0.7000000000000001,35.0,60.0,65.0,0.9500000000000001,0.4,0.9,0.8,45.0,60.0,75.0,4514,4485,29,4514,0.006424457244129375,0.66784966825908,1.0,0.66784966825908,1673,0.3730211817168339,1.0,1
"iteration_5","SCOPE_DATA_COLLECTION",1100,19,1210.0,1270.0,2,6892,4556,1509,6770,4499,1497,6894,4507,1467,15,24,25,0.0021710811984368217,0.0052968439638048995,0.01675603217158177,0.3033716946762016,0.6652566955526373,1.0936146333238181,0.6067433893524032,0.6652566955526373,0.7290764222158788,0.25906585436611546,0.3769691590858664,0.3892297205180641,100.0,100.0,5108,7420,429,53,11,0,0.010375880971025842,0.0014824797843665768,0.0,0.9500000000000001,0.30000000000000004,0.9,0.7000000000000001,35.0,60.0,65.0,0.9500000000000001,0.4,0.9,0.8,45.0,60.0,75.0,1488,1458,30,1488,0.020161290322580645,1.0937739134212066,1.5,0.729182608947471,564,0.3868312757201646,1.0,1
"iteration_5","SCOPE_DATA_COLLECTION",1100,20,1270.0,1330.0,0,6978,4514,1488,6892,4556,1509,6948,4506,1460,13,29,30,0.0018675477661255567,0.00639470782800441,0.020134228187919462,0.31096824231856757,0.6686982755351629,1.0928371715794893,0.6219364846371351,0.6686982755351629,0.7285581143863262,0.27043753598157744,0.37305814469596094,0.3863013698630137,100.0,100.0,5172,7429,379,67,5,0,0.012954369682907967,6.730380939561179E-4,0.0,0.9500000000000001,0.4,0.9,0.8,45.0,60.0,75.0,0.9500000000000001,0.5,0.9,0.7000000000000001,45.0,70.0,65.0,6740,6724,16,6740,0.002373887240356083,0.313713445301383,0.5,0.627426890602766,1786,0.26561570493753717,1.0,1
"iteration_5","SCOPE_DATA_COLLECTION",1100,20,1270.0,1330.0,1,6978,4514,1488,6892,4556,1509,6948,4506,1460,13,29,30,0.0018675477661255567,0.00639470782800441,0.020134228187919462,0.31096824231856757,0.6686982755351629,1.0928371715794893,0.6219364846371351,0.6686982755351629,0.7285581143863262,0.27043753598157744,0.37305814469596094,0.3863013698630137,100.0,100.0,5172,7429,379,67,5,0,0.012954369682907967,6.730380939561179E-4,0.0,0.9500000000000001,0.4,0.9,0.8,45.0,60.0,75.0,0.9500000000000001,0.5,0.9,0.7000000000000001,45.0,70.0,65.0,4620,4589,31,4620,0.00670995670995671,0.6629513622965366,1.0,0.6629513622965366,1703,0.37110481586402266,1.0,1
"iteration_5","SCOPE_DATA_COLLECTION",1100,20,1270.0,1330.0,2,6978,4514,1488,6892,4556,1509,6948,4506,1460,13,29,30,0.0018675477661255567,0.00639470782800441,0.020134228187919462,0.31096824231856757,0.6686982755351629,1.0928371715794893,0.6219364846371351,0.6686982755351629,0.7285581143863262,0.27043753598157744,0.37305814469596094,0.3863013698630137,100.0,100.0,5172,7429,379,67,5,0,0.012954369682907967,6.730380939561179E-4,0.0,0.9500000000000001,0.4,0.9,0.8,45.0,60.0,75.0,0.9500000000000001,0.5,0.9,0.7000000000000001,45.0,70.0,65.0,1538,1512,26,1538,0.016905071521456438,1.0647339945371699,1.5,0.7098226630247799,554,0.3664021164021164,1.0,1
"iteration_5","SCOPE_DATA_COLLECTION",1100,21,1330.0,1390.0,0,6740,4620,1538,6978,4514,1488,6728,4596,1512,16,31,26,0.002372479240806643,0.006699805489518046,0.016905071521456438,0.31388235211489046,0.6644659818934534,1.0672464530123287,0.6277647042297809,0.6644659818934534,0.7114976353415524,0.2654577883472057,0.3714099216710183,0.36706349206349204,97.5,100.0,5051,7479,368,69,4,0,0.013660661255196991,5.348308597406071E-4,0.0,0.9500000000000001,0.5,0.9,0.7000000000000001,45.0,70.0,65.0,0.8500000000000001,0.4,0.8,0.6000000000000001,45.0,80.0,75.0,6752,6735,17,6752,0.002517772511848341,0.29703634921235555,0.5,0.5940726984247111,1711,0.2540460282108389,1.0,1
"iteration_5","SCOPE_DATA_COLLECTION",1100,21,1330.0,1390.0,1,6740,4620,1538,6978,4514,1488,6728,4596,1512,16,31,26,0.002372479240806643,0.006699805489518046,0.016905071521456438,0.31388235211489046,0.6644659818934534,1.0672464530123287,0.6277647042297809,0.6644659818934534,0.7114976353415524,0.2654577883472057,0.3714099216710183,0.36706349206349204,97.5,100.0,5051,7479,368,69,4,0,0.013660661255196991,5.348308597406071E-4,0.0,0.9500000000000001,0.5,0.9,0.7000000000000001,45.0,70.0,65.0,0.8500000000000001,0.4,0.8,0.6000000000000001,45.0,80.0,75.0,4531,4485,46,4531,0.01015228426395939,0.643089563408151,1.0,0.643089563408151,1635,0.36454849498327757,1.0,1
"iteration_5","SCOPE_DATA_COLLECTION",1100,21,1330.0,1390.0,2,6740,4620,1538,6978,4514,1488,6728,4596,1512,16,31,26,0.002372479240806643,0.006699805489518046,0.016905071521456438,0.31388235211489046,0.6644659818934534,1.0672464530123287,0.6277647042297809,0.6644659818934534,0.7114976353415524,0.2654577883472057,0.3714099216710183,0.36706349206349204,97.5,100.0,5051,7479,368,69,4,0,0.013660661255196991,5.348308597406071E-4,0.0,0.9500000000000001,0.5,0.9,0.7000000000000001,45.0,70.0,65.0,0.8500000000000001,0.4,0.8,0.6000000000000001,45.0,80.0,75.0,1529,1507,22,1529,0.014388489208633094,1.0965566899288104,1.5,0.7310377932858736,590,0.391506303915063,1.0,1
"iteration_5","SCOPE_DATA_COLLECTION",1100,22,1390.0,1450.0,0,6752,4531,1529,6740,4620,1538,6751,4496,1511,17,46,22,0.0025118203309692673,0.010127697049757816,0.014350945857795172,0.29815970588025936,0.6438720957011475,1.0904336014090517,0.5963194117605187,0.6438720957011475,0.7269557342727011,0.2558139534883721,0.36565836298932386,0.38914626075446723,100.0,100.0,4996,6674,1142,78,7,0,0.015612489991993595,0.0010488462691039856,0.0,0.8500000000000001,0.4,0.8,0.6000000000000001,45.0,80.0,75.0,0.4,0.30000000000000004,0.2,0.5,55.0,35.0,70.0,6768,5777,991,6768,0.1464243498817967,0.3728512571296582,0.5,0.7457025142593164,1782,0.3084646010039813,1.0,1
"iteration_5","SCOPE_DATA_COLLECTION",1100,22,1390.0,1450.0,1,6752,4531,1529,6740,4620,1538,6751,4496,1511,17,46,22,0.0025118203309692673,0.010127697049757816,0.014350945857795172,0.29815970588025936,0.6438720957011475,1.0904336014090517,0.5963194117605187,0.6438720957011475,0.7269557342727011,0.2558139534883721,0.36565836298932386,0.38914626075446723,100.0,100.0,4996,6674,1142,78,7,0,0.015612489991993595,0.0010488462691039856,0.0,0.8500000000000001,0.4,0.8,0.6000000000000001,45.0,80.0,75.0,0.4,0.30000000000000004,0.2,0.5,55.0,35.0,70.0,4527,3851,676,4527,0.14932626463441573,0.7302863293741515,1.0,0.7302863293741515,1671,0.43391326928070634,1.0,1
"iteration_5","SCOPE_DATA_COLLECTION",1100,22,1390.0,1450.0,2,6752,4531,1529,6740,4620,1538,6751,4496,1511,17,46,22,0.0025118203309692673,0.010127697049757816,0.014350945857795172,0.29815970588025936,0.6438720957011475,1.0904336014090517,0.5963194117605187,0.6438720957011475,0.7269557342727011,0.2558139534883721,0.36565836298932386,0.38914626075446723,100.0,100.0,4996,6674,1142,78,7,0,0.015612489991993595,0.0010488462691039856,0.0,0.8500000000000001,0.4,0.8,0.6000000000000001,45.0,80.0,75.0,0.4,0.30000000000000004,0.2,0.5,55.0,35.0,70.0,1523,1269,254,1523,0.16677609980302036,1.256424615288191,1.5,0.8376164101921274,590,0.4649330181245075,1.0,1
"iteration_5","SCOPE_DATA_COLLECTION",1100,23,1450.0,1510.0,0,6768,4527,1523,6752,4531,1529,5770,3846,1266,983,668,253,0.14556493410336147,0.1479840496233939,0.16655694535878868,0.37215825523486484,0.7324858931982459,1.2615482909288196,0.7443165104697297,0.7324858931982459,0.8410321939525464,0.3081455805892548,0.43551742069682786,0.4660347551342812,97.5,100.0,5024,3175,4619,36,3,1865,0.007165605095541401,9.448818897637795E-4,0.4037670491448365,0.4,0.30000000000000004,0.2,0.5,55.0,35.0,70.0,0.4,0.30000000000000004,0.2,0.5,55.0,35.0,70.0,6725,5619,1106,6725,0.16446096654275094,0.39217944152372464,0.5,0.7843588830474493,1918,0.3413418757786083,1.0,1
"iteration_5","SCOPE_DATA_COLLECTION",1100,23,1450.0,1510.0,1,6768,4527,1523,6752,4531,1529,5770,3846,1266,983,668,253,0.14556493410336147,0.1479840496233939,0.16655694535878868,0.37215825523486484,0.7324858931982459,1.2615482909288196,0.7443165104697297,0.7324858931982459,0.8410321939525464,0.3081455805892548,0.43551742069682786,0.4660347551342812,97.5,100.0,5024,3175,4619,36,3,1865,0.007165605095541401,9.448818897637795E-4,0.4037670491448365,0.4,0.30000000000000004,0.2,0.5,55.0,35.0,70.0,0.4,0.30000000000000004,0.2,0.5,55.0,35.0,70.0,4469,3718,751,4469,0.1680465428507496,0.7615532125201051,1.0,0.7615532125201051,1682,0.4523937600860678,1.0,1
"iteration_5","SCOPE_DATA_COLLECTION",1100,23,1450.0,1510.0,2,6768,4527,1523,6752,4531,1529,5770,3846,1266,983,668,253,0.14556493410336147,0.1479840496233939,0.16655694535878868,0.37215825523486484,0.7324858931982459,1.2615482909288196,0.7443165104697297,0.7324858931982459,0.8410321939525464,0.3081455805892548,0.43551742069682786,0.4660347551342812,97.5,100.0,5024,3175,4619,36,3,1865,0.007165605095541401,9.448818897637795E-4,0.4037670491448365,0.4,0.30000000000000004,0.2,0.5,55.0,35.0,70.0,0.4,0.30000000000000004,0.2,0.5,55.0,35.0,70.0,1435,1160,275,1435,0.1916376306620209,1.3183820042950936,1.5,0.8789213361967291,573,0.4939655172413793,1.0,1
"iteration_5","SCOPE_DATA_COLLECTION",1100,24,1510.0,1570.0,0,6725,4469,1435,6768,4527,1523,5615,3723,1155,1114,759,276,0.1655520879774112,0.16934404283801874,0.1928721174004193,0.3919744900323592,0.7612103906674164,1.3100509031527956,0.7839489800647184,0.7612103906674164,0.8733672687685304,0.34033837934105077,0.45232339511146924,0.49004329004329006,97.5,100.0,5068,3015,4546,31,1,2117,0.00611681136543015,3.316749585406302E-4,0.4656841179058513,0.4,0.30000000000000004,0.2,0.5,55.0,35.0,70.0,0.4,0.2,0.30000000000000004,0.5,45.0,45.0,60.0,6791,5823,968,6791,0.14254159917537917,0.37669678629822606,0.5,0.7533935725964521,1738,0.298471578224283,1.0,1
"iteration_5","SCOPE_DATA_COLLECTION",1100,24,1510.0,1570.0,1,6725,4469,1435,6768,4527,1523,5615,3723,1155,1114,759,276,0.1655520879774112,0.16934404283801874,0.1928721174004193,0.3919744900323592,0.7612103906674164,1.3100509031527956,0.7839489800647184,0.7612103906674164,0.8733672687685304,0.34033837934105077,0.45232339511146924,0.49004329004329006,97.5,100.0,5068,3015,4546,31,1,2117,0.00611681136543015,3.316749585406302E-4,0.4656841179058513,0.4,0.30000000000000004,0.2,0.5,55.0,35.0,70.0,0.4,0.2,0.30000000000000004,0.5,45.0,45.0,60.0,4509,3818,691,4509,0.1532490574406742,0.7566474511274174,1.0,0.7566474511274174,1684,0.4410686223153483,1.0,1
"iteration_5","SCOPE_DATA_COLLECTION",1100,24,1510.0,1570.0,2,6725,4469,1435,6768,4527,1523,5615,3723,1155,1114,759,276,0.1655520879774112,0.16934404283801874,0.1928721174004193,0.3919744900323592,0.7612103906674164,1.3100509031527956,0.7839489800647184,0.7612103906674164,0.8733672687685304,0.34033837934105077,0.45232339511146924,0.49004329004329006,97.5,100.0,5068,3015,4546,31,1,2117,0.00611681136543015,3.316749585406302E-4,0.4656841179058513,0.4,0.30000000000000004,0.2,0.5,55.0,35.0,70.0,0.4,0.2,0.30000000000000004,0.5,45.0,45.0,60.0,1495,1273,222,1495,0.14849498327759197,1.2663356832187054,1.5,0.8442237888124703,599,0.47054202670856243,1.0,1
"iteration_5","SCOPE_DATA_COLLECTION",1100,25,1570.0,1630.0,0,6791,4509,1495,6725,4469,1435,5830,3804,1287,968,691,222,0.1423948220064725,0.15372636262513906,0.147117296222664,0.378008857374764,0.7537881934595452,1.2727825295204993,0.756017714749528,0.7537881934595452,0.8485216863469995,0.30102915951972553,0.4382229232386961,0.473970473970474,100.0,100.0,5076,3140,4579,42,1,1838,0.008274231678486997,3.184713375796178E-4,0.40139768508407947,0.4,0.2,0.30000000000000004,0.5,45.0,45.0,60.0,0.4,0.2,0.30000000000000004,0.5,45.0,45.0,60.0,6720,5633,1087,6720,0.1617559523809524,0.37527472275958673,0.5,0.7505494455191735,1711,0.3037457837741878,1.0,1
"iteration_5","SCOPE_DATA_COLLECTION",1100,25,1570.0,1630.0,1,6791,4509,1495,6725,4469,1435,5830,3804,1287,968,691,222,0.1423948220064725,0.15372636262513906,0.147117296222664,0.378008857374764,0.7537881934595452,1.2727825295204993,0.756017714749528,0.7537881934595452,0.8485216863469995,0.30102915951972553,0.4382229232386961,0.473970473970474,100.0,100.0,5076,3140,4579,42,1,1838,0.008274231678486997,3.184713375796178E-4,0.40139768508407947,0.4,0.2,0.30000000000000004,0.5,45.0,45.0,60.0,0.4,0.2,0.30000000000000004,0.5,45.0,45.0,60.0,4518,3807,711,4518,0.15737051792828685,0.7846426509623899,1.0,0.7846426509623899,1709,0.44890990281061205,1.0,1
"iteration_5","SCOPE_DATA_COLLECTION",1100,25,1570.0,1630.0,2,6791,4509,1495,6725,4469,1435,5830,3804,1287,968,691,222,0.1423948220064725,0.15372636262513906,0.147117296222664,0.378008857374764,0.7537881934595452,1.2727825295204993,0.756017714749528,0.7537881934595452,0.8485216863469995,0.30102915951972553,0.4382229232386961,0.473970473970474,100.0,100.0,5076,3140,4579,42,1,1838,0.008274231678486997,3.184713375796178E-4,0.40139768508407947,0.4,0.2,0.30000000000000004,0.5,45.0,45.0,60.0,0.4,0.2,0.30000000000000004,0.5,45.0,45.0,60.0,1516,1241,275,1516,0.18139841688654354,1.2961063183989014,1.5,0.8640708789326009,594,0.4786462530217567,1.0,1
"iteration_5","SCOPE_DATA_COLLECTION",1100,26,1630.0,1690.0,0,6720,4518,1516,6791,4509,1495,5634,3826,1232,1087,711,275,0.16173188513614045,0.15671148335904783,0.18248175182481752,0.3742228731010683,0.7852648691165603,1.2893151561197194,0.7484457462021366,0.7852648691165603,0.8595434374131462,0.30102946396876107,0.4495556717198118,0.47483766233766234,97.5,100.0,5086,3125,4543,40,0,2033,0.007864726700747149,0.0,0.4475016508914814,0.4,0.2,0.30000000000000004,0.5,45.0,45.0,60.0,0.30000000000000004,0.2,0.2,0.5,35.0,55.0,50.0,6886,4705,2181,6886,0.31672959628231195,0.4114256822827631,0.5,0.8228513645655262,1840,0.39107332624867164,1.0,1
"iteration_5","SCOPE_DATA_COLLECTION",1100,26,1630.0,1690.0,1,6720,4518,1516,6791,4509,1495,5634,3826,1232,1087,711,275,0.16173188513614045,0.15671148335904783,0.18248175182481752,0.3742228731010683,0.7852648691165603,1.2893151561197194,0.7484457462021366,0.7852648691165603,0.8595434374131462,0.30102946396876107,0.4495556717198118,0.47483766233766234,97.5,100.0,5086,3125,4543,40,0,2033,0.007864726700747149,0.0,0.4475016508914814,0.4,0.2,0.30000000000000004,0.5,45.0,45.0,60.0,0.30000000000000004,0.2,0.2,0.5,35.0,55.0,50.0,4588,3202,1386,4588,0.3020924149956408,0.8642381951671683,1.0,0.8642381951671683,1784,0.5571517801374141,1.0,1
"iteration_5","SCOPE_DATA_COLLECTION",1100,26,1630.0,1690.0,2,6720,4518,1516,6791,4509,1495,5634,3826,1232,1087,711,275,0.16173188513614045,0.15671148335904783,0.18248175182481752,0.3742228731010683,0.7852648691165603,1.2893151561197194,0.7484457462021366,0.7852648691165603,0.8595434374131462,0.30102946396876107,0.4495556717198118,0.47483766233766234,97.5,100.0,5086,3125,4543,40,0,2033,0.007864726700747149,0.0,0.4475016508914814,0.4,0.2,0.30000000000000004,0.5,45.0,45.0,60.0,0.30000000000000004,0.2,0.2,0.5,35.0,55.0,50.0,1515,1009,506,1515,0.333993399339934,1.4276771102991217,1.5,0.9517847401994145,562,0.5569871159563925,1.0,1
"iteration_5","SCOPE_DATA_COLLECTION",1100,27,1690.0,1750.0,0,6886,4588,1515,6720,4518,1516,4706,3186,1015,2181,1386,506,0.31668360679541163,0.3031496062992126,0.3326758711374096,0.4112696740550333,0.8633839158711012,1.4305566785681256,0.8225393481100666,0.8633839158711012,0.9537044523787505,0.39226519337016574,0.5561833019460138,0.5596059113300492,100.0,100.0,5072,2470,5447,26,1,4046,0.005126182965299685,4.048582995951417E-4,0.742794198641454,0.30000000000000004,0.2,0.2,0.5,35.0,55.0,50.0,0.4,0.30000000000000004,0.1,0.4,45.0,65.0,60.0,6967,5743,1224,6967,0.17568537390555475,0.37967335849396683,0.5,0.7593467169879337,1916,0.3336235417029427,1.0,1
"iteration_5","SCOPE_DATA_COLLECTION",1100,27,1690.0,1750.0,1,6886,4588,1515,6720,4518,1516,4706,3186,1015,2181,1386,506,0.31668360679541163,0.3031496062992126,0.3326758711374096,0.4112696740550333,0.8633839158711012,1.4305566785681256,0.8225393481100666,0.8633839158711012,0.9537044523787505,0.39226519337016574,0.5561833019460138,0.5596059113300492,100.0,100.0,5072,2470,5447,26,1,4046,0.005126182965299685,4.048582995951417E-4,0.742794198641454,0.30000000000000004,0.2,0.2,0.5,35.0,55.0,50.0,0.4,0.30000000000000004,0.1,0.4,45.0,65.0,60.0,4485,3664,821,4485,0.1830546265328874,0.7300940682817463,1.0,0.7300940682817463,1611,0.4396834061135371,1.0,1
"iteration_5","SCOPE_DATA_COLLECTION",1100,27,1690.0,1750.0,2,6886,4588,1515,6720,4518,1516,4706,3186,1015,2181,1386,506,0.31668360679541163,0.3031496062992126,0.3326758711374096,0.4112696740550333,0.8633839158711012,1.4305566785681256,0.8225393481100666,0.8633839158711012,0.9537044523787505,0.39226519337016574,0.5561833019460138,0.5596059113300492,100.0,100.0,5072,2470,5447,26,1,4046,0.005126182965299685,4.048582995951417E-4,0.742794198641454,0.30000000000000004,0.2,0.2,0.5,35.0,55.0,50.0,0.4,0.30000000000000004,0.1,0.4,45.0,65.0,60.0,1533,1222,311,1533,0.20287018917155902,1.2946577829574484,1.5,0.8631051886382989,599,0.49018003273322425,1.0,1
"iteration_5","SCOPE_DATA_COLLECTION",1100,28,1750.0,1810.0,0,6967,4485,1533,6886,4588,1515,5726,3658,1222,1224,821,311,0.17611510791366908,0.18329984371511499,0.20287018917155902,0.37981611692842027,0.7305661885234154,1.3025127834084478,0.7596322338568405,0.7305661885234154,0.8683418556056318,0.3340901152637094,0.4401312192454893,0.49345335515548283,97.5,100.0,4992,3243,4750,30,1,2325,0.006009615384615385,3.083564600678384E-4,0.48947368421052634,0.4,0.30000000000000004,0.1,0.4,45.0,65.0,60.0,0.5,0.30000000000000004,0.2,0.5,55.0,55.0,50.0,6910,6494,416,6910,0.06020260492040521,0.3600681742809887,0.5,0.7201363485619774,1879,0.289344009855251,1.0,1
"iteration_5","SCOPE_DATA_COLLECTION",1100,28,1750.0,1810.0,1,6967,4485,1533,6886,4588,1515,5726,3658,1222,1224,821,311,0.17611510791366908,0.18329984371511499,0.20287018917155902,0.37981611692842027,0.7305661885234154,1.3025127834084478,0.7596322338568405,0.7305661885234154,0.8683418556056318,0.3340901152637094,0.4401312192454893,0.49345335515548283,97.5,100.0,4992,3243,4750,30,1,2325,0.006009615384615385,3.083564600678384E-4,0.48947368421052634,0.4,0.30000000000000004,0.1,0.4,45.0,65.0,60.0,0.5,0.30000000000000004,0.2,0.5,55.0,55.0,50.0,4646,4336,310,4646,0.0667240637107189,0.693793037178403,1.0,0.693793037178403,1668,0.38468634686346864,1.0,1
"iteration_5","SCOPE_DATA_COLLECTION",1100,28,1750.0,1810.0,2,6967,4485,1533,6886,4588,1515,5726,3658,1222,1224,821,311,0.17611510791366908,0.18329984371511499,0.20287018917155902,0.37981611692842027,0.7305661885234154,1.3025127834084478,0.7596322338568405,0.7305661885234154,0.8683418556056318,0.3340901152637094,0.4401312192454893,0.49345335515548283,97.5,100.0,4992,3243,4750,30,1,2325,0.006009615384615385,3.083564600678384E-4,0.48947368421052634,0.4,0.30000000000000004,0.1,0.4,45.0,65.0,60.0,0.5,0.30000000000000004,0.2,0.5,55.0,55.0,50.0,1491,1373,118,1491,0.07914151576123407,1.1782941817560535,1.5,0.7855294545040357,585,0.42607428987618357,1.0,1
"iteration_5","SCOPE_DATA_COLLECTION",1100,29,1810.0,1870.0,0,6910,4646,1491,6967,4485,1533,6501,4340,1372,416,310,118,0.06014167991904005,0.06666666666666667,0.07919463087248323,0.3602422192640309,0.6939861909467405,1.1775229375371137,0.7204844385280618,0.6939861909467405,0.7850152916914092,0.2893401015228426,0.38525345622119817,0.42565597667638483,97.5,100.0,5065,3953,4029,35,4,805,0.006910167818361303,0.0010118897040222615,0.19980143956316704,0.5,0.30000000000000004,0.2,0.5,55.0,55.0,50.0,0.6000000000000001,0.4,0.2,0.6000000000000001,55.0,65.0,40.0,6890,6854,36,6890,0.0052249637155297535,0.2970995164782423,0.5,0.5941990329564846,1667,0.2432156405018967,1.0,1
"iteration_5","SCOPE_DATA_COLLECTION",1100,29,1810.0,1870.0,1,6910,4646,1491,6967,4485,1533,6501,4340,1372,416,310,118,0.06014167991904005,0.06666666666666667,0.07919463087248323,0.3602422192640309,0.6939861909467405,1.1775229375371137,0.7204844385280618,0.6939861909467405,0.7850152916914092,0.2893401015228426,0.38525345622119817,0.42565597667638483,97.5,100.0,5065,3953,4029,35,4,805,0.006910167818361303,0.0010118897040222615,0.19980143956316704,0.5,0.30000000000000004,0.2,0.5,55.0,55.0,50.0,0.6000000000000001,0.4,0.2,0.6000000000000001,55.0,65.0,40.0,4557,4528,29,4557,0.006363835856923414,0.6093954440768388,1.0,0.6093954440768388,1646,0.36351590106007065,1.0,1
"iteration_5","SCOPE_DATA_COLLECTION",1100,29,1810.0,1870.0,2,6910,4646,1491,6967,4485,1533,6501,4340,1372,416,310,118,0.06014167991904005,0.06666666666666667,0.07919463087248323,0.3602422192640309,0.6939861909467405,1.1775229375371137,0.7204844385280618,0.6939861909467405,0.7850152916914092,0.2893401015228426,0.38525345622119817,0.42565597667638483,97.5,100.0,5065,3953,4029,35,4,805,0.006910167818361303,0.0010118897040222615,0.19980143956316704,0.5,0.30000000000000004,0.2,0.5,55.0,55.0,50.0,0.6000000000000001,0.4,0.2,0.6000000000000001,55.0,65.0,40.0,1460,1444,16,1460,0.010958904109589041,1.0596856092886122,1.5,0.7064570728590748,545,0.37742382271468145,1.0,1
"iteration_5","SCOPE_DATA_COLLECTION",1100,30,1870.0,1930.0,0,6890,4557,1460,6910,4646,1491,6861,4531,1436,36,29,16,0.005219660722053067,0.006359649122807017,0.011019283746556474,0.2968492879102042,0.611344309053966,1.0552724478835542,0.5936985758204084,0.611344309053966,0.7035149652557028,0.24238449205655152,0.3648201280070625,0.3753481894150418,100.0,100.0,5028,4748,3131,29,3,49,0.005767700875099443,6.318449873631002E-4,0.01564995209198339,0.6000000000000001,0.4,0.2,0.6000000000000001,55.0,65.0,40.0,0.25,0.30000000000000004,0.7000000000000001,0.7000000000000001,55.0,45.0,95.0,6847,4260,2587,6847,0.37782970644077696,0.5165843018007763,0.5,1.0331686036015526,1874,0.43990610328638496,1.0,1
"iteration_5","SCOPE_DATA_COLLECTION",1100,30,1870.0,1930.0,1,6890,4557,1460,6910,4646,1491,6861,4531,1436,36,29,16,0.005219660722053067,0.006359649122807017,0.011019283746556474,0.2968492879102042,0.611344309053966,1.0552724478835542,0.5936985758204084,0.611344309053966,0.7035149652557028,0.24238449205655152,0.3648201280070625,0.3753481894150418,100.0,100.0,5028,4748,3131,29,3,49,0.005767700875099443,6.318449873631002E-4,0.01564995209198339,0.6000000000000001,0.4,0.2,0.6000000000000001,55.0,65.0,40.0,0.25,0.30000000000000004,0.7000000000000001,0.7000000000000001,55.0,45.0,95.0,4407,2735,1672,4407,0.37939641479464487,0.99544748757734,1.0,0.99544748757734,1653,0.6043875685557587,1.0,1
"iteration_5","SCOPE_DATA_COLLECTION",1100,30,1870.0,1930.0,2,6890,4557,1460,6910,4646,1491,6861,4531,1436,36,29,16,0.005219660722053067,0.006359649122807017,0.011019283746556474,0.2968492879102042,0.611344309053966,1.0552724478835542,0.5936985758204084,0.611344309053966,0.7035149652557028,0.24238449205655152,0.3648201280070625,0.3753481894150418,100.0,100.0,5028,4748,3131,29,3,49,0.005767700875099443,6.318449873631002E-4,0.01564995209198339,0.6000000000000001,0.4,0.2,0.6000000000000001,55.0,65.0,40.0,0.25,0.30000000000000004,0.7000000000000001,0.7000000000000001,55.0,45.0,95.0,1581,939,642,1581,0.4060721062618596,1.7062450602050852,1.5,1.13749670680339,625,0.6656017039403621,1.0,1
"iteration_5","SCOPE_DATA_COLLECTION",1100,31,1930.0,1990.0,0,6847,4407,1581,6890,4557,1460,4210,2723,942,2574,1654,636,0.37942216981132076,0.37788439570482063,0.40304182509505704,0.49854644853751773,0.9754854236180474,1.6840214784515277,0.9970928970750355,0.9754854236180474,1.1226809856343518,0.4323040380047506,0.5971355123026074,0.6581740976645435,100.0,100.0,5124,1951,5760,56,3,4805,0.01092896174863388,0.0015376729882111738,0.8342013888888888,0.25,0.30000000000000004,0.7000000000000001,0.7000000000000001,55.0,45.0,95.0,0.7000000000000001,0.8,0.6000000000000001,0.8,80.0,90.0,20.0,6853,6794,59,6853,0.008609368159929957,0.3193359678902826,0.5,0.6386719357805652,1934,0.2846629378863703,1.0,1
"iteration_5","SCOPE_DATA_COLLECTION",1100,31,1930.0,1990.0,1,6847,4407,1581,6890,4557,1460,4210,2723,942,2574,1654,636,0.37942216981132076,0.37788439570482063,0.40304182509505704,0.49854644853751773,0.9754854236180474,1.6840214784515277,0.9970928970750355,0.9754854236180474,1.1226809856343518,0.4323040380047506,0.5971355123026074,0.6581740976645435,100.0,100.0,5124,1951,5760,56,3,4805,0.01092896174863388,0.0015376729882111738,0.8342013888888888,0.25,0.30000000000000004,0.7000000000000001,0.7000000000000001,55.0,45.0,95.0,0.7000000000000001,0.8,0.6000000000000001,0.8,80.0,90.0,20.0,4645,4594,51,4645,0.010979547900968783,0.6590752931805702,1.0,0.6590752931805702,1727,0.3759251197213757,1.0,1
"iteration_5","SCOPE_DATA_COLLECTION",1100,31,1930.0,1990.0,2,6847,4407,1581,6890,4557,1460,4210,2723,942,2574,1654,636,0.37942216981132076,0.37788439570482063,0.40304182509505704,0.49854644853751773,0.9754854236180474,1.6840214784515277,0.9970928970750355,0.9754854236180474,1.1226809856343518,0.4323040380047506,0.5971355123026074,0.6581740976645435,100.0,100.0,5124,1951,5760,56,3,4805,0.01092896174863388,0.0015376729882111738,0.8342013888888888,0.25,0.30000000000000004,0.7000000000000001,0.7000000000000001,55.0,45.0,95.0,0.7000000000000001,0.8,0.6000000000000001,0.8,80.0,90.0,20.0,1498,1466,32,1498,0.021361815754339118,1.0559721860110893,1.5,0.7039814573407263,543,0.3703956343792633,1.0,1
"iteration_5","SCOPE_DATA_COLLECTION",1100,32,1990.0,2050.0,0,6853,4645,1498,6847,4407,1581,6846,4601,1470,72,69,38,0.010407632263660017,0.014775160599571735,0.025198938992042442,0.3320168092766849,0.6693222167155295,1.0692423027355935,0.6640336185533698,0.6693222167155295,0.712828201823729,0.29126497224656733,0.3790480330362965,0.37482993197278913,100.0,100.0,5217,5468,2311,64,4,111,0.012267586735671842,7.31528895391368E-4,0.048031155344006926,0.7000000000000001,0.8,0.6000000000000001,0.8,80.0,90.0,20.0,0.6000000000000001,0.8,0.6000000000000001,0.9,90.0,95.0,20.0,6804,6788,16,6804,0.0023515579071134627,0.31153843165252326,0.5,0.6230768633050465,1832,0.26988803771361225,1.0,1
"iteration_5","SCOPE_DATA_COLLECTION",1100,32,1990.0,2050.0,1,6853,4645,1498,6847,4407,1581,6846,4601,1470,72,69,38,0.010407632263660017,0.014775160599571735,0.025198938992042442,0.3320168092766849,0.6693222167155295,1.0692423027355935,0.6640336185533698,0.6693222167155295,0.712828201823729,0.29126497224656733,0.3790480330362965,0.37482993197278913,100.0,100.0,5217,5468,2311,64,4,111,0.012267586735671842,7.31528895391368E-4,0.048031155344006926,0.7000000000000001,0.8,0.6000000000000001,0.8,80.0,90.0,20.0,0.6000000000000001,0.8,0.6000000000000001,0.9,90.0,95.0,20.0,4508,4479,29,4508,0.006433007985803017,0.6454569864350104,1.0,0.6454569864350104,1635,0.3650368385800402,1.0,1
"iteration_5","SCOPE_DATA_COLLECTION",1100,32,1990.0,2050.0,2,6853,4645,1498,6847,4407,1581,6846,4601,1470,72,69,38,0.010407632263660017,0.014775160599571735,0.025198938992042442,0.3320168092766849,0.6693222167155295,1.0692423027355935,0.6640336185533698,0.6693222167155295,0.712828201823729,0.29126497224656733,0.3790480330362965,0.37482993197278913,100.0,100.0,5217,5468,2311,64,4,111,0.012267586735671842,7.31528895391368E-4,0.048031155344006926,0.7000000000000001,0.8,0.6000000000000001,0.8,80.0,90.0,20.0,0.6000000000000001,0.8,0.6000000000000001,0.9,90.0,95.0,20.0,1514,1486,28,1514,0.018494055482166448,1.0679837860520311,1.5,0.7119891907013541,561,0.3775235531628533,1.0,1
"iteration_5","SCOPE_DATA_COLLECTION",1100,33,2050.0,2110.0,0,6804,4508,1514,6853,4645,1498,6789,4476,1486,16,29,28,0.002351212343864805,0.006437291897891232,0.018494055482166448,0.3114915602139543,0.6446865213943224,1.0703549248078599,0.6229831204279086,0.6446865213943224,0.7135699498719066,0.2694063926940639,0.36483467381590706,0.3795423956931359,97.5,100.0,5063,4640,3123,70,3,0,0.013825794983211535,6.46551724137931E-4,0.0,0.6000000000000001,0.8,0.6000000000000001,0.9,90.0,95.0,20.0,0.5,0.5,0.30000000000000004,0.9,55.0,65.0,30.0,6788,6542,246,6788,0.03624042427813789,0.3458981036768918,0.5,0.6917962073537836,1990,0.30418832161418524,1.0,1
"iteration_5","SCOPE_DATA_COLLECTION",1100,33,2050.0,2110.0,1,6804,4508,1514,6853,4645,1498,6789,4476,1486,16,29,28,0.002351212343864805,0.006437291897891232,0.018494055482166448,0.3114915602139543,0.6446865213943224,1.0703549248078599,0.6229831204279086,0.6446865213943224,0.7135699498719066,0.2694063926940639,0.36483467381590706,0.3795423956931359,97.5,100.0,5063,4640,3123,70,3,0,0.013825794983211535,6.46551724137931E-4,0.0,0.6000000000000001,0.8,0.6000000000000001,0.9,90.0,95.0,20.0,0.5,0.5,0.30000000000000004,0.9,55.0,65.0,30.0,4490,4272,218,4490,0.04855233853006682,0.6593573461768985,1.0,0.6593573461768985,1595,0.37336142322097376,1.0,1
"iteration_5","SCOPE_DATA_COLLECTION",1100,33,2050.0,2110.0,2,6804,4508,1514,6853,4645,1498,6789,4476,1486,16,29,28,0.002351212343864805,0.006437291897891232,0.018494055482166448,0.3114915602139543,0.6446865213943224,1.0703549248078599,0.6229831204279086,0.6446865213943224,0.7135699498719066,0.2694063926940639,0.36483467381590706,0.3795423956931359,97.5,100.0,5063,4640,3123,70,3,0,0.013825794983211535,6.46551724137931E-4,0.0,0.6000000000000001,0.8,0.6000000000000001,0.9,90.0,95.0,20.0,0.5,0.5,0.30000000000000004,0.9,55.0,65.0,30.0,1475,1377,98,1475,0.06644067796610169,1.1411356427136161,1.5,0.7607570951424107,565,0.4103122730573711,1.0,1
"iteration_5","SCOPE_DATA_COLLECTION",1100,34,2110.0,2170.0,0,6788,4490,1475,6804,4508,1514,6537,4284,1366,246,218,98,0.0362671384343211,0.04842292314526877,0.06693989071038252,0.3452605854070999,0.6621567718912257,1.1342824097417563,0.6905211708141998,0.6621567718912257,0.7561882731611709,0.30426801284993116,0.37558356676003735,0.4062957540263543,97.5,100.0,5058,3852,3843,55,3,504,0.010873863187030448,7.78816199376947E-4,0.13114754098360656,0.5,0.5,0.30000000000000004,0.9,55.0,65.0,30.0,0.15000000000000002,0.30000000000000004,0.7000000000000001,0.30000000000000004,65.0,25.0,40.0,6891,3286,3605,6891,0.5231461326367726,0.4960006086364659,0.5,0.9920012172729318,1690,0.5143031040779062,1.0,1
"iteration_5","SCOPE_DATA_COLLECTION",1100,34,2110.0,2170.0,1,6788,4490,1475,6804,4508,1514,6537,4284,1366,246,218,98,0.0362671384343211,0.04842292314526877,0.06693989071038252,0.3452605854070999,0.6621567718912257,1.1342824097417563,0.6905211708141998,0.6621567718912257,0.7561882731611709,0.30426801284993116,0.37558356676003735,0.4062957540263543,97.5,100.0,5058,3852,3843,55,3,504,0.010873863187030448,7.78816199376947E-4,0.13114754098360656,0.5,0.5,0.30000000000000004,0.9,55.0,65.0,30.0,0.15000000000000002,0.30000000000000004,0.7000000000000001,0.30000000000000004,65.0,25.0,40.0,4680,2271,2409,4680,0.5147435897435897,1.1074616097709866,1.0,1.1074616097709866,1702,0.7494495816820784,1.0,1
"iteration_5","SCOPE_DATA_COLLECTION",1100,34,2110.0,2170.0,2,6788,4490,1475,6804,4508,1514,6537,4284,1366,246,218,98,0.0362671384343211,0.04842292314526877,0.06693989071038252,0.3452605854070999,0.6621567718912257,1.1342824097417563,0.6905211708141998,0.6621567718912257,0.7561882731611709,0.30426801284993116,0.37558356676003735,0.4062957540263543,97.5,100.0,5058,3852,3843,55,3,504,0.010873863187030448,7.78816199376947E-4,0.13114754098360656,0.5,0.5,0.30000000000000004,0.9,55.0,65.0,30.0,0.15000000000000002,0.30000000000000004,0.7000000000000001,0.30000000000000004,65.0,25.0,40.0,1566,740,826,1566,0.5274584929757343,1.810484779176156,1.5,1.206989852784104,573,0.7743243243243243,1.0,1
"iteration_5","SCOPE_DATA_COLLECTION",1100,35,2170.0,2230.0,0,6891,4680,1566,6788,4490,1475,3282,2261,756,3605,2409,826,0.5234499782198345,0.5158458244111349,0.5221238938053098,0.49544452375995196,1.097385459694193,1.802237021665828,0.9908890475199039,1.097385459694193,1.2014913477772187,0.5106642291285801,0.7434763379035825,0.7698412698412699,97.5,100.0,5055,1246,6836,49,0,6791,0.009693372898120672,0.0,0.9934172030427151,0.15000000000000002,0.30000000000000004,0.7000000000000001,0.30000000000000004,65.0,25.0,40.0,0.25,0.4,0.7000000000000001,0.4,55.0,35.0,50.0,6754,3972,2782,6754,0.41190405685519693,0.4868101834973094,0.5,0.9736203669946188,1874,0.47180261832829806,1.0,1
"iteration_5","SCOPE_DATA_COLLECTION",1100,35,2170.0,2230.0,1,6891,4680,1566,6788,4490,1475,3282,2261,756,3605,2409,826,0.5234499782198345,0.5158458244111349,0.5221238938053098,0.49544452375995196,1.097385459694193,1.802237021665828,0.9908890475199039,1.097385459694193,1.2014913477772187,0.5106642291285801,0.7434763379035825,0.7698412698412699,97.5,100.0,5055,1246,6836,49,0,6791,0.009693372898120672,0.0,0.9934172030427151,0.15000000000000002,0.30000000000000004,0.7000000000000001,0.30000000000000004,65.0,25.0,40.0,0.25,0.4,0.7000000000000001,0.4,55.0,35.0,50.0,4552,2626,1926,4552,0.4231107205623902,1.0303242490270503,1.0,1.0303242490270503,1737,0.6614623000761615,1.0,1
"iteration_5","SCOPE_DATA_COLLECTION",1100,35,2170.0,2230.0,2,6891,4680,1566,6788,4490,1475,3282,2261,756,3605,2409,826,0.5234499782198345,0.5158458244111349,0.5221238938053098,0.49544452375995196,1.097385459694193,1.802237021665828,0.9908890475199039,1.097385459694193,1.2014913477772187,0.5106642291285801,0.7434763379035825,0.7698412698412699,97.5,100.0,5055,1246,6836,49,0,6791,0.009693372898120672,0.0,0.9934172030427151,0.15000000000000002,0.30000000000000004,0.7000000000000001,0.30000000000000004,65.0,25.0,40.0,0.25,0.4,0.7000000000000001,0.4,55.0,35.0,50.0,1476,813,663,1476,0.4491869918699187,1.6586159000593663,1.5,1.1057439333729109,560,0.6888068880688807,1.0,1
"iteration_5","SCOPE_DATA_COLLECTION",1100,36,2230.0,2290.0,0,6754,4552,1476,6891,4680,1566,3976,2640,805,2782,1926,663,0.41166025451316957,0.42181340341655715,0.45163487738419617,0.48724407917655654,1.0354969411254946,1.6512143234956305,0.9744881583531131,1.0354969411254946,1.100809548997087,0.47308853118712274,0.6636363636363637,0.6857142857142857,95.0,100.0,5096,1864,5822,58,0,5313,0.011381475667189953,0.0,0.9125729989694263,0.25,0.4,0.7000000000000001,0.4,55.0,35.0,50.0,0.25,0.4,0.8,0.4,55.0,45.0,60.0,6798,4165,2633,6798,0.38731979994115917,0.48029677502935525,0.5,0.9605935500587105,1981,0.4756302521008403,1.0,1
"iteration_5","SCOPE_DATA_COLLECTION",1100,36,2230.0,2290.0,1,6754,4552,1476,6891,4680,1566,3976,2640,805,2782,1926,663,0.41166025451316957,0.42181340341655715,0.45163487738419617,0.48724407917655654,1.0354969411254946,1.6512143234956305,0.9744881583531131,1.0354969411254946,1.100809548997087,0.47308853118712274,0.6636363636363637,0.6857142857142857,95.0,100.0,5096,1864,5822,58,0,5313,0.011381475667189953,0.0,0.9125729989694263,0.25,0.4,0.7000000000000001,0.4,55.0,35.0,50.0,0.25,0.4,0.8,0.4,55.0,45.0,60.0,4438,2711,1727,4438,0.38913925191527715,0.9963308150136183,1.0,0.9963308150136183,1725,0.6362965695315381,1.0,1
"iteration_5","SCOPE_DATA_COLLECTION",1100,36,2230.0,2290.0,2,6754,4552,1476,6891,4680,1566,3976,2640,805,2782,1926,663,0.41166025451316957,0.42181340341655715,0.45163487738419617,0.48724407917655654,1.0354969411254946,1.6512143234956305,0.9744881583531131,1.0354969411254946,1.100809548997087,0.47308853118712274,0.6636363636363637,0.6857142857142857,95.0,100.0,5096,1864,5822,58,0,5313,0.011381475667189953,0.0,0.9125729989694263,0.25,0.4,0.7000000000000001,0.4,55.0,35.0,50.0,0.25,0.4,0.8,0.4,55.0,45.0,60.0,1482,878,604,1482,0.407557354925776,1.6373020060485444,1.5,1.0915346706990297,578,0.6583143507972665,1.0,1
"iteration_5","SCOPE_DATA_COLLECTION",1100,37,2290.0,2350.0,0,6798,4438,1482,6754,4552,1476,4172,2702,880,2633,1727,604,0.386921381337252,0.38993000677353806,0.40700808625336926,0.4812312005101985,0.9940890738868285,1.642258547988589,0.962462401020397,0.9940890738868285,1.0948390319923926,0.47603068072866733,0.6347150259067358,0.6602272727272728,100.0,100.0,5059,1873,5786,52,2,4910,0.010278711207748568,0.0010678056593699946,0.8486000691323885,0.25,0.4,0.8,0.4,55.0,45.0,60.0,0.35000000000000003,0.4,0.9,0.30000000000000004,65.0,45.0,70.0,6918,5229,1689,6918,0.24414570685169124,0.4654607496948239,0.5,0.9309214993896479,2122,0.40581373111493596,1.0,1
"iteration_5","SCOPE_DATA_COLLECTION",1100,37,2290.0,2350.0,1,6798,4438,1482,6754,4552,1476,4172,2702,880,2633,1727,604,0.386921381337252,0.38993000677353806,0.40700808625336926,0.4812312005101985,0.9940890738868285,1.642258547988589,0.962462401020397,0.9940890738868285,1.0948390319923926,0.47603068072866733,0.6347150259067358,0.6602272727272728,100.0,100.0,5059,1873,5786,52,2,4910,0.010278711207748568,0.0010678056593699946,0.8486000691323885,0.25,0.4,0.8,0.4,55.0,45.0,60.0,0.35000000000000003,0.4,0.9,0.30000000000000004,65.0,45.0,70.0,4549,3437,1112,4549,0.24444932952297208,0.8869880605851252,1.0,0.8869880605851252,1801,0.5240034914169334,1.0,1
"iteration_5","SCOPE_DATA_COLLECTION",1100,37,2290.0,2350.0,2,6798,4438,1482,6754,4552,1476,4172,2702,880,2633,1727,604,0.386921381337252,0.38993000677353806,0.40700808625336926,0.4812312005101985,0.9940890738868285,1.642258547988589,0.962462401020397,0.9940890738868285,1.0948390319923926,0.47603068072866733,0.6347150259067358,0.6602272727272728,100.0,100.0,5059,1873,5786,52,2,4910,0.010278711207748568,0.0010678056593699946,0.8486000691323885,0.25,0.4,0.8,0.4,55.0,45.0,60.0,0.35000000000000003,0.4,0.9,0.30000000000000004,65.0,45.0,70.0,1474,1071,403,1474,0.2734056987788331,1.3953852614409268,1.5,0.9302568409606179,576,0.5378151260504201,1.0,1
"iteration_5","SCOPE_DATA_COLLECTION",1100,38,2350.0,2410.0,0,6918,4549,1474,6798,4438,1482,5216,3413,1063,1689,1111,403,0.244605358435916,0.245579133510168,0.27489768076398363,0.4656521982062752,0.8879470687488529,1.4016315855462533,0.9313043964125504,0.8879470687488529,0.9344210570308356,0.4072085889570552,0.5276882508057428,0.5399811853245532,97.5,100.0,5110,2772,5059,37,3,3163,0.007240704500978474,0.0010822510822510823,0.6252223759636292,0.35000000000000003,0.4,0.9,0.30000000000000004,65.0,45.0,70.0,0.9500000000000001,0.5,0.8,0.9,50.0,90.0,40.0,6779,6754,25,6779,0.003687859566307715,0.3265212057801905,0.5,0.653042411560381,1895,0.2805744743855493,1.0,1
"iteration_5","SCOPE_DATA_COLLECTION",1100,38,2350.0,2410.0,1,6918,4549,1474,6798,4438,1482,5216,3413,1063,1689,1111,403,0.244605358435916,0.245579133510168,0.27489768076398363,0.4656521982062752,0.8879470687488529,1.4016315855462533,0.9313043964125504,0.8879470687488529,0.9344210570308356,0.4072085889570552,0.5276882508057428,0.5399811853245532,97.5,100.0,5110,2772,5059,37,3,3163,0.007240704500978474,0.0010822510822510823,0.6252223759636292,0.35000000000000003,0.4,0.9,0.30000000000000004,65.0,45.0,70.0,0.9500000000000001,0.5,0.8,0.9,50.0,90.0,40.0,4658,4622,36,4658,0.007728638900815801,0.6718470031760712,1.0,0.6718470031760712,1743,0.37710947641713544,1.0,1
"iteration_5","SCOPE_DATA_COLLECTION",1100,38,2350.0,2410.0,2,6918,4549,1474,6798,4438,1482,5216,3413,1063,1689,1111,403,0.244605358435916,0.245579133510168,0.27489768076398363,0.4656521982062752,0.8879470687488529,1.4016315855462533,0.9313043964125504,0.8879470687488529,0.9344210570308356,0.4072085889570552,0.5276882508057428,0.5399811853245532,97.5,100.0,5110,2772,5059,37,3,3163,0.007240704500978474,0.0010822510822510823,0.6252223759636292,0.35000000000000003,0.4,0.9,0.30000000000000004,65.0,45.0,70.0,0.9500000000000001,0.5,0.8,0.9,50.0,90.0,40.0,1491,1459,32,1491,0.021462105969148222,1.1189088083544967,1.5,0.7459392055696644,574,0.3934201507882111,1.0,1
"iteration_5","SCOPE_DATA_COLLECTION",1100,39,2410.0,2470.0,0,6779,4658,1491,6918,4549,1474,6759,4634,1466,25,37,32,0.0036851415094339623,0.007921216013701562,0.021361815754339118,0.3266137579860209,0.672121823883017,1.1151468796797552,0.6532275159720418,0.672121823883017,0.7434312531198368,0.28051486906347095,0.3759171342252913,0.39290586630286495,100.0,100.0,5110,7408,410,75,15,4,0.014677103718199608,0.0020248380129589635,0.00975609756097561,0.9500000000000001,0.5,0.8,0.9,50.0,90.0,40.0,0.8500000000000001,0.6000000000000001,0.9,0.9,40.0,90.0,50.0,6820,6807,13,6820,0.001906158357771261,0.32264342838460397,0.5,0.6452868567692079,1963,0.288379609225797,1.0,1
"iteration_5","SCOPE_DATA_COLLECTION",1100,39,2410.0,2470.0,1,6779,4658,1491,6918,4549,1474,6759,4634,1466,25,37,32,0.0036851415094339623,0.007921216013701562,0.021361815754339118,0.3266137579860209,0.672121823883017,1.1151468796797552,0.6532275159720418,0.672121823883017,0.7434312531198368,0.28051486906347095,0.3759171342252913,0.39290586630286495,100.0,100.0,5110,7408,410,75,15,4,0.014677103718199608,0.0020248380129589635,0.00975609756097561,0.9500000000000001,0.5,0.8,0.9,50.0,90.0,40.0,0.8500000000000001,0.6000000000000001,0.9,0.9,40.0,90.0,50.0,4451,4419,32,4451,0.007189395641428892,0.6621948692650355,1.0,0.6621948692650355,1659,0.3754243041412084,1.0,1
"iteration_5","SCOPE_DATA_COLLECTION",1100,39,2410.0,2470.0,2,6779,4658,1491,6918,4549,1474,6759,4634,1466,25,37,32,0.0036851415094339623,0.007921216013701562,0.021361815754339118,0.3266137579860209,0.672121823883017,1.1151468796797552,0.6532275159720418,0.672121823883017,0.7434312531198368,0.28051486906347095,0.3759171342252913,0.39290586630286495,100.0,100.0,5110,7408,410,75,15,4,0.014677103718199608,0.0020248380129589635,0.00975609756097561,0.9500000000000001,0.5,0.8,0.9,50.0,90.0,40.0,0.8500000000000001,0.6000000000000001,0.9,0.9,40.0,90.0,50.0,1448,1419,29,1448,0.020027624309392266,1.1221392140351878,1.5,0.7480928093567919,564,0.3974630021141649,1.0,1
"iteration_5","SCOPE_DATA_COLLECTION",1100,40,2470.0,2530.0,0,6820,4451,1448,6779,4658,1491,6808,4419,1418,13,32,29,0.0019058789033866003,0.007189395641428892,0.020041465100207326,0.3216045605711091,0.6632223192153082,1.1243621293019244,0.6432091211422182,0.6632223192153082,0.7495747528679496,0.28745593419506466,0.37565059968318626,0.39844851904090267,100.0,100.0,5165,6444,1110,61,13,0,0.01181026137463698,0.0020173805090006208,0.0,0.8500000000000001,0.6000000000000001,0.9,0.9,40.0,90.0,50.0,0.75,0.6000000000000001,0.8,0.8,30.0,90.0,50.0,6698,6684,14,6698,0.0020901761719916393,0.31434907823666347,0.5,0.6286981564733269,1819,0.27214242968282465,1.0,1
"iteration_5","SCOPE_DATA_COLLECTION",1100,40,2470.0,2530.0,1,6820,4451,1448,6779,4658,1491,6808,4419,1418,13,32,29,0.0019058789033866003,0.007189395641428892,0.020041465100207326,0.3216045605711091,0.6632223192153082,1.1243621293019244,0.6432091211422182,0.6632223192153082,0.7495747528679496,0.28745593419506466,0.37565059968318626,0.39844851904090267,100.0,100.0,5165,6444,1110,61,13,0,0.01181026137463698,0.0020173805090006208,0.0,0.8500000000000001,0.6000000000000001,0.9,0.9,40.0,90.0,50.0,0.75,0.6000000000000001,0.8,0.8,30.0,90.0,50.0,4526,4496,30,4526,0.006628369421122404,0.6611317114712338,1.0,0.6611317114712338,1661,0.3694395017793594,1.0,1
"iteration_5","SCOPE_DATA_COLLECTION",1100,40,2470.0,2530.0,2,6820,4451,1448,6779,4658,1491,6808,4419,1418,13,32,29,0.0019058789033866003,0.007189395641428892,0.020041465100207326,0.3216045605711091,0.6632223192153082,1.1243621293019244,0.6432091211422182,0.6632223192153082,0.7495747528679496,0.28745593419506466,0.37565059968318626,0.39844851904090267,100.0,100.0,5165,6444,1110,61,13,0,0.01181026137463698,0.0020173805090006208,0.0,0.8500000000000001,0.6000000000000001,0.9,0.9,40.0,90.0,50.0,0.75,0.6000000000000001,0.8,0.8,30.0,90.0,50.0,1461,1433,28,1461,0.019164955509924708,1.1069480556527551,1.5,0.7379653704351701,561,0.39148639218422887,1.0,1
"iteration_5","SCOPE_DATA_COLLECTION",1100,41,2530.0,2590.0,0,6698,4526,1461,6820,4451,1448,6684,4519,1436,14,29,28,0.0020901761719916393,0.006376429199648197,0.01912568306010929,0.3152768520228697,0.6628833943622378,1.105753597841527,0.6305537040457394,0.6628833943622378,0.7371690652276847,0.2727408737283064,0.37065722504978976,0.3906685236768802,97.5,100.0,5080,5665,1940,66,5,0,0.012992125984251968,8.8261253309797E-4,0.0,0.75,0.6000000000000001,0.8,0.8,30.0,90.0,50.0,0.75,0.6000000000000001,0.8,0.8,30.0,90.0,50.0,6971,6953,18,6971,0.002582125950365801,0.32250172187025034,0.5,0.6450034437405007,2005,0.288364734646915,1.0,1
"iteration_5","SCOPE_DATA_COLLECTION",1100,41,2530.0,2590.0,1,6698,4526,1461,6820,4451,1448,6684,4519,1436,14,29,28,0.0020901761719916393,0.006376429199648197,0.01912568306010929,0.3152768520228697,0.6628833943622378,1.105753597841527,0.6305537040457394,0.6628833943622378,0.7371690652276847,0.2727408737283064,0.37065722504978976,0.3906685236768802,97.5,100.0,5080,5665,1940,66,5,0,0.012992125984251968,8.8261253309797E-4,0.0,0.75,0.6000000000000001,0.8,0.8,30.0,90.0,50.0,0.75,0.6000000000000001,0.8,0.8,30.0,90.0,50.0,4442,4407,35,4442,0.007879333633498424,0.6353309506177102,1.0,0.6353309506177102,1556,0.3530746539596097,1.0,1
"iteration_5","SCOPE_DATA_COLLECTION",1100,41,2530.0,2590.0,2,6698,4526,1461,6820,4451,1448,6684,4519,1436,14,29,28,0.0020901761719916393,0.006376429199648197,0.01912568306010929,0.3152768520228697,0.6628833943622378,1.105753597841527,0.6305537040457394,0.6628833943622378,0.7371690652276847,0.2727408737283064,0.37065722504978976,0.3906685236768802,97.5,100.0,5080,5665,1940,66,5,0,0.012992125984251968,8.8261253309797E-4,0.0,0.75,0.6000000000000001,0.8,0.8,30.0,90.0,50.0,0.75,0.6000000000000001,0.8,0.8,30.0,90.0,50.0,1577,1538,39,1577,0.024730500951173115,1.1005634802122213,1.5,0.7337089868081476,600,0.39011703511053314,1.0,1
"iteration_5","SCOPE_DATA_COLLECTION",1100,42,2590.0,2650.0,0,6971,4442,1577,6698,4526,1461,6952,4399,1536,18,35,39,0.002582496413199426,0.007893549842129003,0.024761904761904763,0.3220769480428215,0.6343955688497008,1.1031605866823615,0.644153896085643,0.6343955688497008,0.7354403911215743,0.2873993095512083,0.35235280745624004,0.390625,97.5,100.0,5179,5789,2022,87,5,0,0.016798609770225913,8.637070305752289E-4,0.0,0.75,0.6000000000000001,0.8,0.8,30.0,90.0,50.0,0.65,0.6000000000000001,0.2,0.5,90.0,95.0,75.0,6818,6808,10,6818,0.0014667057788207685,0.2934260818422006,0.5,0.5868521636844012,1753,0.25749118683901295,1.0,1
"iteration_5","SCOPE_DATA_COLLECTION",1100,42,2590.0,2650.0,1,6971,4442,1577,6698,4526,1461,6952,4399,1536,18,35,39,0.002582496413199426,0.007893549842129003,0.024761904761904763,0.3220769480428215,0.6343955688497008,1.1031605866823615,0.644153896085643,0.6343955688497008,0.7354403911215743,0.2873993095512083,0.35235280745624004,0.390625,97.5,100.0,5179,5789,2022,87,5,0,0.016798609770225913,8.637070305752289E-4,0.0,0.75,0.6000000000000001,0.8,0.8,30.0,90.0,50.0,0.65,0.6000000000000001,0.2,0.5,90.0,95.0,75.0,4571,4561,10,4571,0.002187705097352877,0.5955154047528985,1.0,0.5955154047528985,1571,0.34444200833150623,1.0,1
"iteration_5","SCOPE_DATA_COLLECTION",1100,42,2590.0,2650.0,2,6971,4442,1577,6698,4526,1461,6952,4399,1536,18,35,39,0.002582496413199426,0.007893549842129003,0.024761904761904763,0.3220769480428215,0.6343955688497008,1.1031605866823615,0.644153896085643,0.6343955688497008,0.7354403911215743,0.2873993095512083,0.35235280745624004,0.390625,97.5,100.0,5179,5789,2022,87,5,0,0.016798609770225913,8.637070305752289E-4,0.0,0.75,0.6000000000000001,0.8,0.8,30.0,90.0,50.0,0.65,0.6000000000000001,0.2,0.5,90.0,95.0,75.0,1445,1430,15,1445,0.010380622837370242,1.0771336614696545,1.5,0.7180891076464363,564,0.3944055944055944,1.0,1
"iteration_5","SCOPE_DATA_COLLECTION",1100,43,2650.0,2710.0,0,6818,4571,1445,6971,4442,1577,6809,4556,1433,10,11,15,0.0014664906877841326,0.00240858331508649,0.010359116022099447,0.2937555187211706,0.5973334971532062,1.080763354264345,0.5875110374423412,0.5973334971532062,0.7205089028428967,0.25833455720370097,0.34460052677787534,0.3963712491277041,97.5,100.0,4906,5121,2807,29,7,0,0.0059111292295148795,0.0013669205233352861,0.0,0.65,0.6000000000000001,0.2,0.5,90.0,95.0,75.0,0.55,0.5,0.1,0.6000000000000001,95.0,95.0,75.0,6849,6736,113,6849,0.016498758942911373,0.32298149296826284,0.5,0.6459629859365257,1851,0.27479216152019004,1.0,1
"iteration_5","SCOPE_DATA_COLLECTION",1100,43,2650.0,2710.0,1,6818,4571,1445,6971,4442,1577,6809,4556,1433,10,11,15,0.0014664906877841326,0.00240858331508649,0.010359116022099447,0.2937555187211706,0.5973334971532062,1.080763354264345,0.5875110374423412,0.5973334971532062,0.7205089028428967,0.25833455720370097,0.34460052677787534,0.3963712491277041,97.5,100.0,4906,5121,2807,29,7,0,0.0059111292295148795,0.0013669205233352861,0.0,0.65,0.6000000000000001,0.2,0.5,90.0,95.0,75.0,0.55,0.5,0.1,0.6000000000000001,95.0,95.0,75.0,4447,4358,89,4447,0.020013492241960872,0.6064429045025632,1.0,0.6064429045025632,1535,0.35222579164754475,1.0,1
"iteration_5","SCOPE_DATA_COLLECTION",1100,43,2650.0,2710.0,2,6818,4571,1445,6971,4442,1577,6809,4556,1433,10,11,15,0.0014664906877841326,0.00240858331508649,0.010359116022099447,0.2937555187211706,0.5973334971532062,1.080763354264345,0.5875110374423412,0.5973334971532062,0.7205089028428967,0.25833455720370097,0.34460052677787534,0.3963712491277041,97.5,100.0,4906,5121,2807,29,7,0,0.0059111292295148795,0.0013669205233352861,0.0,0.65,0.6000000000000001,0.2,0.5,90.0,95.0,75.0,0.55,0.5,0.1,0.6000000000000001,95.0,95.0,75.0,1509,1465,44,1509,0.0291583830351226,1.0981515117813057,1.5,0.7321010078542037,581,0.3965870307167236,1.0,1
"iteration_5","SCOPE_DATA_COLLECTION",1100,44,2710.0,2770.0,0,6849,4447,1509,6818,4571,1445,6734,4358,1455,113,89,43,0.01650357820943479,0.020013492241960872,0.02870493991989319,0.3153003475388992,0.5986234448510284,1.0847810626554184,0.6306006950777984,0.5986234448510284,0.7231873751036123,0.275022275022275,0.35360256998623224,0.3917525773195876,95.0,100.0,4998,4334,3473,17,4,224,0.003401360544217687,9.229349330872173E-4,0.0644975525482292,0.55,0.5,0.1,0.6000000000000001,95.0,95.0,75.0,0.65,0.5,0.1,0.6000000000000001,85.0,95.0,85.0,6844,6819,25,6844,0.003652834599649328,0.29715535062572235,0.5,0.5943107012514447,1781,0.261181991494354,1.0,1
"iteration_5","SCOPE_DATA_COLLECTION",1100,44,2710.0,2770.0,1,6849,4447,1509,6818,4571,1445,6734,4358,1455,113,89,43,0.01650357820943479,0.020013492241960872,0.02870493991989319,0.3153003475388992,0.5986234448510284,1.0847810626554184,0.6306006950777984,0.5986234448510284,0.7231873751036123,0.275022275022275,0.35360256998623224,0.3917525773195876,95.0,100.0,4998,4334,3473,17,4,224,0.003401360544217687,9.229349330872173E-4,0.0644975525482292,0.55,0.5,0.1,0.6000000000000001,95.0,95.0,75.0,0.65,0.5,0.1,0.6000000000000001,85.0,95.0,85.0,4590,4583,7,4590,0.0015250544662309367,0.5875221465358049,1.0,0.5875221465358049,1599,0.3488981016801222,1.0,1
"iteration_5","SCOPE_DATA_COLLECTION",1100,44,2710.0,2770.0,2,6849,4447,1509,6818,4571,1445,6734,4358,1455,113,89,43,0.01650357820943479,0.020013492241960872,0.02870493991989319,0.3153003475388992,0.5986234448510284,1.0847810626554184,0.6306006950777984,0.5986234448510284,0.7231873751036123,0.275022275022275,0.35360256998623224,0.3917525773195876,95.0,100.0,4998,4334,3473,17,4,224,0.003401360544217687,9.229349330872173E-4,0.0644975525482292,0.55,0.5,0.1,0.6000000000000001,95.0,95.0,75.0,0.65,0.5,0.1,0.6000000000000001,85.0,95.0,85.0,1509,1492,17,1509,0.01126573889993373,1.0507723249173457,1.5,0.7005148832782305,557,0.37332439678284185,1.0,1
"iteration_5","SCOPE_DATA_COLLECTION",1100,45,2770.0,2830.0,0,6844,4590,1509,6849,4447,1509,6825,4593,1498,25,7,18,0.0036496350364963502,0.0015217391304347826,0.011873350923482849,0.30487251652976655,0.596376999311866,1.0641196140269404,0.6097450330595331,0.596376999311866,0.7094130760179603,0.26153846153846155,0.34922708469409974,0.37783711615487314,97.5,100.0,4960,5163,2820,23,8,19,0.004637096774193548,0.0015494867325198528,0.00673758865248227,0.65,0.5,0.1,0.6000000000000001,85.0,95.0,85.0,0.55,0.5,0.1,0.6000000000000001,85.0,95.0,95.0,6848,6791,57,6848,0.00832359813084112,0.3277043824898149,0.5,0.6554087649796299,1933,0.2846414371962892,1.0,1
"iteration_5","SCOPE_DATA_COLLECTION",1100,45,2770.0,2830.0,1,6844,4590,1509,6849,4447,1509,6825,4593,1498,25,7,18,0.0036496350364963502,0.0015217391304347826,0.011873350923482849,0.30487251652976655,0.596376999311866,1.0641196140269404,0.6097450330595331,0.596376999311866,0.7094130760179603,0.26153846153846155,0.34922708469409974,0.37783711615487314,97.5,100.0,4960,5163,2820,23,8,19,0.004637096774193548,0.0015494867325198528,0.00673758865248227,0.65,0.5,0.1,0.6000000000000001,85.0,95.0,85.0,0.55,0.5,0.1,0.6000000000000001,85.0,95.0,95.0,4472,4443,29,4472,0.00648479427549195,0.6127183060214197,1.0,0.6127183060214197,1610,0.36236776952509564,1.0,1
"iteration_5","SCOPE_DATA_COLLECTION",1100,45,2770.0,2830.0,2,6844,4590,1509,6849,4447,1509,6825,4593,1498,25,7,18,0.0036496350364963502,0.0015217391304347826,0.011873350923482849,0.30487251652976655,0.596376999311866,1.0641196140269404,0.6097450330595331,0.596376999311866,0.7094130760179603,0.26153846153846155,0.34922708469409974,0.37783711615487314,97.5,100.0,4960,5163,2820,23,8,19,0.004637096774193548,0.0015494867325198528,0.00673758865248227,0.65,0.5,0.1,0.6000000000000001,85.0,95.0,85.0,0.55,0.5,0.1,0.6000000000000001,85.0,95.0,95.0,1525,1496,29,1525,0.01901639344262295,1.0850475995239792,1.5,0.7233650663493195,577,0.3856951871657754,1.0,1
"iteration_5","SCOPE_DATA_COLLECTION",1100,46,2830.0,2890.0,0,6848,4472,1525,6844,4590,1509,6781,4428,1495,57,29,29,0.008335770693185142,0.0065066188018846755,0.019028871391076115,0.3205243138908116,0.6045386372924527,1.07755483315532,0.6410486277816232,0.6045386372924527,0.7183698887702133,0.28284913729538413,0.3606594399277326,0.38461538461538464,100.0,100.0,5037,4275,3533,33,3,79,0.006551518761167362,7.017543859649122E-4,0.022360600056609115,0.55,0.5,0.1,0.6000000000000001,85.0,95.0,95.0,0.45,0.4,0.1,0.6000000000000001,75.0,95.0,85.0,6938,6163,775,6938,0.1117036609974056,0.355805974833775,0.5,0.71161194966755,1893,0.30715560603602143,1.0,1
"iteration_5","SCOPE_DATA_COLLECTION",1100,46,2830.0,2890.0,1,6848,4472,1525,6844,4590,1509,6781,4428,1495,57,29,29,0.008335770693185142,0.0065066188018846755,0.019028871391076115,0.3205243138908116,0.6045386372924527,1.07755483315532,0.6410486277816232,0.6045386372924527,0.7183698887702133,0.28284913729538413,0.3606594399277326,0.38461538461538464,100.0,100.0,5037,4275,3533,33,3,79,0.006551518761167362,7.017543859649122E-4,0.022360600056609115,0.55,0.5,0.1,0.6000000000000001,85.0,95.0,95.0,0.45,0.4,0.1,0.6000000000000001,75.0,95.0,85.0,4585,4036,549,4585,0.11973827699018538,0.6786920361521662,1.0,0.6786920361521662,1655,0.4100594648166501,1.0,1
"iteration_5","SCOPE_DATA_COLLECTION",1100,46,2830.0,2890.0,2,6848,4472,1525,6844,4590,1509,6781,4428,1495,57,29,29,0.008335770693185142,0.0065066188018846755,0.019028871391076115,0.3205243138908116,0.6045386372924527,1.07755483315532,0.6410486277816232,0.6045386372924527,0.7183698887702133,0.28284913729538413,0.3606594399277326,0.38461538461538464,100.0,100.0,5037,4275,3533,33,3,79,0.006551518761167362,7.017543859649122E-4,0.022360600056609115,0.55,0.5,0.1,0.6000000000000001,85.0,95.0,95.0,0.45,0.4,0.1,0.6000000000000001,75.0,95.0,85.0,1452,1256,196,1452,0.1349862258953168,1.2170846261113681,1.5,0.8113897507409121,567,0.45143312101910826,1.0,1
"iteration_5","SCOPE_DATA_COLLECTION",1100,47,2890.0,2950.0,0,6938,4585,1452,6848,4472,1525,6177,4049,1258,775,549,196,0.11147871116225547,0.1193997390169639,0.13480055020632736,0.3638952375792964,0.6857470052492826,1.2268560421629036,0.7277904751585929,0.6857470052492826,0.8179040281086024,0.30953537315849117,0.4109656705359348,0.45310015898251194,95.0,100.0,5097,3506,4372,24,2,1494,0.004708652148322542,5.704506560182544E-4,0.34172003659652334,0.45,0.4,0.1,0.6000000000000001,75.0,95.0,85.0,0.45,0.4,0.2,0.5,65.0,95.0,75.0,6823,6089,734,6823,0.10757731203283014,0.36262479217974386,0.5,0.7252495843594877,1915,0.31450156019050746,1.0,1
"iteration_5","SCOPE_DATA_COLLECTION",1100,47,2890.0,2950.0,1,6938,4585,1452,6848,4472,1525,6177,4049,1258,775,549,196,0.11147871116225547,0.1193997390169639,0.13480055020632736,0.3638952375792964,0.6857470052492826,1.2268560421629036,0.7277904751585929,0.6857470052492826,0.8179040281086024,0.30953537315849117,0.4109656705359348,0.45310015898251194,95.0,100.0,5097,3506,4372,24,2,1494,0.004708652148322542,5.704506560182544E-4,0.34172003659652334,0.45,0.4,0.1,0.6000000000000001,75.0,95.0,85.0,0.45,0.4,0.2,0.5,65.0,95.0,75.0,4572,4051,521,4572,0.11395450568678915,0.7125235581281641,1.0,0.7125235581281641,1673,0.41298444828437425,1.0,1
"iteration_5","SCOPE_DATA_COLLECTION",1100,47,2890.0,2950.0,2,6938,4585,1452,6848,4472,1525,6177,4049,1258,775,549,196,0.11147871116225547,0.1193997390169639,0.13480055020632736,0.3638952375792964,0.6857470052492826,1.2268560421629036,0.7277904751585929,0.6857470052492826,0.8179040281086024,0.30953537315849117,0.4109656705359348,0.45310015898251194,95.0,100.0,5097,3506,4372,24,2,1494,0.004708652148322542,5.704506560182544E-4,0.34172003659652334,0.45,0.4,0.1,0.6000000000000001,75.0,95.0,85.0,0.45,0.4,0.2,0.5,65.0,95.0,75.0,1521,1313,208,1521,0.13675213675213677,1.1917588930552594,1.5,0.7945059287035062,572,0.43564356435643564,1.0,1
"iteration_5","SCOPE_DATA_COLLECTION",1100,48,2950.0,3010.0,0,6823,4572,1521,6938,4585,1452,6073,4044,1320,734,521,208,0.10783017482003819,0.11412924424972617,0.13612565445026178,0.36246669791522995,0.7128173525526654,1.1913220230138915,0.7249333958304599,0.7128173525526654,0.7942146820092609,0.313683517207311,0.413946587537092,0.43636363636363634,100.0,100.0,5006,3583,4327,32,1,1430,0.006392329204954055,2.7909572983533354E-4,0.3304830136353131,0.45,0.4,0.2,0.5,65.0,95.0,75.0,0.55,0.4,0.1,0.6000000000000001,55.0,85.0,75.0,6792,6682,110,6792,0.016195524146054182,0.3060991034623253,0.5,0.6121982069246505,1714,0.2565100269380425,1.0,1
"iteration_5","SCOPE_DATA_COLLECTION",1100,48,2950.0,3010.0,1,6823,4572,1521,6938,4585,1452,6073,4044,1320,734,521,208,0.10783017482003819,0.11412924424972617,0.13612565445026178,0.36246669791522995,0.7128173525526654,1.1913220230138915,0.7249333958304599,0.7128173525526654,0.7942146820092609,0.313683517207311,0.413946587537092,0.43636363636363634,100.0,100.0,5006,3583,4327,32,1,1430,0.006392329204954055,2.7909572983533354E-4,0.3304830136353131,0.45,0.4,0.2,0.5,65.0,95.0,75.0,0.55,0.4,0.1,0.6000000000000001,55.0,85.0,75.0,4403,4320,83,4403,0.01885078355666591,0.6145573602866592,1.0,0.6145573602866592,1549,0.35856481481481484,1.0,1
"iteration_5","SCOPE_DATA_COLLECTION",1100,48,2950.0,3010.0,2,6823,4572,1521,6938,4585,1452,6073,4044,1320,734,521,208,0.10783017482003819,0.11412924424972617,0.13612565445026178,0.36246669791522995,0.7128173525526654,1.1913220230138915,0.7249333958304599,0.7128173525526654,0.7942146820092609,0.313683517207311,0.413946587537092,0.43636363636363634,100.0,100.0,5006,3583,4327,32,1,1430,0.006392329204954055,2.7909572983533354E-4,0.3304830136353131,0.45,0.4,0.2,0.5,65.0,95.0,75.0,0.55,0.4,0.1,0.6000000000000001,55.0,85.0,75.0,1555,1517,38,1555,0.024437299035369776,1.097826389922119,1.5,0.7318842599480794,597,0.39353988134475937,1.0,1
"iteration_5","SCOPE_DATA_COLLECTION",1100,49,3010.0,3070.0,0,6792,4403,1555,6823,4572,1521,6684,4329,1503,110,83,38,0.01619075654989697,0.018812330009066184,0.02465931213497729,0.3054090558857075,0.6159541151936305,1.0913010322603163,0.610818111771415,0.6159541151936305,0.7275340215068775,0.25583482944344704,0.3585123585123585,0.39055222887558216,100.0,100.0,4944,4224,3582,26,4,201,0.0052588996763754045,9.46969696969697E-4,0.05611390284757119,0.55,0.4,0.1,0.6000000000000001,55.0,85.0,75.0,0.45,0.30000000000000004,0.1,0.5,45.0,85.0,65.0,6849,6028,821,6849,0.11987151408964812,0.36038307695469235,0.5,0.7207661539093847,1845,0.30607166556071663,1.0,1
"iteration_5","SCOPE_DATA_COLLECTION",1100,49,3010.0,3070.0,1,6792,4403,1555,6823,4572,1521,6684,4329,1503,110,83,38,0.01619075654989697,0.018812330009066184,0.02465931213497729,0.3054090558857075,0.6159541151936305,1.0913010322603163,0.610818111771415,0.6159541151936305,0.7275340215068775,0.25583482944344704,0.3585123585123585,0.39055222887558216,100.0,100.0,4944,4224,3582,26,4,201,0.0052588996763754045,9.46969696969697E-4,0.05611390284757119,0.55,0.4,0.1,0.6000000000000001,55.0,85.0,75.0,0.45,0.30000000000000004,0.1,0.5,45.0,85.0,65.0,4565,4036,529,4565,0.11588170865279299,0.6992178810371878,1.0,0.6992178810371878,1642,0.4068384539147671,1.0,1
"iteration_5","SCOPE_DATA_COLLECTION",1100,49,3010.0,3070.0,2,6792,4403,1555,6823,4572,1521,6684,4329,1503,110,83,38,0.01619075654989697,0.018812330009066184,0.02465931213497729,0.3054090558857075,0.6159541151936305,1.0913010322603163,0.610818111771415,0.6159541151936305,0.7275340215068775,0.25583482944344704,0.3585123585123585,0.39055222887558216,100.0,100.0,4944,4224,3582,26,4,201,0.0052588996763754045,9.46969696969697E-4,0.05611390284757119,0.55,0.4,0.1,0.6000000000000001,55.0,85.0,75.0,0.45,0.30000000000000004,0.1,0.5,45.0,85.0,65.0,1531,1311,220,1531,0.14369693011103854,1.2440131114113149,1.5,0.8293420742742099,607,0.4630053394355454,1.0,1
"iteration_5","SCOPE_DATA_COLLECTION",1100,50,3070.0,3130.0,0,6849,4565,1531,6792,4403,1555,6021,4009,1305,821,529,219,0.11999415375621163,0.11657117672983694,0.1437007874015748,0.3584125854101324,0.6968978198077351,1.2444491254852859,0.7168251708202648,0.6968978198077351,0.8296327503235239,0.3057631622654044,0.4055874282863557,0.46130268199233715,100.0,100.0,4950,3566,4429,19,3,1547,0.0038383838383838384,8.412787436904094E-4,0.34928877850530593,0.45,0.30000000000000004,0.1,0.5,45.0,85.0,65.0,0.30000000000000004,0.9,0.1,0.6000000000000001,20.0,25.0,25.0,6815,4263,2552,6815,0.37446808510638296,0.4399439432242532,0.5,0.8798878864485064,1902,0.44616467276565797,1.0,1
"iteration_5","SCOPE_DATA_COLLECTION",1100,50,3070.0,3130.0,1,6849,4565,1531,6792,4403,1555,6021,4009,1305,821,529,219,0.11999415375621163,0.11657117672983694,0.1437007874015748,0.3584125854101324,0.6968978198077351,1.2444491254852859,0.7168251708202648,0.6968978198077351,0.8296327503235239,0.3057631622654044,0.4055874282863557,0.46130268199233715,100.0,100.0,4950,3566,4429,19,3,1547,0.0038383838383838384,8.412787436904094E-4,0.34928877850530593,0.45,0.30000000000000004,0.1,0.5,45.0,85.0,65.0,0.30000000000000004,0.9,0.1,0.6000000000000001,20.0,25.0,25.0,4463,2823,1640,4463,0.3674658301590858,0.8316400611203238,1.0,0.8316400611203238,1555,0.5508324477506199,1.0,1
"iteration_5","SCOPE_DATA_COLLECTION",1100,50,3070.0,3130.0,2,6849,4565,1531,6792,4403,1555,6021,4009,1305,821,529,219,0.11999415375621163,0.11657117672983694,0.1437007874015748,0.3584125854101324,0.6968978198077351,1.2444491254852859,0.7168251708202648,0.6968978198077351,0.8296327503235239,0.3057631622654044,0.4055874282863557,0.46130268199233715,100.0,100.0,4950,3566,4429,19,3,1547,0.0038383838383838384,8.412787436904094E-4,0.34928877850530593,0.45,0.30000000000000004,0.1,0.5,45.0,85.0,65.0,0.30000000000000004,0.9,0.1,0.6000000000000001,20.0,25.0,25.0,1567,967,600,1567,0.3828972559029994,1.5369966088780793,1.5,1.0246644059187195,599,0.6194415718717684,1.0,1
"iteration_5","SCOPE_DATA_COLLECTION",1100,51,3130.0,3190.0,0,6815,4463,1567,6849,4565,1531,4284,2850,984,2552,1640,601,0.37331772966647164,0.36525612472160357,0.37917981072555207,0.44319785560531066,0.8312904685484419,1.5294161877362822,0.8863957112106213,0.8312904685484419,1.0196107918241881,0.4465452847805789,0.5487719298245614,0.6178861788617886,100.0,100.0,4911,2390,5544,37,0,4756,0.007534107106495622,0.0,0.8578643578643579,0.30000000000000004,0.9,0.1,0.6000000000000001,20.0,25.0,25.0,0.30000000000000004,0.9,0.1,0.6000000000000001,20.0,20.0,35.0,6808,4415,2393,6808,0.3514982373678026,0.49689138448444975,0.5,0.9937827689688995,2055,0.4654586636466591,1.0,1
"iteration_5","SCOPE_DATA_COLLECTION",1100,51,3130.0,3190.0,1,6815,4463,1567,6849,4565,1531,4284,2850,984,2552,1640,601,0.37331772966647164,0.36525612472160357,0.37917981072555207,0.44319785560531066,0.8312904685484419,1.5294161877362822,0.8863957112106213,0.8312904685484419,1.0196107918241881,0.4465452847805789,0.5487719298245614,0.6178861788617886,100.0,100.0,4911,2390,5544,37,0,4756,0.007534107106495622,0.0,0.8578643578643579,0.30000000000000004,0.9,0.1,0.6000000000000001,20.0,25.0,25.0,0.30000000000000004,0.9,0.1,0.6000000000000001,20.0,20.0,35.0,4617,2953,1664,4617,0.36040719081654754,0.8797364118310831,1.0,0.8797364118310831,1675,0.5672197764984761,1.0,1
"iteration_5","SCOPE_DATA_COLLECTION",1100,51,3130.0,3190.0,2,6815,4463,1567,6849,4565,1531,4284,2850,984,2552,1640,601,0.37331772966647164,0.36525612472160357,0.37917981072555207,0.44319785560531066,0.8312904685484419,1.5294161877362822,0.8863957112106213,0.8312904685484419,1.0196107918241881,0.4465452847805789,0.5487719298245614,0.6178861788617886,100.0,100.0,4911,2390,5544,37,0,4756,0.007534107106495622,0.0,0.8578643578643579,0.30000000000000004,0.9,0.1,0.6000000000000001,20.0,25.0,25.0,0.30000000000000004,0.9,0.1,0.6000000000000001,20.0,20.0,35.0,1505,952,553,1505,0.3674418604651163,1.5407785479002194,1.5,1.0271856986001462,568,0.5966386554621849,1.0,1
"iteration_5","SCOPE_DATA_COLLECTION",1100,52,3190.0,3250.0,0,6808,4617,1505,6815,4463,1567,4414,2959,954,2393,1664,553,0.35154987512854413,0.3599394332684404,0.3669542136695421,0.49668439540646275,0.8795658141365447,1.544377639042398,0.9933687908129255,0.8795658141365447,1.029585092694932,0.4651110104213865,0.5677593781683001,0.5974842767295597,100.0,100.0,4959,2426,5545,32,4,4574,0.006452913893930228,0.0016488046166529267,0.8248872858431019,0.30000000000000004,0.9,0.1,0.6000000000000001,20.0,20.0,35.0,0.30000000000000004,0.8,0.2,0.5,20.0,20.0,35.0,6811,4603,2208,6811,0.32418147114961093,0.4405174731013352,0.5,0.8810349462026704,2045,0.4442754725179231,1.0,1
"iteration_5","SCOPE_DATA_COLLECTION",1100,52,3190.0,3250.0,1,6808,4617,1505,6815,4463,1567,4414,2959,954,2393,1664,553,0.35154987512854413,0.3599394332684404,0.3669542136695421,0.49668439540646275,0.8795658141365447,1.544377639042398,0.9933687908129255,0.8795658141365447,1.029585092694932,0.4651110104213865,0.5677593781683001,0.5974842767295597,100.0,100.0,4959,2426,5545,32,4,4574,0.006452913893930228,0.0016488046166529267,0.8248872858431019,0.30000000000000004,0.9,0.1,0.6000000000000001,20.0,20.0,35.0,0.30000000000000004,0.8,0.2,0.5,20.0,20.0,35.0,4480,2956,1524,4480,0.34017857142857144,0.8532476531909166,1.0,0.8532476531909166,1580,0.5345060893098782,1.0,1
"iteration_5","SCOPE_DATA_COLLECTION",1100,52,3190.0,3250.0,2,6808,4617,1505,6815,4463,1567,4414,2959,954,2393,1664,553,0.35154987512854413,0.3599394332684404,0.3669542136695421,0.49668439540646275,0.8795658141365447,1.544377639042398,0.9933687908129255,0.8795658141365447,1.029585092694932,0.4651110104213865,0.5677593781683001,0.5974842767295597,100.0,100.0,4959,2426,5545,32,4,4574,0.006452913893930228,0.0016488046166529267,0.8248872858431019,0.30000000000000004,0.9,0.1,0.6000000000000001,20.0,20.0,35.0,0.30000000000000004,0.8,0.2,0.5,20.0,20.0,35.0,1589,1075,514,1589,0.3234738829452486,1.3721896687904924,1.5,0.9147931125269949,560,0.5209302325581395,1.0,1
"iteration_5","SCOPE_DATA_COLLECTION",1100,53,3250.0,3310.0,0,6811,4480,1589,6808,4617,1505,4590,2946,1079,2208,1524,514,0.324801412180053,0.3409395973154362,0.322661644695543,0.44021439324672546,0.8507066316186406,1.3742917053148351,0.8804287864934509,0.8507066316186406,0.9161944702098901,0.4440087145969499,0.5336048879837068,0.5227062094531975,100.0,100.0,4935,2448,5497,23,5,4218,0.004660587639311043,0.002042483660130719,0.7673276332545025,0.30000000000000004,0.8,0.2,0.5,20.0,20.0,35.0,0.55,0.7000000000000001,0.8,0.5,55.0,60.0,80.0,6987,6821,166,6987,0.023758408472878204,0.3271674958720923,0.5,0.6543349917441846,1954,0.28646825978595514,1.0,1
"iteration_5","SCOPE_DATA_COLLECTION",1100,53,3250.0,3310.0,1,6811,4480,1589,6808,4617,1505,4590,2946,1079,2208,1524,514,0.324801412180053,0.3409395973154362,0.322661644695543,0.44021439324672546,0.8507066316186406,1.3742917053148351,0.8804287864934509,0.8507066316186406,0.9161944702098901,0.4440087145969499,0.5336048879837068,0.5227062094531975,100.0,100.0,4935,2448,5497,23,5,4218,0.004660587639311043,0.002042483660130719,0.7673276332545025,0.30000000000000004,0.8,0.2,0.5,20.0,20.0,35.0,0.55,0.7000000000000001,0.8,0.5,55.0,60.0,80.0,4560,4434,126,4560,0.02763157894736842,0.6736797661220482,1.0,0.6736797661220482,1632,0.3680649526387009,1.0,1
"iteration_5","SCOPE_DATA_COLLECTION",1100,53,3250.0,3310.0,2,6811,4480,1589,6808,4617,1505,4590,2946,1079,2208,1524,514,0.324801412180053,0.3409395973154362,0.322661644695543,0.44021439324672546,0.8507066316186406,1.3742917053148351,0.8804287864934509,0.8507066316186406,0.9161944702098901,0.4440087145969499,0.5336048879837068,0.5227062094531975,100.0,100.0,4935,2448,5497,23,5,4218,0.004660587639311043,0.002042483660130719,0.7673276332545025,0.30000000000000004,0.8,0.2,0.5,20.0,20.0,35.0,0.55,0.7000000000000001,0.8,0.5,55.0,60.0,80.0,1548,1496,52,1548,0.03359173126614987,1.1345923922282428,1.5,0.7563949281521619,614,0.410427807486631,1.0,1
"iteration_5","SCOPE_DATA_COLLECTION",1100,54,3310.0,3370.0,0,6987,4560,1548,6811,4480,1589,6827,4423,1488,166,126,52,0.023738023738023736,0.027698395251703672,0.033766233766233764,0.32791346663978216,0.6739248744810586,1.1305770254504321,0.6558269332795643,0.6739248744810586,0.7537180169669547,0.2881206972315805,0.36875423920416006,0.40860215053763443,100.0,100.0,5059,4501,3535,75,6,263,0.014825064241945048,0.0013330371028660297,0.0743988684582744,0.55,0.7000000000000001,0.8,0.5,55.0,60.0,80.0,0.5,0.30000000000000004,0.6000000000000001,0.5,55.0,65.0,75.0,6850,6646,204,6850,0.02978102189781022,0.3364728808528261,0.5,0.6729457617056522,1761,0.2649714113752633,1.0,1
"iteration_5","SCOPE_DATA_COLLECTION",1100,54,3310.0,3370.0,1,6987,4560,1548,6811,4480,1589,6827,4423,1488,166,126,52,0.023738023738023736,0.027698395251703672,0.033766233766233764,0.32791346663978216,0.6739248744810586,1.1305770254504321,0.6558269332795643,0.6739248744810586,0.7537180169669547,0.2881206972315805,0.36875423920416006,0.40860215053763443,100.0,100.0,5059,4501,3535,75,6,263,0.014825064241945048,0.0013330371028660297,0.0743988684582744,0.55,0.7000000000000001,0.8,0.5,55.0,60.0,80.0,0.5,0.30000000000000004,0.6000000000000001,0.5,55.0,65.0,75.0,4447,4277,170,4447,0.038228018889138744,0.7040308450063121,1.0,0.7040308450063121,1711,0.4000467617488894,1.0,1
"iteration_5","SCOPE_DATA_COLLECTION",1100,54,3310.0,3370.0,2,6987,4560,1548,6811,4480,1589,6827,4423,1488,166,126,52,0.023738023738023736,0.027698395251703672,0.033766233766233764,0.32791346663978216,0.6739248744810586,1.1305770254504321,0.6558269332795643,0.6739248744810586,0.7537180169669547,0.2881206972315805,0.36875423920416006,0.40860215053763443,100.0,100.0,5059,4501,3535,75,6,263,0.014825064241945048,0.0013330371028660297,0.0743988684582744,0.55,0.7000000000000001,0.8,0.5,55.0,60.0,80.0,0.5,0.30000000000000004,0.6000000000000001,0.5,55.0,65.0,75.0,1469,1412,57,1469,0.03880190605854323,1.1476059167646095,1.5,0.7650706111764064,572,0.40509915014164305,1.0,1
"iteration_5","SCOPE_DATA_COLLECTION",1100,55,3370.0,3430.0,0,6850,4447,1469,6987,4560,1548,6645,4277,1410,204,170,57,0.029785370127025843,0.038228018889138744,0.03885480572597137,0.33199226114891855,0.7022269368853387,1.1444301343475085,0.6639845222978371,0.7022269368853387,0.762953422898339,0.2632054176072235,0.39887771802665417,0.40354609929078017,95.0,100.0,5158,3764,3844,65,1,365,0.01260178363706863,2.6567481402763017E-4,0.0949531737773153,0.5,0.30000000000000004,0.6000000000000001,0.5,55.0,65.0,75.0,0.5,0.30000000000000004,0.6000000000000001,0.5,55.0,65.0,75.0,6927,6670,257,6927,0.03710119820990328,0.3170884039060973,0.5,0.6341768078121947,1688,0.25307346326836583,1.0,1
"iteration_5","SCOPE_DATA_COLLECTION",1100,55,3370.0,3430.0,1,6850,4447,1469,6987,4560,1548,6645,4277,1410,204,170,57,0.029785370127025843,0.038228018889138744,0.03885480572597137,0.33199226114891855,0.7022269368853387,1.1444301343475085,0.6639845222978371,0.7022269368853387,0.762953422898339,0.2632054176072235,0.39887771802665417,0.40354609929078017,95.0,100.0,5158,3764,3844,65,1,365,0.01260178363706863,2.6567481402763017E-4,0.0949531737773153,0.5,0.30000000000000004,0.6000000000000001,0.5,55.0,65.0,75.0,0.5,0.30000000000000004,0.6000000000000001,0.5,55.0,65.0,75.0,4515,4335,180,4515,0.03986710963455149,0.6916656201003822,1.0,0.6916656201003822,1689,0.38961937716262973,1.0,1
"iteration_5","SCOPE_DATA_COLLECTION",1100,55,3370.0,3430.0,2,6850,4447,1469,6987,4560,1548,6645,4277,1410,204,170,57,0.029785370127025843,0.038228018889138744,0.03885480572597137,0.33199226114891855,0.7022269368853387,1.1444301343475085,0.6639845222978371,0.7022269368853387,0.762953422898339,0.2632054176072235,0.39887771802665417,0.40354609929078017,95.0,100.0,5158,3764,3844,65,1,365,0.01260178363706863,2.6567481402763017E-4,0.0949531737773153,0.5,0.30000000000000004,0.6000000000000001,0.5,55.0,65.0,75.0,0.5,0.30000000000000004,0.6000000000000001,0.5,55.0,65.0,75.0,1576,1474,102,1576,0.06472081218274112,1.1059428334888968,1.5,0.7372952223259311,580,0.39348710990502034,1.0,1
"iteration_5","SCOPE_DATA_COLLECTION",1100,56,3430.0,3490.0,0,6927,4515,1576,6850,4447,1469,6670,4340,1487,256,180,99,0.03696217152757725,0.03982300884955752,0.06242118537200504,0.3215342042921541,0.6933207296284243,1.1171404442712964,0.6430684085843082,0.6933207296284243,0.7447602961808643,0.2545727136431784,0.3900921658986175,0.39878950907868194,97.5,100.0,5110,3987,3921,59,3,473,0.011545988258317026,7.524454477050414E-4,0.12063249171129814,0.5,0.30000000000000004,0.6000000000000001,0.5,55.0,65.0,75.0,0.5,0.30000000000000004,0.6000000000000001,0.5,55.0,65.0,75.0,6773,6629,144,6773,0.02126088882326886,0.33412652463514814,0.5,0.6682530492702963,1719,0.25931513048725296,1.0,1
"iteration_5","SCOPE_DATA_COLLECTION",1100,56,3430.0,3490.0,1,6927,4515,1576,6850,4447,1469,6670,4340,1487,256,180,99,0.03696217152757725,0.03982300884955752,0.06242118537200504,0.3215342042921541,0.6933207296284243,1.1171404442712964,0.6430684085843082,0.6933207296284243,0.7447602961808643,0.2545727136431784,0.3900921658986175,0.39878950907868194,97.5,100.0,5110,3987,3921,59,3,473,0.011545988258317026,7.524454477050414E-4,0.12063249171129814,0.5,0.30000000000000004,0.6000000000000001,0.5,55.0,65.0,75.0,0.5,0.30000000000000004,0.6000000000000001,0.5,55.0,65.0,75.0,4576,4435,141,4576,0.030812937062937064,0.7017666237845318,1.0,0.7017666237845318,1729,0.3898534385569335,1.0,1
"iteration_5","SCOPE_DATA_COLLECTION",1100,56,3430.0,3490.0,2,6927,4515,1576,6850,4447,1469,6670,4340,1487,256,180,99,0.03696217152757725,0.03982300884955752,0.06242118537200504,0.3215342042921541,0.6933207296284243,1.1171404442712964,0.6430684085843082,0.6933207296284243,0.7447602961808643,0.2545727136431784,0.3900921658986175,0.39878950907868194,97.5,100.0,5110,3987,3921,59,3,473,0.011545988258317026,7.524454477050414E-4,0.12063249171129814,0.5,0.30000000000000004,0.6000000000000001,0.5,55.0,65.0,75.0,0.5,0.30000000000000004,0.6000000000000001,0.5,55.0,65.0,75.0,1431,1385,46,1431,0.03214535290006988,1.1555167850518677,1.5,0.7703445233679118,562,0.40577617328519855,1.0,1
"iteration_5","SCOPE_DATA_COLLECTION",1100,57,3490.0,3550.0,0,6773,4576,1431,6927,4515,1576,6636,4431,1378,145,141,49,0.02138327680283144,0.03083989501312336,0.03433777154870357,0.3340018810485775,0.7024574099303753,1.1537008693971937,0.668003762097155,0.7024574099303753,0.7691339129314625,0.2585895117540687,0.38952832317761227,0.4042089985486212,95.0,100.0,5122,3804,3854,41,4,290,0.008004685669660288,0.0010515247108307045,0.07524649714582252,0.5,0.30000000000000004,0.6000000000000001,0.5,55.0,65.0,75.0,0.4,0.2,0.7000000000000001,0.4,65.0,55.0,85.0,6957,5735,1222,6957,0.1756504240333477,0.3671824820104919,0.5,0.7343649640209838,1829,0.31891891891891894,1.0,1
"iteration_5","SCOPE_DATA_COLLECTION",1100,57,3490.0,3550.0,1,6773,4576,1431,6927,4515,1576,6636,4431,1378,145,141,49,0.02138327680283144,0.03083989501312336,0.03433777154870357,0.3340018810485775,0.7024574099303753,1.1537008693971937,0.668003762097155,0.7024574099303753,0.7691339129314625,0.2585895117540687,0.38952832317761227,0.4042089985486212,95.0,100.0,5122,3804,3854,41,4,290,0.008004685669660288,0.0010515247108307045,0.07524649714582252,0.5,0.30000000000000004,0.6000000000000001,0.5,55.0,65.0,75.0,0.4,0.2,0.7000000000000001,0.4,65.0,55.0,85.0,4561,3738,823,4561,0.180442885332164,0.7919827612393228,1.0,0.7919827612393228,1716,0.4590690208667737,1.0,1
"iteration_5","SCOPE_DATA_COLLECTION",1100,57,3490.0,3550.0,2,6773,4576,1431,6927,4515,1576,6636,4431,1378,145,141,49,0.02138327680283144,0.03083989501312336,0.03433777154870357,0.3340018810485775,0.7024574099303753,1.1537008693971937,0.668003762097155,0.7024574099303753,0.7691339129314625,0.2585895117540687,0.38952832317761227,0.4042089985486212,95.0,100.0,5122,3804,3854,41,4,290,0.008004685669660288,0.0010515247108307045,0.07524649714582252,0.5,0.30000000000000004,0.6000000000000001,0.5,55.0,65.0,75.0,0.4,0.2,0.7000000000000001,0.4,65.0,55.0,85.0,1547,1263,284,1547,0.18358112475759533,1.2826424569833437,1.5,0.8550949713222291,607,0.4806017418844022,1.0,1
"iteration_5","SCOPE_DATA_COLLECTION",1100,58,3550.0,3617.6202611099056,0,6957,4561,1547,6773,4576,1431,5717,3728,1252,1222,823,283,0.1761060671566508,0.18083937596132718,0.18436482084690553,0.36657266220739526,0.7937398238574523,1.2856199462156301,0.7331453244147905,0.7937398238574523,0.8570799641437534,0.3181738674129788,0.4619098712446352,0.48322683706070285,100.0,100.0,5073,3181,4811,76,4,2248,0.0149812734082397,0.0012574662055957245,0.4672625233839119,0.4,0.2,0.7000000000000001,0.4,65.0,55.0,85.0,0.30000000000000004,0.30000000000000004,0.8,0.4,75.0,45.0,95.0,5744,3663,2051,5714,0.35894294714735736,0.5240017084693284,0.5,1.0480034169386567,1638,0.44717444717444715,0.9947771587743732,0
"iteration_5","SCOPE_DATA_COLLECTION",1100,58,3550.0,3617.6202611099056,1,6957,4561,1547,6773,4576,1431,5717,3728,1252,1222,823,283,0.1761060671566508,0.18083937596132718,0.18436482084690553,0.36657266220739526,0.7937398238574523,1.2856199462156301,0.7331453244147905,0.7937398238574523,0.8570799641437534,0.3181738674129788,0.4619098712446352,0.48322683706070285,100.0,100.0,5073,3181,4811,76,4,2248,0.0149812734082397,0.0012574662055957245,0.4672625233839119,0.4,0.2,0.7000000000000001,0.4,65.0,55.0,85.0,0.30000000000000004,0.30000000000000004,0.8,0.4,75.0,45.0,95.0,3857,2482,1336,3818,0.3499214248297538,1.0167735021859308,1.0,1.0167735021859308,1506,0.6067687348912167,0.9898885143894218,0
"iteration_5","SCOPE_DATA_COLLECTION",1100,58,3550.0,3617.6202611099056,2,6957,4561,1547,6773,4576,1431,5717,3728,1252,1222,823,283,0.1761060671566508,0.18083937596132718,0.18436482084690553,0.36657266220739526,0.7937398238574523,1.2856199462156301,0.7331453244147905,0.7937398238574523,0.8570799641437534,0.3181738674129788,0.4619098712446352,0.48322683706070285,100.0,100.0,5073,3181,4811,76,4,2248,0.0149812734082397,0.0012574662055957245,0.4672625233839119,0.4,0.2,0.7000000000000001,0.4,65.0,55.0,85.0,0.30000000000000004,0.30000000000000004,0.8,0.4,75.0,45.0,95.0,1209,730,458,1188,0.38552188552188554,1.5587826848415098,1.5,1.0391884565610066,459,0.6287671232876713,0.9826302729528535,0
"iteration_5","SCOPE_DATA_COLLECTION",1200,0,70.0,130.0,0,7115,4705,1406,0,0,0,6983,4590,1317,99,67,56,0.01397910194860209,0.01438694438479708,0.04078659868900218,0.3117361265843644,0.6522650131933406,1.0408173093788027,0.6234722531687288,0.6522650131933406,0.6938782062525352,0.25862809680653015,0.36056644880174293,0.36294608959757024,100.0,100.0,5071,4914,3241,51,4,167,0.010057187931374483,8.14000814000814E-4,0.05152730638691762,0.6,0.5,0.7,0.4,85.0,80.0,90.0,0.4,0.30000000000000004,0.1,0.1,85.0,75.0,60.0,7522,5954,1568,7522,0.20845519808561552,0.3732263468136966,0.5,0.7464526936273932,1917,0.32196842458851194,1.0,1
"iteration_5","SCOPE_DATA_COLLECTION",1200,0,70.0,130.0,1,7115,4705,1406,0,0,0,6983,4590,1317,99,67,56,0.01397910194860209,0.01438694438479708,0.04078659868900218,0.3117361265843644,0.6522650131933406,1.0408173093788027,0.6234722531687288,0.6522650131933406,0.6938782062525352,0.25862809680653015,0.36056644880174293,0.36294608959757024,100.0,100.0,5071,4914,3241,51,4,167,0.010057187931374483,8.14000814000814E-4,0.05152730638691762,0.6,0.5,0.7,0.4,85.0,80.0,90.0,0.4,0.30000000000000004,0.1,0.1,85.0,75.0,60.0,5175,4120,1055,5175,0.2038647342995169,0.7405458813043521,1.0,0.7405458813043521,1801,0.43713592233009707,1.0,1
"iteration_5","SCOPE_DATA_COLLECTION",1200,0,70.0,130.0,2,7115,4705,1406,0,0,0,6983,4590,1317,99,67,56,0.01397910194860209,0.01438694438479708,0.04078659868900218,0.3117361265843644,0.6522650131933406,1.0408173093788027,0.6234722531687288,0.6522650131933406,0.6938782062525352,0.25862809680653015,0.36056644880174293,0.36294608959757024,100.0,100.0,5071,4914,3241,51,4,167,0.010057187931374483,8.14000814000814E-4,0.05152730638691762,0.6,0.5,0.7,0.4,85.0,80.0,90.0,0.4,0.30000000000000004,0.1,0.1,85.0,75.0,60.0,1540,1211,329,1540,0.21363636363636362,1.2032109876601362,1.5,0.8021406584400909,535,0.44178364987613544,1.0,1
"iteration_5","SCOPE_DATA_COLLECTION",1200,1,130.0,190.0,0,7522,5175,1540,7115,4705,1406,5953,4125,1223,1569,1055,329,0.20858814145174157,0.20366795366795368,0.21198453608247422,0.37331805782298294,0.7404184100755778,1.2158533534517153,0.7466361156459659,0.7404184100755778,0.8105689023011435,0.32151856206954477,0.43612121212121213,0.44807849550286183,100.0,100.0,5134,3640,5463,12,3,2938,0.002337358784573432,8.241758241758242E-4,0.537799743730551,0.4,0.30000000000000004,0.1,0.1,85.0,75.0,60.0,0.4,0.30000000000000004,0.1,0.1,85.0,75.0,60.0,7442,5799,1643,7442,0.2207739854877721,0.39105473837042243,0.5,0.7821094767408449,1894,0.32660803586825315,1.0,1
"iteration_5","SCOPE_DATA_COLLECTION",1200,1,130.0,190.0,1,7522,5175,1540,7115,4705,1406,5953,4125,1223,1569,1055,329,0.20858814145174157,0.20366795366795368,0.21198453608247422,0.37331805782298294,0.7404184100755778,1.2158533534517153,0.7466361156459659,0.7404184100755778,0.8105689023011435,0.32151856206954477,0.43612121212121213,0.44807849550286183,100.0,100.0,5134,3640,5463,12,3,2938,0.002337358784573432,8.241758241758242E-4,0.537799743730551,0.4,0.30000000000000004,0.1,0.1,85.0,75.0,60.0,0.4,0.30000000000000004,0.1,0.1,85.0,75.0,60.0,5144,4002,1142,5144,0.22200622083981336,0.7466608232745826,1.0,0.7466608232745826,1791,0.44752623688155924,1.0,1
"iteration_5","SCOPE_DATA_COLLECTION",1200,1,130.0,190.0,2,7522,5175,1540,7115,4705,1406,5953,4125,1223,1569,1055,329,0.20858814145174157,0.20366795366795368,0.21198453608247422,0.37331805782298294,0.7404184100755778,1.2158533534517153,0.7466361156459659,0.7404184100755778,0.8105689023011435,0.32151856206954477,0.43612121212121213,0.44807849550286183,100.0,100.0,5134,3640,5463,12,3,2938,0.002337358784573432,8.241758241758242E-4,0.537799743730551,0.4,0.30000000000000004,0.1,0.1,85.0,75.0,60.0,0.4,0.30000000000000004,0.1,0.1,85.0,75.0,60.0,1583,1233,350,1583,0.22109917877447885,1.2359906160620426,1.5,0.8239937440413617,578,0.46877534468775345,1.0,1
"iteration_5","SCOPE_DATA_COLLECTION",1200,2,190.0,250.0,0,7442,5144,1583,7522,5175,1540,5800,3999,1234,1643,1142,350,0.22074432352546017,0.22213577125072942,0.22095959595959597,0.3913094023007493,0.7463065921755507,1.2392388794207856,0.7826188046014986,0.7463065921755507,0.8261592529471904,0.32741379310344826,0.447361840460115,0.4692058346839546,100.0,100.0,5058,3675,5436,10,4,3121,0.0019770660340055358,0.0010884353741496598,0.5741353936718175,0.4,0.30000000000000004,0.1,0.1,85.0,75.0,60.0,0.30000000000000004,0.4,0.1,0.2,85.0,75.0,60.0,7690,4301,3389,7690,0.440702210663199,0.4264369140877761,0.5,0.8528738281755522,1873,0.4354801209021158,1.0,1
"iteration_5","SCOPE_DATA_COLLECTION",1200,2,190.0,250.0,1,7442,5144,1583,7522,5175,1540,5800,3999,1234,1643,1142,350,0.22074432352546017,0.22213577125072942,0.22095959595959597,0.3913094023007493,0.7463065921755507,1.2392388794207856,0.7826188046014986,0.7463065921755507,0.8261592529471904,0.32741379310344826,0.447361840460115,0.4692058346839546,100.0,100.0,5058,3675,5436,10,4,3121,0.0019770660340055358,0.0010884353741496598,0.5741353936718175,0.4,0.30000000000000004,0.1,0.1,85.0,75.0,60.0,0.30000000000000004,0.4,0.1,0.2,85.0,75.0,60.0,5212,2945,2267,5212,0.43495778971603993,0.8732746906012779,1.0,0.8732746906012779,1742,0.5915110356536503,1.0,1
"iteration_5","SCOPE_DATA_COLLECTION",1200,2,190.0,250.0,2,7442,5144,1583,7522,5175,1540,5800,3999,1234,1643,1142,350,0.22074432352546017,0.22213577125072942,0.22095959595959597,0.3913094023007493,0.7463065921755507,1.2392388794207856,0.7826188046014986,0.7463065921755507,0.8261592529471904,0.32741379310344826,0.447361840460115,0.4692058346839546,100.0,100.0,5058,3675,5436,10,4,3121,0.0019770660340055358,0.0010884353741496598,0.5741353936718175,0.4,0.30000000000000004,0.1,0.1,85.0,75.0,60.0,0.30000000000000004,0.4,0.1,0.2,85.0,75.0,60.0,1553,883,670,1553,0.43142305215711524,1.5152049142873496,1.5,1.0101366095248998,549,0.6217440543601359,1.0,1
"iteration_5","SCOPE_DATA_COLLECTION",1200,3,250.0,310.0,0,7690,5212,1553,7442,5144,1583,4296,2943,875,3389,2267,670,0.4409889394925179,0.4351247600767754,0.4336569579288026,0.4276738785241725,0.8778141348620233,1.5101662256512702,0.855347757048345,0.8778141348620233,1.0067774837675134,0.4371508379888268,0.5949711179068977,0.6205714285714286,100.0,100.0,5163,2856,6436,17,2,6307,0.0032926593066046872,7.002801120448179E-4,0.9799564947172157,0.30000000000000004,0.4,0.1,0.2,85.0,75.0,60.0,0.35000000000000003,0.9,0.8,0.1,60.0,50.0,85.0,7609,4553,3056,7609,0.4016296490997503,0.46263162172599215,0.5,0.9252632434519843,2123,0.46628596529760596,1.0,1
"iteration_5","SCOPE_DATA_COLLECTION",1200,3,250.0,310.0,1,7690,5212,1553,7442,5144,1583,4296,2943,875,3389,2267,670,0.4409889394925179,0.4351247600767754,0.4336569579288026,0.4276738785241725,0.8778141348620233,1.5101662256512702,0.855347757048345,0.8778141348620233,1.0067774837675134,0.4371508379888268,0.5949711179068977,0.6205714285714286,100.0,100.0,5163,2856,6436,17,2,6307,0.0032926593066046872,7.002801120448179E-4,0.9799564947172157,0.30000000000000004,0.4,0.1,0.2,85.0,75.0,60.0,0.35000000000000003,0.9,0.8,0.1,60.0,50.0,85.0,5095,3031,2064,5095,0.40510304219823356,0.9526148933474944,1.0,0.9526148933474944,1770,0.5839656878917849,1.0,1
"iteration_5","SCOPE_DATA_COLLECTION",1200,3,250.0,310.0,2,7690,5212,1553,7442,5144,1583,4296,2943,875,3389,2267,670,0.4409889394925179,0.4351247600767754,0.4336569579288026,0.4276738785241725,0.8778141348620233,1.5101662256512702,0.855347757048345,0.8778141348620233,1.0067774837675134,0.4371508379888268,0.5949711179068977,0.6205714285714286,100.0,100.0,5163,2856,6436,17,2,6307,0.0032926593066046872,7.002801120448179E-4,0.9799564947172157,0.30000000000000004,0.4,0.1,0.2,85.0,75.0,60.0,0.35000000000000003,0.9,0.8,0.1,60.0,50.0,85.0,1587,944,643,1587,0.40516698172652804,1.4571637669188569,1.5,0.9714425112792379,567,0.600635593220339,1.0,1
"iteration_5","SCOPE_DATA_COLLECTION",1200,4,310.0,370.0,0,7609,5095,1587,7690,5212,1553,4556,3034,941,3056,2063,643,0.40147136100893327,0.4047478909162252,0.4059343434343434,0.460003311023278,0.9466173613482907,1.4416912229991072,0.920006622046556,0.9466173613482907,0.9611274819994048,0.4629060579455663,0.5823994726433751,0.5929861849096706,100.0,100.0,5186,3213,5892,35,1,5726,0.00674893945237177,3.112356053532524E-4,0.971826205023761,0.35000000000000003,0.9,0.8,0.1,60.0,50.0,85.0,0.35000000000000003,0.9,0.8,0.1,60.0,50.0,85.0,7602,4554,3048,7602,0.40094711917916337,0.4695589822441377,0.5,0.9391179644882754,2143,0.4705753184014054,1.0,1
"iteration_5","SCOPE_DATA_COLLECTION",1200,4,310.0,370.0,1,7609,5095,1587,7690,5212,1553,4556,3034,941,3056,2063,643,0.40147136100893327,0.4047478909162252,0.4059343434343434,0.460003311023278,0.9466173613482907,1.4416912229991072,0.920006622046556,0.9466173613482907,0.9611274819994048,0.4629060579455663,0.5823994726433751,0.5929861849096706,100.0,100.0,5186,3213,5892,35,1,5726,0.00674893945237177,3.112356053532524E-4,0.971826205023761,0.35000000000000003,0.9,0.8,0.1,60.0,50.0,85.0,0.35000000000000003,0.9,0.8,0.1,60.0,50.0,85.0,5270,3007,2263,5270,0.4294117647058823,0.9584427181810415,1.0,0.9584427181810415,1759,0.5849684070502161,1.0,1
"iteration_5","SCOPE_DATA_COLLECTION",1200,4,310.0,370.0,2,7609,5095,1587,7690,5212,1553,4556,3034,941,3056,2063,643,0.40147136100893327,0.4047478909162252,0.4059343434343434,0.460003311023278,0.9466173613482907,1.4416912229991072,0.920006622046556,0.9466173613482907,0.9611274819994048,0.4629060579455663,0.5823994726433751,0.5929861849096706,100.0,100.0,5186,3213,5892,35,1,5726,0.00674893945237177,3.112356053532524E-4,0.971826205023761,0.35000000000000003,0.9,0.8,0.1,60.0,50.0,85.0,0.35000000000000003,0.9,0.8,0.1,60.0,50.0,85.0,1466,875,591,1466,0.40313778990450205,1.5307667273149062,1.5,1.0205111515432708,555,0.6342857142857142,1.0,1
"iteration_5","SCOPE_DATA_COLLECTION",1200,5,370.0,430.0,0,7602,5270,1466,7609,5095,1587,4548,3002,889,3044,2253,587,0.40094836670179135,0.4287345385347288,0.3976964769647697,0.47047508365038404,0.9574235555294328,1.5470015545388562,0.9409501673007681,0.9574235555294328,1.0313343696925708,0.470976253298153,0.5826115922718188,0.641169853768279,100.0,100.0,5163,3167,6008,36,3,5845,0.006972690296339338,9.47268708556994E-4,0.9728695073235686,0.35000000000000003,0.9,0.8,0.1,60.0,50.0,85.0,0.25,0.9,0.7000000000000001,0.2,70.0,50.0,85.0,7818,4081,3737,7818,0.4779994883601944,0.5142447879715735,0.5,1.028489575943147,2240,0.548885077186964,1.0,1
"iteration_5","SCOPE_DATA_COLLECTION",1200,5,370.0,430.0,1,7602,5270,1466,7609,5095,1587,4548,3002,889,3044,2253,587,0.40094836670179135,0.4287345385347288,0.3976964769647697,0.47047508365038404,0.9574235555294328,1.5470015545388562,0.9409501673007681,0.9574235555294328,1.0313343696925708,0.470976253298153,0.5826115922718188,0.641169853768279,100.0,100.0,5163,3167,6008,36,3,5845,0.006972690296339338,9.47268708556994E-4,0.9728695073235686,0.35000000000000003,0.9,0.8,0.1,60.0,50.0,85.0,0.25,0.9,0.7000000000000001,0.2,70.0,50.0,85.0,5222,2626,2596,5222,0.49712753734201454,1.0318423384906679,1.0,1.0318423384906679,1715,0.6530845392231531,1.0,1
"iteration_5","SCOPE_DATA_COLLECTION",1200,5,370.0,430.0,2,7602,5270,1466,7609,5095,1587,4548,3002,889,3044,2253,587,0.40094836670179135,0.4287345385347288,0.3976964769647697,0.47047508365038404,0.9574235555294328,1.5470015545388562,0.9409501673007681,0.9574235555294328,1.0313343696925708,0.470976253298153,0.5826115922718188,0.641169853768279,100.0,100.0,5163,3167,6008,36,3,5845,0.006972690296339338,9.47268708556994E-4,0.9728695073235686,0.35000000000000003,0.9,0.8,0.1,60.0,50.0,85.0,0.25,0.9,0.7000000000000001,0.2,70.0,50.0,85.0,1621,817,804,1621,0.4959901295496607,1.6854818334029489,1.5,1.123654555601966,578,0.7074663402692778,1.0,1
"iteration_5","SCOPE_DATA_COLLECTION",1200,6,430.0,490.0,0,7818,5222,1621,7602,5270,1466,4097,2633,812,3741,2607,808,0.4772901250318959,0.49751908396946565,0.49876543209876545,0.5132041437958974,1.034792788924728,1.6793693704634685,1.0264082875917948,1.034792788924728,1.119579580308979,0.5484500854283623,0.6543866312191416,0.7044334975369458,100.0,100.0,5275,2308,7078,57,2,7097,0.01080568720379147,8.665511265164644E-4,1.0026843741169822,0.25,0.9,0.7000000000000001,0.2,70.0,50.0,85.0,0.25,0.9,0.8,0.1,70.0,60.0,85.0,7611,3909,3702,7611,0.48640126133228223,0.5026809305000826,0.5,1.0053618610001651,2082,0.5326170376055257,1.0,1
"iteration_5","SCOPE_DATA_COLLECTION",1200,6,430.0,490.0,1,7818,5222,1621,7602,5270,1466,4097,2633,812,3741,2607,808,0.4772901250318959,0.49751908396946565,0.49876543209876545,0.5132041437958974,1.034792788924728,1.6793693704634685,1.0264082875917948,1.034792788924728,1.119579580308979,0.5484500854283623,0.6543866312191416,0.7044334975369458,100.0,100.0,5275,2308,7078,57,2,7097,0.01080568720379147,8.665511265164644E-4,1.0026843741169822,0.25,0.9,0.7000000000000001,0.2,70.0,50.0,85.0,0.25,0.9,0.8,0.1,70.0,60.0,85.0,5320,2720,2600,5320,0.48872180451127817,1.0470151197395778,1.0,1.0470151197395778,1823,0.6702205882352941,1.0,1
"iteration_5","SCOPE_DATA_COLLECTION",1200,6,430.0,490.0,2,7818,5222,1621,7602,5270,1466,4097,2633,812,3741,2607,808,0.4772901250318959,0.49751908396946565,0.49876543209876545,0.5132041437958974,1.034792788924728,1.6793693704634685,1.0264082875917948,1.034792788924728,1.119579580308979,0.5484500854283623,0.6543866312191416,0.7044334975369458,100.0,100.0,5275,2308,7078,57,2,7097,0.01080568720379147,8.665511265164644E-4,1.0026843741169822,0.25,0.9,0.7000000000000001,0.2,70.0,50.0,85.0,0.25,0.9,0.8,0.1,70.0,60.0,85.0,1535,771,764,1535,0.4977198697068404,1.6348971180958758,1.5,1.0899314120639172,535,0.6939040207522698,1.0,1
"iteration_5","SCOPE_DATA_COLLECTION",1200,7,490.0,550.0,0,7611,5320,1535,7818,5222,1621,3904,2724,775,3702,2600,764,0.4867210097291612,0.4883546205860255,0.4964262508122157,0.5032995438770871,1.047223698684389,1.6347579600227435,1.0065990877541742,1.047223698684389,1.0898386400151623,0.532530737704918,0.669970631424376,0.6954838709677419,100.0,100.0,5190,2242,7034,32,0,7034,0.006165703275529865,0.0,1.0,0.25,0.9,0.8,0.1,70.0,60.0,85.0,0.15000000000000002,0.9,0.7000000000000001,0.2,80.0,60.0,75.0,7573,3533,4040,7573,0.5334741846031955,0.5512153233523249,0.5,1.1024306467046499,2036,0.5762807812057741,1.0,1
"iteration_5","SCOPE_DATA_COLLECTION",1200,7,490.0,550.0,1,7611,5320,1535,7818,5222,1621,3904,2724,775,3702,2600,764,0.4867210097291612,0.4883546205860255,0.4964262508122157,0.5032995438770871,1.047223698684389,1.6347579600227435,1.0065990877541742,1.047223698684389,1.0898386400151623,0.532530737704918,0.669970631424376,0.6954838709677419,100.0,100.0,5190,2242,7034,32,0,7034,0.006165703275529865,0.0,1.0,0.25,0.9,0.8,0.1,70.0,60.0,85.0,0.15000000000000002,0.9,0.7000000000000001,0.2,80.0,60.0,75.0,5161,2387,2774,5161,0.5374927339662856,1.1481658700813184,1.0,1.1481658700813184,1782,0.7465437788018433,1.0,1
"iteration_5","SCOPE_DATA_COLLECTION",1200,7,490.0,550.0,2,7611,5320,1535,7818,5222,1621,3904,2724,775,3702,2600,764,0.4867210097291612,0.4883546205860255,0.4964262508122157,0.5032995438770871,1.047223698684389,1.6347579600227435,1.0065990877541742,1.047223698684389,1.0898386400151623,0.532530737704918,0.669970631424376,0.6954838709677419,100.0,100.0,5190,2242,7034,32,0,7034,0.006165703275529865,0.0,1.0,0.25,0.9,0.8,0.1,70.0,60.0,85.0,0.15000000000000002,0.9,0.7000000000000001,0.2,80.0,60.0,75.0,1541,698,843,1541,0.5470473718364698,1.7204887966966276,1.5,1.1469925311310851,516,0.7392550143266475,1.0,1
"iteration_5","SCOPE_DATA_COLLECTION",1200,8,550.0,610.0,0,7573,5161,1541,7611,5320,1535,3519,2384,695,4040,2774,843,0.5344622304537637,0.5378053509112058,0.548114434330299,0.5500842701271437,1.147937552306067,1.7220394217343244,1.1001685402542873,1.147937552306067,1.1480262811562163,0.5763000852514919,0.7462248322147651,0.739568345323741,100.0,100.0,5280,1378,7617,40,0,7617,0.007575757575757576,0.0,1.0,0.15000000000000002,0.9,0.7000000000000001,0.2,80.0,60.0,75.0,0.25,0.8,0.6000000000000001,0.30000000000000004,80.0,50.0,65.0,7558,3999,3559,7558,0.4708917703096057,0.48446233486616186,0.5,0.9689246697323237,2027,0.5068767191797949,1.0,1
"iteration_5","SCOPE_DATA_COLLECTION",1200,8,550.0,610.0,1,7573,5161,1541,7611,5320,1535,3519,2384,695,4040,2774,843,0.5344622304537637,0.5378053509112058,0.548114434330299,0.5500842701271437,1.147937552306067,1.7220394217343244,1.1001685402542873,1.147937552306067,1.1480262811562163,0.5763000852514919,0.7462248322147651,0.739568345323741,100.0,100.0,5280,1378,7617,40,0,7617,0.007575757575757576,0.0,1.0,0.15000000000000002,0.9,0.7000000000000001,0.2,80.0,60.0,75.0,0.25,0.8,0.6000000000000001,0.30000000000000004,80.0,50.0,65.0,5091,2637,2454,5091,0.48202710665880966,1.0220389240906378,1.0,1.0220389240906378,1722,0.6530147895335608,1.0,1
"iteration_5","SCOPE_DATA_COLLECTION",1200,8,550.0,610.0,2,7573,5161,1541,7611,5320,1535,3519,2384,695,4040,2774,843,0.5344622304537637,0.5378053509112058,0.548114434330299,0.5500842701271437,1.147937552306067,1.7220394217343244,1.1001685402542873,1.147937552306067,1.1480262811562163,0.5763000852514919,0.7462248322147651,0.739568345323741,100.0,100.0,5280,1378,7617,40,0,7617,0.007575757575757576,0.0,1.0,0.15000000000000002,0.9,0.7000000000000001,0.2,80.0,60.0,75.0,0.25,0.8,0.6000000000000001,0.30000000000000004,80.0,50.0,65.0,1581,829,752,1581,0.4756483238456673,1.6187624604537771,1.5,1.0791749736358514,553,0.6670687575392038,1.0,1
"iteration_5","SCOPE_DATA_COLLECTION",1200,9,610.0,670.0,0,7558,5091,1581,7573,5161,1541,4011,2637,822,3559,2454,752,0.47014531043593133,0.48202710665880966,0.4777636594663278,0.48664801918106,1.022035068623241,1.612784873152832,0.97329603836212,1.022035068623241,1.0751899154352214,0.5086013462976814,0.6526355707243079,0.6642335766423357,100.0,100.0,5191,2287,6752,61,2,6702,0.011751107686380274,8.745080891998251E-4,0.9925947867298578,0.25,0.8,0.6000000000000001,0.30000000000000004,80.0,50.0,65.0,0.35000000000000003,0.7000000000000001,0.6000000000000001,0.2,80.0,60.0,75.0,7604,4768,2836,7604,0.3729615991583377,0.4402679625293614,0.5,0.8805359250587228,2072,0.43456375838926176,1.0,1
"iteration_5","SCOPE_DATA_COLLECTION",1200,9,610.0,670.0,1,7558,5091,1581,7573,5161,1541,4011,2637,822,3559,2454,752,0.47014531043593133,0.48202710665880966,0.4777636594663278,0.48664801918106,1.022035068623241,1.612784873152832,0.97329603836212,1.022035068623241,1.0751899154352214,0.5086013462976814,0.6526355707243079,0.6642335766423357,100.0,100.0,5191,2287,6752,61,2,6702,0.011751107686380274,8.745080891998251E-4,0.9925947867298578,0.25,0.8,0.6000000000000001,0.30000000000000004,80.0,50.0,65.0,0.35000000000000003,0.7000000000000001,0.6000000000000001,0.2,80.0,60.0,75.0,5154,3215,1939,5154,0.3762126503686457,0.8906474565592002,1.0,0.8906474565592002,1755,0.5458786936236392,1.0,1
"iteration_5","SCOPE_DATA_COLLECTION",1200,9,610.0,670.0,2,7558,5091,1581,7573,5161,1541,4011,2637,822,3559,2454,752,0.47014531043593133,0.48202710665880966,0.4777636594663278,0.48664801918106,1.022035068623241,1.612784873152832,0.97329603836212,1.022035068623241,1.0751899154352214,0.5086013462976814,0.6526355707243079,0.6642335766423357,100.0,100.0,5191,2287,6752,61,2,6702,0.011751107686380274,8.745080891998251E-4,0.9925947867298578,0.25,0.8,0.6000000000000001,0.30000000000000004,80.0,50.0,65.0,0.35000000000000003,0.7000000000000001,0.6000000000000001,0.2,80.0,60.0,75.0,1474,894,580,1474,0.39348710990502034,1.4363014426989171,1.5,0.9575342951326115,514,0.5749440715883669,1.0,1
"iteration_5","SCOPE_DATA_COLLECTION",1200,10,670.0,730.0,0,7604,5154,1474,7558,5091,1581,4769,3213,902,2836,1938,580,0.37291255752794217,0.37623762376237624,0.3913630229419703,0.4398785673102328,0.8883422907808807,1.4447118980229017,0.8797571346204656,0.8883422907808807,0.9631412653486011,0.4348920109037534,0.5455960161842515,0.5787139689578714,100.0,100.0,5249,3118,5865,45,3,5306,0.008573061535530578,9.621552277100705E-4,0.904688832054561,0.35000000000000003,0.7000000000000001,0.6000000000000001,0.2,80.0,60.0,75.0,0.35000000000000003,0.7000000000000001,0.6000000000000001,0.2,80.0,60.0,75.0,7551,4736,2815,7551,0.3727983048602834,0.49416485053568965,0.5,0.9883297010713793,2092,0.44172297297297297,1.0,1
"iteration_5","SCOPE_DATA_COLLECTION",1200,10,670.0,730.0,1,7604,5154,1474,7558,5091,1581,4769,3213,902,2836,1938,580,0.37291255752794217,0.37623762376237624,0.3913630229419703,0.4398785673102328,0.8883422907808807,1.4447118980229017,0.8797571346204656,0.8883422907808807,0.9631412653486011,0.4348920109037534,0.5455960161842515,0.5787139689578714,100.0,100.0,5249,3118,5865,45,3,5306,0.008573061535530578,9.621552277100705E-4,0.904688832054561,0.35000000000000003,0.7000000000000001,0.6000000000000001,0.2,80.0,60.0,75.0,0.35000000000000003,0.7000000000000001,0.6000000000000001,0.2,80.0,60.0,75.0,5149,3211,1938,5149,0.3763837638376384,0.9508265995546124,1.0,0.9508265995546124,1832,0.5705387729679228,1.0,1
"iteration_5","SCOPE_DATA_COLLECTION",1200,10,670.0,730.0,2,7604,5154,1474,7558,5091,1581,4769,3213,902,2836,1938,580,0.37291255752794217,0.37623762376237624,0.3913630229419703,0.4398785673102328,0.8883422907808807,1.4447118980229017,0.8797571346204656,0.8883422907808807,0.9631412653486011,0.4348920109037534,0.5455960161842515,0.5787139689578714,100.0,100.0,5249,3118,5865,45,3,5306,0.008573061535530578,9.621552277100705E-4,0.904688832054561,0.35000000000000003,0.7000000000000001,0.6000000000000001,0.2,80.0,60.0,75.0,0.35000000000000003,0.7000000000000001,0.6000000000000001,0.2,80.0,60.0,75.0,1539,957,582,1539,0.37816764132553604,1.5100369994988616,1.5,1.006691332999241,576,0.6018808777429467,1.0,1
"iteration_5","SCOPE_DATA_COLLECTION",1200,11,730.0,790.0,0,7551,5149,1539,7604,5154,1474,4710,3199,953,2815,1939,582,0.3740863787375415,0.3773841961852861,0.3791530944625407,0.4848605281359796,0.9463623472448747,1.508984733474163,0.9697210562719591,0.9463623472448747,1.0059898223161088,0.43736730360934184,0.5686151922475774,0.6012591815320042,100.0,100.0,5135,3207,5897,54,2,5280,0.010516066212268744,6.236357966947302E-4,0.8953705273868069,0.35000000000000003,0.7000000000000001,0.6000000000000001,0.2,80.0,60.0,75.0,0.45,0.6000000000000001,0.5,0.1,80.0,70.0,75.0,7523,5966,1557,7523,0.2069653063937259,0.4156695151401427,0.5,0.8313390302802854,2200,0.3687562856185049,1.0,1
"iteration_5","SCOPE_DATA_COLLECTION",1200,11,730.0,790.0,1,7551,5149,1539,7604,5154,1474,4710,3199,953,2815,1939,582,0.3740863787375415,0.3773841961852861,0.3791530944625407,0.4848605281359796,0.9463623472448747,1.508984733474163,0.9697210562719591,0.9463623472448747,1.0059898223161088,0.43736730360934184,0.5686151922475774,0.6012591815320042,100.0,100.0,5135,3207,5897,54,2,5280,0.010516066212268744,6.236357966947302E-4,0.8953705273868069,0.35000000000000003,0.7000000000000001,0.6000000000000001,0.2,80.0,60.0,75.0,0.45,0.6000000000000001,0.5,0.1,80.0,70.0,75.0,5111,3963,1148,5111,0.22461357855605557,0.8057588333438876,1.0,0.8057588333438876,1758,0.4436033308099924,1.0,1
"iteration_5","SCOPE_DATA_COLLECTION",1200,11,730.0,790.0,2,7551,5149,1539,7604,5154,1474,4710,3199,953,2815,1939,582,0.3740863787375415,0.3773841961852861,0.3791530944625407,0.4848605281359796,0.9463623472448747,1.508984733474163,0.9697210562719591,0.9463623472448747,1.0059898223161088,0.43736730360934184,0.5686151922475774,0.6012591815320042,100.0,100.0,5135,3207,5897,54,2,5280,0.010516066212268744,6.236357966947302E-4,0.8953705273868069,0.35000000000000003,0.7000000000000001,0.6000000000000001,0.2,80.0,60.0,75.0,0.45,0.6000000000000001,0.5,0.1,80.0,70.0,75.0,1531,1167,364,1531,0.23775310254735468,1.2319123244744665,1.5,0.8212748829829777,551,0.4721508140531277,1.0,1
"iteration_5","SCOPE_DATA_COLLECTION",1200,12,790.0,850.0,0,7523,5111,1531,7551,5149,1539,5963,3949,1162,1557,1148,364,0.20704787234042554,0.2252305277614283,0.23853211009174313,0.42179153493655264,0.8088508964427329,1.2370445881739793,0.8435830698731053,0.8088508964427329,0.8246963921159862,0.3716250209626027,0.44669536591542164,0.4750430292598967,100.0,100.0,5188,4016,4961,36,3,3030,0.006939090208172706,7.47011952191235E-4,0.6107639588792582,0.45,0.6000000000000001,0.5,0.1,80.0,70.0,75.0,0.35000000000000003,0.5,0.4,0.1,70.0,80.0,85.0,7514,4514,3000,7514,0.3992547245142401,0.4828231767400991,0.5,0.9656463534801982,2096,0.46433318564466103,1.0,1
"iteration_5","SCOPE_DATA_COLLECTION",1200,12,790.0,850.0,1,7523,5111,1531,7551,5149,1539,5963,3949,1162,1557,1148,364,0.20704787234042554,0.2252305277614283,0.23853211009174313,0.42179153493655264,0.8088508964427329,1.2370445881739793,0.8435830698731053,0.8088508964427329,0.8246963921159862,0.3716250209626027,0.44669536591542164,0.4750430292598967,100.0,100.0,5188,4016,4961,36,3,3030,0.006939090208172706,7.47011952191235E-4,0.6107639588792582,0.45,0.6000000000000001,0.5,0.1,80.0,70.0,75.0,0.35000000000000003,0.5,0.4,0.1,70.0,80.0,85.0,5094,3073,2021,5094,0.39674126423243034,0.9342576413211868,1.0,0.9342576413211868,1769,0.5756589651806052,1.0,1
"iteration_5","SCOPE_DATA_COLLECTION",1200,12,790.0,850.0,2,7523,5111,1531,7551,5149,1539,5963,3949,1162,1557,1148,364,0.20704787234042554,0.2252305277614283,0.23853211009174313,0.42179153493655264,0.8088508964427329,1.2370445881739793,0.8435830698731053,0.8088508964427329,0.8246963921159862,0.3716250209626027,0.44669536591542164,0.4750430292598967,100.0,100.0,5188,4016,4961,36,3,3030,0.006939090208172706,7.47011952191235E-4,0.6107639588792582,0.45,0.6000000000000001,0.5,0.1,80.0,70.0,75.0,0.35000000000000003,0.5,0.4,0.1,70.0,80.0,85.0,1558,963,595,1558,0.38189987163029526,1.501500020879045,1.5,1.0010000139193633,590,0.612668743509865,1.0,1
"iteration_5","SCOPE_DATA_COLLECTION",1200,13,850.0,910.0,0,7514,5094,1558,7523,5111,1531,4554,3102,966,3000,2021,595,0.3971405877680699,0.3944954128440367,0.3811659192825112,0.4849937968659836,0.9370755362858099,1.4915405208362333,0.9699875937319672,0.9370755362858099,0.9943603472241556,0.4655248133509003,0.5747904577691811,0.6076604554865425,100.0,100.0,5077,3157,5932,32,4,5580,0.006302934804018121,0.0012670256572695597,0.9406608226567768,0.35000000000000003,0.5,0.4,0.1,70.0,80.0,85.0,0.35000000000000003,0.4,0.30000000000000004,0.2,60.0,80.0,95.0,7581,4770,2811,7581,0.37079540957657303,0.43403640436798346,0.5,0.8680728087359669,2064,0.4327044025157233,1.0,1
"iteration_5","SCOPE_DATA_COLLECTION",1200,13,850.0,910.0,1,7514,5094,1558,7523,5111,1531,4554,3102,966,3000,2021,595,0.3971405877680699,0.3944954128440367,0.3811659192825112,0.4849937968659836,0.9370755362858099,1.4915405208362333,0.9699875937319672,0.9370755362858099,0.9943603472241556,0.4655248133509003,0.5747904577691811,0.6076604554865425,100.0,100.0,5077,3157,5932,32,4,5580,0.006302934804018121,0.0012670256572695597,0.9406608226567768,0.35000000000000003,0.5,0.4,0.1,70.0,80.0,85.0,0.35000000000000003,0.4,0.30000000000000004,0.2,60.0,80.0,95.0,4996,3181,1815,4996,0.3632906325060048,0.9070605237856787,1.0,0.9070605237856787,1814,0.5702609242376611,1.0,1
"iteration_5","SCOPE_DATA_COLLECTION",1200,13,850.0,910.0,2,7514,5094,1558,7523,5111,1531,4554,3102,966,3000,2021,595,0.3971405877680699,0.3944954128440367,0.3811659192825112,0.4849937968659836,0.9370755362858099,1.4915405208362333,0.9699875937319672,0.9370755362858099,0.9943603472241556,0.4655248133509003,0.5747904577691811,0.6076604554865425,100.0,100.0,5077,3157,5932,32,4,5580,0.006302934804018121,0.0012670256572695597,0.9406608226567768,0.35000000000000003,0.5,0.4,0.1,70.0,80.0,85.0,0.35000000000000003,0.4,0.30000000000000004,0.2,60.0,80.0,95.0,1553,975,578,1553,0.37218287186091437,1.4118798362820537,1.5,0.9412532241880358,545,0.558974358974359,1.0,1
"iteration_5","SCOPE_DATA_COLLECTION",1200,14,910.0,970.0,0,7581,4996,1553,7514,5094,1558,4747,3170,974,2811,1815,578,0.37192378936226517,0.3640922768304915,0.37242268041237114,0.432787711308565,0.9083919972855932,1.4151832998976808,0.86557542261713,0.9083919972855932,0.9434555332651205,0.43079839898883504,0.5722397476340694,0.5605749486652978,97.5,100.0,5160,3120,5850,40,3,5161,0.007751937984496124,9.615384615384616E-4,0.8822222222222222,0.35000000000000003,0.4,0.30000000000000004,0.2,60.0,80.0,95.0,0.35000000000000003,0.4,0.4,0.30000000000000004,60.0,80.0,95.0,7569,4554,3015,7569,0.3983353151010702,0.44508928561950567,0.5,0.8901785712390113,2107,0.4626701800614844,1.0,1
"iteration_5","SCOPE_DATA_COLLECTION",1200,14,910.0,970.0,1,7581,4996,1553,7514,5094,1558,4747,3170,974,2811,1815,578,0.37192378936226517,0.3640922768304915,0.37242268041237114,0.432787711308565,0.9083919972855932,1.4151832998976808,0.86557542261713,0.9083919972855932,0.9434555332651205,0.43079839898883504,0.5722397476340694,0.5605749486652978,97.5,100.0,5160,3120,5850,40,3,5161,0.007751937984496124,9.615384615384616E-4,0.8822222222222222,0.35000000000000003,0.4,0.30000000000000004,0.2,60.0,80.0,95.0,0.35000000000000003,0.4,0.4,0.30000000000000004,60.0,80.0,95.0,5205,3045,2160,5205,0.414985590778098,0.9432977480953735,1.0,0.9432977480953735,1803,0.5921182266009852,1.0,1
"iteration_5","SCOPE_DATA_COLLECTION",1200,14,910.0,970.0,2,7581,4996,1553,7514,5094,1558,4747,3170,974,2811,1815,578,0.37192378936226517,0.3640922768304915,0.37242268041237114,0.432787711308565,0.9083919972855932,1.4151832998976808,0.86557542261713,0.9083919972855932,0.9434555332651205,0.43079839898883504,0.5722397476340694,0.5605749486652978,97.5,100.0,5160,3120,5850,40,3,5161,0.007751937984496124,9.615384615384616E-4,0.8822222222222222,0.35000000000000003,0.4,0.30000000000000004,0.2,60.0,80.0,95.0,0.35000000000000003,0.4,0.4,0.30000000000000004,60.0,80.0,95.0,1587,919,668,1587,0.4209199747952111,1.5026028891202916,1.5,1.0017352594135278,555,0.6039173014145811,1.0,1
"iteration_5","SCOPE_DATA_COLLECTION",1200,15,970.0,1030.0,0,7569,5205,1587,7581,4996,1553,4558,3044,926,3015,2160,668,0.39812491746995904,0.415065334358186,0.4190715181932246,0.44493584767186534,0.9374668429591532,1.4999958869610495,0.8898716953437307,0.9374668429591532,0.9999972579740329,0.4618253620008776,0.5873850197109067,0.603671706263499,100.0,100.0,5297,3128,5936,57,3,5783,0.010760808004530867,9.590792838874681E-4,0.9742250673854448,0.35000000000000003,0.4,0.4,0.30000000000000004,60.0,80.0,95.0,0.55,0.7000000000000001,0.5,0.30000000000000004,30.0,80.0,60.0,7672,7151,521,7672,0.06790928050052138,0.35244378607509047,0.5,0.7048875721501809,2177,0.3044329464410572,1.0,1
"iteration_5","SCOPE_DATA_COLLECTION",1200,15,970.0,1030.0,1,7569,5205,1587,7581,4996,1553,4558,3044,926,3015,2160,668,0.39812491746995904,0.415065334358186,0.4190715181932246,0.44493584767186534,0.9374668429591532,1.4999958869610495,0.8898716953437307,0.9374668429591532,0.9999972579740329,0.4618253620008776,0.5873850197109067,0.603671706263499,100.0,100.0,5297,3128,5936,57,3,5783,0.010760808004530867,9.590792838874681E-4,0.9742250673854448,0.35000000000000003,0.4,0.4,0.30000000000000004,60.0,80.0,95.0,0.55,0.7000000000000001,0.5,0.30000000000000004,30.0,80.0,60.0,5182,4843,339,5182,0.06541875723658819,0.7095099904361893,1.0,0.7095099904361893,1883,0.3888085897171175,1.0,1
"iteration_5","SCOPE_DATA_COLLECTION",1200,15,970.0,1030.0,2,7569,5205,1587,7581,4996,1553,4558,3044,926,3015,2160,668,0.39812491746995904,0.415065334358186,0.4190715181932246,0.44493584767186534,0.9374668429591532,1.4999958869610495,0.8898716953437307,0.9374668429591532,0.9999972579740329,0.4618253620008776,0.5873850197109067,0.603671706263499,100.0,100.0,5297,3128,5936,57,3,5783,0.010760808004530867,9.590792838874681E-4,0.9742250673854448,0.35000000000000003,0.4,0.4,0.30000000000000004,60.0,80.0,95.0,0.55,0.7000000000000001,0.5,0.30000000000000004,30.0,80.0,60.0,1623,1497,126,1623,0.07763401109057301,1.0832147112766113,1.5,0.7221431408510742,546,0.36472945891783565,1.0,1
"iteration_5","SCOPE_DATA_COLLECTION",1200,16,1030.0,1090.0,0,7672,5182,1623,7569,5205,1587,7136,4843,1483,521,339,126,0.06804231422228027,0.06541875723658819,0.07830950901180858,0.3511610800558272,0.7109493475498605,1.078089104077087,0.7023221601116544,0.7109493475498605,0.7187260693847247,0.3032511210762332,0.3902539748090027,0.36210384356035064,100.0,100.0,5228,5093,4156,55,3,928,0.010520275439938791,5.890437855880621E-4,0.22329162656400384,0.55,0.7000000000000001,0.5,0.30000000000000004,30.0,80.0,60.0,0.55,0.6000000000000001,0.6000000000000001,0.2,40.0,70.0,50.0,7637,7131,506,7637,0.06625638339662171,0.3651968817882463,0.5,0.7303937635764925,2122,0.29757397279483944,1.0,1
"iteration_5","SCOPE_DATA_COLLECTION",1200,16,1030.0,1090.0,1,7672,5182,1623,7569,5205,1587,7136,4843,1483,521,339,126,0.06804231422228027,0.06541875723658819,0.07830950901180858,0.3511610800558272,0.7109493475498605,1.078089104077087,0.7023221601116544,0.7109493475498605,0.7187260693847247,0.3032511210762332,0.3902539748090027,0.36210384356035064,100.0,100.0,5228,5093,4156,55,3,928,0.010520275439938791,5.890437855880621E-4,0.22329162656400384,0.55,0.7000000000000001,0.5,0.30000000000000004,30.0,80.0,60.0,0.55,0.6000000000000001,0.6000000000000001,0.2,40.0,70.0,50.0,5161,4829,332,5161,0.06432861848478977,0.7026857387752667,1.0,0.7026857387752667,1786,0.3698488299855042,1.0,1
"iteration_5","SCOPE_DATA_COLLECTION",1200,16,1030.0,1090.0,2,7672,5182,1623,7569,5205,1587,7136,4843,1483,521,339,126,0.06804231422228027,0.06541875723658819,0.07830950901180858,0.3511610800558272,0.7109493475498605,1.078089104077087,0.7023221601116544,0.7109493475498605,0.7187260693847247,0.3032511210762332,0.3902539748090027,0.36210384356035064,100.0,100.0,5228,5093,4156,55,3,928,0.010520275439938791,5.890437855880621E-4,0.22329162656400384,0.55,0.7000000000000001,0.5,0.30000000000000004,30.0,80.0,60.0,0.55,0.6000000000000001,0.6000000000000001,0.2,40.0,70.0,50.0,1596,1474,122,1596,0.07644110275689223,1.0911874312803462,1.5,0.7274582875202308,565,0.38331071913161463,1.0,1
"iteration_5","SCOPE_DATA_COLLECTION",1200,17,1090.0,1150.0,0,7637,5161,1596,7672,5182,1623,7149,4833,1482,506,332,122,0.06610058785107772,0.06427879961277831,0.07605985037406483,0.3675356341228497,0.702869564935411,1.096454078057288,0.7350712682456993,0.702869564935411,0.7309693853715253,0.3008812421317667,0.3701634595489344,0.3852901484480432,100.0,100.0,5168,5018,4208,57,4,899,0.011029411764705883,7.971303308090873E-4,0.21364068441064638,0.55,0.6000000000000001,0.6000000000000001,0.2,40.0,70.0,50.0,0.55,0.6000000000000001,0.6000000000000001,0.2,40.0,70.0,50.0,7695,7283,412,7695,0.05354126055880442,0.3464055226956755,0.5,0.692811045391351,2157,0.29616916106000274,1.0,1
"iteration_5","SCOPE_DATA_COLLECTION",1200,17,1090.0,1150.0,1,7637,5161,1596,7672,5182,1623,7149,4833,1482,506,332,122,0.06610058785107772,0.06427879961277831,0.07605985037406483,0.3675356341228497,0.702869564935411,1.096454078057288,0.7350712682456993,0.702869564935411,0.7309693853715253,0.3008812421317667,0.3701634595489344,0.3852901484480432,100.0,100.0,5168,5018,4208,57,4,899,0.011029411764705883,7.971303308090873E-4,0.21364068441064638,0.55,0.6000000000000001,0.6000000000000001,0.2,40.0,70.0,50.0,0.55,0.6000000000000001,0.6000000000000001,0.2,40.0,70.0,50.0,5109,4823,286,5109,0.05597964376590331,0.703738803254856,1.0,0.703738803254856,1832,0.37984656852581383,1.0,1
"iteration_5","SCOPE_DATA_COLLECTION",1200,17,1090.0,1150.0,2,7637,5161,1596,7672,5182,1623,7149,4833,1482,506,332,122,0.06610058785107772,0.06427879961277831,0.07605985037406483,0.3675356341228497,0.702869564935411,1.096454078057288,0.7350712682456993,0.702869564935411,0.7309693853715253,0.3008812421317667,0.3701634595489344,0.3852901484480432,100.0,100.0,5168,5018,4208,57,4,899,0.011029411764705883,7.971303308090873E-4,0.21364068441064638,0.55,0.6000000000000001,0.6000000000000001,0.2,40.0,70.0,50.0,0.55,0.6000000000000001,0.6000000000000001,0.2,40.0,70.0,50.0,1576,1453,123,1576,0.07804568527918782,1.042372826997843,1.5,0.6949152179985619,520,0.35788024776324845,1.0,1
"iteration_5","SCOPE_DATA_COLLECTION",1200,18,1150.0,1210.0,0,7695,5109,1576,7637,5161,1596,7287,4817,1455,412,286,123,0.05351344330432524,0.05604546345287086,0.0779467680608365,0.3470385564327238,0.7045336407283928,1.0428684571546551,0.6940771128654476,0.7045336407283928,0.6952456381031035,0.2969672018663373,0.38031970105875024,0.35807560137457045,97.5,100.0,5246,5033,4101,44,7,770,0.008387342737323675,0.0013908205841446453,0.18775908315045112,0.55,0.6000000000000001,0.6000000000000001,0.2,40.0,70.0,50.0,0.1,0.9,0.7000000000000001,0.9,90.0,40.0,95.0,7637,3335,4302,7637,0.5633102003404479,0.582935540909169,0.5,1.165871081818338,2068,0.6200899550224888,1.0,1
"iteration_5","SCOPE_DATA_COLLECTION",1200,18,1150.0,1210.0,1,7695,5109,1576,7637,5161,1596,7287,4817,1455,412,286,123,0.05351344330432524,0.05604546345287086,0.0779467680608365,0.3470385564327238,0.7045336407283928,1.0428684571546551,0.6940771128654476,0.7045336407283928,0.6952456381031035,0.2969672018663373,0.38031970105875024,0.35807560137457045,97.5,100.0,5246,5033,4101,44,7,770,0.008387342737323675,0.0013908205841446453,0.18775908315045112,0.55,0.6000000000000001,0.6000000000000001,0.2,40.0,70.0,50.0,0.1,0.9,0.7000000000000001,0.9,90.0,40.0,95.0,5211,2258,2953,5211,0.5666858568412972,1.2345674693918762,1.0,1.2345674693918762,1823,0.8073516386182462,1.0,1
"iteration_5","SCOPE_DATA_COLLECTION",1200,18,1150.0,1210.0,2,7695,5109,1576,7637,5161,1596,7287,4817,1455,412,286,123,0.05351344330432524,0.05604546345287086,0.0779467680608365,0.3470385564327238,0.7045336407283928,1.0428684571546551,0.6940771128654476,0.7045336407283928,0.6952456381031035,0.2969672018663373,0.38031970105875024,0.35807560137457045,97.5,100.0,5246,5033,4101,44,7,770,0.008387342737323675,0.0013908205841446453,0.18775908315045112,0.55,0.6000000000000001,0.6000000000000001,0.2,40.0,70.0,50.0,0.1,0.9,0.7000000000000001,0.9,90.0,40.0,95.0,1602,652,950,1602,0.5930087390761548,2.001648260447199,1.5,1.334432173631466,552,0.8466257668711656,1.0,1
"iteration_5","SCOPE_DATA_COLLECTION",1200,19,1210.0,1270.0,0,7637,5211,1602,7695,5109,1576,3330,2268,650,4302,2953,950,0.5636792452830188,0.5656004596820532,0.59375,0.5795835952051104,1.2263129734328542,1.989807757276106,1.1591671904102208,1.2263129734328542,1.3265385048507372,0.6138138138138138,0.8011463844797179,0.8415384615384616,100.0,100.0,5354,934,8162,94,0,8111,0.017556966753828913,0.0,0.9937515314873805,0.1,0.9,0.7000000000000001,0.9,90.0,40.0,95.0,0.05,0.9,0.6000000000000001,0.8,90.0,50.0,95.0,7689,3056,4633,7689,0.6025490961113279,0.6071450250443453,0.5,1.2142900500886906,2036,0.6662303664921466,1.0,1
"iteration_5","SCOPE_DATA_COLLECTION",1200,19,1210.0,1270.0,1,7637,5211,1602,7695,5109,1576,3330,2268,650,4302,2953,950,0.5636792452830188,0.5656004596820532,0.59375,0.5795835952051104,1.2263129734328542,1.989807757276106,1.1591671904102208,1.2263129734328542,1.3265385048507372,0.6138138138138138,0.8011463844797179,0.8415384615384616,100.0,100.0,5354,934,8162,94,0,8111,0.017556966753828913,0.0,0.9937515314873805,0.1,0.9,0.7000000000000001,0.9,90.0,40.0,95.0,0.05,0.9,0.6000000000000001,0.8,90.0,50.0,95.0,5166,2036,3130,5166,0.6058846302748742,1.2803093888674906,1.0,1.2803093888674906,1757,0.8629666011787819,1.0,1
"iteration_5","SCOPE_DATA_COLLECTION",1200,19,1210.0,1270.0,2,7637,5211,1602,7695,5109,1576,3330,2268,650,4302,2953,950,0.5636792452830188,0.5656004596820532,0.59375,0.5795835952051104,1.2263129734328542,1.989807757276106,1.1591671904102208,1.2263129734328542,1.3265385048507372,0.6138138138138138,0.8011463844797179,0.8415384615384616,100.0,100.0,5354,934,8162,94,0,8111,0.017556966753828913,0.0,0.9937515314873805,0.1,0.9,0.7000000000000001,0.9,90.0,40.0,95.0,0.05,0.9,0.6000000000000001,0.8,90.0,50.0,95.0,1511,560,951,1511,0.6293845135671741,2.1724569789280728,1.5,1.448304652618715,523,0.9339285714285714,1.0,1
"iteration_5","SCOPE_DATA_COLLECTION",1200,20,1270.0,1330.0,0,7689,5166,1511,7637,5211,1602,3067,2049,567,4633,3130,951,0.6016883116883117,0.6043637767908863,0.6264822134387352,0.6072415045990488,1.285296034313307,2.1803484322782576,1.2144830091980976,1.285296034313307,1.4535656215188384,0.6671014020215194,0.8653001464128843,0.9365079365079365,100.0,100.0,5271,449,8646,67,1,8646,0.01271106051982546,0.0022271714922048997,1.0,0.05,0.9,0.6000000000000001,0.8,90.0,50.0,95.0,0.25,0.30000000000000004,0.4,0.5,95.0,75.0,75.0,7732,4068,3664,7732,0.47387480600103465,0.4479926943125028,0.5,0.8959853886250057,1852,0.4552605703048181,1.0,1
"iteration_5","SCOPE_DATA_COLLECTION",1200,20,1270.0,1330.0,1,7689,5166,1511,7637,5211,1602,3067,2049,567,4633,3130,951,0.6016883116883117,0.6043637767908863,0.6264822134387352,0.6072415045990488,1.285296034313307,2.1803484322782576,1.2144830091980976,1.285296034313307,1.4535656215188384,0.6671014020215194,0.8653001464128843,0.9365079365079365,100.0,100.0,5271,449,8646,67,1,8646,0.01271106051982546,0.0022271714922048997,1.0,0.05,0.9,0.6000000000000001,0.8,90.0,50.0,95.0,0.25,0.30000000000000004,0.4,0.5,95.0,75.0,75.0,5172,2730,2442,5172,0.47215777262180975,0.9913148669999424,1.0,0.9913148669999424,1777,0.6509157509157509,1.0,1
"iteration_5","SCOPE_DATA_COLLECTION",1200,20,1270.0,1330.0,2,7689,5166,1511,7637,5211,1602,3067,2049,567,4633,3130,951,0.6016883116883117,0.6043637767908863,0.6264822134387352,0.6072415045990488,1.285296034313307,2.1803484322782576,1.2144830091980976,1.285296034313307,1.4535656215188384,0.6671014020215194,0.8653001464128843,0.9365079365079365,100.0,100.0,5271,449,8646,67,1,8646,0.01271106051982546,0.0022271714922048997,1.0,0.05,0.9,0.6000000000000001,0.8,90.0,50.0,95.0,0.25,0.30000000000000004,0.4,0.5,95.0,75.0,75.0,1592,820,772,1592,0.4849246231155779,1.6539768475534136,1.5,1.1026512317022756,560,0.6829268292682927,1.0,1
"iteration_5","SCOPE_DATA_COLLECTION",1200,21,1330.0,1390.0,0,7732,5172,1592,7689,5166,1511,4058,2723,818,3664,2442,772,0.4744884744884745,0.47279767666989353,0.48553459119496856,0.44825534452047006,0.9931171958870152,1.6505496285490255,0.8965106890409401,0.9931171958870152,1.1003664190326836,0.45490389354361754,0.6507528461255968,0.6821515892420538,97.5,100.0,5270,2350,6876,59,5,6814,0.011195445920303606,0.002127659574468085,0.9909831297265852,0.25,0.30000000000000004,0.4,0.5,95.0,75.0,75.0,0.25,0.2,0.30000000000000004,0.6000000000000001,95.0,75.0,75.0,7537,3944,3593,7537,0.47671487329176065,0.425853427322767,0.5,0.851706854645534,1644,0.41683569979716023,1.0,1
"iteration_5","SCOPE_DATA_COLLECTION",1200,21,1330.0,1390.0,1,7732,5172,1592,7689,5166,1511,4058,2723,818,3664,2442,772,0.4744884744884745,0.47279767666989353,0.48553459119496856,0.44825534452047006,0.9931171958870152,1.6505496285490255,0.8965106890409401,0.9931171958870152,1.1003664190326836,0.45490389354361754,0.6507528461255968,0.6821515892420538,97.5,100.0,5270,2350,6876,59,5,6814,0.011195445920303606,0.002127659574468085,0.9909831297265852,0.25,0.30000000000000004,0.4,0.5,95.0,75.0,75.0,0.25,0.2,0.30000000000000004,0.6000000000000001,95.0,75.0,75.0,5015,2596,2419,5015,0.4823529411764706,0.9829260750331534,1.0,0.9829260750331534,1713,0.6598613251155624,1.0,1
"iteration_5","SCOPE_DATA_COLLECTION",1200,21,1330.0,1390.0,2,7732,5172,1592,7689,5166,1511,4058,2723,818,3664,2442,772,0.4744884744884745,0.47279767666989353,0.48553459119496856,0.44825534452047006,0.9931171958870152,1.6505496285490255,0.8965106890409401,0.9931171958870152,1.1003664190326836,0.45490389354361754,0.6507528461255968,0.6821515892420538,97.5,100.0,5270,2350,6876,59,5,6814,0.011195445920303606,0.002127659574468085,0.9909831297265852,0.25,0.30000000000000004,0.4,0.5,95.0,75.0,75.0,0.25,0.2,0.30000000000000004,0.6000000000000001,95.0,75.0,75.0,1574,804,770,1574,0.4891994917407878,1.7042138168069332,1.5,1.1361425445379554,578,0.7189054726368159,1.0,1
"iteration_5","SCOPE_DATA_COLLECTION",1200,22,1390.0,1450.0,0,7537,5015,1574,7732,5172,1592,3954,2592,800,3593,2419,770,0.47608321187226715,0.48273797645180605,0.49044585987261147,0.42639071634762943,0.980149737254138,1.704394296406752,0.8527814326952589,0.980149737254138,1.136262864271168,0.4180576631259484,0.658179012345679,0.71875,97.5,100.0,5216,2175,6735,46,1,6735,0.008819018404907975,4.597701149425287E-4,1.0,0.25,0.2,0.30000000000000004,0.6000000000000001,95.0,75.0,75.0,0.25,0.2,0.30000000000000004,0.6000000000000001,95.0,75.0,75.0,7599,4070,3529,7599,0.46440321094880904,0.4391663716676495,0.5,0.878332743335299,1781,0.4375921375921376,1.0,1
"iteration_5","SCOPE_DATA_COLLECTION",1200,22,1390.0,1450.0,1,7537,5015,1574,7732,5172,1592,3954,2592,800,3593,2419,770,0.47608321187226715,0.48273797645180605,0.49044585987261147,0.42639071634762943,0.980149737254138,1.704394296406752,0.8527814326952589,0.980149737254138,1.136262864271168,0.4180576631259484,0.658179012345679,0.71875,97.5,100.0,5216,2175,6735,46,1,6735,0.008819018404907975,4.597701149425287E-4,1.0,0.25,0.2,0.30000000000000004,0.6000000000000001,95.0,75.0,75.0,0.25,0.2,0.30000000000000004,0.6000000000000001,95.0,75.0,75.0,5015,2629,2386,5015,0.4757726819541376,1.0017354891010728,1.0,1.0017354891010728,1742,0.6626093571700267,1.0,1
"iteration_5","SCOPE_DATA_COLLECTION",1200,22,1390.0,1450.0,2,7537,5015,1574,7732,5172,1592,3954,2592,800,3593,2419,770,0.47608321187226715,0.48273797645180605,0.49044585987261147,0.42639071634762943,0.980149737254138,1.704394296406752,0.8527814326952589,0.980149737254138,1.136262864271168,0.4180576631259484,0.658179012345679,0.71875,97.5,100.0,5216,2175,6735,46,1,6735,0.008819018404907975,4.597701149425287E-4,1.0,0.25,0.2,0.30000000000000004,0.6000000000000001,95.0,75.0,75.0,0.25,0.2,0.30000000000000004,0.6000000000000001,95.0,75.0,75.0,1537,807,730,1537,0.4749512036434613,1.6071056210869938,1.5,1.0714037473913292,544,0.6741016109045849,1.0,1
"iteration_5","SCOPE_DATA_COLLECTION",1200,23,1450.0,1510.0,0,7599,5015,1537,7537,5015,1574,4072,2614,813,3529,2386,730,0.46428101565583474,0.4772,0.47310434219053793,0.4394341043669037,0.9996534295881111,1.612897872804029,0.8788682087338074,0.9996534295881111,1.0752652485360195,0.43786836935166995,0.6625860749808722,0.6765067650676507,100.0,100.0,5337,2159,6655,53,1,6591,0.0099306726625445,4.631773969430292E-4,0.9903831705484598,0.25,0.2,0.30000000000000004,0.6000000000000001,95.0,75.0,75.0,0.2,0.4,0.30000000000000004,0.8,55.0,45.0,50.0,7651,3663,3988,7651,0.5212390537184681,0.4690743949249116,0.5,0.9381487898498232,1794,0.48976248976248976,1.0,1
"iteration_5","SCOPE_DATA_COLLECTION",1200,23,1450.0,1510.0,1,7599,5015,1537,7537,5015,1574,4072,2614,813,3529,2386,730,0.46428101565583474,0.4772,0.47310434219053793,0.4394341043669037,0.9996534295881111,1.612897872804029,0.8788682087338074,0.9996534295881111,1.0752652485360195,0.43786836935166995,0.6625860749808722,0.6765067650676507,100.0,100.0,5337,2159,6655,53,1,6591,0.0099306726625445,4.631773969430292E-4,0.9903831705484598,0.25,0.2,0.30000000000000004,0.6000000000000001,95.0,75.0,75.0,0.2,0.4,0.30000000000000004,0.8,55.0,45.0,50.0,5183,2502,2681,5183,0.5172679915107081,1.0240099453237066,1.0,1.0240099453237066,1725,0.6894484412470024,1.0,1
"iteration_5","SCOPE_DATA_COLLECTION",1200,23,1450.0,1510.0,2,7599,5015,1537,7537,5015,1574,4072,2614,813,3529,2386,730,0.46428101565583474,0.4772,0.47310434219053793,0.4394341043669037,0.9996534295881111,1.612897872804029,0.8788682087338074,0.9996534295881111,1.0752652485360195,0.43786836935166995,0.6625860749808722,0.6765067650676507,100.0,100.0,5337,2159,6655,53,1,6591,0.0099306726625445,4.631773969430292E-4,0.9903831705484598,0.25,0.2,0.30000000000000004,0.6000000000000001,95.0,75.0,75.0,0.2,0.4,0.30000000000000004,0.8,55.0,45.0,50.0,1525,751,774,1525,0.5075409836065574,1.7293673648804313,1.5,1.1529115765869542,540,0.7190412782956058,1.0,1
"iteration_5","SCOPE_DATA_COLLECTION",1200,24,1510.0,1570.0,0,7651,5183,1525,7599,5015,1537,3657,2520,749,3988,2681,774,0.5216481360366253,0.5154777927321669,0.5082074852265266,0.4688100861664643,1.0273941093274102,1.7229821302453496,0.9376201723329286,1.0273941093274102,1.1486547534968998,0.49083948591741866,0.6904761904761905,0.7169559412550067,97.5,100.0,5113,1849,7397,46,0,7397,0.008996675141795423,0.0,1.0,0.2,0.4,0.30000000000000004,0.8,55.0,45.0,50.0,0.1,0.30000000000000004,0.30000000000000004,0.8,45.0,55.0,60.0,7836,3307,4529,7836,0.5779734558448187,0.541641998360637,0.5,1.083283996721274,1972,0.596310855760508,1.0,1
"iteration_5","SCOPE_DATA_COLLECTION",1200,24,1510.0,1570.0,1,7651,5183,1525,7599,5015,1537,3657,2520,749,3988,2681,774,0.5216481360366253,0.5154777927321669,0.5082074852265266,0.4688100861664643,1.0273941093274102,1.7229821302453496,0.9376201723329286,1.0273941093274102,1.1486547534968998,0.49083948591741866,0.6904761904761905,0.7169559412550067,97.5,100.0,5113,1849,7397,46,0,7397,0.008996675141795423,0.0,1.0,0.2,0.4,0.30000000000000004,0.8,55.0,45.0,50.0,0.1,0.30000000000000004,0.30000000000000004,0.8,45.0,55.0,60.0,5278,2222,3056,5278,0.5790071996968549,1.1785837022577363,1.0,1.1785837022577363,1794,0.8073807380738074,1.0,1
"iteration_5","SCOPE_DATA_COLLECTION",1200,24,1510.0,1570.0,2,7651,5183,1525,7599,5015,1537,3657,2520,749,3988,2681,774,0.5216481360366253,0.5154777927321669,0.5082074852265266,0.4688100861664643,1.0273941093274102,1.7229821302453496,0.9376201723329286,1.0273941093274102,1.1486547534968998,0.49083948591741866,0.6904761904761905,0.7169559412550067,97.5,100.0,5113,1849,7397,46,0,7397,0.008996675141795423,0.0,1.0,0.2,0.4,0.30000000000000004,0.8,55.0,45.0,50.0,0.1,0.30000000000000004,0.30000000000000004,0.8,45.0,55.0,60.0,1608,659,949,1608,0.5901741293532339,1.9817391592301075,1.5,1.3211594394867383,553,0.8391502276176024,1.0,1
"iteration_5","SCOPE_DATA_COLLECTION",1200,25,1570.0,1630.0,0,7836,5278,1608,7651,5183,1525,3310,2228,654,4529,3056,949,0.5777522643194285,0.5783497350492052,0.5920149719276356,0.5409047603572448,1.1780576977770743,1.9785077907925634,1.0818095207144895,1.1780576977770743,1.319005193861709,0.5939577039274925,0.8070017953321365,0.8379204892966361,100.0,100.0,5328,929,8465,68,1,8465,0.012762762762762763,0.001076426264800861,1.0,0.1,0.30000000000000004,0.30000000000000004,0.8,45.0,55.0,60.0,0.1,0.30000000000000004,0.30000000000000004,0.8,45.0,55.0,60.0,7599,3392,4207,7599,0.5536254770364522,0.5253358779216434,0.5,1.0506717558432868,1886,0.5560141509433962,1.0,1
"iteration_5","SCOPE_DATA_COLLECTION",1200,25,1570.0,1630.0,1,7836,5278,1608,7651,5183,1525,3310,2228,654,4529,3056,949,0.5777522643194285,0.5783497350492052,0.5920149719276356,0.5409047603572448,1.1780576977770743,1.9785077907925634,1.0818095207144895,1.1780576977770743,1.319005193861709,0.5939577039274925,0.8070017953321365,0.8379204892966361,100.0,100.0,5328,929,8465,68,1,8465,0.012762762762762763,0.001076426264800861,1.0,0.1,0.30000000000000004,0.30000000000000004,0.8,45.0,55.0,60.0,0.1,0.30000000000000004,0.30000000000000004,0.8,45.0,55.0,60.0,5179,2178,3001,5179,0.5794554933384823,1.1553355214985965,1.0,1.1553355214985965,1725,0.7920110192837465,1.0,1
"iteration_5","SCOPE_DATA_COLLECTION",1200,25,1570.0,1630.0,2,7836,5278,1608,7651,5183,1525,3310,2228,654,4529,3056,949,0.5777522643194285,0.5783497350492052,0.5920149719276356,0.5409047603572448,1.1780576977770743,1.9785077907925634,1.0818095207144895,1.1780576977770743,1.319005193861709,0.5939577039274925,0.8070017953321365,0.8379204892966361,100.0,100.0,5328,929,8465,68,1,8465,0.012762762762762763,0.001076426264800861,1.0,0.1,0.30000000000000004,0.30000000000000004,0.8,45.0,55.0,60.0,0.1,0.30000000000000004,0.30000000000000004,0.8,45.0,55.0,60.0,1536,646,890,1536,0.5794270833333334,1.961143822933488,1.5,1.3074292152889921,545,0.8436532507739938,1.0,1
"iteration_5","SCOPE_DATA_COLLECTION",1200,26,1630.0,1690.0,0,7599,5179,1536,7836,5278,1608,3381,2164,656,4207,3001,890,0.5544280442804428,0.581026137463698,0.5756791720569211,0.5250977887027233,1.1551829854724904,1.9643402723653454,1.0501955774054466,1.1551829854724904,1.309560181576897,0.5551611949127477,0.7911275415896488,0.8445121951219512,100.0,100.0,5347,925,8042,56,0,8042,0.010473162521039836,0.0,1.0,0.1,0.30000000000000004,0.30000000000000004,0.8,45.0,55.0,60.0,0.05,0.4,0.4,0.8,45.0,65.0,50.0,7457,3009,4448,7457,0.5964865227303205,0.566194264316095,0.5,1.13238852863219,1807,0.6005317381189764,1.0,1
"iteration_5","SCOPE_DATA_COLLECTION",1200,26,1630.0,1690.0,1,7599,5179,1536,7836,5278,1608,3381,2164,656,4207,3001,890,0.5544280442804428,0.581026137463698,0.5756791720569211,0.5250977887027233,1.1551829854724904,1.9643402723653454,1.0501955774054466,1.1551829854724904,1.309560181576897,0.5551611949127477,0.7911275415896488,0.8445121951219512,100.0,100.0,5347,925,8042,56,0,8042,0.010473162521039836,0.0,1.0,0.1,0.30000000000000004,0.30000000000000004,0.8,45.0,55.0,60.0,0.05,0.4,0.4,0.8,45.0,65.0,50.0,5070,2020,3050,5070,0.6015779092702169,1.2609822984727368,1.0,1.2609822984727368,1759,0.8707920792079208,1.0,1
"iteration_5","SCOPE_DATA_COLLECTION",1200,26,1630.0,1690.0,2,7599,5179,1536,7836,5278,1608,3381,2164,656,4207,3001,890,0.5544280442804428,0.581026137463698,0.5756791720569211,0.5250977887027233,1.1551829854724904,1.9643402723653454,1.0501955774054466,1.1551829854724904,1.309560181576897,0.5551611949127477,0.7911275415896488,0.8445121951219512,100.0,100.0,5347,925,8042,56,0,8042,0.010473162521039836,0.0,1.0,0.1,0.30000000000000004,0.30000000000000004,0.8,45.0,55.0,60.0,0.05,0.4,0.4,0.8,45.0,65.0,50.0,1512,578,934,1512,0.6177248677248677,2.130285290790434,1.5,1.4201901938602894,530,0.916955017301038,1.0,1
"iteration_5","SCOPE_DATA_COLLECTION",1200,27,1690.0,1750.0,0,7457,5070,1512,7599,5179,1536,3020,2022,572,4448,3050,934,0.595607927155865,0.6013406940063092,0.6201859229747676,0.5657664894702208,1.2587939068801464,2.1294602049071067,1.1315329789404416,1.2587939068801464,1.4196401366047378,0.6026490066225165,0.870919881305638,0.916083916083916,97.5,100.0,5227,440,8372,60,0,8372,0.011478859766596518,0.0,1.0,0.05,0.4,0.4,0.8,45.0,65.0,50.0,0.15000000000000002,0.30000000000000004,0.4,0.9,35.0,75.0,60.0,7601,3595,4006,7601,0.5270359163267991,0.4827543294301493,0.5,0.9655086588602986,1782,0.4956884561891516,1.0,1
"iteration_5","SCOPE_DATA_COLLECTION",1200,27,1690.0,1750.0,1,7457,5070,1512,7599,5179,1536,3020,2022,572,4448,3050,934,0.595607927155865,0.6013406940063092,0.6201859229747676,0.5657664894702208,1.2587939068801464,2.1294602049071067,1.1315329789404416,1.2587939068801464,1.4196401366047378,0.6026490066225165,0.870919881305638,0.916083916083916,97.5,100.0,5227,440,8372,60,0,8372,0.011478859766596518,0.0,1.0,0.05,0.4,0.4,0.8,45.0,65.0,50.0,0.15000000000000002,0.30000000000000004,0.4,0.9,35.0,75.0,60.0,4993,2252,2741,4993,0.5489685559783697,1.1349539061090457,1.0,1.1349539061090457,1736,0.7708703374777975,1.0,1
"iteration_5","SCOPE_DATA_COLLECTION",1200,27,1690.0,1750.0,2,7457,5070,1512,7599,5179,1536,3020,2022,572,4448,3050,934,0.595607927155865,0.6013406940063092,0.6201859229747676,0.5657664894702208,1.2587939068801464,2.1294602049071067,1.1315329789404416,1.2587939068801464,1.4196401366047378,0.6026490066225165,0.870919881305638,0.916083916083916,97.5,100.0,5227,440,8372,60,0,8372,0.011478859766596518,0.0,1.0,0.05,0.4,0.4,0.8,45.0,65.0,50.0,0.15000000000000002,0.30000000000000004,0.4,0.9,35.0,75.0,60.0,1550,670,880,1550,0.567741935483871,1.9067912843761816,1.5,1.271194189584121,545,0.8134328358208955,1.0,1
"iteration_5","SCOPE_DATA_COLLECTION",1200,28,1750.0,1810.0,0,7601,4993,1550,7457,5070,1512,3595,2268,670,4006,2741,880,0.5270359163267991,0.547215012976642,0.567741935483871,0.4840933745316428,1.1380393430084323,1.9100157791158605,0.9681867490632856,1.1380393430084323,1.273343852743907,0.4984700973574409,0.7724867724867724,0.8134328358208955,100.0,100.0,5273,1312,7559,64,4,7559,0.01213730324293571,0.003048780487804878,1.0,0.15000000000000002,0.30000000000000004,0.4,0.9,35.0,75.0,60.0,0.25,0.2,0.5,0.8,35.0,85.0,50.0,7551,4098,3453,7551,0.45729042510925705,0.43991744758052975,0.5,0.8798348951610595,1821,0.4443631039531479,1.0,1
"iteration_5","SCOPE_DATA_COLLECTION",1200,28,1750.0,1810.0,1,7601,4993,1550,7457,5070,1512,3595,2268,670,4006,2741,880,0.5270359163267991,0.547215012976642,0.567741935483871,0.4840933745316428,1.1380393430084323,1.9100157791158605,0.9681867490632856,1.1380393430084323,1.273343852743907,0.4984700973574409,0.7724867724867724,0.8134328358208955,100.0,100.0,5273,1312,7559,64,4,7559,0.01213730324293571,0.003048780487804878,1.0,0.15000000000000002,0.30000000000000004,0.4,0.9,35.0,75.0,60.0,0.25,0.2,0.5,0.8,35.0,85.0,50.0,5136,2761,2375,5136,0.4624221183800623,1.0189520285404627,1.0,1.0189520285404627,1860,0.6736689605215501,1.0,1
"iteration_5","SCOPE_DATA_COLLECTION",1200,28,1750.0,1810.0,2,7601,4993,1550,7457,5070,1512,3595,2268,670,4006,2741,880,0.5270359163267991,0.547215012976642,0.567741935483871,0.4840933745316428,1.1380393430084323,1.9100157791158605,0.9681867490632856,1.1380393430084323,1.273343852743907,0.4984700973574409,0.7724867724867724,0.8134328358208955,100.0,100.0,5273,1312,7559,64,4,7559,0.01213730324293571,0.003048780487804878,1.0,0.15000000000000002,0.30000000000000004,0.4,0.9,35.0,75.0,60.0,0.25,0.2,0.5,0.8,35.0,85.0,50.0,1515,764,751,1515,0.4957095709570957,1.6486299465584215,1.5,1.0990866310389478,522,0.6832460732984293,1.0,1
"iteration_5","SCOPE_DATA_COLLECTION",1200,29,1810.0,1870.0,0,7551,5136,1515,7601,4993,1550,4084,2744,769,3453,2375,751,0.4581398434390341,0.46395780425864425,0.49407894736842106,0.4391977051476569,1.0169285960690322,1.654560352017015,0.8783954102953138,1.0169285960690322,1.10304023467801,0.4404995102840353,0.6720116618075802,0.6866059817945384,100.0,100.0,5407,2212,6583,54,3,6522,0.009987053819123359,0.00135623869801085,0.9907337080358499,0.25,0.2,0.5,0.8,35.0,85.0,50.0,0.6000000000000001,0.5,0.1,0.30000000000000004,85.0,25.0,75.0,7802,7521,281,7802,0.03601640604973084,0.31393155588109345,0.5,0.6278631117621869,2014,0.2677835394229491,1.0,1
"iteration_5","SCOPE_DATA_COLLECTION",1200,29,1810.0,1870.0,1,7551,5136,1515,7601,4993,1550,4084,2744,769,3453,2375,751,0.4581398434390341,0.46395780425864425,0.49407894736842106,0.4391977051476569,1.0169285960690322,1.654560352017015,0.8783954102953138,1.0169285960690322,1.10304023467801,0.4404995102840353,0.6720116618075802,0.6866059817945384,100.0,100.0,5407,2212,6583,54,3,6522,0.009987053819123359,0.00135623869801085,0.9907337080358499,0.25,0.2,0.5,0.8,35.0,85.0,50.0,0.6000000000000001,0.5,0.1,0.30000000000000004,85.0,25.0,75.0,5197,5004,193,5197,0.03713680969790264,0.5902782814671377,1.0,0.5902782814671377,1676,0.3349320543565148,1.0,1
"iteration_5","SCOPE_DATA_COLLECTION",1200,29,1810.0,1870.0,2,7551,5136,1515,7601,4993,1550,4084,2744,769,3453,2375,751,0.4581398434390341,0.46395780425864425,0.49407894736842106,0.4391977051476569,1.0169285960690322,1.654560352017015,0.8783954102953138,1.0169285960690322,1.10304023467801,0.4404995102840353,0.6720116618075802,0.6866059817945384,100.0,100.0,5407,2212,6583,54,3,6522,0.009987053819123359,0.00135623869801085,0.9907337080358499,0.25,0.2,0.5,0.8,35.0,85.0,50.0,0.6000000000000001,0.5,0.1,0.30000000000000004,85.0,25.0,75.0,1583,1512,71,1583,0.04485154769425142,1.0673718725243428,1.5,0.7115812483495619,571,0.3776455026455027,1.0,1
"iteration_5","SCOPE_DATA_COLLECTION",1200,30,1870.0,1930.0,0,7802,5197,1583,7551,5136,1515,7533,4999,1500,281,193,71,0.03596109546966982,0.03717257318952234,0.04519414385741566,0.31456235439819397,0.5944747802860711,1.0657568805064024,0.6291247087963879,0.5944747802860711,0.7105045870042682,0.2696136997212266,0.3378675735147029,0.37666666666666665,97.5,100.0,5180,5639,3763,30,5,510,0.005791505791505791,8.866820358219542E-4,0.1355301621047037,0.6000000000000001,0.5,0.1,0.30000000000000004,85.0,25.0,75.0,0.6000000000000001,0.5,0.1,0.30000000000000004,85.0,25.0,75.0,7533,7412,121,7533,0.01606265763971857,0.30498611374101164,0.5,0.6099722274820233,1955,0.26376146788990823,1.0,1
"iteration_5","SCOPE_DATA_COLLECTION",1200,30,1870.0,1930.0,1,7802,5197,1583,7551,5136,1515,7533,4999,1500,281,193,71,0.03596109546966982,0.03717257318952234,0.04519414385741566,0.31456235439819397,0.5944747802860711,1.0657568805064024,0.6291247087963879,0.5944747802860711,0.7105045870042682,0.2696136997212266,0.3378675735147029,0.37666666666666665,97.5,100.0,5180,5639,3763,30,5,510,0.005791505791505791,8.866820358219542E-4,0.1355301621047037,0.6000000000000001,0.5,0.1,0.30000000000000004,85.0,25.0,75.0,0.6000000000000001,0.5,0.1,0.30000000000000004,85.0,25.0,75.0,5076,5003,73,5076,0.01438140267927502,0.574733866035053,1.0,0.574733866035053,1647,0.32920247851289225,1.0,1
"iteration_5","SCOPE_DATA_COLLECTION",1200,30,1870.0,1930.0,2,7802,5197,1583,7551,5136,1515,7533,4999,1500,281,193,71,0.03596109546966982,0.03717257318952234,0.04519414385741566,0.31456235439819397,0.5944747802860711,1.0657568805064024,0.6291247087963879,0.5944747802860711,0.7105045870042682,0.2696136997212266,0.3378675735147029,0.37666666666666665,97.5,100.0,5180,5639,3763,30,5,510,0.005791505791505791,8.866820358219542E-4,0.1355301621047037,0.6000000000000001,0.5,0.1,0.30000000000000004,85.0,25.0,75.0,0.6000000000000001,0.5,0.1,0.30000000000000004,85.0,25.0,75.0,1590,1566,24,1590,0.01509433962264151,1.035618500010213,1.5,0.690412333340142,568,0.36270753512132825,1.0,1
"iteration_5","SCOPE_DATA_COLLECTION",1200,31,1930.0,1990.0,0,7533,5076,1590,7802,5197,1583,7389,5005,1562,121,73,24,0.016111850865512648,0.014375738479716424,0.015132408575031526,0.30399265312889184,0.5749227447013827,1.0359418289924973,0.6079853062577837,0.5749227447013827,0.6906278859949982,0.2617404249560157,0.3300699300699301,0.36363636363636365,100.0,100.0,5020,5528,3651,13,4,201,0.0025896414342629482,7.23589001447178E-4,0.05505341002465078,0.6000000000000001,0.5,0.1,0.30000000000000004,85.0,25.0,75.0,0.8,0.30000000000000004,0.8,0.4,30.0,20.0,95.0,7557,7545,12,7557,0.0015879317189360857,0.3005490125994659,0.5,0.6010980251989319,1880,0.2491716368455931,1.0,1
"iteration_5","SCOPE_DATA_COLLECTION",1200,31,1930.0,1990.0,1,7533,5076,1590,7802,5197,1583,7389,5005,1562,121,73,24,0.016111850865512648,0.014375738479716424,0.015132408575031526,0.30399265312889184,0.5749227447013827,1.0359418289924973,0.6079853062577837,0.5749227447013827,0.6906278859949982,0.2617404249560157,0.3300699300699301,0.36363636363636365,100.0,100.0,5020,5528,3651,13,4,201,0.0025896414342629482,7.23589001447178E-4,0.05505341002465078,0.6000000000000001,0.5,0.1,0.30000000000000004,85.0,25.0,75.0,0.8,0.30000000000000004,0.8,0.4,30.0,20.0,95.0,5218,5185,33,5218,0.006324262169413568,0.6506701026805658,1.0,0.6506701026805658,1842,0.35525554484088717,1.0,1
"iteration_5","SCOPE_DATA_COLLECTION",1200,31,1930.0,1990.0,2,7533,5076,1590,7802,5197,1583,7389,5005,1562,121,73,24,0.016111850865512648,0.014375738479716424,0.015132408575031526,0.30399265312889184,0.5749227447013827,1.0359418289924973,0.6079853062577837,0.5749227447013827,0.6906278859949982,0.2617404249560157,0.3300699300699301,0.36363636363636365,100.0,100.0,5020,5528,3651,13,4,201,0.0025896414342629482,7.23589001447178E-4,0.05505341002465078,0.6000000000000001,0.5,0.1,0.30000000000000004,85.0,25.0,75.0,0.8,0.30000000000000004,0.8,0.4,30.0,20.0,95.0,1512,1485,27,1512,0.017857142857142856,1.045934178602419,1.5,0.6972894524016127,536,0.36094276094276095,1.0,1
"iteration_5","SCOPE_DATA_COLLECTION",1200,32,1990.0,2050.0,0,7557,5218,1512,7533,5076,1590,7558,5192,1500,12,33,26,0.001585204755614267,0.00631578947368421,0.01703800786369594,0.3004742386280355,0.6469052993719882,1.0453251504211754,0.600948477256071,0.6469052993719882,0.6968834336141169,0.24927229425774014,0.35208012326656396,0.3606666666666667,97.5,100.0,5369,7081,1837,66,5,0,0.012292791953808902,7.061149555147578E-4,0.0,0.8,0.30000000000000004,0.8,0.4,30.0,20.0,95.0,0.9,0.30000000000000004,0.9,0.5,40.0,20.0,85.0,7535,7523,12,7535,0.0015925680159256802,0.3095526226185074,0.5,0.6191052452370148,1972,0.2621294696264788,1.0,1
"iteration_5","SCOPE_DATA_COLLECTION",1200,32,1990.0,2050.0,1,7557,5218,1512,7533,5076,1590,7558,5192,1500,12,33,26,0.001585204755614267,0.00631578947368421,0.01703800786369594,0.3004742386280355,0.6469052993719882,1.0453251504211754,0.600948477256071,0.6469052993719882,0.6968834336141169,0.24927229425774014,0.35208012326656396,0.3606666666666667,97.5,100.0,5369,7081,1837,66,5,0,0.012292791953808902,7.061149555147578E-4,0.0,0.8,0.30000000000000004,0.8,0.4,30.0,20.0,95.0,0.9,0.30000000000000004,0.9,0.5,40.0,20.0,85.0,5149,5109,40,5149,0.007768498737618955,0.6652937031556031,1.0,0.6652937031556031,1875,0.3669994128009395,1.0,1
"iteration_5","SCOPE_DATA_COLLECTION",1200,32,1990.0,2050.0,2,7557,5218,1512,7533,5076,1590,7558,5192,1500,12,33,26,0.001585204755614267,0.00631578947368421,0.01703800786369594,0.3004742386280355,0.6469052993719882,1.0453251504211754,0.600948477256071,0.6469052993719882,0.6968834336141169,0.24927229425774014,0.35208012326656396,0.3606666666666667,97.5,100.0,5369,7081,1837,66,5,0,0.012292791953808902,7.061149555147578E-4,0.0,0.8,0.30000000000000004,0.8,0.4,30.0,20.0,95.0,0.9,0.30000000000000004,0.9,0.5,40.0,20.0,85.0,1562,1534,28,1562,0.01792573623559539,1.0085768214648596,1.5,0.6723845476432397,520,0.3389830508474576,1.0,1
"iteration_5","SCOPE_DATA_COLLECTION",1200,33,2050.0,2110.0,0,7535,5149,1562,7557,5218,1512,7513,5076,1528,12,40,29,0.0015946843853820599,0.007818608287724784,0.018625561978163133,0.3099045817261272,0.6622867045304232,1.0048517559546293,0.6198091634522545,0.6622867045304232,0.6699011706364195,0.2619459603354186,0.3656422379826635,0.337696335078534,100.0,100.0,5418,7941,887,72,9,0,0.013289036544850499,0.0011333585190782018,0.0,0.9,0.30000000000000004,0.9,0.5,40.0,20.0,85.0,0.9,0.2,0.9,0.6000000000000001,50.0,20.0,95.0,7668,7656,12,7668,0.001564945226917058,0.29206648538292024,0.5,0.5841329707658405,1848,0.2413793103448276,1.0,1
"iteration_5","SCOPE_DATA_COLLECTION",1200,33,2050.0,2110.0,1,7535,5149,1562,7557,5218,1512,7513,5076,1528,12,40,29,0.0015946843853820599,0.007818608287724784,0.018625561978163133,0.3099045817261272,0.6622867045304232,1.0048517559546293,0.6198091634522545,0.6622867045304232,0.6699011706364195,0.2619459603354186,0.3656422379826635,0.337696335078534,100.0,100.0,5418,7941,887,72,9,0,0.013289036544850499,0.0011333585190782018,0.0,0.9,0.30000000000000004,0.9,0.5,40.0,20.0,85.0,0.9,0.2,0.9,0.6000000000000001,50.0,20.0,95.0,5086,5045,41,5086,0.008061344868265827,0.6380683526706191,1.0,0.6380683526706191,1755,0.3478691774033697,1.0,1
"iteration_5","SCOPE_DATA_COLLECTION",1200,33,2050.0,2110.0,2,7535,5149,1562,7557,5218,1512,7513,5076,1528,12,40,29,0.0015946843853820599,0.007818608287724784,0.018625561978163133,0.3099045817261272,0.6622867045304232,1.0048517559546293,0.6198091634522545,0.6622867045304232,0.6699011706364195,0.2619459603354186,0.3656422379826635,0.337696335078534,100.0,100.0,5418,7941,887,72,9,0,0.013289036544850499,0.0011333585190782018,0.0,0.9,0.30000000000000004,0.9,0.5,40.0,20.0,85.0,0.9,0.2,0.9,0.6000000000000001,50.0,20.0,95.0,1621,1593,28,1621,0.01727328809376928,1.0561038150797355,1.5,0.704069210053157,580,0.36409290646578785,1.0,1
"iteration_5","SCOPE_DATA_COLLECTION",1200,34,2110.0,2170.0,0,7668,5086,1621,7535,5149,1562,7653,5071,1584,12,41,28,0.0015655577299412916,0.008020344287949921,0.017369727047146403,0.2914394724519502,0.6396212487241406,1.0551015923528244,0.5828789449039004,0.6396212487241406,0.7034010615685496,0.2412125963674376,0.3486491816209821,0.36363636363636365,100.0,100.0,5344,8196,835,75,6,0,0.01403443113772455,7.320644216691069E-4,0.0,0.9,0.2,0.9,0.6000000000000001,50.0,20.0,95.0,0.8,0.1,0.9,0.5,60.0,30.0,95.0,7744,7735,9,7744,0.0011621900826446281,0.27807635820034904,0.5,0.5561527164006981,1716,0.2218487394957983,1.0,1
"iteration_5","SCOPE_DATA_COLLECTION",1200,34,2110.0,2170.0,1,7668,5086,1621,7535,5149,1562,7653,5071,1584,12,41,28,0.0015655577299412916,0.008020344287949921,0.017369727047146403,0.2914394724519502,0.6396212487241406,1.0551015923528244,0.5828789449039004,0.6396212487241406,0.7034010615685496,0.2412125963674376,0.3486491816209821,0.36363636363636365,100.0,100.0,5344,8196,835,75,6,0,0.01403443113772455,7.320644216691069E-4,0.0,0.9,0.2,0.9,0.6000000000000001,50.0,20.0,95.0,0.8,0.1,0.9,0.5,60.0,30.0,95.0,5000,4971,29,5000,0.0058,0.6456060736658633,1.0,0.6456060736658633,1756,0.3532488432910883,1.0,1
"iteration_5","SCOPE_DATA_COLLECTION",1200,34,2110.0,2170.0,2,7668,5086,1621,7535,5149,1562,7653,5071,1584,12,41,28,0.0015655577299412916,0.008020344287949921,0.017369727047146403,0.2914394724519502,0.6396212487241406,1.0551015923528244,0.5828789449039004,0.6396212487241406,0.7034010615685496,0.2412125963674376,0.3486491816209821,0.36363636363636365,100.0,100.0,5344,8196,835,75,6,0,0.01403443113772455,7.320644216691069E-4,0.0,0.9,0.2,0.9,0.6000000000000001,50.0,20.0,95.0,0.8,0.1,0.9,0.5,60.0,30.0,95.0,1577,1563,14,1577,0.008877615726062143,1.05719928121038,1.5,0.7047995208069201,585,0.3742802303262956,1.0,1
"iteration_5","SCOPE_DATA_COLLECTION",1200,35,2170.0,2230.0,0,7744,5000,1577,7668,5086,1621,7755,4981,1565,9,29,14,0.00115919629057187,0.005788423153692615,0.008866371120962635,0.27926738892075786,0.6471545173483814,1.0599345470311907,0.5585347778415157,0.6471545173483814,0.7066230313541272,0.22346872985170857,0.35434651676370205,0.3738019169329074,100.0,100.0,5384,7199,1738,49,3,0,0.009101040118870729,4.1672454507570494E-4,0.0,0.8,0.1,0.9,0.5,60.0,30.0,95.0,0.9,0.1,0.9,0.6000000000000001,60.0,30.0,85.0,7751,7736,15,7751,0.0019352341633337635,0.2847796953035755,0.5,0.569559390607151,1722,0.22259565667011375,1.0,1
"iteration_5","SCOPE_DATA_COLLECTION",1200,35,2170.0,2230.0,1,7744,5000,1577,7668,5086,1621,7755,4981,1565,9,29,14,0.00115919629057187,0.005788423153692615,0.008866371120962635,0.27926738892075786,0.6471545173483814,1.0599345470311907,0.5585347778415157,0.6471545173483814,0.7066230313541272,0.22346872985170857,0.35434651676370205,0.3738019169329074,100.0,100.0,5384,7199,1738,49,3,0,0.009101040118870729,4.1672454507570494E-4,0.0,0.8,0.1,0.9,0.5,60.0,30.0,95.0,0.9,0.1,0.9,0.6000000000000001,60.0,30.0,85.0,5138,5111,27,5138,0.005254963020630596,0.6369186947700702,1.0,0.6369186947700702,1799,0.3519859127372334,1.0,1
"iteration_5","SCOPE_DATA_COLLECTION",1200,35,2170.0,2230.0,2,7744,5000,1577,7668,5086,1621,7755,4981,1565,9,29,14,0.00115919629057187,0.005788423153692615,0.008866371120962635,0.27926738892075786,0.6471545173483814,1.0599345470311907,0.5585347778415157,0.6471545173483814,0.7066230313541272,0.22346872985170857,0.35434651676370205,0.3738019169329074,100.0,100.0,5384,7199,1738,49,3,0,0.009101040118870729,4.1672454507570494E-4,0.0,0.8,0.1,0.9,0.5,60.0,30.0,95.0,0.9,0.1,0.9,0.6000000000000001,60.0,30.0,85.0,1579,1547,32,1579,0.02026599113362888,1.0447864822175625,1.5,0.6965243214783751,564,0.3645765998707175,1.0,1
"iteration_5","SCOPE_DATA_COLLECTION",1200,36,2230.0,2290.0,0,7751,5138,1579,7744,5000,1577,7733,5106,1549,15,27,32,0.0019359834796076408,0.005260081823495032,0.02024035420619861,0.2852880070197455,0.6391919911481576,1.0522114832226557,0.570576014039491,0.6391919911481576,0.7014743221484371,0.22345790766843399,0.3525264394829612,0.36927049709489995,100.0,100.0,5397,8187,884,64,10,0,0.011858439874004076,0.0012214486380847686,0.0,0.9,0.1,0.9,0.6000000000000001,60.0,30.0,85.0,0.75,0.9,0.8,0.30000000000000004,90.0,85.0,40.0,7591,7576,15,7591,0.001976024239230668,0.3218685423449648,0.5,0.6437370846899296,2138,0.2822069693769799,1.0,1
"iteration_5","SCOPE_DATA_COLLECTION",1200,36,2230.0,2290.0,1,7751,5138,1579,7744,5000,1577,7733,5106,1549,15,27,32,0.0019359834796076408,0.005260081823495032,0.02024035420619861,0.2852880070197455,0.6391919911481576,1.0522114832226557,0.570576014039491,0.6391919911481576,0.7014743221484371,0.22345790766843399,0.3525264394829612,0.36927049709489995,100.0,100.0,5397,8187,884,64,10,0,0.011858439874004076,0.0012214486380847686,0.0,0.9,0.1,0.9,0.6000000000000001,60.0,30.0,85.0,0.75,0.9,0.8,0.30000000000000004,90.0,85.0,40.0,5224,5188,36,5224,0.006891271056661562,0.6689405755770198,1.0,0.6689405755770198,1867,0.35986892829606787,1.0,1
"iteration_5","SCOPE_DATA_COLLECTION",1200,36,2230.0,2290.0,2,7751,5138,1579,7744,5000,1577,7733,5106,1549,15,27,32,0.0019359834796076408,0.005260081823495032,0.02024035420619861,0.2852880070197455,0.6391919911481576,1.0522114832226557,0.570576014039491,0.6391919911481576,0.7014743221484371,0.22345790766843399,0.3525264394829612,0.36927049709489995,100.0,100.0,5397,8187,884,64,10,0,0.011858439874004076,0.0012214486380847686,0.0,0.9,0.1,0.9,0.6000000000000001,60.0,30.0,85.0,0.75,0.9,0.8,0.30000000000000004,90.0,85.0,40.0,1491,1473,18,1491,0.012072434607645875,1.0624852626691268,1.5,0.7083235084460845,549,0.3727087576374745,1.0,1
"iteration_5","SCOPE_DATA_COLLECTION",1200,37,2290.0,2350.0,0,7591,5224,1491,7751,5138,1579,7568,5180,1477,15,36,18,0.001978108927864961,0.006901840490797546,0.012040133779264214,0.320608178738075,0.6650560376494874,1.0578421113139886,0.64121635747615,0.6650560376494874,0.7052280742093258,0.27999471458773784,0.3584942084942085,0.3696682464454976,100.0,100.0,5352,6721,2233,67,2,0,0.012518684603886398,2.9757476565987203E-4,0.0,0.75,0.9,0.8,0.30000000000000004,90.0,85.0,40.0,0.65,0.8,0.9,0.30000000000000004,80.0,85.0,30.0,7559,7513,46,7559,0.006085461039820082,0.336815795511544,0.5,0.673631591023088,2145,0.28550512445095166,1.0,1
"iteration_5","SCOPE_DATA_COLLECTION",1200,37,2290.0,2350.0,1,7591,5224,1491,7751,5138,1579,7568,5180,1477,15,36,18,0.001978108927864961,0.006901840490797546,0.012040133779264214,0.320608178738075,0.6650560376494874,1.0578421113139886,0.64121635747615,0.6650560376494874,0.7052280742093258,0.27999471458773784,0.3584942084942085,0.3696682464454976,100.0,100.0,5352,6721,2233,67,2,0,0.012518684603886398,2.9757476565987203E-4,0.0,0.75,0.9,0.8,0.30000000000000004,90.0,85.0,40.0,0.65,0.8,0.9,0.30000000000000004,80.0,85.0,30.0,5193,5157,36,5193,0.006932409012131715,0.6717611569273636,1.0,0.6717611569273636,1861,0.3608687221252666,1.0,1
"iteration_5","SCOPE_DATA_COLLECTION",1200,37,2290.0,2350.0,2,7591,5224,1491,7751,5138,1579,7568,5180,1477,15,36,18,0.001978108927864961,0.006901840490797546,0.012040133779264214,0.320608178738075,0.6650560376494874,1.0578421113139886,0.64121635747615,0.6650560376494874,0.7052280742093258,0.27999471458773784,0.3584942084942085,0.3696682464454976,100.0,100.0,5352,6721,2233,67,2,0,0.012518684603886398,2.9757476565987203E-4,0.0,0.75,0.9,0.8,0.30000000000000004,90.0,85.0,40.0,0.65,0.8,0.9,0.30000000000000004,80.0,85.0,30.0,1556,1531,25,1556,0.016066838046272493,1.0388711456482156,1.5,0.6925807637654771,549,0.35858915741345526,1.0,1
"iteration_5","SCOPE_DATA_COLLECTION",1200,38,2350.0,2410.0,0,7559,5193,1556,7591,5224,1491,7499,5160,1529,46,36,25,0.006096752816434725,0.006928406466512702,0.016087516087516088,0.336612000146176,0.6749554820100219,1.0375220236186828,0.673224000292352,0.6749554820100219,0.6916813490791219,0.285904787304974,0.3625968992248062,0.3577501635055592,97.5,100.0,5257,5861,3190,73,6,28,0.013886246908883394,0.0010237160894045385,0.00877742946708464,0.65,0.8,0.9,0.30000000000000004,80.0,85.0,30.0,0.55,0.8,0.9,0.30000000000000004,80.0,95.0,20.0,7706,7107,599,7706,0.07773163768492083,0.3490916317148864,0.5,0.6981832634297728,2163,0.30434782608695654,1.0,1
"iteration_5","SCOPE_DATA_COLLECTION",1200,38,2350.0,2410.0,1,7559,5193,1556,7591,5224,1491,7499,5160,1529,46,36,25,0.006096752816434725,0.006928406466512702,0.016087516087516088,0.336612000146176,0.6749554820100219,1.0375220236186828,0.673224000292352,0.6749554820100219,0.6916813490791219,0.285904787304974,0.3625968992248062,0.3577501635055592,97.5,100.0,5257,5861,3190,73,6,28,0.013886246908883394,0.0010237160894045385,0.00877742946708464,0.65,0.8,0.9,0.30000000000000004,80.0,85.0,30.0,0.55,0.8,0.9,0.30000000000000004,80.0,95.0,20.0,5103,4630,473,5103,0.09269057417205566,0.6910213164977136,1.0,0.6910213164977136,1732,0.37408207343412525,1.0,1
"iteration_5","SCOPE_DATA_COLLECTION",1200,38,2350.0,2410.0,2,7559,5193,1556,7591,5224,1491,7499,5160,1529,46,36,25,0.006096752816434725,0.006928406466512702,0.016087516087516088,0.336612000146176,0.6749554820100219,1.0375220236186828,0.673224000292352,0.6749554820100219,0.6916813490791219,0.285904787304974,0.3625968992248062,0.3577501635055592,97.5,100.0,5257,5861,3190,73,6,28,0.013886246908883394,0.0010237160894045385,0.00877742946708464,0.65,0.8,0.9,0.30000000000000004,80.0,85.0,30.0,0.55,0.8,0.9,0.30000000000000004,80.0,95.0,20.0,1591,1440,151,1591,0.09490886235072282,1.11932630523969,1.5,0.74621753682646,569,0.3951388888888889,1.0,1
"iteration_5","SCOPE_DATA_COLLECTION",1200,39,2410.0,2470.0,0,7706,5103,1591,7559,5193,1556,7128,4639,1437,599,473,151,0.07752038307234373,0.09252738654147105,0.095088161209068,0.3498226019441444,0.6884892523801931,1.117290524455418,0.6996452038882888,0.6884892523801931,0.7448603496369454,0.30569584736251404,0.37357189049364087,0.39526791927627003,100.0,100.0,5194,5020,4186,66,5,1152,0.012706969580284944,9.9601593625498E-4,0.27520305781175347,0.55,0.8,0.9,0.30000000000000004,80.0,95.0,20.0,0.55,0.8,0.9,0.30000000000000004,80.0,95.0,20.0,7542,7175,367,7542,0.04866083267037921,0.3585082440110597,0.5,0.7170164880221194,2276,0.31721254355400696,1.0,1
"iteration_5","SCOPE_DATA_COLLECTION",1200,39,2410.0,2470.0,1,7706,5103,1591,7559,5193,1556,7128,4639,1437,599,473,151,0.07752038307234373,0.09252738654147105,0.095088161209068,0.3498226019441444,0.6884892523801931,1.117290524455418,0.6996452038882888,0.6884892523801931,0.7448603496369454,0.30569584736251404,0.37357189049364087,0.39526791927627003,100.0,100.0,5194,5020,4186,66,5,1152,0.012706969580284944,9.9601593625498E-4,0.27520305781175347,0.55,0.8,0.9,0.30000000000000004,80.0,95.0,20.0,0.55,0.8,0.9,0.30000000000000004,80.0,95.0,20.0,5081,4825,256,5081,0.05038378271993702,0.6843022897646149,1.0,0.6843022897646149,1740,0.3606217616580311,1.0,1
"iteration_5","SCOPE_DATA_COLLECTION",1200,39,2410.0,2470.0,2,7706,5103,1591,7559,5193,1556,7128,4639,1437,599,473,151,0.07752038307234373,0.09252738654147105,0.095088161209068,0.3498226019441444,0.6884892523801931,1.117290524455418,0.6996452038882888,0.6884892523801931,0.7448603496369454,0.30569584736251404,0.37357189049364087,0.39526791927627003,100.0,100.0,5194,5020,4186,66,5,1152,0.012706969580284944,9.9601593625498E-4,0.27520305781175347,0.55,0.8,0.9,0.30000000000000004,80.0,95.0,20.0,0.55,0.8,0.9,0.30000000000000004,80.0,95.0,20.0,1580,1490,90,1580,0.056962025316455694,1.0768118821474348,1.5,0.7178745880982899,551,0.3697986577181208,1.0,1
"iteration_5","SCOPE_DATA_COLLECTION",1200,40,2470.0,2530.0,0,7542,5081,1580,7706,5103,1591,7181,4805,1498,367,256,90,0.04862215156332803,0.05058288875716262,0.05667506297229219,0.35869991555832703,0.6862005349288425,1.0801426462125039,0.7173998311166541,0.6862005349288425,0.7200950974750026,0.31694750034814095,0.3602497398543184,0.3711615487316422,100.0,100.0,5288,4948,3967,79,2,632,0.014939485627836611,4.042037186742118E-4,0.15931434333249306,0.55,0.8,0.9,0.30000000000000004,80.0,95.0,20.0,0.55,0.8,0.9,0.2,80.0,85.0,30.0,7571,7187,384,7571,0.050719852067098135,0.37155337988116005,0.5,0.7431067597623201,2258,0.31417837762626966,1.0,1
"iteration_5","SCOPE_DATA_COLLECTION",1200,40,2470.0,2530.0,1,7542,5081,1580,7706,5103,1591,7181,4805,1498,367,256,90,0.04862215156332803,0.05058288875716262,0.05667506297229219,0.35869991555832703,0.6862005349288425,1.0801426462125039,0.7173998311166541,0.6862005349288425,0.7200950974750026,0.31694750034814095,0.3602497398543184,0.3711615487316422,100.0,100.0,5288,4948,3967,79,2,632,0.014939485627836611,4.042037186742118E-4,0.15931434333249306,0.55,0.8,0.9,0.30000000000000004,80.0,95.0,20.0,0.55,0.8,0.9,0.2,80.0,85.0,30.0,5109,4808,301,5109,0.05891563906831082,0.7155400192678169,1.0,0.7155400192678169,1840,0.3826955074875208,1.0,1
"iteration_5","SCOPE_DATA_COLLECTION",1200,40,2470.0,2530.0,2,7542,5081,1580,7706,5103,1591,7181,4805,1498,367,256,90,0.04862215156332803,0.05058288875716262,0.05667506297229219,0.35869991555832703,0.6862005349288425,1.0801426462125039,0.7173998311166541,0.6862005349288425,0.7200950974750026,0.31694750034814095,0.3602497398543184,0.3711615487316422,100.0,100.0,5288,4948,3967,79,2,632,0.014939485627836611,4.042037186742118E-4,0.15931434333249306,0.55,0.8,0.9,0.30000000000000004,80.0,95.0,20.0,0.55,0.8,0.9,0.2,80.0,85.0,30.0,1594,1473,121,1594,0.07590966122961104,1.0911733403831763,1.5,0.7274488935887842,561,0.38085539714867617,1.0,1
"iteration_5","SCOPE_DATA_COLLECTION",1200,41,2530.0,2590.0,0,7571,5109,1594,7542,5081,1580,7185,4797,1468,384,301,121,0.05073325406262386,0.05904276186739898,0.07614852108244179,0.3707677521201359,0.7086753208380681,1.0858941297568234,0.7415355042402718,0.7086753208380681,0.7239294198378823,0.31315240083507306,0.3800291849072337,0.3787465940054496,100.0,100.0,5240,4912,4122,53,9,744,0.010114503816793893,0.0018322475570032573,0.1804949053857351,0.55,0.8,0.9,0.2,80.0,85.0,30.0,0.05,0.1,0.5,0.9,25.0,55.0,70.0,7494,3151,4343,7494,0.5795302908993861,0.5077191268541511,0.5,1.0154382537083022,1612,0.511583624246271,1.0,1
"iteration_5","SCOPE_DATA_COLLECTION",1200,41,2530.0,2590.0,1,7571,5109,1594,7542,5081,1580,7185,4797,1468,384,301,121,0.05073325406262386,0.05904276186739898,0.07614852108244179,0.3707677521201359,0.7086753208380681,1.0858941297568234,0.7415355042402718,0.7086753208380681,0.7239294198378823,0.31315240083507306,0.3800291849072337,0.3787465940054496,100.0,100.0,5240,4912,4122,53,9,744,0.010114503816793893,0.0018322475570032573,0.1804949053857351,0.55,0.8,0.9,0.2,80.0,85.0,30.0,0.05,0.1,0.5,0.9,25.0,55.0,70.0,5181,2071,3110,5181,0.600270218104613,1.2339461150184086,1.0,1.2339461150184086,1764,0.8517624336069531,1.0,1
"iteration_5","SCOPE_DATA_COLLECTION",1200,41,2530.0,2590.0,2,7571,5109,1594,7542,5081,1580,7185,4797,1468,384,301,121,0.05073325406262386,0.05904276186739898,0.07614852108244179,0.3707677521201359,0.7086753208380681,1.0858941297568234,0.7415355042402718,0.7086753208380681,0.7239294198378823,0.31315240083507306,0.3800291849072337,0.3787465940054496,100.0,100.0,5240,4912,4122,53,9,744,0.010114503816793893,0.0018322475570032573,0.1804949053857351,0.55,0.8,0.9,0.2,80.0,85.0,30.0,0.05,0.1,0.5,0.9,25.0,55.0,70.0,1546,625,921,1546,0.5957309184993532,2.075545605805194,1.5,1.383697070536796,565,0.904,1.0,1
"iteration_5","SCOPE_DATA_COLLECTION",1200,42,2590.0,2650.0,0,7494,5181,1546,7571,5109,1594,3161,2103,633,4343,3110,921,0.5787579957356077,0.5965854594283522,0.5926640926640927,0.5094751335603324,1.2362166215532697,2.068242109472811,1.0189502671206647,1.2362166215532697,1.378828072981874,0.5134451123062322,0.8487874465049928,0.8988941548183255,100.0,100.0,5360,493,8368,59,1,8314,0.011007462686567163,0.002028397565922921,0.9935468451242829,0.05,0.1,0.5,0.9,25.0,55.0,70.0,0.05,0.1,0.6000000000000001,0.9,25.0,45.0,60.0,7570,3075,4495,7570,0.5937912813738441,0.4960944396995082,0.5,0.9921888793990165,1470,0.47804878048780486,1.0,1
"iteration_5","SCOPE_DATA_COLLECTION",1200,42,2590.0,2650.0,1,7494,5181,1546,7571,5109,1594,3161,2103,633,4343,3110,921,0.5787579957356077,0.5965854594283522,0.5926640926640927,0.5094751335603324,1.2362166215532697,2.068242109472811,1.0189502671206647,1.2362166215532697,1.378828072981874,0.5134451123062322,0.8487874465049928,0.8988941548183255,100.0,100.0,5360,493,8368,59,1,8314,0.011007462686567163,0.002028397565922921,0.9935468451242829,0.05,0.1,0.5,0.9,25.0,55.0,70.0,0.05,0.1,0.6000000000000001,0.9,25.0,45.0,60.0,5229,2128,3101,5229,0.5930388219544847,1.2618130922062305,1.0,1.2618130922062305,1859,0.8735902255639098,1.0,1
"iteration_5","SCOPE_DATA_COLLECTION",1200,42,2590.0,2650.0,2,7494,5181,1546,7571,5109,1594,3161,2103,633,4343,3110,921,0.5787579957356077,0.5965854594283522,0.5926640926640927,0.5094751335603324,1.2362166215532697,2.068242109472811,1.0189502671206647,1.2362166215532697,1.378828072981874,0.5134451123062322,0.8487874465049928,0.8988941548183255,100.0,100.0,5360,493,8368,59,1,8314,0.011007462686567163,0.002028397565922921,0.9935468451242829,0.05,0.1,0.5,0.9,25.0,55.0,70.0,0.05,0.1,0.6000000000000001,0.9,25.0,45.0,60.0,1544,594,950,1544,0.6152849740932642,2.107811602152208,1.5,1.4052077347681386,548,0.9225589225589226,1.0,1
"iteration_5","SCOPE_DATA_COLLECTION",1200,43,2650.0,2710.0,0,7570,5229,1544,7494,5181,1546,3068,2116,596,4495,3100,950,0.5943408700251223,0.5943251533742331,0.6144890038809832,0.49577021150181894,1.2632202842226712,2.106114675527584,0.9915404230036379,1.2632202842226712,1.4040764503517227,0.47816166883963496,0.8742911153119093,0.9228187919463087,100.0,100.0,5409,447,8487,58,0,8487,0.010722869291920872,0.0,1.0,0.05,0.1,0.6000000000000001,0.9,25.0,45.0,60.0,0.05,0.1,0.6000000000000001,0.9,25.0,35.0,70.0,7534,3042,4492,7534,0.596230422086541,0.506455211830408,0.5,1.012910423660816,1502,0.49375410913872453,1.0,1
"iteration_5","SCOPE_DATA_COLLECTION",1200,43,2650.0,2710.0,1,7570,5229,1544,7494,5181,1546,3068,2116,596,4495,3100,950,0.5943408700251223,0.5943251533742331,0.6144890038809832,0.49577021150181894,1.2632202842226712,2.106114675527584,0.9915404230036379,1.2632202842226712,1.4040764503517227,0.47816166883963496,0.8742911153119093,0.9228187919463087,100.0,100.0,5409,447,8487,58,0,8487,0.010722869291920872,0.0,1.0,0.05,0.1,0.6000000000000001,0.9,25.0,45.0,60.0,0.05,0.1,0.6000000000000001,0.9,25.0,35.0,70.0,5174,2074,3100,5174,0.5991495941244684,1.2786938138899466,1.0,1.2786938138899466,1797,0.8664416586306654,1.0,1
"iteration_5","SCOPE_DATA_COLLECTION",1200,43,2650.0,2710.0,2,7570,5229,1544,7494,5181,1546,3068,2116,596,4495,3100,950,0.5943408700251223,0.5943251533742331,0.6144890038809832,0.49577021150181894,1.2632202842226712,2.106114675527584,0.9915404230036379,1.2632202842226712,1.4040764503517227,0.47816166883963496,0.8742911153119093,0.9228187919463087,100.0,100.0,5409,447,8487,58,0,8487,0.010722869291920872,0.0,1.0,0.05,0.1,0.6000000000000001,0.9,25.0,45.0,60.0,0.05,0.1,0.6000000000000001,0.9,25.0,35.0,70.0,1526,615,911,1526,0.5969855832241153,2.121367037770669,1.5,1.4142446918471128,568,0.9235772357723577,1.0,1
"iteration_5","SCOPE_DATA_COLLECTION",1200,44,2710.0,2770.0,0,7534,5174,1526,7570,5229,1544,3037,2087,608,4492,3101,911,0.5966263780050471,0.5977255204317656,0.5997366688610928,0.5063075615142162,1.2767763510773706,2.1241410565320753,1.0126151230284324,1.2767763510773706,1.4160940376880502,0.49357918999012185,0.8667944417824629,0.9226973684210527,97.5,100.0,5365,434,8435,69,0,8435,0.012861136999068034,0.0,1.0,0.05,0.1,0.6000000000000001,0.9,25.0,35.0,70.0,0.9500000000000001,0.5,0.4,0.9,20.0,75.0,20.0,7595,7580,15,7595,0.0019749835418038184,0.3066572626432723,0.5,0.6133145252865446,1967,0.2594986807387863,1.0,1
"iteration_5","SCOPE_DATA_COLLECTION",1200,44,2710.0,2770.0,1,7534,5174,1526,7570,5229,1544,3037,2087,608,4492,3101,911,0.5966263780050471,0.5977255204317656,0.5997366688610928,0.5063075615142162,1.2767763510773706,2.1241410565320753,1.0126151230284324,1.2767763510773706,1.4160940376880502,0.49357918999012185,0.8667944417824629,0.9226973684210527,97.5,100.0,5365,434,8435,69,0,8435,0.012861136999068034,0.0,1.0,0.05,0.1,0.6000000000000001,0.9,25.0,35.0,70.0,0.9500000000000001,0.5,0.4,0.9,20.0,75.0,20.0,5045,5013,32,5045,0.006342913776015857,0.6200434030705604,1.0,0.6200434030705604,1671,0.3333333333333333,1.0,1
"iteration_5","SCOPE_DATA_COLLECTION",1200,44,2710.0,2770.0,2,7534,5174,1526,7570,5229,1544,3037,2087,608,4492,3101,911,0.5966263780050471,0.5977255204317656,0.5997366688610928,0.5063075615142162,1.2767763510773706,2.1241410565320753,1.0126151230284324,1.2767763510773706,1.4160940376880502,0.49357918999012185,0.8667944417824629,0.9226973684210527,97.5,100.0,5365,434,8435,69,0,8435,0.012861136999068034,0.0,1.0,0.05,0.1,0.6000000000000001,0.9,25.0,35.0,70.0,0.9500000000000001,0.5,0.4,0.9,20.0,75.0,20.0,1596,1573,23,1596,0.014411027568922305,1.0690273794273022,1.5,0.7126849196182015,577,0.3668150031786395,1.0,1
"iteration_5","SCOPE_DATA_COLLECTION",1200,45,2770.0,2830.0,0,7595,5045,1596,7534,5174,1526,7555,5004,1570,15,32,23,0.0019815059445178335,0.006354249404289118,0.014438166980539862,0.30600240957535874,0.6231538431345275,1.0728822964957851,0.6120048191507175,0.6231538431345275,0.7152548643305234,0.2579748510919921,0.33433253397282175,0.36942675159235666,97.5,100.0,5130,8650,456,60,8,2,0.011695906432748537,9.248554913294797E-4,0.0043859649122807015,0.9500000000000001,0.5,0.4,0.9,20.0,75.0,20.0,0.8500000000000001,0.5,0.5,0.9,30.0,85.0,20.0,7666,7644,22,7666,0.002869814766501435,0.30799821674943445,0.5,0.6159964334988689,2035,0.2662218733647305,1.0,1
"iteration_5","SCOPE_DATA_COLLECTION",1200,45,2770.0,2830.0,1,7595,5045,1596,7534,5174,1526,7555,5004,1570,15,32,23,0.0019815059445178335,0.006354249404289118,0.014438166980539862,0.30600240957535874,0.6231538431345275,1.0728822964957851,0.6120048191507175,0.6231538431345275,0.7152548643305234,0.2579748510919921,0.33433253397282175,0.36942675159235666,97.5,100.0,5130,8650,456,60,8,2,0.011695906432748537,9.248554913294797E-4,0.0043859649122807015,0.9500000000000001,0.5,0.4,0.9,20.0,75.0,20.0,0.8500000000000001,0.5,0.5,0.9,30.0,85.0,20.0,5172,5153,19,5172,0.0036736272235112144,0.6291460517236633,1.0,0.6291460517236633,1774,0.344265476421502,1.0,1
"iteration_5","SCOPE_DATA_COLLECTION",1200,45,2770.0,2830.0,2,7595,5045,1596,7534,5174,1526,7555,5004,1570,15,32,23,0.0019815059445178335,0.006354249404289118,0.014438166980539862,0.30600240957535874,0.6231538431345275,1.0728822964957851,0.6120048191507175,0.6231538431345275,0.7152548643305234,0.2579748510919921,0.33433253397282175,0.36942675159235666,97.5,100.0,5130,8650,456,60,8,2,0.011695906432748537,9.248554913294797E-4,0.0043859649122807015,0.9500000000000001,0.5,0.4,0.9,20.0,75.0,20.0,0.8500000000000001,0.5,0.5,0.9,30.0,85.0,20.0,1498,1471,27,1498,0.018024032042723633,1.0707538464479602,1.5,0.7138358976319735,548,0.3725356900067981,1.0,1
"iteration_5","SCOPE_DATA_COLLECTION",1200,46,2830.0,2890.0,0,7666,5172,1498,7595,5045,1596,7678,5146,1470,22,19,27,0.002857142857142857,0.0036786060019361085,0.018036072144288578,0.30841712461734444,0.6251103422910292,1.0666268227878872,0.6168342492346889,0.6251103422910292,0.7110845485252582,0.26712685595207086,0.34259619121647883,0.3707482993197279,100.0,100.0,5296,7662,1378,62,6,0,0.011706948640483383,7.830853563038371E-4,0.0,0.8500000000000001,0.5,0.5,0.9,30.0,85.0,20.0,0.75,0.4,0.5,0.8,30.0,85.0,30.0,7521,7509,12,7521,0.0015955325089748703,0.3039276784174053,0.5,0.6078553568348106,1959,0.26088693567718735,1.0,1
"iteration_5","SCOPE_DATA_COLLECTION",1200,46,2830.0,2890.0,1,7666,5172,1498,7595,5045,1596,7678,5146,1470,22,19,27,0.002857142857142857,0.0036786060019361085,0.018036072144288578,0.30841712461734444,0.6251103422910292,1.0666268227878872,0.6168342492346889,0.6251103422910292,0.7110845485252582,0.26712685595207086,0.34259619121647883,0.3707482993197279,100.0,100.0,5296,7662,1378,62,6,0,0.011706948640483383,7.830853563038371E-4,0.0,0.8500000000000001,0.5,0.5,0.9,30.0,85.0,20.0,0.75,0.4,0.5,0.8,30.0,85.0,30.0,5142,5105,37,5142,0.007195643718397511,0.6401534043848287,1.0,0.6401534043848287,1796,0.35181194906953966,1.0,1
"iteration_5","SCOPE_DATA_COLLECTION",1200,46,2830.0,2890.0,2,7666,5172,1498,7595,5045,1596,7678,5146,1470,22,19,27,0.002857142857142857,0.0036786060019361085,0.018036072144288578,0.30841712461734444,0.6251103422910292,1.0666268227878872,0.6168342492346889,0.6251103422910292,0.7110845485252582,0.26712685595207086,0.34259619121647883,0.3707482993197279,100.0,100.0,5296,7662,1378,62,6,0,0.011706948640483383,7.830853563038371E-4,0.0,0.8500000000000001,0.5,0.5,0.9,30.0,85.0,20.0,0.75,0.4,0.5,0.8,30.0,85.0,30.0,1552,1524,28,1552,0.01804123711340206,1.0567036428615426,1.5,0.7044690952410284,553,0.36286089238845143,1.0,1
"iteration_5","SCOPE_DATA_COLLECTION",1200,47,2890.0,2950.0,0,7521,5142,1552,7666,5172,1498,7481,5107,1529,12,37,28,0.0016014947284131856,0.007192846034214619,0.01798330122029544,0.3033584971648493,0.6413582412543992,1.0624605592341443,0.6067169943296986,0.6413582412543992,0.7083070394894295,0.260392995588825,0.3520657920501273,0.3655984303466318,100.0,100.0,5292,6667,2256,72,5,0,0.013605442176870748,7.499625018749063E-4,0.0,0.75,0.4,0.5,0.8,30.0,85.0,30.0,0.75,0.4,0.5,0.8,30.0,85.0,30.0,7688,7641,47,7688,0.006113423517169615,0.30234748481034396,0.5,0.6046949696206879,2010,0.26305457400863763,1.0,1
"iteration_5","SCOPE_DATA_COLLECTION",1200,47,2890.0,2950.0,1,7521,5142,1552,7666,5172,1498,7481,5107,1529,12,37,28,0.0016014947284131856,0.007192846034214619,0.01798330122029544,0.3033584971648493,0.6413582412543992,1.0624605592341443,0.6067169943296986,0.6413582412543992,0.7083070394894295,0.260392995588825,0.3520657920501273,0.3655984303466318,100.0,100.0,5292,6667,2256,72,5,0,0.013605442176870748,7.499625018749063E-4,0.0,0.75,0.4,0.5,0.8,30.0,85.0,30.0,0.75,0.4,0.5,0.8,30.0,85.0,30.0,5202,5154,48,5202,0.00922722029988466,0.6351231235229823,1.0,0.6351231235229823,1774,0.3441986806363989,1.0,1
"iteration_5","SCOPE_DATA_COLLECTION",1200,47,2890.0,2950.0,2,7521,5142,1552,7666,5172,1498,7481,5107,1529,12,37,28,0.0016014947284131856,0.007192846034214619,0.01798330122029544,0.3033584971648493,0.6413582412543992,1.0624605592341443,0.6067169943296986,0.6413582412543992,0.7083070394894295,0.260392995588825,0.3520657920501273,0.3655984303466318,100.0,100.0,5292,6667,2256,72,5,0,0.013605442176870748,7.499625018749063E-4,0.0,0.75,0.4,0.5,0.8,30.0,85.0,30.0,0.75,0.4,0.5,0.8,30.0,85.0,30.0,1589,1552,37,1589,0.02328508495909377,1.0665842977975224,1.5,0.7110561985316816,569,0.36662371134020616,1.0,1
"iteration_5","SCOPE_DATA_COLLECTION",1200,48,2950.0,3010.0,0,7688,5202,1589,7521,5142,1552,7645,5152,1552,47,48,37,0.006110244409776391,0.009230769230769232,0.02328508495909377,0.3019362267818293,0.6350140330947978,1.0658562474048374,0.6038724535636586,0.6350140330947978,0.710570831603225,0.26278613472858076,0.34452639751552794,0.36662371134020616,100.0,100.0,5282,6852,2345,78,54,0,0.01476713366149186,0.00788091068301226,0.0,0.75,0.4,0.5,0.8,30.0,85.0,30.0,0.2,0.1,0.1,0.5,20.0,50.0,40.0,7636,3954,3682,7636,0.4821896280775275,0.4852874957889702,0.5,0.9705749915779404,1710,0.4324734446130501,1.0,1
"iteration_5","SCOPE_DATA_COLLECTION",1200,48,2950.0,3010.0,1,7688,5202,1589,7521,5142,1552,7645,5152,1552,47,48,37,0.006110244409776391,0.009230769230769232,0.02328508495909377,0.3019362267818293,0.6350140330947978,1.0658562474048374,0.6038724535636586,0.6350140330947978,0.710570831603225,0.26278613472858076,0.34452639751552794,0.36662371134020616,100.0,100.0,5282,6852,2345,78,54,0,0.01476713366149186,0.00788091068301226,0.0,0.75,0.4,0.5,0.8,30.0,85.0,30.0,0.2,0.1,0.1,0.5,20.0,50.0,40.0,5210,2709,2501,5210,0.4800383877159309,1.041129646884421,1.0,1.041129646884421,1892,0.6984126984126984,1.0,1
"iteration_5","SCOPE_DATA_COLLECTION",1200,48,2950.0,3010.0,2,7688,5202,1589,7521,5142,1552,7645,5152,1552,47,48,37,0.006110244409776391,0.009230769230769232,0.02328508495909377,0.3019362267818293,0.6350140330947978,1.0658562474048374,0.6038724535636586,0.6350140330947978,0.710570831603225,0.26278613472858076,0.34452639751552794,0.36662371134020616,100.0,100.0,5282,6852,2345,78,54,0,0.01476713366149186,0.00788091068301226,0.0,0.75,0.4,0.5,0.8,30.0,85.0,30.0,0.2,0.1,0.1,0.5,20.0,50.0,40.0,1517,770,747,1517,0.4924192485168095,1.7021592754179826,1.5,1.1347728502786552,563,0.7311688311688311,1.0,1
"iteration_5","SCOPE_DATA_COLLECTION",1200,49,3010.0,3070.0,0,7636,5210,1517,7688,5202,1589,3979,2722,771,3682,2501,747,0.4806161075577601,0.4788435764886081,0.49209486166007904,0.4872006880452146,1.0426536479860882,1.6948187280859963,0.9744013760904292,1.0426536479860882,1.1298791520573308,0.4352852475496356,0.6972814107274063,0.7250324254215305,97.5,100.0,5398,1816,7149,28,5,6897,0.005187106335679882,0.0027533039647577094,0.9647503147293328,0.2,0.1,0.1,0.5,20.0,50.0,40.0,0.35000000000000003,0.4,0.6000000000000001,0.5,45.0,65.0,85.0,7734,4740,2994,7734,0.38712179984484096,0.4433328528247271,0.5,0.8866657056494542,2020,0.42616033755274263,1.0,1
"iteration_5","SCOPE_DATA_COLLECTION",1200,49,3010.0,3070.0,1,7636,5210,1517,7688,5202,1589,3979,2722,771,3682,2501,747,0.4806161075577601,0.4788435764886081,0.49209486166007904,0.4872006880452146,1.0426536479860882,1.6948187280859963,0.9744013760904292,1.0426536479860882,1.1298791520573308,0.4352852475496356,0.6972814107274063,0.7250324254215305,97.5,100.0,5398,1816,7149,28,5,6897,0.005187106335679882,0.0027533039647577094,0.9647503147293328,0.2,0.1,0.1,0.5,20.0,50.0,40.0,0.35000000000000003,0.4,0.6000000000000001,0.5,45.0,65.0,85.0,5182,3200,1982,5182,0.38247780779621765,0.9195017437924746,1.0,0.9195017437924746,1798,0.561875,1.0,1
"iteration_5","SCOPE_DATA_COLLECTION",1200,49,3010.0,3070.0,2,7636,5210,1517,7688,5202,1589,3979,2722,771,3682,2501,747,0.4806161075577601,0.4788435764886081,0.49209486166007904,0.4872006880452146,1.0426536479860882,1.6948187280859963,0.9744013760904292,1.0426536479860882,1.1298791520573308,0.4352852475496356,0.6972814107274063,0.7250324254215305,97.5,100.0,5398,1816,7149,28,5,6897,0.005187106335679882,0.0027533039647577094,0.9647503147293328,0.2,0.1,0.1,0.5,20.0,50.0,40.0,0.35000000000000003,0.4,0.6000000000000001,0.5,45.0,65.0,85.0,1570,934,636,1570,0.4050955414012739,1.4518349859210105,1.5,0.9678899906140069,526,0.563169164882227,1.0,1
"iteration_5","SCOPE_DATA_COLLECTION",1200,50,3070.0,3130.0,0,7734,5182,1570,7636,5210,1517,4717,3192,931,2994,1982,636,0.3882764881338348,0.38306919211441826,0.40587109125717935,0.44169611273795456,0.9164766649853451,1.4545325750533167,0.8833922254759091,0.9164766649853451,0.9696883833688777,0.4252702989188043,0.5614035087719298,0.5671321160042965,100.0,100.0,5348,3157,5981,81,1,5530,0.015145848915482424,3.167564143173899E-4,0.9245945494064538,0.35000000000000003,0.4,0.6000000000000001,0.5,45.0,65.0,85.0,0.35000000000000003,0.30000000000000004,0.7000000000000001,0.4,35.0,55.0,85.0,7607,4663,2944,7607,0.38701196266596555,0.4116631441054219,0.5,0.8233262882108437,1888,0.40488955607977695,1.0,1
"iteration_5","SCOPE_DATA_COLLECTION",1200,50,3070.0,3130.0,1,7734,5182,1570,7636,5210,1517,4717,3192,931,2994,1982,636,0.3882764881338348,0.38306919211441826,0.40587109125717935,0.44169611273795456,0.9164766649853451,1.4545325750533167,0.8833922254759091,0.9164766649853451,0.9696883833688777,0.4252702989188043,0.5614035087719298,0.5671321160042965,100.0,100.0,5348,3157,5981,81,1,5530,0.015145848915482424,3.167564143173899E-4,0.9245945494064538,0.35000000000000003,0.4,0.6000000000000001,0.5,45.0,65.0,85.0,0.35000000000000003,0.30000000000000004,0.7000000000000001,0.4,35.0,55.0,85.0,5156,3062,2094,5156,0.4061287820015516,0.9107913108341459,1.0,0.9107913108341459,1735,0.5666231221423906,1.0,1
"iteration_5","SCOPE_DATA_COLLECTION",1200,50,3070.0,3130.0,2,7734,5182,1570,7636,5210,1517,4717,3192,931,2994,1982,636,0.3882764881338348,0.38306919211441826,0.40587109125717935,0.44169611273795456,0.9164766649853451,1.4545325750533167,0.8833922254759091,0.9164766649853451,0.9696883833688777,0.4252702989188043,0.5614035087719298,0.5671321160042965,100.0,100.0,5348,3157,5981,81,1,5530,0.015145848915482424,3.167564143173899E-4,0.9245945494064538,0.35000000000000003,0.4,0.6000000000000001,0.5,45.0,65.0,85.0,0.35000000000000003,0.30000000000000004,0.7000000000000001,0.4,35.0,55.0,85.0,1545,903,642,1545,0.4155339805825243,1.5505708748421367,1.5,1.0337139165614244,561,0.6212624584717608,1.0,1
"iteration_5","SCOPE_DATA_COLLECTION",1200,51,3130.0,3190.0,0,7607,5156,1545,7734,5182,1570,4675,3061,905,2944,2093,641,0.38640241501509387,0.40609235545207606,0.41461836998706336,0.41294682870167887,0.9084916237787374,1.5513563804512607,0.8258936574033577,0.9084916237787374,1.0342375869675071,0.40449197860962566,0.5648480888598497,0.6198895027624309,95.0,100.0,5261,3070,5977,73,0,5605,0.013875689032503326,0.0,0.9377614187719592,0.35000000000000003,0.30000000000000004,0.7000000000000001,0.4,35.0,55.0,85.0,0.25,0.4,0.8,0.5,25.0,65.0,75.0,7759,4126,3633,7759,0.4682304420672767,0.4826820094208273,0.5,0.9653640188416546,2067,0.5009694619486185,1.0,1
"iteration_5","SCOPE_DATA_COLLECTION",1200,51,3130.0,3190.0,1,7607,5156,1545,7734,5182,1570,4675,3061,905,2944,2093,641,0.38640241501509387,0.40609235545207606,0.41461836998706336,0.41294682870167887,0.9084916237787374,1.5513563804512607,0.8258936574033577,0.9084916237787374,1.0342375869675071,0.40449197860962566,0.5648480888598497,0.6198895027624309,95.0,100.0,5261,3070,5977,73,0,5605,0.013875689032503326,0.0,0.9377614187719592,0.35000000000000003,0.30000000000000004,0.7000000000000001,0.4,35.0,55.0,85.0,0.25,0.4,0.8,0.5,25.0,65.0,75.0,5195,2679,2516,5195,0.4843118383060635,1.0348424044528068,1.0,1.0348424044528068,1753,0.6543486375513251,1.0,1
"iteration_5","SCOPE_DATA_COLLECTION",1200,51,3130.0,3190.0,2,7607,5156,1545,7734,5182,1570,4675,3061,905,2944,2093,641,0.38640241501509387,0.40609235545207606,0.41461836998706336,0.41294682870167887,0.9084916237787374,1.5513563804512607,0.8258936574033577,0.9084916237787374,1.0342375869675071,0.40449197860962566,0.5648480888598497,0.6198895027624309,95.0,100.0,5261,3070,5977,73,0,5605,0.013875689032503326,0.0,0.9377614187719592,0.35000000000000003,0.30000000000000004,0.7000000000000001,0.4,35.0,55.0,85.0,0.25,0.4,0.8,0.5,25.0,65.0,75.0,1554,784,770,1554,0.4954954954954955,1.747167990659649,1.5,1.1647786604397659,565,0.7206632653061225,1.0,1
"iteration_5","SCOPE_DATA_COLLECTION",1200,52,3190.0,3250.0,0,7759,5195,1554,7607,5156,1545,4126,2674,794,3633,2517,771,0.4682304420672767,0.48487767289539585,0.4926517571884984,0.4821186711720759,1.0369964642059228,1.7437011842295167,0.9642373423441518,1.0369964642059228,1.162467456153011,0.5009694619486185,0.6548242333582648,0.7204030226700252,100.0,100.0,5346,2261,6901,79,2,6840,0.014777403666292556,8.845643520566122E-4,0.9911607013476308,0.25,0.4,0.8,0.5,25.0,65.0,75.0,0.25,0.4,0.8,0.5,25.0,65.0,75.0,7706,4055,3651,7706,0.47378665974565276,0.49116100468224594,0.5,0.9823220093644919,2067,0.5097410604192355,1.0,1
"iteration_5","SCOPE_DATA_COLLECTION",1200,52,3190.0,3250.0,1,7759,5195,1554,7607,5156,1545,4126,2674,794,3633,2517,771,0.4682304420672767,0.48487767289539585,0.4926517571884984,0.4821186711720759,1.0369964642059228,1.7437011842295167,0.9642373423441518,1.0369964642059228,1.162467456153011,0.5009694619486185,0.6548242333582648,0.7204030226700252,100.0,100.0,5346,2261,6901,79,2,6840,0.014777403666292556,8.845643520566122E-4,0.9911607013476308,0.25,0.4,0.8,0.5,25.0,65.0,75.0,0.25,0.4,0.8,0.5,25.0,65.0,75.0,5151,2737,2414,5151,0.46864686468646866,1.0316887609441736,1.0,1.0316887609441736,1825,0.6667884545122397,1.0,1
"iteration_5","SCOPE_DATA_COLLECTION",1200,52,3190.0,3250.0,2,7759,5195,1554,7607,5156,1545,4126,2674,794,3633,2517,771,0.4682304420672767,0.48487767289539585,0.4926517571884984,0.4821186711720759,1.0369964642059228,1.7437011842295167,0.9642373423441518,1.0369964642059228,1.162467456153011,0.5009694619486185,0.6548242333582648,0.7204030226700252,100.0,100.0,5346,2261,6901,79,2,6840,0.014777403666292556,8.845643520566122E-4,0.9911607013476308,0.25,0.4,0.8,0.5,25.0,65.0,75.0,0.25,0.4,0.8,0.5,25.0,65.0,75.0,1508,785,723,1508,0.47944297082228116,1.6284993792497569,1.5,1.0856662528331713,526,0.6700636942675159,1.0,1
"iteration_5","SCOPE_DATA_COLLECTION",1200,53,3250.0,3310.0,0,7706,5151,1508,7759,5195,1554,4036,2718,776,3651,2412,723,0.47495772082737087,0.47017543859649125,0.48232154769846564,0.4839022698934163,1.0249617322647842,1.626546289106926,0.9678045397868326,1.0249617322647842,1.0843641927379506,0.5059464816650149,0.6637233259749816,0.6662371134020618,100.0,100.0,5377,2233,6755,75,3,6708,0.013948298307606471,0.0013434841021047917,0.9930421909696521,0.25,0.4,0.8,0.5,25.0,65.0,75.0,0.25,0.4,0.7000000000000001,0.5,35.0,55.0,85.0,7685,4019,3666,7685,0.47703318152244634,0.47425694241877525,0.5,0.9485138848375505,1965,0.488927593928838,1.0,1
"iteration_5","SCOPE_DATA_COLLECTION",1200,53,3250.0,3310.0,1,7706,5151,1508,7759,5195,1554,4036,2718,776,3651,2412,723,0.47495772082737087,0.47017543859649125,0.48232154769846564,0.4839022698934163,1.0249617322647842,1.626546289106926,0.9678045397868326,1.0249617322647842,1.0843641927379506,0.5059464816650149,0.6637233259749816,0.6662371134020618,100.0,100.0,5377,2233,6755,75,3,6708,0.013948298307606471,0.0013434841021047917,0.9930421909696521,0.25,0.4,0.8,0.5,25.0,65.0,75.0,0.25,0.4,0.7000000000000001,0.5,35.0,55.0,85.0,5180,2675,2505,5180,0.48359073359073357,1.0171854069401738,1.0,1.0171854069401738,1745,0.6523364485981309,1.0,1
"iteration_5","SCOPE_DATA_COLLECTION",1200,53,3250.0,3310.0,2,7706,5151,1508,7759,5195,1554,4036,2718,776,3651,2412,723,0.47495772082737087,0.47017543859649125,0.48232154769846564,0.4839022698934163,1.0249617322647842,1.626546289106926,0.9678045397868326,1.0249617322647842,1.0843641927379506,0.5059464816650149,0.6637233259749816,0.6662371134020618,100.0,100.0,5377,2233,6755,75,3,6708,0.013948298307606471,0.0013434841021047917,0.9930421909696521,0.25,0.4,0.8,0.5,25.0,65.0,75.0,0.25,0.4,0.7000000000000001,0.5,35.0,55.0,85.0,1606,805,801,1606,0.4987546699875467,1.698374686532071,1.5,1.1322497910213807,559,0.6944099378881987,1.0,1
"iteration_5","SCOPE_DATA_COLLECTION",1200,54,3310.0,3370.0,0,7685,5180,1606,7706,5151,1508,4039,2703,809,3666,2507,801,0.47579493835171965,0.48119001919385795,0.49751552795031057,0.4821567465385707,1.027754392540252,1.6966948763531045,0.9643134930771414,1.027754392540252,1.1311299175687364,0.4924486258974994,0.6570477247502775,0.695920889987639,100.0,100.0,5251,2335,6885,84,5,6885,0.015996952961340696,0.0021413276231263384,1.0,0.25,0.4,0.7000000000000001,0.5,35.0,55.0,85.0,0.4,0.4,0.4,0.2,80.0,80.0,95.0,7627,5337,2290,7627,0.30024911498623313,0.42632673737526794,0.5,0.8526534747505359,2240,0.4197114483792393,1.0,1
"iteration_5","SCOPE_DATA_COLLECTION",1200,54,3310.0,3370.0,1,7685,5180,1606,7706,5151,1508,4039,2703,809,3666,2507,801,0.47579493835171965,0.48119001919385795,0.49751552795031057,0.4821567465385707,1.027754392540252,1.6966948763531045,0.9643134930771414,1.027754392540252,1.1311299175687364,0.4924486258974994,0.6570477247502775,0.695920889987639,100.0,100.0,5251,2335,6885,84,5,6885,0.015996952961340696,0.0021413276231263384,1.0,0.25,0.4,0.7000000000000001,0.5,35.0,55.0,85.0,0.4,0.4,0.4,0.2,80.0,80.0,95.0,5084,3533,1551,5084,0.30507474429583004,0.870848835758377,1.0,0.870848835758377,1796,0.5083498443249364,1.0,1
"iteration_5","SCOPE_DATA_COLLECTION",1200,54,3310.0,3370.0,2,7685,5180,1606,7706,5151,1508,4039,2703,809,3666,2507,801,0.47579493835171965,0.48119001919385795,0.49751552795031057,0.4821567465385707,1.027754392540252,1.6966948763531045,0.9643134930771414,1.027754392540252,1.1311299175687364,0.4924486258974994,0.6570477247502775,0.695920889987639,100.0,100.0,5251,2335,6885,84,5,6885,0.015996952961340696,0.0021413276231263384,1.0,0.25,0.4,0.7000000000000001,0.5,35.0,55.0,85.0,0.4,0.4,0.4,0.2,80.0,80.0,95.0,1607,1078,529,1607,0.32918481642812697,1.432656661923083,1.5,0.9551044412820553,600,0.5565862708719852,1.0,1
"iteration_5","SCOPE_DATA_COLLECTION",1200,55,3370.0,3430.0,0,7627,5084,1607,7685,5180,1606,5346,3538,1065,2290,1551,529,0.2998952331063384,0.3047750049125565,0.3318695106649937,0.42631516319513546,0.8701570157063346,1.4293029957933816,0.8526303263902709,0.8701570157063346,0.9528686638622544,0.42031425364758696,0.5087620124364047,0.5539906103286385,100.0,100.0,5150,3708,5460,53,4,4313,0.01029126213592233,0.0010787486515641855,0.7899267399267399,0.4,0.4,0.4,0.2,80.0,80.0,95.0,0.4,0.4,0.4,0.2,80.0,80.0,95.0,7438,5369,2069,7438,0.2781661737026082,0.430926414944256,0.5,0.861852829888512,2065,0.38461538461538464,1.0,1
"iteration_5","SCOPE_DATA_COLLECTION",1200,55,3370.0,3430.0,1,7627,5084,1607,7685,5180,1606,5346,3538,1065,2290,1551,529,0.2998952331063384,0.3047750049125565,0.3318695106649937,0.42631516319513546,0.8701570157063346,1.4293029957933816,0.8526303263902709,0.8701570157063346,0.9528686638622544,0.42031425364758696,0.5087620124364047,0.5539906103286385,100.0,100.0,5150,3708,5460,53,4,4313,0.01029126213592233,0.0010787486515641855,0.7899267399267399,0.4,0.4,0.4,0.2,80.0,80.0,95.0,0.4,0.4,0.4,0.2,80.0,80.0,95.0,5071,3641,1430,5071,0.28199566160520606,0.8433147648347582,1.0,0.8433147648347582,1768,0.48558088437242514,1.0,1
"iteration_5","SCOPE_DATA_COLLECTION",1200,55,3370.0,3430.0,2,7627,5084,1607,7685,5180,1606,5346,3538,1065,2290,1551,529,0.2998952331063384,0.3047750049125565,0.3318695106649937,0.42631516319513546,0.8701570157063346,1.4293029957933816,0.8526303263902709,0.8701570157063346,0.9528686638622544,0.42031425364758696,0.5087620124364047,0.5539906103286385,100.0,100.0,5150,3708,5460,53,4,4313,0.01029126213592233,0.0010787486515641855,0.7899267399267399,0.4,0.4,0.4,0.2,80.0,80.0,95.0,0.4,0.4,0.4,0.2,80.0,80.0,95.0,1603,1117,486,1603,0.3031815346225827,1.3156784337156497,1.5,0.8771189558104332,551,0.4932855863921218,1.0,1
"iteration_5","SCOPE_DATA_COLLECTION",1200,56,3430.0,3490.0,0,7438,5071,1603,7627,5084,1607,5359,3634,1128,2069,1430,486,0.27854065697361335,0.2823854660347551,0.30111524163568776,0.4308077186996111,0.8413551459779028,1.3183763428754727,0.8616154373992222,0.8413551459779028,0.8789175619169818,0.38402687068482927,0.48321408915795266,0.49645390070921985,97.5,100.0,5144,3548,5420,29,3,3953,0.005637636080870917,8.455467869222097E-4,0.7293357933579335,0.4,0.4,0.4,0.2,80.0,80.0,95.0,0.8,0.30000000000000004,0.8,0.6000000000000001,55.0,40.0,40.0,7593,7586,7,7593,9.21901751613328E-4,0.2941818575545836,0.5,0.5883637151091672,1904,0.25098866332718167,1.0,1
"iteration_5","SCOPE_DATA_COLLECTION",1200,56,3430.0,3490.0,1,7438,5071,1603,7627,5084,1607,5359,3634,1128,2069,1430,486,0.27854065697361335,0.2823854660347551,0.30111524163568776,0.4308077186996111,0.8413551459779028,1.3183763428754727,0.8616154373992222,0.8413551459779028,0.8789175619169818,0.38402687068482927,0.48321408915795266,0.49645390070921985,97.5,100.0,5144,3548,5420,29,3,3953,0.005637636080870917,8.455467869222097E-4,0.7293357933579335,0.4,0.4,0.4,0.2,80.0,80.0,95.0,0.8,0.30000000000000004,0.8,0.6000000000000001,55.0,40.0,40.0,5119,5101,18,5119,0.0035163117796444617,0.6530286555195182,1.0,0.6530286555195182,1835,0.3597333856106646,1.0,1
"iteration_5","SCOPE_DATA_COLLECTION",1200,56,3430.0,3490.0,2,7438,5071,1603,7627,5084,1607,5359,3634,1128,2069,1430,486,0.27854065697361335,0.2823854660347551,0.30111524163568776,0.4308077186996111,0.8413551459779028,1.3183763428754727,0.8616154373992222,0.8413551459779028,0.8789175619169818,0.38402687068482927,0.48321408915795266,0.49645390070921985,97.5,100.0,5144,3548,5420,29,3,3953,0.005637636080870917,8.455467869222097E-4,0.7293357933579335,0.4,0.4,0.4,0.2,80.0,80.0,95.0,0.8,0.30000000000000004,0.8,0.6000000000000001,55.0,40.0,40.0,1525,1488,37,1525,0.024262295081967214,1.0411640010436516,1.5,0.694109334029101,532,0.3575268817204301,1.0,1
"iteration_5","SCOPE_DATA_COLLECTION",1200,57,3490.0,3550.0,0,7593,5119,1525,7438,5071,1603,7588,5104,1483,7,18,37,9.216589861751152E-4,0.003514252245216712,0.024342105263157894,0.29470521503367053,0.6548240740093861,1.0462794046129962,0.5894104300673411,0.6548240740093861,0.6975196030753308,0.2514496573537164,0.3618730407523511,0.35873229939312207,97.5,100.0,5333,7110,1794,59,3,0,0.011063191449465591,4.219409282700422E-4,0.0,0.8,0.30000000000000004,0.8,0.6000000000000001,55.0,40.0,40.0,0.15000000000000002,0.1,0.2,0.30000000000000004,95.0,30.0,90.0,7605,3621,3984,7605,0.5238658777120315,0.4589873962408675,0.5,0.917974792481735,1648,0.4551228942281138,1.0,1
"iteration_5","SCOPE_DATA_COLLECTION",1200,57,3490.0,3550.0,1,7593,5119,1525,7438,5071,1603,7588,5104,1483,7,18,37,9.216589861751152E-4,0.003514252245216712,0.024342105263157894,0.29470521503367053,0.6548240740093861,1.0462794046129962,0.5894104300673411,0.6548240740093861,0.6975196030753308,0.2514496573537164,0.3618730407523511,0.35873229939312207,97.5,100.0,5333,7110,1794,59,3,0,0.011063191449465591,4.219409282700422E-4,0.0,0.8,0.30000000000000004,0.8,0.6000000000000001,55.0,40.0,40.0,0.15000000000000002,0.1,0.2,0.30000000000000004,95.0,30.0,90.0,5020,2327,2693,5020,0.5364541832669323,1.074504014703334,1.0,1.074504014703334,1726,0.7417275461968199,1.0,1
"iteration_5","SCOPE_DATA_COLLECTION",1200,57,3490.0,3550.0,2,7593,5119,1525,7438,5071,1603,7588,5104,1483,7,18,37,9.216589861751152E-4,0.003514252245216712,0.024342105263157894,0.29470521503367053,0.6548240740093861,1.0462794046129962,0.5894104300673411,0.6548240740093861,0.6975196030753308,0.2514496573537164,0.3618730407523511,0.35873229939312207,97.5,100.0,5333,7110,1794,59,3,0,0.011063191449465591,4.219409282700422E-4,0.0,0.8,0.30000000000000004,0.8,0.6000000000000001,55.0,40.0,40.0,0.15000000000000002,0.1,0.2,0.30000000000000004,95.0,30.0,90.0,1507,716,791,1507,0.5248838752488387,1.8126306835490462,1.5,1.208420455699364,569,0.7946927374301676,1.0,1
"iteration_5","SCOPE_DATA_COLLECTION",1200,58,3550.0,3619.522929330811,0,7605,5020,1507,7593,5119,1525,3634,2329,722,3984,2693,791,0.5229719086374377,0.5362405416168857,0.5228023793787178,0.4591497715859937,1.0734427219167482,1.8050285479950379,0.9182995431719874,1.0734427219167482,1.2033523653300253,0.4562465602641717,0.7398024903392014,0.7894736842105263,100.0,100.0,5312,1344,7476,35,3,7430,0.006588855421686747,0.002232142857142857,0.9938469769930444,0.15000000000000002,0.1,0.2,0.30000000000000004,95.0,30.0,90.0,0.05,0.1,0.2,0.2,95.0,20.0,80.0,6357,2538,3798,6336,0.5994318181818182,0.5249704402416024,0.5,1.0499408804832049,1388,0.5468873128447597,0.9966965549787635,0
"iteration_5","SCOPE_DATA_COLLECTION",1200,58,3550.0,3619.522929330811,1,7605,5020,1507,7593,5119,1525,3634,2329,722,3984,2693,791,0.5229719086374377,0.5362405416168857,0.5228023793787178,0.4591497715859937,1.0734427219167482,1.8050285479950379,0.9182995431719874,1.0734427219167482,1.2033523653300253,0.4562465602641717,0.7398024903392014,0.7894736842105263,100.0,100.0,5312,1344,7476,35,3,7430,0.006588855421686747,0.002232142857142857,0.9938469769930444,0.15000000000000002,0.1,0.2,0.30000000000000004,95.0,30.0,90.0,0.05,0.1,0.2,0.2,95.0,20.0,80.0,4288,1714,2529,4243,0.5960405373556446,1.2340090512747801,1.0,1.2340090512747801,1516,0.8844807467911319,0.9895055970149254,0
"iteration_5","SCOPE_DATA_COLLECTION",1200,58,3550.0,3619.522929330811,2,7605,5020,1507,7593,5119,1525,3634,2329,722,3984,2693,791,0.5229719086374377,0.5362405416168857,0.5228023793787178,0.4591497715859937,1.0734427219167482,1.8050285479950379,0.9182995431719874,1.0734427219167482,1.2033523653300253,0.4562465602641717,0.7398024903392014,0.7894736842105263,100.0,100.0,5312,1344,7476,35,3,7430,0.006588855421686747,0.002232142857142857,0.9938469769930444,0.15000000000000002,0.1,0.2,0.30000000000000004,95.0,30.0,90.0,0.05,0.1,0.2,0.2,95.0,20.0,80.0,1286,467,797,1264,0.6305379746835443,2.05189178123667,1.5,1.36792785415778,427,0.9143468950749465,0.9828926905132193,0
"iteration_5","SCOPE_DATA_COLLECTION",1300,0,70.0,130.0,0,7500,4890,1605,0,0,0,7305,4704,1501,157,123,71,0.021039935674082015,0.0254816656308266,0.045165394402035625,0.31632471685953595,0.6520456452430706,1.0342935225554597,0.6326494337190719,0.6520456452430706,0.6895290150369732,0.2702258726899384,0.3509778911564626,0.35376415722851434,100.0,100.0,5125,5413,3457,73,5,273,0.01424390243902439,9.237021984112322E-4,0.07897020538038763,0.6,0.5,0.7,0.4,85.0,80.0,90.0,0.35000000000000003,0.1,0.7000000000000001,0.30000000000000004,65.0,40.0,90.0,8279,5540,2739,8279,0.3308370576156541,0.3718791334705755,0.5,0.743758266941151,1758,0.3173285198555957,1.0,1
"iteration_5","SCOPE_DATA_COLLECTION",1300,0,70.0,130.0,1,7500,4890,1605,0,0,0,7305,4704,1501,157,123,71,0.021039935674082015,0.0254816656308266,0.045165394402035625,0.31632471685953595,0.6520456452430706,1.0342935225554597,0.6326494337190719,0.6520456452430706,0.6895290150369732,0.2702258726899384,0.3509778911564626,0.35376415722851434,100.0,100.0,5125,5413,3457,73,5,273,0.01424390243902439,9.237021984112322E-4,0.07897020538038763,0.6,0.5,0.7,0.4,85.0,80.0,90.0,0.35000000000000003,0.1,0.7000000000000001,0.30000000000000004,65.0,40.0,90.0,5300,3510,1790,5300,0.33773584905660375,0.8443958601464716,1.0,0.8443958601464716,1777,0.5062678062678063,1.0,1
"iteration_5","SCOPE_DATA_COLLECTION",1300,0,70.0,130.0,2,7500,4890,1605,0,0,0,7305,4704,1501,157,123,71,0.021039935674082015,0.0254816656308266,0.045165394402035625,0.31632471685953595,0.6520456452430706,1.0342935225554597,0.6326494337190719,0.6520456452430706,0.6895290150369732,0.2702258726899384,0.3509778911564626,0.35376415722851434,100.0,100.0,5125,5413,3457,73,5,273,0.01424390243902439,9.237021984112322E-4,0.07897020538038763,0.6,0.5,0.7,0.4,85.0,80.0,90.0,0.35000000000000003,0.1,0.7000000000000001,0.30000000000000004,65.0,40.0,90.0,1760,1103,657,1760,0.37329545454545454,1.349509320185361,1.5,0.8996728801235739,578,0.5240253853127833,1.0,1
"iteration_5","SCOPE_DATA_COLLECTION",1300,1,130.0,190.0,0,8279,5300,1760,7500,4890,1605,5551,3520,1111,2739,1790,657,0.3303980699638118,0.3370998116760829,0.37160633484162897,0.3731208945908869,0.8429582471271186,1.3344340603815574,0.7462417891817738,0.8429582471271186,0.8896227069210383,0.319942352729238,0.5036931818181818,0.5139513951395139,100.0,100.0,5419,3451,6469,61,2,5123,0.011256689426093374,5.795421616922632E-4,0.791930746637811,0.35000000000000003,0.1,0.7000000000000001,0.30000000000000004,65.0,40.0,90.0,0.35000000000000003,0.2,0.8,0.2,55.0,30.0,80.0,8308,5387,2921,8308,0.35158883004333175,0.4117934854685031,0.5,0.8235869709370062,2043,0.3792463337664749,1.0,1
"iteration_5","SCOPE_DATA_COLLECTION",1300,1,130.0,190.0,1,8279,5300,1760,7500,4890,1605,5551,3520,1111,2739,1790,657,0.3303980699638118,0.3370998116760829,0.37160633484162897,0.3731208945908869,0.8429582471271186,1.3344340603815574,0.7462417891817738,0.8429582471271186,0.8896227069210383,0.319942352729238,0.5036931818181818,0.5139513951395139,100.0,100.0,5419,3451,6469,61,2,5123,0.011256689426093374,5.795421616922632E-4,0.791930746637811,0.35000000000000003,0.1,0.7000000000000001,0.30000000000000004,65.0,40.0,90.0,0.35000000000000003,0.2,0.8,0.2,55.0,30.0,80.0,5452,3439,2013,5452,0.36922230374174614,0.893240089297879,1.0,0.893240089297879,1831,0.5324222157603955,1.0,1
"iteration_5","SCOPE_DATA_COLLECTION",1300,1,130.0,190.0,2,8279,5300,1760,7500,4890,1605,5551,3520,1111,2739,1790,657,0.3303980699638118,0.3370998116760829,0.37160633484162897,0.3731208945908869,0.8429582471271186,1.3344340603815574,0.7462417891817738,0.8429582471271186,0.8896227069210383,0.319942352729238,0.5036931818181818,0.5139513951395139,100.0,100.0,5419,3451,6469,61,2,5123,0.011256689426093374,5.795421616922632E-4,0.791930746637811,0.35000000000000003,0.1,0.7000000000000001,0.30000000000000004,65.0,40.0,90.0,0.35000000000000003,0.2,0.8,0.2,55.0,30.0,80.0,1772,1098,674,1772,0.3803611738148984,1.359616068331982,1.5,0.9064107122213213,578,0.5264116575591985,1.0,1
"iteration_5","SCOPE_DATA_COLLECTION",1300,2,190.0,250.0,0,8308,5452,1772,8279,5300,1760,5381,3443,1100,2921,2013,674,0.3518429294145989,0.3689516129032258,0.37993235625704624,0.4105637773520623,0.8956237808173222,1.3627820620245157,0.8211275547041246,0.8956237808173222,0.9085213746830104,0.3768816205166326,0.533255881498693,0.5272727272727272,95.0,100.0,5368,3538,6626,58,5,5545,0.010804769001490314,0.0014132278123233466,0.8368548143676426,0.35000000000000003,0.2,0.8,0.2,55.0,30.0,80.0,0.35000000000000003,0.1,0.7000000000000001,0.1,65.0,20.0,70.0,8157,4726,3431,8157,0.420620326100282,0.3861659741911193,0.5,0.7723319483822386,1739,0.3679644519678375,1.0,1
"iteration_5","SCOPE_DATA_COLLECTION",1300,2,190.0,250.0,1,8308,5452,1772,8279,5300,1760,5381,3443,1100,2921,2013,674,0.3518429294145989,0.3689516129032258,0.37993235625704624,0.4105637773520623,0.8956237808173222,1.3627820620245157,0.8211275547041246,0.8956237808173222,0.9085213746830104,0.3768816205166326,0.533255881498693,0.5272727272727272,95.0,100.0,5368,3538,6626,58,5,5545,0.010804769001490314,0.0014132278123233466,0.8368548143676426,0.35000000000000003,0.2,0.8,0.2,55.0,30.0,80.0,0.35000000000000003,0.1,0.7000000000000001,0.1,65.0,20.0,70.0,5429,3160,2269,5429,0.41794068889298214,0.935277581751276,1.0,0.935277581751276,1824,0.5772151898734177,1.0,1
"iteration_5","SCOPE_DATA_COLLECTION",1300,2,190.0,250.0,2,8308,5452,1772,8279,5300,1760,5381,3443,1100,2921,2013,674,0.3518429294145989,0.3689516129032258,0.37993235625704624,0.4105637773520623,0.8956237808173222,1.3627820620245157,0.8211275547041246,0.8956237808173222,0.9085213746830104,0.3768816205166326,0.533255881498693,0.5272727272727272,95.0,100.0,5368,3538,6626,58,5,5545,0.010804769001490314,0.0014132278123233466,0.8368548143676426,0.35000000000000003,0.2,0.8,0.2,55.0,30.0,80.0,0.35000000000000003,0.1,0.7000000000000001,0.1,65.0,20.0,70.0,1794,1038,756,1794,0.4214046822742475,1.454037800129074,1.5,0.9693585334193826,613,0.5905587668593449,1.0,1
"iteration_5","SCOPE_DATA_COLLECTION",1300,3,250.0,310.0,0,8157,5429,1794,8308,5452,1772,4720,3157,1029,3431,2269,756,0.42092994724573674,0.4181717655731662,0.4235294117647059,0.38591011828808663,0.9321623933101945,1.4500533181174367,0.7718202365761733,0.9321623933101945,0.9667022120782911,0.36716101694915254,0.5761799176433323,0.5898931000971818,95.0,100.0,5310,3593,6477,47,2,6407,0.008851224105461394,5.566379070414695E-4,0.9891925274046627,0.35000000000000003,0.1,0.7000000000000001,0.1,65.0,20.0,70.0,0.35000000000000003,0.1,0.7000000000000001,0.1,65.0,20.0,70.0,8183,4778,3405,8183,0.4161065623854332,0.4003726957903714,0.5,0.8007453915807428,1865,0.3903306822938468,1.0,1
"iteration_5","SCOPE_DATA_COLLECTION",1300,3,250.0,310.0,1,8157,5429,1794,8308,5452,1772,4720,3157,1029,3431,2269,756,0.42092994724573674,0.4181717655731662,0.4235294117647059,0.38591011828808663,0.9321623933101945,1.4500533181174367,0.7718202365761733,0.9321623933101945,0.9667022120782911,0.36716101694915254,0.5761799176433323,0.5898931000971818,95.0,100.0,5310,3593,6477,47,2,6407,0.008851224105461394,5.566379070414695E-4,0.9891925274046627,0.35000000000000003,0.1,0.7000000000000001,0.1,65.0,20.0,70.0,0.35000000000000003,0.1,0.7000000000000001,0.1,65.0,20.0,70.0,5413,3146,2267,5413,0.4188065767596527,0.9192603043229755,1.0,0.9192603043229755,1774,0.5638906547997458,1.0,1
"iteration_5","SCOPE_DATA_COLLECTION",1300,3,250.0,310.0,2,8157,5429,1794,8308,5452,1772,4720,3157,1029,3431,2269,756,0.42092994724573674,0.4181717655731662,0.4235294117647059,0.38591011828808663,0.9321623933101945,1.4500533181174367,0.7718202365761733,0.9321623933101945,0.9667022120782911,0.36716101694915254,0.5761799176433323,0.5898931000971818,95.0,100.0,5310,3593,6477,47,2,6407,0.008851224105461394,5.566379070414695E-4,0.9891925274046627,0.35000000000000003,0.1,0.7000000000000001,0.1,65.0,20.0,70.0,0.35000000000000003,0.1,0.7000000000000001,0.1,65.0,20.0,70.0,1752,1003,749,1752,0.4275114155251142,1.5000853567456445,1.5,1.0000569044970964,613,0.6111665004985045,1.0,1
"iteration_5","SCOPE_DATA_COLLECTION",1300,4,310.0,370.0,0,8183,5413,1752,8157,5429,1794,4788,3143,1009,3405,2267,749,0.4155986818015379,0.4190388170055453,0.4260523321956769,0.40183341512952564,0.9196165944324385,1.507248757239181,0.8036668302590513,0.9196165944324385,1.0048325048261206,0.39285714285714285,0.5634743875278396,0.6134786917740337,100.0,100.0,5317,3536,6495,29,1,6391,0.005454203498213278,2.828054298642534E-4,0.9839876828329485,0.35000000000000003,0.1,0.7000000000000001,0.1,65.0,20.0,70.0,0.25,0.1,0.7000000000000001,0.1,75.0,20.0,80.0,8086,4238,3848,8086,0.4758842443729904,0.43903387520301584,0.5,0.8780677504060317,1808,0.42661632845681924,1.0,1
"iteration_5","SCOPE_DATA_COLLECTION",1300,4,310.0,370.0,1,8183,5413,1752,8157,5429,1794,4788,3143,1009,3405,2267,749,0.4155986818015379,0.4190388170055453,0.4260523321956769,0.40183341512952564,0.9196165944324385,1.507248757239181,0.8036668302590513,0.9196165944324385,1.0048325048261206,0.39285714285714285,0.5634743875278396,0.6134786917740337,100.0,100.0,5317,3536,6495,29,1,6391,0.005454203498213278,2.828054298642534E-4,0.9839876828329485,0.35000000000000003,0.1,0.7000000000000001,0.1,65.0,20.0,70.0,0.25,0.1,0.7000000000000001,0.1,75.0,20.0,80.0,5428,2782,2646,5428,0.48747236551215917,1.0081231436312206,1.0,1.0081231436312206,1809,0.6502516175413372,1.0,1
"iteration_5","SCOPE_DATA_COLLECTION",1300,4,310.0,370.0,2,8183,5413,1752,8157,5429,1794,4788,3143,1009,3405,2267,749,0.4155986818015379,0.4190388170055453,0.4260523321956769,0.40183341512952564,0.9196165944324385,1.507248757239181,0.8036668302590513,0.9196165944324385,1.0048325048261206,0.39285714285714285,0.5634743875278396,0.6134786917740337,100.0,100.0,5317,3536,6495,29,1,6391,0.005454203498213278,2.828054298642534E-4,0.9839876828329485,0.35000000000000003,0.1,0.7000000000000001,0.1,65.0,20.0,70.0,0.25,0.1,0.7000000000000001,0.1,75.0,20.0,80.0,1773,889,884,1773,0.49858996051889454,1.5848921951505077,1.5,1.056594796767005,594,0.6681664791901012,1.0,1
"iteration_5","SCOPE_DATA_COLLECTION",1300,5,370.0,430.0,0,8086,5428,1773,8183,5413,1752,4236,2772,895,3848,2646,884,0.4760019792182088,0.4883720930232558,0.49690837549184935,0.4384412605381827,1.0066032199496613,1.584986544715211,0.8768825210763654,1.0066032199496613,1.0566576964768073,0.4258734655335222,0.648989898989899,0.6681564245810055,97.5,100.0,5448,2492,7347,29,2,7347,0.005323054331864904,8.025682182985554E-4,1.0,0.25,0.1,0.7000000000000001,0.1,75.0,20.0,80.0,0.25,0.1,0.8,0.2,75.0,20.0,70.0,8068,4126,3942,8068,0.4885969261279127,0.4280326110797582,0.5,0.8560652221595164,1764,0.42753271934076587,1.0,1
"iteration_5","SCOPE_DATA_COLLECTION",1300,5,370.0,430.0,1,8086,5428,1773,8183,5413,1752,4236,2772,895,3848,2646,884,0.4760019792182088,0.4883720930232558,0.49690837549184935,0.4384412605381827,1.0066032199496613,1.584986544715211,0.8768825210763654,1.0066032199496613,1.0566576964768073,0.4258734655335222,0.648989898989899,0.6681564245810055,97.5,100.0,5448,2492,7347,29,2,7347,0.005323054331864904,8.025682182985554E-4,1.0,0.25,0.1,0.7000000000000001,0.1,75.0,20.0,80.0,0.25,0.1,0.8,0.2,75.0,20.0,70.0,5372,2688,2684,5372,0.4996276991809382,1.0613861737269137,1.0,1.0613861737269137,1805,0.6715029761904762,1.0,1
"iteration_5","SCOPE_DATA_COLLECTION",1300,5,370.0,430.0,2,8086,5428,1773,8183,5413,1752,4236,2772,895,3848,2646,884,0.4760019792182088,0.4883720930232558,0.49690837549184935,0.4384412605381827,1.0066032199496613,1.584986544715211,0.8768825210763654,1.0066032199496613,1.0566576964768073,0.4258734655335222,0.648989898989899,0.6681564245810055,97.5,100.0,5448,2492,7347,29,2,7347,0.005323054331864904,8.025682182985554E-4,1.0,0.25,0.1,0.7000000000000001,0.1,75.0,20.0,80.0,0.25,0.1,0.8,0.2,75.0,20.0,70.0,1788,907,881,1788,0.49272930648769575,1.5952666733798877,1.5,1.0635111155865917,599,0.6604189636163176,1.0,1
"iteration_5","SCOPE_DATA_COLLECTION",1300,6,430.0,490.0,0,8068,5372,1788,8086,5428,1773,4132,2706,903,3942,2684,881,0.488233837007679,0.49795918367346936,0.4938340807174888,0.4278083361273879,1.061880763380538,1.5934400376329896,0.8556166722547758,1.061880763380538,1.0622933584219931,0.42763794772507263,0.6744271988174427,0.6589147286821705,95.0,100.0,5270,2493,7465,41,1,7465,0.00777988614800759,4.0112314480545525E-4,1.0,0.25,0.1,0.8,0.2,75.0,20.0,70.0,0.35000000000000003,0.1,0.9,0.30000000000000004,85.0,20.0,70.0,8143,4700,3443,8143,0.42281714355888494,0.40403877935613935,0.5,0.8080775587122787,1847,0.3929787234042553,1.0,1
"iteration_5","SCOPE_DATA_COLLECTION",1300,6,430.0,490.0,1,8068,5372,1788,8086,5428,1773,4132,2706,903,3942,2684,881,0.488233837007679,0.49795918367346936,0.4938340807174888,0.4278083361273879,1.061880763380538,1.5934400376329896,0.8556166722547758,1.061880763380538,1.0622933584219931,0.42763794772507263,0.6744271988174427,0.6589147286821705,95.0,100.0,5270,2493,7465,41,1,7465,0.00777988614800759,4.0112314480545525E-4,1.0,0.25,0.1,0.8,0.2,75.0,20.0,70.0,0.35000000000000003,0.1,0.9,0.30000000000000004,85.0,20.0,70.0,5437,3123,2314,5437,0.4256023542394703,0.9614827221788783,1.0,0.9614827221788783,1816,0.5814921549791867,1.0,1
"iteration_5","SCOPE_DATA_COLLECTION",1300,6,430.0,490.0,2,8068,5372,1788,8086,5428,1773,4132,2706,903,3942,2684,881,0.488233837007679,0.49795918367346936,0.4938340807174888,0.4278083361273879,1.061880763380538,1.5934400376329896,0.8556166722547758,1.061880763380538,1.0622933584219931,0.42763794772507263,0.6744271988174427,0.6589147286821705,95.0,100.0,5270,2493,7465,41,1,7465,0.00777988614800759,4.0112314480545525E-4,1.0,0.25,0.1,0.8,0.2,75.0,20.0,70.0,0.35000000000000003,0.1,0.9,0.30000000000000004,85.0,20.0,70.0,1785,1036,749,1785,0.4196078431372549,1.5075714451309232,1.5,1.0050476300872822,621,0.5994208494208494,1.0,1
"iteration_5","SCOPE_DATA_COLLECTION",1300,7,490.0,550.0,0,8143,5437,1785,8068,5372,1788,4696,3114,1037,3442,2313,749,0.4229540427623495,0.4262023217247098,0.41937290033594626,0.4047333099634334,0.9622863053547074,1.505891926990446,0.8094666199268667,0.9622863053547074,1.003927951326964,0.39288756388415674,0.5796403339755941,0.600771456123433,100.0,100.0,5422,3460,6483,88,2,6414,0.016230173367760975,5.780346820809249E-4,0.989356779268857,0.35000000000000003,0.1,0.9,0.30000000000000004,85.0,20.0,70.0,0.25,0.1,0.9,0.30000000000000004,95.0,30.0,70.0,8121,4210,3911,8121,0.4815909370767147,0.4358818987893195,0.5,0.871763797578639,1871,0.4444180522565321,1.0,1
"iteration_5","SCOPE_DATA_COLLECTION",1300,7,490.0,550.0,1,8143,5437,1785,8068,5372,1788,4696,3114,1037,3442,2313,749,0.4229540427623495,0.4262023217247098,0.41937290033594626,0.4047333099634334,0.9622863053547074,1.505891926990446,0.8094666199268667,0.9622863053547074,1.003927951326964,0.39288756388415674,0.5796403339755941,0.600771456123433,100.0,100.0,5422,3460,6483,88,2,6414,0.016230173367760975,5.780346820809249E-4,0.989356779268857,0.35000000000000003,0.1,0.9,0.30000000000000004,85.0,20.0,70.0,0.25,0.1,0.9,0.30000000000000004,95.0,30.0,70.0,5328,2702,2626,5328,0.49286786786786785,1.0245229920907495,1.0,1.0245229920907495,1756,0.6498889711324944,1.0,1
"iteration_5","SCOPE_DATA_COLLECTION",1300,7,490.0,550.0,2,8143,5437,1785,8068,5372,1788,4696,3114,1037,3442,2313,749,0.4229540427623495,0.4262023217247098,0.41937290033594626,0.4047333099634334,0.9622863053547074,1.505891926990446,0.8094666199268667,0.9622863053547074,1.003927951326964,0.39288756388415674,0.5796403339755941,0.600771456123433,100.0,100.0,5422,3460,6483,88,2,6414,0.016230173367760975,5.780346820809249E-4,0.989356779268857,0.35000000000000003,0.1,0.9,0.30000000000000004,85.0,20.0,70.0,0.25,0.1,0.9,0.30000000000000004,95.0,30.0,70.0,1815,888,927,1815,0.5107438016528926,1.703738475103581,1.5,1.135825650069054,629,0.7083333333333334,1.0,1
"iteration_5","SCOPE_DATA_COLLECTION",1300,8,550.0,610.0,0,8121,5328,1815,8143,5437,1785,4212,2714,890,3912,2627,927,0.4815361890694239,0.49185545777944206,0.5101816180517337,0.43563214845492304,1.0313216250616706,1.7069008614076073,0.8712642969098461,1.0313216250616706,1.1379339076050716,0.444681861348528,0.6529108327192336,0.7078651685393258,97.5,100.0,5374,2485,7405,61,0,7405,0.011350949013770003,0.0,1.0,0.25,0.1,0.9,0.30000000000000004,95.0,30.0,70.0,0.75,0.7000000000000001,0.9,0.2,55.0,75.0,85.0,8237,8181,56,8237,0.006798591720286512,0.30476410635272083,0.5,0.6095282127054417,2114,0.25840361813959173,1.0,1
"iteration_5","SCOPE_DATA_COLLECTION",1300,8,550.0,610.0,1,8121,5328,1815,8143,5437,1785,4212,2714,890,3912,2627,927,0.4815361890694239,0.49185545777944206,0.5101816180517337,0.43563214845492304,1.0313216250616706,1.7069008614076073,0.8712642969098461,1.0313216250616706,1.1379339076050716,0.444681861348528,0.6529108327192336,0.7078651685393258,97.5,100.0,5374,2485,7405,61,0,7405,0.011350949013770003,0.0,1.0,0.25,0.1,0.9,0.30000000000000004,95.0,30.0,70.0,0.75,0.7000000000000001,0.9,0.2,55.0,75.0,85.0,5461,5413,48,5461,0.008789598974546786,0.6386730278002906,1.0,0.6386730278002906,1791,0.3308701274709034,1.0,1
"iteration_5","SCOPE_DATA_COLLECTION",1300,8,550.0,610.0,2,8121,5328,1815,8143,5437,1785,4212,2714,890,3912,2627,927,0.4815361890694239,0.49185545777944206,0.5101816180517337,0.43563214845492304,1.0313216250616706,1.7069008614076073,0.8712642969098461,1.0313216250616706,1.1379339076050716,0.444681861348528,0.6529108327192336,0.7078651685393258,97.5,100.0,5374,2485,7405,61,0,7405,0.011350949013770003,0.0,1.0,0.25,0.1,0.9,0.30000000000000004,95.0,30.0,70.0,0.75,0.7000000000000001,0.9,0.2,55.0,75.0,85.0,1758,1735,23,1758,0.013083048919226393,0.9899468596180977,1.5,0.6599645730787318,581,0.33487031700288183,1.0,1
"iteration_5","SCOPE_DATA_COLLECTION",1300,9,610.0,670.0,0,8237,5461,1758,8121,5328,1815,8172,5400,1722,56,48,23,0.006806028196402528,0.00881057268722467,0.013180515759312322,0.3051927798772809,0.6385522588978908,0.9877606310956774,0.6103855597545618,0.6385522588978908,0.6585070873971183,0.2588105726872247,0.33185185185185184,0.3339140534262485,100.0,100.0,5225,7652,2579,65,7,55,0.012440191387559809,9.147935180345008E-4,0.021326095385808454,0.75,0.7000000000000001,0.9,0.2,55.0,75.0,85.0,0.65,0.8,0.9,0.2,65.0,75.0,85.0,8031,7986,45,8031,0.0056032872618602915,0.3256336022257326,0.5,0.6512672044514652,2204,0.27598297019784623,1.0,1
"iteration_5","SCOPE_DATA_COLLECTION",1300,9,610.0,670.0,1,8237,5461,1758,8121,5328,1815,8172,5400,1722,56,48,23,0.006806028196402528,0.00881057268722467,0.013180515759312322,0.3051927798772809,0.6385522588978908,0.9877606310956774,0.6103855597545618,0.6385522588978908,0.6585070873971183,0.2588105726872247,0.33185185185185184,0.3339140534262485,100.0,100.0,5225,7652,2579,65,7,55,0.012440191387559809,9.147935180345008E-4,0.021326095385808454,0.75,0.7000000000000001,0.9,0.2,55.0,75.0,85.0,0.65,0.8,0.9,0.2,65.0,75.0,85.0,5301,5252,49,5301,0.009243538954914168,0.6468261892567779,1.0,0.6468261892567779,1739,0.3311119573495811,1.0,1
"iteration_5","SCOPE_DATA_COLLECTION",1300,9,610.0,670.0,2,8237,5461,1758,8121,5328,1815,8172,5400,1722,56,48,23,0.006806028196402528,0.00881057268722467,0.013180515759312322,0.3051927798772809,0.6385522588978908,0.9877606310956774,0.6103855597545618,0.6385522588978908,0.6585070873971183,0.2588105726872247,0.33185185185185184,0.3339140534262485,100.0,100.0,5225,7652,2579,65,7,55,0.012440191387559809,9.147935180345008E-4,0.021326095385808454,0.75,0.7000000000000001,0.9,0.2,55.0,75.0,85.0,0.65,0.8,0.9,0.2,65.0,75.0,85.0,1857,1831,26,1857,0.014001077005923533,0.9939287746085115,1.5,0.662619183072341,612,0.3342435827416712,1.0,1
"iteration_5","SCOPE_DATA_COLLECTION",1300,10,670.0,730.0,0,8031,5301,1857,8237,5461,1758,7954,5259,1840,45,49,26,0.005625703212901613,0.00923134890730972,0.013933547695605574,0.3229153219300564,0.6457285352404933,0.9955064745295221,0.6458306438601128,0.6457285352404933,0.6636709830196814,0.2719386472215238,0.33048108005324206,0.3353260869565217,97.5,100.0,5238,6457,3494,75,4,41,0.0143184421534937,6.194827319188478E-4,0.011734401831711505,0.65,0.8,0.9,0.2,65.0,75.0,85.0,0.65,0.7000000000000001,0.9,0.30000000000000004,55.0,75.0,85.0,8033,7944,89,8033,0.011079297896178265,0.3225143071819513,0.5,0.6450286143639026,2195,0.27630916414904333,1.0,1
"iteration_5","SCOPE_DATA_COLLECTION",1300,10,670.0,730.0,1,8031,5301,1857,8237,5461,1758,7954,5259,1840,45,49,26,0.005625703212901613,0.00923134890730972,0.013933547695605574,0.3229153219300564,0.6457285352404933,0.9955064745295221,0.6458306438601128,0.6457285352404933,0.6636709830196814,0.2719386472215238,0.33048108005324206,0.3353260869565217,97.5,100.0,5238,6457,3494,75,4,41,0.0143184421534937,6.194827319188478E-4,0.011734401831711505,0.65,0.8,0.9,0.2,65.0,75.0,85.0,0.65,0.7000000000000001,0.9,0.30000000000000004,55.0,75.0,85.0,5287,5203,84,5287,0.01588802723661812,0.6609812127233481,1.0,0.6609812127233481,1780,0.34211032096867194,1.0,1
"iteration_5","SCOPE_DATA_COLLECTION",1300,10,670.0,730.0,2,8031,5301,1857,8237,5461,1758,7954,5259,1840,45,49,26,0.005625703212901613,0.00923134890730972,0.013933547695605574,0.3229153219300564,0.6457285352404933,0.9955064745295221,0.6458306438601128,0.6457285352404933,0.6636709830196814,0.2719386472215238,0.33048108005324206,0.3353260869565217,97.5,100.0,5238,6457,3494,75,4,41,0.0143184421534937,6.194827319188478E-4,0.011734401831711505,0.65,0.8,0.9,0.2,65.0,75.0,85.0,0.65,0.7000000000000001,0.9,0.30000000000000004,55.0,75.0,85.0,1778,1736,42,1778,0.023622047244094488,0.9771487160371608,1.5,0.6514324773581072,556,0.32027649769585254,1.0,1
"iteration_5","SCOPE_DATA_COLLECTION",1300,11,730.0,790.0,0,8033,5287,1778,8031,5301,1857,7968,5190,1732,89,84,42,0.011046295147077076,0.015927189988623434,0.02367531003382187,0.3245658732563674,0.6605703936556901,0.9776094216443005,0.6491317465127348,0.6605703936556901,0.6517396144295337,0.27986947791164657,0.3418111753371869,0.3210161662817552,100.0,100.0,5273,6354,3471,84,8,123,0.01593021050635312,0.0012590494176896443,0.03543647363872083,0.65,0.7000000000000001,0.9,0.30000000000000004,55.0,75.0,85.0,0.65,0.7000000000000001,0.9,0.30000000000000004,55.0,75.0,85.0,8242,8061,181,8242,0.021960689153118176,0.3237972175945305,0.5,0.647594435189061,2190,0.27167845180498695,1.0,1
"iteration_5","SCOPE_DATA_COLLECTION",1300,11,730.0,790.0,1,8033,5287,1778,8031,5301,1857,7968,5190,1732,89,84,42,0.011046295147077076,0.015927189988623434,0.02367531003382187,0.3245658732563674,0.6605703936556901,0.9776094216443005,0.6491317465127348,0.6605703936556901,0.6517396144295337,0.27986947791164657,0.3418111753371869,0.3210161662817552,100.0,100.0,5273,6354,3471,84,8,123,0.01593021050635312,0.0012590494176896443,0.03543647363872083,0.65,0.7000000000000001,0.9,0.30000000000000004,55.0,75.0,85.0,0.65,0.7000000000000001,0.9,0.30000000000000004,55.0,75.0,85.0,5375,5231,144,5375,0.026790697674418603,0.6283222180683555,1.0,0.6283222180683555,1693,0.32364748614031735,1.0,1
"iteration_5","SCOPE_DATA_COLLECTION",1300,11,730.0,790.0,2,8033,5287,1778,8031,5301,1857,7968,5190,1732,89,84,42,0.011046295147077076,0.015927189988623434,0.02367531003382187,0.3245658732563674,0.6605703936556901,0.9776094216443005,0.6491317465127348,0.6605703936556901,0.6517396144295337,0.27986947791164657,0.3418111753371869,0.3210161662817552,100.0,100.0,5273,6354,3471,84,8,123,0.01593021050635312,0.0012590494176896443,0.03543647363872083,0.65,0.7000000000000001,0.9,0.30000000000000004,55.0,75.0,85.0,0.65,0.7000000000000001,0.9,0.30000000000000004,55.0,75.0,85.0,1806,1749,57,1806,0.03156146179401993,0.9925470070212612,1.5,0.6616980046808408,576,0.3293310463121784,1.0,1
"iteration_5","SCOPE_DATA_COLLECTION",1300,12,790.0,850.0,0,8242,5375,1806,8033,5287,1778,8071,5250,1747,181,144,57,0.02193407658749394,0.026696329254727477,0.03159645232815964,0.3237113316363939,0.6303457544274831,0.9929260961377847,0.6474226632727877,0.6303457544274831,0.6619507307585232,0.2712179407756164,0.32476190476190475,0.32856325128792213,100.0,100.0,5288,6537,3598,71,2,309,0.01342662632375189,3.059507419305492E-4,0.0858810450250139,0.65,0.7000000000000001,0.9,0.30000000000000004,55.0,75.0,85.0,0.75,0.6000000000000001,0.9,0.2,65.0,85.0,95.0,8187,8168,19,8187,0.0023207524123610604,0.3207236899294748,0.5,0.6414473798589496,2241,0.27436336924583743,1.0,1
"iteration_5","SCOPE_DATA_COLLECTION",1300,12,790.0,850.0,1,8242,5375,1806,8033,5287,1778,8071,5250,1747,181,144,57,0.02193407658749394,0.026696329254727477,0.03159645232815964,0.3237113316363939,0.6303457544274831,0.9929260961377847,0.6474226632727877,0.6303457544274831,0.6619507307585232,0.2712179407756164,0.32476190476190475,0.32856325128792213,100.0,100.0,5288,6537,3598,71,2,309,0.01342662632375189,3.059507419305492E-4,0.0858810450250139,0.65,0.7000000000000001,0.9,0.30000000000000004,55.0,75.0,85.0,0.75,0.6000000000000001,0.9,0.2,65.0,85.0,95.0,5379,5330,49,5379,0.00910949990704592,0.6468701393010416,1.0,0.6468701393010416,1758,0.3298311444652908,1.0,1
"iteration_5","SCOPE_DATA_COLLECTION",1300,12,790.0,850.0,2,8242,5375,1806,8033,5287,1778,8071,5250,1747,181,144,57,0.02193407658749394,0.026696329254727477,0.03159645232815964,0.3237113316363939,0.6303457544274831,0.9929260961377847,0.6474226632727877,0.6303457544274831,0.6619507307585232,0.2712179407756164,0.32476190476190475,0.32856325128792213,100.0,100.0,5288,6537,3598,71,2,309,0.01342662632375189,3.059507419305492E-4,0.0858810450250139,0.65,0.7000000000000001,0.9,0.30000000000000004,55.0,75.0,85.0,0.75,0.6000000000000001,0.9,0.2,65.0,85.0,95.0,1831,1801,30,1831,0.016384489350081924,0.9945528619809294,1.5,0.6630352413206196,598,0.3320377568017768,1.0,1
"iteration_5","SCOPE_DATA_COLLECTION",1300,13,850.0,910.0,0,8187,5379,1831,8242,5375,1806,8155,5328,1803,19,48,30,0.002324443356985564,0.008928571428571428,0.016366612111292964,0.3206558298750389,0.6480176886016036,0.9920798751344388,0.6413116597500778,0.6480176886016036,0.6613865834229592,0.27418761496014715,0.32995495495495497,0.33111480865224624,100.0,100.0,5315,7552,2530,92,5,0,0.01730950141110066,6.620762711864406E-4,0.0,0.75,0.6000000000000001,0.9,0.2,65.0,85.0,95.0,0.65,0.7000000000000001,0.9,0.2,55.0,85.0,85.0,8109,8059,50,8109,0.006165988407941793,0.3336029444136369,0.5,0.6672058888272738,2198,0.27273855317036855,1.0,1
"iteration_5","SCOPE_DATA_COLLECTION",1300,13,850.0,910.0,1,8187,5379,1831,8242,5375,1806,8155,5328,1803,19,48,30,0.002324443356985564,0.008928571428571428,0.016366612111292964,0.3206558298750389,0.6480176886016036,0.9920798751344388,0.6413116597500778,0.6480176886016036,0.6613865834229592,0.27418761496014715,0.32995495495495497,0.33111480865224624,100.0,100.0,5315,7552,2530,92,5,0,0.01730950141110066,6.620762711864406E-4,0.0,0.75,0.6000000000000001,0.9,0.2,65.0,85.0,95.0,0.65,0.7000000000000001,0.9,0.2,55.0,85.0,85.0,5358,5314,44,5358,0.008212019410227697,0.6666440496723678,1.0,0.6666440496723678,1803,0.3392924350771547,1.0,1
"iteration_5","SCOPE_DATA_COLLECTION",1300,13,850.0,910.0,2,8187,5379,1831,8242,5375,1806,8155,5328,1803,19,48,30,0.002324443356985564,0.008928571428571428,0.016366612111292964,0.3206558298750389,0.6480176886016036,0.9920798751344388,0.6413116597500778,0.6480176886016036,0.6613865834229592,0.27418761496014715,0.32995495495495497,0.33111480865224624,100.0,100.0,5315,7552,2530,92,5,0,0.01730950141110066,6.620762711864406E-4,0.0,0.75,0.6000000000000001,0.9,0.2,65.0,85.0,95.0,0.65,0.7000000000000001,0.9,0.2,55.0,85.0,85.0,1789,1758,31,1789,0.01732811626607043,0.975824013224926,1.5,0.6505493421499506,567,0.3225255972696246,1.0,1
"iteration_5","SCOPE_DATA_COLLECTION",1300,14,910.0,970.0,0,8109,5358,1789,8187,5379,1831,8068,5295,1763,50,45,31,0.006159152500615915,0.008426966292134831,0.017279821627647716,0.33327226470182403,0.6647387606795767,0.9765207336589696,0.6665445294036481,0.6647387606795767,0.651013822439313,0.2721864154685176,0.33824362606232294,0.3227453204764606,97.5,100.0,5267,6522,3467,56,10,60,0.010632238465919878,0.0015332720024532351,0.017306028266512834,0.65,0.7000000000000001,0.9,0.2,55.0,85.0,85.0,0.65,0.7000000000000001,0.9,0.30000000000000004,45.0,75.0,85.0,8156,8079,77,8156,0.009440902403138794,0.3273982696857118,0.5,0.6547965393714236,2204,0.27280604035152867,1.0,1
"iteration_5","SCOPE_DATA_COLLECTION",1300,14,910.0,970.0,1,8109,5358,1789,8187,5379,1831,8068,5295,1763,50,45,31,0.006159152500615915,0.008426966292134831,0.017279821627647716,0.33327226470182403,0.6647387606795767,0.9765207336589696,0.6665445294036481,0.6647387606795767,0.651013822439313,0.2721864154685176,0.33824362606232294,0.3227453204764606,97.5,100.0,5267,6522,3467,56,10,60,0.010632238465919878,0.0015332720024532351,0.017306028266512834,0.65,0.7000000000000001,0.9,0.2,55.0,85.0,85.0,0.65,0.7000000000000001,0.9,0.30000000000000004,45.0,75.0,85.0,5494,5394,100,5494,0.018201674554058973,0.6569076255951877,1.0,0.6569076255951877,1802,0.3340748980348535,1.0,1
"iteration_5","SCOPE_DATA_COLLECTION",1300,14,910.0,970.0,2,8109,5358,1789,8187,5379,1831,8068,5295,1763,50,45,31,0.006159152500615915,0.008426966292134831,0.017279821627647716,0.33327226470182403,0.6647387606795767,0.9765207336589696,0.6665445294036481,0.6647387606795767,0.651013822439313,0.2721864154685176,0.33824362606232294,0.3227453204764606,97.5,100.0,5267,6522,3467,56,10,60,0.010632238465919878,0.0015332720024532351,0.017306028266512834,0.65,0.7000000000000001,0.9,0.2,55.0,85.0,85.0,0.65,0.7000000000000001,0.9,0.30000000000000004,45.0,75.0,85.0,1757,1704,53,1757,0.03016505406943654,1.0282117010387584,1.5,0.6854744673591723,587,0.3444835680751174,1.0,1
"iteration_5","SCOPE_DATA_COLLECTION",1300,15,970.0,1030.0,0,8156,5494,1757,8109,5358,1789,8088,5397,1698,77,100,53,0.009430496019595835,0.01819174094960888,0.03026841804683038,0.3278966970780847,0.6555463994499121,1.0268604729115212,0.6557933941561694,0.6555463994499121,0.6845736486076808,0.27398615232443124,0.3320363164721141,0.34452296819787986,97.5,100.0,5283,6597,3527,93,9,128,0.017603634298693924,0.001364256480218281,0.03629146583498724,0.65,0.7000000000000001,0.9,0.30000000000000004,45.0,75.0,85.0,0.8500000000000001,0.30000000000000004,0.30000000000000004,0.9,75.0,75.0,55.0,8084,8072,12,8084,0.0014844136566056407,0.29919110387015163,0.5,0.5983822077403033,2026,0.2509910802775025,1.0,1
"iteration_5","SCOPE_DATA_COLLECTION",1300,15,970.0,1030.0,1,8156,5494,1757,8109,5358,1789,8088,5397,1698,77,100,53,0.009430496019595835,0.01819174094960888,0.03026841804683038,0.3278966970780847,0.6555463994499121,1.0268604729115212,0.6557933941561694,0.6555463994499121,0.6845736486076808,0.27398615232443124,0.3320363164721141,0.34452296819787986,97.5,100.0,5283,6597,3527,93,9,128,0.017603634298693924,0.001364256480218281,0.03629146583498724,0.65,0.7000000000000001,0.9,0.30000000000000004,45.0,75.0,85.0,0.8500000000000001,0.30000000000000004,0.30000000000000004,0.9,75.0,75.0,55.0,5459,5427,32,5459,0.005861879465103499,0.622599696931715,1.0,0.622599696931715,1828,0.33683434678459556,1.0,1
"iteration_5","SCOPE_DATA_COLLECTION",1300,15,970.0,1030.0,2,8156,5494,1757,8109,5358,1789,8088,5397,1698,77,100,53,0.009430496019595835,0.01819174094960888,0.03026841804683038,0.3278966970780847,0.6555463994499121,1.0268604729115212,0.6557933941561694,0.6555463994499121,0.6845736486076808,0.27398615232443124,0.3320363164721141,0.34452296819787986,97.5,100.0,5283,6597,3527,93,9,128,0.017603634298693924,0.001364256480218281,0.03629146583498724,0.65,0.7000000000000001,0.9,0.30000000000000004,45.0,75.0,85.0,0.8500000000000001,0.30000000000000004,0.30000000000000004,0.9,75.0,75.0,55.0,1770,1729,41,1770,0.023163841807909605,0.9738260545576892,1.5,0.6492173697051261,549,0.3175245806824754,1.0,1
"iteration_5","SCOPE_DATA_COLLECTION",1300,16,1030.0,1090.0,0,8084,5459,1770,8156,5494,1757,8067,5442,1732,12,32,41,0.0014853323431117712,0.005845816587504567,0.023124647490129723,0.2993685616310101,0.6236812773028084,0.9793904479411301,0.5987371232620202,0.6236812773028084,0.6529269652940867,0.2513945704722945,0.33811098860712974,0.31986143187066973,95.0,100.0,5341,8536,1436,75,10,0,0.014042314173375772,0.0011715089034676663,0.0,0.8500000000000001,0.30000000000000004,0.30000000000000004,0.9,75.0,75.0,55.0,0.15000000000000002,0.2,0.5,0.9,65.0,30.0,55.0,8119,3677,4442,8119,0.5471117132651805,0.5048191929647714,0.5,1.0096383859295428,1983,0.5392983410388904,1.0,1
"iteration_5","SCOPE_DATA_COLLECTION",1300,16,1030.0,1090.0,1,8084,5459,1770,8156,5494,1757,8067,5442,1732,12,32,41,0.0014853323431117712,0.005845816587504567,0.023124647490129723,0.2993685616310101,0.6236812773028084,0.9793904479411301,0.5987371232620202,0.6236812773028084,0.6529269652940867,0.2513945704722945,0.33811098860712974,0.31986143187066973,95.0,100.0,5341,8536,1436,75,10,0,0.014042314173375772,0.0011715089034676663,0.0,0.8500000000000001,0.30000000000000004,0.30000000000000004,0.9,75.0,75.0,55.0,0.15000000000000002,0.2,0.5,0.9,65.0,30.0,55.0,5442,2409,3033,5442,0.5573318632855567,1.1480555049904324,1.0,1.1480555049904324,1774,0.7364051473640515,1.0,1
"iteration_5","SCOPE_DATA_COLLECTION",1300,16,1030.0,1090.0,2,8084,5459,1770,8156,5494,1757,8067,5442,1732,12,32,41,0.0014853323431117712,0.005845816587504567,0.023124647490129723,0.2993685616310101,0.6236812773028084,0.9793904479411301,0.5987371232620202,0.6236812773028084,0.6529269652940867,0.2513945704722945,0.33811098860712974,0.31986143187066973,95.0,100.0,5341,8536,1436,75,10,0,0.014042314173375772,0.0011715089034676663,0.0,0.8500000000000001,0.30000000000000004,0.30000000000000004,0.9,75.0,75.0,55.0,0.15000000000000002,0.2,0.5,0.9,65.0,30.0,55.0,1793,792,1001,1793,0.558282208588957,1.8270026712743301,1.5,1.2180017808495534,602,0.76010101010101,1.0,1
"iteration_5","SCOPE_DATA_COLLECTION",1300,17,1090.0,1150.0,0,8119,5442,1793,8084,5459,1770,3675,2407,794,4442,3033,1001,0.5472465196501171,0.5575367647058823,0.5576601671309193,0.5031259611207448,1.1438308167504987,1.8076866918860748,1.0062519222414896,1.1438308167504987,1.2051244612573833,0.5360544217687074,0.7345243041130037,0.7506297229219143,100.0,100.0,5429,1477,8448,83,1,8392,0.015288266715785596,6.770480704129993E-4,0.9933712121212122,0.15000000000000002,0.2,0.5,0.9,65.0,30.0,55.0,0.9,0.9,0.5,0.2,60.0,85.0,45.0,8160,8139,21,8160,0.002573529411764706,0.32402736930478615,0.5,0.6480547386095723,2207,0.2711635336036368,1.0,1
"iteration_5","SCOPE_DATA_COLLECTION",1300,17,1090.0,1150.0,1,8119,5442,1793,8084,5459,1770,3675,2407,794,4442,3033,1001,0.5472465196501171,0.5575367647058823,0.5576601671309193,0.5031259611207448,1.1438308167504987,1.8076866918860748,1.0062519222414896,1.1438308167504987,1.2051244612573833,0.5360544217687074,0.7345243041130037,0.7506297229219143,100.0,100.0,5429,1477,8448,83,1,8392,0.015288266715785596,6.770480704129993E-4,0.9933712121212122,0.15000000000000002,0.2,0.5,0.9,65.0,30.0,55.0,0.9,0.9,0.5,0.2,60.0,85.0,45.0,5344,5310,34,5344,0.006362275449101796,0.6625889598673231,1.0,0.6625889598673231,1839,0.3463276836158192,1.0,1
"iteration_5","SCOPE_DATA_COLLECTION",1300,17,1090.0,1150.0,2,8119,5442,1793,8084,5459,1770,3675,2407,794,4442,3033,1001,0.5472465196501171,0.5575367647058823,0.5576601671309193,0.5031259611207448,1.1438308167504987,1.8076866918860748,1.0062519222414896,1.1438308167504987,1.2051244612573833,0.5360544217687074,0.7345243041130037,0.7506297229219143,100.0,100.0,5429,1477,8448,83,1,8392,0.015288266715785596,6.770480704129993E-4,0.9933712121212122,0.15000000000000002,0.2,0.5,0.9,65.0,30.0,55.0,0.9,0.9,0.5,0.2,60.0,85.0,45.0,1758,1742,16,1758,0.009101251422070534,0.9841686139005065,1.5,0.6561124092670043,567,0.32548794489092997,1.0,1
"iteration_5","SCOPE_DATA_COLLECTION",1300,18,1150.0,1210.0,0,8160,5344,1758,8119,5442,1793,8105,5280,1739,21,34,16,0.002584297317253261,0.00639819345126082,0.009116809116809116,0.3230867011681445,0.6600044890158638,0.9860602913901221,0.646173402336289,0.6600044890158638,0.6573735275934147,0.2681061073411474,0.3465909090909091,0.3266244968372628,100.0,100.0,5257,9019,986,54,12,5,0.010272018261365798,0.001330524448386739,0.005070993914807302,0.9,0.9,0.5,0.2,60.0,85.0,45.0,0.8,0.8,0.5,0.2,70.0,75.0,45.0,8215,8200,15,8215,0.0018259281801582471,0.30845883015178727,0.5,0.6169176603035745,2172,0.2648780487804878,1.0,1
"iteration_5","SCOPE_DATA_COLLECTION",1300,18,1150.0,1210.0,1,8160,5344,1758,8119,5442,1793,8105,5280,1739,21,34,16,0.002584297317253261,0.00639819345126082,0.009116809116809116,0.3230867011681445,0.6600044890158638,0.9860602913901221,0.646173402336289,0.6600044890158638,0.6573735275934147,0.2681061073411474,0.3465909090909091,0.3266244968372628,100.0,100.0,5257,9019,986,54,12,5,0.010272018261365798,0.001330524448386739,0.005070993914807302,0.9,0.9,0.5,0.2,60.0,85.0,45.0,0.8,0.8,0.5,0.2,70.0,75.0,45.0,5356,5327,29,5356,0.005414488424197162,0.6417556821957867,1.0,0.6417556821957867,1766,0.33151867843063637,1.0,1
"iteration_5","SCOPE_DATA_COLLECTION",1300,18,1150.0,1210.0,2,8160,5344,1758,8119,5442,1793,8105,5280,1739,21,34,16,0.002584297317253261,0.00639819345126082,0.009116809116809116,0.3230867011681445,0.6600044890158638,0.9860602913901221,0.646173402336289,0.6600044890158638,0.6573735275934147,0.2681061073411474,0.3465909090909091,0.3266244968372628,100.0,100.0,5257,9019,986,54,12,5,0.010272018261365798,0.001330524448386739,0.005070993914807302,0.9,0.9,0.5,0.2,60.0,85.0,45.0,0.8,0.8,0.5,0.2,70.0,75.0,45.0,1827,1801,26,1827,0.014230979748221127,1.0060130661353186,1.5,0.6706753774235458,606,0.3364797334813992,1.0,1
"iteration_5","SCOPE_DATA_COLLECTION",1300,19,1210.0,1270.0,0,8215,5356,1827,8160,5344,1758,8226,5341,1798,15,29,26,0.0018201674554058974,0.005400372439478585,0.01425438596491228,0.3090948782446715,0.6445276498661858,1.0036930283836767,0.618189756489343,0.6445276498661858,0.6691286855891178,0.26780938487721856,0.33177307620295826,0.3353726362625139,100.0,100.0,5182,8130,2086,64,6,0,0.012350443844075647,7.380073800738007E-4,0.0,0.8,0.8,0.5,0.2,70.0,75.0,45.0,0.6000000000000001,0.4,0.2,0.30000000000000004,85.0,90.0,40.0,8040,7722,318,8040,0.03955223880597015,0.3153630683595104,0.5,0.6307261367190208,1992,0.257964257964258,1.0,1
"iteration_5","SCOPE_DATA_COLLECTION",1300,19,1210.0,1270.0,1,8215,5356,1827,8160,5344,1758,8226,5341,1798,15,29,26,0.0018201674554058974,0.005400372439478585,0.01425438596491228,0.3090948782446715,0.6445276498661858,1.0036930283836767,0.618189756489343,0.6445276498661858,0.6691286855891178,0.26780938487721856,0.33177307620295826,0.3353726362625139,100.0,100.0,5182,8130,2086,64,6,0,0.012350443844075647,7.380073800738007E-4,0.0,0.8,0.8,0.5,0.2,70.0,75.0,45.0,0.6000000000000001,0.4,0.2,0.30000000000000004,85.0,90.0,40.0,5371,5168,203,5371,0.03779556879538261,0.6156900539998057,1.0,0.6156900539998057,1768,0.34210526315789475,1.0,1
"iteration_5","SCOPE_DATA_COLLECTION",1300,19,1210.0,1270.0,2,8215,5356,1827,8160,5344,1758,8226,5341,1798,15,29,26,0.0018201674554058974,0.005400372439478585,0.01425438596491228,0.3090948782446715,0.6445276498661858,1.0036930283836767,0.618189756489343,0.6445276498661858,0.6691286855891178,0.26780938487721856,0.33177307620295826,0.3353726362625139,100.0,100.0,5182,8130,2086,64,6,0,0.012350443844075647,7.380073800738007E-4,0.0,0.8,0.8,0.5,0.2,70.0,75.0,45.0,0.6000000000000001,0.4,0.2,0.30000000000000004,85.0,90.0,40.0,1700,1624,76,1700,0.04470588235294118,1.0130581633325906,1.5,0.6753721088883937,555,0.3417487684729064,1.0,1
"iteration_5","SCOPE_DATA_COLLECTION",1300,20,1270.0,1330.0,0,8040,5371,1700,8215,5356,1827,7727,5169,1633,318,203,76,0.03952765692977005,0.03778853313477289,0.044470450555880635,0.31631389154121553,0.6181090259262636,1.0244528635950707,0.6326277830824311,0.6181090259262636,0.6829685757300471,0.2584444156852595,0.3424260011607661,0.3472137170851194,100.0,100.0,5167,5982,3962,44,1,552,0.008515579640023224,1.6716817118020728E-4,0.1393235739525492,0.6000000000000001,0.4,0.2,0.30000000000000004,85.0,90.0,40.0,0.6000000000000001,0.4,0.1,0.30000000000000004,85.0,80.0,40.0,8068,7761,307,8068,0.03805156172533466,0.3525171250629295,0.5,0.705034250125859,2246,0.2893956964308723,1.0,1
"iteration_5","SCOPE_DATA_COLLECTION",1300,20,1270.0,1330.0,1,8040,5371,1700,8215,5356,1827,7727,5169,1633,318,203,76,0.03952765692977005,0.03778853313477289,0.044470450555880635,0.31631389154121553,0.6181090259262636,1.0244528635950707,0.6326277830824311,0.6181090259262636,0.6829685757300471,0.2584444156852595,0.3424260011607661,0.3472137170851194,100.0,100.0,5167,5982,3962,44,1,552,0.008515579640023224,1.6716817118020728E-4,0.1393235739525492,0.6000000000000001,0.4,0.2,0.30000000000000004,85.0,90.0,40.0,0.6000000000000001,0.4,0.1,0.30000000000000004,85.0,80.0,40.0,5350,5152,198,5350,0.03700934579439252,0.633400995990988,1.0,0.633400995990988,1759,0.34142080745341613,1.0,1
"iteration_5","SCOPE_DATA_COLLECTION",1300,20,1270.0,1330.0,2,8040,5371,1700,8215,5356,1827,7727,5169,1633,318,203,76,0.03952765692977005,0.03778853313477289,0.044470450555880635,0.31631389154121553,0.6181090259262636,1.0244528635950707,0.6326277830824311,0.6181090259262636,0.6829685757300471,0.2584444156852595,0.3424260011607661,0.3472137170851194,100.0,100.0,5167,5982,3962,44,1,552,0.008515579640023224,1.6716817118020728E-4,0.1393235739525492,0.6000000000000001,0.4,0.2,0.30000000000000004,85.0,90.0,40.0,0.6000000000000001,0.4,0.1,0.30000000000000004,85.0,80.0,40.0,1826,1730,96,1826,0.05257393209200438,1.0937940020729844,1.5,0.7291960013819896,622,0.35953757225433525,1.0,1
"iteration_5","SCOPE_DATA_COLLECTION",1300,21,1330.0,1390.0,0,8068,5350,1826,8040,5371,1700,7758,5158,1726,307,198,96,0.038065716057036576,0.03696788648244959,0.052689352360043906,0.35317101387041,0.635653844970387,1.089355817844606,0.70634202774082,0.635653844970387,0.7262372118964039,0.2907965970610982,0.34373788290034896,0.35689455388180763,100.0,100.0,5114,6118,4012,31,5,565,0.006061791161517403,8.172605426610003E-4,0.14082751744765704,0.6000000000000001,0.4,0.1,0.30000000000000004,85.0,80.0,40.0,0.5,0.30000000000000004,0.1,0.30000000000000004,75.0,80.0,30.0,8149,6625,1524,8149,0.18701681187875813,0.35836581614574475,0.5,0.7167316322914895,2049,0.30928301886792453,1.0,1
"iteration_5","SCOPE_DATA_COLLECTION",1300,21,1330.0,1390.0,1,8068,5350,1826,8040,5371,1700,7758,5158,1726,307,198,96,0.038065716057036576,0.03696788648244959,0.052689352360043906,0.35317101387041,0.635653844970387,1.089355817844606,0.70634202774082,0.635653844970387,0.7262372118964039,0.2907965970610982,0.34373788290034896,0.35689455388180763,100.0,100.0,5114,6118,4012,31,5,565,0.006061791161517403,8.172605426610003E-4,0.14082751744765704,0.6000000000000001,0.4,0.1,0.30000000000000004,85.0,80.0,40.0,0.5,0.30000000000000004,0.1,0.30000000000000004,75.0,80.0,30.0,5282,4348,934,5282,0.17682695948504354,0.6934456958004251,1.0,0.6934456958004251,1750,0.40248390064397427,1.0,1
"iteration_5","SCOPE_DATA_COLLECTION",1300,21,1330.0,1390.0,2,8068,5350,1826,8040,5371,1700,7758,5158,1726,307,198,96,0.038065716057036576,0.03696788648244959,0.052689352360043906,0.35317101387041,0.635653844970387,1.089355817844606,0.70634202774082,0.635653844970387,0.7262372118964039,0.2907965970610982,0.34373788290034896,0.35689455388180763,100.0,100.0,5114,6118,4012,31,5,565,0.006061791161517403,8.172605426610003E-4,0.14082751744765704,0.6000000000000001,0.4,0.1,0.30000000000000004,85.0,80.0,40.0,0.5,0.30000000000000004,0.1,0.30000000000000004,75.0,80.0,30.0,1808,1448,360,1808,0.19911504424778761,1.172847739022424,1.5,0.7818984926816159,622,0.42955801104972374,1.0,1
"iteration_5","SCOPE_DATA_COLLECTION",1300,22,1390.0,1450.0,0,8149,5282,1808,8068,5350,1826,6635,4347,1452,1524,934,360,0.18678759651918128,0.1768604430978981,0.1986754966887417,0.35820598785659635,0.6882812142818822,1.176511230468678,0.7164119757131927,0.6882812142818822,0.784340820312452,0.3091183119819141,0.3979756153669197,0.43112947658402206,100.0,100.0,5035,5169,5035,31,5,2782,0.006156901688182721,9.67305088024763E-4,0.55253227408143,0.5,0.30000000000000004,0.1,0.30000000000000004,75.0,80.0,30.0,0.5,0.4,0.2,0.2,75.0,90.0,40.0,8085,6479,1606,8085,0.19863945578231293,0.39753720808060883,0.5,0.7950744161612177,2300,0.3549930544837166,1.0,1
"iteration_5","SCOPE_DATA_COLLECTION",1300,22,1390.0,1450.0,1,8149,5282,1808,8068,5350,1826,6635,4347,1452,1524,934,360,0.18678759651918128,0.1768604430978981,0.1986754966887417,0.35820598785659635,0.6882812142818822,1.176511230468678,0.7164119757131927,0.6882812142818822,0.784340820312452,0.3091183119819141,0.3979756153669197,0.43112947658402206,100.0,100.0,5035,5169,5035,31,5,2782,0.006156901688182721,9.67305088024763E-4,0.55253227408143,0.5,0.30000000000000004,0.1,0.30000000000000004,75.0,80.0,30.0,0.5,0.4,0.2,0.2,75.0,90.0,40.0,5381,4253,1128,5381,0.20962646348262404,0.7369064500771235,1.0,0.7369064500771235,1720,0.404420409122972,1.0,1
"iteration_5","SCOPE_DATA_COLLECTION",1300,22,1390.0,1450.0,2,8149,5282,1808,8068,5350,1826,6635,4347,1452,1524,934,360,0.18678759651918128,0.1768604430978981,0.1986754966887417,0.35820598785659635,0.6882812142818822,1.176511230468678,0.7164119757131927,0.6882812142818822,0.784340820312452,0.3091183119819141,0.3979756153669197,0.43112947658402206,100.0,100.0,5035,5169,5035,31,5,2782,0.006156901688182721,9.67305088024763E-4,0.55253227408143,0.5,0.30000000000000004,0.1,0.30000000000000004,75.0,80.0,30.0,0.5,0.4,0.2,0.2,75.0,90.0,40.0,1820,1426,394,1820,0.2164835164835165,1.219522016638883,1.5,0.8130146777592553,626,0.43899018232819076,1.0,1
"iteration_5","SCOPE_DATA_COLLECTION",1300,23,1450.0,1510.0,0,8085,5381,1820,8149,5282,1808,6451,4260,1421,1606,1128,394,0.1993297753506268,0.20935412026726058,0.21707988980716253,0.3967651041203734,0.7404638854901239,1.2147298443493362,0.7935302082407468,0.7404638854901239,0.8098198962328907,0.35312354673694,0.407981220657277,0.43842364532019706,100.0,100.0,5128,5090,5068,43,8,3077,0.008385335413416536,0.0015717092337917485,0.6071428571428571,0.5,0.4,0.2,0.2,75.0,90.0,40.0,0.6000000000000001,0.5,0.2,0.1,75.0,90.0,50.0,8274,7688,586,8274,0.07082426879381194,0.3500500059951977,0.5,0.7001000119903954,2263,0.29435483870967744,1.0,1
"iteration_5","SCOPE_DATA_COLLECTION",1300,23,1450.0,1510.0,1,8085,5381,1820,8149,5282,1808,6451,4260,1421,1606,1128,394,0.1993297753506268,0.20935412026726058,0.21707988980716253,0.3967651041203734,0.7404638854901239,1.2147298443493362,0.7935302082407468,0.7404638854901239,0.8098198962328907,0.35312354673694,0.407981220657277,0.43842364532019706,100.0,100.0,5128,5090,5068,43,8,3077,0.008385335413416536,0.0015717092337917485,0.6071428571428571,0.5,0.4,0.2,0.2,75.0,90.0,40.0,0.6000000000000001,0.5,0.2,0.1,75.0,90.0,50.0,5420,5011,409,5420,0.07546125461254613,0.6511117279711751,1.0,0.6511117279711751,1720,0.3432448613051287,1.0,1
"iteration_5","SCOPE_DATA_COLLECTION",1300,23,1450.0,1510.0,2,8085,5381,1820,8149,5282,1808,6451,4260,1421,1606,1128,394,0.1993297753506268,0.20935412026726058,0.21707988980716253,0.3967651041203734,0.7404638854901239,1.2147298443493362,0.7935302082407468,0.7404638854901239,0.8098198962328907,0.35312354673694,0.407981220657277,0.43842364532019706,100.0,100.0,5128,5090,5068,43,8,3077,0.008385335413416536,0.0015717092337917485,0.6071428571428571,0.5,0.4,0.2,0.2,75.0,90.0,40.0,0.6000000000000001,0.5,0.2,0.1,75.0,90.0,50.0,1840,1677,163,1840,0.08858695652173913,1.0755101208372089,1.5,0.717006747224806,630,0.3756708407871199,1.0,1
"iteration_5","SCOPE_DATA_COLLECTION",1300,24,1510.0,1570.0,0,8274,5420,1840,8085,5381,1820,7705,5008,1676,585,409,163,0.07056694813027745,0.07550304596640207,0.08863512778684067,0.34951535406651457,0.6491454059129941,1.0780809783309822,0.6990307081330291,0.6491454059129941,0.7187206522206547,0.29435431537962364,0.3420527156549521,0.3752983293556086,100.0,100.0,5122,6173,4239,36,2,1119,0.007028504490433424,3.239915762190183E-4,0.2639773531493277,0.6000000000000001,0.5,0.2,0.1,75.0,90.0,50.0,0.6000000000000001,0.4,0.2,0.1,75.0,90.0,40.0,8108,7689,419,8108,0.05167735569807597,0.3462593096417438,0.5,0.6925186192834876,2171,0.2823514111067759,1.0,1
"iteration_5","SCOPE_DATA_COLLECTION",1300,24,1510.0,1570.0,1,8274,5420,1840,8085,5381,1820,7705,5008,1676,585,409,163,0.07056694813027745,0.07550304596640207,0.08863512778684067,0.34951535406651457,0.6491454059129941,1.0780809783309822,0.6990307081330291,0.6491454059129941,0.7187206522206547,0.29435431537962364,0.3420527156549521,0.3752983293556086,100.0,100.0,5122,6173,4239,36,2,1119,0.007028504490433424,3.239915762190183E-4,0.2639773531493277,0.6000000000000001,0.5,0.2,0.1,75.0,90.0,50.0,0.6000000000000001,0.4,0.2,0.1,75.0,90.0,40.0,5341,5044,297,5341,0.05560756412656806,0.651077872821022,1.0,0.651077872821022,1749,0.3467486122125297,1.0,1
"iteration_5","SCOPE_DATA_COLLECTION",1300,24,1510.0,1570.0,2,8274,5420,1840,8085,5381,1820,7705,5008,1676,585,409,163,0.07056694813027745,0.07550304596640207,0.08863512778684067,0.34951535406651457,0.6491454059129941,1.0780809783309822,0.6990307081330291,0.6491454059129941,0.7187206522206547,0.29435431537962364,0.3420527156549521,0.3752983293556086,100.0,100.0,5122,6173,4239,36,2,1119,0.007028504490433424,3.239915762190183E-4,0.2639773531493277,0.6000000000000001,0.5,0.2,0.1,75.0,90.0,50.0,0.6000000000000001,0.4,0.2,0.1,75.0,90.0,40.0,1804,1676,128,1804,0.07095343680709534,1.0583228174078734,1.5,0.7055485449385822,616,0.36754176610978523,1.0,1
"iteration_5","SCOPE_DATA_COLLECTION",1300,25,1570.0,1630.0,0,8108,5341,1804,8274,5420,1840,7693,5036,1676,420,297,128,0.05176876617773943,0.05569098068629289,0.07095343680709534,0.3471706769387787,0.6524101271061152,1.0563590270071004,0.6943413538775574,0.6524101271061152,0.7042393513380669,0.2836344728974392,0.3480937251787133,0.366945107398568,95.0,100.0,5090,6128,4035,30,2,813,0.005893909626719057,3.2637075718015666E-4,0.20148698884758365,0.6000000000000001,0.4,0.2,0.1,75.0,90.0,40.0,0.5,0.4,0.30000000000000004,0.1,65.0,95.0,40.0,8211,6790,1421,8211,0.17306052855924978,0.42580674548345343,0.5,0.8516134909669069,2389,0.3518409425625921,1.0,1
"iteration_5","SCOPE_DATA_COLLECTION",1300,25,1570.0,1630.0,1,8108,5341,1804,8274,5420,1840,7693,5036,1676,420,297,128,0.05176876617773943,0.05569098068629289,0.07095343680709534,0.3471706769387787,0.6524101271061152,1.0563590270071004,0.6943413538775574,0.6524101271061152,0.7042393513380669,0.2836344728974392,0.3480937251787133,0.366945107398568,95.0,100.0,5090,6128,4035,30,2,813,0.005893909626719057,3.2637075718015666E-4,0.20148698884758365,0.6000000000000001,0.4,0.2,0.1,75.0,90.0,40.0,0.5,0.4,0.30000000000000004,0.1,65.0,95.0,40.0,5291,4356,935,5291,0.17671517671517672,0.7695955490479265,1.0,0.7695955490479265,1776,0.40771349862258954,1.0,1
"iteration_5","SCOPE_DATA_COLLECTION",1300,25,1570.0,1630.0,2,8108,5341,1804,8274,5420,1840,7693,5036,1676,420,297,128,0.05176876617773943,0.05569098068629289,0.07095343680709534,0.3471706769387787,0.6524101271061152,1.0563590270071004,0.6943413538775574,0.6524101271061152,0.7042393513380669,0.2836344728974392,0.3480937251787133,0.366945107398568,95.0,100.0,5090,6128,4035,30,2,813,0.005893909626719057,3.2637075718015666E-4,0.20148698884758365,0.6000000000000001,0.4,0.2,0.1,75.0,90.0,40.0,0.5,0.4,0.30000000000000004,0.1,65.0,95.0,40.0,1817,1471,346,1817,0.19042377545404512,1.162972826671475,1.5,0.7753152177809833,609,0.4140040788579198,1.0,1
"iteration_5","SCOPE_DATA_COLLECTION",1300,26,1630.0,1690.0,0,8211,5291,1817,8108,5341,1804,6805,4364,1477,1421,935,346,0.17274495502066617,0.1764483864880166,0.18979703784969829,0.4260034594618813,0.7684022090299998,1.166873346396859,0.8520069189237626,0.7684022090299998,0.7779155642645726,0.3523879500367377,0.4053620531622365,0.41570751523358157,100.0,100.0,5211,5116,4992,41,2,2659,0.007867971598541548,3.9093041438623924E-4,0.5326522435897436,0.5,0.4,0.30000000000000004,0.1,65.0,95.0,40.0,0.6000000000000001,0.4,0.4,0.1,65.0,85.0,50.0,8134,7802,332,8134,0.04081632653061224,0.33532945464210445,0.5,0.6706589092842089,2209,0.28313253012048195,1.0,1
"iteration_5","SCOPE_DATA_COLLECTION",1300,26,1630.0,1690.0,1,8211,5291,1817,8108,5341,1804,6805,4364,1477,1421,935,346,0.17274495502066617,0.1764483864880166,0.18979703784969829,0.4260034594618813,0.7684022090299998,1.166873346396859,0.8520069189237626,0.7684022090299998,0.7779155642645726,0.3523879500367377,0.4053620531622365,0.41570751523358157,100.0,100.0,5211,5116,4992,41,2,2659,0.007867971598541548,3.9093041438623924E-4,0.5326522435897436,0.5,0.4,0.30000000000000004,0.1,65.0,95.0,40.0,0.6000000000000001,0.4,0.4,0.1,65.0,85.0,50.0,5359,5107,252,5359,0.047023698451203584,0.6494414030690352,1.0,0.6494414030690352,1729,0.3385549246132759,1.0,1
"iteration_5","SCOPE_DATA_COLLECTION",1300,26,1630.0,1690.0,2,8211,5291,1817,8108,5341,1804,6805,4364,1477,1421,935,346,0.17274495502066617,0.1764483864880166,0.18979703784969829,0.4260034594618813,0.7684022090299998,1.166873346396859,0.8520069189237626,0.7684022090299998,0.7779155642645726,0.3523879500367377,0.4053620531622365,0.41570751523358157,100.0,100.0,5211,5116,4992,41,2,2659,0.007867971598541548,3.9093041438623924E-4,0.5326522435897436,0.5,0.4,0.30000000000000004,0.1,65.0,95.0,40.0,0.6000000000000001,0.4,0.4,0.1,65.0,85.0,50.0,1782,1694,88,1782,0.04938271604938271,1.038132428373985,1.5,0.6920882855826567,605,0.35714285714285715,1.0,1
"iteration_5","SCOPE_DATA_COLLECTION",1300,27,1690.0,1750.0,0,8134,5359,1782,8211,5291,1817,7792,5101,1685,332,252,88,0.04086656819300837,0.04707640575378293,0.049633389734912575,0.3349851415330832,0.648123127141158,1.0378114224679196,0.6699702830661663,0.648123127141158,0.6918742816452798,0.2827258726899384,0.33816898647324056,0.3572700296735905,100.0,100.0,5185,6065,4025,41,6,625,0.007907425265188043,9.89282769991756E-4,0.15527950310559005,0.6000000000000001,0.4,0.4,0.1,65.0,85.0,50.0,0.6000000000000001,0.30000000000000004,0.30000000000000004,0.1,75.0,75.0,60.0,8150,7861,289,8150,0.035460122699386504,0.3321215566495554,0.5,0.6642431132991108,2127,0.270576262562015,1.0,1
"iteration_5","SCOPE_DATA_COLLECTION",1300,27,1690.0,1750.0,1,8134,5359,1782,8211,5291,1817,7792,5101,1685,332,252,88,0.04086656819300837,0.04707640575378293,0.049633389734912575,0.3349851415330832,0.648123127141158,1.0378114224679196,0.6699702830661663,0.648123127141158,0.6918742816452798,0.2827258726899384,0.33816898647324056,0.3572700296735905,100.0,100.0,5185,6065,4025,41,6,625,0.007907425265188043,9.89282769991756E-4,0.15527950310559005,0.6000000000000001,0.4,0.4,0.1,65.0,85.0,50.0,0.6000000000000001,0.30000000000000004,0.30000000000000004,0.1,75.0,75.0,60.0,5316,5109,207,5316,0.03893905191873589,0.6664210459454822,1.0,0.6664210459454822,1784,0.3491877079663339,1.0,1
"iteration_5","SCOPE_DATA_COLLECTION",1300,27,1690.0,1750.0,2,8134,5359,1782,8211,5291,1817,7792,5101,1685,332,252,88,0.04086656819300837,0.04707640575378293,0.049633389734912575,0.3349851415330832,0.648123127141158,1.0378114224679196,0.6699702830661663,0.648123127141158,0.6918742816452798,0.2827258726899384,0.33816898647324056,0.3572700296735905,100.0,100.0,5185,6065,4025,41,6,625,0.007907425265188043,9.89282769991756E-4,0.15527950310559005,0.6000000000000001,0.4,0.4,0.1,65.0,85.0,50.0,0.6000000000000001,0.30000000000000004,0.30000000000000004,0.1,75.0,75.0,60.0,1755,1685,70,1755,0.039886039886039885,1.0191575156504655,1.5,0.679438343766977,588,0.3489614243323442,1.0,1
"iteration_5","SCOPE_DATA_COLLECTION",1300,28,1750.0,1810.0,0,8150,5316,1755,8134,5359,1782,7847,5123,1695,289,207,70,0.03552114060963618,0.03883677298311445,0.039660056657223795,0.3316666305714358,0.6680495664490219,1.0168725281352218,0.6633332611428716,0.6680495664490219,0.6779150187568145,0.2697846310691984,0.3501854382197931,0.34749262536873154,100.0,100.0,5234,5953,4034,29,3,534,0.00554069545280856,5.039475894506972E-4,0.13237481408031732,0.6000000000000001,0.30000000000000004,0.30000000000000004,0.1,75.0,75.0,60.0,0.7000000000000001,0.2,0.2,0.1,75.0,85.0,70.0,8117,8109,8,8117,9.85585807564371E-4,0.2925171442904169,0.5,0.5850342885808338,2022,0.2493525712171661,1.0,1
"iteration_5","SCOPE_DATA_COLLECTION",1300,28,1750.0,1810.0,1,8150,5316,1755,8134,5359,1782,7847,5123,1695,289,207,70,0.03552114060963618,0.03883677298311445,0.039660056657223795,0.3316666305714358,0.6680495664490219,1.0168725281352218,0.6633332611428716,0.6680495664490219,0.6779150187568145,0.2697846310691984,0.3501854382197931,0.34749262536873154,100.0,100.0,5234,5953,4034,29,3,534,0.00554069545280856,5.039475894506972E-4,0.13237481408031732,0.6000000000000001,0.30000000000000004,0.30000000000000004,0.1,75.0,75.0,60.0,0.7000000000000001,0.2,0.2,0.1,75.0,85.0,70.0,5311,5294,17,5311,0.0032009037845980044,0.6036478597920597,1.0,0.6036478597920597,1786,0.33736305251227805,1.0,1
"iteration_5","SCOPE_DATA_COLLECTION",1300,28,1750.0,1810.0,2,8150,5316,1755,8134,5359,1782,7847,5123,1695,289,207,70,0.03552114060963618,0.03883677298311445,0.039660056657223795,0.3316666305714358,0.6680495664490219,1.0168725281352218,0.6633332611428716,0.6680495664490219,0.6779150187568145,0.2697846310691984,0.3501854382197931,0.34749262536873154,100.0,100.0,5234,5953,4034,29,3,534,0.00554069545280856,5.039475894506972E-4,0.13237481408031732,0.6000000000000001,0.30000000000000004,0.30000000000000004,0.1,75.0,75.0,60.0,0.7000000000000001,0.2,0.2,0.1,75.0,85.0,70.0,1719,1703,16,1719,0.009307737056428156,0.9841197911694034,1.5,0.6560798607796022,581,0.3411626541397534,1.0,1
"iteration_5","SCOPE_DATA_COLLECTION",1300,29,1810.0,1870.0,0,8117,5311,1719,8150,5316,1755,8125,5279,1698,8,17,16,9.836468707733923E-4,0.0032099697885196376,0.009334889148191364,0.29348674661278684,0.6014062762187589,0.9853113276480876,0.5869734932255737,0.6014062762187589,0.6568742184320584,0.24996923076923078,0.3356696344004546,0.3421672555948174,97.5,100.0,5354,6860,2933,34,7,0,0.00635039223010833,0.0010204081632653062,0.0,0.7000000000000001,0.2,0.2,0.1,75.0,85.0,70.0,0.7000000000000001,0.1,0.30000000000000004,0.2,85.0,85.0,70.0,8040,8030,10,8040,0.0012437810945273632,0.27168203531241,0.5,0.54336407062482,1749,0.21780821917808219,1.0,1
"iteration_5","SCOPE_DATA_COLLECTION",1300,29,1810.0,1870.0,1,8117,5311,1719,8150,5316,1755,8125,5279,1698,8,17,16,9.836468707733923E-4,0.0032099697885196376,0.009334889148191364,0.29348674661278684,0.6014062762187589,0.9853113276480876,0.5869734932255737,0.6014062762187589,0.6568742184320584,0.24996923076923078,0.3356696344004546,0.3421672555948174,97.5,100.0,5354,6860,2933,34,7,0,0.00635039223010833,0.0010204081632653062,0.0,0.7000000000000001,0.2,0.2,0.1,75.0,85.0,70.0,0.7000000000000001,0.1,0.30000000000000004,0.2,85.0,85.0,70.0,5313,5296,17,5313,0.003199698851872765,0.6116507190647873,1.0,0.6116507190647873,1756,0.33157099697885195,1.0,1
"iteration_5","SCOPE_DATA_COLLECTION",1300,29,1810.0,1870.0,2,8117,5311,1719,8150,5316,1755,8125,5279,1698,8,17,16,9.836468707733923E-4,0.0032099697885196376,0.009334889148191364,0.29348674661278684,0.6014062762187589,0.9853113276480876,0.5869734932255737,0.6014062762187589,0.6568742184320584,0.24996923076923078,0.3356696344004546,0.3421672555948174,97.5,100.0,5354,6860,2933,34,7,0,0.00635039223010833,0.0010204081632653062,0.0,0.7000000000000001,0.2,0.2,0.1,75.0,85.0,70.0,0.7000000000000001,0.1,0.30000000000000004,0.2,85.0,85.0,70.0,1797,1778,19,1797,0.010573177518085699,1.0115074222799973,1.5,0.6743382815199982,620,0.34870641169853767,1.0,1
"iteration_5","SCOPE_DATA_COLLECTION",1300,30,1870.0,1930.0,0,8040,5313,1797,8117,5311,1719,8023,5303,1778,10,17,19,0.0012448649321548612,0.0031954887218045114,0.010573177518085699,0.27158098008430215,0.6151590238598134,1.010713937862998,0.5431619601686043,0.6151590238598134,0.6738092919086652,0.21787361336158545,0.33415048085989063,0.34870641169853767,95.0,100.0,5257,6946,2947,39,7,0,0.007418679855430854,0.0010077742585660812,0.0,0.7000000000000001,0.1,0.30000000000000004,0.2,85.0,85.0,70.0,0.7000000000000001,0.1,0.30000000000000004,0.2,85.0,85.0,70.0,8117,8110,7,8117,8.623875816188247E-4,0.27719714640646315,0.5,0.5543942928129263,1832,0.22589395807644883,1.0,1
"iteration_5","SCOPE_DATA_COLLECTION",1300,30,1870.0,1930.0,1,8040,5313,1797,8117,5311,1719,8023,5303,1778,10,17,19,0.0012448649321548612,0.0031954887218045114,0.010573177518085699,0.27158098008430215,0.6151590238598134,1.010713937862998,0.5431619601686043,0.6151590238598134,0.6738092919086652,0.21787361336158545,0.33415048085989063,0.34870641169853767,95.0,100.0,5257,6946,2947,39,7,0,0.007418679855430854,0.0010077742585660812,0.0,0.7000000000000001,0.1,0.30000000000000004,0.2,85.0,85.0,70.0,0.7000000000000001,0.1,0.30000000000000004,0.2,85.0,85.0,70.0,5407,5387,20,5407,0.0036989088218975404,0.6379162625690514,1.0,0.6379162625690514,1874,0.3478745127157973,1.0,1
"iteration_5","SCOPE_DATA_COLLECTION",1300,30,1870.0,1930.0,2,8040,5313,1797,8117,5311,1719,8023,5303,1778,10,17,19,0.0012448649321548612,0.0031954887218045114,0.010573177518085699,0.27158098008430215,0.6151590238598134,1.010713937862998,0.5431619601686043,0.6151590238598134,0.6738092919086652,0.21787361336158545,0.33415048085989063,0.34870641169853767,95.0,100.0,5257,6946,2947,39,7,0,0.007418679855430854,0.0010077742585660812,0.0,0.7000000000000001,0.1,0.30000000000000004,0.2,85.0,85.0,70.0,0.7000000000000001,0.1,0.30000000000000004,0.2,85.0,85.0,70.0,1760,1731,29,1760,0.016477272727272726,0.9981616539787747,1.5,0.6654411026525164,588,0.3396880415944541,1.0,1
"iteration_5","SCOPE_DATA_COLLECTION",1300,31,1930.0,1990.0,0,8117,5407,1760,8040,5313,1797,8098,5386,1727,7,20,29,8.636644046884639E-4,0.003699593044765076,0.01651480637813212,0.27755213787686783,0.6360189973263739,0.9965964917660489,0.5551042757537357,0.6360189973263739,0.664397661177366,0.22696962212892072,0.3473821017452655,0.3381586566299942,100.0,100.0,5449,6867,2968,54,2,0,0.009910075243163884,2.91247997670016E-4,0.0,0.7000000000000001,0.1,0.30000000000000004,0.2,85.0,85.0,70.0,0.65,0.2,0.9,0.5,65.0,65.0,90.0,7982,7916,66,7982,0.008268604359809572,0.299238942118845,0.5,0.59847788423769,1964,0.24810510358767054,1.0,1
"iteration_5","SCOPE_DATA_COLLECTION",1300,31,1930.0,1990.0,1,8117,5407,1760,8040,5313,1797,8098,5386,1727,7,20,29,8.636644046884639E-4,0.003699593044765076,0.01651480637813212,0.27755213787686783,0.6360189973263739,0.9965964917660489,0.5551042757537357,0.6360189973263739,0.664397661177366,0.22696962212892072,0.3473821017452655,0.3381586566299942,100.0,100.0,5449,6867,2968,54,2,0,0.009910075243163884,2.91247997670016E-4,0.0,0.7000000000000001,0.1,0.30000000000000004,0.2,85.0,85.0,70.0,0.65,0.2,0.9,0.5,65.0,65.0,90.0,5370,5299,71,5370,0.013221601489757914,0.6383950069632062,1.0,0.6383950069632062,1791,0.33798829967918476,1.0,1
"iteration_5","SCOPE_DATA_COLLECTION",1300,31,1930.0,1990.0,2,8117,5407,1760,8040,5313,1797,8098,5386,1727,7,20,29,8.636644046884639E-4,0.003699593044765076,0.01651480637813212,0.27755213787686783,0.6360189973263739,0.9965964917660489,0.5551042757537357,0.6360189973263739,0.664397661177366,0.22696962212892072,0.3473821017452655,0.3381586566299942,100.0,100.0,5449,6867,2968,54,2,0,0.009910075243163884,2.91247997670016E-4,0.0,0.7000000000000001,0.1,0.30000000000000004,0.2,85.0,85.0,70.0,0.65,0.2,0.9,0.5,65.0,65.0,90.0,1829,1778,51,1829,0.027884089666484417,1.0013764439097559,1.5,0.6675842959398373,592,0.3329583802024747,1.0,1
"iteration_5","SCOPE_DATA_COLLECTION",1300,32,1990.0,2050.0,0,7982,5370,1829,8117,5407,1760,7913,5304,1780,66,71,51,0.008271713247274095,0.013209302325581396,0.02785363189513927,0.29734399340778556,0.6381388260711934,1.0029116206371753,0.5946879868155711,0.6381388260711934,0.6686077470914502,0.24478705926955643,0.33748114630467574,0.33370786516853934,97.5,100.0,5395,6347,3439,85,8,95,0.015755329008341055,0.0012604380022057666,0.027624309392265192,0.65,0.2,0.9,0.5,65.0,65.0,90.0,0.2,0.2,0.8,0.4,35.0,75.0,95.0,8059,3863,4196,8059,0.5206601315299665,0.45930197499402126,0.5,0.9186039499880425,1808,0.4680300284752783,1.0,1
"iteration_5","SCOPE_DATA_COLLECTION",1300,32,1990.0,2050.0,1,7982,5370,1829,8117,5407,1760,7913,5304,1780,66,71,51,0.008271713247274095,0.013209302325581396,0.02785363189513927,0.29734399340778556,0.6381388260711934,1.0029116206371753,0.5946879868155711,0.6381388260711934,0.6686077470914502,0.24478705926955643,0.33748114630467574,0.33370786516853934,97.5,100.0,5395,6347,3439,85,8,95,0.015755329008341055,0.0012604380022057666,0.027624309392265192,0.65,0.2,0.9,0.5,65.0,65.0,90.0,0.2,0.2,0.8,0.4,35.0,75.0,95.0,5486,2687,2799,5486,0.510207801676996,1.0665920968391989,1.0,1.0665920968391989,1848,0.6877558615556383,1.0,1
"iteration_5","SCOPE_DATA_COLLECTION",1300,32,1990.0,2050.0,2,7982,5370,1829,8117,5407,1760,7913,5304,1780,66,71,51,0.008271713247274095,0.013209302325581396,0.02785363189513927,0.29734399340778556,0.6381388260711934,1.0029116206371753,0.5946879868155711,0.6381388260711934,0.6686077470914502,0.24478705926955643,0.33748114630467574,0.33370786516853934,97.5,100.0,5395,6347,3439,85,8,95,0.015755329008341055,0.0012604380022057666,0.027624309392265192,0.65,0.2,0.9,0.5,65.0,65.0,90.0,0.2,0.2,0.8,0.4,35.0,75.0,95.0,1714,785,929,1714,0.5420070011668612,1.7385161350965843,1.5,1.1590107567310561,563,0.7171974522292993,1.0,1
"iteration_5","SCOPE_DATA_COLLECTION",1300,33,2050.0,2110.0,0,8059,5486,1714,7982,5370,1829,3889,2686,785,4196,2799,929,0.5189857761286333,0.5103008204193255,0.5420070011668612,0.45955019840419814,1.0600108896127847,1.7180056057479791,0.9191003968083963,1.0600108896127847,1.1453370704986527,0.4700437130367704,0.6850335070737156,0.70828025477707,100.0,100.0,5355,2001,7903,68,2,7854,0.012698412698412698,9.995002498750624E-4,0.9937998228520815,0.2,0.2,0.8,0.4,35.0,75.0,95.0,0.1,0.1,0.8,0.5,45.0,85.0,95.0,8184,3401,4783,8184,0.5844330400782014,0.4939035511240927,0.5,0.9878071022481854,1751,0.5148485739488385,1.0,1
"iteration_5","SCOPE_DATA_COLLECTION",1300,33,2050.0,2110.0,1,8059,5486,1714,7982,5370,1829,3889,2686,785,4196,2799,929,0.5189857761286333,0.5103008204193255,0.5420070011668612,0.45955019840419814,1.0600108896127847,1.7180056057479791,0.9191003968083963,1.0600108896127847,1.1453370704986527,0.4700437130367704,0.6850335070737156,0.70828025477707,100.0,100.0,5355,2001,7903,68,2,7854,0.012698412698412698,9.995002498750624E-4,0.9937998228520815,0.2,0.2,0.8,0.4,35.0,75.0,95.0,0.1,0.1,0.8,0.5,45.0,85.0,95.0,5361,2193,3168,5361,0.5909345271404589,1.2330342235232234,1.0,1.2330342235232234,1789,0.8157774737802097,1.0,1
"iteration_5","SCOPE_DATA_COLLECTION",1300,33,2050.0,2110.0,2,8059,5486,1714,7982,5370,1829,3889,2686,785,4196,2799,929,0.5189857761286333,0.5103008204193255,0.5420070011668612,0.45955019840419814,1.0600108896127847,1.7180056057479791,0.9191003968083963,1.0600108896127847,1.1453370704986527,0.4700437130367704,0.6850335070737156,0.70828025477707,100.0,100.0,5355,2001,7903,68,2,7854,0.012698412698412698,9.995002498750624E-4,0.9937998228520815,0.2,0.2,0.8,0.4,35.0,75.0,95.0,0.1,0.1,0.8,0.5,45.0,85.0,95.0,1844,719,1125,1844,0.6100867678958786,1.9905206884146855,1.5,1.327013792276457,608,0.8456189151599444,1.0,1
"iteration_5","SCOPE_DATA_COLLECTION",1300,34,2110.0,2170.0,0,8184,5361,1844,8059,5486,1714,3399,2191,724,4783,3167,1125,0.5845758983133709,0.5910787607316162,0.6084369929691725,0.4954475424843705,1.2366520755897514,1.9950417856630998,0.990895084968741,1.2366520755897514,1.3300278571087332,0.5163283318623124,0.8151528982199908,0.8494475138121547,100.0,100.0,5412,988,8989,86,0,8989,0.015890613451589063,0.0,1.0,0.1,0.1,0.8,0.5,45.0,85.0,95.0,0.1,0.2,0.9,0.6000000000000001,45.0,95.0,95.0,8448,3524,4924,8448,0.5828598484848485,0.5249126659979032,0.5,1.0498253319958064,1982,0.5624290578887627,1.0,1
"iteration_5","SCOPE_DATA_COLLECTION",1300,34,2110.0,2170.0,1,8184,5361,1844,8059,5486,1714,3399,2191,724,4783,3167,1125,0.5845758983133709,0.5910787607316162,0.6084369929691725,0.4954475424843705,1.2366520755897514,1.9950417856630998,0.990895084968741,1.2366520755897514,1.3300278571087332,0.5163283318623124,0.8151528982199908,0.8494475138121547,100.0,100.0,5412,988,8989,86,0,8989,0.015890613451589063,0.0,1.0,0.1,0.1,0.8,0.5,45.0,85.0,95.0,0.1,0.2,0.9,0.6000000000000001,45.0,95.0,95.0,5276,2183,3093,5276,0.5862395754359363,1.2249831351456908,1.0,1.2249831351456908,1750,0.8016491067338525,1.0,1
"iteration_5","SCOPE_DATA_COLLECTION",1300,34,2110.0,2170.0,2,8184,5361,1844,8059,5486,1714,3399,2191,724,4783,3167,1125,0.5845758983133709,0.5910787607316162,0.6084369929691725,0.4954475424843705,1.2366520755897514,1.9950417856630998,0.990895084968741,1.2366520755897514,1.3300278571087332,0.5163283318623124,0.8151528982199908,0.8494475138121547,100.0,100.0,5412,988,8989,86,0,8989,0.015890613451589063,0.0,1.0,0.1,0.1,0.8,0.5,45.0,85.0,95.0,0.1,0.2,0.9,0.6000000000000001,45.0,95.0,95.0,1796,707,1089,1796,0.606347438752784,1.987810408318234,1.5,1.3252069388788226,595,0.8415841584158416,1.0,1
"iteration_5","SCOPE_DATA_COLLECTION",1300,35,2170.0,2230.0,0,8448,5276,1796,8184,5361,1844,3527,2177,707,4923,3094,1089,0.582603550295858,0.5869853917662683,0.606347438752784,0.5233783254918197,1.2194115964463776,1.9822642937354282,1.0467566509836395,1.2194115964463776,1.321509529156952,0.561100085058123,0.801102434542949,0.8387553041018387,100.0,100.0,5481,1034,9005,99,2,9005,0.0180623973727422,0.0019342359767891683,1.0,0.1,0.2,0.9,0.6000000000000001,45.0,95.0,95.0,0.7000000000000001,0.1,0.5,0.8,90.0,50.0,25.0,8193,8158,35,8193,0.004271939460515074,0.2802101305918624,0.5,0.5604202611837248,1879,0.23032606030889924,1.0,1
"iteration_5","SCOPE_DATA_COLLECTION",1300,35,2170.0,2230.0,1,8448,5276,1796,8184,5361,1844,3527,2177,707,4923,3094,1089,0.582603550295858,0.5869853917662683,0.606347438752784,0.5233783254918197,1.2194115964463776,1.9822642937354282,1.0467566509836395,1.2194115964463776,1.321509529156952,0.561100085058123,0.801102434542949,0.8387553041018387,100.0,100.0,5481,1034,9005,99,2,9005,0.0180623973727422,0.0019342359767891683,1.0,0.1,0.2,0.9,0.6000000000000001,45.0,95.0,95.0,0.7000000000000001,0.1,0.5,0.8,90.0,50.0,25.0,5228,5167,61,5228,0.011667941851568477,0.6280275199429122,1.0,0.6280275199429122,1742,0.3371395393845558,1.0,1
"iteration_5","SCOPE_DATA_COLLECTION",1300,35,2170.0,2230.0,2,8448,5276,1796,8184,5361,1844,3527,2177,707,4923,3094,1089,0.582603550295858,0.5869853917662683,0.606347438752784,0.5233783254918197,1.2194115964463776,1.9822642937354282,1.0467566509836395,1.2194115964463776,1.321509529156952,0.561100085058123,0.801102434542949,0.8387553041018387,100.0,100.0,5481,1034,9005,99,2,9005,0.0180623973727422,0.0019342359767891683,1.0,0.1,0.2,0.9,0.6000000000000001,45.0,95.0,95.0,0.7000000000000001,0.1,0.5,0.8,90.0,50.0,25.0,1771,1735,36,1771,0.020327498588368152,1.0560660306838077,1.5,0.7040440204558718,633,0.3648414985590778,1.0,1
"iteration_5","SCOPE_DATA_COLLECTION",1300,36,2230.0,2290.0,0,8193,5228,1771,8448,5276,1796,8139,5185,1725,36,61,36,0.004403669724770643,0.011627906976744186,0.020442930153321975,0.280192868621033,0.6344411003891739,1.0563590485392387,0.560385737242066,0.6344411003891739,0.7042393656928257,0.22914362943850597,0.34059787849566053,0.3640579710144928,95.0,100.0,5420,6839,2933,85,7,41,0.015682656826568265,0.0010235414534288639,0.013978861234231163,0.7000000000000001,0.1,0.5,0.8,90.0,50.0,25.0,0.9,0.9,0.6000000000000001,0.1,30.0,80.0,20.0,8041,8031,10,8041,0.0012436264146250466,0.33027823765107356,0.5,0.6605564753021471,2252,0.2804133980824306,1.0,1
"iteration_5","SCOPE_DATA_COLLECTION",1300,36,2230.0,2290.0,1,8193,5228,1771,8448,5276,1796,8139,5185,1725,36,61,36,0.004403669724770643,0.011627906976744186,0.020442930153321975,0.280192868621033,0.6344411003891739,1.0563590485392387,0.560385737242066,0.6344411003891739,0.7042393656928257,0.22914362943850597,0.34059787849566053,0.3640579710144928,95.0,100.0,5420,6839,2933,85,7,41,0.015682656826568265,0.0010235414534288639,0.013978861234231163,0.7000000000000001,0.1,0.5,0.8,90.0,50.0,25.0,0.9,0.9,0.6000000000000001,0.1,30.0,80.0,20.0,5357,5336,21,5357,0.003920104536120963,0.6298059392895721,1.0,0.6298059392895721,1733,0.3247751124437781,1.0,1
"iteration_5","SCOPE_DATA_COLLECTION",1300,36,2230.0,2290.0,2,8193,5228,1771,8448,5276,1796,8139,5185,1725,36,61,36,0.004403669724770643,0.011627906976744186,0.020442930153321975,0.280192868621033,0.6344411003891739,1.0563590485392387,0.560385737242066,0.6344411003891739,0.7042393656928257,0.22914362943850597,0.34059787849566053,0.3640579710144928,95.0,100.0,5420,6839,2933,85,7,41,0.015682656826568265,0.0010235414534288639,0.013978861234231163,0.7000000000000001,0.1,0.5,0.8,90.0,50.0,25.0,0.9,0.9,0.6000000000000001,0.1,30.0,80.0,20.0,1762,1753,9,1762,0.00510783200908059,0.9943748246996708,1.5,0.6629165497997805,597,0.3405590416428979,1.0,1
"iteration_5","SCOPE_DATA_COLLECTION",1300,37,2290.0,2350.0,0,8041,5357,1762,8193,5228,1771,8021,5337,1765,10,21,9,0.0012451749470800647,0.003919372900335946,0.005073280721533258,0.3289957424262223,0.6300516241584835,1.0035980109370288,0.6579914848524446,0.6300516241584835,0.6690653406246859,0.27976561525994265,0.32490163012928613,0.345042492917847,100.0,100.0,5173,8985,1002,33,7,0,0.006379277015271603,7.790762381747357E-4,0.0,0.9,0.9,0.6000000000000001,0.1,30.0,80.0,20.0,0.9,0.9,0.6000000000000001,0.1,40.0,80.0,30.0,7922,7827,95,7922,0.011991921232012119,0.32826255700261225,0.5,0.6565251140052245,2164,0.2764788552446659,1.0,1
"iteration_5","SCOPE_DATA_COLLECTION",1300,37,2290.0,2350.0,1,8041,5357,1762,8193,5228,1771,8021,5337,1765,10,21,9,0.0012451749470800647,0.003919372900335946,0.005073280721533258,0.3289957424262223,0.6300516241584835,1.0035980109370288,0.6579914848524446,0.6300516241584835,0.6690653406246859,0.27976561525994265,0.32490163012928613,0.345042492917847,100.0,100.0,5173,8985,1002,33,7,0,0.006379277015271603,7.790762381747357E-4,0.0,0.9,0.9,0.6000000000000001,0.1,30.0,80.0,20.0,0.9,0.9,0.6000000000000001,0.1,40.0,80.0,30.0,5334,5277,57,5334,0.010686164229471317,0.6545607055437278,1.0,0.6545607055437278,1795,0.34015539132082623,1.0,1
"iteration_5","SCOPE_DATA_COLLECTION",1300,37,2290.0,2350.0,2,8041,5357,1762,8193,5228,1771,8021,5337,1765,10,21,9,0.0012451749470800647,0.003919372900335946,0.005073280721533258,0.3289957424262223,0.6300516241584835,1.0035980109370288,0.6579914848524446,0.6300516241584835,0.6690653406246859,0.27976561525994265,0.32490163012928613,0.345042492917847,100.0,100.0,5173,8985,1002,33,7,0,0.006379277015271603,7.790762381747357E-4,0.0,0.9,0.9,0.6000000000000001,0.1,30.0,80.0,20.0,0.9,0.9,0.6000000000000001,0.1,40.0,80.0,30.0,1752,1720,32,1752,0.0182648401826484,0.9902615668971402,1.5,0.6601743779314267,583,0.33895348837209305,1.0,1
"iteration_5","SCOPE_DATA_COLLECTION",1300,38,2350.0,2410.0,0,7922,5334,1752,8041,5357,1762,7846,5262,1713,95,57,32,0.01196322881249213,0.01071630005640158,0.01833810888252149,0.3291902770479679,0.652668227056867,0.9846104363622402,0.6583805540959358,0.652668227056867,0.6564069575748268,0.27797603874585775,0.3396047130368681,0.3362521891418564,100.0,100.0,5181,8808,1019,49,135,0,0.009457633661455318,0.015326975476839238,0.0,0.9,0.9,0.6000000000000001,0.1,40.0,80.0,30.0,0.8,0.8,0.5,0.2,50.0,80.0,20.0,8126,8110,16,8126,0.0019689884321929607,0.3185618965566101,0.5,0.6371237931132202,2195,0.27065351418002465,1.0,1
"iteration_5","SCOPE_DATA_COLLECTION",1300,38,2350.0,2410.0,1,7922,5334,1752,8041,5357,1762,7846,5262,1713,95,57,32,0.01196322881249213,0.01071630005640158,0.01833810888252149,0.3291902770479679,0.652668227056867,0.9846104363622402,0.6583805540959358,0.652668227056867,0.6564069575748268,0.27797603874585775,0.3396047130368681,0.3362521891418564,100.0,100.0,5181,8808,1019,49,135,0,0.009457633661455318,0.015326975476839238,0.0,0.9,0.9,0.6000000000000001,0.1,40.0,80.0,30.0,0.8,0.8,0.5,0.2,50.0,80.0,20.0,5435,5404,31,5435,0.005703771849126035,0.6343962923280659,1.0,0.6343962923280659,1775,0.32846039970392304,1.0,1
"iteration_5","SCOPE_DATA_COLLECTION",1300,38,2350.0,2410.0,2,7922,5334,1752,8041,5357,1762,7846,5262,1713,95,57,32,0.01196322881249213,0.01071630005640158,0.01833810888252149,0.3291902770479679,0.652668227056867,0.9846104363622402,0.6583805540959358,0.652668227056867,0.6564069575748268,0.27797603874585775,0.3396047130368681,0.3362521891418564,100.0,100.0,5181,8808,1019,49,135,0,0.009457633661455318,0.015326975476839238,0.0,0.9,0.9,0.6000000000000001,0.1,40.0,80.0,30.0,0.8,0.8,0.5,0.2,50.0,80.0,20.0,1839,1819,20,1839,0.010875475802066341,0.9968673256015883,1.5,0.6645782170677256,610,0.3353490929081913,1.0,1
"iteration_5","SCOPE_DATA_COLLECTION",1300,39,2410.0,2470.0,0,8126,5435,1839,7922,5334,1752,8094,5396,1820,16,31,20,0.001972872996300863,0.005712179841533075,0.010869565217391304,0.3186906822735803,0.6332691057762211,1.0009361326503432,0.6373813645471605,0.6332691057762211,0.6672907551002288,0.27044724487274524,0.3272794662713121,0.3373626373626374,100.0,100.0,5201,8222,1977,60,7,0,0.011536243030186502,8.513743614692289E-4,0.0,0.8,0.8,0.5,0.2,50.0,80.0,20.0,0.5,0.7000000000000001,0.1,0.7000000000000001,20.0,70.0,35.0,8253,6479,1774,8253,0.21495213861626075,0.40205164164220564,0.5,0.8041032832844113,2290,0.35344960642074397,1.0,1
"iteration_5","SCOPE_DATA_COLLECTION",1300,39,2410.0,2470.0,1,8126,5435,1839,7922,5334,1752,8094,5396,1820,16,31,20,0.001972872996300863,0.005712179841533075,0.010869565217391304,0.3186906822735803,0.6332691057762211,1.0009361326503432,0.6373813645471605,0.6332691057762211,0.6672907551002288,0.27044724487274524,0.3272794662713121,0.3373626373626374,100.0,100.0,5201,8222,1977,60,7,0,0.011536243030186502,8.513743614692289E-4,0.0,0.8,0.8,0.5,0.2,50.0,80.0,20.0,0.5,0.7000000000000001,0.1,0.7000000000000001,20.0,70.0,35.0,5407,4289,1118,5407,0.2067690031440725,0.7322988178110215,1.0,0.7322988178110215,1800,0.4196782466775472,1.0,1
"iteration_5","SCOPE_DATA_COLLECTION",1300,39,2410.0,2470.0,2,8126,5435,1839,7922,5334,1752,8094,5396,1820,16,31,20,0.001972872996300863,0.005712179841533075,0.010869565217391304,0.3186906822735803,0.6332691057762211,1.0009361326503432,0.6373813645471605,0.6332691057762211,0.6672907551002288,0.27044724487274524,0.3272794662713121,0.3373626373626374,100.0,100.0,5201,8222,1977,60,7,0,0.011536243030186502,8.513743614692289E-4,0.0,0.8,0.8,0.5,0.2,50.0,80.0,20.0,0.5,0.7000000000000001,0.1,0.7000000000000001,20.0,70.0,35.0,1704,1303,401,1704,0.2353286384976526,1.2601921439284762,1.5,0.8401280959523175,582,0.4466615502686109,1.0,1
"iteration_5","SCOPE_DATA_COLLECTION",1300,40,2470.0,2530.0,0,8253,5407,1704,8126,5435,1839,6493,4307,1307,1770,1113,396,0.21420791480091977,0.20535055350553505,0.23253082795067528,0.40231324104800875,0.7361811070556362,1.2554828967960203,0.8046264820960175,0.7361811070556362,0.8369885978640136,0.35345756969043585,0.4207104713257488,0.4452945677123183,100.0,100.0,5132,5056,5176,37,4,3238,0.007209664848012471,7.911392405063291E-4,0.625579598145286,0.5,0.7000000000000001,0.1,0.7000000000000001,20.0,70.0,35.0,0.5,0.8,0.2,0.6000000000000001,20.0,70.0,35.0,8169,6469,1700,8169,0.20810380707552945,0.41095626905714655,0.5,0.8219125381142931,2323,0.3590972329571804,1.0,1
"iteration_5","SCOPE_DATA_COLLECTION",1300,40,2470.0,2530.0,1,8253,5407,1704,8126,5435,1839,6493,4307,1307,1770,1113,396,0.21420791480091977,0.20535055350553505,0.23253082795067528,0.40231324104800875,0.7361811070556362,1.2554828967960203,0.8046264820960175,0.7361811070556362,0.8369885978640136,0.35345756969043585,0.4207104713257488,0.4452945677123183,100.0,100.0,5132,5056,5176,37,4,3238,0.007209664848012471,7.911392405063291E-4,0.625579598145286,0.5,0.7000000000000001,0.1,0.7000000000000001,20.0,70.0,35.0,0.5,0.8,0.2,0.6000000000000001,20.0,70.0,35.0,5521,4319,1202,5521,0.21771418221336714,0.7326205458520869,1.0,0.7326205458520869,1818,0.4209307710118083,1.0,1
"iteration_5","SCOPE_DATA_COLLECTION",1300,40,2470.0,2530.0,2,8253,5407,1704,8126,5435,1839,6493,4307,1307,1770,1113,396,0.21420791480091977,0.20535055350553505,0.23253082795067528,0.40231324104800875,0.7361811070556362,1.2554828967960203,0.8046264820960175,0.7361811070556362,0.8369885978640136,0.35345756969043585,0.4207104713257488,0.4452945677123183,100.0,100.0,5132,5056,5176,37,4,3238,0.007209664848012471,7.911392405063291E-4,0.625579598145286,0.5,0.7000000000000001,0.1,0.7000000000000001,20.0,70.0,35.0,0.5,0.8,0.2,0.6000000000000001,20.0,70.0,35.0,1706,1309,397,1706,0.23270808909730364,1.2232664745417006,1.5,0.8155109830278003,564,0.43086325439266615,1.0,1
"iteration_5","SCOPE_DATA_COLLECTION",1300,41,2530.0,2590.0,0,8169,5521,1706,8253,5407,1704,6458,4313,1305,1704,1207,402,0.20877235971575595,0.21865942028985508,0.23550087873462214,0.41080766471279956,0.7356287180869886,1.22347610691596,0.8216153294255991,0.7356287180869886,0.8156507379439734,0.36001858160421185,0.42406677486668215,0.4306513409961686,95.0,100.0,5230,5067,5099,53,5,3255,0.010133843212237094,9.867771857114663E-4,0.6383604628358501,0.5,0.8,0.2,0.6000000000000001,20.0,70.0,35.0,0.8500000000000001,0.6000000000000001,0.2,0.7000000000000001,85.0,20.0,90.0,8074,8048,26,8074,0.0032202130294773346,0.31704375008012053,0.5,0.6340875001602411,2069,0.2570825049701789,1.0,1
"iteration_5","SCOPE_DATA_COLLECTION",1300,41,2530.0,2590.0,1,8169,5521,1706,8253,5407,1704,6458,4313,1305,1704,1207,402,0.20877235971575595,0.21865942028985508,0.23550087873462214,0.41080766471279956,0.7356287180869886,1.22347610691596,0.8216153294255991,0.7356287180869886,0.8156507379439734,0.36001858160421185,0.42406677486668215,0.4306513409961686,95.0,100.0,5230,5067,5099,53,5,3255,0.010133843212237094,9.867771857114663E-4,0.6383604628358501,0.5,0.8,0.2,0.6000000000000001,20.0,70.0,35.0,0.8500000000000001,0.6000000000000001,0.2,0.7000000000000001,85.0,20.0,90.0,5487,5465,22,5487,0.004009476945507563,0.6066789481424328,1.0,0.6066789481424328,1807,0.33064958828911256,1.0,1
"iteration_5","SCOPE_DATA_COLLECTION",1300,41,2530.0,2590.0,2,8169,5521,1706,8253,5407,1704,6458,4313,1305,1704,1207,402,0.20877235971575595,0.21865942028985508,0.23550087873462214,0.41080766471279956,0.7356287180869886,1.22347610691596,0.8216153294255991,0.7356287180869886,0.8156507379439734,0.36001858160421185,0.42406677486668215,0.4306513409961686,95.0,100.0,5230,5067,5099,53,5,3255,0.010133843212237094,9.867771857114663E-4,0.6383604628358501,0.5,0.8,0.2,0.6000000000000001,20.0,70.0,35.0,0.8500000000000001,0.6000000000000001,0.2,0.7000000000000001,85.0,20.0,90.0,1866,1817,49,1866,0.026259378349410504,0.9817037092210753,1.5,0.6544691394807168,578,0.31810676940011007,1.0,1
"iteration_5","SCOPE_DATA_COLLECTION",1300,42,2590.0,2650.0,0,8074,5487,1866,8169,5521,1706,8059,5466,1809,26,22,49,0.0032158317872603586,0.004008746355685131,0.0263724434876211,0.31760242061387667,0.6044709031762809,0.9820670994967834,0.6352048412277533,0.6044709031762809,0.6547113996645223,0.25735202878769076,0.3291255031101354,0.31785516860143725,100.0,100.0,5264,8615,1548,72,9,16,0.013677811550151976,0.001044689495066744,0.0103359173126615,0.8500000000000001,0.6000000000000001,0.2,0.7000000000000001,85.0,20.0,90.0,0.25,0.2,0.2,0.9,70.0,45.0,40.0,8143,4172,3971,8143,0.48765811126120595,0.42859506341576037,0.5,0.8571901268315207,1835,0.4398370086289549,1.0,1
"iteration_5","SCOPE_DATA_COLLECTION",1300,42,2590.0,2650.0,1,8074,5487,1866,8169,5521,1706,8059,5466,1809,26,22,49,0.0032158317872603586,0.004008746355685131,0.0263724434876211,0.31760242061387667,0.6044709031762809,0.9820670994967834,0.6352048412277533,0.6044709031762809,0.6547113996645223,0.25735202878769076,0.3291255031101354,0.31785516860143725,100.0,100.0,5264,8615,1548,72,9,16,0.013677811550151976,0.001044689495066744,0.0103359173126615,0.8500000000000001,0.6000000000000001,0.2,0.7000000000000001,85.0,20.0,90.0,0.25,0.2,0.2,0.9,70.0,45.0,40.0,5431,2709,2722,5431,0.501196832995765,0.9813362297493119,1.0,0.9813362297493119,1784,0.658545588778147,1.0,1
"iteration_5","SCOPE_DATA_COLLECTION",1300,42,2590.0,2650.0,2,8074,5487,1866,8169,5521,1706,8059,5466,1809,26,22,49,0.0032158317872603586,0.004008746355685131,0.0263724434876211,0.31760242061387667,0.6044709031762809,0.9820670994967834,0.6352048412277533,0.6044709031762809,0.6547113996645223,0.25735202878769076,0.3291255031101354,0.31785516860143725,100.0,100.0,5264,8615,1548,72,9,16,0.013677811550151976,0.001044689495066744,0.0103359173126615,0.8500000000000001,0.6000000000000001,0.2,0.7000000000000001,85.0,20.0,90.0,0.25,0.2,0.2,0.9,70.0,45.0,40.0,1792,860,932,1792,0.5200892857142857,1.6330243562895597,1.5,1.0886829041930397,583,0.6779069767441861,1.0,1
"iteration_5","SCOPE_DATA_COLLECTION",1300,43,2650.0,2710.0,0,8143,5431,1792,8074,5487,1866,4173,2718,874,3971,2722,932,0.487598231827112,0.5003676470588235,0.5160575858250277,0.42856454819532436,0.9792181682776541,1.6206605827626124,0.8571290963906487,0.9792181682776541,1.0804403885084082,0.43949197220225256,0.6559970566593083,0.6716247139588101,100.0,100.0,5301,2442,7623,51,3,7571,0.009620826259196379,0.0012285012285012285,0.9931785386330841,0.25,0.2,0.2,0.9,70.0,45.0,40.0,0.7000000000000001,0.9,0.8,0.5,45.0,25.0,50.0,8017,7930,87,8017,0.010851939628289883,0.3151291667203955,0.5,0.630258333440791,2158,0.2721311475409836,1.0,1
"iteration_5","SCOPE_DATA_COLLECTION",1300,43,2650.0,2710.0,1,8143,5431,1792,8074,5487,1866,4173,2718,874,3971,2722,932,0.487598231827112,0.5003676470588235,0.5160575858250277,0.42856454819532436,0.9792181682776541,1.6206605827626124,0.8571290963906487,0.9792181682776541,1.0804403885084082,0.43949197220225256,0.6559970566593083,0.6716247139588101,100.0,100.0,5301,2442,7623,51,3,7571,0.009620826259196379,0.0012285012285012285,0.9931785386330841,0.25,0.2,0.2,0.9,70.0,45.0,40.0,0.7000000000000001,0.9,0.8,0.5,45.0,25.0,50.0,5284,5192,92,5284,0.0174110522331567,0.6460162719972744,1.0,0.6460162719972744,1767,0.34033127889060094,1.0,1
"iteration_5","SCOPE_DATA_COLLECTION",1300,43,2650.0,2710.0,2,8143,5431,1792,8074,5487,1866,4173,2718,874,3971,2722,932,0.487598231827112,0.5003676470588235,0.5160575858250277,0.42856454819532436,0.9792181682776541,1.6206605827626124,0.8571290963906487,0.9792181682776541,1.0804403885084082,0.43949197220225256,0.6559970566593083,0.6716247139588101,100.0,100.0,5301,2442,7623,51,3,7571,0.009620826259196379,0.0012285012285012285,0.9931785386330841,0.25,0.2,0.2,0.9,70.0,45.0,40.0,0.7000000000000001,0.9,0.8,0.5,45.0,25.0,50.0,1823,1767,56,1823,0.030718595721338452,0.9989295280872933,1.5,0.6659530187248622,585,0.3310696095076401,1.0,1
"iteration_5","SCOPE_DATA_COLLECTION",1300,44,2710.0,2770.0,0,8017,5284,1823,8143,5431,1792,7921,5183,1754,87,92,56,0.010864135864135864,0.017440758293838864,0.030939226519337018,0.3146051713474414,0.6455882894818916,0.9990063655956616,0.6292103426948829,0.6455882894818916,0.6660042437304411,0.271051634894584,0.340729307350955,0.330672748004561,100.0,100.0,5303,6827,2994,94,6,135,0.017725815576089005,8.788633367511352E-4,0.045090180360721446,0.7000000000000001,0.9,0.8,0.5,45.0,25.0,50.0,0.25,0.8,0.4,0.5,80.0,55.0,45.0,8159,4265,3894,8159,0.47726437063365607,0.5006809217278263,0.5,1.0013618434556526,2197,0.5151230949589684,1.0,1
"iteration_5","SCOPE_DATA_COLLECTION",1300,44,2710.0,2770.0,1,8017,5284,1823,8143,5431,1792,7921,5183,1754,87,92,56,0.010864135864135864,0.017440758293838864,0.030939226519337018,0.3146051713474414,0.6455882894818916,0.9990063655956616,0.6292103426948829,0.6455882894818916,0.6660042437304411,0.271051634894584,0.340729307350955,0.330672748004561,100.0,100.0,5303,6827,2994,94,6,135,0.017725815576089005,8.788633367511352E-4,0.045090180360721446,0.7000000000000001,0.9,0.8,0.5,45.0,25.0,50.0,0.25,0.8,0.4,0.5,80.0,55.0,45.0,5292,2692,2600,5292,0.491307634164777,1.0006729056758252,1.0,1.0006729056758252,1736,0.6448736998514116,1.0,1
"iteration_5","SCOPE_DATA_COLLECTION",1300,44,2710.0,2770.0,2,8017,5284,1823,8143,5431,1792,7921,5183,1754,87,92,56,0.010864135864135864,0.017440758293838864,0.030939226519337018,0.3146051713474414,0.6455882894818916,0.9990063655956616,0.6292103426948829,0.6455882894818916,0.6660042437304411,0.271051634894584,0.340729307350955,0.330672748004561,100.0,100.0,5303,6827,2994,94,6,135,0.017725815576089005,8.788633367511352E-4,0.045090180360721446,0.7000000000000001,0.9,0.8,0.5,45.0,25.0,50.0,0.25,0.8,0.4,0.5,80.0,55.0,45.0,1743,869,874,1743,0.5014343086632244,1.6301492500285462,1.5,1.0867661666856974,571,0.6570771001150748,1.0,1
"iteration_5","SCOPE_DATA_COLLECTION",1300,45,2770.0,2830.0,0,8159,5292,1743,8017,5284,1823,4288,2695,880,3894,2600,874,0.4759227572720606,0.4910292728989613,0.4982896237172178,0.50024065037105,0.9956186934995672,1.6173635832986748,1.0004813007421,0.9956186934995672,1.0782423888657833,0.5160914179104478,0.6411873840445269,0.6511363636363636,100.0,100.0,5316,2475,7403,63,1,7304,0.011851015801354402,4.0404040404040404E-4,0.986627043090639,0.25,0.8,0.4,0.5,80.0,55.0,45.0,0.25,0.7000000000000001,0.4,0.5,80.0,45.0,35.0,8097,4141,3956,8097,0.48857601580832405,0.5022384633773713,0.5,1.0044769267547426,2179,0.5262014006278677,1.0,1
"iteration_5","SCOPE_DATA_COLLECTION",1300,45,2770.0,2830.0,1,8159,5292,1743,8017,5284,1823,4288,2695,880,3894,2600,874,0.4759227572720606,0.4910292728989613,0.4982896237172178,0.50024065037105,0.9956186934995672,1.6173635832986748,1.0004813007421,0.9956186934995672,1.0782423888657833,0.5160914179104478,0.6411873840445269,0.6511363636363636,100.0,100.0,5316,2475,7403,63,1,7304,0.011851015801354402,4.0404040404040404E-4,0.986627043090639,0.25,0.8,0.4,0.5,80.0,55.0,45.0,0.25,0.7000000000000001,0.4,0.5,80.0,45.0,35.0,5378,2711,2667,5378,0.49590925994793605,1.0258920436304144,1.0,1.0258920436304144,1761,0.649575802286979,1.0,1
"iteration_5","SCOPE_DATA_COLLECTION",1300,45,2770.0,2830.0,2,8159,5292,1743,8017,5284,1823,4288,2695,880,3894,2600,874,0.4759227572720606,0.4910292728989613,0.4982896237172178,0.50024065037105,0.9956186934995672,1.6173635832986748,1.0004813007421,0.9956186934995672,1.0782423888657833,0.5160914179104478,0.6411873840445269,0.6511363636363636,100.0,100.0,5316,2475,7403,63,1,7304,0.011851015801354402,4.0404040404040404E-4,0.986627043090639,0.25,0.8,0.4,0.5,80.0,55.0,45.0,0.25,0.7000000000000001,0.4,0.5,80.0,45.0,35.0,1817,864,953,1817,0.5244909190974133,1.6617102733725853,1.5,1.1078068489150568,577,0.6678240740740741,1.0,1
"iteration_5","SCOPE_DATA_COLLECTION",1300,46,2830.0,2890.0,0,8097,5378,1817,8159,5292,1743,4116,2698,866,3956,2667,953,0.49008919722497524,0.4971109040074557,0.5239142385926333,0.5006603904867315,1.0200807335910065,1.6686877831690767,1.001320780973463,1.0200807335910065,1.112458522112718,0.5228377065111759,0.647887323943662,0.6732101616628176,95.0,100.0,5363,2460,7469,106,1,7469,0.019765056871154204,4.065040650406504E-4,1.0,0.25,0.7000000000000001,0.4,0.5,80.0,45.0,35.0,0.35000000000000003,0.8,0.4,0.5,90.0,45.0,25.0,8127,4672,3455,8127,0.4251261228005414,0.44476690816249875,0.5,0.8895338163249975,2163,0.4629708904109589,1.0,1
"iteration_5","SCOPE_DATA_COLLECTION",1300,46,2830.0,2890.0,1,8097,5378,1817,8159,5292,1743,4116,2698,866,3956,2667,953,0.49008919722497524,0.4971109040074557,0.5239142385926333,0.5006603904867315,1.0200807335910065,1.6686877831690767,1.001320780973463,1.0200807335910065,1.112458522112718,0.5228377065111759,0.647887323943662,0.6732101616628176,95.0,100.0,5363,2460,7469,106,1,7469,0.019765056871154204,4.065040650406504E-4,1.0,0.25,0.7000000000000001,0.4,0.5,80.0,45.0,35.0,0.35000000000000003,0.8,0.4,0.5,90.0,45.0,25.0,5335,3174,2161,5335,0.4050609184629803,0.9138635739507103,1.0,0.9138635739507103,1787,0.5630119722747322,1.0,1
"iteration_5","SCOPE_DATA_COLLECTION",1300,46,2830.0,2890.0,2,8097,5378,1817,8159,5292,1743,4116,2698,866,3956,2667,953,0.49008919722497524,0.4971109040074557,0.5239142385926333,0.5006603904867315,1.0200807335910065,1.6686877831690767,1.001320780973463,1.0200807335910065,1.112458522112718,0.5228377065111759,0.647887323943662,0.6732101616628176,95.0,100.0,5363,2460,7469,106,1,7469,0.019765056871154204,4.065040650406504E-4,1.0,0.25,0.7000000000000001,0.4,0.5,80.0,45.0,35.0,0.35000000000000003,0.8,0.4,0.5,90.0,45.0,25.0,1795,1048,747,1795,0.4161559888579387,1.4229647652869488,1.5,0.9486431768579658,573,0.5467557251908397,1.0,1
"iteration_5","SCOPE_DATA_COLLECTION",1300,47,2890.0,2950.0,0,8127,5335,1795,8097,5378,1817,4686,3184,1048,3455,2161,747,0.42439503746468493,0.40430308699719364,0.4161559888579387,0.4460256618646153,0.9206278395085449,1.4277813499233754,0.8920513237292306,0.9206278395085449,0.9518542332822503,0.46521553563807083,0.5646984924623115,0.5477099236641222,100.0,100.0,5259,3581,6417,84,2,6277,0.015972618368511125,5.585032113934655E-4,0.9781829515349852,0.35000000000000003,0.8,0.4,0.5,90.0,45.0,25.0,0.25,0.7000000000000001,0.4,0.5,95.0,45.0,35.0,8089,4056,4033,8089,0.4985783162319199,0.477922928241594,0.5,0.955845856483188,2063,0.508629191321499,1.0,1
"iteration_5","SCOPE_DATA_COLLECTION",1300,47,2890.0,2950.0,1,8127,5335,1795,8097,5378,1817,4686,3184,1048,3455,2161,747,0.42439503746468493,0.40430308699719364,0.4161559888579387,0.4460256618646153,0.9206278395085449,1.4277813499233754,0.8920513237292306,0.9206278395085449,0.9518542332822503,0.46521553563807083,0.5646984924623115,0.5477099236641222,100.0,100.0,5259,3581,6417,84,2,6277,0.015972618368511125,5.585032113934655E-4,0.9781829515349852,0.35000000000000003,0.8,0.4,0.5,90.0,45.0,25.0,0.25,0.7000000000000001,0.4,0.5,95.0,45.0,35.0,5388,2693,2695,5388,0.5001855976243504,1.00657435475091,1.0,1.00657435475091,1762,0.6542888971407352,1.0,1
"iteration_5","SCOPE_DATA_COLLECTION",1300,47,2890.0,2950.0,2,8127,5335,1795,8097,5378,1817,4686,3184,1048,3455,2161,747,0.42439503746468493,0.40430308699719364,0.4161559888579387,0.4460256618646153,0.9206278395085449,1.4277813499233754,0.8920513237292306,0.9206278395085449,0.9518542332822503,0.46521553563807083,0.5646984924623115,0.5477099236641222,100.0,100.0,5259,3581,6417,84,2,6277,0.015972618368511125,5.585032113934655E-4,0.9781829515349852,0.35000000000000003,0.8,0.4,0.5,90.0,45.0,25.0,0.25,0.7000000000000001,0.4,0.5,95.0,45.0,35.0,1797,875,922,1797,0.5130773511407902,1.6449903896180258,1.5,1.0966602597453505,578,0.6605714285714286,1.0,1
"iteration_5","SCOPE_DATA_COLLECTION",1300,48,2950.0,3010.0,0,8089,5388,1797,8127,5335,1795,4053,2696,870,4033,2695,922,0.49876329458323027,0.49990725282878873,0.5145089285714286,0.4786909395832918,1.0060410132368496,1.6372173640103478,0.9573818791665836,1.0060410132368496,1.0914782426735652,0.5085122131754256,0.6550445103857567,0.6563218390804598,100.0,100.0,5222,2478,7574,73,3,7574,0.013979318268862504,0.0012106537530266344,1.0,0.25,0.7000000000000001,0.4,0.5,95.0,45.0,35.0,0.25,0.7000000000000001,0.4,0.5,95.0,45.0,35.0,7892,4018,3874,7892,0.4908768373035986,0.477780096897212,0.5,0.955560193794424,1984,0.49377799900447983,1.0,1
"iteration_5","SCOPE_DATA_COLLECTION",1300,48,2950.0,3010.0,1,8089,5388,1797,8127,5335,1795,4053,2696,870,4033,2695,922,0.49876329458323027,0.49990725282878873,0.5145089285714286,0.4786909395832918,1.0060410132368496,1.6372173640103478,0.9573818791665836,1.0060410132368496,1.0914782426735652,0.5085122131754256,0.6550445103857567,0.6563218390804598,100.0,100.0,5222,2478,7574,73,3,7574,0.013979318268862504,0.0012106537530266344,1.0,0.25,0.7000000000000001,0.4,0.5,95.0,45.0,35.0,0.25,0.7000000000000001,0.4,0.5,95.0,45.0,35.0,5506,2749,2757,5506,0.5007264802034145,1.0253272548005785,1.0,1.0253272548005785,1807,0.6573299381593307,1.0,1
"iteration_5","SCOPE_DATA_COLLECTION",1300,48,2950.0,3010.0,2,8089,5388,1797,8127,5335,1795,4053,2696,870,4033,2695,922,0.49876329458323027,0.49990725282878873,0.5145089285714286,0.4786909395832918,1.0060410132368496,1.6372173640103478,0.9573818791665836,1.0060410132368496,1.0914782426735652,0.5085122131754256,0.6550445103857567,0.6563218390804598,100.0,100.0,5222,2478,7574,73,3,7574,0.013979318268862504,0.0012106537530266344,1.0,0.25,0.7000000000000001,0.4,0.5,95.0,45.0,35.0,0.25,0.7000000000000001,0.4,0.5,95.0,45.0,35.0,1770,861,909,1770,0.5135593220338983,1.6454629001116738,1.5,1.096975266741116,571,0.6631823461091754,1.0,1
"iteration_5","SCOPE_DATA_COLLECTION",1300,49,3010.0,3070.0,0,7892,5506,1770,8089,5388,1797,4026,2743,860,3874,2757,909,0.49037974683544305,0.5012727272727273,0.5138496325607688,0.4763370786238803,1.0216744309922539,1.641466297080278,0.9526741572477606,1.0216744309922539,1.0943108647201854,0.49254843517138597,0.6565803864382064,0.6604651162790698,97.5,100.0,5276,2453,7439,100,1,7439,0.018953752843062926,4.0766408479412964E-4,1.0,0.25,0.7000000000000001,0.4,0.5,95.0,45.0,35.0,0.25,0.7000000000000001,0.4,0.5,95.0,45.0,35.0,8097,4083,4014,8097,0.4957391626528344,0.4941465554575379,0.5,0.9882931109150758,2143,0.5248591721773206,1.0,1
"iteration_5","SCOPE_DATA_COLLECTION",1300,49,3010.0,3070.0,1,7892,5506,1770,8089,5388,1797,4026,2743,860,3874,2757,909,0.49037974683544305,0.5012727272727273,0.5138496325607688,0.4763370786238803,1.0216744309922539,1.641466297080278,0.9526741572477606,1.0216744309922539,1.0943108647201854,0.49254843517138597,0.6565803864382064,0.6604651162790698,97.5,100.0,5276,2453,7439,100,1,7439,0.018953752843062926,4.0766408479412964E-4,1.0,0.25,0.7000000000000001,0.4,0.5,95.0,45.0,35.0,0.25,0.7000000000000001,0.4,0.5,95.0,45.0,35.0,5363,2666,2697,5363,0.5028901734104047,1.0176202029422747,1.0,1.0176202029422747,1738,0.6519129782445612,1.0,1
"iteration_5","SCOPE_DATA_COLLECTION",1300,49,3010.0,3070.0,2,7892,5506,1770,8089,5388,1797,4026,2743,860,3874,2757,909,0.49037974683544305,0.5012727272727273,0.5138496325607688,0.4763370786238803,1.0216744309922539,1.641466297080278,0.9526741572477606,1.0216744309922539,1.0943108647201854,0.49254843517138597,0.6565803864382064,0.6604651162790698,97.5,100.0,5276,2453,7439,100,1,7439,0.018953752843062926,4.0766408479412964E-4,1.0,0.25,0.7000000000000001,0.4,0.5,95.0,45.0,35.0,0.25,0.7000000000000001,0.4,0.5,95.0,45.0,35.0,1828,892,936,1828,0.5120350109409191,1.666082671122381,1.5,1.1107217807482541,598,0.6704035874439462,1.0,1
"iteration_5","SCOPE_DATA_COLLECTION",1300,50,3070.0,3130.0,0,8097,5363,1828,7892,5506,1770,4068,2672,896,4014,2697,936,0.49665924276169265,0.502328180294282,0.5109170305676856,0.49463725851454066,1.0216739430818438,1.6665341207805437,0.9892745170290813,1.0216739430818438,1.111022747187029,0.5255653883972468,0.6515718562874252,0.671875,95.0,100.0,5267,2492,7529,115,3,7529,0.021834061135371178,0.001203852327447833,1.0,0.25,0.7000000000000001,0.4,0.5,95.0,45.0,35.0,0.15000000000000002,0.7000000000000001,0.4,0.6000000000000001,95.0,55.0,35.0,8088,3509,4579,8088,0.5661473788328387,0.5561999844022091,0.5,1.1123999688044182,2114,0.6024508406953548,1.0,1
"iteration_5","SCOPE_DATA_COLLECTION",1300,50,3070.0,3130.0,1,8097,5363,1828,7892,5506,1770,4068,2672,896,4014,2697,936,0.49665924276169265,0.502328180294282,0.5109170305676856,0.49463725851454066,1.0216739430818438,1.6665341207805437,0.9892745170290813,1.0216739430818438,1.111022747187029,0.5255653883972468,0.6515718562874252,0.671875,95.0,100.0,5267,2492,7529,115,3,7529,0.021834061135371178,0.001203852327447833,1.0,0.25,0.7000000000000001,0.4,0.5,95.0,45.0,35.0,0.15000000000000002,0.7000000000000001,0.4,0.6000000000000001,95.0,55.0,35.0,5340,2331,3009,5340,0.5634831460674158,1.1386249008736116,1.0,1.1386249008736116,1741,0.7468897468897469,1.0,1
"iteration_5","SCOPE_DATA_COLLECTION",1300,50,3070.0,3130.0,2,8097,5363,1828,7892,5506,1770,4068,2672,896,4014,2697,936,0.49665924276169265,0.502328180294282,0.5109170305676856,0.49463725851454066,1.0216739430818438,1.6665341207805437,0.9892745170290813,1.0216739430818438,1.111022747187029,0.5255653883972468,0.6515718562874252,0.671875,95.0,100.0,5267,2492,7529,115,3,7529,0.021834061135371178,0.001203852327447833,1.0,0.25,0.7000000000000001,0.4,0.5,95.0,45.0,35.0,0.15000000000000002,0.7000000000000001,0.4,0.6000000000000001,95.0,55.0,35.0,1834,776,1058,1834,0.5768811341330425,1.8828615781276616,1.5,1.2552410520851078,603,0.7770618556701031,1.0,1
"iteration_5","SCOPE_DATA_COLLECTION",1300,51,3130.0,3190.0,0,8088,5340,1834,8097,5363,1828,3536,2343,769,4579,3009,1058,0.5642637091805299,0.5622197309417041,0.5790914066776136,0.5572128272630924,1.139483582459348,1.8768801628048988,1.1144256545261848,1.139483582459348,1.2512534418699326,0.6040723981900452,0.7486128894579599,0.7750325097529259,97.5,100.0,5306,1408,8548,97,1,8548,0.0182811911044101,7.102272727272727E-4,1.0,0.15000000000000002,0.7000000000000001,0.4,0.6000000000000001,95.0,55.0,35.0,0.05,0.8,0.30000000000000004,0.7000000000000001,85.0,55.0,45.0,8217,3073,5144,8217,0.626019228428867,0.6411526060737907,0.5,1.2823052121475813,2211,0.719492352749756,1.0,1
"iteration_5","SCOPE_DATA_COLLECTION",1300,51,3130.0,3190.0,1,8088,5340,1834,8097,5363,1828,3536,2343,769,4579,3009,1058,0.5642637091805299,0.5622197309417041,0.5790914066776136,0.5572128272630924,1.139483582459348,1.8768801628048988,1.1144256545261848,1.139483582459348,1.2512534418699326,0.6040723981900452,0.7486128894579599,0.7750325097529259,97.5,100.0,5306,1408,8548,97,1,8548,0.0182811911044101,7.102272727272727E-4,1.0,0.15000000000000002,0.7000000000000001,0.4,0.6000000000000001,95.0,55.0,35.0,0.05,0.8,0.30000000000000004,0.7000000000000001,85.0,55.0,45.0,5568,2031,3537,5568,0.6352370689655172,1.254873979992421,1.0,1.254873979992421,1742,0.8577055637616937,1.0,1
"iteration_5","SCOPE_DATA_COLLECTION",1300,51,3130.0,3190.0,2,8088,5340,1834,8097,5363,1828,3536,2343,769,4579,3009,1058,0.5642637091805299,0.5622197309417041,0.5790914066776136,0.5572128272630924,1.139483582459348,1.8768801628048988,1.1144256545261848,1.139483582459348,1.2512534418699326,0.6040723981900452,0.7486128894579599,0.7750325097529259,97.5,100.0,5306,1408,8548,97,1,8548,0.0182811911044101,7.102272727272727E-4,1.0,0.15000000000000002,0.7000000000000001,0.4,0.6000000000000001,95.0,55.0,35.0,0.05,0.8,0.30000000000000004,0.7000000000000001,85.0,55.0,45.0,1846,654,1192,1846,0.6457204767063922,2.1199411280217326,1.5,1.4132940853478217,584,0.8929663608562691,1.0,1
"iteration_5","SCOPE_DATA_COLLECTION",1300,52,3190.0,3250.0,0,8217,5568,1846,8088,5340,1834,3037,2022,664,5144,3537,1192,0.6287739885099621,0.6362655153804642,0.6422413793103449,0.6375952684519487,1.2506258323674098,2.122309634922095,1.2751905369038974,1.2506258323674098,1.4148730899480633,0.7148501810997695,0.8565776458951533,0.8945783132530121,97.5,100.0,5324,543,9764,108,1,9764,0.0202854996243426,0.001841620626151013,1.0,0.05,0.8,0.30000000000000004,0.7000000000000001,85.0,55.0,45.0,0.15000000000000002,0.7000000000000001,0.30000000000000004,0.6000000000000001,85.0,45.0,35.0,8095,3584,4511,8095,0.5572575663990117,0.532175313870886,0.5,1.064350627741772,2032,0.5669642857142857,1.0,1
"iteration_5","SCOPE_DATA_COLLECTION",1300,52,3190.0,3250.0,1,8217,5568,1846,8088,5340,1834,3037,2022,664,5144,3537,1192,0.6287739885099621,0.6362655153804642,0.6422413793103449,0.6375952684519487,1.2506258323674098,2.122309634922095,1.2751905369038974,1.2506258323674098,1.4148730899480633,0.7148501810997695,0.8565776458951533,0.8945783132530121,97.5,100.0,5324,543,9764,108,1,9764,0.0202854996243426,0.001841620626151013,1.0,0.05,0.8,0.30000000000000004,0.7000000000000001,85.0,55.0,45.0,0.15000000000000002,0.7000000000000001,0.30000000000000004,0.6000000000000001,85.0,45.0,35.0,5375,2427,2948,5375,0.5484651162790698,1.0791575191937475,1.0,1.0791575191937475,1749,0.7206427688504327,1.0,1
"iteration_5","SCOPE_DATA_COLLECTION",1300,52,3190.0,3250.0,2,8217,5568,1846,8088,5340,1834,3037,2022,664,5144,3537,1192,0.6287739885099621,0.6362655153804642,0.6422413793103449,0.6375952684519487,1.2506258323674098,2.122309634922095,1.2751905369038974,1.2506258323674098,1.4148730899480633,0.7148501810997695,0.8565776458951533,0.8945783132530121,97.5,100.0,5324,543,9764,108,1,9764,0.0202854996243426,0.001841620626151013,1.0,0.05,0.8,0.30000000000000004,0.7000000000000001,85.0,55.0,45.0,0.15000000000000002,0.7000000000000001,0.30000000000000004,0.6000000000000001,85.0,45.0,35.0,1792,745,1047,1792,0.5842633928571429,1.8277247609587683,1.5,1.2184831739725122,570,0.7651006711409396,1.0,1
"iteration_5","SCOPE_DATA_COLLECTION",1300,53,3250.0,3310.0,0,8095,5375,1792,8217,5568,1846,3595,2426,747,4511,2948,1046,0.5565013570194918,0.5485671752884258,0.5833798103736754,0.5347069345999741,1.082922444198785,1.831527558194068,1.0694138691999482,1.082922444198785,1.2210183721293786,0.5710709318497914,0.7221764220939819,0.7643908969210174,95.0,100.0,5257,1571,8434,71,0,8434,0.013505801788092067,0.0,1.0,0.15000000000000002,0.7000000000000001,0.30000000000000004,0.6000000000000001,85.0,45.0,35.0,0.05,0.7000000000000001,0.2,0.7000000000000001,85.0,55.0,25.0,8040,3006,5034,8040,0.6261194029850746,0.6106351557781198,0.5,1.2212703115562396,2055,0.6836327345309381,1.0,1
"iteration_5","SCOPE_DATA_COLLECTION",1300,53,3250.0,3310.0,1,8095,5375,1792,8217,5568,1846,3595,2426,747,4511,2948,1046,0.5565013570194918,0.5485671752884258,0.5833798103736754,0.5347069345999741,1.082922444198785,1.831527558194068,1.0694138691999482,1.082922444198785,1.2210183721293786,0.5710709318497914,0.7221764220939819,0.7643908969210174,95.0,100.0,5257,1571,8434,71,0,8434,0.013505801788092067,0.0,1.0,0.15000000000000002,0.7000000000000001,0.30000000000000004,0.6000000000000001,85.0,45.0,35.0,0.05,0.7000000000000001,0.2,0.7000000000000001,85.0,55.0,25.0,5332,2021,3311,5332,0.6209677419354839,1.172660018374568,1.0,1.172660018374568,1668,0.8253339930727362,1.0,1
"iteration_5","SCOPE_DATA_COLLECTION",1300,53,3250.0,3310.0,2,8095,5375,1792,8217,5568,1846,3595,2426,747,4511,2948,1046,0.5565013570194918,0.5485671752884258,0.5833798103736754,0.5347069345999741,1.082922444198785,1.831527558194068,1.0694138691999482,1.082922444198785,1.2210183721293786,0.5710709318497914,0.7221764220939819,0.7643908969210174,95.0,100.0,5257,1571,8434,71,0,8434,0.013505801788092067,0.0,1.0,0.15000000000000002,0.7000000000000001,0.30000000000000004,0.6000000000000001,85.0,45.0,35.0,0.05,0.7000000000000001,0.2,0.7000000000000001,85.0,55.0,25.0,1707,629,1078,1707,0.6315172817809022,2.109104421318541,1.5,1.4060696142123605,568,0.9030206677265501,1.0,1
"iteration_5","SCOPE_DATA_COLLECTION",1300,54,3310.0,3370.0,0,8040,5332,1707,8095,5375,1792,3021,2033,616,5034,3311,1079,0.6249534450651769,0.6195733532934131,0.6365781710914454,0.6109104731255945,1.1748085671857866,2.1110046809961855,1.221820946251189,1.1748085671857866,1.407336453997457,0.6828864614366104,0.82439744220364,0.9042207792207793,100.0,100.0,5200,518,9361,63,0,9361,0.012115384615384615,0.0,1.0,0.05,0.7000000000000001,0.2,0.7000000000000001,85.0,55.0,25.0,0.05,0.6000000000000001,0.2,0.7000000000000001,85.0,45.0,20.0,8174,2965,5209,8174,0.6372644971862002,0.6190006685490435,0.5,1.238001337098087,2033,0.6856661045531197,1.0,1
"iteration_5","SCOPE_DATA_COLLECTION",1300,54,3310.0,3370.0,1,8040,5332,1707,8095,5375,1792,3021,2033,616,5034,3311,1079,0.6249534450651769,0.6195733532934131,0.6365781710914454,0.6109104731255945,1.1748085671857866,2.1110046809961855,1.221820946251189,1.1748085671857866,1.407336453997457,0.6828864614366104,0.82439744220364,0.9042207792207793,100.0,100.0,5200,518,9361,63,0,9361,0.012115384615384615,0.0,1.0,0.05,0.7000000000000001,0.2,0.7000000000000001,85.0,55.0,25.0,0.05,0.6000000000000001,0.2,0.7000000000000001,85.0,45.0,20.0,5251,1973,3278,5251,0.6242620453247001,1.2126278420463736,1.0,1.2126278420463736,1699,0.8611251900658895,1.0,1
"iteration_5","SCOPE_DATA_COLLECTION",1300,54,3310.0,3370.0,2,8040,5332,1707,8095,5375,1792,3021,2033,616,5034,3311,1079,0.6249534450651769,0.6195733532934131,0.6365781710914454,0.6109104731255945,1.1748085671857866,2.1110046809961855,1.221820946251189,1.1748085671857866,1.407336453997457,0.6828864614366104,0.82439744220364,0.9042207792207793,100.0,100.0,5200,518,9361,63,0,9361,0.012115384615384615,0.0,1.0,0.05,0.7000000000000001,0.2,0.7000000000000001,85.0,55.0,25.0,0.05,0.6000000000000001,0.2,0.7000000000000001,85.0,45.0,20.0,1760,661,1099,1760,0.6244318181818181,2.1347372913072236,1.5,1.4231581942048157,601,0.9092284417549168,1.0,1
"iteration_5","SCOPE_DATA_COLLECTION",1300,55,3370.0,3430.0,0,8174,5251,1760,8040,5332,1707,2966,1955,673,5208,3278,1099,0.6371421580621482,0.626409325434741,0.6202031602708804,0.6179540743911286,1.2119054498632196,2.1329204977088634,1.2359081487822572,1.2119054498632196,1.4219469984725757,0.6857720836142953,0.8603580562659846,0.9093610698365527,100.0,100.0,5159,500,9526,59,0,9526,0.01143632486916069,0.0,1.0,0.05,0.6000000000000001,0.2,0.7000000000000001,85.0,45.0,20.0,0.4,0.7000000000000001,0.4,0.7000000000000001,35.0,90.0,65.0,8067,5376,2691,8067,0.33358125697285235,0.44540366432188855,0.5,0.8908073286437771,2181,0.4056919642857143,1.0,1
"iteration_5","SCOPE_DATA_COLLECTION",1300,55,3370.0,3430.0,1,8174,5251,1760,8040,5332,1707,2966,1955,673,5208,3278,1099,0.6371421580621482,0.626409325434741,0.6202031602708804,0.6179540743911286,1.2119054498632196,2.1329204977088634,1.2359081487822572,1.2119054498632196,1.4219469984725757,0.6857720836142953,0.8603580562659846,0.9093610698365527,100.0,100.0,5159,500,9526,59,0,9526,0.01143632486916069,0.0,1.0,0.05,0.6000000000000001,0.2,0.7000000000000001,85.0,45.0,20.0,0.4,0.7000000000000001,0.4,0.7000000000000001,35.0,90.0,65.0,5403,3509,1894,5403,0.3505459929668703,0.8682338206208672,1.0,0.8682338206208672,1817,0.5178113422627529,1.0,1
"iteration_5","SCOPE_DATA_COLLECTION",1300,55,3370.0,3430.0,2,8174,5251,1760,8040,5332,1707,2966,1955,673,5208,3278,1099,0.6371421580621482,0.626409325434741,0.6202031602708804,0.6179540743911286,1.2119054498632196,2.1329204977088634,1.2359081487822572,1.2119054498632196,1.4219469984725757,0.6857720836142953,0.8603580562659846,0.9093610698365527,100.0,100.0,5159,500,9526,59,0,9526,0.01143632486916069,0.0,1.0,0.05,0.6000000000000001,0.2,0.7000000000000001,85.0,45.0,20.0,0.4,0.7000000000000001,0.4,0.7000000000000001,35.0,90.0,65.0,1809,1155,654,1809,0.3615257048092869,1.3889565582494012,1.5,0.9259710388329342,605,0.5238095238095238,1.0,1
"iteration_5","SCOPE_DATA_COLLECTION",1300,56,3430.0,3490.0,0,8067,5403,1809,8174,5251,1760,5350,3514,1149,2691,1894,653,0.33465986817560006,0.35022189349112426,0.3623751387347392,0.44454999109990306,0.8691135059680788,1.3867437004462588,0.8890999821998061,0.8691135059680788,0.9244958002975059,0.4029906542056075,0.5199203187250996,0.5230635335073978,100.0,100.0,5354,4030,5895,123,4,5111,0.022973477773627196,9.925558312655087E-4,0.8670059372349449,0.4,0.7000000000000001,0.4,0.7000000000000001,35.0,90.0,65.0,0.8500000000000001,0.30000000000000004,0.1,0.6000000000000001,55.0,50.0,70.0,8095,8072,23,8095,0.0028412600370599137,0.29700579616911804,0.5,0.5940115923382361,2027,0.2511149653121903,1.0,1
"iteration_5","SCOPE_DATA_COLLECTION",1300,56,3430.0,3490.0,1,8067,5403,1809,8174,5251,1760,5350,3514,1149,2691,1894,653,0.33465986817560006,0.35022189349112426,0.3623751387347392,0.44454999109990306,0.8691135059680788,1.3867437004462588,0.8890999821998061,0.8691135059680788,0.9244958002975059,0.4029906542056075,0.5199203187250996,0.5230635335073978,100.0,100.0,5354,4030,5895,123,4,5111,0.022973477773627196,9.925558312655087E-4,0.8670059372349449,0.4,0.7000000000000001,0.4,0.7000000000000001,35.0,90.0,65.0,0.8500000000000001,0.30000000000000004,0.1,0.6000000000000001,55.0,50.0,70.0,5300,5281,19,5300,0.0035849056603773585,0.5827846151312398,1.0,0.5827846151312398,1756,0.33251278167013826,1.0,1
"iteration_5","SCOPE_DATA_COLLECTION",1300,56,3430.0,3490.0,2,8067,5403,1809,8174,5251,1760,5350,3514,1149,2691,1894,653,0.33465986817560006,0.35022189349112426,0.3623751387347392,0.44454999109990306,0.8691135059680788,1.3867437004462588,0.8890999821998061,0.8691135059680788,0.9244958002975059,0.4029906542056075,0.5199203187250996,0.5230635335073978,100.0,100.0,5354,4030,5895,123,4,5111,0.022973477773627196,9.925558312655087E-4,0.8670059372349449,0.4,0.7000000000000001,0.4,0.7000000000000001,35.0,90.0,65.0,0.8500000000000001,0.30000000000000004,0.1,0.6000000000000001,55.0,50.0,70.0,1722,1688,34,1722,0.019744483159117306,0.9822192798784531,1.5,0.6548128532523021,556,0.3293838862559242,1.0,1
"iteration_5","SCOPE_DATA_COLLECTION",1300,57,3490.0,3550.0,0,8095,5300,1722,8067,5403,1809,8087,5290,1683,24,19,35,0.0029589446430773026,0.003578828404595969,0.02037252619324796,0.2985610068093407,0.5851674285230326,0.9847502849730316,0.5971220136186814,0.5851674285230326,0.6565001899820211,0.25374057128725114,0.3334593572778828,0.32976827094474154,100.0,100.0,5280,8400,1437,45,5,28,0.008522727272727272,5.952380952380953E-4,0.019485038274182326,0.8500000000000001,0.30000000000000004,0.1,0.6000000000000001,55.0,50.0,70.0,0.75,0.4,0.1,0.7000000000000001,65.0,60.0,60.0,7967,7953,14,7967,0.0017572486506840718,0.2874219601728454,0.5,0.5748439203456908,1930,0.2426757198541431,1.0,1
"iteration_5","SCOPE_DATA_COLLECTION",1300,57,3490.0,3550.0,1,8095,5300,1722,8067,5403,1809,8087,5290,1683,24,19,35,0.0029589446430773026,0.003578828404595969,0.02037252619324796,0.2985610068093407,0.5851674285230326,0.9847502849730316,0.5971220136186814,0.5851674285230326,0.6565001899820211,0.25374057128725114,0.3334593572778828,0.32976827094474154,100.0,100.0,5280,8400,1437,45,5,28,0.008522727272727272,5.952380952380953E-4,0.019485038274182326,0.8500000000000001,0.30000000000000004,0.1,0.6000000000000001,55.0,50.0,70.0,0.75,0.4,0.1,0.7000000000000001,65.0,60.0,60.0,5361,5353,8,5361,0.0014922589069203507,0.5650873250721571,1.0,0.5650873250721571,1707,0.31888660564169624,1.0,1
"iteration_5","SCOPE_DATA_COLLECTION",1300,57,3490.0,3550.0,2,8095,5300,1722,8067,5403,1809,8087,5290,1683,24,19,35,0.0029589446430773026,0.003578828404595969,0.02037252619324796,0.2985610068093407,0.5851674285230326,0.9847502849730316,0.5971220136186814,0.5851674285230326,0.6565001899820211,0.25374057128725114,0.3334593572778828,0.32976827094474154,100.0,100.0,5280,8400,1437,45,5,28,0.008522727272727272,5.952380952380953E-4,0.019485038274182326,0.8500000000000001,0.30000000000000004,0.1,0.6000000000000001,55.0,50.0,70.0,0.75,0.4,0.1,0.7000000000000001,65.0,60.0,60.0,1772,1759,13,1772,0.007336343115124154,0.9752814760984962,1.5,0.6501876507323309,580,0.3297328027288232,1.0,1
"iteration_5","SCOPE_DATA_COLLECTION",1300,58,3550.0,3617.8934217844476,0,7967,5361,1772,8095,5300,1722,7948,5349,1759,14,8,13,0.0017583521728208992,0.0014933731566175099,0.007336343115124154,0.28752463289795205,0.5649753482087442,0.9762700699756671,0.5750492657959041,0.5649753482087442,0.6508467133171114,0.2421992954202315,0.31837726677883715,0.33030130756111425,100.0,100.0,5127,7517,2456,24,11,0,0.004681100058513751,0.0014633497405880005,0.0,0.75,0.4,0.1,0.7000000000000001,65.0,60.0,60.0,0.8500000000000001,0.5,0.1,0.6000000000000001,65.0,70.0,50.0,6851,6798,14,6812,0.002055196711685261,0.30503521627801555,0.5,0.6100704325560311,1701,0.2502206531332745,0.9943074003795066,0
"iteration_5","SCOPE_DATA_COLLECTION",1300,58,3550.0,3617.8934217844476,1,7967,5361,1772,8095,5300,1722,7948,5349,1759,14,8,13,0.0017583521728208992,0.0014933731566175099,0.007336343115124154,0.28752463289795205,0.5649753482087442,0.9762700699756671,0.5750492657959041,0.5649753482087442,0.6508467133171114,0.2421992954202315,0.31837726677883715,0.33030130756111425,100.0,100.0,5127,7517,2456,24,11,0,0.004681100058513751,0.0014633497405880005,0.0,0.75,0.4,0.1,0.7000000000000001,65.0,60.0,60.0,0.8500000000000001,0.5,0.1,0.6000000000000001,65.0,70.0,50.0,4405,4353,8,4361,0.0018344416418252694,0.5723985684519814,1.0,0.5723985684519814,1374,0.315644383184011,0.990011350737798,0
"iteration_5","SCOPE_DATA_COLLECTION",1300,58,3550.0,3617.8934217844476,2,7967,5361,1772,8095,5300,1722,7948,5349,1759,14,8,13,0.0017583521728208992,0.0014933731566175099,0.007336343115124154,0.28752463289795205,0.5649753482087442,0.9762700699756671,0.5750492657959041,0.5649753482087442,0.6508467133171114,0.2421992954202315,0.31837726677883715,0.33030130756111425,100.0,100.0,5127,7517,2456,24,11,0,0.004681100058513751,0.0014633497405880005,0.0,0.75,0.4,0.1,0.7000000000000001,65.0,60.0,60.0,0.8500000000000001,0.5,0.1,0.6000000000000001,65.0,70.0,50.0,1573,1513,25,1538,0.016254876462938883,0.9476598125095512,1.5,0.6317732083397009,466,0.30799735624586916,0.9777495232040686,0
"iteration_5","SCOPE_DATA_COLLECTION",1400,0,70.0,130.0,0,7866,5225,1786,0,0,0,7542,4951,1645,287,230,112,0.03665857708519606,0.04439297432928006,0.06374501992031872,0.32069332061049094,0.6689125517927667,1.0320643247108006,0.6413866412209819,0.6689125517927667,0.6880428831405337,0.27101564571731634,0.3407392445970511,0.3386018237082067,100.0,100.0,5143,5843,3891,97,0,532,0.018860587205910946,0.0,0.13672577743510667,0.6,0.5,0.7,0.4,85.0,80.0,90.0,0.45,0.1,0.30000000000000004,0.9,45.0,25.0,45.0,8797,6674,2123,8797,0.24133227236557916,0.35124591065095717,0.5,0.7024918213019143,1952,0.2924782738987114,1.0,1
"iteration_5","SCOPE_DATA_COLLECTION",1400,0,70.0,130.0,1,7866,5225,1786,0,0,0,7542,4951,1645,287,230,112,0.03665857708519606,0.04439297432928006,0.06374501992031872,0.32069332061049094,0.6689125517927667,1.0320643247108006,0.6413866412209819,0.6689125517927667,0.6880428831405337,0.27101564571731634,0.3407392445970511,0.3386018237082067,100.0,100.0,5143,5843,3891,97,0,532,0.018860587205910946,0.0,0.13672577743510667,0.6,0.5,0.7,0.4,85.0,80.0,90.0,0.45,0.1,0.30000000000000004,0.9,45.0,25.0,45.0,5671,4265,1406,5671,0.24792805501675189,0.7711327112390571,1.0,0.7711327112390571,1851,0.4339976553341149,1.0,1
"iteration_5","SCOPE_DATA_COLLECTION",1400,0,70.0,130.0,2,7866,5225,1786,0,0,0,7542,4951,1645,287,230,112,0.03665857708519606,0.04439297432928006,0.06374501992031872,0.32069332061049094,0.6689125517927667,1.0320643247108006,0.6413866412209819,0.6689125517927667,0.6880428831405337,0.27101564571731634,0.3407392445970511,0.3386018237082067,100.0,100.0,5143,5843,3891,97,0,532,0.018860587205910946,0.0,0.13672577743510667,0.6,0.5,0.7,0.4,85.0,80.0,90.0,0.45,0.1,0.30000000000000004,0.9,45.0,25.0,45.0,1958,1390,568,1958,0.2900919305413687,1.2099298642875136,1.5,0.8066199095250091,614,0.441726618705036,1.0,1
"iteration_5","SCOPE_DATA_COLLECTION",1400,1,130.0,190.0,0,8797,5671,1958,7866,5225,1786,6690,4265,1385,2123,1406,568,0.24089413366617496,0.24792805501675189,0.29083461341525857,0.3531345109914132,0.7724132896811037,1.214255195715694,0.7062690219828264,0.7724132896811037,0.8095034638104627,0.2937219730941704,0.4344665885111372,0.44187725631768954,100.0,100.0,5511,4933,5982,71,12,4014,0.012883324260569769,0.002432596797080884,0.6710130391173521,0.45,0.1,0.30000000000000004,0.9,45.0,25.0,45.0,0.55,0.1,0.4,0.9,45.0,20.0,45.0,8860,7779,1081,8860,0.12200902934537246,0.32567398833516453,0.5,0.6513479766703291,2162,0.2779277542100527,1.0,1
"iteration_5","SCOPE_DATA_COLLECTION",1400,1,130.0,190.0,1,8797,5671,1958,7866,5225,1786,6690,4265,1385,2123,1406,568,0.24089413366617496,0.24792805501675189,0.29083461341525857,0.3531345109914132,0.7724132896811037,1.214255195715694,0.7062690219828264,0.7724132896811037,0.8095034638104627,0.2937219730941704,0.4344665885111372,0.44187725631768954,100.0,100.0,5511,4933,5982,71,12,4014,0.012883324260569769,0.002432596797080884,0.6710130391173521,0.45,0.1,0.30000000000000004,0.9,45.0,25.0,45.0,0.55,0.1,0.4,0.9,45.0,20.0,45.0,5665,4955,710,5665,0.12533097969991175,0.7102379291449914,1.0,0.7102379291449914,1889,0.3812310797174571,1.0,1
"iteration_5","SCOPE_DATA_COLLECTION",1400,1,130.0,190.0,2,8797,5671,1958,7866,5225,1786,6690,4265,1385,2123,1406,568,0.24089413366617496,0.24792805501675189,0.29083461341525857,0.3531345109914132,0.7724132896811037,1.214255195715694,0.7062690219828264,0.7724132896811037,0.8095034638104627,0.2937219730941704,0.4344665885111372,0.44187725631768954,100.0,100.0,5511,4933,5982,71,12,4014,0.012883324260569769,0.002432596797080884,0.6710130391173521,0.45,0.1,0.30000000000000004,0.9,45.0,25.0,45.0,0.55,0.1,0.4,0.9,45.0,20.0,45.0,1981,1672,309,1981,0.15598182735991922,1.0843663528555816,1.5,0.7229109019037211,605,0.3618421052631579,1.0,1
"iteration_5","SCOPE_DATA_COLLECTION",1400,2,190.0,250.0,0,8860,5665,1981,8797,5671,1958,7753,4942,1684,1081,710,309,0.12236812316051619,0.1256192498230715,0.1550426492724536,0.32459595730627044,0.7083238700433777,1.0829415705772256,0.6491919146125409,0.7083238700433777,0.7219610470514838,0.2755062556429769,0.3794010522055848,0.36282660332541566,100.0,100.0,5505,5988,5013,84,8,2008,0.015258855585831062,0.0013360053440213762,0.400558547775783,0.55,0.1,0.4,0.9,45.0,20.0,45.0,0.9500000000000001,0.8,0.9,0.8,70.0,20.0,55.0,8628,8009,619,8628,0.07174316179879463,0.36188727297429835,0.5,0.7237745459485967,2305,0.28780122362342364,1.0,1
"iteration_5","SCOPE_DATA_COLLECTION",1400,2,190.0,250.0,1,8860,5665,1981,8797,5671,1958,7753,4942,1684,1081,710,309,0.12236812316051619,0.1256192498230715,0.1550426492724536,0.32459595730627044,0.7083238700433777,1.0829415705772256,0.6491919146125409,0.7083238700433777,0.7219610470514838,0.2755062556429769,0.3794010522055848,0.36282660332541566,100.0,100.0,5505,5988,5013,84,8,2008,0.015258855585831062,0.0013360053440213762,0.400558547775783,0.55,0.1,0.4,0.9,45.0,20.0,45.0,0.9500000000000001,0.8,0.9,0.8,70.0,20.0,55.0,5660,5175,485,5660,0.08568904593639576,0.7091204672713385,1.0,0.7091204672713385,1854,0.3582608695652174,1.0,1
"iteration_5","SCOPE_DATA_COLLECTION",1400,2,190.0,250.0,2,8860,5665,1981,8797,5671,1958,7753,4942,1684,1081,710,309,0.12236812316051619,0.1256192498230715,0.1550426492724536,0.32459595730627044,0.7083238700433777,1.0829415705772256,0.6491919146125409,0.7083238700433777,0.7219610470514838,0.2755062556429769,0.3794010522055848,0.36282660332541566,100.0,100.0,5505,5988,5013,84,8,2008,0.015258855585831062,0.0013360053440213762,0.400558547775783,0.55,0.1,0.4,0.9,45.0,20.0,45.0,0.9500000000000001,0.8,0.9,0.8,70.0,20.0,55.0,1905,1736,169,1905,0.08871391076115485,1.0464517743879704,1.5,0.6976345162586469,583,0.3358294930875576,1.0,1
"iteration_5","SCOPE_DATA_COLLECTION",1400,3,250.0,310.0,0,8628,5660,1905,8860,5665,1981,8007,5178,1729,619,485,169,0.07175979596568514,0.08564365177467773,0.08904109589041095,0.36174014907056934,0.7112160296978388,1.0464924214062057,0.7234802981411387,0.7112160296978388,0.6976616142708038,0.2891220182340452,0.35998455001931245,0.3360323886639676,100.0,100.0,5334,10320,539,86,1178,9,0.016122984626921636,0.11414728682170543,0.016697588126159554,0.9500000000000001,0.8,0.9,0.8,70.0,20.0,55.0,0.65,0.5,0.8,0.5,90.0,40.0,35.0,8891,8687,204,8891,0.022944550669216062,0.3282799478212347,0.5,0.6565598956424694,2423,0.2789225279152757,1.0,1
"iteration_5","SCOPE_DATA_COLLECTION",1400,3,250.0,310.0,1,8628,5660,1905,8860,5665,1981,8007,5178,1729,619,485,169,0.07175979596568514,0.08564365177467773,0.08904109589041095,0.36174014907056934,0.7112160296978388,1.0464924214062057,0.7234802981411387,0.7112160296978388,0.6976616142708038,0.2891220182340452,0.35998455001931245,0.3360323886639676,100.0,100.0,5334,10320,539,86,1178,9,0.016122984626921636,0.11414728682170543,0.016697588126159554,0.9500000000000001,0.8,0.9,0.8,70.0,20.0,55.0,0.65,0.5,0.8,0.5,90.0,40.0,35.0,5552,5373,179,5552,0.032240634005763685,0.6629319311579236,1.0,0.6629319311579236,1797,0.3344500279173646,1.0,1
"iteration_5","SCOPE_DATA_COLLECTION",1400,3,250.0,310.0,2,8628,5660,1905,8860,5665,1981,8007,5178,1729,619,485,169,0.07175979596568514,0.08564365177467773,0.08904109589041095,0.36174014907056934,0.7112160296978388,1.0464924214062057,0.7234802981411387,0.7112160296978388,0.6976616142708038,0.2891220182340452,0.35998455001931245,0.3360323886639676,100.0,100.0,5334,10320,539,86,1178,9,0.016122984626921636,0.11414728682170543,0.016697588126159554,0.9500000000000001,0.8,0.9,0.8,70.0,20.0,55.0,0.65,0.5,0.8,0.5,90.0,40.0,35.0,1878,1788,90,1878,0.04792332268370607,1.0308551192016595,1.5,0.6872367461344396,592,0.33109619686800895,1.0,1
"iteration_5","SCOPE_DATA_COLLECTION",1400,4,310.0,370.0,0,8891,5552,1878,8628,5660,1905,8675,5359,1784,204,179,90,0.022975560310845817,0.03232213795594077,0.048025613660619,0.3277213397053178,0.6594254026324385,1.0293584853178421,0.6554426794106356,0.6594254026324385,0.6862389902118947,0.2775792507204611,0.3334577346519873,0.3307174887892377,100.0,100.0,5502,7063,3756,126,2,345,0.022900763358778626,2.831657935721365E-4,0.09185303514376997,0.65,0.5,0.8,0.5,90.0,40.0,35.0,0.55,0.4,0.7000000000000001,0.6000000000000001,95.0,40.0,45.0,8558,7230,1328,8558,0.15517644309418088,0.4115169308995032,0.5,0.8230338617990064,2464,0.34080221300138314,1.0,1
"iteration_5","SCOPE_DATA_COLLECTION",1400,4,310.0,370.0,1,8891,5552,1878,8628,5660,1905,8675,5359,1784,204,179,90,0.022975560310845817,0.03232213795594077,0.048025613660619,0.3277213397053178,0.6594254026324385,1.0293584853178421,0.6554426794106356,0.6594254026324385,0.6862389902118947,0.2775792507204611,0.3334577346519873,0.3307174887892377,100.0,100.0,5502,7063,3756,126,2,345,0.022900763358778626,2.831657935721365E-4,0.09185303514376997,0.65,0.5,0.8,0.5,90.0,40.0,35.0,0.55,0.4,0.7000000000000001,0.6000000000000001,95.0,40.0,45.0,5775,4784,991,5775,0.1716017316017316,0.7954672470716202,1.0,0.7954672470716202,1912,0.3996655518394649,1.0,1
"iteration_5","SCOPE_DATA_COLLECTION",1400,4,310.0,370.0,2,8891,5552,1878,8628,5660,1905,8675,5359,1784,204,179,90,0.022975560310845817,0.03232213795594077,0.048025613660619,0.3277213397053178,0.6594254026324385,1.0293584853178421,0.6554426794106356,0.6594254026324385,0.6862389902118947,0.2775792507204611,0.3334577346519873,0.3307174887892377,100.0,100.0,5502,7063,3756,126,2,345,0.022900763358778626,2.831657935721365E-4,0.09185303514376997,0.65,0.5,0.8,0.5,90.0,40.0,35.0,0.55,0.4,0.7000000000000001,0.6000000000000001,95.0,40.0,45.0,1928,1565,363,1928,0.18827800829875518,1.1857425698168294,1.5,0.7904950465445529,623,0.39808306709265173,1.0,1
"iteration_5","SCOPE_DATA_COLLECTION",1400,5,370.0,430.0,0,8558,5775,1928,8891,5552,1878,7234,4784,1570,1328,991,363,0.15510394767577668,0.1716017316017316,0.18779099844800828,0.41159632982904953,0.7963714620328852,1.1846911131909836,0.8231926596580991,0.7963714620328852,0.7897940754606557,0.3411667127453691,0.3996655518394649,0.3974522292993631,100.0,100.0,5476,5881,4904,135,2,2545,0.024653031409788168,3.400782179901377E-4,0.5189641109298532,0.55,0.4,0.7000000000000001,0.6000000000000001,95.0,40.0,45.0,0.65,0.30000000000000004,0.7000000000000001,0.5,95.0,50.0,55.0,8689,8451,238,8689,0.0273909540798711,0.32861576319656344,0.5,0.6572315263931269,2309,0.2732221038930304,1.0,1
"iteration_5","SCOPE_DATA_COLLECTION",1400,5,370.0,430.0,1,8558,5775,1928,8891,5552,1878,7234,4784,1570,1328,991,363,0.15510394767577668,0.1716017316017316,0.18779099844800828,0.41159632982904953,0.7963714620328852,1.1846911131909836,0.8231926596580991,0.7963714620328852,0.7897940754606557,0.3411667127453691,0.3996655518394649,0.3974522292993631,100.0,100.0,5476,5881,4904,135,2,2545,0.024653031409788168,3.400782179901377E-4,0.5189641109298532,0.55,0.4,0.7000000000000001,0.6000000000000001,95.0,40.0,45.0,0.65,0.30000000000000004,0.7000000000000001,0.5,95.0,50.0,55.0,5773,5561,212,5773,0.03672267451931405,0.6652021667912869,1.0,0.6652021667912869,1840,0.3308757417730624,1.0,1
"iteration_5","SCOPE_DATA_COLLECTION",1400,5,370.0,430.0,2,8558,5775,1928,8891,5552,1878,7234,4784,1570,1328,991,363,0.15510394767577668,0.1716017316017316,0.18779099844800828,0.41159632982904953,0.7963714620328852,1.1846911131909836,0.8231926596580991,0.7963714620328852,0.7897940754606557,0.3411667127453691,0.3996655518394649,0.3974522292993631,100.0,100.0,5476,5881,4904,135,2,2545,0.024653031409788168,3.400782179901377E-4,0.5189641109298532,0.55,0.4,0.7000000000000001,0.6000000000000001,95.0,40.0,45.0,0.65,0.30000000000000004,0.7000000000000001,0.5,95.0,50.0,55.0,1950,1848,102,1950,0.052307692307692305,1.0273975557865012,1.5,0.6849317038576674,608,0.329004329004329,1.0,1
"iteration_5","SCOPE_DATA_COLLECTION",1400,6,430.0,490.0,0,8689,5773,1950,8558,5775,1928,8464,5572,1845,238,212,102,0.027350034474833373,0.03665283540802213,0.05238828967642527,0.3292613033670734,0.6654369531091918,1.0263109201714269,0.6585226067341468,0.6654369531091918,0.6842072801142846,0.2738657844990548,0.33183776022972,0.3284552845528455,100.0,100.0,5417,7137,3858,122,10,420,0.022521690972863207,0.0014011489421325487,0.1088646967340591,0.65,0.30000000000000004,0.7000000000000001,0.5,95.0,50.0,55.0,0.65,0.30000000000000004,0.6000000000000001,0.5,95.0,60.0,55.0,8723,8502,221,8723,0.02533532041728763,0.3207442610022666,0.5,0.6414885220045332,2344,0.27569983533286285,1.0,1
"iteration_5","SCOPE_DATA_COLLECTION",1400,6,430.0,490.0,1,8689,5773,1950,8558,5775,1928,8464,5572,1845,238,212,102,0.027350034474833373,0.03665283540802213,0.05238828967642527,0.3292613033670734,0.6654369531091918,1.0263109201714269,0.6585226067341468,0.6654369531091918,0.6842072801142846,0.2738657844990548,0.33183776022972,0.3284552845528455,100.0,100.0,5417,7137,3858,122,10,420,0.022521690972863207,0.0014011489421325487,0.1088646967340591,0.65,0.30000000000000004,0.7000000000000001,0.5,95.0,50.0,55.0,0.65,0.30000000000000004,0.6000000000000001,0.5,95.0,60.0,55.0,5781,5610,171,5781,0.029579657498702647,0.641118669914557,1.0,0.641118669914557,1784,0.3180035650623886,1.0,1
"iteration_5","SCOPE_DATA_COLLECTION",1400,6,430.0,490.0,2,8689,5773,1950,8558,5775,1928,8464,5572,1845,238,212,102,0.027350034474833373,0.03665283540802213,0.05238828967642527,0.3292613033670734,0.6654369531091918,1.0263109201714269,0.6585226067341468,0.6654369531091918,0.6842072801142846,0.2738657844990548,0.33183776022972,0.3284552845528455,100.0,100.0,5417,7137,3858,122,10,420,0.022521690972863207,0.0014011489421325487,0.1088646967340591,0.65,0.30000000000000004,0.7000000000000001,0.5,95.0,50.0,55.0,0.65,0.30000000000000004,0.6000000000000001,0.5,95.0,60.0,55.0,1974,1884,90,1974,0.04559270516717325,1.0083936185299105,1.5,0.6722624123532737,612,0.3248407643312102,1.0,1
"iteration_5","SCOPE_DATA_COLLECTION",1400,7,490.0,550.0,0,8723,5781,1974,8689,5773,1950,8506,5606,1883,221,171,90,0.025323708032542684,0.029600138480180026,0.0456158134820071,0.320247826260354,0.6397606871095742,1.0131430005569877,0.640495652520708,0.6397606871095742,0.6754286670379918,0.27498236538913706,0.31644666428826257,0.3266064790228359,100.0,100.0,5459,7194,3825,97,7,378,0.017768822128594982,9.730330831248262E-4,0.0988235294117647,0.65,0.30000000000000004,0.6000000000000001,0.5,95.0,60.0,55.0,0.65,0.30000000000000004,0.6000000000000001,0.5,85.0,60.0,65.0,8645,8448,197,8645,0.022787738577212262,0.3160073543945912,0.5,0.6320147087891824,2272,0.2689393939393939,1.0,1
"iteration_5","SCOPE_DATA_COLLECTION",1400,7,490.0,550.0,1,8723,5781,1974,8689,5773,1950,8506,5606,1883,221,171,90,0.025323708032542684,0.029600138480180026,0.0456158134820071,0.320247826260354,0.6397606871095742,1.0131430005569877,0.640495652520708,0.6397606871095742,0.6754286670379918,0.27498236538913706,0.31644666428826257,0.3266064790228359,100.0,100.0,5459,7194,3825,97,7,378,0.017768822128594982,9.730330831248262E-4,0.0988235294117647,0.65,0.30000000000000004,0.6000000000000001,0.5,95.0,60.0,55.0,0.65,0.30000000000000004,0.6000000000000001,0.5,85.0,60.0,65.0,5709,5570,139,5709,0.024347521457348045,0.671160000616457,1.0,0.671160000616457,1885,0.3384201077199282,1.0,1
"iteration_5","SCOPE_DATA_COLLECTION",1400,7,490.0,550.0,2,8723,5781,1974,8689,5773,1950,8506,5606,1883,221,171,90,0.025323708032542684,0.029600138480180026,0.0456158134820071,0.320247826260354,0.6397606871095742,1.0131430005569877,0.640495652520708,0.6397606871095742,0.6754286670379918,0.27498236538913706,0.31644666428826257,0.3266064790228359,100.0,100.0,5459,7194,3825,97,7,378,0.017768822128594982,9.730330831248262E-4,0.0988235294117647,0.65,0.30000000000000004,0.6000000000000001,0.5,95.0,60.0,55.0,0.65,0.30000000000000004,0.6000000000000001,0.5,85.0,60.0,65.0,1893,1798,95,1893,0.050184891706286316,0.9987805891622344,1.5,0.6658537261081563,577,0.32091212458286983,1.0,1
"iteration_5","SCOPE_DATA_COLLECTION",1400,8,550.0,610.0,0,8645,5709,1893,8723,5781,1974,8455,5591,1803,193,134,93,0.022317298797409804,0.023406113537117905,0.0490506329113924,0.3165935719598026,0.6728200109131353,0.9993813242202426,0.6331871439196052,0.6728200109131353,0.6662542161468284,0.26989946777054996,0.3394741548917904,0.3211314475873544,100.0,100.0,5449,6998,3800,88,7,325,0.01614975224811892,0.0010002857959416976,0.08552631578947369,0.65,0.30000000000000004,0.6000000000000001,0.5,85.0,60.0,65.0,0.7000000000000001,0.1,0.4,0.7000000000000001,40.0,35.0,65.0,8783,8691,92,8783,0.010474780826596836,0.27949690273310057,0.5,0.5589938054662011,1988,0.22874237717178691,1.0,1
"iteration_5","SCOPE_DATA_COLLECTION",1400,8,550.0,610.0,1,8645,5709,1893,8723,5781,1974,8455,5591,1803,193,134,93,0.022317298797409804,0.023406113537117905,0.0490506329113924,0.3165935719598026,0.6728200109131353,0.9993813242202426,0.6331871439196052,0.6728200109131353,0.6662542161468284,0.26989946777054996,0.3394741548917904,0.3211314475873544,100.0,100.0,5449,6998,3800,88,7,325,0.01614975224811892,0.0010002857959416976,0.08552631578947369,0.65,0.30000000000000004,0.6000000000000001,0.5,85.0,60.0,65.0,0.7000000000000001,0.1,0.4,0.7000000000000001,40.0,35.0,65.0,5746,5631,115,5746,0.020013922728854855,0.6255748984929406,1.0,0.6255748984929406,1835,0.3258746226247558,1.0,1
"iteration_5","SCOPE_DATA_COLLECTION",1400,8,550.0,610.0,2,8645,5709,1893,8723,5781,1974,8455,5591,1803,193,134,93,0.022317298797409804,0.023406113537117905,0.0490506329113924,0.3165935719598026,0.6728200109131353,0.9993813242202426,0.6331871439196052,0.6728200109131353,0.6662542161468284,0.26989946777054996,0.3394741548917904,0.3211314475873544,100.0,100.0,5449,6998,3800,88,7,325,0.01614975224811892,0.0010002857959416976,0.08552631578947369,0.65,0.30000000000000004,0.6000000000000001,0.5,85.0,60.0,65.0,0.7000000000000001,0.1,0.4,0.7000000000000001,40.0,35.0,65.0,1967,1902,65,1967,0.03304524656837824,0.9746476230026057,1.5,0.6497650820017371,602,0.31650893796004204,1.0,1
"iteration_5","SCOPE_DATA_COLLECTION",1400,9,610.0,670.0,0,8783,5746,1967,8645,5709,1893,8681,5620,1894,96,120,67,0.010937678022103225,0.020905923344947737,0.034166241713411524,0.2795877116812781,0.62565182150039,0.9709139316937203,0.5591754233625562,0.62565182150039,0.6472759544624802,0.22866029259301923,0.32491103202846977,0.31520591341077087,100.0,100.0,5513,7659,3324,116,8,159,0.02104117540359151,0.0010445227836532185,0.04783393501805054,0.7000000000000001,0.1,0.4,0.7000000000000001,40.0,35.0,65.0,0.6000000000000001,0.1,0.5,0.8,30.0,25.0,75.0,8655,8358,297,8655,0.03431542461005199,0.3121899670838115,0.5,0.624379934167623,2012,0.24072744675759752,1.0,1
"iteration_5","SCOPE_DATA_COLLECTION",1400,9,610.0,670.0,1,8783,5746,1967,8645,5709,1893,8681,5620,1894,96,120,67,0.010937678022103225,0.020905923344947737,0.034166241713411524,0.2795877116812781,0.62565182150039,0.9709139316937203,0.5591754233625562,0.62565182150039,0.6472759544624802,0.22866029259301923,0.32491103202846977,0.31520591341077087,100.0,100.0,5513,7659,3324,116,8,159,0.02104117540359151,0.0010445227836532185,0.04783393501805054,0.7000000000000001,0.1,0.4,0.7000000000000001,40.0,35.0,65.0,0.6000000000000001,0.1,0.5,0.8,30.0,25.0,75.0,5574,5339,235,5574,0.0421600287047004,0.6821756597960846,1.0,0.6821756597960846,1889,0.3538115752013486,1.0,1
"iteration_5","SCOPE_DATA_COLLECTION",1400,9,610.0,670.0,2,8783,5746,1967,8645,5709,1893,8681,5620,1894,96,120,67,0.010937678022103225,0.020905923344947737,0.034166241713411524,0.2795877116812781,0.62565182150039,0.9709139316937203,0.5591754233625562,0.62565182150039,0.6472759544624802,0.22866029259301923,0.32491103202846977,0.31520591341077087,100.0,100.0,5513,7659,3324,116,8,159,0.02104117540359151,0.0010445227836532185,0.04783393501805054,0.7000000000000001,0.1,0.4,0.7000000000000001,40.0,35.0,65.0,0.6000000000000001,0.1,0.5,0.8,30.0,25.0,75.0,1941,1836,105,1941,0.05409582689335394,1.0177442937380685,1.5,0.678496195825379,604,0.3289760348583878,1.0,1
"iteration_5","SCOPE_DATA_COLLECTION",1400,10,670.0,730.0,0,8655,5574,1941,8783,5746,1967,8359,5315,1846,297,235,105,0.034311460258780034,0.04234234234234234,0.053818554587391085,0.3119021290858138,0.6808335178605768,1.0224139371962062,0.6238042581716275,0.6808335178605768,0.6816092914641375,0.24081827969852854,0.3531514581373471,0.3304442036836403,100.0,100.0,5611,6407,4152,93,6,538,0.016574585635359115,9.364757296706727E-4,0.1295761078998073,0.6000000000000001,0.1,0.5,0.8,30.0,25.0,75.0,0.6000000000000001,0.1,0.5,0.8,30.0,25.0,75.0,8862,8185,677,8862,0.07639359061160009,0.3037709148996073,0.5,0.6075418297992146,1955,0.2388515577275504,1.0,1
"iteration_5","SCOPE_DATA_COLLECTION",1400,10,670.0,730.0,1,8655,5574,1941,8783,5746,1967,8359,5315,1846,297,235,105,0.034311460258780034,0.04234234234234234,0.053818554587391085,0.3119021290858138,0.6808335178605768,1.0224139371962062,0.6238042581716275,0.6808335178605768,0.6816092914641375,0.24081827969852854,0.3531514581373471,0.3304442036836403,100.0,100.0,5611,6407,4152,93,6,538,0.016574585635359115,9.364757296706727E-4,0.1295761078998073,0.6000000000000001,0.1,0.5,0.8,30.0,25.0,75.0,0.6000000000000001,0.1,0.5,0.8,30.0,25.0,75.0,5517,5064,453,5517,0.08210984230560087,0.666980128436832,1.0,0.666980128436832,1788,0.35308056872037913,1.0,1
"iteration_5","SCOPE_DATA_COLLECTION",1400,10,670.0,730.0,2,8655,5574,1941,8783,5746,1967,8359,5315,1846,297,235,105,0.034311460258780034,0.04234234234234234,0.053818554587391085,0.3119021290858138,0.6808335178605768,1.0224139371962062,0.6238042581716275,0.6808335178605768,0.6816092914641375,0.24081827969852854,0.3531514581373471,0.3304442036836403,100.0,100.0,5611,6407,4152,93,6,538,0.016574585635359115,9.364757296706727E-4,0.1295761078998073,0.6000000000000001,0.1,0.5,0.8,30.0,25.0,75.0,0.6000000000000001,0.1,0.5,0.8,30.0,25.0,75.0,1975,1784,191,1975,0.09670886075949367,1.0551574267935278,1.5,0.7034382845290185,623,0.3492152466367713,1.0,1
"iteration_5","SCOPE_DATA_COLLECTION",1400,11,730.0,790.0,0,8862,5517,1975,8655,5574,1941,8205,5094,1775,677,453,191,0.07622157171808151,0.08166576527852894,0.09715157680569685,0.3047187979013167,0.6709918148436006,1.0482707079840001,0.6094375958026333,0.6709918148436006,0.6988471386560001,0.2399756246191347,0.3559089124460149,0.3464788732394366,100.0,100.0,5542,6513,4299,90,10,1221,0.01623962468422952,0.0015353907569476432,0.2840195394277739,0.6000000000000001,0.1,0.5,0.8,30.0,25.0,75.0,0.2,0.4,0.2,0.7000000000000001,70.0,40.0,75.0,8730,4101,4629,8730,0.5302405498281787,0.5042254732398478,0.5,1.0084509464796956,2176,0.5306022921238722,1.0,1
"iteration_5","SCOPE_DATA_COLLECTION",1400,11,730.0,790.0,1,8862,5517,1975,8655,5574,1941,8205,5094,1775,677,453,191,0.07622157171808151,0.08166576527852894,0.09715157680569685,0.3047187979013167,0.6709918148436006,1.0482707079840001,0.6094375958026333,0.6709918148436006,0.6988471386560001,0.2399756246191347,0.3559089124460149,0.3464788732394366,100.0,100.0,5542,6513,4299,90,10,1221,0.01623962468422952,0.0015353907569476432,0.2840195394277739,0.6000000000000001,0.1,0.5,0.8,30.0,25.0,75.0,0.2,0.4,0.2,0.7000000000000001,70.0,40.0,75.0,5510,2553,2957,5510,0.5366606170598911,1.0400138459971129,1.0,1.0400138459971129,1762,0.6901684292988641,1.0,1
"iteration_5","SCOPE_DATA_COLLECTION",1400,11,730.0,790.0,2,8862,5517,1975,8655,5574,1941,8205,5094,1775,677,453,191,0.07622157171808151,0.08166576527852894,0.09715157680569685,0.3047187979013167,0.6709918148436006,1.0482707079840001,0.6094375958026333,0.6709918148436006,0.6988471386560001,0.2399756246191347,0.3559089124460149,0.3464788732394366,100.0,100.0,5542,6513,4299,90,10,1221,0.01623962468422952,0.0015353907569476432,0.2840195394277739,0.6000000000000001,0.1,0.5,0.8,30.0,25.0,75.0,0.2,0.4,0.2,0.7000000000000001,70.0,40.0,75.0,1978,875,1103,1978,0.557633973710819,1.7054709279545424,1.5,1.1369806186363616,613,0.7005714285714286,1.0,1
"iteration_5","SCOPE_DATA_COLLECTION",1400,12,790.0,850.0,0,8730,5510,1978,8862,5517,1975,4102,2558,882,4629,2957,1103,0.5301798190356202,0.5361740707162285,0.5556675062972293,0.5036620420666156,1.0361142045021439,1.709451745576256,1.0073240841332312,1.0361142045021439,1.1396344970508372,0.5294978059483179,0.6880375293197811,0.7006802721088435,97.5,100.0,5308,2214,8696,76,1,8612,0.014318010550113038,4.5167118337850043E-4,0.9903403863845446,0.2,0.4,0.2,0.7000000000000001,70.0,40.0,75.0,0.1,0.30000000000000004,0.1,0.6000000000000001,80.0,50.0,75.0,8826,3477,5349,8826,0.606050305914344,0.5374120396885155,0.5,1.074824079377031,2036,0.5855622663215415,1.0,1
"iteration_5","SCOPE_DATA_COLLECTION",1400,12,790.0,850.0,1,8730,5510,1978,8862,5517,1975,4102,2558,882,4629,2957,1103,0.5301798190356202,0.5361740707162285,0.5556675062972293,0.5036620420666156,1.0361142045021439,1.709451745576256,1.0073240841332312,1.0361142045021439,1.1396344970508372,0.5294978059483179,0.6880375293197811,0.7006802721088435,97.5,100.0,5308,2214,8696,76,1,8612,0.014318010550113038,4.5167118337850043E-4,0.9903403863845446,0.2,0.4,0.2,0.7000000000000001,70.0,40.0,75.0,0.1,0.30000000000000004,0.1,0.6000000000000001,80.0,50.0,75.0,5742,2199,3543,5742,0.6170323928944619,1.0832726889772388,1.0,1.0832726889772388,1679,0.7635288767621646,1.0,1
"iteration_5","SCOPE_DATA_COLLECTION",1400,12,790.0,850.0,2,8730,5510,1978,8862,5517,1975,4102,2558,882,4629,2957,1103,0.5301798190356202,0.5361740707162285,0.5556675062972293,0.5036620420666156,1.0361142045021439,1.709451745576256,1.0073240841332312,1.0361142045021439,1.1396344970508372,0.5294978059483179,0.6880375293197811,0.7006802721088435,97.5,100.0,5308,2214,8696,76,1,8612,0.014318010550113038,4.5167118337850043E-4,0.9903403863845446,0.2,0.4,0.2,0.7000000000000001,70.0,40.0,75.0,0.1,0.30000000000000004,0.1,0.6000000000000001,80.0,50.0,75.0,1979,769,1210,1979,0.6114199090449722,1.8842128163281309,1.5,1.2561418775520872,621,0.8075422626788037,1.0,1
"iteration_5","SCOPE_DATA_COLLECTION",1400,13,850.0,910.0,0,8826,5742,1979,8730,5510,1978,3463,2204,777,5349,3543,1210,0.6070131638674535,0.6164955629023838,0.6089582284851535,0.5367061310223279,1.0871152383217881,1.8786263260977318,1.0734122620446558,1.0871152383217881,1.2524175507318211,0.5844643372798152,0.7636116152450091,0.8043758043758044,100.0,100.0,5305,1198,10044,58,0,10044,0.010933081998114986,0.0,1.0,0.1,0.30000000000000004,0.1,0.6000000000000001,80.0,50.0,75.0,0.1,0.30000000000000004,0.1,0.6000000000000001,80.0,50.0,75.0,8608,3429,5179,8608,0.6016496282527881,0.528511091728604,0.5,1.057022183457208,1993,0.5812190142898804,1.0,1
"iteration_5","SCOPE_DATA_COLLECTION",1400,13,850.0,910.0,1,8826,5742,1979,8730,5510,1978,3463,2204,777,5349,3543,1210,0.6070131638674535,0.6164955629023838,0.6089582284851535,0.5367061310223279,1.0871152383217881,1.8786263260977318,1.0734122620446558,1.0871152383217881,1.2524175507318211,0.5844643372798152,0.7636116152450091,0.8043758043758044,100.0,100.0,5305,1198,10044,58,0,10044,0.010933081998114986,0.0,1.0,0.1,0.30000000000000004,0.1,0.6000000000000001,80.0,50.0,75.0,0.1,0.30000000000000004,0.1,0.6000000000000001,80.0,50.0,75.0,5607,2209,3398,5607,0.6060281790618869,1.112021955188358,1.0,1.112021955188358,1748,0.7913082842915347,1.0,1
"iteration_5","SCOPE_DATA_COLLECTION",1400,13,850.0,910.0,2,8826,5742,1979,8730,5510,1978,3463,2204,777,5349,3543,1210,0.6070131638674535,0.6164955629023838,0.6089582284851535,0.5367061310223279,1.0871152383217881,1.8786263260977318,1.0734122620446558,1.0871152383217881,1.2524175507318211,0.5844643372798152,0.7636116152450091,0.8043758043758044,100.0,100.0,5305,1198,10044,58,0,10044,0.010933081998114986,0.0,1.0,0.1,0.30000000000000004,0.1,0.6000000000000001,80.0,50.0,75.0,0.1,0.30000000000000004,0.1,0.6000000000000001,80.0,50.0,75.0,1858,707,1151,1858,0.6194833153928956,1.8919180760915224,1.5,1.2612787173943483,577,0.8161244695898161,1.0,1
"iteration_5","SCOPE_DATA_COLLECTION",1400,14,910.0,970.0,0,8608,5607,1858,8826,5742,1979,3437,2201,703,5179,3398,1151,0.6010909935004642,0.6068940882300411,0.6208198489751888,0.5294754084387971,1.1117049395816705,1.8929177071936245,1.0589508168775943,1.1117049395816705,1.261945138129083,0.5824847250509165,0.7905497501135847,0.8165007112375533,100.0,100.0,5352,1046,9675,53,0,9675,0.009902840059790733,0.0,1.0,0.1,0.30000000000000004,0.1,0.6000000000000001,80.0,50.0,75.0,0.1,0.30000000000000004,0.1,0.6000000000000001,90.0,40.0,75.0,8602,3439,5163,8602,0.6002092536619391,0.5469164204271086,0.5,1.0938328408542173,2071,0.6022099447513812,1.0,1
"iteration_5","SCOPE_DATA_COLLECTION",1400,14,910.0,970.0,1,8608,5607,1858,8826,5742,1979,3437,2201,703,5179,3398,1151,0.6010909935004642,0.6068940882300411,0.6208198489751888,0.5294754084387971,1.1117049395816705,1.8929177071936245,1.0589508168775943,1.1117049395816705,1.261945138129083,0.5824847250509165,0.7905497501135847,0.8165007112375533,100.0,100.0,5352,1046,9675,53,0,9675,0.009902840059790733,0.0,1.0,0.1,0.30000000000000004,0.1,0.6000000000000001,80.0,50.0,75.0,0.1,0.30000000000000004,0.1,0.6000000000000001,90.0,40.0,75.0,5772,2158,3614,5772,0.6261261261261262,1.1111676512361945,1.0,1.1111676512361945,1676,0.7766450417052827,1.0,1
"iteration_5","SCOPE_DATA_COLLECTION",1400,14,910.0,970.0,2,8608,5607,1858,8826,5742,1979,3437,2201,703,5179,3398,1151,0.6010909935004642,0.6068940882300411,0.6208198489751888,0.5294754084387971,1.1117049395816705,1.8929177071936245,1.0589508168775943,1.1117049395816705,1.261945138129083,0.5824847250509165,0.7905497501135847,0.8165007112375533,100.0,100.0,5352,1046,9675,53,0,9675,0.009902840059790733,0.0,1.0,0.1,0.30000000000000004,0.1,0.6000000000000001,80.0,50.0,75.0,0.1,0.30000000000000004,0.1,0.6000000000000001,90.0,40.0,75.0,1947,716,1231,1947,0.6322547508988187,1.9376214504380493,1.5,1.2917476336253662,601,0.8393854748603352,1.0,1
"iteration_5","SCOPE_DATA_COLLECTION",1400,15,970.0,1030.0,0,8602,5772,1947,8608,5607,1858,3439,2156,717,5163,3614,1230,0.6002092536619391,0.6263431542461005,0.6317411402157165,0.5462588116319615,1.1073011432462927,1.9407030460669898,1.092517623263923,1.1073011432462927,1.2938020307113265,0.6010468159348648,0.7764378478664193,0.8410041841004184,100.0,100.0,5290,1070,9961,46,0,9961,0.008695652173913044,0.0,1.0,0.1,0.30000000000000004,0.1,0.6000000000000001,90.0,40.0,75.0,0.1,0.4,0.1,0.7000000000000001,80.0,40.0,75.0,8780,3357,5423,8780,0.6176537585421412,0.5633894623788087,0.5,1.1267789247576174,2131,0.6347929699136133,1.0,1
"iteration_5","SCOPE_DATA_COLLECTION",1400,15,970.0,1030.0,1,8602,5772,1947,8608,5607,1858,3439,2156,717,5163,3614,1230,0.6002092536619391,0.6263431542461005,0.6317411402157165,0.5462588116319615,1.1073011432462927,1.9407030460669898,1.092517623263923,1.1073011432462927,1.2938020307113265,0.6010468159348648,0.7764378478664193,0.8410041841004184,100.0,100.0,5290,1070,9961,46,0,9961,0.008695652173913044,0.0,1.0,0.1,0.30000000000000004,0.1,0.6000000000000001,90.0,40.0,75.0,0.1,0.4,0.1,0.7000000000000001,80.0,40.0,75.0,5737,2219,3518,5737,0.613212480390448,1.088904185017679,1.0,1.088904185017679,1701,0.7665615141955836,1.0,1
"iteration_5","SCOPE_DATA_COLLECTION",1400,15,970.0,1030.0,2,8602,5772,1947,8608,5607,1858,3439,2156,717,5163,3614,1230,0.6002092536619391,0.6263431542461005,0.6317411402157165,0.5462588116319615,1.1073011432462927,1.9407030460669898,1.092517623263923,1.1073011432462927,1.2938020307113265,0.6010468159348648,0.7764378478664193,0.8410041841004184,100.0,100.0,5290,1070,9961,46,0,9961,0.008695652173913044,0.0,1.0,0.1,0.30000000000000004,0.1,0.6000000000000001,90.0,40.0,75.0,0.1,0.4,0.1,0.7000000000000001,80.0,40.0,75.0,1897,716,1181,1897,0.6225619399051133,1.9067103343394323,1.5,1.271140222892955,582,0.8128491620111732,1.0,1
"iteration_5","SCOPE_DATA_COLLECTION",1400,16,1030.0,1090.0,0,8780,5737,1897,8602,5772,1947,3367,2232,712,5423,3518,1182,0.6169510807736064,0.6118260869565217,0.6240760295670539,0.5637668297715749,1.0924955711584847,1.8994856335960684,1.1275336595431498,1.0924955711584847,1.2663237557307123,0.6358776358776359,0.7670250896057348,0.8103932584269663,92.5,100.0,5273,1072,10069,51,3,10069,0.009671913521714395,0.002798507462686567,1.0,0.1,0.4,0.1,0.7000000000000001,80.0,40.0,75.0,0.05,0.5,0.1,0.6000000000000001,70.0,30.0,85.0,8865,3146,5719,8865,0.6451212633953751,0.6288395411706896,0.5,1.2576790823413793,2263,0.7193261284170375,1.0,1
"iteration_5","SCOPE_DATA_COLLECTION",1400,16,1030.0,1090.0,1,8780,5737,1897,8602,5772,1947,3367,2232,712,5423,3518,1182,0.6169510807736064,0.6118260869565217,0.6240760295670539,0.5637668297715749,1.0924955711584847,1.8994856335960684,1.1275336595431498,1.0924955711584847,1.2663237557307123,0.6358776358776359,0.7670250896057348,0.8103932584269663,92.5,100.0,5273,1072,10069,51,3,10069,0.009671913521714395,0.002798507462686567,1.0,0.1,0.4,0.1,0.7000000000000001,80.0,40.0,75.0,0.05,0.5,0.1,0.6000000000000001,70.0,30.0,85.0,5784,2016,3768,5784,0.6514522821576764,1.1959480141226781,1.0,1.1959480141226781,1726,0.8561507936507936,1.0,1
"iteration_5","SCOPE_DATA_COLLECTION",1400,16,1030.0,1090.0,2,8780,5737,1897,8602,5772,1947,3367,2232,712,5423,3518,1182,0.6169510807736064,0.6118260869565217,0.6240760295670539,0.5637668297715749,1.0924955711584847,1.8994856335960684,1.1275336595431498,1.0924955711584847,1.2663237557307123,0.6358776358776359,0.7670250896057348,0.8103932584269663,92.5,100.0,5273,1072,10069,51,3,10069,0.009671913521714395,0.002798507462686567,1.0,0.1,0.4,0.1,0.7000000000000001,80.0,40.0,75.0,0.05,0.5,0.1,0.6000000000000001,70.0,30.0,85.0,2038,686,1352,2038,0.6633954857703631,2.06740678468481,1.5,1.3782711897898734,610,0.8892128279883382,1.0,1
"iteration_5","SCOPE_DATA_COLLECTION",1400,17,1090.0,1150.0,0,8865,5784,2038,8780,5737,1897,3136,2003,695,5719,3768,1352,0.6458498023715415,0.6529197712701438,0.6604787493893503,0.6285331781075515,1.196057804000179,2.067002594802581,1.257066356215103,1.196057804000179,1.3780017298683873,0.7177933673469388,0.8552171742386421,0.8892086330935252,97.5,100.0,5326,585,10776,63,0,10776,0.01182876455125798,0.0,1.0,0.05,0.5,0.1,0.6000000000000001,70.0,30.0,85.0,0.15000000000000002,0.4,0.2,0.6000000000000001,70.0,30.0,75.0,8798,3711,5087,8798,0.5781995908160946,0.5375590225836876,0.5,1.0751180451673752,2138,0.5761250336836432,1.0,1
"iteration_5","SCOPE_DATA_COLLECTION",1400,17,1090.0,1150.0,1,8865,5784,2038,8780,5737,1897,3136,2003,695,5719,3768,1352,0.6458498023715415,0.6529197712701438,0.6604787493893503,0.6285331781075515,1.196057804000179,2.067002594802581,1.257066356215103,1.196057804000179,1.3780017298683873,0.7177933673469388,0.8552171742386421,0.8892086330935252,97.5,100.0,5326,585,10776,63,0,10776,0.01182876455125798,0.0,1.0,0.05,0.5,0.1,0.6000000000000001,70.0,30.0,85.0,0.15000000000000002,0.4,0.2,0.6000000000000001,70.0,30.0,75.0,5658,2368,3290,5658,0.5814775539059739,1.0703894800213951,1.0,1.0703894800213951,1705,0.7200168918918919,1.0,1
"iteration_5","SCOPE_DATA_COLLECTION",1400,17,1090.0,1150.0,2,8865,5784,2038,8780,5737,1897,3136,2003,695,5719,3768,1352,0.6458498023715415,0.6529197712701438,0.6604787493893503,0.6285331781075515,1.196057804000179,2.067002594802581,1.257066356215103,1.196057804000179,1.3780017298683873,0.7177933673469388,0.8552171742386421,0.8892086330935252,97.5,100.0,5326,585,10776,63,0,10776,0.01182876455125798,0.0,1.0,0.05,0.5,0.1,0.6000000000000001,70.0,30.0,85.0,0.15000000000000002,0.4,0.2,0.6000000000000001,70.0,30.0,75.0,1980,808,1172,1980,0.591919191919192,1.8224448002603941,1.5,1.2149632001735962,610,0.754950495049505,1.0,1
"iteration_5","SCOPE_DATA_COLLECTION",1400,18,1150.0,1210.0,0,8798,5658,1980,8865,5784,2038,3707,2379,803,5087,3290,1172,0.5784625881282692,0.5803492679484918,0.5934177215189873,0.5379983009675877,1.0703320391667237,1.8219460150772067,1.0759966019351754,1.0703320391667237,1.2146306767181378,0.5775559751820879,0.7213114754098361,0.7534246575342466,100.0,100.0,5317,1650,9469,79,1,9469,0.014858002633063758,6.060606060606061E-4,1.0,0.15000000000000002,0.4,0.2,0.6000000000000001,70.0,30.0,75.0,0.15000000000000002,0.4,0.2,0.6000000000000001,70.0,30.0,75.0,8517,3571,4946,8517,0.5807209111189386,0.5339173117474209,0.5,1.0678346234948417,2084,0.5835900308036964,1.0,1
"iteration_5","SCOPE_DATA_COLLECTION",1400,18,1150.0,1210.0,1,8798,5658,1980,8865,5784,2038,3707,2379,803,5087,3290,1172,0.5784625881282692,0.5803492679484918,0.5934177215189873,0.5379983009675877,1.0703320391667237,1.8219460150772067,1.0759966019351754,1.0703320391667237,1.2146306767181378,0.5775559751820879,0.7213114754098361,0.7534246575342466,100.0,100.0,5317,1650,9469,79,1,9469,0.014858002633063758,6.060606060606061E-4,1.0,0.15000000000000002,0.4,0.2,0.6000000000000001,70.0,30.0,75.0,0.15000000000000002,0.4,0.2,0.6000000000000001,70.0,30.0,75.0,5595,2355,3240,5595,0.579088471849866,1.0721348386254879,1.0,1.0721348386254879,1697,0.7205944798301486,1.0,1
"iteration_5","SCOPE_DATA_COLLECTION",1400,18,1150.0,1210.0,2,8798,5658,1980,8865,5784,2038,3707,2379,803,5087,3290,1172,0.5784625881282692,0.5803492679484918,0.5934177215189873,0.5379983009675877,1.0703320391667237,1.8219460150772067,1.0759966019351754,1.0703320391667237,1.2146306767181378,0.5775559751820879,0.7213114754098361,0.7534246575342466,100.0,100.0,5317,1650,9469,79,1,9469,0.014858002633063758,6.060606060606061E-4,1.0,0.15000000000000002,0.4,0.2,0.6000000000000001,70.0,30.0,75.0,0.15000000000000002,0.4,0.2,0.6000000000000001,70.0,30.0,75.0,1974,849,1125,1974,0.5699088145896657,1.8030703040310316,1.5,1.2020468693540212,635,0.7479387514723204,1.0,1
"iteration_5","SCOPE_DATA_COLLECTION",1400,19,1210.0,1270.0,0,8517,5595,1974,8798,5658,1980,3567,2353,844,4946,3240,1125,0.5809937742276519,0.5792955480064366,0.5713560182833926,0.532813474733892,1.0687540636667736,1.8000688848607478,1.065626949467784,1.0687540636667736,1.2000459232404985,0.5836837678721615,0.7212069698257544,0.7488151658767772,100.0,100.0,5224,1644,9218,92,1,9218,0.01761102603369066,6.082725060827251E-4,1.0,0.15000000000000002,0.4,0.2,0.6000000000000001,70.0,30.0,75.0,0.15000000000000002,0.4,0.2,0.6000000000000001,70.0,30.0,75.0,8614,3679,4935,8614,0.5729045739493848,0.5230097299386485,0.5,1.046019459877297,2112,0.5740690405001359,1.0,1
"iteration_5","SCOPE_DATA_COLLECTION",1400,19,1210.0,1270.0,1,8517,5595,1974,8798,5658,1980,3567,2353,844,4946,3240,1125,0.5809937742276519,0.5792955480064366,0.5713560182833926,0.532813474733892,1.0687540636667736,1.8000688848607478,1.065626949467784,1.0687540636667736,1.2000459232404985,0.5836837678721615,0.7212069698257544,0.7488151658767772,100.0,100.0,5224,1644,9218,92,1,9218,0.01761102603369066,6.082725060827251E-4,1.0,0.15000000000000002,0.4,0.2,0.6000000000000001,70.0,30.0,75.0,0.15000000000000002,0.4,0.2,0.6000000000000001,70.0,30.0,75.0,5726,2379,3347,5726,0.5845267202235417,1.0646225823588233,1.0,1.0646225823588233,1737,0.7301387137452712,1.0,1
"iteration_5","SCOPE_DATA_COLLECTION",1400,19,1210.0,1270.0,2,8517,5595,1974,8798,5658,1980,3567,2353,844,4946,3240,1125,0.5809937742276519,0.5792955480064366,0.5713560182833926,0.532813474733892,1.0687540636667736,1.8000688848607478,1.065626949467784,1.0687540636667736,1.2000459232404985,0.5836837678721615,0.7212069698257544,0.7488151658767772,100.0,100.0,5224,1644,9218,92,1,9218,0.01761102603369066,6.082725060827251E-4,1.0,0.15000000000000002,0.4,0.2,0.6000000000000001,70.0,30.0,75.0,0.15000000000000002,0.4,0.2,0.6000000000000001,70.0,30.0,75.0,2012,804,1208,2012,0.6003976143141153,1.7837172882966332,1.5,1.1891448588644222,602,0.7487562189054726,1.0,1
"iteration_5","SCOPE_DATA_COLLECTION",1400,20,1270.0,1330.0,0,8614,5726,2012,8517,5595,1974,3675,2361,810,4935,3347,1208,0.573170731707317,0.5863700070077085,0.5986124876114965,0.5227121912568132,1.0642030382215153,1.7900094883744673,1.0454243825136265,1.0642030382215153,1.1933396589163114,0.5730612244897959,0.7263871240999576,0.7506172839506173,100.0,100.0,5294,1644,9414,75,1,9414,0.014166981488477521,6.082725060827251E-4,1.0,0.15000000000000002,0.4,0.2,0.6000000000000001,70.0,30.0,75.0,0.6000000000000001,0.1,0.5,0.9,75.0,40.0,50.0,8637,7924,713,8637,0.08255181197174945,0.31718940976196947,0.5,0.6343788195239389,2042,0.2576981322564361,1.0,1
"iteration_5","SCOPE_DATA_COLLECTION",1400,20,1270.0,1330.0,1,8614,5726,2012,8517,5595,1974,3675,2361,810,4935,3347,1208,0.573170731707317,0.5863700070077085,0.5986124876114965,0.5227121912568132,1.0642030382215153,1.7900094883744673,1.0454243825136265,1.0642030382215153,1.1933396589163114,0.5730612244897959,0.7263871240999576,0.7506172839506173,100.0,100.0,5294,1644,9414,75,1,9414,0.014166981488477521,6.082725060827251E-4,1.0,0.15000000000000002,0.4,0.2,0.6000000000000001,70.0,30.0,75.0,0.6000000000000001,0.1,0.5,0.9,75.0,40.0,50.0,5852,5298,554,5852,0.09466848940533151,0.7066687778134226,1.0,0.7066687778134226,1965,0.3708946772366931,1.0,1
"iteration_5","SCOPE_DATA_COLLECTION",1400,20,1270.0,1330.0,2,8614,5726,2012,8517,5595,1974,3675,2361,810,4935,3347,1208,0.573170731707317,0.5863700070077085,0.5986124876114965,0.5227121912568132,1.0642030382215153,1.7900094883744673,1.0454243825136265,1.0642030382215153,1.1933396589163114,0.5730612244897959,0.7263871240999576,0.7506172839506173,100.0,100.0,5294,1644,9414,75,1,9414,0.014166981488477521,6.082725060827251E-4,1.0,0.15000000000000002,0.4,0.2,0.6000000000000001,70.0,30.0,75.0,0.6000000000000001,0.1,0.5,0.9,75.0,40.0,50.0,1940,1718,222,1940,0.11443298969072165,1.0553002518896784,1.5,0.7035335012597855,603,0.3509895227008149,1.0,1
"iteration_5","SCOPE_DATA_COLLECTION",1400,21,1330.0,1390.0,0,8637,5852,1940,8614,5726,2012,7937,5306,1710,706,549,220,0.08168460025454125,0.0937660119555935,0.11398963730569948,0.31841846631051196,0.7090262225078202,1.0524971494420494,0.6368369326210239,0.7090262225078202,0.7016647662946996,0.25916593171223384,0.37353938937052394,0.34912280701754383,100.0,100.0,5556,6561,4312,115,0,1360,0.020698344132469404,0.0,0.31539888682745826,0.6000000000000001,0.1,0.5,0.9,75.0,40.0,50.0,0.5,0.2,0.4,0.9,65.0,30.0,60.0,8629,6493,2136,8629,0.24753737397149148,0.39568040699684925,0.5,0.7913608139936985,2194,0.33790235638379795,1.0,1
"iteration_5","SCOPE_DATA_COLLECTION",1400,21,1330.0,1390.0,1,8637,5852,1940,8614,5726,2012,7937,5306,1710,706,549,220,0.08168460025454125,0.0937660119555935,0.11398963730569948,0.31841846631051196,0.7090262225078202,1.0524971494420494,0.6368369326210239,0.7090262225078202,0.7016647662946996,0.25916593171223384,0.37353938937052394,0.34912280701754383,100.0,100.0,5556,6561,4312,115,0,1360,0.020698344132469404,0.0,0.31539888682745826,0.6000000000000001,0.1,0.5,0.9,75.0,40.0,50.0,0.5,0.2,0.4,0.9,65.0,30.0,60.0,5583,4159,1424,5583,0.2550600035823034,0.7908228235953944,1.0,0.7908228235953944,1814,0.4361625390718923,1.0,1
"iteration_5","SCOPE_DATA_COLLECTION",1400,21,1330.0,1390.0,2,8637,5852,1940,8614,5726,2012,7937,5306,1710,706,549,220,0.08168460025454125,0.0937660119555935,0.11398963730569948,0.31841846631051196,0.7090262225078202,1.0524971494420494,0.6368369326210239,0.7090262225078202,0.7016647662946996,0.25916593171223384,0.37353938937052394,0.34912280701754383,100.0,100.0,5556,6561,4312,115,0,1360,0.020698344132469404,0.0,0.31539888682745826,0.6000000000000001,0.1,0.5,0.9,75.0,40.0,50.0,0.5,0.2,0.4,0.9,65.0,30.0,60.0,2052,1475,577,2052,0.28118908382066277,1.2108100602846938,1.5,0.8072067068564626,632,0.42847457627118646,1.0,1
"iteration_5","SCOPE_DATA_COLLECTION",1400,22,1390.0,1450.0,0,8629,5583,2052,8637,5852,1940,6471,4152,1478,2143,1429,579,0.24878105409798004,0.256047303350654,0.2814778804083617,0.39497152627456156,0.7884415145443593,1.2149225047620218,0.7899430525491231,0.7884415145443593,0.8099483365080146,0.33657858136300417,0.43545279383429675,0.43098782138024355,97.5,100.0,5401,5437,5426,88,3,4060,0.016293279022403257,5.51774875850653E-4,0.7482491706597862,0.5,0.2,0.4,0.9,65.0,30.0,60.0,0.4,0.2,0.5,0.8,65.0,30.0,60.0,8650,5286,3364,8650,0.38890173410404627,0.39584771406092456,0.5,0.7916954281218491,2052,0.38819523269012485,1.0,1
"iteration_5","SCOPE_DATA_COLLECTION",1400,22,1390.0,1450.0,1,8629,5583,2052,8637,5852,1940,6471,4152,1478,2143,1429,579,0.24878105409798004,0.256047303350654,0.2814778804083617,0.39497152627456156,0.7884415145443593,1.2149225047620218,0.7899430525491231,0.7884415145443593,0.8099483365080146,0.33657858136300417,0.43545279383429675,0.43098782138024355,97.5,100.0,5401,5437,5426,88,3,4060,0.016293279022403257,5.51774875850653E-4,0.7482491706597862,0.5,0.2,0.4,0.9,65.0,30.0,60.0,0.4,0.2,0.5,0.8,65.0,30.0,60.0,5632,3390,2242,5632,0.39808238636363635,0.8659465209020588,1.0,0.8659465209020588,1770,0.5221238938053098,1.0,1
"iteration_5","SCOPE_DATA_COLLECTION",1400,22,1390.0,1450.0,2,8629,5583,2052,8637,5852,1940,6471,4152,1478,2143,1429,579,0.24878105409798004,0.256047303350654,0.2814778804083617,0.39497152627456156,0.7884415145443593,1.2149225047620218,0.7899430525491231,0.7884415145443593,0.8099483365080146,0.33657858136300417,0.43545279383429675,0.43098782138024355,97.5,100.0,5401,5437,5426,88,3,4060,0.016293279022403257,5.51774875850653E-4,0.7482491706597862,0.5,0.2,0.4,0.9,65.0,30.0,60.0,0.4,0.2,0.5,0.8,65.0,30.0,60.0,1908,1108,800,1908,0.4192872117400419,1.4134745429083813,1.5,0.9423163619389209,611,0.5514440433212996,1.0,1
"iteration_5","SCOPE_DATA_COLLECTION",1400,23,1450.0,1510.0,0,8650,5632,1908,8629,5583,2052,5318,3398,1110,3364,2242,800,0.387468325270675,0.3975177304964539,0.418848167539267,0.39711404912585413,0.8708059889671435,1.4059033922648492,0.7942280982517083,0.8708059889671435,0.9372689281765662,0.390372320421211,0.5247204237786933,0.5477477477477477,92.5,100.0,5482,4272,6436,89,2,6315,0.016234950747902224,4.6816479400749064E-4,0.9811995027967682,0.4,0.2,0.5,0.8,65.0,30.0,60.0,0.4,0.30000000000000004,0.6000000000000001,0.8,75.0,30.0,70.0,8711,5273,3438,8711,0.394673401446447,0.41305108487185527,0.5,0.8261021697437105,2198,0.4168405082495733,1.0,1
"iteration_5","SCOPE_DATA_COLLECTION",1400,23,1450.0,1510.0,1,8650,5632,1908,8629,5583,2052,5318,3398,1110,3364,2242,800,0.387468325270675,0.3975177304964539,0.418848167539267,0.39711404912585413,0.8708059889671435,1.4059033922648492,0.7942280982517083,0.8708059889671435,0.9372689281765662,0.390372320421211,0.5247204237786933,0.5477477477477477,92.5,100.0,5482,4272,6436,89,2,6315,0.016234950747902224,4.6816479400749064E-4,0.9811995027967682,0.4,0.2,0.5,0.8,65.0,30.0,60.0,0.4,0.30000000000000004,0.6000000000000001,0.8,75.0,30.0,70.0,5719,3373,2346,5719,0.41021157545025355,0.9118535054963022,1.0,0.9118535054963022,1839,0.5452119774681292,1.0,1
"iteration_5","SCOPE_DATA_COLLECTION",1400,23,1450.0,1510.0,2,8650,5632,1908,8629,5583,2052,5318,3398,1110,3364,2242,800,0.387468325270675,0.3975177304964539,0.418848167539267,0.39711404912585413,0.8708059889671435,1.4059033922648492,0.7942280982517083,0.8708059889671435,0.9372689281765662,0.390372320421211,0.5247204237786933,0.5477477477477477,92.5,100.0,5482,4272,6436,89,2,6315,0.016234950747902224,4.6816479400749064E-4,0.9811995027967682,0.4,0.2,0.5,0.8,65.0,30.0,60.0,0.4,0.30000000000000004,0.6000000000000001,0.8,75.0,30.0,70.0,1963,1114,849,1963,0.4325012735608762,1.3743679105217514,1.5,0.9162452736811676,583,0.5233393177737882,1.0,1
"iteration_5","SCOPE_DATA_COLLECTION",1400,24,1510.0,1570.0,0,8711,5719,1963,8650,5632,1908,5246,3358,1115,3438,2346,849,0.39590050667894977,0.4112903225806452,0.43228105906313646,0.41093101154206807,0.9060282147388843,1.3736296948181468,0.8218620230841361,0.9060282147388843,0.9157531298787646,0.4136484940907358,0.5419892793329363,0.5246636771300448,97.5,100.0,5540,4302,6551,117,5,6511,0.02111913357400722,0.0011622501162250117,0.993894061975271,0.4,0.30000000000000004,0.6000000000000001,0.8,75.0,30.0,70.0,0.7000000000000001,0.8,0.30000000000000004,0.8,45.0,30.0,55.0,8748,8703,45,8748,0.0051440329218107,0.31632932271291864,0.5,0.6326586454258373,2345,0.26944731701712055,1.0,1
"iteration_5","SCOPE_DATA_COLLECTION",1400,24,1510.0,1570.0,1,8711,5719,1963,8650,5632,1908,5246,3358,1115,3438,2346,849,0.39590050667894977,0.4112903225806452,0.43228105906313646,0.41093101154206807,0.9060282147388843,1.3736296948181468,0.8218620230841361,0.9060282147388843,0.9157531298787646,0.4136484940907358,0.5419892793329363,0.5246636771300448,97.5,100.0,5540,4302,6551,117,5,6511,0.02111913357400722,0.0011622501162250117,0.993894061975271,0.4,0.30000000000000004,0.6000000000000001,0.8,75.0,30.0,70.0,0.7000000000000001,0.8,0.30000000000000004,0.8,45.0,30.0,55.0,5576,5534,42,5576,0.007532281205164993,0.6099533709555506,1.0,0.6099533709555506,1750,0.31622696060715577,1.0,1
"iteration_5","SCOPE_DATA_COLLECTION",1400,24,1510.0,1570.0,2,8711,5719,1963,8650,5632,1908,5246,3358,1115,3438,2346,849,0.39590050667894977,0.4112903225806452,0.43228105906313646,0.41093101154206807,0.9060282147388843,1.3736296948181468,0.8218620230841361,0.9060282147388843,0.9157531298787646,0.4136484940907358,0.5419892793329363,0.5246636771300448,97.5,100.0,5540,4302,6551,117,5,6511,0.02111913357400722,0.0011622501162250117,0.993894061975271,0.4,0.30000000000000004,0.6000000000000001,0.8,75.0,30.0,70.0,0.7000000000000001,0.8,0.30000000000000004,0.8,45.0,30.0,55.0,1910,1856,54,1910,0.028272251308900525,0.9832792588198187,1.5,0.6555195058798792,585,0.3151939655172414,1.0,1
"iteration_5","SCOPE_DATA_COLLECTION",1400,25,1570.0,1630.0,0,8748,5576,1910,8711,5719,1963,8703,5542,1847,45,42,54,0.0051440329218107,0.007521489971346705,0.028406102051551814,0.3163872782339679,0.6137511051047511,0.9820752164289482,0.6327745564679358,0.6137511051047511,0.6547168109526321,0.26967712283120765,0.31793576326236017,0.31402273957769355,100.0,100.0,5414,7510,3310,77,4,60,0.014222386405615073,5.326231691078562E-4,0.01812688821752266,0.7000000000000001,0.8,0.30000000000000004,0.8,45.0,30.0,55.0,0.8,0.8,0.30000000000000004,0.9,35.0,30.0,45.0,8926,8833,93,8926,0.010419000672193592,0.3219047860412306,0.5,0.6438095720824611,2370,0.2683120117740292,1.0,1
"iteration_5","SCOPE_DATA_COLLECTION",1400,25,1570.0,1630.0,1,8748,5576,1910,8711,5719,1963,8703,5542,1847,45,42,54,0.0051440329218107,0.007521489971346705,0.028406102051551814,0.3163872782339679,0.6137511051047511,0.9820752164289482,0.6327745564679358,0.6137511051047511,0.6547168109526321,0.26967712283120765,0.31793576326236017,0.31402273957769355,100.0,100.0,5414,7510,3310,77,4,60,0.014222386405615073,5.326231691078562E-4,0.01812688821752266,0.7000000000000001,0.8,0.30000000000000004,0.8,45.0,30.0,55.0,0.8,0.8,0.30000000000000004,0.9,35.0,30.0,45.0,5643,5565,78,5643,0.013822434875066455,0.6238284931704192,1.0,0.6238284931704192,1814,0.3259658580413297,1.0,1
"iteration_5","SCOPE_DATA_COLLECTION",1400,25,1570.0,1630.0,2,8748,5576,1910,8711,5719,1963,8703,5542,1847,45,42,54,0.0051440329218107,0.007521489971346705,0.028406102051551814,0.3163872782339679,0.6137511051047511,0.9820752164289482,0.6327745564679358,0.6137511051047511,0.6547168109526321,0.26967712283120765,0.31793576326236017,0.31402273957769355,100.0,100.0,5414,7510,3310,77,4,60,0.014222386405615073,5.326231691078562E-4,0.01812688821752266,0.7000000000000001,0.8,0.30000000000000004,0.8,45.0,30.0,55.0,0.8,0.8,0.30000000000000004,0.9,35.0,30.0,45.0,1924,1858,66,1924,0.034303534303534305,0.9701723254064447,1.5,0.6467815502709632,568,0.30570505920344454,1.0,1
"iteration_5","SCOPE_DATA_COLLECTION",1400,26,1630.0,1690.0,0,8926,5643,1924,8748,5576,1910,8830,5554,1852,93,78,66,0.010422503642272778,0.013849431818181818,0.03441084462982273,0.321405974689478,0.6196226863751356,0.9735394412065457,0.642811949378956,0.6196226863751356,0.6490262941376971,0.2679501698754247,0.32373064458048256,0.30615550755939525,100.0,100.0,5507,8838,2148,95,142,0,0.01725077174505175,0.016066983480425436,0.0,0.8,0.8,0.30000000000000004,0.9,35.0,30.0,45.0,0.8,0.7000000000000001,0.30000000000000004,0.8,45.0,30.0,35.0,8717,8693,24,8717,0.0027532407938510957,0.3171774404694187,0.5,0.6343548809388374,2312,0.265961118141033,1.0,1
"iteration_5","SCOPE_DATA_COLLECTION",1400,26,1630.0,1690.0,1,8926,5643,1924,8748,5576,1910,8830,5554,1852,93,78,66,0.010422503642272778,0.013849431818181818,0.03441084462982273,0.321405974689478,0.6196226863751356,0.9735394412065457,0.642811949378956,0.6196226863751356,0.6490262941376971,0.2679501698754247,0.32373064458048256,0.30615550755939525,100.0,100.0,5507,8838,2148,95,142,0,0.01725077174505175,0.016066983480425436,0.0,0.8,0.8,0.30000000000000004,0.9,35.0,30.0,45.0,0.8,0.7000000000000001,0.30000000000000004,0.8,45.0,30.0,35.0,5822,5787,35,5822,0.00601167983510821,0.6119335163254226,1.0,0.6119335163254226,1812,0.3131156039398652,1.0,1
"iteration_5","SCOPE_DATA_COLLECTION",1400,26,1630.0,1690.0,2,8926,5643,1924,8748,5576,1910,8830,5554,1852,93,78,66,0.010422503642272778,0.013849431818181818,0.03441084462982273,0.321405974689478,0.6196226863751356,0.9735394412065457,0.642811949378956,0.6196226863751356,0.6490262941376971,0.2679501698754247,0.32373064458048256,0.30615550755939525,100.0,100.0,5507,8838,2148,95,142,0,0.01725077174505175,0.016066983480425436,0.0,0.8,0.8,0.30000000000000004,0.9,35.0,30.0,45.0,0.8,0.7000000000000001,0.30000000000000004,0.8,45.0,30.0,35.0,1954,1913,41,1954,0.02098259979529171,0.9656457192532125,1.5,0.643763812835475,577,0.30162049137480396,1.0,1
"iteration_5","SCOPE_DATA_COLLECTION",1400,27,1690.0,1750.0,0,8717,5822,1954,8926,5643,1924,8696,5791,1920,24,35,41,0.0027522935779816515,0.0060075523515276345,0.020907700152983173,0.31815780861399046,0.6130952386844555,0.9639350617916462,0.6363156172279809,0.6130952386844555,0.6426233745277642,0.2666743330266789,0.31359005353134173,0.3020833333333333,97.5,100.0,5375,8878,2240,88,12,0,0.016372093023255815,0.0013516557783284523,0.0,0.8,0.7000000000000001,0.30000000000000004,0.8,45.0,30.0,35.0,0.9,0.7000000000000001,0.30000000000000004,0.9,45.0,40.0,35.0,8895,8522,373,8895,0.0419336706014615,0.35060660030672014,0.5,0.7012132006134403,2408,0.28256277869044827,1.0,1
"iteration_5","SCOPE_DATA_COLLECTION",1400,27,1690.0,1750.0,1,8717,5822,1954,8926,5643,1924,8696,5791,1920,24,35,41,0.0027522935779816515,0.0060075523515276345,0.020907700152983173,0.31815780861399046,0.6130952386844555,0.9639350617916462,0.6363156172279809,0.6130952386844555,0.6426233745277642,0.2666743330266789,0.31359005353134173,0.3020833333333333,97.5,100.0,5375,8878,2240,88,12,0,0.016372093023255815,0.0013516557783284523,0.0,0.8,0.7000000000000001,0.30000000000000004,0.8,45.0,30.0,35.0,0.9,0.7000000000000001,0.30000000000000004,0.9,45.0,40.0,35.0,5693,5471,222,5693,0.03899525733356754,0.6486741427689925,1.0,0.6486741427689925,1761,0.32187899835496253,1.0,1
"iteration_5","SCOPE_DATA_COLLECTION",1400,27,1690.0,1750.0,2,8717,5822,1954,8926,5643,1924,8696,5791,1920,24,35,41,0.0027522935779816515,0.0060075523515276345,0.020907700152983173,0.31815780861399046,0.6130952386844555,0.9639350617916462,0.6363156172279809,0.6130952386844555,0.6426233745277642,0.2666743330266789,0.31359005353134173,0.3020833333333333,97.5,100.0,5375,8878,2240,88,12,0,0.016372093023255815,0.0013516557783284523,0.0,0.8,0.7000000000000001,0.30000000000000004,0.8,45.0,30.0,35.0,0.9,0.7000000000000001,0.30000000000000004,0.9,45.0,40.0,35.0,2011,1871,140,2011,0.069617105917454,1.0237394391909724,1.5,0.6824929594606483,598,0.31961517904863707,1.0,1
"iteration_5","SCOPE_DATA_COLLECTION",1400,28,1750.0,1810.0,0,8895,5693,2011,8717,5822,1954,8495,5473,1871,373,221,140,0.04206134415877312,0.03881278538812785,0.069617105917454,0.3505191273080472,0.6521258771073323,1.0260797653032212,0.7010382546160944,0.6521258771073323,0.6840531768688142,0.2836962919364332,0.32468481637127716,0.31961517904863707,100.0,100.0,5362,10104,1133,126,608,0,0.02349869451697128,0.060174188440221696,0.0,0.9,0.7000000000000001,0.30000000000000004,0.9,45.0,40.0,35.0,0.9,0.7000000000000001,0.30000000000000004,0.9,45.0,40.0,35.0,8764,8513,251,8764,0.028639890460976723,0.3376290828469356,0.5,0.6752581656938712,2313,0.27170210266651007,1.0,1
"iteration_5","SCOPE_DATA_COLLECTION",1400,28,1750.0,1810.0,1,8895,5693,2011,8717,5822,1954,8495,5473,1871,373,221,140,0.04206134415877312,0.03881278538812785,0.069617105917454,0.3505191273080472,0.6521258771073323,1.0260797653032212,0.7010382546160944,0.6521258771073323,0.6840531768688142,0.2836962919364332,0.32468481637127716,0.31961517904863707,100.0,100.0,5362,10104,1133,126,608,0,0.02349869451697128,0.060174188440221696,0.0,0.9,0.7000000000000001,0.30000000000000004,0.9,45.0,40.0,35.0,0.9,0.7000000000000001,0.30000000000000004,0.9,45.0,40.0,35.0,5700,5544,156,5700,0.02736842105263158,0.6270346767394097,1.0,0.6270346767394097,1751,0.31583694083694086,1.0,1
"iteration_5","SCOPE_DATA_COLLECTION",1400,28,1750.0,1810.0,2,8895,5693,2011,8717,5822,1954,8495,5473,1871,373,221,140,0.04206134415877312,0.03881278538812785,0.069617105917454,0.3505191273080472,0.6521258771073323,1.0260797653032212,0.7010382546160944,0.6521258771073323,0.6840531768688142,0.2836962919364332,0.32468481637127716,0.31961517904863707,100.0,100.0,5362,10104,1133,126,608,0,0.02349869451697128,0.060174188440221696,0.0,0.9,0.7000000000000001,0.30000000000000004,0.9,45.0,40.0,35.0,0.9,0.7000000000000001,0.30000000000000004,0.9,45.0,40.0,35.0,1979,1902,77,1979,0.03890853966649823,0.9946182367541636,1.5,0.6630788245027758,588,0.30914826498422715,1.0,1
"iteration_5","SCOPE_DATA_COLLECTION",1400,29,1810.0,1870.0,0,8764,5700,1979,8895,5693,2011,8529,5551,1895,251,157,77,0.0285876993166287,0.027505255781359494,0.03904665314401623,0.337713853625634,0.626304107950037,0.9941320844332014,0.675427707251268,0.626304107950037,0.6627547229554677,0.2707234142337906,0.3147180688164295,0.30976253298153034,100.0,100.0,5365,9964,1114,97,388,0,0.018080149114631874,0.03894018466479326,0.0,0.9,0.7000000000000001,0.30000000000000004,0.9,45.0,40.0,35.0,0.4,0.8,0.2,0.2,55.0,80.0,55.0,8586,5195,3391,8586,0.39494525972513395,0.41889674887308986,0.5,0.8377934977461797,2202,0.42386910490856594,1.0,1
"iteration_5","SCOPE_DATA_COLLECTION",1400,29,1810.0,1870.0,1,8764,5700,1979,8895,5693,2011,8529,5551,1895,251,157,77,0.0285876993166287,0.027505255781359494,0.03904665314401623,0.337713853625634,0.626304107950037,0.9941320844332014,0.675427707251268,0.626304107950037,0.6627547229554677,0.2707234142337906,0.3147180688164295,0.30976253298153034,100.0,100.0,5365,9964,1114,97,388,0,0.018080149114631874,0.03894018466479326,0.0,0.9,0.7000000000000001,0.30000000000000004,0.9,45.0,40.0,35.0,0.4,0.8,0.2,0.2,55.0,80.0,55.0,5665,3368,2297,5665,0.4054721977052074,0.8376469001047704,1.0,0.8376469001047704,1719,0.5103919239904988,1.0,1
"iteration_5","SCOPE_DATA_COLLECTION",1400,29,1810.0,1870.0,2,8764,5700,1979,8895,5693,2011,8529,5551,1895,251,157,77,0.0285876993166287,0.027505255781359494,0.03904665314401623,0.337713853625634,0.626304107950037,0.9941320844332014,0.675427707251268,0.626304107950037,0.6627547229554677,0.2707234142337906,0.3147180688164295,0.30976253298153034,100.0,100.0,5365,9964,1114,97,388,0,0.018080149114631874,0.03894018466479326,0.0,0.9,0.7000000000000001,0.30000000000000004,0.9,45.0,40.0,35.0,0.4,0.8,0.2,0.2,55.0,80.0,55.0,1929,1121,808,1929,0.4188698807672369,1.3686515748715198,1.5,0.9124343832476799,600,0.5352363960749331,1.0,1
"iteration_5","SCOPE_DATA_COLLECTION",1400,30,1870.0,1930.0,0,8586,5665,1929,8764,5700,1979,5193,3375,1136,3391,2297,808,0.39503727865796834,0.40497179125528915,0.4156378600823045,0.4159896801300158,0.8345568852479242,1.3636438395635448,0.8319793602600316,0.8345568852479242,0.9090958930423633,0.42075871365299444,0.5090370370370371,0.5325704225352113,100.0,100.0,5197,4472,6511,60,2,6434,0.011545122185876467,4.472271914132379E-4,0.9881738596221779,0.4,0.8,0.2,0.2,55.0,80.0,55.0,0.5,0.7000000000000001,0.2,0.2,65.0,80.0,65.0,8836,6364,2472,8836,0.27976459936622905,0.4361592051904343,0.5,0.8723184103808685,2527,0.39707730986800754,1.0,1
"iteration_5","SCOPE_DATA_COLLECTION",1400,30,1870.0,1930.0,1,8586,5665,1929,8764,5700,1979,5193,3375,1136,3391,2297,808,0.39503727865796834,0.40497179125528915,0.4156378600823045,0.4159896801300158,0.8345568852479242,1.3636438395635448,0.8319793602600316,0.8345568852479242,0.9090958930423633,0.42075871365299444,0.5090370370370371,0.5325704225352113,100.0,100.0,5197,4472,6511,60,2,6434,0.011545122185876467,4.472271914132379E-4,0.9881738596221779,0.4,0.8,0.2,0.2,55.0,80.0,55.0,0.5,0.7000000000000001,0.2,0.2,65.0,80.0,65.0,5630,4062,1568,5630,0.2785079928952043,0.7921895210525863,1.0,0.7921895210525863,1811,0.44583948793697686,1.0,1
"iteration_5","SCOPE_DATA_COLLECTION",1400,30,1870.0,1930.0,2,8586,5665,1929,8764,5700,1979,5193,3375,1136,3391,2297,808,0.39503727865796834,0.40497179125528915,0.4156378600823045,0.4159896801300158,0.8345568852479242,1.3636438395635448,0.8319793602600316,0.8345568852479242,0.9090958930423633,0.42075871365299444,0.5090370370370371,0.5325704225352113,100.0,100.0,5197,4472,6511,60,2,6434,0.011545122185876467,4.472271914132379E-4,0.9881738596221779,0.4,0.8,0.2,0.2,55.0,80.0,55.0,0.5,0.7000000000000001,0.2,0.2,65.0,80.0,65.0,2013,1415,598,2013,0.29706905116741184,1.2836295093576013,1.5,0.8557530062384009,665,0.46996466431095407,1.0,1
"iteration_5","SCOPE_DATA_COLLECTION",1400,31,1930.0,1990.0,0,8836,5630,2013,8586,5665,1929,6377,4058,1405,2472,1568,598,0.27935359927675446,0.2787060078208318,0.2985521717423864,0.4384258842543395,0.7924512418289076,1.2773511928340358,0.876851768508679,0.7924512418289076,0.8515674618893572,0.3994041085149757,0.44553967471660916,0.46548042704626336,97.5,100.0,5229,5633,5617,67,8,4563,0.012813157391470644,0.0014202023788389845,0.8123553498308705,0.5,0.7000000000000001,0.2,0.2,65.0,80.0,65.0,0.5,0.7000000000000001,0.2,0.2,65.0,80.0,65.0,8668,6349,2319,8668,0.2675357637286571,0.409966592349909,0.5,0.819933184699818,2361,0.3718695857615372,1.0,1
"iteration_5","SCOPE_DATA_COLLECTION",1400,31,1930.0,1990.0,1,8836,5630,2013,8586,5665,1929,6377,4058,1405,2472,1568,598,0.27935359927675446,0.2787060078208318,0.2985521717423864,0.4384258842543395,0.7924512418289076,1.2773511928340358,0.876851768508679,0.7924512418289076,0.8515674618893572,0.3994041085149757,0.44553967471660916,0.46548042704626336,97.5,100.0,5229,5633,5617,67,8,4563,0.012813157391470644,0.0014202023788389845,0.8123553498308705,0.5,0.7000000000000001,0.2,0.2,65.0,80.0,65.0,0.5,0.7000000000000001,0.2,0.2,65.0,80.0,65.0,5564,4110,1454,5564,0.26132278936017256,0.7335691344768841,1.0,0.7335691344768841,1692,0.4116788321167883,1.0,1
"iteration_5","SCOPE_DATA_COLLECTION",1400,31,1930.0,1990.0,2,8836,5630,2013,8586,5665,1929,6377,4058,1405,2472,1568,598,0.27935359927675446,0.2787060078208318,0.2985521717423864,0.4384258842543395,0.7924512418289076,1.2773511928340358,0.876851768508679,0.7924512418289076,0.8515674618893572,0.3994041085149757,0.44553967471660916,0.46548042704626336,97.5,100.0,5229,5633,5617,67,8,4563,0.012813157391470644,0.0014202023788389845,0.8123553498308705,0.5,0.7000000000000001,0.2,0.2,65.0,80.0,65.0,0.5,0.7000000000000001,0.2,0.2,65.0,80.0,65.0,1982,1410,572,1982,0.2885973763874874,1.212130136001888,1.5,0.8080867573345919,619,0.4390070921985816,1.0,1
"iteration_5","SCOPE_DATA_COLLECTION",1400,32,1990.0,2050.0,0,8668,5564,1982,8836,5630,2013,6334,4092,1407,2319,1454,572,0.2679995377325783,0.26217093400649116,0.2890348660939869,0.40965520063184374,0.7348131014309864,1.2212331162599255,0.8193104012636875,0.7348131014309864,0.8141554108399504,0.3724344805809915,0.41348973607038125,0.44420753375977257,100.0,100.0,5152,5493,5569,49,3,4293,0.009510869565217392,5.461496450027307E-4,0.7708744837493267,0.5,0.7000000000000001,0.2,0.2,65.0,80.0,65.0,0.05,0.9,0.30000000000000004,0.8,35.0,85.0,35.0,8821,3213,5608,8821,0.6357555832672033,0.63642173511499,0.5,1.27284347022998,2248,0.6996576408341114,1.0,1
"iteration_5","SCOPE_DATA_COLLECTION",1400,32,1990.0,2050.0,1,8668,5564,1982,8836,5630,2013,6334,4092,1407,2319,1454,572,0.2679995377325783,0.26217093400649116,0.2890348660939869,0.40965520063184374,0.7348131014309864,1.2212331162599255,0.8193104012636875,0.7348131014309864,0.8141554108399504,0.3724344805809915,0.41348973607038125,0.44420753375977257,100.0,100.0,5152,5493,5569,49,3,4293,0.009510869565217392,5.461496450027307E-4,0.7708744837493267,0.5,0.7000000000000001,0.2,0.2,65.0,80.0,65.0,0.05,0.9,0.30000000000000004,0.8,35.0,85.0,35.0,5586,1974,3612,5586,0.6466165413533834,1.2689817800878236,1.0,1.2689817800878236,1703,0.8627152988855117,1.0,1
"iteration_5","SCOPE_DATA_COLLECTION",1400,32,1990.0,2050.0,2,8668,5564,1982,8836,5630,2013,6334,4092,1407,2319,1454,572,0.2679995377325783,0.26217093400649116,0.2890348660939869,0.40965520063184374,0.7348131014309864,1.2212331162599255,0.8193104012636875,0.7348131014309864,0.8141554108399504,0.3724344805809915,0.41348973607038125,0.44420753375977257,100.0,100.0,5152,5493,5569,49,3,4293,0.009510869565217392,5.461496450027307E-4,0.7708744837493267,0.5,0.7000000000000001,0.2,0.2,65.0,80.0,65.0,0.05,0.9,0.30000000000000004,0.8,35.0,85.0,35.0,1951,671,1280,1951,0.6560738083034341,2.132136521715107,1.5,1.4214243478100714,606,0.9031296572280179,1.0,1
"iteration_5","SCOPE_DATA_COLLECTION",1400,33,2050.0,2110.0,0,8821,5586,1951,8668,5564,1982,3224,2013,678,5608,3612,1280,0.634963768115942,0.6421333333333333,0.6537282941777324,0.6344222379355536,1.2622704978044108,2.102469376362261,1.2688444758711073,1.2622704978044108,1.401646250908174,0.6950992555831266,0.8539493293591655,0.887905604719764,100.0,100.0,5397,555,10406,93,1,10406,0.017231795441912175,0.0018018018018018018,1.0,0.05,0.9,0.30000000000000004,0.8,35.0,85.0,35.0,0.05,0.9,0.30000000000000004,0.8,35.0,85.0,35.0,8737,3062,5675,8737,0.649536454160467,0.6220199917173254,0.5,1.2440399834346507,2075,0.6776616590463749,1.0,1
"iteration_5","SCOPE_DATA_COLLECTION",1400,33,2050.0,2110.0,1,8821,5586,1951,8668,5564,1982,3224,2013,678,5608,3612,1280,0.634963768115942,0.6421333333333333,0.6537282941777324,0.6344222379355536,1.2622704978044108,2.102469376362261,1.2688444758711073,1.2622704978044108,1.401646250908174,0.6950992555831266,0.8539493293591655,0.887905604719764,100.0,100.0,5397,555,10406,93,1,10406,0.017231795441912175,0.0018018018018018018,1.0,0.05,0.9,0.30000000000000004,0.8,35.0,85.0,35.0,0.05,0.9,0.30000000000000004,0.8,35.0,85.0,35.0,5732,2119,3613,5732,0.630321004884857,1.252900633260851,1.0,1.252900633260851,1816,0.8570080226521944,1.0,1
"iteration_5","SCOPE_DATA_COLLECTION",1400,33,2050.0,2110.0,2,8821,5586,1951,8668,5564,1982,3224,2013,678,5608,3612,1280,0.634963768115942,0.6421333333333333,0.6537282941777324,0.6344222379355536,1.2622704978044108,2.102469376362261,1.2688444758711073,1.2622704978044108,1.401646250908174,0.6950992555831266,0.8539493293591655,0.887905604719764,100.0,100.0,5397,555,10406,93,1,10406,0.017231795441912175,0.0018018018018018018,1.0,0.05,0.9,0.30000000000000004,0.8,35.0,85.0,35.0,0.05,0.9,0.30000000000000004,0.8,35.0,85.0,35.0,1922,637,1285,1922,0.6685744016649323,2.0973748549884768,1.5,1.3982499033256512,564,0.8854003139717426,1.0,1
"iteration_5","SCOPE_DATA_COLLECTION",1400,34,2110.0,2170.0,0,8737,5732,1922,8821,5586,1951,3064,2090,644,5675,3613,1285,0.6493878018079872,0.6335262142731896,0.6661482633488854,0.6206802138346933,1.2481221618000908,2.097773010806785,1.2413604276693866,1.2481221618000908,1.3985153405378565,0.6755874673629243,0.8559808612440192,0.8866459627329193,100.0,100.0,5332,577,10482,91,0,10482,0.017066766691672917,0.0,1.0,0.05,0.9,0.30000000000000004,0.8,35.0,85.0,35.0,0.05,0.9,0.4,0.7000000000000001,45.0,85.0,25.0,8756,3044,5712,8756,0.652352672453175,0.6358643632586418,0.5,1.2717287265172836,2119,0.6961235216819974,1.0,1
"iteration_5","SCOPE_DATA_COLLECTION",1400,34,2110.0,2170.0,1,8737,5732,1922,8821,5586,1951,3064,2090,644,5675,3613,1285,0.6493878018079872,0.6335262142731896,0.6661482633488854,0.6206802138346933,1.2481221618000908,2.097773010806785,1.2413604276693866,1.2481221618000908,1.3985153405378565,0.6755874673629243,0.8559808612440192,0.8866459627329193,100.0,100.0,5332,577,10482,91,0,10482,0.017066766691672917,0.0,1.0,0.05,0.9,0.30000000000000004,0.8,35.0,85.0,35.0,0.05,0.9,0.4,0.7000000000000001,45.0,85.0,25.0,5823,2031,3792,5823,0.6512107161257084,1.3080384696562144,1.0,1.3080384696562144,1762,0.8675529295913343,1.0,1
"iteration_5","SCOPE_DATA_COLLECTION",1400,34,2110.0,2170.0,2,8737,5732,1922,8821,5586,1951,3064,2090,644,5675,3613,1285,0.6493878018079872,0.6335262142731896,0.6661482633488854,0.6206802138346933,1.2481221618000908,2.097773010806785,1.2413604276693866,1.2481221618000908,1.3985153405378565,0.6755874673629243,0.8559808612440192,0.8866459627329193,100.0,100.0,5332,577,10482,91,0,10482,0.017066766691672917,0.0,1.0,0.05,0.9,0.30000000000000004,0.8,35.0,85.0,35.0,0.05,0.9,0.4,0.7000000000000001,45.0,85.0,25.0,2001,662,1339,2001,0.6691654172913544,2.122630851125313,1.5,1.4150872340835419,593,0.8957703927492447,1.0,1
"iteration_5","SCOPE_DATA_COLLECTION",1400,35,2170.0,2230.0,0,8756,5823,2001,8737,5732,1922,3038,2037,663,5712,3792,1339,0.6528,0.6505404014410705,0.6688311688311688,0.6346623063010617,1.3064039597691506,2.1210107446127884,1.2693246126021234,1.3064039597691506,1.4140071630751923,0.695852534562212,0.8669612174766814,0.8959276018099548,100.0,100.0,5277,566,10737,106,0,10737,0.020087170740951298,0.0,1.0,0.05,0.9,0.4,0.7000000000000001,45.0,85.0,25.0,0.15000000000000002,0.9,0.4,0.7000000000000001,55.0,75.0,35.0,8749,3699,5050,8749,0.5772088238655846,0.5644503040592485,0.5,1.128900608118497,2258,0.6104352527710192,1.0,1
"iteration_5","SCOPE_DATA_COLLECTION",1400,35,2170.0,2230.0,1,8756,5823,2001,8737,5732,1922,3038,2037,663,5712,3792,1339,0.6528,0.6505404014410705,0.6688311688311688,0.6346623063010617,1.3064039597691506,2.1210107446127884,1.2693246126021234,1.3064039597691506,1.4140071630751923,0.695852534562212,0.8669612174766814,0.8959276018099548,100.0,100.0,5277,566,10737,106,0,10737,0.020087170740951298,0.0,1.0,0.05,0.9,0.4,0.7000000000000001,45.0,85.0,25.0,0.15000000000000002,0.9,0.4,0.7000000000000001,55.0,75.0,35.0,5699,2410,3289,5699,0.5771187927706615,1.1534489744232284,1.0,1.1534489744232284,1762,0.7311203319502074,1.0,1
"iteration_5","SCOPE_DATA_COLLECTION",1400,35,2170.0,2230.0,2,8756,5823,2001,8737,5732,1922,3038,2037,663,5712,3792,1339,0.6528,0.6505404014410705,0.6688311688311688,0.6346623063010617,1.3064039597691506,2.1210107446127884,1.2693246126021234,1.3064039597691506,1.4140071630751923,0.695852534562212,0.8669612174766814,0.8959276018099548,100.0,100.0,5277,566,10737,106,0,10737,0.020087170740951298,0.0,1.0,0.05,0.9,0.4,0.7000000000000001,45.0,85.0,25.0,0.15000000000000002,0.9,0.4,0.7000000000000001,55.0,75.0,35.0,1913,770,1143,1913,0.5974908520648197,1.8711908830214465,1.5,1.2474605886809644,590,0.7662337662337663,1.0,1
"iteration_5","SCOPE_DATA_COLLECTION",1400,36,2230.0,2290.0,0,8749,5699,1913,8756,5823,2001,3728,2409,769,5050,3289,1143,0.5753018910913648,0.5772200772200772,0.5978033472803347,0.5665049351446511,1.1529324896535798,1.8752356758704227,1.1330098702893021,1.1529324896535798,1.2501571172469486,0.6140021459227468,0.7314238273142383,0.7659297789336801,100.0,100.0,5387,1619,9355,126,1,9355,0.02338964173009096,6.176652254478073E-4,1.0,0.15000000000000002,0.9,0.4,0.7000000000000001,55.0,75.0,35.0,0.25,0.9,0.1,0.5,30.0,90.0,40.0,8710,4249,4461,8710,0.5121699196326062,0.49729186734459435,0.5,0.9945837346891887,2245,0.5283596140268298,1.0,1
"iteration_5","SCOPE_DATA_COLLECTION",1400,36,2230.0,2290.0,1,8749,5699,1913,8756,5823,2001,3728,2409,769,5050,3289,1143,0.5753018910913648,0.5772200772200772,0.5978033472803347,0.5665049351446511,1.1529324896535798,1.8752356758704227,1.1330098702893021,1.1529324896535798,1.2501571172469486,0.6140021459227468,0.7314238273142383,0.7659297789336801,100.0,100.0,5387,1619,9355,126,1,9355,0.02338964173009096,6.176652254478073E-4,1.0,0.15000000000000002,0.9,0.4,0.7000000000000001,55.0,75.0,35.0,0.25,0.9,0.1,0.5,30.0,90.0,40.0,5831,2844,2987,5831,0.5122620476762133,0.9178324598392478,1.0,0.9178324598392478,1736,0.6104078762306611,1.0,1
"iteration_5","SCOPE_DATA_COLLECTION",1400,36,2230.0,2290.0,2,8749,5699,1913,8756,5823,2001,3728,2409,769,5050,3289,1143,0.5753018910913648,0.5772200772200772,0.5978033472803347,0.5665049351446511,1.1529324896535798,1.8752356758704227,1.1330098702893021,1.1529324896535798,1.2501571172469486,0.6140021459227468,0.7314238273142383,0.7659297789336801,100.0,100.0,5387,1619,9355,126,1,9355,0.02338964173009096,6.176652254478073E-4,1.0,0.15000000000000002,0.9,0.4,0.7000000000000001,55.0,75.0,35.0,0.25,0.9,0.1,0.5,30.0,90.0,40.0,1994,924,1070,1994,0.5366098294884654,1.586361937287627,1.5,1.057574624858418,590,0.6385281385281385,1.0,1
"iteration_5","SCOPE_DATA_COLLECTION",1400,37,2290.0,2350.0,0,8710,5831,1994,8749,5699,1913,4244,2865,911,4461,2987,1070,0.5124641010913268,0.5104237867395762,0.5401312468450278,0.49736651245552566,0.9277781951356732,1.580041581738667,0.9947330249110513,0.9277781951356732,1.0533610544924448,0.527803958529689,0.6146596858638743,0.6355653128430296,100.0,100.0,5260,2801,8474,44,0,8474,0.008365019011406844,0.0,1.0,0.25,0.9,0.1,0.5,30.0,90.0,40.0,0.55,0.2,0.8,0.4,60.0,95.0,80.0,8574,7277,1297,8574,0.15127128528108233,0.3869088852555187,0.5,0.7738177705110374,2510,0.34492235811460764,1.0,1
"iteration_5","SCOPE_DATA_COLLECTION",1400,37,2290.0,2350.0,1,8710,5831,1994,8749,5699,1913,4244,2865,911,4461,2987,1070,0.5124641010913268,0.5104237867395762,0.5401312468450278,0.49736651245552566,0.9277781951356732,1.580041581738667,0.9947330249110513,0.9277781951356732,1.0533610544924448,0.527803958529689,0.6146596858638743,0.6355653128430296,100.0,100.0,5260,2801,8474,44,0,8474,0.008365019011406844,0.0,1.0,0.25,0.9,0.1,0.5,30.0,90.0,40.0,0.55,0.2,0.8,0.4,60.0,95.0,80.0,5658,4698,960,5658,0.16967126193001061,0.7885261519147558,1.0,0.7885261519147558,1911,0.40676883780332057,1.0,1
"iteration_5","SCOPE_DATA_COLLECTION",1400,37,2290.0,2350.0,2,8710,5831,1994,8749,5699,1913,4244,2865,911,4461,2987,1070,0.5124641010913268,0.5104237867395762,0.5401312468450278,0.49736651245552566,0.9277781951356732,1.580041581738667,0.9947330249110513,0.9277781951356732,1.0533610544924448,0.527803958529689,0.6146596858638743,0.6355653128430296,100.0,100.0,5260,2801,8474,44,0,8474,0.008365019011406844,0.0,1.0,0.25,0.9,0.1,0.5,30.0,90.0,40.0,0.55,0.2,0.8,0.4,60.0,95.0,80.0,1922,1569,353,1922,0.18366285119667014,1.194052296174719,1.5,0.7960348641164794,631,0.4021669853409815,1.0,1
"iteration_5","SCOPE_DATA_COLLECTION",1400,38,2350.0,2410.0,0,8574,5658,1922,8710,5831,1994,7249,4661,1573,1287,950,348,0.15077319587628865,0.16931028337194795,0.18115564809994794,0.38531939499925766,0.7788009883626567,1.202032331524065,0.7706387899985153,0.7788009883626567,0.80135488768271,0.34308180438681196,0.4024887363226775,0.406865861411316,97.5,100.0,5535,5819,4800,113,7,2465,0.02041553748870822,0.0012029558343357965,0.5135416666666667,0.55,0.2,0.8,0.4,60.0,95.0,80.0,0.55,0.2,0.8,0.4,60.0,95.0,80.0,8657,7074,1583,8657,0.1828578029340418,0.3680337849341393,0.5,0.7360675698682786,2379,0.3363019508057676,1.0,1
"iteration_5","SCOPE_DATA_COLLECTION",1400,38,2350.0,2410.0,1,8574,5658,1922,8710,5831,1994,7249,4661,1573,1287,950,348,0.15077319587628865,0.16931028337194795,0.18115564809994794,0.38531939499925766,0.7788009883626567,1.202032331524065,0.7706387899985153,0.7788009883626567,0.80135488768271,0.34308180438681196,0.4024887363226775,0.406865861411316,97.5,100.0,5535,5819,4800,113,7,2465,0.02041553748870822,0.0012029558343357965,0.5135416666666667,0.55,0.2,0.8,0.4,60.0,95.0,80.0,0.55,0.2,0.8,0.4,60.0,95.0,80.0,5766,4608,1158,5766,0.2008324661810614,0.7471739611353486,1.0,0.7471739611353486,1803,0.3912760416666667,1.0,1
"iteration_5","SCOPE_DATA_COLLECTION",1400,38,2350.0,2410.0,2,8574,5658,1922,8710,5831,1994,7249,4661,1573,1287,950,348,0.15077319587628865,0.16931028337194795,0.18115564809994794,0.38531939499925766,0.7788009883626567,1.202032331524065,0.7706387899985153,0.7788009883626567,0.80135488768271,0.34308180438681196,0.4024887363226775,0.406865861411316,97.5,100.0,5535,5819,4800,113,7,2465,0.02041553748870822,0.0012029558343357965,0.5135416666666667,0.55,0.2,0.8,0.4,60.0,95.0,80.0,0.55,0.2,0.8,0.4,60.0,95.0,80.0,2019,1581,438,2019,0.21693907875185736,1.1461904353736005,1.5,0.7641269569157337,617,0.3902593295382669,1.0,1
"iteration_5","SCOPE_DATA_COLLECTION",1400,39,2410.0,2470.0,0,8657,5766,2019,8574,5658,1922,7098,4630,1589,1593,1168,443,0.1832930617880566,0.20144877543980683,0.21801181102362205,0.37073829323603097,0.7529702776546311,1.1453422474555093,0.7414765864720619,0.7529702776546311,0.7635614983036728,0.33882783882783885,0.39265658747300214,0.38955317809943363,100.0,100.0,5482,6020,4940,114,5,3085,0.020795330171470266,8.305647840531562E-4,0.6244939271255061,0.55,0.2,0.8,0.4,60.0,95.0,80.0,0.55,0.2,0.9,0.5,70.0,95.0,90.0,8793,7474,1319,8793,0.15000568634140793,0.3661890144889351,0.5,0.7323780289778702,2586,0.345999464811346,1.0,1
"iteration_5","SCOPE_DATA_COLLECTION",1400,39,2410.0,2470.0,1,8657,5766,2019,8574,5658,1922,7098,4630,1589,1593,1168,443,0.1832930617880566,0.20144877543980683,0.21801181102362205,0.37073829323603097,0.7529702776546311,1.1453422474555093,0.7414765864720619,0.7529702776546311,0.7635614983036728,0.33882783882783885,0.39265658747300214,0.38955317809943363,100.0,100.0,5482,6020,4940,114,5,3085,0.020795330171470266,8.305647840531562E-4,0.6244939271255061,0.55,0.2,0.8,0.4,60.0,95.0,80.0,0.55,0.2,0.9,0.5,70.0,95.0,90.0,5533,4642,891,5533,0.1610337972166998,0.750465656931257,1.0,0.750465656931257,1797,0.3871176217147781,1.0,1
"iteration_5","SCOPE_DATA_COLLECTION",1400,39,2410.0,2470.0,2,8657,5766,2019,8574,5658,1922,7098,4630,1589,1593,1168,443,0.1832930617880566,0.20144877543980683,0.21801181102362205,0.37073829323603097,0.7529702776546311,1.1453422474555093,0.7414765864720619,0.7529702776546311,0.7635614983036728,0.33882783882783885,0.39265658747300214,0.38955317809943363,100.0,100.0,5482,6020,4940,114,5,3085,0.020795330171470266,8.305647840531562E-4,0.6244939271255061,0.55,0.2,0.8,0.4,60.0,95.0,80.0,0.55,0.2,0.9,0.5,70.0,95.0,90.0,1931,1549,382,1931,0.1978249611600207,1.1652439287683931,1.5,0.7768292858455954,611,0.394448030987734,1.0,1
"iteration_5","SCOPE_DATA_COLLECTION",1400,40,2470.0,2530.0,0,8793,5533,1931,8657,5766,2019,7472,4627,1549,1319,891,382,0.15003981344556933,0.16147154766219646,0.1978249611600207,0.3658445441740955,0.7499824990763779,1.1649268347363704,0.731689088348191,0.7499824990763779,0.776617889824247,0.3454229122055675,0.38707585908796194,0.394448030987734,100.0,100.0,5534,5824,4899,113,7,2472,0.020419226599204914,0.001201923076923077,0.5045927740355175,0.55,0.2,0.9,0.5,70.0,95.0,90.0,0.55,0.2,0.9,0.5,70.0,95.0,90.0,8848,7426,1422,8848,0.16071428571428573,0.3750778701096506,0.5,0.7501557402193012,2325,0.31308914624293027,1.0,1
"iteration_5","SCOPE_DATA_COLLECTION",1400,40,2470.0,2530.0,1,8793,5533,1931,8657,5766,2019,7472,4627,1549,1319,891,382,0.15003981344556933,0.16147154766219646,0.1978249611600207,0.3658445441740955,0.7499824990763779,1.1649268347363704,0.731689088348191,0.7499824990763779,0.776617889824247,0.3454229122055675,0.38707585908796194,0.394448030987734,100.0,100.0,5534,5824,4899,113,7,2472,0.020419226599204914,0.001201923076923077,0.5045927740355175,0.55,0.2,0.9,0.5,70.0,95.0,90.0,0.55,0.2,0.9,0.5,70.0,95.0,90.0,5622,4676,946,5622,0.16826752045535395,0.7921367575999668,1.0,0.7921367575999668,1900,0.40633019674935844,1.0,1
"iteration_5","SCOPE_DATA_COLLECTION",1400,40,2470.0,2530.0,2,8793,5533,1931,8657,5766,2019,7472,4627,1549,1319,891,382,0.15003981344556933,0.16147154766219646,0.1978249611600207,0.3658445441740955,0.7499824990763779,1.1649268347363704,0.731689088348191,0.7499824990763779,0.776617889824247,0.3454229122055675,0.38707585908796194,0.394448030987734,100.0,100.0,5534,5824,4899,113,7,2472,0.020419226599204914,0.001201923076923077,0.5045927740355175,0.55,0.2,0.9,0.5,70.0,95.0,90.0,0.55,0.2,0.9,0.5,70.0,95.0,90.0,2002,1596,406,2002,0.20279720279720279,1.191400459569654,1.5,0.7942669730464359,649,0.4066416040100251,1.0,1
"iteration_5","SCOPE_DATA_COLLECTION",1400,41,2530.0,2590.0,0,8848,5622,2002,8793,5533,1931,7436,4672,1589,1422,946,406,0.16053285165951683,0.1683873264506942,0.20350877192982456,0.3754245971936081,0.7903753708613206,1.1867604163774021,0.7508491943872162,0.7903753708613206,0.7911736109182681,0.31387842926304466,0.40625,0.4052863436123348,100.0,100.0,5497,5987,4988,134,3,2637,0.024376932872475898,5.010856856522465E-4,0.5286688051323175,0.55,0.2,0.9,0.5,70.0,95.0,90.0,0.65,0.30000000000000004,0.9,0.4,70.0,95.0,95.0,8848,8598,250,8848,0.02825497287522604,0.3381512850521429,0.5,0.6763025701042858,2452,0.28518260060479184,1.0,1
"iteration_5","SCOPE_DATA_COLLECTION",1400,41,2530.0,2590.0,1,8848,5622,2002,8793,5533,1931,7436,4672,1589,1422,946,406,0.16053285165951683,0.1683873264506942,0.20350877192982456,0.3754245971936081,0.7903753708613206,1.1867604163774021,0.7508491943872162,0.7903753708613206,0.7911736109182681,0.31387842926304466,0.40625,0.4052863436123348,100.0,100.0,5497,5987,4988,134,3,2637,0.024376932872475898,5.010856856522465E-4,0.5286688051323175,0.55,0.2,0.9,0.5,70.0,95.0,90.0,0.65,0.30000000000000004,0.9,0.4,70.0,95.0,95.0,5655,5418,237,5655,0.04190981432360743,0.6628375431190197,1.0,0.6628375431190197,1761,0.32502768549280175,1.0,1
"iteration_5","SCOPE_DATA_COLLECTION",1400,41,2530.0,2590.0,2,8848,5622,2002,8793,5533,1931,7436,4672,1589,1422,946,406,0.16053285165951683,0.1683873264506942,0.20350877192982456,0.3754245971936081,0.7903753708613206,1.1867604163774021,0.7508491943872162,0.7903753708613206,0.7911736109182681,0.31387842926304466,0.40625,0.4052863436123348,100.0,100.0,5497,5987,4988,134,3,2637,0.024376932872475898,5.010856856522465E-4,0.5286688051323175,0.55,0.2,0.9,0.5,70.0,95.0,90.0,0.65,0.30000000000000004,0.9,0.4,70.0,95.0,95.0,2037,1924,113,2037,0.05547373588610702,1.021787969217025,1.5,0.6811919794780167,632,0.3284823284823285,1.0,1
"iteration_5","SCOPE_DATA_COLLECTION",1400,42,2590.0,2650.0,0,8848,5655,2037,8848,5622,2002,8569,5420,1920,250,237,113,0.028347885247760517,0.04189499734841789,0.05558288243974422,0.3372958486636627,0.6650996759104404,1.0309101578933353,0.6745916973273254,0.6650996759104404,0.6872734385955569,0.2834636480336095,0.32564575645756455,0.33229166666666665,100.0,100.0,5514,7174,3852,136,7,457,0.024664490388103012,9.757457485363814E-4,0.11863966770508827,0.65,0.30000000000000004,0.9,0.4,70.0,95.0,95.0,0.75,0.30000000000000004,0.9,0.30000000000000004,70.0,95.0,95.0,8617,8591,26,8617,0.003017291400719508,0.3056729929583421,0.5,0.6113459859166842,2265,0.26364800372482833,1.0,1
"iteration_5","SCOPE_DATA_COLLECTION",1400,42,2590.0,2650.0,1,8848,5655,2037,8848,5622,2002,8569,5420,1920,250,237,113,0.028347885247760517,0.04189499734841789,0.05558288243974422,0.3372958486636627,0.6650996759104404,1.0309101578933353,0.6745916973273254,0.6650996759104404,0.6872734385955569,0.2834636480336095,0.32564575645756455,0.33229166666666665,100.0,100.0,5514,7174,3852,136,7,457,0.024664490388103012,9.757457485363814E-4,0.11863966770508827,0.65,0.30000000000000004,0.9,0.4,70.0,95.0,95.0,0.75,0.30000000000000004,0.9,0.30000000000000004,70.0,95.0,95.0,5793,5731,62,5793,0.01070257206973934,0.6384176377607765,1.0,0.6384176377607765,1833,0.3198394695515617,1.0,1
"iteration_5","SCOPE_DATA_COLLECTION",1400,42,2590.0,2650.0,2,8848,5655,2037,8848,5622,2002,8569,5420,1920,250,237,113,0.028347885247760517,0.04189499734841789,0.05558288243974422,0.3372958486636627,0.6650996759104404,1.0309101578933353,0.6745916973273254,0.6650996759104404,0.6872734385955569,0.2834636480336095,0.32564575645756455,0.33229166666666665,100.0,100.0,5514,7174,3852,136,7,457,0.024664490388103012,9.757457485363814E-4,0.11863966770508827,0.65,0.30000000000000004,0.9,0.4,70.0,95.0,95.0,0.75,0.30000000000000004,0.9,0.30000000000000004,70.0,95.0,95.0,1950,1904,46,1950,0.02358974358974359,0.9861441213322811,1.5,0.6574294142215208,607,0.31880252100840334,1.0,1
"iteration_5","SCOPE_DATA_COLLECTION",1400,43,2650.0,2710.0,0,8617,5793,1950,8848,5655,2037,8612,5741,1905,26,62,46,0.003009956008335263,0.010684128898845425,0.023577652485904665,0.30707836662346005,0.6394998950036883,0.9816659761707958,0.6141567332469201,0.6394998950036883,0.6544439841138638,0.26614026939154667,0.31997909771816757,0.3165354330708661,100.0,100.0,5409,8121,2830,126,8,0,0.02329450915141431,9.851003570988794E-4,0.0,0.75,0.30000000000000004,0.9,0.30000000000000004,70.0,95.0,95.0,0.8500000000000001,0.30000000000000004,0.8,0.4,80.0,85.0,95.0,8620,8427,193,8620,0.022389791183294663,0.3159207967198216,0.5,0.6318415934396432,2174,0.2579803014121277,1.0,1
"iteration_5","SCOPE_DATA_COLLECTION",1400,43,2650.0,2710.0,1,8617,5793,1950,8848,5655,2037,8612,5741,1905,26,62,46,0.003009956008335263,0.010684128898845425,0.023577652485904665,0.30707836662346005,0.6394998950036883,0.9816659761707958,0.6141567332469201,0.6394998950036883,0.6544439841138638,0.26614026939154667,0.31997909771816757,0.3165354330708661,100.0,100.0,5409,8121,2830,126,8,0,0.02329450915141431,9.851003570988794E-4,0.0,0.75,0.30000000000000004,0.9,0.30000000000000004,70.0,95.0,95.0,0.8500000000000001,0.30000000000000004,0.8,0.4,80.0,85.0,95.0,5724,5550,174,5724,0.03039832285115304,0.6630834120657227,1.0,0.6630834120657227,1910,0.3441441441441441,1.0,1
"iteration_5","SCOPE_DATA_COLLECTION",1400,43,2650.0,2710.0,2,8617,5793,1950,8848,5655,2037,8612,5741,1905,26,62,46,0.003009956008335263,0.010684128898845425,0.023577652485904665,0.30707836662346005,0.6394998950036883,0.9816659761707958,0.6141567332469201,0.6394998950036883,0.6544439841138638,0.26614026939154667,0.31997909771816757,0.3165354330708661,100.0,100.0,5409,8121,2830,126,8,0,0.02329450915141431,9.851003570988794E-4,0.0,0.75,0.30000000000000004,0.9,0.30000000000000004,70.0,95.0,95.0,0.8500000000000001,0.30000000000000004,0.8,0.4,80.0,85.0,95.0,1956,1878,78,1956,0.03987730061349693,0.9748347978637159,1.5,0.6498898652424773,581,0.3093716719914803,1.0,1
"iteration_5","SCOPE_DATA_COLLECTION",1400,44,2710.0,2770.0,0,8620,5724,1956,8617,5793,1950,8418,5532,1878,193,174,78,0.0224131924282894,0.030494216614090432,0.03987730061349693,0.3154347060424562,0.6625324770015459,0.9756705805577907,0.6308694120849124,0.6625324770015459,0.6504470537051937,0.25706818721786645,0.34417932031814896,0.3104366347177849,100.0,100.0,5484,9184,1632,120,325,0,0.02188183807439825,0.03538763066202091,0.0,0.8500000000000001,0.30000000000000004,0.8,0.4,80.0,85.0,95.0,0.05,0.7000000000000001,0.2,0.6000000000000001,45.0,40.0,30.0,8601,3106,5495,8601,0.6388792000930125,0.6200918447023225,0.5,1.240183689404645,2112,0.6799742433998712,1.0,1
"iteration_5","SCOPE_DATA_COLLECTION",1400,44,2710.0,2770.0,1,8620,5724,1956,8617,5793,1950,8418,5532,1878,193,174,78,0.0224131924282894,0.030494216614090432,0.03987730061349693,0.3154347060424562,0.6625324770015459,0.9756705805577907,0.6308694120849124,0.6625324770015459,0.6504470537051937,0.25706818721786645,0.34417932031814896,0.3104366347177849,100.0,100.0,5484,9184,1632,120,325,0,0.02188183807439825,0.03538763066202091,0.0,0.8500000000000001,0.30000000000000004,0.8,0.4,80.0,85.0,95.0,0.05,0.7000000000000001,0.2,0.6000000000000001,45.0,40.0,30.0,5607,2010,3597,5607,0.6415195291599786,1.2334721290714896,1.0,1.2334721290714896,1731,0.8611940298507462,1.0,1
"iteration_5","SCOPE_DATA_COLLECTION",1400,44,2710.0,2770.0,2,8620,5724,1956,8617,5793,1950,8418,5532,1878,193,174,78,0.0224131924282894,0.030494216614090432,0.03987730061349693,0.3154347060424562,0.6625324770015459,0.9756705805577907,0.6308694120849124,0.6625324770015459,0.6504470537051937,0.25706818721786645,0.34417932031814896,0.3104366347177849,100.0,100.0,5484,9184,1632,120,325,0,0.02188183807439825,0.03538763066202091,0.0,0.8500000000000001,0.30000000000000004,0.8,0.4,80.0,85.0,95.0,0.05,0.7000000000000001,0.2,0.6000000000000001,45.0,40.0,30.0,2015,664,1351,2015,0.6704714640198511,2.0840876444960585,1.5,1.3893917629973724,592,0.891566265060241,1.0,1
"iteration_5","SCOPE_DATA_COLLECTION",1400,45,2770.0,2830.0,0,8601,5607,2015,8620,5724,1956,3103,2035,683,5495,3597,1351,0.6391021167713422,0.638671875,0.6642084562438545,0.6165150884411351,1.2270240150016898,2.068658388478373,1.2330301768822702,1.2270240150016898,1.3791055923189155,0.676442152755398,0.8540540540540541,0.8799414348462665,100.0,100.0,5245,540,10438,69,3,10371,0.01315538608198284,0.005555555555555556,0.9935811458133742,0.05,0.7000000000000001,0.2,0.6000000000000001,45.0,40.0,30.0,0.05,0.7000000000000001,0.1,0.7000000000000001,35.0,50.0,40.0,8809,3236,5573,8809,0.6326484277443524,0.6365296487851235,0.5,1.273059297570247,2291,0.707972805933251,1.0,1
"iteration_5","SCOPE_DATA_COLLECTION",1400,45,2770.0,2830.0,1,8601,5607,2015,8620,5724,1956,3103,2035,683,5495,3597,1351,0.6391021167713422,0.638671875,0.6642084562438545,0.6165150884411351,1.2270240150016898,2.068658388478373,1.2330301768822702,1.2270240150016898,1.3791055923189155,0.676442152755398,0.8540540540540541,0.8799414348462665,100.0,100.0,5245,540,10438,69,3,10371,0.01315538608198284,0.005555555555555556,0.9935811458133742,0.05,0.7000000000000001,0.2,0.6000000000000001,45.0,40.0,30.0,0.05,0.7000000000000001,0.1,0.7000000000000001,35.0,50.0,40.0,5721,2037,3684,5721,0.6439433665443104,1.139214370604513,1.0,1.139214370604513,1673,0.8213058419243986,1.0,1
"iteration_5","SCOPE_DATA_COLLECTION",1400,45,2770.0,2830.0,2,8601,5607,2015,8620,5724,1956,3103,2035,683,5495,3597,1351,0.6391021167713422,0.638671875,0.6642084562438545,0.6165150884411351,1.2270240150016898,2.068658388478373,1.2330301768822702,1.2270240150016898,1.3791055923189155,0.676442152755398,0.8540540540540541,0.8799414348462665,100.0,100.0,5245,540,10438,69,3,10371,0.01315538608198284,0.005555555555555556,0.9935811458133742,0.05,0.7000000000000001,0.2,0.6000000000000001,45.0,40.0,30.0,0.05,0.7000000000000001,0.1,0.7000000000000001,35.0,50.0,40.0,1952,626,1326,1952,0.6793032786885246,2.076839476568552,1.5,1.3845596510457012,564,0.9009584664536742,1.0,1
"iteration_5","SCOPE_DATA_COLLECTION",1400,46,2830.0,2890.0,0,8809,5721,1952,8601,5607,2015,3246,2045,617,5573,3684,1326,0.6319310579430775,0.6430441612846919,0.6824498198661864,0.6356908776903631,1.1423206278295557,2.0712883082030604,1.2713817553807263,1.1423206278295557,1.3808588721353736,0.707332101047443,0.8229828850855746,0.899513776337115,100.0,100.0,5393,570,10519,61,3,10519,0.011310958650101984,0.005263157894736842,1.0,0.05,0.7000000000000001,0.1,0.7000000000000001,35.0,50.0,40.0,0.05,0.6000000000000001,0.2,0.8,25.0,60.0,50.0,8750,3055,5695,8750,0.6508571428571429,0.6216179122356642,0.5,1.2432358244713284,2140,0.7004909983633388,1.0,1
"iteration_5","SCOPE_DATA_COLLECTION",1400,46,2830.0,2890.0,1,8809,5721,1952,8601,5607,2015,3246,2045,617,5573,3684,1326,0.6319310579430775,0.6430441612846919,0.6824498198661864,0.6356908776903631,1.1423206278295557,2.0712883082030604,1.2713817553807263,1.1423206278295557,1.3808588721353736,0.707332101047443,0.8229828850855746,0.899513776337115,100.0,100.0,5393,570,10519,61,3,10519,0.011310958650101984,0.005263157894736842,1.0,0.05,0.7000000000000001,0.1,0.7000000000000001,35.0,50.0,40.0,0.05,0.6000000000000001,0.2,0.8,25.0,60.0,50.0,5628,2007,3621,5628,0.6433901918976546,1.249460751750466,1.0,1.249460751750466,1748,0.8709516691579472,1.0,1
"iteration_5","SCOPE_DATA_COLLECTION",1400,46,2830.0,2890.0,2,8809,5721,1952,8601,5607,2015,3246,2045,617,5573,3684,1326,0.6319310579430775,0.6430441612846919,0.6824498198661864,0.6356908776903631,1.1423206278295557,2.0712883082030604,1.2713817553807263,1.1423206278295557,1.3808588721353736,0.707332101047443,0.8229828850855746,0.899513776337115,100.0,100.0,5393,570,10519,61,3,10519,0.011310958650101984,0.005263157894736842,1.0,0.05,0.7000000000000001,0.1,0.7000000000000001,35.0,50.0,40.0,0.05,0.6000000000000001,0.2,0.8,25.0,60.0,50.0,1983,659,1324,1983,0.6676752395360565,2.137532317525781,1.5,1.4250215450171873,603,0.9150227617602428,1.0,1
"iteration_5","SCOPE_DATA_COLLECTION",1400,47,2890.0,2950.0,0,8750,5628,1983,8809,5721,1952,3063,2018,651,5695,3621,1324,0.650262617035853,0.6421351303422592,0.670379746835443,0.623367960617055,1.2468874078686083,2.1340350626000504,1.24673592123411,1.2468874078686083,1.422690041733367,0.7019262161279791,0.8696729435084242,0.9139784946236559,95.0,100.0,5270,529,10562,76,2,10562,0.014421252371916509,0.003780718336483932,1.0,0.05,0.6000000000000001,0.2,0.8,25.0,60.0,50.0,0.25,0.4,0.2,0.6000000000000001,90.0,80.0,40.0,8650,4242,4408,8650,0.5095953757225433,0.486908471178279,0.5,0.973816942356558,2223,0.5240452616690241,1.0,1
"iteration_5","SCOPE_DATA_COLLECTION",1400,47,2890.0,2950.0,1,8750,5628,1983,8809,5721,1952,3063,2018,651,5695,3621,1324,0.650262617035853,0.6421351303422592,0.670379746835443,0.623367960617055,1.2468874078686083,2.1340350626000504,1.24673592123411,1.2468874078686083,1.422690041733367,0.7019262161279791,0.8696729435084242,0.9139784946236559,95.0,100.0,5270,529,10562,76,2,10562,0.014421252371916509,0.003780718336483932,1.0,0.05,0.6000000000000001,0.2,0.8,25.0,60.0,50.0,0.25,0.4,0.2,0.6000000000000001,90.0,80.0,40.0,5641,2816,2825,5641,0.5007977308987768,0.9844247440549676,1.0,0.9844247440549676,1795,0.6374289772727273,1.0,1
"iteration_5","SCOPE_DATA_COLLECTION",1400,47,2890.0,2950.0,2,8750,5628,1983,8809,5721,1952,3063,2018,651,5695,3621,1324,0.650262617035853,0.6421351303422592,0.670379746835443,0.623367960617055,1.2468874078686083,2.1340350626000504,1.24673592123411,1.2468874078686083,1.422690041733367,0.7019262161279791,0.8696729435084242,0.9139784946236559,95.0,100.0,5270,529,10562,76,2,10562,0.014421252371916509,0.003780718336483932,1.0,0.05,0.6000000000000001,0.2,0.8,25.0,60.0,50.0,0.25,0.4,0.2,0.6000000000000001,90.0,80.0,40.0,1935,916,1019,1935,0.5266149870801033,1.6251971338165156,1.5,1.083464755877677,599,0.6539301310043668,1.0,1
"iteration_5","SCOPE_DATA_COLLECTION",1400,48,2950.0,3010.0,0,8650,5641,1935,8750,5628,1983,4219,2783,929,4408,2825,1019,0.5109539816854063,0.5037446504992867,0.5231006160164271,0.4847670563617952,0.9797404465554268,1.6361715311454743,0.9695341127235904,0.9797404465554268,1.0907810207636495,0.5216876036975586,0.6345670140136543,0.6598493003229279,97.5,100.0,5360,2695,8171,80,1,8171,0.014925373134328358,3.7105751391465676E-4,1.0,0.25,0.4,0.2,0.6000000000000001,90.0,80.0,40.0,0.35000000000000003,0.30000000000000004,0.1,0.7000000000000001,95.0,90.0,50.0,8721,4813,3908,8721,0.44811374842334595,0.41210028172166213,0.5,0.8242005634433243,2051,0.426137544151257,1.0,1
"iteration_5","SCOPE_DATA_COLLECTION",1400,48,2950.0,3010.0,1,8650,5641,1935,8750,5628,1983,4219,2783,929,4408,2825,1019,0.5109539816854063,0.5037446504992867,0.5231006160164271,0.4847670563617952,0.9797404465554268,1.6361715311454743,0.9695341127235904,0.9797404465554268,1.0907810207636495,0.5216876036975586,0.6345670140136543,0.6598493003229279,97.5,100.0,5360,2695,8171,80,1,8171,0.014925373134328358,3.7105751391465676E-4,1.0,0.25,0.4,0.2,0.6000000000000001,90.0,80.0,40.0,0.35000000000000003,0.30000000000000004,0.1,0.7000000000000001,95.0,90.0,50.0,5670,3189,2481,5670,0.43756613756613755,0.8235839269633674,1.0,0.8235839269633674,1723,0.5402947632486673,1.0,1
"iteration_5","SCOPE_DATA_COLLECTION",1400,48,2950.0,3010.0,2,8650,5641,1935,8750,5628,1983,4219,2783,929,4408,2825,1019,0.5109539816854063,0.5037446504992867,0.5231006160164271,0.4847670563617952,0.9797404465554268,1.6361715311454743,0.9695341127235904,0.9797404465554268,1.0907810207636495,0.5216876036975586,0.6345670140136543,0.6598493003229279,97.5,100.0,5360,2695,8171,80,1,8171,0.014925373134328358,3.7105751391465676E-4,1.0,0.25,0.4,0.2,0.6000000000000001,90.0,80.0,40.0,0.35000000000000003,0.30000000000000004,0.1,0.7000000000000001,95.0,90.0,50.0,1946,1061,885,1946,0.45477903391572455,1.4280053853575347,1.5,0.9520035902383565,606,0.5711592836946278,1.0,1
"iteration_5","SCOPE_DATA_COLLECTION",1400,49,3010.0,3070.0,0,8721,5670,1946,8650,5641,1935,4840,3189,1054,3908,2481,885,0.4467306812985825,0.43756613756613755,0.4564208354822073,0.414690640173047,0.827206760730552,1.4263252960590016,0.829381280346094,0.827206760730552,0.9508835307060011,0.4297520661157025,0.541862652869238,0.5702087286527514,100.0,100.0,5232,3881,7224,47,3,7224,0.008983180428134556,7.729966503478485E-4,1.0,0.35000000000000003,0.30000000000000004,0.1,0.7000000000000001,95.0,90.0,50.0,0.8,0.9,0.8,0.9,35.0,95.0,50.0,8684,8536,148,8684,0.01704283740211884,0.32368269190069743,0.5,0.6473653838013949,2246,0.26312089971883784,1.0,1
"iteration_5","SCOPE_DATA_COLLECTION",1400,49,3010.0,3070.0,1,8721,5670,1946,8650,5641,1935,4840,3189,1054,3908,2481,885,0.4467306812985825,0.43756613756613755,0.4564208354822073,0.414690640173047,0.827206760730552,1.4263252960590016,0.829381280346094,0.827206760730552,0.9508835307060011,0.4297520661157025,0.541862652869238,0.5702087286527514,100.0,100.0,5232,3881,7224,47,3,7224,0.008983180428134556,7.729966503478485E-4,1.0,0.35000000000000003,0.30000000000000004,0.1,0.7000000000000001,95.0,90.0,50.0,0.8,0.9,0.8,0.9,35.0,95.0,50.0,5690,5556,134,5690,0.023550087873462213,0.6441583851837361,1.0,0.6441583851837361,1789,0.32199424046076314,1.0,1
"iteration_5","SCOPE_DATA_COLLECTION",1400,49,3010.0,3070.0,2,8721,5670,1946,8650,5641,1935,4840,3189,1054,3908,2481,885,0.4467306812985825,0.43756613756613755,0.4564208354822073,0.414690640173047,0.827206760730552,1.4263252960590016,0.829381280346094,0.827206760730552,0.9508835307060011,0.4297520661157025,0.541862652869238,0.5702087286527514,100.0,100.0,5232,3881,7224,47,3,7224,0.008983180428134556,7.729966503478485E-4,1.0,0.35000000000000003,0.30000000000000004,0.1,0.7000000000000001,95.0,90.0,50.0,0.8,0.9,0.8,0.9,35.0,95.0,50.0,1991,1923,68,1991,0.03415369161225515,1.0050346826763763,1.5,0.6700231217842508,609,0.3166926677067083,1.0,1
"iteration_5","SCOPE_DATA_COLLECTION",1400,50,3070.0,3130.0,0,8684,5690,1991,8721,5670,1946,8511,5546,1931,148,134,68,0.017092042961080956,0.023591549295774648,0.03401700850425213,0.322998703537662,0.642472995515612,1.0147007533709587,0.645997407075324,0.642472995515612,0.6764671689139724,0.26189636940430033,0.3220338983050847,0.3215950284826515,97.5,100.0,5322,8926,2117,105,223,22,0.019729425028184894,0.02498319516020614,0.010392064241851677,0.8,0.9,0.8,0.9,35.0,95.0,50.0,0.7000000000000001,0.9,0.8,0.8,25.0,85.0,50.0,8624,8536,88,8624,0.01020408163265306,0.32862964490818364,0.5,0.6572592898163673,2334,0.2734301780693533,1.0,1
"iteration_5","SCOPE_DATA_COLLECTION",1400,50,3070.0,3130.0,1,8684,5690,1991,8721,5670,1946,8511,5546,1931,148,134,68,0.017092042961080956,0.023591549295774648,0.03401700850425213,0.322998703537662,0.642472995515612,1.0147007533709587,0.645997407075324,0.642472995515612,0.6764671689139724,0.26189636940430033,0.3220338983050847,0.3215950284826515,97.5,100.0,5322,8926,2117,105,223,22,0.019729425028184894,0.02498319516020614,0.010392064241851677,0.8,0.9,0.8,0.9,35.0,95.0,50.0,0.7000000000000001,0.9,0.8,0.8,25.0,85.0,50.0,5823,5734,89,5823,0.015284217757169843,0.619386800837555,1.0,0.619386800837555,1770,0.30868503662364843,1.0,1
"iteration_5","SCOPE_DATA_COLLECTION",1400,50,3070.0,3130.0,2,8684,5690,1991,8721,5670,1946,8511,5546,1931,148,134,68,0.017092042961080956,0.023591549295774648,0.03401700850425213,0.322998703537662,0.642472995515612,1.0147007533709587,0.645997407075324,0.642472995515612,0.6764671689139724,0.26189636940430033,0.3220338983050847,0.3215950284826515,97.5,100.0,5322,8926,2117,105,223,22,0.019729425028184894,0.02498319516020614,0.010392064241851677,0.8,0.9,0.8,0.9,35.0,95.0,50.0,0.7000000000000001,0.9,0.8,0.8,25.0,85.0,50.0,1951,1886,65,1951,0.03331624807790876,1.0071009142087382,1.5,0.6714006094724921,600,0.3181336161187699,1.0,1
"iteration_5","SCOPE_DATA_COLLECTION",1400,51,3130.0,3190.0,0,8624,5823,1951,8684,5690,1991,8537,5748,1870,88,88,65,0.010202898550724638,0.015078821110349555,0.03359173126614987,0.32875706948630595,0.6215049048481983,0.9952733618930604,0.6575141389726119,0.6215049048481983,0.6635155745953736,0.2736324235679981,0.3103688239387613,0.3122994652406417,100.0,100.0,5478,7643,3277,146,13,82,0.02665206279664111,0.001700902786863797,0.025022886786695148,0.7000000000000001,0.9,0.8,0.8,25.0,85.0,50.0,0.30000000000000004,0.6000000000000001,0.9,0.1,25.0,70.0,80.0,8771,4641,4130,8771,0.47086991221069435,0.47611323403524125,0.5,0.9522264680704825,2274,0.48998060762766643,1.0,1
"iteration_5","SCOPE_DATA_COLLECTION",1400,51,3130.0,3190.0,1,8624,5823,1951,8684,5690,1991,8537,5748,1870,88,88,65,0.010202898550724638,0.015078821110349555,0.03359173126614987,0.32875706948630595,0.6215049048481983,0.9952733618930604,0.6575141389726119,0.6215049048481983,0.6635155745953736,0.2736324235679981,0.3103688239387613,0.3122994652406417,100.0,100.0,5478,7643,3277,146,13,82,0.02665206279664111,0.001700902786863797,0.025022886786695148,0.7000000000000001,0.9,0.8,0.8,25.0,85.0,50.0,0.30000000000000004,0.6000000000000001,0.9,0.1,25.0,70.0,80.0,5593,2910,2683,5593,0.4797067763275523,0.9697589373485176,1.0,0.9697589373485176,1703,0.5852233676975945,1.0,1
"iteration_5","SCOPE_DATA_COLLECTION",1400,51,3130.0,3190.0,2,8624,5823,1951,8684,5690,1991,8537,5748,1870,88,88,65,0.010202898550724638,0.015078821110349555,0.03359173126614987,0.32875706948630595,0.6215049048481983,0.9952733618930604,0.6575141389726119,0.6215049048481983,0.6635155745953736,0.2736324235679981,0.3103688239387613,0.3122994652406417,100.0,100.0,5478,7643,3277,146,13,82,0.02665206279664111,0.001700902786863797,0.025022886786695148,0.7000000000000001,0.9,0.8,0.8,25.0,85.0,50.0,0.30000000000000004,0.6000000000000001,0.9,0.1,25.0,70.0,80.0,2021,1018,1003,2021,0.4962889658584859,1.4837580042745107,1.5,0.9891720028496738,619,0.6080550098231827,1.0,1
"iteration_5","SCOPE_DATA_COLLECTION",1400,52,3190.0,3250.0,0,8771,5593,2021,8624,5823,1951,4657,2912,1026,4129,2684,1003,0.4699521966765308,0.47962830593280914,0.49433218334154755,0.47479613203537735,0.9631453517675506,1.4817379805215314,0.9495922640707547,0.9631453517675506,0.9878253203476876,0.48872664805668886,0.5807005494505495,0.6062378167641326,100.0,100.0,5318,3256,7811,58,4,7754,0.010906355772846935,0.0012285012285012285,0.9927025988989886,0.30000000000000004,0.6000000000000001,0.9,0.1,25.0,70.0,80.0,0.4,0.5,0.9,0.2,20.0,70.0,80.0,8693,5097,3596,8693,0.4136661681812953,0.43464521460321554,0.5,0.8692904292064311,2208,0.4331959976456739,1.0,1
"iteration_5","SCOPE_DATA_COLLECTION",1400,52,3190.0,3250.0,1,8771,5593,2021,8624,5823,1951,4657,2912,1026,4129,2684,1003,0.4699521966765308,0.47962830593280914,0.49433218334154755,0.47479613203537735,0.9631453517675506,1.4817379805215314,0.9495922640707547,0.9631453517675506,0.9878253203476876,0.48872664805668886,0.5807005494505495,0.6062378167641326,100.0,100.0,5318,3256,7811,58,4,7754,0.010906355772846935,0.0012285012285012285,0.9927025988989886,0.30000000000000004,0.6000000000000001,0.9,0.1,25.0,70.0,80.0,0.4,0.5,0.9,0.2,20.0,70.0,80.0,5761,3398,2363,5761,0.4101718451657698,0.9137124549900092,1.0,0.9137124549900092,1783,0.5247204237786933,1.0,1
"iteration_5","SCOPE_DATA_COLLECTION",1400,52,3190.0,3250.0,2,8771,5593,2021,8624,5823,1951,4657,2912,1026,4129,2684,1003,0.4699521966765308,0.47962830593280914,0.49433218334154755,0.47479613203537735,0.9631453517675506,1.4817379805215314,0.9495922640707547,0.9631453517675506,0.9878253203476876,0.48872664805668886,0.5807005494505495,0.6062378167641326,100.0,100.0,5318,3256,7811,58,4,7754,0.010906355772846935,0.0012285012285012285,0.9927025988989886,0.30000000000000004,0.6000000000000001,0.9,0.1,25.0,70.0,80.0,0.4,0.5,0.9,0.2,20.0,70.0,80.0,1996,1168,828,1996,0.4148296593186373,1.353125073967319,1.5,0.9020833826448794,607,0.5196917808219178,1.0,1
"iteration_5","SCOPE_DATA_COLLECTION",1400,53,3250.0,3310.0,0,8693,5761,1996,8771,5593,2021,5090,3407,1168,3597,2363,828,0.41406699666167834,0.4095320623916811,0.4148296593186373,0.43649120439820777,0.9147655347611926,1.355183609543656,0.8729824087964155,0.9147655347611926,0.9034557396957706,0.4349705304518664,0.5262694452597593,0.5205479452054794,100.0,100.0,5305,4419,6726,113,3,6672,0.021300659754948163,6.788866259334691E-4,0.991971454058876,0.4,0.5,0.9,0.2,20.0,70.0,80.0,0.65,0.5,0.7000000000000001,0.1,55.0,65.0,40.0,8982,8695,287,8982,0.031952794477844576,0.33024477266653607,0.5,0.6604895453330721,2455,0.2823461759631972,1.0,1
"iteration_5","SCOPE_DATA_COLLECTION",1400,53,3250.0,3310.0,1,8693,5761,1996,8771,5593,2021,5090,3407,1168,3597,2363,828,0.41406699666167834,0.4095320623916811,0.4148296593186373,0.43649120439820777,0.9147655347611926,1.355183609543656,0.8729824087964155,0.9147655347611926,0.9034557396957706,0.4349705304518664,0.5262694452597593,0.5205479452054794,100.0,100.0,5305,4419,6726,113,3,6672,0.021300659754948163,6.788866259334691E-4,0.991971454058876,0.4,0.5,0.9,0.2,20.0,70.0,80.0,0.65,0.5,0.7000000000000001,0.1,55.0,65.0,40.0,5681,5478,203,5681,0.035733145572962505,0.6546323225157451,1.0,0.6546323225157451,1778,0.32457101131799926,1.0,1
"iteration_5","SCOPE_DATA_COLLECTION",1400,53,3250.0,3310.0,2,8693,5761,1996,8771,5593,2021,5090,3407,1168,3597,2363,828,0.41406699666167834,0.4095320623916811,0.4148296593186373,0.43649120439820777,0.9147655347611926,1.355183609543656,0.8729824087964155,0.9147655347611926,0.9034557396957706,0.4349705304518664,0.5262694452597593,0.5205479452054794,100.0,100.0,5305,4419,6726,113,3,6672,0.021300659754948163,6.788866259334691E-4,0.991971454058876,0.4,0.5,0.9,0.2,20.0,70.0,80.0,0.65,0.5,0.7000000000000001,0.1,55.0,65.0,40.0,1892,1809,83,1892,0.04386892177589852,0.9800784137897685,1.5,0.653385609193179,590,0.326147042564953,1.0,1
"iteration_5","SCOPE_DATA_COLLECTION",1400,54,3310.0,3370.0,0,8982,5681,1892,8693,5761,1996,8676,5465,1804,287,203,83,0.032020528840789916,0.0358151023288638,0.04398516163222046,0.3286648019999194,0.655269004721581,0.9889814867067774,0.6573296039998388,0.655269004721581,0.6593209911378516,0.28112033195020747,0.32479414455626715,0.3303769401330377,100.0,100.0,5343,7326,3886,49,7,517,0.00917087778401647,9.555009555009555E-4,0.1330416881111683,0.65,0.5,0.7000000000000001,0.1,55.0,65.0,40.0,0.55,0.5,0.6000000000000001,0.1,65.0,75.0,50.0,8765,7321,1444,8765,0.16474614945807187,0.39985132937347095,0.5,0.7997026587469419,2412,0.3294631880890589,1.0,1
"iteration_5","SCOPE_DATA_COLLECTION",1400,54,3310.0,3370.0,1,8982,5681,1892,8693,5761,1996,8676,5465,1804,287,203,83,0.032020528840789916,0.0358151023288638,0.04398516163222046,0.3286648019999194,0.655269004721581,0.9889814867067774,0.6573296039998388,0.655269004721581,0.6593209911378516,0.28112033195020747,0.32479414455626715,0.3303769401330377,100.0,100.0,5343,7326,3886,49,7,517,0.00917087778401647,9.555009555009555E-4,0.1330416881111683,0.65,0.5,0.7000000000000001,0.1,55.0,65.0,40.0,0.55,0.5,0.6000000000000001,0.1,65.0,75.0,50.0,5682,4706,976,5682,0.171770503343893,0.7547704091733205,1.0,0.7547704091733205,1838,0.3905652358691033,1.0,1
"iteration_5","SCOPE_DATA_COLLECTION",1400,54,3310.0,3370.0,2,8982,5681,1892,8693,5761,1996,8676,5465,1804,287,203,83,0.032020528840789916,0.0358151023288638,0.04398516163222046,0.3286648019999194,0.655269004721581,0.9889814867067774,0.6573296039998388,0.655269004721581,0.6593209911378516,0.28112033195020747,0.32479414455626715,0.3303769401330377,100.0,100.0,5343,7326,3886,49,7,517,0.00917087778401647,9.555009555009555E-4,0.1330416881111683,0.65,0.5,0.7000000000000001,0.1,55.0,65.0,40.0,0.55,0.5,0.6000000000000001,0.1,65.0,75.0,50.0,1932,1611,321,1932,0.16614906832298137,1.1142548181059755,1.5,0.7428365454039837,633,0.3929236499068901,1.0,1
"iteration_5","SCOPE_DATA_COLLECTION",1400,55,3370.0,3430.0,0,8765,5682,1932,8982,5681,1892,7308,4676,1610,1441,970,319,0.16470453766144702,0.17180304640453417,0.16537065837221357,0.39910728208330487,0.7521403163741684,1.1107988868528418,0.7982145641666097,0.7521403163741684,0.7405325912352279,0.3284072249589491,0.3887938408896493,0.3919254658385093,100.0,100.0,5196,6118,5065,52,6,2672,0.010007698229407237,9.807126511932004E-4,0.5275419545903257,0.55,0.5,0.6000000000000001,0.1,65.0,75.0,50.0,0.65,0.6000000000000001,0.6000000000000001,0.1,55.0,85.0,50.0,8668,8402,266,8668,0.03068758652514998,0.3312571051928354,0.5,0.6625142103856708,2296,0.2732682694596525,1.0,1
"iteration_5","SCOPE_DATA_COLLECTION",1400,55,3370.0,3430.0,1,8765,5682,1932,8982,5681,1892,7308,4676,1610,1441,970,319,0.16470453766144702,0.17180304640453417,0.16537065837221357,0.39910728208330487,0.7521403163741684,1.1107988868528418,0.7982145641666097,0.7521403163741684,0.7405325912352279,0.3284072249589491,0.3887938408896493,0.3919254658385093,100.0,100.0,5196,6118,5065,52,6,2672,0.010007698229407237,9.807126511932004E-4,0.5275419545903257,0.55,0.5,0.6000000000000001,0.1,65.0,75.0,50.0,0.65,0.6000000000000001,0.6000000000000001,0.1,55.0,85.0,50.0,5716,5548,168,5716,0.02939118264520644,0.6443467066028249,1.0,0.6443467066028249,1778,0.3204758471521269,1.0,1
"iteration_5","SCOPE_DATA_COLLECTION",1400,55,3370.0,3430.0,2,8765,5682,1932,8982,5681,1892,7308,4676,1610,1441,970,319,0.16470453766144702,0.17180304640453417,0.16537065837221357,0.39910728208330487,0.7521403163741684,1.1107988868528418,0.7982145641666097,0.7521403163741684,0.7405325912352279,0.3284072249589491,0.3887938408896493,0.3919254658385093,100.0,100.0,5196,6118,5065,52,6,2672,0.010007698229407237,9.807126511932004E-4,0.5275419545903257,0.55,0.5,0.6000000000000001,0.1,65.0,75.0,50.0,0.65,0.6000000000000001,0.6000000000000001,0.1,55.0,85.0,50.0,1967,1894,73,1967,0.03711235383833249,0.9809667547696969,1.5,0.6539778365131312,616,0.3252375923970433,1.0,1
"iteration_5","SCOPE_DATA_COLLECTION",1400,56,3430.0,3490.0,0,8668,5716,1967,8765,5682,1932,8422,5567,1891,269,174,75,0.03095155908411,0.030308308657028393,0.03814852492370295,0.33394203812262346,0.6492045071416326,0.9798454857904881,0.6678840762452469,0.6492045071416326,0.6532303238603254,0.27606269294704344,0.3227950422130411,0.32416710735060816,97.5,100.0,5265,7150,3936,66,9,443,0.012535612535612535,0.0012587412587412587,0.11255081300813008,0.65,0.6000000000000001,0.6000000000000001,0.1,55.0,85.0,50.0,0.9500000000000001,0.5,0.7000000000000001,0.1,95.0,65.0,50.0,8813,8276,537,8813,0.06093271303755815,0.38675252059055304,0.5,0.7735050411811061,2525,0.305099081681972,1.0,1
"iteration_5","SCOPE_DATA_COLLECTION",1400,56,3430.0,3490.0,1,8668,5716,1967,8765,5682,1932,8422,5567,1891,269,174,75,0.03095155908411,0.030308308657028393,0.03814852492370295,0.33394203812262346,0.6492045071416326,0.9798454857904881,0.6678840762452469,0.6492045071416326,0.6532303238603254,0.27606269294704344,0.3227950422130411,0.32416710735060816,97.5,100.0,5265,7150,3936,66,9,443,0.012535612535612535,0.0012587412587412587,0.11255081300813008,0.65,0.6000000000000001,0.6000000000000001,0.1,55.0,85.0,50.0,0.9500000000000001,0.5,0.7000000000000001,0.1,95.0,65.0,50.0,5744,5361,383,5744,0.0666782729805014,0.7218923890167788,1.0,0.7218923890167788,1825,0.340421563141205,1.0,1
"iteration_5","SCOPE_DATA_COLLECTION",1400,56,3430.0,3490.0,2,8668,5716,1967,8765,5682,1932,8422,5567,1891,269,174,75,0.03095155908411,0.030308308657028393,0.03814852492370295,0.33394203812262346,0.6492045071416326,0.9798454857904881,0.6678840762452469,0.6492045071416326,0.6532303238603254,0.27606269294704344,0.3227950422130411,0.32416710735060816,97.5,100.0,5265,7150,3936,66,9,443,0.012535612535612535,0.0012587412587412587,0.11255081300813008,0.65,0.6000000000000001,0.6000000000000001,0.1,55.0,85.0,50.0,0.9500000000000001,0.5,0.7000000000000001,0.1,95.0,65.0,50.0,1965,1807,158,1965,0.08040712468193384,1.0332282990684654,1.5,0.6888188660456436,612,0.338682899833979,1.0,1
"iteration_5","SCOPE_DATA_COLLECTION",1400,57,3490.0,3550.0,0,8813,5744,1965,8668,5716,1967,8287,5355,1809,537,383,158,0.06085675430643699,0.06674799581735796,0.08032536858159633,0.3869824176024564,0.7196511541959422,1.031941252425616,0.7739648352049128,0.7196511541959422,0.6879608349504106,0.30553879570411485,0.33949579831932775,0.3383084577114428,100.0,100.0,5392,10567,563,80,998,0,0.01483679525222552,0.09444497019021482,0.0,0.9500000000000001,0.5,0.7000000000000001,0.1,95.0,65.0,50.0,0.8500000000000001,0.5,0.7000000000000001,0.1,85.0,75.0,50.0,8749,8687,62,8749,0.007086524174191336,0.3494860454255451,0.5,0.6989720908510902,2290,0.2636122942327616,1.0,1
"iteration_5","SCOPE_DATA_COLLECTION",1400,57,3490.0,3550.0,1,8813,5744,1965,8668,5716,1967,8287,5355,1809,537,383,158,0.06085675430643699,0.06674799581735796,0.08032536858159633,0.3869824176024564,0.7196511541959422,1.031941252425616,0.7739648352049128,0.7196511541959422,0.6879608349504106,0.30553879570411485,0.33949579831932775,0.3383084577114428,100.0,100.0,5392,10567,563,80,998,0,0.01483679525222552,0.09444497019021482,0.0,0.9500000000000001,0.5,0.7000000000000001,0.1,95.0,65.0,50.0,0.8500000000000001,0.5,0.7000000000000001,0.1,85.0,75.0,50.0,5729,5670,59,5729,0.010298481410368302,0.656289327942499,1.0,0.656289327942499,1775,0.31305114638447973,1.0,1
"iteration_5","SCOPE_DATA_COLLECTION",1400,57,3490.0,3550.0,2,8813,5744,1965,8668,5716,1967,8287,5355,1809,537,383,158,0.06085675430643699,0.06674799581735796,0.08032536858159633,0.3869824176024564,0.7196511541959422,1.031941252425616,0.7739648352049128,0.7196511541959422,0.6879608349504106,0.30553879570411485,0.33949579831932775,0.3383084577114428,100.0,100.0,5392,10567,563,80,998,0,0.01483679525222552,0.09444497019021482,0.0,0.9500000000000001,0.5,0.7000000000000001,0.1,95.0,65.0,50.0,0.8500000000000001,0.5,0.7000000000000001,0.1,85.0,75.0,50.0,1971,1948,23,1971,0.011669203450025367,0.9676085056030244,1.5,0.6450723370686829,604,0.31006160164271046,1.0,1
"iteration_5","SCOPE_DATA_COLLECTION",1400,58,3550.0,3619.073609779199,0,8749,5729,1971,8813,5744,1965,8671,5694,1941,62,58,23,0.007099507614794458,0.010083449235048678,0.011710794297352342,0.3478269770233584,0.6595924983132686,0.9643844997606508,0.6956539540467168,0.6595924983132686,0.6429229998404339,0.26133087302502594,0.3150684931506849,0.30808861411643484,100.0,100.0,5279,9402,1768,53,90,0,0.010039780261413146,0.009572431397574984,0.0,0.8500000000000001,0.5,0.7000000000000001,0.1,85.0,75.0,50.0,0.8500000000000001,0.5,0.6000000000000001,0.1,85.0,75.0,60.0,7333,7192,94,7286,0.012901454844908043,0.3307649393876666,0.5,0.6615298787753332,1993,0.2771134593993326,0.9935906177553525,0
"iteration_5","SCOPE_DATA_COLLECTION",1400,58,3550.0,3619.073609779199,1,8749,5729,1971,8813,5744,1965,8671,5694,1941,62,58,23,0.007099507614794458,0.010083449235048678,0.011710794297352342,0.3478269770233584,0.6595924983132686,0.9643844997606508,0.6956539540467168,0.6595924983132686,0.6429229998404339,0.26133087302502594,0.3150684931506849,0.30808861411643484,100.0,100.0,5279,9402,1768,53,90,0,0.010039780261413146,0.009572431397574984,0.0,0.8500000000000001,0.5,0.7000000000000001,0.1,85.0,75.0,50.0,0.8500000000000001,0.5,0.6000000000000001,0.1,85.0,75.0,60.0,4658,4542,59,4601,0.012823299282764617,0.6304696363837158,1.0,0.6304696363837158,1423,0.31329810656098633,0.9877629884070417,0
"iteration_5","SCOPE_DATA_COLLECTION",1400,58,3550.0,3619.073609779199,2,8749,5729,1971,8813,5744,1965,8671,5694,1941,62,58,23,0.007099507614794458,0.010083449235048678,0.011710794297352342,0.3478269770233584,0.6595924983132686,0.9643844997606508,0.6956539540467168,0.6595924983132686,0.6429229998404339,0.26133087302502594,0.3150684931506849,0.30808861411643484,100.0,100.0,5279,9402,1768,53,90,0,0.010039780261413146,0.009572431397574984,0.0,0.8500000000000001,0.5,0.7000000000000001,0.1,85.0,75.0,50.0,0.8500000000000001,0.5,0.6000000000000001,0.1,85.0,75.0,60.0,1583,1521,37,1558,0.02374839537869063,0.9560126729812614,1.5,0.6373417819875076,474,0.3116370808678501,0.9842072015161086,0
"iteration_5","SCOPE_DATA_COLLECTION",1500,0,70.0,130.0,0,7421,5998,1913,0,0,0,6708,5331,1629,642,585,249,0.08734693877551021,0.09888438133874239,0.13258785942492013,0.3289921830064391,0.6757020220189375,1.0635020139856521,0.6579843660128782,0.6757020220189375,0.7090013426571015,0.27698270721526536,0.342524854623898,0.35174953959484345,97.5,100.0,5080,6083,4169,140,4,1332,0.027559055118110236,6.575702778234424E-4,0.3195010793955385,0.6,0.5,0.7,0.4,85.0,80.0,90.0,0.15000000000000002,0.1,0.6000000000000001,0.6000000000000001,30.0,45.0,95.0,7948,3389,4559,7948,0.5736034222445898,0.4722153727296905,0.5,0.944430745459381,1701,0.5019179699026262,1.0,1
"iteration_5","SCOPE_DATA_COLLECTION",1500,0,70.0,130.0,1,7421,5998,1913,0,0,0,6708,5331,1629,642,585,249,0.08734693877551021,0.09888438133874239,0.13258785942492013,0.3289921830064391,0.6757020220189375,1.0635020139856521,0.6579843660128782,0.6757020220189375,0.7090013426571015,0.27698270721526536,0.342524854623898,0.35174953959484345,97.5,100.0,5080,6083,4169,140,4,1332,0.027559055118110236,6.575702778234424E-4,0.3195010793955385,0.6,0.5,0.7,0.4,85.0,80.0,90.0,0.15000000000000002,0.1,0.6000000000000001,0.6000000000000001,30.0,45.0,95.0,6586,2736,3850,6586,0.5845733373823262,1.1718654333257572,1.0,1.1718654333257572,1977,0.7225877192982456,1.0,1
"iteration_5","SCOPE_DATA_COLLECTION",1500,0,70.0,130.0,2,7421,5998,1913,0,0,0,6708,5331,1629,642,585,249,0.08734693877551021,0.09888438133874239,0.13258785942492013,0.3289921830064391,0.6757020220189375,1.0635020139856521,0.6579843660128782,0.6757020220189375,0.7090013426571015,0.27698270721526536,0.342524854623898,0.35174953959484345,97.5,100.0,5080,6083,4169,140,4,1332,0.027559055118110236,6.575702778234424E-4,0.3195010793955385,0.6,0.5,0.7,0.4,85.0,80.0,90.0,0.15000000000000002,0.1,0.6000000000000001,0.6000000000000001,30.0,45.0,95.0,2192,859,1333,2192,0.6081204379562044,1.8069643665485355,1.5,1.204642911032357,636,0.740395809080326,1.0,1
"iteration_5","SCOPE_DATA_COLLECTION",1500,1,130.0,190.0,0,7948,6586,2192,7421,5998,1913,3417,2762,866,4579,3862,1334,0.5726613306653326,0.5830314009661836,0.6063636363636363,0.47506353353397984,1.173463075945057,1.7991942308196138,0.9501270670679597,1.173463075945057,1.1994628205464093,0.5039508340649693,0.721578566256336,0.7344110854503464,100.0,100.0,5381,1686,9659,148,2,9625,0.02750418137892585,0.0011862396204033216,0.9964799668702764,0.15000000000000002,0.1,0.6000000000000001,0.6000000000000001,30.0,45.0,95.0,0.15000000000000002,0.1,0.6000000000000001,0.6000000000000001,30.0,45.0,95.0,7960,3338,4622,7960,0.5806532663316583,0.4898170271940111,0.5,0.9796340543880222,1757,0.5263630916716596,1.0,1
"iteration_5","SCOPE_DATA_COLLECTION",1500,1,130.0,190.0,1,7948,6586,2192,7421,5998,1913,3417,2762,866,4579,3862,1334,0.5726613306653326,0.5830314009661836,0.6063636363636363,0.47506353353397984,1.173463075945057,1.7991942308196138,0.9501270670679597,1.173463075945057,1.1994628205464093,0.5039508340649693,0.721578566256336,0.7344110854503464,100.0,100.0,5381,1686,9659,148,2,9625,0.02750418137892585,0.0011862396204033216,0.9964799668702764,0.15000000000000002,0.1,0.6000000000000001,0.6000000000000001,30.0,45.0,95.0,0.15000000000000002,0.1,0.6000000000000001,0.6000000000000001,30.0,45.0,95.0,6532,2760,3772,6532,0.5774647887323944,1.1879854061790815,1.0,1.1879854061790815,2020,0.7318840579710145,1.0,1
"iteration_5","SCOPE_DATA_COLLECTION",1500,1,130.0,190.0,2,7948,6586,2192,7421,5998,1913,3417,2762,866,4579,3862,1334,0.5726613306653326,0.5830314009661836,0.6063636363636363,0.47506353353397984,1.173463075945057,1.7991942308196138,0.9501270670679597,1.173463075945057,1.1994628205464093,0.5039508340649693,0.721578566256336,0.7344110854503464,100.0,100.0,5381,1686,9659,148,2,9625,0.02750418137892585,0.0011862396204033216,0.9964799668702764,0.15000000000000002,0.1,0.6000000000000001,0.6000000000000001,30.0,45.0,95.0,0.15000000000000002,0.1,0.6000000000000001,0.6000000000000001,30.0,45.0,95.0,2210,844,1366,2210,0.6180995475113122,1.8195505524261357,1.5,1.2130337016174237,627,0.7428909952606635,1.0,1
"iteration_5","SCOPE_DATA_COLLECTION",1500,2,190.0,250.0,0,7960,6532,2210,7948,6586,2192,3338,2743,850,4622,3772,1366,0.5806532663316583,0.5789716039907905,0.6164259927797834,0.4898616652556131,1.1832061533411515,1.8238828689059405,0.9797233305112262,1.1832061533411515,1.2159219126039604,0.5263630916716596,0.7302223842508203,0.7470588235294118,100.0,100.0,5373,1639,9690,146,2,9612,0.02717290154476084,0.0012202562538133007,0.9919504643962849,0.15000000000000002,0.1,0.6000000000000001,0.6000000000000001,30.0,45.0,95.0,0.15000000000000002,0.2,0.7000000000000001,0.7000000000000001,20.0,55.0,85.0,7823,3225,4598,7823,0.5877540585453152,0.5215252374687683,0.5,1.0430504749375367,1838,0.569922480620155,1.0,1
"iteration_5","SCOPE_DATA_COLLECTION",1500,2,190.0,250.0,1,7960,6532,2210,7948,6586,2192,3338,2743,850,4622,3772,1366,0.5806532663316583,0.5789716039907905,0.6164259927797834,0.4898616652556131,1.1832061533411515,1.8238828689059405,0.9797233305112262,1.1832061533411515,1.2159219126039604,0.5263630916716596,0.7302223842508203,0.7470588235294118,100.0,100.0,5373,1639,9690,146,2,9612,0.02717290154476084,0.0012202562538133007,0.9919504643962849,0.15000000000000002,0.1,0.6000000000000001,0.6000000000000001,30.0,45.0,95.0,0.15000000000000002,0.2,0.7000000000000001,0.7000000000000001,20.0,55.0,85.0,6625,2696,3929,6625,0.5930566037735849,1.2103137336377596,1.0,1.2103137336377596,1966,0.7292284866468842,1.0,1
"iteration_5","SCOPE_DATA_COLLECTION",1500,2,190.0,250.0,2,7960,6532,2210,7948,6586,2192,3338,2743,850,4622,3772,1366,0.5806532663316583,0.5789716039907905,0.6164259927797834,0.4898616652556131,1.1832061533411515,1.8238828689059405,0.9797233305112262,1.1832061533411515,1.2159219126039604,0.5263630916716596,0.7302223842508203,0.7470588235294118,100.0,100.0,5373,1639,9690,146,2,9612,0.02717290154476084,0.0012202562538133007,0.9919504643962849,0.15000000000000002,0.1,0.6000000000000001,0.6000000000000001,30.0,45.0,95.0,0.15000000000000002,0.2,0.7000000000000001,0.7000000000000001,20.0,55.0,85.0,2224,903,1321,2224,0.5939748201438849,1.7952050474725372,1.5,1.1968033649816914,656,0.7264673311184939,1.0,1
"iteration_5","SCOPE_DATA_COLLECTION",1500,3,250.0,310.0,0,7823,6625,2224,7960,6532,2210,3222,2694,903,4598,3929,1321,0.5879795396419437,0.593235693794353,0.5939748201438849,0.5214738491362202,1.2080870397037209,1.7950173102341136,1.0429476982724404,1.2080870397037209,1.1966782068227424,0.5682805710738672,0.7282850779510023,0.7253599114064231,100.0,100.0,5257,1729,9686,159,3,9686,0.030245387102910404,0.001735106998264893,1.0,0.15000000000000002,0.2,0.7000000000000001,0.7000000000000001,20.0,55.0,85.0,0.15000000000000002,0.2,0.7000000000000001,0.7000000000000001,20.0,55.0,85.0,7955,3280,4675,7955,0.5876807039597737,0.5189713213602067,0.5,1.0379426427204135,1887,0.5753048780487805,1.0,1
"iteration_5","SCOPE_DATA_COLLECTION",1500,3,250.0,310.0,1,7823,6625,2224,7960,6532,2210,3222,2694,903,4598,3929,1321,0.5879795396419437,0.593235693794353,0.5939748201438849,0.5214738491362202,1.2080870397037209,1.7950173102341136,1.0429476982724404,1.2080870397037209,1.1966782068227424,0.5682805710738672,0.7282850779510023,0.7253599114064231,100.0,100.0,5257,1729,9686,159,3,9686,0.030245387102910404,0.001735106998264893,1.0,0.15000000000000002,0.2,0.7000000000000001,0.7000000000000001,20.0,55.0,85.0,0.15000000000000002,0.2,0.7000000000000001,0.7000000000000001,20.0,55.0,85.0,6581,2705,3876,6581,0.5889682419085246,1.195885510143699,1.0,1.195885510143699,1962,0.7253234750462108,1.0,1
"iteration_5","SCOPE_DATA_COLLECTION",1500,3,250.0,310.0,2,7823,6625,2224,7960,6532,2210,3222,2694,903,4598,3929,1321,0.5879795396419437,0.593235693794353,0.5939748201438849,0.5214738491362202,1.2080870397037209,1.7950173102341136,1.0429476982724404,1.2080870397037209,1.1966782068227424,0.5682805710738672,0.7282850779510023,0.7253599114064231,100.0,100.0,5257,1729,9686,159,3,9686,0.030245387102910404,0.001735106998264893,1.0,0.15000000000000002,0.2,0.7000000000000001,0.7000000000000001,20.0,55.0,85.0,0.15000000000000002,0.2,0.7000000000000001,0.7000000000000001,20.0,55.0,85.0,2264,880,1384,2264,0.6113074204946997,1.8058963665676664,1.5,1.2039309110451109,642,0.7295454545454545,1.0,1
"iteration_5","SCOPE_DATA_COLLECTION",1500,4,310.0,370.0,0,7955,6581,2264,7823,6625,2224,3271,2706,872,4675,3876,1384,0.5883463377800151,0.5888787602552416,0.6134751773049646,0.5167250225411445,1.1980722123833427,1.8065809597501226,1.033450045082289,1.1980722123833427,1.2043873065000816,0.5735249159278508,0.7254249815225425,0.7293577981651376,97.5,100.0,5272,1774,9754,178,3,9754,0.03376327769347496,0.0016910935738444193,1.0,0.15000000000000002,0.2,0.7000000000000001,0.7000000000000001,20.0,55.0,85.0,0.05,0.30000000000000004,0.8,0.7000000000000001,30.0,65.0,85.0,7861,2741,5120,7861,0.6513166263834118,0.6331785116162668,0.5,1.2663570232325336,2003,0.7307551988325429,1.0,1
"iteration_5","SCOPE_DATA_COLLECTION",1500,4,310.0,370.0,1,7955,6581,2264,7823,6625,2224,3271,2706,872,4675,3876,1384,0.5883463377800151,0.5888787602552416,0.6134751773049646,0.5167250225411445,1.1980722123833427,1.8065809597501226,1.033450045082289,1.1980722123833427,1.2043873065000816,0.5735249159278508,0.7254249815225425,0.7293577981651376,97.5,100.0,5272,1774,9754,178,3,9754,0.03376327769347496,0.0016910935738444193,1.0,0.15000000000000002,0.2,0.7000000000000001,0.7000000000000001,20.0,55.0,85.0,0.05,0.30000000000000004,0.8,0.7000000000000001,30.0,65.0,85.0,6506,2210,4296,6506,0.6603135567168767,1.4073857888033052,1.0,1.4073857888033052,1949,0.8819004524886878,1.0,1
"iteration_5","SCOPE_DATA_COLLECTION",1500,4,310.0,370.0,2,7955,6581,2264,7823,6625,2224,3271,2706,872,4675,3876,1384,0.5883463377800151,0.5888787602552416,0.6134751773049646,0.5167250225411445,1.1980722123833427,1.8065809597501226,1.033450045082289,1.1980722123833427,1.2043873065000816,0.5735249159278508,0.7254249815225425,0.7293577981651376,97.5,100.0,5272,1774,9754,178,3,9754,0.03376327769347496,0.0016910935738444193,1.0,0.15000000000000002,0.2,0.7000000000000001,0.7000000000000001,20.0,55.0,85.0,0.05,0.30000000000000004,0.8,0.7000000000000001,30.0,65.0,85.0,2187,703,1484,2187,0.6785550983081847,2.1722409332389554,1.5,1.4481606221593035,638,0.9075391180654339,1.0,1
"iteration_5","SCOPE_DATA_COLLECTION",1500,5,370.0,430.0,0,7861,6506,2187,7955,6581,2264,2741,2215,707,5120,4296,1484,0.6513166263834118,0.659806481339272,0.6773162939297125,0.6333500021571041,1.4064413662121715,2.160486999286685,1.2667000043142083,1.4064413662121715,1.4403246661911233,0.7303903684786575,0.8817155756207675,0.9038189533239038,100.0,100.0,5277,547,10730,170,0,10730,0.032215273829827556,0.0,1.0,0.05,0.30000000000000004,0.8,0.7000000000000001,30.0,65.0,85.0,0.05,0.30000000000000004,0.8,0.7000000000000001,30.0,65.0,85.0,8094,2727,5367,8094,0.6630837657524092,0.6400784516480982,0.5,1.2801569032961964,1951,0.7154382104877154,1.0,1
"iteration_5","SCOPE_DATA_COLLECTION",1500,5,370.0,430.0,1,7861,6506,2187,7955,6581,2264,2741,2215,707,5120,4296,1484,0.6513166263834118,0.659806481339272,0.6773162939297125,0.6333500021571041,1.4064413662121715,2.160486999286685,1.2667000043142083,1.4064413662121715,1.4403246661911233,0.7303903684786575,0.8817155756207675,0.9038189533239038,100.0,100.0,5277,547,10730,170,0,10730,0.032215273829827556,0.0,1.0,0.05,0.30000000000000004,0.8,0.7000000000000001,30.0,65.0,85.0,0.05,0.30000000000000004,0.8,0.7000000000000001,30.0,65.0,85.0,6621,2280,4341,6621,0.6556411418214771,1.43298054228147,1.0,1.43298054228147,2017,0.8846491228070176,1.0,1
"iteration_5","SCOPE_DATA_COLLECTION",1500,5,370.0,430.0,2,7861,6506,2187,7955,6581,2264,2741,2215,707,5120,4296,1484,0.6513166263834118,0.659806481339272,0.6773162939297125,0.6333500021571041,1.4064413662121715,2.160486999286685,1.2667000043142083,1.4064413662121715,1.4403246661911233,0.7303903684786575,0.8817155756207675,0.9038189533239038,100.0,100.0,5277,547,10730,170,0,10730,0.032215273829827556,0.0,1.0,0.05,0.30000000000000004,0.8,0.7000000000000001,30.0,65.0,85.0,0.05,0.30000000000000004,0.8,0.7000000000000001,30.0,65.0,85.0,2228,693,1535,2228,0.6889587073608617,2.1395793980427626,1.5,1.4263862653618418,615,0.8874458874458875,1.0,1
"iteration_5","SCOPE_DATA_COLLECTION",1500,6,430.0,490.0,0,8094,6621,2228,7861,6506,2187,2744,2269,700,5367,4341,1535,0.6616939958081618,0.656732223903177,0.6868008948545862,0.6415113315187341,1.4296318025502457,2.148762298800161,1.2830226630374681,1.4296318025502457,1.4325081992001074,0.7175655976676385,0.884089907448215,0.89,97.5,100.0,5322,570,11051,191,1,11051,0.03588876362269823,0.0017543859649122807,1.0,0.05,0.30000000000000004,0.8,0.7000000000000001,30.0,65.0,85.0,0.15000000000000002,0.2,0.8,0.6000000000000001,30.0,55.0,95.0,7785,3239,4546,7785,0.5839434810533076,0.5015657786695429,0.5,1.0031315573390858,1766,0.545230009262118,1.0,1
"iteration_5","SCOPE_DATA_COLLECTION",1500,6,430.0,490.0,1,8094,6621,2228,7861,6506,2187,2744,2269,700,5367,4341,1535,0.6616939958081618,0.656732223903177,0.6868008948545862,0.6415113315187341,1.4296318025502457,2.148762298800161,1.2830226630374681,1.4296318025502457,1.4325081992001074,0.7175655976676385,0.884089907448215,0.89,97.5,100.0,5322,570,11051,191,1,11051,0.03588876362269823,0.0017543859649122807,1.0,0.05,0.30000000000000004,0.8,0.7000000000000001,30.0,65.0,85.0,0.15000000000000002,0.2,0.8,0.6000000000000001,30.0,55.0,95.0,6562,2672,3890,6562,0.5928070710149345,1.1772179834925975,1.0,1.1772179834925975,1961,0.7339071856287425,1.0,1
"iteration_5","SCOPE_DATA_COLLECTION",1500,6,430.0,490.0,2,8094,6621,2228,7861,6506,2187,2744,2269,700,5367,4341,1535,0.6616939958081618,0.656732223903177,0.6868008948545862,0.6415113315187341,1.4296318025502457,2.148762298800161,1.2830226630374681,1.4296318025502457,1.4325081992001074,0.7175655976676385,0.884089907448215,0.89,97.5,100.0,5322,570,11051,191,1,11051,0.03588876362269823,0.0017543859649122807,1.0,0.05,0.30000000000000004,0.8,0.7000000000000001,30.0,65.0,85.0,0.15000000000000002,0.2,0.8,0.6000000000000001,30.0,55.0,95.0,2281,881,1400,2281,0.6137658921525647,1.7652634655759076,1.5,1.1768423103839385,625,0.7094211123723042,1.0,1
"iteration_5","SCOPE_DATA_COLLECTION",1500,7,490.0,550.0,0,7785,6562,2281,8094,6621,2228,3231,2703,867,4546,3890,1400,0.5845441687025845,0.5900197178826028,0.6175562417291575,0.5007443162097458,1.1861343396644153,1.7550580796964215,1.0014886324194916,1.1861343396644153,1.1700387197976143,0.5444134942742185,0.7376988531261561,0.7035755478662054,100.0,100.0,5266,1700,9662,171,3,9662,0.032472464868970756,0.0017647058823529412,1.0,0.15000000000000002,0.2,0.8,0.6000000000000001,30.0,55.0,95.0,0.15000000000000002,0.2,0.8,0.6000000000000001,30.0,55.0,95.0,7996,3440,4556,7996,0.5697848924462231,0.51832031718128,0.5,1.03664063436256,1951,0.5671511627906977,1.0,1
"iteration_5","SCOPE_DATA_COLLECTION",1500,7,490.0,550.0,1,7785,6562,2281,8094,6621,2228,3231,2703,867,4546,3890,1400,0.5845441687025845,0.5900197178826028,0.6175562417291575,0.5007443162097458,1.1861343396644153,1.7550580796964215,1.0014886324194916,1.1861343396644153,1.1700387197976143,0.5444134942742185,0.7376988531261561,0.7035755478662054,100.0,100.0,5266,1700,9662,171,3,9662,0.032472464868970756,0.0017647058823529412,1.0,0.15000000000000002,0.2,0.8,0.6000000000000001,30.0,55.0,95.0,0.15000000000000002,0.2,0.8,0.6000000000000001,30.0,55.0,95.0,6608,2709,3899,6608,0.590042372881356,1.2037068815121925,1.0,1.2037068815121925,1986,0.7331118493909191,1.0,1
"iteration_5","SCOPE_DATA_COLLECTION",1500,7,490.0,550.0,2,7785,6562,2281,8094,6621,2228,3231,2703,867,4546,3890,1400,0.5845441687025845,0.5900197178826028,0.6175562417291575,0.5007443162097458,1.1861343396644153,1.7550580796964215,1.0014886324194916,1.1861343396644153,1.1700387197976143,0.5444134942742185,0.7376988531261561,0.7035755478662054,100.0,100.0,5266,1700,9662,171,3,9662,0.032472464868970756,0.0017647058823529412,1.0,0.15000000000000002,0.2,0.8,0.6000000000000001,30.0,55.0,95.0,0.15000000000000002,0.2,0.8,0.6000000000000001,30.0,55.0,95.0,2232,829,1403,2232,0.628584229390681,1.8409982780280938,1.5,1.2273321853520625,616,0.7430639324487334,1.0,1
"iteration_5","SCOPE_DATA_COLLECTION",1500,8,550.0,610.0,0,7996,6608,2232,7785,6562,2281,3435,2701,836,4556,3899,1403,0.5701414090852208,0.5907575757575757,0.6266190263510496,0.5184458120746583,1.202808502413266,1.843949779130198,1.0368916241493167,1.202808502413266,1.2292998527534653,0.5662299854439592,0.7315808959644576,0.7452153110047847,100.0,100.0,5396,1771,9669,185,4,9669,0.034284655300222386,0.002258610954263128,1.0,0.15000000000000002,0.2,0.8,0.6000000000000001,30.0,55.0,95.0,0.65,0.6000000000000001,0.8,0.5,30.0,45.0,55.0,7928,7473,455,7928,0.05739152371342079,0.34134048907288295,0.5,0.6826809781457659,2132,0.28529372407333065,1.0,1
"iteration_5","SCOPE_DATA_COLLECTION",1500,8,550.0,610.0,1,7996,6608,2232,7785,6562,2281,3435,2701,836,4556,3899,1403,0.5701414090852208,0.5907575757575757,0.6266190263510496,0.5184458120746583,1.202808502413266,1.843949779130198,1.0368916241493167,1.202808502413266,1.2292998527534653,0.5662299854439592,0.7315808959644576,0.7452153110047847,100.0,100.0,5396,1771,9669,185,4,9669,0.034284655300222386,0.002258610954263128,1.0,0.15000000000000002,0.2,0.8,0.6000000000000001,30.0,55.0,95.0,0.65,0.6000000000000001,0.8,0.5,30.0,45.0,55.0,6606,6202,404,6606,0.061156524371783226,0.6723192493659376,1.0,0.6723192493659376,1960,0.3160270880361174,1.0,1
"iteration_5","SCOPE_DATA_COLLECTION",1500,8,550.0,610.0,2,7996,6608,2232,7785,6562,2281,3435,2701,836,4556,3899,1403,0.5701414090852208,0.5907575757575757,0.6266190263510496,0.5184458120746583,1.202808502413266,1.843949779130198,1.0368916241493167,1.202808502413266,1.2292998527534653,0.5662299854439592,0.7315808959644576,0.7452153110047847,100.0,100.0,5396,1771,9669,185,4,9669,0.034284655300222386,0.002258610954263128,1.0,0.15000000000000002,0.2,0.8,0.6000000000000001,30.0,55.0,95.0,0.65,0.6000000000000001,0.8,0.5,30.0,45.0,55.0,2236,2060,176,2236,0.07871198568872988,1.000343782907397,1.5,0.6668958552715979,641,0.3111650485436893,1.0,1
"iteration_5","SCOPE_DATA_COLLECTION",1500,9,610.0,670.0,0,7928,6606,2236,7996,6608,2232,7455,6192,2047,455,403,176,0.05752212389380531,0.06110689916603487,0.07917228969860549,0.3414320376639088,0.6721411996423949,1.0048210135191669,0.6828640753278176,0.6721411996423949,0.6698806756794445,0.2857142857142857,0.3166989664082687,0.31314118221787984,95.0,100.0,5270,7537,3963,197,9,828,0.03738140417457306,0.0011941090619609924,0.20893262679788038,0.65,0.6000000000000001,0.8,0.5,30.0,45.0,55.0,0.75,0.7000000000000001,0.7000000000000001,0.4,20.0,45.0,45.0,7908,7868,40,7908,0.005058168942842691,0.31868968295218786,0.5,0.6373793659043757,2107,0.2677935943060498,1.0,1
"iteration_5","SCOPE_DATA_COLLECTION",1500,9,610.0,670.0,1,7928,6606,2236,7996,6608,2232,7455,6192,2047,455,403,176,0.05752212389380531,0.06110689916603487,0.07917228969860549,0.3414320376639088,0.6721411996423949,1.0048210135191669,0.6828640753278176,0.6721411996423949,0.6698806756794445,0.2857142857142857,0.3166989664082687,0.31314118221787984,95.0,100.0,5270,7537,3963,197,9,828,0.03738140417457306,0.0011941090619609924,0.20893262679788038,0.65,0.6000000000000001,0.8,0.5,30.0,45.0,55.0,0.75,0.7000000000000001,0.7000000000000001,0.4,20.0,45.0,45.0,6607,6519,88,6607,0.013319206901770849,0.644944362071469,1.0,0.644944362071469,1983,0.3041877588587207,1.0,1
"iteration_5","SCOPE_DATA_COLLECTION",1500,9,610.0,670.0,2,7928,6606,2236,7996,6608,2232,7455,6192,2047,455,403,176,0.05752212389380531,0.06110689916603487,0.07917228969860549,0.3414320376639088,0.6721411996423949,1.0048210135191669,0.6828640753278176,0.6721411996423949,0.6698806756794445,0.2857142857142857,0.3166989664082687,0.31314118221787984,95.0,100.0,5270,7537,3963,197,9,828,0.03738140417457306,0.0011941090619609924,0.20893262679788038,0.65,0.6000000000000001,0.8,0.5,30.0,45.0,55.0,0.75,0.7000000000000001,0.7000000000000001,0.4,20.0,45.0,45.0,2228,2161,67,2228,0.03007181328545781,0.9454000146992008,1.5,0.6302666764661339,621,0.28736695974086074,1.0,1
"iteration_5","SCOPE_DATA_COLLECTION",1500,10,670.0,730.0,0,7908,6607,2228,7928,6606,2236,7877,6501,2173,40,89,67,0.005052418845522294,0.013505311077389984,0.029910714285714287,0.3182656869673909,0.6422745152171012,0.9484662398024988,0.6365313739347818,0.6422745152171012,0.6323108265349991,0.26786847784689605,0.30195354560836796,0.2894615738610216,100.0,100.0,5330,8549,2864,185,11,0,0.03470919324577861,0.001286700198853667,0.0,0.75,0.7000000000000001,0.7000000000000001,0.4,20.0,45.0,45.0,0.65,0.6000000000000001,0.7000000000000001,0.30000000000000004,20.0,55.0,45.0,7913,7515,398,7913,0.050296979653734364,0.3317858268951909,0.5,0.6635716537903819,1946,0.25894876912840986,1.0,1
"iteration_5","SCOPE_DATA_COLLECTION",1500,10,670.0,730.0,1,7908,6607,2228,7928,6606,2236,7877,6501,2173,40,89,67,0.005052418845522294,0.013505311077389984,0.029910714285714287,0.3182656869673909,0.6422745152171012,0.9484662398024988,0.6365313739347818,0.6422745152171012,0.6323108265349991,0.26786847784689605,0.30195354560836796,0.2894615738610216,100.0,100.0,5330,8549,2864,185,11,0,0.03470919324577861,0.001286700198853667,0.0,0.75,0.7000000000000001,0.7000000000000001,0.4,20.0,45.0,45.0,0.65,0.6000000000000001,0.7000000000000001,0.30000000000000004,20.0,55.0,45.0,6703,6332,371,6703,0.05534835148440997,0.6753011962456261,1.0,0.6753011962456261,2019,0.3188566013897663,1.0,1
"iteration_5","SCOPE_DATA_COLLECTION",1500,10,670.0,730.0,2,7908,6607,2228,7928,6606,2236,7877,6501,2173,40,89,67,0.005052418845522294,0.013505311077389984,0.029910714285714287,0.3182656869673909,0.6422745152171012,0.9484662398024988,0.6365313739347818,0.6422745152171012,0.6323108265349991,0.26786847784689605,0.30195354560836796,0.2894615738610216,100.0,100.0,5330,8549,2864,185,11,0,0.03470919324577861,0.001286700198853667,0.0,0.75,0.7000000000000001,0.7000000000000001,0.4,20.0,45.0,45.0,0.65,0.6000000000000001,0.7000000000000001,0.30000000000000004,20.0,55.0,45.0,2172,2038,134,2172,0.061694290976058934,0.9973790591177578,1.5,0.6649193727451719,634,0.31108930323846906,1.0,1
"iteration_5","SCOPE_DATA_COLLECTION",1500,11,730.0,790.0,0,7913,6703,2172,7908,6607,2228,7513,6329,2034,398,371,134,0.0503096953608899,0.055373134328358206,0.061808118081180814,0.33164907747525724,0.6735860327239642,0.9919478270191653,0.6632981549505145,0.6735860327239642,0.6612985513461102,0.25795288167176894,0.31805972507505137,0.3087512291052114,97.5,100.0,5174,7549,4065,154,10,739,0.029764205643602628,0.0013246787653993907,0.1817958179581796,0.65,0.6000000000000001,0.7000000000000001,0.30000000000000004,20.0,55.0,45.0,0.75,0.7000000000000001,0.7000000000000001,0.30000000000000004,30.0,55.0,35.0,7789,7718,71,7789,0.009115419180896136,0.3256830764778629,0.5,0.6513661529557258,2129,0.27584866545737236,1.0,1
"iteration_5","SCOPE_DATA_COLLECTION",1500,11,730.0,790.0,1,7913,6703,2172,7908,6607,2228,7513,6329,2034,398,371,134,0.0503096953608899,0.055373134328358206,0.061808118081180814,0.33164907747525724,0.6735860327239642,0.9919478270191653,0.6632981549505145,0.6735860327239642,0.6612985513461102,0.25795288167176894,0.31805972507505137,0.3087512291052114,97.5,100.0,5174,7549,4065,154,10,739,0.029764205643602628,0.0013246787653993907,0.1817958179581796,0.65,0.6000000000000001,0.7000000000000001,0.30000000000000004,20.0,55.0,45.0,0.75,0.7000000000000001,0.7000000000000001,0.30000000000000004,30.0,55.0,35.0,6430,6313,117,6430,0.018195956454121306,0.6456148684206833,1.0,0.6456148684206833,1946,0.3082528116584825,1.0,1
"iteration_5","SCOPE_DATA_COLLECTION",1500,11,730.0,790.0,2,7913,6703,2172,7908,6607,2228,7513,6329,2034,398,371,134,0.0503096953608899,0.055373134328358206,0.061808118081180814,0.33164907747525724,0.6735860327239642,0.9919478270191653,0.6632981549505145,0.6735860327239642,0.6612985513461102,0.25795288167176894,0.31805972507505137,0.3087512291052114,97.5,100.0,5174,7549,4065,154,10,739,0.029764205643602628,0.0013246787653993907,0.1817958179581796,0.65,0.6000000000000001,0.7000000000000001,0.30000000000000004,20.0,55.0,45.0,0.75,0.7000000000000001,0.7000000000000001,0.30000000000000004,30.0,55.0,35.0,2191,2132,59,2191,0.026928343222272933,0.9215316425131145,1.5,0.6143544283420763,598,0.2804878048780488,1.0,1
"iteration_5","SCOPE_DATA_COLLECTION",1500,12,790.0,850.0,0,7789,6430,2191,7913,6703,2172,7696,6311,2127,71,117,59,0.009141238573451784,0.01820161792159303,0.026989935956084173,0.325117102838579,0.6485267942004266,0.9233554909770809,0.650234205677158,0.6485267942004266,0.615570327318054,0.2739085239085239,0.31136111551259704,0.28161730136342267,100.0,100.0,5230,8367,2813,137,74,36,0.026195028680688338,0.008844269152623402,0.012797724848915748,0.75,0.7000000000000001,0.7000000000000001,0.30000000000000004,30.0,55.0,35.0,0.75,0.7000000000000001,0.7000000000000001,0.30000000000000004,20.0,45.0,25.0,7913,7862,51,7913,0.0064450903576393275,0.313070120441044,0.5,0.626140240882088,2003,0.25476977868226913,1.0,1
"iteration_5","SCOPE_DATA_COLLECTION",1500,12,790.0,850.0,1,7789,6430,2191,7913,6703,2172,7696,6311,2127,71,117,59,0.009141238573451784,0.01820161792159303,0.026989935956084173,0.325117102838579,0.6485267942004266,0.9233554909770809,0.650234205677158,0.6485267942004266,0.615570327318054,0.2739085239085239,0.31136111551259704,0.28161730136342267,100.0,100.0,5230,8367,2813,137,74,36,0.026195028680688338,0.008844269152623402,0.012797724848915748,0.75,0.7000000000000001,0.7000000000000001,0.30000000000000004,30.0,55.0,35.0,0.75,0.7000000000000001,0.7000000000000001,0.30000000000000004,20.0,45.0,25.0,6562,6467,95,6562,0.014477293508076805,0.6387443311661135,1.0,0.6387443311661135,1987,0.3072522034946652,1.0,1
"iteration_5","SCOPE_DATA_COLLECTION",1500,12,790.0,850.0,2,7789,6430,2191,7913,6703,2172,7696,6311,2127,71,117,59,0.009141238573451784,0.01820161792159303,0.026989935956084173,0.325117102838579,0.6485267942004266,0.9233554909770809,0.650234205677158,0.6485267942004266,0.615570327318054,0.2739085239085239,0.31136111551259704,0.28161730136342267,100.0,100.0,5230,8367,2813,137,74,36,0.026195028680688338,0.008844269152623402,0.012797724848915748,0.75,0.7000000000000001,0.7000000000000001,0.30000000000000004,30.0,55.0,35.0,0.75,0.7000000000000001,0.7000000000000001,0.30000000000000004,20.0,45.0,25.0,2237,2165,72,2237,0.03218596334376397,0.964801099686002,1.5,0.6432007331240014,653,0.30161662817551965,1.0,1
"iteration_5","SCOPE_DATA_COLLECTION",1500,13,850.0,910.0,0,7913,6562,2237,7789,6430,2191,7873,6471,2158,51,95,72,0.006436143361938415,0.014468473956746879,0.03228699551569507,0.3144807825947062,0.6382522486529398,0.9608556453930754,0.6289615651894124,0.6382522486529398,0.6405704302620503,0.25822431093611076,0.30644413537320353,0.29935125115848005,100.0,100.0,5212,8577,2923,175,6,37,0.03357636224098235,6.995452955578874E-4,0.012658227848101266,0.75,0.7000000000000001,0.7000000000000001,0.30000000000000004,20.0,45.0,25.0,0.4,0.30000000000000004,0.4,0.8,65.0,90.0,90.0,7831,4552,3279,7831,0.41872046992721235,0.4124249516301897,0.5,0.8248499032603794,1934,0.4248681898066784,1.0,1
"iteration_5","SCOPE_DATA_COLLECTION",1500,13,850.0,910.0,1,7913,6562,2237,7789,6430,2191,7873,6471,2158,51,95,72,0.006436143361938415,0.014468473956746879,0.03228699551569507,0.3144807825947062,0.6382522486529398,0.9608556453930754,0.6289615651894124,0.6382522486529398,0.6405704302620503,0.25822431093611076,0.30644413537320353,0.29935125115848005,100.0,100.0,5212,8577,2923,175,6,37,0.03357636224098235,6.995452955578874E-4,0.012658227848101266,0.75,0.7000000000000001,0.7000000000000001,0.30000000000000004,20.0,45.0,25.0,0.4,0.30000000000000004,0.4,0.8,65.0,90.0,90.0,6575,3797,2778,6575,0.42250950570342205,0.8971061489087835,1.0,0.8971061489087835,1938,0.5104029496971293,1.0,1
"iteration_5","SCOPE_DATA_COLLECTION",1500,13,850.0,910.0,2,7913,6562,2237,7789,6430,2191,7873,6471,2158,51,95,72,0.006436143361938415,0.014468473956746879,0.03228699551569507,0.3144807825947062,0.6382522486529398,0.9608556453930754,0.6289615651894124,0.6382522486529398,0.6405704302620503,0.25822431093611076,0.30644413537320353,0.29935125115848005,100.0,100.0,5212,8577,2923,175,6,37,0.03357636224098235,6.995452955578874E-4,0.012658227848101266,0.75,0.7000000000000001,0.7000000000000001,0.30000000000000004,20.0,45.0,25.0,0.4,0.30000000000000004,0.4,0.8,65.0,90.0,90.0,2269,1295,974,2269,0.4292639929484354,1.354763730271133,1.5,0.9031758201807554,650,0.5019305019305019,1.0,1
"iteration_5","SCOPE_DATA_COLLECTION",1500,14,910.0,970.0,0,7831,6575,2269,7913,6562,2237,4579,3822,1311,3279,2778,974,0.4172817510817002,0.4209090909090909,0.4262582056892779,0.4117260019662122,0.8979724541139575,1.3560012743080152,0.8234520039324243,0.8979724541139575,0.9040008495386768,0.4238916794059838,0.5086342229199372,0.5011441647597255,100.0,100.0,5183,4580,6912,155,2,6874,0.02990546015820953,4.366812227074236E-4,0.9945023148148148,0.4,0.30000000000000004,0.4,0.8,65.0,90.0,90.0,0.4,0.4,0.30000000000000004,0.9,55.0,90.0,80.0,7890,4507,3383,7890,0.42877059569074777,0.4164517692743354,0.5,0.8329035385486708,1886,0.4184601730641225,1.0,1
"iteration_5","SCOPE_DATA_COLLECTION",1500,14,910.0,970.0,1,7831,6575,2269,7913,6562,2237,4579,3822,1311,3279,2778,974,0.4172817510817002,0.4209090909090909,0.4262582056892779,0.4117260019662122,0.8979724541139575,1.3560012743080152,0.8234520039324243,0.8979724541139575,0.9040008495386768,0.4238916794059838,0.5086342229199372,0.5011441647597255,100.0,100.0,5183,4580,6912,155,2,6874,0.02990546015820953,4.366812227074236E-4,0.9945023148148148,0.4,0.30000000000000004,0.4,0.8,65.0,90.0,90.0,0.4,0.4,0.30000000000000004,0.9,55.0,90.0,80.0,6691,3865,2826,6691,0.42235839186967566,0.8636425047351668,1.0,0.8636425047351668,1956,0.5060802069857697,1.0,1
"iteration_5","SCOPE_DATA_COLLECTION",1500,14,910.0,970.0,2,7831,6575,2269,7913,6562,2237,4579,3822,1311,3279,2778,974,0.4172817510817002,0.4209090909090909,0.4262582056892779,0.4117260019662122,0.8979724541139575,1.3560012743080152,0.8234520039324243,0.8979724541139575,0.9040008495386768,0.4238916794059838,0.5086342229199372,0.5011441647597255,100.0,100.0,5183,4580,6912,155,2,6874,0.02990546015820953,4.366812227074236E-4,0.9945023148148148,0.4,0.30000000000000004,0.4,0.8,65.0,90.0,90.0,0.4,0.4,0.30000000000000004,0.9,55.0,90.0,80.0,2287,1309,978,2287,0.4276344556187145,1.3407298139334878,1.5,0.8938198759556585,652,0.49809014514896865,1.0,1
"iteration_5","SCOPE_DATA_COLLECTION",1500,15,970.0,1030.0,0,7890,6691,2287,7831,6575,2269,4498,3854,1304,3383,2826,978,0.4292602461616546,0.4230538922155689,0.42857142857142855,0.4147618745362057,0.8603086716167556,1.3304114756102985,0.8295237490724114,0.8603086716167556,0.886940983740199,0.41662961316140507,0.50570835495589,0.4946319018404908,95.0,100.0,5104,4724,7040,141,6,7040,0.02762539184952978,0.0012701100762066045,1.0,0.4,0.4,0.30000000000000004,0.9,55.0,90.0,80.0,0.4,0.4,0.2,0.8,55.0,90.0,70.0,7787,4557,3230,7787,0.4147938872479774,0.4176943684390625,0.5,0.835388736878125,1940,0.42571867456660084,1.0,1
"iteration_5","SCOPE_DATA_COLLECTION",1500,15,970.0,1030.0,1,7890,6691,2287,7831,6575,2269,4498,3854,1304,3383,2826,978,0.4292602461616546,0.4230538922155689,0.42857142857142855,0.4147618745362057,0.8603086716167556,1.3304114756102985,0.8295237490724114,0.8603086716167556,0.886940983740199,0.41662961316140507,0.50570835495589,0.4946319018404908,95.0,100.0,5104,4724,7040,141,6,7040,0.02762539184952978,0.0012701100762066045,1.0,0.4,0.4,0.30000000000000004,0.9,55.0,90.0,80.0,0.4,0.4,0.2,0.8,55.0,90.0,70.0,6599,3790,2809,6599,0.4256705561448704,0.8128237160938495,1.0,0.8128237160938495,1854,0.48918205804749343,1.0,1
"iteration_5","SCOPE_DATA_COLLECTION",1500,15,970.0,1030.0,2,7890,6691,2287,7831,6575,2269,4498,3854,1304,3383,2826,978,0.4292602461616546,0.4230538922155689,0.42857142857142855,0.4147618745362057,0.8603086716167556,1.3304114756102985,0.8295237490724114,0.8603086716167556,0.886940983740199,0.41662961316140507,0.50570835495589,0.4946319018404908,95.0,100.0,5104,4724,7040,141,6,7040,0.02762539184952978,0.0012701100762066045,1.0,0.4,0.4,0.30000000000000004,0.9,55.0,90.0,80.0,0.4,0.4,0.2,0.8,55.0,90.0,70.0,2243,1303,940,2243,0.4190815871600535,1.34135468688492,1.5,0.89423645792328,657,0.5042210283960092,1.0,1
"iteration_5","SCOPE_DATA_COLLECTION",1500,16,1030.0,1090.0,0,7787,6599,2243,7890,6691,2287,4566,3808,1304,3230,2809,940,0.4143150333504361,0.42451261901163667,0.41889483065953653,0.4201710697038515,0.8202818127147296,1.351360307643871,0.840342139407703,0.8202818127147296,0.9009068717625807,0.42794568550153306,0.49185924369747897,0.5076687116564417,100.0,100.0,5121,4634,6874,102,3,6874,0.01991798476859988,6.473888649115235E-4,1.0,0.4,0.4,0.2,0.8,55.0,90.0,70.0,0.4,0.30000000000000004,0.1,0.9,55.0,95.0,60.0,7891,4599,3292,7891,0.4171841338233431,0.3937121747857573,0.5,0.7874243495715146,1830,0.3979125896934116,1.0,1
"iteration_5","SCOPE_DATA_COLLECTION",1500,16,1030.0,1090.0,1,7787,6599,2243,7890,6691,2287,4566,3808,1304,3230,2809,940,0.4143150333504361,0.42451261901163667,0.41889483065953653,0.4201710697038515,0.8202818127147296,1.351360307643871,0.840342139407703,0.8202818127147296,0.9009068717625807,0.42794568550153306,0.49185924369747897,0.5076687116564417,100.0,100.0,5121,4634,6874,102,3,6874,0.01991798476859988,6.473888649115235E-4,1.0,0.4,0.4,0.2,0.8,55.0,90.0,70.0,0.4,0.30000000000000004,0.1,0.9,55.0,95.0,60.0,6715,3941,2774,6715,0.4131049888309754,0.8110375269496294,1.0,0.8110375269496294,1953,0.4955595026642984,1.0,1
"iteration_5","SCOPE_DATA_COLLECTION",1500,16,1030.0,1090.0,2,7787,6599,2243,7890,6691,2287,4566,3808,1304,3230,2809,940,0.4143150333504361,0.42451261901163667,0.41889483065953653,0.4201710697038515,0.8202818127147296,1.351360307643871,0.840342139407703,0.8202818127147296,0.9009068717625807,0.42794568550153306,0.49185924369747897,0.5076687116564417,100.0,100.0,5121,4634,6874,102,3,6874,0.01991798476859988,6.473888649115235E-4,1.0,0.4,0.4,0.2,0.8,55.0,90.0,70.0,0.4,0.30000000000000004,0.1,0.9,55.0,95.0,60.0,2220,1269,951,2220,0.4283783783783784,1.3074330975395743,1.5,0.8716220650263828,628,0.49487785657998423,1.0,1
"iteration_5","SCOPE_DATA_COLLECTION",1500,17,1090.0,1150.0,0,7891,6715,2220,7787,6599,2243,4601,3947,1266,3292,2774,951,0.41707842391992905,0.4127361999702425,0.428958051420839,0.39343353875543846,0.8096395128468451,1.295977077568829,0.7868670775108769,0.8096395128468451,0.8639847183792194,0.3981743099326233,0.4950595388902964,0.48973143759873616,100.0,100.0,5123,4762,6941,73,3,6941,0.01424946320515323,6.29987400251995E-4,1.0,0.4,0.30000000000000004,0.1,0.9,55.0,95.0,60.0,0.4,0.30000000000000004,0.1,0.9,55.0,95.0,60.0,7806,4475,3331,7806,0.42672303356392516,0.3875846491560776,0.5,0.7751692983121552,1746,0.39016759776536314,1.0,1
"iteration_5","SCOPE_DATA_COLLECTION",1500,17,1090.0,1150.0,1,7891,6715,2220,7787,6599,2243,4601,3947,1266,3292,2774,951,0.41707842391992905,0.4127361999702425,0.428958051420839,0.39343353875543846,0.8096395128468451,1.295977077568829,0.7868670775108769,0.8096395128468451,0.8639847183792194,0.3981743099326233,0.4950595388902964,0.48973143759873616,100.0,100.0,5123,4762,6941,73,3,6941,0.01424946320515323,6.29987400251995E-4,1.0,0.4,0.30000000000000004,0.1,0.9,55.0,95.0,60.0,0.4,0.30000000000000004,0.1,0.9,55.0,95.0,60.0,6588,3885,2703,6588,0.41029143897996356,0.8120688953102226,1.0,0.8120688953102226,1970,0.5070785070785071,1.0,1
"iteration_5","SCOPE_DATA_COLLECTION",1500,17,1090.0,1150.0,2,7891,6715,2220,7787,6599,2243,4601,3947,1266,3292,2774,951,0.41707842391992905,0.4127361999702425,0.428958051420839,0.39343353875543846,0.8096395128468451,1.295977077568829,0.7868670775108769,0.8096395128468451,0.8639847183792194,0.3981743099326233,0.4950595388902964,0.48973143759873616,100.0,100.0,5123,4762,6941,73,3,6941,0.01424946320515323,6.29987400251995E-4,1.0,0.4,0.30000000000000004,0.1,0.9,55.0,95.0,60.0,0.4,0.30000000000000004,0.1,0.9,55.0,95.0,60.0,2197,1242,955,2197,0.4346836595357305,1.2928416213057392,1.5,0.8618944142038262,615,0.49516908212560384,1.0,1
"iteration_5","SCOPE_DATA_COLLECTION",1500,18,1150.0,1210.0,0,7806,6588,2197,7891,6715,2220,4473,3872,1247,3331,2703,955,0.426832393644285,0.4111026615969582,0.4336966394187103,0.38759404957676946,0.8116650628152536,1.2976624440639524,0.7751880991535389,0.8116650628152536,0.865108296042635,0.3898949251061927,0.5054235537190083,0.4971932638331997,100.0,100.0,5057,4598,6936,52,1,6936,0.010282776349614395,2.1748586341887777E-4,1.0,0.4,0.30000000000000004,0.1,0.9,55.0,95.0,60.0,0.9500000000000001,0.30000000000000004,0.7000000000000001,0.8,85.0,25.0,40.0,8019,7057,962,8019,0.11996508292804589,0.40249224009130263,0.5,0.8049844801826053,2355,0.3337112087289216,1.0,1
"iteration_5","SCOPE_DATA_COLLECTION",1500,18,1150.0,1210.0,1,7806,6588,2197,7891,6715,2220,4473,3872,1247,3331,2703,955,0.426832393644285,0.4111026615969582,0.4336966394187103,0.38759404957676946,0.8116650628152536,1.2976624440639524,0.7751880991535389,0.8116650628152536,0.865108296042635,0.3898949251061927,0.5054235537190083,0.4971932638331997,100.0,100.0,5057,4598,6936,52,1,6936,0.010282776349614395,2.1748586341887777E-4,1.0,0.4,0.30000000000000004,0.1,0.9,55.0,95.0,60.0,0.9500000000000001,0.30000000000000004,0.7000000000000001,0.8,85.0,25.0,40.0,6616,5677,939,6616,0.1419286577992745,0.7701950372505522,1.0,0.7701950372505522,2100,0.36991368680641185,1.0,1
"iteration_5","SCOPE_DATA_COLLECTION",1500,18,1150.0,1210.0,2,7806,6588,2197,7891,6715,2220,4473,3872,1247,3331,2703,955,0.426832393644285,0.4111026615969582,0.4336966394187103,0.38759404957676946,0.8116650628152536,1.2976624440639524,0.7751880991535389,0.8116650628152536,0.865108296042635,0.3898949251061927,0.5054235537190083,0.4971932638331997,100.0,100.0,5057,4598,6936,52,1,6936,0.010282776349614395,2.1748586341887777E-4,1.0,0.4,0.30000000000000004,0.1,0.9,55.0,95.0,60.0,0.9500000000000001,0.30000000000000004,0.7000000000000001,0.8,85.0,25.0,40.0,2175,1830,345,2175,0.15862068965517243,1.1112421879357854,1.5,0.7408281252905237,622,0.33989071038251367,1.0,1
"iteration_5","SCOPE_DATA_COLLECTION",1500,19,1210.0,1270.0,0,8019,6616,2175,7806,6588,2197,7036,5666,1827,962,939,345,0.12028007001750438,0.14216502649507948,0.15883977900552487,0.4017250781329614,0.7708576134170528,1.1179539948425026,0.8034501562659228,0.7708576134170528,0.745302663228335,0.33342808413871516,0.37151429579950584,0.34318555008210183,100.0,100.0,5348,10885,577,182,2058,6,0.034031413612565446,0.18906752411575561,0.010398613518197574,0.9500000000000001,0.30000000000000004,0.7000000000000001,0.8,85.0,25.0,40.0,0.8500000000000001,0.30000000000000004,0.6000000000000001,0.8,85.0,25.0,50.0,7819,7755,64,7819,0.00818518992198491,0.323541012735296,0.5,0.647082025470592,2033,0.26215344938749197,1.0,1
"iteration_5","SCOPE_DATA_COLLECTION",1500,19,1210.0,1270.0,1,8019,6616,2175,7806,6588,2197,7036,5666,1827,962,939,345,0.12028007001750438,0.14216502649507948,0.15883977900552487,0.4017250781329614,0.7708576134170528,1.1179539948425026,0.8034501562659228,0.7708576134170528,0.745302663228335,0.33342808413871516,0.37151429579950584,0.34318555008210183,100.0,100.0,5348,10885,577,182,2058,6,0.034031413612565446,0.18906752411575561,0.010398613518197574,0.9500000000000001,0.30000000000000004,0.7000000000000001,0.8,85.0,25.0,40.0,0.8500000000000001,0.30000000000000004,0.6000000000000001,0.8,85.0,25.0,50.0,6574,6446,128,6574,0.01947064192272589,0.6431360921716568,1.0,0.6431360921716568,1944,0.3015823766677009,1.0,1
"iteration_5","SCOPE_DATA_COLLECTION",1500,19,1210.0,1270.0,2,8019,6616,2175,7806,6588,2197,7036,5666,1827,962,939,345,0.12028007001750438,0.14216502649507948,0.15883977900552487,0.4017250781329614,0.7708576134170528,1.1179539948425026,0.8034501562659228,0.7708576134170528,0.745302663228335,0.33342808413871516,0.37151429579950584,0.34318555008210183,100.0,100.0,5348,10885,577,182,2058,6,0.034031413612565446,0.18906752411575561,0.010398613518197574,0.9500000000000001,0.30000000000000004,0.7000000000000001,0.8,85.0,25.0,40.0,0.8500000000000001,0.30000000000000004,0.6000000000000001,0.8,85.0,25.0,50.0,2294,2207,87,2294,0.03792502179598954,0.9779859600816305,1.5,0.6519906400544203,646,0.2927050294517444,1.0,1
"iteration_5","SCOPE_DATA_COLLECTION",1500,20,1270.0,1330.0,0,7819,6574,2294,8019,6616,2175,7768,6438,2198,64,128,86,0.008171603677221655,0.019494364910143162,0.03765323992994746,0.32374113274249383,0.642745561527523,0.9732265072181809,0.6474822654849877,0.642745561527523,0.6488176714787873,0.2613285272914521,0.30149114631873253,0.29071883530482256,100.0,100.0,5263,9754,1670,187,91,0,0.03553106593197796,0.009329505843756407,0.0,0.8500000000000001,0.30000000000000004,0.6000000000000001,0.8,85.0,25.0,50.0,0.8500000000000001,0.30000000000000004,0.6000000000000001,0.8,85.0,25.0,50.0,7811,7349,462,7811,0.059147356292408144,0.3654732397975999,0.5,0.7309464795951998,2078,0.2827595591236903,1.0,1
"iteration_5","SCOPE_DATA_COLLECTION",1500,20,1270.0,1330.0,1,7819,6574,2294,8019,6616,2175,7768,6438,2198,64,128,86,0.008171603677221655,0.019494364910143162,0.03765323992994746,0.32374113274249383,0.642745561527523,0.9732265072181809,0.6474822654849877,0.642745561527523,0.6488176714787873,0.2613285272914521,0.30149114631873253,0.29071883530482256,100.0,100.0,5263,9754,1670,187,91,0,0.03553106593197796,0.009329505843756407,0.0,0.8500000000000001,0.30000000000000004,0.6000000000000001,0.8,85.0,25.0,50.0,0.8500000000000001,0.30000000000000004,0.6000000000000001,0.8,85.0,25.0,50.0,6690,6247,443,6690,0.06621823617339312,0.6982284083674928,1.0,0.6982284083674928,2047,0.32767728509684646,1.0,1
"iteration_5","SCOPE_DATA_COLLECTION",1500,20,1270.0,1330.0,2,7819,6574,2294,8019,6616,2175,7768,6438,2198,64,128,86,0.008171603677221655,0.019494364910143162,0.03765323992994746,0.32374113274249383,0.642745561527523,0.9732265072181809,0.6474822654849877,0.642745561527523,0.6488176714787873,0.2613285272914521,0.30149114631873253,0.29071883530482256,100.0,100.0,5263,9754,1670,187,91,0,0.03553106593197796,0.009329505843756407,0.0,0.8500000000000001,0.30000000000000004,0.6000000000000001,0.8,85.0,25.0,50.0,0.8500000000000001,0.30000000000000004,0.6000000000000001,0.8,85.0,25.0,50.0,2327,2151,176,2327,0.07563386334336054,1.0496238949534065,1.5,0.6997492633022709,688,0.3198512319851232,1.0,1
"iteration_5","SCOPE_DATA_COLLECTION",1500,21,1330.0,1390.0,0,7811,6690,2327,7819,6574,2294,7345,6229,2146,462,443,177,0.05917766107339567,0.0663968824940048,0.07619457597933707,0.36556089832580085,0.6955143773848106,1.0502343763310842,0.7311217966516017,0.6955143773848106,0.7001562508873894,0.2831858407079646,0.32557392839942206,0.320596458527493,97.5,100.0,5217,9933,1678,183,899,0,0.035077630822311676,0.09050639283197423,0.0,0.8500000000000001,0.30000000000000004,0.6000000000000001,0.8,85.0,25.0,50.0,0.9500000000000001,0.2,0.5,0.8,75.0,20.0,50.0,7889,6928,961,7889,0.12181518570160983,0.36406965781769146,0.5,0.7281393156353829,2052,0.29618937644341803,1.0,1
"iteration_5","SCOPE_DATA_COLLECTION",1500,21,1330.0,1390.0,1,7811,6690,2327,7819,6574,2294,7345,6229,2146,462,443,177,0.05917766107339567,0.0663968824940048,0.07619457597933707,0.36556089832580085,0.6955143773848106,1.0502343763310842,0.7311217966516017,0.6955143773848106,0.7001562508873894,0.2831858407079646,0.32557392839942206,0.320596458527493,97.5,100.0,5217,9933,1678,183,899,0,0.035077630822311676,0.09050639283197423,0.0,0.8500000000000001,0.30000000000000004,0.6000000000000001,0.8,85.0,25.0,50.0,0.9500000000000001,0.2,0.5,0.8,75.0,20.0,50.0,6570,5685,885,6570,0.13470319634703196,0.7356564181460857,1.0,0.7356564181460857,2012,0.3539138082673703,1.0,1
"iteration_5","SCOPE_DATA_COLLECTION",1500,21,1330.0,1390.0,2,7811,6690,2327,7819,6574,2294,7345,6229,2146,462,443,177,0.05917766107339567,0.0663968824940048,0.07619457597933707,0.36556089832580085,0.6955143773848106,1.0502343763310842,0.7311217966516017,0.6955143773848106,0.7001562508873894,0.2831858407079646,0.32557392839942206,0.320596458527493,97.5,100.0,5217,9933,1678,183,899,0,0.035077630822311676,0.09050639283197423,0.0,0.8500000000000001,0.30000000000000004,0.6000000000000001,0.8,85.0,25.0,50.0,0.9500000000000001,0.2,0.5,0.8,75.0,20.0,50.0,2256,1881,375,2256,0.16622340425531915,1.0874692247295357,1.5,0.7249794831530237,632,0.33599149388623073,1.0,1
"iteration_5","SCOPE_DATA_COLLECTION",1500,22,1390.0,1450.0,0,7889,6570,2256,7811,6690,2327,6906,5671,1894,961,885,375,0.12215584085420109,0.1349908480780964,0.16527104451300131,0.36407786980488716,0.7349490781239343,1.088934259950385,0.7281557396097743,0.7349490781239343,0.7259561733002567,0.29684332464523605,0.35478751542937753,0.3368532206969377,100.0,100.0,5338,10785,592,160,2061,0,0.029973772948669913,0.19109874826147427,0.0,0.9500000000000001,0.2,0.5,0.8,75.0,20.0,50.0,0.9500000000000001,0.2,0.5,0.9,65.0,20.0,50.0,8137,7097,1040,8137,0.12781123264102248,0.37211968796860606,0.5,0.7442393759372121,2068,0.2913907284768212,1.0,1
"iteration_5","SCOPE_DATA_COLLECTION",1500,22,1390.0,1450.0,1,7889,6570,2256,7811,6690,2327,6906,5671,1894,961,885,375,0.12215584085420109,0.1349908480780964,0.16527104451300131,0.36407786980488716,0.7349490781239343,1.088934259950385,0.7281557396097743,0.7349490781239343,0.7259561733002567,0.29684332464523605,0.35478751542937753,0.3368532206969377,100.0,100.0,5338,10785,592,160,2061,0,0.029973772948669913,0.19109874826147427,0.0,0.9500000000000001,0.2,0.5,0.8,75.0,20.0,50.0,0.9500000000000001,0.2,0.5,0.9,65.0,20.0,50.0,6623,5671,952,6623,0.14374150686999848,0.7609429599921994,1.0,0.7609429599921994,2028,0.35760888732146007,1.0,1
"iteration_5","SCOPE_DATA_COLLECTION",1500,22,1390.0,1450.0,2,7889,6570,2256,7811,6690,2327,6906,5671,1894,961,885,375,0.12215584085420109,0.1349908480780964,0.16527104451300131,0.36407786980488716,0.7349490781239343,1.088934259950385,0.7281557396097743,0.7349490781239343,0.7259561733002567,0.29684332464523605,0.35478751542937753,0.3368532206969377,100.0,100.0,5338,10785,592,160,2061,0,0.029973772948669913,0.19109874826147427,0.0,0.9500000000000001,0.2,0.5,0.8,75.0,20.0,50.0,0.9500000000000001,0.2,0.5,0.9,65.0,20.0,50.0,2167,1793,374,2167,0.17258883248730963,1.125504872023304,1.5,0.7503365813488694,636,0.354712771890686,1.0,1
"iteration_5","SCOPE_DATA_COLLECTION",1500,23,1450.0,1510.0,0,8137,6623,2167,7889,6570,2256,7123,5728,1790,1040,952,373,0.12740414063457062,0.14251497005988023,0.17244567730004623,0.3725805104495383,0.7625684853021008,1.1161682145703322,0.7451610208990767,0.7625684853021008,0.7441121430468881,0.29088867050400113,0.35876396648044695,0.34916201117318435,100.0,100.0,5410,10933,584,198,2167,0,0.036598890942698706,0.19820726241653708,0.0,0.9500000000000001,0.2,0.5,0.9,65.0,20.0,50.0,0.9500000000000001,0.1,0.6000000000000001,0.9,55.0,20.0,40.0,7732,7207,525,7732,0.06789963786859804,0.3395030141050549,0.5,0.6790060282101098,1876,0.2603024836964063,1.0,1
"iteration_5","SCOPE_DATA_COLLECTION",1500,23,1450.0,1510.0,1,8137,6623,2167,7889,6570,2256,7123,5728,1790,1040,952,373,0.12740414063457062,0.14251497005988023,0.17244567730004623,0.3725805104495383,0.7625684853021008,1.1161682145703322,0.7451610208990767,0.7625684853021008,0.7441121430468881,0.29088867050400113,0.35876396648044695,0.34916201117318435,100.0,100.0,5410,10933,584,198,2167,0,0.036598890942698706,0.19820726241653708,0.0,0.9500000000000001,0.2,0.5,0.9,65.0,20.0,50.0,0.9500000000000001,0.1,0.6000000000000001,0.9,55.0,20.0,40.0,6622,6063,559,6622,0.08441558441558442,0.7057398595371515,1.0,0.7057398595371515,2009,0.33135411512452584,1.0,1
"iteration_5","SCOPE_DATA_COLLECTION",1500,23,1450.0,1510.0,2,8137,6623,2167,7889,6570,2256,7123,5728,1790,1040,952,373,0.12740414063457062,0.14251497005988023,0.17244567730004623,0.3725805104495383,0.7625684853021008,1.1161682145703322,0.7451610208990767,0.7625684853021008,0.7441121430468881,0.29088867050400113,0.35876396648044695,0.34916201117318435,100.0,100.0,5410,10933,584,198,2167,0,0.036598890942698706,0.19820726241653708,0.0,0.9500000000000001,0.2,0.5,0.9,65.0,20.0,50.0,0.9500000000000001,0.1,0.6000000000000001,0.9,55.0,20.0,40.0,2213,1980,233,2213,0.10528694080433801,1.0666195430985483,1.5,0.7110796953990323,644,0.32525252525252524,1.0,1
"iteration_5","SCOPE_DATA_COLLECTION",1500,24,1510.0,1570.0,0,7732,6622,2213,8137,6623,2167,7218,6058,1982,517,544,217,0.06683904330963154,0.08239927294759164,0.098681218735789,0.33990119328504353,0.7059974906103659,1.0687489364797564,0.6798023865700871,0.7059974906103659,0.7124992909865043,0.26115267387087837,0.3308022449653351,0.32643794147325933,100.0,100.0,5337,10694,536,170,1108,0,0.03185310099306727,0.10360950065457265,0.0,0.9500000000000001,0.1,0.6000000000000001,0.9,55.0,20.0,40.0,0.9500000000000001,0.2,0.7000000000000001,0.9,45.0,20.0,40.0,7836,6953,883,7836,0.11268504338948443,0.4093600100273425,0.5,0.818720020054685,2203,0.3168416510858622,1.0,1
"iteration_5","SCOPE_DATA_COLLECTION",1500,24,1510.0,1570.0,1,7732,6622,2213,8137,6623,2167,7218,6058,1982,517,544,217,0.06683904330963154,0.08239927294759164,0.098681218735789,0.33990119328504353,0.7059974906103659,1.0687489364797564,0.6798023865700871,0.7059974906103659,0.7124992909865043,0.26115267387087837,0.3308022449653351,0.32643794147325933,100.0,100.0,5337,10694,536,170,1108,0,0.03185310099306727,0.10360950065457265,0.0,0.9500000000000001,0.1,0.6000000000000001,0.9,55.0,20.0,40.0,0.9500000000000001,0.2,0.7000000000000001,0.9,45.0,20.0,40.0,6627,5805,822,6627,0.12403802625622454,0.7782636100015669,1.0,0.7782636100015669,2159,0.3719207579672696,1.0,1
"iteration_5","SCOPE_DATA_COLLECTION",1500,24,1510.0,1570.0,2,7732,6622,2213,8137,6623,2167,7218,6058,1982,517,544,217,0.06683904330963154,0.08239927294759164,0.098681218735789,0.33990119328504353,0.7059974906103659,1.0687489364797564,0.6798023865700871,0.7059974906103659,0.7124992909865043,0.26115267387087837,0.3308022449653351,0.32643794147325933,100.0,100.0,5337,10694,536,170,1108,0,0.03185310099306727,0.10360950065457265,0.0,0.9500000000000001,0.1,0.6000000000000001,0.9,55.0,20.0,40.0,0.9500000000000001,0.2,0.7000000000000001,0.9,45.0,20.0,40.0,2237,1920,317,2237,0.14170764416629414,1.1275131379376424,1.5,0.7516754252917616,670,0.3489583333333333,1.0,1
"iteration_5","SCOPE_DATA_COLLECTION",1500,25,1570.0,1630.0,0,7836,6627,2237,7732,6622,2213,6936,5785,1924,878,818,327,0.11236242641412848,0.12388308344691806,0.1452687694358063,0.40725135442102567,0.7737525299340989,1.1269065279902726,0.8145027088420513,0.7737525299340989,0.7512710186601818,0.3150230680507497,0.36957649092480555,0.3497920997920998,100.0,100.0,5332,10777,591,181,1842,0,0.033945986496624156,0.17091955089542543,0.0,0.9500000000000001,0.2,0.7000000000000001,0.9,45.0,20.0,40.0,0.9500000000000001,0.2,0.8,0.8,55.0,30.0,40.0,7977,6895,1082,7977,0.13563996489908486,0.3968681500715148,0.5,0.7937363001430296,2183,0.31660623640319074,1.0,1
"iteration_5","SCOPE_DATA_COLLECTION",1500,25,1570.0,1630.0,1,7836,6627,2237,7732,6622,2213,6936,5785,1924,878,818,327,0.11236242641412848,0.12388308344691806,0.1452687694358063,0.40725135442102567,0.7737525299340989,1.1269065279902726,0.8145027088420513,0.7737525299340989,0.7512710186601818,0.3150230680507497,0.36957649092480555,0.3497920997920998,100.0,100.0,5332,10777,591,181,1842,0,0.033945986496624156,0.17091955089542543,0.0,0.9500000000000001,0.2,0.7000000000000001,0.9,45.0,20.0,40.0,0.9500000000000001,0.2,0.8,0.8,55.0,30.0,40.0,6548,5660,888,6548,0.1356139279169212,0.7513294605098041,1.0,0.7513294605098041,2005,0.3542402826855124,1.0,1
"iteration_5","SCOPE_DATA_COLLECTION",1500,25,1570.0,1630.0,2,7836,6627,2237,7732,6622,2213,6936,5785,1924,878,818,327,0.11236242641412848,0.12388308344691806,0.1452687694358063,0.40725135442102567,0.7737525299340989,1.1269065279902726,0.8145027088420513,0.7737525299340989,0.7512710186601818,0.3150230680507497,0.36957649092480555,0.3497920997920998,100.0,100.0,5332,10777,591,181,1842,0,0.033945986496624156,0.17091955089542543,0.0,0.9500000000000001,0.2,0.7000000000000001,0.9,45.0,20.0,40.0,0.9500000000000001,0.2,0.8,0.8,55.0,30.0,40.0,2223,1849,374,2223,0.16824111560953667,1.1677920830303568,1.5,0.7785280553535712,676,0.3656030286641428,1.0,1
"iteration_5","SCOPE_DATA_COLLECTION",1500,26,1630.0,1690.0,0,7977,6548,2223,7836,6627,2237,6878,5642,1845,1095,907,381,0.13733851749655085,0.13849442663001985,0.1711590296495957,0.39810348646922233,0.75678560362843,1.1774058780182868,0.7962069729384447,0.75678560362843,0.7849372520121912,0.31753416690898517,0.3573200992555831,0.36964769647696477,95.0,100.0,5220,10943,585,169,2214,0,0.032375478927203064,0.20232111852325688,0.0,0.9500000000000001,0.2,0.8,0.8,55.0,30.0,40.0,0.9500000000000001,0.2,0.9,0.8,65.0,40.0,30.0,8064,7114,950,8064,0.11780753968253968,0.4028810651601072,0.5,0.8057621303202144,2229,0.31332583637897105,1.0,1
"iteration_5","SCOPE_DATA_COLLECTION",1500,26,1630.0,1690.0,1,7977,6548,2223,7836,6627,2237,6878,5642,1845,1095,907,381,0.13733851749655085,0.13849442663001985,0.1711590296495957,0.39810348646922233,0.75678560362843,1.1774058780182868,0.7962069729384447,0.75678560362843,0.7849372520121912,0.31753416690898517,0.3573200992555831,0.36964769647696477,95.0,100.0,5220,10943,585,169,2214,0,0.032375478927203064,0.20232111852325688,0.0,0.9500000000000001,0.2,0.8,0.8,55.0,30.0,40.0,0.9500000000000001,0.2,0.9,0.8,65.0,40.0,30.0,6591,5784,807,6591,0.12243969048702777,0.7542543156091235,1.0,0.7542543156091235,2067,0.3573651452282158,1.0,1
"iteration_5","SCOPE_DATA_COLLECTION",1500,26,1630.0,1690.0,2,7977,6548,2223,7836,6627,2237,6878,5642,1845,1095,907,381,0.13733851749655085,0.13849442663001985,0.1711590296495957,0.39810348646922233,0.75678560362843,1.1774058780182868,0.7962069729384447,0.75678560362843,0.7849372520121912,0.31753416690898517,0.3573200992555831,0.36964769647696477,95.0,100.0,5220,10943,585,169,2214,0,0.032375478927203064,0.20232111852325688,0.0,0.9500000000000001,0.2,0.8,0.8,55.0,30.0,40.0,0.9500000000000001,0.2,0.9,0.8,65.0,40.0,30.0,2229,1889,340,2229,0.1525347689546882,1.1344574787357093,1.5,0.7563049858238062,667,0.35309687665431444,1.0,1
"iteration_5","SCOPE_DATA_COLLECTION",1500,27,1690.0,1750.0,0,8064,6591,2229,7977,6548,2223,7090,5798,1886,950,807,340,0.1181592039800995,0.12218016654049962,0.1527403414195867,0.3943769517321778,0.7460088288681025,1.1338374210757969,0.7887539034643556,0.7460088288681025,0.7558916140505313,0.31156558533145273,0.3563297688858227,0.3531283138918346,100.0,100.0,5246,11040,598,142,1955,0,0.02706824247045368,0.17708333333333334,0.0,0.9500000000000001,0.2,0.9,0.8,65.0,40.0,30.0,0.8500000000000001,0.2,0.8,0.8,75.0,40.0,40.0,7802,7730,72,7802,0.009228402973596514,0.3427766718480593,0.5,0.6855533436961186,2119,0.2741267787839586,1.0,1
"iteration_5","SCOPE_DATA_COLLECTION",1500,27,1690.0,1750.0,1,8064,6591,2229,7977,6548,2223,7090,5798,1886,950,807,340,0.1181592039800995,0.12218016654049962,0.1527403414195867,0.3943769517321778,0.7460088288681025,1.1338374210757969,0.7887539034643556,0.7460088288681025,0.7558916140505313,0.31156558533145273,0.3563297688858227,0.3531283138918346,100.0,100.0,5246,11040,598,142,1955,0,0.02706824247045368,0.17708333333333334,0.0,0.9500000000000001,0.2,0.9,0.8,65.0,40.0,30.0,0.8500000000000001,0.2,0.8,0.8,75.0,40.0,40.0,6637,6491,146,6637,0.02199789061322887,0.6767205900904024,1.0,0.6767205900904024,2088,0.3216761670004622,1.0,1
"iteration_5","SCOPE_DATA_COLLECTION",1500,27,1690.0,1750.0,2,8064,6591,2229,7977,6548,2223,7090,5798,1886,950,807,340,0.1181592039800995,0.12218016654049962,0.1527403414195867,0.3943769517321778,0.7460088288681025,1.1338374210757969,0.7887539034643556,0.7460088288681025,0.7558916140505313,0.31156558533145273,0.3563297688858227,0.3531283138918346,100.0,100.0,5246,11040,598,142,1955,0,0.02706824247045368,0.17708333333333334,0.0,0.9500000000000001,0.2,0.9,0.8,65.0,40.0,30.0,0.8500000000000001,0.2,0.8,0.8,75.0,40.0,40.0,2101,2028,73,2101,0.034745359352689194,1.0121490128489625,1.5,0.674766008565975,630,0.3106508875739645,1.0,1
"iteration_5","SCOPE_DATA_COLLECTION",1500,28,1750.0,1810.0,0,7802,6637,2101,8064,6591,2229,7783,6495,2042,67,131,65,0.008535031847133757,0.01977060066405071,0.030849549121974372,0.3507863437602756,0.680747008377495,1.0146715446674774,0.7015726875205512,0.680747008377495,0.6764476964449849,0.27572915328279585,0.3200923787528868,0.3109696376101861,97.5,100.0,5357,9496,1687,163,100,0,0.030427478066081762,0.010530749789385004,0.0,0.8500000000000001,0.2,0.8,0.8,75.0,40.0,40.0,0.35000000000000003,0.5,0.8,0.7000000000000001,75.0,55.0,20.0,7735,4269,3466,7735,0.44809308338720105,0.44792828307421434,0.5,0.8958565661484287,1940,0.45443897868353245,1.0,1
"iteration_5","SCOPE_DATA_COLLECTION",1500,28,1750.0,1810.0,1,7802,6637,2101,8064,6591,2229,7783,6495,2042,67,131,65,0.008535031847133757,0.01977060066405071,0.030849549121974372,0.3507863437602756,0.680747008377495,1.0146715446674774,0.7015726875205512,0.680747008377495,0.6764476964449849,0.27572915328279585,0.3200923787528868,0.3109696376101861,97.5,100.0,5357,9496,1687,163,100,0,0.030427478066081762,0.010530749789385004,0.0,0.8500000000000001,0.2,0.8,0.8,75.0,40.0,40.0,0.35000000000000003,0.5,0.8,0.7000000000000001,75.0,55.0,20.0,6504,3457,3047,6504,0.4684809348093481,0.9552751906945393,1.0,0.9552751906945393,1888,0.5461382701764536,1.0,1
"iteration_5","SCOPE_DATA_COLLECTION",1500,28,1750.0,1810.0,2,7802,6637,2101,8064,6591,2229,7783,6495,2042,67,131,65,0.008535031847133757,0.01977060066405071,0.030849549121974372,0.3507863437602756,0.680747008377495,1.0146715446674774,0.7015726875205512,0.680747008377495,0.6764476964449849,0.27572915328279585,0.3200923787528868,0.3109696376101861,97.5,100.0,5357,9496,1687,163,100,0,0.030427478066081762,0.010530749789385004,0.0,0.8500000000000001,0.2,0.8,0.8,75.0,40.0,40.0,0.35000000000000003,0.5,0.8,0.7000000000000001,75.0,55.0,20.0,2261,1225,1036,2261,0.4582043343653251,1.4635105615397626,1.5,0.9756737076931751,677,0.5526530612244898,1.0,1
"iteration_5","SCOPE_DATA_COLLECTION",1500,29,1810.0,1870.0,0,7735,6504,2261,7802,6637,2101,4262,3462,1219,3471,3062,1044,0.44885555411871203,0.4693439607602698,0.4613345117101193,0.44751752950606283,0.95411891681429,1.4573841451199714,0.8950350590121257,0.95411891681429,0.9715894300799809,0.45401220084467386,0.5467937608318891,0.5512715340442986,97.5,100.0,5190,3946,7364,200,58,7319,0.038535645472061654,0.01469842878864673,0.9938891906572515,0.35000000000000003,0.5,0.8,0.7000000000000001,75.0,55.0,20.0,0.45,0.6000000000000001,0.9,0.6000000000000001,75.0,65.0,20.0,8046,5193,2853,8046,0.354586129753915,0.44251564617001676,0.5,0.8850312923400335,2146,0.41324860388985174,1.0,1
"iteration_5","SCOPE_DATA_COLLECTION",1500,29,1810.0,1870.0,1,7735,6504,2261,7802,6637,2101,4262,3462,1219,3471,3062,1044,0.44885555411871203,0.4693439607602698,0.4613345117101193,0.44751752950606283,0.95411891681429,1.4573841451199714,0.8950350590121257,0.95411891681429,0.9715894300799809,0.45401220084467386,0.5467937608318891,0.5512715340442986,97.5,100.0,5190,3946,7364,200,58,7319,0.038535645472061654,0.01469842878864673,0.9938891906572515,0.35000000000000003,0.5,0.8,0.7000000000000001,75.0,55.0,20.0,0.45,0.6000000000000001,0.9,0.6000000000000001,75.0,65.0,20.0,6515,4102,2413,6515,0.370376055257099,0.8630210322983836,1.0,0.8630210322983836,1943,0.4736713798147245,1.0,1
"iteration_5","SCOPE_DATA_COLLECTION",1500,29,1810.0,1870.0,2,7735,6504,2261,7802,6637,2101,4262,3462,1219,3471,3062,1044,0.44885555411871203,0.4693439607602698,0.4613345117101193,0.44751752950606283,0.95411891681429,1.4573841451199714,0.8950350590121257,0.95411891681429,0.9715894300799809,0.45401220084467386,0.5467937608318891,0.5512715340442986,97.5,100.0,5190,3946,7364,200,58,7319,0.038535645472061654,0.01469842878864673,0.9938891906572515,0.35000000000000003,0.5,0.8,0.7000000000000001,75.0,55.0,20.0,0.45,0.6000000000000001,0.9,0.6000000000000001,75.0,65.0,20.0,2287,1402,885,2287,0.3869698294709226,1.3006244238164417,1.5,0.8670829492109612,656,0.46790299572039945,1.0,1
"iteration_5","SCOPE_DATA_COLLECTION",1500,30,1870.0,1930.0,0,8046,6515,2287,7735,6504,2261,5204,4105,1393,2853,2413,884,0.3541020230855157,0.37020558453513347,0.3882301273605621,0.4434505271067872,0.8661493933702288,1.293754216024832,0.8869010542135743,0.8661493933702288,0.8625028106832214,0.4142966948501153,0.47454323995127895,0.4644651830581479,97.5,100.0,5385,5230,6233,258,3,5889,0.0479108635097493,5.736137667304016E-4,0.9448098828814375,0.45,0.6000000000000001,0.9,0.6000000000000001,75.0,65.0,20.0,0.45,0.6000000000000001,0.9,0.6000000000000001,75.0,65.0,20.0,7876,4902,2974,7876,0.37760284408329103,0.42671831385281894,0.5,0.8534366277056379,2054,0.4190126478988168,1.0,1
"iteration_5","SCOPE_DATA_COLLECTION",1500,30,1870.0,1930.0,1,8046,6515,2287,7735,6504,2261,5204,4105,1393,2853,2413,884,0.3541020230855157,0.37020558453513347,0.3882301273605621,0.4434505271067872,0.8661493933702288,1.293754216024832,0.8869010542135743,0.8661493933702288,0.8625028106832214,0.4142966948501153,0.47454323995127895,0.4644651830581479,97.5,100.0,5385,5230,6233,258,3,5889,0.0479108635097493,5.736137667304016E-4,0.9448098828814375,0.45,0.6000000000000001,0.9,0.6000000000000001,75.0,65.0,20.0,0.45,0.6000000000000001,0.9,0.6000000000000001,75.0,65.0,20.0,6530,4055,2475,6530,0.3790199081163859,0.8614967449557309,1.0,0.8614967449557309,1897,0.46781750924784216,1.0,1
"iteration_5","SCOPE_DATA_COLLECTION",1500,30,1870.0,1930.0,2,8046,6515,2287,7735,6504,2261,5204,4105,1393,2853,2413,884,0.3541020230855157,0.37020558453513347,0.3882301273605621,0.4434505271067872,0.8661493933702288,1.293754216024832,0.8869010542135743,0.8661493933702288,0.8625028106832214,0.4142966948501153,0.47454323995127895,0.4644651830581479,97.5,100.0,5385,5230,6233,258,3,5889,0.0479108635097493,5.736137667304016E-4,0.9448098828814375,0.45,0.6000000000000001,0.9,0.6000000000000001,75.0,65.0,20.0,0.45,0.6000000000000001,0.9,0.6000000000000001,75.0,65.0,20.0,2376,1415,961,2376,0.40446127946127947,1.2948317674445262,1.5,0.8632211782963508,668,0.47208480565371025,1.0,1
"iteration_5","SCOPE_DATA_COLLECTION",1500,31,1930.0,1990.0,0,7876,6530,2376,8046,6515,2287,4901,4061,1418,2974,2475,962,0.3776507936507936,0.378671970624235,0.4042016806722689,0.4266367275265149,0.8621091218768312,1.3019440645863183,0.8532734550530298,0.8621091218768312,0.8679627097242122,0.41889410324423587,0.4683575474021177,0.47461212976022565,100.0,100.0,5263,5201,6318,194,6,6211,0.03686110583317499,0.0011536243030186503,0.9830642608420386,0.45,0.6000000000000001,0.9,0.6000000000000001,75.0,65.0,20.0,0.25,0.4,0.30000000000000004,0.30000000000000004,40.0,25.0,45.0,7832,3776,4056,7832,0.5178753830439223,0.4762990937360996,0.5,0.9525981874721992,1880,0.4978813559322034,1.0,1
"iteration_5","SCOPE_DATA_COLLECTION",1500,31,1930.0,1990.0,1,7876,6530,2376,8046,6515,2287,4901,4061,1418,2974,2475,962,0.3776507936507936,0.378671970624235,0.4042016806722689,0.4266367275265149,0.8621091218768312,1.3019440645863183,0.8532734550530298,0.8621091218768312,0.8679627097242122,0.41889410324423587,0.4683575474021177,0.47461212976022565,100.0,100.0,5263,5201,6318,194,6,6211,0.03686110583317499,0.0011536243030186503,0.9830642608420386,0.45,0.6000000000000001,0.9,0.6000000000000001,75.0,65.0,20.0,0.25,0.4,0.30000000000000004,0.30000000000000004,40.0,25.0,45.0,6575,3066,3509,6575,0.5336882129277567,0.9960849819847863,1.0,0.9960849819847863,1901,0.6200260926288323,1.0,1
"iteration_5","SCOPE_DATA_COLLECTION",1500,31,1930.0,1990.0,2,7876,6530,2376,8046,6515,2287,4901,4061,1418,2974,2475,962,0.3776507936507936,0.378671970624235,0.4042016806722689,0.4266367275265149,0.8621091218768312,1.3019440645863183,0.8532734550530298,0.8621091218768312,0.8679627097242122,0.41889410324423587,0.4683575474021177,0.47461212976022565,100.0,100.0,5263,5201,6318,194,6,6211,0.03686110583317499,0.0011536243030186503,0.9830642608420386,0.45,0.6000000000000001,0.9,0.6000000000000001,75.0,65.0,20.0,0.25,0.4,0.30000000000000004,0.30000000000000004,40.0,25.0,45.0,2182,998,1184,2182,0.5426214482126489,1.5861928226598179,1.5,1.057461881773212,631,0.6322645290581163,1.0,1
"iteration_5","SCOPE_DATA_COLLECTION",1500,32,1990.0,2050.0,0,7832,6575,2182,7876,6530,2376,3764,3066,1008,4056,3509,1184,0.5186700767263427,0.5336882129277567,0.5401459854014599,0.47626438802089865,0.9969172637993408,1.5829200808433495,0.9525287760417973,0.9969172637993408,1.0552800538955662,0.4973432518597237,0.6190476190476191,0.6309523809523809,100.0,100.0,5121,2822,8646,101,2,8646,0.019722710408123414,7.087172218284905E-4,1.0,0.25,0.4,0.30000000000000004,0.30000000000000004,40.0,25.0,45.0,0.2,0.2,0.5,0.2,35.0,35.0,55.0,7847,3550,4297,7847,0.5475978080795209,0.4611986698377704,0.5,0.9223973396755408,1775,0.5,1.0,1
"iteration_5","SCOPE_DATA_COLLECTION",1500,32,1990.0,2050.0,1,7832,6575,2182,7876,6530,2376,3764,3066,1008,4056,3509,1184,0.5186700767263427,0.5336882129277567,0.5401459854014599,0.47626438802089865,0.9969172637993408,1.5829200808433495,0.9525287760417973,0.9969172637993408,1.0552800538955662,0.4973432518597237,0.6190476190476191,0.6309523809523809,100.0,100.0,5121,2822,8646,101,2,8646,0.019722710408123414,7.087172218284905E-4,1.0,0.25,0.4,0.30000000000000004,0.30000000000000004,40.0,25.0,45.0,0.2,0.2,0.5,0.2,35.0,35.0,55.0,6471,2885,3586,6471,0.5541647349714109,1.0882313884708301,1.0,1.0882313884708301,1942,0.6731369150779896,1.0,1
"iteration_5","SCOPE_DATA_COLLECTION",1500,32,1990.0,2050.0,2,7832,6575,2182,7876,6530,2376,3764,3066,1008,4056,3509,1184,0.5186700767263427,0.5336882129277567,0.5401459854014599,0.47626438802089865,0.9969172637993408,1.5829200808433495,0.9525287760417973,0.9969172637993408,1.0552800538955662,0.4973432518597237,0.6190476190476191,0.6309523809523809,100.0,100.0,5121,2822,8646,101,2,8646,0.019722710408123414,7.087172218284905E-4,1.0,0.25,0.4,0.30000000000000004,0.30000000000000004,40.0,25.0,45.0,0.2,0.2,0.5,0.2,35.0,35.0,55.0,2170,962,1208,2170,0.5566820276497696,1.6120672450115996,1.5,1.0747114966743998,628,0.6528066528066528,1.0,1
"iteration_5","SCOPE_DATA_COLLECTION",1500,33,2050.0,2110.0,0,7847,6471,2170,7832,6575,2182,3570,2898,961,4297,3586,1208,0.5462056692513029,0.5530536705737199,0.5569386814200092,0.4627723475791267,1.0925329009292855,1.6138017265058249,0.9255446951582534,1.0925329009292855,1.0758678176705498,0.5022408963585434,0.6756383712905452,0.6503642039542143,100.0,100.0,5133,2360,8995,94,2,8995,0.018312877459575296,8.47457627118644E-4,1.0,0.2,0.2,0.5,0.2,35.0,35.0,55.0,0.8,0.9,0.1,0.7000000000000001,65.0,35.0,70.0,7973,7944,29,7973,0.003637275805844726,0.3020570238679054,0.5,0.6041140477358108,1906,0.23992950654582074,1.0,1
"iteration_5","SCOPE_DATA_COLLECTION",1500,33,2050.0,2110.0,1,7847,6471,2170,7832,6575,2182,3570,2898,961,4297,3586,1208,0.5462056692513029,0.5530536705737199,0.5569386814200092,0.4627723475791267,1.0925329009292855,1.6138017265058249,0.9255446951582534,1.0925329009292855,1.0758678176705498,0.5022408963585434,0.6756383712905452,0.6503642039542143,100.0,100.0,5133,2360,8995,94,2,8995,0.018312877459575296,8.47457627118644E-4,1.0,0.2,0.2,0.5,0.2,35.0,35.0,55.0,0.8,0.9,0.1,0.7000000000000001,65.0,35.0,70.0,6631,6603,28,6631,0.004222590861106922,0.5582542118413604,1.0,0.5582542118413604,1892,0.2865364228381039,1.0,1
"iteration_5","SCOPE_DATA_COLLECTION",1500,33,2050.0,2110.0,2,7847,6471,2170,7832,6575,2182,3570,2898,961,4297,3586,1208,0.5462056692513029,0.5530536705737199,0.5569386814200092,0.4627723475791267,1.0925329009292855,1.6138017265058249,0.9255446951582534,1.0925329009292855,1.0758678176705498,0.5022408963585434,0.6756383712905452,0.6503642039542143,100.0,100.0,5133,2360,8995,94,2,8995,0.018312877459575296,8.47457627118644E-4,1.0,0.2,0.2,0.5,0.2,35.0,35.0,55.0,0.8,0.9,0.1,0.7000000000000001,65.0,35.0,70.0,2258,2202,56,2258,0.024800708591674048,0.949108085259972,1.5,0.6327387235066481,640,0.29064486830154407,1.0,1
"iteration_5","SCOPE_DATA_COLLECTION",1500,34,2110.0,2170.0,0,7973,6631,2258,7847,6471,2170,7917,6578,2195,29,28,56,0.0036496350364963502,0.004238570996064184,0.024877832074633496,0.30087070133973565,0.5575325878934085,0.9512274626806092,0.6017414026794713,0.5575325878934085,0.6341516417870728,0.2389794113932045,0.28595317725752506,0.2929384965831435,97.5,100.0,5062,9450,2350,90,9,14,0.017779533781114184,9.523809523809524E-4,0.005957446808510639,0.8,0.9,0.1,0.7000000000000001,65.0,35.0,70.0,0.35000000000000003,0.30000000000000004,0.7000000000000001,0.4,85.0,40.0,35.0,7837,4399,3438,7837,0.4386882735740717,0.43308863351244564,0.5,0.8661772670248913,1943,0.44169129347578995,1.0,1
"iteration_5","SCOPE_DATA_COLLECTION",1500,34,2110.0,2170.0,1,7973,6631,2258,7847,6471,2170,7917,6578,2195,29,28,56,0.0036496350364963502,0.004238570996064184,0.024877832074633496,0.30087070133973565,0.5575325878934085,0.9512274626806092,0.6017414026794713,0.5575325878934085,0.6341516417870728,0.2389794113932045,0.28595317725752506,0.2929384965831435,97.5,100.0,5062,9450,2350,90,9,14,0.017779533781114184,9.523809523809524E-4,0.005957446808510639,0.8,0.9,0.1,0.7000000000000001,65.0,35.0,70.0,0.35000000000000003,0.30000000000000004,0.7000000000000001,0.4,85.0,40.0,35.0,6723,3635,3088,6723,0.4593187565075115,0.9682386710571506,1.0,0.9682386710571506,2033,0.5592847317744154,1.0,1
"iteration_5","SCOPE_DATA_COLLECTION",1500,34,2110.0,2170.0,2,7973,6631,2258,7847,6471,2170,7917,6578,2195,29,28,56,0.0036496350364963502,0.004238570996064184,0.024877832074633496,0.30087070133973565,0.5575325878934085,0.9512274626806092,0.6017414026794713,0.5575325878934085,0.6341516417870728,0.2389794113932045,0.28595317725752506,0.2929384965831435,97.5,100.0,5062,9450,2350,90,9,14,0.017779533781114184,9.523809523809524E-4,0.005957446808510639,0.8,0.9,0.1,0.7000000000000001,65.0,35.0,70.0,0.35000000000000003,0.30000000000000004,0.7000000000000001,0.4,85.0,40.0,35.0,2011,1065,946,2011,0.47041272998508205,1.4180686109456315,1.5,0.9453790739637543,574,0.5389671361502347,1.0,1
"iteration_5","SCOPE_DATA_COLLECTION",1500,35,2170.0,2230.0,0,7837,6723,2011,7973,6631,2258,4394,3635,1074,3438,3088,945,0.4389683350357508,0.4593187565075115,0.46805349182763745,0.4295341641216532,0.9582630439994064,1.4077963605709902,0.8590683282433064,0.9582630439994064,0.9385309070473268,0.43718707328174783,0.5559834938101789,0.5344506517690876,97.5,100.0,5334,3866,7371,142,3,7326,0.02662167229096363,7.759958613554061E-4,0.9938949938949939,0.35000000000000003,0.30000000000000004,0.7000000000000001,0.4,85.0,40.0,35.0,0.75,0.2,0.2,0.6000000000000001,60.0,95.0,25.0,7835,7796,39,7835,0.0049776643267389915,0.2924643215717456,0.5,0.5849286431434912,1869,0.23973832734735762,1.0,1
"iteration_5","SCOPE_DATA_COLLECTION",1500,35,2170.0,2230.0,1,7837,6723,2011,7973,6631,2258,4394,3635,1074,3438,3088,945,0.4389683350357508,0.4593187565075115,0.46805349182763745,0.4295341641216532,0.9582630439994064,1.4077963605709902,0.8590683282433064,0.9582630439994064,0.9385309070473268,0.43718707328174783,0.5559834938101789,0.5344506517690876,97.5,100.0,5334,3866,7371,142,3,7326,0.02662167229096363,7.759958613554061E-4,0.9938949938949939,0.35000000000000003,0.30000000000000004,0.7000000000000001,0.4,85.0,40.0,35.0,0.75,0.2,0.2,0.6000000000000001,60.0,95.0,25.0,6653,6601,52,6653,0.007816022846836013,0.6104347094991843,1.0,0.6104347094991843,2025,0.30677170125738523,1.0,1
"iteration_5","SCOPE_DATA_COLLECTION",1500,35,2170.0,2230.0,2,7837,6723,2011,7973,6631,2258,4394,3635,1074,3438,3088,945,0.4389683350357508,0.4593187565075115,0.46805349182763745,0.4295341641216532,0.9582630439994064,1.4077963605709902,0.8590683282433064,0.9582630439994064,0.9385309070473268,0.43718707328174783,0.5559834938101789,0.5344506517690876,97.5,100.0,5334,3866,7371,142,3,7326,0.02662167229096363,7.759958613554061E-4,0.9938949938949939,0.35000000000000003,0.30000000000000004,0.7000000000000001,0.4,85.0,40.0,35.0,0.75,0.2,0.2,0.6000000000000001,60.0,95.0,25.0,2105,2037,68,2105,0.032304038004750596,0.9380406259585877,1.5,0.6253604173057251,592,0.29062346588119786,1.0,1
"iteration_5","SCOPE_DATA_COLLECTION",1500,36,2230.0,2290.0,0,7835,6653,2105,7837,6723,2011,7806,6588,2025,39,52,69,0.00497131931166348,0.00783132530120482,0.0329512893982808,0.29546637669702547,0.6119407770986239,0.9423498978064223,0.5909327533940509,0.6119407770986239,0.6282332652042816,0.24276197796566742,0.30722525804493017,0.29185185185185186,97.5,100.0,5294,8452,2847,92,6,62,0.017378163959199094,7.09891150023663E-4,0.021777309448542326,0.75,0.2,0.2,0.6000000000000001,60.0,95.0,25.0,0.65,0.30000000000000004,0.30000000000000004,0.6000000000000001,50.0,95.0,35.0,7869,7502,367,7869,0.04663870885754225,0.32861140031430247,0.5,0.6572228006286049,2073,0.2763263129832045,1.0,1
"iteration_5","SCOPE_DATA_COLLECTION",1500,36,2230.0,2290.0,1,7835,6653,2105,7837,6723,2011,7806,6588,2025,39,52,69,0.00497131931166348,0.00783132530120482,0.0329512893982808,0.29546637669702547,0.6119407770986239,0.9423498978064223,0.5909327533940509,0.6119407770986239,0.6282332652042816,0.24276197796566742,0.30722525804493017,0.29185185185185186,97.5,100.0,5294,8452,2847,92,6,62,0.017378163959199094,7.09891150023663E-4,0.021777309448542326,0.75,0.2,0.2,0.6000000000000001,60.0,95.0,25.0,0.65,0.30000000000000004,0.30000000000000004,0.6000000000000001,50.0,95.0,35.0,6544,6241,303,6544,0.04630195599022005,0.6439621313870689,1.0,0.6439621313870689,1953,0.3129306200929338,1.0,1
"iteration_5","SCOPE_DATA_COLLECTION",1500,36,2230.0,2290.0,2,7835,6653,2105,7837,6723,2011,7806,6588,2025,39,52,69,0.00497131931166348,0.00783132530120482,0.0329512893982808,0.29546637669702547,0.6119407770986239,0.9423498978064223,0.5909327533940509,0.6119407770986239,0.6282332652042816,0.24276197796566742,0.30722525804493017,0.29185185185185186,97.5,100.0,5294,8452,2847,92,6,62,0.017378163959199094,7.09891150023663E-4,0.021777309448542326,0.75,0.2,0.2,0.6000000000000001,60.0,95.0,25.0,0.65,0.30000000000000004,0.30000000000000004,0.6000000000000001,50.0,95.0,35.0,2191,2032,159,2191,0.07256960292104062,1.0069549507132698,1.5,0.6713033004755132,639,0.31446850393700787,1.0,1
"iteration_5","SCOPE_DATA_COLLECTION",1500,37,2290.0,2350.0,0,7869,6544,2191,7835,6653,2105,7524,6259,2036,361,295,153,0.04578313253012048,0.045010680500457735,0.0698949291914116,0.3291075667698743,0.6477327065851353,1.004320980732517,0.6582151335397486,0.6477327065851353,0.6695473204883448,0.27737905369484317,0.31410768493369545,0.31335952848722987,100.0,100.0,5201,7448,3955,128,7,674,0.024610651797731205,9.398496240601503E-4,0.17041719342604297,0.65,0.30000000000000004,0.30000000000000004,0.6000000000000001,50.0,95.0,35.0,0.65,0.30000000000000004,0.30000000000000004,0.6000000000000001,50.0,95.0,35.0,7938,7475,463,7938,0.05832703451751071,0.35712986218420767,0.5,0.7142597243684153,2214,0.29618729096989965,1.0,1
"iteration_5","SCOPE_DATA_COLLECTION",1500,37,2290.0,2350.0,1,7869,6544,2191,7835,6653,2105,7524,6259,2036,361,295,153,0.04578313253012048,0.045010680500457735,0.0698949291914116,0.3291075667698743,0.6477327065851353,1.004320980732517,0.6582151335397486,0.6477327065851353,0.6695473204883448,0.27737905369484317,0.31410768493369545,0.31335952848722987,100.0,100.0,5201,7448,3955,128,7,674,0.024610651797731205,9.398496240601503E-4,0.17041719342604297,0.65,0.30000000000000004,0.30000000000000004,0.6000000000000001,50.0,95.0,35.0,0.65,0.30000000000000004,0.30000000000000004,0.6000000000000001,50.0,95.0,35.0,6562,6104,458,6562,0.0697957939652545,0.6684466952144401,1.0,0.6684466952144401,2043,0.3346985583224115,1.0,1
"iteration_5","SCOPE_DATA_COLLECTION",1500,37,2290.0,2350.0,2,7869,6544,2191,7835,6653,2105,7524,6259,2036,361,295,153,0.04578313253012048,0.045010680500457735,0.0698949291914116,0.3291075667698743,0.6477327065851353,1.004320980732517,0.6582151335397486,0.6477327065851353,0.6695473204883448,0.27737905369484317,0.31410768493369545,0.31335952848722987,100.0,100.0,5201,7448,3955,128,7,674,0.024610651797731205,9.398496240601503E-4,0.17041719342604297,0.65,0.30000000000000004,0.30000000000000004,0.6000000000000001,50.0,95.0,35.0,0.65,0.30000000000000004,0.30000000000000004,0.6000000000000001,50.0,95.0,35.0,2201,2001,200,2201,0.09086778736937756,1.0444461461744898,1.5,0.6962974307829932,669,0.3343328335832084,1.0,1
"iteration_5","SCOPE_DATA_COLLECTION",1500,38,2350.0,2410.0,0,7938,6562,2201,7869,6544,2191,7463,6105,2000,469,466,206,0.05912758446797781,0.07091766854360067,0.09338168631006347,0.35652788928903983,0.6668899636210874,1.0416947619546546,0.7130557785780797,0.6668899636210874,0.6944631746364364,0.2949216132922417,0.33415233415233414,0.333,97.5,100.0,5253,7356,4092,137,11,993,0.026080335046640014,0.001495377922784122,0.24266862170087977,0.65,0.30000000000000004,0.30000000000000004,0.6000000000000001,50.0,95.0,35.0,0.9,0.7000000000000001,0.6000000000000001,0.7000000000000001,60.0,75.0,80.0,7752,7557,195,7752,0.025154798761609906,0.37797646661298995,0.5,0.7559529332259799,2176,0.28794495170041023,1.0,1
"iteration_5","SCOPE_DATA_COLLECTION",1500,38,2350.0,2410.0,1,7938,6562,2201,7869,6544,2191,7463,6105,2000,469,466,206,0.05912758446797781,0.07091766854360067,0.09338168631006347,0.35652788928903983,0.6668899636210874,1.0416947619546546,0.7130557785780797,0.6668899636210874,0.6944631746364364,0.2949216132922417,0.33415233415233414,0.333,97.5,100.0,5253,7356,4092,137,11,993,0.026080335046640014,0.001495377922784122,0.24266862170087977,0.65,0.30000000000000004,0.30000000000000004,0.6000000000000001,50.0,95.0,35.0,0.9,0.7000000000000001,0.6000000000000001,0.7000000000000001,60.0,75.0,80.0,6469,6251,218,6469,0.03369918070799196,0.6844234286182107,1.0,0.6844234286182107,2008,0.3212286034234523,1.0,1
"iteration_5","SCOPE_DATA_COLLECTION",1500,38,2350.0,2410.0,2,7938,6562,2201,7869,6544,2191,7463,6105,2000,469,466,206,0.05912758446797781,0.07091766854360067,0.09338168631006347,0.35652788928903983,0.6668899636210874,1.0416947619546546,0.7130557785780797,0.6668899636210874,0.6944631746364364,0.2949216132922417,0.33415233415233414,0.333,97.5,100.0,5253,7356,4092,137,11,993,0.026080335046640014,0.001495377922784122,0.24266862170087977,0.65,0.30000000000000004,0.30000000000000004,0.6000000000000001,50.0,95.0,35.0,0.9,0.7000000000000001,0.6000000000000001,0.7000000000000001,60.0,75.0,80.0,2249,2130,119,2249,0.052912405513561585,1.023723465177132,1.5,0.682482310118088,648,0.30422535211267604,1.0,1
"iteration_5","SCOPE_DATA_COLLECTION",1500,39,2410.0,2470.0,0,7752,6469,2249,7938,6562,2201,7536,6234,2119,195,218,119,0.02522312766783081,0.0337879727216367,0.05317247542448615,0.3770855590091629,0.6851058729525806,1.0305076931462733,0.7541711180183258,0.6851058729525806,0.6870051287641822,0.2875530785562633,0.3224254090471607,0.30863614912694665,97.5,100.0,5220,10110,1140,164,368,0,0.031417624521072794,0.03639960435212661,0.0,0.9,0.7000000000000001,0.6000000000000001,0.7000000000000001,60.0,75.0,80.0,0.30000000000000004,0.9,0.1,0.4,95.0,60.0,55.0,7847,3986,3861,7847,0.49203517267745633,0.45166580286041524,0.5,0.9033316057208305,1904,0.47767185148018065,1.0,1
"iteration_5","SCOPE_DATA_COLLECTION",1500,39,2410.0,2470.0,1,7752,6469,2249,7938,6562,2201,7536,6234,2119,195,218,119,0.02522312766783081,0.0337879727216367,0.05317247542448615,0.3770855590091629,0.6851058729525806,1.0305076931462733,0.7541711180183258,0.6851058729525806,0.6870051287641822,0.2875530785562633,0.3224254090471607,0.30863614912694665,97.5,100.0,5220,10110,1140,164,368,0,0.031417624521072794,0.03639960435212661,0.0,0.9,0.7000000000000001,0.6000000000000001,0.7000000000000001,60.0,75.0,80.0,0.30000000000000004,0.9,0.1,0.4,95.0,60.0,55.0,6626,3336,3290,6626,0.49652882583760943,0.8739093215645585,1.0,0.8739093215645585,1887,0.5656474820143885,1.0,1
"iteration_5","SCOPE_DATA_COLLECTION",1500,39,2410.0,2470.0,2,7752,6469,2249,7938,6562,2201,7536,6234,2119,195,218,119,0.02522312766783081,0.0337879727216367,0.05317247542448615,0.3770855590091629,0.6851058729525806,1.0305076931462733,0.7541711180183258,0.6851058729525806,0.6870051287641822,0.2875530785562633,0.3224254090471607,0.30863614912694665,97.5,100.0,5220,10110,1140,164,368,0,0.031417624521072794,0.03639960435212661,0.0,0.9,0.7000000000000001,0.6000000000000001,0.7000000000000001,60.0,75.0,80.0,0.30000000000000004,0.9,0.1,0.4,95.0,60.0,55.0,2280,1124,1156,2280,0.5070175438596491,1.4376460821183845,1.5,0.9584307214122564,630,0.5604982206405694,1.0,1
"iteration_5","SCOPE_DATA_COLLECTION",1500,40,2470.0,2530.0,0,7847,6626,2280,7752,6469,2249,4014,3364,1141,3861,3290,1156,0.49028571428571427,0.4944394349263601,0.5032651284283849,0.45271839105471096,0.8755697194139693,1.4244526982936323,0.9054367821094219,0.8755697194139693,0.9496351321957549,0.47807673143996016,0.5633174791914387,0.551270815074496,100.0,100.0,5017,3475,8261,66,37,8204,0.013155272074945186,0.010647482014388488,0.9931001089456483,0.30000000000000004,0.9,0.1,0.4,95.0,60.0,55.0,0.2,0.9,0.1,0.30000000000000004,95.0,60.0,55.0,7977,3575,4402,7977,0.5518365300238185,0.5218331378934141,0.5,1.0436662757868282,2011,0.5625174825174826,1.0,1
"iteration_5","SCOPE_DATA_COLLECTION",1500,40,2470.0,2530.0,1,7847,6626,2280,7752,6469,2249,4014,3364,1141,3861,3290,1156,0.49028571428571427,0.4944394349263601,0.5032651284283849,0.45271839105471096,0.8755697194139693,1.4244526982936323,0.9054367821094219,0.8755697194139693,0.9496351321957549,0.47807673143996016,0.5633174791914387,0.551270815074496,100.0,100.0,5017,3475,8261,66,37,8204,0.013155272074945186,0.010647482014388488,0.9931001089456483,0.30000000000000004,0.9,0.1,0.4,95.0,60.0,55.0,0.2,0.9,0.1,0.30000000000000004,95.0,60.0,55.0,6548,2803,3745,6548,0.571930360415394,0.9701133615239844,1.0,0.9701133615239844,1820,0.6493043168034249,1.0,1
"iteration_5","SCOPE_DATA_COLLECTION",1500,40,2470.0,2530.0,2,7847,6626,2280,7752,6469,2249,4014,3364,1141,3861,3290,1156,0.49028571428571427,0.4944394349263601,0.5032651284283849,0.45271839105471096,0.8755697194139693,1.4244526982936323,0.9054367821094219,0.8755697194139693,0.9496351321957549,0.47807673143996016,0.5633174791914387,0.551270815074496,100.0,100.0,5017,3475,8261,66,37,8204,0.013155272074945186,0.010647482014388488,0.9931001089456483,0.30000000000000004,0.9,0.1,0.4,95.0,60.0,55.0,0.2,0.9,0.1,0.30000000000000004,95.0,60.0,55.0,2183,936,1247,2183,0.5712322491983509,1.6716989652283423,1.5,1.114465976818895,642,0.6858974358974359,1.0,1
"iteration_5","SCOPE_DATA_COLLECTION",1500,41,2530.0,2590.0,0,7977,6548,2183,7847,6626,2280,3569,2813,937,4402,3745,1247,0.5522519131852967,0.5710582494663007,0.5709706959706959,0.5216119434484257,0.967601467128163,1.670398152068228,1.0432238868968513,0.967601467128163,1.1135987680454853,0.5615018212384422,0.6484180590117312,0.6851654215581644,100.0,100.0,5071,2308,9329,63,2,9329,0.01242358509169789,8.665511265164644E-4,1.0,0.2,0.9,0.1,0.30000000000000004,95.0,60.0,55.0,0.2,0.9,0.1,0.4,95.0,50.0,55.0,7877,3387,4490,7877,0.5700139647073759,0.5061552340564383,0.5,1.0123104681128765,1832,0.5408916445231768,1.0,1
"iteration_5","SCOPE_DATA_COLLECTION",1500,41,2530.0,2590.0,1,7977,6548,2183,7847,6626,2280,3569,2813,937,4402,3745,1247,0.5522519131852967,0.5710582494663007,0.5709706959706959,0.5216119434484257,0.967601467128163,1.670398152068228,1.0432238868968513,0.967601467128163,1.1135987680454853,0.5615018212384422,0.6484180590117312,0.6851654215581644,100.0,100.0,5071,2308,9329,63,2,9329,0.01242358509169789,8.665511265164644E-4,1.0,0.2,0.9,0.1,0.30000000000000004,95.0,60.0,55.0,0.2,0.9,0.1,0.4,95.0,50.0,55.0,6570,2832,3738,6570,0.5689497716894977,0.9596510307433919,1.0,0.9596510307433919,1850,0.6532485875706214,1.0,1
"iteration_5","SCOPE_DATA_COLLECTION",1500,41,2530.0,2590.0,2,7977,6548,2183,7847,6626,2280,3569,2813,937,4402,3745,1247,0.5522519131852967,0.5710582494663007,0.5709706959706959,0.5216119434484257,0.967601467128163,1.670398152068228,1.0432238868968513,0.967601467128163,1.1135987680454853,0.5615018212384422,0.6484180590117312,0.6851654215581644,100.0,100.0,5071,2308,9329,63,2,9329,0.01242358509169789,8.665511265164644E-4,1.0,0.2,0.9,0.1,0.30000000000000004,95.0,60.0,55.0,0.2,0.9,0.1,0.4,95.0,50.0,55.0,2165,946,1219,2165,0.5630484988452656,1.615724871217601,1.5,1.0771499141450673,631,0.6670190274841438,1.0,1
"iteration_5","SCOPE_DATA_COLLECTION",1500,42,2590.0,2650.0,0,7877,6570,2165,7977,6548,2183,3383,2835,940,4490,3738,1219,0.5703035691604217,0.5686900958466453,0.5646132468735525,0.5054301023211597,0.9616633834696531,1.6085735743899698,1.0108602046423194,0.9616633834696531,1.0723823829266466,0.5397576115873485,0.6532627865961199,0.6638297872340425,97.5,100.0,4962,2257,9393,51,3,9393,0.010278113663845224,0.001329198050509526,1.0,0.2,0.9,0.1,0.4,95.0,50.0,55.0,0.30000000000000004,0.9,0.1,0.5,95.0,60.0,55.0,7946,4017,3929,7946,0.4944626227032469,0.4621310266277952,0.5,0.9242620532555904,1938,0.48244958924570575,1.0,1
"iteration_5","SCOPE_DATA_COLLECTION",1500,42,2590.0,2650.0,1,7877,6570,2165,7977,6548,2183,3383,2835,940,4490,3738,1219,0.5703035691604217,0.5686900958466453,0.5646132468735525,0.5054301023211597,0.9616633834696531,1.6085735743899698,1.0108602046423194,0.9616633834696531,1.0723823829266466,0.5397576115873485,0.6532627865961199,0.6638297872340425,97.5,100.0,4962,2257,9393,51,3,9393,0.010278113663845224,0.001329198050509526,1.0,0.2,0.9,0.1,0.4,95.0,50.0,55.0,0.30000000000000004,0.9,0.1,0.5,95.0,60.0,55.0,6547,3317,3230,6547,0.49335573545135175,0.8461599649358833,1.0,0.8461599649358833,1821,0.5489900512511305,1.0,1
"iteration_5","SCOPE_DATA_COLLECTION",1500,42,2590.0,2650.0,2,7877,6570,2165,7977,6548,2183,3383,2835,940,4490,3738,1219,0.5703035691604217,0.5686900958466453,0.5646132468735525,0.5054301023211597,0.9616633834696531,1.6085735743899698,1.0108602046423194,0.9616633834696531,1.0723823829266466,0.5397576115873485,0.6532627865961199,0.6638297872340425,97.5,100.0,4962,2257,9393,51,3,9393,0.010278113663845224,0.001329198050509526,1.0,0.2,0.9,0.1,0.4,95.0,50.0,55.0,0.30000000000000004,0.9,0.1,0.5,95.0,60.0,55.0,2233,1122,1111,2233,0.4975369458128079,1.4577703884071214,1.5,0.9718469256047476,645,0.5748663101604278,1.0,1
"iteration_5","SCOPE_DATA_COLLECTION",1500,43,2650.0,2710.0,0,7946,6547,2233,7877,6570,2165,4003,3308,1130,3929,3230,1111,0.4953353504790721,0.4940348730498623,0.4957608210620259,0.4604872134817708,0.8446727375986651,1.463440984483531,0.9209744269635416,0.8446727375986651,0.9756273229890207,0.48088933300024983,0.5477629987908101,0.5778761061946903,100.0,100.0,5022,3513,8191,76,3,8191,0.015133412982875348,8.539709649871904E-4,1.0,0.30000000000000004,0.9,0.1,0.5,95.0,60.0,55.0,0.30000000000000004,0.9,0.1,0.5,95.0,60.0,55.0,7947,4024,3923,7947,0.4936454007801686,0.4505302910742018,0.5,0.9010605821484036,1853,0.46048707753479123,1.0,1
"iteration_5","SCOPE_DATA_COLLECTION",1500,43,2650.0,2710.0,1,7946,6547,2233,7877,6570,2165,4003,3308,1130,3929,3230,1111,0.4953353504790721,0.4940348730498623,0.4957608210620259,0.4604872134817708,0.8446727375986651,1.463440984483531,0.9209744269635416,0.8446727375986651,0.9756273229890207,0.48088933300024983,0.5477629987908101,0.5778761061946903,100.0,100.0,5022,3513,8191,76,3,8191,0.015133412982875348,8.539709649871904E-4,1.0,0.30000000000000004,0.9,0.1,0.5,95.0,60.0,55.0,0.30000000000000004,0.9,0.1,0.5,95.0,60.0,55.0,6631,3402,3229,6631,0.486955210375509,0.8441289675599952,1.0,0.8441289675599952,1885,0.5540858318636096,1.0,1
"iteration_5","SCOPE_DATA_COLLECTION",1500,43,2650.0,2710.0,2,7946,6547,2233,7877,6570,2165,4003,3308,1130,3929,3230,1111,0.4953353504790721,0.4940348730498623,0.4957608210620259,0.4604872134817708,0.8446727375986651,1.463440984483531,0.9209744269635416,0.8446727375986651,0.9756273229890207,0.48088933300024983,0.5477629987908101,0.5778761061946903,100.0,100.0,5022,3513,8191,76,3,8191,0.015133412982875348,8.539709649871904E-4,1.0,0.30000000000000004,0.9,0.1,0.5,95.0,60.0,55.0,0.30000000000000004,0.9,0.1,0.5,95.0,60.0,55.0,2164,1081,1083,2164,0.5004621072088724,1.4432591199495302,1.5,0.9621727466330201,612,0.5661424606845513,1.0,1
"iteration_5","SCOPE_DATA_COLLECTION",1500,44,2710.0,2770.0,0,7947,6631,2164,7946,6547,2233,4038,3402,1071,3923,3229,1083,0.49277728928526565,0.486955210375509,0.5027855153203342,0.4512706779269247,0.8423605142377347,1.4383350805314081,0.9025413558538494,0.8423605142377347,0.9588900536876054,0.46235760277365034,0.5537918871252204,0.5639589169000934,100.0,100.0,5022,3547,8173,62,0,8173,0.012345679012345678,0.0,1.0,0.30000000000000004,0.9,0.1,0.5,95.0,60.0,55.0,0.5,0.7000000000000001,0.8,0.9,75.0,45.0,35.0,7964,5431,2533,7964,0.31805625313912606,0.4265148610305259,0.5,0.8530297220610518,2193,0.40379303995580923,1.0,1
"iteration_5","SCOPE_DATA_COLLECTION",1500,44,2710.0,2770.0,1,7947,6631,2164,7946,6547,2233,4038,3402,1071,3923,3229,1083,0.49277728928526565,0.486955210375509,0.5027855153203342,0.4512706779269247,0.8423605142377347,1.4383350805314081,0.9025413558538494,0.8423605142377347,0.9588900536876054,0.46235760277365034,0.5537918871252204,0.5639589169000934,100.0,100.0,5022,3547,8173,62,0,8173,0.012345679012345678,0.0,1.0,0.30000000000000004,0.9,0.1,0.5,95.0,60.0,55.0,0.5,0.7000000000000001,0.8,0.9,75.0,45.0,35.0,6623,4424,2199,6623,0.33202476219235993,0.8422084796326094,1.0,0.8422084796326094,2006,0.4534358047016275,1.0,1
"iteration_5","SCOPE_DATA_COLLECTION",1500,44,2710.0,2770.0,2,7947,6631,2164,7946,6547,2233,4038,3402,1071,3923,3229,1083,0.49277728928526565,0.486955210375509,0.5027855153203342,0.4512706779269247,0.8423605142377347,1.4383350805314081,0.9025413558538494,0.8423605142377347,0.9588900536876054,0.46235760277365034,0.5537918871252204,0.5639589169000934,100.0,100.0,5022,3547,8173,62,0,8173,0.012345679012345678,0.0,1.0,0.30000000000000004,0.9,0.1,0.5,95.0,60.0,55.0,0.5,0.7000000000000001,0.8,0.9,75.0,45.0,35.0,2212,1394,818,2212,0.36980108499095843,1.249693274553742,1.5,0.8331288497024946,612,0.43902439024390244,1.0,1
"iteration_5","SCOPE_DATA_COLLECTION",1500,45,2770.0,2830.0,0,7964,6623,2212,7947,6631,2164,5410,4401,1401,2533,2199,818,0.31889714213773135,0.3331818181818182,0.36863452005407843,0.42422172906194544,0.8372838725659438,1.2543905580938346,0.8484434581238909,0.8372838725659438,0.8362603720625564,0.4014787430683919,0.45239718245853217,0.44254104211277656,100.0,100.0,5390,5677,5732,213,6,5331,0.03951762523191095,0.0010568962480183195,0.9300418702023726,0.5,0.7000000000000001,0.8,0.9,75.0,45.0,35.0,0.7000000000000001,0.9,0.9,0.9,35.0,45.0,60.0,7872,7754,118,7872,0.014989837398373984,0.3218499959432436,0.5,0.6436999918864872,2027,0.2614134640185711,1.0,1
"iteration_5","SCOPE_DATA_COLLECTION",1500,45,2770.0,2830.0,1,7964,6623,2212,7947,6631,2164,5410,4401,1401,2533,2199,818,0.31889714213773135,0.3331818181818182,0.36863452005407843,0.42422172906194544,0.8372838725659438,1.2543905580938346,0.8484434581238909,0.8372838725659438,0.8362603720625564,0.4014787430683919,0.45239718245853217,0.44254104211277656,100.0,100.0,5390,5677,5732,213,6,5331,0.03951762523191095,0.0010568962480183195,0.9300418702023726,0.5,0.7000000000000001,0.8,0.9,75.0,45.0,35.0,0.7000000000000001,0.9,0.9,0.9,35.0,45.0,60.0,6618,6452,166,6618,0.02508310667875491,0.6395539255239381,1.0,0.6395539255239381,1966,0.30471171729696217,1.0,1
"iteration_5","SCOPE_DATA_COLLECTION",1500,45,2770.0,2830.0,2,7964,6623,2212,7947,6631,2164,5410,4401,1401,2533,2199,818,0.31889714213773135,0.3331818181818182,0.36863452005407843,0.42422172906194544,0.8372838725659438,1.2543905580938346,0.8484434581238909,0.8372838725659438,0.8362603720625564,0.4014787430683919,0.45239718245853217,0.44254104211277656,100.0,100.0,5390,5677,5732,213,6,5331,0.03951762523191095,0.0010568962480183195,0.9300418702023726,0.5,0.7000000000000001,0.8,0.9,75.0,45.0,35.0,0.7000000000000001,0.9,0.9,0.9,35.0,45.0,60.0,2093,1998,95,2093,0.045389393215480175,1.0083136171616331,1.5,0.6722090781077554,629,0.3148148148148148,1.0,1
"iteration_5","SCOPE_DATA_COLLECTION",1500,46,2830.0,2890.0,0,7872,6618,2093,7964,6623,2212,7754,6443,1986,118,166,95,0.014989837398373984,0.02511726433651082,0.04565112926477655,0.3230068500133134,0.6390528793979007,1.0060812551160703,0.6460137000266268,0.6390528793979007,0.6707208367440468,0.2629610523600722,0.3048269439702002,0.31369587109768376,100.0,100.0,5249,7980,3354,192,5,182,0.03657839588493046,6.265664160401002E-4,0.05426356589147287,0.7000000000000001,0.9,0.9,0.9,35.0,45.0,60.0,0.6000000000000001,0.9,0.9,0.9,45.0,55.0,50.0,7897,6860,1037,7897,0.13131568950234265,0.42472581356968236,0.5,0.8494516271393647,2275,0.33163265306122447,1.0,1
"iteration_5","SCOPE_DATA_COLLECTION",1500,46,2830.0,2890.0,1,7872,6618,2093,7964,6623,2212,7754,6443,1986,118,166,95,0.014989837398373984,0.02511726433651082,0.04565112926477655,0.3230068500133134,0.6390528793979007,1.0060812551160703,0.6460137000266268,0.6390528793979007,0.6707208367440468,0.2629610523600722,0.3048269439702002,0.31369587109768376,100.0,100.0,5249,7980,3354,192,5,182,0.03657839588493046,6.265664160401002E-4,0.05426356589147287,0.7000000000000001,0.9,0.9,0.9,35.0,45.0,60.0,0.6000000000000001,0.9,0.9,0.9,45.0,55.0,50.0,6652,5708,944,6652,0.14191220685508119,0.7554405543893328,1.0,0.7554405543893328,2013,0.3526629292221444,1.0,1
"iteration_5","SCOPE_DATA_COLLECTION",1500,46,2830.0,2890.0,2,7872,6618,2093,7964,6623,2212,7754,6443,1986,118,166,95,0.014989837398373984,0.02511726433651082,0.04565112926477655,0.3230068500133134,0.6390528793979007,1.0060812551160703,0.6460137000266268,0.6390528793979007,0.6707208367440468,0.2629610523600722,0.3048269439702002,0.31369587109768376,100.0,100.0,5249,7980,3354,192,5,182,0.03657839588493046,6.265664160401002E-4,0.05426356589147287,0.7000000000000001,0.9,0.9,0.9,35.0,45.0,60.0,0.6000000000000001,0.9,0.9,0.9,45.0,55.0,50.0,2304,1943,361,2304,0.1566840277777778,1.1731675224852076,1.5,0.7821116816568051,716,0.368502316006176,1.0,1
"iteration_5","SCOPE_DATA_COLLECTION",1500,47,2890.0,2950.0,0,7897,6652,2304,7872,6618,2093,6858,5711,1944,1032,943,360,0.13079847908745248,0.14171926660655246,0.15625,0.41057683037200615,0.7537659633012128,1.1669596234434152,0.8211536607440123,0.7537659633012128,0.7779730822956101,0.33070866141732286,0.3523025739800385,0.36882716049382713,100.0,100.0,5246,6974,4633,234,4,2097,0.04460541364849409,5.735589331803843E-4,0.45262249082667816,0.6000000000000001,0.9,0.9,0.9,45.0,55.0,50.0,0.6000000000000001,0.9,0.9,0.9,45.0,55.0,60.0,7942,6888,1054,7942,0.1327121631830773,0.39039189533790575,0.5,0.7807837906758115,2245,0.32592915214866436,1.0,1
"iteration_5","SCOPE_DATA_COLLECTION",1500,47,2890.0,2950.0,1,7897,6652,2304,7872,6618,2093,6858,5711,1944,1032,943,360,0.13079847908745248,0.14171926660655246,0.15625,0.41057683037200615,0.7537659633012128,1.1669596234434152,0.8211536607440123,0.7537659633012128,0.7779730822956101,0.33070866141732286,0.3523025739800385,0.36882716049382713,100.0,100.0,5246,6974,4633,234,4,2097,0.04460541364849409,5.735589331803843E-4,0.45262249082667816,0.6000000000000001,0.9,0.9,0.9,45.0,55.0,50.0,0.6000000000000001,0.9,0.9,0.9,45.0,55.0,60.0,6617,5670,947,6617,0.14311621580776787,0.7439152120772002,1.0,0.7439152120772002,2065,0.36419753086419754,1.0,1
"iteration_5","SCOPE_DATA_COLLECTION",1500,47,2890.0,2950.0,2,7897,6652,2304,7872,6618,2093,6858,5711,1944,1032,943,360,0.13079847908745248,0.14171926660655246,0.15625,0.41057683037200615,0.7537659633012128,1.1669596234434152,0.8211536607440123,0.7537659633012128,0.7779730822956101,0.33070866141732286,0.3523025739800385,0.36882716049382713,100.0,100.0,5246,6974,4633,234,4,2097,0.04460541364849409,5.735589331803843E-4,0.45262249082667816,0.6000000000000001,0.9,0.9,0.9,45.0,55.0,50.0,0.6000000000000001,0.9,0.9,0.9,45.0,55.0,60.0,2194,1851,343,2194,0.15633546034639928,1.0691006513631613,1.5,0.7127337675754409,634,0.3425175580767153,1.0,1
"iteration_5","SCOPE_DATA_COLLECTION",1500,48,2950.0,3010.0,0,7942,6617,2194,7897,6652,2304,6908,5662,1848,1059,947,344,0.13292330864817373,0.1432894537751551,0.15693430656934307,0.40426366897248567,0.7453091763253319,1.0730187329613392,0.8085273379449713,0.7453091763253319,0.7153458219742261,0.3271569195136074,0.3647121158601201,0.3403679653679654,97.5,100.0,5346,6859,4548,201,6,2143,0.037598204264870934,8.747630849978131E-4,0.47119613016710643,0.6000000000000001,0.9,0.9,0.9,45.0,55.0,60.0,0.7000000000000001,0.7000000000000001,0.5,0.30000000000000004,60.0,95.0,75.0,7813,7658,155,7813,0.019838730321259438,0.3325006231519067,0.5,0.6650012463038134,2111,0.27565944110733875,1.0,1
"iteration_5","SCOPE_DATA_COLLECTION",1500,48,2950.0,3010.0,1,7942,6617,2194,7897,6652,2304,6908,5662,1848,1059,947,344,0.13292330864817373,0.1432894537751551,0.15693430656934307,0.40426366897248567,0.7453091763253319,1.0730187329613392,0.8085273379449713,0.7453091763253319,0.7153458219742261,0.3271569195136074,0.3647121158601201,0.3403679653679654,97.5,100.0,5346,6859,4548,201,6,2143,0.037598204264870934,8.747630849978131E-4,0.47119613016710643,0.6000000000000001,0.9,0.9,0.9,45.0,55.0,60.0,0.7000000000000001,0.7000000000000001,0.5,0.30000000000000004,60.0,95.0,75.0,6509,6342,167,6509,0.025656782915962514,0.6347456872377405,1.0,0.6347456872377405,1937,0.3054241564175339,1.0,1
"iteration_5","SCOPE_DATA_COLLECTION",1500,48,2950.0,3010.0,2,7942,6617,2194,7897,6652,2304,6908,5662,1848,1059,947,344,0.13292330864817373,0.1432894537751551,0.15693430656934307,0.40426366897248567,0.7453091763253319,1.0730187329613392,0.8085273379449713,0.7453091763253319,0.7153458219742261,0.3271569195136074,0.3647121158601201,0.3403679653679654,97.5,100.0,5346,6859,4548,201,6,2143,0.037598204264870934,8.747630849978131E-4,0.47119613016710643,0.6000000000000001,0.9,0.9,0.9,45.0,55.0,60.0,0.7000000000000001,0.7000000000000001,0.5,0.30000000000000004,60.0,95.0,75.0,2171,2058,113,2171,0.0520497466605251,0.9832964857224367,1.5,0.6555309904816244,630,0.30612244897959184,1.0,1
"iteration_5","SCOPE_DATA_COLLECTION",1500,49,3010.0,3070.0,0,7813,6509,2171,7942,6617,2194,7655,6349,2063,155,168,113,0.019846350832266324,0.02577873254564984,0.05193014705882353,0.3335026375212374,0.6381814221227697,0.9867403469938199,0.6670052750424748,0.6381814221227697,0.6578268979958799,0.2762900065316786,0.3068199716490786,0.30780416868637905,100.0,100.0,5196,7893,3404,153,7,276,0.029445727482678985,8.868617762574433E-4,0.08108108108108109,0.7000000000000001,0.7000000000000001,0.5,0.30000000000000004,60.0,95.0,75.0,0.25,0.4,0.30000000000000004,0.7000000000000001,55.0,85.0,85.0,7756,3699,4057,7756,0.5230789066529139,0.4882790996877345,0.5,0.976558199375469,1926,0.5206812652068127,1.0,1
"iteration_5","SCOPE_DATA_COLLECTION",1500,49,3010.0,3070.0,1,7813,6509,2171,7942,6617,2194,7655,6349,2063,155,168,113,0.019846350832266324,0.02577873254564984,0.05193014705882353,0.3335026375212374,0.6381814221227697,0.9867403469938199,0.6670052750424748,0.6381814221227697,0.6578268979958799,0.2762900065316786,0.3068199716490786,0.30780416868637905,100.0,100.0,5196,7893,3404,153,7,276,0.029445727482678985,8.868617762574433E-4,0.08108108108108109,0.7000000000000001,0.7000000000000001,0.5,0.30000000000000004,60.0,95.0,75.0,0.25,0.4,0.30000000000000004,0.7000000000000001,55.0,85.0,85.0,6685,3248,3437,6685,0.5141361256544502,1.0142834127241536,1.0,1.0142834127241536,1995,0.6142241379310345,1.0,1
"iteration_5","SCOPE_DATA_COLLECTION",1500,49,3010.0,3070.0,2,7813,6509,2171,7942,6617,2194,7655,6349,2063,155,168,113,0.019846350832266324,0.02577873254564984,0.05193014705882353,0.3335026375212374,0.6381814221227697,0.9867403469938199,0.6670052750424748,0.6381814221227697,0.6578268979958799,0.2762900065316786,0.3068199716490786,0.30780416868637905,100.0,100.0,5196,7893,3404,153,7,276,0.029445727482678985,8.868617762574433E-4,0.08108108108108109,0.7000000000000001,0.7000000000000001,0.5,0.30000000000000004,60.0,95.0,75.0,0.25,0.4,0.30000000000000004,0.7000000000000001,55.0,85.0,85.0,2176,1005,1171,2176,0.5381433823529411,1.595618505483712,1.5,1.0637456703224746,631,0.6278606965174129,1.0,1
"iteration_5","SCOPE_DATA_COLLECTION",1500,50,3070.0,3130.0,0,7756,6685,2176,7813,6509,2171,3700,3261,1018,4057,3437,1171,0.5230114735077994,0.5131382502239474,0.5349474645957059,0.4880098553783441,1.0113271802282051,1.5909744962991095,0.9760197107566883,1.0113271802282051,1.0606496641994063,0.5181081081081081,0.609935602575897,0.6257367387033399,97.5,100.0,5184,2856,8577,156,1,8508,0.03009259259259259,3.5014005602240897E-4,0.9919552291010842,0.25,0.4,0.30000000000000004,0.7000000000000001,55.0,85.0,85.0,0.15000000000000002,0.5,0.30000000000000004,0.8,65.0,95.0,75.0,7910,3264,4646,7910,0.5873577749683945,0.5527541504522495,0.5,1.105508300904499,1969,0.6032475490196079,1.0,1
"iteration_5","SCOPE_DATA_COLLECTION",1500,50,3070.0,3130.0,1,7756,6685,2176,7813,6509,2171,3700,3261,1018,4057,3437,1171,0.5230114735077994,0.5131382502239474,0.5349474645957059,0.4880098553783441,1.0113271802282051,1.5909744962991095,0.9760197107566883,1.0113271802282051,1.0606496641994063,0.5181081081081081,0.609935602575897,0.6257367387033399,97.5,100.0,5184,2856,8577,156,1,8508,0.03009259259259259,3.5014005602240897E-4,0.9919552291010842,0.25,0.4,0.30000000000000004,0.7000000000000001,55.0,85.0,85.0,0.15000000000000002,0.5,0.30000000000000004,0.8,65.0,95.0,75.0,6711,2674,4037,6711,0.6015496945313664,1.110975092857682,1.0,1.110975092857682,1888,0.706058339566193,1.0,1
"iteration_5","SCOPE_DATA_COLLECTION",1500,50,3070.0,3130.0,2,7756,6685,2176,7813,6509,2171,3700,3261,1018,4057,3437,1171,0.5230114735077994,0.5131382502239474,0.5349474645957059,0.4880098553783441,1.0113271802282051,1.5909744962991095,0.9760197107566883,1.0113271802282051,1.0606496641994063,0.5181081081081081,0.609935602575897,0.6257367387033399,97.5,100.0,5184,2856,8577,156,1,8508,0.03009259259259259,3.5014005602240897E-4,0.9919552291010842,0.25,0.4,0.30000000000000004,0.7000000000000001,55.0,85.0,85.0,0.15000000000000002,0.5,0.30000000000000004,0.8,65.0,95.0,75.0,2210,892,1318,2210,0.5963800904977375,1.7683510594409075,1.5,1.1789007062939383,640,0.7174887892376681,1.0,1
"iteration_5","SCOPE_DATA_COLLECTION",1500,51,3130.0,3190.0,0,7910,6711,2210,7756,6685,2176,3273,2683,895,4646,4037,1318,0.5866902386664983,0.6007440476190476,0.5955716222322639,0.5536466927479681,1.1128784626313608,1.770624198977677,1.1072933854959361,1.1128784626313608,1.1804161326517846,0.6043385273449435,0.7055534849049572,0.71731843575419,100.0,100.0,5187,1781,9863,136,2,9863,0.02621939464044727,0.0011229646266142617,1.0,0.15000000000000002,0.5,0.30000000000000004,0.8,65.0,95.0,75.0,0.25,0.5,0.30000000000000004,0.7000000000000001,55.0,95.0,75.0,7900,3840,4060,7900,0.5139240506329114,0.4706761097378379,0.5,0.9413522194756758,1972,0.5135416666666667,1.0,1
"iteration_5","SCOPE_DATA_COLLECTION",1500,51,3130.0,3190.0,1,7910,6711,2210,7756,6685,2176,3273,2683,895,4646,4037,1318,0.5866902386664983,0.6007440476190476,0.5955716222322639,0.5536466927479681,1.1128784626313608,1.770624198977677,1.1072933854959361,1.1128784626313608,1.1804161326517846,0.6043385273449435,0.7055534849049572,0.71731843575419,100.0,100.0,5187,1781,9863,136,2,9863,0.02621939464044727,0.0011229646266142617,1.0,0.15000000000000002,0.5,0.30000000000000004,0.8,65.0,95.0,75.0,0.25,0.5,0.30000000000000004,0.7000000000000001,55.0,95.0,75.0,6659,3112,3547,6659,0.5326625619462382,0.9957136079883139,1.0,0.9957136079883139,1897,0.6095758354755784,1.0,1
"iteration_5","SCOPE_DATA_COLLECTION",1500,51,3130.0,3190.0,2,7910,6711,2210,7756,6685,2176,3273,2683,895,4646,4037,1318,0.5866902386664983,0.6007440476190476,0.5955716222322639,0.5536466927479681,1.1128784626313608,1.770624198977677,1.1072933854959361,1.1128784626313608,1.1804161326517846,0.6043385273449435,0.7055534849049572,0.71731843575419,100.0,100.0,5187,1781,9863,136,2,9863,0.02621939464044727,0.0011229646266142617,1.0,0.15000000000000002,0.5,0.30000000000000004,0.8,65.0,95.0,75.0,0.25,0.5,0.30000000000000004,0.7000000000000001,55.0,95.0,75.0,2207,1020,1187,2207,0.5378341640235614,1.5887274876895523,1.5,1.0591516584597016,641,0.6284313725490196,1.0,1
"iteration_5","SCOPE_DATA_COLLECTION",1500,52,3190.0,3250.0,0,7900,6659,2207,7910,6711,2210,3852,3109,1009,4060,3547,1187,0.5131445904954499,0.5329026442307693,0.5405282331511839,0.4707706360753036,0.9957851556247861,1.5845214295069732,0.9415412721506072,0.9957851556247861,1.0563476196713155,0.5137590861889927,0.6108073335477645,0.6273538156590683,95.0,100.0,5150,2952,8664,126,4,8664,0.02446601941747573,0.0013550135501355014,1.0,0.25,0.5,0.30000000000000004,0.7000000000000001,55.0,95.0,75.0,0.15000000000000002,0.6000000000000001,0.2,0.6000000000000001,65.0,85.0,85.0,7962,3249,4713,7962,0.5919366993217784,0.5336682613446301,0.5,1.0673365226892602,1903,0.5857186826715912,1.0,1
"iteration_5","SCOPE_DATA_COLLECTION",1500,52,3190.0,3250.0,1,7900,6659,2207,7910,6711,2210,3852,3109,1009,4060,3547,1187,0.5131445904954499,0.5329026442307693,0.5405282331511839,0.4707706360753036,0.9957851556247861,1.5845214295069732,0.9415412721506072,0.9957851556247861,1.0563476196713155,0.5137590861889927,0.6108073335477645,0.6273538156590683,95.0,100.0,5150,2952,8664,126,4,8664,0.02446601941747573,0.0013550135501355014,1.0,0.25,0.5,0.30000000000000004,0.7000000000000001,55.0,95.0,75.0,0.15000000000000002,0.6000000000000001,0.2,0.6000000000000001,65.0,85.0,85.0,6555,2679,3876,6555,0.591304347826087,1.104958283591415,1.0,1.104958283591415,1927,0.7192982456140351,1.0,1
"iteration_5","SCOPE_DATA_COLLECTION",1500,52,3190.0,3250.0,2,7900,6659,2207,7910,6711,2210,3852,3109,1009,4060,3547,1187,0.5131445904954499,0.5329026442307693,0.5405282331511839,0.4707706360753036,0.9957851556247861,1.5845214295069732,0.9415412721506072,0.9957851556247861,1.0563476196713155,0.5137590861889927,0.6108073335477645,0.6273538156590683,95.0,100.0,5150,2952,8664,126,4,8664,0.02446601941747573,0.0013550135501355014,1.0,0.25,0.5,0.30000000000000004,0.7000000000000001,55.0,95.0,75.0,0.15000000000000002,0.6000000000000001,0.2,0.6000000000000001,65.0,85.0,85.0,2312,893,1419,2312,0.6137543252595156,1.7217880695765235,1.5,1.1478587130510156,628,0.7032474804031354,1.0,1
"iteration_5","SCOPE_DATA_COLLECTION",1500,53,3250.0,3310.0,0,7962,6555,2312,7900,6659,2207,3242,2694,894,4713,3876,1419,0.5924575738529226,0.5899543378995433,0.6134889753566797,0.5341533124466454,1.1039077598943792,1.7199698714459808,1.0683066248932909,1.1039077598943792,1.1466465809639872,0.5869833436150524,0.7190051967334818,0.7002237136465325,97.5,100.0,5132,1810,9887,119,2,9887,0.02318784099766173,0.0011049723756906078,1.0,0.15000000000000002,0.6000000000000001,0.2,0.6000000000000001,65.0,85.0,85.0,0.25,0.6000000000000001,0.1,0.6000000000000001,75.0,75.0,85.0,7782,3662,4120,7782,0.5294268825494731,0.4685616561315026,0.5,0.9371233122630052,1800,0.4915346805024577,1.0,1
"iteration_5","SCOPE_DATA_COLLECTION",1500,53,3250.0,3310.0,1,7962,6555,2312,7900,6659,2207,3242,2694,894,4713,3876,1419,0.5924575738529226,0.5899543378995433,0.6134889753566797,0.5341533124466454,1.1039077598943792,1.7199698714459808,1.0683066248932909,1.1039077598943792,1.1466465809639872,0.5869833436150524,0.7190051967334818,0.7002237136465325,97.5,100.0,5132,1810,9887,119,2,9887,0.02318784099766173,0.0011049723756906078,1.0,0.15000000000000002,0.6000000000000001,0.2,0.6000000000000001,65.0,85.0,85.0,0.25,0.6000000000000001,0.1,0.6000000000000001,75.0,75.0,85.0,6583,3142,3441,6583,0.5227100106334498,0.8865774667320165,1.0,0.8865774667320165,1858,0.5913430935709739,1.0,1
"iteration_5","SCOPE_DATA_COLLECTION",1500,53,3250.0,3310.0,2,7962,6555,2312,7900,6659,2207,3242,2694,894,4713,3876,1419,0.5924575738529226,0.5899543378995433,0.6134889753566797,0.5341533124466454,1.1039077598943792,1.7199698714459808,1.0683066248932909,1.1039077598943792,1.1466465809639872,0.5869833436150524,0.7190051967334818,0.7002237136465325,97.5,100.0,5132,1810,9887,119,2,9887,0.02318784099766173,0.0011049723756906078,1.0,0.15000000000000002,0.6000000000000001,0.2,0.6000000000000001,65.0,85.0,85.0,0.25,0.6000000000000001,0.1,0.6000000000000001,75.0,75.0,85.0,2295,1030,1265,2295,0.55119825708061,1.539188582485507,1.5,1.0261257216570046,636,0.6174757281553398,1.0,1
"iteration_5","SCOPE_DATA_COLLECTION",1500,54,3310.0,3370.0,0,7782,6583,2295,7962,6555,2312,3655,3139,1032,4120,3441,1265,0.5299035369774919,0.5229483282674772,0.5507183282542447,0.4674293724855616,0.8890050094943376,1.5380633777612316,0.9348587449711232,0.8890050094943376,1.0253755851741544,0.4900136798905609,0.5912711054475948,0.6172480620155039,100.0,100.0,5005,2907,8748,75,3,8748,0.014985014985014986,0.0010319917440660474,1.0,0.25,0.6000000000000001,0.1,0.6000000000000001,75.0,75.0,85.0,0.9500000000000001,0.30000000000000004,0.6000000000000001,0.8,80.0,80.0,85.0,8020,6901,1119,8020,0.13952618453865337,0.4210687218113762,0.5,0.8421374436227524,2294,0.33241559194319664,1.0,1
"iteration_5","SCOPE_DATA_COLLECTION",1500,54,3310.0,3370.0,1,7782,6583,2295,7962,6555,2312,3655,3139,1032,4120,3441,1265,0.5299035369774919,0.5229483282674772,0.5507183282542447,0.4674293724855616,0.8890050094943376,1.5380633777612316,0.9348587449711232,0.8890050094943376,1.0253755851741544,0.4900136798905609,0.5912711054475948,0.6172480620155039,100.0,100.0,5005,2907,8748,75,3,8748,0.014985014985014986,0.0010319917440660474,1.0,0.25,0.6000000000000001,0.1,0.6000000000000001,75.0,75.0,85.0,0.9500000000000001,0.30000000000000004,0.6000000000000001,0.8,80.0,80.0,85.0,6572,5595,977,6572,0.1486609860012173,0.7796974507621984,1.0,0.7796974507621984,2052,0.36675603217158176,1.0,1
"iteration_5","SCOPE_DATA_COLLECTION",1500,54,3310.0,3370.0,2,7782,6583,2295,7962,6555,2312,3655,3139,1032,4120,3441,1265,0.5299035369774919,0.5229483282674772,0.5507183282542447,0.4674293724855616,0.8890050094943376,1.5380633777612316,0.9348587449711232,0.8890050094943376,1.0253755851741544,0.4900136798905609,0.5912711054475948,0.6172480620155039,100.0,100.0,5005,2907,8748,75,3,8748,0.014985014985014986,0.0010319917440660474,1.0,0.25,0.6000000000000001,0.1,0.6000000000000001,75.0,75.0,85.0,0.9500000000000001,0.30000000000000004,0.6000000000000001,0.8,80.0,80.0,85.0,2192,1815,377,2192,0.17198905109489052,1.196601927466277,1.5,0.7977346183108512,639,0.35206611570247937,1.0,1
"iteration_5","SCOPE_DATA_COLLECTION",1500,55,3370.0,3430.0,0,8020,6572,2192,7782,6583,2295,6889,5563,1801,1119,977,377,0.13973526473526474,0.14938837920489298,0.17309458218549129,0.4220540992894085,0.7816056161356901,1.202575243009909,0.844108198578817,0.7816056161356901,0.8017168286732727,0.3343010596603281,0.3688657199352867,0.3553581343697946,100.0,100.0,5361,10881,542,160,2309,4,0.029845178138407015,0.21220476059185736,0.007380073800738007,0.9500000000000001,0.30000000000000004,0.6000000000000001,0.8,80.0,80.0,85.0,0.35000000000000003,0.7000000000000001,0.5,0.8,25.0,70.0,60.0,7935,4412,3523,7935,0.4439823566477631,0.4385982889544365,0.5,0.877196577908873,1946,0.44106980961015413,1.0,1
"iteration_5","SCOPE_DATA_COLLECTION",1500,55,3370.0,3430.0,1,8020,6572,2192,7782,6583,2295,6889,5563,1801,1119,977,377,0.13973526473526474,0.14938837920489298,0.17309458218549129,0.4220540992894085,0.7816056161356901,1.202575243009909,0.844108198578817,0.7816056161356901,0.8017168286732727,0.3343010596603281,0.3688657199352867,0.3553581343697946,100.0,100.0,5361,10881,542,160,2309,4,0.029845178138407015,0.21220476059185736,0.007380073800738007,0.9500000000000001,0.30000000000000004,0.6000000000000001,0.8,80.0,80.0,85.0,0.35000000000000003,0.7000000000000001,0.5,0.8,25.0,70.0,60.0,6566,3573,2993,6566,0.4558330795004569,0.9553794638371359,1.0,0.9553794638371359,1978,0.5535964175762664,1.0,1
"iteration_5","SCOPE_DATA_COLLECTION",1500,55,3370.0,3430.0,2,8020,6572,2192,7782,6583,2295,6889,5563,1801,1119,977,377,0.13973526473526474,0.14938837920489298,0.17309458218549129,0.4220540992894085,0.7816056161356901,1.202575243009909,0.844108198578817,0.7816056161356901,0.8017168286732727,0.3343010596603281,0.3688657199352867,0.3553581343697946,100.0,100.0,5361,10881,542,160,2309,4,0.029845178138407015,0.21220476059185736,0.007380073800738007,0.9500000000000001,0.30000000000000004,0.6000000000000001,0.8,80.0,80.0,85.0,0.35000000000000003,0.7000000000000001,0.5,0.8,25.0,70.0,60.0,2220,1145,1075,2220,0.48423423423423423,1.4397232375059328,1.5,0.9598154916706219,623,0.5441048034934498,1.0,1
"iteration_5","SCOPE_DATA_COLLECTION",1500,56,3430.0,3490.0,0,7935,6566,2220,8020,6572,2192,4423,3597,1161,3522,2993,1075,0.44329767149150406,0.4541729893778452,0.4807692307692308,0.4370033426415357,0.9475939166927092,1.4307533577718137,0.8740066852830713,0.9475939166927092,0.9538355718478758,0.438164141985078,0.548790658882402,0.5391903531438416,100.0,100.0,5250,4008,7463,191,7,7392,0.03638095238095238,0.001746506986027944,0.990486399571218,0.35000000000000003,0.7000000000000001,0.5,0.8,25.0,70.0,60.0,0.25,0.8,0.6000000000000001,0.8,35.0,60.0,60.0,8056,3863,4193,8056,0.5204816285998014,0.5129804822469434,0.5,1.0259609644938867,2066,0.5348174993528346,1.0,1
"iteration_5","SCOPE_DATA_COLLECTION",1500,56,3430.0,3490.0,1,7935,6566,2220,8020,6572,2192,4423,3597,1161,3522,2993,1075,0.44329767149150406,0.4541729893778452,0.4807692307692308,0.4370033426415357,0.9475939166927092,1.4307533577718137,0.8740066852830713,0.9475939166927092,0.9538355718478758,0.438164141985078,0.548790658882402,0.5391903531438416,100.0,100.0,5250,4008,7463,191,7,7392,0.03638095238095238,0.001746506986027944,0.990486399571218,0.35000000000000003,0.7000000000000001,0.5,0.8,25.0,70.0,60.0,0.25,0.8,0.6000000000000001,0.8,35.0,60.0,60.0,6782,3229,3553,6782,0.5238867590681215,1.0230385972226603,1.0,1.0230385972226603,1927,0.5967791886032827,1.0,1
"iteration_5","SCOPE_DATA_COLLECTION",1500,56,3430.0,3490.0,2,7935,6566,2220,8020,6572,2192,4423,3597,1161,3522,2993,1075,0.44329767149150406,0.4541729893778452,0.4807692307692308,0.4370033426415357,0.9475939166927092,1.4307533577718137,0.8740066852830713,0.9475939166927092,0.9538355718478758,0.438164141985078,0.548790658882402,0.5391903531438416,100.0,100.0,5250,4008,7463,191,7,7392,0.03638095238095238,0.001746506986027944,0.990486399571218,0.35000000000000003,0.7000000000000001,0.5,0.8,25.0,70.0,60.0,0.25,0.8,0.6000000000000001,0.8,35.0,60.0,60.0,2196,1014,1182,2196,0.5382513661202186,1.6243316920055766,1.5,1.0828877946703843,641,0.6321499013806706,1.0,1
"iteration_5","SCOPE_DATA_COLLECTION",1500,57,3490.0,3550.0,0,8056,6782,2196,7935,6566,2220,3852,3219,1014,4194,3551,1182,0.5212527964205816,0.524519940915805,0.5382513661202186,0.5126174840188019,1.019258427558749,1.6172776951171723,1.0252349680376038,1.019258427558749,1.078185130078115,0.5334890965732088,0.593973283628456,0.6301775147928994,97.5,100.0,5337,2992,8705,216,6,8705,0.04047217537942664,0.002005347593582888,1.0,0.25,0.8,0.6000000000000001,0.8,35.0,60.0,60.0,0.15000000000000002,0.7000000000000001,0.5,0.9,25.0,50.0,70.0,7765,3229,4536,7765,0.5841596909207984,0.5502312221778126,0.5,1.1004624443556252,1894,0.5865593062867761,1.0,1
"iteration_5","SCOPE_DATA_COLLECTION",1500,57,3490.0,3550.0,1,8056,6782,2196,7935,6566,2220,3852,3219,1014,4194,3551,1182,0.5212527964205816,0.524519940915805,0.5382513661202186,0.5126174840188019,1.019258427558749,1.6172776951171723,1.0252349680376038,1.019258427558749,1.078185130078115,0.5334890965732088,0.593973283628456,0.6301775147928994,97.5,100.0,5337,2992,8705,216,6,8705,0.04047217537942664,0.002005347593582888,1.0,0.25,0.8,0.6000000000000001,0.8,35.0,60.0,60.0,0.15000000000000002,0.7000000000000001,0.5,0.9,25.0,50.0,70.0,6742,2829,3913,6742,0.5803915752002373,1.1400566531933614,1.0,1.1400566531933614,2008,0.7097914457405443,1.0,1
"iteration_5","SCOPE_DATA_COLLECTION",1500,57,3490.0,3550.0,2,8056,6782,2196,7935,6566,2220,3852,3219,1014,4194,3551,1182,0.5212527964205816,0.524519940915805,0.5382513661202186,0.5126174840188019,1.019258427558749,1.6172776951171723,1.0252349680376038,1.019258427558749,1.078185130078115,0.5334890965732088,0.593973283628456,0.6301775147928994,97.5,100.0,5337,2992,8705,216,6,8705,0.04047217537942664,0.002005347593582888,1.0,0.25,0.8,0.6000000000000001,0.8,35.0,60.0,60.0,0.15000000000000002,0.7000000000000001,0.5,0.9,25.0,50.0,70.0,2175,829,1346,2175,0.6188505747126437,1.7878977967148928,1.5,1.1919318644765953,590,0.7117008443908324,1.0,1
"iteration_5","SCOPE_DATA_COLLECTION",1500,58,3550.0,3619.4946839164254,0,7765,6742,2175,8056,6782,2196,3243,2821,835,4536,3915,1346,0.5831083686849209,0.5812054631828979,0.6171480972031178,0.5499289625912593,1.1384870337606732,1.7980113254218693,1.0998579251825187,1.1384870337606732,1.1986742169479128,0.5880357693493679,0.7082594824530308,0.7149700598802395,100.0,100.0,5294,1791,9597,199,1,9597,0.03758972421609369,5.583472920156337E-4,1.0,0.15000000000000002,0.7000000000000001,0.5,0.9,25.0,50.0,70.0,0.15000000000000002,0.7000000000000001,0.5,0.9,25.0,60.0,70.0,6585,2760,3798,6558,0.5791399817017383,0.5700472496700528,0.5,1.1400944993401056,1711,0.619927536231884,0.9958997722095672,0
"iteration_5","SCOPE_DATA_COLLECTION",1500,58,3550.0,3619.4946839164254,1,7765,6742,2175,8056,6782,2196,3243,2821,835,4536,3915,1346,0.5831083686849209,0.5812054631828979,0.6171480972031178,0.5499289625912593,1.1384870337606732,1.7980113254218693,1.0998579251825187,1.1384870337606732,1.1986742169479128,0.5880357693493679,0.7082594824530308,0.7149700598802395,100.0,100.0,5294,1791,9597,199,1,9597,0.03758972421609369,5.583472920156337E-4,1.0,0.15000000000000002,0.7000000000000001,0.5,0.9,25.0,50.0,70.0,0.15000000000000002,0.7000000000000001,0.5,0.9,25.0,60.0,70.0,5530,2168,3315,5483,0.6045960240744118,1.204228302163816,1.0,1.204228302163816,1591,0.7338560885608856,0.9915009041591321,0
"iteration_5","SCOPE_DATA_COLLECTION",1500,58,3550.0,3619.4946839164254,2,7765,6742,2175,8056,6782,2196,3243,2821,835,4536,3915,1346,0.5831083686849209,0.5812054631828979,0.6171480972031178,0.5499289625912593,1.1384870337606732,1.7980113254218693,1.0998579251825187,1.1384870337606732,1.1986742169479128,0.5880357693493679,0.7082594824530308,0.7149700598802395,100.0,100.0,5294,1791,9597,199,1,9597,0.03758972421609369,5.583472920156337E-4,1.0,0.15000000000000002,0.7000000000000001,0.5,0.9,25.0,50.0,70.0,0.15000000000000002,0.7000000000000001,0.5,0.9,25.0,60.0,70.0,1832,694,1106,1800,0.6144444444444445,1.820721700879609,1.5,1.2138144672530726,506,0.729106628242075,0.982532751091703,0
"iteration_5","SCOPE_DATA_COLLECTION",1600,0,70.0,130.0,0,9152,5822,2075,0,0,0,8092,5079,1739,1008,674,306,0.11076923076923077,0.11715626629584565,0.14963325183374082,0.3842904722876079,0.7172288892622282,1.0613125424784495,0.7685809445752158,0.7172288892622282,0.707541694985633,0.2925111220958972,0.3469186847804686,0.3450258769407706,100.0,100.0,5386,6935,4728,155,6,1827,0.028778314147790567,8.651766402307138E-4,0.3864213197969543,0.6,0.5,0.7,0.4,85.0,80.0,90.0,0.35000000000000003,0.9,0.8,0.9,30.0,30.0,40.0,9974,5364,4610,9974,0.4622017244836575,0.476693844175478,0.5,0.953387688350956,2527,0.47110365398956006,1.0,1
"iteration_5","SCOPE_DATA_COLLECTION",1600,0,70.0,130.0,1,9152,5822,2075,0,0,0,8092,5079,1739,1008,674,306,0.11076923076923077,0.11715626629584565,0.14963325183374082,0.3842904722876079,0.7172288892622282,1.0613125424784495,0.7685809445752158,0.7172288892622282,0.707541694985633,0.2925111220958972,0.3469186847804686,0.3450258769407706,100.0,100.0,5386,6935,4728,155,6,1827,0.028778314147790567,8.651766402307138E-4,0.3864213197969543,0.6,0.5,0.7,0.4,85.0,80.0,90.0,0.35000000000000003,0.9,0.8,0.9,30.0,30.0,40.0,6369,3404,2965,6369,0.465536190924792,0.9386696122498986,1.0,0.9386696122498986,1793,0.5267332549941246,1.0,1
"iteration_5","SCOPE_DATA_COLLECTION",1600,0,70.0,130.0,2,9152,5822,2075,0,0,0,8092,5079,1739,1008,674,306,0.11076923076923077,0.11715626629584565,0.14963325183374082,0.3842904722876079,0.7172288892622282,1.0613125424784495,0.7685809445752158,0.7172288892622282,0.707541694985633,0.2925111220958972,0.3469186847804686,0.3450258769407706,100.0,100.0,5386,6935,4728,155,6,1827,0.028778314147790567,8.651766402307138E-4,0.3864213197969543,0.6,0.5,0.7,0.4,85.0,80.0,90.0,0.35000000000000003,0.9,0.8,0.9,30.0,30.0,40.0,2263,1156,1107,2263,0.4891736632788334,1.470165449503269,1.5,0.980110299668846,635,0.5493079584775087,1.0,1
"iteration_5","SCOPE_DATA_COLLECTION",1600,1,130.0,190.0,0,9974,6369,2263,9152,5822,2075,5375,3416,1160,4610,2965,1107,0.4616925388082123,0.4646607114872277,0.4883105425672695,0.47595241325633536,0.9340734893952456,1.460562857171648,0.9519048265126707,0.9340734893952456,0.9737085714477653,0.4693953488372093,0.5240046838407494,0.5456896551724137,97.5,100.0,5644,4506,8456,220,6,8456,0.03897944720056697,0.0013315579227696406,1.0,0.35000000000000003,0.9,0.8,0.9,30.0,30.0,40.0,0.35000000000000003,0.8,0.7000000000000001,0.9,40.0,40.0,50.0,10053,5532,4521,10053,0.44971650253655626,0.48046723840030175,0.5,0.9609344768006035,2624,0.47433116413593635,1.0,1
"iteration_5","SCOPE_DATA_COLLECTION",1600,1,130.0,190.0,1,9974,6369,2263,9152,5822,2075,5375,3416,1160,4610,2965,1107,0.4616925388082123,0.4646607114872277,0.4883105425672695,0.47595241325633536,0.9340734893952456,1.460562857171648,0.9519048265126707,0.9340734893952456,0.9737085714477653,0.4693953488372093,0.5240046838407494,0.5456896551724137,97.5,100.0,5644,4506,8456,220,6,8456,0.03897944720056697,0.0013315579227696406,1.0,0.35000000000000003,0.9,0.8,0.9,30.0,30.0,40.0,0.35000000000000003,0.8,0.7000000000000001,0.9,40.0,40.0,50.0,6340,3372,2968,6340,0.46813880126182966,0.975258473930392,1.0,0.975258473930392,1813,0.5376631079478055,1.0,1
"iteration_5","SCOPE_DATA_COLLECTION",1600,1,130.0,190.0,2,9974,6369,2263,9152,5822,2075,5375,3416,1160,4610,2965,1107,0.4616925388082123,0.4646607114872277,0.4883105425672695,0.47595241325633536,0.9340734893952456,1.460562857171648,0.9519048265126707,0.9340734893952456,0.9737085714477653,0.4693953488372093,0.5240046838407494,0.5456896551724137,97.5,100.0,5644,4506,8456,220,6,8456,0.03897944720056697,0.0013315579227696406,1.0,0.35000000000000003,0.9,0.8,0.9,30.0,30.0,40.0,0.35000000000000003,0.8,0.7000000000000001,0.9,40.0,40.0,50.0,2350,1197,1153,2350,0.4906382978723404,1.4144570776273138,1.5,0.9429713850848759,620,0.5179615705931495,1.0,1
"iteration_5","SCOPE_DATA_COLLECTION",1600,2,190.0,250.0,0,10053,6340,2350,9974,6369,2263,5541,3373,1197,4521,2968,1153,0.449314251639833,0.4680649739788677,0.4906382978723404,0.4810330802078227,0.9780222275297369,1.4189119717469714,0.9620661604156454,0.9780222275297369,0.9459413144979809,0.47608734885399745,0.5386895938333828,0.518796992481203,100.0,100.0,5735,4548,8460,260,5,8377,0.045335658238884045,0.0010993843447669306,0.9901891252955083,0.35000000000000003,0.8,0.7000000000000001,0.9,40.0,40.0,50.0,0.35000000000000003,0.8,0.7000000000000001,0.9,40.0,40.0,50.0,9906,5466,4440,9906,0.4482132041187159,0.4612897521875042,0.5,0.9225795043750084,2542,0.4650567142334431,1.0,1
"iteration_5","SCOPE_DATA_COLLECTION",1600,2,190.0,250.0,1,10053,6340,2350,9974,6369,2263,5541,3373,1197,4521,2968,1153,0.449314251639833,0.4680649739788677,0.4906382978723404,0.4810330802078227,0.9780222275297369,1.4189119717469714,0.9620661604156454,0.9780222275297369,0.9459413144979809,0.47608734885399745,0.5386895938333828,0.518796992481203,100.0,100.0,5735,4548,8460,260,5,8377,0.045335658238884045,0.0010993843447669306,0.9901891252955083,0.35000000000000003,0.8,0.7000000000000001,0.9,40.0,40.0,50.0,0.35000000000000003,0.8,0.7000000000000001,0.9,40.0,40.0,50.0,6339,3404,2935,6339,0.46300678340432244,0.9244432003194042,1.0,0.9244432003194042,1803,0.5296709753231492,1.0,1
"iteration_5","SCOPE_DATA_COLLECTION",1600,2,190.0,250.0,2,10053,6340,2350,9974,6369,2263,5541,3373,1197,4521,2968,1153,0.449314251639833,0.4680649739788677,0.4906382978723404,0.4810330802078227,0.9780222275297369,1.4189119717469714,0.9620661604156454,0.9780222275297369,0.9459413144979809,0.47608734885399745,0.5386895938333828,0.518796992481203,100.0,100.0,5735,4548,8460,260,5,8377,0.045335658238884045,0.0010993843447669306,0.9901891252955083,0.35000000000000003,0.8,0.7000000000000001,0.9,40.0,40.0,50.0,0.35000000000000003,0.8,0.7000000000000001,0.9,40.0,40.0,50.0,2229,1164,1065,2229,0.477792732166891,1.4055213539994773,1.5,0.9370142359996515,608,0.5223367697594502,1.0,1
"iteration_5","SCOPE_DATA_COLLECTION",1600,3,250.0,310.0,0,9906,6339,2229,10053,6340,2350,5443,3412,1170,4440,2935,1065,0.44925629869472833,0.4624231920592406,0.47651006711409394,0.4596635536959961,0.9260686845883864,1.406338325313936,0.9193271073919922,0.9260686845883864,0.9375588835426241,0.4629799742788903,0.529601406799531,0.5222222222222223,97.5,100.0,5668,4557,8249,188,3,8249,0.033168666196189134,6.583278472679394E-4,1.0,0.35000000000000003,0.8,0.7000000000000001,0.9,40.0,40.0,50.0,0.45,0.9,0.8,0.9,40.0,30.0,60.0,10003,6057,3946,10003,0.394481655503349,0.4421639302549605,0.5,0.884327860509921,2573,0.4247977546640251,1.0,1
"iteration_5","SCOPE_DATA_COLLECTION",1600,3,250.0,310.0,1,9906,6339,2229,10053,6340,2350,5443,3412,1170,4440,2935,1065,0.44925629869472833,0.4624231920592406,0.47651006711409394,0.4596635536959961,0.9260686845883864,1.406338325313936,0.9193271073919922,0.9260686845883864,0.9375588835426241,0.4629799742788903,0.529601406799531,0.5222222222222223,97.5,100.0,5668,4557,8249,188,3,8249,0.033168666196189134,6.583278472679394E-4,1.0,0.35000000000000003,0.8,0.7000000000000001,0.9,40.0,40.0,50.0,0.45,0.9,0.8,0.9,40.0,30.0,60.0,6403,3907,2496,6403,0.3898172731532094,0.8864783016225208,1.0,0.8864783016225208,1892,0.4842590222677246,1.0,1
"iteration_5","SCOPE_DATA_COLLECTION",1600,3,250.0,310.0,2,9906,6339,2229,10053,6340,2350,5443,3412,1170,4440,2935,1065,0.44925629869472833,0.4624231920592406,0.47651006711409394,0.4596635536959961,0.9260686845883864,1.406338325313936,0.9193271073919922,0.9260686845883864,0.9375588835426241,0.4629799742788903,0.529601406799531,0.5222222222222223,97.5,100.0,5668,4557,8249,188,3,8249,0.033168666196189134,6.583278472679394E-4,1.0,0.35000000000000003,0.8,0.7000000000000001,0.9,40.0,40.0,50.0,0.45,0.9,0.8,0.9,40.0,30.0,60.0,2271,1309,962,2271,0.4236019374724791,1.266744174389742,1.5,0.844496116259828,588,0.44919786096256686,1.0,1
"iteration_5","SCOPE_DATA_COLLECTION",1600,4,310.0,370.0,0,10003,6403,2271,9906,6339,2229,6081,3914,1295,3946,2496,962,0.3935374488880024,0.3893915756630265,0.4262295081967213,0.44425265012485055,0.88876069665952,1.261992903461818,0.8885053002497011,0.88876069665952,0.8413286023078786,0.42723236309817464,0.4864588656106285,0.4463320463320463,97.5,100.0,5751,5757,7169,229,6,7169,0.039819161884889584,0.0010422094841063053,1.0,0.45,0.9,0.8,0.9,40.0,30.0,60.0,0.30000000000000004,0.8,0.7000000000000001,0.2,95.0,95.0,75.0,9939,4962,4977,9939,0.5007546030787806,0.49265532752554525,0.5,0.9853106550510905,2433,0.49032648125755746,1.0,1
"iteration_5","SCOPE_DATA_COLLECTION",1600,4,310.0,370.0,1,10003,6403,2271,9906,6339,2229,6081,3914,1295,3946,2496,962,0.3935374488880024,0.3893915756630265,0.4262295081967213,0.44425265012485055,0.88876069665952,1.261992903461818,0.8885053002497011,0.88876069665952,0.8413286023078786,0.42723236309817464,0.4864588656106285,0.4463320463320463,97.5,100.0,5751,5757,7169,229,6,7169,0.039819161884889584,0.0010422094841063053,1.0,0.45,0.9,0.8,0.9,40.0,30.0,60.0,0.30000000000000004,0.8,0.7000000000000001,0.2,95.0,95.0,75.0,6301,3145,3156,6301,0.5008728773210601,1.0016764626643881,1.0,1.0016764626643881,1787,0.5682034976152623,1.0,1
"iteration_5","SCOPE_DATA_COLLECTION",1600,4,310.0,370.0,2,10003,6403,2271,9906,6339,2229,6081,3914,1295,3946,2496,962,0.3935374488880024,0.3893915756630265,0.4262295081967213,0.44425265012485055,0.88876069665952,1.261992903461818,0.8885053002497011,0.88876069665952,0.8413286023078786,0.42723236309817464,0.4864588656106285,0.4463320463320463,97.5,100.0,5751,5757,7169,229,6,7169,0.039819161884889584,0.0010422094841063053,1.0,0.45,0.9,0.8,0.9,40.0,30.0,60.0,0.30000000000000004,0.8,0.7000000000000001,0.2,95.0,95.0,75.0,2231,1077,1154,2231,0.5172568354997759,1.4864494303976694,1.5,0.9909662869317796,632,0.5868152274837511,1.0,1
"iteration_5","SCOPE_DATA_COLLECTION",1600,5,370.0,430.0,0,9939,6301,2231,10003,6403,2271,4956,3134,1076,4977,3156,1154,0.5010570824524313,0.5017488076311606,0.5174887892376682,0.4910965216144213,0.9981325519669392,1.4843864427856361,0.9821930432288426,0.9981325519669392,0.9895909618570907,0.4880952380952381,0.5660497766432674,0.5855018587360595,97.5,100.0,5409,3882,9180,105,2,9180,0.019412090959511925,5.151983513652757E-4,1.0,0.30000000000000004,0.8,0.7000000000000001,0.2,95.0,95.0,75.0,0.30000000000000004,0.2,0.30000000000000004,0.9,50.0,25.0,80.0,10044,5132,4912,10044,0.48904818797291916,0.4345177078891091,0.5,0.8690354157782182,2389,0.465510522213562,1.0,1
"iteration_5","SCOPE_DATA_COLLECTION",1600,5,370.0,430.0,1,9939,6301,2231,10003,6403,2271,4956,3134,1076,4977,3156,1154,0.5010570824524313,0.5017488076311606,0.5174887892376682,0.4910965216144213,0.9981325519669392,1.4843864427856361,0.9821930432288426,0.9981325519669392,0.9895909618570907,0.4880952380952381,0.5660497766432674,0.5855018587360595,97.5,100.0,5409,3882,9180,105,2,9180,0.019412090959511925,5.151983513652757E-4,1.0,0.30000000000000004,0.8,0.7000000000000001,0.2,95.0,95.0,75.0,0.30000000000000004,0.2,0.30000000000000004,0.9,50.0,25.0,80.0,6287,3142,3145,6287,0.5002385875616351,0.9611239510714275,1.0,0.9611239510714275,1812,0.576702737110121,1.0,1
"iteration_5","SCOPE_DATA_COLLECTION",1600,5,370.0,430.0,2,9939,6301,2231,10003,6403,2271,4956,3134,1076,4977,3156,1154,0.5010570824524313,0.5017488076311606,0.5174887892376682,0.4910965216144213,0.9981325519669392,1.4843864427856361,0.9821930432288426,0.9981325519669392,0.9895909618570907,0.4880952380952381,0.5660497766432674,0.5855018587360595,97.5,100.0,5409,3882,9180,105,2,9180,0.019412090959511925,5.151983513652757E-4,1.0,0.30000000000000004,0.8,0.7000000000000001,0.2,95.0,95.0,75.0,0.30000000000000004,0.2,0.30000000000000004,0.9,50.0,25.0,80.0,2236,1072,1164,2236,0.5205724508050089,1.4732898760845639,1.5,0.9821932507230425,615,0.5736940298507462,1.0,1
"iteration_5","SCOPE_DATA_COLLECTION",1600,6,430.0,490.0,0,10044,6287,2236,9939,6301,2231,5144,3147,1080,4912,3145,1164,0.4884645982498011,0.4998410680228862,0.5187165775401069,0.43608781871286423,0.9653923199213619,1.4769736121803627,0.8721756374257285,0.9653923199213619,0.9846490747869084,0.46753499222395023,0.5776930409914204,0.575,100.0,100.0,5622,3861,9084,133,4,9084,0.023657061543934543,0.001036001036001036,1.0,0.30000000000000004,0.2,0.30000000000000004,0.9,50.0,25.0,80.0,0.4,0.2,0.2,0.8,60.0,35.0,70.0,10074,5801,4273,10074,0.42416120706769905,0.387096571607705,0.5,0.77419314321541,2241,0.38631270470608514,1.0,1
"iteration_5","SCOPE_DATA_COLLECTION",1600,6,430.0,490.0,1,10044,6287,2236,9939,6301,2231,5144,3147,1080,4912,3145,1164,0.4884645982498011,0.4998410680228862,0.5187165775401069,0.43608781871286423,0.9653923199213619,1.4769736121803627,0.8721756374257285,0.9653923199213619,0.9846490747869084,0.46753499222395023,0.5776930409914204,0.575,100.0,100.0,5622,3861,9084,133,4,9084,0.023657061543934543,0.001036001036001036,1.0,0.30000000000000004,0.2,0.30000000000000004,0.9,50.0,25.0,80.0,0.4,0.2,0.2,0.8,60.0,35.0,70.0,6455,3694,2761,6455,0.42773044151820294,0.8182009050410307,1.0,0.8182009050410307,1817,0.491878722252301,1.0,1
"iteration_5","SCOPE_DATA_COLLECTION",1600,6,430.0,490.0,2,10044,6287,2236,9939,6301,2231,5144,3147,1080,4912,3145,1164,0.4884645982498011,0.4998410680228862,0.5187165775401069,0.43608781871286423,0.9653923199213619,1.4769736121803627,0.8721756374257285,0.9653923199213619,0.9846490747869084,0.46753499222395023,0.5776930409914204,0.575,100.0,100.0,5622,3861,9084,133,4,9084,0.023657061543934543,0.001036001036001036,1.0,0.30000000000000004,0.2,0.30000000000000004,0.9,50.0,25.0,80.0,0.4,0.2,0.2,0.8,60.0,35.0,70.0,2190,1257,933,2190,0.426027397260274,1.3228403763629049,1.5,0.8818935842419365,627,0.4988066825775656,1.0,1
"iteration_5","SCOPE_DATA_COLLECTION",1600,7,490.0,550.0,0,10074,6455,2190,10044,6287,2236,5794,3690,1255,4273,2761,933,0.4244561438362968,0.42799565958766084,0.4264168190127971,0.3869166956086839,0.8182894029448271,1.3191861492328443,0.7738333912173678,0.8182894029448271,0.8794574328218961,0.38574387297204005,0.4924119241192412,0.49800796812749004,100.0,100.0,5561,5301,7857,106,4,7857,0.01906131990649164,7.545746085644218E-4,1.0,0.4,0.2,0.2,0.8,60.0,35.0,70.0,0.30000000000000004,0.1,0.30000000000000004,0.7000000000000001,70.0,25.0,80.0,9972,5065,4907,9972,0.49207781789009225,0.4000713664619248,0.5,0.8001427329238496,2026,0.4,1.0,1
"iteration_5","SCOPE_DATA_COLLECTION",1600,7,490.0,550.0,1,10074,6455,2190,10044,6287,2236,5794,3690,1255,4273,2761,933,0.4244561438362968,0.42799565958766084,0.4264168190127971,0.3869166956086839,0.8182894029448271,1.3191861492328443,0.7738333912173678,0.8182894029448271,0.8794574328218961,0.38574387297204005,0.4924119241192412,0.49800796812749004,100.0,100.0,5561,5301,7857,106,4,7857,0.01906131990649164,7.545746085644218E-4,1.0,0.4,0.2,0.2,0.8,60.0,35.0,70.0,0.30000000000000004,0.1,0.30000000000000004,0.7000000000000001,70.0,25.0,80.0,6389,3287,3102,6389,0.485521990921897,0.9438796760006727,1.0,0.9438796760006727,1886,0.5737754791603286,1.0,1
"iteration_5","SCOPE_DATA_COLLECTION",1600,7,490.0,550.0,2,10074,6455,2190,10044,6287,2236,5794,3690,1255,4273,2761,933,0.4244561438362968,0.42799565958766084,0.4264168190127971,0.3869166956086839,0.8182894029448271,1.3191861492328443,0.7738333912173678,0.8182894029448271,0.8794574328218961,0.38574387297204005,0.4924119241192412,0.49800796812749004,100.0,100.0,5561,5301,7857,106,4,7857,0.01906131990649164,7.545746085644218E-4,1.0,0.4,0.2,0.2,0.8,60.0,35.0,70.0,0.30000000000000004,0.1,0.30000000000000004,0.7000000000000001,70.0,25.0,80.0,2281,1121,1160,2281,0.5085488820692678,1.4675720249207507,1.5,0.9783813499471671,645,0.5753791257805531,1.0,1
"iteration_5","SCOPE_DATA_COLLECTION",1600,8,550.0,610.0,0,9972,6389,2281,10074,6455,2190,5056,3292,1117,4907,3101,1160,0.4925223326307337,0.4850617863287971,0.5094422485726834,0.4001911813353217,0.9445972463428235,1.4624471818478837,0.8003823626706434,0.9445972463428235,0.9749647878985891,0.4009098101265823,0.574726609963548,0.5720680393912265,100.0,100.0,5663,3966,9013,148,7,9013,0.026134557654953205,0.0017650025214321734,1.0,0.30000000000000004,0.1,0.30000000000000004,0.7000000000000001,70.0,25.0,80.0,0.2,0.1,0.2,0.8,80.0,20.0,80.0,9943,4367,5576,9943,0.5607965402795937,0.4419776022670226,0.5,0.8839552045340452,2009,0.46004121822761623,1.0,1
"iteration_5","SCOPE_DATA_COLLECTION",1600,8,550.0,610.0,1,9972,6389,2281,10074,6455,2190,5056,3292,1117,4907,3101,1160,0.4925223326307337,0.4850617863287971,0.5094422485726834,0.4001911813353217,0.9445972463428235,1.4624471818478837,0.8003823626706434,0.9445972463428235,0.9749647878985891,0.4009098101265823,0.574726609963548,0.5720680393912265,100.0,100.0,5663,3966,9013,148,7,9013,0.026134557654953205,0.0017650025214321734,1.0,0.30000000000000004,0.1,0.30000000000000004,0.7000000000000001,70.0,25.0,80.0,0.2,0.1,0.2,0.8,80.0,20.0,80.0,6260,2758,3502,6260,0.5594249201277955,1.0524104114207185,1.0,1.0524104114207185,1837,0.6660623640319072,1.0,1
"iteration_5","SCOPE_DATA_COLLECTION",1600,8,550.0,610.0,2,9972,6389,2281,10074,6455,2190,5056,3292,1117,4907,3101,1160,0.4925223326307337,0.4850617863287971,0.5094422485726834,0.4001911813353217,0.9445972463428235,1.4624471818478837,0.8003823626706434,0.9445972463428235,0.9749647878985891,0.4009098101265823,0.574726609963548,0.5720680393912265,100.0,100.0,5663,3966,9013,148,7,9013,0.026134557654953205,0.0017650025214321734,1.0,0.30000000000000004,0.1,0.30000000000000004,0.7000000000000001,70.0,25.0,80.0,0.2,0.1,0.2,0.8,80.0,20.0,80.0,2296,973,1323,2296,0.5762195121951219,1.6421856310593967,1.5,1.0947904207062644,655,0.6731757451181911,1.0,1
"iteration_5","SCOPE_DATA_COLLECTION",1600,9,610.0,670.0,0,9943,6260,2296,9972,6389,2281,4368,2752,975,5576,3503,1323,0.5607401448109413,0.5600319744204636,0.5757180156657964,0.44053107271211556,1.0443522989222955,1.6436477004515626,0.8810621454242311,1.0443522989222955,1.095765133634375,0.45856227106227104,0.6609738372093024,0.6748717948717948,97.5,100.0,5601,2587,10311,90,1,10311,0.016068559185859668,3.8654812524159255E-4,1.0,0.2,0.1,0.2,0.8,80.0,20.0,80.0,0.1,0.1,0.30000000000000004,0.9,80.0,20.0,70.0,10059,3725,6334,10059,0.6296848593299533,0.49964035910199833,0.5,0.9992807182039967,2049,0.5500671140939597,1.0,1
"iteration_5","SCOPE_DATA_COLLECTION",1600,9,610.0,670.0,1,9943,6260,2296,9972,6389,2281,4368,2752,975,5576,3503,1323,0.5607401448109413,0.5600319744204636,0.5757180156657964,0.44053107271211556,1.0443522989222955,1.6436477004515626,0.8810621454242311,1.0443522989222955,1.095765133634375,0.45856227106227104,0.6609738372093024,0.6748717948717948,97.5,100.0,5601,2587,10311,90,1,10311,0.016068559185859668,3.8654812524159255E-4,1.0,0.2,0.1,0.2,0.8,80.0,20.0,80.0,0.1,0.1,0.30000000000000004,0.9,80.0,20.0,70.0,6388,2390,3998,6388,0.6258609893550408,1.20749427389784,1.0,1.20749427389784,1905,0.797071129707113,1.0,1
"iteration_5","SCOPE_DATA_COLLECTION",1600,9,610.0,670.0,2,9943,6260,2296,9972,6389,2281,4368,2752,975,5576,3503,1323,0.5607401448109413,0.5600319744204636,0.5757180156657964,0.44053107271211556,1.0443522989222955,1.6436477004515626,0.8810621454242311,1.0443522989222955,1.095765133634375,0.45856227106227104,0.6609738372093024,0.6748717948717948,97.5,100.0,5601,2587,10311,90,1,10311,0.016068559185859668,3.8654812524159255E-4,1.0,0.2,0.1,0.2,0.8,80.0,20.0,80.0,0.1,0.1,0.30000000000000004,0.9,80.0,20.0,70.0,2192,766,1426,2192,0.6505474452554745,1.900236294260073,1.5,1.266824196173382,605,0.7898172323759791,1.0,1
"iteration_5","SCOPE_DATA_COLLECTION",1600,10,670.0,730.0,0,10059,6388,2192,9943,6260,2296,3731,2401,773,6334,3998,1425,0.6293094883258817,0.6247851226754181,0.6483166515013649,0.5010570748946462,1.213956199186797,1.9027749615684069,1.0021141497892925,1.213956199186797,1.2685166410456046,0.5499865987670866,0.7992503123698459,0.7904269081500647,97.5,100.0,5683,1301,11655,102,0,11655,0.017948266760513813,0.0,1.0,0.1,0.1,0.30000000000000004,0.9,80.0,20.0,70.0,0.75,0.6000000000000001,0.4,0.6000000000000001,20.0,30.0,30.0,9992,9862,130,9992,0.01301040832666133,0.31856329308644976,0.5,0.6371265861728995,2509,0.254410870006084,1.0,1
"iteration_5","SCOPE_DATA_COLLECTION",1600,10,670.0,730.0,1,10059,6388,2192,9943,6260,2296,3731,2401,773,6334,3998,1425,0.6293094883258817,0.6247851226754181,0.6483166515013649,0.5010570748946462,1.213956199186797,1.9027749615684069,1.0021141497892925,1.213956199186797,1.2685166410456046,0.5499865987670866,0.7992503123698459,0.7904269081500647,97.5,100.0,5683,1301,11655,102,0,11655,0.017948266760513813,0.0,1.0,0.1,0.1,0.30000000000000004,0.9,80.0,20.0,70.0,0.75,0.6000000000000001,0.4,0.6000000000000001,20.0,30.0,30.0,6334,6213,121,6334,0.019103252289232712,0.6260968400537639,1.0,0.6260968400537639,1836,0.29550941574118783,1.0,1
"iteration_5","SCOPE_DATA_COLLECTION",1600,10,670.0,730.0,2,10059,6388,2192,9943,6260,2296,3731,2401,773,6334,3998,1425,0.6293094883258817,0.6247851226754181,0.6483166515013649,0.5010570748946462,1.213956199186797,1.9027749615684069,1.0021141497892925,1.213956199186797,1.2685166410456046,0.5499865987670866,0.7992503123698459,0.7904269081500647,97.5,100.0,5683,1301,11655,102,0,11655,0.017948266760513813,0.0,1.0,0.1,0.1,0.30000000000000004,0.9,80.0,20.0,70.0,0.75,0.6000000000000001,0.4,0.6000000000000001,20.0,30.0,30.0,2221,2143,78,2221,0.035119315623592974,0.9554615759050493,1.5,0.6369743839366996,611,0.2851143257116192,1.0,1
"iteration_5","SCOPE_DATA_COLLECTION",1600,11,730.0,790.0,0,9992,6334,2221,10059,6388,2192,9857,6186,2128,129,121,79,0.012918085319447227,0.019185032503567463,0.03579519710013593,0.31816376174110544,0.6219831201187088,0.9537129068791442,0.6363275234822109,0.6219831201187088,0.6358086045860961,0.2547428223597443,0.2940510830908503,0.28477443609022557,97.5,100.0,5627,9635,3285,192,87,50,0.03412120135063089,0.009029579657498702,0.015220700152207,0.75,0.6000000000000001,0.4,0.6000000000000001,20.0,30.0,30.0,0.05,0.8,0.4,0.5,40.0,60.0,50.0,9987,3488,6499,9987,0.6507459697606889,0.6821322330248332,0.5,1.3642644660496663,2544,0.7293577981651376,1.0,1
"iteration_5","SCOPE_DATA_COLLECTION",1600,11,730.0,790.0,1,9992,6334,2221,10059,6388,2192,9857,6186,2128,129,121,79,0.012918085319447227,0.019185032503567463,0.03579519710013593,0.31816376174110544,0.6219831201187088,0.9537129068791442,0.6363275234822109,0.6219831201187088,0.6358086045860961,0.2547428223597443,0.2940510830908503,0.28477443609022557,97.5,100.0,5627,9635,3285,192,87,50,0.03412120135063089,0.009029579657498702,0.015220700152207,0.75,0.6000000000000001,0.4,0.6000000000000001,20.0,30.0,30.0,0.05,0.8,0.4,0.5,40.0,60.0,50.0,6405,2116,4289,6405,0.6696330991412959,1.304350115216699,1.0,1.304350115216699,1792,0.8468809073724007,1.0,1
"iteration_5","SCOPE_DATA_COLLECTION",1600,11,730.0,790.0,2,9992,6334,2221,10059,6388,2192,9857,6186,2128,129,121,79,0.012918085319447227,0.019185032503567463,0.03579519710013593,0.31816376174110544,0.6219831201187088,0.9537129068791442,0.6363275234822109,0.6219831201187088,0.6358086045860961,0.2547428223597443,0.2940510830908503,0.28477443609022557,97.5,100.0,5627,9635,3285,192,87,50,0.03412120135063089,0.009029579657498702,0.015220700152207,0.75,0.6000000000000001,0.4,0.6000000000000001,20.0,30.0,30.0,0.05,0.8,0.4,0.5,40.0,60.0,50.0,2201,668,1533,2201,0.696501590186279,2.087971925530703,1.5,1.3919812836871355,581,0.8697604790419161,1.0,1
"iteration_5","SCOPE_DATA_COLLECTION",1600,12,790.0,850.0,0,9987,6405,2201,9992,6334,2221,3493,2133,675,6500,4289,1532,0.6504553187231061,0.6678604796013703,0.6941549614861804,0.6792129394410764,1.3011333071425315,2.066568101123707,1.3584258788821528,1.3011333071425315,1.3777120674158045,0.7265960492413398,0.8424753867791842,0.8592592592592593,100.0,100.0,5704,641,12248,141,1,12179,0.024719495091164095,0.0015600624024961,0.9943664271717831,0.05,0.8,0.4,0.5,40.0,60.0,50.0,0.05,0.7000000000000001,0.5,0.4,50.0,70.0,60.0,9911,3270,6641,9911,0.6700635657350419,0.7002046641074322,0.5,1.4004093282148644,2525,0.77217125382263,1.0,1
"iteration_5","SCOPE_DATA_COLLECTION",1600,12,790.0,850.0,1,9987,6405,2201,9992,6334,2221,3493,2133,675,6500,4289,1532,0.6504553187231061,0.6678604796013703,0.6941549614861804,0.6792129394410764,1.3011333071425315,2.066568101123707,1.3584258788821528,1.3011333071425315,1.3777120674158045,0.7265960492413398,0.8424753867791842,0.8592592592592593,100.0,100.0,5704,641,12248,141,1,12179,0.024719495091164095,0.0015600624024961,0.9943664271717831,0.05,0.8,0.4,0.5,40.0,60.0,50.0,0.05,0.7000000000000001,0.5,0.4,50.0,70.0,60.0,6373,2061,4312,6373,0.6766044249176212,1.4210246655785759,1.0,1.4210246655785759,1804,0.8753032508491024,1.0,1
"iteration_5","SCOPE_DATA_COLLECTION",1600,12,790.0,850.0,2,9987,6405,2201,9992,6334,2221,3493,2133,675,6500,4289,1532,0.6504553187231061,0.6678604796013703,0.6941549614861804,0.6792129394410764,1.3011333071425315,2.066568101123707,1.3584258788821528,1.3011333071425315,1.3777120674158045,0.7265960492413398,0.8424753867791842,0.8592592592592593,100.0,100.0,5704,641,12248,141,1,12179,0.024719495091164095,0.0015600624024961,0.9943664271717831,0.05,0.8,0.4,0.5,40.0,60.0,50.0,0.05,0.7000000000000001,0.5,0.4,50.0,70.0,60.0,2289,706,1583,2289,0.691568370467453,2.1216666232101957,1.5,1.414444415473464,622,0.8810198300283286,1.0,1
"iteration_5","SCOPE_DATA_COLLECTION",1600,13,850.0,910.0,0,9911,6373,2289,9987,6405,2201,3259,2065,710,6641,4312,1584,0.6708080808080809,0.6761800219538968,0.6904969485614647,0.7019329551455257,1.4180131045337516,2.114958689961547,1.4038659102910513,1.4180131045337516,1.4099724599743648,0.7714022706351642,0.8750605326876514,0.8788732394366198,97.5,100.0,5603,643,12327,210,0,12327,0.03747992147064073,0.0,1.0,0.05,0.7000000000000001,0.5,0.4,50.0,70.0,60.0,0.1,0.1,0.6000000000000001,0.2,60.0,55.0,95.0,9959,3665,6294,9959,0.631991163771463,0.5158358608866901,0.5,1.0316717217733802,2040,0.5566166439290586,1.0,1
"iteration_5","SCOPE_DATA_COLLECTION",1600,13,850.0,910.0,1,9911,6373,2289,9987,6405,2201,3259,2065,710,6641,4312,1584,0.6708080808080809,0.6761800219538968,0.6904969485614647,0.7019329551455257,1.4180131045337516,2.114958689961547,1.4038659102910513,1.4180131045337516,1.4099724599743648,0.7714022706351642,0.8750605326876514,0.8788732394366198,97.5,100.0,5603,643,12327,210,0,12327,0.03747992147064073,0.0,1.0,0.05,0.7000000000000001,0.5,0.4,50.0,70.0,60.0,0.1,0.1,0.6000000000000001,0.2,60.0,55.0,95.0,6425,2378,4047,6425,0.6298832684824903,1.2839861403757604,1.0,1.2839861403757604,1875,0.7884777123633305,1.0,1
"iteration_5","SCOPE_DATA_COLLECTION",1600,13,850.0,910.0,2,9911,6373,2289,9987,6405,2201,3259,2065,710,6641,4312,1584,0.6708080808080809,0.6761800219538968,0.6904969485614647,0.7019329551455257,1.4180131045337516,2.114958689961547,1.4038659102910513,1.4180131045337516,1.4099724599743648,0.7714022706351642,0.8750605326876514,0.8788732394366198,97.5,100.0,5603,643,12327,210,0,12327,0.03747992147064073,0.0,1.0,0.05,0.7000000000000001,0.5,0.4,50.0,70.0,60.0,0.1,0.1,0.6000000000000001,0.2,60.0,55.0,95.0,2230,799,1431,2230,0.6417040358744395,1.9000131214919473,1.5,1.2666754143279648,631,0.7897371714643304,1.0,1
"iteration_5","SCOPE_DATA_COLLECTION",1600,14,910.0,970.0,0,9959,6425,2230,9911,6373,2289,3678,2362,803,6294,4047,1431,0.6311672683513839,0.6314557653300047,0.6405550581915846,0.5174615247463155,1.2857017570721458,1.9095291755131987,1.034923049492631,1.2857017570721458,1.2730194503421324,0.55899945622621,0.7883149872988993,0.7920298879202988,97.5,100.0,5611,1348,11655,117,0,11655,0.020851898057387276,0.0,1.0,0.1,0.1,0.6000000000000001,0.2,60.0,55.0,95.0,0.1,0.2,0.5,0.2,50.0,55.0,95.0,9949,3640,6309,9949,0.6341340838275203,0.5683793960577326,0.5,1.1367587921154652,2306,0.6335164835164835,1.0,1
"iteration_5","SCOPE_DATA_COLLECTION",1600,14,910.0,970.0,1,9959,6425,2230,9911,6373,2289,3678,2362,803,6294,4047,1431,0.6311672683513839,0.6314557653300047,0.6405550581915846,0.5174615247463155,1.2857017570721458,1.9095291755131987,1.034923049492631,1.2857017570721458,1.2730194503421324,0.55899945622621,0.7883149872988993,0.7920298879202988,97.5,100.0,5611,1348,11655,117,0,11655,0.020851898057387276,0.0,1.0,0.1,0.1,0.6000000000000001,0.2,60.0,55.0,95.0,0.1,0.2,0.5,0.2,50.0,55.0,95.0,6399,2334,4065,6399,0.6352555086732302,1.2824953683826987,1.0,1.2824953683826987,1840,0.7883461868037703,1.0,1
"iteration_5","SCOPE_DATA_COLLECTION",1600,14,910.0,970.0,2,9959,6425,2230,9911,6373,2289,3678,2362,803,6294,4047,1431,0.6311672683513839,0.6314557653300047,0.6405550581915846,0.5174615247463155,1.2857017570721458,1.9095291755131987,1.034923049492631,1.2857017570721458,1.2730194503421324,0.55899945622621,0.7883149872988993,0.7920298879202988,97.5,100.0,5611,1348,11655,117,0,11655,0.020851898057387276,0.0,1.0,0.1,0.1,0.6000000000000001,0.2,60.0,55.0,95.0,0.1,0.2,0.5,0.2,50.0,55.0,95.0,2317,778,1539,2317,0.6642209753992231,1.91729000414747,1.5,1.2781933360983133,624,0.8020565552699229,1.0,1
"iteration_5","SCOPE_DATA_COLLECTION",1600,15,970.0,1030.0,0,9949,6399,2317,9959,6425,2230,3617,2339,783,6309,4065,1539,0.6356034656457787,0.6347595252966896,0.6627906976744186,0.5675008541821368,1.283720680924487,1.923136905611243,1.1350017083642736,1.283720680924487,1.2820912704074954,0.6295272325131325,0.7887986318939718,0.8033205619412516,97.5,100.0,5545,1310,11810,102,1,11810,0.018394950405770966,7.633587786259542E-4,1.0,0.1,0.2,0.5,0.2,50.0,55.0,95.0,0.1,0.4,0.1,0.6000000000000001,30.0,90.0,30.0,9815,3490,6325,9815,0.6444218033622007,0.5792063272503224,0.5,1.1584126545006448,2281,0.6535816618911174,1.0,1
"iteration_5","SCOPE_DATA_COLLECTION",1600,15,970.0,1030.0,1,9949,6399,2317,9959,6425,2230,3617,2339,783,6309,4065,1539,0.6356034656457787,0.6347595252966896,0.6627906976744186,0.5675008541821368,1.283720680924487,1.923136905611243,1.1350017083642736,1.283720680924487,1.2820912704074954,0.6295272325131325,0.7887986318939718,0.8033205619412516,97.5,100.0,5545,1310,11810,102,1,11810,0.018394950405770966,7.633587786259542E-4,1.0,0.1,0.2,0.5,0.2,50.0,55.0,95.0,0.1,0.4,0.1,0.6000000000000001,30.0,90.0,30.0,6267,2252,4015,6267,0.6406574118397957,1.1118135152673778,1.0,1.1118135152673778,1735,0.7704262877442274,1.0,1
"iteration_5","SCOPE_DATA_COLLECTION",1600,15,970.0,1030.0,2,9949,6399,2317,9959,6425,2230,3617,2339,783,6309,4065,1539,0.6356034656457787,0.6347595252966896,0.6627906976744186,0.5675008541821368,1.283720680924487,1.923136905611243,1.1350017083642736,1.283720680924487,1.2820912704074954,0.6295272325131325,0.7887986318939718,0.8033205619412516,97.5,100.0,5545,1310,11810,102,1,11810,0.018394950405770966,7.633587786259542E-4,1.0,0.1,0.2,0.5,0.2,50.0,55.0,95.0,0.1,0.4,0.1,0.6000000000000001,30.0,90.0,30.0,2297,773,1524,2297,0.6634740966478014,1.9469018019807731,1.5,1.2979345346538487,634,0.8201811125485123,1.0,1
"iteration_5","SCOPE_DATA_COLLECTION",1600,16,1030.0,1090.0,0,9815,6267,2297,9949,6399,2317,3509,2283,763,6325,4015,1524,0.6431767337807607,0.6375039695141315,0.6663751639702667,0.5791617710856061,1.1223451427610294,1.9354017675488338,1.1583235421712121,1.1223451427610294,1.2902678450325558,0.6563123396979197,0.7739816031537451,0.8165137614678899,100.0,100.0,5347,1250,11782,82,0,11782,0.015335702262951188,0.0,1.0,0.1,0.4,0.1,0.6000000000000001,30.0,90.0,30.0,0.2,0.5,0.1,0.6000000000000001,20.0,95.0,40.0,9925,4362,5563,9925,0.5605037783375315,0.5126197472421289,0.5,1.0252394944842578,2369,0.5430994956441999,1.0,1
"iteration_5","SCOPE_DATA_COLLECTION",1600,16,1030.0,1090.0,1,9815,6267,2297,9949,6399,2317,3509,2283,763,6325,4015,1524,0.6431767337807607,0.6375039695141315,0.6663751639702667,0.5791617710856061,1.1223451427610294,1.9354017675488338,1.1583235421712121,1.1223451427610294,1.2902678450325558,0.6563123396979197,0.7739816031537451,0.8165137614678899,100.0,100.0,5347,1250,11782,82,0,11782,0.015335702262951188,0.0,1.0,0.1,0.4,0.1,0.6000000000000001,30.0,90.0,30.0,0.2,0.5,0.1,0.6000000000000001,20.0,95.0,40.0,6335,2716,3619,6335,0.5712707182320442,0.9754099001979786,1.0,0.9754099001979786,1766,0.6502209131075111,1.0,1
"iteration_5","SCOPE_DATA_COLLECTION",1600,16,1030.0,1090.0,2,9815,6267,2297,9949,6399,2317,3509,2283,763,6325,4015,1524,0.6431767337807607,0.6375039695141315,0.6663751639702667,0.5791617710856061,1.1223451427610294,1.9354017675488338,1.1583235421712121,1.1223451427610294,1.2902678450325558,0.6563123396979197,0.7739816031537451,0.8165137614678899,100.0,100.0,5347,1250,11782,82,0,11782,0.015335702262951188,0.0,1.0,0.1,0.4,0.1,0.6000000000000001,30.0,90.0,30.0,0.2,0.5,0.1,0.6000000000000001,20.0,95.0,40.0,2215,918,1297,2215,0.5855530474040632,1.609291631405759,1.5,1.0728610876038394,595,0.6481481481481481,1.0,1
"iteration_5","SCOPE_DATA_COLLECTION",1600,17,1090.0,1150.0,0,9925,6335,2215,9815,6267,2297,4342,2696,931,5563,3619,1297,0.561635537607269,0.5730799683293745,0.5821364452423698,0.5114846053583907,0.9720583684685214,1.6212406769554433,1.0229692107167814,0.9720583684685214,1.0808271179702955,0.5421464762782128,0.6479970326409495,0.6530612244897959,100.0,100.0,5494,2579,10402,73,4,10402,0.013287222424463051,0.0015509887553315238,1.0,0.2,0.5,0.1,0.6000000000000001,20.0,95.0,40.0,0.1,0.5,0.2,0.6000000000000001,20.0,85.0,40.0,9994,3661,6333,9994,0.6336802081248749,0.6030494133966808,0.5,1.2060988267933617,2454,0.6703086588363835,1.0,1
"iteration_5","SCOPE_DATA_COLLECTION",1600,17,1090.0,1150.0,1,9925,6335,2215,9815,6267,2297,4342,2696,931,5563,3619,1297,0.561635537607269,0.5730799683293745,0.5821364452423698,0.5114846053583907,0.9720583684685214,1.6212406769554433,1.0229692107167814,0.9720583684685214,1.0808271179702955,0.5421464762782128,0.6479970326409495,0.6530612244897959,100.0,100.0,5494,2579,10402,73,4,10402,0.013287222424463051,0.0015509887553315238,1.0,0.2,0.5,0.1,0.6000000000000001,20.0,95.0,40.0,0.1,0.5,0.2,0.6000000000000001,20.0,85.0,40.0,6326,2279,4047,6326,0.6397407524502055,1.189772775625102,1.0,1.189772775625102,1786,0.7836770513383062,1.0,1
"iteration_5","SCOPE_DATA_COLLECTION",1600,17,1090.0,1150.0,2,9925,6335,2215,9815,6267,2297,4342,2696,931,5563,3619,1297,0.561635537607269,0.5730799683293745,0.5821364452423698,0.5114846053583907,0.9720583684685214,1.6212406769554433,1.0229692107167814,0.9720583684685214,1.0808271179702955,0.5421464762782128,0.6479970326409495,0.6530612244897959,100.0,100.0,5494,2579,10402,73,4,10402,0.013287222424463051,0.0015509887553315238,1.0,0.2,0.5,0.1,0.6000000000000001,20.0,95.0,40.0,0.1,0.5,0.2,0.6000000000000001,20.0,85.0,40.0,2385,812,1573,2385,0.659538784067086,1.8947245771470413,1.5,1.2631497180980276,629,0.7746305418719212,1.0,1
"iteration_5","SCOPE_DATA_COLLECTION",1600,18,1150.0,1210.0,0,9994,6326,2385,9925,6335,2215,3687,2285,800,6333,4047,1573,0.6320359281437126,0.6391345546430828,0.662873999157185,0.6042112946523046,1.1858288825031507,1.8905345644557598,1.2084225893046092,1.1858288825031507,1.26035637630384,0.671548684567399,0.7833698030634574,0.7725,97.5,100.0,5567,1322,11816,136,1,11816,0.024429674869768277,7.564296520423601E-4,1.0,0.1,0.5,0.2,0.6000000000000001,20.0,85.0,40.0,0.45,0.8,0.9,0.1,75.0,85.0,85.0,9814,5851,3963,9814,0.40381088241287955,0.4315206804778442,0.5,0.8630413609556884,2366,0.40437532045804137,1.0,1
"iteration_5","SCOPE_DATA_COLLECTION",1600,18,1150.0,1210.0,1,9994,6326,2385,9925,6335,2215,3687,2285,800,6333,4047,1573,0.6320359281437126,0.6391345546430828,0.662873999157185,0.6042112946523046,1.1858288825031507,1.8905345644557598,1.2084225893046092,1.1858288825031507,1.26035637630384,0.671548684567399,0.7833698030634574,0.7725,97.5,100.0,5567,1322,11816,136,1,11816,0.024429674869768277,7.564296520423601E-4,1.0,0.1,0.5,0.2,0.6000000000000001,20.0,85.0,40.0,0.45,0.8,0.9,0.1,75.0,85.0,85.0,6461,3959,2502,6461,0.38724655626064075,0.8737356906719349,1.0,0.8737356906719349,1853,0.46804748673907554,1.0,1
"iteration_5","SCOPE_DATA_COLLECTION",1600,18,1150.0,1210.0,2,9994,6326,2385,9925,6335,2215,3687,2285,800,6333,4047,1573,0.6320359281437126,0.6391345546430828,0.662873999157185,0.6042112946523046,1.1858288825031507,1.8905345644557598,1.2084225893046092,1.1858288825031507,1.26035637630384,0.671548684567399,0.7833698030634574,0.7725,97.5,100.0,5567,1322,11816,136,1,11816,0.024429674869768277,7.564296520423601E-4,1.0,0.1,0.5,0.2,0.6000000000000001,20.0,85.0,40.0,0.45,0.8,0.9,0.1,75.0,85.0,85.0,2312,1395,917,2312,0.39662629757785467,1.2153923219278464,1.5,0.8102615479518976,645,0.46236559139784944,1.0,1
"iteration_5","SCOPE_DATA_COLLECTION",1600,19,1210.0,1270.0,0,9814,6461,2312,9994,6326,2385,5848,3937,1389,3963,2502,917,0.4039343593925186,0.38856965367293056,0.3976582827406765,0.4312606354544193,0.867828733821498,1.2140563625575722,0.8625212709088386,0.867828733821498,0.8093709083717148,0.4042407660738714,0.4663449326898654,0.4614830813534917,100.0,100.0,5372,5939,7276,100,6,7276,0.018615040953090096,0.0010102710894089914,1.0,0.45,0.8,0.9,0.1,75.0,85.0,85.0,0.55,0.8,0.9,0.2,85.0,85.0,75.0,10096,7086,3010,10096,0.2981378763866878,0.4532711884940127,0.5,0.9065423769880254,2700,0.3810330228619814,1.0,1
"iteration_5","SCOPE_DATA_COLLECTION",1600,19,1210.0,1270.0,1,9814,6461,2312,9994,6326,2385,5848,3937,1389,3963,2502,917,0.4039343593925186,0.38856965367293056,0.3976582827406765,0.4312606354544193,0.867828733821498,1.2140563625575722,0.8625212709088386,0.867828733821498,0.8093709083717148,0.4042407660738714,0.4663449326898654,0.4614830813534917,100.0,100.0,5372,5939,7276,100,6,7276,0.018615040953090096,0.0010102710894089914,1.0,0.45,0.8,0.9,0.1,75.0,85.0,85.0,0.55,0.8,0.9,0.2,85.0,85.0,75.0,6361,4417,1944,6361,0.3056123251061154,0.8381478465142448,1.0,0.8381478465142448,1808,0.40932759791713835,1.0,1
"iteration_5","SCOPE_DATA_COLLECTION",1600,19,1210.0,1270.0,2,9814,6461,2312,9994,6326,2385,5848,3937,1389,3963,2502,917,0.4039343593925186,0.38856965367293056,0.3976582827406765,0.4312606354544193,0.867828733821498,1.2140563625575722,0.8625212709088386,0.867828733821498,0.8093709083717148,0.4042407660738714,0.4663449326898654,0.4614830813534917,100.0,100.0,5372,5939,7276,100,6,7276,0.018615040953090096,0.0010102710894089914,1.0,0.45,0.8,0.9,0.1,75.0,85.0,85.0,0.55,0.8,0.9,0.2,85.0,85.0,75.0,2278,1554,724,2278,0.31782265144863914,1.187803631950493,1.5,0.7918690879669953,642,0.41312741312741313,1.0,1
"iteration_5","SCOPE_DATA_COLLECTION",1600,20,1270.0,1330.0,0,10096,6361,2278,9814,6461,2312,7075,4427,1559,3010,1944,724,0.29846306395637084,0.3051326322398368,0.3171265878230399,0.45347593311717754,0.843675616990739,1.193200661528426,0.9069518662343551,0.843675616990739,0.7954671076856173,0.38162544169611307,0.4115653941721256,0.4156510583707505,100.0,100.0,5584,7199,5952,148,4,5526,0.02650429799426934,5.556327267676066E-4,0.9284274193548387,0.55,0.8,0.9,0.2,85.0,85.0,75.0,0.45,0.9,0.9,0.2,75.0,75.0,85.0,9716,5883,3833,9716,0.39450391107451627,0.43943282040179205,0.5,0.8788656408035841,2495,0.4241033486316505,1.0,1
"iteration_5","SCOPE_DATA_COLLECTION",1600,20,1270.0,1330.0,1,10096,6361,2278,9814,6461,2312,7075,4427,1559,3010,1944,724,0.29846306395637084,0.3051326322398368,0.3171265878230399,0.45347593311717754,0.843675616990739,1.193200661528426,0.9069518662343551,0.843675616990739,0.7954671076856173,0.38162544169611307,0.4115653941721256,0.4156510583707505,100.0,100.0,5584,7199,5952,148,4,5526,0.02650429799426934,5.556327267676066E-4,0.9284274193548387,0.55,0.8,0.9,0.2,85.0,85.0,75.0,0.45,0.9,0.9,0.2,75.0,75.0,85.0,6434,3907,2527,6434,0.39275722723033885,0.8674772994278396,1.0,0.8674772994278396,1838,0.4704376759662145,1.0,1
"iteration_5","SCOPE_DATA_COLLECTION",1600,20,1270.0,1330.0,2,10096,6361,2278,9814,6461,2312,7075,4427,1559,3010,1944,724,0.29846306395637084,0.3051326322398368,0.3171265878230399,0.45347593311717754,0.843675616990739,1.193200661528426,0.9069518662343551,0.843675616990739,0.7954671076856173,0.38162544169611307,0.4115653941721256,0.4156510583707505,100.0,100.0,5584,7199,5952,148,4,5526,0.02650429799426934,5.556327267676066E-4,0.9284274193548387,0.55,0.8,0.9,0.2,85.0,85.0,75.0,0.45,0.9,0.9,0.2,75.0,75.0,85.0,2258,1324,934,2258,0.4136403897254207,1.2276494853366393,1.5,0.8184329902244262,605,0.4569486404833837,1.0,1
"iteration_5","SCOPE_DATA_COLLECTION",1600,21,1330.0,1390.0,0,9716,6434,2258,10096,6361,2278,5878,3898,1326,3833,2527,934,0.3947070332612501,0.39330739299610895,0.41327433628318583,0.438599899973054,0.8652956426009067,1.227436318365471,0.877199799946108,0.8652956426009067,0.818290878910314,0.4225927186117727,0.4689584402257568,0.45701357466063347,100.0,100.0,5503,5746,7159,127,8,7159,0.023078320915864075,0.0013922728854855553,1.0,0.45,0.9,0.9,0.2,75.0,75.0,85.0,0.55,0.9,0.9,0.1,85.0,65.0,95.0,9907,7126,2781,9907,0.28071060866054304,0.38743762607489096,0.5,0.7748752521497819,2441,0.34254841425764804,1.0,1
"iteration_5","SCOPE_DATA_COLLECTION",1600,21,1330.0,1390.0,1,9716,6434,2258,10096,6361,2278,5878,3898,1326,3833,2527,934,0.3947070332612501,0.39330739299610895,0.41327433628318583,0.438599899973054,0.8652956426009067,1.227436318365471,0.877199799946108,0.8652956426009067,0.818290878910314,0.4225927186117727,0.4689584402257568,0.45701357466063347,100.0,100.0,5503,5746,7159,127,8,7159,0.023078320915864075,0.0013922728854855553,1.0,0.45,0.9,0.9,0.2,75.0,75.0,85.0,0.55,0.9,0.9,0.1,85.0,65.0,95.0,6383,4610,1773,6383,0.2777690741030863,0.7572057637390007,1.0,0.7572057637390007,1794,0.3891540130151844,1.0,1
"iteration_5","SCOPE_DATA_COLLECTION",1600,21,1330.0,1390.0,2,9716,6434,2258,10096,6361,2278,5878,3898,1326,3833,2527,934,0.3947070332612501,0.39330739299610895,0.41327433628318583,0.438599899973054,0.8652956426009067,1.227436318365471,0.877199799946108,0.8652956426009067,0.818290878910314,0.4225927186117727,0.4689584402257568,0.45701357466063347,100.0,100.0,5503,5746,7159,127,8,7159,0.023078320915864075,0.0013922728854855553,1.0,0.45,0.9,0.9,0.2,75.0,75.0,85.0,0.55,0.9,0.9,0.1,85.0,65.0,95.0,2332,1636,696,2332,0.29845626072041165,1.102228407926781,1.5,0.734818938617854,646,0.39486552567237165,1.0,1
"iteration_5","SCOPE_DATA_COLLECTION",1600,22,1390.0,1450.0,0,9907,6383,2332,9716,6434,2258,7121,4614,1634,2781,1773,696,0.2808523530599879,0.2775951150775012,0.29871244635193134,0.38547683565567725,0.7552492005535292,1.09995343578985,0.7709536713113545,0.7552492005535292,0.7333022905265666,0.3415250667041146,0.3890333766796706,0.39412484700122397,100.0,100.0,5322,7385,5915,91,10,5149,0.017098835024426908,0.0013540961408259986,0.8704987320371935,0.55,0.9,0.9,0.1,85.0,65.0,95.0,0.55,0.9,0.9,0.1,85.0,65.0,95.0,9962,7005,2957,9962,0.2968279461955431,0.4155534098529604,0.5,0.8311068197059208,2487,0.3550321199143469,1.0,1
"iteration_5","SCOPE_DATA_COLLECTION",1600,22,1390.0,1450.0,1,9907,6383,2332,9716,6434,2258,7121,4614,1634,2781,1773,696,0.2808523530599879,0.2775951150775012,0.29871244635193134,0.38547683565567725,0.7552492005535292,1.09995343578985,0.7709536713113545,0.7552492005535292,0.7333022905265666,0.3415250667041146,0.3890333766796706,0.39412484700122397,100.0,100.0,5322,7385,5915,91,10,5149,0.017098835024426908,0.0013540961408259986,0.8704987320371935,0.55,0.9,0.9,0.1,85.0,65.0,95.0,0.55,0.9,0.9,0.1,85.0,65.0,95.0,6343,4445,1898,6343,0.2992274948762415,0.8122206303400218,1.0,0.8122206303400218,1856,0.4175478065241845,1.0,1
"iteration_5","SCOPE_DATA_COLLECTION",1600,22,1390.0,1450.0,2,9907,6383,2332,9716,6434,2258,7121,4614,1634,2781,1773,696,0.2808523530599879,0.2775951150775012,0.29871244635193134,0.38547683565567725,0.7552492005535292,1.09995343578985,0.7709536713113545,0.7552492005535292,0.7333022905265666,0.3415250667041146,0.3890333766796706,0.39412484700122397,100.0,100.0,5322,7385,5915,91,10,5149,0.017098835024426908,0.0013540961408259986,0.8704987320371935,0.55,0.9,0.9,0.1,85.0,65.0,95.0,0.55,0.9,0.9,0.1,85.0,65.0,95.0,2319,1613,706,2319,0.30444156964208713,1.1271734231476809,1.5,0.7514489487651206,656,0.4066955982641042,1.0,1
"iteration_5","SCOPE_DATA_COLLECTION",1600,23,1450.0,1510.0,0,9962,6343,2319,9907,6383,2332,7023,4447,1618,2957,1898,706,0.2962925851703407,0.2991331757289204,0.3037865748709122,0.4180611327401575,0.8159691549613587,1.1335575788917798,0.836122265480315,0.8159691549613587,0.7557050525945198,0.35682756656699416,0.4180346300876996,0.40914709517923364,100.0,100.0,5366,7259,5999,110,9,5442,0.020499440924338426,0.0012398401983744318,0.9071511918653109,0.55,0.9,0.9,0.1,85.0,65.0,95.0,0.45,0.8,0.9,0.1,75.0,75.0,95.0,10107,6151,3956,10107,0.3914118927476007,0.43363528959636083,0.5,0.8672705791927217,2561,0.4163550642172005,1.0,1
"iteration_5","SCOPE_DATA_COLLECTION",1600,23,1450.0,1510.0,1,9962,6343,2319,9907,6383,2332,7023,4447,1618,2957,1898,706,0.2962925851703407,0.2991331757289204,0.3037865748709122,0.4180611327401575,0.8159691549613587,1.1335575788917798,0.836122265480315,0.8159691549613587,0.7557050525945198,0.35682756656699416,0.4180346300876996,0.40914709517923364,100.0,100.0,5366,7259,5999,110,9,5442,0.020499440924338426,0.0012398401983744318,0.9071511918653109,0.55,0.9,0.9,0.1,85.0,65.0,95.0,0.45,0.8,0.9,0.1,75.0,75.0,95.0,6393,3789,2604,6393,0.4073205068043172,0.8709919737684338,1.0,0.8709919737684338,1765,0.46582211665347056,1.0,1
"iteration_5","SCOPE_DATA_COLLECTION",1600,23,1450.0,1510.0,2,9962,6343,2319,9907,6383,2332,7023,4447,1618,2957,1898,706,0.2962925851703407,0.2991331757289204,0.3037865748709122,0.4180611327401575,0.8159691549613587,1.1335575788917798,0.836122265480315,0.8159691549613587,0.7557050525945198,0.35682756656699416,0.4180346300876996,0.40914709517923364,100.0,100.0,5366,7259,5999,110,9,5442,0.020499440924338426,0.0012398401983744318,0.9071511918653109,0.55,0.9,0.9,0.1,85.0,65.0,95.0,0.45,0.8,0.9,0.1,75.0,75.0,95.0,2368,1453,915,2368,0.38640202702702703,1.2207065416963514,1.5,0.8138043611309009,668,0.45973847212663455,1.0,1
"iteration_5","SCOPE_DATA_COLLECTION",1600,24,1510.0,1570.0,0,10107,6393,2368,9962,6343,2319,6136,3805,1435,3956,2604,915,0.3919936583432422,0.40630363551256043,0.3893617021276596,0.4325691489850205,0.8730442766309524,1.2125912235615042,0.865138297970041,0.8730442766309524,0.8083941490410028,0.4149282920469361,0.46727989487516425,0.4564459930313589,100.0,100.0,5492,6012,7364,105,6,7364,0.019118718135469774,9.98003992015968E-4,1.0,0.45,0.8,0.9,0.1,75.0,75.0,95.0,0.45,0.8,0.9,0.2,75.0,85.0,95.0,9970,6064,3906,9970,0.3917753259779338,0.44903709928290914,0.5,0.8980741985658183,2641,0.4355211081794195,1.0,1
"iteration_5","SCOPE_DATA_COLLECTION",1600,24,1510.0,1570.0,1,10107,6393,2368,9962,6343,2319,6136,3805,1435,3956,2604,915,0.3919936583432422,0.40630363551256043,0.3893617021276596,0.4325691489850205,0.8730442766309524,1.2125912235615042,0.865138297970041,0.8730442766309524,0.8083941490410028,0.4149282920469361,0.46727989487516425,0.4564459930313589,100.0,100.0,5492,6012,7364,105,6,7364,0.019118718135469774,9.98003992015968E-4,1.0,0.45,0.8,0.9,0.1,75.0,75.0,95.0,0.45,0.8,0.9,0.2,75.0,85.0,95.0,6257,3735,2522,6257,0.4030685632092057,0.8789453413868064,1.0,0.8789453413868064,1745,0.46720214190093706,1.0,1
"iteration_5","SCOPE_DATA_COLLECTION",1600,24,1510.0,1570.0,2,10107,6393,2368,9962,6343,2319,6136,3805,1435,3956,2604,915,0.3919936583432422,0.40630363551256043,0.3893617021276596,0.4325691489850205,0.8730442766309524,1.2125912235615042,0.865138297970041,0.8730442766309524,0.8083941490410028,0.4149282920469361,0.46727989487516425,0.4564459930313589,100.0,100.0,5492,6012,7364,105,6,7364,0.019118718135469774,9.98003992015968E-4,1.0,0.45,0.8,0.9,0.1,75.0,75.0,95.0,0.45,0.8,0.9,0.2,75.0,85.0,95.0,2354,1397,957,2354,0.40654205607476634,1.2671682651033294,1.5,0.8447788434022195,655,0.46886184681460275,1.0,1
"iteration_5","SCOPE_DATA_COLLECTION",1600,25,1570.0,1630.0,0,9970,6257,2354,10107,6393,2368,6064,3723,1410,3905,2521,956,0.3917143143745611,0.40374759769378604,0.4040574809805579,0.44939996543772315,0.8750179394877471,1.268789516309395,0.8987999308754463,0.8750179394877471,0.8458596775395967,0.43601583113456466,0.46521622347569164,0.4702127659574468,100.0,100.0,5568,5798,7215,162,5,7215,0.029094827586206896,8.623663332183512E-4,1.0,0.45,0.8,0.9,0.2,75.0,85.0,95.0,0.55,0.8,0.8,0.30000000000000004,65.0,75.0,95.0,10002,6978,3024,10002,0.3023395320935813,0.40805577227688505,0.5,0.8161115445537701,2642,0.37861851533390656,1.0,1
"iteration_5","SCOPE_DATA_COLLECTION",1600,25,1570.0,1630.0,1,9970,6257,2354,10107,6393,2368,6064,3723,1410,3905,2521,956,0.3917143143745611,0.40374759769378604,0.4040574809805579,0.44939996543772315,0.8750179394877471,1.268789516309395,0.8987999308754463,0.8750179394877471,0.8458596775395967,0.43601583113456466,0.46521622347569164,0.4702127659574468,100.0,100.0,5568,5798,7215,162,5,7215,0.029094827586206896,8.623663332183512E-4,1.0,0.45,0.8,0.9,0.2,75.0,85.0,95.0,0.55,0.8,0.8,0.30000000000000004,65.0,75.0,95.0,6261,4194,2067,6261,0.33013895543842836,0.8149410492129304,1.0,0.8149410492129304,1800,0.4291845493562232,1.0,1
"iteration_5","SCOPE_DATA_COLLECTION",1600,25,1570.0,1630.0,2,9970,6257,2354,10107,6393,2368,6064,3723,1410,3905,2521,956,0.3917143143745611,0.40374759769378604,0.4040574809805579,0.44939996543772315,0.8750179394877471,1.268789516309395,0.8987999308754463,0.8750179394877471,0.8458596775395967,0.43601583113456466,0.46521622347569164,0.4702127659574468,100.0,100.0,5568,5798,7215,162,5,7215,0.029094827586206896,8.623663332183512E-4,1.0,0.45,0.8,0.9,0.2,75.0,85.0,95.0,0.55,0.8,0.8,0.30000000000000004,65.0,75.0,95.0,2287,1518,769,2287,0.33624836029733274,1.1602993057153026,1.5,0.7735328704768684,617,0.4064558629776021,1.0,1
"iteration_5","SCOPE_DATA_COLLECTION",1600,26,1630.0,1690.0,0,10002,6261,2287,9970,6257,2354,6975,4198,1510,3024,2068,770,0.30243024302430244,0.33003511011809766,0.33771929824561403,0.40783671845081804,0.8169972951121465,1.157906890373135,0.8156734369016361,0.8169972951121465,0.7719379269154234,0.3783512544802867,0.43044306812767985,0.4059602649006622,97.5,100.0,5602,6980,5968,158,10,5694,0.02820421278114959,0.0014326647564469914,0.954088471849866,0.55,0.8,0.8,0.30000000000000004,65.0,75.0,95.0,0.55,0.9,0.8,0.30000000000000004,55.0,65.0,95.0,9990,7059,2931,9990,0.2933933933933934,0.42645509102346907,0.5,0.8529101820469381,2687,0.3806488171129055,1.0,1
"iteration_5","SCOPE_DATA_COLLECTION",1600,26,1630.0,1690.0,1,10002,6261,2287,9970,6257,2354,6975,4198,1510,3024,2068,770,0.30243024302430244,0.33003511011809766,0.33771929824561403,0.40783671845081804,0.8169972951121465,1.157906890373135,0.8156734369016361,0.8169972951121465,0.7719379269154234,0.3783512544802867,0.43044306812767985,0.4059602649006622,97.5,100.0,5602,6980,5968,158,10,5694,0.02820421278114959,0.0014326647564469914,0.954088471849866,0.55,0.8,0.8,0.30000000000000004,65.0,75.0,95.0,0.55,0.9,0.8,0.30000000000000004,55.0,65.0,95.0,6371,4476,1895,6371,0.29744153194161044,0.8066767730873629,1.0,0.8066767730873629,1846,0.41242180518319926,1.0,1
"iteration_5","SCOPE_DATA_COLLECTION",1600,26,1630.0,1690.0,2,10002,6261,2287,9970,6257,2354,6975,4198,1510,3024,2068,770,0.30243024302430244,0.33003511011809766,0.33771929824561403,0.40783671845081804,0.8169972951121465,1.157906890373135,0.8156734369016361,0.8169972951121465,0.7719379269154234,0.3783512544802867,0.43044306812767985,0.4059602649006622,97.5,100.0,5602,6980,5968,158,10,5694,0.02820421278114959,0.0014326647564469914,0.954088471849866,0.55,0.8,0.8,0.30000000000000004,65.0,75.0,95.0,0.55,0.9,0.8,0.30000000000000004,55.0,65.0,95.0,2256,1565,691,2256,0.30629432624113473,1.1645637459506808,1.5,0.7763758306337872,628,0.4012779552715655,1.0,1
"iteration_5","SCOPE_DATA_COLLECTION",1600,27,1690.0,1750.0,0,9990,6371,2256,10002,6261,2287,7058,4465,1574,2932,1895,691,0.2934934934934935,0.2979559748427673,0.3050772626931567,0.42568390174665505,0.8048966870070019,1.1659217813095144,0.8513678034933101,0.8048966870070019,0.7772811875396762,0.380136015868518,0.4116461366181411,0.40025412960609913,97.5,100.0,5571,7151,5895,173,3,5342,0.031053670795189375,4.195217452104601E-4,0.9061916878710772,0.55,0.9,0.8,0.30000000000000004,55.0,65.0,95.0,0.55,0.8,0.9,0.2,45.0,55.0,85.0,9977,6962,3015,9977,0.3021950486118072,0.413552066700236,0.5,0.827104133400472,2613,0.3753231829933927,1.0,1
"iteration_5","SCOPE_DATA_COLLECTION",1600,27,1690.0,1750.0,1,9990,6371,2256,10002,6261,2287,7058,4465,1574,2932,1895,691,0.2934934934934935,0.2979559748427673,0.3050772626931567,0.42568390174665505,0.8048966870070019,1.1659217813095144,0.8513678034933101,0.8048966870070019,0.7772811875396762,0.380136015868518,0.4116461366181411,0.40025412960609913,97.5,100.0,5571,7151,5895,173,3,5342,0.031053670795189375,4.195217452104601E-4,0.9061916878710772,0.55,0.9,0.8,0.30000000000000004,55.0,65.0,95.0,0.55,0.8,0.9,0.2,45.0,55.0,85.0,6458,4394,2064,6458,0.31960359244348097,0.8039252331668081,1.0,0.8039252331668081,1770,0.40282203004096495,1.0,1
"iteration_5","SCOPE_DATA_COLLECTION",1600,27,1690.0,1750.0,2,9990,6371,2256,10002,6261,2287,7058,4465,1574,2932,1895,691,0.2934934934934935,0.2979559748427673,0.3050772626931567,0.42568390174665505,0.8048966870070019,1.1659217813095144,0.8513678034933101,0.8048966870070019,0.7772811875396762,0.380136015868518,0.4116461366181411,0.40025412960609913,97.5,100.0,5571,7151,5895,173,3,5342,0.031053670795189375,4.195217452104601E-4,0.9061916878710772,0.55,0.9,0.8,0.30000000000000004,55.0,65.0,95.0,0.55,0.8,0.9,0.2,45.0,55.0,85.0,2361,1621,740,2361,0.313426514188903,1.193685967495378,1.5,0.7957906449969187,679,0.418877236273905,1.0,1
"iteration_5","SCOPE_DATA_COLLECTION",1600,28,1750.0,1810.0,0,9977,6458,2361,9990,6371,2256,6984,4398,1625,3015,2064,740,0.3015301530153015,0.31940575673166205,0.3128964059196617,0.4158159539816226,0.8044529409678481,1.19767081176525,0.8316319079632452,0.8044529409678481,0.7984472078435,0.37800687285223367,0.4024556616643929,0.42153846153846153,100.0,100.0,5506,7293,5997,185,7,5627,0.033599709407918635,9.598244892362539E-4,0.9383024845756212,0.55,0.8,0.9,0.2,45.0,55.0,85.0,0.55,0.9,0.9,0.30000000000000004,35.0,55.0,85.0,9951,6978,2973,9951,0.2987639433222792,0.4138649338873103,0.5,0.8277298677746207,2666,0.38205789624534253,1.0,1
"iteration_5","SCOPE_DATA_COLLECTION",1600,28,1750.0,1810.0,1,9977,6458,2361,9990,6371,2256,6984,4398,1625,3015,2064,740,0.3015301530153015,0.31940575673166205,0.3128964059196617,0.4158159539816226,0.8044529409678481,1.19767081176525,0.8316319079632452,0.8044529409678481,0.7984472078435,0.37800687285223367,0.4024556616643929,0.42153846153846153,100.0,100.0,5506,7293,5997,185,7,5627,0.033599709407918635,9.598244892362539E-4,0.9383024845756212,0.55,0.8,0.9,0.2,45.0,55.0,85.0,0.55,0.9,0.9,0.30000000000000004,35.0,55.0,85.0,6496,4567,1929,6496,0.29695197044334976,0.8113002644988655,1.0,0.8113002644988655,1889,0.41361944383621635,1.0,1
"iteration_5","SCOPE_DATA_COLLECTION",1600,28,1750.0,1810.0,2,9977,6458,2361,9990,6371,2256,6984,4398,1625,3015,2064,740,0.3015301530153015,0.31940575673166205,0.3128964059196617,0.4158159539816226,0.8044529409678481,1.19767081176525,0.8316319079632452,0.8044529409678481,0.7984472078435,0.37800687285223367,0.4024556616643929,0.42153846153846153,100.0,100.0,5506,7293,5997,185,7,5627,0.033599709407918635,9.598244892362539E-4,0.9383024845756212,0.55,0.8,0.9,0.2,45.0,55.0,85.0,0.55,0.9,0.9,0.30000000000000004,35.0,55.0,85.0,2305,1585,720,2305,0.3123644251626898,1.1644420811060292,1.5,0.7762947207373528,634,0.4,1.0,1
"iteration_5","SCOPE_DATA_COLLECTION",1600,29,1810.0,1870.0,0,9951,6496,2305,9977,6458,2361,6966,4566,1583,2973,1929,720,0.2991246604286146,0.2969976905311778,0.3126356925749023,0.41220125434720994,0.8104101439205912,1.1593916962963973,0.8244025086944199,0.8104101439205912,0.7729277975309315,0.3801320700545507,0.4132720105124836,0.3979785217940619,97.5,100.0,5589,7215,5948,175,4,5443,0.031311504741456435,5.544005544005544E-4,0.9150975117686617,0.55,0.9,0.9,0.30000000000000004,35.0,55.0,85.0,0.25,0.1,0.30000000000000004,0.30000000000000004,45.0,90.0,40.0,10127,4843,5284,10127,0.5217734768440802,0.421644477766979,0.5,0.843288955533958,2100,0.43361552756555855,1.0,1
"iteration_5","SCOPE_DATA_COLLECTION",1600,29,1810.0,1870.0,1,9951,6496,2305,9977,6458,2361,6966,4566,1583,2973,1929,720,0.2991246604286146,0.2969976905311778,0.3126356925749023,0.41220125434720994,0.8104101439205912,1.1593916962963973,0.8244025086944199,0.8104101439205912,0.7729277975309315,0.3801320700545507,0.4132720105124836,0.3979785217940619,97.5,100.0,5589,7215,5948,175,4,5443,0.031311504741456435,5.544005544005544E-4,0.9150975117686617,0.55,0.9,0.9,0.30000000000000004,35.0,55.0,85.0,0.25,0.1,0.30000000000000004,0.30000000000000004,45.0,90.0,40.0,6310,2986,3324,6310,0.526782884310618,1.0087367088886736,1.0,1.0087367088886736,1856,0.6215673141326189,1.0,1
"iteration_5","SCOPE_DATA_COLLECTION",1600,29,1810.0,1870.0,2,9951,6496,2305,9977,6458,2361,6966,4566,1583,2973,1929,720,0.2991246604286146,0.2969976905311778,0.3126356925749023,0.41220125434720994,0.8104101439205912,1.1593916962963973,0.8244025086944199,0.8104101439205912,0.7729277975309315,0.3801320700545507,0.4132720105124836,0.3979785217940619,97.5,100.0,5589,7215,5948,175,4,5443,0.031311504741456435,5.544005544005544E-4,0.9150975117686617,0.55,0.9,0.9,0.30000000000000004,35.0,55.0,85.0,0.25,0.1,0.30000000000000004,0.30000000000000004,45.0,90.0,40.0,2299,1030,1269,2299,0.5519791213571118,1.5371716337838908,1.5,1.0247810891892606,628,0.6097087378640776,1.0,1
"iteration_5","SCOPE_DATA_COLLECTION",1600,30,1870.0,1930.0,0,10127,6310,2299,9951,6496,2305,4851,2992,1037,5284,3324,1269,0.5213616181549088,0.526282457251425,0.5503035559410234,0.4245196912448654,1.0102132869455547,1.5443430549270387,0.8490393824897308,1.0102132869455547,1.0295620366180258,0.435168006596578,0.6216577540106952,0.6113789778206364,100.0,100.0,5667,3305,9764,112,1,9764,0.019763543320981118,3.02571860816944E-4,1.0,0.25,0.1,0.30000000000000004,0.30000000000000004,45.0,90.0,40.0,0.15000000000000002,0.1,0.2,0.30000000000000004,35.0,95.0,30.0,10142,4082,6060,10142,0.5975152829816605,0.46550034936438345,0.5,0.9310006987287669,2023,0.4955903968642822,1.0,1
"iteration_5","SCOPE_DATA_COLLECTION",1600,30,1870.0,1930.0,1,10127,6310,2299,9951,6496,2305,4851,2992,1037,5284,3324,1269,0.5213616181549088,0.526282457251425,0.5503035559410234,0.4245196912448654,1.0102132869455547,1.5443430549270387,0.8490393824897308,1.0102132869455547,1.0295620366180258,0.435168006596578,0.6216577540106952,0.6113789778206364,100.0,100.0,5667,3305,9764,112,1,9764,0.019763543320981118,3.02571860816944E-4,1.0,0.25,0.1,0.30000000000000004,0.30000000000000004,45.0,90.0,40.0,0.15000000000000002,0.1,0.2,0.30000000000000004,35.0,95.0,30.0,6225,2500,3725,6225,0.5983935742971888,1.0938007519714215,1.0,1.0938007519714215,1755,0.702,1.0,1
"iteration_5","SCOPE_DATA_COLLECTION",1600,30,1870.0,1930.0,2,10127,6310,2299,9951,6496,2305,4851,2992,1037,5284,3324,1269,0.5213616181549088,0.526282457251425,0.5503035559410234,0.4245196912448654,1.0102132869455547,1.5443430549270387,0.8490393824897308,1.0102132869455547,1.0295620366180258,0.435168006596578,0.6216577540106952,0.6113789778206364,100.0,100.0,5667,3305,9764,112,1,9764,0.019763543320981118,3.02571860816944E-4,1.0,0.25,0.1,0.30000000000000004,0.30000000000000004,45.0,90.0,40.0,0.15000000000000002,0.1,0.2,0.30000000000000004,35.0,95.0,30.0,2338,906,1432,2338,0.6124893071000855,1.7199518675502843,1.5,1.1466345783668561,648,0.7152317880794702,1.0,1
"iteration_5","SCOPE_DATA_COLLECTION",1600,31,1930.0,1990.0,0,10142,6225,2338,10127,6310,2299,4097,2513,902,6059,3725,1432,0.5965931469082316,0.5971465213209362,0.6135389888603257,0.46601554371847176,1.0982813696962272,1.7154552577741418,0.9320310874369435,1.0982813696962272,1.1436368385160944,0.4967049060288016,0.7027457222443295,0.7139689578713969,100.0,100.0,5581,2002,11122,89,5,11122,0.015946962909872783,0.0024975024975024975,1.0,0.15000000000000002,0.1,0.2,0.30000000000000004,35.0,95.0,30.0,0.25,0.6000000000000001,0.6000000000000001,0.1,85.0,60.0,50.0,9973,4646,5327,9973,0.5341421838965206,0.5193747548257278,0.5,1.0387495096514556,2475,0.5327163151097718,1.0,1
"iteration_5","SCOPE_DATA_COLLECTION",1600,31,1930.0,1990.0,1,10142,6225,2338,10127,6310,2299,4097,2513,902,6059,3725,1432,0.5965931469082316,0.5971465213209362,0.6135389888603257,0.46601554371847176,1.0982813696962272,1.7154552577741418,0.9320310874369435,1.0982813696962272,1.1436368385160944,0.4967049060288016,0.7027457222443295,0.7139689578713969,100.0,100.0,5581,2002,11122,89,5,11122,0.015946962909872783,0.0024975024975024975,1.0,0.15000000000000002,0.1,0.2,0.30000000000000004,35.0,95.0,30.0,0.25,0.6000000000000001,0.6000000000000001,0.1,85.0,60.0,50.0,6343,2952,3391,6343,0.5346050764622419,1.0214974936237105,1.0,1.0214974936237105,1742,0.5901084010840109,1.0,1
"iteration_5","SCOPE_DATA_COLLECTION",1600,31,1930.0,1990.0,2,10142,6225,2338,10127,6310,2299,4097,2513,902,6059,3725,1432,0.5965931469082316,0.5971465213209362,0.6135389888603257,0.46601554371847176,1.0982813696962272,1.7154552577741418,0.9320310874369435,1.0982813696962272,1.1436368385160944,0.4967049060288016,0.7027457222443295,0.7139689578713969,100.0,100.0,5581,2002,11122,89,5,11122,0.015946962909872783,0.0024975024975024975,1.0,0.15000000000000002,0.1,0.2,0.30000000000000004,35.0,95.0,30.0,0.25,0.6000000000000001,0.6000000000000001,0.1,85.0,60.0,50.0,2274,1008,1266,2274,0.5567282321899736,1.5327337913616152,1.5,1.0218225275744102,632,0.626984126984127,1.0,1
"iteration_5","SCOPE_DATA_COLLECTION",1600,32,1990.0,2050.0,0,9973,6343,2274,10142,6225,2338,4631,2927,1005,5328,3391,1266,0.5349934732402851,0.5367204811649257,0.5574636723910171,0.5171996669831755,1.0114648306454832,1.5347070723111478,1.034399333966351,1.0114648306454832,1.023138048207432,0.5312027639818614,0.5876323881106935,0.6268656716417911,100.0,100.0,5388,3319,9883,98,4,9883,0.018188567186340016,0.0012051822838204278,1.0,0.25,0.6000000000000001,0.6000000000000001,0.1,85.0,60.0,50.0,0.25,0.6000000000000001,0.6000000000000001,0.1,85.0,60.0,50.0,10000,4674,5326,10000,0.5326,0.5124452511274716,0.5,1.0248905022549433,2425,0.5188275566966196,1.0,1
"iteration_5","SCOPE_DATA_COLLECTION",1600,32,1990.0,2050.0,1,9973,6343,2274,10142,6225,2338,4631,2927,1005,5328,3391,1266,0.5349934732402851,0.5367204811649257,0.5574636723910171,0.5171996669831755,1.0114648306454832,1.5347070723111478,1.034399333966351,1.0114648306454832,1.023138048207432,0.5312027639818614,0.5876323881106935,0.6268656716417911,100.0,100.0,5388,3319,9883,98,4,9883,0.018188567186340016,0.0012051822838204278,1.0,0.25,0.6000000000000001,0.6000000000000001,0.1,85.0,60.0,50.0,0.25,0.6000000000000001,0.6000000000000001,0.1,85.0,60.0,50.0,6301,2897,3404,6301,0.5402317092524996,1.0237395699925185,1.0,1.0237395699925185,1727,0.5961339316534345,1.0,1
"iteration_5","SCOPE_DATA_COLLECTION",1600,32,1990.0,2050.0,2,9973,6343,2274,10142,6225,2338,4631,2927,1005,5328,3391,1266,0.5349934732402851,0.5367204811649257,0.5574636723910171,0.5171996669831755,1.0114648306454832,1.5347070723111478,1.034399333966351,1.0114648306454832,1.023138048207432,0.5312027639818614,0.5876323881106935,0.6268656716417911,100.0,100.0,5388,3319,9883,98,4,9883,0.018188567186340016,0.0012051822838204278,1.0,0.25,0.6000000000000001,0.6000000000000001,0.1,85.0,60.0,50.0,0.25,0.6000000000000001,0.6000000000000001,0.1,85.0,60.0,50.0,2260,1013,1247,2260,0.5517699115044248,1.524164378142501,1.5,1.016109585428334,635,0.6268509378084897,1.0,1
"iteration_5","SCOPE_DATA_COLLECTION",1600,33,2050.0,2110.0,0,10000,6301,2260,9973,6343,2274,4684,2899,1015,5326,3404,1247,0.532067932067932,0.5400602887513882,0.5512820512820513,0.5122472852670192,1.027749674734506,1.5275677959410168,1.0244945705340385,1.027749674734506,1.0183785306273445,0.5185738684884714,0.5984822352535357,0.6285714285714286,100.0,100.0,5430,3248,9883,91,3,9883,0.016758747697974218,9.236453201970443E-4,1.0,0.25,0.6000000000000001,0.6000000000000001,0.1,85.0,60.0,50.0,0.1,0.4,0.5,0.9,50.0,30.0,90.0,10128,3697,6431,10128,0.6349723538704581,0.6106130183886274,0.5,1.2212260367772547,2501,0.6764944549634839,1.0,1
"iteration_5","SCOPE_DATA_COLLECTION",1600,33,2050.0,2110.0,1,10000,6301,2260,9973,6343,2274,4684,2899,1015,5326,3404,1247,0.532067932067932,0.5400602887513882,0.5512820512820513,0.5122472852670192,1.027749674734506,1.5275677959410168,1.0244945705340385,1.027749674734506,1.0183785306273445,0.5185738684884714,0.5984822352535357,0.6285714285714286,100.0,100.0,5430,3248,9883,91,3,9883,0.016758747697974218,9.236453201970443E-4,1.0,0.25,0.6000000000000001,0.6000000000000001,0.1,85.0,60.0,50.0,0.1,0.4,0.5,0.9,50.0,30.0,90.0,6431,2314,4117,6431,0.6401803763022859,1.2977137750929266,1.0,1.2977137750929266,1862,0.8046672428694901,1.0,1
"iteration_5","SCOPE_DATA_COLLECTION",1600,33,2050.0,2110.0,2,10000,6301,2260,9973,6343,2274,4684,2899,1015,5326,3404,1247,0.532067932067932,0.5400602887513882,0.5512820512820513,0.5122472852670192,1.027749674734506,1.5275677959410168,1.0244945705340385,1.027749674734506,1.0183785306273445,0.5185738684884714,0.5984822352535357,0.6285714285714286,100.0,100.0,5430,3248,9883,91,3,9883,0.016758747697974218,9.236453201970443E-4,1.0,0.25,0.6000000000000001,0.6000000000000001,0.1,85.0,60.0,50.0,0.1,0.4,0.5,0.9,50.0,30.0,90.0,2299,766,1533,2299,0.6668116572422792,1.9560892446413303,1.5,1.3040594964275536,602,0.7859007832898173,1.0,1
"iteration_5","SCOPE_DATA_COLLECTION",1600,34,2110.0,2170.0,0,10128,6431,2299,10000,6301,2260,3692,2332,767,6431,4117,1533,0.6352859824162798,0.6383935493875019,0.6665217391304348,0.6128418230442774,1.301196575057761,1.9463035039446348,1.2256836460885547,1.301196575057761,1.2975356692964233,0.6779523293607801,0.8027444253859348,0.7835723598435462,100.0,100.0,5722,1261,11875,205,1,11875,0.035826634044040545,7.930214115781126E-4,1.0,0.1,0.4,0.5,0.9,50.0,30.0,90.0,0.2,0.4,0.5,0.8,40.0,40.0,80.0,9980,4482,5498,9980,0.5509018036072144,0.5427876304195646,0.5,1.0855752608391291,2582,0.5760821062025882,1.0,1
"iteration_5","SCOPE_DATA_COLLECTION",1600,34,2110.0,2170.0,1,10128,6431,2299,10000,6301,2260,3692,2332,767,6431,4117,1533,0.6352859824162798,0.6383935493875019,0.6665217391304348,0.6128418230442774,1.301196575057761,1.9463035039446348,1.2256836460885547,1.301196575057761,1.2975356692964233,0.6779523293607801,0.8027444253859348,0.7835723598435462,100.0,100.0,5722,1261,11875,205,1,11875,0.035826634044040545,7.930214115781126E-4,1.0,0.1,0.4,0.5,0.9,50.0,30.0,90.0,0.2,0.4,0.5,0.8,40.0,40.0,80.0,6463,2854,3609,6463,0.5584094073959461,1.1326922895413516,1.0,1.1326922895413516,1876,0.657323055360897,1.0,1
"iteration_5","SCOPE_DATA_COLLECTION",1600,34,2110.0,2170.0,2,10128,6431,2299,10000,6301,2260,3692,2332,767,6431,4117,1533,0.6352859824162798,0.6383935493875019,0.6665217391304348,0.6128418230442774,1.301196575057761,1.9463035039446348,1.2256836460885547,1.301196575057761,1.2975356692964233,0.6779523293607801,0.8027444253859348,0.7835723598435462,100.0,100.0,5722,1261,11875,205,1,11875,0.035826634044040545,7.930214115781126E-4,1.0,0.1,0.4,0.5,0.9,50.0,30.0,90.0,0.2,0.4,0.5,0.8,40.0,40.0,80.0,2239,881,1358,2239,0.6065207682000894,1.6947723878195953,1.5,1.129848258546397,582,0.6606129398410897,1.0,1
"iteration_5","SCOPE_DATA_COLLECTION",1600,35,2170.0,2230.0,0,9980,6463,2239,10128,6431,2299,4473,2853,874,5498,3609,1358,0.5513990572660716,0.5584958217270195,0.6084229390681004,0.5415832968600056,1.1282337867834953,1.6908028035946217,1.0831665937200112,1.1282337867834953,1.1272018690630812,0.5750055890900961,0.6572029442691903,0.6601830663615561,100.0,100.0,5792,2608,10282,180,3,10282,0.031077348066298343,0.0011503067484662577,1.0,0.2,0.4,0.5,0.8,40.0,40.0,80.0,0.9500000000000001,0.2,0.1,0.6000000000000001,45.0,70.0,50.0,9934,7765,2169,9934,0.21834105093617878,0.4122912491436551,0.5,0.8245824982873102,2523,0.32491951062459756,1.0,1
"iteration_5","SCOPE_DATA_COLLECTION",1600,35,2170.0,2230.0,1,9980,6463,2239,10128,6431,2299,4473,2853,874,5498,3609,1358,0.5513990572660716,0.5584958217270195,0.6084229390681004,0.5415832968600056,1.1282337867834953,1.6908028035946217,1.0831665937200112,1.1282337867834953,1.1272018690630812,0.5750055890900961,0.6572029442691903,0.6601830663615561,100.0,100.0,5792,2608,10282,180,3,10282,0.031077348066298343,0.0011503067484662577,1.0,0.2,0.4,0.5,0.8,40.0,40.0,80.0,0.9500000000000001,0.2,0.1,0.6000000000000001,45.0,70.0,50.0,6240,4752,1488,6240,0.23846153846153847,0.7438037750472817,1.0,0.7438037750472817,1835,0.38615319865319864,1.0,1
"iteration_5","SCOPE_DATA_COLLECTION",1600,35,2170.0,2230.0,2,9980,6463,2239,10128,6431,2299,4473,2853,874,5498,3609,1358,0.5513990572660716,0.5584958217270195,0.6084229390681004,0.5415832968600056,1.1282337867834953,1.6908028035946217,1.0831665937200112,1.1282337867834953,1.1272018690630812,0.5750055890900961,0.6572029442691903,0.6601830663615561,100.0,100.0,5792,2608,10282,180,3,10282,0.031077348066298343,0.0011503067484662577,1.0,0.2,0.4,0.5,0.8,40.0,40.0,80.0,0.9500000000000001,0.2,0.1,0.6000000000000001,45.0,70.0,50.0,2230,1658,572,2230,0.25650224215246636,1.1819802234732748,1.5,0.7879868156488499,633,0.38178528347406515,1.0,1
"iteration_5","SCOPE_DATA_COLLECTION",1600,36,2230.0,2290.0,0,9934,6240,2230,9980,6463,2239,7784,4759,1665,2152,1465,564,0.21658615136876005,0.23537917737789202,0.253028263795424,0.4134749866951215,0.7475501695088552,1.1892632106251866,0.826949973390243,0.7475501695088552,0.792842140416791,0.3266957862281603,0.3864257196890103,0.3831831831831832,97.5,100.0,5556,12226,622,81,4096,4,0.014578833693304536,0.33502371994110913,0.006430868167202572,0.9500000000000001,0.2,0.1,0.6000000000000001,45.0,70.0,50.0,0.45,0.9,0.7000000000000001,0.1,95.0,35.0,85.0,10152,6187,3965,10152,0.39056343577620173,0.43048332354148955,0.5,0.8609666470829791,2519,0.407144011637304,1.0,1
"iteration_5","SCOPE_DATA_COLLECTION",1600,36,2230.0,2290.0,1,9934,6240,2230,9980,6463,2239,7784,4759,1665,2152,1465,564,0.21658615136876005,0.23537917737789202,0.253028263795424,0.4134749866951215,0.7475501695088552,1.1892632106251866,0.826949973390243,0.7475501695088552,0.792842140416791,0.3266957862281603,0.3864257196890103,0.3831831831831832,97.5,100.0,5556,12226,622,81,4096,4,0.014578833693304536,0.33502371994110913,0.006430868167202572,0.9500000000000001,0.2,0.1,0.6000000000000001,45.0,70.0,50.0,0.45,0.9,0.7000000000000001,0.1,95.0,35.0,85.0,6353,3866,2487,6353,0.391468597512986,0.8463415092712345,1.0,0.8463415092712345,1795,0.4643041903776513,1.0,1
"iteration_5","SCOPE_DATA_COLLECTION",1600,36,2230.0,2290.0,2,9934,6240,2230,9980,6463,2239,7784,4759,1665,2152,1465,564,0.21658615136876005,0.23537917737789202,0.253028263795424,0.4134749866951215,0.7475501695088552,1.1892632106251866,0.826949973390243,0.7475501695088552,0.792842140416791,0.3266957862281603,0.3864257196890103,0.3831831831831832,97.5,100.0,5556,12226,622,81,4096,4,0.014578833693304536,0.33502371994110913,0.006430868167202572,0.9500000000000001,0.2,0.1,0.6000000000000001,45.0,70.0,50.0,0.45,0.9,0.7000000000000001,0.1,95.0,35.0,85.0,2331,1372,959,2331,0.4114114114114114,1.202891486362554,1.5,0.8019276575750359,628,0.4577259475218659,1.0,1
"iteration_5","SCOPE_DATA_COLLECTION",1600,37,2290.0,2350.0,0,10152,6353,2331,9934,6240,2230,6155,3852,1364,3982,2510,967,0.39281838808325936,0.3945300220056586,0.41484341484341486,0.42751175061098523,0.8436516656014025,1.2020062534074936,0.8550235012219705,0.8436516656014025,0.8013375022716623,0.40422420796100733,0.46469366562824505,0.4574780058651026,100.0,100.0,5455,6043,7338,85,85,7289,0.015582034830430797,0.014065861327155387,0.9933224311801581,0.45,0.9,0.7000000000000001,0.1,95.0,35.0,85.0,0.55,0.9,0.8,0.2,95.0,25.0,85.0,10073,7175,2898,10073,0.2876997915218902,0.4296156154532232,0.5,0.8592312309064464,2816,0.3924738675958188,1.0,1
"iteration_5","SCOPE_DATA_COLLECTION",1600,37,2290.0,2350.0,1,10152,6353,2331,9934,6240,2230,6155,3852,1364,3982,2510,967,0.39281838808325936,0.3945300220056586,0.41484341484341486,0.42751175061098523,0.8436516656014025,1.2020062534074936,0.8550235012219705,0.8436516656014025,0.8013375022716623,0.40422420796100733,0.46469366562824505,0.4574780058651026,100.0,100.0,5455,6043,7338,85,85,7289,0.015582034830430797,0.014065861327155387,0.9933224311801581,0.45,0.9,0.7000000000000001,0.1,95.0,35.0,85.0,0.55,0.9,0.8,0.2,95.0,25.0,85.0,6410,4451,1959,6410,0.30561622464898597,0.8008686376655494,1.0,0.8008686376655494,1784,0.40080880700966076,1.0,1
"iteration_5","SCOPE_DATA_COLLECTION",1600,37,2290.0,2350.0,2,10152,6353,2331,9934,6240,2230,6155,3852,1364,3982,2510,967,0.39281838808325936,0.3945300220056586,0.41484341484341486,0.42751175061098523,0.8436516656014025,1.2020062534074936,0.8550235012219705,0.8436516656014025,0.8013375022716623,0.40422420796100733,0.46469366562824505,0.4574780058651026,100.0,100.0,5455,6043,7338,85,85,7289,0.015582034830430797,0.014065861327155387,0.9933224311801581,0.45,0.9,0.7000000000000001,0.1,95.0,35.0,85.0,0.55,0.9,0.8,0.2,95.0,25.0,85.0,2290,1580,710,2290,0.31004366812227074,1.1637104479384792,1.5,0.7758069652923195,644,0.40759493670886077,1.0,1
"iteration_5","SCOPE_DATA_COLLECTION",1600,38,2350.0,2410.0,0,10073,6410,2290,10152,6353,2331,7188,4433,1583,2898,1957,710,0.2873289708506841,0.30625978090766826,0.30963802878325336,0.4310813577549027,0.798554806413579,1.1655495854156745,0.8621627155098054,0.798554806413579,0.777033056943783,0.39343350027824153,0.39882697947214074,0.40998104864181933,100.0,100.0,5615,7217,5941,151,10,5404,0.02689225289403384,0.0013856172925038105,0.9096111765696011,0.55,0.9,0.8,0.2,95.0,25.0,85.0,0.65,0.9,0.8,0.30000000000000004,85.0,25.0,75.0,10007,9043,964,10007,0.09633256720295794,0.3985996355367005,0.5,0.797199271073401,2769,0.3062036934645582,1.0,1
"iteration_5","SCOPE_DATA_COLLECTION",1600,38,2350.0,2410.0,1,10073,6410,2290,10152,6353,2331,7188,4433,1583,2898,1957,710,0.2873289708506841,0.30625978090766826,0.30963802878325336,0.4310813577549027,0.798554806413579,1.1655495854156745,0.8621627155098054,0.798554806413579,0.777033056943783,0.39343350027824153,0.39882697947214074,0.40998104864181933,100.0,100.0,5615,7217,5941,151,10,5404,0.02689225289403384,0.0013856172925038105,0.9096111765696011,0.55,0.9,0.8,0.2,95.0,25.0,85.0,0.65,0.9,0.8,0.30000000000000004,85.0,25.0,75.0,6186,5561,625,6186,0.10103459424506951,0.7271772464824081,1.0,0.7271772464824081,1844,0.3315950368638734,1.0,1
"iteration_5","SCOPE_DATA_COLLECTION",1600,38,2350.0,2410.0,2,10073,6410,2290,10152,6353,2331,7188,4433,1583,2898,1957,710,0.2873289708506841,0.30625978090766826,0.30963802878325336,0.4310813577549027,0.798554806413579,1.1655495854156745,0.8621627155098054,0.798554806413579,0.777033056943783,0.39343350027824153,0.39882697947214074,0.40998104864181933,100.0,100.0,5615,7217,5941,151,10,5404,0.02689225289403384,0.0013856172925038105,0.9096111765696011,0.55,0.9,0.8,0.2,95.0,25.0,85.0,0.65,0.9,0.8,0.30000000000000004,85.0,25.0,75.0,2308,2038,270,2308,0.1169844020797227,1.0359530600976499,1.5,0.6906353733984333,650,0.31894013738959764,1.0,1
"iteration_5","SCOPE_DATA_COLLECTION",1600,39,2410.0,2470.0,0,10007,6186,2308,10073,6410,2290,8992,5539,2031,964,622,266,0.09682603455202893,0.10095763674728128,0.11580322159338267,0.37953109985832784,0.7126915767167815,1.0238694528647543,0.7590621997166557,0.7126915767167815,0.6825796352431696,0.3029359430604982,0.32894024192092436,0.3165928114229444,100.0,100.0,5561,8378,4562,170,11,1671,0.030570041359467722,0.0013129625208880401,0.366286716352477,0.65,0.9,0.8,0.30000000000000004,85.0,25.0,75.0,0.75,0.9,0.7000000000000001,0.2,85.0,20.0,65.0,9818,9417,401,9818,0.0408433489509065,0.35490524882294217,0.5,0.7098104976458843,2618,0.27800785812891576,1.0,1
"iteration_5","SCOPE_DATA_COLLECTION",1600,39,2410.0,2470.0,1,10007,6186,2308,10073,6410,2290,8992,5539,2031,964,622,266,0.09682603455202893,0.10095763674728128,0.11580322159338267,0.37953109985832784,0.7126915767167815,1.0238694528647543,0.7590621997166557,0.7126915767167815,0.6825796352431696,0.3029359430604982,0.32894024192092436,0.3165928114229444,100.0,100.0,5561,8378,4562,170,11,1671,0.030570041359467722,0.0013129625208880401,0.366286716352477,0.65,0.9,0.8,0.30000000000000004,85.0,25.0,75.0,0.75,0.9,0.7000000000000001,0.2,85.0,20.0,65.0,6381,6105,276,6381,0.043253408556652564,0.646613124401454,1.0,0.646613124401454,1775,0.29074529074529076,1.0,1
"iteration_5","SCOPE_DATA_COLLECTION",1600,39,2410.0,2470.0,2,10007,6186,2308,10073,6410,2290,8992,5539,2031,964,622,266,0.09682603455202893,0.10095763674728128,0.11580322159338267,0.37953109985832784,0.7126915767167815,1.0238694528647543,0.7590621997166557,0.7126915767167815,0.6825796352431696,0.3029359430604982,0.32894024192092436,0.3165928114229444,100.0,100.0,5561,8378,4562,170,11,1671,0.030570041359467722,0.0013129625208880401,0.366286716352477,0.65,0.9,0.8,0.30000000000000004,85.0,25.0,75.0,0.75,0.9,0.7000000000000001,0.2,85.0,20.0,65.0,2303,2166,137,2303,0.05948762483716891,0.9938449122445601,1.5,0.6625632748297067,667,0.3079409048938135,1.0,1
"iteration_5","SCOPE_DATA_COLLECTION",1600,40,2470.0,2530.0,0,9818,6381,2303,10007,6186,2308,9440,6129,2157,401,281,141,0.04074789147444365,0.0438377535101404,0.06135770234986945,0.37334391475095763,0.6634880576598493,0.9995409974490187,0.7466878295019153,0.6634880576598493,0.6663606649660124,0.28167372881355934,0.29613313754282916,0.30783495595734817,100.0,100.0,5405,9898,3199,122,614,87,0.02257169287696577,0.06203273388563346,0.027195998749609252,0.75,0.9,0.7000000000000001,0.2,85.0,20.0,65.0,0.8500000000000001,0.9,0.6000000000000001,0.2,85.0,30.0,65.0,9886,9069,817,9886,0.08264212016993729,0.39976173352312067,0.5,0.7995234670462413,2826,0.31161098246774727,1.0,1
"iteration_5","SCOPE_DATA_COLLECTION",1600,40,2470.0,2530.0,1,9818,6381,2303,10007,6186,2308,9440,6129,2157,401,281,141,0.04074789147444365,0.0438377535101404,0.06135770234986945,0.37334391475095763,0.6634880576598493,0.9995409974490187,0.7466878295019153,0.6634880576598493,0.6663606649660124,0.28167372881355934,0.29613313754282916,0.30783495595734817,100.0,100.0,5405,9898,3199,122,614,87,0.02257169287696577,0.06203273388563346,0.027195998749609252,0.75,0.9,0.7000000000000001,0.2,85.0,20.0,65.0,0.8500000000000001,0.9,0.6000000000000001,0.2,85.0,30.0,65.0,6221,5626,595,6221,0.0956437871724803,0.7120338034366902,1.0,0.7120338034366902,1813,0.3222538215428368,1.0,1
"iteration_5","SCOPE_DATA_COLLECTION",1600,40,2470.0,2530.0,2,9818,6381,2303,10007,6186,2308,9440,6129,2157,401,281,141,0.04074789147444365,0.0438377535101404,0.06135770234986945,0.37334391475095763,0.6634880576598493,0.9995409974490187,0.7466878295019153,0.6634880576598493,0.6663606649660124,0.28167372881355934,0.29613313754282916,0.30783495595734817,100.0,100.0,5405,9898,3199,122,614,87,0.02257169287696577,0.06203273388563346,0.027195998749609252,0.75,0.9,0.7000000000000001,0.2,85.0,20.0,65.0,0.8500000000000001,0.9,0.6000000000000001,0.2,85.0,30.0,65.0,2314,2061,253,2314,0.10933448573898012,1.042688154822164,1.5,0.6951254365481093,661,0.3207180980106744,1.0,1
"iteration_5","SCOPE_DATA_COLLECTION",1600,41,2530.0,2590.0,0,9886,6221,2314,9818,6381,2303,9075,5629,2073,817,595,253,0.08259199353012535,0.09559768637532133,0.10877042132416165,0.3992102998371578,0.710591588785591,1.048024973388518,0.7984205996743156,0.710591588785591,0.6986833155923454,0.31052341597796146,0.3208385148338959,0.32320308731307285,97.5,100.0,5461,11042,1918,114,1551,0,0.020875297564548617,0.14046368411519652,0.0,0.8500000000000001,0.9,0.6000000000000001,0.2,85.0,30.0,65.0,0.8500000000000001,0.9,0.6000000000000001,0.2,85.0,30.0,65.0,10067,8855,1212,10067,0.12039336445813052,0.3740537122872052,0.5,0.7481074245744104,2722,0.30739695087521174,1.0,1
"iteration_5","SCOPE_DATA_COLLECTION",1600,41,2530.0,2590.0,1,9886,6221,2314,9818,6381,2303,9075,5629,2073,817,595,253,0.08259199353012535,0.09559768637532133,0.10877042132416165,0.3992102998371578,0.710591588785591,1.048024973388518,0.7984205996743156,0.710591588785591,0.6986833155923454,0.31052341597796146,0.3208385148338959,0.32320308731307285,97.5,100.0,5461,11042,1918,114,1551,0,0.020875297564548617,0.14046368411519652,0.0,0.8500000000000001,0.9,0.6000000000000001,0.2,85.0,30.0,65.0,0.8500000000000001,0.9,0.6000000000000001,0.2,85.0,30.0,65.0,6318,5593,725,6318,0.11475150364039254,0.7093343279741972,1.0,0.7093343279741972,1813,0.3241551939924906,1.0,1
"iteration_5","SCOPE_DATA_COLLECTION",1600,41,2530.0,2590.0,2,9886,6221,2314,9818,6381,2303,9075,5629,2073,817,595,253,0.08259199353012535,0.09559768637532133,0.10877042132416165,0.3992102998371578,0.710591588785591,1.048024973388518,0.7984205996743156,0.710591588785591,0.6986833155923454,0.31052341597796146,0.3208385148338959,0.32320308731307285,97.5,100.0,5461,11042,1918,114,1551,0,0.020875297564548617,0.14046368411519652,0.0,0.8500000000000001,0.9,0.6000000000000001,0.2,85.0,30.0,65.0,0.8500000000000001,0.9,0.6000000000000001,0.2,85.0,30.0,65.0,2266,1939,327,2266,0.1443071491615181,1.0383089287665048,1.5,0.6922059525110033,628,0.32387828777720473,1.0,1
"iteration_5","SCOPE_DATA_COLLECTION",1600,42,2590.0,2650.0,0,10067,6318,2266,9886,6221,2314,8856,5565,1931,1212,725,327,0.12038140643623362,0.11526232114467408,0.14481842338352524,0.37530965619333395,0.7061908044057604,1.0388502345117463,0.7506193123866679,0.7061908044057604,0.6925668230078309,0.3089430894308943,0.32273135669362085,0.324702226825479,100.0,100.0,5542,11149,1960,131,2133,0,0.023637675929267413,0.1913176069602655,0.0,0.8500000000000001,0.9,0.6000000000000001,0.2,85.0,30.0,65.0,0.75,0.9,0.6000000000000001,0.2,75.0,40.0,55.0,9898,9723,175,9898,0.01768033946251768,0.3376936598990794,0.5,0.6753873197981588,2509,0.2580479275943639,1.0,1
"iteration_5","SCOPE_DATA_COLLECTION",1600,42,2590.0,2650.0,1,10067,6318,2266,9886,6221,2314,8856,5565,1931,1212,725,327,0.12038140643623362,0.11526232114467408,0.14481842338352524,0.37530965619333395,0.7061908044057604,1.0388502345117463,0.7506193123866679,0.7061908044057604,0.6925668230078309,0.3089430894308943,0.32273135669362085,0.324702226825479,100.0,100.0,5542,11149,1960,131,2133,0,0.023637675929267413,0.1913176069602655,0.0,0.8500000000000001,0.9,0.6000000000000001,0.2,85.0,30.0,65.0,0.75,0.9,0.6000000000000001,0.2,75.0,40.0,55.0,6395,6244,151,6395,0.02361219702892885,0.6437419494742777,1.0,0.6437419494742777,1796,0.287636130685458,1.0,1
"iteration_5","SCOPE_DATA_COLLECTION",1600,42,2590.0,2650.0,2,10067,6318,2266,9886,6221,2314,8856,5565,1931,1212,725,327,0.12038140643623362,0.11526232114467408,0.14481842338352524,0.37530965619333395,0.7061908044057604,1.0388502345117463,0.7506193123866679,0.7061908044057604,0.6925668230078309,0.3089430894308943,0.32273135669362085,0.324702226825479,100.0,100.0,5542,11149,1960,131,2133,0,0.023637675929267413,0.1913176069602655,0.0,0.8500000000000001,0.9,0.6000000000000001,0.2,85.0,30.0,65.0,0.75,0.9,0.6000000000000001,0.2,75.0,40.0,55.0,2329,2263,66,2329,0.028338342636324603,0.9359313492107836,1.5,0.6239542328071891,632,0.27927529827662395,1.0,1
"iteration_5","SCOPE_DATA_COLLECTION",1600,43,2650.0,2710.0,0,9898,6395,2329,10067,6318,2266,9726,6250,2277,175,151,66,0.017674982325017675,0.023590064052491796,0.028169014084507043,0.3362027018836587,0.6427829318204271,0.9382831120603847,0.6724054037673174,0.6427829318204271,0.6255220747069231,0.25683734320378365,0.28736,0.27931488801054016,100.0,100.0,5491,9929,3202,155,188,49,0.028228009470041886,0.01893443448484238,0.015302935665209244,0.75,0.9,0.6000000000000001,0.2,75.0,40.0,55.0,0.8500000000000001,0.9,0.7000000000000001,0.30000000000000004,85.0,40.0,55.0,9781,9068,713,9781,0.07289643185768327,0.3667730435802648,0.5,0.7335460871605296,2530,0.27900308778120864,1.0,1
"iteration_5","SCOPE_DATA_COLLECTION",1600,43,2650.0,2710.0,1,9898,6395,2329,10067,6318,2266,9726,6250,2277,175,151,66,0.017674982325017675,0.023590064052491796,0.028169014084507043,0.3362027018836587,0.6427829318204271,0.9382831120603847,0.6724054037673174,0.6427829318204271,0.6255220747069231,0.25683734320378365,0.28736,0.27931488801054016,100.0,100.0,5491,9929,3202,155,188,49,0.028228009470041886,0.01893443448484238,0.015302935665209244,0.75,0.9,0.6000000000000001,0.2,75.0,40.0,55.0,0.8500000000000001,0.9,0.7000000000000001,0.30000000000000004,85.0,40.0,55.0,6286,5741,545,6286,0.08670060451797645,0.7243141616573988,1.0,0.7243141616573988,1892,0.32955931022469953,1.0,1
"iteration_5","SCOPE_DATA_COLLECTION",1600,43,2650.0,2710.0,2,9898,6395,2329,10067,6318,2266,9726,6250,2277,175,151,66,0.017674982325017675,0.023590064052491796,0.028169014084507043,0.3362027018836587,0.6427829318204271,0.9382831120603847,0.6724054037673174,0.6427829318204271,0.6255220747069231,0.25683734320378365,0.28736,0.27931488801054016,100.0,100.0,5491,9929,3202,155,188,49,0.028228009470041886,0.01893443448484238,0.015302935665209244,0.75,0.9,0.6000000000000001,0.2,75.0,40.0,55.0,0.8500000000000001,0.9,0.7000000000000001,0.30000000000000004,85.0,40.0,55.0,2336,2119,217,2336,0.09289383561643835,1.013129217507104,1.5,0.6754194783380694,653,0.3081642284096272,1.0,1
"iteration_5","SCOPE_DATA_COLLECTION",1600,44,2710.0,2770.0,0,9781,6286,2336,9898,6395,2329,9074,5740,2111,713,545,217,0.07285174210687646,0.08671439936356404,0.09321305841924399,0.3669814992010028,0.7231435660032819,1.013991695474893,0.7339629984020056,0.7231435660032819,0.6759944636499288,0.2792594225258982,0.32839721254355403,0.3093320701089531,100.0,100.0,5527,10942,1934,199,1276,0,0.036005066039442736,0.11661487845000913,0.0,0.8500000000000001,0.9,0.7000000000000001,0.30000000000000004,85.0,40.0,55.0,0.4,0.5,0.1,0.8,20.0,45.0,65.0,10150,5777,4373,10150,0.4308374384236453,0.40643239687416494,0.5,0.8128647937483299,2283,0.39518781374415785,1.0,1
"iteration_5","SCOPE_DATA_COLLECTION",1600,44,2710.0,2770.0,1,9781,6286,2336,9898,6395,2329,9074,5740,2111,713,545,217,0.07285174210687646,0.08671439936356404,0.09321305841924399,0.3669814992010028,0.7231435660032819,1.013991695474893,0.7339629984020056,0.7231435660032819,0.6759944636499288,0.2792594225258982,0.32839721254355403,0.3093320701089531,100.0,100.0,5527,10942,1934,199,1276,0,0.036005066039442736,0.11661487845000913,0.0,0.8500000000000001,0.9,0.7000000000000001,0.30000000000000004,85.0,40.0,55.0,0.4,0.5,0.1,0.8,20.0,45.0,65.0,6482,3744,2738,6482,0.4224004936747917,0.7565870686450363,1.0,0.7565870686450363,1767,0.4719551282051282,1.0,1
"iteration_5","SCOPE_DATA_COLLECTION",1600,44,2710.0,2770.0,2,9781,6286,2336,9898,6395,2329,9074,5740,2111,713,545,217,0.07285174210687646,0.08671439936356404,0.09321305841924399,0.3669814992010028,0.7231435660032819,1.013991695474893,0.7339629984020056,0.7231435660032819,0.6759944636499288,0.2792594225258982,0.32839721254355403,0.3093320701089531,100.0,100.0,5527,10942,1934,199,1276,0,0.036005066039442736,0.11661487845000913,0.0,0.8500000000000001,0.9,0.7000000000000001,0.30000000000000004,85.0,40.0,55.0,0.4,0.5,0.1,0.8,20.0,45.0,65.0,2344,1309,1035,2344,0.4415529010238908,1.2514811957044503,1.5,0.8343207971363001,603,0.46065699006875477,1.0,1
"iteration_5","SCOPE_DATA_COLLECTION",1600,45,2770.0,2830.0,0,10150,6482,2344,9781,6286,2336,5793,3787,1314,4373,2738,1035,0.4301593547117844,0.4196168582375479,0.44061302681992337,0.4079275359131668,0.7689684586718077,1.2429648916368834,0.8158550718263337,0.7689684586718077,0.8286432610912556,0.3959951665803556,0.47636651703195143,0.4558599695585997,100.0,100.0,5399,5468,8109,85,3,8058,0.015743656232635673,5.486466715435259E-4,0.9937106918238994,0.4,0.5,0.1,0.8,20.0,45.0,65.0,0.5,0.4,0.2,0.7000000000000001,20.0,45.0,65.0,9802,6417,3385,9802,0.3453376861864926,0.38791759310275975,0.5,0.7758351862055195,2431,0.3788374629889356,1.0,1
"iteration_5","SCOPE_DATA_COLLECTION",1600,45,2770.0,2830.0,1,10150,6482,2344,9781,6286,2336,5793,3787,1314,4373,2738,1035,0.4301593547117844,0.4196168582375479,0.44061302681992337,0.4079275359131668,0.7689684586718077,1.2429648916368834,0.8158550718263337,0.7689684586718077,0.8286432610912556,0.3959951665803556,0.47636651703195143,0.4558599695585997,100.0,100.0,5399,5468,8109,85,3,8058,0.015743656232635673,5.486466715435259E-4,0.9937106918238994,0.4,0.5,0.1,0.8,20.0,45.0,65.0,0.5,0.4,0.2,0.7000000000000001,20.0,45.0,65.0,6460,4212,2248,6460,0.3479876160990712,0.7458214636979145,1.0,0.7458214636979145,1790,0.4249762583095916,1.0,1
"iteration_5","SCOPE_DATA_COLLECTION",1600,45,2770.0,2830.0,2,10150,6482,2344,9781,6286,2336,5793,3787,1314,4373,2738,1035,0.4301593547117844,0.4196168582375479,0.44061302681992337,0.4079275359131668,0.7689684586718077,1.2429648916368834,0.8158550718263337,0.7689684586718077,0.8286432610912556,0.3959951665803556,0.47636651703195143,0.4558599695585997,100.0,100.0,5399,5468,8109,85,3,8058,0.015743656232635673,5.486466715435259E-4,0.9937106918238994,0.4,0.5,0.1,0.8,20.0,45.0,65.0,0.5,0.4,0.2,0.7000000000000001,20.0,45.0,65.0,2271,1438,833,2271,0.3667987670629679,1.215181942152692,1.5,0.8101212947684613,623,0.433240611961057,1.0,1
"iteration_5","SCOPE_DATA_COLLECTION",1600,46,2830.0,2890.0,0,9802,6460,2271,10150,6482,2344,6417,4204,1430,3385,2248,833,0.3453376861864926,0.3484190948543087,0.36809544851966414,0.38743451091764447,0.7395656546402842,1.2104604194980109,0.7748690218352889,0.7395656546402842,0.8069736129986739,0.37868162692847124,0.4226926736441484,0.4314685314685315,95.0,100.0,5537,6545,6451,121,8,6337,0.0218529889832039,0.0012223071046600458,0.982328321190513,0.5,0.4,0.2,0.7000000000000001,20.0,45.0,65.0,0.2,0.8,0.6000000000000001,0.5,70.0,25.0,45.0,9864,4313,5551,9864,0.5627534468775345,0.5406698345469524,0.5,1.0813396690939048,2453,0.5687456526779504,1.0,1
"iteration_5","SCOPE_DATA_COLLECTION",1600,46,2830.0,2890.0,1,9802,6460,2271,10150,6482,2344,6417,4204,1430,3385,2248,833,0.3453376861864926,0.3484190948543087,0.36809544851966414,0.38743451091764447,0.7395656546402842,1.2104604194980109,0.7748690218352889,0.7395656546402842,0.8069736129986739,0.37868162692847124,0.4226926736441484,0.4314685314685315,95.0,100.0,5537,6545,6451,121,8,6337,0.0218529889832039,0.0012223071046600458,0.982328321190513,0.5,0.4,0.2,0.7000000000000001,20.0,45.0,65.0,0.2,0.8,0.6000000000000001,0.5,70.0,25.0,45.0,6315,2714,3601,6315,0.5702296120348377,1.1343392385345115,1.0,1.1343392385345115,1815,0.6687546057479735,1.0,1
"iteration_5","SCOPE_DATA_COLLECTION",1600,46,2830.0,2890.0,2,9802,6460,2271,10150,6482,2344,6417,4204,1430,3385,2248,833,0.3453376861864926,0.3484190948543087,0.36809544851966414,0.38743451091764447,0.7395656546402842,1.2104604194980109,0.7748690218352889,0.7395656546402842,0.8069736129986739,0.37868162692847124,0.4226926736441484,0.4314685314685315,95.0,100.0,5537,6545,6451,121,8,6337,0.0218529889832039,0.0012223071046600458,0.982328321190513,0.5,0.4,0.2,0.7000000000000001,20.0,45.0,65.0,0.2,0.8,0.6000000000000001,0.5,70.0,25.0,45.0,2283,959,1324,2283,0.5799386771791503,1.7093266618350471,1.5,1.1395511078900313,642,0.6694473409801877,1.0,1
"iteration_5","SCOPE_DATA_COLLECTION",1600,47,2890.0,2950.0,0,9864,6315,2283,9802,6460,2271,4310,2713,963,5551,3601,1324,0.5629246526721428,0.5703199239784605,0.5789243550502842,0.5405045278837098,1.1321907807791136,1.6961954806336772,1.0810090557674197,1.1321907807791136,1.1307969870891181,0.5679814385150812,0.6690011057869517,0.6635514018691588,100.0,100.0,5597,2599,10266,209,1,10266,0.03734143291048776,3.8476337052712584E-4,1.0,0.2,0.8,0.6000000000000001,0.5,70.0,25.0,45.0,0.15000000000000002,0.8,0.9,0.1,25.0,70.0,70.0,10022,3870,6152,10022,0.6138495310317302,0.5950507084838229,0.5,1.1901014169676458,2436,0.6294573643410852,1.0,1
"iteration_5","SCOPE_DATA_COLLECTION",1600,47,2890.0,2950.0,1,9864,6315,2283,9802,6460,2271,4310,2713,963,5551,3601,1324,0.5629246526721428,0.5703199239784605,0.5789243550502842,0.5405045278837098,1.1321907807791136,1.6961954806336772,1.0810090557674197,1.1321907807791136,1.1307969870891181,0.5679814385150812,0.6690011057869517,0.6635514018691588,100.0,100.0,5597,2599,10266,209,1,10266,0.03734143291048776,3.8476337052712584E-4,1.0,0.2,0.8,0.6000000000000001,0.5,70.0,25.0,45.0,0.15000000000000002,0.8,0.9,0.1,25.0,70.0,70.0,6462,2488,3974,6462,0.6149798823893532,1.2208716068580048,1.0,1.2208716068580048,1762,0.7081993569131833,1.0,1
"iteration_5","SCOPE_DATA_COLLECTION",1600,47,2890.0,2950.0,2,9864,6315,2283,9802,6460,2271,4310,2713,963,5551,3601,1324,0.5629246526721428,0.5703199239784605,0.5789243550502842,0.5405045278837098,1.1321907807791136,1.6961954806336772,1.0810090557674197,1.1321907807791136,1.1307969870891181,0.5679814385150812,0.6690011057869517,0.6635514018691588,100.0,100.0,5597,2599,10266,209,1,10266,0.03734143291048776,3.8476337052712584E-4,1.0,0.2,0.8,0.6000000000000001,0.5,70.0,25.0,45.0,0.15000000000000002,0.8,0.9,0.1,25.0,70.0,70.0,2314,901,1413,2314,0.6106309420916163,1.717767575377033,1.5,1.1451783835846887,654,0.7258601553829079,1.0,1
"iteration_5","SCOPE_DATA_COLLECTION",1600,48,2950.0,3010.0,0,10022,6462,2314,9864,6315,2283,3858,2482,910,6152,3974,1413,0.6145854145854146,0.6155514250309789,0.6082651743435213,0.5930322451014668,1.2196284134871147,1.7384823728961936,1.1860644902029336,1.2196284134871147,1.1589882485974623,0.6277864178330741,0.7054794520547946,0.734065934065934,100.0,100.0,5332,2024,11442,97,0,11442,0.018192048012003,0.0,1.0,0.15000000000000002,0.8,0.9,0.1,25.0,70.0,70.0,0.15000000000000002,0.8,0.8,0.2,25.0,60.0,80.0,9914,3917,5997,9914,0.6049021585636474,0.6005663221095362,0.5,1.2011326442190724,2502,0.6387541485830993,1.0,1
"iteration_5","SCOPE_DATA_COLLECTION",1600,48,2950.0,3010.0,1,10022,6462,2314,9864,6315,2283,3858,2482,910,6152,3974,1413,0.6145854145854146,0.6155514250309789,0.6082651743435213,0.5930322451014668,1.2196284134871147,1.7384823728961936,1.1860644902029336,1.2196284134871147,1.1589882485974623,0.6277864178330741,0.7054794520547946,0.734065934065934,100.0,100.0,5332,2024,11442,97,0,11442,0.018192048012003,0.0,1.0,0.15000000000000002,0.8,0.9,0.1,25.0,70.0,70.0,0.15000000000000002,0.8,0.8,0.2,25.0,60.0,80.0,6328,2450,3878,6328,0.6128318584070797,1.219248464219967,1.0,1.219248464219967,1764,0.72,1.0,1
"iteration_5","SCOPE_DATA_COLLECTION",1600,48,2950.0,3010.0,2,10022,6462,2314,9864,6315,2283,3858,2482,910,6152,3974,1413,0.6145854145854146,0.6155514250309789,0.6082651743435213,0.5930322451014668,1.2196284134871147,1.7384823728961936,1.1860644902029336,1.2196284134871147,1.1589882485974623,0.6277864178330741,0.7054794520547946,0.734065934065934,100.0,100.0,5332,2024,11442,97,0,11442,0.018192048012003,0.0,1.0,0.15000000000000002,0.8,0.9,0.1,25.0,70.0,70.0,0.15000000000000002,0.8,0.8,0.2,25.0,60.0,80.0,2320,884,1436,2320,0.6189655172413793,1.7327018410294555,1.5,1.1551345606863037,635,0.7183257918552036,1.0,1
"iteration_5","SCOPE_DATA_COLLECTION",1600,49,3010.0,3070.0,0,9914,6328,2320,10022,6462,2314,3914,2463,889,5997,3878,1436,0.6050852588033498,0.6115754612837092,0.6176344086021506,0.6005188570438227,1.224365681189594,1.7257817384492318,1.2010377140876454,1.224365681189594,1.1505211589661546,0.6382217680122637,0.7222898903775883,0.7142857142857143,97.5,100.0,5463,1926,11173,135,3,11173,0.02471169686985173,0.001557632398753894,1.0,0.15000000000000002,0.8,0.8,0.2,25.0,60.0,80.0,0.15000000000000002,0.9,0.8,0.1,20.0,50.0,70.0,9844,3975,5869,9844,0.596200731409996,0.5975480879886632,0.5,1.1950961759773264,2480,0.6238993710691824,1.0,1
"iteration_5","SCOPE_DATA_COLLECTION",1600,49,3010.0,3070.0,1,9914,6328,2320,10022,6462,2314,3914,2463,889,5997,3878,1436,0.6050852588033498,0.6115754612837092,0.6176344086021506,0.6005188570438227,1.224365681189594,1.7257817384492318,1.2010377140876454,1.224365681189594,1.1505211589661546,0.6382217680122637,0.7222898903775883,0.7142857142857143,97.5,100.0,5463,1926,11173,135,3,11173,0.02471169686985173,0.001557632398753894,1.0,0.15000000000000002,0.8,0.8,0.2,25.0,60.0,80.0,0.15000000000000002,0.9,0.8,0.1,20.0,50.0,70.0,6235,2486,3749,6235,0.6012830793905373,1.1795726239333413,1.0,1.1795726239333413,1770,0.7119871279163315,1.0,1
"iteration_5","SCOPE_DATA_COLLECTION",1600,49,3010.0,3070.0,2,9914,6328,2320,10022,6462,2314,3914,2463,889,5997,3878,1436,0.6050852588033498,0.6115754612837092,0.6176344086021506,0.6005188570438227,1.224365681189594,1.7257817384492318,1.2010377140876454,1.224365681189594,1.1505211589661546,0.6382217680122637,0.7222898903775883,0.7142857142857143,97.5,100.0,5463,1926,11173,135,3,11173,0.02471169686985173,0.001557632398753894,1.0,0.15000000000000002,0.8,0.8,0.2,25.0,60.0,80.0,0.15000000000000002,0.9,0.8,0.1,20.0,50.0,70.0,2243,840,1403,2243,0.6255015604101649,1.753679278547095,1.5,1.1691195190313965,634,0.7547619047619047,1.0,1
"iteration_5","SCOPE_DATA_COLLECTION",1600,50,3070.0,3130.0,0,9844,6235,2243,9914,6328,2320,3972,2493,838,5869,3749,1403,0.5963824814551367,0.600608779237424,0.6260597947344936,0.5987158172154792,1.1818368765563796,1.7594330293390508,1.1974316344309583,1.1818368765563796,1.1729553528927006,0.6248741188318228,0.712795828319294,0.7565632458233891,97.5,100.0,5453,1930,10939,79,3,10939,0.014487438107463781,0.0015544041450777201,1.0,0.15000000000000002,0.9,0.8,0.1,20.0,50.0,70.0,0.15000000000000002,0.9,0.9,0.1,30.0,50.0,70.0,9963,3917,6046,9963,0.6068453277125364,0.6038756304724548,0.5,1.2077512609449097,2442,0.6234363032933368,1.0,1
"iteration_5","SCOPE_DATA_COLLECTION",1600,50,3070.0,3130.0,1,9844,6235,2243,9914,6328,2320,3972,2493,838,5869,3749,1403,0.5963824814551367,0.600608779237424,0.6260597947344936,0.5987158172154792,1.1818368765563796,1.7594330293390508,1.1974316344309583,1.1818368765563796,1.1729553528927006,0.6248741188318228,0.712795828319294,0.7565632458233891,97.5,100.0,5453,1930,10939,79,3,10939,0.014487438107463781,0.0015544041450777201,1.0,0.15000000000000002,0.9,0.8,0.1,20.0,50.0,70.0,0.15000000000000002,0.9,0.9,0.1,30.0,50.0,70.0,6457,2448,4009,6457,0.6208765680656652,1.2137182860091564,1.0,1.2137182860091564,1772,0.7238562091503268,1.0,1
"iteration_5","SCOPE_DATA_COLLECTION",1600,50,3070.0,3130.0,2,9844,6235,2243,9914,6328,2320,3972,2493,838,5869,3749,1403,0.5963824814551367,0.600608779237424,0.6260597947344936,0.5987158172154792,1.1818368765563796,1.7594330293390508,1.1974316344309583,1.1818368765563796,1.1729553528927006,0.6248741188318228,0.712795828319294,0.7565632458233891,97.5,100.0,5453,1930,10939,79,3,10939,0.014487438107463781,0.0015544041450777201,1.0,0.15000000000000002,0.9,0.8,0.1,20.0,50.0,70.0,0.15000000000000002,0.9,0.9,0.1,30.0,50.0,70.0,2272,883,1389,2272,0.6113556338028169,1.7369620915550017,1.5,1.1579747277033345,653,0.739524348810872,1.0,1
"iteration_5","SCOPE_DATA_COLLECTION",1600,51,3130.0,3190.0,0,9963,6457,2272,9844,6235,2243,3937,2432,881,6046,4009,1389,0.6056295702694581,0.6224188790560472,0.6118942731277534,0.6041307003845598,1.209877314312499,1.7320960760838682,1.2082614007691197,1.209877314312499,1.1547307173892454,0.6240792481584964,0.7208059210526315,0.7377979568671964,95.0,100.0,5424,1936,11332,111,1,11332,0.020464601769911505,5.165289256198347E-4,1.0,0.15000000000000002,0.9,0.9,0.1,30.0,50.0,70.0,0.8500000000000001,0.9,0.4,0.9,70.0,95.0,30.0,9928,8771,1157,9928,0.11653908138597904,0.3782278163649936,0.5,0.7564556327299872,2637,0.3006498688861019,1.0,1
"iteration_5","SCOPE_DATA_COLLECTION",1600,51,3130.0,3190.0,1,9963,6457,2272,9844,6235,2243,3937,2432,881,6046,4009,1389,0.6056295702694581,0.6224188790560472,0.6118942731277534,0.6041307003845598,1.209877314312499,1.7320960760838682,1.2082614007691197,1.209877314312499,1.1547307173892454,0.6240792481584964,0.7208059210526315,0.7377979568671964,95.0,100.0,5424,1936,11332,111,1,11332,0.020464601769911505,5.165289256198347E-4,1.0,0.15000000000000002,0.9,0.9,0.1,30.0,50.0,70.0,0.8500000000000001,0.9,0.4,0.9,70.0,95.0,30.0,6551,5716,835,6551,0.1274614562662189,0.6964666896193297,1.0,0.6964666896193297,1854,0.32435269419174245,1.0,1
"iteration_5","SCOPE_DATA_COLLECTION",1600,51,3130.0,3190.0,2,9963,6457,2272,9844,6235,2243,3937,2432,881,6046,4009,1389,0.6056295702694581,0.6224188790560472,0.6118942731277534,0.6041307003845598,1.209877314312499,1.7320960760838682,1.2082614007691197,1.209877314312499,1.1547307173892454,0.6240792481584964,0.7208059210526315,0.7377979568671964,95.0,100.0,5424,1936,11332,111,1,11332,0.020464601769911505,5.165289256198347E-4,1.0,0.15000000000000002,0.9,0.9,0.1,30.0,50.0,70.0,0.8500000000000001,0.9,0.4,0.9,70.0,95.0,30.0,2248,1922,326,2248,0.14501779359430605,1.0731632684373655,1.5,0.7154421789582437,621,0.3231009365244537,1.0,1
"iteration_5","SCOPE_DATA_COLLECTION",1600,52,3190.0,3250.0,0,9928,6551,2248,9963,6457,2272,8765,5703,1924,1157,835,326,0.11660955452529732,0.12771489752217804,0.1448888888888889,0.378270422805704,0.6961911910424118,1.0730444800317243,0.756540845611408,0.6961911910424118,0.7153629866878162,0.30051340559041645,0.32474136419428373,0.32432432432432434,100.0,100.0,5621,11101,2005,204,2100,14,0.03629247464863903,0.18917214665345464,0.006982543640897756,0.8500000000000001,0.9,0.4,0.9,70.0,95.0,30.0,0.8500000000000001,0.8,0.30000000000000004,0.8,70.0,85.0,30.0,9997,9241,756,9997,0.07562268680604181,0.4205547881955374,0.5,0.8411095763910748,2848,0.30819175413916244,1.0,1
"iteration_5","SCOPE_DATA_COLLECTION",1600,52,3190.0,3250.0,1,9928,6551,2248,9963,6457,2272,8765,5703,1924,1157,835,326,0.11660955452529732,0.12771489752217804,0.1448888888888889,0.378270422805704,0.6961911910424118,1.0730444800317243,0.756540845611408,0.6961911910424118,0.7153629866878162,0.30051340559041645,0.32474136419428373,0.32432432432432434,100.0,100.0,5621,11101,2005,204,2100,14,0.03629247464863903,0.18917214665345464,0.006982543640897756,0.8500000000000001,0.9,0.4,0.9,70.0,95.0,30.0,0.8500000000000001,0.8,0.30000000000000004,0.8,70.0,85.0,30.0,6293,5816,477,6293,0.0757985062768155,0.7119283777748756,1.0,0.7119283777748756,1890,0.3249656121045392,1.0,1
"iteration_5","SCOPE_DATA_COLLECTION",1600,52,3190.0,3250.0,2,9928,6551,2248,9963,6457,2272,8765,5703,1924,1157,835,326,0.11660955452529732,0.12771489752217804,0.1448888888888889,0.378270422805704,0.6961911910424118,1.0730444800317243,0.756540845611408,0.6961911910424118,0.7153629866878162,0.30051340559041645,0.32474136419428373,0.32432432432432434,100.0,100.0,5621,11101,2005,204,2100,14,0.03629247464863903,0.18917214665345464,0.006982543640897756,0.8500000000000001,0.9,0.4,0.9,70.0,95.0,30.0,0.8500000000000001,0.8,0.30000000000000004,0.8,70.0,85.0,30.0,2322,2089,233,2322,0.10034453057708871,1.0510439024665026,1.5,0.7006959349776684,636,0.3044518908568693,1.0,1
"iteration_5","SCOPE_DATA_COLLECTION",1600,53,3250.0,3310.0,0,9997,6293,2322,9928,6551,2248,9213,5801,2088,756,477,233,0.07583508877520313,0.07597961134119147,0.1003877638948729,0.41963067398743825,0.7118285263497934,1.053235071999976,0.8392613479748765,0.7118285263497934,0.7021567146666506,0.3072831868012591,0.3245992070332701,0.30507662835249044,100.0,100.0,5656,10979,1977,149,1317,0,0.026343705799151344,0.119956280171236,0.0,0.8500000000000001,0.8,0.30000000000000004,0.8,70.0,85.0,30.0,0.75,0.30000000000000004,0.8,0.5,70.0,40.0,60.0,9772,9605,167,9772,0.017089643880474827,0.32205103235133625,0.5,0.6441020647026725,2486,0.25882352941176473,1.0,1
"iteration_5","SCOPE_DATA_COLLECTION",1600,53,3250.0,3310.0,1,9997,6293,2322,9928,6551,2248,9213,5801,2088,756,477,233,0.07583508877520313,0.07597961134119147,0.1003877638948729,0.41963067398743825,0.7118285263497934,1.053235071999976,0.8392613479748765,0.7118285263497934,0.7021567146666506,0.3072831868012591,0.3245992070332701,0.30507662835249044,100.0,100.0,5656,10979,1977,149,1317,0,0.026343705799151344,0.119956280171236,0.0,0.8500000000000001,0.8,0.30000000000000004,0.8,70.0,85.0,30.0,0.75,0.30000000000000004,0.8,0.5,70.0,40.0,60.0,6209,6023,186,6209,0.029956514736672574,0.6494753492563892,1.0,0.6494753492563892,1763,0.29271127345176823,1.0,1
"iteration_5","SCOPE_DATA_COLLECTION",1600,53,3250.0,3310.0,2,9997,6293,2322,9928,6551,2248,9213,5801,2088,756,477,233,0.07583508877520313,0.07597961134119147,0.1003877638948729,0.41963067398743825,0.7118285263497934,1.053235071999976,0.8392613479748765,0.7118285263497934,0.7021567146666506,0.3072831868012591,0.3245992070332701,0.30507662835249044,100.0,100.0,5656,10979,1977,149,1317,0,0.026343705799151344,0.119956280171236,0.0,0.8500000000000001,0.8,0.30000000000000004,0.8,70.0,85.0,30.0,0.75,0.30000000000000004,0.8,0.5,70.0,40.0,60.0,2352,2228,124,2352,0.05272108843537415,0.992053257551665,1.5,0.6613688383677766,667,0.2993716337522442,1.0,1
"iteration_5","SCOPE_DATA_COLLECTION",1600,54,3310.0,3370.0,0,9772,6209,2352,9997,6293,2322,9634,6043,2216,167,186,124,0.01703907764513825,0.029860330711189598,0.05299145299145299,0.3239806597721971,0.6521244902092187,0.9861277344956891,0.6479613195443942,0.6521244902092187,0.6574184896637928,0.2608470002075981,0.2945556842627834,0.2964801444043321,100.0,100.0,5579,9586,3168,213,227,37,0.0381788851048575,0.02368036720216983,0.01167929292929293,0.75,0.30000000000000004,0.8,0.5,70.0,40.0,60.0,0.75,0.30000000000000004,0.8,0.5,70.0,40.0,60.0,10032,9897,135,10032,0.013456937799043063,0.3175947997872403,0.5,0.6351895995744806,2528,0.2554309386682833,1.0,1
"iteration_5","SCOPE_DATA_COLLECTION",1600,54,3310.0,3370.0,1,9772,6209,2352,9997,6293,2322,9634,6043,2216,167,186,124,0.01703907764513825,0.029860330711189598,0.05299145299145299,0.3239806597721971,0.6521244902092187,0.9861277344956891,0.6479613195443942,0.6521244902092187,0.6574184896637928,0.2608470002075981,0.2945556842627834,0.2964801444043321,100.0,100.0,5579,9586,3168,213,227,37,0.0381788851048575,0.02368036720216983,0.01167929292929293,0.75,0.30000000000000004,0.8,0.5,70.0,40.0,60.0,0.75,0.30000000000000004,0.8,0.5,70.0,40.0,60.0,6413,6258,155,6413,0.024169655387494153,0.6340841333337228,1.0,0.6340841333337228,1792,0.28635346756152125,1.0,1
"iteration_5","SCOPE_DATA_COLLECTION",1600,54,3310.0,3370.0,2,9772,6209,2352,9997,6293,2322,9634,6043,2216,167,186,124,0.01703907764513825,0.029860330711189598,0.05299145299145299,0.3239806597721971,0.6521244902092187,0.9861277344956891,0.6479613195443942,0.6521244902092187,0.6574184896637928,0.2608470002075981,0.2945556842627834,0.2964801444043321,100.0,100.0,5579,9586,3168,213,227,37,0.0381788851048575,0.02368036720216983,0.01167929292929293,0.75,0.30000000000000004,0.8,0.5,70.0,40.0,60.0,0.75,0.30000000000000004,0.8,0.5,70.0,40.0,60.0,2255,2141,114,2255,0.05055432372505543,0.985523687037143,1.5,0.6570157913580953,643,0.3003269500233536,1.0,1
"iteration_5","SCOPE_DATA_COLLECTION",1600,55,3370.0,3430.0,0,10032,6413,2255,9772,6209,2352,9881,6239,2147,135,155,114,0.013478434504792332,0.024241476384110103,0.05042016806722689,0.317523870193411,0.6334683556449658,0.9910221052981815,0.635047740386822,0.6334683556449658,0.660681403532121,0.25635057180447324,0.2867446706202917,0.3032137866790871,100.0,100.0,5680,9853,3167,213,157,34,0.0375,0.015934233228458338,0.0107357120303126,0.75,0.30000000000000004,0.8,0.5,70.0,40.0,60.0,0.65,0.4,0.9,0.6000000000000001,70.0,40.0,70.0,9963,9003,960,9963,0.09635651912074676,0.35401875680163236,0.5,0.7080375136032647,2605,0.2893479951127402,1.0,1
"iteration_5","SCOPE_DATA_COLLECTION",1600,55,3370.0,3430.0,1,10032,6413,2255,9772,6209,2352,9881,6239,2147,135,155,114,0.013478434504792332,0.024241476384110103,0.05042016806722689,0.317523870193411,0.6334683556449658,0.9910221052981815,0.635047740386822,0.6334683556449658,0.660681403532121,0.25635057180447324,0.2867446706202917,0.3032137866790871,100.0,100.0,5680,9853,3167,213,157,34,0.0375,0.015934233228458338,0.0107357120303126,0.75,0.30000000000000004,0.8,0.5,70.0,40.0,60.0,0.65,0.4,0.9,0.6000000000000001,70.0,40.0,70.0,6310,5604,706,6310,0.11188589540412044,0.6856601046647472,1.0,0.6856601046647472,1791,0.319593147751606,1.0,1
"iteration_5","SCOPE_DATA_COLLECTION",1600,55,3370.0,3430.0,2,10032,6413,2255,9772,6209,2352,9881,6239,2147,135,155,114,0.013478434504792332,0.024241476384110103,0.05042016806722689,0.317523870193411,0.6334683556449658,0.9910221052981815,0.635047740386822,0.6334683556449658,0.660681403532121,0.25635057180447324,0.2867446706202917,0.3032137866790871,100.0,100.0,5680,9853,3167,213,157,34,0.0375,0.015934233228458338,0.0107357120303126,0.75,0.30000000000000004,0.8,0.5,70.0,40.0,60.0,0.65,0.4,0.9,0.6000000000000001,70.0,40.0,70.0,2338,2013,325,2338,0.1390076988879384,1.0353006714881658,1.5,0.6902004476587772,638,0.31693989071038253,1.0,1
"iteration_5","SCOPE_DATA_COLLECTION",1600,56,3430.0,3490.0,0,9963,6310,2338,10032,6413,2255,8981,5591,2003,956,704,321,0.0962060984200463,0.11183478951548849,0.1381239242685026,0.3514559197563277,0.6797128366752577,1.037793674600317,0.7029118395126553,0.6797128366752577,0.6918624497335446,0.28660505511635676,0.3164013593274906,0.3180229655516725,100.0,100.0,5640,8409,4562,178,4,1799,0.03156028368794326,4.7568081817100726E-4,0.3943445857080228,0.65,0.4,0.9,0.6000000000000001,70.0,40.0,70.0,0.65,0.4,0.9,0.6000000000000001,70.0,40.0,70.0,10042,9265,777,10042,0.07737502489543915,0.3722579182382685,0.5,0.744515836476537,2777,0.29973016729627633,1.0,1
"iteration_5","SCOPE_DATA_COLLECTION",1600,56,3430.0,3490.0,1,9963,6310,2338,10032,6413,2255,8981,5591,2003,956,704,321,0.0962060984200463,0.11183478951548849,0.1381239242685026,0.3514559197563277,0.6797128366752577,1.037793674600317,0.7029118395126553,0.6797128366752577,0.6918624497335446,0.28660505511635676,0.3164013593274906,0.3180229655516725,100.0,100.0,5640,8409,4562,178,4,1799,0.03156028368794326,4.7568081817100726E-4,0.3943445857080228,0.65,0.4,0.9,0.6000000000000001,70.0,40.0,70.0,0.65,0.4,0.9,0.6000000000000001,70.0,40.0,70.0,6449,5888,561,6449,0.08699023104357265,0.6999138359348139,1.0,0.6999138359348139,1911,0.32455842391304346,1.0,1
"iteration_5","SCOPE_DATA_COLLECTION",1600,56,3430.0,3490.0,2,9963,6310,2338,10032,6413,2255,8981,5591,2003,956,704,321,0.0962060984200463,0.11183478951548849,0.1381239242685026,0.3514559197563277,0.6797128366752577,1.037793674600317,0.7029118395126553,0.6797128366752577,0.6918624497335446,0.28660505511635676,0.3164013593274906,0.3180229655516725,100.0,100.0,5640,8409,4562,178,4,1799,0.03156028368794326,4.7568081817100726E-4,0.3943445857080228,0.65,0.4,0.9,0.6000000000000001,70.0,40.0,70.0,0.65,0.4,0.9,0.6000000000000001,70.0,40.0,70.0,2254,1987,267,2254,0.11845607808340727,1.0433144180828158,1.5,0.6955429453885439,619,0.31152491192752896,1.0,1
"iteration_5","SCOPE_DATA_COLLECTION",1600,57,3490.0,3550.0,0,10042,6449,2254,9963,6310,2338,9255,5884,1981,781,563,271,0.07781984854523714,0.08732743911897006,0.12033747779751332,0.3650046843364881,0.6973561307612818,1.0170292447859608,0.7300093686729762,0.6973561307612818,0.6780194965239739,0.29810913019989194,0.32477906186267846,0.3043917213528521,100.0,100.0,5812,8408,4525,208,3,1404,0.035788024776324846,3.5680304471931494E-4,0.31027624309392265,0.65,0.4,0.9,0.6000000000000001,70.0,40.0,70.0,0.8500000000000001,0.9,0.4,0.8,75.0,75.0,50.0,9975,8775,1200,9975,0.12030075187969924,0.37860531203510944,0.5,0.7572106240702189,2692,0.3067806267806268,1.0,1
"iteration_5","SCOPE_DATA_COLLECTION",1600,57,3490.0,3550.0,1,10042,6449,2254,9963,6310,2338,9255,5884,1981,781,563,271,0.07781984854523714,0.08732743911897006,0.12033747779751332,0.3650046843364881,0.6973561307612818,1.0170292447859608,0.7300093686729762,0.6973561307612818,0.6780194965239739,0.29810913019989194,0.32477906186267846,0.3043917213528521,100.0,100.0,5812,8408,4525,208,3,1404,0.035788024776324846,3.5680304471931494E-4,0.31027624309392265,0.65,0.4,0.9,0.6000000000000001,70.0,40.0,70.0,0.8500000000000001,0.9,0.4,0.8,75.0,75.0,50.0,6412,5586,826,6412,0.12882096069868995,0.7080838086953037,1.0,0.7080838086953037,1854,0.3319011815252417,1.0,1
"iteration_5","SCOPE_DATA_COLLECTION",1600,57,3490.0,3550.0,2,10042,6449,2254,9963,6310,2338,9255,5884,1981,781,563,271,0.07781984854523714,0.08732743911897006,0.12033747779751332,0.3650046843364881,0.6973561307612818,1.0170292447859608,0.7300093686729762,0.6973561307612818,0.6780194965239739,0.29810913019989194,0.32477906186267846,0.3043917213528521,100.0,100.0,5812,8408,4525,208,3,1404,0.035788024776324846,3.5680304471931494E-4,0.31027624309392265,0.65,0.4,0.9,0.6000000000000001,70.0,40.0,70.0,0.8500000000000001,0.9,0.4,0.8,75.0,75.0,50.0,2336,1993,343,2336,0.1468321917808219,1.0394394553221222,1.5,0.6929596368814148,613,0.3075765178123432,1.0,1
"iteration_5","SCOPE_DATA_COLLECTION",1600,58,3550.0,3619.062370514865,0,9975,6412,2336,10042,6449,2254,8774,5592,2005,1200,826,343,0.120312813314618,0.12870052976004986,0.1460817717206133,0.38824093642171825,0.7167593718284548,1.0640284012602104,0.7764818728434365,0.7167593718284548,0.7093522675068069,0.3105767038978801,0.33476394849785407,0.314214463840399,100.0,100.0,5616,11052,2055,175,2176,18,0.031160968660968662,0.19688744118711546,0.008759124087591242,0.8500000000000001,0.9,0.4,0.8,75.0,75.0,50.0,0.05,0.30000000000000004,0.6000000000000001,0.30000000000000004,20.0,25.0,30.0,8216,2781,5406,8187,0.6603151337486258,0.6333640975478472,0.5,1.2667281950956943,1968,0.7076591154261057,0.9964703018500487,0
"iteration_5","SCOPE_DATA_COLLECTION",1600,58,3550.0,3619.062370514865,1,9975,6412,2336,10042,6449,2254,8774,5592,2005,1200,826,343,0.120312813314618,0.12870052976004986,0.1460817717206133,0.38824093642171825,0.7167593718284548,1.0640284012602104,0.7764818728434365,0.7167593718284548,0.7093522675068069,0.3105767038978801,0.33476394849785407,0.314214463840399,100.0,100.0,5616,11052,2055,175,2176,18,0.031160968660968662,0.19688744118711546,0.008759124087591242,0.8500000000000001,0.9,0.4,0.8,75.0,75.0,50.0,0.05,0.30000000000000004,0.6000000000000001,0.30000000000000004,20.0,25.0,30.0,5258,1671,3534,5205,0.6789625360230548,1.3834568393241395,1.0,1.3834568393241395,1435,0.8587672052663076,0.9899201217192849,0
"iteration_5","SCOPE_DATA_COLLECTION",1600,58,3550.0,3619.062370514865,2,9975,6412,2336,10042,6449,2254,8774,5592,2005,1200,826,343,0.120312813314618,0.12870052976004986,0.1460817717206133,0.38824093642171825,0.7167593718284548,1.0640284012602104,0.7764818728434365,0.7167593718284548,0.7093522675068069,0.3105767038978801,0.33476394849785407,0.314214463840399,100.0,100.0,5616,11052,2055,175,2176,18,0.031160968660968662,0.19688744118711546,0.008759124087591242,0.8500000000000001,0.9,0.4,0.8,75.0,75.0,50.0,0.05,0.30000000000000004,0.6000000000000001,0.30000000000000004,20.0,25.0,30.0,1883,584,1278,1862,0.686358754027927,2.1157580537154446,1.5,1.4105053691436298,516,0.8835616438356164,0.9888475836431226,0
"iteration_5","SCOPE_DATA_COLLECTION",1700,0,70.0,130.0,0,9301,6617,2257,0,0,0,7840,5479,1828,1408,1051,398,0.1522491349480969,0.16094946401225116,0.17879604672057503,0.36695644165800745,0.6908291006929556,1.0529966767419328,0.7339128833160149,0.6908291006929556,0.7019977844946218,0.30293367346938777,0.3199488957839022,0.3304157549234136,100.0,100.0,5438,7704,5033,199,10,2648,0.036594336152997425,0.0012980269989615785,0.5261275581164315,0.6,0.5,0.7,0.4,85.0,80.0,90.0,0.6000000000000001,0.5,0.8,0.5,95.0,90.0,90.0,10022,8393,1629,10022,0.16254240670524844,0.3914195143333667,0.5,0.7828390286667334,2660,0.31693077564637195,1.0,1
"iteration_5","SCOPE_DATA_COLLECTION",1700,0,70.0,130.0,1,9301,6617,2257,0,0,0,7840,5479,1828,1408,1051,398,0.1522491349480969,0.16094946401225116,0.17879604672057503,0.36695644165800745,0.6908291006929556,1.0529966767419328,0.7339128833160149,0.6908291006929556,0.7019977844946218,0.30293367346938777,0.3199488957839022,0.3304157549234136,100.0,100.0,5438,7704,5033,199,10,2648,0.036594336152997425,0.0012980269989615785,0.5261275581164315,0.6,0.5,0.7,0.4,85.0,80.0,90.0,0.6000000000000001,0.5,0.8,0.5,95.0,90.0,90.0,7348,6010,1338,7348,0.18209036472509527,0.7316343314140665,1.0,0.7316343314140665,2088,0.3474209650582363,1.0,1
"iteration_5","SCOPE_DATA_COLLECTION",1700,0,70.0,130.0,2,9301,6617,2257,0,0,0,7840,5479,1828,1408,1051,398,0.1522491349480969,0.16094946401225116,0.17879604672057503,0.36695644165800745,0.6908291006929556,1.0529966767419328,0.7339128833160149,0.6908291006929556,0.7019977844946218,0.30293367346938777,0.3199488957839022,0.3304157549234136,100.0,100.0,5438,7704,5033,199,10,2648,0.036594336152997425,0.0012980269989615785,0.5261275581164315,0.6,0.5,0.7,0.4,85.0,80.0,90.0,0.6000000000000001,0.5,0.8,0.5,95.0,90.0,90.0,2332,1819,513,2332,0.2199828473413379,1.0864070618227069,1.5,0.7242713745484712,615,0.33809785596481584,1.0,1
"iteration_5","SCOPE_DATA_COLLECTION",1700,1,130.0,190.0,0,10022,7348,2332,9301,6617,2257,8386,6021,1823,1629,1338,513,0.16265601597603593,0.18181818181818182,0.21960616438356165,0.39176622697462266,0.7346749405794966,1.0865717467959484,0.7835324539492453,0.7346749405794966,0.7243811645306323,0.3164798473646554,0.3489453579139678,0.33955019199122327,100.0,100.0,5636,8562,5504,215,7,3258,0.03814762242725337,8.17565989254847E-4,0.5919331395348837,0.6000000000000001,0.5,0.8,0.5,95.0,90.0,90.0,0.6000000000000001,0.5,0.8,0.5,95.0,90.0,90.0,9973,8437,1536,9973,0.15401584277549382,0.3919109799442732,0.5,0.7838219598885464,2613,0.30970724191063176,1.0,1
"iteration_5","SCOPE_DATA_COLLECTION",1700,1,130.0,190.0,1,10022,7348,2332,9301,6617,2257,8386,6021,1823,1629,1338,513,0.16265601597603593,0.18181818181818182,0.21960616438356165,0.39176622697462266,0.7346749405794966,1.0865717467959484,0.7835324539492453,0.7346749405794966,0.7243811645306323,0.3164798473646554,0.3489453579139678,0.33955019199122327,100.0,100.0,5636,8562,5504,215,7,3258,0.03814762242725337,8.17565989254847E-4,0.5919331395348837,0.6000000000000001,0.5,0.8,0.5,95.0,90.0,90.0,0.6000000000000001,0.5,0.8,0.5,95.0,90.0,90.0,7201,5921,1280,7201,0.17775308984863214,0.7445879641506096,1.0,0.7445879641506096,2045,0.3453808478297585,1.0,1
"iteration_5","SCOPE_DATA_COLLECTION",1700,1,130.0,190.0,2,10022,7348,2332,9301,6617,2257,8386,6021,1823,1629,1338,513,0.16265601597603593,0.18181818181818182,0.21960616438356165,0.39176622697462266,0.7346749405794966,1.0865717467959484,0.7835324539492453,0.7346749405794966,0.7243811645306323,0.3164798473646554,0.3489453579139678,0.33955019199122327,100.0,100.0,5636,8562,5504,215,7,3258,0.03814762242725337,8.17565989254847E-4,0.5919331395348837,0.6000000000000001,0.5,0.8,0.5,95.0,90.0,90.0,0.6000000000000001,0.5,0.8,0.5,95.0,90.0,90.0,2357,1866,491,2357,0.2083156554942724,1.0579233639175971,1.5,0.7052822426117314,606,0.3247588424437299,1.0,1
"iteration_5","SCOPE_DATA_COLLECTION",1700,2,190.0,250.0,0,9973,7201,2357,10022,7348,2332,8464,5926,1858,1536,1280,490,0.1536,0.17762975298362477,0.20868824531516184,0.3920059784072443,0.7439275326581382,1.056348395879852,0.7840119568144887,0.7439275326581382,0.7042322639199013,0.31049149338374293,0.34542693216334797,0.3234660925726588,97.5,100.0,5692,8347,5492,203,5,3098,0.03566408995080815,5.990176111177668E-4,0.5640932265112891,0.6000000000000001,0.5,0.8,0.5,95.0,90.0,90.0,0.6000000000000001,0.6000000000000001,0.7000000000000001,0.4,95.0,95.0,90.0,10032,7453,2579,10032,0.2570773524720893,0.43146824952339186,0.5,0.8629364990467837,2639,0.3540856031128405,1.0,1
"iteration_5","SCOPE_DATA_COLLECTION",1700,2,190.0,250.0,1,9973,7201,2357,10022,7348,2332,8464,5926,1858,1536,1280,490,0.1536,0.17762975298362477,0.20868824531516184,0.3920059784072443,0.7439275326581382,1.056348395879852,0.7840119568144887,0.7439275326581382,0.7042322639199013,0.31049149338374293,0.34542693216334797,0.3234660925726588,97.5,100.0,5692,8347,5492,203,5,3098,0.03566408995080815,5.990176111177668E-4,0.5640932265112891,0.6000000000000001,0.5,0.8,0.5,95.0,90.0,90.0,0.6000000000000001,0.6000000000000001,0.7000000000000001,0.4,95.0,95.0,90.0,7240,5241,1999,7240,0.2761049723756906,0.819145528912217,1.0,0.819145528912217,2068,0.3945811867964129,1.0,1
"iteration_5","SCOPE_DATA_COLLECTION",1700,2,190.0,250.0,2,9973,7201,2357,10022,7348,2332,8464,5926,1858,1536,1280,490,0.1536,0.17762975298362477,0.20868824531516184,0.3920059784072443,0.7439275326581382,1.056348395879852,0.7840119568144887,0.7439275326581382,0.7042322639199013,0.31049149338374293,0.34542693216334797,0.3234660925726588,97.5,100.0,5692,8347,5492,203,5,3098,0.03566408995080815,5.990176111177668E-4,0.5640932265112891,0.6000000000000001,0.5,0.8,0.5,95.0,90.0,90.0,0.6000000000000001,0.6000000000000001,0.7000000000000001,0.4,95.0,95.0,90.0,2348,1688,660,2348,0.28109028960817717,1.1221364458322993,1.5,0.7480909638881995,610,0.3613744075829384,1.0,1
"iteration_5","SCOPE_DATA_COLLECTION",1700,3,250.0,310.0,0,10032,7240,2348,9973,7201,2357,7419,5234,1683,2579,1998,660,0.25795159031806364,0.2762721238938053,0.28169014084507044,0.4105851239981722,0.8009579531257373,1.1018910185583335,0.8211702479963444,0.8009579531257373,0.7345940123722223,0.35085591050006737,0.39281620175773785,0.35769459298871065,100.0,100.0,5690,8184,5746,211,10,5016,0.037082601054481544,0.0012218963831867058,0.8729550991994431,0.6000000000000001,0.6000000000000001,0.7000000000000001,0.4,95.0,95.0,90.0,0.6000000000000001,0.6000000000000001,0.7000000000000001,0.4,95.0,95.0,90.0,9933,7247,2686,9933,0.2704117587838518,0.4029210283406174,0.5,0.8058420566812348,2592,0.3576652407892921,1.0,1
"iteration_5","SCOPE_DATA_COLLECTION",1700,3,250.0,310.0,1,10032,7240,2348,9973,7201,2357,7419,5234,1683,2579,1998,660,0.25795159031806364,0.2762721238938053,0.28169014084507044,0.4105851239981722,0.8009579531257373,1.1018910185583335,0.8211702479963444,0.8009579531257373,0.7345940123722223,0.35085591050006737,0.39281620175773785,0.35769459298871065,100.0,100.0,5690,8184,5746,211,10,5016,0.037082601054481544,0.0012218963831867058,0.8729550991994431,0.6000000000000001,0.6000000000000001,0.7000000000000001,0.4,95.0,95.0,90.0,0.6000000000000001,0.6000000000000001,0.7000000000000001,0.4,95.0,95.0,90.0,7527,5460,2067,7527,0.27461139896373055,0.7540883033542649,1.0,0.7540883033542649,2022,0.37032967032967035,1.0,1
"iteration_5","SCOPE_DATA_COLLECTION",1700,3,250.0,310.0,2,10032,7240,2348,9973,7201,2357,7419,5234,1683,2579,1998,660,0.25795159031806364,0.2762721238938053,0.28169014084507044,0.4105851239981722,0.8009579531257373,1.1018910185583335,0.8211702479963444,0.8009579531257373,0.7345940123722223,0.35085591050006737,0.39281620175773785,0.35769459298871065,100.0,100.0,5690,8184,5746,211,10,5016,0.037082601054481544,0.0012218963831867058,0.8729550991994431,0.6000000000000001,0.6000000000000001,0.7000000000000001,0.4,95.0,95.0,90.0,0.6000000000000001,0.6000000000000001,0.7000000000000001,0.4,95.0,95.0,90.0,2341,1654,687,2341,0.2934643314822725,1.1018330945559045,1.5,0.734555396370603,595,0.3597339782345828,1.0,1
"iteration_5","SCOPE_DATA_COLLECTION",1700,4,310.0,370.0,0,9933,7527,2341,10032,7240,2348,7291,5467,1668,2686,2068,688,0.26921920416959005,0.27445255474452557,0.2920203735144312,0.42499472179630576,0.7731767233228304,1.1257025806370369,0.8499894435926115,0.7731767233228304,0.7504683870913579,0.36113016047181457,0.37296506310590816,0.3645083932853717,100.0,100.0,5644,8415,5742,193,6,5243,0.03419560595322466,7.1301247771836E-4,0.9130964820619993,0.6000000000000001,0.6000000000000001,0.7000000000000001,0.4,95.0,95.0,90.0,0.6000000000000001,0.5,0.8,0.30000000000000004,95.0,95.0,90.0,10022,7650,2372,10022,0.23667930552783875,0.40752991701163715,0.5,0.8150598340232743,2603,0.3402614379084967,1.0,1
"iteration_5","SCOPE_DATA_COLLECTION",1700,4,310.0,370.0,1,9933,7527,2341,10032,7240,2348,7291,5467,1668,2686,2068,688,0.26921920416959005,0.27445255474452557,0.2920203735144312,0.42499472179630576,0.7731767233228304,1.1257025806370369,0.8499894435926115,0.7731767233228304,0.7504683870913579,0.36113016047181457,0.37296506310590816,0.3645083932853717,100.0,100.0,5644,8415,5742,193,6,5243,0.03419560595322466,7.1301247771836E-4,0.9130964820619993,0.6000000000000001,0.6000000000000001,0.7000000000000001,0.4,95.0,95.0,90.0,0.6000000000000001,0.5,0.8,0.30000000000000004,95.0,95.0,90.0,7228,5493,1735,7228,0.2400387382401771,0.7807821188864105,1.0,0.7807821188864105,2055,0.3741125068268706,1.0,1
"iteration_5","SCOPE_DATA_COLLECTION",1700,4,310.0,370.0,2,9933,7527,2341,10032,7240,2348,7291,5467,1668,2686,2068,688,0.26921920416959005,0.27445255474452557,0.2920203735144312,0.42499472179630576,0.7731767233228304,1.1257025806370369,0.8499894435926115,0.7731767233228304,0.7504683870913579,0.36113016047181457,0.37296506310590816,0.3645083932853717,100.0,100.0,5644,8415,5742,193,6,5243,0.03419560595322466,7.1301247771836E-4,0.9130964820619993,0.6000000000000001,0.6000000000000001,0.7000000000000001,0.4,95.0,95.0,90.0,0.6000000000000001,0.5,0.8,0.30000000000000004,95.0,95.0,90.0,2313,1708,605,2313,0.26156506701253784,1.129052227969775,1.5,0.7527014853131834,629,0.36826697892271665,1.0,1
"iteration_5","SCOPE_DATA_COLLECTION",1700,5,370.0,430.0,0,10022,7228,2313,9933,7527,2341,7631,5500,1703,2372,1735,605,0.23712886134159752,0.2398064961990325,0.2621317157712305,0.4066371795453789,0.7783830615859252,1.1214372238080785,0.8132743590907578,0.7783830615859252,0.7476248158720523,0.3391429694666492,0.3738181818181818,0.3646506165590135,100.0,100.0,5645,8383,5535,174,8,4530,0.030823737821080603,9.543122986997495E-4,0.8184281842818428,0.6000000000000001,0.5,0.8,0.30000000000000004,95.0,95.0,90.0,0.5,0.2,0.9,0.9,45.0,55.0,55.0,10254,6662,3592,10254,0.3503023210454457,0.3976825196855918,0.5,0.7953650393711836,2490,0.37376163314320027,1.0,1
"iteration_5","SCOPE_DATA_COLLECTION",1700,5,370.0,430.0,1,10022,7228,2313,9933,7527,2341,7631,5500,1703,2372,1735,605,0.23712886134159752,0.2398064961990325,0.2621317157712305,0.4066371795453789,0.7783830615859252,1.1214372238080785,0.8132743590907578,0.7783830615859252,0.7476248158720523,0.3391429694666492,0.3738181818181818,0.3646506165590135,100.0,100.0,5645,8383,5535,174,8,4530,0.030823737821080603,9.543122986997495E-4,0.8184281842818428,0.6000000000000001,0.5,0.8,0.30000000000000004,95.0,95.0,90.0,0.5,0.2,0.9,0.9,45.0,55.0,55.0,7036,4483,2553,7036,0.3628482092097783,0.839080899817235,1.0,0.839080899817235,1981,0.4418915904528218,1.0,1
"iteration_5","SCOPE_DATA_COLLECTION",1700,5,370.0,430.0,2,10022,7228,2313,9933,7527,2341,7631,5500,1703,2372,1735,605,0.23712886134159752,0.2398064961990325,0.2621317157712305,0.4066371795453789,0.7783830615859252,1.1214372238080785,0.8132743590907578,0.7783830615859252,0.7476248158720523,0.3391429694666492,0.3738181818181818,0.3646506165590135,100.0,100.0,5645,8383,5535,174,8,4530,0.030823737821080603,9.543122986997495E-4,0.8184281842818428,0.6000000000000001,0.5,0.8,0.30000000000000004,95.0,95.0,90.0,0.5,0.2,0.9,0.9,45.0,55.0,55.0,2344,1419,925,2344,0.3946245733788396,1.2272465092264182,1.5,0.8181643394842788,602,0.42424242424242425,1.0,1
"iteration_5","SCOPE_DATA_COLLECTION",1700,6,430.0,490.0,0,10254,7036,2344,10022,7228,2313,6657,4475,1425,3592,2553,925,0.3504732168992097,0.3632612407512806,0.39361702127659576,0.3973109938109269,0.8365559951343321,1.2331003092803523,0.7946219876218538,0.8365559951343321,0.8220668728535682,0.37359170797656605,0.4397765363128492,0.4280701754385965,100.0,100.0,5924,6873,6837,230,3,6837,0.03882511816340311,4.3649061545176777E-4,1.0,0.5,0.2,0.9,0.9,45.0,55.0,55.0,0.65,0.4,0.4,0.9,50.0,35.0,60.0,10046,8536,1510,10046,0.150308580529564,0.3801573756691127,0.5,0.7603147513382253,2672,0.31302717900656046,1.0,1
"iteration_5","SCOPE_DATA_COLLECTION",1700,6,430.0,490.0,1,10254,7036,2344,10022,7228,2313,6657,4475,1425,3592,2553,925,0.3504732168992097,0.3632612407512806,0.39361702127659576,0.3973109938109269,0.8365559951343321,1.2331003092803523,0.7946219876218538,0.8365559951343321,0.8220668728535682,0.37359170797656605,0.4397765363128492,0.4280701754385965,100.0,100.0,5924,6873,6837,230,3,6837,0.03882511816340311,4.3649061545176777E-4,1.0,0.5,0.2,0.9,0.9,45.0,55.0,55.0,0.65,0.4,0.4,0.9,50.0,35.0,60.0,7296,6106,1190,7296,0.1631030701754386,0.713668246894973,1.0,0.713668246894973,2044,0.33475270226007203,1.0,1
"iteration_5","SCOPE_DATA_COLLECTION",1700,6,430.0,490.0,2,10254,7036,2344,10022,7228,2313,6657,4475,1425,3592,2553,925,0.3504732168992097,0.3632612407512806,0.39361702127659576,0.3973109938109269,0.8365559951343321,1.2331003092803523,0.7946219876218538,0.8365559951343321,0.8220668728535682,0.37359170797656605,0.4397765363128492,0.4280701754385965,100.0,100.0,5924,6873,6837,230,3,6837,0.03882511816340311,4.3649061545176777E-4,1.0,0.5,0.2,0.9,0.9,45.0,55.0,55.0,0.65,0.4,0.4,0.9,50.0,35.0,60.0,2364,1895,469,2364,0.19839255499153977,1.059774069333961,1.5,0.7065160462226406,609,0.32137203166226913,1.0,1
"iteration_5","SCOPE_DATA_COLLECTION",1700,7,490.0,550.0,0,10046,7296,2364,10254,7036,2344,8528,6108,1877,1510,1190,469,0.15042837218569435,0.16305837215675528,0.1999147485080989,0.38006034941450123,0.7162962209958482,1.0549106201166027,0.7601206988290025,0.7162962209958482,0.7032737467444018,0.3126172607879925,0.33628028814669286,0.3196590303676079,100.0,100.0,5683,9081,4942,186,66,2917,0.032729192327995774,0.00726792203501817,0.5902468636179684,0.65,0.4,0.4,0.9,50.0,35.0,60.0,0.65,0.4,0.5,0.9,60.0,25.0,60.0,10170,8634,1536,10170,0.15103244837758112,0.39743958965497056,0.5,0.7948791793099411,2691,0.31167477414871436,1.0,1
"iteration_5","SCOPE_DATA_COLLECTION",1700,7,490.0,550.0,1,10046,7296,2364,10254,7036,2344,8528,6108,1877,1510,1190,469,0.15042837218569435,0.16305837215675528,0.1999147485080989,0.38006034941450123,0.7162962209958482,1.0549106201166027,0.7601206988290025,0.7162962209958482,0.7032737467444018,0.3126172607879925,0.33628028814669286,0.3196590303676079,100.0,100.0,5683,9081,4942,186,66,2917,0.032729192327995774,0.00726792203501817,0.5902468636179684,0.65,0.4,0.4,0.9,50.0,35.0,60.0,0.65,0.4,0.5,0.9,60.0,25.0,60.0,7378,6204,1174,7378,0.1591217132014096,0.736476627960566,1.0,0.736476627960566,2041,0.32898130238555773,1.0,1
"iteration_5","SCOPE_DATA_COLLECTION",1700,7,490.0,550.0,2,10046,7296,2364,10254,7036,2344,8528,6108,1877,1510,1190,469,0.15042837218569435,0.16305837215675528,0.1999147485080989,0.38006034941450123,0.7162962209958482,1.0549106201166027,0.7601206988290025,0.7162962209958482,0.7032737467444018,0.3126172607879925,0.33628028814669286,0.3196590303676079,100.0,100.0,5683,9081,4942,186,66,2917,0.032729192327995774,0.00726792203501817,0.5902468636179684,0.65,0.4,0.4,0.9,50.0,35.0,60.0,0.65,0.4,0.5,0.9,60.0,25.0,60.0,2309,1876,433,2309,0.18752706799480295,1.063264243890693,1.5,0.7088428292604619,599,0.31929637526652455,1.0,1
"iteration_5","SCOPE_DATA_COLLECTION",1700,8,550.0,610.0,0,10170,7378,2309,10046,7296,2364,8648,6206,1893,1532,1170,428,0.1504911591355599,0.15862255965292843,0.18440327445066781,0.3975658534297353,0.7375228759954073,1.0686218137327093,0.7951317068594707,0.7375228759954073,0.7124145424884728,0.31232654949121186,0.3287141475990977,0.32118330692023245,100.0,100.0,5686,9151,5020,219,10,2901,0.038515652479774884,0.0010927767457108513,0.5778884462151395,0.65,0.4,0.5,0.9,60.0,25.0,60.0,0.65,0.9,0.7000000000000001,0.9,55.0,50.0,90.0,10026,8367,1659,10026,0.16546977857570316,0.3971742366918988,0.5,0.7943484733837975,2712,0.32413051272857657,1.0,1
"iteration_5","SCOPE_DATA_COLLECTION",1700,8,550.0,610.0,1,10170,7378,2309,10046,7296,2364,8648,6206,1893,1532,1170,428,0.1504911591355599,0.15862255965292843,0.18440327445066781,0.3975658534297353,0.7375228759954073,1.0686218137327093,0.7951317068594707,0.7375228759954073,0.7124145424884728,0.31232654949121186,0.3287141475990977,0.32118330692023245,100.0,100.0,5686,9151,5020,219,10,2901,0.038515652479774884,0.0010927767457108513,0.5778884462151395,0.65,0.4,0.5,0.9,60.0,25.0,60.0,0.65,0.9,0.7000000000000001,0.9,55.0,50.0,90.0,7282,6015,1267,7282,0.17399066190606977,0.7372445992796995,1.0,0.7372445992796995,2043,0.3396508728179551,1.0,1
"iteration_5","SCOPE_DATA_COLLECTION",1700,8,550.0,610.0,2,10170,7378,2309,10046,7296,2364,8648,6206,1893,1532,1170,428,0.1504911591355599,0.15862255965292843,0.18440327445066781,0.3975658534297353,0.7375228759954073,1.0686218137327093,0.7951317068594707,0.7375228759954073,0.7124145424884728,0.31232654949121186,0.3287141475990977,0.32118330692023245,100.0,100.0,5686,9151,5020,219,10,2901,0.038515652479774884,0.0010927767457108513,0.5778884462151395,0.65,0.4,0.5,0.9,60.0,25.0,60.0,0.65,0.9,0.7000000000000001,0.9,55.0,50.0,90.0,2390,1883,507,2390,0.21213389121338913,1.0977287588581044,1.5,0.7318191725720696,642,0.34094530005310675,1.0,1
"iteration_5","SCOPE_DATA_COLLECTION",1700,9,610.0,670.0,0,10026,7282,2390,10170,7378,2309,8318,5966,1866,1663,1271,512,0.16661657148582307,0.17562525908525634,0.21530698065601345,0.389423292067465,0.7274720644893214,1.0914442594166085,0.77884658413493,0.7274720644893214,0.727629506277739,0.3201490742967059,0.33473013744552466,0.3365487674169346,97.5,100.0,5683,8980,5035,277,4,3165,0.0487418616927679,4.4543429844097997E-4,0.6285998013902682,0.65,0.9,0.7000000000000001,0.9,55.0,50.0,90.0,0.55,0.9,0.7000000000000001,0.8,45.0,50.0,80.0,10081,6981,3100,10081,0.3075091756770162,0.4147751307083211,0.5,0.8295502614166422,2586,0.3704340352385045,1.0,1
"iteration_5","SCOPE_DATA_COLLECTION",1700,9,610.0,670.0,1,10026,7282,2390,10170,7378,2309,8318,5966,1866,1663,1271,512,0.16661657148582307,0.17562525908525634,0.21530698065601345,0.389423292067465,0.7274720644893214,1.0914442594166085,0.77884658413493,0.7274720644893214,0.727629506277739,0.3201490742967059,0.33473013744552466,0.3365487674169346,97.5,100.0,5683,8980,5035,277,4,3165,0.0487418616927679,4.4543429844097997E-4,0.6285998013902682,0.65,0.9,0.7000000000000001,0.9,55.0,50.0,90.0,0.55,0.9,0.7000000000000001,0.8,45.0,50.0,80.0,7223,4864,2359,7223,0.3265955973972034,0.8219037888749456,1.0,0.8219037888749456,2011,0.4134457236842105,1.0,1
"iteration_5","SCOPE_DATA_COLLECTION",1700,9,610.0,670.0,2,10026,7282,2390,10170,7378,2309,8318,5966,1866,1663,1271,512,0.16661657148582307,0.17562525908525634,0.21530698065601345,0.389423292067465,0.7274720644893214,1.0914442594166085,0.77884658413493,0.7274720644893214,0.727629506277739,0.3201490742967059,0.33473013744552466,0.3365487674169346,97.5,100.0,5683,8980,5035,277,4,3165,0.0487418616927679,4.4543429844097997E-4,0.6285998013902682,0.65,0.9,0.7000000000000001,0.9,55.0,50.0,90.0,0.55,0.9,0.7000000000000001,0.8,45.0,50.0,80.0,2348,1504,844,2348,0.3594548551959114,1.1709007880011004,1.5,0.780600525334067,591,0.3929521276595745,1.0,1
"iteration_5","SCOPE_DATA_COLLECTION",1700,10,670.0,730.0,0,10081,7223,2348,10026,7282,2390,7043,4920,1520,3100,2359,844,0.30562949817608204,0.3240829784311032,0.3570219966159052,0.42464063322539636,0.8324985758758615,1.1757977297412663,0.8492812664507927,0.8324985758758615,0.7838651531608442,0.37555019167968196,0.4191056910569106,0.39671052631578946,100.0,100.0,5761,7668,6223,264,3,6036,0.045825377538621766,3.912363067292645E-4,0.9699501847983287,0.55,0.9,0.7000000000000001,0.8,45.0,50.0,80.0,0.65,0.9,0.8,0.7000000000000001,35.0,40.0,90.0,10299,8741,1558,10299,0.15127682299252354,0.400696512803353,0.5,0.801393025606706,2751,0.3147237158219883,1.0,1
"iteration_5","SCOPE_DATA_COLLECTION",1700,10,670.0,730.0,1,10081,7223,2348,10026,7282,2390,7043,4920,1520,3100,2359,844,0.30562949817608204,0.3240829784311032,0.3570219966159052,0.42464063322539636,0.8324985758758615,1.1757977297412663,0.8492812664507927,0.8324985758758615,0.7838651531608442,0.37555019167968196,0.4191056910569106,0.39671052631578946,100.0,100.0,5761,7668,6223,264,3,6036,0.045825377538621766,3.912363067292645E-4,0.9699501847983287,0.55,0.9,0.7000000000000001,0.8,45.0,50.0,80.0,0.65,0.9,0.8,0.7000000000000001,35.0,40.0,90.0,7335,6220,1115,7335,0.1520109066121336,0.7456885695505108,1.0,0.7456885695505108,2129,0.3422829581993569,1.0,1
"iteration_5","SCOPE_DATA_COLLECTION",1700,10,670.0,730.0,2,10081,7223,2348,10026,7282,2390,7043,4920,1520,3100,2359,844,0.30562949817608204,0.3240829784311032,0.3570219966159052,0.42464063322539636,0.8324985758758615,1.1757977297412663,0.8492812664507927,0.8324985758758615,0.7838651531608442,0.37555019167968196,0.4191056910569106,0.39671052631578946,100.0,100.0,5761,7668,6223,264,3,6036,0.045825377538621766,3.912363067292645E-4,0.9699501847983287,0.55,0.9,0.7000000000000001,0.8,45.0,50.0,80.0,0.65,0.9,0.8,0.7000000000000001,35.0,40.0,90.0,2293,1893,400,2293,0.17444395987788922,1.0564511413312696,1.5,0.704300760887513,613,0.32382461701003695,1.0,1
"iteration_5","SCOPE_DATA_COLLECTION",1700,11,730.0,790.0,0,10299,7335,2293,10081,7223,2348,8707,6214,1880,1558,1115,400,0.15177788602045786,0.1521353527084186,0.17543859649122806,0.3988158620738749,0.7454040420885844,1.0537165994321471,0.7976317241477499,0.7454040420885844,0.7024777329547648,0.31296657861490756,0.3426134534921146,0.32180851063829785,100.0,100.0,5760,9176,4991,215,5,2853,0.03732638888888889,5.448997384481255E-4,0.5716289320777399,0.65,0.9,0.8,0.7000000000000001,35.0,40.0,90.0,0.7000000000000001,0.6000000000000001,0.7000000000000001,0.1,50.0,70.0,30.0,10120,9260,860,10120,0.08498023715415019,0.3892621339246325,0.5,0.778524267849265,2708,0.29244060475161987,1.0,1
"iteration_5","SCOPE_DATA_COLLECTION",1700,11,730.0,790.0,1,10299,7335,2293,10081,7223,2348,8707,6214,1880,1558,1115,400,0.15177788602045786,0.1521353527084186,0.17543859649122806,0.3988158620738749,0.7454040420885844,1.0537165994321471,0.7976317241477499,0.7454040420885844,0.7024777329547648,0.31296657861490756,0.3426134534921146,0.32180851063829785,100.0,100.0,5760,9176,4991,215,5,2853,0.03732638888888889,5.448997384481255E-4,0.5716289320777399,0.65,0.9,0.8,0.7000000000000001,35.0,40.0,90.0,0.7000000000000001,0.6000000000000001,0.7000000000000001,0.1,50.0,70.0,30.0,7281,6580,701,7281,0.09627798379343497,0.7190328241854184,1.0,0.7190328241854184,2059,0.3129179331306991,1.0,1
"iteration_5","SCOPE_DATA_COLLECTION",1700,11,730.0,790.0,2,10299,7335,2293,10081,7223,2348,8707,6214,1880,1558,1115,400,0.15177788602045786,0.1521353527084186,0.17543859649122806,0.3988158620738749,0.7454040420885844,1.0537165994321471,0.7976317241477499,0.7454040420885844,0.7024777329547648,0.31296657861490756,0.3426134534921146,0.32180851063829785,100.0,100.0,5760,9176,4991,215,5,2853,0.03732638888888889,5.448997384481255E-4,0.5716289320777399,0.65,0.9,0.8,0.7000000000000001,35.0,40.0,90.0,0.7000000000000001,0.6000000000000001,0.7000000000000001,0.1,50.0,70.0,30.0,2336,2101,235,2336,0.10059931506849315,1.000145064536754,1.5,0.666763376357836,621,0.29557353641123274,1.0,1
"iteration_5","SCOPE_DATA_COLLECTION",1700,12,790.0,850.0,0,10120,7281,2336,10299,7335,2293,9226,6548,2109,859,696,233,0.08517600396628656,0.09607951408061845,0.09948761742100769,0.3794219974269541,0.7082837489161192,1.0055977323599095,0.7588439948539082,0.7082837489161192,0.6703984882399396,0.2895079124214177,0.3097128894318876,0.29966808914177334,100.0,100.0,5533,9938,4266,130,163,1495,0.023495391288631845,0.016401690480982088,0.3504453820909517,0.7000000000000001,0.6000000000000001,0.7000000000000001,0.1,50.0,70.0,30.0,0.8,0.5,0.8,0.1,60.0,70.0,30.0,10184,8861,1323,10184,0.12990966221523959,0.4237251688636885,0.5,0.847450337727377,2630,0.2968062295451981,1.0,1
"iteration_5","SCOPE_DATA_COLLECTION",1700,12,790.0,850.0,1,10120,7281,2336,10299,7335,2293,9226,6548,2109,859,696,233,0.08517600396628656,0.09607951408061845,0.09948761742100769,0.3794219974269541,0.7082837489161192,1.0055977323599095,0.7588439948539082,0.7082837489161192,0.6703984882399396,0.2895079124214177,0.3097128894318876,0.29966808914177334,100.0,100.0,5533,9938,4266,130,163,1495,0.023495391288631845,0.016401690480982088,0.3504453820909517,0.7000000000000001,0.6000000000000001,0.7000000000000001,0.1,50.0,70.0,30.0,0.8,0.5,0.8,0.1,60.0,70.0,30.0,7185,6218,967,7185,0.1345859429366736,0.7549304032046413,1.0,0.7549304032046413,1978,0.3181087166291412,1.0,1
"iteration_5","SCOPE_DATA_COLLECTION",1700,12,790.0,850.0,2,10120,7281,2336,10299,7335,2293,9226,6548,2109,859,696,233,0.08517600396628656,0.09607951408061845,0.09948761742100769,0.3794219974269541,0.7082837489161192,1.0055977323599095,0.7588439948539082,0.7082837489161192,0.6703984882399396,0.2895079124214177,0.3097128894318876,0.29966808914177334,100.0,100.0,5533,9938,4266,130,163,1495,0.023495391288631845,0.016401690480982088,0.3504453820909517,0.7000000000000001,0.6000000000000001,0.7000000000000001,0.1,50.0,70.0,30.0,0.8,0.5,0.8,0.1,60.0,70.0,30.0,2370,2030,340,2370,0.14345991561181434,1.053812537075537,1.5,0.7025416913836913,661,0.32561576354679805,1.0,1
"iteration_5","SCOPE_DATA_COLLECTION",1700,13,850.0,910.0,0,10184,7185,2370,10120,7281,2336,8913,6263,2028,1313,957,333,0.12839820066497165,0.13254847645429363,0.14104193138500634,0.4340541950106315,0.7662044593916338,1.0472271685520418,0.868108390021263,0.7662044593916338,0.6981514457013612,0.30057219791316053,0.32157113204534565,0.32051282051282054,100.0,100.0,5450,11420,2869,102,2476,25,0.01871559633027523,0.21681260945709283,0.00871383757406762,0.8,0.5,0.8,0.1,60.0,70.0,30.0,0.7000000000000001,0.6000000000000001,0.7000000000000001,0.1,60.0,80.0,20.0,10063,9362,701,10063,0.06966113485044222,0.3653252254704323,0.5,0.7306504509408646,2642,0.282204657124546,1.0,1
"iteration_5","SCOPE_DATA_COLLECTION",1700,13,850.0,910.0,1,10184,7185,2370,10120,7281,2336,8913,6263,2028,1313,957,333,0.12839820066497165,0.13254847645429363,0.14104193138500634,0.4340541950106315,0.7662044593916338,1.0472271685520418,0.868108390021263,0.7662044593916338,0.6981514457013612,0.30057219791316053,0.32157113204534565,0.32051282051282054,100.0,100.0,5450,11420,2869,102,2476,25,0.01871559633027523,0.21681260945709283,0.00871383757406762,0.8,0.5,0.8,0.1,60.0,70.0,30.0,0.7000000000000001,0.6000000000000001,0.7000000000000001,0.1,60.0,80.0,20.0,7369,6762,607,7369,0.08237209933505224,0.677545708936604,1.0,0.677545708936604,1965,0.2905944986690328,1.0,1
"iteration_5","SCOPE_DATA_COLLECTION",1700,13,850.0,910.0,2,10184,7185,2370,10120,7281,2336,8913,6263,2028,1313,957,333,0.12839820066497165,0.13254847645429363,0.14104193138500634,0.4340541950106315,0.7662044593916338,1.0472271685520418,0.868108390021263,0.7662044593916338,0.6981514457013612,0.30057219791316053,0.32157113204534565,0.32051282051282054,100.0,100.0,5450,11420,2869,102,2476,25,0.01871559633027523,0.21681260945709283,0.00871383757406762,0.8,0.5,0.8,0.1,60.0,70.0,30.0,0.7000000000000001,0.6000000000000001,0.7000000000000001,0.1,60.0,80.0,20.0,2361,2164,197,2361,0.08343922066920796,0.9840056856640215,1.5,0.656003790442681,642,0.2966728280961183,1.0,1
"iteration_5","SCOPE_DATA_COLLECTION",1700,14,910.0,970.0,0,10063,7369,2361,10184,7185,2370,9351,6733,2148,712,622,205,0.0707542482361125,0.08456832087015635,0.08712282192945177,0.36608493706904555,0.6767854461379188,0.9908928281935249,0.7321698741380911,0.6767854461379188,0.6605952187956833,0.28275050796706236,0.2905094311599584,0.30121042830540035,100.0,100.0,5439,10137,4217,98,428,1013,0.018018018018018018,0.04222156456545329,0.2402181645719706,0.7000000000000001,0.6000000000000001,0.7000000000000001,0.1,60.0,80.0,20.0,0.8,0.6000000000000001,0.7000000000000001,0.1,50.0,90.0,20.0,10334,8580,1754,10334,0.16973098509773563,0.40313780769648455,0.5,0.8062756153929691,2694,0.313986013986014,1.0,1
"iteration_5","SCOPE_DATA_COLLECTION",1700,14,910.0,970.0,1,10063,7369,2361,10184,7185,2370,9351,6733,2148,712,622,205,0.0707542482361125,0.08456832087015635,0.08712282192945177,0.36608493706904555,0.6767854461379188,0.9908928281935249,0.7321698741380911,0.6767854461379188,0.6605952187956833,0.28275050796706236,0.2905094311599584,0.30121042830540035,100.0,100.0,5439,10137,4217,98,428,1013,0.018018018018018018,0.04222156456545329,0.2402181645719706,0.7000000000000001,0.6000000000000001,0.7000000000000001,0.1,60.0,80.0,20.0,0.8,0.6000000000000001,0.7000000000000001,0.1,50.0,90.0,20.0,7419,6112,1307,7419,0.17616929505324166,0.7532210719753031,1.0,0.7532210719753031,2003,0.3277159685863874,1.0,1
"iteration_5","SCOPE_DATA_COLLECTION",1700,14,910.0,970.0,2,10063,7369,2361,10184,7185,2370,9351,6733,2148,712,622,205,0.0707542482361125,0.08456832087015635,0.08712282192945177,0.36608493706904555,0.6767854461379188,0.9908928281935249,0.7321698741380911,0.6767854461379188,0.6605952187956833,0.28275050796706236,0.2905094311599584,0.30121042830540035,100.0,100.0,5439,10137,4217,98,428,1013,0.018018018018018018,0.04222156456545329,0.2402181645719706,0.7000000000000001,0.6000000000000001,0.7000000000000001,0.1,60.0,80.0,20.0,0.8,0.6000000000000001,0.7000000000000001,0.1,50.0,90.0,20.0,2333,1866,467,2333,0.20017145306472353,1.070112865273995,1.5,0.71340857684933,593,0.3177920685959271,1.0,1
"iteration_5","SCOPE_DATA_COLLECTION",1700,15,970.0,1030.0,0,10334,7419,2333,10063,7369,2361,8586,6137,1891,1747,1292,457,0.16906996999903223,0.17391304347826086,0.194633730834753,0.40254257084471623,0.753180787936972,1.066510697014021,0.8050851416894325,0.753180787936972,0.7110071313426807,0.3131842534358258,0.32735864428874045,0.31464833421470123,97.5,100.0,5533,11564,2989,110,3350,36,0.019880715705765408,0.28969214804565896,0.012044161927065908,0.8,0.6000000000000001,0.7000000000000001,0.1,50.0,90.0,20.0,0.8,0.6000000000000001,0.7000000000000001,0.1,50.0,90.0,20.0,10216,8444,1772,10216,0.17345340642129992,0.4072753588748895,0.5,0.814550717749779,2849,0.33739933680720036,1.0,1
"iteration_5","SCOPE_DATA_COLLECTION",1700,15,970.0,1030.0,1,10334,7419,2333,10063,7369,2361,8586,6137,1891,1747,1292,457,0.16906996999903223,0.17391304347826086,0.194633730834753,0.40254257084471623,0.753180787936972,1.066510697014021,0.8050851416894325,0.753180787936972,0.7110071313426807,0.3131842534358258,0.32735864428874045,0.31464833421470123,97.5,100.0,5533,11564,2989,110,3350,36,0.019880715705765408,0.28969214804565896,0.012044161927065908,0.8,0.6000000000000001,0.7000000000000001,0.1,50.0,90.0,20.0,0.8,0.6000000000000001,0.7000000000000001,0.1,50.0,90.0,20.0,7421,6136,1285,7421,0.1731572564344428,0.7516086170201693,1.0,0.7516086170201693,1998,0.325619295958279,1.0,1
"iteration_5","SCOPE_DATA_COLLECTION",1700,15,970.0,1030.0,2,10334,7419,2333,10063,7369,2361,8586,6137,1891,1747,1292,457,0.16906996999903223,0.17391304347826086,0.194633730834753,0.40254257084471623,0.753180787936972,1.066510697014021,0.8050851416894325,0.753180787936972,0.7110071313426807,0.3131842534358258,0.32735864428874045,0.31464833421470123,97.5,100.0,5533,11564,2989,110,3350,36,0.019880715705765408,0.28969214804565896,0.012044161927065908,0.8,0.6000000000000001,0.7000000000000001,0.1,50.0,90.0,20.0,0.8,0.6000000000000001,0.7000000000000001,0.1,50.0,90.0,20.0,2421,1998,423,2421,0.17472118959107807,1.0746399062481333,1.5,0.7164266041654223,647,0.3238238238238238,1.0,1
"iteration_5","SCOPE_DATA_COLLECTION",1700,16,1030.0,1090.0,0,10216,7421,2421,10334,7419,2333,8446,6116,1983,1779,1300,434,0.17398533007334963,0.17529665587918014,0.1795614398014067,0.40801238265751727,0.7518611942373205,1.077659129089383,0.8160247653150345,0.7518611942373205,0.7184394193929221,0.33814823585129056,0.3263570961412688,0.32576903681290975,100.0,100.0,5421,11711,2926,119,3394,0,0.02195166943368382,0.2898129963282384,0.0,0.8,0.6000000000000001,0.7000000000000001,0.1,50.0,90.0,20.0,0.8,0.6000000000000001,0.6000000000000001,0.2,50.0,80.0,20.0,10038,8392,1646,10038,0.16397688782626021,0.39643531389853087,0.5,0.7928706277970617,2699,0.3216158245948522,1.0,1
"iteration_5","SCOPE_DATA_COLLECTION",1700,16,1030.0,1090.0,1,10216,7421,2421,10334,7419,2333,8446,6116,1983,1779,1300,434,0.17398533007334963,0.17529665587918014,0.1795614398014067,0.40801238265751727,0.7518611942373205,1.077659129089383,0.8160247653150345,0.7518611942373205,0.7184394193929221,0.33814823585129056,0.3263570961412688,0.32576903681290975,100.0,100.0,5421,11711,2926,119,3394,0,0.02195166943368382,0.2898129963282384,0.0,0.8,0.6000000000000001,0.7000000000000001,0.1,50.0,90.0,20.0,0.8,0.6000000000000001,0.6000000000000001,0.2,50.0,80.0,20.0,7312,6007,1305,7312,0.17847374179431072,0.7386329961373114,1.0,0.7386329961373114,2054,0.341934409855169,1.0,1
"iteration_5","SCOPE_DATA_COLLECTION",1700,16,1030.0,1090.0,2,10216,7421,2421,10334,7419,2333,8446,6116,1983,1779,1300,434,0.17398533007334963,0.17529665587918014,0.1795614398014067,0.40801238265751727,0.7518611942373205,1.077659129089383,0.8160247653150345,0.7518611942373205,0.7184394193929221,0.33814823585129056,0.3263570961412688,0.32576903681290975,100.0,100.0,5421,11711,2926,119,3394,0,0.02195166943368382,0.2898129963282384,0.0,0.8,0.6000000000000001,0.7000000000000001,0.1,50.0,90.0,20.0,0.8,0.6000000000000001,0.6000000000000001,0.2,50.0,80.0,20.0,2355,1889,466,2355,0.19787685774946923,1.0655680815561699,1.5,0.7103787210374466,614,0.3250397035468502,1.0,1
"iteration_5","SCOPE_DATA_COLLECTION",1700,17,1090.0,1150.0,0,10038,7312,2355,10216,7421,2421,8380,6016,1899,1632,1261,432,0.1630043947263284,0.17328569465439053,0.18532818532818532,0.39592984020784205,0.7381163340331913,1.0622754826583123,0.7918596804156841,0.7381163340331913,0.7081836551055415,0.32016706443914084,0.340093085106383,0.32385466034755134,95.0,100.0,5570,11310,2825,134,3191,0,0.02405745062836625,0.2821396993810787,0.0,0.8,0.6000000000000001,0.6000000000000001,0.2,50.0,80.0,20.0,0.8,0.7000000000000001,0.5,0.2,50.0,90.0,20.0,10053,8866,1187,10053,0.11807420670446633,0.3926561314668726,0.5,0.7853122629337452,2686,0.3029551094067223,1.0,1
"iteration_5","SCOPE_DATA_COLLECTION",1700,17,1090.0,1150.0,1,10038,7312,2355,10216,7421,2421,8380,6016,1899,1632,1261,432,0.1630043947263284,0.17328569465439053,0.18532818532818532,0.39592984020784205,0.7381163340331913,1.0622754826583123,0.7918596804156841,0.7381163340331913,0.7081836551055415,0.32016706443914084,0.340093085106383,0.32385466034755134,95.0,100.0,5570,11310,2825,134,3191,0,0.02405745062836625,0.2821396993810787,0.0,0.8,0.6000000000000001,0.6000000000000001,0.2,50.0,80.0,20.0,0.8,0.7000000000000001,0.5,0.2,50.0,90.0,20.0,7284,6299,985,7284,0.13522789676002198,0.7242405430733015,1.0,0.7242405430733015,1979,0.3141768534688046,1.0,1
"iteration_5","SCOPE_DATA_COLLECTION",1700,17,1090.0,1150.0,2,10038,7312,2355,10216,7421,2421,8380,6016,1899,1632,1261,432,0.1630043947263284,0.17328569465439053,0.18532818532818532,0.39592984020784205,0.7381163340331913,1.0622754826583123,0.7918596804156841,0.7381163340331913,0.7081836551055415,0.32016706443914084,0.340093085106383,0.32385466034755134,95.0,100.0,5570,11310,2825,134,3191,0,0.02405745062836625,0.2821396993810787,0.0,0.8,0.6000000000000001,0.6000000000000001,0.2,50.0,80.0,20.0,0.8,0.7000000000000001,0.5,0.2,50.0,90.0,20.0,2387,2061,326,2387,0.1365731043150398,1.032285768117051,1.5,0.688190512078034,632,0.3066472586123241,1.0,1
"iteration_5","SCOPE_DATA_COLLECTION",1700,18,1150.0,1210.0,0,10053,7284,2387,10038,7312,2355,8859,6292,2056,1201,1029,360,0.11938369781312128,0.14055456904794428,0.1490066225165563,0.39335976875870937,0.7274907513876149,1.0316398904586224,0.7867195375174187,0.7274907513876149,0.687759926972415,0.3043232870527148,0.31706929434202163,0.30642023346303504,100.0,100.0,5611,11267,2846,175,2398,17,0.031188736410621993,0.21283393982426554,0.0059732958538299364,0.8,0.7000000000000001,0.5,0.2,50.0,90.0,20.0,0.65,0.7000000000000001,0.8,0.4,95.0,50.0,60.0,10073,8723,1350,10073,0.13402164201330288,0.3811503448725784,0.5,0.7623006897451567,2745,0.3146853146853147,1.0,1
"iteration_5","SCOPE_DATA_COLLECTION",1700,18,1150.0,1210.0,1,10053,7284,2387,10038,7312,2355,8859,6292,2056,1201,1029,360,0.11938369781312128,0.14055456904794428,0.1490066225165563,0.39335976875870937,0.7274907513876149,1.0316398904586224,0.7867195375174187,0.7274907513876149,0.687759926972415,0.3043232870527148,0.31706929434202163,0.30642023346303504,100.0,100.0,5611,11267,2846,175,2398,17,0.031188736410621993,0.21283393982426554,0.0059732958538299364,0.8,0.7000000000000001,0.5,0.2,50.0,90.0,20.0,0.65,0.7000000000000001,0.8,0.4,95.0,50.0,60.0,7223,6173,1050,7223,0.14536896026581753,0.7328129096193557,1.0,0.7328129096193557,2062,0.3340353150818079,1.0,1
"iteration_5","SCOPE_DATA_COLLECTION",1700,18,1150.0,1210.0,2,10053,7284,2387,10038,7312,2355,8859,6292,2056,1201,1029,360,0.11938369781312128,0.14055456904794428,0.1490066225165563,0.39335976875870937,0.7274907513876149,1.0316398904586224,0.7867195375174187,0.7274907513876149,0.687759926972415,0.3043232870527148,0.31706929434202163,0.30642023346303504,100.0,100.0,5611,11267,2846,175,2398,17,0.031188736410621993,0.21283393982426554,0.0059732958538299364,0.8,0.7000000000000001,0.5,0.2,50.0,90.0,20.0,0.65,0.7000000000000001,0.8,0.4,95.0,50.0,60.0,2256,1839,417,2256,0.1848404255319149,1.0457810021344809,1.5,0.6971873347563206,578,0.31430125067971726,1.0,1
"iteration_5","SCOPE_DATA_COLLECTION",1700,19,1210.0,1270.0,0,10073,7223,2256,10053,7284,2387,8720,6175,1846,1350,1049,417,0.13406156901688182,0.14521040974529348,0.18426866990720284,0.3804406328504265,0.7317078612819281,1.0479629113364934,0.760881265700853,0.7317078612819281,0.6986419408909956,0.31387614678899084,0.3327935222672065,0.31581798483206935,97.5,100.0,5789,8985,4778,230,98,2488,0.03973052340646053,0.0109070673344463,0.5207199665131854,0.65,0.7000000000000001,0.8,0.4,95.0,50.0,60.0,0.65,0.6000000000000001,0.9,0.5,85.0,50.0,70.0,10213,8707,1506,10213,0.1474591207284833,0.3880982434616561,0.5,0.7761964869233122,2760,0.3169863328356495,1.0,1
"iteration_5","SCOPE_DATA_COLLECTION",1700,19,1210.0,1270.0,1,10073,7223,2256,10053,7284,2387,8720,6175,1846,1350,1049,417,0.13406156901688182,0.14521040974529348,0.18426866990720284,0.3804406328504265,0.7317078612819281,1.0479629113364934,0.760881265700853,0.7317078612819281,0.6986419408909956,0.31387614678899084,0.3327935222672065,0.31581798483206935,97.5,100.0,5789,8985,4778,230,98,2488,0.03973052340646053,0.0109070673344463,0.5207199665131854,0.65,0.7000000000000001,0.8,0.4,95.0,50.0,60.0,0.65,0.6000000000000001,0.9,0.5,85.0,50.0,70.0,7283,6125,1158,7283,0.15900041191816558,0.7283062673616444,1.0,0.7283062673616444,2023,0.3302857142857143,1.0,1
"iteration_5","SCOPE_DATA_COLLECTION",1700,19,1210.0,1270.0,2,10073,7223,2256,10053,7284,2387,8720,6175,1846,1350,1049,417,0.13406156901688182,0.14521040974529348,0.18426866990720284,0.3804406328504265,0.7317078612819281,1.0479629113364934,0.760881265700853,0.7317078612819281,0.6986419408909956,0.31387614678899084,0.3327935222672065,0.31581798483206935,97.5,100.0,5789,8985,4778,230,98,2488,0.03973052340646053,0.0109070673344463,0.5207199665131854,0.65,0.7000000000000001,0.8,0.4,95.0,50.0,60.0,0.65,0.6000000000000001,0.9,0.5,85.0,50.0,70.0,2385,1942,443,2385,0.18574423480083857,1.091010660871993,1.5,0.7273404405813286,645,0.3321318228630278,1.0,1
"iteration_5","SCOPE_DATA_COLLECTION",1700,20,1270.0,1330.0,0,10213,7283,2385,10073,7223,2256,8732,6134,1939,1506,1159,443,0.1470990427817933,0.15891951186068834,0.18597816960537364,0.3879355735258795,0.7261367565691613,1.083415163101627,0.775871147051759,0.7261367565691613,0.7222767754010847,0.31710948236371966,0.328985979784806,0.3285198555956679,100.0,100.0,5664,9286,4931,255,9,2844,0.045021186440677964,9.692009476631488E-4,0.5767592780369093,0.65,0.6000000000000001,0.9,0.5,85.0,50.0,70.0,0.25,0.4,0.7000000000000001,0.5,30.0,60.0,35.0,10097,4674,5423,10097,0.5370902248192533,0.5116214197504744,0.5,1.0232428395009487,2504,0.535729567821994,1.0,1
"iteration_5","SCOPE_DATA_COLLECTION",1700,20,1270.0,1330.0,1,10213,7283,2385,10073,7223,2256,8732,6134,1939,1506,1159,443,0.1470990427817933,0.15891951186068834,0.18597816960537364,0.3879355735258795,0.7261367565691613,1.083415163101627,0.775871147051759,0.7261367565691613,0.7222767754010847,0.31710948236371966,0.328985979784806,0.3285198555956679,100.0,100.0,5664,9286,4931,255,9,2844,0.045021186440677964,9.692009476631488E-4,0.5767592780369093,0.65,0.6000000000000001,0.9,0.5,85.0,50.0,70.0,0.25,0.4,0.7000000000000001,0.5,30.0,60.0,35.0,7313,3352,3961,7313,0.5416381785860795,1.0369318855110639,1.0,1.0369318855110639,1954,0.5829355608591885,1.0,1
"iteration_5","SCOPE_DATA_COLLECTION",1700,20,1270.0,1330.0,2,10213,7283,2385,10073,7223,2256,8732,6134,1939,1506,1159,443,0.1470990427817933,0.15891951186068834,0.18597816960537364,0.3879355735258795,0.7261367565691613,1.083415163101627,0.775871147051759,0.7261367565691613,0.7222767754010847,0.31710948236371966,0.328985979784806,0.3285198555956679,100.0,100.0,5664,9286,4931,255,9,2844,0.045021186440677964,9.692009476631488E-4,0.5767592780369093,0.65,0.6000000000000001,0.9,0.5,85.0,50.0,70.0,0.25,0.4,0.7000000000000001,0.5,30.0,60.0,35.0,2357,969,1388,2357,0.5888841747984727,1.6110809317160824,1.5,1.0740539544773882,597,0.6160990712074303,1.0,1
"iteration_5","SCOPE_DATA_COLLECTION",1700,21,1330.0,1390.0,0,10097,7313,2357,10213,7283,2385,4687,3356,972,5423,3961,1388,0.5363996043521266,0.5413420800874675,0.588135593220339,0.5121724562588266,1.0349058055203708,1.6149637892854132,1.0243449125176531,1.0349058055203708,1.0766425261902755,0.5357371452954982,0.5822407628128725,0.6172839506172839,100.0,100.0,5757,3481,10529,239,4,10529,0.04151467778356783,0.0011490950876185005,1.0,0.25,0.4,0.7000000000000001,0.5,30.0,60.0,35.0,0.25,0.5,0.7000000000000001,0.5,20.0,60.0,25.0,10141,4678,5463,10141,0.5387042697958782,0.503246070230471,0.5,1.006492140460942,2363,0.5051303976058145,1.0,1
"iteration_5","SCOPE_DATA_COLLECTION",1700,21,1330.0,1390.0,1,10097,7313,2357,10213,7283,2385,4687,3356,972,5423,3961,1388,0.5363996043521266,0.5413420800874675,0.588135593220339,0.5121724562588266,1.0349058055203708,1.6149637892854132,1.0243449125176531,1.0349058055203708,1.0766425261902755,0.5357371452954982,0.5822407628128725,0.6172839506172839,100.0,100.0,5757,3481,10529,239,4,10529,0.04151467778356783,0.0011490950876185005,1.0,0.25,0.4,0.7000000000000001,0.5,30.0,60.0,35.0,0.25,0.5,0.7000000000000001,0.5,20.0,60.0,25.0,7316,3196,4120,7316,0.5631492618917441,1.0543662758018286,1.0,1.0543662758018286,1898,0.5938673341677096,1.0,1
"iteration_5","SCOPE_DATA_COLLECTION",1700,21,1330.0,1390.0,2,10097,7313,2357,10213,7283,2385,4687,3356,972,5423,3961,1388,0.5363996043521266,0.5413420800874675,0.588135593220339,0.5121724562588266,1.0349058055203708,1.6149637892854132,1.0243449125176531,1.0349058055203708,1.0766425261902755,0.5357371452954982,0.5822407628128725,0.6172839506172839,100.0,100.0,5757,3481,10529,239,4,10529,0.04151467778356783,0.0011490950876185005,1.0,0.25,0.4,0.7000000000000001,0.5,30.0,60.0,35.0,0.25,0.5,0.7000000000000001,0.5,20.0,60.0,25.0,2428,1030,1398,2428,0.5757825370675453,1.5805772572000258,1.5,1.053718171466684,619,0.6009708737864078,1.0,1
"iteration_5","SCOPE_DATA_COLLECTION",1700,22,1390.0,1450.0,0,10141,7316,2428,10097,7313,2357,4660,3200,1034,5463,4120,1398,0.5396621554875037,0.5628415300546448,0.5748355263157895,0.5023387984360652,1.054680727166937,1.5821071174256738,1.0046775968721304,1.054680727166937,1.0547380782837825,0.503862660944206,0.594375,0.6025145067698259,95.0,100.0,5611,3523,10751,229,1,10751,0.04081268936018535,2.838489923360772E-4,1.0,0.25,0.5,0.7000000000000001,0.5,20.0,60.0,25.0,0.25,0.6000000000000001,0.6000000000000001,0.6000000000000001,20.0,50.0,35.0,9974,4608,5366,9974,0.5379987968718668,0.5148276273391947,0.5,1.0296552546783895,2381,0.5167100694444444,1.0,1
"iteration_5","SCOPE_DATA_COLLECTION",1700,22,1390.0,1450.0,1,10141,7316,2428,10097,7313,2357,4660,3200,1034,5463,4120,1398,0.5396621554875037,0.5628415300546448,0.5748355263157895,0.5023387984360652,1.054680727166937,1.5821071174256738,1.0046775968721304,1.054680727166937,1.0547380782837825,0.503862660944206,0.594375,0.6025145067698259,95.0,100.0,5611,3523,10751,229,1,10751,0.04081268936018535,2.838489923360772E-4,1.0,0.25,0.5,0.7000000000000001,0.5,20.0,60.0,25.0,0.25,0.6000000000000001,0.6000000000000001,0.6000000000000001,20.0,50.0,35.0,7248,3255,3993,7248,0.5509105960264901,1.035754998197606,1.0,1.035754998197606,1897,0.5827956989247312,1.0,1
"iteration_5","SCOPE_DATA_COLLECTION",1700,22,1390.0,1450.0,2,10141,7316,2428,10097,7313,2357,4660,3200,1034,5463,4120,1398,0.5396621554875037,0.5628415300546448,0.5748355263157895,0.5023387984360652,1.054680727166937,1.5821071174256738,1.0046775968721304,1.054680727166937,1.0547380782837825,0.503862660944206,0.594375,0.6025145067698259,95.0,100.0,5611,3523,10751,229,1,10751,0.04081268936018535,2.838489923360772E-4,1.0,0.25,0.5,0.7000000000000001,0.5,20.0,60.0,25.0,0.25,0.6000000000000001,0.6000000000000001,0.6000000000000001,20.0,50.0,35.0,2385,1054,1331,2385,0.5580712788259958,1.5950413329395925,1.5,1.063360888626395,640,0.6072106261859582,1.0,1
"iteration_5","SCOPE_DATA_COLLECTION",1700,23,1450.0,1510.0,0,9974,7248,2385,10141,7316,2428,4612,3244,1052,5366,3993,1331,0.5377831228703147,0.5517479618626503,0.5585396558959295,0.5142214079390347,1.0330308369980723,1.592754200882959,1.0284428158780694,1.0330308369980723,1.0618361339219726,0.5164787510841283,0.5810727496917386,0.6064638783269962,100.0,100.0,5618,3531,10458,231,1,10458,0.04111783552865789,2.832058906825262E-4,1.0,0.25,0.6000000000000001,0.6000000000000001,0.6000000000000001,20.0,50.0,35.0,0.25,0.6000000000000001,0.6000000000000001,0.6000000000000001,20.0,50.0,35.0,10252,4643,5609,10252,0.547112758486149,0.5078440842486902,0.5,1.0156881684973804,2423,0.5218608658195133,1.0,1
"iteration_5","SCOPE_DATA_COLLECTION",1700,23,1450.0,1510.0,1,9974,7248,2385,10141,7316,2428,4612,3244,1052,5366,3993,1331,0.5377831228703147,0.5517479618626503,0.5585396558959295,0.5142214079390347,1.0330308369980723,1.592754200882959,1.0284428158780694,1.0330308369980723,1.0618361339219726,0.5164787510841283,0.5810727496917386,0.6064638783269962,100.0,100.0,5618,3531,10458,231,1,10458,0.04111783552865789,2.832058906825262E-4,1.0,0.25,0.6000000000000001,0.6000000000000001,0.6000000000000001,20.0,50.0,35.0,0.25,0.6000000000000001,0.6000000000000001,0.6000000000000001,20.0,50.0,35.0,7298,3289,4009,7298,0.5493285831734722,1.079604810938164,1.0,1.079604810938164,2021,0.6144724840377014,1.0,1
"iteration_5","SCOPE_DATA_COLLECTION",1700,23,1450.0,1510.0,2,9974,7248,2385,10141,7316,2428,4612,3244,1052,5366,3993,1331,0.5377831228703147,0.5517479618626503,0.5585396558959295,0.5142214079390347,1.0330308369980723,1.592754200882959,1.0284428158780694,1.0330308369980723,1.0618361339219726,0.5164787510841283,0.5810727496917386,0.6064638783269962,100.0,100.0,5618,3531,10458,231,1,10458,0.04111783552865789,2.832058906825262E-4,1.0,0.25,0.6000000000000001,0.6000000000000001,0.6000000000000001,20.0,50.0,35.0,0.25,0.6000000000000001,0.6000000000000001,0.6000000000000001,20.0,50.0,35.0,2289,968,1321,2289,0.5771079073831368,1.5844672099158175,1.5,1.0563114732772116,577,0.5960743801652892,1.0,1
"iteration_5","SCOPE_DATA_COLLECTION",1700,24,1510.0,1570.0,0,10252,7298,2289,9974,7248,2385,4653,3298,970,5609,4009,1320,0.5465796141103099,0.5486519775557684,0.5764192139737991,0.509382463357619,1.082420378072979,1.5850410407747733,1.018764926715238,1.082420378072979,1.0566940271831822,0.5228884590586719,0.615221346270467,0.5958762886597938,100.0,100.0,5735,3429,10675,260,3,10675,0.045335658238884045,8.748906386701663E-4,1.0,0.25,0.6000000000000001,0.6000000000000001,0.6000000000000001,20.0,50.0,35.0,0.25,0.6000000000000001,0.5,0.7000000000000001,30.0,50.0,45.0,10236,4722,5514,10236,0.5386869871043376,0.5245383013379333,0.5,1.0490766026758667,2535,0.536848792884371,1.0,1
"iteration_5","SCOPE_DATA_COLLECTION",1700,24,1510.0,1570.0,1,10252,7298,2289,9974,7248,2385,4653,3298,970,5609,4009,1320,0.5465796141103099,0.5486519775557684,0.5764192139737991,0.509382463357619,1.082420378072979,1.5850410407747733,1.018764926715238,1.082420378072979,1.0566940271831822,0.5228884590586719,0.615221346270467,0.5958762886597938,100.0,100.0,5735,3429,10675,260,3,10675,0.045335658238884045,8.748906386701663E-4,1.0,0.25,0.6000000000000001,0.6000000000000001,0.6000000000000001,20.0,50.0,35.0,0.25,0.6000000000000001,0.5,0.7000000000000001,30.0,50.0,45.0,7317,3262,4055,7317,0.5541888752220856,1.0483643060932026,1.0,1.0483643060932026,1945,0.5962599632127529,1.0,1
"iteration_5","SCOPE_DATA_COLLECTION",1700,24,1510.0,1570.0,2,10252,7298,2289,9974,7248,2385,4653,3298,970,5609,4009,1320,0.5465796141103099,0.5486519775557684,0.5764192139737991,0.509382463357619,1.082420378072979,1.5850410407747733,1.018764926715238,1.082420378072979,1.0566940271831822,0.5228884590586719,0.615221346270467,0.5958762886597938,100.0,100.0,5735,3429,10675,260,3,10675,0.045335658238884045,8.748906386701663E-4,1.0,0.25,0.6000000000000001,0.6000000000000001,0.6000000000000001,20.0,50.0,35.0,0.25,0.6000000000000001,0.5,0.7000000000000001,30.0,50.0,45.0,2403,1014,1389,2403,0.5780274656679151,1.5734782398691995,1.5,1.048985493246133,601,0.5927021696252466,1.0,1
"iteration_5","SCOPE_DATA_COLLECTION",1700,25,1570.0,1630.0,0,10236,7317,2403,10252,7298,2289,4737,3257,1013,5514,4055,1390,0.5378987415861867,0.5545678336980306,0.5784436121514773,0.5254030482027309,1.048529263206627,1.5744994372368604,1.0508060964054617,1.048529263206627,1.0496662914912402,0.5385264935613258,0.5968682836966533,0.5923000987166831,100.0,100.0,5722,3528,10706,251,2,10706,0.04386578119538623,5.668934240362812E-4,1.0,0.25,0.6000000000000001,0.5,0.7000000000000001,30.0,50.0,45.0,0.15000000000000002,0.7000000000000001,0.6000000000000001,0.6000000000000001,30.0,40.0,55.0,10105,4001,6104,10105,0.6040573973280554,0.5940109668955909,0.5,1.1880219337911817,2504,0.6258435391152212,1.0,1
"iteration_5","SCOPE_DATA_COLLECTION",1700,25,1570.0,1630.0,1,10236,7317,2403,10252,7298,2289,4737,3257,1013,5514,4055,1390,0.5378987415861867,0.5545678336980306,0.5784436121514773,0.5254030482027309,1.048529263206627,1.5744994372368604,1.0508060964054617,1.048529263206627,1.0496662914912402,0.5385264935613258,0.5968682836966533,0.5923000987166831,100.0,100.0,5722,3528,10706,251,2,10706,0.04386578119538623,5.668934240362812E-4,1.0,0.25,0.6000000000000001,0.5,0.7000000000000001,30.0,50.0,45.0,0.15000000000000002,0.7000000000000001,0.6000000000000001,0.6000000000000001,30.0,40.0,55.0,7349,2769,4580,7349,0.6232140427269016,1.2326640642973985,1.0,1.2326640642973985,2004,0.723726977248104,1.0,1
"iteration_5","SCOPE_DATA_COLLECTION",1700,25,1570.0,1630.0,2,10236,7317,2403,10252,7298,2289,4737,3257,1013,5514,4055,1390,0.5378987415861867,0.5545678336980306,0.5784436121514773,0.5254030482027309,1.048529263206627,1.5744994372368604,1.0508060964054617,1.048529263206627,1.0496662914912402,0.5385264935613258,0.5968682836966533,0.5923000987166831,100.0,100.0,5722,3528,10706,251,2,10706,0.04386578119538623,5.668934240362812E-4,1.0,0.25,0.6000000000000001,0.5,0.7000000000000001,30.0,50.0,45.0,0.15000000000000002,0.7000000000000001,0.6000000000000001,0.6000000000000001,30.0,40.0,55.0,2376,832,1544,2376,0.6498316498316499,1.782833700859651,1.5,1.1885558005731007,583,0.7007211538461539,1.0,1
"iteration_5","SCOPE_DATA_COLLECTION",1700,26,1630.0,1690.0,0,10105,7349,2376,10236,7317,2403,3976,2776,831,6104,4580,1544,0.6055555555555555,0.622620989668298,0.6501052631578947,0.5923079123787496,1.2309075191187702,1.7749894678115616,1.1846158247574992,1.2309075191187702,1.1833263118743744,0.6232394366197183,0.7229827089337176,0.6991576413959085,100.0,100.0,5759,2088,11983,243,2,11983,0.042194825490536554,9.578544061302681E-4,1.0,0.15000000000000002,0.7000000000000001,0.6000000000000001,0.6000000000000001,30.0,40.0,55.0,0.25,0.7000000000000001,0.6000000000000001,0.5,40.0,30.0,45.0,10113,4655,5458,10113,0.5397013744685059,0.5216123063776184,0.5,1.0432246127552367,2483,0.5334049409237379,1.0,1
"iteration_5","SCOPE_DATA_COLLECTION",1700,26,1630.0,1690.0,1,10105,7349,2376,10236,7317,2403,3976,2776,831,6104,4580,1544,0.6055555555555555,0.622620989668298,0.6501052631578947,0.5923079123787496,1.2309075191187702,1.7749894678115616,1.1846158247574992,1.2309075191187702,1.1833263118743744,0.6232394366197183,0.7229827089337176,0.6991576413959085,100.0,100.0,5759,2088,11983,243,2,11983,0.042194825490536554,9.578544061302681E-4,1.0,0.15000000000000002,0.7000000000000001,0.6000000000000001,0.6000000000000001,30.0,40.0,55.0,0.25,0.7000000000000001,0.6000000000000001,0.5,40.0,30.0,45.0,7298,3325,3973,7298,0.544395724856125,1.0400001638237588,1.0,1.0400001638237588,1944,0.5846616541353383,1.0,1
"iteration_5","SCOPE_DATA_COLLECTION",1700,26,1630.0,1690.0,2,10105,7349,2376,10236,7317,2403,3976,2776,831,6104,4580,1544,0.6055555555555555,0.622620989668298,0.6501052631578947,0.5923079123787496,1.2309075191187702,1.7749894678115616,1.1846158247574992,1.2309075191187702,1.1833263118743744,0.6232394366197183,0.7229827089337176,0.6991576413959085,100.0,100.0,5759,2088,11983,243,2,11983,0.042194825490536554,9.578544061302681E-4,1.0,0.15000000000000002,0.7000000000000001,0.6000000000000001,0.6000000000000001,30.0,40.0,55.0,0.25,0.7000000000000001,0.6000000000000001,0.5,40.0,30.0,45.0,2338,988,1350,2338,0.5774165953806673,1.6072443637732368,1.5,1.0714962425154912,609,0.6163967611336032,1.0,1
"iteration_5","SCOPE_DATA_COLLECTION",1700,27,1690.0,1750.0,0,10113,7298,2338,10105,7349,2376,4640,3321,992,5458,3973,1350,0.5405030699148347,0.5446942692624075,0.5764304013663536,0.5187490621530682,1.041241952510415,1.6170665231720134,1.0374981243061363,1.041241952510415,1.0780443487813423,0.5329741379310344,0.5853658536585366,0.6189516129032258,100.0,100.0,5664,3534,10551,227,3,10551,0.04007768361581921,8.488964346349745E-4,1.0,0.25,0.7000000000000001,0.6000000000000001,0.5,40.0,30.0,45.0,0.15000000000000002,0.7000000000000001,0.6000000000000001,0.6000000000000001,30.0,20.0,45.0,10093,3978,6115,10093,0.6058654513028832,0.6007247887485833,0.5,1.2014495774971665,2553,0.6417797888386124,1.0,1
"iteration_5","SCOPE_DATA_COLLECTION",1700,27,1690.0,1750.0,1,10113,7298,2338,10105,7349,2376,4640,3321,992,5458,3973,1350,0.5405030699148347,0.5446942692624075,0.5764304013663536,0.5187490621530682,1.041241952510415,1.6170665231720134,1.0374981243061363,1.041241952510415,1.0780443487813423,0.5329741379310344,0.5853658536585366,0.6189516129032258,100.0,100.0,5664,3534,10551,227,3,10551,0.04007768361581921,8.488964346349745E-4,1.0,0.25,0.7000000000000001,0.6000000000000001,0.5,40.0,30.0,45.0,0.15000000000000002,0.7000000000000001,0.6000000000000001,0.6000000000000001,30.0,20.0,45.0,7231,2772,4459,7231,0.616650532429816,1.230784392465432,1.0,1.230784392465432,1990,0.7178932178932179,1.0,1
"iteration_5","SCOPE_DATA_COLLECTION",1700,27,1690.0,1750.0,2,10113,7298,2338,10105,7349,2376,4640,3321,992,5458,3973,1350,0.5405030699148347,0.5446942692624075,0.5764304013663536,0.5187490621530682,1.041241952510415,1.6170665231720134,1.0374981243061363,1.041241952510415,1.0780443487813423,0.5329741379310344,0.5853658536585366,0.6189516129032258,100.0,100.0,5664,3534,10551,227,3,10551,0.04007768361581921,8.488964346349745E-4,1.0,0.25,0.7000000000000001,0.6000000000000001,0.5,40.0,30.0,45.0,0.15000000000000002,0.7000000000000001,0.6000000000000001,0.6000000000000001,30.0,20.0,45.0,2345,812,1533,2345,0.6537313432835821,1.8289269489645807,1.5,1.2192846326430538,591,0.7278325123152709,1.0,1
"iteration_5","SCOPE_DATA_COLLECTION",1700,28,1750.0,1810.0,0,10093,7231,2345,10113,7298,2338,4009,2766,806,6115,4459,1533,0.604010272619518,0.6171626297577855,0.6554082941427961,0.6048712225042859,1.2277238781775837,1.8250707266721897,1.2097424450085719,1.2277238781775837,1.2167138177814598,0.6433025692192567,0.7158351409978309,0.7270471464019851,100.0,100.0,5759,2051,11859,246,2,11859,0.042715749262024656,9.751340809361287E-4,1.0,0.15000000000000002,0.7000000000000001,0.6000000000000001,0.6000000000000001,30.0,20.0,45.0,0.9500000000000001,0.6000000000000001,0.6000000000000001,0.5,50.0,85.0,90.0,9992,5226,4766,9992,0.47698158526821455,0.6067451406220814,0.5,1.2134902812441628,2987,0.5715652506697283,1.0,1
"iteration_5","SCOPE_DATA_COLLECTION",1700,28,1750.0,1810.0,1,10093,7231,2345,10113,7298,2338,4009,2766,806,6115,4459,1533,0.604010272619518,0.6171626297577855,0.6554082941427961,0.6048712225042859,1.2277238781775837,1.8250707266721897,1.2097424450085719,1.2277238781775837,1.2167138177814598,0.6433025692192567,0.7158351409978309,0.7270471464019851,100.0,100.0,5759,2051,11859,246,2,11859,0.042715749262024656,9.751340809361287E-4,1.0,0.15000000000000002,0.7000000000000001,0.6000000000000001,0.6000000000000001,30.0,20.0,45.0,0.9500000000000001,0.6000000000000001,0.6000000000000001,0.5,50.0,85.0,90.0,7221,3613,3608,7221,0.4996537875640493,1.114458505770112,1.0,1.114458505770112,2116,0.5856628840298921,1.0,1
"iteration_5","SCOPE_DATA_COLLECTION",1700,28,1750.0,1810.0,2,10093,7231,2345,10113,7298,2338,4009,2766,806,6115,4459,1533,0.604010272619518,0.6171626297577855,0.6554082941427961,0.6048712225042859,1.2277238781775837,1.8250707266721897,1.2097424450085719,1.2277238781775837,1.2167138177814598,0.6433025692192567,0.7158351409978309,0.7270471464019851,100.0,100.0,5759,2051,11859,246,2,11859,0.042715749262024656,9.751340809361287E-4,1.0,0.15000000000000002,0.7000000000000001,0.6000000000000001,0.6000000000000001,30.0,20.0,45.0,0.9500000000000001,0.6000000000000001,0.6000000000000001,0.5,50.0,85.0,90.0,2399,1113,1286,2399,0.5360566902876198,1.5495269076802314,1.5,1.0330179384534877,601,0.5399820305480683,1.0,1
"iteration_5","SCOPE_DATA_COLLECTION",1700,29,1810.0,1870.0,0,9992,7221,2399,10093,7231,2345,5153,3565,1108,4766,3608,1286,0.48049198507914104,0.5029973511780287,0.5371762740183793,0.608268795221926,1.125038351880487,1.5692578854270844,1.216537590443852,1.125038351880487,1.0461719236180562,0.5699592470405589,0.5955119214586255,0.5514440433212996,97.5,100.0,5702,13210,700,220,9435,5,0.03858295334970186,0.7142316426949281,0.007142857142857143,0.9500000000000001,0.6000000000000001,0.6000000000000001,0.5,50.0,85.0,90.0,0.7000000000000001,0.9,0.2,0.4,65.0,85.0,65.0,10310,9250,1060,10310,0.10281280310378274,0.40090908486059906,0.5,0.8018181697211981,2793,0.3019459459459459,1.0,1
"iteration_5","SCOPE_DATA_COLLECTION",1700,29,1810.0,1870.0,1,9992,7221,2399,10093,7231,2345,5153,3565,1108,4766,3608,1286,0.48049198507914104,0.5029973511780287,0.5371762740183793,0.608268795221926,1.125038351880487,1.5692578854270844,1.216537590443852,1.125038351880487,1.0461719236180562,0.5699592470405589,0.5955119214586255,0.5514440433212996,97.5,100.0,5702,13210,700,220,9435,5,0.03858295334970186,0.7142316426949281,0.007142857142857143,0.9500000000000001,0.6000000000000001,0.6000000000000001,0.5,50.0,85.0,90.0,0.7000000000000001,0.9,0.2,0.4,65.0,85.0,65.0,7299,6520,779,7299,0.1067269488971092,0.6735488452789898,1.0,0.6735488452789898,2020,0.3098159509202454,1.0,1
"iteration_5","SCOPE_DATA_COLLECTION",1700,29,1810.0,1870.0,2,9992,7221,2399,10093,7231,2345,5153,3565,1108,4766,3608,1286,0.48049198507914104,0.5029973511780287,0.5371762740183793,0.608268795221926,1.125038351880487,1.5692578854270844,1.216537590443852,1.125038351880487,1.0461719236180562,0.5699592470405589,0.5955119214586255,0.5514440433212996,97.5,100.0,5702,13210,700,220,9435,5,0.03858295334970186,0.7142316426949281,0.007142857142857143,0.9500000000000001,0.6000000000000001,0.6000000000000001,0.5,50.0,85.0,90.0,0.7000000000000001,0.9,0.2,0.4,65.0,85.0,65.0,2323,2001,322,2323,0.13861386138613863,1.0538817767325064,1.5,0.7025878511550042,643,0.3213393303348326,1.0,1
"iteration_5","SCOPE_DATA_COLLECTION",1700,30,1870.0,1930.0,0,10310,7299,2323,9992,7221,2399,9317,6570,2012,1060,779,322,0.10214898332851499,0.10600081643761056,0.1379605826906598,0.4020263774786387,0.6739916558364815,1.0479351221238153,0.8040527549572773,0.6739916558364815,0.6986234147492102,0.30524847053772675,0.30791476407914764,0.31709741550695825,95.0,100.0,5482,9985,4465,127,437,1597,0.023166727471725646,0.043765648472709064,0.35767077267637176,0.7000000000000001,0.9,0.2,0.4,65.0,85.0,65.0,0.1,0.5,0.7000000000000001,0.2,35.0,60.0,40.0,9994,3526,6468,9994,0.6471883129877927,0.6322042276637195,0.5,1.264408455327439,2375,0.6735677821894498,1.0,1
"iteration_5","SCOPE_DATA_COLLECTION",1700,30,1870.0,1930.0,1,10310,7299,2323,9992,7221,2399,9317,6570,2012,1060,779,322,0.10214898332851499,0.10600081643761056,0.1379605826906598,0.4020263774786387,0.6739916558364815,1.0479351221238153,0.8040527549572773,0.6739916558364815,0.6986234147492102,0.30524847053772675,0.30791476407914764,0.31709741550695825,95.0,100.0,5482,9985,4465,127,437,1597,0.023166727471725646,0.043765648472709064,0.35767077267637176,0.7000000000000001,0.9,0.2,0.4,65.0,85.0,65.0,0.1,0.5,0.7000000000000001,0.2,35.0,60.0,40.0,7171,2479,4692,7171,0.6543020499233022,1.3037372083558565,1.0,1.3037372083558565,1930,0.7785397337636144,1.0,1
"iteration_5","SCOPE_DATA_COLLECTION",1700,30,1870.0,1930.0,2,10310,7299,2323,9992,7221,2399,9317,6570,2012,1060,779,322,0.10214898332851499,0.10600081643761056,0.1379605826906598,0.4020263774786387,0.6739916558364815,1.0479351221238153,0.8040527549572773,0.6739916558364815,0.6986234147492102,0.30524847053772675,0.30791476407914764,0.31709741550695825,95.0,100.0,5482,9985,4465,127,437,1597,0.023166727471725646,0.043765648472709064,0.35767077267637176,0.7000000000000001,0.9,0.2,0.4,65.0,85.0,65.0,0.1,0.5,0.7000000000000001,0.2,35.0,60.0,40.0,2388,817,1571,2388,0.6578726968174204,1.8739555178156933,1.5,1.2493036785437954,630,0.7711138310893513,1.0,1
"iteration_5","SCOPE_DATA_COLLECTION",1700,31,1930.0,1990.0,0,9994,7171,2388,10310,7299,2323,3532,2490,814,6468,4692,1571,0.6468,0.6532999164578112,0.6587002096436059,0.6312938563304837,1.3001782565644737,1.8740333242530967,1.2625877126609675,1.3001782565644737,1.2493555495020645,0.6729898074745186,0.7763052208835342,0.7702702702702703,100.0,100.0,5435,1421,12697,145,4,12582,0.02667893284268629,0.0028149190710767065,0.9909427423800898,0.1,0.5,0.7000000000000001,0.2,35.0,60.0,40.0,0.65,0.4,0.5,0.30000000000000004,25.0,20.0,85.0,10036,8658,1378,10036,0.13730569948186527,0.392360480305121,0.5,0.784720960610242,2676,0.3090783090783091,1.0,1
"iteration_5","SCOPE_DATA_COLLECTION",1700,31,1930.0,1990.0,1,9994,7171,2388,10310,7299,2323,3532,2490,814,6468,4692,1571,0.6468,0.6532999164578112,0.6587002096436059,0.6312938563304837,1.3001782565644737,1.8740333242530967,1.2625877126609675,1.3001782565644737,1.2493555495020645,0.6729898074745186,0.7763052208835342,0.7702702702702703,100.0,100.0,5435,1421,12697,145,4,12582,0.02667893284268629,0.0028149190710767065,0.9909427423800898,0.1,0.5,0.7000000000000001,0.2,35.0,60.0,40.0,0.65,0.4,0.5,0.30000000000000004,25.0,20.0,85.0,7250,6116,1134,7250,0.15641379310344827,0.745289472649243,1.0,0.745289472649243,2091,0.341890124264225,1.0,1
"iteration_5","SCOPE_DATA_COLLECTION",1700,31,1930.0,1990.0,2,9994,7171,2388,10310,7299,2323,3532,2490,814,6468,4692,1571,0.6468,0.6532999164578112,0.6587002096436059,0.6312938563304837,1.3001782565644737,1.8740333242530967,1.2625877126609675,1.3001782565644737,1.2493555495020645,0.6729898074745186,0.7763052208835342,0.7702702702702703,100.0,100.0,5435,1421,12697,145,4,12582,0.02667893284268629,0.0028149190710767065,0.9909427423800898,0.1,0.5,0.7000000000000001,0.2,35.0,60.0,40.0,0.65,0.4,0.5,0.30000000000000004,25.0,20.0,85.0,2413,2027,386,2413,0.159966846249482,1.040758506899982,1.5,0.693839004599988,638,0.3147508633448446,1.0,1
"iteration_5","SCOPE_DATA_COLLECTION",1700,32,1990.0,2050.0,0,10036,7250,2413,9994,7171,2388,8630,6106,2026,1378,1134,386,0.1376898481215028,0.15662983425414365,0.16003316749585406,0.3919748062355453,0.7466011980606467,1.0413034713057447,0.7839496124710906,0.7466011980606467,0.6942023142038298,0.3078794901506373,0.3427775958074026,0.31539980256663375,100.0,100.0,5672,9151,4876,212,10,2676,0.03737658674188998,0.0010927767457108513,0.5488105004101723,0.65,0.4,0.5,0.30000000000000004,25.0,20.0,85.0,0.65,0.5,0.4,0.4,25.0,20.0,95.0,10012,8636,1376,10012,0.1374350779065122,0.36573837193022307,0.5,0.7314767438604461,2634,0.30500231588698473,1.0,1
"iteration_5","SCOPE_DATA_COLLECTION",1700,32,1990.0,2050.0,1,10036,7250,2413,9994,7171,2388,8630,6106,2026,1378,1134,386,0.1376898481215028,0.15662983425414365,0.16003316749585406,0.3919748062355453,0.7466011980606467,1.0413034713057447,0.7839496124710906,0.7466011980606467,0.6942023142038298,0.3078794901506373,0.3427775958074026,0.31539980256663375,100.0,100.0,5672,9151,4876,212,10,2676,0.03737658674188998,0.0010927767457108513,0.5488105004101723,0.65,0.4,0.5,0.30000000000000004,25.0,20.0,85.0,0.65,0.5,0.4,0.4,25.0,20.0,95.0,7197,6101,1096,7197,0.1522856745866333,0.6808151228401408,1.0,0.6808151228401408,1959,0.3210949024750041,1.0,1
"iteration_5","SCOPE_DATA_COLLECTION",1700,32,1990.0,2050.0,2,10036,7250,2413,9994,7171,2388,8630,6106,2026,1378,1134,386,0.1376898481215028,0.15662983425414365,0.16003316749585406,0.3919748062355453,0.7466011980606467,1.0413034713057447,0.7839496124710906,0.7466011980606467,0.6942023142038298,0.3078794901506373,0.3427775958074026,0.31539980256663375,100.0,100.0,5672,9151,4876,212,10,2676,0.03737658674188998,0.0010927767457108513,0.5488105004101723,0.65,0.4,0.5,0.30000000000000004,25.0,20.0,85.0,0.65,0.5,0.4,0.4,25.0,20.0,95.0,2396,1966,430,2396,0.17946577629382304,1.0210926934960072,1.5,0.6807284623306714,617,0.3138351983723296,1.0,1
"iteration_5","SCOPE_DATA_COLLECTION",1700,33,2050.0,2110.0,0,10012,7197,2396,10036,7250,2413,8647,6106,1959,1369,1090,427,0.13668130990415336,0.15147304057809893,0.17896060352053647,0.36574851877604425,0.6827414236803212,1.0194036451001418,0.7314970375520885,0.6827414236803212,0.6796024300667612,0.3060020816468139,0.32214215525712414,0.3129147524247065,100.0,100.0,5648,9085,4872,188,5,2693,0.03328611898016997,5.50357732526142E-4,0.5527504105090312,0.65,0.5,0.4,0.4,25.0,20.0,95.0,0.8500000000000001,0.6000000000000001,0.1,0.4,35.0,85.0,35.0,10135,7374,2761,10135,0.2724222989639862,0.43101029736675756,0.5,0.8620205947335151,2614,0.35448874423650667,1.0,1
"iteration_5","SCOPE_DATA_COLLECTION",1700,33,2050.0,2110.0,1,10012,7197,2396,10036,7250,2413,8647,6106,1959,1369,1090,427,0.13668130990415336,0.15147304057809893,0.17896060352053647,0.36574851877604425,0.6827414236803212,1.0194036451001418,0.7314970375520885,0.6827414236803212,0.6796024300667612,0.3060020816468139,0.32214215525712414,0.3129147524247065,100.0,100.0,5648,9085,4872,188,5,2693,0.03328611898016997,5.50357732526142E-4,0.5527504105090312,0.65,0.5,0.4,0.4,25.0,20.0,95.0,0.8500000000000001,0.6000000000000001,0.1,0.4,35.0,85.0,35.0,7274,5246,2028,7274,0.27880120978828704,0.7364421295467153,1.0,0.7364421295467153,1980,0.3774304231795654,1.0,1
"iteration_5","SCOPE_DATA_COLLECTION",1700,33,2050.0,2110.0,2,10012,7197,2396,10036,7250,2413,8647,6106,1959,1369,1090,427,0.13668130990415336,0.15147304057809893,0.17896060352053647,0.36574851877604425,0.6827414236803212,1.0194036451001418,0.7314970375520885,0.6827414236803212,0.6796024300667612,0.3060020816468139,0.32214215525712414,0.3129147524247065,100.0,100.0,5648,9085,4872,188,5,2693,0.03328611898016997,5.50357732526142E-4,0.5527504105090312,0.65,0.5,0.4,0.4,25.0,20.0,95.0,0.8500000000000001,0.6000000000000001,0.1,0.4,35.0,85.0,35.0,2313,1606,707,2313,0.3056636402939905,1.2053205018487716,1.5,0.8035470012325144,632,0.39352428393524286,1.0,1
"iteration_5","SCOPE_DATA_COLLECTION",1700,34,2110.0,2170.0,0,10135,7274,2313,10012,7197,2396,7395,5260,1614,2768,2034,710,0.2723605234674801,0.2788593364409103,0.3055077452667814,0.43223714364270827,0.737148063759521,1.202354265466558,0.8644742872854165,0.737148063759521,0.8015695103110386,0.3556457065584855,0.3769961977186312,0.39219330855018586,100.0,100.0,5393,12222,2107,77,5413,22,0.014277767476358243,0.44288987072492225,0.01044138585666825,0.8500000000000001,0.6000000000000001,0.1,0.4,35.0,85.0,35.0,0.8500000000000001,0.6000000000000001,0.1,0.4,35.0,85.0,35.0,10169,7210,2959,10169,0.290982397482545,0.446460120870979,0.5,0.892920241741958,2502,0.34701803051317615,1.0,1
"iteration_5","SCOPE_DATA_COLLECTION",1700,34,2110.0,2170.0,1,10135,7274,2313,10012,7197,2396,7395,5260,1614,2768,2034,710,0.2723605234674801,0.2788593364409103,0.3055077452667814,0.43223714364270827,0.737148063759521,1.202354265466558,0.8644742872854165,0.737148063759521,0.8015695103110386,0.3556457065584855,0.3769961977186312,0.39219330855018586,100.0,100.0,5393,12222,2107,77,5413,22,0.014277767476358243,0.44288987072492225,0.01044138585666825,0.8500000000000001,0.6000000000000001,0.1,0.4,35.0,85.0,35.0,0.8500000000000001,0.6000000000000001,0.1,0.4,35.0,85.0,35.0,7242,5102,2140,7242,0.29549848108257387,0.7634884347952394,1.0,0.7634884347952394,1909,0.37416699333594666,1.0,1
"iteration_5","SCOPE_DATA_COLLECTION",1700,34,2110.0,2170.0,2,10135,7274,2313,10012,7197,2396,7395,5260,1614,2768,2034,710,0.2723605234674801,0.2788593364409103,0.3055077452667814,0.43223714364270827,0.737148063759521,1.202354265466558,0.8644742872854165,0.737148063759521,0.8015695103110386,0.3556457065584855,0.3769961977186312,0.39219330855018586,100.0,100.0,5393,12222,2107,77,5413,22,0.014277767476358243,0.44288987072492225,0.01044138585666825,0.8500000000000001,0.6000000000000001,0.1,0.4,35.0,85.0,35.0,0.8500000000000001,0.6000000000000001,0.1,0.4,35.0,85.0,35.0,2358,1619,739,2358,0.31340118744698897,1.2444676305757847,1.5,0.8296450870505231,644,0.3977764051883879,1.0,1
"iteration_5","SCOPE_DATA_COLLECTION",1700,35,2170.0,2230.0,0,10169,7242,2358,10135,7274,2313,7205,5100,1622,2951,2134,736,0.2905671524222135,0.2949958529167819,0.31212892281594573,0.44497583864403545,0.7622301224911309,1.2489373847120866,0.8899516772880709,0.7622301224911309,0.832624923141391,0.34545454545454546,0.37333333333333335,0.3995067817509248,100.0,100.0,5362,12255,2152,82,5739,0,0.015292801193584483,0.4682986536107711,0.0,0.8500000000000001,0.6000000000000001,0.1,0.4,35.0,85.0,35.0,0.75,0.6000000000000001,0.1,0.4,25.0,85.0,35.0,10064,9699,365,10064,0.036267885532591415,0.3319745856018458,0.5,0.6639491712036916,2403,0.2477575007732756,1.0,1
"iteration_5","SCOPE_DATA_COLLECTION",1700,35,2170.0,2230.0,1,10169,7242,2358,10135,7274,2313,7205,5100,1622,2951,2134,736,0.2905671524222135,0.2949958529167819,0.31212892281594573,0.44497583864403545,0.7622301224911309,1.2489373847120866,0.8899516772880709,0.7622301224911309,0.832624923141391,0.34545454545454546,0.37333333333333335,0.3995067817509248,100.0,100.0,5362,12255,2152,82,5739,0,0.015292801193584483,0.4682986536107711,0.0,0.8500000000000001,0.6000000000000001,0.1,0.4,35.0,85.0,35.0,0.75,0.6000000000000001,0.1,0.4,25.0,85.0,35.0,7134,6898,236,7134,0.033081020465377066,0.5860769770946684,1.0,0.5860769770946684,1909,0.27674688315453755,1.0,1
"iteration_5","SCOPE_DATA_COLLECTION",1700,35,2170.0,2230.0,2,10169,7242,2358,10135,7274,2313,7205,5100,1622,2951,2134,736,0.2905671524222135,0.2949958529167819,0.31212892281594573,0.44497583864403545,0.7622301224911309,1.2489373847120866,0.8899516772880709,0.7622301224911309,0.832624923141391,0.34545454545454546,0.37333333333333335,0.3995067817509248,100.0,100.0,5362,12255,2152,82,5739,0,0.015292801193584483,0.4682986536107711,0.0,0.8500000000000001,0.6000000000000001,0.1,0.4,35.0,85.0,35.0,0.75,0.6000000000000001,0.1,0.4,25.0,85.0,35.0,2314,2211,103,2314,0.044511668107173726,0.9543931812052648,1.5,0.6362621208035099,601,0.27182270465852554,1.0,1
"iteration_5","SCOPE_DATA_COLLECTION",1700,36,2230.0,2290.0,0,10064,7134,2314,10169,7242,2358,9667,6878,2207,373,242,106,0.03715139442231076,0.03398876404494382,0.04582792909641158,0.3322447232098823,0.5877775459996163,0.9582746924458323,0.6644894464197646,0.5877775459996163,0.6388497949638882,0.2477500775835316,0.27813317824949113,0.2736746714997734,100.0,100.0,5424,10601,3487,75,590,56,0.013827433628318585,0.05565512687482313,0.01605965012905076,0.75,0.6000000000000001,0.1,0.4,25.0,85.0,35.0,0.75,0.5,0.2,0.30000000000000004,20.0,95.0,45.0,10136,9476,660,10136,0.06511444356748224,0.3795928697466886,0.5,0.7591857394933772,2622,0.2766990291262136,1.0,1
"iteration_5","SCOPE_DATA_COLLECTION",1700,36,2230.0,2290.0,1,10064,7134,2314,10169,7242,2358,9667,6878,2207,373,242,106,0.03715139442231076,0.03398876404494382,0.04582792909641158,0.3322447232098823,0.5877775459996163,0.9582746924458323,0.6644894464197646,0.5877775459996163,0.6388497949638882,0.2477500775835316,0.27813317824949113,0.2736746714997734,100.0,100.0,5424,10601,3487,75,590,56,0.013827433628318585,0.05565512687482313,0.01605965012905076,0.75,0.6000000000000001,0.1,0.4,25.0,85.0,35.0,0.75,0.5,0.2,0.30000000000000004,20.0,95.0,45.0,7389,6851,538,7389,0.07281093517390716,0.6666735530425658,1.0,0.6666735530425658,2063,0.3011239235148154,1.0,1
"iteration_5","SCOPE_DATA_COLLECTION",1700,36,2230.0,2290.0,2,10064,7134,2314,10169,7242,2358,9667,6878,2207,373,242,106,0.03715139442231076,0.03398876404494382,0.04582792909641158,0.3322447232098823,0.5877775459996163,0.9582746924458323,0.6644894464197646,0.5877775459996163,0.6388497949638882,0.2477500775835316,0.27813317824949113,0.2736746714997734,100.0,100.0,5424,10601,3487,75,590,56,0.013827433628318585,0.05565512687482313,0.01605965012905076,0.75,0.6000000000000001,0.1,0.4,25.0,85.0,35.0,0.75,0.5,0.2,0.30000000000000004,20.0,95.0,45.0,2340,2121,219,2340,0.09358974358974359,1.0225807068339954,1.5,0.6817204712226635,629,0.29655822725129655,1.0,1
"iteration_5","SCOPE_DATA_COLLECTION",1700,37,2290.0,2350.0,0,10136,7389,2340,10064,7134,2314,9461,6842,2110,660,537,219,0.06521094753482858,0.07277408862989565,0.09403177329325892,0.3785385704612444,0.6652970390851467,1.0200780479192482,0.7570771409224888,0.6652970390851467,0.6800520319461655,0.2754465701300074,0.300350774627302,0.295260663507109,95.0,100.0,5432,10778,3655,75,1154,187,0.013807069219440353,0.10706995732046762,0.05116279069767442,0.75,0.5,0.2,0.30000000000000004,20.0,95.0,45.0,0.8500000000000001,0.4,0.30000000000000004,0.2,30.0,85.0,45.0,10107,8112,1995,10107,0.19738794894627487,0.4279304974010306,0.5,0.8558609948020612,2711,0.33419625246548323,1.0,1
"iteration_5","SCOPE_DATA_COLLECTION",1700,37,2290.0,2350.0,1,10136,7389,2340,10064,7134,2314,9461,6842,2110,660,537,219,0.06521094753482858,0.07277408862989565,0.09403177329325892,0.3785385704612444,0.6652970390851467,1.0200780479192482,0.7570771409224888,0.6652970390851467,0.6800520319461655,0.2754465701300074,0.300350774627302,0.295260663507109,95.0,100.0,5432,10778,3655,75,1154,187,0.013807069219440353,0.10706995732046762,0.05116279069767442,0.75,0.5,0.2,0.30000000000000004,20.0,95.0,45.0,0.8500000000000001,0.4,0.30000000000000004,0.2,30.0,85.0,45.0,7069,5500,1569,7069,0.22195501485358607,0.7536764184728785,1.0,0.7536764184728785,1979,0.3598181818181818,1.0,1
"iteration_5","SCOPE_DATA_COLLECTION",1700,37,2290.0,2350.0,2,10136,7389,2340,10064,7134,2314,9461,6842,2110,660,537,219,0.06521094753482858,0.07277408862989565,0.09403177329325892,0.3785385704612444,0.6652970390851467,1.0200780479192482,0.7570771409224888,0.6652970390851467,0.6800520319461655,0.2754465701300074,0.300350774627302,0.295260663507109,95.0,100.0,5432,10778,3655,75,1154,187,0.013807069219440353,0.10706995732046762,0.05116279069767442,0.75,0.5,0.2,0.30000000000000004,20.0,95.0,45.0,0.8500000000000001,0.4,0.30000000000000004,0.2,30.0,85.0,45.0,2248,1692,556,2248,0.24733096085409254,1.1245247025186167,1.5,0.7496831350124111,605,0.35756501182033096,1.0,1
"iteration_5","SCOPE_DATA_COLLECTION",1700,38,2350.0,2410.0,0,10107,7069,2248,10136,7389,2340,8146,5521,1710,1995,1570,556,0.19672616112809388,0.22140741785361726,0.24536628420123566,0.4293704998459183,0.7514833397982298,1.1249482848674819,0.8587409996918366,0.7514833397982298,0.7499655232449879,0.33513380800392834,0.35863068284731026,0.35789473684210527,100.0,100.0,5513,11782,2129,109,4012,0,0.019771449301650645,0.3405194364284502,0.0,0.8500000000000001,0.4,0.30000000000000004,0.2,30.0,85.0,45.0,0.9500000000000001,0.5,0.4,0.2,40.0,75.0,45.0,10035,5029,5006,10035,0.4988540109616343,0.6053007309479856,0.5,1.2106014618959713,2799,0.5565718830781468,1.0,1
"iteration_5","SCOPE_DATA_COLLECTION",1700,38,2350.0,2410.0,1,10107,7069,2248,10136,7389,2340,8146,5521,1710,1995,1570,556,0.19672616112809388,0.22140741785361726,0.24536628420123566,0.4293704998459183,0.7514833397982298,1.1249482848674819,0.8587409996918366,0.7514833397982298,0.7499655232449879,0.33513380800392834,0.35863068284731026,0.35789473684210527,100.0,100.0,5513,11782,2129,109,4012,0,0.019771449301650645,0.3405194364284502,0.0,0.8500000000000001,0.4,0.30000000000000004,0.2,30.0,85.0,45.0,0.9500000000000001,0.5,0.4,0.2,40.0,75.0,45.0,7171,3546,3625,7171,0.5055082973086041,1.0964767406325338,1.0,1.0964767406325338,2152,0.6068809926677947,1.0,1
"iteration_5","SCOPE_DATA_COLLECTION",1700,38,2350.0,2410.0,2,10107,7069,2248,10136,7389,2340,8146,5521,1710,1995,1570,556,0.19672616112809388,0.22140741785361726,0.24536628420123566,0.4293704998459183,0.7514833397982298,1.1249482848674819,0.8587409996918366,0.7514833397982298,0.7499655232449879,0.33513380800392834,0.35863068284731026,0.35789473684210527,100.0,100.0,5513,11782,2129,109,4012,0,0.019771449301650645,0.3405194364284502,0.0,0.8500000000000001,0.4,0.30000000000000004,0.2,30.0,85.0,45.0,0.9500000000000001,0.5,0.4,0.2,40.0,75.0,45.0,2381,1125,1256,2381,0.5275094498110038,1.5471356500268068,1.5,1.0314237666845378,648,0.576,1.0,1
"iteration_5","SCOPE_DATA_COLLECTION",1700,39,2410.0,2470.0,0,10035,7171,2381,10107,7069,2248,5032,3560,1117,5006,3625,1256,0.4987049212990636,0.5045233124565066,0.5292878213232195,0.602987145127546,1.0951084685142995,1.5374361404522654,1.205974290255092,1.0951084685142995,1.024957426968177,0.5554451510333863,0.6064606741573034,0.5711727842435094,100.0,100.0,5472,13423,692,102,9785,0,0.01864035087719298,0.7289726588691052,0.0,0.9500000000000001,0.5,0.4,0.2,40.0,75.0,45.0,0.9500000000000001,0.4,0.5,0.2,30.0,85.0,35.0,10131,4944,5187,10131,0.511992893100385,0.6000405691860535,0.5,1.200081138372107,2958,0.5983009708737864,1.0,1
"iteration_5","SCOPE_DATA_COLLECTION",1700,39,2410.0,2470.0,1,10035,7171,2381,10107,7069,2248,5032,3560,1117,5006,3625,1256,0.4987049212990636,0.5045233124565066,0.5292878213232195,0.602987145127546,1.0951084685142995,1.5374361404522654,1.205974290255092,1.0951084685142995,1.024957426968177,0.5554451510333863,0.6064606741573034,0.5711727842435094,100.0,100.0,5472,13423,692,102,9785,0,0.01864035087719298,0.7289726588691052,0.0,0.9500000000000001,0.5,0.4,0.2,40.0,75.0,45.0,0.9500000000000001,0.4,0.5,0.2,30.0,85.0,35.0,7264,3485,3779,7264,0.5202367841409692,1.122459125371676,1.0,1.122459125371676,2117,0.6074605451936872,1.0,1
"iteration_5","SCOPE_DATA_COLLECTION",1700,39,2410.0,2470.0,2,10035,7171,2381,10107,7069,2248,5032,3560,1117,5006,3625,1256,0.4987049212990636,0.5045233124565066,0.5292878213232195,0.602987145127546,1.0951084685142995,1.5374361404522654,1.205974290255092,1.0951084685142995,1.024957426968177,0.5554451510333863,0.6064606741573034,0.5711727842435094,100.0,100.0,5472,13423,692,102,9785,0,0.01864035087719298,0.7289726588691052,0.0,0.9500000000000001,0.5,0.4,0.2,40.0,75.0,45.0,0.9500000000000001,0.4,0.5,0.2,30.0,85.0,35.0,2352,1043,1309,2352,0.5565476190476191,1.6278090784404793,1.5,1.0852060522936529,646,0.6193672099712368,1.0,1
"iteration_5","SCOPE_DATA_COLLECTION",1700,40,2470.0,2530.0,0,10131,7264,2352,10035,7171,2381,4951,3468,1051,5183,3777,1307,0.5114466153542531,0.5213250517598343,0.5542832909245123,0.6012447791169309,1.1219705108224698,1.6352031319022744,1.2024895582338617,1.1219705108224698,1.0901354212681829,0.5986669359725308,0.6055363321799307,0.6232159847764034,100.0,100.0,5553,13455,739,126,10141,0,0.022690437601296597,0.7536975102192494,0.0,0.9500000000000001,0.4,0.5,0.2,30.0,85.0,35.0,0.9500000000000001,0.30000000000000004,0.5,0.1,20.0,75.0,35.0,10044,4832,5212,10044,0.5189167662285942,0.545743220687427,0.5,1.091486441374854,2591,0.5362168874172185,1.0,1
"iteration_5","SCOPE_DATA_COLLECTION",1700,40,2470.0,2530.0,1,10131,7264,2352,10035,7171,2381,4951,3468,1051,5183,3777,1307,0.5114466153542531,0.5213250517598343,0.5542832909245123,0.6012447791169309,1.1219705108224698,1.6352031319022744,1.2024895582338617,1.1219705108224698,1.0901354212681829,0.5986669359725308,0.6055363321799307,0.6232159847764034,100.0,100.0,5553,13455,739,126,10141,0,0.022690437601296597,0.7536975102192494,0.0,0.9500000000000001,0.4,0.5,0.2,30.0,85.0,35.0,0.9500000000000001,0.30000000000000004,0.5,0.1,20.0,75.0,35.0,7289,3430,3859,7289,0.5294279050624229,1.062576173840022,1.0,1.062576173840022,2015,0.5874635568513119,1.0,1
"iteration_5","SCOPE_DATA_COLLECTION",1700,40,2470.0,2530.0,2,10131,7264,2352,10035,7171,2381,4951,3468,1051,5183,3777,1307,0.5114466153542531,0.5213250517598343,0.5542832909245123,0.6012447791169309,1.1219705108224698,1.6352031319022744,1.2024895582338617,1.1219705108224698,1.0901354212681829,0.5986669359725308,0.6055363321799307,0.6232159847764034,100.0,100.0,5553,13455,739,126,10141,0,0.022690437601296597,0.7536975102192494,0.0,0.9500000000000001,0.4,0.5,0.2,30.0,85.0,35.0,0.9500000000000001,0.30000000000000004,0.5,0.1,20.0,75.0,35.0,2299,1078,1221,2299,0.5311004784688995,1.5535948462802949,1.5,1.0357298975201965,643,0.5964749536178108,1.0,1
"iteration_5","SCOPE_DATA_COLLECTION",1700,41,2530.0,2590.0,0,10044,7289,2299,10131,7264,2352,4834,3433,1075,5198,3839,1201,0.5181419457735247,0.527915291529153,0.5276801405975395,0.5454199662460283,1.0605034665976347,1.550947050074677,1.0908399324920566,1.0605034665976347,1.0339647000497847,0.5370293752585851,0.587241479755316,0.5944186046511628,97.5,100.0,5562,13403,667,89,10149,0,0.01600143833153542,0.757218533164217,0.0,0.9500000000000001,0.30000000000000004,0.5,0.1,20.0,75.0,35.0,0.9500000000000001,0.30000000000000004,0.6000000000000001,0.2,30.0,75.0,25.0,10221,5032,5189,10221,0.507680266118775,0.5728775644934384,0.5,1.1457551289868768,2702,0.5369634340222575,1.0,1
"iteration_5","SCOPE_DATA_COLLECTION",1700,41,2530.0,2590.0,1,10044,7289,2299,10131,7264,2352,4834,3433,1075,5198,3839,1201,0.5181419457735247,0.527915291529153,0.5276801405975395,0.5454199662460283,1.0605034665976347,1.550947050074677,1.0908399324920566,1.0605034665976347,1.0339647000497847,0.5370293752585851,0.587241479755316,0.5944186046511628,97.5,100.0,5562,13403,667,89,10149,0,0.01600143833153542,0.757218533164217,0.0,0.9500000000000001,0.30000000000000004,0.5,0.1,20.0,75.0,35.0,0.9500000000000001,0.30000000000000004,0.6000000000000001,0.2,30.0,75.0,25.0,7270,3510,3760,7270,0.517193947730399,1.1118685947467883,1.0,1.1118685947467883,2115,0.6025641025641025,1.0,1
"iteration_5","SCOPE_DATA_COLLECTION",1700,41,2530.0,2590.0,2,10044,7289,2299,10131,7264,2352,4834,3433,1075,5198,3839,1201,0.5181419457735247,0.527915291529153,0.5276801405975395,0.5454199662460283,1.0605034665976347,1.550947050074677,1.0908399324920566,1.0605034665976347,1.0339647000497847,0.5370293752585851,0.587241479755316,0.5944186046511628,97.5,100.0,5562,13403,667,89,10149,0,0.01600143833153542,0.757218533164217,0.0,0.9500000000000001,0.30000000000000004,0.5,0.1,20.0,75.0,35.0,0.9500000000000001,0.30000000000000004,0.6000000000000001,0.2,30.0,75.0,25.0,2359,1101,1258,2359,0.5332768122085629,1.599252535100008,1.5,1.0661683567333387,648,0.5885558583106267,1.0,1
"iteration_5","SCOPE_DATA_COLLECTION",1700,42,2590.0,2650.0,0,10221,7270,2359,10044,7289,2299,5021,3513,1095,5205,3782,1280,0.5089966751417955,0.5184372858122002,0.5389473684210526,0.571667983180661,1.1135752252437627,1.5917472723140422,1.143335966361322,1.1135752252437627,1.0611648482093614,0.535749850627365,0.6031881582692855,0.5863013698630137,100.0,100.0,5641,13485,724,151,10116,0,0.026768303492288602,0.7501668520578421,0.0,0.9500000000000001,0.30000000000000004,0.6000000000000001,0.2,30.0,75.0,25.0,0.8500000000000001,0.30000000000000004,0.5,0.1,30.0,85.0,20.0,10178,6998,3180,10178,0.31243859304382,0.45952431028523033,0.5,0.9190486205704607,2778,0.39697056301800515,1.0,1
"iteration_5","SCOPE_DATA_COLLECTION",1700,42,2590.0,2650.0,1,10221,7270,2359,10044,7289,2299,5021,3513,1095,5205,3782,1280,0.5089966751417955,0.5184372858122002,0.5389473684210526,0.571667983180661,1.1135752252437627,1.5917472723140422,1.143335966361322,1.1135752252437627,1.0611648482093614,0.535749850627365,0.6031881582692855,0.5863013698630137,100.0,100.0,5641,13485,724,151,10116,0,0.026768303492288602,0.7501668520578421,0.0,0.9500000000000001,0.30000000000000004,0.6000000000000001,0.2,30.0,75.0,25.0,0.8500000000000001,0.30000000000000004,0.5,0.1,30.0,85.0,20.0,7302,4895,2407,7302,0.32963571624212545,0.8585831226681663,1.0,0.8585831226681663,2067,0.422267620020429,1.0,1
"iteration_5","SCOPE_DATA_COLLECTION",1700,42,2590.0,2650.0,2,10221,7270,2359,10044,7289,2299,5021,3513,1095,5205,3782,1280,0.5089966751417955,0.5184372858122002,0.5389473684210526,0.571667983180661,1.1135752252437627,1.5917472723140422,1.143335966361322,1.1135752252437627,1.0611648482093614,0.535749850627365,0.6031881582692855,0.5863013698630137,100.0,100.0,5641,13485,724,151,10116,0,0.026768303492288602,0.7501668520578421,0.0,0.9500000000000001,0.30000000000000004,0.6000000000000001,0.2,30.0,75.0,25.0,0.8500000000000001,0.30000000000000004,0.5,0.1,30.0,85.0,20.0,2354,1516,838,2354,0.35598980458793544,1.252185052487331,1.5,0.834790034991554,642,0.4234828496042216,1.0,1
"iteration_5","SCOPE_DATA_COLLECTION",1700,43,2650.0,2710.0,0,10178,7302,2354,10221,7270,2359,7001,4879,1521,3170,2386,824,0.31167043555205975,0.3284239504473503,0.3513859275053305,0.46055973198345773,0.8562854632189706,1.2588698268868015,0.9211194639669155,0.8562854632189706,0.8392465512578676,0.39765747750321384,0.4220127075220332,0.4260355029585799,97.5,100.0,5496,12122,2216,96,6284,0,0.017467248908296942,0.5183963042402244,0.0,0.8500000000000001,0.30000000000000004,0.5,0.1,30.0,85.0,20.0,0.9500000000000001,0.2,0.4,0.1,40.0,85.0,30.0,10109,4826,5283,10109,0.5226036205361559,0.5345865180185781,0.5,1.0691730360371563,2460,0.5097389142146705,1.0,1
"iteration_5","SCOPE_DATA_COLLECTION",1700,43,2650.0,2710.0,1,10178,7302,2354,10221,7270,2359,7001,4879,1521,3170,2386,824,0.31167043555205975,0.3284239504473503,0.3513859275053305,0.46055973198345773,0.8562854632189706,1.2588698268868015,0.9211194639669155,0.8562854632189706,0.8392465512578676,0.39765747750321384,0.4220127075220332,0.4260355029585799,97.5,100.0,5496,12122,2216,96,6284,0,0.017467248908296942,0.5183963042402244,0.0,0.8500000000000001,0.30000000000000004,0.5,0.1,30.0,85.0,20.0,0.9500000000000001,0.2,0.4,0.1,40.0,85.0,30.0,7128,3321,3807,7128,0.5340909090909091,1.1025372097747899,1.0,1.1025372097747899,2034,0.6124661246612466,1.0,1
"iteration_5","SCOPE_DATA_COLLECTION",1700,43,2650.0,2710.0,2,10178,7302,2354,10221,7270,2359,7001,4879,1521,3170,2386,824,0.31167043555205975,0.3284239504473503,0.3513859275053305,0.46055973198345773,0.8562854632189706,1.2588698268868015,0.9211194639669155,0.8562854632189706,0.8392465512578676,0.39765747750321384,0.4220127075220332,0.4260355029585799,97.5,100.0,5496,12122,2216,96,6284,0,0.017467248908296942,0.5183963042402244,0.0,0.8500000000000001,0.30000000000000004,0.5,0.1,30.0,85.0,20.0,0.9500000000000001,0.2,0.4,0.1,40.0,85.0,30.0,2295,1043,1252,2295,0.5455337690631809,1.5656053701019697,1.5,1.043736913401313,626,0.6001917545541706,1.0,1
"iteration_5","SCOPE_DATA_COLLECTION",1700,44,2710.0,2770.0,0,10109,7128,2295,10178,7302,2354,4840,3337,1042,5295,3828,1266,0.5224469659595461,0.5342637822749476,0.548526863084922,0.5344846191092556,1.1035307270780084,1.5635339030239706,1.0689692382185112,1.1035307270780084,1.0423559353493137,0.5099173553719009,0.6119268804315253,0.5988483685220729,95.0,100.0,5493,13355,684,82,10307,0,0.014928090296741307,0.7717708723324598,0.0,0.9500000000000001,0.2,0.4,0.1,40.0,85.0,30.0,0.8500000000000001,0.1,0.4,0.2,50.0,75.0,20.0,9826,8244,1582,9826,0.16100142479136983,0.3638988342712393,0.5,0.7277976685424786,2145,0.2601892285298399,1.0,1
"iteration_5","SCOPE_DATA_COLLECTION",1700,44,2710.0,2770.0,1,10109,7128,2295,10178,7302,2354,4840,3337,1042,5295,3828,1266,0.5224469659595461,0.5342637822749476,0.548526863084922,0.5344846191092556,1.1035307270780084,1.5635339030239706,1.0689692382185112,1.1035307270780084,1.0423559353493137,0.5099173553719009,0.6119268804315253,0.5988483685220729,95.0,100.0,5493,13355,684,82,10307,0,0.014928090296741307,0.7717708723324598,0.0,0.9500000000000001,0.2,0.4,0.1,40.0,85.0,30.0,0.8500000000000001,0.1,0.4,0.2,50.0,75.0,20.0,7138,6003,1135,7138,0.15900812552535723,0.7526282373519538,1.0,0.7526282373519538,2114,0.35215725470598036,1.0,1
"iteration_5","SCOPE_DATA_COLLECTION",1700,44,2710.0,2770.0,2,10109,7128,2295,10178,7302,2354,4840,3337,1042,5295,3828,1266,0.5224469659595461,0.5342637822749476,0.548526863084922,0.5344846191092556,1.1035307270780084,1.5635339030239706,1.0689692382185112,1.1035307270780084,1.0423559353493137,0.5099173553719009,0.6119268804315253,0.5988483685220729,95.0,100.0,5493,13355,684,82,10307,0,0.014928090296741307,0.7717708723324598,0.0,0.9500000000000001,0.2,0.4,0.1,40.0,85.0,30.0,0.8500000000000001,0.1,0.4,0.2,50.0,75.0,20.0,2293,1901,392,2293,0.17095508068033144,1.0824562683465513,1.5,0.7216375122310342,646,0.3398211467648606,1.0,1
"iteration_5","SCOPE_DATA_COLLECTION",1700,45,2770.0,2830.0,0,9826,7138,2293,10109,7128,2295,8226,5964,1889,1582,1135,392,0.1612969004893964,0.15988167347513735,0.1718544498027181,0.36539965205977193,0.7529344874307444,1.0897626045462245,0.7307993041195439,0.7529344874307444,0.7265084030308163,0.261974228057379,0.35244802146210596,0.3440974060349391,100.0,100.0,5543,11625,2089,99,3010,0,0.01786036442359733,0.2589247311827957,0.0,0.8500000000000001,0.1,0.4,0.2,50.0,75.0,20.0,0.65,0.9,0.7000000000000001,0.30000000000000004,30.0,80.0,85.0,10057,8633,1424,10057,0.1415929203539823,0.4224594369952846,0.5,0.8449188739905692,2855,0.33070774933395114,1.0,1
"iteration_5","SCOPE_DATA_COLLECTION",1700,45,2770.0,2830.0,1,9826,7138,2293,10109,7128,2295,8226,5964,1889,1582,1135,392,0.1612969004893964,0.15988167347513735,0.1718544498027181,0.36539965205977193,0.7529344874307444,1.0897626045462245,0.7307993041195439,0.7529344874307444,0.7265084030308163,0.261974228057379,0.35244802146210596,0.3440974060349391,100.0,100.0,5543,11625,2089,99,3010,0,0.01786036442359733,0.2589247311827957,0.0,0.8500000000000001,0.1,0.4,0.2,50.0,75.0,20.0,0.65,0.9,0.7000000000000001,0.30000000000000004,30.0,80.0,85.0,7253,6201,1052,7253,0.14504343030470151,0.7510729397620819,1.0,0.7510729397620819,2068,0.33349459764554107,1.0,1
"iteration_5","SCOPE_DATA_COLLECTION",1700,45,2770.0,2830.0,2,9826,7138,2293,10109,7128,2295,8226,5964,1889,1582,1135,392,0.1612969004893964,0.15988167347513735,0.1718544498027181,0.36539965205977193,0.7529344874307444,1.0897626045462245,0.7307993041195439,0.7529344874307444,0.7265084030308163,0.261974228057379,0.35244802146210596,0.3440974060349391,100.0,100.0,5543,11625,2089,99,3010,0,0.01786036442359733,0.2589247311827957,0.0,0.8500000000000001,0.1,0.4,0.2,50.0,75.0,20.0,0.65,0.9,0.7000000000000001,0.30000000000000004,30.0,80.0,85.0,2329,1945,384,2329,0.16487762988407043,1.0770201144860552,1.5,0.7180134096573701,643,0.33059125964010283,1.0,1
"iteration_5","SCOPE_DATA_COLLECTION",1700,46,2830.0,2890.0,0,10057,7253,2329,9826,7138,2293,8633,6212,1957,1417,1047,382,0.14099502487562188,0.1442347430775589,0.1633176571184267,0.42141783376929,0.7522976136049537,1.0718205611643015,0.84283566753858,0.7522976136049537,0.714547040776201,0.32931773427545463,0.33370895041854476,0.32856412876852326,100.0,100.0,5658,9088,4893,216,10,2620,0.03817603393425239,0.0011003521126760564,0.5354588187206213,0.65,0.9,0.7000000000000001,0.30000000000000004,30.0,80.0,85.0,0.7000000000000001,0.30000000000000004,0.30000000000000004,0.5,55.0,70.0,65.0,10068,9440,628,10068,0.06237584425903854,0.3488582188186319,0.5,0.6977164376372638,2490,0.263771186440678,1.0,1
"iteration_5","SCOPE_DATA_COLLECTION",1700,46,2830.0,2890.0,1,10057,7253,2329,9826,7138,2293,8633,6212,1957,1417,1047,382,0.14099502487562188,0.1442347430775589,0.1633176571184267,0.42141783376929,0.7522976136049537,1.0718205611643015,0.84283566753858,0.7522976136049537,0.714547040776201,0.32931773427545463,0.33370895041854476,0.32856412876852326,100.0,100.0,5658,9088,4893,216,10,2620,0.03817603393425239,0.0011003521126760564,0.5354588187206213,0.65,0.9,0.7000000000000001,0.30000000000000004,30.0,80.0,85.0,0.7000000000000001,0.30000000000000004,0.30000000000000004,0.5,55.0,70.0,65.0,7365,6838,527,7365,0.07155465037338764,0.6514848109242888,1.0,0.6514848109242888,1990,0.29102076630593743,1.0,1
"iteration_5","SCOPE_DATA_COLLECTION",1700,46,2830.0,2890.0,2,10057,7253,2329,9826,7138,2293,8633,6212,1957,1417,1047,382,0.14099502487562188,0.1442347430775589,0.1633176571184267,0.42141783376929,0.7522976136049537,1.0718205611643015,0.84283566753858,0.7522976136049537,0.714547040776201,0.32931773427545463,0.33370895041854476,0.32856412876852326,100.0,100.0,5658,9088,4893,216,10,2620,0.03817603393425239,0.0011003521126760564,0.5354588187206213,0.65,0.9,0.7000000000000001,0.30000000000000004,30.0,80.0,85.0,0.7000000000000001,0.30000000000000004,0.30000000000000004,0.5,55.0,70.0,65.0,2352,2143,209,2352,0.08886054421768708,1.0036445366365325,1.5,0.6690963577576884,620,0.28931404573028463,1.0,1
"iteration_5","SCOPE_DATA_COLLECTION",1700,47,2890.0,2950.0,0,10068,7365,2352,10057,7253,2329,9403,6819,2128,635,531,211,0.06325961346881849,0.07224489795918368,0.09020949123557076,0.34005701594567406,0.6454408332274724,0.9964423334860206,0.6801140318913481,0.6454408332274724,0.6642948889906805,0.2618313304264596,0.29080510338759347,0.287593984962406,100.0,100.0,5531,9992,4262,156,150,1071,0.028204664617609836,0.01501200960768615,0.25129047395588927,0.7000000000000001,0.30000000000000004,0.30000000000000004,0.5,55.0,70.0,65.0,0.15000000000000002,0.30000000000000004,0.7000000000000001,0.9,50.0,25.0,55.0,9974,3889,6085,9974,0.6100862241828755,0.5593789112233817,0.5,1.1187578224467634,2383,0.6127539213165338,1.0,1
"iteration_5","SCOPE_DATA_COLLECTION",1700,47,2890.0,2950.0,1,10068,7365,2352,10057,7253,2329,9403,6819,2128,635,531,211,0.06325961346881849,0.07224489795918368,0.09020949123557076,0.34005701594567406,0.6454408332274724,0.9964423334860206,0.6801140318913481,0.6454408332274724,0.6642948889906805,0.2618313304264596,0.29080510338759347,0.287593984962406,100.0,100.0,5531,9992,4262,156,150,1071,0.028204664617609836,0.01501200960768615,0.25129047395588927,0.7000000000000001,0.30000000000000004,0.30000000000000004,0.5,55.0,70.0,65.0,0.15000000000000002,0.30000000000000004,0.7000000000000001,0.9,50.0,25.0,55.0,7327,2792,4535,7327,0.6189436331377098,1.2195730123687496,1.0,1.2195730123687496,2007,0.7188395415472779,1.0,1
"iteration_5","SCOPE_DATA_COLLECTION",1700,47,2890.0,2950.0,2,10068,7365,2352,10057,7253,2329,9403,6819,2128,635,531,211,0.06325961346881849,0.07224489795918368,0.09020949123557076,0.34005701594567406,0.6454408332274724,0.9964423334860206,0.6801140318913481,0.6454408332274724,0.6642948889906805,0.2618313304264596,0.29080510338759347,0.287593984962406,100.0,100.0,5531,9992,4262,156,150,1071,0.028204664617609836,0.01501200960768615,0.25129047395588927,0.7000000000000001,0.30000000000000004,0.30000000000000004,0.5,55.0,70.0,65.0,0.15000000000000002,0.30000000000000004,0.7000000000000001,0.9,50.0,25.0,55.0,2366,855,1511,2366,0.6386306001690617,1.743420744303538,1.5,1.1622804962023587,590,0.6900584795321637,1.0,1
"iteration_5","SCOPE_DATA_COLLECTION",1700,48,2950.0,3010.0,0,9974,7327,2366,10068,7365,2352,3914,2827,873,6085,4536,1510,0.6085608560856086,0.616053239168817,0.6336550566512799,0.5757731965536304,1.219692484047265,1.7414072838082435,1.1515463931072607,1.219692484047265,1.1609381892054957,0.6093510475217169,0.7102935974531305,0.6838487972508591,100.0,100.0,5701,2047,11919,212,0,11919,0.03718645851604981,0.0,1.0,0.15000000000000002,0.30000000000000004,0.7000000000000001,0.9,50.0,25.0,55.0,0.15000000000000002,0.30000000000000004,0.7000000000000001,0.9,50.0,25.0,55.0,10272,4036,6236,10272,0.6070872274143302,0.5680039027797879,0.5,1.1360078055595757,2397,0.5939048562933598,1.0,1
"iteration_5","SCOPE_DATA_COLLECTION",1700,48,2950.0,3010.0,1,9974,7327,2366,10068,7365,2352,3914,2827,873,6085,4536,1510,0.6085608560856086,0.616053239168817,0.6336550566512799,0.5757731965536304,1.219692484047265,1.7414072838082435,1.1515463931072607,1.219692484047265,1.1609381892054957,0.6093510475217169,0.7102935974531305,0.6838487972508591,100.0,100.0,5701,2047,11919,212,0,11919,0.03718645851604981,0.0,1.0,0.15000000000000002,0.30000000000000004,0.7000000000000001,0.9,50.0,25.0,55.0,0.15000000000000002,0.30000000000000004,0.7000000000000001,0.9,50.0,25.0,55.0,7348,2811,4537,7348,0.6174469243331518,1.2233886609282438,1.0,1.2233886609282438,1985,0.7061543934542868,1.0,1
"iteration_5","SCOPE_DATA_COLLECTION",1700,48,2950.0,3010.0,2,9974,7327,2366,10068,7365,2352,3914,2827,873,6085,4536,1510,0.6085608560856086,0.616053239168817,0.6336550566512799,0.5757731965536304,1.219692484047265,1.7414072838082435,1.1515463931072607,1.219692484047265,1.1609381892054957,0.6093510475217169,0.7102935974531305,0.6838487972508591,100.0,100.0,5701,2047,11919,212,0,11919,0.03718645851604981,0.0,1.0,0.15000000000000002,0.30000000000000004,0.7000000000000001,0.9,50.0,25.0,55.0,0.15000000000000002,0.30000000000000004,0.7000000000000001,0.9,50.0,25.0,55.0,2404,857,1547,2404,0.6435108153078203,1.7809013538557223,1.5,1.1872675692371482,601,0.7012835472578763,1.0,1
"iteration_5","SCOPE_DATA_COLLECTION",1700,49,3010.0,3070.0,0,10272,7348,2404,9974,7327,2366,4053,2815,849,6236,4537,1547,0.6060841675575858,0.6171109902067464,0.6456594323873122,0.5688570388768756,1.2244690449200621,1.7855653389498185,1.137714077753751,1.2244690449200621,1.1903768926332123,0.5963483839131507,0.7072824156305506,0.7031802120141343,97.5,100.0,5771,2177,12076,243,1,12076,0.04210708715993762,4.5934772622875517E-4,1.0,0.15000000000000002,0.30000000000000004,0.7000000000000001,0.9,50.0,25.0,55.0,0.15000000000000002,0.30000000000000004,0.1,0.8,85.0,85.0,75.0,10135,3837,6298,10135,0.6214109521460286,0.5240132163456721,0.5,1.0480264326913442,2226,0.5801407349491791,1.0,1
"iteration_5","SCOPE_DATA_COLLECTION",1700,49,3010.0,3070.0,1,10272,7348,2404,9974,7327,2366,4053,2815,849,6236,4537,1547,0.6060841675575858,0.6171109902067464,0.6456594323873122,0.5688570388768756,1.2244690449200621,1.7855653389498185,1.137714077753751,1.2244690449200621,1.1903768926332123,0.5963483839131507,0.7072824156305506,0.7031802120141343,97.5,100.0,5771,2177,12076,243,1,12076,0.04210708715993762,4.5934772622875517E-4,1.0,0.15000000000000002,0.30000000000000004,0.7000000000000001,0.9,50.0,25.0,55.0,0.15000000000000002,0.30000000000000004,0.1,0.8,85.0,85.0,75.0,7296,2830,4466,7296,0.6121162280701754,1.0603627112800311,1.0,1.0603627112800311,2001,0.7070671378091873,1.0,1
"iteration_5","SCOPE_DATA_COLLECTION",1700,49,3010.0,3070.0,2,10272,7348,2404,9974,7327,2366,4053,2815,849,6236,4537,1547,0.6060841675575858,0.6171109902067464,0.6456594323873122,0.5688570388768756,1.2244690449200621,1.7855653389498185,1.137714077753751,1.2244690449200621,1.1903768926332123,0.5963483839131507,0.7072824156305506,0.7031802120141343,97.5,100.0,5771,2177,12076,243,1,12076,0.04210708715993762,4.5934772622875517E-4,1.0,0.15000000000000002,0.30000000000000004,0.7000000000000001,0.9,50.0,25.0,55.0,0.15000000000000002,0.30000000000000004,0.1,0.8,85.0,85.0,75.0,2360,844,1516,2360,0.6423728813559322,1.7141062381483516,1.5,1.142737492098901,590,0.6990521327014217,1.0,1
"iteration_5","SCOPE_DATA_COLLECTION",1700,50,3070.0,3130.0,0,10135,7296,2360,10272,7348,2404,3834,2835,844,6298,4464,1516,0.6215949467035137,0.6115906288532675,0.6423728813559322,0.5226572977448304,1.0641792602742954,1.7065942582672744,1.0453145954896608,1.0641792602742954,1.1377295055115162,0.5787689097548252,0.7072310405643739,0.6954976303317536,100.0,100.0,5508,2099,12184,92,2,12184,0.01670297748729121,9.528346831824678E-4,1.0,0.15000000000000002,0.30000000000000004,0.1,0.8,85.0,85.0,75.0,0.55,0.30000000000000004,0.9,0.7000000000000001,85.0,40.0,25.0,10345,7135,3210,10345,0.3102948284195263,0.39209154560109766,0.5,0.7841830912021953,2513,0.3522074281709881,1.0,1
"iteration_5","SCOPE_DATA_COLLECTION",1700,50,3070.0,3130.0,1,10135,7296,2360,10272,7348,2404,3834,2835,844,6298,4464,1516,0.6215949467035137,0.6115906288532675,0.6423728813559322,0.5226572977448304,1.0641792602742954,1.7065942582672744,1.0453145954896608,1.0641792602742954,1.1377295055115162,0.5787689097548252,0.7072310405643739,0.6954976303317536,100.0,100.0,5508,2099,12184,92,2,12184,0.01670297748729121,9.528346831824678E-4,1.0,0.15000000000000002,0.30000000000000004,0.1,0.8,85.0,85.0,75.0,0.55,0.30000000000000004,0.9,0.7000000000000001,85.0,40.0,25.0,7258,4907,2351,7258,0.32391843483053184,0.809211878224772,1.0,0.809211878224772,1971,0.40167108212757285,1.0,1
"iteration_5","SCOPE_DATA_COLLECTION",1700,50,3070.0,3130.0,2,10135,7296,2360,10272,7348,2404,3834,2835,844,6298,4464,1516,0.6215949467035137,0.6115906288532675,0.6423728813559322,0.5226572977448304,1.0641792602742954,1.7065942582672744,1.0453145954896608,1.0641792602742954,1.1377295055115162,0.5787689097548252,0.7072310405643739,0.6954976303317536,100.0,100.0,5508,2099,12184,92,2,12184,0.01670297748729121,9.528346831824678E-4,1.0,0.15000000000000002,0.30000000000000004,0.1,0.8,85.0,85.0,75.0,0.55,0.30000000000000004,0.9,0.7000000000000001,85.0,40.0,25.0,2274,1544,730,2274,0.3210202286719437,1.2203709202108277,1.5,0.8135806134738851,644,0.4170984455958549,1.0,1
"iteration_5","SCOPE_DATA_COLLECTION",1700,51,3130.0,3190.0,0,10345,7258,2274,10135,7296,2360,7137,4895,1547,3210,2353,731,0.3102348506813569,0.3246412803532009,0.3208955223880597,0.3942947071137325,0.8063346613720297,1.2286464736231943,0.788589414227465,0.8063346613720297,0.8190976490821296,0.3547709121479613,0.40224719101123596,0.42081447963800905,100.0,100.0,5774,7876,6227,261,11,6022,0.04520263249047454,0.0013966480446927375,0.9670788501686205,0.55,0.30000000000000004,0.9,0.7000000000000001,85.0,40.0,25.0,0.55,0.30000000000000004,0.9,0.7000000000000001,85.0,40.0,25.0,10194,6873,3321,10194,0.3257798705120659,0.38597397180857757,0.5,0.7719479436171551,2450,0.35646733595227703,1.0,1
"iteration_5","SCOPE_DATA_COLLECTION",1700,51,3130.0,3190.0,1,10345,7258,2274,10135,7296,2360,7137,4895,1547,3210,2353,731,0.3102348506813569,0.3246412803532009,0.3208955223880597,0.3942947071137325,0.8063346613720297,1.2286464736231943,0.788589414227465,0.8063346613720297,0.8190976490821296,0.3547709121479613,0.40224719101123596,0.42081447963800905,100.0,100.0,5774,7876,6227,261,11,6022,0.04520263249047454,0.0013966480446927375,0.9670788501686205,0.55,0.30000000000000004,0.9,0.7000000000000001,85.0,40.0,25.0,0.55,0.30000000000000004,0.9,0.7000000000000001,85.0,40.0,25.0,7262,4891,2371,7262,0.32649407876618014,0.7981006531964417,1.0,0.7981006531964417,2009,0.4107544469433654,1.0,1
"iteration_5","SCOPE_DATA_COLLECTION",1700,51,3130.0,3190.0,2,10345,7258,2274,10135,7296,2360,7137,4895,1547,3210,2353,731,0.3102348506813569,0.3246412803532009,0.3208955223880597,0.3942947071137325,0.8063346613720297,1.2286464736231943,0.788589414227465,0.8063346613720297,0.8190976490821296,0.3547709121479613,0.40224719101123596,0.42081447963800905,100.0,100.0,5774,7876,6227,261,11,6022,0.04520263249047454,0.0013966480446927375,0.9670788501686205,0.55,0.30000000000000004,0.9,0.7000000000000001,85.0,40.0,25.0,0.55,0.30000000000000004,0.9,0.7000000000000001,85.0,40.0,25.0,2371,1567,804,2371,0.3390974272458878,1.1589783399128306,1.5,0.7726522266085537,622,0.396936821952776,1.0,1
"iteration_5","SCOPE_DATA_COLLECTION",1700,52,3190.0,3250.0,0,10194,7262,2371,10345,7258,2274,6873,4893,1565,3321,2371,804,0.3257798705120659,0.32640418502202645,0.33938370620514985,0.38523315005347736,0.7980030133064433,1.1510883832341363,0.7704663001069547,0.7980030133064433,0.7673922554894242,0.35530336097773896,0.4099734314326589,0.39424920127795526,100.0,100.0,5723,7775,6329,221,8,6267,0.03861611043159182,0.0010289389067524115,0.9902038236688261,0.55,0.30000000000000004,0.9,0.7000000000000001,85.0,40.0,25.0,0.35000000000000003,0.1,0.5,0.6000000000000001,25.0,65.0,95.0,10127,5429,4698,10127,0.46390836377999406,0.3918230578977874,0.5,0.7836461157955747,2105,0.38773254743046603,1.0,1
"iteration_5","SCOPE_DATA_COLLECTION",1700,52,3190.0,3250.0,1,10194,7262,2371,10345,7258,2274,6873,4893,1565,3321,2371,804,0.3257798705120659,0.32640418502202645,0.33938370620514985,0.38523315005347736,0.7980030133064433,1.1510883832341363,0.7704663001069547,0.7980030133064433,0.7673922554894242,0.35530336097773896,0.4099734314326589,0.39424920127795526,100.0,100.0,5723,7775,6329,221,8,6267,0.03861611043159182,0.0010289389067524115,0.9902038236688261,0.55,0.30000000000000004,0.9,0.7000000000000001,85.0,40.0,25.0,0.35000000000000003,0.1,0.5,0.6000000000000001,25.0,65.0,95.0,7005,3686,3319,7005,0.4738044254104211,0.9194474238047103,1.0,0.9194474238047103,1920,0.5208898534997287,1.0,1
"iteration_5","SCOPE_DATA_COLLECTION",1700,52,3190.0,3250.0,2,10194,7262,2371,10345,7258,2274,6873,4893,1565,3321,2371,804,0.3257798705120659,0.32640418502202645,0.33938370620514985,0.38523315005347736,0.7980030133064433,1.1510883832341363,0.7704663001069547,0.7980030133064433,0.7673922554894242,0.35530336097773896,0.4099734314326589,0.39424920127795526,100.0,100.0,5723,7775,6329,221,8,6267,0.03861611043159182,0.0010289389067524115,0.9902038236688261,0.55,0.30000000000000004,0.9,0.7000000000000001,85.0,40.0,25.0,0.35000000000000003,0.1,0.5,0.6000000000000001,25.0,65.0,95.0,2413,1204,1209,2413,0.5010360547036884,1.4460446139038006,1.5,0.9640297426025337,659,0.5473421926910299,1.0,1
"iteration_5","SCOPE_DATA_COLLECTION",1700,53,3250.0,3310.0,0,10127,7005,2413,10194,7262,2371,5447,3692,1199,4698,3319,1209,0.463085263676688,0.4733989445157609,0.5020764119601329,0.39247948273027367,0.9215721737745208,1.4470581246801484,0.7849589654605473,0.9215721737745208,0.9647054164534322,0.38865430512208554,0.5208559046587216,0.5471226021684737,97.5,100.0,5757,4762,9026,195,5,9026,0.033871808233454925,0.0010499790004199917,1.0,0.35000000000000003,0.1,0.5,0.6000000000000001,25.0,65.0,95.0,0.8500000000000001,0.6000000000000001,0.5,0.7000000000000001,65.0,65.0,30.0,10135,7817,2318,10135,0.2287123828317711,0.42697882635167367,0.5,0.8539576527033473,2822,0.3610080593578099,1.0,1
"iteration_5","SCOPE_DATA_COLLECTION",1700,53,3250.0,3310.0,1,10127,7005,2413,10194,7262,2371,5447,3692,1199,4698,3319,1209,0.463085263676688,0.4733989445157609,0.5020764119601329,0.39247948273027367,0.9215721737745208,1.4470581246801484,0.7849589654605473,0.9215721737745208,0.9647054164534322,0.38865430512208554,0.5208559046587216,0.5471226021684737,97.5,100.0,5757,4762,9026,195,5,9026,0.033871808233454925,0.0010499790004199917,1.0,0.35000000000000003,0.1,0.5,0.6000000000000001,25.0,65.0,95.0,0.8500000000000001,0.6000000000000001,0.5,0.7000000000000001,65.0,65.0,30.0,7412,5575,1837,7412,0.24784133837021047,0.7909977250767273,1.0,0.7909977250767273,2054,0.3684304932735426,1.0,1
"iteration_5","SCOPE_DATA_COLLECTION",1700,53,3250.0,3310.0,2,10127,7005,2413,10194,7262,2371,5447,3692,1199,4698,3319,1209,0.463085263676688,0.4733989445157609,0.5020764119601329,0.39247948273027367,0.9215721737745208,1.4470581246801484,0.7849589654605473,0.9215721737745208,0.9647054164534322,0.38865430512208554,0.5208559046587216,0.5471226021684737,97.5,100.0,5757,4762,9026,195,5,9026,0.033871808233454925,0.0010499790004199917,1.0,0.35000000000000003,0.1,0.5,0.6000000000000001,25.0,65.0,95.0,0.8500000000000001,0.6000000000000001,0.5,0.7000000000000001,65.0,65.0,30.0,2359,1683,676,2359,0.28656210258584147,1.1843066029331344,1.5,0.7895377352887563,606,0.3600713012477718,1.0,1
"iteration_5","SCOPE_DATA_COLLECTION",1700,54,3310.0,3370.0,0,10135,7412,2359,10127,7005,2413,7718,5564,1685,2318,1832,671,0.23096851335193305,0.24770146024878312,0.28480475382003395,0.42438566952831536,0.7929850262497721,1.1869102058584553,0.8487713390566307,0.7929850262497721,0.7912734705723036,0.3568281938325991,0.3707764198418404,0.3614243323442137,100.0,100.0,5749,12033,2124,245,4526,50,0.0426161071490694,0.3761323028338735,0.023540489642184557,0.8500000000000001,0.6000000000000001,0.5,0.7000000000000001,65.0,65.0,30.0,0.75,0.5,0.6000000000000001,0.8,65.0,75.0,30.0,10268,9840,428,10268,0.04168289832489287,0.36885733618854205,0.5,0.7377146723770841,2654,0.26971544715447154,1.0,1
"iteration_5","SCOPE_DATA_COLLECTION",1700,54,3310.0,3370.0,1,10135,7412,2359,10127,7005,2413,7718,5564,1685,2318,1832,671,0.23096851335193305,0.24770146024878312,0.28480475382003395,0.42438566952831536,0.7929850262497721,1.1869102058584553,0.8487713390566307,0.7929850262497721,0.7912734705723036,0.3568281938325991,0.3707764198418404,0.3614243323442137,100.0,100.0,5749,12033,2124,245,4526,50,0.0426161071490694,0.3761323028338735,0.023540489642184557,0.8500000000000001,0.6000000000000001,0.5,0.7000000000000001,65.0,65.0,30.0,0.75,0.5,0.6000000000000001,0.8,65.0,75.0,30.0,7187,6840,347,7187,0.04828161959092806,0.6642765976509498,1.0,0.6642765976509498,1930,0.2821637426900585,1.0,1
"iteration_5","SCOPE_DATA_COLLECTION",1700,54,3310.0,3370.0,2,10135,7412,2359,10127,7005,2413,7718,5564,1685,2318,1832,671,0.23096851335193305,0.24770146024878312,0.28480475382003395,0.42438566952831536,0.7929850262497721,1.1869102058584553,0.8487713390566307,0.7929850262497721,0.7912734705723036,0.3568281938325991,0.3707764198418404,0.3614243323442137,100.0,100.0,5749,12033,2124,245,4526,50,0.0426161071490694,0.3761323028338735,0.023540489642184557,0.8500000000000001,0.6000000000000001,0.5,0.7000000000000001,65.0,65.0,30.0,0.75,0.5,0.6000000000000001,0.8,65.0,75.0,30.0,2328,2152,176,2328,0.07560137457044673,1.0102286289695148,1.5,0.6734857526463432,617,0.2867100371747212,1.0,1
"iteration_5","SCOPE_DATA_COLLECTION",1700,55,3370.0,3430.0,0,10268,7187,2328,10135,7412,2359,9924,6830,2149,428,352,181,0.04134466769706337,0.04901141743247006,0.07768240343347639,0.37158041802244723,0.6643029496192002,1.0129259274408768,0.7431608360448945,0.6643029496192002,0.6752839516272512,0.27388149939540507,0.2815519765739385,0.28757561656584457,97.5,100.0,5804,10531,3448,289,635,37,0.049793246037215716,0.06029816731554458,0.010730858468677494,0.75,0.5,0.6000000000000001,0.8,65.0,75.0,30.0,0.8500000000000001,0.6000000000000001,0.6000000000000001,0.8,55.0,75.0,40.0,10078,8262,1816,10078,0.1801944830323477,0.4189900516400955,0.5,0.837980103280191,2740,0.3316388283708545,1.0,1
"iteration_5","SCOPE_DATA_COLLECTION",1700,55,3370.0,3430.0,1,10268,7187,2328,10135,7412,2359,9924,6830,2149,428,352,181,0.04134466769706337,0.04901141743247006,0.07768240343347639,0.37158041802244723,0.6643029496192002,1.0129259274408768,0.7431608360448945,0.6643029496192002,0.6752839516272512,0.27388149939540507,0.2815519765739385,0.28757561656584457,97.5,100.0,5804,10531,3448,289,635,37,0.049793246037215716,0.06029816731554458,0.010730858468677494,0.75,0.5,0.6000000000000001,0.8,65.0,75.0,30.0,0.8500000000000001,0.6000000000000001,0.6000000000000001,0.8,55.0,75.0,40.0,7168,5837,1331,7168,0.18568638392857142,0.8070778041026329,1.0,0.8070778041026329,2062,0.35326366284050026,1.0,1
"iteration_5","SCOPE_DATA_COLLECTION",1700,55,3370.0,3430.0,2,10268,7187,2328,10135,7412,2359,9924,6830,2149,428,352,181,0.04134466769706337,0.04901141743247006,0.07768240343347639,0.37158041802244723,0.6643029496192002,1.0129259274408768,0.7431608360448945,0.6643029496192002,0.6752839516272512,0.27388149939540507,0.2815519765739385,0.28757561656584457,97.5,100.0,5804,10531,3448,289,635,37,0.049793246037215716,0.06029816731554458,0.010730858468677494,0.75,0.5,0.6000000000000001,0.8,65.0,75.0,30.0,0.8500000000000001,0.6000000000000001,0.6000000000000001,0.8,55.0,75.0,40.0,2295,1818,477,2295,0.20784313725490197,1.1596350386873029,1.5,0.7730900257915353,602,0.3311331133113311,1.0,1
"iteration_5","SCOPE_DATA_COLLECTION",1700,56,3430.0,3490.0,0,10078,7168,2295,10268,7187,2328,8242,5825,1814,1816,1331,477,0.1805527937959833,0.18599776411403018,0.20820602357049323,0.4172215564380172,0.8047736696770168,1.1593405364014173,0.8344431128760345,0.8047736696770168,0.7728936909342782,0.33013831594273235,0.3521030042918455,0.33131201764057333,100.0,100.0,5732,11737,2072,217,3407,0,0.037857641311933005,0.29027860611740647,0.0,0.8500000000000001,0.6000000000000001,0.6000000000000001,0.8,55.0,75.0,40.0,0.8500000000000001,0.6000000000000001,0.5,0.9,55.0,85.0,30.0,10061,7300,2761,10061,0.2744260013915118,0.4408147244208302,0.5,0.8816294488416604,2706,0.37068493150684934,1.0,1
"iteration_5","SCOPE_DATA_COLLECTION",1700,56,3430.0,3490.0,1,10078,7168,2295,10268,7187,2328,8242,5825,1814,1816,1331,477,0.1805527937959833,0.18599776411403018,0.20820602357049323,0.4172215564380172,0.8047736696770168,1.1593405364014173,0.8344431128760345,0.8047736696770168,0.7728936909342782,0.33013831594273235,0.3521030042918455,0.33131201764057333,100.0,100.0,5732,11737,2072,217,3407,0,0.037857641311933005,0.29027860611740647,0.0,0.8500000000000001,0.6000000000000001,0.6000000000000001,0.8,55.0,75.0,40.0,0.8500000000000001,0.6000000000000001,0.5,0.9,55.0,85.0,30.0,7411,5212,2199,7411,0.29672109027121846,0.8447168103453049,1.0,0.8447168103453049,2182,0.418649270913277,1.0,1
"iteration_5","SCOPE_DATA_COLLECTION",1700,56,3430.0,3490.0,2,10078,7168,2295,10268,7187,2328,8242,5825,1814,1816,1331,477,0.1805527937959833,0.18599776411403018,0.20820602357049323,0.4172215564380172,0.8047736696770168,1.1593405364014173,0.8344431128760345,0.8047736696770168,0.7728936909342782,0.33013831594273235,0.3521030042918455,0.33131201764057333,100.0,100.0,5732,11737,2072,217,3407,0,0.037857641311933005,0.29027860611740647,0.0,0.8500000000000001,0.6000000000000001,0.6000000000000001,0.8,55.0,75.0,40.0,0.8500000000000001,0.6000000000000001,0.5,0.9,55.0,85.0,30.0,2341,1571,770,2341,0.3289192652712516,1.2093756585839264,1.5,0.806250439055951,594,0.3781031190324634,1.0,1
"iteration_5","SCOPE_DATA_COLLECTION",1700,57,3490.0,3550.0,0,10061,7411,2341,10078,7168,2295,7272,5220,1586,2761,2195,760,0.27519186683942987,0.29602157788267025,0.32395566922421143,0.4288267298753674,0.8321216160384471,1.2024849299946034,0.8576534597507348,0.8321216160384471,0.8016566199964023,0.36702420242024203,0.4149425287356322,0.3764186633039092,100.0,100.0,5659,12125,2029,209,5507,0,0.03693232019791483,0.45418556701030927,0.0,0.8500000000000001,0.6000000000000001,0.5,0.9,55.0,85.0,30.0,0.75,0.7000000000000001,0.5,0.9,45.0,85.0,20.0,10010,9281,729,10010,0.07282717282717283,0.36061894503941644,0.5,0.7212378900788329,2596,0.2797112380131451,1.0,1
"iteration_5","SCOPE_DATA_COLLECTION",1700,57,3490.0,3550.0,1,10061,7411,2341,10078,7168,2295,7272,5220,1586,2761,2195,760,0.27519186683942987,0.29602157788267025,0.32395566922421143,0.4288267298753674,0.8321216160384471,1.2024849299946034,0.8576534597507348,0.8321216160384471,0.8016566199964023,0.36702420242024203,0.4149425287356322,0.3764186633039092,100.0,100.0,5659,12125,2029,209,5507,0,0.03693232019791483,0.45418556701030927,0.0,0.8500000000000001,0.6000000000000001,0.5,0.9,55.0,85.0,30.0,0.75,0.7000000000000001,0.5,0.9,45.0,85.0,20.0,7453,6856,597,7453,0.08010197236012344,0.675155705376436,1.0,0.675155705376436,2044,0.29813302217036175,1.0,1
"iteration_5","SCOPE_DATA_COLLECTION",1700,57,3490.0,3550.0,2,10061,7411,2341,10078,7168,2295,7272,5220,1586,2761,2195,760,0.27519186683942987,0.29602157788267025,0.32395566922421143,0.4288267298753674,0.8321216160384471,1.2024849299946034,0.8576534597507348,0.8321216160384471,0.8016566199964023,0.36702420242024203,0.4149425287356322,0.3764186633039092,100.0,100.0,5659,12125,2029,209,5507,0,0.03693232019791483,0.45418556701030927,0.0,0.8500000000000001,0.6000000000000001,0.5,0.9,55.0,85.0,30.0,0.75,0.7000000000000001,0.5,0.9,45.0,85.0,20.0,2372,2133,239,2372,0.10075885328836424,0.9999095626934212,1.5,0.6666063751289475,599,0.2808251289263948,1.0,1
"iteration_5","SCOPE_DATA_COLLECTION",1700,58,3550.0,3618.874729203663,0,10010,7453,2372,10061,7411,2341,9312,6869,2122,729,601,249,0.07260233044517478,0.08045515394912986,0.10501897933361451,0.3709888698567503,0.6855286875270056,1.000897866843531,0.7419777397135006,0.6855286875270056,0.667265244562354,0.28296821305841924,0.3014994904644053,0.28039585296889724,100.0,100.0,5734,10538,3563,234,1228,117,0.040809208231600974,0.11653065097741507,0.032837496491720464,0.75,0.7000000000000001,0.5,0.9,45.0,85.0,20.0,0.8,0.5,0.2,0.1,75.0,65.0,45.0,8413,6969,1381,8350,0.16538922155688623,0.37095792031703523,0.5,0.7419158406340705,2024,0.29042904290429045,0.9925115892071794,0
"iteration_5","SCOPE_DATA_COLLECTION",1700,58,3550.0,3618.874729203663,1,10010,7453,2372,10061,7411,2341,9312,6869,2122,729,601,249,0.07260233044517478,0.08045515394912986,0.10501897933361451,0.3709888698567503,0.6855286875270056,1.000897866843531,0.7419777397135006,0.6855286875270056,0.667265244562354,0.28296821305841924,0.3014994904644053,0.28039585296889724,100.0,100.0,5734,10538,3563,234,1228,117,0.040809208231600974,0.11653065097741507,0.032837496491720464,0.75,0.7000000000000001,0.5,0.9,45.0,85.0,20.0,0.8,0.5,0.2,0.1,75.0,65.0,45.0,5960,4830,1057,5887,0.17954815695600476,0.6679321013360484,1.0,0.6679321013360484,1523,0.3153209109730849,0.987751677852349,0
"iteration_5","SCOPE_DATA_COLLECTION",1700,58,3550.0,3618.874729203663,2,10010,7453,2372,10061,7411,2341,9312,6869,2122,729,601,249,0.07260233044517478,0.08045515394912986,0.10501897933361451,0.3709888698567503,0.6855286875270056,1.000897866843531,0.7419777397135006,0.6855286875270056,0.667265244562354,0.28296821305841924,0.3014994904644053,0.28039585296889724,100.0,100.0,5734,10538,3563,234,1228,117,0.040809208231600974,0.11653065097741507,0.032837496491720464,0.75,0.7000000000000001,0.5,0.9,45.0,85.0,20.0,0.8,0.5,0.2,0.1,75.0,65.0,45.0,1923,1526,355,1881,0.18872939925571505,1.0405738591167093,1.5,0.6937159060778062,495,0.32437745740498036,0.9781591263650546,0
"iteration_5","SCOPE_DATA_COLLECTION",1800,0,70.0,130.0,0,10129,6925,2378,0,0,0,7920,5271,1755,2168,1574,596,0.21490880253766853,0.22994886778670562,0.2535091450446618,0.36517178146442525,0.7305770026759615,1.0446344347450778,0.7303435629288505,0.7305770026759615,0.6964229564967185,0.30113636363636365,0.34130146082337315,0.3264957264957265,95.0,100.0,5612,8316,5504,254,146,3938,0.04526015680684248,0.017556517556517555,0.7154796511627907,0.6,0.5,0.7,0.4,85.0,80.0,90.0,0.6,0.5,0.7,0.4,85.0,80.0,90.0,11149,9084,2065,11149,0.18521840523813796,0.37861191162206415,0.5,0.7572238232441283,2876,0.31660061646851606,1.0,1
"iteration_5","SCOPE_DATA_COLLECTION",1800,0,70.0,130.0,1,10129,6925,2378,0,0,0,7920,5271,1755,2168,1574,596,0.21490880253766853,0.22994886778670562,0.2535091450446618,0.36517178146442525,0.7305770026759615,1.0446344347450778,0.7303435629288505,0.7305770026759615,0.6964229564967185,0.30113636363636365,0.34130146082337315,0.3264957264957265,95.0,100.0,5612,8316,5504,254,146,3938,0.04526015680684248,0.017556517556517555,0.7154796511627907,0.6,0.5,0.7,0.4,85.0,80.0,90.0,0.6,0.5,0.7,0.4,85.0,80.0,90.0,7302,5780,1522,7302,0.20843604491920023,0.7197871931037824,1.0,0.7197871931037824,1926,0.3332179930795848,1.0,1
"iteration_5","SCOPE_DATA_COLLECTION",1800,0,70.0,130.0,2,10129,6925,2378,0,0,0,7920,5271,1755,2168,1574,596,0.21490880253766853,0.22994886778670562,0.2535091450446618,0.36517178146442525,0.7305770026759615,1.0446344347450778,0.7303435629288505,0.7305770026759615,0.6964229564967185,0.30113636363636365,0.34130146082337315,0.3264957264957265,95.0,100.0,5612,8316,5504,254,146,3938,0.04526015680684248,0.017556517556517555,0.7154796511627907,0.6,0.5,0.7,0.4,85.0,80.0,90.0,0.6,0.5,0.7,0.4,85.0,80.0,90.0,2451,1884,567,2451,0.23133414932680538,1.032987918879954,1.5,0.688658612586636,592,0.31422505307855625,1.0,1
"iteration_5","SCOPE_DATA_COLLECTION",1800,1,130.0,190.0,0,11149,7302,2451,10129,6925,2378,9053,5794,1883,2065,1522,567,0.1857348443964742,0.20803717878622197,0.23142857142857143,0.3760529959905142,0.7211047319635285,1.0355190691711222,0.7521059919810285,0.7211047319635285,0.6903460461140815,0.3145918480061858,0.3346565412495685,0.3159851301115242,100.0,100.0,5987,9028,5887,271,10,3873,0.04526474027058627,0.0011076650420912715,0.6578902666893155,0.6,0.5,0.7,0.4,85.0,80.0,90.0,0.5,0.5,0.7000000000000001,0.5,75.0,80.0,80.0,10953,6950,4003,10953,0.3654706473112389,0.41242080678921067,0.5,0.8248416135784213,2601,0.37424460431654677,1.0,1
"iteration_5","SCOPE_DATA_COLLECTION",1800,1,130.0,190.0,1,11149,7302,2451,10129,6925,2378,9053,5794,1883,2065,1522,567,0.1857348443964742,0.20803717878622197,0.23142857142857143,0.3760529959905142,0.7211047319635285,1.0355190691711222,0.7521059919810285,0.7211047319635285,0.6903460461140815,0.3145918480061858,0.3346565412495685,0.3159851301115242,100.0,100.0,5987,9028,5887,271,10,3873,0.04526474027058627,0.0011076650420912715,0.6578902666893155,0.6,0.5,0.7,0.4,85.0,80.0,90.0,0.5,0.5,0.7000000000000001,0.5,75.0,80.0,80.0,7609,4706,2903,7609,0.3815218819818636,0.8450389068835495,1.0,0.8450389068835495,1995,0.4239269018274543,1.0,1
"iteration_5","SCOPE_DATA_COLLECTION",1800,1,130.0,190.0,2,11149,7302,2451,10129,6925,2378,9053,5794,1883,2065,1522,567,0.1857348443964742,0.20803717878622197,0.23142857142857143,0.3760529959905142,0.7211047319635285,1.0355190691711222,0.7521059919810285,0.7211047319635285,0.6903460461140815,0.3145918480061858,0.3346565412495685,0.3159851301115242,100.0,100.0,5987,9028,5887,271,10,3873,0.04526474027058627,0.0011076650420912715,0.6578902666893155,0.6,0.5,0.7,0.4,85.0,80.0,90.0,0.5,0.5,0.7000000000000001,0.5,75.0,80.0,80.0,2619,1552,1067,2619,0.4074074074074074,1.1860276510511167,1.5,0.7906851007007445,619,0.39884020618556704,1.0,1
"iteration_5","SCOPE_DATA_COLLECTION",1800,2,190.0,250.0,0,10953,7609,2619,11149,7302,2451,6972,4713,1552,4003,2903,1067,0.3647380410022779,0.38117121848739494,0.4074074074074074,0.41424790519981847,0.8450602009970023,1.178155403767871,0.8284958103996369,0.8450602009970023,0.7854369358452473,0.37535857716580606,0.4245703373647358,0.3949742268041237,97.5,100.0,5909,7586,7686,345,7,7621,0.05838551362328651,9.227524387028737E-4,0.9915430653135571,0.5,0.5,0.7000000000000001,0.5,75.0,80.0,80.0,0.25,0.9,0.2,0.4,60.0,75.0,55.0,11188,5074,6114,11188,0.546478369681802,0.5058051035975162,0.5,1.0116102071950324,2576,0.507686243594797,1.0,1
"iteration_5","SCOPE_DATA_COLLECTION",1800,2,190.0,250.0,1,10953,7609,2619,11149,7302,2451,6972,4713,1552,4003,2903,1067,0.3647380410022779,0.38117121848739494,0.4074074074074074,0.41424790519981847,0.8450602009970023,1.178155403767871,0.8284958103996369,0.8450602009970023,0.7854369358452473,0.37535857716580606,0.4245703373647358,0.3949742268041237,97.5,100.0,5909,7586,7686,345,7,7621,0.05838551362328651,9.227524387028737E-4,0.9915430653135571,0.5,0.5,0.7000000000000001,0.5,75.0,80.0,80.0,0.25,0.9,0.2,0.4,60.0,75.0,55.0,7422,3309,4113,7422,0.5541632983023443,0.9510219437558936,1.0,0.9510219437558936,1878,0.5675430643699003,1.0,1
"iteration_5","SCOPE_DATA_COLLECTION",1800,2,190.0,250.0,2,10953,7609,2619,11149,7302,2451,6972,4713,1552,4003,2903,1067,0.3647380410022779,0.38117121848739494,0.4074074074074074,0.41424790519981847,0.8450602009970023,1.178155403767871,0.8284958103996369,0.8450602009970023,0.7854369358452473,0.37535857716580606,0.4245703373647358,0.3949742268041237,97.5,100.0,5909,7586,7686,345,7,7621,0.05838551362328651,9.227524387028737E-4,0.9915430653135571,0.5,0.5,0.7000000000000001,0.5,75.0,80.0,80.0,0.25,0.9,0.2,0.4,60.0,75.0,55.0,2580,1096,1484,2580,0.5751937984496124,1.4812899026089803,1.5,0.9875266017393202,613,0.5593065693430657,1.0,1
"iteration_5","SCOPE_DATA_COLLECTION",1800,3,250.0,310.0,0,11188,7422,2580,10953,7609,2619,5089,3322,1098,6114,4113,1484,0.5457466749977684,0.5531943510423671,0.5747482571649883,0.5069540339137497,0.958037099017221,1.4947626823836366,1.0139080678274994,0.958037099017221,0.9965084549224245,0.5085478483002555,0.5686333534015653,0.563752276867031,100.0,100.0,5660,3998,11532,176,3,11532,0.03109540636042403,7.503751875937969E-4,1.0,0.25,0.9,0.2,0.4,60.0,75.0,55.0,0.35000000000000003,0.9,0.1,0.30000000000000004,70.0,85.0,45.0,11010,5697,5313,11010,0.4825613079019074,0.4523372408264651,0.5,0.9046744816529302,2521,0.4425136036510444,1.0,1
"iteration_5","SCOPE_DATA_COLLECTION",1800,3,250.0,310.0,1,11188,7422,2580,10953,7609,2619,5089,3322,1098,6114,4113,1484,0.5457466749977684,0.5531943510423671,0.5747482571649883,0.5069540339137497,0.958037099017221,1.4947626823836366,1.0139080678274994,0.958037099017221,0.9965084549224245,0.5085478483002555,0.5686333534015653,0.563752276867031,100.0,100.0,5660,3998,11532,176,3,11532,0.03109540636042403,7.503751875937969E-4,1.0,0.25,0.9,0.2,0.4,60.0,75.0,55.0,0.35000000000000003,0.9,0.1,0.30000000000000004,70.0,85.0,45.0,7380,3783,3597,7380,0.48739837398373986,0.8219349154349332,1.0,0.8219349154349332,1892,0.500132170235263,1.0,1
"iteration_5","SCOPE_DATA_COLLECTION",1800,3,250.0,310.0,2,11188,7422,2580,10953,7609,2619,5089,3322,1098,6114,4113,1484,0.5457466749977684,0.5531943510423671,0.5747482571649883,0.5069540339137497,0.958037099017221,1.4947626823836366,1.0139080678274994,0.958037099017221,0.9965084549224245,0.5085478483002555,0.5686333534015653,0.563752276867031,100.0,100.0,5660,3998,11532,176,3,11532,0.03109540636042403,7.503751875937969E-4,1.0,0.25,0.9,0.2,0.4,60.0,75.0,55.0,0.35000000000000003,0.9,0.1,0.30000000000000004,70.0,85.0,45.0,2613,1302,1311,2613,0.5017221584385764,1.3022289840422308,1.5,0.8681526560281538,627,0.4815668202764977,1.0,1
"iteration_5","SCOPE_DATA_COLLECTION",1800,4,310.0,370.0,0,11010,7380,2613,11188,7422,2580,5698,3776,1302,5313,3597,1311,0.4825174825174825,0.48786111487861117,0.5017221584385764,0.4525498567900095,0.8209659816591088,1.2954373708114921,0.905099713580019,0.8209659816591088,0.863624913874328,0.4420849420849421,0.4989406779661017,0.47772657450076805,100.0,100.0,5557,5325,10121,98,2,10121,0.01763541479215404,3.755868544600939E-4,1.0,0.35000000000000003,0.9,0.1,0.30000000000000004,70.0,85.0,45.0,0.25,0.8,0.1,0.2,60.0,95.0,55.0,11035,4945,6090,11035,0.551880380607159,0.49936268355061514,0.5,0.9987253671012303,2510,0.5075834175935288,1.0,1
"iteration_5","SCOPE_DATA_COLLECTION",1800,4,310.0,370.0,1,11010,7380,2613,11188,7422,2580,5698,3776,1302,5313,3597,1311,0.4825174825174825,0.48786111487861117,0.5017221584385764,0.4525498567900095,0.8209659816591088,1.2954373708114921,0.905099713580019,0.8209659816591088,0.863624913874328,0.4420849420849421,0.4989406779661017,0.47772657450076805,100.0,100.0,5557,5325,10121,98,2,10121,0.01763541479215404,3.755868544600939E-4,1.0,0.35000000000000003,0.9,0.1,0.30000000000000004,70.0,85.0,45.0,0.25,0.8,0.1,0.2,60.0,95.0,55.0,7369,3365,4004,7369,0.543357307640114,0.9195927772656342,1.0,0.9195927772656342,1949,0.5791976225854384,1.0,1
"iteration_5","SCOPE_DATA_COLLECTION",1800,4,310.0,370.0,2,11010,7380,2613,11188,7422,2580,5698,3776,1302,5313,3597,1311,0.4825174825174825,0.48786111487861117,0.5017221584385764,0.4525498567900095,0.8209659816591088,1.2954373708114921,0.905099713580019,0.8209659816591088,0.863624913874328,0.4420849420849421,0.4989406779661017,0.47772657450076805,100.0,100.0,5557,5325,10121,98,2,10121,0.01763541479215404,3.755868544600939E-4,1.0,0.35000000000000003,0.9,0.1,0.30000000000000004,70.0,85.0,45.0,0.25,0.8,0.1,0.2,60.0,95.0,55.0,2414,1034,1380,2414,0.5716652858326429,1.422112523530716,1.5,0.9480750156871439,567,0.5483558994197292,1.0,1
"iteration_5","SCOPE_DATA_COLLECTION",1800,5,370.0,430.0,0,11035,7369,2414,11010,7380,2613,4927,3365,1039,6090,4004,1380,0.5527820640827812,0.543357307640114,0.5704836709384044,0.49640731506841707,0.9147342791014657,1.4261070192311147,0.9928146301368341,0.9147342791014657,0.9507380128207431,0.5063933428049523,0.5777117384843982,0.5505293551491819,100.0,100.0,5592,3824,11402,71,1,11402,0.012696709585121603,2.615062761506276E-4,1.0,0.25,0.8,0.1,0.2,60.0,95.0,55.0,0.15000000000000002,0.8,0.2,0.30000000000000004,50.0,95.0,65.0,11080,4074,7006,11080,0.6323104693140794,0.5822092112108469,0.5,1.1644184224216938,2497,0.6129111438389789,1.0,1
"iteration_5","SCOPE_DATA_COLLECTION",1800,5,370.0,430.0,1,11035,7369,2414,11010,7380,2613,4927,3365,1039,6090,4004,1380,0.5527820640827812,0.543357307640114,0.5704836709384044,0.49640731506841707,0.9147342791014657,1.4261070192311147,0.9928146301368341,0.9147342791014657,0.9507380128207431,0.5063933428049523,0.5777117384843982,0.5505293551491819,100.0,100.0,5592,3824,11402,71,1,11402,0.012696709585121603,2.615062761506276E-4,1.0,0.25,0.8,0.1,0.2,60.0,95.0,55.0,0.15000000000000002,0.8,0.2,0.30000000000000004,50.0,95.0,65.0,7492,2789,4703,7492,0.6277362520021356,1.1383718159181144,1.0,1.1383718159181144,1961,0.7031193976335605,1.0,1
"iteration_5","SCOPE_DATA_COLLECTION",1800,5,370.0,430.0,2,11035,7369,2414,11010,7380,2613,4927,3365,1039,6090,4004,1380,0.5527820640827812,0.543357307640114,0.5704836709384044,0.49640731506841707,0.9147342791014657,1.4261070192311147,0.9928146301368341,0.9147342791014657,0.9507380128207431,0.5063933428049523,0.5777117384843982,0.5505293551491819,100.0,100.0,5592,3824,11402,71,1,11402,0.012696709585121603,2.615062761506276E-4,1.0,0.25,0.8,0.1,0.2,60.0,95.0,55.0,0.15000000000000002,0.8,0.2,0.30000000000000004,50.0,95.0,65.0,2442,859,1583,2442,0.6482391482391482,1.7388676622792938,1.5,1.1592451081861959,599,0.6973224679860303,1.0,1
"iteration_5","SCOPE_DATA_COLLECTION",1800,6,430.0,490.0,0,11080,7492,2442,11035,7369,2414,4072,2796,857,7005,4702,1583,0.6323914417260992,0.6271005601493732,0.6487704918032787,0.5827100480573063,1.1396484847322208,1.7368148392420397,1.1654200961146126,1.1396484847322208,1.1578765594946931,0.6107563850687623,0.7045779685264664,0.6954492415402567,100.0,100.0,5612,2254,13148,141,1,13148,0.02512473271560941,4.4365572315882877E-4,1.0,0.15000000000000002,0.8,0.2,0.30000000000000004,50.0,95.0,65.0,0.9500000000000001,0.9,0.7000000000000001,0.7000000000000001,40.0,85.0,60.0,11122,4038,7084,11122,0.6369358029131451,0.6401287601002935,0.5,1.280257520200587,2679,0.663447251114413,1.0,1
"iteration_5","SCOPE_DATA_COLLECTION",1800,6,430.0,490.0,1,11080,7492,2442,11035,7369,2414,4072,2796,857,7005,4702,1583,0.6323914417260992,0.6271005601493732,0.6487704918032787,0.5827100480573063,1.1396484847322208,1.7368148392420397,1.1654200961146126,1.1396484847322208,1.1578765594946931,0.6107563850687623,0.7045779685264664,0.6954492415402567,100.0,100.0,5612,2254,13148,141,1,13148,0.02512473271560941,4.4365572315882877E-4,1.0,0.15000000000000002,0.8,0.2,0.30000000000000004,50.0,95.0,65.0,0.9500000000000001,0.9,0.7000000000000001,0.7000000000000001,40.0,85.0,60.0,7455,2644,4811,7455,0.6453386988598256,1.271233626417039,1.0,1.271233626417039,1950,0.737518910741301,1.0,1
"iteration_5","SCOPE_DATA_COLLECTION",1800,6,430.0,490.0,2,11080,7492,2442,11035,7369,2414,4072,2796,857,7005,4702,1583,0.6323914417260992,0.6271005601493732,0.6487704918032787,0.5827100480573063,1.1396484847322208,1.7368148392420397,1.1654200961146126,1.1396484847322208,1.1578765594946931,0.6107563850687623,0.7045779685264664,0.6954492415402567,100.0,100.0,5612,2254,13148,141,1,13148,0.02512473271560941,4.4365572315882877E-4,1.0,0.15000000000000002,0.8,0.2,0.30000000000000004,50.0,95.0,65.0,0.9500000000000001,0.9,0.7000000000000001,0.7000000000000001,40.0,85.0,60.0,2474,849,1625,2474,0.6568310428455941,1.8713898917548335,1.5,1.247593261169889,623,0.7338044758539458,1.0,1
"iteration_5","SCOPE_DATA_COLLECTION",1800,7,490.0,550.0,0,11122,7455,2474,11080,7492,2442,4054,2626,851,7077,4805,1624,0.6357919324409307,0.6466155295384202,0.6561616161616162,0.6400511898803721,1.2627957152919809,1.871118913177671,1.2801023797607443,1.2627957152919809,1.247412608785114,0.6650222002960039,0.7345773038842346,0.736780258519389,100.0,100.0,5734,14503,814,221,13281,4,0.03854202999651203,0.9157415707095083,0.004914004914004914,0.9500000000000001,0.9,0.7000000000000001,0.7000000000000001,40.0,85.0,60.0,0.8500000000000001,0.9,0.6000000000000001,0.6000000000000001,50.0,75.0,60.0,11090,7519,3571,11090,0.32200180342651036,0.5155116610473155,0.5,1.031023322094631,3213,0.4273174624285144,1.0,1
"iteration_5","SCOPE_DATA_COLLECTION",1800,7,490.0,550.0,1,11122,7455,2474,11080,7492,2442,4054,2626,851,7077,4805,1624,0.6357919324409307,0.6466155295384202,0.6561616161616162,0.6400511898803721,1.2627957152919809,1.871118913177671,1.2801023797607443,1.2627957152919809,1.247412608785114,0.6650222002960039,0.7345773038842346,0.736780258519389,100.0,100.0,5734,14503,814,221,13281,4,0.03854202999651203,0.9157415707095083,0.004914004914004914,0.9500000000000001,0.9,0.7000000000000001,0.7000000000000001,40.0,85.0,60.0,0.8500000000000001,0.9,0.6000000000000001,0.6000000000000001,50.0,75.0,60.0,7405,4876,2529,7405,0.3415259959486833,0.9013359507085135,1.0,0.9013359507085135,2005,0.4111977030352748,1.0,1
"iteration_5","SCOPE_DATA_COLLECTION",1800,7,490.0,550.0,2,11122,7455,2474,11080,7492,2442,4054,2626,851,7077,4805,1624,0.6357919324409307,0.6466155295384202,0.6561616161616162,0.6400511898803721,1.2627957152919809,1.871118913177671,1.2801023797607443,1.2627957152919809,1.247412608785114,0.6650222002960039,0.7345773038842346,0.736780258519389,100.0,100.0,5734,14503,814,221,13281,4,0.03854202999651203,0.9157415707095083,0.004914004914004914,0.9500000000000001,0.9,0.7000000000000001,0.7000000000000001,40.0,85.0,60.0,0.8500000000000001,0.9,0.6000000000000001,0.6000000000000001,50.0,75.0,60.0,2515,1604,911,2515,0.3622266401590457,1.3126395008299412,1.5,0.8750930005532941,665,0.41458852867830426,1.0,1
"iteration_5","SCOPE_DATA_COLLECTION",1800,8,550.0,610.0,0,11090,7405,2515,11122,7455,2474,7507,4879,1600,3571,2521,902,0.32235060480231087,0.3406756756756757,0.36051159072741806,0.5153565225112239,0.9032211541796443,1.3094092322688085,1.0307130450224478,0.9032211541796443,0.8729394881792056,0.4269348607965899,0.41217462594794013,0.4125,100.0,100.0,5844,12808,2358,277,6717,0,0.0473990417522245,0.5244378513429107,0.0,0.8500000000000001,0.9,0.6000000000000001,0.6000000000000001,50.0,75.0,60.0,0.9500000000000001,0.9,0.6000000000000001,0.6000000000000001,40.0,75.0,50.0,11046,4074,6972,11046,0.6311787072243346,0.6808403123737307,0.5,1.3616806247474613,2932,0.7196858124693176,1.0,1
"iteration_5","SCOPE_DATA_COLLECTION",1800,8,550.0,610.0,1,11090,7405,2515,11122,7455,2474,7507,4879,1600,3571,2521,902,0.32235060480231087,0.3406756756756757,0.36051159072741806,0.5153565225112239,0.9032211541796443,1.3094092322688085,1.0307130450224478,0.9032211541796443,0.8729394881792056,0.4269348607965899,0.41217462594794013,0.4125,100.0,100.0,5844,12808,2358,277,6717,0,0.0473990417522245,0.5244378513429107,0.0,0.8500000000000001,0.9,0.6000000000000001,0.6000000000000001,50.0,75.0,60.0,0.9500000000000001,0.9,0.6000000000000001,0.6000000000000001,40.0,75.0,50.0,7492,2533,4959,7492,0.6619060331019755,1.3295527341553472,1.0,1.3295527341553472,1917,0.7568101065929728,1.0,1
"iteration_5","SCOPE_DATA_COLLECTION",1800,8,550.0,610.0,2,11090,7405,2515,11122,7455,2474,7507,4879,1600,3571,2521,902,0.32235060480231087,0.3406756756756757,0.36051159072741806,0.5153565225112239,0.9032211541796443,1.3094092322688085,1.0307130450224478,0.9032211541796443,0.8729394881792056,0.4269348607965899,0.41217462594794013,0.4125,100.0,100.0,5844,12808,2358,277,6717,0,0.0473990417522245,0.5244378513429107,0.0,0.8500000000000001,0.9,0.6000000000000001,0.6000000000000001,50.0,75.0,60.0,0.9500000000000001,0.9,0.6000000000000001,0.6000000000000001,40.0,75.0,50.0,2430,749,1681,2430,0.6917695473251029,1.9657645471677998,1.5,1.3105096981118665,574,0.7663551401869159,1.0,1
"iteration_5","SCOPE_DATA_COLLECTION",1800,9,610.0,670.0,0,11046,7492,2430,11090,7405,2515,4092,2553,747,6977,4969,1690,0.6303189086638359,0.6605955862802446,0.6934755847353303,0.6825638440723899,1.331228579989821,1.9658867744492132,1.3651276881447798,1.331228579989821,1.310591182966142,0.7206744868035191,0.7575401488444967,0.7657295850066934,97.5,100.0,5900,14360,708,225,13411,0,0.038135593220338986,0.9339136490250697,0.0,0.9500000000000001,0.9,0.6000000000000001,0.6000000000000001,40.0,75.0,50.0,0.8500000000000001,0.9,0.6000000000000001,0.5,50.0,65.0,50.0,10995,7289,3706,10995,0.33706230104593,0.5063904114239982,0.5,1.0127808228479964,3113,0.4270819042392646,1.0,1
"iteration_5","SCOPE_DATA_COLLECTION",1800,9,610.0,670.0,1,11046,7492,2430,11090,7405,2515,4092,2553,747,6977,4969,1690,0.6303189086638359,0.6605955862802446,0.6934755847353303,0.6825638440723899,1.331228579989821,1.9658867744492132,1.3651276881447798,1.331228579989821,1.310591182966142,0.7206744868035191,0.7575401488444967,0.7657295850066934,97.5,100.0,5900,14360,708,225,13411,0,0.038135593220338986,0.9339136490250697,0.0,0.9500000000000001,0.9,0.6000000000000001,0.6000000000000001,40.0,75.0,50.0,0.8500000000000001,0.9,0.6000000000000001,0.5,50.0,65.0,50.0,7395,4793,2602,7395,0.35185936443542937,0.9122045138862505,1.0,0.9122045138862505,2126,0.4435635301481327,1.0,1
"iteration_5","SCOPE_DATA_COLLECTION",1800,9,610.0,670.0,2,11046,7492,2430,11090,7405,2515,4092,2553,747,6977,4969,1690,0.6303189086638359,0.6605955862802446,0.6934755847353303,0.6825638440723899,1.331228579989821,1.9658867744492132,1.3651276881447798,1.331228579989821,1.310591182966142,0.7206744868035191,0.7575401488444967,0.7657295850066934,97.5,100.0,5900,14360,708,225,13411,0,0.038135593220338986,0.9339136490250697,0.0,0.9500000000000001,0.9,0.6000000000000001,0.6000000000000001,40.0,75.0,50.0,0.8500000000000001,0.9,0.6000000000000001,0.5,50.0,65.0,50.0,2409,1475,934,2409,0.38771274387712745,1.2960337428504345,1.5,0.864022495233623,605,0.4101694915254237,1.0,1
"iteration_5","SCOPE_DATA_COLLECTION",1800,10,670.0,730.0,0,10995,7395,2409,11046,7492,2430,7288,4773,1478,3705,2605,932,0.3370326571454562,0.35307671455679046,0.3867219917012448,0.5061200837556006,0.9081500525242767,1.2982317953549805,1.0122401675112012,0.9081500525242767,0.865487863569987,0.4268660812294182,0.4416509532788603,0.41136671177266576,100.0,100.0,5786,12766,2247,251,6991,0,0.04338057379882475,0.5476265079116402,0.0,0.8500000000000001,0.9,0.6000000000000001,0.5,50.0,65.0,50.0,0.8500000000000001,0.9,0.6000000000000001,0.5,50.0,65.0,50.0,11066,7069,3997,11066,0.3611964576179288,0.6004458958151985,0.5,1.200891791630397,3309,0.46810015560899704,1.0,1
"iteration_5","SCOPE_DATA_COLLECTION",1800,10,670.0,730.0,1,10995,7395,2409,11046,7492,2430,7288,4773,1478,3705,2605,932,0.3370326571454562,0.35307671455679046,0.3867219917012448,0.5061200837556006,0.9081500525242767,1.2982317953549805,1.0122401675112012,0.9081500525242767,0.865487863569987,0.4268660812294182,0.4416509532788603,0.41136671177266576,100.0,100.0,5786,12766,2247,251,6991,0,0.04338057379882475,0.5476265079116402,0.0,0.8500000000000001,0.9,0.6000000000000001,0.5,50.0,65.0,50.0,0.8500000000000001,0.9,0.6000000000000001,0.5,50.0,65.0,50.0,7539,4693,2846,7539,0.37750364769863376,1.0081632073217643,1.0,1.0081632073217643,2171,0.4626038781163435,1.0,1
"iteration_5","SCOPE_DATA_COLLECTION",1800,10,670.0,730.0,2,10995,7395,2409,11046,7492,2430,7288,4773,1478,3705,2605,932,0.3370326571454562,0.35307671455679046,0.3867219917012448,0.5061200837556006,0.9081500525242767,1.2982317953549805,1.0122401675112012,0.9081500525242767,0.865487863569987,0.4268660812294182,0.4416509532788603,0.41136671177266576,100.0,100.0,5786,12766,2247,251,6991,0,0.04338057379882475,0.5476265079116402,0.0,0.8500000000000001,0.9,0.6000000000000001,0.5,50.0,65.0,50.0,0.8500000000000001,0.9,0.6000000000000001,0.5,50.0,65.0,50.0,2442,1424,1018,2442,0.4168714168714169,1.4218409613371201,1.5,0.9478939742247467,652,0.45786516853932585,1.0,1
"iteration_5","SCOPE_DATA_COLLECTION",1800,11,730.0,790.0,0,11066,7539,2442,10995,7395,2409,7018,4661,1409,4001,2848,1021,0.3631000998275706,0.3792781994939406,0.42016460905349795,0.5722363727110136,0.9779931202740177,1.3932843710396818,1.1444727454220271,0.9779931202740177,0.9288562473597879,0.46394984326018807,0.458056211113495,0.45564229950319374,97.5,100.0,5838,12915,2294,240,7630,0,0.041109969167523124,0.5907859078590786,0.0,0.8500000000000001,0.9,0.6000000000000001,0.5,50.0,65.0,50.0,0.8500000000000001,0.9,0.6000000000000001,0.5,50.0,65.0,50.0,10994,7044,3950,10994,0.35928688375477535,0.5779657694739482,0.5,1.1559315389478964,2973,0.42206132879046,1.0,1
"iteration_5","SCOPE_DATA_COLLECTION",1800,11,730.0,790.0,1,11066,7539,2442,10995,7395,2409,7018,4661,1409,4001,2848,1021,0.3631000998275706,0.3792781994939406,0.42016460905349795,0.5722363727110136,0.9779931202740177,1.3932843710396818,1.1444727454220271,0.9779931202740177,0.9288562473597879,0.46394984326018807,0.458056211113495,0.45564229950319374,97.5,100.0,5838,12915,2294,240,7630,0,0.041109969167523124,0.5907859078590786,0.0,0.8500000000000001,0.9,0.6000000000000001,0.5,50.0,65.0,50.0,0.8500000000000001,0.9,0.6000000000000001,0.5,50.0,65.0,50.0,7406,4565,2841,7406,0.38360788549824465,0.9800490244862684,1.0,0.9800490244862684,2005,0.43921139101861995,1.0,1
"iteration_5","SCOPE_DATA_COLLECTION",1800,11,730.0,790.0,2,11066,7539,2442,10995,7395,2409,7018,4661,1409,4001,2848,1021,0.3631000998275706,0.3792781994939406,0.42016460905349795,0.5722363727110136,0.9779931202740177,1.3932843710396818,1.1444727454220271,0.9779931202740177,0.9288562473597879,0.46394984326018807,0.458056211113495,0.45564229950319374,97.5,100.0,5838,12915,2294,240,7630,0,0.041109969167523124,0.5907859078590786,0.0,0.8500000000000001,0.9,0.6000000000000001,0.5,50.0,65.0,50.0,0.8500000000000001,0.9,0.6000000000000001,0.5,50.0,65.0,50.0,2497,1460,1037,2497,0.41529835802963555,1.341995668622931,1.5,0.894663779081954,615,0.4212328767123288,1.0,1
"iteration_5","SCOPE_DATA_COLLECTION",1800,12,790.0,850.0,0,10994,7406,2497,11066,7539,2442,7101,4610,1470,3948,2834,1036,0.357317404289981,0.38070929607737775,0.4134078212290503,0.6056311492715402,1.0133280126886188,1.3673823398191973,1.2112622985430803,1.0133280126886188,0.9115882265461316,0.42670046472327844,0.44511930585683296,0.4217687074829932,100.0,100.0,5897,12702,2298,261,7557,0,0.044259793115143296,0.5949456778460085,0.0,0.8500000000000001,0.9,0.6000000000000001,0.5,50.0,65.0,50.0,0.9500000000000001,0.9,0.6000000000000001,0.6000000000000001,60.0,55.0,60.0,11189,3779,7410,11189,0.6622575744034319,0.6812970951914585,0.5,1.362594190382917,2772,0.733527388197936,1.0,1
"iteration_5","SCOPE_DATA_COLLECTION",1800,12,790.0,850.0,1,10994,7406,2497,11066,7539,2442,7101,4610,1470,3948,2834,1036,0.357317404289981,0.38070929607737775,0.4134078212290503,0.6056311492715402,1.0133280126886188,1.3673823398191973,1.2112622985430803,1.0133280126886188,0.9115882265461316,0.42670046472327844,0.44511930585683296,0.4217687074829932,100.0,100.0,5897,12702,2298,261,7557,0,0.044259793115143296,0.5949456778460085,0.0,0.8500000000000001,0.9,0.6000000000000001,0.5,50.0,65.0,50.0,0.9500000000000001,0.9,0.6000000000000001,0.6000000000000001,60.0,55.0,60.0,7345,2336,5009,7345,0.6819605173587474,1.3530436397396284,1.0,1.3530436397396284,1871,0.8009417808219178,1.0,1
"iteration_5","SCOPE_DATA_COLLECTION",1800,12,790.0,850.0,2,10994,7406,2497,11066,7539,2442,7101,4610,1470,3948,2834,1036,0.357317404289981,0.38070929607737775,0.4134078212290503,0.6056311492715402,1.0133280126886188,1.3673823398191973,1.2112622985430803,1.0133280126886188,0.9115882265461316,0.42670046472327844,0.44511930585683296,0.4217687074829932,100.0,100.0,5897,12702,2298,261,7557,0,0.044259793115143296,0.5949456778460085,0.0,0.8500000000000001,0.9,0.6000000000000001,0.5,50.0,65.0,50.0,0.9500000000000001,0.9,0.6000000000000001,0.6000000000000001,60.0,55.0,60.0,2473,757,1716,2473,0.6938940558026688,2.0685712709140316,1.5,1.3790475139426877,625,0.8256274768824307,1.0,1
"iteration_5","SCOPE_DATA_COLLECTION",1800,13,850.0,910.0,0,11189,7345,2473,10994,7406,2497,3754,2338,761,7411,5013,1717,0.6637707120465741,0.6819480342810502,0.6928974979822438,0.6812249840055195,1.3555436449058333,2.068206704150065,1.362449968011039,1.3555436449058333,1.3788044694333765,0.732019179541822,0.8006843455945253,0.8252299605781866,97.5,100.0,5879,14377,751,284,13857,0,0.04830753529511822,0.9638311191486402,0.0,0.9500000000000001,0.9,0.6000000000000001,0.6000000000000001,60.0,55.0,60.0,0.9500000000000001,0.9,0.7000000000000001,0.6000000000000001,60.0,65.0,50.0,11092,4515,6577,11092,0.5929498737829066,0.6988895686195269,0.5,1.3977791372390538,3085,0.6832779623477298,1.0,1
"iteration_5","SCOPE_DATA_COLLECTION",1800,13,850.0,910.0,1,11189,7345,2473,10994,7406,2497,3754,2338,761,7411,5013,1717,0.6637707120465741,0.6819480342810502,0.6928974979822438,0.6812249840055195,1.3555436449058333,2.068206704150065,1.362449968011039,1.3555436449058333,1.3788044694333765,0.732019179541822,0.8006843455945253,0.8252299605781866,97.5,100.0,5879,14377,751,284,13857,0,0.04830753529511822,0.9638311191486402,0.0,0.9500000000000001,0.9,0.6000000000000001,0.6000000000000001,60.0,55.0,60.0,0.9500000000000001,0.9,0.7000000000000001,0.6000000000000001,60.0,65.0,50.0,7346,2876,4470,7346,0.6084944187312823,1.258941350910622,1.0,1.258941350910622,1993,0.6929763560500696,1.0,1
"iteration_5","SCOPE_DATA_COLLECTION",1800,13,850.0,910.0,2,11189,7345,2473,10994,7406,2497,3754,2338,761,7411,5013,1717,0.6637707120465741,0.6819480342810502,0.6928974979822438,0.6812249840055195,1.3555436449058333,2.068206704150065,1.362449968011039,1.3555436449058333,1.3788044694333765,0.732019179541822,0.8006843455945253,0.8252299605781866,97.5,100.0,5879,14377,751,284,13857,0,0.04830753529511822,0.9638311191486402,0.0,0.9500000000000001,0.9,0.6000000000000001,0.6000000000000001,60.0,55.0,60.0,0.9500000000000001,0.9,0.7000000000000001,0.6000000000000001,60.0,65.0,50.0,2494,915,1579,2494,0.6331194867682438,1.826258089970177,1.5,1.2175053933134514,626,0.6841530054644809,1.0,1
"iteration_5","SCOPE_DATA_COLLECTION",1800,14,910.0,970.0,0,11092,7346,2494,11189,7345,2473,4525,2864,922,6572,4470,1579,0.5922321348112103,0.6094900463594218,0.6313474610155938,0.698396895502984,1.2544613796975714,1.8270599417286202,1.396793791005968,1.2544613796975714,1.2180399611524135,0.6833149171270718,0.6916899441340782,0.6865509761388287,100.0,100.0,5846,14340,746,225,12396,0,0.03848785494355115,0.8644351464435146,0.0,0.9500000000000001,0.9,0.7000000000000001,0.6000000000000001,60.0,65.0,50.0,0.65,0.5,0.7000000000000001,0.8,60.0,40.0,30.0,11011,8897,2114,11011,0.19198982835346473,0.4161529157986827,0.5,0.8323058315973654,2889,0.3247161964707205,1.0,1
"iteration_5","SCOPE_DATA_COLLECTION",1800,14,910.0,970.0,1,11092,7346,2494,11189,7345,2473,4525,2864,922,6572,4470,1579,0.5922321348112103,0.6094900463594218,0.6313474610155938,0.698396895502984,1.2544613796975714,1.8270599417286202,1.396793791005968,1.2544613796975714,1.2180399611524135,0.6833149171270718,0.6916899441340782,0.6865509761388287,100.0,100.0,5846,14340,746,225,12396,0,0.03848785494355115,0.8644351464435146,0.0,0.9500000000000001,0.9,0.7000000000000001,0.6000000000000001,60.0,65.0,50.0,0.65,0.5,0.7000000000000001,0.8,60.0,40.0,30.0,7437,5815,1622,7437,0.218098695710636,0.7482361397073546,1.0,0.7482361397073546,1959,0.3368873602751505,1.0,1
"iteration_5","SCOPE_DATA_COLLECTION",1800,14,910.0,970.0,2,11092,7346,2494,11189,7345,2473,4525,2864,922,6572,4470,1579,0.5922321348112103,0.6094900463594218,0.6313474610155938,0.698396895502984,1.2544613796975714,1.8270599417286202,1.396793791005968,1.2544613796975714,1.2180399611524135,0.6833149171270718,0.6916899441340782,0.6865509761388287,100.0,100.0,5846,14340,746,225,12396,0,0.03848785494355115,0.8644351464435146,0.0,0.9500000000000001,0.9,0.7000000000000001,0.6000000000000001,60.0,65.0,50.0,0.65,0.5,0.7000000000000001,0.8,60.0,40.0,30.0,2605,1949,656,2605,0.25182341650671786,1.1133628598476504,1.5,0.7422419065651003,654,0.33555669574140584,1.0,1
"iteration_5","SCOPE_DATA_COLLECTION",1800,15,970.0,1030.0,0,11011,7437,2605,11092,7346,2494,8884,5796,1934,2120,1625,656,0.1926572155579789,0.2189731842069802,0.25328185328185326,0.41704539794995993,0.7514593814087627,1.1130536450957318,0.8340907958999199,0.7514593814087627,0.7420357633971545,0.3259792886087348,0.3383367839889579,0.33505687693898656,97.5,100.0,5970,9784,5299,342,256,3803,0.05728643216080402,0.02616516762060507,0.7176825816191734,0.65,0.5,0.7000000000000001,0.8,60.0,40.0,30.0,0.65,0.5,0.7000000000000001,0.8,60.0,40.0,30.0,11159,8742,2417,11159,0.21659646921767184,0.39995853994259145,0.5,0.7999170798851829,2872,0.3285289407458247,1.0,1
"iteration_5","SCOPE_DATA_COLLECTION",1800,15,970.0,1030.0,1,11011,7437,2605,11092,7346,2494,8884,5796,1934,2120,1625,656,0.1926572155579789,0.2189731842069802,0.25328185328185326,0.41704539794995993,0.7514593814087627,1.1130536450957318,0.8340907958999199,0.7514593814087627,0.7420357633971545,0.3259792886087348,0.3383367839889579,0.33505687693898656,97.5,100.0,5970,9784,5299,342,256,3803,0.05728643216080402,0.02616516762060507,0.7176825816191734,0.65,0.5,0.7000000000000001,0.8,60.0,40.0,30.0,0.65,0.5,0.7000000000000001,0.8,60.0,40.0,30.0,7593,5825,1768,7593,0.23284604240748058,0.7503673451412536,1.0,0.7503673451412536,2007,0.34454935622317595,1.0,1
"iteration_5","SCOPE_DATA_COLLECTION",1800,15,970.0,1030.0,2,11011,7437,2605,11092,7346,2494,8884,5796,1934,2120,1625,656,0.1926572155579789,0.2189731842069802,0.25328185328185326,0.41704539794995993,0.7514593814087627,1.1130536450957318,0.8340907958999199,0.7514593814087627,0.7420357633971545,0.3259792886087348,0.3383367839889579,0.33505687693898656,97.5,100.0,5970,9784,5299,342,256,3803,0.05728643216080402,0.02616516762060507,0.7176825816191734,0.65,0.5,0.7000000000000001,0.8,60.0,40.0,30.0,0.65,0.5,0.7000000000000001,0.8,60.0,40.0,30.0,2510,1837,673,2510,0.26812749003984065,1.102099979047714,1.5,0.7347333193651426,616,0.33532934131736525,1.0,1
"iteration_5","SCOPE_DATA_COLLECTION",1800,16,1030.0,1090.0,0,11159,7593,2510,11011,7437,2605,8733,5842,1837,2416,1768,673,0.21670104942147278,0.2323258869908016,0.26812749003984065,0.4000495402988593,0.7518031592207596,1.1003152874241853,0.8000990805977186,0.7518031592207596,0.7335435249494568,0.3281804649032406,0.3457719958918179,0.3342406096897115,100.0,100.0,5871,10001,5390,295,163,4399,0.05024697666496338,0.016298370162983702,0.8161410018552876,0.65,0.5,0.7000000000000001,0.8,60.0,40.0,30.0,0.2,0.6000000000000001,0.30000000000000004,0.2,35.0,50.0,25.0,10897,4449,6448,10897,0.5917224924291089,0.5430984107761504,0.5,1.0861968215523008,2529,0.5684423465947404,1.0,1
"iteration_5","SCOPE_DATA_COLLECTION",1800,16,1030.0,1090.0,1,11159,7593,2510,11011,7437,2605,8733,5842,1837,2416,1768,673,0.21670104942147278,0.2323258869908016,0.26812749003984065,0.4000495402988593,0.7518031592207596,1.1003152874241853,0.8000990805977186,0.7518031592207596,0.7335435249494568,0.3281804649032406,0.3457719958918179,0.3342406096897115,100.0,100.0,5871,10001,5390,295,163,4399,0.05024697666496338,0.016298370162983702,0.8161410018552876,0.65,0.5,0.7000000000000001,0.8,60.0,40.0,30.0,0.2,0.6000000000000001,0.30000000000000004,0.2,35.0,50.0,25.0,7359,2919,4440,7359,0.6033428454953118,1.056165510499899,1.0,1.056165510499899,1815,0.6217882836587872,1.0,1
"iteration_5","SCOPE_DATA_COLLECTION",1800,16,1030.0,1090.0,2,11159,7593,2510,11011,7437,2605,8733,5842,1837,2416,1768,673,0.21670104942147278,0.2323258869908016,0.26812749003984065,0.4000495402988593,0.7518031592207596,1.1003152874241853,0.8000990805977186,0.7518031592207596,0.7335435249494568,0.3281804649032406,0.3457719958918179,0.3342406096897115,100.0,100.0,5871,10001,5390,295,163,4399,0.05024697666496338,0.016298370162983702,0.8161410018552876,0.65,0.5,0.7000000000000001,0.8,60.0,40.0,30.0,0.2,0.6000000000000001,0.30000000000000004,0.2,35.0,50.0,25.0,2507,1004,1503,2507,0.5995213402473075,1.6512275602956232,1.5,1.1008183735304156,661,0.6583665338645418,1.0,1
"iteration_5","SCOPE_DATA_COLLECTION",1800,17,1090.0,1150.0,0,10897,7359,2507,11159,7593,2510,4487,2926,1011,6449,4440,1503,0.5897037307973665,0.6027694814010318,0.5978520286396182,0.541518796236648,1.0547126870569636,1.644221008417508,1.083037592473296,1.0547126870569636,1.0961473389450054,0.567639848451081,0.6179084073820916,0.6547972304648862,100.0,100.0,5530,3001,12232,158,2,12232,0.02857142857142857,6.664445184938354E-4,1.0,0.2,0.6000000000000001,0.30000000000000004,0.2,35.0,50.0,25.0,0.2,0.7000000000000001,0.4,0.1,45.0,40.0,20.0,11003,4417,6586,11003,0.5985640279923657,0.5626320206135625,0.5,1.125264041227125,2527,0.572107765451664,1.0,1
"iteration_5","SCOPE_DATA_COLLECTION",1800,17,1090.0,1150.0,1,10897,7359,2507,11159,7593,2510,4487,2926,1011,6449,4440,1503,0.5897037307973665,0.6027694814010318,0.5978520286396182,0.541518796236648,1.0547126870569636,1.644221008417508,1.083037592473296,1.0547126870569636,1.0961473389450054,0.567639848451081,0.6179084073820916,0.6547972304648862,100.0,100.0,5530,3001,12232,158,2,12232,0.02857142857142857,6.664445184938354E-4,1.0,0.2,0.6000000000000001,0.30000000000000004,0.2,35.0,50.0,25.0,0.2,0.7000000000000001,0.4,0.1,45.0,40.0,20.0,7516,3035,4481,7516,0.5961947844598191,1.0798085303287424,1.0,1.0798085303287424,1860,0.6128500823723229,1.0,1
"iteration_5","SCOPE_DATA_COLLECTION",1800,17,1090.0,1150.0,2,10897,7359,2507,11159,7593,2510,4487,2926,1011,6449,4440,1503,0.5897037307973665,0.6027694814010318,0.5978520286396182,0.541518796236648,1.0547126870569636,1.644221008417508,1.083037592473296,1.0547126870569636,1.0961473389450054,0.567639848451081,0.6179084073820916,0.6547972304648862,100.0,100.0,5530,3001,12232,158,2,12232,0.02857142857142857,6.664445184938354E-4,1.0,0.2,0.6000000000000001,0.30000000000000004,0.2,35.0,50.0,25.0,0.2,0.7000000000000001,0.4,0.1,45.0,40.0,20.0,2498,1024,1474,2498,0.5900720576461169,1.5866707703110134,1.5,1.0577805135406757,661,0.6455078125,1.0,1
"iteration_5","SCOPE_DATA_COLLECTION",1800,18,1150.0,1210.0,0,11003,7516,2498,10897,7359,2507,4404,3023,1021,6586,4481,1474,0.5992720655141037,0.5971481876332623,0.5907815631262525,0.5624296887226212,1.0737771312746471,1.5919585402213037,1.1248593774452424,1.0737771312746471,1.0613056934808691,0.5719800181653043,0.6119748594111809,0.6474045053868757,100.0,100.0,5529,3071,12417,123,1,12417,0.02224633749321758,3.2562683165092806E-4,1.0,0.2,0.7000000000000001,0.4,0.1,45.0,40.0,20.0,0.6000000000000001,0.30000000000000004,0.5,0.5,75.0,90.0,60.0,11043,8023,3020,11043,0.2734764103957258,0.39517220931789004,0.5,0.7903444186357801,2828,0.3524866010220616,1.0,1
"iteration_5","SCOPE_DATA_COLLECTION",1800,18,1150.0,1210.0,1,11003,7516,2498,10897,7359,2507,4404,3023,1021,6586,4481,1474,0.5992720655141037,0.5971481876332623,0.5907815631262525,0.5624296887226212,1.0737771312746471,1.5919585402213037,1.1248593774452424,1.0737771312746471,1.0613056934808691,0.5719800181653043,0.6119748594111809,0.6474045053868757,100.0,100.0,5529,3071,12417,123,1,12417,0.02224633749321758,3.2562683165092806E-4,1.0,0.2,0.7000000000000001,0.4,0.1,45.0,40.0,20.0,0.6000000000000001,0.30000000000000004,0.5,0.5,75.0,90.0,60.0,7434,5405,2029,7434,0.27293516276567126,0.7764729730609782,1.0,0.7764729730609782,2090,0.3866790009250694,1.0,1
"iteration_5","SCOPE_DATA_COLLECTION",1800,18,1150.0,1210.0,2,11003,7516,2498,10897,7359,2507,4404,3023,1021,6586,4481,1474,0.5992720655141037,0.5971481876332623,0.5907815631262525,0.5624296887226212,1.0737771312746471,1.5919585402213037,1.1248593774452424,1.0737771312746471,1.0613056934808691,0.5719800181653043,0.6119748594111809,0.6474045053868757,100.0,100.0,5529,3071,12417,123,1,12417,0.02224633749321758,3.2562683165092806E-4,1.0,0.2,0.7000000000000001,0.4,0.1,45.0,40.0,20.0,0.6000000000000001,0.30000000000000004,0.5,0.5,75.0,90.0,60.0,2386,1698,688,2386,0.28834870075440067,1.0869419595891976,1.5,0.724627973059465,590,0.3474676089517079,1.0,1
"iteration_5","SCOPE_DATA_COLLECTION",1800,19,1210.0,1270.0,0,11043,7434,2386,11003,7516,2498,8006,5410,1695,3020,2029,688,0.27389805913295845,0.2727517139400457,0.2887117079311792,0.39458721146556314,0.7757318347375612,1.087309153572688,0.7891744229311263,0.7757318347375612,0.7248727690484587,0.35136147889083186,0.3870609981515712,0.3486725663716814,100.0,100.0,5964,8953,5946,223,8,5506,0.03739101274312542,8.935552328828326E-4,0.926000672721157,0.6000000000000001,0.30000000000000004,0.5,0.5,75.0,90.0,60.0,0.7000000000000001,0.30000000000000004,0.5,0.6000000000000001,85.0,90.0,70.0,10990,9378,1612,10990,0.14667879890809826,0.37672129506739466,0.5,0.7534425901347893,2702,0.28812113457027083,1.0,1
"iteration_5","SCOPE_DATA_COLLECTION",1800,19,1210.0,1270.0,1,11043,7434,2386,11003,7516,2498,8006,5410,1695,3020,2029,688,0.27389805913295845,0.2727517139400457,0.2887117079311792,0.39458721146556314,0.7757318347375612,1.087309153572688,0.7891744229311263,0.7757318347375612,0.7248727690484587,0.35136147889083186,0.3870609981515712,0.3486725663716814,100.0,100.0,5964,8953,5946,223,8,5506,0.03739101274312542,8.935552328828326E-4,0.926000672721157,0.6000000000000001,0.30000000000000004,0.5,0.5,75.0,90.0,60.0,0.7000000000000001,0.30000000000000004,0.5,0.6000000000000001,85.0,90.0,70.0,7554,6406,1148,7554,0.15197246491924807,0.7099972687058176,1.0,0.7099972687058176,1967,0.30705588510771153,1.0,1
"iteration_5","SCOPE_DATA_COLLECTION",1800,19,1210.0,1270.0,2,11043,7434,2386,11003,7516,2498,8006,5410,1695,3020,2029,688,0.27389805913295845,0.2727517139400457,0.2887117079311792,0.39458721146556314,0.7757318347375612,1.087309153572688,0.7891744229311263,0.7757318347375612,0.7248727690484587,0.35136147889083186,0.3870609981515712,0.3486725663716814,100.0,100.0,5964,8953,5946,223,8,5506,0.03739101274312542,8.935552328828326E-4,0.926000672721157,0.6000000000000001,0.30000000000000004,0.5,0.5,75.0,90.0,60.0,0.7000000000000001,0.30000000000000004,0.5,0.6000000000000001,85.0,90.0,70.0,2594,2100,494,2594,0.19043947571318426,1.0668115267815954,1.5,0.7112076845210636,644,0.30666666666666664,1.0,1
"iteration_5","SCOPE_DATA_COLLECTION",1800,20,1270.0,1330.0,0,10990,7554,2594,11043,7434,2386,9363,6379,2088,1612,1148,493,0.14687927107061505,0.15251760329480538,0.19101123595505617,0.370750545233951,0.703212937644648,1.05304928423194,0.741501090467902,0.703212937644648,0.7020328561546267,0.2882623090889672,0.3074149553221508,0.30268199233716475,100.0,100.0,5791,10727,4620,244,1108,1901,0.04213434639958556,0.10329076162953295,0.4114718614718615,0.7000000000000001,0.30000000000000004,0.5,0.6000000000000001,85.0,90.0,70.0,0.8,0.2,0.5,0.6000000000000001,95.0,80.0,80.0,11021,8567,2454,11021,0.22266581979856637,0.4239134350822614,0.5,0.8478268701645229,3022,0.35274892027547566,1.0,1
"iteration_5","SCOPE_DATA_COLLECTION",1800,20,1270.0,1330.0,1,10990,7554,2594,11043,7434,2386,9363,6379,2088,1612,1148,493,0.14687927107061505,0.15251760329480538,0.19101123595505617,0.370750545233951,0.703212937644648,1.05304928423194,0.741501090467902,0.703212937644648,0.7020328561546267,0.2882623090889672,0.3074149553221508,0.30268199233716475,100.0,100.0,5791,10727,4620,244,1108,1901,0.04213434639958556,0.10329076162953295,0.4114718614718615,0.7000000000000001,0.30000000000000004,0.5,0.6000000000000001,85.0,90.0,70.0,0.8,0.2,0.5,0.6000000000000001,95.0,80.0,80.0,7511,5740,1771,7511,0.23578751164958062,0.801276681278639,1.0,0.801276681278639,2129,0.3709059233449477,1.0,1
"iteration_5","SCOPE_DATA_COLLECTION",1800,20,1270.0,1330.0,2,10990,7554,2594,11043,7434,2386,9363,6379,2088,1612,1148,493,0.14687927107061505,0.15251760329480538,0.19101123595505617,0.370750545233951,0.703212937644648,1.05304928423194,0.741501090467902,0.703212937644648,0.7020328561546267,0.2882623090889672,0.3074149553221508,0.30268199233716475,100.0,100.0,5791,10727,4620,244,1108,1901,0.04213434639958556,0.10329076162953295,0.4114718614718615,0.7000000000000001,0.30000000000000004,0.5,0.6000000000000001,85.0,90.0,70.0,0.8,0.2,0.5,0.6000000000000001,95.0,80.0,80.0,2453,1778,675,2453,0.2751732572360375,1.1844405479925864,1.5,0.7896270319950576,634,0.3565804274465692,1.0,1
"iteration_5","SCOPE_DATA_COLLECTION",1800,21,1330.0,1390.0,0,11021,7511,2453,10990,7554,2594,8577,5745,1789,2454,1771,676,0.2224639651890128,0.2356306546035125,0.2742393509127789,0.4316128879036401,0.811432744330568,1.2040664255340248,0.8632257758072802,0.811432744330568,0.8027109503560165,0.35385332866969804,0.3712793733681462,0.36277249860257127,100.0,100.0,5871,12103,3011,222,4623,56,0.03781297904956566,0.3819714120466,0.018598472268349386,0.8,0.2,0.5,0.6000000000000001,95.0,80.0,80.0,0.5,0.1,0.2,0.8,85.0,70.0,45.0,10999,6979,4020,10999,0.3654877716156014,0.3320466883281969,0.5,0.6640933766563938,2110,0.3023355781630606,1.0,1
"iteration_5","SCOPE_DATA_COLLECTION",1800,21,1330.0,1390.0,1,11021,7511,2453,10990,7554,2594,8577,5745,1789,2454,1771,676,0.2224639651890128,0.2356306546035125,0.2742393509127789,0.4316128879036401,0.811432744330568,1.2040664255340248,0.8632257758072802,0.811432744330568,0.8027109503560165,0.35385332866969804,0.3712793733681462,0.36277249860257127,100.0,100.0,5871,12103,3011,222,4623,56,0.03781297904956566,0.3819714120466,0.018598472268349386,0.8,0.2,0.5,0.6000000000000001,95.0,80.0,80.0,0.5,0.1,0.2,0.8,85.0,70.0,45.0,7593,4816,2777,7593,0.36573159489003026,0.7519853504735253,1.0,0.7519853504735253,2007,0.4167358803986711,1.0,1
"iteration_5","SCOPE_DATA_COLLECTION",1800,21,1330.0,1390.0,2,11021,7511,2453,10990,7554,2594,8577,5745,1789,2454,1771,676,0.2224639651890128,0.2356306546035125,0.2742393509127789,0.4316128879036401,0.811432744330568,1.2040664255340248,0.8632257758072802,0.811432744330568,0.8027109503560165,0.35385332866969804,0.3712793733681462,0.36277249860257127,100.0,100.0,5871,12103,3011,222,4623,56,0.03781297904956566,0.3819714120466,0.018598472268349386,0.8,0.2,0.5,0.6000000000000001,95.0,80.0,80.0,0.5,0.1,0.2,0.8,85.0,70.0,45.0,2498,1547,951,2498,0.38070456365092076,1.129615973714214,1.5,0.753077315809476,611,0.3949579831932773,1.0,1
"iteration_5","SCOPE_DATA_COLLECTION",1800,22,1390.0,1450.0,0,10999,7593,2498,11021,7511,2453,6992,4850,1548,4020,2777,950,0.3650563022157646,0.36410121935230105,0.38030424339471575,0.3327249847676084,0.7554257070564565,1.1245522013548195,0.6654499695352168,0.7554257070564565,0.7497014675698797,0.3026315789473684,0.4175257731958763,0.39147286821705424,100.0,100.0,5771,7652,7667,130,4,7613,0.022526425229596258,5.227391531625719E-4,0.9929568279640015,0.5,0.1,0.2,0.8,85.0,70.0,45.0,0.4,0.1,0.30000000000000004,0.9,95.0,70.0,45.0,11127,6296,4831,11127,0.43416913813247054,0.3711732628985735,0.5,0.742346525797147,2252,0.3576874205844981,1.0,1
"iteration_5","SCOPE_DATA_COLLECTION",1800,22,1390.0,1450.0,1,10999,7593,2498,11021,7511,2453,6992,4850,1548,4020,2777,950,0.3650563022157646,0.36410121935230105,0.38030424339471575,0.3327249847676084,0.7554257070564565,1.1245522013548195,0.6654499695352168,0.7554257070564565,0.7497014675698797,0.3026315789473684,0.4175257731958763,0.39147286821705424,100.0,100.0,5771,7652,7667,130,4,7613,0.022526425229596258,5.227391531625719E-4,0.9929568279640015,0.5,0.1,0.2,0.8,85.0,70.0,45.0,0.4,0.1,0.30000000000000004,0.9,95.0,70.0,45.0,7422,4142,3280,7422,0.4419293990838049,0.8473822639715822,1.0,0.8473822639715822,1977,0.4773056494447127,1.0,1
"iteration_5","SCOPE_DATA_COLLECTION",1800,22,1390.0,1450.0,2,10999,7593,2498,11021,7511,2453,6992,4850,1548,4020,2777,950,0.3650563022157646,0.36410121935230105,0.38030424339471575,0.3327249847676084,0.7554257070564565,1.1245522013548195,0.6654499695352168,0.7554257070564565,0.7497014675698797,0.3026315789473684,0.4175257731958763,0.39147286821705424,100.0,100.0,5771,7652,7667,130,4,7613,0.022526425229596258,5.227391531625719E-4,0.9929568279640015,0.5,0.1,0.2,0.8,85.0,70.0,45.0,0.4,0.1,0.30000000000000004,0.9,95.0,70.0,45.0,2496,1309,1187,2496,0.4755608974358974,1.2820158369400079,1.5,0.854677224626672,611,0.466768525592055,1.0,1
"iteration_5","SCOPE_DATA_COLLECTION",1800,23,1450.0,1510.0,0,11127,7422,2496,10999,7593,2498,6301,4134,1314,4831,3280,1188,0.43397412863816026,0.4424062584299973,0.4748201438848921,0.3709178519278392,0.8457064631812435,1.2859683955558368,0.7418357038556784,0.8457064631812435,0.8573122637038911,0.3567687668624028,0.4753265602322206,0.4687975646879756,100.0,100.0,5921,5979,9145,152,2,9145,0.025671339300793784,3.345040976751965E-4,1.0,0.4,0.1,0.30000000000000004,0.9,95.0,70.0,45.0,0.4,0.30000000000000004,0.4,0.5,85.0,50.0,55.0,11032,6142,4890,11032,0.4432559825960841,0.42135459373741685,0.5,0.8427091874748337,2540,0.4135460761966786,1.0,1
"iteration_5","SCOPE_DATA_COLLECTION",1800,23,1450.0,1510.0,1,11127,7422,2496,10999,7593,2498,6301,4134,1314,4831,3280,1188,0.43397412863816026,0.4424062584299973,0.4748201438848921,0.3709178519278392,0.8457064631812435,1.2859683955558368,0.7418357038556784,0.8457064631812435,0.8573122637038911,0.3567687668624028,0.4753265602322206,0.4687975646879756,100.0,100.0,5921,5979,9145,152,2,9145,0.025671339300793784,3.345040976751965E-4,1.0,0.4,0.1,0.30000000000000004,0.9,95.0,70.0,45.0,0.4,0.30000000000000004,0.4,0.5,85.0,50.0,55.0,7689,4295,3394,7689,0.4414098062166732,0.8899348032619822,1.0,0.8899348032619822,2057,0.4789289871944121,1.0,1
"iteration_5","SCOPE_DATA_COLLECTION",1800,23,1450.0,1510.0,2,11127,7422,2496,10999,7593,2498,6301,4134,1314,4831,3280,1188,0.43397412863816026,0.4424062584299973,0.4748201438848921,0.3709178519278392,0.8457064631812435,1.2859683955558368,0.7418357038556784,0.8457064631812435,0.8573122637038911,0.3567687668624028,0.4753265602322206,0.4687975646879756,100.0,100.0,5921,5979,9145,152,2,9145,0.025671339300793784,3.345040976751965E-4,1.0,0.4,0.1,0.30000000000000004,0.9,95.0,70.0,45.0,0.4,0.30000000000000004,0.4,0.5,85.0,50.0,55.0,2437,1260,1177,2437,0.48297086581862947,1.2579847200492429,1.5,0.8386564800328286,557,0.44206349206349205,1.0,1
"iteration_5","SCOPE_DATA_COLLECTION",1800,24,1510.0,1570.0,0,11032,7689,2437,11127,7422,2496,6151,4280,1263,4890,3394,1177,0.4428946653382846,0.44227260880896535,0.48237704918032787,0.4210054015130929,0.8854397174624015,1.2593262260497526,0.8420108030261858,0.8854397174624015,0.8395508173665017,0.4137538611607869,0.477803738317757,0.4433887569279493,100.0,100.0,5862,6035,9261,193,7,9261,0.03292391675196179,0.00115990057995029,1.0,0.4,0.30000000000000004,0.4,0.5,85.0,50.0,55.0,0.4,0.30000000000000004,0.5,0.4,95.0,60.0,55.0,10978,6153,4825,10978,0.4395153944252141,0.43158723949906236,0.5,0.8631744789981247,2625,0.42662116040955633,1.0,1
"iteration_5","SCOPE_DATA_COLLECTION",1800,24,1510.0,1570.0,1,11032,7689,2437,11127,7422,2496,6151,4280,1263,4890,3394,1177,0.4428946653382846,0.44227260880896535,0.48237704918032787,0.4210054015130929,0.8854397174624015,1.2593262260497526,0.8420108030261858,0.8854397174624015,0.8395508173665017,0.4137538611607869,0.477803738317757,0.4433887569279493,100.0,100.0,5862,6035,9261,193,7,9261,0.03292391675196179,0.00115990057995029,1.0,0.4,0.30000000000000004,0.4,0.5,85.0,50.0,55.0,0.4,0.30000000000000004,0.5,0.4,95.0,60.0,55.0,7523,4138,3385,7523,0.44995347600691216,0.8949540512408494,1.0,0.8949540512408494,1985,0.47970033832769454,1.0,1
"iteration_5","SCOPE_DATA_COLLECTION",1800,24,1510.0,1570.0,2,11032,7689,2437,11127,7422,2496,6151,4280,1263,4890,3394,1177,0.4428946653382846,0.44227260880896535,0.48237704918032787,0.4210054015130929,0.8854397174624015,1.2593262260497526,0.8420108030261858,0.8854397174624015,0.8395508173665017,0.4137538611607869,0.477803738317757,0.4433887569279493,100.0,100.0,5862,6035,9261,193,7,9261,0.03292391675196179,0.00115990057995029,1.0,0.4,0.30000000000000004,0.4,0.5,85.0,50.0,55.0,0.4,0.30000000000000004,0.5,0.4,95.0,60.0,55.0,2492,1334,1158,2492,0.46468699839486355,1.2684073791103707,1.5,0.8456049194069138,594,0.4452773613193403,1.0,1
"iteration_5","SCOPE_DATA_COLLECTION",1800,25,1570.0,1630.0,0,10978,7523,2492,11032,7689,2437,6153,4145,1331,4825,3384,1158,0.4395153944252141,0.44946207995749765,0.46524708718360785,0.43156292516408556,0.8930468966402388,1.2601207948384021,0.8631258503281711,0.8930468966402388,0.8400805298922681,0.426783682756379,0.47961399276236427,0.44102178812922616,97.5,100.0,5903,5949,9141,223,3,9141,0.03777740132136202,5.042864346949068E-4,1.0,0.4,0.30000000000000004,0.5,0.4,95.0,60.0,55.0,0.15000000000000002,0.6000000000000001,0.1,0.8,95.0,80.0,80.0,11176,4186,6990,11176,0.6254473872584109,0.5638556750767861,0.5,1.1277113501535723,2505,0.5984233158146202,1.0,1
"iteration_5","SCOPE_DATA_COLLECTION",1800,25,1570.0,1630.0,1,10978,7523,2492,11032,7689,2437,6153,4145,1331,4825,3384,1158,0.4395153944252141,0.44946207995749765,0.46524708718360785,0.43156292516408556,0.8930468966402388,1.2601207948384021,0.8631258503281711,0.8930468966402388,0.8400805298922681,0.426783682756379,0.47961399276236427,0.44102178812922616,97.5,100.0,5903,5949,9141,223,3,9141,0.03777740132136202,5.042864346949068E-4,1.0,0.4,0.30000000000000004,0.5,0.4,95.0,60.0,55.0,0.15000000000000002,0.6000000000000001,0.1,0.8,95.0,80.0,80.0,7573,2740,4833,7573,0.6381883005413971,1.0356574366871796,1.0,1.0356574366871796,1855,0.677007299270073,1.0,1
"iteration_5","SCOPE_DATA_COLLECTION",1800,25,1570.0,1630.0,2,10978,7523,2492,11032,7689,2437,6153,4145,1331,4825,3384,1158,0.4395153944252141,0.44946207995749765,0.46524708718360785,0.43156292516408556,0.8930468966402388,1.2601207948384021,0.8631258503281711,0.8930468966402388,0.8400805298922681,0.426783682756379,0.47961399276236427,0.44102178812922616,97.5,100.0,5903,5949,9141,223,3,9141,0.03777740132136202,5.042864346949068E-4,1.0,0.4,0.30000000000000004,0.5,0.4,95.0,60.0,55.0,0.15000000000000002,0.6000000000000001,0.1,0.8,95.0,80.0,80.0,2488,909,1579,2488,0.6346463022508039,1.6703972793049444,1.5,1.1135981862032962,601,0.6611661166116611,1.0,1
"iteration_5","SCOPE_DATA_COLLECTION",1800,26,1630.0,1690.0,0,11176,7573,2488,10978,7523,2492,4164,2757,919,6990,4834,1579,0.6266810112963959,0.6368067448294032,0.6321056845476382,0.5615111629105813,1.046933995226436,1.6777672546540434,1.1230223258211627,1.046933995226436,1.1185115031026955,0.5965417867435159,0.6800870511425462,0.6637649619151251,100.0,100.0,5570,2372,13295,104,4,13295,0.01867145421903052,0.0016863406408094434,1.0,0.15000000000000002,0.6000000000000001,0.1,0.8,95.0,80.0,80.0,0.55,0.6000000000000001,0.7000000000000001,0.1,45.0,50.0,55.0,11076,7370,3706,11076,0.33459732755507404,0.399446706213607,0.5,0.798893412427214,2604,0.35332428765264584,1.0,1
"iteration_5","SCOPE_DATA_COLLECTION",1800,26,1630.0,1690.0,1,11176,7573,2488,10978,7523,2492,4164,2757,919,6990,4834,1579,0.6266810112963959,0.6368067448294032,0.6321056845476382,0.5615111629105813,1.046933995226436,1.6777672546540434,1.1230223258211627,1.046933995226436,1.1185115031026955,0.5965417867435159,0.6800870511425462,0.6637649619151251,100.0,100.0,5570,2372,13295,104,4,13295,0.01867145421903052,0.0016863406408094434,1.0,0.15000000000000002,0.6000000000000001,0.1,0.8,95.0,80.0,80.0,0.55,0.6000000000000001,0.7000000000000001,0.1,45.0,50.0,55.0,7388,4942,2446,7388,0.3310774228478614,0.7919023352775327,1.0,0.7919023352775327,1940,0.3925536220153784,1.0,1
"iteration_5","SCOPE_DATA_COLLECTION",1800,26,1630.0,1690.0,2,11176,7573,2488,10978,7523,2492,4164,2757,919,6990,4834,1579,0.6266810112963959,0.6368067448294032,0.6321056845476382,0.5615111629105813,1.046933995226436,1.6777672546540434,1.1230223258211627,1.046933995226436,1.1185115031026955,0.5965417867435159,0.6800870511425462,0.6637649619151251,100.0,100.0,5570,2372,13295,104,4,13295,0.01867145421903052,0.0016863406408094434,1.0,0.15000000000000002,0.6000000000000001,0.1,0.8,95.0,80.0,80.0,0.55,0.6000000000000001,0.7000000000000001,0.1,45.0,50.0,55.0,2470,1605,865,2470,0.35020242914979755,1.1300655047138253,1.5,0.7533770031425502,639,0.3981308411214953,1.0,1
"iteration_5","SCOPE_DATA_COLLECTION",1800,27,1690.0,1750.0,0,11076,7388,2470,11176,7573,2488,7376,4930,1592,3706,2446,865,0.33441617036635984,0.3316160520607375,0.35205535205535204,0.4001652302629531,0.7861665042504563,1.1252763819445033,0.8003304605259062,0.7861665042504563,0.7501842546296689,0.35493492407809113,0.39127789046653144,0.3957286432160804,100.0,100.0,5650,8403,6881,123,13,6881,0.02176991150442478,0.001547066523860526,1.0,0.55,0.6000000000000001,0.7000000000000001,0.1,45.0,50.0,55.0,0.65,0.5,0.6000000000000001,0.1,45.0,40.0,65.0,10959,8717,2242,10959,0.2045807099187882,0.4303227694879401,0.5,0.8606455389758803,2957,0.33922220947573706,1.0,1
"iteration_5","SCOPE_DATA_COLLECTION",1800,27,1690.0,1750.0,1,11076,7388,2470,11176,7573,2488,7376,4930,1592,3706,2446,865,0.33441617036635984,0.3316160520607375,0.35205535205535204,0.4001652302629531,0.7861665042504563,1.1252763819445033,0.8003304605259062,0.7861665042504563,0.7501842546296689,0.35493492407809113,0.39127789046653144,0.3957286432160804,100.0,100.0,5650,8403,6881,123,13,6881,0.02176991150442478,0.001547066523860526,1.0,0.55,0.6000000000000001,0.7000000000000001,0.1,45.0,50.0,55.0,0.65,0.5,0.6000000000000001,0.1,45.0,40.0,65.0,7316,5796,1520,7316,0.2077638053581192,0.7552617007458577,1.0,0.7552617007458577,1994,0.3440303657694962,1.0,1
"iteration_5","SCOPE_DATA_COLLECTION",1800,27,1690.0,1750.0,2,11076,7388,2470,11176,7573,2488,7376,4930,1592,3706,2446,865,0.33441617036635984,0.3316160520607375,0.35205535205535204,0.4001652302629531,0.7861665042504563,1.1252763819445033,0.8003304605259062,0.7861665042504563,0.7501842546296689,0.35493492407809113,0.39127789046653144,0.3957286432160804,100.0,100.0,5650,8403,6881,123,13,6881,0.02176991150442478,0.001547066523860526,1.0,0.55,0.6000000000000001,0.7000000000000001,0.1,45.0,50.0,55.0,0.65,0.5,0.6000000000000001,0.1,45.0,40.0,65.0,2507,1970,537,2507,0.21420023932987634,1.0509398142025663,1.5,0.7006265428017109,661,0.33553299492385785,1.0,1
"iteration_5","SCOPE_DATA_COLLECTION",1800,28,1750.0,1810.0,0,10959,7316,2507,11076,7388,2470,8717,5781,1960,2242,1520,537,0.2045807099187882,0.20819065881386112,0.21505806968362035,0.4309723543653105,0.7569868653763617,1.049158386521789,0.861944708730621,0.7569868653763617,0.6994389243478594,0.33956636457496847,0.34440408233869574,0.3346938775510204,100.0,100.0,5526,9981,5275,125,488,3686,0.022620340209916757,0.048892896503356376,0.6987677725118483,0.65,0.5,0.6000000000000001,0.1,45.0,40.0,65.0,0.65,0.5,0.6000000000000001,0.1,55.0,30.0,55.0,11146,8915,2231,11146,0.20016149291225552,0.41799805538346657,0.5,0.8359961107669331,2981,0.33438025799214804,1.0,1
"iteration_5","SCOPE_DATA_COLLECTION",1800,28,1750.0,1810.0,1,10959,7316,2507,11076,7388,2470,8717,5781,1960,2242,1520,537,0.2045807099187882,0.20819065881386112,0.21505806968362035,0.4309723543653105,0.7569868653763617,1.049158386521789,0.861944708730621,0.7569868653763617,0.6994389243478594,0.33956636457496847,0.34440408233869574,0.3346938775510204,100.0,100.0,5526,9981,5275,125,488,3686,0.022620340209916757,0.048892896503356376,0.6987677725118483,0.65,0.5,0.6000000000000001,0.1,45.0,40.0,65.0,0.65,0.5,0.6000000000000001,0.1,55.0,30.0,55.0,7499,5840,1659,7499,0.22122949726630217,0.7521551422024567,1.0,0.7521551422024567,2015,0.3450342465753425,1.0,1
"iteration_5","SCOPE_DATA_COLLECTION",1800,28,1750.0,1810.0,2,10959,7316,2507,11076,7388,2470,8717,5781,1960,2242,1520,537,0.2045807099187882,0.20819065881386112,0.21505806968362035,0.4309723543653105,0.7569868653763617,1.049158386521789,0.861944708730621,0.7569868653763617,0.6994389243478594,0.33956636457496847,0.34440408233869574,0.3346938775510204,100.0,100.0,5526,9981,5275,125,488,3686,0.022620340209916757,0.048892896503356376,0.6987677725118483,0.65,0.5,0.6000000000000001,0.1,45.0,40.0,65.0,0.65,0.5,0.6000000000000001,0.1,55.0,30.0,55.0,2576,1956,620,2576,0.2406832298136646,1.0518761969280528,1.5,0.7012507979520352,641,0.3277096114519427,1.0,1
"iteration_5","SCOPE_DATA_COLLECTION",1800,29,1810.0,1870.0,0,11146,7499,2576,10959,7316,2507,8927,5842,1965,2231,1659,620,0.19994622692238753,0.22117051059858686,0.23984526112185686,0.4187449372181407,0.7519446589549864,1.0569901913033342,0.8374898744362814,0.7519446589549864,0.7046601275355561,0.33527500840147867,0.3450872988702499,0.3302798982188295,100.0,100.0,5617,10177,5427,115,489,3906,0.020473562399857575,0.048049523435197014,0.7197346600331676,0.65,0.5,0.6000000000000001,0.1,55.0,30.0,55.0,0.9,0.6000000000000001,0.9,0.4,35.0,35.0,40.0,11107,5936,5171,11107,0.46556225803547313,0.6206528413976903,0.5,1.2413056827953806,3024,0.5094339622641509,1.0,1
"iteration_5","SCOPE_DATA_COLLECTION",1800,29,1810.0,1870.0,1,11146,7499,2576,10959,7316,2507,8927,5842,1965,2231,1659,620,0.19994622692238753,0.22117051059858686,0.23984526112185686,0.4187449372181407,0.7519446589549864,1.0569901913033342,0.8374898744362814,0.7519446589549864,0.7046601275355561,0.33527500840147867,0.3450872988702499,0.3302798982188295,100.0,100.0,5617,10177,5427,115,489,3906,0.020473562399857575,0.048049523435197014,0.7197346600331676,0.65,0.5,0.6000000000000001,0.1,55.0,30.0,55.0,0.9,0.6000000000000001,0.9,0.4,35.0,35.0,40.0,7348,3851,3497,7348,0.47591181273816,1.1059356859482898,1.0,1.1059356859482898,2118,0.5499870163593872,1.0,1
"iteration_5","SCOPE_DATA_COLLECTION",1800,29,1810.0,1870.0,2,11146,7499,2576,10959,7316,2507,8927,5842,1965,2231,1659,620,0.19994622692238753,0.22117051059858686,0.23984526112185686,0.4187449372181407,0.7519446589549864,1.0569901913033342,0.8374898744362814,0.7519446589549864,0.7046601275355561,0.33527500840147867,0.3450872988702499,0.3302798982188295,100.0,100.0,5617,10177,5427,115,489,3906,0.020473562399857575,0.048049523435197014,0.7197346600331676,0.65,0.5,0.6000000000000001,0.1,55.0,30.0,55.0,0.9,0.6000000000000001,0.9,0.4,35.0,35.0,40.0,2466,1202,1264,2466,0.5125709651257097,1.5543808077959311,1.5,1.036253871863954,669,0.5565723793677204,1.0,1
"iteration_5","SCOPE_DATA_COLLECTION",1800,30,1870.0,1930.0,0,11107,7348,2466,11146,7499,2576,5945,3878,1200,5152,3472,1250,0.464269622420474,0.4723809523809524,0.5102040816326531,0.6188423957409276,1.1035556561016224,1.5417909463800887,1.2376847914818552,1.1035556561016224,1.027860630920059,0.5074852817493692,0.5482207323362558,0.5508333333333333,97.5,100.0,5874,13531,1516,242,9620,12,0.04119850187265917,0.7109600177370483,0.0079155672823219,0.9,0.6000000000000001,0.9,0.4,35.0,35.0,40.0,0.9500000000000001,0.6000000000000001,0.8,0.5,35.0,45.0,50.0,10983,3564,7419,10983,0.67549849767823,0.6902004243178643,0.5,1.3804008486357287,2641,0.7410213243546577,1.0,1
"iteration_5","SCOPE_DATA_COLLECTION",1800,30,1870.0,1930.0,1,11107,7348,2466,11146,7499,2576,5945,3878,1200,5152,3472,1250,0.464269622420474,0.4723809523809524,0.5102040816326531,0.6188423957409276,1.1035556561016224,1.5417909463800887,1.2376847914818552,1.1035556561016224,1.027860630920059,0.5074852817493692,0.5482207323362558,0.5508333333333333,97.5,100.0,5874,13531,1516,242,9620,12,0.04119850187265917,0.7109600177370483,0.0079155672823219,0.9,0.6000000000000001,0.9,0.4,35.0,35.0,40.0,0.9500000000000001,0.6000000000000001,0.8,0.5,35.0,45.0,50.0,7532,2365,5167,7532,0.6860063728093467,1.4094674898015043,1.0,1.4094674898015043,1939,0.8198731501057083,1.0,1
"iteration_5","SCOPE_DATA_COLLECTION",1800,30,1870.0,1930.0,2,11107,7348,2466,11146,7499,2576,5945,3878,1200,5152,3472,1250,0.464269622420474,0.4723809523809524,0.5102040816326531,0.6188423957409276,1.1035556561016224,1.5417909463800887,1.2376847914818552,1.1035556561016224,1.027860630920059,0.5074852817493692,0.5482207323362558,0.5508333333333333,97.5,100.0,5874,13531,1516,242,9620,12,0.04119850187265917,0.7109600177370483,0.0079155672823219,0.9,0.6000000000000001,0.9,0.4,35.0,35.0,40.0,0.9500000000000001,0.6000000000000001,0.8,0.5,35.0,45.0,50.0,2603,751,1852,2603,0.7114867460622358,2.057432964720178,1.5,1.3716219764801185,616,0.8202396804260985,1.0,1
"iteration_5","SCOPE_DATA_COLLECTION",1800,31,1930.0,1990.0,0,10983,7532,2603,11107,7348,2466,3553,2377,757,7435,5191,1866,0.6766472515471423,0.6859143763213531,0.7113991612657262,0.6896700384206066,1.4133624322814244,2.0592932143375164,1.3793400768412132,1.4133624322814244,1.3728621428916776,0.7419082465522094,0.8212031973075306,0.8203434610303831,97.5,100.0,5791,14593,734,280,14212,0,0.048350889310999824,0.9738915918591106,0.0,0.9500000000000001,0.6000000000000001,0.8,0.5,35.0,45.0,50.0,0.9500000000000001,0.6000000000000001,0.8,0.5,35.0,45.0,50.0,11108,4044,7064,11108,0.6359380626575442,0.6730967792777856,0.5,1.346193558555571,2831,0.7000494559841741,1.0,1
"iteration_5","SCOPE_DATA_COLLECTION",1800,31,1930.0,1990.0,1,10983,7532,2603,11107,7348,2466,3553,2377,757,7435,5191,1866,0.6766472515471423,0.6859143763213531,0.7113991612657262,0.6896700384206066,1.4133624322814244,2.0592932143375164,1.3793400768412132,1.4133624322814244,1.3728621428916776,0.7419082465522094,0.8212031973075306,0.8203434610303831,97.5,100.0,5791,14593,734,280,14212,0,0.048350889310999824,0.9738915918591106,0.0,0.9500000000000001,0.6000000000000001,0.8,0.5,35.0,45.0,50.0,0.9500000000000001,0.6000000000000001,0.8,0.5,35.0,45.0,50.0,7427,2605,4822,7427,0.6492527265383062,1.3482939556802391,1.0,1.3482939556802391,1951,0.7489443378119002,1.0,1
"iteration_5","SCOPE_DATA_COLLECTION",1800,31,1930.0,1990.0,2,10983,7532,2603,11107,7348,2466,3553,2377,757,7435,5191,1866,0.6766472515471423,0.6859143763213531,0.7113991612657262,0.6896700384206066,1.4133624322814244,2.0592932143375164,1.3793400768412132,1.4133624322814244,1.3728621428916776,0.7419082465522094,0.8212031973075306,0.8203434610303831,97.5,100.0,5791,14593,734,280,14212,0,0.048350889310999824,0.9738915918591106,0.0,0.9500000000000001,0.6000000000000001,0.8,0.5,35.0,45.0,50.0,0.9500000000000001,0.6000000000000001,0.8,0.5,35.0,45.0,50.0,2439,800,1639,2439,0.6719967199671997,1.9883693314659527,1.5,1.3255795543106352,612,0.765,1.0,1
"iteration_5","SCOPE_DATA_COLLECTION",1800,32,1990.0,2050.0,0,11108,7427,2439,10983,7532,2603,4031,2586,801,7062,4822,1639,0.6366176868295321,0.6509179265658748,0.6717213114754098,0.6716547557157743,1.3399684648319763,1.9840646239762882,1.3433095114315485,1.3399684648319763,1.3227097493175255,0.6975936492185562,0.7467130703789636,0.7640449438202247,100.0,100.0,5932,14360,682,322,13201,0,0.05428186109238031,0.9192896935933148,0.0,0.9500000000000001,0.6000000000000001,0.8,0.5,35.0,45.0,50.0,0.9500000000000001,0.5,0.7000000000000001,0.6000000000000001,45.0,35.0,60.0,10924,4084,6840,10924,0.6261442694983522,0.6233205200658949,0.5,1.2466410401317898,2649,0.6486287952987267,1.0,1
"iteration_5","SCOPE_DATA_COLLECTION",1800,32,1990.0,2050.0,1,11108,7427,2439,10983,7532,2603,4031,2586,801,7062,4822,1639,0.6366176868295321,0.6509179265658748,0.6717213114754098,0.6716547557157743,1.3399684648319763,1.9840646239762882,1.3433095114315485,1.3399684648319763,1.3227097493175255,0.6975936492185562,0.7467130703789636,0.7640449438202247,100.0,100.0,5932,14360,682,322,13201,0,0.05428186109238031,0.9192896935933148,0.0,0.9500000000000001,0.6000000000000001,0.8,0.5,35.0,45.0,50.0,0.9500000000000001,0.5,0.7000000000000001,0.6000000000000001,45.0,35.0,60.0,7446,2660,4786,7446,0.642761214074671,1.303842279339934,1.0,1.303842279339934,1952,0.7338345864661654,1.0,1
"iteration_5","SCOPE_DATA_COLLECTION",1800,32,1990.0,2050.0,2,11108,7427,2439,10983,7532,2603,4031,2586,801,7062,4822,1639,0.6366176868295321,0.6509179265658748,0.6717213114754098,0.6716547557157743,1.3399684648319763,1.9840646239762882,1.3433095114315485,1.3399684648319763,1.3227097493175255,0.6975936492185562,0.7467130703789636,0.7640449438202247,100.0,100.0,5932,14360,682,322,13201,0,0.05428186109238031,0.9192896935933148,0.0,0.9500000000000001,0.6000000000000001,0.8,0.5,35.0,45.0,50.0,0.9500000000000001,0.5,0.7000000000000001,0.6000000000000001,45.0,35.0,60.0,2553,855,1698,2553,0.6650998824911868,1.863966691188447,1.5,1.242644460792298,609,0.712280701754386,1.0,1
"iteration_5","SCOPE_DATA_COLLECTION",1800,33,2050.0,2110.0,0,10924,7446,2553,11108,7427,2439,4089,2663,854,6840,4785,1696,0.6258578094976668,0.6424543501611171,0.6650980392156862,0.6244116850043022,1.3078195733832227,1.8630100838408254,1.2488233700086044,1.3078195733832227,1.2420067225605502,0.648813890926877,0.7341344348479159,0.7107728337236534,100.0,100.0,5859,14324,740,276,13045,0,0.047107014848950336,0.9107092990784696,0.0,0.9500000000000001,0.5,0.7000000000000001,0.6000000000000001,45.0,35.0,60.0,0.8500000000000001,0.5,0.6000000000000001,0.5,55.0,35.0,70.0,11296,6642,4654,11296,0.4120042492917847,0.50310504142954,0.5,1.00621008285908,2843,0.42803372478169227,1.0,1
"iteration_5","SCOPE_DATA_COLLECTION",1800,33,2050.0,2110.0,1,10924,7446,2553,11108,7427,2439,4089,2663,854,6840,4785,1696,0.6258578094976668,0.6424543501611171,0.6650980392156862,0.6244116850043022,1.3078195733832227,1.8630100838408254,1.2488233700086044,1.3078195733832227,1.2420067225605502,0.648813890926877,0.7341344348479159,0.7107728337236534,100.0,100.0,5859,14324,740,276,13045,0,0.047107014848950336,0.9107092990784696,0.0,0.9500000000000001,0.5,0.7000000000000001,0.6000000000000001,45.0,35.0,60.0,0.8500000000000001,0.5,0.6000000000000001,0.5,55.0,35.0,70.0,7473,4187,3286,7473,0.4397163120567376,0.9629330443494489,1.0,0.9629330443494489,1980,0.4728922856460473,1.0,1
"iteration_5","SCOPE_DATA_COLLECTION",1800,33,2050.0,2110.0,2,10924,7446,2553,11108,7427,2439,4089,2663,854,6840,4785,1696,0.6258578094976668,0.6424543501611171,0.6650980392156862,0.6244116850043022,1.3078195733832227,1.8630100838408254,1.2488233700086044,1.3078195733832227,1.2420067225605502,0.648813890926877,0.7341344348479159,0.7107728337236534,100.0,100.0,5859,14324,740,276,13045,0,0.047107014848950336,0.9107092990784696,0.0,0.9500000000000001,0.5,0.7000000000000001,0.6000000000000001,45.0,35.0,60.0,0.8500000000000001,0.5,0.6000000000000001,0.5,55.0,35.0,70.0,2485,1286,1199,2485,0.4824949698189135,1.408927583372393,1.5,0.9392850555815954,611,0.4751166407465008,1.0,1
"iteration_5","SCOPE_DATA_COLLECTION",1800,34,2110.0,2170.0,0,11296,7473,2485,10924,7446,2553,6671,4187,1288,4658,3285,1201,0.41115720716744636,0.43964132762312635,0.4825231016472479,0.5055892759371716,0.9652663538209821,1.4115448628763179,1.0111785518743432,0.9652663538209821,0.9410299085842119,0.43126967471143757,0.4731311201337473,0.47748447204968947,100.0,100.0,5858,13134,2262,286,8858,0,0.048822123591669514,0.6744327699101569,0.0,0.8500000000000001,0.5,0.6000000000000001,0.5,55.0,35.0,70.0,0.8500000000000001,0.5,0.6000000000000001,0.5,55.0,35.0,70.0,11119,6830,4289,11119,0.3857361273495818,0.5340678583994365,0.5,1.068135716798873,2942,0.4307467057101025,1.0,1
"iteration_5","SCOPE_DATA_COLLECTION",1800,34,2110.0,2170.0,1,11296,7473,2485,10924,7446,2553,6671,4187,1288,4658,3285,1201,0.41115720716744636,0.43964132762312635,0.4825231016472479,0.5055892759371716,0.9652663538209821,1.4115448628763179,1.0111785518743432,0.9652663538209821,0.9410299085842119,0.43126967471143757,0.4731311201337473,0.47748447204968947,100.0,100.0,5858,13134,2262,286,8858,0,0.048822123591669514,0.6744327699101569,0.0,0.8500000000000001,0.5,0.6000000000000001,0.5,55.0,35.0,70.0,0.8500000000000001,0.5,0.6000000000000001,0.5,55.0,35.0,70.0,7402,4499,2903,7402,0.3921912996487436,0.9427368979301471,1.0,0.9427368979301471,2015,0.4478773060680151,1.0,1
"iteration_5","SCOPE_DATA_COLLECTION",1800,34,2110.0,2170.0,2,11296,7473,2485,10924,7446,2553,6671,4187,1288,4658,3285,1201,0.41115720716744636,0.43964132762312635,0.4825231016472479,0.5055892759371716,0.9652663538209821,1.4115448628763179,1.0111785518743432,0.9652663538209821,0.9410299085842119,0.43126967471143757,0.4731311201337473,0.47748447204968947,100.0,100.0,5858,13134,2262,286,8858,0,0.048822123591669514,0.6744327699101569,0.0,0.8500000000000001,0.5,0.6000000000000001,0.5,55.0,35.0,70.0,0.8500000000000001,0.5,0.6000000000000001,0.5,55.0,35.0,70.0,2519,1434,1085,2519,0.43072647876141323,1.3805408132820212,1.5,0.9203605421880141,647,0.4511854951185495,1.0,1
"iteration_5","SCOPE_DATA_COLLECTION",1800,35,2170.0,2230.0,0,11119,7402,2519,11296,7473,2485,6806,4494,1435,4289,2905,1084,0.38657052726453356,0.3926206244087039,0.43032949583167923,0.5326297689237297,0.9405400134593355,1.3826090116672938,1.0652595378474594,0.9405400134593355,0.9217393411115292,0.42903320599471056,0.447485536270583,0.4515679442508711,97.5,100.0,5907,12874,2259,284,7994,0,0.04807855087184696,0.6209414323442598,0.0,0.8500000000000001,0.5,0.6000000000000001,0.5,55.0,35.0,70.0,0.8500000000000001,0.5,0.6000000000000001,0.4,55.0,35.0,80.0,11072,7553,3519,11072,0.3178287572254335,0.46011587712936775,0.5,0.9202317542587355,3093,0.4095061564941083,1.0,1
"iteration_5","SCOPE_DATA_COLLECTION",1800,35,2170.0,2230.0,1,11119,7402,2519,11296,7473,2485,6806,4494,1435,4289,2905,1084,0.38657052726453356,0.3926206244087039,0.43032949583167923,0.5326297689237297,0.9405400134593355,1.3826090116672938,1.0652595378474594,0.9405400134593355,0.9217393411115292,0.42903320599471056,0.447485536270583,0.4515679442508711,97.5,100.0,5907,12874,2259,284,7994,0,0.04807855087184696,0.6209414323442598,0.0,0.8500000000000001,0.5,0.6000000000000001,0.5,55.0,35.0,70.0,0.8500000000000001,0.5,0.6000000000000001,0.4,55.0,35.0,80.0,7337,4918,2419,7337,0.3296987869701513,0.8872952643082024,1.0,0.8872952643082024,2020,0.4107360715738105,1.0,1
"iteration_5","SCOPE_DATA_COLLECTION",1800,35,2170.0,2230.0,2,11119,7402,2519,11296,7473,2485,6806,4494,1435,4289,2905,1084,0.38657052726453356,0.3926206244087039,0.43032949583167923,0.5326297689237297,0.9405400134593355,1.3826090116672938,1.0652595378474594,0.9405400134593355,0.9217393411115292,0.42903320599471056,0.447485536270583,0.4515679442508711,97.5,100.0,5907,12874,2259,284,7994,0,0.04807855087184696,0.6209414323442598,0.0,0.8500000000000001,0.5,0.6000000000000001,0.5,55.0,35.0,70.0,0.8500000000000001,0.5,0.6000000000000001,0.4,55.0,35.0,80.0,2397,1484,913,2397,0.3808927826449729,1.3002540135706788,1.5,0.8668360090471192,595,0.4009433962264151,1.0,1
"iteration_5","SCOPE_DATA_COLLECTION",1800,36,2230.0,2290.0,0,11072,7337,2397,11119,7402,2519,7540,4917,1484,3504,2404,904,0.3172763491488591,0.32837044119655784,0.3785594639865997,0.46017253498535504,0.8897604910170342,1.2989031720185509,0.9203450699707101,0.8897604910170342,0.8659354480123672,0.4090185676392573,0.41203986170429124,0.4002695417789757,95.0,100.0,5770,12774,2262,187,6625,0,0.03240901213171577,0.5186315954282136,0.0,0.8500000000000001,0.5,0.6000000000000001,0.4,55.0,35.0,80.0,0.65,0.30000000000000004,0.6000000000000001,0.6000000000000001,65.0,55.0,65.0,11012,9060,1952,11012,0.1772611696331275,0.4562085279534467,0.5,0.9124170559068934,3099,0.34205298013245033,1.0,1
"iteration_5","SCOPE_DATA_COLLECTION",1800,36,2230.0,2290.0,1,11072,7337,2397,11119,7402,2519,7540,4917,1484,3504,2404,904,0.3172763491488591,0.32837044119655784,0.3785594639865997,0.46017253498535504,0.8897604910170342,1.2989031720185509,0.9203450699707101,0.8897604910170342,0.8659354480123672,0.4090185676392573,0.41203986170429124,0.4002695417789757,95.0,100.0,5770,12774,2262,187,6625,0,0.03240901213171577,0.5186315954282136,0.0,0.8500000000000001,0.5,0.6000000000000001,0.4,55.0,35.0,80.0,0.65,0.30000000000000004,0.6000000000000001,0.6000000000000001,65.0,55.0,65.0,7404,5995,1409,7404,0.1903025391680173,0.803418959702716,1.0,0.803418959702716,2053,0.34245204336947455,1.0,1
"iteration_5","SCOPE_DATA_COLLECTION",1800,36,2230.0,2290.0,2,11072,7337,2397,11119,7402,2519,7540,4917,1484,3504,2404,904,0.3172763491488591,0.32837044119655784,0.3785594639865997,0.46017253498535504,0.8897604910170342,1.2989031720185509,0.9203450699707101,0.8897604910170342,0.8659354480123672,0.4090185676392573,0.41203986170429124,0.4002695417789757,95.0,100.0,5770,12774,2262,187,6625,0,0.03240901213171577,0.5186315954282136,0.0,0.8500000000000001,0.5,0.6000000000000001,0.4,55.0,35.0,80.0,0.65,0.30000000000000004,0.6000000000000001,0.6000000000000001,65.0,55.0,65.0,2568,2025,543,2568,0.21144859813084113,1.0900985185124301,1.5,0.7267323456749534,635,0.3135802469135803,1.0,1
"iteration_5","SCOPE_DATA_COLLECTION",1800,37,2290.0,2350.0,0,11012,7404,2568,11072,7337,2397,9030,5966,2012,1968,1424,553,0.1789416257501364,0.19269282814614344,0.2155945419103314,0.45526240580687843,0.8022230031957515,1.089687007758063,0.9105248116137569,0.8022230031957515,0.726458005172042,0.3401993355481728,0.3431109621186725,0.31510934393638174,100.0,100.0,5870,9830,5284,254,320,3371,0.043270868824531517,0.03255340793489318,0.6379636638909917,0.65,0.30000000000000004,0.6000000000000001,0.6000000000000001,65.0,55.0,65.0,0.65,0.30000000000000004,0.6000000000000001,0.6000000000000001,65.0,55.0,65.0,11336,9290,2046,11336,0.18048694424841213,0.39061650850828583,0.5,0.7812330170165717,2906,0.31280947255113023,1.0,1
"iteration_5","SCOPE_DATA_COLLECTION",1800,37,2290.0,2350.0,1,11012,7404,2568,11072,7337,2397,9030,5966,2012,1968,1424,553,0.1789416257501364,0.19269282814614344,0.2155945419103314,0.45526240580687843,0.8022230031957515,1.089687007758063,0.9105248116137569,0.8022230031957515,0.726458005172042,0.3401993355481728,0.3431109621186725,0.31510934393638174,100.0,100.0,5870,9830,5284,254,320,3371,0.043270868824531517,0.03255340793489318,0.6379636638909917,0.65,0.30000000000000004,0.6000000000000001,0.6000000000000001,65.0,55.0,65.0,0.65,0.30000000000000004,0.6000000000000001,0.6000000000000001,65.0,55.0,65.0,7379,6028,1351,7379,0.1830871391787505,0.7468845519728762,1.0,0.7468845519728762,2054,0.340743198407432,1.0,1
"iteration_5","SCOPE_DATA_COLLECTION",1800,37,2290.0,2350.0,2,11012,7404,2568,11072,7337,2397,9030,5966,2012,1968,1424,553,0.1789416257501364,0.19269282814614344,0.2155945419103314,0.45526240580687843,0.8022230031957515,1.089687007758063,0.9105248116137569,0.8022230031957515,0.726458005172042,0.3401993355481728,0.3431109621186725,0.31510934393638174,100.0,100.0,5870,9830,5284,254,320,3371,0.043270868824531517,0.03255340793489318,0.6379636638909917,0.65,0.30000000000000004,0.6000000000000001,0.6000000000000001,65.0,55.0,65.0,0.65,0.30000000000000004,0.6000000000000001,0.6000000000000001,65.0,55.0,65.0,2439,1888,551,2439,0.22591225912259122,1.0624074098689154,1.5,0.7082716065792769,605,0.3204449152542373,1.0,1
"iteration_5","SCOPE_DATA_COLLECTION",1800,38,2350.0,2410.0,0,11336,7379,2439,11012,7404,2568,9324,6047,1894,2039,1343,547,0.17944204875473027,0.1817320703653586,0.22408848832445719,0.39277159356749086,0.7475902387174932,1.0642470100811006,0.7855431871349817,0.7475902387174932,0.7094980067207337,0.3158515658515659,0.3400033074251695,0.31890179514255546,97.5,100.0,5856,9964,5334,193,220,3516,0.032957650273224046,0.022079486150140507,0.6591676040494938,0.65,0.30000000000000004,0.6000000000000001,0.6000000000000001,65.0,55.0,65.0,0.65,0.30000000000000004,0.6000000000000001,0.6000000000000001,65.0,55.0,65.0,11066,8705,2361,11066,0.2133562262786915,0.4037873073380478,0.5,0.8075746146760956,2803,0.32199885123492245,1.0,1
"iteration_5","SCOPE_DATA_COLLECTION",1800,38,2350.0,2410.0,1,11336,7379,2439,11012,7404,2568,9324,6047,1894,2039,1343,547,0.17944204875473027,0.1817320703653586,0.22408848832445719,0.39277159356749086,0.7475902387174932,1.0642470100811006,0.7855431871349817,0.7475902387174932,0.7094980067207337,0.3158515658515659,0.3400033074251695,0.31890179514255546,97.5,100.0,5856,9964,5334,193,220,3516,0.032957650273224046,0.022079486150140507,0.6591676040494938,0.65,0.30000000000000004,0.6000000000000001,0.6000000000000001,65.0,55.0,65.0,0.65,0.30000000000000004,0.6000000000000001,0.6000000000000001,65.0,55.0,65.0,7385,5787,1598,7385,0.21638456330399458,0.7719237668806048,1.0,0.7719237668806048,2044,0.3532054605149473,1.0,1
"iteration_5","SCOPE_DATA_COLLECTION",1800,38,2350.0,2410.0,2,11336,7379,2439,11012,7404,2568,9324,6047,1894,2039,1343,547,0.17944204875473027,0.1817320703653586,0.22408848832445719,0.39277159356749086,0.7475902387174932,1.0642470100811006,0.7855431871349817,0.7475902387174932,0.7094980067207337,0.3158515658515659,0.3400033074251695,0.31890179514255546,97.5,100.0,5856,9964,5334,193,220,3516,0.032957650273224046,0.022079486150140507,0.6591676040494938,0.65,0.30000000000000004,0.6000000000000001,0.6000000000000001,65.0,55.0,65.0,0.65,0.30000000000000004,0.6000000000000001,0.6000000000000001,65.0,55.0,65.0,2524,1906,618,2524,0.24484944532488115,1.0883045050081637,1.5,0.7255363366721092,617,0.3237145855194124,1.0,1
"iteration_5","SCOPE_DATA_COLLECTION",1800,39,2410.0,2470.0,0,11066,7385,2524,11336,7379,2439,8710,5787,1899,2367,1607,622,0.21368601606933285,0.21733838247227483,0.2467274890916303,0.4032368937075023,0.770472342190383,1.0871434968891878,0.8064737874150046,0.770472342190383,0.7247623312594585,0.3219288174512055,0.352514256091239,0.32385466034755134,100.0,100.0,5843,9796,5336,190,348,4058,0.032517542358377546,0.035524703960800326,0.7604947526236882,0.65,0.30000000000000004,0.6000000000000001,0.6000000000000001,65.0,55.0,65.0,0.15000000000000002,0.6000000000000001,0.30000000000000004,0.5,40.0,95.0,85.0,11151,4237,6914,11151,0.6200340776611963,0.5828147571934404,0.5,1.165629514386881,2619,0.6181260325702148,1.0,1
"iteration_5","SCOPE_DATA_COLLECTION",1800,39,2410.0,2470.0,1,11066,7385,2524,11336,7379,2439,8710,5787,1899,2367,1607,622,0.21368601606933285,0.21733838247227483,0.2467274890916303,0.4032368937075023,0.770472342190383,1.0871434968891878,0.8064737874150046,0.770472342190383,0.7247623312594585,0.3219288174512055,0.352514256091239,0.32385466034755134,100.0,100.0,5843,9796,5336,190,348,4058,0.032517542358377546,0.035524703960800326,0.7604947526236882,0.65,0.30000000000000004,0.6000000000000001,0.6000000000000001,65.0,55.0,65.0,0.15000000000000002,0.6000000000000001,0.30000000000000004,0.5,40.0,95.0,85.0,7484,2791,4693,7484,0.6270710849812934,1.1544591670083013,1.0,1.1544591670083013,1906,0.6829093514869222,1.0,1
"iteration_5","SCOPE_DATA_COLLECTION",1800,39,2410.0,2470.0,2,11066,7385,2524,11336,7379,2439,8710,5787,1899,2367,1607,622,0.21368601606933285,0.21733838247227483,0.2467274890916303,0.4032368937075023,0.770472342190383,1.0871434968891878,0.8064737874150046,0.770472342190383,0.7247623312594585,0.3219288174512055,0.352514256091239,0.32385466034755134,100.0,100.0,5843,9796,5336,190,348,4058,0.032517542358377546,0.035524703960800326,0.7604947526236882,0.65,0.30000000000000004,0.6000000000000001,0.6000000000000001,65.0,55.0,65.0,0.15000000000000002,0.6000000000000001,0.30000000000000004,0.5,40.0,95.0,85.0,2492,874,1618,2492,0.6492776886035313,1.7978889317679476,1.5,1.1985926211786317,619,0.7082379862700229,1.0,1
"iteration_5","SCOPE_DATA_COLLECTION",1800,40,2470.0,2530.0,0,11151,7484,2492,11066,7385,2524,4254,2822,882,6915,4693,1618,0.6191243620735966,0.624484364604125,0.6472,0.5827866442688838,1.1572571773776805,1.7775267272380784,1.1655732885377676,1.1572571773776805,1.185017818158719,0.6165961448048896,0.6824946846208363,0.6984126984126984,100.0,100.0,5747,2369,13011,214,1,13011,0.03723681921002262,4.2211903756859433E-4,1.0,0.15000000000000002,0.6000000000000001,0.30000000000000004,0.5,40.0,95.0,85.0,0.9,0.4,0.7000000000000001,0.4,95.0,75.0,40.0,11280,5944,5336,11280,0.47304964539007094,0.5388876430836199,0.5,1.0777752861672398,3068,0.5161507402422612,1.0,1
"iteration_5","SCOPE_DATA_COLLECTION",1800,40,2470.0,2530.0,1,11151,7484,2492,11066,7385,2524,4254,2822,882,6915,4693,1618,0.6191243620735966,0.624484364604125,0.6472,0.5827866442688838,1.1572571773776805,1.7775267272380784,1.1655732885377676,1.1572571773776805,1.185017818158719,0.6165961448048896,0.6824946846208363,0.6984126984126984,100.0,100.0,5747,2369,13011,214,1,13011,0.03723681921002262,4.2211903756859433E-4,1.0,0.15000000000000002,0.6000000000000001,0.30000000000000004,0.5,40.0,95.0,85.0,0.9,0.4,0.7000000000000001,0.4,95.0,75.0,40.0,7437,3695,3742,7437,0.5031598762942047,1.0367955364505013,1.0,1.0367955364505013,1991,0.5388362652232747,1.0,1
"iteration_5","SCOPE_DATA_COLLECTION",1800,40,2470.0,2530.0,2,11151,7484,2492,11066,7385,2524,4254,2822,882,6915,4693,1618,0.6191243620735966,0.624484364604125,0.6472,0.5827866442688838,1.1572571773776805,1.7775267272380784,1.1655732885377676,1.1572571773776805,1.185017818158719,0.6165961448048896,0.6824946846208363,0.6984126984126984,100.0,100.0,5747,2369,13011,214,1,13011,0.03723681921002262,4.2211903756859433E-4,1.0,0.15000000000000002,0.6000000000000001,0.30000000000000004,0.5,40.0,95.0,85.0,0.9,0.4,0.7000000000000001,0.4,95.0,75.0,40.0,2450,1134,1316,2450,0.5371428571428571,1.5386118069634076,1.5,1.0257412046422718,611,0.5388007054673721,1.0,1
"iteration_5","SCOPE_DATA_COLLECTION",1800,41,2530.0,2590.0,0,11280,7437,2450,11151,7484,2492,5906,3678,1135,5332,3740,1313,0.4744616479800676,0.5041790239956861,0.5363562091503268,0.5343470051175694,1.0338535764196386,1.543900056188191,1.0686940102351388,1.0338535764196386,1.0292667041254606,0.513376227565188,0.5375203915171288,0.5400881057268723,100.0,100.0,5987,13627,1553,243,10127,15,0.04058794053783197,0.7431569677845454,0.009658725048293626,0.9,0.4,0.7000000000000001,0.4,95.0,75.0,40.0,0.9500000000000001,0.30000000000000004,0.7000000000000001,0.5,95.0,85.0,40.0,11146,4167,6979,11146,0.6261439081284765,0.6489739026417541,0.5,1.2979478052835083,2690,0.6455483561315095,1.0,1
"iteration_5","SCOPE_DATA_COLLECTION",1800,41,2530.0,2590.0,1,11280,7437,2450,11151,7484,2492,5906,3678,1135,5332,3740,1313,0.4744616479800676,0.5041790239956861,0.5363562091503268,0.5343470051175694,1.0338535764196386,1.543900056188191,1.0686940102351388,1.0338535764196386,1.0292667041254606,0.513376227565188,0.5375203915171288,0.5400881057268723,100.0,100.0,5987,13627,1553,243,10127,15,0.04058794053783197,0.7431569677845454,0.009658725048293626,0.9,0.4,0.7000000000000001,0.4,95.0,75.0,40.0,0.9500000000000001,0.30000000000000004,0.7000000000000001,0.5,95.0,85.0,40.0,7353,2679,4674,7353,0.6356589147286822,1.317780599529791,1.0,1.317780599529791,1983,0.7402015677491601,1.0,1
"iteration_5","SCOPE_DATA_COLLECTION",1800,41,2530.0,2590.0,2,11280,7437,2450,11151,7484,2492,5906,3678,1135,5332,3740,1313,0.4744616479800676,0.5041790239956861,0.5363562091503268,0.5343470051175694,1.0338535764196386,1.543900056188191,1.0686940102351388,1.0338535764196386,1.0292667041254606,0.513376227565188,0.5375203915171288,0.5400881057268723,100.0,100.0,5987,13627,1553,243,10127,15,0.04058794053783197,0.7431569677845454,0.009658725048293626,0.9,0.4,0.7000000000000001,0.4,95.0,75.0,40.0,0.9500000000000001,0.30000000000000004,0.7000000000000001,0.5,95.0,85.0,40.0,2550,879,1671,2550,0.6552941176470588,1.8474918079439056,1.5,1.231661205295937,614,0.6985210466439136,1.0,1
"iteration_5","SCOPE_DATA_COLLECTION",1800,42,2590.0,2650.0,0,11146,7353,2550,11280,7437,2450,4158,2657,871,6983,4676,1673,0.6267839511713491,0.6376653484249284,0.657625786163522,0.6552169845592012,1.3246553471335838,1.8682994119135088,1.3104339691184024,1.3246553471335838,1.2455329412756726,0.6510341510341511,0.7440722619495672,0.7106773823191733,100.0,100.0,5838,14407,804,233,13099,0,0.03991092840013703,0.9092108003054071,0.0,0.9500000000000001,0.30000000000000004,0.7000000000000001,0.5,95.0,85.0,40.0,0.9500000000000001,0.30000000000000004,0.8,0.5,95.0,75.0,40.0,11035,4079,6956,11035,0.6303579519710013,0.6356150264469557,0.5,1.2712300528939113,2700,0.6619269428781565,1.0,1
"iteration_5","SCOPE_DATA_COLLECTION",1800,42,2590.0,2650.0,1,11146,7353,2550,11280,7437,2450,4158,2657,871,6983,4676,1673,0.6267839511713491,0.6376653484249284,0.657625786163522,0.6552169845592012,1.3246553471335838,1.8682994119135088,1.3104339691184024,1.3246553471335838,1.2455329412756726,0.6510341510341511,0.7440722619495672,0.7106773823191733,100.0,100.0,5838,14407,804,233,13099,0,0.03991092840013703,0.9092108003054071,0.0,0.9500000000000001,0.30000000000000004,0.7000000000000001,0.5,95.0,85.0,40.0,0.9500000000000001,0.30000000000000004,0.8,0.5,95.0,75.0,40.0,7407,2636,4771,7407,0.6441204266234642,1.306958902496815,1.0,1.306958902496815,1976,0.7496206373292867,1.0,1
"iteration_5","SCOPE_DATA_COLLECTION",1800,42,2590.0,2650.0,2,11146,7353,2550,11280,7437,2450,4158,2657,871,6983,4676,1673,0.6267839511713491,0.6376653484249284,0.657625786163522,0.6552169845592012,1.3246553471335838,1.8682994119135088,1.3104339691184024,1.3246553471335838,1.2455329412756726,0.6510341510341511,0.7440722619495672,0.7106773823191733,100.0,100.0,5838,14407,804,233,13099,0,0.03991092840013703,0.9092108003054071,0.0,0.9500000000000001,0.30000000000000004,0.7000000000000001,0.5,95.0,85.0,40.0,0.9500000000000001,0.30000000000000004,0.8,0.5,95.0,75.0,40.0,2571,850,1721,2571,0.6693893426682225,1.91497792950865,1.5,1.2766519530057667,640,0.7529411764705882,1.0,1
"iteration_5","SCOPE_DATA_COLLECTION",1800,43,2650.0,2710.0,0,11035,7407,2571,11146,7353,2550,4119,2667,857,6948,4764,1722,0.6278124152886961,0.6410981025433993,0.667700659170221,0.6355592766712523,1.304186941498191,1.8909816536648543,1.2711185533425047,1.304186941498191,1.2606544357765694,0.659383345472202,0.7457817772778402,0.7397899649941657,100.0,100.0,5933,14284,796,254,13180,0,0.042811393898533626,0.9227107252870345,0.0,0.9500000000000001,0.30000000000000004,0.8,0.5,95.0,75.0,40.0,0.9500000000000001,0.4,0.8,0.4,85.0,65.0,40.0,11071,3788,7283,11071,0.6578448197994761,0.7069981527198523,0.5,1.4139963054397047,2588,0.6832101372756072,1.0,1
"iteration_5","SCOPE_DATA_COLLECTION",1800,43,2650.0,2710.0,1,11035,7407,2571,11146,7353,2550,4119,2667,857,6948,4764,1722,0.6278124152886961,0.6410981025433993,0.667700659170221,0.6355592766712523,1.304186941498191,1.8909816536648543,1.2711185533425047,1.304186941498191,1.2606544357765694,0.659383345472202,0.7457817772778402,0.7397899649941657,100.0,100.0,5933,14284,796,254,13180,0,0.042811393898533626,0.9227107252870345,0.0,0.9500000000000001,0.30000000000000004,0.8,0.5,95.0,75.0,40.0,0.9500000000000001,0.4,0.8,0.4,85.0,65.0,40.0,7503,2588,4915,7503,0.6550713048114087,1.3934260354358645,1.0,1.3934260354358645,2008,0.7758887171561051,1.0,1
"iteration_5","SCOPE_DATA_COLLECTION",1800,43,2650.0,2710.0,2,11035,7407,2571,11146,7353,2550,4119,2667,857,6948,4764,1722,0.6278124152886961,0.6410981025433993,0.667700659170221,0.6355592766712523,1.304186941498191,1.8909816536648543,1.2711185533425047,1.304186941498191,1.2606544357765694,0.659383345472202,0.7457817772778402,0.7397899649941657,100.0,100.0,5933,14284,796,254,13180,0,0.042811393898533626,0.9227107252870345,0.0,0.9500000000000001,0.30000000000000004,0.8,0.5,95.0,75.0,40.0,0.9500000000000001,0.4,0.8,0.4,85.0,65.0,40.0,2590,835,1755,2590,0.6776061776061776,2.022479038997748,1.5,1.348319359331832,655,0.7844311377245509,1.0,1
"iteration_5","SCOPE_DATA_COLLECTION",1800,44,2710.0,2770.0,0,11071,7503,2590,11035,7407,2571,3776,2570,839,7285,4921,1754,0.6586203779043486,0.656921639300494,0.6764365599691478,0.7042008969819507,1.3880755804851261,2.017474544906806,1.4084017939639013,1.3880755804851261,1.3449830299378707,0.6816737288135594,0.7750972762645915,0.7842669845053635,100.0,100.0,5807,14587,770,269,13691,0,0.046323402789736526,0.9385754438883938,0.0,0.9500000000000001,0.4,0.8,0.4,85.0,65.0,40.0,0.9500000000000001,0.4,0.8,0.4,85.0,65.0,40.0,11059,4088,6971,11059,0.6303463242607831,0.647648204990033,0.5,1.295296409980066,2749,0.6724559686888454,1.0,1
"iteration_5","SCOPE_DATA_COLLECTION",1800,44,2710.0,2770.0,1,11071,7503,2590,11035,7407,2571,3776,2570,839,7285,4921,1754,0.6586203779043486,0.656921639300494,0.6764365599691478,0.7042008969819507,1.3880755804851261,2.017474544906806,1.4084017939639013,1.3880755804851261,1.3449830299378707,0.6816737288135594,0.7750972762645915,0.7842669845053635,100.0,100.0,5807,14587,770,269,13691,0,0.046323402789736526,0.9385754438883938,0.0,0.9500000000000001,0.4,0.8,0.4,85.0,65.0,40.0,0.9500000000000001,0.4,0.8,0.4,85.0,65.0,40.0,7362,2603,4759,7362,0.6464276011953274,1.309601591211684,1.0,1.309601591211684,1904,0.7314636957356896,1.0,1
"iteration_5","SCOPE_DATA_COLLECTION",1800,44,2710.0,2770.0,2,11071,7503,2590,11035,7407,2571,3776,2570,839,7285,4921,1754,0.6586203779043486,0.656921639300494,0.6764365599691478,0.7042008969819507,1.3880755804851261,2.017474544906806,1.4084017939639013,1.3880755804851261,1.3449830299378707,0.6816737288135594,0.7750972762645915,0.7842669845053635,100.0,100.0,5807,14587,770,269,13691,0,0.046323402789736526,0.9385754438883938,0.0,0.9500000000000001,0.4,0.8,0.4,85.0,65.0,40.0,0.9500000000000001,0.4,0.8,0.4,85.0,65.0,40.0,2486,867,1619,2486,0.6512469831053902,1.870022190184075,1.5,1.2466814601227167,622,0.7174163783160323,1.0,1
"iteration_5","SCOPE_DATA_COLLECTION",1800,45,2770.0,2830.0,0,11059,7362,2486,11071,7503,2590,4111,2623,866,6972,4758,1619,0.629071551024091,0.6446280991735537,0.6515090543259557,0.6489098127081054,1.3144416290341066,1.8751565524447829,1.2978196254162109,1.3144416290341066,1.2501043682965218,0.6735587448309414,0.7327487609607319,0.7170900692840647,100.0,100.0,5809,14351,747,225,13124,0,0.038733000516440005,0.9145007316563306,0.0,0.9500000000000001,0.4,0.8,0.4,85.0,65.0,40.0,0.7000000000000001,0.5,0.9,0.8,55.0,55.0,40.0,11056,9771,1285,11056,0.11622648335745296,0.4082401923985998,0.5,0.8164803847971996,3066,0.31378569235492787,1.0,1
"iteration_5","SCOPE_DATA_COLLECTION",1800,45,2770.0,2830.0,1,11059,7362,2486,11071,7503,2590,4111,2623,866,6972,4758,1619,0.629071551024091,0.6446280991735537,0.6515090543259557,0.6489098127081054,1.3144416290341066,1.8751565524447829,1.2978196254162109,1.3144416290341066,1.2501043682965218,0.6735587448309414,0.7327487609607319,0.7170900692840647,100.0,100.0,5809,14351,747,225,13124,0,0.038733000516440005,0.9145007316563306,0.0,0.9500000000000001,0.4,0.8,0.4,85.0,65.0,40.0,0.7000000000000001,0.5,0.9,0.8,55.0,55.0,40.0,7487,6519,968,7487,0.12929077066915987,0.7328653022261525,1.0,0.7328653022261525,2040,0.31293143120110445,1.0,1
"iteration_5","SCOPE_DATA_COLLECTION",1800,45,2770.0,2830.0,2,11059,7362,2486,11071,7503,2590,4111,2623,866,6972,4758,1619,0.629071551024091,0.6446280991735537,0.6515090543259557,0.6489098127081054,1.3144416290341066,1.8751565524447829,1.2978196254162109,1.3144416290341066,1.2501043682965218,0.6735587448309414,0.7327487609607319,0.7170900692840647,100.0,100.0,5809,14351,747,225,13124,0,0.038733000516440005,0.9145007316563306,0.0,0.9500000000000001,0.4,0.8,0.4,85.0,65.0,40.0,0.7000000000000001,0.5,0.9,0.8,55.0,55.0,40.0,2450,2032,418,2450,0.17061224489795918,1.070845091542223,1.5,0.7138967276948153,611,0.3006889763779528,1.0,1
"iteration_5","SCOPE_DATA_COLLECTION",1800,46,2830.0,2890.0,0,11056,7487,2450,11059,7362,2486,9744,6480,2020,1289,969,418,0.11683132420919061,0.1300845751107531,0.17145200984413453,0.40843043145731617,0.7296266656050964,1.074892110638931,0.8168608629146323,0.7296266656050964,0.7165947404259541,0.31403940886699505,0.31157407407407406,0.30396039603960395,100.0,100.0,5931,10615,4447,278,870,1528,0.046872365537008936,0.08195949128591616,0.34360242860355295,0.7000000000000001,0.5,0.9,0.8,55.0,55.0,40.0,0.7000000000000001,0.6000000000000001,0.9,0.7000000000000001,65.0,55.0,40.0,11027,9937,1090,11027,0.09884828149088601,0.3840132644613309,0.5,0.7680265289226618,2931,0.2949582368924223,1.0,1
"iteration_5","SCOPE_DATA_COLLECTION",1800,46,2830.0,2890.0,1,11056,7487,2450,11059,7362,2486,9744,6480,2020,1289,969,418,0.11683132420919061,0.1300845751107531,0.17145200984413453,0.40843043145731617,0.7296266656050964,1.074892110638931,0.8168608629146323,0.7296266656050964,0.7165947404259541,0.31403940886699505,0.31157407407407406,0.30396039603960395,100.0,100.0,5931,10615,4447,278,870,1528,0.046872365537008936,0.08195949128591616,0.34360242860355295,0.7000000000000001,0.5,0.9,0.8,55.0,55.0,40.0,0.7000000000000001,0.6000000000000001,0.9,0.7000000000000001,65.0,55.0,40.0,7456,6624,832,7456,0.11158798283261803,0.72209949493877,1.0,0.72209949493877,2096,0.3164251207729469,1.0,1
"iteration_5","SCOPE_DATA_COLLECTION",1800,46,2830.0,2890.0,2,11056,7487,2450,11059,7362,2486,9744,6480,2020,1289,969,418,0.11683132420919061,0.1300845751107531,0.17145200984413453,0.40843043145731617,0.7296266656050964,1.074892110638931,0.8168608629146323,0.7296266656050964,0.7165947404259541,0.31403940886699505,0.31157407407407406,0.30396039603960395,100.0,100.0,5931,10615,4447,278,870,1528,0.046872365537008936,0.08195949128591616,0.34360242860355295,0.7000000000000001,0.5,0.9,0.8,55.0,55.0,40.0,0.7000000000000001,0.6000000000000001,0.9,0.7000000000000001,65.0,55.0,40.0,2414,2034,380,2414,0.15741507870753935,1.0118740506444406,1.5,0.6745827004296271,582,0.2861356932153392,1.0,1
"iteration_5","SCOPE_DATA_COLLECTION",1800,47,2890.0,2950.0,0,11027,7456,2414,11056,7487,2450,9932,6629,2036,1091,833,381,0.09897487072484805,0.11163227016885553,0.15763342987174184,0.3839071901675865,0.7254479571583523,1.013785582303407,0.767814380335173,0.7254479571583523,0.675857054868938,0.29470398711236406,0.3181475335646402,0.2868369351669941,97.5,100.0,5982,10378,4537,280,424,1601,0.04680708793045804,0.040855656195798805,0.3528763500110205,0.7000000000000001,0.6000000000000001,0.9,0.7000000000000001,65.0,55.0,40.0,0.6000000000000001,0.5,0.8,0.7000000000000001,75.0,55.0,50.0,11055,8054,3001,11055,0.2714608774310267,0.40929493541134937,0.5,0.8185898708226987,2857,0.35473056866153463,1.0,1
"iteration_5","SCOPE_DATA_COLLECTION",1800,47,2890.0,2950.0,1,11027,7456,2414,11056,7487,2450,9932,6629,2036,1091,833,381,0.09897487072484805,0.11163227016885553,0.15763342987174184,0.3839071901675865,0.7254479571583523,1.013785582303407,0.767814380335173,0.7254479571583523,0.675857054868938,0.29470398711236406,0.3181475335646402,0.2868369351669941,97.5,100.0,5982,10378,4537,280,424,1601,0.04680708793045804,0.040855656195798805,0.3528763500110205,0.7000000000000001,0.6000000000000001,0.9,0.7000000000000001,65.0,55.0,40.0,0.6000000000000001,0.5,0.8,0.7000000000000001,75.0,55.0,50.0,7378,5346,2032,7378,0.2754133911629168,0.7736026159193674,1.0,0.7736026159193674,1961,0.3668163112607557,1.0,1
"iteration_5","SCOPE_DATA_COLLECTION",1800,47,2890.0,2950.0,2,11027,7456,2414,11056,7487,2450,9932,6629,2036,1091,833,381,0.09897487072484805,0.11163227016885553,0.15763342987174184,0.3839071901675865,0.7254479571583523,1.013785582303407,0.767814380335173,0.7254479571583523,0.675857054868938,0.29470398711236406,0.3181475335646402,0.2868369351669941,97.5,100.0,5982,10378,4537,280,424,1601,0.04680708793045804,0.040855656195798805,0.3528763500110205,0.7000000000000001,0.6000000000000001,0.9,0.7000000000000001,65.0,55.0,40.0,0.6000000000000001,0.5,0.8,0.7000000000000001,75.0,55.0,50.0,2527,1672,855,2527,0.3383458646616541,1.1443028920081137,1.5,0.7628685946720758,614,0.3672248803827751,1.0,1
"iteration_5","SCOPE_DATA_COLLECTION",1800,48,2950.0,3010.0,0,11055,7378,2527,11027,7456,2414,8035,5333,1679,3001,2032,852,0.2719282348677057,0.27589952477936186,0.3366258395890952,0.4058189242029749,0.7698885054059247,1.139555399610598,0.8116378484059498,0.7698885054059247,0.7597035997403987,0.3509645301804605,0.3658353647102944,0.36628945801072066,97.5,100.0,5837,9074,6049,241,88,5556,0.041288333047798526,0.00969803835133348,0.9184989254422219,0.6000000000000001,0.5,0.8,0.7000000000000001,75.0,55.0,50.0,0.55,0.5,0.6000000000000001,0.1,60.0,80.0,90.0,10975,7285,3690,10975,0.3362186788154897,0.4174332251535039,0.5,0.8348664503070078,2662,0.36540837336993826,1.0,1
"iteration_5","SCOPE_DATA_COLLECTION",1800,48,2950.0,3010.0,1,11055,7378,2527,11027,7456,2414,8035,5333,1679,3001,2032,852,0.2719282348677057,0.27589952477936186,0.3366258395890952,0.4058189242029749,0.7698885054059247,1.139555399610598,0.8116378484059498,0.7698885054059247,0.7597035997403987,0.3509645301804605,0.3658353647102944,0.36628945801072066,97.5,100.0,5837,9074,6049,241,88,5556,0.041288333047798526,0.00969803835133348,0.9184989254422219,0.6000000000000001,0.5,0.8,0.7000000000000001,75.0,55.0,50.0,0.55,0.5,0.6000000000000001,0.1,60.0,80.0,90.0,7476,4843,2633,7476,0.35219368646334936,0.8166432965531025,1.0,0.8166432965531025,1955,0.4036754078050795,1.0,1
"iteration_5","SCOPE_DATA_COLLECTION",1800,48,2950.0,3010.0,2,11055,7378,2527,11027,7456,2414,8035,5333,1679,3001,2032,852,0.2719282348677057,0.27589952477936186,0.3366258395890952,0.4058189242029749,0.7698885054059247,1.139555399610598,0.8116378484059498,0.7698885054059247,0.7597035997403987,0.3509645301804605,0.3658353647102944,0.36628945801072066,97.5,100.0,5837,9074,6049,241,88,5556,0.041288333047798526,0.00969803835133348,0.9184989254422219,0.6000000000000001,0.5,0.8,0.7000000000000001,75.0,55.0,50.0,0.55,0.5,0.6000000000000001,0.1,60.0,80.0,90.0,2480,1599,881,2480,0.35524193548387095,1.1088103194242669,1.5,0.7392068796161779,624,0.3902439024390244,1.0,1
"iteration_5","SCOPE_DATA_COLLECTION",1800,49,3010.0,3070.0,0,10975,7476,2480,11055,7378,2527,7316,4856,1600,3690,2633,884,0.3352716699981828,0.35158232073708107,0.355877616747182,0.421447158815924,0.816451679454085,1.1182377097991978,0.842894317631848,0.816451679454085,0.7454918065327986,0.36987424822307274,0.4021828665568369,0.391875,100.0,100.0,5675,8177,7079,115,10,7082,0.02026431718061674,0.0012229423994129876,1.0004237886707161,0.55,0.5,0.6000000000000001,0.1,60.0,80.0,90.0,0.55,0.5,0.6000000000000001,0.1,60.0,80.0,90.0,11103,7459,3644,11103,0.3281995856975592,0.39983513365764656,0.5,0.7996702673152931,2643,0.3543370424989945,1.0,1
"iteration_5","SCOPE_DATA_COLLECTION",1800,49,3010.0,3070.0,1,10975,7476,2480,11055,7378,2527,7316,4856,1600,3690,2633,884,0.3352716699981828,0.35158232073708107,0.355877616747182,0.421447158815924,0.816451679454085,1.1182377097991978,0.842894317631848,0.816451679454085,0.7454918065327986,0.36987424822307274,0.4021828665568369,0.391875,100.0,100.0,5675,8177,7079,115,10,7082,0.02026431718061674,0.0012229423994129876,1.0004237886707161,0.55,0.5,0.6000000000000001,0.1,60.0,80.0,90.0,0.55,0.5,0.6000000000000001,0.1,60.0,80.0,90.0,7442,4873,2569,7442,0.34520290244557916,0.7922862147824126,1.0,0.7922862147824126,1910,0.39195567412271703,1.0,1
"iteration_5","SCOPE_DATA_COLLECTION",1800,49,3010.0,3070.0,2,10975,7476,2480,11055,7378,2527,7316,4856,1600,3690,2633,884,0.3352716699981828,0.35158232073708107,0.355877616747182,0.421447158815924,0.816451679454085,1.1182377097991978,0.842894317631848,0.816451679454085,0.7454918065327986,0.36987424822307274,0.4021828665568369,0.391875,100.0,100.0,5675,8177,7079,115,10,7082,0.02026431718061674,0.0012229423994129876,1.0004237886707161,0.55,0.5,0.6000000000000001,0.1,60.0,80.0,90.0,0.55,0.5,0.6000000000000001,0.1,60.0,80.0,90.0,2526,1650,876,2526,0.34679334916864607,1.101162468863915,1.5,0.7341083125759433,636,0.38545454545454544,1.0,1
"iteration_5","SCOPE_DATA_COLLECTION",1800,50,3070.0,3130.0,0,11103,7442,2526,10975,7476,2480,7449,4869,1652,3644,2569,876,0.3284954475795547,0.34538854530787844,0.34651898734177217,0.39768408618098805,0.7907603147739313,1.0937012639467631,0.7953681723619761,0.7907603147739313,0.7291341759645088,0.3525305410122164,0.39125077017868143,0.3813559322033898,100.0,100.0,5654,8466,6951,125,13,6951,0.02210824195259993,0.001535553980628396,1.0,0.55,0.5,0.6000000000000001,0.1,60.0,80.0,90.0,0.45,0.4,0.6000000000000001,0.1,70.0,70.0,80.0,11156,6620,4536,11156,0.40659734671925424,0.40976455500593617,0.5,0.8195291100118723,2528,0.38187311178247735,1.0,1
"iteration_5","SCOPE_DATA_COLLECTION",1800,50,3070.0,3130.0,1,11103,7442,2526,10975,7476,2480,7449,4869,1652,3644,2569,876,0.3284954475795547,0.34538854530787844,0.34651898734177217,0.39768408618098805,0.7907603147739313,1.0937012639467631,0.7953681723619761,0.7907603147739313,0.7291341759645088,0.3525305410122164,0.39125077017868143,0.3813559322033898,100.0,100.0,5654,8466,6951,125,13,6951,0.02210824195259993,0.001535553980628396,1.0,0.55,0.5,0.6000000000000001,0.1,60.0,80.0,90.0,0.45,0.4,0.6000000000000001,0.1,70.0,70.0,80.0,7491,4360,3131,7491,0.41796822854091575,0.8447228585453193,1.0,0.8447228585453193,1933,0.443348623853211,1.0,1
"iteration_5","SCOPE_DATA_COLLECTION",1800,50,3070.0,3130.0,2,11103,7442,2526,10975,7476,2480,7449,4869,1652,3644,2569,876,0.3284954475795547,0.34538854530787844,0.34651898734177217,0.39768408618098805,0.7907603147739313,1.0937012639467631,0.7953681723619761,0.7907603147739313,0.7291341759645088,0.3525305410122164,0.39125077017868143,0.3813559322033898,100.0,100.0,5654,8466,6951,125,13,6951,0.02210824195259993,0.001535553980628396,1.0,0.55,0.5,0.6000000000000001,0.1,60.0,80.0,90.0,0.45,0.4,0.6000000000000001,0.1,70.0,70.0,80.0,2458,1446,1012,2458,0.41171684296175753,1.1588363625552223,1.5,0.7725575750368149,615,0.42531120331950206,1.0,1
"iteration_5","SCOPE_DATA_COLLECTION",1800,51,3130.0,3190.0,0,11156,7491,2458,11103,7442,2526,6635,4384,1447,4536,3130,1012,0.40605138304538535,0.4165557625765238,0.4115494103294022,0.4116663559462571,0.8464526634193151,1.1613379534699058,0.8233327118925142,0.8464526634193151,0.7742253023132705,0.38296910324039185,0.44411496350364965,0.42709053213545267,97.5,100.0,5582,6975,8548,121,9,8548,0.021676818344679327,0.0012903225806451613,1.0,0.45,0.4,0.6000000000000001,0.1,70.0,70.0,80.0,0.6000000000000001,0.30000000000000004,0.5,0.7000000000000001,70.0,95.0,55.0,11178,8068,3110,11178,0.27822508498837,0.3999781673157089,0.5,0.7999563346314178,2691,0.3335399107585523,1.0,1
"iteration_5","SCOPE_DATA_COLLECTION",1800,51,3130.0,3190.0,1,11156,7491,2458,11103,7442,2526,6635,4384,1447,4536,3130,1012,0.40605138304538535,0.4165557625765238,0.4115494103294022,0.4116663559462571,0.8464526634193151,1.1613379534699058,0.8233327118925142,0.8464526634193151,0.7742253023132705,0.38296910324039185,0.44411496350364965,0.42709053213545267,97.5,100.0,5582,6975,8548,121,9,8548,0.021676818344679327,0.0012903225806451613,1.0,0.45,0.4,0.6000000000000001,0.1,70.0,70.0,80.0,0.6000000000000001,0.30000000000000004,0.5,0.7000000000000001,70.0,95.0,55.0,7398,5281,2117,7398,0.2861584211949175,0.7830322672476643,1.0,0.7830322672476643,1988,0.37644385533042984,1.0,1
"iteration_5","SCOPE_DATA_COLLECTION",1800,51,3130.0,3190.0,2,11156,7491,2458,11103,7442,2526,6635,4384,1447,4536,3130,1012,0.40605138304538535,0.4165557625765238,0.4115494103294022,0.4116663559462571,0.8464526634193151,1.1613379534699058,0.8233327118925142,0.8464526634193151,0.7742253023132705,0.38296910324039185,0.44411496350364965,0.42709053213545267,97.5,100.0,5582,6975,8548,121,9,8548,0.021676818344679327,0.0012903225806451613,1.0,0.45,0.4,0.6000000000000001,0.1,70.0,70.0,80.0,0.6000000000000001,0.30000000000000004,0.5,0.7000000000000001,70.0,95.0,55.0,2503,1709,794,2503,0.31721933679584496,1.0942792343087187,1.5,0.7295194895391458,590,0.34523112931538913,1.0,1
"iteration_5","SCOPE_DATA_COLLECTION",1800,52,3190.0,3250.0,0,11178,7398,2503,11156,7491,2458,8074,5260,1698,3109,2116,794,0.27801126710185103,0.2868763557483731,0.3186195826645265,0.40103942072050214,0.7842455021948238,1.091006805105032,0.8020788414410043,0.7842455021948238,0.7273378700700213,0.335149863760218,0.37661596958174903,0.34452296819787986,97.5,100.0,5883,9082,6114,203,8,5808,0.034506204317525074,8.808632459810614E-4,0.9499509322865555,0.6000000000000001,0.30000000000000004,0.5,0.7000000000000001,70.0,95.0,55.0,0.6000000000000001,0.2,0.6000000000000001,0.7000000000000001,70.0,85.0,55.0,11157,8016,3141,11157,0.28152729228287177,0.3661231382116246,0.5,0.7322462764232492,2546,0.3176147704590818,1.0,1
"iteration_5","SCOPE_DATA_COLLECTION",1800,52,3190.0,3250.0,1,11178,7398,2503,11156,7491,2458,8074,5260,1698,3109,2116,794,0.27801126710185103,0.2868763557483731,0.3186195826645265,0.40103942072050214,0.7842455021948238,1.091006805105032,0.8020788414410043,0.7842455021948238,0.7273378700700213,0.335149863760218,0.37661596958174903,0.34452296819787986,97.5,100.0,5883,9082,6114,203,8,5808,0.034506204317525074,8.808632459810614E-4,0.9499509322865555,0.6000000000000001,0.30000000000000004,0.5,0.7000000000000001,70.0,95.0,55.0,0.6000000000000001,0.2,0.6000000000000001,0.7000000000000001,70.0,85.0,55.0,7326,5157,2169,7326,0.29606879606879605,0.7722209847394389,1.0,0.7722209847394389,1970,0.38200504169090554,1.0,1
"iteration_5","SCOPE_DATA_COLLECTION",1800,52,3190.0,3250.0,2,11178,7398,2503,11156,7491,2458,8074,5260,1698,3109,2116,794,0.27801126710185103,0.2868763557483731,0.3186195826645265,0.40103942072050214,0.7842455021948238,1.091006805105032,0.8020788414410043,0.7842455021948238,0.7273378700700213,0.335149863760218,0.37661596958174903,0.34452296819787986,97.5,100.0,5883,9082,6114,203,8,5808,0.034506204317525074,8.808632459810614E-4,0.9499509322865555,0.6000000000000001,0.30000000000000004,0.5,0.7000000000000001,70.0,95.0,55.0,0.6000000000000001,0.2,0.6000000000000001,0.7000000000000001,70.0,85.0,55.0,2538,1731,807,2538,0.31796690307328607,1.1256860997012277,1.5,0.7504573998008185,641,0.37030618139803584,1.0,1
"iteration_5","SCOPE_DATA_COLLECTION",1800,53,3250.0,3310.0,0,11157,7326,2538,11178,7398,2503,8007,5170,1739,3142,2171,807,0.28181899721948156,0.29573627571175587,0.31696779261586805,0.36580100050032927,0.7717346251945044,1.1239393425809519,0.7316020010006585,0.7717346251945044,0.7492928950539679,0.3167228674909454,0.3820116054158607,0.36860264519838987,97.5,100.0,5839,9068,6114,214,9,5897,0.03665011132043158,9.92501102779003E-4,0.9645076872751063,0.6000000000000001,0.2,0.6000000000000001,0.7000000000000001,70.0,85.0,55.0,0.5,0.30000000000000004,0.7000000000000001,0.7000000000000001,60.0,85.0,55.0,11186,7083,4103,11186,0.36679778294296445,0.39960311457311615,0.5,0.7992062291462323,2653,0.37455880276718906,1.0,1
"iteration_5","SCOPE_DATA_COLLECTION",1800,53,3250.0,3310.0,1,11157,7326,2538,11178,7398,2503,8007,5170,1739,3142,2171,807,0.28181899721948156,0.29573627571175587,0.31696779261586805,0.36580100050032927,0.7717346251945044,1.1239393425809519,0.7316020010006585,0.7717346251945044,0.7492928950539679,0.3167228674909454,0.3820116054158607,0.36860264519838987,97.5,100.0,5839,9068,6114,214,9,5897,0.03665011132043158,9.92501102779003E-4,0.9645076872751063,0.6000000000000001,0.2,0.6000000000000001,0.7000000000000001,70.0,85.0,55.0,0.5,0.30000000000000004,0.7000000000000001,0.7000000000000001,60.0,85.0,55.0,7322,4622,2700,7322,0.36875170718382955,0.80482818163731,1.0,0.80482818163731,1931,0.4177845088706188,1.0,1
"iteration_5","SCOPE_DATA_COLLECTION",1800,53,3250.0,3310.0,2,11157,7326,2538,11178,7398,2503,8007,5170,1739,3142,2171,807,0.28181899721948156,0.29573627571175587,0.31696779261586805,0.36580100050032927,0.7717346251945044,1.1239393425809519,0.7316020010006585,0.7717346251945044,0.7492928950539679,0.3167228674909454,0.3820116054158607,0.36860264519838987,97.5,100.0,5839,9068,6114,214,9,5897,0.03665011132043158,9.92501102779003E-4,0.9645076872751063,0.6000000000000001,0.2,0.6000000000000001,0.7000000000000001,70.0,85.0,55.0,0.5,0.30000000000000004,0.7000000000000001,0.7000000000000001,60.0,85.0,55.0,2509,1503,1006,2509,0.4009565563969709,1.1699919007904385,1.5,0.779994600526959,592,0.39387890884896876,1.0,1
"iteration_5","SCOPE_DATA_COLLECTION",1800,54,3310.0,3370.0,0,11186,7322,2509,11157,7326,2538,7095,4621,1498,4103,2700,1006,0.3664047151277014,0.3688020762190958,0.40175718849840253,0.4005517277723209,0.8057041213793056,1.1665947267335752,0.8011034555446418,0.8057041213793056,0.7777298178223835,0.3753347427766032,0.4180913222246267,0.3931909212283044,100.0,100.0,5958,7511,7548,256,5,7548,0.04296743873783149,6.656903208627346E-4,1.0,0.5,0.30000000000000004,0.7000000000000001,0.7000000000000001,60.0,85.0,55.0,0.4,0.2,0.8,0.7000000000000001,50.0,85.0,65.0,11165,6327,4838,11165,0.4333184057321988,0.40247291253118045,0.5,0.8049458250623609,2485,0.39276118223486645,1.0,1
"iteration_5","SCOPE_DATA_COLLECTION",1800,54,3310.0,3370.0,1,11186,7322,2509,11157,7326,2538,7095,4621,1498,4103,2700,1006,0.3664047151277014,0.3688020762190958,0.40175718849840253,0.4005517277723209,0.8057041213793056,1.1665947267335752,0.8011034555446418,0.8057041213793056,0.7777298178223835,0.3753347427766032,0.4180913222246267,0.3931909212283044,100.0,100.0,5958,7511,7548,256,5,7548,0.04296743873783149,6.656903208627346E-4,1.0,0.5,0.30000000000000004,0.7000000000000001,0.7000000000000001,60.0,85.0,55.0,0.4,0.2,0.8,0.7000000000000001,50.0,85.0,65.0,7527,4123,3404,7527,0.4522386076790222,0.8778809639494201,1.0,0.8778809639494201,1924,0.46665049721076884,1.0,1
"iteration_5","SCOPE_DATA_COLLECTION",1800,54,3310.0,3370.0,2,11186,7322,2509,11157,7326,2538,7095,4621,1498,4103,2700,1006,0.3664047151277014,0.3688020762190958,0.40175718849840253,0.4005517277723209,0.8057041213793056,1.1665947267335752,0.8011034555446418,0.8057041213793056,0.7777298178223835,0.3753347427766032,0.4180913222246267,0.3931909212283044,100.0,100.0,5958,7511,7548,256,5,7548,0.04296743873783149,6.656903208627346E-4,1.0,0.5,0.30000000000000004,0.7000000000000001,0.7000000000000001,60.0,85.0,55.0,0.4,0.2,0.8,0.7000000000000001,50.0,85.0,65.0,2521,1338,1183,2521,0.4692582308607695,1.3039152698174759,1.5,0.8692768465449839,622,0.4648729446935725,1.0,1
"iteration_5","SCOPE_DATA_COLLECTION",1800,55,3370.0,3430.0,0,11165,7527,2521,11186,7322,2509,6325,4132,1336,4838,3404,1183,0.43339604049090746,0.45169851380042464,0.46963080587534733,0.40110227231967105,0.8757478634983319,1.308514143475775,0.8022045446393421,0.8757478634983319,0.8723427623171833,0.3909881422924901,0.46563407550822844,0.4663173652694611,97.5,100.0,5931,6127,9155,263,7,9155,0.04434328106558759,0.0011424840868287905,1.0,0.4,0.2,0.8,0.7000000000000001,50.0,85.0,65.0,0.55,0.1,0.4,0.1,90.0,50.0,55.0,11127,7598,3529,11127,0.31715646625325783,0.32626490590170204,0.5,0.6525298118034041,2171,0.28573308765464595,1.0,1
"iteration_5","SCOPE_DATA_COLLECTION",1800,55,3370.0,3430.0,1,11165,7527,2521,11186,7322,2509,6325,4132,1336,4838,3404,1183,0.43339604049090746,0.45169851380042464,0.46963080587534733,0.40110227231967105,0.8757478634983319,1.308514143475775,0.8022045446393421,0.8757478634983319,0.8723427623171833,0.3909881422924901,0.46563407550822844,0.4663173652694611,97.5,100.0,5931,6127,9155,263,7,9155,0.04434328106558759,0.0011424840868287905,1.0,0.4,0.2,0.8,0.7000000000000001,50.0,85.0,65.0,0.55,0.1,0.4,0.1,90.0,50.0,55.0,7306,4966,2340,7306,0.3202846975088968,0.7602704188459862,1.0,0.7602704188459862,1951,0.3928715263793798,1.0,1
"iteration_5","SCOPE_DATA_COLLECTION",1800,55,3370.0,3430.0,2,11165,7527,2521,11186,7322,2509,6325,4132,1336,4838,3404,1183,0.43339604049090746,0.45169851380042464,0.46963080587534733,0.40110227231967105,0.8757478634983319,1.308514143475775,0.8022045446393421,0.8757478634983319,0.8723427623171833,0.3909881422924901,0.46563407550822844,0.4663173652694611,97.5,100.0,5931,6127,9155,263,7,9155,0.04434328106558759,0.0011424840868287905,1.0,0.4,0.2,0.8,0.7000000000000001,50.0,85.0,65.0,0.55,0.1,0.4,0.1,90.0,50.0,55.0,2471,1618,853,2471,0.3452043707001214,1.1076092565007172,1.5,0.7384061710004781,625,0.3862793572311496,1.0,1
"iteration_5","SCOPE_DATA_COLLECTION",1800,56,3430.0,3490.0,0,11127,7306,2471,11165,7527,2521,7582,4960,1625,3529,2340,853,0.3176131761317613,0.32054794520547947,0.344229217110573,0.3262002235235367,0.7613783134388412,1.1142959127683512,0.6524004470470735,0.7613783134388412,0.7428639418455675,0.28607227644420996,0.39314516129032256,0.3889230769230769,100.0,100.0,5702,8512,6690,85,5,6632,0.014907050157839354,5.87406015037594E-4,0.9913303437967115,0.55,0.1,0.4,0.1,90.0,50.0,55.0,0.55,0.1,0.5,0.1,95.0,60.0,65.0,11032,7320,3712,11032,0.3364757070340827,0.3206561202980127,0.5,0.6413122405960254,1998,0.27295081967213114,1.0,1
"iteration_5","SCOPE_DATA_COLLECTION",1800,56,3430.0,3490.0,1,11127,7306,2471,11165,7527,2521,7582,4960,1625,3529,2340,853,0.3176131761317613,0.32054794520547947,0.344229217110573,0.3262002235235367,0.7613783134388412,1.1142959127683512,0.6524004470470735,0.7613783134388412,0.7428639418455675,0.28607227644420996,0.39314516129032256,0.3889230769230769,100.0,100.0,5702,8512,6690,85,5,6632,0.014907050157839354,5.87406015037594E-4,0.9913303437967115,0.55,0.1,0.4,0.1,90.0,50.0,55.0,0.55,0.1,0.5,0.1,95.0,60.0,65.0,7519,4993,2526,7519,0.33594892937890675,0.7553125172311423,1.0,0.7553125172311423,1934,0.3873422791908672,1.0,1
"iteration_5","SCOPE_DATA_COLLECTION",1800,56,3430.0,3490.0,2,11127,7306,2471,11165,7527,2521,7582,4960,1625,3529,2340,853,0.3176131761317613,0.32054794520547947,0.344229217110573,0.3262002235235367,0.7613783134388412,1.1142959127683512,0.6524004470470735,0.7613783134388412,0.7428639418455675,0.28607227644420996,0.39314516129032256,0.3889230769230769,100.0,100.0,5702,8512,6690,85,5,6632,0.014907050157839354,5.87406015037594E-4,0.9913303437967115,0.55,0.1,0.4,0.1,90.0,50.0,55.0,0.55,0.1,0.5,0.1,95.0,60.0,65.0,2498,1653,845,2498,0.33827061649319456,1.136695047264819,1.5,0.7577966981765459,662,0.40048396854204477,1.0,1
"iteration_5","SCOPE_DATA_COLLECTION",1800,57,3490.0,3550.0,0,11032,7519,2498,11127,7306,2471,7328,4993,1656,3712,2526,845,0.336231884057971,0.33594892937890675,0.33786485405837663,0.3202794708844821,0.7551943723791803,1.1323630884595082,0.6405589417689642,0.7551943723791803,0.7549087256396722,0.2725163755458515,0.38754255958341677,0.39855072463768115,97.5,100.0,5579,8503,6967,107,9,6967,0.019179064348449543,0.001058449958838057,1.0,0.55,0.1,0.5,0.1,95.0,60.0,65.0,0.15000000000000002,0.4,0.6000000000000001,0.7000000000000001,40.0,70.0,20.0,11120,4291,6829,11120,0.6141187050359712,0.5824305661755971,0.5,1.1648611323511942,2670,0.6222325798182242,1.0,1
"iteration_5","SCOPE_DATA_COLLECTION",1800,57,3490.0,3550.0,1,11032,7519,2498,11127,7306,2471,7328,4993,1656,3712,2526,845,0.336231884057971,0.33594892937890675,0.33786485405837663,0.3202794708844821,0.7551943723791803,1.1323630884595082,0.6405589417689642,0.7551943723791803,0.7549087256396722,0.2725163755458515,0.38754255958341677,0.39855072463768115,97.5,100.0,5579,8503,6967,107,9,6967,0.019179064348449543,0.001058449958838057,1.0,0.55,0.1,0.5,0.1,95.0,60.0,65.0,0.15000000000000002,0.4,0.6000000000000001,0.7000000000000001,40.0,70.0,20.0,7328,2709,4619,7328,0.6303220524017468,1.2225414957677943,1.0,1.2225414957677943,1946,0.7183462532299741,1.0,1
"iteration_5","SCOPE_DATA_COLLECTION",1800,57,3490.0,3550.0,2,11032,7519,2498,11127,7306,2471,7328,4993,1656,3712,2526,845,0.336231884057971,0.33594892937890675,0.33786485405837663,0.3202794708844821,0.7551943723791803,1.1323630884595082,0.6405589417689642,0.7551943723791803,0.7549087256396722,0.2725163755458515,0.38754255958341677,0.39855072463768115,97.5,100.0,5579,8503,6967,107,9,6967,0.019179064348449543,0.001058449958838057,1.0,0.55,0.1,0.5,0.1,95.0,60.0,65.0,0.15000000000000002,0.4,0.6000000000000001,0.7000000000000001,40.0,70.0,20.0,2568,881,1687,2568,0.6569314641744548,1.7268909033116981,1.5,1.1512606022077987,590,0.6696935300794552,1.0,1
"iteration_5","SCOPE_DATA_COLLECTION",1800,58,3550.0,3619.2601004714106,0,11120,7328,2568,11032,7519,2498,4283,2701,885,6829,4619,1686,0.6145608351331894,0.6310109289617486,0.6557759626604434,0.5802108784850927,1.215907555686406,1.7276883540547072,1.1604217569701853,1.215907555686406,1.1517922360364714,0.6203595610553351,0.7152906330988523,0.672316384180791,100.0,100.0,5942,2194,12880,252,2,12880,0.04240996297542915,9.115770282588879E-4,1.0,0.15000000000000002,0.4,0.6000000000000001,0.7000000000000001,40.0,70.0,20.0,0.15000000000000002,0.5,0.6000000000000001,0.8,30.0,60.0,20.0,9258,3469,5736,9205,0.623139598044541,0.5933342780471325,0.5,1.186668556094265,2156,0.6215047564139522,0.9942752214301145,0
"iteration_5","SCOPE_DATA_COLLECTION",1800,58,3550.0,3619.2601004714106,1,11120,7328,2568,11032,7519,2498,4283,2701,885,6829,4619,1686,0.6145608351331894,0.6310109289617486,0.6557759626604434,0.5802108784850927,1.215907555686406,1.7276883540547072,1.1604217569701853,1.215907555686406,1.1517922360364714,0.6203595610553351,0.7152906330988523,0.672316384180791,100.0,100.0,5942,2194,12880,252,2,12880,0.04240996297542915,9.115770282588879E-4,1.0,0.15000000000000002,0.4,0.6000000000000001,0.7000000000000001,40.0,70.0,20.0,0.15000000000000002,0.5,0.6000000000000001,0.8,30.0,60.0,20.0,6312,2306,3941,6247,0.6308628141507924,1.2044018686303488,1.0,1.2044018686303488,1568,0.6799653078924545,0.989702154626109,0
"iteration_5","SCOPE_DATA_COLLECTION",1800,58,3550.0,3619.2601004714106,2,11120,7328,2568,11032,7519,2498,4283,2701,885,6829,4619,1686,0.6145608351331894,0.6310109289617486,0.6557759626604434,0.5802108784850927,1.215907555686406,1.7276883540547072,1.1604217569701853,1.215907555686406,1.1517922360364714,0.6203595610553351,0.7152906330988523,0.672316384180791,100.0,100.0,5942,2194,12880,252,2,12880,0.04240996297542915,9.115770282588879E-4,1.0,0.15000000000000002,0.4,0.6000000000000001,0.7000000000000001,40.0,70.0,20.0,0.15000000000000002,0.5,0.6000000000000001,0.8,30.0,60.0,20.0,2129,712,1401,2113,0.6630383341221012,1.7970992219929531,1.5,1.198066147995302,493,0.6924157303370787,0.9924847346171912,0
